{
  "field" : "golden",
  "symmetry" : "icosahedral",
  "orientations" : [ [ 1.0, 0.0, 0.0, 0.0, 0.0, 1.0, 0.0, 0.0, 0.0, 0.0, 1.0, 0.0, 0.0, 0.0, 0.0, 1.0 ], [ 0.0, 0.0, 1.0, 0.0, 1.0, 0.0, 0.0, 0.0, 0.0, 1.0, 0.0, 0.0, 0.0, 0.0, 0.0, 1.0 ], [ 0.0, 1.0, 0.0, 0.0, 0.0, 0.0, 1.0, 0.0, 1.0, 0.0, 0.0, 0.0, 0.0, 0.0, 0.0, 1.0 ], [ 0.809017, 0.309017, 0.5, 0.0, 0.309017, 0.5, -0.809017, 0.0, -0.5, 0.809017, 0.309017, 0.0, 0.0, 0.0, 0.0, 1.0 ], [ -0.5, 0.809017, 0.309017, 0.0, 0.809017, 0.309017, 0.5, 0.0, 0.309017, 0.5, -0.809017, 0.0, 0.0, 0.0, 0.0, 1.0 ], [ 0.309017, 0.5, -0.809017, 0.0, -0.5, 0.809017, 0.309017, 0.0, 0.809017, 0.309017, 0.5, 0.0, 0.0, 0.0, 0.0, 1.0 ], [ 0.5, 0.809017, 0.309017, 0.0, 0.809017, -0.309017, -0.5, 0.0, -0.309017, 0.5, -0.809017, 0.0, 0.0, 0.0, 0.0, 1.0 ], [ -0.309017, 0.5, -0.809017, 0.0, 0.5, 0.809017, 0.309017, 0.0, 0.809017, -0.309017, -0.5, 0.0, 0.0, 0.0, 0.0, 1.0 ], [ 0.809017, -0.309017, -0.5, 0.0, -0.309017, 0.5, -0.809017, 0.0, 0.5, 0.809017, 0.309017, 0.0, 0.0, 0.0, 0.0, 1.0 ], [ 0.5, 0.809017, -0.309017, 0.0, 0.809017, -0.309017, 0.5, 0.0, 0.309017, -0.5, -0.809017, 0.0, 0.0, 0.0, 0.0, 1.0 ], [ 0.309017, -0.5, -0.809017, 0.0, 0.5, 0.809017, -0.309017, 0.0, 0.809017, -0.309017, 0.5, 0.0, 0.0, 0.0, 0.0, 1.0 ], [ 0.809017, -0.309017, 0.5, 0.0, 0.309017, -0.5, -0.809017, 0.0, 0.5, 0.809017, -0.309017, 0.0, 0.0, 0.0, 0.0, 1.0 ], [ 0.809017, 0.309017, -0.5, 0.0, 0.309017, 0.5, 0.809017, 0.0, 0.5, -0.809017, 0.309017, 0.0, 0.0, 0.0, 0.0, 1.0 ], [ 0.5, -0.809017, 0.309017, 0.0, 0.809017, 0.309017, -0.5, 0.0, 0.309017, 0.5, 0.809017, 0.0, 0.0, 0.0, 0.0, 1.0 ], [ 0.309017, 0.5, 0.809017, 0.0, 0.5, -0.809017, 0.309017, 0.0, 0.809017, 0.309017, -0.5, 0.0, 0.0, 0.0, 0.0, 1.0 ], [ 1.0, 0.0, 0.0, 0.0, 0.0, -1.0, 0.0, 0.0, 0.0, 0.0, -1.0, 0.0, 0.0, 0.0, 0.0, 1.0 ], [ 0.0, 0.0, 1.0, 0.0, -1.0, 0.0, 0.0, 0.0, 0.0, -1.0, 0.0, 0.0, 0.0, 0.0, 0.0, 1.0 ], [ 0.0, 1.0, 0.0, 0.0, 0.0, 0.0, -1.0, 0.0, -1.0, 0.0, 0.0, 0.0, 0.0, 0.0, 0.0, 1.0 ], [ 0.809017, 0.309017, 0.5, 0.0, -0.309017, -0.5, 0.809017, 0.0, 0.5, -0.809017, -0.309017, 0.0, 0.0, 0.0, 0.0, 1.0 ], [ -0.5, 0.809017, 0.309017, 0.0, -0.809017, -0.309017, -0.5, 0.0, -0.309017, -0.5, 0.809017, 0.0, 0.0, 0.0, 0.0, 1.0 ], [ 0.309017, 0.5, -0.809017, 0.0, 0.5, -0.809017, -0.309017, 0.0, -0.809017, -0.309017, -0.5, 0.0, 0.0, 0.0, 0.0, 1.0 ], [ 0.5, 0.809017, 0.309017, 0.0, -0.809017, 0.309017, 0.5, 0.0, 0.309017, -0.5, 0.809017, 0.0, 0.0, 0.0, 0.0, 1.0 ], [ -0.309017, 0.5, -0.809017, 0.0, -0.5, -0.809017, -0.309017, 0.0, -0.809017, 0.309017, 0.5, 0.0, 0.0, 0.0, 0.0, 1.0 ], [ 0.809017, -0.309017, -0.5, 0.0, 0.309017, -0.5, 0.809017, 0.0, -0.5, -0.809017, -0.309017, 0.0, 0.0, 0.0, 0.0, 1.0 ], [ 0.5, 0.809017, -0.309017, 0.0, -0.809017, 0.309017, -0.5, 0.0, -0.309017, 0.5, 0.809017, 0.0, 0.0, 0.0, 0.0, 1.0 ], [ 0.309017, -0.5, -0.809017, 0.0, -0.5, -0.809017, 0.309017, 0.0, -0.809017, 0.309017, -0.5, 0.0, 0.0, 0.0, 0.0, 1.0 ], [ 0.809017, -0.309017, 0.5, 0.0, -0.309017, 0.5, 0.809017, 0.0, -0.5, -0.809017, 0.309017, 0.0, 0.0, 0.0, 0.0, 1.0 ], [ 0.809017, 0.309017, -0.5, 0.0, -0.309017, -0.5, -0.809017, 0.0, -0.5, 0.809017, -0.309017, 0.0, 0.0, 0.0, 0.0, 1.0 ], [ 0.5, -0.809017, 0.309017, 0.0, -0.809017, -0.309017, 0.5, 0.0, -0.309017, -0.5, -0.809017, 0.0, 0.0, 0.0, 0.0, 1.0 ], [ 0.309017, 0.5, 0.809017, 0.0, -0.5, 0.809017, -0.309017, 0.0, -0.809017, -0.309017, 0.5, 0.0, 0.0, 0.0, 0.0, 1.0 ], [ -1.0, 0.0, 0.0, 0.0, 0.0, -1.0, 0.0, 0.0, 0.0, 0.0, 1.0, 0.0, 0.0, 0.0, 0.0, 1.0 ], [ 0.0, 0.0, -1.0, 0.0, -1.0, 0.0, 0.0, 0.0, 0.0, 1.0, 0.0, 0.0, 0.0, 0.0, 0.0, 1.0 ], [ 0.0, -1.0, 0.0, 0.0, 0.0, 0.0, -1.0, 0.0, 1.0, 0.0, 0.0, 0.0, 0.0, 0.0, 0.0, 1.0 ], [ -0.809017, -0.309017, -0.5, 0.0, -0.309017, -0.5, 0.809017, 0.0, -0.5, 0.809017, 0.309017, 0.0, 0.0, 0.0, 0.0, 1.0 ], [ 0.5, -0.809017, -0.309017, 0.0, -0.809017, -0.309017, -0.5, 0.0, 0.309017, 0.5, -0.809017, 0.0, 0.0, 0.0, 0.0, 1.0 ], [ -0.309017, -0.5, 0.809017, 0.0, 0.5, -0.809017, -0.309017, 0.0, 0.809017, 0.309017, 0.5, 0.0, 0.0, 0.0, 0.0, 1.0 ], [ -0.5, -0.809017, -0.309017, 0.0, -0.809017, 0.309017, 0.5, 0.0, -0.309017, 0.5, -0.809017, 0.0, 0.0, 0.0, 0.0, 1.0 ], [ 0.309017, -0.5, 0.809017, 0.0, -0.5, -0.809017, -0.309017, 0.0, 0.809017, -0.309017, -0.5, 0.0, 0.0, 0.0, 0.0, 1.0 ], [ -0.809017, 0.309017, 0.5, 0.0, 0.309017, -0.5, 0.809017, 0.0, 0.5, 0.809017, 0.309017, 0.0, 0.0, 0.0, 0.0, 1.0 ], [ -0.5, -0.809017, 0.309017, 0.0, -0.809017, 0.309017, -0.5, 0.0, 0.309017, -0.5, -0.809017, 0.0, 0.0, 0.0, 0.0, 1.0 ], [ -0.309017, 0.5, 0.809017, 0.0, -0.5, -0.809017, 0.309017, 0.0, 0.809017, -0.309017, 0.5, 0.0, 0.0, 0.0, 0.0, 1.0 ], [ -0.809017, 0.309017, -0.5, 0.0, -0.309017, 0.5, 0.809017, 0.0, 0.5, 0.809017, -0.309017, 0.0, 0.0, 0.0, 0.0, 1.0 ], [ -0.809017, -0.309017, 0.5, 0.0, -0.309017, -0.5, -0.809017, 0.0, 0.5, -0.809017, 0.309017, 0.0, 0.0, 0.0, 0.0, 1.0 ], [ -0.5, 0.809017, -0.309017, 0.0, -0.809017, -0.309017, 0.5, 0.0, 0.309017, 0.5, 0.809017, 0.0, 0.0, 0.0, 0.0, 1.0 ], [ -0.309017, -0.5, -0.809017, 0.0, -0.5, 0.809017, -0.309017, 0.0, 0.809017, 0.309017, -0.5, 0.0, 0.0, 0.0, 0.0, 1.0 ], [ -1.0, 0.0, 0.0, 0.0, 0.0, 1.0, 0.0, 0.0, 0.0, 0.0, -1.0, 0.0, 0.0, 0.0, 0.0, 1.0 ], [ 0.0, 0.0, -1.0, 0.0, 1.0, 0.0, 0.0, 0.0, 0.0, -1.0, 0.0, 0.0, 0.0, 0.0, 0.0, 1.0 ], [ 0.0, -1.0, 0.0, 0.0, 0.0, 0.0, 1.0, 0.0, -1.0, 0.0, 0.0, 0.0, 0.0, 0.0, 0.0, 1.0 ], [ -0.809017, -0.309017, -0.5, 0.0, 0.309017, 0.5, -0.809017, 0.0, 0.5, -0.809017, -0.309017, 0.0, 0.0, 0.0, 0.0, 1.0 ], [ 0.5, -0.809017, -0.309017, 0.0, 0.809017, 0.309017, 0.5, 0.0, -0.309017, -0.5, 0.809017, 0.0, 0.0, 0.0, 0.0, 1.0 ], [ -0.309017, -0.5, 0.809017, 0.0, -0.5, 0.809017, 0.309017, 0.0, -0.809017, -0.309017, -0.5, 0.0, 0.0, 0.0, 0.0, 1.0 ], [ -0.5, -0.809017, -0.309017, 0.0, 0.809017, -0.309017, -0.5, 0.0, 0.309017, -0.5, 0.809017, 0.0, 0.0, 0.0, 0.0, 1.0 ], [ 0.309017, -0.5, 0.809017, 0.0, 0.5, 0.809017, 0.309017, 0.0, -0.809017, 0.309017, 0.5, 0.0, 0.0, 0.0, 0.0, 1.0 ], [ -0.809017, 0.309017, 0.5, 0.0, -0.309017, 0.5, -0.809017, 0.0, -0.5, -0.809017, -0.309017, 0.0, 0.0, 0.0, 0.0, 1.0 ], [ -0.5, -0.809017, 0.309017, 0.0, 0.809017, -0.309017, 0.5, 0.0, -0.309017, 0.5, 0.809017, 0.0, 0.0, 0.0, 0.0, 1.0 ], [ -0.309017, 0.5, 0.809017, 0.0, 0.5, 0.809017, -0.309017, 0.0, -0.809017, 0.309017, -0.5, 0.0, 0.0, 0.0, 0.0, 1.0 ], [ -0.809017, 0.309017, -0.5, 0.0, 0.309017, -0.5, -0.809017, 0.0, -0.5, -0.809017, 0.309017, 0.0, 0.0, 0.0, 0.0, 1.0 ], [ -0.809017, -0.309017, 0.5, 0.0, 0.309017, 0.5, 0.809017, 0.0, -0.5, 0.809017, -0.309017, 0.0, 0.0, 0.0, 0.0, 1.0 ], [ -0.5, 0.809017, -0.309017, 0.0, 0.809017, 0.309017, -0.5, 0.0, -0.309017, -0.5, -0.809017, 0.0, 0.0, 0.0, 0.0, 1.0 ], [ -0.309017, -0.5, -0.809017, 0.0, 0.5, -0.809017, 0.309017, 0.0, -0.809017, -0.309017, 0.5, 0.0, 0.0, 0.0, 0.0, 1.0 ] ],
  "lights" : {
    "ambientColor" : "#292929",
    "backgroundColor" : "#E0EFFF",
    "directionalLights" : [ {
      "direction" : {
        "x" : 1.0,
        "y" : -1.0,
        "z" : -1.0
      },
      "color" : "#EBEBE4"
    }, {
      "direction" : {
        "x" : -1.0,
        "y" : 0.0,
        "z" : 0.0
      },
      "color" : "#E4E4EB"
    }, {
      "direction" : {
        "x" : 0.0,
        "y" : 0.0,
        "z" : -1.0
      },
      "color" : "#1E1E1E"
    } ]
  },
  "camera" : {
    "stereo" : false,
    "width" : 237.54854,
    "perspective" : false,
    "lookDirection" : {
      "x" : -0.5,
      "y" : -0.809017,
      "z" : -0.309017
    },
    "upDirection" : {
      "x" : 0.0,
      "y" : -0.3568221,
      "z" : 0.93417233
    },
    "lookAtPoint" : {
      "x" : 0.0,
      "y" : 0.0,
      "z" : 0.0
    },
    "viewDistance" : 527.8855,
    "nearClipDistance" : 1.3197143,
    "farClipDistance" : 1055.7703,
    "fieldOfView" : 0.44262898,
    "position" : {
      "x" : 263.94275,
      "y" : 427.06833,
      "z" : 163.1256
    }
  },
  "embedding" : [ 1.0, 0.0, 0.0, 0.0, 0.0, 1.0, 0.0, 0.0, 0.0, 0.0, 1.0, 0.0, 0.0, 0.0, 0.0, 1.0 ],
  "shapes" : [ {
    "id" : "fa496b20-22c9-4b55-880e-1c7b82208021",
    "vertices" : [ {
      "x" : 0.0,
      "y" : 22.18034,
      "z" : 8.472136
    }, {
      "x" : 4.236068,
      "y" : 15.326238,
      "z" : 11.09017
    }, {
      "x" : 11.09017,
      "y" : 12.708204,
      "z" : 15.326238
    }, {
      "x" : 6.854102,
      "y" : 19.562305,
      "z" : 12.708204
    } ],
    "faces" : [ {
      "vertices" : [ 0, 1, 2 ]
    }, {
      "vertices" : [ 0, 2, 3 ]
    }, {
      "vertices" : [ 0, 3, 2 ]
    }, {
      "vertices" : [ 0, 2, 1 ]
    } ]
  }, {
    "id" : "47f9d73d-6546-4734-a2ea-a07086c51e90",
    "vertices" : [ {
      "x" : 0.0,
      "y" : -18.944271,
      "z" : 13.708204
    }, {
      "x" : -4.236068,
      "y" : -25.798374,
      "z" : 16.326239
    }, {
      "x" : -6.854102,
      "y" : -21.562305,
      "z" : 23.18034
    }, {
      "x" : -2.618034,
      "y" : -14.708204,
      "z" : 20.562305
    } ],
    "faces" : [ {
      "vertices" : [ 0, 1, 2 ]
    }, {
      "vertices" : [ 0, 2, 3 ]
    }, {
      "vertices" : [ 0, 3, 2 ]
    }, {
      "vertices" : [ 0, 2, 1 ]
    } ]
  }, {
    "id" : "11e4c6eb-c8ff-48c8-9b87-e43d2ad7ecf9",
    "vertices" : [ {
      "x" : 0.309017,
      "y" : -0.309017,
      "z" : -0.309017
    }, {
      "x" : 0.5,
      "y" : 0.0,
      "z" : -0.19098301
    }, {
      "x" : 0.5,
      "y" : 0.0,
      "z" : 0.19098301
    }, {
      "x" : 0.309017,
      "y" : -0.309017,
      "z" : 0.309017
    }, {
      "x" : 0.19098301,
      "y" : -0.5,
      "z" : 0.0
    }, {
      "x" : 0.0,
      "y" : 0.19098301,
      "z" : 0.5
    }, {
      "x" : 0.0,
      "y" : -0.19098301,
      "z" : 0.5
    }, {
      "x" : 0.309017,
      "y" : 0.309017,
      "z" : 0.309017
    }, {
      "x" : -0.309017,
      "y" : -0.309017,
      "z" : 0.309017
    }, {
      "x" : -0.309017,
      "y" : 0.309017,
      "z" : 0.309017
    }, {
      "x" : -0.5,
      "y" : 0.0,
      "z" : 0.19098301
    }, {
      "x" : 0.0,
      "y" : -0.19098301,
      "z" : -0.5
    }, {
      "x" : 0.0,
      "y" : 0.19098301,
      "z" : -0.5
    }, {
      "x" : 0.309017,
      "y" : 0.309017,
      "z" : -0.309017
    }, {
      "x" : -0.309017,
      "y" : -0.309017,
      "z" : -0.309017
    }, {
      "x" : -0.19098301,
      "y" : -0.5,
      "z" : 0.0
    }, {
      "x" : -0.5,
      "y" : 0.0,
      "z" : -0.19098301
    }, {
      "x" : 0.19098301,
      "y" : 0.5,
      "z" : 0.0
    }, {
      "x" : -0.309017,
      "y" : 0.309017,
      "z" : -0.309017
    }, {
      "x" : 0.0,
      "y" : 0.0,
      "z" : 0.0
    }, {
      "x" : -0.19098301,
      "y" : 0.5,
      "z" : 0.0
    } ],
    "faces" : [ {
      "vertices" : [ 12, 18, 20 ]
    }, {
      "vertices" : [ 12, 20, 17 ]
    }, {
      "vertices" : [ 12, 17, 13 ]
    }, {
      "vertices" : [ 3, 6, 8 ]
    }, {
      "vertices" : [ 3, 8, 15 ]
    }, {
      "vertices" : [ 3, 15, 4 ]
    }, {
      "vertices" : [ 0, 11, 12 ]
    }, {
      "vertices" : [ 0, 12, 13 ]
    }, {
      "vertices" : [ 0, 13, 1 ]
    }, {
      "vertices" : [ 5, 9, 10 ]
    }, {
      "vertices" : [ 5, 10, 8 ]
    }, {
      "vertices" : [ 5, 8, 6 ]
    }, {
      "vertices" : [ 2, 7, 5 ]
    }, {
      "vertices" : [ 2, 5, 6 ]
    }, {
      "vertices" : [ 2, 6, 3 ]
    }, {
      "vertices" : [ 11, 14, 16 ]
    }, {
      "vertices" : [ 11, 16, 18 ]
    }, {
      "vertices" : [ 11, 18, 12 ]
    }, {
      "vertices" : [ 1, 13, 17 ]
    }, {
      "vertices" : [ 1, 17, 7 ]
    }, {
      "vertices" : [ 1, 7, 2 ]
    }, {
      "vertices" : [ 9, 20, 18 ]
    }, {
      "vertices" : [ 9, 18, 16 ]
    }, {
      "vertices" : [ 9, 16, 10 ]
    }, {
      "vertices" : [ 0, 1, 2 ]
    }, {
      "vertices" : [ 0, 2, 3 ]
    }, {
      "vertices" : [ 0, 3, 4 ]
    }, {
      "vertices" : [ 5, 7, 17 ]
    }, {
      "vertices" : [ 5, 17, 20 ]
    }, {
      "vertices" : [ 5, 20, 9 ]
    }, {
      "vertices" : [ 0, 4, 15 ]
    }, {
      "vertices" : [ 0, 15, 14 ]
    }, {
      "vertices" : [ 0, 14, 11 ]
    }, {
      "vertices" : [ 8, 10, 16 ]
    }, {
      "vertices" : [ 8, 16, 14 ]
    }, {
      "vertices" : [ 8, 14, 15 ]
    } ]
  }, {
    "id" : "ab0063e0-3515-4249-960a-a4799cef217a",
    "vertices" : [ {
      "x" : 1.0,
      "y" : 0.309017,
      "z" : 0.19098301
    }, {
      "x" : 1.0,
      "y" : -0.309017,
      "z" : 0.19098301
    }, {
      "x" : 7.472136,
      "y" : -0.309017,
      "z" : 0.19098301
    }, {
      "x" : 7.472136,
      "y" : 0.309017,
      "z" : 0.19098301
    }, {
      "x" : 7.472136,
      "y" : -0.309017,
      "z" : -0.19098301
    }, {
      "x" : 7.472136,
      "y" : 0.309017,
      "z" : -0.19098301
    }, {
      "x" : 8.09017,
      "y" : 0.0,
      "z" : 0.0
    }, {
      "x" : 0.38196602,
      "y" : 0.0,
      "z" : 0.0
    }, {
      "x" : 1.0,
      "y" : 0.309017,
      "z" : -0.19098301
    }, {
      "x" : 1.0,
      "y" : -0.309017,
      "z" : -0.19098301
    }, {
      "x" : 8.472136,
      "y" : 0.0,
      "z" : 0.0
    } ],
    "faces" : [ {
      "vertices" : [ 1, 9, 4 ]
    }, {
      "vertices" : [ 1, 4, 2 ]
    }, {
      "vertices" : [ 0, 3, 5 ]
    }, {
      "vertices" : [ 0, 5, 8 ]
    }, {
      "vertices" : [ 1, 7, 9 ]
    }, {
      "vertices" : [ 0, 1, 2 ]
    }, {
      "vertices" : [ 0, 2, 3 ]
    }, {
      "vertices" : [ 7, 8, 9 ]
    }, {
      "vertices" : [ 0, 7, 1 ]
    }, {
      "vertices" : [ 4, 9, 8 ]
    }, {
      "vertices" : [ 4, 8, 5 ]
    }, {
      "vertices" : [ 2, 6, 3 ]
    }, {
      "vertices" : [ 2, 4, 6 ]
    }, {
      "vertices" : [ 3, 6, 5 ]
    }, {
      "vertices" : [ 4, 5, 6 ]
    }, {
      "vertices" : [ 0, 8, 7 ]
    } ]
  }, {
    "id" : "e33ed785-a2ae-48c8-bc89-112ea12b127e",
    "vertices" : [ {
      "x" : -13.708204,
      "y" : 10.472136,
      "z" : -27.416409
    }, {
      "x" : -17.944271,
      "y" : 17.326239,
      "z" : -30.034441
    }, {
      "x" : -11.09017,
      "y" : 19.944271,
      "z" : -34.27051
    }, {
      "x" : -6.854102,
      "y" : 13.09017,
      "z" : -31.652475
    } ],
    "faces" : [ {
      "vertices" : [ 0, 1, 2 ]
    }, {
      "vertices" : [ 0, 2, 3 ]
    }, {
      "vertices" : [ 0, 3, 2 ]
    }, {
      "vertices" : [ 0, 2, 1 ]
    } ]
  }, {
    "id" : "8385b80b-26cb-4b8b-b29b-5eaea16cd22d",
    "vertices" : [ {
      "x" : 30.034441,
      "y" : 1.0,
      "z" : -20.562305
    }, {
      "x" : 34.27051,
      "y" : -5.854102,
      "z" : -17.944271
    }, {
      "x" : 31.652475,
      "y" : -1.618034,
      "z" : -11.09017
    }, {
      "x" : 27.416409,
      "y" : 5.236068,
      "z" : -13.708204
    } ],
    "faces" : [ {
      "vertices" : [ 0, 1, 2 ]
    }, {
      "vertices" : [ 0, 2, 3 ]
    }, {
      "vertices" : [ 0, 3, 2 ]
    }, {
      "vertices" : [ 0, 2, 1 ]
    } ]
  }, {
    "id" : "4ef869bc-9bf2-44f4-a9d5-fe4b6c8b98a7",
    "vertices" : [ {
      "x" : 20.562305,
      "y" : -0.618034,
      "z" : -31.652475
    }, {
      "x" : 16.326239,
      "y" : -7.472136,
      "z" : -29.034441
    }, {
      "x" : 20.562305,
      "y" : -14.326238,
      "z" : -26.416409
    }, {
      "x" : 24.798374,
      "y" : -7.472136,
      "z" : -29.034441
    } ],
    "faces" : [ {
      "vertices" : [ 0, 1, 2 ]
    }, {
      "vertices" : [ 0, 2, 3 ]
    }, {
      "vertices" : [ 0, 3, 2 ]
    }, {
      "vertices" : [ 0, 2, 1 ]
    } ]
  }, {
    "id" : "f4ef57c0-75c5-4b03-85db-7da1837e5542",
    "vertices" : [ {
      "x" : 0.0,
      "y" : 7.236068,
      "z" : -49.59675
    }, {
      "x" : -4.236068,
      "y" : 14.09017,
      "z" : -52.214783
    }, {
      "x" : 0.0,
      "y" : 20.944271,
      "z" : -54.832817
    }, {
      "x" : 4.236068,
      "y" : 14.09017,
      "z" : -52.214783
    } ],
    "faces" : [ {
      "vertices" : [ 0, 1, 2 ]
    }, {
      "vertices" : [ 0, 2, 3 ]
    }, {
      "vertices" : [ 0, 3, 2 ]
    }, {
      "vertices" : [ 0, 2, 1 ]
    } ]
  }, {
    "id" : "1c8bb2b1-8650-4d69-a1ff-e700810f96bc",
    "vertices" : [ {
      "x" : 0.0,
      "y" : 10.472136,
      "z" : -27.416409
    }, {
      "x" : 4.236068,
      "y" : 17.326239,
      "z" : -30.034441
    }, {
      "x" : 11.09017,
      "y" : 19.944271,
      "z" : -34.27051
    }, {
      "x" : 6.854102,
      "y" : 13.09017,
      "z" : -31.652475
    } ],
    "faces" : [ {
      "vertices" : [ 0, 1, 2 ]
    }, {
      "vertices" : [ 0, 2, 3 ]
    }, {
      "vertices" : [ 0, 3, 2 ]
    }, {
      "vertices" : [ 0, 2, 1 ]
    } ]
  }, {
    "id" : "45828ada-5074-4e28-b01a-e1941b1e4ed9",
    "vertices" : [ {
      "x" : 0.0,
      "y" : -18.944271,
      "z" : 13.708204
    }, {
      "x" : -2.618034,
      "y" : -14.708204,
      "z" : 20.562305
    }, {
      "x" : 0.0,
      "y" : -10.472136,
      "z" : 27.416409
    }, {
      "x" : 2.618034,
      "y" : -14.708204,
      "z" : 20.562305
    } ],
    "faces" : [ {
      "vertices" : [ 0, 1, 2 ]
    }, {
      "vertices" : [ 0, 2, 3 ]
    }, {
      "vertices" : [ 0, 3, 2 ]
    }, {
      "vertices" : [ 0, 2, 1 ]
    } ]
  }, {
    "id" : "f992f1f3-4a6c-4b00-b730-98d7a8d552d2",
    "vertices" : [ {
      "x" : -6.854102,
      "y" : -5.854102,
      "z" : -17.944271
    }, {
      "x" : 0.0,
      "y" : -8.472136,
      "z" : -13.708204
    }, {
      "x" : -4.236068,
      "y" : -15.326238,
      "z" : -11.09017
    }, {
      "x" : -11.09017,
      "y" : -12.708204,
      "z" : -15.326238
    } ],
    "faces" : [ {
      "vertices" : [ 0, 1, 2 ]
    }, {
      "vertices" : [ 0, 2, 3 ]
    }, {
      "vertices" : [ 0, 3, 2 ]
    }, {
      "vertices" : [ 0, 2, 1 ]
    } ]
  }, {
    "id" : "4f147a05-1314-4f10-bf68-fbb323a087a5",
    "vertices" : [ {
      "x" : -11.09017,
      "y" : -1.0,
      "z" : 20.562305
    }, {
      "x" : -6.854102,
      "y" : -7.854102,
      "z" : 23.18034
    }, {
      "x" : -13.708204,
      "y" : -10.472136,
      "z" : 27.416409
    }, {
      "x" : -17.944271,
      "y" : -3.618034,
      "z" : 24.798374
    } ],
    "faces" : [ {
      "vertices" : [ 0, 1, 2 ]
    }, {
      "vertices" : [ 0, 2, 3 ]
    }, {
      "vertices" : [ 0, 3, 2 ]
    }, {
      "vertices" : [ 0, 2, 1 ]
    } ]
  }, {
    "id" : "b9c26890-7574-4d58-9748-ac745761b36b",
    "vertices" : [ {
      "x" : 0.0,
      "y" : -22.18034,
      "z" : -8.472136
    }, {
      "x" : -4.236068,
      "y" : -29.034441,
      "z" : -5.854102
    }, {
      "x" : 0.0,
      "y" : -35.888542,
      "z" : -3.236068
    }, {
      "x" : 4.236068,
      "y" : -29.034441,
      "z" : -5.854102
    } ],
    "faces" : [ {
      "vertices" : [ 0, 1, 2 ]
    }, {
      "vertices" : [ 0, 2, 3 ]
    }, {
      "vertices" : [ 0, 3, 2 ]
    }, {
      "vertices" : [ 0, 2, 1 ]
    } ]
  }, {
    "id" : "3bcbd2bc-f5bc-4837-8a0a-9aec8bec5a58",
    "vertices" : [ {
      "x" : -16.326239,
      "y" : -14.708204,
      "z" : 20.562305
    }, {
      "x" : -20.562305,
      "y" : -21.562305,
      "z" : 23.18034
    }, {
      "x" : -17.944271,
      "y" : -17.326239,
      "z" : 30.034441
    }, {
      "x" : -13.708204,
      "y" : -10.472136,
      "z" : 27.416409
    } ],
    "faces" : [ {
      "vertices" : [ 0, 1, 2 ]
    }, {
      "vertices" : [ 0, 2, 3 ]
    }, {
      "vertices" : [ 0, 3, 2 ]
    }, {
      "vertices" : [ 0, 2, 1 ]
    } ]
  }, {
    "id" : "cdd505c0-2ac2-4382-a483-7ead3616af78",
    "vertices" : [ {
      "x" : 6.854102,
      "y" : -2.618034,
      "z" : 4.236068
    }, {
      "x" : 11.09017,
      "y" : -9.472136,
      "z" : 6.854102
    }, {
      "x" : 17.944271,
      "y" : -6.854102,
      "z" : 2.618034
    }, {
      "x" : 13.708204,
      "y" : 0.0,
      "z" : 0.0
    } ],
    "faces" : [ {
      "vertices" : [ 0, 1, 2 ]
    }, {
      "vertices" : [ 0, 2, 3 ]
    }, {
      "vertices" : [ 0, 3, 2 ]
    }, {
      "vertices" : [ 0, 2, 1 ]
    } ]
  }, {
    "id" : "1b31af70-7a56-4372-86de-f9645f1f1696",
    "vertices" : [ {
      "x" : 27.416409,
      "y" : 22.18034,
      "z" : 8.472136
    }, {
      "x" : 34.27051,
      "y" : 19.562305,
      "z" : 12.708204
    }, {
      "x" : 41.12461,
      "y" : 22.18034,
      "z" : 8.472136
    }, {
      "x" : 34.27051,
      "y" : 24.798374,
      "z" : 4.236068
    } ],
    "faces" : [ {
      "vertices" : [ 0, 1, 2 ]
    }, {
      "vertices" : [ 0, 2, 3 ]
    }, {
      "vertices" : [ 0, 3, 2 ]
    }, {
      "vertices" : [ 0, 2, 1 ]
    } ]
  }, {
    "id" : "2b9bcfb5-feb3-4428-a83c-18944c6dc630",
    "vertices" : [ {
      "x" : 20.562305,
      "y" : -11.09017,
      "z" : -4.236068
    }, {
      "x" : 24.798374,
      "y" : -17.944271,
      "z" : -1.618034
    }, {
      "x" : 31.652475,
      "y" : -20.562305,
      "z" : 2.618034
    }, {
      "x" : 27.416409,
      "y" : -13.708204,
      "z" : 0.0
    } ],
    "faces" : [ {
      "vertices" : [ 0, 1, 2 ]
    }, {
      "vertices" : [ 0, 2, 3 ]
    }, {
      "vertices" : [ 0, 3, 2 ]
    }, {
      "vertices" : [ 0, 2, 1 ]
    } ]
  }, {
    "id" : "a8d4e7c8-6303-4bdb-8f2e-5cda891ea267",
    "vertices" : [ {
      "x" : 0.0,
      "y" : 25.416409,
      "z" : 30.652475
    }, {
      "x" : 4.236068,
      "y" : 18.562305,
      "z" : 33.27051
    }, {
      "x" : 0.0,
      "y" : 11.708204,
      "z" : 35.888542
    }, {
      "x" : -4.236068,
      "y" : 18.562305,
      "z" : 33.27051
    } ],
    "faces" : [ {
      "vertices" : [ 0, 1, 2 ]
    }, {
      "vertices" : [ 0, 2, 3 ]
    }, {
      "vertices" : [ 0, 3, 2 ]
    }, {
      "vertices" : [ 0, 2, 1 ]
    } ]
  }, {
    "id" : "3ac17a80-0bcc-4ea0-b8b5-702297e2977c",
    "vertices" : [ {
      "x" : 0.0,
      "y" : -11.708204,
      "z" : -35.888542
    }, {
      "x" : 6.854102,
      "y" : -14.326238,
      "z" : -31.652475
    }, {
      "x" : 9.472136,
      "y" : -10.09017,
      "z" : -24.798374
    }, {
      "x" : 2.618034,
      "y" : -7.472136,
      "z" : -29.034441
    } ],
    "faces" : [ {
      "vertices" : [ 0, 1, 2 ]
    }, {
      "vertices" : [ 0, 2, 3 ]
    }, {
      "vertices" : [ 0, 3, 2 ]
    }, {
      "vertices" : [ 0, 2, 1 ]
    } ]
  }, {
    "id" : "c5da6912-d3cd-4671-b2d8-de05fe3f17bf",
    "vertices" : [ {
      "x" : -20.562305,
      "y" : 2.618034,
      "z" : -9.472136
    }, {
      "x" : -16.326239,
      "y" : -4.236068,
      "z" : -6.854102
    }, {
      "x" : -20.562305,
      "y" : -11.09017,
      "z" : -4.236068
    }, {
      "x" : -24.798374,
      "y" : -4.236068,
      "z" : -6.854102
    } ],
    "faces" : [ {
      "vertices" : [ 0, 1, 2 ]
    }, {
      "vertices" : [ 0, 2, 3 ]
    }, {
      "vertices" : [ 0, 3, 2 ]
    }, {
      "vertices" : [ 0, 2, 1 ]
    } ]
  }, {
    "id" : "3efc1f7c-9ec6-41d6-aa13-fc2043ea4bd7",
    "vertices" : [ {
      "x" : 20.562305,
      "y" : 14.326238,
      "z" : 26.416409
    }, {
      "x" : 24.798374,
      "y" : 7.472136,
      "z" : 29.034441
    }, {
      "x" : 20.562305,
      "y" : 0.618034,
      "z" : 31.652475
    }, {
      "x" : 16.326239,
      "y" : 7.472136,
      "z" : 29.034441
    } ],
    "faces" : [ {
      "vertices" : [ 0, 1, 2 ]
    }, {
      "vertices" : [ 0, 2, 3 ]
    }, {
      "vertices" : [ 0, 3, 2 ]
    }, {
      "vertices" : [ 0, 2, 1 ]
    } ]
  }, {
    "id" : "d5991cb0-7069-4abb-ba64-18fcb196100e",
    "vertices" : [ {
      "x" : 6.854102,
      "y" : 13.09017,
      "z" : -31.652475
    }, {
      "x" : 9.472136,
      "y" : 8.854102,
      "z" : -38.506577
    }, {
      "x" : 13.708204,
      "y" : 15.708204,
      "z" : -41.12461
    }, {
      "x" : 11.09017,
      "y" : 19.944271,
      "z" : -34.27051
    } ],
    "faces" : [ {
      "vertices" : [ 0, 1, 2 ]
    }, {
      "vertices" : [ 0, 2, 3 ]
    }, {
      "vertices" : [ 0, 3, 2 ]
    }, {
      "vertices" : [ 0, 2, 1 ]
    } ]
  }, {
    "id" : "eb4ead8b-d801-48c0-b024-bd722a35548f",
    "vertices" : [ {
      "x" : 0.0,
      "y" : -10.472136,
      "z" : 27.416409
    }, {
      "x" : 2.618034,
      "y" : -6.236068,
      "z" : 34.27051
    }, {
      "x" : 0.0,
      "y" : -2.0,
      "z" : 41.12461
    }, {
      "x" : -2.618034,
      "y" : -6.236068,
      "z" : 34.27051
    } ],
    "faces" : [ {
      "vertices" : [ 0, 1, 2 ]
    }, {
      "vertices" : [ 0, 2, 3 ]
    }, {
      "vertices" : [ 0, 3, 2 ]
    }, {
      "vertices" : [ 0, 2, 1 ]
    } ]
  }, {
    "id" : "5ca6f4da-86e9-4149-9de4-dbafdfde1905",
    "vertices" : [ {
      "x" : 17.944271,
      "y" : 25.798374,
      "z" : -16.326239
    }, {
      "x" : 20.562305,
      "y" : 30.034441,
      "z" : -9.472136
    }, {
      "x" : 13.708204,
      "y" : 27.416409,
      "z" : -5.236068
    }, {
      "x" : 11.09017,
      "y" : 23.18034,
      "z" : -12.09017
    } ],
    "faces" : [ {
      "vertices" : [ 0, 1, 2 ]
    }, {
      "vertices" : [ 0, 2, 3 ]
    }, {
      "vertices" : [ 0, 3, 2 ]
    }, {
      "vertices" : [ 0, 2, 1 ]
    } ]
  }, {
    "id" : "44bdcd85-eac4-4071-822b-39e0b5923dde",
    "vertices" : [ {
      "x" : -20.562305,
      "y" : 19.562305,
      "z" : 17.944271
    }, {
      "x" : -13.708204,
      "y" : 16.944271,
      "z" : 22.18034
    }, {
      "x" : -20.562305,
      "y" : 14.326238,
      "z" : 26.416409
    }, {
      "x" : -27.416409,
      "y" : 16.944271,
      "z" : 22.18034
    } ],
    "faces" : [ {
      "vertices" : [ 0, 1, 2 ]
    }, {
      "vertices" : [ 0, 2, 3 ]
    }, {
      "vertices" : [ 0, 3, 2 ]
    }, {
      "vertices" : [ 0, 2, 1 ]
    } ]
  }, {
    "id" : "dce7aada-5c2a-4322-9c13-0111f4a519b2",
    "vertices" : [ {
      "x" : 6.854102,
      "y" : 7.854102,
      "z" : -23.18034
    }, {
      "x" : 0.0,
      "y" : 10.472136,
      "z" : -27.416409
    }, {
      "x" : 6.854102,
      "y" : 13.09017,
      "z" : -31.652475
    }, {
      "x" : 13.708204,
      "y" : 10.472136,
      "z" : -27.416409
    } ],
    "faces" : [ {
      "vertices" : [ 0, 1, 2 ]
    }, {
      "vertices" : [ 0, 2, 3 ]
    }, {
      "vertices" : [ 0, 3, 2 ]
    }, {
      "vertices" : [ 0, 2, 1 ]
    } ]
  }, {
    "id" : "54a79abc-d193-4d23-a2b7-9a373634ff10",
    "vertices" : [ {
      "x" : -31.652475,
      "y" : 12.09017,
      "z" : -16.326239
    }, {
      "x" : -34.27051,
      "y" : 16.326239,
      "z" : -9.472136
    }, {
      "x" : -30.034441,
      "y" : 9.472136,
      "z" : -6.854102
    }, {
      "x" : -27.416409,
      "y" : 5.236068,
      "z" : -13.708204
    } ],
    "faces" : [ {
      "vertices" : [ 0, 1, 2 ]
    }, {
      "vertices" : [ 0, 2, 3 ]
    }, {
      "vertices" : [ 0, 3, 2 ]
    }, {
      "vertices" : [ 0, 2, 1 ]
    } ]
  }, {
    "id" : "a7690b90-408e-467f-9fb5-0eaf5ae5e196",
    "vertices" : [ {
      "x" : 6.854102,
      "y" : 33.27051,
      "z" : 12.708204
    }, {
      "x" : 2.618034,
      "y" : 40.12461,
      "z" : 10.09017
    }, {
      "x" : 0.0,
      "y" : 44.36068,
      "z" : 16.944271
    }, {
      "x" : 4.236068,
      "y" : 37.506577,
      "z" : 19.562305
    } ],
    "faces" : [ {
      "vertices" : [ 0, 1, 2 ]
    }, {
      "vertices" : [ 0, 2, 3 ]
    }, {
      "vertices" : [ 0, 3, 2 ]
    }, {
      "vertices" : [ 0, 2, 1 ]
    } ]
  }, {
    "id" : "9493fff1-1002-47be-81e2-19dfab31a591",
    "vertices" : [ {
      "x" : -2.618034,
      "y" : -17.944271,
      "z" : -1.618034
    }, {
      "x" : 0.0,
      "y" : -13.708204,
      "z" : 5.236068
    }, {
      "x" : -6.854102,
      "y" : -16.326239,
      "z" : 9.472136
    }, {
      "x" : -9.472136,
      "y" : -20.562305,
      "z" : 2.618034
    } ],
    "faces" : [ {
      "vertices" : [ 0, 1, 2 ]
    }, {
      "vertices" : [ 0, 2, 3 ]
    }, {
      "vertices" : [ 0, 3, 2 ]
    }, {
      "vertices" : [ 0, 2, 1 ]
    } ]
  }, {
    "id" : "fc238067-fd39-4a24-8382-44f92cc794e6",
    "vertices" : [ {
      "x" : -13.708204,
      "y" : 18.944271,
      "z" : -18.944271
    }, {
      "x" : -6.854102,
      "y" : 21.562305,
      "z" : -23.18034
    }, {
      "x" : -13.708204,
      "y" : 24.18034,
      "z" : -27.416409
    }, {
      "x" : -20.562305,
      "y" : 21.562305,
      "z" : -23.18034
    } ],
    "faces" : [ {
      "vertices" : [ 0, 1, 2 ]
    }, {
      "vertices" : [ 0, 2, 3 ]
    }, {
      "vertices" : [ 0, 3, 2 ]
    }, {
      "vertices" : [ 0, 2, 1 ]
    } ]
  }, {
    "id" : "6f1ef0df-13fa-48a5-b99c-ccf44895b65b",
    "vertices" : [ {
      "x" : 13.708204,
      "y" : 8.472136,
      "z" : 8.472136
    }, {
      "x" : 11.09017,
      "y" : 12.708204,
      "z" : 15.326238
    }, {
      "x" : 6.854102,
      "y" : 5.854102,
      "z" : 17.944271
    }, {
      "x" : 9.472136,
      "y" : 1.618034,
      "z" : 11.09017
    } ],
    "faces" : [ {
      "vertices" : [ 0, 1, 2 ]
    }, {
      "vertices" : [ 0, 2, 3 ]
    }, {
      "vertices" : [ 0, 3, 2 ]
    }, {
      "vertices" : [ 0, 2, 1 ]
    } ]
  }, {
    "id" : "28806b91-2134-41e4-9bfc-c105fe89b88b",
    "vertices" : [ {
      "x" : 11.09017,
      "y" : 11.472136,
      "z" : -47.978714
    }, {
      "x" : 4.236068,
      "y" : 14.09017,
      "z" : -52.214783
    }, {
      "x" : 0.0,
      "y" : 20.944271,
      "z" : -54.832817
    }, {
      "x" : 6.854102,
      "y" : 18.326239,
      "z" : -50.59675
    } ],
    "faces" : [ {
      "vertices" : [ 0, 1, 2 ]
    }, {
      "vertices" : [ 0, 2, 3 ]
    }, {
      "vertices" : [ 0, 3, 2 ]
    }, {
      "vertices" : [ 0, 2, 1 ]
    } ]
  }, {
    "id" : "44b9ceba-3553-4f0d-81d3-c16542ccf3df",
    "vertices" : [ {
      "x" : -9.472136,
      "y" : -34.27051,
      "z" : 7.854102
    }, {
      "x" : -6.854102,
      "y" : -30.034441,
      "z" : 14.708204
    }, {
      "x" : 0.0,
      "y" : -32.652477,
      "z" : 18.944271
    }, {
      "x" : -2.618034,
      "y" : -36.888542,
      "z" : 12.09017
    } ],
    "faces" : [ {
      "vertices" : [ 0, 1, 2 ]
    }, {
      "vertices" : [ 0, 2, 3 ]
    }, {
      "vertices" : [ 0, 3, 2 ]
    }, {
      "vertices" : [ 0, 2, 1 ]
    } ]
  }, {
    "id" : "b76a2e1b-d635-4271-bca4-12a71d55d768",
    "vertices" : [ {
      "x" : 9.472136,
      "y" : -8.854102,
      "z" : 38.506577
    }, {
      "x" : 6.854102,
      "y" : -4.618034,
      "z" : 45.36068
    }, {
      "x" : 11.09017,
      "y" : -11.472136,
      "z" : 47.978714
    }, {
      "x" : 13.708204,
      "y" : -15.708204,
      "z" : 41.12461
    } ],
    "faces" : [ {
      "vertices" : [ 0, 1, 2 ]
    }, {
      "vertices" : [ 0, 2, 3 ]
    }, {
      "vertices" : [ 0, 3, 2 ]
    }, {
      "vertices" : [ 0, 2, 1 ]
    } ]
  }, {
    "id" : "a34a8bbf-dcc8-4158-8cf6-3f4859431b03",
    "vertices" : [ {
      "x" : 0.0,
      "y" : 35.888542,
      "z" : 3.236068
    }, {
      "x" : 4.236068,
      "y" : 29.034441,
      "z" : 5.854102
    }, {
      "x" : 0.0,
      "y" : 22.18034,
      "z" : 8.472136
    }, {
      "x" : -4.236068,
      "y" : 29.034441,
      "z" : 5.854102
    } ],
    "faces" : [ {
      "vertices" : [ 0, 1, 2 ]
    }, {
      "vertices" : [ 0, 2, 3 ]
    }, {
      "vertices" : [ 0, 3, 2 ]
    }, {
      "vertices" : [ 0, 2, 1 ]
    } ]
  }, {
    "id" : "abd13de6-0a29-4dd4-8b72-297dc9e70766",
    "vertices" : [ {
      "x" : -4.236068,
      "y" : -18.562305,
      "z" : -33.27051
    }, {
      "x" : -11.09017,
      "y" : -21.18034,
      "z" : -29.034441
    }, {
      "x" : -6.854102,
      "y" : -28.034441,
      "z" : -26.416409
    }, {
      "x" : 0.0,
      "y" : -25.416409,
      "z" : -30.652475
    } ],
    "faces" : [ {
      "vertices" : [ 0, 1, 2 ]
    }, {
      "vertices" : [ 0, 2, 3 ]
    }, {
      "vertices" : [ 0, 3, 2 ]
    }, {
      "vertices" : [ 0, 2, 1 ]
    } ]
  }, {
    "id" : "cb93b3b4-c512-473e-86be-1f6b450a69ce",
    "vertices" : [ {
      "x" : 0.0,
      "y" : -22.18034,
      "z" : -8.472136
    }, {
      "x" : 6.854102,
      "y" : -24.798374,
      "z" : -4.236068
    }, {
      "x" : 9.472136,
      "y" : -20.562305,
      "z" : 2.618034
    }, {
      "x" : 2.618034,
      "y" : -17.944271,
      "z" : -1.618034
    } ],
    "faces" : [ {
      "vertices" : [ 0, 1, 2 ]
    }, {
      "vertices" : [ 0, 2, 3 ]
    }, {
      "vertices" : [ 0, 3, 2 ]
    }, {
      "vertices" : [ 0, 2, 1 ]
    } ]
  }, {
    "id" : "1cd9c312-eba2-41f6-b895-f0e796e66cfd",
    "vertices" : [ {
      "x" : -9.472136,
      "y" : -1.618034,
      "z" : -11.09017
    }, {
      "x" : -6.854102,
      "y" : 2.618034,
      "z" : -4.236068
    }, {
      "x" : 0.0,
      "y" : 0.0,
      "z" : 0.0
    }, {
      "x" : -2.618034,
      "y" : -4.236068,
      "z" : -6.854102
    } ],
    "faces" : [ {
      "vertices" : [ 0, 1, 2 ]
    }, {
      "vertices" : [ 0, 2, 3 ]
    }, {
      "vertices" : [ 0, 3, 2 ]
    }, {
      "vertices" : [ 0, 2, 1 ]
    } ]
  }, {
    "id" : "c78ed88b-22e9-4900-9fa3-0567d1370cd6",
    "vertices" : [ {
      "x" : 24.798374,
      "y" : 14.708204,
      "z" : -20.562305
    }, {
      "x" : 20.562305,
      "y" : 7.854102,
      "z" : -17.944271
    }, {
      "x" : 27.416409,
      "y" : 5.236068,
      "z" : -13.708204
    }, {
      "x" : 31.652475,
      "y" : 12.09017,
      "z" : -16.326239
    } ],
    "faces" : [ {
      "vertices" : [ 0, 1, 2 ]
    }, {
      "vertices" : [ 0, 2, 3 ]
    }, {
      "vertices" : [ 0, 3, 2 ]
    }, {
      "vertices" : [ 0, 2, 1 ]
    } ]
  }, {
    "id" : "196677fb-3243-4dcb-b307-8c7c63246f3b",
    "vertices" : [ {
      "x" : -13.708204,
      "y" : 5.236068,
      "z" : -13.708204
    }, {
      "x" : -9.472136,
      "y" : -1.618034,
      "z" : -11.09017
    }, {
      "x" : -16.326239,
      "y" : -4.236068,
      "z" : -6.854102
    }, {
      "x" : -20.562305,
      "y" : 2.618034,
      "z" : -9.472136
    } ],
    "faces" : [ {
      "vertices" : [ 0, 1, 2 ]
    }, {
      "vertices" : [ 0, 2, 3 ]
    }, {
      "vertices" : [ 0, 3, 2 ]
    }, {
      "vertices" : [ 0, 2, 1 ]
    } ]
  }, {
    "id" : "1f89c374-c2e7-4791-92e6-ab1e3a69cd89",
    "vertices" : [ {
      "x" : -34.27051,
      "y" : 11.09017,
      "z" : 4.236068
    }, {
      "x" : -36.888542,
      "y" : 15.326238,
      "z" : 11.09017
    }, {
      "x" : -41.12461,
      "y" : 22.18034,
      "z" : 8.472136
    }, {
      "x" : -38.506577,
      "y" : 17.944271,
      "z" : 1.618034
    } ],
    "faces" : [ {
      "vertices" : [ 0, 1, 2 ]
    }, {
      "vertices" : [ 0, 2, 3 ]
    }, {
      "vertices" : [ 0, 3, 2 ]
    }, {
      "vertices" : [ 0, 2, 1 ]
    } ]
  }, {
    "id" : "ac93a466-7362-4277-9a2a-f6320a690347",
    "vertices" : [ {
      "x" : -13.708204,
      "y" : 16.944271,
      "z" : 22.18034
    }, {
      "x" : -11.09017,
      "y" : 21.18034,
      "z" : 29.034441
    }, {
      "x" : -6.854102,
      "y" : 14.326238,
      "z" : 31.652475
    }, {
      "x" : -9.472136,
      "y" : 10.09017,
      "z" : 24.798374
    } ],
    "faces" : [ {
      "vertices" : [ 0, 1, 2 ]
    }, {
      "vertices" : [ 0, 2, 3 ]
    }, {
      "vertices" : [ 0, 3, 2 ]
    }, {
      "vertices" : [ 0, 2, 1 ]
    } ]
  }, {
    "id" : "3459499d-c29c-4640-954b-6f4edce9ffb0",
    "vertices" : [ {
      "x" : -6.854102,
      "y" : -0.618034,
      "z" : -31.652475
    }, {
      "x" : -2.618034,
      "y" : 6.236068,
      "z" : -34.27051
    }, {
      "x" : 0.0,
      "y" : 2.0,
      "z" : -41.12461
    }, {
      "x" : -4.236068,
      "y" : -4.854102,
      "z" : -38.506577
    } ],
    "faces" : [ {
      "vertices" : [ 0, 1, 2 ]
    }, {
      "vertices" : [ 0, 2, 3 ]
    }, {
      "vertices" : [ 0, 3, 2 ]
    }, {
      "vertices" : [ 0, 2, 1 ]
    } ]
  }, {
    "id" : "94d1b7cc-4071-4ce4-83c4-b0fb9446a54f",
    "vertices" : [ {
      "x" : -17.944271,
      "y" : 15.326238,
      "z" : 11.09017
    }, {
      "x" : -11.09017,
      "y" : 12.708204,
      "z" : 15.326238
    }, {
      "x" : -13.708204,
      "y" : 16.944271,
      "z" : 22.18034
    }, {
      "x" : -20.562305,
      "y" : 19.562305,
      "z" : 17.944271
    } ],
    "faces" : [ {
      "vertices" : [ 0, 1, 2 ]
    }, {
      "vertices" : [ 0, 2, 3 ]
    }, {
      "vertices" : [ 0, 3, 2 ]
    }, {
      "vertices" : [ 0, 2, 1 ]
    } ]
  }, {
    "id" : "65020324-1495-456a-853d-f5484683cfe5",
    "vertices" : [ {
      "x" : -13.708204,
      "y" : -3.236068,
      "z" : -27.416409
    }, {
      "x" : -20.562305,
      "y" : -0.618034,
      "z" : -31.652475
    }, {
      "x" : -13.708204,
      "y" : 2.0,
      "z" : -35.888542
    }, {
      "x" : -6.854102,
      "y" : -0.618034,
      "z" : -31.652475
    } ],
    "faces" : [ {
      "vertices" : [ 0, 1, 2 ]
    }, {
      "vertices" : [ 0, 2, 3 ]
    }, {
      "vertices" : [ 0, 3, 2 ]
    }, {
      "vertices" : [ 0, 2, 1 ]
    } ]
  }, {
    "id" : "0b84f60e-a3f7-42fb-bb5e-2557f9752f84",
    "vertices" : [ {
      "x" : 6.854102,
      "y" : -0.618034,
      "z" : -31.652475
    }, {
      "x" : 2.618034,
      "y" : 6.236068,
      "z" : -34.27051
    }, {
      "x" : 9.472136,
      "y" : 8.854102,
      "z" : -38.506577
    }, {
      "x" : 13.708204,
      "y" : 2.0,
      "z" : -35.888542
    } ],
    "faces" : [ {
      "vertices" : [ 0, 1, 2 ]
    }, {
      "vertices" : [ 0, 2, 3 ]
    }, {
      "vertices" : [ 0, 3, 2 ]
    }, {
      "vertices" : [ 0, 2, 1 ]
    } ]
  }, {
    "id" : "5500cc46-e2bf-4fe8-8068-3f70b9e2ccd3",
    "vertices" : [ {
      "x" : -11.09017,
      "y" : 12.708204,
      "z" : 15.326238
    }, {
      "x" : -13.708204,
      "y" : 16.944271,
      "z" : 22.18034
    }, {
      "x" : -9.472136,
      "y" : 10.09017,
      "z" : 24.798374
    }, {
      "x" : -6.854102,
      "y" : 5.854102,
      "z" : 17.944271
    } ],
    "faces" : [ {
      "vertices" : [ 0, 1, 2 ]
    }, {
      "vertices" : [ 0, 2, 3 ]
    }, {
      "vertices" : [ 0, 3, 2 ]
    }, {
      "vertices" : [ 0, 2, 1 ]
    } ]
  }, {
    "id" : "2e22fb27-bf0e-4905-912a-7fe211b95bf9",
    "vertices" : [ {
      "x" : 16.326239,
      "y" : -17.944271,
      "z" : -1.618034
    }, {
      "x" : 9.472136,
      "y" : -20.562305,
      "z" : 2.618034
    }, {
      "x" : 13.708204,
      "y" : -27.416409,
      "z" : 5.236068
    }, {
      "x" : 20.562305,
      "y" : -24.798374,
      "z" : 1.0
    } ],
    "faces" : [ {
      "vertices" : [ 0, 1, 2 ]
    }, {
      "vertices" : [ 0, 2, 3 ]
    }, {
      "vertices" : [ 0, 3, 2 ]
    }, {
      "vertices" : [ 0, 2, 1 ]
    } ]
  }, {
    "id" : "2c4e2643-b050-4210-b1a4-b6459a03fa19",
    "vertices" : [ {
      "x" : 0.0,
      "y" : 13.708204,
      "z" : -5.236068
    }, {
      "x" : -2.618034,
      "y" : 17.944271,
      "z" : 1.618034
    }, {
      "x" : 0.0,
      "y" : 22.18034,
      "z" : 8.472136
    }, {
      "x" : 2.618034,
      "y" : 17.944271,
      "z" : 1.618034
    } ],
    "faces" : [ {
      "vertices" : [ 0, 1, 2 ]
    }, {
      "vertices" : [ 0, 2, 3 ]
    }, {
      "vertices" : [ 0, 3, 2 ]
    }, {
      "vertices" : [ 0, 2, 1 ]
    } ]
  }, {
    "id" : "55361298-34b8-4434-a91e-6767106618ca",
    "vertices" : [ {
      "x" : 0.0,
      "y" : 24.18034,
      "z" : -32.652477
    }, {
      "x" : 6.854102,
      "y" : 26.798374,
      "z" : -36.888542
    }, {
      "x" : 0.0,
      "y" : 29.416409,
      "z" : -41.12461
    }, {
      "x" : -6.854102,
      "y" : 26.798374,
      "z" : -36.888542
    } ],
    "faces" : [ {
      "vertices" : [ 0, 1, 2 ]
    }, {
      "vertices" : [ 0, 2, 3 ]
    }, {
      "vertices" : [ 0, 3, 2 ]
    }, {
      "vertices" : [ 0, 2, 1 ]
    } ]
  }, {
    "id" : "5ba1a0f2-9831-4a31-8a85-a0e17a7ac8e7",
    "vertices" : [ {
      "x" : 9.472136,
      "y" : -12.09017,
      "z" : 16.326239
    }, {
      "x" : 6.854102,
      "y" : -7.854102,
      "z" : 23.18034
    }, {
      "x" : 13.708204,
      "y" : -10.472136,
      "z" : 27.416409
    }, {
      "x" : 16.326239,
      "y" : -14.708204,
      "z" : 20.562305
    } ],
    "faces" : [ {
      "vertices" : [ 0, 1, 2 ]
    }, {
      "vertices" : [ 0, 2, 3 ]
    }, {
      "vertices" : [ 0, 3, 2 ]
    }, {
      "vertices" : [ 0, 2, 1 ]
    } ]
  }, {
    "id" : "a3b050c8-d3ce-407d-a868-58d08f4a7d2a",
