{
  "field" : "golden",
  "symmetry" : "icosahedral",
  "orientations" : [ [ 1.0, 0.0, 0.0, 0.0, 0.0, 1.0, 0.0, 0.0, 0.0, 0.0, 1.0, 0.0, 0.0, 0.0, 0.0, 1.0 ], [ 0.0, 0.0, 1.0, 0.0, 1.0, 0.0, 0.0, 0.0, 0.0, 1.0, 0.0, 0.0, 0.0, 0.0, 0.0, 1.0 ], [ 0.0, 1.0, 0.0, 0.0, 0.0, 0.0, 1.0, 0.0, 1.0, 0.0, 0.0, 0.0, 0.0, 0.0, 0.0, 1.0 ], [ 0.809017, 0.309017, 0.5, 0.0, 0.309017, 0.5, -0.809017, 0.0, -0.5, 0.809017, 0.309017, 0.0, 0.0, 0.0, 0.0, 1.0 ], [ -0.5, 0.809017, 0.309017, 0.0, 0.809017, 0.309017, 0.5, 0.0, 0.309017, 0.5, -0.809017, 0.0, 0.0, 0.0, 0.0, 1.0 ], [ 0.309017, 0.5, -0.809017, 0.0, -0.5, 0.809017, 0.309017, 0.0, 0.809017, 0.309017, 0.5, 0.0, 0.0, 0.0, 0.0, 1.0 ], [ 0.5, 0.809017, 0.309017, 0.0, 0.809017, -0.309017, -0.5, 0.0, -0.309017, 0.5, -0.809017, 0.0, 0.0, 0.0, 0.0, 1.0 ], [ -0.309017, 0.5, -0.809017, 0.0, 0.5, 0.809017, 0.309017, 0.0, 0.809017, -0.309017, -0.5, 0.0, 0.0, 0.0, 0.0, 1.0 ], [ 0.809017, -0.309017, -0.5, 0.0, -0.309017, 0.5, -0.809017, 0.0, 0.5, 0.809017, 0.309017, 0.0, 0.0, 0.0, 0.0, 1.0 ], [ 0.5, 0.809017, -0.309017, 0.0, 0.809017, -0.309017, 0.5, 0.0, 0.309017, -0.5, -0.809017, 0.0, 0.0, 0.0, 0.0, 1.0 ], [ 0.309017, -0.5, -0.809017, 0.0, 0.5, 0.809017, -0.309017, 0.0, 0.809017, -0.309017, 0.5, 0.0, 0.0, 0.0, 0.0, 1.0 ], [ 0.809017, -0.309017, 0.5, 0.0, 0.309017, -0.5, -0.809017, 0.0, 0.5, 0.809017, -0.309017, 0.0, 0.0, 0.0, 0.0, 1.0 ], [ 0.809017, 0.309017, -0.5, 0.0, 0.309017, 0.5, 0.809017, 0.0, 0.5, -0.809017, 0.309017, 0.0, 0.0, 0.0, 0.0, 1.0 ], [ 0.5, -0.809017, 0.309017, 0.0, 0.809017, 0.309017, -0.5, 0.0, 0.309017, 0.5, 0.809017, 0.0, 0.0, 0.0, 0.0, 1.0 ], [ 0.309017, 0.5, 0.809017, 0.0, 0.5, -0.809017, 0.309017, 0.0, 0.809017, 0.309017, -0.5, 0.0, 0.0, 0.0, 0.0, 1.0 ], [ 1.0, 0.0, 0.0, 0.0, 0.0, -1.0, 0.0, 0.0, 0.0, 0.0, -1.0, 0.0, 0.0, 0.0, 0.0, 1.0 ], [ 0.0, 0.0, 1.0, 0.0, -1.0, 0.0, 0.0, 0.0, 0.0, -1.0, 0.0, 0.0, 0.0, 0.0, 0.0, 1.0 ], [ 0.0, 1.0, 0.0, 0.0, 0.0, 0.0, -1.0, 0.0, -1.0, 0.0, 0.0, 0.0, 0.0, 0.0, 0.0, 1.0 ], [ 0.809017, 0.309017, 0.5, 0.0, -0.309017, -0.5, 0.809017, 0.0, 0.5, -0.809017, -0.309017, 0.0, 0.0, 0.0, 0.0, 1.0 ], [ -0.5, 0.809017, 0.309017, 0.0, -0.809017, -0.309017, -0.5, 0.0, -0.309017, -0.5, 0.809017, 0.0, 0.0, 0.0, 0.0, 1.0 ], [ 0.309017, 0.5, -0.809017, 0.0, 0.5, -0.809017, -0.309017, 0.0, -0.809017, -0.309017, -0.5, 0.0, 0.0, 0.0, 0.0, 1.0 ], [ 0.5, 0.809017, 0.309017, 0.0, -0.809017, 0.309017, 0.5, 0.0, 0.309017, -0.5, 0.809017, 0.0, 0.0, 0.0, 0.0, 1.0 ], [ -0.309017, 0.5, -0.809017, 0.0, -0.5, -0.809017, -0.309017, 0.0, -0.809017, 0.309017, 0.5, 0.0, 0.0, 0.0, 0.0, 1.0 ], [ 0.809017, -0.309017, -0.5, 0.0, 0.309017, -0.5, 0.809017, 0.0, -0.5, -0.809017, -0.309017, 0.0, 0.0, 0.0, 0.0, 1.0 ], [ 0.5, 0.809017, -0.309017, 0.0, -0.809017, 0.309017, -0.5, 0.0, -0.309017, 0.5, 0.809017, 0.0, 0.0, 0.0, 0.0, 1.0 ], [ 0.309017, -0.5, -0.809017, 0.0, -0.5, -0.809017, 0.309017, 0.0, -0.809017, 0.309017, -0.5, 0.0, 0.0, 0.0, 0.0, 1.0 ], [ 0.809017, -0.309017, 0.5, 0.0, -0.309017, 0.5, 0.809017, 0.0, -0.5, -0.809017, 0.309017, 0.0, 0.0, 0.0, 0.0, 1.0 ], [ 0.809017, 0.309017, -0.5, 0.0, -0.309017, -0.5, -0.809017, 0.0, -0.5, 0.809017, -0.309017, 0.0, 0.0, 0.0, 0.0, 1.0 ], [ 0.5, -0.809017, 0.309017, 0.0, -0.809017, -0.309017, 0.5, 0.0, -0.309017, -0.5, -0.809017, 0.0, 0.0, 0.0, 0.0, 1.0 ], [ 0.309017, 0.5, 0.809017, 0.0, -0.5, 0.809017, -0.309017, 0.0, -0.809017, -0.309017, 0.5, 0.0, 0.0, 0.0, 0.0, 1.0 ], [ -1.0, 0.0, 0.0, 0.0, 0.0, -1.0, 0.0, 0.0, 0.0, 0.0, 1.0, 0.0, 0.0, 0.0, 0.0, 1.0 ], [ 0.0, 0.0, -1.0, 0.0, -1.0, 0.0, 0.0, 0.0, 0.0, 1.0, 0.0, 0.0, 0.0, 0.0, 0.0, 1.0 ], [ 0.0, -1.0, 0.0, 0.0, 0.0, 0.0, -1.0, 0.0, 1.0, 0.0, 0.0, 0.0, 0.0, 0.0, 0.0, 1.0 ], [ -0.809017, -0.309017, -0.5, 0.0, -0.309017, -0.5, 0.809017, 0.0, -0.5, 0.809017, 0.309017, 0.0, 0.0, 0.0, 0.0, 1.0 ], [ 0.5, -0.809017, -0.309017, 0.0, -0.809017, -0.309017, -0.5, 0.0, 0.309017, 0.5, -0.809017, 0.0, 0.0, 0.0, 0.0, 1.0 ], [ -0.309017, -0.5, 0.809017, 0.0, 0.5, -0.809017, -0.309017, 0.0, 0.809017, 0.309017, 0.5, 0.0, 0.0, 0.0, 0.0, 1.0 ], [ -0.5, -0.809017, -0.309017, 0.0, -0.809017, 0.309017, 0.5, 0.0, -0.309017, 0.5, -0.809017, 0.0, 0.0, 0.0, 0.0, 1.0 ], [ 0.309017, -0.5, 0.809017, 0.0, -0.5, -0.809017, -0.309017, 0.0, 0.809017, -0.309017, -0.5, 0.0, 0.0, 0.0, 0.0, 1.0 ], [ -0.809017, 0.309017, 0.5, 0.0, 0.309017, -0.5, 0.809017, 0.0, 0.5, 0.809017, 0.309017, 0.0, 0.0, 0.0, 0.0, 1.0 ], [ -0.5, -0.809017, 0.309017, 0.0, -0.809017, 0.309017, -0.5, 0.0, 0.309017, -0.5, -0.809017, 0.0, 0.0, 0.0, 0.0, 1.0 ], [ -0.309017, 0.5, 0.809017, 0.0, -0.5, -0.809017, 0.309017, 0.0, 0.809017, -0.309017, 0.5, 0.0, 0.0, 0.0, 0.0, 1.0 ], [ -0.809017, 0.309017, -0.5, 0.0, -0.309017, 0.5, 0.809017, 0.0, 0.5, 0.809017, -0.309017, 0.0, 0.0, 0.0, 0.0, 1.0 ], [ -0.809017, -0.309017, 0.5, 0.0, -0.309017, -0.5, -0.809017, 0.0, 0.5, -0.809017, 0.309017, 0.0, 0.0, 0.0, 0.0, 1.0 ], [ -0.5, 0.809017, -0.309017, 0.0, -0.809017, -0.309017, 0.5, 0.0, 0.309017, 0.5, 0.809017, 0.0, 0.0, 0.0, 0.0, 1.0 ], [ -0.309017, -0.5, -0.809017, 0.0, -0.5, 0.809017, -0.309017, 0.0, 0.809017, 0.309017, -0.5, 0.0, 0.0, 0.0, 0.0, 1.0 ], [ -1.0, 0.0, 0.0, 0.0, 0.0, 1.0, 0.0, 0.0, 0.0, 0.0, -1.0, 0.0, 0.0, 0.0, 0.0, 1.0 ], [ 0.0, 0.0, -1.0, 0.0, 1.0, 0.0, 0.0, 0.0, 0.0, -1.0, 0.0, 0.0, 0.0, 0.0, 0.0, 1.0 ], [ 0.0, -1.0, 0.0, 0.0, 0.0, 0.0, 1.0, 0.0, -1.0, 0.0, 0.0, 0.0, 0.0, 0.0, 0.0, 1.0 ], [ -0.809017, -0.309017, -0.5, 0.0, 0.309017, 0.5, -0.809017, 0.0, 0.5, -0.809017, -0.309017, 0.0, 0.0, 0.0, 0.0, 1.0 ], [ 0.5, -0.809017, -0.309017, 0.0, 0.809017, 0.309017, 0.5, 0.0, -0.309017, -0.5, 0.809017, 0.0, 0.0, 0.0, 0.0, 1.0 ], [ -0.309017, -0.5, 0.809017, 0.0, -0.5, 0.809017, 0.309017, 0.0, -0.809017, -0.309017, -0.5, 0.0, 0.0, 0.0, 0.0, 1.0 ], [ -0.5, -0.809017, -0.309017, 0.0, 0.809017, -0.309017, -0.5, 0.0, 0.309017, -0.5, 0.809017, 0.0, 0.0, 0.0, 0.0, 1.0 ], [ 0.309017, -0.5, 0.809017, 0.0, 0.5, 0.809017, 0.309017, 0.0, -0.809017, 0.309017, 0.5, 0.0, 0.0, 0.0, 0.0, 1.0 ], [ -0.809017, 0.309017, 0.5, 0.0, -0.309017, 0.5, -0.809017, 0.0, -0.5, -0.809017, -0.309017, 0.0, 0.0, 0.0, 0.0, 1.0 ], [ -0.5, -0.809017, 0.309017, 0.0, 0.809017, -0.309017, 0.5, 0.0, -0.309017, 0.5, 0.809017, 0.0, 0.0, 0.0, 0.0, 1.0 ], [ -0.309017, 0.5, 0.809017, 0.0, 0.5, 0.809017, -0.309017, 0.0, -0.809017, 0.309017, -0.5, 0.0, 0.0, 0.0, 0.0, 1.0 ], [ -0.809017, 0.309017, -0.5, 0.0, 0.309017, -0.5, -0.809017, 0.0, -0.5, -0.809017, 0.309017, 0.0, 0.0, 0.0, 0.0, 1.0 ], [ -0.809017, -0.309017, 0.5, 0.0, 0.309017, 0.5, 0.809017, 0.0, -0.5, 0.809017, -0.309017, 0.0, 0.0, 0.0, 0.0, 1.0 ], [ -0.5, 0.809017, -0.309017, 0.0, 0.809017, 0.309017, -0.5, 0.0, -0.309017, -0.5, -0.809017, 0.0, 0.0, 0.0, 0.0, 1.0 ], [ -0.309017, -0.5, -0.809017, 0.0, 0.5, -0.809017, 0.309017, 0.0, -0.809017, -0.309017, 0.5, 0.0, 0.0, 0.0, 0.0, 1.0 ] ],
  "lights" : {
    "backgroundColor" : "#E0EFFF",
    "ambientColor" : "#292929",
    "directionalLights" : [ {
      "direction" : {
        "x" : 1.0,
        "y" : -1.0,
        "z" : -1.0
      },
      "color" : "#EBEBE4"
    }, {
      "direction" : {
        "x" : -1.0,
        "y" : 0.0,
        "z" : 0.0
      },
      "color" : "#E4E4EB"
    }, {
      "direction" : {
        "x" : 0.0,
        "y" : 0.0,
        "z" : -1.0
      },
      "color" : "#1E1E1E"
    } ]
  },
  "camera" : {
    "perspective" : true,
    "viewDistance" : 549.4289,
    "nearClipDistance" : 1.3735679,
    "farClipDistance" : 1098.8605,
    "lookAtPoint" : {
      "x" : 0.0,
      "y" : 0.0,
      "z" : 0.0
    },
    "fieldOfView" : 0.44262737,
    "lookDirection" : {
      "x" : 0.0,
      "y" : 0.0,
      "z" : -1.0
    },
    "upDirection" : {
      "x" : 0.0,
      "y" : 1.0,
      "z" : 0.0
    },
    "stereo" : false,
    "width" : 247.24213,
    "position" : {
      "x" : 0.0,
      "y" : 0.0,
      "z" : 549.4289
    }
  },
  "embedding" : [ 1.0, 0.0, 0.0, 0.0, 0.0, 1.0, 0.0, 0.0, 0.0, 0.0, 1.0, 0.0, 0.0, 0.0, 0.0, 1.0 ],
  "shapes" : [ {
    "id" : "cafcc14f-0cb6-4010-ba32-09265f7907d9",
    "vertices" : [ {
      "x" : 28.725426,
      "y" : 10.972136,
      "z" : -4.190983
    }, {
      "x" : 28.343458,
      "y" : 10.5172205,
      "z" : -4.0
    }, {
      "x" : 28.18034,
      "y" : 10.781153,
      "z" : -4.427051
    }, {
      "x" : 28.107391,
      "y" : 11.045085,
      "z" : -4.236068
    }, {
      "x" : 0.85410196,
      "y" : 0.309017,
      "z" : 0.19098301
    }, {
      "x" : 0.690983,
      "y" : 0.572949,
      "z" : -0.23606798
    }, {
      "x" : 0.309017,
      "y" : 0.11803399,
      "z" : -0.045084972
    }, {
      "x" : 0.76393205,
      "y" : 0.309017,
      "z" : -0.42705098
    }, {
      "x" : 0.927051,
      "y" : 0.045084972,
      "z" : 0.0
    }, {
      "x" : 28.27051,
      "y" : 10.781153,
      "z" : -3.809017
    }, {
      "x" : 29.034441,
      "y" : 11.09017,
      "z" : -4.236068
    } ],
    "faces" : [ {
      "vertices" : [ 2, 7, 5 ]
    }, {
      "vertices" : [ 2, 5, 3 ]
    }, {
      "vertices" : [ 1, 8, 7 ]
    }, {
      "vertices" : [ 1, 7, 2 ]
    }, {
      "vertices" : [ 4, 6, 8 ]
    }, {
      "vertices" : [ 5, 7, 6 ]
    }, {
      "vertices" : [ 0, 1, 2 ]
    }, {
      "vertices" : [ 0, 2, 3 ]
    }, {
      "vertices" : [ 6, 7, 8 ]
    }, {
      "vertices" : [ 3, 5, 4 ]
    }, {
      "vertices" : [ 3, 4, 9 ]
    }, {
      "vertices" : [ 1, 9, 4 ]
    }, {
      "vertices" : [ 1, 4, 8 ]
    }, {
      "vertices" : [ 0, 9, 1 ]
    }, {
      "vertices" : [ 0, 3, 9 ]
    }, {
      "vertices" : [ 4, 5, 6 ]
    } ]
  }, {
    "id" : "fb56174e-ce1a-4493-b829-9126c522bf74",
    "vertices" : [ {
      "x" : 0.309017,
      "y" : -0.309017,
      "z" : -0.309017
    }, {
      "x" : 0.5,
      "y" : 0.0,
      "z" : -0.19098301
    }, {
      "x" : 0.5,
      "y" : 0.0,
      "z" : 0.19098301
    }, {
      "x" : 0.309017,
      "y" : -0.309017,
      "z" : 0.309017
    }, {
      "x" : 0.19098301,
      "y" : -0.5,
      "z" : 0.0
    }, {
      "x" : 0.0,
      "y" : 0.19098301,
      "z" : 0.5
    }, {
      "x" : 0.0,
      "y" : -0.19098301,
      "z" : 0.5
    }, {
      "x" : 0.309017,
      "y" : 0.309017,
      "z" : 0.309017
    }, {
      "x" : -0.309017,
      "y" : -0.309017,
      "z" : 0.309017
    }, {
      "x" : -0.309017,
      "y" : 0.309017,
      "z" : 0.309017
    }, {
      "x" : -0.5,
      "y" : 0.0,
      "z" : 0.19098301
    }, {
      "x" : 0.0,
      "y" : -0.19098301,
      "z" : -0.5
    }, {
      "x" : 0.0,
      "y" : 0.19098301,
      "z" : -0.5
    }, {
      "x" : 0.309017,
      "y" : 0.309017,
      "z" : -0.309017
    }, {
      "x" : -0.309017,
      "y" : -0.309017,
      "z" : -0.309017
    }, {
      "x" : -0.19098301,
      "y" : -0.5,
      "z" : 0.0
    }, {
      "x" : -0.5,
      "y" : 0.0,
      "z" : -0.19098301
    }, {
      "x" : 0.19098301,
      "y" : 0.5,
      "z" : 0.0
    }, {
      "x" : -0.309017,
      "y" : 0.309017,
      "z" : -0.309017
    }, {
      "x" : 0.0,
      "y" : 0.0,
      "z" : 0.0
    }, {
      "x" : -0.19098301,
      "y" : 0.5,
      "z" : 0.0
    } ],
    "faces" : [ {
      "vertices" : [ 12, 18, 20 ]
    }, {
      "vertices" : [ 12, 20, 17 ]
    }, {
      "vertices" : [ 12, 17, 13 ]
    }, {
      "vertices" : [ 3, 6, 8 ]
    }, {
      "vertices" : [ 3, 8, 15 ]
    }, {
      "vertices" : [ 3, 15, 4 ]
    }, {
      "vertices" : [ 0, 11, 12 ]
    }, {
      "vertices" : [ 0, 12, 13 ]
    }, {
      "vertices" : [ 0, 13, 1 ]
    }, {
      "vertices" : [ 5, 9, 10 ]
    }, {
      "vertices" : [ 5, 10, 8 ]
    }, {
      "vertices" : [ 5, 8, 6 ]
    }, {
      "vertices" : [ 2, 7, 5 ]
    }, {
      "vertices" : [ 2, 5, 6 ]
    }, {
      "vertices" : [ 2, 6, 3 ]
    }, {
      "vertices" : [ 11, 14, 16 ]
    }, {
      "vertices" : [ 11, 16, 18 ]
    }, {
      "vertices" : [ 11, 18, 12 ]
    }, {
      "vertices" : [ 1, 13, 17 ]
    }, {
      "vertices" : [ 1, 17, 7 ]
    }, {
      "vertices" : [ 1, 7, 2 ]
    }, {
      "vertices" : [ 9, 20, 18 ]
    }, {
      "vertices" : [ 9, 18, 16 ]
    }, {
      "vertices" : [ 9, 16, 10 ]
    }, {
      "vertices" : [ 0, 1, 2 ]
    }, {
      "vertices" : [ 0, 2, 3 ]
    }, {
      "vertices" : [ 0, 3, 4 ]
    }, {
      "vertices" : [ 5, 7, 17 ]
    }, {
      "vertices" : [ 5, 17, 20 ]
    }, {
      "vertices" : [ 5, 20, 9 ]
    }, {
      "vertices" : [ 0, 4, 15 ]
    }, {
      "vertices" : [ 0, 15, 14 ]
    }, {
      "vertices" : [ 0, 14, 11 ]
    }, {
      "vertices" : [ 8, 10, 16 ]
    }, {
      "vertices" : [ 8, 16, 14 ]
    }, {
      "vertices" : [ 8, 14, 15 ]
    } ]
  }, {
    "id" : "6d3d82ae-2c26-4342-bfd1-b6c6d6d30a46",
    "vertices" : [ {
      "x" : 0.0,
      "y" : -0.38196602,
      "z" : 1.0
    }, {
      "x" : 6.854102,
      "y" : -25.18034,
      "z" : 18.944271
    }, {
      "x" : -17.944271,
      "y" : -7.236068,
      "z" : 25.798374
    } ],
    "faces" : [ {
      "vertices" : [ 0, 1, 2 ]
    }, {
      "vertices" : [ 0, 2, 1 ]
    } ]
  }, {
    "id" : "67d63c93-1e4d-4008-a29d-41c0f088e9ec",
    "vertices" : [ {
      "x" : -1.0,
      "y" : 0.0,
      "z" : -0.38196602
    }, {
      "x" : -25.798374,
      "y" : 17.944271,
      "z" : -7.236068
    }, {
      "x" : -30.034441,
      "y" : -11.09017,
      "z" : 3.854102
    } ],
    "faces" : [ {
      "vertices" : [ 0, 1, 2 ]
    }, {
      "vertices" : [ 0, 2, 1 ]
    } ]
  }, {
    "id" : "bb2a26aa-b2f9-4332-bfb2-226f8b4c3b4c",
    "vertices" : [ {
      "x" : -1.0,
      "y" : 0.0,
      "z" : -0.38196602
    }, {
      "x" : -18.944271,
      "y" : -6.854102,
      "z" : -25.18034
    }, {
      "x" : -25.798374,
      "y" : 17.944271,
      "z" : -7.236068
    } ],
    "faces" : [ {
      "vertices" : [ 0, 1, 2 ]
    }, {
      "vertices" : [ 0, 2, 1 ]
    } ]
  }, {
    "id" : "f13eee30-5ed8-4fc5-813c-71a0294c2000",
    "vertices" : [ {
      "x" : 0.618034,
      "y" : 0.618034,
      "z" : -0.618034
    }, {
      "x" : 4.854102,
      "y" : 29.652475,
      "z" : -11.708204
    }, {
      "x" : 11.708204,
      "y" : 4.854102,
      "z" : -29.652475
    } ],
    "faces" : [ {
      "vertices" : [ 0, 1, 2 ]
    }, {
      "vertices" : [ 0, 2, 1 ]
    } ]
  }, {
    "id" : "fdb51b35-b5c8-4c70-9681-bff066a49244",
    "vertices" : [ {
      "x" : 0.0,
      "y" : -0.38196602,
      "z" : -1.0
    }, {
      "x" : -11.09017,
      "y" : 3.854102,
      "z" : -30.034441
    }, {
      "x" : -6.854102,
      "y" : -25.18034,
      "z" : -18.944271
    } ],
    "faces" : [ {
      "vertices" : [ 0, 1, 2 ]
    }, {
      "vertices" : [ 0, 2, 1 ]
    } ]
  }, {
    "id" : "d38a45f8-e3ba-4cb6-bfc5-5bbc07b49baf",
    "vertices" : [ {
      "x" : 0.0,
      "y" : -0.38196602,
      "z" : 1.0
    }, {
      "x" : -17.944271,
      "y" : -7.236068,
      "z" : 25.798374
    }, {
      "x" : 11.09017,
      "y" : 3.854102,
      "z" : 30.034441
    } ],
    "faces" : [ {
      "vertices" : [ 0, 1, 2 ]
    }, {
      "vertices" : [ 0, 2, 1 ]
    } ]
  }, {
    "id" : "81c2dbfd-734f-4684-82f7-4e8507a73ce0",
    "vertices" : [ {
      "x" : 1.0,
      "y" : 0.0,
      "z" : 0.38196602
    }, {
      "x" : 18.944271,
      "y" : -6.854102,
      "z" : 25.18034
    }, {
      "x" : 25.798374,
      "y" : 17.944271,
      "z" : 7.236068
    } ],
    "faces" : [ {
      "vertices" : [ 0, 1, 2 ]
    }, {
      "vertices" : [ 0, 2, 1 ]
    } ]
  }, {
    "id" : "cd94f6f7-a00c-4b35-a21d-21eb902c3f1f",
    "vertices" : [ {
      "x" : -0.618034,
      "y" : 0.618034,
      "z" : 0.618034
    }, {
      "x" : -4.854102,
      "y" : 29.652475,
      "z" : 11.708204
    }, {
      "x" : -11.708204,
      "y" : 4.854102,
      "z" : 29.652475
    } ],
    "faces" : [ {
      "vertices" : [ 0, 1, 2 ]
    }, {
      "vertices" : [ 0, 2, 1 ]
    } ]
  }, {
    "id" : "7b329155-9cf9-44d7-8705-dff9512c2173",
    "vertices" : [ {
      "x" : -1.0,
      "y" : 0.0,
      "z" : 0.38196602
    }, {
      "x" : -25.798374,
      "y" : -17.944271,
      "z" : 7.236068
    }, {
      "x" : -30.034441,
      "y" : 11.09017,
      "z" : -3.854102
    } ],
    "faces" : [ {
      "vertices" : [ 0, 1, 2 ]
    }, {
      "vertices" : [ 0, 2, 1 ]
    } ]
  }, {
    "id" : "29c218e4-b9a3-486a-8e97-7ad34e2eab0d",
    "vertices" : [ {
      "x" : 0.0,
      "y" : 0.38196602,
      "z" : 1.0
    }, {
      "x" : -6.854102,
      "y" : 25.18034,
      "z" : 18.944271
    }, {
      "x" : 17.944271,
      "y" : 7.236068,
      "z" : 25.798374
    } ],
    "faces" : [ {
      "vertices" : [ 0, 1, 2 ]
    }, {
      "vertices" : [ 0, 2, 1 ]
    } ]
  }, {
    "id" : "7b75fa75-08de-4818-8c84-0751cea0a37f",
    "vertices" : [ {
      "x" : -0.38196602,
      "y" : -1.0,
      "z" : 0.0
    }, {
      "x" : -7.236068,
      "y" : -25.798374,
      "z" : 17.944271
    }, {
      "x" : 3.854102,
      "y" : -30.034441,
      "z" : -11.09017
    } ],
    "faces" : [ {
      "vertices" : [ 0, 1, 2 ]
    }, {
      "vertices" : [ 0, 2, 1 ]
    } ]
  }, {
    "id" : "207dd019-dec8-4f62-ba57-63068d98dd6f",
    "vertices" : [ {
      "x" : 1.0,
      "y" : 0.0,
      "z" : -0.38196602
    }, {
      "x" : 30.034441,
      "y" : 11.09017,
      "z" : 3.854102
    }, {
      "x" : 18.944271,
      "y" : 6.854102,
      "z" : -25.18034
    } ],
    "faces" : [ {
      "vertices" : [ 0, 1, 2 ]
    }, {
      "vertices" : [ 0, 2, 1 ]
    } ]
  }, {
    "id" : "bf101c2c-e2d1-4eaa-a110-122cc32abbe2",
    "vertices" : [ {
      "x" : -0.618034,
      "y" : -0.618034,
      "z" : 0.618034
    }, {
      "x" : -22.798374,
      "y" : -0.618034,
      "z" : 22.798374
    }, {
      "x" : -0.618034,
      "y" : -22.798374,
      "z" : 22.798374
    } ],
    "faces" : [ {
      "vertices" : [ 0, 1, 2 ]
    }, {
      "vertices" : [ 0, 2, 1 ]
    } ]
  }, {
    "id" : "d3d84613-5c79-4055-a1a5-52155304792d",
    "vertices" : [ {
      "x" : -0.618034,
      "y" : -0.618034,
      "z" : -0.618034
    }, {
      "x" : -4.854102,
      "y" : -29.652475,
      "z" : -11.708204
    }, {
      "x" : -11.708204,
      "y" : -4.854102,
      "z" : -29.652475
    } ],
    "faces" : [ {
      "vertices" : [ 0, 1, 2 ]
    }, {
      "vertices" : [ 0, 2, 1 ]
    } ]
  }, {
    "id" : "abd272f9-0c5b-4295-af43-ebb7f2856aa6",
    "vertices" : [ {
      "x" : -0.38196602,
      "y" : -1.0,
      "z" : 0.0
    }, {
      "x" : -25.18034,
      "y" : -18.944271,
      "z" : -6.854102
    }, {
      "x" : -7.236068,
      "y" : -25.798374,
      "z" : 17.944271
    } ],
    "faces" : [ {
      "vertices" : [ 0, 1, 2 ]
    }, {
      "vertices" : [ 0, 2, 1 ]
    } ]
  }, {
    "id" : "ecffdb85-05a8-4696-bcc9-c09a43462050",
    "vertices" : [ {
      "x" : 0.38196602,
      "y" : 1.0,
      "z" : 0.0
    }, {
      "x" : 25.18034,
      "y" : 18.944271,
      "z" : -6.854102
    }, {
      "x" : 7.236068,
      "y" : 25.798374,
      "z" : 17.944271
    } ],
    "faces" : [ {
      "vertices" : [ 0, 1, 2 ]
    }, {
      "vertices" : [ 0, 2, 1 ]
    } ]
  }, {
    "id" : "fe7997f9-0ac8-4159-8f58-d029dbfbc276",
    "vertices" : [ {
      "x" : 1.0,
      "y" : 0.0,
      "z" : 0.38196602
    }, {
      "x" : 30.034441,
      "y" : -11.09017,
      "z" : -3.854102
    }, {
      "x" : 18.944271,
      "y" : -6.854102,
      "z" : 25.18034
    } ],
    "faces" : [ {
      "vertices" : [ 0, 1, 2 ]
    }, {
      "vertices" : [ 0, 2, 1 ]
    } ]
  }, {
    "id" : "770bb0d7-6e70-4462-8f7f-241740fc1876",
    "vertices" : [ {
      "x" : -1.0,
      "y" : 0.0,
      "z" : 0.38196602
    }, {
      "x" : -30.034441,
      "y" : 11.09017,
      "z" : -3.854102
    }, {
      "x" : -18.944271,
      "y" : 6.854102,
      "z" : 25.18034
    } ],
    "faces" : [ {
      "vertices" : [ 0, 1, 2 ]
    }, {
      "vertices" : [ 0, 2, 1 ]
    } ]
  }, {
    "id" : "363e41ae-a550-44fe-abc3-5c851510572e",
    "vertices" : [ {
      "x" : 0.0,
      "y" : 0.38196602,
      "z" : 1.0
    }, {
      "x" : 17.944271,
      "y" : 7.236068,
      "z" : 25.798374
    }, {
      "x" : -11.09017,
      "y" : -3.854102,
      "z" : 30.034441
    } ],
    "faces" : [ {
      "vertices" : [ 0, 1, 2 ]
    }, {
      "vertices" : [ 0, 2, 1 ]
    } ]
  }, {
    "id" : "c41696e8-c950-4418-a2a0-d15f9dd2c38d",
    "vertices" : [ {
      "x" : 1.0,
      "y" : 0.0,
      "z" : 0.38196602
    }, {
      "x" : 25.798374,
      "y" : 17.944271,
      "z" : 7.236068
    }, {
      "x" : 30.034441,
      "y" : -11.09017,
      "z" : -3.854102
    } ],
    "faces" : [ {
      "vertices" : [ 0, 1, 2 ]
    }, {
      "vertices" : [ 0, 2, 1 ]
    } ]
  }, {
    "id" : "686efcfa-cd91-4dfd-ab6e-87df8e4d8339",
    "vertices" : [ {
      "x" : -0.618034,
      "y" : -0.618034,
      "z" : 0.618034
    }, {
      "x" : -0.618034,
      "y" : -22.798374,
      "z" : 22.798374
    }, {
      "x" : -22.798374,
      "y" : -22.798374,
      "z" : 0.618034
    } ],
    "faces" : [ {
      "vertices" : [ 0, 1, 2 ]
    }, {
      "vertices" : [ 0, 2, 1 ]
    } ]
  }, {
    "id" : "83e7ca0a-7055-4026-8c66-8b44cd6825b8",
    "vertices" : [ {
      "x" : 0.0,
      "y" : 0.38196602,
      "z" : -1.0
    }, {
      "x" : 6.854102,
      "y" : 25.18034,
      "z" : -18.944271
    }, {
      "x" : -17.944271,
      "y" : 7.236068,
      "z" : -25.798374
    } ],
    "faces" : [ {
      "vertices" : [ 0, 1, 2 ]
    }, {
      "vertices" : [ 0, 2, 1 ]
    } ]
  }, {
    "id" : "603d90ce-0ca7-462e-ba44-a399eee8a872",
    "vertices" : [ {
      "x" : 0.0,
      "y" : 0.38196602,
      "z" : -1.0
    }, {
      "x" : 11.09017,
      "y" : -3.854102,
      "z" : -30.034441
    }, {
      "x" : 6.854102,
      "y" : 25.18034,
      "z" : -18.944271
    } ],
    "faces" : [ {
      "vertices" : [ 0, 1, 2 ]
    }, {
      "vertices" : [ 0, 2, 1 ]
    } ]
  }, {
    "id" : "d234400d-8f45-42b4-b82b-212e3b869ac8",
    "vertices" : [ {
      "x" : 0.618034,
      "y" : -0.618034,
      "z" : 0.618034
    }, {
      "x" : 29.652475,
      "y" : -11.708204,
      "z" : 4.854102
    }, {
      "x" : 4.854102,
      "y" : -29.652475,
      "z" : 11.708204
    } ],
    "faces" : [ {
      "vertices" : [ 0, 1, 2 ]
    }, {
      "vertices" : [ 0, 2, 1 ]
    } ]
  }, {
    "id" : "fe3a0161-5076-410b-acfb-ac9a15c2c447",
    "vertices" : [ {
      "x" : -1.0,
      "y" : 0.0,
      "z" : -0.38196602
    }, {
      "x" : -30.034441,
      "y" : -11.09017,
      "z" : 3.854102
    }, {
      "x" : -18.944271,
      "y" : -6.854102,
      "z" : -25.18034
    } ],
    "faces" : [ {
      "vertices" : [ 0, 1, 2 ]
    }, {
      "vertices" : [ 0, 2, 1 ]
    } ]
  }, {
    "id" : "3d058f5c-a44c-453b-99de-a6ef17def50b",
    "vertices" : [ {
      "x" : 0.0,
      "y" : -0.38196602,
      "z" : 1.0
    }, {
      "x" : 11.09017,
      "y" : 3.854102,
      "z" : 30.034441
    }, {
      "x" : 6.854102,
      "y" : -25.18034,
      "z" : 18.944271
    } ],
    "faces" : [ {
      "vertices" : [ 0, 1, 2 ]
    }, {
      "vertices" : [ 0, 2, 1 ]
    } ]
  }, {
    "id" : "079b0a18-ed02-44b9-91bf-8c577f383125",
    "vertices" : [ {
      "x" : 0.618034,
      "y" : 0.618034,
      "z" : 0.618034
    }, {
      "x" : 22.798374,
      "y" : 0.618034,
      "z" : 22.798374
    }, {
      "x" : 0.618034,
      "y" : 22.798374,
      "z" : 22.798374
    } ],
    "faces" : [ {
      "vertices" : [ 0, 1, 2 ]
    }, {
      "vertices" : [ 0, 2, 1 ]
    } ]
  }, {
    "id" : "32a376f1-267d-430c-b0a6-3930059e44f3",
    "vertices" : [ {
      "x" : 0.38196602,
      "y" : 1.0,
      "z" : 0.0
    }, {
      "x" : 7.236068,
      "y" : 25.798374,
      "z" : 17.944271
    }, {
      "x" : -3.854102,
      "y" : 30.034441,
      "z" : -11.09017
    } ],
    "faces" : [ {
      "vertices" : [ 0, 1, 2 ]
    }, {
      "vertices" : [ 0, 2, 1 ]
    } ]
  }, {
    "id" : "d8866e92-97c7-4da8-b348-4be30ca5bc62",
    "vertices" : [ {
      "x" : 0.38196602,
      "y" : -1.0,
      "z" : 0.0
    }, {
      "x" : -3.854102,
      "y" : -30.034441,
      "z" : 11.09017
    }, {
      "x" : 25.18034,
      "y" : -18.944271,
      "z" : 6.854102
    } ],
    "faces" : [ {
      "vertices" : [ 0, 1, 2 ]
    }, {
      "vertices" : [ 0, 2, 1 ]
    } ]
  }, {
    "id" : "61be4d25-dcc4-42fa-880d-bdffa361982a",
    "vertices" : [ {
      "x" : 0.0,
      "y" : -0.38196602,
      "z" : -1.0
    }, {
      "x" : -6.854102,
      "y" : -25.18034,
      "z" : -18.944271
    }, {
      "x" : 17.944271,
      "y" : -7.236068,
      "z" : -25.798374
    } ],
    "faces" : [ {
      "vertices" : [ 0, 1, 2 ]
    }, {
      "vertices" : [ 0, 2, 1 ]
    } ]
  }, {
    "id" : "ed971ec6-5dcc-4df9-9abc-86a019986900",
    "vertices" : [ {
      "x" : -0.38196602,
      "y" : 1.0,
      "z" : 0.0
    }, {
      "x" : -25.18034,
      "y" : 18.944271,
      "z" : 6.854102
    }, {
      "x" : -7.236068,
      "y" : 25.798374,
      "z" : -17.944271
    } ],
    "faces" : [ {
      "vertices" : [ 0, 1, 2 ]
    }, {
      "vertices" : [ 0, 2, 1 ]
    } ]
  }, {
    "id" : "b0236873-c4e3-4e93-925c-048771f6f309",
    "vertices" : [ {
      "x" : 0.38196602,
      "y" : -1.0,
      "z" : 0.0
    }, {
      "x" : 7.236068,
      "y" : -25.798374,
      "z" : -17.944271
    }, {
      "x" : -3.854102,
      "y" : -30.034441,
      "z" : 11.09017
    } ],
    "faces" : [ {
      "vertices" : [ 0, 1, 2 ]
    }, {
      "vertices" : [ 0, 2, 1 ]
    } ]
  }, {
    "id" : "5ebe405f-8296-4e31-8b3b-61f3f632a063",
    "vertices" : [ {
      "x" : -0.618034,
      "y" : 0.618034,
      "z" : 0.618034
    }, {
      "x" : -11.708204,
      "y" : 4.854102,
      "z" : 29.652475
    }, {
      "x" : -29.652475,
      "y" : 11.708204,
      "z" : 4.854102
    } ],
    "faces" : [ {
      "vertices" : [ 0, 1, 2 ]
    }, {
      "vertices" : [ 0, 2, 1 ]
    } ]
  }, {
    "id" : "758f5ee5-193e-41ee-ae04-5ee557fba7ce",
    "vertices" : [ {
      "x" : 0.38196602,
      "y" : -1.0,
      "z" : 0.0
    }, {
      "x" : 25.18034,
      "y" : -18.944271,
      "z" : 6.854102
    }, {
      "x" : 7.236068,
      "y" : -25.798374,
      "z" : -17.944271
    } ],
    "faces" : [ {
      "vertices" : [ 0, 1, 2 ]
    }, {
      "vertices" : [ 0, 2, 1 ]
    } ]
  }, {
    "id" : "675ac549-d5c7-4900-b34c-b0a8e70accff",
    "vertices" : [ {
      "x" : 0.0,
      "y" : -0.38196602,
      "z" : -1.0
    }, {
      "x" : 17.944271,
      "y" : -7.236068,
      "z" : -25.798374
    }, {
      "x" : -11.09017,
      "y" : 3.854102,
      "z" : -30.034441
    } ],
    "faces" : [ {
      "vertices" : [ 0, 1, 2 ]
    }, {
      "vertices" : [ 0, 2, 1 ]
    } ]
  }, {
    "id" : "b24f8ade-57c7-4915-ba52-fbe4359af2aa",
    "vertices" : [ {
      "x" : 1.0,
      "y" : 0.0,
      "z" : -0.38196602
    }, {
      "x" : 25.798374,
      "y" : -17.944271,
      "z" : -7.236068
    }, {
      "x" : 30.034441,
      "y" : 11.09017,
      "z" : 3.854102
    } ],
    "faces" : [ {
      "vertices" : [ 0, 1, 2 ]
    }, {
      "vertices" : [ 0, 2, 1 ]
    } ]
  }, {
    "id" : "f46e16c2-37f2-47ea-8f28-4e809d9c59ef",
    "vertices" : [ {
      "x" : -0.618034,
      "y" : -0.618034,
      "z" : -0.618034
    }, {
      "x" : -11.708204,
      "y" : -4.854102,
      "z" : -29.652475
    }, {
      "x" : -29.652475,
      "y" : -11.708204,
      "z" : -4.854102
    } ],
    "faces" : [ {
      "vertices" : [ 0, 1, 2 ]
    }, {
      "vertices" : [ 0, 2, 1 ]
    } ]
  }, {
    "id" : "1bbbe6b3-292c-491a-97f5-2aac5c07d6a9",
    "vertices" : [ {
      "x" : -0.38196602,
      "y" : -1.0,
      "z" : 0.0
    }, {
      "x" : 3.854102,
      "y" : -30.034441,
      "z" : -11.09017
    }, {
      "x" : -25.18034,
      "y" : -18.944271,
      "z" : -6.854102
    } ],
    "faces" : [ {
      "vertices" : [ 0, 1, 2 ]
    }, {
      "vertices" : [ 0, 2, 1 ]
    } ]
  }, {
    "id" : "23a2e22e-be15-4825-a2ec-2d3a4ba787ca",
    "vertices" : [ {
      "x" : 0.618034,
      "y" : -0.618034,
      "z" : -0.618034
    }, {
      "x" : 0.618034,
      "y" : -22.798374,
      "z" : -22.798374
    }, {
      "x" : 22.798374,
      "y" : -22.798374,
      "z" : -0.618034
    } ],
    "faces" : [ {
      "vertices" : [ 0, 1, 2 ]
    }, {
      "vertices" : [ 0, 2, 1 ]
    } ]
  }, {
    "id" : "0940f79d-1896-47b5-a891-4f6a97ad44b6",
    "vertices" : [ {
      "x" : -0.618034,
      "y" : 0.618034,
      "z" : -0.618034
    }, {
      "x" : -22.798374,
      "y" : 0.618034,
      "z" : -22.798374
    }, {
      "x" : -0.618034,
      "y" : 22.798374,
      "z" : -22.798374
    } ],
    "faces" : [ {
      "vertices" : [ 0, 1, 2 ]
    }, {
      "vertices" : [ 0, 2, 1 ]
    } ]
  }, {
    "id" : "691d138f-b6d4-477d-ba27-2e3da4776a88",
    "vertices" : [ {
      "x" : -1.0,
      "y" : 0.0,
      "z" : 0.38196602
    }, {
      "x" : -18.944271,
      "y" : 6.854102,
      "z" : 25.18034
    }, {
      "x" : -25.798374,
      "y" : -17.944271,
      "z" : 7.236068
    } ],
    "faces" : [ {
      "vertices" : [ 0, 1, 2 ]
    }, {
      "vertices" : [ 0, 2, 1 ]
    } ]
  }, {
    "id" : "605388b3-a1e6-480f-b276-dee39aca4c2f",
    "vertices" : [ {
      "x" : 0.618034,
      "y" : 0.618034,
      "z" : 0.618034
    }, {
      "x" : 22.798374,
      "y" : 22.798374,
      "z" : 0.618034
    }, {
      "x" : 22.798374,
      "y" : 0.618034,
      "z" : 22.798374
    } ],
    "faces" : [ {
      "vertices" : [ 0, 1, 2 ]
    }, {
      "vertices" : [ 0, 2, 1 ]
    } ]
  }, {
    "id" : "242b9d9e-acf4-4be7-8456-2ba3732a0b18",
    "vertices" : [ {
      "x" : 0.618034,
      "y" : -0.618034,
      "z" : -0.618034
    }, {
      "x" : 22.798374,
      "y" : -0.618034,
      "z" : -22.798374
    }, {
      "x" : 0.618034,
      "y" : -22.798374,
      "z" : -22.798374
    } ],
    "faces" : [ {
      "vertices" : [ 0, 1, 2 ]
    }, {
      "vertices" : [ 0, 2, 1 ]
    } ]
  }, {
    "id" : "4f51d291-41ba-4490-93ed-368a60e9eca4",
    "vertices" : [ {
      "x" : 0.618034,
      "y" : 0.618034,
      "z" : -0.618034
    }, {
      "x" : 29.652475,
      "y" : 11.708204,
      "z" : -4.854102
    }, {
      "x" : 4.854102,
      "y" : 29.652475,
      "z" : -11.708204
    } ],
    "faces" : [ {
      "vertices" : [ 0, 1, 2 ]
    }, {
      "vertices" : [ 0, 2, 1 ]
    } ]
  }, {
    "id" : "b4cb19f1-d883-4570-998f-88d98337c522",
    "vertices" : [ {
      "x" : 0.618034,
      "y" : -0.618034,
      "z" : 0.618034
    }, {
      "x" : 4.854102,
      "y" : -29.652475,
      "z" : 11.708204
    }, {
      "x" : 11.708204,
      "y" : -4.854102,
      "z" : 29.652475
    } ],
    "faces" : [ {
      "vertices" : [ 0, 1, 2 ]
    }, {
      "vertices" : [ 0, 2, 1 ]
    } ]
  }, {
    "id" : "f11b273e-6a6f-4282-9221-1c9f31bf9a43",
    "vertices" : [ {
      "x" : 0.618034,
      "y" : 0.618034,
      "z" : -0.618034
    }, {
      "x" : 11.708204,
      "y" : 4.854102,
      "z" : -29.652475
    }, {
      "x" : 29.652475,
      "y" : 11.708204,
      "z" : -4.854102
    } ],
    "faces" : [ {
      "vertices" : [ 0, 1, 2 ]
    }, {
      "vertices" : [ 0, 2, 1 ]
    } ]
  }, {
    "id" : "e8e74bdf-c658-4919-8d66-3cae4a36f776",
    "vertices" : [ {
      "x" : 0.0,
      "y" : 0.38196602,
      "z" : -1.0
    }, {
      "x" : -17.944271,
      "y" : 7.236068,
      "z" : -25.798374
    }, {
      "x" : 11.09017,
      "y" : -3.854102,
      "z" : -30.034441
    } ],
    "faces" : [ {
      "vertices" : [ 0, 1, 2 ]
    }, {
      "vertices" : [ 0, 2, 1 ]
    } ]
  }, {
    "id" : "0372c678-3e52-4768-b201-7891f55ab5d6",
    "vertices" : [ {
      "x" : 0.618034,
      "y" : -0.618034,
      "z" : 0.618034
    }, {
      "x" : 11.708204,
      "y" : -4.854102,
      "z" : 29.652475
    }, {
      "x" : 29.652475,
      "y" : -11.708204,
      "z" : 4.854102
    } ],
    "faces" : [ {
      "vertices" : [ 0, 1, 2 ]
    }, {
      "vertices" : [ 0, 2, 1 ]
    } ]
  }, {
    "id" : "9c40a314-4fd8-42d5-936d-a4b45231ca71",
    "vertices" : [ {
      "x" : -0.38196602,
      "y" : 1.0,
      "z" : 0.0
    }, {
      "x" : -7.236068,
      "y" : 25.798374,
      "z" : -17.944271
    }, {
      "x" : 3.854102,
      "y" : 30.034441,
      "z" : 11.09017
    } ],
    "faces" : [ {
      "vertices" : [ 0, 1, 2 ]
    }, {
      "vertices" : [ 0, 2, 1 ]
    } ]
  }, {
    "id" : "9047651d-d045-48cd-a24a-acce78f35c0b",
    "vertices" : [ {
      "x" : 0.618034,
      "y" : 0.618034,
      "z" : 0.618034
    }, {
      "x" : 0.618034,
      "y" : 22.798374,
      "z" : 22.798374
    }, {
      "x" : 22.798374,
      "y" : 22.798374,
      "z" : 0.618034
    } ],
    "faces" : [ {
      "vertices" : [ 0, 1, 2 ]
    }, {
      "vertices" : [ 0, 2, 1 ]
    } ]
  }, {
    "id" : "73fcf337-8970-4d99-a577-855add7ea72b",
    "vertices" : [ {
      "x" : 0.0,
      "y" : 0.38196602,
      "z" : 1.0
    }, {
      "x" : -11.09017,
      "y" : -3.854102,
      "z" : 30.034441
    }, {
      "x" : -6.854102,
      "y" : 25.18034,
      "z" : 18.944271
    } ],
    "faces" : [ {
      "vertices" : [ 0, 1, 2 ]
    }, {
      "vertices" : [ 0, 2, 1 ]
    } ]
  }, {
    "id" : "08dd9897-ae07-474c-9f9f-9be6173f051b",
    "vertices" : [ {
      "x" : 0.618034,
      "y" : -0.618034,
      "z" : -0.618034
    }, {
      "x" : 22.798374,
      "y" : -22.798374,
      "z" : -0.618034
    }, {
      "x" : 22.798374,
      "y" : -0.618034,
      "z" : -22.798374
    } ],
    "faces" : [ {
      "vertices" : [ 0, 1, 2 ]
    }, {
      "vertices" : [ 0, 2, 1 ]
    } ]
  }, {
    "id" : "aba623ae-fe7f-4a85-9cdd-a50da4871ae0",
    "vertices" : [ {
      "x" : -0.618034,
      "y" : 0.618034,
      "z" : -0.618034
    }, {
      "x" : -0.618034,
      "y" : 22.798374,
      "z" : -22.798374
    }, {
      "x" : -22.798374,
      "y" : 22.798374,
      "z" : -0.618034
    } ],
    "faces" : [ {
      "vertices" : [ 0, 1, 2 ]
    }, {
      "vertices" : [ 0, 2, 1 ]
    } ]
  }, {
    "id" : "c89e947e-9079-42aa-adff-6818cf119f93",
    "vertices" : [ {
      "x" : -0.618034,
      "y" : -0.618034,
      "z" : 0.618034
    }, {
      "x" : -22.798374,
      "y" : -22.798374,
      "z" : 0.618034
    }, {
      "x" : -22.798374,
      "y" : -0.618034,
      "z" : 22.798374
    } ],
    "faces" : [ {
      "vertices" : [ 0, 1, 2 ]
    }, {
      "vertices" : [ 0, 2, 1 ]
    } ]
  }, {
    "id" : "06192e89-d1ff-44ec-8299-40052fc80c33",
    "vertices" : [ {
      "x" : -0.618034,
      "y" : 0.618034,
      "z" : 0.618034
    }, {
      "x" : -29.652475,
      "y" : 11.708204,
      "z" : 4.854102
    }, {
      "x" : -4.854102,
      "y" : 29.652475,
      "z" : 11.708204
    } ],
    "faces" : [ {
      "vertices" : [ 0, 1, 2 ]
    }, {
      "vertices" : [ 0, 2, 1 ]
    } ]
  }, {
    "id" : "b9dbab74-c91a-4f14-8956-46f55485500a",
    "vertices" : [ {
      "x" : -0.618034,
      "y" : 0.618034,
      "z" : -0.618034
    }, {
      "x" : -22.798374,
      "y" : 22.798374,
      "z" : -0.618034
    }, {
      "x" : -22.798374,
      "y" : 0.618034,
      "z" : -22.798374
    } ],
    "faces" : [ {
      "vertices" : [ 0, 1, 2 ]
    }, {
      "vertices" : [ 0, 2, 1 ]
    } ]
  }, {
    "id" : "6f00a24d-2706-4f84-afb6-93ebe4397848",
    "vertices" : [ {
      "x" : 1.0,
      "y" : 0.0,
      "z" : -0.38196602
    }, {
      "x" : 18.944271,
      "y" : 6.854102,
      "z" : -25.18034
    }, {
      "x" : 25.798374,
      "y" : -17.944271,
      "z" : -7.236068
    } ],
    "faces" : [ {
      "vertices" : [ 0, 1, 2 ]
    }, {
      "vertices" : [ 0, 2, 1 ]
    } ]
  }, {
    "id" : "606a3e32-a5d9-4b48-90c0-a4969d1bc244",
    "vertices" : [ {
      "x" : -0.618034,
      "y" : -0.618034,
      "z" : -0.618034
    }, {
      "x" : -29.652475,
      "y" : -11.708204,
      "z" : -4.854102
    }, {
      "x" : -4.854102,
      "y" : -29.652475,
      "z" : -11.708204
    } ],
    "faces" : [ {
      "vertices" : [ 0, 1, 2 ]
    }, {
      "vertices" : [ 0, 2, 1 ]
    } ]
  }, {
    "id" : "bb242d97-4379-4b1b-9195-d40f21316abd",
    "vertices" : [ {
      "x" : -0.38196602,
      "y" : 1.0,
      "z" : 0.0
    }, {
      "x" : 3.854102,
      "y" : 30.034441,
      "z" : 11.09017
    }, {
      "x" : -25.18034,
      "y" : 18.944271,
      "z" : 6.854102
    } ],
    "faces" : [ {
      "vertices" : [ 0, 1, 2 ]
    }, {
      "vertices" : [ 0, 2, 1 ]
    } ]
  }, {
    "id" : "23369ca9-feb7-40c2-80d7-f5b78fb32cab",
    "vertices" : [ {
      "x" : 0.38196602,
      "y" : 1.0,
      "z" : 0.0
    }, {
      "x" : -3.854102,
      "y" : 30.034441,
      "z" : -11.09017
    }, {
      "x" : 25.18034,
      "y" : 18.944271,
      "z" : -6.854102
    } ],
    "faces" : [ {
      "vertices" : [ 0, 1, 2 ]
    }, {
      "vertices" : [ 0, 2, 1 ]
    } ]
  }, {
    "id" : "13bec909-615a-4abc-a07e-83ed99ef8259",
    "vertices" : [ {
      "x" : 40.12461,
      "y" : -58.068882,
      "z" : 6.854102
    }, {
      "x" : 22.18034,
      "y" : -64.92299,
      "z" : -17.944271
    }, {
      "x" : 15.326238,
      "y" : -40.12461,
      "z" : 0.0
    } ],
    "faces" : [ {
      "vertices" : [ 0, 1, 2 ]
    }, {
      "vertices" : [ 0, 2, 1 ]
    } ]
  }, {
    "id" : "7081139b-3e5d-43f6-aac3-634dba09d97a",
    "vertices" : [ {
      "x" : -35.888542,
      "y" : -29.034441,
      "z" : -53.832817
    }, {
      "x" : -53.832817,
      "y" : -35.888542,
      "z" : -29.034441
    }, {
      "x" : -24.798374,
      "y" : -24.798374,
      "z" : -24.798374
    } ],
    "faces" : [ {
      "vertices" : [ 0, 1, 2 ]
    }, {
      "vertices" : [ 0, 2, 1 ]
    } ]
  }, {
    "id" : "91b3b24e-6c96-41b7-8ca4-12ad9acda3fb",
    "vertices" : [ {
      "x" : 1.0,
      "y" : 0.309017,
      "z" : 0.19098301
    }, {
      "x" : 1.0,
      "y" : -0.309017,
      "z" : 0.19098301
    }, {
      "x" : 29.652475,
      "y" : -0.309017,
      "z" : 0.19098301
    }, {
      "x" : 29.652475,
      "y" : 0.309017,
      "z" : 0.19098301
    }, {
      "x" : 29.652475,
      "y" : -0.309017,
      "z" : -0.19098301
    }, {
      "x" : 29.652475,
      "y" : 0.309017,
      "z" : -0.19098301
    }, {
      "x" : 30.27051,
      "y" : 0.0,
      "z" : 0.0
    }, {
      "x" : 0.38196602,
      "y" : 0.0,
      "z" : 0.0
    }, {
      "x" : 1.0,
      "y" : 0.309017,
      "z" : -0.19098301
    }, {
      "x" : 1.0,
      "y" : -0.309017,
      "z" : -0.19098301
    }, {
      "x" : 30.652475,
      "y" : 0.0,
      "z" : 0.0
    } ],
    "faces" : [ {
      "vertices" : [ 1, 9, 4 ]
    }, {
      "vertices" : [ 1, 4, 2 ]
    }, {
      "vertices" : [ 0, 3, 5 ]
    }, {
      "vertices" : [ 0, 5, 8 ]
    }, {
      "vertices" : [ 1, 7, 9 ]
    }, {
      "vertices" : [ 0, 1, 2 ]
    }, {
      "vertices" : [ 0, 2, 3 ]
    }, {
      "vertices" : [ 7, 8, 9 ]
    }, {
      "vertices" : [ 0, 7, 1 ]
    }, {
      "vertices" : [ 4, 9, 8 ]
    }, {
      "vertices" : [ 4, 8, 5 ]
    }, {
      "vertices" : [ 2, 6, 3 ]
    }, {
      "vertices" : [ 2, 4, 6 ]
    }, {
      "vertices" : [ 3, 6, 5 ]
    }, {
      "vertices" : [ 4, 5, 6 ]
    }, {
      "vertices" : [ 0, 8, 7 ]
    } ]
  }, {
    "id" : "61a8c375-b59b-492f-bca9-16368fcd664a",
    "vertices" : [ {
      "x" : -69.15905,
      "y" : -11.09017,
      "z" : -11.09017
    }, {
      "x" : -58.068882,
      "y" : -6.854102,
      "z" : -40.12461
    }, {
      "x" : -40.12461,
      "y" : 0.0,
      "z" : -15.326238
    } ],
    "faces" : [ {
      "vertices" : [ 0, 1, 2 ]
    }, {
      "vertices" : [ 0, 2, 1 ]
    } ]
  }, {
    "id" : "cf570b74-347b-4142-aba8-c4146f5e69cd",
    "vertices" : [ {
      "x" : 6.854102,
      "y" : 40.12461,
      "z" : -58.068882
    }, {
      "x" : -17.944271,
      "y" : 22.18034,
      "z" : -64.92299
    }, {
      "x" : 0.0,
      "y" : 15.326238,
      "z" : -40.12461
    } ],
    "faces" : [ {
      "vertices" : [ 0, 1, 2 ]
    }, {
      "vertices" : [ 0, 2, 1 ]
    } ]
  }, {
    "id" : "67e1afcf-0243-486d-925f-9029940a0d54",
    "vertices" : [ {
      "x" : -64.92299,
      "y" : -17.944271,
      "z" : 22.18034
    }, {
      "x" : -69.15905,
      "y" : 11.09017,
      "z" : 11.09017
    }, {
