{
  "field" : "golden",
  "symmetry" : "icosahedral",
  "orientations" : [ [ 1.0, 0.0, 0.0, 0.0, 0.0, 1.0, 0.0, 0.0, 0.0, 0.0, 1.0, 0.0, 0.0, 0.0, 0.0, 1.0 ], [ 0.0, 0.0, 1.0, 0.0, 1.0, 0.0, 0.0, 0.0, 0.0, 1.0, 0.0, 0.0, 0.0, 0.0, 0.0, 1.0 ], [ 0.0, 1.0, 0.0, 0.0, 0.0, 0.0, 1.0, 0.0, 1.0, 0.0, 0.0, 0.0, 0.0, 0.0, 0.0, 1.0 ], [ 0.809017, 0.309017, 0.5, 0.0, 0.309017, 0.5, -0.809017, 0.0, -0.5, 0.809017, 0.309017, 0.0, 0.0, 0.0, 0.0, 1.0 ], [ -0.5, 0.809017, 0.309017, 0.0, 0.809017, 0.309017, 0.5, 0.0, 0.309017, 0.5, -0.809017, 0.0, 0.0, 0.0, 0.0, 1.0 ], [ 0.309017, 0.5, -0.809017, 0.0, -0.5, 0.809017, 0.309017, 0.0, 0.809017, 0.309017, 0.5, 0.0, 0.0, 0.0, 0.0, 1.0 ], [ 0.5, 0.809017, 0.309017, 0.0, 0.809017, -0.309017, -0.5, 0.0, -0.309017, 0.5, -0.809017, 0.0, 0.0, 0.0, 0.0, 1.0 ], [ -0.309017, 0.5, -0.809017, 0.0, 0.5, 0.809017, 0.309017, 0.0, 0.809017, -0.309017, -0.5, 0.0, 0.0, 0.0, 0.0, 1.0 ], [ 0.809017, -0.309017, -0.5, 0.0, -0.309017, 0.5, -0.809017, 0.0, 0.5, 0.809017, 0.309017, 0.0, 0.0, 0.0, 0.0, 1.0 ], [ 0.5, 0.809017, -0.309017, 0.0, 0.809017, -0.309017, 0.5, 0.0, 0.309017, -0.5, -0.809017, 0.0, 0.0, 0.0, 0.0, 1.0 ], [ 0.309017, -0.5, -0.809017, 0.0, 0.5, 0.809017, -0.309017, 0.0, 0.809017, -0.309017, 0.5, 0.0, 0.0, 0.0, 0.0, 1.0 ], [ 0.809017, -0.309017, 0.5, 0.0, 0.309017, -0.5, -0.809017, 0.0, 0.5, 0.809017, -0.309017, 0.0, 0.0, 0.0, 0.0, 1.0 ], [ 0.809017, 0.309017, -0.5, 0.0, 0.309017, 0.5, 0.809017, 0.0, 0.5, -0.809017, 0.309017, 0.0, 0.0, 0.0, 0.0, 1.0 ], [ 0.5, -0.809017, 0.309017, 0.0, 0.809017, 0.309017, -0.5, 0.0, 0.309017, 0.5, 0.809017, 0.0, 0.0, 0.0, 0.0, 1.0 ], [ 0.309017, 0.5, 0.809017, 0.0, 0.5, -0.809017, 0.309017, 0.0, 0.809017, 0.309017, -0.5, 0.0, 0.0, 0.0, 0.0, 1.0 ], [ 1.0, 0.0, 0.0, 0.0, 0.0, -1.0, 0.0, 0.0, 0.0, 0.0, -1.0, 0.0, 0.0, 0.0, 0.0, 1.0 ], [ 0.0, 0.0, 1.0, 0.0, -1.0, 0.0, 0.0, 0.0, 0.0, -1.0, 0.0, 0.0, 0.0, 0.0, 0.0, 1.0 ], [ 0.0, 1.0, 0.0, 0.0, 0.0, 0.0, -1.0, 0.0, -1.0, 0.0, 0.0, 0.0, 0.0, 0.0, 0.0, 1.0 ], [ 0.809017, 0.309017, 0.5, 0.0, -0.309017, -0.5, 0.809017, 0.0, 0.5, -0.809017, -0.309017, 0.0, 0.0, 0.0, 0.0, 1.0 ], [ -0.5, 0.809017, 0.309017, 0.0, -0.809017, -0.309017, -0.5, 0.0, -0.309017, -0.5, 0.809017, 0.0, 0.0, 0.0, 0.0, 1.0 ], [ 0.309017, 0.5, -0.809017, 0.0, 0.5, -0.809017, -0.309017, 0.0, -0.809017, -0.309017, -0.5, 0.0, 0.0, 0.0, 0.0, 1.0 ], [ 0.5, 0.809017, 0.309017, 0.0, -0.809017, 0.309017, 0.5, 0.0, 0.309017, -0.5, 0.809017, 0.0, 0.0, 0.0, 0.0, 1.0 ], [ -0.309017, 0.5, -0.809017, 0.0, -0.5, -0.809017, -0.309017, 0.0, -0.809017, 0.309017, 0.5, 0.0, 0.0, 0.0, 0.0, 1.0 ], [ 0.809017, -0.309017, -0.5, 0.0, 0.309017, -0.5, 0.809017, 0.0, -0.5, -0.809017, -0.309017, 0.0, 0.0, 0.0, 0.0, 1.0 ], [ 0.5, 0.809017, -0.309017, 0.0, -0.809017, 0.309017, -0.5, 0.0, -0.309017, 0.5, 0.809017, 0.0, 0.0, 0.0, 0.0, 1.0 ], [ 0.309017, -0.5, -0.809017, 0.0, -0.5, -0.809017, 0.309017, 0.0, -0.809017, 0.309017, -0.5, 0.0, 0.0, 0.0, 0.0, 1.0 ], [ 0.809017, -0.309017, 0.5, 0.0, -0.309017, 0.5, 0.809017, 0.0, -0.5, -0.809017, 0.309017, 0.0, 0.0, 0.0, 0.0, 1.0 ], [ 0.809017, 0.309017, -0.5, 0.0, -0.309017, -0.5, -0.809017, 0.0, -0.5, 0.809017, -0.309017, 0.0, 0.0, 0.0, 0.0, 1.0 ], [ 0.5, -0.809017, 0.309017, 0.0, -0.809017, -0.309017, 0.5, 0.0, -0.309017, -0.5, -0.809017, 0.0, 0.0, 0.0, 0.0, 1.0 ], [ 0.309017, 0.5, 0.809017, 0.0, -0.5, 0.809017, -0.309017, 0.0, -0.809017, -0.309017, 0.5, 0.0, 0.0, 0.0, 0.0, 1.0 ], [ -1.0, 0.0, 0.0, 0.0, 0.0, -1.0, 0.0, 0.0, 0.0, 0.0, 1.0, 0.0, 0.0, 0.0, 0.0, 1.0 ], [ 0.0, 0.0, -1.0, 0.0, -1.0, 0.0, 0.0, 0.0, 0.0, 1.0, 0.0, 0.0, 0.0, 0.0, 0.0, 1.0 ], [ 0.0, -1.0, 0.0, 0.0, 0.0, 0.0, -1.0, 0.0, 1.0, 0.0, 0.0, 0.0, 0.0, 0.0, 0.0, 1.0 ], [ -0.809017, -0.309017, -0.5, 0.0, -0.309017, -0.5, 0.809017, 0.0, -0.5, 0.809017, 0.309017, 0.0, 0.0, 0.0, 0.0, 1.0 ], [ 0.5, -0.809017, -0.309017, 0.0, -0.809017, -0.309017, -0.5, 0.0, 0.309017, 0.5, -0.809017, 0.0, 0.0, 0.0, 0.0, 1.0 ], [ -0.309017, -0.5, 0.809017, 0.0, 0.5, -0.809017, -0.309017, 0.0, 0.809017, 0.309017, 0.5, 0.0, 0.0, 0.0, 0.0, 1.0 ], [ -0.5, -0.809017, -0.309017, 0.0, -0.809017, 0.309017, 0.5, 0.0, -0.309017, 0.5, -0.809017, 0.0, 0.0, 0.0, 0.0, 1.0 ], [ 0.309017, -0.5, 0.809017, 0.0, -0.5, -0.809017, -0.309017, 0.0, 0.809017, -0.309017, -0.5, 0.0, 0.0, 0.0, 0.0, 1.0 ], [ -0.809017, 0.309017, 0.5, 0.0, 0.309017, -0.5, 0.809017, 0.0, 0.5, 0.809017, 0.309017, 0.0, 0.0, 0.0, 0.0, 1.0 ], [ -0.5, -0.809017, 0.309017, 0.0, -0.809017, 0.309017, -0.5, 0.0, 0.309017, -0.5, -0.809017, 0.0, 0.0, 0.0, 0.0, 1.0 ], [ -0.309017, 0.5, 0.809017, 0.0, -0.5, -0.809017, 0.309017, 0.0, 0.809017, -0.309017, 0.5, 0.0, 0.0, 0.0, 0.0, 1.0 ], [ -0.809017, 0.309017, -0.5, 0.0, -0.309017, 0.5, 0.809017, 0.0, 0.5, 0.809017, -0.309017, 0.0, 0.0, 0.0, 0.0, 1.0 ], [ -0.809017, -0.309017, 0.5, 0.0, -0.309017, -0.5, -0.809017, 0.0, 0.5, -0.809017, 0.309017, 0.0, 0.0, 0.0, 0.0, 1.0 ], [ -0.5, 0.809017, -0.309017, 0.0, -0.809017, -0.309017, 0.5, 0.0, 0.309017, 0.5, 0.809017, 0.0, 0.0, 0.0, 0.0, 1.0 ], [ -0.309017, -0.5, -0.809017, 0.0, -0.5, 0.809017, -0.309017, 0.0, 0.809017, 0.309017, -0.5, 0.0, 0.0, 0.0, 0.0, 1.0 ], [ -1.0, 0.0, 0.0, 0.0, 0.0, 1.0, 0.0, 0.0, 0.0, 0.0, -1.0, 0.0, 0.0, 0.0, 0.0, 1.0 ], [ 0.0, 0.0, -1.0, 0.0, 1.0, 0.0, 0.0, 0.0, 0.0, -1.0, 0.0, 0.0, 0.0, 0.0, 0.0, 1.0 ], [ 0.0, -1.0, 0.0, 0.0, 0.0, 0.0, 1.0, 0.0, -1.0, 0.0, 0.0, 0.0, 0.0, 0.0, 0.0, 1.0 ], [ -0.809017, -0.309017, -0.5, 0.0, 0.309017, 0.5, -0.809017, 0.0, 0.5, -0.809017, -0.309017, 0.0, 0.0, 0.0, 0.0, 1.0 ], [ 0.5, -0.809017, -0.309017, 0.0, 0.809017, 0.309017, 0.5, 0.0, -0.309017, -0.5, 0.809017, 0.0, 0.0, 0.0, 0.0, 1.0 ], [ -0.309017, -0.5, 0.809017, 0.0, -0.5, 0.809017, 0.309017, 0.0, -0.809017, -0.309017, -0.5, 0.0, 0.0, 0.0, 0.0, 1.0 ], [ -0.5, -0.809017, -0.309017, 0.0, 0.809017, -0.309017, -0.5, 0.0, 0.309017, -0.5, 0.809017, 0.0, 0.0, 0.0, 0.0, 1.0 ], [ 0.309017, -0.5, 0.809017, 0.0, 0.5, 0.809017, 0.309017, 0.0, -0.809017, 0.309017, 0.5, 0.0, 0.0, 0.0, 0.0, 1.0 ], [ -0.809017, 0.309017, 0.5, 0.0, -0.309017, 0.5, -0.809017, 0.0, -0.5, -0.809017, -0.309017, 0.0, 0.0, 0.0, 0.0, 1.0 ], [ -0.5, -0.809017, 0.309017, 0.0, 0.809017, -0.309017, 0.5, 0.0, -0.309017, 0.5, 0.809017, 0.0, 0.0, 0.0, 0.0, 1.0 ], [ -0.309017, 0.5, 0.809017, 0.0, 0.5, 0.809017, -0.309017, 0.0, -0.809017, 0.309017, -0.5, 0.0, 0.0, 0.0, 0.0, 1.0 ], [ -0.809017, 0.309017, -0.5, 0.0, 0.309017, -0.5, -0.809017, 0.0, -0.5, -0.809017, 0.309017, 0.0, 0.0, 0.0, 0.0, 1.0 ], [ -0.809017, -0.309017, 0.5, 0.0, 0.309017, 0.5, 0.809017, 0.0, -0.5, 0.809017, -0.309017, 0.0, 0.0, 0.0, 0.0, 1.0 ], [ -0.5, 0.809017, -0.309017, 0.0, 0.809017, 0.309017, -0.5, 0.0, -0.309017, -0.5, -0.809017, 0.0, 0.0, 0.0, 0.0, 1.0 ], [ -0.309017, -0.5, -0.809017, 0.0, 0.5, -0.809017, 0.309017, 0.0, -0.809017, -0.309017, 0.5, 0.0, 0.0, 0.0, 0.0, 1.0 ] ],
  "lights" : {
    "ambientColor" : "#292929",
    "backgroundColor" : "#FFFFEF",
    "directionalLights" : [ {
      "direction" : {
        "x" : 1.0,
        "y" : -1.0,
        "z" : -1.0
      },
      "color" : "#EBEBE4"
    }, {
      "direction" : {
        "x" : -1.0,
        "y" : 0.0,
        "z" : 0.0
      },
      "color" : "#E4E4EB"
    }, {
      "direction" : {
        "x" : 0.0,
        "y" : 0.0,
        "z" : -1.0
      },
      "color" : "#1E1E1E"
    } ]
  },
  "camera" : {
    "stereo" : false,
    "width" : 156.08047,
    "perspective" : true,
    "viewDistance" : 346.84546,
    "nearClipDistance" : 0.86711365,
    "farClipDistance" : 693.6908,
    "lookAtPoint" : {
      "x" : 0.0,
      "y" : 0.0,
      "z" : 0.0
    },
    "fieldOfView" : 0.44262892,
    "lookDirection" : {
      "x" : 0.0,
      "y" : 0.0,
      "z" : -1.0
    },
    "upDirection" : {
      "x" : 0.0,
      "y" : 1.0,
      "z" : 0.0
    },
    "position" : {
      "x" : 0.0,
      "y" : 0.0,
      "z" : 346.84546
    }
  },
  "embedding" : [ 1.0, 0.0, 0.0, 0.0, 0.0, 1.0, 0.0, 0.0, 0.0, 0.0, 1.0, 0.0, 0.0, 0.0, 0.0, 1.0 ],
  "shapes" : [ {
    "id" : "bea617b1-6d45-43ff-89ad-e0627b28d246",
    "vertices" : [ {
      "x" : 4.0524297,
      "y" : -11.252167,
      "z" : 5.216058
    }, {
      "x" : 3.6524296,
      "y" : -11.352167,
      "z" : 5.3160577
    }, {
      "x" : 0.062587515,
      "y" : -0.49251142,
      "z" : 0.47075596
    }, {
      "x" : 0.4625875,
      "y" : -0.39251143,
      "z" : 0.37075597
    }, {
      "x" : 3.785763,
      "y" : -11.118834,
      "z" : 5.616058
    }, {
      "x" : 4.185763,
      "y" : -11.018834,
      "z" : 5.516058
    }, {
      "x" : 0.32925418,
      "y" : -0.6258448,
      "z" : 0.07075596
    }, {
      "x" : -0.07074582,
      "y" : -0.72584474,
      "z" : 0.17075595
    } ],
    "faces" : [ {
      "vertices" : [ 2, 3, 6 ]
    }, {
      "vertices" : [ 2, 6, 7 ]
    }, {
      "vertices" : [ 0, 5, 4 ]
    }, {
      "vertices" : [ 0, 4, 1 ]
    }, {
      "vertices" : [ 2, 4, 5 ]
    }, {
      "vertices" : [ 2, 5, 3 ]
    }, {
      "vertices" : [ 0, 6, 3 ]
    }, {
      "vertices" : [ 0, 3, 5 ]
    }, {
      "vertices" : [ 0, 1, 7 ]
    }, {
      "vertices" : [ 0, 7, 6 ]
    }, {
      "vertices" : [ 1, 4, 2 ]
    }, {
      "vertices" : [ 1, 2, 7 ]
    } ]
  }, {
    "id" : "b1beae1f-6651-429f-bb21-1dfc3fc1c8d2",
    "vertices" : [ {
      "x" : 0.15429851,
      "y" : -21.653809,
      "z" : -30.243864
    }, {
      "x" : -0.24570148,
      "y" : -21.753809,
      "z" : -30.343864
    }, {
      "x" : -0.13294597,
      "y" : -0.6037854,
      "z" : -0.49090713
    }, {
      "x" : 0.26705402,
      "y" : -0.5037854,
      "z" : -0.39090714
    }, {
      "x" : -0.11236815,
      "y" : -22.053808,
      "z" : -30.11053
    }, {
      "x" : 0.28763184,
      "y" : -21.953808,
      "z" : -30.01053
    }, {
      "x" : 0.1337207,
      "y" : -0.2037854,
      "z" : -0.62424046
    }, {
      "x" : -0.2662793,
      "y" : -0.3037854,
      "z" : -0.7242405
    } ],
    "faces" : [ {
      "vertices" : [ 2, 3, 6 ]
    }, {
      "vertices" : [ 2, 6, 7 ]
    }, {
      "vertices" : [ 0, 5, 4 ]
    }, {
      "vertices" : [ 0, 4, 1 ]
    }, {
      "vertices" : [ 2, 4, 5 ]
    }, {
      "vertices" : [ 2, 5, 3 ]
    }, {
      "vertices" : [ 0, 6, 3 ]
    }, {
      "vertices" : [ 0, 3, 5 ]
    }, {
      "vertices" : [ 0, 1, 7 ]
    }, {
      "vertices" : [ 0, 7, 6 ]
    }, {
      "vertices" : [ 1, 4, 2 ]
    }, {
      "vertices" : [ 1, 2, 7 ]
    } ]
  }, {
    "id" : "b36773ca-ffb2-4f26-827a-c9618ef1e97c",
    "vertices" : [ {
      "x" : 0.309017,
      "y" : -0.309017,
      "z" : -0.309017
    }, {
      "x" : 0.5,
      "y" : 0.0,
      "z" : -0.19098301
    }, {
      "x" : 0.5,
      "y" : 0.0,
      "z" : 0.19098301
    }, {
      "x" : 0.309017,
      "y" : -0.309017,
      "z" : 0.309017
    }, {
      "x" : 0.19098301,
      "y" : -0.5,
      "z" : 0.0
    }, {
      "x" : 0.0,
      "y" : 0.19098301,
      "z" : 0.5
    }, {
      "x" : 0.0,
      "y" : -0.19098301,
      "z" : 0.5
    }, {
      "x" : 0.309017,
      "y" : 0.309017,
      "z" : 0.309017
    }, {
      "x" : -0.309017,
      "y" : -0.309017,
      "z" : 0.309017
    }, {
      "x" : -0.309017,
      "y" : 0.309017,
      "z" : 0.309017
    }, {
      "x" : -0.5,
      "y" : 0.0,
      "z" : 0.19098301
    }, {
      "x" : 0.0,
      "y" : -0.19098301,
      "z" : -0.5
    }, {
      "x" : 0.0,
      "y" : 0.19098301,
      "z" : -0.5
    }, {
      "x" : 0.309017,
      "y" : 0.309017,
      "z" : -0.309017
    }, {
      "x" : -0.309017,
      "y" : -0.309017,
      "z" : -0.309017
    }, {
      "x" : -0.19098301,
      "y" : -0.5,
      "z" : 0.0
    }, {
      "x" : -0.5,
      "y" : 0.0,
      "z" : -0.19098301
    }, {
      "x" : 0.19098301,
      "y" : 0.5,
      "z" : 0.0
    }, {
      "x" : -0.309017,
      "y" : 0.309017,
      "z" : -0.309017
    }, {
      "x" : 0.0,
      "y" : 0.0,
      "z" : 0.0
    }, {
      "x" : -0.19098301,
      "y" : 0.5,
      "z" : 0.0
    } ],
    "faces" : [ {
      "vertices" : [ 12, 18, 20 ]
    }, {
      "vertices" : [ 12, 20, 17 ]
    }, {
      "vertices" : [ 12, 17, 13 ]
    }, {
      "vertices" : [ 3, 6, 8 ]
    }, {
      "vertices" : [ 3, 8, 15 ]
    }, {
      "vertices" : [ 3, 15, 4 ]
    }, {
      "vertices" : [ 0, 11, 12 ]
    }, {
      "vertices" : [ 0, 12, 13 ]
    }, {
      "vertices" : [ 0, 13, 1 ]
    }, {
      "vertices" : [ 5, 9, 10 ]
    }, {
      "vertices" : [ 5, 10, 8 ]
    }, {
      "vertices" : [ 5, 8, 6 ]
    }, {
      "vertices" : [ 2, 7, 5 ]
    }, {
      "vertices" : [ 2, 5, 6 ]
    }, {
      "vertices" : [ 2, 6, 3 ]
    }, {
      "vertices" : [ 11, 14, 16 ]
    }, {
      "vertices" : [ 11, 16, 18 ]
    }, {
      "vertices" : [ 11, 18, 12 ]
    }, {
      "vertices" : [ 1, 13, 17 ]
    }, {
      "vertices" : [ 1, 17, 7 ]
    }, {
      "vertices" : [ 1, 7, 2 ]
    }, {
      "vertices" : [ 9, 20, 18 ]
    }, {
      "vertices" : [ 9, 18, 16 ]
    }, {
      "vertices" : [ 9, 16, 10 ]
    }, {
      "vertices" : [ 0, 1, 2 ]
    }, {
      "vertices" : [ 0, 2, 3 ]
    }, {
      "vertices" : [ 0, 3, 4 ]
    }, {
      "vertices" : [ 5, 7, 17 ]
    }, {
      "vertices" : [ 5, 17, 20 ]
    }, {
      "vertices" : [ 5, 20, 9 ]
    }, {
      "vertices" : [ 0, 4, 15 ]
    }, {
      "vertices" : [ 0, 15, 14 ]
    }, {
      "vertices" : [ 0, 14, 11 ]
    }, {
      "vertices" : [ 8, 10, 16 ]
    }, {
      "vertices" : [ 8, 16, 14 ]
    }, {
      "vertices" : [ 8, 14, 15 ]
    } ]
  }, {
    "id" : "d68adc8a-332c-4aa2-8200-9c2d93abe8bd",
    "vertices" : [ {
      "x" : 1.0,
      "y" : 0.309017,
      "z" : 0.19098301
    }, {
      "x" : 1.0,
      "y" : -0.309017,
      "z" : 0.19098301
    }, {
      "x" : 7.472136,
      "y" : -0.309017,
      "z" : 0.19098301
    }, {
      "x" : 7.472136,
      "y" : 0.309017,
      "z" : 0.19098301
    }, {
      "x" : 7.472136,
      "y" : -0.309017,
      "z" : -0.19098301
    }, {
      "x" : 7.472136,
      "y" : 0.309017,
      "z" : -0.19098301
    }, {
      "x" : 8.09017,
      "y" : 0.0,
      "z" : 0.0
    }, {
      "x" : 0.38196602,
      "y" : 0.0,
      "z" : 0.0
    }, {
      "x" : 1.0,
      "y" : 0.309017,
      "z" : -0.19098301
    }, {
      "x" : 1.0,
      "y" : -0.309017,
      "z" : -0.19098301
    }, {
      "x" : 8.472136,
      "y" : 0.0,
      "z" : 0.0
    } ],
    "faces" : [ {
      "vertices" : [ 1, 9, 4 ]
    }, {
      "vertices" : [ 1, 4, 2 ]
    }, {
      "vertices" : [ 0, 3, 5 ]
    }, {
      "vertices" : [ 0, 5, 8 ]
    }, {
      "vertices" : [ 1, 7, 9 ]
    }, {
      "vertices" : [ 0, 1, 2 ]
    }, {
      "vertices" : [ 0, 2, 3 ]
    }, {
      "vertices" : [ 7, 8, 9 ]
    }, {
      "vertices" : [ 0, 7, 1 ]
    }, {
      "vertices" : [ 4, 9, 8 ]
    }, {
      "vertices" : [ 4, 8, 5 ]
    }, {
      "vertices" : [ 2, 6, 3 ]
    }, {
      "vertices" : [ 2, 4, 6 ]
    }, {
      "vertices" : [ 3, 6, 5 ]
    }, {
      "vertices" : [ 4, 5, 6 ]
    }, {
      "vertices" : [ 0, 8, 7 ]
    } ]
  }, {
    "id" : "7ab754f8-8465-4245-bb53-843b41c67e6c",
    "vertices" : [ {
      "x" : 4.57365,
      "y" : -19.964565,
      "z" : -0.26666668
    }, {
      "x" : 4.47365,
      "y" : -19.864565,
      "z" : 0.13333334
    }, {
      "x" : 0.26542366,
      "y" : -0.53407913,
      "z" : 0.26666668
    }, {
      "x" : 0.36542365,
      "y" : -0.63407916,
      "z" : -0.13333334
    }, {
      "x" : 4.77365,
      "y" : -19.631233,
      "z" : 0.26666668
    }, {
      "x" : 4.87365,
      "y" : -19.731232,
      "z" : -0.13333334
    }, {
      "x" : 0.065423645,
      "y" : -0.8674125,
      "z" : -0.26666668
    }, {
      "x" : -0.034576353,
      "y" : -0.7674125,
      "z" : 0.13333334
    } ],
    "faces" : [ {
      "vertices" : [ 2, 3, 6 ]
    }, {
      "vertices" : [ 2, 6, 7 ]
    }, {
      "vertices" : [ 0, 5, 4 ]
    }, {
      "vertices" : [ 0, 4, 1 ]
    }, {
      "vertices" : [ 2, 4, 5 ]
    }, {
      "vertices" : [ 2, 5, 3 ]
    }, {
      "vertices" : [ 0, 6, 3 ]
    }, {
      "vertices" : [ 0, 3, 5 ]
    }, {
      "vertices" : [ 0, 1, 7 ]
    }, {
      "vertices" : [ 0, 7, 6 ]
    }, {
      "vertices" : [ 1, 4, 2 ]
    }, {
      "vertices" : [ 1, 2, 7 ]
    } ]
  }, {
    "id" : "07ad55a7-39da-47e1-bfb0-596448ee7cb7",
    "vertices" : [ {
      "x" : -33.167503,
      "y" : 20.498646,
      "z" : 0.0
    }, {
      "x" : -38.006577,
      "y" : 0.0,
      "z" : 0.0
    }, {
      "x" : -34.862984,
      "y" : 0.0,
      "z" : -13.316475
    }, {
      "x" : -30.747967,
      "y" : 11.7446785,
      "z" : -19.003288
    } ],
    "faces" : [ {
      "vertices" : [ 0, 1, 2 ]
    }, {
      "vertices" : [ 0, 2, 3 ]
    }, {
      "vertices" : [ 0, 3, 2 ]
    }, {
      "vertices" : [ 0, 2, 1 ]
    } ]
  }, {
    "id" : "a5c5c383-8161-403c-b77e-57bfb420cb65",
    "vertices" : [ {
      "x" : 0.0,
      "y" : -33.167503,
      "z" : 20.498646
    }, {
      "x" : 0.0,
      "y" : -38.006577,
      "z" : 0.0
    }, {
      "x" : -13.316475,
      "y" : -34.862984,
      "z" : 0.0
    }, {
      "x" : -19.003288,
      "y" : -30.747967,
      "z" : 11.7446785
    } ],
    "faces" : [ {
      "vertices" : [ 0, 1, 2 ]
    }, {
      "vertices" : [ 0, 2, 3 ]
    }, {
      "vertices" : [ 0, 3, 2 ]
    }, {
      "vertices" : [ 0, 2, 1 ]
    } ]
  }, {
    "id" : "04c9d752-fb1d-4bb2-9592-9bf250ca3488",
    "vertices" : [ {
      "x" : 33.167503,
      "y" : -20.498646,
      "z" : 0.0
    }, {
      "x" : 19.003288,
      "y" : -30.747967,
      "z" : -11.7446785
    }, {
      "x" : 13.316475,
      "y" : -34.862984,
      "z" : 0.0
    }, {
      "x" : 19.003288,
      "y" : -30.747967,
      "z" : 11.7446785
    } ],
    "faces" : [ {
      "vertices" : [ 0, 1, 2 ]
    }, {
      "vertices" : [ 0, 2, 3 ]
    }, {
      "vertices" : [ 0, 3, 2 ]
    }, {
      "vertices" : [ 0, 2, 1 ]
    } ]
  }, {
    "id" : "0d0c4793-a9e4-4607-a1e6-14fa8bde3dc2",
    "vertices" : [ {
      "x" : -33.167503,
      "y" : -20.498646,
      "z" : 0.0
    }, {
      "x" : -19.003288,
      "y" : -30.747967,
      "z" : 11.7446785
    }, {
      "x" : -13.316475,
      "y" : -34.862984,
      "z" : 0.0
    }, {
      "x" : -19.003288,
      "y" : -30.747967,
      "z" : -11.7446785
    } ],
    "faces" : [ {
      "vertices" : [ 0, 1, 2 ]
    }, {
      "vertices" : [ 0, 2, 3 ]
    }, {
      "vertices" : [ 0, 3, 2 ]
    }, {
      "vertices" : [ 0, 2, 1 ]
    } ]
  }, {
    "id" : "76b82bdd-1570-4af1-a36d-43b1cef4de92",
    "vertices" : [ {
      "x" : -33.167503,
      "y" : -20.498646,
      "z" : 0.0
    }, {
      "x" : -19.003288,
      "y" : -30.747967,
      "z" : -11.7446785
    }, {
      "x" : -21.546509,
      "y" : -21.546509,
      "z" : -21.546509
    }, {
      "x" : -30.747967,
      "y" : -11.7446785,
      "z" : -19.003288
    } ],
    "faces" : [ {
      "vertices" : [ 0, 1, 2 ]
    }, {
      "vertices" : [ 0, 2, 3 ]
    }, {
      "vertices" : [ 0, 3, 2 ]
    }, {
      "vertices" : [ 0, 2, 1 ]
    } ]
  }, {
    "id" : "c9f8b7b6-631d-4abd-b9aa-b443654c10bd",
    "vertices" : [ {
      "x" : 0.0,
      "y" : 33.167503,
      "z" : 20.498646
    }, {
      "x" : 19.003288,
      "y" : 30.747967,
      "z" : 11.7446785
    }, {
      "x" : 21.546509,
      "y" : 21.546509,
      "z" : 21.546509
    }, {
      "x" : 11.7446785,
      "y" : 19.003288,
      "z" : 30.747967
    } ],
    "faces" : [ {
      "vertices" : [ 0, 1, 2 ]
    }, {
      "vertices" : [ 0, 2, 3 ]
    }, {
      "vertices" : [ 0, 3, 2 ]
    }, {
      "vertices" : [ 0, 2, 1 ]
    } ]
  }, {
    "id" : "0b8cbe57-163f-4665-920f-7d2253de7ff8",
    "vertices" : [ {
      "x" : 20.498646,
      "y" : 0.0,
      "z" : 33.167503
    }, {
      "x" : 11.7446785,
      "y" : 19.003288,
      "z" : 30.747967
    }, {
      "x" : 21.546509,
      "y" : 21.546509,
      "z" : 21.546509
    }, {
      "x" : 30.747967,
      "y" : 11.7446785,
      "z" : 19.003288
    } ],
    "faces" : [ {
      "vertices" : [ 0, 1, 2 ]
    }, {
      "vertices" : [ 0, 2, 3 ]
    }, {
      "vertices" : [ 0, 3, 2 ]
    }, {
      "vertices" : [ 0, 2, 1 ]
    } ]
  }, {
    "id" : "d3a6fbe8-9f9e-4512-a457-049690b3195f",
    "vertices" : [ {
      "x" : 33.167503,
      "y" : -20.498646,
      "z" : 0.0
    }, {
      "x" : 30.747967,
      "y" : -11.7446785,
      "z" : -19.003288
    }, {
      "x" : 21.546509,
      "y" : -21.546509,
      "z" : -21.546509
    }, {
      "x" : 19.003288,
      "y" : -30.747967,
      "z" : -11.7446785
    } ],
    "faces" : [ {
      "vertices" : [ 0, 1, 2 ]
    }, {
      "vertices" : [ 0, 2, 3 ]
    }, {
      "vertices" : [ 0, 3, 2 ]
    }, {
      "vertices" : [ 0, 2, 1 ]
    } ]
  }, {
    "id" : "99389990-dd42-4aec-8ac4-b127694e74a5",
    "vertices" : [ {
      "x" : -20.498646,
      "y" : 0.0,
      "z" : 33.167503
    }, {
      "x" : -11.7446785,
      "y" : 19.003288,
      "z" : 30.747967
    }, {
      "x" : 0.0,
      "y" : 13.316475,
      "z" : 34.862984
    }, {
      "x" : 0.0,
      "y" : 0.0,
      "z" : 38.006577
    } ],
    "faces" : [ {
      "vertices" : [ 0, 1, 2 ]
    }, {
      "vertices" : [ 0, 2, 3 ]
    }, {
      "vertices" : [ 0, 3, 2 ]
    }, {
      "vertices" : [ 0, 2, 1 ]
    } ]
  }, {
    "id" : "cf97af14-e7e1-4303-91b2-58d7f2777aa5",
    "vertices" : [ {
      "x" : 33.167503,
      "y" : 20.498646,
      "z" : 0.0
    }, {
      "x" : 19.003288,
      "y" : 30.747967,
      "z" : 11.7446785
    }, {
      "x" : 13.316475,
      "y" : 34.862984,
      "z" : 0.0
    }, {
      "x" : 19.003288,
      "y" : 30.747967,
      "z" : -11.7446785
    } ],
    "faces" : [ {
      "vertices" : [ 0, 1, 2 ]
    }, {
      "vertices" : [ 0, 2, 3 ]
    }, {
      "vertices" : [ 0, 3, 2 ]
    }, {
      "vertices" : [ 0, 2, 1 ]
    } ]
  }, {
    "id" : "7c374fcf-2922-491f-abfa-c3cbbe07d161",
    "vertices" : [ {
      "x" : 8.233106,
      "y" : -35.466267,
      "z" : -0.26666668
    }, {
      "x" : 8.133105,
      "y" : -35.36627,
      "z" : 0.13333334
    }, {
      "x" : 0.26542366,
      "y" : -0.53407913,
      "z" : 0.26666668
    }, {
      "x" : 0.36542365,
      "y" : -0.63407916,
      "z" : -0.13333334
    }, {
      "x" : 8.433105,
      "y" : -35.132935,
      "z" : 0.26666668
    }, {
      "x" : 8.533106,
      "y" : -35.232933,
      "z" : -0.13333334
    }, {
      "x" : 0.065423645,
      "y" : -0.8674125,
      "z" : -0.26666668
    }, {
      "x" : -0.034576353,
      "y" : -0.7674125,
      "z" : 0.13333334
    } ],
    "faces" : [ {
      "vertices" : [ 2, 3, 6 ]
    }, {
      "vertices" : [ 2, 6, 7 ]
    }, {
      "vertices" : [ 0, 5, 4 ]
    }, {
      "vertices" : [ 0, 4, 1 ]
    }, {
      "vertices" : [ 2, 4, 5 ]
    }, {
      "vertices" : [ 2, 5, 3 ]
    }, {
      "vertices" : [ 0, 6, 3 ]
    }, {
      "vertices" : [ 0, 3, 5 ]
    }, {
      "vertices" : [ 0, 1, 7 ]
    }, {
      "vertices" : [ 0, 7, 6 ]
    }, {
      "vertices" : [ 1, 4, 2 ]
    }, {
      "vertices" : [ 1, 2, 7 ]
    } ]
  }, {
    "id" : "2c0a0942-65b0-4ab6-9de0-18a4caf01442",
    "vertices" : [ {
      "x" : 1.0,
      "y" : 0.309017,
      "z" : 0.19098301
    }, {
      "x" : 1.0,
      "y" : -0.309017,
      "z" : 0.19098301
    }, {
      "x" : 37.006577,
      "y" : -0.309017,
      "z" : 0.19098301
    }, {
      "x" : 37.006577,
      "y" : 0.309017,
      "z" : 0.19098301
    }, {
      "x" : 37.006577,
      "y" : -0.309017,
      "z" : -0.19098301
    }, {
      "x" : 37.006577,
      "y" : 0.309017,
      "z" : -0.19098301
    }, {
      "x" : 37.62461,
      "y" : 0.0,
      "z" : 0.0
    }, {
      "x" : 0.38196602,
      "y" : 0.0,
      "z" : 0.0
    }, {
      "x" : 1.0,
      "y" : 0.309017,
      "z" : -0.19098301
    }, {
      "x" : 1.0,
      "y" : -0.309017,
      "z" : -0.19098301
    }, {
      "x" : 38.006577,
      "y" : 0.0,
      "z" : 0.0
    } ],
    "faces" : [ {
      "vertices" : [ 1, 9, 4 ]
    }, {
      "vertices" : [ 1, 4, 2 ]
    }, {
      "vertices" : [ 0, 3, 5 ]
    }, {
      "vertices" : [ 0, 5, 8 ]
    }, {
      "vertices" : [ 1, 7, 9 ]
    }, {
      "vertices" : [ 0, 1, 2 ]
    }, {
      "vertices" : [ 0, 2, 3 ]
    }, {
      "vertices" : [ 7, 8, 9 ]
    }, {
      "vertices" : [ 0, 7, 1 ]
    }, {
      "vertices" : [ 4, 9, 8 ]
    }, {
      "vertices" : [ 4, 8, 5 ]
    }, {
      "vertices" : [ 2, 6, 3 ]
    }, {
      "vertices" : [ 2, 4, 6 ]
    }, {
      "vertices" : [ 3, 6, 5 ]
    }, {
      "vertices" : [ 4, 5, 6 ]
    }, {
      "vertices" : [ 0, 8, 7 ]
    } ]
  }, {
    "id" : "2ee0754f-f261-4c5f-96aa-6d2fba2076cb",
    "vertices" : [ {
      "x" : 0.0,
      "y" : -33.167503,
      "z" : -20.498646
    }, {
      "x" : -11.7446785,
      "y" : -19.003288,
      "z" : -30.747967
    }, {
      "x" : -21.546509,
      "y" : -21.546509,
      "z" : -21.546509
    }, {
      "x" : -19.003288,
      "y" : -30.747967,
      "z" : -11.7446785
    } ],
    "faces" : [ {
      "vertices" : [ 0, 1, 2 ]
    }, {
      "vertices" : [ 0, 2, 3 ]
    }, {
      "vertices" : [ 0, 3, 2 ]
    }, {
      "vertices" : [ 0, 2, 1 ]
    } ]
  }, {
    "id" : "6d501ceb-5c88-4544-8811-792afe8febb2",
    "vertices" : [ {
      "x" : 20.498646,
      "y" : 0.0,
      "z" : 33.167503
    }, {
      "x" : 30.747967,
      "y" : -11.7446785,
      "z" : 19.003288
    }, {
      "x" : 21.546509,
      "y" : -21.546509,
      "z" : 21.546509
    }, {
      "x" : 11.7446785,
      "y" : -19.003288,
      "z" : 30.747967
    } ],
    "faces" : [ {
      "vertices" : [ 0, 1, 2 ]
    }, {
      "vertices" : [ 0, 2, 3 ]
    }, {
      "vertices" : [ 0, 3, 2 ]
    }, {
      "vertices" : [ 0, 2, 1 ]
    } ]
  }, {
    "id" : "9d1fcbde-aefb-482d-ab44-8b069b60251a",
    "vertices" : [ {
      "x" : 33.167503,
      "y" : 20.498646,
      "z" : 0.0
    }, {
      "x" : 30.747967,
      "y" : 11.7446785,
      "z" : -19.003288
    }, {
      "x" : 34.862984,
      "y" : 0.0,
      "z" : -13.316475
    }, {
      "x" : 38.006577,
      "y" : 0.0,
      "z" : 0.0
    } ],
    "faces" : [ {
      "vertices" : [ 0, 1, 2 ]
    }, {
      "vertices" : [ 0, 2, 3 ]
    }, {
      "vertices" : [ 0, 3, 2 ]
    }, {
      "vertices" : [ 0, 2, 1 ]
    } ]
  }, {
    "id" : "c599b361-9380-42bf-b2b4-04c8626d3ce7",
    "vertices" : [ {
      "x" : 11.062132,
      "y" : -31.258572,
      "z" : 14.903228
    }, {
      "x" : 10.662131,
      "y" : -31.358572,
      "z" : 15.003228
    }, {
      "x" : 0.062587515,
      "y" : -0.49251142,
      "z" : 0.47075596
    }, {
      "x" : 0.4625875,
      "y" : -0.39251143,
      "z" : 0.37075597
    }, {
      "x" : 10.7954645,
      "y" : -31.125238,
      "z" : 15.303227
    }, {
      "x" : 11.195465,
      "y" : -31.025238,
      "z" : 15.203228
    }, {
      "x" : 0.32925418,
      "y" : -0.6258448,
      "z" : 0.07075596
    }, {
      "x" : -0.07074582,
      "y" : -0.72584474,
      "z" : 0.17075595
    } ],
    "faces" : [ {
      "vertices" : [ 2, 3, 6 ]
    }, {
      "vertices" : [ 2, 6, 7 ]
    }, {
      "vertices" : [ 0, 5, 4 ]
    }, {
      "vertices" : [ 0, 4, 1 ]
    }, {
      "vertices" : [ 2, 4, 5 ]
    }, {
      "vertices" : [ 2, 5, 3 ]
    }, {
      "vertices" : [ 0, 6, 3 ]
    }, {
      "vertices" : [ 0, 3, 5 ]
    }, {
      "vertices" : [ 0, 1, 7 ]
    }, {
      "vertices" : [ 0, 7, 6 ]
    }, {
      "vertices" : [ 1, 4, 2 ]
    }, {
      "vertices" : [ 1, 2, 7 ]
    } ]
  }, {
    "id" : "2a181bd4-c874-4b4e-ad36-8f0e50e20148",
    "vertices" : [ {
      "x" : 20.498646,
      "y" : 0.0,
      "z" : 33.167503
    }, {
      "x" : 11.7446785,
      "y" : -19.003288,
      "z" : 30.747967
    }, {
      "x" : 0.0,
      "y" : -13.316475,
      "z" : 34.862984
    }, {
      "x" : 0.0,
      "y" : 0.0,
      "z" : 38.006577
    } ],
    "faces" : [ {
      "vertices" : [ 0, 1, 2 ]
    }, {
      "vertices" : [ 0, 2, 3 ]
    }, {
      "vertices" : [ 0, 3, 2 ]
    }, {
      "vertices" : [ 0, 2, 1 ]
    } ]
  }, {
    "id" : "53365c44-3ffc-46a8-a726-01cbcaa75776",
    "vertices" : [ {
      "x" : 20.498646,
      "y" : 0.0,
      "z" : -33.167503
    }, {
      "x" : 11.7446785,
      "y" : -19.003288,
      "z" : -30.747967
    }, {
      "x" : 21.546509,
      "y" : -21.546509,
      "z" : -21.546509
    }, {
      "x" : 30.747967,
      "y" : -11.7446785,
      "z" : -19.003288
    } ],
    "faces" : [ {
      "vertices" : [ 0, 1, 2 ]
    }, {
      "vertices" : [ 0, 2, 3 ]
    }, {
      "vertices" : [ 0, 3, 2 ]
    }, {
      "vertices" : [ 0, 2, 1 ]
    } ]
  }, {
    "id" : "fb8e60d1-014f-4024-a25a-6a9f86fb3c14",
    "vertices" : [ {
      "x" : -33.167503,
      "y" : 20.498646,
      "z" : 0.0
    }, {
      "x" : -19.003288,
      "y" : 30.747967,
      "z" : 11.7446785
    }, {
      "x" : -21.546509,
      "y" : 21.546509,
      "z" : 21.546509
    }, {
      "x" : -30.747967,
      "y" : 11.7446785,
      "z" : 19.003288
    } ],
    "faces" : [ {
      "vertices" : [ 0, 1, 2 ]
    }, {
      "vertices" : [ 0, 2, 3 ]
    }, {
      "vertices" : [ 0, 3, 2 ]
    }, {
      "vertices" : [ 0, 2, 1 ]
    } ]
  }, {
    "id" : "3d5a7e51-866a-4b97-ba3d-c9d7cd326256",
    "vertices" : [ {
      "x" : -20.498646,
      "y" : 0.0,
      "z" : -33.167503
    }, {
      "x" : -11.7446785,
      "y" : 19.003288,
      "z" : -30.747967
    }, {
      "x" : -21.546509,
      "y" : 21.546509,
      "z" : -21.546509
    }, {
      "x" : -30.747967,
      "y" : 11.7446785,
      "z" : -19.003288
    } ],
    "faces" : [ {
      "vertices" : [ 0, 1, 2 ]
    }, {
      "vertices" : [ 0, 2, 3 ]
    }, {
      "vertices" : [ 0, 3, 2 ]
    }, {
      "vertices" : [ 0, 2, 1 ]
    } ]
  }, {
    "id" : "25cbed3e-3d88-45e7-b533-6d0cbe6a2f5a",
    "vertices" : [ {
      "x" : 0.0,
      "y" : -33.167503,
      "z" : 20.498646
    }, {
      "x" : -19.003288,
      "y" : -30.747967,
      "z" : 11.7446785
    }, {
      "x" : -21.546509,
      "y" : -21.546509,
      "z" : 21.546509
    }, {
      "x" : -11.7446785,
      "y" : -19.003288,
      "z" : 30.747967
    } ],
    "faces" : [ {
      "vertices" : [ 0, 1, 2 ]
    }, {
      "vertices" : [ 0, 2, 3 ]
    }, {
      "vertices" : [ 0, 3, 2 ]
    }, {
      "vertices" : [ 0, 2, 1 ]
    } ]
  }, {
    "id" : "e220f540-cbc2-4f73-8445-81ce13e7d0ed",
    "vertices" : [ {
      "x" : 33.167503,
      "y" : -20.498646,
      "z" : 0.0
    }, {
      "x" : 19.003288,
      "y" : -30.747967,
      "z" : 11.7446785
    }, {
      "x" : 21.546509,
      "y" : -21.546509,
      "z" : 21.546509
    }, {
      "x" : 30.747967,
      "y" : -11.7446785,
      "z" : 19.003288
    } ],
    "faces" : [ {
      "vertices" : [ 0, 1, 2 ]
    }, {
      "vertices" : [ 0, 2, 3 ]
    }, {
      "vertices" : [ 0, 3, 2 ]
    }, {
      "vertices" : [ 0, 2, 1 ]
    } ]
  }, {
    "id" : "044d1034-67cc-412b-beda-99bc067fb42b",
    "vertices" : [ {
      "x" : -20.498646,
      "y" : 0.0,
      "z" : -33.167503
    }, {
      "x" : -30.747967,
      "y" : 11.7446785,
      "z" : -19.003288
    }, {
      "x" : -34.862984,
      "y" : 0.0,
      "z" : -13.316475
    }, {
      "x" : -30.747967,
      "y" : -11.7446785,
      "z" : -19.003288
    } ],
    "faces" : [ {
      "vertices" : [ 0, 1, 2 ]
    }, {
      "vertices" : [ 0, 2, 3 ]
    }, {
      "vertices" : [ 0, 3, 2 ]
    }, {
      "vertices" : [ 0, 2, 1 ]
    } ]
  }, {
    "id" : "a4bf95a7-e57a-4e75-abd1-148445911803",
    "vertices" : [ {
      "x" : 0.0,
      "y" : 33.167503,
      "z" : -20.498646
    }, {
      "x" : 11.7446785,
      "y" : 19.003288,
      "z" : -30.747967
    }, {
      "x" : 21.546509,
      "y" : 21.546509,
      "z" : -21.546509
    }, {
      "x" : 19.003288,
      "y" : 30.747967,
      "z" : -11.7446785
    } ],
    "faces" : [ {
      "vertices" : [ 0, 1, 2 ]
    }, {
      "vertices" : [ 0, 2, 3 ]
    }, {
      "vertices" : [ 0, 3, 2 ]
    }, {
      "vertices" : [ 0, 2, 1 ]
    } ]
  }, {
    "id" : "a286f913-4e07-442f-a0f7-27fa9ef1eddc",
    "vertices" : [ {
      "x" : 0.0,
      "y" : -33.167503,
      "z" : 20.498646
    }, {
      "x" : -11.7446785,
      "y" : -19.003288,
      "z" : 30.747967
    }, {
      "x" : 0.0,
      "y" : -13.316475,
      "z" : 34.862984
    }, {
      "x" : 11.7446785,
      "y" : -19.003288,
      "z" : 30.747967
    } ],
    "faces" : [ {
      "vertices" : [ 0, 1, 2 ]
    }, {
      "vertices" : [ 0, 2, 3 ]
    }, {
      "vertices" : [ 0, 3, 2 ]
    }, {
      "vertices" : [ 0, 2, 1 ]
    } ]
  }, {
    "id" : "47370b51-28dc-453a-89a3-b4d4c90f6046",
    "vertices" : [ {
      "x" : 0.0,
      "y" : -33.167503,
      "z" : 20.498646
    }, {
      "x" : 19.003288,
      "y" : -30.747967,
      "z" : 11.7446785
    }, {
      "x" : 13.316475,
      "y" : -34.862984,
      "z" : 0.0
    }, {
      "x" : 0.0,
      "y" : -38.006577,
      "z" : 0.0
    } ],
    "faces" : [ {
      "vertices" : [ 0, 1, 2 ]
    }, {
      "vertices" : [ 0, 2, 3 ]
    }, {
      "vertices" : [ 0, 3, 2 ]
    }, {
      "vertices" : [ 0, 2, 1 ]
    } ]
  }, {
    "id" : "0b8a4fd7-c734-43ce-884e-777d7769b353",
    "vertices" : [ {
      "x" : 0.0,
      "y" : 33.167503,
      "z" : 20.498646
    }, {
      "x" : -11.7446785,
      "y" : 19.003288,
      "z" : 30.747967
    }, {
      "x" : -21.546509,
      "y" : 21.546509,
      "z" : 21.546509
    }, {
      "x" : -19.003288,
      "y" : 30.747967,
      "z" : 11.7446785
    } ],
    "faces" : [ {
      "vertices" : [ 0, 1, 2 ]
    }, {
      "vertices" : [ 0, 2, 3 ]
    }, {
      "vertices" : [ 0, 3, 2 ]
    }, {
      "vertices" : [ 0, 2, 1 ]
    } ]
  }, {
    "id" : "bbd6d3b7-cde4-45d9-9ff3-606dd66727d9",
    "vertices" : [ {
      "x" : 33.167503,
      "y" : 20.498646,
      "z" : 0.0
    }, {
      "x" : 19.003288,
      "y" : 30.747967,
      "z" : -11.7446785
    }, {
      "x" : 21.546509,
      "y" : 21.546509,
      "z" : -21.546509
    }, {
      "x" : 30.747967,
      "y" : 11.7446785,
      "z" : -19.003288
    } ],
    "faces" : [ {
      "vertices" : [ 0, 1, 2 ]
    }, {
      "vertices" : [ 0, 2, 3 ]
    }, {
      "vertices" : [ 0, 3, 2 ]
    }, {
      "vertices" : [ 0, 2, 1 ]
    } ]
  }, {
    "id" : "852d984d-b77a-45f8-9464-f9a92301e0e5",
    "vertices" : [ {
      "x" : 0.0,
      "y" : 33.167503,
      "z" : -20.498646
    }, {
      "x" : 19.003288,
      "y" : 30.747967,
      "z" : -11.7446785
    }, {
      "x" : 13.316475,
      "y" : 34.862984,
      "z" : 0.0
    }, {
      "x" : 0.0,
      "y" : 38.006577,
      "z" : 0.0
    } ],
    "faces" : [ {
      "vertices" : [ 0, 1, 2 ]
    }, {
      "vertices" : [ 0, 2, 3 ]
    }, {
      "vertices" : [ 0, 3, 2 ]
    }, {
      "vertices" : [ 0, 2, 1 ]
    } ]
  }, {
    "id" : "dca2be01-5800-486d-aebb-003d9c3a00e9",
    "vertices" : [ {
      "x" : 0.0,
      "y" : 33.167503,
      "z" : -20.498646
    }, {
      "x" : -11.7446785,
      "y" : 19.003288,
      "z" : -30.747967
    }, {
      "x" : 0.0,
      "y" : 13.316475,
      "z" : -34.862984
    }, {
      "x" : 11.7446785,
      "y" : 19.003288,
      "z" : -30.747967
    } ],
    "faces" : [ {
      "vertices" : [ 0, 1, 2 ]
    }, {
      "vertices" : [ 0, 2, 3 ]
    }, {
      "vertices" : [ 0, 3, 2 ]
    }, {
      "vertices" : [ 0, 2, 1 ]
    } ]
  }, {
    "id" : "e1121021-5b05-4681-9a1d-c5d3235cdb08",
    "vertices" : [ {
      "x" : 0.0,
      "y" : 33.167503,
      "z" : -20.498646
    }, {
      "x" : 0.0,
      "y" : 38.006577,
      "z" : 0.0
    }, {
      "x" : -13.316475,
      "y" : 34.862984,
      "z" : 0.0
    }, {
      "x" : -19.003288,
      "y" : 30.747967,
      "z" : -11.7446785
    } ],
    "faces" : [ {
      "vertices" : [ 0, 1, 2 ]
    }, {
      "vertices" : [ 0, 2, 3 ]
    }, {
      "vertices" : [ 0, 3, 2 ]
    }, {
      "vertices" : [ 0, 2, 1 ]
    } ]
  }, {
    "id" : "792c4593-083f-4364-9e72-7095fa5849ef",
    "vertices" : [ {
      "x" : -20.498646,
      "y" : 0.0,
      "z" : 33.167503
    }, {
      "x" : 0.0,
      "y" : 0.0,
      "z" : 38.006577
    }, {
      "x" : 0.0,
      "y" : -13.316475,
      "z" : 34.862984
    }, {
      "x" : -11.7446785,
      "y" : -19.003288,
      "z" : 30.747967
    } ],
    "faces" : [ {
      "vertices" : [ 0, 1, 2 ]
    }, {
      "vertices" : [ 0, 2, 3 ]
    }, {
      "vertices" : [ 0, 3, 2 ]
    }, {
      "vertices" : [ 0, 2, 1 ]
    } ]
  }, {
    "id" : "1dd7a35a-d55e-447f-9edf-4704614ca2ec",
    "vertices" : [ {
      "x" : 33.167503,
      "y" : 20.498646,
      "z" : 0.0
    }, {
      "x" : 38.006577,
      "y" : 0.0,
      "z" : 0.0
    }, {
      "x" : 34.862984,
      "y" : 0.0,
      "z" : 13.316475
    }, {
      "x" : 30.747967,
      "y" : 11.7446785,
      "z" : 19.003288
    } ],
    "faces" : [ {
      "vertices" : [ 0, 1, 2 ]
    }, {
      "vertices" : [ 0, 2, 3 ]
    }, {
      "vertices" : [ 0, 3, 2 ]
    }, {
      "vertices" : [ 0, 2, 1 ]
    } ]
  }, {
    "id" : "53745063-8d0b-4092-b8ef-297de5aafb2a",
    "vertices" : [ {
      "x" : 0.0,
      "y" : -33.167503,
      "z" : -20.498646
    }, {
      "x" : 0.0,
      "y" : -38.006577,
      "z" : 0.0
    }, {
      "x" : 13.316475,
      "y" : -34.862984,
      "z" : 0.0
    }, {
      "x" : 19.003288,
      "y" : -30.747967,
      "z" : -11.7446785
    } ],
    "faces" : [ {
      "vertices" : [ 0, 1, 2 ]
    }, {
      "vertices" : [ 0, 2, 3 ]
    }, {
      "vertices" : [ 0, 3, 2 ]
    }, {
      "vertices" : [ 0, 2, 1 ]
    } ]
  }, {
    "id" : "f518587b-ec9b-4558-a9ae-a3166b7b0c59",
    "vertices" : [ {
      "x" : -33.167503,
      "y" : -20.498646,
      "z" : 0.0
    }, {
      "x" : -30.747967,
      "y" : -11.7446785,
      "z" : -19.003288
    }, {
      "x" : -34.862984,
      "y" : 0.0,
      "z" : -13.316475
    }, {
      "x" : -38.006577,
      "y" : 0.0,
      "z" : 0.0
    } ],
    "faces" : [ {
      "vertices" : [ 0, 1, 2 ]
    }, {
      "vertices" : [ 0, 2, 3 ]
    }, {
      "vertices" : [ 0, 3, 2 ]
    }, {
      "vertices" : [ 0, 2, 1 ]
    } ]
  }, {
    "id" : "f48f11af-c7cb-45ba-9d54-0bcfb66051c7",
    "vertices" : [ {
      "x" : 33.167503,
      "y" : 20.498646,
      "z" : 0.0
    }, {
      "x" : 30.747967,
      "y" : 11.7446785,
      "z" : 19.003288
    }, {
      "x" : 21.546509,
      "y" : 21.546509,
      "z" : 21.546509
    }, {
      "x" : 19.003288,
      "y" : 30.747967,
      "z" : 11.7446785
    } ],
    "faces" : [ {
      "vertices" : [ 0, 1, 2 ]
    }, {
      "vertices" : [ 0, 2, 3 ]
    }, {
      "vertices" : [ 0, 3, 2 ]
    }, {
      "vertices" : [ 0, 2, 1 ]
    } ]
  }, {
    "id" : "04c2b1fa-a728-4cea-906b-2437d28ee522",
    "vertices" : [ {
      "x" : 20.498646,
      "y" : 0.0,
      "z" : -33.167503
    }, {
      "x" : 30.747967,
      "y" : 11.7446785,
      "z" : -19.003288
    }, {
      "x" : 21.546509,
      "y" : 21.546509,
      "z" : -21.546509
    }, {
      "x" : 11.7446785,
      "y" : 19.003288,
      "z" : -30.747967
    } ],
    "faces" : [ {
      "vertices" : [ 0, 1, 2 ]
    }, {
      "vertices" : [ 0, 2, 3 ]
    }, {
      "vertices" : [ 0, 3, 2 ]
    }, {
      "vertices" : [ 0, 2, 1 ]
    } ]
  }, {
    "id" : "ece98ec5-8911-4124-91a4-2d4316225c4a",
    "vertices" : [ {
      "x" : 0.0,
      "y" : 33.167503,
      "z" : 20.498646
    }, {
      "x" : -19.003288,
      "y" : 30.747967,
      "z" : 11.7446785
    }, {
      "x" : -13.316475,
      "y" : 34.862984,
      "z" : 0.0
    }, {
      "x" : 0.0,
      "y" : 38.006577,
      "z" : 0.0
    } ],
    "faces" : [ {
      "vertices" : [ 0, 1, 2 ]
    }, {
      "vertices" : [ 0, 2, 3 ]
    }, {
      "vertices" : [ 0, 3, 2 ]
    }, {
      "vertices" : [ 0, 2, 1 ]
    } ]
  }, {
    "id" : "2125eb57-1f81-442e-a488-daf2ab271bd3",
    "vertices" : [ {
      "x" : 0.0,
      "y" : -33.167503,
      "z" : 20.498646
    }, {
      "x" : 11.7446785,
      "y" : -19.003288,
      "z" : 30.747967
    }, {
      "x" : 21.546509,
      "y" : -21.546509,
      "z" : 21.546509
    }, {
      "x" : 19.003288,
      "y" : -30.747967,
      "z" : 11.7446785
    } ],
    "faces" : [ {
