{
  "field" : "golden",
  "symmetry" : "icosahedral",
  "orientations" : [ [ 1.0, 0.0, 0.0, 0.0, 0.0, 1.0, 0.0, 0.0, 0.0, 0.0, 1.0, 0.0, 0.0, 0.0, 0.0, 1.0 ], [ 0.0, 0.0, 1.0, 0.0, 1.0, 0.0, 0.0, 0.0, 0.0, 1.0, 0.0, 0.0, 0.0, 0.0, 0.0, 1.0 ], [ 0.0, 1.0, 0.0, 0.0, 0.0, 0.0, 1.0, 0.0, 1.0, 0.0, 0.0, 0.0, 0.0, 0.0, 0.0, 1.0 ], [ 0.809017, 0.309017, 0.5, 0.0, 0.309017, 0.5, -0.809017, 0.0, -0.5, 0.809017, 0.309017, 0.0, 0.0, 0.0, 0.0, 1.0 ], [ -0.5, 0.809017, 0.309017, 0.0, 0.809017, 0.309017, 0.5, 0.0, 0.309017, 0.5, -0.809017, 0.0, 0.0, 0.0, 0.0, 1.0 ], [ 0.309017, 0.5, -0.809017, 0.0, -0.5, 0.809017, 0.309017, 0.0, 0.809017, 0.309017, 0.5, 0.0, 0.0, 0.0, 0.0, 1.0 ], [ 0.5, 0.809017, 0.309017, 0.0, 0.809017, -0.309017, -0.5, 0.0, -0.309017, 0.5, -0.809017, 0.0, 0.0, 0.0, 0.0, 1.0 ], [ -0.309017, 0.5, -0.809017, 0.0, 0.5, 0.809017, 0.309017, 0.0, 0.809017, -0.309017, -0.5, 0.0, 0.0, 0.0, 0.0, 1.0 ], [ 0.809017, -0.309017, -0.5, 0.0, -0.309017, 0.5, -0.809017, 0.0, 0.5, 0.809017, 0.309017, 0.0, 0.0, 0.0, 0.0, 1.0 ], [ 0.5, 0.809017, -0.309017, 0.0, 0.809017, -0.309017, 0.5, 0.0, 0.309017, -0.5, -0.809017, 0.0, 0.0, 0.0, 0.0, 1.0 ], [ 0.309017, -0.5, -0.809017, 0.0, 0.5, 0.809017, -0.309017, 0.0, 0.809017, -0.309017, 0.5, 0.0, 0.0, 0.0, 0.0, 1.0 ], [ 0.809017, -0.309017, 0.5, 0.0, 0.309017, -0.5, -0.809017, 0.0, 0.5, 0.809017, -0.309017, 0.0, 0.0, 0.0, 0.0, 1.0 ], [ 0.809017, 0.309017, -0.5, 0.0, 0.309017, 0.5, 0.809017, 0.0, 0.5, -0.809017, 0.309017, 0.0, 0.0, 0.0, 0.0, 1.0 ], [ 0.5, -0.809017, 0.309017, 0.0, 0.809017, 0.309017, -0.5, 0.0, 0.309017, 0.5, 0.809017, 0.0, 0.0, 0.0, 0.0, 1.0 ], [ 0.309017, 0.5, 0.809017, 0.0, 0.5, -0.809017, 0.309017, 0.0, 0.809017, 0.309017, -0.5, 0.0, 0.0, 0.0, 0.0, 1.0 ], [ 1.0, 0.0, 0.0, 0.0, 0.0, -1.0, 0.0, 0.0, 0.0, 0.0, -1.0, 0.0, 0.0, 0.0, 0.0, 1.0 ], [ 0.0, 0.0, 1.0, 0.0, -1.0, 0.0, 0.0, 0.0, 0.0, -1.0, 0.0, 0.0, 0.0, 0.0, 0.0, 1.0 ], [ 0.0, 1.0, 0.0, 0.0, 0.0, 0.0, -1.0, 0.0, -1.0, 0.0, 0.0, 0.0, 0.0, 0.0, 0.0, 1.0 ], [ 0.809017, 0.309017, 0.5, 0.0, -0.309017, -0.5, 0.809017, 0.0, 0.5, -0.809017, -0.309017, 0.0, 0.0, 0.0, 0.0, 1.0 ], [ -0.5, 0.809017, 0.309017, 0.0, -0.809017, -0.309017, -0.5, 0.0, -0.309017, -0.5, 0.809017, 0.0, 0.0, 0.0, 0.0, 1.0 ], [ 0.309017, 0.5, -0.809017, 0.0, 0.5, -0.809017, -0.309017, 0.0, -0.809017, -0.309017, -0.5, 0.0, 0.0, 0.0, 0.0, 1.0 ], [ 0.5, 0.809017, 0.309017, 0.0, -0.809017, 0.309017, 0.5, 0.0, 0.309017, -0.5, 0.809017, 0.0, 0.0, 0.0, 0.0, 1.0 ], [ -0.309017, 0.5, -0.809017, 0.0, -0.5, -0.809017, -0.309017, 0.0, -0.809017, 0.309017, 0.5, 0.0, 0.0, 0.0, 0.0, 1.0 ], [ 0.809017, -0.309017, -0.5, 0.0, 0.309017, -0.5, 0.809017, 0.0, -0.5, -0.809017, -0.309017, 0.0, 0.0, 0.0, 0.0, 1.0 ], [ 0.5, 0.809017, -0.309017, 0.0, -0.809017, 0.309017, -0.5, 0.0, -0.309017, 0.5, 0.809017, 0.0, 0.0, 0.0, 0.0, 1.0 ], [ 0.309017, -0.5, -0.809017, 0.0, -0.5, -0.809017, 0.309017, 0.0, -0.809017, 0.309017, -0.5, 0.0, 0.0, 0.0, 0.0, 1.0 ], [ 0.809017, -0.309017, 0.5, 0.0, -0.309017, 0.5, 0.809017, 0.0, -0.5, -0.809017, 0.309017, 0.0, 0.0, 0.0, 0.0, 1.0 ], [ 0.809017, 0.309017, -0.5, 0.0, -0.309017, -0.5, -0.809017, 0.0, -0.5, 0.809017, -0.309017, 0.0, 0.0, 0.0, 0.0, 1.0 ], [ 0.5, -0.809017, 0.309017, 0.0, -0.809017, -0.309017, 0.5, 0.0, -0.309017, -0.5, -0.809017, 0.0, 0.0, 0.0, 0.0, 1.0 ], [ 0.309017, 0.5, 0.809017, 0.0, -0.5, 0.809017, -0.309017, 0.0, -0.809017, -0.309017, 0.5, 0.0, 0.0, 0.0, 0.0, 1.0 ], [ -1.0, 0.0, 0.0, 0.0, 0.0, -1.0, 0.0, 0.0, 0.0, 0.0, 1.0, 0.0, 0.0, 0.0, 0.0, 1.0 ], [ 0.0, 0.0, -1.0, 0.0, -1.0, 0.0, 0.0, 0.0, 0.0, 1.0, 0.0, 0.0, 0.0, 0.0, 0.0, 1.0 ], [ 0.0, -1.0, 0.0, 0.0, 0.0, 0.0, -1.0, 0.0, 1.0, 0.0, 0.0, 0.0, 0.0, 0.0, 0.0, 1.0 ], [ -0.809017, -0.309017, -0.5, 0.0, -0.309017, -0.5, 0.809017, 0.0, -0.5, 0.809017, 0.309017, 0.0, 0.0, 0.0, 0.0, 1.0 ], [ 0.5, -0.809017, -0.309017, 0.0, -0.809017, -0.309017, -0.5, 0.0, 0.309017, 0.5, -0.809017, 0.0, 0.0, 0.0, 0.0, 1.0 ], [ -0.309017, -0.5, 0.809017, 0.0, 0.5, -0.809017, -0.309017, 0.0, 0.809017, 0.309017, 0.5, 0.0, 0.0, 0.0, 0.0, 1.0 ], [ -0.5, -0.809017, -0.309017, 0.0, -0.809017, 0.309017, 0.5, 0.0, -0.309017, 0.5, -0.809017, 0.0, 0.0, 0.0, 0.0, 1.0 ], [ 0.309017, -0.5, 0.809017, 0.0, -0.5, -0.809017, -0.309017, 0.0, 0.809017, -0.309017, -0.5, 0.0, 0.0, 0.0, 0.0, 1.0 ], [ -0.809017, 0.309017, 0.5, 0.0, 0.309017, -0.5, 0.809017, 0.0, 0.5, 0.809017, 0.309017, 0.0, 0.0, 0.0, 0.0, 1.0 ], [ -0.5, -0.809017, 0.309017, 0.0, -0.809017, 0.309017, -0.5, 0.0, 0.309017, -0.5, -0.809017, 0.0, 0.0, 0.0, 0.0, 1.0 ], [ -0.309017, 0.5, 0.809017, 0.0, -0.5, -0.809017, 0.309017, 0.0, 0.809017, -0.309017, 0.5, 0.0, 0.0, 0.0, 0.0, 1.0 ], [ -0.809017, 0.309017, -0.5, 0.0, -0.309017, 0.5, 0.809017, 0.0, 0.5, 0.809017, -0.309017, 0.0, 0.0, 0.0, 0.0, 1.0 ], [ -0.809017, -0.309017, 0.5, 0.0, -0.309017, -0.5, -0.809017, 0.0, 0.5, -0.809017, 0.309017, 0.0, 0.0, 0.0, 0.0, 1.0 ], [ -0.5, 0.809017, -0.309017, 0.0, -0.809017, -0.309017, 0.5, 0.0, 0.309017, 0.5, 0.809017, 0.0, 0.0, 0.0, 0.0, 1.0 ], [ -0.309017, -0.5, -0.809017, 0.0, -0.5, 0.809017, -0.309017, 0.0, 0.809017, 0.309017, -0.5, 0.0, 0.0, 0.0, 0.0, 1.0 ], [ -1.0, 0.0, 0.0, 0.0, 0.0, 1.0, 0.0, 0.0, 0.0, 0.0, -1.0, 0.0, 0.0, 0.0, 0.0, 1.0 ], [ 0.0, 0.0, -1.0, 0.0, 1.0, 0.0, 0.0, 0.0, 0.0, -1.0, 0.0, 0.0, 0.0, 0.0, 0.0, 1.0 ], [ 0.0, -1.0, 0.0, 0.0, 0.0, 0.0, 1.0, 0.0, -1.0, 0.0, 0.0, 0.0, 0.0, 0.0, 0.0, 1.0 ], [ -0.809017, -0.309017, -0.5, 0.0, 0.309017, 0.5, -0.809017, 0.0, 0.5, -0.809017, -0.309017, 0.0, 0.0, 0.0, 0.0, 1.0 ], [ 0.5, -0.809017, -0.309017, 0.0, 0.809017, 0.309017, 0.5, 0.0, -0.309017, -0.5, 0.809017, 0.0, 0.0, 0.0, 0.0, 1.0 ], [ -0.309017, -0.5, 0.809017, 0.0, -0.5, 0.809017, 0.309017, 0.0, -0.809017, -0.309017, -0.5, 0.0, 0.0, 0.0, 0.0, 1.0 ], [ -0.5, -0.809017, -0.309017, 0.0, 0.809017, -0.309017, -0.5, 0.0, 0.309017, -0.5, 0.809017, 0.0, 0.0, 0.0, 0.0, 1.0 ], [ 0.309017, -0.5, 0.809017, 0.0, 0.5, 0.809017, 0.309017, 0.0, -0.809017, 0.309017, 0.5, 0.0, 0.0, 0.0, 0.0, 1.0 ], [ -0.809017, 0.309017, 0.5, 0.0, -0.309017, 0.5, -0.809017, 0.0, -0.5, -0.809017, -0.309017, 0.0, 0.0, 0.0, 0.0, 1.0 ], [ -0.5, -0.809017, 0.309017, 0.0, 0.809017, -0.309017, 0.5, 0.0, -0.309017, 0.5, 0.809017, 0.0, 0.0, 0.0, 0.0, 1.0 ], [ -0.309017, 0.5, 0.809017, 0.0, 0.5, 0.809017, -0.309017, 0.0, -0.809017, 0.309017, -0.5, 0.0, 0.0, 0.0, 0.0, 1.0 ], [ -0.809017, 0.309017, -0.5, 0.0, 0.309017, -0.5, -0.809017, 0.0, -0.5, -0.809017, 0.309017, 0.0, 0.0, 0.0, 0.0, 1.0 ], [ -0.809017, -0.309017, 0.5, 0.0, 0.309017, 0.5, 0.809017, 0.0, -0.5, 0.809017, -0.309017, 0.0, 0.0, 0.0, 0.0, 1.0 ], [ -0.5, 0.809017, -0.309017, 0.0, 0.809017, 0.309017, -0.5, 0.0, -0.309017, -0.5, -0.809017, 0.0, 0.0, 0.0, 0.0, 1.0 ], [ -0.309017, -0.5, -0.809017, 0.0, 0.5, -0.809017, 0.309017, 0.0, -0.809017, -0.309017, 0.5, 0.0, 0.0, 0.0, 0.0, 1.0 ] ],
  "lights" : {
    "ambientColor" : "#292929",
    "backgroundColor" : "#FFFFEF",
    "directionalLights" : [ {
      "direction" : {
        "x" : 1.0,
        "y" : -1.0,
        "z" : -1.0
      },
      "color" : "#EBEBE4"
    }, {
      "direction" : {
        "x" : -1.0,
        "y" : 0.0,
        "z" : 0.0
      },
      "color" : "#E4E4EB"
    }, {
      "direction" : {
        "x" : 0.0,
        "y" : 0.0,
        "z" : -1.0
      },
      "color" : "#1E1E1E"
    } ]
  },
  "camera" : {
    "stereo" : false,
    "width" : 146.99106,
    "perspective" : false,
    "viewDistance" : 326.64676,
    "nearClipDistance" : 0.81661683,
    "farClipDistance" : 653.29346,
    "lookAtPoint" : {
      "x" : 0.0,
      "y" : 0.0,
      "z" : 0.0
    },
    "fieldOfView" : 0.44262892,
    "lookDirection" : {
      "x" : 0.0,
      "y" : 0.0,
      "z" : -1.0
    },
    "upDirection" : {
      "x" : 0.0,
      "y" : 1.0,
      "z" : 0.0
    },
    "position" : {
      "x" : 0.0,
      "y" : 0.0,
      "z" : 326.64676
    }
  },
  "embedding" : [ 1.0, 0.0, 0.0, 0.0, 0.0, 1.0, 0.0, 0.0, 0.0, 0.0, 1.0, 0.0, 0.0, 0.0, 0.0, 1.0 ],
  "shapes" : [ {
    "id" : "5cdb53e1-784a-4d8e-979b-f546d62c5fc3",
    "vertices" : [ {
      "x" : 4.0524297,
      "y" : -11.252167,
      "z" : 5.216058
    }, {
      "x" : 3.6524296,
      "y" : -11.352167,
      "z" : 5.3160577
    }, {
      "x" : 0.062587515,
      "y" : -0.49251142,
      "z" : 0.47075596
    }, {
      "x" : 0.4625875,
      "y" : -0.39251143,
      "z" : 0.37075597
    }, {
      "x" : 3.785763,
      "y" : -11.118834,
      "z" : 5.616058
    }, {
      "x" : 4.185763,
      "y" : -11.018834,
      "z" : 5.516058
    }, {
      "x" : 0.32925418,
      "y" : -0.6258448,
      "z" : 0.07075596
    }, {
      "x" : -0.07074582,
      "y" : -0.72584474,
      "z" : 0.17075595
    } ],
    "faces" : [ {
      "vertices" : [ 2, 3, 6 ]
    }, {
      "vertices" : [ 2, 6, 7 ]
    }, {
      "vertices" : [ 0, 5, 4 ]
    }, {
      "vertices" : [ 0, 4, 1 ]
    }, {
      "vertices" : [ 2, 4, 5 ]
    }, {
      "vertices" : [ 2, 5, 3 ]
    }, {
      "vertices" : [ 0, 6, 3 ]
    }, {
      "vertices" : [ 0, 3, 5 ]
    }, {
      "vertices" : [ 0, 1, 7 ]
    }, {
      "vertices" : [ 0, 7, 6 ]
    }, {
      "vertices" : [ 1, 4, 2 ]
    }, {
      "vertices" : [ 1, 2, 7 ]
    } ]
  }, {
    "id" : "4683767f-f48d-4471-8076-c26af0239667",
    "vertices" : [ {
      "x" : 4.57365,
      "y" : -19.964565,
      "z" : -0.26666668
    }, {
      "x" : 4.47365,
      "y" : -19.864565,
      "z" : 0.13333334
    }, {
      "x" : 0.26542366,
      "y" : -0.53407913,
      "z" : 0.26666668
    }, {
      "x" : 0.36542365,
      "y" : -0.63407916,
      "z" : -0.13333334
    }, {
      "x" : 4.77365,
      "y" : -19.631233,
      "z" : 0.26666668
    }, {
      "x" : 4.87365,
      "y" : -19.731232,
      "z" : -0.13333334
    }, {
      "x" : 0.065423645,
      "y" : -0.8674125,
      "z" : -0.26666668
    }, {
      "x" : -0.034576353,
      "y" : -0.7674125,
      "z" : 0.13333334
    } ],
    "faces" : [ {
      "vertices" : [ 2, 3, 6 ]
    }, {
      "vertices" : [ 2, 6, 7 ]
    }, {
      "vertices" : [ 0, 5, 4 ]
    }, {
      "vertices" : [ 0, 4, 1 ]
    }, {
      "vertices" : [ 2, 4, 5 ]
    }, {
      "vertices" : [ 2, 5, 3 ]
    }, {
      "vertices" : [ 0, 6, 3 ]
    }, {
      "vertices" : [ 0, 3, 5 ]
    }, {
      "vertices" : [ 0, 1, 7 ]
    }, {
      "vertices" : [ 0, 7, 6 ]
    }, {
      "vertices" : [ 1, 4, 2 ]
    }, {
      "vertices" : [ 1, 2, 7 ]
    } ]
  }, {
    "id" : "b320c138-bd91-4906-b939-019f0013258b",
    "vertices" : [ {
      "x" : 1.0,
      "y" : 0.309017,
      "z" : 0.19098301
    }, {
      "x" : 1.0,
      "y" : -0.309017,
      "z" : 0.19098301
    }, {
      "x" : 7.472136,
      "y" : -0.309017,
      "z" : 0.19098301
    }, {
      "x" : 7.472136,
      "y" : 0.309017,
      "z" : 0.19098301
    }, {
      "x" : 7.472136,
      "y" : -0.309017,
      "z" : -0.19098301
    }, {
      "x" : 7.472136,
      "y" : 0.309017,
      "z" : -0.19098301
    }, {
      "x" : 8.09017,
      "y" : 0.0,
      "z" : 0.0
    }, {
      "x" : 0.38196602,
      "y" : 0.0,
      "z" : 0.0
    }, {
      "x" : 1.0,
      "y" : 0.309017,
      "z" : -0.19098301
    }, {
      "x" : 1.0,
      "y" : -0.309017,
      "z" : -0.19098301
    }, {
      "x" : 8.472136,
      "y" : 0.0,
      "z" : 0.0
    } ],
    "faces" : [ {
      "vertices" : [ 1, 9, 4 ]
    }, {
      "vertices" : [ 1, 4, 2 ]
    }, {
      "vertices" : [ 0, 3, 5 ]
    }, {
      "vertices" : [ 0, 5, 8 ]
    }, {
      "vertices" : [ 1, 7, 9 ]
    }, {
      "vertices" : [ 0, 1, 2 ]
    }, {
      "vertices" : [ 0, 2, 3 ]
    }, {
      "vertices" : [ 7, 8, 9 ]
    }, {
      "vertices" : [ 0, 7, 1 ]
    }, {
      "vertices" : [ 4, 9, 8 ]
    }, {
      "vertices" : [ 4, 8, 5 ]
    }, {
      "vertices" : [ 2, 6, 3 ]
    }, {
      "vertices" : [ 2, 4, 6 ]
    }, {
      "vertices" : [ 3, 6, 5 ]
    }, {
      "vertices" : [ 4, 5, 6 ]
    }, {
      "vertices" : [ 0, 8, 7 ]
    } ]
  }, {
    "id" : "1c4276c8-cfc4-4ce9-8eac-15f956f2434d",
    "vertices" : [ {
      "x" : 0.309017,
      "y" : -0.309017,
      "z" : -0.309017
    }, {
      "x" : 0.5,
      "y" : 0.0,
      "z" : -0.19098301
    }, {
      "x" : 0.5,
      "y" : 0.0,
      "z" : 0.19098301
    }, {
      "x" : 0.309017,
      "y" : -0.309017,
      "z" : 0.309017
    }, {
      "x" : 0.19098301,
      "y" : -0.5,
      "z" : 0.0
    }, {
      "x" : 0.0,
      "y" : 0.19098301,
      "z" : 0.5
    }, {
      "x" : 0.0,
      "y" : -0.19098301,
      "z" : 0.5
    }, {
      "x" : 0.309017,
      "y" : 0.309017,
      "z" : 0.309017
    }, {
      "x" : -0.309017,
      "y" : -0.309017,
      "z" : 0.309017
    }, {
      "x" : -0.309017,
      "y" : 0.309017,
      "z" : 0.309017
    }, {
      "x" : -0.5,
      "y" : 0.0,
      "z" : 0.19098301
    }, {
      "x" : 0.0,
      "y" : -0.19098301,
      "z" : -0.5
    }, {
      "x" : 0.0,
      "y" : 0.19098301,
      "z" : -0.5
    }, {
      "x" : 0.309017,
      "y" : 0.309017,
      "z" : -0.309017
    }, {
      "x" : -0.309017,
      "y" : -0.309017,
      "z" : -0.309017
    }, {
      "x" : -0.19098301,
      "y" : -0.5,
      "z" : 0.0
    }, {
      "x" : -0.5,
      "y" : 0.0,
      "z" : -0.19098301
    }, {
      "x" : 0.19098301,
      "y" : 0.5,
      "z" : 0.0
    }, {
      "x" : -0.309017,
      "y" : 0.309017,
      "z" : -0.309017
    }, {
      "x" : 0.0,
      "y" : 0.0,
      "z" : 0.0
    }, {
      "x" : -0.19098301,
      "y" : 0.5,
      "z" : 0.0
    } ],
    "faces" : [ {
      "vertices" : [ 12, 18, 20 ]
    }, {
      "vertices" : [ 12, 20, 17 ]
    }, {
      "vertices" : [ 12, 17, 13 ]
    }, {
      "vertices" : [ 3, 6, 8 ]
    }, {
      "vertices" : [ 3, 8, 15 ]
    }, {
      "vertices" : [ 3, 15, 4 ]
    }, {
      "vertices" : [ 0, 11, 12 ]
    }, {
      "vertices" : [ 0, 12, 13 ]
    }, {
      "vertices" : [ 0, 13, 1 ]
    }, {
      "vertices" : [ 5, 9, 10 ]
    }, {
      "vertices" : [ 5, 10, 8 ]
    }, {
      "vertices" : [ 5, 8, 6 ]
    }, {
      "vertices" : [ 2, 7, 5 ]
    }, {
      "vertices" : [ 2, 5, 6 ]
    }, {
      "vertices" : [ 2, 6, 3 ]
    }, {
      "vertices" : [ 11, 14, 16 ]
    }, {
      "vertices" : [ 11, 16, 18 ]
    }, {
      "vertices" : [ 11, 18, 12 ]
    }, {
      "vertices" : [ 1, 13, 17 ]
    }, {
      "vertices" : [ 1, 17, 7 ]
    }, {
      "vertices" : [ 1, 7, 2 ]
    }, {
      "vertices" : [ 9, 20, 18 ]
    }, {
      "vertices" : [ 9, 18, 16 ]
    }, {
      "vertices" : [ 9, 16, 10 ]
    }, {
      "vertices" : [ 0, 1, 2 ]
    }, {
      "vertices" : [ 0, 2, 3 ]
    }, {
      "vertices" : [ 0, 3, 4 ]
    }, {
      "vertices" : [ 5, 7, 17 ]
    }, {
      "vertices" : [ 5, 17, 20 ]
    }, {
      "vertices" : [ 5, 20, 9 ]
    }, {
      "vertices" : [ 0, 4, 15 ]
    }, {
      "vertices" : [ 0, 15, 14 ]
    }, {
      "vertices" : [ 0, 14, 11 ]
    }, {
      "vertices" : [ 8, 10, 16 ]
    }, {
      "vertices" : [ 8, 16, 14 ]
    }, {
      "vertices" : [ 8, 14, 15 ]
    } ]
  }, {
    "id" : "4c2a074f-1cdd-4df9-a4d8-f4c65170b78a",
    "vertices" : [ {
      "x" : 33.167503,
      "y" : -20.498646,
      "z" : 0.0
    }, {
      "x" : 19.003288,
      "y" : -30.747967,
      "z" : -11.7446785
    }, {
      "x" : 13.316475,
      "y" : -34.862984,
      "z" : 0.0
    }, {
      "x" : 19.003288,
      "y" : -30.747967,
      "z" : 11.7446785
    } ],
    "faces" : [ {
      "vertices" : [ 0, 1, 2 ]
    }, {
      "vertices" : [ 0, 2, 3 ]
    }, {
      "vertices" : [ 0, 3, 2 ]
    }, {
      "vertices" : [ 0, 2, 1 ]
    } ]
  }, {
    "id" : "47abb47a-786d-4f83-838b-744e9e1dbd44",
    "vertices" : [ {
      "x" : 33.167503,
      "y" : -20.498646,
      "z" : 0.0
    }, {
      "x" : 38.006577,
      "y" : 0.0,
      "z" : 0.0
    }, {
      "x" : 34.862984,
      "y" : 0.0,
      "z" : -13.316475
    }, {
      "x" : 30.747967,
      "y" : -11.7446785,
      "z" : -19.003288
    } ],
    "faces" : [ {
      "vertices" : [ 0, 1, 2 ]
    }, {
      "vertices" : [ 0, 2, 3 ]
    }, {
      "vertices" : [ 0, 3, 2 ]
    }, {
      "vertices" : [ 0, 2, 1 ]
    } ]
  }, {
    "id" : "4a006b14-0cc0-4a19-a89b-a8da408a58b2",
    "vertices" : [ {
      "x" : -20.498646,
      "y" : 0.0,
      "z" : 33.167503
    }, {
      "x" : -30.747967,
      "y" : -11.7446785,
      "z" : 19.003288
    }, {
      "x" : -34.862984,
      "y" : 0.0,
      "z" : 13.316475
    }, {
      "x" : -30.747967,
      "y" : 11.7446785,
      "z" : 19.003288
    } ],
    "faces" : [ {
      "vertices" : [ 0, 1, 2 ]
    }, {
      "vertices" : [ 0, 2, 3 ]
    }, {
      "vertices" : [ 0, 3, 2 ]
    }, {
      "vertices" : [ 0, 2, 1 ]
    } ]
  }, {
    "id" : "8956852c-4459-4cf9-b40a-4a8d00f6346e",
    "vertices" : [ {
      "x" : 0.0,
      "y" : 33.167503,
      "z" : 20.498646
    }, {
      "x" : 11.7446785,
      "y" : 19.003288,
      "z" : 30.747967
    }, {
      "x" : 0.0,
      "y" : 13.316475,
      "z" : 34.862984
    }, {
      "x" : -11.7446785,
      "y" : 19.003288,
      "z" : 30.747967
    } ],
    "faces" : [ {
      "vertices" : [ 0, 1, 2 ]
    }, {
      "vertices" : [ 0, 2, 3 ]
    }, {
      "vertices" : [ 0, 3, 2 ]
    }, {
      "vertices" : [ 0, 2, 1 ]
    } ]
  }, {
    "id" : "c3f33b00-15b3-417e-b05c-cebb56fe3d13",
    "vertices" : [ {
      "x" : 33.167503,
      "y" : -20.498646,
      "z" : 0.0
    }, {
      "x" : 30.747967,
      "y" : -11.7446785,
      "z" : -19.003288
    }, {
      "x" : 21.546509,
      "y" : -21.546509,
      "z" : -21.546509
    }, {
      "x" : 19.003288,
      "y" : -30.747967,
      "z" : -11.7446785
    } ],
    "faces" : [ {
      "vertices" : [ 0, 1, 2 ]
    }, {
      "vertices" : [ 0, 2, 3 ]
    }, {
      "vertices" : [ 0, 3, 2 ]
    }, {
      "vertices" : [ 0, 2, 1 ]
    } ]
  }, {
    "id" : "e30f9947-6aa9-445c-ac34-33097afde083",
    "vertices" : [ {
      "x" : -20.498646,
      "y" : 0.0,
      "z" : 33.167503
    }, {
      "x" : -11.7446785,
      "y" : -19.003288,
      "z" : 30.747967
    }, {
      "x" : -21.546509,
      "y" : -21.546509,
      "z" : 21.546509
    }, {
      "x" : -30.747967,
      "y" : -11.7446785,
      "z" : 19.003288
    } ],
    "faces" : [ {
      "vertices" : [ 0, 1, 2 ]
    }, {
      "vertices" : [ 0, 2, 3 ]
    }, {
      "vertices" : [ 0, 3, 2 ]
    }, {
      "vertices" : [ 0, 2, 1 ]
    } ]
  }, {
    "id" : "1a4a319a-ed5a-4528-a889-132031d67323",
    "vertices" : [ {
      "x" : -33.167503,
      "y" : -20.498646,
      "z" : 0.0
    }, {
      "x" : -38.006577,
      "y" : 0.0,
      "z" : 0.0
    }, {
      "x" : -34.862984,
      "y" : 0.0,
      "z" : 13.316475
    }, {
      "x" : -30.747967,
      "y" : -11.7446785,
      "z" : 19.003288
    } ],
    "faces" : [ {
      "vertices" : [ 0, 1, 2 ]
    }, {
      "vertices" : [ 0, 2, 3 ]
    }, {
      "vertices" : [ 0, 3, 2 ]
    }, {
      "vertices" : [ 0, 2, 1 ]
    } ]
  }, {
    "id" : "0b6582b2-a9dc-43ee-b1ca-0e57062fc68e",
    "vertices" : [ {
      "x" : 20.498646,
      "y" : 0.0,
      "z" : 33.167503
    }, {
      "x" : 30.747967,
      "y" : -11.7446785,
      "z" : 19.003288
    }, {
      "x" : 21.546509,
      "y" : -21.546509,
      "z" : 21.546509
    }, {
      "x" : 11.7446785,
      "y" : -19.003288,
      "z" : 30.747967
    } ],
    "faces" : [ {
      "vertices" : [ 0, 1, 2 ]
    }, {
      "vertices" : [ 0, 2, 3 ]
    }, {
      "vertices" : [ 0, 3, 2 ]
    }, {
      "vertices" : [ 0, 2, 1 ]
    } ]
  }, {
    "id" : "1acb1b26-c0e2-4f79-bedd-a53ec5500a92",
    "vertices" : [ {
      "x" : 0.0,
      "y" : -33.167503,
      "z" : 20.498646
    }, {
      "x" : 19.003288,
      "y" : -30.747967,
      "z" : 11.7446785
    }, {
      "x" : 13.316475,
      "y" : -34.862984,
      "z" : 0.0
    }, {
      "x" : 0.0,
      "y" : -38.006577,
      "z" : 0.0
    } ],
    "faces" : [ {
      "vertices" : [ 0, 1, 2 ]
    }, {
      "vertices" : [ 0, 2, 3 ]
    }, {
      "vertices" : [ 0, 3, 2 ]
    }, {
      "vertices" : [ 0, 2, 1 ]
    } ]
  }, {
    "id" : "4e7db686-b1c6-4cfd-bdbe-873056367c8f",
    "vertices" : [ {
      "x" : 20.498646,
      "y" : 0.0,
      "z" : -33.167503
    }, {
      "x" : 30.747967,
      "y" : 11.7446785,
      "z" : -19.003288
    }, {
      "x" : 21.546509,
      "y" : 21.546509,
      "z" : -21.546509
    }, {
      "x" : 11.7446785,
      "y" : 19.003288,
      "z" : -30.747967
    } ],
    "faces" : [ {
      "vertices" : [ 0, 1, 2 ]
    }, {
      "vertices" : [ 0, 2, 3 ]
    }, {
      "vertices" : [ 0, 3, 2 ]
    }, {
      "vertices" : [ 0, 2, 1 ]
    } ]
  }, {
    "id" : "c0225701-1033-49ed-bd16-151440ee1125",
    "vertices" : [ {
      "x" : -33.167503,
      "y" : 20.498646,
      "z" : 0.0
    }, {
      "x" : -19.003288,
      "y" : 30.747967,
      "z" : -11.7446785
    }, {
      "x" : -13.316475,
      "y" : 34.862984,
      "z" : 0.0
    }, {
      "x" : -19.003288,
      "y" : 30.747967,
      "z" : 11.7446785
    } ],
    "faces" : [ {
      "vertices" : [ 0, 1, 2 ]
    }, {
      "vertices" : [ 0, 2, 3 ]
    }, {
      "vertices" : [ 0, 3, 2 ]
    }, {
      "vertices" : [ 0, 2, 1 ]
    } ]
  }, {
    "id" : "3f773f9f-0da8-4305-9116-2af2856f9c12",
    "vertices" : [ {
      "x" : 11.062132,
      "y" : -31.258572,
      "z" : 14.903228
    }, {
      "x" : 10.662131,
      "y" : -31.358572,
      "z" : 15.003228
    }, {
      "x" : 0.062587515,
      "y" : -0.49251142,
      "z" : 0.47075596
    }, {
      "x" : 0.4625875,
      "y" : -0.39251143,
      "z" : 0.37075597
    }, {
      "x" : 10.7954645,
      "y" : -31.125238,
      "z" : 15.303227
    }, {
      "x" : 11.195465,
      "y" : -31.025238,
      "z" : 15.203228
    }, {
      "x" : 0.32925418,
      "y" : -0.6258448,
      "z" : 0.07075596
    }, {
      "x" : -0.07074582,
      "y" : -0.72584474,
      "z" : 0.17075595
    } ],
    "faces" : [ {
      "vertices" : [ 2, 3, 6 ]
    }, {
      "vertices" : [ 2, 6, 7 ]
    }, {
      "vertices" : [ 0, 5, 4 ]
    }, {
      "vertices" : [ 0, 4, 1 ]
    }, {
      "vertices" : [ 2, 4, 5 ]
    }, {
      "vertices" : [ 2, 5, 3 ]
    }, {
      "vertices" : [ 0, 6, 3 ]
    }, {
      "vertices" : [ 0, 3, 5 ]
    }, {
      "vertices" : [ 0, 1, 7 ]
    }, {
      "vertices" : [ 0, 7, 6 ]
    }, {
      "vertices" : [ 1, 4, 2 ]
    }, {
      "vertices" : [ 1, 2, 7 ]
    } ]
  }, {
    "id" : "9cb4e75c-f6a5-46e0-a72a-021e6cb0d1fe",
    "vertices" : [ {
      "x" : -33.167503,
      "y" : 20.498646,
      "z" : 0.0
    }, {
      "x" : -19.003288,
      "y" : 30.747967,
      "z" : 11.7446785
    }, {
      "x" : -21.546509,
      "y" : 21.546509,
      "z" : 21.546509
    }, {
      "x" : -30.747967,
      "y" : 11.7446785,
      "z" : 19.003288
    } ],
    "faces" : [ {
      "vertices" : [ 0, 1, 2 ]
    }, {
      "vertices" : [ 0, 2, 3 ]
    }, {
      "vertices" : [ 0, 3, 2 ]
    }, {
      "vertices" : [ 0, 2, 1 ]
    } ]
  }, {
    "id" : "13e37fe7-2fbb-45aa-937b-903a2b1e9a9d",
    "vertices" : [ {
      "x" : 1.0,
      "y" : 0.309017,
      "z" : 0.19098301
    }, {
      "x" : 1.0,
      "y" : -0.309017,
      "z" : 0.19098301
    }, {
      "x" : 37.006577,
      "y" : -0.309017,
      "z" : 0.19098301
    }, {
      "x" : 37.006577,
      "y" : 0.309017,
      "z" : 0.19098301
    }, {
      "x" : 37.006577,
      "y" : -0.309017,
      "z" : -0.19098301
    }, {
      "x" : 37.006577,
      "y" : 0.309017,
      "z" : -0.19098301
    }, {
      "x" : 37.62461,
      "y" : 0.0,
      "z" : 0.0
    }, {
      "x" : 0.38196602,
      "y" : 0.0,
      "z" : 0.0
    }, {
      "x" : 1.0,
      "y" : 0.309017,
      "z" : -0.19098301
    }, {
      "x" : 1.0,
      "y" : -0.309017,
      "z" : -0.19098301
    }, {
      "x" : 38.006577,
      "y" : 0.0,
      "z" : 0.0
    } ],
    "faces" : [ {
      "vertices" : [ 1, 9, 4 ]
    }, {
      "vertices" : [ 1, 4, 2 ]
    }, {
      "vertices" : [ 0, 3, 5 ]
    }, {
      "vertices" : [ 0, 5, 8 ]
    }, {
      "vertices" : [ 1, 7, 9 ]
    }, {
      "vertices" : [ 0, 1, 2 ]
    }, {
      "vertices" : [ 0, 2, 3 ]
    }, {
      "vertices" : [ 7, 8, 9 ]
    }, {
      "vertices" : [ 0, 7, 1 ]
    }, {
      "vertices" : [ 4, 9, 8 ]
    }, {
      "vertices" : [ 4, 8, 5 ]
    }, {
      "vertices" : [ 2, 6, 3 ]
    }, {
      "vertices" : [ 2, 4, 6 ]
    }, {
      "vertices" : [ 3, 6, 5 ]
    }, {
      "vertices" : [ 4, 5, 6 ]
    }, {
      "vertices" : [ 0, 8, 7 ]
    } ]
  }, {
    "id" : "1c8eba98-9f15-4259-bb20-a860e7117e8e",
    "vertices" : [ {
      "x" : 0.0,
      "y" : 33.167503,
      "z" : 20.498646
    }, {
      "x" : 19.003288,
      "y" : 30.747967,
      "z" : 11.7446785
    }, {
      "x" : 21.546509,
      "y" : 21.546509,
      "z" : 21.546509
    }, {
      "x" : 11.7446785,
      "y" : 19.003288,
      "z" : 30.747967
    } ],
    "faces" : [ {
      "vertices" : [ 0, 1, 2 ]
    }, {
      "vertices" : [ 0, 2, 3 ]
    }, {
      "vertices" : [ 0, 3, 2 ]
    }, {
      "vertices" : [ 0, 2, 1 ]
    } ]
  }, {
    "id" : "2f7eb535-eef7-47e0-9d1e-b1caeb17582d",
    "vertices" : [ {
      "x" : 20.498646,
      "y" : 0.0,
      "z" : 33.167503
    }, {
      "x" : 11.7446785,
      "y" : -19.003288,
      "z" : 30.747967
    }, {
      "x" : 0.0,
      "y" : -13.316475,
      "z" : 34.862984
    }, {
      "x" : 0.0,
      "y" : 0.0,
      "z" : 38.006577
    } ],
    "faces" : [ {
      "vertices" : [ 0, 1, 2 ]
    }, {
      "vertices" : [ 0, 2, 3 ]
    }, {
      "vertices" : [ 0, 3, 2 ]
    }, {
      "vertices" : [ 0, 2, 1 ]
    } ]
  }, {
    "id" : "3a430ca9-6739-4c58-b6b1-46bfe08b6da5",
    "vertices" : [ {
      "x" : 0.0,
      "y" : 33.167503,
      "z" : -20.498646
    }, {
      "x" : -19.003288,
      "y" : 30.747967,
      "z" : -11.7446785
    }, {
      "x" : -21.546509,
      "y" : 21.546509,
      "z" : -21.546509
    }, {
      "x" : -11.7446785,
      "y" : 19.003288,
      "z" : -30.747967
    } ],
    "faces" : [ {
      "vertices" : [ 0, 1, 2 ]
    }, {
      "vertices" : [ 0, 2, 3 ]
    }, {
      "vertices" : [ 0, 3, 2 ]
    }, {
      "vertices" : [ 0, 2, 1 ]
    } ]
  }, {
    "id" : "f4aa67bd-dbeb-465d-a9dc-106846a8555a",
    "vertices" : [ {
      "x" : -20.498646,
      "y" : 0.0,
      "z" : 33.167503
    }, {
      "x" : 0.0,
      "y" : 0.0,
      "z" : 38.006577
    }, {
      "x" : 0.0,
      "y" : -13.316475,
      "z" : 34.862984
    }, {
      "x" : -11.7446785,
      "y" : -19.003288,
      "z" : 30.747967
    } ],
    "faces" : [ {
      "vertices" : [ 0, 1, 2 ]
    }, {
      "vertices" : [ 0, 2, 3 ]
    }, {
      "vertices" : [ 0, 3, 2 ]
    }, {
      "vertices" : [ 0, 2, 1 ]
    } ]
  }, {
    "id" : "bcc51684-fca2-4756-a57c-618efc43cc1f",
    "vertices" : [ {
      "x" : -33.167503,
      "y" : -20.498646,
      "z" : 0.0
    }, {
      "x" : -30.747967,
      "y" : -11.7446785,
      "z" : -19.003288
    }, {
      "x" : -34.862984,
      "y" : 0.0,
      "z" : -13.316475
    }, {
      "x" : -38.006577,
      "y" : 0.0,
      "z" : 0.0
    } ],
    "faces" : [ {
      "vertices" : [ 0, 1, 2 ]
    }, {
      "vertices" : [ 0, 2, 3 ]
    }, {
      "vertices" : [ 0, 3, 2 ]
    }, {
      "vertices" : [ 0, 2, 1 ]
    } ]
  }, {
    "id" : "1c564719-8d4d-42dd-8962-9819198353a7",
    "vertices" : [ {
      "x" : -20.498646,
      "y" : 0.0,
      "z" : 33.167503
    }, {
      "x" : -11.7446785,
      "y" : 19.003288,
      "z" : 30.747967
    }, {
      "x" : 0.0,
      "y" : 13.316475,
      "z" : 34.862984
    }, {
      "x" : 0.0,
      "y" : 0.0,
      "z" : 38.006577
    } ],
    "faces" : [ {
      "vertices" : [ 0, 1, 2 ]
    }, {
      "vertices" : [ 0, 2, 3 ]
    }, {
      "vertices" : [ 0, 3, 2 ]
    }, {
      "vertices" : [ 0, 2, 1 ]
    } ]
  }, {
    "id" : "2f19e6b7-1e4d-43f5-82ad-42571df56fd2",
    "vertices" : [ {
      "x" : 0.0,
      "y" : -33.167503,
      "z" : -20.498646
    }, {
      "x" : 11.7446785,
      "y" : -19.003288,
      "z" : -30.747967
    }, {
      "x" : 0.0,
      "y" : -13.316475,
      "z" : -34.862984
    }, {
      "x" : -11.7446785,
      "y" : -19.003288,
      "z" : -30.747967
    } ],
    "faces" : [ {
      "vertices" : [ 0, 1, 2 ]
    }, {
      "vertices" : [ 0, 2, 3 ]
    }, {
      "vertices" : [ 0, 3, 2 ]
    }, {
      "vertices" : [ 0, 2, 1 ]
    } ]
  }, {
    "id" : "b62e111e-8568-449b-84bb-47fbb194da11",
    "vertices" : [ {
      "x" : 33.167503,
      "y" : 20.498646,
      "z" : 0.0
    }, {
      "x" : 19.003288,
      "y" : 30.747967,
      "z" : 11.7446785
    }, {
      "x" : 13.316475,
      "y" : 34.862984,
      "z" : 0.0
    }, {
      "x" : 19.003288,
      "y" : 30.747967,
      "z" : -11.7446785
    } ],
    "faces" : [ {
      "vertices" : [ 0, 1, 2 ]
    }, {
      "vertices" : [ 0, 2, 3 ]
    }, {
      "vertices" : [ 0, 3, 2 ]
    }, {
      "vertices" : [ 0, 2, 1 ]
    } ]
  }, {
    "id" : "3a97ae08-06b4-4ddc-a6d9-f2f897dd894e",
    "vertices" : [ {
      "x" : 33.167503,
      "y" : -20.498646,
      "z" : 0.0
    }, {
      "x" : 30.747967,
      "y" : -11.7446785,
      "z" : 19.003288
    }, {
      "x" : 34.862984,
      "y" : 0.0,
      "z" : 13.316475
    }, {
      "x" : 38.006577,
      "y" : 0.0,
      "z" : 0.0
    } ],
    "faces" : [ {
      "vertices" : [ 0, 1, 2 ]
    }, {
      "vertices" : [ 0, 2, 3 ]
    }, {
      "vertices" : [ 0, 3, 2 ]
    }, {
      "vertices" : [ 0, 2, 1 ]
    } ]
  }, {
    "id" : "3fef508d-90f7-4177-afc7-e258cd42d5e9",
    "vertices" : [ {
      "x" : 0.9045085,
      "y" : 0.3454915,
      "z" : 0.25
    }, {
      "x" : 32.45398,
      "y" : 19.844137,
      "z" : 0.25
    }, {
      "x" : 32.262997,
      "y" : 20.153152,
      "z" : 0.25
    }, {
      "x" : 0.7135255,
      "y" : 0.6545085,
      "z" : 0.25
    }, {
      "x" : 0.809017,
      "y" : 0.5,
      "z" : -0.309017
    }, {
      "x" : 0.9635255,
      "y" : 0.25,
      "z" : -0.095491506
    }, {
      "x" : 0.309017,
      "y" : 0.19098301,
      "z" : 0.0
    }, {
      "x" : 32.858486,
      "y" : 20.307661,
      "z" : 0.0
    }, {
      "x" : 32.20398,
      "y" : 20.248646,
      "z" : -0.095491506
    }, {
      "x" : 32.358486,
      "y" : 19.998646,
      "z" : -0.309017
    }, {
      "x" : 33.167503,
      "y" : 20.498646,
      "z" : 0.0
    }, {
      "x" : 0.6545085,
      "y" : 0.75,
      "z" : -0.095491506
    }, {
      "x" : 32.512997,
      "y" : 19.748646,
      "z" : -0.095491506
    } ],
    "faces" : [ {
      "vertices" : [ 4, 11, 8 ]
    }, {
      "vertices" : [ 4, 8, 9 ]
    }, {
      "vertices" : [ 0, 1, 2 ]
    }, {
      "vertices" : [ 0, 2, 3 ]
    }, {
      "vertices" : [ 0, 3, 6 ]
    }, {
      "vertices" : [ 1, 7, 2 ]
    }, {
      "vertices" : [ 0, 6, 5 ]
    }, {
      "vertices" : [ 4, 5, 6 ]
    }, {
      "vertices" : [ 2, 7, 8 ]
    }, {
      "vertices" : [ 0, 5, 12 ]
    }, {
      "vertices" : [ 0, 12, 1 ]
    }, {
      "vertices" : [ 1, 12, 7 ]
    }, {
      "vertices" : [ 3, 11, 6 ]
    }, {
      "vertices" : [ 4, 6, 11 ]
    }, {
      "vertices" : [ 7, 9, 8 ]
    }, {
      "vertices" : [ 2, 8, 11 ]
    }, {
      "vertices" : [ 2, 11, 3 ]
    }, {
      "vertices" : [ 7, 12, 9 ]
    }, {
      "vertices" : [ 4, 9, 12 ]
    }, {
      "vertices" : [ 4, 12, 5 ]
    } ]
  }, {
    "id" : "d59b23e9-53a5-4ae3-b5f0-436394728f10",
    "vertices" : [ {
      "x" : 0.0,
      "y" : -33.167503,
      "z" : 20.498646
    }, {
      "x" : 0.0,
      "y" : -38.006577,
      "z" : 0.0
    }, {
      "x" : -13.316475,
      "y" : -34.862984,
      "z" : 0.0
    }, {
      "x" : -19.003288,
      "y" : -30.747967,
      "z" : 11.7446785
    } ],
    "faces" : [ {
      "vertices" : [ 0, 1, 2 ]
    }, {
      "vertices" : [ 0, 2, 3 ]
    }, {
      "vertices" : [ 0, 3, 2 ]
    }, {
      "vertices" : [ 0, 2, 1 ]
    } ]
  }, {
    "id" : "a0805cbf-b66a-472c-9143-c52552568c9f",
    "vertices" : [ {
      "x" : 8.233106,
      "y" : -35.466267,
      "z" : -0.26666668
    }, {
      "x" : 8.133105,
      "y" : -35.36627,
      "z" : 0.13333334
    }, {
      "x" : 0.26542366,
      "y" : -0.53407913,
      "z" : 0.26666668
    }, {
      "x" : 0.36542365,
      "y" : -0.63407916,
      "z" : -0.13333334
    }, {
      "x" : 8.433105,
      "y" : -35.132935,
      "z" : 0.26666668
    }, {
      "x" : 8.533106,
      "y" : -35.232933,
      "z" : -0.13333334
    }, {
      "x" : 0.065423645,
      "y" : -0.8674125,
      "z" : -0.26666668
    }, {
      "x" : -0.034576353,
      "y" : -0.7674125,
      "z" : 0.13333334
    } ],
    "faces" : [ {
      "vertices" : [ 2, 3, 6 ]
    }, {
      "vertices" : [ 2, 6, 7 ]
    }, {
      "vertices" : [ 0, 5, 4 ]
    }, {
      "vertices" : [ 0, 4, 1 ]
    }, {
      "vertices" : [ 2, 4, 5 ]
    }, {
      "vertices" : [ 2, 5, 3 ]
    }, {
      "vertices" : [ 0, 6, 3 ]
    }, {
      "vertices" : [ 0, 3, 5 ]
    }, {
      "vertices" : [ 0, 1, 7 ]
    }, {
      "vertices" : [ 0, 7, 6 ]
    }, {
      "vertices" : [ 1, 4, 2 ]
    }, {
      "vertices" : [ 1, 2, 7 ]
    } ]
  }, {
    "id" : "63155989-e620-4cb6-83e4-9543da2609a8",
    "vertices" : [ {
      "x" : -33.167503,
      "y" : 20.498646,
      "z" : 0.0
    }, {
      "x" : -30.747967,
      "y" : 11.7446785,
      "z" : -19.003288
    }, {
      "x" : -21.546509,
      "y" : 21.546509,
      "z" : -21.546509
    }, {
      "x" : -19.003288,
      "y" : 30.747967,
      "z" : -11.7446785
    } ],
    "faces" : [ {
      "vertices" : [ 0, 1, 2 ]
    }, {
      "vertices" : [ 0, 2, 3 ]
    }, {
      "vertices" : [ 0, 3, 2 ]
    }, {
      "vertices" : [ 0, 2, 1 ]
    } ]
  }, {
    "id" : "ad19339d-e4fe-4a30-88dd-658fa7ff8e8d",
    "vertices" : [ {
      "x" : -20.498646,
      "y" : 0.0,
      "z" : -33.167503
    }, {
      "x" : -11.7446785,
      "y" : 19.003288,
      "z" : -30.747967
    }, {
      "x" : -21.546509,
      "y" : 21.546509,
      "z" : -21.546509
    }, {
      "x" : -30.747967,
      "y" : 11.7446785,
      "z" : -19.003288
    } ],
    "faces" : [ {
      "vertices" : [ 0, 1, 2 ]
    }, {
      "vertices" : [ 0, 2, 3 ]
    }, {
      "vertices" : [ 0, 3, 2 ]
    }, {
      "vertices" : [ 0, 2, 1 ]
    } ]
  }, {
    "id" : "98f85e2f-31ce-49b9-9522-672d9fa0ac9f",
    "vertices" : [ {
      "x" : -33.167503,
      "y" : 20.498646,
      "z" : 0.0
    }, {
      "x" : -38.006577,
      "y" : 0.0,
      "z" : 0.0
    }, {
      "x" : -34.862984,
      "y" : 0.0,
      "z" : -13.316475
    }, {
      "x" : -30.747967,
      "y" : 11.7446785,
      "z" : -19.003288
    } ],
    "faces" : [ {
      "vertices" : [ 0, 1, 2 ]
    }, {
      "vertices" : [ 0, 2, 3 ]
    }, {
      "vertices" : [ 0, 3, 2 ]
    }, {
      "vertices" : [ 0, 2, 1 ]
    } ]
  }, {
    "id" : "44ebd205-4d20-463c-8102-2bd5a52736ae",
    "vertices" : [ {
      "x" : 0.0,
      "y" : 33.167503,
      "z" : 20.498646
    }, {
      "x" : -19.003288,
      "y" : 30.747967,
      "z" : 11.7446785
    }, {
      "x" : -13.316475,
      "y" : 34.862984,
      "z" : 0.0
    }, {
      "x" : 0.0,
      "y" : 38.006577,
      "z" : 0.0
    } ],
    "faces" : [ {
      "vertices" : [ 0, 1, 2 ]
    }, {
      "vertices" : [ 0, 2, 3 ]
    }, {
      "vertices" : [ 0, 3, 2 ]
    }, {
      "vertices" : [ 0, 2, 1 ]
    } ]
  }, {
    "id" : "a625792e-5511-47c4-8053-1688a6c4900c",
    "vertices" : [ {
      "x" : 0.0,
      "y" : 33.167503,
      "z" : 20.498646
    }, {
      "x" : 0.0,
      "y" : 38.006577,
      "z" : 0.0
    }, {
      "x" : 13.316475,
      "y" : 34.862984,
      "z" : 0.0
    }, {
      "x" : 19.003288,
      "y" : 30.747967,
      "z" : 11.7446785
    } ],
    "faces" : [ {
      "vertices" : [ 0, 1, 2 ]
    }, {
      "vertices" : [ 0, 2, 3 ]
    }, {
      "vertices" : [ 0, 3, 2 ]
    }, {
      "vertices" : [ 0, 2, 1 ]
    } ]
  }, {
    "id" : "03b0f186-49e8-4e07-abc4-2c2f734ad859",
    "vertices" : [ {
      "x" : 0.0,
      "y" : -33.167503,
      "z" : -20.498646
    }, {
      "x" : -11.7446785,
      "y" : -19.003288,
      "z" : -30.747967
    }, {
      "x" : -21.546509,
      "y" : -21.546509,
      "z" : -21.546509
    }, {
      "x" : -19.003288,
      "y" : -30.747967,
      "z" : -11.7446785
    } ],
    "faces" : [ {
      "vertices" : [ 0, 1, 2 ]
    }, {
      "vertices" : [ 0, 2, 3 ]
    }, {
      "vertices" : [ 0, 3, 2 ]
    }, {
      "vertices" : [ 0, 2, 1 ]
    } ]
  }, {
    "id" : "4cb6d2a5-8c08-4e3b-941a-2216d6daa0b7",
    "vertices" : [ {
      "x" : 0.0,
      "y" : 33.167503,
      "z" : -20.498646
    }, {
      "x" : 0.0,
      "y" : 38.006577,
      "z" : 0.0
    }, {
      "x" : -13.316475,
      "y" : 34.862984,
      "z" : 0.0
    }, {
      "x" : -19.003288,
      "y" : 30.747967,
      "z" : -11.7446785
    } ],
    "faces" : [ {
      "vertices" : [ 0, 1, 2 ]
    }, {
      "vertices" : [ 0, 2, 3 ]
    }, {
      "vertices" : [ 0, 3, 2 ]
    }, {
      "vertices" : [ 0, 2, 1 ]
    } ]
  }, {
    "id" : "21f590fd-964f-4fed-bc6d-a713ef05e141",
    "vertices" : [ {
      "x" : 33.167503,
      "y" : 20.498646,
      "z" : 0.0
    }, {
      "x" : 30.747967,
      "y" : 11.7446785,
      "z" : -19.003288
    }, {
      "x" : 34.862984,
      "y" : 0.0,
      "z" : -13.316475
    }, {
      "x" : 38.006577,
      "y" : 0.0,
      "z" : 0.0
    } ],
    "faces" : [ {
      "vertices" : [ 0, 1, 2 ]
    }, {
      "vertices" : [ 0, 2, 3 ]
    }, {
      "vertices" : [ 0, 3, 2 ]
    }, {
      "vertices" : [ 0, 2, 1 ]
    } ]
  }, {
    "id" : "36c86535-d627-4b77-a468-93819024b9ca",
    "vertices" : [ {
      "x" : 34.862984,
      "y" : 0.0,
      "z" : -13.316475
    }, {
      "x" : 34.553967,
      "y" : 0.0,
      "z" : -13.1984415
    }, {
      "x" : 34.14946,
      "y" : -0.1545085,
      "z" : -12.757458
    }, {
      "x" : 33.958477,
      "y" : -0.1545085,
      "z" : -13.257458
    }, {
      "x" : 0.9045085,
      "y" : -0.1545085,
      "z" : -0.059016995
    }, {
      "x" : 0.809017,
      "y" : 0.309017,
      "z" : -0.309017
    }, {
      "x" : 0.309017,
      "y" : 0.0,
      "z" : -0.11803399
    }, {
      "x" : 34.053967,
      "y" : 0.309017,
      "z" : -13.007458
    }, {
      "x" : 0.7135255,
      "y" : -0.1545085,
      "z" : -0.559017
    } ],
    "faces" : [ {
      "vertices" : [ 2, 4, 8 ]
    }, {
      "vertices" : [ 2, 8, 3 ]
    }, {
      "vertices" : [ 2, 7, 5 ]
    }, {
      "vertices" : [ 2, 5, 4 ]
    }, {
      "vertices" : [ 4, 6, 8 ]
    }, {
      "vertices" : [ 5, 8, 6 ]
    }, {
      "vertices" : [ 1, 2, 3 ]
    }, {
      "vertices" : [ 3, 8, 5 ]
    }, {
      "vertices" : [ 3, 5, 7 ]
    }, {
      "vertices" : [ 1, 7, 2 ]
    }, {
      "vertices" : [ 1, 3, 7 ]
    }, {
      "vertices" : [ 4, 5, 6 ]
    } ]
  }, {
    "id" : "af3144f1-d1df-4879-b884-1130a8d06bc7",
    "vertices" : [ {
      "x" : 20.498646,
      "y" : 0.0,
      "z" : 33.167503
    }, {
      "x" : 0.0,
      "y" : 0.0,
      "z" : 38.006577
    }, {
      "x" : 0.0,
      "y" : 13.316475,
      "z" : 34.862984
    }, {
      "x" : 11.7446785,
      "y" : 19.003288,
      "z" : 30.747967
    } ],
    "faces" : [ {
      "vertices" : [ 0, 1, 2 ]
    }, {
      "vertices" : [ 0, 2, 3 ]
    }, {
      "vertices" : [ 0, 3, 2 ]
    }, {
      "vertices" : [ 0, 2, 1 ]
    } ]
  }, {
    "id" : "0a43a6e8-0210-4838-bd23-6552ac7c3d8d",
    "vertices" : [ {
      "x" : -20.498646,
      "y" : 0.0,
      "z" : -33.167503
    }, {
      "x" : 0.0,
      "y" : 0.0,
      "z" : -38.006577
    }, {
      "x" : 0.0,
      "y" : 13.316475,
      "z" : -34.862984
    }, {
      "x" : -11.7446785,
      "y" : 19.003288,
      "z" : -30.747967
    } ],
    "faces" : [ {
      "vertices" : [ 0, 1, 2 ]
    }, {
      "vertices" : [ 0, 2, 3 ]
    }, {
      "vertices" : [ 0, 3, 2 ]
    }, {
      "vertices" : [ 0, 2, 1 ]
    } ]
  }, {
    "id" : "88f3e63c-56f4-4474-a34c-9cef7ad0a97a",
    "vertices" : [ {
      "x" : 33.167503,
      "y" : 20.498646,
      "z" : 0.0
    }, {
      "x" : 38.006577,
      "y" : 0.0,
      "z" : 0.0
    }, {
      "x" : 34.862984,
      "y" : 0.0,
