{
  "field" : "golden",
  "symmetry" : "icosahedral",
  "orientations" : [ [ 1.0, 0.0, 0.0, 0.0, 0.0, 1.0, 0.0, 0.0, 0.0, 0.0, 1.0, 0.0, 0.0, 0.0, 0.0, 1.0 ], [ 0.0, 0.0, 1.0, 0.0, 1.0, 0.0, 0.0, 0.0, 0.0, 1.0, 0.0, 0.0, 0.0, 0.0, 0.0, 1.0 ], [ 0.0, 1.0, 0.0, 0.0, 0.0, 0.0, 1.0, 0.0, 1.0, 0.0, 0.0, 0.0, 0.0, 0.0, 0.0, 1.0 ], [ 0.809017, 0.309017, 0.5, 0.0, 0.309017, 0.5, -0.809017, 0.0, -0.5, 0.809017, 0.309017, 0.0, 0.0, 0.0, 0.0, 1.0 ], [ -0.5, 0.809017, 0.309017, 0.0, 0.809017, 0.309017, 0.5, 0.0, 0.309017, 0.5, -0.809017, 0.0, 0.0, 0.0, 0.0, 1.0 ], [ 0.309017, 0.5, -0.809017, 0.0, -0.5, 0.809017, 0.309017, 0.0, 0.809017, 0.309017, 0.5, 0.0, 0.0, 0.0, 0.0, 1.0 ], [ 0.5, 0.809017, 0.309017, 0.0, 0.809017, -0.309017, -0.5, 0.0, -0.309017, 0.5, -0.809017, 0.0, 0.0, 0.0, 0.0, 1.0 ], [ -0.309017, 0.5, -0.809017, 0.0, 0.5, 0.809017, 0.309017, 0.0, 0.809017, -0.309017, -0.5, 0.0, 0.0, 0.0, 0.0, 1.0 ], [ 0.809017, -0.309017, -0.5, 0.0, -0.309017, 0.5, -0.809017, 0.0, 0.5, 0.809017, 0.309017, 0.0, 0.0, 0.0, 0.0, 1.0 ], [ 0.5, 0.809017, -0.309017, 0.0, 0.809017, -0.309017, 0.5, 0.0, 0.309017, -0.5, -0.809017, 0.0, 0.0, 0.0, 0.0, 1.0 ], [ 0.309017, -0.5, -0.809017, 0.0, 0.5, 0.809017, -0.309017, 0.0, 0.809017, -0.309017, 0.5, 0.0, 0.0, 0.0, 0.0, 1.0 ], [ 0.809017, -0.309017, 0.5, 0.0, 0.309017, -0.5, -0.809017, 0.0, 0.5, 0.809017, -0.309017, 0.0, 0.0, 0.0, 0.0, 1.0 ], [ 0.809017, 0.309017, -0.5, 0.0, 0.309017, 0.5, 0.809017, 0.0, 0.5, -0.809017, 0.309017, 0.0, 0.0, 0.0, 0.0, 1.0 ], [ 0.5, -0.809017, 0.309017, 0.0, 0.809017, 0.309017, -0.5, 0.0, 0.309017, 0.5, 0.809017, 0.0, 0.0, 0.0, 0.0, 1.0 ], [ 0.309017, 0.5, 0.809017, 0.0, 0.5, -0.809017, 0.309017, 0.0, 0.809017, 0.309017, -0.5, 0.0, 0.0, 0.0, 0.0, 1.0 ], [ 1.0, 0.0, 0.0, 0.0, 0.0, -1.0, 0.0, 0.0, 0.0, 0.0, -1.0, 0.0, 0.0, 0.0, 0.0, 1.0 ], [ 0.0, 0.0, 1.0, 0.0, -1.0, 0.0, 0.0, 0.0, 0.0, -1.0, 0.0, 0.0, 0.0, 0.0, 0.0, 1.0 ], [ 0.0, 1.0, 0.0, 0.0, 0.0, 0.0, -1.0, 0.0, -1.0, 0.0, 0.0, 0.0, 0.0, 0.0, 0.0, 1.0 ], [ 0.809017, 0.309017, 0.5, 0.0, -0.309017, -0.5, 0.809017, 0.0, 0.5, -0.809017, -0.309017, 0.0, 0.0, 0.0, 0.0, 1.0 ], [ -0.5, 0.809017, 0.309017, 0.0, -0.809017, -0.309017, -0.5, 0.0, -0.309017, -0.5, 0.809017, 0.0, 0.0, 0.0, 0.0, 1.0 ], [ 0.309017, 0.5, -0.809017, 0.0, 0.5, -0.809017, -0.309017, 0.0, -0.809017, -0.309017, -0.5, 0.0, 0.0, 0.0, 0.0, 1.0 ], [ 0.5, 0.809017, 0.309017, 0.0, -0.809017, 0.309017, 0.5, 0.0, 0.309017, -0.5, 0.809017, 0.0, 0.0, 0.0, 0.0, 1.0 ], [ -0.309017, 0.5, -0.809017, 0.0, -0.5, -0.809017, -0.309017, 0.0, -0.809017, 0.309017, 0.5, 0.0, 0.0, 0.0, 0.0, 1.0 ], [ 0.809017, -0.309017, -0.5, 0.0, 0.309017, -0.5, 0.809017, 0.0, -0.5, -0.809017, -0.309017, 0.0, 0.0, 0.0, 0.0, 1.0 ], [ 0.5, 0.809017, -0.309017, 0.0, -0.809017, 0.309017, -0.5, 0.0, -0.309017, 0.5, 0.809017, 0.0, 0.0, 0.0, 0.0, 1.0 ], [ 0.309017, -0.5, -0.809017, 0.0, -0.5, -0.809017, 0.309017, 0.0, -0.809017, 0.309017, -0.5, 0.0, 0.0, 0.0, 0.0, 1.0 ], [ 0.809017, -0.309017, 0.5, 0.0, -0.309017, 0.5, 0.809017, 0.0, -0.5, -0.809017, 0.309017, 0.0, 0.0, 0.0, 0.0, 1.0 ], [ 0.809017, 0.309017, -0.5, 0.0, -0.309017, -0.5, -0.809017, 0.0, -0.5, 0.809017, -0.309017, 0.0, 0.0, 0.0, 0.0, 1.0 ], [ 0.5, -0.809017, 0.309017, 0.0, -0.809017, -0.309017, 0.5, 0.0, -0.309017, -0.5, -0.809017, 0.0, 0.0, 0.0, 0.0, 1.0 ], [ 0.309017, 0.5, 0.809017, 0.0, -0.5, 0.809017, -0.309017, 0.0, -0.809017, -0.309017, 0.5, 0.0, 0.0, 0.0, 0.0, 1.0 ], [ -1.0, 0.0, 0.0, 0.0, 0.0, -1.0, 0.0, 0.0, 0.0, 0.0, 1.0, 0.0, 0.0, 0.0, 0.0, 1.0 ], [ 0.0, 0.0, -1.0, 0.0, -1.0, 0.0, 0.0, 0.0, 0.0, 1.0, 0.0, 0.0, 0.0, 0.0, 0.0, 1.0 ], [ 0.0, -1.0, 0.0, 0.0, 0.0, 0.0, -1.0, 0.0, 1.0, 0.0, 0.0, 0.0, 0.0, 0.0, 0.0, 1.0 ], [ -0.809017, -0.309017, -0.5, 0.0, -0.309017, -0.5, 0.809017, 0.0, -0.5, 0.809017, 0.309017, 0.0, 0.0, 0.0, 0.0, 1.0 ], [ 0.5, -0.809017, -0.309017, 0.0, -0.809017, -0.309017, -0.5, 0.0, 0.309017, 0.5, -0.809017, 0.0, 0.0, 0.0, 0.0, 1.0 ], [ -0.309017, -0.5, 0.809017, 0.0, 0.5, -0.809017, -0.309017, 0.0, 0.809017, 0.309017, 0.5, 0.0, 0.0, 0.0, 0.0, 1.0 ], [ -0.5, -0.809017, -0.309017, 0.0, -0.809017, 0.309017, 0.5, 0.0, -0.309017, 0.5, -0.809017, 0.0, 0.0, 0.0, 0.0, 1.0 ], [ 0.309017, -0.5, 0.809017, 0.0, -0.5, -0.809017, -0.309017, 0.0, 0.809017, -0.309017, -0.5, 0.0, 0.0, 0.0, 0.0, 1.0 ], [ -0.809017, 0.309017, 0.5, 0.0, 0.309017, -0.5, 0.809017, 0.0, 0.5, 0.809017, 0.309017, 0.0, 0.0, 0.0, 0.0, 1.0 ], [ -0.5, -0.809017, 0.309017, 0.0, -0.809017, 0.309017, -0.5, 0.0, 0.309017, -0.5, -0.809017, 0.0, 0.0, 0.0, 0.0, 1.0 ], [ -0.309017, 0.5, 0.809017, 0.0, -0.5, -0.809017, 0.309017, 0.0, 0.809017, -0.309017, 0.5, 0.0, 0.0, 0.0, 0.0, 1.0 ], [ -0.809017, 0.309017, -0.5, 0.0, -0.309017, 0.5, 0.809017, 0.0, 0.5, 0.809017, -0.309017, 0.0, 0.0, 0.0, 0.0, 1.0 ], [ -0.809017, -0.309017, 0.5, 0.0, -0.309017, -0.5, -0.809017, 0.0, 0.5, -0.809017, 0.309017, 0.0, 0.0, 0.0, 0.0, 1.0 ], [ -0.5, 0.809017, -0.309017, 0.0, -0.809017, -0.309017, 0.5, 0.0, 0.309017, 0.5, 0.809017, 0.0, 0.0, 0.0, 0.0, 1.0 ], [ -0.309017, -0.5, -0.809017, 0.0, -0.5, 0.809017, -0.309017, 0.0, 0.809017, 0.309017, -0.5, 0.0, 0.0, 0.0, 0.0, 1.0 ], [ -1.0, 0.0, 0.0, 0.0, 0.0, 1.0, 0.0, 0.0, 0.0, 0.0, -1.0, 0.0, 0.0, 0.0, 0.0, 1.0 ], [ 0.0, 0.0, -1.0, 0.0, 1.0, 0.0, 0.0, 0.0, 0.0, -1.0, 0.0, 0.0, 0.0, 0.0, 0.0, 1.0 ], [ 0.0, -1.0, 0.0, 0.0, 0.0, 0.0, 1.0, 0.0, -1.0, 0.0, 0.0, 0.0, 0.0, 0.0, 0.0, 1.0 ], [ -0.809017, -0.309017, -0.5, 0.0, 0.309017, 0.5, -0.809017, 0.0, 0.5, -0.809017, -0.309017, 0.0, 0.0, 0.0, 0.0, 1.0 ], [ 0.5, -0.809017, -0.309017, 0.0, 0.809017, 0.309017, 0.5, 0.0, -0.309017, -0.5, 0.809017, 0.0, 0.0, 0.0, 0.0, 1.0 ], [ -0.309017, -0.5, 0.809017, 0.0, -0.5, 0.809017, 0.309017, 0.0, -0.809017, -0.309017, -0.5, 0.0, 0.0, 0.0, 0.0, 1.0 ], [ -0.5, -0.809017, -0.309017, 0.0, 0.809017, -0.309017, -0.5, 0.0, 0.309017, -0.5, 0.809017, 0.0, 0.0, 0.0, 0.0, 1.0 ], [ 0.309017, -0.5, 0.809017, 0.0, 0.5, 0.809017, 0.309017, 0.0, -0.809017, 0.309017, 0.5, 0.0, 0.0, 0.0, 0.0, 1.0 ], [ -0.809017, 0.309017, 0.5, 0.0, -0.309017, 0.5, -0.809017, 0.0, -0.5, -0.809017, -0.309017, 0.0, 0.0, 0.0, 0.0, 1.0 ], [ -0.5, -0.809017, 0.309017, 0.0, 0.809017, -0.309017, 0.5, 0.0, -0.309017, 0.5, 0.809017, 0.0, 0.0, 0.0, 0.0, 1.0 ], [ -0.309017, 0.5, 0.809017, 0.0, 0.5, 0.809017, -0.309017, 0.0, -0.809017, 0.309017, -0.5, 0.0, 0.0, 0.0, 0.0, 1.0 ], [ -0.809017, 0.309017, -0.5, 0.0, 0.309017, -0.5, -0.809017, 0.0, -0.5, -0.809017, 0.309017, 0.0, 0.0, 0.0, 0.0, 1.0 ], [ -0.809017, -0.309017, 0.5, 0.0, 0.309017, 0.5, 0.809017, 0.0, -0.5, 0.809017, -0.309017, 0.0, 0.0, 0.0, 0.0, 1.0 ], [ -0.5, 0.809017, -0.309017, 0.0, 0.809017, 0.309017, -0.5, 0.0, -0.309017, -0.5, -0.809017, 0.0, 0.0, 0.0, 0.0, 1.0 ], [ -0.309017, -0.5, -0.809017, 0.0, 0.5, -0.809017, 0.309017, 0.0, -0.809017, -0.309017, 0.5, 0.0, 0.0, 0.0, 0.0, 1.0 ] ],
  "lights" : {
    "ambientColor" : "#292929",
    "backgroundColor" : "#E0EFFF",
    "directionalLights" : [ {
      "direction" : {
        "x" : 1.0,
        "y" : -1.0,
        "z" : -1.0
      },
      "color" : "#EBEBE4"
    }, {
      "direction" : {
        "x" : -1.0,
        "y" : 0.0,
        "z" : 0.0
      },
      "color" : "#E4E4EB"
    }, {
      "direction" : {
        "x" : 0.0,
        "y" : 0.0,
        "z" : -1.0
      },
      "color" : "#1E1E1E"
    } ]
  },
  "camera" : {
    "width" : 92.793045,
    "stereo" : false,
    "viewDistance" : 206.20677,
    "nearClipDistance" : 0.515517,
    "farClipDistance" : 412.41333,
    "lookAtPoint" : {
      "x" : 0.0,
      "y" : 0.0,
      "z" : 0.0
    },
    "fieldOfView" : 0.44262886,
    "perspective" : true,
    "lookDirection" : {
      "x" : 0.0,
      "y" : 0.0,
      "z" : -1.0
    },
    "upDirection" : {
      "x" : 0.0,
      "y" : 1.0,
      "z" : 0.0
    },
    "position" : {
      "x" : 0.0,
      "y" : 0.0,
      "z" : 206.20677
    }
  },
  "embedding" : [ 1.0, 0.0, 0.0, 0.0, 0.0, 1.0, 0.0, 0.0, 0.0, 0.0, 1.0, 0.0, 0.0, 0.0, 0.0, 1.0 ],
  "shapes" : [ {
    "id" : "eefa7cae-fa78-4746-9c16-49a2e197509a",
    "vertices" : [ {
      "x" : 8.9946785,
      "y" : 1.5038507,
      "z" : -2.1242645
    }, {
      "x" : 9.362713,
      "y" : 1.5993422,
      "z" : -2.58779
    }, {
      "x" : 1.0954915,
      "y" : 0.1545085,
      "z" : 0.059016995
    }, {
      "x" : 8.803696,
      "y" : 1.8128678,
      "z" : -2.6242645
    }, {
      "x" : 0.9045085,
      "y" : 0.4635255,
      "z" : -0.440983
    }, {
      "x" : 8.803696,
      "y" : 1.1948338,
      "z" : -2.2422986
    }, {
      "x" : 0.9045085,
      "y" : -0.1545085,
      "z" : -0.059016995
    }, {
      "x" : 8.612713,
      "y" : 1.5038507,
      "z" : -2.7422986
    }, {
      "x" : 9.708204,
      "y" : 1.6583592,
      "z" : -2.6832817
    }, {
      "x" : 0.3454915,
      "y" : 0.059016995,
      "z" : -0.095491506
    }, {
      "x" : 0.7135255,
      "y" : 0.1545085,
      "z" : -0.559017
    } ],
    "faces" : [ {
      "vertices" : [ 2, 9, 6 ]
    }, {
      "vertices" : [ 0, 1, 3 ]
    }, {
      "vertices" : [ 0, 5, 1 ]
    }, {
      "vertices" : [ 4, 10, 9 ]
    }, {
      "vertices" : [ 3, 7, 10 ]
    }, {
      "vertices" : [ 3, 10, 4 ]
    }, {
      "vertices" : [ 0, 3, 4 ]
    }, {
      "vertices" : [ 0, 4, 2 ]
    }, {
      "vertices" : [ 6, 9, 10 ]
    }, {
      "vertices" : [ 1, 7, 3 ]
    }, {
      "vertices" : [ 5, 6, 10 ]
    }, {
      "vertices" : [ 5, 10, 7 ]
    }, {
      "vertices" : [ 0, 2, 6 ]
    }, {
      "vertices" : [ 0, 6, 5 ]
    }, {
      "vertices" : [ 1, 5, 7 ]
    }, {
      "vertices" : [ 2, 4, 9 ]
    } ]
  }, {
    "id" : "71fb0a01-5c3a-445a-95b2-af0894d61f6e",
    "vertices" : [ {
      "x" : 0.309017,
      "y" : -0.309017,
      "z" : -0.309017
    }, {
      "x" : 0.5,
      "y" : 0.0,
      "z" : -0.19098301
    }, {
      "x" : 0.5,
      "y" : 0.0,
      "z" : 0.19098301
    }, {
      "x" : 0.309017,
      "y" : -0.309017,
      "z" : 0.309017
    }, {
      "x" : 0.19098301,
      "y" : -0.5,
      "z" : 0.0
    }, {
      "x" : 0.0,
      "y" : 0.19098301,
      "z" : 0.5
    }, {
      "x" : 0.0,
      "y" : -0.19098301,
      "z" : 0.5
    }, {
      "x" : 0.309017,
      "y" : 0.309017,
      "z" : 0.309017
    }, {
      "x" : -0.309017,
      "y" : -0.309017,
      "z" : 0.309017
    }, {
      "x" : -0.309017,
      "y" : 0.309017,
      "z" : 0.309017
    }, {
      "x" : -0.5,
      "y" : 0.0,
      "z" : 0.19098301
    }, {
      "x" : 0.0,
      "y" : -0.19098301,
      "z" : -0.5
    }, {
      "x" : 0.0,
      "y" : 0.19098301,
      "z" : -0.5
    }, {
      "x" : 0.309017,
      "y" : 0.309017,
      "z" : -0.309017
    }, {
      "x" : -0.309017,
      "y" : -0.309017,
      "z" : -0.309017
    }, {
      "x" : -0.19098301,
      "y" : -0.5,
      "z" : 0.0
    }, {
      "x" : -0.5,
      "y" : 0.0,
      "z" : -0.19098301
    }, {
      "x" : 0.19098301,
      "y" : 0.5,
      "z" : 0.0
    }, {
      "x" : -0.309017,
      "y" : 0.309017,
      "z" : -0.309017
    }, {
      "x" : 0.0,
      "y" : 0.0,
      "z" : 0.0
    }, {
      "x" : -0.19098301,
      "y" : 0.5,
      "z" : 0.0
    } ],
    "faces" : [ {
      "vertices" : [ 12, 18, 20 ]
    }, {
      "vertices" : [ 12, 20, 17 ]
    }, {
      "vertices" : [ 12, 17, 13 ]
    }, {
      "vertices" : [ 3, 6, 8 ]
    }, {
      "vertices" : [ 3, 8, 15 ]
    }, {
      "vertices" : [ 3, 15, 4 ]
    }, {
      "vertices" : [ 0, 11, 12 ]
    }, {
      "vertices" : [ 0, 12, 13 ]
    }, {
      "vertices" : [ 0, 13, 1 ]
    }, {
      "vertices" : [ 5, 9, 10 ]
    }, {
      "vertices" : [ 5, 10, 8 ]
    }, {
      "vertices" : [ 5, 8, 6 ]
    }, {
      "vertices" : [ 2, 7, 5 ]
    }, {
      "vertices" : [ 2, 5, 6 ]
    }, {
      "vertices" : [ 2, 6, 3 ]
    }, {
      "vertices" : [ 11, 14, 16 ]
    }, {
      "vertices" : [ 11, 16, 18 ]
    }, {
      "vertices" : [ 11, 18, 12 ]
    }, {
      "vertices" : [ 1, 13, 17 ]
    }, {
      "vertices" : [ 1, 17, 7 ]
    }, {
      "vertices" : [ 1, 7, 2 ]
    }, {
      "vertices" : [ 9, 20, 18 ]
    }, {
      "vertices" : [ 9, 18, 16 ]
    }, {
      "vertices" : [ 9, 16, 10 ]
    }, {
      "vertices" : [ 0, 1, 2 ]
    }, {
      "vertices" : [ 0, 2, 3 ]
    }, {
      "vertices" : [ 0, 3, 4 ]
    }, {
      "vertices" : [ 5, 7, 17 ]
    }, {
      "vertices" : [ 5, 17, 20 ]
    }, {
      "vertices" : [ 5, 20, 9 ]
    }, {
      "vertices" : [ 0, 4, 15 ]
    }, {
      "vertices" : [ 0, 15, 14 ]
    }, {
      "vertices" : [ 0, 14, 11 ]
    }, {
      "vertices" : [ 8, 10, 16 ]
    }, {
      "vertices" : [ 8, 16, 14 ]
    }, {
      "vertices" : [ 8, 14, 15 ]
    } ]
  }, {
    "id" : "c5f09687-66a6-4e67-9b00-9664aaaa2dae",
    "vertices" : [ {
      "x" : 20.994678,
      "y" : 3.5536954,
      "z" : -5.440983
    }, {
      "x" : 21.362713,
      "y" : 3.6491868,
      "z" : -5.9045086
    }, {
      "x" : 1.0954915,
      "y" : 0.1545085,
      "z" : 0.059016995
    }, {
      "x" : 20.803696,
      "y" : 3.8627124,
      "z" : -5.940983
    }, {
      "x" : 0.9045085,
      "y" : 0.4635255,
      "z" : -0.440983
    }, {
      "x" : 20.803696,
      "y" : 3.2446785,
      "z" : -5.559017
    }, {
      "x" : 0.9045085,
      "y" : -0.1545085,
      "z" : -0.059016995
    }, {
      "x" : 20.612713,
      "y" : 3.5536954,
      "z" : -6.059017
    }, {
      "x" : 21.708204,
      "y" : 3.708204,
      "z" : -6.0
    }, {
      "x" : 0.3454915,
      "y" : 0.059016995,
      "z" : -0.095491506
    }, {
      "x" : 0.7135255,
      "y" : 0.1545085,
      "z" : -0.559017
    } ],
    "faces" : [ {
      "vertices" : [ 2, 9, 6 ]
    }, {
      "vertices" : [ 0, 1, 3 ]
    }, {
      "vertices" : [ 0, 5, 1 ]
    }, {
      "vertices" : [ 4, 10, 9 ]
    }, {
      "vertices" : [ 3, 7, 10 ]
    }, {
      "vertices" : [ 3, 10, 4 ]
    }, {
      "vertices" : [ 0, 3, 4 ]
    }, {
      "vertices" : [ 0, 4, 2 ]
    }, {
      "vertices" : [ 6, 9, 10 ]
    }, {
      "vertices" : [ 1, 7, 3 ]
    }, {
      "vertices" : [ 5, 6, 10 ]
    }, {
      "vertices" : [ 5, 10, 7 ]
    }, {
      "vertices" : [ 0, 2, 6 ]
    }, {
      "vertices" : [ 0, 6, 5 ]
    }, {
      "vertices" : [ 1, 5, 7 ]
    }, {
      "vertices" : [ 2, 4, 9 ]
    } ]
  }, {
    "id" : "1647340a-7aa1-40f8-9017-f90f9e1ae65f",
    "vertices" : [ {
      "x" : 6.0,
      "y" : -9.708204,
      "z" : -15.708204
    }, {
      "x" : 15.708204,
      "y" : -11.366563,
      "z" : -18.391485
    }, {
      "x" : 15.708204,
      "y" : -6.0,
      "z" : -9.708204
    }, {
      "x" : 9.708204,
      "y" : -7.0249224,
      "z" : -11.366563
    } ],
    "faces" : [ {
      "vertices" : [ 0, 1, 2 ]
    }, {
      "vertices" : [ 0, 2, 3 ]
    }, {
      "vertices" : [ 0, 3, 2 ]
    }, {
      "vertices" : [ 0, 2, 1 ]
    } ]
  }, {
    "id" : "fab45794-a0c4-43f5-9319-bbf3746dbcce",
    "vertices" : [ {
      "x" : -6.0,
      "y" : -9.708204,
      "z" : 15.708204
    }, {
      "x" : -15.708204,
      "y" : -11.366563,
      "z" : 18.391485
    }, {
      "x" : -15.708204,
      "y" : -6.0,
      "z" : 9.708204
    }, {
      "x" : -9.708204,
      "y" : -7.0249224,
      "z" : 11.366563
    } ],
    "faces" : [ {
      "vertices" : [ 0, 1, 2 ]
    }, {
      "vertices" : [ 0, 2, 3 ]
    }, {
      "vertices" : [ 0, 3, 2 ]
    }, {
      "vertices" : [ 0, 2, 1 ]
    } ]
  }, {
    "id" : "5764eb9d-16cb-471a-b2c4-f3916781e34a",
    "vertices" : [ {
      "x" : 15.708204,
      "y" : -6.0,
      "z" : 9.708204
    }, {
      "x" : 15.708204,
      "y" : -11.366563,
      "z" : 18.391485
    }, {
      "x" : 6.0,
      "y" : -9.708204,
      "z" : 15.708204
    }, {
      "x" : 9.708204,
      "y" : -7.0249224,
      "z" : 11.366563
    } ],
    "faces" : [ {
      "vertices" : [ 0, 1, 2 ]
    }, {
      "vertices" : [ 0, 2, 3 ]
    }, {
      "vertices" : [ 0, 3, 2 ]
    }, {
      "vertices" : [ 0, 2, 1 ]
    } ]
  }, {
    "id" : "94e88d4c-dce9-4784-a866-bdaac07c6f8b",
    "vertices" : [ {
      "x" : -9.708204,
      "y" : -15.708204,
      "z" : -6.0
    }, {
      "x" : -7.0249224,
      "y" : -25.416409,
      "z" : -4.341641
    }, {
      "x" : 0.0,
      "y" : -19.416409,
      "z" : 0.0
    }, {
      "x" : -4.341641,
      "y" : -15.708204,
      "z" : -2.6832817
    } ],
    "faces" : [ {
      "vertices" : [ 0, 1, 2 ]
    }, {
      "vertices" : [ 0, 2, 3 ]
    }, {
      "vertices" : [ 0, 3, 2 ]
    }, {
      "vertices" : [ 0, 2, 1 ]
    } ]
  }, {
    "id" : "889fe8c1-9e04-42c3-aea1-12b964235fa0",
    "vertices" : [ {
      "x" : 6.0,
      "y" : -9.708204,
      "z" : 15.708204
    }, {
      "x" : 11.366563,
      "y" : -18.391485,
      "z" : 15.708204
    }, {
      "x" : 9.708204,
      "y" : -15.708204,
      "z" : 6.0
    }, {
      "x" : 7.0249224,
      "y" : -11.366563,
      "z" : 9.708204
    } ],
    "faces" : [ {
      "vertices" : [ 0, 1, 2 ]
    }, {
      "vertices" : [ 0, 2, 3 ]
    }, {
      "vertices" : [ 0, 3, 2 ]
    }, {
      "vertices" : [ 0, 2, 1 ]
    } ]
  }, {
    "id" : "c2b2245d-77a9-4ccc-8716-f9ba85a7e88f",
    "vertices" : [ {
      "x" : 6.0,
      "y" : 9.708204,
      "z" : -15.708204
    }, {
      "x" : 4.341641,
      "y" : 7.0249224,
      "z" : -25.416409
    }, {
      "x" : 0.0,
      "y" : 0.0,
      "z" : -19.416409
    }, {
      "x" : 2.6832817,
      "y" : 4.341641,
      "z" : -15.708204
    } ],
    "faces" : [ {
      "vertices" : [ 0, 1, 2 ]
    }, {
      "vertices" : [ 0, 2, 3 ]
    }, {
      "vertices" : [ 0, 3, 2 ]
    }, {
      "vertices" : [ 0, 2, 1 ]
    } ]
  }, {
    "id" : "2e21eb4f-8ad9-4b02-b05f-60c636d518d3",
    "vertices" : [ {
      "x" : 15.708204,
      "y" : -6.0,
      "z" : -9.708204
    }, {
      "x" : 18.391485,
      "y" : -15.708204,
      "z" : -11.366563
    }, {
      "x" : 9.708204,
      "y" : -15.708204,
      "z" : -6.0
    }, {
      "x" : 11.366563,
      "y" : -9.708204,
      "z" : -7.0249224
    } ],
    "faces" : [ {
      "vertices" : [ 0, 1, 2 ]
    }, {
      "vertices" : [ 0, 2, 3 ]
    }, {
      "vertices" : [ 0, 3, 2 ]
    }, {
      "vertices" : [ 0, 2, 1 ]
    } ]
  }, {
    "id" : "b911a03c-0b4b-40c0-a299-855d487a2f5c",
    "vertices" : [ {
      "x" : -15.708204,
      "y" : 6.0,
      "z" : 9.708204
    }, {
      "x" : -15.708204,
      "y" : 11.366563,
      "z" : 18.391485
    }, {
      "x" : -6.0,
      "y" : 9.708204,
      "z" : 15.708204
    }, {
      "x" : -9.708204,
      "y" : 7.0249224,
      "z" : 11.366563
    } ],
    "faces" : [ {
      "vertices" : [ 0, 1, 2 ]
    }, {
      "vertices" : [ 0, 2, 3 ]
    }, {
      "vertices" : [ 0, 3, 2 ]
    }, {
      "vertices" : [ 0, 2, 1 ]
    } ]
  }, {
    "id" : "a0fd052a-e87d-4cc7-afb9-664eea32b970",
    "vertices" : [ {
      "x" : 9.708204,
      "y" : -15.708204,
      "z" : 6.0
    }, {
      "x" : 18.391485,
      "y" : -15.708204,
      "z" : 11.366563
    }, {
      "x" : 15.708204,
      "y" : -6.0,
      "z" : 9.708204
    }, {
      "x" : 11.366563,
      "y" : -9.708204,
      "z" : 7.0249224
    } ],
    "faces" : [ {
      "vertices" : [ 0, 1, 2 ]
    }, {
      "vertices" : [ 0, 2, 3 ]
    }, {
      "vertices" : [ 0, 3, 2 ]
    }, {
      "vertices" : [ 0, 2, 1 ]
    } ]
  }, {
    "id" : "688bed8f-6740-4d07-9550-d8ead82e5fc9",
    "vertices" : [ {
      "x" : -15.708204,
      "y" : -6.0,
      "z" : -9.708204
    }, {
      "x" : -25.416409,
      "y" : -4.341641,
      "z" : -7.0249224
    }, {
      "x" : -19.416409,
      "y" : 0.0,
      "z" : 0.0
    }, {
      "x" : -15.708204,
      "y" : -2.6832817,
      "z" : -4.341641
    } ],
    "faces" : [ {
      "vertices" : [ 0, 1, 2 ]
    }, {
      "vertices" : [ 0, 2, 3 ]
    }, {
      "vertices" : [ 0, 3, 2 ]
    }, {
      "vertices" : [ 0, 2, 1 ]
    } ]
  }, {
    "id" : "2419b7a0-3062-4e97-b0f4-7715799af37c",
    "vertices" : [ {
      "x" : -6.0,
      "y" : 9.708204,
      "z" : 15.708204
    }, {
      "x" : -11.366563,
      "y" : 18.391485,
      "z" : 15.708204
    }, {
      "x" : -9.708204,
      "y" : 15.708204,
      "z" : 6.0
    }, {
      "x" : -7.0249224,
      "y" : 11.366563,
      "z" : 9.708204
    } ],
    "faces" : [ {
      "vertices" : [ 0, 1, 2 ]
    }, {
      "vertices" : [ 0, 2, 3 ]
    }, {
      "vertices" : [ 0, 3, 2 ]
    }, {
      "vertices" : [ 0, 2, 1 ]
    } ]
  }, {
    "id" : "5d90bec3-dcdc-4dbf-9c6e-6307dace7d85",
    "vertices" : [ {
      "x" : 15.708204,
      "y" : 6.0,
      "z" : 9.708204
    }, {
      "x" : 22.733126,
      "y" : 0.0,
      "z" : 14.049845
    }, {
      "x" : 15.708204,
      "y" : -6.0,
      "z" : 9.708204
    }, {
      "x" : 14.049845,
      "y" : 0.0,
      "z" : 8.683282
    } ],
    "faces" : [ {
      "vertices" : [ 0, 1, 2 ]
    }, {
      "vertices" : [ 0, 2, 3 ]
    }, {
      "vertices" : [ 0, 3, 2 ]
    }, {
      "vertices" : [ 0, 2, 1 ]
    } ]
  }, {
    "id" : "f2058afe-069d-4913-b5dd-3f93a0b387ad",
    "vertices" : [ {
      "x" : -9.708204,
      "y" : -15.708204,
      "z" : 6.0
    }, {
      "x" : -14.049845,
      "y" : -22.733126,
      "z" : 0.0
    }, {
      "x" : -9.708204,
      "y" : -15.708204,
      "z" : -6.0
    }, {
      "x" : -8.683282,
      "y" : -14.049845,
      "z" : 0.0
    } ],
    "faces" : [ {
      "vertices" : [ 0, 1, 2 ]
    }, {
      "vertices" : [ 0, 2, 3 ]
    }, {
      "vertices" : [ 0, 3, 2 ]
    }, {
      "vertices" : [ 0, 2, 1 ]
    } ]
  }, {
    "id" : "2c91e418-e879-4868-a794-c1d412dcf010",
    "vertices" : [ {
      "x" : -9.708204,
      "y" : 15.708204,
      "z" : 6.0
    }, {
      "x" : -7.0249224,
      "y" : 25.416409,
      "z" : 4.341641
    }, {
      "x" : 0.0,
      "y" : 19.416409,
      "z" : 0.0
    }, {
      "x" : -4.341641,
      "y" : 15.708204,
      "z" : 2.6832817
    } ],
    "faces" : [ {
      "vertices" : [ 0, 1, 2 ]
    }, {
      "vertices" : [ 0, 2, 3 ]
    }, {
      "vertices" : [ 0, 3, 2 ]
    }, {
      "vertices" : [ 0, 2, 1 ]
    } ]
  }, {
    "id" : "326f7a37-7f93-40bc-a610-18b248c77146",
    "vertices" : [ {
      "x" : 6.0,
      "y" : -9.708204,
      "z" : -15.708204
    }, {
      "x" : 0.0,
      "y" : -14.049845,
      "z" : -22.733126
    }, {
      "x" : -6.0,
      "y" : -9.708204,
      "z" : -15.708204
    }, {
      "x" : 0.0,
      "y" : -8.683282,
      "z" : -14.049845
    } ],
    "faces" : [ {
      "vertices" : [ 0, 1, 2 ]
    }, {
      "vertices" : [ 0, 2, 3 ]
    }, {
      "vertices" : [ 0, 3, 2 ]
    }, {
      "vertices" : [ 0, 2, 1 ]
    } ]
  }, {
    "id" : "88edb4b0-78d7-44d7-9146-d89c437eca42",
    "vertices" : [ {
      "x" : 15.708204,
      "y" : -6.0,
      "z" : -9.708204
    }, {
      "x" : 22.733126,
      "y" : 0.0,
      "z" : -14.049845
    }, {
      "x" : 15.708204,
      "y" : 6.0,
      "z" : -9.708204
    }, {
      "x" : 14.049845,
      "y" : 0.0,
      "z" : -8.683282
    } ],
    "faces" : [ {
      "vertices" : [ 0, 1, 2 ]
    }, {
      "vertices" : [ 0, 2, 3 ]
    }, {
      "vertices" : [ 0, 3, 2 ]
    }, {
      "vertices" : [ 0, 2, 1 ]
    } ]
  }, {
    "id" : "1ead4ed2-e86f-4ad9-97ad-228fe74c2f4e",
    "vertices" : [ {
      "x" : -19.416409,
      "y" : 0.0,
      "z" : 0.0
    }, {
      "x" : -25.416409,
      "y" : 4.341641,
      "z" : -7.0249224
    }, {
      "x" : -15.708204,
      "y" : 6.0,
      "z" : -9.708204
    }, {
      "x" : -15.708204,
      "y" : 2.6832817,
      "z" : -4.341641
    } ],
    "faces" : [ {
      "vertices" : [ 0, 1, 2 ]
    }, {
      "vertices" : [ 0, 2, 3 ]
    }, {
      "vertices" : [ 0, 3, 2 ]
    }, {
      "vertices" : [ 0, 2, 1 ]
    } ]
  }, {
    "id" : "039c938c-e76e-4be9-a499-140afdbc6f63",
    "vertices" : [ {
      "x" : -9.708204,
      "y" : 15.708204,
      "z" : 6.0
    }, {
      "x" : -18.391485,
      "y" : 15.708204,
      "z" : 11.366563
    }, {
      "x" : -15.708204,
      "y" : 6.0,
      "z" : 9.708204
    }, {
      "x" : -11.366563,
      "y" : 9.708204,
      "z" : 7.0249224
    } ],
    "faces" : [ {
      "vertices" : [ 0, 1, 2 ]
    }, {
      "vertices" : [ 0, 2, 3 ]
    }, {
      "vertices" : [ 0, 3, 2 ]
    }, {
      "vertices" : [ 0, 2, 1 ]
    } ]
  }, {
    "id" : "03b90ff5-9b07-4a68-b738-c161c8419a28",
    "vertices" : [ {
      "x" : -15.708204,
      "y" : 6.0,
      "z" : -9.708204
    }, {
      "x" : -22.733126,
      "y" : 0.0,
      "z" : -14.049845
    }, {
      "x" : -15.708204,
      "y" : -6.0,
      "z" : -9.708204
    }, {
      "x" : -14.049845,
      "y" : 0.0,
      "z" : -8.683282
    } ],
    "faces" : [ {
      "vertices" : [ 0, 1, 2 ]
    }, {
      "vertices" : [ 0, 2, 3 ]
    }, {
      "vertices" : [ 0, 3, 2 ]
    }, {
      "vertices" : [ 0, 2, 1 ]
    } ]
  }, {
    "id" : "06cc2475-1069-4047-9720-561b6f6f3a23",
    "vertices" : [ {
      "x" : -6.0,
      "y" : 9.708204,
      "z" : 15.708204
    }, {
      "x" : -4.341641,
      "y" : 7.0249224,
      "z" : 25.416409
    }, {
      "x" : 0.0,
      "y" : 0.0,
      "z" : 19.416409
    }, {
      "x" : -2.6832817,
      "y" : 4.341641,
      "z" : 15.708204
    } ],
    "faces" : [ {
      "vertices" : [ 0, 1, 2 ]
    }, {
      "vertices" : [ 0, 2, 3 ]
    }, {
      "vertices" : [ 0, 3, 2 ]
    }, {
      "vertices" : [ 0, 2, 1 ]
    } ]
  }, {
    "id" : "895504d3-f979-438b-8fc4-2e79ce84b186",
    "vertices" : [ {
      "x" : -15.708204,
      "y" : -6.0,
      "z" : -9.708204
    }, {
      "x" : -15.708204,
      "y" : -11.366563,
      "z" : -18.391485
    }, {
      "x" : -6.0,
      "y" : -9.708204,
      "z" : -15.708204
    }, {
      "x" : -9.708204,
      "y" : -7.0249224,
      "z" : -11.366563
    } ],
    "faces" : [ {
      "vertices" : [ 0, 1, 2 ]
    }, {
      "vertices" : [ 0, 2, 3 ]
    }, {
      "vertices" : [ 0, 3, 2 ]
    }, {
      "vertices" : [ 0, 2, 1 ]
    } ]
  }, {
    "id" : "f6ff0df6-65c9-4ff6-8a25-dd87dd41d707",
    "vertices" : [ {
      "x" : 9.708204,
      "y" : 15.708204,
      "z" : 6.0
    }, {
      "x" : 14.049845,
      "y" : 22.733126,
      "z" : 0.0
    }, {
      "x" : 9.708204,
      "y" : 15.708204,
      "z" : -6.0
    }, {
      "x" : 8.683282,
      "y" : 14.049845,
      "z" : 0.0
    } ],
    "faces" : [ {
      "vertices" : [ 0, 1, 2 ]
    }, {
      "vertices" : [ 0, 2, 3 ]
    }, {
      "vertices" : [ 0, 3, 2 ]
    }, {
      "vertices" : [ 0, 2, 1 ]
    } ]
  }, {
    "id" : "0c917e01-f6e6-4986-8757-37d6d11066d9",
    "vertices" : [ {
      "x" : 9.708204,
      "y" : 15.708204,
      "z" : -6.0
    }, {
      "x" : 7.0249224,
      "y" : 25.416409,
      "z" : -4.341641
    }, {
      "x" : 0.0,
      "y" : 19.416409,
      "z" : 0.0
    }, {
      "x" : 4.341641,
      "y" : 15.708204,
      "z" : -2.6832817
    } ],
    "faces" : [ {
      "vertices" : [ 0, 1, 2 ]
    }, {
      "vertices" : [ 0, 2, 3 ]
    }, {
      "vertices" : [ 0, 3, 2 ]
    }, {
      "vertices" : [ 0, 2, 1 ]
    } ]
  }, {
    "id" : "99f76b2f-4b0b-42d6-b593-7521f944405b",
    "vertices" : [ {
      "x" : -15.708204,
      "y" : -6.0,
      "z" : 9.708204
    }, {
      "x" : -22.733126,
      "y" : 0.0,
      "z" : 14.049845
    }, {
      "x" : -15.708204,
      "y" : 6.0,
      "z" : 9.708204
    }, {
      "x" : -14.049845,
      "y" : 0.0,
      "z" : 8.683282
    } ],
    "faces" : [ {
      "vertices" : [ 0, 1, 2 ]
    }, {
      "vertices" : [ 0, 2, 3 ]
    }, {
      "vertices" : [ 0, 3, 2 ]
    }, {
      "vertices" : [ 0, 2, 1 ]
    } ]
  }, {
    "id" : "da0dc62d-f5e1-4b4d-9ed5-4c7e83658379",
    "vertices" : [ {
      "x" : 6.0,
      "y" : -9.708204,
      "z" : 15.708204
    }, {
      "x" : 4.341641,
      "y" : -7.0249224,
      "z" : 25.416409
    }, {
      "x" : 0.0,
      "y" : 0.0,
      "z" : 19.416409
    }, {
      "x" : 2.6832817,
      "y" : -4.341641,
      "z" : 15.708204
    } ],
    "faces" : [ {
      "vertices" : [ 0, 1, 2 ]
    }, {
      "vertices" : [ 0, 2, 3 ]
    }, {
      "vertices" : [ 0, 3, 2 ]
    }, {
      "vertices" : [ 0, 2, 1 ]
    } ]
  }, {
    "id" : "ae201459-b882-4332-89a4-cb21d07f907d",
    "vertices" : [ {
      "x" : 0.0,
      "y" : 19.416409,
      "z" : 0.0
    }, {
      "x" : 7.0249224,
      "y" : 25.416409,
      "z" : 4.341641
    }, {
      "x" : 9.708204,
      "y" : 15.708204,
      "z" : 6.0
    }, {
      "x" : 4.341641,
      "y" : 15.708204,
      "z" : 2.6832817
    } ],
    "faces" : [ {
      "vertices" : [ 0, 1, 2 ]
    }, {
      "vertices" : [ 0, 2, 3 ]
    }, {
      "vertices" : [ 0, 3, 2 ]
    }, {
      "vertices" : [ 0, 2, 1 ]
    } ]
  }, {
    "id" : "3b963f10-8b2e-41a3-bb13-31b61ffd14d8",
    "vertices" : [ {
      "x" : 15.708204,
      "y" : 6.0,
      "z" : -9.708204
    }, {
      "x" : 25.416409,
      "y" : 4.341641,
      "z" : -7.0249224
    }, {
      "x" : 19.416409,
      "y" : 0.0,
      "z" : 0.0
    }, {
      "x" : 15.708204,
      "y" : 2.6832817,
      "z" : -4.341641
    } ],
    "faces" : [ {
      "vertices" : [ 0, 1, 2 ]
    }, {
      "vertices" : [ 0, 2, 3 ]
    }, {
      "vertices" : [ 0, 3, 2 ]
    }, {
      "vertices" : [ 0, 2, 1 ]
    } ]
  }, {
    "id" : "02f375fd-7531-4e34-8631-58b2a0b9c11e",
    "vertices" : [ {
      "x" : -9.708204,
      "y" : 15.708204,
      "z" : -6.0
    }, {
      "x" : -14.049845,
      "y" : 22.733126,
      "z" : 0.0
    }, {
      "x" : -9.708204,
      "y" : 15.708204,
      "z" : 6.0
    }, {
      "x" : -8.683282,
      "y" : 14.049845,
      "z" : 0.0
    } ],
    "faces" : [ {
      "vertices" : [ 0, 1, 2 ]
    }, {
      "vertices" : [ 0, 2, 3 ]
    }, {
      "vertices" : [ 0, 3, 2 ]
    }, {
      "vertices" : [ 0, 2, 1 ]
    } ]
  }, {
    "id" : "2ca70df8-4134-441b-abf1-e6188f58c9c0",
    "vertices" : [ {
      "x" : -9.708204,
      "y" : -15.708204,
      "z" : -6.0
    }, {
      "x" : -18.391485,
      "y" : -15.708204,
      "z" : -11.366563
    }, {
      "x" : -15.708204,
      "y" : -6.0,
      "z" : -9.708204
    }, {
      "x" : -11.366563,
      "y" : -9.708204,
      "z" : -7.0249224
    } ],
    "faces" : [ {
      "vertices" : [ 0, 1, 2 ]
    }, {
      "vertices" : [ 0, 2, 3 ]
    }, {
      "vertices" : [ 0, 3, 2 ]
    }, {
      "vertices" : [ 0, 2, 1 ]
    } ]
  }, {
    "id" : "b3e1b07c-58c6-4719-b8e4-7c2ed079a8f7",
    "vertices" : [ {
      "x" : -15.708204,
      "y" : 6.0,
      "z" : 9.708204
    }, {
      "x" : -25.416409,
      "y" : 4.341641,
      "z" : 7.0249224
    }, {
      "x" : -19.416409,
      "y" : 0.0,
      "z" : 0.0
    }, {
      "x" : -15.708204,
      "y" : 2.6832817,
      "z" : 4.341641
    } ],
    "faces" : [ {
      "vertices" : [ 0, 1, 2 ]
    }, {
      "vertices" : [ 0, 2, 3 ]
    }, {
      "vertices" : [ 0, 3, 2 ]
    }, {
      "vertices" : [ 0, 2, 1 ]
    } ]
  }, {
    "id" : "32980060-9583-49cf-9464-19418c1522c6",
    "vertices" : [ {
      "x" : -19.416409,
      "y" : 0.0,
      "z" : 0.0
    }, {
      "x" : -25.416409,
      "y" : -4.341641,
      "z" : 7.0249224
    }, {
      "x" : -15.708204,
      "y" : -6.0,
      "z" : 9.708204
    }, {
      "x" : -15.708204,
      "y" : -2.6832817,
      "z" : 4.341641
    } ],
    "faces" : [ {
      "vertices" : [ 0, 1, 2 ]
    }, {
      "vertices" : [ 0, 2, 3 ]
    }, {
      "vertices" : [ 0, 3, 2 ]
    }, {
      "vertices" : [ 0, 2, 1 ]
    } ]
  }, {
    "id" : "2bc394b0-83fe-437a-8134-e899800a9706",
    "vertices" : [ {
      "x" : 19.416409,
      "y" : 0.0,
      "z" : 0.0
    }, {
      "x" : 25.416409,
      "y" : -4.341641,
      "z" : -7.0249224
    }, {
      "x" : 15.708204,
      "y" : -6.0,
      "z" : -9.708204
    }, {
      "x" : 15.708204,
      "y" : -2.6832817,
      "z" : -4.341641
    } ],
    "faces" : [ {
      "vertices" : [ 0, 1, 2 ]
    }, {
      "vertices" : [ 0, 2, 3 ]
    }, {
      "vertices" : [ 0, 3, 2 ]
    }, {
      "vertices" : [ 0, 2, 1 ]
    } ]
  }, {
    "id" : "2d4148ab-243a-4b65-9b10-e6f34ec736c9",
    "vertices" : [ {
      "x" : 0.0,
      "y" : 0.0,
      "z" : 19.416409
    }, {
      "x" : -4.341641,
      "y" : -7.0249224,
      "z" : 25.416409
    }, {
      "x" : -6.0,
      "y" : -9.708204,
      "z" : 15.708204
    }, {
      "x" : -2.6832817,
      "y" : -4.341641,
      "z" : 15.708204
    } ],
    "faces" : [ {
      "vertices" : [ 0, 1, 2 ]
    }, {
      "vertices" : [ 0, 2, 3 ]
    }, {
      "vertices" : [ 0, 3, 2 ]
    }, {
      "vertices" : [ 0, 2, 1 ]
    } ]
  }, {
    "id" : "15e98887-6837-4f7b-b1c3-861d1c041308",
    "vertices" : [ {
      "x" : -15.708204,
      "y" : 6.0,
      "z" : -9.708204
    }, {
      "x" : -18.391485,
      "y" : 15.708204,
      "z" : -11.366563
    }, {
      "x" : -9.708204,
      "y" : 15.708204,
      "z" : -6.0
    }, {
      "x" : -11.366563,
      "y" : 9.708204,
      "z" : -7.0249224
    } ],
    "faces" : [ {
      "vertices" : [ 0, 1, 2 ]
    }, {
      "vertices" : [ 0, 2, 3 ]
    }, {
      "vertices" : [ 0, 3, 2 ]
    }, {
      "vertices" : [ 0, 2, 1 ]
    } ]
  }, {
    "id" : "bfb97b82-fe95-4864-b5e0-6f9cd07f6b74",
    "vertices" : [ {
      "x" : 15.708204,
      "y" : 6.0,
      "z" : 9.708204
    }, {
      "x" : 18.391485,
      "y" : 15.708204,
      "z" : 11.366563
    }, {
      "x" : 9.708204,
      "y" : 15.708204,
      "z" : 6.0
    }, {
      "x" : 11.366563,
      "y" : 9.708204,
      "z" : 7.0249224
    } ],
    "faces" : [ {
      "vertices" : [ 0, 1, 2 ]
    }, {
      "vertices" : [ 0, 2, 3 ]
    }, {
      "vertices" : [ 0, 3, 2 ]
    }, {
      "vertices" : [ 0, 2, 1 ]
    } ]
  }, {
    "id" : "9438754a-d1c2-4c00-afb5-dbd1389fc4db",
    "vertices" : [ {
      "x" : -6.0,
      "y" : -9.708204,
      "z" : 15.708204
    }, {
      "x" : 0.0,
      "y" : -14.049845,
      "z" : 22.733126
    }, {
      "x" : 6.0,
      "y" : -9.708204,
      "z" : 15.708204
    }, {
      "x" : 0.0,
      "y" : -8.683282,
      "z" : 14.049845
    } ],
    "faces" : [ {
      "vertices" : [ 0, 1, 2 ]
    }, {
      "vertices" : [ 0, 2, 3 ]
    }, {
      "vertices" : [ 0, 3, 2 ]
    }, {
      "vertices" : [ 0, 2, 1 ]
    } ]
  }, {
    "id" : "9b0ee1c6-a722-49b8-be7f-7c689155cce5",
    "vertices" : [ {
      "x" : 9.708204,
      "y" : -15.708204,
      "z" : -6.0
    }, {
      "x" : 11.366563,
      "y" : -18.391485,
      "z" : -15.708204
    }, {
      "x" : 6.0,
      "y" : -9.708204,
      "z" : -15.708204
    }, {
      "x" : 7.0249224,
      "y" : -11.366563,
      "z" : -9.708204
    } ],
    "faces" : [ {
      "vertices" : [ 0, 1, 2 ]
    }, {
      "vertices" : [ 0, 2, 3 ]
    }, {
      "vertices" : [ 0, 3, 2 ]
    }, {
      "vertices" : [ 0, 2, 1 ]
    } ]
  }, {
    "id" : "790755a2-10b7-4b25-a74a-1343cad4624e",
    "vertices" : [ {
      "x" : 6.0,
      "y" : 9.708204,
      "z" : -15.708204
    }, {
      "x" : 11.366563,
      "y" : 18.391485,
      "z" : -15.708204
    }, {
      "x" : 9.708204,
      "y" : 15.708204,
      "z" : -6.0
    }, {
      "x" : 7.0249224,
      "y" : 11.366563,
      "z" : -9.708204
    } ],
    "faces" : [ {
      "vertices" : [ 0, 1, 2 ]
    }, {
      "vertices" : [ 0, 2, 3 ]
    }, {
      "vertices" : [ 0, 3, 2 ]
    }, {
      "vertices" : [ 0, 2, 1 ]
    } ]
  }, {
    "id" : "2004c602-228e-4ff5-9d34-42599802f2ee",
    "vertices" : [ {
      "x" : 0.0,
      "y" : 0.0,
      "z" : -19.416409
    }, {
      "x" : -4.341641,
      "y" : 7.0249224,
      "z" : -25.416409
    }, {
      "x" : -6.0,
      "y" : 9.708204,
      "z" : -15.708204
    }, {
      "x" : -2.6832817,
      "y" : 4.341641,
      "z" : -15.708204
    } ],
    "faces" : [ {
      "vertices" : [ 0, 1, 2 ]
    }, {
      "vertices" : [ 0, 2, 3 ]
    }, {
      "vertices" : [ 0, 3, 2 ]
    }, {
      "vertices" : [ 0, 2, 1 ]
    } ]
  }, {
    "id" : "2fe3204f-c6ac-45f7-817f-7064dd83f52c",
    "vertices" : [ {
      "x" : 15.708204,
      "y" : -6.0,
      "z" : 9.708204
    }, {
      "x" : 25.416409,
      "y" : -4.341641,
      "z" : 7.0249224
    }, {
      "x" : 19.416409,
      "y" : 0.0,
      "z" : 0.0
    }, {
      "x" : 15.708204,
      "y" : -2.6832817,
      "z" : 4.341641
    } ],
    "faces" : [ {
      "vertices" : [ 0, 1, 2 ]
    }, {
      "vertices" : [ 0, 2, 3 ]
    }, {
      "vertices" : [ 0, 3, 2 ]
    }, {
      "vertices" : [ 0, 2, 1 ]
    } ]
  }, {
    "id" : "d347dd5b-69d5-4d56-8e33-83d9692d8adc",
    "vertices" : [ {
      "x" : 0.0,
      "y" : 0.0,
      "z" : -19.416409
    }, {
      "x" : 4.341641,
      "y" : -7.0249224,
      "z" : -25.416409
    }, {
      "x" : 6.0,
      "y" : -9.708204,
      "z" : -15.708204
    }, {
      "x" : 2.6832817,
      "y" : -4.341641,
      "z" : -15.708204
    } ],
    "faces" : [ {
      "vertices" : [ 0, 1, 2 ]
    }, {
      "vertices" : [ 0, 2, 3 ]
    }, {
      "vertices" : [ 0, 3, 2 ]
    }, {
      "vertices" : [ 0, 2, 1 ]
    } ]
  }, {
    "id" : "5786a336-8267-4a58-b35d-d0fcb4459040",
    "vertices" : [ {
      "x" : -15.708204,
      "y" : -6.0,
      "z" : 9.708204
    }, {
      "x" : -18.391485,
      "y" : -15.708204,
      "z" : 11.366563
    }, {
      "x" : -9.708204,
      "y" : -15.708204,
      "z" : 6.0
    }, {
      "x" : -11.366563,
      "y" : -9.708204,
      "z" : 7.0249224
    } ],
    "faces" : [ {
      "vertices" : [ 0, 1, 2 ]
    }, {
      "vertices" : [ 0, 2, 3 ]
    }, {
      "vertices" : [ 0, 3, 2 ]
    }, {
      "vertices" : [ 0, 2, 1 ]
    } ]
  }, {
    "id" : "33b99337-851a-481c-8cc8-5fdaf4fda253",
    "vertices" : [ {
      "x" : 6.0,
      "y" : 9.708204,
      "z" : 15.708204
    }, {
      "x" : 0.0,
      "y" : 14.049845,
      "z" : 22.733126
    }, {
      "x" : -6.0,
      "y" : 9.708204,
      "z" : 15.708204
    }, {
      "x" : 0.0,
      "y" : 8.683282,
      "z" : 14.049845
    } ],
    "faces" : [ {
      "vertices" : [ 0, 1, 2 ]
    }, {
      "vertices" : [ 0, 2, 3 ]
    }, {
      "vertices" : [ 0, 3, 2 ]
    }, {
      "vertices" : [ 0, 2, 1 ]
    } ]
  }, {
    "id" : "78ef1341-e7d5-424a-bddb-ba76eba2df61",
    "vertices" : [ {
      "x" : 0.0,
      "y" : 0.0,
      "z" : 19.416409
    }, {
      "x" : 4.341641,
      "y" : 7.0249224,
      "z" : 25.416409
    }, {
      "x" : 6.0,
      "y" : 9.708204,
      "z" : 15.708204
    }, {
      "x" : 2.6832817,
      "y" : 4.341641,
      "z" : 15.708204
    } ],
    "faces" : [ {
      "vertices" : [ 0, 1, 2 ]
    }, {
      "vertices" : [ 0, 2, 3 ]
    }, {
      "vertices" : [ 0, 3, 2 ]
    }, {
      "vertices" : [ 0, 2, 1 ]
    } ]
  }, {
    "id" : "3eda52d0-4999-465a-b5ab-7495865801d2",
    "vertices" : [ {
      "x" : 0.0,
      "y" : -19.416409,
      "z" : 0.0
    }, {
      "x" : -7.0249224,
      "y" : -25.416409,
      "z" : 4.341641
    }, {
      "x" : -9.708204,
      "y" : -15.708204,
      "z" : 6.0
    }, {
      "x" : -4.341641,
      "y" : -15.708204,
      "z" : 2.6832817
    } ],
    "faces" : [ {
      "vertices" : [ 0, 1, 2 ]
    }, {
      "vertices" : [ 0, 2, 3 ]
    }, {
      "vertices" : [ 0, 3, 2 ]
    }, {
      "vertices" : [ 0, 2, 1 ]
    } ]
  }, {
    "id" : "a2b829b3-5d61-4bc9-b0ad-5322740c46c8",
    "vertices" : [ {
      "x" : 0.0,
      "y" : -19.416409,
      "z" : 0.0
    }, {
      "x" : 7.0249224,
      "y" : -25.416409,
      "z" : -4.341641
    }, {
      "x" : 9.708204,
      "y" : -15.708204,
      "z" : -6.0
    }, {
      "x" : 4.341641,
      "y" : -15.708204,
      "z" : -2.6832817
    } ],
    "faces" : [ {
      "vertices" : [ 0, 1, 2 ]
    }, {
      "vertices" : [ 0, 2, 3 ]
    }, {
      "vertices" : [ 0, 3, 2 ]
    }, {
      "vertices" : [ 0, 2, 1 ]
    } ]
  }, {
    "id" : "e33ac636-0af0-40c1-8560-323d07f67330",
    "vertices" : [ {
      "x" : 15.708204,
      "y" : 6.0,
      "z" : -9.708204
    }, {
      "x" : 15.708204,
      "y" : 11.366563,
      "z" : -18.391485
    }, {
      "x" : 6.0,
      "y" : 9.708204,
      "z" : -15.708204
    }, {
      "x" : 9.708204,
      "y" : 7.0249224,
      "z" : -11.366563
    } ],
    "faces" : [ {
      "vertices" : [ 0, 1, 2 ]
    }, {
      "vertices" : [ 0, 2, 3 ]
    }, {
      "vertices" : [ 0, 3, 2 ]
    }, {
      "vertices" : [ 0, 2, 1 ]
    } ]
