{
  "field" : "golden",
  "symmetry" : "icosahedral",
  "orientations" : [ [ 1.0, 0.0, 0.0, 0.0, 0.0, 1.0, 0.0, 0.0, 0.0, 0.0, 1.0, 0.0, 0.0, 0.0, 0.0, 1.0 ], [ 0.0, 0.0, 1.0, 0.0, 1.0, 0.0, 0.0, 0.0, 0.0, 1.0, 0.0, 0.0, 0.0, 0.0, 0.0, 1.0 ], [ 0.0, 1.0, 0.0, 0.0, 0.0, 0.0, 1.0, 0.0, 1.0, 0.0, 0.0, 0.0, 0.0, 0.0, 0.0, 1.0 ], [ 0.809017, 0.309017, 0.5, 0.0, 0.309017, 0.5, -0.809017, 0.0, -0.5, 0.809017, 0.309017, 0.0, 0.0, 0.0, 0.0, 1.0 ], [ -0.5, 0.809017, 0.309017, 0.0, 0.809017, 0.309017, 0.5, 0.0, 0.309017, 0.5, -0.809017, 0.0, 0.0, 0.0, 0.0, 1.0 ], [ 0.309017, 0.5, -0.809017, 0.0, -0.5, 0.809017, 0.309017, 0.0, 0.809017, 0.309017, 0.5, 0.0, 0.0, 0.0, 0.0, 1.0 ], [ 0.5, 0.809017, 0.309017, 0.0, 0.809017, -0.309017, -0.5, 0.0, -0.309017, 0.5, -0.809017, 0.0, 0.0, 0.0, 0.0, 1.0 ], [ -0.309017, 0.5, -0.809017, 0.0, 0.5, 0.809017, 0.309017, 0.0, 0.809017, -0.309017, -0.5, 0.0, 0.0, 0.0, 0.0, 1.0 ], [ 0.809017, -0.309017, -0.5, 0.0, -0.309017, 0.5, -0.809017, 0.0, 0.5, 0.809017, 0.309017, 0.0, 0.0, 0.0, 0.0, 1.0 ], [ 0.5, 0.809017, -0.309017, 0.0, 0.809017, -0.309017, 0.5, 0.0, 0.309017, -0.5, -0.809017, 0.0, 0.0, 0.0, 0.0, 1.0 ], [ 0.309017, -0.5, -0.809017, 0.0, 0.5, 0.809017, -0.309017, 0.0, 0.809017, -0.309017, 0.5, 0.0, 0.0, 0.0, 0.0, 1.0 ], [ 0.809017, -0.309017, 0.5, 0.0, 0.309017, -0.5, -0.809017, 0.0, 0.5, 0.809017, -0.309017, 0.0, 0.0, 0.0, 0.0, 1.0 ], [ 0.809017, 0.309017, -0.5, 0.0, 0.309017, 0.5, 0.809017, 0.0, 0.5, -0.809017, 0.309017, 0.0, 0.0, 0.0, 0.0, 1.0 ], [ 0.5, -0.809017, 0.309017, 0.0, 0.809017, 0.309017, -0.5, 0.0, 0.309017, 0.5, 0.809017, 0.0, 0.0, 0.0, 0.0, 1.0 ], [ 0.309017, 0.5, 0.809017, 0.0, 0.5, -0.809017, 0.309017, 0.0, 0.809017, 0.309017, -0.5, 0.0, 0.0, 0.0, 0.0, 1.0 ], [ 1.0, 0.0, 0.0, 0.0, 0.0, -1.0, 0.0, 0.0, 0.0, 0.0, -1.0, 0.0, 0.0, 0.0, 0.0, 1.0 ], [ 0.0, 0.0, 1.0, 0.0, -1.0, 0.0, 0.0, 0.0, 0.0, -1.0, 0.0, 0.0, 0.0, 0.0, 0.0, 1.0 ], [ 0.0, 1.0, 0.0, 0.0, 0.0, 0.0, -1.0, 0.0, -1.0, 0.0, 0.0, 0.0, 0.0, 0.0, 0.0, 1.0 ], [ 0.809017, 0.309017, 0.5, 0.0, -0.309017, -0.5, 0.809017, 0.0, 0.5, -0.809017, -0.309017, 0.0, 0.0, 0.0, 0.0, 1.0 ], [ -0.5, 0.809017, 0.309017, 0.0, -0.809017, -0.309017, -0.5, 0.0, -0.309017, -0.5, 0.809017, 0.0, 0.0, 0.0, 0.0, 1.0 ], [ 0.309017, 0.5, -0.809017, 0.0, 0.5, -0.809017, -0.309017, 0.0, -0.809017, -0.309017, -0.5, 0.0, 0.0, 0.0, 0.0, 1.0 ], [ 0.5, 0.809017, 0.309017, 0.0, -0.809017, 0.309017, 0.5, 0.0, 0.309017, -0.5, 0.809017, 0.0, 0.0, 0.0, 0.0, 1.0 ], [ -0.309017, 0.5, -0.809017, 0.0, -0.5, -0.809017, -0.309017, 0.0, -0.809017, 0.309017, 0.5, 0.0, 0.0, 0.0, 0.0, 1.0 ], [ 0.809017, -0.309017, -0.5, 0.0, 0.309017, -0.5, 0.809017, 0.0, -0.5, -0.809017, -0.309017, 0.0, 0.0, 0.0, 0.0, 1.0 ], [ 0.5, 0.809017, -0.309017, 0.0, -0.809017, 0.309017, -0.5, 0.0, -0.309017, 0.5, 0.809017, 0.0, 0.0, 0.0, 0.0, 1.0 ], [ 0.309017, -0.5, -0.809017, 0.0, -0.5, -0.809017, 0.309017, 0.0, -0.809017, 0.309017, -0.5, 0.0, 0.0, 0.0, 0.0, 1.0 ], [ 0.809017, -0.309017, 0.5, 0.0, -0.309017, 0.5, 0.809017, 0.0, -0.5, -0.809017, 0.309017, 0.0, 0.0, 0.0, 0.0, 1.0 ], [ 0.809017, 0.309017, -0.5, 0.0, -0.309017, -0.5, -0.809017, 0.0, -0.5, 0.809017, -0.309017, 0.0, 0.0, 0.0, 0.0, 1.0 ], [ 0.5, -0.809017, 0.309017, 0.0, -0.809017, -0.309017, 0.5, 0.0, -0.309017, -0.5, -0.809017, 0.0, 0.0, 0.0, 0.0, 1.0 ], [ 0.309017, 0.5, 0.809017, 0.0, -0.5, 0.809017, -0.309017, 0.0, -0.809017, -0.309017, 0.5, 0.0, 0.0, 0.0, 0.0, 1.0 ], [ -1.0, 0.0, 0.0, 0.0, 0.0, -1.0, 0.0, 0.0, 0.0, 0.0, 1.0, 0.0, 0.0, 0.0, 0.0, 1.0 ], [ 0.0, 0.0, -1.0, 0.0, -1.0, 0.0, 0.0, 0.0, 0.0, 1.0, 0.0, 0.0, 0.0, 0.0, 0.0, 1.0 ], [ 0.0, -1.0, 0.0, 0.0, 0.0, 0.0, -1.0, 0.0, 1.0, 0.0, 0.0, 0.0, 0.0, 0.0, 0.0, 1.0 ], [ -0.809017, -0.309017, -0.5, 0.0, -0.309017, -0.5, 0.809017, 0.0, -0.5, 0.809017, 0.309017, 0.0, 0.0, 0.0, 0.0, 1.0 ], [ 0.5, -0.809017, -0.309017, 0.0, -0.809017, -0.309017, -0.5, 0.0, 0.309017, 0.5, -0.809017, 0.0, 0.0, 0.0, 0.0, 1.0 ], [ -0.309017, -0.5, 0.809017, 0.0, 0.5, -0.809017, -0.309017, 0.0, 0.809017, 0.309017, 0.5, 0.0, 0.0, 0.0, 0.0, 1.0 ], [ -0.5, -0.809017, -0.309017, 0.0, -0.809017, 0.309017, 0.5, 0.0, -0.309017, 0.5, -0.809017, 0.0, 0.0, 0.0, 0.0, 1.0 ], [ 0.309017, -0.5, 0.809017, 0.0, -0.5, -0.809017, -0.309017, 0.0, 0.809017, -0.309017, -0.5, 0.0, 0.0, 0.0, 0.0, 1.0 ], [ -0.809017, 0.309017, 0.5, 0.0, 0.309017, -0.5, 0.809017, 0.0, 0.5, 0.809017, 0.309017, 0.0, 0.0, 0.0, 0.0, 1.0 ], [ -0.5, -0.809017, 0.309017, 0.0, -0.809017, 0.309017, -0.5, 0.0, 0.309017, -0.5, -0.809017, 0.0, 0.0, 0.0, 0.0, 1.0 ], [ -0.309017, 0.5, 0.809017, 0.0, -0.5, -0.809017, 0.309017, 0.0, 0.809017, -0.309017, 0.5, 0.0, 0.0, 0.0, 0.0, 1.0 ], [ -0.809017, 0.309017, -0.5, 0.0, -0.309017, 0.5, 0.809017, 0.0, 0.5, 0.809017, -0.309017, 0.0, 0.0, 0.0, 0.0, 1.0 ], [ -0.809017, -0.309017, 0.5, 0.0, -0.309017, -0.5, -0.809017, 0.0, 0.5, -0.809017, 0.309017, 0.0, 0.0, 0.0, 0.0, 1.0 ], [ -0.5, 0.809017, -0.309017, 0.0, -0.809017, -0.309017, 0.5, 0.0, 0.309017, 0.5, 0.809017, 0.0, 0.0, 0.0, 0.0, 1.0 ], [ -0.309017, -0.5, -0.809017, 0.0, -0.5, 0.809017, -0.309017, 0.0, 0.809017, 0.309017, -0.5, 0.0, 0.0, 0.0, 0.0, 1.0 ], [ -1.0, 0.0, 0.0, 0.0, 0.0, 1.0, 0.0, 0.0, 0.0, 0.0, -1.0, 0.0, 0.0, 0.0, 0.0, 1.0 ], [ 0.0, 0.0, -1.0, 0.0, 1.0, 0.0, 0.0, 0.0, 0.0, -1.0, 0.0, 0.0, 0.0, 0.0, 0.0, 1.0 ], [ 0.0, -1.0, 0.0, 0.0, 0.0, 0.0, 1.0, 0.0, -1.0, 0.0, 0.0, 0.0, 0.0, 0.0, 0.0, 1.0 ], [ -0.809017, -0.309017, -0.5, 0.0, 0.309017, 0.5, -0.809017, 0.0, 0.5, -0.809017, -0.309017, 0.0, 0.0, 0.0, 0.0, 1.0 ], [ 0.5, -0.809017, -0.309017, 0.0, 0.809017, 0.309017, 0.5, 0.0, -0.309017, -0.5, 0.809017, 0.0, 0.0, 0.0, 0.0, 1.0 ], [ -0.309017, -0.5, 0.809017, 0.0, -0.5, 0.809017, 0.309017, 0.0, -0.809017, -0.309017, -0.5, 0.0, 0.0, 0.0, 0.0, 1.0 ], [ -0.5, -0.809017, -0.309017, 0.0, 0.809017, -0.309017, -0.5, 0.0, 0.309017, -0.5, 0.809017, 0.0, 0.0, 0.0, 0.0, 1.0 ], [ 0.309017, -0.5, 0.809017, 0.0, 0.5, 0.809017, 0.309017, 0.0, -0.809017, 0.309017, 0.5, 0.0, 0.0, 0.0, 0.0, 1.0 ], [ -0.809017, 0.309017, 0.5, 0.0, -0.309017, 0.5, -0.809017, 0.0, -0.5, -0.809017, -0.309017, 0.0, 0.0, 0.0, 0.0, 1.0 ], [ -0.5, -0.809017, 0.309017, 0.0, 0.809017, -0.309017, 0.5, 0.0, -0.309017, 0.5, 0.809017, 0.0, 0.0, 0.0, 0.0, 1.0 ], [ -0.309017, 0.5, 0.809017, 0.0, 0.5, 0.809017, -0.309017, 0.0, -0.809017, 0.309017, -0.5, 0.0, 0.0, 0.0, 0.0, 1.0 ], [ -0.809017, 0.309017, -0.5, 0.0, 0.309017, -0.5, -0.809017, 0.0, -0.5, -0.809017, 0.309017, 0.0, 0.0, 0.0, 0.0, 1.0 ], [ -0.809017, -0.309017, 0.5, 0.0, 0.309017, 0.5, 0.809017, 0.0, -0.5, 0.809017, -0.309017, 0.0, 0.0, 0.0, 0.0, 1.0 ], [ -0.5, 0.809017, -0.309017, 0.0, 0.809017, 0.309017, -0.5, 0.0, -0.309017, -0.5, -0.809017, 0.0, 0.0, 0.0, 0.0, 1.0 ], [ -0.309017, -0.5, -0.809017, 0.0, 0.5, -0.809017, 0.309017, 0.0, -0.809017, -0.309017, 0.5, 0.0, 0.0, 0.0, 0.0, 1.0 ] ],
  "lights" : {
    "ambientColor" : "#292929",
    "backgroundColor" : "#AFC8DC",
    "directionalLights" : [ {
      "direction" : {
        "x" : 1.0,
        "y" : -1.0,
        "z" : -1.0
      },
      "color" : "#EBEBE4"
    }, {
      "direction" : {
        "x" : -1.0,
        "y" : 0.0,
        "z" : 0.0
      },
      "color" : "#E4E4EB"
    }, {
      "direction" : {
        "x" : 0.0,
        "y" : 0.0,
        "z" : -1.0
      },
      "color" : "#1E1E1E"
    } ]
  },
  "camera" : {
    "stereo" : false,
    "width" : 49.917496,
    "viewDistance" : 110.92779,
    "nearClipDistance" : 0.2773196,
    "farClipDistance" : 221.85522,
    "lookAtPoint" : {
      "x" : 0.0,
      "y" : 0.0,
      "z" : 0.0
    },
    "fieldOfView" : 0.44262883,
    "perspective" : false,
    "lookDirection" : {
      "x" : -0.970414,
      "y" : -0.09581834,
      "z" : -0.22142722
    },
    "upDirection" : {
      "x" : 0.2229965,
      "y" : -0.7062788,
      "z" : -0.67180395
    },
    "position" : {
      "x" : 107.645874,
      "y" : 10.628917,
      "z" : 24.562431
    }
  },
  "embedding" : [ 1.0, 0.0, 0.0, 0.0, 0.0, 1.0, 0.0, 0.0, 0.0, 0.0, 1.0, 0.0, 0.0, 0.0, 0.0, 1.0 ],
  "shapes" : [ {
    "id" : "8dbf2c3f-1245-4d3e-959e-aa8b4e2beae6",
    "vertices" : [ {
      "x" : -5.295085,
      "y" : -10.685661,
      "z" : 9.626644
    }, {
      "x" : -7.413119,
      "y" : -9.876644,
      "z" : 1.4635255
    }, {
      "x" : -9.531153,
      "y" : -3.8315594,
      "z" : 7.0086102
    } ],
    "faces" : [ {
      "vertices" : [ 0, 1, 2 ]
    }, {
      "vertices" : [ 0, 2, 1 ]
    } ]
  }, {
    "id" : "bdc74b81-da1d-4b9f-a212-f113dfc74d0b",
    "vertices" : [ {
      "x" : 2.368034,
      "y" : -13.612713,
      "z" : 11.7446785
    }, {
      "x" : 5.295085,
      "y" : -11.4946785,
      "z" : 4.0815597
    }, {
      "x" : 3.177051,
      "y" : -10.685661,
      "z" : -4.0815597
    }, {
      "x" : 0.25,
      "y" : -12.803696,
      "z" : 3.5815594
    } ],
    "faces" : [ {
      "vertices" : [ 0, 1, 2 ]
    }, {
      "vertices" : [ 0, 2, 3 ]
    }, {
      "vertices" : [ 0, 3, 2 ]
    }, {
      "vertices" : [ 0, 2, 1 ]
    } ]
  }, {
    "id" : "36721cb2-6014-48cd-b4a3-5846f774ce12",
    "vertices" : [ {
      "x" : 0.309017,
      "y" : -0.309017,
      "z" : -0.309017
    }, {
      "x" : 0.5,
      "y" : 0.0,
      "z" : -0.19098301
    }, {
      "x" : 0.5,
      "y" : 0.0,
      "z" : 0.19098301
    }, {
      "x" : 0.309017,
      "y" : -0.309017,
      "z" : 0.309017
    }, {
      "x" : 0.19098301,
      "y" : -0.5,
      "z" : 0.0
    }, {
      "x" : 0.0,
      "y" : 0.19098301,
      "z" : 0.5
    }, {
      "x" : 0.0,
      "y" : -0.19098301,
      "z" : 0.5
    }, {
      "x" : 0.309017,
      "y" : 0.309017,
      "z" : 0.309017
    }, {
      "x" : -0.309017,
      "y" : -0.309017,
      "z" : 0.309017
    }, {
      "x" : -0.309017,
      "y" : 0.309017,
      "z" : 0.309017
    }, {
      "x" : -0.5,
      "y" : 0.0,
      "z" : 0.19098301
    }, {
      "x" : 0.0,
      "y" : -0.19098301,
      "z" : -0.5
    }, {
      "x" : 0.0,
      "y" : 0.19098301,
      "z" : -0.5
    }, {
      "x" : 0.309017,
      "y" : 0.309017,
      "z" : -0.309017
    }, {
      "x" : -0.309017,
      "y" : -0.309017,
      "z" : -0.309017
    }, {
      "x" : -0.19098301,
      "y" : -0.5,
      "z" : 0.0
    }, {
      "x" : -0.5,
      "y" : 0.0,
      "z" : -0.19098301
    }, {
      "x" : 0.19098301,
      "y" : 0.5,
      "z" : 0.0
    }, {
      "x" : -0.309017,
      "y" : 0.309017,
      "z" : -0.309017
    }, {
      "x" : 0.0,
      "y" : 0.0,
      "z" : 0.0
    }, {
      "x" : -0.19098301,
      "y" : 0.5,
      "z" : 0.0
    } ],
    "faces" : [ {
      "vertices" : [ 12, 18, 20 ]
    }, {
      "vertices" : [ 12, 20, 17 ]
    }, {
      "vertices" : [ 12, 17, 13 ]
    }, {
      "vertices" : [ 3, 6, 8 ]
    }, {
      "vertices" : [ 3, 8, 15 ]
    }, {
      "vertices" : [ 3, 15, 4 ]
    }, {
      "vertices" : [ 0, 11, 12 ]
    }, {
      "vertices" : [ 0, 12, 13 ]
    }, {
      "vertices" : [ 0, 13, 1 ]
    }, {
      "vertices" : [ 5, 9, 10 ]
    }, {
      "vertices" : [ 5, 10, 8 ]
    }, {
      "vertices" : [ 5, 8, 6 ]
    }, {
      "vertices" : [ 2, 7, 5 ]
    }, {
      "vertices" : [ 2, 5, 6 ]
    }, {
      "vertices" : [ 2, 6, 3 ]
    }, {
      "vertices" : [ 11, 14, 16 ]
    }, {
      "vertices" : [ 11, 16, 18 ]
    }, {
      "vertices" : [ 11, 18, 12 ]
    }, {
      "vertices" : [ 1, 13, 17 ]
    }, {
      "vertices" : [ 1, 17, 7 ]
    }, {
      "vertices" : [ 1, 7, 2 ]
    }, {
      "vertices" : [ 9, 20, 18 ]
    }, {
      "vertices" : [ 9, 18, 16 ]
    }, {
      "vertices" : [ 9, 16, 10 ]
    }, {
      "vertices" : [ 0, 1, 2 ]
    }, {
      "vertices" : [ 0, 2, 3 ]
    }, {
      "vertices" : [ 0, 3, 4 ]
    }, {
      "vertices" : [ 5, 7, 17 ]
    }, {
      "vertices" : [ 5, 17, 20 ]
    }, {
      "vertices" : [ 5, 20, 9 ]
    }, {
      "vertices" : [ 0, 4, 15 ]
    }, {
      "vertices" : [ 0, 15, 14 ]
    }, {
      "vertices" : [ 0, 14, 11 ]
    }, {
      "vertices" : [ 8, 10, 16 ]
    }, {
      "vertices" : [ 8, 16, 14 ]
    }, {
      "vertices" : [ 8, 14, 15 ]
    } ]
  }, {
    "id" : "9d4d9682-adf1-4d24-8ef7-890d35bea86b",
    "vertices" : [ {
      "x" : 6.972136,
      "y" : 1.5,
      "z" : -0.5
    }, {
      "x" : 1.190983,
      "y" : 0.0,
      "z" : 0.072949015
    }, {
      "x" : 1.190983,
      "y" : 0.0,
      "z" : -0.309017
    }, {
      "x" : 6.972136,
      "y" : 1.5,
      "z" : -0.881966
    }, {
      "x" : 7.708204,
      "y" : 2.0,
      "z" : -0.76393205
    }, {
      "x" : 1.190983,
      "y" : 0.618034,
      "z" : -0.309017
    }, {
      "x" : 6.972136,
      "y" : 2.118034,
      "z" : -0.881966
    }, {
      "x" : 6.972136,
      "y" : 2.118034,
      "z" : -0.5
    }, {
      "x" : 1.190983,
      "y" : 0.618034,
      "z" : 0.072949015
    }, {
      "x" : 0.45491502,
      "y" : 0.11803399,
      "z" : -0.045084972
    }, {
      "x" : 8.163119,
      "y" : 2.118034,
      "z" : -0.809017
    } ],
    "faces" : [ {
      "vertices" : [ 2, 5, 6 ]
    }, {
      "vertices" : [ 2, 6, 3 ]
    }, {
      "vertices" : [ 0, 7, 8 ]
    }, {
      "vertices" : [ 0, 8, 1 ]
    }, {
      "vertices" : [ 2, 9, 5 ]
    }, {
      "vertices" : [ 4, 6, 7 ]
    }, {
      "vertices" : [ 1, 8, 9 ]
    }, {
      "vertices" : [ 0, 1, 2 ]
    }, {
      "vertices" : [ 0, 2, 3 ]
    }, {
      "vertices" : [ 5, 9, 8 ]
    }, {
      "vertices" : [ 0, 3, 4 ]
    }, {
      "vertices" : [ 5, 8, 7 ]
    }, {
      "vertices" : [ 5, 7, 6 ]
    }, {
      "vertices" : [ 0, 4, 7 ]
    }, {
      "vertices" : [ 1, 9, 2 ]
    }, {
      "vertices" : [ 3, 6, 4 ]
    } ]
  }, {
    "id" : "4af91dff-f031-45fb-b963-eb1f9558c4ea",
    "vertices" : [ {
      "x" : -6.604102,
      "y" : -1.7135255,
      "z" : -0.6545085
    }, {
      "x" : -3.677051,
      "y" : 0.4045085,
      "z" : -8.317628
    }, {
      "x" : -5.795085,
      "y" : 6.4495935,
      "z" : -2.7725425
    } ],
    "faces" : [ {
      "vertices" : [ 0, 1, 2 ]
    }, {
      "vertices" : [ 0, 2, 1 ]
    } ]
  }, {
    "id" : "0291c16f-e088-451f-adbb-ca25429864bb",
    "vertices" : [ {
      "x" : 1.0,
      "y" : 0.309017,
      "z" : 0.19098301
    }, {
      "x" : 1.0,
      "y" : -0.309017,
      "z" : 0.19098301
    }, {
      "x" : 7.472136,
      "y" : -0.309017,
      "z" : 0.19098301
    }, {
      "x" : 7.472136,
      "y" : 0.309017,
      "z" : 0.19098301
    }, {
      "x" : 7.472136,
      "y" : -0.309017,
      "z" : -0.19098301
    }, {
      "x" : 7.472136,
      "y" : 0.309017,
      "z" : -0.19098301
    }, {
      "x" : 8.09017,
      "y" : 0.0,
      "z" : 0.0
    }, {
      "x" : 0.38196602,
      "y" : 0.0,
      "z" : 0.0
    }, {
      "x" : 1.0,
      "y" : 0.309017,
      "z" : -0.19098301
    }, {
      "x" : 1.0,
      "y" : -0.309017,
      "z" : -0.19098301
    }, {
      "x" : 8.472136,
      "y" : 0.0,
      "z" : 0.0
    } ],
    "faces" : [ {
      "vertices" : [ 1, 9, 4 ]
    }, {
      "vertices" : [ 1, 4, 2 ]
    }, {
      "vertices" : [ 0, 3, 5 ]
    }, {
      "vertices" : [ 0, 5, 8 ]
    }, {
      "vertices" : [ 1, 7, 9 ]
    }, {
      "vertices" : [ 0, 1, 2 ]
    }, {
      "vertices" : [ 0, 2, 3 ]
    }, {
      "vertices" : [ 7, 8, 9 ]
    }, {
      "vertices" : [ 0, 7, 1 ]
    }, {
      "vertices" : [ 4, 9, 8 ]
    }, {
      "vertices" : [ 4, 8, 5 ]
    }, {
      "vertices" : [ 2, 6, 3 ]
    }, {
      "vertices" : [ 2, 4, 6 ]
    }, {
      "vertices" : [ 3, 6, 5 ]
    }, {
      "vertices" : [ 4, 5, 6 ]
    }, {
      "vertices" : [ 0, 8, 7 ]
    } ]
  }, {
    "id" : "43922235-b670-4bd2-b4e2-06a979823a46",
    "vertices" : [ {
      "x" : 4.486068,
      "y" : 2.5225425,
      "z" : -7.5086102
    }, {
      "x" : -0.4045085,
      "y" : 7.0086102,
      "z" : -14.2672205
    }, {
      "x" : -3.677051,
      "y" : 0.4045085,
      "z" : -8.317628
    } ],
    "faces" : [ {
      "vertices" : [ 0, 1, 2 ]
    }, {
      "vertices" : [ 0, 2, 1 ]
    } ]
  }, {
    "id" : "969cbd57-e17b-4c9c-bbbe-8e4c07f6aa2f",
    "vertices" : [ {
      "x" : 0.4045085,
      "y" : 1.4635255,
      "z" : -7.913119
    }, {
      "x" : -0.4045085,
      "y" : 7.0086102,
      "z" : -14.2672205
    }, {
      "x" : -2.5225425,
      "y" : 13.053696,
      "z" : -8.722136
    }, {
      "x" : -1.7135255,
      "y" : 7.5086102,
      "z" : -2.368034
    } ],
    "faces" : [ {
      "vertices" : [ 0, 1, 2 ]
    }, {
      "vertices" : [ 0, 2, 3 ]
    }, {
      "vertices" : [ 0, 3, 2 ]
    }, {
      "vertices" : [ 0, 2, 1 ]
    } ]
  }, {
    "id" : "7219929e-9b0d-414c-940c-beba7886661a",
    "vertices" : [ {
      "x" : 2.368034,
      "y" : 8.567628,
      "z" : -1.9635255
    }, {
      "x" : 4.486068,
      "y" : 2.5225425,
      "z" : -7.5086102
    }, {
      "x" : 6.604102,
      "y" : 1.7135255,
      "z" : 0.6545085
    } ],
    "faces" : [ {
      "vertices" : [ 0, 1, 2 ]
    }, {
      "vertices" : [ 0, 2, 1 ]
    } ]
  }, {
    "id" : "91eaf266-f68a-4a50-acc0-cffb5d9ff74a",
    "vertices" : [ {
      "x" : -3.677051,
      "y" : 0.4045085,
      "z" : -8.317628
    }, {
      "x" : 4.486068,
      "y" : 2.5225425,
      "z" : -7.5086102
    }, {
      "x" : 2.368034,
      "y" : 8.567628,
      "z" : -1.9635255
    }, {
      "x" : -5.795085,
      "y" : 6.4495935,
      "z" : -2.7725425
    } ],
    "faces" : [ {
      "vertices" : [ 0, 1, 2 ]
    }, {
      "vertices" : [ 0, 2, 3 ]
    }, {
      "vertices" : [ 0, 3, 2 ]
    }, {
      "vertices" : [ 0, 2, 1 ]
    } ]
  }, {
    "id" : "f54cf8ec-dcde-42ee-aea3-43bcb20a2ef4",
    "vertices" : [ {
      "x" : 10.84017,
      "y" : -5.1405764,
      "z" : 3.2725425
    }, {
      "x" : 7.913119,
      "y" : -7.2586102,
      "z" : 10.935661
    }, {
      "x" : 8.722136,
      "y" : 0.9045085,
      "z" : 8.817628
    } ],
    "faces" : [ {
      "vertices" : [ 0, 1, 2 ]
    }, {
      "vertices" : [ 0, 2, 1 ]
    } ]
  }, {
    "id" : "1732872c-e74d-4eb4-a8a8-b6cf29a3a7be",
    "vertices" : [ {
      "x" : 1.059017,
      "y" : -9.876644,
      "z" : 15.171729
    }, {
      "x" : -3.177051,
      "y" : -3.0225425,
      "z" : 12.553696
    }, {
      "x" : -2.368034,
      "y" : 5.1405764,
      "z" : 10.435661
    }, {
      "x" : 1.868034,
      "y" : -1.7135255,
      "z" : 13.053696
    } ],
    "faces" : [ {
      "vertices" : [ 0, 1, 2 ]
    }, {
      "vertices" : [ 0, 2, 3 ]
    }, {
      "vertices" : [ 0, 3, 2 ]
    }, {
      "vertices" : [ 0, 2, 1 ]
    } ]
  } ],
  "instances" : [ {
    "shape" : "8dbf2c3f-1245-4d3e-959e-aa8b4e2beae6",
    "color" : "#B57FE2",
    "position" : {
      "x" : 0.0,
      "y" : 0.0,
      "z" : 0.0
    }
  }, {
    "shape" : "bdc74b81-da1d-4b9f-a212-f113dfc74d0b",
    "color" : "#EDA57F",
    "position" : {
      "x" : 0.0,
      "y" : 0.0,
      "z" : 0.0
    }
  }, {
    "shape" : "36721cb2-6014-48cd-b4a3-5846f774ce12",
    "color" : "#FFFFFF",
    "position" : {
      "x" : 0.0,
      "y" : 0.0,
      "z" : 0.0
    }
  }, {
    "shape" : "9d4d9682-adf1-4d24-8ef7-890d35bea86b",
    "color" : "#1E1E1E",
    "position" : {
      "x" : -0.4045085,
      "y" : 7.0086102,
      "z" : -14.2672205
    },
    "orientation" : 37
  }, {
    "shape" : "4af91dff-f031-45fb-b963-eb1f9558c4ea",
    "color" : "#F7CF7F",
    "position" : {
      "x" : 0.0,
      "y" : 0.0,
      "z" : 0.0
    }
  }, {
    "shape" : "9d4d9682-adf1-4d24-8ef7-890d35bea86b",
    "color" : "#1E1E1E",
    "position" : {
      "x" : 8.722136,
      "y" : -4.3315597,
      "z" : -4.8905764
    },
    "orientation" : 2
  }, {
    "shape" : "9d4d9682-adf1-4d24-8ef7-890d35bea86b",
    "color" : "#1E1E1E",
    "position" : {
      "x" : -2.5225425,
      "y" : 13.053696,
      "z" : -8.722136
    },
    "orientation" : 37
  }, {
    "shape" : "9d4d9682-adf1-4d24-8ef7-890d35bea86b",
    "color" : "#1E1E1E",
    "position" : {
      "x" : 6.604102,
      "y" : 1.7135255,
      "z" : 0.6545085
    },
    "orientation" : 25
  }, {
    "shape" : "36721cb2-6014-48cd-b4a3-5846f774ce12",
    "color" : "#FFFFFF",
    "position" : {
      "x" : -4.486068,
      "y" : -7.7586102,
      "z" : -6.1995935
    }
  }, {
    "shape" : "0291c16f-e088-451f-adbb-ca25429864bb",
    "color" : "#007695",
    "position" : {
      "x" : -5.295085,
      "y" : -10.685661,
      "z" : 9.626644
    },
    "orientation" : 54
  }, {
    "shape" : "9d4d9682-adf1-4d24-8ef7-890d35bea86b",
    "color" : "#1E1E1E",
    "position" : {
      "x" : 0.25,
      "y" : -12.803696,
      "z" : 3.5815594
    },
    "orientation" : 2
  }, {
    "shape" : "9d4d9682-adf1-4d24-8ef7-890d35bea86b",
    "color" : "#1E1E1E",
    "position" : {
      "x" : 3.177051,
      "y" : -10.685661,
      "z" : -4.0815597
    },
    "orientation" : 6
  }, {
    "shape" : "9d4d9682-adf1-4d24-8ef7-890d35bea86b",
    "color" : "#1E1E1E",
    "position" : {
      "x" : 3.177051,
      "y" : -10.685661,
      "z" : -4.0815597
    },
    "orientation" : 57
  }, {
    "shape" : "36721cb2-6014-48cd-b4a3-5846f774ce12",
    "color" : "#FFFFFF",
    "position" : {
      "x" : 4.486068,
      "y" : 7.7586102,
      "z" : 6.1995935
    }
  }, {
    "shape" : "9d4d9682-adf1-4d24-8ef7-890d35bea86b",
    "color" : "#1E1E1E",
    "position" : {
      "x" : -6.604102,
      "y" : -1.7135255,
      "z" : -0.6545085
    },
    "orientation" : 25
  }, {
    "shape" : "36721cb2-6014-48cd-b4a3-5846f774ce12",
    "color" : "#FFFFFF",
    "position" : {
      "x" : -7.413119,
      "y" : -9.876644,
      "z" : 1.4635255
    }
  }, {
    "shape" : "9d4d9682-adf1-4d24-8ef7-890d35bea86b",
    "color" : "#1E1E1E",
    "position" : {
      "x" : -7.413119,
      "y" : -9.876644,
      "z" : 1.4635255
    },
    "orientation" : 2
  }, {
    "shape" : "9d4d9682-adf1-4d24-8ef7-890d35bea86b",
    "color" : "#1E1E1E",
    "position" : {
      "x" : 1.059017,
      "y" : -9.876644,
      "z" : 15.171729
    },
    "orientation" : 53
  }, {
    "shape" : "0291c16f-e088-451f-adbb-ca25429864bb",
    "color" : "#1E1E1E",
    "position" : {
      "x" : 8.722136,
      "y" : 0.9045085,
      "z" : 8.817628
    },
    "orientation" : 54
  }, {
    "shape" : "9d4d9682-adf1-4d24-8ef7-890d35bea86b",
    "color" : "#1E1E1E",
    "position" : {
      "x" : -4.486068,
      "y" : -7.7586102,
      "z" : -6.1995935
    },
    "orientation" : 46
  }, {
    "shape" : "36721cb2-6014-48cd-b4a3-5846f774ce12",
    "color" : "#FFFFFF",
    "position" : {
      "x" : 1.059017,
      "y" : -9.876644,
      "z" : 15.171729
    }
  }, {
    "shape" : "36721cb2-6014-48cd-b4a3-5846f774ce12",
    "color" : "#FFFFFF",
    "position" : {
      "x" : -8.722136,
      "y" : 4.3315597,
      "z" : 4.8905764
    }
  }, {
    "shape" : "9d4d9682-adf1-4d24-8ef7-890d35bea86b",
    "color" : "#1E1E1E",
    "position" : {
      "x" : 1.868034,
      "y" : -1.7135255,
      "z" : 13.053696
    },
    "orientation" : 24
  }, {
    "shape" : "9d4d9682-adf1-4d24-8ef7-890d35bea86b",
    "color" : "#1E1E1E",
    "position" : {
      "x" : 4.486068,
      "y" : 2.5225425,
      "z" : -7.5086102
    },
    "orientation" : 30
  }, {
    "shape" : "36721cb2-6014-48cd-b4a3-5846f774ce12",
    "color" : "#FFFFFF",
    "position" : {
      "x" : -0.4045085,
      "y" : 7.0086102,
      "z" : -14.2672205
    }
  }, {
    "shape" : "36721cb2-6014-48cd-b4a3-5846f774ce12",
    "color" : "#FFFFFF",
    "position" : {
      "x" : -5.295085,
      "y" : -10.685661,
      "z" : 9.626644
    }
  }, {
    "shape" : "43922235-b670-4bd2-b4e2-06a979823a46",
    "color" : "#8E8E8E",
    "position" : {
      "x" : 0.0,
      "y" : 0.0,
      "z" : 0.0
    }
  }, {
    "shape" : "9d4d9682-adf1-4d24-8ef7-890d35bea86b",
    "color" : "#1E1E1E",
    "position" : {
      "x" : -4.486068,
      "y" : -7.7586102,
      "z" : -6.1995935
    },
    "orientation" : 44
  }, {
    "shape" : "9d4d9682-adf1-4d24-8ef7-890d35bea86b",
    "color" : "#1E1E1E",
    "position" : {
      "x" : 0.25,
      "y" : -12.803696,
      "z" : 3.5815594
    },
    "orientation" : 57
  }, {
    "shape" : "36721cb2-6014-48cd-b4a3-5846f774ce12",
    "color" : "#FFFFFF",
    "position" : {
      "x" : 5.295085,
      "y" : -11.4946785,
      "z" : 4.0815597
    }
  }, {
    "shape" : "9d4d9682-adf1-4d24-8ef7-890d35bea86b",
    "color" : "#1E1E1E",
    "position" : {
      "x" : 5.295085,
      "y" : -11.4946785,
      "z" : 4.0815597
    },
    "orientation" : 44
  }, {
    "shape" : "0291c16f-e088-451f-adbb-ca25429864bb",
    "color" : "#1E1E1E",
    "position" : {
      "x" : 6.604102,
      "y" : 1.7135255,
      "z" : 0.6545085
    },
    "orientation" : 21
  }, {
    "shape" : "0291c16f-e088-451f-adbb-ca25429864bb",
    "color" : "#1E1E1E",
    "position" : {
      "x" : 4.486068,
      "y" : 2.5225425,
      "z" : -7.5086102
    },
    "orientation" : 21
  }, {
    "shape" : "9d4d9682-adf1-4d24-8ef7-890d35bea86b",
    "color" : "#1E1E1E",
    "position" : {
      "x" : -5.795085,
      "y" : 6.4495935,
      "z" : -2.7725425
    },
    "orientation" : 25
  }, {
    "shape" : "9d4d9682-adf1-4d24-8ef7-890d35bea86b",
    "color" : "#1E1E1E",
    "position" : {
      "x" : 4.486068,
      "y" : 2.5225425,
      "z" : -7.5086102
    },
    "orientation" : 2
  }, {
    "shape" : "9d4d9682-adf1-4d24-8ef7-890d35bea86b",
    "color" : "#1E1E1E",
    "position" : {
      "x" : 4.486068,
      "y" : 7.7586102,
      "z" : 6.1995935
    },
    "orientation" : 25
  }, {
    "shape" : "9d4d9682-adf1-4d24-8ef7-890d35bea86b",
    "color" : "#1E1E1E",
    "position" : {
      "x" : -3.677051,
      "y" : 0.4045085,
      "z" : -8.317628
    },
    "orientation" : 44
  }, {
    "shape" : "9d4d9682-adf1-4d24-8ef7-890d35bea86b",
    "color" : "#1E1E1E",
    "position" : {
      "x" : -2.368034,
      "y" : 5.1405764,
      "z" : 10.435661
    },
    "orientation" : 53
  }, {
    "shape" : "9d4d9682-adf1-4d24-8ef7-890d35bea86b",
    "color" : "#1E1E1E",
    "position" : {
      "x" : -5.295085,
      "y" : -10.685661,
      "z" : 9.626644
    },
    "orientation" : 26
  }, {
    "shape" : "36721cb2-6014-48cd-b4a3-5846f774ce12",
    "color" : "#FFFFFF",
    "position" : {
      "x" : -3.177051,
      "y" : -3.0225425,
      "z" : 12.553696
    }
  }, {
    "shape" : "36721cb2-6014-48cd-b4a3-5846f774ce12",
    "color" : "#FFFFFF",
    "position" : {
      "x" : -6.604102,
      "y" : -1.7135255,
      "z" : -0.6545085
    }
  }, {
    "shape" : "36721cb2-6014-48cd-b4a3-5846f774ce12",
    "color" : "#FFFFFF",
    "position" : {
      "x" : 3.177051,
      "y" : -10.685661,
      "z" : -4.0815597
    }
  }, {
    "shape" : "9d4d9682-adf1-4d24-8ef7-890d35bea86b",
    "color" : "#1E1E1E",
    "position" : {
      "x" : 10.84017,
      "y" : -5.1405764,
      "z" : 3.2725425
    },
    "orientation" : 44
  }, {
    "shape" : "0291c16f-e088-451f-adbb-ca25429864bb",
    "color" : "#1E1E1E",
    "position" : {
      "x" : 1.868034,
      "y" : -1.7135255,
      "z" : 13.053696
    },
    "orientation" : 54
  }, {
    "shape" : "0291c16f-e088-451f-adbb-ca25429864bb",
    "color" : "#007695",
    "position" : {
      "x" : 7.913119,
      "y" : -7.2586102,
      "z" : 10.935661
    },
    "orientation" : 22
  }, {
    "shape" : "9d4d9682-adf1-4d24-8ef7-890d35bea86b",
    "color" : "#1E1E1E",
    "position" : {
      "x" : -5.795085,
      "y" : 6.4495935,
      "z" : -2.7725425
    },
    "orientation" : 44
  }, {
    "shape" : "0291c16f-e088-451f-adbb-ca25429864bb",
    "color" : "#007695",
    "position" : {
      "x" : 4.486068,
      "y" : 7.7586102,
      "z" : 6.1995935
    },
    "orientation" : 41
  }, {
    "shape" : "9d4d9682-adf1-4d24-8ef7-890d35bea86b",
    "color" : "#1E1E1E",
    "position" : {
      "x" : -8.722136,
      "y" : 4.3315597,
      "z" : 4.8905764
    },
    "orientation" : 25
  }, {
    "shape" : "36721cb2-6014-48cd-b4a3-5846f774ce12",
    "color" : "#FFFFFF",
    "position" : {
      "x" : -3.677051,
      "y" : 0.4045085,
      "z" : -8.317628
    }
  }, {
    "shape" : "9d4d9682-adf1-4d24-8ef7-890d35bea86b",
    "color" : "#1E1E1E",
    "position" : {
      "x" : 2.368034,
      "y" : 8.567628,
      "z" : -1.9635255
    },
    "orientation" : 2
  }, {
    "shape" : "0291c16f-e088-451f-adbb-ca25429864bb",
    "color" : "#1E1E1E",
    "position" : {
      "x" : 6.604102,
      "y" : 1.7135255,
      "z" : 0.6545085
    },
    "orientation" : 54
  }, {
    "shape" : "9d4d9682-adf1-4d24-8ef7-890d35bea86b",
    "color" : "#1E1E1E",
    "position" : {
      "x" : -5.295085,
      "y" : -10.685661,
      "z" : 9.626644
    },
    "orientation" : 13
  }, {
    "shape" : "36721cb2-6014-48cd-b4a3-5846f774ce12",
    "color" : "#FFFFFF",
    "position" : {
      "x" : 4.486068,
      "y" : 2.5225425,
      "z" : -7.5086102
    }
  }, {
    "shape" : "9d4d9682-adf1-4d24-8ef7-890d35bea86b",
    "color" : "#1E1E1E",
    "position" : {
      "x" : 1.059017,
      "y" : -9.876644,
      "z" : 15.171729
    },
    "orientation" : 46
  }, {
    "shape" : "9d4d9682-adf1-4d24-8ef7-890d35bea86b",
    "color" : "#1E1E1E",
    "position" : {
      "x" : 8.722136,
      "y" : 0.9045085,
      "z" : 8.817628
    },
    "orientation" : 25
  }, {
    "shape" : "36721cb2-6014-48cd-b4a3-5846f774ce12",
    "color" : "#FFFFFF",
    "position" : {
      "x" : 1.868034,
      "y" : -1.7135255,
      "z" : 13.053696
    }
  }, {
    "shape" : "9d4d9682-adf1-4d24-8ef7-890d35bea86b",
    "color" : "#1E1E1E",
    "position" : {
      "x" : 2.368034,
      "y" : 8.567628,
      "z" : -1.9635255
    },
    "orientation" : 30
  }, {
    "shape" : "9d4d9682-adf1-4d24-8ef7-890d35bea86b",
    "color" : "#1E1E1E",
    "position" : {
      "x" : 7.913119,
      "y" : -7.2586102,
      "z" : 10.935661
    },
    "orientation" : 46
  }, {
    "shape" : "9d4d9682-adf1-4d24-8ef7-890d35bea86b",
    "color" : "#1E1E1E",
    "position" : {
      "x" : 2.368034,
      "y" : -13.612713,
      "z" : 11.7446785
    },
    "orientation" : 57
  }, {
    "shape" : "0291c16f-e088-451f-adbb-ca25429864bb",
    "color" : "#007695",
    "position" : {
      "x" : 1.059017,
      "y" : -9.876644,
      "z" : 15.171729
    },
    "orientation" : 23
  }, {
    "shape" : "969cbd57-e17b-4c9c-bbbe-8e4c07f6aa2f",
    "color" : "#8E8E8E",
    "position" : {
      "x" : 0.0,
      "y" : 0.0,
      "z" : 0.0
    }
  }, {
    "shape" : "36721cb2-6014-48cd-b4a3-5846f774ce12",
    "color" : "#FFFFFF",
    "position" : {
      "x" : 0.4045085,
      "y" : 1.4635255,
      "z" : -7.913119
    }
  }, {
    "shape" : "9d4d9682-adf1-4d24-8ef7-890d35bea86b",
    "color" : "#1E1E1E",
    "position" : {
      "x" : 5.295085,
      "y" : -11.4946785,
      "z" : 4.0815597
    },
    "orientation" : 6
  }, {
    "shape" : "9d4d9682-adf1-4d24-8ef7-890d35bea86b",
    "color" : "#1E1E1E",
    "position" : {
      "x" : 2.368034,
      "y" : 8.567628,
      "z" : -1.9635255
    },
    "orientation" : 25
  }, {
    "shape" : "0291c16f-e088-451f-adbb-ca25429864bb",
    "color" : "#1E1E1E",
    "position" : {
      "x" : 1.059017,
      "y" : -9.876644,
      "z" : 15.171729
    },
    "orientation" : 54
  }, {
    "shape" : "36721cb2-6014-48cd-b4a3-5846f774ce12",
    "color" : "#FFFFFF",
    "position" : {
      "x" : 2.368034,
      "y" : 8.567628,
      "z" : -1.9635255
    }
  }, {
    "shape" : "36721cb2-6014-48cd-b4a3-5846f774ce12",
    "color" : "#FFFFFF",
    "position" : {
      "x" : 10.84017,
      "y" : -5.1405764,
      "z" : 3.2725425
    }
  }, {
    "shape" : "36721cb2-6014-48cd-b4a3-5846f774ce12",
    "color" : "#FFFFFF",
    "position" : {
      "x" : 7.913119,
      "y" : -7.2586102,
      "z" : 10.935661
    }
  }, {
    "shape" : "9d4d9682-adf1-4d24-8ef7-890d35bea86b",
    "color" : "#1E1E1E",
    "position" : {
      "x" : 3.177051,
      "y" : -10.685661,
      "z" : -4.0815597
    },
    "orientation" : 2
  }, {
    "shape" : "36721cb2-6014-48cd-b4a3-5846f774ce12",
    "color" : "#FFFFFF",
    "position" : {
      "x" : 8.722136,
      "y" : -4.3315597,
      "z" : -4.8905764
    }
  }, {
    "shape" : "9d4d9682-adf1-4d24-8ef7-890d35bea86b",
    "color" : "#1E1E1E",
    "position" : {
      "x" : -3.177051,
      "y" : -3.0225425,
      "z" : 12.553696
    },
    "orientation" : 46
  }, {
    "shape" : "7219929e-9b0d-414c-940c-beba7886661a",
    "color" : "#B57FE2",
    "position" : {
      "x" : 0.0,
      "y" : 0.0,
      "z" : 0.0
    }
  }, {
    "shape" : "91eaf266-f68a-4a50-acc0-cffb5d9ff74a",
    "color" : "#8E8E8E",
    "position" : {
      "x" : 0.0,
      "y" : 0.0,
      "z" : 0.0
    }
  }, {
    "shape" : "9d4d9682-adf1-4d24-8ef7-890d35bea86b",
    "color" : "#1E1E1E",
    "position" : {
      "x" : -9.531153,
      "y" : -3.8315594,
      "z" : 7.0086102
    },
    "orientation" : 25
  }, {
    "shape" : "36721cb2-6014-48cd-b4a3-5846f774ce12",
    "color" : "#FFFFFF",
    "position" : {
      "x" : -9.531153,
      "y" : -3.8315594,
      "z" : 7.0086102
    }
  }, {
    "shape" : "9d4d9682-adf1-4d24-8ef7-890d35bea86b",
    "color" : "#1E1E1E",
    "position" : {
      "x" : -6.604102,
      "y" : -1.7135255,
      "z" : -0.6545085
    },
    "orientation" : 46
  }, {
    "shape" : "36721cb2-6014-48cd-b4a3-5846f774ce12",
    "color" : "#FFFFFF",
    "position" : {
      "x" : -1.7135255,
      "y" : 7.5086102,
      "z" : -2.368034
    }
  }, {
    "shape" : "9d4d9682-adf1-4d24-8ef7-890d35bea86b",
    "color" : "#1E1E1E",
    "position" : {
      "x" : 3.177051,
      "y" : -10.685661,
      "z" : -4.0815597
    },
    "orientation" : 44
  }, {
    "shape" : "36721cb2-6014-48cd-b4a3-5846f774ce12",
    "color" : "#FFFFFF",
    "position" : {
      "x" : 2.368034,
      "y" : -13.612713,
      "z" : 11.7446785
    }
  }, {
    "shape" : "0291c16f-e088-451f-adbb-ca25429864bb",
    "color" : "#007695",
    "position" : {
      "x" : 1.868034,
      "y" : -1.7135255,
      "z" : 13.053696
    },
    "orientation" : 23
  }, {
    "shape" : "36721cb2-6014-48cd-b4a3-5846f774ce12",
    "color" : "#FFFFFF",
    "position" : {
      "x" : 8.722136,
      "y" : 0.9045085,
      "z" : 8.817628
    }
  }, {
    "shape" : "9d4d9682-adf1-4d24-8ef7-890d35bea86b",
    "color" : "#1E1E1E",
    "position" : {
      "x" : -6.604102,
      "y" : -1.7135255,
      "z" : -0.6545085
    },
    "orientation" : 44
  }, {
    "shape" : "9d4d9682-adf1-4d24-8ef7-890d35bea86b",
    "color" : "#1E1E1E",
    "position" : {
      "x" : -2.5225425,
      "y" : 13.053696,
      "z" : -8.722136
    },
    "orientation" : 25
  }, {
    "shape" : "36721cb2-6014-48cd-b4a3-5846f774ce12",
    "color" : "#FFFFFF",
    "position" : {
      "x" : -2.5225425,
      "y" : 13.053696,
      "z" : -8.722136
    }
  }, {
    "shape" : "36721cb2-6014-48cd-b4a3-5846f774ce12",
    "color" : "#FFFFFF",
    "position" : {
      "x" : -2.368034,
      "y" : 5.1405764,
      "z" : 10.435661
    }
  }, {
    "shape" : "9d4d9682-adf1-4d24-8ef7-890d35bea86b",
    "color" : "#1E1E1E",
    "position" : {
      "x" : -3.177051,
      "y" : -3.0225425,
      "z" : 12.553696
    },
    "orientation" : 53
  }, {
    "shape" : "9d4d9682-adf1-4d24-8ef7-890d35bea86b",
    "color" : "#1E1E1E",
    "position" : {
      "x" : 2.368034,
      "y" : -13.612713,
      "z" : 11.7446785
    },
    "orientation" : 6
  }, {
    "shape" : "9d4d9682-adf1-4d24-8ef7-890d35bea86b",
    "color" : "#1E1E1E",
    "position" : {
      "x" : -7.413119,
      "y" : -9.876644,
      "z" : 1.4635255
    },
    "orientation" : 46
  }, {
    "shape" : "36721cb2-6014-48cd-b4a3-5846f774ce12",
    "color" : "#FFFFFF",
    "position" : {
      "x" : 0.25,
      "y" : -12.803696,
      "z" : 3.5815594
    }
  }, {
    "shape" : "36721cb2-6014-48cd-b4a3-5846f774ce12",
    "color" : "#FFFFFF",
    "position" : {
      "x" : -5.795085,
      "y" : 6.4495935,
      "z" : -2.7725425
    }
  }, {
    "shape" : "9d4d9682-adf1-4d24-8ef7-890d35bea86b",
    "color" : "#1E1E1E",
    "position" : {
      "x" : -9.531153,
      "y" : -3.8315594,
      "z" : 7.0086102
    },
    "orientation" : 46
  }, {
    "shape" : "f54cf8ec-dcde-42ee-aea3-43bcb20a2ef4",
    "color" : "#F7CF7F",
    "position" : {
      "x" : 0.0,
      "y" : 0.0,
      "z" : 0.0
    }
  }, {
    "shape" : "1732872c-e74d-4eb4-a8a8-b6cf29a3a7be",
    "color" : "#EDA57F",
    "position" : {
      "x" : 0.0,
      "y" : 0.0,
      "z" : 0.0
    }
  }, {
    "shape" : "9d4d9682-adf1-4d24-8ef7-890d35bea86b",
    "color" : "#1E1E1E",
    "position" : {
      "x" : 6.604102,
      "y" : 1.7135255,
      "z" : 0.6545085
    },
    "orientation" : 2
  }, {
    "shape" : "36721cb2-6014-48cd-b4a3-5846f774ce12",
    "color" : "#FFFFFF",
    "position" : {
      "x" : 6.604102,
      "y" : 1.7135255,
      "z" : 0.6545085
    }
  } ]
}