{
  "field" : "snubDodec",
  "symmetry" : "icosahedral",
  "orientations" : [ [ 1.0, 0.0, 0.0, 0.0, 0.0, 1.0, 0.0, 0.0, 0.0, 0.0, 1.0, 0.0, 0.0, 0.0, 0.0, 1.0 ], [ 0.0, 0.0, 1.0, 0.0, 1.0, 0.0, 0.0, 0.0, 0.0, 1.0, 0.0, 0.0, 0.0, 0.0, 0.0, 1.0 ], [ 0.0, 1.0, 0.0, 0.0, 0.0, 0.0, 1.0, 0.0, 1.0, 0.0, 0.0, 0.0, 0.0, 0.0, 0.0, 1.0 ], [ 0.809017, 0.309017, 0.5, 0.0, 0.309017, 0.5, -0.809017, 0.0, -0.5, 0.809017, 0.309017, 0.0, 0.0, 0.0, 0.0, 1.0 ], [ -0.5, 0.809017, 0.309017, 0.0, 0.809017, 0.309017, 0.5, 0.0, 0.309017, 0.5, -0.809017, 0.0, 0.0, 0.0, 0.0, 1.0 ], [ 0.309017, 0.5, -0.809017, 0.0, -0.5, 0.809017, 0.309017, 0.0, 0.809017, 0.309017, 0.5, 0.0, 0.0, 0.0, 0.0, 1.0 ], [ 0.5, 0.809017, 0.309017, 0.0, 0.809017, -0.309017, -0.5, 0.0, -0.309017, 0.5, -0.809017, 0.0, 0.0, 0.0, 0.0, 1.0 ], [ -0.309017, 0.5, -0.809017, 0.0, 0.5, 0.809017, 0.309017, 0.0, 0.809017, -0.309017, -0.5, 0.0, 0.0, 0.0, 0.0, 1.0 ], [ 0.809017, -0.309017, -0.5, 0.0, -0.309017, 0.5, -0.809017, 0.0, 0.5, 0.809017, 0.309017, 0.0, 0.0, 0.0, 0.0, 1.0 ], [ 0.5, 0.809017, -0.309017, 0.0, 0.809017, -0.309017, 0.5, 0.0, 0.309017, -0.5, -0.809017, 0.0, 0.0, 0.0, 0.0, 1.0 ], [ 0.309017, -0.5, -0.809017, 0.0, 0.5, 0.809017, -0.309017, 0.0, 0.809017, -0.309017, 0.5, 0.0, 0.0, 0.0, 0.0, 1.0 ], [ 0.809017, -0.309017, 0.5, 0.0, 0.309017, -0.5, -0.809017, 0.0, 0.5, 0.809017, -0.309017, 0.0, 0.0, 0.0, 0.0, 1.0 ], [ 0.809017, 0.309017, -0.5, 0.0, 0.309017, 0.5, 0.809017, 0.0, 0.5, -0.809017, 0.309017, 0.0, 0.0, 0.0, 0.0, 1.0 ], [ 0.5, -0.809017, 0.309017, 0.0, 0.809017, 0.309017, -0.5, 0.0, 0.309017, 0.5, 0.809017, 0.0, 0.0, 0.0, 0.0, 1.0 ], [ 0.309017, 0.5, 0.809017, 0.0, 0.5, -0.809017, 0.309017, 0.0, 0.809017, 0.309017, -0.5, 0.0, 0.0, 0.0, 0.0, 1.0 ], [ 1.0, 0.0, 0.0, 0.0, 0.0, -1.0, 0.0, 0.0, 0.0, 0.0, -1.0, 0.0, 0.0, 0.0, 0.0, 1.0 ], [ 0.0, 0.0, 1.0, 0.0, -1.0, 0.0, 0.0, 0.0, 0.0, -1.0, 0.0, 0.0, 0.0, 0.0, 0.0, 1.0 ], [ 0.0, 1.0, 0.0, 0.0, 0.0, 0.0, -1.0, 0.0, -1.0, 0.0, 0.0, 0.0, 0.0, 0.0, 0.0, 1.0 ], [ 0.809017, 0.309017, 0.5, 0.0, -0.309017, -0.5, 0.809017, 0.0, 0.5, -0.809017, -0.309017, 0.0, 0.0, 0.0, 0.0, 1.0 ], [ -0.5, 0.809017, 0.309017, 0.0, -0.809017, -0.309017, -0.5, 0.0, -0.309017, -0.5, 0.809017, 0.0, 0.0, 0.0, 0.0, 1.0 ], [ 0.309017, 0.5, -0.809017, 0.0, 0.5, -0.809017, -0.309017, 0.0, -0.809017, -0.309017, -0.5, 0.0, 0.0, 0.0, 0.0, 1.0 ], [ 0.5, 0.809017, 0.309017, 0.0, -0.809017, 0.309017, 0.5, 0.0, 0.309017, -0.5, 0.809017, 0.0, 0.0, 0.0, 0.0, 1.0 ], [ -0.309017, 0.5, -0.809017, 0.0, -0.5, -0.809017, -0.309017, 0.0, -0.809017, 0.309017, 0.5, 0.0, 0.0, 0.0, 0.0, 1.0 ], [ 0.809017, -0.309017, -0.5, 0.0, 0.309017, -0.5, 0.809017, 0.0, -0.5, -0.809017, -0.309017, 0.0, 0.0, 0.0, 0.0, 1.0 ], [ 0.5, 0.809017, -0.309017, 0.0, -0.809017, 0.309017, -0.5, 0.0, -0.309017, 0.5, 0.809017, 0.0, 0.0, 0.0, 0.0, 1.0 ], [ 0.309017, -0.5, -0.809017, 0.0, -0.5, -0.809017, 0.309017, 0.0, -0.809017, 0.309017, -0.5, 0.0, 0.0, 0.0, 0.0, 1.0 ], [ 0.809017, -0.309017, 0.5, 0.0, -0.309017, 0.5, 0.809017, 0.0, -0.5, -0.809017, 0.309017, 0.0, 0.0, 0.0, 0.0, 1.0 ], [ 0.809017, 0.309017, -0.5, 0.0, -0.309017, -0.5, -0.809017, 0.0, -0.5, 0.809017, -0.309017, 0.0, 0.0, 0.0, 0.0, 1.0 ], [ 0.5, -0.809017, 0.309017, 0.0, -0.809017, -0.309017, 0.5, 0.0, -0.309017, -0.5, -0.809017, 0.0, 0.0, 0.0, 0.0, 1.0 ], [ 0.309017, 0.5, 0.809017, 0.0, -0.5, 0.809017, -0.309017, 0.0, -0.809017, -0.309017, 0.5, 0.0, 0.0, 0.0, 0.0, 1.0 ], [ -1.0, 0.0, 0.0, 0.0, 0.0, -1.0, 0.0, 0.0, 0.0, 0.0, 1.0, 0.0, 0.0, 0.0, 0.0, 1.0 ], [ 0.0, 0.0, -1.0, 0.0, -1.0, 0.0, 0.0, 0.0, 0.0, 1.0, 0.0, 0.0, 0.0, 0.0, 0.0, 1.0 ], [ 0.0, -1.0, 0.0, 0.0, 0.0, 0.0, -1.0, 0.0, 1.0, 0.0, 0.0, 0.0, 0.0, 0.0, 0.0, 1.0 ], [ -0.809017, -0.309017, -0.5, 0.0, -0.309017, -0.5, 0.809017, 0.0, -0.5, 0.809017, 0.309017, 0.0, 0.0, 0.0, 0.0, 1.0 ], [ 0.5, -0.809017, -0.309017, 0.0, -0.809017, -0.309017, -0.5, 0.0, 0.309017, 0.5, -0.809017, 0.0, 0.0, 0.0, 0.0, 1.0 ], [ -0.309017, -0.5, 0.809017, 0.0, 0.5, -0.809017, -0.309017, 0.0, 0.809017, 0.309017, 0.5, 0.0, 0.0, 0.0, 0.0, 1.0 ], [ -0.5, -0.809017, -0.309017, 0.0, -0.809017, 0.309017, 0.5, 0.0, -0.309017, 0.5, -0.809017, 0.0, 0.0, 0.0, 0.0, 1.0 ], [ 0.309017, -0.5, 0.809017, 0.0, -0.5, -0.809017, -0.309017, 0.0, 0.809017, -0.309017, -0.5, 0.0, 0.0, 0.0, 0.0, 1.0 ], [ -0.809017, 0.309017, 0.5, 0.0, 0.309017, -0.5, 0.809017, 0.0, 0.5, 0.809017, 0.309017, 0.0, 0.0, 0.0, 0.0, 1.0 ], [ -0.5, -0.809017, 0.309017, 0.0, -0.809017, 0.309017, -0.5, 0.0, 0.309017, -0.5, -0.809017, 0.0, 0.0, 0.0, 0.0, 1.0 ], [ -0.309017, 0.5, 0.809017, 0.0, -0.5, -0.809017, 0.309017, 0.0, 0.809017, -0.309017, 0.5, 0.0, 0.0, 0.0, 0.0, 1.0 ], [ -0.809017, 0.309017, -0.5, 0.0, -0.309017, 0.5, 0.809017, 0.0, 0.5, 0.809017, -0.309017, 0.0, 0.0, 0.0, 0.0, 1.0 ], [ -0.809017, -0.309017, 0.5, 0.0, -0.309017, -0.5, -0.809017, 0.0, 0.5, -0.809017, 0.309017, 0.0, 0.0, 0.0, 0.0, 1.0 ], [ -0.5, 0.809017, -0.309017, 0.0, -0.809017, -0.309017, 0.5, 0.0, 0.309017, 0.5, 0.809017, 0.0, 0.0, 0.0, 0.0, 1.0 ], [ -0.309017, -0.5, -0.809017, 0.0, -0.5, 0.809017, -0.309017, 0.0, 0.809017, 0.309017, -0.5, 0.0, 0.0, 0.0, 0.0, 1.0 ], [ -1.0, 0.0, 0.0, 0.0, 0.0, 1.0, 0.0, 0.0, 0.0, 0.0, -1.0, 0.0, 0.0, 0.0, 0.0, 1.0 ], [ 0.0, 0.0, -1.0, 0.0, 1.0, 0.0, 0.0, 0.0, 0.0, -1.0, 0.0, 0.0, 0.0, 0.0, 0.0, 1.0 ], [ 0.0, -1.0, 0.0, 0.0, 0.0, 0.0, 1.0, 0.0, -1.0, 0.0, 0.0, 0.0, 0.0, 0.0, 0.0, 1.0 ], [ -0.809017, -0.309017, -0.5, 0.0, 0.309017, 0.5, -0.809017, 0.0, 0.5, -0.809017, -0.309017, 0.0, 0.0, 0.0, 0.0, 1.0 ], [ 0.5, -0.809017, -0.309017, 0.0, 0.809017, 0.309017, 0.5, 0.0, -0.309017, -0.5, 0.809017, 0.0, 0.0, 0.0, 0.0, 1.0 ], [ -0.309017, -0.5, 0.809017, 0.0, -0.5, 0.809017, 0.309017, 0.0, -0.809017, -0.309017, -0.5, 0.0, 0.0, 0.0, 0.0, 1.0 ], [ -0.5, -0.809017, -0.309017, 0.0, 0.809017, -0.309017, -0.5, 0.0, 0.309017, -0.5, 0.809017, 0.0, 0.0, 0.0, 0.0, 1.0 ], [ 0.309017, -0.5, 0.809017, 0.0, 0.5, 0.809017, 0.309017, 0.0, -0.809017, 0.309017, 0.5, 0.0, 0.0, 0.0, 0.0, 1.0 ], [ -0.809017, 0.309017, 0.5, 0.0, -0.309017, 0.5, -0.809017, 0.0, -0.5, -0.809017, -0.309017, 0.0, 0.0, 0.0, 0.0, 1.0 ], [ -0.5, -0.809017, 0.309017, 0.0, 0.809017, -0.309017, 0.5, 0.0, -0.309017, 0.5, 0.809017, 0.0, 0.0, 0.0, 0.0, 1.0 ], [ -0.309017, 0.5, 0.809017, 0.0, 0.5, 0.809017, -0.309017, 0.0, -0.809017, 0.309017, -0.5, 0.0, 0.0, 0.0, 0.0, 1.0 ], [ -0.809017, 0.309017, -0.5, 0.0, 0.309017, -0.5, -0.809017, 0.0, -0.5, -0.809017, 0.309017, 0.0, 0.0, 0.0, 0.0, 1.0 ], [ -0.809017, -0.309017, 0.5, 0.0, 0.309017, 0.5, 0.809017, 0.0, -0.5, 0.809017, -0.309017, 0.0, 0.0, 0.0, 0.0, 1.0 ], [ -0.5, 0.809017, -0.309017, 0.0, 0.809017, 0.309017, -0.5, 0.0, -0.309017, -0.5, -0.809017, 0.0, 0.0, 0.0, 0.0, 1.0 ], [ -0.309017, -0.5, -0.809017, 0.0, 0.5, -0.809017, 0.309017, 0.0, -0.809017, -0.309017, 0.5, 0.0, 0.0, 0.0, 0.0, 1.0 ] ],
  "lights" : {
    "ambientColor" : "#292929",
    "backgroundColor" : "#AFC8DC",
    "directionalLights" : [ {
      "direction" : {
        "x" : 1.0,
        "y" : -1.0,
        "z" : -1.0
      },
      "color" : "#EBEBE4"
    }, {
      "direction" : {
        "x" : -1.0,
        "y" : 0.0,
        "z" : 0.0
      },
      "color" : "#E4E4EB"
    }, {
      "direction" : {
        "x" : 0.0,
        "y" : 0.0,
        "z" : -1.0
      },
      "color" : "#1E1E1E"
    } ]
  },
  "camera" : {
    "stereo" : false,
    "width" : 77.5072,
    "perspective" : true,
    "viewDistance" : 172.23839,
    "nearClipDistance" : 0.4305957,
    "farClipDistance" : 344.4776,
    "lookAtPoint" : {
      "x" : 0.0,
      "y" : 0.0,
      "z" : 0.0
    },
    "fieldOfView" : 0.44262847,
    "lookDirection" : {
      "x" : 0.0,
      "y" : 0.0,
      "z" : -1.0
    },
    "upDirection" : {
      "x" : 0.0,
      "y" : 1.0,
      "z" : 0.0
    },
    "position" : {
      "x" : 0.0,
      "y" : 0.0,
      "z" : 172.23839
    }
  },
  "embedding" : [ 1.0, 0.0, 0.0, 0.0, 0.0, 1.0, 0.0, 0.0, 0.0, 0.0, 1.0, 0.0, 0.0, 0.0, 0.0, 1.0 ],
  "shapes" : [ {
    "id" : "54b08868-b93e-463d-b8d8-da27e832cfad",
    "vertices" : [ {
      "x" : 0.309017,
      "y" : -0.309017,
      "z" : -0.309017
    }, {
      "x" : 0.5,
      "y" : 0.0,
      "z" : -0.19098301
    }, {
      "x" : 0.5,
      "y" : 0.0,
      "z" : 0.19098301
    }, {
      "x" : 0.309017,
      "y" : -0.309017,
      "z" : 0.309017
    }, {
      "x" : 0.19098301,
      "y" : -0.5,
      "z" : 0.0
    }, {
      "x" : 0.0,
      "y" : 0.19098301,
      "z" : 0.5
    }, {
      "x" : 0.0,
      "y" : -0.19098301,
      "z" : 0.5
    }, {
      "x" : 0.309017,
      "y" : 0.309017,
      "z" : 0.309017
    }, {
      "x" : -0.309017,
      "y" : -0.309017,
      "z" : 0.309017
    }, {
      "x" : -0.309017,
      "y" : 0.309017,
      "z" : 0.309017
    }, {
      "x" : -0.5,
      "y" : 0.0,
      "z" : 0.19098301
    }, {
      "x" : 0.0,
      "y" : -0.19098301,
      "z" : -0.5
    }, {
      "x" : 0.0,
      "y" : 0.19098301,
      "z" : -0.5
    }, {
      "x" : 0.309017,
      "y" : 0.309017,
      "z" : -0.309017
    }, {
      "x" : -0.309017,
      "y" : -0.309017,
      "z" : -0.309017
    }, {
      "x" : -0.19098301,
      "y" : -0.5,
      "z" : 0.0
    }, {
      "x" : -0.5,
      "y" : 0.0,
      "z" : -0.19098301
    }, {
      "x" : 0.19098301,
      "y" : 0.5,
      "z" : 0.0
    }, {
      "x" : -0.309017,
      "y" : 0.309017,
      "z" : -0.309017
    }, {
      "x" : 0.0,
      "y" : 0.0,
      "z" : 0.0
    }, {
      "x" : -0.19098301,
      "y" : 0.5,
      "z" : 0.0
    } ],
    "faces" : [ {
      "vertices" : [ 12, 18, 20 ]
    }, {
      "vertices" : [ 12, 20, 17 ]
    }, {
      "vertices" : [ 12, 17, 13 ]
    }, {
      "vertices" : [ 3, 6, 8 ]
    }, {
      "vertices" : [ 3, 8, 15 ]
    }, {
      "vertices" : [ 3, 15, 4 ]
    }, {
      "vertices" : [ 0, 11, 12 ]
    }, {
      "vertices" : [ 0, 12, 13 ]
    }, {
      "vertices" : [ 0, 13, 1 ]
    }, {
      "vertices" : [ 5, 9, 10 ]
    }, {
      "vertices" : [ 5, 10, 8 ]
    }, {
      "vertices" : [ 5, 8, 6 ]
    }, {
      "vertices" : [ 2, 7, 5 ]
    }, {
      "vertices" : [ 2, 5, 6 ]
    }, {
      "vertices" : [ 2, 6, 3 ]
    }, {
      "vertices" : [ 11, 14, 16 ]
    }, {
      "vertices" : [ 11, 16, 18 ]
    }, {
      "vertices" : [ 11, 18, 12 ]
    }, {
      "vertices" : [ 1, 13, 17 ]
    }, {
      "vertices" : [ 1, 17, 7 ]
    }, {
      "vertices" : [ 1, 7, 2 ]
    }, {
      "vertices" : [ 9, 20, 18 ]
    }, {
      "vertices" : [ 9, 18, 16 ]
    }, {
      "vertices" : [ 9, 16, 10 ]
    }, {
      "vertices" : [ 0, 1, 2 ]
    }, {
      "vertices" : [ 0, 2, 3 ]
    }, {
      "vertices" : [ 0, 3, 4 ]
    }, {
      "vertices" : [ 5, 7, 17 ]
    }, {
      "vertices" : [ 5, 17, 20 ]
    }, {
      "vertices" : [ 5, 20, 9 ]
    }, {
      "vertices" : [ 0, 4, 15 ]
    }, {
      "vertices" : [ 0, 15, 14 ]
    }, {
      "vertices" : [ 0, 14, 11 ]
    }, {
      "vertices" : [ 8, 10, 16 ]
    }, {
      "vertices" : [ 8, 16, 14 ]
    }, {
      "vertices" : [ 8, 14, 15 ]
    } ]
  }, {
    "id" : "8422782b-0856-43fe-ad7e-214bb55db105",
    "vertices" : [ {
      "x" : 3.2357543,
      "y" : 6.33325,
      "z" : -5.103057
    }, {
      "x" : 2.8357542,
      "y" : 6.43325,
      "z" : -5.203057
    }, {
      "x" : 0.09885369,
      "y" : 0.40232816,
      "z" : -0.59688395
    }, {
      "x" : 0.49885368,
      "y" : 0.30232814,
      "z" : -0.49688396
    }, {
      "x" : 2.9690876,
      "y" : 6.1999164,
      "z" : -5.503057
    }, {
      "x" : 3.3690875,
      "y" : 6.0999165,
      "z" : -5.403057
    }, {
      "x" : 0.36552036,
      "y" : 0.53566146,
      "z" : -0.19688395
    }, {
      "x" : -0.034479637,
      "y" : 0.6356615,
      "z" : -0.29688394
    } ],
    "faces" : [ {
      "vertices" : [ 2, 3, 6 ]
    }, {
      "vertices" : [ 2, 6, 7 ]
    }, {
      "vertices" : [ 0, 5, 4 ]
    }, {
      "vertices" : [ 0, 4, 1 ]
    }, {
      "vertices" : [ 2, 4, 5 ]
    }, {
      "vertices" : [ 2, 5, 3 ]
    }, {
      "vertices" : [ 0, 6, 3 ]
    }, {
      "vertices" : [ 0, 3, 5 ]
    }, {
      "vertices" : [ 0, 1, 7 ]
    }, {
      "vertices" : [ 0, 7, 6 ]
    }, {
      "vertices" : [ 1, 4, 2 ]
    }, {
      "vertices" : [ 1, 2, 7 ]
    } ]
  }, {
    "id" : "4bce92e6-640b-4ea3-93f0-76da4976d2c0",
    "vertices" : [ {
      "x" : 3.1441414,
      "y" : -3.0857952,
      "z" : 18.776484
    }, {
      "x" : 3.2441413,
      "y" : -2.6857953,
      "z" : 18.876484
    }, {
      "x" : 0.32217556,
      "y" : 0.025467476,
      "z" : 0.61688167
    }, {
      "x" : 0.22217555,
      "y" : -0.37453252,
      "z" : 0.51688164
    }, {
      "x" : 3.5441413,
      "y" : -2.8191285,
      "z" : 18.64315
    }, {
      "x" : 3.4441414,
      "y" : -3.2191286,
      "z" : 18.54315
    }, {
      "x" : -0.07782444,
      "y" : -0.2411992,
      "z" : 0.750215
    }, {
      "x" : 0.022175554,
      "y" : 0.15880081,
      "z" : 0.850215
    } ],
    "faces" : [ {
      "vertices" : [ 2, 3, 6 ]
    }, {
      "vertices" : [ 2, 6, 7 ]
    }, {
      "vertices" : [ 0, 5, 4 ]
    }, {
      "vertices" : [ 0, 4, 1 ]
    }, {
      "vertices" : [ 2, 4, 5 ]
    }, {
      "vertices" : [ 2, 5, 3 ]
    }, {
      "vertices" : [ 0, 6, 3 ]
    }, {
      "vertices" : [ 0, 3, 5 ]
    }, {
      "vertices" : [ 0, 1, 7 ]
    }, {
      "vertices" : [ 0, 7, 6 ]
    }, {
      "vertices" : [ 1, 4, 2 ]
    }, {
      "vertices" : [ 1, 2, 7 ]
    } ]
  }, {
    "id" : "e7fbf9d9-a3b9-4d79-a757-a705d35a692a",
    "vertices" : [ {
      "x" : 0.6921205,
      "y" : 0.7041366,
      "z" : 4.6317945
    }, {
      "x" : 0.2921205,
      "y" : 0.80413663,
      "z" : 4.7317944
    }, {
      "x" : -0.04948053,
      "y" : 0.33567667,
      "z" : 0.6183862
    }, {
      "x" : 0.35051948,
      "y" : 0.23567668,
      "z" : 0.5183862
    }, {
      "x" : 0.4254538,
      "y" : 1.1041366,
      "z" : 4.498461
    }, {
      "x" : 0.8254538,
      "y" : 1.0041366,
      "z" : 4.398461
    }, {
      "x" : 0.21718614,
      "y" : -0.06432332,
      "z" : 0.75171953
    }, {
      "x" : -0.18281387,
      "y" : 0.035676684,
      "z" : 0.85171956
    } ],
    "faces" : [ {
      "vertices" : [ 2, 3, 6 ]
    }, {
      "vertices" : [ 2, 6, 7 ]
    }, {
      "vertices" : [ 0, 5, 4 ]
    }, {
      "vertices" : [ 0, 4, 1 ]
    }, {
      "vertices" : [ 2, 4, 5 ]
    }, {
      "vertices" : [ 2, 5, 3 ]
    }, {
      "vertices" : [ 0, 6, 3 ]
    }, {
      "vertices" : [ 0, 3, 5 ]
    }, {
      "vertices" : [ 0, 1, 7 ]
    }, {
      "vertices" : [ 0, 7, 6 ]
    }, {
      "vertices" : [ 1, 4, 2 ]
    }, {
      "vertices" : [ 1, 2, 7 ]
    } ]
  }, {
    "id" : "f096ca1f-bcd0-4e9e-ac4d-4f6368f19c1b",
    "vertices" : [ {
      "x" : -1.038766,
      "y" : -3.8007734,
      "z" : 2.6446323
    }, {
      "x" : -1.4387661,
      "y" : -3.7007735,
      "z" : 2.5446324
    }, {
      "x" : -0.44663143,
      "y" : -0.3343252,
      "z" : 0.4783704
    }, {
      "x" : -0.046631426,
      "y" : -0.4343252,
      "z" : 0.5783704
    }, {
      "x" : -1.5720994,
      "y" : -3.4674401,
      "z" : 2.8446324
    }, {
      "x" : -1.1720994,
      "y" : -3.56744,
      "z" : 2.9446325
    }, {
      "x" : 0.08670191,
      "y" : -0.6676585,
      "z" : 0.2783704
    }, {
      "x" : -0.3132981,
      "y" : -0.56765854,
      "z" : 0.17837042
    } ],
    "faces" : [ {
      "vertices" : [ 2, 3, 6 ]
    }, {
      "vertices" : [ 2, 6, 7 ]
    }, {
      "vertices" : [ 0, 5, 4 ]
    }, {
      "vertices" : [ 0, 4, 1 ]
    }, {
      "vertices" : [ 2, 4, 5 ]
    }, {
      "vertices" : [ 2, 5, 3 ]
    }, {
      "vertices" : [ 0, 6, 3 ]
    }, {
      "vertices" : [ 0, 3, 5 ]
    }, {
      "vertices" : [ 0, 1, 7 ]
    }, {
      "vertices" : [ 0, 7, 6 ]
    }, {
      "vertices" : [ 1, 4, 2 ]
    }, {
      "vertices" : [ 1, 2, 7 ]
    } ]
  }, {
    "id" : "a8697002-e089-4288-80c1-e1f8544fc982",
    "vertices" : [ {
      "x" : -16.148575,
      "y" : 3.466317,
      "z" : -10.515485
    }, {
      "x" : -18.290876,
      "y" : 0.0,
      "z" : -6.986493
    }, {
      "x" : -17.251062,
      "y" : -5.2501807,
      "z" : -7.629133
    }, {
      "x" : -14.12806,
      "y" : -6.735578,
      "z" : -11.764232
    }, {
      "x" : -10.793452,
      "y" : 0.0,
      "z" : -17.464172
    } ],
    "faces" : [ {
      "vertices" : [ 0, 1, 2 ]
    }, {
      "vertices" : [ 0, 2, 3 ]
    }, {
      "vertices" : [ 0, 3, 4 ]
    }, {
      "vertices" : [ 0, 4, 3 ]
    }, {
      "vertices" : [ 0, 3, 2 ]
    }, {
      "vertices" : [ 0, 2, 1 ]
    } ]
  }, {
    "id" : "76a6c4ca-640c-4c62-8774-8b2e6c1ff691",
    "vertices" : [ {
      "x" : -0.06488702,
      "y" : -5.7761927,
      "z" : -6.374413
    }, {
      "x" : -0.46488702,
      "y" : -5.6761928,
      "z" : -6.274413
    }, {
      "x" : -0.293551,
      "y" : -0.5764762,
      "z" : -0.33669388
    }, {
      "x" : 0.106449015,
      "y" : -0.67647624,
      "z" : -0.43669388
    }, {
      "x" : -0.59822035,
      "y" : -5.9761925,
      "z" : -6.0410795
    }, {
      "x" : -0.19822036,
      "y" : -6.076193,
      "z" : -6.14108
    }, {
      "x" : 0.23978235,
      "y" : -0.37647623,
      "z" : -0.6700272
    }, {
      "x" : -0.16021766,
      "y" : -0.27647623,
      "z" : -0.57002723
    } ],
    "faces" : [ {
      "vertices" : [ 2, 3, 6 ]
    }, {
      "vertices" : [ 2, 6, 7 ]
    }, {
      "vertices" : [ 0, 5, 4 ]
    }, {
      "vertices" : [ 0, 4, 1 ]
    }, {
      "vertices" : [ 2, 4, 5 ]
    }, {
      "vertices" : [ 2, 5, 3 ]
    }, {
      "vertices" : [ 0, 6, 3 ]
    }, {
      "vertices" : [ 0, 3, 5 ]
    }, {
      "vertices" : [ 0, 1, 7 ]
    }, {
      "vertices" : [ 0, 7, 6 ]
    }, {
      "vertices" : [ 1, 4, 2 ]
    }, {
      "vertices" : [ 1, 2, 7 ]
    } ]
  }, {
    "id" : "a296c763-ac87-4649-9231-5ed77d5ccacf",
    "vertices" : [ {
      "x" : 1.1519688,
      "y" : 1.448187,
      "z" : 8.388621
    }, {
      "x" : 0.7519689,
      "y" : 1.548187,
      "z" : 8.488622
    }, {
      "x" : -0.04948053,
      "y" : 0.33567667,
      "z" : 0.6183862
    }, {
      "x" : 0.35051948,
      "y" : 0.23567668,
      "z" : 0.5183862
    }, {
      "x" : 0.88530225,
      "y" : 1.848187,
      "z" : 8.255288
    }, {
      "x" : 1.2853023,
      "y" : 1.748187,
      "z" : 8.155288
    }, {
      "x" : 0.21718614,
      "y" : -0.06432332,
      "z" : 0.75171953
    }, {
      "x" : -0.18281387,
      "y" : 0.035676684,
      "z" : 0.85171956
    } ],
    "faces" : [ {
      "vertices" : [ 2, 3, 6 ]
    }, {
      "vertices" : [ 2, 6, 7 ]
    }, {
      "vertices" : [ 0, 5, 4 ]
    }, {
      "vertices" : [ 0, 4, 1 ]
    }, {
      "vertices" : [ 2, 4, 5 ]
    }, {
      "vertices" : [ 2, 5, 3 ]
    }, {
      "vertices" : [ 0, 6, 3 ]
    }, {
      "vertices" : [ 0, 3, 5 ]
    }, {
      "vertices" : [ 0, 1, 7 ]
    }, {
      "vertices" : [ 0, 7, 6 ]
    }, {
      "vertices" : [ 1, 4, 2 ]
    }, {
      "vertices" : [ 1, 2, 7 ]
    } ]
  }, {
    "id" : "a0db0660-be77-49f3-9b39-9af3a8c64ea2",
    "vertices" : [ {
      "x" : 8.87788,
      "y" : 15.230549,
      "z" : 8.519442
    }, {
      "x" : 11.304383,
      "y" : 11.304383,
      "z" : 11.304383
    }, {
      "x" : 8.519442,
      "y" : 8.87788,
      "z" : 15.230549
    }, {
      "x" : 3.466317,
      "y" : 10.515485,
      "z" : 16.148575
    }, {
      "x" : 0.0,
      "y" : 17.464172,
      "z" : 10.793452
    } ],
    "faces" : [ {
      "vertices" : [ 0, 1, 2 ]
    }, {
      "vertices" : [ 0, 2, 3 ]
    }, {
      "vertices" : [ 0, 3, 4 ]
    }, {
      "vertices" : [ 0, 4, 3 ]
    }, {
      "vertices" : [ 0, 3, 2 ]
    }, {
      "vertices" : [ 0, 2, 1 ]
    } ]
  }, {
    "id" : "f88668d5-aa13-4f80-970f-d564b44b2191",
    "vertices" : [ {
      "x" : 2.0205145,
      "y" : 19.393364,
      "z" : 1.7838637
    }, {
      "x" : 6.986493,
      "y" : 18.290876,
      "z" : 0.0
    }, {
      "x" : 10.515485,
      "y" : 16.148575,
      "z" : 3.466317
    }, {
      "x" : 8.87788,
      "y" : 15.230549,
      "z" : 8.519442
    }, {
      "x" : 0.0,
      "y" : 17.464172,
      "z" : 10.793452
    } ],
    "faces" : [ {
      "vertices" : [ 0, 1, 2 ]
    }, {
      "vertices" : [ 0, 2, 3 ]
    }, {
      "vertices" : [ 0, 3, 4 ]
    }, {
      "vertices" : [ 0, 4, 3 ]
    }, {
      "vertices" : [ 0, 3, 2 ]
    }, {
      "vertices" : [ 0, 2, 1 ]
    } ]
  }, {
    "id" : "d5086113-530c-44ce-b4f5-608cdc83dc07",
    "vertices" : [ {
      "x" : 6.4763308,
      "y" : -5.458938,
      "z" : 0.13333334
    }, {
      "x" : 6.5763307,
      "y" : -5.5589385,
      "z" : -0.26666668
    }, {
      "x" : 0.45630294,
      "y" : -0.6617173,
      "z" : -0.13333334
    }, {
      "x" : 0.35630295,
      "y" : -0.5617173,
      "z" : 0.26666668
    }, {
      "x" : 6.3429976,
      "y" : -5.858938,
      "z" : -0.13333334
    }, {
      "x" : 6.2429976,
      "y" : -5.7589383,
      "z" : 0.26666668
    }, {
      "x" : 0.58963627,
      "y" : -0.2617173,
      "z" : 0.13333334
    }, {
      "x" : 0.6896363,
      "y" : -0.36171728,
      "z" : -0.26666668
    } ],
    "faces" : [ {
      "vertices" : [ 2, 3, 6 ]
    }, {
      "vertices" : [ 2, 6, 7 ]
    }, {
      "vertices" : [ 0, 5, 4 ]
    }, {
      "vertices" : [ 0, 4, 1 ]
    }, {
      "vertices" : [ 2, 4, 5 ]
    }, {
      "vertices" : [ 2, 5, 3 ]
    }, {
      "vertices" : [ 0, 6, 3 ]
    }, {
      "vertices" : [ 0, 3, 5 ]
    }, {
      "vertices" : [ 0, 1, 7 ]
    }, {
      "vertices" : [ 0, 7, 6 ]
    }, {
      "vertices" : [ 1, 4, 2 ]
    }, {
      "vertices" : [ 1, 2, 7 ]
    } ]
  }, {
    "id" : "812894e3-530c-4820-bcae-f0d3f01cf6f2",
    "vertices" : [ {
      "x" : 8.519442,
      "y" : 8.87788,
      "z" : 15.230549
    }, {
      "x" : 11.304383,
      "y" : 11.304383,
      "z" : 11.304383
    }, {
      "x" : 15.230549,
      "y" : 8.519442,
      "z" : 8.87788
    }, {
      "x" : 16.148575,
      "y" : 3.466317,
      "z" : 10.515485
    }, {
      "x" : 10.793452,
      "y" : 0.0,
      "z" : 17.464172
    } ],
    "faces" : [ {
      "vertices" : [ 0, 1, 2 ]
    }, {
      "vertices" : [ 0, 2, 3 ]
    }, {
      "vertices" : [ 0, 3, 4 ]
    }, {
      "vertices" : [ 0, 4, 3 ]
    }, {
      "vertices" : [ 0, 3, 2 ]
    }, {
      "vertices" : [ 0, 2, 1 ]
    } ]
  }, {
    "id" : "d8582834-b7a1-48d6-82ae-dafc56f9521e",
    "vertices" : [ {
      "x" : -8.87788,
      "y" : 15.230549,
      "z" : -8.519442
    }, {
      "x" : -11.304383,
      "y" : 11.304383,
      "z" : -11.304383
    }, {
      "x" : -8.519442,
      "y" : 8.87788,
      "z" : -15.230549
    }, {
      "x" : -3.466317,
      "y" : 10.515485,
      "z" : -16.148575
    }, {
      "x" : 0.0,
      "y" : 17.464172,
      "z" : -10.793452
    } ],
    "faces" : [ {
      "vertices" : [ 0, 1, 2 ]
    }, {
      "vertices" : [ 0, 2, 3 ]
    }, {
      "vertices" : [ 0, 3, 4 ]
    }, {
      "vertices" : [ 0, 4, 3 ]
    }, {
      "vertices" : [ 0, 3, 2 ]
    }, {
      "vertices" : [ 0, 2, 1 ]
    } ]
  }, {
    "id" : "b9e0423c-44a9-4786-885d-cb2c048ea44e",
    "vertices" : [ {
      "x" : -16.148575,
      "y" : -3.466317,
      "z" : 10.515485
    }, {
      "x" : -18.290876,
      "y" : 0.0,
      "z" : 6.986493
    }, {
      "x" : -17.251062,
      "y" : 5.2501807,
      "z" : 7.629133
    }, {
      "x" : -14.12806,
      "y" : 6.735578,
      "z" : 11.764232
    }, {
      "x" : -10.793452,
      "y" : 0.0,
      "z" : 17.464172
    } ],
    "faces" : [ {
      "vertices" : [ 0, 1, 2 ]
    }, {
      "vertices" : [ 0, 2, 3 ]
    }, {
      "vertices" : [ 0, 3, 4 ]
    }, {
      "vertices" : [ 0, 4, 3 ]
    }, {
      "vertices" : [ 0, 3, 2 ]
    }, {
      "vertices" : [ 0, 2, 1 ]
    } ]
  }, {
    "id" : "6faf9705-94fb-4e48-a68f-55e2dc4ec6e6",
    "vertices" : [ {
      "x" : -1.7838637,
      "y" : 2.0205145,
      "z" : -19.393364
    }, {
      "x" : 0.0,
      "y" : 6.986493,
      "z" : -18.290876
    }, {
      "x" : -3.466317,
      "y" : 10.515485,
      "z" : -16.148575
    }, {
      "x" : -8.519442,
      "y" : 8.87788,
      "z" : -15.230549
    }, {
      "x" : -10.793452,
      "y" : 0.0,
      "z" : -17.464172
    } ],
    "faces" : [ {
      "vertices" : [ 0, 1, 2 ]
    }, {
      "vertices" : [ 0, 2, 3 ]
    }, {
      "vertices" : [ 0, 3, 4 ]
    }, {
      "vertices" : [ 0, 4, 3 ]
    }, {
      "vertices" : [ 0, 3, 2 ]
    }, {
      "vertices" : [ 0, 2, 1 ]
    } ]
  }, {
    "id" : "31f61677-d31f-4580-b649-88373f2f51cb",
    "vertices" : [ {
      "x" : -8.519442,
      "y" : -8.87788,
      "z" : 15.230549
    }, {
      "x" : -11.304383,
      "y" : -11.304383,
      "z" : 11.304383
    }, {
      "x" : -15.230549,
      "y" : -8.519442,
      "z" : 8.87788
    }, {
      "x" : -16.148575,
      "y" : -3.466317,
      "z" : 10.515485
    }, {
      "x" : -10.793452,
      "y" : 0.0,
      "z" : 17.464172
    } ],
    "faces" : [ {
      "vertices" : [ 0, 1, 2 ]
    }, {
      "vertices" : [ 0, 2, 3 ]
    }, {
      "vertices" : [ 0, 3, 4 ]
    }, {
      "vertices" : [ 0, 4, 3 ]
    }, {
      "vertices" : [ 0, 3, 2 ]
    }, {
      "vertices" : [ 0, 2, 1 ]
    } ]
  }, {
    "id" : "d00b8cdc-1b50-46e1-a960-39ea95ccdd75",
    "vertices" : [ {
      "x" : -2.0205145,
      "y" : 19.393364,
      "z" : -1.7838637
    }, {
      "x" : -6.986493,
      "y" : 18.290876,
      "z" : 0.0
    }, {
      "x" : -10.515485,
      "y" : 16.148575,
      "z" : -3.466317
    }, {
      "x" : -8.87788,
      "y" : 15.230549,
      "z" : -8.519442
    }, {
      "x" : 0.0,
      "y" : 17.464172,
      "z" : -10.793452
    } ],
    "faces" : [ {
      "vertices" : [ 0, 1, 2 ]
    }, {
      "vertices" : [ 0, 2, 3 ]
    }, {
      "vertices" : [ 0, 3, 4 ]
    }, {
      "vertices" : [ 0, 4, 3 ]
    }, {
      "vertices" : [ 0, 3, 2 ]
    }, {
      "vertices" : [ 0, 2, 1 ]
    } ]
  }, {
    "id" : "3e436538-529a-4819-abf5-61a053074adc",
    "vertices" : [ {
      "x" : 11.764232,
      "y" : -14.12806,
      "z" : 6.735578
    }, {
      "x" : 11.304383,
      "y" : -11.304383,
      "z" : 11.304383
    }, {
      "x" : 14.12806,
      "y" : -6.735578,
      "z" : 11.764232
    }, {
      "x" : 17.251062,
      "y" : -5.2501807,
      "z" : 7.629133
    }, {
      "x" : 17.464172,
      "y" : -10.793452,
      "z" : 0.0
    } ],
    "faces" : [ {
      "vertices" : [ 0, 1, 2 ]
    }, {
      "vertices" : [ 0, 2, 3 ]
    }, {
      "vertices" : [ 0, 3, 4 ]
    }, {
      "vertices" : [ 0, 4, 3 ]
    }, {
      "vertices" : [ 0, 3, 2 ]
    }, {
      "vertices" : [ 0, 2, 1 ]
    } ]
  }, {
    "id" : "9f67b95c-be8c-4fc4-9b48-f9fe2233655d",
    "vertices" : [ {
      "x" : 14.12806,
      "y" : 6.735578,
      "z" : -11.764232
    }, {
      "x" : 11.304383,
      "y" : 11.304383,
      "z" : -11.304383
    }, {
      "x" : 6.735578,
      "y" : 11.764232,
      "z" : -14.12806
    }, {
      "x" : 5.2501807,
      "y" : 7.629133,
      "z" : -17.251062
    }, {
      "x" : 10.793452,
      "y" : 0.0,
      "z" : -17.464172
    } ],
    "faces" : [ {
      "vertices" : [ 0, 1, 2 ]
    }, {
      "vertices" : [ 0, 2, 3 ]
    }, {
      "vertices" : [ 0, 3, 4 ]
    }, {
      "vertices" : [ 0, 4, 3 ]
    }, {
      "vertices" : [ 0, 3, 2 ]
    }, {
      "vertices" : [ 0, 2, 1 ]
    } ]
  }, {
    "id" : "daa55083-c6cb-43d2-a26e-9b6e2cef8a70",
    "vertices" : [ {
      "x" : 11.764232,
      "y" : 14.12806,
      "z" : -6.735578
    }, {
      "x" : 11.304383,
      "y" : 11.304383,
      "z" : -11.304383
    }, {
      "x" : 14.12806,
      "y" : 6.735578,
      "z" : -11.764232
    }, {
      "x" : 17.251062,
      "y" : 5.2501807,
      "z" : -7.629133
    }, {
      "x" : 17.464172,
      "y" : 10.793452,
      "z" : 0.0
    } ],
    "faces" : [ {
      "vertices" : [ 0, 1, 2 ]
    }, {
      "vertices" : [ 0, 2, 3 ]
    }, {
      "vertices" : [ 0, 3, 4 ]
    }, {
      "vertices" : [ 0, 4, 3 ]
    }, {
      "vertices" : [ 0, 3, 2 ]
    }, {
      "vertices" : [ 0, 2, 1 ]
    } ]
  }, {
    "id" : "3cb33f29-565a-41cb-ad1b-bc742723ac4c",
    "vertices" : [ {
      "x" : -7.629133,
      "y" : -17.251062,
      "z" : -5.2501807
    }, {
      "x" : -6.986493,
      "y" : -18.290876,
      "z" : 0.0
    }, {
      "x" : -2.0205145,
      "y" : -19.393364,
      "z" : 1.7838637
    }, {
      "x" : 2.0205145,
      "y" : -19.393364,
      "z" : -1.7838637
    }, {
      "x" : 0.0,
      "y" : -17.464172,
      "z" : -10.793452
    } ],
    "faces" : [ {
      "vertices" : [ 0, 1, 2 ]
    }, {
      "vertices" : [ 0, 2, 3 ]
    }, {
      "vertices" : [ 0, 3, 4 ]
    }, {
      "vertices" : [ 0, 4, 3 ]
    }, {
      "vertices" : [ 0, 3, 2 ]
    }, {
      "vertices" : [ 0, 2, 1 ]
    } ]
  }, {
    "id" : "45c8000e-9f84-4782-8735-8bbdb35431a7",
    "vertices" : [ {
      "x" : -15.230549,
      "y" : -8.519442,
      "z" : 8.87788
    }, {
      "x" : -11.304383,
      "y" : -11.304383,
      "z" : 11.304383
    }, {
      "x" : -8.87788,
      "y" : -15.230549,
      "z" : 8.519442
    }, {
      "x" : -10.515485,
      "y" : -16.148575,
      "z" : 3.466317
    }, {
      "x" : -17.464172,
      "y" : -10.793452,
      "z" : 0.0
    } ],
    "faces" : [ {
      "vertices" : [ 0, 1, 2 ]
    }, {
      "vertices" : [ 0, 2, 3 ]
    }, {
      "vertices" : [ 0, 3, 4 ]
    }, {
      "vertices" : [ 0, 4, 3 ]
    }, {
      "vertices" : [ 0, 3, 2 ]
    }, {
      "vertices" : [ 0, 2, 1 ]
    } ]
  }, {
    "id" : "8030c0ce-76d2-4eb4-8070-1130236d01d1",
    "vertices" : [ {
      "x" : 6.735578,
      "y" : -11.764232,
      "z" : 14.12806
    }, {
      "x" : 11.304383,
      "y" : -11.304383,
      "z" : 11.304383
    }, {
      "x" : 11.764232,
      "y" : -14.12806,
      "z" : 6.735578
    }, {
      "x" : 7.629133,
      "y" : -17.251062,
      "z" : 5.2501807
    }, {
      "x" : 0.0,
      "y" : -17.464172,
      "z" : 10.793452
    } ],
    "faces" : [ {
      "vertices" : [ 0, 1, 2 ]
    }, {
      "vertices" : [ 0, 2, 3 ]
    }, {
      "vertices" : [ 0, 3, 4 ]
    }, {
      "vertices" : [ 0, 4, 3 ]
    }, {
      "vertices" : [ 0, 3, 2 ]
    }, {
      "vertices" : [ 0, 2, 1 ]
    } ]
  }, {
    "id" : "93f13962-7392-48e8-bc0e-b56c5163cf03",
    "vertices" : [ {
      "x" : -8.87788,
      "y" : -15.230549,
      "z" : 8.519442
    }, {
      "x" : -11.304383,
      "y" : -11.304383,
      "z" : 11.304383
    }, {
      "x" : -8.519442,
      "y" : -8.87788,
      "z" : 15.230549
    }, {
      "x" : -3.466317,
      "y" : -10.515485,
      "z" : 16.148575
    }, {
      "x" : 0.0,
      "y" : -17.464172,
      "z" : 10.793452
    } ],
    "faces" : [ {
      "vertices" : [ 0, 1, 2 ]
    }, {
      "vertices" : [ 0, 2, 3 ]
    }, {
      "vertices" : [ 0, 3, 4 ]
    }, {
      "vertices" : [ 0, 4, 3 ]
    }, {
      "vertices" : [ 0, 3, 2 ]
    }, {
      "vertices" : [ 0, 2, 1 ]
    } ]
  }, {
    "id" : "6722edef-93fb-47f2-a2b3-24a206520880",
    "vertices" : [ {
      "x" : 15.230549,
      "y" : -8.519442,
      "z" : -8.87788
    }, {
      "x" : 11.304383,
      "y" : -11.304383,
      "z" : -11.304383
    }, {
      "x" : 8.87788,
      "y" : -15.230549,
      "z" : -8.519442
    }, {
      "x" : 10.515485,
      "y" : -16.148575,
      "z" : -3.466317
    }, {
      "x" : 17.464172,
      "y" : -10.793452,
      "z" : 0.0
    } ],
    "faces" : [ {
      "vertices" : [ 0, 1, 2 ]
    }, {
      "vertices" : [ 0, 2, 3 ]
    }, {
      "vertices" : [ 0, 3, 4 ]
    }, {
      "vertices" : [ 0, 4, 3 ]
    }, {
      "vertices" : [ 0, 3, 2 ]
    }, {
      "vertices" : [ 0, 2, 1 ]
    } ]
  }, {
    "id" : "d02e6233-f764-41de-96ac-4461a881d273",
    "vertices" : [ {
      "x" : -3.466317,
      "y" : -10.515485,
      "z" : 16.148575
    }, {
      "x" : 0.0,
      "y" : -6.986493,
      "z" : 18.290876
    }, {
      "x" : 5.2501807,
      "y" : -7.629133,
      "z" : 17.251062
    }, {
      "x" : 6.735578,
      "y" : -11.764232,
      "z" : 14.12806
    }, {
      "x" : 0.0,
      "y" : -17.464172,
      "z" : 10.793452
    } ],
    "faces" : [ {
      "vertices" : [ 0, 1, 2 ]
    }, {
      "vertices" : [ 0, 2, 3 ]
    }, {
      "vertices" : [ 0, 3, 4 ]
    }, {
      "vertices" : [ 0, 4, 3 ]
    }, {
      "vertices" : [ 0, 3, 2 ]
    }, {
      "vertices" : [ 0, 2, 1 ]
    } ]
  }, {
    "id" : "c8dbf1e5-1bb0-45ca-b415-a76ae90fb425",
    "vertices" : [ {
      "x" : 1.7838637,
      "y" : -2.0205145,
      "z" : -19.393364
    }, {
      "x" : 0.0,
      "y" : -6.986493,
      "z" : -18.290876
    }, {
      "x" : 3.466317,
      "y" : -10.515485,
      "z" : -16.148575
    }, {
      "x" : 8.519442,
      "y" : -8.87788,
      "z" : -15.230549
    }, {
      "x" : 10.793452,
      "y" : 0.0,
      "z" : -17.464172
    } ],
    "faces" : [ {
      "vertices" : [ 0, 1, 2 ]
    }, {
      "vertices" : [ 0, 2, 3 ]
    }, {
      "vertices" : [ 0, 3, 4 ]
    }, {
      "vertices" : [ 0, 4, 3 ]
    }, {
      "vertices" : [ 0, 3, 2 ]
    }, {
      "vertices" : [ 0, 2, 1 ]
    } ]
  }, {
    "id" : "a1f7a4e6-ea2f-43ba-af33-8d1f25358593",
    "vertices" : [ {
      "x" : -3.466317,
      "y" : 10.515485,
      "z" : -16.148575
    }, {
      "x" : 0.0,
      "y" : 6.986493,
      "z" : -18.290876
    }, {
      "x" : 5.2501807,
      "y" : 7.629133,
      "z" : -17.251062
    }, {
      "x" : 6.735578,
      "y" : 11.764232,
      "z" : -14.12806
    }, {
      "x" : 0.0,
      "y" : 17.464172,
      "z" : -10.793452
    } ],
    "faces" : [ {
      "vertices" : [ 0, 1, 2 ]
    }, {
      "vertices" : [ 0, 2, 3 ]
    }, {
      "vertices" : [ 0, 3, 4 ]
    }, {
      "vertices" : [ 0, 4, 3 ]
    }, {
      "vertices" : [ 0, 3, 2 ]
    }, {
      "vertices" : [ 0, 2, 1 ]
    } ]
  }, {
    "id" : "c374f1cf-5b27-42a6-b36c-9318b209f9e7",
    "vertices" : [ {
      "x" : 7.629133,
      "y" : -17.251062,
      "z" : 5.2501807
    }, {
      "x" : 6.986493,
      "y" : -18.290876,
      "z" : 0.0
    }, {
      "x" : 2.0205145,
      "y" : -19.393364,
      "z" : -1.7838637
    }, {
      "x" : -2.0205145,
      "y" : -19.393364,
      "z" : 1.7838637
    }, {
      "x" : 0.0,
      "y" : -17.464172,
      "z" : 10.793452
    } ],
    "faces" : [ {
      "vertices" : [ 0, 1, 2 ]
    }, {
      "vertices" : [ 0, 2, 3 ]
    }, {
      "vertices" : [ 0, 3, 4 ]
    }, {
      "vertices" : [ 0, 4, 3 ]
    }, {
      "vertices" : [ 0, 3, 2 ]
    }, {
      "vertices" : [ 0, 2, 1 ]
    } ]
  }, {
    "id" : "eda187bf-73e4-423e-b6e4-9008aab6df80",
    "vertices" : [ {
      "x" : -5.2501807,
      "y" : 7.629133,
      "z" : 17.251062
    }, {
      "x" : 0.0,
      "y" : 6.986493,
      "z" : 18.290876
    }, {
      "x" : 1.7838637,
      "y" : 2.0205145,
      "z" : 19.393364
    }, {
      "x" : -1.7838637,
      "y" : -2.0205145,
      "z" : 19.393364
    }, {
      "x" : -10.793452,
      "y" : 0.0,
      "z" : 17.464172
    } ],
    "faces" : [ {
      "vertices" : [ 0, 1, 2 ]
    }, {
      "vertices" : [ 0, 2, 3 ]
    }, {
      "vertices" : [ 0, 3, 4 ]
    }, {
      "vertices" : [ 0, 4, 3 ]
    }, {
      "vertices" : [ 0, 3, 2 ]
    }, {
      "vertices" : [ 0, 2, 1 ]
    } ]
  }, {
    "id" : "9349d09f-9051-4c69-887e-0545e275f199",
    "vertices" : [ {
      "x" : 17.251062,
      "y" : 5.2501807,
      "z" : -7.629133
    }, {
      "x" : 18.290876,
      "y" : 0.0,
      "z" : -6.986493
    }, {
      "x" : 19.393364,
      "y" : -1.7838637,
      "z" : -2.0205145
    }, {
      "x" : 19.393364,
      "y" : 1.7838637,
      "z" : 2.0205145
    }, {
      "x" : 17.464172,
      "y" : 10.793452,
      "z" : 0.0
    } ],
    "faces" : [ {
      "vertices" : [ 0, 1, 2 ]
    }, {
      "vertices" : [ 0, 2, 3 ]
    }, {
      "vertices" : [ 0, 3, 4 ]
    }, {
      "vertices" : [ 0, 4, 3 ]
    }, {
      "vertices" : [ 0, 3, 2 ]
    }, {
      "vertices" : [ 0, 2, 1 ]
    } ]
  }, {
    "id" : "f8ee6a47-1012-4171-9cc2-4fd179a52597",
    "vertices" : [ {
      "x" : 10.515485,
      "y" : -16.148575,
      "z" : -3.466317
    }, {
      "x" : 6.986493,
      "y" : -18.290876,
      "z" : 0.0
    }, {
      "x" : 7.629133,
      "y" : -17.251062,
      "z" : 5.2501807
    }, {
      "x" : 11.764232,
      "y" : -14.12806,
      "z" : 6.735578
    }, {
      "x" : 17.464172,
      "y" : -10.793452,
      "z" : 0.0
    } ],
    "faces" : [ {
      "vertices" : [ 0, 1, 2 ]
    }, {
      "vertices" : [ 0, 2, 3 ]
    }, {
      "vertices" : [ 0, 3, 4 ]
    }, {
      "vertices" : [ 0, 4, 3 ]
    }, {
      "vertices" : [ 0, 3, 2 ]
    }, {
      "vertices" : [ 0, 2, 1 ]
    } ]
  }, {
    "id" : "0aebfcf7-392d-4866-873f-786671708dc3",
    "vertices" : [ {
      "x" : 7.629133,
      "y" : 17.251062,
      "z" : -5.2501807
    }, {
      "x" : 6.986493,
      "y" : 18.290876,
      "z" : 0.0
    }, {
      "x" : 2.0205145,
      "y" : 19.393364,
      "z" : 1.7838637
    }, {
      "x" : -2.0205145,
      "y" : 19.393364,
      "z" : -1.7838637
    }, {
      "x" : 0.0,
      "y" : 17.464172,
      "z" : -10.793452
    } ],
    "faces" : [ {
      "vertices" : [ 0, 1, 2 ]
    }, {
      "vertices" : [ 0, 2, 3 ]
    }, {
      "vertices" : [ 0, 3, 4 ]
    }, {
      "vertices" : [ 0, 4, 3 ]
    }, {
      "vertices" : [ 0, 3, 2 ]
    }, {
      "vertices" : [ 0, 2, 1 ]
    } ]
  }, {
    "id" : "005abc3e-bd4a-4cc0-a808-1e43b5502eed",
    "vertices" : [ {
      "x" : -10.515485,
      "y" : 16.148575,
      "z" : -3.466317
    }, {
      "x" : -6.986493,
      "y" : 18.290876,
      "z" : 0.0
    }, {
      "x" : -7.629133,
      "y" : 17.251062,
      "z" : 5.2501807
    }, {
      "x" : -11.764232,
      "y" : 14.12806,
      "z" : 6.735578
    }, {
      "x" : -17.464172,
      "y" : 10.793452,
      "z" : 0.0
    } ],
    "faces" : [ {
      "vertices" : [ 0, 1, 2 ]
    }, {
      "vertices" : [ 0, 2, 3 ]
    }, {
      "vertices" : [ 0, 3, 4 ]
    }, {
      "vertices" : [ 0, 4, 3 ]
    }, {
      "vertices" : [ 0, 3, 2 ]
    }, {
      "vertices" : [ 0, 2, 1 ]
    } ]
  }, {
    "id" : "edb4df72-ae2b-4a26-98d5-176db3e6c3ce",
    "vertices" : [ {
      "x" : -8.44288,
      "y" : -11.037339,
      "z" : -12.445243
    }, {
      "x" : -8.842879,
      "y" : -10.937339,
      "z" : -12.345243
    }, {
      "x" : -0.57710105,
      "y" : -0.4969682,
      "z" : -0.27097866
    }, {
      "x" : -0.17710105,
      "y" : -0.59696823,
      "z" : -0.37097865
    }, {
      "x" : -8.9762125,
      "y" : -11.237339,
      "z" : -12.11191
    }, {
      "x" : -8.576213,
      "y" : -11.337339,
      "z" : -12.211909
    }, {
      "x" : -0.04376771,
      "y" : -0.29696822,
      "z" : -0.604312
    }, {
      "x" : -0.4437677,
      "y" : -0.19696821,
      "z" : -0.504312
    } ],
    "faces" : [ {
      "vertices" : [ 2, 3, 6 ]
    }, {
      "vertices" : [ 2, 6, 7 ]
    }, {
      "vertices" : [ 0, 5, 4 ]
    }, {
      "vertices" : [ 0, 4, 1 ]
    }, {
      "vertices" : [ 2, 4, 5 ]
    }, {
      "vertices" : [ 2, 5, 3 ]
    }, {
      "vertices" : [ 0, 6, 3 ]
    }, {
      "vertices" : [ 0, 3, 5 ]
    }, {
      "vertices" : [ 0, 1, 7 ]
    }, {
      "vertices" : [ 0, 7, 6 ]
    }, {
      "vertices" : [ 1, 4, 2 ]
    }, {
      "vertices" : [ 1, 2, 7 ]
    } ]
  }, {
    "id" : "56da659e-756e-4f11-bf2f-041e0e492365",
    "vertices" : [ {
      "x" : -19.393364,
      "y" : 1.7838637,
      "z" : -2.0205145
    }, {
      "x" : -18.290876,
      "y" : 0.0,
      "z" : -6.986493
    }, {
      "x" : -16.148575,
      "y" : 3.466317,
      "z" : -10.515485
    }, {
      "x" : -15.230549,
      "y" : 8.519442,
      "z" : -8.87788
    }, {
      "x" : -17.464172,
      "y" : 10.793452,
      "z" : 0.0
    } ],
    "faces" : [ {
      "vertices" : [ 0, 1, 2 ]
    }, {
      "vertices" : [ 0, 2, 3 ]
    }, {
      "vertices" : [ 0, 3, 4 ]
    }, {
      "vertices" : [ 0, 4, 3 ]
    }, {
      "vertices" : [ 0, 3, 2 ]
    }, {
      "vertices" : [ 0, 2, 1 ]
    } ]
  }, {
    "id" : "82711a8d-5de7-4a80-b494-9d1f3de53113",
    "vertices" : [ {
