{
  "field" : "golden",
  "symmetry" : "icosahedral",
  "orientations" : [ [ 1.0, 0.0, 0.0, 0.0, 0.0, 1.0, 0.0, 0.0, 0.0, 0.0, 1.0, 0.0, 0.0, 0.0, 0.0, 1.0 ], [ 0.0, 0.0, 1.0, 0.0, 1.0, 0.0, 0.0, 0.0, 0.0, 1.0, 0.0, 0.0, 0.0, 0.0, 0.0, 1.0 ], [ 0.0, 1.0, 0.0, 0.0, 0.0, 0.0, 1.0, 0.0, 1.0, 0.0, 0.0, 0.0, 0.0, 0.0, 0.0, 1.0 ], [ 0.809017, 0.309017, 0.5, 0.0, 0.309017, 0.5, -0.809017, 0.0, -0.5, 0.809017, 0.309017, 0.0, 0.0, 0.0, 0.0, 1.0 ], [ -0.5, 0.809017, 0.309017, 0.0, 0.809017, 0.309017, 0.5, 0.0, 0.309017, 0.5, -0.809017, 0.0, 0.0, 0.0, 0.0, 1.0 ], [ 0.309017, 0.5, -0.809017, 0.0, -0.5, 0.809017, 0.309017, 0.0, 0.809017, 0.309017, 0.5, 0.0, 0.0, 0.0, 0.0, 1.0 ], [ 0.5, 0.809017, 0.309017, 0.0, 0.809017, -0.309017, -0.5, 0.0, -0.309017, 0.5, -0.809017, 0.0, 0.0, 0.0, 0.0, 1.0 ], [ -0.309017, 0.5, -0.809017, 0.0, 0.5, 0.809017, 0.309017, 0.0, 0.809017, -0.309017, -0.5, 0.0, 0.0, 0.0, 0.0, 1.0 ], [ 0.809017, -0.309017, -0.5, 0.0, -0.309017, 0.5, -0.809017, 0.0, 0.5, 0.809017, 0.309017, 0.0, 0.0, 0.0, 0.0, 1.0 ], [ 0.5, 0.809017, -0.309017, 0.0, 0.809017, -0.309017, 0.5, 0.0, 0.309017, -0.5, -0.809017, 0.0, 0.0, 0.0, 0.0, 1.0 ], [ 0.309017, -0.5, -0.809017, 0.0, 0.5, 0.809017, -0.309017, 0.0, 0.809017, -0.309017, 0.5, 0.0, 0.0, 0.0, 0.0, 1.0 ], [ 0.809017, -0.309017, 0.5, 0.0, 0.309017, -0.5, -0.809017, 0.0, 0.5, 0.809017, -0.309017, 0.0, 0.0, 0.0, 0.0, 1.0 ], [ 0.809017, 0.309017, -0.5, 0.0, 0.309017, 0.5, 0.809017, 0.0, 0.5, -0.809017, 0.309017, 0.0, 0.0, 0.0, 0.0, 1.0 ], [ 0.5, -0.809017, 0.309017, 0.0, 0.809017, 0.309017, -0.5, 0.0, 0.309017, 0.5, 0.809017, 0.0, 0.0, 0.0, 0.0, 1.0 ], [ 0.309017, 0.5, 0.809017, 0.0, 0.5, -0.809017, 0.309017, 0.0, 0.809017, 0.309017, -0.5, 0.0, 0.0, 0.0, 0.0, 1.0 ], [ 1.0, 0.0, 0.0, 0.0, 0.0, -1.0, 0.0, 0.0, 0.0, 0.0, -1.0, 0.0, 0.0, 0.0, 0.0, 1.0 ], [ 0.0, 0.0, 1.0, 0.0, -1.0, 0.0, 0.0, 0.0, 0.0, -1.0, 0.0, 0.0, 0.0, 0.0, 0.0, 1.0 ], [ 0.0, 1.0, 0.0, 0.0, 0.0, 0.0, -1.0, 0.0, -1.0, 0.0, 0.0, 0.0, 0.0, 0.0, 0.0, 1.0 ], [ 0.809017, 0.309017, 0.5, 0.0, -0.309017, -0.5, 0.809017, 0.0, 0.5, -0.809017, -0.309017, 0.0, 0.0, 0.0, 0.0, 1.0 ], [ -0.5, 0.809017, 0.309017, 0.0, -0.809017, -0.309017, -0.5, 0.0, -0.309017, -0.5, 0.809017, 0.0, 0.0, 0.0, 0.0, 1.0 ], [ 0.309017, 0.5, -0.809017, 0.0, 0.5, -0.809017, -0.309017, 0.0, -0.809017, -0.309017, -0.5, 0.0, 0.0, 0.0, 0.0, 1.0 ], [ 0.5, 0.809017, 0.309017, 0.0, -0.809017, 0.309017, 0.5, 0.0, 0.309017, -0.5, 0.809017, 0.0, 0.0, 0.0, 0.0, 1.0 ], [ -0.309017, 0.5, -0.809017, 0.0, -0.5, -0.809017, -0.309017, 0.0, -0.809017, 0.309017, 0.5, 0.0, 0.0, 0.0, 0.0, 1.0 ], [ 0.809017, -0.309017, -0.5, 0.0, 0.309017, -0.5, 0.809017, 0.0, -0.5, -0.809017, -0.309017, 0.0, 0.0, 0.0, 0.0, 1.0 ], [ 0.5, 0.809017, -0.309017, 0.0, -0.809017, 0.309017, -0.5, 0.0, -0.309017, 0.5, 0.809017, 0.0, 0.0, 0.0, 0.0, 1.0 ], [ 0.309017, -0.5, -0.809017, 0.0, -0.5, -0.809017, 0.309017, 0.0, -0.809017, 0.309017, -0.5, 0.0, 0.0, 0.0, 0.0, 1.0 ], [ 0.809017, -0.309017, 0.5, 0.0, -0.309017, 0.5, 0.809017, 0.0, -0.5, -0.809017, 0.309017, 0.0, 0.0, 0.0, 0.0, 1.0 ], [ 0.809017, 0.309017, -0.5, 0.0, -0.309017, -0.5, -0.809017, 0.0, -0.5, 0.809017, -0.309017, 0.0, 0.0, 0.0, 0.0, 1.0 ], [ 0.5, -0.809017, 0.309017, 0.0, -0.809017, -0.309017, 0.5, 0.0, -0.309017, -0.5, -0.809017, 0.0, 0.0, 0.0, 0.0, 1.0 ], [ 0.309017, 0.5, 0.809017, 0.0, -0.5, 0.809017, -0.309017, 0.0, -0.809017, -0.309017, 0.5, 0.0, 0.0, 0.0, 0.0, 1.0 ], [ -1.0, 0.0, 0.0, 0.0, 0.0, -1.0, 0.0, 0.0, 0.0, 0.0, 1.0, 0.0, 0.0, 0.0, 0.0, 1.0 ], [ 0.0, 0.0, -1.0, 0.0, -1.0, 0.0, 0.0, 0.0, 0.0, 1.0, 0.0, 0.0, 0.0, 0.0, 0.0, 1.0 ], [ 0.0, -1.0, 0.0, 0.0, 0.0, 0.0, -1.0, 0.0, 1.0, 0.0, 0.0, 0.0, 0.0, 0.0, 0.0, 1.0 ], [ -0.809017, -0.309017, -0.5, 0.0, -0.309017, -0.5, 0.809017, 0.0, -0.5, 0.809017, 0.309017, 0.0, 0.0, 0.0, 0.0, 1.0 ], [ 0.5, -0.809017, -0.309017, 0.0, -0.809017, -0.309017, -0.5, 0.0, 0.309017, 0.5, -0.809017, 0.0, 0.0, 0.0, 0.0, 1.0 ], [ -0.309017, -0.5, 0.809017, 0.0, 0.5, -0.809017, -0.309017, 0.0, 0.809017, 0.309017, 0.5, 0.0, 0.0, 0.0, 0.0, 1.0 ], [ -0.5, -0.809017, -0.309017, 0.0, -0.809017, 0.309017, 0.5, 0.0, -0.309017, 0.5, -0.809017, 0.0, 0.0, 0.0, 0.0, 1.0 ], [ 0.309017, -0.5, 0.809017, 0.0, -0.5, -0.809017, -0.309017, 0.0, 0.809017, -0.309017, -0.5, 0.0, 0.0, 0.0, 0.0, 1.0 ], [ -0.809017, 0.309017, 0.5, 0.0, 0.309017, -0.5, 0.809017, 0.0, 0.5, 0.809017, 0.309017, 0.0, 0.0, 0.0, 0.0, 1.0 ], [ -0.5, -0.809017, 0.309017, 0.0, -0.809017, 0.309017, -0.5, 0.0, 0.309017, -0.5, -0.809017, 0.0, 0.0, 0.0, 0.0, 1.0 ], [ -0.309017, 0.5, 0.809017, 0.0, -0.5, -0.809017, 0.309017, 0.0, 0.809017, -0.309017, 0.5, 0.0, 0.0, 0.0, 0.0, 1.0 ], [ -0.809017, 0.309017, -0.5, 0.0, -0.309017, 0.5, 0.809017, 0.0, 0.5, 0.809017, -0.309017, 0.0, 0.0, 0.0, 0.0, 1.0 ], [ -0.809017, -0.309017, 0.5, 0.0, -0.309017, -0.5, -0.809017, 0.0, 0.5, -0.809017, 0.309017, 0.0, 0.0, 0.0, 0.0, 1.0 ], [ -0.5, 0.809017, -0.309017, 0.0, -0.809017, -0.309017, 0.5, 0.0, 0.309017, 0.5, 0.809017, 0.0, 0.0, 0.0, 0.0, 1.0 ], [ -0.309017, -0.5, -0.809017, 0.0, -0.5, 0.809017, -0.309017, 0.0, 0.809017, 0.309017, -0.5, 0.0, 0.0, 0.0, 0.0, 1.0 ], [ -1.0, 0.0, 0.0, 0.0, 0.0, 1.0, 0.0, 0.0, 0.0, 0.0, -1.0, 0.0, 0.0, 0.0, 0.0, 1.0 ], [ 0.0, 0.0, -1.0, 0.0, 1.0, 0.0, 0.0, 0.0, 0.0, -1.0, 0.0, 0.0, 0.0, 0.0, 0.0, 1.0 ], [ 0.0, -1.0, 0.0, 0.0, 0.0, 0.0, 1.0, 0.0, -1.0, 0.0, 0.0, 0.0, 0.0, 0.0, 0.0, 1.0 ], [ -0.809017, -0.309017, -0.5, 0.0, 0.309017, 0.5, -0.809017, 0.0, 0.5, -0.809017, -0.309017, 0.0, 0.0, 0.0, 0.0, 1.0 ], [ 0.5, -0.809017, -0.309017, 0.0, 0.809017, 0.309017, 0.5, 0.0, -0.309017, -0.5, 0.809017, 0.0, 0.0, 0.0, 0.0, 1.0 ], [ -0.309017, -0.5, 0.809017, 0.0, -0.5, 0.809017, 0.309017, 0.0, -0.809017, -0.309017, -0.5, 0.0, 0.0, 0.0, 0.0, 1.0 ], [ -0.5, -0.809017, -0.309017, 0.0, 0.809017, -0.309017, -0.5, 0.0, 0.309017, -0.5, 0.809017, 0.0, 0.0, 0.0, 0.0, 1.0 ], [ 0.309017, -0.5, 0.809017, 0.0, 0.5, 0.809017, 0.309017, 0.0, -0.809017, 0.309017, 0.5, 0.0, 0.0, 0.0, 0.0, 1.0 ], [ -0.809017, 0.309017, 0.5, 0.0, -0.309017, 0.5, -0.809017, 0.0, -0.5, -0.809017, -0.309017, 0.0, 0.0, 0.0, 0.0, 1.0 ], [ -0.5, -0.809017, 0.309017, 0.0, 0.809017, -0.309017, 0.5, 0.0, -0.309017, 0.5, 0.809017, 0.0, 0.0, 0.0, 0.0, 1.0 ], [ -0.309017, 0.5, 0.809017, 0.0, 0.5, 0.809017, -0.309017, 0.0, -0.809017, 0.309017, -0.5, 0.0, 0.0, 0.0, 0.0, 1.0 ], [ -0.809017, 0.309017, -0.5, 0.0, 0.309017, -0.5, -0.809017, 0.0, -0.5, -0.809017, 0.309017, 0.0, 0.0, 0.0, 0.0, 1.0 ], [ -0.809017, -0.309017, 0.5, 0.0, 0.309017, 0.5, 0.809017, 0.0, -0.5, 0.809017, -0.309017, 0.0, 0.0, 0.0, 0.0, 1.0 ], [ -0.5, 0.809017, -0.309017, 0.0, 0.809017, 0.309017, -0.5, 0.0, -0.309017, -0.5, -0.809017, 0.0, 0.0, 0.0, 0.0, 1.0 ], [ -0.309017, -0.5, -0.809017, 0.0, 0.5, -0.809017, 0.309017, 0.0, -0.809017, -0.309017, 0.5, 0.0, 0.0, 0.0, 0.0, 1.0 ] ],
  "lights" : {
    "backgroundColor" : "#CCCCCC",
    "ambientColor" : "#292929",
    "directionalLights" : [ {
      "direction" : {
        "x" : 1.0,
        "y" : -1.0,
        "z" : -1.0
      },
      "color" : "#EBEBE4"
    }, {
      "direction" : {
        "x" : -1.0,
        "y" : 0.0,
        "z" : 0.0
      },
      "color" : "#E4E4EB"
    }, {
      "direction" : {
        "x" : 0.0,
        "y" : 0.0,
        "z" : -1.0
      },
      "color" : "#1E1E1E"
    } ]
  },
  "camera" : {
    "lookDirection" : {
      "x" : 0.0019535078,
      "y" : 0.034161974,
      "z" : -0.99941295
    },
    "upDirection" : {
      "x" : -0.009647688,
      "y" : 0.9993679,
      "z" : 0.034141522
    },
    "lookAtPoint" : {
      "x" : 0.0,
      "y" : 0.0,
      "z" : 0.0
    },
    "viewDistance" : 246.87433,
    "nearClipDistance" : 0.61718714,
    "farClipDistance" : 493.7497,
    "fieldOfView" : 0.44262943,
    "perspective" : false,
    "stereo" : false,
    "width" : 111.09359,
    "position" : {
      "x" : -0.48227093,
      "y" : -8.433714,
      "z" : 246.7294
    }
  },
  "embedding" : [ 1.0, 0.0, 0.0, 0.0, 0.0, 1.0, 0.0, 0.0, 0.0, 0.0, 1.0, 0.0, 0.0, 0.0, 0.0, 1.0 ],
  "shapes" : [ {
    "id" : "316c9603-5f9c-4f0f-8158-8643879a7e33",
    "vertices" : [ {
      "x" : 9.472136,
      "y" : -15.326238,
      "z" : 24.798374
    }, {
      "x" : 6.495755,
      "y" : -15.76553,
      "z" : 26.74974
    }, {
      "x" : -3.2478776,
      "y" : 31.53106,
      "z" : 1.2405789
    }, {
      "x" : 0.0,
      "y" : 30.652475,
      "z" : 0.0
    } ],
    "faces" : [ {
      "vertices" : [ 0, 1, 2 ]
    }, {
      "vertices" : [ 0, 2, 3 ]
    }, {
      "vertices" : [ 0, 3, 2 ]
    }, {
      "vertices" : [ 0, 2, 1 ]
    } ]
  }, {
    "id" : "702a5223-3007-4a12-ac71-b32c23cec476",
    "vertices" : [ {
      "x" : -35.888542,
      "y" : 0.0,
      "z" : 0.0
    }, {
      "x" : -31.53106,
      "y" : 1.2405789,
      "z" : -3.2478776
    }, {
      "x" : 15.76553,
      "y" : 26.74974,
      "z" : 6.495755
    }, {
      "x" : 17.944271,
      "y" : 29.034441,
      "z" : 11.09017
    } ],
    "faces" : [ {
      "vertices" : [ 0, 1, 2 ]
    }, {
      "vertices" : [ 0, 2, 3 ]
    }, {
      "vertices" : [ 0, 3, 2 ]
    }, {
      "vertices" : [ 0, 2, 1 ]
    } ]
  }, {
    "id" : "c495151d-8f38-4084-a476-727261416800",
    "vertices" : [ {
      "x" : 15.326238,
      "y" : 24.798374,
      "z" : 9.472136
    }, {
      "x" : 15.76553,
      "y" : 26.74974,
      "z" : 6.495755
    }, {
      "x" : -31.53106,
      "y" : 1.2405789,
      "z" : -3.2478776
    }, {
      "x" : -30.652475,
      "y" : 0.0,
      "z" : 0.0
    } ],
    "faces" : [ {
      "vertices" : [ 0, 1, 2 ]
    }, {
      "vertices" : [ 0, 2, 3 ]
    }, {
      "vertices" : [ 0, 3, 2 ]
    }, {
      "vertices" : [ 0, 2, 1 ]
    } ]
  }, {
    "id" : "db57ec6a-b971-4b1a-b334-276645414228",
    "vertices" : [ {
      "x" : 15.326238,
      "y" : 24.798374,
      "z" : -9.472136
    }, {
      "x" : 15.76553,
      "y" : 24.268583,
      "z" : -12.99151
    }, {
      "x" : 15.76553,
      "y" : -26.74974,
      "z" : 6.495755
    }, {
      "x" : 15.326238,
      "y" : -24.798374,
      "z" : 9.472136
    } ],
    "faces" : [ {
      "vertices" : [ 0, 1, 2 ]
    }, {
      "vertices" : [ 0, 2, 3 ]
    }, {
      "vertices" : [ 0, 3, 2 ]
    }, {
      "vertices" : [ 0, 2, 1 ]
    } ]
  }, {
    "id" : "ce48d193-f7fc-49f6-bba9-33c0a15cc293",
    "vertices" : [ {
      "x" : -29.034441,
      "y" : 11.09017,
      "z" : -17.944271
    }, {
      "x" : -24.268583,
      "y" : 12.99151,
      "z" : -15.76553
    }, {
      "x" : 1.2405789,
      "y" : 3.2478776,
      "z" : 31.53106
    }, {
      "x" : 0.0,
      "y" : 0.0,
      "z" : 35.888542
    } ],
    "faces" : [ {
      "vertices" : [ 0, 1, 2 ]
    }, {
      "vertices" : [ 0, 2, 3 ]
    }, {
      "vertices" : [ 0, 3, 2 ]
    }, {
      "vertices" : [ 0, 2, 1 ]
    } ]
  }, {
    "id" : "1294840d-7bec-4457-bb5a-5e4f7f469dbe",
    "vertices" : [ {
      "x" : -29.034441,
      "y" : 11.09017,
      "z" : 17.944271
    }, {
      "x" : -26.74974,
      "y" : 6.495755,
      "z" : 15.76553
    }, {
      "x" : 24.268583,
      "y" : -12.99151,
      "z" : 15.76553
    }, {
      "x" : 29.034441,
      "y" : -11.09017,
      "z" : 17.944271
    } ],
    "faces" : [ {
      "vertices" : [ 0, 1, 2 ]
    }, {
      "vertices" : [ 0, 2, 3 ]
    }, {
      "vertices" : [ 0, 3, 2 ]
    }, {
      "vertices" : [ 0, 2, 1 ]
    } ]
  }, {
    "id" : "64af05cc-ae74-4503-b1e9-998a72ade9ba",
    "vertices" : [ {
      "x" : 24.798374,
      "y" : 9.472136,
      "z" : -15.326238
    }, {
      "x" : 23.501863,
      "y" : 11.750932,
      "z" : -17.77283
    }, {
      "x" : -11.750932,
      "y" : 17.77283,
      "z" : 23.501863
    }, {
      "x" : -9.472136,
      "y" : 15.326238,
      "z" : 24.798374
    } ],
    "faces" : [ {
      "vertices" : [ 0, 1, 2 ]
    }, {
      "vertices" : [ 0, 2, 3 ]
    }, {
      "vertices" : [ 0, 3, 2 ]
    }, {
      "vertices" : [ 0, 2, 1 ]
    } ]
  }, {
    "id" : "5eade70a-851c-4ddc-bf05-a81c39064f91",
    "vertices" : [ {
      "x" : 24.798374,
      "y" : -9.472136,
      "z" : 15.326238
    }, {
      "x" : 23.501863,
      "y" : -11.750932,
      "z" : 17.77283
    }, {
      "x" : -11.750932,
      "y" : -17.77283,
      "z" : -23.501863
    }, {
      "x" : -9.472136,
      "y" : -15.326238,
      "z" : -24.798374
    } ],
    "faces" : [ {
      "vertices" : [ 0, 1, 2 ]
    }, {
      "vertices" : [ 0, 2, 3 ]
    }, {
      "vertices" : [ 0, 3, 2 ]
    }, {
      "vertices" : [ 0, 2, 1 ]
    } ]
  }, {
    "id" : "e5dbe909-79ef-4c10-9354-341b1584cf8b",
    "vertices" : [ {
      "x" : 0.0,
      "y" : 35.888542,
      "z" : 0.0
    }, {
      "x" : 3.2478776,
      "y" : 31.53106,
      "z" : 1.2405789
    }, {
      "x" : -6.495755,
      "y" : -15.76553,
      "z" : 26.74974
    }, {
      "x" : -11.09017,
      "y" : -17.944271,
      "z" : 29.034441
    } ],
    "faces" : [ {
      "vertices" : [ 0, 1, 2 ]
    }, {
      "vertices" : [ 0, 2, 3 ]
    }, {
      "vertices" : [ 0, 3, 2 ]
    }, {
      "vertices" : [ 0, 2, 1 ]
    } ]
  }, {
    "id" : "188f36d2-8b22-4aef-85b8-88051f2ac638",
    "vertices" : [ {
      "x" : 17.944271,
      "y" : 29.034441,
      "z" : -11.09017
    }, {
      "x" : 17.77283,
      "y" : 23.501863,
      "z" : -11.750932
    }, {
      "x" : 11.750932,
      "y" : -17.77283,
      "z" : 23.501863
    }, {
      "x" : 11.09017,
      "y" : -17.944271,
      "z" : 29.034441
    } ],
    "faces" : [ {
      "vertices" : [ 0, 1, 2 ]
    }, {
      "vertices" : [ 0, 2, 3 ]
    }, {
      "vertices" : [ 0, 3, 2 ]
    }, {
      "vertices" : [ 0, 2, 1 ]
    } ]
  }, {
    "id" : "58dddabb-5e01-4780-ab15-95ea8a235e3e",
    "vertices" : [ {
      "x" : 11.09017,
      "y" : 17.944271,
      "z" : -29.034441
    }, {
      "x" : 6.495755,
      "y" : 15.76553,
      "z" : -26.74974
    }, {
      "x" : -12.99151,
      "y" : 15.76553,
      "z" : 24.268583
    }, {
      "x" : -11.09017,
      "y" : 17.944271,
      "z" : 29.034441
    } ],
    "faces" : [ {
      "vertices" : [ 0, 1, 2 ]
    }, {
      "vertices" : [ 0, 2, 3 ]
    }, {
      "vertices" : [ 0, 3, 2 ]
    }, {
      "vertices" : [ 0, 2, 1 ]
    } ]
  }, {
    "id" : "45fa30d4-1444-4e38-bac2-80384bbe0e10",
    "vertices" : [ {
      "x" : 0.0,
      "y" : -30.652475,
      "z" : 0.0
    }, {
      "x" : 3.2478776,
      "y" : -31.53106,
      "z" : 1.2405789
    }, {
      "x" : 12.99151,
      "y" : 15.76553,
      "z" : -24.268583
    }, {
      "x" : 9.472136,
      "y" : 15.326238,
      "z" : -24.798374
    } ],
    "faces" : [ {
      "vertices" : [ 0, 1, 2 ]
    }, {
      "vertices" : [ 0, 2, 3 ]
    }, {
      "vertices" : [ 0, 3, 2 ]
    }, {
      "vertices" : [ 0, 2, 1 ]
    } ]
  }, {
    "id" : "dfc66c0d-46f1-47b3-9050-5e624d0f632d",
    "vertices" : [ {
      "x" : -17.944271,
      "y" : -29.034441,
      "z" : 11.09017
    }, {
      "x" : -13.75823,
      "y" : -27.51646,
      "z" : 7.7363343
    }, {
      "x" : 27.51646,
      "y" : 7.7363343,
      "z" : 13.75823
    }, {
      "x" : 29.034441,
      "y" : 11.09017,
      "z" : 17.944271
    } ],
    "faces" : [ {
      "vertices" : [ 0, 1, 2 ]
    }, {
      "vertices" : [ 0, 2, 3 ]
    }, {
      "vertices" : [ 0, 3, 2 ]
    }, {
      "vertices" : [ 0, 2, 1 ]
    } ]
  }, {
    "id" : "13052de4-f6ac-47cb-9956-747363db4c09",
    "vertices" : [ {
      "x" : 0.0,
      "y" : -35.888542,
      "z" : 0.0
    }, {
      "x" : 3.2478776,
      "y" : -31.53106,
      "z" : 1.2405789
    }, {
      "x" : -6.495755,
      "y" : 15.76553,
      "z" : 26.74974
    }, {
      "x" : -11.09017,
      "y" : 17.944271,
      "z" : 29.034441
    } ],
    "faces" : [ {
      "vertices" : [ 0, 1, 2 ]
    }, {
      "vertices" : [ 0, 2, 3 ]
    }, {
      "vertices" : [ 0, 3, 2 ]
    }, {
      "vertices" : [ 0, 2, 1 ]
    } ]
  }, {
    "id" : "8ffb8889-bc49-4708-b06c-de9c63eab688",
    "vertices" : [ {
      "x" : 15.326238,
      "y" : -24.798374,
      "z" : -9.472136
    }, {
      "x" : 15.76553,
      "y" : -26.74974,
      "z" : -6.495755
    }, {
      "x" : -31.53106,
      "y" : -1.2405789,
      "z" : 3.2478776
    }, {
      "x" : -30.652475,
      "y" : 0.0,
      "z" : 0.0
    } ],
    "faces" : [ {
      "vertices" : [ 0, 1, 2 ]
    }, {
      "vertices" : [ 0, 2, 3 ]
    }, {
      "vertices" : [ 0, 3, 2 ]
    }, {
      "vertices" : [ 0, 2, 1 ]
    } ]
  }, {
    "id" : "cfdaac4a-e03a-4158-b2de-6171b9f11c60",
    "vertices" : [ {
      "x" : 11.09017,
      "y" : -17.944271,
      "z" : -29.034441
    }, {
      "x" : 12.99151,
      "y" : -15.76553,
      "z" : -24.268583
    }, {
      "x" : 3.2478776,
      "y" : 31.53106,
      "z" : 1.2405789
    }, {
      "x" : 0.0,
      "y" : 35.888542,
      "z" : 0.0
    } ],
    "faces" : [ {
      "vertices" : [ 0, 1, 2 ]
    }, {
      "vertices" : [ 0, 2, 3 ]
    }, {
      "vertices" : [ 0, 3, 2 ]
    }, {
      "vertices" : [ 0, 2, 1 ]
    } ]
  }, {
    "id" : "c056b055-210f-41b2-80da-28b26e2376db",
    "vertices" : [ {
      "x" : 24.798374,
      "y" : 9.472136,
      "z" : 15.326238
    }, {
      "x" : 24.268583,
      "y" : 12.99151,
      "z" : 15.76553
    }, {
      "x" : -26.74974,
      "y" : -6.495755,
      "z" : 15.76553
    }, {
      "x" : -24.798374,
      "y" : -9.472136,
      "z" : 15.326238
    } ],
    "faces" : [ {
      "vertices" : [ 0, 1, 2 ]
    }, {
      "vertices" : [ 0, 2, 3 ]
    }, {
      "vertices" : [ 0, 3, 2 ]
    }, {
      "vertices" : [ 0, 2, 1 ]
    } ]
  }, {
    "id" : "a2ed5390-8f0a-4485-9d0f-d09573aeef83",
    "vertices" : [ {
      "x" : 24.798374,
      "y" : 9.472136,
      "z" : 15.326238
    }, {
      "x" : 27.51646,
      "y" : 7.7363343,
      "z" : 13.75823
    }, {
      "x" : -13.75823,
      "y" : -27.51646,
      "z" : 7.7363343
    }, {
      "x" : -15.326238,
      "y" : -24.798374,
      "z" : 9.472136
    } ],
    "faces" : [ {
      "vertices" : [ 0, 1, 2 ]
    }, {
      "vertices" : [ 0, 2, 3 ]
    }, {
      "vertices" : [ 0, 3, 2 ]
    }, {
      "vertices" : [ 0, 2, 1 ]
    } ]
  }, {
    "id" : "7a89bae0-52ce-4907-98fc-3388427c0eb7",
    "vertices" : [ {
      "x" : -15.326238,
      "y" : 24.798374,
      "z" : -9.472136
    }, {
      "x" : -17.77283,
      "y" : 23.501863,
      "z" : -11.750932
    }, {
      "x" : 23.501863,
      "y" : -11.750932,
      "z" : -17.77283
    }, {
      "x" : 24.798374,
      "y" : -9.472136,
      "z" : -15.326238
    } ],
    "faces" : [ {
      "vertices" : [ 0, 1, 2 ]
    }, {
      "vertices" : [ 0, 2, 3 ]
    }, {
      "vertices" : [ 0, 3, 2 ]
    }, {
      "vertices" : [ 0, 2, 1 ]
    } ]
  }, {
    "id" : "714c4ffb-0efc-40df-b98a-02c8bf39e212",
    "vertices" : [ {
      "x" : 11.09017,
      "y" : 17.944271,
      "z" : 29.034441
    }, {
      "x" : 6.495755,
      "y" : 15.76553,
      "z" : 26.74974
    }, {
      "x" : -12.99151,
      "y" : 15.76553,
      "z" : -24.268583
    }, {
      "x" : -11.09017,
      "y" : 17.944271,
      "z" : -29.034441
    } ],
    "faces" : [ {
      "vertices" : [ 0, 1, 2 ]
    }, {
      "vertices" : [ 0, 2, 3 ]
    }, {
      "vertices" : [ 0, 3, 2 ]
    }, {
      "vertices" : [ 0, 2, 1 ]
    } ]
  }, {
    "id" : "9fc40752-4800-4d60-8ac3-8dce813d833a",
    "vertices" : [ {
      "x" : 0.0,
      "y" : 0.0,
      "z" : 30.652475
    }, {
      "x" : 1.2405789,
      "y" : 3.2478776,
      "z" : 31.53106
    }, {
      "x" : -24.268583,
      "y" : 12.99151,
      "z" : -15.76553
    }, {
      "x" : -24.798374,
      "y" : 9.472136,
      "z" : -15.326238
    } ],
    "faces" : [ {
      "vertices" : [ 0, 1, 2 ]
    }, {
      "vertices" : [ 0, 2, 3 ]
    }, {
      "vertices" : [ 0, 3, 2 ]
    }, {
      "vertices" : [ 0, 2, 1 ]
    } ]
  }, {
    "id" : "9fb74903-2595-4d71-9bd6-df4c1f23c331",
    "vertices" : [ {
      "x" : -17.944271,
      "y" : -29.034441,
      "z" : -11.09017
    }, {
      "x" : -13.75823,
      "y" : -27.51646,
      "z" : -7.7363343
    }, {
      "x" : 27.51646,
      "y" : 7.7363343,
      "z" : -13.75823
    }, {
      "x" : 29.034441,
      "y" : 11.09017,
      "z" : -17.944271
    } ],
    "faces" : [ {
      "vertices" : [ 0, 1, 2 ]
    }, {
      "vertices" : [ 0, 2, 3 ]
    }, {
      "vertices" : [ 0, 3, 2 ]
    }, {
      "vertices" : [ 0, 2, 1 ]
    } ]
  }, {
    "id" : "3dc8abe7-106f-4112-8d3b-248f2dae57fa",
    "vertices" : [ {
      "x" : 0.0,
      "y" : -30.652475,
      "z" : 0.0
    }, {
      "x" : 3.2478776,
      "y" : -31.53106,
      "z" : -1.2405789
    }, {
      "x" : 12.99151,
      "y" : 15.76553,
      "z" : 24.268583
    }, {
      "x" : 9.472136,
      "y" : 15.326238,
      "z" : 24.798374
    } ],
    "faces" : [ {
      "vertices" : [ 0, 1, 2 ]
    }, {
      "vertices" : [ 0, 2, 3 ]
    }, {
      "vertices" : [ 0, 3, 2 ]
    }, {
      "vertices" : [ 0, 2, 1 ]
    } ]
  }, {
    "id" : "831bba92-2497-45f6-8877-8e49a93908d1",
    "vertices" : [ {
      "x" : 9.472136,
      "y" : 15.326238,
      "z" : -24.798374
    }, {
      "x" : 6.495755,
      "y" : 15.76553,
      "z" : -26.74974
    }, {
      "x" : -3.2478776,
      "y" : -31.53106,
      "z" : -1.2405789
    }, {
      "x" : 0.0,
      "y" : -30.652475,
      "z" : 0.0
    } ],
    "faces" : [ {
      "vertices" : [ 0, 1, 2 ]
    }, {
      "vertices" : [ 0, 2, 3 ]
    }, {
      "vertices" : [ 0, 3, 2 ]
    }, {
      "vertices" : [ 0, 2, 1 ]
    } ]
  }, {
    "id" : "b1cce37f-aa07-496f-a90e-eadbb19865a2",
    "vertices" : [ {
      "x" : 29.034441,
      "y" : 11.09017,
      "z" : 17.944271
    }, {
      "x" : 24.268583,
      "y" : 12.99151,
      "z" : 15.76553
    }, {
      "x" : -1.2405789,
      "y" : 3.2478776,
      "z" : -31.53106
    }, {
      "x" : 0.0,
      "y" : 0.0,
      "z" : -35.888542
    } ],
    "faces" : [ {
      "vertices" : [ 0, 1, 2 ]
    }, {
      "vertices" : [ 0, 2, 3 ]
    }, {
      "vertices" : [ 0, 3, 2 ]
    }, {
      "vertices" : [ 0, 2, 1 ]
    } ]
  }, {
    "id" : "e3f62e05-3a6f-4bd6-b9b9-c709bb3dd0de",
    "vertices" : [ {
      "x" : -9.472136,
      "y" : -15.326238,
      "z" : 24.798374
    }, {
      "x" : -7.7363343,
      "y" : -13.75823,
      "z" : 27.51646
    }, {
      "x" : 27.51646,
      "y" : -7.7363343,
      "z" : -13.75823
    }, {
      "x" : 24.798374,
      "y" : -9.472136,
      "z" : -15.326238
    } ],
    "faces" : [ {
      "vertices" : [ 0, 1, 2 ]
    }, {
      "vertices" : [ 0, 2, 3 ]
    }, {
      "vertices" : [ 0, 3, 2 ]
    }, {
      "vertices" : [ 0, 2, 1 ]
    } ]
  }, {
    "id" : "8274c752-5f32-463e-9b6a-e76072b83e12",
    "vertices" : [ {
      "x" : 15.326238,
      "y" : -24.798374,
      "z" : 9.472136
    }, {
      "x" : 17.77283,
      "y" : -23.501863,
      "z" : 11.750932
    }, {
      "x" : -23.501863,
      "y" : 11.750932,
      "z" : 17.77283
    }, {
      "x" : -24.798374,
      "y" : 9.472136,
      "z" : 15.326238
    } ],
    "faces" : [ {
      "vertices" : [ 0, 1, 2 ]
    }, {
      "vertices" : [ 0, 2, 3 ]
    }, {
      "vertices" : [ 0, 3, 2 ]
    }, {
      "vertices" : [ 0, 2, 1 ]
    } ]
  }, {
    "id" : "88191e82-4602-4c42-9cdd-5869a342505a",
    "vertices" : [ {
      "x" : 0.0,
      "y" : 35.888542,
      "z" : 0.0
    }, {
      "x" : -3.2478776,
      "y" : 31.53106,
      "z" : 1.2405789
    }, {
      "x" : 6.495755,
      "y" : -15.76553,
      "z" : 26.74974
    }, {
      "x" : 11.09017,
      "y" : -17.944271,
      "z" : 29.034441
    } ],
    "faces" : [ {
      "vertices" : [ 0, 1, 2 ]
    }, {
      "vertices" : [ 0, 2, 3 ]
    }, {
      "vertices" : [ 0, 3, 2 ]
    }, {
      "vertices" : [ 0, 2, 1 ]
    } ]
  }, {
    "id" : "09c82d9f-e624-4cd5-9a11-62424b13afd5",
    "vertices" : [ {
      "x" : -17.944271,
      "y" : 29.034441,
      "z" : 11.09017
    }, {
      "x" : -17.77283,
      "y" : 23.501863,
      "z" : 11.750932
    }, {
      "x" : -11.750932,
      "y" : -17.77283,
      "z" : -23.501863
    }, {
      "x" : -11.09017,
      "y" : -17.944271,
      "z" : -29.034441
    } ],
    "faces" : [ {
      "vertices" : [ 0, 1, 2 ]
    }, {
      "vertices" : [ 0, 2, 3 ]
    }, {
      "vertices" : [ 0, 3, 2 ]
    }, {
      "vertices" : [ 0, 2, 1 ]
    } ]
  }, {
    "id" : "03028605-5ee3-493d-98ad-57a47337e485",
    "vertices" : [ {
      "x" : -11.09017,
      "y" : 17.944271,
      "z" : 29.034441
    }, {
      "x" : -12.99151,
      "y" : 15.76553,
      "z" : 24.268583
    }, {
      "x" : -3.2478776,
      "y" : -31.53106,
      "z" : -1.2405789
    }, {
      "x" : 0.0,
      "y" : -35.888542,
      "z" : 0.0
    } ],
    "faces" : [ {
      "vertices" : [ 0, 1, 2 ]
    }, {
      "vertices" : [ 0, 2, 3 ]
    }, {
      "vertices" : [ 0, 3, 2 ]
    }, {
      "vertices" : [ 0, 2, 1 ]
    } ]
  }, {
    "id" : "a5fcfc4f-0067-475e-9059-5d117349d856",
    "vertices" : [ {
      "x" : -30.652475,
      "y" : 0.0,
      "z" : 0.0
    }, {
      "x" : -31.53106,
      "y" : -1.2405789,
      "z" : -3.2478776
    }, {
      "x" : 15.76553,
      "y" : 24.268583,
      "z" : -12.99151
    }, {
      "x" : 15.326238,
      "y" : 24.798374,
      "z" : -9.472136
    } ],
    "faces" : [ {
      "vertices" : [ 0, 1, 2 ]
    }, {
      "vertices" : [ 0, 2, 3 ]
    }, {
      "vertices" : [ 0, 3, 2 ]
    }, {
      "vertices" : [ 0, 2, 1 ]
    } ]
  }, {
    "id" : "6865ae51-df2b-4b5c-ad62-2a7775536a59",
    "vertices" : [ {
      "x" : 29.034441,
      "y" : -11.09017,
      "z" : -17.944271
    }, {
      "x" : 23.501863,
      "y" : -11.750932,
      "z" : -17.77283
    }, {
      "x" : -17.77283,
      "y" : 23.501863,
      "z" : -11.750932
    }, {
      "x" : -17.944271,
      "y" : 29.034441,
      "z" : -11.09017
    } ],
    "faces" : [ {
      "vertices" : [ 0, 1, 2 ]
    }, {
      "vertices" : [ 0, 2, 3 ]
    }, {
      "vertices" : [ 0, 3, 2 ]
    }, {
      "vertices" : [ 0, 2, 1 ]
    } ]
  }, {
    "id" : "d8226167-48bf-43be-809e-a7bfba65a64f",
    "vertices" : [ {
      "x" : -24.798374,
      "y" : -9.472136,
      "z" : 15.326238
    }, {
      "x" : -27.51646,
      "y" : -7.7363343,
      "z" : 13.75823
    }, {
      "x" : 13.75823,
      "y" : 27.51646,
      "z" : 7.7363343
    }, {
      "x" : 15.326238,
      "y" : 24.798374,
      "z" : 9.472136
    } ],
    "faces" : [ {
      "vertices" : [ 0, 1, 2 ]
    }, {
      "vertices" : [ 0, 2, 3 ]
    }, {
      "vertices" : [ 0, 3, 2 ]
    }, {
      "vertices" : [ 0, 2, 1 ]
    } ]
  }, {
    "id" : "a6fb1fb1-8833-45c0-a7d6-1846563d988d",
    "vertices" : [ {
      "x" : 0.0,
      "y" : 0.0,
      "z" : 30.652475
    }, {
      "x" : -1.2405789,
      "y" : -3.2478776,
      "z" : 31.53106
    }, {
      "x" : 24.268583,
      "y" : -12.99151,
      "z" : -15.76553
    }, {
      "x" : 24.798374,
      "y" : -9.472136,
      "z" : -15.326238
    } ],
    "faces" : [ {
      "vertices" : [ 0, 1, 2 ]
    }, {
      "vertices" : [ 0, 2, 3 ]
    }, {
      "vertices" : [ 0, 3, 2 ]
    }, {
      "vertices" : [ 0, 2, 1 ]
    } ]
  }, {
    "id" : "fde6d4e7-9776-4daa-9e68-2997a42c207e",
    "vertices" : [ {
      "x" : -11.09017,
      "y" : 17.944271,
      "z" : 29.034441
    }, {
      "x" : -11.750932,
      "y" : 17.77283,
      "z" : 23.501863
    }, {
      "x" : 23.501863,
      "y" : 11.750932,
      "z" : -17.77283
    }, {
      "x" : 29.034441,
      "y" : 11.09017,
      "z" : -17.944271
    } ],
    "faces" : [ {
      "vertices" : [ 0, 1, 2 ]
    }, {
      "vertices" : [ 0, 2, 3 ]
    }, {
      "vertices" : [ 0, 3, 2 ]
    }, {
      "vertices" : [ 0, 2, 1 ]
    } ]
  }, {
    "id" : "93b9d552-0c6d-425a-8a97-8025db956b51",
    "vertices" : [ {
      "x" : -35.888542,
      "y" : 0.0,
      "z" : 0.0
    }, {
      "x" : -31.53106,
      "y" : 1.2405789,
      "z" : 3.2478776
    }, {
      "x" : 15.76553,
      "y" : 26.74974,
      "z" : -6.495755
    }, {
      "x" : 17.944271,
      "y" : 29.034441,
      "z" : -11.09017
    } ],
    "faces" : [ {
      "vertices" : [ 0, 1, 2 ]
    }, {
      "vertices" : [ 0, 2, 3 ]
    }, {
      "vertices" : [ 0, 3, 2 ]
    }, {
      "vertices" : [ 0, 2, 1 ]
    } ]
  }, {
    "id" : "a092c8af-8bca-48bb-8251-4d1ae3414a6c",
    "vertices" : [ {
      "x" : -17.944271,
      "y" : 29.034441,
      "z" : -11.09017
    }, {
      "x" : -13.75823,
      "y" : 27.51646,
      "z" : -7.7363343
    }, {
      "x" : 27.51646,
      "y" : -7.7363343,
      "z" : -13.75823
    }, {
      "x" : 29.034441,
      "y" : -11.09017,
      "z" : -17.944271
    } ],
    "faces" : [ {
      "vertices" : [ 0, 1, 2 ]
    }, {
      "vertices" : [ 0, 2, 3 ]
    }, {
      "vertices" : [ 0, 3, 2 ]
    }, {
      "vertices" : [ 0, 2, 1 ]
    } ]
  }, {
    "id" : "f61f6689-ca62-4db7-b866-6cb78ea2840b",
    "vertices" : [ {
      "x" : 11.09017,
      "y" : 17.944271,
      "z" : -29.034441
    }, {
      "x" : 7.7363343,
      "y" : 13.75823,
      "z" : -27.51646
    }, {
      "x" : 13.75823,
      "y" : -27.51646,
      "z" : 7.7363343
    }, {
      "x" : 17.944271,
      "y" : -29.034441,
      "z" : 11.09017
    } ],
    "faces" : [ {
      "vertices" : [ 0, 1, 2 ]
    }, {
      "vertices" : [ 0, 2, 3 ]
    }, {
      "vertices" : [ 0, 3, 2 ]
    }, {
      "vertices" : [ 0, 2, 1 ]
    } ]
  }, {
    "id" : "0a4e60bb-7870-4c11-b7e2-778cae54236d",
    "vertices" : [ {
      "x" : 30.652475,
      "y" : 0.0,
      "z" : 0.0
    }, {
      "x" : 31.53106,
      "y" : -1.2405789,
      "z" : -3.2478776
    }, {
      "x" : -15.76553,
      "y" : 24.268583,
      "z" : -12.99151
    }, {
      "x" : -15.326238,
      "y" : 24.798374,
      "z" : -9.472136
    } ],
    "faces" : [ {
      "vertices" : [ 0, 1, 2 ]
    }, {
      "vertices" : [ 0, 2, 3 ]
    }, {
      "vertices" : [ 0, 3, 2 ]
    }, {
      "vertices" : [ 0, 2, 1 ]
    } ]
  }, {
    "id" : "c4d09225-7ecc-4e4c-ae16-c25a22e0993e",
    "vertices" : [ {
      "x" : 24.798374,
      "y" : -9.472136,
      "z" : 15.326238
    }, {
      "x" : 27.51646,
      "y" : -7.7363343,
      "z" : 13.75823
    }, {
      "x" : -13.75823,
      "y" : 27.51646,
      "z" : 7.7363343
    }, {
      "x" : -15.326238,
      "y" : 24.798374,
      "z" : 9.472136
    } ],
    "faces" : [ {
      "vertices" : [ 0, 1, 2 ]
    }, {
      "vertices" : [ 0, 2, 3 ]
    }, {
      "vertices" : [ 0, 3, 2 ]
    }, {
      "vertices" : [ 0, 2, 1 ]
    } ]
  }, {
    "id" : "9283ce52-9fd3-40d5-94ef-18d62ac0d8f6",
    "vertices" : [ {
      "x" : -9.472136,
      "y" : -15.326238,
      "z" : 24.798374
    }, {
      "x" : -12.99151,
      "y" : -15.76553,
      "z" : 24.268583
    }, {
      "x" : 6.495755,
      "y" : -15.76553,
      "z" : -26.74974
    }, {
      "x" : 9.472136,
      "y" : -15.326238,
      "z" : -24.798374
    } ],
    "faces" : [ {
      "vertices" : [ 0, 1, 2 ]
    }, {
      "vertices" : [ 0, 2, 3 ]
    }, {
      "vertices" : [ 0, 3, 2 ]
    }, {
      "vertices" : [ 0, 2, 1 ]
    } ]
  }, {
    "id" : "627bfda1-d5d8-4316-b224-de3f5d9b4c9c",
    "vertices" : [ {
      "x" : 17.944271,
      "y" : 29.034441,
      "z" : -11.09017
    }, {
      "x" : 13.75823,
      "y" : 27.51646,
      "z" : -7.7363343
    }, {
      "x" : -27.51646,
      "y" : -7.7363343,
      "z" : -13.75823
    }, {
      "x" : -29.034441,
      "y" : -11.09017,
      "z" : -17.944271
    } ],
    "faces" : [ {
      "vertices" : [ 0, 1, 2 ]
    }, {
      "vertices" : [ 0, 2, 3 ]
    }, {
      "vertices" : [ 0, 3, 2 ]
    }, {
      "vertices" : [ 0, 2, 1 ]
    } ]
  }, {
    "id" : "71de4564-b9a2-4c05-bcf6-7796f6b8a7d7",
    "vertices" : [ {
      "x" : 0.0,
      "y" : 35.888542,
      "z" : 0.0
    }, {
      "x" : -3.2478776,
      "y" : 31.53106,
      "z" : -1.2405789
    }, {
      "x" : 6.495755,
      "y" : -15.76553,
      "z" : -26.74974
    }, {
      "x" : 11.09017,
      "y" : -17.944271,
      "z" : -29.034441
    } ],
    "faces" : [ {
      "vertices" : [ 0, 1, 2 ]
    }, {
      "vertices" : [ 0, 2, 3 ]
    }, {
      "vertices" : [ 0, 3, 2 ]
    }, {
      "vertices" : [ 0, 2, 1 ]
    } ]
  }, {
    "id" : "17e0850d-8d4e-497b-86ad-f43626d091cb",
    "vertices" : [ {
      "x" : 15.326238,
      "y" : 24.798374,
      "z" : -9.472136
    }, {
      "x" : 15.76553,
      "y" : 26.74974,
      "z" : -6.495755
    }, {
      "x" : -31.53106,
      "y" : 1.2405789,
      "z" : 3.2478776
    }, {
      "x" : -30.652475,
      "y" : 0.0,
      "z" : 0.0
    } ],
    "faces" : [ {
      "vertices" : [ 0, 1, 2 ]
    }, {
      "vertices" : [ 0, 2, 3 ]
    }, {
      "vertices" : [ 0, 3, 2 ]
    }, {
      "vertices" : [ 0, 2, 1 ]
    } ]
  }, {
    "id" : "e4f5831d-bc97-4c35-a502-459f58a19e88",
    "vertices" : [ {
      "x" : -24.798374,
      "y" : 9.472136,
      "z" : 15.326238
    }, {
      "x" : -24.268583,
      "y" : 12.99151,
      "z" : 15.76553
    }, {
      "x" : 26.74974,
      "y" : -6.495755,
      "z" : 15.76553
    }, {
      "x" : 24.798374,
      "y" : -9.472136,
      "z" : 15.326238
    } ],
    "faces" : [ {
      "vertices" : [ 0, 1, 2 ]
    }, {
      "vertices" : [ 0, 2, 3 ]
    }, {
      "vertices" : [ 0, 3, 2 ]
    }, {
      "vertices" : [ 0, 2, 1 ]
    } ]
  }, {
    "id" : "a6e9a96a-1c64-4de3-89e6-4203680a859c",
    "vertices" : [ {
      "x" : -15.326238,
      "y" : -24.798374,
      "z" : -9.472136
    }, {
      "x" : -15.76553,
      "y" : -26.74974,
      "z" : -6.495755
    }, {
      "x" : 31.53106,
      "y" : -1.2405789,
      "z" : 3.2478776
    }, {
      "x" : 30.652475,
      "y" : 0.0,
      "z" : 0.0
    } ],
    "faces" : [ {
      "vertices" : [ 0, 1, 2 ]
    }, {
      "vertices" : [ 0, 2, 3 ]
    }, {
      "vertices" : [ 0, 3, 2 ]
    }, {
      "vertices" : [ 0, 2, 1 ]
    } ]
  }, {
    "id" : "94cbcf42-0e71-4a9e-af85-e6751b6847db",
    "vertices" : [ {
      "x" : -17.944271,
      "y" : 29.034441,
      "z" : 11.09017
    }, {
      "x" : -15.76553,
      "y" : 26.74974,
      "z" : 6.495755
    }, {
      "x" : -15.76553,
      "y" : -24.268583,
      "z" : -12.99151
    }, {
      "x" : -17.944271,
      "y" : -29.034441,
      "z" : -11.09017
    } ],
    "faces" : [ {
      "vertices" : [ 0, 1, 2 ]
    }, {
      "vertices" : [ 0, 2, 3 ]
    }, {
      "vertices" : [ 0, 3, 2 ]
    }, {
      "vertices" : [ 0, 2, 1 ]
    } ]
  }, {
    "id" : "ff57e4fa-737b-45bd-bb97-8db874444693",
    "vertices" : [ {
      "x" : 0.0,
      "y" : 0.0,
      "z" : -35.888542
    }, {
      "x" : -1.2405789,
      "y" : -3.2478776,
      "z" : -31.53106
    }, {
      "x" : -26.74974,
      "y" : 6.495755,
      "z" : 15.76553
    }, {
      "x" : -29.034441,
      "y" : 11.09017,
      "z" : 17.944271
    } ],
    "faces" : [ {
      "vertices" : [ 0, 1, 2 ]
    }, {
      "vertices" : [ 0, 2, 3 ]
    }, {
      "vertices" : [ 0, 3, 2 ]
    }, {
      "vertices" : [ 0, 2, 1 ]
    } ]
  }, {
    "id" : "a2f9ec98-7a35-4b31-9a22-e221e2f8470a",
    "vertices" : [ {
      "x" : 0.0,
      "y" : -35.888542,
      "z" : 0.0
    }, {
      "x" : -3.2478776,
      "y" : -31.53106,
      "z" : -1.2405789
    }, {
      "x" : 6.495755,
      "y" : 15.76553,
      "z" : -26.74974
    }, {
      "x" : 11.09017,
      "y" : 17.944271,
      "z" : -29.034441
    } ],
    "faces" : [ {
      "vertices" : [ 0, 1, 2 ]
    }, {
      "vertices" : [ 0, 2, 3 ]
    }, {
      "vertices" : [ 0, 3, 2 ]
    }, {
      "vertices" : [ 0, 2, 1 ]
    } ]
  }, {
    "id" : "f49cdc6b-a60a-48ca-8cda-ca582e1ce3c6",
    "vertices" : [ {
      "x" : 24.798374,
      "y" : 9.472136,
      "z" : 15.326238
    }, {
      "x" : 26.74974,
      "y" : 6.495755,
      "z" : 15.76553
    }, {
      "x" : 1.2405789,
      "y" : -3.2478776,
      "z" : -31.53106
    }, {
      "x" : 0.0,
      "y" : 0.0,
      "z" : -30.652475
    } ],
    "faces" : [ {
      "vertices" : [ 0, 1, 2 ]
    }, {
      "vertices" : [ 0, 2, 3 ]
    }, {
      "vertices" : [ 0, 3, 2 ]
    }, {
      "vertices" : [ 0, 2, 1 ]
    } ]
  }, {
    "id" : "05bba3d9-e43c-425b-be81-86a7ca920778",
    "vertices" : [ {
      "x" : 29.034441,
      "y" : -11.09017,
      "z" : 17.944271
    }, {
      "x" : 26.74974,
      "y" : -6.495755,
      "z" : 15.76553
    }, {
      "x" : -24.268583,
      "y" : 12.99151,
      "z" : 15.76553
    }, {
      "x" : -29.034441,
      "y" : 11.09017,
      "z" : 17.944271
    } ],
    "faces" : [ {
      "vertices" : [ 0, 1, 2 ]
    }, {
      "vertices" : [ 0, 2, 3 ]
    }, {
      "vertices" : [ 0, 3, 2 ]
    }, {
      "vertices" : [ 0, 2, 1 ]
    } ]
  }, {
    "id" : "e312fe58-0b14-4dda-b52a-c53e611e49ff",
    "vertices" : [ {
      "x" : -11.09017,
      "y" : -17.944271,
      "z" : 29.034441
    }, {
      "x" : -11.750932,
      "y" : -17.77283,
      "z" : 23.501863
    }, {
      "x" : 23.501863,
      "y" : -11.750932,
      "z" : -17.77283
    }, {
      "x" : 29.034441,
      "y" : -11.09017,
      "z" : -17.944271
    } ],
    "faces" : [ {
      "vertices" : [ 0, 1, 2 ]
    }, {
      "vertices" : [ 0, 2, 3 ]
    }, {
      "vertices" : [ 0, 3, 2 ]
    }, {
      "vertices" : [ 0, 2, 1 ]
    } ]
  }, {
    "id" : "f200becf-63aa-4b1a-926a-ae60e1b300ce",
    "vertices" : [ {
      "x" : -11.09017,
      "y" : -17.944271,
      "z" : -29.034441
    }, {
      "x" : -12.99151,
      "y" : -15.76553,
      "z" : -24.268583
    }, {
      "x" : -3.2478776,
      "y" : 31.53106,
      "z" : 1.2405789
    }, {
      "x" : 0.0,
      "y" : 35.888542,
      "z" : 0.0
    } ],
    "faces" : [ {
      "vertices" : [ 0, 1, 2 ]
    }, {
      "vertices" : [ 0, 2, 3 ]
    }, {
      "vertices" : [ 0, 3, 2 ]
    }, {
      "vertices" : [ 0, 2, 1 ]
    } ]
  }, {
    "id" : "8b3873d4-3f16-4376-a4b2-3f9aae0ce7cd",
    "vertices" : [ {
      "x" : -15.326238,
      "y" : -24.798374,
      "z" : 9.472136
    }, {
      "x" : -15.76553,
      "y" : -24.268583,
      "z" : 12.99151
    }, {
      "x" : -15.76553,
      "y" : 26.74974,
      "z" : -6.495755
    }, {
      "x" : -15.326238,
      "y" : 24.798374,
      "z" : -9.472136
    } ],
    "faces" : [ {
      "vertices" : [ 0, 1, 2 ]
    }, {
      "vertices" : [ 0, 2, 3 ]
    }, {
      "vertices" : [ 0, 3, 2 ]
    }, {
      "vertices" : [ 0, 2, 1 ]
    } ]
  }, {
    "id" : "e9f4d64e-e158-49e9-9dae-2a4d9e96d2ae",
    "vertices" : [ {
      "x" : -24.798374,
      "y" : -9.472136,
      "z" : -15.326238
    }, {
      "x" : -24.268583,
      "y" : -12.99151,
      "z" : -15.76553
    }, {
      "x" : 26.74974,
      "y" : 6.495755,
      "z" : -15.76553
    }, {
      "x" : 24.798374,
      "y" : 9.472136,
      "z" : -15.326238
    } ],
    "faces" : [ {
      "vertices" : [ 0, 1, 2 ]
    }, {
      "vertices" : [ 0, 2, 3 ]
    }, {
      "vertices" : [ 0, 3, 2 ]
    }, {
      "vertices" : [ 0, 2, 1 ]
    } ]
  }, {
    "id" : "a39fc31a-f5e4-49ff-bf2e-e88074a0f8eb",
    "vertices" : [ {
      "x" : -15.326238,
      "y" : 24.798374,
      "z" : 9.472136
    }, {
      "x" : -17.77283,
      "y" : 23.501863,
      "z" : 11.750932
    }, {
      "x" : 23.501863,
      "y" : -11.750932,
      "z" : 17.77283
    }, {
      "x" : 24.798374,
      "y" : -9.472136,
      "z" : 15.326238
    } ],
    "faces" : [ {
      "vertices" : [ 0, 1, 2 ]
    }, {
      "vertices" : [ 0, 2, 3 ]
    }, {
      "vertices" : [ 0, 3, 2 ]
    }, {
      "vertices" : [ 0, 2, 1 ]
    } ]
  }, {
    "id" : "af90145f-a941-4b46-85dc-5cfbb1874d94",
    "vertices" : [ {
      "x" : 24.798374,
      "y" : 9.472136,
      "z" : -15.326238
    }, {
      "x" : 27.51646,
      "y" : 7.7363343,
      "z" : -13.75823
    }, {
      "x" : -13.75823,
      "y" : -27.51646,
      "z" : -7.7363343
    }, {
      "x" : -15.326238,
      "y" : -24.798374,
      "z" : -9.472136
    } ],
    "faces" : [ {
      "vertices" : [ 0, 1, 2 ]
    }, {
      "vertices" : [ 0, 2, 3 ]
    }, {
      "vertices" : [ 0, 3, 2 ]
    }, {
      "vertices" : [ 0, 2, 1 ]
    } ]
  }, {
    "id" : "d4fae902-860f-4c6f-a68b-4c525c32b1be",
    "vertices" : [ {
      "x" : 24.798374,
      "y" : -9.472136,
      "z" : -15.326238
    }, {
