{
  "field" : "golden",
  "symmetry" : "icosahedral",
  "orientations" : [ [ 1.0, 0.0, 0.0, 0.0, 0.0, 1.0, 0.0, 0.0, 0.0, 0.0, 1.0, 0.0, 0.0, 0.0, 0.0, 1.0 ], [ 0.0, 0.0, 1.0, 0.0, 1.0, 0.0, 0.0, 0.0, 0.0, 1.0, 0.0, 0.0, 0.0, 0.0, 0.0, 1.0 ], [ 0.0, 1.0, 0.0, 0.0, 0.0, 0.0, 1.0, 0.0, 1.0, 0.0, 0.0, 0.0, 0.0, 0.0, 0.0, 1.0 ], [ 0.809017, 0.309017, 0.5, 0.0, 0.309017, 0.5, -0.809017, 0.0, -0.5, 0.809017, 0.309017, 0.0, 0.0, 0.0, 0.0, 1.0 ], [ -0.5, 0.809017, 0.309017, 0.0, 0.809017, 0.309017, 0.5, 0.0, 0.309017, 0.5, -0.809017, 0.0, 0.0, 0.0, 0.0, 1.0 ], [ 0.309017, 0.5, -0.809017, 0.0, -0.5, 0.809017, 0.309017, 0.0, 0.809017, 0.309017, 0.5, 0.0, 0.0, 0.0, 0.0, 1.0 ], [ 0.5, 0.809017, 0.309017, 0.0, 0.809017, -0.309017, -0.5, 0.0, -0.309017, 0.5, -0.809017, 0.0, 0.0, 0.0, 0.0, 1.0 ], [ -0.309017, 0.5, -0.809017, 0.0, 0.5, 0.809017, 0.309017, 0.0, 0.809017, -0.309017, -0.5, 0.0, 0.0, 0.0, 0.0, 1.0 ], [ 0.809017, -0.309017, -0.5, 0.0, -0.309017, 0.5, -0.809017, 0.0, 0.5, 0.809017, 0.309017, 0.0, 0.0, 0.0, 0.0, 1.0 ], [ 0.5, 0.809017, -0.309017, 0.0, 0.809017, -0.309017, 0.5, 0.0, 0.309017, -0.5, -0.809017, 0.0, 0.0, 0.0, 0.0, 1.0 ], [ 0.309017, -0.5, -0.809017, 0.0, 0.5, 0.809017, -0.309017, 0.0, 0.809017, -0.309017, 0.5, 0.0, 0.0, 0.0, 0.0, 1.0 ], [ 0.809017, -0.309017, 0.5, 0.0, 0.309017, -0.5, -0.809017, 0.0, 0.5, 0.809017, -0.309017, 0.0, 0.0, 0.0, 0.0, 1.0 ], [ 0.809017, 0.309017, -0.5, 0.0, 0.309017, 0.5, 0.809017, 0.0, 0.5, -0.809017, 0.309017, 0.0, 0.0, 0.0, 0.0, 1.0 ], [ 0.5, -0.809017, 0.309017, 0.0, 0.809017, 0.309017, -0.5, 0.0, 0.309017, 0.5, 0.809017, 0.0, 0.0, 0.0, 0.0, 1.0 ], [ 0.309017, 0.5, 0.809017, 0.0, 0.5, -0.809017, 0.309017, 0.0, 0.809017, 0.309017, -0.5, 0.0, 0.0, 0.0, 0.0, 1.0 ], [ 1.0, 0.0, 0.0, 0.0, 0.0, -1.0, 0.0, 0.0, 0.0, 0.0, -1.0, 0.0, 0.0, 0.0, 0.0, 1.0 ], [ 0.0, 0.0, 1.0, 0.0, -1.0, 0.0, 0.0, 0.0, 0.0, -1.0, 0.0, 0.0, 0.0, 0.0, 0.0, 1.0 ], [ 0.0, 1.0, 0.0, 0.0, 0.0, 0.0, -1.0, 0.0, -1.0, 0.0, 0.0, 0.0, 0.0, 0.0, 0.0, 1.0 ], [ 0.809017, 0.309017, 0.5, 0.0, -0.309017, -0.5, 0.809017, 0.0, 0.5, -0.809017, -0.309017, 0.0, 0.0, 0.0, 0.0, 1.0 ], [ -0.5, 0.809017, 0.309017, 0.0, -0.809017, -0.309017, -0.5, 0.0, -0.309017, -0.5, 0.809017, 0.0, 0.0, 0.0, 0.0, 1.0 ], [ 0.309017, 0.5, -0.809017, 0.0, 0.5, -0.809017, -0.309017, 0.0, -0.809017, -0.309017, -0.5, 0.0, 0.0, 0.0, 0.0, 1.0 ], [ 0.5, 0.809017, 0.309017, 0.0, -0.809017, 0.309017, 0.5, 0.0, 0.309017, -0.5, 0.809017, 0.0, 0.0, 0.0, 0.0, 1.0 ], [ -0.309017, 0.5, -0.809017, 0.0, -0.5, -0.809017, -0.309017, 0.0, -0.809017, 0.309017, 0.5, 0.0, 0.0, 0.0, 0.0, 1.0 ], [ 0.809017, -0.309017, -0.5, 0.0, 0.309017, -0.5, 0.809017, 0.0, -0.5, -0.809017, -0.309017, 0.0, 0.0, 0.0, 0.0, 1.0 ], [ 0.5, 0.809017, -0.309017, 0.0, -0.809017, 0.309017, -0.5, 0.0, -0.309017, 0.5, 0.809017, 0.0, 0.0, 0.0, 0.0, 1.0 ], [ 0.309017, -0.5, -0.809017, 0.0, -0.5, -0.809017, 0.309017, 0.0, -0.809017, 0.309017, -0.5, 0.0, 0.0, 0.0, 0.0, 1.0 ], [ 0.809017, -0.309017, 0.5, 0.0, -0.309017, 0.5, 0.809017, 0.0, -0.5, -0.809017, 0.309017, 0.0, 0.0, 0.0, 0.0, 1.0 ], [ 0.809017, 0.309017, -0.5, 0.0, -0.309017, -0.5, -0.809017, 0.0, -0.5, 0.809017, -0.309017, 0.0, 0.0, 0.0, 0.0, 1.0 ], [ 0.5, -0.809017, 0.309017, 0.0, -0.809017, -0.309017, 0.5, 0.0, -0.309017, -0.5, -0.809017, 0.0, 0.0, 0.0, 0.0, 1.0 ], [ 0.309017, 0.5, 0.809017, 0.0, -0.5, 0.809017, -0.309017, 0.0, -0.809017, -0.309017, 0.5, 0.0, 0.0, 0.0, 0.0, 1.0 ], [ -1.0, 0.0, 0.0, 0.0, 0.0, -1.0, 0.0, 0.0, 0.0, 0.0, 1.0, 0.0, 0.0, 0.0, 0.0, 1.0 ], [ 0.0, 0.0, -1.0, 0.0, -1.0, 0.0, 0.0, 0.0, 0.0, 1.0, 0.0, 0.0, 0.0, 0.0, 0.0, 1.0 ], [ 0.0, -1.0, 0.0, 0.0, 0.0, 0.0, -1.0, 0.0, 1.0, 0.0, 0.0, 0.0, 0.0, 0.0, 0.0, 1.0 ], [ -0.809017, -0.309017, -0.5, 0.0, -0.309017, -0.5, 0.809017, 0.0, -0.5, 0.809017, 0.309017, 0.0, 0.0, 0.0, 0.0, 1.0 ], [ 0.5, -0.809017, -0.309017, 0.0, -0.809017, -0.309017, -0.5, 0.0, 0.309017, 0.5, -0.809017, 0.0, 0.0, 0.0, 0.0, 1.0 ], [ -0.309017, -0.5, 0.809017, 0.0, 0.5, -0.809017, -0.309017, 0.0, 0.809017, 0.309017, 0.5, 0.0, 0.0, 0.0, 0.0, 1.0 ], [ -0.5, -0.809017, -0.309017, 0.0, -0.809017, 0.309017, 0.5, 0.0, -0.309017, 0.5, -0.809017, 0.0, 0.0, 0.0, 0.0, 1.0 ], [ 0.309017, -0.5, 0.809017, 0.0, -0.5, -0.809017, -0.309017, 0.0, 0.809017, -0.309017, -0.5, 0.0, 0.0, 0.0, 0.0, 1.0 ], [ -0.809017, 0.309017, 0.5, 0.0, 0.309017, -0.5, 0.809017, 0.0, 0.5, 0.809017, 0.309017, 0.0, 0.0, 0.0, 0.0, 1.0 ], [ -0.5, -0.809017, 0.309017, 0.0, -0.809017, 0.309017, -0.5, 0.0, 0.309017, -0.5, -0.809017, 0.0, 0.0, 0.0, 0.0, 1.0 ], [ -0.309017, 0.5, 0.809017, 0.0, -0.5, -0.809017, 0.309017, 0.0, 0.809017, -0.309017, 0.5, 0.0, 0.0, 0.0, 0.0, 1.0 ], [ -0.809017, 0.309017, -0.5, 0.0, -0.309017, 0.5, 0.809017, 0.0, 0.5, 0.809017, -0.309017, 0.0, 0.0, 0.0, 0.0, 1.0 ], [ -0.809017, -0.309017, 0.5, 0.0, -0.309017, -0.5, -0.809017, 0.0, 0.5, -0.809017, 0.309017, 0.0, 0.0, 0.0, 0.0, 1.0 ], [ -0.5, 0.809017, -0.309017, 0.0, -0.809017, -0.309017, 0.5, 0.0, 0.309017, 0.5, 0.809017, 0.0, 0.0, 0.0, 0.0, 1.0 ], [ -0.309017, -0.5, -0.809017, 0.0, -0.5, 0.809017, -0.309017, 0.0, 0.809017, 0.309017, -0.5, 0.0, 0.0, 0.0, 0.0, 1.0 ], [ -1.0, 0.0, 0.0, 0.0, 0.0, 1.0, 0.0, 0.0, 0.0, 0.0, -1.0, 0.0, 0.0, 0.0, 0.0, 1.0 ], [ 0.0, 0.0, -1.0, 0.0, 1.0, 0.0, 0.0, 0.0, 0.0, -1.0, 0.0, 0.0, 0.0, 0.0, 0.0, 1.0 ], [ 0.0, -1.0, 0.0, 0.0, 0.0, 0.0, 1.0, 0.0, -1.0, 0.0, 0.0, 0.0, 0.0, 0.0, 0.0, 1.0 ], [ -0.809017, -0.309017, -0.5, 0.0, 0.309017, 0.5, -0.809017, 0.0, 0.5, -0.809017, -0.309017, 0.0, 0.0, 0.0, 0.0, 1.0 ], [ 0.5, -0.809017, -0.309017, 0.0, 0.809017, 0.309017, 0.5, 0.0, -0.309017, -0.5, 0.809017, 0.0, 0.0, 0.0, 0.0, 1.0 ], [ -0.309017, -0.5, 0.809017, 0.0, -0.5, 0.809017, 0.309017, 0.0, -0.809017, -0.309017, -0.5, 0.0, 0.0, 0.0, 0.0, 1.0 ], [ -0.5, -0.809017, -0.309017, 0.0, 0.809017, -0.309017, -0.5, 0.0, 0.309017, -0.5, 0.809017, 0.0, 0.0, 0.0, 0.0, 1.0 ], [ 0.309017, -0.5, 0.809017, 0.0, 0.5, 0.809017, 0.309017, 0.0, -0.809017, 0.309017, 0.5, 0.0, 0.0, 0.0, 0.0, 1.0 ], [ -0.809017, 0.309017, 0.5, 0.0, -0.309017, 0.5, -0.809017, 0.0, -0.5, -0.809017, -0.309017, 0.0, 0.0, 0.0, 0.0, 1.0 ], [ -0.5, -0.809017, 0.309017, 0.0, 0.809017, -0.309017, 0.5, 0.0, -0.309017, 0.5, 0.809017, 0.0, 0.0, 0.0, 0.0, 1.0 ], [ -0.309017, 0.5, 0.809017, 0.0, 0.5, 0.809017, -0.309017, 0.0, -0.809017, 0.309017, -0.5, 0.0, 0.0, 0.0, 0.0, 1.0 ], [ -0.809017, 0.309017, -0.5, 0.0, 0.309017, -0.5, -0.809017, 0.0, -0.5, -0.809017, 0.309017, 0.0, 0.0, 0.0, 0.0, 1.0 ], [ -0.809017, -0.309017, 0.5, 0.0, 0.309017, 0.5, 0.809017, 0.0, -0.5, 0.809017, -0.309017, 0.0, 0.0, 0.0, 0.0, 1.0 ], [ -0.5, 0.809017, -0.309017, 0.0, 0.809017, 0.309017, -0.5, 0.0, -0.309017, -0.5, -0.809017, 0.0, 0.0, 0.0, 0.0, 1.0 ], [ -0.309017, -0.5, -0.809017, 0.0, 0.5, -0.809017, 0.309017, 0.0, -0.809017, -0.309017, 0.5, 0.0, 0.0, 0.0, 0.0, 1.0 ] ],
  "lights" : {
    "ambientColor" : "#292929",
    "backgroundColor" : "#CCCCCC",
    "directionalLights" : [ {
      "direction" : {
        "x" : 1.0,
        "y" : -1.0,
        "z" : -1.0
      },
      "color" : "#EBEBE4"
    }, {
      "direction" : {
        "x" : -1.0,
        "y" : 0.0,
        "z" : 0.0
      },
      "color" : "#E4E4EB"
    }, {
      "direction" : {
        "x" : 0.0,
        "y" : 0.0,
        "z" : -1.0
      },
      "color" : "#1E1E1E"
    } ]
  },
  "camera" : {
    "width" : 111.09359,
    "stereo" : false,
    "lookDirection" : {
      "x" : 0.0,
      "y" : 0.0,
      "z" : -1.0
    },
    "upDirection" : {
      "x" : 0.0,
      "y" : 1.0,
      "z" : 0.0
    },
    "lookAtPoint" : {
      "x" : 0.0,
      "y" : 0.0,
      "z" : 0.0
    },
    "viewDistance" : 246.87433,
    "nearClipDistance" : 0.61718714,
    "farClipDistance" : 493.7497,
    "fieldOfView" : 0.44262943,
    "perspective" : true,
    "position" : {
      "x" : 0.0,
      "y" : 0.0,
      "z" : 246.87433
    }
  },
  "embedding" : [ 1.0, 0.0, 0.0, 0.0, 0.0, 1.0, 0.0, 0.0, 0.0, 0.0, 1.0, 0.0, 0.0, 0.0, 0.0, 1.0 ],
  "shapes" : [ {
    "id" : "8b96f23a-da51-427d-82a9-27073b516d1f",
    "vertices" : [ {
      "x" : 0.0,
      "y" : 30.652475,
      "z" : 0.0
    }, {
      "x" : 3.2478776,
      "y" : 31.53106,
      "z" : -1.2405789
    }, {
      "x" : 12.99151,
      "y" : -15.76553,
      "z" : 24.268583
    }, {
      "x" : 9.472136,
      "y" : -15.326238,
      "z" : 24.798374
    } ],
    "faces" : [ {
      "vertices" : [ 0, 1, 2 ]
    }, {
      "vertices" : [ 0, 2, 3 ]
    }, {
      "vertices" : [ 0, 3, 2 ]
    }, {
      "vertices" : [ 0, 2, 1 ]
    } ]
  }, {
    "id" : "6407f977-e6b5-45bf-85a9-35e70dd64635",
    "vertices" : [ {
      "x" : 24.798374,
      "y" : 9.472136,
      "z" : -15.326238
    }, {
      "x" : 23.501863,
      "y" : 11.750932,
      "z" : -17.77283
    }, {
      "x" : -11.750932,
      "y" : 17.77283,
      "z" : 23.501863
    }, {
      "x" : -9.472136,
      "y" : 15.326238,
      "z" : 24.798374
    } ],
    "faces" : [ {
      "vertices" : [ 0, 1, 2 ]
    }, {
      "vertices" : [ 0, 2, 3 ]
    }, {
      "vertices" : [ 0, 3, 2 ]
    }, {
      "vertices" : [ 0, 2, 1 ]
    } ]
  }, {
    "id" : "a25d3591-591b-440d-8bb2-644e195c150d",
    "vertices" : [ {
      "x" : -11.09017,
      "y" : 17.944271,
      "z" : 29.034441
    }, {
      "x" : -6.495755,
      "y" : 15.76553,
      "z" : 26.74974
    }, {
      "x" : 12.99151,
      "y" : 15.76553,
      "z" : -24.268583
    }, {
      "x" : 11.09017,
      "y" : 17.944271,
      "z" : -29.034441
    } ],
    "faces" : [ {
      "vertices" : [ 0, 1, 2 ]
    }, {
      "vertices" : [ 0, 2, 3 ]
    }, {
      "vertices" : [ 0, 3, 2 ]
    }, {
      "vertices" : [ 0, 2, 1 ]
    } ]
  }, {
    "id" : "87fe276a-2d1f-4945-a81a-ca156d162620",
    "vertices" : [ {
      "x" : 0.0,
      "y" : 35.888542,
      "z" : 0.0
    }, {
      "x" : 3.2478776,
      "y" : 31.53106,
      "z" : -1.2405789
    }, {
      "x" : -6.495755,
      "y" : -15.76553,
      "z" : -26.74974
    }, {
      "x" : -11.09017,
      "y" : -17.944271,
      "z" : -29.034441
    } ],
    "faces" : [ {
      "vertices" : [ 0, 1, 2 ]
    }, {
      "vertices" : [ 0, 2, 3 ]
    }, {
      "vertices" : [ 0, 3, 2 ]
    }, {
      "vertices" : [ 0, 2, 1 ]
    } ]
  }, {
    "id" : "c8cca4b1-d75a-485a-950b-3f2099ed5e58",
    "vertices" : [ {
      "x" : 0.0,
      "y" : 30.652475,
      "z" : 0.0
    }, {
      "x" : -3.2478776,
      "y" : 31.53106,
      "z" : -1.2405789
    }, {
      "x" : -12.99151,
      "y" : -15.76553,
      "z" : 24.268583
    }, {
      "x" : -9.472136,
      "y" : -15.326238,
      "z" : 24.798374
    } ],
    "faces" : [ {
      "vertices" : [ 0, 1, 2 ]
    }, {
      "vertices" : [ 0, 2, 3 ]
    }, {
      "vertices" : [ 0, 3, 2 ]
    }, {
      "vertices" : [ 0, 2, 1 ]
    } ]
  }, {
    "id" : "275d5a75-7b9c-4094-8415-ca24b3f32abf",
    "vertices" : [ {
      "x" : 9.472136,
      "y" : -15.326238,
      "z" : 24.798374
    }, {
      "x" : 11.750932,
      "y" : -17.77283,
      "z" : 23.501863
    }, {
      "x" : 17.77283,
      "y" : 23.501863,
      "z" : -11.750932
    }, {
      "x" : 15.326238,
      "y" : 24.798374,
      "z" : -9.472136
    } ],
    "faces" : [ {
      "vertices" : [ 0, 1, 2 ]
    }, {
      "vertices" : [ 0, 2, 3 ]
    }, {
      "vertices" : [ 0, 3, 2 ]
    }, {
      "vertices" : [ 0, 2, 1 ]
    } ]
  }, {
    "id" : "06ca4538-b1cb-4924-b0fe-cb17f26b68ac",
    "vertices" : [ {
      "x" : -17.944271,
      "y" : -29.034441,
      "z" : -11.09017
    }, {
      "x" : -17.77283,
      "y" : -23.501863,
      "z" : -11.750932
    }, {
      "x" : -11.750932,
      "y" : 17.77283,
      "z" : 23.501863
    }, {
      "x" : -11.09017,
      "y" : 17.944271,
      "z" : 29.034441
    } ],
    "faces" : [ {
      "vertices" : [ 0, 1, 2 ]
    }, {
      "vertices" : [ 0, 2, 3 ]
    }, {
      "vertices" : [ 0, 3, 2 ]
    }, {
      "vertices" : [ 0, 2, 1 ]
    } ]
  }, {
    "id" : "0ca4068b-7f00-4534-b408-2471ec2fd9fb",
    "vertices" : [ {
      "x" : 24.798374,
      "y" : -9.472136,
      "z" : -15.326238
    }, {
      "x" : 26.74974,
      "y" : -6.495755,
      "z" : -15.76553
    }, {
      "x" : 1.2405789,
      "y" : 3.2478776,
      "z" : 31.53106
    }, {
      "x" : 0.0,
      "y" : 0.0,
      "z" : 30.652475
    } ],
    "faces" : [ {
      "vertices" : [ 0, 1, 2 ]
    }, {
      "vertices" : [ 0, 2, 3 ]
    }, {
      "vertices" : [ 0, 3, 2 ]
    }, {
      "vertices" : [ 0, 2, 1 ]
    } ]
  }, {
    "id" : "da42c232-a731-40c9-8e5b-f66e5b258f75",
    "vertices" : [ {
      "x" : 0.0,
      "y" : 0.0,
      "z" : -30.652475
    }, {
      "x" : -1.2405789,
      "y" : -3.2478776,
      "z" : -31.53106
    }, {
      "x" : 24.268583,
      "y" : -12.99151,
      "z" : 15.76553
    }, {
      "x" : 24.798374,
      "y" : -9.472136,
      "z" : 15.326238
    } ],
    "faces" : [ {
      "vertices" : [ 0, 1, 2 ]
    }, {
      "vertices" : [ 0, 2, 3 ]
    }, {
      "vertices" : [ 0, 3, 2 ]
    }, {
      "vertices" : [ 0, 2, 1 ]
    } ]
  }, {
    "id" : "4d7b7bd0-5270-4eca-86de-ee46c8f23476",
    "vertices" : [ {
      "x" : -35.888542,
      "y" : 0.0,
      "z" : 0.0
    }, {
      "x" : -31.53106,
      "y" : 1.2405789,
      "z" : 3.2478776
    }, {
      "x" : 15.76553,
      "y" : 26.74974,
      "z" : -6.495755
    }, {
      "x" : 17.944271,
      "y" : 29.034441,
      "z" : -11.09017
    } ],
    "faces" : [ {
      "vertices" : [ 0, 1, 2 ]
    }, {
      "vertices" : [ 0, 2, 3 ]
    }, {
      "vertices" : [ 0, 3, 2 ]
    }, {
      "vertices" : [ 0, 2, 1 ]
    } ]
  }, {
    "id" : "a4926575-1d56-4fdd-bfa9-f4e0d6db4a3f",
    "vertices" : [ {
      "x" : -29.034441,
      "y" : 11.09017,
      "z" : -17.944271
    }, {
      "x" : -24.268583,
      "y" : 12.99151,
      "z" : -15.76553
    }, {
      "x" : 1.2405789,
      "y" : 3.2478776,
      "z" : 31.53106
    }, {
      "x" : 0.0,
      "y" : 0.0,
      "z" : 35.888542
    } ],
    "faces" : [ {
      "vertices" : [ 0, 1, 2 ]
    }, {
      "vertices" : [ 0, 2, 3 ]
    }, {
      "vertices" : [ 0, 3, 2 ]
    }, {
      "vertices" : [ 0, 2, 1 ]
    } ]
  }, {
    "id" : "4e9d7b95-c53a-440b-8398-0e50f368a9b6",
    "vertices" : [ {
      "x" : 17.944271,
      "y" : 29.034441,
      "z" : 11.09017
    }, {
      "x" : 15.76553,
      "y" : 24.268583,
      "z" : 12.99151
    }, {
      "x" : -31.53106,
      "y" : -1.2405789,
      "z" : 3.2478776
    }, {
      "x" : -35.888542,
      "y" : 0.0,
      "z" : 0.0
    } ],
    "faces" : [ {
      "vertices" : [ 0, 1, 2 ]
    }, {
      "vertices" : [ 0, 2, 3 ]
    }, {
      "vertices" : [ 0, 3, 2 ]
    }, {
      "vertices" : [ 0, 2, 1 ]
    } ]
  }, {
    "id" : "09e3da17-eab7-4618-a7c9-118b561ca6c0",
    "vertices" : [ {
      "x" : 24.798374,
      "y" : 9.472136,
      "z" : 15.326238
    }, {
      "x" : 26.74974,
      "y" : 6.495755,
      "z" : 15.76553
    }, {
      "x" : 1.2405789,
      "y" : -3.2478776,
      "z" : -31.53106
    }, {
      "x" : 0.0,
      "y" : 0.0,
      "z" : -30.652475
    } ],
    "faces" : [ {
      "vertices" : [ 0, 1, 2 ]
    }, {
      "vertices" : [ 0, 2, 3 ]
    }, {
      "vertices" : [ 0, 3, 2 ]
    }, {
      "vertices" : [ 0, 2, 1 ]
    } ]
  }, {
    "id" : "12b53e14-2c2b-4724-926a-575fa17772fe",
    "vertices" : [ {
      "x" : 11.09017,
      "y" : -17.944271,
      "z" : 29.034441
    }, {
      "x" : 11.750932,
      "y" : -17.77283,
      "z" : 23.501863
    }, {
      "x" : -23.501863,
      "y" : -11.750932,
      "z" : -17.77283
    }, {
      "x" : -29.034441,
      "y" : -11.09017,
      "z" : -17.944271
    } ],
    "faces" : [ {
      "vertices" : [ 0, 1, 2 ]
    }, {
      "vertices" : [ 0, 2, 3 ]
    }, {
      "vertices" : [ 0, 3, 2 ]
    }, {
      "vertices" : [ 0, 2, 1 ]
    } ]
  }, {
    "id" : "22a7e051-7d10-483a-aa9d-fc70245f07ea",
    "vertices" : [ {
      "x" : -9.472136,
      "y" : -15.326238,
      "z" : -24.798374
    }, {
      "x" : -6.495755,
      "y" : -15.76553,
      "z" : -26.74974
    }, {
      "x" : 3.2478776,
      "y" : 31.53106,
      "z" : -1.2405789
    }, {
      "x" : 0.0,
      "y" : 30.652475,
      "z" : 0.0
    } ],
    "faces" : [ {
      "vertices" : [ 0, 1, 2 ]
    }, {
      "vertices" : [ 0, 2, 3 ]
    }, {
      "vertices" : [ 0, 3, 2 ]
    }, {
      "vertices" : [ 0, 2, 1 ]
    } ]
  }, {
    "id" : "3c31fa99-1677-4d8e-b3f0-122ace5d868a",
    "vertices" : [ {
      "x" : -15.326238,
      "y" : 24.798374,
      "z" : -9.472136
    }, {
      "x" : -15.76553,
      "y" : 24.268583,
      "z" : -12.99151
    }, {
      "x" : -15.76553,
      "y" : -26.74974,
      "z" : 6.495755
    }, {
      "x" : -15.326238,
      "y" : -24.798374,
      "z" : 9.472136
    } ],
    "faces" : [ {
      "vertices" : [ 0, 1, 2 ]
    }, {
      "vertices" : [ 0, 2, 3 ]
    }, {
      "vertices" : [ 0, 3, 2 ]
    }, {
      "vertices" : [ 0, 2, 1 ]
    } ]
  }, {
    "id" : "395787cc-8938-41b8-afe0-2cd7ccfe78ac",
    "vertices" : [ {
      "x" : 0.0,
      "y" : 0.0,
      "z" : -35.888542
    }, {
      "x" : -1.2405789,
      "y" : 3.2478776,
      "z" : -31.53106
    }, {
      "x" : -26.74974,
      "y" : -6.495755,
      "z" : 15.76553
    }, {
      "x" : -29.034441,
      "y" : -11.09017,
      "z" : 17.944271
    } ],
    "faces" : [ {
      "vertices" : [ 0, 1, 2 ]
    }, {
      "vertices" : [ 0, 2, 3 ]
    }, {
      "vertices" : [ 0, 3, 2 ]
    }, {
      "vertices" : [ 0, 2, 1 ]
    } ]
  }, {
    "id" : "485cf8fc-0722-4109-a0a2-17eedf1b5370",
    "vertices" : [ {
      "x" : 29.034441,
      "y" : 11.09017,
      "z" : 17.944271
    }, {
      "x" : 24.268583,
      "y" : 12.99151,
      "z" : 15.76553
    }, {
      "x" : -1.2405789,
      "y" : 3.2478776,
      "z" : -31.53106
    }, {
      "x" : 0.0,
      "y" : 0.0,
      "z" : -35.888542
    } ],
    "faces" : [ {
      "vertices" : [ 0, 1, 2 ]
    }, {
      "vertices" : [ 0, 2, 3 ]
    }, {
      "vertices" : [ 0, 3, 2 ]
    }, {
      "vertices" : [ 0, 2, 1 ]
    } ]
  }, {
    "id" : "86679878-5fb1-4546-92c9-dfa28a97c428",
    "vertices" : [ {
      "x" : -15.326238,
      "y" : 24.798374,
      "z" : 9.472136
    }, {
      "x" : -15.76553,
      "y" : 26.74974,
      "z" : 6.495755
    }, {
      "x" : 31.53106,
      "y" : 1.2405789,
      "z" : -3.2478776
    }, {
      "x" : 30.652475,
      "y" : 0.0,
      "z" : 0.0
    } ],
    "faces" : [ {
      "vertices" : [ 0, 1, 2 ]
    }, {
      "vertices" : [ 0, 2, 3 ]
    }, {
      "vertices" : [ 0, 3, 2 ]
    }, {
      "vertices" : [ 0, 2, 1 ]
    } ]
  }, {
    "id" : "92af817e-a31d-4290-b593-c5232093dd5f",
    "vertices" : [ {
      "x" : -24.798374,
      "y" : 9.472136,
      "z" : -15.326238
    }, {
      "x" : -23.501863,
      "y" : 11.750932,
      "z" : -17.77283
    }, {
      "x" : 11.750932,
      "y" : 17.77283,
      "z" : 23.501863
    }, {
      "x" : 9.472136,
      "y" : 15.326238,
      "z" : 24.798374
    } ],
    "faces" : [ {
      "vertices" : [ 0, 1, 2 ]
    }, {
      "vertices" : [ 0, 2, 3 ]
    }, {
      "vertices" : [ 0, 3, 2 ]
    }, {
      "vertices" : [ 0, 2, 1 ]
    } ]
  }, {
    "id" : "2c4ef51e-fbd9-4712-8043-ab716319becf",
    "vertices" : [ {
      "x" : -11.09017,
      "y" : 17.944271,
      "z" : 29.034441
    }, {
      "x" : -7.7363343,
      "y" : 13.75823,
      "z" : 27.51646
    }, {
      "x" : -13.75823,
      "y" : -27.51646,
      "z" : -7.7363343
    }, {
      "x" : -17.944271,
      "y" : -29.034441,
      "z" : -11.09017
    } ],
    "faces" : [ {
      "vertices" : [ 0, 1, 2 ]
    }, {
      "vertices" : [ 0, 2, 3 ]
    }, {
      "vertices" : [ 0, 3, 2 ]
    }, {
      "vertices" : [ 0, 2, 1 ]
    } ]
  }, {
    "id" : "be7f0b5d-a1ad-47d7-a3e9-2c1223ddea01",
    "vertices" : [ {
      "x" : 15.326238,
      "y" : -24.798374,
      "z" : -9.472136
    }, {
      "x" : 17.77283,
      "y" : -23.501863,
      "z" : -11.750932
    }, {
      "x" : -23.501863,
      "y" : 11.750932,
      "z" : -17.77283
    }, {
      "x" : -24.798374,
      "y" : 9.472136,
      "z" : -15.326238
    } ],
    "faces" : [ {
      "vertices" : [ 0, 1, 2 ]
    }, {
      "vertices" : [ 0, 2, 3 ]
    }, {
      "vertices" : [ 0, 3, 2 ]
    }, {
      "vertices" : [ 0, 2, 1 ]
    } ]
  }, {
    "id" : "0ebb9633-e3d2-4976-863c-4e6fd303d6ee",
    "vertices" : [ {
      "x" : -29.034441,
      "y" : -11.09017,
      "z" : -17.944271
    }, {
      "x" : -24.268583,
      "y" : -12.99151,
      "z" : -15.76553
    }, {
      "x" : 1.2405789,
      "y" : -3.2478776,
      "z" : 31.53106
    }, {
      "x" : 0.0,
      "y" : 0.0,
      "z" : 35.888542
    } ],
    "faces" : [ {
      "vertices" : [ 0, 1, 2 ]
    }, {
      "vertices" : [ 0, 2, 3 ]
    }, {
      "vertices" : [ 0, 3, 2 ]
    }, {
      "vertices" : [ 0, 2, 1 ]
    } ]
  }, {
    "id" : "7bc4078c-77c8-4b02-ad59-122c71e6702f",
    "vertices" : [ {
      "x" : 24.798374,
      "y" : 9.472136,
      "z" : 15.326238
    }, {
      "x" : 27.51646,
      "y" : 7.7363343,
      "z" : 13.75823
    }, {
      "x" : -13.75823,
      "y" : -27.51646,
      "z" : 7.7363343
    }, {
      "x" : -15.326238,
      "y" : -24.798374,
      "z" : 9.472136
    } ],
    "faces" : [ {
      "vertices" : [ 0, 1, 2 ]
    }, {
      "vertices" : [ 0, 2, 3 ]
    }, {
      "vertices" : [ 0, 3, 2 ]
    }, {
      "vertices" : [ 0, 2, 1 ]
    } ]
  }, {
    "id" : "4feded77-3e28-416e-bdbc-61cca21f7987",
    "vertices" : [ {
      "x" : 11.09017,
      "y" : -17.944271,
      "z" : -29.034441
    }, {
      "x" : 12.99151,
      "y" : -15.76553,
      "z" : -24.268583
    }, {
      "x" : 3.2478776,
      "y" : 31.53106,
      "z" : 1.2405789
    }, {
      "x" : 0.0,
      "y" : 35.888542,
      "z" : 0.0
    } ],
    "faces" : [ {
      "vertices" : [ 0, 1, 2 ]
    }, {
      "vertices" : [ 0, 2, 3 ]
    }, {
      "vertices" : [ 0, 3, 2 ]
    }, {
      "vertices" : [ 0, 2, 1 ]
    } ]
  }, {
    "id" : "99d7472b-033a-4242-b457-969a89d4ec56",
    "vertices" : [ {
      "x" : 29.034441,
      "y" : 11.09017,
      "z" : -17.944271
    }, {
      "x" : 27.51646,
      "y" : 7.7363343,
      "z" : -13.75823
    }, {
      "x" : -7.7363343,
      "y" : 13.75823,
      "z" : 27.51646
    }, {
      "x" : -11.09017,
      "y" : 17.944271,
      "z" : 29.034441
    } ],
    "faces" : [ {
      "vertices" : [ 0, 1, 2 ]
    }, {
      "vertices" : [ 0, 2, 3 ]
    }, {
      "vertices" : [ 0, 3, 2 ]
    }, {
      "vertices" : [ 0, 2, 1 ]
    } ]
  }, {
    "id" : "85086f43-1a94-4c62-bad6-3c42e964d3d8",
    "vertices" : [ {
      "x" : 0.0,
      "y" : 0.0,
      "z" : -30.652475
    }, {
      "x" : 1.2405789,
      "y" : 3.2478776,
      "z" : -31.53106
    }, {
      "x" : -24.268583,
      "y" : 12.99151,
      "z" : 15.76553
    }, {
      "x" : -24.798374,
      "y" : 9.472136,
      "z" : 15.326238
    } ],
    "faces" : [ {
      "vertices" : [ 0, 1, 2 ]
    }, {
      "vertices" : [ 0, 2, 3 ]
    }, {
      "vertices" : [ 0, 3, 2 ]
    }, {
      "vertices" : [ 0, 2, 1 ]
    } ]
  }, {
    "id" : "c48b09ff-5ad7-4a92-bd6a-2978e04a3804",
    "vertices" : [ {
      "x" : 9.472136,
      "y" : 15.326238,
      "z" : -24.798374
    }, {
      "x" : 11.750932,
      "y" : 17.77283,
      "z" : -23.501863
    }, {
      "x" : -23.501863,
      "y" : 11.750932,
      "z" : 17.77283
    }, {
      "x" : -24.798374,
      "y" : 9.472136,
      "z" : 15.326238
    } ],
    "faces" : [ {
      "vertices" : [ 0, 1, 2 ]
    }, {
      "vertices" : [ 0, 2, 3 ]
    }, {
      "vertices" : [ 0, 3, 2 ]
    }, {
      "vertices" : [ 0, 2, 1 ]
    } ]
  }, {
    "id" : "90801c26-62ad-4143-a363-fb3fe0bcd1d2",
    "vertices" : [ {
      "x" : -11.09017,
      "y" : -17.944271,
      "z" : -29.034441
    }, {
      "x" : -7.7363343,
      "y" : -13.75823,
      "z" : -27.51646
    }, {
      "x" : -13.75823,
      "y" : 27.51646,
      "z" : 7.7363343
    }, {
      "x" : -17.944271,
      "y" : 29.034441,
      "z" : 11.09017
    } ],
    "faces" : [ {
      "vertices" : [ 0, 1, 2 ]
    }, {
      "vertices" : [ 0, 2, 3 ]
    }, {
      "vertices" : [ 0, 3, 2 ]
    }, {
      "vertices" : [ 0, 2, 1 ]
    } ]
  }, {
    "id" : "f1c4574b-9459-492c-8d68-09165d35f458",
    "vertices" : [ {
      "x" : 15.326238,
      "y" : 24.798374,
      "z" : 9.472136
    }, {
      "x" : 13.75823,
      "y" : 27.51646,
      "z" : 7.7363343
    }, {
      "x" : 7.7363343,
      "y" : -13.75823,
      "z" : -27.51646
    }, {
      "x" : 9.472136,
      "y" : -15.326238,
      "z" : -24.798374
    } ],
    "faces" : [ {
      "vertices" : [ 0, 1, 2 ]
    }, {
      "vertices" : [ 0, 2, 3 ]
    }, {
      "vertices" : [ 0, 3, 2 ]
    }, {
      "vertices" : [ 0, 2, 1 ]
    } ]
  }, {
    "id" : "b8acef9f-efe3-4216-99ea-24b47cfa1c9e",
    "vertices" : [ {
      "x" : -9.472136,
      "y" : -15.326238,
      "z" : -24.798374
    }, {
      "x" : -12.99151,
      "y" : -15.76553,
      "z" : -24.268583
    }, {
      "x" : 6.495755,
      "y" : -15.76553,
      "z" : 26.74974
    }, {
      "x" : 9.472136,
      "y" : -15.326238,
      "z" : 24.798374
    } ],
    "faces" : [ {
      "vertices" : [ 0, 1, 2 ]
    }, {
      "vertices" : [ 0, 2, 3 ]
    }, {
      "vertices" : [ 0, 3, 2 ]
    }, {
      "vertices" : [ 0, 2, 1 ]
    } ]
  }, {
    "id" : "71880109-b9b7-4d8d-a30d-73ba2bb856ce",
    "vertices" : [ {
      "x" : 35.888542,
      "y" : 0.0,
      "z" : 0.0
    }, {
      "x" : 31.53106,
      "y" : 1.2405789,
      "z" : -3.2478776
    }, {
      "x" : -15.76553,
      "y" : 26.74974,
      "z" : 6.495755
    }, {
      "x" : -17.944271,
      "y" : 29.034441,
      "z" : 11.09017
    } ],
    "faces" : [ {
      "vertices" : [ 0, 1, 2 ]
    }, {
      "vertices" : [ 0, 2, 3 ]
    }, {
      "vertices" : [ 0, 3, 2 ]
    }, {
      "vertices" : [ 0, 2, 1 ]
    } ]
  }, {
    "id" : "f9449f18-ded2-47bf-947a-29736c53a95a",
    "vertices" : [ {
      "x" : 29.034441,
      "y" : -11.09017,
      "z" : 17.944271
    }, {
      "x" : 26.74974,
      "y" : -6.495755,
      "z" : 15.76553
    }, {
      "x" : -24.268583,
      "y" : 12.99151,
      "z" : 15.76553
    }, {
      "x" : -29.034441,
      "y" : 11.09017,
      "z" : 17.944271
    } ],
    "faces" : [ {
      "vertices" : [ 0, 1, 2 ]
    }, {
      "vertices" : [ 0, 2, 3 ]
    }, {
      "vertices" : [ 0, 3, 2 ]
    }, {
      "vertices" : [ 0, 2, 1 ]
    } ]
  }, {
    "id" : "4daf841e-6ff7-4390-b407-8403a376d884",
    "vertices" : [ {
      "x" : -29.034441,
      "y" : -11.09017,
      "z" : 17.944271
    }, {
      "x" : -23.501863,
      "y" : -11.750932,
      "z" : 17.77283
    }, {
      "x" : 17.77283,
      "y" : 23.501863,
      "z" : 11.750932
    }, {
      "x" : 17.944271,
      "y" : 29.034441,
      "z" : 11.09017
    } ],
    "faces" : [ {
      "vertices" : [ 0, 1, 2 ]
    }, {
      "vertices" : [ 0, 2, 3 ]
    }, {
      "vertices" : [ 0, 3, 2 ]
    }, {
      "vertices" : [ 0, 2, 1 ]
    } ]
  }, {
    "id" : "9f6a5c89-d5dd-43cd-835f-6ba361a7b43c",
    "vertices" : [ {
      "x" : 24.798374,
      "y" : -9.472136,
      "z" : 15.326238
    }, {
      "x" : 26.74974,
      "y" : -6.495755,
      "z" : 15.76553
    }, {
      "x" : 1.2405789,
      "y" : 3.2478776,
      "z" : -31.53106
    }, {
      "x" : 0.0,
      "y" : 0.0,
      "z" : -30.652475
    } ],
    "faces" : [ {
      "vertices" : [ 0, 1, 2 ]
    }, {
      "vertices" : [ 0, 2, 3 ]
    }, {
      "vertices" : [ 0, 3, 2 ]
    }, {
      "vertices" : [ 0, 2, 1 ]
    } ]
  }, {
    "id" : "5983be5f-3353-4a08-8f97-0dc18148dc1a",
    "vertices" : [ {
      "x" : 9.472136,
      "y" : 15.326238,
      "z" : -24.798374
    }, {
      "x" : 6.495755,
      "y" : 15.76553,
      "z" : -26.74974
    }, {
      "x" : -3.2478776,
      "y" : -31.53106,
      "z" : -1.2405789
    }, {
      "x" : 0.0,
      "y" : -30.652475,
      "z" : 0.0
    } ],
    "faces" : [ {
      "vertices" : [ 0, 1, 2 ]
    }, {
      "vertices" : [ 0, 2, 3 ]
    }, {
      "vertices" : [ 0, 3, 2 ]
    }, {
      "vertices" : [ 0, 2, 1 ]
    } ]
  }, {
    "id" : "0e107dc2-5efa-4946-96ff-c8c065c3b4c3",
    "vertices" : [ {
      "x" : -29.034441,
      "y" : 11.09017,
      "z" : -17.944271
    }, {
      "x" : -27.51646,
      "y" : 7.7363343,
      "z" : -13.75823
    }, {
      "x" : 7.7363343,
      "y" : 13.75823,
      "z" : 27.51646
    }, {
      "x" : 11.09017,
      "y" : 17.944271,
      "z" : 29.034441
    } ],
    "faces" : [ {
      "vertices" : [ 0, 1, 2 ]
    }, {
      "vertices" : [ 0, 2, 3 ]
    }, {
      "vertices" : [ 0, 3, 2 ]
    }, {
      "vertices" : [ 0, 2, 1 ]
    } ]
  }, {
    "id" : "455fca96-5ba8-4848-a942-14ad930f7ecc",
    "vertices" : [ {
      "x" : -15.326238,
      "y" : 24.798374,
      "z" : -9.472136
    }, {
      "x" : -15.76553,
      "y" : 26.74974,
      "z" : -6.495755
    }, {
      "x" : 31.53106,
      "y" : 1.2405789,
      "z" : 3.2478776
    }, {
      "x" : 30.652475,
      "y" : 0.0,
      "z" : 0.0
    } ],
    "faces" : [ {
      "vertices" : [ 0, 1, 2 ]
    }, {
      "vertices" : [ 0, 2, 3 ]
    }, {
      "vertices" : [ 0, 3, 2 ]
    }, {
      "vertices" : [ 0, 2, 1 ]
    } ]
  }, {
    "id" : "4a5b546c-3196-4cd9-bb5f-92e3c99a5033",
    "vertices" : [ {
      "x" : 35.888542,
      "y" : 0.0,
      "z" : 0.0
    }, {
      "x" : 31.53106,
      "y" : 1.2405789,
      "z" : 3.2478776
    }, {
      "x" : -15.76553,
      "y" : 26.74974,
      "z" : -6.495755
    }, {
      "x" : -17.944271,
      "y" : 29.034441,
      "z" : -11.09017
    } ],
    "faces" : [ {
      "vertices" : [ 0, 1, 2 ]
    }, {
      "vertices" : [ 0, 2, 3 ]
    }, {
      "vertices" : [ 0, 3, 2 ]
    }, {
      "vertices" : [ 0, 2, 1 ]
    } ]
  }, {
    "id" : "5147cc34-df9a-432d-80a7-9827d3047be3",
    "vertices" : [ {
      "x" : 0.0,
      "y" : 0.0,
      "z" : 35.888542
    }, {
      "x" : -1.2405789,
      "y" : 3.2478776,
      "z" : 31.53106
    }, {
      "x" : -26.74974,
      "y" : -6.495755,
      "z" : -15.76553
    }, {
      "x" : -29.034441,
      "y" : -11.09017,
      "z" : -17.944271
    } ],
    "faces" : [ {
      "vertices" : [ 0, 1, 2 ]
    }, {
      "vertices" : [ 0, 2, 3 ]
    }, {
      "vertices" : [ 0, 3, 2 ]
    }, {
      "vertices" : [ 0, 2, 1 ]
    } ]
  }, {
    "id" : "b74439be-c3f2-42ed-901e-580baf505acf",
    "vertices" : [ {
      "x" : 24.798374,
      "y" : -9.472136,
      "z" : 15.326238
    }, {
      "x" : 24.268583,
      "y" : -12.99151,
      "z" : 15.76553
    }, {
      "x" : -26.74974,
      "y" : 6.495755,
      "z" : 15.76553
    }, {
      "x" : -24.798374,
      "y" : 9.472136,
      "z" : 15.326238
    } ],
    "faces" : [ {
      "vertices" : [ 0, 1, 2 ]
    }, {
      "vertices" : [ 0, 2, 3 ]
    }, {
      "vertices" : [ 0, 3, 2 ]
    }, {
      "vertices" : [ 0, 2, 1 ]
    } ]
  }, {
    "id" : "04508378-3c3c-4ece-a3b8-967ed00ea7cf",
    "vertices" : [ {
      "x" : 0.0,
      "y" : 35.888542,
      "z" : 0.0
    }, {
      "x" : -3.2478776,
      "y" : 31.53106,
      "z" : -1.2405789
    }, {
      "x" : 6.495755,
      "y" : -15.76553,
      "z" : -26.74974
    }, {
      "x" : 11.09017,
      "y" : -17.944271,
      "z" : -29.034441
    } ],
    "faces" : [ {
      "vertices" : [ 0, 1, 2 ]
    }, {
      "vertices" : [ 0, 2, 3 ]
    }, {
      "vertices" : [ 0, 3, 2 ]
    }, {
      "vertices" : [ 0, 2, 1 ]
    } ]
  }, {
    "id" : "ec302c41-d395-49eb-8b7e-28b34db77bc6",
    "vertices" : [ {
      "x" : 30.652475,
      "y" : 0.0,
      "z" : 0.0
    }, {
      "x" : 31.53106,
      "y" : 1.2405789,
      "z" : -3.2478776
    }, {
      "x" : -15.76553,
      "y" : -24.268583,
      "z" : -12.99151
    }, {
      "x" : -15.326238,
      "y" : -24.798374,
      "z" : -9.472136
    } ],
    "faces" : [ {
      "vertices" : [ 0, 1, 2 ]
    }, {
      "vertices" : [ 0, 2, 3 ]
    }, {
      "vertices" : [ 0, 3, 2 ]
    }, {
      "vertices" : [ 0, 2, 1 ]
    } ]
  }, {
    "id" : "c622fe43-0709-4769-9146-2048d4cb6df5",
    "vertices" : [ {
      "x" : 17.944271,
      "y" : 29.034441,
      "z" : -11.09017
    }, {
      "x" : 15.76553,
      "y" : 26.74974,
      "z" : -6.495755
    }, {
      "x" : 15.76553,
      "y" : -24.268583,
      "z" : 12.99151
    }, {
      "x" : 17.944271,
      "y" : -29.034441,
      "z" : 11.09017
    } ],
    "faces" : [ {
      "vertices" : [ 0, 1, 2 ]
    }, {
      "vertices" : [ 0, 2, 3 ]
    }, {
      "vertices" : [ 0, 3, 2 ]
    }, {
      "vertices" : [ 0, 2, 1 ]
    } ]
  }, {
    "id" : "74853ccf-8687-4f71-a53b-f67f2497d7af",
    "vertices" : [ {
      "x" : 9.472136,
      "y" : -15.326238,
      "z" : -24.798374
    }, {
      "x" : 7.7363343,
      "y" : -13.75823,
      "z" : -27.51646
    }, {
      "x" : -27.51646,
      "y" : -7.7363343,
      "z" : 13.75823
    }, {
      "x" : -24.798374,
      "y" : -9.472136,
      "z" : 15.326238
    } ],
    "faces" : [ {
      "vertices" : [ 0, 1, 2 ]
    }, {
      "vertices" : [ 0, 2, 3 ]
    }, {
      "vertices" : [ 0, 3, 2 ]
    }, {
      "vertices" : [ 0, 2, 1 ]
    } ]
  }, {
    "id" : "093981dc-00da-4ca6-8b7f-04a673d03e00",
    "vertices" : [ {
      "x" : -17.944271,
      "y" : -29.034441,
      "z" : -11.09017
    }, {
      "x" : -13.75823,
      "y" : -27.51646,
      "z" : -7.7363343
    }, {
      "x" : 27.51646,
      "y" : 7.7363343,
      "z" : -13.75823
    }, {
      "x" : 29.034441,
      "y" : 11.09017,
      "z" : -17.944271
    } ],
    "faces" : [ {
      "vertices" : [ 0, 1, 2 ]
    }, {
      "vertices" : [ 0, 2, 3 ]
    }, {
      "vertices" : [ 0, 3, 2 ]
    }, {
      "vertices" : [ 0, 2, 1 ]
    } ]
  }, {
    "id" : "ebd9f862-9399-49c4-8c75-a24967183e57",
    "vertices" : [ {
      "x" : 15.326238,
      "y" : -24.798374,
      "z" : -9.472136
    }, {
      "x" : 15.76553,
      "y" : -26.74974,
      "z" : -6.495755
    }, {
      "x" : -31.53106,
      "y" : -1.2405789,
      "z" : 3.2478776
    }, {
      "x" : -30.652475,
      "y" : 0.0,
      "z" : 0.0
    } ],
    "faces" : [ {
      "vertices" : [ 0, 1, 2 ]
    }, {
      "vertices" : [ 0, 2, 3 ]
    }, {
      "vertices" : [ 0, 3, 2 ]
    }, {
      "vertices" : [ 0, 2, 1 ]
    } ]
  }, {
    "id" : "3d58f38d-0485-4be8-8d50-ebec000dc100",
    "vertices" : [ {
      "x" : 29.034441,
      "y" : -11.09017,
      "z" : -17.944271
    }, {
      "x" : 23.501863,
      "y" : -11.750932,
      "z" : -17.77283
    }, {
      "x" : -17.77283,
      "y" : 23.501863,
      "z" : -11.750932
    }, {
      "x" : -17.944271,
      "y" : 29.034441,
      "z" : -11.09017
    } ],
    "faces" : [ {
      "vertices" : [ 0, 1, 2 ]
    }, {
      "vertices" : [ 0, 2, 3 ]
    }, {
      "vertices" : [ 0, 3, 2 ]
    }, {
      "vertices" : [ 0, 2, 1 ]
    } ]
  }, {
    "id" : "435c9ca0-1c38-4180-aec2-92ecc7293559",
    "vertices" : [ {
      "x" : 11.09017,
      "y" : -17.944271,
      "z" : 29.034441
    }, {
      "x" : 12.99151,
      "y" : -15.76553,
      "z" : 24.268583
    }, {
      "x" : 3.2478776,
      "y" : 31.53106,
      "z" : -1.2405789
    }, {
      "x" : 0.0,
      "y" : 35.888542,
      "z" : 0.0
    } ],
    "faces" : [ {
      "vertices" : [ 0, 1, 2 ]
    }, {
      "vertices" : [ 0, 2, 3 ]
    }, {
      "vertices" : [ 0, 3, 2 ]
    }, {
      "vertices" : [ 0, 2, 1 ]
    } ]
  }, {
    "id" : "a4b4b9c4-51ac-4e6c-9751-1d20b5361950",
    "vertices" : [ {
      "x" : 11.09017,
      "y" : -17.944271,
      "z" : 29.034441
    }, {
      "x" : 6.495755,
      "y" : -15.76553,
      "z" : 26.74974
    }, {
      "x" : -12.99151,
      "y" : -15.76553,
      "z" : -24.268583
    }, {
      "x" : -11.09017,
      "y" : -17.944271,
      "z" : -29.034441
    } ],
    "faces" : [ {
      "vertices" : [ 0, 1, 2 ]
    }, {
      "vertices" : [ 0, 2, 3 ]
    }, {
      "vertices" : [ 0, 3, 2 ]
    }, {
      "vertices" : [ 0, 2, 1 ]
    } ]
  }, {
    "id" : "95838c38-bd45-42d6-bef8-35bc1b6159c4",
    "vertices" : [ {
      "x" : -24.798374,
      "y" : -9.472136,
      "z" : -15.326238
    }, {
      "x" : -26.74974,
      "y" : -6.495755,
      "z" : -15.76553
    }, {
      "x" : -1.2405789,
      "y" : 3.2478776,
      "z" : 31.53106
    }, {
      "x" : 0.0,
      "y" : 0.0,
      "z" : 30.652475
    } ],
    "faces" : [ {
      "vertices" : [ 0, 1, 2 ]
    }, {
      "vertices" : [ 0, 2, 3 ]
    }, {
      "vertices" : [ 0, 3, 2 ]
    }, {
      "vertices" : [ 0, 2, 1 ]
    } ]
  }, {
    "id" : "02e0b4ea-a63c-4900-b379-d5f50cfaf751",
    "vertices" : [ {
      "x" : 15.326238,
      "y" : 24.798374,
      "z" : 9.472136
    }, {
      "x" : 15.76553,
      "y" : 24.268583,
      "z" : 12.99151
    }, {
      "x" : 15.76553,
      "y" : -26.74974,
      "z" : -6.495755
    }, {
      "x" : 15.326238,
      "y" : -24.798374,
      "z" : -9.472136
    } ],
    "faces" : [ {
      "vertices" : [ 0, 1, 2 ]
    }, {
      "vertices" : [ 0, 2, 3 ]
    }, {
      "vertices" : [ 0, 3, 2 ]
    }, {
      "vertices" : [ 0, 2, 1 ]
    } ]
  }, {
    "id" : "c68673ca-d0d1-4ead-b9ce-a8fdbe5cbc9b",
    "vertices" : [ {
      "x" : 9.472136,
      "y" : -15.326238,
      "z" : -24.798374
    }, {
      "x" : 11.750932,
      "y" : -17.77283,
      "z" : -23.501863
    }, {
      "x" : 17.77283,
      "y" : 23.501863,
      "z" : 11.750932
    }, {
      "x" : 15.326238,
      "y" : 24.798374,
      "z" : 9.472136
    } ],
    "faces" : [ {
      "vertices" : [ 0, 1, 2 ]
    }, {
      "vertices" : [ 0, 2, 3 ]
    }, {
      "vertices" : [ 0, 3, 2 ]
    }, {
      "vertices" : [ 0, 2, 1 ]
    } ]
  }, {
    "id" : "e2155551-c177-4e5e-a0bb-19d245b7a444",
    "vertices" : [ {
      "x" : 11.09017,
      "y" : -17.944271,
      "z" : -29.034441
    }, {
      "x" : 6.495755,
      "y" : -15.76553,
      "z" : -26.74974
    }, {
      "x" : -12.99151,
      "y" : -15.76553,
      "z" : 24.268583
    }, {
      "x" : -11.09017,
      "y" : -17.944271,
      "z" : 29.034441
    } ],
    "faces" : [ {
      "vertices" : [ 0, 1, 2 ]
    }, {
      "vertices" : [ 0, 2, 3 ]
    }, {
      "vertices" : [ 0, 3, 2 ]
    }, {
      "vertices" : [ 0, 2, 1 ]
    } ]
  }, {
    "id" : "bad4c211-b5d1-42e8-aba0-f1341727846b",
    "vertices" : [ {
      "x" : -30.652475,
      "y" : 0.0,
      "z" : 0.0
    }, {
      "x" : -31.53106,
      "y" : 1.2405789,
      "z" : 3.2478776
    }, {
      "x" : 15.76553,
      "y" : -24.268583,
      "z" : 12.99151
    }, {
      "x" : 15.326238,
      "y" : -24.798374,
      "z" : 9.472136
    } ],
    "faces" : [ {
      "vertices" : [ 0, 1, 2 ]
    }, {
      "vertices" : [ 0, 2, 3 ]
    }, {
      "vertices" : [ 0, 3, 2 ]
    }, {
      "vertices" : [ 0, 2, 1 ]
    } ]
  }, {
    "id" : "d417ae2a-b66a-4a81-bf0f-65fb62067fba",
    "vertices" : [ {
      "x" : 0.0,
      "y" : -35.888542,
      "z" : 0.0
    }, {
      "x" : -3.2478776,
      "y" : -31.53106,
      "z" : 1.2405789
    }, {
      "x" : 6.495755,
      "y" : 15.76553,
      "z" : 26.74974
    }, {
      "x" : 11.09017,
      "y" : 17.944271,
      "z" : 29.034441
    } ],
    "faces" : [ {
      "vertices" : [ 0, 1, 2 ]
    }, {
      "vertices" : [ 0, 2, 3 ]
    }, {
      "vertices" : [ 0, 3, 2 ]
    }, {
      "vertices" : [ 0, 2, 1 ]
    } ]
  }, {
    "id" : "7962d95a-0ada-47b1-930b-542788c8e6f6",
    "vertices" : [ {
      "x" : 24.798374,
      "y" : -9.472136,
      "z" : -15.326238
    }, {
      "x" : 23.501863,
      "y" : -11.750932,
      "z" : -17.77283
    }, {
      "x" : -11.750932,
      "y" : -17.77283,
      "z" : 23.501863
    }, {
      "x" : -9.472136,
      "y" : -15.326238,
      "z" : 24.798374
    } ],
    "faces" : [ {
      "vertices" : [ 0, 1, 2 ]
    }, {
      "vertices" : [ 0, 2, 3 ]
    }, {
      "vertices" : [ 0, 3, 2 ]
    }, {
      "vertices" : [ 0, 2, 1 ]
    } ]
  }, {
    "id" : "868bfb3f-1218-4f27-b052-f50f9fb1a6e6",
    "vertices" : [ {
      "x" : -24.798374,
      "y" : 9.472136,
      "z" : 15.326238
    }, {
      "x" : -27.51646,
      "y" : 7.7363343,
      "z" : 13.75823
    }, {
