{
  "field" : "golden",
  "symmetry" : "icosahedral",
  "orientations" : [ [ 1.0, 0.0, 0.0, 0.0, 0.0, 1.0, 0.0, 0.0, 0.0, 0.0, 1.0, 0.0, 0.0, 0.0, 0.0, 1.0 ], [ 0.0, 0.0, 1.0, 0.0, 1.0, 0.0, 0.0, 0.0, 0.0, 1.0, 0.0, 0.0, 0.0, 0.0, 0.0, 1.0 ], [ 0.0, 1.0, 0.0, 0.0, 0.0, 0.0, 1.0, 0.0, 1.0, 0.0, 0.0, 0.0, 0.0, 0.0, 0.0, 1.0 ], [ 0.809017, 0.309017, 0.5, 0.0, 0.309017, 0.5, -0.809017, 0.0, -0.5, 0.809017, 0.309017, 0.0, 0.0, 0.0, 0.0, 1.0 ], [ -0.5, 0.809017, 0.309017, 0.0, 0.809017, 0.309017, 0.5, 0.0, 0.309017, 0.5, -0.809017, 0.0, 0.0, 0.0, 0.0, 1.0 ], [ 0.309017, 0.5, -0.809017, 0.0, -0.5, 0.809017, 0.309017, 0.0, 0.809017, 0.309017, 0.5, 0.0, 0.0, 0.0, 0.0, 1.0 ], [ 0.5, 0.809017, 0.309017, 0.0, 0.809017, -0.309017, -0.5, 0.0, -0.309017, 0.5, -0.809017, 0.0, 0.0, 0.0, 0.0, 1.0 ], [ -0.309017, 0.5, -0.809017, 0.0, 0.5, 0.809017, 0.309017, 0.0, 0.809017, -0.309017, -0.5, 0.0, 0.0, 0.0, 0.0, 1.0 ], [ 0.809017, -0.309017, -0.5, 0.0, -0.309017, 0.5, -0.809017, 0.0, 0.5, 0.809017, 0.309017, 0.0, 0.0, 0.0, 0.0, 1.0 ], [ 0.5, 0.809017, -0.309017, 0.0, 0.809017, -0.309017, 0.5, 0.0, 0.309017, -0.5, -0.809017, 0.0, 0.0, 0.0, 0.0, 1.0 ], [ 0.309017, -0.5, -0.809017, 0.0, 0.5, 0.809017, -0.309017, 0.0, 0.809017, -0.309017, 0.5, 0.0, 0.0, 0.0, 0.0, 1.0 ], [ 0.809017, -0.309017, 0.5, 0.0, 0.309017, -0.5, -0.809017, 0.0, 0.5, 0.809017, -0.309017, 0.0, 0.0, 0.0, 0.0, 1.0 ], [ 0.809017, 0.309017, -0.5, 0.0, 0.309017, 0.5, 0.809017, 0.0, 0.5, -0.809017, 0.309017, 0.0, 0.0, 0.0, 0.0, 1.0 ], [ 0.5, -0.809017, 0.309017, 0.0, 0.809017, 0.309017, -0.5, 0.0, 0.309017, 0.5, 0.809017, 0.0, 0.0, 0.0, 0.0, 1.0 ], [ 0.309017, 0.5, 0.809017, 0.0, 0.5, -0.809017, 0.309017, 0.0, 0.809017, 0.309017, -0.5, 0.0, 0.0, 0.0, 0.0, 1.0 ], [ 1.0, 0.0, 0.0, 0.0, 0.0, -1.0, 0.0, 0.0, 0.0, 0.0, -1.0, 0.0, 0.0, 0.0, 0.0, 1.0 ], [ 0.0, 0.0, 1.0, 0.0, -1.0, 0.0, 0.0, 0.0, 0.0, -1.0, 0.0, 0.0, 0.0, 0.0, 0.0, 1.0 ], [ 0.0, 1.0, 0.0, 0.0, 0.0, 0.0, -1.0, 0.0, -1.0, 0.0, 0.0, 0.0, 0.0, 0.0, 0.0, 1.0 ], [ 0.809017, 0.309017, 0.5, 0.0, -0.309017, -0.5, 0.809017, 0.0, 0.5, -0.809017, -0.309017, 0.0, 0.0, 0.0, 0.0, 1.0 ], [ -0.5, 0.809017, 0.309017, 0.0, -0.809017, -0.309017, -0.5, 0.0, -0.309017, -0.5, 0.809017, 0.0, 0.0, 0.0, 0.0, 1.0 ], [ 0.309017, 0.5, -0.809017, 0.0, 0.5, -0.809017, -0.309017, 0.0, -0.809017, -0.309017, -0.5, 0.0, 0.0, 0.0, 0.0, 1.0 ], [ 0.5, 0.809017, 0.309017, 0.0, -0.809017, 0.309017, 0.5, 0.0, 0.309017, -0.5, 0.809017, 0.0, 0.0, 0.0, 0.0, 1.0 ], [ -0.309017, 0.5, -0.809017, 0.0, -0.5, -0.809017, -0.309017, 0.0, -0.809017, 0.309017, 0.5, 0.0, 0.0, 0.0, 0.0, 1.0 ], [ 0.809017, -0.309017, -0.5, 0.0, 0.309017, -0.5, 0.809017, 0.0, -0.5, -0.809017, -0.309017, 0.0, 0.0, 0.0, 0.0, 1.0 ], [ 0.5, 0.809017, -0.309017, 0.0, -0.809017, 0.309017, -0.5, 0.0, -0.309017, 0.5, 0.809017, 0.0, 0.0, 0.0, 0.0, 1.0 ], [ 0.309017, -0.5, -0.809017, 0.0, -0.5, -0.809017, 0.309017, 0.0, -0.809017, 0.309017, -0.5, 0.0, 0.0, 0.0, 0.0, 1.0 ], [ 0.809017, -0.309017, 0.5, 0.0, -0.309017, 0.5, 0.809017, 0.0, -0.5, -0.809017, 0.309017, 0.0, 0.0, 0.0, 0.0, 1.0 ], [ 0.809017, 0.309017, -0.5, 0.0, -0.309017, -0.5, -0.809017, 0.0, -0.5, 0.809017, -0.309017, 0.0, 0.0, 0.0, 0.0, 1.0 ], [ 0.5, -0.809017, 0.309017, 0.0, -0.809017, -0.309017, 0.5, 0.0, -0.309017, -0.5, -0.809017, 0.0, 0.0, 0.0, 0.0, 1.0 ], [ 0.309017, 0.5, 0.809017, 0.0, -0.5, 0.809017, -0.309017, 0.0, -0.809017, -0.309017, 0.5, 0.0, 0.0, 0.0, 0.0, 1.0 ], [ -1.0, 0.0, 0.0, 0.0, 0.0, -1.0, 0.0, 0.0, 0.0, 0.0, 1.0, 0.0, 0.0, 0.0, 0.0, 1.0 ], [ 0.0, 0.0, -1.0, 0.0, -1.0, 0.0, 0.0, 0.0, 0.0, 1.0, 0.0, 0.0, 0.0, 0.0, 0.0, 1.0 ], [ 0.0, -1.0, 0.0, 0.0, 0.0, 0.0, -1.0, 0.0, 1.0, 0.0, 0.0, 0.0, 0.0, 0.0, 0.0, 1.0 ], [ -0.809017, -0.309017, -0.5, 0.0, -0.309017, -0.5, 0.809017, 0.0, -0.5, 0.809017, 0.309017, 0.0, 0.0, 0.0, 0.0, 1.0 ], [ 0.5, -0.809017, -0.309017, 0.0, -0.809017, -0.309017, -0.5, 0.0, 0.309017, 0.5, -0.809017, 0.0, 0.0, 0.0, 0.0, 1.0 ], [ -0.309017, -0.5, 0.809017, 0.0, 0.5, -0.809017, -0.309017, 0.0, 0.809017, 0.309017, 0.5, 0.0, 0.0, 0.0, 0.0, 1.0 ], [ -0.5, -0.809017, -0.309017, 0.0, -0.809017, 0.309017, 0.5, 0.0, -0.309017, 0.5, -0.809017, 0.0, 0.0, 0.0, 0.0, 1.0 ], [ 0.309017, -0.5, 0.809017, 0.0, -0.5, -0.809017, -0.309017, 0.0, 0.809017, -0.309017, -0.5, 0.0, 0.0, 0.0, 0.0, 1.0 ], [ -0.809017, 0.309017, 0.5, 0.0, 0.309017, -0.5, 0.809017, 0.0, 0.5, 0.809017, 0.309017, 0.0, 0.0, 0.0, 0.0, 1.0 ], [ -0.5, -0.809017, 0.309017, 0.0, -0.809017, 0.309017, -0.5, 0.0, 0.309017, -0.5, -0.809017, 0.0, 0.0, 0.0, 0.0, 1.0 ], [ -0.309017, 0.5, 0.809017, 0.0, -0.5, -0.809017, 0.309017, 0.0, 0.809017, -0.309017, 0.5, 0.0, 0.0, 0.0, 0.0, 1.0 ], [ -0.809017, 0.309017, -0.5, 0.0, -0.309017, 0.5, 0.809017, 0.0, 0.5, 0.809017, -0.309017, 0.0, 0.0, 0.0, 0.0, 1.0 ], [ -0.809017, -0.309017, 0.5, 0.0, -0.309017, -0.5, -0.809017, 0.0, 0.5, -0.809017, 0.309017, 0.0, 0.0, 0.0, 0.0, 1.0 ], [ -0.5, 0.809017, -0.309017, 0.0, -0.809017, -0.309017, 0.5, 0.0, 0.309017, 0.5, 0.809017, 0.0, 0.0, 0.0, 0.0, 1.0 ], [ -0.309017, -0.5, -0.809017, 0.0, -0.5, 0.809017, -0.309017, 0.0, 0.809017, 0.309017, -0.5, 0.0, 0.0, 0.0, 0.0, 1.0 ], [ -1.0, 0.0, 0.0, 0.0, 0.0, 1.0, 0.0, 0.0, 0.0, 0.0, -1.0, 0.0, 0.0, 0.0, 0.0, 1.0 ], [ 0.0, 0.0, -1.0, 0.0, 1.0, 0.0, 0.0, 0.0, 0.0, -1.0, 0.0, 0.0, 0.0, 0.0, 0.0, 1.0 ], [ 0.0, -1.0, 0.0, 0.0, 0.0, 0.0, 1.0, 0.0, -1.0, 0.0, 0.0, 0.0, 0.0, 0.0, 0.0, 1.0 ], [ -0.809017, -0.309017, -0.5, 0.0, 0.309017, 0.5, -0.809017, 0.0, 0.5, -0.809017, -0.309017, 0.0, 0.0, 0.0, 0.0, 1.0 ], [ 0.5, -0.809017, -0.309017, 0.0, 0.809017, 0.309017, 0.5, 0.0, -0.309017, -0.5, 0.809017, 0.0, 0.0, 0.0, 0.0, 1.0 ], [ -0.309017, -0.5, 0.809017, 0.0, -0.5, 0.809017, 0.309017, 0.0, -0.809017, -0.309017, -0.5, 0.0, 0.0, 0.0, 0.0, 1.0 ], [ -0.5, -0.809017, -0.309017, 0.0, 0.809017, -0.309017, -0.5, 0.0, 0.309017, -0.5, 0.809017, 0.0, 0.0, 0.0, 0.0, 1.0 ], [ 0.309017, -0.5, 0.809017, 0.0, 0.5, 0.809017, 0.309017, 0.0, -0.809017, 0.309017, 0.5, 0.0, 0.0, 0.0, 0.0, 1.0 ], [ -0.809017, 0.309017, 0.5, 0.0, -0.309017, 0.5, -0.809017, 0.0, -0.5, -0.809017, -0.309017, 0.0, 0.0, 0.0, 0.0, 1.0 ], [ -0.5, -0.809017, 0.309017, 0.0, 0.809017, -0.309017, 0.5, 0.0, -0.309017, 0.5, 0.809017, 0.0, 0.0, 0.0, 0.0, 1.0 ], [ -0.309017, 0.5, 0.809017, 0.0, 0.5, 0.809017, -0.309017, 0.0, -0.809017, 0.309017, -0.5, 0.0, 0.0, 0.0, 0.0, 1.0 ], [ -0.809017, 0.309017, -0.5, 0.0, 0.309017, -0.5, -0.809017, 0.0, -0.5, -0.809017, 0.309017, 0.0, 0.0, 0.0, 0.0, 1.0 ], [ -0.809017, -0.309017, 0.5, 0.0, 0.309017, 0.5, 0.809017, 0.0, -0.5, 0.809017, -0.309017, 0.0, 0.0, 0.0, 0.0, 1.0 ], [ -0.5, 0.809017, -0.309017, 0.0, 0.809017, 0.309017, -0.5, 0.0, -0.309017, -0.5, -0.809017, 0.0, 0.0, 0.0, 0.0, 1.0 ], [ -0.309017, -0.5, -0.809017, 0.0, 0.5, -0.809017, 0.309017, 0.0, -0.809017, -0.309017, 0.5, 0.0, 0.0, 0.0, 0.0, 1.0 ] ],
  "lights" : {
    "ambientColor" : "#292929",
    "backgroundColor" : "#E0EFFF",
    "directionalLights" : [ {
      "direction" : {
        "x" : 1.0,
        "y" : -1.0,
        "z" : -1.0
      },
      "color" : "#EBEBE4"
    }, {
      "direction" : {
        "x" : -1.0,
        "y" : 0.0,
        "z" : 0.0
      },
      "color" : "#E4E4EB"
    }, {
      "direction" : {
        "x" : 0.0,
        "y" : 0.0,
        "z" : -1.0
      },
      "color" : "#1E1E1E"
    } ]
  },
  "camera" : {
    "viewDistance" : 165.48482,
    "nearClipDistance" : 0.41371202,
    "farClipDistance" : 330.9696,
    "lookAtPoint" : {
      "x" : 0.0,
      "y" : 0.0,
      "z" : 0.0
    },
    "fieldOfView" : 0.4426289,
    "perspective" : true,
    "lookDirection" : {
      "x" : 0.0,
      "y" : 0.0,
      "z" : -1.0
    },
    "upDirection" : {
      "x" : 0.0,
      "y" : 1.0,
      "z" : 0.0
    },
    "width" : 74.46817,
    "stereo" : false,
    "position" : {
      "x" : 0.0,
      "y" : 0.0,
      "z" : 165.48482
    }
  },
  "embedding" : [ 1.0, 0.0, 0.0, 0.0, 0.0, 1.0, 0.0, 0.0, 0.0, 0.0, 1.0, 0.0, 0.0, 0.0, 0.0, 1.0 ],
  "shapes" : [ {
    "id" : "3d519f80-f8b5-4106-9b38-9d831f85e09c",
    "vertices" : [ {
      "x" : 0.809017,
      "y" : 0.618034,
      "z" : -0.19098301
    }, {
      "x" : 0.809017,
      "y" : 0.0,
      "z" : -0.19098301
    }, {
      "x" : 0.309017,
      "y" : 0.11803399,
      "z" : 0.0
    }, {
      "x" : 6.045085,
      "y" : 2.618034,
      "z" : 0.19098301
    }, {
      "x" : 0.809017,
      "y" : 0.618034,
      "z" : 0.19098301
    }, {
      "x" : 0.809017,
      "y" : 0.0,
      "z" : 0.19098301
    }, {
      "x" : 6.045085,
      "y" : 2.0,
      "z" : 0.19098301
    }, {
      "x" : 6.545085,
      "y" : 2.5,
      "z" : 0.0
    }, {
      "x" : 6.045085,
      "y" : 2.618034,
      "z" : -0.19098301
    }, {
      "x" : 6.854102,
      "y" : 2.618034,
      "z" : 0.0
    }, {
      "x" : 6.045085,
      "y" : 2.0,
      "z" : -0.19098301
    } ],
    "faces" : [ {
      "vertices" : [ 3, 6, 7 ]
    }, {
      "vertices" : [ 3, 4, 5 ]
    }, {
      "vertices" : [ 3, 5, 6 ]
    }, {
      "vertices" : [ 3, 7, 8 ]
    }, {
      "vertices" : [ 0, 1, 2 ]
    }, {
      "vertices" : [ 0, 8, 10 ]
    }, {
      "vertices" : [ 0, 10, 1 ]
    }, {
      "vertices" : [ 1, 10, 6 ]
    }, {
      "vertices" : [ 1, 6, 5 ]
    }, {
      "vertices" : [ 0, 2, 4 ]
    }, {
      "vertices" : [ 6, 10, 7 ]
    }, {
      "vertices" : [ 1, 5, 2 ]
    }, {
      "vertices" : [ 7, 10, 8 ]
    }, {
      "vertices" : [ 2, 5, 4 ]
    }, {
      "vertices" : [ 0, 4, 3 ]
    }, {
      "vertices" : [ 0, 3, 8 ]
    } ]
  }, {
    "id" : "a81ff33a-bee7-4620-9e63-d1774b7c2452",
    "vertices" : [ {
      "x" : 0.309017,
      "y" : -0.309017,
      "z" : -0.309017
    }, {
      "x" : 0.5,
      "y" : 0.0,
      "z" : -0.19098301
    }, {
      "x" : 0.5,
      "y" : 0.0,
      "z" : 0.19098301
    }, {
      "x" : 0.309017,
      "y" : -0.309017,
      "z" : 0.309017
    }, {
      "x" : 0.19098301,
      "y" : -0.5,
      "z" : 0.0
    }, {
      "x" : 0.0,
      "y" : 0.19098301,
      "z" : 0.5
    }, {
      "x" : 0.0,
      "y" : -0.19098301,
      "z" : 0.5
    }, {
      "x" : 0.309017,
      "y" : 0.309017,
      "z" : 0.309017
    }, {
      "x" : -0.309017,
      "y" : -0.309017,
      "z" : 0.309017
    }, {
      "x" : -0.309017,
      "y" : 0.309017,
      "z" : 0.309017
    }, {
      "x" : -0.5,
      "y" : 0.0,
      "z" : 0.19098301
    }, {
      "x" : 0.0,
      "y" : -0.19098301,
      "z" : -0.5
    }, {
      "x" : 0.0,
      "y" : 0.19098301,
      "z" : -0.5
    }, {
      "x" : 0.309017,
      "y" : 0.309017,
      "z" : -0.309017
    }, {
      "x" : -0.309017,
      "y" : -0.309017,
      "z" : -0.309017
    }, {
      "x" : -0.19098301,
      "y" : -0.5,
      "z" : 0.0
    }, {
      "x" : -0.5,
      "y" : 0.0,
      "z" : -0.19098301
    }, {
      "x" : 0.19098301,
      "y" : 0.5,
      "z" : 0.0
    }, {
      "x" : -0.309017,
      "y" : 0.309017,
      "z" : -0.309017
    }, {
      "x" : 0.0,
      "y" : 0.0,
      "z" : 0.0
    }, {
      "x" : -0.19098301,
      "y" : 0.5,
      "z" : 0.0
    } ],
    "faces" : [ {
      "vertices" : [ 12, 18, 20 ]
    }, {
      "vertices" : [ 12, 20, 17 ]
    }, {
      "vertices" : [ 12, 17, 13 ]
    }, {
      "vertices" : [ 3, 6, 8 ]
    }, {
      "vertices" : [ 3, 8, 15 ]
    }, {
      "vertices" : [ 3, 15, 4 ]
    }, {
      "vertices" : [ 0, 11, 12 ]
    }, {
      "vertices" : [ 0, 12, 13 ]
    }, {
      "vertices" : [ 0, 13, 1 ]
    }, {
      "vertices" : [ 5, 9, 10 ]
    }, {
      "vertices" : [ 5, 10, 8 ]
    }, {
      "vertices" : [ 5, 8, 6 ]
    }, {
      "vertices" : [ 2, 7, 5 ]
    }, {
      "vertices" : [ 2, 5, 6 ]
    }, {
      "vertices" : [ 2, 6, 3 ]
    }, {
      "vertices" : [ 11, 14, 16 ]
    }, {
      "vertices" : [ 11, 16, 18 ]
    }, {
      "vertices" : [ 11, 18, 12 ]
    }, {
      "vertices" : [ 1, 13, 17 ]
    }, {
      "vertices" : [ 1, 17, 7 ]
    }, {
      "vertices" : [ 1, 7, 2 ]
    }, {
      "vertices" : [ 9, 20, 18 ]
    }, {
      "vertices" : [ 9, 18, 16 ]
    }, {
      "vertices" : [ 9, 16, 10 ]
    }, {
      "vertices" : [ 0, 1, 2 ]
    }, {
      "vertices" : [ 0, 2, 3 ]
    }, {
      "vertices" : [ 0, 3, 4 ]
    }, {
      "vertices" : [ 5, 7, 17 ]
    }, {
      "vertices" : [ 5, 17, 20 ]
    }, {
      "vertices" : [ 5, 20, 9 ]
    }, {
      "vertices" : [ 0, 4, 15 ]
    }, {
      "vertices" : [ 0, 15, 14 ]
    }, {
      "vertices" : [ 0, 14, 11 ]
    }, {
      "vertices" : [ 8, 10, 16 ]
    }, {
      "vertices" : [ 8, 16, 14 ]
    }, {
      "vertices" : [ 8, 14, 15 ]
    } ]
  }, {
    "id" : "676130a7-6d11-49a2-894c-84b1a886366a",
    "vertices" : [ {
      "x" : 1.0,
      "y" : 0.309017,
      "z" : 0.19098301
    }, {
      "x" : 1.0,
      "y" : -0.309017,
      "z" : 0.19098301
    }, {
      "x" : 5.854102,
      "y" : -0.309017,
      "z" : 0.19098301
    }, {
      "x" : 5.854102,
      "y" : 0.309017,
      "z" : 0.19098301
    }, {
      "x" : 5.854102,
      "y" : -0.309017,
      "z" : -0.19098301
    }, {
      "x" : 5.854102,
      "y" : 0.309017,
      "z" : -0.19098301
    }, {
      "x" : 6.472136,
      "y" : 0.0,
      "z" : 0.0
    }, {
      "x" : 0.38196602,
      "y" : 0.0,
      "z" : 0.0
    }, {
      "x" : 1.0,
      "y" : 0.309017,
      "z" : -0.19098301
    }, {
      "x" : 1.0,
      "y" : -0.309017,
      "z" : -0.19098301
    }, {
      "x" : 6.854102,
      "y" : 0.0,
      "z" : 0.0
    } ],
    "faces" : [ {
      "vertices" : [ 1, 9, 4 ]
    }, {
      "vertices" : [ 1, 4, 2 ]
    }, {
      "vertices" : [ 0, 3, 5 ]
    }, {
      "vertices" : [ 0, 5, 8 ]
    }, {
      "vertices" : [ 1, 7, 9 ]
    }, {
      "vertices" : [ 0, 1, 2 ]
    }, {
      "vertices" : [ 0, 2, 3 ]
    }, {
      "vertices" : [ 7, 8, 9 ]
    }, {
      "vertices" : [ 0, 7, 1 ]
    }, {
      "vertices" : [ 4, 9, 8 ]
    }, {
      "vertices" : [ 4, 8, 5 ]
    }, {
      "vertices" : [ 2, 6, 3 ]
    }, {
      "vertices" : [ 2, 4, 6 ]
    }, {
      "vertices" : [ 3, 6, 5 ]
    }, {
      "vertices" : [ 4, 5, 6 ]
    }, {
      "vertices" : [ 0, 8, 7 ]
    } ]
  }, {
    "id" : "76f4137b-eab2-4c48-bc98-5558e4e29363",
    "vertices" : [ {
      "x" : 14.612713,
      "y" : 2.4635255,
      "z" : -3.677051
    }, {
      "x" : 14.980746,
      "y" : 2.559017,
      "z" : -4.1405764
    }, {
      "x" : 1.0954915,
      "y" : 0.1545085,
      "z" : 0.059016995
    }, {
      "x" : 14.421729,
      "y" : 2.7725425,
      "z" : -4.177051
    }, {
      "x" : 0.9045085,
      "y" : 0.4635255,
      "z" : -0.440983
    }, {
      "x" : 14.421729,
      "y" : 2.1545086,
      "z" : -3.795085
    }, {
      "x" : 0.9045085,
      "y" : -0.1545085,
      "z" : -0.059016995
    }, {
      "x" : 14.230746,
      "y" : 2.4635255,
      "z" : -4.295085
    }, {
      "x" : 15.326238,
      "y" : 2.618034,
      "z" : -4.236068
    }, {
      "x" : 0.3454915,
      "y" : 0.059016995,
      "z" : -0.095491506
    }, {
      "x" : 0.7135255,
      "y" : 0.1545085,
      "z" : -0.559017
    } ],
    "faces" : [ {
      "vertices" : [ 2, 9, 6 ]
    }, {
      "vertices" : [ 0, 1, 3 ]
    }, {
      "vertices" : [ 0, 5, 1 ]
    }, {
      "vertices" : [ 4, 10, 9 ]
    }, {
      "vertices" : [ 3, 7, 10 ]
    }, {
      "vertices" : [ 3, 10, 4 ]
    }, {
      "vertices" : [ 0, 3, 4 ]
    }, {
      "vertices" : [ 0, 4, 2 ]
    }, {
      "vertices" : [ 6, 9, 10 ]
    }, {
      "vertices" : [ 1, 7, 3 ]
    }, {
      "vertices" : [ 5, 6, 10 ]
    }, {
      "vertices" : [ 5, 10, 7 ]
    }, {
      "vertices" : [ 0, 2, 6 ]
    }, {
      "vertices" : [ 0, 6, 5 ]
    }, {
      "vertices" : [ 1, 5, 7 ]
    }, {
      "vertices" : [ 2, 4, 9 ]
    } ]
  }, {
    "id" : "021f6121-4754-4f67-bba8-c1fe8144ee67",
    "vertices" : [ {
      "x" : 0.7745751,
      "y" : 5.309017,
      "z" : 8.59017
    }, {
      "x" : 0.71884704,
      "y" : 5.236068,
      "z" : 7.7811527
    }, {
      "x" : 0.090169944,
      "y" : 0.309017,
      "z" : 1.190983
    }, {
      "x" : 0.71884704,
      "y" : 4.618034,
      "z" : 8.163119
    }, {
      "x" : 0.40983006,
      "y" : 5.118034,
      "z" : 7.972136
    }, {
      "x" : -0.21884705,
      "y" : 0.809017,
      "z" : 1.0
    }, {
      "x" : 0.39918694,
      "y" : 0.42705098,
      "z" : 1.0
    }, {
      "x" : 0.034441855,
      "y" : 0.23606798,
      "z" : 0.38196602
    }, {
      "x" : 0.090169944,
      "y" : 0.927051,
      "z" : 0.809017
    }, {
      "x" : 0.809017,
      "y" : 5.545085,
      "z" : 8.972136
    }, {
      "x" : 1.0278641,
      "y" : 4.736068,
      "z" : 7.972136
    } ],
    "faces" : [ {
      "vertices" : [ 1, 8, 5 ]
    }, {
      "vertices" : [ 1, 5, 4 ]
    }, {
      "vertices" : [ 5, 8, 7 ]
    }, {
      "vertices" : [ 6, 7, 8 ]
    }, {
      "vertices" : [ 2, 6, 10 ]
    }, {
      "vertices" : [ 2, 10, 3 ]
    }, {
      "vertices" : [ 0, 1, 4 ]
    }, {
      "vertices" : [ 0, 4, 3 ]
    }, {
      "vertices" : [ 1, 10, 6 ]
    }, {
      "vertices" : [ 1, 6, 8 ]
    }, {
      "vertices" : [ 0, 10, 1 ]
    }, {
      "vertices" : [ 0, 3, 10 ]
    }, {
      "vertices" : [ 2, 3, 4 ]
    }, {
      "vertices" : [ 2, 4, 5 ]
    }, {
      "vertices" : [ 2, 5, 7 ]
    }, {
      "vertices" : [ 2, 7, 6 ]
    } ]
  } ],
  "instances" : [ {
    "shape" : "3d519f80-f8b5-4106-9b38-9d831f85e09c",
    "color" : "#6C00C6",
    "position" : {
      "x" : -6.854102,
      "y" : 17.944271,
      "z" : -4.236068
    },
    "orientation" : 14
  }, {
    "shape" : "a81ff33a-bee7-4620-9e63-d1774b7c2452",
    "color" : "#FFFFFF",
    "position" : {
      "x" : 12.399187,
      "y" : -13.208204,
      "z" : -7.663119
    }
  }, {
    "shape" : "3d519f80-f8b5-4106-9b38-9d831f85e09c",
    "color" : "#6C00C6",
    "position" : {
      "x" : 7.663119,
      "y" : 12.399187,
      "z" : 13.208204
    },
    "orientation" : 23
  }, {
    "shape" : "676130a7-6d11-49a2-894c-84b1a886366a",
    "color" : "#007695",
    "position" : {
      "x" : 8.972136,
      "y" : 14.5172205,
      "z" : -5.545085
    },
    "orientation" : 7
  }, {
    "shape" : "676130a7-6d11-49a2-894c-84b1a886366a",
    "color" : "#007695",
    "position" : {
      "x" : 5.545085,
      "y" : -8.972136,
      "z" : -14.5172205
    },
    "orientation" : 56
  }, {
    "shape" : "a81ff33a-bee7-4620-9e63-d1774b7c2452",
    "color" : "#FFFFFF",
    "position" : {
      "x" : 17.944271,
      "y" : 0.0,
      "z" : -6.854102
    }
  }, {
    "shape" : "a81ff33a-bee7-4620-9e63-d1774b7c2452",
    "color" : "#FFFFFF",
    "position" : {
      "x" : 0.0,
      "y" : -17.944271,
      "z" : 0.0
    }
  }, {
    "shape" : "76f4137b-eab2-4c48-bc98-5558e4e29363",
    "color" : "#DC4C00",
    "position" : {
      "x" : 14.5172205,
      "y" : -9.781153,
      "z" : 8.972136
    },
    "orientation" : 33
  }, {
    "shape" : "676130a7-6d11-49a2-894c-84b1a886366a",
    "color" : "#007695",
    "position" : {
      "x" : -14.5172205,
      "y" : -5.545085,
      "z" : 8.972136
    },
    "orientation" : 54
  }, {
    "shape" : "3d519f80-f8b5-4106-9b38-9d831f85e09c",
    "color" : "#6C00C6",
    "position" : {
      "x" : 10.281153,
      "y" : 16.635256,
      "z" : -2.118034
    },
    "orientation" : 35
  }, {
    "shape" : "021f6121-4754-4f67-bba8-c1fe8144ee67",
    "color" : "#74C300",
    "position" : {
      "x" : -13.208204,
      "y" : 7.663119,
      "z" : -12.399187
    },
    "orientation" : 16
  }, {
    "shape" : "a81ff33a-bee7-4620-9e63-d1774b7c2452",
    "color" : "#FFFFFF",
    "position" : {
      "x" : 14.5172205,
      "y" : 5.545085,
      "z" : 8.972136
    }
  }, {
    "shape" : "a81ff33a-bee7-4620-9e63-d1774b7c2452",
    "color" : "#FFFFFF",
    "position" : {
      "x" : 6.854102,
      "y" : 17.944271,
      "z" : 0.0
    }
  }, {
    "shape" : "3d519f80-f8b5-4106-9b38-9d831f85e09c",
    "color" : "#6C00C6",
    "position" : {
      "x" : -16.635256,
      "y" : -2.118034,
      "z" : -10.281153
    },
    "orientation" : 4
  }, {
    "shape" : "76f4137b-eab2-4c48-bc98-5558e4e29363",
    "color" : "#DC4C00",
    "position" : {
      "x" : 13.208204,
      "y" : 7.663119,
      "z" : 12.399187
    },
    "orientation" : 45
  }, {
    "shape" : "76f4137b-eab2-4c48-bc98-5558e4e29363",
    "color" : "#DC4C00",
    "position" : {
      "x" : -9.781153,
      "y" : 8.972136,
      "z" : 14.5172205
    },
    "orientation" : 50
  }, {
    "shape" : "a81ff33a-bee7-4620-9e63-d1774b7c2452",
    "color" : "#FFFFFF",
    "position" : {
      "x" : -19.253288,
      "y" : -2.118034,
      "z" : -3.427051
    }
  }, {
    "shape" : "3d519f80-f8b5-4106-9b38-9d831f85e09c",
    "color" : "#6C00C6",
    "position" : {
      "x" : -14.5172205,
      "y" : -9.781153,
      "z" : -8.972136
    },
    "orientation" : 24
  }, {
    "shape" : "3d519f80-f8b5-4106-9b38-9d831f85e09c",
    "color" : "#6C00C6",
    "position" : {
      "x" : 14.5172205,
      "y" : -9.781153,
      "z" : 8.972136
    },
    "orientation" : 39
  }, {
    "shape" : "a81ff33a-bee7-4620-9e63-d1774b7c2452",
    "color" : "#FFFFFF",
    "position" : {
      "x" : 0.0,
      "y" : 0.0,
      "z" : -17.944271
    }
  }, {
    "shape" : "a81ff33a-bee7-4620-9e63-d1774b7c2452",
    "color" : "#FFFFFF",
    "position" : {
      "x" : -14.5172205,
      "y" : -5.545085,
      "z" : 8.972136
    }
  }, {
    "shape" : "a81ff33a-bee7-4620-9e63-d1774b7c2452",
    "color" : "#FFFFFF",
    "position" : {
      "x" : 0.0,
      "y" : 0.0,
      "z" : 17.944271
    }
  }, {
    "shape" : "676130a7-6d11-49a2-894c-84b1a886366a",
    "color" : "#007695",
    "position" : {
      "x" : -5.545085,
      "y" : 8.972136,
      "z" : 14.5172205
    },
    "orientation" : 56
  }, {
    "shape" : "021f6121-4754-4f67-bba8-c1fe8144ee67",
    "color" : "#74C300",
    "position" : {
      "x" : 16.635256,
      "y" : -2.118034,
      "z" : 10.281153
    },
    "orientation" : 41
  }, {
    "shape" : "676130a7-6d11-49a2-894c-84b1a886366a",
    "color" : "#007695",
    "position" : {
      "x" : 8.972136,
      "y" : 14.5172205,
      "z" : -5.545085
    },
    "orientation" : 25
  }, {
    "shape" : "021f6121-4754-4f67-bba8-c1fe8144ee67",
    "color" : "#74C300",
    "position" : {
      "x" : -16.635256,
      "y" : 2.118034,
      "z" : 10.281153
    },
    "orientation" : 11
  }, {
    "shape" : "a81ff33a-bee7-4620-9e63-d1774b7c2452",
    "color" : "#FFFFFF",
    "position" : {
      "x" : -8.972136,
      "y" : -14.5172205,
      "z" : 5.545085
    }
  }, {
    "shape" : "a81ff33a-bee7-4620-9e63-d1774b7c2452",
    "color" : "#FFFFFF",
    "position" : {
      "x" : -2.118034,
      "y" : 10.281153,
      "z" : 16.635256
    }
  }, {
    "shape" : "021f6121-4754-4f67-bba8-c1fe8144ee67",
    "color" : "#74C300",
    "position" : {
      "x" : -7.663119,
      "y" : -12.399187,
      "z" : 13.208204
    },
    "orientation" : 15
  }, {
    "shape" : "a81ff33a-bee7-4620-9e63-d1774b7c2452",
    "color" : "#FFFFFF",
    "position" : {
      "x" : 0.0,
      "y" : 6.854102,
      "z" : -17.944271
    }
  }, {
    "shape" : "3d519f80-f8b5-4106-9b38-9d831f85e09c",
    "color" : "#6C00C6",
    "position" : {
      "x" : -7.663119,
      "y" : -12.399187,
      "z" : 13.208204
    },
    "orientation" : 53
  }, {
    "shape" : "76f4137b-eab2-4c48-bc98-5558e4e29363",
    "color" : "#DC4C00",
    "position" : {
      "x" : -2.118034,
      "y" : 3.427051,
      "z" : 19.253288
    },
    "orientation" : 55
  }, {
    "shape" : "a81ff33a-bee7-4620-9e63-d1774b7c2452",
    "color" : "#FFFFFF",
    "position" : {
      "x" : -12.399187,
      "y" : 13.208204,
      "z" : -7.663119
    }
  }, {
    "shape" : "a81ff33a-bee7-4620-9e63-d1774b7c2452",
    "color" : "#FFFFFF",
    "position" : {
      "x" : 12.399187,
      "y" : 13.208204,
      "z" : 7.663119
    }
  }, {
    "shape" : "a81ff33a-bee7-4620-9e63-d1774b7c2452",
    "color" : "#FFFFFF",
    "position" : {
      "x" : -10.281153,
      "y" : -16.635256,
      "z" : -2.118034
    }
  }, {
    "shape" : "3d519f80-f8b5-4106-9b38-9d831f85e09c",
    "color" : "#6C00C6",
    "position" : {
      "x" : 4.236068,
      "y" : -6.854102,
      "z" : -17.944271
    },
    "orientation" : 57
  }, {
    "shape" : "3d519f80-f8b5-4106-9b38-9d831f85e09c",
    "color" : "#6C00C6",
    "position" : {
      "x" : 13.208204,
      "y" : -7.663119,
      "z" : -12.399187
    },
    "orientation" : 36
  }, {
    "shape" : "676130a7-6d11-49a2-894c-84b1a886366a",
    "color" : "#007695",
    "position" : {
      "x" : 17.944271,
      "y" : 0.0,
      "z" : 0.0
    },
    "orientation" : 47
  }, {
    "shape" : "a81ff33a-bee7-4620-9e63-d1774b7c2452",
    "color" : "#FFFFFF",
    "position" : {
      "x" : 16.635256,
      "y" : -2.118034,
      "z" : 10.281153
    }
  }, {
    "shape" : "676130a7-6d11-49a2-894c-84b1a886366a",
    "color" : "#007695",
    "position" : {
      "x" : -5.545085,
      "y" : 8.972136,
      "z" : -14.5172205
    },
    "orientation" : 26
  }, {
    "shape" : "a81ff33a-bee7-4620-9e63-d1774b7c2452",
    "color" : "#FFFFFF",
    "position" : {
      "x" : 5.545085,
      "y" : -8.972136,
      "z" : -14.5172205
    }
  }, {
    "shape" : "676130a7-6d11-49a2-894c-84b1a886366a",
    "color" : "#007695",
    "position" : {
      "x" : -8.972136,
      "y" : -14.5172205,
      "z" : -5.545085
    },
    "orientation" : 55
  }, {
    "shape" : "3d519f80-f8b5-4106-9b38-9d831f85e09c",
    "color" : "#6C00C6",
    "position" : {
      "x" : 17.944271,
      "y" : 4.236068,
      "z" : 6.854102
    },
    "orientation" : 28
  }, {
    "shape" : "a81ff33a-bee7-4620-9e63-d1774b7c2452",
    "color" : "#FFFFFF",
    "position" : {
      "x" : 4.236068,
      "y" : -6.854102,
      "z" : -17.944271
    }
  }, {
    "shape" : "a81ff33a-bee7-4620-9e63-d1774b7c2452",
    "color" : "#FFFFFF",
    "position" : {
      "x" : 6.854102,
      "y" : -17.944271,
      "z" : -4.236068
    }
  }, {
    "shape" : "76f4137b-eab2-4c48-bc98-5558e4e29363",
    "color" : "#DC4C00",
    "position" : {
      "x" : -17.944271,
      "y" : -4.236068,
      "z" : 6.854102
    },
    "orientation" : 52
  }, {
    "shape" : "676130a7-6d11-49a2-894c-84b1a886366a",
    "color" : "#007695",
    "position" : {
      "x" : -14.5172205,
      "y" : -5.545085,
      "z" : -8.972136
    },
    "orientation" : 51
  }, {
    "shape" : "76f4137b-eab2-4c48-bc98-5558e4e29363",
    "color" : "#DC4C00",
    "position" : {
      "x" : 6.854102,
      "y" : 17.944271,
      "z" : 4.236068
    },
    "orientation" : 53
  }, {
    "shape" : "76f4137b-eab2-4c48-bc98-5558e4e29363",
    "color" : "#DC4C00",
    "position" : {
      "x" : 17.944271,
      "y" : 4.236068,
      "z" : 6.854102
    },
    "orientation" : 22
  }, {
    "shape" : "3d519f80-f8b5-4106-9b38-9d831f85e09c",
    "color" : "#6C00C6",
    "position" : {
      "x" : -13.208204,
      "y" : -7.663119,
      "z" : 12.399187
    },
    "orientation" : 21
  }, {
    "shape" : "a81ff33a-bee7-4620-9e63-d1774b7c2452",
    "color" : "#FFFFFF",
    "position" : {
      "x" : 2.118034,
      "y" : 10.281153,
      "z" : -16.635256
    }
  }, {
    "shape" : "3d519f80-f8b5-4106-9b38-9d831f85e09c",
    "color" : "#6C00C6",
    "position" : {
      "x" : -7.663119,
      "y" : 12.399187,
      "z" : -13.208204
    },
    "orientation" : 38
  }, {
    "shape" : "3d519f80-f8b5-4106-9b38-9d831f85e09c",
    "color" : "#6C00C6",
    "position" : {
      "x" : 2.118034,
      "y" : -10.281153,
      "z" : 16.635256
    },
    "orientation" : 48
  }, {
    "shape" : "676130a7-6d11-49a2-894c-84b1a886366a",
    "color" : "#007695",
    "position" : {
      "x" : -14.5172205,
      "y" : 5.545085,
      "z" : 8.972136
    },
    "orientation" : 36
  }, {
    "shape" : "a81ff33a-bee7-4620-9e63-d1774b7c2452",
    "color" : "#FFFFFF",
    "position" : {
      "x" : 5.545085,
      "y" : -8.972136,
      "z" : 14.5172205
    }
  }, {
    "shape" : "3d519f80-f8b5-4106-9b38-9d831f85e09c",
    "color" : "#6C00C6",
    "position" : {
      "x" : -9.781153,
      "y" : 8.972136,
      "z" : 14.5172205
    },
    "orientation" : 56
  }, {
    "shape" : "a81ff33a-bee7-4620-9e63-d1774b7c2452",
    "color" : "#FFFFFF",
    "position" : {
      "x" : -13.208204,
      "y" : 7.663119,
      "z" : -12.399187
    }
  }, {
    "shape" : "a81ff33a-bee7-4620-9e63-d1774b7c2452",
    "color" : "#FFFFFF",
    "position" : {
      "x" : -5.545085,
      "y" : -8.972136,
      "z" : -14.5172205
    }
  }, {
    "shape" : "76f4137b-eab2-4c48-bc98-5558e4e29363",
    "color" : "#DC4C00",
    "position" : {
      "x" : 19.253288,
      "y" : -2.118034,
      "z" : 3.427051
    },
    "orientation" : 41
  }, {
    "shape" : "a81ff33a-bee7-4620-9e63-d1774b7c2452",
    "color" : "#FFFFFF",
    "position" : {
      "x" : 2.118034,
      "y" : -3.427051,
      "z" : 19.253288
    }
  }, {
    "shape" : "3d519f80-f8b5-4106-9b38-9d831f85e09c",
    "color" : "#6C00C6",
    "position" : {
      "x" : 16.635256,
      "y" : 2.118034,
      "z" : -10.281153
    },
    "orientation" : 34
  }, {
    "shape" : "a81ff33a-bee7-4620-9e63-d1774b7c2452",
    "color" : "#FFFFFF",
    "position" : {
      "x" : 14.5172205,
      "y" : -5.545085,
      "z" : -8.972136
    }
  }, {
    "shape" : "3d519f80-f8b5-4106-9b38-9d831f85e09c",
    "color" : "#6C00C6",
    "position" : {
      "x" : 2.118034,
      "y" : -3.427051,
      "z" : 19.253288
    },
    "orientation" : 16
  }, {
    "shape" : "a81ff33a-bee7-4620-9e63-d1774b7c2452",
    "color" : "#FFFFFF",
    "position" : {
      "x" : 14.5172205,
      "y" : -9.781153,
      "z" : 8.972136
    }
  }, {
    "shape" : "a81ff33a-bee7-4620-9e63-d1774b7c2452",
    "color" : "#FFFFFF",
    "position" : {
      "x" : 9.781153,
      "y" : 8.972136,
      "z" : -14.5172205
    }
  }, {
    "shape" : "021f6121-4754-4f67-bba8-c1fe8144ee67",
    "color" : "#74C300",
    "position" : {
      "x" : -14.5172205,
      "y" : -9.781153,
      "z" : -8.972136
    },
    "orientation" : 35
  }, {
    "shape" : "a81ff33a-bee7-4620-9e63-d1774b7c2452",
    "color" : "#FFFFFF",
    "position" : {
      "x" : 19.253288,
      "y" : -2.118034,
      "z" : 3.427051
    }
  }, {
    "shape" : "76f4137b-eab2-4c48-bc98-5558e4e29363",
    "color" : "#DC4C00",
    "position" : {
      "x" : 2.118034,
      "y" : -10.281153,
      "z" : 16.635256
    },
    "orientation" : 57
  }, {
    "shape" : "676130a7-6d11-49a2-894c-84b1a886366a",
    "color" : "#007695",
    "position" : {
      "x" : -5.545085,
      "y" : -8.972136,
      "z" : 14.5172205
    },
    "orientation" : 11
  }, {
    "shape" : "a81ff33a-bee7-4620-9e63-d1774b7c2452",
    "color" : "#FFFFFF",
    "position" : {
      "x" : -7.663119,
      "y" : 12.399187,
      "z" : -13.208204
    }
  }, {
    "shape" : "a81ff33a-bee7-4620-9e63-d1774b7c2452",
    "color" : "#FFFFFF",
    "position" : {
      "x" : -8.972136,
      "y" : 14.5172205,
      "z" : 9.781153
    }
  }, {
    "shape" : "021f6121-4754-4f67-bba8-c1fe8144ee67",
    "color" : "#74C300",
    "position" : {
      "x" : 19.253288,
      "y" : 2.118034,
      "z" : -3.427051
    },
    "orientation" : 7
  }, {
    "shape" : "76f4137b-eab2-4c48-bc98-5558e4e29363",
    "color" : "#DC4C00",
    "position" : {
      "x" : 4.236068,
      "y" : -6.854102,
      "z" : -17.944271
    },
    "orientation" : 51
  }, {
    "shape" : "a81ff33a-bee7-4620-9e63-d1774b7c2452",
    "color" : "#FFFFFF",
    "position" : {
      "x" : -6.854102,
      "y" : 17.944271,
      "z" : -4.236068
    }
  }, {
    "shape" : "021f6121-4754-4f67-bba8-c1fe8144ee67",
    "color" : "#74C300",
    "position" : {
      "x" : 2.118034,
      "y" : -3.427051,
      "z" : 19.253288
    },
    "orientation" : 6
  }, {
    "shape" : "3d519f80-f8b5-4106-9b38-9d831f85e09c",
    "color" : "#6C00C6",
    "position" : {
      "x" : 4.236068,
      "y" : 6.854102,
      "z" : 17.944271
    },
    "orientation" : 42
  }, {
    "shape" : "676130a7-6d11-49a2-894c-84b1a886366a",
    "color" : "#007695",
    "position" : {
      "x" : -17.944271,
      "y" : 0.0,
      "z" : 0.0
    },
    "orientation" : 2
  }, {
    "shape" : "3d519f80-f8b5-4106-9b38-9d831f85e09c",
    "color" : "#6C00C6",
    "position" : {
      "x" : 3.427051,
      "y" : 19.253288,
      "z" : -2.118034
    },
    "orientation" : 15
  }, {
    "shape" : "a81ff33a-bee7-4620-9e63-d1774b7c2452",
    "color" : "#FFFFFF",
    "position" : {
      "x" : -6.854102,
      "y" : -17.944271,
      "z" : 4.236068
    }
  }, {
    "shape" : "021f6121-4754-4f67-bba8-c1fe8144ee67",
    "color" : "#74C300",
    "position" : {
      "x" : -8.972136,
      "y" : -14.5172205,
      "z" : -9.781153
    },
    "orientation" : 18
  }, {
    "shape" : "021f6121-4754-4f67-bba8-c1fe8144ee67",
    "color" : "#74C300",
    "position" : {
      "x" : 17.944271,
      "y" : -4.236068,
      "z" : -6.854102
    },
    "orientation" : 43
  }, {
    "shape" : "676130a7-6d11-49a2-894c-84b1a886366a",
    "color" : "#007695",
    "position" : {
      "x" : -5.545085,
      "y" : 8.972136,
      "z" : 14.5172205
    },
    "orientation" : 8
  }, {
    "shape" : "021f6121-4754-4f67-bba8-c1fe8144ee67",
    "color" : "#74C300",
    "position" : {
      "x" : -6.854102,
      "y" : 17.944271,
      "z" : -4.236068
    },
    "orientation" : 29
  }, {
    "shape" : "a81ff33a-bee7-4620-9e63-d1774b7c2452",
    "color" : "#FFFFFF",
    "position" : {
      "x" : 2.118034,
      "y" : 3.427051,
      "z" : -19.253288
    }
  }, {
    "shape" : "3d519f80-f8b5-4106-9b38-9d831f85e09c",
    "color" : "#6C00C6",
    "position" : {
      "x" : 9.781153,
      "y" : 8.972136,
      "z" : -14.5172205
    },
    "orientation" : 11
  }, {
    "shape" : "676130a7-6d11-49a2-894c-84b1a886366a",
    "color" : "#007695",
    "position" : {
      "x" : 0.0,
      "y" : 0.0,
      "z" : 17.944271
    },
    "orientation" : 1
  }, {
    "shape" : "76f4137b-eab2-4c48-bc98-5558e4e29363",
    "color" : "#DC4C00",
    "position" : {
      "x" : 3.427051,
      "y" : 19.253288,
      "z" : -2.118034
    },
    "orientation" : 24
  }, {
    "shape" : "021f6121-4754-4f67-bba8-c1fe8144ee67",
    "color" : "#74C300",
    "position" : {
      "x" : 14.5172205,
      "y" : 9.781153,
      "z" : -8.972136
    },
    "orientation" : 5
  }, {
    "shape" : "3d519f80-f8b5-4106-9b38-9d831f85e09c",
    "color" : "#6C00C6",
    "position" : {
      "x" : -2.118034,
      "y" : -3.427051,
      "z" : -19.253288
    },
    "orientation" : 31
  }, {
    "shape" : "3d519f80-f8b5-4106-9b38-9d831f85e09c",
    "color" : "#6C00C6",
    "position" : {
      "x" : 8.972136,
      "y" : -14.5172205,
      "z" : 9.781153
    },
    "orientation" : 10
  }, {
    "shape" : "021f6121-4754-4f67-bba8-c1fe8144ee67",
    "color" : "#74C300",
    "position" : {
      "x" : -9.781153,
      "y" : 8.972136,
      "z" : 14.5172205
    },
    "orientation" : 34
  }, {
    "shape" : "676130a7-6d11-49a2-894c-84b1a886366a",
    "color" : "#007695",
    "position" : {
      "x" : -14.5172205,
      "y" : -5.545085,
      "z" : 8.972136
    },
    "orientation" : 21
  }, {
    "shape" : "676130a7-6d11-49a2-894c-84b1a886366a",
    "color" : "#007695",
    "position" : {
      "x" : 5.545085,
      "y" : -8.972136,
      "z" : 14.5172205
    },
    "orientation" : 38
  }, {
    "shape" : "3d519f80-f8b5-4106-9b38-9d831f85e09c",
    "color" : "#6C00C6",
    "position" : {
      "x" : 6.854102,
      "y" : -17.944271,
      "z" : -4.236068
    },
    "orientation" : 44
  }, {
    "shape" : "021f6121-4754-4f67-bba8-c1fe8144ee67",
    "color" : "#74C300",
    "position" : {
      "x" : -7.663119,
      "y" : 12.399187,
      "z" : -13.208204
    },
    "orientation" : 0
  }, {
    "shape" : "021f6121-4754-4f67-bba8-c1fe8144ee67",
    "color" : "#74C300",
    "position" : {
      "x" : -2.118034,
      "y" : -3.427051,
      "z" : -19.253288
    },
    "orientation" : 51
  }, {
    "shape" : "3d519f80-f8b5-4106-9b38-9d831f85e09c",
    "color" : "#6C00C6",
    "position" : {
      "x" : 17.944271,
      "y" : -4.236068,
      "z" : -6.854102
    },
    "orientation" : 13
  }, {
    "shape" : "676130a7-6d11-49a2-894c-84b1a886366a",
    "color" : "#007695",
    "position" : {
      "x" : 5.545085,
      "y" : -8.972136,
      "z" : -14.5172205
    },
    "orientation" : 8
  }, {
    "shape" : "3d519f80-f8b5-4106-9b38-9d831f85e09c",
    "color" : "#6C00C6",
    "position" : {
      "x" : -12.399187,
      "y" : -13.208204,
      "z" : 7.663119
    },
    "orientation" : 7
  }, {
    "shape" : "021f6121-4754-4f67-bba8-c1fe8144ee67",
    "color" : "#74C300",
    "position" : {
      "x" : 9.781153,
      "y" : 8.972136,
      "z" : -14.5172205
    },
    "orientation" : 19
  }, {
    "shape" : "676130a7-6d11-49a2-894c-84b1a886366a",
    "color" : "#007695",
    "position" : {
      "x" : -14.5172205,
      "y" : 5.545085,
      "z" : -8.972136
    },
    "orientation" : 6
  }, {
    "shape" : "a81ff33a-bee7-4620-9e63-d1774b7c2452",
    "color" : "#FFFFFF",
    "position" : {
      "x" : 0.0,
      "y" : 6.854102,
      "z" : 17.944271
    }
  }, {
    "shape" : "a81ff33a-bee7-4620-9e63-d1774b7c2452",
    "color" : "#FFFFFF",
    "position" : {
      "x" : 8.972136,
      "y" : -14.5172205,
      "z" : -5.545085
    }
  }, {
    "shape" : "021f6121-4754-4f67-bba8-c1fe8144ee67",
    "color" : "#74C300",
    "position" : {
      "x" : 8.972136,
      "y" : -14.5172205,
      "z" : 9.781153
    },
    "orientation" : 33
  }, {
    "shape" : "76f4137b-eab2-4c48-bc98-5558e4e29363",
    "color" : "#DC4C00",
    "position" : {
      "x" : 12.399187,
      "y" : 13.208204,
      "z" : 7.663119
    },
    "orientation" : 31
  }, {
    "shape" : "a81ff33a-bee7-4620-9e63-d1774b7c2452",
    "color" : "#FFFFFF",
    "position" : {
      "x" : -10.281153,
      "y" : 16.635256,
      "z" : 2.118034
    }
  }, {
    "shape" : "a81ff33a-bee7-4620-9e63-d1774b7c2452",
    "color" : "#FFFFFF",
    "position" : {
      "x" : 8.972136,
      "y" : -14.5172205,
      "z" : 5.545085
    }
  }, {
    "shape" : "a81ff33a-bee7-4620-9e63-d1774b7c2452",
    "color" : "#FFFFFF",
    "position" : {
      "x" : -17.944271,
      "y" : -4.236068,
      "z" : 6.854102
    }
  }, {
    "shape" : "3d519f80-f8b5-4106-9b38-9d831f85e09c",
    "color" : "#6C00C6",
    "position" : {
      "x" : 3.427051,
      "y" : -19.253288,
      "z" : 2.118034
    },
    "orientation" : 0
  }, {
    "shape" : "3d519f80-f8b5-4106-9b38-9d831f85e09c",
    "color" : "#6C00C6",
    "position" : {
      "x" : -8.972136,
      "y" : 14.5172205,
      "z" : 9.781153
    },
    "orientation" : 40
  }, {
    "shape" : "a81ff33a-bee7-4620-9e63-d1774b7c2452",
    "color" : "#FFFFFF",
    "position" : {
      "x" : 7.663119,
      "y" : 12.399187,
      "z" : 13.208204
    }
  }, {
    "shape" : "021f6121-4754-4f67-bba8-c1fe8144ee67",
    "color" : "#74C300",
    "position" : {
      "x" : 12.399187,
      "y" : -13.208204,
      "z" : -7.663119
    },
    "orientation" : 2
  }, {
    "shape" : "a81ff33a-bee7-4620-9e63-d1774b7c2452",
    "color" : "#FFFFFF",
    "position" : {
      "x" : 14.5172205,
      "y" : -5.545085,
      "z" : 8.972136
    }
  }, {
    "shape" : "a81ff33a-bee7-4620-9e63-d1774b7c2452",
    "color" : "#FFFFFF",
    "position" : {
      "x" : 0.0,
      "y" : -6.854102,
      "z" : -17.944271
    }
  }, {
    "shape" : "76f4137b-eab2-4c48-bc98-5558e4e29363",
    "color" : "#DC4C00",
    "position" : {
      "x" : 19.253288,
      "y" : 2.118034,
      "z" : -3.427051
    },
    "orientation" : 56
  }, {
    "shape" : "021f6121-4754-4f67-bba8-c1fe8144ee67",
    "color" : "#74C300",
    "position" : {
      "x" : -17.944271,
      "y" : -4.236068,
      "z" : 6.854102
    },
    "orientation" : 28
  }, {
    "shape" : "3d519f80-f8b5-4106-9b38-9d831f85e09c",
    "color" : "#6C00C6",
    "position" : {
      "x" : 10.281153,
      "y" : -16.635256,
      "z" : 2.118034
    },
    "orientation" : 50
  }, {
    "shape" : "676130a7-6d11-49a2-894c-84b1a886366a",
    "color" : "#007695",
