{
  "field" : "golden",
  "symmetry" : "icosahedral",
  "orientations" : [ [ 1.0, 0.0, 0.0, 0.0, 0.0, 1.0, 0.0, 0.0, 0.0, 0.0, 1.0, 0.0, 0.0, 0.0, 0.0, 1.0 ], [ 0.0, 0.0, 1.0, 0.0, 1.0, 0.0, 0.0, 0.0, 0.0, 1.0, 0.0, 0.0, 0.0, 0.0, 0.0, 1.0 ], [ 0.0, 1.0, 0.0, 0.0, 0.0, 0.0, 1.0, 0.0, 1.0, 0.0, 0.0, 0.0, 0.0, 0.0, 0.0, 1.0 ], [ 0.809017, 0.309017, 0.5, 0.0, 0.309017, 0.5, -0.809017, 0.0, -0.5, 0.809017, 0.309017, 0.0, 0.0, 0.0, 0.0, 1.0 ], [ -0.5, 0.809017, 0.309017, 0.0, 0.809017, 0.309017, 0.5, 0.0, 0.309017, 0.5, -0.809017, 0.0, 0.0, 0.0, 0.0, 1.0 ], [ 0.309017, 0.5, -0.809017, 0.0, -0.5, 0.809017, 0.309017, 0.0, 0.809017, 0.309017, 0.5, 0.0, 0.0, 0.0, 0.0, 1.0 ], [ 0.5, 0.809017, 0.309017, 0.0, 0.809017, -0.309017, -0.5, 0.0, -0.309017, 0.5, -0.809017, 0.0, 0.0, 0.0, 0.0, 1.0 ], [ -0.309017, 0.5, -0.809017, 0.0, 0.5, 0.809017, 0.309017, 0.0, 0.809017, -0.309017, -0.5, 0.0, 0.0, 0.0, 0.0, 1.0 ], [ 0.809017, -0.309017, -0.5, 0.0, -0.309017, 0.5, -0.809017, 0.0, 0.5, 0.809017, 0.309017, 0.0, 0.0, 0.0, 0.0, 1.0 ], [ 0.5, 0.809017, -0.309017, 0.0, 0.809017, -0.309017, 0.5, 0.0, 0.309017, -0.5, -0.809017, 0.0, 0.0, 0.0, 0.0, 1.0 ], [ 0.309017, -0.5, -0.809017, 0.0, 0.5, 0.809017, -0.309017, 0.0, 0.809017, -0.309017, 0.5, 0.0, 0.0, 0.0, 0.0, 1.0 ], [ 0.809017, -0.309017, 0.5, 0.0, 0.309017, -0.5, -0.809017, 0.0, 0.5, 0.809017, -0.309017, 0.0, 0.0, 0.0, 0.0, 1.0 ], [ 0.809017, 0.309017, -0.5, 0.0, 0.309017, 0.5, 0.809017, 0.0, 0.5, -0.809017, 0.309017, 0.0, 0.0, 0.0, 0.0, 1.0 ], [ 0.5, -0.809017, 0.309017, 0.0, 0.809017, 0.309017, -0.5, 0.0, 0.309017, 0.5, 0.809017, 0.0, 0.0, 0.0, 0.0, 1.0 ], [ 0.309017, 0.5, 0.809017, 0.0, 0.5, -0.809017, 0.309017, 0.0, 0.809017, 0.309017, -0.5, 0.0, 0.0, 0.0, 0.0, 1.0 ], [ 1.0, 0.0, 0.0, 0.0, 0.0, -1.0, 0.0, 0.0, 0.0, 0.0, -1.0, 0.0, 0.0, 0.0, 0.0, 1.0 ], [ 0.0, 0.0, 1.0, 0.0, -1.0, 0.0, 0.0, 0.0, 0.0, -1.0, 0.0, 0.0, 0.0, 0.0, 0.0, 1.0 ], [ 0.0, 1.0, 0.0, 0.0, 0.0, 0.0, -1.0, 0.0, -1.0, 0.0, 0.0, 0.0, 0.0, 0.0, 0.0, 1.0 ], [ 0.809017, 0.309017, 0.5, 0.0, -0.309017, -0.5, 0.809017, 0.0, 0.5, -0.809017, -0.309017, 0.0, 0.0, 0.0, 0.0, 1.0 ], [ -0.5, 0.809017, 0.309017, 0.0, -0.809017, -0.309017, -0.5, 0.0, -0.309017, -0.5, 0.809017, 0.0, 0.0, 0.0, 0.0, 1.0 ], [ 0.309017, 0.5, -0.809017, 0.0, 0.5, -0.809017, -0.309017, 0.0, -0.809017, -0.309017, -0.5, 0.0, 0.0, 0.0, 0.0, 1.0 ], [ 0.5, 0.809017, 0.309017, 0.0, -0.809017, 0.309017, 0.5, 0.0, 0.309017, -0.5, 0.809017, 0.0, 0.0, 0.0, 0.0, 1.0 ], [ -0.309017, 0.5, -0.809017, 0.0, -0.5, -0.809017, -0.309017, 0.0, -0.809017, 0.309017, 0.5, 0.0, 0.0, 0.0, 0.0, 1.0 ], [ 0.809017, -0.309017, -0.5, 0.0, 0.309017, -0.5, 0.809017, 0.0, -0.5, -0.809017, -0.309017, 0.0, 0.0, 0.0, 0.0, 1.0 ], [ 0.5, 0.809017, -0.309017, 0.0, -0.809017, 0.309017, -0.5, 0.0, -0.309017, 0.5, 0.809017, 0.0, 0.0, 0.0, 0.0, 1.0 ], [ 0.309017, -0.5, -0.809017, 0.0, -0.5, -0.809017, 0.309017, 0.0, -0.809017, 0.309017, -0.5, 0.0, 0.0, 0.0, 0.0, 1.0 ], [ 0.809017, -0.309017, 0.5, 0.0, -0.309017, 0.5, 0.809017, 0.0, -0.5, -0.809017, 0.309017, 0.0, 0.0, 0.0, 0.0, 1.0 ], [ 0.809017, 0.309017, -0.5, 0.0, -0.309017, -0.5, -0.809017, 0.0, -0.5, 0.809017, -0.309017, 0.0, 0.0, 0.0, 0.0, 1.0 ], [ 0.5, -0.809017, 0.309017, 0.0, -0.809017, -0.309017, 0.5, 0.0, -0.309017, -0.5, -0.809017, 0.0, 0.0, 0.0, 0.0, 1.0 ], [ 0.309017, 0.5, 0.809017, 0.0, -0.5, 0.809017, -0.309017, 0.0, -0.809017, -0.309017, 0.5, 0.0, 0.0, 0.0, 0.0, 1.0 ], [ -1.0, 0.0, 0.0, 0.0, 0.0, -1.0, 0.0, 0.0, 0.0, 0.0, 1.0, 0.0, 0.0, 0.0, 0.0, 1.0 ], [ 0.0, 0.0, -1.0, 0.0, -1.0, 0.0, 0.0, 0.0, 0.0, 1.0, 0.0, 0.0, 0.0, 0.0, 0.0, 1.0 ], [ 0.0, -1.0, 0.0, 0.0, 0.0, 0.0, -1.0, 0.0, 1.0, 0.0, 0.0, 0.0, 0.0, 0.0, 0.0, 1.0 ], [ -0.809017, -0.309017, -0.5, 0.0, -0.309017, -0.5, 0.809017, 0.0, -0.5, 0.809017, 0.309017, 0.0, 0.0, 0.0, 0.0, 1.0 ], [ 0.5, -0.809017, -0.309017, 0.0, -0.809017, -0.309017, -0.5, 0.0, 0.309017, 0.5, -0.809017, 0.0, 0.0, 0.0, 0.0, 1.0 ], [ -0.309017, -0.5, 0.809017, 0.0, 0.5, -0.809017, -0.309017, 0.0, 0.809017, 0.309017, 0.5, 0.0, 0.0, 0.0, 0.0, 1.0 ], [ -0.5, -0.809017, -0.309017, 0.0, -0.809017, 0.309017, 0.5, 0.0, -0.309017, 0.5, -0.809017, 0.0, 0.0, 0.0, 0.0, 1.0 ], [ 0.309017, -0.5, 0.809017, 0.0, -0.5, -0.809017, -0.309017, 0.0, 0.809017, -0.309017, -0.5, 0.0, 0.0, 0.0, 0.0, 1.0 ], [ -0.809017, 0.309017, 0.5, 0.0, 0.309017, -0.5, 0.809017, 0.0, 0.5, 0.809017, 0.309017, 0.0, 0.0, 0.0, 0.0, 1.0 ], [ -0.5, -0.809017, 0.309017, 0.0, -0.809017, 0.309017, -0.5, 0.0, 0.309017, -0.5, -0.809017, 0.0, 0.0, 0.0, 0.0, 1.0 ], [ -0.309017, 0.5, 0.809017, 0.0, -0.5, -0.809017, 0.309017, 0.0, 0.809017, -0.309017, 0.5, 0.0, 0.0, 0.0, 0.0, 1.0 ], [ -0.809017, 0.309017, -0.5, 0.0, -0.309017, 0.5, 0.809017, 0.0, 0.5, 0.809017, -0.309017, 0.0, 0.0, 0.0, 0.0, 1.0 ], [ -0.809017, -0.309017, 0.5, 0.0, -0.309017, -0.5, -0.809017, 0.0, 0.5, -0.809017, 0.309017, 0.0, 0.0, 0.0, 0.0, 1.0 ], [ -0.5, 0.809017, -0.309017, 0.0, -0.809017, -0.309017, 0.5, 0.0, 0.309017, 0.5, 0.809017, 0.0, 0.0, 0.0, 0.0, 1.0 ], [ -0.309017, -0.5, -0.809017, 0.0, -0.5, 0.809017, -0.309017, 0.0, 0.809017, 0.309017, -0.5, 0.0, 0.0, 0.0, 0.0, 1.0 ], [ -1.0, 0.0, 0.0, 0.0, 0.0, 1.0, 0.0, 0.0, 0.0, 0.0, -1.0, 0.0, 0.0, 0.0, 0.0, 1.0 ], [ 0.0, 0.0, -1.0, 0.0, 1.0, 0.0, 0.0, 0.0, 0.0, -1.0, 0.0, 0.0, 0.0, 0.0, 0.0, 1.0 ], [ 0.0, -1.0, 0.0, 0.0, 0.0, 0.0, 1.0, 0.0, -1.0, 0.0, 0.0, 0.0, 0.0, 0.0, 0.0, 1.0 ], [ -0.809017, -0.309017, -0.5, 0.0, 0.309017, 0.5, -0.809017, 0.0, 0.5, -0.809017, -0.309017, 0.0, 0.0, 0.0, 0.0, 1.0 ], [ 0.5, -0.809017, -0.309017, 0.0, 0.809017, 0.309017, 0.5, 0.0, -0.309017, -0.5, 0.809017, 0.0, 0.0, 0.0, 0.0, 1.0 ], [ -0.309017, -0.5, 0.809017, 0.0, -0.5, 0.809017, 0.309017, 0.0, -0.809017, -0.309017, -0.5, 0.0, 0.0, 0.0, 0.0, 1.0 ], [ -0.5, -0.809017, -0.309017, 0.0, 0.809017, -0.309017, -0.5, 0.0, 0.309017, -0.5, 0.809017, 0.0, 0.0, 0.0, 0.0, 1.0 ], [ 0.309017, -0.5, 0.809017, 0.0, 0.5, 0.809017, 0.309017, 0.0, -0.809017, 0.309017, 0.5, 0.0, 0.0, 0.0, 0.0, 1.0 ], [ -0.809017, 0.309017, 0.5, 0.0, -0.309017, 0.5, -0.809017, 0.0, -0.5, -0.809017, -0.309017, 0.0, 0.0, 0.0, 0.0, 1.0 ], [ -0.5, -0.809017, 0.309017, 0.0, 0.809017, -0.309017, 0.5, 0.0, -0.309017, 0.5, 0.809017, 0.0, 0.0, 0.0, 0.0, 1.0 ], [ -0.309017, 0.5, 0.809017, 0.0, 0.5, 0.809017, -0.309017, 0.0, -0.809017, 0.309017, -0.5, 0.0, 0.0, 0.0, 0.0, 1.0 ], [ -0.809017, 0.309017, -0.5, 0.0, 0.309017, -0.5, -0.809017, 0.0, -0.5, -0.809017, 0.309017, 0.0, 0.0, 0.0, 0.0, 1.0 ], [ -0.809017, -0.309017, 0.5, 0.0, 0.309017, 0.5, 0.809017, 0.0, -0.5, 0.809017, -0.309017, 0.0, 0.0, 0.0, 0.0, 1.0 ], [ -0.5, 0.809017, -0.309017, 0.0, 0.809017, 0.309017, -0.5, 0.0, -0.309017, -0.5, -0.809017, 0.0, 0.0, 0.0, 0.0, 1.0 ], [ -0.309017, -0.5, -0.809017, 0.0, 0.5, -0.809017, 0.309017, 0.0, -0.809017, -0.309017, 0.5, 0.0, 0.0, 0.0, 0.0, 1.0 ] ],
  "lights" : {
    "ambientColor" : "#292929",
    "backgroundColor" : "#CCCCCC",
    "directionalLights" : [ {
      "direction" : {
        "x" : 1.0,
        "y" : -1.0,
        "z" : -1.0
      },
      "color" : "#EBEBE4"
    }, {
      "direction" : {
        "x" : -1.0,
        "y" : 0.0,
        "z" : 0.0
      },
      "color" : "#E4E4EB"
    }, {
      "direction" : {
        "x" : 0.0,
        "y" : 0.0,
        "z" : -1.0
      },
      "color" : "#1E1E1E"
    } ]
  },
  "camera" : {
    "viewDistance" : 232.4975,
    "nearClipDistance" : 0.5812439,
    "farClipDistance" : 464.9954,
    "lookAtPoint" : {
      "x" : 0.0,
      "y" : 0.0,
      "z" : 0.0
    },
    "fieldOfView" : 0.44262898,
    "perspective" : false,
    "lookDirection" : {
      "x" : 0.87253237,
      "y" : -0.48676115,
      "z" : 0.041908298
    },
    "upDirection" : {
      "x" : -0.37396395,
      "y" : -0.7206022,
      "z" : -0.5838512
    },
    "width" : 104.6239,
    "stereo" : false,
    "position" : {
      "x" : -202.86159,
      "y" : 113.17075,
      "z" : -9.743574
    }
  },
  "embedding" : [ 1.0, 0.0, 0.0, 0.0, 0.0, 1.0, 0.0, 0.0, 0.0, 0.0, 1.0, 0.0, 0.0, 0.0, 0.0, 1.0 ],
  "shapes" : [ {
    "id" : "4a5c6167-382e-4662-ad2b-2a35150bf75c",
    "vertices" : [ {
      "x" : 0.309017,
      "y" : -0.309017,
      "z" : -0.309017
    }, {
      "x" : 0.5,
      "y" : 0.0,
      "z" : -0.19098301
    }, {
      "x" : 0.5,
      "y" : 0.0,
      "z" : 0.19098301
    }, {
      "x" : 0.309017,
      "y" : -0.309017,
      "z" : 0.309017
    }, {
      "x" : 0.19098301,
      "y" : -0.5,
      "z" : 0.0
    }, {
      "x" : 0.0,
      "y" : 0.19098301,
      "z" : 0.5
    }, {
      "x" : 0.0,
      "y" : -0.19098301,
      "z" : 0.5
    }, {
      "x" : 0.309017,
      "y" : 0.309017,
      "z" : 0.309017
    }, {
      "x" : -0.309017,
      "y" : -0.309017,
      "z" : 0.309017
    }, {
      "x" : -0.309017,
      "y" : 0.309017,
      "z" : 0.309017
    }, {
      "x" : -0.5,
      "y" : 0.0,
      "z" : 0.19098301
    }, {
      "x" : 0.0,
      "y" : -0.19098301,
      "z" : -0.5
    }, {
      "x" : 0.0,
      "y" : 0.19098301,
      "z" : -0.5
    }, {
      "x" : 0.309017,
      "y" : 0.309017,
      "z" : -0.309017
    }, {
      "x" : -0.309017,
      "y" : -0.309017,
      "z" : -0.309017
    }, {
      "x" : -0.19098301,
      "y" : -0.5,
      "z" : 0.0
    }, {
      "x" : -0.5,
      "y" : 0.0,
      "z" : -0.19098301
    }, {
      "x" : 0.19098301,
      "y" : 0.5,
      "z" : 0.0
    }, {
      "x" : -0.309017,
      "y" : 0.309017,
      "z" : -0.309017
    }, {
      "x" : 0.0,
      "y" : 0.0,
      "z" : 0.0
    }, {
      "x" : -0.19098301,
      "y" : 0.5,
      "z" : 0.0
    } ],
    "faces" : [ {
      "vertices" : [ 12, 18, 20 ]
    }, {
      "vertices" : [ 12, 20, 17 ]
    }, {
      "vertices" : [ 12, 17, 13 ]
    }, {
      "vertices" : [ 3, 6, 8 ]
    }, {
      "vertices" : [ 3, 8, 15 ]
    }, {
      "vertices" : [ 3, 15, 4 ]
    }, {
      "vertices" : [ 0, 11, 12 ]
    }, {
      "vertices" : [ 0, 12, 13 ]
    }, {
      "vertices" : [ 0, 13, 1 ]
    }, {
      "vertices" : [ 5, 9, 10 ]
    }, {
      "vertices" : [ 5, 10, 8 ]
    }, {
      "vertices" : [ 5, 8, 6 ]
    }, {
      "vertices" : [ 2, 7, 5 ]
    }, {
      "vertices" : [ 2, 5, 6 ]
    }, {
      "vertices" : [ 2, 6, 3 ]
    }, {
      "vertices" : [ 11, 14, 16 ]
    }, {
      "vertices" : [ 11, 16, 18 ]
    }, {
      "vertices" : [ 11, 18, 12 ]
    }, {
      "vertices" : [ 1, 13, 17 ]
    }, {
      "vertices" : [ 1, 17, 7 ]
    }, {
      "vertices" : [ 1, 7, 2 ]
    }, {
      "vertices" : [ 9, 20, 18 ]
    }, {
      "vertices" : [ 9, 18, 16 ]
    }, {
      "vertices" : [ 9, 16, 10 ]
    }, {
      "vertices" : [ 0, 1, 2 ]
    }, {
      "vertices" : [ 0, 2, 3 ]
    }, {
      "vertices" : [ 0, 3, 4 ]
    }, {
      "vertices" : [ 5, 7, 17 ]
    }, {
      "vertices" : [ 5, 17, 20 ]
    }, {
      "vertices" : [ 5, 20, 9 ]
    }, {
      "vertices" : [ 0, 4, 15 ]
    }, {
      "vertices" : [ 0, 15, 14 ]
    }, {
      "vertices" : [ 0, 14, 11 ]
    }, {
      "vertices" : [ 8, 10, 16 ]
    }, {
      "vertices" : [ 8, 16, 14 ]
    }, {
      "vertices" : [ 8, 14, 15 ]
    } ]
  }, {
    "id" : "233fedbe-0fbc-435a-916e-d562c04de955",
    "vertices" : [ {
      "x" : 8.472136,
      "y" : 8.472136,
      "z" : 0.0
    }, {
      "x" : 11.296182,
      "y" : 2.8240454,
      "z" : -5.648091
    }, {
      "x" : 11.296182,
      "y" : -5.648091,
      "z" : -5.648091
    }, {
      "x" : 8.472136,
      "y" : 0.0,
      "z" : 0.0
    } ],
    "faces" : [ {
      "vertices" : [ 0, 1, 2 ]
    }, {
      "vertices" : [ 0, 2, 3 ]
    }, {
      "vertices" : [ 0, 3, 2 ]
    }, {
      "vertices" : [ 0, 2, 1 ]
    } ]
  }, {
    "id" : "9785482f-d694-439f-88b2-71adc7da62cd",
    "vertices" : [ {
      "x" : 30.652475,
      "y" : -22.18034,
      "z" : 8.472136
    }, {
      "x" : 30.652475,
      "y" : -22.18034,
      "z" : 0.0
    }, {
      "x" : 25.004385,
      "y" : -27.82843,
      "z" : 2.8240454
    }, {
      "x" : 25.004385,
      "y" : -27.82843,
      "z" : 11.296182
    } ],
    "faces" : [ {
      "vertices" : [ 0, 1, 2 ]
    }, {
      "vertices" : [ 0, 2, 3 ]
    }, {
      "vertices" : [ 0, 3, 2 ]
    }, {
      "vertices" : [ 0, 2, 1 ]
    } ]
  }, {
    "id" : "bf6f0a2c-7e06-4446-a41a-d84837fd6a36",
    "vertices" : [ {
      "x" : 1.0,
      "y" : 0.309017,
      "z" : 0.19098301
    }, {
      "x" : 1.0,
      "y" : -0.309017,
      "z" : 0.19098301
    }, {
      "x" : 7.472136,
      "y" : -0.309017,
      "z" : 0.19098301
    }, {
      "x" : 7.472136,
      "y" : 0.309017,
      "z" : 0.19098301
    }, {
      "x" : 7.472136,
      "y" : -0.309017,
      "z" : -0.19098301
    }, {
      "x" : 7.472136,
      "y" : 0.309017,
      "z" : -0.19098301
    }, {
      "x" : 8.09017,
      "y" : 0.0,
      "z" : 0.0
    }, {
      "x" : 0.38196602,
      "y" : 0.0,
      "z" : 0.0
    }, {
      "x" : 1.0,
      "y" : 0.309017,
      "z" : -0.19098301
    }, {
      "x" : 1.0,
      "y" : -0.309017,
      "z" : -0.19098301
    }, {
      "x" : 8.472136,
      "y" : 0.0,
      "z" : 0.0
    } ],
    "faces" : [ {
      "vertices" : [ 1, 9, 4 ]
    }, {
      "vertices" : [ 1, 4, 2 ]
    }, {
      "vertices" : [ 0, 3, 5 ]
    }, {
      "vertices" : [ 0, 5, 8 ]
    }, {
      "vertices" : [ 1, 7, 9 ]
    }, {
      "vertices" : [ 0, 1, 2 ]
    }, {
      "vertices" : [ 0, 2, 3 ]
    }, {
      "vertices" : [ 7, 8, 9 ]
    }, {
      "vertices" : [ 0, 7, 1 ]
    }, {
      "vertices" : [ 4, 9, 8 ]
    }, {
      "vertices" : [ 4, 8, 5 ]
    }, {
      "vertices" : [ 2, 6, 3 ]
    }, {
      "vertices" : [ 2, 4, 6 ]
    }, {
      "vertices" : [ 3, 6, 5 ]
    }, {
      "vertices" : [ 4, 5, 6 ]
    }, {
      "vertices" : [ 0, 8, 7 ]
    } ]
  }, {
    "id" : "0a60dc6d-3de1-4fce-8624-61d7409b061c",
    "vertices" : [ {
      "x" : 29.240454,
      "y" : 1.2060113,
      "z" : -30.446465
    }, {
      "x" : 20.768318,
      "y" : 1.2060113,
      "z" : -30.446465
    }, {
      "x" : 17.944271,
      "y" : 6.854102,
      "z" : -24.798374
    }, {
      "x" : 26.416409,
      "y" : 6.854102,
      "z" : -24.798374
    } ],
    "faces" : [ {
      "vertices" : [ 0, 1, 2 ]
    }, {
      "vertices" : [ 0, 2, 3 ]
    }, {
      "vertices" : [ 0, 3, 2 ]
    }, {
      "vertices" : [ 0, 2, 1 ]
    } ]
  }, {
    "id" : "364d8887-290f-4a28-84e5-f5c3cc98a658",
    "vertices" : [ {
      "x" : 5.3703127,
      "y" : -2.3351564,
      "z" : 5.1036463
    }, {
      "x" : 5.270313,
      "y" : -2.7351565,
      "z" : 5.0036464
    }, {
      "x" : 0.2777778,
      "y" : -0.4888889,
      "z" : 0.54444444
    }, {
      "x" : 0.37777779,
      "y" : -0.08888889,
      "z" : 0.64444447
    }, {
      "x" : 5.0369797,
      "y" : -2.8684897,
      "z" : 5.303646
    }, {
      "x" : 5.1369796,
      "y" : -2.4684896,
      "z" : 5.403646
    }, {
      "x" : 0.6111111,
      "y" : 0.044444446,
      "z" : 0.34444445
    }, {
      "x" : 0.51111114,
      "y" : -0.35555556,
      "z" : 0.24444444
    } ],
    "faces" : [ {
      "vertices" : [ 2, 3, 6 ]
    }, {
      "vertices" : [ 2, 6, 7 ]
    }, {
      "vertices" : [ 0, 5, 4 ]
    }, {
      "vertices" : [ 0, 4, 1 ]
    }, {
      "vertices" : [ 2, 4, 5 ]
    }, {
      "vertices" : [ 2, 5, 3 ]
    }, {
      "vertices" : [ 0, 6, 3 ]
    }, {
      "vertices" : [ 0, 3, 5 ]
    }, {
      "vertices" : [ 0, 1, 7 ]
    }, {
      "vertices" : [ 0, 7, 6 ]
    }, {
      "vertices" : [ 1, 4, 2 ]
    }, {
      "vertices" : [ 1, 2, 7 ]
    } ]
  }, {
    "id" : "44fe643a-79b0-4eea-aefd-84a75d5621dc",
    "vertices" : [ {
      "x" : 15.120227,
      "y" : 4.0300565,
      "z" : -36.094555
    }, {
      "x" : 15.120227,
      "y" : 12.5021925,
      "z" : -36.094555
    }, {
      "x" : 12.296182,
      "y" : 18.150284,
      "z" : -30.446465
    }, {
      "x" : 12.296182,
      "y" : 9.678147,
      "z" : -30.446465
    } ],
    "faces" : [ {
      "vertices" : [ 0, 1, 2 ]
    }, {
      "vertices" : [ 0, 2, 3 ]
    }, {
      "vertices" : [ 0, 3, 2 ]
    }, {
      "vertices" : [ 0, 2, 1 ]
    } ]
  }, {
    "id" : "98f2f260-c726-4a98-86da-4bddd634607b",
    "vertices" : [ {
      "x" : 8.472136,
      "y" : 0.0,
      "z" : 0.0
    }, {
      "x" : 8.472136,
      "y" : 8.472136,
      "z" : 0.0
    }, {
      "x" : 2.8240454,
      "y" : 11.296182,
      "z" : -5.648091
    }, {
      "x" : 2.8240454,
      "y" : 2.8240454,
      "z" : -5.648091
    } ],
    "faces" : [ {
      "vertices" : [ 0, 1, 2 ]
    }, {
      "vertices" : [ 0, 2, 3 ]
    }, {
      "vertices" : [ 0, 3, 2 ]
    }, {
      "vertices" : [ 0, 2, 1 ]
    } ]
  }, {
    "id" : "96761878-e70f-4b42-a8fc-aa7d332f53dc",
    "vertices" : [ {
      "x" : 27.82843,
      "y" : -33.47652,
      "z" : -2.8240454
    }, {
      "x" : 19.356295,
      "y" : -33.47652,
      "z" : -2.8240454
    }, {
      "x" : 19.356295,
      "y" : -33.47652,
      "z" : 5.648091
    }, {
      "x" : 27.82843,
      "y" : -33.47652,
      "z" : 5.648091
    } ],
    "faces" : [ {
      "vertices" : [ 0, 1, 2 ]
    }, {
      "vertices" : [ 0, 2, 3 ]
    }, {
      "vertices" : [ 0, 3, 2 ]
    }, {
      "vertices" : [ 0, 2, 1 ]
    } ]
  }, {
    "id" : "bc1631ce-2632-4c8b-8e2a-17a002f6b908",
    "vertices" : [ {
      "x" : 16.53225,
      "y" : -27.82843,
      "z" : 11.296182
    }, {
      "x" : 16.53225,
      "y" : -27.82843,
      "z" : 2.8240454
    }, {
      "x" : 25.004385,
      "y" : -27.82843,
      "z" : 2.8240454
    }, {
      "x" : 25.004385,
      "y" : -27.82843,
      "z" : 11.296182
    } ],
    "faces" : [ {
      "vertices" : [ 0, 1, 2 ]
    }, {
      "vertices" : [ 0, 2, 3 ]
    }, {
      "vertices" : [ 0, 3, 2 ]
    }, {
      "vertices" : [ 0, 2, 1 ]
    } ]
  }, {
    "id" : "bbaa6b41-3bd2-4fcf-b1fc-05b17a2889a9",
    "vertices" : [ {
      "x" : -5.648091,
      "y" : 2.8240454,
      "z" : -5.648091
    }, {
      "x" : -5.648091,
      "y" : 11.296182,
      "z" : -5.648091
    }, {
      "x" : -11.296182,
      "y" : 5.648091,
      "z" : -2.8240454
    }, {
      "x" : -11.296182,
      "y" : -2.8240454,
      "z" : -2.8240454
    } ],
    "faces" : [ {
      "vertices" : [ 0, 1, 2 ]
    }, {
      "vertices" : [ 0, 2, 3 ]
    }, {
      "vertices" : [ 0, 3, 2 ]
    }, {
      "vertices" : [ 0, 2, 1 ]
    } ]
  }, {
    "id" : "eb0e7c70-7f20-48af-bd19-f574c00d812e",
    "vertices" : [ {
      "x" : 15.120227,
      "y" : 12.5021925,
      "z" : -36.094555
    }, {
      "x" : 15.120227,
      "y" : 4.0300565,
      "z" : -36.094555
    }, {
      "x" : 23.592363,
      "y" : 4.0300565,
      "z" : -36.094555
    }, {
      "x" : 23.592363,
      "y" : 12.5021925,
      "z" : -36.094555
    } ],
    "faces" : [ {
      "vertices" : [ 0, 1, 2 ]
    }, {
      "vertices" : [ 0, 2, 3 ]
    }, {
      "vertices" : [ 0, 3, 2 ]
    }, {
      "vertices" : [ 0, 2, 1 ]
    } ]
  }, {
    "id" : "10c0eeb6-ddb5-434d-abcd-4f3ceb810601",
    "vertices" : [ {
      "x" : 22.18034,
      "y" : -22.18034,
      "z" : 0.0
    }, {
      "x" : 16.53225,
      "y" : -27.82843,
      "z" : 2.8240454
    }, {
      "x" : 19.356295,
      "y" : -33.47652,
      "z" : -2.8240454
    }, {
      "x" : 25.004385,
      "y" : -27.82843,
      "z" : -5.648091
    } ],
    "faces" : [ {
      "vertices" : [ 0, 1, 2 ]
    }, {
      "vertices" : [ 0, 2, 3 ]
    }, {
      "vertices" : [ 0, 3, 2 ]
    }, {
      "vertices" : [ 0, 2, 1 ]
    } ]
  }, {
    "id" : "a0b8f1a5-d165-4635-9529-c580fd1cb1a3",
    "vertices" : [ {
      "x" : 42.948658,
      "y" : -12.5021925,
      "z" : -30.446465
    }, {
      "x" : 42.948658,
      "y" : -20.974329,
      "z" : -30.446465
    }, {
      "x" : 51.42079,
      "y" : -20.974329,
      "z" : -30.446465
    }, {
      "x" : 51.42079,
      "y" : -12.5021925,
      "z" : -30.446465
    } ],
    "faces" : [ {
      "vertices" : [ 0, 1, 2 ]
    }, {
      "vertices" : [ 0, 2, 3 ]
    }, {
      "vertices" : [ 0, 3, 2 ]
    }, {
      "vertices" : [ 0, 2, 1 ]
    } ]
  }, {
    "id" : "a5fdc265-38c2-4629-b118-6654d1fc5a38",
    "vertices" : [ {
      "x" : 20.768318,
      "y" : 1.2060113,
      "z" : -30.446465
    }, {
      "x" : 29.240454,
      "y" : 1.2060113,
      "z" : -30.446465
    }, {
      "x" : 23.592363,
      "y" : 4.0300565,
      "z" : -36.094555
    }, {
      "x" : 15.120227,
      "y" : 4.0300565,
      "z" : -36.094555
    } ],
    "faces" : [ {
      "vertices" : [ 0, 1, 2 ]
    }, {
      "vertices" : [ 0, 2, 3 ]
    }, {
      "vertices" : [ 0, 3, 2 ]
    }, {
      "vertices" : [ 0, 2, 1 ]
    } ]
  }, {
    "id" : "2da60f22-09cf-4dd6-b624-72c1b03b2e46",
    "vertices" : [ {
      "x" : 12.708204,
      "y" : -29.034441,
      "z" : 33.27051
    }, {
      "x" : 7.0601134,
      "y" : -34.682533,
      "z" : 36.094555
    }, {
      "x" : 7.0601134,
      "y" : -26.210396,
      "z" : 36.094555
    }, {
      "x" : 12.708204,
      "y" : -20.562305,
      "z" : 33.27051
    } ],
    "faces" : [ {
      "vertices" : [ 0, 1, 2 ]
    }, {
      "vertices" : [ 0, 2, 3 ]
    }, {
      "vertices" : [ 0, 3, 2 ]
    }, {
      "vertices" : [ 0, 2, 1 ]
    } ]
  }, {
    "id" : "449ee386-82c2-4e9f-b328-966034a87431",
    "vertices" : [ {
      "x" : 0.0,
      "y" : 0.0,
      "z" : 16.944271
    }, {
      "x" : 0.0,
      "y" : 8.472136,
      "z" : 16.944271
    }, {
      "x" : 8.472136,
      "y" : 8.472136,
      "z" : 16.944271
    }, {
      "x" : 8.472136,
      "y" : 0.0,
      "z" : 16.944271
    } ],
    "faces" : [ {
      "vertices" : [ 0, 1, 2 ]
    }, {
      "vertices" : [ 0, 2, 3 ]
    }, {
      "vertices" : [ 0, 3, 2 ]
    }, {
      "vertices" : [ 0, 2, 1 ]
    } ]
  }, {
    "id" : "90ef6d71-ba38-4e2f-b419-3fb5c4608b7e",
    "vertices" : [ {
      "x" : 30.652475,
      "y" : -22.18034,
      "z" : 8.472136
    }, {
      "x" : 25.004385,
      "y" : -27.82843,
      "z" : 11.296182
    }, {
      "x" : 16.53225,
      "y" : -27.82843,
      "z" : 11.296182
    }, {
      "x" : 22.18034,
      "y" : -22.18034,
      "z" : 8.472136
    } ],
    "faces" : [ {
      "vertices" : [ 0, 1, 2 ]
    }, {
      "vertices" : [ 0, 2, 3 ]
    }, {
      "vertices" : [ 0, 3, 2 ]
    }, {
      "vertices" : [ 0, 2, 1 ]
    } ]
  }, {
    "id" : "49ded673-90ce-41ac-8e73-f3a6766b5fa0",
    "vertices" : [ {
      "x" : 0.0,
      "y" : 8.472136,
      "z" : 0.0
    }, {
      "x" : 0.0,
      "y" : 8.472136,
      "z" : 8.472136
    }, {
      "x" : -5.648091,
      "y" : 2.8240454,
      "z" : 11.296182
    }, {
      "x" : -5.648091,
      "y" : 2.8240454,
      "z" : 2.8240454
    } ],
    "faces" : [ {
      "vertices" : [ 0, 1, 2 ]
    }, {
      "vertices" : [ 0, 2, 3 ]
    }, {
      "vertices" : [ 0, 3, 2 ]
    }, {
      "vertices" : [ 0, 2, 1 ]
    } ]
  }, {
    "id" : "183a1212-8d9e-4c54-9a68-ba1685395e02",
    "vertices" : [ {
      "x" : 8.472136,
      "y" : 0.0,
      "z" : 8.472136
    }, {
      "x" : 8.472136,
      "y" : 8.472136,
      "z" : 8.472136
    }, {
      "x" : 11.296182,
      "y" : 2.8240454,
      "z" : 2.8240454
    }, {
      "x" : 11.296182,
      "y" : -5.648091,
      "z" : 2.8240454
    } ],
    "faces" : [ {
      "vertices" : [ 0, 1, 2 ]
    }, {
      "vertices" : [ 0, 2, 3 ]
    }, {
      "vertices" : [ 0, 3, 2 ]
    }, {
      "vertices" : [ 0, 2, 1 ]
    } ]
  }, {
    "id" : "2378c4cc-ec97-4585-847e-49e425f47e06",
    "vertices" : [ {
      "x" : -1.4120227,
      "y" : -34.682533,
      "z" : 36.094555
    }, {
      "x" : -1.4120227,
      "y" : -26.210396,
      "z" : 36.094555
    }, {
      "x" : 4.236068,
      "y" : -20.562305,
      "z" : 33.27051
    }, {
      "x" : 4.236068,
      "y" : -29.034441,
      "z" : 33.27051
    } ],
    "faces" : [ {
      "vertices" : [ 0, 1, 2 ]
    }, {
      "vertices" : [ 0, 2, 3 ]
    }, {
      "vertices" : [ 0, 3, 2 ]
    }, {
      "vertices" : [ 0, 2, 1 ]
    } ]
  }, {
    "id" : "c2df78aa-3d9d-4f39-8cac-b9f80e38a18b",
    "vertices" : [ {
      "x" : 8.472136,
      "y" : 0.0,
      "z" : 8.472136
    }, {
      "x" : 2.8240454,
      "y" : -5.648091,
      "z" : 11.296182
    }, {
      "x" : -5.648091,
      "y" : -5.648091,
      "z" : 11.296182
    }, {
      "x" : 0.0,
      "y" : 0.0,
      "z" : 8.472136
    } ],
    "faces" : [ {
      "vertices" : [ 0, 1, 2 ]
    }, {
      "vertices" : [ 0, 2, 3 ]
    }, {
      "vertices" : [ 0, 3, 2 ]
    }, {
      "vertices" : [ 0, 2, 1 ]
    } ]
  }, {
    "id" : "8ca14d39-c3b9-47da-b9de-229d6d3ce025",
    "vertices" : [ {
      "x" : -8.472136,
      "y" : -8.472136,
      "z" : -8.472136
    }, {
      "x" : -2.8240454,
      "y" : -11.296182,
      "z" : -2.8240454
    }, {
      "x" : 5.648091,
      "y" : -11.296182,
      "z" : -2.8240454
    }, {
      "x" : 0.0,
      "y" : -8.472136,
      "z" : -8.472136
    } ],
    "faces" : [ {
      "vertices" : [ 0, 1, 2 ]
    }, {
      "vertices" : [ 0, 2, 3 ]
    }, {
      "vertices" : [ 0, 3, 2 ]
    }, {
      "vertices" : [ 0, 2, 1 ]
    } ]
  }, {
    "id" : "c079c217-b765-4623-8d70-efcba30bf203",
    "vertices" : [ {
      "x" : 4.236068,
      "y" : -29.034441,
      "z" : 24.798374
    }, {
      "x" : 4.236068,
      "y" : -20.562305,
      "z" : 24.798374
    }, {
      "x" : 12.708204,
      "y" : -20.562305,
      "z" : 24.798374
    }, {
      "x" : 12.708204,
      "y" : -29.034441,
      "z" : 24.798374
    } ],
    "faces" : [ {
      "vertices" : [ 0, 1, 2 ]
    }, {
      "vertices" : [ 0, 2, 3 ]
    }, {
      "vertices" : [ 0, 3, 2 ]
    }, {
      "vertices" : [ 0, 2, 1 ]
    } ]
  }, {
    "id" : "6a4c0da6-82b0-4074-9fd3-a08e24111831",
    "vertices" : [ {
      "x" : -5.648091,
      "y" : 2.8240454,
      "z" : -5.648091
    }, {
      "x" : 0.0,
      "y" : 0.0,
      "z" : 0.0
    }, {
      "x" : -5.648091,
      "y" : -5.648091,
      "z" : 2.8240454
    }, {
      "x" : -11.296182,
      "y" : -2.8240454,
      "z" : -2.8240454
    } ],
    "faces" : [ {
      "vertices" : [ 0, 1, 2 ]
    }, {
      "vertices" : [ 0, 2, 3 ]
    }, {
      "vertices" : [ 0, 3, 2 ]
    }, {
      "vertices" : [ 0, 2, 1 ]
    } ]
  }, {
    "id" : "b85a243d-937a-44cc-bb3f-eb2d6ab57d29",
    "vertices" : [ {
      "x" : 4.236068,
      "y" : -20.562305,
      "z" : 24.798374
    }, {
      "x" : -1.4120227,
      "y" : -26.210396,
      "z" : 27.62242
    }, {
      "x" : -1.4120227,
      "y" : -34.682533,
      "z" : 27.62242
    }, {
      "x" : 4.236068,
      "y" : -29.034441,
      "z" : 24.798374
    } ],
    "faces" : [ {
      "vertices" : [ 0, 1, 2 ]
    }, {
      "vertices" : [ 0, 2, 3 ]
    }, {
      "vertices" : [ 0, 3, 2 ]
    }, {
      "vertices" : [ 0, 2, 1 ]
    } ]
  }, {
    "id" : "603bfdf8-b7ff-42a2-8138-aeb993d062c0",
    "vertices" : [ {
      "x" : 25.004385,
      "y" : -19.356295,
      "z" : 11.296182
    }, {
      "x" : 25.004385,
      "y" : -27.82843,
      "z" : 11.296182
    }, {
      "x" : 16.53225,
      "y" : -27.82843,
      "z" : 11.296182
    }, {
      "x" : 16.53225,
      "y" : -19.356295,
      "z" : 11.296182
    } ],
    "faces" : [ {
      "vertices" : [ 0, 1, 2 ]
    }, {
      "vertices" : [ 0, 2, 3 ]
    }, {
      "vertices" : [ 0, 3, 2 ]
    }, {
      "vertices" : [ 0, 2, 1 ]
    } ]
  }, {
    "id" : "7f66b180-557a-4c08-85e3-b00a240d9ff9",
    "vertices" : [ {
      "x" : -1.4120227,
      "y" : -34.682533,
      "z" : 36.094555
    }, {
      "x" : -1.4120227,
      "y" : -34.682533,
      "z" : 27.62242
    }, {
      "x" : -1.4120227,
      "y" : -26.210396,
      "z" : 27.62242
    }, {
      "x" : -1.4120227,
      "y" : -26.210396,
      "z" : 36.094555
    } ],
    "faces" : [ {
      "vertices" : [ 0, 1, 2 ]
    }, {
      "vertices" : [ 0, 2, 3 ]
    }, {
      "vertices" : [ 0, 3, 2 ]
    }, {
      "vertices" : [ 0, 2, 1 ]
    } ]
  }, {
    "id" : "c1f672a6-ae0e-4857-b906-abbdbe13ce75",
    "vertices" : [ {
      "x" : -2.8240454,
      "y" : -11.296182,
      "z" : 5.648091
    }, {
      "x" : -5.648091,
      "y" : -5.648091,
      "z" : 11.296182
    }, {
      "x" : 0.0,
      "y" : 0.0,
      "z" : 8.472136
    }, {
      "x" : 2.8240454,
      "y" : -5.648091,
      "z" : 2.8240454
    } ],
    "faces" : [ {
      "vertices" : [ 0, 1, 2 ]
    }, {
      "vertices" : [ 0, 2, 3 ]
    }, {
      "vertices" : [ 0, 3, 2 ]
    }, {
      "vertices" : [ 0, 2, 1 ]
    } ]
  }, {
    "id" : "c7971538-c9f7-4eb5-a39f-34b5f21f847a",
    "vertices" : [ {
      "x" : -1.4120227,
      "y" : -34.682533,
      "z" : 36.094555
    }, {
      "x" : -1.4120227,
      "y" : -34.682533,
      "z" : 27.62242
    }, {
      "x" : 7.0601134,
      "y" : -34.682533,
      "z" : 27.62242
    }, {
      "x" : 7.0601134,
      "y" : -34.682533,
      "z" : 36.094555
    } ],
    "faces" : [ {
      "vertices" : [ 0, 1, 2 ]
    }, {
      "vertices" : [ 0, 2, 3 ]
    }, {
      "vertices" : [ 0, 3, 2 ]
    }, {
      "vertices" : [ 0, 2, 1 ]
    } ]
  }, {
    "id" : "13172b24-7f9f-4021-a404-93dee6443a2b",
    "vertices" : [ {
      "x" : 11.296182,
      "y" : -5.648091,
      "z" : 2.8240454
    }, {
      "x" : 11.296182,
      "y" : 2.8240454,
      "z" : 2.8240454
    }, {
      "x" : 11.296182,
      "y" : 2.8240454,
      "z" : -5.648091
    }, {
      "x" : 11.296182,
      "y" : -5.648091,
      "z" : -5.648091
    } ],
    "faces" : [ {
      "vertices" : [ 0, 1, 2 ]
    }, {
      "vertices" : [ 0, 2, 3 ]
    }, {
      "vertices" : [ 0, 3, 2 ]
    }, {
      "vertices" : [ 0, 2, 1 ]
    } ]
  }, {
    "id" : "dce2317d-434e-490d-8757-bcb8dde0ebab",
    "vertices" : [ {
      "x" : 5.648091,
      "y" : -2.8240454,
      "z" : -11.296182
    }, {
      "x" : 0.0,
      "y" : -8.472136,
      "z" : -8.472136
    }, {
      "x" : 5.648091,
      "y" : -11.296182,
      "z" : -2.8240454
    }, {
      "x" : 11.296182,
      "y" : -5.648091,
      "z" : -5.648091
    } ],
    "faces" : [ {
      "vertices" : [ 0, 1, 2 ]
    }, {
      "vertices" : [ 0, 2, 3 ]
    }, {
      "vertices" : [ 0, 3, 2 ]
    }, {
      "vertices" : [ 0, 2, 1 ]
    } ]
  }, {
    "id" : "e9a01f22-2d06-4d07-bc65-4aa309885be4",
    "vertices" : [ {
      "x" : -5.648091,
      "y" : -5.648091,
      "z" : 2.8240454
    }, {
      "x" : -5.648091,
      "y" : -5.648091,
      "z" : 11.296182
    }, {
      "x" : -2.8240454,
      "y" : -11.296182,
      "z" : 5.648091
    }, {
      "x" : -2.8240454,
      "y" : -11.296182,
      "z" : -2.8240454
    } ],
    "faces" : [ {
      "vertices" : [ 0, 1, 2 ]
    }, {
      "vertices" : [ 0, 2, 3 ]
    }, {
      "vertices" : [ 0, 3, 2 ]
    }, {
      "vertices" : [ 0, 2, 1 ]
    } ]
  }, {
    "id" : "61be6b04-1c22-4d81-8aa9-5984e477d178",
    "vertices" : [ {
      "x" : 0.0,
      "y" : 8.472136,
      "z" : 25.416409
    }, {
      "x" : 8.472136,
      "y" : 8.472136,
      "z" : 25.416409
    }, {
      "x" : 8.472136,
      "y" : 0.0,
      "z" : 25.416409
    }, {
      "x" : 0.0,
      "y" : 0.0,
      "z" : 25.416409
    } ],
    "faces" : [ {
      "vertices" : [ 0, 1, 2 ]
    }, {
      "vertices" : [ 0, 2, 3 ]
    }, {
      "vertices" : [ 0, 3, 2 ]
    }, {
      "vertices" : [ 0, 2, 1 ]
    } ]
  }, {
    "id" : "e8280cab-14c9-49cd-ae67-2fab801e103a",
    "vertices" : [ {
      "x" : 33.47652,
      "y" : -27.82843,
      "z" : 2.8240454
    }, {
      "x" : 33.47652,
      "y" : -19.356295,
      "z" : 2.8240454
    }, {
      "x" : 33.47652,
      "y" : -19.356295,
      "z" : -5.648091
    }, {
      "x" : 33.47652,
      "y" : -27.82843,
      "z" : -5.648091
    } ],
    "faces" : [ {
      "vertices" : [ 0, 1, 2 ]
    }, {
      "vertices" : [ 0, 2, 3 ]
    }, {
      "vertices" : [ 0, 3, 2 ]
    }, {
      "vertices" : [ 0, 2, 1 ]
    } ]
  }, {
    "id" : "73c7bfd6-1ae9-463e-8751-0176478a67ad",
    "vertices" : [ {
      "x" : -17.944271,
      "y" : 1.618034,
      "z" : 33.27051
    }, {
      "x" : -23.592363,
      "y" : 4.4420795,
      "z" : 27.62242
    }, {
      "x" : -23.592363,
      "y" : 4.4420795,
      "z" : 19.150284
    }, {
      "x" : -17.944271,
      "y" : 1.618034,
      "z" : 24.798374
    } ],
    "faces" : [ {
      "vertices" : [ 0, 1, 2 ]
    }, {
      "vertices" : [ 0, 2, 3 ]
    }, {
      "vertices" : [ 0, 3, 2 ]
    }, {
      "vertices" : [ 0, 2, 1 ]
    } ]
  }, {
    "id" : "31602d08-32dc-40f9-bb3a-b9e48b743451",
    "vertices" : [ {
      "x" : 8.472136,
      "y" : 0.0,
      "z" : 0.0
    }, {
      "x" : 2.8240454,
      "y" : 2.8240454,
      "z" : -5.648091
    }, {
      "x" : 5.648091,
      "y" : -2.8240454,
      "z" : -11.296182
    }, {
      "x" : 11.296182,
      "y" : -5.648091,
      "z" : -5.648091
    } ],
    "faces" : [ {
      "vertices" : [ 0, 1, 2 ]
    }, {
      "vertices" : [ 0, 2, 3 ]
    }, {
      "vertices" : [ 0, 3, 2 ]
    }, {
      "vertices" : [ 0, 2, 1 ]
    } ]
  }, {
    "id" : "feb56a57-0a56-4a4c-ad00-0c9762ce7105",
    "vertices" : [ {
      "x" : -11.296182,
      "y" : -2.8240454,
      "z" : 5.648091
    }, {
      "x" : -11.296182,
      "y" : -2.8240454,
      "z" : -2.8240454
    }, {
      "x" : -11.296182,
      "y" : 5.648091,
      "z" : -2.8240454
    }, {
      "x" : -11.296182,
      "y" : 5.648091,
      "z" : 5.648091
    } ],
    "faces" : [ {
      "vertices" : [ 0, 1, 2 ]
    }, {
      "vertices" : [ 0, 2, 3 ]
    }, {
      "vertices" : [ 0, 3, 2 ]
    }, {
      "vertices" : [ 0, 2, 1 ]
    } ]
  }, {
    "id" : "ba109116-5d18-4627-a8a2-2a015da9ede0",
    "vertices" : [ {
      "x" : 2.8240454,
      "y" : -5.648091,
      "z" : -5.648091
    }, {
      "x" : 11.296182,
      "y" : -5.648091,
      "z" : -5.648091
    }, {
      "x" : 5.648091,
      "y" : -2.8240454,
      "z" : -11.296182
    }, {
      "x" : -2.8240454,
      "y" : -2.8240454,
      "z" : -11.296182
    } ],
    "faces" : [ {
      "vertices" : [ 0, 1, 2 ]
    }, {
      "vertices" : [ 0, 2, 3 ]
    }, {
      "vertices" : [ 0, 3, 2 ]
    }, {
      "vertices" : [ 0, 2, 1 ]
    } ]
  }, {
    "id" : "ee8ddfe3-dcdf-47c2-b448-edf07f33fc98",
    "vertices" : [ {
      "x" : -11.296182,
      "y" : 5.648091,
      "z" : -2.8240454
    }, {
      "x" : -8.472136,
      "y" : 0.0,
      "z" : -8.472136
    }, {
      "x" : -2.8240454,
      "y" : 5.648091,
      "z" : -11.296182
    }, {
      "x" : -5.648091,
      "y" : 11.296182,
      "z" : -5.648091
    } ],
    "faces" : [ {
      "vertices" : [ 0, 1, 2 ]
    }, {
      "vertices" : [ 0, 2, 3 ]
    }, {
      "vertices" : [ 0, 3, 2 ]
    }, {
      "vertices" : [ 0, 2, 1 ]
    } ]
  }, {
    "id" : "d9390084-d515-41b8-b830-e2457d7de957",
    "vertices" : [ {
      "x" : 2.8240454,
      "y" : -5.648091,
      "z" : -5.648091
    }, {
      "x" : 0.0,
      "y" : 0.0,
      "z" : 0.0
    }, {
      "x" : -5.648091,
      "y" : 2.8240454,
      "z" : -5.648091
    }, {
      "x" : -2.8240454,
      "y" : -2.8240454,
      "z" : -11.296182
    } ],
    "faces" : [ {
      "vertices" : [ 0, 1, 2 ]
    }, {
      "vertices" : [ 0, 2, 3 ]
    }, {
      "vertices" : [ 0, 3, 2 ]
    }, {
      "vertices" : [ 0, 2, 1 ]
    } ]
  }, {
    "id" : "ffa5ce4b-c68b-491c-bd04-19956029ac75",
    "vertices" : [ {
      "x" : 0.0,
      "y" : 0.0,
      "z" : 16.944271
    }, {
      "x" : 8.472136,
      "y" : 0.0,
      "z" : 16.944271
    }, {
      "x" : 8.472136,
      "y" : 0.0,
      "z" : 25.416409
    }, {
      "x" : 0.0,
      "y" : 0.0,
      "z" : 25.416409
    } ],
    "faces" : [ {
      "vertices" : [ 0, 1, 2 ]
    }, {
      "vertices" : [ 0, 2, 3 ]
    }, {
      "vertices" : [ 0, 3, 2 ]
    }, {
      "vertices" : [ 0, 2, 1 ]
    } ]
  }, {
    "id" : "6ef6be66-7fe1-4205-bf1b-ebc07839961c",
    "vertices" : [ {
      "x" : 0.0,
      "y" : 0.0,
      "z" : 0.0
    }, {
      "x" : 0.0,
      "y" : 0.0,
      "z" : 8.472136
    }, {
      "x" : 0.0,
      "y" : 8.472136,
      "z" : 8.472136
    }, {
      "x" : 0.0,
      "y" : 8.472136,
      "z" : 0.0
    } ],
    "faces" : [ {
      "vertices" : [ 0, 1, 2 ]
    }, {
      "vertices" : [ 0, 2, 3 ]
    }, {
      "vertices" : [ 0, 3, 2 ]
    }, {
      "vertices" : [ 0, 2, 1 ]
    } ]
  }, {
    "id" : "a8ecb409-4b74-469d-ac25-a296254f3fad",
    "vertices" : [ {
      "x" : -2.8240454,
      "y" : 5.648091,
      "z" : -11.296182
    }, {
      "x" : -8.472136,
      "y" : 0.0,
      "z" : -8.472136
    }, {
      "x" : -8.472136,
      "y" : -8.472136,
      "z" : -8.472136
    }, {
      "x" : -2.8240454,
      "y" : -2.8240454,
      "z" : -11.296182
    } ],
    "faces" : [ {
      "vertices" : [ 0, 1, 2 ]
    }, {
      "vertices" : [ 0, 2, 3 ]
    }, {
      "vertices" : [ 0, 3, 2 ]
    }, {
      "vertices" : [ 0, 2, 1 ]
    } ]
  }, {
    "id" : "39efe535-3f81-4157-b66b-e0bb8afb8ac5",
    "vertices" : [ {
      "x" : -1.4120227,
      "y" : -26.210396,
      "z" : 36.094555
    }, {
      "x" : -1.4120227,
      "y" : -26.210396,
      "z" : 27.62242
    }, {
      "x" : 4.236068,
      "y" : -20.562305,
      "z" : 24.798374
    }, {
      "x" : 4.236068,
      "y" : -20.562305,
      "z" : 33.27051
    } ],
    "faces" : [ {
      "vertices" : [ 0, 1, 2 ]
    }, {
      "vertices" : [ 0, 2, 3 ]
    }, {
      "vertices" : [ 0, 3, 2 ]
    }, {
      "vertices" : [ 0, 2, 1 ]
    } ]
  }, {
    "id" : "f632ff25-5dd1-40fe-8f24-60193644a001",
    "vertices" : [ {
      "x" : -1.4120227,
      "y" : -26.210396,
      "z" : 36.094555
    }, {
      "x" : 4.236068,
      "y" : -20.562305,
      "z" : 33.27051
    }, {
      "x" : 12.708204,
      "y" : -20.562305,
      "z" : 33.27051
    }, {
      "x" : 7.0601134,
      "y" : -26.210396,
      "z" : 36.094555
    } ],
    "faces" : [ {
      "vertices" : [ 0, 1, 2 ]
    }, {
      "vertices" : [ 0, 2, 3 ]
    }, {
      "vertices" : [ 0, 3, 2 ]
    }, {
      "vertices" : [ 0, 2, 1 ]
    } ]
  }, {
    "id" : "3657aaef-66a7-47d7-b9d7-c9401caefe23",
    "vertices" : [ {
      "x" : 16.53225,
      "y" : -19.356295,
      "z" : 11.296182
    }, {
      "x" : 22.18034,
      "y" : -13.708204,
      "z" : 8.472136
    }, {
      "x" : 30.652475,
      "y" : -13.708204,
      "z" : 8.472136
    }, {
      "x" : 25.004385,
      "y" : -19.356295,
      "z" : 11.296182
    } ],
    "faces" : [ {
      "vertices" : [ 0, 1, 2 ]
    }, {
      "vertices" : [ 0, 2, 3 ]
    }, {
      "vertices" : [ 0, 3, 2 ]
    }, {
      "vertices" : [ 0, 2, 1 ]
    } ]
  }, {
    "id" : "18c55321-3175-4cfe-b649-21c0c3836572",
    "vertices" : [ {
      "x" : 0.0,
      "y" : 0.0,
      "z" : 16.944271
    }, {
      "x" : 0.0,
      "y" : 0.0,
      "z" : 25.416409
    }, {
      "x" : 0.0,
      "y" : 8.472136,
      "z" : 25.416409
    }, {
      "x" : 0.0,
      "y" : 8.472136,
      "z" : 16.944271
    } ],
    "faces" : [ {
      "vertices" : [ 0, 1, 2 ]
    }, {
      "vertices" : [ 0, 2, 3 ]
    }, {
      "vertices" : [ 0, 3, 2 ]
    }, {
      "vertices" : [ 0, 2, 1 ]
    } ]
  }, {
    "id" : "181c6646-8fa8-44c1-9625-b42ca4541cde",
    "vertices" : [ {
      "x" : 22.18034,
      "y" : -22.18034,
      "z" : 0.0
    }, {
      "x" : 22.18034,
      "y" : -22.18034,
      "z" : 8.472136
    }, {
      "x" : 22.18034,
      "y" : -13.708204,
      "z" : 8.472136
    }, {
      "x" : 22.18034,
      "y" : -13.708204,
      "z" : 0.0
    } ],
    "faces" : [ {
      "vertices" : [ 0, 1, 2 ]
    }, {
      "vertices" : [ 0, 2, 3 ]
    }, {
      "vertices" : [ 0, 3, 2 ]
    }, {
      "vertices" : [ 0, 2, 1 ]
    } ]
  }, {
    "id" : "992c590e-7ed2-48c3-9e10-1801a29c39a4",
    "vertices" : [ {
      "x" : 42.948658,
      "y" : -20.974329,
      "z" : -30.446465
    }, {
      "x" : 42.948658,
      "y" : -12.5021925,
      "z" : -30.446465
    }, {
      "x" : 40.12461,
      "y" : -6.854102,
      "z" : -24.798374
    }, {
      "x" : 40.12461,
      "y" : -15.326238,
      "z" : -24.798374
    } ],
    "faces" : [ {
      "vertices" : [ 0, 1, 2 ]
    }, {
      "vertices" : [ 0, 2, 3 ]
    }, {
      "vertices" : [ 0, 3, 2 ]
    }, {
      "vertices" : [ 0, 2, 1 ]
    } ]
  }, {
