{
  "polygons" : "true",
  "field" : "golden",
  "symmetry" : "icosahedral",
  "orientations" : [ [ 1.0, 0.0, 0.0, 0.0, 0.0, 1.0, 0.0, 0.0, 0.0, 0.0, 1.0, 0.0, 0.0, 0.0, 0.0, 1.0 ], [ 0.0, 0.0, 1.0, 0.0, 1.0, 0.0, 0.0, 0.0, 0.0, 1.0, 0.0, 0.0, 0.0, 0.0, 0.0, 1.0 ], [ 0.0, 1.0, 0.0, 0.0, 0.0, 0.0, 1.0, 0.0, 1.0, 0.0, 0.0, 0.0, 0.0, 0.0, 0.0, 1.0 ], [ 0.809017, 0.309017, 0.5, 0.0, 0.309017, 0.5, -0.809017, 0.0, -0.5, 0.809017, 0.309017, 0.0, 0.0, 0.0, 0.0, 1.0 ], [ -0.5, 0.809017, 0.309017, 0.0, 0.809017, 0.309017, 0.5, 0.0, 0.309017, 0.5, -0.809017, 0.0, 0.0, 0.0, 0.0, 1.0 ], [ 0.309017, 0.5, -0.809017, 0.0, -0.5, 0.809017, 0.309017, 0.0, 0.809017, 0.309017, 0.5, 0.0, 0.0, 0.0, 0.0, 1.0 ], [ 0.5, 0.809017, 0.309017, 0.0, 0.809017, -0.309017, -0.5, 0.0, -0.309017, 0.5, -0.809017, 0.0, 0.0, 0.0, 0.0, 1.0 ], [ -0.309017, 0.5, -0.809017, 0.0, 0.5, 0.809017, 0.309017, 0.0, 0.809017, -0.309017, -0.5, 0.0, 0.0, 0.0, 0.0, 1.0 ], [ 0.809017, -0.309017, -0.5, 0.0, -0.309017, 0.5, -0.809017, 0.0, 0.5, 0.809017, 0.309017, 0.0, 0.0, 0.0, 0.0, 1.0 ], [ 0.5, 0.809017, -0.309017, 0.0, 0.809017, -0.309017, 0.5, 0.0, 0.309017, -0.5, -0.809017, 0.0, 0.0, 0.0, 0.0, 1.0 ], [ 0.309017, -0.5, -0.809017, 0.0, 0.5, 0.809017, -0.309017, 0.0, 0.809017, -0.309017, 0.5, 0.0, 0.0, 0.0, 0.0, 1.0 ], [ 0.809017, -0.309017, 0.5, 0.0, 0.309017, -0.5, -0.809017, 0.0, 0.5, 0.809017, -0.309017, 0.0, 0.0, 0.0, 0.0, 1.0 ], [ 0.809017, 0.309017, -0.5, 0.0, 0.309017, 0.5, 0.809017, 0.0, 0.5, -0.809017, 0.309017, 0.0, 0.0, 0.0, 0.0, 1.0 ], [ 0.5, -0.809017, 0.309017, 0.0, 0.809017, 0.309017, -0.5, 0.0, 0.309017, 0.5, 0.809017, 0.0, 0.0, 0.0, 0.0, 1.0 ], [ 0.309017, 0.5, 0.809017, 0.0, 0.5, -0.809017, 0.309017, 0.0, 0.809017, 0.309017, -0.5, 0.0, 0.0, 0.0, 0.0, 1.0 ], [ 1.0, 0.0, 0.0, 0.0, 0.0, -1.0, 0.0, 0.0, 0.0, 0.0, -1.0, 0.0, 0.0, 0.0, 0.0, 1.0 ], [ 0.0, 0.0, 1.0, 0.0, -1.0, 0.0, 0.0, 0.0, 0.0, -1.0, 0.0, 0.0, 0.0, 0.0, 0.0, 1.0 ], [ 0.0, 1.0, 0.0, 0.0, 0.0, 0.0, -1.0, 0.0, -1.0, 0.0, 0.0, 0.0, 0.0, 0.0, 0.0, 1.0 ], [ 0.809017, 0.309017, 0.5, 0.0, -0.309017, -0.5, 0.809017, 0.0, 0.5, -0.809017, -0.309017, 0.0, 0.0, 0.0, 0.0, 1.0 ], [ -0.5, 0.809017, 0.309017, 0.0, -0.809017, -0.309017, -0.5, 0.0, -0.309017, -0.5, 0.809017, 0.0, 0.0, 0.0, 0.0, 1.0 ], [ 0.309017, 0.5, -0.809017, 0.0, 0.5, -0.809017, -0.309017, 0.0, -0.809017, -0.309017, -0.5, 0.0, 0.0, 0.0, 0.0, 1.0 ], [ 0.5, 0.809017, 0.309017, 0.0, -0.809017, 0.309017, 0.5, 0.0, 0.309017, -0.5, 0.809017, 0.0, 0.0, 0.0, 0.0, 1.0 ], [ -0.309017, 0.5, -0.809017, 0.0, -0.5, -0.809017, -0.309017, 0.0, -0.809017, 0.309017, 0.5, 0.0, 0.0, 0.0, 0.0, 1.0 ], [ 0.809017, -0.309017, -0.5, 0.0, 0.309017, -0.5, 0.809017, 0.0, -0.5, -0.809017, -0.309017, 0.0, 0.0, 0.0, 0.0, 1.0 ], [ 0.5, 0.809017, -0.309017, 0.0, -0.809017, 0.309017, -0.5, 0.0, -0.309017, 0.5, 0.809017, 0.0, 0.0, 0.0, 0.0, 1.0 ], [ 0.309017, -0.5, -0.809017, 0.0, -0.5, -0.809017, 0.309017, 0.0, -0.809017, 0.309017, -0.5, 0.0, 0.0, 0.0, 0.0, 1.0 ], [ 0.809017, -0.309017, 0.5, 0.0, -0.309017, 0.5, 0.809017, 0.0, -0.5, -0.809017, 0.309017, 0.0, 0.0, 0.0, 0.0, 1.0 ], [ 0.809017, 0.309017, -0.5, 0.0, -0.309017, -0.5, -0.809017, 0.0, -0.5, 0.809017, -0.309017, 0.0, 0.0, 0.0, 0.0, 1.0 ], [ 0.5, -0.809017, 0.309017, 0.0, -0.809017, -0.309017, 0.5, 0.0, -0.309017, -0.5, -0.809017, 0.0, 0.0, 0.0, 0.0, 1.0 ], [ 0.309017, 0.5, 0.809017, 0.0, -0.5, 0.809017, -0.309017, 0.0, -0.809017, -0.309017, 0.5, 0.0, 0.0, 0.0, 0.0, 1.0 ], [ -1.0, 0.0, 0.0, 0.0, 0.0, -1.0, 0.0, 0.0, 0.0, 0.0, 1.0, 0.0, 0.0, 0.0, 0.0, 1.0 ], [ 0.0, 0.0, -1.0, 0.0, -1.0, 0.0, 0.0, 0.0, 0.0, 1.0, 0.0, 0.0, 0.0, 0.0, 0.0, 1.0 ], [ 0.0, -1.0, 0.0, 0.0, 0.0, 0.0, -1.0, 0.0, 1.0, 0.0, 0.0, 0.0, 0.0, 0.0, 0.0, 1.0 ], [ -0.809017, -0.309017, -0.5, 0.0, -0.309017, -0.5, 0.809017, 0.0, -0.5, 0.809017, 0.309017, 0.0, 0.0, 0.0, 0.0, 1.0 ], [ 0.5, -0.809017, -0.309017, 0.0, -0.809017, -0.309017, -0.5, 0.0, 0.309017, 0.5, -0.809017, 0.0, 0.0, 0.0, 0.0, 1.0 ], [ -0.309017, -0.5, 0.809017, 0.0, 0.5, -0.809017, -0.309017, 0.0, 0.809017, 0.309017, 0.5, 0.0, 0.0, 0.0, 0.0, 1.0 ], [ -0.5, -0.809017, -0.309017, 0.0, -0.809017, 0.309017, 0.5, 0.0, -0.309017, 0.5, -0.809017, 0.0, 0.0, 0.0, 0.0, 1.0 ], [ 0.309017, -0.5, 0.809017, 0.0, -0.5, -0.809017, -0.309017, 0.0, 0.809017, -0.309017, -0.5, 0.0, 0.0, 0.0, 0.0, 1.0 ], [ -0.809017, 0.309017, 0.5, 0.0, 0.309017, -0.5, 0.809017, 0.0, 0.5, 0.809017, 0.309017, 0.0, 0.0, 0.0, 0.0, 1.0 ], [ -0.5, -0.809017, 0.309017, 0.0, -0.809017, 0.309017, -0.5, 0.0, 0.309017, -0.5, -0.809017, 0.0, 0.0, 0.0, 0.0, 1.0 ], [ -0.309017, 0.5, 0.809017, 0.0, -0.5, -0.809017, 0.309017, 0.0, 0.809017, -0.309017, 0.5, 0.0, 0.0, 0.0, 0.0, 1.0 ], [ -0.809017, 0.309017, -0.5, 0.0, -0.309017, 0.5, 0.809017, 0.0, 0.5, 0.809017, -0.309017, 0.0, 0.0, 0.0, 0.0, 1.0 ], [ -0.809017, -0.309017, 0.5, 0.0, -0.309017, -0.5, -0.809017, 0.0, 0.5, -0.809017, 0.309017, 0.0, 0.0, 0.0, 0.0, 1.0 ], [ -0.5, 0.809017, -0.309017, 0.0, -0.809017, -0.309017, 0.5, 0.0, 0.309017, 0.5, 0.809017, 0.0, 0.0, 0.0, 0.0, 1.0 ], [ -0.309017, -0.5, -0.809017, 0.0, -0.5, 0.809017, -0.309017, 0.0, 0.809017, 0.309017, -0.5, 0.0, 0.0, 0.0, 0.0, 1.0 ], [ -1.0, 0.0, 0.0, 0.0, 0.0, 1.0, 0.0, 0.0, 0.0, 0.0, -1.0, 0.0, 0.0, 0.0, 0.0, 1.0 ], [ 0.0, 0.0, -1.0, 0.0, 1.0, 0.0, 0.0, 0.0, 0.0, -1.0, 0.0, 0.0, 0.0, 0.0, 0.0, 1.0 ], [ 0.0, -1.0, 0.0, 0.0, 0.0, 0.0, 1.0, 0.0, -1.0, 0.0, 0.0, 0.0, 0.0, 0.0, 0.0, 1.0 ], [ -0.809017, -0.309017, -0.5, 0.0, 0.309017, 0.5, -0.809017, 0.0, 0.5, -0.809017, -0.309017, 0.0, 0.0, 0.0, 0.0, 1.0 ], [ 0.5, -0.809017, -0.309017, 0.0, 0.809017, 0.309017, 0.5, 0.0, -0.309017, -0.5, 0.809017, 0.0, 0.0, 0.0, 0.0, 1.0 ], [ -0.309017, -0.5, 0.809017, 0.0, -0.5, 0.809017, 0.309017, 0.0, -0.809017, -0.309017, -0.5, 0.0, 0.0, 0.0, 0.0, 1.0 ], [ -0.5, -0.809017, -0.309017, 0.0, 0.809017, -0.309017, -0.5, 0.0, 0.309017, -0.5, 0.809017, 0.0, 0.0, 0.0, 0.0, 1.0 ], [ 0.309017, -0.5, 0.809017, 0.0, 0.5, 0.809017, 0.309017, 0.0, -0.809017, 0.309017, 0.5, 0.0, 0.0, 0.0, 0.0, 1.0 ], [ -0.809017, 0.309017, 0.5, 0.0, -0.309017, 0.5, -0.809017, 0.0, -0.5, -0.809017, -0.309017, 0.0, 0.0, 0.0, 0.0, 1.0 ], [ -0.5, -0.809017, 0.309017, 0.0, 0.809017, -0.309017, 0.5, 0.0, -0.309017, 0.5, 0.809017, 0.0, 0.0, 0.0, 0.0, 1.0 ], [ -0.309017, 0.5, 0.809017, 0.0, 0.5, 0.809017, -0.309017, 0.0, -0.809017, 0.309017, -0.5, 0.0, 0.0, 0.0, 0.0, 1.0 ], [ -0.809017, 0.309017, -0.5, 0.0, 0.309017, -0.5, -0.809017, 0.0, -0.5, -0.809017, 0.309017, 0.0, 0.0, 0.0, 0.0, 1.0 ], [ -0.809017, -0.309017, 0.5, 0.0, 0.309017, 0.5, 0.809017, 0.0, -0.5, 0.809017, -0.309017, 0.0, 0.0, 0.0, 0.0, 1.0 ], [ -0.5, 0.809017, -0.309017, 0.0, 0.809017, 0.309017, -0.5, 0.0, -0.309017, -0.5, -0.809017, 0.0, 0.0, 0.0, 0.0, 1.0 ], [ -0.309017, -0.5, -0.809017, 0.0, 0.5, -0.809017, 0.309017, 0.0, -0.809017, -0.309017, 0.5, 0.0, 0.0, 0.0, 0.0, 1.0 ] ],
  "lights" : {
    "ambientColor" : "#292929",
    "backgroundColor" : "#AFC8DC",
    "directionalLights" : [ {
      "direction" : [ 1.0, -1.0, -1.0 ],
      "color" : "#EBEBE4"
    }, {
      "direction" : [ -1.0, 0.0, 0.0 ],
      "color" : "#E4E4EB"
    }, {
      "direction" : [ 0.0, 0.0, -1.0 ],
      "color" : "#1E1E1E"
    } ]
  },
  "camera" : {
    "viewDistance" : 152.76175,
    "lookAtPointRV" : {
      "x" : 0.0,
      "y" : 0.0,
      "z" : 0.0,
      "zero" : true
    },
    "lookDirectionRV" : {
      "x" : -0.81343734,
      "y" : -0.13500188,
      "z" : 0.5657063,
      "zero" : false
    },
    "upDirectionRV" : {
      "x" : -0.08730517,
      "y" : 0.9899001,
      "z" : 0.11069016,
      "zero" : false
    },
    "lookDirection" : {
      "x" : -0.81343734,
      "y" : -0.13500188,
      "z" : 0.5657063
    },
    "nearClipDistance" : 0.3819062,
    "farClipDistance" : 305.52432,
    "lookAtPoint" : {
      "x" : 0.0,
      "y" : 0.0,
      "z" : 0.0
    },
    "upDirection" : {
      "x" : -0.08730517,
      "y" : 0.9899001,
      "z" : 0.11069016
    },
    "stereo" : false,
    "perspective" : true,
    "fieldOfView" : 0.44262967,
    "width" : 68.74291,
    "position" : {
      "x" : 124.26211,
      "y" : 20.623123,
      "z" : -86.41829
    }
  },
  "embedding" : [ 1.0, 0.0, 0.0, 0.0, 0.0, 1.0, 0.0, 0.0, 0.0, 0.0, 1.0, 0.0, 0.0, 0.0, 0.0, 1.0 ],
  "shapes" : [ {
    "id" : "ca0b3ded-2fe8-4dc3-a39d-8c096a7340b2",
    "vertices" : [ {
      "x" : 0.0,
      "y" : 0.0,
      "z" : 0.0
    }, {
      "x" : -0.039590165,
      "y" : 0.07725495,
      "z" : -0.06909893
    }, {
      "x" : -2.618034,
      "y" : 6.854102,
      "z" : 0.0
    } ],
    "faces" : [ {
      "vertices" : [ 0, 1, 2 ]
    }, {
      "vertices" : [ 0, 2, 1 ]
    } ]
  }, {
    "id" : "f6767229-59db-44bd-b3cf-8a32b36a2e4f",
    "vertices" : [ {
      "x" : 0.0,
      "y" : 0.0,
      "z" : 0.0
    }, {
      "x" : 16.66798,
      "y" : 0.063626826,
      "z" : 0.021784147
    }, {
      "x" : 8.245502,
      "y" : -8.358851,
      "z" : -2.8618503
    } ],
    "faces" : [ {
      "vertices" : [ 0, 1, 2 ]
    }, {
      "vertices" : [ 0, 2, 1 ]
    } ]
  }, {
    "id" : "d3d9f6c3-55df-4086-bf7b-8f5de4bbeb90",
    "vertices" : [ {
      "x" : 0.0,
      "y" : 0.0,
      "z" : 0.0
    }, {
      "x" : 0.10676372,
      "y" : -0.021352744,
      "z" : -0.021352744
    }, {
      "x" : 8.578899,
      "y" : -8.493488,
      "z" : -0.021352744
    }, {
      "x" : -4.151088,
      "y" : -12.453265,
      "z" : 4.151088
    } ],
    "faces" : [ {
      "vertices" : [ 0, 1, 2, 3 ]
    }, {
      "vertices" : [ 0, 3, 2, 1 ]
    } ]
  }, {
    "id" : "3e111445-297a-4bd0-b9a5-340f9238fb1b",
    "vertices" : [ {
      "x" : 0.0,
      "y" : 0.0,
      "z" : 0.0
    }, {
      "x" : -0.86684686,
      "y" : -1.197953,
      "z" : -9.077739
    }, {
      "x" : -2.5784438,
      "y" : 6.776847,
      "z" : 0.06909893
    } ],
    "faces" : [ {
      "vertices" : [ 0, 1, 2 ]
    }, {
      "vertices" : [ 0, 2, 1 ]
    } ]
  }, {
    "id" : "7c83d103-45b0-4b08-a1e0-6be6cdadb2c3",
    "vertices" : [ {
      "x" : 0.0,
      "y" : 0.0,
      "z" : 0.0
    }, {
      "x" : 4.236068,
      "y" : 7.0601134,
      "z" : -4.236068
    }, {
      "x" : -4.236068,
      "y" : 4.236068,
      "z" : -12.708204
    } ],
    "faces" : [ {
      "vertices" : [ 0, 1, 2 ]
    }, {
      "vertices" : [ 0, 2, 1 ]
    } ]
  }, {
    "id" : "b7cd6e30-c3c5-491f-9f8e-8af2cf1632f4",
    "vertices" : [ {
      "x" : 0.0,
      "y" : 0.0,
      "z" : 0.0
    }, {
      "x" : 3.490712,
      "y" : -8.266125,
      "z" : 2.2847006
    }, {
      "x" : 3.490712,
      "y" : -10.884159,
      "z" : -4.5694013
    } ],
    "faces" : [ {
      "vertices" : [ 0, 1, 2 ]
    }, {
      "vertices" : [ 0, 2, 1 ]
    } ]
  }, {
    "id" : "6e4e9131-2031-4c20-a0be-06f760402f01",
    "vertices" : [ {
      "x" : 0.0,
      "y" : 0.0,
      "z" : 0.0
    }, {
      "x" : 0.06276402,
      "y" : -0.063626826,
      "z" : -0.021784147
    }, {
      "x" : -0.21352744,
      "y" : 0.0,
      "z" : 0.0
    } ],
    "faces" : [ {
      "vertices" : [ 0, 1, 2 ]
    }, {
      "vertices" : [ 0, 2, 1 ]
    } ]
  }, {
    "id" : "d3e3ed8b-257e-45d5-b59f-cba8520a490d",
    "vertices" : [ {
      "x" : 0.0,
      "y" : 0.0,
      "z" : 0.0
    }, {
      "x" : -8.472136,
      "y" : -8.258609,
      "z" : 2.8240454
    }, {
      "x" : 0.0,
      "y" : -16.730745,
      "z" : 0.0
    } ],
    "faces" : [ {
      "vertices" : [ 0, 1, 2 ]
    }, {
      "vertices" : [ 0, 2, 1 ]
    } ]
  }, {
    "id" : "814cf541-1367-47b2-9696-5f015ce9216c",
    "vertices" : [ {
      "x" : 0.0,
      "y" : 0.0,
      "z" : 0.0
    }, {
      "x" : -16.66798,
      "y" : -0.063626826,
      "z" : -0.021784147
    }, {
      "x" : -16.730745,
      "y" : 0.0,
      "z" : 0.0
    } ],
    "faces" : [ {
      "vertices" : [ 0, 1, 2 ]
    }, {
      "vertices" : [ 0, 2, 1 ]
    } ]
  }, {
    "id" : "2a120758-d711-42bf-815e-a205f20d1946",
    "vertices" : [ {
      "x" : 0.0,
      "y" : 0.0,
      "z" : 0.0
    }, {
      "x" : -8.472136,
      "y" : -8.472136,
      "z" : 2.8240454
    }, {
      "x" : 0.0,
      "y" : -0.21352744,
      "z" : 0.0
    } ],
    "faces" : [ {
      "vertices" : [ 0, 1, 2 ]
    }, {
      "vertices" : [ 0, 2, 1 ]
    } ]
  }, {
    "id" : "68b27b61-09e6-45fa-ad75-0526c9d2c839",
    "vertices" : [ {
      "x" : 0.0,
      "y" : 0.0,
      "z" : 0.0
    }, {
      "x" : -0.021784147,
      "y" : 0.27629146,
      "z" : -0.063626826
    }, {
      "x" : 12.708204,
      "y" : 4.236068,
      "z" : -4.236068
    } ],
    "faces" : [ {
      "vertices" : [ 0, 1, 2 ]
    }, {
      "vertices" : [ 0, 2, 1 ]
    } ]
  }, {
    "id" : "8106315c-674c-471b-a2f7-196def77a6db",
    "vertices" : [ {
      "x" : 0.0,
      "y" : 0.0,
      "z" : 0.0
    }, {
      "x" : -4.151088,
      "y" : 4.151088,
      "z" : -12.453265
    }, {
      "x" : 4.207763,
      "y" : 7.0129385,
      "z" : -4.207763
    } ],
    "faces" : [ {
      "vertices" : [ 0, 1, 2 ]
    }, {
      "vertices" : [ 0, 2, 1 ]
    } ]
  }, {
    "id" : "194754f9-6b8e-45b8-ad49-adec0e2cd0e6",
    "vertices" : [ {
      "x" : 0.0,
      "y" : 0.0,
      "z" : 0.0
    }, {
      "x" : 0.0,
      "y" : 2.618034,
      "z" : 6.854102
    }, {
      "x" : 2.618034,
      "y" : -1.618034,
      "z" : 13.708204
    }, {
      "x" : 5.236068,
      "y" : -8.472136,
      "z" : 13.708204
    } ],
    "faces" : [ {
      "vertices" : [ 0, 1, 2, 3 ]
    }, {
      "vertices" : [ 0, 3, 2, 1 ]
    } ]
  }, {
    "id" : "e74dd965-351f-4529-a44d-37a34afe2c0a",
    "vertices" : [ {
      "x" : 0.0,
      "y" : 0.0,
      "z" : 0.0
    }, {
      "x" : 8.36068,
      "y" : -8.36068,
      "z" : 2.7868934
    }, {
      "x" : 8.583592,
      "y" : -8.36068,
      "z" : 2.7868934
    }, {
      "x" : 16.944271,
      "y" : 0.0,
      "z" : 0.0
    } ],
    "faces" : [ {
      "vertices" : [ 0, 1, 2, 3 ]
    }, {
      "vertices" : [ 0, 3, 2, 1 ]
    } ]
  }, {
    "id" : "a1ff500f-9f7a-461a-bc63-84c5591c0be9",
    "vertices" : [ {
      "x" : 0.0,
      "y" : 0.0,
      "z" : 0.0
    }, {
      "x" : 0.0,
      "y" : -8.472136,
      "z" : 0.0
    }, {
      "x" : 0.0,
      "y" : -8.472136,
      "z" : -8.472136
    }, {
      "x" : 0.0,
      "y" : 0.0,
      "z" : -8.472136
    } ],
    "faces" : [ {
      "vertices" : [ 0, 1, 2, 3 ]
    }, {
      "vertices" : [ 0, 3, 2, 1 ]
    } ]
  }, {
    "id" : "8fb1163a-2dc9-48d4-b689-fc5a58dd2fdf",
    "vertices" : [ {
      "x" : 0.0,
      "y" : 0.0,
      "z" : 0.0
    }, {
      "x" : 0.0,
      "y" : -2.618034,
      "z" : -6.854102
    }, {
      "x" : -2.618034,
      "y" : 1.618034,
      "z" : -13.708204
    }, {
      "x" : -5.236068,
      "y" : 8.472136,
      "z" : -13.708204
    } ],
    "faces" : [ {
      "vertices" : [ 0, 1, 2, 3 ]
    }, {
      "vertices" : [ 0, 3, 2, 1 ]
    } ]
  }, {
    "id" : "03b3ce5e-4db5-4d39-818d-bb845b256b1a",
    "vertices" : [ {
      "x" : 0.0,
      "y" : 0.0,
      "z" : 0.0
    }, {
      "x" : 0.0,
      "y" : 8.472136,
      "z" : 0.0
    }, {
      "x" : 0.0,
      "y" : 8.472136,
      "z" : 8.472136
    }, {
      "x" : 0.0,
      "y" : 0.0,
      "z" : 8.472136
    } ],
    "faces" : [ {
      "vertices" : [ 0, 1, 2, 3 ]
    }, {
      "vertices" : [ 0, 3, 2, 1 ]
    } ]
  } ],
  "instances" : [ {
    "shape" : "ca0b3ded-2fe8-4dc3-a39d-8c096a7340b2",
    "color" : "#7FCC9F",
    "position" : {
      "x" : -4.236068,
      "y" : 4.236068,
      "z" : 4.236068
    },
    "orientation" : 36
  }, {
    "shape" : "f6767229-59db-44bd-b3cf-8a32b36a2e4f",
    "color" : "#FFFFFF",
    "position" : {
      "x" : 8.195845,
      "y" : 8.408509,
      "z" : 8.49392
    },
    "orientation" : 45
  }, {
    "shape" : "d3d9f6c3-55df-4086-bf7b-8f5de4bbeb90",
    "color" : "#FFFFFF",
    "position" : {
      "x" : 4.2574205,
      "y" : 4.2574205,
      "z" : -4.3428316
    },
    "orientation" : 2
  }, {
    "shape" : "3e111445-297a-4bd0-b9a5-340f9238fb1b",
    "color" : "#7FCC9F",
    "position" : {
      "x" : 4.2574205,
      "y" : 4.2574205,
      "z" : -4.3428316
    },
    "orientation" : 21
  }, {
    "shape" : "3e111445-297a-4bd0-b9a5-340f9238fb1b",
    "color" : "#7FCC9F",
    "position" : {
      "x" : -4.2574205,
      "y" : 4.2574205,
      "z" : 4.3428316
    },
    "orientation" : 36
  }, {
    "shape" : "7c83d103-45b0-4b08-a1e0-6be6cdadb2c3",
    "color" : "#FFFFFF",
    "position" : {
      "x" : 4.236068,
      "y" : 4.236068,
      "z" : -4.236068
    },
    "orientation" : 45
  }, {
    "shape" : "b7cd6e30-c3c5-491f-9f8e-8af2cf1632f4",
    "color" : "#7FCC9F",
    "position" : {
      "x" : 0.0,
      "y" : 11.296182,
      "z" : 0.0
    },
    "orientation" : 53
  }, {
    "shape" : "ca0b3ded-2fe8-4dc3-a39d-8c096a7340b2",
    "color" : "#7FCC9F",
    "position" : {
      "x" : 4.236068,
      "y" : 4.236068,
      "z" : -4.236068
    },
    "orientation" : 21
  }, {
    "shape" : "6e4e9131-2031-4c20-a0be-06f760402f01",
    "color" : "#FFFFFF",
    "position" : {
      "x" : -8.258609,
      "y" : 8.472136,
      "z" : -8.472136
    },
    "orientation" : 0
  }, {
    "shape" : "d3e3ed8b-257e-45d5-b59f-cba8520a490d",
    "color" : "#FFFFFF",
    "position" : {
      "x" : -8.258609,
      "y" : 8.472136,
      "z" : -8.472136
    },
    "orientation" : 47
  }, {
    "shape" : "814cf541-1367-47b2-9696-5f015ce9216c",
    "color" : "#FFFFFF",
    "position" : {
      "x" : 8.472136,
      "y" : 8.472136,
      "z" : -8.472136
    },
    "orientation" : 0
  }, {
    "shape" : "2a120758-d711-42bf-815e-a205f20d1946",
    "color" : "#FFFFFF",
    "position" : {
      "x" : -8.472136,
      "y" : 8.472136,
      "z" : -8.472136
    },
    "orientation" : 47
  }, {
    "shape" : "b7cd6e30-c3c5-491f-9f8e-8af2cf1632f4",
    "color" : "#7FCC9F",
    "position" : {
      "x" : 0.0,
      "y" : 11.296182,
      "z" : 0.0
    },
    "orientation" : 8
  }, {
    "shape" : "68b27b61-09e6-45fa-ad75-0526c9d2c839",
    "color" : "#FFFFFF",
    "position" : {
      "x" : 8.472136,
      "y" : 8.472136,
      "z" : 8.472136
    },
    "orientation" : 47
  }, {
    "shape" : "d3e3ed8b-257e-45d5-b59f-cba8520a490d",
    "color" : "#FFFFFF",
    "position" : {
      "x" : 8.258609,
      "y" : 8.472136,
      "z" : 8.472136
    },
    "orientation" : 2
  }, {
    "shape" : "7c83d103-45b0-4b08-a1e0-6be6cdadb2c3",
    "color" : "#FFFFFF",
    "position" : {
      "x" : -4.236068,
      "y" : 4.236068,
      "z" : 4.236068
    },
    "orientation" : 0
  }, {
    "shape" : "6e4e9131-2031-4c20-a0be-06f760402f01",
    "color" : "#FFFFFF",
    "position" : {
      "x" : 8.258609,
      "y" : 8.472136,
      "z" : 8.472136
    },
    "orientation" : 45
  }, {
    "shape" : "8106315c-674c-471b-a2f7-196def77a6db",
    "color" : "#FFFFFF",
    "position" : {
      "x" : -4.2574205,
      "y" : 4.2574205,
      "z" : 4.3428316
    },
    "orientation" : 31
  }, {
    "shape" : "2a120758-d711-42bf-815e-a205f20d1946",
    "color" : "#FFFFFF",
    "position" : {
      "x" : 8.472136,
      "y" : 8.472136,
      "z" : 8.472136
    },
    "orientation" : 2
  }, {
    "shape" : "d3d9f6c3-55df-4086-bf7b-8f5de4bbeb90",
    "color" : "#FFFFFF",
    "position" : {
      "x" : -4.2574205,
      "y" : 4.2574205,
      "z" : 4.3428316
    },
    "orientation" : 47
  }, {
    "shape" : "8106315c-674c-471b-a2f7-196def77a6db",
    "color" : "#FFFFFF",
    "position" : {
      "x" : 4.2574205,
      "y" : 4.2574205,
      "z" : -4.3428316
    },
    "orientation" : 16
  }, {
    "shape" : "814cf541-1367-47b2-9696-5f015ce9216c",
    "color" : "#FFFFFF",
    "position" : {
      "x" : -8.472136,
      "y" : 8.472136,
      "z" : 8.472136
    },
    "orientation" : 45
  }, {
    "shape" : "68b27b61-09e6-45fa-ad75-0526c9d2c839",
    "color" : "#FFFFFF",
    "position" : {
      "x" : -8.472136,
      "y" : 8.472136,
      "z" : -8.472136
    },
    "orientation" : 2
  }, {
    "shape" : "f6767229-59db-44bd-b3cf-8a32b36a2e4f",
    "color" : "#FFFFFF",
    "position" : {
      "x" : -8.195845,
      "y" : 8.408509,
      "z" : -8.49392
    },
    "orientation" : 0
  } ],
  "scenes" : [ {
    "title" : "",
    "content" : "",
    "view" : {
      "viewDistance" : 117.787186,
      "lookAtPointRV" : {
        "x" : 0.0,
        "y" : 0.0,
        "z" : 0.0,
        "zero" : true
      },
      "lookDirectionRV" : {
        "x" : 0.98059934,
        "y" : -0.18720683,
        "z" : 0.057641514,
        "zero" : false
      },
      "upDirectionRV" : {
        "x" : 0.18411452,
        "y" : 0.98126256,
        "z" : 0.054523762,
        "zero" : false
      },
      "lookDirection" : {
        "x" : 0.98059934,
        "y" : -0.18720683,
        "z" : 0.057641514
      },
      "nearClipDistance" : 0.29447052,
      "farClipDistance" : 235.57503,
      "lookAtPoint" : {
        "x" : 0.0,
        "y" : 0.0,
        "z" : 0.0
      },
      "upDirection" : {
        "x" : 0.18411452,
        "y" : 0.98126256,
        "z" : 0.054523762
      },
      "stereo" : false,
      "perspective" : true,
      "fieldOfView" : 0.44263035,
      "width" : 53.004414,
      "position" : {
        "x" : -115.50204,
        "y" : 22.050566,
        "z" : -6.7894316
      }
    },
    "snapshot" : 10
  }, {
    "title" : "",
    "content" : "",
    "view" : {
      "viewDistance" : 117.787186,
      "lookAtPointRV" : {
        "x" : 0.0,
        "y" : 0.0,
        "z" : 0.0,
        "zero" : true
      },
      "lookDirectionRV" : {
        "x" : 0.98059934,
        "y" : -0.18720683,
        "z" : 0.057641514,
        "zero" : false
      },
      "upDirectionRV" : {
        "x" : 0.18411452,
        "y" : 0.98126256,
        "z" : 0.054523762,
        "zero" : false
      },
      "lookDirection" : {
        "x" : 0.98059934,
        "y" : -0.18720683,
        "z" : 0.057641514
      },
      "nearClipDistance" : 0.29447052,
      "farClipDistance" : 235.57503,
      "lookAtPoint" : {
        "x" : 0.0,
        "y" : 0.0,
        "z" : 0.0
      },
      "upDirection" : {
        "x" : 0.18411452,
        "y" : 0.98126256,
        "z" : 0.054523762
      },
      "stereo" : false,
      "perspective" : true,
      "fieldOfView" : 0.44263035,
      "width" : 53.004414,
      "position" : {
        "x" : -115.50204,
        "y" : 22.050566,
        "z" : -6.7894316
      }
    },
    "snapshot" : 11
  }, {
    "title" : "",
    "content" : "",
    "view" : {
      "viewDistance" : 117.787186,
      "lookAtPointRV" : {
        "x" : 0.0,
        "y" : 0.0,
        "z" : 0.0,
        "zero" : true
      },
      "lookDirectionRV" : {
        "x" : 0.9919926,
        "y" : -0.119374275,
        "z" : 0.04054366,
        "zero" : false
      },
      "upDirectionRV" : {
        "x" : 0.11887513,
        "y" : 0.9926845,
        "z" : 0.013913161,
        "zero" : false
      },
      "lookDirection" : {
        "x" : 0.9919926,
        "y" : -0.119374275,
        "z" : 0.04054366
      },
      "nearClipDistance" : 0.29447052,
      "farClipDistance" : 235.57503,
      "lookAtPoint" : {
        "x" : 0.0,
        "y" : 0.0,
        "z" : 0.0
      },
      "upDirection" : {
        "x" : 0.11887513,
        "y" : 0.9926845,
        "z" : 0.013913161
      },
      "stereo" : false,
      "perspective" : true,
      "fieldOfView" : 0.44263035,
      "width" : 53.004414,
      "position" : {
        "x" : -116.84402,
        "y" : 14.06076,
        "z" : -4.7755237
      }
    },
    "snapshot" : 13
  }, {
    "title" : "",
    "content" : "",
    "view" : {
      "viewDistance" : 117.787186,
      "lookAtPointRV" : {
        "x" : 0.0,
        "y" : 0.0,
        "z" : 0.0,
        "zero" : true
      },
      "lookDirectionRV" : {
        "x" : 0.9950962,
        "y" : -0.05866636,
        "z" : 0.079267696,
        "zero" : false
      },
      "upDirectionRV" : {
        "x" : 0.05686869,
        "y" : 0.9979541,
        "z" : 0.024516588,
        "zero" : false
      },
      "lookDirection" : {
        "x" : 0.9950962,
        "y" : -0.05866636,
        "z" : 0.079267696
      },
      "nearClipDistance" : 0.29447052,
      "farClipDistance" : 235.57503,
      "lookAtPoint" : {
        "x" : 0.0,
        "y" : 0.0,
        "z" : 0.0
      },
      "upDirection" : {
        "x" : 0.05686869,
        "y" : 0.9979541,
        "z" : 0.024516588
      },
      "stereo" : false,
      "perspective" : true,
      "fieldOfView" : 0.44263035,
      "width" : 53.004414,
      "position" : {
        "x" : -117.20958,
        "y" : 6.9101453,
        "z" : -9.336719
      }
    },
    "snapshot" : 14
  }, {
    "title" : "",
    "content" : "",
    "view" : {
      "viewDistance" : 132.80469,
      "lookAtPointRV" : {
        "x" : 0.0,
        "y" : 0.0,
        "z" : 0.0,
        "zero" : true
      },
      "lookDirectionRV" : {
        "x" : 0.9989566,
        "y" : -0.04464468,
        "z" : -0.0058439667,
        "zero" : false
      },
      "upDirectionRV" : {
        "x" : 0.04474806,
        "y" : 0.99861836,
        "z" : 0.022504184,
        "zero" : false
      },
      "lookDirection" : {
        "x" : 0.9989566,
        "y" : -0.04464468,
        "z" : -0.0058439667
      },
      "nearClipDistance" : 0.33201462,
      "farClipDistance" : 265.61014,
      "lookAtPoint" : {
        "x" : 0.0,
        "y" : 0.0,
        "z" : 0.0
      },
      "upDirection" : {
        "x" : 0.04474806,
        "y" : 0.99861836,
        "z" : 0.022504184
      },
      "stereo" : false,
      "perspective" : true,
      "fieldOfView" : 0.44263038,
      "width" : 59.762318,
      "position" : {
        "x" : -132.66612,
        "y" : 5.929023,
        "z" : 0.7761062
      }
    },
    "snapshot" : 15
  }, {
    "title" : "",
    "content" : "",
    "view" : {
      "viewDistance" : 132.80469,
      "lookAtPointRV" : {
        "x" : 0.0,
        "y" : 0.0,
        "z" : 0.0,
        "zero" : true
      },
      "lookDirectionRV" : {
        "x" : 0.9989566,
        "y" : -0.04464468,
        "z" : -0.0058439667,
        "zero" : false
      },
      "upDirectionRV" : {
        "x" : 0.04474806,
        "y" : 0.99861836,
        "z" : 0.022504184,
        "zero" : false
      },
      "lookDirection" : {
        "x" : 0.9989566,
        "y" : -0.04464468,
        "z" : -0.0058439667
      },
      "nearClipDistance" : 0.33201462,
      "farClipDistance" : 265.61014,
      "lookAtPoint" : {
        "x" : 0.0,
        "y" : 0.0,
        "z" : 0.0
      },
      "upDirection" : {
        "x" : 0.04474806,
        "y" : 0.99861836,
        "z" : 0.022504184
      },
      "stereo" : false,
      "perspective" : true,
      "fieldOfView" : 0.44263038,
      "width" : 59.762318,
      "position" : {
        "x" : -132.66612,
        "y" : 5.929023,
        "z" : 0.7761062
      }
    },
    "snapshot" : 16
  } ],
  "snapshots" : [ [ ], [ ], [ ], [ ], [ ], [ ], [ ], [ ], [ ], [ ], [ {
    "shape" : "f6767229-59db-44bd-b3cf-8a32b36a2e4f",
    "color" : "#FFFFFF",
    "position" : {
      "x" : -8.195845,
      "y" : 8.408509,
      "z" : -8.49392
    },
    "orientation" : 0
  }, {
    "shape" : "68b27b61-09e6-45fa-ad75-0526c9d2c839",
    "color" : "#FFFFFF",
    "position" : {
      "x" : 8.472136,
      "y" : 8.472136,
      "z" : 8.472136
    },
    "orientation" : 47
  }, {
    "shape" : "68b27b61-09e6-45fa-ad75-0526c9d2c839",
    "color" : "#FFFFFF",
    "position" : {
      "x" : -8.472136,
      "y" : 8.472136,
      "z" : -8.472136
    },
    "orientation" : 2
  }, {
    "shape" : "b7cd6e30-c3c5-491f-9f8e-8af2cf1632f4",
    "color" : "#7FCC9F",
    "position" : {
      "x" : 0.0,
      "y" : 11.296182,
      "z" : 0.0
    },
    "orientation" : 8
  }, {
    "shape" : "ca0b3ded-2fe8-4dc3-a39d-8c096a7340b2",
    "color" : "#7FCC9F",
    "position" : {
      "x" : -4.236068,
      "y" : 4.236068,
      "z" : 4.236068
    },
    "orientation" : 36
  }, {
    "shape" : "d3d9f6c3-55df-4086-bf7b-8f5de4bbeb90",
    "color" : "#FFFFFF",
    "position" : {
      "x" : 4.2574205,
      "y" : 4.2574205,
      "z" : -4.3428316
    },
    "orientation" : 2
  }, {
    "shape" : "7c83d103-45b0-4b08-a1e0-6be6cdadb2c3",
    "color" : "#FFFFFF",
    "position" : {
      "x" : -4.236068,
      "y" : 4.236068,
      "z" : 4.236068
    },
    "orientation" : 0
  }, {
    "shape" : "814cf541-1367-47b2-9696-5f015ce9216c",
    "color" : "#FFFFFF",
    "position" : {
      "x" : -8.472136,
      "y" : 8.472136,
      "z" : 8.472136
    },
    "orientation" : 45
  }, {
    "shape" : "814cf541-1367-47b2-9696-5f015ce9216c",
    "color" : "#FFFFFF",
    "position" : {
      "x" : 8.472136,
      "y" : 8.472136,
      "z" : -8.472136
    },
    "orientation" : 0
  }, {
    "shape" : "8106315c-674c-471b-a2f7-196def77a6db",
    "color" : "#FFFFFF",
    "position" : {
      "x" : -4.2574205,
      "y" : 4.2574205,
      "z" : 4.3428316
    },
    "orientation" : 31
  }, {
    "shape" : "2a120758-d711-42bf-815e-a205f20d1946",
    "color" : "#FFFFFF",
    "position" : {
      "x" : 8.472136,
      "y" : 8.472136,
      "z" : 8.472136
    },
    "orientation" : 2
  }, {
    "shape" : "2a120758-d711-42bf-815e-a205f20d1946",
    "color" : "#FFFFFF",
    "position" : {
      "x" : -8.472136,
      "y" : 8.472136,
      "z" : -8.472136
    },
    "orientation" : 47
  }, {
    "shape" : "d3d9f6c3-55df-4086-bf7b-8f5de4bbeb90",
    "color" : "#FFFFFF",
    "position" : {
      "x" : -4.2574205,
      "y" : 4.2574205,
      "z" : 4.3428316
    },
    "orientation" : 47
  }, {
    "shape" : "6e4e9131-2031-4c20-a0be-06f760402f01",
    "color" : "#FFFFFF",
    "position" : {
      "x" : -8.258609,
      "y" : 8.472136,
      "z" : -8.472136
    },
    "orientation" : 0
  }, {
    "shape" : "8106315c-674c-471b-a2f7-196def77a6db",
    "color" : "#FFFFFF",
    "position" : {
      "x" : 4.2574205,
      "y" : 4.2574205,
      "z" : -4.3428316
    },
    "orientation" : 16
  }, {
    "shape" : "b7cd6e30-c3c5-491f-9f8e-8af2cf1632f4",
    "color" : "#7FCC9F",
    "position" : {
      "x" : 0.0,
      "y" : 11.296182,
      "z" : 0.0
    },
    "orientation" : 53
  }, {
    "shape" : "3e111445-297a-4bd0-b9a5-340f9238fb1b",
    "color" : "#7FCC9F",
    "position" : {
      "x" : -4.2574205,
      "y" : 4.2574205,
      "z" : 4.3428316
    },
    "orientation" : 36
  }, {
    "shape" : "3e111445-297a-4bd0-b9a5-340f9238fb1b",
    "color" : "#7FCC9F",
    "position" : {
      "x" : 4.2574205,
      "y" : 4.2574205,
      "z" : -4.3428316
    },
    "orientation" : 21
  }, {
    "shape" : "7c83d103-45b0-4b08-a1e0-6be6cdadb2c3",
    "color" : "#FFFFFF",
    "position" : {
      "x" : 4.236068,
      "y" : 4.236068,
      "z" : -4.236068
    },
    "orientation" : 45
  }, {
    "shape" : "f6767229-59db-44bd-b3cf-8a32b36a2e4f",
    "color" : "#FFFFFF",
    "position" : {
      "x" : 8.195845,
      "y" : 8.408509,
      "z" : 8.49392
    },
    "orientation" : 45
  }, {
    "shape" : "d3e3ed8b-257e-45d5-b59f-cba8520a490d",
    "color" : "#FFFFFF",
    "position" : {
      "x" : 8.258609,
      "y" : 8.472136,
      "z" : 8.472136
    },
    "orientation" : 2
  }, {
    "shape" : "6e4e9131-2031-4c20-a0be-06f760402f01",
    "color" : "#FFFFFF",
    "position" : {
      "x" : 8.258609,
      "y" : 8.472136,
      "z" : 8.472136
    },
    "orientation" : 45
  }, {
    "shape" : "ca0b3ded-2fe8-4dc3-a39d-8c096a7340b2",
    "color" : "#7FCC9F",
    "position" : {
      "x" : 4.236068,
      "y" : 4.236068,
      "z" : -4.236068
    },
    "orientation" : 21
  }, {
    "shape" : "d3e3ed8b-257e-45d5-b59f-cba8520a490d",
    "color" : "#FFFFFF",
    "position" : {
      "x" : -8.258609,
      "y" : 8.472136,
      "z" : -8.472136
    },
    "orientation" : 47
  } ], [ {
    "shape" : "8106315c-674c-471b-a2f7-196def77a6db",
    "color" : "#FFFFFF",
    "position" : {
      "x" : -4.2574205,
      "y" : -7.493489,
      "z" : -4.3428316
    },
    "orientation" : 46
  }, {
    "shape" : "6e4e9131-2031-4c20-a0be-06f760402f01",
    "color" : "#FFFFFF",
    "position" : {
      "x" : 8.472136,
      "y" : 8.258609,
      "z" : 11.708204
    },
    "orientation" : 31
  }, {
    "shape" : "68b27b61-09e6-45fa-ad75-0526c9d2c839",
    "color" : "#FFFFFF",
    "position" : {
      "x" : 11.708204,
      "y" : -8.472136,
      "z" : -8.472136
    },
    "orientation" : 1
  }, {
    "shape" : "7c83d103-45b0-4b08-a1e0-6be6cdadb2c3",
    "color" : "#FFFFFF",
    "position" : {
      "x" : 4.236068,
      "y" : -7.472136,
      "z" : 4.236068
    },
    "orientation" : 30
  }, {
    "shape" : "814cf541-1367-47b2-9696-5f015ce9216c",
    "color" : "#FFFFFF",
    "position" : {
      "x" : 8.472136,
      "y" : 11.708204,
      "z" : -8.472136
    },
    "orientation" : 0
  }, {
    "shape" : "6e4e9131-2031-4c20-a0be-06f760402f01",
    "color" : "#FFFFFF",
    "position" : {
      "x" : 8.258609,
      "y" : 11.708204,
      "z" : 8.472136
    },
    "orientation" : 45
  }, {
    "shape" : "d3e3ed8b-257e-45d5-b59f-cba8520a490d",
    "color" : "#FFFFFF",
    "position" : {
      "x" : 8.472136,
      "y" : -8.258609,
      "z" : -11.708204
    },
    "orientation" : 15
  }, {
    "shape" : "8106315c-674c-471b-a2f7-196def77a6db",
    "color" : "#FFFFFF",
    "position" : {
      "x" : 4.3428316,
      "y" : 4.2574205,
      "z" : -7.493489
    },
    "orientation" : 2
  }, {
    "shape" : "814cf541-1367-47b2-9696-5f015ce9216c",
    "color" : "#FFFFFF",
    "position" : {
      "x" : -11.708204,
      "y" : 8.472136,
      "z" : 8.472136
    },
    "orientation" : 32
  }, {
    "shape" : "2a120758-d711-42bf-815e-a205f20d1946",
    "color" : "#FFFFFF",
    "position" : {
      "x" : 8.472136,
      "y" : 11.708204,
      "z" : 8.472136
    },
    "orientation" : 2
  }, {
    "shape" : "6e4e9131-2031-4c20-a0be-06f760402f01",
    "color" : "#FFFFFF",
    "position" : {
      "x" : 11.708204,
      "y" : 8.472136,
      "z" : 8.258609
    },
    "orientation" : 17
  }, {
    "shape" : "ca0b3ded-2fe8-4dc3-a39d-8c096a7340b2",
    "color" : "#7FCC9F",
    "position" : {
      "x" : -4.236068,
      "y" : -7.472136,
      "z" : -4.236068
    },
    "orientation" : 51
  }, {
    "shape" : "6e4e9131-2031-4c20-a0be-06f760402f01",
    "color" : "#FFFFFF",
    "position" : {
      "x" : -11.708204,
      "y" : -8.472136,
      "z" : 8.258609
    },
    "orientation" : 47
  }, {
    "shape" : "b7cd6e30-c3c5-491f-9f8e-8af2cf1632f4",
    "color" : "#7FCC9F",
    "position" : {
      "x" : 14.532249,
      "y" : 0.0,
      "z" : 0.0
    },
    "orientation" : 7
  }, {
    "shape" : "3e111445-297a-4bd0-b9a5-340f9238fb1b",
    "color" : "#7FCC9F",
    "position" : {
      "x" : -7.493489,
      "y" : 4.3428316,
      "z" : 4.2574205
    },
    "orientation" : 8
  }, {
    "shape" : "ca0b3ded-2fe8-4dc3-a39d-8c096a7340b2",
    "color" : "#7FCC9F",
    "position" : {
      "x" : -4.236068,
      "y" : -4.236068,
      "z" : -7.472136
    },
    "orientation" : 37
  }, {
    "shape" : "b7cd6e30-c3c5-491f-9f8e-8af2cf1632f4",
    "color" : "#7FCC9F",
    "position" : {
      "x" : -14.532249,
      "y" : 0.0,
      "z" : 0.0
    },
    "orientation" : 37
  }, {
    "shape" : "814cf541-1367-47b2-9696-5f015ce9216c",
    "color" : "#FFFFFF",
    "position" : {
      "x" : -8.472136,
      "y" : -11.708204,
      "z" : -8.472136
    },
    "orientation" : 30
  }, {
    "shape" : "3e111445-297a-4bd0-b9a5-340f9238fb1b",
    "color" : "#7FCC9F",
    "position" : {
      "x" : -4.3428316,
      "y" : 4.2574205,
      "z" : 7.493489
    },
    "orientation" : 52
  }, {
    "shape" : "f6767229-59db-44bd-b3cf-8a32b36a2e4f",
    "color" : "#FFFFFF",
    "position" : {
      "x" : 8.195845,
      "y" : -11.644577,
      "z" : -8.49392
    },
    "orientation" : 30
  }, {
    "shape" : "ca0b3ded-2fe8-4dc3-a39d-8c096a7340b2",
    "color" : "#7FCC9F",
    "position" : {
      "x" : -7.472136,
      "y" : 4.236068,
      "z" : 4.236068
    },
    "orientation" : 8
  }, {
    "shape" : "814cf541-1367-47b2-9696-5f015ce9216c",
    "color" : "#FFFFFF",
    "position" : {
      "x" : -8.472136,
      "y" : 8.472136,
      "z" : 11.708204
    },
    "orientation" : 1
  }, {
    "shape" : "d3e3ed8b-257e-45d5-b59f-cba8520a490d",
    "color" : "#FFFFFF",
    "position" : {
      "x" : 8.258609,
      "y" : -11.708204,
      "z" : -8.472136
    },
    "orientation" : 17
  }, {
    "shape" : "68b27b61-09e6-45fa-ad75-0526c9d2c839",
    "color" : "#FFFFFF",
    "position" : {
      "x" : -8.472136,
      "y" : -8.472136,
      "z" : 11.708204
    },
    "orientation" : 0
  }, {
    "shape" : "3e111445-297a-4bd0-b9a5-340f9238fb1b",
    "color" : "#7FCC9F",
    "position" : {
      "x" : -7.493489,
      "y" : -4.3428316,
      "z" : -4.2574205
    },
    "orientation" : 23
  }, {
    "shape" : "6e4e9131-2031-4c20-a0be-06f760402f01",
    "color" : "#FFFFFF",
    "position" : {
      "x" : -8.472136,
      "y" : -8.258609,
      "z" : 11.708204
    },
    "orientation" : 1
  }, {
    "shape" : "8106315c-674c-471b-a2f7-196def77a6db",
    "color" : "#FFFFFF",
    "position" : {
      "x" : -4.2574205,
      "y" : 7.493489,
      "z" : 4.3428316
    },
    "orientation" : 31
  }, {
    "shape" : "2a120758-d711-42bf-815e-a205f20d1946",
    "color" : "#FFFFFF",
    "position" : {
      "x" : 8.472136,
      "y" : -11.708204,
      "z" : -8.472136
    },
    "orientation" : 17
  }, {
    "shape" : "b7cd6e30-c3c5-491f-9f8e-8af2cf1632f4",
    "color" : "#7FCC9F",
    "position" : {
      "x" : 0.0,
      "y" : -14.532249,
      "z" : 0.0
    },
    "orientation" : 23
  }, {
    "shape" : "d3d9f6c3-55df-4086-bf7b-8f5de4bbeb90",
    "color" : "#FFFFFF",
    "position" : {
      "x" : 7.493489,
      "y" : 4.3428316,
      "z" : -4.2574205
    },
    "orientation" : 16
  }, {
    "shape" : "2a120758-d711-42bf-815e-a205f20d1946",
    "color" : "#FFFFFF",
    "position" : {
      "x" : -11.708204,
      "y" : 8.472136,
      "z" : -8.472136
    },
    "orientation" : 46
  }, {
    "shape" : "3e111445-297a-4bd0-b9a5-340f9238fb1b",
    "color" : "#7FCC9F",
    "position" : {
      "x" : 4.2574205,
      "y" : -7.493489,
      "z" : 4.3428316
    },
    "orientation" : 6
  }, {
    "shape" : "d3e3ed8b-257e-45d5-b59f-cba8520a490d",
    "color" : "#FFFFFF",
    "position" : {
      "x" : -8.472136,
      "y" : 8.258609,
      "z" : -11.708204
    },
    "orientation" : 45
  }, {
    "shape" : "f6767229-59db-44bd-b3cf-8a32b36a2e4f",
    "color" : "#FFFFFF",
    "position" : {
      "x" : -8.195845,
      "y" : -11.644577,
      "z" : 8.49392
    },
    "orientation" : 15
  }, {
    "shape" : "814cf541-1367-47b2-9696-5f015ce9216c",
    "color" : "#FFFFFF",
    "position" : {
      "x" : -8.472136,
      "y" : 11.708204,
      "z" : 8.472136
    },
    "orientation" : 45
  }, {
    "shape" : "f6767229-59db-44bd-b3cf-8a32b36a2e4f",
    "color" : "#FFFFFF",
    "position" : {
      "x" : -11.644577,
      "y" : 8.49392,
      "z" : -8.195845
    },
    "orientation" : 32
  }, {
    "shape" : "8106315c-674c-471b-a2f7-196def77a6db",
    "color" : "#FFFFFF",
    "position" : {
      "x" : -7.493489,
      "y" : -4.3428316,
      "z" : -4.2574205
    },
    "orientation" : 15
  }, {
    "shape" : "7c83d103-45b0-4b08-a1e0-6be6cdadb2c3",
    "color" : "#FFFFFF",
    "position" : {
      "x" : -7.472136,
      "y" : -4.236068,
      "z" : -4.236068
    },
    "orientation" : 32
  }, {
    "shape" : "68b27b61-09e6-45fa-ad75-0526c9d2c839",
    "color" : "#FFFFFF",
    "position" : {
      "x" : 8.472136,
      "y" : 8.472136,
      "z" : 11.708204
    },
    "orientation" : 30
  }, {
    "shape" : "d3d9f6c3-55df-4086-bf7b-8f5de4bbeb90",
    "color" : "#FFFFFF",
    "position" : {
      "x" : 4.3428316,
      "y" : 4.2574205,
      "z" : -7.493489
    },
    "orientation" : 45
  }, {
    "shape" : "2a120758-d711-42bf-815e-a205f20d1946",
    "color" : "#FFFFFF",
    "position" : {
      "x" : 11.708204,
      "y" : 8.472136,
      "z" : 8.472136
    },
    "orientation" : 1
  }, {
    "shape" : "6e4e9131-2031-4c20-a0be-06f760402f01",
