{
  "polygons" : "true",
  "field" : "snubDodec",
  "symmetry" : "icosahedral",
  "orientations" : [ [ 1.0, 0.0, 0.0, 0.0, 0.0, 1.0, 0.0, 0.0, 0.0, 0.0, 1.0, 0.0, 0.0, 0.0, 0.0, 1.0 ], [ 0.0, 0.0, 1.0, 0.0, 1.0, 0.0, 0.0, 0.0, 0.0, 1.0, 0.0, 0.0, 0.0, 0.0, 0.0, 1.0 ], [ 0.0, 1.0, 0.0, 0.0, 0.0, 0.0, 1.0, 0.0, 1.0, 0.0, 0.0, 0.0, 0.0, 0.0, 0.0, 1.0 ], [ 0.809017, 0.309017, 0.5, 0.0, 0.309017, 0.5, -0.809017, 0.0, -0.5, 0.809017, 0.309017, 0.0, 0.0, 0.0, 0.0, 1.0 ], [ -0.5, 0.809017, 0.309017, 0.0, 0.809017, 0.309017, 0.5, 0.0, 0.309017, 0.5, -0.809017, 0.0, 0.0, 0.0, 0.0, 1.0 ], [ 0.309017, 0.5, -0.809017, 0.0, -0.5, 0.809017, 0.309017, 0.0, 0.809017, 0.309017, 0.5, 0.0, 0.0, 0.0, 0.0, 1.0 ], [ 0.5, 0.809017, 0.309017, 0.0, 0.809017, -0.309017, -0.5, 0.0, -0.309017, 0.5, -0.809017, 0.0, 0.0, 0.0, 0.0, 1.0 ], [ -0.309017, 0.5, -0.809017, 0.0, 0.5, 0.809017, 0.309017, 0.0, 0.809017, -0.309017, -0.5, 0.0, 0.0, 0.0, 0.0, 1.0 ], [ 0.809017, -0.309017, -0.5, 0.0, -0.309017, 0.5, -0.809017, 0.0, 0.5, 0.809017, 0.309017, 0.0, 0.0, 0.0, 0.0, 1.0 ], [ 0.5, 0.809017, -0.309017, 0.0, 0.809017, -0.309017, 0.5, 0.0, 0.309017, -0.5, -0.809017, 0.0, 0.0, 0.0, 0.0, 1.0 ], [ 0.309017, -0.5, -0.809017, 0.0, 0.5, 0.809017, -0.309017, 0.0, 0.809017, -0.309017, 0.5, 0.0, 0.0, 0.0, 0.0, 1.0 ], [ 0.809017, -0.309017, 0.5, 0.0, 0.309017, -0.5, -0.809017, 0.0, 0.5, 0.809017, -0.309017, 0.0, 0.0, 0.0, 0.0, 1.0 ], [ 0.809017, 0.309017, -0.5, 0.0, 0.309017, 0.5, 0.809017, 0.0, 0.5, -0.809017, 0.309017, 0.0, 0.0, 0.0, 0.0, 1.0 ], [ 0.5, -0.809017, 0.309017, 0.0, 0.809017, 0.309017, -0.5, 0.0, 0.309017, 0.5, 0.809017, 0.0, 0.0, 0.0, 0.0, 1.0 ], [ 0.309017, 0.5, 0.809017, 0.0, 0.5, -0.809017, 0.309017, 0.0, 0.809017, 0.309017, -0.5, 0.0, 0.0, 0.0, 0.0, 1.0 ], [ 1.0, 0.0, 0.0, 0.0, 0.0, -1.0, 0.0, 0.0, 0.0, 0.0, -1.0, 0.0, 0.0, 0.0, 0.0, 1.0 ], [ 0.0, 0.0, 1.0, 0.0, -1.0, 0.0, 0.0, 0.0, 0.0, -1.0, 0.0, 0.0, 0.0, 0.0, 0.0, 1.0 ], [ 0.0, 1.0, 0.0, 0.0, 0.0, 0.0, -1.0, 0.0, -1.0, 0.0, 0.0, 0.0, 0.0, 0.0, 0.0, 1.0 ], [ 0.809017, 0.309017, 0.5, 0.0, -0.309017, -0.5, 0.809017, 0.0, 0.5, -0.809017, -0.309017, 0.0, 0.0, 0.0, 0.0, 1.0 ], [ -0.5, 0.809017, 0.309017, 0.0, -0.809017, -0.309017, -0.5, 0.0, -0.309017, -0.5, 0.809017, 0.0, 0.0, 0.0, 0.0, 1.0 ], [ 0.309017, 0.5, -0.809017, 0.0, 0.5, -0.809017, -0.309017, 0.0, -0.809017, -0.309017, -0.5, 0.0, 0.0, 0.0, 0.0, 1.0 ], [ 0.5, 0.809017, 0.309017, 0.0, -0.809017, 0.309017, 0.5, 0.0, 0.309017, -0.5, 0.809017, 0.0, 0.0, 0.0, 0.0, 1.0 ], [ -0.309017, 0.5, -0.809017, 0.0, -0.5, -0.809017, -0.309017, 0.0, -0.809017, 0.309017, 0.5, 0.0, 0.0, 0.0, 0.0, 1.0 ], [ 0.809017, -0.309017, -0.5, 0.0, 0.309017, -0.5, 0.809017, 0.0, -0.5, -0.809017, -0.309017, 0.0, 0.0, 0.0, 0.0, 1.0 ], [ 0.5, 0.809017, -0.309017, 0.0, -0.809017, 0.309017, -0.5, 0.0, -0.309017, 0.5, 0.809017, 0.0, 0.0, 0.0, 0.0, 1.0 ], [ 0.309017, -0.5, -0.809017, 0.0, -0.5, -0.809017, 0.309017, 0.0, -0.809017, 0.309017, -0.5, 0.0, 0.0, 0.0, 0.0, 1.0 ], [ 0.809017, -0.309017, 0.5, 0.0, -0.309017, 0.5, 0.809017, 0.0, -0.5, -0.809017, 0.309017, 0.0, 0.0, 0.0, 0.0, 1.0 ], [ 0.809017, 0.309017, -0.5, 0.0, -0.309017, -0.5, -0.809017, 0.0, -0.5, 0.809017, -0.309017, 0.0, 0.0, 0.0, 0.0, 1.0 ], [ 0.5, -0.809017, 0.309017, 0.0, -0.809017, -0.309017, 0.5, 0.0, -0.309017, -0.5, -0.809017, 0.0, 0.0, 0.0, 0.0, 1.0 ], [ 0.309017, 0.5, 0.809017, 0.0, -0.5, 0.809017, -0.309017, 0.0, -0.809017, -0.309017, 0.5, 0.0, 0.0, 0.0, 0.0, 1.0 ], [ -1.0, 0.0, 0.0, 0.0, 0.0, -1.0, 0.0, 0.0, 0.0, 0.0, 1.0, 0.0, 0.0, 0.0, 0.0, 1.0 ], [ 0.0, 0.0, -1.0, 0.0, -1.0, 0.0, 0.0, 0.0, 0.0, 1.0, 0.0, 0.0, 0.0, 0.0, 0.0, 1.0 ], [ 0.0, -1.0, 0.0, 0.0, 0.0, 0.0, -1.0, 0.0, 1.0, 0.0, 0.0, 0.0, 0.0, 0.0, 0.0, 1.0 ], [ -0.809017, -0.309017, -0.5, 0.0, -0.309017, -0.5, 0.809017, 0.0, -0.5, 0.809017, 0.309017, 0.0, 0.0, 0.0, 0.0, 1.0 ], [ 0.5, -0.809017, -0.309017, 0.0, -0.809017, -0.309017, -0.5, 0.0, 0.309017, 0.5, -0.809017, 0.0, 0.0, 0.0, 0.0, 1.0 ], [ -0.309017, -0.5, 0.809017, 0.0, 0.5, -0.809017, -0.309017, 0.0, 0.809017, 0.309017, 0.5, 0.0, 0.0, 0.0, 0.0, 1.0 ], [ -0.5, -0.809017, -0.309017, 0.0, -0.809017, 0.309017, 0.5, 0.0, -0.309017, 0.5, -0.809017, 0.0, 0.0, 0.0, 0.0, 1.0 ], [ 0.309017, -0.5, 0.809017, 0.0, -0.5, -0.809017, -0.309017, 0.0, 0.809017, -0.309017, -0.5, 0.0, 0.0, 0.0, 0.0, 1.0 ], [ -0.809017, 0.309017, 0.5, 0.0, 0.309017, -0.5, 0.809017, 0.0, 0.5, 0.809017, 0.309017, 0.0, 0.0, 0.0, 0.0, 1.0 ], [ -0.5, -0.809017, 0.309017, 0.0, -0.809017, 0.309017, -0.5, 0.0, 0.309017, -0.5, -0.809017, 0.0, 0.0, 0.0, 0.0, 1.0 ], [ -0.309017, 0.5, 0.809017, 0.0, -0.5, -0.809017, 0.309017, 0.0, 0.809017, -0.309017, 0.5, 0.0, 0.0, 0.0, 0.0, 1.0 ], [ -0.809017, 0.309017, -0.5, 0.0, -0.309017, 0.5, 0.809017, 0.0, 0.5, 0.809017, -0.309017, 0.0, 0.0, 0.0, 0.0, 1.0 ], [ -0.809017, -0.309017, 0.5, 0.0, -0.309017, -0.5, -0.809017, 0.0, 0.5, -0.809017, 0.309017, 0.0, 0.0, 0.0, 0.0, 1.0 ], [ -0.5, 0.809017, -0.309017, 0.0, -0.809017, -0.309017, 0.5, 0.0, 0.309017, 0.5, 0.809017, 0.0, 0.0, 0.0, 0.0, 1.0 ], [ -0.309017, -0.5, -0.809017, 0.0, -0.5, 0.809017, -0.309017, 0.0, 0.809017, 0.309017, -0.5, 0.0, 0.0, 0.0, 0.0, 1.0 ], [ -1.0, 0.0, 0.0, 0.0, 0.0, 1.0, 0.0, 0.0, 0.0, 0.0, -1.0, 0.0, 0.0, 0.0, 0.0, 1.0 ], [ 0.0, 0.0, -1.0, 0.0, 1.0, 0.0, 0.0, 0.0, 0.0, -1.0, 0.0, 0.0, 0.0, 0.0, 0.0, 1.0 ], [ 0.0, -1.0, 0.0, 0.0, 0.0, 0.0, 1.0, 0.0, -1.0, 0.0, 0.0, 0.0, 0.0, 0.0, 0.0, 1.0 ], [ -0.809017, -0.309017, -0.5, 0.0, 0.309017, 0.5, -0.809017, 0.0, 0.5, -0.809017, -0.309017, 0.0, 0.0, 0.0, 0.0, 1.0 ], [ 0.5, -0.809017, -0.309017, 0.0, 0.809017, 0.309017, 0.5, 0.0, -0.309017, -0.5, 0.809017, 0.0, 0.0, 0.0, 0.0, 1.0 ], [ -0.309017, -0.5, 0.809017, 0.0, -0.5, 0.809017, 0.309017, 0.0, -0.809017, -0.309017, -0.5, 0.0, 0.0, 0.0, 0.0, 1.0 ], [ -0.5, -0.809017, -0.309017, 0.0, 0.809017, -0.309017, -0.5, 0.0, 0.309017, -0.5, 0.809017, 0.0, 0.0, 0.0, 0.0, 1.0 ], [ 0.309017, -0.5, 0.809017, 0.0, 0.5, 0.809017, 0.309017, 0.0, -0.809017, 0.309017, 0.5, 0.0, 0.0, 0.0, 0.0, 1.0 ], [ -0.809017, 0.309017, 0.5, 0.0, -0.309017, 0.5, -0.809017, 0.0, -0.5, -0.809017, -0.309017, 0.0, 0.0, 0.0, 0.0, 1.0 ], [ -0.5, -0.809017, 0.309017, 0.0, 0.809017, -0.309017, 0.5, 0.0, -0.309017, 0.5, 0.809017, 0.0, 0.0, 0.0, 0.0, 1.0 ], [ -0.309017, 0.5, 0.809017, 0.0, 0.5, 0.809017, -0.309017, 0.0, -0.809017, 0.309017, -0.5, 0.0, 0.0, 0.0, 0.0, 1.0 ], [ -0.809017, 0.309017, -0.5, 0.0, 0.309017, -0.5, -0.809017, 0.0, -0.5, -0.809017, 0.309017, 0.0, 0.0, 0.0, 0.0, 1.0 ], [ -0.809017, -0.309017, 0.5, 0.0, 0.309017, 0.5, 0.809017, 0.0, -0.5, 0.809017, -0.309017, 0.0, 0.0, 0.0, 0.0, 1.0 ], [ -0.5, 0.809017, -0.309017, 0.0, 0.809017, 0.309017, -0.5, 0.0, -0.309017, -0.5, -0.809017, 0.0, 0.0, 0.0, 0.0, 1.0 ], [ -0.309017, -0.5, -0.809017, 0.0, 0.5, -0.809017, 0.309017, 0.0, -0.809017, -0.309017, 0.5, 0.0, 0.0, 0.0, 0.0, 1.0 ] ],
  "lights" : {
    "backgroundColor" : "#AFC8DC",
    "ambientColor" : "#292929",
    "directionalLights" : [ {
      "direction" : [ 1.0, -1.0, -1.0 ],
      "color" : "#EBEBE4"
    }, {
      "direction" : [ -1.0, 0.0, 0.0 ],
      "color" : "#E4E4EB"
    }, {
      "direction" : [ 0.0, 0.0, -1.0 ],
      "color" : "#1E1E1E"
    } ]
  },
  "camera" : {
    "lookAtPoint" : {
      "x" : 0.0,
      "y" : 0.0,
      "z" : 0.0
    },
    "lookDirection" : {
      "x" : 0.0,
      "y" : 0.0,
      "z" : -1.0
    },
    "upDirection" : {
      "x" : 0.0,
      "y" : 1.0,
      "z" : 0.0
    },
    "nearClipDistance" : 0.24596056,
    "farClipDistance" : 196.7687,
    "perspective" : false,
    "fieldOfView" : 0.44262898,
    "viewDistance" : 98.384125,
    "lookAtPointRV" : {
      "x" : 0.0,
      "y" : 0.0,
      "z" : 0.0,
      "zero" : true
    },
    "lookDirectionRV" : {
      "x" : 0.0,
      "y" : 0.0,
      "z" : -1.0,
      "zero" : false
    },
    "upDirectionRV" : {
      "x" : 0.0,
      "y" : 1.0,
      "z" : 0.0,
      "zero" : false
    },
    "stereo" : false,
    "width" : 44.272865,
    "position" : {
      "x" : 0.0,
      "y" : 0.0,
      "z" : 98.384125
    }
  },
  "embedding" : [ 1.0, 0.0, 0.0, 0.0, 0.0, 1.0, 0.0, 0.0, 0.0, 0.0, 1.0, 0.0, 0.0, 0.0, 0.0, 1.0 ],
  "shapes" : [ {
    "id" : "67f31b2e-a2b0-4429-86c0-538c8d771cdc",
    "vertices" : [ {
      "x" : 0.0,
      "y" : 0.0,
      "z" : 0.0
    }, {
      "x" : 5.568232,
      "y" : -1.2487466,
      "z" : -1.1923063
    }, {
      "x" : 7.7732086,
      "y" : 1.2487466,
      "z" : -1.1923063
    }, {
      "x" : 6.6707206,
      "y" : 4.31789,
      "z" : -0.510931
    }, {
      "x" : 3.4259303,
      "y" : 4.7150636,
      "z" : 0.13170895
    } ],
    "faces" : [ {
      "vertices" : [ 0, 1, 2, 3, 4 ]
    }, {
      "vertices" : [ 0, 4, 3, 2, 1 ]
    } ]
  }, {
    "id" : "f61519cf-c59e-4fa6-80a8-ee2fdb0aaecc",
    "orbit" : "snubVertex",
    "orbitC" : "[[0,-3,-1,-1,0,2,1],[-1,-1,0,1,0,0,1]]",
    "length" : "[0,1,0,0,0,0,1]",
    "name" : "medium",
    "vertices" : [ {
      "x" : 1.820126,
      "y" : -1.916854,
      "z" : 11.368876
    }, {
      "x" : 1.9201261,
      "y" : -1.516854,
      "z" : 11.468877
    }, {
      "x" : 0.32217556,
      "y" : 0.025467476,
      "z" : 0.61688167
    }, {
      "x" : 0.22217555,
      "y" : -0.37453252,
      "z" : 0.51688164
    }, {
      "x" : 2.2201262,
      "y" : -1.6501874,
      "z" : 11.235543
    }, {
      "x" : 2.120126,
      "y" : -2.0501873,
      "z" : 11.135544
    }, {
      "x" : -0.07782444,
      "y" : -0.2411992,
      "z" : 0.750215
    }, {
      "x" : 0.022175554,
      "y" : 0.15880081,
      "z" : 0.850215
    } ],
    "faces" : [ {
      "vertices" : [ 2, 3, 6, 7 ]
    }, {
      "vertices" : [ 0, 5, 4, 1 ]
    }, {
      "vertices" : [ 2, 4, 5, 3 ]
    }, {
      "vertices" : [ 0, 6, 3, 5 ]
    }, {
      "vertices" : [ 0, 1, 7, 6 ]
    }, {
      "vertices" : [ 1, 4, 2, 7 ]
    } ]
  }, {
    "id" : "c69211a7-e22a-4ac7-a8ef-ed8eb71583e0",
    "name" : "ball",
    "vertices" : [ {
      "x" : 0.309017,
      "y" : -0.309017,
      "z" : -0.309017
    }, {
      "x" : 0.5,
      "y" : 0.0,
      "z" : -0.19098301
    }, {
      "x" : 0.5,
      "y" : 0.0,
      "z" : 0.19098301
    }, {
      "x" : 0.309017,
      "y" : -0.309017,
      "z" : 0.309017
    }, {
      "x" : 0.19098301,
      "y" : -0.5,
      "z" : 0.0
    }, {
      "x" : 0.0,
      "y" : 0.19098301,
      "z" : 0.5
    }, {
      "x" : 0.0,
      "y" : -0.19098301,
      "z" : 0.5
    }, {
      "x" : 0.309017,
      "y" : 0.309017,
      "z" : 0.309017
    }, {
      "x" : -0.309017,
      "y" : -0.309017,
      "z" : 0.309017
    }, {
      "x" : -0.309017,
      "y" : 0.309017,
      "z" : 0.309017
    }, {
      "x" : -0.5,
      "y" : 0.0,
      "z" : 0.19098301
    }, {
      "x" : 0.0,
      "y" : -0.19098301,
      "z" : -0.5
    }, {
      "x" : 0.0,
      "y" : 0.19098301,
      "z" : -0.5
    }, {
      "x" : 0.309017,
      "y" : 0.309017,
      "z" : -0.309017
    }, {
      "x" : -0.309017,
      "y" : -0.309017,
      "z" : -0.309017
    }, {
      "x" : -0.19098301,
      "y" : -0.5,
      "z" : 0.0
    }, {
      "x" : -0.5,
      "y" : 0.0,
      "z" : -0.19098301
    }, {
      "x" : 0.19098301,
      "y" : 0.5,
      "z" : 0.0
    }, {
      "x" : -0.309017,
      "y" : 0.309017,
      "z" : -0.309017
    }, {
      "x" : 0.0,
      "y" : 0.0,
      "z" : 0.0
    }, {
      "x" : -0.19098301,
      "y" : 0.5,
      "z" : 0.0
    } ],
    "faces" : [ {
      "vertices" : [ 12, 18, 20, 17, 13 ]
    }, {
      "vertices" : [ 3, 6, 8, 15, 4 ]
    }, {
      "vertices" : [ 0, 11, 12, 13, 1 ]
    }, {
      "vertices" : [ 5, 9, 10, 8, 6 ]
    }, {
      "vertices" : [ 2, 7, 5, 6, 3 ]
    }, {
      "vertices" : [ 11, 14, 16, 18, 12 ]
    }, {
      "vertices" : [ 1, 13, 17, 7, 2 ]
    }, {
      "vertices" : [ 9, 20, 18, 16, 10 ]
    }, {
      "vertices" : [ 0, 1, 2, 3, 4 ]
    }, {
      "vertices" : [ 5, 7, 17, 20, 9 ]
    }, {
      "vertices" : [ 0, 4, 15, 14, 11 ]
    }, {
      "vertices" : [ 8, 10, 16, 14, 15 ]
    } ]
  }, {
    "id" : "30a401df-cd9a-444c-9762-d37674bdd480",
    "orbit" : "snubTriangle",
    "orbitC" : "[[72,9,4,36,-48,-6,71],[135,-63,-28,32,-90,42,71]]",
    "length" : "[18,27,0,0,-6,-9,2]",
    "name" : " :9 +27/2*phi -3*xi^2 -9/2*phi*xi^2",
    "vertices" : [ {
      "x" : 0.072024114,
      "y" : -3.349689,
      "z" : -3.8109982
    }, {
      "x" : -0.32797587,
      "y" : -3.249689,
      "z" : -3.7109983
    }, {
      "x" : -0.293551,
      "y" : -0.5764762,
      "z" : -0.33669388
    }, {
      "x" : 0.106449015,
      "y" : -0.67647624,
      "z" : -0.43669388
    }, {
      "x" : -0.46130922,
      "y" : -3.549689,
      "z" : -3.477665
    }, {
      "x" : -0.06130922,
      "y" : -3.649689,
      "z" : -3.5776649
    }, {
      "x" : 0.23978235,
      "y" : -0.37647623,
      "z" : -0.6700272
    }, {
      "x" : -0.16021766,
      "y" : -0.27647623,
      "z" : -0.57002723
    } ],
    "faces" : [ {
      "vertices" : [ 2, 3, 6, 7 ]
    }, {
      "vertices" : [ 0, 5, 4, 1 ]
    }, {
      "vertices" : [ 2, 4, 5, 3 ]
    }, {
      "vertices" : [ 0, 6, 3, 5 ]
    }, {
      "vertices" : [ 0, 1, 7, 6 ]
    }, {
      "vertices" : [ 1, 4, 2, 7 ]
    } ]
  }, {
    "id" : "f8270739-b538-4ff8-837f-2e2a2a48b5d8",
    "orbit" : "snubPentagon",
    "orbitC" : "[[-38,23,6,-4,20,-12,1],[23,-15,-4,2,-12,8,1]]",
    "length" : "[18,27,0,0,-6,-9,2]",
    "name" : " :9 +27/2*phi -3*xi^2 -9/2*phi*xi^2",
    "vertices" : [ {
      "x" : 0.7308558,
      "y" : 0.76681167,
      "z" : 4.948251
    }, {
      "x" : 0.33085582,
      "y" : 0.8668117,
      "z" : 5.0482507
    }, {
      "x" : -0.04948053,
      "y" : 0.33567667,
      "z" : 0.6183862
    }, {
      "x" : 0.35051948,
      "y" : 0.23567668,
      "z" : 0.5183862
    }, {
      "x" : 0.46418914,
      "y" : 1.1668117,
      "z" : 4.814917
    }, {
      "x" : 0.86418915,
      "y" : 1.0668117,
      "z" : 4.714917
    }, {
      "x" : 0.21718614,
      "y" : -0.06432332,
      "z" : 0.75171953
    }, {
      "x" : -0.18281387,
      "y" : 0.035676684,
      "z" : 0.85171956
    } ],
    "faces" : [ {
      "vertices" : [ 2, 3, 6, 7 ]
    }, {
      "vertices" : [ 0, 5, 4, 1 ]
    }, {
      "vertices" : [ 2, 4, 5, 3 ]
    }, {
      "vertices" : [ 0, 6, 3, 5 ]
    }, {
      "vertices" : [ 0, 1, 7, 6 ]
    }, {
      "vertices" : [ 1, 4, 2, 7 ]
    } ]
  }, {
    "id" : "55387fa7-2af0-4adf-8b0c-cf7537d0cae4",
    "orbit" : "snubDiagonal",
    "orbitC" : "[[4,5,-18,16,-20,8,11],[21,-15,-34,18,-28,20,11]]",
    "length" : "[18,27,0,0,-6,-9,2]",
    "name" : " :9 +27/2*phi -3*xi^2 -9/2*phi*xi^2",
    "vertices" : [ {
      "x" : 3.8283002,
      "y" : -3.1210558,
      "z" : 0.13333334
    }, {
      "x" : 3.9283004,
      "y" : -3.221056,
      "z" : -0.26666668
    }, {
      "x" : 0.45630294,
      "y" : -0.6617173,
      "z" : -0.13333334
    }, {
      "x" : 0.35630295,
      "y" : -0.5617173,
      "z" : 0.26666668
    }, {
      "x" : 3.694967,
      "y" : -3.521056,
      "z" : -0.13333334
    }, {
      "x" : 3.5949671,
      "y" : -3.4210558,
      "z" : 0.26666668
    }, {
      "x" : 0.58963627,
      "y" : -0.2617173,
      "z" : 0.13333334
    }, {
      "x" : 0.6896363,
      "y" : -0.36171728,
      "z" : -0.26666668
    } ],
    "faces" : [ {
      "vertices" : [ 2, 3, 6, 7 ]
    }, {
      "vertices" : [ 0, 5, 4, 1 ]
    }, {
      "vertices" : [ 2, 4, 5, 3 ]
    }, {
      "vertices" : [ 0, 6, 3, 5 ]
    }, {
      "vertices" : [ 0, 1, 7, 6 ]
    }, {
      "vertices" : [ 1, 4, 2, 7 ]
    } ]
  } ],
  "instances" : [ {
    "shape" : "67f31b2e-a2b0-4429-86c0-538c8d771cdc",
    "color" : "#E5E57F",
    "position" : {
      "x" : -10.793452,
      "y" : -6.6707206,
      "z" : 0.0
    },
    "orientation" : 26
  }, {
    "shape" : "f61519cf-c59e-4fa6-80a8-ee2fdb0aaecc",
    "color" : "#CCCC00",
    "position" : {
      "x" : 6.3051176,
      "y" : 4.8441916,
      "z" : 9.412996
    },
    "orientation" : 58
  }, {
    "shape" : "c69211a7-e22a-4ac7-a8ef-ed8eb71583e0",
    "color" : "#F2F2F2",
    "position" : {
      "x" : -9.412996,
      "y" : 5.2653046,
      "z" : 5.486831
    }
  }, {
    "shape" : "30a401df-cd9a-444c-9762-d37674bdd480",
    "color" : "#57BC30",
    "position" : {
      "x" : -9.980368,
      "y" : 1.1024884,
      "z" : -7.141567
    },
    "orientation" : 50
  }, {
    "shape" : "f8270739-b538-4ff8-837f-2e2a2a48b5d8",
    "color" : "#BB3930",
    "position" : {
      "x" : -3.24479,
      "y" : -3.6752503,
      "z" : -11.304383
    },
    "orientation" : 10
  }, {
    "shape" : "30a401df-cd9a-444c-9762-d37674bdd480",
    "color" : "#57BC30",
    "position" : {
      "x" : -1.8913866,
      "y" : 11.985759,
      "z" : -2.1423016
    },
    "orientation" : 55
  }, {
    "shape" : "c69211a7-e22a-4ac7-a8ef-ed8eb71583e0",
    "color" : "#F2F2F2",
    "position" : {
      "x" : -10.793452,
      "y" : -6.6707206,
      "z" : 0.0
    }
  }, {
    "shape" : "c69211a7-e22a-4ac7-a8ef-ed8eb71583e0",
    "color" : "#F2F2F2",
    "position" : {
      "x" : -7.270695,
      "y" : 8.731622,
      "z" : -4.162816
    }
  }, {
    "shape" : "f8270739-b538-4ff8-837f-2e2a2a48b5d8",
    "color" : "#BB3930",
    "position" : {
      "x" : -6.3051176,
      "y" : 4.8441916,
      "z" : -9.412996
    },
    "orientation" : 37
  }, {
    "shape" : "c69211a7-e22a-4ac7-a8ef-ed8eb71583e0",
    "color" : "#F2F2F2",
    "position" : {
      "x" : -8.088982,
      "y" : 4.162816,
      "z" : 8.310509
    }
  }, {
    "shape" : "30a401df-cd9a-444c-9762-d37674bdd480",
    "color" : "#57BC30",
    "position" : {
      "x" : 6.3051176,
      "y" : 4.8441916,
      "z" : 9.412996
    },
    "orientation" : 8
  }, {
    "shape" : "30a401df-cd9a-444c-9762-d37674bdd480",
    "color" : "#57BC30",
    "position" : {
      "x" : -8.088982,
      "y" : 4.162816,
      "z" : 8.310509
    },
    "orientation" : 32
  }, {
    "shape" : "c69211a7-e22a-4ac7-a8ef-ed8eb71583e0",
    "color" : "#F2F2F2",
    "position" : {
      "x" : -11.985759,
      "y" : 1.1024884,
      "z" : 1.2487466
    }
  }, {
    "shape" : "55387fa7-2af0-4adf-8b0c-cf7537d0cae4",
    "color" : "#B2B27F",
    "position" : {
      "x" : -4.8441916,
      "y" : 9.412996,
      "z" : -6.3051176
    },
    "orientation" : 42
  }, {
    "shape" : "c69211a7-e22a-4ac7-a8ef-ed8eb71583e0",
    "color" : "#F2F2F2",
    "position" : {
      "x" : 1.1024884,
      "y" : 1.2487466,
      "z" : -11.985759
    }
  }, {
    "shape" : "f8270739-b538-4ff8-837f-2e2a2a48b5d8",
    "color" : "#BB3930",
    "position" : {
      "x" : -4.8441916,
      "y" : 9.412996,
      "z" : -6.3051176
    },
    "orientation" : 21
  }, {
    "shape" : "55387fa7-2af0-4adf-8b0c-cf7537d0cae4",
    "color" : "#B2B27F",
    "position" : {
      "x" : 3.24479,
      "y" : 3.6752503,
      "z" : -11.304383
    },
    "orientation" : 51
  }, {
    "shape" : "67f31b2e-a2b0-4429-86c0-538c8d771cdc",
    "color" : "#E5E57F",
    "position" : {
      "x" : 10.793452,
      "y" : 6.6707206,
      "z" : 0.0
    },
    "orientation" : 44
  }, {
    "shape" : "f8270739-b538-4ff8-837f-2e2a2a48b5d8",
    "color" : "#BB3930",
    "position" : {
      "x" : -8.310509,
      "y" : 8.088982,
      "z" : 4.162816
    },
    "orientation" : 28
  }, {
    "shape" : "55387fa7-2af0-4adf-8b0c-cf7537d0cae4",
    "color" : "#B2B27F",
    "position" : {
      "x" : 11.985759,
      "y" : -2.1423016,
      "z" : -1.8913866
    },
    "orientation" : 46
  }, {
    "shape" : "f61519cf-c59e-4fa6-80a8-ee2fdb0aaecc",
    "color" : "#CCCC00",
    "position" : {
      "x" : 4.8441916,
      "y" : 9.412996,
      "z" : 6.3051176
    },
    "orientation" : 27
  }, {
    "shape" : "c69211a7-e22a-4ac7-a8ef-ed8eb71583e0",
    "color" : "#F2F2F2",
    "position" : {
      "x" : 5.2653046,
      "y" : -5.486831,
      "z" : 9.412996
    }
  }, {
    "shape" : "30a401df-cd9a-444c-9762-d37674bdd480",
    "color" : "#57BC30",
    "position" : {
      "x" : -3.24479,
      "y" : -3.6752503,
      "z" : -11.304383
    },
    "orientation" : 59
  }, {
    "shape" : "f8270739-b538-4ff8-837f-2e2a2a48b5d8",
    "color" : "#BB3930",
    "position" : {
      "x" : 4.8441916,
      "y" : -9.412996,
      "z" : -6.3051176
    },
    "orientation" : 51
  }, {
    "shape" : "f61519cf-c59e-4fa6-80a8-ee2fdb0aaecc",
    "color" : "#CCCC00",
    "position" : {
      "x" : 4.162816,
      "y" : 8.310509,
      "z" : -8.088982
    },
    "orientation" : 24
  }, {
    "shape" : "67f31b2e-a2b0-4429-86c0-538c8d771cdc",
    "color" : "#E5E57F",
    "position" : {
      "x" : 0.0,
      "y" : 10.793452,
      "z" : 6.6707206
    },
    "orientation" : 34
  }, {
    "shape" : "c69211a7-e22a-4ac7-a8ef-ed8eb71583e0",
    "color" : "#F2F2F2",
    "position" : {
      "x" : 0.0,
      "y" : 4.31789,
      "z" : 11.304383
    }
  }, {
    "shape" : "c69211a7-e22a-4ac7-a8ef-ed8eb71583e0",
    "color" : "#F2F2F2",
    "position" : {
      "x" : -9.412996,
      "y" : 6.3051176,
      "z" : -4.8441916
    }
  }, {
    "shape" : "c69211a7-e22a-4ac7-a8ef-ed8eb71583e0",
    "color" : "#F2F2F2",
    "position" : {
      "x" : -1.1024884,
      "y" : 1.2487466,
      "z" : 11.985759
    }
  }, {
    "shape" : "c69211a7-e22a-4ac7-a8ef-ed8eb71583e0",
    "color" : "#F2F2F2",
    "position" : {
      "x" : 11.985759,
      "y" : 2.1423016,
      "z" : 1.8913866
    }
  }, {
    "shape" : "c69211a7-e22a-4ac7-a8ef-ed8eb71583e0",
    "color" : "#F2F2F2",
    "position" : {
      "x" : 9.980368,
      "y" : -2.1423016,
      "z" : 6.498927
    }
  }, {
    "shape" : "c69211a7-e22a-4ac7-a8ef-ed8eb71583e0",
    "color" : "#F2F2F2",
    "position" : {
      "x" : 4.162816,
      "y" : -7.270695,
      "z" : -8.731622
    }
  }, {
    "shape" : "f8270739-b538-4ff8-837f-2e2a2a48b5d8",
    "color" : "#BB3930",
    "position" : {
      "x" : 2.1423016,
      "y" : -1.8913866,
      "z" : -11.985759
    },
    "orientation" : 2
  }, {
    "shape" : "55387fa7-2af0-4adf-8b0c-cf7537d0cae4",
    "color" : "#B2B27F",
    "position" : {
      "x" : 1.1024884,
      "y" : -7.141567,
      "z" : -9.980368
    },
    "orientation" : 49
  }, {
    "shape" : "c69211a7-e22a-4ac7-a8ef-ed8eb71583e0",
    "color" : "#F2F2F2",
    "position" : {
      "x" : -8.731622,
      "y" : 4.162816,
      "z" : -7.270695
    }
  }, {
    "shape" : "55387fa7-2af0-4adf-8b0c-cf7537d0cae4",
    "color" : "#B2B27F",
    "position" : {
      "x" : -2.1423016,
      "y" : 1.8913866,
      "z" : -11.985759
    },
    "orientation" : 0
  }, {
    "shape" : "c69211a7-e22a-4ac7-a8ef-ed8eb71583e0",
    "color" : "#F2F2F2",
    "position" : {
      "x" : -5.486831,
      "y" : 9.412996,
      "z" : 5.2653046
    }
  }, {
    "shape" : "67f31b2e-a2b0-4429-86c0-538c8d771cdc",
    "color" : "#E5E57F",
    "position" : {
      "x" : -6.6707206,
      "y" : 0.0,
      "z" : 10.793452
    },
    "orientation" : 15
  }, {
    "shape" : "55387fa7-2af0-4adf-8b0c-cf7537d0cae4",
    "color" : "#B2B27F",
    "position" : {
      "x" : -4.8441916,
      "y" : -9.412996,
      "z" : 6.3051176
    },
    "orientation" : 57
  }, {
    "shape" : "c69211a7-e22a-4ac7-a8ef-ed8eb71583e0",
    "color" : "#F2F2F2",
    "position" : {
      "x" : 2.1423016,
      "y" : 6.498927,
      "z" : -9.980368
    }
  }, {
    "shape" : "c69211a7-e22a-4ac7-a8ef-ed8eb71583e0",
    "color" : "#F2F2F2",
    "position" : {
      "x" : 10.793452,
      "y" : -6.6707206,
      "z" : 0.0
    }
  }, {
    "shape" : "30a401df-cd9a-444c-9762-d37674bdd480",
    "color" : "#57BC30",
    "position" : {
      "x" : 11.985759,
      "y" : -2.1423016,
      "z" : -1.8913866
    },
    "orientation" : 24
  }, {
    "shape" : "c69211a7-e22a-4ac7-a8ef-ed8eb71583e0",
    "color" : "#F2F2F2",
    "position" : {
      "x" : -4.7150636,
      "y" : 10.661743,
      "z" : -3.24479
    }
  }, {
    "shape" : "55387fa7-2af0-4adf-8b0c-cf7537d0cae4",
    "color" : "#B2B27F",
    "position" : {
      "x" : 1.1024884,
      "y" : 7.141567,
      "z" : 9.980368
    },
    "orientation" : 34
  }, {
    "shape" : "c69211a7-e22a-4ac7-a8ef-ed8eb71583e0",
    "color" : "#F2F2F2",
    "position" : {
      "x" : -11.985759,
      "y" : 2.1423016,
      "z" : -1.8913866
    }
  }, {
    "shape" : "30a401df-cd9a-444c-9762-d37674bdd480",
    "color" : "#57BC30",
    "position" : {
      "x" : 1.8913866,
      "y" : -11.985759,
      "z" : -2.1423016
    },
    "orientation" : 25
  }, {
    "shape" : "c69211a7-e22a-4ac7-a8ef-ed8eb71583e0",
    "color" : "#F2F2F2",
    "position" : {
      "x" : -6.986493,
      "y" : -6.986493,
      "z" : -6.986493
    }
  }, {
    "shape" : "f61519cf-c59e-4fa6-80a8-ee2fdb0aaecc",
    "color" : "#CCCC00",
    "position" : {
      "x" : 3.6752503,
      "y" : -11.304383,
      "z" : 3.24479
    },
    "orientation" : 23
  }, {
    "shape" : "c69211a7-e22a-4ac7-a8ef-ed8eb71583e0",
    "color" : "#F2F2F2",
    "position" : {
      "x" : -5.486831,
      "y" : -9.412996,
      "z" : -5.2653046
    }
  }, {
    "shape" : "f8270739-b538-4ff8-837f-2e2a2a48b5d8",
    "color" : "#BB3930",
    "position" : {
      "x" : -4.162816,
      "y" : -8.310509,
      "z" : -8.088982
    },
    "orientation" : 14
  }, {
    "shape" : "67f31b2e-a2b0-4429-86c0-538c8d771cdc",
    "color" : "#E5E57F",
    "position" : {
      "x" : 10.793452,
      "y" : -6.6707206,
      "z" : 0.0
    },
    "orientation" : 46
  }, {
    "shape" : "c69211a7-e22a-4ac7-a8ef-ed8eb71583e0",
    "color" : "#F2F2F2",
    "position" : {
      "x" : 11.985759,
      "y" : 1.1024884,
      "z" : -1.2487466
    }
  }, {
    "shape" : "c69211a7-e22a-4ac7-a8ef-ed8eb71583e0",
    "color" : "#F2F2F2",
    "position" : {
      "x" : 3.6752503,
      "y" : 11.304383,
      "z" : -3.24479
    }
  }, {
    "shape" : "f61519cf-c59e-4fa6-80a8-ee2fdb0aaecc",
    "color" : "#CCCC00",
    "position" : {
      "x" : 6.3051176,
      "y" : -4.8441916,
      "z" : -9.412996
    },
    "orientation" : 43
  }, {
    "shape" : "f8270739-b538-4ff8-837f-2e2a2a48b5d8",
    "color" : "#BB3930",
    "position" : {
      "x" : 7.141567,
      "y" : -9.980368,
      "z" : -1.1024884
    },
    "orientation" : 4
  }, {
    "shape" : "55387fa7-2af0-4adf-8b0c-cf7537d0cae4",
    "color" : "#B2B27F",
    "position" : {
      "x" : -11.304383,
      "y" : 3.24479,
      "z" : 3.6752503
    },
    "orientation" : 37
  }, {
    "shape" : "c69211a7-e22a-4ac7-a8ef-ed8eb71583e0",
    "color" : "#F2F2F2",
    "position" : {
      "x" : 5.2653046,
      "y" : 5.486831,
      "z" : -9.412996
    }
  }, {
    "shape" : "55387fa7-2af0-4adf-8b0c-cf7537d0cae4",
    "color" : "#B2B27F",
    "position" : {
      "x" : -11.985759,
      "y" : 2.1423016,
      "z" : -1.8913866
    },
    "orientation" : 16
  }, {
    "shape" : "f8270739-b538-4ff8-837f-2e2a2a48b5d8",
    "color" : "#BB3930",
    "position" : {
      "x" : -1.1024884,
      "y" : 7.141567,
      "z" : -9.980368
    },
    "orientation" : 5
  }, {
    "shape" : "c69211a7-e22a-4ac7-a8ef-ed8eb71583e0",
    "color" : "#F2F2F2",
    "position" : {
      "x" : -10.661743,
      "y" : 3.24479,
      "z" : -4.7150636
    }
  }, {
    "shape" : "c69211a7-e22a-4ac7-a8ef-ed8eb71583e0",
    "color" : "#F2F2F2",
    "position" : {
      "x" : -8.310509,
      "y" : 8.088982,
      "z" : 4.162816
    }
  }, {
    "shape" : "30a401df-cd9a-444c-9762-d37674bdd480",
    "color" : "#57BC30",
    "position" : {
      "x" : 9.412996,
      "y" : 6.3051176,
      "z" : 4.8441916
    },
    "orientation" : 6
  }, {
    "shape" : "30a401df-cd9a-444c-9762-d37674bdd480",
    "color" : "#57BC30",
    "position" : {
      "x" : 1.1024884,
      "y" : 7.141567,
      "z" : 9.980368
    },
    "orientation" : 4
  }, {
    "shape" : "55387fa7-2af0-4adf-8b0c-cf7537d0cae4",
    "color" : "#B2B27F",
    "position" : {
      "x" : -6.3051176,
      "y" : -4.8441916,
      "z" : 9.412996
    },
    "orientation" : 28
  }, {
    "shape" : "c69211a7-e22a-4ac7-a8ef-ed8eb71583e0",
    "color" : "#F2F2F2",
    "position" : {
      "x" : 6.498927,
      "y" : -9.980368,
      "z" : 2.1423016
    }
  }, {
    "shape" : "f8270739-b538-4ff8-837f-2e2a2a48b5d8",
    "color" : "#BB3930",
    "position" : {
      "x" : 4.8441916,
      "y" : 9.412996,
      "z" : 6.3051176
    },
    "orientation" : 36
  }, {
    "shape" : "67f31b2e-a2b0-4429-86c0-538c8d771cdc",
    "color" : "#E5E57F",
    "position" : {
      "x" : 6.6707206,
      "y" : 0.0,
      "z" : -10.793452
    },
    "orientation" : 5
  }, {
    "shape" : "55387fa7-2af0-4adf-8b0c-cf7537d0cae4",
    "color" : "#B2B27F",
    "position" : {
      "x" : -2.1423016,
      "y" : -1.8913866,
      "z" : 11.985759
    },
    "orientation" : 15
  }, {
    "shape" : "f8270739-b538-4ff8-837f-2e2a2a48b5d8",
    "color" : "#BB3930",
    "position" : {
      "x" : -8.088982,
      "y" : -4.162816,
      "z" : -8.310509
    },
    "orientation" : 12
  }, {
    "shape" : "67f31b2e-a2b0-4429-86c0-538c8d771cdc",
    "color" : "#E5E57F",
    "position" : {
      "x" : 0.0,
      "y" : 10.793452,
      "z" : -6.6707206
    },
    "orientation" : 24
  }, {
    "shape" : "30a401df-cd9a-444c-9762-d37674bdd480",
    "color" : "#57BC30",
    "position" : {
      "x" : -9.412996,
      "y" : -6.3051176,
      "z" : 4.8441916
    },
    "orientation" : 36
  }, {
    "shape" : "c69211a7-e22a-4ac7-a8ef-ed8eb71583e0",
    "color" : "#F2F2F2",
    "position" : {
      "x" : 9.412996,
      "y" : 5.2653046,
      "z" : -5.486831
    }
  }, {
    "shape" : "c69211a7-e22a-4ac7-a8ef-ed8eb71583e0",
    "color" : "#F2F2F2",
    "position" : {
      "x" : -8.731622,
      "y" : -4.162816,
      "z" : 7.270695
    }
  }, {
    "shape" : "67f31b2e-a2b0-4429-86c0-538c8d771cdc",
    "color" : "#E5E57F",
    "position" : {
      "x" : 10.793452,
      "y" : -6.6707206,
      "z" : 0.0
    },
    "orientation" : 7
  }, {
    "shape" : "c69211a7-e22a-4ac7-a8ef-ed8eb71583e0",
    "color" : "#F2F2F2",
    "position" : {
      "x" : 1.8913866,
      "y" : 11.985759,
      "z" : 2.1423016
    }
  }, {
    "shape" : "f8270739-b538-4ff8-837f-2e2a2a48b5d8",
    "color" : "#BB3930",
    "position" : {
      "x" : -4.8441916,
      "y" : -9.412996,
      "z" : 6.3051176
    },
    "orientation" : 6
  }, {
    "shape" : "c69211a7-e22a-4ac7-a8ef-ed8eb71583e0",
    "color" : "#F2F2F2",
    "position" : {
      "x" : 1.2487466,
      "y" : 11.985759,
      "z" : -1.1024884
    }
  }, {
    "shape" : "67f31b2e-a2b0-4429-86c0-538c8d771cdc",
    "color" : "#E5E57F",
    "position" : {
      "x" : 0.0,
      "y" : 10.793452,
      "z" : -6.6707206
    },
    "orientation" : 19
  }, {
    "shape" : "c69211a7-e22a-4ac7-a8ef-ed8eb71583e0",
    "color" : "#F2F2F2",
    "position" : {
      "x" : -1.2487466,
      "y" : -11.985759,
      "z" : -1.1024884
    }
  }, {
    "shape" : "f61519cf-c59e-4fa6-80a8-ee2fdb0aaecc",
    "color" : "#CCCC00",
    "position" : {
      "x" : -4.162816,
      "y" : 8.310509,
      "z" : 8.088982
    },
    "orientation" : 39
  }, {
    "shape" : "f8270739-b538-4ff8-837f-2e2a2a48b5d8",
    "color" : "#BB3930",
    "position" : {
      "x" : 4.162816,
      "y" : 8.310509,
      "z" : -8.088982
    },
    "orientation" : 44
  }, {
    "shape" : "f61519cf-c59e-4fa6-80a8-ee2fdb0aaecc",
    "color" : "#CCCC00",
    "position" : {
      "x" : 7.141567,
      "y" : -9.980368,
      "z" : -1.1024884
    },
    "orientation" : 33
  }, {
    "shape" : "67f31b2e-a2b0-4429-86c0-538c8d771cdc",
    "color" : "#E5E57F",
    "position" : {
      "x" : 6.6707206,
      "y" : 0.0,
      "z" : 10.793452
    },
    "orientation" : 45
  }, {
    "shape" : "f61519cf-c59e-4fa6-80a8-ee2fdb0aaecc",
    "color" : "#CCCC00",
    "position" : {
      "x" : 3.24479,
      "y" : -3.6752503,
      "z" : 11.304383
    },
    "orientation" : 36
  }, {
    "shape" : "f8270739-b538-4ff8-837f-2e2a2a48b5d8",
    "color" : "#BB3930",
    "position" : {
      "x" : -7.141567,
      "y" : 9.980368,
      "z" : -1.1024884
    },
    "orientation" : 34
  }, {
    "shape" : "67f31b2e-a2b0-4429-86c0-538c8d771cdc",
    "color" : "#E5E57F",
    "position" : {
      "x" : 10.793452,
      "y" : 6.6707206,
      "z" : 0.0
    },
    "orientation" : 48
  }, {
    "shape" : "c69211a7-e22a-4ac7-a8ef-ed8eb71583e0",
    "color" : "#F2F2F2",
    "position" : {
      "x" : 7.141567,
      "y" : 9.980368,
      "z" : 1.1024884
    }
  }, {
    "shape" : "30a401df-cd9a-444c-9762-d37674bdd480",
    "color" : "#57BC30",
    "position" : {
      "x" : 8.310509,
      "y" : 8.088982,
      "z" : -4.162816
    },
    "orientation" : 0
  }, {
    "shape" : "55387fa7-2af0-4adf-8b0c-cf7537d0cae4",
    "color" : "#B2B27F",
    "position" : {
      "x" : 3.24479,
      "y" : -3.6752503,
      "z" : 11.304383
    },
    "orientation" : 36
  }, {
    "shape" : "c69211a7-e22a-4ac7-a8ef-ed8eb71583e0",
    "color" : "#F2F2F2",
    "position" : {
      "x" : -2.1423016,
      "y" : 6.498927,
      "z" : 9.980368
    }
  }, {
    "shape" : "30a401df-cd9a-444c-9762-d37674bdd480",
    "color" : "#57BC30",
    "position" : {
      "x" : -4.8441916,
      "y" : 9.412996,
      "z" : -6.3051176
    },
    "orientation" : 52
  }, {
    "shape" : "c69211a7-e22a-4ac7-a8ef-ed8eb71583e0",
    "color" : "#F2F2F2",
    "position" : {
      "x" : -11.985759,
      "y" : -1.1024884,
      "z" : -1.2487466
    }
  }, {
    "shape" : "c69211a7-e22a-4ac7-a8ef-ed8eb71583e0",
    "color" : "#F2F2F2",
    "position" : {
      "x" : 9.412996,
      "y" : 6.3051176,
      "z" : 4.8441916
    }
  }, {
    "shape" : "f8270739-b538-4ff8-837f-2e2a2a48b5d8",
    "color" : "#BB3930",
    "position" : {
      "x" : 3.24479,
      "y" : -3.6752503,
      "z" : 11.304383
    },
    "orientation" : 55
  }, {
    "shape" : "c69211a7-e22a-4ac7-a8ef-ed8eb71583e0",
    "color" : "#F2F2F2",
    "position" : {
      "x" : 6.3051176,
      "y" : 4.8441916,
      "z" : 9.412996
    }
  }, {
    "shape" : "55387fa7-2af0-4adf-8b0c-cf7537d0cae4",
    "color" : "#B2B27F",
    "position" : {
      "x" : -11.304383,
      "y" : -3.24479,
      "z" : -3.6752503
    },
    "orientation" : 52
  }, {
    "shape" : "c69211a7-e22a-4ac7-a8ef-ed8eb71583e0",
    "color" : "#F2F2F2",
    "position" : {
      "x" : 4.31789,
      "y" : -11.304383,
      "z" : 0.0
    }
  }, {
    "shape" : "55387fa7-2af0-4adf-8b0c-cf7537d0cae4",
    "color" : "#B2B27F",
    "position" : {
      "x" : -1.8913866,
      "y" : -11.985759,
      "z" : 2.1423016
    },
    "orientation" : 47
  }, {
    "shape" : "30a401df-cd9a-444c-9762-d37674bdd480",
    "color" : "#57BC30",
    "position" : {
      "x" : -8.310509,
      "y" : -8.088982,
      "z" : -4.162816
    },
    "orientation" : 30
  }, {
    "shape" : "f61519cf-c59e-4fa6-80a8-ee2fdb0aaecc",
    "color" : "#CCCC00",
    "position" : {
      "x" : 11.304383,
      "y" : 3.24479,
      "z" : -3.6752503
    },
    "orientation" : 22
  }, {
    "shape" : "f61519cf-c59e-4fa6-80a8-ee2fdb0aaecc",
    "color" : "#CCCC00",
    "position" : {
      "x" : -1.8913866,
      "y" : -11.985759,
      "z" : 2.1423016
    },
    "orientation" : 47
  }, {
    "shape" : "55387fa7-2af0-4adf-8b0c-cf7537d0cae4",
    "color" : "#B2B27F",
    "position" : {
      "x" : -9.412996,
      "y" : 6.3051176,
      "z" : -4.8441916
    },
    "orientation" : 29
  }, {
    "shape" : "f8270739-b538-4ff8-837f-2e2a2a48b5d8",
    "color" : "#BB3930",
    "position" : {
      "x" : 11.985759,
      "y" : -2.1423016,
      "z" : -1.8913866
    },
    "orientation" : 30
  }, {
    "shape" : "c69211a7-e22a-4ac7-a8ef-ed8eb71583e0",
    "color" : "#F2F2F2",
    "position" : {
      "x" : -8.088982,
      "y" : -4.162816,
      "z" : -8.310509
    }
  }, {
    "shape" : "30a401df-cd9a-444c-9762-d37674bdd480",
    "color" : "#57BC30",
    "position" : {
      "x" : -6.3051176,
      "y" : -4.8441916,
      "z" : 9.412996
    },
    "orientation" : 38
  }, {
    "shape" : "30a401df-cd9a-444c-9762-d37674bdd480",
    "color" : "#57BC30",
    "position" : {
      "x" : -9.980368,
      "y" : -1.1024884,
      "z" : 7.141567
    },
    "orientation" : 35
  }, {
    "shape" : "67f31b2e-a2b0-4429-86c0-538c8d771cdc",
    "color" : "#E5E57F",
    "position" : {
      "x" : -10.793452,
      "y" : -6.6707206,
      "z" : 0.0
    },
    "orientation" : 14
  }, {
    "shape" : "c69211a7-e22a-4ac7-a8ef-ed8eb71583e0",
    "color" : "#F2F2F2",
    "position" : {
      "x" : 6.3051176,
      "y" : -4.8441916,
      "z" : -9.412996
    }
  }, {
    "shape" : "c69211a7-e22a-4ac7-a8ef-ed8eb71583e0",
    "color" : "#F2F2F2",
    "position" : {
      "x" : 11.304383,
      "y" : 0.0,
      "z" : -4.31789
    }
  }, {
    "shape" : "30a401df-cd9a-444c-9762-d37674bdd480",
    "color" : "#57BC30",
    "position" : {
      "x" : 9.412996,
      "y" : -6.3051176,
      "z" : -4.8441916
    },
    "orientation" : 21
  }, {
    "shape" : "c69211a7-e22a-4ac7-a8ef-ed8eb71583e0",
    "color" : "#F2F2F2",
    "position" : {
      "x" : 4.162816,
      "y" : 7.270695,
      "z" : 8.731622
    }
  }, {
    "shape" : "c69211a7-e22a-4ac7-a8ef-ed8eb71583e0",
    "color" : "#F2F2F2",
    "position" : {
      "x" : 3.24479,
      "y" : 4.7150636,
      "z" : 10.661743
    }
  }, {
    "shape" : "f61519cf-c59e-4fa6-80a8-ee2fdb0aaecc",
    "color" : "#CCCC00",
    "position" : {
      "x" : -2.1423016,
      "y" : 1.8913866,
      "z" : -11.985759
    },
    "orientation" : 0
  }, {
    "shape" : "55387fa7-2af0-4adf-8b0c-cf7537d0cae4",
    "color" : "#B2B27F",
    "position" : {
      "x" : -3.6752503,
      "y" : 11.304383,
      "z" : 3.24479
    },
    "orientation" : 53
  }, {
    "shape" : "30a401df-cd9a-444c-9762-d37674bdd480",
    "color" : "#57BC30",
    "position" : {
      "x" : -11.304383,
      "y" : -3.24479,
      "z" : -3.6752503
    },
    "orientation" : 42
  }, {
    "shape" : "f8270739-b538-4ff8-837f-2e2a2a48b5d8",
    "color" : "#BB3930",
    "position" : {
      "x" : 2.1423016,
      "y" : 1.8913866,
      "z" : 11.985759
    },
    "orientation" : 17
  }, {
    "shape" : "67f31b2e-a2b0-4429-86c0-538c8d771cdc",
    "color" : "#E5E57F",
    "position" : {
      "x" : -6.6707206,
      "y" : 0.0,
      "z" : 10.793452
    },
    "orientation" : 6
  }, {
    "shape" : "f8270739-b538-4ff8-837f-2e2a2a48b5d8",
    "color" : "#BB3930",
    "position" : {
      "x" : -8.310509,
      "y" : -8.088982,
      "z" : -4.162816
    },
    "orientation" : 13
  }, {
    "shape" : "f61519cf-c59e-4fa6-80a8-ee2fdb0aaecc",
    "color" : "#CCCC00",
    "position" : {
      "x" : -8.088982,
      "y" : -4.162816,
      "z" : -8.310509
    },
    "orientation" : 40
  }, {
    "shape" : "30a401df-cd9a-444c-9762-d37674bdd480",
    "color" : "#57BC30",
    "position" : {
      "x" : 7.141567,
      "y" : -9.980368,
      "z" : -1.1024884
    },
    "orientation" : 18
  }, {
    "shape" : "30a401df-cd9a-444c-9762-d37674bdd480",
    "color" : "#57BC30",
    "position" : {
      "x" : -7.141567,
      "y" : -9.980368,
      "z" : 1.1024884
    },
    "orientation" : 33
  }, {
    "shape" : "c69211a7-e22a-4ac7-a8ef-ed8eb71583e0",
    "color" : "#F2F2F2",
    "position" : {
      "x" : -3.6752503,
      "y" : -11.304383,
      "z" : -3.24479
    }
  }, {
    "shape" : "c69211a7-e22a-4ac7-a8ef-ed8eb71583e0",
    "color" : "#F2F2F2",
    "position" : {
      "x" : 0.0,
      "y" : 10.793452,
      "z" : 6.6707206
    }
  }, {
    "shape" : "30a401df-cd9a-444c-9762-d37674bdd480",
    "color" : "#57BC30",
    "position" : {
      "x" : 4.162816,
      "y" : -8.310509,
      "z" : 8.088982
    },
    "orientation" : 31
  }, {
    "shape" : "f61519cf-c59e-4fa6-80a8-ee2fdb0aaecc",
    "color" : "#CCCC00",
    "position" : {
      "x" : 9.980368,
      "y" : 1.1024884,
      "z" : 7.141567
    },
    "orientation" : 20
  }, {
    "shape" : "f8270739-b538-4ff8-837f-2e2a2a48b5d8",
    "color" : "#BB3930",
    "position" : {
      "x" : 3.24479,
      "y" : 3.6752503,
      "z" : -11.304383
    },
    "orientation" : 40
  }, {
    "shape" : "67f31b2e-a2b0-4429-86c0-538c8d771cdc",
    "color" : "#E5E57F",
