{
  "field" : "golden",
  "symmetry" : "icosahedral",
  "orientations" : [ [ 1.0, 0.0, 0.0, 0.0, 0.0, 1.0, 0.0, 0.0, 0.0, 0.0, 1.0, 0.0, 0.0, 0.0, 0.0, 1.0 ], [ 0.0, 0.0, 1.0, 0.0, 1.0, 0.0, 0.0, 0.0, 0.0, 1.0, 0.0, 0.0, 0.0, 0.0, 0.0, 1.0 ], [ 0.0, 1.0, 0.0, 0.0, 0.0, 0.0, 1.0, 0.0, 1.0, 0.0, 0.0, 0.0, 0.0, 0.0, 0.0, 1.0 ], [ 0.809017, 0.309017, 0.5, 0.0, 0.309017, 0.5, -0.809017, 0.0, -0.5, 0.809017, 0.309017, 0.0, 0.0, 0.0, 0.0, 1.0 ], [ -0.5, 0.809017, 0.309017, 0.0, 0.809017, 0.309017, 0.5, 0.0, 0.309017, 0.5, -0.809017, 0.0, 0.0, 0.0, 0.0, 1.0 ], [ 0.309017, 0.5, -0.809017, 0.0, -0.5, 0.809017, 0.309017, 0.0, 0.809017, 0.309017, 0.5, 0.0, 0.0, 0.0, 0.0, 1.0 ], [ 0.5, 0.809017, 0.309017, 0.0, 0.809017, -0.309017, -0.5, 0.0, -0.309017, 0.5, -0.809017, 0.0, 0.0, 0.0, 0.0, 1.0 ], [ -0.309017, 0.5, -0.809017, 0.0, 0.5, 0.809017, 0.309017, 0.0, 0.809017, -0.309017, -0.5, 0.0, 0.0, 0.0, 0.0, 1.0 ], [ 0.809017, -0.309017, -0.5, 0.0, -0.309017, 0.5, -0.809017, 0.0, 0.5, 0.809017, 0.309017, 0.0, 0.0, 0.0, 0.0, 1.0 ], [ 0.5, 0.809017, -0.309017, 0.0, 0.809017, -0.309017, 0.5, 0.0, 0.309017, -0.5, -0.809017, 0.0, 0.0, 0.0, 0.0, 1.0 ], [ 0.309017, -0.5, -0.809017, 0.0, 0.5, 0.809017, -0.309017, 0.0, 0.809017, -0.309017, 0.5, 0.0, 0.0, 0.0, 0.0, 1.0 ], [ 0.809017, -0.309017, 0.5, 0.0, 0.309017, -0.5, -0.809017, 0.0, 0.5, 0.809017, -0.309017, 0.0, 0.0, 0.0, 0.0, 1.0 ], [ 0.809017, 0.309017, -0.5, 0.0, 0.309017, 0.5, 0.809017, 0.0, 0.5, -0.809017, 0.309017, 0.0, 0.0, 0.0, 0.0, 1.0 ], [ 0.5, -0.809017, 0.309017, 0.0, 0.809017, 0.309017, -0.5, 0.0, 0.309017, 0.5, 0.809017, 0.0, 0.0, 0.0, 0.0, 1.0 ], [ 0.309017, 0.5, 0.809017, 0.0, 0.5, -0.809017, 0.309017, 0.0, 0.809017, 0.309017, -0.5, 0.0, 0.0, 0.0, 0.0, 1.0 ], [ 1.0, 0.0, 0.0, 0.0, 0.0, -1.0, 0.0, 0.0, 0.0, 0.0, -1.0, 0.0, 0.0, 0.0, 0.0, 1.0 ], [ 0.0, 0.0, 1.0, 0.0, -1.0, 0.0, 0.0, 0.0, 0.0, -1.0, 0.0, 0.0, 0.0, 0.0, 0.0, 1.0 ], [ 0.0, 1.0, 0.0, 0.0, 0.0, 0.0, -1.0, 0.0, -1.0, 0.0, 0.0, 0.0, 0.0, 0.0, 0.0, 1.0 ], [ 0.809017, 0.309017, 0.5, 0.0, -0.309017, -0.5, 0.809017, 0.0, 0.5, -0.809017, -0.309017, 0.0, 0.0, 0.0, 0.0, 1.0 ], [ -0.5, 0.809017, 0.309017, 0.0, -0.809017, -0.309017, -0.5, 0.0, -0.309017, -0.5, 0.809017, 0.0, 0.0, 0.0, 0.0, 1.0 ], [ 0.309017, 0.5, -0.809017, 0.0, 0.5, -0.809017, -0.309017, 0.0, -0.809017, -0.309017, -0.5, 0.0, 0.0, 0.0, 0.0, 1.0 ], [ 0.5, 0.809017, 0.309017, 0.0, -0.809017, 0.309017, 0.5, 0.0, 0.309017, -0.5, 0.809017, 0.0, 0.0, 0.0, 0.0, 1.0 ], [ -0.309017, 0.5, -0.809017, 0.0, -0.5, -0.809017, -0.309017, 0.0, -0.809017, 0.309017, 0.5, 0.0, 0.0, 0.0, 0.0, 1.0 ], [ 0.809017, -0.309017, -0.5, 0.0, 0.309017, -0.5, 0.809017, 0.0, -0.5, -0.809017, -0.309017, 0.0, 0.0, 0.0, 0.0, 1.0 ], [ 0.5, 0.809017, -0.309017, 0.0, -0.809017, 0.309017, -0.5, 0.0, -0.309017, 0.5, 0.809017, 0.0, 0.0, 0.0, 0.0, 1.0 ], [ 0.309017, -0.5, -0.809017, 0.0, -0.5, -0.809017, 0.309017, 0.0, -0.809017, 0.309017, -0.5, 0.0, 0.0, 0.0, 0.0, 1.0 ], [ 0.809017, -0.309017, 0.5, 0.0, -0.309017, 0.5, 0.809017, 0.0, -0.5, -0.809017, 0.309017, 0.0, 0.0, 0.0, 0.0, 1.0 ], [ 0.809017, 0.309017, -0.5, 0.0, -0.309017, -0.5, -0.809017, 0.0, -0.5, 0.809017, -0.309017, 0.0, 0.0, 0.0, 0.0, 1.0 ], [ 0.5, -0.809017, 0.309017, 0.0, -0.809017, -0.309017, 0.5, 0.0, -0.309017, -0.5, -0.809017, 0.0, 0.0, 0.0, 0.0, 1.0 ], [ 0.309017, 0.5, 0.809017, 0.0, -0.5, 0.809017, -0.309017, 0.0, -0.809017, -0.309017, 0.5, 0.0, 0.0, 0.0, 0.0, 1.0 ], [ -1.0, 0.0, 0.0, 0.0, 0.0, -1.0, 0.0, 0.0, 0.0, 0.0, 1.0, 0.0, 0.0, 0.0, 0.0, 1.0 ], [ 0.0, 0.0, -1.0, 0.0, -1.0, 0.0, 0.0, 0.0, 0.0, 1.0, 0.0, 0.0, 0.0, 0.0, 0.0, 1.0 ], [ 0.0, -1.0, 0.0, 0.0, 0.0, 0.0, -1.0, 0.0, 1.0, 0.0, 0.0, 0.0, 0.0, 0.0, 0.0, 1.0 ], [ -0.809017, -0.309017, -0.5, 0.0, -0.309017, -0.5, 0.809017, 0.0, -0.5, 0.809017, 0.309017, 0.0, 0.0, 0.0, 0.0, 1.0 ], [ 0.5, -0.809017, -0.309017, 0.0, -0.809017, -0.309017, -0.5, 0.0, 0.309017, 0.5, -0.809017, 0.0, 0.0, 0.0, 0.0, 1.0 ], [ -0.309017, -0.5, 0.809017, 0.0, 0.5, -0.809017, -0.309017, 0.0, 0.809017, 0.309017, 0.5, 0.0, 0.0, 0.0, 0.0, 1.0 ], [ -0.5, -0.809017, -0.309017, 0.0, -0.809017, 0.309017, 0.5, 0.0, -0.309017, 0.5, -0.809017, 0.0, 0.0, 0.0, 0.0, 1.0 ], [ 0.309017, -0.5, 0.809017, 0.0, -0.5, -0.809017, -0.309017, 0.0, 0.809017, -0.309017, -0.5, 0.0, 0.0, 0.0, 0.0, 1.0 ], [ -0.809017, 0.309017, 0.5, 0.0, 0.309017, -0.5, 0.809017, 0.0, 0.5, 0.809017, 0.309017, 0.0, 0.0, 0.0, 0.0, 1.0 ], [ -0.5, -0.809017, 0.309017, 0.0, -0.809017, 0.309017, -0.5, 0.0, 0.309017, -0.5, -0.809017, 0.0, 0.0, 0.0, 0.0, 1.0 ], [ -0.309017, 0.5, 0.809017, 0.0, -0.5, -0.809017, 0.309017, 0.0, 0.809017, -0.309017, 0.5, 0.0, 0.0, 0.0, 0.0, 1.0 ], [ -0.809017, 0.309017, -0.5, 0.0, -0.309017, 0.5, 0.809017, 0.0, 0.5, 0.809017, -0.309017, 0.0, 0.0, 0.0, 0.0, 1.0 ], [ -0.809017, -0.309017, 0.5, 0.0, -0.309017, -0.5, -0.809017, 0.0, 0.5, -0.809017, 0.309017, 0.0, 0.0, 0.0, 0.0, 1.0 ], [ -0.5, 0.809017, -0.309017, 0.0, -0.809017, -0.309017, 0.5, 0.0, 0.309017, 0.5, 0.809017, 0.0, 0.0, 0.0, 0.0, 1.0 ], [ -0.309017, -0.5, -0.809017, 0.0, -0.5, 0.809017, -0.309017, 0.0, 0.809017, 0.309017, -0.5, 0.0, 0.0, 0.0, 0.0, 1.0 ], [ -1.0, 0.0, 0.0, 0.0, 0.0, 1.0, 0.0, 0.0, 0.0, 0.0, -1.0, 0.0, 0.0, 0.0, 0.0, 1.0 ], [ 0.0, 0.0, -1.0, 0.0, 1.0, 0.0, 0.0, 0.0, 0.0, -1.0, 0.0, 0.0, 0.0, 0.0, 0.0, 1.0 ], [ 0.0, -1.0, 0.0, 0.0, 0.0, 0.0, 1.0, 0.0, -1.0, 0.0, 0.0, 0.0, 0.0, 0.0, 0.0, 1.0 ], [ -0.809017, -0.309017, -0.5, 0.0, 0.309017, 0.5, -0.809017, 0.0, 0.5, -0.809017, -0.309017, 0.0, 0.0, 0.0, 0.0, 1.0 ], [ 0.5, -0.809017, -0.309017, 0.0, 0.809017, 0.309017, 0.5, 0.0, -0.309017, -0.5, 0.809017, 0.0, 0.0, 0.0, 0.0, 1.0 ], [ -0.309017, -0.5, 0.809017, 0.0, -0.5, 0.809017, 0.309017, 0.0, -0.809017, -0.309017, -0.5, 0.0, 0.0, 0.0, 0.0, 1.0 ], [ -0.5, -0.809017, -0.309017, 0.0, 0.809017, -0.309017, -0.5, 0.0, 0.309017, -0.5, 0.809017, 0.0, 0.0, 0.0, 0.0, 1.0 ], [ 0.309017, -0.5, 0.809017, 0.0, 0.5, 0.809017, 0.309017, 0.0, -0.809017, 0.309017, 0.5, 0.0, 0.0, 0.0, 0.0, 1.0 ], [ -0.809017, 0.309017, 0.5, 0.0, -0.309017, 0.5, -0.809017, 0.0, -0.5, -0.809017, -0.309017, 0.0, 0.0, 0.0, 0.0, 1.0 ], [ -0.5, -0.809017, 0.309017, 0.0, 0.809017, -0.309017, 0.5, 0.0, -0.309017, 0.5, 0.809017, 0.0, 0.0, 0.0, 0.0, 1.0 ], [ -0.309017, 0.5, 0.809017, 0.0, 0.5, 0.809017, -0.309017, 0.0, -0.809017, 0.309017, -0.5, 0.0, 0.0, 0.0, 0.0, 1.0 ], [ -0.809017, 0.309017, -0.5, 0.0, 0.309017, -0.5, -0.809017, 0.0, -0.5, -0.809017, 0.309017, 0.0, 0.0, 0.0, 0.0, 1.0 ], [ -0.809017, -0.309017, 0.5, 0.0, 0.309017, 0.5, 0.809017, 0.0, -0.5, 0.809017, -0.309017, 0.0, 0.0, 0.0, 0.0, 1.0 ], [ -0.5, 0.809017, -0.309017, 0.0, 0.809017, 0.309017, -0.5, 0.0, -0.309017, -0.5, -0.809017, 0.0, 0.0, 0.0, 0.0, 1.0 ], [ -0.309017, -0.5, -0.809017, 0.0, 0.5, -0.809017, 0.309017, 0.0, -0.809017, -0.309017, 0.5, 0.0, 0.0, 0.0, 0.0, 1.0 ] ],
  "lights" : {
    "ambientColor" : "#292929",
    "backgroundColor" : "#E8F3FF",
    "directionalLights" : [ {
      "direction" : {
        "x" : 1.0,
        "y" : -1.0,
        "z" : -1.0
      },
      "color" : "#EBEBE4"
    }, {
      "direction" : {
        "x" : -1.0,
        "y" : 0.0,
        "z" : 0.0
      },
      "color" : "#E4E4EB"
    }, {
      "direction" : {
        "x" : 0.0,
        "y" : 0.0,
        "z" : -1.0
      },
      "color" : "#1E1E1E"
    } ]
  },
  "camera" : {
    "stereo" : false,
    "width" : 108.8938,
    "viewDistance" : 241.98589,
    "nearClipDistance" : 0.604965,
    "farClipDistance" : 483.97293,
    "lookAtPoint" : {
      "x" : 0.0,
      "y" : 0.0,
      "z" : 0.0
    },
    "fieldOfView" : 0.44262946,
    "perspective" : false,
    "lookDirection" : {
      "x" : 0.0,
      "y" : 0.0,
      "z" : -1.0
    },
    "upDirection" : {
      "x" : 0.0,
      "y" : 1.0,
      "z" : 0.0
    },
    "position" : {
      "x" : 0.0,
      "y" : 0.0,
      "z" : 241.98589
    }
  },
  "embedding" : [ 1.0, 0.0, 0.0, 0.0, 0.0, 1.0, 0.0, 0.0, 0.0, 0.0, 1.0, 0.0, 0.0, 0.0, 0.0, 1.0 ],
  "shapes" : [ {
    "id" : "e252e195-2f56-4ba9-9315-d3a9f77c3c19",
    "vertices" : [ {
      "x" : 8.972136,
      "y" : 14.5172205,
      "z" : 23.489357
    }, {
      "x" : 23.489357,
      "y" : 8.972136,
      "z" : 14.5172205
    }, {
      "x" : 46.978714,
      "y" : 0.0,
      "z" : 76.01315
    } ],
    "faces" : [ {
      "vertices" : [ 0, 1, 2 ]
    }, {
      "vertices" : [ 0, 2, 1 ]
    } ]
  }, {
    "id" : "a479709a-ddaa-40a0-98fe-f16f9fa4949e",
    "vertices" : [ {
      "x" : -29.034441,
      "y" : 29.034441,
      "z" : -29.034441
    }, {
      "x" : -14.5172205,
      "y" : 23.489357,
      "z" : -8.972136
    }, {
      "x" : -23.489357,
      "y" : 8.972136,
      "z" : -14.5172205
    } ],
    "faces" : [ {
      "vertices" : [ 0, 1, 2 ]
    }, {
      "vertices" : [ 0, 2, 1 ]
    } ]
  }, {
    "id" : "fcfc608d-b22c-4117-a220-96961ed417c7",
    "vertices" : [ {
      "x" : 0.309017,
      "y" : -0.309017,
      "z" : -0.309017
    }, {
      "x" : 0.5,
      "y" : 0.0,
      "z" : -0.19098301
    }, {
      "x" : 0.5,
      "y" : 0.0,
      "z" : 0.19098301
    }, {
      "x" : 0.309017,
      "y" : -0.309017,
      "z" : 0.309017
    }, {
      "x" : 0.19098301,
      "y" : -0.5,
      "z" : 0.0
    }, {
      "x" : 0.0,
      "y" : 0.19098301,
      "z" : 0.5
    }, {
      "x" : 0.0,
      "y" : -0.19098301,
      "z" : 0.5
    }, {
      "x" : 0.309017,
      "y" : 0.309017,
      "z" : 0.309017
    }, {
      "x" : -0.309017,
      "y" : -0.309017,
      "z" : 0.309017
    }, {
      "x" : -0.309017,
      "y" : 0.309017,
      "z" : 0.309017
    }, {
      "x" : -0.5,
      "y" : 0.0,
      "z" : 0.19098301
    }, {
      "x" : 0.0,
      "y" : -0.19098301,
      "z" : -0.5
    }, {
      "x" : 0.0,
      "y" : 0.19098301,
      "z" : -0.5
    }, {
      "x" : 0.309017,
      "y" : 0.309017,
      "z" : -0.309017
    }, {
      "x" : -0.309017,
      "y" : -0.309017,
      "z" : -0.309017
    }, {
      "x" : -0.19098301,
      "y" : -0.5,
      "z" : 0.0
    }, {
      "x" : -0.5,
      "y" : 0.0,
      "z" : -0.19098301
    }, {
      "x" : 0.19098301,
      "y" : 0.5,
      "z" : 0.0
    }, {
      "x" : -0.309017,
      "y" : 0.309017,
      "z" : -0.309017
    }, {
      "x" : 0.0,
      "y" : 0.0,
      "z" : 0.0
    }, {
      "x" : -0.19098301,
      "y" : 0.5,
      "z" : 0.0
    } ],
    "faces" : [ {
      "vertices" : [ 12, 18, 20 ]
    }, {
      "vertices" : [ 12, 20, 17 ]
    }, {
      "vertices" : [ 12, 17, 13 ]
    }, {
      "vertices" : [ 3, 6, 8 ]
    }, {
      "vertices" : [ 3, 8, 15 ]
    }, {
      "vertices" : [ 3, 15, 4 ]
    }, {
      "vertices" : [ 0, 11, 12 ]
    }, {
      "vertices" : [ 0, 12, 13 ]
    }, {
      "vertices" : [ 0, 13, 1 ]
    }, {
      "vertices" : [ 5, 9, 10 ]
    }, {
      "vertices" : [ 5, 10, 8 ]
    }, {
      "vertices" : [ 5, 8, 6 ]
    }, {
      "vertices" : [ 2, 7, 5 ]
    }, {
      "vertices" : [ 2, 5, 6 ]
    }, {
      "vertices" : [ 2, 6, 3 ]
    }, {
      "vertices" : [ 11, 14, 16 ]
    }, {
      "vertices" : [ 11, 16, 18 ]
    }, {
      "vertices" : [ 11, 18, 12 ]
    }, {
      "vertices" : [ 1, 13, 17 ]
    }, {
      "vertices" : [ 1, 17, 7 ]
    }, {
      "vertices" : [ 1, 7, 2 ]
    }, {
      "vertices" : [ 9, 20, 18 ]
    }, {
      "vertices" : [ 9, 18, 16 ]
    }, {
      "vertices" : [ 9, 16, 10 ]
    }, {
      "vertices" : [ 0, 1, 2 ]
    }, {
      "vertices" : [ 0, 2, 3 ]
    }, {
      "vertices" : [ 0, 3, 4 ]
    }, {
      "vertices" : [ 5, 7, 17 ]
    }, {
      "vertices" : [ 5, 17, 20 ]
    }, {
      "vertices" : [ 5, 20, 9 ]
    }, {
      "vertices" : [ 0, 4, 15 ]
    }, {
      "vertices" : [ 0, 15, 14 ]
    }, {
      "vertices" : [ 0, 14, 11 ]
    }, {
      "vertices" : [ 8, 10, 16 ]
    }, {
      "vertices" : [ 8, 16, 14 ]
    }, {
      "vertices" : [ 8, 14, 15 ]
    } ]
  }, {
    "id" : "bc5e2743-f560-4a5b-b854-f886fe6f10d2",
    "vertices" : [ {
      "x" : 61.186916,
      "y" : 23.371323,
      "z" : -8.927051
    }, {
      "x" : 60.80495,
      "y" : 22.916409,
      "z" : -8.736068
    }, {
      "x" : 60.641834,
      "y" : 23.18034,
      "z" : -9.163119
    }, {
      "x" : 60.568882,
      "y" : 23.444271,
      "z" : -8.972136
    }, {
      "x" : 0.85410196,
      "y" : 0.309017,
      "z" : 0.19098301
    }, {
      "x" : 0.690983,
      "y" : 0.572949,
      "z" : -0.23606798
    }, {
      "x" : 0.309017,
      "y" : 0.11803399,
      "z" : -0.045084972
    }, {
      "x" : 0.76393205,
      "y" : 0.309017,
      "z" : -0.42705098
    }, {
      "x" : 0.927051,
      "y" : 0.045084972,
      "z" : 0.0
    }, {
      "x" : 60.732002,
      "y" : 23.18034,
      "z" : -8.545085
    }, {
      "x" : 61.495934,
      "y" : 23.489357,
      "z" : -8.972136
    } ],
    "faces" : [ {
      "vertices" : [ 2, 7, 5 ]
    }, {
      "vertices" : [ 2, 5, 3 ]
    }, {
      "vertices" : [ 1, 8, 7 ]
    }, {
      "vertices" : [ 1, 7, 2 ]
    }, {
      "vertices" : [ 4, 6, 8 ]
    }, {
      "vertices" : [ 5, 7, 6 ]
    }, {
      "vertices" : [ 0, 1, 2 ]
    }, {
      "vertices" : [ 0, 2, 3 ]
    }, {
      "vertices" : [ 6, 7, 8 ]
    }, {
      "vertices" : [ 3, 5, 4 ]
    }, {
      "vertices" : [ 3, 4, 9 ]
    }, {
      "vertices" : [ 1, 9, 4 ]
    }, {
      "vertices" : [ 1, 4, 8 ]
    }, {
      "vertices" : [ 0, 9, 1 ]
    }, {
      "vertices" : [ 0, 3, 9 ]
    }, {
      "vertices" : [ 4, 5, 6 ]
    } ]
  }, {
    "id" : "01c75353-6db7-47e7-ac30-d7df03943135",
    "vertices" : [ {
      "x" : 1.0,
      "y" : 0.309017,
      "z" : 0.19098301
    }, {
      "x" : 1.0,
      "y" : -0.309017,
      "z" : 0.19098301
    }, {
      "x" : 16.944271,
      "y" : -0.309017,
      "z" : 0.19098301
    }, {
      "x" : 16.944271,
      "y" : 0.309017,
      "z" : 0.19098301
    }, {
      "x" : 16.944271,
      "y" : -0.309017,
      "z" : -0.19098301
    }, {
      "x" : 16.944271,
      "y" : 0.309017,
      "z" : -0.19098301
    }, {
      "x" : 17.562305,
      "y" : 0.0,
      "z" : 0.0
    }, {
      "x" : 0.38196602,
      "y" : 0.0,
      "z" : 0.0
    }, {
      "x" : 1.0,
      "y" : 0.309017,
      "z" : -0.19098301
    }, {
      "x" : 1.0,
      "y" : -0.309017,
      "z" : -0.19098301
    }, {
      "x" : 17.944271,
      "y" : 0.0,
      "z" : 0.0
    } ],
    "faces" : [ {
      "vertices" : [ 1, 9, 4 ]
    }, {
      "vertices" : [ 1, 4, 2 ]
    }, {
      "vertices" : [ 0, 3, 5 ]
    }, {
      "vertices" : [ 0, 5, 8 ]
    }, {
      "vertices" : [ 1, 7, 9 ]
    }, {
      "vertices" : [ 0, 1, 2 ]
    }, {
      "vertices" : [ 0, 2, 3 ]
    }, {
      "vertices" : [ 7, 8, 9 ]
    }, {
      "vertices" : [ 0, 7, 1 ]
    }, {
      "vertices" : [ 4, 9, 8 ]
    }, {
      "vertices" : [ 4, 8, 5 ]
    }, {
      "vertices" : [ 2, 6, 3 ]
    }, {
      "vertices" : [ 2, 4, 6 ]
    }, {
      "vertices" : [ 3, 6, 5 ]
    }, {
      "vertices" : [ 4, 5, 6 ]
    }, {
      "vertices" : [ 0, 8, 7 ]
    } ]
  }, {
    "id" : "7b8964f3-31d0-4171-9262-62cdee1b25fb",
    "vertices" : [ {
      "x" : 29.034441,
      "y" : -29.034441,
      "z" : -29.034441
    }, {
      "x" : 14.5172205,
      "y" : -23.489357,
      "z" : -8.972136
    }, {
      "x" : 23.489357,
      "y" : -8.972136,
      "z" : -14.5172205
    } ],
    "faces" : [ {
      "vertices" : [ 0, 1, 2 ]
    }, {
      "vertices" : [ 0, 2, 1 ]
    } ]
  }, {
    "id" : "2f11a240-7b2a-4dad-a1e5-29a338e5aa59",
    "vertices" : [ {
      "x" : -29.034441,
      "y" : -29.034441,
      "z" : -29.034441
    }, {
      "x" : -23.489357,
      "y" : -8.972136,
      "z" : -14.5172205
    }, {
      "x" : -14.5172205,
      "y" : -23.489357,
      "z" : -8.972136
    } ],
    "faces" : [ {
      "vertices" : [ 0, 1, 2 ]
    }, {
      "vertices" : [ 0, 2, 1 ]
    } ]
  }, {
    "id" : "ea830012-2a1f-4351-b1b8-16de0e59b373",
    "vertices" : [ {
      "x" : 14.5172205,
      "y" : -23.489357,
      "z" : 8.972136
    }, {
      "x" : 23.489357,
      "y" : -8.972136,
      "z" : 14.5172205
    }, {
      "x" : 76.01315,
      "y" : -46.978714,
      "z" : 0.0
    } ],
    "faces" : [ {
      "vertices" : [ 0, 1, 2 ]
    }, {
      "vertices" : [ 0, 2, 1 ]
    } ]
  }, {
    "id" : "0e35e9e4-ec47-426d-8119-abac61078efc",
    "vertices" : [ {
      "x" : 0.0,
      "y" : -17.944271,
      "z" : -46.978714
    }, {
      "x" : 0.0,
      "y" : 0.0,
      "z" : -29.034441
    }, {
      "x" : -8.972136,
      "y" : -14.5172205,
      "z" : -23.489357
    } ],
    "faces" : [ {
      "vertices" : [ 0, 1, 2 ]
    }, {
      "vertices" : [ 0, 2, 1 ]
    } ]
  }, {
    "id" : "ef938e71-361e-493c-8b06-ca3a51170112",
    "vertices" : [ {
      "x" : -14.5172205,
      "y" : -23.489357,
      "z" : -8.972136
    }, {
      "x" : -23.489357,
      "y" : -8.972136,
      "z" : -14.5172205
    }, {
      "x" : -76.01315,
      "y" : -46.978714,
      "z" : 0.0
    } ],
    "faces" : [ {
      "vertices" : [ 0, 1, 2 ]
    }, {
      "vertices" : [ 0, 2, 1 ]
    } ]
  }, {
    "id" : "e326067f-094e-4c27-8866-f9247ecbf2d3",
    "vertices" : [ {
      "x" : -23.489357,
      "y" : -8.972136,
      "z" : 14.5172205
    }, {
      "x" : -14.5172205,
      "y" : -23.489357,
      "z" : 8.972136
    }, {
      "x" : -76.01315,
      "y" : -46.978714,
      "z" : 0.0
    } ],
    "faces" : [ {
      "vertices" : [ 0, 1, 2 ]
    }, {
      "vertices" : [ 0, 2, 1 ]
    } ]
  }, {
    "id" : "0be72844-d69b-4669-98df-67da1ad9ec61",
    "vertices" : [ {
      "x" : 23.489357,
      "y" : 8.972136,
      "z" : 14.5172205
    }, {
      "x" : 14.5172205,
      "y" : 23.489357,
      "z" : 8.972136
    }, {
      "x" : 76.01315,
      "y" : 46.978714,
      "z" : 0.0
    } ],
    "faces" : [ {
      "vertices" : [ 0, 1, 2 ]
    }, {
      "vertices" : [ 0, 2, 1 ]
    } ]
  }, {
    "id" : "2d81d67f-0b26-4994-8c1c-2b469c696ddd",
    "vertices" : [ {
      "x" : 17.944271,
      "y" : 46.978714,
      "z" : 0.0
    }, {
      "x" : 0.0,
      "y" : 29.034441,
      "z" : 0.0
    }, {
      "x" : 14.5172205,
      "y" : 23.489357,
      "z" : -8.972136
    } ],
    "faces" : [ {
      "vertices" : [ 0, 1, 2 ]
    }, {
      "vertices" : [ 0, 2, 1 ]
    } ]
  }, {
    "id" : "f5dc0c29-1c0b-4452-a5c5-f23807792625",
    "vertices" : [ {
      "x" : 23.489357,
      "y" : -8.972136,
      "z" : -14.5172205
    }, {
      "x" : 14.5172205,
      "y" : -23.489357,
      "z" : -8.972136
    }, {
      "x" : 76.01315,
      "y" : -46.978714,
      "z" : 0.0
    } ],
    "faces" : [ {
      "vertices" : [ 0, 1, 2 ]
    }, {
      "vertices" : [ 0, 2, 1 ]
    } ]
  }, {
    "id" : "d8533fee-3ebc-461a-acac-5c44c0f9e7c3",
    "vertices" : [ {
      "x" : -29.034441,
      "y" : 29.034441,
      "z" : -29.034441
    }, {
      "x" : -8.972136,
      "y" : 14.5172205,
      "z" : -23.489357
    }, {
      "x" : -14.5172205,
      "y" : 23.489357,
      "z" : -8.972136
    } ],
    "faces" : [ {
      "vertices" : [ 0, 1, 2 ]
    }, {
      "vertices" : [ 0, 2, 1 ]
    } ]
  }, {
    "id" : "73ec455a-fe53-4aaa-95e8-c8fa8c54e945",
    "vertices" : [ {
      "x" : 23.489357,
      "y" : 8.972136,
      "z" : 14.5172205
    }, {
      "x" : 23.489357,
      "y" : -8.972136,
      "z" : 14.5172205
    }, {
      "x" : 46.978714,
      "y" : 0.0,
      "z" : 76.01315
    } ],
    "faces" : [ {
      "vertices" : [ 0, 1, 2 ]
    }, {
      "vertices" : [ 0, 2, 1 ]
    } ]
  }, {
    "id" : "2ebb01e6-6dcb-45b3-89d5-d170a7f31ad6",
    "vertices" : [ {
      "x" : -8.972136,
      "y" : -14.5172205,
      "z" : 23.489357
    }, {
      "x" : 8.972136,
      "y" : -14.5172205,
      "z" : 23.489357
    }, {
      "x" : 0.0,
      "y" : -76.01315,
      "z" : 46.978714
    } ],
    "faces" : [ {
      "vertices" : [ 0, 1, 2 ]
    }, {
      "vertices" : [ 0, 2, 1 ]
    } ]
  }, {
    "id" : "423557a0-9393-4d37-8112-b574623e1148",
    "vertices" : [ {
      "x" : -17.944271,
      "y" : -46.978714,
      "z" : 0.0
    }, {
      "x" : -14.5172205,
      "y" : -23.489357,
      "z" : 8.972136
    }, {
      "x" : 0.0,
      "y" : -29.034441,
      "z" : 0.0
    } ],
    "faces" : [ {
      "vertices" : [ 0, 1, 2 ]
    }, {
      "vertices" : [ 0, 2, 1 ]
    } ]
  }, {
    "id" : "fa2fcf57-11ea-4f8c-902d-d55c68af751a",
    "vertices" : [ {
      "x" : 0.0,
      "y" : -17.944271,
      "z" : 46.978714
    }, {
      "x" : 8.972136,
      "y" : -14.5172205,
      "z" : 23.489357
    }, {
      "x" : -8.972136,
      "y" : -14.5172205,
      "z" : 23.489357
    } ],
    "faces" : [ {
      "vertices" : [ 0, 1, 2 ]
    }, {
      "vertices" : [ 0, 2, 1 ]
    } ]
  }, {
    "id" : "3945b70e-7056-4fe5-851d-e564cd10e8b0",
    "vertices" : [ {
      "x" : 0.0,
      "y" : 0.0,
      "z" : 29.034441
    }, {
      "x" : 8.972136,
      "y" : 14.5172205,
      "z" : 23.489357
    }, {
      "x" : 46.978714,
      "y" : 0.0,
      "z" : 76.01315
    } ],
    "faces" : [ {
      "vertices" : [ 0, 1, 2 ]
    }, {
      "vertices" : [ 0, 2, 1 ]
    } ]
  }, {
    "id" : "1461702f-44cc-4a5e-94c1-828fb225b1ef",
    "vertices" : [ {
      "x" : -8.972136,
      "y" : 14.5172205,
      "z" : 23.489357
    }, {
      "x" : 0.0,
      "y" : 0.0,
      "z" : 29.034441
    }, {
      "x" : -46.978714,
      "y" : 0.0,
      "z" : 76.01315
    } ],
    "faces" : [ {
      "vertices" : [ 0, 1, 2 ]
    }, {
      "vertices" : [ 0, 2, 1 ]
    } ]
  }, {
    "id" : "71cfefdb-5d12-4109-8154-1bcafd4bf8d6",
    "vertices" : [ {
      "x" : -17.944271,
      "y" : 46.978714,
      "z" : 0.0
    }, {
      "x" : 0.0,
      "y" : 29.034441,
      "z" : 0.0
    }, {
      "x" : -14.5172205,
      "y" : 23.489357,
      "z" : 8.972136
    } ],
    "faces" : [ {
      "vertices" : [ 0, 1, 2 ]
    }, {
      "vertices" : [ 0, 2, 1 ]
    } ]
  }, {
    "id" : "53151793-4721-4a61-b9d9-52fa5896e28e",
    "vertices" : [ {
      "x" : 29.034441,
      "y" : 0.0,
      "z" : 0.0
    }, {
      "x" : 23.489357,
      "y" : 8.972136,
      "z" : 14.5172205
    }, {
      "x" : 76.01315,
      "y" : 46.978714,
      "z" : 0.0
    } ],
    "faces" : [ {
      "vertices" : [ 0, 1, 2 ]
    }, {
      "vertices" : [ 0, 2, 1 ]
    } ]
  }, {
    "id" : "dc4a6fef-19d5-4531-a672-4862cb00e421",
    "vertices" : [ {
      "x" : -14.5172205,
      "y" : 23.489357,
      "z" : 8.972136
    }, {
      "x" : 0.0,
      "y" : 29.034441,
      "z" : 0.0
    }, {
      "x" : 0.0,
      "y" : 76.01315,
      "z" : 46.978714
    } ],
    "faces" : [ {
      "vertices" : [ 0, 1, 2 ]
    }, {
      "vertices" : [ 0, 2, 1 ]
    } ]
  }, {
    "id" : "a47c7e1e-11b2-42cc-9650-43da9812efbc",
    "vertices" : [ {
      "x" : -29.034441,
      "y" : 0.0,
      "z" : 0.0
    }, {
      "x" : -23.489357,
      "y" : -8.972136,
      "z" : 14.5172205
    }, {
      "x" : -76.01315,
      "y" : -46.978714,
      "z" : 0.0
    } ],
    "faces" : [ {
      "vertices" : [ 0, 1, 2 ]
    }, {
      "vertices" : [ 0, 2, 1 ]
    } ]
  }, {
    "id" : "68e16b51-f183-4d10-b0d0-d12c10519a33",
    "vertices" : [ {
      "x" : -29.034441,
      "y" : 0.0,
      "z" : 0.0
    }, {
      "x" : -23.489357,
      "y" : 8.972136,
      "z" : -14.5172205
    }, {
      "x" : -76.01315,
      "y" : 46.978714,
      "z" : 0.0
    } ],
    "faces" : [ {
      "vertices" : [ 0, 1, 2 ]
    }, {
      "vertices" : [ 0, 2, 1 ]
    } ]
  }, {
    "id" : "acff8792-bdf5-4c3b-bec6-9b423dd35297",
    "vertices" : [ {
      "x" : -14.5172205,
      "y" : -23.489357,
      "z" : -8.972136
    }, {
      "x" : 0.0,
      "y" : -29.034441,
      "z" : 0.0
    }, {
      "x" : 0.0,
      "y" : -76.01315,
      "z" : -46.978714
    } ],
    "faces" : [ {
      "vertices" : [ 0, 1, 2 ]
    }, {
      "vertices" : [ 0, 2, 1 ]
    } ]
  }, {
    "id" : "50008163-7e92-49d0-b3cb-01ed0e6fd6c0",
    "vertices" : [ {
      "x" : -8.972136,
      "y" : 14.5172205,
      "z" : 23.489357
    }, {
      "x" : -14.5172205,
      "y" : 23.489357,
      "z" : 8.972136
    }, {
      "x" : 0.0,
      "y" : 76.01315,
      "z" : 46.978714
    } ],
    "faces" : [ {
      "vertices" : [ 0, 1, 2 ]
    }, {
      "vertices" : [ 0, 2, 1 ]
    } ]
  }, {
    "id" : "f74d2dda-2dcb-4d0d-85f0-2aa07a796eb7",
    "vertices" : [ {
      "x" : -23.489357,
      "y" : 8.972136,
      "z" : -14.5172205
    }, {
      "x" : -23.489357,
      "y" : -8.972136,
      "z" : -14.5172205
    }, {
      "x" : -46.978714,
      "y" : 0.0,
      "z" : -76.01315
    } ],
    "faces" : [ {
      "vertices" : [ 0, 1, 2 ]
    }, {
      "vertices" : [ 0, 2, 1 ]
    } ]
  }, {
    "id" : "4ce444ae-aec4-4a6b-aa97-485b3bdfdd31",
    "vertices" : [ {
      "x" : -14.5172205,
      "y" : -23.489357,
      "z" : 8.972136
    }, {
      "x" : -8.972136,
      "y" : -14.5172205,
      "z" : 23.489357
    }, {
      "x" : 0.0,
      "y" : -76.01315,
      "z" : 46.978714
    } ],
    "faces" : [ {
      "vertices" : [ 0, 1, 2 ]
    }, {
      "vertices" : [ 0, 2, 1 ]
    } ]
  }, {
    "id" : "4bf1b983-1b3d-43c7-8f29-7b32d945fa13",
    "vertices" : [ {
      "x" : 14.5172205,
      "y" : 23.489357,
      "z" : 8.972136
    }, {
      "x" : 8.972136,
      "y" : 14.5172205,
      "z" : 23.489357
    }, {
      "x" : 0.0,
      "y" : 76.01315,
      "z" : 46.978714
    } ],
    "faces" : [ {
      "vertices" : [ 0, 1, 2 ]
    }, {
      "vertices" : [ 0, 2, 1 ]
    } ]
  }, {
    "id" : "276f65c9-bcde-43ff-af73-94fbd8a6f7c4",
    "vertices" : [ {
      "x" : -46.978714,
      "y" : 0.0,
      "z" : -17.944271
    }, {
      "x" : -23.489357,
      "y" : 8.972136,
      "z" : -14.5172205
    }, {
      "x" : -29.034441,
      "y" : 0.0,
      "z" : 0.0
    } ],
    "faces" : [ {
      "vertices" : [ 0, 1, 2 ]
    }, {
      "vertices" : [ 0, 2, 1 ]
    } ]
  }, {
    "id" : "f32cda97-a41c-4b1a-8f81-e0086f1037d2",
    "vertices" : [ {
      "x" : 46.978714,
      "y" : 0.0,
      "z" : 17.944271
    }, {
      "x" : 23.489357,
      "y" : -8.972136,
      "z" : 14.5172205
    }, {
      "x" : 23.489357,
      "y" : 8.972136,
      "z" : 14.5172205
    } ],
    "faces" : [ {
      "vertices" : [ 0, 1, 2 ]
    }, {
      "vertices" : [ 0, 2, 1 ]
    } ]
  }, {
    "id" : "e5359084-48ed-42c2-aad6-cca0d9277b02",
    "vertices" : [ {
      "x" : -46.978714,
      "y" : 0.0,
      "z" : -17.944271
    }, {
      "x" : -29.034441,
      "y" : 0.0,
      "z" : 0.0
    }, {
      "x" : -23.489357,
      "y" : -8.972136,
      "z" : -14.5172205
    } ],
    "faces" : [ {
      "vertices" : [ 0, 1, 2 ]
    }, {
      "vertices" : [ 0, 2, 1 ]
    } ]
  }, {
    "id" : "b937ea34-407b-4f91-83df-0eb22154cc6e",
    "vertices" : [ {
      "x" : 8.972136,
      "y" : -14.5172205,
      "z" : 23.489357
    }, {
      "x" : 0.0,
      "y" : 0.0,
      "z" : 29.034441
    }, {
      "x" : 46.978714,
      "y" : 0.0,
      "z" : 76.01315
    } ],
    "faces" : [ {
      "vertices" : [ 0, 1, 2 ]
    }, {
      "vertices" : [ 0, 2, 1 ]
    } ]
  }, {
    "id" : "9f4df8b0-3056-4b3b-ba83-1a8950e845ed",
    "vertices" : [ {
      "x" : 14.5172205,
      "y" : 23.489357,
      "z" : -8.972136
    }, {
      "x" : 23.489357,
      "y" : 8.972136,
      "z" : -14.5172205
    }, {
      "x" : 76.01315,
      "y" : 46.978714,
      "z" : 0.0
    } ],
    "faces" : [ {
      "vertices" : [ 0, 1, 2 ]
    }, {
      "vertices" : [ 0, 2, 1 ]
    } ]
  }, {
    "id" : "8e381cb3-c9ca-4149-9872-13b4dda66743",
    "vertices" : [ {
      "x" : 17.944271,
      "y" : -46.978714,
      "z" : 0.0
    }, {
      "x" : 0.0,
      "y" : -29.034441,
      "z" : 0.0
    }, {
      "x" : 14.5172205,
      "y" : -23.489357,
      "z" : 8.972136
    } ],
    "faces" : [ {
      "vertices" : [ 0, 1, 2 ]
    }, {
      "vertices" : [ 0, 2, 1 ]
    } ]
  }, {
    "id" : "41dfe68d-20d1-48ed-b9f6-2a3b16bba09a",
    "vertices" : [ {
      "x" : -23.489357,
      "y" : 8.972136,
      "z" : -14.5172205
    }, {
      "x" : -14.5172205,
      "y" : 23.489357,
      "z" : -8.972136
    }, {
      "x" : -76.01315,
      "y" : 46.978714,
      "z" : 0.0
    } ],
    "faces" : [ {
      "vertices" : [ 0, 1, 2 ]
    }, {
      "vertices" : [ 0, 2, 1 ]
    } ]
  }, {
    "id" : "030750cd-3bc5-41f3-82c6-2b1eeb906927",
    "vertices" : [ {
      "x" : 46.978714,
      "y" : 0.0,
      "z" : 17.944271
    }, {
      "x" : 23.489357,
      "y" : 8.972136,
      "z" : 14.5172205
    }, {
      "x" : 29.034441,
      "y" : 0.0,
      "z" : 0.0
    } ],
    "faces" : [ {
      "vertices" : [ 0, 1, 2 ]
    }, {
      "vertices" : [ 0, 2, 1 ]
    } ]
  }, {
    "id" : "0e0d3ed2-2a43-4263-a8c3-a871135e5230",
    "vertices" : [ {
      "x" : 0.0,
      "y" : -17.944271,
      "z" : 46.978714
    }, {
      "x" : 0.0,
      "y" : 0.0,
      "z" : 29.034441
    }, {
      "x" : 8.972136,
      "y" : -14.5172205,
      "z" : 23.489357
    } ],
    "faces" : [ {
      "vertices" : [ 0, 1, 2 ]
    }, {
      "vertices" : [ 0, 2, 1 ]
    } ]
  }, {
    "id" : "fabaa7fa-f23c-45c3-a8cd-872f8810ba61",
    "vertices" : [ {
      "x" : 0.0,
      "y" : 17.944271,
      "z" : -46.978714
    }, {
      "x" : 8.972136,
      "y" : 14.5172205,
      "z" : -23.489357
    }, {
      "x" : -8.972136,
      "y" : 14.5172205,
      "z" : -23.489357
    } ],
    "faces" : [ {
      "vertices" : [ 0, 1, 2 ]
    }, {
      "vertices" : [ 0, 2, 1 ]
    } ]
  }, {
    "id" : "9f2eae5e-2ce2-49e0-b358-94ab8c4e0e39",
    "vertices" : [ {
      "x" : 29.034441,
      "y" : 29.034441,
      "z" : 29.034441
    }, {
      "x" : 8.972136,
      "y" : 14.5172205,
      "z" : 23.489357
    }, {
      "x" : 14.5172205,
      "y" : 23.489357,
      "z" : 8.972136
    } ],
    "faces" : [ {
      "vertices" : [ 0, 1, 2 ]
    }, {
      "vertices" : [ 0, 2, 1 ]
    } ]
  }, {
    "id" : "d0529450-a4c5-4e26-b6c6-c5a0832ec766",
    "vertices" : [ {
      "x" : 29.034441,
      "y" : 0.0,
      "z" : 0.0
    }, {
      "x" : 23.489357,
      "y" : -8.972136,
      "z" : -14.5172205
    }, {
      "x" : 76.01315,
      "y" : -46.978714,
      "z" : 0.0
    } ],
    "faces" : [ {
      "vertices" : [ 0, 1, 2 ]
    }, {
      "vertices" : [ 0, 2, 1 ]
    } ]
  }, {
    "id" : "6a5c076e-c8ae-4812-8cd1-a8cf5fb920bb",
    "vertices" : [ {
      "x" : -46.978714,
      "y" : 0.0,
      "z" : 17.944271
    }, {
      "x" : -29.034441,
      "y" : 0.0,
      "z" : 0.0
    }, {
      "x" : -23.489357,
      "y" : 8.972136,
      "z" : 14.5172205
    } ],
    "faces" : [ {
      "vertices" : [ 0, 1, 2 ]
    }, {
      "vertices" : [ 0, 2, 1 ]
    } ]
  }, {
    "id" : "156a258c-6a5a-45e1-9af4-9fa6cc061b47",
    "vertices" : [ {
      "x" : -14.5172205,
      "y" : 23.489357,
      "z" : 8.972136
    }, {
      "x" : -23.489357,
      "y" : 8.972136,
      "z" : 14.5172205
    }, {
      "x" : -76.01315,
      "y" : 46.978714,
      "z" : 0.0
    } ],
    "faces" : [ {
      "vertices" : [ 0, 1, 2 ]
    }, {
      "vertices" : [ 0, 2, 1 ]
    } ]
  }, {
    "id" : "25bdc378-bcde-42c5-8ab6-c0fe20cfc255",
    "vertices" : [ {
      "x" : 23.489357,
      "y" : 8.972136,
      "z" : -14.5172205
    }, {
      "x" : 8.972136,
      "y" : 14.5172205,
      "z" : -23.489357
    }, {
      "x" : 46.978714,
      "y" : 0.0,
      "z" : -76.01315
    } ],
    "faces" : [ {
      "vertices" : [ 0, 1, 2 ]
    }, {
      "vertices" : [ 0, 2, 1 ]
    } ]
  }, {
    "id" : "c560f433-2902-4104-9329-fc512fc99e15",
    "vertices" : [ {
      "x" : 14.5172205,
      "y" : -23.489357,
      "z" : 8.972136
    }, {
      "x" : 0.0,
      "y" : -29.034441,
      "z" : 0.0
    }, {
      "x" : 0.0,
      "y" : -76.01315,
      "z" : 46.978714
    } ],
    "faces" : [ {
      "vertices" : [ 0, 1, 2 ]
    }, {
      "vertices" : [ 0, 2, 1 ]
    } ]
  }, {
    "id" : "e089ce77-c912-440f-8c03-0a28f4052852",
    "vertices" : [ {
      "x" : -46.978714,
      "y" : 0.0,
      "z" : -17.944271
    }, {
      "x" : -23.489357,
      "y" : -8.972136,
      "z" : -14.5172205
    }, {
      "x" : -23.489357,
      "y" : 8.972136,
      "z" : -14.5172205
    } ],
    "faces" : [ {
      "vertices" : [ 0, 1, 2 ]
    }, {
      "vertices" : [ 0, 2, 1 ]
    } ]
  }, {
    "id" : "d415861d-7b48-47e7-920c-552c8189daaf",
    "vertices" : [ {
      "x" : -29.034441,
      "y" : -29.034441,
      "z" : 29.034441
    }, {
      "x" : -8.972136,
      "y" : -14.5172205,
      "z" : 23.489357
    }, {
      "x" : -14.5172205,
      "y" : -23.489357,
      "z" : 8.972136
    } ],
    "faces" : [ {
      "vertices" : [ 0, 1, 2 ]
    }, {
      "vertices" : [ 0, 2, 1 ]
    } ]
  }, {
    "id" : "546d760a-8c34-404c-9a55-310bb110a511",
    "vertices" : [ {
      "x" : 23.489357,
      "y" : 8.972136,
      "z" : -14.5172205
    }, {
      "x" : 29.034441,
      "y" : 0.0,
      "z" : 0.0
    }, {
      "x" : 76.01315,
      "y" : 46.978714,
      "z" : 0.0
    } ],
    "faces" : [ {
      "vertices" : [ 0, 1, 2 ]
    }, {
      "vertices" : [ 0, 2, 1 ]
    } ]
  }, {
    "id" : "ed5f44be-7d2c-410f-ac8e-47fc0c77fff1",
    "vertices" : [ {
      "x" : -8.972136,
      "y" : -14.5172205,
      "z" : 23.489357
    }, {
      "x" : -23.489357,
      "y" : -8.972136,
      "z" : 14.5172205
    }, {
      "x" : -46.978714,
      "y" : 0.0,
      "z" : 76.01315
    } ],
    "faces" : [ {
      "vertices" : [ 0, 1, 2 ]
    }, {
      "vertices" : [ 0, 2, 1 ]
    } ]
  }, {
    "id" : "71fbd677-7b6e-41b3-8c5e-0fb85130c431",
    "vertices" : [ {
      "x" : -29.034441,
      "y" : 29.034441,
      "z" : 29.034441
    }, {
      "x" : -8.972136,
      "y" : 14.5172205,
      "z" : 23.489357
    }, {
      "x" : -23.489357,
      "y" : 8.972136,
      "z" : 14.5172205
    } ],
    "faces" : [ {
      "vertices" : [ 0, 1, 2 ]
    }, {
      "vertices" : [ 0, 2, 1 ]
    } ]
  }, {
    "id" : "841b6851-6df3-4ed4-b1d2-1d85b82990a8",
    "vertices" : [ {
      "x" : -46.978714,
      "y" : 0.0,
      "z" : 17.944271
    }, {
      "x" : -23.489357,
      "y" : -8.972136,
      "z" : 14.5172205
    }, {
      "x" : -29.034441,
      "y" : 0.0,
      "z" : 0.0
    } ],
    "faces" : [ {
      "vertices" : [ 0, 1, 2 ]
    }, {
      "vertices" : [ 0, 2, 1 ]
    } ]
  }, {
    "id" : "2def0a13-81d4-4f94-b2eb-5d5a020dbd7f",
    "vertices" : [ {
      "x" : 46.978714,
      "y" : 0.0,
      "z" : 17.944271
    }, {
      "x" : 29.034441,
      "y" : 0.0,
      "z" : 0.0
    }, {
      "x" : 23.489357,
      "y" : -8.972136,
      "z" : 14.5172205
    } ],
    "faces" : [ {
      "vertices" : [ 0, 1, 2 ]
    }, {
      "vertices" : [ 0, 2, 1 ]
    } ]
  }, {
    "id" : "e264240a-cb0d-4957-99ba-291af8c3939b",
    "vertices" : [ {
      "x" : 8.972136,
      "y" : 14.5172205,
      "z" : 23.489357
    }, {
      "x" : -8.972136,
      "y" : 14.5172205,
      "z" : 23.489357
    }, {
      "x" : 0.0,
      "y" : 76.01315,
      "z" : 46.978714
    } ],
    "faces" : [ {
      "vertices" : [ 0, 1, 2 ]
    }, {
      "vertices" : [ 0, 2, 1 ]
    } ]
  }, {
    "id" : "1585d283-4fe7-4266-816c-5a6832e96afc",
    "vertices" : [ {
      "x" : 8.972136,
      "y" : -14.5172205,
      "z" : -23.489357
    }, {
      "x" : 23.489357,
      "y" : -8.972136,
      "z" : -14.5172205
    }, {
      "x" : 46.978714,
      "y" : 0.0,
      "z" : -76.01315
    } ],
    "faces" : [ {
      "vertices" : [ 0, 1, 2 ]
    }, {
      "vertices" : [ 0, 2, 1 ]
    } ]
  }, {
    "id" : "bf0e615f-a284-4003-b8b8-b683678673db",
    "vertices" : [ {
      "x" : 29.034441,
      "y" : -29.034441,
      "z" : -29.034441
    }, {
      "x" : 23.489357,
      "y" : -8.972136,
      "z" : -14.5172205
    }, {
      "x" : 8.972136,
      "y" : -14.5172205,
      "z" : -23.489357
    } ],
    "faces" : [ {
      "vertices" : [ 0, 1, 2 ]
    }, {
      "vertices" : [ 0, 2, 1 ]
    } ]
  }, {
    "id" : "5d656936-c3a0-400d-a7b7-67d9acc37531",
    "vertices" : [ {
      "x" : 23.489357,
      "y" : -8.972136,
      "z" : 14.5172205
    }, {
      "x" : 29.034441,
      "y" : 0.0,
      "z" : 0.0
    }, {
      "x" : 76.01315,
      "y" : -46.978714,
      "z" : 0.0
    } ],
    "faces" : [ {
      "vertices" : [ 0, 1, 2 ]
    }, {
      "vertices" : [ 0, 2, 1 ]
    } ]
  }, {
    "id" : "25446100-a8f5-4a92-8c79-2aa59fd41965",
    "vertices" : [ {
      "x" : -8.972136,
      "y" : -14.5172205,
      "z" : -23.489357
    }, {
      "x" : -14.5172205,
      "y" : -23.489357,
      "z" : -8.972136
    }, {
      "x" : 0.0,
      "y" : -76.01315,
      "z" : -46.978714
    } ],
    "faces" : [ {
      "vertices" : [ 0, 1, 2 ]
    }, {
      "vertices" : [ 0, 2, 1 ]
    } ]
  }, {
    "id" : "c0677bb9-21a8-43dd-befa-ae5aa0e1c9a9",
    "vertices" : [ {
      "x" : -8.972136,
      "y" : 14.5172205,
      "z" : -23.489357
    }, {
      "x" : 8.972136,
      "y" : 14.5172205,
      "z" : -23.489357
    }, {
      "x" : 0.0,
      "y" : 76.01315,
      "z" : -46.978714
    } ],
    "faces" : [ {
      "vertices" : [ 0, 1, 2 ]
    }, {
      "vertices" : [ 0, 2, 1 ]
    } ]
  }, {
    "id" : "f2bc82e4-d260-4088-a431-5389974175d7",
    "vertices" : [ {
      "x" : -46.978714,
      "y" : 0.0,
      "z" : 17.944271
    }, {
      "x" : -23.489357,
      "y" : 8.972136,
      "z" : 14.5172205
    }, {
      "x" : -23.489357,
      "y" : -8.972136,
      "z" : 14.5172205
    } ],
    "faces" : [ {
      "vertices" : [ 0, 1, 2 ]
    }, {
      "vertices" : [ 0, 2, 1 ]
    } ]
  }, {
    "id" : "ad3a9c24-320e-42ce-bd3d-a3a344d46472",
    "vertices" : [ {
      "x" : -14.5172205,
      "y" : 23.489357,
      "z" : -8.972136
    }, {
      "x" : -14.5172205,
      "y" : 23.489357,
      "z" : 8.972136
    }, {
      "x" : -76.01315,
      "y" : 46.978714,
      "z" : 0.0
    } ],
    "faces" : [ {
      "vertices" : [ 0, 1, 2 ]
    }, {
      "vertices" : [ 0, 2, 1 ]
    } ]
  }, {
    "id" : "6a3d9f8b-b411-4e23-900d-55a50787e37a",
    "vertices" : [ {
      "x" : 23.489357,
      "y" : -8.972136,
      "z" : 14.5172205
    }, {
      "x" : 8.972136,
      "y" : -14.5172205,
      "z" : 23.489357
    }, {
      "x" : 46.978714,
      "y" : 0.0,
      "z" : 76.01315
    } ],
    "faces" : [ {
      "vertices" : [ 0, 1, 2 ]
    }, {
      "vertices" : [ 0, 2, 1 ]
    } ]
  }, {
    "id" : "ecc62368-70d2-46b6-96c7-6c9fdf3944f6",
    "vertices" : [ {
      "x" : 14.5172205,
      "y" : 23.489357,
      "z" : 8.972136
    }, {
      "x" : 14.5172205,
      "y" : 23.489357,
      "z" : -8.972136
    }, {
      "x" : 76.01315,
      "y" : 46.978714,
      "z" : 0.0
    } ],
    "faces" : [ {
      "vertices" : [ 0, 1, 2 ]
    }, {
      "vertices" : [ 0, 2, 1 ]
    } ]
  }, {
    "id" : "e08981d1-4967-473e-9222-e8c57eb075ff",
    "vertices" : [ {
      "x" : -17.944271,
      "y" : 46.978714,
      "z" : 0.0
    }, {
      "x" : -14.5172205,
      "y" : 23.489357,
      "z" : -8.972136
    }, {
      "x" : 0.0,
      "y" : 29.034441,
      "z" : 0.0
    } ],
    "faces" : [ {
      "vertices" : [ 0, 1, 2 ]
    }, {
      "vertices" : [ 0, 2, 1 ]
    } ]
  }, {
    "id" : "6bb249ef-f489-45c0-908e-cc5f1787890e",
    "vertices" : [ {
      "x" : 0.0,
      "y" : -17.944271,
      "z" : -46.978714
    }, {
      "x" : -8.972136,
      "y" : -14.5172205,
      "z" : -23.489357
    }, {
      "x" : 8.972136,
      "y" : -14.5172205,
      "z" : -23.489357
    } ],
    "faces" : [ {
      "vertices" : [ 0, 1, 2 ]
    }, {
      "vertices" : [ 0, 2, 1 ]
    } ]
  }, {
    "id" : "fe0915a7-6dff-46b9-b1ac-56ff39c92247",
    "vertices" : [ {
      "x" : 29.034441,
      "y" : 29.034441,
      "z" : -29.034441
    }, {
      "x" : 14.5172205,
      "y" : 23.489357,
      "z" : -8.972136
    }, {
      "x" : 8.972136,
      "y" : 14.5172205,
      "z" : -23.489357
    } ],
    "faces" : [ {
      "vertices" : [ 0, 1, 2 ]
    }, {
      "vertices" : [ 0, 2, 1 ]
    } ]
  }, {
    "id" : "95e98863-adac-498e-b47a-c06fc82841ef",
    "vertices" : [ {
      "x" : -17.944271,
      "y" : 46.978714,
      "z" : 0.0
    }, {
      "x" : -14.5172205,
      "y" : 23.489357,
      "z" : 8.972136
    }, {
      "x" : -14.5172205,
      "y" : 23.489357,
