{
  "field" : "golden",
  "symmetry" : "icosahedral",
  "orientations" : [ [ 1.0, 0.0, 0.0, 0.0, 0.0, 1.0, 0.0, 0.0, 0.0, 0.0, 1.0, 0.0, 0.0, 0.0, 0.0, 1.0 ], [ 0.0, 0.0, 1.0, 0.0, 1.0, 0.0, 0.0, 0.0, 0.0, 1.0, 0.0, 0.0, 0.0, 0.0, 0.0, 1.0 ], [ 0.0, 1.0, 0.0, 0.0, 0.0, 0.0, 1.0, 0.0, 1.0, 0.0, 0.0, 0.0, 0.0, 0.0, 0.0, 1.0 ], [ 0.809017, 0.309017, 0.5, 0.0, 0.309017, 0.5, -0.809017, 0.0, -0.5, 0.809017, 0.309017, 0.0, 0.0, 0.0, 0.0, 1.0 ], [ -0.5, 0.809017, 0.309017, 0.0, 0.809017, 0.309017, 0.5, 0.0, 0.309017, 0.5, -0.809017, 0.0, 0.0, 0.0, 0.0, 1.0 ], [ 0.309017, 0.5, -0.809017, 0.0, -0.5, 0.809017, 0.309017, 0.0, 0.809017, 0.309017, 0.5, 0.0, 0.0, 0.0, 0.0, 1.0 ], [ 0.5, 0.809017, 0.309017, 0.0, 0.809017, -0.309017, -0.5, 0.0, -0.309017, 0.5, -0.809017, 0.0, 0.0, 0.0, 0.0, 1.0 ], [ -0.309017, 0.5, -0.809017, 0.0, 0.5, 0.809017, 0.309017, 0.0, 0.809017, -0.309017, -0.5, 0.0, 0.0, 0.0, 0.0, 1.0 ], [ 0.809017, -0.309017, -0.5, 0.0, -0.309017, 0.5, -0.809017, 0.0, 0.5, 0.809017, 0.309017, 0.0, 0.0, 0.0, 0.0, 1.0 ], [ 0.5, 0.809017, -0.309017, 0.0, 0.809017, -0.309017, 0.5, 0.0, 0.309017, -0.5, -0.809017, 0.0, 0.0, 0.0, 0.0, 1.0 ], [ 0.309017, -0.5, -0.809017, 0.0, 0.5, 0.809017, -0.309017, 0.0, 0.809017, -0.309017, 0.5, 0.0, 0.0, 0.0, 0.0, 1.0 ], [ 0.809017, -0.309017, 0.5, 0.0, 0.309017, -0.5, -0.809017, 0.0, 0.5, 0.809017, -0.309017, 0.0, 0.0, 0.0, 0.0, 1.0 ], [ 0.809017, 0.309017, -0.5, 0.0, 0.309017, 0.5, 0.809017, 0.0, 0.5, -0.809017, 0.309017, 0.0, 0.0, 0.0, 0.0, 1.0 ], [ 0.5, -0.809017, 0.309017, 0.0, 0.809017, 0.309017, -0.5, 0.0, 0.309017, 0.5, 0.809017, 0.0, 0.0, 0.0, 0.0, 1.0 ], [ 0.309017, 0.5, 0.809017, 0.0, 0.5, -0.809017, 0.309017, 0.0, 0.809017, 0.309017, -0.5, 0.0, 0.0, 0.0, 0.0, 1.0 ], [ 1.0, 0.0, 0.0, 0.0, 0.0, -1.0, 0.0, 0.0, 0.0, 0.0, -1.0, 0.0, 0.0, 0.0, 0.0, 1.0 ], [ 0.0, 0.0, 1.0, 0.0, -1.0, 0.0, 0.0, 0.0, 0.0, -1.0, 0.0, 0.0, 0.0, 0.0, 0.0, 1.0 ], [ 0.0, 1.0, 0.0, 0.0, 0.0, 0.0, -1.0, 0.0, -1.0, 0.0, 0.0, 0.0, 0.0, 0.0, 0.0, 1.0 ], [ 0.809017, 0.309017, 0.5, 0.0, -0.309017, -0.5, 0.809017, 0.0, 0.5, -0.809017, -0.309017, 0.0, 0.0, 0.0, 0.0, 1.0 ], [ -0.5, 0.809017, 0.309017, 0.0, -0.809017, -0.309017, -0.5, 0.0, -0.309017, -0.5, 0.809017, 0.0, 0.0, 0.0, 0.0, 1.0 ], [ 0.309017, 0.5, -0.809017, 0.0, 0.5, -0.809017, -0.309017, 0.0, -0.809017, -0.309017, -0.5, 0.0, 0.0, 0.0, 0.0, 1.0 ], [ 0.5, 0.809017, 0.309017, 0.0, -0.809017, 0.309017, 0.5, 0.0, 0.309017, -0.5, 0.809017, 0.0, 0.0, 0.0, 0.0, 1.0 ], [ -0.309017, 0.5, -0.809017, 0.0, -0.5, -0.809017, -0.309017, 0.0, -0.809017, 0.309017, 0.5, 0.0, 0.0, 0.0, 0.0, 1.0 ], [ 0.809017, -0.309017, -0.5, 0.0, 0.309017, -0.5, 0.809017, 0.0, -0.5, -0.809017, -0.309017, 0.0, 0.0, 0.0, 0.0, 1.0 ], [ 0.5, 0.809017, -0.309017, 0.0, -0.809017, 0.309017, -0.5, 0.0, -0.309017, 0.5, 0.809017, 0.0, 0.0, 0.0, 0.0, 1.0 ], [ 0.309017, -0.5, -0.809017, 0.0, -0.5, -0.809017, 0.309017, 0.0, -0.809017, 0.309017, -0.5, 0.0, 0.0, 0.0, 0.0, 1.0 ], [ 0.809017, -0.309017, 0.5, 0.0, -0.309017, 0.5, 0.809017, 0.0, -0.5, -0.809017, 0.309017, 0.0, 0.0, 0.0, 0.0, 1.0 ], [ 0.809017, 0.309017, -0.5, 0.0, -0.309017, -0.5, -0.809017, 0.0, -0.5, 0.809017, -0.309017, 0.0, 0.0, 0.0, 0.0, 1.0 ], [ 0.5, -0.809017, 0.309017, 0.0, -0.809017, -0.309017, 0.5, 0.0, -0.309017, -0.5, -0.809017, 0.0, 0.0, 0.0, 0.0, 1.0 ], [ 0.309017, 0.5, 0.809017, 0.0, -0.5, 0.809017, -0.309017, 0.0, -0.809017, -0.309017, 0.5, 0.0, 0.0, 0.0, 0.0, 1.0 ], [ -1.0, 0.0, 0.0, 0.0, 0.0, -1.0, 0.0, 0.0, 0.0, 0.0, 1.0, 0.0, 0.0, 0.0, 0.0, 1.0 ], [ 0.0, 0.0, -1.0, 0.0, -1.0, 0.0, 0.0, 0.0, 0.0, 1.0, 0.0, 0.0, 0.0, 0.0, 0.0, 1.0 ], [ 0.0, -1.0, 0.0, 0.0, 0.0, 0.0, -1.0, 0.0, 1.0, 0.0, 0.0, 0.0, 0.0, 0.0, 0.0, 1.0 ], [ -0.809017, -0.309017, -0.5, 0.0, -0.309017, -0.5, 0.809017, 0.0, -0.5, 0.809017, 0.309017, 0.0, 0.0, 0.0, 0.0, 1.0 ], [ 0.5, -0.809017, -0.309017, 0.0, -0.809017, -0.309017, -0.5, 0.0, 0.309017, 0.5, -0.809017, 0.0, 0.0, 0.0, 0.0, 1.0 ], [ -0.309017, -0.5, 0.809017, 0.0, 0.5, -0.809017, -0.309017, 0.0, 0.809017, 0.309017, 0.5, 0.0, 0.0, 0.0, 0.0, 1.0 ], [ -0.5, -0.809017, -0.309017, 0.0, -0.809017, 0.309017, 0.5, 0.0, -0.309017, 0.5, -0.809017, 0.0, 0.0, 0.0, 0.0, 1.0 ], [ 0.309017, -0.5, 0.809017, 0.0, -0.5, -0.809017, -0.309017, 0.0, 0.809017, -0.309017, -0.5, 0.0, 0.0, 0.0, 0.0, 1.0 ], [ -0.809017, 0.309017, 0.5, 0.0, 0.309017, -0.5, 0.809017, 0.0, 0.5, 0.809017, 0.309017, 0.0, 0.0, 0.0, 0.0, 1.0 ], [ -0.5, -0.809017, 0.309017, 0.0, -0.809017, 0.309017, -0.5, 0.0, 0.309017, -0.5, -0.809017, 0.0, 0.0, 0.0, 0.0, 1.0 ], [ -0.309017, 0.5, 0.809017, 0.0, -0.5, -0.809017, 0.309017, 0.0, 0.809017, -0.309017, 0.5, 0.0, 0.0, 0.0, 0.0, 1.0 ], [ -0.809017, 0.309017, -0.5, 0.0, -0.309017, 0.5, 0.809017, 0.0, 0.5, 0.809017, -0.309017, 0.0, 0.0, 0.0, 0.0, 1.0 ], [ -0.809017, -0.309017, 0.5, 0.0, -0.309017, -0.5, -0.809017, 0.0, 0.5, -0.809017, 0.309017, 0.0, 0.0, 0.0, 0.0, 1.0 ], [ -0.5, 0.809017, -0.309017, 0.0, -0.809017, -0.309017, 0.5, 0.0, 0.309017, 0.5, 0.809017, 0.0, 0.0, 0.0, 0.0, 1.0 ], [ -0.309017, -0.5, -0.809017, 0.0, -0.5, 0.809017, -0.309017, 0.0, 0.809017, 0.309017, -0.5, 0.0, 0.0, 0.0, 0.0, 1.0 ], [ -1.0, 0.0, 0.0, 0.0, 0.0, 1.0, 0.0, 0.0, 0.0, 0.0, -1.0, 0.0, 0.0, 0.0, 0.0, 1.0 ], [ 0.0, 0.0, -1.0, 0.0, 1.0, 0.0, 0.0, 0.0, 0.0, -1.0, 0.0, 0.0, 0.0, 0.0, 0.0, 1.0 ], [ 0.0, -1.0, 0.0, 0.0, 0.0, 0.0, 1.0, 0.0, -1.0, 0.0, 0.0, 0.0, 0.0, 0.0, 0.0, 1.0 ], [ -0.809017, -0.309017, -0.5, 0.0, 0.309017, 0.5, -0.809017, 0.0, 0.5, -0.809017, -0.309017, 0.0, 0.0, 0.0, 0.0, 1.0 ], [ 0.5, -0.809017, -0.309017, 0.0, 0.809017, 0.309017, 0.5, 0.0, -0.309017, -0.5, 0.809017, 0.0, 0.0, 0.0, 0.0, 1.0 ], [ -0.309017, -0.5, 0.809017, 0.0, -0.5, 0.809017, 0.309017, 0.0, -0.809017, -0.309017, -0.5, 0.0, 0.0, 0.0, 0.0, 1.0 ], [ -0.5, -0.809017, -0.309017, 0.0, 0.809017, -0.309017, -0.5, 0.0, 0.309017, -0.5, 0.809017, 0.0, 0.0, 0.0, 0.0, 1.0 ], [ 0.309017, -0.5, 0.809017, 0.0, 0.5, 0.809017, 0.309017, 0.0, -0.809017, 0.309017, 0.5, 0.0, 0.0, 0.0, 0.0, 1.0 ], [ -0.809017, 0.309017, 0.5, 0.0, -0.309017, 0.5, -0.809017, 0.0, -0.5, -0.809017, -0.309017, 0.0, 0.0, 0.0, 0.0, 1.0 ], [ -0.5, -0.809017, 0.309017, 0.0, 0.809017, -0.309017, 0.5, 0.0, -0.309017, 0.5, 0.809017, 0.0, 0.0, 0.0, 0.0, 1.0 ], [ -0.309017, 0.5, 0.809017, 0.0, 0.5, 0.809017, -0.309017, 0.0, -0.809017, 0.309017, -0.5, 0.0, 0.0, 0.0, 0.0, 1.0 ], [ -0.809017, 0.309017, -0.5, 0.0, 0.309017, -0.5, -0.809017, 0.0, -0.5, -0.809017, 0.309017, 0.0, 0.0, 0.0, 0.0, 1.0 ], [ -0.809017, -0.309017, 0.5, 0.0, 0.309017, 0.5, 0.809017, 0.0, -0.5, 0.809017, -0.309017, 0.0, 0.0, 0.0, 0.0, 1.0 ], [ -0.5, 0.809017, -0.309017, 0.0, 0.809017, 0.309017, -0.5, 0.0, -0.309017, -0.5, -0.809017, 0.0, 0.0, 0.0, 0.0, 1.0 ], [ -0.309017, -0.5, -0.809017, 0.0, 0.5, -0.809017, 0.309017, 0.0, -0.809017, -0.309017, 0.5, 0.0, 0.0, 0.0, 0.0, 1.0 ] ],
  "lights" : {
    "ambientColor" : "#292929",
    "backgroundColor" : "#AFC8DC",
    "directionalLights" : [ {
      "direction" : {
        "x" : 1.0,
        "y" : -1.0,
        "z" : -1.0
      },
      "color" : "#EBEBE4"
    }, {
      "direction" : {
        "x" : -1.0,
        "y" : 0.0,
        "z" : 0.0
      },
      "color" : "#E4E4EB"
    }, {
      "direction" : {
        "x" : 0.0,
        "y" : 0.0,
        "z" : -1.0
      },
      "color" : "#1E1E1E"
    } ]
  },
  "camera" : {
    "width" : 113.33779,
    "stereo" : false,
    "perspective" : false,
    "viewDistance" : 251.86151,
    "nearClipDistance" : 0.62965494,
    "farClipDistance" : 503.72195,
    "lookAtPoint" : {
      "x" : 0.0,
      "y" : 0.0,
      "z" : 0.0
    },
    "fieldOfView" : 0.4426293,
    "lookDirection" : {
      "x" : -0.9632434,
      "y" : 0.13892892,
      "z" : -0.22987752
    },
    "upDirection" : {
      "x" : -0.26854348,
      "y" : -0.5126721,
      "z" : 0.8154812
    },
    "position" : {
      "x" : 242.60394,
      "y" : -34.99085,
      "z" : 57.897297
    }
  },
  "embedding" : [ 1.0, 0.0, 0.0, 0.0, 0.0, 1.0, 0.0, 0.0, 0.0, 0.0, 1.0, 0.0, 0.0, 0.0, 0.0, 1.0 ],
  "shapes" : [ {
    "id" : "5644d45f-2f8c-455e-93c1-d6212f415711",
    "vertices" : [ {
      "x" : 0.309017,
      "y" : -0.309017,
      "z" : -0.309017
    }, {
      "x" : 0.5,
      "y" : 0.0,
      "z" : -0.19098301
    }, {
      "x" : 0.5,
      "y" : 0.0,
      "z" : 0.19098301
    }, {
      "x" : 0.309017,
      "y" : -0.309017,
      "z" : 0.309017
    }, {
      "x" : 0.19098301,
      "y" : -0.5,
      "z" : 0.0
    }, {
      "x" : 0.0,
      "y" : 0.19098301,
      "z" : 0.5
    }, {
      "x" : 0.0,
      "y" : -0.19098301,
      "z" : 0.5
    }, {
      "x" : 0.309017,
      "y" : 0.309017,
      "z" : 0.309017
    }, {
      "x" : -0.309017,
      "y" : -0.309017,
      "z" : 0.309017
    }, {
      "x" : -0.309017,
      "y" : 0.309017,
      "z" : 0.309017
    }, {
      "x" : -0.5,
      "y" : 0.0,
      "z" : 0.19098301
    }, {
      "x" : 0.0,
      "y" : -0.19098301,
      "z" : -0.5
    }, {
      "x" : 0.0,
      "y" : 0.19098301,
      "z" : -0.5
    }, {
      "x" : 0.309017,
      "y" : 0.309017,
      "z" : -0.309017
    }, {
      "x" : -0.309017,
      "y" : -0.309017,
      "z" : -0.309017
    }, {
      "x" : -0.19098301,
      "y" : -0.5,
      "z" : 0.0
    }, {
      "x" : -0.5,
      "y" : 0.0,
      "z" : -0.19098301
    }, {
      "x" : 0.19098301,
      "y" : 0.5,
      "z" : 0.0
    }, {
      "x" : -0.309017,
      "y" : 0.309017,
      "z" : -0.309017
    }, {
      "x" : 0.0,
      "y" : 0.0,
      "z" : 0.0
    }, {
      "x" : -0.19098301,
      "y" : 0.5,
      "z" : 0.0
    } ],
    "faces" : [ {
      "vertices" : [ 12, 18, 20 ]
    }, {
      "vertices" : [ 12, 20, 17 ]
    }, {
      "vertices" : [ 12, 17, 13 ]
    }, {
      "vertices" : [ 3, 6, 8 ]
    }, {
      "vertices" : [ 3, 8, 15 ]
    }, {
      "vertices" : [ 3, 15, 4 ]
    }, {
      "vertices" : [ 0, 11, 12 ]
    }, {
      "vertices" : [ 0, 12, 13 ]
    }, {
      "vertices" : [ 0, 13, 1 ]
    }, {
      "vertices" : [ 5, 9, 10 ]
    }, {
      "vertices" : [ 5, 10, 8 ]
    }, {
      "vertices" : [ 5, 8, 6 ]
    }, {
      "vertices" : [ 2, 7, 5 ]
    }, {
      "vertices" : [ 2, 5, 6 ]
    }, {
      "vertices" : [ 2, 6, 3 ]
    }, {
      "vertices" : [ 11, 14, 16 ]
    }, {
      "vertices" : [ 11, 16, 18 ]
    }, {
      "vertices" : [ 11, 18, 12 ]
    }, {
      "vertices" : [ 1, 13, 17 ]
    }, {
      "vertices" : [ 1, 17, 7 ]
    }, {
      "vertices" : [ 1, 7, 2 ]
    }, {
      "vertices" : [ 9, 20, 18 ]
    }, {
      "vertices" : [ 9, 18, 16 ]
    }, {
      "vertices" : [ 9, 16, 10 ]
    }, {
      "vertices" : [ 0, 1, 2 ]
    }, {
      "vertices" : [ 0, 2, 3 ]
    }, {
      "vertices" : [ 0, 3, 4 ]
    }, {
      "vertices" : [ 5, 7, 17 ]
    }, {
      "vertices" : [ 5, 17, 20 ]
    }, {
      "vertices" : [ 5, 20, 9 ]
    }, {
      "vertices" : [ 0, 4, 15 ]
    }, {
      "vertices" : [ 0, 15, 14 ]
    }, {
      "vertices" : [ 0, 14, 11 ]
    }, {
      "vertices" : [ 8, 10, 16 ]
    }, {
      "vertices" : [ 8, 16, 14 ]
    }, {
      "vertices" : [ 8, 14, 15 ]
    } ]
  }, {
    "id" : "4a3bc355-939b-438b-9f0e-d86f3dad249f",
    "vertices" : [ {
      "x" : 28.725426,
      "y" : 10.972136,
      "z" : -4.190983
    }, {
      "x" : 28.343458,
      "y" : 10.5172205,
      "z" : -4.0
    }, {
      "x" : 28.18034,
      "y" : 10.781153,
      "z" : -4.427051
    }, {
      "x" : 28.107391,
      "y" : 11.045085,
      "z" : -4.236068
    }, {
      "x" : 0.85410196,
      "y" : 0.309017,
      "z" : 0.19098301
    }, {
      "x" : 0.690983,
      "y" : 0.572949,
      "z" : -0.23606798
    }, {
      "x" : 0.309017,
      "y" : 0.11803399,
      "z" : -0.045084972
    }, {
      "x" : 0.76393205,
      "y" : 0.309017,
      "z" : -0.42705098
    }, {
      "x" : 0.927051,
      "y" : 0.045084972,
      "z" : 0.0
    }, {
      "x" : 28.27051,
      "y" : 10.781153,
      "z" : -3.809017
    }, {
      "x" : 29.034441,
      "y" : 11.09017,
      "z" : -4.236068
    } ],
    "faces" : [ {
      "vertices" : [ 2, 7, 5 ]
    }, {
      "vertices" : [ 2, 5, 3 ]
    }, {
      "vertices" : [ 1, 8, 7 ]
    }, {
      "vertices" : [ 1, 7, 2 ]
    }, {
      "vertices" : [ 4, 6, 8 ]
    }, {
      "vertices" : [ 5, 7, 6 ]
    }, {
      "vertices" : [ 0, 1, 2 ]
    }, {
      "vertices" : [ 0, 2, 3 ]
    }, {
      "vertices" : [ 6, 7, 8 ]
    }, {
      "vertices" : [ 3, 5, 4 ]
    }, {
      "vertices" : [ 3, 4, 9 ]
    }, {
      "vertices" : [ 1, 9, 4 ]
    }, {
      "vertices" : [ 1, 4, 8 ]
    }, {
      "vertices" : [ 0, 9, 1 ]
    }, {
      "vertices" : [ 0, 3, 9 ]
    }, {
      "vertices" : [ 4, 5, 6 ]
    } ]
  }, {
    "id" : "e30ea6a5-22fb-4a7f-b0db-241dc3fdb925",
    "vertices" : [ {
      "x" : 1.0,
      "y" : 0.309017,
      "z" : 0.19098301
    }, {
      "x" : 1.0,
      "y" : -0.309017,
      "z" : 0.19098301
    }, {
      "x" : 21.18034,
      "y" : -0.309017,
      "z" : 0.19098301
    }, {
      "x" : 21.18034,
      "y" : 0.309017,
      "z" : 0.19098301
    }, {
      "x" : 21.18034,
      "y" : -0.309017,
      "z" : -0.19098301
    }, {
      "x" : 21.18034,
      "y" : 0.309017,
      "z" : -0.19098301
    }, {
      "x" : 21.798374,
      "y" : 0.0,
      "z" : 0.0
    }, {
      "x" : 0.38196602,
      "y" : 0.0,
      "z" : 0.0
    }, {
      "x" : 1.0,
      "y" : 0.309017,
      "z" : -0.19098301
    }, {
      "x" : 1.0,
      "y" : -0.309017,
      "z" : -0.19098301
    }, {
      "x" : 22.18034,
      "y" : 0.0,
      "z" : 0.0
    } ],
    "faces" : [ {
      "vertices" : [ 1, 9, 4 ]
    }, {
      "vertices" : [ 1, 4, 2 ]
    }, {
      "vertices" : [ 0, 3, 5 ]
    }, {
      "vertices" : [ 0, 5, 8 ]
    }, {
      "vertices" : [ 1, 7, 9 ]
    }, {
      "vertices" : [ 0, 1, 2 ]
    }, {
      "vertices" : [ 0, 2, 3 ]
    }, {
      "vertices" : [ 7, 8, 9 ]
    }, {
      "vertices" : [ 0, 7, 1 ]
    }, {
      "vertices" : [ 4, 9, 8 ]
    }, {
      "vertices" : [ 4, 8, 5 ]
    }, {
      "vertices" : [ 2, 6, 3 ]
    }, {
      "vertices" : [ 2, 4, 6 ]
    }, {
      "vertices" : [ 3, 6, 5 ]
    }, {
      "vertices" : [ 4, 5, 6 ]
    }, {
      "vertices" : [ 0, 8, 7 ]
    } ]
  }, {
    "id" : "63172268-b24e-4ef4-b05f-956c0a0d29e4",
    "vertices" : [ {
      "x" : 6.419645,
      "y" : -0.8470216,
      "z" : -11.403971
    }, {
      "x" : 6.319645,
      "y" : -1.2470216,
      "z" : -11.30397
    }, {
      "x" : 0.43445724,
      "y" : -0.32379878,
      "z" : -0.40980613
    }, {
      "x" : 0.53445727,
      "y" : 0.076201215,
      "z" : -0.50980616
    }, {
      "x" : 6.6196446,
      "y" : -1.3803549,
      "z" : -11.070638
    }, {
      "x" : 6.7196445,
      "y" : -0.98035496,
      "z" : -11.170637
    }, {
      "x" : 0.23445725,
      "y" : 0.20953454,
      "z" : -0.74313945
    }, {
      "x" : 0.13445726,
      "y" : -0.19046545,
      "z" : -0.6431395
    } ],
    "faces" : [ {
      "vertices" : [ 2, 3, 6 ]
    }, {
      "vertices" : [ 2, 6, 7 ]
    }, {
      "vertices" : [ 0, 5, 4 ]
    }, {
      "vertices" : [ 0, 4, 1 ]
    }, {
      "vertices" : [ 2, 4, 5 ]
    }, {
      "vertices" : [ 2, 5, 3 ]
    }, {
      "vertices" : [ 0, 6, 3 ]
    }, {
      "vertices" : [ 0, 3, 5 ]
    }, {
      "vertices" : [ 0, 1, 7 ]
    }, {
      "vertices" : [ 0, 7, 6 ]
    }, {
      "vertices" : [ 1, 4, 2 ]
    }, {
      "vertices" : [ 1, 2, 7 ]
    } ]
  }, {
    "id" : "d78aa9e4-0e4b-48c0-97a9-b3d3be2d7fb6",
    "vertices" : [ {
      "x" : 10.655713,
      "y" : -1.5706284,
      "z" : -18.705286
    }, {
      "x" : 10.555713,
      "y" : -1.9706284,
      "z" : -18.605286
    }, {
      "x" : 0.43445724,
      "y" : -0.32379878,
      "z" : -0.40980613
    }, {
      "x" : 0.53445727,
      "y" : 0.076201215,
      "z" : -0.50980616
    }, {
      "x" : 10.855713,
      "y" : -2.1039617,
      "z" : -18.371952
    }, {
      "x" : 10.955712,
      "y" : -1.7039617,
      "z" : -18.471952
    }, {
      "x" : 0.23445725,
      "y" : 0.20953454,
      "z" : -0.74313945
    }, {
      "x" : 0.13445726,
      "y" : -0.19046545,
      "z" : -0.6431395
    } ],
    "faces" : [ {
      "vertices" : [ 2, 3, 6 ]
    }, {
      "vertices" : [ 2, 6, 7 ]
    }, {
      "vertices" : [ 0, 5, 4 ]
    }, {
      "vertices" : [ 0, 4, 1 ]
    }, {
      "vertices" : [ 2, 4, 5 ]
    }, {
      "vertices" : [ 2, 5, 3 ]
    }, {
      "vertices" : [ 0, 6, 3 ]
    }, {
      "vertices" : [ 0, 3, 5 ]
    }, {
      "vertices" : [ 0, 1, 7 ]
    }, {
      "vertices" : [ 0, 7, 6 ]
    }, {
      "vertices" : [ 1, 4, 2 ]
    }, {
      "vertices" : [ 1, 2, 7 ]
    } ]
  }, {
    "id" : "a6fcf1ab-1ea2-44cb-838e-cddd73f89c32",
    "vertices" : [ {
      "x" : 1.0,
      "y" : 0.309017,
      "z" : 0.19098301
    }, {
      "x" : 1.0,
      "y" : -0.309017,
      "z" : 0.19098301
    }, {
      "x" : 12.708204,
      "y" : -0.309017,
      "z" : 0.19098301
    }, {
      "x" : 12.708204,
      "y" : 0.309017,
      "z" : 0.19098301
    }, {
      "x" : 12.708204,
      "y" : -0.309017,
      "z" : -0.19098301
    }, {
      "x" : 12.708204,
      "y" : 0.309017,
      "z" : -0.19098301
    }, {
      "x" : 13.326238,
      "y" : 0.0,
      "z" : 0.0
    }, {
      "x" : 0.38196602,
      "y" : 0.0,
      "z" : 0.0
    }, {
      "x" : 1.0,
      "y" : 0.309017,
      "z" : -0.19098301
    }, {
      "x" : 1.0,
      "y" : -0.309017,
      "z" : -0.19098301
    }, {
      "x" : 13.708204,
      "y" : 0.0,
      "z" : 0.0
    } ],
    "faces" : [ {
      "vertices" : [ 1, 9, 4 ]
    }, {
      "vertices" : [ 1, 4, 2 ]
    }, {
      "vertices" : [ 0, 3, 5 ]
    }, {
      "vertices" : [ 0, 5, 8 ]
    }, {
      "vertices" : [ 1, 7, 9 ]
    }, {
      "vertices" : [ 0, 1, 2 ]
    }, {
      "vertices" : [ 0, 2, 3 ]
    }, {
      "vertices" : [ 7, 8, 9 ]
    }, {
      "vertices" : [ 0, 7, 1 ]
    }, {
      "vertices" : [ 4, 9, 8 ]
    }, {
      "vertices" : [ 4, 8, 5 ]
    }, {
      "vertices" : [ 2, 6, 3 ]
    }, {
      "vertices" : [ 2, 4, 6 ]
    }, {
      "vertices" : [ 3, 6, 5 ]
    }, {
      "vertices" : [ 4, 5, 6 ]
    }, {
      "vertices" : [ 0, 8, 7 ]
    } ]
  }, {
    "id" : "9f2f9427-e411-409d-9b64-84a7696f010a",
    "vertices" : [ {
      "x" : -10.887212,
      "y" : -13.792844,
      "z" : -12.39086
    }, {
      "x" : -10.487211,
      "y" : -13.892843,
      "z" : -12.49086
    }, {
      "x" : -0.20295861,
      "y" : -0.36257407,
      "z" : -0.5937375
    }, {
      "x" : -0.6029586,
      "y" : -0.26257408,
      "z" : -0.49373746
    }, {
      "x" : -10.620544,
      "y" : -13.65951,
      "z" : -12.790859
    }, {
      "x" : -11.020545,
      "y" : -13.55951,
      "z" : -12.69086
    }, {
      "x" : -0.46962526,
      "y" : -0.49590743,
      "z" : -0.19373746
    }, {
      "x" : -0.06962527,
      "y" : -0.5959074,
      "z" : -0.29373747
    } ],
    "faces" : [ {
      "vertices" : [ 2, 3, 6 ]
    }, {
      "vertices" : [ 2, 6, 7 ]
    }, {
      "vertices" : [ 0, 5, 4 ]
    }, {
      "vertices" : [ 0, 4, 1 ]
    }, {
      "vertices" : [ 2, 4, 5 ]
    }, {
      "vertices" : [ 2, 5, 3 ]
    }, {
      "vertices" : [ 0, 6, 3 ]
    }, {
      "vertices" : [ 0, 3, 5 ]
    }, {
      "vertices" : [ 0, 1, 7 ]
    }, {
      "vertices" : [ 0, 7, 6 ]
    }, {
      "vertices" : [ 1, 4, 2 ]
    }, {
      "vertices" : [ 1, 2, 7 ]
    } ]
  }, {
    "id" : "d3358e2f-2915-4f3b-aa55-0fae1b28e887",
    "vertices" : [ {
      "x" : 11.09017,
      "y" : 1.8944272,
      "z" : -3.0652475
    }, {
      "x" : 0.0,
      "y" : 6.130495,
      "z" : -9.91935
    }, {
      "x" : -11.09017,
      "y" : 1.8944272,
      "z" : -3.0652475
    }, {
      "x" : -6.854102,
      "y" : -4.959675,
      "z" : 8.024922
    }, {
      "x" : 6.854102,
      "y" : -4.959675,
      "z" : 8.024922
    } ],
    "faces" : [ {
      "vertices" : [ 0, 1, 2 ]
    }, {
      "vertices" : [ 0, 2, 3 ]
    }, {
      "vertices" : [ 0, 3, 4 ]
    }, {
      "vertices" : [ 0, 4, 3 ]
    }, {
      "vertices" : [ 0, 3, 2 ]
    }, {
      "vertices" : [ 0, 2, 1 ]
    } ]
  }, {
    "id" : "e19b0c1e-8960-49d3-aeaf-e5870fc96350",
    "vertices" : [ {
      "x" : 10.757891,
      "y" : -27.446695,
      "z" : 8.736475
    }, {
      "x" : 10.657891,
      "y" : -27.346697,
      "z" : 9.136475
    }, {
      "x" : 0.33227906,
      "y" : -0.41692546,
      "z" : 0.45926774
    }, {
      "x" : 0.43227908,
      "y" : -0.51692545,
      "z" : 0.05926773
    }, {
      "x" : 10.9578905,
      "y" : -27.113363,
      "z" : 9.269809
    }, {
      "x" : 11.057891,
      "y" : -27.213362,
      "z" : 8.869808
    }, {
      "x" : 0.13227907,
      "y" : -0.7502588,
      "z" : -0.0740656
    }, {
      "x" : 0.032279067,
      "y" : -0.6502588,
      "z" : 0.3259344
    } ],
    "faces" : [ {
      "vertices" : [ 2, 3, 6 ]
    }, {
      "vertices" : [ 2, 6, 7 ]
    }, {
      "vertices" : [ 0, 5, 4 ]
    }, {
      "vertices" : [ 0, 4, 1 ]
    }, {
      "vertices" : [ 2, 4, 5 ]
    }, {
      "vertices" : [ 2, 5, 3 ]
    }, {
      "vertices" : [ 0, 6, 3 ]
    }, {
      "vertices" : [ 0, 3, 5 ]
    }, {
      "vertices" : [ 0, 1, 7 ]
    }, {
      "vertices" : [ 0, 7, 6 ]
    }, {
      "vertices" : [ 1, 4, 2 ]
    }, {
      "vertices" : [ 1, 2, 7 ]
    } ]
  } ],
  "instances" : [ {
    "shape" : "5644d45f-2f8c-455e-93c1-d6212f415711",
    "color" : "#FFFFFF",
    "position" : {
      "x" : 11.09017,
      "y" : 30.567066,
      "z" : 23.127554
    }
  }, {
    "shape" : "4a3bc355-939b-438b-9f0e-d86f3dad249f",
    "color" : "#008D36",
    "position" : {
      "x" : 0.0,
      "y" : 12.622794,
      "z" : -5.9068885
    },
    "orientation" : 35
  }, {
    "shape" : "e30ea6a5-22fb-4a7f-b0db-241dc3fdb925",
    "color" : "#007695",
    "position" : {
      "x" : -6.854102,
      "y" : 1.5326238,
      "z" : 12.037383
    },
    "orientation" : 11
  }, {
    "shape" : "63172268-b24e-4ef4-b05f-956c0a0d29e4",
    "color" : "#007695",
    "position" : {
      "x" : -11.09017,
      "y" : -14.5172205,
      "z" : -26.916409
    },
    "orientation" : 20
  }, {
    "shape" : "e30ea6a5-22fb-4a7f-b0db-241dc3fdb925",
    "color" : "#007695",
    "position" : {
      "x" : 17.944271,
      "y" : 19.476896,
      "z" : 18.891485
    },
    "orientation" : 36
  }, {
    "shape" : "5644d45f-2f8c-455e-93c1-d6212f415711",
    "color" : "#FFFFFF",
    "position" : {
      "x" : 11.09017,
      "y" : 30.567066,
      "z" : 0.9472136
    }
  }, {
    "shape" : "4a3bc355-939b-438b-9f0e-d86f3dad249f",
    "color" : "#008D36",
    "position" : {
      "x" : 11.09017,
      "y" : 8.386725,
      "z" : 0.9472136
    },
    "orientation" : 51
  }, {
    "shape" : "5644d45f-2f8c-455e-93c1-d6212f415711",
    "color" : "#FFFFFF",
    "position" : {
      "x" : 6.854102,
      "y" : 37.42117,
      "z" : 12.037383
    }
  }, {
    "shape" : "5644d45f-2f8c-455e-93c1-d6212f415711",
    "color" : "#FFFFFF",
    "position" : {
      "x" : 11.09017,
      "y" : 8.386725,
      "z" : 23.127554
    }
  }, {
    "shape" : "e30ea6a5-22fb-4a7f-b0db-241dc3fdb925",
    "color" : "#007695",
    "position" : {
      "x" : -17.944271,
      "y" : 19.476896,
      "z" : 5.1832814
    },
    "orientation" : 9
  }, {
    "shape" : "4a3bc355-939b-438b-9f0e-d86f3dad249f",
    "color" : "#008D36",
    "position" : {
      "x" : 11.09017,
      "y" : 8.386725,
      "z" : 23.127554
    },
    "orientation" : 51
  }, {
    "shape" : "d78aa9e4-0e4b-48c0-97a9-b3d3be2d7fb6",
    "color" : "#007695",
    "position" : {
      "x" : -6.854102,
      "y" : -11.451973,
      "z" : 4.012461
    },
    "orientation" : 5
  }, {
    "shape" : "a6fcf1ab-1ea2-44cb-838e-cddd73f89c32",
    "color" : "#007695",
    "position" : {
      "x" : 17.944271,
      "y" : 19.476896,
      "z" : 5.1832814
    },
    "orientation" : 2
  }, {
    "shape" : "9f2f9427-e411-409d-9b64-84a7696f010a",
    "color" : "#007695",
    "position" : {
      "x" : 17.944271,
      "y" : -13.3464,
      "z" : -15.102632
    },
    "orientation" : 52
  }, {
    "shape" : "e30ea6a5-22fb-4a7f-b0db-241dc3fdb925",
    "color" : "#007695",
    "position" : {
      "x" : 11.09017,
      "y" : 8.386725,
      "z" : 23.127554
    },
    "orientation" : 51
  }, {
    "shape" : "a6fcf1ab-1ea2-44cb-838e-cddd73f89c32",
    "color" : "#007695",
    "position" : {
      "x" : -6.854102,
      "y" : 37.42117,
      "z" : 12.037383
    },
    "orientation" : 0
  }, {
    "shape" : "5644d45f-2f8c-455e-93c1-d6212f415711",
    "color" : "#FFFFFF",
    "position" : {
      "x" : 0.0,
      "y" : 6.4922986,
      "z" : 4.012461
    }
  }, {
    "shape" : "a6fcf1ab-1ea2-44cb-838e-cddd73f89c32",
    "color" : "#007695",
    "position" : {
      "x" : -11.09017,
      "y" : 8.386725,
      "z" : 23.127554
    },
    "orientation" : 11
  }, {
    "shape" : "a6fcf1ab-1ea2-44cb-838e-cddd73f89c32",
    "color" : "#007695",
    "position" : {
      "x" : 11.09017,
      "y" : 30.567066,
      "z" : 0.9472136
    },
    "orientation" : 21
  }, {
    "shape" : "a6fcf1ab-1ea2-44cb-838e-cddd73f89c32",
    "color" : "#007695",
    "position" : {
      "x" : 0.0,
      "y" : -0.3618034,
      "z" : -13.93181
    },
    "orientation" : 8
  }, {
    "shape" : "5644d45f-2f8c-455e-93c1-d6212f415711",
    "color" : "#FFFFFF",
    "position" : {
      "x" : 0.0,
      "y" : -19.476896,
      "z" : -12.037383
    }
  }, {
    "shape" : "9f2f9427-e411-409d-9b64-84a7696f010a",
    "color" : "#007695",
    "position" : {
      "x" : 0.0,
      "y" : -6.4922986,
      "z" : -26.1928
    },
    "orientation" : 57
  }, {
    "shape" : "a6fcf1ab-1ea2-44cb-838e-cddd73f89c32",
    "color" : "#007695",
    "position" : {
      "x" : -6.854102,
      "y" : 37.42117,
      "z" : 12.037383
    },
    "orientation" : 40
  }, {
    "shape" : "5644d45f-2f8c-455e-93c1-d6212f415711",
    "color" : "#FFFFFF",
    "position" : {
      "x" : -17.944271,
      "y" : 19.476896,
      "z" : 18.891485
    }
  }, {
    "shape" : "e30ea6a5-22fb-4a7f-b0db-241dc3fdb925",
    "color" : "#007695",
    "position" : {
      "x" : 6.854102,
      "y" : 1.5326238,
      "z" : 12.037383
    },
    "orientation" : 6
  }, {
    "shape" : "e30ea6a5-22fb-4a7f-b0db-241dc3fdb925",
    "color" : "#007695",
    "position" : {
      "x" : -11.09017,
      "y" : 8.386725,
      "z" : 23.127554
    },
    "orientation" : 1
  }, {
    "shape" : "5644d45f-2f8c-455e-93c1-d6212f415711",
    "color" : "#FFFFFF",
    "position" : {
      "x" : 0.0,
      "y" : -32.461494,
      "z" : 2.118034
    }
  }, {
    "shape" : "d3358e2f-2915-4f3b-aa55-0fae1b28e887",
    "color" : "#FFFFFF",
    "position" : {
      "x" : 0.0,
      "y" : 0.0,
      "z" : 0.0
    }
  }, {
    "shape" : "5644d45f-2f8c-455e-93c1-d6212f415711",
    "color" : "#FFFFFF",
    "position" : {
      "x" : -11.09017,
      "y" : 30.567066,
      "z" : 0.9472136
    }
  }, {
    "shape" : "5644d45f-2f8c-455e-93c1-d6212f415711",
    "color" : "#FFFFFF",
    "position" : {
      "x" : 0.0,
      "y" : 26.330997,
      "z" : -5.9068885
    }
  }, {
    "shape" : "e30ea6a5-22fb-4a7f-b0db-241dc3fdb925",
    "color" : "#007695",
    "position" : {
      "x" : 11.09017,
      "y" : 8.386725,
      "z" : 0.9472136
    },
    "orientation" : 54
  }, {
    "shape" : "63172268-b24e-4ef4-b05f-956c0a0d29e4",
    "color" : "#007695",
    "position" : {
      "x" : -17.944271,
      "y" : -25.607391,
      "z" : -8.972136
    },
    "orientation" : 15
  }, {
    "shape" : "63172268-b24e-4ef4-b05f-956c0a0d29e4",
    "color" : "#007695",
    "position" : {
      "x" : -11.09017,
      "y" : -24.436571,
      "z" : 2.8416407
    },
    "orientation" : 5
  }, {
    "shape" : "e30ea6a5-22fb-4a7f-b0db-241dc3fdb925",
    "color" : "#007695",
    "position" : {
      "x" : 11.09017,
      "y" : 30.567066,
      "z" : 0.9472136
    },
    "orientation" : 16
  }, {
    "shape" : "e19b0c1e-8960-49d3-aeaf-e5870fc96350",
    "color" : "#008D36",
    "position" : {
      "x" : 11.09017,
      "y" : -24.436571,
      "z" : 2.8416407
    },
    "orientation" : 41
  }, {
    "shape" : "5644d45f-2f8c-455e-93c1-d6212f415711",
    "color" : "#FFFFFF",
    "position" : {
      "x" : -11.09017,
      "y" : 8.386725,
      "z" : 0.9472136
    }
  }, {
    "shape" : "5644d45f-2f8c-455e-93c1-d6212f415711",
    "color" : "#FFFFFF",
    "position" : {
      "x" : -6.854102,
      "y" : -11.451973,
      "z" : 4.012461
    }
  }, {
    "shape" : "5644d45f-2f8c-455e-93c1-d6212f415711",
    "color" : "#FFFFFF",
    "position" : {
      "x" : -6.854102,
      "y" : 1.5326238,
      "z" : 12.037383
    }
  }, {
    "shape" : "d78aa9e4-0e4b-48c0-97a9-b3d3be2d7fb6",
    "color" : "#007695",
    "position" : {
      "x" : 11.09017,
      "y" : -4.5978713,
      "z" : -7.0777087
    },
    "orientation" : 52
  }, {
    "shape" : "5644d45f-2f8c-455e-93c1-d6212f415711",
    "color" : "#FFFFFF",
    "position" : {
      "x" : -11.09017,
      "y" : 30.567066,
      "z" : 23.127554
    }
  }, {
    "shape" : "a6fcf1ab-1ea2-44cb-838e-cddd73f89c32",
    "color" : "#007695",
    "position" : {
      "x" : 0.0,
      "y" : 26.330997,
      "z" : -5.9068885
    },
    "orientation" : 11
  }, {
    "shape" : "9f2f9427-e411-409d-9b64-84a7696f010a",
    "color" : "#007695",
    "position" : {
      "x" : -17.944271,
      "y" : -25.607391,
      "z" : -8.972136
    },
    "orientation" : 42
  }, {
    "shape" : "a6fcf1ab-1ea2-44cb-838e-cddd73f89c32",
    "color" : "#007695",
    "position" : {
      "x" : -17.944271,
      "y" : 19.476896,
      "z" : 5.1832814
    },
    "orientation" : 2
  }, {
    "shape" : "5644d45f-2f8c-455e-93c1-d6212f415711",
    "color" : "#FFFFFF",
    "position" : {
      "x" : -6.854102,
      "y" : 37.42117,
      "z" : 12.037383
    }
  }, {
    "shape" : "9f2f9427-e411-409d-9b64-84a7696f010a",
    "color" : "#007695",
    "position" : {
      "x" : 17.944271,
      "y" : -25.607391,
      "z" : -8.972136
    },
    "orientation" : 15
  }, {
    "shape" : "5644d45f-2f8c-455e-93c1-d6212f415711",
    "color" : "#FFFFFF",
    "position" : {
      "x" : -6.854102,
      "y" : -27.501818,
      "z" : -28.087229
    }
  }, {
    "shape" : "5644d45f-2f8c-455e-93c1-d6212f415711",
    "color" : "#FFFFFF",
    "position" : {
      "x" : 0.0,
      "y" : -38.591988,
      "z" : -10.142957
    }
  }, {
    "shape" : "4a3bc355-939b-438b-9f0e-d86f3dad249f",
    "color" : "#008D36",
    "position" : {
      "x" : -17.944271,
      "y" : 19.476896,
      "z" : 5.1832814
    },
    "orientation" : 9
  }, {
    "shape" : "4a3bc355-939b-438b-9f0e-d86f3dad249f",
    "color" : "#008D36",
    "position" : {
      "x" : 0.0,
      "y" : 26.330997,
      "z" : -5.9068885
    },
    "orientation" : 14
  }, {
    "shape" : "a6fcf1ab-1ea2-44cb-838e-cddd73f89c32",
    "color" : "#007695",
    "position" : {
      "x" : -11.09017,
      "y" : 30.567066,
      "z" : 0.9472136
    },
    "orientation" : 26
  }, {
    "shape" : "a6fcf1ab-1ea2-44cb-838e-cddd73f89c32",
    "color" : "#007695",
    "position" : {
      "x" : 6.854102,
      "y" : 37.42117,
      "z" : 12.037383
    },
    "orientation" : 37
  }, {
    "shape" : "5644d45f-2f8c-455e-93c1-d6212f415711",
    "color" : "#FFFFFF",
    "position" : {
      "x" : 0.0,
      "y" : -32.461494,
      "z" : -20.062305
    }
  }, {
    "shape" : "5644d45f-2f8c-455e-93c1-d6212f415711",
    "color" : "#FFFFFF",
    "position" : {
      "x" : -11.09017,
      "y" : -34.35592,
      "z" : -16.997059
    }
  }, {
    "shape" : "5644d45f-2f8c-455e-93c1-d6212f415711",
    "color" : "#FFFFFF",
    "position" : {
      "x" : -11.09017,
      "y" : -4.5978713,
      "z" : -7.0777087
    }
  }, {
    "shape" : "a6fcf1ab-1ea2-44cb-838e-cddd73f89c32",
    "color" : "#007695",
    "position" : {
      "x" : 0.0,
      "y" : -38.591988,
      "z" : -10.142957
    },
    "orientation" : 23
  }, {
    "shape" : "e19b0c1e-8960-49d3-aeaf-e5870fc96350",
    "color" : "#008D36",
    "position" : {
      "x" : 6.854102,
      "y" : -11.451973,
      "z" : 4.012461
    },
    "orientation" : 57
  }, {
    "shape" : "a6fcf1ab-1ea2-44cb-838e-cddd73f89c32",
    "color" : "#007695",
    "position" : {
      "x" : -17.944271,
      "y" : 19.476896,
      "z" : 18.891485
    },
    "orientation" : 21
  }, {
    "shape" : "4a3bc355-939b-438b-9f0e-d86f3dad249f",
    "color" : "#008D36",
    "position" : {
      "x" : 6.854102,
      "y" : 1.5326238,
      "z" : 12.037383
    },
    "orientation" : 46
  }, {
    "shape" : "e19b0c1e-8960-49d3-aeaf-e5870fc96350",
    "color" : "#008D36",
    "position" : {
      "x" : 0.0,
      "y" : -6.4922986,
      "z" : -26.1928
    },
    "orientation" : 0
  }, {
    "shape" : "9f2f9427-e411-409d-9b64-84a7696f010a",
    "color" : "#007695",
    "position" : {
      "x" : 11.09017,
      "y" : -24.436571,
      "z" : 2.8416407
    },
    "orientation" : 0
  }, {
    "shape" : "5644d45f-2f8c-455e-93c1-d6212f415711",
    "color" : "#FFFFFF",
    "position" : {
      "x" : 0.0,
      "y" : 12.622794,
      "z" : 29.981655
    }
  }, {
    "shape" : "63172268-b24e-4ef4-b05f-956c0a0d29e4",
    "color" : "#007695",
    "position" : {
      "x" : 0.0,
      "y" : -6.4922986,
      "z" : -26.1928
    },
    "orientation" : 5
  }, {
    "shape" : "d78aa9e4-0e4b-48c0-97a9-b3d3be2d7fb6",
    "color" : "#007695",
    "position" : {
      "x" : 0.0,
      "y" : -0.3618034,
      "z" : -13.93181
    },
    "orientation" : 57
  }, {
    "shape" : "63172268-b24e-4ef4-b05f-956c0a0d29e4",
    "color" : "#007695",
    "position" : {
      "x" : 11.09017,
      "y" : -14.5172205,
      "z" : -26.916409
    },
    "orientation" : 15
  }, {
    "shape" : "63172268-b24e-4ef4-b05f-956c0a0d29e4",
    "color" : "#007695",
    "position" : {
      "x" : 11.09017,
      "y" : -24.436571,
      "z" : 2.8416407
    },
    "orientation" : 0
  }, {
    "shape" : "4a3bc355-939b-438b-9f0e-d86f3dad249f",
    "color" : "#008D36",
    "position" : {
      "x" : -11.09017,
      "y" : 8.386725,
      "z" : 23.127554
    },
    "orientation" : 46
  }, {
    "shape" : "d78aa9e4-0e4b-48c0-97a9-b3d3be2d7fb6",
    "color" : "#007695",
    "position" : {
      "x" : -6.854102,
      "y" : -27.501818,
      "z" : -28.087229
    },
    "orientation" : 37
  }, {
    "shape" : "5644d45f-2f8c-455e-93c1-d6212f415711",
    "color" : "#FFFFFF",
    "position" : {
      "x" : -17.944271,
      "y" : -13.3464,
      "z" : -15.102632
    }
  }, {
    "shape" : "d78aa9e4-0e4b-48c0-97a9-b3d3be2d7fb6",
    "color" : "#007695",
    "position" : {
      "x" : 11.09017,
      "y" : -34.35592,
      "z" : -16.997059
    },
    "orientation" : 56
  }, {
    "shape" : "5644d45f-2f8c-455e-93c1-d6212f415711",
    "color" : "#FFFFFF",
    "position" : {
      "x" : 6.854102,
      "y" : -27.501818,
      "z" : -28.087229
    }
  }, {
    "shape" : "63172268-b24e-4ef4-b05f-956c0a0d29e4",
    "color" : "#007695",
    "position" : {
      "x" : 0.0,
      "y" : -32.461494,
      "z" : 2.118034
    },
    "orientation" : 20
  }, {
    "shape" : "a6fcf1ab-1ea2-44cb-838e-cddd73f89c32",
    "color" : "#007695",
    "position" : {
      "x" : -6.854102,
      "y" : -27.501818,
      "z" : -28.087229
    },
    "orientation" : 0
  }, {
    "shape" : "a6fcf1ab-1ea2-44cb-838e-cddd73f89c32",
    "color" : "#007695",
    "position" : {
      "x" : -11.09017,
      "y" : -4.5978713,
      "z" : -7.0777087
    },
    "orientation" : 23
  }, {
    "shape" : "9f2f9427-e411-409d-9b64-84a7696f010a",
    "color" : "#007695",
    "position" : {
      "x" : -11.09017,
      "y" : -24.436571,
      "z" : 2.8416407
    },
    "orientation" : 5
  }, {
    "shape" : "e30ea6a5-22fb-4a7f-b0db-241dc3fdb925",
    "color" : "#007695",
    "position" : {
      "x" : -11.09017,
      "y" : 30.567066,
      "z" : 0.9472136
    },
    "orientation" : 24
  }, {
    "shape" : "63172268-b24e-4ef4-b05f-956c0a0d29e4",
    "color" : "#007695",
    "position" : {
      "x" : -17.944271,
      "y" : -13.3464,
      "z" : -15.102632
    },
    "orientation" : 41
  }, {
    "shape" : "a6fcf1ab-1ea2-44cb-838e-cddd73f89c32",
    "color" : "#007695",
    "position" : {
      "x" : -11.09017,
      "y" : 30.567066,
      "z" : 0.9472136
    },
    "orientation" : 39
  }, {
    "shape" : "e30ea6a5-22fb-4a7f-b0db-241dc3fdb925",
    "color" : "#007695",
    "position" : {
      "x" : 0.0,
      "y" : 12.622794,
      "z" : 29.981655
    },
    "orientation" : 22
  }, {
    "shape" : "d78aa9e4-0e4b-48c0-97a9-b3d3be2d7fb6",
    "color" : "#007695",
    "position" : {
      "x" : 6.854102,
      "y" : -11.451973,
      "z" : 4.012461
    },
    "orientation" : 0
  }, {
    "shape" : "e19b0c1e-8960-49d3-aeaf-e5870fc96350",
    "color" : "#008D36",
    "position" : {
      "x" : -11.09017,
      "y" : -4.5978713,
      "z" : -7.0777087
    },
    "orientation" : 0
  }, {
    "shape" : "e30ea6a5-22fb-4a7f-b0db-241dc3fdb925",
    "color" : "#007695",
    "position" : {
      "x" : 6.854102,
      "y" : 37.42117,
      "z" : 12.037383
    },
    "orientation" : 53
  }, {
    "shape" : "5644d45f-2f8c-455e-93c1-d6212f415711",
    "color" : "#FFFFFF",
    "position" : {
      "x" : 17.944271,
      "y" : -25.607391,
      "z" : -8.972136
    }
  }, {
    "shape" : "d78aa9e4-0e4b-48c0-97a9-b3d3be2d7fb6",
    "color" : "#007695",
    "position" : {
      "x" : 0.0,
      "y" : -38.591988,
      "z" : -10.142957
    },
    "orientation" : 20
  }, {
    "shape" : "a6fcf1ab-1ea2-44cb-838e-cddd73f89c32",
    "color" : "#007695",
    "position" : {
      "x" : -11.09017,
      "y" : -34.35592,
      "z" : -16.997059
    },
    "orientation" : 8
  }, {
    "shape" : "5644d45f-2f8c-455e-93c1-d6212f415711",
    "color" : "#FFFFFF",
    "position" : {
      "x" : 0.0,
      "y" : -6.4922986,
      "z" : -26.1928
    }
  }, {
    "shape" : "4a3bc355-939b-438b-9f0e-d86f3dad249f",
    "color" : "#008D36",
    "position" : {
      "x" : 17.944271,
      "y" : 19.476896,
      "z" : 5.1832814
    },
    "orientation" : 35
  }, {
    "shape" : "e30ea6a5-22fb-4a7f-b0db-241dc3fdb925",
    "color" : "#007695",
    "position" : {
      "x" : -11.09017,
      "y" : 8.386725,
      "z" : 0.9472136
    },
    "orientation" : 2
  }, {
    "shape" : "9f2f9427-e411-409d-9b64-84a7696f010a",
    "color" : "#007695",
    "position" : {
      "x" : 11.09017,
      "y" : -14.5172205,
      "z" : -26.916409
    },
    "orientation" : 20
  }, {
    "shape" : "5644d45f-2f8c-455e-93c1-d6212f415711",
    "color" : "#FFFFFF",
    "position" : {
      "x" : 11.09017,
      "y" : -24.436571,
      "z" : 2.8416407
    }
  }, {
    "shape" : "e30ea6a5-22fb-4a7f-b0db-241dc3fdb925",
    "color" : "#007695",
    "position" : {
      "x" : 0.0,
      "y" : 26.330997,
      "z" : 29.981655
    },
    "orientation" : 26
  }, {
    "shape" : "e19b0c1e-8960-49d3-aeaf-e5870fc96350",
    "color" : "#008D36",
    "position" : {
      "x" : 0.0,
      "y" : -0.3618034,
      "z" : -13.93181
    },
    "orientation" : 5
  }, {
    "shape" : "e30ea6a5-22fb-4a7f-b0db-241dc3fdb925",
    "color" : "#007695",
    "position" : {
      "x" : 0.0,
      "y" : 12.622794,
      "z" : -5.9068885
    },
    "orientation" : 38
  }, {
    "shape" : "5644d45f-2f8c-455e-93c1-d6212f415711",
    "color" : "#FFFFFF",
    "position" : {
      "x" : 17.944271,
      "y" : 19.476896,
      "z" : 5.1832814
    }
  }, {
    "shape" : "5644d45f-2f8c-455e-93c1-d6212f415711",
    "color" : "#FFFFFF",
    "position" : {
      "x" : 11.09017,
      "y" : 8.386725,
      "z" : 0.9472136
    }
  }, {
    "shape" : "e19b0c1e-8960-49d3-aeaf-e5870fc96350",
    "color" : "#008D36",
    "position" : {
      "x" : -17.944271,
      "y" : -13.3464,
      "z" : -15.102632
    },
    "orientation" : 52
  }, {
    "shape" : "5644d45f-2f8c-455e-93c1-d6212f415711",
    "color" : "#FFFFFF",
    "position" : {
      "x" : 0.0,
      "y" : -6.4922986,
      "z" : -4.012461
    }
  }, {
    "shape" : "a6fcf1ab-1ea2-44cb-838e-cddd73f89c32",
    "color" : "#007695",
    "position" : {
