{
  "field" : "golden",
  "symmetry" : "icosahedral",
  "orientations" : [ [ 1.0, 0.0, 0.0, 0.0, 0.0, 1.0, 0.0, 0.0, 0.0, 0.0, 1.0, 0.0, 0.0, 0.0, 0.0, 1.0 ], [ 0.0, 0.0, 1.0, 0.0, 1.0, 0.0, 0.0, 0.0, 0.0, 1.0, 0.0, 0.0, 0.0, 0.0, 0.0, 1.0 ], [ 0.0, 1.0, 0.0, 0.0, 0.0, 0.0, 1.0, 0.0, 1.0, 0.0, 0.0, 0.0, 0.0, 0.0, 0.0, 1.0 ], [ 0.809017, 0.309017, 0.5, 0.0, 0.309017, 0.5, -0.809017, 0.0, -0.5, 0.809017, 0.309017, 0.0, 0.0, 0.0, 0.0, 1.0 ], [ -0.5, 0.809017, 0.309017, 0.0, 0.809017, 0.309017, 0.5, 0.0, 0.309017, 0.5, -0.809017, 0.0, 0.0, 0.0, 0.0, 1.0 ], [ 0.309017, 0.5, -0.809017, 0.0, -0.5, 0.809017, 0.309017, 0.0, 0.809017, 0.309017, 0.5, 0.0, 0.0, 0.0, 0.0, 1.0 ], [ 0.5, 0.809017, 0.309017, 0.0, 0.809017, -0.309017, -0.5, 0.0, -0.309017, 0.5, -0.809017, 0.0, 0.0, 0.0, 0.0, 1.0 ], [ -0.309017, 0.5, -0.809017, 0.0, 0.5, 0.809017, 0.309017, 0.0, 0.809017, -0.309017, -0.5, 0.0, 0.0, 0.0, 0.0, 1.0 ], [ 0.809017, -0.309017, -0.5, 0.0, -0.309017, 0.5, -0.809017, 0.0, 0.5, 0.809017, 0.309017, 0.0, 0.0, 0.0, 0.0, 1.0 ], [ 0.5, 0.809017, -0.309017, 0.0, 0.809017, -0.309017, 0.5, 0.0, 0.309017, -0.5, -0.809017, 0.0, 0.0, 0.0, 0.0, 1.0 ], [ 0.309017, -0.5, -0.809017, 0.0, 0.5, 0.809017, -0.309017, 0.0, 0.809017, -0.309017, 0.5, 0.0, 0.0, 0.0, 0.0, 1.0 ], [ 0.809017, -0.309017, 0.5, 0.0, 0.309017, -0.5, -0.809017, 0.0, 0.5, 0.809017, -0.309017, 0.0, 0.0, 0.0, 0.0, 1.0 ], [ 0.809017, 0.309017, -0.5, 0.0, 0.309017, 0.5, 0.809017, 0.0, 0.5, -0.809017, 0.309017, 0.0, 0.0, 0.0, 0.0, 1.0 ], [ 0.5, -0.809017, 0.309017, 0.0, 0.809017, 0.309017, -0.5, 0.0, 0.309017, 0.5, 0.809017, 0.0, 0.0, 0.0, 0.0, 1.0 ], [ 0.309017, 0.5, 0.809017, 0.0, 0.5, -0.809017, 0.309017, 0.0, 0.809017, 0.309017, -0.5, 0.0, 0.0, 0.0, 0.0, 1.0 ], [ 1.0, 0.0, 0.0, 0.0, 0.0, -1.0, 0.0, 0.0, 0.0, 0.0, -1.0, 0.0, 0.0, 0.0, 0.0, 1.0 ], [ 0.0, 0.0, 1.0, 0.0, -1.0, 0.0, 0.0, 0.0, 0.0, -1.0, 0.0, 0.0, 0.0, 0.0, 0.0, 1.0 ], [ 0.0, 1.0, 0.0, 0.0, 0.0, 0.0, -1.0, 0.0, -1.0, 0.0, 0.0, 0.0, 0.0, 0.0, 0.0, 1.0 ], [ 0.809017, 0.309017, 0.5, 0.0, -0.309017, -0.5, 0.809017, 0.0, 0.5, -0.809017, -0.309017, 0.0, 0.0, 0.0, 0.0, 1.0 ], [ -0.5, 0.809017, 0.309017, 0.0, -0.809017, -0.309017, -0.5, 0.0, -0.309017, -0.5, 0.809017, 0.0, 0.0, 0.0, 0.0, 1.0 ], [ 0.309017, 0.5, -0.809017, 0.0, 0.5, -0.809017, -0.309017, 0.0, -0.809017, -0.309017, -0.5, 0.0, 0.0, 0.0, 0.0, 1.0 ], [ 0.5, 0.809017, 0.309017, 0.0, -0.809017, 0.309017, 0.5, 0.0, 0.309017, -0.5, 0.809017, 0.0, 0.0, 0.0, 0.0, 1.0 ], [ -0.309017, 0.5, -0.809017, 0.0, -0.5, -0.809017, -0.309017, 0.0, -0.809017, 0.309017, 0.5, 0.0, 0.0, 0.0, 0.0, 1.0 ], [ 0.809017, -0.309017, -0.5, 0.0, 0.309017, -0.5, 0.809017, 0.0, -0.5, -0.809017, -0.309017, 0.0, 0.0, 0.0, 0.0, 1.0 ], [ 0.5, 0.809017, -0.309017, 0.0, -0.809017, 0.309017, -0.5, 0.0, -0.309017, 0.5, 0.809017, 0.0, 0.0, 0.0, 0.0, 1.0 ], [ 0.309017, -0.5, -0.809017, 0.0, -0.5, -0.809017, 0.309017, 0.0, -0.809017, 0.309017, -0.5, 0.0, 0.0, 0.0, 0.0, 1.0 ], [ 0.809017, -0.309017, 0.5, 0.0, -0.309017, 0.5, 0.809017, 0.0, -0.5, -0.809017, 0.309017, 0.0, 0.0, 0.0, 0.0, 1.0 ], [ 0.809017, 0.309017, -0.5, 0.0, -0.309017, -0.5, -0.809017, 0.0, -0.5, 0.809017, -0.309017, 0.0, 0.0, 0.0, 0.0, 1.0 ], [ 0.5, -0.809017, 0.309017, 0.0, -0.809017, -0.309017, 0.5, 0.0, -0.309017, -0.5, -0.809017, 0.0, 0.0, 0.0, 0.0, 1.0 ], [ 0.309017, 0.5, 0.809017, 0.0, -0.5, 0.809017, -0.309017, 0.0, -0.809017, -0.309017, 0.5, 0.0, 0.0, 0.0, 0.0, 1.0 ], [ -1.0, 0.0, 0.0, 0.0, 0.0, -1.0, 0.0, 0.0, 0.0, 0.0, 1.0, 0.0, 0.0, 0.0, 0.0, 1.0 ], [ 0.0, 0.0, -1.0, 0.0, -1.0, 0.0, 0.0, 0.0, 0.0, 1.0, 0.0, 0.0, 0.0, 0.0, 0.0, 1.0 ], [ 0.0, -1.0, 0.0, 0.0, 0.0, 0.0, -1.0, 0.0, 1.0, 0.0, 0.0, 0.0, 0.0, 0.0, 0.0, 1.0 ], [ -0.809017, -0.309017, -0.5, 0.0, -0.309017, -0.5, 0.809017, 0.0, -0.5, 0.809017, 0.309017, 0.0, 0.0, 0.0, 0.0, 1.0 ], [ 0.5, -0.809017, -0.309017, 0.0, -0.809017, -0.309017, -0.5, 0.0, 0.309017, 0.5, -0.809017, 0.0, 0.0, 0.0, 0.0, 1.0 ], [ -0.309017, -0.5, 0.809017, 0.0, 0.5, -0.809017, -0.309017, 0.0, 0.809017, 0.309017, 0.5, 0.0, 0.0, 0.0, 0.0, 1.0 ], [ -0.5, -0.809017, -0.309017, 0.0, -0.809017, 0.309017, 0.5, 0.0, -0.309017, 0.5, -0.809017, 0.0, 0.0, 0.0, 0.0, 1.0 ], [ 0.309017, -0.5, 0.809017, 0.0, -0.5, -0.809017, -0.309017, 0.0, 0.809017, -0.309017, -0.5, 0.0, 0.0, 0.0, 0.0, 1.0 ], [ -0.809017, 0.309017, 0.5, 0.0, 0.309017, -0.5, 0.809017, 0.0, 0.5, 0.809017, 0.309017, 0.0, 0.0, 0.0, 0.0, 1.0 ], [ -0.5, -0.809017, 0.309017, 0.0, -0.809017, 0.309017, -0.5, 0.0, 0.309017, -0.5, -0.809017, 0.0, 0.0, 0.0, 0.0, 1.0 ], [ -0.309017, 0.5, 0.809017, 0.0, -0.5, -0.809017, 0.309017, 0.0, 0.809017, -0.309017, 0.5, 0.0, 0.0, 0.0, 0.0, 1.0 ], [ -0.809017, 0.309017, -0.5, 0.0, -0.309017, 0.5, 0.809017, 0.0, 0.5, 0.809017, -0.309017, 0.0, 0.0, 0.0, 0.0, 1.0 ], [ -0.809017, -0.309017, 0.5, 0.0, -0.309017, -0.5, -0.809017, 0.0, 0.5, -0.809017, 0.309017, 0.0, 0.0, 0.0, 0.0, 1.0 ], [ -0.5, 0.809017, -0.309017, 0.0, -0.809017, -0.309017, 0.5, 0.0, 0.309017, 0.5, 0.809017, 0.0, 0.0, 0.0, 0.0, 1.0 ], [ -0.309017, -0.5, -0.809017, 0.0, -0.5, 0.809017, -0.309017, 0.0, 0.809017, 0.309017, -0.5, 0.0, 0.0, 0.0, 0.0, 1.0 ], [ -1.0, 0.0, 0.0, 0.0, 0.0, 1.0, 0.0, 0.0, 0.0, 0.0, -1.0, 0.0, 0.0, 0.0, 0.0, 1.0 ], [ 0.0, 0.0, -1.0, 0.0, 1.0, 0.0, 0.0, 0.0, 0.0, -1.0, 0.0, 0.0, 0.0, 0.0, 0.0, 1.0 ], [ 0.0, -1.0, 0.0, 0.0, 0.0, 0.0, 1.0, 0.0, -1.0, 0.0, 0.0, 0.0, 0.0, 0.0, 0.0, 1.0 ], [ -0.809017, -0.309017, -0.5, 0.0, 0.309017, 0.5, -0.809017, 0.0, 0.5, -0.809017, -0.309017, 0.0, 0.0, 0.0, 0.0, 1.0 ], [ 0.5, -0.809017, -0.309017, 0.0, 0.809017, 0.309017, 0.5, 0.0, -0.309017, -0.5, 0.809017, 0.0, 0.0, 0.0, 0.0, 1.0 ], [ -0.309017, -0.5, 0.809017, 0.0, -0.5, 0.809017, 0.309017, 0.0, -0.809017, -0.309017, -0.5, 0.0, 0.0, 0.0, 0.0, 1.0 ], [ -0.5, -0.809017, -0.309017, 0.0, 0.809017, -0.309017, -0.5, 0.0, 0.309017, -0.5, 0.809017, 0.0, 0.0, 0.0, 0.0, 1.0 ], [ 0.309017, -0.5, 0.809017, 0.0, 0.5, 0.809017, 0.309017, 0.0, -0.809017, 0.309017, 0.5, 0.0, 0.0, 0.0, 0.0, 1.0 ], [ -0.809017, 0.309017, 0.5, 0.0, -0.309017, 0.5, -0.809017, 0.0, -0.5, -0.809017, -0.309017, 0.0, 0.0, 0.0, 0.0, 1.0 ], [ -0.5, -0.809017, 0.309017, 0.0, 0.809017, -0.309017, 0.5, 0.0, -0.309017, 0.5, 0.809017, 0.0, 0.0, 0.0, 0.0, 1.0 ], [ -0.309017, 0.5, 0.809017, 0.0, 0.5, 0.809017, -0.309017, 0.0, -0.809017, 0.309017, -0.5, 0.0, 0.0, 0.0, 0.0, 1.0 ], [ -0.809017, 0.309017, -0.5, 0.0, 0.309017, -0.5, -0.809017, 0.0, -0.5, -0.809017, 0.309017, 0.0, 0.0, 0.0, 0.0, 1.0 ], [ -0.809017, -0.309017, 0.5, 0.0, 0.309017, 0.5, 0.809017, 0.0, -0.5, 0.809017, -0.309017, 0.0, 0.0, 0.0, 0.0, 1.0 ], [ -0.5, 0.809017, -0.309017, 0.0, 0.809017, 0.309017, -0.5, 0.0, -0.309017, -0.5, -0.809017, 0.0, 0.0, 0.0, 0.0, 1.0 ], [ -0.309017, -0.5, -0.809017, 0.0, 0.5, -0.809017, 0.309017, 0.0, -0.809017, -0.309017, 0.5, 0.0, 0.0, 0.0, 0.0, 1.0 ] ],
  "lights" : {
    "ambientColor" : "#292929",
    "backgroundColor" : "#FFFFEA",
    "directionalLights" : [ {
      "direction" : {
        "x" : 1.0,
        "y" : -1.0,
        "z" : -1.0
      },
      "color" : "#EBEBE4"
    }, {
      "direction" : {
        "x" : -1.0,
        "y" : 0.0,
        "z" : 0.0
      },
      "color" : "#E4E4EB"
    }, {
      "direction" : {
        "x" : 0.0,
        "y" : 0.0,
        "z" : -1.0
      },
      "color" : "#1E1E1E"
    } ]
  },
  "camera" : {
    "viewDistance" : 241.98589,
    "nearClipDistance" : 0.6049652,
    "farClipDistance" : 483.9706,
    "lookAtPoint" : {
      "x" : 0.0,
      "y" : 0.0,
      "z" : 0.0
    },
    "fieldOfView" : 0.44262928,
    "perspective" : false,
    "lookDirection" : {
      "x" : 0.14836171,
      "y" : -0.9267203,
      "z" : 0.34522057
    },
    "upDirection" : {
      "x" : 0.019614067,
      "y" : 0.3517714,
      "z" : 0.9358766
    },
    "width" : 108.893745,
    "stereo" : false,
    "position" : {
      "x" : -35.90144,
      "y" : 224.25323,
      "z" : -83.538506
    }
  },
  "embedding" : [ 1.0, 0.0, 0.0, 0.0, 0.0, 1.0, 0.0, 0.0, 0.0, 0.0, 1.0, 0.0, 0.0, 0.0, 0.0, 1.0 ],
  "shapes" : [ {
    "id" : "e5facc22-2f60-4440-893c-9b8060d0eab0",
    "vertices" : [ {
      "x" : 0.309017,
      "y" : -0.309017,
      "z" : -0.309017
    }, {
      "x" : 0.5,
      "y" : 0.0,
      "z" : -0.19098301
    }, {
      "x" : 0.5,
      "y" : 0.0,
      "z" : 0.19098301
    }, {
      "x" : 0.309017,
      "y" : -0.309017,
      "z" : 0.309017
    }, {
      "x" : 0.19098301,
      "y" : -0.5,
      "z" : 0.0
    }, {
      "x" : 0.0,
      "y" : 0.19098301,
      "z" : 0.5
    }, {
      "x" : 0.0,
      "y" : -0.19098301,
      "z" : 0.5
    }, {
      "x" : 0.309017,
      "y" : 0.309017,
      "z" : 0.309017
    }, {
      "x" : -0.309017,
      "y" : -0.309017,
      "z" : 0.309017
    }, {
      "x" : -0.309017,
      "y" : 0.309017,
      "z" : 0.309017
    }, {
      "x" : -0.5,
      "y" : 0.0,
      "z" : 0.19098301
    }, {
      "x" : 0.0,
      "y" : -0.19098301,
      "z" : -0.5
    }, {
      "x" : 0.0,
      "y" : 0.19098301,
      "z" : -0.5
    }, {
      "x" : 0.309017,
      "y" : 0.309017,
      "z" : -0.309017
    }, {
      "x" : -0.309017,
      "y" : -0.309017,
      "z" : -0.309017
    }, {
      "x" : -0.19098301,
      "y" : -0.5,
      "z" : 0.0
    }, {
      "x" : -0.5,
      "y" : 0.0,
      "z" : -0.19098301
    }, {
      "x" : 0.19098301,
      "y" : 0.5,
      "z" : 0.0
    }, {
      "x" : -0.309017,
      "y" : 0.309017,
      "z" : -0.309017
    }, {
      "x" : 0.0,
      "y" : 0.0,
      "z" : 0.0
    }, {
      "x" : -0.19098301,
      "y" : 0.5,
      "z" : 0.0
    } ],
    "faces" : [ {
      "vertices" : [ 12, 18, 20 ]
    }, {
      "vertices" : [ 12, 20, 17 ]
    }, {
      "vertices" : [ 12, 17, 13 ]
    }, {
      "vertices" : [ 3, 6, 8 ]
    }, {
      "vertices" : [ 3, 8, 15 ]
    }, {
      "vertices" : [ 3, 15, 4 ]
    }, {
      "vertices" : [ 0, 11, 12 ]
    }, {
      "vertices" : [ 0, 12, 13 ]
    }, {
      "vertices" : [ 0, 13, 1 ]
    }, {
      "vertices" : [ 5, 9, 10 ]
    }, {
      "vertices" : [ 5, 10, 8 ]
    }, {
      "vertices" : [ 5, 8, 6 ]
    }, {
      "vertices" : [ 2, 7, 5 ]
    }, {
      "vertices" : [ 2, 5, 6 ]
    }, {
      "vertices" : [ 2, 6, 3 ]
    }, {
      "vertices" : [ 11, 14, 16 ]
    }, {
      "vertices" : [ 11, 16, 18 ]
    }, {
      "vertices" : [ 11, 18, 12 ]
    }, {
      "vertices" : [ 1, 13, 17 ]
    }, {
      "vertices" : [ 1, 17, 7 ]
    }, {
      "vertices" : [ 1, 7, 2 ]
    }, {
      "vertices" : [ 9, 20, 18 ]
    }, {
      "vertices" : [ 9, 18, 16 ]
    }, {
      "vertices" : [ 9, 16, 10 ]
    }, {
      "vertices" : [ 0, 1, 2 ]
    }, {
      "vertices" : [ 0, 2, 3 ]
    }, {
      "vertices" : [ 0, 3, 4 ]
    }, {
      "vertices" : [ 5, 7, 17 ]
    }, {
      "vertices" : [ 5, 17, 20 ]
    }, {
      "vertices" : [ 5, 20, 9 ]
    }, {
      "vertices" : [ 0, 4, 15 ]
    }, {
      "vertices" : [ 0, 15, 14 ]
    }, {
      "vertices" : [ 0, 14, 11 ]
    }, {
      "vertices" : [ 8, 10, 16 ]
    }, {
      "vertices" : [ 8, 16, 14 ]
    }, {
      "vertices" : [ 8, 14, 15 ]
    } ]
  }, {
    "id" : "7804badb-5639-4acb-ad28-ab2801a00760",
    "vertices" : [ {
      "x" : 2.2129288,
      "y" : 7.188106,
      "z" : 2.2390432
    }, {
      "x" : 2.312929,
      "y" : 7.288106,
      "z" : 1.8390433
    }, {
      "x" : 0.40510514,
      "y" : 0.53867394,
      "z" : 0.04565741
    }, {
      "x" : 0.30510515,
      "y" : 0.43867394,
      "z" : 0.4456574
    }, {
      "x" : 2.6129289,
      "y" : 7.054773,
      "z" : 1.9723766
    }, {
      "x" : 2.512929,
      "y" : 6.9547725,
      "z" : 2.3723767
    }, {
      "x" : 0.005105143,
      "y" : 0.67200726,
      "z" : 0.31232408
    }, {
      "x" : 0.10510514,
      "y" : 0.7720073,
      "z" : -0.08767592
    } ],
    "faces" : [ {
      "vertices" : [ 2, 3, 6 ]
    }, {
      "vertices" : [ 2, 6, 7 ]
    }, {
      "vertices" : [ 0, 5, 4 ]
    }, {
      "vertices" : [ 0, 4, 1 ]
    }, {
      "vertices" : [ 2, 4, 5 ]
    }, {
      "vertices" : [ 2, 5, 3 ]
    }, {
      "vertices" : [ 0, 6, 3 ]
    }, {
      "vertices" : [ 0, 3, 5 ]
    }, {
      "vertices" : [ 0, 1, 7 ]
    }, {
      "vertices" : [ 0, 7, 6 ]
    }, {
      "vertices" : [ 1, 4, 2 ]
    }, {
      "vertices" : [ 1, 2, 7 ]
    } ]
  }, {
    "id" : "68e383ac-0227-4de0-a2d5-983e68576ddd",
    "vertices" : [ {
      "x" : 2.618034,
      "y" : 14.708204,
      "z" : 20.562305
    }, {
      "x" : 9.472136,
      "y" : 13.8355255,
      "z" : 15.659572
    }, {
      "x" : 5.236068,
      "y" : 17.198915,
      "z" : 9.138803
    }, {
      "x" : -1.618034,
      "y" : 18.071594,
      "z" : 14.041537
    } ],
    "faces" : [ {
      "vertices" : [ 0, 1, 2 ]
    }, {
      "vertices" : [ 0, 2, 3 ]
    }, {
      "vertices" : [ 0, 3, 2 ]
    }, {
      "vertices" : [ 0, 2, 1 ]
    } ]
  }, {
    "id" : "3dd8b185-cd44-4ce4-8b43-d74e62454ca4",
    "vertices" : [ {
      "x" : 20.562305,
      "y" : -4.36339,
      "z" : -19.277605
    }, {
      "x" : 16.326239,
      "y" : -1.0,
      "z" : -25.798374
    }, {
      "x" : 18.944271,
      "y" : 3.236068,
      "z" : -32.652477
    }, {
      "x" : 23.18034,
      "y" : -0.127322,
      "z" : -26.131708
    } ],
    "faces" : [ {
      "vertices" : [ 0, 1, 2 ]
    }, {
      "vertices" : [ 0, 2, 3 ]
    }, {
      "vertices" : [ 0, 3, 2 ]
    }, {
      "vertices" : [ 0, 2, 1 ]
    } ]
  }, {
    "id" : "ef8643be-53b4-456d-9f24-5070d8dbd64f",
    "vertices" : [ {
      "x" : 1.0,
      "y" : 0.309017,
      "z" : 0.19098301
    }, {
      "x" : 1.0,
      "y" : -0.309017,
      "z" : 0.19098301
    }, {
      "x" : 7.472136,
      "y" : -0.309017,
      "z" : 0.19098301
    }, {
      "x" : 7.472136,
      "y" : 0.309017,
      "z" : 0.19098301
    }, {
      "x" : 7.472136,
      "y" : -0.309017,
      "z" : -0.19098301
    }, {
      "x" : 7.472136,
      "y" : 0.309017,
      "z" : -0.19098301
    }, {
      "x" : 8.09017,
      "y" : 0.0,
      "z" : 0.0
    }, {
      "x" : 0.38196602,
      "y" : 0.0,
      "z" : 0.0
    }, {
      "x" : 1.0,
      "y" : 0.309017,
      "z" : -0.19098301
    }, {
      "x" : 1.0,
      "y" : -0.309017,
      "z" : -0.19098301
    }, {
      "x" : 8.472136,
      "y" : 0.0,
      "z" : 0.0
    } ],
    "faces" : [ {
      "vertices" : [ 1, 9, 4 ]
    }, {
      "vertices" : [ 1, 4, 2 ]
    }, {
      "vertices" : [ 0, 3, 5 ]
    }, {
      "vertices" : [ 0, 5, 8 ]
    }, {
      "vertices" : [ 1, 7, 9 ]
    }, {
      "vertices" : [ 0, 1, 2 ]
    }, {
      "vertices" : [ 0, 2, 3 ]
    }, {
      "vertices" : [ 7, 8, 9 ]
    }, {
      "vertices" : [ 0, 7, 1 ]
    }, {
      "vertices" : [ 4, 9, 8 ]
    }, {
      "vertices" : [ 4, 8, 5 ]
    }, {
      "vertices" : [ 2, 6, 3 ]
    }, {
      "vertices" : [ 2, 4, 6 ]
    }, {
      "vertices" : [ 3, 6, 5 ]
    }, {
      "vertices" : [ 4, 5, 6 ]
    }, {
      "vertices" : [ 0, 8, 7 ]
    } ]
  }, {
    "id" : "e0084e55-2a12-40fa-9442-acd844b8866a",
    "vertices" : [ {
      "x" : -6.854102,
      "y" : 7.854102,
      "z" : 23.18034
    }, {
      "x" : -11.09017,
      "y" : 11.217492,
      "z" : 16.65957
    }, {
      "x" : -13.708204,
      "y" : 3.490712,
      "z" : 14.37487
    }, {
      "x" : -9.472136,
      "y" : 0.127322,
      "z" : 20.89564
    } ],
    "faces" : [ {
      "vertices" : [ 0, 1, 2 ]
    }, {
      "vertices" : [ 0, 2, 3 ]
    }, {
      "vertices" : [ 0, 3, 2 ]
    }, {
      "vertices" : [ 0, 2, 1 ]
    } ]
  }, {
    "id" : "47effc3a-f2a8-433f-8ed3-60954ff5bbfa",
    "vertices" : [ {
      "x" : 3.618034,
      "y" : 21.307661,
      "z" : -13.37487
    }, {
      "x" : 7.854102,
      "y" : 14.45356,
      "z" : -15.992905
    }, {
      "x" : 10.472136,
      "y" : 18.689629,
      "z" : -22.847006
    }, {
      "x" : 6.236068,
      "y" : 25.54373,
      "z" : -20.228973
    } ],
    "faces" : [ {
      "vertices" : [ 0, 1, 2 ]
    }, {
      "vertices" : [ 0, 2, 3 ]
    }, {
      "vertices" : [ 0, 3, 2 ]
    }, {
      "vertices" : [ 0, 2, 1 ]
    } ]
  }, {
    "id" : "2a25c90f-d3f1-4fb6-b754-863ae7d67b19",
    "vertices" : [ {
      "x" : 3.236068,
      "y" : -22.18034,
      "z" : 8.472136
    }, {
      "x" : -1.0,
      "y" : -18.81695,
      "z" : 1.9513674
    }, {
      "x" : -7.854102,
      "y" : -21.434984,
      "z" : -2.2847006
    }, {
      "x" : -3.618034,
      "y" : -24.798374,
      "z" : 4.236068
    } ],
    "faces" : [ {
      "vertices" : [ 0, 1, 2 ]
    }, {
      "vertices" : [ 0, 2, 3 ]
    }, {
      "vertices" : [ 0, 3, 2 ]
    }, {
      "vertices" : [ 0, 2, 1 ]
    } ]
  }, {
    "id" : "15a6ad13-c771-435d-b17e-a43dabc2e568",
    "vertices" : [ {
      "x" : 5.236068,
      "y" : 6.72678,
      "z" : -18.277605
    }, {
      "x" : 7.854102,
      "y" : 10.962848,
      "z" : -25.131708
    }, {
      "x" : 12.09017,
      "y" : 4.108746,
      "z" : -27.74974
    }, {
      "x" : 9.472136,
      "y" : -0.127322,
      "z" : -20.89564
    } ],
    "faces" : [ {
      "vertices" : [ 0, 1, 2 ]
    }, {
      "vertices" : [ 0, 2, 3 ]
    }, {
      "vertices" : [ 0, 3, 2 ]
    }, {
      "vertices" : [ 0, 2, 1 ]
    } ]
  }, {
    "id" : "309f4b10-6d38-4f10-a322-acbd39f6e9dc",
    "vertices" : [ {
      "x" : -12.708204,
      "y" : 11.8355255,
      "z" : -14.992905
    }, {
      "x" : -8.472136,
      "y" : 4.981424,
      "z" : -17.610939
    }, {
      "x" : -12.708204,
      "y" : 8.344814,
      "z" : -24.131708
    }, {
      "x" : -16.944271,
      "y" : 15.1989155,
      "z" : -21.513674
    } ],
    "faces" : [ {
      "vertices" : [ 0, 1, 2 ]
    }, {
      "vertices" : [ 0, 2, 3 ]
    }, {
      "vertices" : [ 0, 3, 2 ]
    }, {
      "vertices" : [ 0, 2, 1 ]
    } ]
  }, {
    "id" : "206c9694-81b6-41f6-baef-aa47d9c1bd7d",
    "vertices" : [ {
      "x" : 16.944271,
      "y" : -25.671051,
      "z" : -5.9027348
    }, {
      "x" : 14.326238,
      "y" : -33.39783,
      "z" : -8.187435
    }, {
      "x" : 10.09017,
      "y" : -30.034441,
      "z" : -14.708204
    }, {
      "x" : 12.708204,
      "y" : -22.307661,
      "z" : -12.423503
    } ],
    "faces" : [ {
      "vertices" : [ 0, 1, 2 ]
    }, {
      "vertices" : [ 0, 2, 3 ]
    }, {
      "vertices" : [ 0, 3, 2 ]
    }, {
      "vertices" : [ 0, 2, 1 ]
    } ]
  }, {
    "id" : "60f17b2d-0663-4633-8fa1-ca83345e5658",
    "vertices" : [ {
      "x" : -16.326239,
      "y" : -9.472136,
      "z" : -1.618034
    }, {
      "x" : -9.472136,
      "y" : -10.344814,
      "z" : -6.5207686
    }, {
      "x" : -13.708204,
      "y" : -6.981424,
      "z" : -13.041537
    }, {
      "x" : -20.562305,
      "y" : -6.108746,
      "z" : -8.138803
    } ],
    "faces" : [ {
      "vertices" : [ 0, 1, 2 ]
    }, {
      "vertices" : [ 0, 2, 3 ]
    }, {
      "vertices" : [ 0, 3, 2 ]
    }, {
      "vertices" : [ 0, 2, 1 ]
    } ]
  }, {
    "id" : "f648a4b7-1097-4b38-9d22-961f33e6da4e",
    "vertices" : [ {
      "x" : 6.236068,
      "y" : 22.053019,
      "z" : -29.367775
    }, {
      "x" : 3.618034,
      "y" : 14.326238,
      "z" : -31.652475
    }, {
      "x" : -3.236068,
      "y" : 11.708204,
      "z" : -35.888542
    }, {
      "x" : -0.618034,
      "y" : 19.434984,
      "z" : -33.603844
    } ],
    "faces" : [ {
      "vertices" : [ 0, 1, 2 ]
    }, {
      "vertices" : [ 0, 2, 3 ]
    }, {
      "vertices" : [ 0, 3, 2 ]
    }, {
      "vertices" : [ 0, 2, 1 ]
    } ]
  }, {
    "id" : "ec9a8776-b63e-47c1-8c6a-355d7f8693f4",
    "vertices" : [ {
      "x" : 4.236068,
      "y" : -6.854102,
      "z" : -2.618034
    }, {
      "x" : 1.618034,
      "y" : -14.580882,
      "z" : -4.9027348
    }, {
      "x" : 5.854102,
      "y" : -17.944271,
      "z" : 1.618034
    }, {
      "x" : 8.472136,
      "y" : -10.217492,
      "z" : 3.9027348
    } ],
    "faces" : [ {
      "vertices" : [ 0, 1, 2 ]
    }, {
      "vertices" : [ 0, 2, 3 ]
    }, {
      "vertices" : [ 0, 3, 2 ]
    }, {
      "vertices" : [ 0, 2, 1 ]
    } ]
  }, {
    "id" : "62e7bdba-5dba-4635-9df9-bcdaec3458d2",
    "vertices" : [ {
      "x" : 23.18034,
      "y" : 6.854102,
      "z" : -7.854102
    }, {
      "x" : 20.562305,
      "y" : -0.872678,
      "z" : -10.138803
    }, {
      "x" : 27.416409,
      "y" : -1.745356,
      "z" : -15.041537
    }, {
      "x" : 30.034441,
      "y" : 5.981424,
      "z" : -12.756837
    } ],
    "faces" : [ {
      "vertices" : [ 0, 1, 2 ]
    }, {
      "vertices" : [ 0, 2, 3 ]
    }, {
      "vertices" : [ 0, 3, 2 ]
    }, {
      "vertices" : [ 0, 2, 1 ]
    } ]
  }, {
    "id" : "91d9ad29-f339-4c14-a68e-0aff778e037b",
    "vertices" : [ {
      "x" : -17.944271,
      "y" : 1.618034,
      "z" : -5.854102
    }, {
      "x" : -20.562305,
      "y" : -6.108746,
      "z" : -8.138803
    }, {
      "x" : -13.708204,
      "y" : -6.981424,
      "z" : -13.041537
    }, {
      "x" : -11.09017,
      "y" : 0.74535596,
      "z" : -10.756837
    } ],
    "faces" : [ {
      "vertices" : [ 0, 1, 2 ]
    }, {
      "vertices" : [ 0, 2, 3 ]
    }, {
      "vertices" : [ 0, 3, 2 ]
    }, {
      "vertices" : [ 0, 2, 1 ]
    } ]
  }, {
    "id" : "03c8f723-abbd-4ea3-ab48-b6f9eccb6877",
    "vertices" : [ {
      "x" : -11.09017,
      "y" : 7.72678,
      "z" : 7.5207686
    }, {
      "x" : -17.944271,
      "y" : 5.108746,
      "z" : 3.2847006
    }, {
      "x" : -22.18034,
      "y" : 8.472136,
      "z" : -3.236068
    }, {
      "x" : -15.326238,
      "y" : 11.09017,
      "z" : 1.0
    } ],
    "faces" : [ {
      "vertices" : [ 0, 1, 2 ]
    }, {
      "vertices" : [ 0, 2, 3 ]
    }, {
      "vertices" : [ 0, 3, 2 ]
    }, {
      "vertices" : [ 0, 2, 1 ]
    } ]
  }, {
    "id" : "00bb3901-a319-4081-879c-e968fe84cba2",
    "vertices" : [ {
      "x" : 13.708204,
      "y" : -3.490712,
      "z" : -14.37487
    }, {
      "x" : 9.472136,
      "y" : -0.127322,
      "z" : -20.89564
    }, {
      "x" : 16.326239,
      "y" : -1.0,
      "z" : -25.798374
    }, {
      "x" : 20.562305,
      "y" : -4.36339,
      "z" : -19.277605
    } ],
    "faces" : [ {
      "vertices" : [ 0, 1, 2 ]
    }, {
      "vertices" : [ 0, 2, 3 ]
    }, {
      "vertices" : [ 0, 3, 2 ]
    }, {
      "vertices" : [ 0, 2, 1 ]
    } ]
  }, {
    "id" : "e0b4d2d0-8bf3-4060-b1cb-84ab57d3f809",
    "vertices" : [ {
      "x" : 0.0,
      "y" : 10.472136,
      "z" : 27.416409
    }, {
      "x" : -2.618034,
      "y" : 2.745356,
      "z" : 25.131708
    }, {
      "x" : 1.618034,
      "y" : -4.108746,
      "z" : 22.513674
    }, {
      "x" : 4.236068,
      "y" : 3.618034,
      "z" : 24.798374
    } ],
    "faces" : [ {
      "vertices" : [ 0, 1, 2 ]
    }, {
      "vertices" : [ 0, 2, 3 ]
    }, {
      "vertices" : [ 0, 3, 2 ]
    }, {
      "vertices" : [ 0, 2, 1 ]
    } ]
  }, {
    "id" : "c92444d9-edb5-425d-914c-36b929053600",
    "vertices" : [ {
      "x" : -17.326239,
      "y" : -31.779799,
      "z" : -8.8054695
    }, {
      "x" : -21.562305,
      "y" : -28.416409,
      "z" : -15.326238
    }, {
      "x" : -18.944271,
      "y" : -24.18034,
      "z" : -22.18034
    }, {
      "x" : -14.708204,
      "y" : -27.54373,
      "z" : -15.659572
    } ],
    "faces" : [ {
      "vertices" : [ 0, 1, 2 ]
    }, {
      "vertices" : [ 0, 2, 3 ]
    }, {
      "vertices" : [ 0, 3, 2 ]
    }, {
      "vertices" : [ 0, 2, 1 ]
    } ]
  }, {
    "id" : "01fa434f-7c95-4461-927c-cfc0f49ff31d",
    "vertices" : [ {
      "x" : -5.236068,
      "y" : -17.198915,
      "z" : -9.138803
    }, {
      "x" : 1.618034,
      "y" : -18.071594,
      "z" : -14.041537
    }, {
      "x" : -1.0,
      "y" : -25.798374,
      "z" : -16.326239
    }, {
      "x" : -7.854102,
      "y" : -24.925695,
      "z" : -11.423503
    } ],
    "faces" : [ {
      "vertices" : [ 0, 1, 2 ]
    }, {
      "vertices" : [ 0, 2, 3 ]
    }, {
      "vertices" : [ 0, 3, 2 ]
    }, {
      "vertices" : [ 0, 2, 1 ]
    } ]
  }, {
    "id" : "68c53c5b-5e99-4118-afe4-fb5f2283b80d",
    "vertices" : [ {
      "x" : 8.472136,
      "y" : -4.981424,
      "z" : 17.610939
    }, {
      "x" : 1.618034,
      "y" : -7.5994577,
      "z" : 13.37487
    }, {
      "x" : 4.236068,
      "y" : -3.36339,
      "z" : 6.5207686
    }, {
      "x" : 11.09017,
      "y" : -0.74535596,
      "z" : 10.756837
    } ],
    "faces" : [ {
      "vertices" : [ 0, 1, 2 ]
    }, {
      "vertices" : [ 0, 2, 3 ]
    }, {
      "vertices" : [ 0, 3, 2 ]
    }, {
      "vertices" : [ 0, 2, 1 ]
    } ]
  }, {
    "id" : "c5b0f7c0-0e68-44d6-8518-92df7cb89718",
    "vertices" : [ {
      "x" : -11.09017,
      "y" : -2.745356,
      "z" : -19.89564
    }, {
      "x" : -4.236068,
      "y" : -3.618034,
      "z" : -24.798374
    }, {
      "x" : 0.0,
      "y" : -10.472136,
      "z" : -27.416409
    }, {
      "x" : -6.854102,
      "y" : -9.599458,
      "z" : -22.513674
    } ],
    "faces" : [ {
      "vertices" : [ 0, 1, 2 ]
    }, {
      "vertices" : [ 0, 2, 3 ]
    }, {
      "vertices" : [ 0, 3, 2 ]
    }, {
      "vertices" : [ 0, 2, 1 ]
    } ]
  }, {
    "id" : "dfa5d717-12d7-4a61-a40c-fee29b32f94f",
    "vertices" : [ {
      "x" : -23.798374,
      "y" : 12.580882,
      "z" : -25.74974
    }, {
      "x" : -19.562305,
      "y" : 5.72678,
      "z" : -28.367775
    }, {
      "x" : -22.18034,
      "y" : -2.0,
      "z" : -30.652475
    }, {
      "x" : -26.416409,
      "y" : 4.854102,
      "z" : -28.034441
    } ],
    "faces" : [ {
      "vertices" : [ 0, 1, 2 ]
    }, {
      "vertices" : [ 0, 2, 3 ]
    }, {
      "vertices" : [ 0, 3, 2 ]
    }, {
      "vertices" : [ 0, 2, 1 ]
    } ]
  }, {
    "id" : "d4dc472b-f5cd-4277-a0a8-a71e8ac09af3",
    "vertices" : [ {
      "x" : 31.652475,
      "y" : -5.108746,
      "z" : -8.520768
    }, {
      "x" : 35.888542,
      "y" : -11.962848,
      "z" : -11.138803
    }, {
      "x" : 31.652475,
      "y" : -8.599458,
      "z" : -17.65957
    }, {
      "x" : 27.416409,
      "y" : -1.745356,
      "z" : -15.041537
    } ],
    "faces" : [ {
      "vertices" : [ 0, 1, 2 ]
    }, {
      "vertices" : [ 0, 2, 3 ]
    }, {
      "vertices" : [ 0, 3, 2 ]
    }, {
      "vertices" : [ 0, 2, 1 ]
    } ]
  }, {
    "id" : "d776cc5d-dae7-4a61-ad91-9454e9897ec2",
    "vertices" : [ {
      "x" : 9.472136,
      "y" : 10.344814,
      "z" : 6.5207686
    }, {
      "x" : 6.854102,
      "y" : 2.618034,
      "z" : 4.236068
    }, {
      "x" : 0.0,
      "y" : 0.0,
      "z" : 0.0
    }, {
      "x" : 2.618034,
      "y" : 7.72678,
      "z" : 2.2847006
    } ],
    "faces" : [ {
      "vertices" : [ 0, 1, 2 ]
    }, {
      "vertices" : [ 0, 2, 3 ]
    }, {
      "vertices" : [ 0, 3, 2 ]
    }, {
      "vertices" : [ 0, 2, 1 ]
    } ]
  }, {
    "id" : "667386f2-50e3-443f-bce1-dd5b5367dc4c",
    "vertices" : [ {
      "x" : -5.236068,
      "y" : -11.962848,
      "z" : 4.5694013
    }, {
      "x" : -1.0,
      "y" : -15.326238,
      "z" : 11.09017
    }, {
      "x" : 3.236068,
      "y" : -22.18034,
      "z" : 8.472136
    }, {
      "x" : -1.0,
      "y" : -18.81695,
      "z" : 1.9513674
    } ],
    "faces" : [ {
      "vertices" : [ 0, 1, 2 ]
    }, {
      "vertices" : [ 0, 2, 3 ]
    }, {
      "vertices" : [ 0, 3, 2 ]
    }, {
      "vertices" : [ 0, 2, 1 ]
    } ]
  }, {
    "id" : "8a470871-d7af-41ce-ac43-cb7e54035d73",
    "vertices" : [ {
      "x" : 2.618034,
      "y" : 7.72678,
      "z" : 2.2847006
    }, {
      "x" : 5.236068,
      "y" : 11.962848,
      "z" : -4.5694013
    }, {
      "x" : 12.09017,
      "y" : 14.580882,
      "z" : -0.33333334
    }, {
      "x" : 9.472136,
      "y" : 10.344814,
      "z" : 6.5207686
    } ],
    "faces" : [ {
      "vertices" : [ 0, 1, 2 ]
    }, {
      "vertices" : [ 0, 2, 3 ]
    }, {
      "vertices" : [ 0, 3, 2 ]
    }, {
      "vertices" : [ 0, 2, 1 ]
    } ]
  }, {
    "id" : "a35fcbad-3a41-41d6-9907-536e4e450cf6",
    "vertices" : [ {
      "x" : 29.034441,
      "y" : -9.344814,
      "z" : -1.6666666
    }, {
      "x" : 33.27051,
      "y" : -16.198915,
      "z" : -4.284701
    }, {
      "x" : 35.888542,
      "y" : -11.962848,
      "z" : -11.138803
    }, {
      "x" : 31.652475,
      "y" : -5.108746,
      "z" : -8.520768
    } ],
    "faces" : [ {
      "vertices" : [ 0, 1, 2 ]
    }, {
      "vertices" : [ 0, 2, 3 ]
    }, {
      "vertices" : [ 0, 3, 2 ]
    }, {
      "vertices" : [ 0, 2, 1 ]
    } ]
  }, {
    "id" : "18336184-14c4-4702-a4cd-410d21645ea9",
    "vertices" : [ {
      "x" : 21.562305,
      "y" : 17.944271,
      "z" : -12.09017
    }, {
      "x" : 28.416409,
      "y" : 17.071594,
      "z" : -16.992905
    }, {
      "x" : 24.18034,
      "y" : 20.434984,
      "z" : -23.513674
    }, {
      "x" : 17.326239,
      "y" : 21.307661,
      "z" : -18.610939
    } ],
    "faces" : [ {
      "vertices" : [ 0, 1, 2 ]
    }, {
      "vertices" : [ 0, 2, 3 ]
    }, {
      "vertices" : [ 0, 3, 2 ]
    }, {
      "vertices" : [ 0, 2, 1 ]
    } ]
  }, {
    "id" : "53c06359-3708-4889-bff6-5316fdc72a52",
    "vertices" : [ {
      "x" : 30.652475,
      "y" : -23.925695,
      "z" : -6.5694013
    }, {
      "x" : 23.798374,
      "y" : -26.54373,
      "z" : -10.8054695
    }, {
      "x" : 26.416409,
      "y" : -22.307661,
      "z" : -17.65957
    }, {
      "x" : 33.27051,
      "y" : -19.689629,
      "z" : -13.423503
    } ],
    "faces" : [ {
      "vertices" : [ 0, 1, 2 ]
    }, {
      "vertices" : [ 0, 2, 3 ]
    }, {
      "vertices" : [ 0, 3, 2 ]
    }, {
      "vertices" : [ 0, 2, 1 ]
    } ]
  }, {
    "id" : "2651b2d6-5168-463c-8fea-3eeab8dc75b2",
    "vertices" : [ {
      "x" : 9.472136,
      "y" : 10.344814,
      "z" : 6.5207686
    }, {
      "x" : 12.09017,
      "y" : 14.580882,
      "z" : -0.33333334
    }, {
      "x" : 18.944271,
      "y" : 13.708204,
      "z" : -5.236068
    }, {
      "x" : 16.326239,
      "y" : 9.472136,
      "z" : 1.618034
    } ],
    "faces" : [ {
      "vertices" : [ 0, 1, 2 ]
    }, {
      "vertices" : [ 0, 2, 3 ]
    }, {
      "vertices" : [ 0, 3, 2 ]
    }, {
      "vertices" : [ 0, 2, 1 ]
    } ]
  }, {
    "id" : "b916d492-f045-4711-b27d-c908515f545d",
    "vertices" : [ {
      "x" : -29.034441,
      "y" : 5.854102,
      "z" : -7.472136
    }, {
      "x" : -33.27051,
      "y" : 9.217492,
      "z" : -13.992905
    }, {
      "x" : -35.888542,
      "y" : 1.4907119,
      "z" : -16.277605
    }, {
      "x" : -31.652475,
      "y" : -1.872678,
      "z" : -9.756837
    } ],
    "faces" : [ {
      "vertices" : [ 0, 1, 2 ]
    }, {
      "vertices" : [ 0, 2, 3 ]
    }, {
      "vertices" : [ 0, 3, 2 ]
    }, {
      "vertices" : [ 0, 2, 1 ]
    } ]
  }, {
    "id" : "43d84800-59c0-4f8e-91bc-8f701ba5ad53",
    "vertices" : [ {
      "x" : 5.236068,
      "y" : 6.72678,
      "z" : -18.277605
    }, {
      "x" : 9.472136,
      "y" : -0.127322,
      "z" : -20.89564
    }, {
      "x" : 2.618034,
      "y" : -2.745356,
      "z" : -25.131708
    }, {
      "x" : -1.618034,
      "y" : 4.108746,
      "z" : -22.513674
    } ],
    "faces" : [ {
      "vertices" : [ 0, 1, 2 ]
    }, {
      "vertices" : [ 0, 2, 3 ]
    }, {
      "vertices" : [ 0, 3, 2 ]
    }, {
      "vertices" : [ 0, 2, 1 ]
    } ]
  }, {
    "id" : "6f59f363-bdb2-4840-9365-ebb884631e28",
    "vertices" : [ {
      "x" : -4.854102,
      "y" : 26.289085,
      "z" : -30.98581
    }, {
      "x" : -0.618034,
      "y" : 19.434984,
      "z" : -33.603844
    }, {
      "x" : -3.236068,
      "y" : 11.708204,
      "z" : -35.888542
    }, {
      "x" : -7.472136,
      "y" : 18.562305,
      "z" : -33.27051
    } ],
    "faces" : [ {
      "vertices" : [ 0, 1, 2 ]
    }, {
      "vertices" : [ 0, 2, 3 ]
    }, {
      "vertices" : [ 0, 3, 2 ]
    }, {
      "vertices" : [ 0, 2, 1 ]
    } ]
  }, {
    "id" : "a64685e8-080d-4574-b42d-9d47c1e45969",
    "vertices" : [ {
      "x" : 5.854102,
      "y" : -17.944271,
      "z" : 1.618034
    }, {
      "x" : 12.708204,
      "y" : -18.81695,
      "z" : -3.2847006
    }, {
      "x" : 8.472136,
      "y" : -15.45356,
      "z" : -9.8054695
    }, {
      "x" : 1.618034,
      "y" : -14.580882,
      "z" : -4.9027348
    } ],
    "faces" : [ {
      "vertices" : [ 0, 1, 2 ]
    }, {
      "vertices" : [ 0, 2, 3 ]
    }, {
      "vertices" : [ 0, 3, 2 ]
    }, {
      "vertices" : [ 0, 2, 1 ]
    } ]
  }, {
    "id" : "f4ab5fe4-e3a6-4e3d-b207-501254d29d26",
    "vertices" : [ {
      "x" : -21.562305,
      "y" : -21.434984,
      "z" : 2.9513674
    }, {
      "x" : -28.416409,
      "y" : -24.053019,
      "z" : -1.2847006
    }, {
      "x" : -24.18034,
      "y" : -30.90712,
      "z" : -3.9027348
    }, {
      "x" : -17.326239,
      "y" : -28.289085,
      "z" : 0.33333334
    } ],
    "faces" : [ {
      "vertices" : [ 0, 1, 2 ]
    }, {
      "vertices" : [ 0, 2, 3 ]
    }, {
      "vertices" : [ 0, 3, 2 ]
    }, {
      "vertices" : [ 0, 2, 1 ]
    } ]
  }, {
    "id" : "aefa5737-3490-44a4-9600-94b6c7b239a0",
    "vertices" : [ {
      "x" : -22.18034,
      "y" : 8.472136,
      "z" : -3.236068
    }, {
      "x" : -17.944271,
      "y" : 1.618034,
      "z" : -5.854102
    }, {
      "x" : -11.09017,
      "y" : 0.74535596,
      "z" : -10.756837
    }, {
      "x" : -15.326238,
      "y" : 7.5994577,
      "z" : -8.138803
    } ],
    "faces" : [ {
      "vertices" : [ 0, 1, 2 ]
    }, {
      "vertices" : [ 0, 2, 3 ]
    }, {
      "vertices" : [ 0, 3, 2 ]
    }, {
      "vertices" : [ 0, 2, 1 ]
    } ]
  }, {
    "id" : "1030c6cb-2505-486a-9a9f-7a805a6725cc",
    "vertices" : [ {
      "x" : 10.09017,
      "y" : -23.053019,
      "z" : 3.5694013
    }, {
      "x" : 14.326238,
      "y" : -29.90712,
      "z" : 0.9513673
    }, {
      "x" : 16.944271,
      "y" : -25.671051,
      "z" : -5.9027348
    }, {
      "x" : 12.708204,
      "y" : -18.81695,
      "z" : -3.2847006
    } ],
    "faces" : [ {
      "vertices" : [ 0, 1, 2 ]
    }, {
      "vertices" : [ 0, 2, 3 ]
    }, {
      "vertices" : [ 0, 3, 2 ]
    }, {
      "vertices" : [ 0, 2, 1 ]
    } ]
  }, {
    "id" : "3bb66bfe-80c4-49f5-aaf9-e9e080ea078a",
    "vertices" : [ {
      "x" : -20.562305,
      "y" : -6.108746,
      "z" : -8.138803
    }, {
      "x" : -27.416409,
      "y" : -8.72678,
      "z" : -12.37487
    }, {
      "x" : -20.562305,
      "y" : -9.599458,
      "z" : -17.277605
    }, {
      "x" : -13.708204,
      "y" : -6.981424,
      "z" : -13.041537
    } ],
    "faces" : [ {
      "vertices" : [ 0, 1, 2 ]
    }, {
      "vertices" : [ 0, 2, 3 ]
    }, {
      "vertices" : [ 0, 3, 2 ]
    }, {
      "vertices" : [ 0, 2, 1 ]
    } ]
  }, {
    "id" : "d11c0a00-e565-48ae-b175-03b0d6d1173d",
    "vertices" : [ {
      "x" : -33.27051,
      "y" : 5.72678,
      "z" : -23.131708
    }, {
      "x" : -26.416409,
      "y" : 4.854102,
      "z" : -28.034441
    }, {
      "x" : -22.18034,
      "y" : -2.0,
      "z" : -30.652475
    }, {
      "x" : -29.034441,
      "y" : -1.127322,
      "z" : -25.74974
    } ],
    "faces" : [ {
      "vertices" : [ 0, 1, 2 ]
    }, {
      "vertices" : [ 0, 2, 3 ]
    }, {
      "vertices" : [ 0, 3, 2 ]
    }, {
      "vertices" : [ 0, 2, 1 ]
    } ]
  }, {
    "id" : "0a01ff27-56df-4a12-a895-6d49b9f70e68",
    "vertices" : [ {
      "x" : -13.708204,
      "y" : -1.745356,
      "z" : 0.6666667
    }, {
      "x" : -17.944271,
      "y" : 1.618034,
      "z" : -5.854102
    }, {
      "x" : -22.18034,
      "y" : 8.472136,
      "z" : -3.236068
    }, {
      "x" : -17.944271,
      "y" : 5.108746,
      "z" : 3.2847006
    } ],
    "faces" : [ {
      "vertices" : [ 0, 1, 2 ]
    }, {
      "vertices" : [ 0, 2, 3 ]
    }, {
      "vertices" : [ 0, 3, 2 ]
    }, {
      "vertices" : [ 0, 2, 1 ]
    } ]
  }, {
    "id" : "6b01d538-5404-4d1e-b93c-08502ec4d095",
    "vertices" : [ {
      "x" : -18.944271,
      "y" : -13.708204,
      "z" : 5.236068
    }, {
      "x" : -25.798374,
      "y" : -16.326239,
      "z" : 1.0
    }, {
      "x" : -28.416409,
      "y" : -24.053019,
      "z" : -1.2847006
    }, {
      "x" : -21.562305,
      "y" : -21.434984,
      "z" : 2.9513674
    } ],
    "faces" : [ {
      "vertices" : [ 0, 1, 2 ]
    }, {
      "vertices" : [ 0, 2, 3 ]
    }, {
      "vertices" : [ 0, 3, 2 ]
    }, {
      "vertices" : [ 0, 2, 1 ]
    } ]
  }, {
    "id" : "06be081e-c257-47e4-b8a2-1e231316c2ed",
    "vertices" : [ {
      "x" : 4.236068,
      "y" : -3.36339,
      "z" : 6.5207686
    }, {
      "x" : 8.472136,
      "y" : -10.217492,
      "z" : 3.9027348
    }, {
      "x" : 15.326238,
      "y" : -7.5994577,
      "z" : 8.138803
    }, {
      "x" : 11.09017,
      "y" : -0.74535596,
      "z" : 10.756837
    } ],
    "faces" : [ {
      "vertices" : [ 0, 1, 2 ]
    }, {
      "vertices" : [ 0, 2, 3 ]
    }, {
      "vertices" : [ 0, 3, 2 ]
    }, {
      "vertices" : [ 0, 2, 1 ]
    } ]
  }, {
    "id" : "7473bb06-47f3-4a2f-b86f-5c9d3bdbcc21",
    "vertices" : [ {
      "x" : 1.618034,
      "y" : -7.5994577,
      "z" : 13.37487
    }, {
      "x" : -2.618034,
      "y" : -4.236068,
      "z" : 6.854102
    }, {
      "x" : 0.0,
      "y" : 0.0,
      "z" : 0.0
    }, {
      "x" : 4.236068,
      "y" : -3.36339,
      "z" : 6.5207686
    } ],
    "faces" : [ {
      "vertices" : [ 0, 1, 2 ]
    }, {
      "vertices" : [ 0, 2, 3 ]
    }, {
      "vertices" : [ 0, 3, 2 ]
    }, {
      "vertices" : [ 0, 2, 1 ]
    } ]
  }, {
    "id" : "db8103b3-48a0-498e-92b7-08f92acfee90",
    "vertices" : [ {
      "x" : 22.18034,
      "y" : -8.472136,
      "z" : 3.236068
    }, {
      "x" : 24.798374,
      "y" : -4.236068,
      "z" : -3.618034
    }, {
      "x" : 20.562305,
      "y" : -0.872678,
      "z" : -10.138803
    }, {
      "x" : 17.944271,
      "y" : -5.108746,
      "z" : -3.2847006
    } ],
    "faces" : [ {
      "vertices" : [ 0, 1, 2 ]
    }, {
      "vertices" : [ 0, 2, 3 ]
    }, {
      "vertices" : [ 0, 3, 2 ]
    }, {
      "vertices" : [ 0, 2, 1 ]
    } ]
  }, {
    "id" : "7ec33658-3822-4183-a8ef-73278f4824cc",
    "vertices" : [ {
      "x" : 8.472136,
      "y" : -15.45356,
      "z" : -9.8054695
    }, {
      "x" : 1.618034,
      "y" : -18.071594,
      "z" : -14.041537
    }, {
      "x" : 4.236068,
      "y" : -13.8355255,
      "z" : -20.89564
    }, {
      "x" : 11.09017,
      "y" : -11.217492,
      "z" : -16.65957
    } ],
    "faces" : [ {
      "vertices" : [ 0, 1, 2 ]
    }, {
      "vertices" : [ 0, 2, 3 ]
    }, {
      "vertices" : [ 0, 3, 2 ]
    }, {
      "vertices" : [ 0, 2, 1 ]
    } ]
  }, {
    "id" : "a6e6ed20-0c46-4591-95b3-35b138dacad9",
    "vertices" : [ {
      "x" : 11.09017,
      "y" : -11.217492,
      "z" : -16.65957
    }, {
      "x" : 17.944271,
      "y" : -12.09017,
      "z" : -21.562305
    }, {
      "x" : 22.18034,
      "y" : -18.944271,
      "z" : -24.18034
    }, {
      "x" : 15.326238,
      "y" : -18.071594,
      "z" : -19.277605
    } ],
    "faces" : [ {
      "vertices" : [ 0, 1, 2 ]
    }, {
      "vertices" : [ 0, 2, 3 ]
    }, {
      "vertices" : [ 0, 3, 2 ]
    }, {
      "vertices" : [ 0, 2, 1 ]
    } ]
  }, {
    "id" : "e55f0f28-d8cd-4681-b1f9-a8b288049c5b",
    "vertices" : [ {
      "x" : -2.618034,
      "y" : -7.72678,
      "z" : -2.2847006
    }, {
      "x" : -9.472136,
      "y" : -10.344814,
      "z" : -6.5207686
    }, {
      "x" : -5.236068,
      "y" : -17.198915,
      "z" : -9.138803
    }, {
      "x" : 1.618034,
      "y" : -14.580882,
      "z" : -4.9027348
    } ],
    "faces" : [ {
      "vertices" : [ 0, 1, 2 ]
    }, {
      "vertices" : [ 0, 2, 3 ]
    }, {
      "vertices" : [ 0, 3, 2 ]
    }, {
      "vertices" : [ 0, 2, 1 ]
    } ]
  }, {
    "id" : "9b114a6f-0a0c-4d15-8b58-7cba67270590",
    "vertices" : [ {
      "x" : -6.854102,
      "y" : -2.618034,
      "z" : -4.236068
    }, {
      "x" : -11.09017,
      "y" : 0.74535596,
      "z" : -10.756837
    }, {
      "x" : -17.944271,
      "y" : 1.618034,
      "z" : -5.854102
    }, {
