{
  "polygons" : "true",
  "field" : "snubDodec",
  "symmetry" : "icosahedral",
  "orientations" : [ [ 1.0, 0.0, 0.0, 0.0, 0.0, 1.0, 0.0, 0.0, 0.0, 0.0, 1.0, 0.0, 0.0, 0.0, 0.0, 1.0 ], [ 0.0, 0.0, 1.0, 0.0, 1.0, 0.0, 0.0, 0.0, 0.0, 1.0, 0.0, 0.0, 0.0, 0.0, 0.0, 1.0 ], [ 0.0, 1.0, 0.0, 0.0, 0.0, 0.0, 1.0, 0.0, 1.0, 0.0, 0.0, 0.0, 0.0, 0.0, 0.0, 1.0 ], [ 0.809017, 0.309017, 0.5, 0.0, 0.309017, 0.5, -0.809017, 0.0, -0.5, 0.809017, 0.309017, 0.0, 0.0, 0.0, 0.0, 1.0 ], [ -0.5, 0.809017, 0.309017, 0.0, 0.809017, 0.309017, 0.5, 0.0, 0.309017, 0.5, -0.809017, 0.0, 0.0, 0.0, 0.0, 1.0 ], [ 0.309017, 0.5, -0.809017, 0.0, -0.5, 0.809017, 0.309017, 0.0, 0.809017, 0.309017, 0.5, 0.0, 0.0, 0.0, 0.0, 1.0 ], [ 0.5, 0.809017, 0.309017, 0.0, 0.809017, -0.309017, -0.5, 0.0, -0.309017, 0.5, -0.809017, 0.0, 0.0, 0.0, 0.0, 1.0 ], [ -0.309017, 0.5, -0.809017, 0.0, 0.5, 0.809017, 0.309017, 0.0, 0.809017, -0.309017, -0.5, 0.0, 0.0, 0.0, 0.0, 1.0 ], [ 0.809017, -0.309017, -0.5, 0.0, -0.309017, 0.5, -0.809017, 0.0, 0.5, 0.809017, 0.309017, 0.0, 0.0, 0.0, 0.0, 1.0 ], [ 0.5, 0.809017, -0.309017, 0.0, 0.809017, -0.309017, 0.5, 0.0, 0.309017, -0.5, -0.809017, 0.0, 0.0, 0.0, 0.0, 1.0 ], [ 0.309017, -0.5, -0.809017, 0.0, 0.5, 0.809017, -0.309017, 0.0, 0.809017, -0.309017, 0.5, 0.0, 0.0, 0.0, 0.0, 1.0 ], [ 0.809017, -0.309017, 0.5, 0.0, 0.309017, -0.5, -0.809017, 0.0, 0.5, 0.809017, -0.309017, 0.0, 0.0, 0.0, 0.0, 1.0 ], [ 0.809017, 0.309017, -0.5, 0.0, 0.309017, 0.5, 0.809017, 0.0, 0.5, -0.809017, 0.309017, 0.0, 0.0, 0.0, 0.0, 1.0 ], [ 0.5, -0.809017, 0.309017, 0.0, 0.809017, 0.309017, -0.5, 0.0, 0.309017, 0.5, 0.809017, 0.0, 0.0, 0.0, 0.0, 1.0 ], [ 0.309017, 0.5, 0.809017, 0.0, 0.5, -0.809017, 0.309017, 0.0, 0.809017, 0.309017, -0.5, 0.0, 0.0, 0.0, 0.0, 1.0 ], [ 1.0, 0.0, 0.0, 0.0, 0.0, -1.0, 0.0, 0.0, 0.0, 0.0, -1.0, 0.0, 0.0, 0.0, 0.0, 1.0 ], [ 0.0, 0.0, 1.0, 0.0, -1.0, 0.0, 0.0, 0.0, 0.0, -1.0, 0.0, 0.0, 0.0, 0.0, 0.0, 1.0 ], [ 0.0, 1.0, 0.0, 0.0, 0.0, 0.0, -1.0, 0.0, -1.0, 0.0, 0.0, 0.0, 0.0, 0.0, 0.0, 1.0 ], [ 0.809017, 0.309017, 0.5, 0.0, -0.309017, -0.5, 0.809017, 0.0, 0.5, -0.809017, -0.309017, 0.0, 0.0, 0.0, 0.0, 1.0 ], [ -0.5, 0.809017, 0.309017, 0.0, -0.809017, -0.309017, -0.5, 0.0, -0.309017, -0.5, 0.809017, 0.0, 0.0, 0.0, 0.0, 1.0 ], [ 0.309017, 0.5, -0.809017, 0.0, 0.5, -0.809017, -0.309017, 0.0, -0.809017, -0.309017, -0.5, 0.0, 0.0, 0.0, 0.0, 1.0 ], [ 0.5, 0.809017, 0.309017, 0.0, -0.809017, 0.309017, 0.5, 0.0, 0.309017, -0.5, 0.809017, 0.0, 0.0, 0.0, 0.0, 1.0 ], [ -0.309017, 0.5, -0.809017, 0.0, -0.5, -0.809017, -0.309017, 0.0, -0.809017, 0.309017, 0.5, 0.0, 0.0, 0.0, 0.0, 1.0 ], [ 0.809017, -0.309017, -0.5, 0.0, 0.309017, -0.5, 0.809017, 0.0, -0.5, -0.809017, -0.309017, 0.0, 0.0, 0.0, 0.0, 1.0 ], [ 0.5, 0.809017, -0.309017, 0.0, -0.809017, 0.309017, -0.5, 0.0, -0.309017, 0.5, 0.809017, 0.0, 0.0, 0.0, 0.0, 1.0 ], [ 0.309017, -0.5, -0.809017, 0.0, -0.5, -0.809017, 0.309017, 0.0, -0.809017, 0.309017, -0.5, 0.0, 0.0, 0.0, 0.0, 1.0 ], [ 0.809017, -0.309017, 0.5, 0.0, -0.309017, 0.5, 0.809017, 0.0, -0.5, -0.809017, 0.309017, 0.0, 0.0, 0.0, 0.0, 1.0 ], [ 0.809017, 0.309017, -0.5, 0.0, -0.309017, -0.5, -0.809017, 0.0, -0.5, 0.809017, -0.309017, 0.0, 0.0, 0.0, 0.0, 1.0 ], [ 0.5, -0.809017, 0.309017, 0.0, -0.809017, -0.309017, 0.5, 0.0, -0.309017, -0.5, -0.809017, 0.0, 0.0, 0.0, 0.0, 1.0 ], [ 0.309017, 0.5, 0.809017, 0.0, -0.5, 0.809017, -0.309017, 0.0, -0.809017, -0.309017, 0.5, 0.0, 0.0, 0.0, 0.0, 1.0 ], [ -1.0, 0.0, 0.0, 0.0, 0.0, -1.0, 0.0, 0.0, 0.0, 0.0, 1.0, 0.0, 0.0, 0.0, 0.0, 1.0 ], [ 0.0, 0.0, -1.0, 0.0, -1.0, 0.0, 0.0, 0.0, 0.0, 1.0, 0.0, 0.0, 0.0, 0.0, 0.0, 1.0 ], [ 0.0, -1.0, 0.0, 0.0, 0.0, 0.0, -1.0, 0.0, 1.0, 0.0, 0.0, 0.0, 0.0, 0.0, 0.0, 1.0 ], [ -0.809017, -0.309017, -0.5, 0.0, -0.309017, -0.5, 0.809017, 0.0, -0.5, 0.809017, 0.309017, 0.0, 0.0, 0.0, 0.0, 1.0 ], [ 0.5, -0.809017, -0.309017, 0.0, -0.809017, -0.309017, -0.5, 0.0, 0.309017, 0.5, -0.809017, 0.0, 0.0, 0.0, 0.0, 1.0 ], [ -0.309017, -0.5, 0.809017, 0.0, 0.5, -0.809017, -0.309017, 0.0, 0.809017, 0.309017, 0.5, 0.0, 0.0, 0.0, 0.0, 1.0 ], [ -0.5, -0.809017, -0.309017, 0.0, -0.809017, 0.309017, 0.5, 0.0, -0.309017, 0.5, -0.809017, 0.0, 0.0, 0.0, 0.0, 1.0 ], [ 0.309017, -0.5, 0.809017, 0.0, -0.5, -0.809017, -0.309017, 0.0, 0.809017, -0.309017, -0.5, 0.0, 0.0, 0.0, 0.0, 1.0 ], [ -0.809017, 0.309017, 0.5, 0.0, 0.309017, -0.5, 0.809017, 0.0, 0.5, 0.809017, 0.309017, 0.0, 0.0, 0.0, 0.0, 1.0 ], [ -0.5, -0.809017, 0.309017, 0.0, -0.809017, 0.309017, -0.5, 0.0, 0.309017, -0.5, -0.809017, 0.0, 0.0, 0.0, 0.0, 1.0 ], [ -0.309017, 0.5, 0.809017, 0.0, -0.5, -0.809017, 0.309017, 0.0, 0.809017, -0.309017, 0.5, 0.0, 0.0, 0.0, 0.0, 1.0 ], [ -0.809017, 0.309017, -0.5, 0.0, -0.309017, 0.5, 0.809017, 0.0, 0.5, 0.809017, -0.309017, 0.0, 0.0, 0.0, 0.0, 1.0 ], [ -0.809017, -0.309017, 0.5, 0.0, -0.309017, -0.5, -0.809017, 0.0, 0.5, -0.809017, 0.309017, 0.0, 0.0, 0.0, 0.0, 1.0 ], [ -0.5, 0.809017, -0.309017, 0.0, -0.809017, -0.309017, 0.5, 0.0, 0.309017, 0.5, 0.809017, 0.0, 0.0, 0.0, 0.0, 1.0 ], [ -0.309017, -0.5, -0.809017, 0.0, -0.5, 0.809017, -0.309017, 0.0, 0.809017, 0.309017, -0.5, 0.0, 0.0, 0.0, 0.0, 1.0 ], [ -1.0, 0.0, 0.0, 0.0, 0.0, 1.0, 0.0, 0.0, 0.0, 0.0, -1.0, 0.0, 0.0, 0.0, 0.0, 1.0 ], [ 0.0, 0.0, -1.0, 0.0, 1.0, 0.0, 0.0, 0.0, 0.0, -1.0, 0.0, 0.0, 0.0, 0.0, 0.0, 1.0 ], [ 0.0, -1.0, 0.0, 0.0, 0.0, 0.0, 1.0, 0.0, -1.0, 0.0, 0.0, 0.0, 0.0, 0.0, 0.0, 1.0 ], [ -0.809017, -0.309017, -0.5, 0.0, 0.309017, 0.5, -0.809017, 0.0, 0.5, -0.809017, -0.309017, 0.0, 0.0, 0.0, 0.0, 1.0 ], [ 0.5, -0.809017, -0.309017, 0.0, 0.809017, 0.309017, 0.5, 0.0, -0.309017, -0.5, 0.809017, 0.0, 0.0, 0.0, 0.0, 1.0 ], [ -0.309017, -0.5, 0.809017, 0.0, -0.5, 0.809017, 0.309017, 0.0, -0.809017, -0.309017, -0.5, 0.0, 0.0, 0.0, 0.0, 1.0 ], [ -0.5, -0.809017, -0.309017, 0.0, 0.809017, -0.309017, -0.5, 0.0, 0.309017, -0.5, 0.809017, 0.0, 0.0, 0.0, 0.0, 1.0 ], [ 0.309017, -0.5, 0.809017, 0.0, 0.5, 0.809017, 0.309017, 0.0, -0.809017, 0.309017, 0.5, 0.0, 0.0, 0.0, 0.0, 1.0 ], [ -0.809017, 0.309017, 0.5, 0.0, -0.309017, 0.5, -0.809017, 0.0, -0.5, -0.809017, -0.309017, 0.0, 0.0, 0.0, 0.0, 1.0 ], [ -0.5, -0.809017, 0.309017, 0.0, 0.809017, -0.309017, 0.5, 0.0, -0.309017, 0.5, 0.809017, 0.0, 0.0, 0.0, 0.0, 1.0 ], [ -0.309017, 0.5, 0.809017, 0.0, 0.5, 0.809017, -0.309017, 0.0, -0.809017, 0.309017, -0.5, 0.0, 0.0, 0.0, 0.0, 1.0 ], [ -0.809017, 0.309017, -0.5, 0.0, 0.309017, -0.5, -0.809017, 0.0, -0.5, -0.809017, 0.309017, 0.0, 0.0, 0.0, 0.0, 1.0 ], [ -0.809017, -0.309017, 0.5, 0.0, 0.309017, 0.5, 0.809017, 0.0, -0.5, 0.809017, -0.309017, 0.0, 0.0, 0.0, 0.0, 1.0 ], [ -0.5, 0.809017, -0.309017, 0.0, 0.809017, 0.309017, -0.5, 0.0, -0.309017, -0.5, -0.809017, 0.0, 0.0, 0.0, 0.0, 1.0 ], [ -0.309017, -0.5, -0.809017, 0.0, 0.5, -0.809017, 0.309017, 0.0, -0.809017, -0.309017, 0.5, 0.0, 0.0, 0.0, 0.0, 1.0 ] ],
  "lights" : {
    "ambientColor" : "#292929",
    "backgroundColor" : "#E0EFFF",
    "directionalLights" : [ {
      "direction" : [ 1.0, -1.0, -1.0 ],
      "color" : "#EBEBE4"
    }, {
      "direction" : [ -1.0, 0.0, 0.0 ],
      "color" : "#E4E4EB"
    }, {
      "direction" : [ 0.0, 0.0, -1.0 ],
      "color" : "#1E1E1E"
    } ]
  },
  "camera" : {
    "perspective" : false,
    "fieldOfView" : 0.44262943,
    "viewDistance" : 102.399254,
    "lookAtPointRV" : {
      "x" : 0.0,
      "y" : 0.0,
      "z" : 0.0,
      "zero" : true
    },
    "lookDirectionRV" : {
      "x" : -0.018981032,
      "y" : 0.010538569,
      "z" : -0.9997646,
      "zero" : false
    },
    "upDirectionRV" : {
      "x" : 0.025466997,
      "y" : 0.9996241,
      "z" : 0.01005372,
      "zero" : false
    },
    "lookAtPoint" : {
      "x" : 0.0,
      "y" : 0.0,
      "z" : 0.0
    },
    "lookDirection" : {
      "x" : -0.018981032,
      "y" : 0.010538569,
      "z" : -0.9997646
    },
    "upDirection" : {
      "x" : 0.025466997,
      "y" : 0.9996241,
      "z" : 0.01005372
    },
    "nearClipDistance" : 0.25599834,
    "farClipDistance" : 204.79892,
    "stereo" : false,
    "width" : 46.07972,
    "position" : {
      "x" : 1.9436436,
      "y" : -1.0791416,
      "z" : 102.37515
    }
  },
  "embedding" : [ 1.0, 0.0, 0.0, 0.0, 0.0, 1.0, 0.0, 0.0, 0.0, 0.0, 1.0, 0.0, 0.0, 0.0, 0.0, 1.0 ],
  "shapes" : [ {
    "id" : "eb0a1dc6-2864-4246-b3f6-7372e90e60b3",
    "name" : "ball",
    "vertices" : [ {
      "x" : 0.309017,
      "y" : -0.309017,
      "z" : -0.309017
    }, {
      "x" : 0.5,
      "y" : 0.0,
      "z" : -0.19098301
    }, {
      "x" : 0.5,
      "y" : 0.0,
      "z" : 0.19098301
    }, {
      "x" : 0.309017,
      "y" : -0.309017,
      "z" : 0.309017
    }, {
      "x" : 0.19098301,
      "y" : -0.5,
      "z" : 0.0
    }, {
      "x" : 0.0,
      "y" : 0.19098301,
      "z" : 0.5
    }, {
      "x" : 0.0,
      "y" : -0.19098301,
      "z" : 0.5
    }, {
      "x" : 0.309017,
      "y" : 0.309017,
      "z" : 0.309017
    }, {
      "x" : -0.309017,
      "y" : -0.309017,
      "z" : 0.309017
    }, {
      "x" : -0.309017,
      "y" : 0.309017,
      "z" : 0.309017
    }, {
      "x" : -0.5,
      "y" : 0.0,
      "z" : 0.19098301
    }, {
      "x" : 0.0,
      "y" : -0.19098301,
      "z" : -0.5
    }, {
      "x" : 0.0,
      "y" : 0.19098301,
      "z" : -0.5
    }, {
      "x" : 0.309017,
      "y" : 0.309017,
      "z" : -0.309017
    }, {
      "x" : -0.309017,
      "y" : -0.309017,
      "z" : -0.309017
    }, {
      "x" : -0.19098301,
      "y" : -0.5,
      "z" : 0.0
    }, {
      "x" : -0.5,
      "y" : 0.0,
      "z" : -0.19098301
    }, {
      "x" : 0.19098301,
      "y" : 0.5,
      "z" : 0.0
    }, {
      "x" : -0.309017,
      "y" : 0.309017,
      "z" : -0.309017
    }, {
      "x" : 0.0,
      "y" : 0.0,
      "z" : 0.0
    }, {
      "x" : -0.19098301,
      "y" : 0.5,
      "z" : 0.0
    } ],
    "faces" : [ {
      "vertices" : [ 12, 18, 20, 17, 13 ]
    }, {
      "vertices" : [ 3, 6, 8, 15, 4 ]
    }, {
      "vertices" : [ 0, 11, 12, 13, 1 ]
    }, {
      "vertices" : [ 5, 9, 10, 8, 6 ]
    }, {
      "vertices" : [ 2, 7, 5, 6, 3 ]
    }, {
      "vertices" : [ 11, 14, 16, 18, 12 ]
    }, {
      "vertices" : [ 1, 13, 17, 7, 2 ]
    }, {
      "vertices" : [ 9, 20, 18, 16, 10 ]
    }, {
      "vertices" : [ 0, 1, 2, 3, 4 ]
    }, {
      "vertices" : [ 5, 7, 17, 20, 9 ]
    }, {
      "vertices" : [ 0, 4, 15, 14, 11 ]
    }, {
      "vertices" : [ 8, 10, 16, 14, 15 ]
    } ]
  }, {
    "id" : "463b44b9-d7f8-4bb0-a9c6-6c5cdc2d0d3c",
    "orbit" : "snubPentagon",
    "orbitC" : "[[-38,23,6,-4,20,-12,1],[23,-15,-4,2,-12,8,1]]",
    "length" : "[18,27,0,0,-6,-9,2]",
    "name" : " :9 +27/2*phi -3*xi^2 -9/2*phi*xi^2",
    "vertices" : [ {
      "x" : 0.7308558,
      "y" : 0.76681167,
      "z" : 4.948251
    }, {
      "x" : 0.33085582,
      "y" : 0.8668117,
      "z" : 5.0482507
    }, {
      "x" : -0.04948053,
      "y" : 0.33567667,
      "z" : 0.6183862
    }, {
      "x" : 0.35051948,
      "y" : 0.23567668,
      "z" : 0.5183862
    }, {
      "x" : 0.46418914,
      "y" : 1.1668117,
      "z" : 4.814917
    }, {
      "x" : 0.86418915,
      "y" : 1.0668117,
      "z" : 4.714917
    }, {
      "x" : 0.21718614,
      "y" : -0.06432332,
      "z" : 0.75171953
    }, {
      "x" : -0.18281387,
      "y" : 0.035676684,
      "z" : 0.85171956
    } ],
    "faces" : [ {
      "vertices" : [ 2, 3, 6, 7 ]
    }, {
      "vertices" : [ 0, 5, 4, 1 ]
    }, {
      "vertices" : [ 2, 4, 5, 3 ]
    }, {
      "vertices" : [ 0, 6, 3, 5 ]
    }, {
      "vertices" : [ 0, 1, 7, 6 ]
    }, {
      "vertices" : [ 1, 4, 2, 7 ]
    } ]
  }, {
    "id" : "f4cf2535-da77-4852-b863-ec80a4ec080d",
    "orbit" : "snubTriangle",
    "orbitC" : "[[72,9,4,36,-48,-6,71],[135,-63,-28,32,-90,42,71]]",
    "length" : "[18,27,0,0,-6,-9,2]",
    "name" : " :9 +27/2*phi -3*xi^2 -9/2*phi*xi^2",
    "vertices" : [ {
      "x" : 0.072024114,
      "y" : -3.349689,
      "z" : -3.8109982
    }, {
      "x" : -0.32797587,
      "y" : -3.249689,
      "z" : -3.7109983
    }, {
      "x" : -0.293551,
      "y" : -0.5764762,
      "z" : -0.33669388
    }, {
      "x" : 0.106449015,
      "y" : -0.67647624,
      "z" : -0.43669388
    }, {
      "x" : -0.46130922,
      "y" : -3.549689,
      "z" : -3.477665
    }, {
      "x" : -0.06130922,
      "y" : -3.649689,
      "z" : -3.5776649
    }, {
      "x" : 0.23978235,
      "y" : -0.37647623,
      "z" : -0.6700272
    }, {
      "x" : -0.16021766,
      "y" : -0.27647623,
      "z" : -0.57002723
    } ],
    "faces" : [ {
      "vertices" : [ 2, 3, 6, 7 ]
    }, {
      "vertices" : [ 0, 5, 4, 1 ]
    }, {
      "vertices" : [ 2, 4, 5, 3 ]
    }, {
      "vertices" : [ 0, 6, 3, 5 ]
    }, {
      "vertices" : [ 0, 1, 7, 6 ]
    }, {
      "vertices" : [ 1, 4, 2, 7 ]
    } ]
  }, {
    "id" : "c658e42f-04ac-466e-81d5-435a1d7beba3",
    "orbit" : "18603",
    "orbitC" : "[[-56,21,12,-20,26,-2,31],[-15,25,32,-12,28,-26,31]]",
    "length" : "[0,0,0,0,8,-4,3]",
    "name" : " :8/3*xi^2 -4/3*phi*xi^2",
    "vertices" : [ {
      "x" : 5.8278627,
      "y" : 6.8941975,
      "z" : 0.13333334
    }, {
      "x" : 5.9278626,
      "y" : 6.9941974,
      "z" : -0.26666668
    }, {
      "x" : 0.6617173,
      "y" : 0.45630294,
      "z" : -0.13333334
    }, {
      "x" : 0.5617173,
      "y" : 0.35630295,
      "z" : 0.26666668
    }, {
      "x" : 6.227863,
      "y" : 6.7608643,
      "z" : -0.13333334
    }, {
      "x" : 6.127863,
      "y" : 6.6608644,
      "z" : 0.26666668
    }, {
      "x" : 0.2617173,
      "y" : 0.58963627,
      "z" : 0.13333334
    }, {
      "x" : 0.36171728,
      "y" : 0.6896363,
      "z" : -0.26666668
    } ],
    "faces" : [ {
      "vertices" : [ 2, 3, 6, 7 ]
    }, {
      "vertices" : [ 0, 5, 4, 1 ]
    }, {
      "vertices" : [ 2, 4, 5, 3 ]
    }, {
      "vertices" : [ 0, 6, 3, 5 ]
    }, {
      "vertices" : [ 0, 1, 7, 6 ]
    }, {
      "vertices" : [ 1, 4, 2, 7 ]
    } ]
  } ],
  "instances" : [ {
    "shape" : "eb0a1dc6-2864-4246-b3f6-7372e90e60b3",
    "color" : "#F2F2F2",
    "position" : {
      "x" : 1.8913866,
      "y" : 11.985759,
      "z" : -2.1423016
    }
  }, {
    "shape" : "eb0a1dc6-2864-4246-b3f6-7372e90e60b3",
    "color" : "#F2F2F2",
    "position" : {
      "x" : 2.1423016,
      "y" : 1.8913866,
      "z" : -11.985759
    }
  }, {
    "shape" : "463b44b9-d7f8-4bb0-a9c6-6c5cdc2d0d3c",
    "color" : "#BB3930",
    "position" : {
      "x" : -4.8441916,
      "y" : -9.412996,
      "z" : -6.3051176
    },
    "orientation" : 50
  }, {
    "shape" : "eb0a1dc6-2864-4246-b3f6-7372e90e60b3",
    "color" : "#F2F2F2",
    "position" : {
      "x" : 1.8913866,
      "y" : -11.985759,
      "z" : 2.1423016
    }
  }, {
    "shape" : "eb0a1dc6-2864-4246-b3f6-7372e90e60b3",
    "color" : "#F2F2F2",
    "position" : {
      "x" : -3.6752503,
      "y" : -11.304383,
      "z" : 3.24479
    }
  }, {
    "shape" : "eb0a1dc6-2864-4246-b3f6-7372e90e60b3",
    "color" : "#F2F2F2",
    "position" : {
      "x" : 4.8441916,
      "y" : 9.412996,
      "z" : -6.3051176
    }
  }, {
    "shape" : "463b44b9-d7f8-4bb0-a9c6-6c5cdc2d0d3c",
    "color" : "#BB3930",
    "position" : {
      "x" : 8.088982,
      "y" : 4.162816,
      "z" : 8.310509
    },
    "orientation" : 10
  }, {
    "shape" : "f4cf2535-da77-4852-b863-ec80a4ec080d",
    "color" : "#57BC30",
    "position" : {
      "x" : -1.1024884,
      "y" : 7.141567,
      "z" : 9.980368
    },
    "orientation" : 26
  }, {
    "shape" : "f4cf2535-da77-4852-b863-ec80a4ec080d",
    "color" : "#57BC30",
    "position" : {
      "x" : -6.3051176,
      "y" : -4.8441916,
      "z" : -9.412996
    },
    "orientation" : 7
  }, {
    "shape" : "eb0a1dc6-2864-4246-b3f6-7372e90e60b3",
    "color" : "#F2F2F2",
    "position" : {
      "x" : -3.6752503,
      "y" : 11.304383,
      "z" : -3.24479
    }
  }, {
    "shape" : "eb0a1dc6-2864-4246-b3f6-7372e90e60b3",
    "color" : "#F2F2F2",
    "position" : {
      "x" : -1.8913866,
      "y" : 11.985759,
      "z" : 2.1423016
    }
  }, {
    "shape" : "f4cf2535-da77-4852-b863-ec80a4ec080d",
    "color" : "#57BC30",
    "position" : {
      "x" : 3.6752503,
      "y" : -11.304383,
      "z" : -3.24479
    },
    "orientation" : 48
  }, {
    "shape" : "f4cf2535-da77-4852-b863-ec80a4ec080d",
    "color" : "#57BC30",
    "position" : {
      "x" : 9.980368,
      "y" : -1.1024884,
      "z" : 7.141567
    },
    "orientation" : 54
  }, {
    "shape" : "463b44b9-d7f8-4bb0-a9c6-6c5cdc2d0d3c",
    "color" : "#BB3930",
    "position" : {
      "x" : 1.1024884,
      "y" : 7.141567,
      "z" : -9.980368
    },
    "orientation" : 59
  }, {
    "shape" : "f4cf2535-da77-4852-b863-ec80a4ec080d",
    "color" : "#57BC30",
    "position" : {
      "x" : -9.980368,
      "y" : 1.1024884,
      "z" : 7.141567
    },
    "orientation" : 24
  }, {
    "shape" : "eb0a1dc6-2864-4246-b3f6-7372e90e60b3",
    "color" : "#F2F2F2",
    "position" : {
      "x" : 0.0,
      "y" : 0.0,
      "z" : 0.0
    }
  }, {
    "shape" : "eb0a1dc6-2864-4246-b3f6-7372e90e60b3",
    "color" : "#F2F2F2",
    "position" : {
      "x" : -9.980368,
      "y" : 1.1024884,
      "z" : 7.141567
    }
  }, {
    "shape" : "463b44b9-d7f8-4bb0-a9c6-6c5cdc2d0d3c",
    "color" : "#BB3930",
    "position" : {
      "x" : 1.8913866,
      "y" : -11.985759,
      "z" : 2.1423016
    },
    "orientation" : 21
  }, {
    "shape" : "eb0a1dc6-2864-4246-b3f6-7372e90e60b3",
    "color" : "#F2F2F2",
    "position" : {
      "x" : 8.088982,
      "y" : -4.162816,
      "z" : -8.310509
    }
  }, {
    "shape" : "463b44b9-d7f8-4bb0-a9c6-6c5cdc2d0d3c",
    "color" : "#BB3930",
    "position" : {
      "x" : -3.6752503,
      "y" : -11.304383,
      "z" : 3.24479
    },
    "orientation" : 16
  }, {
    "shape" : "463b44b9-d7f8-4bb0-a9c6-6c5cdc2d0d3c",
    "color" : "#BB3930",
    "position" : {
      "x" : 2.1423016,
      "y" : -1.8913866,
      "z" : 11.985759
    },
    "orientation" : 37
  }, {
    "shape" : "f4cf2535-da77-4852-b863-ec80a4ec080d",
    "color" : "#57BC30",
    "position" : {
      "x" : 9.412996,
      "y" : -6.3051176,
      "z" : 4.8441916
    },
    "orientation" : 53
  }, {
    "shape" : "eb0a1dc6-2864-4246-b3f6-7372e90e60b3",
    "color" : "#F2F2F2",
    "position" : {
      "x" : -11.985759,
      "y" : -2.1423016,
      "z" : -1.8913866
    }
  }, {
    "shape" : "eb0a1dc6-2864-4246-b3f6-7372e90e60b3",
    "color" : "#F2F2F2",
    "position" : {
      "x" : -1.1024884,
      "y" : 7.141567,
      "z" : 9.980368
    }
  }, {
    "shape" : "463b44b9-d7f8-4bb0-a9c6-6c5cdc2d0d3c",
    "color" : "#BB3930",
    "position" : {
      "x" : -3.6752503,
      "y" : 11.304383,
      "z" : -3.24479
    },
    "orientation" : 1
  }, {
    "shape" : "c658e42f-04ac-466e-81d5-435a1d7beba3",
    "color" : "#FFFFFF",
    "position" : {
      "x" : 3.24479,
      "y" : -3.6752503,
      "z" : -11.304383
    },
    "orientation" : 45
  }, {
    "shape" : "eb0a1dc6-2864-4246-b3f6-7372e90e60b3",
    "color" : "#F2F2F2",
    "position" : {
      "x" : 4.8441916,
      "y" : -9.412996,
      "z" : 6.3051176
    }
  }, {
    "shape" : "eb0a1dc6-2864-4246-b3f6-7372e90e60b3",
    "color" : "#F2F2F2",
    "position" : {
      "x" : -8.310509,
      "y" : 8.088982,
      "z" : -4.162816
    }
  }, {
    "shape" : "f4cf2535-da77-4852-b863-ec80a4ec080d",
    "color" : "#57BC30",
    "position" : {
      "x" : -8.310509,
      "y" : -8.088982,
      "z" : 4.162816
    },
    "orientation" : 46
  }, {
    "shape" : "f4cf2535-da77-4852-b863-ec80a4ec080d",
    "color" : "#57BC30",
    "position" : {
      "x" : 1.1024884,
      "y" : -7.141567,
      "z" : 9.980368
    },
    "orientation" : 56
  }, {
    "shape" : "463b44b9-d7f8-4bb0-a9c6-6c5cdc2d0d3c",
    "color" : "#BB3930",
    "position" : {
      "x" : 7.141567,
      "y" : -9.980368,
      "z" : 1.1024884
    },
    "orientation" : 28
  }, {
    "shape" : "eb0a1dc6-2864-4246-b3f6-7372e90e60b3",
    "color" : "#F2F2F2",
    "position" : {
      "x" : -11.985759,
      "y" : 2.1423016,
      "z" : 1.8913866
    }
  }, {
    "shape" : "463b44b9-d7f8-4bb0-a9c6-6c5cdc2d0d3c",
    "color" : "#BB3930",
    "position" : {
      "x" : 8.310509,
      "y" : -8.088982,
      "z" : -4.162816
    },
    "orientation" : 26
  }, {
    "shape" : "f4cf2535-da77-4852-b863-ec80a4ec080d",
    "color" : "#57BC30",
    "position" : {
      "x" : -3.24479,
      "y" : -3.6752503,
      "z" : 11.304383
    },
    "orientation" : 49
  }, {
    "shape" : "463b44b9-d7f8-4bb0-a9c6-6c5cdc2d0d3c",
    "color" : "#BB3930",
    "position" : {
      "x" : -9.412996,
      "y" : 6.3051176,
      "z" : 4.8441916
    },
    "orientation" : 4
  }, {
    "shape" : "f4cf2535-da77-4852-b863-ec80a4ec080d",
    "color" : "#57BC30",
    "position" : {
      "x" : -9.412996,
      "y" : 6.3051176,
      "z" : 4.8441916
    },
    "orientation" : 23
  }, {
    "shape" : "463b44b9-d7f8-4bb0-a9c6-6c5cdc2d0d3c",
    "color" : "#BB3930",
    "position" : {
      "x" : 3.24479,
      "y" : 3.6752503,
      "z" : 11.304383
    },
    "orientation" : 32
  }, {
    "shape" : "463b44b9-d7f8-4bb0-a9c6-6c5cdc2d0d3c",
    "color" : "#BB3930",
    "position" : {
      "x" : -8.088982,
      "y" : -4.162816,
      "z" : 8.310509
    },
    "orientation" : 40
  }, {
    "shape" : "eb0a1dc6-2864-4246-b3f6-7372e90e60b3",
    "color" : "#F2F2F2",
    "position" : {
      "x" : 1.1024884,
      "y" : -7.141567,
      "z" : 9.980368
    }
  }, {
    "shape" : "f4cf2535-da77-4852-b863-ec80a4ec080d",
    "color" : "#57BC30",
    "position" : {
      "x" : -3.24479,
      "y" : 3.6752503,
      "z" : -11.304383
    },
    "orientation" : 34
  }, {
    "shape" : "c658e42f-04ac-466e-81d5-435a1d7beba3",
    "color" : "#FFFFFF",
    "position" : {
      "x" : 1.1024884,
      "y" : -7.141567,
      "z" : 9.980368
    },
    "orientation" : 51
  }, {
    "shape" : "f4cf2535-da77-4852-b863-ec80a4ec080d",
    "color" : "#57BC30",
    "position" : {
      "x" : 4.8441916,
      "y" : -9.412996,
      "z" : 6.3051176
    },
    "orientation" : 51
  }, {
    "shape" : "c658e42f-04ac-466e-81d5-435a1d7beba3",
    "color" : "#FFFFFF",
    "position" : {
      "x" : -9.412996,
      "y" : 6.3051176,
      "z" : 4.8441916
    },
    "orientation" : 12
  }, {
    "shape" : "c658e42f-04ac-466e-81d5-435a1d7beba3",
    "color" : "#FFFFFF",
    "position" : {
      "x" : 11.304383,
      "y" : 3.24479,
      "z" : 3.6752503
    },
    "orientation" : 16
  }, {
    "shape" : "463b44b9-d7f8-4bb0-a9c6-6c5cdc2d0d3c",
    "color" : "#BB3930",
    "position" : {
      "x" : -1.1024884,
      "y" : 7.141567,
      "z" : 9.980368
    },
    "orientation" : 14
  }, {
    "shape" : "f4cf2535-da77-4852-b863-ec80a4ec080d",
    "color" : "#57BC30",
    "position" : {
      "x" : -11.304383,
      "y" : 3.24479,
      "z" : -3.6752503
    },
    "orientation" : 5
  }, {
    "shape" : "eb0a1dc6-2864-4246-b3f6-7372e90e60b3",
    "color" : "#F2F2F2",
    "position" : {
      "x" : -1.8913866,
      "y" : -11.985759,
      "z" : -2.1423016
    }
  }, {
    "shape" : "463b44b9-d7f8-4bb0-a9c6-6c5cdc2d0d3c",
    "color" : "#BB3930",
    "position" : {
      "x" : 9.412996,
      "y" : 6.3051176,
      "z" : -4.8441916
    },
    "orientation" : 49
  }, {
    "shape" : "f4cf2535-da77-4852-b863-ec80a4ec080d",
    "color" : "#57BC30",
    "position" : {
      "x" : 8.088982,
      "y" : -4.162816,
      "z" : -8.310509
    },
    "orientation" : 45
  }, {
    "shape" : "eb0a1dc6-2864-4246-b3f6-7372e90e60b3",
    "color" : "#F2F2F2",
    "position" : {
      "x" : -8.088982,
      "y" : -4.162816,
      "z" : 8.310509
    }
  }, {
    "shape" : "eb0a1dc6-2864-4246-b3f6-7372e90e60b3",
    "color" : "#F2F2F2",
    "position" : {
      "x" : -11.304383,
      "y" : -3.24479,
      "z" : 3.6752503
    }
  }, {
    "shape" : "463b44b9-d7f8-4bb0-a9c6-6c5cdc2d0d3c",
    "color" : "#BB3930",
    "position" : {
      "x" : 4.162816,
      "y" : -8.310509,
      "z" : -8.088982
    },
    "orientation" : 24
  }, {
    "shape" : "f4cf2535-da77-4852-b863-ec80a4ec080d",
    "color" : "#57BC30",
    "position" : {
      "x" : 8.088982,
      "y" : 4.162816,
      "z" : 8.310509
    },
    "orientation" : 30
  }, {
    "shape" : "eb0a1dc6-2864-4246-b3f6-7372e90e60b3",
    "color" : "#F2F2F2",
    "position" : {
      "x" : -2.1423016,
      "y" : 1.8913866,
      "z" : 11.985759
    }
  }, {
    "shape" : "463b44b9-d7f8-4bb0-a9c6-6c5cdc2d0d3c",
    "color" : "#BB3930",
    "position" : {
      "x" : 1.8913866,
      "y" : 11.985759,
      "z" : -2.1423016
    },
    "orientation" : 6
  }, {
    "shape" : "463b44b9-d7f8-4bb0-a9c6-6c5cdc2d0d3c",
    "color" : "#BB3930",
    "position" : {
      "x" : 4.162816,
      "y" : 8.310509,
      "z" : 8.088982
    },
    "orientation" : 9
  }, {
    "shape" : "eb0a1dc6-2864-4246-b3f6-7372e90e60b3",
    "color" : "#F2F2F2",
    "position" : {
      "x" : -4.162816,
      "y" : -8.310509,
      "z" : 8.088982
    }
  }, {
    "shape" : "463b44b9-d7f8-4bb0-a9c6-6c5cdc2d0d3c",
    "color" : "#BB3930",
    "position" : {
      "x" : -9.980368,
      "y" : 1.1024884,
      "z" : 7.141567
    },
    "orientation" : 42
  }, {
    "shape" : "463b44b9-d7f8-4bb0-a9c6-6c5cdc2d0d3c",
    "color" : "#BB3930",
    "position" : {
      "x" : -4.162816,
      "y" : 8.310509,
      "z" : -8.088982
    },
    "orientation" : 54
  }, {
    "shape" : "eb0a1dc6-2864-4246-b3f6-7372e90e60b3",
    "color" : "#F2F2F2",
    "position" : {
      "x" : 9.412996,
      "y" : 6.3051176,
      "z" : -4.8441916
    }
  }, {
    "shape" : "f4cf2535-da77-4852-b863-ec80a4ec080d",
    "color" : "#57BC30",
    "position" : {
      "x" : -8.088982,
      "y" : 4.162816,
      "z" : -8.310509
    },
    "orientation" : 15
  }, {
    "shape" : "eb0a1dc6-2864-4246-b3f6-7372e90e60b3",
    "color" : "#F2F2F2",
    "position" : {
      "x" : 6.3051176,
      "y" : -4.8441916,
      "z" : 9.412996
    }
  }, {
    "shape" : "c658e42f-04ac-466e-81d5-435a1d7beba3",
    "color" : "#FFFFFF",
    "position" : {
      "x" : 4.8441916,
      "y" : -9.412996,
      "z" : 6.3051176
    },
    "orientation" : 13
  }, {
    "shape" : "f4cf2535-da77-4852-b863-ec80a4ec080d",
    "color" : "#57BC30",
    "position" : {
      "x" : 1.1024884,
      "y" : 7.141567,
      "z" : -9.980368
    },
    "orientation" : 41
  }, {
    "shape" : "c658e42f-04ac-466e-81d5-435a1d7beba3",
    "color" : "#FFFFFF",
    "position" : {
      "x" : -6.3051176,
      "y" : -4.8441916,
      "z" : -9.412996
    },
    "orientation" : 44
  }, {
    "shape" : "c658e42f-04ac-466e-81d5-435a1d7beba3",
    "color" : "#FFFFFF",
    "position" : {
      "x" : -11.304383,
      "y" : -3.24479,
      "z" : 3.6752503
    },
    "orientation" : 46
  }, {
    "shape" : "c658e42f-04ac-466e-81d5-435a1d7beba3",
    "color" : "#FFFFFF",
    "position" : {
      "x" : 3.6752503,
      "y" : 11.304383,
      "z" : 3.24479
    },
    "orientation" : 47
  }, {
    "shape" : "eb0a1dc6-2864-4246-b3f6-7372e90e60b3",
    "color" : "#F2F2F2",
    "position" : {
      "x" : -7.141567,
      "y" : -9.980368,
      "z" : -1.1024884
    }
  }, {
    "shape" : "f4cf2535-da77-4852-b863-ec80a4ec080d",
    "color" : "#57BC30",
    "position" : {
      "x" : 3.6752503,
      "y" : 11.304383,
      "z" : 3.24479
    },
    "orientation" : 33
  }, {
    "shape" : "eb0a1dc6-2864-4246-b3f6-7372e90e60b3",
    "color" : "#F2F2F2",
    "position" : {
      "x" : 3.6752503,
      "y" : 11.304383,
      "z" : 3.24479
    }
  }, {
    "shape" : "463b44b9-d7f8-4bb0-a9c6-6c5cdc2d0d3c",
    "color" : "#BB3930",
    "position" : {
      "x" : 11.985759,
      "y" : -2.1423016,
      "z" : 1.8913866
    },
    "orientation" : 8
  }, {
    "shape" : "463b44b9-d7f8-4bb0-a9c6-6c5cdc2d0d3c",
    "color" : "#BB3930",
    "position" : {
      "x" : -11.304383,
      "y" : -3.24479,
      "z" : 3.6752503
    },
    "orientation" : 45
  }, {
    "shape" : "463b44b9-d7f8-4bb0-a9c6-6c5cdc2d0d3c",
    "color" : "#BB3930",
    "position" : {
      "x" : 6.3051176,
      "y" : 4.8441916,
      "z" : -9.412996
    },
    "orientation" : 3
  }, {
    "shape" : "463b44b9-d7f8-4bb0-a9c6-6c5cdc2d0d3c",
    "color" : "#BB3930",
    "position" : {
      "x" : 3.6752503,
      "y" : -11.304383,
      "z" : -3.24479
    },
    "orientation" : 31
  }, {
    "shape" : "c658e42f-04ac-466e-81d5-435a1d7beba3",
    "color" : "#FFFFFF",
    "position" : {
      "x" : 8.088982,
      "y" : -4.162816,
      "z" : -8.310509
    },
    "orientation" : 39
  }, {
    "shape" : "463b44b9-d7f8-4bb0-a9c6-6c5cdc2d0d3c",
    "color" : "#BB3930",
    "position" : {
      "x" : 6.3051176,
      "y" : -4.8441916,
      "z" : 9.412996
    },
    "orientation" : 18
  }, {
    "shape" : "c658e42f-04ac-466e-81d5-435a1d7beba3",
    "color" : "#FFFFFF",
    "position" : {
      "x" : -7.141567,
      "y" : -9.980368,
      "z" : -1.1024884
    },
    "orientation" : 8
  }, {
    "shape" : "f4cf2535-da77-4852-b863-ec80a4ec080d",
    "color" : "#57BC30",
    "position" : {
      "x" : 11.304383,
      "y" : 3.24479,
      "z" : 3.6752503
    },
    "orientation" : 50
  }, {
    "shape" : "f4cf2535-da77-4852-b863-ec80a4ec080d",
    "color" : "#57BC30",
    "position" : {
      "x" : -1.8913866,
      "y" : -11.985759,
      "z" : -2.1423016
    },
    "orientation" : 58
  }, {
    "shape" : "f4cf2535-da77-4852-b863-ec80a4ec080d",
    "color" : "#57BC30",
    "position" : {
      "x" : -4.8441916,
      "y" : -9.412996,
      "z" : -6.3051176
    },
    "orientation" : 6
  }, {
    "shape" : "f4cf2535-da77-4852-b863-ec80a4ec080d",
    "color" : "#57BC30",
    "position" : {
      "x" : 1.8913866,
      "y" : -11.985759,
      "z" : 2.1423016
    },
    "orientation" : 13
  }, {
    "shape" : "f4cf2535-da77-4852-b863-ec80a4ec080d",
    "color" : "#57BC30",
    "position" : {
      "x" : 4.162816,
      "y" : 8.310509,
      "z" : 8.088982
    },
    "orientation" : 47
  }, {
    "shape" : "f4cf2535-da77-4852-b863-ec80a4ec080d",
    "color" : "#57BC30",
    "position" : {
      "x" : 2.1423016,
      "y" : 1.8913866,
      "z" : -11.985759
    },
    "orientation" : 14
  }, {
    "shape" : "463b44b9-d7f8-4bb0-a9c6-6c5cdc2d0d3c",
    "color" : "#BB3930",
    "position" : {
      "x" : -9.980368,
      "y" : -1.1024884,
      "z" : -7.141567
    },
    "orientation" : 57
  }, {
    "shape" : "463b44b9-d7f8-4bb0-a9c6-6c5cdc2d0d3c",
    "color" : "#BB3930",
    "position" : {
      "x" : 8.310509,
      "y" : 8.088982,
      "z" : 4.162816
    },
    "orientation" : 11
  }, {
    "shape" : "463b44b9-d7f8-4bb0-a9c6-6c5cdc2d0d3c",
    "color" : "#BB3930",
    "position" : {
      "x" : -2.1423016,
      "y" : -1.8913866,
      "z" : -11.985759
    },
    "orientation" : 22
  }, {
    "shape" : "eb0a1dc6-2864-4246-b3f6-7372e90e60b3",
    "color" : "#F2F2F2",
    "position" : {
      "x" : 4.162816,
      "y" : -8.310509,
      "z" : -8.088982
    }
  }, {
    "shape" : "f4cf2535-da77-4852-b863-ec80a4ec080d",
    "color" : "#57BC30",
    "position" : {
      "x" : 2.1423016,
      "y" : -1.8913866,
      "z" : 11.985759
    },
    "orientation" : 29
  }, {
    "shape" : "eb0a1dc6-2864-4246-b3f6-7372e90e60b3",
    "color" : "#F2F2F2",
    "position" : {
      "x" : -4.8441916,
      "y" : -9.412996,
      "z" : 6.3051176
    }
  }, {
    "shape" : "463b44b9-d7f8-4bb0-a9c6-6c5cdc2d0d3c",
    "color" : "#BB3930",
    "position" : {
      "x" : 9.980368,
      "y" : 1.1024884,
      "z" : -7.141567
    },
    "orientation" : 27
  }, {
    "shape" : "463b44b9-d7f8-4bb0-a9c6-6c5cdc2d0d3c",
    "color" : "#BB3930",
    "position" : {
      "x" : 3.6752503,
      "y" : 11.304383,
      "z" : 3.24479
    },
    "orientation" : 46
  }, {
    "shape" : "eb0a1dc6-2864-4246-b3f6-7372e90e60b3",
    "color" : "#F2F2F2",
    "position" : {
      "x" : -3.24479,
      "y" : 3.6752503,
      "z" : -11.304383
    }
  }, {
    "shape" : "463b44b9-d7f8-4bb0-a9c6-6c5cdc2d0d3c",
    "color" : "#BB3930",
    "position" : {
      "x" : 3.24479,
      "y" : -3.6752503,
      "z" : -11.304383
    },
    "orientation" : 47
  }, {
    "shape" : "f4cf2535-da77-4852-b863-ec80a4ec080d",
    "color" : "#57BC30",
    "position" : {
      "x" : -8.310509,
      "y" : 8.088982,
      "z" : -4.162816
    },
    "orientation" : 31
  }, {
    "shape" : "eb0a1dc6-2864-4246-b3f6-7372e90e60b3",
    "color" : "#F2F2F2",
    "position" : {
      "x" : 8.310509,
      "y" : -8.088982,
      "z" : -4.162816
    }
  }, {
    "shape" : "f4cf2535-da77-4852-b863-ec80a4ec080d",
    "color" : "#57BC30",
    "position" : {
      "x" : -4.8441916,
      "y" : 9.412996,
      "z" : 6.3051176
    },
    "orientation" : 21
  }, {
    "shape" : "463b44b9-d7f8-4bb0-a9c6-6c5cdc2d0d3c",
    "color" : "#BB3930",
    "position" : {
      "x" : -4.162816,
      "y" : -8.310509,
      "z" : 8.088982
    },
    "orientation" : 39
  }, {
    "shape" : "f4cf2535-da77-4852-b863-ec80a4ec080d",
    "color" : "#57BC30",
    "position" : {
      "x" : 11.304383,
      "y" : -3.24479,
      "z" : -3.6752503
    },
    "orientation" : 35
  }, {
    "shape" : "eb0a1dc6-2864-4246-b3f6-7372e90e60b3",
    "color" : "#F2F2F2",
    "position" : {
      "x" : -4.162816,
      "y" : 8.310509,
      "z" : -8.088982
    }
  }, {
    "shape" : "463b44b9-d7f8-4bb0-a9c6-6c5cdc2d0d3c",
    "color" : "#BB3930",
    "position" : {
      "x" : -11.985759,
      "y" : 2.1423016,
      "z" : 1.8913866
    },
    "orientation" : 38
  }, {
    "shape" : "eb0a1dc6-2864-4246-b3f6-7372e90e60b3",
    "color" : "#F2F2F2",
    "position" : {
      "x" : 6.3051176,
      "y" : 4.8441916,
      "z" : -9.412996
    }
  }, {
    "shape" : "463b44b9-d7f8-4bb0-a9c6-6c5cdc2d0d3c",
    "color" : "#BB3930",
    "position" : {
      "x" : -3.24479,
      "y" : 3.6752503,
      "z" : -11.304383
    },
    "orientation" : 17
  }, {
    "shape" : "f4cf2535-da77-4852-b863-ec80a4ec080d",
    "color" : "#57BC30",
    "position" : {
      "x" : -3.6752503,
      "y" : -11.304383,
      "z" : 3.24479
    },
    "orientation" : 3
  }, {
    "shape" : "463b44b9-d7f8-4bb0-a9c6-6c5cdc2d0d3c",
    "color" : "#BB3930",
    "position" : {
      "x" : 1.1024884,
      "y" : -7.141567,
      "z" : 9.980368
    },
    "orientation" : 44
  }, {
    "shape" : "463b44b9-d7f8-4bb0-a9c6-6c5cdc2d0d3c",
    "color" : "#BB3930",
    "position" : {
      "x" : -1.8913866,
      "y" : -11.985759,
      "z" : -2.1423016
    },
    "orientation" : 36
  }, {
    "shape" : "eb0a1dc6-2864-4246-b3f6-7372e90e60b3",
    "color" : "#F2F2F2",
    "position" : {
      "x" : 3.24479,
      "y" : -3.6752503,
      "z" : -11.304383
    }
  }, {
    "shape" : "f4cf2535-da77-4852-b863-ec80a4ec080d",
    "color" : "#57BC30",
    "position" : {
      "x" : 1.8913866,
      "y" : 11.985759,
      "z" : -2.1423016
    },
    "orientation" : 28
  }, {
    "shape" : "eb0a1dc6-2864-4246-b3f6-7372e90e60b3",
    "color" : "#F2F2F2",
    "position" : {
      "x" : 7.141567,
      "y" : 9.980368,
      "z" : -1.1024884
    }
  }, {
    "shape" : "f4cf2535-da77-4852-b863-ec80a4ec080d",
    "color" : "#57BC30",
    "position" : {
      "x" : -7.141567,
      "y" : -9.980368,
      "z" : -1.1024884
    },
    "orientation" : 10
  }, {
    "shape" : "c658e42f-04ac-466e-81d5-435a1d7beba3",
    "color" : "#FFFFFF",
    "position" : {
      "x" : -9.980368,
      "y" : -1.1024884,
      "z" : -7.141567
    },
    "orientation" : 7
  }, {
    "shape" : "eb0a1dc6-2864-4246-b3f6-7372e90e60b3",
    "color" : "#F2F2F2",
    "position" : {
      "x" : -1.1024884,
      "y" : -7.141567,
      "z" : -9.980368
    }
  }, {
    "shape" : "c658e42f-04ac-466e-81d5-435a1d7beba3",
    "color" : "#FFFFFF",
    "position" : {
      "x" : 4.162816,
      "y" : 8.310509,
      "z" : 8.088982
    },
    "orientation" : 26
  }, {
    "shape" : "eb0a1dc6-2864-4246-b3f6-7372e90e60b3",
    "color" : "#F2F2F2",
    "position" : {
      "x" : 7.141567,
      "y" : -9.980368,
      "z" : 1.1024884
    }
  }, {
    "shape" : "f4cf2535-da77-4852-b863-ec80a4ec080d",
    "color" : "#57BC30",
    "position" : {
      "x" : 7.141567,
      "y" : -9.980368,
      "z" : 1.1024884
    },
    "orientation" : 55
  }, {
    "shape" : "eb0a1dc6-2864-4246-b3f6-7372e90e60b3",
    "color" : "#F2F2F2",
    "position" : {
      "x" : 11.985759,
      "y" : 2.1423016,
      "z" : -1.8913866
    }
  }, {
    "shape" : "eb0a1dc6-2864-4246-b3f6-7372e90e60b3",
    "color" : "#F2F2F2",
    "position" : {
      "x" : -6.3051176,
      "y" : 4.8441916,
      "z" : 9.412996
    }
  }, {
    "shape" : "eb0a1dc6-2864-4246-b3f6-7372e90e60b3",
    "color" : "#F2F2F2",
    "position" : {
      "x" : 9.980368,
      "y" : 1.1024884,
      "z" : -7.141567
    }
  }, {
    "shape" : "eb0a1dc6-2864-4246-b3f6-7372e90e60b3",
    "color" : "#F2F2F2",
    "position" : {
      "x" : -6.3051176,
      "y" : -4.8441916,
      "z" : -9.412996
    }
  }, {
    "shape" : "c658e42f-04ac-466e-81d5-435a1d7beba3",
    "color" : "#FFFFFF",
    "position" : {
      "x" : 4.8441916,
      "y" : 9.412996,
      "z" : -6.3051176
    },
    "orientation" : 28
  }, {
    "shape" : "463b44b9-d7f8-4bb0-a9c6-6c5cdc2d0d3c",
    "color" : "#BB3930",
    "position" : {
      "x" : -6.3051176,
      "y" : 4.8441916,
      "z" : 9.412996
    },
    "orientation" : 48
  }, {
    "shape" : "c658e42f-04ac-466e-81d5-435a1d7beba3",
    "color" : "#FFFFFF",
    "position" : {
      "x" : 3.24479,
      "y" : 3.6752503,
      "z" : 11.304383
    },
    "orientation" : 30
  }, {
    "shape" : "eb0a1dc6-2864-4246-b3f6-7372e90e60b3",
    "color" : "#F2F2F2",
    "position" : {
      "x" : 11.304383,
      "y" : -3.24479,
      "z" : -3.6752503
    }
  }, {
    "shape" : "f4cf2535-da77-4852-b863-ec80a4ec080d",
    "color" : "#57BC30",
    "position" : {
      "x" : 9.412996,
      "y" : 6.3051176,
      "z" : -4.8441916
    },
    "orientation" : 38
  }, {
    "shape" : "c658e42f-04ac-466e-81d5-435a1d7beba3",
    "color" : "#FFFFFF",
    "position" : {
      "x" : 1.1024884,
      "y" : 7.141567,
      "z" : -9.980368
    },
    "orientation" : 36
  }, {
    "shape" : "c658e42f-04ac-466e-81d5-435a1d7beba3",
    "color" : "#FFFFFF",
    "position" : {
      "x" : -8.310509,
      "y" : -8.088982,
      "z" : 4.162816
    },
    "orientation" : 10
  }, {
    "shape" : "f4cf2535-da77-4852-b863-ec80a4ec080d",
    "color" : "#57BC30",
    "position" : {
      "x" : 11.985759,
      "y" : 2.1423016,
      "z" : -1.8913866
    },
    "orientation" : 57
  }, {
    "shape" : "463b44b9-d7f8-4bb0-a9c6-6c5cdc2d0d3c",
    "color" : "#BB3930",
    "position" : {
      "x" : -7.141567,
      "y" : -9.980368,
      "z" : -1.1024884
    },
    "orientation" : 43
  }, {
    "shape" : "463b44b9-d7f8-4bb0-a9c6-6c5cdc2d0d3c",
    "color" : "#BB3930",
    "position" : {
      "x" : -4.8441916,
      "y" : 9.412996,
      "z" : 6.3051176
    },
    "orientation" : 35
  }, {
    "shape" : "f4cf2535-da77-4852-b863-ec80a4ec080d",
    "color" : "#57BC30",
    "position" : {
      "x" : -4.162816,
      "y" : -8.310509,
      "z" : 8.088982
    },
    "orientation" : 17
  }, {
    "shape" : "eb0a1dc6-2864-4246-b3f6-7372e90e60b3",
    "color" : "#F2F2F2",
    "position" : {
      "x" : 8.088982,
      "y" : 4.162816,
      "z" : 8.310509
    }
  }, {
    "shape" : "eb0a1dc6-2864-4246-b3f6-7372e90e60b3",
    "color" : "#F2F2F2",
    "position" : {
      "x" : -9.412996,
      "y" : 6.3051176,
      "z" : 4.8441916
    }
  }, {
    "shape" : "f4cf2535-da77-4852-b863-ec80a4ec080d",
    "color" : "#57BC30",
    "position" : {
      "x" : 6.3051176,
      "y" : 4.8441916,
      "z" : -9.412996
    },
    "orientation" : 37
  }, {
    "shape" : "eb0a1dc6-2864-4246-b3f6-7372e90e60b3",
    "color" : "#F2F2F2",
    "position" : {
      "x" : 8.310509,
      "y" : 8.088982,
      "z" : 4.162816
    }
  }, {
    "shape" : "c658e42f-04ac-466e-81d5-435a1d7beba3",
    "color" : "#FFFFFF",
    "position" : {
      "x" : 9.412996,
      "y" : -6.3051176,
