{
  "polygons" : "true",
  "field" : "golden",
  "symmetry" : "icosahedral",
  "orientations" : [ [ 1.0, 0.0, 0.0, 0.0, 0.0, 1.0, 0.0, 0.0, 0.0, 0.0, 1.0, 0.0, 0.0, 0.0, 0.0, 1.0 ], [ 0.0, 0.0, 1.0, 0.0, 1.0, 0.0, 0.0, 0.0, 0.0, 1.0, 0.0, 0.0, 0.0, 0.0, 0.0, 1.0 ], [ 0.0, 1.0, 0.0, 0.0, 0.0, 0.0, 1.0, 0.0, 1.0, 0.0, 0.0, 0.0, 0.0, 0.0, 0.0, 1.0 ], [ 0.809017, 0.309017, 0.5, 0.0, 0.309017, 0.5, -0.809017, 0.0, -0.5, 0.809017, 0.309017, 0.0, 0.0, 0.0, 0.0, 1.0 ], [ -0.5, 0.809017, 0.309017, 0.0, 0.809017, 0.309017, 0.5, 0.0, 0.309017, 0.5, -0.809017, 0.0, 0.0, 0.0, 0.0, 1.0 ], [ 0.309017, 0.5, -0.809017, 0.0, -0.5, 0.809017, 0.309017, 0.0, 0.809017, 0.309017, 0.5, 0.0, 0.0, 0.0, 0.0, 1.0 ], [ 0.5, 0.809017, 0.309017, 0.0, 0.809017, -0.309017, -0.5, 0.0, -0.309017, 0.5, -0.809017, 0.0, 0.0, 0.0, 0.0, 1.0 ], [ -0.309017, 0.5, -0.809017, 0.0, 0.5, 0.809017, 0.309017, 0.0, 0.809017, -0.309017, -0.5, 0.0, 0.0, 0.0, 0.0, 1.0 ], [ 0.809017, -0.309017, -0.5, 0.0, -0.309017, 0.5, -0.809017, 0.0, 0.5, 0.809017, 0.309017, 0.0, 0.0, 0.0, 0.0, 1.0 ], [ 0.5, 0.809017, -0.309017, 0.0, 0.809017, -0.309017, 0.5, 0.0, 0.309017, -0.5, -0.809017, 0.0, 0.0, 0.0, 0.0, 1.0 ], [ 0.309017, -0.5, -0.809017, 0.0, 0.5, 0.809017, -0.309017, 0.0, 0.809017, -0.309017, 0.5, 0.0, 0.0, 0.0, 0.0, 1.0 ], [ 0.809017, -0.309017, 0.5, 0.0, 0.309017, -0.5, -0.809017, 0.0, 0.5, 0.809017, -0.309017, 0.0, 0.0, 0.0, 0.0, 1.0 ], [ 0.809017, 0.309017, -0.5, 0.0, 0.309017, 0.5, 0.809017, 0.0, 0.5, -0.809017, 0.309017, 0.0, 0.0, 0.0, 0.0, 1.0 ], [ 0.5, -0.809017, 0.309017, 0.0, 0.809017, 0.309017, -0.5, 0.0, 0.309017, 0.5, 0.809017, 0.0, 0.0, 0.0, 0.0, 1.0 ], [ 0.309017, 0.5, 0.809017, 0.0, 0.5, -0.809017, 0.309017, 0.0, 0.809017, 0.309017, -0.5, 0.0, 0.0, 0.0, 0.0, 1.0 ], [ 1.0, 0.0, 0.0, 0.0, 0.0, -1.0, 0.0, 0.0, 0.0, 0.0, -1.0, 0.0, 0.0, 0.0, 0.0, 1.0 ], [ 0.0, 0.0, 1.0, 0.0, -1.0, 0.0, 0.0, 0.0, 0.0, -1.0, 0.0, 0.0, 0.0, 0.0, 0.0, 1.0 ], [ 0.0, 1.0, 0.0, 0.0, 0.0, 0.0, -1.0, 0.0, -1.0, 0.0, 0.0, 0.0, 0.0, 0.0, 0.0, 1.0 ], [ 0.809017, 0.309017, 0.5, 0.0, -0.309017, -0.5, 0.809017, 0.0, 0.5, -0.809017, -0.309017, 0.0, 0.0, 0.0, 0.0, 1.0 ], [ -0.5, 0.809017, 0.309017, 0.0, -0.809017, -0.309017, -0.5, 0.0, -0.309017, -0.5, 0.809017, 0.0, 0.0, 0.0, 0.0, 1.0 ], [ 0.309017, 0.5, -0.809017, 0.0, 0.5, -0.809017, -0.309017, 0.0, -0.809017, -0.309017, -0.5, 0.0, 0.0, 0.0, 0.0, 1.0 ], [ 0.5, 0.809017, 0.309017, 0.0, -0.809017, 0.309017, 0.5, 0.0, 0.309017, -0.5, 0.809017, 0.0, 0.0, 0.0, 0.0, 1.0 ], [ -0.309017, 0.5, -0.809017, 0.0, -0.5, -0.809017, -0.309017, 0.0, -0.809017, 0.309017, 0.5, 0.0, 0.0, 0.0, 0.0, 1.0 ], [ 0.809017, -0.309017, -0.5, 0.0, 0.309017, -0.5, 0.809017, 0.0, -0.5, -0.809017, -0.309017, 0.0, 0.0, 0.0, 0.0, 1.0 ], [ 0.5, 0.809017, -0.309017, 0.0, -0.809017, 0.309017, -0.5, 0.0, -0.309017, 0.5, 0.809017, 0.0, 0.0, 0.0, 0.0, 1.0 ], [ 0.309017, -0.5, -0.809017, 0.0, -0.5, -0.809017, 0.309017, 0.0, -0.809017, 0.309017, -0.5, 0.0, 0.0, 0.0, 0.0, 1.0 ], [ 0.809017, -0.309017, 0.5, 0.0, -0.309017, 0.5, 0.809017, 0.0, -0.5, -0.809017, 0.309017, 0.0, 0.0, 0.0, 0.0, 1.0 ], [ 0.809017, 0.309017, -0.5, 0.0, -0.309017, -0.5, -0.809017, 0.0, -0.5, 0.809017, -0.309017, 0.0, 0.0, 0.0, 0.0, 1.0 ], [ 0.5, -0.809017, 0.309017, 0.0, -0.809017, -0.309017, 0.5, 0.0, -0.309017, -0.5, -0.809017, 0.0, 0.0, 0.0, 0.0, 1.0 ], [ 0.309017, 0.5, 0.809017, 0.0, -0.5, 0.809017, -0.309017, 0.0, -0.809017, -0.309017, 0.5, 0.0, 0.0, 0.0, 0.0, 1.0 ], [ -1.0, 0.0, 0.0, 0.0, 0.0, -1.0, 0.0, 0.0, 0.0, 0.0, 1.0, 0.0, 0.0, 0.0, 0.0, 1.0 ], [ 0.0, 0.0, -1.0, 0.0, -1.0, 0.0, 0.0, 0.0, 0.0, 1.0, 0.0, 0.0, 0.0, 0.0, 0.0, 1.0 ], [ 0.0, -1.0, 0.0, 0.0, 0.0, 0.0, -1.0, 0.0, 1.0, 0.0, 0.0, 0.0, 0.0, 0.0, 0.0, 1.0 ], [ -0.809017, -0.309017, -0.5, 0.0, -0.309017, -0.5, 0.809017, 0.0, -0.5, 0.809017, 0.309017, 0.0, 0.0, 0.0, 0.0, 1.0 ], [ 0.5, -0.809017, -0.309017, 0.0, -0.809017, -0.309017, -0.5, 0.0, 0.309017, 0.5, -0.809017, 0.0, 0.0, 0.0, 0.0, 1.0 ], [ -0.309017, -0.5, 0.809017, 0.0, 0.5, -0.809017, -0.309017, 0.0, 0.809017, 0.309017, 0.5, 0.0, 0.0, 0.0, 0.0, 1.0 ], [ -0.5, -0.809017, -0.309017, 0.0, -0.809017, 0.309017, 0.5, 0.0, -0.309017, 0.5, -0.809017, 0.0, 0.0, 0.0, 0.0, 1.0 ], [ 0.309017, -0.5, 0.809017, 0.0, -0.5, -0.809017, -0.309017, 0.0, 0.809017, -0.309017, -0.5, 0.0, 0.0, 0.0, 0.0, 1.0 ], [ -0.809017, 0.309017, 0.5, 0.0, 0.309017, -0.5, 0.809017, 0.0, 0.5, 0.809017, 0.309017, 0.0, 0.0, 0.0, 0.0, 1.0 ], [ -0.5, -0.809017, 0.309017, 0.0, -0.809017, 0.309017, -0.5, 0.0, 0.309017, -0.5, -0.809017, 0.0, 0.0, 0.0, 0.0, 1.0 ], [ -0.309017, 0.5, 0.809017, 0.0, -0.5, -0.809017, 0.309017, 0.0, 0.809017, -0.309017, 0.5, 0.0, 0.0, 0.0, 0.0, 1.0 ], [ -0.809017, 0.309017, -0.5, 0.0, -0.309017, 0.5, 0.809017, 0.0, 0.5, 0.809017, -0.309017, 0.0, 0.0, 0.0, 0.0, 1.0 ], [ -0.809017, -0.309017, 0.5, 0.0, -0.309017, -0.5, -0.809017, 0.0, 0.5, -0.809017, 0.309017, 0.0, 0.0, 0.0, 0.0, 1.0 ], [ -0.5, 0.809017, -0.309017, 0.0, -0.809017, -0.309017, 0.5, 0.0, 0.309017, 0.5, 0.809017, 0.0, 0.0, 0.0, 0.0, 1.0 ], [ -0.309017, -0.5, -0.809017, 0.0, -0.5, 0.809017, -0.309017, 0.0, 0.809017, 0.309017, -0.5, 0.0, 0.0, 0.0, 0.0, 1.0 ], [ -1.0, 0.0, 0.0, 0.0, 0.0, 1.0, 0.0, 0.0, 0.0, 0.0, -1.0, 0.0, 0.0, 0.0, 0.0, 1.0 ], [ 0.0, 0.0, -1.0, 0.0, 1.0, 0.0, 0.0, 0.0, 0.0, -1.0, 0.0, 0.0, 0.0, 0.0, 0.0, 1.0 ], [ 0.0, -1.0, 0.0, 0.0, 0.0, 0.0, 1.0, 0.0, -1.0, 0.0, 0.0, 0.0, 0.0, 0.0, 0.0, 1.0 ], [ -0.809017, -0.309017, -0.5, 0.0, 0.309017, 0.5, -0.809017, 0.0, 0.5, -0.809017, -0.309017, 0.0, 0.0, 0.0, 0.0, 1.0 ], [ 0.5, -0.809017, -0.309017, 0.0, 0.809017, 0.309017, 0.5, 0.0, -0.309017, -0.5, 0.809017, 0.0, 0.0, 0.0, 0.0, 1.0 ], [ -0.309017, -0.5, 0.809017, 0.0, -0.5, 0.809017, 0.309017, 0.0, -0.809017, -0.309017, -0.5, 0.0, 0.0, 0.0, 0.0, 1.0 ], [ -0.5, -0.809017, -0.309017, 0.0, 0.809017, -0.309017, -0.5, 0.0, 0.309017, -0.5, 0.809017, 0.0, 0.0, 0.0, 0.0, 1.0 ], [ 0.309017, -0.5, 0.809017, 0.0, 0.5, 0.809017, 0.309017, 0.0, -0.809017, 0.309017, 0.5, 0.0, 0.0, 0.0, 0.0, 1.0 ], [ -0.809017, 0.309017, 0.5, 0.0, -0.309017, 0.5, -0.809017, 0.0, -0.5, -0.809017, -0.309017, 0.0, 0.0, 0.0, 0.0, 1.0 ], [ -0.5, -0.809017, 0.309017, 0.0, 0.809017, -0.309017, 0.5, 0.0, -0.309017, 0.5, 0.809017, 0.0, 0.0, 0.0, 0.0, 1.0 ], [ -0.309017, 0.5, 0.809017, 0.0, 0.5, 0.809017, -0.309017, 0.0, -0.809017, 0.309017, -0.5, 0.0, 0.0, 0.0, 0.0, 1.0 ], [ -0.809017, 0.309017, -0.5, 0.0, 0.309017, -0.5, -0.809017, 0.0, -0.5, -0.809017, 0.309017, 0.0, 0.0, 0.0, 0.0, 1.0 ], [ -0.809017, -0.309017, 0.5, 0.0, 0.309017, 0.5, 0.809017, 0.0, -0.5, 0.809017, -0.309017, 0.0, 0.0, 0.0, 0.0, 1.0 ], [ -0.5, 0.809017, -0.309017, 0.0, 0.809017, 0.309017, -0.5, 0.0, -0.309017, -0.5, -0.809017, 0.0, 0.0, 0.0, 0.0, 1.0 ], [ -0.309017, -0.5, -0.809017, 0.0, 0.5, -0.809017, 0.309017, 0.0, -0.809017, -0.309017, 0.5, 0.0, 0.0, 0.0, 0.0, 1.0 ] ],
  "lights" : {
    "ambientColor" : "#292929",
    "backgroundColor" : "#CCCCCC",
    "directionalLights" : [ {
      "direction" : [ 1.0, -1.0, -1.0 ],
      "color" : "#EBEBE4"
    }, {
      "direction" : [ -1.0, 0.0, 0.0 ],
      "color" : "#E4E4EB"
    }, {
      "direction" : [ 0.0, 0.0, -1.0 ],
      "color" : "#1E1E1E"
    } ]
  },
  "camera" : {
    "viewDistance" : 1128.765,
    "nearClipDistance" : 2.8219168,
    "farClipDistance" : 2257.5273,
    "lookAtPoint" : {
      "x" : 0.0,
      "y" : 0.0,
      "z" : 0.0
    },
    "fieldOfView" : 0.44262958,
    "perspective" : false,
    "lookDirection" : {
      "x" : -0.8506508,
      "y" : 0.5257311,
      "z" : 0.0
    },
    "upDirection" : {
      "x" : 0.5257311,
      "y" : 0.8506508,
      "z" : 0.0
    },
    "width" : 507.9451,
    "stereo" : false,
    "position" : {
      "x" : 960.1849,
      "y" : -593.4269,
      "z" : 0.0
    }
  },
  "embedding" : [ 1.0, 0.0, 0.0, 0.0, 0.0, 1.0, 0.0, 0.0, 0.0, 0.0, 1.0, 0.0, 0.0, 0.0, 0.0, 1.0 ],
  "shapes" : [ {
    "id" : "c3e2de6d-6e2c-4bbc-9aa2-5319bec2d22f",
    "vertices" : [ {
      "x" : 0.0,
      "y" : 0.0,
      "z" : 0.0
    }, {
      "x" : 0.0,
      "y" : 1.236068,
      "z" : -2.0
    }, {
      "x" : 0.0,
      "y" : 62.54102,
      "z" : 35.888542
    }, {
      "x" : 0.0,
      "y" : 61.30495,
      "z" : 37.888542
    } ],
    "faces" : [ {
      "vertices" : [ 0, 1, 2, 3 ]
    }, {
      "vertices" : [ 0, 3, 2, 1 ]
    } ]
  }, {
    "id" : "7ab5540d-45c3-4e2f-9b76-465db3abac62",
    "vertices" : [ {
      "x" : 0.0,
      "y" : 0.0,
      "z" : 0.0
    }, {
      "x" : 0.0,
      "y" : -61.30495,
      "z" : 37.888542
    }, {
      "x" : 0.0,
      "y" : -62.54102,
      "z" : 35.888542
    }, {
      "x" : 0.0,
      "y" : -1.236068,
      "z" : -2.0
    } ],
    "faces" : [ {
      "vertices" : [ 0, 1, 2, 3 ]
    }, {
      "vertices" : [ 0, 3, 2, 1 ]
    } ]
  }, {
    "id" : "a9a6ab7d-8a09-44c7-a1e9-439738312f36",
    "name" : "ball",
    "vertices" : [ {
      "x" : -0.309017,
      "y" : -0.19098301,
      "z" : 0.0
    }, {
      "x" : -0.309017,
      "y" : 0.19098301,
      "z" : 0.0
    }, {
      "x" : -0.19098301,
      "y" : 0.0,
      "z" : -0.309017
    }, {
      "x" : -0.19098301,
      "y" : 0.0,
      "z" : 0.309017
    }, {
      "x" : 0.0,
      "y" : -0.309017,
      "z" : -0.19098301
    }, {
      "x" : 0.0,
      "y" : -0.309017,
      "z" : 0.19098301
    }, {
      "x" : 0.0,
      "y" : 0.309017,
      "z" : -0.19098301
    }, {
      "x" : 0.0,
      "y" : 0.309017,
      "z" : 0.19098301
    }, {
      "x" : 0.19098301,
      "y" : 0.0,
      "z" : -0.309017
    }, {
      "x" : 0.19098301,
      "y" : 0.0,
      "z" : 0.309017
    }, {
      "x" : 0.309017,
      "y" : -0.19098301,
      "z" : 0.0
    }, {
      "x" : 0.309017,
      "y" : 0.19098301,
      "z" : 0.0
    } ],
    "faces" : [ {
      "vertices" : [ 0, 1, 2 ]
    }, {
      "vertices" : [ 0, 3, 1 ]
    }, {
      "vertices" : [ 0, 2, 4 ]
    }, {
      "vertices" : [ 0, 5, 3 ]
    }, {
      "vertices" : [ 0, 4, 5 ]
    }, {
      "vertices" : [ 1, 6, 2 ]
    }, {
      "vertices" : [ 1, 3, 7 ]
    }, {
      "vertices" : [ 1, 7, 6 ]
    }, {
      "vertices" : [ 2, 8, 4 ]
    }, {
      "vertices" : [ 2, 6, 8 ]
    }, {
      "vertices" : [ 3, 5, 9 ]
    }, {
      "vertices" : [ 3, 9, 7 ]
    }, {
      "vertices" : [ 4, 10, 5 ]
    }, {
      "vertices" : [ 4, 8, 10 ]
    }, {
      "vertices" : [ 5, 10, 9 ]
    }, {
      "vertices" : [ 6, 7, 11 ]
    }, {
      "vertices" : [ 6, 11, 8 ]
    }, {
      "vertices" : [ 7, 9, 11 ]
    }, {
      "vertices" : [ 8, 11, 10 ]
    }, {
      "vertices" : [ 9, 10, 11 ]
    } ]
  }, {
    "id" : "247a2af7-d723-4df0-83ac-a3fe1d17132a",
    "vertices" : [ {
      "x" : 0.0,
      "y" : 0.0,
      "z" : 0.0
    }, {
      "x" : 0.0,
      "y" : -2.472136,
      "z" : 4.0
    }, {
      "x" : 0.0,
      "y" : -125.08204,
      "z" : -71.777084
    }, {
      "x" : 0.0,
      "y" : -122.6099,
      "z" : -75.777084
    } ],
    "faces" : [ {
      "vertices" : [ 0, 1, 2, 3 ]
    }, {
      "vertices" : [ 0, 3, 2, 1 ]
    } ]
  }, {
    "id" : "6af058c5-f238-4194-a10a-03b3cb4856b7",
    "orbit" : "orange",
    "name" : " :-4 +4*phi",
    "vertices" : [ {
      "x" : 18.230747,
      "y" : 3.0815594,
      "z" : -4.677051
    }, {
      "x" : 18.59878,
      "y" : 3.177051,
      "z" : -5.1405764
    }, {
      "x" : 1.0954915,
      "y" : 0.1545085,
      "z" : 0.059016995
    }, {
      "x" : 18.039762,
      "y" : 3.3905764,
      "z" : -5.177051
    }, {
      "x" : 0.9045085,
      "y" : 0.4635255,
      "z" : -0.440983
    }, {
      "x" : 18.039762,
      "y" : 2.7725425,
      "z" : -4.795085
    }, {
      "x" : 0.9045085,
      "y" : -0.1545085,
      "z" : -0.059016995
    }, {
      "x" : 17.84878,
      "y" : 3.0815594,
      "z" : -5.295085
    }, {
      "x" : 18.944271,
      "y" : 3.236068,
      "z" : -5.236068
    }, {
      "x" : 0.3454915,
      "y" : 0.059016995,
      "z" : -0.095491506
    }, {
      "x" : 0.7135255,
      "y" : 0.1545085,
      "z" : -0.559017
    } ],
    "faces" : [ {
      "vertices" : [ 2, 9, 6 ]
    }, {
      "vertices" : [ 0, 1, 3 ]
    }, {
      "vertices" : [ 0, 5, 1 ]
    }, {
      "vertices" : [ 4, 10, 9 ]
    }, {
      "vertices" : [ 3, 7, 10, 4 ]
    }, {
      "vertices" : [ 0, 3, 4, 2 ]
    }, {
      "vertices" : [ 6, 9, 10 ]
    }, {
      "vertices" : [ 1, 7, 3 ]
    }, {
      "vertices" : [ 5, 6, 10, 7 ]
    }, {
      "vertices" : [ 0, 2, 6, 5 ]
    }, {
      "vertices" : [ 1, 5, 7 ]
    }, {
      "vertices" : [ 2, 4, 9 ]
    } ]
  }, {
    "id" : "88ba3528-2173-4808-b7ca-cf0f5bbbd9b3",
    "vertices" : [ {
      "x" : 0.0,
      "y" : 0.0,
      "z" : 0.0
    }, {
      "x" : 0.0,
      "y" : 2.472136,
      "z" : -4.0
    }, {
      "x" : 0.0,
      "y" : 125.08204,
      "z" : 71.777084
    }, {
      "x" : 0.0,
      "y" : 122.6099,
      "z" : 75.777084
    } ],
    "faces" : [ {
      "vertices" : [ 0, 1, 2, 3 ]
    }, {
      "vertices" : [ 0, 3, 2, 1 ]
    } ]
  }, {
    "id" : "09fbd8f8-5621-4f7b-8f28-50d6fdc27c4e",
    "vertices" : [ {
      "x" : 0.0,
      "y" : 0.0,
      "z" : 0.0
    }, {
      "x" : 2.472136,
      "y" : -4.0,
      "z" : 0.0
    }, {
      "x" : 3.236068,
      "y" : -5.236068,
      "z" : -4.472136
    }, {
      "x" : 1.236068,
      "y" : -2.0,
      "z" : -7.236068
    }, {
      "x" : -0.76393205,
      "y" : 1.236068,
      "z" : -4.472136
    } ],
    "faces" : [ {
      "vertices" : [ 0, 1, 2, 3, 4 ]
    }, {
      "vertices" : [ 0, 4, 3, 2, 1 ]
    } ]
  }, {
    "id" : "95e91130-229c-486e-9586-530204831c71",
    "vertices" : [ {
      "x" : 0.0,
      "y" : 0.0,
      "z" : 0.0
    }, {
      "x" : 0.0,
      "y" : 1.236068,
      "z" : 2.0
    }, {
      "x" : 0.0,
      "y" : -60.068882,
      "z" : 39.888542
    }, {
      "x" : 0.0,
      "y" : -61.30495,
      "z" : 37.888542
    } ],
    "faces" : [ {
      "vertices" : [ 0, 1, 2, 3 ]
    }, {
      "vertices" : [ 0, 3, 2, 1 ]
    } ]
  }, {
    "id" : "c4c004ef-fbb8-4212-b557-60542d646821",
    "orbit" : "red",
    "name" : " :-4 +8*phi",
    "vertices" : [ {
      "x" : 0.9045085,
      "y" : 0.3454915,
      "z" : 0.25
    }, {
      "x" : 60.591427,
      "y" : 37.234035,
      "z" : 0.25
    }, {
      "x" : 60.400444,
      "y" : 37.543053,
      "z" : 0.25
    }, {
      "x" : 0.7135255,
      "y" : 0.6545085,
      "z" : 0.25
    }, {
      "x" : 0.809017,
      "y" : 0.5,
      "z" : -0.309017
    }, {
      "x" : 0.9635255,
      "y" : 0.25,
      "z" : -0.095491506
    }, {
      "x" : 0.309017,
      "y" : 0.19098301,
      "z" : 0.0
    }, {
      "x" : 60.995934,
      "y" : 37.69756,
      "z" : 0.0
    }, {
      "x" : 60.341427,
      "y" : 37.638542,
      "z" : -0.095491506
    }, {
      "x" : 60.495934,
      "y" : 37.388542,
      "z" : -0.309017
    }, {
      "x" : 61.30495,
      "y" : 37.888542,
      "z" : 0.0
    }, {
      "x" : 0.6545085,
      "y" : 0.75,
      "z" : -0.095491506
    }, {
      "x" : 60.650444,
      "y" : 37.138542,
      "z" : -0.095491506
    } ],
    "faces" : [ {
      "vertices" : [ 4, 11, 8, 9 ]
    }, {
      "vertices" : [ 0, 1, 2, 3 ]
    }, {
      "vertices" : [ 0, 3, 6 ]
    }, {
      "vertices" : [ 1, 7, 2 ]
    }, {
      "vertices" : [ 0, 6, 5 ]
    }, {
      "vertices" : [ 4, 5, 6 ]
    }, {
      "vertices" : [ 2, 7, 8 ]
    }, {
      "vertices" : [ 0, 5, 12, 1 ]
    }, {
      "vertices" : [ 1, 12, 7 ]
    }, {
      "vertices" : [ 3, 11, 6 ]
    }, {
      "vertices" : [ 4, 6, 11 ]
    }, {
      "vertices" : [ 7, 9, 8 ]
    }, {
      "vertices" : [ 2, 8, 11, 3 ]
    }, {
      "vertices" : [ 7, 12, 9 ]
    }, {
      "vertices" : [ 4, 9, 12, 5 ]
    } ]
  }, {
    "id" : "1a82dae0-c898-4666-8807-8bbe666ff102",
    "vertices" : [ {
      "x" : 0.0,
      "y" : 0.0,
      "z" : 0.0
    }, {
      "x" : 0.0,
      "y" : -122.6099,
      "z" : -75.777084
    }, {
      "x" : 0.0,
      "y" : -120.137764,
      "z" : -79.777084
    }, {
      "x" : 0.0,
      "y" : 2.472136,
      "z" : -4.0
    } ],
    "faces" : [ {
      "vertices" : [ 0, 1, 2, 3 ]
    }, {
      "vertices" : [ 0, 3, 2, 1 ]
    } ]
  }, {
    "id" : "4927d7ac-173a-4795-9e6c-af681893dcae",
    "vertices" : [ {
      "x" : 0.0,
      "y" : 0.0,
      "z" : 0.0
    }, {
      "x" : 1.0,
      "y" : -1.618034,
      "z" : -1.381966
    }, {
      "x" : 0.618034,
      "y" : -1.0,
      "z" : -3.618034
    }, {
      "x" : -0.618034,
      "y" : 1.0,
      "z" : -3.618034
    }, {
      "x" : -1.0,
      "y" : 1.618034,
      "z" : -1.381966
    } ],
    "faces" : [ {
      "vertices" : [ 0, 1, 2, 3, 4 ]
    }, {
      "vertices" : [ 0, 4, 3, 2, 1 ]
    } ]
  }, {
    "id" : "eef6adb1-5df9-45fe-af06-9b8b02fbc685",
    "vertices" : [ {
      "x" : 0.0,
      "y" : 0.0,
      "z" : 0.0
    }, {
      "x" : -2.0,
      "y" : 3.236068,
      "z" : -2.763932
    }, {
      "x" : -4.0,
      "y" : 6.472136,
      "z" : 0.0
    }, {
      "x" : -3.236068,
      "y" : 5.236068,
      "z" : 4.472136
    }, {
      "x" : -0.76393205,
      "y" : 1.236068,
      "z" : 4.472136
    } ],
    "faces" : [ {
      "vertices" : [ 0, 1, 2, 3, 4 ]
    }, {
      "vertices" : [ 0, 4, 3, 2, 1 ]
    } ]
  }, {
    "id" : "2f5a57ad-24b7-415e-ad7a-d65ef6ea15f1",
    "vertices" : [ {
      "x" : 0.0,
      "y" : 0.0,
      "z" : 0.0
    }, {
      "x" : 0.0,
      "y" : 2.472136,
      "z" : 4.0
    }, {
      "x" : 0.0,
      "y" : -120.137764,
      "z" : 79.777084
    }, {
      "x" : 0.0,
      "y" : -122.6099,
      "z" : 75.777084
    } ],
    "faces" : [ {
      "vertices" : [ 0, 1, 2, 3 ]
    }, {
      "vertices" : [ 0, 3, 2, 1 ]
    } ]
  }, {
    "id" : "3eab2cc8-924f-4012-b49a-231709786b08",
    "vertices" : [ {
      "x" : 0.0,
      "y" : 0.0,
      "z" : 0.0
    }, {
      "x" : 0.0,
      "y" : -122.6099,
      "z" : 75.777084
    }, {
      "x" : 0.0,
      "y" : -125.08204,
      "z" : 71.777084
    }, {
      "x" : 0.0,
      "y" : -2.472136,
      "z" : -4.0
    } ],
    "faces" : [ {
      "vertices" : [ 0, 1, 2, 3 ]
    }, {
      "vertices" : [ 0, 3, 2, 1 ]
    } ]
  }, {
    "id" : "87657858-4548-4a75-89e5-671e87a99582",
    "vertices" : [ {
      "x" : 0.0,
      "y" : 0.0,
      "z" : 0.0
    }, {
      "x" : 0.0,
      "y" : -1.236068,
      "z" : 2.0
    }, {
      "x" : 0.0,
      "y" : -62.54102,
      "z" : -35.888542
    }, {
      "x" : 0.0,
      "y" : -61.30495,
      "z" : -37.888542
    } ],
    "faces" : [ {
      "vertices" : [ 0, 1, 2, 3 ]
    }, {
      "vertices" : [ 0, 3, 2, 1 ]
    } ]
  }, {
    "id" : "cdfdebfa-286e-45c6-a62a-7c55741c5478",
    "orbit" : "orange",
    "name" : " :-8 +8*phi",
    "vertices" : [ {
      "x" : 37.17502,
      "y" : 6.3176274,
      "z" : -9.913119
    }, {
      "x" : 37.543053,
      "y" : 6.413119,
      "z" : -10.376644
    }, {
      "x" : 1.0954915,
      "y" : 0.1545085,
      "z" : 0.059016995
    }, {
      "x" : 36.984035,
      "y" : 6.6266446,
      "z" : -10.413119
    }, {
      "x" : 0.9045085,
      "y" : 0.4635255,
      "z" : -0.440983
    }, {
      "x" : 36.984035,
      "y" : 6.0086102,
      "z" : -10.031153
    }, {
      "x" : 0.9045085,
      "y" : -0.1545085,
      "z" : -0.059016995
    }, {
      "x" : 36.793053,
      "y" : 6.3176274,
      "z" : -10.531153
    }, {
      "x" : 37.888542,
      "y" : 6.472136,
      "z" : -10.472136
    }, {
      "x" : 0.3454915,
      "y" : 0.059016995,
      "z" : -0.095491506
    }, {
      "x" : 0.7135255,
      "y" : 0.1545085,
      "z" : -0.559017
    } ],
    "faces" : [ {
      "vertices" : [ 2, 9, 6 ]
    }, {
      "vertices" : [ 0, 1, 3 ]
    }, {
      "vertices" : [ 0, 5, 1 ]
    }, {
      "vertices" : [ 4, 10, 9 ]
    }, {
      "vertices" : [ 3, 7, 10, 4 ]
    }, {
      "vertices" : [ 0, 3, 4, 2 ]
    }, {
      "vertices" : [ 6, 9, 10 ]
    }, {
      "vertices" : [ 1, 7, 3 ]
    }, {
      "vertices" : [ 5, 6, 10, 7 ]
    }, {
      "vertices" : [ 0, 2, 6, 5 ]
    }, {
      "vertices" : [ 1, 5, 7 ]
    }, {
      "vertices" : [ 2, 4, 9 ]
    } ]
  }, {
    "id" : "d930c865-be88-47d4-9a48-4d3aab1806c8",
    "vertices" : [ {
      "x" : 0.0,
      "y" : 0.0,
      "z" : 0.0
    }, {
      "x" : 0.0,
      "y" : 61.30495,
      "z" : 37.888542
    }, {
      "x" : 0.0,
      "y" : 60.068882,
      "z" : 39.888542
    }, {
      "x" : 0.0,
      "y" : -1.236068,
      "z" : 2.0
    } ],
    "faces" : [ {
      "vertices" : [ 0, 1, 2, 3 ]
    }, {
      "vertices" : [ 0, 3, 2, 1 ]
    } ]
  }, {
    "id" : "c4f0b131-b5b3-4b0d-bf03-95ed4dc7d3f8",
    "vertices" : [ {
      "x" : 0.0,
      "y" : 0.0,
      "z" : 0.0
    }, {
      "x" : 1.0,
      "y" : -1.618034,
      "z" : 1.381966
    }, {
      "x" : 2.0,
      "y" : -3.236068,
      "z" : 0.0
    }, {
      "x" : 1.618034,
      "y" : -2.618034,
      "z" : -2.236068
    }, {
      "x" : 0.38196602,
      "y" : -0.618034,
      "z" : -2.236068
    } ],
    "faces" : [ {
      "vertices" : [ 0, 1, 2, 3, 4 ]
    }, {
      "vertices" : [ 0, 4, 3, 2, 1 ]
    } ]
  }, {
    "id" : "6c1d2adb-354e-4774-b606-602db7903732",
    "vertices" : [ {
      "x" : 0.0,
      "y" : 0.0,
      "z" : 0.0
    }, {
      "x" : 0.0,
      "y" : -1.236068,
      "z" : -2.0
    }, {
      "x" : 0.0,
      "y" : 60.068882,
      "z" : -39.888542
    }, {
      "x" : 0.0,
      "y" : 61.30495,
      "z" : -37.888542
    } ],
    "faces" : [ {
      "vertices" : [ 0, 1, 2, 3 ]
    }, {
      "vertices" : [ 0, 3, 2, 1 ]
    } ]
  }, {
    "id" : "36a8a850-d456-4698-83c3-5aeeda476994",
    "vertices" : [ {
      "x" : 0.0,
      "y" : 0.0,
      "z" : 0.0
    }, {
      "x" : 0.0,
      "y" : 122.6099,
      "z" : -75.777084
    }, {
      "x" : 0.0,
      "y" : 125.08204,
      "z" : -71.777084
    }, {
      "x" : 0.0,
      "y" : 2.472136,
      "z" : 4.0
    } ],
    "faces" : [ {
      "vertices" : [ 0, 1, 2, 3 ]
    }, {
      "vertices" : [ 0, 3, 2, 1 ]
    } ]
  }, {
    "id" : "92ff6985-4ac6-4757-8f1f-aad8cfb5e779",
    "vertices" : [ {
      "x" : 0.0,
      "y" : 0.0,
      "z" : 0.0
    }, {
      "x" : 0.0,
      "y" : -61.30495,
      "z" : -37.888542
    }, {
      "x" : 0.0,
      "y" : -60.068882,
      "z" : -39.888542
    }, {
      "x" : 0.0,
      "y" : 1.236068,
      "z" : -2.0
    } ],
    "faces" : [ {
      "vertices" : [ 0, 1, 2, 3 ]
    }, {
      "vertices" : [ 0, 3, 2, 1 ]
    } ]
  }, {
    "id" : "1654e190-7e13-43d3-9682-1df2f9a9da08",
    "vertices" : [ {
      "x" : 0.0,
      "y" : 0.0,
      "z" : 0.0
    }, {
      "x" : 0.0,
      "y" : 61.30495,
      "z" : -37.888542
    }, {
      "x" : 0.0,
      "y" : 62.54102,
      "z" : -35.888542
    }, {
      "x" : 0.0,
      "y" : 1.236068,
      "z" : 2.0
    } ],
    "faces" : [ {
      "vertices" : [ 0, 1, 2, 3 ]
    }, {
      "vertices" : [ 0, 3, 2, 1 ]
    } ]
  }, {
    "id" : "78613c13-cc4a-488e-9f91-89141ada313d",
    "vertices" : [ {
      "x" : 0.0,
      "y" : 0.0,
      "z" : 0.0
    }, {
      "x" : 0.0,
      "y" : 122.6099,
      "z" : 75.777084
    }, {
      "x" : 0.0,
      "y" : 120.137764,
      "z" : 79.777084
    }, {
      "x" : 0.0,
      "y" : -2.472136,
      "z" : 4.0
    } ],
    "faces" : [ {
      "vertices" : [ 0, 1, 2, 3 ]
    }, {
      "vertices" : [ 0, 3, 2, 1 ]
    } ]
  }, {
    "id" : "8878ee7b-d2cb-47b2-a323-3328cb2cf6e7",
    "vertices" : [ {
      "x" : 0.0,
      "y" : 0.0,
      "z" : 0.0
    }, {
      "x" : -1.236068,
      "y" : 2.0,
      "z" : 0.0
    }, {
      "x" : -1.618034,
      "y" : 2.618034,
      "z" : 2.236068
    }, {
      "x" : -0.618034,
      "y" : 1.0,
      "z" : 3.618034
    }, {
      "x" : 0.38196602,
      "y" : -0.618034,
      "z" : 2.236068
    } ],
    "faces" : [ {
      "vertices" : [ 0, 1, 2, 3, 4 ]
    }, {
      "vertices" : [ 0, 4, 3, 2, 1 ]
    } ]
  }, {
    "id" : "04f92b72-8f32-4d04-ac77-802e27ad5619",
    "vertices" : [ {
      "x" : 0.0,
      "y" : 0.0,
      "z" : 0.0
    }, {
      "x" : 0.76393205,
      "y" : -1.236068,
      "z" : 4.472136
    }, {
      "x" : 3.236068,
      "y" : -5.236068,
      "z" : 4.472136
    }, {
      "x" : 4.0,
      "y" : -6.472136,
      "z" : 0.0
    }, {
      "x" : 2.0,
      "y" : -3.236068,
      "z" : -2.763932
    } ],
    "faces" : [ {
      "vertices" : [ 0, 1, 2, 3, 4 ]
    }, {
      "vertices" : [ 0, 4, 3, 2, 1 ]
    } ]
  }, {
    "id" : "73d432ef-65ba-421c-b021-f3c77616388f",
    "vertices" : [ {
      "x" : 0.0,
      "y" : 0.0,
      "z" : 0.0
    }, {
      "x" : -0.38196602,
      "y" : 0.618034,
      "z" : -2.236068
    }, {
      "x" : -1.618034,
      "y" : 2.618034,
      "z" : -2.236068
    }, {
      "x" : -2.0,
      "y" : 3.236068,
      "z" : 0.0
    }, {
      "x" : -1.0,
      "y" : 1.618034,
      "z" : 1.381966
    } ],
    "faces" : [ {
      "vertices" : [ 0, 1, 2, 3, 4 ]
    }, {
      "vertices" : [ 0, 4, 3, 2, 1 ]
    } ]
  }, {
    "id" : "cb7f85bc-0712-4b71-a8b5-0379eca7c536",
    "vertices" : [ {
      "x" : 0.0,
      "y" : 0.0,
      "z" : 0.0
    }, {
      "x" : 0.0,
      "y" : -2.472136,
      "z" : -4.0
    }, {
      "x" : 0.0,
      "y" : 120.137764,
      "z" : -79.777084
    }, {
      "x" : 0.0,
      "y" : 122.6099,
      "z" : -75.777084
    } ],
    "faces" : [ {
      "vertices" : [ 0, 1, 2, 3 ]
    }, {
      "vertices" : [ 0, 3, 2, 1 ]
    } ]
  }, {
    "id" : "ff977df9-3c44-4a96-9d9a-67f8d7f374c4",
    "vertices" : [ {
      "x" : 0.0,
      "y" : 0.0,
      "z" : 0.0
    }, {
      "x" : 0.76393205,
      "y" : -1.236068,
      "z" : -4.472136
    }, {
      "x" : -1.236068,
      "y" : 2.0,
      "z" : -7.236068
    }, {
      "x" : -3.236068,
      "y" : 5.236068,
      "z" : -4.472136
    }, {
      "x" : -2.472136,
      "y" : 4.0,
      "z" : 0.0
    } ],
    "faces" : [ {
      "vertices" : [ 0, 1, 2, 3, 4 ]
    }, {
      "vertices" : [ 0, 4, 3, 2, 1 ]
    } ]
  }, {
    "id" : "cf541f38-7ef7-4495-856b-c55fe54964fa",
    "vertices" : [ {
      "x" : 0.0,
      "y" : 0.0,
      "z" : 0.0
    }, {
      "x" : -0.38196602,
      "y" : 0.618034,
      "z" : 2.236068
    }, {
      "x" : 0.618034,
      "y" : -1.0,
      "z" : 3.618034
    }, {
      "x" : 1.618034,
      "y" : -2.618034,
      "z" : 2.236068
    }, {
      "x" : 1.236068,
      "y" : -2.0,
      "z" : 0.0
    } ],
    "faces" : [ {
      "vertices" : [ 0, 1, 2, 3, 4 ]
    }, {
      "vertices" : [ 0, 4, 3, 2, 1 ]
    } ]
  }, {
    "id" : "96b79045-cf08-4e82-885c-797ce38ef2e4",
    "vertices" : [ {
      "x" : 0.0,
      "y" : 0.0,
      "z" : 0.0
    }, {
      "x" : -2.0,
      "y" : 3.236068,
      "z" : 2.763932
    }, {
      "x" : -1.236068,
      "y" : 2.0,
      "z" : 7.236068
    }, {
      "x" : 1.236068,
      "y" : -2.0,
      "z" : 7.236068
    }, {
      "x" : 2.0,
      "y" : -3.236068,
      "z" : 2.763932
    } ],
    "faces" : [ {
      "vertices" : [ 0, 1, 2, 3, 4 ]
    }, {
      "vertices" : [ 0, 4, 3, 2, 1 ]
    } ]
  }, {
    "id" : "2e6c73db-3a10-4a51-bd2e-0771f609f4eb",
    "orbit" : "red",
    "name" : "r1",
    "vertices" : [ {
      "x" : 0.9045085,
      "y" : 0.3454915,
      "z" : 0.25
    }, {
      "x" : 6.1405764,
      "y" : 3.5815594,
      "z" : 0.25
    }, {
      "x" : 5.9495935,
      "y" : 3.8905764,
      "z" : 0.25
    }, {
      "x" : 0.7135255,
      "y" : 0.6545085,
      "z" : 0.25
    }, {
      "x" : 0.809017,
      "y" : 0.5,
      "z" : -0.309017
    }, {
      "x" : 0.9635255,
      "y" : 0.25,
      "z" : -0.095491506
    }, {
      "x" : 0.309017,
      "y" : 0.19098301,
      "z" : 0.0
    }, {
      "x" : 6.545085,
      "y" : 4.045085,
      "z" : 0.0
    }, {
      "x" : 5.8905764,
      "y" : 3.986068,
      "z" : -0.095491506
    }, {
      "x" : 6.045085,
      "y" : 3.736068,
      "z" : -0.309017
    }, {
      "x" : 6.854102,
      "y" : 4.236068,
      "z" : 0.0
    }, {
      "x" : 0.6545085,
      "y" : 0.75,
      "z" : -0.095491506
    }, {
      "x" : 6.1995935,
      "y" : 3.486068,
      "z" : -0.095491506
    } ],
    "faces" : [ {
      "vertices" : [ 4, 11, 8, 9 ]
    }, {
      "vertices" : [ 0, 1, 2, 3 ]
    }, {
      "vertices" : [ 0, 3, 6 ]
    }, {
      "vertices" : [ 1, 7, 2 ]
    }, {
      "vertices" : [ 0, 6, 5 ]
    }, {
      "vertices" : [ 4, 5, 6 ]
    }, {
      "vertices" : [ 2, 7, 8 ]
    }, {
      "vertices" : [ 0, 5, 12, 1 ]
    }, {
      "vertices" : [ 1, 12, 7 ]
    }, {
      "vertices" : [ 3, 11, 6 ]
    }, {
      "vertices" : [ 4, 6, 11 ]
    }, {
      "vertices" : [ 7, 9, 8 ]
    }, {
      "vertices" : [ 2, 8, 11, 3 ]
    }, {
      "vertices" : [ 7, 12, 9 ]
    }, {
      "vertices" : [ 4, 9, 12, 5 ]
    } ]
  }, {
    "id" : "b29b8fd7-bcbb-4238-819d-62fe71af67f8",
    "orbit" : "red",
    "name" : " :-12 +24*phi",
    "vertices" : [ {
      "x" : 0.9045085,
      "y" : 0.3454915,
      "z" : 0.25
    }, {
      "x" : 183.20132,
      "y" : 113.01112,
      "z" : 0.25
    }, {
      "x" : 183.01035,
      "y" : 113.32014,
      "z" : 0.25
    }, {
      "x" : 0.7135255,
      "y" : 0.6545085,
      "z" : 0.25
    }, {
      "x" : 0.809017,
      "y" : 0.5,
      "z" : -0.309017
    }, {
      "x" : 0.9635255,
      "y" : 0.25,
      "z" : -0.095491506
    }, {
      "x" : 0.309017,
      "y" : 0.19098301,
      "z" : 0.0
    }, {
      "x" : 183.60583,
      "y" : 113.47465,
      "z" : 0.0
    }, {
      "x" : 182.95132,
      "y" : 113.415634,
      "z" : -0.095491506
    }, {
      "x" : 183.10583,
      "y" : 113.165634,
      "z" : -0.309017
    }, {
      "x" : 183.91486,
      "y" : 113.665634,
      "z" : 0.0
    }, {
      "x" : 0.6545085,
      "y" : 0.75,
      "z" : -0.095491506
    }, {
      "x" : 183.26035,
      "y" : 112.915634,
      "z" : -0.095491506
    } ],
    "faces" : [ {
      "vertices" : [ 4, 11, 8, 9 ]
    }, {
      "vertices" : [ 0, 1, 2, 3 ]
    }, {
      "vertices" : [ 0, 3, 6 ]
    }, {
      "vertices" : [ 1, 7, 2 ]
    }, {
      "vertices" : [ 0, 6, 5 ]
    }, {
      "vertices" : [ 4, 5, 6 ]
    }, {
      "vertices" : [ 2, 7, 8 ]
    }, {
      "vertices" : [ 0, 5, 12, 1 ]
    }, {
      "vertices" : [ 1, 12, 7 ]
    }, {
      "vertices" : [ 3, 11, 6 ]
    }, {
      "vertices" : [ 4, 6, 11 ]
    }, {
      "vertices" : [ 7, 9, 8 ]
    }, {
      "vertices" : [ 2, 8, 11, 3 ]
    }, {
      "vertices" : [ 7, 12, 9 ]
    }, {
      "vertices" : [ 4, 9, 12, 5 ]
    } ]
  }, {
    "id" : "77aa24d8-6263-4f1a-ae77-2f6dd294086f",
    "orbit" : "blue",
    "name" : " :-3 +2*phi",
    "vertices" : [ {
      "x" : 1.0,
      "y" : 0.309017,
      "z" : 0.19098301
    }, {
      "x" : 1.0,
      "y" : -0.309017,
      "z" : 0.19098301
    }, {
      "x" : 1.0,
      "y" : -0.309017,
      "z" : 0.19098301
    }, {
      "x" : 1.0,
      "y" : 0.309017,
      "z" : 0.19098301
    }, {
      "x" : 1.0,
      "y" : -0.309017,
      "z" : -0.19098301
    }, {
      "x" : 1.0,
      "y" : 0.309017,
      "z" : -0.19098301
    }, {
      "x" : 1.618034,
      "y" : 0.0,
      "z" : 0.0
    }, {
      "x" : 0.38196602,
      "y" : 0.0,
      "z" : 0.0
    }, {
      "x" : 1.0,
      "y" : 0.309017,
      "z" : -0.19098301
    }, {
      "x" : 1.0,
      "y" : -0.309017,
      "z" : -0.19098301
    }, {
      "x" : 2.0,
      "y" : 0.0,
      "z" : 0.0
    } ],
    "faces" : [ {
      "vertices" : [ 1, 9, 4, 2 ]
    }, {
      "vertices" : [ 0, 3, 5, 8 ]
    }, {
      "vertices" : [ 1, 7, 9 ]
    }, {
      "vertices" : [ 0, 1, 2, 3 ]
    }, {
      "vertices" : [ 7, 8, 9 ]
    }, {
      "vertices" : [ 0, 7, 1 ]
    }, {
      "vertices" : [ 4, 9, 8, 5 ]
    }, {
      "vertices" : [ 2, 6, 3 ]
    }, {
      "vertices" : [ 2, 4, 6 ]
    }, {
      "vertices" : [ 3, 6, 5 ]
    }, {
      "vertices" : [ 4, 5, 6 ]
    }, {
      "vertices" : [ 0, 8, 7 ]
    } ]
  }, {
    "id" : "5847fd3f-f5c2-43d6-9931-1eaf55839569",
    "orbit" : "spruce",
    "name" : "long",
    "vertices" : [ {
      "x" : 0.05572809,
      "y" : 0.05572809,
      "z" : 0.41640785
    }, {
      "x" : -0.16311896,
      "y" : -0.045084972,
      "z" : 1.0901699
    }, {
      "x" : -0.16311896,
      "y" : 0.33688104,
      "z" : 1.0901699
    }, {
      "x" : 2.781153,
      "y" : 2.663119,
      "z" : 18.472136
    }, {
      "x" : 2.163119,
      "y" : 2.663119,
      "z" : 18.472136
    }, {
      "x" : 2.163119,
      "y" : 2.281153,
      "z" : 18.472136
    }, {
      "x" : 2.562306,
      "y" : 2.562306,
      "z" : 19.145899
    }, {
      "x" : 0.45491502,
      "y" : 0.33688104,
      "z" : 1.0901699
    }, {
      "x" : 0.45491502,
      "y" : -0.045084972,
      "z" : 1.0901699
    }, {
      "x" : 2.781153,
      "y" : 2.281153,
      "z" : 18.472136
    }, {
      "x" : 2.618034,
      "y" : 2.618034,
      "z" : 19.562305
    } ],
    "faces" : [ {
      "vertices" : [ 2, 4, 3, 7 ]
    }, {
      "vertices" : [ 3, 6, 9 ]
    }, {
      "vertices" : [ 0, 1, 2 ]
    }, {
      "vertices" : [ 5, 9, 6 ]
    }, {
      "vertices" : [ 1, 8, 9, 5 ]
    }, {
      "vertices" : [ 0, 8, 1 ]
    }, {
      "vertices" : [ 0, 2, 7 ]
    }, {
      "vertices" : [ 3, 9, 8, 7 ]
    }, {
      "vertices" : [ 1, 5, 4, 2 ]
    }, {
      "vertices" : [ 3, 4, 6 ]
    }, {
      "vertices" : [ 4, 5, 6 ]
    }, {
      "vertices" : [ 0, 7, 8 ]
    } ]
  } ],
  "instances" : [ {
    "shape" : "c3e2de6d-6e2c-4bbc-9aa2-5319bec2d22f",
    "color" : "#7FBACA",
    "position" : {
      "x" : 97.81153,
      "y" : -47.36068,
      "z" : 15.326238
    },
    "orientation" : 47
  }, {
    "shape" : "7ab5540d-45c3-4e2f-9b76-465db3abac62",
    "color" : "#7FBACA",
    "position" : {
      "x" : -24.416409,
      "y" : -29.034441,
      "z" : -13.09017
    },
    "orientation" : 37
  }, {
    "shape" : "a9a6ab7d-8a09-44c7-a1e9-439738312f36",
    "color" : "#FFFFFF",
    "position" : {
      "x" : -35.12461,
      "y" : 124.6099,
      "z" : 72.54102
    }
  }, {
    "shape" : "a9a6ab7d-8a09-44c7-a1e9-439738312f36",
    "color" : "#FFFFFF",
    "position" : {
      "x" : -106.429565,
      "y" : -11.708204,
      "z" : -103.665634
    }
  }, {
    "shape" : "a9a6ab7d-8a09-44c7-a1e9-439738312f36",
    "color" : "#FFFFFF",
    "position" : {
      "x" : -3.236068,
      "y" : 35.12461,
      "z" : -2.0
    }
  }, {
    "shape" : "a9a6ab7d-8a09-44c7-a1e9-439738312f36",
    "color" : "#FFFFFF",
    "position" : {
      "x" : -29.416409,
      "y" : 7.236068,
      "z" : -18.18034
    }
  }, {
    "shape" : "247a2af7-d723-4df0-83ac-a3fe1d17132a",
    "color" : "#7FBACA",
    "position" : {
      "x" : 30.652475,
      "y" : 11.708204,
      "z" : -18.944271
    },
    "orientation" : 0
  }, {
    "shape" : "a9a6ab7d-8a09-44c7-a1e9-439738312f36",
    "color" : "#FFFFFF",
    "position" : {
      "x" : 49.36068,
      "y" : -15.326238,
      "z" : 96.57546
    }
  }, {
    "shape" : "a9a6ab7d-8a09-44c7-a1e9-439738312f36",
    "color" : "#FFFFFF",
    "position" : {
      "x" : 35.888542,
      "y" : 10.472136,
      "z" : -13.708204
    }
  }, {
    "shape" : "a9a6ab7d-8a09-44c7-a1e9-439738312f36",
    "color" : "#FFFFFF",
    "position" : {
      "x" : 11.09017,
      "y" : -34.888542,
      "z" : -12.09017
    }
  }, {
    "shape" : "a9a6ab7d-8a09-44c7-a1e9-439738312f36",
    "color" : "#FFFFFF",
    "position" : {
      "x" : 20.944271,
      "y" : -27.416409,
      "z" : -71.777084
    }
  }, {
    "shape" : "a9a6ab7d-8a09-44c7-a1e9-439738312f36",
    "color" : "#FFFFFF",
    "position" : {
      "x" : 7.236068,
      "y" : -106.9017,
      "z" : 101.1935
    }
  }, {
    "shape" : "6af058c5-f238-4194-a10a-03b3cb4856b7",
    "color" : "#DC4C00",
    "position" : {
      "x" : 16.944271,
      "y" : -91.95743,
      "z" : -56.832817
    },
    "orientation" : 41
  }, {
    "shape" : "a9a6ab7d-8a09-44c7-a1e9-439738312f36",
    "color" : "#FFFFFF",
    "position" : {
      "x" : 18.944271,
      "y" : 18.944271,
      "z" : 30.652475
    }
  }, {
    "shape" : "a9a6ab7d-8a09-44c7-a1e9-439738312f36",
    "color" : "#FFFFFF",
    "position" : {
      "x" : -26.416409,
      "y" : -25.798374,
      "z" : -13.09017
    }
  }, {
    "shape" : "88ba3528-2173-4808-b7ca-cf0f5bbbd9b3",
    "color" : "#7FBACA",
    "position" : {
      "x" : -94.72136,
      "y" : -30.652475,
      "z" : 110.9017
    },
    "orientation" : 53
  }, {
    "shape" : "a9a6ab7d-8a09-44c7-a1e9-439738312f36",
    "color" : "#FFFFFF",
    "position" : {
      "x" : -27.416409,
      "y" : -11.708204,
      "z" : -25.416409
    }
  }, {
    "shape" : "a9a6ab7d-8a09-44c7-a1e9-439738312f36",
    "color" : "#FFFFFF",
    "position" : {
      "x" : -48.36068,
      "y" : 11.708204,
      "z" : 97.1935
    }
  }, {
    "shape" : "a9a6ab7d-8a09-44c7-a1e9-439738312f36",
    "color" : "#FFFFFF",
    "position" : {
      "x" : -47.36068,
      "y" : 15.326238,
      "z" : 97.81153
    }
  }, {
    "shape" : "09fbd8f8-5621-4f7b-8f28-50d6fdc27c4e",
    "color" : "#D77F7F",
    "position" : {
      "x" : -18.944271,
      "y" : 30.652475,
      "z" : 11.708204
    },
    "orientation" : 47
  }, {
    "shape" : "95e91130-229c-486e-9586-530204831c71",
    "color" : "#7FBACA",
    "position" : {
      "x" : 24.798374,
      "y" : -28.416409,
      "z" : 15.326238
    },
    "orientation" : 2
  }, {
    "shape" : "c4c004ef-fbb8-4212-b557-60542d646821",
    "color" : "#AF0000",
    "position" : {
      "x" : -5.236068,
      "y" : -39.12461,
      "z" : 5.236068
    },
    "orientation" : 46
  }, {
    "shape" : "247a2af7-d723-4df0-83ac-a3fe1d17132a",
    "color" : "#7FBACA",
    "position" : {
      "x" : -11.708204,
      "y" : 18.944271,
      "z" : -30.652475
    },
    "orientation" : 56
  }, {
    "shape" : "1a82dae0-c898-4666-8807-8bbe666ff102",
    "color" : "#7FBACA",
    "position" : {
      "x" : 48.36068,
      "y" : -14.472136,
      "z" : 139.55417
    },
    "orientation" : 24
  }, {
    "shape" : "a9a6ab7d-8a09-44c7-a1e9-439738312f36",
    "color" : "#FFFFFF",
    "position" : {
      "x" : -37.888542,
      "y" : -122.6099,
      "z" : -75.777084
    }
  }, {
    "shape" : "247a2af7-d723-4df0-83ac-a3fe1d17132a",
    "color" : "#7FBACA",
    "position" : {
      "x" : 24.18034,
      "y" : 11.708204,
      "z" : 14.944272
    },
    "orientation" : 53
  }, {
    "shape" : "a9a6ab7d-8a09-44c7-a1e9-439738312f36",
    "color" : "#FFFFFF",
    "position" : {
      "x" : -101.429565,
      "y" : 41.506577,
      "z" : -5.854102
    }
  }, {
    "shape" : "95e91130-229c-486e-9586-530204831c71",
    "color" : "#7FBACA",
    "position" : {
      "x" : 9.472136,
      "y" : -15.326238,
      "z" : 36.506577
    },
    "orientation" : 41
  }, {
    "shape" : "247a2af7-d723-4df0-83ac-a3fe1d17132a",
    "color" : "#7FBACA",
    "position" : {
      "x" : 18.944271,
      "y" : -30.652475,
      "z" : -11.708204
    },
    "orientation" : 25
  }, {
    "shape" : "a9a6ab7d-8a09-44c7-a1e9-439738312f36",
    "color" : "#FFFFFF",
    "position" : {
      "x" : -3.618034,
      "y" : 101.0476,
      "z" : -42.12461
    }
  }, {
    "shape" : "4927d7ac-173a-4795-9e6c-af681893dcae",
    "color" : "#D77F7F",
    "position" : {
      "x" : -18.944271,
      "y" : 30.652475,
      "z" : -18.944271
    },
    "orientation" : 46
  }, {
    "shape" : "a9a6ab7d-8a09-44c7-a1e9-439738312f36",
    "color" : "#FFFFFF",
    "position" : {
      "x" : -107.665634,
      "y" : -99.95743,
      "z" : -11.708204
    }
  }, {
    "shape" : "eef6adb1-5df9-45fe-af06-9b8b02fbc685",
    "color" : "#D77F7F",
    "position" : {
      "x" : -68.54102,
      "y" : -11.708204,
      "z" : -42.36068
    },
    "orientation" : 2
  }, {
    "shape" : "a9a6ab7d-8a09-44c7-a1e9-439738312f36",
    "color" : "#FFFFFF",
    "position" : {
      "x" : 82.48529,
      "y" : -72.15905,
      "z" : -5.854102
    }
  }, {
    "shape" : "2f5a57ad-24b7-415e-ad7a-d65ef6ea15f1",
    "color" : "#7FBACA",
    "position" : {
      "x" : 30.652475,
      "y" : 60.068882,
      "z" : -39.888542
    },
    "orientation" : 0
  }, {
    "shape" : "a9a6ab7d-8a09-44c7-a1e9-439738312f36",
    "color" : "#FFFFFF",
