{
  "field" : "golden",
  "symmetry" : "icosahedral",
  "orientations" : [ [ 1.0, 0.0, 0.0, 0.0, 0.0, 1.0, 0.0, 0.0, 0.0, 0.0, 1.0, 0.0, 0.0, 0.0, 0.0, 1.0 ], [ 0.0, 0.0, 1.0, 0.0, 1.0, 0.0, 0.0, 0.0, 0.0, 1.0, 0.0, 0.0, 0.0, 0.0, 0.0, 1.0 ], [ 0.0, 1.0, 0.0, 0.0, 0.0, 0.0, 1.0, 0.0, 1.0, 0.0, 0.0, 0.0, 0.0, 0.0, 0.0, 1.0 ], [ 0.809017, 0.309017, 0.5, 0.0, 0.309017, 0.5, -0.809017, 0.0, -0.5, 0.809017, 0.309017, 0.0, 0.0, 0.0, 0.0, 1.0 ], [ -0.5, 0.809017, 0.309017, 0.0, 0.809017, 0.309017, 0.5, 0.0, 0.309017, 0.5, -0.809017, 0.0, 0.0, 0.0, 0.0, 1.0 ], [ 0.309017, 0.5, -0.809017, 0.0, -0.5, 0.809017, 0.309017, 0.0, 0.809017, 0.309017, 0.5, 0.0, 0.0, 0.0, 0.0, 1.0 ], [ 0.5, 0.809017, 0.309017, 0.0, 0.809017, -0.309017, -0.5, 0.0, -0.309017, 0.5, -0.809017, 0.0, 0.0, 0.0, 0.0, 1.0 ], [ -0.309017, 0.5, -0.809017, 0.0, 0.5, 0.809017, 0.309017, 0.0, 0.809017, -0.309017, -0.5, 0.0, 0.0, 0.0, 0.0, 1.0 ], [ 0.809017, -0.309017, -0.5, 0.0, -0.309017, 0.5, -0.809017, 0.0, 0.5, 0.809017, 0.309017, 0.0, 0.0, 0.0, 0.0, 1.0 ], [ 0.5, 0.809017, -0.309017, 0.0, 0.809017, -0.309017, 0.5, 0.0, 0.309017, -0.5, -0.809017, 0.0, 0.0, 0.0, 0.0, 1.0 ], [ 0.309017, -0.5, -0.809017, 0.0, 0.5, 0.809017, -0.309017, 0.0, 0.809017, -0.309017, 0.5, 0.0, 0.0, 0.0, 0.0, 1.0 ], [ 0.809017, -0.309017, 0.5, 0.0, 0.309017, -0.5, -0.809017, 0.0, 0.5, 0.809017, -0.309017, 0.0, 0.0, 0.0, 0.0, 1.0 ], [ 0.809017, 0.309017, -0.5, 0.0, 0.309017, 0.5, 0.809017, 0.0, 0.5, -0.809017, 0.309017, 0.0, 0.0, 0.0, 0.0, 1.0 ], [ 0.5, -0.809017, 0.309017, 0.0, 0.809017, 0.309017, -0.5, 0.0, 0.309017, 0.5, 0.809017, 0.0, 0.0, 0.0, 0.0, 1.0 ], [ 0.309017, 0.5, 0.809017, 0.0, 0.5, -0.809017, 0.309017, 0.0, 0.809017, 0.309017, -0.5, 0.0, 0.0, 0.0, 0.0, 1.0 ], [ 1.0, 0.0, 0.0, 0.0, 0.0, -1.0, 0.0, 0.0, 0.0, 0.0, -1.0, 0.0, 0.0, 0.0, 0.0, 1.0 ], [ 0.0, 0.0, 1.0, 0.0, -1.0, 0.0, 0.0, 0.0, 0.0, -1.0, 0.0, 0.0, 0.0, 0.0, 0.0, 1.0 ], [ 0.0, 1.0, 0.0, 0.0, 0.0, 0.0, -1.0, 0.0, -1.0, 0.0, 0.0, 0.0, 0.0, 0.0, 0.0, 1.0 ], [ 0.809017, 0.309017, 0.5, 0.0, -0.309017, -0.5, 0.809017, 0.0, 0.5, -0.809017, -0.309017, 0.0, 0.0, 0.0, 0.0, 1.0 ], [ -0.5, 0.809017, 0.309017, 0.0, -0.809017, -0.309017, -0.5, 0.0, -0.309017, -0.5, 0.809017, 0.0, 0.0, 0.0, 0.0, 1.0 ], [ 0.309017, 0.5, -0.809017, 0.0, 0.5, -0.809017, -0.309017, 0.0, -0.809017, -0.309017, -0.5, 0.0, 0.0, 0.0, 0.0, 1.0 ], [ 0.5, 0.809017, 0.309017, 0.0, -0.809017, 0.309017, 0.5, 0.0, 0.309017, -0.5, 0.809017, 0.0, 0.0, 0.0, 0.0, 1.0 ], [ -0.309017, 0.5, -0.809017, 0.0, -0.5, -0.809017, -0.309017, 0.0, -0.809017, 0.309017, 0.5, 0.0, 0.0, 0.0, 0.0, 1.0 ], [ 0.809017, -0.309017, -0.5, 0.0, 0.309017, -0.5, 0.809017, 0.0, -0.5, -0.809017, -0.309017, 0.0, 0.0, 0.0, 0.0, 1.0 ], [ 0.5, 0.809017, -0.309017, 0.0, -0.809017, 0.309017, -0.5, 0.0, -0.309017, 0.5, 0.809017, 0.0, 0.0, 0.0, 0.0, 1.0 ], [ 0.309017, -0.5, -0.809017, 0.0, -0.5, -0.809017, 0.309017, 0.0, -0.809017, 0.309017, -0.5, 0.0, 0.0, 0.0, 0.0, 1.0 ], [ 0.809017, -0.309017, 0.5, 0.0, -0.309017, 0.5, 0.809017, 0.0, -0.5, -0.809017, 0.309017, 0.0, 0.0, 0.0, 0.0, 1.0 ], [ 0.809017, 0.309017, -0.5, 0.0, -0.309017, -0.5, -0.809017, 0.0, -0.5, 0.809017, -0.309017, 0.0, 0.0, 0.0, 0.0, 1.0 ], [ 0.5, -0.809017, 0.309017, 0.0, -0.809017, -0.309017, 0.5, 0.0, -0.309017, -0.5, -0.809017, 0.0, 0.0, 0.0, 0.0, 1.0 ], [ 0.309017, 0.5, 0.809017, 0.0, -0.5, 0.809017, -0.309017, 0.0, -0.809017, -0.309017, 0.5, 0.0, 0.0, 0.0, 0.0, 1.0 ], [ -1.0, 0.0, 0.0, 0.0, 0.0, -1.0, 0.0, 0.0, 0.0, 0.0, 1.0, 0.0, 0.0, 0.0, 0.0, 1.0 ], [ 0.0, 0.0, -1.0, 0.0, -1.0, 0.0, 0.0, 0.0, 0.0, 1.0, 0.0, 0.0, 0.0, 0.0, 0.0, 1.0 ], [ 0.0, -1.0, 0.0, 0.0, 0.0, 0.0, -1.0, 0.0, 1.0, 0.0, 0.0, 0.0, 0.0, 0.0, 0.0, 1.0 ], [ -0.809017, -0.309017, -0.5, 0.0, -0.309017, -0.5, 0.809017, 0.0, -0.5, 0.809017, 0.309017, 0.0, 0.0, 0.0, 0.0, 1.0 ], [ 0.5, -0.809017, -0.309017, 0.0, -0.809017, -0.309017, -0.5, 0.0, 0.309017, 0.5, -0.809017, 0.0, 0.0, 0.0, 0.0, 1.0 ], [ -0.309017, -0.5, 0.809017, 0.0, 0.5, -0.809017, -0.309017, 0.0, 0.809017, 0.309017, 0.5, 0.0, 0.0, 0.0, 0.0, 1.0 ], [ -0.5, -0.809017, -0.309017, 0.0, -0.809017, 0.309017, 0.5, 0.0, -0.309017, 0.5, -0.809017, 0.0, 0.0, 0.0, 0.0, 1.0 ], [ 0.309017, -0.5, 0.809017, 0.0, -0.5, -0.809017, -0.309017, 0.0, 0.809017, -0.309017, -0.5, 0.0, 0.0, 0.0, 0.0, 1.0 ], [ -0.809017, 0.309017, 0.5, 0.0, 0.309017, -0.5, 0.809017, 0.0, 0.5, 0.809017, 0.309017, 0.0, 0.0, 0.0, 0.0, 1.0 ], [ -0.5, -0.809017, 0.309017, 0.0, -0.809017, 0.309017, -0.5, 0.0, 0.309017, -0.5, -0.809017, 0.0, 0.0, 0.0, 0.0, 1.0 ], [ -0.309017, 0.5, 0.809017, 0.0, -0.5, -0.809017, 0.309017, 0.0, 0.809017, -0.309017, 0.5, 0.0, 0.0, 0.0, 0.0, 1.0 ], [ -0.809017, 0.309017, -0.5, 0.0, -0.309017, 0.5, 0.809017, 0.0, 0.5, 0.809017, -0.309017, 0.0, 0.0, 0.0, 0.0, 1.0 ], [ -0.809017, -0.309017, 0.5, 0.0, -0.309017, -0.5, -0.809017, 0.0, 0.5, -0.809017, 0.309017, 0.0, 0.0, 0.0, 0.0, 1.0 ], [ -0.5, 0.809017, -0.309017, 0.0, -0.809017, -0.309017, 0.5, 0.0, 0.309017, 0.5, 0.809017, 0.0, 0.0, 0.0, 0.0, 1.0 ], [ -0.309017, -0.5, -0.809017, 0.0, -0.5, 0.809017, -0.309017, 0.0, 0.809017, 0.309017, -0.5, 0.0, 0.0, 0.0, 0.0, 1.0 ], [ -1.0, 0.0, 0.0, 0.0, 0.0, 1.0, 0.0, 0.0, 0.0, 0.0, -1.0, 0.0, 0.0, 0.0, 0.0, 1.0 ], [ 0.0, 0.0, -1.0, 0.0, 1.0, 0.0, 0.0, 0.0, 0.0, -1.0, 0.0, 0.0, 0.0, 0.0, 0.0, 1.0 ], [ 0.0, -1.0, 0.0, 0.0, 0.0, 0.0, 1.0, 0.0, -1.0, 0.0, 0.0, 0.0, 0.0, 0.0, 0.0, 1.0 ], [ -0.809017, -0.309017, -0.5, 0.0, 0.309017, 0.5, -0.809017, 0.0, 0.5, -0.809017, -0.309017, 0.0, 0.0, 0.0, 0.0, 1.0 ], [ 0.5, -0.809017, -0.309017, 0.0, 0.809017, 0.309017, 0.5, 0.0, -0.309017, -0.5, 0.809017, 0.0, 0.0, 0.0, 0.0, 1.0 ], [ -0.309017, -0.5, 0.809017, 0.0, -0.5, 0.809017, 0.309017, 0.0, -0.809017, -0.309017, -0.5, 0.0, 0.0, 0.0, 0.0, 1.0 ], [ -0.5, -0.809017, -0.309017, 0.0, 0.809017, -0.309017, -0.5, 0.0, 0.309017, -0.5, 0.809017, 0.0, 0.0, 0.0, 0.0, 1.0 ], [ 0.309017, -0.5, 0.809017, 0.0, 0.5, 0.809017, 0.309017, 0.0, -0.809017, 0.309017, 0.5, 0.0, 0.0, 0.0, 0.0, 1.0 ], [ -0.809017, 0.309017, 0.5, 0.0, -0.309017, 0.5, -0.809017, 0.0, -0.5, -0.809017, -0.309017, 0.0, 0.0, 0.0, 0.0, 1.0 ], [ -0.5, -0.809017, 0.309017, 0.0, 0.809017, -0.309017, 0.5, 0.0, -0.309017, 0.5, 0.809017, 0.0, 0.0, 0.0, 0.0, 1.0 ], [ -0.309017, 0.5, 0.809017, 0.0, 0.5, 0.809017, -0.309017, 0.0, -0.809017, 0.309017, -0.5, 0.0, 0.0, 0.0, 0.0, 1.0 ], [ -0.809017, 0.309017, -0.5, 0.0, 0.309017, -0.5, -0.809017, 0.0, -0.5, -0.809017, 0.309017, 0.0, 0.0, 0.0, 0.0, 1.0 ], [ -0.809017, -0.309017, 0.5, 0.0, 0.309017, 0.5, 0.809017, 0.0, -0.5, 0.809017, -0.309017, 0.0, 0.0, 0.0, 0.0, 1.0 ], [ -0.5, 0.809017, -0.309017, 0.0, 0.809017, 0.309017, -0.5, 0.0, -0.309017, -0.5, -0.809017, 0.0, 0.0, 0.0, 0.0, 1.0 ], [ -0.309017, -0.5, -0.809017, 0.0, 0.5, -0.809017, 0.309017, 0.0, -0.809017, -0.309017, 0.5, 0.0, 0.0, 0.0, 0.0, 1.0 ] ],
  "lights" : {
    "ambientColor" : "#292929",
    "backgroundColor" : "#AFC8DC",
    "directionalLights" : [ {
      "direction" : {
        "x" : 1.0,
        "y" : -1.0,
        "z" : -1.0
      },
      "color" : "#EBEBE4"
    }, {
      "direction" : {
        "x" : -1.0,
        "y" : 0.0,
        "z" : 0.0
      },
      "color" : "#E4E4EB"
    }, {
      "direction" : {
        "x" : 0.0,
        "y" : 0.0,
        "z" : -1.0
      },
      "color" : "#1E1E1E"
    } ]
  },
  "camera" : {
    "width" : 75.97261,
    "stereo" : false,
    "perspective" : false,
    "viewDistance" : 168.82784,
    "nearClipDistance" : 0.42206964,
    "farClipDistance" : 337.65637,
    "lookAtPoint" : {
      "x" : 0.0,
      "y" : 0.0,
      "z" : 0.0
    },
    "fieldOfView" : 0.44262937,
    "lookDirection" : {
      "x" : 0.011608473,
      "y" : 0.99990726,
      "z" : -0.0033187633
    },
    "upDirection" : {
      "x" : 0.023192301,
      "y" : 0.0030629085,
      "z" : 0.9996326
    },
    "position" : {
      "x" : -1.9598334,
      "y" : -168.81218,
      "z" : 0.56029963
    }
  },
  "embedding" : [ 1.0, 0.0, 0.0, 0.0, 0.0, 1.0, 0.0, 0.0, 0.0, 0.0, 1.0, 0.0, 0.0, 0.0, 0.0, 1.0 ],
  "shapes" : [ {
    "id" : "187de806-ce2f-4726-8bca-c0727129bb3b",
    "vertices" : [ {
      "x" : 1.0,
      "y" : 0.309017,
      "z" : 0.19098301
    }, {
      "x" : 1.0,
      "y" : -0.309017,
      "z" : 0.19098301
    }, {
      "x" : 21.18034,
      "y" : -0.309017,
      "z" : 0.19098301
    }, {
      "x" : 21.18034,
      "y" : 0.309017,
      "z" : 0.19098301
    }, {
      "x" : 21.18034,
      "y" : -0.309017,
      "z" : -0.19098301
    }, {
      "x" : 21.18034,
      "y" : 0.309017,
      "z" : -0.19098301
    }, {
      "x" : 21.798374,
      "y" : 0.0,
      "z" : 0.0
    }, {
      "x" : 0.38196602,
      "y" : 0.0,
      "z" : 0.0
    }, {
      "x" : 1.0,
      "y" : 0.309017,
      "z" : -0.19098301
    }, {
      "x" : 1.0,
      "y" : -0.309017,
      "z" : -0.19098301
    }, {
      "x" : 22.18034,
      "y" : 0.0,
      "z" : 0.0
    } ],
    "faces" : [ {
      "vertices" : [ 1, 9, 4 ]
    }, {
      "vertices" : [ 1, 4, 2 ]
    }, {
      "vertices" : [ 0, 3, 5 ]
    }, {
      "vertices" : [ 0, 5, 8 ]
    }, {
      "vertices" : [ 1, 7, 9 ]
    }, {
      "vertices" : [ 0, 1, 2 ]
    }, {
      "vertices" : [ 0, 2, 3 ]
    }, {
      "vertices" : [ 7, 8, 9 ]
    }, {
      "vertices" : [ 0, 7, 1 ]
    }, {
      "vertices" : [ 4, 9, 8 ]
    }, {
      "vertices" : [ 4, 8, 5 ]
    }, {
      "vertices" : [ 2, 6, 3 ]
    }, {
      "vertices" : [ 2, 4, 6 ]
    }, {
      "vertices" : [ 3, 6, 5 ]
    }, {
      "vertices" : [ 4, 5, 6 ]
    }, {
      "vertices" : [ 0, 8, 7 ]
    } ]
  }, {
    "id" : "33518631-95e8-49bc-8196-86345bfffd65",
    "vertices" : [ {
      "x" : 0.9045085,
      "y" : 0.3454915,
      "z" : 0.25
    }, {
      "x" : 10.376644,
      "y" : 6.1995935,
      "z" : 0.25
    }, {
      "x" : 10.185661,
      "y" : 6.5086102,
      "z" : 0.25
    }, {
      "x" : 0.7135255,
      "y" : 0.6545085,
      "z" : 0.25
    }, {
      "x" : 0.809017,
      "y" : 0.5,
      "z" : -0.309017
    }, {
      "x" : 0.9635255,
      "y" : 0.25,
      "z" : -0.095491506
    }, {
      "x" : 0.309017,
      "y" : 0.19098301,
      "z" : 0.0
    }, {
      "x" : 10.781153,
      "y" : 6.663119,
      "z" : 0.0
    }, {
      "x" : 10.126644,
      "y" : 6.604102,
      "z" : -0.095491506
    }, {
      "x" : 10.281153,
      "y" : 6.354102,
      "z" : -0.309017
    }, {
      "x" : 11.09017,
      "y" : 6.854102,
      "z" : 0.0
    }, {
      "x" : 0.6545085,
      "y" : 0.75,
      "z" : -0.095491506
    }, {
      "x" : 10.435661,
      "y" : 6.104102,
      "z" : -0.095491506
    } ],
    "faces" : [ {
      "vertices" : [ 4, 11, 8 ]
    }, {
      "vertices" : [ 4, 8, 9 ]
    }, {
      "vertices" : [ 0, 1, 2 ]
    }, {
      "vertices" : [ 0, 2, 3 ]
    }, {
      "vertices" : [ 0, 3, 6 ]
    }, {
      "vertices" : [ 1, 7, 2 ]
    }, {
      "vertices" : [ 0, 6, 5 ]
    }, {
      "vertices" : [ 4, 5, 6 ]
    }, {
      "vertices" : [ 2, 7, 8 ]
    }, {
      "vertices" : [ 0, 5, 12 ]
    }, {
      "vertices" : [ 0, 12, 1 ]
    }, {
      "vertices" : [ 1, 12, 7 ]
    }, {
      "vertices" : [ 3, 11, 6 ]
    }, {
      "vertices" : [ 4, 6, 11 ]
    }, {
      "vertices" : [ 7, 9, 8 ]
    }, {
      "vertices" : [ 2, 8, 11 ]
    }, {
      "vertices" : [ 2, 11, 3 ]
    }, {
      "vertices" : [ 7, 12, 9 ]
    }, {
      "vertices" : [ 4, 9, 12 ]
    }, {
      "vertices" : [ 4, 12, 5 ]
    } ]
  }, {
    "id" : "14428971-1fce-4a0f-a531-95682987a8bc",
    "vertices" : [ {
      "x" : 17.944271,
      "y" : 0.0,
      "z" : -6.854102
    }, {
      "x" : 17.635256,
      "y" : 0.0,
      "z" : -6.736068
    }, {
      "x" : 17.230747,
      "y" : -0.1545085,
      "z" : -6.295085
    }, {
      "x" : 17.039762,
      "y" : -0.1545085,
      "z" : -6.795085
    }, {
      "x" : 0.9045085,
      "y" : -0.1545085,
      "z" : -0.059016995
    }, {
      "x" : 0.809017,
      "y" : 0.309017,
      "z" : -0.309017
    }, {
      "x" : 0.309017,
      "y" : 0.0,
      "z" : -0.11803399
    }, {
      "x" : 17.135256,
      "y" : 0.309017,
      "z" : -6.545085
    }, {
      "x" : 0.7135255,
      "y" : -0.1545085,
      "z" : -0.559017
    } ],
    "faces" : [ {
      "vertices" : [ 2, 4, 8 ]
    }, {
      "vertices" : [ 2, 8, 3 ]
    }, {
      "vertices" : [ 2, 7, 5 ]
    }, {
      "vertices" : [ 2, 5, 4 ]
    }, {
      "vertices" : [ 4, 6, 8 ]
    }, {
      "vertices" : [ 5, 8, 6 ]
    }, {
      "vertices" : [ 1, 2, 3 ]
    }, {
      "vertices" : [ 3, 8, 5 ]
    }, {
      "vertices" : [ 3, 5, 7 ]
    }, {
      "vertices" : [ 1, 7, 2 ]
    }, {
      "vertices" : [ 1, 3, 7 ]
    }, {
      "vertices" : [ 4, 5, 6 ]
    } ]
  }, {
    "id" : "bbf5b156-8daf-4e1c-9e51-94500dc289f6",
    "vertices" : [ {
      "x" : 0.309017,
      "y" : -0.309017,
      "z" : -0.309017
    }, {
      "x" : 0.5,
      "y" : 0.0,
      "z" : -0.19098301
    }, {
      "x" : 0.5,
      "y" : 0.0,
      "z" : 0.19098301
    }, {
      "x" : 0.309017,
      "y" : -0.309017,
      "z" : 0.309017
    }, {
      "x" : 0.19098301,
      "y" : -0.5,
      "z" : 0.0
    }, {
      "x" : 0.0,
      "y" : 0.19098301,
      "z" : 0.5
    }, {
      "x" : 0.0,
      "y" : -0.19098301,
      "z" : 0.5
    }, {
      "x" : 0.309017,
      "y" : 0.309017,
      "z" : 0.309017
    }, {
      "x" : -0.309017,
      "y" : -0.309017,
      "z" : 0.309017
    }, {
      "x" : -0.309017,
      "y" : 0.309017,
      "z" : 0.309017
    }, {
      "x" : -0.5,
      "y" : 0.0,
      "z" : 0.19098301
    }, {
      "x" : 0.0,
      "y" : -0.19098301,
      "z" : -0.5
    }, {
      "x" : 0.0,
      "y" : 0.19098301,
      "z" : -0.5
    }, {
      "x" : 0.309017,
      "y" : 0.309017,
      "z" : -0.309017
    }, {
      "x" : -0.309017,
      "y" : -0.309017,
      "z" : -0.309017
    }, {
      "x" : -0.19098301,
      "y" : -0.5,
      "z" : 0.0
    }, {
      "x" : -0.5,
      "y" : 0.0,
      "z" : -0.19098301
    }, {
      "x" : 0.19098301,
      "y" : 0.5,
      "z" : 0.0
    }, {
      "x" : -0.309017,
      "y" : 0.309017,
      "z" : -0.309017
    }, {
      "x" : 0.0,
      "y" : 0.0,
      "z" : 0.0
    }, {
      "x" : -0.19098301,
      "y" : 0.5,
      "z" : 0.0
    } ],
    "faces" : [ {
      "vertices" : [ 12, 18, 20 ]
    }, {
      "vertices" : [ 12, 20, 17 ]
    }, {
      "vertices" : [ 12, 17, 13 ]
    }, {
      "vertices" : [ 3, 6, 8 ]
    }, {
      "vertices" : [ 3, 8, 15 ]
    }, {
      "vertices" : [ 3, 15, 4 ]
    }, {
      "vertices" : [ 0, 11, 12 ]
    }, {
      "vertices" : [ 0, 12, 13 ]
    }, {
      "vertices" : [ 0, 13, 1 ]
    }, {
      "vertices" : [ 5, 9, 10 ]
    }, {
      "vertices" : [ 5, 10, 8 ]
    }, {
      "vertices" : [ 5, 8, 6 ]
    }, {
      "vertices" : [ 2, 7, 5 ]
    }, {
      "vertices" : [ 2, 5, 6 ]
    }, {
      "vertices" : [ 2, 6, 3 ]
    }, {
      "vertices" : [ 11, 14, 16 ]
    }, {
      "vertices" : [ 11, 16, 18 ]
    }, {
      "vertices" : [ 11, 18, 12 ]
    }, {
      "vertices" : [ 1, 13, 17 ]
    }, {
      "vertices" : [ 1, 17, 7 ]
    }, {
      "vertices" : [ 1, 7, 2 ]
    }, {
      "vertices" : [ 9, 20, 18 ]
    }, {
      "vertices" : [ 9, 18, 16 ]
    }, {
      "vertices" : [ 9, 16, 10 ]
    }, {
      "vertices" : [ 0, 1, 2 ]
    }, {
      "vertices" : [ 0, 2, 3 ]
    }, {
      "vertices" : [ 0, 3, 4 ]
    }, {
      "vertices" : [ 5, 7, 17 ]
    }, {
      "vertices" : [ 5, 17, 20 ]
    }, {
      "vertices" : [ 5, 20, 9 ]
    }, {
      "vertices" : [ 0, 4, 15 ]
    }, {
      "vertices" : [ 0, 15, 14 ]
    }, {
      "vertices" : [ 0, 14, 11 ]
    }, {
      "vertices" : [ 8, 10, 16 ]
    }, {
      "vertices" : [ 8, 16, 14 ]
    }, {
      "vertices" : [ 8, 14, 15 ]
    } ]
  }, {
    "id" : "437f89e9-9f92-455f-a1d7-d3caac688b0a",
    "vertices" : [ {
      "x" : -13.200512,
      "y" : -26.86769,
      "z" : 0.13333334
    }, {
      "x" : -13.300511,
      "y" : -26.96769,
      "z" : -0.26666668
    }, {
      "x" : -0.50769234,
      "y" : -0.548718,
      "z" : -0.13333334
    }, {
      "x" : -0.4076923,
      "y" : -0.44871795,
      "z" : 0.26666668
    }, {
      "x" : -13.600512,
      "y" : -26.734356,
      "z" : -0.13333334
    }, {
      "x" : -13.500511,
      "y" : -26.634357,
      "z" : 0.26666668
    }, {
      "x" : -0.10769231,
      "y" : -0.6820513,
      "z" : 0.13333334
    }, {
      "x" : -0.20769231,
      "y" : -0.78205127,
      "z" : -0.26666668
    } ],
    "faces" : [ {
      "vertices" : [ 2, 3, 6 ]
    }, {
      "vertices" : [ 2, 6, 7 ]
    }, {
      "vertices" : [ 0, 5, 4 ]
    }, {
      "vertices" : [ 0, 4, 1 ]
    }, {
      "vertices" : [ 2, 4, 5 ]
    }, {
      "vertices" : [ 2, 5, 3 ]
    }, {
      "vertices" : [ 0, 6, 3 ]
    }, {
      "vertices" : [ 0, 3, 5 ]
    }, {
      "vertices" : [ 0, 1, 7 ]
    }, {
      "vertices" : [ 0, 7, 6 ]
    }, {
      "vertices" : [ 1, 4, 2 ]
    }, {
      "vertices" : [ 1, 2, 7 ]
    } ]
  }, {
    "id" : "16c656e7-64b9-43a8-89fc-0532e4320472",
    "vertices" : [ {
      "x" : 6.763932,
      "y" : 28.652475,
      "z" : 6.763932
    }, {
      "x" : 6.427051,
      "y" : 28.034441,
      "z" : 6.309017
    }, {
      "x" : 6.309017,
      "y" : 28.225426,
      "z" : 6.618034
    }, {
      "x" : 0.090169944,
      "y" : 0.38196602,
      "z" : 0.090169944
    }, {
      "x" : -0.072949015,
      "y" : 1.190983,
      "z" : 0.23606798
    }, {
      "x" : 0.045084972,
      "y" : 1.0,
      "z" : -0.072949015
    }, {
      "x" : 6.809017,
      "y" : 28.034441,
      "z" : 6.927051
    }, {
      "x" : 0.54508495,
      "y" : 0.809017,
      "z" : 0.23606798
    }, {
      "x" : 6.927051,
      "y" : 27.843458,
      "z" : 6.618034
    }, {
      "x" : 6.854102,
      "y" : 29.034441,
      "z" : 6.854102
    }, {
      "x" : 0.42705098,
      "y" : 1.0,
      "z" : 0.54508495
    } ],
    "faces" : [ {
      "vertices" : [ 3, 10, 4 ]
    }, {
      "vertices" : [ 0, 1, 2 ]
    }, {
      "vertices" : [ 3, 7, 10 ]
    }, {
      "vertices" : [ 1, 8, 7 ]
    }, {
      "vertices" : [ 1, 7, 5 ]
    }, {
      "vertices" : [ 2, 4, 10 ]
    }, {
      "vertices" : [ 2, 10, 6 ]
    }, {
      "vertices" : [ 0, 2, 6 ]
    }, {
      "vertices" : [ 0, 8, 1 ]
    }, {
      "vertices" : [ 3, 4, 5 ]
    }, {
      "vertices" : [ 1, 5, 4 ]
    }, {
      "vertices" : [ 1, 4, 2 ]
    }, {
      "vertices" : [ 0, 6, 8 ]
    }, {
      "vertices" : [ 6, 10, 7 ]
    }, {
      "vertices" : [ 6, 7, 8 ]
    }, {
      "vertices" : [ 3, 5, 7 ]
    } ]
  }, {
    "id" : "1d00c2c0-814b-4921-bf00-ba758f6b053b",
    "vertices" : [ {
      "x" : 28.725426,
      "y" : 10.972136,
      "z" : -4.190983
    }, {
      "x" : 28.343458,
      "y" : 10.5172205,
      "z" : -4.0
    }, {
      "x" : 28.18034,
      "y" : 10.781153,
      "z" : -4.427051
    }, {
      "x" : 28.107391,
      "y" : 11.045085,
      "z" : -4.236068
    }, {
      "x" : 0.85410196,
      "y" : 0.309017,
      "z" : 0.19098301
    }, {
      "x" : 0.690983,
      "y" : 0.572949,
      "z" : -0.23606798
    }, {
      "x" : 0.309017,
      "y" : 0.11803399,
      "z" : -0.045084972
    }, {
      "x" : 0.76393205,
      "y" : 0.309017,
      "z" : -0.42705098
    }, {
      "x" : 0.927051,
      "y" : 0.045084972,
      "z" : 0.0
    }, {
      "x" : 28.27051,
      "y" : 10.781153,
      "z" : -3.809017
    }, {
      "x" : 29.034441,
      "y" : 11.09017,
      "z" : -4.236068
    } ],
    "faces" : [ {
      "vertices" : [ 2, 7, 5 ]
    }, {
      "vertices" : [ 2, 5, 3 ]
    }, {
      "vertices" : [ 1, 8, 7 ]
    }, {
      "vertices" : [ 1, 7, 2 ]
    }, {
      "vertices" : [ 4, 6, 8 ]
    }, {
      "vertices" : [ 5, 7, 6 ]
    }, {
      "vertices" : [ 0, 1, 2 ]
    }, {
      "vertices" : [ 0, 2, 3 ]
    }, {
      "vertices" : [ 6, 7, 8 ]
    }, {
      "vertices" : [ 3, 5, 4 ]
    }, {
      "vertices" : [ 3, 4, 9 ]
    }, {
      "vertices" : [ 1, 9, 4 ]
    }, {
      "vertices" : [ 1, 4, 8 ]
    }, {
      "vertices" : [ 0, 9, 1 ]
    }, {
      "vertices" : [ 0, 3, 9 ]
    }, {
      "vertices" : [ 4, 5, 6 ]
    } ]
  }, {
    "id" : "f118cd6d-e045-4e7f-902f-9b84db7c640e",
    "vertices" : [ {
      "x" : 3.9414394,
      "y" : 32.593952,
      "z" : 0.13333334
    }, {
      "x" : 4.0414395,
      "y" : 32.693954,
      "z" : -0.26666668
    }, {
      "x" : 0.29462862,
      "y" : 0.67655617,
      "z" : -0.13333334
    }, {
      "x" : 0.19462863,
      "y" : 0.57655615,
      "z" : 0.26666668
    }, {
      "x" : 4.3414392,
      "y" : 32.46062,
      "z" : -0.13333334
    }, {
      "x" : 4.2414393,
      "y" : 32.36062,
      "z" : 0.26666668
    }, {
      "x" : -0.10537138,
      "y" : 0.8098895,
      "z" : 0.13333334
    }, {
      "x" : -0.00537138,
      "y" : 0.9098895,
      "z" : -0.26666668
    } ],
    "faces" : [ {
      "vertices" : [ 2, 3, 6 ]
    }, {
      "vertices" : [ 2, 6, 7 ]
    }, {
      "vertices" : [ 0, 5, 4 ]
    }, {
      "vertices" : [ 0, 4, 1 ]
    }, {
      "vertices" : [ 2, 4, 5 ]
    }, {
      "vertices" : [ 2, 5, 3 ]
    }, {
      "vertices" : [ 0, 6, 3 ]
    }, {
      "vertices" : [ 0, 3, 5 ]
    }, {
      "vertices" : [ 0, 1, 7 ]
    }, {
      "vertices" : [ 0, 7, 6 ]
    }, {
      "vertices" : [ 1, 4, 2 ]
    }, {
      "vertices" : [ 1, 2, 7 ]
    } ]
  }, {
    "id" : "0ab810a2-bf28-4fd1-a6e7-9a30ff2e0c59",
    "vertices" : [ {
      "x" : 8.082474,
      "y" : 30.03294,
      "z" : 0.13333334
    }, {
      "x" : 8.182474,
      "y" : 30.13294,
      "z" : -0.26666668
    }, {
      "x" : 0.38966182,
      "y" : 0.6195362,
      "z" : -0.13333334
    }, {
      "x" : 0.28966182,
      "y" : 0.51953626,
      "z" : 0.26666668
    }, {
      "x" : 8.482474,
      "y" : 29.899607,
      "z" : -0.13333334
    }, {
      "x" : 8.382474,
      "y" : 29.799606,
      "z" : 0.26666668
    }, {
      "x" : -0.010338181,
      "y" : 0.75286955,
      "z" : 0.13333334
    }, {
      "x" : 0.08966182,
      "y" : 0.8528696,
      "z" : -0.26666668
    } ],
    "faces" : [ {
      "vertices" : [ 2, 3, 6 ]
    }, {
      "vertices" : [ 2, 6, 7 ]
    }, {
      "vertices" : [ 0, 5, 4 ]
    }, {
      "vertices" : [ 0, 4, 1 ]
    }, {
      "vertices" : [ 2, 4, 5 ]
    }, {
      "vertices" : [ 2, 5, 3 ]
    }, {
      "vertices" : [ 0, 6, 3 ]
    }, {
      "vertices" : [ 0, 3, 5 ]
    }, {
      "vertices" : [ 0, 1, 7 ]
    }, {
      "vertices" : [ 0, 7, 6 ]
    }, {
      "vertices" : [ 1, 4, 2 ]
    }, {
      "vertices" : [ 1, 2, 7 ]
    } ]
  }, {
    "id" : "8491476a-3bb9-46d2-9bff-8ff42b3b1f9f",
    "vertices" : [ {
      "x" : 1.0,
      "y" : 0.309017,
      "z" : 0.19098301
    }, {
      "x" : 1.0,
      "y" : -0.309017,
      "z" : 0.19098301
    }, {
      "x" : 34.888542,
      "y" : -0.309017,
      "z" : 0.19098301
    }, {
      "x" : 34.888542,
      "y" : 0.309017,
      "z" : 0.19098301
    }, {
      "x" : 34.888542,
      "y" : -0.309017,
      "z" : -0.19098301
    }, {
      "x" : 34.888542,
      "y" : 0.309017,
      "z" : -0.19098301
    }, {
      "x" : 35.506577,
      "y" : 0.0,
      "z" : 0.0
    }, {
      "x" : 0.38196602,
      "y" : 0.0,
      "z" : 0.0
    }, {
      "x" : 1.0,
      "y" : 0.309017,
      "z" : -0.19098301
    }, {
      "x" : 1.0,
      "y" : -0.309017,
      "z" : -0.19098301
    }, {
      "x" : 35.888542,
      "y" : 0.0,
      "z" : 0.0
    } ],
    "faces" : [ {
      "vertices" : [ 1, 9, 4 ]
    }, {
      "vertices" : [ 1, 4, 2 ]
    }, {
      "vertices" : [ 0, 3, 5 ]
    }, {
      "vertices" : [ 0, 5, 8 ]
    }, {
      "vertices" : [ 1, 7, 9 ]
    }, {
      "vertices" : [ 0, 1, 2 ]
    }, {
      "vertices" : [ 0, 2, 3 ]
    }, {
      "vertices" : [ 7, 8, 9 ]
    }, {
      "vertices" : [ 0, 7, 1 ]
    }, {
      "vertices" : [ 4, 9, 8 ]
    }, {
      "vertices" : [ 4, 8, 5 ]
    }, {
      "vertices" : [ 2, 6, 3 ]
    }, {
      "vertices" : [ 2, 4, 6 ]
    }, {
      "vertices" : [ 3, 6, 5 ]
    }, {
      "vertices" : [ 4, 5, 6 ]
    }, {
      "vertices" : [ 0, 8, 7 ]
    } ]
  } ],
  "instances" : [ {
    "shape" : "187de806-ce2f-4726-8bca-c0727129bb3b",
    "color" : "#007695",
    "position" : {
      "x" : 0.0,
      "y" : 17.944271,
      "z" : -11.09017
    },
    "orientation" : 24
  }, {
    "shape" : "33518631-95e8-49bc-8196-86345bfffd65",
    "color" : "#AF0000",
    "position" : {
      "x" : 11.09017,
      "y" : 11.09017,
      "z" : -11.09017
    },
    "orientation" : 16
  }, {
    "shape" : "14428971-1fce-4a0f-a531-95682987a8bc",
    "color" : "#F0A000",
    "position" : {
      "x" : 0.0,
      "y" : 0.0,
      "z" : 0.0
    },
    "orientation" : 4
  }, {
    "shape" : "bbf5b156-8daf-4e1c-9e51-94500dc289f6",
    "color" : "#FFFFFF",
    "position" : {
      "x" : 8.972136,
      "y" : 12.399187,
      "z" : -11.09017
    }
  }, {
    "shape" : "437f89e9-9f92-455f-a1d7-d3caac688b0a",
    "color" : "#FFFFFF",
    "position" : {
      "x" : 6.854102,
      "y" : -13.708204,
      "z" : -11.09017
    },
    "orientation" : 15
  }, {
    "shape" : "bbf5b156-8daf-4e1c-9e51-94500dc289f6",
    "color" : "#FFFFFF",
    "position" : {
      "x" : 17.944271,
      "y" : 11.09017,
      "z" : 0.0
    }
  }, {
    "shape" : "bbf5b156-8daf-4e1c-9e51-94500dc289f6",
    "color" : "#FFFFFF",
    "position" : {
      "x" : 2.118034,
      "y" : -16.635256,
      "z" : -11.09017
    }
  }, {
    "shape" : "bbf5b156-8daf-4e1c-9e51-94500dc289f6",
    "color" : "#FFFFFF",
    "position" : {
      "x" : 13.708204,
      "y" : 11.09017,
      "z" : -6.854102
    }
  }, {
    "shape" : "bbf5b156-8daf-4e1c-9e51-94500dc289f6",
    "color" : "#FFFFFF",
    "position" : {
      "x" : 13.708204,
      "y" : 11.09017,
      "z" : 6.854102
    }
  }, {
    "shape" : "bbf5b156-8daf-4e1c-9e51-94500dc289f6",
    "color" : "#FFFFFF",
    "position" : {
      "x" : 4.236068,
      "y" : -15.326238,
      "z" : 11.09017
    }
  }, {
    "shape" : "bbf5b156-8daf-4e1c-9e51-94500dc289f6",
    "color" : "#FFFFFF",
    "position" : {
      "x" : -11.09017,
      "y" : 4.236068,
      "z" : 15.326238
    }
  }, {
    "shape" : "187de806-ce2f-4726-8bca-c0727129bb3b",
    "color" : "#007695",
    "position" : {
      "x" : 0.0,
      "y" : -17.944271,
      "z" : -11.09017
    },
    "orientation" : 6
  }, {
    "shape" : "bbf5b156-8daf-4e1c-9e51-94500dc289f6",
    "color" : "#FFFFFF",
    "position" : {
      "x" : 0.0,
      "y" : 0.0,
      "z" : 0.0
    }
  }, {
    "shape" : "16c656e7-64b9-43a8-89fc-0532e4320472",
    "color" : "#AF87FF",
    "position" : {
      "x" : -11.09017,
      "y" : 8.972136,
      "z" : 12.399187
    },
    "orientation" : 56
  }, {
    "shape" : "bbf5b156-8daf-4e1c-9e51-94500dc289f6",
    "color" : "#FFFFFF",
    "position" : {
      "x" : 12.399187,
      "y" : -11.09017,
      "z" : 8.972136
    }
  }, {
    "shape" : "33518631-95e8-49bc-8196-86345bfffd65",
    "color" : "#AF0000",
    "position" : {
      "x" : 11.09017,
      "y" : 11.09017,
      "z" : -11.09017
    },
    "orientation" : 45
  }, {
    "shape" : "bbf5b156-8daf-4e1c-9e51-94500dc289f6",
    "color" : "#FFFFFF",
    "position" : {
      "x" : -11.09017,
      "y" : 8.972136,
      "z" : 12.399187
    }
  }, {
    "shape" : "187de806-ce2f-4726-8bca-c0727129bb3b",
    "color" : "#007695",
    "position" : {
      "x" : -11.09017,
      "y" : 0.0,
      "z" : 17.944271
    },
    "orientation" : 55
  }, {
    "shape" : "33518631-95e8-49bc-8196-86345bfffd65",
    "color" : "#AF0000",
    "position" : {
      "x" : -11.09017,
      "y" : 11.09017,
      "z" : -11.09017
    },
    "orientation" : 0
  }, {
    "shape" : "187de806-ce2f-4726-8bca-c0727129bb3b",
    "color" : "#007695",
    "position" : {
      "x" : 17.944271,
      "y" : 11.09017,
      "z" : 0.0
    },
    "orientation" : 56
  }, {
    "shape" : "187de806-ce2f-4726-8bca-c0727129bb3b",
    "color" : "#007695",
    "position" : {
      "x" : -11.09017,
      "y" : 0.0,
      "z" : 17.944271
    },
    "orientation" : 22
  }, {
    "shape" : "16c656e7-64b9-43a8-89fc-0532e4320472",
    "color" : "#AF87FF",
    "position" : {
      "x" : -11.09017,
      "y" : 8.972136,
      "z" : -12.399187
    },
    "orientation" : 11
  }, {
    "shape" : "bbf5b156-8daf-4e1c-9e51-94500dc289f6",
    "color" : "#FFFFFF",
    "position" : {
      "x" : -16.635256,
      "y" : -11.09017,
      "z" : -2.118034
    }
  }, {
    "shape" : "bbf5b156-8daf-4e1c-9e51-94500dc289f6",
    "color" : "#FFFFFF",
    "position" : {
      "x" : 11.09017,
      "y" : -2.118034,
      "z" : -16.635256
    }
  }, {
    "shape" : "33518631-95e8-49bc-8196-86345bfffd65",
    "color" : "#AF0000",
    "position" : {
      "x" : -11.09017,
      "y" : 11.09017,
      "z" : 11.09017
    },
    "orientation" : 0
  }, {
    "shape" : "bbf5b156-8daf-4e1c-9e51-94500dc289f6",
    "color" : "#FFFFFF",
    "position" : {
      "x" : -11.09017,
      "y" : 0.0,
      "z" : 0.0
    }
  }, {
    "shape" : "14428971-1fce-4a0f-a531-95682987a8bc",
    "color" : "#F0A000",
    "position" : {
      "x" : 0.0,
      "y" : 0.0,
      "z" : 0.0
    },
    "orientation" : 24
  }, {
    "shape" : "bbf5b156-8daf-4e1c-9e51-94500dc289f6",
    "color" : "#FFFFFF",
    "position" : {
      "x" : -11.09017,
      "y" : 4.236068,
      "z" : -15.326238
    }
  }, {
    "shape" : "bbf5b156-8daf-4e1c-9e51-94500dc289f6",
    "color" : "#FFFFFF",
    "position" : {
      "x" : 16.635256,
      "y" : 11.09017,
      "z" : 2.118034
    }
  }, {
    "shape" : "bbf5b156-8daf-4e1c-9e51-94500dc289f6",
    "color" : "#FFFFFF",
    "position" : {
      "x" : 4.236068,
      "y" : 15.326238,
      "z" : 11.09017
    }
  }, {
    "shape" : "bbf5b156-8daf-4e1c-9e51-94500dc289f6",
    "color" : "#FFFFFF",
    "position" : {
      "x" : -8.972136,
      "y" : 12.399187,
      "z" : -11.09017
    }
  }, {
    "shape" : "1d00c2c0-814b-4921-bf00-ba758f6b053b",
    "color" : "#008D36",
    "position" : {
      "x" : 11.09017,
      "y" : 11.09017,
      "z" : 11.09017
    },
    "orientation" : 36
  }, {
    "shape" : "f118cd6d-e045-4e7f-902f-9b84db7c640e",
    "color" : "#FFFFFF",
    "position" : {
      "x" : 11.09017,
      "y" : -2.118034,
      "z" : -16.635256
    },
    "orientation" : 1
  }, {
    "shape" : "187de806-ce2f-4726-8bca-c0727129bb3b",
    "color" : "#007695",
    "position" : {
      "x" : 17.944271,
      "y" : -11.09017,
      "z" : 0.0
    },
    "orientation" : 41
  }, {
    "shape" : "187de806-ce2f-4726-8bca-c0727129bb3b",
    "color" : "#007695",
    "position" : {
      "x" : 0.0,
      "y" : -17.944271,
      "z" : 11.09017
    },
    "orientation" : 9
  }, {
    "shape" : "bbf5b156-8daf-4e1c-9e51-94500dc289f6",
    "color" : "#FFFFFF",
    "position" : {
      "x" : -8.972136,
      "y" : -12.399187,
      "z" : -11.09017
    }
  }, {
    "shape" : "bbf5b156-8daf-4e1c-9e51-94500dc289f6",
    "color" : "#FFFFFF",
    "position" : {
      "x" : 2.118034,
      "y" : 16.635256,
      "z" : -11.09017
    }
  }, {
    "shape" : "14428971-1fce-4a0f-a531-95682987a8bc",
    "color" : "#F0A000",
    "position" : {
      "x" : 0.0,
      "y" : 0.0,
      "z" : 0.0
    },
    "orientation" : 3
  }, {
    "shape" : "0ab810a2-bf28-4fd1-a6e7-9a30ff2e0c59",
    "color" : "#FFFFFF",
    "position" : {
      "x" : 11.09017,
      "y" : -4.236068,
      "z" : -15.326238
    },
    "orientation" : 1
  }, {
    "shape" : "bbf5b156-8daf-4e1c-9e51-94500dc289f6",
    "color" : "#FFFFFF",
    "position" : {
      "x" : -8.972136,
      "y" : 12.399187,
      "z" : 11.09017
    }
  }, {
    "shape" : "f118cd6d-e045-4e7f-902f-9b84db7c640e",
    "color" : "#FFFFFF",
    "position" : {
      "x" : 16.635256,
      "y" : 11.09017,
      "z" : -2.118034
    },
    "orientation" : 32
  }, {
    "shape" : "437f89e9-9f92-455f-a1d7-d3caac688b0a",
    "color" : "#FFFFFF",
    "position" : {
      "x" : 11.09017,
      "y" : 6.854102,
      "z" : -13.708204
    },
    "orientation" : 46
  }, {
    "shape" : "bbf5b156-8daf-4e1c-9e51-94500dc289f6",
    "color" : "#FFFFFF",
    "position" : {
      "x" : -11.09017,
      "y" : -8.972136,
      "z" : 12.399187
    }
  }, {
    "shape" : "bbf5b156-8daf-4e1c-9e51-94500dc289f6",
    "color" : "#FFFFFF",
    "position" : {
      "x" : 11.09017,
      "y" : 6.854102,
      "z" : 13.708204
    }
  }, {
    "shape" : "33518631-95e8-49bc-8196-86345bfffd65",
    "color" : "#AF0000",
    "position" : {
      "x" : 11.09017,
      "y" : -11.09017,
      "z" : -11.09017
    },
    "orientation" : 2
  }, {
    "shape" : "437f89e9-9f92-455f-a1d7-d3caac688b0a",
    "color" : "#FFFFFF",
    "position" : {
      "x" : 11.09017,
      "y" : 6.854102,
      "z" : 13.708204
    },
    "orientation" : 1
  }, {
    "shape" : "16c656e7-64b9-43a8-89fc-0532e4320472",
    "color" : "#AF87FF",
    "position" : {
      "x" : -12.399187,
      "y" : 11.09017,
      "z" : -8.972136
    },
    "orientation" : 24
  }, {
    "shape" : "bbf5b156-8daf-4e1c-9e51-94500dc289f6",
    "color" : "#FFFFFF",
    "position" : {
      "x" : 11.09017,
      "y" : 11.09017,
      "z" : 11.09017
    }
  }, {
    "shape" : "187de806-ce2f-4726-8bca-c0727129bb3b",
    "color" : "#007695",
    "position" : {
      "x" : 0.0,
      "y" : 17.944271,
      "z" : -11.09017
    },
    "orientation" : 36
  }, {
    "shape" : "bbf5b156-8daf-4e1c-9e51-94500dc289f6",
    "color" : "#FFFFFF",
    "position" : {
      "x" : -4.236068,
      "y" : -15.326238,
      "z" : 11.09017
    }
  }, {
    "shape" : "0ab810a2-bf28-4fd1-a6e7-9a30ff2e0c59",
    "color" : "#FFFFFF",
    "position" : {
      "x" : -4.236068,
      "y" : 15.326238,
      "z" : -11.09017
    },
    "orientation" : 15
  }, {
    "shape" : "bbf5b156-8daf-4e1c-9e51-94500dc289f6",
    "color" : "#FFFFFF",
    "position" : {
      "x" : 0.0,
      "y" : 11.09017,
      "z" : 0.0
    }
  }, {
    "shape" : "bbf5b156-8daf-4e1c-9e51-94500dc289f6",
    "color" : "#FFFFFF",
    "position" : {
      "x" : 0.0,
      "y" : -11.09017,
      "z" : 0.0
    }
  }, {
    "shape" : "bbf5b156-8daf-4e1c-9e51-94500dc289f6",
    "color" : "#FFFFFF",
    "position" : {
      "x" : -11.09017,
      "y" : -11.09017,
      "z" : 11.09017
    }
  }, {
    "shape" : "1d00c2c0-814b-4921-bf00-ba758f6b053b",
    "color" : "#008D36",
    "position" : {
      "x" : 11.09017,
      "y" : -11.09017,
      "z" : -11.09017
    },
    "orientation" : 51
  }, {
    "shape" : "bbf5b156-8daf-4e1c-9e51-94500dc289f6",
    "color" : "#FFFFFF",
    "position" : {
      "x" : -13.708204,
      "y" : -11.09017,
      "z" : -6.854102
    }
  }, {
    "shape" : "1d00c2c0-814b-4921-bf00-ba758f6b053b",
    "color" : "#008D36",
    "position" : {
      "x" : 11.09017,
      "y" : 11.09017,
      "z" : 11.09017
    },
    "orientation" : 53
  }, {
    "shape" : "0ab810a2-bf28-4fd1-a6e7-9a30ff2e0c59",
    "color" : "#FFFFFF",
    "position" : {
      "x" : 15.326238,
      "y" : -11.09017,
      "z" : 4.236068
    },
    "orientation" : 47
  }, {
    "shape" : "bbf5b156-8daf-4e1c-9e51-94500dc289f6",
    "color" : "#FFFFFF",
    "position" : {
      "x" : -11.09017,
      "y" : 6.854102,
      "z" : -13.708204
    }
  }, {
    "shape" : "8491476a-3bb9-46d2-9bff-8ff42b3b1f9f",
    "color" : "#6666FF",
    "position" : {
      "x" : -17.944271,
      "y" : -11.09017,
      "z" : 0.0
    },
    "orientation" : 0
  }, {
    "shape" : "bbf5b156-8daf-4e1c-9e51-94500dc289f6",
    "color" : "#FFFFFF",
    "position" : {
      "x" : 6.854102,
      "y" : -13.708204,
      "z" : 11.09017
    }
  }, {
    "shape" : "f118cd6d-e045-4e7f-902f-9b84db7c640e",
    "color" : "#FFFFFF",
    "position" : {
      "x" : -11.09017,
      "y" : 2.118034,
      "z" : 16.635256
    },
    "orientation" : 16
  }, {
    "shape" : "14428971-1fce-4a0f-a531-95682987a8bc",
    "color" : "#F0A000",
    "position" : {
      "x" : 0.0,
      "y" : 0.0,
      "z" : 0.0
    },
    "orientation" : 5
  }, {
    "shape" : "16c656e7-64b9-43a8-89fc-0532e4320472",
    "color" : "#AF87FF",
    "position" : {
      "x" : -8.972136,
      "y" : 12.399187,
      "z" : -11.09017
    },
    "orientation" : 40
  }, {
    "shape" : "16c656e7-64b9-43a8-89fc-0532e4320472",
    "color" : "#AF87FF",
    "position" : {
      "x" : -12.399187,
      "y" : -11.09017,
      "z" : 8.972136
    },
    "orientation" : 9
  }, {
    "shape" : "bbf5b156-8daf-4e1c-9e51-94500dc289f6",
    "color" : "#FFFFFF",
    "position" : {
      "x" : 16.635256,
      "y" : -11.09017,
      "z" : -2.118034
    }
  }, {
    "shape" : "bbf5b156-8daf-4e1c-9e51-94500dc289f6",
    "color" : "#FFFFFF",
    "position" : {
      "x" : -12.399187,
      "y" : -11.09017,
      "z" : -8.972136
    }
  }, {
    "shape" : "bbf5b156-8daf-4e1c-9e51-94500dc289f6",
    "color" : "#FFFFFF",
    "position" : {
      "x" : 11.09017,
      "y" : 8.972136,
      "z" : -12.399187
    }
  }, {
    "shape" : "33518631-95e8-49bc-8196-86345bfffd65",
    "color" : "#AF0000",
    "position" : {
      "x" : 11.09017,
      "y" : 11.09017,
      "z" : 11.09017
    },
    "orientation" : 17
  }, {
    "shape" : "f118cd6d-e045-4e7f-902f-9b84db7c640e",
    "color" : "#FFFFFF",
    "position" : {
      "x" : -16.635256,
      "y" : 11.09017,
      "z" : -2.118034
    },
    "orientation" : 2
  }, {
    "shape" : "bbf5b156-8daf-4e1c-9e51-94500dc289f6",
    "color" : "#FFFFFF",
    "position" : {
      "x" : -6.854102,
      "y" : -13.708204,
      "z" : -11.09017
    }
  }, {
    "shape" : "bbf5b156-8daf-4e1c-9e51-94500dc289f6",
    "color" : "#FFFFFF",
    "position" : {
      "x" : 4.236068,
      "y" : -15.326238,
      "z" : -11.09017
    }
  }, {
    "shape" : "f118cd6d-e045-4e7f-902f-9b84db7c640e",
    "color" : "#FFFFFF",
    "position" : {
      "x" : 2.118034,
      "y" : -16.635256,
      "z" : 11.09017
    },
    "orientation" : 45
  }, {
    "shape" : "437f89e9-9f92-455f-a1d7-d3caac688b0a",
    "color" : "#FFFFFF",
    "position" : {
      "x" : -6.854102,
      "y" : 13.708204,
      "z" : 11.09017
    },
    "orientation" : 45
  }, {
    "shape" : "0ab810a2-bf28-4fd1-a6e7-9a30ff2e0c59",
    "color" : "#FFFFFF",
    "position" : {
      "x" : -15.326238,
      "y" : -11.09017,
      "z" : 4.236068
    },
    "orientation" : 17
  }, {
    "shape" : "bbf5b156-8daf-4e1c-9e51-94500dc289f6",
    "color" : "#FFFFFF",
    "position" : {
      "x" : 11.09017,
      "y" : 2.118034,
      "z" : -16.635256
    }
  }, {
    "shape" : "33518631-95e8-49bc-8196-86345bfffd65",
    "color" : "#AF0000",
    "position" : {
      "x" : 11.09017,
      "y" : -11.09017,
      "z" : -11.09017
    },
    "orientation" : 46
  }, {
    "shape" : "bbf5b156-8daf-4e1c-9e51-94500dc289f6",
    "color" : "#FFFFFF",
    "position" : {
      "x" : -11.09017,
      "y" : 11.09017,
      "z" : 11.09017
    }
  }, {
    "shape" : "f118cd6d-e045-4e7f-902f-9b84db7c640e",
    "color" : "#FFFFFF",
    "position" : {
      "x" : 16.635256,
      "y" : -11.09017,
      "z" : 2.118034
    },
    "orientation" : 47
  }, {
    "shape" : "bbf5b156-8daf-4e1c-9e51-94500dc289f6",
    "color" : "#FFFFFF",
    "position" : {
      "x" : -15.326238,
      "y" : 11.09017,
      "z" : 4.236068
    }
  }, {
    "shape" : "bbf5b156-8daf-4e1c-9e51-94500dc289f6",
    "color" : "#FFFFFF",
    "position" : {
      "x" : -12.399187,
      "y" : -11.09017,
      "z" : 8.972136
    }
  }, {
    "shape" : "f118cd6d-e045-4e7f-902f-9b84db7c640e",
    "color" : "#FFFFFF",
    "position" : {
      "x" : 11.09017,
      "y" : -2.118034,
      "z" : 16.635256
    },
    "orientation" : 46
  }, {
    "shape" : "16c656e7-64b9-43a8-89fc-0532e4320472",
    "color" : "#AF87FF",
    "position" : {
      "x" : 12.399187,
      "y" : 11.09017,
      "z" : -8.972136
    },
    "orientation" : 54
  }, {
    "shape" : "bbf5b156-8daf-4e1c-9e51-94500dc289f6",
    "color" : "#FFFFFF",
    "position" : {
      "x" : 11.09017,
      "y" : 0.0,
      "z" : -17.944271
    }
  }, {
    "shape" : "187de806-ce2f-4726-8bca-c0727129bb3b",
    "color" : "#007695",
    "position" : {
