{
  "field" : "golden",
  "symmetry" : "icosahedral",
  "orientations" : [ [ 1.0, 0.0, 0.0, 0.0, 0.0, 1.0, 0.0, 0.0, 0.0, 0.0, 1.0, 0.0, 0.0, 0.0, 0.0, 1.0 ], [ 0.0, 0.0, 1.0, 0.0, 1.0, 0.0, 0.0, 0.0, 0.0, 1.0, 0.0, 0.0, 0.0, 0.0, 0.0, 1.0 ], [ 0.0, 1.0, 0.0, 0.0, 0.0, 0.0, 1.0, 0.0, 1.0, 0.0, 0.0, 0.0, 0.0, 0.0, 0.0, 1.0 ], [ 0.809017, 0.309017, 0.5, 0.0, 0.309017, 0.5, -0.809017, 0.0, -0.5, 0.809017, 0.309017, 0.0, 0.0, 0.0, 0.0, 1.0 ], [ -0.5, 0.809017, 0.309017, 0.0, 0.809017, 0.309017, 0.5, 0.0, 0.309017, 0.5, -0.809017, 0.0, 0.0, 0.0, 0.0, 1.0 ], [ 0.309017, 0.5, -0.809017, 0.0, -0.5, 0.809017, 0.309017, 0.0, 0.809017, 0.309017, 0.5, 0.0, 0.0, 0.0, 0.0, 1.0 ], [ 0.5, 0.809017, 0.309017, 0.0, 0.809017, -0.309017, -0.5, 0.0, -0.309017, 0.5, -0.809017, 0.0, 0.0, 0.0, 0.0, 1.0 ], [ -0.309017, 0.5, -0.809017, 0.0, 0.5, 0.809017, 0.309017, 0.0, 0.809017, -0.309017, -0.5, 0.0, 0.0, 0.0, 0.0, 1.0 ], [ 0.809017, -0.309017, -0.5, 0.0, -0.309017, 0.5, -0.809017, 0.0, 0.5, 0.809017, 0.309017, 0.0, 0.0, 0.0, 0.0, 1.0 ], [ 0.5, 0.809017, -0.309017, 0.0, 0.809017, -0.309017, 0.5, 0.0, 0.309017, -0.5, -0.809017, 0.0, 0.0, 0.0, 0.0, 1.0 ], [ 0.309017, -0.5, -0.809017, 0.0, 0.5, 0.809017, -0.309017, 0.0, 0.809017, -0.309017, 0.5, 0.0, 0.0, 0.0, 0.0, 1.0 ], [ 0.809017, -0.309017, 0.5, 0.0, 0.309017, -0.5, -0.809017, 0.0, 0.5, 0.809017, -0.309017, 0.0, 0.0, 0.0, 0.0, 1.0 ], [ 0.809017, 0.309017, -0.5, 0.0, 0.309017, 0.5, 0.809017, 0.0, 0.5, -0.809017, 0.309017, 0.0, 0.0, 0.0, 0.0, 1.0 ], [ 0.5, -0.809017, 0.309017, 0.0, 0.809017, 0.309017, -0.5, 0.0, 0.309017, 0.5, 0.809017, 0.0, 0.0, 0.0, 0.0, 1.0 ], [ 0.309017, 0.5, 0.809017, 0.0, 0.5, -0.809017, 0.309017, 0.0, 0.809017, 0.309017, -0.5, 0.0, 0.0, 0.0, 0.0, 1.0 ], [ 1.0, 0.0, 0.0, 0.0, 0.0, -1.0, 0.0, 0.0, 0.0, 0.0, -1.0, 0.0, 0.0, 0.0, 0.0, 1.0 ], [ 0.0, 0.0, 1.0, 0.0, -1.0, 0.0, 0.0, 0.0, 0.0, -1.0, 0.0, 0.0, 0.0, 0.0, 0.0, 1.0 ], [ 0.0, 1.0, 0.0, 0.0, 0.0, 0.0, -1.0, 0.0, -1.0, 0.0, 0.0, 0.0, 0.0, 0.0, 0.0, 1.0 ], [ 0.809017, 0.309017, 0.5, 0.0, -0.309017, -0.5, 0.809017, 0.0, 0.5, -0.809017, -0.309017, 0.0, 0.0, 0.0, 0.0, 1.0 ], [ -0.5, 0.809017, 0.309017, 0.0, -0.809017, -0.309017, -0.5, 0.0, -0.309017, -0.5, 0.809017, 0.0, 0.0, 0.0, 0.0, 1.0 ], [ 0.309017, 0.5, -0.809017, 0.0, 0.5, -0.809017, -0.309017, 0.0, -0.809017, -0.309017, -0.5, 0.0, 0.0, 0.0, 0.0, 1.0 ], [ 0.5, 0.809017, 0.309017, 0.0, -0.809017, 0.309017, 0.5, 0.0, 0.309017, -0.5, 0.809017, 0.0, 0.0, 0.0, 0.0, 1.0 ], [ -0.309017, 0.5, -0.809017, 0.0, -0.5, -0.809017, -0.309017, 0.0, -0.809017, 0.309017, 0.5, 0.0, 0.0, 0.0, 0.0, 1.0 ], [ 0.809017, -0.309017, -0.5, 0.0, 0.309017, -0.5, 0.809017, 0.0, -0.5, -0.809017, -0.309017, 0.0, 0.0, 0.0, 0.0, 1.0 ], [ 0.5, 0.809017, -0.309017, 0.0, -0.809017, 0.309017, -0.5, 0.0, -0.309017, 0.5, 0.809017, 0.0, 0.0, 0.0, 0.0, 1.0 ], [ 0.309017, -0.5, -0.809017, 0.0, -0.5, -0.809017, 0.309017, 0.0, -0.809017, 0.309017, -0.5, 0.0, 0.0, 0.0, 0.0, 1.0 ], [ 0.809017, -0.309017, 0.5, 0.0, -0.309017, 0.5, 0.809017, 0.0, -0.5, -0.809017, 0.309017, 0.0, 0.0, 0.0, 0.0, 1.0 ], [ 0.809017, 0.309017, -0.5, 0.0, -0.309017, -0.5, -0.809017, 0.0, -0.5, 0.809017, -0.309017, 0.0, 0.0, 0.0, 0.0, 1.0 ], [ 0.5, -0.809017, 0.309017, 0.0, -0.809017, -0.309017, 0.5, 0.0, -0.309017, -0.5, -0.809017, 0.0, 0.0, 0.0, 0.0, 1.0 ], [ 0.309017, 0.5, 0.809017, 0.0, -0.5, 0.809017, -0.309017, 0.0, -0.809017, -0.309017, 0.5, 0.0, 0.0, 0.0, 0.0, 1.0 ], [ -1.0, 0.0, 0.0, 0.0, 0.0, -1.0, 0.0, 0.0, 0.0, 0.0, 1.0, 0.0, 0.0, 0.0, 0.0, 1.0 ], [ 0.0, 0.0, -1.0, 0.0, -1.0, 0.0, 0.0, 0.0, 0.0, 1.0, 0.0, 0.0, 0.0, 0.0, 0.0, 1.0 ], [ 0.0, -1.0, 0.0, 0.0, 0.0, 0.0, -1.0, 0.0, 1.0, 0.0, 0.0, 0.0, 0.0, 0.0, 0.0, 1.0 ], [ -0.809017, -0.309017, -0.5, 0.0, -0.309017, -0.5, 0.809017, 0.0, -0.5, 0.809017, 0.309017, 0.0, 0.0, 0.0, 0.0, 1.0 ], [ 0.5, -0.809017, -0.309017, 0.0, -0.809017, -0.309017, -0.5, 0.0, 0.309017, 0.5, -0.809017, 0.0, 0.0, 0.0, 0.0, 1.0 ], [ -0.309017, -0.5, 0.809017, 0.0, 0.5, -0.809017, -0.309017, 0.0, 0.809017, 0.309017, 0.5, 0.0, 0.0, 0.0, 0.0, 1.0 ], [ -0.5, -0.809017, -0.309017, 0.0, -0.809017, 0.309017, 0.5, 0.0, -0.309017, 0.5, -0.809017, 0.0, 0.0, 0.0, 0.0, 1.0 ], [ 0.309017, -0.5, 0.809017, 0.0, -0.5, -0.809017, -0.309017, 0.0, 0.809017, -0.309017, -0.5, 0.0, 0.0, 0.0, 0.0, 1.0 ], [ -0.809017, 0.309017, 0.5, 0.0, 0.309017, -0.5, 0.809017, 0.0, 0.5, 0.809017, 0.309017, 0.0, 0.0, 0.0, 0.0, 1.0 ], [ -0.5, -0.809017, 0.309017, 0.0, -0.809017, 0.309017, -0.5, 0.0, 0.309017, -0.5, -0.809017, 0.0, 0.0, 0.0, 0.0, 1.0 ], [ -0.309017, 0.5, 0.809017, 0.0, -0.5, -0.809017, 0.309017, 0.0, 0.809017, -0.309017, 0.5, 0.0, 0.0, 0.0, 0.0, 1.0 ], [ -0.809017, 0.309017, -0.5, 0.0, -0.309017, 0.5, 0.809017, 0.0, 0.5, 0.809017, -0.309017, 0.0, 0.0, 0.0, 0.0, 1.0 ], [ -0.809017, -0.309017, 0.5, 0.0, -0.309017, -0.5, -0.809017, 0.0, 0.5, -0.809017, 0.309017, 0.0, 0.0, 0.0, 0.0, 1.0 ], [ -0.5, 0.809017, -0.309017, 0.0, -0.809017, -0.309017, 0.5, 0.0, 0.309017, 0.5, 0.809017, 0.0, 0.0, 0.0, 0.0, 1.0 ], [ -0.309017, -0.5, -0.809017, 0.0, -0.5, 0.809017, -0.309017, 0.0, 0.809017, 0.309017, -0.5, 0.0, 0.0, 0.0, 0.0, 1.0 ], [ -1.0, 0.0, 0.0, 0.0, 0.0, 1.0, 0.0, 0.0, 0.0, 0.0, -1.0, 0.0, 0.0, 0.0, 0.0, 1.0 ], [ 0.0, 0.0, -1.0, 0.0, 1.0, 0.0, 0.0, 0.0, 0.0, -1.0, 0.0, 0.0, 0.0, 0.0, 0.0, 1.0 ], [ 0.0, -1.0, 0.0, 0.0, 0.0, 0.0, 1.0, 0.0, -1.0, 0.0, 0.0, 0.0, 0.0, 0.0, 0.0, 1.0 ], [ -0.809017, -0.309017, -0.5, 0.0, 0.309017, 0.5, -0.809017, 0.0, 0.5, -0.809017, -0.309017, 0.0, 0.0, 0.0, 0.0, 1.0 ], [ 0.5, -0.809017, -0.309017, 0.0, 0.809017, 0.309017, 0.5, 0.0, -0.309017, -0.5, 0.809017, 0.0, 0.0, 0.0, 0.0, 1.0 ], [ -0.309017, -0.5, 0.809017, 0.0, -0.5, 0.809017, 0.309017, 0.0, -0.809017, -0.309017, -0.5, 0.0, 0.0, 0.0, 0.0, 1.0 ], [ -0.5, -0.809017, -0.309017, 0.0, 0.809017, -0.309017, -0.5, 0.0, 0.309017, -0.5, 0.809017, 0.0, 0.0, 0.0, 0.0, 1.0 ], [ 0.309017, -0.5, 0.809017, 0.0, 0.5, 0.809017, 0.309017, 0.0, -0.809017, 0.309017, 0.5, 0.0, 0.0, 0.0, 0.0, 1.0 ], [ -0.809017, 0.309017, 0.5, 0.0, -0.309017, 0.5, -0.809017, 0.0, -0.5, -0.809017, -0.309017, 0.0, 0.0, 0.0, 0.0, 1.0 ], [ -0.5, -0.809017, 0.309017, 0.0, 0.809017, -0.309017, 0.5, 0.0, -0.309017, 0.5, 0.809017, 0.0, 0.0, 0.0, 0.0, 1.0 ], [ -0.309017, 0.5, 0.809017, 0.0, 0.5, 0.809017, -0.309017, 0.0, -0.809017, 0.309017, -0.5, 0.0, 0.0, 0.0, 0.0, 1.0 ], [ -0.809017, 0.309017, -0.5, 0.0, 0.309017, -0.5, -0.809017, 0.0, -0.5, -0.809017, 0.309017, 0.0, 0.0, 0.0, 0.0, 1.0 ], [ -0.809017, -0.309017, 0.5, 0.0, 0.309017, 0.5, 0.809017, 0.0, -0.5, 0.809017, -0.309017, 0.0, 0.0, 0.0, 0.0, 1.0 ], [ -0.5, 0.809017, -0.309017, 0.0, 0.809017, 0.309017, -0.5, 0.0, -0.309017, -0.5, -0.809017, 0.0, 0.0, 0.0, 0.0, 1.0 ], [ -0.309017, -0.5, -0.809017, 0.0, 0.5, -0.809017, 0.309017, 0.0, -0.809017, -0.309017, 0.5, 0.0, 0.0, 0.0, 0.0, 1.0 ] ],
  "lights" : {
    "ambientColor" : "#292929",
    "backgroundColor" : "#999999",
    "directionalLights" : [ {
      "direction" : [ 1.0, -1.0, -1.0 ],
      "color" : "#EBEBE4"
    }, {
      "direction" : [ -1.0, 0.0, 0.0 ],
      "color" : "#E4E4EB"
    }, {
      "direction" : [ 0.0, 0.0, -1.0 ],
      "color" : "#1E1E1E"
    } ]
  },
  "camera" : {
    "lookDirection" : {
      "x" : 0.0,
      "y" : 0.0,
      "z" : -1.0
    },
    "upDirection" : {
      "x" : 0.0,
      "y" : 1.0,
      "z" : 0.0
    },
    "lookAtPoint" : {
      "x" : 0.0,
      "y" : 0.0,
      "z" : 0.0
    },
    "viewDistance" : 190.35284,
    "nearClipDistance" : 0.47588262,
    "farClipDistance" : 380.70477,
    "fieldOfView" : 0.44262835,
    "perspective" : true,
    "stereo" : false,
    "width" : 85.658676,
    "position" : {
      "x" : 0.0,
      "y" : 0.0,
      "z" : 190.35284
    }
  },
  "embedding" : [ 1.0, 0.0, 0.0, 0.0, 0.0, 1.0, 0.0, 0.0, 0.0, 0.0, 1.0, 0.0, 0.0, 0.0, 0.0, 1.0 ],
  "shapes" : [ {
    "id" : "057e9dfa-7c8d-429c-82d0-8a86de7cf6b5",
    "vertices" : [ {
      "x" : 0.0,
      "y" : -14.208204,
      "z" : -8.781153
    }, {
      "x" : 15.326238,
      "y" : -15.326238,
      "z" : -15.326238
    }, {
      "x" : 14.208204,
      "y" : -8.781153,
      "z" : 0.0
    } ],
    "faces" : [ {
      "vertices" : [ 0, 1, 2 ]
    }, {
      "vertices" : [ 0, 2, 1 ]
    } ]
  }, {
    "id" : "7936da55-2939-41b7-8cd8-7ad022736133",
    "vertices" : [ {
      "x" : -8.15944,
      "y" : 8.989151,
      "z" : 10.328647
    }, {
      "x" : -8.55944,
      "y" : 8.889151,
      "z" : 10.228646
    }, {
      "x" : -0.62171334,
      "y" : 0.48298505,
      "z" : 0.26152363
    }, {
      "x" : -0.22171333,
      "y" : 0.58298504,
      "z" : 0.36152363
    }, {
      "x" : -8.692773,
      "y" : 9.189151,
      "z" : 9.995313
    }, {
      "x" : -8.292773,
      "y" : 9.289151,
      "z" : 10.095313
    }, {
      "x" : -0.08838,
      "y" : 0.28298506,
      "z" : 0.594857
    }, {
      "x" : -0.48838,
      "y" : 0.18298505,
      "z" : 0.49485698
    } ],
    "faces" : [ {
      "vertices" : [ 2, 3, 6 ]
    }, {
      "vertices" : [ 2, 6, 7 ]
    }, {
      "vertices" : [ 0, 5, 4 ]
    }, {
      "vertices" : [ 0, 4, 1 ]
    }, {
      "vertices" : [ 2, 4, 5 ]
    }, {
      "vertices" : [ 2, 5, 3 ]
    }, {
      "vertices" : [ 0, 6, 3 ]
    }, {
      "vertices" : [ 0, 3, 5 ]
    }, {
      "vertices" : [ 0, 1, 7 ]
    }, {
      "vertices" : [ 0, 7, 6 ]
    }, {
      "vertices" : [ 1, 4, 2 ]
    }, {
      "vertices" : [ 1, 2, 7 ]
    } ]
  }, {
    "id" : "75f17716-6ab7-4e8f-9394-f8f689e3a936",
    "vertices" : [ {
      "x" : 0.309017,
      "y" : -0.309017,
      "z" : -0.309017
    }, {
      "x" : 0.5,
      "y" : 0.0,
      "z" : -0.19098301
    }, {
      "x" : 0.5,
      "y" : 0.0,
      "z" : 0.19098301
    }, {
      "x" : 0.309017,
      "y" : -0.309017,
      "z" : 0.309017
    }, {
      "x" : 0.19098301,
      "y" : -0.5,
      "z" : 0.0
    }, {
      "x" : 0.0,
      "y" : 0.19098301,
      "z" : 0.5
    }, {
      "x" : 0.0,
      "y" : -0.19098301,
      "z" : 0.5
    }, {
      "x" : 0.309017,
      "y" : 0.309017,
      "z" : 0.309017
    }, {
      "x" : -0.309017,
      "y" : -0.309017,
      "z" : 0.309017
    }, {
      "x" : -0.309017,
      "y" : 0.309017,
      "z" : 0.309017
    }, {
      "x" : -0.5,
      "y" : 0.0,
      "z" : 0.19098301
    }, {
      "x" : 0.0,
      "y" : -0.19098301,
      "z" : -0.5
    }, {
      "x" : 0.0,
      "y" : 0.19098301,
      "z" : -0.5
    }, {
      "x" : 0.309017,
      "y" : 0.309017,
      "z" : -0.309017
    }, {
      "x" : -0.309017,
      "y" : -0.309017,
      "z" : -0.309017
    }, {
      "x" : -0.19098301,
      "y" : -0.5,
      "z" : 0.0
    }, {
      "x" : -0.5,
      "y" : 0.0,
      "z" : -0.19098301
    }, {
      "x" : 0.19098301,
      "y" : 0.5,
      "z" : 0.0
    }, {
      "x" : -0.309017,
      "y" : 0.309017,
      "z" : -0.309017
    }, {
      "x" : 0.0,
      "y" : 0.0,
      "z" : 0.0
    }, {
      "x" : -0.19098301,
      "y" : 0.5,
      "z" : 0.0
    } ],
    "faces" : [ {
      "vertices" : [ 12, 18, 20 ]
    }, {
      "vertices" : [ 12, 20, 17 ]
    }, {
      "vertices" : [ 12, 17, 13 ]
    }, {
      "vertices" : [ 3, 6, 8 ]
    }, {
      "vertices" : [ 3, 8, 15 ]
    }, {
      "vertices" : [ 3, 15, 4 ]
    }, {
      "vertices" : [ 0, 11, 12 ]
    }, {
      "vertices" : [ 0, 12, 13 ]
    }, {
      "vertices" : [ 0, 13, 1 ]
    }, {
      "vertices" : [ 5, 9, 10 ]
    }, {
      "vertices" : [ 5, 10, 8 ]
    }, {
      "vertices" : [ 5, 8, 6 ]
    }, {
      "vertices" : [ 2, 7, 5 ]
    }, {
      "vertices" : [ 2, 5, 6 ]
    }, {
      "vertices" : [ 2, 6, 3 ]
    }, {
      "vertices" : [ 11, 14, 16 ]
    }, {
      "vertices" : [ 11, 16, 18 ]
    }, {
      "vertices" : [ 11, 18, 12 ]
    }, {
      "vertices" : [ 1, 13, 17 ]
    }, {
      "vertices" : [ 1, 17, 7 ]
    }, {
      "vertices" : [ 1, 7, 2 ]
    }, {
      "vertices" : [ 9, 20, 18 ]
    }, {
      "vertices" : [ 9, 18, 16 ]
    }, {
      "vertices" : [ 9, 16, 10 ]
    }, {
      "vertices" : [ 0, 1, 2 ]
    }, {
      "vertices" : [ 0, 2, 3 ]
    }, {
      "vertices" : [ 0, 3, 4 ]
    }, {
      "vertices" : [ 5, 7, 17 ]
    }, {
      "vertices" : [ 5, 17, 20 ]
    }, {
      "vertices" : [ 5, 20, 9 ]
    }, {
      "vertices" : [ 0, 4, 15 ]
    }, {
      "vertices" : [ 0, 15, 14 ]
    }, {
      "vertices" : [ 0, 14, 11 ]
    }, {
      "vertices" : [ 8, 10, 16 ]
    }, {
      "vertices" : [ 8, 16, 14 ]
    }, {
      "vertices" : [ 8, 14, 15 ]
    } ]
  }, {
    "id" : "6a67679b-44ed-4d2d-8cba-4e8fcb0e1d57",
    "vertices" : [ {
      "x" : -8.781153,
      "y" : 0.0,
      "z" : 14.208204
    }, {
      "x" : 0.0,
      "y" : 9.472136,
      "z" : 24.798374
    }, {
      "x" : 0.0,
      "y" : 14.208204,
      "z" : 8.781153
    } ],
    "faces" : [ {
      "vertices" : [ 0, 1, 2 ]
    }, {
      "vertices" : [ 0, 2, 1 ]
    } ]
  }, {
    "id" : "3a76f066-e9d7-4f7a-943f-2870d7235a88",
    "vertices" : [ {
      "x" : 14.208204,
      "y" : -8.781153,
      "z" : 0.0
    }, {
      "x" : 24.798374,
      "y" : 0.0,
      "z" : -9.472136
    }, {
      "x" : 14.208204,
      "y" : 8.781153,
      "z" : 0.0
    } ],
    "faces" : [ {
      "vertices" : [ 0, 1, 2 ]
    }, {
      "vertices" : [ 0, 2, 1 ]
    } ]
  }, {
    "id" : "9b80ef0a-213a-49d9-b8e5-2d4bba2fb500",
    "vertices" : [ {
      "x" : 1.0,
      "y" : 0.309017,
      "z" : 0.19098301
    }, {
      "x" : 1.0,
      "y" : -0.309017,
      "z" : 0.19098301
    }, {
      "x" : 16.562305,
      "y" : -0.309017,
      "z" : 0.19098301
    }, {
      "x" : 16.562305,
      "y" : 0.309017,
      "z" : 0.19098301
    }, {
      "x" : 16.562305,
      "y" : -0.309017,
      "z" : -0.19098301
    }, {
      "x" : 16.562305,
      "y" : 0.309017,
      "z" : -0.19098301
    }, {
      "x" : 17.18034,
      "y" : 0.0,
      "z" : 0.0
    }, {
      "x" : 0.38196602,
      "y" : 0.0,
      "z" : 0.0
    }, {
      "x" : 1.0,
      "y" : 0.309017,
      "z" : -0.19098301
    }, {
      "x" : 1.0,
      "y" : -0.309017,
      "z" : -0.19098301
    }, {
      "x" : 17.562305,
      "y" : 0.0,
      "z" : 0.0
    } ],
    "faces" : [ {
      "vertices" : [ 1, 9, 4 ]
    }, {
      "vertices" : [ 1, 4, 2 ]
    }, {
      "vertices" : [ 0, 3, 5 ]
    }, {
      "vertices" : [ 0, 5, 8 ]
    }, {
      "vertices" : [ 1, 7, 9 ]
    }, {
      "vertices" : [ 0, 1, 2 ]
    }, {
      "vertices" : [ 0, 2, 3 ]
    }, {
      "vertices" : [ 7, 8, 9 ]
    }, {
      "vertices" : [ 0, 7, 1 ]
    }, {
      "vertices" : [ 4, 9, 8 ]
    }, {
      "vertices" : [ 4, 8, 5 ]
    }, {
      "vertices" : [ 2, 6, 3 ]
    }, {
      "vertices" : [ 2, 4, 6 ]
    }, {
      "vertices" : [ 3, 6, 5 ]
    }, {
      "vertices" : [ 4, 5, 6 ]
    }, {
      "vertices" : [ 0, 8, 7 ]
    } ]
  }, {
    "id" : "b52b0ed6-931d-409e-aee8-9cb85a209296",
    "vertices" : [ {
      "x" : -8.781153,
      "y" : 0.0,
      "z" : -14.208204
    }, {
      "x" : -24.798374,
      "y" : 0.0,
      "z" : -9.472136
    }, {
      "x" : -14.208204,
      "y" : 8.781153,
      "z" : 0.0
    } ],
    "faces" : [ {
      "vertices" : [ 0, 1, 2 ]
    }, {
      "vertices" : [ 0, 2, 1 ]
    } ]
  }, {
    "id" : "7a9316c8-7edf-470c-80da-62cc06d814ec",
    "vertices" : [ {
      "x" : 0.0,
      "y" : -14.208204,
      "z" : 8.781153
    }, {
      "x" : 9.472136,
      "y" : -24.798374,
      "z" : 0.0
    }, {
      "x" : 14.208204,
      "y" : -8.781153,
      "z" : 0.0
    } ],
    "faces" : [ {
      "vertices" : [ 0, 1, 2 ]
    }, {
      "vertices" : [ 0, 2, 1 ]
    } ]
  }, {
    "id" : "3f00fcc3-4771-4eaf-9bb4-d4d2df82ea89",
    "vertices" : [ {
      "x" : 0.0,
      "y" : 14.208204,
      "z" : -8.781153
    }, {
      "x" : 0.0,
      "y" : 9.472136,
      "z" : -24.798374
    }, {
      "x" : -8.781153,
      "y" : 0.0,
      "z" : -14.208204
    } ],
    "faces" : [ {
      "vertices" : [ 0, 1, 2 ]
    }, {
      "vertices" : [ 0, 2, 1 ]
    } ]
  }, {
    "id" : "df72155a-e143-4cdb-b7d5-b8932c477bc0",
    "vertices" : [ {
      "x" : 0.0,
      "y" : 14.208204,
      "z" : -8.781153
    }, {
      "x" : -15.326238,
      "y" : 15.326238,
      "z" : -15.326238
    }, {
      "x" : -14.208204,
      "y" : 8.781153,
      "z" : 0.0
    } ],
    "faces" : [ {
      "vertices" : [ 0, 1, 2 ]
    }, {
      "vertices" : [ 0, 2, 1 ]
    } ]
  }, {
    "id" : "5bace73d-0fd0-4dba-a327-e5dfcd28f2b2",
    "vertices" : [ {
      "x" : 14.208204,
      "y" : -8.781153,
      "z" : 0.0
    }, {
      "x" : 15.326238,
      "y" : -15.326238,
      "z" : -15.326238
    }, {
      "x" : 8.781153,
      "y" : 0.0,
      "z" : -14.208204
    } ],
    "faces" : [ {
      "vertices" : [ 0, 1, 2 ]
    }, {
      "vertices" : [ 0, 2, 1 ]
    } ]
  }, {
    "id" : "c1eb0287-d2c8-4fbf-886b-c859f0b5b02d",
    "vertices" : [ {
      "x" : -14.208204,
      "y" : 8.781153,
      "z" : 0.0
    }, {
      "x" : -15.326238,
      "y" : 15.326238,
      "z" : -15.326238
    }, {
      "x" : -8.781153,
      "y" : 0.0,
      "z" : -14.208204
    } ],
    "faces" : [ {
      "vertices" : [ 0, 1, 2 ]
    }, {
      "vertices" : [ 0, 2, 1 ]
    } ]
  }, {
    "id" : "a16ab485-c27f-40a1-a5b1-4ee4702fb103",
    "vertices" : [ {
      "x" : 0.0,
      "y" : -14.208204,
      "z" : 8.781153
    }, {
      "x" : -15.326238,
      "y" : -15.326238,
      "z" : 15.326238
    }, {
      "x" : -14.208204,
      "y" : -8.781153,
      "z" : 0.0
    } ],
    "faces" : [ {
      "vertices" : [ 0, 1, 2 ]
    }, {
      "vertices" : [ 0, 2, 1 ]
    } ]
  }, {
    "id" : "60ebe7b3-acd6-4404-9da2-c3de7064355b",
    "vertices" : [ {
      "x" : 0.0,
      "y" : 14.208204,
      "z" : 8.781153
    }, {
      "x" : 0.0,
      "y" : 9.472136,
      "z" : 24.798374
    }, {
      "x" : 8.781153,
      "y" : 0.0,
      "z" : 14.208204
    } ],
    "faces" : [ {
      "vertices" : [ 0, 1, 2 ]
    }, {
      "vertices" : [ 0, 2, 1 ]
    } ]
  }, {
    "id" : "f7052d6d-3bac-4c9f-b4af-a7ffd9bd7b8c",
    "vertices" : [ {
      "x" : 0.0,
      "y" : -14.208204,
      "z" : 8.781153
    }, {
      "x" : 0.0,
      "y" : -9.472136,
      "z" : 24.798374
    }, {
      "x" : -8.781153,
      "y" : 0.0,
      "z" : 14.208204
    } ],
    "faces" : [ {
      "vertices" : [ 0, 1, 2 ]
    }, {
      "vertices" : [ 0, 2, 1 ]
    } ]
  }, {
    "id" : "29e3ac95-07ae-4329-9e1e-04c14d167526",
    "vertices" : [ {
      "x" : 8.781153,
      "y" : 0.0,
      "z" : 14.208204
    }, {
      "x" : 0.0,
      "y" : -9.472136,
      "z" : 24.798374
    }, {
      "x" : 0.0,
      "y" : -14.208204,
      "z" : 8.781153
    } ],
    "faces" : [ {
      "vertices" : [ 0, 1, 2 ]
    }, {
      "vertices" : [ 0, 2, 1 ]
    } ]
  }, {
    "id" : "cac3ddc5-ceab-4e5f-94a4-78f8e0bcf6d7",
    "vertices" : [ {
      "x" : 8.781153,
      "y" : 0.0,
      "z" : -14.208204
    }, {
      "x" : 0.0,
      "y" : 9.472136,
      "z" : -24.798374
    }, {
      "x" : 0.0,
      "y" : 14.208204,
      "z" : -8.781153
    } ],
    "faces" : [ {
      "vertices" : [ 0, 1, 2 ]
    }, {
      "vertices" : [ 0, 2, 1 ]
    } ]
  }, {
    "id" : "389a681a-f25d-4dd3-ada7-27e8846b5c46",
    "vertices" : [ {
      "x" : -14.208204,
      "y" : 8.781153,
      "z" : 0.0
    }, {
      "x" : -9.472136,
      "y" : 24.798374,
      "z" : 0.0
    }, {
      "x" : 0.0,
      "y" : 14.208204,
      "z" : -8.781153
    } ],
    "faces" : [ {
      "vertices" : [ 0, 1, 2 ]
    }, {
      "vertices" : [ 0, 2, 1 ]
    } ]
  }, {
    "id" : "b732573c-1b78-47a8-b845-f7c69398cbb8",
    "vertices" : [ {
      "x" : -8.781153,
      "y" : 0.0,
      "z" : -14.208204
    }, {
      "x" : 0.0,
      "y" : -9.472136,
      "z" : -24.798374
    }, {
      "x" : 0.0,
      "y" : -14.208204,
      "z" : -8.781153
    } ],
    "faces" : [ {
      "vertices" : [ 0, 1, 2 ]
    }, {
      "vertices" : [ 0, 2, 1 ]
    } ]
  }, {
    "id" : "98e6c314-0d73-4037-95ad-575f0941a2e6",
    "vertices" : [ {
      "x" : -14.208204,
      "y" : 8.781153,
      "z" : 0.0
    }, {
      "x" : -15.326238,
      "y" : 15.326238,
      "z" : 15.326238
    }, {
      "x" : 0.0,
      "y" : 14.208204,
      "z" : 8.781153
    } ],
    "faces" : [ {
      "vertices" : [ 0, 1, 2 ]
    }, {
      "vertices" : [ 0, 2, 1 ]
    } ]
  }, {
    "id" : "65875ff0-dd70-480d-96b1-8257d461597a",
    "vertices" : [ {
      "x" : 14.208204,
      "y" : -8.781153,
      "z" : 0.0
    }, {
      "x" : 9.472136,
      "y" : -24.798374,
      "z" : 0.0
    }, {
      "x" : 0.0,
      "y" : -14.208204,
      "z" : -8.781153
    } ],
    "faces" : [ {
      "vertices" : [ 0, 1, 2 ]
    }, {
      "vertices" : [ 0, 2, 1 ]
    } ]
  }, {
    "id" : "83463ad4-eab9-458c-a466-3e49f9384cba",
    "vertices" : [ {
      "x" : -8.781153,
      "y" : 0.0,
      "z" : 14.208204
    }, {
      "x" : 0.0,
      "y" : -9.472136,
      "z" : 24.798374
    }, {
      "x" : 8.781153,
      "y" : 0.0,
      "z" : 14.208204
    } ],
    "faces" : [ {
      "vertices" : [ 0, 1, 2 ]
    }, {
      "vertices" : [ 0, 2, 1 ]
    } ]
  }, {
    "id" : "15a822d7-d07c-4aa8-a69f-6f39509ac7f3",
    "vertices" : [ {
      "x" : 0.0,
      "y" : 14.208204,
      "z" : 8.781153
    }, {
      "x" : -15.326238,
      "y" : 15.326238,
      "z" : 15.326238
    }, {
      "x" : -8.781153,
      "y" : 0.0,
      "z" : 14.208204
    } ],
    "faces" : [ {
      "vertices" : [ 0, 1, 2 ]
    }, {
      "vertices" : [ 0, 2, 1 ]
    } ]
  }, {
    "id" : "f0e51543-ff76-43ce-964c-b3a61731bf27",
    "vertices" : [ {
      "x" : 0.0,
      "y" : -14.208204,
      "z" : -8.781153
    }, {
      "x" : -15.326238,
      "y" : -15.326238,
      "z" : -15.326238
    }, {
      "x" : -8.781153,
      "y" : 0.0,
      "z" : -14.208204
    } ],
    "faces" : [ {
      "vertices" : [ 0, 1, 2 ]
    }, {
      "vertices" : [ 0, 2, 1 ]
    } ]
  }, {
    "id" : "edcec99a-52b3-4161-85d7-1dd4210047ba",
    "vertices" : [ {
      "x" : -8.781153,
      "y" : 0.0,
      "z" : 14.208204
    }, {
      "x" : -15.326238,
      "y" : 15.326238,
      "z" : 15.326238
    }, {
      "x" : -14.208204,
      "y" : 8.781153,
      "z" : 0.0
    } ],
    "faces" : [ {
      "vertices" : [ 0, 1, 2 ]
    }, {
      "vertices" : [ 0, 2, 1 ]
    } ]
  }, {
    "id" : "dd80cc7f-9da4-4e6f-b128-91385c96a70f",
    "vertices" : [ {
      "x" : 14.208204,
      "y" : 8.781153,
      "z" : 0.0
    }, {
      "x" : 15.326238,
      "y" : 15.326238,
      "z" : 15.326238
    }, {
      "x" : 8.781153,
      "y" : 0.0,
      "z" : 14.208204
    } ],
    "faces" : [ {
      "vertices" : [ 0, 1, 2 ]
    }, {
      "vertices" : [ 0, 2, 1 ]
    } ]
  }, {
    "id" : "f6f1de6a-f827-463b-b703-ce6427ef2798",
    "vertices" : [ {
      "x" : 8.781153,
      "y" : 0.0,
      "z" : -14.208204
    }, {
      "x" : 15.326238,
      "y" : 15.326238,
      "z" : -15.326238
    }, {
      "x" : 14.208204,
      "y" : 8.781153,
      "z" : 0.0
    } ],
    "faces" : [ {
      "vertices" : [ 0, 1, 2 ]
    }, {
      "vertices" : [ 0, 2, 1 ]
    } ]
  }, {
    "id" : "bca52884-26d5-4019-9a65-725c1a2b59ce",
    "vertices" : [ {
      "x" : 0.0,
      "y" : -14.208204,
      "z" : 8.781153
    }, {
      "x" : 15.326238,
      "y" : -15.326238,
      "z" : 15.326238
    }, {
      "x" : 8.781153,
      "y" : 0.0,
      "z" : 14.208204
    } ],
    "faces" : [ {
      "vertices" : [ 0, 1, 2 ]
    }, {
      "vertices" : [ 0, 2, 1 ]
    } ]
  }, {
    "id" : "939971da-3e2d-469e-974d-e4aa3102ff91",
    "vertices" : [ {
      "x" : 8.781153,
      "y" : 0.0,
      "z" : -14.208204
    }, {
      "x" : 24.798374,
      "y" : 0.0,
      "z" : -9.472136
    }, {
      "x" : 14.208204,
      "y" : -8.781153,
      "z" : 0.0
    } ],
    "faces" : [ {
      "vertices" : [ 0, 1, 2 ]
    }, {
      "vertices" : [ 0, 2, 1 ]
    } ]
  }, {
    "id" : "e2ec607b-4501-41d3-90dc-b4fbd5f8a978",
    "vertices" : [ {
      "x" : 0.0,
      "y" : -14.208204,
      "z" : -8.781153
    }, {
      "x" : 0.0,
      "y" : -9.472136,
      "z" : -24.798374
    }, {
      "x" : 8.781153,
      "y" : 0.0,
      "z" : -14.208204
    } ],
    "faces" : [ {
      "vertices" : [ 0, 1, 2 ]
    }, {
      "vertices" : [ 0, 2, 1 ]
    } ]
  }, {
    "id" : "b43318ed-b7dc-4162-b923-66997eb540f2",
    "vertices" : [ {
      "x" : 14.208204,
      "y" : 8.781153,
      "z" : 0.0
    }, {
      "x" : 9.472136,
      "y" : 24.798374,
      "z" : 0.0
    }, {
      "x" : 0.0,
      "y" : 14.208204,
      "z" : 8.781153
    } ],
    "faces" : [ {
      "vertices" : [ 0, 1, 2 ]
    }, {
      "vertices" : [ 0, 2, 1 ]
    } ]
  }, {
    "id" : "9a1e860b-b998-4a0c-b150-b9997326ad9b",
    "vertices" : [ {
      "x" : 8.781153,
      "y" : 0.0,
      "z" : 14.208204
    }, {
      "x" : 15.326238,
      "y" : -15.326238,
      "z" : 15.326238
    }, {
      "x" : 14.208204,
      "y" : -8.781153,
      "z" : 0.0
    } ],
    "faces" : [ {
      "vertices" : [ 0, 1, 2 ]
    }, {
      "vertices" : [ 0, 2, 1 ]
    } ]
  }, {
    "id" : "68a3e4a8-97ce-41b8-a42e-1e328e202313",
    "vertices" : [ {
      "x" : 14.208204,
      "y" : -8.781153,
      "z" : 0.0
    }, {
      "x" : 15.326238,
      "y" : -15.326238,
      "z" : 15.326238
    }, {
      "x" : 0.0,
      "y" : -14.208204,
      "z" : 8.781153
    } ],
    "faces" : [ {
      "vertices" : [ 0, 1, 2 ]
    }, {
      "vertices" : [ 0, 2, 1 ]
    } ]
  }, {
    "id" : "e70f12f0-4636-412c-9ede-0faf2fc316ba",
    "vertices" : [ {
      "x" : 0.0,
      "y" : -14.208204,
      "z" : -8.781153
    }, {
      "x" : 9.472136,
      "y" : -24.798374,
      "z" : 0.0
    }, {
      "x" : 0.0,
      "y" : -14.208204,
      "z" : 8.781153
    } ],
    "faces" : [ {
      "vertices" : [ 0, 1, 2 ]
    }, {
      "vertices" : [ 0, 2, 1 ]
    } ]
  }, {
    "id" : "798fe141-dfc4-48dd-aae1-001df3ce9cd1",
    "vertices" : [ {
      "x" : -8.781153,
      "y" : 0.0,
      "z" : -14.208204
    }, {
      "x" : -15.326238,
      "y" : -15.326238,
      "z" : -15.326238
    }, {
      "x" : -14.208204,
      "y" : -8.781153,
      "z" : 0.0
    } ],
    "faces" : [ {
      "vertices" : [ 0, 1, 2 ]
    }, {
      "vertices" : [ 0, 2, 1 ]
    } ]
  }, {
    "id" : "3d3bdf57-bcc5-4b7c-9a80-a563db53501f",
    "vertices" : [ {
      "x" : 14.208204,
      "y" : 8.781153,
      "z" : 0.0
    }, {
      "x" : 15.326238,
      "y" : 15.326238,
      "z" : -15.326238
    }, {
      "x" : 0.0,
      "y" : 14.208204,
      "z" : -8.781153
    } ],
    "faces" : [ {
      "vertices" : [ 0, 1, 2 ]
    }, {
      "vertices" : [ 0, 2, 1 ]
    } ]
  }, {
    "id" : "3412137a-5dbb-401e-ab2f-66ad8e760f57",
    "vertices" : [ {
      "x" : 14.208204,
      "y" : -8.781153,
      "z" : 0.0
    }, {
      "x" : 24.798374,
      "y" : 0.0,
      "z" : 9.472136
    }, {
      "x" : 8.781153,
      "y" : 0.0,
      "z" : 14.208204
    } ],
    "faces" : [ {
      "vertices" : [ 0, 1, 2 ]
    }, {
      "vertices" : [ 0, 2, 1 ]
    } ]
  }, {
    "id" : "89b43a93-0777-4eb9-bfa8-6fbaa6ada947",
    "vertices" : [ {
      "x" : -14.208204,
      "y" : 8.781153,
      "z" : 0.0
    }, {
      "x" : -24.798374,
      "y" : 0.0,
      "z" : -9.472136
    }, {
      "x" : -14.208204,
      "y" : -8.781153,
      "z" : 0.0
    } ],
    "faces" : [ {
      "vertices" : [ 0, 1, 2 ]
    }, {
      "vertices" : [ 0, 2, 1 ]
    } ]
  }, {
    "id" : "62760412-41d8-4c53-911e-c7b671d9b5c8",
    "vertices" : [ {
      "x" : 8.781153,
      "y" : 0.0,
      "z" : 14.208204
    }, {
      "x" : 24.798374,
      "y" : 0.0,
      "z" : 9.472136
    }, {
      "x" : 14.208204,
      "y" : 8.781153,
      "z" : 0.0
    } ],
    "faces" : [ {
      "vertices" : [ 0, 1, 2 ]
    }, {
      "vertices" : [ 0, 2, 1 ]
    } ]
  }, {
    "id" : "c67dbc5e-8b60-4b81-b526-d96957b4de12",
    "vertices" : [ {
      "x" : 0.0,
      "y" : 14.208204,
      "z" : 8.781153
    }, {
      "x" : 15.326238,
      "y" : 15.326238,
      "z" : 15.326238
    }, {
      "x" : 14.208204,
      "y" : 8.781153,
      "z" : 0.0
    } ],
    "faces" : [ {
      "vertices" : [ 0, 1, 2 ]
    }, {
      "vertices" : [ 0, 2, 1 ]
    } ]
  }, {
    "id" : "d5a28948-ae88-4729-a1ec-cd5588d4ec1c",
    "vertices" : [ {
      "x" : 8.781153,
      "y" : 0.0,
      "z" : -14.208204
    }, {
      "x" : 0.0,
      "y" : -9.472136,
      "z" : -24.798374
    }, {
      "x" : -8.781153,
      "y" : 0.0,
      "z" : -14.208204
    } ],
    "faces" : [ {
      "vertices" : [ 0, 1, 2 ]
    }, {
      "vertices" : [ 0, 2, 1 ]
    } ]
  }, {
    "id" : "f03c473c-ee8d-4750-a8b2-1fa65637ac24",
    "vertices" : [ {
      "x" : -8.781153,
      "y" : 0.0,
      "z" : -14.208204
    }, {
      "x" : -15.326238,
      "y" : 15.326238,
      "z" : -15.326238
    }, {
      "x" : 0.0,
      "y" : 14.208204,
      "z" : -8.781153
    } ],
    "faces" : [ {
      "vertices" : [ 0, 1, 2 ]
    }, {
      "vertices" : [ 0, 2, 1 ]
    } ]
  }, {
    "id" : "e2cb89df-4915-437c-bbd7-19d2186180f5",
    "vertices" : [ {
      "x" : -8.781153,
      "y" : 0.0,
      "z" : 14.208204
    }, {
      "x" : -24.798374,
      "y" : 0.0,
      "z" : 9.472136
    }, {
      "x" : -14.208204,
      "y" : -8.781153,
      "z" : 0.0
    } ],
    "faces" : [ {
      "vertices" : [ 0, 1, 2 ]
    }, {
      "vertices" : [ 0, 2, 1 ]
    } ]
  }, {
    "id" : "fbb46c21-b86b-4f6f-8241-97dd880a3b59",
    "vertices" : [ {
      "x" : 14.208204,
      "y" : 8.781153,
      "z" : 0.0
    }, {
      "x" : 24.798374,
      "y" : 0.0,
      "z" : -9.472136
    }, {
      "x" : 8.781153,
      "y" : 0.0,
      "z" : -14.208204
    } ],
    "faces" : [ {
      "vertices" : [ 0, 1, 2 ]
    }, {
      "vertices" : [ 0, 2, 1 ]
    } ]
  }, {
    "id" : "fdfb6d43-b450-4606-8f25-3ffe95cf9331",
    "vertices" : [ {
      "x" : 0.0,
      "y" : -14.208204,
      "z" : -8.781153
    }, {
      "x" : -9.472136,
      "y" : -24.798374,
      "z" : 0.0
    }, {
      "x" : -14.208204,
      "y" : -8.781153,
      "z" : 0.0
    } ],
    "faces" : [ {
      "vertices" : [ 0, 1, 2 ]
    }, {
      "vertices" : [ 0, 2, 1 ]
    } ]
  }, {
    "id" : "6a9c7cbd-a489-4058-9d8a-1155d5b1b08e",
    "vertices" : [ {
      "x" : 0.0,
      "y" : 14.208204,
      "z" : 8.781153
    }, {
      "x" : 9.472136,
      "y" : 24.798374,
      "z" : 0.0
    }, {
      "x" : 0.0,
      "y" : 14.208204,
      "z" : -8.781153
    } ],
    "faces" : [ {
      "vertices" : [ 0, 1, 2 ]
    }, {
      "vertices" : [ 0, 2, 1 ]
    } ]
  }, {
    "id" : "5e5d86ee-13a4-4ab6-a8a4-0047559e67a5",
    "vertices" : [ {
      "x" : -8.781153,
      "y" : 0.0,
      "z" : 14.208204
    }, {
      "x" : -15.326238,
      "y" : -15.326238,
      "z" : 15.326238
    }, {
      "x" : 0.0,
      "y" : -14.208204,
      "z" : 8.781153
    } ],
    "faces" : [ {
      "vertices" : [ 0, 1, 2 ]
    }, {
      "vertices" : [ 0, 2, 1 ]
    } ]
  }, {
    "id" : "27c7de5e-4bc7-468e-9625-e463a8aa73c7",
    "vertices" : [ {
      "x" : -14.208204,
      "y" : -8.781153,
      "z" : 0.0
    }, {
      "x" : -24.798374,
      "y" : 0.0,
      "z" : -9.472136
    }, {
      "x" : -8.781153,
      "y" : 0.0,
      "z" : -14.208204
    } ],
    "faces" : [ {
      "vertices" : [ 0, 1, 2 ]
    }, {
      "vertices" : [ 0, 2, 1 ]
    } ]
  }, {
    "id" : "1ec1a45b-7d30-467a-9fb1-93021c3576dc",
    "vertices" : [ {
      "x" : 14.208204,
      "y" : 8.781153,
      "z" : 0.0
    }, {
      "x" : 24.798374,
      "y" : 0.0,
      "z" : 9.472136
    }, {
      "x" : 14.208204,
      "y" : -8.781153,
      "z" : 0.0
    } ],
    "faces" : [ {
      "vertices" : [ 0, 1, 2 ]
    }, {
      "vertices" : [ 0, 2, 1 ]
    } ]
  }, {
    "id" : "27a8f888-e829-4484-80f5-5e714309f80c",
    "vertices" : [ {
      "x" : -14.208204,
      "y" : -8.781153,
      "z" : 0.0
    }, {
      "x" : -15.326238,
      "y" : -15.326238,
      "z" : 15.326238
    }, {
      "x" : -8.781153,
      "y" : 0.0,
      "z" : 14.208204
    } ],
    "faces" : [ {
      "vertices" : [ 0, 1, 2 ]
    }, {
      "vertices" : [ 0, 2, 1 ]
    } ]
  }, {
    "id" : "f3adbcac-226d-46fd-80c5-77d0eea97004",
    "vertices" : [ {
      "x" : 0.0,
      "y" : 14.208204,
      "z" : -8.781153
    }, {
      "x" : 9.472136,
      "y" : 24.798374,
      "z" : 0.0
    }, {
      "x" : 14.208204,
      "y" : 8.781153,
      "z" : 0.0
    } ],
    "faces" : [ {
      "vertices" : [ 0, 1, 2 ]
    }, {
      "vertices" : [ 0, 2, 1 ]
    } ]
  }, {
    "id" : "c1fed46f-9aea-4ea5-ba4d-951d972f85fb",
    "vertices" : [ {
      "x" : -14.208204,
      "y" : -8.781153,
      "z" : 0.0
    }, {
      "x" : -24.798374,
      "y" : 0.0,
      "z" : 9.472136
    }, {
      "x" : -14.208204,
      "y" : 8.781153,
      "z" : 0.0
    } ],
    "faces" : [ {
      "vertices" : [ 0, 1, 2 ]
    }, {
      "vertices" : [ 0, 2, 1 ]
    } ]
  }, {
    "id" : "41cddd05-357a-41fc-ac28-0a1326dea5f3",
    "vertices" : [ {
      "x" : 0.0,
      "y" : -14.208204,
      "z" : 8.781153
    }, {
      "x" : -9.472136,
      "y" : -24.798374,
      "z" : 0.0
    }, {
      "x" : 0.0,
      "y" : -14.208204,
      "z" : -8.781153
    } ],
    "faces" : [ {
      "vertices" : [ 0, 1, 2 ]
    }, {
      "vertices" : [ 0, 2, 1 ]
    } ]
  }, {
    "id" : "63a887ab-dc15-4a85-8415-857537ad707f",
    "vertices" : [ {
      "x" : 8.781153,
      "y" : 0.0,
      "z" : -14.208204
    }, {
      "x" : 15.326238,
      "y" : -15.326238,
      "z" : -15.326238
    }, {
      "x" : 0.0,
      "y" : -14.208204,
      "z" : -8.781153
    } ],
    "faces" : [ {
      "vertices" : [ 0, 1, 2 ]
    }, {
      "vertices" : [ 0, 2, 1 ]
    } ]
  }, {
    "id" : "29484f48-8dfe-4e64-8429-e297eb495aee",
    "vertices" : [ {
      "x" : 0.0,
      "y" : 14.208204,
      "z" : -8.781153
    }, {
      "x" : -9.472136,
      "y" : 24.798374,
      "z" : 0.0
    }, {
      "x" : 0.0,
      "y" : 14.208204,
      "z" : 8.781153
    } ],
    "faces" : [ {
      "vertices" : [ 0, 1, 2 ]
    }, {
      "vertices" : [ 0, 2, 1 ]
    } ]
  }, {
    "id" : "d32e96ef-0a81-49e6-bfad-cfcc3d4a9b7d",
    "vertices" : [ {
      "x" : 0.0,
      "y" : 14.208204,
      "z" : -8.781153
    }, {
      "x" : 15.326238,
      "y" : 15.326238,
      "z" : -15.326238
    }, {
      "x" : 8.781153,
      "y" : 0.0,
      "z" : -14.208204
    } ],
    "faces" : [ {
      "vertices" : [ 0, 1, 2 ]
    }, {
      "vertices" : [ 0, 2, 1 ]
    } ]
  }, {
    "id" : "7ef2495c-5d7a-453f-a4b7-2b5a00b5d71a",
    "vertices" : [ {
      "x" : -14.208204,
      "y" : 8.781153,
      "z" : 0.0
    }, {
      "x" : -24.798374,
      "y" : 0.0,
      "z" : 9.472136
    }, {
      "x" : -8.781153,
      "y" : 0.0,
      "z" : 14.208204
    } ],
    "faces" : [ {
      "vertices" : [ 0, 1, 2 ]
    }, {
      "vertices" : [ 0, 2, 1 ]
    } ]
  }, {
    "id" : "00a049dd-421a-4852-9eb0-12a5e2f0f1db",
    "vertices" : [ {
      "x" : -14.208204,
      "y" : -8.781153,
      "z" : 0.0
    }, {
      "x" : -15.326238,
      "y" : -15.326238,
      "z" : -15.326238
    }, {
      "x" : 0.0,
      "y" : -14.208204,
      "z" : -8.781153
    } ],
    "faces" : [ {
      "vertices" : [ 0, 1, 2 ]
    }, {
      "vertices" : [ 0, 2, 1 ]
    } ]
  }, {
    "id" : "ea274c4a-e1ff-4f1b-9164-bc2534c503de",
    "vertices" : [ {
      "x" : 0.0,
      "y" : 14.208204,
      "z" : 8.781153
    }, {
      "x" : -9.472136,
      "y" : 24.798374,
      "z" : 0.0
    }, {
      "x" : -14.208204,
      "y" : 8.781153,
      "z" : 0.0
    } ],
    "faces" : [ {
      "vertices" : [ 0, 1, 2 ]
    }, {
      "vertices" : [ 0, 2, 1 ]
    } ]
  }, {
    "id" : "06486c33-b166-411d-9462-fa3e4992b3ca",
    "vertices" : [ {
      "x" : 8.781153,
      "y" : 0.0,
      "z" : 14.208204
    }, {
      "x" : 15.326238,
      "y" : 15.326238,
      "z" : 15.326238
    }, {
      "x" : 0.0,
      "y" : 14.208204,
      "z" : 8.781153
    } ],
    "faces" : [ {
      "vertices" : [ 0, 1, 2 ]
    }, {
      "vertices" : [ 0, 2, 1 ]
    } ]
  }, {
    "id" : "f176a070-a04c-4a63-a3cb-31d5026dbe80",
    "vertices" : [ {
      "x" : -8.781153,
      "y" : 0.0,
      "z" : -14.208204
    }, {
      "x" : 0.0,
      "y" : 9.472136,
      "z" : -24.798374
    }, {
      "x" : 8.781153,
      "y" : 0.0,
      "z" : -14.208204
    } ],
    "faces" : [ {
      "vertices" : [ 0, 1, 2 ]
    }, {
      "vertices" : [ 0, 2, 1 ]
    } ]
  }, {
    "id" : "a0af978f-6fde-4d85-b17e-b3f676295552",
    "vertices" : [ {
      "x" : 8.781153,
      "y" : 0.0,
      "z" : 14.208204
    }, {
      "x" : 0.0,
      "y" : 9.472136,
      "z" : 24.798374
    }, {
      "x" : -8.781153,
      "y" : 0.0,
      "z" : 14.208204
    } ],
    "faces" : [ {
      "vertices" : [ 0, 1, 2 ]
    }, {
      "vertices" : [ 0, 2, 1 ]
    } ]
  }, {
    "id" : "79a3cdd6-149a-49b9-9f08-4a2e0c3548fa",
    "vertices" : [ {
      "x" : -14.208204,
      "y" : -8.781153,
      "z" : 0.0
    }, {
      "x" : -9.472136,
      "y" : -24.798374,
      "z" : 0.0
    }, {
      "x" : 0.0,
      "y" : -14.208204,
      "z" : 8.781153
    } ],
    "faces" : [ {
      "vertices" : [ 0, 1, 2 ]
    }, {
      "vertices" : [ 0, 2, 1 ]
    } ]
  }, {
    "id" : "ae9607ed-26dc-4855-87c0-e51ae934d630",
    "vertices" : [ {
      "x" : 0.9045085,
      "y" : 0.3454915,
      "z" : 0.25
    }, {
      "x" : 8.758611,
      "y" : 5.1995935,
      "z" : 0.25
    }, {
      "x" : 8.567628,
      "y" : 5.5086102,
      "z" : 0.25
    }, {
      "x" : 0.7135255,
      "y" : 0.6545085,
      "z" : 0.25
    }, {
      "x" : 0.809017,
      "y" : 0.5,
      "z" : -0.309017
    }, {
      "x" : 0.9635255,
      "y" : 0.25,
      "z" : -0.095491506
    }, {
      "x" : 0.309017,
      "y" : 0.19098301,
      "z" : 0.0
    }, {
      "x" : 9.163119,
      "y" : 5.663119,
      "z" : 0.0
    }, {
      "x" : 8.508611,
      "y" : 5.604102,
      "z" : -0.095491506
    }, {
      "x" : 8.663119,
      "y" : 5.354102,
      "z" : -0.309017
    }, {
      "x" : 9.472136,
      "y" : 5.854102,
      "z" : 0.0
    }, {
      "x" : 0.6545085,
      "y" : 0.75,
      "z" : -0.095491506
    }, {
      "x" : 8.817628,
      "y" : 5.104102,
      "z" : -0.095491506
    } ],
    "faces" : [ {
      "vertices" : [ 4, 11, 8 ]
    }, {
      "vertices" : [ 4, 8, 9 ]
    }, {
      "vertices" : [ 0, 1, 2 ]
    }, {
      "vertices" : [ 0, 2, 3 ]
    }, {
      "vertices" : [ 0, 3, 6 ]
    }, {
      "vertices" : [ 1, 7, 2 ]
    }, {
      "vertices" : [ 0, 6, 5 ]
    }, {
      "vertices" : [ 4, 5, 6 ]
    }, {
      "vertices" : [ 2, 7, 8 ]
    }, {
      "vertices" : [ 0, 5, 12 ]
    }, {
      "vertices" : [ 0, 12, 1 ]
    }, {
      "vertices" : [ 1, 12, 7 ]
    }, {
      "vertices" : [ 3, 11, 6 ]
    }, {
      "vertices" : [ 4, 6, 11 ]
    }, {
      "vertices" : [ 7, 9, 8 ]
    }, {
      "vertices" : [ 2, 8, 11 ]
    }, {
      "vertices" : [ 2, 11, 3 ]
    }, {
      "vertices" : [ 7, 12, 9 ]
    }, {
      "vertices" : [ 4, 9, 12 ]
    }, {
      "vertices" : [ 4, 12, 5 ]
    } ]
  }, {
    "id" : "962f5320-58ff-45e1-96c3-3aaff511fc89",
    "vertices" : [ {
      "x" : 0.0,
      "y" : 9.472136,
      "z" : 5.854102
    }, {
      "x" : -9.472136,
      "y" : 15.326238,
      "z" : 5.854102
    }, {
      "x" : -15.326238,
      "y" : 15.326238,
      "z" : 15.326238
    }, {
      "x" : -5.854102,
      "y" : 9.472136,
      "z" : 15.326238
    } ],
    "faces" : [ {
      "vertices" : [ 0, 1, 2 ]
    }, {
      "vertices" : [ 0, 2, 3 ]
    }, {
      "vertices" : [ 0, 3, 2 ]
    }, {
      "vertices" : [ 0, 2, 1 ]
    } ]
  }, {
    "id" : "d4486024-4d77-456f-80aa-1631ccabf8d0",
    "vertices" : [ {
      "x" : 5.854102,
      "y" : 0.0,
      "z" : 9.472136
    }, {
      "x" : 5.854102,
      "y" : -9.472136,
      "z" : 15.326238
    }, {
      "x" : 15.326238,
      "y" : -15.326238,
      "z" : 15.326238
    }, {
      "x" : 15.326238,
      "y" : -5.854102,
      "z" : 9.472136
    } ],
    "faces" : [ {
      "vertices" : [ 0, 1, 2 ]
    }, {
      "vertices" : [ 0, 2, 3 ]
    }, {
