{
  "field" : "golden",
  "symmetry" : "icosahedral",
  "orientations" : [ [ 1.0, 0.0, 0.0, 0.0, 0.0, 1.0, 0.0, 0.0, 0.0, 0.0, 1.0, 0.0, 0.0, 0.0, 0.0, 1.0 ], [ 0.0, 0.0, 1.0, 0.0, 1.0, 0.0, 0.0, 0.0, 0.0, 1.0, 0.0, 0.0, 0.0, 0.0, 0.0, 1.0 ], [ 0.0, 1.0, 0.0, 0.0, 0.0, 0.0, 1.0, 0.0, 1.0, 0.0, 0.0, 0.0, 0.0, 0.0, 0.0, 1.0 ], [ 0.809017, 0.309017, 0.5, 0.0, 0.309017, 0.5, -0.809017, 0.0, -0.5, 0.809017, 0.309017, 0.0, 0.0, 0.0, 0.0, 1.0 ], [ -0.5, 0.809017, 0.309017, 0.0, 0.809017, 0.309017, 0.5, 0.0, 0.309017, 0.5, -0.809017, 0.0, 0.0, 0.0, 0.0, 1.0 ], [ 0.309017, 0.5, -0.809017, 0.0, -0.5, 0.809017, 0.309017, 0.0, 0.809017, 0.309017, 0.5, 0.0, 0.0, 0.0, 0.0, 1.0 ], [ 0.5, 0.809017, 0.309017, 0.0, 0.809017, -0.309017, -0.5, 0.0, -0.309017, 0.5, -0.809017, 0.0, 0.0, 0.0, 0.0, 1.0 ], [ -0.309017, 0.5, -0.809017, 0.0, 0.5, 0.809017, 0.309017, 0.0, 0.809017, -0.309017, -0.5, 0.0, 0.0, 0.0, 0.0, 1.0 ], [ 0.809017, -0.309017, -0.5, 0.0, -0.309017, 0.5, -0.809017, 0.0, 0.5, 0.809017, 0.309017, 0.0, 0.0, 0.0, 0.0, 1.0 ], [ 0.5, 0.809017, -0.309017, 0.0, 0.809017, -0.309017, 0.5, 0.0, 0.309017, -0.5, -0.809017, 0.0, 0.0, 0.0, 0.0, 1.0 ], [ 0.309017, -0.5, -0.809017, 0.0, 0.5, 0.809017, -0.309017, 0.0, 0.809017, -0.309017, 0.5, 0.0, 0.0, 0.0, 0.0, 1.0 ], [ 0.809017, -0.309017, 0.5, 0.0, 0.309017, -0.5, -0.809017, 0.0, 0.5, 0.809017, -0.309017, 0.0, 0.0, 0.0, 0.0, 1.0 ], [ 0.809017, 0.309017, -0.5, 0.0, 0.309017, 0.5, 0.809017, 0.0, 0.5, -0.809017, 0.309017, 0.0, 0.0, 0.0, 0.0, 1.0 ], [ 0.5, -0.809017, 0.309017, 0.0, 0.809017, 0.309017, -0.5, 0.0, 0.309017, 0.5, 0.809017, 0.0, 0.0, 0.0, 0.0, 1.0 ], [ 0.309017, 0.5, 0.809017, 0.0, 0.5, -0.809017, 0.309017, 0.0, 0.809017, 0.309017, -0.5, 0.0, 0.0, 0.0, 0.0, 1.0 ], [ 1.0, 0.0, 0.0, 0.0, 0.0, -1.0, 0.0, 0.0, 0.0, 0.0, -1.0, 0.0, 0.0, 0.0, 0.0, 1.0 ], [ 0.0, 0.0, 1.0, 0.0, -1.0, 0.0, 0.0, 0.0, 0.0, -1.0, 0.0, 0.0, 0.0, 0.0, 0.0, 1.0 ], [ 0.0, 1.0, 0.0, 0.0, 0.0, 0.0, -1.0, 0.0, -1.0, 0.0, 0.0, 0.0, 0.0, 0.0, 0.0, 1.0 ], [ 0.809017, 0.309017, 0.5, 0.0, -0.309017, -0.5, 0.809017, 0.0, 0.5, -0.809017, -0.309017, 0.0, 0.0, 0.0, 0.0, 1.0 ], [ -0.5, 0.809017, 0.309017, 0.0, -0.809017, -0.309017, -0.5, 0.0, -0.309017, -0.5, 0.809017, 0.0, 0.0, 0.0, 0.0, 1.0 ], [ 0.309017, 0.5, -0.809017, 0.0, 0.5, -0.809017, -0.309017, 0.0, -0.809017, -0.309017, -0.5, 0.0, 0.0, 0.0, 0.0, 1.0 ], [ 0.5, 0.809017, 0.309017, 0.0, -0.809017, 0.309017, 0.5, 0.0, 0.309017, -0.5, 0.809017, 0.0, 0.0, 0.0, 0.0, 1.0 ], [ -0.309017, 0.5, -0.809017, 0.0, -0.5, -0.809017, -0.309017, 0.0, -0.809017, 0.309017, 0.5, 0.0, 0.0, 0.0, 0.0, 1.0 ], [ 0.809017, -0.309017, -0.5, 0.0, 0.309017, -0.5, 0.809017, 0.0, -0.5, -0.809017, -0.309017, 0.0, 0.0, 0.0, 0.0, 1.0 ], [ 0.5, 0.809017, -0.309017, 0.0, -0.809017, 0.309017, -0.5, 0.0, -0.309017, 0.5, 0.809017, 0.0, 0.0, 0.0, 0.0, 1.0 ], [ 0.309017, -0.5, -0.809017, 0.0, -0.5, -0.809017, 0.309017, 0.0, -0.809017, 0.309017, -0.5, 0.0, 0.0, 0.0, 0.0, 1.0 ], [ 0.809017, -0.309017, 0.5, 0.0, -0.309017, 0.5, 0.809017, 0.0, -0.5, -0.809017, 0.309017, 0.0, 0.0, 0.0, 0.0, 1.0 ], [ 0.809017, 0.309017, -0.5, 0.0, -0.309017, -0.5, -0.809017, 0.0, -0.5, 0.809017, -0.309017, 0.0, 0.0, 0.0, 0.0, 1.0 ], [ 0.5, -0.809017, 0.309017, 0.0, -0.809017, -0.309017, 0.5, 0.0, -0.309017, -0.5, -0.809017, 0.0, 0.0, 0.0, 0.0, 1.0 ], [ 0.309017, 0.5, 0.809017, 0.0, -0.5, 0.809017, -0.309017, 0.0, -0.809017, -0.309017, 0.5, 0.0, 0.0, 0.0, 0.0, 1.0 ], [ -1.0, 0.0, 0.0, 0.0, 0.0, -1.0, 0.0, 0.0, 0.0, 0.0, 1.0, 0.0, 0.0, 0.0, 0.0, 1.0 ], [ 0.0, 0.0, -1.0, 0.0, -1.0, 0.0, 0.0, 0.0, 0.0, 1.0, 0.0, 0.0, 0.0, 0.0, 0.0, 1.0 ], [ 0.0, -1.0, 0.0, 0.0, 0.0, 0.0, -1.0, 0.0, 1.0, 0.0, 0.0, 0.0, 0.0, 0.0, 0.0, 1.0 ], [ -0.809017, -0.309017, -0.5, 0.0, -0.309017, -0.5, 0.809017, 0.0, -0.5, 0.809017, 0.309017, 0.0, 0.0, 0.0, 0.0, 1.0 ], [ 0.5, -0.809017, -0.309017, 0.0, -0.809017, -0.309017, -0.5, 0.0, 0.309017, 0.5, -0.809017, 0.0, 0.0, 0.0, 0.0, 1.0 ], [ -0.309017, -0.5, 0.809017, 0.0, 0.5, -0.809017, -0.309017, 0.0, 0.809017, 0.309017, 0.5, 0.0, 0.0, 0.0, 0.0, 1.0 ], [ -0.5, -0.809017, -0.309017, 0.0, -0.809017, 0.309017, 0.5, 0.0, -0.309017, 0.5, -0.809017, 0.0, 0.0, 0.0, 0.0, 1.0 ], [ 0.309017, -0.5, 0.809017, 0.0, -0.5, -0.809017, -0.309017, 0.0, 0.809017, -0.309017, -0.5, 0.0, 0.0, 0.0, 0.0, 1.0 ], [ -0.809017, 0.309017, 0.5, 0.0, 0.309017, -0.5, 0.809017, 0.0, 0.5, 0.809017, 0.309017, 0.0, 0.0, 0.0, 0.0, 1.0 ], [ -0.5, -0.809017, 0.309017, 0.0, -0.809017, 0.309017, -0.5, 0.0, 0.309017, -0.5, -0.809017, 0.0, 0.0, 0.0, 0.0, 1.0 ], [ -0.309017, 0.5, 0.809017, 0.0, -0.5, -0.809017, 0.309017, 0.0, 0.809017, -0.309017, 0.5, 0.0, 0.0, 0.0, 0.0, 1.0 ], [ -0.809017, 0.309017, -0.5, 0.0, -0.309017, 0.5, 0.809017, 0.0, 0.5, 0.809017, -0.309017, 0.0, 0.0, 0.0, 0.0, 1.0 ], [ -0.809017, -0.309017, 0.5, 0.0, -0.309017, -0.5, -0.809017, 0.0, 0.5, -0.809017, 0.309017, 0.0, 0.0, 0.0, 0.0, 1.0 ], [ -0.5, 0.809017, -0.309017, 0.0, -0.809017, -0.309017, 0.5, 0.0, 0.309017, 0.5, 0.809017, 0.0, 0.0, 0.0, 0.0, 1.0 ], [ -0.309017, -0.5, -0.809017, 0.0, -0.5, 0.809017, -0.309017, 0.0, 0.809017, 0.309017, -0.5, 0.0, 0.0, 0.0, 0.0, 1.0 ], [ -1.0, 0.0, 0.0, 0.0, 0.0, 1.0, 0.0, 0.0, 0.0, 0.0, -1.0, 0.0, 0.0, 0.0, 0.0, 1.0 ], [ 0.0, 0.0, -1.0, 0.0, 1.0, 0.0, 0.0, 0.0, 0.0, -1.0, 0.0, 0.0, 0.0, 0.0, 0.0, 1.0 ], [ 0.0, -1.0, 0.0, 0.0, 0.0, 0.0, 1.0, 0.0, -1.0, 0.0, 0.0, 0.0, 0.0, 0.0, 0.0, 1.0 ], [ -0.809017, -0.309017, -0.5, 0.0, 0.309017, 0.5, -0.809017, 0.0, 0.5, -0.809017, -0.309017, 0.0, 0.0, 0.0, 0.0, 1.0 ], [ 0.5, -0.809017, -0.309017, 0.0, 0.809017, 0.309017, 0.5, 0.0, -0.309017, -0.5, 0.809017, 0.0, 0.0, 0.0, 0.0, 1.0 ], [ -0.309017, -0.5, 0.809017, 0.0, -0.5, 0.809017, 0.309017, 0.0, -0.809017, -0.309017, -0.5, 0.0, 0.0, 0.0, 0.0, 1.0 ], [ -0.5, -0.809017, -0.309017, 0.0, 0.809017, -0.309017, -0.5, 0.0, 0.309017, -0.5, 0.809017, 0.0, 0.0, 0.0, 0.0, 1.0 ], [ 0.309017, -0.5, 0.809017, 0.0, 0.5, 0.809017, 0.309017, 0.0, -0.809017, 0.309017, 0.5, 0.0, 0.0, 0.0, 0.0, 1.0 ], [ -0.809017, 0.309017, 0.5, 0.0, -0.309017, 0.5, -0.809017, 0.0, -0.5, -0.809017, -0.309017, 0.0, 0.0, 0.0, 0.0, 1.0 ], [ -0.5, -0.809017, 0.309017, 0.0, 0.809017, -0.309017, 0.5, 0.0, -0.309017, 0.5, 0.809017, 0.0, 0.0, 0.0, 0.0, 1.0 ], [ -0.309017, 0.5, 0.809017, 0.0, 0.5, 0.809017, -0.309017, 0.0, -0.809017, 0.309017, -0.5, 0.0, 0.0, 0.0, 0.0, 1.0 ], [ -0.809017, 0.309017, -0.5, 0.0, 0.309017, -0.5, -0.809017, 0.0, -0.5, -0.809017, 0.309017, 0.0, 0.0, 0.0, 0.0, 1.0 ], [ -0.809017, -0.309017, 0.5, 0.0, 0.309017, 0.5, 0.809017, 0.0, -0.5, 0.809017, -0.309017, 0.0, 0.0, 0.0, 0.0, 1.0 ], [ -0.5, 0.809017, -0.309017, 0.0, 0.809017, 0.309017, -0.5, 0.0, -0.309017, -0.5, -0.809017, 0.0, 0.0, 0.0, 0.0, 1.0 ], [ -0.309017, -0.5, -0.809017, 0.0, 0.5, -0.809017, 0.309017, 0.0, -0.809017, -0.309017, 0.5, 0.0, 0.0, 0.0, 0.0, 1.0 ] ],
  "lights" : {
    "ambientColor" : "#292929",
    "backgroundColor" : "#FFF9F9",
    "directionalLights" : [ {
      "direction" : {
        "x" : 1.0,
        "y" : -1.0,
        "z" : -1.0
      },
      "color" : "#EBEBE4"
    }, {
      "direction" : {
        "x" : -1.0,
        "y" : 0.0,
        "z" : 0.0
      },
      "color" : "#E4E4EB"
    }, {
      "direction" : {
        "x" : 0.0,
        "y" : 0.0,
        "z" : -1.0
      },
      "color" : "#1E1E1E"
    } ]
  },
  "camera" : {
    "viewDistance" : 75.85924,
    "nearClipDistance" : 0.18964824,
    "farClipDistance" : 151.71887,
    "lookAtPoint" : {
      "x" : 0.0,
      "y" : 0.0,
      "z" : 0.0
    },
    "fieldOfView" : 0.44262975,
    "perspective" : false,
    "lookDirection" : {
      "x" : 0.0,
      "y" : 0.0,
      "z" : -1.0
    },
    "upDirection" : {
      "x" : 0.0,
      "y" : 1.0,
      "z" : 0.0
    },
    "width" : 34.136726,
    "stereo" : false,
    "position" : {
      "x" : 0.0,
      "y" : 0.0,
      "z" : 75.85924
    }
  },
  "embedding" : [ 1.0, 0.0, 0.0, 0.0, 0.0, 1.0, 0.0, 0.0, 0.0, 0.0, 1.0, 0.0, 0.0, 0.0, 0.0, 1.0 ],
  "shapes" : [ {
    "id" : "875239a6-c8fd-41c2-a840-e1dc29f311ae",
    "vertices" : [ {
      "x" : 5.1405764,
      "y" : 0.8454915,
      "z" : -1.059017
    }, {
      "x" : 5.5086102,
      "y" : 0.940983,
      "z" : -1.5225425
    }, {
      "x" : 1.0954915,
      "y" : 0.1545085,
      "z" : 0.059016995
    }, {
      "x" : 4.9495935,
      "y" : 1.1545085,
      "z" : -1.559017
    }, {
      "x" : 0.9045085,
      "y" : 0.4635255,
      "z" : -0.440983
    }, {
      "x" : 4.9495935,
      "y" : 0.5364745,
      "z" : -1.177051
    }, {
      "x" : 0.9045085,
      "y" : -0.1545085,
      "z" : -0.059016995
    }, {
      "x" : 4.7586102,
      "y" : 0.8454915,
      "z" : -1.677051
    }, {
      "x" : 5.854102,
      "y" : 1.0,
      "z" : -1.618034
    }, {
      "x" : 0.3454915,
      "y" : 0.059016995,
      "z" : -0.095491506
    }, {
      "x" : 0.7135255,
      "y" : 0.1545085,
      "z" : -0.559017
    } ],
    "faces" : [ {
      "vertices" : [ 2, 9, 6 ]
    }, {
      "vertices" : [ 0, 1, 3 ]
    }, {
      "vertices" : [ 0, 5, 1 ]
    }, {
      "vertices" : [ 4, 10, 9 ]
    }, {
      "vertices" : [ 3, 7, 10 ]
    }, {
      "vertices" : [ 3, 10, 4 ]
    }, {
      "vertices" : [ 0, 3, 4 ]
    }, {
      "vertices" : [ 0, 4, 2 ]
    }, {
      "vertices" : [ 6, 9, 10 ]
    }, {
      "vertices" : [ 1, 7, 3 ]
    }, {
      "vertices" : [ 5, 6, 10 ]
    }, {
      "vertices" : [ 5, 10, 7 ]
    }, {
      "vertices" : [ 0, 2, 6 ]
    }, {
      "vertices" : [ 0, 6, 5 ]
    }, {
      "vertices" : [ 1, 5, 7 ]
    }, {
      "vertices" : [ 2, 4, 9 ]
    } ]
  }, {
    "id" : "34a92f84-107e-436f-bce5-fa6934a22d91",
    "vertices" : [ {
      "x" : 0.309017,
      "y" : -0.309017,
      "z" : -0.309017
    }, {
      "x" : 0.5,
      "y" : 0.0,
      "z" : -0.19098301
    }, {
      "x" : 0.5,
      "y" : 0.0,
      "z" : 0.19098301
    }, {
      "x" : 0.309017,
      "y" : -0.309017,
      "z" : 0.309017
    }, {
      "x" : 0.19098301,
      "y" : -0.5,
      "z" : 0.0
    }, {
      "x" : 0.0,
      "y" : 0.19098301,
      "z" : 0.5
    }, {
      "x" : 0.0,
      "y" : -0.19098301,
      "z" : 0.5
    }, {
      "x" : 0.309017,
      "y" : 0.309017,
      "z" : 0.309017
    }, {
      "x" : -0.309017,
      "y" : -0.309017,
      "z" : 0.309017
    }, {
      "x" : -0.309017,
      "y" : 0.309017,
      "z" : 0.309017
    }, {
      "x" : -0.5,
      "y" : 0.0,
      "z" : 0.19098301
    }, {
      "x" : 0.0,
      "y" : -0.19098301,
      "z" : -0.5
    }, {
      "x" : 0.0,
      "y" : 0.19098301,
      "z" : -0.5
    }, {
      "x" : 0.309017,
      "y" : 0.309017,
      "z" : -0.309017
    }, {
      "x" : -0.309017,
      "y" : -0.309017,
      "z" : -0.309017
    }, {
      "x" : -0.19098301,
      "y" : -0.5,
      "z" : 0.0
    }, {
      "x" : -0.5,
      "y" : 0.0,
      "z" : -0.19098301
    }, {
      "x" : 0.19098301,
      "y" : 0.5,
      "z" : 0.0
    }, {
      "x" : -0.309017,
      "y" : 0.309017,
      "z" : -0.309017
    }, {
      "x" : 0.0,
      "y" : 0.0,
      "z" : 0.0
    }, {
      "x" : -0.19098301,
      "y" : 0.5,
      "z" : 0.0
    } ],
    "faces" : [ {
      "vertices" : [ 12, 18, 20 ]
    }, {
      "vertices" : [ 12, 20, 17 ]
    }, {
      "vertices" : [ 12, 17, 13 ]
    }, {
      "vertices" : [ 3, 6, 8 ]
    }, {
      "vertices" : [ 3, 8, 15 ]
    }, {
      "vertices" : [ 3, 15, 4 ]
    }, {
      "vertices" : [ 0, 11, 12 ]
    }, {
      "vertices" : [ 0, 12, 13 ]
    }, {
      "vertices" : [ 0, 13, 1 ]
    }, {
      "vertices" : [ 5, 9, 10 ]
    }, {
      "vertices" : [ 5, 10, 8 ]
    }, {
      "vertices" : [ 5, 8, 6 ]
    }, {
      "vertices" : [ 2, 7, 5 ]
    }, {
      "vertices" : [ 2, 5, 6 ]
    }, {
      "vertices" : [ 2, 6, 3 ]
    }, {
      "vertices" : [ 11, 14, 16 ]
    }, {
      "vertices" : [ 11, 16, 18 ]
    }, {
      "vertices" : [ 11, 18, 12 ]
    }, {
      "vertices" : [ 1, 13, 17 ]
    }, {
      "vertices" : [ 1, 17, 7 ]
    }, {
      "vertices" : [ 1, 7, 2 ]
    }, {
      "vertices" : [ 9, 20, 18 ]
    }, {
      "vertices" : [ 9, 18, 16 ]
    }, {
      "vertices" : [ 9, 16, 10 ]
    }, {
      "vertices" : [ 0, 1, 2 ]
    }, {
      "vertices" : [ 0, 2, 3 ]
    }, {
      "vertices" : [ 0, 3, 4 ]
    }, {
      "vertices" : [ 5, 7, 17 ]
    }, {
      "vertices" : [ 5, 17, 20 ]
    }, {
      "vertices" : [ 5, 20, 9 ]
    }, {
      "vertices" : [ 0, 4, 15 ]
    }, {
      "vertices" : [ 0, 15, 14 ]
    }, {
      "vertices" : [ 0, 14, 11 ]
    }, {
      "vertices" : [ 8, 10, 16 ]
    }, {
      "vertices" : [ 8, 16, 14 ]
    }, {
      "vertices" : [ 8, 14, 15 ]
    } ]
  }, {
    "id" : "8ddac860-4edf-45e1-8b44-cd5a74a10c13",
    "vertices" : [ {
      "x" : 2.854102,
      "y" : 2.545085,
      "z" : 5.899187
    }, {
      "x" : 0.38196602,
      "y" : 0.072949015,
      "z" : 0.95491505
    }, {
      "x" : 0.690983,
      "y" : 0.19098301,
      "z" : 0.76393205
    }, {
      "x" : 3.163119,
      "y" : 2.663119,
      "z" : 5.708204
    }, {
      "x" : 2.854102,
      "y" : 3.163119,
      "z" : 5.517221
    }, {
      "x" : 3.236068,
      "y" : 3.236068,
      "z" : 6.472136
    }, {
      "x" : 0.38196602,
      "y" : 0.690983,
      "z" : 0.572949
    }, {
      "x" : 3.09017,
      "y" : 3.09017,
      "z" : 6.18034
    }, {
      "x" : 0.14589803,
      "y" : 0.14589803,
      "z" : 0.29179606
    }, {
      "x" : 0.072949015,
      "y" : 0.572949,
      "z" : 0.76393205
    }, {
      "x" : 2.545085,
      "y" : 3.045085,
      "z" : 5.708204
    } ],
    "faces" : [ {
      "vertices" : [ 2, 8, 6 ]
    }, {
      "vertices" : [ 0, 7, 10 ]
    }, {
      "vertices" : [ 1, 9, 8 ]
    }, {
      "vertices" : [ 0, 10, 9 ]
    }, {
      "vertices" : [ 0, 9, 1 ]
    }, {
      "vertices" : [ 4, 10, 7 ]
    }, {
      "vertices" : [ 0, 1, 2 ]
    }, {
      "vertices" : [ 0, 2, 3 ]
    }, {
      "vertices" : [ 6, 8, 9 ]
    }, {
      "vertices" : [ 0, 3, 7 ]
    }, {
      "vertices" : [ 1, 8, 2 ]
    }, {
      "vertices" : [ 4, 6, 9 ]
    }, {
      "vertices" : [ 4, 9, 10 ]
    }, {
      "vertices" : [ 3, 4, 7 ]
    }, {
      "vertices" : [ 2, 6, 4 ]
    }, {
      "vertices" : [ 2, 4, 3 ]
    } ]
  }, {
    "id" : "75bcfe3e-4af3-4a91-97cf-c91a3b6fe11c",
    "vertices" : [ {
      "x" : 0.9045085,
      "y" : 0.3454915,
      "z" : 0.25
    }, {
      "x" : 4.5225425,
      "y" : 2.5815594,
      "z" : 0.25
    }, {
      "x" : 4.3315597,
      "y" : 2.8905764,
      "z" : 0.25
    }, {
      "x" : 0.7135255,
      "y" : 0.6545085,
      "z" : 0.25
    }, {
      "x" : 0.809017,
      "y" : 0.5,
      "z" : -0.309017
    }, {
      "x" : 0.9635255,
      "y" : 0.25,
      "z" : -0.095491506
    }, {
      "x" : 0.309017,
      "y" : 0.19098301,
      "z" : 0.0
    }, {
      "x" : 4.927051,
      "y" : 3.045085,
      "z" : 0.0
    }, {
      "x" : 4.2725425,
      "y" : 2.986068,
      "z" : -0.095491506
    }, {
      "x" : 4.427051,
      "y" : 2.736068,
      "z" : -0.309017
    }, {
      "x" : 5.236068,
      "y" : 3.236068,
      "z" : 0.0
    }, {
      "x" : 0.6545085,
      "y" : 0.75,
      "z" : -0.095491506
    }, {
      "x" : 4.5815597,
      "y" : 2.486068,
      "z" : -0.095491506
    } ],
    "faces" : [ {
      "vertices" : [ 4, 11, 8 ]
    }, {
      "vertices" : [ 4, 8, 9 ]
    }, {
      "vertices" : [ 0, 1, 2 ]
    }, {
      "vertices" : [ 0, 2, 3 ]
    }, {
      "vertices" : [ 0, 3, 6 ]
    }, {
      "vertices" : [ 1, 7, 2 ]
    }, {
      "vertices" : [ 0, 6, 5 ]
    }, {
      "vertices" : [ 4, 5, 6 ]
    }, {
      "vertices" : [ 2, 7, 8 ]
    }, {
      "vertices" : [ 0, 5, 12 ]
    }, {
      "vertices" : [ 0, 12, 1 ]
    }, {
      "vertices" : [ 1, 12, 7 ]
    }, {
      "vertices" : [ 3, 11, 6 ]
    }, {
      "vertices" : [ 4, 6, 11 ]
    }, {
      "vertices" : [ 7, 9, 8 ]
    }, {
      "vertices" : [ 2, 8, 11 ]
    }, {
      "vertices" : [ 2, 11, 3 ]
    }, {
      "vertices" : [ 7, 12, 9 ]
    }, {
      "vertices" : [ 4, 9, 12 ]
    }, {
      "vertices" : [ 4, 12, 5 ]
    } ]
  }, {
    "id" : "888852d8-6174-497c-b6cf-bc801adda5d7",
    "vertices" : [ {
      "x" : 0.34752417,
      "y" : 2.381966,
      "z" : 3.854102
    }, {
      "x" : 0.29179606,
      "y" : 2.309017,
      "z" : 3.045085
    }, {
      "x" : 0.090169944,
      "y" : 0.309017,
      "z" : 1.190983
    }, {
      "x" : 0.29179606,
      "y" : 1.690983,
      "z" : 3.427051
    }, {
      "x" : -0.017220927,
      "y" : 2.190983,
      "z" : 3.236068
    }, {
      "x" : -0.21884705,
      "y" : 0.809017,
      "z" : 1.0
    }, {
      "x" : 0.39918694,
      "y" : 0.42705098,
      "z" : 1.0
    }, {
      "x" : 0.034441855,
      "y" : 0.23606798,
      "z" : 0.38196602
    }, {
      "x" : 0.090169944,
      "y" : 0.927051,
      "z" : 0.809017
    }, {
      "x" : 0.38196602,
      "y" : 2.618034,
      "z" : 4.236068
    }, {
      "x" : 0.6008131,
      "y" : 1.809017,
      "z" : 3.236068
    } ],
    "faces" : [ {
      "vertices" : [ 1, 8, 5 ]
    }, {
      "vertices" : [ 1, 5, 4 ]
    }, {
      "vertices" : [ 5, 8, 7 ]
    }, {
      "vertices" : [ 6, 7, 8 ]
    }, {
      "vertices" : [ 2, 6, 10 ]
    }, {
      "vertices" : [ 2, 10, 3 ]
    }, {
      "vertices" : [ 0, 1, 4 ]
    }, {
      "vertices" : [ 0, 4, 3 ]
    }, {
      "vertices" : [ 1, 10, 6 ]
    }, {
      "vertices" : [ 1, 6, 8 ]
    }, {
      "vertices" : [ 0, 10, 1 ]
    }, {
      "vertices" : [ 0, 3, 10 ]
    }, {
      "vertices" : [ 2, 3, 4 ]
    }, {
      "vertices" : [ 2, 4, 5 ]
    }, {
      "vertices" : [ 2, 5, 7 ]
    }, {
      "vertices" : [ 2, 7, 6 ]
    } ]
  } ],
  "instances" : [ {
    "shape" : "875239a6-c8fd-41c2-a840-e1dc29f311ae",
    "color" : "#DC4C00",
    "position" : {
      "x" : -4.236068,
      "y" : -7.472136,
      "z" : -1.0
    },
    "orientation" : 23
  }, {
    "shape" : "34a92f84-107e-436f-bce5-fa6934a22d91",
    "color" : "#CCCCCC",
    "position" : {
      "x" : -1.0,
      "y" : 4.236068,
      "z" : 7.472136
    }
  }, {
    "shape" : "34a92f84-107e-436f-bce5-fa6934a22d91",
    "color" : "#CCCCCC",
    "position" : {
      "x" : 1.0,
      "y" : -7.472136,
      "z" : -4.236068
    }
  }, {
    "shape" : "8ddac860-4edf-45e1-8b44-cd5a74a10c13",
    "color" : "#6B351A",
    "position" : {
      "x" : 1.0,
      "y" : 4.236068,
      "z" : -7.472136
    },
    "orientation" : 0
  }, {
    "shape" : "75bcfe3e-4af3-4a91-97cf-c91a3b6fe11c",
    "color" : "#AF0000",
    "position" : {
      "x" : -1.0,
      "y" : 4.236068,
      "z" : 7.472136
    },
    "orientation" : 15
  }, {
    "shape" : "75bcfe3e-4af3-4a91-97cf-c91a3b6fe11c",
    "color" : "#AF0000",
    "position" : {
      "x" : 7.472136,
      "y" : -1.0,
      "z" : 4.236068
    },
    "orientation" : 46
  }, {
    "shape" : "75bcfe3e-4af3-4a91-97cf-c91a3b6fe11c",
    "color" : "#AF0000",
    "position" : {
      "x" : -4.236068,
      "y" : -7.472136,
      "z" : -1.0
    },
    "orientation" : 2
  }, {
    "shape" : "8ddac860-4edf-45e1-8b44-cd5a74a10c13",
    "color" : "#6B351A",
    "position" : {
      "x" : 7.472136,
      "y" : -4.236068,
      "z" : -1.0
    },
    "orientation" : 45
  }, {
    "shape" : "8ddac860-4edf-45e1-8b44-cd5a74a10c13",
    "color" : "#6B351A",
    "position" : {
      "x" : 7.472136,
      "y" : -1.0,
      "z" : 4.236068
    },
    "orientation" : 31
  }, {
    "shape" : "8ddac860-4edf-45e1-8b44-cd5a74a10c13",
    "color" : "#6B351A",
    "position" : {
      "x" : 4.236068,
      "y" : -7.472136,
      "z" : 1.0
    },
    "orientation" : 2
  }, {
    "shape" : "34a92f84-107e-436f-bce5-fa6934a22d91",
    "color" : "#CCCCCC",
    "position" : {
      "x" : 7.472136,
      "y" : 1.0,
      "z" : -4.236068
    }
  }, {
    "shape" : "888852d8-6174-497c-b6cf-bc801adda5d7",
    "color" : "#74C300",
    "position" : {
      "x" : 7.472136,
      "y" : -1.0,
      "z" : 4.236068
    },
    "orientation" : 33
  }, {
    "shape" : "8ddac860-4edf-45e1-8b44-cd5a74a10c13",
    "color" : "#6B351A",
    "position" : {
      "x" : -4.236068,
      "y" : 1.0,
      "z" : -7.472136
    },
    "orientation" : 2
  }, {
    "shape" : "875239a6-c8fd-41c2-a840-e1dc29f311ae",
    "color" : "#DC4C00",
    "position" : {
      "x" : -1.0,
      "y" : 4.236068,
      "z" : 7.472136
    },
    "orientation" : 36
  }, {
    "shape" : "8ddac860-4edf-45e1-8b44-cd5a74a10c13",
    "color" : "#6B351A",
    "position" : {
      "x" : -1.0,
      "y" : -4.236068,
      "z" : -7.472136
    },
    "orientation" : 30
  }, {
    "shape" : "34a92f84-107e-436f-bce5-fa6934a22d91",
    "color" : "#CCCCCC",
    "position" : {
      "x" : 4.236068,
      "y" : 1.0,
      "z" : 7.472136
    }
  }, {
    "shape" : "34a92f84-107e-436f-bce5-fa6934a22d91",
    "color" : "#CCCCCC",
    "position" : {
      "x" : -4.236068,
      "y" : 1.0,
      "z" : -7.472136
    }
  }, {
    "shape" : "34a92f84-107e-436f-bce5-fa6934a22d91",
    "color" : "#CCCCCC",
    "position" : {
      "x" : -4.236068,
      "y" : -1.0,
      "z" : 7.472136
    }
  }, {
    "shape" : "875239a6-c8fd-41c2-a840-e1dc29f311ae",
    "color" : "#DC4C00",
    "position" : {
      "x" : 4.236068,
      "y" : -7.472136,
      "z" : 1.0
    },
    "orientation" : 38
  }, {
    "shape" : "34a92f84-107e-436f-bce5-fa6934a22d91",
    "color" : "#CCCCCC",
    "position" : {
      "x" : -7.472136,
      "y" : 1.0,
      "z" : 4.236068
    }
  }, {
    "shape" : "8ddac860-4edf-45e1-8b44-cd5a74a10c13",
    "color" : "#6B351A",
    "position" : {
      "x" : 4.236068,
      "y" : -1.0,
      "z" : -7.472136
    },
    "orientation" : 32
  }, {
    "shape" : "8ddac860-4edf-45e1-8b44-cd5a74a10c13",
    "color" : "#6B351A",
    "position" : {
      "x" : -7.472136,
      "y" : -1.0,
      "z" : -4.236068
    },
    "orientation" : 16
  }, {
    "shape" : "34a92f84-107e-436f-bce5-fa6934a22d91",
    "color" : "#CCCCCC",
    "position" : {
      "x" : -7.472136,
      "y" : -4.236068,
      "z" : 1.0
    }
  }, {
    "shape" : "875239a6-c8fd-41c2-a840-e1dc29f311ae",
    "color" : "#DC4C00",
    "position" : {
      "x" : -4.236068,
      "y" : 7.472136,
      "z" : 1.0
    },
    "orientation" : 8
  }, {
    "shape" : "8ddac860-4edf-45e1-8b44-cd5a74a10c13",
    "color" : "#6B351A",
    "position" : {
      "x" : 7.472136,
      "y" : 4.236068,
      "z" : 1.0
    },
    "orientation" : 30
  }, {
    "shape" : "8ddac860-4edf-45e1-8b44-cd5a74a10c13",
    "color" : "#6B351A",
    "position" : {
      "x" : -4.236068,
      "y" : -1.0,
      "z" : 7.472136
    },
    "orientation" : 17
  }, {
    "shape" : "875239a6-c8fd-41c2-a840-e1dc29f311ae",
    "color" : "#DC4C00",
    "position" : {
      "x" : -7.472136,
      "y" : -1.0,
      "z" : -4.236068
    },
    "orientation" : 37
  }, {
    "shape" : "875239a6-c8fd-41c2-a840-e1dc29f311ae",
    "color" : "#DC4C00",
    "position" : {
      "x" : 7.472136,
      "y" : -1.0,
      "z" : 4.236068
    },
    "orientation" : 22
  }, {
    "shape" : "8ddac860-4edf-45e1-8b44-cd5a74a10c13",
    "color" : "#6B351A",
    "position" : {
      "x" : 4.236068,
      "y" : 7.472136,
      "z" : -1.0
    },
    "orientation" : 17
  }, {
    "shape" : "888852d8-6174-497c-b6cf-bc801adda5d7",
    "color" : "#74C300",
    "position" : {
      "x" : -4.236068,
      "y" : -7.472136,
      "z" : -1.0
    },
    "orientation" : 49
  }, {
    "shape" : "75bcfe3e-4af3-4a91-97cf-c91a3b6fe11c",
    "color" : "#AF0000",
    "position" : {
      "x" : 4.236068,
      "y" : -7.472136,
      "z" : 1.0
    },
    "orientation" : 47
  }, {
    "shape" : "34a92f84-107e-436f-bce5-fa6934a22d91",
    "color" : "#CCCCCC",
    "position" : {
      "x" : 4.236068,
      "y" : -7.472136,
      "z" : 1.0
    }
  }, {
    "shape" : "8ddac860-4edf-45e1-8b44-cd5a74a10c13",
    "color" : "#6B351A",
    "position" : {
      "x" : 7.472136,
      "y" : 1.0,
      "z" : -4.236068
    },
    "orientation" : 46
  }, {
    "shape" : "888852d8-6174-497c-b6cf-bc801adda5d7",
    "color" : "#74C300",
    "position" : {
      "x" : -1.0,
      "y" : -4.236068,
      "z" : -7.472136
    },
    "orientation" : 35
  }, {
    "shape" : "34a92f84-107e-436f-bce5-fa6934a22d91",
    "color" : "#CCCCCC",
    "position" : {
      "x" : 7.472136,
      "y" : 4.236068,
      "z" : 1.0
    }
  }, {
    "shape" : "8ddac860-4edf-45e1-8b44-cd5a74a10c13",
    "color" : "#6B351A",
    "position" : {
      "x" : 1.0,
      "y" : 7.472136,
      "z" : 4.236068
    },
    "orientation" : 16
  }, {
    "shape" : "34a92f84-107e-436f-bce5-fa6934a22d91",
    "color" : "#CCCCCC",
    "position" : {
      "x" : 7.472136,
      "y" : -1.0,
      "z" : 4.236068
    }
  }, {
    "shape" : "34a92f84-107e-436f-bce5-fa6934a22d91",
    "color" : "#CCCCCC",
    "position" : {
      "x" : 1.0,
      "y" : 4.236068,
      "z" : -7.472136
    }
  }, {
    "shape" : "8ddac860-4edf-45e1-8b44-cd5a74a10c13",
    "color" : "#6B351A",
    "position" : {
      "x" : -4.236068,
      "y" : 7.472136,
      "z" : 1.0
    },
    "orientation" : 32
  }, {
    "shape" : "8ddac860-4edf-45e1-8b44-cd5a74a10c13",
    "color" : "#6B351A",
    "position" : {
      "x" : -7.472136,
      "y" : -4.236068,
      "z" : 1.0
    },
    "orientation" : 0
  }, {
    "shape" : "75bcfe3e-4af3-4a91-97cf-c91a3b6fe11c",
    "color" : "#AF0000",
    "position" : {
      "x" : 7.472136,
      "y" : 1.0,
      "z" : -4.236068
    },
    "orientation" : 31
  }, {
    "shape" : "875239a6-c8fd-41c2-a840-e1dc29f311ae",
    "color" : "#DC4C00",
    "position" : {
      "x" : 4.236068,
      "y" : 7.472136,
      "z" : -1.0
    },
    "orientation" : 53
  }, {
    "shape" : "34a92f84-107e-436f-bce5-fa6934a22d91",
    "color" : "#CCCCCC",
    "position" : {
      "x" : -7.472136,
      "y" : -1.0,
      "z" : -4.236068
    }
  }, {
    "shape" : "888852d8-6174-497c-b6cf-bc801adda5d7",
    "color" : "#74C300",
    "position" : {
      "x" : 7.472136,
      "y" : 1.0,
      "z" : -4.236068
    },
    "orientation" : 48
  }, {
    "shape" : "34a92f84-107e-436f-bce5-fa6934a22d91",
    "color" : "#CCCCCC",
    "position" : {
      "x" : -1.0,
      "y" : -4.236068,
      "z" : -7.472136
    }
  }, {
    "shape" : "888852d8-6174-497c-b6cf-bc801adda5d7",
    "color" : "#74C300",
    "position" : {
      "x" : 1.0,
      "y" : 4.236068,
      "z" : -7.472136
    },
    "orientation" : 5
  }, {
    "shape" : "75bcfe3e-4af3-4a91-97cf-c91a3b6fe11c",
    "color" : "#AF0000",
    "position" : {
      "x" : -1.0,
      "y" : -4.236068,
      "z" : -7.472136
    },
    "orientation" : 0
  }, {
    "shape" : "8ddac860-4edf-45e1-8b44-cd5a74a10c13",
    "color" : "#6B351A",
    "position" : {
      "x" : -7.472136,
      "y" : 4.236068,
      "z" : -1.0
    },
    "orientation" : 15
  }, {
    "shape" : "8ddac860-4edf-45e1-8b44-cd5a74a10c13",
    "color" : "#6B351A",
    "position" : {
      "x" : 4.236068,
      "y" : 1.0,
      "z" : 7.472136
    },
    "orientation" : 47
  }, {
    "shape" : "8ddac860-4edf-45e1-8b44-cd5a74a10c13",
    "color" : "#6B351A",
    "position" : {
      "x" : -4.236068,
      "y" : -7.472136,
      "z" : -1.0
    },
    "orientation" : 47
  }, {
    "shape" : "888852d8-6174-497c-b6cf-bc801adda5d7",
    "color" : "#74C300",
    "position" : {
      "x" : -1.0,
      "y" : 4.236068,
      "z" : 7.472136
    },
    "orientation" : 50
  }, {
    "shape" : "34a92f84-107e-436f-bce5-fa6934a22d91",
    "color" : "#CCCCCC",
    "position" : {
      "x" : 4.236068,
      "y" : -1.0,
      "z" : -7.472136
    }
  }, {
    "shape" : "888852d8-6174-497c-b6cf-bc801adda5d7",
    "color" : "#74C300",
    "position" : {
      "x" : -7.472136,
      "y" : 1.0,
      "z" : 4.236068
    },
    "orientation" : 3
  }, {
    "shape" : "75bcfe3e-4af3-4a91-97cf-c91a3b6fe11c",
    "color" : "#AF0000",
    "position" : {
      "x" : -7.472136,
      "y" : 1.0,
      "z" : 4.236068
    },
    "orientation" : 16
  }, {
    "shape" : "34a92f84-107e-436f-bce5-fa6934a22d91",
    "color" : "#CCCCCC",
    "position" : {
      "x" : 7.472136,
      "y" : -4.236068,
      "z" : -1.0
    }
  }, {
    "shape" : "875239a6-c8fd-41c2-a840-e1dc29f311ae",
    "color" : "#DC4C00",
    "position" : {
      "x" : 1.0,
      "y" : 4.236068,
      "z" : -7.472136
    },
    "orientation" : 21
  }, {
    "shape" : "875239a6-c8fd-41c2-a840-e1dc29f311ae",
    "color" : "#DC4C00",
    "position" : {
      "x" : -1.0,
      "y" : -4.236068,
      "z" : -7.472136
    },
    "orientation" : 51
  }, {
    "shape" : "34a92f84-107e-436f-bce5-fa6934a22d91",
    "color" : "#CCCCCC",
    "position" : {
      "x" : -4.236068,
      "y" : 7.472136,
      "z" : 1.0
    }
  }, {
    "shape" : "75bcfe3e-4af3-4a91-97cf-c91a3b6fe11c",
    "color" : "#AF0000",
    "position" : {
      "x" : -7.472136,
      "y" : -1.0,
      "z" : -4.236068
    },
    "orientation" : 1
  }, {
    "shape" : "75bcfe3e-4af3-4a91-97cf-c91a3b6fe11c",
    "color" : "#AF0000",
    "position" : {
      "x" : 1.0,
      "y" : -4.236068,
      "z" : 7.472136
    },
    "orientation" : 45
  }, {
    "shape" : "34a92f84-107e-436f-bce5-fa6934a22d91",
    "color" : "#CCCCCC",
    "position" : {
      "x" : -1.0,
      "y" : 7.472136,
      "z" : -4.236068
    }
  }, {
    "shape" : "875239a6-c8fd-41c2-a840-e1dc29f311ae",
    "color" : "#DC4C00",
    "position" : {
      "x" : -7.472136,
      "y" : 1.0,
      "z" : 4.236068
    },
    "orientation" : 52
  }, {
    "shape" : "888852d8-6174-497c-b6cf-bc801adda5d7",
    "color" : "#74C300",
    "position" : {
      "x" : 4.236068,
      "y" : 7.472136,
      "z" : -1.0
    },
    "orientation" : 19
  }, {
    "shape" : "8ddac860-4edf-45e1-8b44-cd5a74a10c13",
    "color" : "#6B351A",
    "position" : {
      "x" : 1.0,
      "y" : -4.236068,
      "z" : 7.472136
    },
    "orientation" : 15
  }, {
    "shape" : "8ddac860-4edf-45e1-8b44-cd5a74a10c13",
    "color" : "#6B351A",
    "position" : {
      "x" : -1.0,
      "y" : -7.472136,
      "z" : 4.236068
    },
    "orientation" : 46
  }, {
    "shape" : "888852d8-6174-497c-b6cf-bc801adda5d7",
    "color" : "#74C300",
    "position" : {
      "x" : -7.472136,
      "y" : -1.0,
      "z" : -4.236068
    },
    "orientation" : 18
  }, {
    "shape" : "34a92f84-107e-436f-bce5-fa6934a22d91",
    "color" : "#CCCCCC",
    "position" : {
      "x" : -4.236068,
      "y" : -7.472136,
      "z" : -1.0
    }
  }, {
    "shape" : "888852d8-6174-497c-b6cf-bc801adda5d7",
    "color" : "#74C300",
    "position" : {
      "x" : 4.236068,
      "y" : -7.472136,
      "z" : 1.0
    },
    "orientation" : 4
  }, {
    "shape" : "34a92f84-107e-436f-bce5-fa6934a22d91",
    "color" : "#CCCCCC",
    "position" : {
      "x" : 4.236068,
      "y" : 7.472136,
      "z" : -1.0
    }
  }, {
    "shape" : "888852d8-6174-497c-b6cf-bc801adda5d7",
    "color" : "#74C300",
    "position" : {
      "x" : -4.236068,
      "y" : 7.472136,
      "z" : 1.0
    },
    "orientation" : 34
  }, {
    "shape" : "34a92f84-107e-436f-bce5-fa6934a22d91",
    "color" : "#CCCCCC",
    "position" : {
      "x" : -7.472136,
      "y" : 4.236068,
      "z" : -1.0
    }
  }, {
    "shape" : "75bcfe3e-4af3-4a91-97cf-c91a3b6fe11c",
    "color" : "#AF0000",
    "position" : {
      "x" : 1.0,
      "y" : 4.236068,
      "z" : -7.472136
    },
    "orientation" : 30
  }, {
    "shape" : "34a92f84-107e-436f-bce5-fa6934a22d91",
    "color" : "#CCCCCC",
    "position" : {
      "x" : 1.0,
      "y" : -4.236068,
      "z" : 7.472136
    }
  }, {
    "shape" : "8ddac860-4edf-45e1-8b44-cd5a74a10c13",
    "color" : "#6B351A",
    "position" : {
      "x" : -1.0,
      "y" : 7.472136,
      "z" : -4.236068
    },
    "orientation" : 31
  }, {
    "shape" : "875239a6-c8fd-41c2-a840-e1dc29f311ae",
    "color" : "#DC4C00",
    "position" : {
      "x" : 1.0,
      "y" : -4.236068,
      "z" : 7.472136
    },
    "orientation" : 6
  }, {
    "shape" : "34a92f84-107e-436f-bce5-fa6934a22d91",
    "color" : "#CCCCCC",
    "position" : {
      "x" : 1.0,
      "y" : 7.472136,
      "z" : 4.236068
    }
  }, {
    "shape" : "75bcfe3e-4af3-4a91-97cf-c91a3b6fe11c",
    "color" : "#AF0000",
    "position" : {
      "x" : -4.236068,
      "y" : 7.472136,
      "z" : 1.0
    },
    "orientation" : 17
  }, {
    "shape" : "8ddac860-4edf-45e1-8b44-cd5a74a10c13",
    "color" : "#6B351A",
    "position" : {
      "x" : -7.472136,
      "y" : 1.0,
      "z" : 4.236068
    },
    "orientation" : 1
  }, {
    "shape" : "8ddac860-4edf-45e1-8b44-cd5a74a10c13",
    "color" : "#6B351A",
    "position" : {
      "x" : 1.0,
      "y" : -7.472136,
      "z" : -4.236068
    },
    "orientation" : 1
  }, {
    "shape" : "888852d8-6174-497c-b6cf-bc801adda5d7",
    "color" : "#74C300",
    "position" : {
      "x" : 1.0,
      "y" : -4.236068,
      "z" : 7.472136
    },
    "orientation" : 20
  }, {
    "shape" : "8ddac860-4edf-45e1-8b44-cd5a74a10c13",
    "color" : "#6B351A",
    "position" : {
      "x" : -1.0,
      "y" : 4.236068,
      "z" : 7.472136
    },
    "orientation" : 45
  }, {
    "shape" : "34a92f84-107e-436f-bce5-fa6934a22d91",
    "color" : "#CCCCCC",
    "position" : {
      "x" : -1.0,
      "y" : -7.472136,
      "z" : 4.236068
    }
  }, {
    "shape" : "875239a6-c8fd-41c2-a840-e1dc29f311ae",
    "color" : "#DC4C00",
    "position" : {
      "x" : 7.472136,
      "y" : 1.0,
      "z" : -4.236068
    },
    "orientation" : 7
  }, {
    "shape" : "75bcfe3e-4af3-4a91-97cf-c91a3b6fe11c",
    "color" : "#AF0000",
    "position" : {
      "x" : 4.236068,
      "y" : 7.472136,
      "z" : -1.0
    },
    "orientation" : 32
  } ]
}