{
  "field" : "golden",
  "symmetry" : "icosahedral",
  "orientations" : [ [ 1.0, 0.0, 0.0, 0.0, 0.0, 1.0, 0.0, 0.0, 0.0, 0.0, 1.0, 0.0, 0.0, 0.0, 0.0, 1.0 ], [ 0.0, 0.0, 1.0, 0.0, 1.0, 0.0, 0.0, 0.0, 0.0, 1.0, 0.0, 0.0, 0.0, 0.0, 0.0, 1.0 ], [ 0.0, 1.0, 0.0, 0.0, 0.0, 0.0, 1.0, 0.0, 1.0, 0.0, 0.0, 0.0, 0.0, 0.0, 0.0, 1.0 ], [ 0.809017, 0.309017, 0.5, 0.0, 0.309017, 0.5, -0.809017, 0.0, -0.5, 0.809017, 0.309017, 0.0, 0.0, 0.0, 0.0, 1.0 ], [ -0.5, 0.809017, 0.309017, 0.0, 0.809017, 0.309017, 0.5, 0.0, 0.309017, 0.5, -0.809017, 0.0, 0.0, 0.0, 0.0, 1.0 ], [ 0.309017, 0.5, -0.809017, 0.0, -0.5, 0.809017, 0.309017, 0.0, 0.809017, 0.309017, 0.5, 0.0, 0.0, 0.0, 0.0, 1.0 ], [ 0.5, 0.809017, 0.309017, 0.0, 0.809017, -0.309017, -0.5, 0.0, -0.309017, 0.5, -0.809017, 0.0, 0.0, 0.0, 0.0, 1.0 ], [ -0.309017, 0.5, -0.809017, 0.0, 0.5, 0.809017, 0.309017, 0.0, 0.809017, -0.309017, -0.5, 0.0, 0.0, 0.0, 0.0, 1.0 ], [ 0.809017, -0.309017, -0.5, 0.0, -0.309017, 0.5, -0.809017, 0.0, 0.5, 0.809017, 0.309017, 0.0, 0.0, 0.0, 0.0, 1.0 ], [ 0.5, 0.809017, -0.309017, 0.0, 0.809017, -0.309017, 0.5, 0.0, 0.309017, -0.5, -0.809017, 0.0, 0.0, 0.0, 0.0, 1.0 ], [ 0.309017, -0.5, -0.809017, 0.0, 0.5, 0.809017, -0.309017, 0.0, 0.809017, -0.309017, 0.5, 0.0, 0.0, 0.0, 0.0, 1.0 ], [ 0.809017, -0.309017, 0.5, 0.0, 0.309017, -0.5, -0.809017, 0.0, 0.5, 0.809017, -0.309017, 0.0, 0.0, 0.0, 0.0, 1.0 ], [ 0.809017, 0.309017, -0.5, 0.0, 0.309017, 0.5, 0.809017, 0.0, 0.5, -0.809017, 0.309017, 0.0, 0.0, 0.0, 0.0, 1.0 ], [ 0.5, -0.809017, 0.309017, 0.0, 0.809017, 0.309017, -0.5, 0.0, 0.309017, 0.5, 0.809017, 0.0, 0.0, 0.0, 0.0, 1.0 ], [ 0.309017, 0.5, 0.809017, 0.0, 0.5, -0.809017, 0.309017, 0.0, 0.809017, 0.309017, -0.5, 0.0, 0.0, 0.0, 0.0, 1.0 ], [ 1.0, 0.0, 0.0, 0.0, 0.0, -1.0, 0.0, 0.0, 0.0, 0.0, -1.0, 0.0, 0.0, 0.0, 0.0, 1.0 ], [ 0.0, 0.0, 1.0, 0.0, -1.0, 0.0, 0.0, 0.0, 0.0, -1.0, 0.0, 0.0, 0.0, 0.0, 0.0, 1.0 ], [ 0.0, 1.0, 0.0, 0.0, 0.0, 0.0, -1.0, 0.0, -1.0, 0.0, 0.0, 0.0, 0.0, 0.0, 0.0, 1.0 ], [ 0.809017, 0.309017, 0.5, 0.0, -0.309017, -0.5, 0.809017, 0.0, 0.5, -0.809017, -0.309017, 0.0, 0.0, 0.0, 0.0, 1.0 ], [ -0.5, 0.809017, 0.309017, 0.0, -0.809017, -0.309017, -0.5, 0.0, -0.309017, -0.5, 0.809017, 0.0, 0.0, 0.0, 0.0, 1.0 ], [ 0.309017, 0.5, -0.809017, 0.0, 0.5, -0.809017, -0.309017, 0.0, -0.809017, -0.309017, -0.5, 0.0, 0.0, 0.0, 0.0, 1.0 ], [ 0.5, 0.809017, 0.309017, 0.0, -0.809017, 0.309017, 0.5, 0.0, 0.309017, -0.5, 0.809017, 0.0, 0.0, 0.0, 0.0, 1.0 ], [ -0.309017, 0.5, -0.809017, 0.0, -0.5, -0.809017, -0.309017, 0.0, -0.809017, 0.309017, 0.5, 0.0, 0.0, 0.0, 0.0, 1.0 ], [ 0.809017, -0.309017, -0.5, 0.0, 0.309017, -0.5, 0.809017, 0.0, -0.5, -0.809017, -0.309017, 0.0, 0.0, 0.0, 0.0, 1.0 ], [ 0.5, 0.809017, -0.309017, 0.0, -0.809017, 0.309017, -0.5, 0.0, -0.309017, 0.5, 0.809017, 0.0, 0.0, 0.0, 0.0, 1.0 ], [ 0.309017, -0.5, -0.809017, 0.0, -0.5, -0.809017, 0.309017, 0.0, -0.809017, 0.309017, -0.5, 0.0, 0.0, 0.0, 0.0, 1.0 ], [ 0.809017, -0.309017, 0.5, 0.0, -0.309017, 0.5, 0.809017, 0.0, -0.5, -0.809017, 0.309017, 0.0, 0.0, 0.0, 0.0, 1.0 ], [ 0.809017, 0.309017, -0.5, 0.0, -0.309017, -0.5, -0.809017, 0.0, -0.5, 0.809017, -0.309017, 0.0, 0.0, 0.0, 0.0, 1.0 ], [ 0.5, -0.809017, 0.309017, 0.0, -0.809017, -0.309017, 0.5, 0.0, -0.309017, -0.5, -0.809017, 0.0, 0.0, 0.0, 0.0, 1.0 ], [ 0.309017, 0.5, 0.809017, 0.0, -0.5, 0.809017, -0.309017, 0.0, -0.809017, -0.309017, 0.5, 0.0, 0.0, 0.0, 0.0, 1.0 ], [ -1.0, 0.0, 0.0, 0.0, 0.0, -1.0, 0.0, 0.0, 0.0, 0.0, 1.0, 0.0, 0.0, 0.0, 0.0, 1.0 ], [ 0.0, 0.0, -1.0, 0.0, -1.0, 0.0, 0.0, 0.0, 0.0, 1.0, 0.0, 0.0, 0.0, 0.0, 0.0, 1.0 ], [ 0.0, -1.0, 0.0, 0.0, 0.0, 0.0, -1.0, 0.0, 1.0, 0.0, 0.0, 0.0, 0.0, 0.0, 0.0, 1.0 ], [ -0.809017, -0.309017, -0.5, 0.0, -0.309017, -0.5, 0.809017, 0.0, -0.5, 0.809017, 0.309017, 0.0, 0.0, 0.0, 0.0, 1.0 ], [ 0.5, -0.809017, -0.309017, 0.0, -0.809017, -0.309017, -0.5, 0.0, 0.309017, 0.5, -0.809017, 0.0, 0.0, 0.0, 0.0, 1.0 ], [ -0.309017, -0.5, 0.809017, 0.0, 0.5, -0.809017, -0.309017, 0.0, 0.809017, 0.309017, 0.5, 0.0, 0.0, 0.0, 0.0, 1.0 ], [ -0.5, -0.809017, -0.309017, 0.0, -0.809017, 0.309017, 0.5, 0.0, -0.309017, 0.5, -0.809017, 0.0, 0.0, 0.0, 0.0, 1.0 ], [ 0.309017, -0.5, 0.809017, 0.0, -0.5, -0.809017, -0.309017, 0.0, 0.809017, -0.309017, -0.5, 0.0, 0.0, 0.0, 0.0, 1.0 ], [ -0.809017, 0.309017, 0.5, 0.0, 0.309017, -0.5, 0.809017, 0.0, 0.5, 0.809017, 0.309017, 0.0, 0.0, 0.0, 0.0, 1.0 ], [ -0.5, -0.809017, 0.309017, 0.0, -0.809017, 0.309017, -0.5, 0.0, 0.309017, -0.5, -0.809017, 0.0, 0.0, 0.0, 0.0, 1.0 ], [ -0.309017, 0.5, 0.809017, 0.0, -0.5, -0.809017, 0.309017, 0.0, 0.809017, -0.309017, 0.5, 0.0, 0.0, 0.0, 0.0, 1.0 ], [ -0.809017, 0.309017, -0.5, 0.0, -0.309017, 0.5, 0.809017, 0.0, 0.5, 0.809017, -0.309017, 0.0, 0.0, 0.0, 0.0, 1.0 ], [ -0.809017, -0.309017, 0.5, 0.0, -0.309017, -0.5, -0.809017, 0.0, 0.5, -0.809017, 0.309017, 0.0, 0.0, 0.0, 0.0, 1.0 ], [ -0.5, 0.809017, -0.309017, 0.0, -0.809017, -0.309017, 0.5, 0.0, 0.309017, 0.5, 0.809017, 0.0, 0.0, 0.0, 0.0, 1.0 ], [ -0.309017, -0.5, -0.809017, 0.0, -0.5, 0.809017, -0.309017, 0.0, 0.809017, 0.309017, -0.5, 0.0, 0.0, 0.0, 0.0, 1.0 ], [ -1.0, 0.0, 0.0, 0.0, 0.0, 1.0, 0.0, 0.0, 0.0, 0.0, -1.0, 0.0, 0.0, 0.0, 0.0, 1.0 ], [ 0.0, 0.0, -1.0, 0.0, 1.0, 0.0, 0.0, 0.0, 0.0, -1.0, 0.0, 0.0, 0.0, 0.0, 0.0, 1.0 ], [ 0.0, -1.0, 0.0, 0.0, 0.0, 0.0, 1.0, 0.0, -1.0, 0.0, 0.0, 0.0, 0.0, 0.0, 0.0, 1.0 ], [ -0.809017, -0.309017, -0.5, 0.0, 0.309017, 0.5, -0.809017, 0.0, 0.5, -0.809017, -0.309017, 0.0, 0.0, 0.0, 0.0, 1.0 ], [ 0.5, -0.809017, -0.309017, 0.0, 0.809017, 0.309017, 0.5, 0.0, -0.309017, -0.5, 0.809017, 0.0, 0.0, 0.0, 0.0, 1.0 ], [ -0.309017, -0.5, 0.809017, 0.0, -0.5, 0.809017, 0.309017, 0.0, -0.809017, -0.309017, -0.5, 0.0, 0.0, 0.0, 0.0, 1.0 ], [ -0.5, -0.809017, -0.309017, 0.0, 0.809017, -0.309017, -0.5, 0.0, 0.309017, -0.5, 0.809017, 0.0, 0.0, 0.0, 0.0, 1.0 ], [ 0.309017, -0.5, 0.809017, 0.0, 0.5, 0.809017, 0.309017, 0.0, -0.809017, 0.309017, 0.5, 0.0, 0.0, 0.0, 0.0, 1.0 ], [ -0.809017, 0.309017, 0.5, 0.0, -0.309017, 0.5, -0.809017, 0.0, -0.5, -0.809017, -0.309017, 0.0, 0.0, 0.0, 0.0, 1.0 ], [ -0.5, -0.809017, 0.309017, 0.0, 0.809017, -0.309017, 0.5, 0.0, -0.309017, 0.5, 0.809017, 0.0, 0.0, 0.0, 0.0, 1.0 ], [ -0.309017, 0.5, 0.809017, 0.0, 0.5, 0.809017, -0.309017, 0.0, -0.809017, 0.309017, -0.5, 0.0, 0.0, 0.0, 0.0, 1.0 ], [ -0.809017, 0.309017, -0.5, 0.0, 0.309017, -0.5, -0.809017, 0.0, -0.5, -0.809017, 0.309017, 0.0, 0.0, 0.0, 0.0, 1.0 ], [ -0.809017, -0.309017, 0.5, 0.0, 0.309017, 0.5, 0.809017, 0.0, -0.5, 0.809017, -0.309017, 0.0, 0.0, 0.0, 0.0, 1.0 ], [ -0.5, 0.809017, -0.309017, 0.0, 0.809017, 0.309017, -0.5, 0.0, -0.309017, -0.5, -0.809017, 0.0, 0.0, 0.0, 0.0, 1.0 ], [ -0.309017, -0.5, -0.809017, 0.0, 0.5, -0.809017, 0.309017, 0.0, -0.809017, -0.309017, 0.5, 0.0, 0.0, 0.0, 0.0, 1.0 ] ],
  "lights" : {
    "ambientColor" : "#292929",
    "backgroundColor" : "#EFEFFF",
    "directionalLights" : [ {
      "direction" : {
        "x" : 1.0,
        "y" : -1.0,
        "z" : -1.0
      },
      "color" : "#EBEBE4"
    }, {
      "direction" : {
        "x" : -1.0,
        "y" : 0.0,
        "z" : 0.0
      },
      "color" : "#E4E4EB"
    }, {
      "direction" : {
        "x" : 0.0,
        "y" : 0.0,
        "z" : -1.0
      },
      "color" : "#1E1E1E"
    } ]
  },
  "camera" : {
    "viewDistance" : 517.4327,
    "nearClipDistance" : 1.2935815,
    "farClipDistance" : 1034.8668,
    "lookAtPoint" : {
      "x" : 0.0,
      "y" : 0.0,
      "z" : 0.0
    },
    "fieldOfView" : 0.4426291,
    "perspective" : false,
    "lookDirection" : {
      "x" : 0.0,
      "y" : 0.0,
      "z" : -1.0
    },
    "upDirection" : {
      "x" : 0.0,
      "y" : 1.0,
      "z" : 0.0
    },
    "width" : 232.84482,
    "stereo" : false,
    "position" : {
      "x" : 0.0,
      "y" : 0.0,
      "z" : 517.4327
    }
  },
  "embedding" : [ 1.0, 0.0, 0.0, 0.0, 0.0, 1.0, 0.0, 0.0, 0.0, 0.0, 1.0, 0.0, 0.0, 0.0, 0.0, 1.0 ],
  "shapes" : [ {
    "id" : "9801d3bb-a7b7-4813-bb3f-26e57b7905f9",
    "vertices" : [ {
      "x" : -51.214783,
      "y" : 2.618034,
      "z" : -4.236068
    }, {
      "x" : -46.978714,
      "y" : 6.854102,
      "z" : 0.0
    }, {
      "x" : -46.978714,
      "y" : 2.618034,
      "z" : 11.09017
    }, {
      "x" : -51.214783,
      "y" : -1.618034,
      "z" : 6.854102
    } ],
    "faces" : [ {
      "vertices" : [ 0, 1, 2 ]
    }, {
      "vertices" : [ 0, 2, 3 ]
    }, {
      "vertices" : [ 0, 3, 2 ]
    }, {
      "vertices" : [ 0, 2, 1 ]
    } ]
  }, {
    "id" : "c4f84f16-fb0a-4a72-b47b-17fa2ac13e13",
    "vertices" : [ {
      "x" : -29.034441,
      "y" : -20.562305,
      "z" : -29.034441
    }, {
      "x" : -24.798374,
      "y" : -24.798374,
      "z" : -33.27051
    }, {
      "x" : -29.034441,
      "y" : -29.034441,
      "z" : -29.034441
    }, {
      "x" : -33.27051,
      "y" : -24.798374,
      "z" : -24.798374
    } ],
    "faces" : [ {
      "vertices" : [ 0, 1, 2 ]
    }, {
      "vertices" : [ 0, 2, 3 ]
    }, {
      "vertices" : [ 0, 3, 2 ]
    }, {
      "vertices" : [ 0, 2, 1 ]
    } ]
  }, {
    "id" : "1ac4ad10-bffe-4264-ae0a-320ee359887f",
    "vertices" : [ {
      "x" : -46.978714,
      "y" : 2.618034,
      "z" : -24.798374
    }, {
      "x" : -46.978714,
      "y" : 0.0,
      "z" : -26.416409
    }, {
      "x" : -42.742645,
      "y" : 11.09017,
      "z" : -26.416409
    }, {
      "x" : -44.36068,
      "y" : 9.472136,
      "z" : -24.798374
    } ],
    "faces" : [ {
      "vertices" : [ 0, 1, 2 ]
    }, {
      "vertices" : [ 0, 2, 3 ]
    }, {
      "vertices" : [ 0, 3, 2 ]
    }, {
      "vertices" : [ 0, 2, 1 ]
    } ]
  }, {
    "id" : "f58669c5-c608-449f-9738-714615ab852a",
    "vertices" : [ {
      "x" : 40.12461,
      "y" : 27.416409,
      "z" : -29.034441
    }, {
      "x" : 37.506577,
      "y" : 29.034441,
      "z" : -29.034441
    }, {
      "x" : 44.36068,
      "y" : 22.18034,
      "z" : -35.888542
    }, {
      "x" : 46.978714,
      "y" : 20.562305,
      "z" : -35.888542
    } ],
    "faces" : [ {
      "vertices" : [ 0, 1, 2 ]
    }, {
      "vertices" : [ 0, 2, 3 ]
    }, {
      "vertices" : [ 0, 3, 2 ]
    }, {
      "vertices" : [ 0, 2, 1 ]
    } ]
  }, {
    "id" : "76137ef5-2fa1-45d1-82bd-83284ac9d58e",
    "vertices" : [ {
      "x" : 24.798374,
      "y" : 46.978714,
      "z" : 2.618034
    }, {
      "x" : 26.416409,
      "y" : 46.978714,
      "z" : 0.0
    }, {
      "x" : 26.416409,
      "y" : 42.742645,
      "z" : 11.09017
    }, {
      "x" : 24.798374,
      "y" : 44.36068,
      "z" : 9.472136
    } ],
    "faces" : [ {
      "vertices" : [ 0, 1, 2 ]
    }, {
      "vertices" : [ 0, 2, 3 ]
    }, {
      "vertices" : [ 0, 3, 2 ]
    }, {
      "vertices" : [ 0, 2, 1 ]
    } ]
  }, {
    "id" : "8f95f80e-a809-4025-a1e2-aa9f3cbaba62",
    "vertices" : [ {
      "x" : 1.0,
      "y" : -0.309017,
      "z" : -0.19098301
    }, {
      "x" : 0.809017,
      "y" : 0.0,
      "z" : -0.690983
    }, {
      "x" : 1.0,
      "y" : 0.309017,
      "z" : -0.19098301
    }, {
      "x" : 1.809017,
      "y" : 0.0,
      "z" : -0.309017
    }, {
      "x" : 1.618034,
      "y" : 0.309017,
      "z" : -0.809017
    }, {
      "x" : 2.0,
      "y" : 0.309017,
      "z" : -0.19098301
    }, {
      "x" : 1.809017,
      "y" : 0.618034,
      "z" : -0.690983
    }, {
      "x" : 22.989357,
      "y" : 3.618034,
      "z" : -6.163119
    }, {
      "x" : 22.798374,
      "y" : 3.927051,
      "z" : -6.663119
    }, {
      "x" : 23.18034,
      "y" : 3.927051,
      "z" : -6.045085
    }, {
      "x" : 22.989357,
      "y" : 4.236068,
      "z" : -6.545085
    }, {
      "x" : 23.798374,
      "y" : 3.927051,
      "z" : -6.663119
    }, {
      "x" : 23.989357,
      "y" : 4.236068,
      "z" : -6.163119
    }, {
      "x" : 23.798374,
      "y" : 4.545085,
      "z" : -6.663119
    }, {
      "x" : 24.798374,
      "y" : 4.236068,
      "z" : -6.854102
    } ],
    "faces" : [ {
      "vertices" : [ 8, 13, 11 ]
    }, {
      "vertices" : [ 2, 5, 9 ]
    }, {
      "vertices" : [ 2, 9, 10 ]
    }, {
      "vertices" : [ 2, 10, 6 ]
    }, {
      "vertices" : [ 3, 4, 8 ]
    }, {
      "vertices" : [ 3, 8, 11 ]
    }, {
      "vertices" : [ 3, 11, 7 ]
    }, {
      "vertices" : [ 0, 2, 1 ]
    }, {
      "vertices" : [ 11, 13, 12 ]
    }, {
      "vertices" : [ 0, 5, 2 ]
    }, {
      "vertices" : [ 0, 3, 5 ]
    }, {
      "vertices" : [ 0, 1, 4 ]
    }, {
      "vertices" : [ 0, 4, 3 ]
    }, {
      "vertices" : [ 1, 2, 6 ]
    }, {
      "vertices" : [ 1, 6, 4 ]
    }, {
      "vertices" : [ 9, 12, 13 ]
    }, {
      "vertices" : [ 9, 13, 10 ]
    }, {
      "vertices" : [ 3, 7, 9 ]
    }, {
      "vertices" : [ 3, 9, 5 ]
    }, {
      "vertices" : [ 7, 12, 9 ]
    }, {
      "vertices" : [ 4, 6, 10 ]
    }, {
      "vertices" : [ 4, 10, 8 ]
    }, {
      "vertices" : [ 7, 11, 12 ]
    }, {
      "vertices" : [ 8, 10, 13 ]
    } ]
  }, {
    "id" : "3fbe13ba-f95d-4fbb-8a65-236ae8cdc601",
    "vertices" : [ {
      "x" : 22.18034,
      "y" : -26.416409,
      "z" : -38.506577
    }, {
      "x" : 22.18034,
      "y" : -29.034441,
      "z" : -31.652475
    }, {
      "x" : 29.034441,
      "y" : -29.034441,
      "z" : -29.034441
    }, {
      "x" : 29.034441,
      "y" : -26.416409,
      "z" : -35.888542
    } ],
    "faces" : [ {
      "vertices" : [ 0, 1, 2 ]
    }, {
      "vertices" : [ 0, 2, 3 ]
    }, {
      "vertices" : [ 0, 3, 2 ]
    }, {
      "vertices" : [ 0, 2, 1 ]
    } ]
  }, {
    "id" : "d326adbb-06da-4110-ac39-3ff56d7d8a25",
    "vertices" : [ {
      "x" : -13.708204,
      "y" : 51.214783,
      "z" : -4.236068
    }, {
      "x" : -6.854102,
      "y" : 51.214783,
      "z" : -1.618034
    }, {
      "x" : -11.09017,
      "y" : 55.45085,
      "z" : 2.618034
    } ],
    "faces" : [ {
      "vertices" : [ 0, 1, 2 ]
    }, {
      "vertices" : [ 0, 2, 1 ]
    } ]
  }, {
    "id" : "e522c0f4-d0bf-4b3e-b66c-042ef0d12c1e",
    "vertices" : [ {
      "x" : -29.034441,
      "y" : -40.12461,
      "z" : -27.416409
    }, {
      "x" : -29.034441,
      "y" : -37.506577,
      "z" : -29.034441
    }, {
      "x" : -24.798374,
      "y" : -33.27051,
      "z" : -33.27051
    }, {
      "x" : -24.798374,
      "y" : -35.888542,
      "z" : -31.652475
    } ],
    "faces" : [ {
      "vertices" : [ 0, 1, 2 ]
    }, {
      "vertices" : [ 0, 2, 3 ]
    }, {
      "vertices" : [ 0, 3, 2 ]
    }, {
      "vertices" : [ 0, 2, 1 ]
    } ]
  }, {
    "id" : "6f7de166-71d8-4f31-9a56-e47c9b2da123",
    "vertices" : [ {
      "x" : -11.09017,
      "y" : -44.36068,
      "z" : 4.236068
    }, {
      "x" : -17.944271,
      "y" : -44.36068,
      "z" : 6.854102
    }, {
      "x" : -17.944271,
      "y" : -46.978714,
      "z" : 0.0
    }, {
      "x" : -11.09017,
      "y" : -46.978714,
      "z" : -2.618034
    } ],
    "faces" : [ {
      "vertices" : [ 0, 1, 2 ]
    }, {
      "vertices" : [ 0, 2, 3 ]
    }, {
      "vertices" : [ 0, 3, 2 ]
    }, {
      "vertices" : [ 0, 2, 1 ]
    } ]
  }, {
    "id" : "bebc52e3-cbab-442f-a172-f501a9f3f57a",
    "vertices" : [ {
      "x" : 35.888542,
      "y" : 13.708204,
      "z" : 22.18034
    }, {
      "x" : 31.652475,
      "y" : 24.798374,
      "z" : 22.18034
    }, {
      "x" : 31.652475,
      "y" : 22.18034,
      "z" : 29.034441
    }, {
      "x" : 35.888542,
      "y" : 11.09017,
      "z" : 29.034441
    } ],
    "faces" : [ {
      "vertices" : [ 0, 1, 2 ]
    }, {
      "vertices" : [ 0, 2, 3 ]
    }, {
      "vertices" : [ 0, 3, 2 ]
    }, {
      "vertices" : [ 0, 2, 1 ]
    } ]
  }, {
    "id" : "2e5330c5-6328-4a4d-a127-2c21fb64a2c0",
    "vertices" : [ {
      "x" : -29.034441,
      "y" : -46.978714,
      "z" : -17.944271
    }, {
      "x" : -35.888542,
      "y" : -46.978714,
      "z" : -20.562305
    }, {
      "x" : -35.888542,
      "y" : -44.36068,
      "z" : -13.708204
    } ],
    "faces" : [ {
      "vertices" : [ 0, 1, 2 ]
    }, {
      "vertices" : [ 0, 2, 1 ]
    } ]
  }, {
    "id" : "407c3cf7-e7a8-459a-9fc7-94742ba75a74",
    "vertices" : [ {
      "x" : -17.944271,
      "y" : -49.59675,
      "z" : -6.854102
    }, {
      "x" : -22.18034,
      "y" : -45.36068,
      "z" : -11.09017
    }, {
      "x" : -26.416409,
      "y" : -49.59675,
      "z" : -6.854102
    } ],
    "faces" : [ {
      "vertices" : [ 0, 1, 2 ]
    }, {
      "vertices" : [ 0, 2, 1 ]
    } ]
  }, {
    "id" : "097a9cdb-5a02-4244-9ba1-bc30e99e7b38",
    "vertices" : [ {
      "x" : 58.068882,
      "y" : 11.09017,
      "z" : 6.854102
    }, {
      "x" : 62.30495,
      "y" : 4.236068,
      "z" : 4.236068
    }, {
      "x" : 60.686916,
      "y" : 4.236068,
      "z" : 6.854102
    } ],
    "faces" : [ {
      "vertices" : [ 0, 1, 2 ]
    }, {
      "vertices" : [ 0, 2, 1 ]
    } ]
  }, {
    "id" : "0d179e4e-8cec-409a-8278-3214ad566acd",
    "vertices" : [ {
      "x" : -40.12461,
      "y" : 27.416409,
      "z" : 29.034441
    }, {
      "x" : -37.506577,
      "y" : 29.034441,
      "z" : 29.034441
    }, {
      "x" : -33.27051,
      "y" : 33.27051,
      "z" : 24.798374
    }, {
      "x" : -35.888542,
      "y" : 31.652475,
      "z" : 24.798374
    } ],
    "faces" : [ {
      "vertices" : [ 0, 1, 2 ]
    }, {
      "vertices" : [ 0, 2, 3 ]
    }, {
      "vertices" : [ 0, 3, 2 ]
    }, {
      "vertices" : [ 0, 2, 1 ]
    } ]
  }, {
    "id" : "d13d3eee-4a4e-469b-81cd-d101bf57c6f0",
    "vertices" : [ {
      "x" : -44.36068,
      "y" : 13.708204,
      "z" : 22.18034
    }, {
      "x" : -40.12461,
      "y" : 17.944271,
      "z" : 17.944271
    }, {
      "x" : -33.27051,
      "y" : 24.798374,
      "z" : 24.798374
    }, {
      "x" : -37.506577,
      "y" : 20.562305,
      "z" : 29.034441
    } ],
    "faces" : [ {
      "vertices" : [ 0, 1, 2 ]
    }, {
      "vertices" : [ 0, 2, 3 ]
    }, {
      "vertices" : [ 0, 3, 2 ]
    }, {
      "vertices" : [ 0, 2, 1 ]
    } ]
  }, {
    "id" : "c62c30c5-90c6-4736-be2e-23fad1eeedaa",
    "vertices" : [ {
      "x" : 24.798374,
      "y" : -46.978714,
      "z" : -2.618034
    }, {
      "x" : 26.416409,
      "y" : -46.978714,
      "z" : 0.0
    }, {
      "x" : 26.416409,
      "y" : -42.742645,
      "z" : -11.09017
    }, {
      "x" : 24.798374,
      "y" : -44.36068,
      "z" : -9.472136
    } ],
    "faces" : [ {
      "vertices" : [ 0, 1, 2 ]
    }, {
      "vertices" : [ 0, 2, 3 ]
    }, {
      "vertices" : [ 0, 3, 2 ]
    }, {
      "vertices" : [ 0, 2, 1 ]
    } ]
  }, {
    "id" : "447203f5-e2b1-4b67-b457-ab9a8197da22",
    "vertices" : [ {
      "x" : -24.798374,
      "y" : -33.27051,
      "z" : -33.27051
    }, {
      "x" : -29.034441,
      "y" : -29.034441,
      "z" : -37.506577
    }, {
      "x" : -33.27051,
      "y" : -24.798374,
      "z" : -33.27051
    }, {
      "x" : -29.034441,
      "y" : -29.034441,
      "z" : -29.034441
    } ],
    "faces" : [ {
      "vertices" : [ 0, 1, 2 ]
    }, {
      "vertices" : [ 0, 2, 3 ]
    }, {
      "vertices" : [ 0, 3, 2 ]
    }, {
      "vertices" : [ 0, 2, 1 ]
    } ]
  }, {
    "id" : "c037bfaa-58c4-42aa-8506-f631e5aaede5",
    "vertices" : [ {
      "x" : 55.45085,
      "y" : 2.618034,
      "z" : -11.09017
    }, {
      "x" : 53.832817,
      "y" : 2.618034,
      "z" : -13.708204
    }, {
      "x" : 51.214783,
      "y" : -4.236068,
      "z" : -13.708204
    } ],
    "faces" : [ {
      "vertices" : [ 0, 1, 2 ]
    }, {
      "vertices" : [ 0, 2, 1 ]
    } ]
  }, {
    "id" : "9be0092b-6483-4f54-94d6-f9c1471b2591",
    "vertices" : [ {
      "x" : -17.944271,
      "y" : 46.978714,
      "z" : -13.708204
    }, {
      "x" : -22.18034,
      "y" : 51.214783,
      "z" : -9.472136
    }, {
      "x" : -33.27051,
      "y" : 51.214783,
      "z" : -13.708204
    }, {
      "x" : -29.034441,
      "y" : 46.978714,
      "z" : -17.944271
    } ],
    "faces" : [ {
      "vertices" : [ 0, 1, 2 ]
    }, {
      "vertices" : [ 0, 2, 3 ]
    }, {
      "vertices" : [ 0, 3, 2 ]
    }, {
      "vertices" : [ 0, 2, 1 ]
    } ]
  }, {
    "id" : "e76eb4e4-bb51-4a1c-8411-6d8cc1d3e168",
    "vertices" : [ {
      "x" : -29.034441,
      "y" : 29.034441,
      "z" : 20.562305
    }, {
      "x" : -33.27051,
      "y" : 24.798374,
      "z" : 24.798374
    }, {
      "x" : -29.034441,
      "y" : 29.034441,
      "z" : 29.034441
    }, {
      "x" : -24.798374,
      "y" : 33.27051,
      "z" : 24.798374
    } ],
    "faces" : [ {
      "vertices" : [ 0, 1, 2 ]
    }, {
      "vertices" : [ 0, 2, 3 ]
    }, {
      "vertices" : [ 0, 3, 2 ]
    }, {
      "vertices" : [ 0, 2, 1 ]
    } ]
  }, {
    "id" : "203205c6-6898-4d5b-80a9-7fe75f9c4098",
    "vertices" : [ {
      "x" : 22.18034,
      "y" : 44.36068,
      "z" : -13.708204
    }, {
      "x" : 17.944271,
      "y" : 40.12461,
      "z" : -17.944271
    }, {
      "x" : 24.798374,
      "y" : 33.27051,
      "z" : -24.798374
    }, {
      "x" : 29.034441,
      "y" : 37.506577,
      "z" : -20.562305
    } ],
    "faces" : [ {
      "vertices" : [ 0, 1, 2 ]
    }, {
      "vertices" : [ 0, 2, 3 ]
    }, {
      "vertices" : [ 0, 3, 2 ]
    }, {
      "vertices" : [ 0, 2, 1 ]
    } ]
  }, {
    "id" : "c628a12d-ed98-459b-8642-d54a02beffb0",
    "vertices" : [ {
      "x" : -22.18034,
      "y" : -45.36068,
      "z" : -11.09017
    }, {
      "x" : -22.18034,
      "y" : -44.36068,
      "z" : -13.708204
    }, {
      "x" : -29.034441,
      "y" : -37.506577,
      "z" : -20.562305
    }, {
      "x" : -29.034441,
      "y" : -38.506577,
      "z" : -17.944271
    } ],
    "faces" : [ {
      "vertices" : [ 0, 1, 2 ]
    }, {
      "vertices" : [ 0, 2, 3 ]
    }, {
      "vertices" : [ 0, 3, 2 ]
    }, {
      "vertices" : [ 0, 2, 1 ]
    } ]
  }, {
    "id" : "f258cbca-8548-47cc-befe-bb1f0e5215b6",
    "vertices" : [ {
      "x" : 29.034441,
      "y" : 20.562305,
      "z" : -29.034441
    }, {
      "x" : 24.798374,
      "y" : 24.798374,
      "z" : -33.27051
    }, {
      "x" : 29.034441,
      "y" : 29.034441,
      "z" : -29.034441
    }, {
      "x" : 33.27051,
      "y" : 24.798374,
      "z" : -24.798374
    } ],
    "faces" : [ {
      "vertices" : [ 0, 1, 2 ]
    }, {
      "vertices" : [ 0, 2, 3 ]
    }, {
      "vertices" : [ 0, 3, 2 ]
    }, {
      "vertices" : [ 0, 2, 1 ]
    } ]
  }, {
    "id" : "194abb0c-75fd-4240-af2b-fea3366e4e56",
    "vertices" : [ {
      "x" : -17.944271,
      "y" : 46.978714,
      "z" : -13.708204
    }, {
      "x" : -17.944271,
      "y" : 44.36068,
      "z" : -6.854102
    }, {
      "x" : -11.09017,
      "y" : 44.36068,
      "z" : -4.236068
    }, {
      "x" : -11.09017,
      "y" : 46.978714,
      "z" : -11.09017
    } ],
    "faces" : [ {
      "vertices" : [ 0, 1, 2 ]
    }, {
      "vertices" : [ 0, 2, 3 ]
    }, {
      "vertices" : [ 0, 3, 2 ]
    }, {
      "vertices" : [ 0, 2, 1 ]
    } ]
  }, {
    "id" : "585e1440-6ad4-4a4b-91b6-5386ebf2f465",
    "vertices" : [ {
      "x" : 46.978714,
      "y" : 20.562305,
      "z" : -35.888542
    }, {
      "x" : 40.12461,
      "y" : 17.944271,
      "z" : -40.12461
    }, {
      "x" : 44.36068,
      "y" : 13.708204,
      "z" : -35.888542
    } ],
    "faces" : [ {
      "vertices" : [ 0, 1, 2 ]
    }, {
      "vertices" : [ 0, 2, 1 ]
    } ]
  }, {
    "id" : "631ee463-292f-4529-a296-52a52cd0badd",
    "vertices" : [ {
      "x" : -2.618034,
      "y" : -11.09017,
      "z" : -55.45085
    }, {
      "x" : -6.854102,
      "y" : -6.854102,
      "z" : -51.214783
    }, {
      "x" : -11.09017,
      "y" : -11.09017,
      "z" : -46.978714
    }, {
      "x" : -6.854102,
      "y" : -15.326238,
      "z" : -51.214783
    } ],
    "faces" : [ {
      "vertices" : [ 0, 1, 2 ]
    }, {
      "vertices" : [ 0, 2, 3 ]
    }, {
      "vertices" : [ 0, 3, 2 ]
    }, {
      "vertices" : [ 0, 2, 1 ]
    } ]
  }, {
    "id" : "218a119c-4cc5-4ecd-bdf5-1159c312b4dc",
    "vertices" : [ {
      "x" : 26.416409,
      "y" : -38.506577,
      "z" : -22.18034
    }, {
      "x" : 29.034441,
      "y" : -31.652475,
      "z" : -22.18034
    }, {
      "x" : 29.034441,
      "y" : -29.034441,
      "z" : -29.034441
    }, {
      "x" : 26.416409,
      "y" : -35.888542,
      "z" : -29.034441
    } ],
    "faces" : [ {
      "vertices" : [ 0, 1, 2 ]
    }, {
      "vertices" : [ 0, 2, 3 ]
    }, {
      "vertices" : [ 0, 3, 2 ]
    }, {
      "vertices" : [ 0, 2, 1 ]
    } ]
  }, {
    "id" : "5c60fe78-bc66-4184-9725-40e9b53a494c",
    "vertices" : [ {
      "x" : 12.708204,
      "y" : 0.309017,
      "z" : 0.19098301
    }, {
      "x" : 12.708204,
      "y" : 0.309017,
      "z" : -0.19098301
    }, {
      "x" : 1.0,
      "y" : 0.309017,
      "z" : -0.19098301
    }, {
      "x" : 1.0,
      "y" : 0.309017,
      "z" : 0.19098301
    }, {
      "x" : 12.708204,
      "y" : -0.309017,
      "z" : 0.19098301
    }, {
      "x" : 1.0,
      "y" : -0.309017,
      "z" : 0.19098301
    }, {
      "x" : 1.0,
      "y" : -0.309017,
      "z" : -0.19098301
    }, {
      "x" : 12.708204,
      "y" : -0.309017,
      "z" : -0.19098301
    }, {
      "x" : 13.708204,
      "y" : 0.0,
      "z" : 0.0
    } ],
    "faces" : [ {
      "vertices" : [ 1, 7, 6 ]
    }, {
      "vertices" : [ 1, 6, 2 ]
    }, {
      "vertices" : [ 0, 1, 2 ]
    }, {
      "vertices" : [ 0, 2, 3 ]
    }, {
      "vertices" : [ 4, 5, 6 ]
    }, {
      "vertices" : [ 4, 6, 7 ]
    }, {
      "vertices" : [ 0, 3, 5 ]
    }, {
      "vertices" : [ 0, 5, 4 ]
    } ]
  }, {
    "id" : "2186c6bc-43eb-4b51-b011-5d522e73d258",
    "vertices" : [ {
      "x" : -53.832817,
      "y" : 2.618034,
      "z" : 13.708204
    }, {
      "x" : -51.214783,
      "y" : -4.236068,
      "z" : 13.708204
    }, {
      "x" : -58.068882,
      "y" : -11.09017,
      "z" : 6.854102
    }, {
      "x" : -60.686916,
      "y" : -4.236068,
      "z" : 6.854102
    } ],
    "faces" : [ {
      "vertices" : [ 0, 1, 2 ]
    }, {
      "vertices" : [ 0, 2, 3 ]
    }, {
      "vertices" : [ 0, 3, 2 ]
    }, {
      "vertices" : [ 0, 2, 1 ]
    } ]
  }, {
    "id" : "c347ba83-fe93-4837-a6d5-6b02e0689d0b",
    "vertices" : [ {
      "x" : 26.416409,
      "y" : -42.742645,
      "z" : -11.09017
    }, {
      "x" : 29.034441,
      "y" : -35.888542,
      "z" : -11.09017
    }, {
      "x" : 29.034441,
      "y" : -31.652475,
      "z" : -22.18034
    }, {
      "x" : 26.416409,
      "y" : -38.506577,
      "z" : -22.18034
    } ],
    "faces" : [ {
      "vertices" : [ 0, 1, 2 ]
    }, {
      "vertices" : [ 0, 2, 3 ]
    }, {
      "vertices" : [ 0, 3, 2 ]
    }, {
      "vertices" : [ 0, 2, 1 ]
    } ]
  }, {
    "id" : "16c7c445-56ae-4de4-83e7-44948e5a8300",
    "vertices" : [ {
      "x" : 29.034441,
      "y" : -42.742645,
      "z" : 6.854102
    }, {
      "x" : 22.18034,
      "y" : -42.742645,
      "z" : 4.236068
    }, {
      "x" : 22.18034,
      "y" : -40.12461,
      "z" : -2.618034
    }, {
      "x" : 29.034441,
      "y" : -40.12461,
      "z" : 0.0
    } ],
    "faces" : [ {
      "vertices" : [ 0, 1, 2 ]
    }, {
      "vertices" : [ 0, 2, 3 ]
    }, {
      "vertices" : [ 0, 3, 2 ]
    }, {
      "vertices" : [ 0, 2, 1 ]
    } ]
  }, {
    "id" : "dfd3c8bf-103f-4f60-8d86-d1ab5197bd46",
    "vertices" : [ {
      "x" : -9.472136,
      "y" : 22.18034,
      "z" : -51.214783
    }, {
      "x" : -13.708204,
      "y" : 17.944271,
      "z" : -46.978714
    }, {
      "x" : -11.09017,
      "y" : 11.09017,
      "z" : -46.978714
    }, {
      "x" : -6.854102,
      "y" : 15.326238,
      "z" : -51.214783
    } ],
    "faces" : [ {
      "vertices" : [ 0, 1, 2 ]
    }, {
      "vertices" : [ 0, 2, 3 ]
    }, {
      "vertices" : [ 0, 3, 2 ]
    }, {
      "vertices" : [ 0, 2, 1 ]
    } ]
  }, {
    "id" : "588e07e8-5e02-45da-ac16-10e9059b60d5",
    "vertices" : [ {
      "x" : -17.944271,
      "y" : -49.59675,
      "z" : -6.854102
    }, {
      "x" : -24.798374,
      "y" : -49.59675,
      "z" : -4.236068
    }, {
      "x" : -24.798374,
      "y" : -46.978714,
      "z" : 2.618034
    }, {
      "x" : -17.944271,
      "y" : -46.978714,
      "z" : 0.0
    } ],
    "faces" : [ {
      "vertices" : [ 0, 1, 2 ]
    }, {
      "vertices" : [ 0, 2, 3 ]
    }, {
      "vertices" : [ 0, 3, 2 ]
    }, {
      "vertices" : [ 0, 2, 1 ]
    } ]
  }, {
    "id" : "af13e11f-e31f-4f99-913a-38a55262f6d3",
    "vertices" : [ {
      "x" : -35.888542,
      "y" : -13.708204,
      "z" : -22.18034
    }, {
      "x" : -29.034441,
      "y" : -20.562305,
      "z" : -29.034441
    }, {
      "x" : -33.27051,
      "y" : -24.798374,
      "z" : -24.798374
    }, {
      "x" : -40.12461,
      "y" : -17.944271,
      "z" : -17.944271
    } ],
    "faces" : [ {
      "vertices" : [ 0, 1, 2 ]
    }, {
      "vertices" : [ 0, 2, 3 ]
    }, {
      "vertices" : [ 0, 3, 2 ]
    }, {
      "vertices" : [ 0, 2, 1 ]
    } ]
  }, {
    "id" : "3971bcf1-4b60-4242-93c1-8cb411bcf59f",
    "vertices" : [ {
      "x" : 29.034441,
      "y" : -49.59675,
      "z" : -24.798374
    }, {
      "x" : 22.18034,
      "y" : -46.978714,
      "z" : -29.034441
    }, {
      "x" : 22.18034,
      "y" : -49.59675,
      "z" : -22.18034
    } ],
    "faces" : [ {
      "vertices" : [ 0, 1, 2 ]
    }, {
      "vertices" : [ 0, 2, 1 ]
    } ]
  }, {
    "id" : "90e5674c-5181-43f7-9ca6-65cf0da152f0",
    "vertices" : [ {
      "x" : 33.27051,
      "y" : -33.27051,
      "z" : 24.798374
    }, {
      "x" : 35.888542,
      "y" : -31.652475,
      "z" : 24.798374
    }, {
      "x" : 29.034441,
      "y" : -38.506577,
      "z" : 17.944271
    }, {
      "x" : 29.034441,
      "y" : -37.506577,
      "z" : 20.562305
    } ],
    "faces" : [ {
      "vertices" : [ 0, 1, 2 ]
    }, {
      "vertices" : [ 0, 2, 3 ]
    }, {
      "vertices" : [ 0, 3, 2 ]
    }, {
      "vertices" : [ 0, 2, 1 ]
    } ]
  }, {
    "id" : "d4f99c72-157d-4682-a88d-41c6147505bf",
    "vertices" : [ {
      "x" : -29.034441,
      "y" : 46.978714,
      "z" : 17.944271
    }, {
      "x" : -26.416409,
      "y" : 53.832817,
      "z" : 17.944271
    }, {
      "x" : -22.18034,
      "y" : 49.59675,
      "z" : 22.18034
    } ],
    "faces" : [ {
      "vertices" : [ 0, 1, 2 ]
    }, {
      "vertices" : [ 0, 2, 1 ]
    } ]
  }, {
    "id" : "e03d00b6-1d07-436c-a607-9187de3bb516",
    "vertices" : [ {
      "x" : 20.562305,
      "y" : -29.034441,
      "z" : 37.506577
    }, {
      "x" : 13.708204,
      "y" : -35.888542,
      "z" : 44.36068
    }, {
      "x" : 17.944271,
      "y" : -29.034441,
      "z" : 46.978714
    }, {
      "x" : 24.798374,
      "y" : -22.18034,
      "z" : 40.12461
    } ],
    "faces" : [ {
      "vertices" : [ 0, 1, 2 ]
    }, {
      "vertices" : [ 0, 2, 3 ]
    }, {
      "vertices" : [ 0, 3, 2 ]
    }, {
      "vertices" : [ 0, 2, 1 ]
    } ]
  }, {
    "id" : "7ec42637-c45f-4976-82f9-f332f57e704d",
    "vertices" : [ {
      "x" : -22.18034,
      "y" : -35.888542,
      "z" : -13.708204
    }, {
      "x" : -15.326238,
      "y" : -42.742645,
      "z" : -6.854102
    }, {
      "x" : -22.18034,
      "y" : -42.742645,
      "z" : -4.236068
    }, {
      "x" : -29.034441,
      "y" : -35.888542,
      "z" : -11.09017
    } ],
    "faces" : [ {
      "vertices" : [ 0, 1, 2 ]
    }, {
      "vertices" : [ 0, 2, 3 ]
    }, {
      "vertices" : [ 0, 3, 2 ]
    }, {
      "vertices" : [ 0, 2, 1 ]
    } ]
  }, {
    "id" : "185ad52a-bb4a-4be6-a9cd-e3a99d272672",
    "vertices" : [ {
      "x" : -26.416409,
      "y" : 46.978714,
      "z" : 0.0
    }, {
      "x" : -29.034441,
      "y" : 40.12461,
      "z" : 0.0
    }, {
      "x" : -29.034441,
      "y" : 35.888542,
      "z" : -11.09017
    }, {
      "x" : -26.416409,
      "y" : 42.742645,
      "z" : -11.09017
    } ],
    "faces" : [ {
      "vertices" : [ 0, 1, 2 ]
    }, {
      "vertices" : [ 0, 2, 3 ]
    }, {
      "vertices" : [ 0, 3, 2 ]
    }, {
      "vertices" : [ 0, 2, 1 ]
    } ]
  }, {
    "id" : "36fa1760-af32-4d7a-b214-290492e846d8",
    "vertices" : [ {
      "x" : 29.034441,
      "y" : -22.18034,
      "z" : -46.978714
    }, {
      "x" : 24.798374,
      "y" : -29.034441,
      "z" : -49.59675
    }, {
      "x" : 26.416409,
      "y" : -29.034441,
      "z" : -46.978714
    } ],
    "faces" : [ {
      "vertices" : [ 0, 1, 2 ]
    }, {
      "vertices" : [ 0, 2, 1 ]
    } ]
  }, {
    "id" : "caf06cd7-a423-47e0-9ce3-b6f9606f043c",
    "vertices" : [ {
      "x" : -55.45085,
      "y" : 2.618034,
      "z" : 11.09017
    }, {
      "x" : -53.832817,
      "y" : 2.618034,
      "z" : 13.708204
    }, {
      "x" : -49.59675,
      "y" : 6.854102,
      "z" : 17.944271
    }, {
      "x" : -51.214783,
      "y" : 6.854102,
      "z" : 15.326238
    } ],
    "faces" : [ {
      "vertices" : [ 0, 1, 2 ]
    }, {
      "vertices" : [ 0, 2, 3 ]
    }, {
      "vertices" : [ 0, 3, 2 ]
    }, {
      "vertices" : [ 0, 2, 1 ]
    } ]
  }, {
    "id" : "ddda6166-fe84-4c9e-afad-231f515eba3e",
    "vertices" : [ {
      "x" : 24.798374,
      "y" : 33.27051,
      "z" : 38.506577
    }, {
      "x" : 17.944271,
      "y" : 33.27051,
      "z" : 35.888542
    }, {
      "x" : 17.944271,
      "y" : 35.888542,
      "z" : 29.034441
    }, {
      "x" : 24.798374,
      "y" : 35.888542,
      "z" : 31.652475
    } ],
    "faces" : [ {
      "vertices" : [ 0, 1, 2 ]
    }, {
      "vertices" : [ 0, 2, 3 ]
    }, {
      "vertices" : [ 0, 3, 2 ]
    }, {
      "vertices" : [ 0, 2, 1 ]
    } ]
  }, {
    "id" : "25dd4c6f-a1df-43e7-933c-4074a53be85f",
    "vertices" : [ {
      "x" : -11.09017,
      "y" : -55.45085,
      "z" : -2.618034
    }, {
      "x" : -13.708204,
      "y" : -53.832817,
      "z" : -2.618034
    }, {
      "x" : -13.708204,
      "y" : -51.214783,
      "z" : 4.236068
    } ],
    "faces" : [ {
      "vertices" : [ 0, 1, 2 ]
    }, {
      "vertices" : [ 0, 2, 1 ]
    } ]
  }, {
    "id" : "63e0124b-9a1a-48d5-8398-cc1fe703b8a9",
    "vertices" : [ {
      "x" : 13.708204,
      "y" : -22.18034,
      "z" : 35.888542
    }, {
      "x" : 20.562305,
      "y" : -29.034441,
      "z" : 29.034441
    }, {
      "x" : 24.798374,
      "y" : -24.798374,
      "z" : 33.27051
    }, {
      "x" : 17.944271,
      "y" : -17.944271,
      "z" : 40.12461
    } ],
    "faces" : [ {
      "vertices" : [ 0, 1, 2 ]
    }, {
      "vertices" : [ 0, 2, 3 ]
    }, {
      "vertices" : [ 0, 3, 2 ]
    }, {
      "vertices" : [ 0, 2, 1 ]
    } ]
  }, {
    "id" : "2574b2c9-2a2d-4b9d-9821-e57af928f5c8",
    "vertices" : [ {
      "x" : 51.214783,
      "y" : 9.472136,
      "z" : 22.18034
    }, {
      "x" : 51.214783,
      "y" : 6.854102,
      "z" : 20.562305
    }, {
      "x" : 51.214783,
      "y" : 11.09017,
      "z" : 31.652475
    }, {
      "x" : 51.214783,
      "y" : 13.708204,
      "z" : 33.27051
    } ],
    "faces" : [ {
      "vertices" : [ 0, 1, 2 ]
    }, {
      "vertices" : [ 0, 2, 3 ]
    }, {
      "vertices" : [ 0, 3, 2 ]
    }, {
      "vertices" : [ 0, 2, 1 ]
    } ]
  }, {
    "id" : "42f20b91-2298-4ec5-802c-051230a126c6",
    "vertices" : [ {
      "x" : 17.944271,
      "y" : 29.034441,
      "z" : 46.978714
    }, {
      "x" : 13.708204,
      "y" : 33.27051,
      "z" : 51.214783
    }, {
      "x" : 13.708204,
      "y" : 35.888542,
      "z" : 44.36068
    } ],
    "faces" : [ {
      "vertices" : [ 0, 1, 2 ]
    }, {
      "vertices" : [ 0, 2, 1 ]
    } ]
  }, {
    "id" : "43288c4b-966d-41ec-9872-27b46e8c4cf7",
    "vertices" : [ {
      "x" : 17.944271,
      "y" : -17.944271,
      "z" : 40.12461
    }, {
      "x" : 11.09017,
      "y" : -11.09017,
      "z" : 46.978714
    }, {
      "x" : 6.854102,
      "y" : -15.326238,
      "z" : 42.742645
    }, {
      "x" : 13.708204,
      "y" : -22.18034,
      "z" : 35.888542
    } ],
    "faces" : [ {
      "vertices" : [ 0, 1, 2 ]
    }, {
      "vertices" : [ 0, 2, 3 ]
    }, {
      "vertices" : [ 0, 3, 2 ]
    }, {
      "vertices" : [ 0, 2, 1 ]
    } ]
  }, {
    "id" : "891d1bf4-26d8-46a2-bd1f-13332f5a478f",
    "vertices" : [ {
      "x" : 51.214783,
      "y" : 6.854102,
      "z" : -6.854102
    }, {
      "x" : 46.978714,
      "y" : 2.618034,
      "z" : -11.09017
    }, {
      "x" : 42.742645,
      "y" : 6.854102,
      "z" : -15.326238
    }, {
      "x" : 46.978714,
      "y" : 11.09017,
      "z" : -11.09017
    } ],
    "faces" : [ {
      "vertices" : [ 0, 1, 2 ]
    }, {
      "vertices" : [ 0, 2, 3 ]
    }, {
      "vertices" : [ 0, 3, 2 ]
    }, {
      "vertices" : [ 0, 2, 1 ]
    } ]
  }, {
    "id" : "4af9a9ba-7df3-453e-aebf-cd83bae99b99",
    "vertices" : [ {
      "x" : 20.562305,
      "y" : -35.888542,
      "z" : 46.978714
    }, {
      "x" : 17.944271,
      "y" : -40.12461,
      "z" : 40.12461
    }, {
      "x" : 13.708204,
      "y" : -35.888542,
      "z" : 44.36068
    } ],
    "faces" : [ {
      "vertices" : [ 0, 1, 2 ]
    }, {
      "vertices" : [ 0, 2, 1 ]
    } ]
  }, {
    "id" : "a73285d6-fee4-4cfe-a906-3015a5a76488",
    "vertices" : [ {
      "x" : -17.944271,
      "y" : 33.27051,
      "z" : -35.888542
    }, {
      "x" : -22.18034,
      "y" : 29.034441,
      "z" : -31.652475
    }, {
      "x" : -22.18034,
      "y" : 31.652475,
      "z" : -24.798374
    }, {
      "x" : -17.944271,
      "y" : 35.888542,
      "z" : -29.034441
    } ],
    "faces" : [ {
      "vertices" : [ 0, 1, 2 ]
    }, {
      "vertices" : [ 0, 2, 3 ]
    }, {
      "vertices" : [ 0, 3, 2 ]
    }, {
      "vertices" : [ 0, 2, 1 ]
    } ]
  }, {
    "id" : "0dfa052c-4df0-428c-b0f9-be42dc0aa496",
    "vertices" : [ {
      "x" : 0.309017,
      "y" : -0.809017,
      "z" : 0.618034
    }, {
      "x" : 0.809017,
      "y" : -0.618034,
      "z" : 0.309017
    }, {
      "x" : 0.618034,
      "y" : -0.309017,
      "z" : 0.809017
    }, {
      "x" : 1.0,
      "y" : 0.309017,
      "z" : 0.19098301
    }, {
      "x" : 0.809017,
      "y" : 0.618034,
      "z" : 0.309017
    }, {
      "x" : 0.618034,
      "y" : 0.309017,
      "z" : 0.809017
    }, {
      "x" : 0.809017,
      "y" : 0.0,
      "z" : 0.690983
    }, {
      "x" : 0.19098301,
      "y" : -1.0,
      "z" : 0.309017
    }, {
      "x" : -0.19098301,
      "y" : -1.0,
      "z" : 0.309017
    }, {
      "x" : -0.19098301,
      "y" : -1.0,
      "z" : -0.309017
    }, {
      "x" : 0.19098301,
      "y" : -1.0,
      "z" : -0.309017
    }, {
      "x" : 1.0,
      "y" : -0.309017,
      "z" : -0.19098301
    }, {
      "x" : 0.809017,
      "y" : -0.618034,
      "z" : -0.309017
    }, {
      "x" : 0.618034,
      "y" : -0.309017,
      "z" : -0.809017
    }, {
      "x" : 0.809017,
      "y" : 0.0,
      "z" : -0.690983
    }, {
      "x" : 0.0,
      "y" : 0.690983,
      "z" : -0.809017
    }, {
      "x" : 0.309017,
      "y" : 0.809017,
      "z" : -0.618034
    }, {
      "x" : 0.618034,
      "y" : 0.309017,
      "z" : -0.809017
    }, {
      "x" : 0.309017,
      "y" : 0.19098301,
      "z" : -1.0
    }, {
      "x" : 1.0,
      "y" : 0.309017,
      "z" : -0.19098301
    }, {
      "x" : -0.309017,
      "y" : -0.809017,
      "z" : 0.618034
    }, {
      "x" : 0.0,
      "y" : -0.690983,
      "z" : 0.809017
    }, {
      "x" : 0.809017,
      "y" : 0.618034,
      "z" : -0.309017
    }, {
      "x" : 0.690983,
      "y" : 0.809017,
      "z" : 0.0
    }, {
      "x" : -0.690983,
      "y" : 0.809017,
      "z" : 0.0
    }, {
      "x" : -0.809017,
      "y" : 0.618034,
      "z" : 0.309017
    }, {
      "x" : -0.309017,
      "y" : 0.809017,
      "z" : 0.618034
    }, {
      "x" : -0.19098301,
      "y" : 1.0,
      "z" : 0.309017
    }, {
      "x" : 0.309017,
      "y" : -0.19098301,
      "z" : -1.0
    }, {
      "x" : 0.19098301,
      "y" : 1.0,
      "z" : 0.309017
    }, {
      "x" : 0.309017,
      "y" : 0.809017,
      "z" : 0.618034
    }, {
      "x" : -0.809017,
      "y" : -0.618034,
      "z" : 0.309017
    }, {
