{
  "field" : "golden",
  "symmetry" : "icosahedral",
  "orientations" : [ [ 1.0, 0.0, 0.0, 0.0, 0.0, 1.0, 0.0, 0.0, 0.0, 0.0, 1.0, 0.0, 0.0, 0.0, 0.0, 1.0 ], [ 0.0, 0.0, 1.0, 0.0, 1.0, 0.0, 0.0, 0.0, 0.0, 1.0, 0.0, 0.0, 0.0, 0.0, 0.0, 1.0 ], [ 0.0, 1.0, 0.0, 0.0, 0.0, 0.0, 1.0, 0.0, 1.0, 0.0, 0.0, 0.0, 0.0, 0.0, 0.0, 1.0 ], [ 0.809017, 0.309017, 0.5, 0.0, 0.309017, 0.5, -0.809017, 0.0, -0.5, 0.809017, 0.309017, 0.0, 0.0, 0.0, 0.0, 1.0 ], [ -0.5, 0.809017, 0.309017, 0.0, 0.809017, 0.309017, 0.5, 0.0, 0.309017, 0.5, -0.809017, 0.0, 0.0, 0.0, 0.0, 1.0 ], [ 0.309017, 0.5, -0.809017, 0.0, -0.5, 0.809017, 0.309017, 0.0, 0.809017, 0.309017, 0.5, 0.0, 0.0, 0.0, 0.0, 1.0 ], [ 0.5, 0.809017, 0.309017, 0.0, 0.809017, -0.309017, -0.5, 0.0, -0.309017, 0.5, -0.809017, 0.0, 0.0, 0.0, 0.0, 1.0 ], [ -0.309017, 0.5, -0.809017, 0.0, 0.5, 0.809017, 0.309017, 0.0, 0.809017, -0.309017, -0.5, 0.0, 0.0, 0.0, 0.0, 1.0 ], [ 0.809017, -0.309017, -0.5, 0.0, -0.309017, 0.5, -0.809017, 0.0, 0.5, 0.809017, 0.309017, 0.0, 0.0, 0.0, 0.0, 1.0 ], [ 0.5, 0.809017, -0.309017, 0.0, 0.809017, -0.309017, 0.5, 0.0, 0.309017, -0.5, -0.809017, 0.0, 0.0, 0.0, 0.0, 1.0 ], [ 0.309017, -0.5, -0.809017, 0.0, 0.5, 0.809017, -0.309017, 0.0, 0.809017, -0.309017, 0.5, 0.0, 0.0, 0.0, 0.0, 1.0 ], [ 0.809017, -0.309017, 0.5, 0.0, 0.309017, -0.5, -0.809017, 0.0, 0.5, 0.809017, -0.309017, 0.0, 0.0, 0.0, 0.0, 1.0 ], [ 0.809017, 0.309017, -0.5, 0.0, 0.309017, 0.5, 0.809017, 0.0, 0.5, -0.809017, 0.309017, 0.0, 0.0, 0.0, 0.0, 1.0 ], [ 0.5, -0.809017, 0.309017, 0.0, 0.809017, 0.309017, -0.5, 0.0, 0.309017, 0.5, 0.809017, 0.0, 0.0, 0.0, 0.0, 1.0 ], [ 0.309017, 0.5, 0.809017, 0.0, 0.5, -0.809017, 0.309017, 0.0, 0.809017, 0.309017, -0.5, 0.0, 0.0, 0.0, 0.0, 1.0 ], [ 1.0, 0.0, 0.0, 0.0, 0.0, -1.0, 0.0, 0.0, 0.0, 0.0, -1.0, 0.0, 0.0, 0.0, 0.0, 1.0 ], [ 0.0, 0.0, 1.0, 0.0, -1.0, 0.0, 0.0, 0.0, 0.0, -1.0, 0.0, 0.0, 0.0, 0.0, 0.0, 1.0 ], [ 0.0, 1.0, 0.0, 0.0, 0.0, 0.0, -1.0, 0.0, -1.0, 0.0, 0.0, 0.0, 0.0, 0.0, 0.0, 1.0 ], [ 0.809017, 0.309017, 0.5, 0.0, -0.309017, -0.5, 0.809017, 0.0, 0.5, -0.809017, -0.309017, 0.0, 0.0, 0.0, 0.0, 1.0 ], [ -0.5, 0.809017, 0.309017, 0.0, -0.809017, -0.309017, -0.5, 0.0, -0.309017, -0.5, 0.809017, 0.0, 0.0, 0.0, 0.0, 1.0 ], [ 0.309017, 0.5, -0.809017, 0.0, 0.5, -0.809017, -0.309017, 0.0, -0.809017, -0.309017, -0.5, 0.0, 0.0, 0.0, 0.0, 1.0 ], [ 0.5, 0.809017, 0.309017, 0.0, -0.809017, 0.309017, 0.5, 0.0, 0.309017, -0.5, 0.809017, 0.0, 0.0, 0.0, 0.0, 1.0 ], [ -0.309017, 0.5, -0.809017, 0.0, -0.5, -0.809017, -0.309017, 0.0, -0.809017, 0.309017, 0.5, 0.0, 0.0, 0.0, 0.0, 1.0 ], [ 0.809017, -0.309017, -0.5, 0.0, 0.309017, -0.5, 0.809017, 0.0, -0.5, -0.809017, -0.309017, 0.0, 0.0, 0.0, 0.0, 1.0 ], [ 0.5, 0.809017, -0.309017, 0.0, -0.809017, 0.309017, -0.5, 0.0, -0.309017, 0.5, 0.809017, 0.0, 0.0, 0.0, 0.0, 1.0 ], [ 0.309017, -0.5, -0.809017, 0.0, -0.5, -0.809017, 0.309017, 0.0, -0.809017, 0.309017, -0.5, 0.0, 0.0, 0.0, 0.0, 1.0 ], [ 0.809017, -0.309017, 0.5, 0.0, -0.309017, 0.5, 0.809017, 0.0, -0.5, -0.809017, 0.309017, 0.0, 0.0, 0.0, 0.0, 1.0 ], [ 0.809017, 0.309017, -0.5, 0.0, -0.309017, -0.5, -0.809017, 0.0, -0.5, 0.809017, -0.309017, 0.0, 0.0, 0.0, 0.0, 1.0 ], [ 0.5, -0.809017, 0.309017, 0.0, -0.809017, -0.309017, 0.5, 0.0, -0.309017, -0.5, -0.809017, 0.0, 0.0, 0.0, 0.0, 1.0 ], [ 0.309017, 0.5, 0.809017, 0.0, -0.5, 0.809017, -0.309017, 0.0, -0.809017, -0.309017, 0.5, 0.0, 0.0, 0.0, 0.0, 1.0 ], [ -1.0, 0.0, 0.0, 0.0, 0.0, -1.0, 0.0, 0.0, 0.0, 0.0, 1.0, 0.0, 0.0, 0.0, 0.0, 1.0 ], [ 0.0, 0.0, -1.0, 0.0, -1.0, 0.0, 0.0, 0.0, 0.0, 1.0, 0.0, 0.0, 0.0, 0.0, 0.0, 1.0 ], [ 0.0, -1.0, 0.0, 0.0, 0.0, 0.0, -1.0, 0.0, 1.0, 0.0, 0.0, 0.0, 0.0, 0.0, 0.0, 1.0 ], [ -0.809017, -0.309017, -0.5, 0.0, -0.309017, -0.5, 0.809017, 0.0, -0.5, 0.809017, 0.309017, 0.0, 0.0, 0.0, 0.0, 1.0 ], [ 0.5, -0.809017, -0.309017, 0.0, -0.809017, -0.309017, -0.5, 0.0, 0.309017, 0.5, -0.809017, 0.0, 0.0, 0.0, 0.0, 1.0 ], [ -0.309017, -0.5, 0.809017, 0.0, 0.5, -0.809017, -0.309017, 0.0, 0.809017, 0.309017, 0.5, 0.0, 0.0, 0.0, 0.0, 1.0 ], [ -0.5, -0.809017, -0.309017, 0.0, -0.809017, 0.309017, 0.5, 0.0, -0.309017, 0.5, -0.809017, 0.0, 0.0, 0.0, 0.0, 1.0 ], [ 0.309017, -0.5, 0.809017, 0.0, -0.5, -0.809017, -0.309017, 0.0, 0.809017, -0.309017, -0.5, 0.0, 0.0, 0.0, 0.0, 1.0 ], [ -0.809017, 0.309017, 0.5, 0.0, 0.309017, -0.5, 0.809017, 0.0, 0.5, 0.809017, 0.309017, 0.0, 0.0, 0.0, 0.0, 1.0 ], [ -0.5, -0.809017, 0.309017, 0.0, -0.809017, 0.309017, -0.5, 0.0, 0.309017, -0.5, -0.809017, 0.0, 0.0, 0.0, 0.0, 1.0 ], [ -0.309017, 0.5, 0.809017, 0.0, -0.5, -0.809017, 0.309017, 0.0, 0.809017, -0.309017, 0.5, 0.0, 0.0, 0.0, 0.0, 1.0 ], [ -0.809017, 0.309017, -0.5, 0.0, -0.309017, 0.5, 0.809017, 0.0, 0.5, 0.809017, -0.309017, 0.0, 0.0, 0.0, 0.0, 1.0 ], [ -0.809017, -0.309017, 0.5, 0.0, -0.309017, -0.5, -0.809017, 0.0, 0.5, -0.809017, 0.309017, 0.0, 0.0, 0.0, 0.0, 1.0 ], [ -0.5, 0.809017, -0.309017, 0.0, -0.809017, -0.309017, 0.5, 0.0, 0.309017, 0.5, 0.809017, 0.0, 0.0, 0.0, 0.0, 1.0 ], [ -0.309017, -0.5, -0.809017, 0.0, -0.5, 0.809017, -0.309017, 0.0, 0.809017, 0.309017, -0.5, 0.0, 0.0, 0.0, 0.0, 1.0 ], [ -1.0, 0.0, 0.0, 0.0, 0.0, 1.0, 0.0, 0.0, 0.0, 0.0, -1.0, 0.0, 0.0, 0.0, 0.0, 1.0 ], [ 0.0, 0.0, -1.0, 0.0, 1.0, 0.0, 0.0, 0.0, 0.0, -1.0, 0.0, 0.0, 0.0, 0.0, 0.0, 1.0 ], [ 0.0, -1.0, 0.0, 0.0, 0.0, 0.0, 1.0, 0.0, -1.0, 0.0, 0.0, 0.0, 0.0, 0.0, 0.0, 1.0 ], [ -0.809017, -0.309017, -0.5, 0.0, 0.309017, 0.5, -0.809017, 0.0, 0.5, -0.809017, -0.309017, 0.0, 0.0, 0.0, 0.0, 1.0 ], [ 0.5, -0.809017, -0.309017, 0.0, 0.809017, 0.309017, 0.5, 0.0, -0.309017, -0.5, 0.809017, 0.0, 0.0, 0.0, 0.0, 1.0 ], [ -0.309017, -0.5, 0.809017, 0.0, -0.5, 0.809017, 0.309017, 0.0, -0.809017, -0.309017, -0.5, 0.0, 0.0, 0.0, 0.0, 1.0 ], [ -0.5, -0.809017, -0.309017, 0.0, 0.809017, -0.309017, -0.5, 0.0, 0.309017, -0.5, 0.809017, 0.0, 0.0, 0.0, 0.0, 1.0 ], [ 0.309017, -0.5, 0.809017, 0.0, 0.5, 0.809017, 0.309017, 0.0, -0.809017, 0.309017, 0.5, 0.0, 0.0, 0.0, 0.0, 1.0 ], [ -0.809017, 0.309017, 0.5, 0.0, -0.309017, 0.5, -0.809017, 0.0, -0.5, -0.809017, -0.309017, 0.0, 0.0, 0.0, 0.0, 1.0 ], [ -0.5, -0.809017, 0.309017, 0.0, 0.809017, -0.309017, 0.5, 0.0, -0.309017, 0.5, 0.809017, 0.0, 0.0, 0.0, 0.0, 1.0 ], [ -0.309017, 0.5, 0.809017, 0.0, 0.5, 0.809017, -0.309017, 0.0, -0.809017, 0.309017, -0.5, 0.0, 0.0, 0.0, 0.0, 1.0 ], [ -0.809017, 0.309017, -0.5, 0.0, 0.309017, -0.5, -0.809017, 0.0, -0.5, -0.809017, 0.309017, 0.0, 0.0, 0.0, 0.0, 1.0 ], [ -0.809017, -0.309017, 0.5, 0.0, 0.309017, 0.5, 0.809017, 0.0, -0.5, 0.809017, -0.309017, 0.0, 0.0, 0.0, 0.0, 1.0 ], [ -0.5, 0.809017, -0.309017, 0.0, 0.809017, 0.309017, -0.5, 0.0, -0.309017, -0.5, -0.809017, 0.0, 0.0, 0.0, 0.0, 1.0 ], [ -0.309017, -0.5, -0.809017, 0.0, 0.5, -0.809017, 0.309017, 0.0, -0.809017, -0.309017, 0.5, 0.0, 0.0, 0.0, 0.0, 1.0 ] ],
  "lights" : {
    "ambientColor" : "#292929",
    "backgroundColor" : "#AFC8DC",
    "directionalLights" : [ {
      "direction" : {
        "x" : 1.0,
        "y" : -1.0,
        "z" : -1.0
      },
      "color" : "#EBEBE4"
    }, {
      "direction" : {
        "x" : -1.0,
        "y" : 0.0,
        "z" : 0.0
      },
      "color" : "#E4E4EB"
    }, {
      "direction" : {
        "x" : 0.0,
        "y" : 0.0,
        "z" : -1.0
      },
      "color" : "#1E1E1E"
    } ]
  },
  "camera" : {
    "viewDistance" : 106.578255,
    "nearClipDistance" : 0.26644686,
    "farClipDistance" : 213.15703,
    "lookAtPoint" : {
      "x" : 0.0,
      "y" : 0.0,
      "z" : 0.0
    },
    "fieldOfView" : 0.4426306,
    "perspective" : false,
    "lookDirection" : {
      "x" : 0.8506508,
      "y" : -0.5257311,
      "z" : 0.0
    },
    "upDirection" : {
      "x" : 0.16245985,
      "y" : 0.26286557,
      "z" : 0.9510565
    },
    "width" : 47.960407,
    "stereo" : false,
    "position" : {
      "x" : -90.66087,
      "y" : 56.0315,
      "z" : 0.0
    }
  },
  "embedding" : [ 1.0, 0.0, 0.0, 0.0, 0.0, 1.0, 0.0, 0.0, 0.0, 0.0, 1.0, 0.0, 0.0, 0.0, 0.0, 1.0 ],
  "shapes" : [ {
    "id" : "add47cd0-125f-4b11-93c7-e0aa3b6590b2",
    "vertices" : [ {
      "x" : 11.09017,
      "y" : 0.0,
      "z" : -4.236068
    }, {
      "x" : 10.781153,
      "y" : 0.0,
      "z" : -4.118034
    }, {
      "x" : 10.376644,
      "y" : -0.1545085,
      "z" : -3.677051
    }, {
      "x" : 10.185661,
      "y" : -0.1545085,
      "z" : -4.177051
    }, {
      "x" : 0.9045085,
      "y" : -0.1545085,
      "z" : -0.059016995
    }, {
      "x" : 0.809017,
      "y" : 0.309017,
      "z" : -0.309017
    }, {
      "x" : 0.309017,
      "y" : 0.0,
      "z" : -0.11803399
    }, {
      "x" : 10.281153,
      "y" : 0.309017,
      "z" : -3.927051
    }, {
      "x" : 0.7135255,
      "y" : -0.1545085,
      "z" : -0.559017
    } ],
    "faces" : [ {
      "vertices" : [ 2, 4, 8 ]
    }, {
      "vertices" : [ 2, 8, 3 ]
    }, {
      "vertices" : [ 2, 7, 5 ]
    }, {
      "vertices" : [ 2, 5, 4 ]
    }, {
      "vertices" : [ 4, 6, 8 ]
    }, {
      "vertices" : [ 5, 8, 6 ]
    }, {
      "vertices" : [ 1, 2, 3 ]
    }, {
      "vertices" : [ 3, 8, 5 ]
    }, {
      "vertices" : [ 3, 5, 7 ]
    }, {
      "vertices" : [ 1, 7, 2 ]
    }, {
      "vertices" : [ 1, 3, 7 ]
    }, {
      "vertices" : [ 4, 5, 6 ]
    } ]
  }, {
    "id" : "dd418c6d-ae18-4902-aef1-aa32ff4dec8c",
    "vertices" : [ {
      "x" : 0.9045085,
      "y" : 0.3454915,
      "z" : 0.25
    }, {
      "x" : 21.466814,
      "y" : 13.053696,
      "z" : 0.25
    }, {
      "x" : 21.275831,
      "y" : 13.362713,
      "z" : 0.25
    }, {
      "x" : 0.7135255,
      "y" : 0.6545085,
      "z" : 0.25
    }, {
      "x" : 0.809017,
      "y" : 0.5,
      "z" : -0.309017
    }, {
      "x" : 0.9635255,
      "y" : 0.25,
      "z" : -0.095491506
    }, {
      "x" : 0.309017,
      "y" : 0.19098301,
      "z" : 0.0
    }, {
      "x" : 21.871323,
      "y" : 13.5172205,
      "z" : 0.0
    }, {
      "x" : 21.216814,
      "y" : 13.458204,
      "z" : -0.095491506
    }, {
      "x" : 21.371323,
      "y" : 13.208204,
      "z" : -0.309017
    }, {
      "x" : 22.18034,
      "y" : 13.708204,
      "z" : 0.0
    }, {
      "x" : 0.6545085,
      "y" : 0.75,
      "z" : -0.095491506
    }, {
      "x" : 21.525831,
      "y" : 12.958204,
      "z" : -0.095491506
    } ],
    "faces" : [ {
      "vertices" : [ 4, 11, 8 ]
    }, {
      "vertices" : [ 4, 8, 9 ]
    }, {
      "vertices" : [ 0, 1, 2 ]
    }, {
      "vertices" : [ 0, 2, 3 ]
    }, {
      "vertices" : [ 0, 3, 6 ]
    }, {
      "vertices" : [ 1, 7, 2 ]
    }, {
      "vertices" : [ 0, 6, 5 ]
    }, {
      "vertices" : [ 4, 5, 6 ]
    }, {
      "vertices" : [ 2, 7, 8 ]
    }, {
      "vertices" : [ 0, 5, 12 ]
    }, {
      "vertices" : [ 0, 12, 1 ]
    }, {
      "vertices" : [ 1, 12, 7 ]
    }, {
      "vertices" : [ 3, 11, 6 ]
    }, {
      "vertices" : [ 4, 6, 11 ]
    }, {
      "vertices" : [ 7, 9, 8 ]
    }, {
      "vertices" : [ 2, 8, 11 ]
    }, {
      "vertices" : [ 2, 11, 3 ]
    }, {
      "vertices" : [ 7, 12, 9 ]
    }, {
      "vertices" : [ 4, 9, 12 ]
    }, {
      "vertices" : [ 4, 12, 5 ]
    } ]
  }, {
    "id" : "183d8cfc-3cb2-49f2-8bc1-f3a777c1ced9",
    "vertices" : [ {
      "x" : -0.309017,
      "y" : -0.19098301,
      "z" : 0.0
    }, {
      "x" : -0.309017,
      "y" : 0.19098301,
      "z" : 0.0
    }, {
      "x" : -0.19098301,
      "y" : 0.0,
      "z" : -0.309017
    }, {
      "x" : -0.19098301,
      "y" : 0.0,
      "z" : 0.309017
    }, {
      "x" : 0.0,
      "y" : -0.309017,
      "z" : -0.19098301
    }, {
      "x" : 0.0,
      "y" : -0.309017,
      "z" : 0.19098301
    }, {
      "x" : 0.0,
      "y" : 0.309017,
      "z" : -0.19098301
    }, {
      "x" : 0.0,
      "y" : 0.309017,
      "z" : 0.19098301
    }, {
      "x" : 0.19098301,
      "y" : 0.0,
      "z" : -0.309017
    }, {
      "x" : 0.19098301,
      "y" : 0.0,
      "z" : 0.309017
    }, {
      "x" : 0.309017,
      "y" : -0.19098301,
      "z" : 0.0
    }, {
      "x" : 0.309017,
      "y" : 0.19098301,
      "z" : 0.0
    } ],
    "faces" : [ {
      "vertices" : [ 0, 1, 2 ]
    }, {
      "vertices" : [ 0, 3, 1 ]
    }, {
      "vertices" : [ 0, 2, 4 ]
    }, {
      "vertices" : [ 0, 5, 3 ]
    }, {
      "vertices" : [ 0, 4, 5 ]
    }, {
      "vertices" : [ 1, 6, 2 ]
    }, {
      "vertices" : [ 1, 3, 7 ]
    }, {
      "vertices" : [ 1, 7, 6 ]
    }, {
      "vertices" : [ 2, 8, 4 ]
    }, {
      "vertices" : [ 2, 6, 8 ]
    }, {
      "vertices" : [ 3, 5, 9 ]
    }, {
      "vertices" : [ 3, 9, 7 ]
    }, {
      "vertices" : [ 4, 10, 5 ]
    }, {
      "vertices" : [ 4, 8, 10 ]
    }, {
      "vertices" : [ 5, 10, 9 ]
    }, {
      "vertices" : [ 6, 7, 11 ]
    }, {
      "vertices" : [ 6, 11, 8 ]
    }, {
      "vertices" : [ 7, 9, 11 ]
    }, {
      "vertices" : [ 8, 11, 10 ]
    }, {
      "vertices" : [ 9, 10, 11 ]
    } ]
  } ],
  "instances" : [ {
    "shape" : "add47cd0-125f-4b11-93c7-e0aa3b6590b2",
    "color" : "#F0A000",
    "position" : {
      "x" : 4.236068,
      "y" : 0.0,
      "z" : 0.0
    },
    "orientation" : 7
  }, {
    "shape" : "dd418c6d-ae18-4902-aef1-aa32ff4dec8c",
    "color" : "#AF0000",
    "position" : {
      "x" : -1.072949,
      "y" : 9.354102,
      "z" : 9.663119
    },
    "orientation" : 16
  }, {
    "shape" : "183d8cfc-3cb2-49f2-8bc1-f3a777c1ced9",
    "color" : "#FFFFFF",
    "position" : {
      "x" : -8.163119,
      "y" : 8.972136,
      "z" : -3.427051
    }
  }, {
    "shape" : "add47cd0-125f-4b11-93c7-e0aa3b6590b2",
    "color" : "#F0A000",
    "position" : {
      "x" : 1.309017,
      "y" : -2.118034,
      "z" : 3.427051
    },
    "orientation" : 4
  }, {
    "shape" : "183d8cfc-3cb2-49f2-8bc1-f3a777c1ced9",
    "color" : "#FFFFFF",
    "position" : {
      "x" : 8.59017,
      "y" : -2.809017,
      "z" : -10.0172205
    }
  }, {
    "shape" : "183d8cfc-3cb2-49f2-8bc1-f3a777c1ced9",
    "color" : "#FFFFFF",
    "position" : {
      "x" : -11.09017,
      "y" : 6.854102,
      "z" : 3.472136
    }
  }, {
    "shape" : "183d8cfc-3cb2-49f2-8bc1-f3a777c1ced9",
    "color" : "#FFFFFF",
    "position" : {
      "x" : 7.663119,
      "y" : -9.781153,
      "z" : 2.118034
    }
  }, {
    "shape" : "dd418c6d-ae18-4902-aef1-aa32ff4dec8c",
    "color" : "#AF0000",
    "position" : {
      "x" : -10.0172205,
      "y" : -8.59017,
      "z" : 2.809017
    },
    "orientation" : 0
  }, {
    "shape" : "183d8cfc-3cb2-49f2-8bc1-f3a777c1ced9",
    "color" : "#FFFFFF",
    "position" : {
      "x" : -10.0172205,
      "y" : -8.59017,
      "z" : 2.809017
    }
  }, {
    "shape" : "add47cd0-125f-4b11-93c7-e0aa3b6590b2",
    "color" : "#F0A000",
    "position" : {
      "x" : 0.0,
      "y" : 4.236068,
      "z" : 0.0
    },
    "orientation" : 30
  }, {
    "shape" : "dd418c6d-ae18-4902-aef1-aa32ff4dec8c",
    "color" : "#AF0000",
    "position" : {
      "x" : 10.0172205,
      "y" : -8.59017,
      "z" : -2.809017
    },
    "orientation" : 45
  }, {
    "shape" : "183d8cfc-3cb2-49f2-8bc1-f3a777c1ced9",
    "color" : "#FFFFFF",
    "position" : {
      "x" : 9.781153,
      "y" : 2.118034,
      "z" : -7.663119
    }
  }, {
    "shape" : "183d8cfc-3cb2-49f2-8bc1-f3a777c1ced9",
    "color" : "#FFFFFF",
    "position" : {
      "x" : -1.072949,
      "y" : -9.354102,
      "z" : -9.663119
    }
  }, {
    "shape" : "dd418c6d-ae18-4902-aef1-aa32ff4dec8c",
    "color" : "#AF0000",
    "position" : {
      "x" : -6.854102,
      "y" : -3.472136,
      "z" : -11.09017
    },
    "orientation" : 2
  }, {
    "shape" : "add47cd0-125f-4b11-93c7-e0aa3b6590b2",
    "color" : "#F0A000",
    "position" : {
      "x" : -4.236068,
      "y" : 0.0,
      "z" : 0.0
    },
    "orientation" : 17
  }, {
    "shape" : "add47cd0-125f-4b11-93c7-e0aa3b6590b2",
    "color" : "#F0A000",
    "position" : {
      "x" : -2.118034,
      "y" : -3.427051,
      "z" : 1.309017
    },
    "orientation" : 22
  }, {
    "shape" : "183d8cfc-3cb2-49f2-8bc1-f3a777c1ced9",
    "color" : "#FFFFFF",
    "position" : {
      "x" : 2.809017,
      "y" : 12.163119,
      "z" : 5.118034
    }
  }, {
    "shape" : "add47cd0-125f-4b11-93c7-e0aa3b6590b2",
    "color" : "#F0A000",
    "position" : {
      "x" : 0.0,
      "y" : 0.0,
      "z" : -4.236068
    },
    "orientation" : 21
  }, {
    "shape" : "add47cd0-125f-4b11-93c7-e0aa3b6590b2",
    "color" : "#F0A000",
    "position" : {
      "x" : 2.118034,
      "y" : -3.427051,
      "z" : 1.309017
    },
    "orientation" : 19
  }, {
    "shape" : "add47cd0-125f-4b11-93c7-e0aa3b6590b2",
    "color" : "#F0A000",
    "position" : {
      "x" : -3.427051,
      "y" : -1.309017,
      "z" : 2.118034
    },
    "orientation" : 1
  }, {
    "shape" : "183d8cfc-3cb2-49f2-8bc1-f3a777c1ced9",
    "color" : "#FFFFFF",
    "position" : {
      "x" : -11.09017,
      "y" : -6.854102,
      "z" : -3.472136
    }
  }, {
    "shape" : "add47cd0-125f-4b11-93c7-e0aa3b6590b2",
    "color" : "#F0A000",
    "position" : {
      "x" : 3.427051,
      "y" : -1.309017,
      "z" : -2.118034
    },
    "orientation" : 16
  }, {
    "shape" : "183d8cfc-3cb2-49f2-8bc1-f3a777c1ced9",
    "color" : "#FFFFFF",
    "position" : {
      "x" : -2.809017,
      "y" : 12.163119,
      "z" : -5.118034
    }
  }, {
    "shape" : "183d8cfc-3cb2-49f2-8bc1-f3a777c1ced9",
    "color" : "#FFFFFF",
    "position" : {
      "x" : 10.281153,
      "y" : 5.545085,
      "z" : -4.736068
    }
  }, {
    "shape" : "183d8cfc-3cb2-49f2-8bc1-f3a777c1ced9",
    "color" : "#FFFFFF",
    "position" : {
      "x" : -2.118034,
      "y" : -7.663119,
      "z" : -9.781153
    }
  }, {
    "shape" : "183d8cfc-3cb2-49f2-8bc1-f3a777c1ced9",
    "color" : "#FFFFFF",
    "position" : {
      "x" : -3.472136,
      "y" : -11.09017,
      "z" : -6.854102
    }
  }, {
    "shape" : "183d8cfc-3cb2-49f2-8bc1-f3a777c1ced9",
    "color" : "#FFFFFF",
    "position" : {
      "x" : -4.236068,
      "y" : -4.236068,
      "z" : 11.09017
    }
  }, {
    "shape" : "add47cd0-125f-4b11-93c7-e0aa3b6590b2",
    "color" : "#F0A000",
    "position" : {
      "x" : -3.427051,
      "y" : -1.309017,
      "z" : -2.118034
    },
    "orientation" : 4
  }, {
    "shape" : "183d8cfc-3cb2-49f2-8bc1-f3a777c1ced9",
    "color" : "#FFFFFF",
    "position" : {
      "x" : -2.809017,
      "y" : -10.0172205,
      "z" : 8.59017
    }
  }, {
    "shape" : "dd418c6d-ae18-4902-aef1-aa32ff4dec8c",
    "color" : "#AF0000",
    "position" : {
      "x" : 8.59017,
      "y" : 2.809017,
      "z" : 10.0172205
    },
    "orientation" : 47
  }, {
    "shape" : "183d8cfc-3cb2-49f2-8bc1-f3a777c1ced9",
    "color" : "#FFFFFF",
    "position" : {
      "x" : 4.045085,
      "y" : -1.072949,
      "z" : 12.826238
    }
  }, {
    "shape" : "183d8cfc-3cb2-49f2-8bc1-f3a777c1ced9",
    "color" : "#FFFFFF",
    "position" : {
      "x" : -6.854102,
      "y" : -3.472136,
      "z" : -11.09017
    }
  }, {
    "shape" : "183d8cfc-3cb2-49f2-8bc1-f3a777c1ced9",
    "color" : "#FFFFFF",
    "position" : {
      "x" : 2.118034,
      "y" : 0.809017,
      "z" : -12.399187
    }
  }, {
    "shape" : "183d8cfc-3cb2-49f2-8bc1-f3a777c1ced9",
    "color" : "#FFFFFF",
    "position" : {
      "x" : 8.163119,
      "y" : -8.972136,
      "z" : -3.427051
    }
  }, {
    "shape" : "183d8cfc-3cb2-49f2-8bc1-f3a777c1ced9",
    "color" : "#FFFFFF",
    "position" : {
      "x" : 12.826238,
      "y" : -4.045085,
      "z" : 1.072949
    }
  }, {
    "shape" : "add47cd0-125f-4b11-93c7-e0aa3b6590b2",
    "color" : "#F0A000",
    "position" : {
      "x" : -1.309017,
      "y" : -2.118034,
      "z" : -3.427051
    },
    "orientation" : 3
  }, {
    "shape" : "183d8cfc-3cb2-49f2-8bc1-f3a777c1ced9",
    "color" : "#FFFFFF",
    "position" : {
      "x" : 3.427051,
      "y" : -1.309017,
      "z" : 2.118034
    }
  }, {
    "shape" : "183d8cfc-3cb2-49f2-8bc1-f3a777c1ced9",
    "color" : "#FFFFFF",
    "position" : {
      "x" : -9.354102,
      "y" : 9.663119,
      "z" : 1.072949
    }
  }, {
    "shape" : "183d8cfc-3cb2-49f2-8bc1-f3a777c1ced9",
    "color" : "#FFFFFF",
    "position" : {
      "x" : -4.736068,
      "y" : -10.281153,
      "z" : -5.545085
    }
  }, {
    "shape" : "183d8cfc-3cb2-49f2-8bc1-f3a777c1ced9",
    "color" : "#FFFFFF",
    "position" : {
      "x" : 11.09017,
      "y" : 4.236068,
      "z" : 4.236068
    }
  }, {
    "shape" : "183d8cfc-3cb2-49f2-8bc1-f3a777c1ced9",
    "color" : "#FFFFFF",
    "position" : {
      "x" : 2.809017,
      "y" : 10.0172205,
      "z" : 8.59017
    }
  }, {
    "shape" : "dd418c6d-ae18-4902-aef1-aa32ff4dec8c",
    "color" : "#AF0000",
    "position" : {
      "x" : -9.354102,
      "y" : -9.663119,
      "z" : -1.072949
    },
    "orientation" : 0
  }, {
    "shape" : "183d8cfc-3cb2-49f2-8bc1-f3a777c1ced9",
    "color" : "#FFFFFF",
    "position" : {
      "x" : -12.826238,
      "y" : -4.045085,
      "z" : -1.072949
    }
  }, {
    "shape" : "add47cd0-125f-4b11-93c7-e0aa3b6590b2",
    "color" : "#F0A000",
    "position" : {
      "x" : 1.309017,
      "y" : 2.118034,
      "z" : 3.427051
    },
    "orientation" : 0
  }, {
    "shape" : "183d8cfc-3cb2-49f2-8bc1-f3a777c1ced9",
    "color" : "#FFFFFF",
    "position" : {
      "x" : -0.809017,
      "y" : 12.399187,
      "z" : 2.118034
    }
  }, {
    "shape" : "add47cd0-125f-4b11-93c7-e0aa3b6590b2",
    "color" : "#F0A000",
    "position" : {
      "x" : -1.309017,
      "y" : -2.118034,
      "z" : 3.427051
    },
    "orientation" : 8
  }, {
    "shape" : "183d8cfc-3cb2-49f2-8bc1-f3a777c1ced9",
    "color" : "#FFFFFF",
    "position" : {
      "x" : 11.09017,
      "y" : -4.236068,
      "z" : -4.236068
    }
  }, {
    "shape" : "183d8cfc-3cb2-49f2-8bc1-f3a777c1ced9",
    "color" : "#FFFFFF",
    "position" : {
      "x" : -7.663119,
      "y" : 9.781153,
      "z" : 2.118034
    }
  }, {
    "shape" : "dd418c6d-ae18-4902-aef1-aa32ff4dec8c",
    "color" : "#AF0000",
    "position" : {
      "x" : -8.59017,
      "y" : 2.809017,
      "z" : -10.0172205
    },
    "orientation" : 2
  }, {
    "shape" : "dd418c6d-ae18-4902-aef1-aa32ff4dec8c",
    "color" : "#AF0000",
    "position" : {
      "x" : -6.854102,
      "y" : 3.472136,
      "z" : 11.09017
    },
    "orientation" : 17
  }, {
    "shape" : "183d8cfc-3cb2-49f2-8bc1-f3a777c1ced9",
    "color" : "#FFFFFF",
    "position" : {
      "x" : -2.118034,
      "y" : 7.663119,
      "z" : 9.781153
    }
  }, {
    "shape" : "183d8cfc-3cb2-49f2-8bc1-f3a777c1ced9",
    "color" : "#FFFFFF",
    "position" : {
      "x" : -9.663119,
      "y" : 1.072949,
      "z" : 9.354102
    }
  }, {
    "shape" : "add47cd0-125f-4b11-93c7-e0aa3b6590b2",
    "color" : "#F0A000",
    "position" : {
      "x" : -1.309017,
      "y" : 2.118034,
      "z" : 3.427051
    },
    "orientation" : 54
  }, {
    "shape" : "183d8cfc-3cb2-49f2-8bc1-f3a777c1ced9",
    "color" : "#FFFFFF",
    "position" : {
      "x" : -6.854102,
      "y" : 3.472136,
      "z" : 11.09017
    }
  }, {
    "shape" : "183d8cfc-3cb2-49f2-8bc1-f3a777c1ced9",
    "color" : "#FFFFFF",
    "position" : {
      "x" : -5.118034,
      "y" : 2.809017,
      "z" : -12.163119
    }
  }, {
    "shape" : "add47cd0-125f-4b11-93c7-e0aa3b6590b2",
    "color" : "#F0A000",
    "position" : {
      "x" : 0.0,
      "y" : -4.236068,
      "z" : 0.0
    },
    "orientation" : 0
  }, {
    "shape" : "183d8cfc-3cb2-49f2-8bc1-f3a777c1ced9",
    "color" : "#FFFFFF",
    "position" : {
      "x" : 12.163119,
      "y" : -5.118034,
      "z" : -2.809017
    }
  }, {
    "shape" : "183d8cfc-3cb2-49f2-8bc1-f3a777c1ced9",
    "color" : "#FFFFFF",
    "position" : {
      "x" : 9.781153,
      "y" : -2.118034,
      "z" : 7.663119
    }
  }, {
    "shape" : "add47cd0-125f-4b11-93c7-e0aa3b6590b2",
    "color" : "#F0A000",
    "position" : {
      "x" : 3.427051,
      "y" : 1.309017,
      "z" : 2.118034
    },
    "orientation" : 1
  }, {
    "shape" : "add47cd0-125f-4b11-93c7-e0aa3b6590b2",
    "color" : "#F0A000",
    "position" : {
      "x" : 2.118034,
      "y" : 3.427051,
      "z" : -1.309017
    },
    "orientation" : 4
  }, {
    "shape" : "dd418c6d-ae18-4902-aef1-aa32ff4dec8c",
    "color" : "#AF0000",
    "position" : {
      "x" : -3.472136,
      "y" : -11.09017,
      "z" : -6.854102
    },
    "orientation" : 1
  }, {
    "shape" : "183d8cfc-3cb2-49f2-8bc1-f3a777c1ced9",
    "color" : "#FFFFFF",
    "position" : {
      "x" : -5.545085,
      "y" : 4.736068,
      "z" : 10.281153
    }
  }, {
    "shape" : "183d8cfc-3cb2-49f2-8bc1-f3a777c1ced9",
    "color" : "#FFFFFF",
    "position" : {
      "x" : -4.236068,
      "y" : -11.09017,
      "z" : 4.236068
    }
  }, {
    "shape" : "183d8cfc-3cb2-49f2-8bc1-f3a777c1ced9",
    "color" : "#FFFFFF",
    "position" : {
      "x" : 1.072949,
      "y" : -9.354102,
      "z" : 9.663119
    }
  }, {
    "shape" : "183d8cfc-3cb2-49f2-8bc1-f3a777c1ced9",
    "color" : "#FFFFFF",
    "position" : {
      "x" : -1.072949,
      "y" : -12.826238,
      "z" : -4.045085
    }
  }, {
    "shape" : "dd418c6d-ae18-4902-aef1-aa32ff4dec8c",
    "color" : "#AF0000",
    "position" : {
      "x" : 4.045085,
      "y" : 1.072949,
      "z" : -12.826238
    },
    "orientation" : 32
  }, {
    "shape" : "add47cd0-125f-4b11-93c7-e0aa3b6590b2",
    "color" : "#F0A000",
    "position" : {
      "x" : 1.309017,
      "y" : -2.118034,
      "z" : 3.427051
    },
    "orientation" : 24
  }, {
    "shape" : "183d8cfc-3cb2-49f2-8bc1-f3a777c1ced9",
    "color" : "#FFFFFF",
    "position" : {
      "x" : 12.163119,
      "y" : 5.118034,
      "z" : 2.809017
    }
  }, {
    "shape" : "183d8cfc-3cb2-49f2-8bc1-f3a777c1ced9",
    "color" : "#FFFFFF",
    "position" : {
      "x" : 4.236068,
      "y" : -4.236068,
      "z" : -11.09017
    }
  }, {
    "shape" : "183d8cfc-3cb2-49f2-8bc1-f3a777c1ced9",
    "color" : "#FFFFFF",
    "position" : {
      "x" : 8.59017,
      "y" : 2.809017,
      "z" : 10.0172205
    }
  }, {
    "shape" : "183d8cfc-3cb2-49f2-8bc1-f3a777c1ced9",
    "color" : "#FFFFFF",
    "position" : {
      "x" : 4.236068,
      "y" : 4.236068,
      "z" : 11.09017
    }
  }, {
    "shape" : "183d8cfc-3cb2-49f2-8bc1-f3a777c1ced9",
    "color" : "#FFFFFF",
    "position" : {
      "x" : 6.854102,
      "y" : -3.472136,
      "z" : 11.09017
    }
  }, {
    "shape" : "add47cd0-125f-4b11-93c7-e0aa3b6590b2",
    "color" : "#F0A000",
    "position" : {
      "x" : -2.118034,
      "y" : 3.427051,
      "z" : 1.309017
    },
    "orientation" : 3
  }, {
    "shape" : "183d8cfc-3cb2-49f2-8bc1-f3a777c1ced9",
    "color" : "#FFFFFF",
    "position" : {
      "x" : 8.972136,
      "y" : 3.427051,
      "z" : 8.163119
    }
  }, {
    "shape" : "183d8cfc-3cb2-49f2-8bc1-f3a777c1ced9",
    "color" : "#FFFFFF",
    "position" : {
      "x" : 4.045085,
      "y" : 1.072949,
      "z" : -12.826238
    }
  }, {
    "shape" : "dd418c6d-ae18-4902-aef1-aa32ff4dec8c",
    "color" : "#AF0000",
    "position" : {
      "x" : -1.072949,
      "y" : -9.354102,
      "z" : -9.663119
    },
    "orientation" : 1
  }, {
    "shape" : "183d8cfc-3cb2-49f2-8bc1-f3a777c1ced9",
    "color" : "#FFFFFF",
    "position" : {
      "x" : -3.427051,
      "y" : 8.163119,
      "z" : -8.972136
    }
  }, {
    "shape" : "dd418c6d-ae18-4902-aef1-aa32ff4dec8c",
    "color" : "#AF0000",
    "position" : {
      "x" : -10.0172205,
      "y" : 8.59017,
      "z" : -2.809017
    },
    "orientation" : 15
  }, {
    "shape" : "add47cd0-125f-4b11-93c7-e0aa3b6590b2",
    "color" : "#F0A000",
    "position" : {
      "x" : -1.309017,
      "y" : -2.118034,
      "z" : -3.427051
    },
    "orientation" : 39
  }, {
    "shape" : "183d8cfc-3cb2-49f2-8bc1-f3a777c1ced9",
    "color" : "#FFFFFF",
    "position" : {
      "x" : 4.736068,
      "y" : 10.281153,
      "z" : -5.545085
    }
  }, {
    "shape" : "183d8cfc-3cb2-49f2-8bc1-f3a777c1ced9",
    "color" : "#FFFFFF",
    "position" : {
      "x" : -8.59017,
      "y" : -2.809017,
      "z" : 10.0172205
    }
  }, {
    "shape" : "add47cd0-125f-4b11-93c7-e0aa3b6590b2",
    "color" : "#F0A000",
    "position" : {
      "x" : 1.309017,
      "y" : -2.118034,
      "z" : -3.427051
    },
    "orientation" : 30
  }, {
    "shape" : "183d8cfc-3cb2-49f2-8bc1-f3a777c1ced9",
    "color" : "#FFFFFF",
    "position" : {
      "x" : 12.399187,
      "y" : 2.118034,
      "z" : -0.809017
    }
  }, {
    "shape" : "dd418c6d-ae18-4902-aef1-aa32ff4dec8c",
    "color" : "#AF0000",
    "position" : {
      "x" : -2.809017,
      "y" : -10.0172205,
      "z" : 8.59017
    },
    "orientation" : 46
  }, {
    "shape" : "dd418c6d-ae18-4902-aef1-aa32ff4dec8c",
    "color" : "#AF0000",
    "position" : {
      "x" : -11.09017,
      "y" : -6.854102,
      "z" : -3.472136
    },
    "orientation" : 0
  }, {
    "shape" : "183d8cfc-3cb2-49f2-8bc1-f3a777c1ced9",
    "color" : "#FFFFFF",
    "position" : {
      "x" : -2.809017,
      "y" : -12.163119,
      "z" : 5.118034
    }
  }, {
    "shape" : "183d8cfc-3cb2-49f2-8bc1-f3a777c1ced9",
    "color" : "#FFFFFF",
    "position" : {
      "x" : 4.736068,
      "y" : -10.281153,
      "z" : 5.545085
    }
  }, {
    "shape" : "183d8cfc-3cb2-49f2-8bc1-f3a777c1ced9",
    "color" : "#FFFFFF",
    "position" : {
      "x" : -9.781153,
      "y" : 2.118034,
      "z" : 7.663119
    }
  }, {
    "shape" : "183d8cfc-3cb2-49f2-8bc1-f3a777c1ced9",
    "color" : "#FFFFFF",
    "position" : {
      "x" : 5.118034,
      "y" : 2.809017,
      "z" : 12.163119
    }
  }, {
    "shape" : "dd418c6d-ae18-4902-aef1-aa32ff4dec8c",
    "color" : "#AF0000",
    "position" : {
      "x" : 1.072949,
      "y" : -12.826238,
      "z" : 4.045085
    },
    "orientation" : 46
  }, {
    "shape" : "183d8cfc-3cb2-49f2-8bc1-f3a777c1ced9",
    "color" : "#FFFFFF",
    "position" : {
      "x" : 5.545085,
      "y" : -4.736068,
      "z" : 10.281153
    }
  }, {
    "shape" : "dd418c6d-ae18-4902-aef1-aa32ff4dec8c",
    "color" : "#AF0000",
    "position" : {
      "x" : -2.809017,
      "y" : 10.0172205,
      "z" : -8.59017
    },
    "orientation" : 31
  }, {
    "shape" : "add47cd0-125f-4b11-93c7-e0aa3b6590b2",
    "color" : "#F0A000",
    "position" : {
      "x" : -3.427051,
      "y" : 1.309017,
      "z" : 2.118034
    },
    "orientation" : 19
  }, {
    "shape" : "add47cd0-125f-4b11-93c7-e0aa3b6590b2",
    "color" : "#F0A000",
    "position" : {
      "x" : -3.427051,
      "y" : 1.309017,
      "z" : 2.118034
    },
    "orientation" : 9
  }, {
    "shape" : "add47cd0-125f-4b11-93c7-e0aa3b6590b2",
    "color" : "#F0A000",
    "position" : {
      "x" : 3.427051,
      "y" : 1.309017,
      "z" : -2.118034
    },
    "orientation" : 54
  }, {
    "shape" : "183d8cfc-3cb2-49f2-8bc1-f3a777c1ced9",
    "color" : "#FFFFFF",
    "position" : {
      "x" : -11.09017,
      "y" : 4.236068,
      "z" : -4.236068
    }
  }, {
    "shape" : "dd418c6d-ae18-4902-aef1-aa32ff4dec8c",
    "color" : "#AF0000",
    "position" : {
      "x" : -9.663119,
      "y" : -1.072949,
      "z" : -9.354102
    },
    "orientation" : 2
  }, {
    "shape" : "183d8cfc-3cb2-49f2-8bc1-f3a777c1ced9",
    "color" : "#FFFFFF",
    "position" : {
      "x" : -4.236068,
      "y" : 11.09017,
      "z" : -4.236068
    }
  }, {
    "shape" : "add47cd0-125f-4b11-93c7-e0aa3b6590b2",
    "color" : "#F0A000",
    "position" : {
      "x" : -2.118034,
      "y" : 3.427051,
      "z" : -1.309017
    },
    "orientation" : 22
  }, {
    "shape" : "183d8cfc-3cb2-49f2-8bc1-f3a777c1ced9",
    "color" : "#FFFFFF",
    "position" : {
      "x" : -2.809017,
      "y" : 10.0172205,
      "z" : -8.59017
    }
  }, {
    "shape" : "183d8cfc-3cb2-49f2-8bc1-f3a777c1ced9",
    "color" : "#FFFFFF",
    "position" : {
      "x" : -12.399187,
      "y" : -2.118034,
      "z" : -0.809017
    }
  }, {
    "shape" : "add47cd0-125f-4b11-93c7-e0aa3b6590b2",
    "color" : "#F0A000",
    "position" : {
      "x" : 0.0,
      "y" : 0.0,
      "z" : -4.236068
    },
    "orientation" : 1
  }, {
    "shape" : "add47cd0-125f-4b11-93c7-e0aa3b6590b2",
    "color" : "#F0A000",
    "position" : {
      "x" : -1.309017,
      "y" : 2.118034,
      "z" : -3.427051
    },
    "orientation" : 38
  }, {
    "shape" : "183d8cfc-3cb2-49f2-8bc1-f3a777c1ced9",
    "color" : "#FFFFFF",
    "position" : {
      "x" : -5.118034,
      "y" : -2.809017,
      "z" : 12.163119
    }
  }, {
    "shape" : "add47cd0-125f-4b11-93c7-e0aa3b6590b2",
    "color" : "#F0A000",
    "position" : {
      "x" : 2.118034,
      "y" : 3.427051,
      "z" : -1.309017
    },
    "orientation" : 24
  }, {
    "shape" : "183d8cfc-3cb2-49f2-8bc1-f3a777c1ced9",
    "color" : "#FFFFFF",
    "position" : {
      "x" : 12.826238,
      "y" : 4.045085,
      "z" : -1.072949
    }
  }, {
    "shape" : "183d8cfc-3cb2-49f2-8bc1-f3a777c1ced9",
    "color" : "#FFFFFF",
    "position" : {
      "x" : -2.118034,
      "y" : -0.809017,
      "z" : -12.399187
    }
  }, {
    "shape" : "183d8cfc-3cb2-49f2-8bc1-f3a777c1ced9",
    "color" : "#FFFFFF",
    "position" : {
      "x" : -9.663119,
      "y" : -1.072949,
      "z" : -9.354102
    }
  }, {
    "shape" : "dd418c6d-ae18-4902-aef1-aa32ff4dec8c",
    "color" : "#AF0000",
    "position" : {
      "x" : 2.809017,
      "y" : -10.0172205,
      "z" : -8.59017
    },
    "orientation" : 1
  }, {
    "shape" : "dd418c6d-ae18-4902-aef1-aa32ff4dec8c",
    "color" : "#AF0000",
    "position" : {
      "x" : 1.072949,
      "y" : 12.826238,
      "z" : -4.045085
    },
    "orientation" : 31
  }, {
    "shape" : "183d8cfc-3cb2-49f2-8bc1-f3a777c1ced9",
    "color" : "#FFFFFF",
    "position" : {
      "x" : 11.09017,
      "y" : 6.854102,
      "z" : -3.472136
    }
  }, {
    "shape" : "add47cd0-125f-4b11-93c7-e0aa3b6590b2",
    "color" : "#F0A000",
    "position" : {
      "x" : 1.309017,
      "y" : 2.118034,
      "z" : -3.427051
    },
    "orientation" : 9
  }, {
    "shape" : "add47cd0-125f-4b11-93c7-e0aa3b6590b2",
    "color" : "#F0A000",
    "position" : {
      "x" : -3.427051,
      "y" : 1.309017,
      "z" : -2.118034
    },
    "orientation" : 16
  }, {
    "shape" : "add47cd0-125f-4b11-93c7-e0aa3b6590b2",
    "color" : "#F0A000",
    "position" : {
      "x" : 3.427051,
      "y" : 1.309017,
      "z" : -2.118034
    },
    "orientation" : 5
  }, {
    "shape" : "add47cd0-125f-4b11-93c7-e0aa3b6590b2",
    "color" : "#F0A000",
    "position" : {
      "x" : 3.427051,
      "y" : -1.309017,
      "z" : 2.118034
    },
    "orientation" : 3
  }, {
    "shape" : "183d8cfc-3cb2-49f2-8bc1-f3a777c1ced9",
    "color" : "#FFFFFF",
    "position" : {
      "x" : -0.809017,
      "y" : -12.399187,
      "z" : -2.118034
    }
  }, {
    "shape" : "183d8cfc-3cb2-49f2-8bc1-f3a777c1ced9",
    "color" : "#FFFFFF",
    "position" : {
      "x" : -2.118034,
      "y" : 0.809017,
      "z" : 12.399187
    }
  }, {
    "shape" : "dd418c6d-ae18-4902-aef1-aa32ff4dec8c",
    "color" : "#AF0000",
    "position" : {
      "x" : -11.09017,
      "y" : 6.854102,
      "z" : 3.472136
    },
    "orientation" : 15
  }, {
    "shape" : "add47cd0-125f-4b11-93c7-e0aa3b6590b2",
    "color" : "#F0A000",
    "position" : {
      "x" : 3.427051,
      "y" : -1.309017,
      "z" : 2.118034
    },
    "orientation" : 39
  }, {
    "shape" : "183d8cfc-3cb2-49f2-8bc1-f3a777c1ced9",
    "color" : "#FFFFFF",
    "position" : {
      "x" : -11.09017,
      "y" : -4.236068,
      "z" : 4.236068
    }
  }, {
    "shape" : "183d8cfc-3cb2-49f2-8bc1-f3a777c1ced9",
    "color" : "#FFFFFF",
    "position" : {
      "x" : -9.781153,
      "y" : -2.118034,
      "z" : -7.663119
    }
  }, {
    "shape" : "183d8cfc-3cb2-49f2-8bc1-f3a777c1ced9",
    "color" : "#FFFFFF",
    "position" : {
      "x" : -9.354102,
      "y" : -9.663119,
      "z" : -1.072949
    }
  }, {
    "shape" : "183d8cfc-3cb2-49f2-8bc1-f3a777c1ced9",
    "color" : "#FFFFFF",
    "position" : {
      "x" : 0.0,
      "y" : 0.0,
      "z" : 0.0
    }
  }, {
    "shape" : "183d8cfc-3cb2-49f2-8bc1-f3a777c1ced9",
    "color" : "#FFFFFF",
    "position" : {
      "x" : 3.427051,
      "y" : -8.163119,
      "z" : -8.972136
    }
  }, {
    "shape" : "dd418c6d-ae18-4902-aef1-aa32ff4dec8c",
    "color" : "#AF0000",
    "position" : {
      "x" : 3.472136,
      "y" : 11.09017,
      "z" : -6.854102
    },
    "orientation" : 31
  }, {
    "shape" : "183d8cfc-3cb2-49f2-8bc1-f3a777c1ced9",
    "color" : "#FFFFFF",
    "position" : {
      "x" : 4.236068,
      "y" : -11.09017,
      "z" : -4.236068
    }
  }, {
    "shape" : "add47cd0-125f-4b11-93c7-e0aa3b6590b2",
    "color" : "#F0A000",
    "position" : {
      "x" : -2.118034,
      "y" : 3.427051,
      "z" : 1.309017
    },
    "orientation" : 39
  }, {
    "shape" : "183d8cfc-3cb2-49f2-8bc1-f3a777c1ced9",
    "color" : "#FFFFFF",
    "position" : {
      "x" : 5.118034,
      "y" : -2.809017,
      "z" : -12.163119
    }
  }, {
    "shape" : "add47cd0-125f-4b11-93c7-e0aa3b6590b2",
    "color" : "#F0A000",
    "position" : {
      "x" : -2.118034,
      "y" : -3.427051,
      "z" : -1.309017
    },
    "orientation" : 5
  }, {
    "shape" : "183d8cfc-3cb2-49f2-8bc1-f3a777c1ced9",
    "color" : "#FFFFFF",
    "position" : {
      "x" : 6.854102,
      "y" : 3.472136,
      "z" : -11.09017
    }
  }, {
    "shape" : "183d8cfc-3cb2-49f2-8bc1-f3a777c1ced9",
    "color" : "#FFFFFF",
    "position" : {
      "x" : 3.472136,
      "y" : 11.09017,
      "z" : -6.854102
    }
  }, {
    "shape" : "add47cd0-125f-4b11-93c7-e0aa3b6590b2",
    "color" : "#F0A000",
    "position" : {
      "x" : -2.118034,
      "y" : -3.427051,
      "z" : 1.309017
    },
    "orientation" : 7
  }, {
    "shape" : "dd418c6d-ae18-4902-aef1-aa32ff4dec8c",
    "color" : "#AF0000",
    "position" : {
      "x" : -12.826238,
      "y" : -4.045085,
      "z" : -1.072949
    },
    "orientation" : 0
  }, {
    "shape" : "183d8cfc-3cb2-49f2-8bc1-f3a777c1ced9",
    "color" : "#FFFFFF",
    "position" : {
      "x" : 8.972136,
      "y" : -3.427051,
      "z" : -8.163119
    }
  }, {
    "shape" : "183d8cfc-3cb2-49f2-8bc1-f3a777c1ced9",
    "color" : "#FFFFFF",
    "position" : {
      "x" : -8.163119,
      "y" : -8.972136,
      "z" : 3.427051
    }
  }, {
    "shape" : "dd418c6d-ae18-4902-aef1-aa32ff4dec8c",
    "color" : "#AF0000",
    "position" : {
      "x" : 10.0172205,
      "y" : 8.59017,
      "z" : 2.809017
    },
    "orientation" : 30
  }, {
    "shape" : "183d8cfc-3cb2-49f2-8bc1-f3a777c1ced9",
    "color" : "#FFFFFF",
    "position" : {
      "x" : 2.118034,
      "y" : -0.809017,
      "z" : 12.399187
    }
  }, {
    "shape" : "add47cd0-125f-4b11-93c7-e0aa3b6590b2",
    "color" : "#F0A000",
    "position" : {
      "x" : -1.309017,
      "y" : 2.118034,
      "z" : 3.427051
    },
    "orientation" : 5
  }, {
    "shape" : "183d8cfc-3cb2-49f2-8bc1-f3a777c1ced9",
    "color" : "#FFFFFF",
    "position" : {
      "x" : -10.281153,
      "y" : 5.545085,
      "z" : 4.736068
    }
  }, {
    "shape" : "183d8cfc-3cb2-49f2-8bc1-f3a777c1ced9",
    "color" : "#FFFFFF",
    "position" : {
      "x" : 10.0172205,
      "y" : -8.59017,
      "z" : -2.809017
    }
  }, {
    "shape" : "183d8cfc-3cb2-49f2-8bc1-f3a777c1ced9",
    "color" : "#FFFFFF",
    "position" : {
      "x" : 5.545085,
      "y" : 4.736068,
      "z" : -10.281153
    }
  }, {
    "shape" : "183d8cfc-3cb2-49f2-8bc1-f3a777c1ced9",
    "color" : "#FFFFFF",
    "position" : {
      "x" : -4.045085,
      "y" : 1.072949,
      "z" : 12.826238
    }
  }, {
    "shape" : "dd418c6d-ae18-4902-aef1-aa32ff4dec8c",
    "color" : "#AF0000",
    "position" : {
      "x" : 9.663119,
      "y" : 1.072949,
      "z" : -9.354102
    },
    "orientation" : 32
  }, {
    "shape" : "183d8cfc-3cb2-49f2-8bc1-f3a777c1ced9",
    "color" : "#FFFFFF",
    "position" : {
      "x" : 9.663119,
      "y" : -1.072949,
      "z" : 9.354102
    }
  }, {
    "shape" : "add47cd0-125f-4b11-93c7-e0aa3b6590b2",
    "color" : "#F0A000",
    "position" : {
      "x" : 2.118034,
