{
  "field" : "golden",
  "symmetry" : "icosahedral",
  "orientations" : [ [ 1.0, 0.0, 0.0, 0.0, 0.0, 1.0, 0.0, 0.0, 0.0, 0.0, 1.0, 0.0, 0.0, 0.0, 0.0, 1.0 ], [ 0.0, 0.0, 1.0, 0.0, 1.0, 0.0, 0.0, 0.0, 0.0, 1.0, 0.0, 0.0, 0.0, 0.0, 0.0, 1.0 ], [ 0.0, 1.0, 0.0, 0.0, 0.0, 0.0, 1.0, 0.0, 1.0, 0.0, 0.0, 0.0, 0.0, 0.0, 0.0, 1.0 ], [ 0.809017, 0.309017, 0.5, 0.0, 0.309017, 0.5, -0.809017, 0.0, -0.5, 0.809017, 0.309017, 0.0, 0.0, 0.0, 0.0, 1.0 ], [ -0.5, 0.809017, 0.309017, 0.0, 0.809017, 0.309017, 0.5, 0.0, 0.309017, 0.5, -0.809017, 0.0, 0.0, 0.0, 0.0, 1.0 ], [ 0.309017, 0.5, -0.809017, 0.0, -0.5, 0.809017, 0.309017, 0.0, 0.809017, 0.309017, 0.5, 0.0, 0.0, 0.0, 0.0, 1.0 ], [ 0.5, 0.809017, 0.309017, 0.0, 0.809017, -0.309017, -0.5, 0.0, -0.309017, 0.5, -0.809017, 0.0, 0.0, 0.0, 0.0, 1.0 ], [ -0.309017, 0.5, -0.809017, 0.0, 0.5, 0.809017, 0.309017, 0.0, 0.809017, -0.309017, -0.5, 0.0, 0.0, 0.0, 0.0, 1.0 ], [ 0.809017, -0.309017, -0.5, 0.0, -0.309017, 0.5, -0.809017, 0.0, 0.5, 0.809017, 0.309017, 0.0, 0.0, 0.0, 0.0, 1.0 ], [ 0.5, 0.809017, -0.309017, 0.0, 0.809017, -0.309017, 0.5, 0.0, 0.309017, -0.5, -0.809017, 0.0, 0.0, 0.0, 0.0, 1.0 ], [ 0.309017, -0.5, -0.809017, 0.0, 0.5, 0.809017, -0.309017, 0.0, 0.809017, -0.309017, 0.5, 0.0, 0.0, 0.0, 0.0, 1.0 ], [ 0.809017, -0.309017, 0.5, 0.0, 0.309017, -0.5, -0.809017, 0.0, 0.5, 0.809017, -0.309017, 0.0, 0.0, 0.0, 0.0, 1.0 ], [ 0.809017, 0.309017, -0.5, 0.0, 0.309017, 0.5, 0.809017, 0.0, 0.5, -0.809017, 0.309017, 0.0, 0.0, 0.0, 0.0, 1.0 ], [ 0.5, -0.809017, 0.309017, 0.0, 0.809017, 0.309017, -0.5, 0.0, 0.309017, 0.5, 0.809017, 0.0, 0.0, 0.0, 0.0, 1.0 ], [ 0.309017, 0.5, 0.809017, 0.0, 0.5, -0.809017, 0.309017, 0.0, 0.809017, 0.309017, -0.5, 0.0, 0.0, 0.0, 0.0, 1.0 ], [ 1.0, 0.0, 0.0, 0.0, 0.0, -1.0, 0.0, 0.0, 0.0, 0.0, -1.0, 0.0, 0.0, 0.0, 0.0, 1.0 ], [ 0.0, 0.0, 1.0, 0.0, -1.0, 0.0, 0.0, 0.0, 0.0, -1.0, 0.0, 0.0, 0.0, 0.0, 0.0, 1.0 ], [ 0.0, 1.0, 0.0, 0.0, 0.0, 0.0, -1.0, 0.0, -1.0, 0.0, 0.0, 0.0, 0.0, 0.0, 0.0, 1.0 ], [ 0.809017, 0.309017, 0.5, 0.0, -0.309017, -0.5, 0.809017, 0.0, 0.5, -0.809017, -0.309017, 0.0, 0.0, 0.0, 0.0, 1.0 ], [ -0.5, 0.809017, 0.309017, 0.0, -0.809017, -0.309017, -0.5, 0.0, -0.309017, -0.5, 0.809017, 0.0, 0.0, 0.0, 0.0, 1.0 ], [ 0.309017, 0.5, -0.809017, 0.0, 0.5, -0.809017, -0.309017, 0.0, -0.809017, -0.309017, -0.5, 0.0, 0.0, 0.0, 0.0, 1.0 ], [ 0.5, 0.809017, 0.309017, 0.0, -0.809017, 0.309017, 0.5, 0.0, 0.309017, -0.5, 0.809017, 0.0, 0.0, 0.0, 0.0, 1.0 ], [ -0.309017, 0.5, -0.809017, 0.0, -0.5, -0.809017, -0.309017, 0.0, -0.809017, 0.309017, 0.5, 0.0, 0.0, 0.0, 0.0, 1.0 ], [ 0.809017, -0.309017, -0.5, 0.0, 0.309017, -0.5, 0.809017, 0.0, -0.5, -0.809017, -0.309017, 0.0, 0.0, 0.0, 0.0, 1.0 ], [ 0.5, 0.809017, -0.309017, 0.0, -0.809017, 0.309017, -0.5, 0.0, -0.309017, 0.5, 0.809017, 0.0, 0.0, 0.0, 0.0, 1.0 ], [ 0.309017, -0.5, -0.809017, 0.0, -0.5, -0.809017, 0.309017, 0.0, -0.809017, 0.309017, -0.5, 0.0, 0.0, 0.0, 0.0, 1.0 ], [ 0.809017, -0.309017, 0.5, 0.0, -0.309017, 0.5, 0.809017, 0.0, -0.5, -0.809017, 0.309017, 0.0, 0.0, 0.0, 0.0, 1.0 ], [ 0.809017, 0.309017, -0.5, 0.0, -0.309017, -0.5, -0.809017, 0.0, -0.5, 0.809017, -0.309017, 0.0, 0.0, 0.0, 0.0, 1.0 ], [ 0.5, -0.809017, 0.309017, 0.0, -0.809017, -0.309017, 0.5, 0.0, -0.309017, -0.5, -0.809017, 0.0, 0.0, 0.0, 0.0, 1.0 ], [ 0.309017, 0.5, 0.809017, 0.0, -0.5, 0.809017, -0.309017, 0.0, -0.809017, -0.309017, 0.5, 0.0, 0.0, 0.0, 0.0, 1.0 ], [ -1.0, 0.0, 0.0, 0.0, 0.0, -1.0, 0.0, 0.0, 0.0, 0.0, 1.0, 0.0, 0.0, 0.0, 0.0, 1.0 ], [ 0.0, 0.0, -1.0, 0.0, -1.0, 0.0, 0.0, 0.0, 0.0, 1.0, 0.0, 0.0, 0.0, 0.0, 0.0, 1.0 ], [ 0.0, -1.0, 0.0, 0.0, 0.0, 0.0, -1.0, 0.0, 1.0, 0.0, 0.0, 0.0, 0.0, 0.0, 0.0, 1.0 ], [ -0.809017, -0.309017, -0.5, 0.0, -0.309017, -0.5, 0.809017, 0.0, -0.5, 0.809017, 0.309017, 0.0, 0.0, 0.0, 0.0, 1.0 ], [ 0.5, -0.809017, -0.309017, 0.0, -0.809017, -0.309017, -0.5, 0.0, 0.309017, 0.5, -0.809017, 0.0, 0.0, 0.0, 0.0, 1.0 ], [ -0.309017, -0.5, 0.809017, 0.0, 0.5, -0.809017, -0.309017, 0.0, 0.809017, 0.309017, 0.5, 0.0, 0.0, 0.0, 0.0, 1.0 ], [ -0.5, -0.809017, -0.309017, 0.0, -0.809017, 0.309017, 0.5, 0.0, -0.309017, 0.5, -0.809017, 0.0, 0.0, 0.0, 0.0, 1.0 ], [ 0.309017, -0.5, 0.809017, 0.0, -0.5, -0.809017, -0.309017, 0.0, 0.809017, -0.309017, -0.5, 0.0, 0.0, 0.0, 0.0, 1.0 ], [ -0.809017, 0.309017, 0.5, 0.0, 0.309017, -0.5, 0.809017, 0.0, 0.5, 0.809017, 0.309017, 0.0, 0.0, 0.0, 0.0, 1.0 ], [ -0.5, -0.809017, 0.309017, 0.0, -0.809017, 0.309017, -0.5, 0.0, 0.309017, -0.5, -0.809017, 0.0, 0.0, 0.0, 0.0, 1.0 ], [ -0.309017, 0.5, 0.809017, 0.0, -0.5, -0.809017, 0.309017, 0.0, 0.809017, -0.309017, 0.5, 0.0, 0.0, 0.0, 0.0, 1.0 ], [ -0.809017, 0.309017, -0.5, 0.0, -0.309017, 0.5, 0.809017, 0.0, 0.5, 0.809017, -0.309017, 0.0, 0.0, 0.0, 0.0, 1.0 ], [ -0.809017, -0.309017, 0.5, 0.0, -0.309017, -0.5, -0.809017, 0.0, 0.5, -0.809017, 0.309017, 0.0, 0.0, 0.0, 0.0, 1.0 ], [ -0.5, 0.809017, -0.309017, 0.0, -0.809017, -0.309017, 0.5, 0.0, 0.309017, 0.5, 0.809017, 0.0, 0.0, 0.0, 0.0, 1.0 ], [ -0.309017, -0.5, -0.809017, 0.0, -0.5, 0.809017, -0.309017, 0.0, 0.809017, 0.309017, -0.5, 0.0, 0.0, 0.0, 0.0, 1.0 ], [ -1.0, 0.0, 0.0, 0.0, 0.0, 1.0, 0.0, 0.0, 0.0, 0.0, -1.0, 0.0, 0.0, 0.0, 0.0, 1.0 ], [ 0.0, 0.0, -1.0, 0.0, 1.0, 0.0, 0.0, 0.0, 0.0, -1.0, 0.0, 0.0, 0.0, 0.0, 0.0, 1.0 ], [ 0.0, -1.0, 0.0, 0.0, 0.0, 0.0, 1.0, 0.0, -1.0, 0.0, 0.0, 0.0, 0.0, 0.0, 0.0, 1.0 ], [ -0.809017, -0.309017, -0.5, 0.0, 0.309017, 0.5, -0.809017, 0.0, 0.5, -0.809017, -0.309017, 0.0, 0.0, 0.0, 0.0, 1.0 ], [ 0.5, -0.809017, -0.309017, 0.0, 0.809017, 0.309017, 0.5, 0.0, -0.309017, -0.5, 0.809017, 0.0, 0.0, 0.0, 0.0, 1.0 ], [ -0.309017, -0.5, 0.809017, 0.0, -0.5, 0.809017, 0.309017, 0.0, -0.809017, -0.309017, -0.5, 0.0, 0.0, 0.0, 0.0, 1.0 ], [ -0.5, -0.809017, -0.309017, 0.0, 0.809017, -0.309017, -0.5, 0.0, 0.309017, -0.5, 0.809017, 0.0, 0.0, 0.0, 0.0, 1.0 ], [ 0.309017, -0.5, 0.809017, 0.0, 0.5, 0.809017, 0.309017, 0.0, -0.809017, 0.309017, 0.5, 0.0, 0.0, 0.0, 0.0, 1.0 ], [ -0.809017, 0.309017, 0.5, 0.0, -0.309017, 0.5, -0.809017, 0.0, -0.5, -0.809017, -0.309017, 0.0, 0.0, 0.0, 0.0, 1.0 ], [ -0.5, -0.809017, 0.309017, 0.0, 0.809017, -0.309017, 0.5, 0.0, -0.309017, 0.5, 0.809017, 0.0, 0.0, 0.0, 0.0, 1.0 ], [ -0.309017, 0.5, 0.809017, 0.0, 0.5, 0.809017, -0.309017, 0.0, -0.809017, 0.309017, -0.5, 0.0, 0.0, 0.0, 0.0, 1.0 ], [ -0.809017, 0.309017, -0.5, 0.0, 0.309017, -0.5, -0.809017, 0.0, -0.5, -0.809017, 0.309017, 0.0, 0.0, 0.0, 0.0, 1.0 ], [ -0.809017, -0.309017, 0.5, 0.0, 0.309017, 0.5, 0.809017, 0.0, -0.5, 0.809017, -0.309017, 0.0, 0.0, 0.0, 0.0, 1.0 ], [ -0.5, 0.809017, -0.309017, 0.0, 0.809017, 0.309017, -0.5, 0.0, -0.309017, -0.5, -0.809017, 0.0, 0.0, 0.0, 0.0, 1.0 ], [ -0.309017, -0.5, -0.809017, 0.0, 0.5, -0.809017, 0.309017, 0.0, -0.809017, -0.309017, 0.5, 0.0, 0.0, 0.0, 0.0, 1.0 ] ],
  "lights" : {
    "backgroundColor" : "#B2D8FF",
    "ambientColor" : "#292929",
    "directionalLights" : [ {
      "direction" : {
        "x" : 1.0,
        "y" : -1.0,
        "z" : -1.0
      },
      "color" : "#EBEBE4"
    }, {
      "direction" : {
        "x" : -1.0,
        "y" : 0.0,
        "z" : 0.0
      },
      "color" : "#E4E4EB"
    }, {
      "direction" : {
        "x" : 0.0,
        "y" : 0.0,
        "z" : -1.0
      },
      "color" : "#1E1E1E"
    } ]
  },
  "camera" : {
    "stereo" : false,
    "width" : 130.36987,
    "perspective" : false,
    "lookDirection" : {
      "x" : 0.0,
      "y" : 0.0,
      "z" : -1.0
    },
    "upDirection" : {
      "x" : 0.0,
      "y" : 1.0,
      "z" : 0.0
    },
    "lookAtPoint" : {
      "x" : 0.0,
      "y" : 0.0,
      "z" : 0.0
    },
    "viewDistance" : 289.70972,
    "nearClipDistance" : 0.72427416,
    "farClipDistance" : 579.4208,
    "fieldOfView" : 0.44263053,
    "position" : {
      "x" : 0.0,
      "y" : 0.0,
      "z" : 289.70972
    }
  },
  "embedding" : [ 1.0, 0.0, 0.0, 0.0, 0.0, 1.0, 0.0, 0.0, 0.0, 0.0, 1.0, 0.0, 0.0, 0.0, 0.0, 1.0 ],
  "shapes" : [ {
    "id" : "5b379918-6de9-406e-8ea6-ac1b913f8d43",
    "vertices" : [ {
      "x" : 21.18034,
      "y" : 3.236068,
      "z" : 5.236068
    }, {
      "x" : 22.298374,
      "y" : 2.427051,
      "z" : 6.545085
    }, {
      "x" : 15.326238,
      "y" : 1.0,
      "z" : 4.236068
    }, {
      "x" : 14.208204,
      "y" : 1.809017,
      "z" : 2.927051
    } ],
    "faces" : [ {
      "vertices" : [ 0, 1, 2 ]
    }, {
      "vertices" : [ 0, 2, 3 ]
    }, {
      "vertices" : [ 0, 3, 2 ]
    }, {
      "vertices" : [ 0, 2, 1 ]
    } ]
  }, {
    "id" : "a13fbd96-9d73-441c-9bff-c43deaa78d75",
    "vertices" : [ {
      "x" : -2.927051,
      "y" : -4.736068,
      "z" : 7.663119
    }, {
      "x" : -3.927051,
      "y" : -6.354102,
      "z" : 7.663119
    }, {
      "x" : -5.736068,
      "y" : -6.663119,
      "z" : 8.163119
    }, {
      "x" : -4.736068,
      "y" : -5.045085,
      "z" : 8.163119
    } ],
    "faces" : [ {
      "vertices" : [ 0, 1, 2 ]
    }, {
      "vertices" : [ 0, 2, 3 ]
    }, {
      "vertices" : [ 0, 3, 2 ]
    }, {
      "vertices" : [ 0, 2, 1 ]
    } ]
  }, {
    "id" : "3083fa1a-09b1-41d6-a4ab-8b16b5af3812",
    "vertices" : [ {
      "x" : 8.163119,
      "y" : 4.736068,
      "z" : -5.045085
    }, {
      "x" : 9.972136,
      "y" : 4.427051,
      "z" : -4.545085
    }, {
      "x" : 12.399187,
      "y" : 7.354102,
      "z" : -6.045085
    }, {
      "x" : 10.59017,
      "y" : 7.663119,
      "z" : -6.545085
    } ],
    "faces" : [ {
      "vertices" : [ 0, 1, 2 ]
    }, {
      "vertices" : [ 0, 2, 3 ]
    }, {
      "vertices" : [ 0, 3, 2 ]
    }, {
      "vertices" : [ 0, 2, 1 ]
    } ]
  }, {
    "id" : "ea087b5f-2544-4da9-8dff-635640656e0e",
    "vertices" : [ {
      "x" : -4.736068,
      "y" : -7.663119,
      "z" : 2.927051
    }, {
      "x" : -4.236068,
      "y" : -9.472136,
      "z" : 2.618034
    }, {
      "x" : -4.545085,
      "y" : -9.972136,
      "z" : 4.427051
    }, {
      "x" : -5.045085,
      "y" : -8.163119,
      "z" : 4.736068
    } ],
    "faces" : [ {
      "vertices" : [ 0, 1, 2 ]
    }, {
      "vertices" : [ 0, 2, 3 ]
    }, {
      "vertices" : [ 0, 3, 2 ]
    }, {
      "vertices" : [ 0, 2, 1 ]
    } ]
  }, {
    "id" : "3478ca59-2d84-4090-88f0-00a8f63bd49f",
    "vertices" : [ {
      "x" : 4.7934146,
      "y" : 3.4348493,
      "z" : -16.789663
    }, {
      "x" : 4.893415,
      "y" : 3.0348494,
      "z" : -16.889662
    }, {
      "x" : 0.38986683,
      "y" : -0.0077983243,
      "z" : -0.5691992
    }, {
      "x" : 0.28986683,
      "y" : 0.39220166,
      "z" : -0.46919924
    }, {
      "x" : 5.1934147,
      "y" : 3.1681826,
      "z" : -16.656328
    }, {
      "x" : 5.093415,
      "y" : 3.5681827,
      "z" : -16.55633
    }, {
      "x" : -0.010133172,
      "y" : 0.25886834,
      "z" : -0.7025326
    }, {
      "x" : 0.089866824,
      "y" : -0.14113165,
      "z" : -0.80253255
    } ],
    "faces" : [ {
      "vertices" : [ 2, 3, 6 ]
    }, {
      "vertices" : [ 2, 6, 7 ]
    }, {
      "vertices" : [ 0, 5, 4 ]
    }, {
      "vertices" : [ 0, 4, 1 ]
    }, {
      "vertices" : [ 2, 4, 5 ]
    }, {
      "vertices" : [ 2, 5, 3 ]
    }, {
      "vertices" : [ 0, 6, 3 ]
    }, {
      "vertices" : [ 0, 3, 5 ]
    }, {
      "vertices" : [ 0, 1, 7 ]
    }, {
      "vertices" : [ 0, 7, 6 ]
    }, {
      "vertices" : [ 1, 4, 2 ]
    }, {
      "vertices" : [ 1, 2, 7 ]
    } ]
  }, {
    "id" : "4f05d33d-e36f-4a4b-9a81-0dd4301648f7",
    "vertices" : [ {
      "x" : -4.545085,
      "y" : -9.972136,
      "z" : -4.427051
    }, {
      "x" : -6.045085,
      "y" : -12.399187,
      "z" : -7.354102
    }, {
      "x" : -6.545085,
      "y" : -16.444271,
      "z" : -7.663119
    }, {
      "x" : -5.045085,
      "y" : -14.0172205,
      "z" : -4.736068
    } ],
    "faces" : [ {
      "vertices" : [ 0, 1, 2 ]
    }, {
      "vertices" : [ 0, 2, 3 ]
    }, {
      "vertices" : [ 0, 3, 2 ]
    }, {
      "vertices" : [ 0, 2, 1 ]
    } ]
  }, {
    "id" : "1484c8c9-3b15-4430-99c9-e6369c24d462",
    "vertices" : [ {
      "x" : 13.399187,
      "y" : 11.208204,
      "z" : -15.5172205
    }, {
      "x" : 15.326238,
      "y" : 14.326238,
      "z" : -17.326239
    }, {
      "x" : 10.59017,
      "y" : 11.281153,
      "z" : -12.399187
    }, {
      "x" : 8.663119,
      "y" : 8.163119,
      "z" : -10.59017
    } ],
    "faces" : [ {
      "vertices" : [ 0, 1, 2 ]
    }, {
      "vertices" : [ 0, 2, 3 ]
    }, {
      "vertices" : [ 0, 3, 2 ]
    }, {
      "vertices" : [ 0, 2, 1 ]
    } ]
  }, {
    "id" : "2b6901e2-cfa8-465b-bf75-e7fb6c5d059d",
    "vertices" : [ {
      "x" : 2.309017,
      "y" : 25.916409,
      "z" : 5.045085
    }, {
      "x" : 3.927051,
      "y" : 22.298374,
      "z" : 4.045085
    }, {
      "x" : 1.618034,
      "y" : 15.326238,
      "z" : 2.618034
    }, {
      "x" : 0.0,
      "y" : 18.944271,
      "z" : 3.618034
    } ],
    "faces" : [ {
      "vertices" : [ 0, 1, 2 ]
    }, {
      "vertices" : [ 0, 2, 3 ]
    }, {
      "vertices" : [ 0, 3, 2 ]
    }, {
      "vertices" : [ 0, 2, 1 ]
    } ]
  }, {
    "id" : "69032060-a892-4988-b2ef-d6d4ecdd3611",
    "vertices" : [ {
      "x" : 1.0954915,
      "y" : 0.1545085,
      "z" : 0.059016995
    }, {
      "x" : 1.4635255,
      "y" : 0.25,
      "z" : -0.4045085
    }, {
      "x" : 1.0954915,
      "y" : 0.1545085,
      "z" : 0.059016995
    }, {
      "x" : 0.9045085,
      "y" : 0.4635255,
      "z" : -0.440983
    }, {
      "x" : 0.9045085,
      "y" : 0.4635255,
      "z" : -0.440983
    }, {
      "x" : 0.9045085,
      "y" : -0.1545085,
      "z" : -0.059016995
    }, {
      "x" : 0.9045085,
      "y" : -0.1545085,
      "z" : -0.059016995
    }, {
      "x" : 0.7135255,
      "y" : 0.1545085,
      "z" : -0.559017
    }, {
      "x" : 1.809017,
      "y" : 0.309017,
      "z" : -0.5
    }, {
      "x" : 0.3454915,
      "y" : 0.059016995,
      "z" : -0.095491506
    }, {
      "x" : 0.7135255,
      "y" : 0.1545085,
      "z" : -0.559017
    } ],
    "faces" : [ {
      "vertices" : [ 2, 9, 6 ]
    }, {
      "vertices" : [ 0, 1, 3 ]
    }, {
      "vertices" : [ 0, 5, 1 ]
    }, {
      "vertices" : [ 4, 10, 9 ]
    }, {
      "vertices" : [ 3, 7, 10 ]
    }, {
      "vertices" : [ 3, 10, 4 ]
    }, {
      "vertices" : [ 0, 3, 4 ]
    }, {
      "vertices" : [ 0, 4, 2 ]
    }, {
      "vertices" : [ 6, 9, 10 ]
    }, {
      "vertices" : [ 1, 7, 3 ]
    }, {
      "vertices" : [ 5, 6, 10 ]
    }, {
      "vertices" : [ 5, 10, 7 ]
    }, {
      "vertices" : [ 0, 2, 6 ]
    }, {
      "vertices" : [ 0, 6, 5 ]
    }, {
      "vertices" : [ 1, 5, 7 ]
    }, {
      "vertices" : [ 2, 4, 9 ]
    } ]
  }, {
    "id" : "89d31ca6-a0a4-4c68-b539-3a958e4d9894",
    "vertices" : [ {
      "x" : 0.309017,
      "y" : -0.309017,
      "z" : -0.309017
    }, {
      "x" : 0.5,
      "y" : 0.0,
      "z" : -0.19098301
    }, {
      "x" : 0.5,
      "y" : 0.0,
      "z" : 0.19098301
    }, {
      "x" : 0.309017,
      "y" : -0.309017,
      "z" : 0.309017
    }, {
      "x" : 0.19098301,
      "y" : -0.5,
      "z" : 0.0
    }, {
      "x" : 0.0,
      "y" : 0.19098301,
      "z" : 0.5
    }, {
      "x" : 0.0,
      "y" : -0.19098301,
      "z" : 0.5
    }, {
      "x" : 0.309017,
      "y" : 0.309017,
      "z" : 0.309017
    }, {
      "x" : -0.309017,
      "y" : -0.309017,
      "z" : 0.309017
    }, {
      "x" : -0.309017,
      "y" : 0.309017,
      "z" : 0.309017
    }, {
      "x" : -0.5,
      "y" : 0.0,
      "z" : 0.19098301
    }, {
      "x" : 0.0,
      "y" : -0.19098301,
      "z" : -0.5
    }, {
      "x" : 0.0,
      "y" : 0.19098301,
      "z" : -0.5
    }, {
      "x" : 0.309017,
      "y" : 0.309017,
      "z" : -0.309017
    }, {
      "x" : -0.309017,
      "y" : -0.309017,
      "z" : -0.309017
    }, {
      "x" : -0.19098301,
      "y" : -0.5,
      "z" : 0.0
    }, {
      "x" : -0.5,
      "y" : 0.0,
      "z" : -0.19098301
    }, {
      "x" : 0.19098301,
      "y" : 0.5,
      "z" : 0.0
    }, {
      "x" : -0.309017,
      "y" : 0.309017,
      "z" : -0.309017
    }, {
      "x" : 0.0,
      "y" : 0.0,
      "z" : 0.0
    }, {
      "x" : -0.19098301,
      "y" : 0.5,
      "z" : 0.0
    } ],
    "faces" : [ {
      "vertices" : [ 12, 18, 20 ]
    }, {
      "vertices" : [ 12, 20, 17 ]
    }, {
      "vertices" : [ 12, 17, 13 ]
    }, {
      "vertices" : [ 3, 6, 8 ]
    }, {
      "vertices" : [ 3, 8, 15 ]
    }, {
      "vertices" : [ 3, 15, 4 ]
    }, {
      "vertices" : [ 0, 11, 12 ]
    }, {
      "vertices" : [ 0, 12, 13 ]
    }, {
      "vertices" : [ 0, 13, 1 ]
    }, {
      "vertices" : [ 5, 9, 10 ]
    }, {
      "vertices" : [ 5, 10, 8 ]
    }, {
      "vertices" : [ 5, 8, 6 ]
    }, {
      "vertices" : [ 2, 7, 5 ]
    }, {
      "vertices" : [ 2, 5, 6 ]
    }, {
      "vertices" : [ 2, 6, 3 ]
    }, {
      "vertices" : [ 11, 14, 16 ]
    }, {
      "vertices" : [ 11, 16, 18 ]
    }, {
      "vertices" : [ 11, 18, 12 ]
    }, {
      "vertices" : [ 1, 13, 17 ]
    }, {
      "vertices" : [ 1, 17, 7 ]
    }, {
      "vertices" : [ 1, 7, 2 ]
    }, {
      "vertices" : [ 9, 20, 18 ]
    }, {
      "vertices" : [ 9, 18, 16 ]
    }, {
      "vertices" : [ 9, 16, 10 ]
    }, {
      "vertices" : [ 0, 1, 2 ]
    }, {
      "vertices" : [ 0, 2, 3 ]
    }, {
      "vertices" : [ 0, 3, 4 ]
    }, {
      "vertices" : [ 5, 7, 17 ]
    }, {
      "vertices" : [ 5, 17, 20 ]
    }, {
      "vertices" : [ 5, 20, 9 ]
    }, {
      "vertices" : [ 0, 4, 15 ]
    }, {
      "vertices" : [ 0, 15, 14 ]
    }, {
      "vertices" : [ 0, 14, 11 ]
    }, {
      "vertices" : [ 8, 10, 16 ]
    }, {
      "vertices" : [ 8, 16, 14 ]
    }, {
      "vertices" : [ 8, 14, 15 ]
    } ]
  }, {
    "id" : "3d98d624-9174-4e72-8083-939e2f23c870",
    "vertices" : [ {
      "x" : 7.854102,
      "y" : -4.854102,
      "z" : 0.0
    }, {
      "x" : 7.972136,
      "y" : -6.736068,
      "z" : 0.0
    }, {
      "x" : 8.126644,
      "y" : -6.486068,
      "z" : 0.9045085
    } ],
    "faces" : [ {
      "vertices" : [ 0, 1, 2 ]
    }, {
      "vertices" : [ 0, 2, 1 ]
    } ]
  }, {
    "id" : "0bbce6f8-a443-4104-ba9c-59e53f02c1e8",
    "vertices" : [ {
      "x" : 0.9045085,
      "y" : 0.3454915,
      "z" : 0.25
    }, {
      "x" : 3.5225425,
      "y" : 1.9635255,
      "z" : 0.25
    }, {
      "x" : 3.3315594,
      "y" : 2.2725425,
      "z" : 0.25
    }, {
      "x" : 0.7135255,
      "y" : 0.6545085,
      "z" : 0.25
    }, {
      "x" : 0.809017,
      "y" : 0.5,
      "z" : -0.309017
    }, {
      "x" : 0.9635255,
      "y" : 0.25,
      "z" : -0.095491506
    }, {
      "x" : 0.309017,
      "y" : 0.19098301,
      "z" : 0.0
    }, {
      "x" : 3.927051,
      "y" : 2.427051,
      "z" : 0.0
    }, {
      "x" : 3.2725425,
      "y" : 2.368034,
      "z" : -0.095491506
    }, {
      "x" : 3.427051,
      "y" : 2.118034,
      "z" : -0.309017
    }, {
      "x" : 4.236068,
      "y" : 2.618034,
      "z" : 0.0
    }, {
      "x" : 0.6545085,
      "y" : 0.75,
      "z" : -0.095491506
    }, {
      "x" : 3.5815594,
      "y" : 1.868034,
      "z" : -0.095491506
    } ],
    "faces" : [ {
      "vertices" : [ 4, 11, 8 ]
    }, {
      "vertices" : [ 4, 8, 9 ]
    }, {
      "vertices" : [ 0, 1, 2 ]
    }, {
      "vertices" : [ 0, 2, 3 ]
    }, {
      "vertices" : [ 0, 3, 6 ]
    }, {
      "vertices" : [ 1, 7, 2 ]
    }, {
      "vertices" : [ 0, 6, 5 ]
    }, {
      "vertices" : [ 4, 5, 6 ]
    }, {
      "vertices" : [ 2, 7, 8 ]
    }, {
      "vertices" : [ 0, 5, 12 ]
    }, {
      "vertices" : [ 0, 12, 1 ]
    }, {
      "vertices" : [ 1, 12, 7 ]
    }, {
      "vertices" : [ 3, 11, 6 ]
    }, {
      "vertices" : [ 4, 6, 11 ]
    }, {
      "vertices" : [ 7, 9, 8 ]
    }, {
      "vertices" : [ 2, 8, 11 ]
    }, {
      "vertices" : [ 2, 11, 3 ]
    }, {
      "vertices" : [ 7, 12, 9 ]
    }, {
      "vertices" : [ 4, 9, 12 ]
    }, {
      "vertices" : [ 4, 12, 5 ]
    } ]
  }, {
    "id" : "92eb7f88-f828-41a5-91ed-e2045ebf8a67",
    "vertices" : [ {
      "x" : -14.944272,
      "y" : -15.09017,
      "z" : -3.618034
    }, {
      "x" : -16.562305,
      "y" : -12.472136,
      "z" : -5.854102
    }, {
      "x" : -11.222136,
      "y" : -8.185661,
      "z" : -3.2725425
    }, {
      "x" : -10.317628,
      "y" : -9.649187,
      "z" : -2.0225425
    } ],
    "faces" : [ {
      "vertices" : [ 0, 1, 2 ]
    }, {
      "vertices" : [ 0, 2, 3 ]
    }, {
      "vertices" : [ 0, 3, 2 ]
    }, {
      "vertices" : [ 0, 2, 1 ]
    } ]
  }, {
    "id" : "15efc87f-5d0c-49fe-ac88-d806c1381bb9",
    "vertices" : [ {
      "x" : -4.854102,
      "y" : 0.0,
      "z" : -7.854102
    }, {
      "x" : -5.8315597,
      "y" : 1.4635255,
      "z" : -8.531153
    }, {
      "x" : -6.486068,
      "y" : 0.9045085,
      "z" : -8.126644
    } ],
    "faces" : [ {
      "vertices" : [ 0, 1, 2 ]
    }, {
      "vertices" : [ 0, 2, 1 ]
    } ]
  }, {
    "id" : "e1d6c9c3-e6ac-4292-ba5d-833529d274ce",
    "vertices" : [ {
      "x" : 1.0,
      "y" : 0.309017,
      "z" : 0.19098301
    }, {
      "x" : 1.0,
      "y" : -0.309017,
      "z" : 0.19098301
    }, {
      "x" : 7.472136,
      "y" : -0.309017,
      "z" : 0.19098301
    }, {
      "x" : 7.472136,
      "y" : 0.309017,
      "z" : 0.19098301
    }, {
      "x" : 7.472136,
      "y" : -0.309017,
      "z" : -0.19098301
    }, {
      "x" : 7.472136,
      "y" : 0.309017,
      "z" : -0.19098301
    }, {
      "x" : 8.09017,
      "y" : 0.0,
      "z" : 0.0
    }, {
      "x" : 0.38196602,
      "y" : 0.0,
      "z" : 0.0
    }, {
      "x" : 1.0,
      "y" : 0.309017,
      "z" : -0.19098301
    }, {
      "x" : 1.0,
      "y" : -0.309017,
      "z" : -0.19098301
    }, {
      "x" : 8.472136,
      "y" : 0.0,
      "z" : 0.0
    } ],
    "faces" : [ {
      "vertices" : [ 1, 9, 4 ]
    }, {
      "vertices" : [ 1, 4, 2 ]
    }, {
      "vertices" : [ 0, 3, 5 ]
    }, {
      "vertices" : [ 0, 5, 8 ]
    }, {
      "vertices" : [ 1, 7, 9 ]
    }, {
      "vertices" : [ 0, 1, 2 ]
    }, {
      "vertices" : [ 0, 2, 3 ]
    }, {
      "vertices" : [ 7, 8, 9 ]
    }, {
      "vertices" : [ 0, 7, 1 ]
    }, {
      "vertices" : [ 4, 9, 8 ]
    }, {
      "vertices" : [ 4, 8, 5 ]
    }, {
      "vertices" : [ 2, 6, 3 ]
    }, {
      "vertices" : [ 2, 4, 6 ]
    }, {
      "vertices" : [ 3, 6, 5 ]
    }, {
      "vertices" : [ 4, 5, 6 ]
    }, {
      "vertices" : [ 0, 8, 7 ]
    } ]
  }, {
    "id" : "33318624-3595-43e3-827f-04e79a2ec339",
    "vertices" : [ {
      "x" : -6.7301507,
      "y" : 0.64038455,
      "z" : 1.3676397
    }, {
      "x" : -6.630151,
      "y" : 1.0403845,
      "z" : 1.2676396
    }, {
      "x" : -0.5059172,
      "y" : 0.35961547,
      "z" : 0.2503943
    }, {
      "x" : -0.6059172,
      "y" : -0.040384527,
      "z" : 0.35039434
    }, {
      "x" : -6.396817,
      "y" : 1.1737179,
      "z" : 1.5676397
    }, {
      "x" : -6.4968176,
      "y" : 0.7737179,
      "z" : 1.6676396
    }, {
      "x" : -0.83925056,
      "y" : -0.17371786,
      "z" : 0.050394326
    }, {
      "x" : -0.73925054,
      "y" : 0.22628213,
      "z" : -0.04960567
    } ],
    "faces" : [ {
      "vertices" : [ 2, 3, 6 ]
    }, {
      "vertices" : [ 2, 6, 7 ]
    }, {
      "vertices" : [ 0, 5, 4 ]
    }, {
      "vertices" : [ 0, 4, 1 ]
    }, {
      "vertices" : [ 2, 4, 5 ]
    }, {
      "vertices" : [ 2, 5, 3 ]
    }, {
      "vertices" : [ 0, 6, 3 ]
    }, {
      "vertices" : [ 0, 3, 5 ]
    }, {
      "vertices" : [ 0, 1, 7 ]
    }, {
      "vertices" : [ 0, 7, 6 ]
    }, {
      "vertices" : [ 1, 4, 2 ]
    }, {
      "vertices" : [ 1, 2, 7 ]
    } ]
  }, {
    "id" : "c0c9145c-5d4a-446d-a830-b50ac39f7022",
    "vertices" : [ {
      "x" : -11.708204,
      "y" : -1.618034,
      "z" : 0.0
    }, {
      "x" : -15.326238,
      "y" : -2.618034,
      "z" : -1.618034
    }, {
      "x" : -18.944271,
      "y" : -3.618034,
      "z" : 0.0
    }, {
      "x" : -15.326238,
      "y" : -2.618034,
      "z" : 1.618034
    } ],
    "faces" : [ {
      "vertices" : [ 0, 1, 2 ]
    }, {
      "vertices" : [ 0, 2, 3 ]
    }, {
      "vertices" : [ 0, 3, 2 ]
    }, {
      "vertices" : [ 0, 2, 1 ]
    } ]
  }, {
    "id" : "6a6207ec-bcc1-4ae6-9c97-6cfc6a908731",
    "vertices" : [ {
      "x" : 7.163119,
      "y" : -22.062305,
      "z" : 2.809017
    }, {
      "x" : 9.281153,
      "y" : -25.489357,
      "z" : 2.118034
    }, {
      "x" : 7.663119,
      "y" : -18.253288,
      "z" : 1.118034
    }, {
      "x" : 5.545085,
      "y" : -14.826238,
      "z" : 1.809017
    } ],
    "faces" : [ {
      "vertices" : [ 0, 1, 2 ]
    }, {
      "vertices" : [ 0, 2, 3 ]
    }, {
      "vertices" : [ 0, 3, 2 ]
    }, {
      "vertices" : [ 0, 2, 1 ]
    } ]
  }, {
    "id" : "8a675464-eebc-4b67-8827-55a2ec0c16db",
    "vertices" : [ {
      "x" : -7.854102,
      "y" : -4.854102,
      "z" : 0.0
    }, {
      "x" : -9.435661,
      "y" : -4.368034,
      "z" : -0.9045085
    }, {
      "x" : -9.59017,
      "y" : -4.118034,
      "z" : 0.0
    } ],
    "faces" : [ {
      "vertices" : [ 0, 1, 2 ]
    }, {
      "vertices" : [ 0, 2, 1 ]
    } ]
  }, {
    "id" : "c2c35cc4-95c5-42e0-af2d-6ea98c488227",
    "vertices" : [ {
      "x" : 0.690983,
      "y" : 0.5,
      "z" : -0.809017
    }, {
      "x" : 1.0,
      "y" : 0.0,
      "z" : -0.618034
    }, {
      "x" : 0.809017,
      "y" : 0.690983,
      "z" : -0.5
    } ],
    "faces" : [ {
      "vertices" : [ 0, 1, 2 ]
    }, {
      "vertices" : [ 0, 2, 1 ]
    } ]
  }, {
    "id" : "60944cb0-12d2-40e5-8d46-02a854282a8b",
    "vertices" : [ {
      "x" : -5.736068,
      "y" : -6.663119,
      "z" : 21.253288
    }, {
      "x" : -3.927051,
      "y" : -6.354102,
      "z" : 20.753288
    }, {
      "x" : -2.927051,
      "y" : -4.736068,
      "z" : 13.5172205
    }, {
      "x" : -4.736068,
      "y" : -5.045085,
      "z" : 14.0172205
    } ],
    "faces" : [ {
      "vertices" : [ 0, 1, 2 ]
    }, {
      "vertices" : [ 0, 2, 3 ]
    }, {
      "vertices" : [ 0, 3, 2 ]
    }, {
      "vertices" : [ 0, 2, 1 ]
    } ]
  }, {
    "id" : "505d93ae-27d9-4b70-b074-6dcbbaf28e90",
    "vertices" : [ {
      "x" : 7.663119,
      "y" : -2.927051,
      "z" : 4.736068
    }, {
      "x" : 8.163119,
      "y" : -4.736068,
      "z" : 5.045085
    }, {
      "x" : 8.163119,
      "y" : -5.736068,
      "z" : 6.663119
    }, {
      "x" : 7.663119,
      "y" : -3.927051,
      "z" : 6.354102
    } ],
    "faces" : [ {
      "vertices" : [ 0, 1, 2 ]
    }, {
      "vertices" : [ 0, 2, 3 ]
    }, {
      "vertices" : [ 0, 3, 2 ]
    }, {
      "vertices" : [ 0, 2, 1 ]
    } ]
  }, {
    "id" : "105a0f79-decc-4789-a3ea-d2721ecc5dc3",
    "vertices" : [ {
      "x" : 1.5,
      "y" : 5.045085,
      "z" : -10.781153
    }, {
      "x" : 0.809017,
      "y" : 7.163119,
      "z" : -14.208204
    }, {
      "x" : 1.118034,
      "y" : 7.663119,
      "z" : -12.399187
    }, {
      "x" : 1.809017,
      "y" : 5.545085,
      "z" : -8.972136
    } ],
    "faces" : [ {
      "vertices" : [ 0, 1, 2 ]
    }, {
      "vertices" : [ 0, 2, 3 ]
    }, {
      "vertices" : [ 0, 3, 2 ]
    }, {
      "vertices" : [ 0, 2, 1 ]
    } ]
  }, {
    "id" : "1b98c0da-de35-4695-834b-980acdc51bba",
    "vertices" : [ {
      "x" : -14.944272,
      "y" : 15.09017,
      "z" : 3.618034
    }, {
      "x" : -16.562305,
      "y" : 12.472136,
      "z" : 5.854102
    }, {
      "x" : -11.222136,
      "y" : 8.185661,
      "z" : 3.2725425
    }, {
      "x" : -10.317628,
      "y" : 9.649187,
      "z" : 2.0225425
    } ],
    "faces" : [ {
      "vertices" : [ 0, 1, 2 ]
    }, {
      "vertices" : [ 0, 2, 3 ]
    }, {
      "vertices" : [ 0, 3, 2 ]
    }, {
      "vertices" : [ 0, 2, 1 ]
    } ]
  }, {
    "id" : "959004ce-b2f9-44fd-be8a-bed577120fe7",
    "vertices" : [ {
      "x" : -0.38196602,
      "y" : -11.09017,
      "z" : 20.562305
    }, {
      "x" : -0.690983,
      "y" : -11.59017,
      "z" : 24.607391
    }, {
      "x" : -1.118034,
      "y" : -7.663119,
      "z" : 18.253288
    }, {
      "x" : -0.809017,
      "y" : -7.163119,
      "z" : 14.208204
    } ],
    "faces" : [ {
      "vertices" : [ 0, 1, 2 ]
    }, {
      "vertices" : [ 0, 2, 3 ]
    }, {
      "vertices" : [ 0, 3, 2 ]
    }, {
      "vertices" : [ 0, 2, 1 ]
    } ]
  }, {
    "id" : "ebb0624e-d993-4fe5-ae47-2a4ca867e768",
    "vertices" : [ {
      "x" : -1.809017,
      "y" : -5.545085,
      "z" : 8.972136
    }, {
      "x" : -2.809017,
      "y" : -7.163119,
      "z" : 8.972136
    }, {
      "x" : -2.118034,
      "y" : -9.281153,
      "z" : 12.399187
    }, {
      "x" : -1.118034,
      "y" : -7.663119,
      "z" : 12.399187
    } ],
    "faces" : [ {
      "vertices" : [ 0, 1, 2 ]
    }, {
      "vertices" : [ 0, 2, 3 ]
    }, {
      "vertices" : [ 0, 3, 2 ]
    }, {
      "vertices" : [ 0, 2, 1 ]
    } ]
  }, {
    "id" : "4450d1f3-7711-470e-ad45-5db3eb66c611",
    "vertices" : [ {
      "x" : -8.663119,
      "y" : 8.163119,
      "z" : 23.68034
    }, {
      "x" : -5.736068,
      "y" : 6.663119,
      "z" : 21.253288
    }, {
      "x" : -4.736068,
      "y" : 5.045085,
      "z" : 14.0172205
    }, {
      "x" : -7.663119,
      "y" : 6.545085,
      "z" : 16.444271
    } ],
    "faces" : [ {
      "vertices" : [ 0, 1, 2 ]
    }, {
      "vertices" : [ 0, 2, 3 ]
    }, {
      "vertices" : [ 0, 3, 2 ]
    }, {
      "vertices" : [ 0, 2, 1 ]
    } ]
  }, {
    "id" : "af1fcf3f-5705-492a-a50d-a8afa5f1df31",
    "vertices" : [ {
      "x" : -0.066917814,
      "y" : 0.22132382,
      "z" : -0.5123603
    }, {
      "x" : 0.03308219,
      "y" : -0.17867619,
      "z" : -0.61236024
    }, {
      "x" : 0.38986683,
      "y" : -0.0077983243,
      "z" : -0.5691992
    }, {
      "x" : 0.28986683,
      "y" : 0.39220166,
      "z" : -0.46919924
    }, {
      "x" : 0.3330822,
      "y" : -0.04534285,
      "z" : -0.37902692
    }, {
      "x" : 0.23308219,
      "y" : 0.35465714,
      "z" : -0.27902693
    }, {
      "x" : -0.010133172,
      "y" : 0.25886834,
      "z" : -0.7025326
    }, {
      "x" : 0.089866824,
      "y" : -0.14113165,
      "z" : -0.80253255
    } ],
    "faces" : [ {
      "vertices" : [ 2, 3, 6 ]
    }, {
      "vertices" : [ 2, 6, 7 ]
    }, {
      "vertices" : [ 0, 5, 4 ]
    }, {
      "vertices" : [ 0, 4, 1 ]
    }, {
      "vertices" : [ 2, 4, 5 ]
    }, {
      "vertices" : [ 2, 5, 3 ]
    }, {
      "vertices" : [ 0, 6, 3 ]
    }, {
      "vertices" : [ 0, 3, 5 ]
    }, {
      "vertices" : [ 0, 1, 7 ]
    }, {
      "vertices" : [ 0, 7, 6 ]
    }, {
      "vertices" : [ 1, 4, 2 ]
    }, {
      "vertices" : [ 1, 2, 7 ]
    } ]
  }, {
    "id" : "6b6b029e-e084-429a-9a5f-68463d444387",
    "vertices" : [ {
      "x" : -6.663119,
      "y" : 8.163119,
      "z" : 5.736068
    }, {
      "x" : -9.781153,
      "y" : 9.972136,
      "z" : 7.663119
    }, {
      "x" : -9.472136,
      "y" : 9.472136,
      "z" : 5.854102
    }, {
      "x" : -6.354102,
      "y" : 7.663119,
      "z" : 3.927051
    } ],
    "faces" : [ {
      "vertices" : [ 0, 1, 2 ]
    }, {
      "vertices" : [ 0, 2, 3 ]
    }, {
      "vertices" : [ 0, 3, 2 ]
    }, {
      "vertices" : [ 0, 2, 1 ]
    } ]
  }, {
    "id" : "2aad4be2-698e-45b1-a8f4-94af767fd952",
    "vertices" : [ {
      "x" : -9.163119,
      "y" : 14.826238,
      "z" : -13.5172205
    }, {
      "x" : -10.972136,
      "y" : 15.135255,
      "z" : -14.0172205
    }, {
      "x" : -7.663119,
      "y" : 9.781153,
      "z" : -9.972136
    }, {
      "x" : -5.854102,
      "y" : 9.472136,
      "z" : -9.472136
    } ],
    "faces" : [ {
      "vertices" : [ 0, 1, 2 ]
    }, {
      "vertices" : [ 0, 2, 3 ]
    }, {
      "vertices" : [ 0, 3, 2 ]
    }, {
      "vertices" : [ 0, 2, 1 ]
    } ]
  }, {
    "id" : "3cef5df6-bbd1-4880-9f24-8421f16fc139",
    "vertices" : [ {
      "x" : -2.927051,
      "y" : 4.736068,
      "z" : 7.663119
    }, {
      "x" : -1.809017,
      "y" : 5.545085,
      "z" : 8.972136
    }, {
      "x" : -1.5,
      "y" : 5.045085,
      "z" : 10.781153
    }, {
      "x" : -2.618034,
      "y" : 4.236068,
      "z" : 9.472136
    } ],
    "faces" : [ {
      "vertices" : [ 0, 1, 2 ]
    }, {
      "vertices" : [ 0, 2, 3 ]
    }, {
      "vertices" : [ 0, 3, 2 ]
    }, {
      "vertices" : [ 0, 2, 1 ]
    } ]
  }, {
    "id" : "34aa63fb-ef06-4a51-b296-13964a423490",
    "vertices" : [ {
      "x" : 1.309017,
      "y" : 10.59017,
      "z" : 0.809017
    }, {
      "x" : 0.0,
      "y" : 11.708204,
      "z" : 1.618034
    }, {
      "x" : 1.618034,
      "y" : 15.326238,
      "z" : 2.618034
    }, {
      "x" : 2.927051,
      "y" : 14.208204,
      "z" : 1.809017
    } ],
    "faces" : [ {
      "vertices" : [ 0, 1, 2 ]
    }, {
      "vertices" : [ 0, 2, 3 ]
    }, {
      "vertices" : [ 0, 3, 2 ]
    }, {
      "vertices" : [ 0, 2, 1 ]
    } ]
  }, {
    "id" : "6755d7fd-dbd0-4947-97b3-c1592f168e21",
    "vertices" : [ {
      "x" : -1.4635255,
      "y" : 9.031153,
      "z" : -5.0225425
    }, {
      "x" : -3.2725425,
      "y" : 12.34017,
      "z" : -6.3766446
    }, {
      "x" : -3.2725425,
      "y" : 11.222136,
      "z" : -8.185661
    }, {
      "x" : -1.4635255,
      "y" : 8.531153,
      "z" : -5.8315597
    } ],
    "faces" : [ {
      "vertices" : [ 0, 1, 2 ]
    }, {
      "vertices" : [ 0, 2, 3 ]
    }, {
      "vertices" : [ 0, 3, 2 ]
    }, {
      "vertices" : [ 0, 2, 1 ]
    } ]
  }, {
    "id" : "fc2a1303-d1bc-4714-aef6-561fe095900d",
    "vertices" : [ {
      "x" : 15.5172205,
      "y" : 13.399187,
      "z" : -11.208204
    }, {
      "x" : 17.326239,
      "y" : 15.326238,
      "z" : -14.326238
    }, {
      "x" : 12.399187,
      "y" : 10.59017,
      "z" : -11.281153
    }, {
      "x" : 10.59017,
      "y" : 8.663119,
      "z" : -8.163119
    } ],
    "faces" : [ {
      "vertices" : [ 0, 1, 2 ]
    }, {
      "vertices" : [ 0, 2, 3 ]
    }, {
      "vertices" : [ 0, 3, 2 ]
    }, {
      "vertices" : [ 0, 2, 1 ]
    } ]
  }, {
    "id" : "ead16382-9fdd-47e7-b35f-fa434510c3aa",
    "vertices" : [ {
      "x" : -16.326239,
      "y" : 20.562305,
      "z" : -3.618034
    }, {
      "x" : -13.208204,
      "y" : 18.753288,
      "z" : -1.690983
    }, {
      "x" : -9.281153,
      "y" : 12.399187,
      "z" : -2.118034
    }, {
      "x" : -12.399187,
      "y" : 14.208204,
      "z" : -4.045085
    } ],
    "faces" : [ {
      "vertices" : [ 0, 1, 2 ]
    }, {
      "vertices" : [ 0, 2, 3 ]
    }, {
      "vertices" : [ 0, 3, 2 ]
    }, {
      "vertices" : [ 0, 2, 1 ]
    } ]
  }, {
    "id" : "a3a29a00-9d8a-43a8-877d-719a56d0c4f9",
    "vertices" : [ {
      "x" : -1.2776457,
      "y" : -0.26666668,
      "z" : -0.030321116
    }, {
      "x" : -1.1776457,
      "y" : 0.13333334,
      "z" : -0.13032112
    }, {
      "x" : -0.6043203,
      "y" : 0.26666668,
      "z" : 0.14835511
    }, {
      "x" : -0.70432025,
      "y" : -0.13333334,
      "z" : 0.2483551
    }, {
      "x" : -0.9443124,
      "y" : 0.26666668,
      "z" : 0.16967888
    }, {
      "x" : -1.0443124,
      "y" : -0.13333334,
      "z" : 0.2696789
    }, {
      "x" : -0.9376536,
      "y" : -0.26666668,
      "z" : -0.051644895
    }, {
      "x" : -0.8376536,
      "y" : 0.13333334,
      "z" : -0.1516449
    } ],
    "faces" : [ {
      "vertices" : [ 2, 3, 6 ]
    }, {
      "vertices" : [ 2, 6, 7 ]
    }, {
      "vertices" : [ 0, 5, 4 ]
    }, {
      "vertices" : [ 0, 4, 1 ]
    }, {
      "vertices" : [ 2, 4, 5 ]
    }, {
      "vertices" : [ 2, 5, 3 ]
    }, {
      "vertices" : [ 0, 6, 3 ]
    }, {
      "vertices" : [ 0, 3, 5 ]
    }, {
      "vertices" : [ 0, 1, 7 ]
    }, {
      "vertices" : [ 0, 7, 6 ]
    }, {
      "vertices" : [ 1, 4, 2 ]
    }, {
      "vertices" : [ 1, 2, 7 ]
    } ]
  }, {
    "id" : "d362b70c-7507-4b24-9bfe-0d8e9baac17a",
    "vertices" : [ {
      "x" : -4.913119,
      "y" : -2.0225425,
      "z" : -13.2446785
    }, {
      "x" : -4.354102,
      "y" : 0.0,
      "z" : -13.59017
    }, {
      "x" : -4.118034,
      "y" : 0.0,
      "z" : -9.59017
    }, {
      "x" : -4.368034,
      "y" : -0.9045085,
      "z" : -9.435661
    } ],
    "faces" : [ {
      "vertices" : [ 0, 1, 2 ]
    }, {
      "vertices" : [ 0, 2, 3 ]
    }, {
      "vertices" : [ 0, 3, 2 ]
    }, {
      "vertices" : [ 0, 2, 1 ]
    } ]
  }, {
    "id" : "4dd2c08a-863a-457f-8d08-cb95b74afbd3",
    "vertices" : [ {
      "x" : -21.18034,
      "y" : -3.236068,
      "z" : 5.236068
    }, {
      "x" : -22.298374,
      "y" : -2.427051,
      "z" : 6.545085
    }, {
      "x" : -15.326238,
      "y" : -1.0,
      "z" : 4.236068
    }, {
      "x" : -14.208204,
      "y" : -1.809017,
      "z" : 2.927051
    } ],
    "faces" : [ {
      "vertices" : [ 0, 1, 2 ]
    }, {
      "vertices" : [ 0, 2, 3 ]
    }, {
      "vertices" : [ 0, 3, 2 ]
    }, {
      "vertices" : [ 0, 2, 1 ]
    } ]
  }, {
    "id" : "9cd98b9e-cfb6-4da0-8896-ca35a9bf3c11",
    "vertices" : [ {
      "x" : -3.4875872,
      "y" : -0.012970918,
      "z" : 0.31048834
    }, {
      "x" : -3.387587,
      "y" : 0.38702908,
      "z" : 0.21048835
    }, {
      "x" : -0.55749786,
      "y" : 0.32198793,
      "z" : 0.18951166
    }, {
      "x" : -0.6574978,
      "y" : -0.07801209,
      "z" : 0.28951165
    }, {
      "x" : -3.1542537,
      "y" : 0.52036244,
      "z" : 0.51048833
    }, {
      "x" : -3.2542539,
      "y" : 0.120362416,
      "z" : 0.61048836
    }, {
      "x" : -0.8908312,
      "y" : -0.21134542,
      "z" : -0.010488344
    }, {
      "x" : -0.79083115,
      "y" : 0.18865457,
      "z" : -0.11048835
    } ],
    "faces" : [ {
      "vertices" : [ 2, 3, 6 ]
    }, {
      "vertices" : [ 2, 6, 7 ]
    }, {
      "vertices" : [ 0, 5, 4 ]
    }, {
      "vertices" : [ 0, 4, 1 ]
    }, {
      "vertices" : [ 2, 4, 5 ]
    }, {
      "vertices" : [ 2, 5, 3 ]
    }, {
      "vertices" : [ 0, 6, 3 ]
    }, {
      "vertices" : [ 0, 3, 5 ]
    }, {
      "vertices" : [ 0, 1, 7 ]
    }, {
      "vertices" : [ 0, 7, 6 ]
    }, {
      "vertices" : [ 1, 4, 2 ]
    }, {
      "vertices" : [ 1, 2, 7 ]
    } ]
  }, {
    "id" : "89b1ab98-c220-419a-b52b-88419bc7c870",
    "vertices" : [ {
      "x" : -12.399187,
      "y" : 10.59017,
      "z" : -11.281153
    }, {
      "x" : -17.326239,
      "y" : 15.326238,
      "z" : -14.326238
    }, {
      "x" : -21.371323,
      "y" : 18.635256,
      "z" : -19.68034
    }, {
      "x" : -16.444271,
      "y" : 13.899187,
      "z" : -16.635256
    } ],
    "faces" : [ {
      "vertices" : [ 0, 1, 2 ]
    }, {
      "vertices" : [ 0, 2, 3 ]
    }, {
      "vertices" : [ 0, 3, 2 ]
    }, {
      "vertices" : [ 0, 2, 1 ]
    } ]
  }, {
    "id" : "1e05d40f-58b7-4910-a10f-974114c27e69",
    "vertices" : [ {
      "x" : 18.562305,
      "y" : -9.236068,
      "z" : -5.854102
    }, {
      "x" : 16.562305,
      "y" : -12.472136,
      "z" : -5.854102
    }, {
      "x" : 11.222136,
      "y" : -8.185661,
      "z" : -3.2725425
    }, {
      "x" : 12.34017,
      "y" : -6.3766446,
      "z" : -3.2725425
    } ],
    "faces" : [ {
      "vertices" : [ 0, 1, 2 ]
    }, {
      "vertices" : [ 0, 2, 3 ]
    }, {
      "vertices" : [ 0, 3, 2 ]
    }, {
      "vertices" : [ 0, 2, 1 ]
    } ]
  }, {
    "id" : "5157397b-4256-4736-9a8c-841698b2e96e",
    "vertices" : [ {
      "x" : -8.163119,
      "y" : -5.736068,
      "z" : -6.663119
    }, {
      "x" : -10.59017,
      "y" : -8.663119,
      "z" : -8.163119
    }, {
      "x" : -12.399187,
      "y" : -10.59017,
      "z" : -11.281153
    }, {
      "x" : -9.972136,
      "y" : -7.663119,
      "z" : -9.781153
    } ],
    "faces" : [ {
      "vertices" : [ 0, 1, 2 ]
    }, {
      "vertices" : [ 0, 2, 3 ]
    }, {
      "vertices" : [ 0, 3, 2 ]
    }, {
      "vertices" : [ 0, 2, 1 ]
    } ]
  }, {
    "id" : "f8923497-16b5-4dff-ac1d-3a9e3d989bf4",
    "vertices" : [ {
