{
  "field" : "golden",
  "symmetry" : "icosahedral",
  "orientations" : [ [ 1.0, 0.0, 0.0, 0.0, 0.0, 1.0, 0.0, 0.0, 0.0, 0.0, 1.0, 0.0, 0.0, 0.0, 0.0, 1.0 ], [ 0.0, 0.0, 1.0, 0.0, 1.0, 0.0, 0.0, 0.0, 0.0, 1.0, 0.0, 0.0, 0.0, 0.0, 0.0, 1.0 ], [ 0.0, 1.0, 0.0, 0.0, 0.0, 0.0, 1.0, 0.0, 1.0, 0.0, 0.0, 0.0, 0.0, 0.0, 0.0, 1.0 ], [ 0.809017, 0.309017, 0.5, 0.0, 0.309017, 0.5, -0.809017, 0.0, -0.5, 0.809017, 0.309017, 0.0, 0.0, 0.0, 0.0, 1.0 ], [ -0.5, 0.809017, 0.309017, 0.0, 0.809017, 0.309017, 0.5, 0.0, 0.309017, 0.5, -0.809017, 0.0, 0.0, 0.0, 0.0, 1.0 ], [ 0.309017, 0.5, -0.809017, 0.0, -0.5, 0.809017, 0.309017, 0.0, 0.809017, 0.309017, 0.5, 0.0, 0.0, 0.0, 0.0, 1.0 ], [ 0.5, 0.809017, 0.309017, 0.0, 0.809017, -0.309017, -0.5, 0.0, -0.309017, 0.5, -0.809017, 0.0, 0.0, 0.0, 0.0, 1.0 ], [ -0.309017, 0.5, -0.809017, 0.0, 0.5, 0.809017, 0.309017, 0.0, 0.809017, -0.309017, -0.5, 0.0, 0.0, 0.0, 0.0, 1.0 ], [ 0.809017, -0.309017, -0.5, 0.0, -0.309017, 0.5, -0.809017, 0.0, 0.5, 0.809017, 0.309017, 0.0, 0.0, 0.0, 0.0, 1.0 ], [ 0.5, 0.809017, -0.309017, 0.0, 0.809017, -0.309017, 0.5, 0.0, 0.309017, -0.5, -0.809017, 0.0, 0.0, 0.0, 0.0, 1.0 ], [ 0.309017, -0.5, -0.809017, 0.0, 0.5, 0.809017, -0.309017, 0.0, 0.809017, -0.309017, 0.5, 0.0, 0.0, 0.0, 0.0, 1.0 ], [ 0.809017, -0.309017, 0.5, 0.0, 0.309017, -0.5, -0.809017, 0.0, 0.5, 0.809017, -0.309017, 0.0, 0.0, 0.0, 0.0, 1.0 ], [ 0.809017, 0.309017, -0.5, 0.0, 0.309017, 0.5, 0.809017, 0.0, 0.5, -0.809017, 0.309017, 0.0, 0.0, 0.0, 0.0, 1.0 ], [ 0.5, -0.809017, 0.309017, 0.0, 0.809017, 0.309017, -0.5, 0.0, 0.309017, 0.5, 0.809017, 0.0, 0.0, 0.0, 0.0, 1.0 ], [ 0.309017, 0.5, 0.809017, 0.0, 0.5, -0.809017, 0.309017, 0.0, 0.809017, 0.309017, -0.5, 0.0, 0.0, 0.0, 0.0, 1.0 ], [ 1.0, 0.0, 0.0, 0.0, 0.0, -1.0, 0.0, 0.0, 0.0, 0.0, -1.0, 0.0, 0.0, 0.0, 0.0, 1.0 ], [ 0.0, 0.0, 1.0, 0.0, -1.0, 0.0, 0.0, 0.0, 0.0, -1.0, 0.0, 0.0, 0.0, 0.0, 0.0, 1.0 ], [ 0.0, 1.0, 0.0, 0.0, 0.0, 0.0, -1.0, 0.0, -1.0, 0.0, 0.0, 0.0, 0.0, 0.0, 0.0, 1.0 ], [ 0.809017, 0.309017, 0.5, 0.0, -0.309017, -0.5, 0.809017, 0.0, 0.5, -0.809017, -0.309017, 0.0, 0.0, 0.0, 0.0, 1.0 ], [ -0.5, 0.809017, 0.309017, 0.0, -0.809017, -0.309017, -0.5, 0.0, -0.309017, -0.5, 0.809017, 0.0, 0.0, 0.0, 0.0, 1.0 ], [ 0.309017, 0.5, -0.809017, 0.0, 0.5, -0.809017, -0.309017, 0.0, -0.809017, -0.309017, -0.5, 0.0, 0.0, 0.0, 0.0, 1.0 ], [ 0.5, 0.809017, 0.309017, 0.0, -0.809017, 0.309017, 0.5, 0.0, 0.309017, -0.5, 0.809017, 0.0, 0.0, 0.0, 0.0, 1.0 ], [ -0.309017, 0.5, -0.809017, 0.0, -0.5, -0.809017, -0.309017, 0.0, -0.809017, 0.309017, 0.5, 0.0, 0.0, 0.0, 0.0, 1.0 ], [ 0.809017, -0.309017, -0.5, 0.0, 0.309017, -0.5, 0.809017, 0.0, -0.5, -0.809017, -0.309017, 0.0, 0.0, 0.0, 0.0, 1.0 ], [ 0.5, 0.809017, -0.309017, 0.0, -0.809017, 0.309017, -0.5, 0.0, -0.309017, 0.5, 0.809017, 0.0, 0.0, 0.0, 0.0, 1.0 ], [ 0.309017, -0.5, -0.809017, 0.0, -0.5, -0.809017, 0.309017, 0.0, -0.809017, 0.309017, -0.5, 0.0, 0.0, 0.0, 0.0, 1.0 ], [ 0.809017, -0.309017, 0.5, 0.0, -0.309017, 0.5, 0.809017, 0.0, -0.5, -0.809017, 0.309017, 0.0, 0.0, 0.0, 0.0, 1.0 ], [ 0.809017, 0.309017, -0.5, 0.0, -0.309017, -0.5, -0.809017, 0.0, -0.5, 0.809017, -0.309017, 0.0, 0.0, 0.0, 0.0, 1.0 ], [ 0.5, -0.809017, 0.309017, 0.0, -0.809017, -0.309017, 0.5, 0.0, -0.309017, -0.5, -0.809017, 0.0, 0.0, 0.0, 0.0, 1.0 ], [ 0.309017, 0.5, 0.809017, 0.0, -0.5, 0.809017, -0.309017, 0.0, -0.809017, -0.309017, 0.5, 0.0, 0.0, 0.0, 0.0, 1.0 ], [ -1.0, 0.0, 0.0, 0.0, 0.0, -1.0, 0.0, 0.0, 0.0, 0.0, 1.0, 0.0, 0.0, 0.0, 0.0, 1.0 ], [ 0.0, 0.0, -1.0, 0.0, -1.0, 0.0, 0.0, 0.0, 0.0, 1.0, 0.0, 0.0, 0.0, 0.0, 0.0, 1.0 ], [ 0.0, -1.0, 0.0, 0.0, 0.0, 0.0, -1.0, 0.0, 1.0, 0.0, 0.0, 0.0, 0.0, 0.0, 0.0, 1.0 ], [ -0.809017, -0.309017, -0.5, 0.0, -0.309017, -0.5, 0.809017, 0.0, -0.5, 0.809017, 0.309017, 0.0, 0.0, 0.0, 0.0, 1.0 ], [ 0.5, -0.809017, -0.309017, 0.0, -0.809017, -0.309017, -0.5, 0.0, 0.309017, 0.5, -0.809017, 0.0, 0.0, 0.0, 0.0, 1.0 ], [ -0.309017, -0.5, 0.809017, 0.0, 0.5, -0.809017, -0.309017, 0.0, 0.809017, 0.309017, 0.5, 0.0, 0.0, 0.0, 0.0, 1.0 ], [ -0.5, -0.809017, -0.309017, 0.0, -0.809017, 0.309017, 0.5, 0.0, -0.309017, 0.5, -0.809017, 0.0, 0.0, 0.0, 0.0, 1.0 ], [ 0.309017, -0.5, 0.809017, 0.0, -0.5, -0.809017, -0.309017, 0.0, 0.809017, -0.309017, -0.5, 0.0, 0.0, 0.0, 0.0, 1.0 ], [ -0.809017, 0.309017, 0.5, 0.0, 0.309017, -0.5, 0.809017, 0.0, 0.5, 0.809017, 0.309017, 0.0, 0.0, 0.0, 0.0, 1.0 ], [ -0.5, -0.809017, 0.309017, 0.0, -0.809017, 0.309017, -0.5, 0.0, 0.309017, -0.5, -0.809017, 0.0, 0.0, 0.0, 0.0, 1.0 ], [ -0.309017, 0.5, 0.809017, 0.0, -0.5, -0.809017, 0.309017, 0.0, 0.809017, -0.309017, 0.5, 0.0, 0.0, 0.0, 0.0, 1.0 ], [ -0.809017, 0.309017, -0.5, 0.0, -0.309017, 0.5, 0.809017, 0.0, 0.5, 0.809017, -0.309017, 0.0, 0.0, 0.0, 0.0, 1.0 ], [ -0.809017, -0.309017, 0.5, 0.0, -0.309017, -0.5, -0.809017, 0.0, 0.5, -0.809017, 0.309017, 0.0, 0.0, 0.0, 0.0, 1.0 ], [ -0.5, 0.809017, -0.309017, 0.0, -0.809017, -0.309017, 0.5, 0.0, 0.309017, 0.5, 0.809017, 0.0, 0.0, 0.0, 0.0, 1.0 ], [ -0.309017, -0.5, -0.809017, 0.0, -0.5, 0.809017, -0.309017, 0.0, 0.809017, 0.309017, -0.5, 0.0, 0.0, 0.0, 0.0, 1.0 ], [ -1.0, 0.0, 0.0, 0.0, 0.0, 1.0, 0.0, 0.0, 0.0, 0.0, -1.0, 0.0, 0.0, 0.0, 0.0, 1.0 ], [ 0.0, 0.0, -1.0, 0.0, 1.0, 0.0, 0.0, 0.0, 0.0, -1.0, 0.0, 0.0, 0.0, 0.0, 0.0, 1.0 ], [ 0.0, -1.0, 0.0, 0.0, 0.0, 0.0, 1.0, 0.0, -1.0, 0.0, 0.0, 0.0, 0.0, 0.0, 0.0, 1.0 ], [ -0.809017, -0.309017, -0.5, 0.0, 0.309017, 0.5, -0.809017, 0.0, 0.5, -0.809017, -0.309017, 0.0, 0.0, 0.0, 0.0, 1.0 ], [ 0.5, -0.809017, -0.309017, 0.0, 0.809017, 0.309017, 0.5, 0.0, -0.309017, -0.5, 0.809017, 0.0, 0.0, 0.0, 0.0, 1.0 ], [ -0.309017, -0.5, 0.809017, 0.0, -0.5, 0.809017, 0.309017, 0.0, -0.809017, -0.309017, -0.5, 0.0, 0.0, 0.0, 0.0, 1.0 ], [ -0.5, -0.809017, -0.309017, 0.0, 0.809017, -0.309017, -0.5, 0.0, 0.309017, -0.5, 0.809017, 0.0, 0.0, 0.0, 0.0, 1.0 ], [ 0.309017, -0.5, 0.809017, 0.0, 0.5, 0.809017, 0.309017, 0.0, -0.809017, 0.309017, 0.5, 0.0, 0.0, 0.0, 0.0, 1.0 ], [ -0.809017, 0.309017, 0.5, 0.0, -0.309017, 0.5, -0.809017, 0.0, -0.5, -0.809017, -0.309017, 0.0, 0.0, 0.0, 0.0, 1.0 ], [ -0.5, -0.809017, 0.309017, 0.0, 0.809017, -0.309017, 0.5, 0.0, -0.309017, 0.5, 0.809017, 0.0, 0.0, 0.0, 0.0, 1.0 ], [ -0.309017, 0.5, 0.809017, 0.0, 0.5, 0.809017, -0.309017, 0.0, -0.809017, 0.309017, -0.5, 0.0, 0.0, 0.0, 0.0, 1.0 ], [ -0.809017, 0.309017, -0.5, 0.0, 0.309017, -0.5, -0.809017, 0.0, -0.5, -0.809017, 0.309017, 0.0, 0.0, 0.0, 0.0, 1.0 ], [ -0.809017, -0.309017, 0.5, 0.0, 0.309017, 0.5, 0.809017, 0.0, -0.5, 0.809017, -0.309017, 0.0, 0.0, 0.0, 0.0, 1.0 ], [ -0.5, 0.809017, -0.309017, 0.0, 0.809017, 0.309017, -0.5, 0.0, -0.309017, -0.5, -0.809017, 0.0, 0.0, 0.0, 0.0, 1.0 ], [ -0.309017, -0.5, -0.809017, 0.0, 0.5, -0.809017, 0.309017, 0.0, -0.809017, -0.309017, 0.5, 0.0, 0.0, 0.0, 0.0, 1.0 ] ],
  "lights" : {
    "ambientColor" : "#292929",
    "backgroundColor" : "#F4FFF4",
    "directionalLights" : [ {
      "direction" : {
        "x" : 1.0,
        "y" : -1.0,
        "z" : -1.0
      },
      "color" : "#EBEBE4"
    }, {
      "direction" : {
        "x" : -1.0,
        "y" : 0.0,
        "z" : 0.0
      },
      "color" : "#E4E4EB"
    }, {
      "direction" : {
        "x" : 0.0,
        "y" : 0.0,
        "z" : -1.0
      },
      "color" : "#1E1E1E"
    } ]
  },
  "camera" : {
    "lookDirection" : {
      "x" : 0.0,
      "y" : 0.0,
      "z" : -1.0
    },
    "upDirection" : {
      "x" : 0.0,
      "y" : 1.0,
      "z" : 0.0
    },
    "lookAtPoint" : {
      "x" : 0.0,
      "y" : 0.0,
      "z" : 0.0
    },
    "viewDistance" : 440.9271,
    "nearClipDistance" : 1.1023188,
    "farClipDistance" : 881.8526,
    "fieldOfView" : 0.4426296,
    "perspective" : false,
    "stereo" : false,
    "width" : 198.41753,
    "position" : {
      "x" : 0.0,
      "y" : 0.0,
      "z" : 440.9271
    }
  },
  "embedding" : [ 1.0, 0.0, 0.0, 0.0, 0.0, 1.0, 0.0, 0.0, 0.0, 0.0, 1.0, 0.0, 0.0, 0.0, 0.0, 1.0 ],
  "shapes" : [ {
    "id" : "0ce3331c-9675-4442-9225-2f4b2f041a74",
    "vertices" : [ {
      "x" : 23.798374,
      "y" : 46.978714,
      "z" : -9.472136
    }, {
      "x" : 19.562305,
      "y" : 45.36068,
      "z" : -20.562305
    }, {
      "x" : 29.034441,
      "y" : 38.506577,
      "z" : -23.18034
    }, {
      "x" : 33.27051,
      "y" : 40.12461,
      "z" : -12.09017
    } ],
    "faces" : [ {
      "vertices" : [ 0, 1, 2 ]
    }, {
      "vertices" : [ 0, 2, 3 ]
    }, {
      "vertices" : [ 0, 3, 2 ]
    }, {
      "vertices" : [ 0, 2, 1 ]
    } ]
  }, {
    "id" : "65507eba-cb40-419c-8bdd-8e4d331e1910",
    "vertices" : [ {
      "x" : 0.309017,
      "y" : -0.309017,
      "z" : -0.309017
    }, {
      "x" : 0.5,
      "y" : 0.0,
      "z" : -0.19098301
    }, {
      "x" : 0.5,
      "y" : 0.0,
      "z" : 0.19098301
    }, {
      "x" : 0.309017,
      "y" : -0.309017,
      "z" : 0.309017
    }, {
      "x" : 0.19098301,
      "y" : -0.5,
      "z" : 0.0
    }, {
      "x" : 0.0,
      "y" : 0.19098301,
      "z" : 0.5
    }, {
      "x" : 0.0,
      "y" : -0.19098301,
      "z" : 0.5
    }, {
      "x" : 0.309017,
      "y" : 0.309017,
      "z" : 0.309017
    }, {
      "x" : -0.309017,
      "y" : -0.309017,
      "z" : 0.309017
    }, {
      "x" : -0.309017,
      "y" : 0.309017,
      "z" : 0.309017
    }, {
      "x" : -0.5,
      "y" : 0.0,
      "z" : 0.19098301
    }, {
      "x" : 0.0,
      "y" : -0.19098301,
      "z" : -0.5
    }, {
      "x" : 0.0,
      "y" : 0.19098301,
      "z" : -0.5
    }, {
      "x" : 0.309017,
      "y" : 0.309017,
      "z" : -0.309017
    }, {
      "x" : -0.309017,
      "y" : -0.309017,
      "z" : -0.309017
    }, {
      "x" : -0.19098301,
      "y" : -0.5,
      "z" : 0.0
    }, {
      "x" : -0.5,
      "y" : 0.0,
      "z" : -0.19098301
    }, {
      "x" : 0.19098301,
      "y" : 0.5,
      "z" : 0.0
    }, {
      "x" : -0.309017,
      "y" : 0.309017,
      "z" : -0.309017
    }, {
      "x" : 0.0,
      "y" : 0.0,
      "z" : 0.0
    }, {
      "x" : -0.19098301,
      "y" : 0.5,
      "z" : 0.0
    } ],
    "faces" : [ {
      "vertices" : [ 12, 18, 20 ]
    }, {
      "vertices" : [ 12, 20, 17 ]
    }, {
      "vertices" : [ 12, 17, 13 ]
    }, {
      "vertices" : [ 3, 6, 8 ]
    }, {
      "vertices" : [ 3, 8, 15 ]
    }, {
      "vertices" : [ 3, 15, 4 ]
    }, {
      "vertices" : [ 0, 11, 12 ]
    }, {
      "vertices" : [ 0, 12, 13 ]
    }, {
      "vertices" : [ 0, 13, 1 ]
    }, {
      "vertices" : [ 5, 9, 10 ]
    }, {
      "vertices" : [ 5, 10, 8 ]
    }, {
      "vertices" : [ 5, 8, 6 ]
    }, {
      "vertices" : [ 2, 7, 5 ]
    }, {
      "vertices" : [ 2, 5, 6 ]
    }, {
      "vertices" : [ 2, 6, 3 ]
    }, {
      "vertices" : [ 11, 14, 16 ]
    }, {
      "vertices" : [ 11, 16, 18 ]
    }, {
      "vertices" : [ 11, 18, 12 ]
    }, {
      "vertices" : [ 1, 13, 17 ]
    }, {
      "vertices" : [ 1, 17, 7 ]
    }, {
      "vertices" : [ 1, 7, 2 ]
    }, {
      "vertices" : [ 9, 20, 18 ]
    }, {
      "vertices" : [ 9, 18, 16 ]
    }, {
      "vertices" : [ 9, 16, 10 ]
    }, {
      "vertices" : [ 0, 1, 2 ]
    }, {
      "vertices" : [ 0, 2, 3 ]
    }, {
      "vertices" : [ 0, 3, 4 ]
    }, {
      "vertices" : [ 5, 7, 17 ]
    }, {
      "vertices" : [ 5, 17, 20 ]
    }, {
      "vertices" : [ 5, 20, 9 ]
    }, {
      "vertices" : [ 0, 4, 15 ]
    }, {
      "vertices" : [ 0, 15, 14 ]
    }, {
      "vertices" : [ 0, 14, 11 ]
    }, {
      "vertices" : [ 8, 10, 16 ]
    }, {
      "vertices" : [ 8, 16, 14 ]
    }, {
      "vertices" : [ 8, 14, 15 ]
    } ]
  }, {
    "id" : "7da696e6-efaf-4e76-a54a-abf82949ff1b",
    "vertices" : [ {
      "x" : 10.781153,
      "y" : 4.118034,
      "z" : -1.572949
    }, {
      "x" : 10.399187,
      "y" : 3.663119,
      "z" : -1.381966
    }, {
      "x" : 10.236068,
      "y" : 3.927051,
      "z" : -1.809017
    }, {
      "x" : 10.163119,
      "y" : 4.190983,
      "z" : -1.618034
    }, {
      "x" : 0.85410196,
      "y" : 0.309017,
      "z" : 0.19098301
    }, {
      "x" : 0.690983,
      "y" : 0.572949,
      "z" : -0.23606798
    }, {
      "x" : 0.309017,
      "y" : 0.11803399,
      "z" : -0.045084972
    }, {
      "x" : 0.76393205,
      "y" : 0.309017,
      "z" : -0.42705098
    }, {
      "x" : 0.927051,
      "y" : 0.045084972,
      "z" : 0.0
    }, {
      "x" : 10.326238,
      "y" : 3.927051,
      "z" : -1.190983
    }, {
      "x" : 11.09017,
      "y" : 4.236068,
      "z" : -1.618034
    } ],
    "faces" : [ {
      "vertices" : [ 2, 7, 5 ]
    }, {
      "vertices" : [ 2, 5, 3 ]
    }, {
      "vertices" : [ 1, 8, 7 ]
    }, {
      "vertices" : [ 1, 7, 2 ]
    }, {
      "vertices" : [ 4, 6, 8 ]
    }, {
      "vertices" : [ 5, 7, 6 ]
    }, {
      "vertices" : [ 0, 1, 2 ]
    }, {
      "vertices" : [ 0, 2, 3 ]
    }, {
      "vertices" : [ 6, 7, 8 ]
    }, {
      "vertices" : [ 3, 5, 4 ]
    }, {
      "vertices" : [ 3, 4, 9 ]
    }, {
      "vertices" : [ 1, 9, 4 ]
    }, {
      "vertices" : [ 1, 4, 8 ]
    }, {
      "vertices" : [ 0, 9, 1 ]
    }, {
      "vertices" : [ 0, 3, 9 ]
    }, {
      "vertices" : [ 4, 5, 6 ]
    } ]
  }, {
    "id" : "4d5a5aab-076a-4a21-9b86-11b7c786d0ad",
    "vertices" : [ {
      "x" : 29.034441,
      "y" : 38.506577,
      "z" : 23.18034
    }, {
      "x" : 38.506577,
      "y" : 31.652475,
      "z" : 20.562305
    }, {
      "x" : 42.742645,
      "y" : 33.27051,
      "z" : 9.472136
    }, {
      "x" : 33.27051,
      "y" : 40.12461,
      "z" : 12.09017
    } ],
    "faces" : [ {
      "vertices" : [ 0, 1, 2 ]
    }, {
      "vertices" : [ 0, 2, 3 ]
    }, {
      "vertices" : [ 0, 3, 2 ]
    }, {
      "vertices" : [ 0, 2, 1 ]
    } ]
  }, {
    "id" : "d60aa92d-77f7-4847-b7db-9ee4b52461ad",
    "vertices" : [ {
      "x" : 31.652475,
      "y" : -20.562305,
      "z" : -38.506577
    }, {
      "x" : 29.034441,
      "y" : -11.09017,
      "z" : -45.36068
    }, {
      "x" : 30.652475,
      "y" : 0.0,
      "z" : -49.59675
    }, {
      "x" : 33.27051,
      "y" : -9.472136,
      "z" : -42.742645
    } ],
    "faces" : [ {
      "vertices" : [ 0, 1, 2 ]
    }, {
      "vertices" : [ 0, 2, 3 ]
    }, {
      "vertices" : [ 0, 3, 2 ]
    }, {
      "vertices" : [ 0, 2, 1 ]
    } ]
  }, {
    "id" : "ba8a0895-cb3f-47a5-831b-be87eb0b0cf2",
    "vertices" : [ {
      "x" : -11.09017,
      "y" : -12.708204,
      "z" : -51.214783
    }, {
      "x" : -22.18034,
      "y" : -8.472136,
      "z" : -49.59675
    }, {
      "x" : -30.652475,
      "y" : 0.0,
      "z" : -49.59675
    }, {
      "x" : -19.562305,
      "y" : -4.236068,
      "z" : -51.214783
    } ],
    "faces" : [ {
      "vertices" : [ 0, 1, 2 ]
    }, {
      "vertices" : [ 0, 2, 3 ]
    }, {
      "vertices" : [ 0, 3, 2 ]
    }, {
      "vertices" : [ 0, 2, 1 ]
    } ]
  }, {
    "id" : "1bbafcb1-0579-4fdd-97fa-578a580a95ab",
    "vertices" : [ {
      "x" : -38.506577,
      "y" : -31.652475,
      "z" : -20.562305
    }, {
      "x" : -42.742645,
      "y" : -33.27051,
      "z" : -9.472136
    }, {
      "x" : -49.59675,
      "y" : -30.652475,
      "z" : 0.0
    }, {
      "x" : -45.36068,
      "y" : -29.034441,
      "z" : -11.09017
    } ],
    "faces" : [ {
      "vertices" : [ 0, 1, 2 ]
    }, {
      "vertices" : [ 0, 2, 3 ]
    }, {
      "vertices" : [ 0, 3, 2 ]
    }, {
      "vertices" : [ 0, 2, 1 ]
    } ]
  }, {
    "id" : "8d865510-8edc-4ed3-8b85-ad109f712231",
    "vertices" : [ {
      "x" : -9.472136,
      "y" : 23.798374,
      "z" : -46.978714
    }, {
      "x" : -11.09017,
      "y" : 12.708204,
      "z" : -51.214783
    }, {
      "x" : -22.18034,
      "y" : 8.472136,
      "z" : -49.59675
    }, {
      "x" : -20.562305,
      "y" : 19.562305,
      "z" : -45.36068
    } ],
    "faces" : [ {
      "vertices" : [ 0, 1, 2 ]
    }, {
      "vertices" : [ 0, 2, 3 ]
    }, {
      "vertices" : [ 0, 3, 2 ]
    }, {
      "vertices" : [ 0, 2, 1 ]
    } ]
  }, {
    "id" : "01d65000-38f8-4d1c-ab53-e84be35884d0",
    "vertices" : [ {
      "x" : -40.12461,
      "y" : -12.09017,
      "z" : -33.27051
    }, {
      "x" : -37.506577,
      "y" : -2.618034,
      "z" : -40.12461
    }, {
      "x" : -30.652475,
      "y" : 0.0,
      "z" : -49.59675
    }, {
      "x" : -33.27051,
      "y" : -9.472136,
      "z" : -42.742645
    } ],
    "faces" : [ {
      "vertices" : [ 0, 1, 2 ]
    }, {
      "vertices" : [ 0, 2, 3 ]
    }, {
      "vertices" : [ 0, 3, 2 ]
    }, {
      "vertices" : [ 0, 2, 1 ]
    } ]
  }, {
    "id" : "d57a8f7e-9941-4ee3-a699-17b209437587",
    "vertices" : [ {
      "x" : -45.36068,
      "y" : 20.562305,
      "z" : 19.562305
    }, {
      "x" : -45.36068,
      "y" : 29.034441,
      "z" : 11.09017
    }, {
      "x" : -49.59675,
      "y" : 30.652475,
      "z" : 0.0
    }, {
      "x" : -49.59675,
      "y" : 22.18034,
      "z" : 8.472136
    } ],
    "faces" : [ {
      "vertices" : [ 0, 1, 2 ]
    }, {
      "vertices" : [ 0, 2, 3 ]
    }, {
      "vertices" : [ 0, 3, 2 ]
    }, {
      "vertices" : [ 0, 2, 1 ]
    } ]
  }, {
    "id" : "4ab962cb-7450-4556-bf17-43d39b49ffc7",
    "vertices" : [ {
      "x" : -52.832817,
      "y" : 0.0,
      "z" : -8.472136
    }, {
      "x" : -52.832817,
      "y" : 8.472136,
      "z" : 0.0
    }, {
      "x" : -51.214783,
      "y" : 19.562305,
      "z" : -4.236068
    }, {
      "x" : -51.214783,
      "y" : 11.09017,
      "z" : -12.708204
    } ],
    "faces" : [ {
      "vertices" : [ 0, 1, 2 ]
    }, {
      "vertices" : [ 0, 2, 3 ]
    }, {
      "vertices" : [ 0, 3, 2 ]
    }, {
      "vertices" : [ 0, 2, 1 ]
    } ]
  }, {
    "id" : "45f63db2-bea5-4bfa-88c3-26a541168199",
    "vertices" : [ {
      "x" : 0.0,
      "y" : 30.652475,
      "z" : -44.36068
    }, {
      "x" : -2.618034,
      "y" : 40.12461,
      "z" : -37.506577
    }, {
      "x" : 0.0,
      "y" : 49.59675,
      "z" : -30.652475
    }, {
      "x" : 2.618034,
      "y" : 40.12461,
      "z" : -37.506577
    } ],
    "faces" : [ {
      "vertices" : [ 0, 1, 2 ]
    }, {
      "vertices" : [ 0, 2, 3 ]
    }, {
      "vertices" : [ 0, 3, 2 ]
    }, {
      "vertices" : [ 0, 2, 1 ]
    } ]
  }, {
    "id" : "4a1244b4-8571-4777-8bf1-2cd5833a8806",
    "vertices" : [ {
      "x" : -51.214783,
      "y" : -11.09017,
      "z" : 12.708204
    }, {
      "x" : -51.214783,
      "y" : -19.562305,
      "z" : 4.236068
    }, {
      "x" : -49.59675,
      "y" : -30.652475,
      "z" : 0.0
    }, {
      "x" : -49.59675,
      "y" : -22.18034,
      "z" : 8.472136
    } ],
    "faces" : [ {
      "vertices" : [ 0, 1, 2 ]
    }, {
      "vertices" : [ 0, 2, 3 ]
    }, {
      "vertices" : [ 0, 3, 2 ]
    }, {
      "vertices" : [ 0, 2, 1 ]
    } ]
  }, {
    "id" : "a47167b9-fee8-4f9b-8c1e-525ed3c39207",
    "vertices" : [ {
      "x" : 8.472136,
      "y" : 52.832817,
      "z" : 0.0
    }, {
      "x" : 0.0,
      "y" : 52.832817,
      "z" : 8.472136
    }, {
      "x" : 4.236068,
      "y" : 51.214783,
      "z" : 19.562305
    }, {
      "x" : 12.708204,
      "y" : 51.214783,
      "z" : 11.09017
    } ],
    "faces" : [ {
      "vertices" : [ 0, 1, 2 ]
    }, {
      "vertices" : [ 0, 2, 3 ]
    }, {
      "vertices" : [ 0, 3, 2 ]
    }, {
      "vertices" : [ 0, 2, 1 ]
    } ]
  }, {
    "id" : "36656100-8cb0-46d2-8224-375231fe1f2e",
    "vertices" : [ {
      "x" : -40.12461,
      "y" : 12.09017,
      "z" : 33.27051
    }, {
      "x" : -37.506577,
      "y" : 2.618034,
      "z" : 40.12461
    }, {
      "x" : -30.652475,
      "y" : 0.0,
      "z" : 49.59675
    }, {
      "x" : -33.27051,
      "y" : 9.472136,
      "z" : 42.742645
    } ],
    "faces" : [ {
      "vertices" : [ 0, 1, 2 ]
    }, {
      "vertices" : [ 0, 2, 3 ]
    }, {
      "vertices" : [ 0, 3, 2 ]
    }, {
      "vertices" : [ 0, 2, 1 ]
    } ]
  }, {
    "id" : "d268dedc-b171-4815-a973-3fdfa7978938",
    "vertices" : [ {
      "x" : 52.832817,
      "y" : 0.0,
      "z" : -8.472136
    }, {
      "x" : 51.214783,
      "y" : 11.09017,
      "z" : -12.708204
    }, {
      "x" : 51.214783,
      "y" : 19.562305,
      "z" : -4.236068
    }, {
      "x" : 52.832817,
      "y" : 8.472136,
      "z" : 0.0
    } ],
    "faces" : [ {
      "vertices" : [ 0, 1, 2 ]
    }, {
      "vertices" : [ 0, 2, 3 ]
    }, {
      "vertices" : [ 0, 3, 2 ]
    }, {
      "vertices" : [ 0, 2, 1 ]
    } ]
  }, {
    "id" : "b42e17c4-96f7-4264-8861-1df52fcd8f11",
    "vertices" : [ {
      "x" : 19.562305,
      "y" : 45.36068,
      "z" : 20.562305
    }, {
      "x" : 8.472136,
      "y" : 49.59675,
      "z" : 22.18034
    }, {
      "x" : 0.0,
      "y" : 49.59675,
      "z" : 30.652475
    }, {
      "x" : 11.09017,
      "y" : 45.36068,
      "z" : 29.034441
    } ],
    "faces" : [ {
      "vertices" : [ 0, 1, 2 ]
    }, {
      "vertices" : [ 0, 2, 3 ]
    }, {
      "vertices" : [ 0, 3, 2 ]
    }, {
      "vertices" : [ 0, 2, 1 ]
    } ]
  }, {
    "id" : "4b572734-9d0d-4970-9f52-b28e604fa209",
    "vertices" : [ {
      "x" : 0.0,
      "y" : -52.832817,
      "z" : -8.472136
    }, {
      "x" : -4.236068,
      "y" : -51.214783,
      "z" : -19.562305
    }, {
      "x" : 0.0,
      "y" : -49.59675,
      "z" : -30.652475
    }, {
      "x" : 4.236068,
      "y" : -51.214783,
      "z" : -19.562305
    } ],
    "faces" : [ {
      "vertices" : [ 0, 1, 2 ]
    }, {
      "vertices" : [ 0, 2, 3 ]
    }, {
      "vertices" : [ 0, 3, 2 ]
    }, {
      "vertices" : [ 0, 2, 1 ]
    } ]
  }, {
    "id" : "a1e5bbe1-5d0f-4fca-9218-5af362ea2bec",
    "vertices" : [ {
      "x" : -40.12461,
      "y" : -12.09017,
      "z" : 33.27051
    }, {
      "x" : -33.27051,
      "y" : -9.472136,
      "z" : 42.742645
    }, {
      "x" : -30.652475,
      "y" : 0.0,
      "z" : 49.59675
    }, {
      "x" : -37.506577,
      "y" : -2.618034,
      "z" : 40.12461
    } ],
    "faces" : [ {
      "vertices" : [ 0, 1, 2 ]
    }, {
      "vertices" : [ 0, 2, 3 ]
    }, {
      "vertices" : [ 0, 3, 2 ]
    }, {
      "vertices" : [ 0, 2, 1 ]
    } ]
  }, {
    "id" : "29e5c09e-4e38-4875-80de-f32e281160ef",
    "vertices" : [ {
      "x" : 23.18034,
      "y" : -29.034441,
      "z" : -38.506577
    }, {
      "x" : 20.562305,
      "y" : -38.506577,
      "z" : -31.652475
    }, {
      "x" : 9.472136,
      "y" : -42.742645,
      "z" : -33.27051
    }, {
      "x" : 12.09017,
      "y" : -33.27051,
      "z" : -40.12461
    } ],
    "faces" : [ {
      "vertices" : [ 0, 1, 2 ]
    }, {
      "vertices" : [ 0, 2, 3 ]
    }, {
      "vertices" : [ 0, 3, 2 ]
    }, {
      "vertices" : [ 0, 2, 1 ]
    } ]
  }, {
    "id" : "be5fd0e9-63d7-4904-87e7-da375a49b932",
    "vertices" : [ {
      "x" : -23.798374,
      "y" : -46.978714,
      "z" : 9.472136
    }, {
      "x" : -12.708204,
      "y" : -51.214783,
      "z" : 11.09017
    }, {
      "x" : -8.472136,
      "y" : -49.59675,
      "z" : 22.18034
    }, {
      "x" : -19.562305,
      "y" : -45.36068,
      "z" : 20.562305
    } ],
    "faces" : [ {
      "vertices" : [ 0, 1, 2 ]
    }, {
      "vertices" : [ 0, 2, 3 ]
    }, {
      "vertices" : [ 0, 3, 2 ]
    }, {
      "vertices" : [ 0, 2, 1 ]
    } ]
  }, {
    "id" : "c859de12-c085-41b3-ad3b-00c09343b020",
    "vertices" : [ {
      "x" : 30.652475,
      "y" : -44.36068,
      "z" : 0.0
    }, {
      "x" : 40.12461,
      "y" : -37.506577,
      "z" : -2.618034
    }, {
      "x" : 49.59675,
      "y" : -30.652475,
      "z" : 0.0
    }, {
      "x" : 40.12461,
      "y" : -37.506577,
      "z" : 2.618034
    } ],
    "faces" : [ {
      "vertices" : [ 0, 1, 2 ]
    }, {
      "vertices" : [ 0, 2, 3 ]
    }, {
      "vertices" : [ 0, 3, 2 ]
    }, {
      "vertices" : [ 0, 2, 1 ]
    } ]
  }, {
    "id" : "e953fe0d-ad4b-4c74-b225-412432a58dfa",
    "vertices" : [ {
      "x" : -31.652475,
      "y" : -20.562305,
      "z" : -38.506577
    }, {
      "x" : -33.27051,
      "y" : -9.472136,
      "z" : -42.742645
    }, {
      "x" : -30.652475,
      "y" : 0.0,
      "z" : -49.59675
    }, {
      "x" : -29.034441,
      "y" : -11.09017,
      "z" : -45.36068
    } ],
    "faces" : [ {
      "vertices" : [ 0, 1, 2 ]
    }, {
      "vertices" : [ 0, 2, 3 ]
    }, {
      "vertices" : [ 0, 3, 2 ]
    }, {
      "vertices" : [ 0, 2, 1 ]
    } ]
  }, {
    "id" : "e1dfac91-2bdd-4210-a73d-f67e2f2900e0",
    "vertices" : [ {
      "x" : -45.36068,
      "y" : -20.562305,
      "z" : 19.562305
    }, {
      "x" : -49.59675,
      "y" : -22.18034,
      "z" : 8.472136
    }, {
      "x" : -49.59675,
      "y" : -30.652475,
      "z" : 0.0
    }, {
      "x" : -45.36068,
      "y" : -29.034441,
      "z" : 11.09017
    } ],
    "faces" : [ {
      "vertices" : [ 0, 1, 2 ]
    }, {
      "vertices" : [ 0, 2, 3 ]
    }, {
      "vertices" : [ 0, 3, 2 ]
    }, {
      "vertices" : [ 0, 2, 1 ]
    } ]
  }, {
    "id" : "387b6897-553f-4cf6-a27c-2e8b669e92ca",
    "vertices" : [ {
      "x" : -19.562305,
      "y" : 45.36068,
      "z" : 20.562305
    }, {
      "x" : -11.09017,
      "y" : 45.36068,
      "z" : 29.034441
    }, {
      "x" : 0.0,
      "y" : 49.59675,
      "z" : 30.652475
    }, {
      "x" : -8.472136,
      "y" : 49.59675,
      "z" : 22.18034
    } ],
    "faces" : [ {
      "vertices" : [ 0, 1, 2 ]
    }, {
      "vertices" : [ 0, 2, 3 ]
    }, {
      "vertices" : [ 0, 3, 2 ]
    }, {
      "vertices" : [ 0, 2, 1 ]
    } ]
  }, {
    "id" : "bacb517c-6788-47af-b3f3-c18557acafcb",
    "vertices" : [ {
      "x" : -8.472136,
      "y" : 0.0,
      "z" : 52.832817
    }, {
      "x" : -19.562305,
      "y" : 4.236068,
      "z" : 51.214783
    }, {
      "x" : -30.652475,
      "y" : 0.0,
      "z" : 49.59675
    }, {
      "x" : -19.562305,
      "y" : -4.236068,
      "z" : 51.214783
    } ],
    "faces" : [ {
      "vertices" : [ 0, 1, 2 ]
    }, {
      "vertices" : [ 0, 2, 3 ]
    }, {
      "vertices" : [ 0, 3, 2 ]
    }, {
      "vertices" : [ 0, 2, 1 ]
    } ]
  }, {
    "id" : "4b3f5abc-badb-48a4-bb1c-07613e98c3c7",
    "vertices" : [ {
      "x" : -11.09017,
      "y" : -12.708204,
      "z" : 51.214783
    }, {
      "x" : -19.562305,
      "y" : -4.236068,
      "z" : 51.214783
    }, {
      "x" : -30.652475,
      "y" : 0.0,
      "z" : 49.59675
    }, {
      "x" : -22.18034,
      "y" : -8.472136,
      "z" : 49.59675
    } ],
    "faces" : [ {
      "vertices" : [ 0, 1, 2 ]
    }, {
      "vertices" : [ 0, 2, 3 ]
    }, {
      "vertices" : [ 0, 3, 2 ]
    }, {
      "vertices" : [ 0, 2, 1 ]
    } ]
  }, {
    "id" : "a7654548-6dc1-4ad6-9f4a-37fcfd2176b1",
    "vertices" : [ {
      "x" : -46.978714,
      "y" : 9.472136,
      "z" : -23.798374
    }, {
      "x" : -51.214783,
      "y" : 11.09017,
      "z" : -12.708204
    }, {
      "x" : -49.59675,
      "y" : 22.18034,
      "z" : -8.472136
    }, {
      "x" : -45.36068,
      "y" : 20.562305,
      "z" : -19.562305
    } ],
    "faces" : [ {
      "vertices" : [ 0, 1, 2 ]
    }, {
      "vertices" : [ 0, 2, 3 ]
    }, {
      "vertices" : [ 0, 3, 2 ]
    }, {
      "vertices" : [ 0, 2, 1 ]
    } ]
  }, {
    "id" : "6be25d83-1e3d-4540-af90-c854a756bd01",
    "vertices" : [ {
      "x" : -51.214783,
      "y" : -11.09017,
      "z" : -12.708204
    }, {
      "x" : -49.59675,
      "y" : -22.18034,
      "z" : -8.472136
    }, {
      "x" : -49.59675,
      "y" : -30.652475,
      "z" : 0.0
    }, {
      "x" : -51.214783,
      "y" : -19.562305,
      "z" : -4.236068
    } ],
    "faces" : [ {
      "vertices" : [ 0, 1, 2 ]
    }, {
      "vertices" : [ 0, 2, 3 ]
    }, {
      "vertices" : [ 0, 3, 2 ]
    }, {
      "vertices" : [ 0, 2, 1 ]
    } ]
  }, {
    "id" : "55526231-6d52-4aa7-90f2-6b85fb2b8ad3",
    "vertices" : [ {
      "x" : 46.978714,
      "y" : -9.472136,
      "z" : 23.798374
    }, {
      "x" : 44.36068,
      "y" : 0.0,
      "z" : 30.652475
    }, {
      "x" : 37.506577,
      "y" : -2.618034,
      "z" : 40.12461
    }, {
      "x" : 40.12461,
      "y" : -12.09017,
      "z" : 33.27051
    } ],
    "faces" : [ {
      "vertices" : [ 0, 1, 2 ]
    }, {
      "vertices" : [ 0, 2, 3 ]
    }, {
      "vertices" : [ 0, 3, 2 ]
    }, {
      "vertices" : [ 0, 2, 1 ]
    } ]
  }, {
    "id" : "0c307d35-13b4-487a-9688-b6a3ffd325a8",
    "vertices" : [ {
      "x" : -23.18034,
      "y" : -29.034441,
      "z" : 38.506577
    }, {
      "x" : -20.562305,
      "y" : -19.562305,
      "z" : 45.36068
    }, {
      "x" : -9.472136,
      "y" : -23.798374,
      "z" : 46.978714
    }, {
      "x" : -12.09017,
      "y" : -33.27051,
      "z" : 40.12461
    } ],
    "faces" : [ {
      "vertices" : [ 0, 1, 2 ]
    }, {
      "vertices" : [ 0, 2, 3 ]
    }, {
      "vertices" : [ 0, 3, 2 ]
    }, {
      "vertices" : [ 0, 2, 1 ]
    } ]
  }, {
    "id" : "731e517e-7997-49f4-ab44-d400391feef0",
    "vertices" : [ {
      "x" : -12.708204,
      "y" : 51.214783,
      "z" : 11.09017
    }, {
      "x" : -23.798374,
      "y" : 46.978714,
      "z" : 9.472136
    }, {
      "x" : -30.652475,
      "y" : 44.36068,
      "z" : 0.0
    }, {
      "x" : -23.798374,
      "y" : 46.978714,
      "z" : -9.472136
    }, {
      "x" : -12.708204,
      "y" : 51.214783,
      "z" : -11.09017
    }, {
      "x" : -8.472136,
      "y" : 52.832817,
      "z" : 0.0
    } ],
    "faces" : [ {
      "vertices" : [ 0, 1, 2 ]
    }, {
      "vertices" : [ 0, 2, 3 ]
    }, {
      "vertices" : [ 0, 3, 4 ]
    }, {
      "vertices" : [ 0, 4, 5 ]
    }, {
      "vertices" : [ 0, 5, 4 ]
    }, {
      "vertices" : [ 0, 4, 3 ]
    }, {
      "vertices" : [ 0, 3, 2 ]
    }, {
      "vertices" : [ 0, 2, 1 ]
    } ]
  }, {
    "id" : "adb86b85-4e79-4edd-9c71-bd8ca22c8ef7",
    "vertices" : [ {
      "x" : -23.18034,
      "y" : -29.034441,
      "z" : -38.506577
    }, {
      "x" : -31.652475,
      "y" : -20.562305,
      "z" : -38.506577
    }, {
      "x" : -29.034441,
      "y" : -11.09017,
      "z" : -45.36068
    }, {
      "x" : -20.562305,
      "y" : -19.562305,
      "z" : -45.36068
    } ],
    "faces" : [ {
      "vertices" : [ 0, 1, 2 ]
    }, {
      "vertices" : [ 0, 2, 3 ]
    }, {
      "vertices" : [ 0, 3, 2 ]
    }, {
      "vertices" : [ 0, 2, 1 ]
    } ]
  }, {
    "id" : "e78b9bee-15f8-4d86-9518-0b8e072ed28f",
    "vertices" : [ {
      "x" : 40.12461,
      "y" : -12.09017,
      "z" : -33.27051
    }, {
      "x" : 33.27051,
      "y" : -9.472136,
      "z" : -42.742645
    }, {
      "x" : 30.652475,
      "y" : 0.0,
      "z" : -49.59675
    }, {
      "x" : 37.506577,
      "y" : -2.618034,
      "z" : -40.12461
    } ],
    "faces" : [ {
      "vertices" : [ 0, 1, 2 ]
    }, {
      "vertices" : [ 0, 2, 3 ]
    }, {
      "vertices" : [ 0, 3, 2 ]
    }, {
      "vertices" : [ 0, 2, 1 ]
    } ]
  }, {
    "id" : "f3e9f600-c91f-4f59-9a15-640d7cf8f383",
    "vertices" : [ {
      "x" : 23.18034,
      "y" : 29.034441,
      "z" : -38.506577
    }, {
      "x" : 31.652475,
      "y" : 20.562305,
      "z" : -38.506577
    }, {
      "x" : 29.034441,
      "y" : 11.09017,
      "z" : -45.36068
    }, {
      "x" : 20.562305,
      "y" : 19.562305,
      "z" : -45.36068
    } ],
    "faces" : [ {
      "vertices" : [ 0, 1, 2 ]
    }, {
      "vertices" : [ 0, 2, 3 ]
    }, {
      "vertices" : [ 0, 3, 2 ]
    }, {
      "vertices" : [ 0, 2, 1 ]
    } ]
  }, {
    "id" : "47846210-bd74-4c07-af3d-27e4b2fab2da",
    "vertices" : [ {
      "x" : -38.506577,
      "y" : -23.18034,
      "z" : -29.034441
    }, {
      "x" : -40.12461,
      "y" : -12.09017,
      "z" : -33.27051
    }, {
      "x" : -33.27051,
      "y" : -9.472136,
      "z" : -42.742645
    }, {
      "x" : -31.652475,
      "y" : -20.562305,
      "z" : -38.506577
    } ],
    "faces" : [ {
      "vertices" : [ 0, 1, 2 ]
    }, {
      "vertices" : [ 0, 2, 3 ]
    }, {
      "vertices" : [ 0, 3, 2 ]
    }, {
      "vertices" : [ 0, 2, 1 ]
    } ]
  }, {
    "id" : "02e9b964-a21e-4269-ac56-a9ba24dc83ce",
    "vertices" : [ {
      "x" : -23.798374,
      "y" : 46.978714,
      "z" : 9.472136
    }, {
      "x" : -30.652475,
      "y" : 44.36068,
      "z" : 0.0
    }, {
      "x" : -40.12461,
      "y" : 37.506577,
      "z" : 2.618034
    }, {
      "x" : -33.27051,
      "y" : 40.12461,
      "z" : 12.09017
    } ],
    "faces" : [ {
      "vertices" : [ 0, 1, 2 ]
    }, {
      "vertices" : [ 0, 2, 3 ]
    }, {
      "vertices" : [ 0, 3, 2 ]
    }, {
      "vertices" : [ 0, 2, 1 ]
    } ]
  }, {
    "id" : "84880c46-172c-40ce-8a89-be8fd4db26f2",
    "vertices" : [ {
      "x" : -52.832817,
      "y" : 0.0,
      "z" : -8.472136
    }, {
      "x" : -52.832817,
      "y" : 8.472136,
      "z" : 0.0
    }, {
      "x" : -52.832817,
      "y" : 0.0,
      "z" : 8.472136
    }, {
      "x" : -52.832817,
      "y" : -8.472136,
      "z" : 0.0
    } ],
    "faces" : [ {
      "vertices" : [ 0, 1, 2 ]
    }, {
      "vertices" : [ 0, 2, 3 ]
    }, {
      "vertices" : [ 0, 3, 2 ]
    }, {
      "vertices" : [ 0, 2, 1 ]
    } ]
  }, {
    "id" : "d7cc7052-2a43-4bf8-94d8-3eab235c8468",
    "vertices" : [ {
      "x" : 45.36068,
      "y" : -20.562305,
      "z" : 19.562305
    }, {
      "x" : 45.36068,
      "y" : -29.034441,
      "z" : 11.09017
    }, {
      "x" : 49.59675,
      "y" : -30.652475,
      "z" : 0.0
    }, {
      "x" : 49.59675,
      "y" : -22.18034,
      "z" : 8.472136
    } ],
    "faces" : [ {
      "vertices" : [ 0, 1, 2 ]
    }, {
      "vertices" : [ 0, 2, 3 ]
    }, {
      "vertices" : [ 0, 3, 2 ]
    }, {
      "vertices" : [ 0, 2, 1 ]
    } ]
  }, {
    "id" : "e368a5bd-7d76-4360-9372-39bb8a75d4ac",
    "vertices" : [ {
      "x" : -11.09017,
      "y" : 12.708204,
      "z" : -51.214783
    }, {
      "x" : -19.562305,
      "y" : 4.236068,
      "z" : -51.214783
    }, {
      "x" : -30.652475,
      "y" : 0.0,
      "z" : -49.59675
    }, {
      "x" : -22.18034,
      "y" : 8.472136,
      "z" : -49.59675
    } ],
    "faces" : [ {
      "vertices" : [ 0, 1, 2 ]
    }, {
      "vertices" : [ 0, 2, 3 ]
    }, {
      "vertices" : [ 0, 3, 2 ]
    }, {
      "vertices" : [ 0, 2, 1 ]
    } ]
  }, {
    "id" : "62094913-7c2d-4aa8-8a0a-4a72fdb22bc8",
    "vertices" : [ {
      "x" : 0.0,
      "y" : 52.832817,
      "z" : -8.472136
    }, {
      "x" : 4.236068,
      "y" : 51.214783,
      "z" : -19.562305
    }, {
      "x" : 0.0,
      "y" : 49.59675,
      "z" : -30.652475
    }, {
      "x" : -4.236068,
      "y" : 51.214783,
      "z" : -19.562305
    } ],
    "faces" : [ {
      "vertices" : [ 0, 1, 2 ]
    }, {
      "vertices" : [ 0, 2, 3 ]
    }, {
      "vertices" : [ 0, 3, 2 ]
    }, {
      "vertices" : [ 0, 2, 1 ]
    } ]
  }, {
    "id" : "0f9d6750-97bd-43d4-8b91-614b1f644887",
    "vertices" : [ {
      "x" : 33.27051,
      "y" : -40.12461,
      "z" : 12.09017
    }, {
      "x" : 40.12461,
      "y" : -37.506577,
      "z" : 2.618034
    }, {
      "x" : 49.59675,
      "y" : -30.652475,
      "z" : 0.0
    }, {
      "x" : 42.742645,
      "y" : -33.27051,
      "z" : 9.472136
    } ],
    "faces" : [ {
      "vertices" : [ 0, 1, 2 ]
    }, {
      "vertices" : [ 0, 2, 3 ]
    }, {
      "vertices" : [ 0, 3, 2 ]
    }, {
      "vertices" : [ 0, 2, 1 ]
    } ]
  }, {
    "id" : "f991d261-92f7-4344-a223-9928c738965e",
    "vertices" : [ {
      "x" : 29.034441,
      "y" : -38.506577,
      "z" : 23.18034
    }, {
      "x" : 20.562305,
      "y" : -38.506577,
      "z" : 31.652475
    }, {
      "x" : 11.09017,
      "y" : -45.36068,
      "z" : 29.034441
    }, {
      "x" : 19.562305,
      "y" : -45.36068,
      "z" : 20.562305
    } ],
    "faces" : [ {
      "vertices" : [ 0, 1, 2 ]
    }, {
      "vertices" : [ 0, 2, 3 ]
    }, {
      "vertices" : [ 0, 3, 2 ]
    }, {
      "vertices" : [ 0, 2, 1 ]
    } ]
  }, {
    "id" : "0523a633-b27a-4423-9472-d01e2bf3965c",
    "vertices" : [ {
      "x" : 52.832817,
      "y" : 0.0,
      "z" : 8.472136
    }, {
      "x" : 52.832817,
      "y" : 8.472136,
      "z" : 0.0
    }, {
      "x" : 51.214783,
      "y" : 19.562305,
      "z" : 4.236068
    }, {
      "x" : 51.214783,
      "y" : 11.09017,
      "z" : 12.708204
    } ],
    "faces" : [ {
      "vertices" : [ 0, 1, 2 ]
    }, {
      "vertices" : [ 0, 2, 3 ]
    }, {
      "vertices" : [ 0, 3, 2 ]
    }, {
      "vertices" : [ 0, 2, 1 ]
    } ]
  }, {
    "id" : "5f7eb528-0d60-4a49-9be0-fa46eabfdb74",
    "vertices" : [ {
      "x" : 12.708204,
      "y" : 51.214783,
      "z" : 11.09017
    }, {
      "x" : 8.472136,
      "y" : 52.832817,
      "z" : 0.0
    }, {
      "x" : 12.708204,
      "y" : 51.214783,
      "z" : -11.09017
    }, {
      "x" : 23.798374,
      "y" : 46.978714,
      "z" : -9.472136
    }, {
      "x" : 30.652475,
      "y" : 44.36068,
      "z" : 0.0
    }, {
      "x" : 23.798374,
      "y" : 46.978714,
      "z" : 9.472136
    } ],
    "faces" : [ {
      "vertices" : [ 0, 1, 2 ]
    }, {
      "vertices" : [ 0, 2, 3 ]
    }, {
      "vertices" : [ 0, 3, 4 ]
    }, {
      "vertices" : [ 0, 4, 5 ]
    }, {
      "vertices" : [ 0, 5, 4 ]
    }, {
      "vertices" : [ 0, 4, 3 ]
    }, {
      "vertices" : [ 0, 3, 2 ]
    }, {
      "vertices" : [ 0, 2, 1 ]
    } ]
  }, {
    "id" : "6f75e16a-87bd-4037-b0c8-130dbb7483e1",
    "vertices" : [ {
      "x" : -44.36068,
      "y" : 0.0,
      "z" : 30.652475
    }, {
      "x" : -37.506577,
      "y" : -2.618034,
      "z" : 40.12461
    }, {
      "x" : -30.652475,
      "y" : 0.0,
      "z" : 49.59675
    }, {
      "x" : -37.506577,
      "y" : 2.618034,
      "z" : 40.12461
    } ],
    "faces" : [ {
      "vertices" : [ 0, 1, 2 ]
    }, {
      "vertices" : [ 0, 2, 3 ]
    }, {
      "vertices" : [ 0, 3, 2 ]
    }, {
      "vertices" : [ 0, 2, 1 ]
    } ]
  }, {
    "id" : "497d5c10-8d34-4aff-8b9b-70caf0b6d123",
    "vertices" : [ {
      "x" : -19.562305,
      "y" : -45.36068,
      "z" : 20.562305
    }, {
      "x" : -8.472136,
      "y" : -49.59675,
      "z" : 22.18034
    }, {
      "x" : 0.0,
      "y" : -49.59675,
      "z" : 30.652475
    }, {
      "x" : -11.09017,
      "y" : -45.36068,
      "z" : 29.034441
    } ],
    "faces" : [ {
      "vertices" : [ 0, 1, 2 ]
    }, {
      "vertices" : [ 0, 2, 3 ]
    }, {
      "vertices" : [ 0, 3, 2 ]
    }, {
      "vertices" : [ 0, 2, 1 ]
    } ]
  }, {
    "id" : "085bf3b6-79b1-4e53-af2b-20062b13dee4",
    "vertices" : [ {
      "x" : 52.832817,
      "y" : 8.472136,
      "z" : 0.0
    }, {
      "x" : 51.214783,
      "y" : 19.562305,
      "z" : -4.236068
    }, {
      "x" : 49.59675,
      "y" : 30.652475,
      "z" : 0.0
    }, {
      "x" : 51.214783,
      "y" : 19.562305,
      "z" : 4.236068
    } ],
    "faces" : [ {
      "vertices" : [ 0, 1, 2 ]
    }, {
      "vertices" : [ 0, 2, 3 ]
    }, {
      "vertices" : [ 0, 3, 2 ]
    }, {
      "vertices" : [ 0, 2, 1 ]
    } ]
  }, {
    "id" : "d11e595d-a784-4f8c-9e89-f309d2a59bc6",
    "vertices" : [ {
      "x" : 23.18034,
      "y" : -29.034441,
      "z" : 38.506577
    }, {
      "x" : 12.09017,
      "y" : -33.27051,
      "z" : 40.12461
    }, {
      "x" : 9.472136,
      "y" : -42.742645,
      "z" : 33.27051
    }, {
      "x" : 20.562305,
      "y" : -38.506577,
      "z" : 31.652475
    } ],
    "faces" : [ {
      "vertices" : [ 0, 1, 2 ]
    }, {
      "vertices" : [ 0, 2, 3 ]
    }, {
      "vertices" : [ 0, 3, 2 ]
    }, {
      "vertices" : [ 0, 2, 1 ]
    } ]
  }, {
    "id" : "e2edb719-da0c-4667-97fc-1dc38617a8b7",
    "vertices" : [ {
      "x" : 9.472136,
      "y" : -23.798374,
      "z" : -46.978714
    }, {
      "x" : 12.09017,
      "y" : -33.27051,
      "z" : -40.12461
    }, {
      "x" : 23.18034,
      "y" : -29.034441,
      "z" : -38.506577
    }, {
      "x" : 20.562305,
      "y" : -19.562305,
      "z" : -45.36068
    } ],
    "faces" : [ {
      "vertices" : [ 0, 1, 2 ]
    }, {
      "vertices" : [ 0, 2, 3 ]
    }, {
      "vertices" : [ 0, 3, 2 ]
    }, {
      "vertices" : [ 0, 2, 1 ]
    } ]
  }, {
