{
  "field" : "golden",
  "symmetry" : "icosahedral",
  "orientations" : [ [ 1.0, 0.0, 0.0, 0.0, 0.0, 1.0, 0.0, 0.0, 0.0, 0.0, 1.0, 0.0, 0.0, 0.0, 0.0, 1.0 ], [ 0.0, 0.0, 1.0, 0.0, 1.0, 0.0, 0.0, 0.0, 0.0, 1.0, 0.0, 0.0, 0.0, 0.0, 0.0, 1.0 ], [ 0.0, 1.0, 0.0, 0.0, 0.0, 0.0, 1.0, 0.0, 1.0, 0.0, 0.0, 0.0, 0.0, 0.0, 0.0, 1.0 ], [ 0.809017, 0.309017, 0.5, 0.0, 0.309017, 0.5, -0.809017, 0.0, -0.5, 0.809017, 0.309017, 0.0, 0.0, 0.0, 0.0, 1.0 ], [ -0.5, 0.809017, 0.309017, 0.0, 0.809017, 0.309017, 0.5, 0.0, 0.309017, 0.5, -0.809017, 0.0, 0.0, 0.0, 0.0, 1.0 ], [ 0.309017, 0.5, -0.809017, 0.0, -0.5, 0.809017, 0.309017, 0.0, 0.809017, 0.309017, 0.5, 0.0, 0.0, 0.0, 0.0, 1.0 ], [ 0.5, 0.809017, 0.309017, 0.0, 0.809017, -0.309017, -0.5, 0.0, -0.309017, 0.5, -0.809017, 0.0, 0.0, 0.0, 0.0, 1.0 ], [ -0.309017, 0.5, -0.809017, 0.0, 0.5, 0.809017, 0.309017, 0.0, 0.809017, -0.309017, -0.5, 0.0, 0.0, 0.0, 0.0, 1.0 ], [ 0.809017, -0.309017, -0.5, 0.0, -0.309017, 0.5, -0.809017, 0.0, 0.5, 0.809017, 0.309017, 0.0, 0.0, 0.0, 0.0, 1.0 ], [ 0.5, 0.809017, -0.309017, 0.0, 0.809017, -0.309017, 0.5, 0.0, 0.309017, -0.5, -0.809017, 0.0, 0.0, 0.0, 0.0, 1.0 ], [ 0.309017, -0.5, -0.809017, 0.0, 0.5, 0.809017, -0.309017, 0.0, 0.809017, -0.309017, 0.5, 0.0, 0.0, 0.0, 0.0, 1.0 ], [ 0.809017, -0.309017, 0.5, 0.0, 0.309017, -0.5, -0.809017, 0.0, 0.5, 0.809017, -0.309017, 0.0, 0.0, 0.0, 0.0, 1.0 ], [ 0.809017, 0.309017, -0.5, 0.0, 0.309017, 0.5, 0.809017, 0.0, 0.5, -0.809017, 0.309017, 0.0, 0.0, 0.0, 0.0, 1.0 ], [ 0.5, -0.809017, 0.309017, 0.0, 0.809017, 0.309017, -0.5, 0.0, 0.309017, 0.5, 0.809017, 0.0, 0.0, 0.0, 0.0, 1.0 ], [ 0.309017, 0.5, 0.809017, 0.0, 0.5, -0.809017, 0.309017, 0.0, 0.809017, 0.309017, -0.5, 0.0, 0.0, 0.0, 0.0, 1.0 ], [ 1.0, 0.0, 0.0, 0.0, 0.0, -1.0, 0.0, 0.0, 0.0, 0.0, -1.0, 0.0, 0.0, 0.0, 0.0, 1.0 ], [ 0.0, 0.0, 1.0, 0.0, -1.0, 0.0, 0.0, 0.0, 0.0, -1.0, 0.0, 0.0, 0.0, 0.0, 0.0, 1.0 ], [ 0.0, 1.0, 0.0, 0.0, 0.0, 0.0, -1.0, 0.0, -1.0, 0.0, 0.0, 0.0, 0.0, 0.0, 0.0, 1.0 ], [ 0.809017, 0.309017, 0.5, 0.0, -0.309017, -0.5, 0.809017, 0.0, 0.5, -0.809017, -0.309017, 0.0, 0.0, 0.0, 0.0, 1.0 ], [ -0.5, 0.809017, 0.309017, 0.0, -0.809017, -0.309017, -0.5, 0.0, -0.309017, -0.5, 0.809017, 0.0, 0.0, 0.0, 0.0, 1.0 ], [ 0.309017, 0.5, -0.809017, 0.0, 0.5, -0.809017, -0.309017, 0.0, -0.809017, -0.309017, -0.5, 0.0, 0.0, 0.0, 0.0, 1.0 ], [ 0.5, 0.809017, 0.309017, 0.0, -0.809017, 0.309017, 0.5, 0.0, 0.309017, -0.5, 0.809017, 0.0, 0.0, 0.0, 0.0, 1.0 ], [ -0.309017, 0.5, -0.809017, 0.0, -0.5, -0.809017, -0.309017, 0.0, -0.809017, 0.309017, 0.5, 0.0, 0.0, 0.0, 0.0, 1.0 ], [ 0.809017, -0.309017, -0.5, 0.0, 0.309017, -0.5, 0.809017, 0.0, -0.5, -0.809017, -0.309017, 0.0, 0.0, 0.0, 0.0, 1.0 ], [ 0.5, 0.809017, -0.309017, 0.0, -0.809017, 0.309017, -0.5, 0.0, -0.309017, 0.5, 0.809017, 0.0, 0.0, 0.0, 0.0, 1.0 ], [ 0.309017, -0.5, -0.809017, 0.0, -0.5, -0.809017, 0.309017, 0.0, -0.809017, 0.309017, -0.5, 0.0, 0.0, 0.0, 0.0, 1.0 ], [ 0.809017, -0.309017, 0.5, 0.0, -0.309017, 0.5, 0.809017, 0.0, -0.5, -0.809017, 0.309017, 0.0, 0.0, 0.0, 0.0, 1.0 ], [ 0.809017, 0.309017, -0.5, 0.0, -0.309017, -0.5, -0.809017, 0.0, -0.5, 0.809017, -0.309017, 0.0, 0.0, 0.0, 0.0, 1.0 ], [ 0.5, -0.809017, 0.309017, 0.0, -0.809017, -0.309017, 0.5, 0.0, -0.309017, -0.5, -0.809017, 0.0, 0.0, 0.0, 0.0, 1.0 ], [ 0.309017, 0.5, 0.809017, 0.0, -0.5, 0.809017, -0.309017, 0.0, -0.809017, -0.309017, 0.5, 0.0, 0.0, 0.0, 0.0, 1.0 ], [ -1.0, 0.0, 0.0, 0.0, 0.0, -1.0, 0.0, 0.0, 0.0, 0.0, 1.0, 0.0, 0.0, 0.0, 0.0, 1.0 ], [ 0.0, 0.0, -1.0, 0.0, -1.0, 0.0, 0.0, 0.0, 0.0, 1.0, 0.0, 0.0, 0.0, 0.0, 0.0, 1.0 ], [ 0.0, -1.0, 0.0, 0.0, 0.0, 0.0, -1.0, 0.0, 1.0, 0.0, 0.0, 0.0, 0.0, 0.0, 0.0, 1.0 ], [ -0.809017, -0.309017, -0.5, 0.0, -0.309017, -0.5, 0.809017, 0.0, -0.5, 0.809017, 0.309017, 0.0, 0.0, 0.0, 0.0, 1.0 ], [ 0.5, -0.809017, -0.309017, 0.0, -0.809017, -0.309017, -0.5, 0.0, 0.309017, 0.5, -0.809017, 0.0, 0.0, 0.0, 0.0, 1.0 ], [ -0.309017, -0.5, 0.809017, 0.0, 0.5, -0.809017, -0.309017, 0.0, 0.809017, 0.309017, 0.5, 0.0, 0.0, 0.0, 0.0, 1.0 ], [ -0.5, -0.809017, -0.309017, 0.0, -0.809017, 0.309017, 0.5, 0.0, -0.309017, 0.5, -0.809017, 0.0, 0.0, 0.0, 0.0, 1.0 ], [ 0.309017, -0.5, 0.809017, 0.0, -0.5, -0.809017, -0.309017, 0.0, 0.809017, -0.309017, -0.5, 0.0, 0.0, 0.0, 0.0, 1.0 ], [ -0.809017, 0.309017, 0.5, 0.0, 0.309017, -0.5, 0.809017, 0.0, 0.5, 0.809017, 0.309017, 0.0, 0.0, 0.0, 0.0, 1.0 ], [ -0.5, -0.809017, 0.309017, 0.0, -0.809017, 0.309017, -0.5, 0.0, 0.309017, -0.5, -0.809017, 0.0, 0.0, 0.0, 0.0, 1.0 ], [ -0.309017, 0.5, 0.809017, 0.0, -0.5, -0.809017, 0.309017, 0.0, 0.809017, -0.309017, 0.5, 0.0, 0.0, 0.0, 0.0, 1.0 ], [ -0.809017, 0.309017, -0.5, 0.0, -0.309017, 0.5, 0.809017, 0.0, 0.5, 0.809017, -0.309017, 0.0, 0.0, 0.0, 0.0, 1.0 ], [ -0.809017, -0.309017, 0.5, 0.0, -0.309017, -0.5, -0.809017, 0.0, 0.5, -0.809017, 0.309017, 0.0, 0.0, 0.0, 0.0, 1.0 ], [ -0.5, 0.809017, -0.309017, 0.0, -0.809017, -0.309017, 0.5, 0.0, 0.309017, 0.5, 0.809017, 0.0, 0.0, 0.0, 0.0, 1.0 ], [ -0.309017, -0.5, -0.809017, 0.0, -0.5, 0.809017, -0.309017, 0.0, 0.809017, 0.309017, -0.5, 0.0, 0.0, 0.0, 0.0, 1.0 ], [ -1.0, 0.0, 0.0, 0.0, 0.0, 1.0, 0.0, 0.0, 0.0, 0.0, -1.0, 0.0, 0.0, 0.0, 0.0, 1.0 ], [ 0.0, 0.0, -1.0, 0.0, 1.0, 0.0, 0.0, 0.0, 0.0, -1.0, 0.0, 0.0, 0.0, 0.0, 0.0, 1.0 ], [ 0.0, -1.0, 0.0, 0.0, 0.0, 0.0, 1.0, 0.0, -1.0, 0.0, 0.0, 0.0, 0.0, 0.0, 0.0, 1.0 ], [ -0.809017, -0.309017, -0.5, 0.0, 0.309017, 0.5, -0.809017, 0.0, 0.5, -0.809017, -0.309017, 0.0, 0.0, 0.0, 0.0, 1.0 ], [ 0.5, -0.809017, -0.309017, 0.0, 0.809017, 0.309017, 0.5, 0.0, -0.309017, -0.5, 0.809017, 0.0, 0.0, 0.0, 0.0, 1.0 ], [ -0.309017, -0.5, 0.809017, 0.0, -0.5, 0.809017, 0.309017, 0.0, -0.809017, -0.309017, -0.5, 0.0, 0.0, 0.0, 0.0, 1.0 ], [ -0.5, -0.809017, -0.309017, 0.0, 0.809017, -0.309017, -0.5, 0.0, 0.309017, -0.5, 0.809017, 0.0, 0.0, 0.0, 0.0, 1.0 ], [ 0.309017, -0.5, 0.809017, 0.0, 0.5, 0.809017, 0.309017, 0.0, -0.809017, 0.309017, 0.5, 0.0, 0.0, 0.0, 0.0, 1.0 ], [ -0.809017, 0.309017, 0.5, 0.0, -0.309017, 0.5, -0.809017, 0.0, -0.5, -0.809017, -0.309017, 0.0, 0.0, 0.0, 0.0, 1.0 ], [ -0.5, -0.809017, 0.309017, 0.0, 0.809017, -0.309017, 0.5, 0.0, -0.309017, 0.5, 0.809017, 0.0, 0.0, 0.0, 0.0, 1.0 ], [ -0.309017, 0.5, 0.809017, 0.0, 0.5, 0.809017, -0.309017, 0.0, -0.809017, 0.309017, -0.5, 0.0, 0.0, 0.0, 0.0, 1.0 ], [ -0.809017, 0.309017, -0.5, 0.0, 0.309017, -0.5, -0.809017, 0.0, -0.5, -0.809017, 0.309017, 0.0, 0.0, 0.0, 0.0, 1.0 ], [ -0.809017, -0.309017, 0.5, 0.0, 0.309017, 0.5, 0.809017, 0.0, -0.5, 0.809017, -0.309017, 0.0, 0.0, 0.0, 0.0, 1.0 ], [ -0.5, 0.809017, -0.309017, 0.0, 0.809017, 0.309017, -0.5, 0.0, -0.309017, -0.5, -0.809017, 0.0, 0.0, 0.0, 0.0, 1.0 ], [ -0.309017, -0.5, -0.809017, 0.0, 0.5, -0.809017, 0.309017, 0.0, -0.809017, -0.309017, 0.5, 0.0, 0.0, 0.0, 0.0, 1.0 ] ],
  "lights" : {
    "ambientColor" : "#292929",
    "backgroundColor" : "#F4FFF4",
    "directionalLights" : [ {
      "direction" : {
        "x" : 1.0,
        "y" : -1.0,
        "z" : -1.0
      },
      "color" : "#EBEBE4"
    }, {
      "direction" : {
        "x" : -1.0,
        "y" : 0.0,
        "z" : 0.0
      },
      "color" : "#E4E4EB"
    }, {
      "direction" : {
        "x" : 0.0,
        "y" : 0.0,
        "z" : -1.0
      },
      "color" : "#1E1E1E"
    } ]
  },
  "camera" : {
    "lookDirection" : {
      "x" : 0.0,
      "y" : 0.0,
      "z" : -1.0
    },
    "upDirection" : {
      "x" : 0.0,
      "y" : 1.0,
      "z" : 0.0
    },
    "lookAtPoint" : {
      "x" : 0.0,
      "y" : 0.0,
      "z" : 0.0
    },
    "viewDistance" : 440.9271,
    "nearClipDistance" : 1.1023188,
    "farClipDistance" : 881.8526,
    "fieldOfView" : 0.4426296,
    "perspective" : false,
    "stereo" : false,
    "width" : 198.41753,
    "position" : {
      "x" : 0.0,
      "y" : 0.0,
      "z" : 440.9271
    }
  },
  "embedding" : [ 1.0, 0.0, 0.0, 0.0, 0.0, 1.0, 0.0, 0.0, 0.0, 0.0, 1.0, 0.0, 0.0, 0.0, 0.0, 1.0 ],
  "shapes" : [ {
    "id" : "0ce3331c-9675-4442-9225-2f4b2f041a74",
    "vertices" : [ {
      "x" : 23.798374,
      "y" : 46.978714,
      "z" : -9.472136
    }, {
      "x" : 19.562305,
      "y" : 45.36068,
      "z" : -20.562305
    }, {
      "x" : 29.034441,
      "y" : 38.506577,
      "z" : -23.18034
    }, {
      "x" : 33.27051,
      "y" : 40.12461,
      "z" : -12.09017
    } ],
    "faces" : [ {
      "vertices" : [ 0, 1, 2 ]
    }, {
      "vertices" : [ 0, 2, 3 ]
    }, {
      "vertices" : [ 0, 3, 2 ]
    }, {
      "vertices" : [ 0, 2, 1 ]
    } ]
  }, {
    "id" : "7da696e6-efaf-4e76-a54a-abf82949ff1b",
    "vertices" : [ {
      "x" : 10.781153,
      "y" : 4.118034,
      "z" : -1.572949
    }, {
      "x" : 10.399187,
      "y" : 3.663119,
      "z" : -1.381966
    }, {
      "x" : 10.236068,
      "y" : 3.927051,
      "z" : -1.809017
    }, {
      "x" : 10.163119,
      "y" : 4.190983,
      "z" : -1.618034
    }, {
      "x" : 0.85410196,
      "y" : 0.309017,
      "z" : 0.19098301
    }, {
      "x" : 0.690983,
      "y" : 0.572949,
      "z" : -0.23606798
    }, {
      "x" : 0.309017,
      "y" : 0.11803399,
      "z" : -0.045084972
    }, {
      "x" : 0.76393205,
      "y" : 0.309017,
      "z" : -0.42705098
    }, {
      "x" : 0.927051,
      "y" : 0.045084972,
      "z" : 0.0
    }, {
      "x" : 10.326238,
      "y" : 3.927051,
      "z" : -1.190983
    }, {
      "x" : 11.09017,
      "y" : 4.236068,
      "z" : -1.618034
    } ],
    "faces" : [ {
      "vertices" : [ 2, 7, 5 ]
    }, {
      "vertices" : [ 2, 5, 3 ]
    }, {
      "vertices" : [ 1, 8, 7 ]
    }, {
      "vertices" : [ 1, 7, 2 ]
    }, {
      "vertices" : [ 4, 6, 8 ]
    }, {
      "vertices" : [ 5, 7, 6 ]
    }, {
      "vertices" : [ 0, 1, 2 ]
    }, {
      "vertices" : [ 0, 2, 3 ]
    }, {
      "vertices" : [ 6, 7, 8 ]
    }, {
      "vertices" : [ 3, 5, 4 ]
    }, {
      "vertices" : [ 3, 4, 9 ]
    }, {
      "vertices" : [ 1, 9, 4 ]
    }, {
      "vertices" : [ 1, 4, 8 ]
    }, {
      "vertices" : [ 0, 9, 1 ]
    }, {
      "vertices" : [ 0, 3, 9 ]
    }, {
      "vertices" : [ 4, 5, 6 ]
    } ]
  }, {
    "id" : "4c065b8d-0fd9-40df-ba78-27861e0c19fa",
    "vertices" : [ {
      "x" : -38.506577,
      "y" : -23.18034,
      "z" : 29.034441
    }, {
      "x" : -40.12461,
      "y" : -12.09017,
      "z" : 33.27051
    }, {
      "x" : -35.888542,
      "y" : -13.708204,
      "z" : 22.18034
    } ],
    "faces" : [ {
      "vertices" : [ 0, 1, 2 ]
    }, {
      "vertices" : [ 0, 2, 1 ]
    } ]
  }, {
    "id" : "6877dcb2-b8fb-47d1-9967-e237341be2b4",
    "vertices" : [ {
      "x" : -38.506577,
      "y" : -23.18034,
      "z" : -29.034441
    }, {
      "x" : -45.36068,
      "y" : -20.562305,
      "z" : -19.562305
    }, {
      "x" : -35.888542,
      "y" : -13.708204,
      "z" : -22.18034
    } ],
    "faces" : [ {
      "vertices" : [ 0, 1, 2 ]
    }, {
      "vertices" : [ 0, 2, 1 ]
    } ]
  }, {
    "id" : "65507eba-cb40-419c-8bdd-8e4d331e1910",
    "vertices" : [ {
      "x" : 0.309017,
      "y" : -0.309017,
      "z" : -0.309017
    }, {
      "x" : 0.5,
      "y" : 0.0,
      "z" : -0.19098301
    }, {
      "x" : 0.5,
      "y" : 0.0,
      "z" : 0.19098301
    }, {
      "x" : 0.309017,
      "y" : -0.309017,
      "z" : 0.309017
    }, {
      "x" : 0.19098301,
      "y" : -0.5,
      "z" : 0.0
    }, {
      "x" : 0.0,
      "y" : 0.19098301,
      "z" : 0.5
    }, {
      "x" : 0.0,
      "y" : -0.19098301,
      "z" : 0.5
    }, {
      "x" : 0.309017,
      "y" : 0.309017,
      "z" : 0.309017
    }, {
      "x" : -0.309017,
      "y" : -0.309017,
      "z" : 0.309017
    }, {
      "x" : -0.309017,
      "y" : 0.309017,
      "z" : 0.309017
    }, {
      "x" : -0.5,
      "y" : 0.0,
      "z" : 0.19098301
    }, {
      "x" : 0.0,
      "y" : -0.19098301,
      "z" : -0.5
    }, {
      "x" : 0.0,
      "y" : 0.19098301,
      "z" : -0.5
    }, {
      "x" : 0.309017,
      "y" : 0.309017,
      "z" : -0.309017
    }, {
      "x" : -0.309017,
      "y" : -0.309017,
      "z" : -0.309017
    }, {
      "x" : -0.19098301,
      "y" : -0.5,
      "z" : 0.0
    }, {
      "x" : -0.5,
      "y" : 0.0,
      "z" : -0.19098301
    }, {
      "x" : 0.19098301,
      "y" : 0.5,
      "z" : 0.0
    }, {
      "x" : -0.309017,
      "y" : 0.309017,
      "z" : -0.309017
    }, {
      "x" : 0.0,
      "y" : 0.0,
      "z" : 0.0
    }, {
      "x" : -0.19098301,
      "y" : 0.5,
      "z" : 0.0
    } ],
    "faces" : [ {
      "vertices" : [ 12, 18, 20 ]
    }, {
      "vertices" : [ 12, 20, 17 ]
    }, {
      "vertices" : [ 12, 17, 13 ]
    }, {
      "vertices" : [ 3, 6, 8 ]
    }, {
      "vertices" : [ 3, 8, 15 ]
    }, {
      "vertices" : [ 3, 15, 4 ]
    }, {
      "vertices" : [ 0, 11, 12 ]
    }, {
      "vertices" : [ 0, 12, 13 ]
    }, {
      "vertices" : [ 0, 13, 1 ]
    }, {
      "vertices" : [ 5, 9, 10 ]
    }, {
      "vertices" : [ 5, 10, 8 ]
    }, {
      "vertices" : [ 5, 8, 6 ]
    }, {
      "vertices" : [ 2, 7, 5 ]
    }, {
      "vertices" : [ 2, 5, 6 ]
    }, {
      "vertices" : [ 2, 6, 3 ]
    }, {
      "vertices" : [ 11, 14, 16 ]
    }, {
      "vertices" : [ 11, 16, 18 ]
    }, {
      "vertices" : [ 11, 18, 12 ]
    }, {
      "vertices" : [ 1, 13, 17 ]
    }, {
      "vertices" : [ 1, 17, 7 ]
    }, {
      "vertices" : [ 1, 7, 2 ]
    }, {
      "vertices" : [ 9, 20, 18 ]
    }, {
      "vertices" : [ 9, 18, 16 ]
    }, {
      "vertices" : [ 9, 16, 10 ]
    }, {
      "vertices" : [ 0, 1, 2 ]
    }, {
      "vertices" : [ 0, 2, 3 ]
    }, {
      "vertices" : [ 0, 3, 4 ]
    }, {
      "vertices" : [ 5, 7, 17 ]
    }, {
      "vertices" : [ 5, 17, 20 ]
    }, {
      "vertices" : [ 5, 20, 9 ]
    }, {
      "vertices" : [ 0, 4, 15 ]
    }, {
      "vertices" : [ 0, 15, 14 ]
    }, {
      "vertices" : [ 0, 14, 11 ]
    }, {
      "vertices" : [ 8, 10, 16 ]
    }, {
      "vertices" : [ 8, 16, 14 ]
    }, {
      "vertices" : [ 8, 14, 15 ]
    } ]
  }, {
    "id" : "4d5a5aab-076a-4a21-9b86-11b7c786d0ad",
    "vertices" : [ {
      "x" : 29.034441,
      "y" : 38.506577,
      "z" : 23.18034
    }, {
      "x" : 38.506577,
      "y" : 31.652475,
      "z" : 20.562305
    }, {
      "x" : 42.742645,
      "y" : 33.27051,
      "z" : 9.472136
    }, {
      "x" : 33.27051,
      "y" : 40.12461,
      "z" : 12.09017
    } ],
    "faces" : [ {
      "vertices" : [ 0, 1, 2 ]
    }, {
      "vertices" : [ 0, 2, 3 ]
    }, {
      "vertices" : [ 0, 3, 2 ]
    }, {
      "vertices" : [ 0, 2, 1 ]
    } ]
  }, {
    "id" : "d60aa92d-77f7-4847-b7db-9ee4b52461ad",
    "vertices" : [ {
      "x" : 31.652475,
      "y" : -20.562305,
      "z" : -38.506577
    }, {
      "x" : 29.034441,
      "y" : -11.09017,
      "z" : -45.36068
    }, {
      "x" : 30.652475,
      "y" : 0.0,
      "z" : -49.59675
    }, {
      "x" : 33.27051,
      "y" : -9.472136,
      "z" : -42.742645
    } ],
    "faces" : [ {
      "vertices" : [ 0, 1, 2 ]
    }, {
      "vertices" : [ 0, 2, 3 ]
    }, {
      "vertices" : [ 0, 3, 2 ]
    }, {
      "vertices" : [ 0, 2, 1 ]
    } ]
  }, {
    "id" : "ba8a0895-cb3f-47a5-831b-be87eb0b0cf2",
    "vertices" : [ {
      "x" : -11.09017,
      "y" : -12.708204,
      "z" : -51.214783
    }, {
      "x" : -22.18034,
      "y" : -8.472136,
      "z" : -49.59675
    }, {
      "x" : -30.652475,
      "y" : 0.0,
      "z" : -49.59675
    }, {
      "x" : -19.562305,
      "y" : -4.236068,
      "z" : -51.214783
    } ],
    "faces" : [ {
      "vertices" : [ 0, 1, 2 ]
    }, {
      "vertices" : [ 0, 2, 3 ]
    }, {
      "vertices" : [ 0, 3, 2 ]
    }, {
      "vertices" : [ 0, 2, 1 ]
    } ]
  }, {
    "id" : "1bbafcb1-0579-4fdd-97fa-578a580a95ab",
    "vertices" : [ {
      "x" : -38.506577,
      "y" : -31.652475,
      "z" : -20.562305
    }, {
      "x" : -42.742645,
      "y" : -33.27051,
      "z" : -9.472136
    }, {
      "x" : -49.59675,
      "y" : -30.652475,
      "z" : 0.0
    }, {
      "x" : -45.36068,
      "y" : -29.034441,
      "z" : -11.09017
    } ],
    "faces" : [ {
      "vertices" : [ 0, 1, 2 ]
    }, {
      "vertices" : [ 0, 2, 3 ]
    }, {
      "vertices" : [ 0, 3, 2 ]
    }, {
      "vertices" : [ 0, 2, 1 ]
    } ]
  }, {
    "id" : "0662bf15-a979-4581-ba53-acb3e0170b45",
    "vertices" : [ {
      "x" : -23.18034,
      "y" : 29.034441,
      "z" : 38.506577
    }, {
      "x" : -20.562305,
      "y" : 19.562305,
      "z" : 45.36068
    }, {
      "x" : -13.708204,
      "y" : 22.18034,
      "z" : 35.888542
    } ],
    "faces" : [ {
      "vertices" : [ 0, 1, 2 ]
    }, {
      "vertices" : [ 0, 2, 1 ]
    } ]
  }, {
    "id" : "8d865510-8edc-4ed3-8b85-ad109f712231",
    "vertices" : [ {
      "x" : -9.472136,
      "y" : 23.798374,
      "z" : -46.978714
    }, {
      "x" : -11.09017,
      "y" : 12.708204,
      "z" : -51.214783
    }, {
      "x" : -22.18034,
      "y" : 8.472136,
      "z" : -49.59675
    }, {
      "x" : -20.562305,
      "y" : 19.562305,
      "z" : -45.36068
    } ],
    "faces" : [ {
      "vertices" : [ 0, 1, 2 ]
    }, {
      "vertices" : [ 0, 2, 3 ]
    }, {
      "vertices" : [ 0, 3, 2 ]
    }, {
      "vertices" : [ 0, 2, 1 ]
    } ]
  }, {
    "id" : "01d65000-38f8-4d1c-ab53-e84be35884d0",
    "vertices" : [ {
      "x" : -40.12461,
      "y" : -12.09017,
      "z" : -33.27051
    }, {
      "x" : -37.506577,
      "y" : -2.618034,
      "z" : -40.12461
    }, {
      "x" : -30.652475,
      "y" : 0.0,
      "z" : -49.59675
    }, {
      "x" : -33.27051,
      "y" : -9.472136,
      "z" : -42.742645
    } ],
    "faces" : [ {
      "vertices" : [ 0, 1, 2 ]
    }, {
      "vertices" : [ 0, 2, 3 ]
    }, {
      "vertices" : [ 0, 3, 2 ]
    }, {
      "vertices" : [ 0, 2, 1 ]
    } ]
  }, {
    "id" : "2538dd2f-961a-40fd-a1ea-3c446950be64",
    "vertices" : [ {
      "x" : 9.472136,
      "y" : 23.798374,
      "z" : -46.978714
    }, {
      "x" : 12.09017,
      "y" : 33.27051,
      "z" : -40.12461
    }, {
      "x" : 13.708204,
      "y" : 22.18034,
      "z" : -35.888542
    } ],
    "faces" : [ {
      "vertices" : [ 0, 1, 2 ]
    }, {
      "vertices" : [ 0, 2, 1 ]
    } ]
  }, {
    "id" : "d57a8f7e-9941-4ee3-a699-17b209437587",
    "vertices" : [ {
      "x" : -45.36068,
      "y" : 20.562305,
      "z" : 19.562305
    }, {
      "x" : -45.36068,
      "y" : 29.034441,
      "z" : 11.09017
    }, {
      "x" : -49.59675,
      "y" : 30.652475,
      "z" : 0.0
    }, {
      "x" : -49.59675,
      "y" : 22.18034,
      "z" : 8.472136
    } ],
    "faces" : [ {
      "vertices" : [ 0, 1, 2 ]
    }, {
      "vertices" : [ 0, 2, 3 ]
    }, {
      "vertices" : [ 0, 3, 2 ]
    }, {
      "vertices" : [ 0, 2, 1 ]
    } ]
  }, {
    "id" : "7785969f-7fd0-45b3-85c4-1c62cf1a6d79",
    "vertices" : [ {
      "x" : 22.18034,
      "y" : -35.888542,
      "z" : 13.708204
    }, {
      "x" : 33.27051,
      "y" : -40.12461,
      "z" : 12.09017
    }, {
      "x" : 29.034441,
      "y" : -38.506577,
      "z" : 23.18034
    } ],
    "faces" : [ {
      "vertices" : [ 0, 1, 2 ]
    }, {
      "vertices" : [ 0, 2, 1 ]
    } ]
  }, {
    "id" : "f3a51a8d-2019-4cdd-bcfd-0f4f83b20359",
    "vertices" : [ {
      "x" : 52.832817,
      "y" : 0.0,
      "z" : 8.472136
    }, {
      "x" : 52.832817,
      "y" : -8.472136,
      "z" : 0.0
    }, {
      "x" : 44.36068,
      "y" : 0.0,
      "z" : 0.0
    } ],
    "faces" : [ {
      "vertices" : [ 0, 1, 2 ]
    }, {
      "vertices" : [ 0, 2, 1 ]
    } ]
  }, {
    "id" : "4ab962cb-7450-4556-bf17-43d39b49ffc7",
    "vertices" : [ {
      "x" : -52.832817,
      "y" : 0.0,
      "z" : -8.472136
    }, {
      "x" : -52.832817,
      "y" : 8.472136,
      "z" : 0.0
    }, {
      "x" : -51.214783,
      "y" : 19.562305,
      "z" : -4.236068
    }, {
      "x" : -51.214783,
      "y" : 11.09017,
      "z" : -12.708204
    } ],
    "faces" : [ {
      "vertices" : [ 0, 1, 2 ]
    }, {
      "vertices" : [ 0, 2, 3 ]
    }, {
      "vertices" : [ 0, 3, 2 ]
    }, {
      "vertices" : [ 0, 2, 1 ]
    } ]
  }, {
    "id" : "45f63db2-bea5-4bfa-88c3-26a541168199",
    "vertices" : [ {
      "x" : 0.0,
      "y" : 30.652475,
      "z" : -44.36068
    }, {
      "x" : -2.618034,
      "y" : 40.12461,
      "z" : -37.506577
    }, {
      "x" : 0.0,
      "y" : 49.59675,
      "z" : -30.652475
    }, {
      "x" : 2.618034,
      "y" : 40.12461,
      "z" : -37.506577
    } ],
    "faces" : [ {
      "vertices" : [ 0, 1, 2 ]
    }, {
      "vertices" : [ 0, 2, 3 ]
    }, {
      "vertices" : [ 0, 3, 2 ]
    }, {
      "vertices" : [ 0, 2, 1 ]
    } ]
  }, {
    "id" : "50a19c5d-3521-41fb-b5c6-ad1a548c7055",
    "vertices" : [ {
      "x" : 35.888542,
      "y" : 13.708204,
      "z" : 22.18034
    }, {
      "x" : 40.12461,
      "y" : 12.09017,
      "z" : 33.27051
    }, {
      "x" : 46.978714,
      "y" : 9.472136,
      "z" : 23.798374
    } ],
    "faces" : [ {
      "vertices" : [ 0, 1, 2 ]
    }, {
      "vertices" : [ 0, 2, 1 ]
    } ]
  }, {
    "id" : "8d198edf-96e7-4b83-8fdb-202df7164a98",
    "vertices" : [ {
      "x" : -23.18034,
      "y" : -29.034441,
      "z" : -38.506577
    }, {
      "x" : -20.562305,
      "y" : -19.562305,
      "z" : -45.36068
    }, {
      "x" : -13.708204,
      "y" : -22.18034,
      "z" : -35.888542
    } ],
    "faces" : [ {
      "vertices" : [ 0, 1, 2 ]
    }, {
      "vertices" : [ 0, 2, 1 ]
    } ]
  }, {
    "id" : "35a687ac-373f-4304-8205-c6895f505660",
    "vertices" : [ {
      "x" : -13.708204,
      "y" : 22.18034,
      "z" : 35.888542
    }, {
      "x" : -12.09017,
      "y" : 33.27051,
      "z" : 40.12461
    }, {
      "x" : -23.18034,
      "y" : 29.034441,
      "z" : 38.506577
    } ],
    "faces" : [ {
      "vertices" : [ 0, 1, 2 ]
    }, {
      "vertices" : [ 0, 2, 1 ]
    } ]
  }, {
    "id" : "4a1244b4-8571-4777-8bf1-2cd5833a8806",
    "vertices" : [ {
      "x" : -51.214783,
      "y" : -11.09017,
      "z" : 12.708204
    }, {
      "x" : -51.214783,
      "y" : -19.562305,
      "z" : 4.236068
    }, {
      "x" : -49.59675,
      "y" : -30.652475,
      "z" : 0.0
    }, {
      "x" : -49.59675,
      "y" : -22.18034,
      "z" : 8.472136
    } ],
    "faces" : [ {
      "vertices" : [ 0, 1, 2 ]
    }, {
      "vertices" : [ 0, 2, 3 ]
    }, {
      "vertices" : [ 0, 3, 2 ]
    }, {
      "vertices" : [ 0, 2, 1 ]
    } ]
  }, {
    "id" : "a47167b9-fee8-4f9b-8c1e-525ed3c39207",
    "vertices" : [ {
      "x" : 8.472136,
      "y" : 52.832817,
      "z" : 0.0
    }, {
      "x" : 0.0,
      "y" : 52.832817,
      "z" : 8.472136
    }, {
      "x" : 4.236068,
      "y" : 51.214783,
      "z" : 19.562305
    }, {
      "x" : 12.708204,
      "y" : 51.214783,
      "z" : 11.09017
    } ],
    "faces" : [ {
      "vertices" : [ 0, 1, 2 ]
    }, {
      "vertices" : [ 0, 2, 3 ]
    }, {
      "vertices" : [ 0, 3, 2 ]
    }, {
      "vertices" : [ 0, 2, 1 ]
    } ]
  }, {
    "id" : "36656100-8cb0-46d2-8224-375231fe1f2e",
    "vertices" : [ {
      "x" : -40.12461,
      "y" : 12.09017,
      "z" : 33.27051
    }, {
      "x" : -37.506577,
      "y" : 2.618034,
      "z" : 40.12461
    }, {
      "x" : -30.652475,
      "y" : 0.0,
      "z" : 49.59675
    }, {
      "x" : -33.27051,
      "y" : 9.472136,
      "z" : 42.742645
    } ],
    "faces" : [ {
      "vertices" : [ 0, 1, 2 ]
    }, {
      "vertices" : [ 0, 2, 3 ]
    }, {
      "vertices" : [ 0, 3, 2 ]
    }, {
      "vertices" : [ 0, 2, 1 ]
    } ]
  }, {
    "id" : "d268dedc-b171-4815-a973-3fdfa7978938",
    "vertices" : [ {
      "x" : 52.832817,
      "y" : 0.0,
      "z" : -8.472136
    }, {
      "x" : 51.214783,
      "y" : 11.09017,
      "z" : -12.708204
    }, {
      "x" : 51.214783,
      "y" : 19.562305,
      "z" : -4.236068
    }, {
      "x" : 52.832817,
      "y" : 8.472136,
      "z" : 0.0
    } ],
    "faces" : [ {
      "vertices" : [ 0, 1, 2 ]
    }, {
      "vertices" : [ 0, 2, 3 ]
    }, {
      "vertices" : [ 0, 3, 2 ]
    }, {
      "vertices" : [ 0, 2, 1 ]
    } ]
  }, {
    "id" : "b42e17c4-96f7-4264-8861-1df52fcd8f11",
    "vertices" : [ {
      "x" : 19.562305,
      "y" : 45.36068,
      "z" : 20.562305
    }, {
      "x" : 8.472136,
      "y" : 49.59675,
      "z" : 22.18034
    }, {
      "x" : 0.0,
      "y" : 49.59675,
      "z" : 30.652475
    }, {
      "x" : 11.09017,
      "y" : 45.36068,
      "z" : 29.034441
    } ],
    "faces" : [ {
      "vertices" : [ 0, 1, 2 ]
    }, {
      "vertices" : [ 0, 2, 3 ]
    }, {
      "vertices" : [ 0, 3, 2 ]
    }, {
      "vertices" : [ 0, 2, 1 ]
    } ]
  }, {
    "id" : "4b572734-9d0d-4970-9f52-b28e604fa209",
    "vertices" : [ {
      "x" : 0.0,
      "y" : -52.832817,
      "z" : -8.472136
    }, {
      "x" : -4.236068,
      "y" : -51.214783,
      "z" : -19.562305
    }, {
      "x" : 0.0,
      "y" : -49.59675,
      "z" : -30.652475
    }, {
      "x" : 4.236068,
      "y" : -51.214783,
      "z" : -19.562305
    } ],
    "faces" : [ {
      "vertices" : [ 0, 1, 2 ]
    }, {
      "vertices" : [ 0, 2, 3 ]
    }, {
      "vertices" : [ 0, 3, 2 ]
    }, {
      "vertices" : [ 0, 2, 1 ]
    } ]
  }, {
    "id" : "69cc3d85-a986-47d5-9a70-6565f12f6873",
    "vertices" : [ {
      "x" : 9.472136,
      "y" : 23.798374,
      "z" : 46.978714
    }, {
      "x" : 18.944271,
      "y" : 30.652475,
      "z" : 49.59675
    }, {
      "x" : 20.562305,
      "y" : 19.562305,
      "z" : 45.36068
    } ],
    "faces" : [ {
      "vertices" : [ 0, 1, 2 ]
    }, {
      "vertices" : [ 0, 2, 1 ]
    } ]
  }, {
    "id" : "a1e5bbe1-5d0f-4fca-9218-5af362ea2bec",
    "vertices" : [ {
      "x" : -40.12461,
      "y" : -12.09017,
      "z" : 33.27051
    }, {
      "x" : -33.27051,
      "y" : -9.472136,
      "z" : 42.742645
    }, {
      "x" : -30.652475,
      "y" : 0.0,
      "z" : 49.59675
    }, {
      "x" : -37.506577,
      "y" : -2.618034,
      "z" : 40.12461
    } ],
    "faces" : [ {
      "vertices" : [ 0, 1, 2 ]
    }, {
      "vertices" : [ 0, 2, 3 ]
    }, {
      "vertices" : [ 0, 3, 2 ]
    }, {
      "vertices" : [ 0, 2, 1 ]
    } ]
  }, {
    "id" : "688c2789-8724-471b-a900-e23cc4a161b9",
    "vertices" : [ {
      "x" : -29.034441,
      "y" : 38.506577,
      "z" : -23.18034
    }, {
      "x" : -33.27051,
      "y" : 40.12461,
      "z" : -12.09017
    }, {
      "x" : -22.18034,
      "y" : 35.888542,
      "z" : -13.708204
    } ],
    "faces" : [ {
      "vertices" : [ 0, 1, 2 ]
    }, {
      "vertices" : [ 0, 2, 1 ]
    } ]
  }, {
    "id" : "29e5c09e-4e38-4875-80de-f32e281160ef",
    "vertices" : [ {
      "x" : 23.18034,
      "y" : -29.034441,
      "z" : -38.506577
    }, {
      "x" : 20.562305,
      "y" : -38.506577,
      "z" : -31.652475
    }, {
      "x" : 9.472136,
      "y" : -42.742645,
      "z" : -33.27051
    }, {
      "x" : 12.09017,
      "y" : -33.27051,
      "z" : -40.12461
    } ],
    "faces" : [ {
      "vertices" : [ 0, 1, 2 ]
    }, {
      "vertices" : [ 0, 2, 3 ]
    }, {
      "vertices" : [ 0, 3, 2 ]
    }, {
      "vertices" : [ 0, 2, 1 ]
    } ]
  }, {
    "id" : "0b2e0a41-af9b-44b5-a8d6-ae01c895b8af",
    "vertices" : [ {
      "x" : -29.034441,
      "y" : -38.506577,
      "z" : 23.18034
    }, {
      "x" : -33.27051,
      "y" : -40.12461,
      "z" : 12.09017
    }, {
      "x" : -22.18034,
      "y" : -35.888542,
      "z" : 13.708204
    } ],
    "faces" : [ {
      "vertices" : [ 0, 1, 2 ]
    }, {
      "vertices" : [ 0, 2, 1 ]
    } ]
  }, {
    "id" : "be5fd0e9-63d7-4904-87e7-da375a49b932",
    "vertices" : [ {
      "x" : -23.798374,
      "y" : -46.978714,
      "z" : 9.472136
    }, {
      "x" : -12.708204,
      "y" : -51.214783,
      "z" : 11.09017
    }, {
      "x" : -8.472136,
      "y" : -49.59675,
      "z" : 22.18034
    }, {
      "x" : -19.562305,
      "y" : -45.36068,
      "z" : 20.562305
    } ],
    "faces" : [ {
      "vertices" : [ 0, 1, 2 ]
    }, {
      "vertices" : [ 0, 2, 3 ]
    }, {
      "vertices" : [ 0, 3, 2 ]
    }, {
      "vertices" : [ 0, 2, 1 ]
    } ]
  }, {
    "id" : "c8b7206a-ad1c-4acd-ae2d-1dd3c8bd8b69",
    "vertices" : [ {
      "x" : 8.472136,
      "y" : 52.832817,
      "z" : 0.0
    }, {
      "x" : 0.0,
      "y" : 52.832817,
      "z" : -8.472136
    }, {
      "x" : 0.0,
      "y" : 44.36068,
      "z" : 0.0
    } ],
    "faces" : [ {
      "vertices" : [ 0, 1, 2 ]
    }, {
      "vertices" : [ 0, 2, 1 ]
    } ]
  }, {
    "id" : "c859de12-c085-41b3-ad3b-00c09343b020",
    "vertices" : [ {
      "x" : 30.652475,
      "y" : -44.36068,
      "z" : 0.0
    }, {
      "x" : 40.12461,
      "y" : -37.506577,
      "z" : -2.618034
    }, {
      "x" : 49.59675,
      "y" : -30.652475,
      "z" : 0.0
    }, {
      "x" : 40.12461,
      "y" : -37.506577,
      "z" : 2.618034
    } ],
    "faces" : [ {
      "vertices" : [ 0, 1, 2 ]
    }, {
      "vertices" : [ 0, 2, 3 ]
    }, {
      "vertices" : [ 0, 3, 2 ]
    }, {
      "vertices" : [ 0, 2, 1 ]
    } ]
  }, {
    "id" : "c6ab88f1-b1cc-43b2-ac2c-8964a2843a88",
    "vertices" : [ {
      "x" : -22.18034,
      "y" : 35.888542,
      "z" : 13.708204
    }, {
      "x" : -33.27051,
      "y" : 40.12461,
      "z" : 12.09017
    }, {
      "x" : -29.034441,
      "y" : 38.506577,
      "z" : 23.18034
    } ],
    "faces" : [ {
      "vertices" : [ 0, 1, 2 ]
    }, {
      "vertices" : [ 0, 2, 1 ]
    } ]
  }, {
    "id" : "e953fe0d-ad4b-4c74-b225-412432a58dfa",
    "vertices" : [ {
      "x" : -31.652475,
      "y" : -20.562305,
      "z" : -38.506577
    }, {
      "x" : -33.27051,
      "y" : -9.472136,
      "z" : -42.742645
    }, {
      "x" : -30.652475,
      "y" : 0.0,
      "z" : -49.59675
    }, {
      "x" : -29.034441,
      "y" : -11.09017,
      "z" : -45.36068
    } ],
    "faces" : [ {
      "vertices" : [ 0, 1, 2 ]
    }, {
      "vertices" : [ 0, 2, 3 ]
    }, {
      "vertices" : [ 0, 3, 2 ]
    }, {
      "vertices" : [ 0, 2, 1 ]
    } ]
  }, {
    "id" : "7c75eb90-faa6-4770-8f45-f54ba612ef6e",
    "vertices" : [ {
      "x" : -35.888542,
      "y" : -13.708204,
      "z" : -22.18034
    }, {
      "x" : -45.36068,
      "y" : -20.562305,
      "z" : -19.562305
    }, {
      "x" : -46.978714,
      "y" : -9.472136,
      "z" : -23.798374
    } ],
    "faces" : [ {
      "vertices" : [ 0, 1, 2 ]
    }, {
      "vertices" : [ 0, 2, 1 ]
    } ]
  }, {
    "id" : "e1dfac91-2bdd-4210-a73d-f67e2f2900e0",
    "vertices" : [ {
      "x" : -45.36068,
      "y" : -20.562305,
      "z" : 19.562305
    }, {
      "x" : -49.59675,
      "y" : -22.18034,
      "z" : 8.472136
    }, {
      "x" : -49.59675,
      "y" : -30.652475,
      "z" : 0.0
    }, {
      "x" : -45.36068,
      "y" : -29.034441,
      "z" : 11.09017
    } ],
    "faces" : [ {
      "vertices" : [ 0, 1, 2 ]
    }, {
      "vertices" : [ 0, 2, 3 ]
    }, {
      "vertices" : [ 0, 3, 2 ]
    }, {
      "vertices" : [ 0, 2, 1 ]
    } ]
  }, {
    "id" : "387b6897-553f-4cf6-a27c-2e8b669e92ca",
    "vertices" : [ {
      "x" : -19.562305,
      "y" : 45.36068,
      "z" : 20.562305
    }, {
      "x" : -11.09017,
      "y" : 45.36068,
      "z" : 29.034441
    }, {
      "x" : 0.0,
      "y" : 49.59675,
      "z" : 30.652475
    }, {
      "x" : -8.472136,
      "y" : 49.59675,
      "z" : 22.18034
    } ],
    "faces" : [ {
      "vertices" : [ 0, 1, 2 ]
    }, {
      "vertices" : [ 0, 2, 3 ]
    }, {
      "vertices" : [ 0, 3, 2 ]
    }, {
      "vertices" : [ 0, 2, 1 ]
    } ]
  }, {
    "id" : "d079b883-c771-47cf-aff0-f669860cf1fb",
    "vertices" : [ {
      "x" : 20.562305,
      "y" : 19.562305,
      "z" : 45.36068
    }, {
      "x" : 23.18034,
      "y" : 29.034441,
      "z" : 38.506577
    }, {
      "x" : 18.944271,
      "y" : 30.652475,
      "z" : 49.59675
    } ],
    "faces" : [ {
      "vertices" : [ 0, 1, 2 ]
    }, {
      "vertices" : [ 0, 2, 1 ]
    } ]
  }, {
    "id" : "bacb517c-6788-47af-b3f3-c18557acafcb",
    "vertices" : [ {
      "x" : -8.472136,
      "y" : 0.0,
      "z" : 52.832817
    }, {
      "x" : -19.562305,
      "y" : 4.236068,
      "z" : 51.214783
    }, {
      "x" : -30.652475,
      "y" : 0.0,
      "z" : 49.59675
    }, {
      "x" : -19.562305,
      "y" : -4.236068,
      "z" : 51.214783
    } ],
    "faces" : [ {
      "vertices" : [ 0, 1, 2 ]
    }, {
      "vertices" : [ 0, 2, 3 ]
    }, {
      "vertices" : [ 0, 3, 2 ]
    }, {
      "vertices" : [ 0, 2, 1 ]
    } ]
  }, {
    "id" : "4b3f5abc-badb-48a4-bb1c-07613e98c3c7",
    "vertices" : [ {
      "x" : -11.09017,
      "y" : -12.708204,
      "z" : 51.214783
    }, {
      "x" : -19.562305,
      "y" : -4.236068,
      "z" : 51.214783
    }, {
      "x" : -30.652475,
      "y" : 0.0,
      "z" : 49.59675
    }, {
      "x" : -22.18034,
      "y" : -8.472136,
      "z" : 49.59675
    } ],
    "faces" : [ {
      "vertices" : [ 0, 1, 2 ]
    }, {
      "vertices" : [ 0, 2, 3 ]
    }, {
      "vertices" : [ 0, 3, 2 ]
    }, {
      "vertices" : [ 0, 2, 1 ]
    } ]
  }, {
    "id" : "88aa2c35-5292-4d18-b63a-4050dd1447c4",
    "vertices" : [ {
      "x" : -29.034441,
      "y" : 38.506577,
      "z" : 23.18034
    }, {
      "x" : -30.652475,
      "y" : 49.59675,
      "z" : 18.944271
    }, {
      "x" : -19.562305,
      "y" : 45.36068,
      "z" : 20.562305
    } ],
    "faces" : [ {
      "vertices" : [ 0, 1, 2 ]
    }, {
      "vertices" : [ 0, 2, 1 ]
    } ]
  }, {
    "id" : "657d37fa-11fd-4eb2-8b19-559a32f1b1f5",
    "vertices" : [ {
      "x" : -22.18034,
      "y" : 35.888542,
      "z" : 13.708204
    }, {
      "x" : -19.562305,
      "y" : 45.36068,
      "z" : 20.562305
    }, {
      "x" : -23.798374,
      "y" : 46.978714,
      "z" : 9.472136
    } ],
    "faces" : [ {
      "vertices" : [ 0, 1, 2 ]
    }, {
      "vertices" : [ 0, 2, 1 ]
    } ]
  }, {
    "id" : "5a6b8549-0c46-49a5-b711-a7dbc80ea3ae",
    "vertices" : [ {
      "x" : 0.0,
      "y" : 52.832817,
      "z" : -8.472136
    }, {
      "x" : -8.472136,
      "y" : 52.832817,
      "z" : 0.0
    }, {
      "x" : 0.0,
      "y" : 61.30495,
      "z" : 0.0
    } ],
    "faces" : [ {
      "vertices" : [ 0, 1, 2 ]
    }, {
      "vertices" : [ 0, 2, 1 ]
    } ]
  }, {
    "id" : "12678af0-dab2-45a0-8b56-370633a4cbdb",
    "vertices" : [ {
      "x" : 8.472136,
      "y" : 0.0,
      "z" : 52.832817
    }, {
      "x" : 0.0,
      "y" : 8.472136,
      "z" : 52.832817
    }, {
      "x" : 0.0,
      "y" : 0.0,
      "z" : 61.30495
    } ],
    "faces" : [ {
      "vertices" : [ 0, 1, 2 ]
    }, {
      "vertices" : [ 0, 2, 1 ]
    } ]
  }, {
    "id" : "a7654548-6dc1-4ad6-9f4a-37fcfd2176b1",
    "vertices" : [ {
      "x" : -46.978714,
      "y" : 9.472136,
      "z" : -23.798374
    }, {
      "x" : -51.214783,
      "y" : 11.09017,
      "z" : -12.708204
    }, {
      "x" : -49.59675,
      "y" : 22.18034,
      "z" : -8.472136
    }, {
      "x" : -45.36068,
      "y" : 20.562305,
      "z" : -19.562305
    } ],
    "faces" : [ {
      "vertices" : [ 0, 1, 2 ]
    }, {
      "vertices" : [ 0, 2, 3 ]
    }, {
      "vertices" : [ 0, 3, 2 ]
    }, {
      "vertices" : [ 0, 2, 1 ]
    } ]
  }, {
    "id" : "7a75662d-0d23-43e2-8b0c-caa1ab65d305",
    "vertices" : [ {
      "x" : -8.472136,
      "y" : 0.0,
      "z" : 52.832817
    }, {
      "x" : 0.0,
      "y" : -8.472136,
      "z" : 52.832817
    }, {
      "x" : 0.0,
      "y" : 0.0,
      "z" : 61.30495
    } ],
    "faces" : [ {
      "vertices" : [ 0, 1, 2 ]
    }, {
      "vertices" : [ 0, 2, 1 ]
    } ]
  }, {
    "id" : "4bd48080-4358-4a2f-b99a-7e9124eafc66",
    "vertices" : [ {
      "x" : -46.978714,
      "y" : -9.472136,
      "z" : 23.798374
    }, {
      "x" : -49.59675,
      "y" : -18.944271,
      "z" : 30.652475
    }, {
      "x" : -45.36068,
      "y" : -20.562305,
      "z" : 19.562305
    } ],
    "faces" : [ {
      "vertices" : [ 0, 1, 2 ]
    }, {
      "vertices" : [ 0, 2, 1 ]
    } ]
  }, {
    "id" : "3eb3f9a4-14ba-48be-8659-d58ea81efe8c",
    "vertices" : [ {
      "x" : 46.978714,
      "y" : -9.472136,
      "z" : 23.798374
    }, {
      "x" : 49.59675,
      "y" : -18.944271,
      "z" : 30.652475
    }, {
      "x" : 40.12461,
      "y" : -12.09017,
      "z" : 33.27051
    } ],
    "faces" : [ {
      "vertices" : [ 0, 1, 2 ]
    }, {
      "vertices" : [ 0, 2, 1 ]
    } ]
  }, {
    "id" : "9fd36cfd-854b-4fff-a527-644dfa458b8c",
    "vertices" : [ {
      "x" : 13.708204,
      "y" : 22.18034,
      "z" : -35.888542
    }, {
      "x" : 12.09017,
      "y" : 33.27051,
      "z" : -40.12461
    }, {
      "x" : 23.18034,
      "y" : 29.034441,
      "z" : -38.506577
    } ],
    "faces" : [ {
      "vertices" : [ 0, 1, 2 ]
    }, {
      "vertices" : [ 0, 2, 1 ]
    } ]
  }, {
    "id" : "7964ae41-5551-43d1-9a47-fc0b255226dc",
    "vertices" : [ {
      "x" : 33.27051,
      "y" : 40.12461,
      "z" : 12.09017
    }, {
      "x" : 23.798374,
      "y" : 46.978714,
      "z" : 9.472136
    }, {
      "x" : 30.652475,
      "y" : 49.59675,
      "z" : 18.944271
    } ],
    "faces" : [ {
      "vertices" : [ 0, 1, 2 ]
    }, {
      "vertices" : [ 0, 2, 1 ]
    } ]
  }, {
    "id" : "e8cda07a-6037-47d2-a628-09b43f976dba",
    "vertices" : [ {
      "x" : -38.506577,
      "y" : -23.18034,
      "z" : 29.034441
    }, {
      "x" : -49.59675,
      "y" : -18.944271,
      "z" : 30.652475
    }, {
      "x" : -40.12461,
      "y" : -12.09017,
      "z" : 33.27051
    } ],
    "faces" : [ {
      "vertices" : [ 0, 1, 2 ]
    }, {
      "vertices" : [ 0, 2, 1 ]
    } ]
  }, {
    "id" : "43db0fff-bfc6-4ed6-9028-a5b960bb6f62",
    "vertices" : [ {
      "x" : -23.18034,
      "y" : -29.034441,
      "z" : -38.506577
    }, {
      "x" : -18.944271,
      "y" : -30.652475,
      "z" : -49.59675
    }, {
      "x" : -20.562305,
      "y" : -19.562305,
      "z" : -45.36068
    } ],
    "faces" : [ {
      "vertices" : [ 0, 1, 2 ]
    }, {
      "vertices" : [ 0, 2, 1 ]
    } ]
  }, {
    "id" : "6c319179-3ab7-41d3-9881-63f080d7bfb7",
    "vertices" : [ {
      "x" : -52.832817,
      "y" : 0.0,
      "z" : -8.472136
    }, {
      "x" : -52.832817,
      "y" : -8.472136,
      "z" : 0.0
    }, {
      "x" : -44.36068,
      "y" : 0.0,
      "z" : 0.0
    } ],
    "faces" : [ {
      "vertices" : [ 0, 1, 2 ]
    }, {
      "vertices" : [ 0, 2, 1 ]
    } ]
  }, {
    "id" : "6be25d83-1e3d-4540-af90-c854a756bd01",
    "vertices" : [ {
      "x" : -51.214783,
      "y" : -11.09017,
      "z" : -12.708204
    }, {
      "x" : -49.59675,
      "y" : -22.18034,
      "z" : -8.472136
    }, {
      "x" : -49.59675,
      "y" : -30.652475,
      "z" : 0.0
    }, {
      "x" : -51.214783,
      "y" : -19.562305,
      "z" : -4.236068
    } ],
    "faces" : [ {
      "vertices" : [ 0, 1, 2 ]
    }, {
      "vertices" : [ 0, 2, 3 ]
    }, {
      "vertices" : [ 0, 3, 2 ]
    }, {
      "vertices" : [ 0, 2, 1 ]
    } ]
  }, {
    "id" : "99e85bee-834e-445f-8307-695d39f15fc8",
    "vertices" : [ {
      "x" : 46.978714,
      "y" : 9.472136,
      "z" : 23.798374
    }, {
      "x" : 45.36068,
      "y" : 20.562305,
      "z" : 19.562305
    }, {
      "x" : 35.888542,
      "y" : 13.708204,
      "z" : 22.18034
    } ],
    "faces" : [ {
      "vertices" : [ 0, 1, 2 ]
    }, {
      "vertices" : [ 0, 2, 1 ]
    } ]
  }, {
    "id" : "55526231-6d52-4aa7-90f2-6b85fb2b8ad3",
    "vertices" : [ {
      "x" : 46.978714,
      "y" : -9.472136,
      "z" : 23.798374
    }, {
      "x" : 44.36068,
      "y" : 0.0,
      "z" : 30.652475
    }, {
      "x" : 37.506577,
      "y" : -2.618034,
      "z" : 40.12461
    }, {
      "x" : 40.12461,
      "y" : -12.09017,
      "z" : 33.27051
    } ],
    "faces" : [ {
      "vertices" : [ 0, 1, 2 ]
    }, {
      "vertices" : [ 0, 2, 3 ]
    }, {
      "vertices" : [ 0, 3, 2 ]
    }, {
      "vertices" : [ 0, 2, 1 ]
    } ]
  }, {
    "id" : "8843d1d9-c9a6-4dac-be37-79474d3fa573",
    "vertices" : [ {
      "x" : 38.506577,
      "y" : 23.18034,
      "z" : 29.034441
    }, {
