{
  "field" : "golden",
  "symmetry" : "icosahedral",
  "orientations" : [ [ 1.0, 0.0, 0.0, 0.0, 0.0, 1.0, 0.0, 0.0, 0.0, 0.0, 1.0, 0.0, 0.0, 0.0, 0.0, 1.0 ], [ 0.0, 0.0, 1.0, 0.0, 1.0, 0.0, 0.0, 0.0, 0.0, 1.0, 0.0, 0.0, 0.0, 0.0, 0.0, 1.0 ], [ 0.0, 1.0, 0.0, 0.0, 0.0, 0.0, 1.0, 0.0, 1.0, 0.0, 0.0, 0.0, 0.0, 0.0, 0.0, 1.0 ], [ 0.809017, 0.309017, 0.5, 0.0, 0.309017, 0.5, -0.809017, 0.0, -0.5, 0.809017, 0.309017, 0.0, 0.0, 0.0, 0.0, 1.0 ], [ -0.5, 0.809017, 0.309017, 0.0, 0.809017, 0.309017, 0.5, 0.0, 0.309017, 0.5, -0.809017, 0.0, 0.0, 0.0, 0.0, 1.0 ], [ 0.309017, 0.5, -0.809017, 0.0, -0.5, 0.809017, 0.309017, 0.0, 0.809017, 0.309017, 0.5, 0.0, 0.0, 0.0, 0.0, 1.0 ], [ 0.5, 0.809017, 0.309017, 0.0, 0.809017, -0.309017, -0.5, 0.0, -0.309017, 0.5, -0.809017, 0.0, 0.0, 0.0, 0.0, 1.0 ], [ -0.309017, 0.5, -0.809017, 0.0, 0.5, 0.809017, 0.309017, 0.0, 0.809017, -0.309017, -0.5, 0.0, 0.0, 0.0, 0.0, 1.0 ], [ 0.809017, -0.309017, -0.5, 0.0, -0.309017, 0.5, -0.809017, 0.0, 0.5, 0.809017, 0.309017, 0.0, 0.0, 0.0, 0.0, 1.0 ], [ 0.5, 0.809017, -0.309017, 0.0, 0.809017, -0.309017, 0.5, 0.0, 0.309017, -0.5, -0.809017, 0.0, 0.0, 0.0, 0.0, 1.0 ], [ 0.309017, -0.5, -0.809017, 0.0, 0.5, 0.809017, -0.309017, 0.0, 0.809017, -0.309017, 0.5, 0.0, 0.0, 0.0, 0.0, 1.0 ], [ 0.809017, -0.309017, 0.5, 0.0, 0.309017, -0.5, -0.809017, 0.0, 0.5, 0.809017, -0.309017, 0.0, 0.0, 0.0, 0.0, 1.0 ], [ 0.809017, 0.309017, -0.5, 0.0, 0.309017, 0.5, 0.809017, 0.0, 0.5, -0.809017, 0.309017, 0.0, 0.0, 0.0, 0.0, 1.0 ], [ 0.5, -0.809017, 0.309017, 0.0, 0.809017, 0.309017, -0.5, 0.0, 0.309017, 0.5, 0.809017, 0.0, 0.0, 0.0, 0.0, 1.0 ], [ 0.309017, 0.5, 0.809017, 0.0, 0.5, -0.809017, 0.309017, 0.0, 0.809017, 0.309017, -0.5, 0.0, 0.0, 0.0, 0.0, 1.0 ], [ 1.0, 0.0, 0.0, 0.0, 0.0, -1.0, 0.0, 0.0, 0.0, 0.0, -1.0, 0.0, 0.0, 0.0, 0.0, 1.0 ], [ 0.0, 0.0, 1.0, 0.0, -1.0, 0.0, 0.0, 0.0, 0.0, -1.0, 0.0, 0.0, 0.0, 0.0, 0.0, 1.0 ], [ 0.0, 1.0, 0.0, 0.0, 0.0, 0.0, -1.0, 0.0, -1.0, 0.0, 0.0, 0.0, 0.0, 0.0, 0.0, 1.0 ], [ 0.809017, 0.309017, 0.5, 0.0, -0.309017, -0.5, 0.809017, 0.0, 0.5, -0.809017, -0.309017, 0.0, 0.0, 0.0, 0.0, 1.0 ], [ -0.5, 0.809017, 0.309017, 0.0, -0.809017, -0.309017, -0.5, 0.0, -0.309017, -0.5, 0.809017, 0.0, 0.0, 0.0, 0.0, 1.0 ], [ 0.309017, 0.5, -0.809017, 0.0, 0.5, -0.809017, -0.309017, 0.0, -0.809017, -0.309017, -0.5, 0.0, 0.0, 0.0, 0.0, 1.0 ], [ 0.5, 0.809017, 0.309017, 0.0, -0.809017, 0.309017, 0.5, 0.0, 0.309017, -0.5, 0.809017, 0.0, 0.0, 0.0, 0.0, 1.0 ], [ -0.309017, 0.5, -0.809017, 0.0, -0.5, -0.809017, -0.309017, 0.0, -0.809017, 0.309017, 0.5, 0.0, 0.0, 0.0, 0.0, 1.0 ], [ 0.809017, -0.309017, -0.5, 0.0, 0.309017, -0.5, 0.809017, 0.0, -0.5, -0.809017, -0.309017, 0.0, 0.0, 0.0, 0.0, 1.0 ], [ 0.5, 0.809017, -0.309017, 0.0, -0.809017, 0.309017, -0.5, 0.0, -0.309017, 0.5, 0.809017, 0.0, 0.0, 0.0, 0.0, 1.0 ], [ 0.309017, -0.5, -0.809017, 0.0, -0.5, -0.809017, 0.309017, 0.0, -0.809017, 0.309017, -0.5, 0.0, 0.0, 0.0, 0.0, 1.0 ], [ 0.809017, -0.309017, 0.5, 0.0, -0.309017, 0.5, 0.809017, 0.0, -0.5, -0.809017, 0.309017, 0.0, 0.0, 0.0, 0.0, 1.0 ], [ 0.809017, 0.309017, -0.5, 0.0, -0.309017, -0.5, -0.809017, 0.0, -0.5, 0.809017, -0.309017, 0.0, 0.0, 0.0, 0.0, 1.0 ], [ 0.5, -0.809017, 0.309017, 0.0, -0.809017, -0.309017, 0.5, 0.0, -0.309017, -0.5, -0.809017, 0.0, 0.0, 0.0, 0.0, 1.0 ], [ 0.309017, 0.5, 0.809017, 0.0, -0.5, 0.809017, -0.309017, 0.0, -0.809017, -0.309017, 0.5, 0.0, 0.0, 0.0, 0.0, 1.0 ], [ -1.0, 0.0, 0.0, 0.0, 0.0, -1.0, 0.0, 0.0, 0.0, 0.0, 1.0, 0.0, 0.0, 0.0, 0.0, 1.0 ], [ 0.0, 0.0, -1.0, 0.0, -1.0, 0.0, 0.0, 0.0, 0.0, 1.0, 0.0, 0.0, 0.0, 0.0, 0.0, 1.0 ], [ 0.0, -1.0, 0.0, 0.0, 0.0, 0.0, -1.0, 0.0, 1.0, 0.0, 0.0, 0.0, 0.0, 0.0, 0.0, 1.0 ], [ -0.809017, -0.309017, -0.5, 0.0, -0.309017, -0.5, 0.809017, 0.0, -0.5, 0.809017, 0.309017, 0.0, 0.0, 0.0, 0.0, 1.0 ], [ 0.5, -0.809017, -0.309017, 0.0, -0.809017, -0.309017, -0.5, 0.0, 0.309017, 0.5, -0.809017, 0.0, 0.0, 0.0, 0.0, 1.0 ], [ -0.309017, -0.5, 0.809017, 0.0, 0.5, -0.809017, -0.309017, 0.0, 0.809017, 0.309017, 0.5, 0.0, 0.0, 0.0, 0.0, 1.0 ], [ -0.5, -0.809017, -0.309017, 0.0, -0.809017, 0.309017, 0.5, 0.0, -0.309017, 0.5, -0.809017, 0.0, 0.0, 0.0, 0.0, 1.0 ], [ 0.309017, -0.5, 0.809017, 0.0, -0.5, -0.809017, -0.309017, 0.0, 0.809017, -0.309017, -0.5, 0.0, 0.0, 0.0, 0.0, 1.0 ], [ -0.809017, 0.309017, 0.5, 0.0, 0.309017, -0.5, 0.809017, 0.0, 0.5, 0.809017, 0.309017, 0.0, 0.0, 0.0, 0.0, 1.0 ], [ -0.5, -0.809017, 0.309017, 0.0, -0.809017, 0.309017, -0.5, 0.0, 0.309017, -0.5, -0.809017, 0.0, 0.0, 0.0, 0.0, 1.0 ], [ -0.309017, 0.5, 0.809017, 0.0, -0.5, -0.809017, 0.309017, 0.0, 0.809017, -0.309017, 0.5, 0.0, 0.0, 0.0, 0.0, 1.0 ], [ -0.809017, 0.309017, -0.5, 0.0, -0.309017, 0.5, 0.809017, 0.0, 0.5, 0.809017, -0.309017, 0.0, 0.0, 0.0, 0.0, 1.0 ], [ -0.809017, -0.309017, 0.5, 0.0, -0.309017, -0.5, -0.809017, 0.0, 0.5, -0.809017, 0.309017, 0.0, 0.0, 0.0, 0.0, 1.0 ], [ -0.5, 0.809017, -0.309017, 0.0, -0.809017, -0.309017, 0.5, 0.0, 0.309017, 0.5, 0.809017, 0.0, 0.0, 0.0, 0.0, 1.0 ], [ -0.309017, -0.5, -0.809017, 0.0, -0.5, 0.809017, -0.309017, 0.0, 0.809017, 0.309017, -0.5, 0.0, 0.0, 0.0, 0.0, 1.0 ], [ -1.0, 0.0, 0.0, 0.0, 0.0, 1.0, 0.0, 0.0, 0.0, 0.0, -1.0, 0.0, 0.0, 0.0, 0.0, 1.0 ], [ 0.0, 0.0, -1.0, 0.0, 1.0, 0.0, 0.0, 0.0, 0.0, -1.0, 0.0, 0.0, 0.0, 0.0, 0.0, 1.0 ], [ 0.0, -1.0, 0.0, 0.0, 0.0, 0.0, 1.0, 0.0, -1.0, 0.0, 0.0, 0.0, 0.0, 0.0, 0.0, 1.0 ], [ -0.809017, -0.309017, -0.5, 0.0, 0.309017, 0.5, -0.809017, 0.0, 0.5, -0.809017, -0.309017, 0.0, 0.0, 0.0, 0.0, 1.0 ], [ 0.5, -0.809017, -0.309017, 0.0, 0.809017, 0.309017, 0.5, 0.0, -0.309017, -0.5, 0.809017, 0.0, 0.0, 0.0, 0.0, 1.0 ], [ -0.309017, -0.5, 0.809017, 0.0, -0.5, 0.809017, 0.309017, 0.0, -0.809017, -0.309017, -0.5, 0.0, 0.0, 0.0, 0.0, 1.0 ], [ -0.5, -0.809017, -0.309017, 0.0, 0.809017, -0.309017, -0.5, 0.0, 0.309017, -0.5, 0.809017, 0.0, 0.0, 0.0, 0.0, 1.0 ], [ 0.309017, -0.5, 0.809017, 0.0, 0.5, 0.809017, 0.309017, 0.0, -0.809017, 0.309017, 0.5, 0.0, 0.0, 0.0, 0.0, 1.0 ], [ -0.809017, 0.309017, 0.5, 0.0, -0.309017, 0.5, -0.809017, 0.0, -0.5, -0.809017, -0.309017, 0.0, 0.0, 0.0, 0.0, 1.0 ], [ -0.5, -0.809017, 0.309017, 0.0, 0.809017, -0.309017, 0.5, 0.0, -0.309017, 0.5, 0.809017, 0.0, 0.0, 0.0, 0.0, 1.0 ], [ -0.309017, 0.5, 0.809017, 0.0, 0.5, 0.809017, -0.309017, 0.0, -0.809017, 0.309017, -0.5, 0.0, 0.0, 0.0, 0.0, 1.0 ], [ -0.809017, 0.309017, -0.5, 0.0, 0.309017, -0.5, -0.809017, 0.0, -0.5, -0.809017, 0.309017, 0.0, 0.0, 0.0, 0.0, 1.0 ], [ -0.809017, -0.309017, 0.5, 0.0, 0.309017, 0.5, 0.809017, 0.0, -0.5, 0.809017, -0.309017, 0.0, 0.0, 0.0, 0.0, 1.0 ], [ -0.5, 0.809017, -0.309017, 0.0, 0.809017, 0.309017, -0.5, 0.0, -0.309017, -0.5, -0.809017, 0.0, 0.0, 0.0, 0.0, 1.0 ], [ -0.309017, -0.5, -0.809017, 0.0, 0.5, -0.809017, 0.309017, 0.0, -0.809017, -0.309017, 0.5, 0.0, 0.0, 0.0, 0.0, 1.0 ] ],
  "lights" : {
    "ambientColor" : "#292929",
    "backgroundColor" : "#F4FFF4",
    "directionalLights" : [ {
      "direction" : {
        "x" : 1.0,
        "y" : -1.0,
        "z" : -1.0
      },
      "color" : "#EBEBE4"
    }, {
      "direction" : {
        "x" : -1.0,
        "y" : 0.0,
        "z" : 0.0
      },
      "color" : "#E4E4EB"
    }, {
      "direction" : {
        "x" : 0.0,
        "y" : 0.0,
        "z" : -1.0
      },
      "color" : "#1E1E1E"
    } ]
  },
  "camera" : {
    "lookDirection" : {
      "x" : 0.0,
      "y" : 0.0,
      "z" : -1.0
    },
    "upDirection" : {
      "x" : 0.0,
      "y" : 1.0,
      "z" : 0.0
    },
    "lookAtPoint" : {
      "x" : 0.0,
      "y" : 0.0,
      "z" : 0.0
    },
    "viewDistance" : 487.29974,
    "nearClipDistance" : 1.2182502,
    "farClipDistance" : 974.5979,
    "fieldOfView" : 0.44262958,
    "perspective" : false,
    "stereo" : false,
    "width" : 219.28525,
    "position" : {
      "x" : 0.0,
      "y" : 0.0,
      "z" : 487.29974
    }
  },
  "embedding" : [ 1.0, 0.0, 0.0, 0.0, 0.0, 1.0, 0.0, 0.0, 0.0, 0.0, 1.0, 0.0, 0.0, 0.0, 0.0, 1.0 ],
  "shapes" : [ {
    "id" : "7280f73d-f933-48df-8da0-72ce447d54f6",
    "vertices" : [ {
      "x" : 0.309017,
      "y" : -0.309017,
      "z" : -0.309017
    }, {
      "x" : 0.5,
      "y" : 0.0,
      "z" : -0.19098301
    }, {
      "x" : 0.5,
      "y" : 0.0,
      "z" : 0.19098301
    }, {
      "x" : 0.309017,
      "y" : -0.309017,
      "z" : 0.309017
    }, {
      "x" : 0.19098301,
      "y" : -0.5,
      "z" : 0.0
    }, {
      "x" : 0.0,
      "y" : 0.19098301,
      "z" : 0.5
    }, {
      "x" : 0.0,
      "y" : -0.19098301,
      "z" : 0.5
    }, {
      "x" : 0.309017,
      "y" : 0.309017,
      "z" : 0.309017
    }, {
      "x" : -0.309017,
      "y" : -0.309017,
      "z" : 0.309017
    }, {
      "x" : -0.309017,
      "y" : 0.309017,
      "z" : 0.309017
    }, {
      "x" : -0.5,
      "y" : 0.0,
      "z" : 0.19098301
    }, {
      "x" : 0.0,
      "y" : -0.19098301,
      "z" : -0.5
    }, {
      "x" : 0.0,
      "y" : 0.19098301,
      "z" : -0.5
    }, {
      "x" : 0.309017,
      "y" : 0.309017,
      "z" : -0.309017
    }, {
      "x" : -0.309017,
      "y" : -0.309017,
      "z" : -0.309017
    }, {
      "x" : -0.19098301,
      "y" : -0.5,
      "z" : 0.0
    }, {
      "x" : -0.5,
      "y" : 0.0,
      "z" : -0.19098301
    }, {
      "x" : 0.19098301,
      "y" : 0.5,
      "z" : 0.0
    }, {
      "x" : -0.309017,
      "y" : 0.309017,
      "z" : -0.309017
    }, {
      "x" : 0.0,
      "y" : 0.0,
      "z" : 0.0
    }, {
      "x" : -0.19098301,
      "y" : 0.5,
      "z" : 0.0
    } ],
    "faces" : [ {
      "vertices" : [ 12, 18, 20 ]
    }, {
      "vertices" : [ 12, 20, 17 ]
    }, {
      "vertices" : [ 12, 17, 13 ]
    }, {
      "vertices" : [ 3, 6, 8 ]
    }, {
      "vertices" : [ 3, 8, 15 ]
    }, {
      "vertices" : [ 3, 15, 4 ]
    }, {
      "vertices" : [ 0, 11, 12 ]
    }, {
      "vertices" : [ 0, 12, 13 ]
    }, {
      "vertices" : [ 0, 13, 1 ]
    }, {
      "vertices" : [ 5, 9, 10 ]
    }, {
      "vertices" : [ 5, 10, 8 ]
    }, {
      "vertices" : [ 5, 8, 6 ]
    }, {
      "vertices" : [ 2, 7, 5 ]
    }, {
      "vertices" : [ 2, 5, 6 ]
    }, {
      "vertices" : [ 2, 6, 3 ]
    }, {
      "vertices" : [ 11, 14, 16 ]
    }, {
      "vertices" : [ 11, 16, 18 ]
    }, {
      "vertices" : [ 11, 18, 12 ]
    }, {
      "vertices" : [ 1, 13, 17 ]
    }, {
      "vertices" : [ 1, 17, 7 ]
    }, {
      "vertices" : [ 1, 7, 2 ]
    }, {
      "vertices" : [ 9, 20, 18 ]
    }, {
      "vertices" : [ 9, 18, 16 ]
    }, {
      "vertices" : [ 9, 16, 10 ]
    }, {
      "vertices" : [ 0, 1, 2 ]
    }, {
      "vertices" : [ 0, 2, 3 ]
    }, {
      "vertices" : [ 0, 3, 4 ]
    }, {
      "vertices" : [ 5, 7, 17 ]
    }, {
      "vertices" : [ 5, 17, 20 ]
    }, {
      "vertices" : [ 5, 20, 9 ]
    }, {
      "vertices" : [ 0, 4, 15 ]
    }, {
      "vertices" : [ 0, 15, 14 ]
    }, {
      "vertices" : [ 0, 14, 11 ]
    }, {
      "vertices" : [ 8, 10, 16 ]
    }, {
      "vertices" : [ 8, 16, 14 ]
    }, {
      "vertices" : [ 8, 14, 15 ]
    } ]
  }, {
    "id" : "c229321f-f2d5-418b-a1ab-c8e99d99a253",
    "vertices" : [ {
      "x" : 10.781153,
      "y" : 4.118034,
      "z" : -1.572949
    }, {
      "x" : 10.399187,
      "y" : 3.663119,
      "z" : -1.381966
    }, {
      "x" : 10.236068,
      "y" : 3.927051,
      "z" : -1.809017
    }, {
      "x" : 10.163119,
      "y" : 4.190983,
      "z" : -1.618034
    }, {
      "x" : 0.85410196,
      "y" : 0.309017,
      "z" : 0.19098301
    }, {
      "x" : 0.690983,
      "y" : 0.572949,
      "z" : -0.23606798
    }, {
      "x" : 0.309017,
      "y" : 0.11803399,
      "z" : -0.045084972
    }, {
      "x" : 0.76393205,
      "y" : 0.309017,
      "z" : -0.42705098
    }, {
      "x" : 0.927051,
      "y" : 0.045084972,
      "z" : 0.0
    }, {
      "x" : 10.326238,
      "y" : 3.927051,
      "z" : -1.190983
    }, {
      "x" : 11.09017,
      "y" : 4.236068,
      "z" : -1.618034
    } ],
    "faces" : [ {
      "vertices" : [ 2, 7, 5 ]
    }, {
      "vertices" : [ 2, 5, 3 ]
    }, {
      "vertices" : [ 1, 8, 7 ]
    }, {
      "vertices" : [ 1, 7, 2 ]
    }, {
      "vertices" : [ 4, 6, 8 ]
    }, {
      "vertices" : [ 5, 7, 6 ]
    }, {
      "vertices" : [ 0, 1, 2 ]
    }, {
      "vertices" : [ 0, 2, 3 ]
    }, {
      "vertices" : [ 6, 7, 8 ]
    }, {
      "vertices" : [ 3, 5, 4 ]
    }, {
      "vertices" : [ 3, 4, 9 ]
    }, {
      "vertices" : [ 1, 9, 4 ]
    }, {
      "vertices" : [ 1, 4, 8 ]
    }, {
      "vertices" : [ 0, 9, 1 ]
    }, {
      "vertices" : [ 0, 3, 9 ]
    }, {
      "vertices" : [ 4, 5, 6 ]
    } ]
  }, {
    "id" : "61dff967-ee67-48af-821f-8d586781304c",
    "vertices" : [ {
      "x" : 30.652475,
      "y" : -44.36068,
      "z" : 0.0
    }, {
      "x" : 23.798374,
      "y" : -46.978714,
      "z" : -9.472136
    }, {
      "x" : 12.708204,
      "y" : -51.214783,
      "z" : -11.09017
    }, {
      "x" : 8.472136,
      "y" : -52.832817,
      "z" : 0.0
    }, {
      "x" : 12.708204,
      "y" : -51.214783,
      "z" : 11.09017
    }, {
      "x" : 23.798374,
      "y" : -46.978714,
      "z" : 9.472136
    } ],
    "faces" : [ {
      "vertices" : [ 0, 1, 2 ]
    }, {
      "vertices" : [ 0, 2, 3 ]
    }, {
      "vertices" : [ 0, 3, 4 ]
    }, {
      "vertices" : [ 0, 4, 5 ]
    }, {
      "vertices" : [ 0, 5, 4 ]
    }, {
      "vertices" : [ 0, 4, 3 ]
    }, {
      "vertices" : [ 0, 3, 2 ]
    }, {
      "vertices" : [ 0, 2, 1 ]
    } ]
  }, {
    "id" : "b8a7f84d-40ce-48af-b26e-33f980654ead",
    "vertices" : [ {
      "x" : -12.708204,
      "y" : -51.214783,
      "z" : 11.09017
    }, {
      "x" : -4.236068,
      "y" : -51.214783,
      "z" : 19.562305
    }, {
      "x" : 0.0,
      "y" : -49.59675,
      "z" : 30.652475
    }, {
      "x" : -8.472136,
      "y" : -49.59675,
      "z" : 22.18034
    } ],
    "faces" : [ {
      "vertices" : [ 0, 1, 2 ]
    }, {
      "vertices" : [ 0, 2, 3 ]
    }, {
      "vertices" : [ 0, 3, 2 ]
    }, {
      "vertices" : [ 0, 2, 1 ]
    } ]
  }, {
    "id" : "4b91d0a0-38a0-42e0-b238-4b8bef092d8d",
    "vertices" : [ {
      "x" : -33.27051,
      "y" : 40.12461,
      "z" : -12.09017
    }, {
      "x" : -42.742645,
      "y" : 33.27051,
      "z" : -9.472136
    }, {
      "x" : -49.59675,
      "y" : 30.652475,
      "z" : 0.0
    }, {
      "x" : -40.12461,
      "y" : 37.506577,
      "z" : -2.618034
    } ],
    "faces" : [ {
      "vertices" : [ 0, 1, 2 ]
    }, {
      "vertices" : [ 0, 2, 3 ]
    }, {
      "vertices" : [ 0, 3, 2 ]
    }, {
      "vertices" : [ 0, 2, 1 ]
    } ]
  }, {
    "id" : "6169eb91-168e-4950-b563-5c38f57767bf",
    "vertices" : [ {
      "x" : -46.978714,
      "y" : 9.472136,
      "z" : -23.798374
    }, {
      "x" : -40.12461,
      "y" : 12.09017,
      "z" : -33.27051
    }, {
      "x" : -37.506577,
      "y" : 2.618034,
      "z" : -40.12461
    }, {
      "x" : -44.36068,
      "y" : 0.0,
      "z" : -30.652475
    } ],
    "faces" : [ {
      "vertices" : [ 0, 1, 2 ]
    }, {
      "vertices" : [ 0, 2, 3 ]
    }, {
      "vertices" : [ 0, 3, 2 ]
    }, {
      "vertices" : [ 0, 2, 1 ]
    } ]
  }, {
    "id" : "0c3ef096-f8d2-48a4-9968-1b3ac751d760",
    "vertices" : [ {
      "x" : 9.472136,
      "y" : -23.798374,
      "z" : -46.978714
    }, {
      "x" : 11.09017,
      "y" : -12.708204,
      "z" : -51.214783
    }, {
      "x" : 22.18034,
      "y" : -8.472136,
      "z" : -49.59675
    }, {
      "x" : 20.562305,
      "y" : -19.562305,
      "z" : -45.36068
    } ],
    "faces" : [ {
      "vertices" : [ 0, 1, 2 ]
    }, {
      "vertices" : [ 0, 2, 3 ]
    }, {
      "vertices" : [ 0, 3, 2 ]
    }, {
      "vertices" : [ 0, 2, 1 ]
    } ]
  }, {
    "id" : "a4b12af7-8a18-4262-a5b9-6a748791ef21",
    "vertices" : [ {
      "x" : 23.798374,
      "y" : 46.978714,
      "z" : -9.472136
    }, {
      "x" : 19.562305,
      "y" : 45.36068,
      "z" : -20.562305
    }, {
      "x" : 8.472136,
      "y" : 49.59675,
      "z" : -22.18034
    }, {
      "x" : 12.708204,
      "y" : 51.214783,
      "z" : -11.09017
    } ],
    "faces" : [ {
      "vertices" : [ 0, 1, 2 ]
    }, {
      "vertices" : [ 0, 2, 3 ]
    }, {
      "vertices" : [ 0, 3, 2 ]
    }, {
      "vertices" : [ 0, 2, 1 ]
    } ]
  }, {
    "id" : "1688f506-18c2-44f1-9d2d-c5a490049a4c",
    "vertices" : [ {
      "x" : 38.506577,
      "y" : -31.652475,
      "z" : 20.562305
    }, {
      "x" : 29.034441,
      "y" : -38.506577,
      "z" : 23.18034
    }, {
      "x" : 20.562305,
      "y" : -38.506577,
      "z" : 31.652475
    }, {
      "x" : 23.18034,
      "y" : -29.034441,
      "z" : 38.506577
    }, {
      "x" : 31.652475,
      "y" : -20.562305,
      "z" : 38.506577
    }, {
      "x" : 38.506577,
      "y" : -23.18034,
      "z" : 29.034441
    } ],
    "faces" : [ {
      "vertices" : [ 0, 1, 2 ]
    }, {
      "vertices" : [ 0, 2, 3 ]
    }, {
      "vertices" : [ 0, 3, 4 ]
    }, {
      "vertices" : [ 0, 4, 5 ]
    }, {
      "vertices" : [ 0, 5, 4 ]
    }, {
      "vertices" : [ 0, 4, 3 ]
    }, {
      "vertices" : [ 0, 3, 2 ]
    }, {
      "vertices" : [ 0, 2, 1 ]
    } ]
  }, {
    "id" : "5acde2a4-c66a-46d1-a063-601f283841bf",
    "vertices" : [ {
      "x" : -38.506577,
      "y" : 31.652475,
      "z" : -20.562305
    }, {
      "x" : -45.36068,
      "y" : 29.034441,
      "z" : -11.09017
    }, {
      "x" : -49.59675,
      "y" : 30.652475,
      "z" : 0.0
    }, {
      "x" : -42.742645,
      "y" : 33.27051,
      "z" : -9.472136
    } ],
    "faces" : [ {
      "vertices" : [ 0, 1, 2 ]
    }, {
      "vertices" : [ 0, 2, 3 ]
    }, {
      "vertices" : [ 0, 3, 2 ]
    }, {
      "vertices" : [ 0, 2, 1 ]
    } ]
  }, {
    "id" : "d99d7fa7-1ac6-433d-950f-30a6f6e0d8f0",
    "vertices" : [ {
      "x" : -46.978714,
      "y" : 9.472136,
      "z" : -23.798374
    }, {
      "x" : -51.214783,
      "y" : 11.09017,
      "z" : -12.708204
    }, {
      "x" : -49.59675,
      "y" : 22.18034,
      "z" : -8.472136
    }, {
      "x" : -45.36068,
      "y" : 20.562305,
      "z" : -19.562305
    } ],
    "faces" : [ {
      "vertices" : [ 0, 1, 2 ]
    }, {
      "vertices" : [ 0, 2, 3 ]
    }, {
      "vertices" : [ 0, 3, 2 ]
    }, {
      "vertices" : [ 0, 2, 1 ]
    } ]
  }, {
    "id" : "da2b5c3d-e172-4d5a-baa8-3b1f42ca7cec",
    "vertices" : [ {
      "x" : -23.798374,
      "y" : -46.978714,
      "z" : 9.472136
    }, {
      "x" : -33.27051,
      "y" : -40.12461,
      "z" : 12.09017
    }, {
      "x" : -40.12461,
      "y" : -37.506577,
      "z" : 2.618034
    }, {
      "x" : -30.652475,
      "y" : -44.36068,
      "z" : 0.0
    } ],
    "faces" : [ {
      "vertices" : [ 0, 1, 2 ]
    }, {
      "vertices" : [ 0, 2, 3 ]
    }, {
      "vertices" : [ 0, 3, 2 ]
    }, {
      "vertices" : [ 0, 2, 1 ]
    } ]
  }, {
    "id" : "3bbb6588-3b28-4388-aa28-446750c33efa",
    "vertices" : [ {
      "x" : 23.18034,
      "y" : 29.034441,
      "z" : 38.506577
    }, {
      "x" : 20.562305,
      "y" : 19.562305,
      "z" : 45.36068
    }, {
      "x" : 29.034441,
      "y" : 11.09017,
      "z" : 45.36068
    }, {
      "x" : 31.652475,
      "y" : 20.562305,
      "z" : 38.506577
    } ],
    "faces" : [ {
      "vertices" : [ 0, 1, 2 ]
    }, {
      "vertices" : [ 0, 2, 3 ]
    }, {
      "vertices" : [ 0, 3, 2 ]
    }, {
      "vertices" : [ 0, 2, 1 ]
    } ]
  }, {
    "id" : "b52d9a2d-30c7-4667-be87-857eec2166eb",
    "vertices" : [ {
      "x" : 8.472136,
      "y" : 0.0,
      "z" : -52.832817
    }, {
      "x" : 19.562305,
      "y" : 4.236068,
      "z" : -51.214783
    }, {
      "x" : 30.652475,
      "y" : 0.0,
      "z" : -49.59675
    }, {
      "x" : 19.562305,
      "y" : -4.236068,
      "z" : -51.214783
    } ],
    "faces" : [ {
      "vertices" : [ 0, 1, 2 ]
    }, {
      "vertices" : [ 0, 2, 3 ]
    }, {
      "vertices" : [ 0, 3, 2 ]
    }, {
      "vertices" : [ 0, 2, 1 ]
    } ]
  }, {
    "id" : "5936d7eb-f1d6-433f-b1f9-c97b38998f04",
    "vertices" : [ {
      "x" : -23.798374,
      "y" : -46.978714,
      "z" : -9.472136
    }, {
      "x" : -30.652475,
      "y" : -44.36068,
      "z" : 0.0
    }, {
      "x" : -40.12461,
      "y" : -37.506577,
      "z" : -2.618034
    }, {
      "x" : -33.27051,
      "y" : -40.12461,
      "z" : -12.09017
    } ],
    "faces" : [ {
      "vertices" : [ 0, 1, 2 ]
    }, {
      "vertices" : [ 0, 2, 3 ]
    }, {
      "vertices" : [ 0, 3, 2 ]
    }, {
      "vertices" : [ 0, 2, 1 ]
    } ]
  }, {
    "id" : "7bdce644-c0d1-474a-a984-9b4ce3e0df25",
    "vertices" : [ {
      "x" : -23.18034,
      "y" : -29.034441,
      "z" : 38.506577
    }, {
      "x" : -20.562305,
      "y" : -38.506577,
      "z" : 31.652475
    }, {
      "x" : -9.472136,
      "y" : -42.742645,
      "z" : 33.27051
    }, {
      "x" : -12.09017,
      "y" : -33.27051,
      "z" : 40.12461
    } ],
    "faces" : [ {
      "vertices" : [ 0, 1, 2 ]
    }, {
      "vertices" : [ 0, 2, 3 ]
    }, {
      "vertices" : [ 0, 3, 2 ]
    }, {
      "vertices" : [ 0, 2, 1 ]
    } ]
  }, {
    "id" : "10a701b1-63e7-48e3-b4c1-9ea65238fac3",
    "vertices" : [ {
      "x" : -29.034441,
      "y" : -38.506577,
      "z" : 23.18034
    }, {
      "x" : -19.562305,
      "y" : -45.36068,
      "z" : 20.562305
    }, {
      "x" : -11.09017,
      "y" : -45.36068,
      "z" : 29.034441
    }, {
      "x" : -20.562305,
      "y" : -38.506577,
      "z" : 31.652475
    } ],
    "faces" : [ {
      "vertices" : [ 0, 1, 2 ]
    }, {
      "vertices" : [ 0, 2, 3 ]
    }, {
      "vertices" : [ 0, 3, 2 ]
    }, {
      "vertices" : [ 0, 2, 1 ]
    } ]
  }, {
    "id" : "3b2ca3ee-c1d3-4d5d-9e0c-ad2a9b8b7fca",
    "vertices" : [ {
      "x" : 33.27051,
      "y" : -40.12461,
      "z" : -12.09017
    }, {
      "x" : 42.742645,
      "y" : -33.27051,
      "z" : -9.472136
    }, {
      "x" : 49.59675,
      "y" : -30.652475,
      "z" : 0.0
    }, {
      "x" : 40.12461,
      "y" : -37.506577,
      "z" : -2.618034
    } ],
    "faces" : [ {
      "vertices" : [ 0, 1, 2 ]
    }, {
      "vertices" : [ 0, 2, 3 ]
    }, {
      "vertices" : [ 0, 3, 2 ]
    }, {
      "vertices" : [ 0, 2, 1 ]
    } ]
  }, {
    "id" : "738a935c-ab91-4e95-953a-a12267072ead",
    "vertices" : [ {
      "x" : 44.36068,
      "y" : 0.0,
      "z" : 30.652475
    }, {
      "x" : 37.506577,
      "y" : 2.618034,
      "z" : 40.12461
    }, {
      "x" : 30.652475,
      "y" : 0.0,
      "z" : 49.59675
    }, {
      "x" : 37.506577,
      "y" : -2.618034,
      "z" : 40.12461
    } ],
    "faces" : [ {
      "vertices" : [ 0, 1, 2 ]
    }, {
      "vertices" : [ 0, 2, 3 ]
    }, {
      "vertices" : [ 0, 3, 2 ]
    }, {
      "vertices" : [ 0, 2, 1 ]
    } ]
  }, {
    "id" : "9a3d35d8-5e66-46d2-8dc7-c2120d2a4135",
    "vertices" : [ {
      "x" : 29.034441,
      "y" : -38.506577,
      "z" : -23.18034
    }, {
      "x" : 38.506577,
      "y" : -31.652475,
      "z" : -20.562305
    }, {
      "x" : 42.742645,
      "y" : -33.27051,
      "z" : -9.472136
    }, {
      "x" : 33.27051,
      "y" : -40.12461,
      "z" : -12.09017
    } ],
    "faces" : [ {
      "vertices" : [ 0, 1, 2 ]
    }, {
      "vertices" : [ 0, 2, 3 ]
    }, {
      "vertices" : [ 0, 3, 2 ]
    }, {
      "vertices" : [ 0, 2, 1 ]
    } ]
  }, {
    "id" : "aaa7c4c3-9370-4eea-96f7-5407164abd04",
    "vertices" : [ {
      "x" : -44.36068,
      "y" : 0.0,
      "z" : -30.652475
    }, {
      "x" : -46.978714,
      "y" : 9.472136,
      "z" : -23.798374
    }, {
      "x" : -51.214783,
      "y" : 11.09017,
      "z" : -12.708204
    }, {
      "x" : -52.832817,
      "y" : 0.0,
      "z" : -8.472136
    }, {
      "x" : -51.214783,
      "y" : -11.09017,
      "z" : -12.708204
    }, {
      "x" : -46.978714,
      "y" : -9.472136,
      "z" : -23.798374
    } ],
    "faces" : [ {
      "vertices" : [ 0, 1, 2 ]
    }, {
      "vertices" : [ 0, 2, 3 ]
    }, {
      "vertices" : [ 0, 3, 4 ]
    }, {
      "vertices" : [ 0, 4, 5 ]
    }, {
      "vertices" : [ 0, 5, 4 ]
    }, {
      "vertices" : [ 0, 4, 3 ]
    }, {
      "vertices" : [ 0, 3, 2 ]
    }, {
      "vertices" : [ 0, 2, 1 ]
    } ]
  }, {
    "id" : "34c82a51-ee91-4a8c-a3ac-ea506ae60e8e",
    "vertices" : [ {
      "x" : -38.506577,
      "y" : 23.18034,
      "z" : 29.034441
    }, {
      "x" : -38.506577,
      "y" : 31.652475,
      "z" : 20.562305
    }, {
      "x" : -45.36068,
      "y" : 29.034441,
      "z" : 11.09017
    }, {
      "x" : -45.36068,
      "y" : 20.562305,
      "z" : 19.562305
    } ],
    "faces" : [ {
      "vertices" : [ 0, 1, 2 ]
    }, {
      "vertices" : [ 0, 2, 3 ]
    }, {
      "vertices" : [ 0, 3, 2 ]
    }, {
      "vertices" : [ 0, 2, 1 ]
    } ]
  }, {
    "id" : "510645f1-edd7-4bbc-ad91-0acf1f2767dc",
    "vertices" : [ {
      "x" : 38.506577,
      "y" : -31.652475,
      "z" : -20.562305
    }, {
      "x" : 45.36068,
      "y" : -29.034441,
      "z" : -11.09017
    }, {
      "x" : 49.59675,
      "y" : -30.652475,
      "z" : 0.0
    }, {
      "x" : 42.742645,
      "y" : -33.27051,
      "z" : -9.472136
    } ],
    "faces" : [ {
      "vertices" : [ 0, 1, 2 ]
    }, {
      "vertices" : [ 0, 2, 3 ]
    }, {
      "vertices" : [ 0, 3, 2 ]
    }, {
      "vertices" : [ 0, 2, 1 ]
    } ]
  }, {
    "id" : "bbca2d20-4f1e-4378-8e79-7d189d1d4ed6",
    "vertices" : [ {
      "x" : 9.472136,
      "y" : -23.798374,
      "z" : 46.978714
    }, {
      "x" : 20.562305,
      "y" : -19.562305,
      "z" : 45.36068
    }, {
      "x" : 22.18034,
      "y" : -8.472136,
      "z" : 49.59675
    }, {
      "x" : 11.09017,
      "y" : -12.708204,
      "z" : 51.214783
    } ],
    "faces" : [ {
      "vertices" : [ 0, 1, 2 ]
    }, {
      "vertices" : [ 0, 2, 3 ]
    }, {
      "vertices" : [ 0, 3, 2 ]
    }, {
      "vertices" : [ 0, 2, 1 ]
    } ]
  }, {
    "id" : "fbcd6993-693f-47b2-b787-154ff5468a3f",
    "vertices" : [ {
      "x" : 29.034441,
      "y" : -38.506577,
      "z" : -23.18034
    }, {
      "x" : 19.562305,
      "y" : -45.36068,
      "z" : -20.562305
    }, {
      "x" : 23.798374,
      "y" : -46.978714,
      "z" : -9.472136
    }, {
      "x" : 33.27051,
      "y" : -40.12461,
      "z" : -12.09017
    } ],
    "faces" : [ {
      "vertices" : [ 0, 1, 2 ]
    }, {
      "vertices" : [ 0, 2, 3 ]
    }, {
      "vertices" : [ 0, 3, 2 ]
    }, {
      "vertices" : [ 0, 2, 1 ]
    } ]
  }, {
    "id" : "8daac48b-5747-4ee1-99aa-433ac5983a85",
    "vertices" : [ {
      "x" : -12.09017,
      "y" : -33.27051,
      "z" : -40.12461
    }, {
      "x" : -2.618034,
      "y" : -40.12461,
      "z" : -37.506577
    }, {
      "x" : 0.0,
      "y" : -49.59675,
      "z" : -30.652475
    }, {
      "x" : -9.472136,
      "y" : -42.742645,
      "z" : -33.27051
    } ],
    "faces" : [ {
      "vertices" : [ 0, 1, 2 ]
    }, {
      "vertices" : [ 0, 2, 3 ]
    }, {
      "vertices" : [ 0, 3, 2 ]
    }, {
      "vertices" : [ 0, 2, 1 ]
    } ]
  }, {
    "id" : "2b491cd9-9ebf-4bb9-b9c3-a7e5799b3b00",
    "vertices" : [ {
      "x" : 9.472136,
      "y" : -23.798374,
      "z" : 46.978714
    }, {
      "x" : 0.0,
      "y" : -30.652475,
      "z" : 44.36068
    }, {
      "x" : 2.618034,
      "y" : -40.12461,
      "z" : 37.506577
    }, {
      "x" : 12.09017,
      "y" : -33.27051,
      "z" : 40.12461
    } ],
    "faces" : [ {
      "vertices" : [ 0, 1, 2 ]
    }, {
      "vertices" : [ 0, 2, 3 ]
    }, {
      "vertices" : [ 0, 3, 2 ]
    }, {
      "vertices" : [ 0, 2, 1 ]
    } ]
  }, {
    "id" : "d8bed7d6-e91a-46a0-a3ac-ad9f26cdc84d",
    "vertices" : [ {
      "x" : -31.652475,
      "y" : 20.562305,
      "z" : 38.506577
    }, {
      "x" : -33.27051,
      "y" : 9.472136,
      "z" : 42.742645
    }, {
      "x" : -30.652475,
      "y" : 0.0,
      "z" : 49.59675
    }, {
      "x" : -29.034441,
      "y" : 11.09017,
      "z" : 45.36068
    } ],
    "faces" : [ {
      "vertices" : [ 0, 1, 2 ]
    }, {
      "vertices" : [ 0, 2, 3 ]
    }, {
      "vertices" : [ 0, 3, 2 ]
    }, {
      "vertices" : [ 0, 2, 1 ]
    } ]
  }, {
    "id" : "6deeefd5-4fd4-4186-9c48-55c303d40500",
    "vertices" : [ {
      "x" : -9.472136,
      "y" : 23.798374,
      "z" : 46.978714
    }, {
      "x" : 0.0,
      "y" : 30.652475,
      "z" : 44.36068
    }, {
      "x" : -2.618034,
      "y" : 40.12461,
      "z" : 37.506577
    }, {
      "x" : -12.09017,
      "y" : 33.27051,
      "z" : 40.12461
    } ],
    "faces" : [ {
      "vertices" : [ 0, 1, 2 ]
    }, {
      "vertices" : [ 0, 2, 3 ]
    }, {
      "vertices" : [ 0, 3, 2 ]
    }, {
      "vertices" : [ 0, 2, 1 ]
    } ]
  }, {
    "id" : "247e98bf-58c1-4e5c-a052-28c815123c8e",
    "vertices" : [ {
      "x" : -44.36068,
      "y" : 0.0,
      "z" : 30.652475
    }, {
      "x" : -37.506577,
      "y" : -2.618034,
      "z" : 40.12461
    }, {
      "x" : -30.652475,
      "y" : 0.0,
      "z" : 49.59675
    }, {
      "x" : -37.506577,
      "y" : 2.618034,
      "z" : 40.12461
    } ],
    "faces" : [ {
      "vertices" : [ 0, 1, 2 ]
    }, {
      "vertices" : [ 0, 2, 3 ]
    }, {
      "vertices" : [ 0, 3, 2 ]
    }, {
      "vertices" : [ 0, 2, 1 ]
    } ]
  }, {
    "id" : "5d09ad9b-bc7d-45c1-bcab-776c7f292e61",
    "vertices" : [ {
      "x" : 40.12461,
      "y" : -12.09017,
      "z" : -33.27051
    }, {
      "x" : 33.27051,
      "y" : -9.472136,
      "z" : -42.742645
    }, {
      "x" : 30.652475,
      "y" : 0.0,
      "z" : -49.59675
    }, {
      "x" : 37.506577,
      "y" : -2.618034,
      "z" : -40.12461
    } ],
    "faces" : [ {
      "vertices" : [ 0, 1, 2 ]
    }, {
      "vertices" : [ 0, 2, 3 ]
    }, {
      "vertices" : [ 0, 3, 2 ]
    }, {
      "vertices" : [ 0, 2, 1 ]
    } ]
  }, {
    "id" : "ff6d8631-8ea0-47b1-9053-55c6fa3f3f60",
    "vertices" : [ {
      "x" : 11.09017,
      "y" : -12.708204,
      "z" : 51.214783
    }, {
      "x" : 22.18034,
      "y" : -8.472136,
      "z" : 49.59675
    }, {
      "x" : 30.652475,
      "y" : 0.0,
      "z" : 49.59675
    }, {
      "x" : 19.562305,
      "y" : -4.236068,
      "z" : 51.214783
    } ],
    "faces" : [ {
      "vertices" : [ 0, 1, 2 ]
    }, {
      "vertices" : [ 0, 2, 3 ]
    }, {
      "vertices" : [ 0, 3, 2 ]
    }, {
      "vertices" : [ 0, 2, 1 ]
    } ]
  }, {
    "id" : "9686b320-590a-47f5-b933-b0b522e53374",
    "vertices" : [ {
      "x" : 20.562305,
      "y" : 38.506577,
      "z" : 31.652475
    }, {
      "x" : 11.09017,
      "y" : 45.36068,
      "z" : 29.034441
    }, {
      "x" : 0.0,
      "y" : 49.59675,
      "z" : 30.652475
    }, {
      "x" : 9.472136,
      "y" : 42.742645,
      "z" : 33.27051
    } ],
    "faces" : [ {
      "vertices" : [ 0, 1, 2 ]
    }, {
      "vertices" : [ 0, 2, 3 ]
    }, {
      "vertices" : [ 0, 3, 2 ]
    }, {
      "vertices" : [ 0, 2, 1 ]
    } ]
  }, {
    "id" : "ba828191-9ab8-4050-aa10-e772c7883d29",
    "vertices" : [ {
      "x" : 23.18034,
      "y" : -29.034441,
      "z" : -38.506577
    }, {
      "x" : 20.562305,
      "y" : -38.506577,
      "z" : -31.652475
    }, {
      "x" : 9.472136,
      "y" : -42.742645,
      "z" : -33.27051
    }, {
      "x" : 12.09017,
      "y" : -33.27051,
      "z" : -40.12461
    } ],
    "faces" : [ {
      "vertices" : [ 0, 1, 2 ]
    }, {
      "vertices" : [ 0, 2, 3 ]
    }, {
      "vertices" : [ 0, 3, 2 ]
    }, {
      "vertices" : [ 0, 2, 1 ]
    } ]
  }, {
    "id" : "dd2d2c9e-3490-4186-8215-e543e488949d",
    "vertices" : [ {
      "x" : 12.09017,
      "y" : 33.27051,
      "z" : 40.12461
    }, {
      "x" : 9.472136,
      "y" : 42.742645,
      "z" : 33.27051
    }, {
      "x" : 0.0,
      "y" : 49.59675,
      "z" : 30.652475
    }, {
      "x" : 2.618034,
      "y" : 40.12461,
      "z" : 37.506577
    } ],
    "faces" : [ {
      "vertices" : [ 0, 1, 2 ]
    }, {
      "vertices" : [ 0, 2, 3 ]
    }, {
      "vertices" : [ 0, 3, 2 ]
    }, {
      "vertices" : [ 0, 2, 1 ]
    } ]
  }, {
    "id" : "765cf08a-ebd9-44b1-a6fc-bcd8f683e23f",
    "vertices" : [ {
      "x" : 30.652475,
      "y" : -44.36068,
      "z" : 0.0
    }, {
      "x" : 40.12461,
      "y" : -37.506577,
      "z" : -2.618034
    }, {
      "x" : 49.59675,
      "y" : -30.652475,
      "z" : 0.0
    }, {
      "x" : 40.12461,
      "y" : -37.506577,
      "z" : 2.618034
    } ],
    "faces" : [ {
      "vertices" : [ 0, 1, 2 ]
    }, {
      "vertices" : [ 0, 2, 3 ]
    }, {
      "vertices" : [ 0, 3, 2 ]
    }, {
      "vertices" : [ 0, 2, 1 ]
    } ]
  }, {
    "id" : "25c4b50f-75c0-4b95-9799-9150986e86cd",
    "vertices" : [ {
      "x" : -52.832817,
      "y" : 0.0,
      "z" : -8.472136
    }, {
      "x" : -52.832817,
      "y" : 8.472136,
      "z" : 0.0
    }, {
      "x" : -52.832817,
      "y" : 0.0,
      "z" : 8.472136
    }, {
      "x" : -52.832817,
      "y" : -8.472136,
      "z" : 0.0
    } ],
    "faces" : [ {
      "vertices" : [ 0, 1, 2 ]
    }, {
      "vertices" : [ 0, 2, 3 ]
    }, {
      "vertices" : [ 0, 3, 2 ]
    }, {
      "vertices" : [ 0, 2, 1 ]
    } ]
  }, {
    "id" : "3af73bee-1e8e-488b-88e2-e5920b353a92",
    "vertices" : [ {
      "x" : 12.708204,
      "y" : 51.214783,
      "z" : -11.09017
    }, {
      "x" : 8.472136,
      "y" : 49.59675,
      "z" : -22.18034
    }, {
      "x" : 0.0,
      "y" : 49.59675,
      "z" : -30.652475
    }, {
      "x" : 4.236068,
      "y" : 51.214783,
      "z" : -19.562305
    } ],
    "faces" : [ {
      "vertices" : [ 0, 1, 2 ]
    }, {
      "vertices" : [ 0, 2, 3 ]
    }, {
      "vertices" : [ 0, 3, 2 ]
    }, {
      "vertices" : [ 0, 2, 1 ]
    } ]
  }, {
    "id" : "5c710a99-5a16-4919-9577-8ea4c9db59ce",
    "vertices" : [ {
      "x" : 52.832817,
      "y" : 0.0,
      "z" : -8.472136
    }, {
      "x" : 51.214783,
      "y" : 11.09017,
      "z" : -12.708204
    }, {
      "x" : 51.214783,
      "y" : 19.562305,
      "z" : -4.236068
    }, {
      "x" : 52.832817,
      "y" : 8.472136,
      "z" : 0.0
    } ],
    "faces" : [ {
      "vertices" : [ 0, 1, 2 ]
    }, {
      "vertices" : [ 0, 2, 3 ]
    }, {
      "vertices" : [ 0, 3, 2 ]
    }, {
      "vertices" : [ 0, 2, 1 ]
    } ]
  }, {
    "id" : "e822abdd-0d6e-46fe-96af-6826c957c6e6",
    "vertices" : [ {
      "x" : 38.506577,
      "y" : 23.18034,
      "z" : -29.034441
    }, {
      "x" : 40.12461,
      "y" : 12.09017,
      "z" : -33.27051
    }, {
      "x" : 33.27051,
      "y" : 9.472136,
      "z" : -42.742645
    }, {
      "x" : 31.652475,
      "y" : 20.562305,
      "z" : -38.506577
    } ],
    "faces" : [ {
      "vertices" : [ 0, 1, 2 ]
    }, {
      "vertices" : [ 0, 2, 3 ]
    }, {
      "vertices" : [ 0, 3, 2 ]
    }, {
      "vertices" : [ 0, 2, 1 ]
    } ]
  }, {
    "id" : "f52c5560-5981-428b-8563-0127d99bb6a4",
    "vertices" : [ {
      "x" : -20.562305,
      "y" : 38.506577,
      "z" : 31.652475
    }, {
      "x" : -9.472136,
      "y" : 42.742645,
      "z" : 33.27051
    }, {
      "x" : 0.0,
      "y" : 49.59675,
      "z" : 30.652475
    }, {
      "x" : -11.09017,
      "y" : 45.36068,
      "z" : 29.034441
    } ],
    "faces" : [ {
      "vertices" : [ 0, 1, 2 ]
    }, {
      "vertices" : [ 0, 2, 3 ]
    }, {
      "vertices" : [ 0, 3, 2 ]
    }, {
      "vertices" : [ 0, 2, 1 ]
    } ]
  }, {
    "id" : "f7cd4fff-2fb9-43fb-a533-55927b25a4e1",
    "vertices" : [ {
      "x" : 0.0,
      "y" : -30.652475,
      "z" : 44.36068
    }, {
      "x" : -2.618034,
      "y" : -40.12461,
      "z" : 37.506577
    }, {
      "x" : 0.0,
      "y" : -49.59675,
      "z" : 30.652475
    }, {
      "x" : 2.618034,
      "y" : -40.12461,
      "z" : 37.506577
    } ],
    "faces" : [ {
      "vertices" : [ 0, 1, 2 ]
    }, {
      "vertices" : [ 0, 2, 3 ]
    }, {
      "vertices" : [ 0, 3, 2 ]
    }, {
      "vertices" : [ 0, 2, 1 ]
    } ]
  }, {
    "id" : "6d027708-e7a8-424c-b759-68a7186eb1bb",
    "vertices" : [ {
      "x" : 45.36068,
      "y" : 20.562305,
      "z" : 19.562305
    }, {
      "x" : 49.59675,
      "y" : 22.18034,
      "z" : 8.472136
    }, {
      "x" : 49.59675,
      "y" : 30.652475,
      "z" : 0.0
    }, {
      "x" : 45.36068,
      "y" : 29.034441,
      "z" : 11.09017
    } ],
    "faces" : [ {
      "vertices" : [ 0, 1, 2 ]
    }, {
      "vertices" : [ 0, 2, 3 ]
    }, {
      "vertices" : [ 0, 3, 2 ]
    }, {
      "vertices" : [ 0, 2, 1 ]
    } ]
  }, {
    "id" : "267839ec-326c-4561-b367-e9f14c7667ef",
    "vertices" : [ {
      "x" : 23.18034,
      "y" : -29.034441,
      "z" : -38.506577
    }, {
      "x" : 20.562305,
      "y" : -19.562305,
      "z" : -45.36068
    }, {
      "x" : 29.034441,
      "y" : -11.09017,
      "z" : -45.36068
    }, {
      "x" : 31.652475,
      "y" : -20.562305,
      "z" : -38.506577
    } ],
    "faces" : [ {
      "vertices" : [ 0, 1, 2 ]
    }, {
      "vertices" : [ 0, 2, 3 ]
    }, {
      "vertices" : [ 0, 3, 2 ]
    }, {
      "vertices" : [ 0, 2, 1 ]
    } ]
  }, {
    "id" : "5d7c6fd9-dc38-40da-af59-a4076f56ba5f",
    "vertices" : [ {
      "x" : 52.832817,
      "y" : 0.0,
      "z" : -8.472136
    }, {
      "x" : 52.832817,
      "y" : -8.472136,
      "z" : 0.0
    }, {
      "x" : 52.832817,
      "y" : 0.0,
      "z" : 8.472136
    }, {
      "x" : 52.832817,
      "y" : 8.472136,
      "z" : 0.0
    } ],
    "faces" : [ {
      "vertices" : [ 0, 1, 2 ]
    }, {
      "vertices" : [ 0, 2, 3 ]
    }, {
      "vertices" : [ 0, 3, 2 ]
    }, {
      "vertices" : [ 0, 2, 1 ]
    } ]
  }, {
    "id" : "97e737e4-0706-4371-b190-a4692e372f97",
    "vertices" : [ {
      "x" : -29.034441,
      "y" : 38.506577,
      "z" : 23.18034
    }, {
      "x" : -33.27051,
      "y" : 40.12461,
      "z" : 12.09017
    }, {
      "x" : -23.798374,
      "y" : 46.978714,
      "z" : 9.472136
    }, {
      "x" : -19.562305,
      "y" : 45.36068,
      "z" : 20.562305
    } ],
    "faces" : [ {
      "vertices" : [ 0, 1, 2 ]
    }, {
      "vertices" : [ 0, 2, 3 ]
    }, {
      "vertices" : [ 0, 3, 2 ]
    }, {
      "vertices" : [ 0, 2, 1 ]
    } ]
  }, {
    "id" : "0521fe7b-b5ff-4d26-98ce-990e461c26a5",
    "vertices" : [ {
      "x" : -23.18034,
      "y" : -29.034441,
      "z" : -38.506577
    }, {
      "x" : -12.09017,
      "y" : -33.27051,
      "z" : -40.12461
    }, {
      "x" : -9.472136,
      "y" : -42.742645,
      "z" : -33.27051
    }, {
      "x" : -20.562305,
      "y" : -38.506577,
      "z" : -31.652475
    } ],
    "faces" : [ {
      "vertices" : [ 0, 1, 2 ]
    }, {
      "vertices" : [ 0, 2, 3 ]
    }, {
      "vertices" : [ 0, 3, 2 ]
    }, {
      "vertices" : [ 0, 2, 1 ]
    } ]
  }, {
    "id" : "290c9d22-4761-4dd8-9295-b7396c57b0ce",
    "vertices" : [ {
      "x" : 9.472136,
      "y" : -23.798374,
      "z" : -46.978714
    }, {
      "x" : 12.09017,
      "y" : -33.27051,
      "z" : -40.12461
    }, {
      "x" : 23.18034,
      "y" : -29.034441,
      "z" : -38.506577
    }, {
      "x" : 20.562305,
      "y" : -19.562305,
      "z" : -45.36068
    } ],
    "faces" : [ {
      "vertices" : [ 0, 1, 2 ]
    }, {
      "vertices" : [ 0, 2, 3 ]
    }, {
      "vertices" : [ 0, 3, 2 ]
    }, {
      "vertices" : [ 0, 2, 1 ]
    } ]
  }, {
    "id" : "373163d0-7bef-43fe-94e3-a4e0a6728148",
    "vertices" : [ {
      "x" : 38.506577,
      "y" : -23.18034,
      "z" : -29.034441
    }, {
      "x" : 45.36068,
      "y" : -20.562305,
      "z" : -19.562305
    }, {
      "x" : 45.36068,
      "y" : -29.034441,
      "z" : -11.09017
    }, {
      "x" : 38.506577,
      "y" : -31.652475,
      "z" : -20.562305
    } ],
    "faces" : [ {
      "vertices" : [ 0, 1, 2 ]
    }, {
      "vertices" : [ 0, 2, 3 ]
    }, {
      "vertices" : [ 0, 3, 2 ]
    }, {
      "vertices" : [ 0, 2, 1 ]
    } ]
  }, {
    "id" : "16aa4246-fb65-4e86-a55c-84a4de9ce8ad",
    "vertices" : [ {
      "x" : -23.18034,
      "y" : 29.034441,
      "z" : 38.506577
    }, {
      "x" : -31.652475,
      "y" : 20.562305,
      "z" : 38.506577
    }, {
