{
  "polygons" : "true",
  "field" : "golden",
  "symmetry" : "icosahedral",
  "orientations" : [ [ 1.0, 0.0, 0.0, 0.0, 0.0, 1.0, 0.0, 0.0, 0.0, 0.0, 1.0, 0.0, 0.0, 0.0, 0.0, 1.0 ], [ 0.0, 0.0, 1.0, 0.0, 1.0, 0.0, 0.0, 0.0, 0.0, 1.0, 0.0, 0.0, 0.0, 0.0, 0.0, 1.0 ], [ 0.0, 1.0, 0.0, 0.0, 0.0, 0.0, 1.0, 0.0, 1.0, 0.0, 0.0, 0.0, 0.0, 0.0, 0.0, 1.0 ], [ 0.809017, 0.309017, 0.5, 0.0, 0.309017, 0.5, -0.809017, 0.0, -0.5, 0.809017, 0.309017, 0.0, 0.0, 0.0, 0.0, 1.0 ], [ -0.5, 0.809017, 0.309017, 0.0, 0.809017, 0.309017, 0.5, 0.0, 0.309017, 0.5, -0.809017, 0.0, 0.0, 0.0, 0.0, 1.0 ], [ 0.309017, 0.5, -0.809017, 0.0, -0.5, 0.809017, 0.309017, 0.0, 0.809017, 0.309017, 0.5, 0.0, 0.0, 0.0, 0.0, 1.0 ], [ 0.5, 0.809017, 0.309017, 0.0, 0.809017, -0.309017, -0.5, 0.0, -0.309017, 0.5, -0.809017, 0.0, 0.0, 0.0, 0.0, 1.0 ], [ -0.309017, 0.5, -0.809017, 0.0, 0.5, 0.809017, 0.309017, 0.0, 0.809017, -0.309017, -0.5, 0.0, 0.0, 0.0, 0.0, 1.0 ], [ 0.809017, -0.309017, -0.5, 0.0, -0.309017, 0.5, -0.809017, 0.0, 0.5, 0.809017, 0.309017, 0.0, 0.0, 0.0, 0.0, 1.0 ], [ 0.5, 0.809017, -0.309017, 0.0, 0.809017, -0.309017, 0.5, 0.0, 0.309017, -0.5, -0.809017, 0.0, 0.0, 0.0, 0.0, 1.0 ], [ 0.309017, -0.5, -0.809017, 0.0, 0.5, 0.809017, -0.309017, 0.0, 0.809017, -0.309017, 0.5, 0.0, 0.0, 0.0, 0.0, 1.0 ], [ 0.809017, -0.309017, 0.5, 0.0, 0.309017, -0.5, -0.809017, 0.0, 0.5, 0.809017, -0.309017, 0.0, 0.0, 0.0, 0.0, 1.0 ], [ 0.809017, 0.309017, -0.5, 0.0, 0.309017, 0.5, 0.809017, 0.0, 0.5, -0.809017, 0.309017, 0.0, 0.0, 0.0, 0.0, 1.0 ], [ 0.5, -0.809017, 0.309017, 0.0, 0.809017, 0.309017, -0.5, 0.0, 0.309017, 0.5, 0.809017, 0.0, 0.0, 0.0, 0.0, 1.0 ], [ 0.309017, 0.5, 0.809017, 0.0, 0.5, -0.809017, 0.309017, 0.0, 0.809017, 0.309017, -0.5, 0.0, 0.0, 0.0, 0.0, 1.0 ], [ 1.0, 0.0, 0.0, 0.0, 0.0, -1.0, 0.0, 0.0, 0.0, 0.0, -1.0, 0.0, 0.0, 0.0, 0.0, 1.0 ], [ 0.0, 0.0, 1.0, 0.0, -1.0, 0.0, 0.0, 0.0, 0.0, -1.0, 0.0, 0.0, 0.0, 0.0, 0.0, 1.0 ], [ 0.0, 1.0, 0.0, 0.0, 0.0, 0.0, -1.0, 0.0, -1.0, 0.0, 0.0, 0.0, 0.0, 0.0, 0.0, 1.0 ], [ 0.809017, 0.309017, 0.5, 0.0, -0.309017, -0.5, 0.809017, 0.0, 0.5, -0.809017, -0.309017, 0.0, 0.0, 0.0, 0.0, 1.0 ], [ -0.5, 0.809017, 0.309017, 0.0, -0.809017, -0.309017, -0.5, 0.0, -0.309017, -0.5, 0.809017, 0.0, 0.0, 0.0, 0.0, 1.0 ], [ 0.309017, 0.5, -0.809017, 0.0, 0.5, -0.809017, -0.309017, 0.0, -0.809017, -0.309017, -0.5, 0.0, 0.0, 0.0, 0.0, 1.0 ], [ 0.5, 0.809017, 0.309017, 0.0, -0.809017, 0.309017, 0.5, 0.0, 0.309017, -0.5, 0.809017, 0.0, 0.0, 0.0, 0.0, 1.0 ], [ -0.309017, 0.5, -0.809017, 0.0, -0.5, -0.809017, -0.309017, 0.0, -0.809017, 0.309017, 0.5, 0.0, 0.0, 0.0, 0.0, 1.0 ], [ 0.809017, -0.309017, -0.5, 0.0, 0.309017, -0.5, 0.809017, 0.0, -0.5, -0.809017, -0.309017, 0.0, 0.0, 0.0, 0.0, 1.0 ], [ 0.5, 0.809017, -0.309017, 0.0, -0.809017, 0.309017, -0.5, 0.0, -0.309017, 0.5, 0.809017, 0.0, 0.0, 0.0, 0.0, 1.0 ], [ 0.309017, -0.5, -0.809017, 0.0, -0.5, -0.809017, 0.309017, 0.0, -0.809017, 0.309017, -0.5, 0.0, 0.0, 0.0, 0.0, 1.0 ], [ 0.809017, -0.309017, 0.5, 0.0, -0.309017, 0.5, 0.809017, 0.0, -0.5, -0.809017, 0.309017, 0.0, 0.0, 0.0, 0.0, 1.0 ], [ 0.809017, 0.309017, -0.5, 0.0, -0.309017, -0.5, -0.809017, 0.0, -0.5, 0.809017, -0.309017, 0.0, 0.0, 0.0, 0.0, 1.0 ], [ 0.5, -0.809017, 0.309017, 0.0, -0.809017, -0.309017, 0.5, 0.0, -0.309017, -0.5, -0.809017, 0.0, 0.0, 0.0, 0.0, 1.0 ], [ 0.309017, 0.5, 0.809017, 0.0, -0.5, 0.809017, -0.309017, 0.0, -0.809017, -0.309017, 0.5, 0.0, 0.0, 0.0, 0.0, 1.0 ], [ -1.0, 0.0, 0.0, 0.0, 0.0, -1.0, 0.0, 0.0, 0.0, 0.0, 1.0, 0.0, 0.0, 0.0, 0.0, 1.0 ], [ 0.0, 0.0, -1.0, 0.0, -1.0, 0.0, 0.0, 0.0, 0.0, 1.0, 0.0, 0.0, 0.0, 0.0, 0.0, 1.0 ], [ 0.0, -1.0, 0.0, 0.0, 0.0, 0.0, -1.0, 0.0, 1.0, 0.0, 0.0, 0.0, 0.0, 0.0, 0.0, 1.0 ], [ -0.809017, -0.309017, -0.5, 0.0, -0.309017, -0.5, 0.809017, 0.0, -0.5, 0.809017, 0.309017, 0.0, 0.0, 0.0, 0.0, 1.0 ], [ 0.5, -0.809017, -0.309017, 0.0, -0.809017, -0.309017, -0.5, 0.0, 0.309017, 0.5, -0.809017, 0.0, 0.0, 0.0, 0.0, 1.0 ], [ -0.309017, -0.5, 0.809017, 0.0, 0.5, -0.809017, -0.309017, 0.0, 0.809017, 0.309017, 0.5, 0.0, 0.0, 0.0, 0.0, 1.0 ], [ -0.5, -0.809017, -0.309017, 0.0, -0.809017, 0.309017, 0.5, 0.0, -0.309017, 0.5, -0.809017, 0.0, 0.0, 0.0, 0.0, 1.0 ], [ 0.309017, -0.5, 0.809017, 0.0, -0.5, -0.809017, -0.309017, 0.0, 0.809017, -0.309017, -0.5, 0.0, 0.0, 0.0, 0.0, 1.0 ], [ -0.809017, 0.309017, 0.5, 0.0, 0.309017, -0.5, 0.809017, 0.0, 0.5, 0.809017, 0.309017, 0.0, 0.0, 0.0, 0.0, 1.0 ], [ -0.5, -0.809017, 0.309017, 0.0, -0.809017, 0.309017, -0.5, 0.0, 0.309017, -0.5, -0.809017, 0.0, 0.0, 0.0, 0.0, 1.0 ], [ -0.309017, 0.5, 0.809017, 0.0, -0.5, -0.809017, 0.309017, 0.0, 0.809017, -0.309017, 0.5, 0.0, 0.0, 0.0, 0.0, 1.0 ], [ -0.809017, 0.309017, -0.5, 0.0, -0.309017, 0.5, 0.809017, 0.0, 0.5, 0.809017, -0.309017, 0.0, 0.0, 0.0, 0.0, 1.0 ], [ -0.809017, -0.309017, 0.5, 0.0, -0.309017, -0.5, -0.809017, 0.0, 0.5, -0.809017, 0.309017, 0.0, 0.0, 0.0, 0.0, 1.0 ], [ -0.5, 0.809017, -0.309017, 0.0, -0.809017, -0.309017, 0.5, 0.0, 0.309017, 0.5, 0.809017, 0.0, 0.0, 0.0, 0.0, 1.0 ], [ -0.309017, -0.5, -0.809017, 0.0, -0.5, 0.809017, -0.309017, 0.0, 0.809017, 0.309017, -0.5, 0.0, 0.0, 0.0, 0.0, 1.0 ], [ -1.0, 0.0, 0.0, 0.0, 0.0, 1.0, 0.0, 0.0, 0.0, 0.0, -1.0, 0.0, 0.0, 0.0, 0.0, 1.0 ], [ 0.0, 0.0, -1.0, 0.0, 1.0, 0.0, 0.0, 0.0, 0.0, -1.0, 0.0, 0.0, 0.0, 0.0, 0.0, 1.0 ], [ 0.0, -1.0, 0.0, 0.0, 0.0, 0.0, 1.0, 0.0, -1.0, 0.0, 0.0, 0.0, 0.0, 0.0, 0.0, 1.0 ], [ -0.809017, -0.309017, -0.5, 0.0, 0.309017, 0.5, -0.809017, 0.0, 0.5, -0.809017, -0.309017, 0.0, 0.0, 0.0, 0.0, 1.0 ], [ 0.5, -0.809017, -0.309017, 0.0, 0.809017, 0.309017, 0.5, 0.0, -0.309017, -0.5, 0.809017, 0.0, 0.0, 0.0, 0.0, 1.0 ], [ -0.309017, -0.5, 0.809017, 0.0, -0.5, 0.809017, 0.309017, 0.0, -0.809017, -0.309017, -0.5, 0.0, 0.0, 0.0, 0.0, 1.0 ], [ -0.5, -0.809017, -0.309017, 0.0, 0.809017, -0.309017, -0.5, 0.0, 0.309017, -0.5, 0.809017, 0.0, 0.0, 0.0, 0.0, 1.0 ], [ 0.309017, -0.5, 0.809017, 0.0, 0.5, 0.809017, 0.309017, 0.0, -0.809017, 0.309017, 0.5, 0.0, 0.0, 0.0, 0.0, 1.0 ], [ -0.809017, 0.309017, 0.5, 0.0, -0.309017, 0.5, -0.809017, 0.0, -0.5, -0.809017, -0.309017, 0.0, 0.0, 0.0, 0.0, 1.0 ], [ -0.5, -0.809017, 0.309017, 0.0, 0.809017, -0.309017, 0.5, 0.0, -0.309017, 0.5, 0.809017, 0.0, 0.0, 0.0, 0.0, 1.0 ], [ -0.309017, 0.5, 0.809017, 0.0, 0.5, 0.809017, -0.309017, 0.0, -0.809017, 0.309017, -0.5, 0.0, 0.0, 0.0, 0.0, 1.0 ], [ -0.809017, 0.309017, -0.5, 0.0, 0.309017, -0.5, -0.809017, 0.0, -0.5, -0.809017, 0.309017, 0.0, 0.0, 0.0, 0.0, 1.0 ], [ -0.809017, -0.309017, 0.5, 0.0, 0.309017, 0.5, 0.809017, 0.0, -0.5, 0.809017, -0.309017, 0.0, 0.0, 0.0, 0.0, 1.0 ], [ -0.5, 0.809017, -0.309017, 0.0, 0.809017, 0.309017, -0.5, 0.0, -0.309017, -0.5, -0.809017, 0.0, 0.0, 0.0, 0.0, 1.0 ], [ -0.309017, -0.5, -0.809017, 0.0, 0.5, -0.809017, 0.309017, 0.0, -0.809017, -0.309017, 0.5, 0.0, 0.0, 0.0, 0.0, 1.0 ] ],
  "lights" : {
    "ambientColor" : "#292929",
    "backgroundColor" : "#EDFFED",
    "directionalLights" : [ {
      "direction" : [ 1.0, -1.0, -1.0 ],
      "color" : "#EBEBE4"
    }, {
      "direction" : [ -1.0, 0.0, 0.0 ],
      "color" : "#E4E4EB"
    }, {
      "direction" : [ 0.0, 0.0, -1.0 ],
      "color" : "#1E1E1E"
    } ]
  },
  "camera" : {
    "stereo" : false,
    "width" : 219.28525,
    "lookAtPoint" : {
      "x" : 0.0,
      "y" : 0.0,
      "z" : 0.0
    },
    "lookDirection" : {
      "x" : 0.0,
      "y" : 0.0,
      "z" : -1.0
    },
    "upDirection" : {
      "x" : 0.0,
      "y" : 1.0,
      "z" : 0.0
    },
    "nearClipDistance" : 1.2182502,
    "farClipDistance" : 974.5979,
    "perspective" : false,
    "fieldOfView" : 0.44262958,
    "viewDistance" : 487.29974,
    "lookAtPointRV" : {
      "x" : 0.0,
      "y" : 0.0,
      "z" : 0.0,
      "zero" : true
    },
    "lookDirectionRV" : {
      "x" : 0.0,
      "y" : 0.0,
      "z" : -1.0,
      "zero" : false
    },
    "upDirectionRV" : {
      "x" : 0.0,
      "y" : 1.0,
      "z" : 0.0,
      "zero" : false
    },
    "position" : {
      "x" : 0.0,
      "y" : 0.0,
      "z" : 487.29974
    }
  },
  "embedding" : [ 1.0, 0.0, 0.0, 0.0, 0.0, 1.0, 0.0, 0.0, 0.0, 0.0, 1.0, 0.0, 0.0, 0.0, 0.0, 1.0 ],
  "shapes" : [ {
    "id" : "6183e7b6-eea7-48a2-8cd6-a770c09a9734",
    "orbit" : "green",
    "orbitC" : "[[2,-1,1],[5,-3,1]]",
    "length" : "[1,0,1]",
    "name" : "g1",
    "vertices" : [ {
      "x" : 10.781153,
      "y" : 4.118034,
      "z" : -1.572949
    }, {
      "x" : 10.399187,
      "y" : 3.663119,
      "z" : -1.381966
    }, {
      "x" : 10.236068,
      "y" : 3.927051,
      "z" : -1.809017
    }, {
      "x" : 10.163119,
      "y" : 4.190983,
      "z" : -1.618034
    }, {
      "x" : 0.85410196,
      "y" : 0.309017,
      "z" : 0.19098301
    }, {
      "x" : 0.690983,
      "y" : 0.572949,
      "z" : -0.23606798
    }, {
      "x" : 0.309017,
      "y" : 0.11803399,
      "z" : -0.045084972
    }, {
      "x" : 0.76393205,
      "y" : 0.309017,
      "z" : -0.42705098
    }, {
      "x" : 0.927051,
      "y" : 0.045084972,
      "z" : 0.0
    }, {
      "x" : 10.326238,
      "y" : 3.927051,
      "z" : -1.190983
    }, {
      "x" : 11.09017,
      "y" : 4.236068,
      "z" : -1.618034
    } ],
    "faces" : [ {
      "vertices" : [ 2, 7, 5, 3 ]
    }, {
      "vertices" : [ 1, 8, 7, 2 ]
    }, {
      "vertices" : [ 4, 6, 8 ]
    }, {
      "vertices" : [ 5, 7, 6 ]
    }, {
      "vertices" : [ 0, 1, 2 ]
    }, {
      "vertices" : [ 0, 2, 3 ]
    }, {
      "vertices" : [ 6, 7, 8 ]
    }, {
      "vertices" : [ 3, 5, 4, 9 ]
    }, {
      "vertices" : [ 1, 9, 4, 8 ]
    }, {
      "vertices" : [ 0, 9, 1 ]
    }, {
      "vertices" : [ 0, 3, 9 ]
    }, {
      "vertices" : [ 4, 5, 6 ]
    } ]
  }, {
    "id" : "5cd0634a-3893-496a-a818-c6fa0ed20003",
    "name" : "ball",
    "vertices" : [ {
      "x" : 0.309017,
      "y" : -0.309017,
      "z" : -0.309017
    }, {
      "x" : 0.5,
      "y" : 0.0,
      "z" : -0.19098301
    }, {
      "x" : 0.5,
      "y" : 0.0,
      "z" : 0.19098301
    }, {
      "x" : 0.309017,
      "y" : -0.309017,
      "z" : 0.309017
    }, {
      "x" : 0.19098301,
      "y" : -0.5,
      "z" : 0.0
    }, {
      "x" : 0.0,
      "y" : 0.19098301,
      "z" : 0.5
    }, {
      "x" : 0.0,
      "y" : -0.19098301,
      "z" : 0.5
    }, {
      "x" : 0.309017,
      "y" : 0.309017,
      "z" : 0.309017
    }, {
      "x" : -0.309017,
      "y" : -0.309017,
      "z" : 0.309017
    }, {
      "x" : -0.309017,
      "y" : 0.309017,
      "z" : 0.309017
    }, {
      "x" : -0.5,
      "y" : 0.0,
      "z" : 0.19098301
    }, {
      "x" : 0.0,
      "y" : -0.19098301,
      "z" : -0.5
    }, {
      "x" : 0.0,
      "y" : 0.19098301,
      "z" : -0.5
    }, {
      "x" : 0.309017,
      "y" : 0.309017,
      "z" : -0.309017
    }, {
      "x" : -0.309017,
      "y" : -0.309017,
      "z" : -0.309017
    }, {
      "x" : -0.19098301,
      "y" : -0.5,
      "z" : 0.0
    }, {
      "x" : -0.5,
      "y" : 0.0,
      "z" : -0.19098301
    }, {
      "x" : 0.19098301,
      "y" : 0.5,
      "z" : 0.0
    }, {
      "x" : -0.309017,
      "y" : 0.309017,
      "z" : -0.309017
    }, {
      "x" : 0.0,
      "y" : 0.0,
      "z" : 0.0
    }, {
      "x" : -0.19098301,
      "y" : 0.5,
      "z" : 0.0
    } ],
    "faces" : [ {
      "vertices" : [ 12, 18, 20, 17, 13 ]
    }, {
      "vertices" : [ 3, 6, 8, 15, 4 ]
    }, {
      "vertices" : [ 0, 11, 12, 13, 1 ]
    }, {
      "vertices" : [ 5, 9, 10, 8, 6 ]
    }, {
      "vertices" : [ 2, 7, 5, 6, 3 ]
    }, {
      "vertices" : [ 11, 14, 16, 18, 12 ]
    }, {
      "vertices" : [ 1, 13, 17, 7, 2 ]
    }, {
      "vertices" : [ 9, 20, 18, 16, 10 ]
    }, {
      "vertices" : [ 0, 1, 2, 3, 4 ]
    }, {
      "vertices" : [ 5, 7, 17, 20, 9 ]
    }, {
      "vertices" : [ 0, 4, 15, 14, 11 ]
    }, {
      "vertices" : [ 8, 10, 16, 14, 15 ]
    } ]
  }, {
    "id" : "30697967-5785-49f7-b181-cfb3874e2469",
    "vertices" : [ {
      "x" : 0.0,
      "y" : 0.0,
      "z" : 0.0
    }, {
      "x" : -1.618034,
      "y" : -11.09017,
      "z" : 4.236068
    }, {
      "x" : -1.618034,
      "y" : -19.562305,
      "z" : -4.236068
    }, {
      "x" : 0.0,
      "y" : -8.472136,
      "z" : -8.472136
    } ],
    "faces" : [ {
      "vertices" : [ 0, 1, 2, 3 ]
    }, {
      "vertices" : [ 0, 3, 2, 1 ]
    } ]
  }, {
    "id" : "c51ac73b-c9f9-4679-bb76-6ed7dd713d2d",
    "vertices" : [ {
      "x" : 0.0,
      "y" : 0.0,
      "z" : 0.0
    }, {
      "x" : -2.618034,
      "y" : -9.472136,
      "z" : -6.854102
    }, {
      "x" : -6.854102,
      "y" : -11.09017,
      "z" : -17.944271
    }, {
      "x" : -8.472136,
      "y" : 0.0,
      "z" : -22.18034
    }, {
      "x" : -6.854102,
      "y" : 11.09017,
      "z" : -17.944271
    }, {
      "x" : -2.618034,
      "y" : 9.472136,
      "z" : -6.854102
    } ],
    "faces" : [ {
      "vertices" : [ 0, 1, 2, 3, 4, 5 ]
    }, {
      "vertices" : [ 0, 5, 4, 3, 2, 1 ]
    } ]
  }, {
    "id" : "fd0ca8b1-876e-4919-88e4-036432cb916b",
    "vertices" : [ {
      "x" : 0.0,
      "y" : 0.0,
      "z" : 0.0
    }, {
      "x" : -8.472136,
      "y" : 0.0,
      "z" : 8.472136
    }, {
      "x" : -12.708204,
      "y" : -1.618034,
      "z" : 19.562305
    }, {
      "x" : -4.236068,
      "y" : -1.618034,
      "z" : 11.09017
    } ],
    "faces" : [ {
      "vertices" : [ 0, 1, 2, 3 ]
    }, {
      "vertices" : [ 0, 3, 2, 1 ]
    } ]
  }, {
    "id" : "e531ccbf-3369-49e4-b0b9-191a82d6b838",
    "vertices" : [ {
      "x" : 0.0,
      "y" : 0.0,
      "z" : 0.0
    }, {
      "x" : -8.472136,
      "y" : 0.0,
      "z" : -8.472136
    }, {
      "x" : -19.562305,
      "y" : 4.236068,
      "z" : -10.09017
    }, {
      "x" : -11.09017,
      "y" : 4.236068,
      "z" : -1.618034
    } ],
    "faces" : [ {
      "vertices" : [ 0, 1, 2, 3 ]
    }, {
      "vertices" : [ 0, 3, 2, 1 ]
    } ]
  }, {
    "id" : "1741b1f4-7965-497e-89d6-8ec2939dbfcc",
    "vertices" : [ {
      "x" : 0.0,
      "y" : 0.0,
      "z" : 0.0
    }, {
      "x" : 0.0,
      "y" : 8.472136,
      "z" : 8.472136
    }, {
      "x" : 1.618034,
      "y" : 19.562305,
      "z" : 4.236068
    }, {
      "x" : 1.618034,
      "y" : 11.09017,
      "z" : -4.236068
    } ],
    "faces" : [ {
      "vertices" : [ 0, 1, 2, 3 ]
    }, {
      "vertices" : [ 0, 3, 2, 1 ]
    } ]
  }, {
    "id" : "5ec77fb8-1c57-460e-96ce-f7f16224b0d1",
    "vertices" : [ {
      "x" : 0.0,
      "y" : 0.0,
      "z" : 0.0
    }, {
      "x" : 0.0,
      "y" : 8.472136,
      "z" : 8.472136
    }, {
      "x" : 0.0,
      "y" : 0.0,
      "z" : 16.944271
    }, {
      "x" : 0.0,
      "y" : -8.472136,
      "z" : 8.472136
    } ],
    "faces" : [ {
      "vertices" : [ 0, 1, 2, 3 ]
    }, {
      "vertices" : [ 0, 3, 2, 1 ]
    } ]
  }, {
    "id" : "4e6da538-58af-41ab-bbd3-59ae0cfd88bb",
    "vertices" : [ {
      "x" : 0.0,
      "y" : 0.0,
      "z" : 0.0
    }, {
      "x" : 0.0,
      "y" : -8.472136,
      "z" : -8.472136
    }, {
      "x" : 0.0,
      "y" : 0.0,
      "z" : -16.944271
    }, {
      "x" : 0.0,
      "y" : 8.472136,
      "z" : -8.472136
    } ],
    "faces" : [ {
      "vertices" : [ 0, 1, 2, 3 ]
    }, {
      "vertices" : [ 0, 3, 2, 1 ]
    } ]
  }, {
    "id" : "2382e072-b70a-49be-a716-aeb3c98164f0",
    "vertices" : [ {
      "x" : 0.0,
      "y" : 0.0,
      "z" : 0.0
    }, {
      "x" : -1.618034,
      "y" : 11.09017,
      "z" : -4.236068
    }, {
      "x" : 0.0,
      "y" : 22.18034,
      "z" : 0.0
    }, {
      "x" : 4.236068,
      "y" : 20.562305,
      "z" : 11.09017
    }, {
      "x" : 6.854102,
      "y" : 11.09017,
      "z" : 17.944271
    }, {
      "x" : 4.236068,
      "y" : 1.618034,
      "z" : 11.09017
    } ],
    "faces" : [ {
      "vertices" : [ 0, 1, 2, 3, 4, 5 ]
    }, {
      "vertices" : [ 0, 5, 4, 3, 2, 1 ]
    } ]
  }, {
    "id" : "ed2d9dc0-2224-4118-b96f-84b6f53fca95",
    "vertices" : [ {
      "x" : 0.0,
      "y" : 0.0,
      "z" : 0.0
    }, {
      "x" : 4.236068,
      "y" : -1.618034,
      "z" : 11.09017
    }, {
      "x" : 6.854102,
      "y" : -11.09017,
      "z" : 17.944271
    }, {
      "x" : 4.236068,
      "y" : -20.562305,
      "z" : 11.09017
    }, {
      "x" : 0.0,
      "y" : -22.18034,
      "z" : 0.0
    }, {
      "x" : -1.618034,
      "y" : -11.09017,
      "z" : -4.236068
    } ],
    "faces" : [ {
      "vertices" : [ 0, 1, 2, 3, 4, 5 ]
    }, {
      "vertices" : [ 0, 5, 4, 3, 2, 1 ]
    } ]
  } ],
  "instances" : [ {
    "shape" : "6183e7b6-eea7-48a2-8cd6-a770c09a9734",
    "color" : "#008D36",
    "position" : {
      "x" : -31.652475,
      "y" : -20.562305,
      "z" : 38.506577
    },
    "orientation" : 1
  }, {
    "shape" : "6183e7b6-eea7-48a2-8cd6-a770c09a9734",
    "color" : "#008D36",
    "position" : {
      "x" : 0.0,
      "y" : -49.59675,
      "z" : 30.652475
    },
    "orientation" : 9
  }, {
    "shape" : "6183e7b6-eea7-48a2-8cd6-a770c09a9734",
    "color" : "#008D36",
    "position" : {
      "x" : -29.034441,
      "y" : 38.506577,
      "z" : -23.18034
    },
    "orientation" : 23
  }, {
    "shape" : "5cd0634a-3893-496a-a818-c6fa0ed20003",
    "color" : "#F2F2F2",
    "position" : {
      "x" : 29.034441,
      "y" : 38.506577,
      "z" : 23.18034
    }
  }, {
    "shape" : "6183e7b6-eea7-48a2-8cd6-a770c09a9734",
    "color" : "#008D36",
    "position" : {
      "x" : -2.618034,
      "y" : -40.12461,
      "z" : 37.506577
    },
    "orientation" : 10
  }, {
    "shape" : "30697967-5785-49f7-b181-cfb3874e2469",
    "color" : "#FFFFFF",
    "position" : {
      "x" : -9.472136,
      "y" : -23.798374,
      "z" : -46.978714
    },
    "orientation" : 50
  }, {
    "shape" : "6183e7b6-eea7-48a2-8cd6-a770c09a9734",
    "color" : "#008D36",
    "position" : {
      "x" : -29.034441,
      "y" : -11.09017,
      "z" : -45.36068
    },
    "orientation" : 21
  }, {
    "shape" : "6183e7b6-eea7-48a2-8cd6-a770c09a9734",
    "color" : "#008D36",
    "position" : {
      "x" : 31.652475,
      "y" : -20.562305,
      "z" : -38.506577
    },
    "orientation" : 5
  }, {
    "shape" : "30697967-5785-49f7-b181-cfb3874e2469",
    "color" : "#FFFFFF",
    "position" : {
      "x" : 23.798374,
      "y" : -46.978714,
      "z" : 9.472136
    },
    "orientation" : 34
  }, {
    "shape" : "c51ac73b-c9f9-4679-bb76-6ed7dd713d2d",
    "color" : "#F7CF7F",
    "position" : {
      "x" : -20.562305,
      "y" : -38.506577,
      "z" : 31.652475
    },
    "orientation" : 3
  }, {
    "shape" : "6183e7b6-eea7-48a2-8cd6-a770c09a9734",
    "color" : "#008D36",
    "position" : {
      "x" : 45.36068,
      "y" : 20.562305,
      "z" : -19.562305
    },
    "orientation" : 28
  }, {
    "shape" : "5cd0634a-3893-496a-a818-c6fa0ed20003",
    "color" : "#F2F2F2",
    "position" : {
      "x" : 42.742645,
      "y" : -33.27051,
      "z" : -9.472136
    }
  }, {
    "shape" : "fd0ca8b1-876e-4919-88e4-036432cb916b",
    "color" : "#D7C3FF",
    "position" : {
      "x" : -30.652475,
      "y" : -44.36068,
      "z" : 0.0
    },
    "orientation" : 25
  }, {
    "shape" : "e531ccbf-3369-49e4-b0b9-191a82d6b838",
    "color" : "#BA7F98",
    "position" : {
      "x" : -52.832817,
      "y" : 8.472136,
      "z" : 0.0
    },
    "orientation" : 39
  }, {
    "shape" : "6183e7b6-eea7-48a2-8cd6-a770c09a9734",
    "color" : "#008D36",
    "position" : {
      "x" : -8.472136,
      "y" : -49.59675,
      "z" : -22.18034
    },
    "orientation" : 44
  }, {
    "shape" : "1741b1f4-7965-497e-89d6-8ec2939dbfcc",
    "color" : "#FFFFFF",
    "position" : {
      "x" : 9.472136,
      "y" : -23.798374,
      "z" : 46.978714
    },
    "orientation" : 55
  }, {
    "shape" : "30697967-5785-49f7-b181-cfb3874e2469",
    "color" : "#FFFFFF",
    "position" : {
      "x" : 0.0,
      "y" : 8.472136,
      "z" : 52.832817
    },
    "orientation" : 2
  }, {
    "shape" : "30697967-5785-49f7-b181-cfb3874e2469",
    "color" : "#FFFFFF",
    "position" : {
      "x" : -29.034441,
      "y" : -38.506577,
      "z" : 23.18034
    },
    "orientation" : 43
  }, {
    "shape" : "5cd0634a-3893-496a-a818-c6fa0ed20003",
    "color" : "#F2F2F2",
    "position" : {
      "x" : 9.472136,
      "y" : 42.742645,
      "z" : 33.27051
    }
  }, {
    "shape" : "5cd0634a-3893-496a-a818-c6fa0ed20003",
    "color" : "#F2F2F2",
    "position" : {
      "x" : -37.506577,
      "y" : -2.618034,
      "z" : -40.12461
    }
  }, {
    "shape" : "5cd0634a-3893-496a-a818-c6fa0ed20003",
    "color" : "#F2F2F2",
    "position" : {
      "x" : -51.214783,
      "y" : 19.562305,
      "z" : -4.236068
    }
  }, {
    "shape" : "6183e7b6-eea7-48a2-8cd6-a770c09a9734",
    "color" : "#008D36",
    "position" : {
      "x" : 40.12461,
      "y" : 37.506577,
      "z" : -2.618034
    },
    "orientation" : 56
  }, {
    "shape" : "5ec77fb8-1c57-460e-96ce-f7f16224b0d1",
    "color" : "#7FBACA",
    "position" : {
      "x" : -8.472136,
      "y" : -52.832817,
      "z" : 0.0
    },
    "orientation" : 1
  }, {
    "shape" : "6183e7b6-eea7-48a2-8cd6-a770c09a9734",
    "color" : "#008D36",
    "position" : {
      "x" : -29.034441,
      "y" : 38.506577,
      "z" : -23.18034
    },
    "orientation" : 32
  }, {
    "shape" : "6183e7b6-eea7-48a2-8cd6-a770c09a9734",
    "color" : "#008D36",
    "position" : {
      "x" : 11.09017,
      "y" : 12.708204,
      "z" : 51.214783
    },
    "orientation" : 58
  }, {
    "shape" : "6183e7b6-eea7-48a2-8cd6-a770c09a9734",
    "color" : "#008D36",
    "position" : {
      "x" : -49.59675,
      "y" : 30.652475,
      "z" : 0.0
    },
    "orientation" : 9
  }, {
    "shape" : "6183e7b6-eea7-48a2-8cd6-a770c09a9734",
    "color" : "#008D36",
    "position" : {
      "x" : 11.09017,
      "y" : -12.708204,
      "z" : -51.214783
    },
    "orientation" : 12
  }, {
    "shape" : "30697967-5785-49f7-b181-cfb3874e2469",
    "color" : "#FFFFFF",
    "position" : {
      "x" : -46.978714,
      "y" : 9.472136,
      "z" : 23.798374
    },
    "orientation" : 48
  }, {
    "shape" : "5cd0634a-3893-496a-a818-c6fa0ed20003",
    "color" : "#F2F2F2",
    "position" : {
      "x" : 45.36068,
      "y" : 20.562305,
      "z" : -19.562305
    }
  }, {
    "shape" : "6183e7b6-eea7-48a2-8cd6-a770c09a9734",
    "color" : "#008D36",
    "position" : {
      "x" : 30.652475,
      "y" : 0.0,
      "z" : -49.59675
    },
    "orientation" : 57
  }, {
    "shape" : "6183e7b6-eea7-48a2-8cd6-a770c09a9734",
    "color" : "#008D36",
    "position" : {
      "x" : 0.0,
      "y" : -30.652475,
      "z" : -44.36068
    },
    "orientation" : 54
  }, {
    "shape" : "6183e7b6-eea7-48a2-8cd6-a770c09a9734",
    "color" : "#008D36",
    "position" : {
      "x" : 20.562305,
      "y" : 19.562305,
      "z" : -45.36068
    },
    "orientation" : 57
  }, {
    "shape" : "6183e7b6-eea7-48a2-8cd6-a770c09a9734",
    "color" : "#008D36",
    "position" : {
      "x" : -42.742645,
      "y" : 33.27051,
      "z" : -9.472136
    },
    "orientation" : 3
  }, {
    "shape" : "5cd0634a-3893-496a-a818-c6fa0ed20003",
    "color" : "#F2F2F2",
    "position" : {
      "x" : 30.652475,
      "y" : 44.36068,
      "z" : 0.0
    }
  }, {
    "shape" : "6183e7b6-eea7-48a2-8cd6-a770c09a9734",
    "color" : "#008D36",
    "position" : {
      "x" : 52.832817,
      "y" : 8.472136,
      "z" : 0.0
    },
    "orientation" : 37
  }, {
    "shape" : "5ec77fb8-1c57-460e-96ce-f7f16224b0d1",
    "color" : "#7FBACA",
    "position" : {
      "x" : 29.034441,
      "y" : -38.506577,
      "z" : -23.18034
    },
    "orientation" : 51
  }, {
    "shape" : "6183e7b6-eea7-48a2-8cd6-a770c09a9734",
    "color" : "#008D36",
    "position" : {
      "x" : -9.472136,
      "y" : 23.798374,
      "z" : 46.978714
    },
    "orientation" : 43
  }, {
    "shape" : "5cd0634a-3893-496a-a818-c6fa0ed20003",
    "color" : "#F2F2F2",
    "position" : {
      "x" : -49.59675,
      "y" : 22.18034,
      "z" : -8.472136
    }
  }, {
    "shape" : "5cd0634a-3893-496a-a818-c6fa0ed20003",
    "color" : "#F2F2F2",
    "position" : {
      "x" : 49.59675,
      "y" : 22.18034,
      "z" : 8.472136
    }
  }, {
    "shape" : "5cd0634a-3893-496a-a818-c6fa0ed20003",
    "color" : "#F2F2F2",
    "position" : {
      "x" : -20.562305,
      "y" : 38.506577,
      "z" : 31.652475
    }
  }, {
    "shape" : "fd0ca8b1-876e-4919-88e4-036432cb916b",
    "color" : "#D7C3FF",
    "position" : {
      "x" : -20.562305,
      "y" : -38.506577,
      "z" : -31.652475
    },
    "orientation" : 42
  }, {
    "shape" : "6183e7b6-eea7-48a2-8cd6-a770c09a9734",
    "color" : "#008D36",
    "position" : {
      "x" : -38.506577,
      "y" : 31.652475,
      "z" : 20.562305
    },
    "orientation" : 50
  }, {
    "shape" : "6183e7b6-eea7-48a2-8cd6-a770c09a9734",
    "color" : "#008D36",
    "position" : {
      "x" : -20.562305,
      "y" : -38.506577,
      "z" : 31.652475
    },
    "orientation" : 15
  }, {
    "shape" : "e531ccbf-3369-49e4-b0b9-191a82d6b838",
    "color" : "#BA7F98",
    "position" : {
      "x" : -12.09017,
      "y" : 33.27051,
      "z" : -40.12461
    },
    "orientation" : 53
  }, {
    "shape" : "5cd0634a-3893-496a-a818-c6fa0ed20003",
    "color" : "#F2F2F2",
    "position" : {
      "x" : -2.618034,
      "y" : -40.12461,
      "z" : 37.506577
    }
  }, {
    "shape" : "6183e7b6-eea7-48a2-8cd6-a770c09a9734",
    "color" : "#008D36",
    "position" : {
      "x" : 30.652475,
      "y" : 0.0,
      "z" : 49.59675
    },
    "orientation" : 20
  }, {
    "shape" : "30697967-5785-49f7-b181-cfb3874e2469",
    "color" : "#FFFFFF",
    "position" : {
      "x" : -52.832817,
      "y" : 0.0,
      "z" : 8.472136
    },
    "orientation" : 30
  }, {
    "shape" : "5cd0634a-3893-496a-a818-c6fa0ed20003",
    "color" : "#F2F2F2",
    "position" : {
      "x" : 40.12461,
      "y" : -37.506577,
      "z" : -2.618034
    }
  }, {
    "shape" : "6183e7b6-eea7-48a2-8cd6-a770c09a9734",
    "color" : "#008D36",
    "position" : {
      "x" : 29.034441,
      "y" : 38.506577,
      "z" : -23.18034
    },
    "orientation" : 18
  }, {
    "shape" : "c51ac73b-c9f9-4679-bb76-6ed7dd713d2d",
    "color" : "#F7CF7F",
    "position" : {
      "x" : -31.652475,
      "y" : -20.562305,
      "z" : -38.506577
    },
    "orientation" : 9
  }, {
    "shape" : "6183e7b6-eea7-48a2-8cd6-a770c09a9734",
    "color" : "#008D36",
    "position" : {
      "x" : -12.708204,
      "y" : -51.214783,
      "z" : -11.09017
    },
    "orientation" : 23
  }, {
    "shape" : "6183e7b6-eea7-48a2-8cd6-a770c09a9734",
    "color" : "#008D36",
    "position" : {
      "x" : 49.59675,
      "y" : 30.652475,
      "z" : 0.0
    },
    "orientation" : 35
  }, {
    "shape" : "6183e7b6-eea7-48a2-8cd6-a770c09a9734",
    "color" : "#008D36",
    "position" : {
      "x" : 12.708204,
      "y" : 51.214783,
      "z" : -11.09017
    },
    "orientation" : 32
  }, {
    "shape" : "6183e7b6-eea7-48a2-8cd6-a770c09a9734",
    "color" : "#008D36",
    "position" : {
      "x" : 31.652475,
      "y" : 20.562305,
      "z" : -38.506577
    },
    "orientation" : 51
  }, {
    "shape" : "e531ccbf-3369-49e4-b0b9-191a82d6b838",
    "color" : "#BA7F98",
    "position" : {
      "x" : 8.472136,
      "y" : 0.0,
      "z" : -52.832817
    },
    "orientation" : 56
  }, {
    "shape" : "6183e7b6-eea7-48a2-8cd6-a770c09a9734",
    "color" : "#008D36",
    "position" : {
      "x" : 38.506577,
      "y" : 31.652475,
      "z" : 20.562305
    },
    "orientation" : 48
  }, {
    "shape" : "6183e7b6-eea7-48a2-8cd6-a770c09a9734",
    "color" : "#008D36",
    "position" : {
      "x" : 51.214783,
      "y" : -11.09017,
      "z" : -12.708204
    },
    "orientation" : 43
  }, {
    "shape" : "5cd0634a-3893-496a-a818-c6fa0ed20003",
    "color" : "#F2F2F2",
    "position" : {
      "x" : -23.18034,
      "y" : 29.034441,
      "z" : -38.506577
    }
  }, {
    "shape" : "5cd0634a-3893-496a-a818-c6fa0ed20003",
    "color" : "#F2F2F2",
    "position" : {
      "x" : 29.034441,
      "y" : 11.09017,
      "z" : 45.36068
    }
  }, {
    "shape" : "6183e7b6-eea7-48a2-8cd6-a770c09a9734",
    "color" : "#008D36",
    "position" : {
      "x" : -33.27051,
      "y" : -40.12461,
      "z" : -12.09017
    },
    "orientation" : 48
  }, {
    "shape" : "6183e7b6-eea7-48a2-8cd6-a770c09a9734",
    "color" : "#008D36",
    "position" : {
      "x" : 11.09017,
      "y" : -12.708204,
      "z" : 51.214783
    },
    "orientation" : 6
  }, {
    "shape" : "6183e7b6-eea7-48a2-8cd6-a770c09a9734",
    "color" : "#008D36",
    "position" : {
      "x" : 0.0,
      "y" : 8.472136,
      "z" : -52.832817
    },
    "orientation" : 45
  }, {
    "shape" : "6183e7b6-eea7-48a2-8cd6-a770c09a9734",
    "color" : "#008D36",
    "position" : {
      "x" : 0.0,
      "y" : -49.59675,
      "z" : 30.652475
    },
    "orientation" : 57
  }, {
    "shape" : "fd0ca8b1-876e-4919-88e4-036432cb916b",
    "color" : "#D7C3FF",
    "position" : {
      "x" : -51.214783,
      "y" : -11.09017,
      "z" : -12.708204
    },
    "orientation" : 51
  }, {
    "shape" : "6183e7b6-eea7-48a2-8cd6-a770c09a9734",
    "color" : "#008D36",
    "position" : {
      "x" : 49.59675,
      "y" : 30.652475,
      "z" : 0.0
    },
    "orientation" : 22
  }, {
    "shape" : "5cd0634a-3893-496a-a818-c6fa0ed20003",
    "color" : "#F2F2F2",
    "position" : {
      "x" : -19.562305,
      "y" : -4.236068,
      "z" : -51.214783
    }
  }, {
    "shape" : "6183e7b6-eea7-48a2-8cd6-a770c09a9734",
    "color" : "#008D36",
    "position" : {
      "x" : 37.506577,
      "y" : 2.618034,
      "z" : -40.12461
    },
    "orientation" : 10
  }, {
    "shape" : "6183e7b6-eea7-48a2-8cd6-a770c09a9734",
    "color" : "#008D36",
    "position" : {
      "x" : 0.0,
      "y" : -49.59675,
      "z" : -30.652475
    },
    "orientation" : 38
  }, {
    "shape" : "5cd0634a-3893-496a-a818-c6fa0ed20003",
    "color" : "#F2F2F2",
    "position" : {
      "x" : -40.12461,
      "y" : 12.09017,
      "z" : -33.27051
    }
  }, {
    "shape" : "6183e7b6-eea7-48a2-8cd6-a770c09a9734",
    "color" : "#008D36",
    "position" : {
      "x" : 45.36068,
      "y" : 29.034441,
      "z" : -11.09017
    },
    "orientation" : 22
  }, {
    "shape" : "6183e7b6-eea7-48a2-8cd6-a770c09a9734",
    "color" : "#008D36",
    "position" : {
      "x" : 0.0,
      "y" : -30.652475,
      "z" : -44.36068
    },
    "orientation" : 40
  }, {
    "shape" : "6183e7b6-eea7-48a2-8cd6-a770c09a9734",
    "color" : "#008D36",
    "position" : {
      "x" : 30.652475,
      "y" : 0.0,
      "z" : -49.59675
    },
    "orientation" : 36
  }, {
    "shape" : "5cd0634a-3893-496a-a818-c6fa0ed20003",
    "color" : "#F2F2F2",
    "position" : {
      "x" : -9.472136,
      "y" : 23.798374,
      "z" : 46.978714
    }
  }, {
    "shape" : "6183e7b6-eea7-48a2-8cd6-a770c09a9734",
    "color" : "#008D36",
    "position" : {
      "x" : -38.506577,
      "y" : 31.652475,
      "z" : 20.562305
    },
    "orientation" : 37
  }, {
    "shape" : "6183e7b6-eea7-48a2-8cd6-a770c09a9734",
    "color" : "#008D36",
    "position" : {
      "x" : -29.034441,
      "y" : 38.506577,
      "z" : 23.18034
    },
    "orientation" : 33
  }, {
    "shape" : "4e6da538-58af-41ab-bbd3-59ae0cfd88bb",
    "color" : "#7FBACA",
    "position" : {
      "x" : -23.18034,
      "y" : 29.034441,
      "z" : 38.506577
    },
    "orientation" : 25
  }, {
    "shape" : "5cd0634a-3893-496a-a818-c6fa0ed20003",
    "color" : "#F2F2F2",
    "position" : {
      "x" : -33.27051,
      "y" : 9.472136,
      "z" : -42.742645
    }
  }, {
    "shape" : "6183e7b6-eea7-48a2-8cd6-a770c09a9734",
    "color" : "#008D36",
    "position" : {
      "x" : 49.59675,
      "y" : 30.652475,
      "z" : 0.0
    },
    "orientation" : 28
  }, {
    "shape" : "5cd0634a-3893-496a-a818-c6fa0ed20003",
    "color" : "#F2F2F2",
    "position" : {
      "x" : 9.472136,
      "y" : 42.742645,
      "z" : -33.27051
    }
  }, {
    "shape" : "e531ccbf-3369-49e4-b0b9-191a82d6b838",
    "color" : "#BA7F98",
    "position" : {
      "x" : 19.562305,
      "y" : 45.36068,
      "z" : -20.562305
    },
    "orientation" : 0
  }, {
    "shape" : "6183e7b6-eea7-48a2-8cd6-a770c09a9734",
    "color" : "#008D36",
    "position" : {
      "x" : -38.506577,
      "y" : -23.18034,
      "z" : 29.034441
    },
    "orientation" : 1
  }, {
    "shape" : "6183e7b6-eea7-48a2-8cd6-a770c09a9734",
    "color" : "#008D36",
    "position" : {
      "x" : -11.09017,
      "y" : 45.36068,
      "z" : -29.034441
    },
    "orientation" : 33
  }, {
    "shape" : "1741b1f4-7965-497e-89d6-8ec2939dbfcc",
    "color" : "#FFFFFF",
    "position" : {
      "x" : -23.18034,
      "y" : 29.034441,
      "z" : -38.506577
    },
    "orientation" : 37
  }, {
    "shape" : "6183e7b6-eea7-48a2-8cd6-a770c09a9734",
    "color" : "#008D36",
    "position" : {
      "x" : 46.978714,
      "y" : -9.472136,
      "z" : 23.798374
    },
    "orientation" : 41
  }, {
    "shape" : "6183e7b6-eea7-48a2-8cd6-a770c09a9734",
    "color" : "#008D36",
    "position" : {
      "x" : -30.652475,
      "y" : 0.0,
      "z" : 49.59675
    },
    "orientation" : 55
  }, {
    "shape" : "5cd0634a-3893-496a-a818-c6fa0ed20003",
    "color" : "#F2F2F2",
    "position" : {
      "x" : -31.652475,
      "y" : -20.562305,
      "z" : 38.506577
    }
  }, {
    "shape" : "5cd0634a-3893-496a-a818-c6fa0ed20003",
    "color" : "#F2F2F2",
    "position" : {
      "x" : -22.18034,
      "y" : 8.472136,
      "z" : 49.59675
    }
  }, {
    "shape" : "6183e7b6-eea7-48a2-8cd6-a770c09a9734",
    "color" : "#008D36",
    "position" : {
      "x" : -30.652475,
      "y" : 44.36068,
      "z" : 0.0
    },
    "orientation" : 11
  }, {
    "shape" : "5cd0634a-3893-496a-a818-c6fa0ed20003",
    "color" : "#F2F2F2",
    "position" : {
      "x" : 2.618034,
      "y" : 40.12461,
      "z" : 37.506577
    }
  }, {
    "shape" : "e531ccbf-3369-49e4-b0b9-191a82d6b838",
    "color" : "#BA7F98",
    "position" : {
      "x" : 40.12461,
      "y" : 12.09017,
      "z" : 33.27051
    },
    "orientation" : 6
  }, {
    "shape" : "6183e7b6-eea7-48a2-8cd6-a770c09a9734",
    "color" : "#008D36",
    "position" : {
      "x" : -40.12461,
      "y" : -12.09017,
      "z" : 33.27051
    },
    "orientation" : 56
  }, {
    "shape" : "5cd0634a-3893-496a-a818-c6fa0ed20003",
    "color" : "#F2F2F2",
    "position" : {
      "x" : -30.652475,
      "y" : -44.36068,
      "z" : 0.0
    }
  }, {
    "shape" : "6183e7b6-eea7-48a2-8cd6-a770c09a9734",
    "color" : "#008D36",
    "position" : {
      "x" : 23.18034,
      "y" : -29.034441,
      "z" : 38.506577
    },
    "orientation" : 19
  }, {
    "shape" : "1741b1f4-7965-497e-89d6-8ec2939dbfcc",
    "color" : "#FFFFFF",
    "position" : {
      "x" : 46.978714,
      "y" : 9.472136,
      "z" : 23.798374
    },
    "orientation" : 33
  }, {
    "shape" : "1741b1f4-7965-497e-89d6-8ec2939dbfcc",
    "color" : "#FFFFFF",
    "position" : {
      "x" : -9.472136,
      "y" : -23.798374,
      "z" : -46.978714
    },
    "orientation" : 10
  }, {
    "shape" : "6183e7b6-eea7-48a2-8cd6-a770c09a9734",
    "color" : "#008D36",
    "position" : {
      "x" : 0.0,
      "y" : -8.472136,
      "z" : -52.832817
    },
    "orientation" : 15
  }, {
    "shape" : "6183e7b6-eea7-48a2-8cd6-a770c09a9734",
    "color" : "#008D36",
    "position" : {
      "x" : 45.36068,
      "y" : -29.034441,
      "z" : -11.09017
    },
    "orientation" : 50
  }, {
    "shape" : "5cd0634a-3893-496a-a818-c6fa0ed20003",
    "color" : "#F2F2F2",
    "position" : {
      "x" : 38.506577,
      "y" : -31.652475,
      "z" : -20.562305
    }
  }, {
    "shape" : "6183e7b6-eea7-48a2-8cd6-a770c09a9734",
    "color" : "#008D36",
    "position" : {
      "x" : -33.27051,
      "y" : 40.12461,
      "z" : -12.09017
    },
    "orientation" : 9
  }, {
    "shape" : "6183e7b6-eea7-48a2-8cd6-a770c09a9734",
    "color" : "#008D36",
    "position" : {
      "x" : -19.562305,
      "y" : 45.36068,
      "z" : -20.562305
    },
    "orientation" : 33
  }, {
    "shape" : "6183e7b6-eea7-48a2-8cd6-a770c09a9734",
    "color" : "#008D36",
    "position" : {
      "x" : -46.978714,
      "y" : 9.472136,
      "z" : -23.798374
    },
    "orientation" : 13
  }, {
    "shape" : "5cd0634a-3893-496a-a818-c6fa0ed20003",
    "color" : "#F2F2F2",
    "position" : {
      "x" : 11.09017,
      "y" : 12.708204,
      "z" : 51.214783
    }
  }, {
    "shape" : "6183e7b6-eea7-48a2-8cd6-a770c09a9734",
    "color" : "#008D36",
    "position" : {
      "x" : -49.59675,
      "y" : -30.652475,
      "z" : 0.0
    },
    "orientation" : 17
  }, {
    "shape" : "e531ccbf-3369-49e4-b0b9-191a82d6b838",
    "color" : "#BA7F98",
    "position" : {
      "x" : -40.12461,
      "y" : -12.09017,
      "z" : 33.27051
    },
    "orientation" : 36
  }, {
    "shape" : "6183e7b6-eea7-48a2-8cd6-a770c09a9734",
    "color" : "#008D36",
    "position" : {
      "x" : 8.472136,
      "y" : 0.0,
      "z" : 52.832817
    },
    "orientation" : 0
  }, {
    "shape" : "6183e7b6-eea7-48a2-8cd6-a770c09a9734",
    "color" : "#008D36",
    "position" : {
      "x" : -8.472136,
      "y" : 52.832817,
      "z" : 0.0
    },
    "orientation" : 8
  }, {
    "shape" : "6183e7b6-eea7-48a2-8cd6-a770c09a9734",
    "color" : "#008D36",
    "position" : {
      "x" : 2.618034,
      "y" : 40.12461,
      "z" : -37.506577
    },
    "orientation" : 24
  }, {
    "shape" : "6183e7b6-eea7-48a2-8cd6-a770c09a9734",
    "color" : "#008D36",
    "position" : {
      "x" : 0.0,
      "y" : -8.472136,
      "z" : -52.832817
    },
    "orientation" : 51
  }, {
    "shape" : "5cd0634a-3893-496a-a818-c6fa0ed20003",
    "color" : "#F2F2F2",
    "position" : {
      "x" : -4.236068,
      "y" : 51.214783,
      "z" : -19.562305
    }
  }, {
    "shape" : "4e6da538-58af-41ab-bbd3-59ae0cfd88bb",
    "color" : "#7FBACA",
    "position" : {
      "x" : 38.506577,
      "y" : 23.18034,
      "z" : -29.034441
    },
    "orientation" : 41
  }, {
    "shape" : "5cd0634a-3893-496a-a818-c6fa0ed20003",
    "color" : "#F2F2F2",
    "position" : {
      "x" : 29.034441,
      "y" : -11.09017,
      "z" : 45.36068
    }
  }, {
    "shape" : "30697967-5785-49f7-b181-cfb3874e2469",
    "color" : "#FFFFFF",
    "position" : {
      "x" : 29.034441,
      "y" : -38.506577,
      "z" : 23.18034
    },
    "orientation" : 21
  }, {
    "shape" : "6183e7b6-eea7-48a2-8cd6-a770c09a9734",
    "color" : "#008D36",
    "position" : {
      "x" : 33.27051,
      "y" : 9.472136,
      "z" : -42.742645
    },
    "orientation" : 1
  }, {
    "shape" : "30697967-5785-49f7-b181-cfb3874e2469",
    "color" : "#FFFFFF",
    "position" : {
      "x" : 52.832817,
      "y" : 0.0,
      "z" : 8.472136
    },
    "orientation" : 0
  }, {
    "shape" : "6183e7b6-eea7-48a2-8cd6-a770c09a9734",
    "color" : "#008D36",
    "position" : {
      "x" : 0.0,
      "y" : -52.832817,
      "z" : -8.472136
    },
    "orientation" : 8
  }, {
    "shape" : "6183e7b6-eea7-48a2-8cd6-a770c09a9734",
    "color" : "#008D36",
    "position" : {
      "x" : 23.798374,
      "y" : 46.978714,
      "z" : -9.472136
    },
    "orientation" : 24
  }, {
    "shape" : "5ec77fb8-1c57-460e-96ce-f7f16224b0d1",
    "color" : "#7FBACA",
    "position" : {
      "x" : -8.472136,
      "y" : 52.832817,
      "z" : 0.0
    },
    "orientation" : 16
  }, {
    "shape" : "fd0ca8b1-876e-4919-88e4-036432cb916b",
    "color" : "#D7C3FF",
    "position" : {
      "x" : 38.506577,
      "y" : 31.652475,
      "z" : 20.562305
    },
    "orientation" : 4
  }, {
    "shape" : "30697967-5785-49f7-b181-cfb3874e2469",
    "color" : "#FFFFFF",
    "position" : {
      "x" : 9.472136,
      "y" : -23.798374,
      "z" : 46.978714
    },
    "orientation" : 5
  }, {
    "shape" : "6183e7b6-eea7-48a2-8cd6-a770c09a9734",
    "color" : "#008D36",
    "position" : {
      "x" : -30.652475,
      "y" : 0.0,
      "z" : -49.59675
    },
    "orientation" : 41
  }, {
