{
  "polygons" : "true",
  "field" : "golden",
  "symmetry" : "icosahedral",
  "orientations" : [ [ 1.0, 0.0, 0.0, 0.0, 0.0, 1.0, 0.0, 0.0, 0.0, 0.0, 1.0, 0.0, 0.0, 0.0, 0.0, 1.0 ], [ 0.0, 0.0, 1.0, 0.0, 1.0, 0.0, 0.0, 0.0, 0.0, 1.0, 0.0, 0.0, 0.0, 0.0, 0.0, 1.0 ], [ 0.0, 1.0, 0.0, 0.0, 0.0, 0.0, 1.0, 0.0, 1.0, 0.0, 0.0, 0.0, 0.0, 0.0, 0.0, 1.0 ], [ 0.809017, 0.309017, 0.5, 0.0, 0.309017, 0.5, -0.809017, 0.0, -0.5, 0.809017, 0.309017, 0.0, 0.0, 0.0, 0.0, 1.0 ], [ -0.5, 0.809017, 0.309017, 0.0, 0.809017, 0.309017, 0.5, 0.0, 0.309017, 0.5, -0.809017, 0.0, 0.0, 0.0, 0.0, 1.0 ], [ 0.309017, 0.5, -0.809017, 0.0, -0.5, 0.809017, 0.309017, 0.0, 0.809017, 0.309017, 0.5, 0.0, 0.0, 0.0, 0.0, 1.0 ], [ 0.5, 0.809017, 0.309017, 0.0, 0.809017, -0.309017, -0.5, 0.0, -0.309017, 0.5, -0.809017, 0.0, 0.0, 0.0, 0.0, 1.0 ], [ -0.309017, 0.5, -0.809017, 0.0, 0.5, 0.809017, 0.309017, 0.0, 0.809017, -0.309017, -0.5, 0.0, 0.0, 0.0, 0.0, 1.0 ], [ 0.809017, -0.309017, -0.5, 0.0, -0.309017, 0.5, -0.809017, 0.0, 0.5, 0.809017, 0.309017, 0.0, 0.0, 0.0, 0.0, 1.0 ], [ 0.5, 0.809017, -0.309017, 0.0, 0.809017, -0.309017, 0.5, 0.0, 0.309017, -0.5, -0.809017, 0.0, 0.0, 0.0, 0.0, 1.0 ], [ 0.309017, -0.5, -0.809017, 0.0, 0.5, 0.809017, -0.309017, 0.0, 0.809017, -0.309017, 0.5, 0.0, 0.0, 0.0, 0.0, 1.0 ], [ 0.809017, -0.309017, 0.5, 0.0, 0.309017, -0.5, -0.809017, 0.0, 0.5, 0.809017, -0.309017, 0.0, 0.0, 0.0, 0.0, 1.0 ], [ 0.809017, 0.309017, -0.5, 0.0, 0.309017, 0.5, 0.809017, 0.0, 0.5, -0.809017, 0.309017, 0.0, 0.0, 0.0, 0.0, 1.0 ], [ 0.5, -0.809017, 0.309017, 0.0, 0.809017, 0.309017, -0.5, 0.0, 0.309017, 0.5, 0.809017, 0.0, 0.0, 0.0, 0.0, 1.0 ], [ 0.309017, 0.5, 0.809017, 0.0, 0.5, -0.809017, 0.309017, 0.0, 0.809017, 0.309017, -0.5, 0.0, 0.0, 0.0, 0.0, 1.0 ], [ 1.0, 0.0, 0.0, 0.0, 0.0, -1.0, 0.0, 0.0, 0.0, 0.0, -1.0, 0.0, 0.0, 0.0, 0.0, 1.0 ], [ 0.0, 0.0, 1.0, 0.0, -1.0, 0.0, 0.0, 0.0, 0.0, -1.0, 0.0, 0.0, 0.0, 0.0, 0.0, 1.0 ], [ 0.0, 1.0, 0.0, 0.0, 0.0, 0.0, -1.0, 0.0, -1.0, 0.0, 0.0, 0.0, 0.0, 0.0, 0.0, 1.0 ], [ 0.809017, 0.309017, 0.5, 0.0, -0.309017, -0.5, 0.809017, 0.0, 0.5, -0.809017, -0.309017, 0.0, 0.0, 0.0, 0.0, 1.0 ], [ -0.5, 0.809017, 0.309017, 0.0, -0.809017, -0.309017, -0.5, 0.0, -0.309017, -0.5, 0.809017, 0.0, 0.0, 0.0, 0.0, 1.0 ], [ 0.309017, 0.5, -0.809017, 0.0, 0.5, -0.809017, -0.309017, 0.0, -0.809017, -0.309017, -0.5, 0.0, 0.0, 0.0, 0.0, 1.0 ], [ 0.5, 0.809017, 0.309017, 0.0, -0.809017, 0.309017, 0.5, 0.0, 0.309017, -0.5, 0.809017, 0.0, 0.0, 0.0, 0.0, 1.0 ], [ -0.309017, 0.5, -0.809017, 0.0, -0.5, -0.809017, -0.309017, 0.0, -0.809017, 0.309017, 0.5, 0.0, 0.0, 0.0, 0.0, 1.0 ], [ 0.809017, -0.309017, -0.5, 0.0, 0.309017, -0.5, 0.809017, 0.0, -0.5, -0.809017, -0.309017, 0.0, 0.0, 0.0, 0.0, 1.0 ], [ 0.5, 0.809017, -0.309017, 0.0, -0.809017, 0.309017, -0.5, 0.0, -0.309017, 0.5, 0.809017, 0.0, 0.0, 0.0, 0.0, 1.0 ], [ 0.309017, -0.5, -0.809017, 0.0, -0.5, -0.809017, 0.309017, 0.0, -0.809017, 0.309017, -0.5, 0.0, 0.0, 0.0, 0.0, 1.0 ], [ 0.809017, -0.309017, 0.5, 0.0, -0.309017, 0.5, 0.809017, 0.0, -0.5, -0.809017, 0.309017, 0.0, 0.0, 0.0, 0.0, 1.0 ], [ 0.809017, 0.309017, -0.5, 0.0, -0.309017, -0.5, -0.809017, 0.0, -0.5, 0.809017, -0.309017, 0.0, 0.0, 0.0, 0.0, 1.0 ], [ 0.5, -0.809017, 0.309017, 0.0, -0.809017, -0.309017, 0.5, 0.0, -0.309017, -0.5, -0.809017, 0.0, 0.0, 0.0, 0.0, 1.0 ], [ 0.309017, 0.5, 0.809017, 0.0, -0.5, 0.809017, -0.309017, 0.0, -0.809017, -0.309017, 0.5, 0.0, 0.0, 0.0, 0.0, 1.0 ], [ -1.0, 0.0, 0.0, 0.0, 0.0, -1.0, 0.0, 0.0, 0.0, 0.0, 1.0, 0.0, 0.0, 0.0, 0.0, 1.0 ], [ 0.0, 0.0, -1.0, 0.0, -1.0, 0.0, 0.0, 0.0, 0.0, 1.0, 0.0, 0.0, 0.0, 0.0, 0.0, 1.0 ], [ 0.0, -1.0, 0.0, 0.0, 0.0, 0.0, -1.0, 0.0, 1.0, 0.0, 0.0, 0.0, 0.0, 0.0, 0.0, 1.0 ], [ -0.809017, -0.309017, -0.5, 0.0, -0.309017, -0.5, 0.809017, 0.0, -0.5, 0.809017, 0.309017, 0.0, 0.0, 0.0, 0.0, 1.0 ], [ 0.5, -0.809017, -0.309017, 0.0, -0.809017, -0.309017, -0.5, 0.0, 0.309017, 0.5, -0.809017, 0.0, 0.0, 0.0, 0.0, 1.0 ], [ -0.309017, -0.5, 0.809017, 0.0, 0.5, -0.809017, -0.309017, 0.0, 0.809017, 0.309017, 0.5, 0.0, 0.0, 0.0, 0.0, 1.0 ], [ -0.5, -0.809017, -0.309017, 0.0, -0.809017, 0.309017, 0.5, 0.0, -0.309017, 0.5, -0.809017, 0.0, 0.0, 0.0, 0.0, 1.0 ], [ 0.309017, -0.5, 0.809017, 0.0, -0.5, -0.809017, -0.309017, 0.0, 0.809017, -0.309017, -0.5, 0.0, 0.0, 0.0, 0.0, 1.0 ], [ -0.809017, 0.309017, 0.5, 0.0, 0.309017, -0.5, 0.809017, 0.0, 0.5, 0.809017, 0.309017, 0.0, 0.0, 0.0, 0.0, 1.0 ], [ -0.5, -0.809017, 0.309017, 0.0, -0.809017, 0.309017, -0.5, 0.0, 0.309017, -0.5, -0.809017, 0.0, 0.0, 0.0, 0.0, 1.0 ], [ -0.309017, 0.5, 0.809017, 0.0, -0.5, -0.809017, 0.309017, 0.0, 0.809017, -0.309017, 0.5, 0.0, 0.0, 0.0, 0.0, 1.0 ], [ -0.809017, 0.309017, -0.5, 0.0, -0.309017, 0.5, 0.809017, 0.0, 0.5, 0.809017, -0.309017, 0.0, 0.0, 0.0, 0.0, 1.0 ], [ -0.809017, -0.309017, 0.5, 0.0, -0.309017, -0.5, -0.809017, 0.0, 0.5, -0.809017, 0.309017, 0.0, 0.0, 0.0, 0.0, 1.0 ], [ -0.5, 0.809017, -0.309017, 0.0, -0.809017, -0.309017, 0.5, 0.0, 0.309017, 0.5, 0.809017, 0.0, 0.0, 0.0, 0.0, 1.0 ], [ -0.309017, -0.5, -0.809017, 0.0, -0.5, 0.809017, -0.309017, 0.0, 0.809017, 0.309017, -0.5, 0.0, 0.0, 0.0, 0.0, 1.0 ], [ -1.0, 0.0, 0.0, 0.0, 0.0, 1.0, 0.0, 0.0, 0.0, 0.0, -1.0, 0.0, 0.0, 0.0, 0.0, 1.0 ], [ 0.0, 0.0, -1.0, 0.0, 1.0, 0.0, 0.0, 0.0, 0.0, -1.0, 0.0, 0.0, 0.0, 0.0, 0.0, 1.0 ], [ 0.0, -1.0, 0.0, 0.0, 0.0, 0.0, 1.0, 0.0, -1.0, 0.0, 0.0, 0.0, 0.0, 0.0, 0.0, 1.0 ], [ -0.809017, -0.309017, -0.5, 0.0, 0.309017, 0.5, -0.809017, 0.0, 0.5, -0.809017, -0.309017, 0.0, 0.0, 0.0, 0.0, 1.0 ], [ 0.5, -0.809017, -0.309017, 0.0, 0.809017, 0.309017, 0.5, 0.0, -0.309017, -0.5, 0.809017, 0.0, 0.0, 0.0, 0.0, 1.0 ], [ -0.309017, -0.5, 0.809017, 0.0, -0.5, 0.809017, 0.309017, 0.0, -0.809017, -0.309017, -0.5, 0.0, 0.0, 0.0, 0.0, 1.0 ], [ -0.5, -0.809017, -0.309017, 0.0, 0.809017, -0.309017, -0.5, 0.0, 0.309017, -0.5, 0.809017, 0.0, 0.0, 0.0, 0.0, 1.0 ], [ 0.309017, -0.5, 0.809017, 0.0, 0.5, 0.809017, 0.309017, 0.0, -0.809017, 0.309017, 0.5, 0.0, 0.0, 0.0, 0.0, 1.0 ], [ -0.809017, 0.309017, 0.5, 0.0, -0.309017, 0.5, -0.809017, 0.0, -0.5, -0.809017, -0.309017, 0.0, 0.0, 0.0, 0.0, 1.0 ], [ -0.5, -0.809017, 0.309017, 0.0, 0.809017, -0.309017, 0.5, 0.0, -0.309017, 0.5, 0.809017, 0.0, 0.0, 0.0, 0.0, 1.0 ], [ -0.309017, 0.5, 0.809017, 0.0, 0.5, 0.809017, -0.309017, 0.0, -0.809017, 0.309017, -0.5, 0.0, 0.0, 0.0, 0.0, 1.0 ], [ -0.809017, 0.309017, -0.5, 0.0, 0.309017, -0.5, -0.809017, 0.0, -0.5, -0.809017, 0.309017, 0.0, 0.0, 0.0, 0.0, 1.0 ], [ -0.809017, -0.309017, 0.5, 0.0, 0.309017, 0.5, 0.809017, 0.0, -0.5, 0.809017, -0.309017, 0.0, 0.0, 0.0, 0.0, 1.0 ], [ -0.5, 0.809017, -0.309017, 0.0, 0.809017, 0.309017, -0.5, 0.0, -0.309017, -0.5, -0.809017, 0.0, 0.0, 0.0, 0.0, 1.0 ], [ -0.309017, -0.5, -0.809017, 0.0, 0.5, -0.809017, 0.309017, 0.0, -0.809017, -0.309017, 0.5, 0.0, 0.0, 0.0, 0.0, 1.0 ] ],
  "lights" : {
    "ambientColor" : "#292929",
    "backgroundColor" : "#AFC8DC",
    "directionalLights" : [ {
      "direction" : [ 1.0, -1.0, -1.0 ],
      "color" : "#EBEBE4"
    }, {
      "direction" : [ -1.0, 0.0, 0.0 ],
      "color" : "#E4E4EB"
    }, {
      "direction" : [ 0.0, 0.0, -1.0 ],
      "color" : "#1E1E1E"
    } ]
  },
  "camera" : {
    "fieldOfView" : 0.44262874,
    "perspective" : false,
    "lookDirectionRV" : {
      "x" : -0.008606141,
      "y" : 0.011833581,
      "z" : -0.9998942,
      "zero" : false
    },
    "lookAtPointRV" : {
      "x" : 0.0,
      "y" : 0.0,
      "z" : 0.0,
      "zero" : true
    },
    "upDirectionRV" : {
      "x" : 0.0150016025,
      "y" : 0.99982446,
      "z" : 0.01170219,
      "zero" : false
    },
    "viewDistance" : 141.01686,
    "lookAtPoint" : {
      "x" : 0.0,
      "y" : 0.0,
      "z" : 0.0
    },
    "lookDirection" : {
      "x" : -0.008606141,
      "y" : 0.011833581,
      "z" : -0.9998942
    },
    "upDirection" : {
      "x" : 0.0150016025,
      "y" : 0.99982446,
      "z" : 0.01170219
    },
    "nearClipDistance" : 0.3525423,
    "farClipDistance" : 282.03418,
    "stereo" : false,
    "width" : 63.457565,
    "position" : {
      "x" : 1.213611,
      "y" : -1.6687344,
      "z" : 141.00194
    }
  },
  "embedding" : [ 1.0, 0.0, 0.0, 0.0, 0.0, 1.0, 0.0, 0.0, 0.0, 0.0, 1.0, 0.0, 0.0, 0.0, 0.0, 1.0 ],
  "shapes" : [ {
    "id" : "c658e975-0e4d-4c2b-90e9-edcffbb3dd15",
    "name" : "ball",
    "vertices" : [ {
      "x" : 0.309017,
      "y" : -0.309017,
      "z" : -0.309017
    }, {
      "x" : 0.5,
      "y" : 0.0,
      "z" : -0.19098301
    }, {
      "x" : 0.5,
      "y" : 0.0,
      "z" : 0.19098301
    }, {
      "x" : 0.309017,
      "y" : -0.309017,
      "z" : 0.309017
    }, {
      "x" : 0.19098301,
      "y" : -0.5,
      "z" : 0.0
    }, {
      "x" : 0.0,
      "y" : 0.19098301,
      "z" : 0.5
    }, {
      "x" : 0.0,
      "y" : -0.19098301,
      "z" : 0.5
    }, {
      "x" : 0.309017,
      "y" : 0.309017,
      "z" : 0.309017
    }, {
      "x" : -0.309017,
      "y" : -0.309017,
      "z" : 0.309017
    }, {
      "x" : -0.309017,
      "y" : 0.309017,
      "z" : 0.309017
    }, {
      "x" : -0.5,
      "y" : 0.0,
      "z" : 0.19098301
    }, {
      "x" : 0.0,
      "y" : -0.19098301,
      "z" : -0.5
    }, {
      "x" : 0.0,
      "y" : 0.19098301,
      "z" : -0.5
    }, {
      "x" : 0.309017,
      "y" : 0.309017,
      "z" : -0.309017
    }, {
      "x" : -0.309017,
      "y" : -0.309017,
      "z" : -0.309017
    }, {
      "x" : -0.19098301,
      "y" : -0.5,
      "z" : 0.0
    }, {
      "x" : -0.5,
      "y" : 0.0,
      "z" : -0.19098301
    }, {
      "x" : 0.19098301,
      "y" : 0.5,
      "z" : 0.0
    }, {
      "x" : -0.309017,
      "y" : 0.309017,
      "z" : -0.309017
    }, {
      "x" : 0.0,
      "y" : 0.0,
      "z" : 0.0
    }, {
      "x" : -0.19098301,
      "y" : 0.5,
      "z" : 0.0
    } ],
    "faces" : [ {
      "vertices" : [ 12, 18, 20, 17, 13 ]
    }, {
      "vertices" : [ 3, 6, 8, 15, 4 ]
    }, {
      "vertices" : [ 0, 11, 12, 13, 1 ]
    }, {
      "vertices" : [ 5, 9, 10, 8, 6 ]
    }, {
      "vertices" : [ 2, 7, 5, 6, 3 ]
    }, {
      "vertices" : [ 11, 14, 16, 18, 12 ]
    }, {
      "vertices" : [ 1, 13, 17, 7, 2 ]
    }, {
      "vertices" : [ 9, 20, 18, 16, 10 ]
    }, {
      "vertices" : [ 0, 1, 2, 3, 4 ]
    }, {
      "vertices" : [ 5, 7, 17, 20, 9 ]
    }, {
      "vertices" : [ 0, 4, 15, 14, 11 ]
    }, {
      "vertices" : [ 8, 10, 16, 14, 15 ]
    } ]
  }, {
    "id" : "b3c366cd-307b-4b94-b62c-73e5a7f997a6",
    "orbit" : "blue",
    "orbitC" : "[[0,0,1],[0,0,1]]",
    "length" : "[-1,1,1]",
    "name" : "b0",
    "vertices" : [ {
      "x" : 1.0,
      "y" : 0.309017,
      "z" : 0.19098301
    }, {
      "x" : 1.0,
      "y" : -0.309017,
      "z" : 0.19098301
    }, {
      "x" : 4.236068,
      "y" : -0.309017,
      "z" : 0.19098301
    }, {
      "x" : 4.236068,
      "y" : 0.309017,
      "z" : 0.19098301
    }, {
      "x" : 4.236068,
      "y" : -0.309017,
      "z" : -0.19098301
    }, {
      "x" : 4.236068,
      "y" : 0.309017,
      "z" : -0.19098301
    }, {
      "x" : 4.854102,
      "y" : 0.0,
      "z" : 0.0
    }, {
      "x" : 0.38196602,
      "y" : 0.0,
      "z" : 0.0
    }, {
      "x" : 1.0,
      "y" : 0.309017,
      "z" : -0.19098301
    }, {
      "x" : 1.0,
      "y" : -0.309017,
      "z" : -0.19098301
    }, {
      "x" : 5.236068,
      "y" : 0.0,
      "z" : 0.0
    } ],
    "faces" : [ {
      "vertices" : [ 1, 9, 4, 2 ]
    }, {
      "vertices" : [ 0, 3, 5, 8 ]
    }, {
      "vertices" : [ 1, 7, 9 ]
    }, {
      "vertices" : [ 0, 1, 2, 3 ]
    }, {
      "vertices" : [ 7, 8, 9 ]
    }, {
      "vertices" : [ 0, 7, 1 ]
    }, {
      "vertices" : [ 4, 9, 8, 5 ]
    }, {
      "vertices" : [ 2, 6, 3 ]
    }, {
      "vertices" : [ 2, 4, 6 ]
    }, {
      "vertices" : [ 3, 6, 5 ]
    }, {
      "vertices" : [ 4, 5, 6 ]
    }, {
      "vertices" : [ 0, 8, 7 ]
    } ]
  }, {
    "id" : "e6b860c3-2143-4a4e-916d-5c5de5c1db47",
    "vertices" : [ {
      "x" : 0.0,
      "y" : 0.0,
      "z" : 0.0
    }, {
      "x" : 0.0,
      "y" : 5.236068,
      "z" : 2.618034
    }, {
      "x" : 0.0,
      "y" : 0.0,
      "z" : 5.236068
    } ],
    "faces" : [ {
      "vertices" : [ 0, 1, 2 ]
    }, {
      "vertices" : [ 0, 2, 1 ]
    } ]
  }, {
    "id" : "d8096343-4a4b-4409-8b58-de67f360ed42",
    "vertices" : [ {
      "x" : 0.0,
      "y" : 0.0,
      "z" : 0.0
    }, {
      "x" : -1.809017,
      "y" : -2.927051,
      "z" : -4.736068
    }, {
      "x" : -1.809017,
      "y" : 2.927051,
      "z" : -4.736068
    } ],
    "faces" : [ {
      "vertices" : [ 0, 1, 2 ]
    }, {
      "vertices" : [ 0, 2, 1 ]
    } ]
  }, {
    "id" : "4eba4f99-d357-4a6c-9f62-a2f34a0abdd8",
    "vertices" : [ {
      "x" : 0.0,
      "y" : 0.0,
      "z" : 0.0
    }, {
      "x" : 0.5,
      "y" : 5.045085,
      "z" : -2.927051
    }, {
      "x" : -1.118034,
      "y" : 7.663119,
      "z" : 1.309017
    }, {
      "x" : -1.618034,
      "y" : 2.618034,
      "z" : 4.236068
    } ],
    "faces" : [ {
      "vertices" : [ 0, 1, 2, 3 ]
    }, {
      "vertices" : [ 0, 3, 2, 1 ]
    } ]
  }, {
    "id" : "352a52be-47ca-4b2e-b82a-9e4a7f7dd16f",
    "orbit" : "0",
    "orbitC" : "[[1,0,2],[0,0,1]]",
    "length" : "[1,0,1]",
    "name" : "short",
    "vertices" : [ {
      "x" : 2.4925938,
      "y" : 0.17620121,
      "z" : 4.6352787
    }, {
      "x" : 2.3925936,
      "y" : 0.5762012,
      "z" : 4.535279
    }, {
      "x" : 0.43445724,
      "y" : 0.32379878,
      "z" : 0.40980613
    }, {
      "x" : 0.53445727,
      "y" : -0.076201215,
      "z" : 0.50980616
    }, {
      "x" : 2.6925938,
      "y" : 0.7095345,
      "z" : 4.3019457
    }, {
      "x" : 2.7925937,
      "y" : 0.30953455,
      "z" : 4.4019456
    }, {
      "x" : 0.23445725,
      "y" : -0.20953454,
      "z" : 0.74313945
    }, {
      "x" : 0.13445726,
      "y" : 0.19046545,
      "z" : 0.6431395
    } ],
    "faces" : [ {
      "vertices" : [ 2, 3, 6, 7 ]
    }, {
      "vertices" : [ 0, 5, 4, 1 ]
    }, {
      "vertices" : [ 2, 4, 5, 3 ]
    }, {
      "vertices" : [ 0, 6, 3, 5 ]
    }, {
      "vertices" : [ 0, 1, 7, 6 ]
    }, {
      "vertices" : [ 1, 4, 2, 7 ]
    } ]
  }, {
    "id" : "3d99ecc3-7165-41ce-922d-764194d2c703",
    "vertices" : [ {
      "x" : 0.0,
      "y" : 0.0,
      "z" : 0.0
    }, {
      "x" : 0.0,
      "y" : -5.236068,
      "z" : -2.618034
    }, {
      "x" : 0.0,
      "y" : 0.0,
      "z" : -5.236068
    } ],
    "faces" : [ {
      "vertices" : [ 0, 1, 2 ]
    }, {
      "vertices" : [ 0, 2, 1 ]
    } ]
  }, {
    "id" : "b93e1ffe-f6c4-4143-8e3c-258446275f8c",
    "orbit" : "blue",
    "orbitC" : "[[0,0,1],[0,0,1]]",
    "length" : "[3,-1,2]",
    "name" : " :3/2 -1/2*phi",
    "vertices" : [ {
      "x" : 1.0,
      "y" : 0.309017,
      "z" : 0.19098301
    }, {
      "x" : 1.0,
      "y" : -0.309017,
      "z" : 0.19098301
    }, {
      "x" : 4.854102,
      "y" : -0.309017,
      "z" : 0.19098301
    }, {
      "x" : 4.854102,
      "y" : 0.309017,
      "z" : 0.19098301
    }, {
      "x" : 4.854102,
      "y" : -0.309017,
      "z" : -0.19098301
    }, {
      "x" : 4.854102,
      "y" : 0.309017,
      "z" : -0.19098301
    }, {
      "x" : 5.472136,
      "y" : 0.0,
      "z" : 0.0
    }, {
      "x" : 0.38196602,
      "y" : 0.0,
      "z" : 0.0
    }, {
      "x" : 1.0,
      "y" : 0.309017,
      "z" : -0.19098301
    }, {
      "x" : 1.0,
      "y" : -0.309017,
      "z" : -0.19098301
    }, {
      "x" : 5.854102,
      "y" : 0.0,
      "z" : 0.0
    } ],
    "faces" : [ {
      "vertices" : [ 1, 9, 4, 2 ]
    }, {
      "vertices" : [ 0, 3, 5, 8 ]
    }, {
      "vertices" : [ 1, 7, 9 ]
    }, {
      "vertices" : [ 0, 1, 2, 3 ]
    }, {
      "vertices" : [ 7, 8, 9 ]
    }, {
      "vertices" : [ 0, 7, 1 ]
    }, {
      "vertices" : [ 4, 9, 8, 5 ]
    }, {
      "vertices" : [ 2, 6, 3 ]
    }, {
      "vertices" : [ 2, 4, 6 ]
    }, {
      "vertices" : [ 3, 6, 5 ]
    }, {
      "vertices" : [ 4, 5, 6 ]
    }, {
      "vertices" : [ 0, 8, 7 ]
    } ]
  }, {
    "id" : "027222b7-4612-4f71-899c-6c850eb6d38c",
    "vertices" : [ {
      "x" : 0.0,
      "y" : 0.0,
      "z" : 0.0
    }, {
      "x" : 0.5,
      "y" : 5.045085,
      "z" : -2.927051
    }, {
      "x" : 0.5,
      "y" : 5.045085,
      "z" : 2.927051
    } ],
    "faces" : [ {
      "vertices" : [ 0, 1, 2 ]
    }, {
      "vertices" : [ 0, 2, 1 ]
    } ]
  }, {
    "id" : "f3114fbe-e7d0-4181-a756-8c6318ca83e6",
    "vertices" : [ {
      "x" : 0.0,
      "y" : 0.0,
      "z" : 0.0
    }, {
      "x" : 0.0,
      "y" : -5.236068,
      "z" : 0.0
    }, {
      "x" : -1.618034,
      "y" : -2.618034,
      "z" : -4.236068
    } ],
    "faces" : [ {
      "vertices" : [ 0, 1, 2 ]
    }, {
      "vertices" : [ 0, 2, 1 ]
    } ]
  }, {
    "id" : "2d64de88-c6ac-4498-ba6c-cdcfc64cae79",
    "vertices" : [ {
      "x" : 0.0,
      "y" : 0.0,
      "z" : 0.0
    }, {
      "x" : 1.618034,
      "y" : 2.618034,
      "z" : 4.236068
    }, {
      "x" : 1.618034,
      "y" : -2.618034,
      "z" : 4.236068
    } ],
    "faces" : [ {
      "vertices" : [ 0, 1, 2 ]
    }, {
      "vertices" : [ 0, 2, 1 ]
    } ]
  }, {
    "id" : "d4343acb-20f6-49b1-a4fa-251535edf368",
    "vertices" : [ {
      "x" : 0.0,
      "y" : 0.0,
      "z" : 0.0
    }, {
      "x" : -1.618034,
      "y" : 2.618034,
      "z" : -4.236068
    }, {
      "x" : 0.0,
      "y" : 5.236068,
      "z" : 0.0
    } ],
    "faces" : [ {
      "vertices" : [ 0, 1, 2 ]
    }, {
      "vertices" : [ 0, 2, 1 ]
    } ]
  }, {
    "id" : "b835fdb8-0dc1-4472-a669-024a43b99770",
    "orbit" : "lavender",
    "orbitC" : "[[-3,2,1],[-3,2,1]]",
    "length" : "[0,1,1]",
    "name" : "medium",
    "vertices" : [ {
      "x" : 2.527864,
      "y" : 10.708204,
      "z" : 2.527864
    }, {
      "x" : 2.190983,
      "y" : 10.09017,
      "z" : 2.072949
    }, {
      "x" : 2.072949,
      "y" : 10.281153,
      "z" : 2.381966
    }, {
      "x" : 0.090169944,
      "y" : 0.38196602,
      "z" : 0.090169944
    }, {
      "x" : -0.072949015,
      "y" : 1.190983,
      "z" : 0.23606798
    }, {
      "x" : 0.045084972,
      "y" : 1.0,
      "z" : -0.072949015
    }, {
      "x" : 2.572949,
      "y" : 10.09017,
      "z" : 2.690983
    }, {
      "x" : 0.54508495,
      "y" : 0.809017,
      "z" : 0.23606798
    }, {
      "x" : 2.690983,
      "y" : 9.899187,
      "z" : 2.381966
    }, {
      "x" : 2.618034,
      "y" : 11.09017,
      "z" : 2.618034
    }, {
      "x" : 0.42705098,
      "y" : 1.0,
      "z" : 0.54508495
    } ],
    "faces" : [ {
      "vertices" : [ 3, 10, 4 ]
    }, {
      "vertices" : [ 0, 1, 2 ]
    }, {
      "vertices" : [ 3, 7, 10 ]
    }, {
      "vertices" : [ 1, 8, 7, 5 ]
    }, {
      "vertices" : [ 2, 4, 10, 6 ]
    }, {
      "vertices" : [ 0, 2, 6 ]
    }, {
      "vertices" : [ 0, 8, 1 ]
    }, {
      "vertices" : [ 3, 4, 5 ]
    }, {
      "vertices" : [ 1, 5, 4, 2 ]
    }, {
      "vertices" : [ 0, 6, 8 ]
    }, {
      "vertices" : [ 6, 10, 7, 8 ]
    }, {
      "vertices" : [ 3, 5, 7 ]
    } ]
  } ],
  "instances" : [ {
    "shape" : "c658e975-0e4d-4c2b-90e9-edcffbb3dd15",
    "color" : "#F2F2F2",
    "position" : {
      "x" : 11.09017,
      "y" : 2.618034,
      "z" : 2.618034
    }
  }, {
    "shape" : "b3c366cd-307b-4b94-b62c-73e5a7f997a6",
    "color" : "#008EC2",
    "position" : {
      "x" : 7.354102,
      "y" : -14.5172205,
      "z" : -2.927051
    },
    "orientation" : 52
  }, {
    "shape" : "e6b860c3-2143-4a4e-916d-5c5de5c1db47",
    "color" : "#7FC6E0",
    "position" : {
      "x" : -8.472136,
      "y" : 6.854102,
      "z" : -4.236068
    },
    "orientation" : 39
  }, {
    "shape" : "c658e975-0e4d-4c2b-90e9-edcffbb3dd15",
    "color" : "#F2F2F2",
    "position" : {
      "x" : 6.854102,
      "y" : -4.236068,
      "z" : 8.472136
    }
  }, {
    "shape" : "b3c366cd-307b-4b94-b62c-73e5a7f997a6",
    "color" : "#008EC2",
    "position" : {
      "x" : -7.163119,
      "y" : -8.972136,
      "z" : 11.899187
    },
    "orientation" : 11
  }, {
    "shape" : "d8096343-4a4b-4409-8b58-de67f360ed42",
    "color" : "#FFD98C",
    "position" : {
      "x" : -2.618034,
      "y" : -16.326239,
      "z" : 0.0
    },
    "orientation" : 16
  }, {
    "shape" : "4eba4f99-d357-4a6c-9f62-a2f34a0abdd8",
    "color" : "#D7EFF2",
    "position" : {
      "x" : -2.618034,
      "y" : -2.618034,
      "z" : 11.09017
    },
    "orientation" : 41
  }, {
    "shape" : "b3c366cd-307b-4b94-b62c-73e5a7f997a6",
    "color" : "#008EC2",
    "position" : {
      "x" : 4.236068,
      "y" : -8.472136,
      "z" : 6.854102
    },
    "orientation" : 38
  }, {
    "shape" : "c658e975-0e4d-4c2b-90e9-edcffbb3dd15",
    "color" : "#F2F2F2",
    "position" : {
      "x" : -2.618034,
      "y" : -11.09017,
      "z" : 2.618034
    }
  }, {
    "shape" : "352a52be-47ca-4b2e-b82a-9e4a7f7dd16f",
    "color" : "#B8860B",
    "position" : {
      "x" : 8.972136,
      "y" : 11.899187,
      "z" : 7.163119
    },
    "orientation" : 34
  }, {
    "shape" : "c658e975-0e4d-4c2b-90e9-edcffbb3dd15",
    "color" : "#F2F2F2",
    "position" : {
      "x" : -2.618034,
      "y" : 2.618034,
      "z" : 11.09017
    }
  }, {
    "shape" : "3d99ecc3-7165-41ce-922d-764194d2c703",
    "color" : "#7FC6E0",
    "position" : {
      "x" : 9.472136,
      "y" : 0.0,
      "z" : 6.854102
    },
    "orientation" : 51
  }, {
    "shape" : "b93e1ffe-f6c4-4143-8e3c-258446275f8c",
    "color" : "#008EC2",
    "position" : {
      "x" : 14.5172205,
      "y" : 2.927051,
      "z" : 7.354102
    },
    "orientation" : 16
  }, {
    "shape" : "b3c366cd-307b-4b94-b62c-73e5a7f997a6",
    "color" : "#008EC2",
    "position" : {
      "x" : -2.618034,
      "y" : -11.09017,
      "z" : 2.618034
    },
    "orientation" : 7
  }, {
    "shape" : "b3c366cd-307b-4b94-b62c-73e5a7f997a6",
    "color" : "#008EC2",
    "position" : {
      "x" : -6.854102,
      "y" : -4.236068,
      "z" : 8.472136
    },
    "orientation" : 24
  }, {
    "shape" : "b3c366cd-307b-4b94-b62c-73e5a7f997a6",
    "color" : "#008EC2",
    "position" : {
      "x" : -8.472136,
      "y" : -6.854102,
      "z" : 4.236068
    },
    "orientation" : 25
  }, {
    "shape" : "d8096343-4a4b-4409-8b58-de67f360ed42",
    "color" : "#FFD98C",
    "position" : {
      "x" : 7.354102,
      "y" : 14.5172205,
      "z" : -2.927051
    },
    "orientation" : 6
  }, {
    "shape" : "c658e975-0e4d-4c2b-90e9-edcffbb3dd15",
    "color" : "#F2F2F2",
    "position" : {
      "x" : 2.618034,
      "y" : -11.09017,
      "z" : -2.618034
    }
  }, {
    "shape" : "352a52be-47ca-4b2e-b82a-9e4a7f7dd16f",
    "color" : "#B8860B",
    "position" : {
      "x" : 6.854102,
      "y" : 4.236068,
      "z" : -8.472136
    },
    "orientation" : 18
  }, {
    "shape" : "352a52be-47ca-4b2e-b82a-9e4a7f7dd16f",
    "color" : "#B8860B",
    "position" : {
      "x" : -4.236068,
      "y" : 8.472136,
      "z" : -6.854102
    },
    "orientation" : 7
  }, {
    "shape" : "352a52be-47ca-4b2e-b82a-9e4a7f7dd16f",
    "color" : "#B8860B",
    "position" : {
      "x" : -6.854102,
      "y" : 4.236068,
      "z" : 8.472136
    },
    "orientation" : 33
  }, {
    "shape" : "b3c366cd-307b-4b94-b62c-73e5a7f997a6",
    "color" : "#008EC2",
    "position" : {
      "x" : -11.09017,
      "y" : 2.618034,
      "z" : 2.618034
    },
    "orientation" : 16
  }, {
    "shape" : "c658e975-0e4d-4c2b-90e9-edcffbb3dd15",
    "color" : "#F2F2F2",
    "position" : {
      "x" : 9.472136,
      "y" : 0.0,
      "z" : 6.854102
    }
  }, {
    "shape" : "352a52be-47ca-4b2e-b82a-9e4a7f7dd16f",
    "color" : "#B8860B",
    "position" : {
      "x" : 0.0,
      "y" : -6.854102,
      "z" : 9.472136
    },
    "orientation" : 30
  }, {
    "shape" : "352a52be-47ca-4b2e-b82a-9e4a7f7dd16f",
    "color" : "#B8860B",
    "position" : {
      "x" : 16.326239,
      "y" : 0.0,
      "z" : 2.618034
    },
    "orientation" : 44
  }, {
    "shape" : "e6b860c3-2143-4a4e-916d-5c5de5c1db47",
    "color" : "#7FC6E0",
    "position" : {
      "x" : -4.236068,
      "y" : -8.472136,
      "z" : 6.854102
    },
    "orientation" : 25
  }, {
    "shape" : "b3c366cd-307b-4b94-b62c-73e5a7f997a6",
    "color" : "#008EC2",
    "position" : {
      "x" : 8.972136,
      "y" : 11.899187,
      "z" : -7.163119
    },
    "orientation" : 7
  }, {
    "shape" : "027222b7-4612-4f71-899c-6c850eb6d38c",
    "color" : "#FFFFFF",
    "position" : {
      "x" : 0.0,
      "y" : 6.854102,
      "z" : -9.472136
    },
    "orientation" : 46
  }, {
    "shape" : "b3c366cd-307b-4b94-b62c-73e5a7f997a6",
    "color" : "#008EC2",
    "position" : {
      "x" : 2.927051,
      "y" : -7.354102,
      "z" : -14.5172205
    },
    "orientation" : 8
  }, {
    "shape" : "c658e975-0e4d-4c2b-90e9-edcffbb3dd15",
    "color" : "#F2F2F2",
    "position" : {
      "x" : 2.927051,
      "y" : -7.354102,
      "z" : -14.5172205
    }
  }, {
    "shape" : "c658e975-0e4d-4c2b-90e9-edcffbb3dd15",
    "color" : "#F2F2F2",
    "position" : {
      "x" : -2.618034,
      "y" : 16.326239,
      "z" : 0.0
    }
  }, {
    "shape" : "352a52be-47ca-4b2e-b82a-9e4a7f7dd16f",
    "color" : "#B8860B",
    "position" : {
      "x" : -2.618034,
      "y" : -2.618034,
      "z" : 11.09017
    },
    "orientation" : 13
  }, {
    "shape" : "352a52be-47ca-4b2e-b82a-9e4a7f7dd16f",
    "color" : "#B8860B",
    "position" : {
      "x" : 2.618034,
      "y" : -16.326239,
      "z" : 0.0
    },
    "orientation" : 12
  }, {
    "shape" : "b3c366cd-307b-4b94-b62c-73e5a7f997a6",
    "color" : "#008EC2",
    "position" : {
      "x" : 6.854102,
      "y" : 4.236068,
      "z" : -8.472136
    },
    "orientation" : 10
  }, {
    "shape" : "027222b7-4612-4f71-899c-6c850eb6d38c",
    "color" : "#FFFFFF",
    "position" : {
      "x" : -11.09017,
      "y" : -2.618034,
      "z" : -2.618034
    },
    "orientation" : 39
  }, {
    "shape" : "b93e1ffe-f6c4-4143-8e3c-258446275f8c",
    "color" : "#008EC2",
    "position" : {
      "x" : 14.5172205,
      "y" : -2.927051,
      "z" : -7.354102
    },
    "orientation" : 10
  }, {
    "shape" : "b3c366cd-307b-4b94-b62c-73e5a7f997a6",
    "color" : "#008EC2",
    "position" : {
      "x" : -4.236068,
      "y" : 8.472136,
      "z" : 6.854102
    },
    "orientation" : 53
  }, {
    "shape" : "027222b7-4612-4f71-899c-6c850eb6d38c",
    "color" : "#FFFFFF",
    "position" : {
      "x" : 6.854102,
      "y" : -4.236068,
      "z" : -8.472136
    },
    "orientation" : 20
  }, {
    "shape" : "c658e975-0e4d-4c2b-90e9-edcffbb3dd15",
    "color" : "#F2F2F2",
    "position" : {
      "x" : 2.927051,
      "y" : -7.354102,
      "z" : 14.5172205
    }
  }, {
    "shape" : "d8096343-4a4b-4409-8b58-de67f360ed42",
    "color" : "#FFD98C",
    "position" : {
      "x" : 7.163119,
      "y" : -8.972136,
      "z" : 11.899187
    },
    "orientation" : 5
  }, {
    "shape" : "b3c366cd-307b-4b94-b62c-73e5a7f997a6",
    "color" : "#008EC2",
    "position" : {
      "x" : 11.899187,
      "y" : 7.163119,
      "z" : -8.972136
    },
    "orientation" : 21
  }, {
    "shape" : "027222b7-4612-4f71-899c-6c850eb6d38c",
    "color" : "#FFFFFF",
    "position" : {
      "x" : 11.09017,
      "y" : -2.618034,
      "z" : -2.618034
    },
    "orientation" : 21
  }, {
    "shape" : "b3c366cd-307b-4b94-b62c-73e5a7f997a6",
    "color" : "#008EC2",
    "position" : {
      "x" : 2.618034,
      "y" : -11.09017,
      "z" : -2.618034
    },
    "orientation" : 2
  }, {
    "shape" : "c658e975-0e4d-4c2b-90e9-edcffbb3dd15",
    "color" : "#F2F2F2",
    "position" : {
      "x" : 8.472136,
      "y" : 6.854102,
      "z" : 4.236068
    }
  }, {
    "shape" : "352a52be-47ca-4b2e-b82a-9e4a7f7dd16f",
    "color" : "#B8860B",
    "position" : {
      "x" : 6.854102,
      "y" : 9.472136,
      "z" : 0.0
    },
    "orientation" : 2
  }, {
    "shape" : "352a52be-47ca-4b2e-b82a-9e4a7f7dd16f",
    "color" : "#B8860B",
    "position" : {
      "x" : -8.472136,
      "y" : -6.854102,
      "z" : -4.236068
    },
    "orientation" : 34
  }, {
    "shape" : "e6b860c3-2143-4a4e-916d-5c5de5c1db47",
    "color" : "#7FC6E0",
    "position" : {
      "x" : 6.854102,
      "y" : -4.236068,
      "z" : 8.472136
    },
    "orientation" : 6
  }, {
    "shape" : "c658e975-0e4d-4c2b-90e9-edcffbb3dd15",
    "color" : "#F2F2F2",
    "position" : {
      "x" : -14.5172205,
      "y" : -2.927051,
      "z" : -7.354102
    }
  }, {
    "shape" : "4eba4f99-d357-4a6c-9f62-a2f34a0abdd8",
    "color" : "#D7EFF2",
    "position" : {
      "x" : -6.854102,
      "y" : 4.236068,
      "z" : 8.472136
    },
    "orientation" : 32
  }, {
    "shape" : "352a52be-47ca-4b2e-b82a-9e4a7f7dd16f",
    "color" : "#B8860B",
    "position" : {
      "x" : 9.472136,
      "y" : 0.0,
      "z" : -6.854102
    },
    "orientation" : 16
  }, {
    "shape" : "c658e975-0e4d-4c2b-90e9-edcffbb3dd15",
    "color" : "#F2F2F2",
    "position" : {
      "x" : 0.0,
      "y" : -2.618034,
      "z" : -16.326239
    }
  }, {
    "shape" : "b93e1ffe-f6c4-4143-8e3c-258446275f8c",
    "color" : "#008EC2",
    "position" : {
      "x" : -7.354102,
      "y" : 14.5172205,
      "z" : -2.927051
    },
    "orientation" : 2
  }, {
    "shape" : "e6b860c3-2143-4a4e-916d-5c5de5c1db47",
    "color" : "#7FC6E0",
    "position" : {
      "x" : 6.854102,
      "y" : 4.236068,
      "z" : 8.472136
    },
    "orientation" : 41
  }, {
    "shape" : "e6b860c3-2143-4a4e-916d-5c5de5c1db47",
    "color" : "#7FC6E0",
    "position" : {
      "x" : -6.854102,
      "y" : -4.236068,
      "z" : -8.472136
    },
    "orientation" : 51
  }, {
    "shape" : "027222b7-4612-4f71-899c-6c850eb6d38c",
    "color" : "#FFFFFF",
    "position" : {
      "x" : 6.854102,
      "y" : -9.472136,
      "z" : 0.0
    },
    "orientation" : 15
  }, {
    "shape" : "b3c366cd-307b-4b94-b62c-73e5a7f997a6",
    "color" : "#008EC2",
    "position" : {
      "x" : -14.5172205,
      "y" : -2.927051,
      "z" : -7.354102
    },
    "orientation" : 24
  }, {
    "shape" : "b3c366cd-307b-4b94-b62c-73e5a7f997a6",
    "color" : "#008EC2",
    "position" : {
      "x" : 2.618034,
      "y" : 11.09017,
      "z" : -2.618034
    },
    "orientation" : 25
  }, {
    "shape" : "352a52be-47ca-4b2e-b82a-9e4a7f7dd16f",
    "color" : "#B8860B",
    "position" : {
      "x" : 16.326239,
      "y" : 0.0,
      "z" : -2.618034
    },
    "orientation" : 59
  }, {
    "shape" : "352a52be-47ca-4b2e-b82a-9e4a7f7dd16f",
    "color" : "#B8860B",
    "position" : {
      "x" : 2.618034,
      "y" : 2.618034,
      "z" : -11.09017
    },
    "orientation" : 9
  }, {
    "shape" : "3d99ecc3-7165-41ce-922d-764194d2c703",
    "color" : "#7FC6E0",
    "position" : {
      "x" : 0.0,
      "y" : -6.854102,
      "z" : 9.472136
    },
    "orientation" : 53
  }, {
    "shape" : "027222b7-4612-4f71-899c-6c850eb6d38c",
    "color" : "#FFFFFF",
    "position" : {
      "x" : -2.618034,
      "y" : 2.618034,
      "z" : 11.09017
    },
    "orientation" : 41
  }, {
    "shape" : "b93e1ffe-f6c4-4143-8e3c-258446275f8c",
    "color" : "#008EC2",
    "position" : {
      "x" : -7.163119,
      "y" : 8.972136,
      "z" : 11.899187
    },
    "orientation" : 53
  }, {
    "shape" : "c658e975-0e4d-4c2b-90e9-edcffbb3dd15",
    "color" : "#F2F2F2",
    "position" : {
      "x" : 2.618034,
      "y" : -11.09017,
      "z" : 2.618034
    }
  }, {
    "shape" : "b93e1ffe-f6c4-4143-8e3c-258446275f8c",
    "color" : "#008EC2",
    "position" : {
      "x" : -14.5172205,
      "y" : -2.927051,
      "z" : 7.354102
    },
    "orientation" : 55
  }, {
    "shape" : "4eba4f99-d357-4a6c-9f62-a2f34a0abdd8",
    "color" : "#D7EFF2",
    "position" : {
      "x" : -2.618034,
      "y" : 11.09017,
      "z" : 2.618034
    },
    "orientation" : 13
  }, {
    "shape" : "352a52be-47ca-4b2e-b82a-9e4a7f7dd16f",
    "color" : "#B8860B",
    "position" : {
      "x" : 6.854102,
      "y" : -4.236068,
      "z" : 8.472136
    },
    "orientation" : 3
  }, {
    "shape" : "b93e1ffe-f6c4-4143-8e3c-258446275f8c",
    "color" : "#008EC2",
    "position" : {
      "x" : -7.163119,
      "y" : -8.972136,
      "z" : -11.899187
    },
    "orientation" : 38
  }, {
    "shape" : "b3c366cd-307b-4b94-b62c-73e5a7f997a6",
    "color" : "#008EC2",
    "position" : {
      "x" : -8.472136,
      "y" : -6.854102,
      "z" : -4.236068
    },
    "orientation" : 26
  }, {
    "shape" : "b3c366cd-307b-4b94-b62c-73e5a7f997a6",
    "color" : "#008EC2",
    "position" : {
      "x" : 4.236068,
      "y" : 8.472136,
      "z" : 6.854102
    },
    "orientation" : 26
  }, {
    "shape" : "b3c366cd-307b-4b94-b62c-73e5a7f997a6",
    "color" : "#008EC2",
    "position" : {
      "x" : -2.618034,
      "y" : 2.618034,
      "z" : 11.09017
    },
    "orientation" : 16
  }, {
    "shape" : "b93e1ffe-f6c4-4143-8e3c-258446275f8c",
    "color" : "#008EC2",
    "position" : {
      "x" : 11.899187,
      "y" : 7.163119,
      "z" : 8.972136
    },
    "orientation" : 38
  }, {
    "shape" : "4eba4f99-d357-4a6c-9f62-a2f34a0abdd8",
    "color" : "#D7EFF2",
    "position" : {
      "x" : 4.236068,
      "y" : 8.472136,
      "z" : 6.854102
    },
    "orientation" : 7
  }, {
    "shape" : "b3c366cd-307b-4b94-b62c-73e5a7f997a6",
    "color" : "#008EC2",
    "position" : {
      "x" : -7.163119,
      "y" : 8.972136,
      "z" : -11.899187
    },
    "orientation" : 26
  }, {
    "shape" : "027222b7-4612-4f71-899c-6c850eb6d38c",
    "color" : "#FFFFFF",
    "position" : {
      "x" : 6.854102,
      "y" : 9.472136,
      "z" : 0.0
    },
    "orientation" : 0
  }, {
    "shape" : "b3c366cd-307b-4b94-b62c-73e5a7f997a6",
    "color" : "#008EC2",
    "position" : {
      "x" : -7.163119,
      "y" : -8.972136,
      "z" : -11.899187
    },
    "orientation" : 23
  }, {
    "shape" : "027222b7-4612-4f71-899c-6c850eb6d38c",
    "color" : "#FFFFFF",
    "position" : {
      "x" : 2.618034,
      "y" : -11.09017,
      "z" : -2.618034
    },
    "orientation" : 22
  }, {
    "shape" : "c658e975-0e4d-4c2b-90e9-edcffbb3dd15",
    "color" : "#F2F2F2",
    "position" : {
      "x" : 6.854102,
      "y" : 4.236068,
      "z" : 8.472136
    }
  }, {
    "shape" : "b3c366cd-307b-4b94-b62c-73e5a7f997a6",
    "color" : "#008EC2",
    "position" : {
      "x" : 9.472136,
      "y" : 0.0,
      "z" : 6.854102
    },
    "orientation" : 25
  }, {
    "shape" : "352a52be-47ca-4b2e-b82a-9e4a7f7dd16f",
    "color" : "#B8860B",
    "position" : {
      "x" : 11.899187,
      "y" : 7.163119,
      "z" : -8.972136
    },
    "orientation" : 51
  }, {
    "shape" : "d8096343-4a4b-4409-8b58-de67f360ed42",
    "color" : "#FFD98C",
    "position" : {
      "x" : 8.972136,
      "y" : -11.899187,
      "z" : -7.163119
    },
    "orientation" : 24
  }, {
    "shape" : "c658e975-0e4d-4c2b-90e9-edcffbb3dd15",
    "color" : "#F2F2F2",
    "position" : {
      "x" : -8.972136,
      "y" : -11.899187,
      "z" : -7.163119
    }
  }, {
    "shape" : "b3c366cd-307b-4b94-b62c-73e5a7f997a6",
    "color" : "#008EC2",
    "position" : {
      "x" : -8.972136,
      "y" : 11.899187,
      "z" : -7.163119
    },
    "orientation" : 10
  }, {
    "shape" : "027222b7-4612-4f71-899c-6c850eb6d38c",
    "color" : "#FFFFFF",
    "position" : {
      "x" : -2.618034,
      "y" : -2.618034,
      "z" : -11.09017
    },
    "orientation" : 56
  }, {
    "shape" : "c658e975-0e4d-4c2b-90e9-edcffbb3dd15",
    "color" : "#F2F2F2",
    "position" : {
      "x" : 0.0,
      "y" : -2.618034,
      "z" : 16.326239
    }
  }, {
    "shape" : "c658e975-0e4d-4c2b-90e9-edcffbb3dd15",
    "color" : "#F2F2F2",
    "position" : {
      "x" : -4.236068,
      "y" : 8.472136,
      "z" : -6.854102
    }
  }, {
    "shape" : "352a52be-47ca-4b2e-b82a-9e4a7f7dd16f",
    "color" : "#B8860B",
    "position" : {
      "x" : 6.854102,
      "y" : -4.236068,
      "z" : -8.472136
    },
    "orientation" : 53
  }, {
    "shape" : "b3c366cd-307b-4b94-b62c-73e5a7f997a6",
    "color" : "#008EC2",
    "position" : {
      "x" : 4.236068,
      "y" : -8.472136,
      "z" : -6.854102
    },
    "orientation" : 56
  }, {
    "shape" : "c658e975-0e4d-4c2b-90e9-edcffbb3dd15",
    "color" : "#F2F2F2",
    "position" : {
      "x" : 2.618034,
      "y" : 2.618034,
      "z" : -11.09017
    }
  }, {
    "shape" : "c658e975-0e4d-4c2b-90e9-edcffbb3dd15",
    "color" : "#F2F2F2",
    "position" : {
      "x" : 7.354102,
      "y" : -14.5172205,
      "z" : 2.927051
    }
  }, {
    "shape" : "b3c366cd-307b-4b94-b62c-73e5a7f997a6",
    "color" : "#008EC2",
    "position" : {
      "x" : 2.927051,
      "y" : 7.354102,
      "z" : -14.5172205
    },
    "orientation" : 11
  }, {
    "shape" : "f3114fbe-e7d0-4181-a756-8c6318ca83e6",
    "color" : "#FFD98C",
    "position" : {
      "x" : 2.618034,
      "y" : -2.618034,
      "z" : 11.09017
    },
    "orientation" : 2
  }, {
    "shape" : "352a52be-47ca-4b2e-b82a-9e4a7f7dd16f",
    "color" : "#B8860B",
    "position" : {
      "x" : 8.972136,
      "y" : -11.899187,
      "z" : -7.163119
    },
    "orientation" : 49
  }, {
    "shape" : "c658e975-0e4d-4c2b-90e9-edcffbb3dd15",
    "color" : "#F2F2F2",
    "position" : {
      "x" : 8.972136,
      "y" : 11.899187,
      "z" : -7.163119
    }
  }, {
    "shape" : "b3c366cd-307b-4b94-b62c-73e5a7f997a6",
    "color" : "#008EC2",
    "position" : {
      "x" : 2.618034,
      "y" : -2.618034,
      "z" : -11.09017
    },
    "orientation" : 45
  }, {
    "shape" : "b3c366cd-307b-4b94-b62c-73e5a7f997a6",
    "color" : "#008EC2",
    "position" : {
      "x" : -8.472136,
      "y" : -6.854102,
      "z" : 4.236068
    },
    "orientation" : 54
  }, {
    "shape" : "027222b7-4612-4f71-899c-6c850eb6d38c",
    "color" : "#FFFFFF",
    "position" : {
      "x" : -4.236068,
      "y" : -8.472136,
      "z" : -6.854102
    },
    "orientation" : 28
  }, {
    "shape" : "b3c366cd-307b-4b94-b62c-73e5a7f997a6",
    "color" : "#008EC2",
    "position" : {
      "x" : -6.854102,
      "y" : 4.236068,
      "z" : -8.472136
    },
    "orientation" : 9
  }, {
    "shape" : "e6b860c3-2143-4a4e-916d-5c5de5c1db47",
    "color" : "#7FC6E0",
    "position" : {
      "x" : -11.09017,
      "y" : -2.618034,
      "z" : 2.618034
    },
    "orientation" : 47
  }, {
    "shape" : "352a52be-47ca-4b2e-b82a-9e4a7f7dd16f",
    "color" : "#B8860B",
    "position" : {
      "x" : -8.972136,
      "y" : 11.899187,
      "z" : -7.163119
    },
    "orientation" : 19
  }, {
    "shape" : "352a52be-47ca-4b2e-b82a-9e4a7f7dd16f",
    "color" : "#B8860B",
    "position" : {
      "x" : -14.5172205,
      "y" : -2.927051,
      "z" : 7.354102
    },
    "orientation" : 55
  }, {
    "shape" : "b93e1ffe-f6c4-4143-8e3c-258446275f8c",
    "color" : "#008EC2",
    "position" : {
      "x" : 0.0,
      "y" : -2.618034,
      "z" : -16.326239
    },
    "orientation" : 39
  }, {
    "shape" : "c658e975-0e4d-4c2b-90e9-edcffbb3dd15",
    "color" : "#F2F2F2",
    "position" : {
      "x" : -14.5172205,
      "y" : 2.927051,
      "z" : 7.354102
    }
  }, {
    "shape" : "352a52be-47ca-4b2e-b82a-9e4a7f7dd16f",
    "color" : "#B8860B",
    "position" : {
      "x" : -11.09017,
      "y" : 2.618034,
      "z" : 2.618034
    },
    "orientation" : 10
  }, {
    "shape" : "e6b860c3-2143-4a4e-916d-5c5de5c1db47",
    "color" : "#7FC6E0",
    "position" : {
      "x" : 4.236068,
      "y" : -8.472136,
      "z" : 6.854102
    },
    "orientation" : 38
  }, {
    "shape" : "b93e1ffe-f6c4-4143-8e3c-258446275f8c",
    "color" : "#008EC2",
    "position" : {
      "x" : 2.927051,
      "y" : 7.354102,
      "z" : 14.5172205
    },
    "orientation" : 45
  }, {
    "shape" : "c658e975-0e4d-4c2b-90e9-edcffbb3dd15",
    "color" : "#F2F2F2",
    "position" : {
      "x" : -6.854102,
      "y" : 4.236068,
      "z" : 8.472136
    }
  }, {
    "shape" : "c658e975-0e4d-4c2b-90e9-edcffbb3dd15",
    "color" : "#F2F2F2",
    "position" : {
