{
  "polygons" : "true",
  "field" : "golden",
  "symmetry" : "icosahedral",
  "orientations" : [ [ 1.0, 0.0, 0.0, 0.0, 0.0, 1.0, 0.0, 0.0, 0.0, 0.0, 1.0, 0.0, 0.0, 0.0, 0.0, 1.0 ], [ 0.0, 0.0, 1.0, 0.0, 1.0, 0.0, 0.0, 0.0, 0.0, 1.0, 0.0, 0.0, 0.0, 0.0, 0.0, 1.0 ], [ 0.0, 1.0, 0.0, 0.0, 0.0, 0.0, 1.0, 0.0, 1.0, 0.0, 0.0, 0.0, 0.0, 0.0, 0.0, 1.0 ], [ 0.809017, 0.309017, 0.5, 0.0, 0.309017, 0.5, -0.809017, 0.0, -0.5, 0.809017, 0.309017, 0.0, 0.0, 0.0, 0.0, 1.0 ], [ -0.5, 0.809017, 0.309017, 0.0, 0.809017, 0.309017, 0.5, 0.0, 0.309017, 0.5, -0.809017, 0.0, 0.0, 0.0, 0.0, 1.0 ], [ 0.309017, 0.5, -0.809017, 0.0, -0.5, 0.809017, 0.309017, 0.0, 0.809017, 0.309017, 0.5, 0.0, 0.0, 0.0, 0.0, 1.0 ], [ 0.5, 0.809017, 0.309017, 0.0, 0.809017, -0.309017, -0.5, 0.0, -0.309017, 0.5, -0.809017, 0.0, 0.0, 0.0, 0.0, 1.0 ], [ -0.309017, 0.5, -0.809017, 0.0, 0.5, 0.809017, 0.309017, 0.0, 0.809017, -0.309017, -0.5, 0.0, 0.0, 0.0, 0.0, 1.0 ], [ 0.809017, -0.309017, -0.5, 0.0, -0.309017, 0.5, -0.809017, 0.0, 0.5, 0.809017, 0.309017, 0.0, 0.0, 0.0, 0.0, 1.0 ], [ 0.5, 0.809017, -0.309017, 0.0, 0.809017, -0.309017, 0.5, 0.0, 0.309017, -0.5, -0.809017, 0.0, 0.0, 0.0, 0.0, 1.0 ], [ 0.309017, -0.5, -0.809017, 0.0, 0.5, 0.809017, -0.309017, 0.0, 0.809017, -0.309017, 0.5, 0.0, 0.0, 0.0, 0.0, 1.0 ], [ 0.809017, -0.309017, 0.5, 0.0, 0.309017, -0.5, -0.809017, 0.0, 0.5, 0.809017, -0.309017, 0.0, 0.0, 0.0, 0.0, 1.0 ], [ 0.809017, 0.309017, -0.5, 0.0, 0.309017, 0.5, 0.809017, 0.0, 0.5, -0.809017, 0.309017, 0.0, 0.0, 0.0, 0.0, 1.0 ], [ 0.5, -0.809017, 0.309017, 0.0, 0.809017, 0.309017, -0.5, 0.0, 0.309017, 0.5, 0.809017, 0.0, 0.0, 0.0, 0.0, 1.0 ], [ 0.309017, 0.5, 0.809017, 0.0, 0.5, -0.809017, 0.309017, 0.0, 0.809017, 0.309017, -0.5, 0.0, 0.0, 0.0, 0.0, 1.0 ], [ 1.0, 0.0, 0.0, 0.0, 0.0, -1.0, 0.0, 0.0, 0.0, 0.0, -1.0, 0.0, 0.0, 0.0, 0.0, 1.0 ], [ 0.0, 0.0, 1.0, 0.0, -1.0, 0.0, 0.0, 0.0, 0.0, -1.0, 0.0, 0.0, 0.0, 0.0, 0.0, 1.0 ], [ 0.0, 1.0, 0.0, 0.0, 0.0, 0.0, -1.0, 0.0, -1.0, 0.0, 0.0, 0.0, 0.0, 0.0, 0.0, 1.0 ], [ 0.809017, 0.309017, 0.5, 0.0, -0.309017, -0.5, 0.809017, 0.0, 0.5, -0.809017, -0.309017, 0.0, 0.0, 0.0, 0.0, 1.0 ], [ -0.5, 0.809017, 0.309017, 0.0, -0.809017, -0.309017, -0.5, 0.0, -0.309017, -0.5, 0.809017, 0.0, 0.0, 0.0, 0.0, 1.0 ], [ 0.309017, 0.5, -0.809017, 0.0, 0.5, -0.809017, -0.309017, 0.0, -0.809017, -0.309017, -0.5, 0.0, 0.0, 0.0, 0.0, 1.0 ], [ 0.5, 0.809017, 0.309017, 0.0, -0.809017, 0.309017, 0.5, 0.0, 0.309017, -0.5, 0.809017, 0.0, 0.0, 0.0, 0.0, 1.0 ], [ -0.309017, 0.5, -0.809017, 0.0, -0.5, -0.809017, -0.309017, 0.0, -0.809017, 0.309017, 0.5, 0.0, 0.0, 0.0, 0.0, 1.0 ], [ 0.809017, -0.309017, -0.5, 0.0, 0.309017, -0.5, 0.809017, 0.0, -0.5, -0.809017, -0.309017, 0.0, 0.0, 0.0, 0.0, 1.0 ], [ 0.5, 0.809017, -0.309017, 0.0, -0.809017, 0.309017, -0.5, 0.0, -0.309017, 0.5, 0.809017, 0.0, 0.0, 0.0, 0.0, 1.0 ], [ 0.309017, -0.5, -0.809017, 0.0, -0.5, -0.809017, 0.309017, 0.0, -0.809017, 0.309017, -0.5, 0.0, 0.0, 0.0, 0.0, 1.0 ], [ 0.809017, -0.309017, 0.5, 0.0, -0.309017, 0.5, 0.809017, 0.0, -0.5, -0.809017, 0.309017, 0.0, 0.0, 0.0, 0.0, 1.0 ], [ 0.809017, 0.309017, -0.5, 0.0, -0.309017, -0.5, -0.809017, 0.0, -0.5, 0.809017, -0.309017, 0.0, 0.0, 0.0, 0.0, 1.0 ], [ 0.5, -0.809017, 0.309017, 0.0, -0.809017, -0.309017, 0.5, 0.0, -0.309017, -0.5, -0.809017, 0.0, 0.0, 0.0, 0.0, 1.0 ], [ 0.309017, 0.5, 0.809017, 0.0, -0.5, 0.809017, -0.309017, 0.0, -0.809017, -0.309017, 0.5, 0.0, 0.0, 0.0, 0.0, 1.0 ], [ -1.0, 0.0, 0.0, 0.0, 0.0, -1.0, 0.0, 0.0, 0.0, 0.0, 1.0, 0.0, 0.0, 0.0, 0.0, 1.0 ], [ 0.0, 0.0, -1.0, 0.0, -1.0, 0.0, 0.0, 0.0, 0.0, 1.0, 0.0, 0.0, 0.0, 0.0, 0.0, 1.0 ], [ 0.0, -1.0, 0.0, 0.0, 0.0, 0.0, -1.0, 0.0, 1.0, 0.0, 0.0, 0.0, 0.0, 0.0, 0.0, 1.0 ], [ -0.809017, -0.309017, -0.5, 0.0, -0.309017, -0.5, 0.809017, 0.0, -0.5, 0.809017, 0.309017, 0.0, 0.0, 0.0, 0.0, 1.0 ], [ 0.5, -0.809017, -0.309017, 0.0, -0.809017, -0.309017, -0.5, 0.0, 0.309017, 0.5, -0.809017, 0.0, 0.0, 0.0, 0.0, 1.0 ], [ -0.309017, -0.5, 0.809017, 0.0, 0.5, -0.809017, -0.309017, 0.0, 0.809017, 0.309017, 0.5, 0.0, 0.0, 0.0, 0.0, 1.0 ], [ -0.5, -0.809017, -0.309017, 0.0, -0.809017, 0.309017, 0.5, 0.0, -0.309017, 0.5, -0.809017, 0.0, 0.0, 0.0, 0.0, 1.0 ], [ 0.309017, -0.5, 0.809017, 0.0, -0.5, -0.809017, -0.309017, 0.0, 0.809017, -0.309017, -0.5, 0.0, 0.0, 0.0, 0.0, 1.0 ], [ -0.809017, 0.309017, 0.5, 0.0, 0.309017, -0.5, 0.809017, 0.0, 0.5, 0.809017, 0.309017, 0.0, 0.0, 0.0, 0.0, 1.0 ], [ -0.5, -0.809017, 0.309017, 0.0, -0.809017, 0.309017, -0.5, 0.0, 0.309017, -0.5, -0.809017, 0.0, 0.0, 0.0, 0.0, 1.0 ], [ -0.309017, 0.5, 0.809017, 0.0, -0.5, -0.809017, 0.309017, 0.0, 0.809017, -0.309017, 0.5, 0.0, 0.0, 0.0, 0.0, 1.0 ], [ -0.809017, 0.309017, -0.5, 0.0, -0.309017, 0.5, 0.809017, 0.0, 0.5, 0.809017, -0.309017, 0.0, 0.0, 0.0, 0.0, 1.0 ], [ -0.809017, -0.309017, 0.5, 0.0, -0.309017, -0.5, -0.809017, 0.0, 0.5, -0.809017, 0.309017, 0.0, 0.0, 0.0, 0.0, 1.0 ], [ -0.5, 0.809017, -0.309017, 0.0, -0.809017, -0.309017, 0.5, 0.0, 0.309017, 0.5, 0.809017, 0.0, 0.0, 0.0, 0.0, 1.0 ], [ -0.309017, -0.5, -0.809017, 0.0, -0.5, 0.809017, -0.309017, 0.0, 0.809017, 0.309017, -0.5, 0.0, 0.0, 0.0, 0.0, 1.0 ], [ -1.0, 0.0, 0.0, 0.0, 0.0, 1.0, 0.0, 0.0, 0.0, 0.0, -1.0, 0.0, 0.0, 0.0, 0.0, 1.0 ], [ 0.0, 0.0, -1.0, 0.0, 1.0, 0.0, 0.0, 0.0, 0.0, -1.0, 0.0, 0.0, 0.0, 0.0, 0.0, 1.0 ], [ 0.0, -1.0, 0.0, 0.0, 0.0, 0.0, 1.0, 0.0, -1.0, 0.0, 0.0, 0.0, 0.0, 0.0, 0.0, 1.0 ], [ -0.809017, -0.309017, -0.5, 0.0, 0.309017, 0.5, -0.809017, 0.0, 0.5, -0.809017, -0.309017, 0.0, 0.0, 0.0, 0.0, 1.0 ], [ 0.5, -0.809017, -0.309017, 0.0, 0.809017, 0.309017, 0.5, 0.0, -0.309017, -0.5, 0.809017, 0.0, 0.0, 0.0, 0.0, 1.0 ], [ -0.309017, -0.5, 0.809017, 0.0, -0.5, 0.809017, 0.309017, 0.0, -0.809017, -0.309017, -0.5, 0.0, 0.0, 0.0, 0.0, 1.0 ], [ -0.5, -0.809017, -0.309017, 0.0, 0.809017, -0.309017, -0.5, 0.0, 0.309017, -0.5, 0.809017, 0.0, 0.0, 0.0, 0.0, 1.0 ], [ 0.309017, -0.5, 0.809017, 0.0, 0.5, 0.809017, 0.309017, 0.0, -0.809017, 0.309017, 0.5, 0.0, 0.0, 0.0, 0.0, 1.0 ], [ -0.809017, 0.309017, 0.5, 0.0, -0.309017, 0.5, -0.809017, 0.0, -0.5, -0.809017, -0.309017, 0.0, 0.0, 0.0, 0.0, 1.0 ], [ -0.5, -0.809017, 0.309017, 0.0, 0.809017, -0.309017, 0.5, 0.0, -0.309017, 0.5, 0.809017, 0.0, 0.0, 0.0, 0.0, 1.0 ], [ -0.309017, 0.5, 0.809017, 0.0, 0.5, 0.809017, -0.309017, 0.0, -0.809017, 0.309017, -0.5, 0.0, 0.0, 0.0, 0.0, 1.0 ], [ -0.809017, 0.309017, -0.5, 0.0, 0.309017, -0.5, -0.809017, 0.0, -0.5, -0.809017, 0.309017, 0.0, 0.0, 0.0, 0.0, 1.0 ], [ -0.809017, -0.309017, 0.5, 0.0, 0.309017, 0.5, 0.809017, 0.0, -0.5, 0.809017, -0.309017, 0.0, 0.0, 0.0, 0.0, 1.0 ], [ -0.5, 0.809017, -0.309017, 0.0, 0.809017, 0.309017, -0.5, 0.0, -0.309017, -0.5, -0.809017, 0.0, 0.0, 0.0, 0.0, 1.0 ], [ -0.309017, -0.5, -0.809017, 0.0, 0.5, -0.809017, 0.309017, 0.0, -0.809017, -0.309017, 0.5, 0.0, 0.0, 0.0, 0.0, 1.0 ] ],
  "lights" : {
    "backgroundColor" : "#CCCCCC",
    "ambientColor" : "#292929",
    "directionalLights" : [ {
      "direction" : [ 1.0, -1.0, -1.0 ],
      "color" : "#EBEBE4"
    }, {
      "direction" : [ -1.0, 0.0, 0.0 ],
      "color" : "#E4E4EB"
    }, {
      "direction" : [ 0.0, 0.0, -1.0 ],
      "color" : "#1E1E1E"
    } ]
  },
  "camera" : {
    "perspective" : false,
    "fieldOfView" : 0.44262907,
    "viewDistance" : 232.4975,
    "lookAtPointRV" : {
      "x" : 0.0,
      "y" : 0.0,
      "z" : 0.0,
      "zero" : true
    },
    "lookDirectionRV" : {
      "x" : 0.0,
      "y" : 0.0,
      "z" : -1.0,
      "zero" : false
    },
    "upDirectionRV" : {
      "x" : 0.0,
      "y" : 1.0,
      "z" : 0.0,
      "zero" : false
    },
    "lookAtPoint" : {
      "x" : 0.0,
      "y" : 0.0,
      "z" : 0.0
    },
    "lookDirection" : {
      "x" : 0.0,
      "y" : 0.0,
      "z" : -1.0
    },
    "upDirection" : {
      "x" : 0.0,
      "y" : 1.0,
      "z" : 0.0
    },
    "nearClipDistance" : 0.5812441,
    "farClipDistance" : 464.99408,
    "width" : 104.62392,
    "stereo" : false,
    "position" : {
      "x" : 0.0,
      "y" : 0.0,
      "z" : 232.4975
    }
  },
  "embedding" : [ 1.0, 0.0, 0.0, 0.0, 0.0, 1.0, 0.0, 0.0, 0.0, 0.0, 1.0, 0.0, 0.0, 0.0, 0.0, 1.0 ],
  "shapes" : [ {
    "id" : "f64fb791-7457-4798-a8a5-edbe016e4605",
    "vertices" : [ {
      "x" : 0.0,
      "y" : 0.0,
      "z" : 0.0
    }, {
      "x" : 0.618034,
      "y" : -1.618034,
      "z" : 0.0
    }, {
      "x" : 0.618034,
      "y" : -5.618034,
      "z" : -10.472136
    }, {
      "x" : 0.0,
      "y" : -4.618034,
      "z" : -12.09017
    } ],
    "faces" : [ {
      "vertices" : [ 0, 1, 2, 3 ]
    }, {
      "vertices" : [ 0, 3, 2, 1 ]
    } ]
  }, {
    "id" : "9769a67e-1126-4a82-9490-f05c26672ec3",
    "name" : "ball",
    "vertices" : [ {
      "x" : 0.309017,
      "y" : -0.309017,
      "z" : -0.309017
    }, {
      "x" : 0.5,
      "y" : 0.0,
      "z" : -0.19098301
    }, {
      "x" : 0.5,
      "y" : 0.0,
      "z" : 0.19098301
    }, {
      "x" : 0.309017,
      "y" : -0.309017,
      "z" : 0.309017
    }, {
      "x" : 0.19098301,
      "y" : -0.5,
      "z" : 0.0
    }, {
      "x" : 0.0,
      "y" : 0.19098301,
      "z" : 0.5
    }, {
      "x" : 0.0,
      "y" : -0.19098301,
      "z" : 0.5
    }, {
      "x" : 0.309017,
      "y" : 0.309017,
      "z" : 0.309017
    }, {
      "x" : -0.309017,
      "y" : -0.309017,
      "z" : 0.309017
    }, {
      "x" : -0.309017,
      "y" : 0.309017,
      "z" : 0.309017
    }, {
      "x" : -0.5,
      "y" : 0.0,
      "z" : 0.19098301
    }, {
      "x" : 0.0,
      "y" : -0.19098301,
      "z" : -0.5
    }, {
      "x" : 0.0,
      "y" : 0.19098301,
      "z" : -0.5
    }, {
      "x" : 0.309017,
      "y" : 0.309017,
      "z" : -0.309017
    }, {
      "x" : -0.309017,
      "y" : -0.309017,
      "z" : -0.309017
    }, {
      "x" : -0.19098301,
      "y" : -0.5,
      "z" : 0.0
    }, {
      "x" : -0.5,
      "y" : 0.0,
      "z" : -0.19098301
    }, {
      "x" : 0.19098301,
      "y" : 0.5,
      "z" : 0.0
    }, {
      "x" : -0.309017,
      "y" : 0.309017,
      "z" : -0.309017
    }, {
      "x" : 0.0,
      "y" : 0.0,
      "z" : 0.0
    }, {
      "x" : -0.19098301,
      "y" : 0.5,
      "z" : 0.0
    } ],
    "faces" : [ {
      "vertices" : [ 12, 18, 20, 17, 13 ]
    }, {
      "vertices" : [ 3, 6, 8, 15, 4 ]
    }, {
      "vertices" : [ 0, 11, 12, 13, 1 ]
    }, {
      "vertices" : [ 5, 9, 10, 8, 6 ]
    }, {
      "vertices" : [ 2, 7, 5, 6, 3 ]
    }, {
      "vertices" : [ 11, 14, 16, 18, 12 ]
    }, {
      "vertices" : [ 1, 13, 17, 7, 2 ]
    }, {
      "vertices" : [ 9, 20, 18, 16, 10 ]
    }, {
      "vertices" : [ 0, 1, 2, 3, 4 ]
    }, {
      "vertices" : [ 5, 7, 17, 20, 9 ]
    }, {
      "vertices" : [ 0, 4, 15, 14, 11 ]
    }, {
      "vertices" : [ 8, 10, 16, 14, 15 ]
    } ]
  }, {
    "id" : "ac71b681-03f9-4c8d-993d-060e2b3a751c",
    "vertices" : [ {
      "x" : 0.0,
      "y" : 0.0,
      "z" : 0.0
    }, {
      "x" : 0.0,
      "y" : -0.618034,
      "z" : -1.618034
    }, {
      "x" : -4.618034,
      "y" : 11.472136,
      "z" : -1.618034
    }, {
      "x" : -4.0,
      "y" : 10.472136,
      "z" : 0.0
    } ],
    "faces" : [ {
      "vertices" : [ 0, 1, 2, 3 ]
    }, {
      "vertices" : [ 0, 3, 2, 1 ]
    } ]
  }, {
    "id" : "e421a122-99a0-4b79-89c7-f93fd256fb1e",
    "vertices" : [ {
      "x" : 0.0,
      "y" : 0.0,
      "z" : 0.0
    }, {
      "x" : 0.618034,
      "y" : -1.0,
      "z" : 1.618034
    }, {
      "x" : 4.618034,
      "y" : -11.472136,
      "z" : 1.618034
    }, {
      "x" : 4.618034,
      "y" : -12.09017,
      "z" : 0.0
    } ],
    "faces" : [ {
      "vertices" : [ 0, 1, 2, 3 ]
    }, {
      "vertices" : [ 0, 3, 2, 1 ]
    } ]
  }, {
    "id" : "1b3d6bdd-0f6e-4305-9acd-7460c69c3a31",
    "vertices" : [ {
      "x" : 0.0,
      "y" : 0.0,
      "z" : 0.0
    }, {
      "x" : 0.618034,
      "y" : -1.0,
      "z" : 1.618034
    }, {
      "x" : 0.618034,
      "y" : -5.618034,
      "z" : -10.472136
    }, {
      "x" : 0.0,
      "y" : -4.0,
      "z" : -10.472136
    } ],
    "faces" : [ {
      "vertices" : [ 0, 1, 2, 3 ]
    }, {
      "vertices" : [ 0, 3, 2, 1 ]
    } ]
  }, {
    "id" : "888c242a-ca76-4bd1-aab7-f5d438f8599c",
    "vertices" : [ {
      "x" : 0.0,
      "y" : 0.0,
      "z" : 0.0
    }, {
      "x" : -0.618034,
      "y" : 1.0,
      "z" : -1.618034
    }, {
      "x" : -5.236068,
      "y" : 13.09017,
      "z" : -1.618034
    }, {
      "x" : -4.618034,
      "y" : 12.09017,
      "z" : 0.0
    } ],
    "faces" : [ {
      "vertices" : [ 0, 1, 2, 3 ]
    }, {
      "vertices" : [ 0, 3, 2, 1 ]
    } ]
  }, {
    "id" : "2a7a3103-b49d-4fb4-b428-47c2e9103192",
    "vertices" : [ {
      "x" : 0.0,
      "y" : 0.0,
      "z" : 0.0
    }, {
      "x" : 0.618034,
      "y" : -1.618034,
      "z" : 0.0
    }, {
      "x" : 0.618034,
      "y" : -5.618034,
      "z" : -10.472136
    }, {
      "x" : 0.0,
      "y" : -4.0,
      "z" : -10.472136
    } ],
    "faces" : [ {
      "vertices" : [ 0, 1, 2, 3 ]
    }, {
      "vertices" : [ 0, 3, 2, 1 ]
    } ]
  }, {
    "id" : "1c28b5db-456f-4e1c-9185-b30ad973f36c",
    "vertices" : [ {
      "x" : 0.0,
      "y" : 0.0,
      "z" : 0.0
    }, {
      "x" : 0.0,
      "y" : -0.618034,
      "z" : -1.618034
    }, {
      "x" : -4.0,
      "y" : 9.854102,
      "z" : -1.618034
    }, {
      "x" : -4.0,
      "y" : 10.472136,
      "z" : 0.0
    } ],
    "faces" : [ {
      "vertices" : [ 0, 1, 2, 3 ]
    }, {
      "vertices" : [ 0, 3, 2, 1 ]
    } ]
  }, {
    "id" : "b3f5278a-30b1-4f86-8ee7-6df3d0209ac0",
    "vertices" : [ {
      "x" : 0.0,
      "y" : 0.0,
      "z" : 0.0
    }, {
      "x" : -0.618034,
      "y" : 1.618034,
      "z" : 0.0
    }, {
      "x" : -0.618034,
      "y" : 5.618034,
      "z" : 10.472136
    }, {
      "x" : 0.0,
      "y" : 4.0,
      "z" : 10.472136
    } ],
    "faces" : [ {
      "vertices" : [ 0, 1, 2, 3 ]
    }, {
      "vertices" : [ 0, 3, 2, 1 ]
    } ]
  }, {
    "id" : "7b079041-e253-4d8d-a741-f5dbd4516172",
    "vertices" : [ {
      "x" : 0.0,
      "y" : 0.0,
      "z" : 0.0
    }, {
      "x" : 0.0,
      "y" : 0.618034,
      "z" : 1.618034
    }, {
      "x" : 4.0,
      "y" : -9.854102,
      "z" : 1.618034
    }, {
      "x" : 4.0,
      "y" : -10.472136,
      "z" : 0.0
    } ],
    "faces" : [ {
      "vertices" : [ 0, 1, 2, 3 ]
    }, {
      "vertices" : [ 0, 3, 2, 1 ]
    } ]
  }, {
    "id" : "29c2bc12-e5f8-46a3-bba6-d478d7bdfae4",
    "vertices" : [ {
      "x" : 0.0,
      "y" : 0.0,
      "z" : 0.0
    }, {
      "x" : 0.618034,
      "y" : -1.0,
      "z" : 1.618034
    }, {
      "x" : 0.618034,
      "y" : -6.236068,
      "z" : -12.09017
    }, {
      "x" : 0.0,
      "y" : -4.618034,
      "z" : -12.09017
    } ],
    "faces" : [ {
      "vertices" : [ 0, 1, 2, 3 ]
    }, {
      "vertices" : [ 0, 3, 2, 1 ]
    } ]
  }, {
    "id" : "fb7af953-edb7-4dc6-ab0e-477bd1d0dcb6",
    "vertices" : [ {
      "x" : 0.0,
      "y" : 0.0,
      "z" : 0.0
    }, {
      "x" : 0.0,
      "y" : 0.618034,
      "z" : 1.618034
    }, {
      "x" : 4.618034,
      "y" : -11.472136,
      "z" : 1.618034
    }, {
      "x" : 4.0,
      "y" : -10.472136,
      "z" : 0.0
    } ],
    "faces" : [ {
      "vertices" : [ 0, 1, 2, 3 ]
    }, {
      "vertices" : [ 0, 3, 2, 1 ]
    } ]
  }, {
    "id" : "6b19c67b-1e5e-4432-a9c1-5ce1522237df",
    "orbit" : "yellow",
    "orbitC" : "[[0,0,1],[2,-1,1]]",
    "length" : "[5,-2,1]",
    "name" : " :5 -2*phi",
    "vertices" : [ {
      "x" : 12.09017,
      "y" : 0.0,
      "z" : -4.618034
    }, {
      "x" : 11.781153,
      "y" : 0.0,
      "z" : -4.5
    }, {
      "x" : 11.376644,
      "y" : -0.1545085,
      "z" : -4.059017
    }, {
      "x" : 11.185661,
      "y" : -0.1545085,
      "z" : -4.559017
    }, {
      "x" : 0.9045085,
      "y" : -0.1545085,
      "z" : -0.059016995
    }, {
      "x" : 0.809017,
      "y" : 0.309017,
      "z" : -0.309017
    }, {
      "x" : 0.309017,
      "y" : 0.0,
      "z" : -0.11803399
    }, {
      "x" : 11.281153,
      "y" : 0.309017,
      "z" : -4.309017
    }, {
      "x" : 0.7135255,
      "y" : -0.1545085,
      "z" : -0.559017
    } ],
    "faces" : [ {
      "vertices" : [ 2, 4, 8, 3 ]
    }, {
      "vertices" : [ 2, 7, 5, 4 ]
    }, {
      "vertices" : [ 4, 6, 8 ]
    }, {
      "vertices" : [ 5, 8, 6 ]
    }, {
      "vertices" : [ 1, 2, 3 ]
    }, {
      "vertices" : [ 3, 8, 5, 7 ]
    }, {
      "vertices" : [ 1, 7, 2 ]
    }, {
      "vertices" : [ 1, 3, 7 ]
    }, {
      "vertices" : [ 4, 5, 6 ]
    } ]
  }, {
    "id" : "04b5bfd8-c19a-46f9-a203-8325a8ffb715",
    "vertices" : [ {
      "x" : 0.0,
      "y" : 0.0,
      "z" : 0.0
    }, {
      "x" : 0.0,
      "y" : 4.618034,
      "z" : 12.09017
    }, {
      "x" : 0.618034,
      "y" : 3.0,
      "z" : 12.09017
    }, {
      "x" : 0.618034,
      "y" : -1.0,
      "z" : 1.618034
    } ],
    "faces" : [ {
      "vertices" : [ 0, 1, 2, 3 ]
    }, {
      "vertices" : [ 0, 3, 2, 1 ]
    } ]
  }, {
    "id" : "8b54980f-50fd-4dac-a999-9325febff9c1",
    "vertices" : [ {
      "x" : 0.0,
      "y" : 0.0,
      "z" : 0.0
    }, {
      "x" : -0.618034,
      "y" : 1.0,
      "z" : -1.618034
    }, {
      "x" : -5.236068,
      "y" : 13.09017,
      "z" : -1.618034
    }, {
      "x" : -5.236068,
      "y" : 13.708204,
      "z" : 0.0
    } ],
    "faces" : [ {
      "vertices" : [ 0, 1, 2, 3 ]
    }, {
      "vertices" : [ 0, 3, 2, 1 ]
    } ]
  }, {
    "id" : "ebcd1fd0-5425-4ca6-9bca-63dd2d59f39b",
    "vertices" : [ {
      "x" : 0.0,
      "y" : 0.0,
      "z" : 0.0
    }, {
      "x" : -0.618034,
      "y" : 1.0,
      "z" : -1.618034
    }, {
      "x" : -0.618034,
      "y" : 5.618034,
      "z" : 10.472136
    }, {
      "x" : 0.0,
      "y" : 4.0,
      "z" : 10.472136
    } ],
    "faces" : [ {
      "vertices" : [ 0, 1, 2, 3 ]
    }, {
      "vertices" : [ 0, 3, 2, 1 ]
    } ]
  }, {
    "id" : "70c673e3-c61f-4620-b23d-99acf01fbe53",
    "vertices" : [ {
      "x" : 0.0,
      "y" : 0.0,
      "z" : 0.0
    }, {
      "x" : -0.618034,
      "y" : 1.0,
      "z" : -1.618034
    }, {
      "x" : -0.618034,
      "y" : 5.618034,
      "z" : 10.472136
    }, {
      "x" : 0.0,
      "y" : 4.618034,
      "z" : 12.09017
    } ],
    "faces" : [ {
      "vertices" : [ 0, 1, 2, 3 ]
    }, {
      "vertices" : [ 0, 3, 2, 1 ]
    } ]
  }, {
    "id" : "0a53a68d-8453-4722-a42d-bd752fef9688",
    "vertices" : [ {
      "x" : 0.0,
      "y" : 0.0,
      "z" : 0.0
    }, {
      "x" : -0.618034,
      "y" : 1.0,
      "z" : -1.618034
    }, {
      "x" : -0.618034,
      "y" : 6.236068,
      "z" : 12.09017
    }, {
      "x" : 0.0,
      "y" : 4.618034,
      "z" : 12.09017
    } ],
    "faces" : [ {
      "vertices" : [ 0, 1, 2, 3 ]
    }, {
      "vertices" : [ 0, 3, 2, 1 ]
    } ]
  }, {
    "id" : "77fdfd22-694c-4675-968a-f3a7ace62065",
    "vertices" : [ {
      "x" : 0.0,
      "y" : 0.0,
      "z" : 0.0
    }, {
      "x" : -0.618034,
      "y" : 1.618034,
      "z" : 0.0
    }, {
      "x" : -0.618034,
      "y" : 6.236068,
      "z" : 12.09017
    }, {
      "x" : 0.0,
      "y" : 4.618034,
      "z" : 12.09017
    } ],
    "faces" : [ {
      "vertices" : [ 0, 1, 2, 3 ]
    }, {
      "vertices" : [ 0, 3, 2, 1 ]
    } ]
  }, {
    "id" : "eee9cb19-d6d2-431b-8219-99f168132c11",
    "vertices" : [ {
      "x" : 0.0,
      "y" : 0.0,
      "z" : 0.0
    }, {
      "x" : -4.0,
      "y" : 10.472136,
      "z" : 0.0
    }, {
      "x" : -4.0,
      "y" : 11.09017,
      "z" : 1.618034
    }, {
      "x" : 0.618034,
      "y" : -1.0,
      "z" : 1.618034
    } ],
    "faces" : [ {
      "vertices" : [ 0, 1, 2, 3 ]
    }, {
      "vertices" : [ 0, 3, 2, 1 ]
    } ]
  }, {
    "id" : "cf912368-d27f-471b-b8a0-baf646a79ebb",
    "vertices" : [ {
      "x" : 0.0,
      "y" : 0.0,
      "z" : 0.0
    }, {
      "x" : 0.0,
      "y" : -0.618034,
      "z" : -1.618034
    }, {
      "x" : -5.236068,
      "y" : 13.09017,
      "z" : -1.618034
    }, {
      "x" : -4.618034,
      "y" : 12.09017,
      "z" : 0.0
    } ],
    "faces" : [ {
      "vertices" : [ 0, 1, 2, 3 ]
    }, {
      "vertices" : [ 0, 3, 2, 1 ]
    } ]
  }, {
    "id" : "6197cd96-8aa0-473b-85b7-c01889bcd213",
    "vertices" : [ {
      "x" : 0.0,
      "y" : 0.0,
      "z" : 0.0
    }, {
      "x" : 0.0,
      "y" : 0.618034,
      "z" : 1.618034
    }, {
      "x" : 4.618034,
      "y" : -11.472136,
      "z" : 1.618034
    }, {
      "x" : 4.618034,
      "y" : -12.09017,
      "z" : 0.0
    } ],
    "faces" : [ {
      "vertices" : [ 0, 1, 2, 3 ]
    }, {
      "vertices" : [ 0, 3, 2, 1 ]
    } ]
  }, {
    "id" : "eda71eb6-854b-4a8f-bbd4-22dae23e8a36",
    "vertices" : [ {
      "x" : 0.0,
      "y" : 0.0,
      "z" : 0.0
    }, {
      "x" : -0.618034,
      "y" : 2.236068,
      "z" : 1.618034
    }, {
      "x" : 6.854102,
      "y" : -17.326239,
      "z" : 1.618034
    }, {
      "x" : 6.236068,
      "y" : -16.326239,
      "z" : 0.0
    } ],
    "faces" : [ {
      "vertices" : [ 0, 1, 2, 3 ]
    }, {
      "vertices" : [ 0, 3, 2, 1 ]
    } ]
  }, {
    "id" : "a440ddb8-e43b-4ada-ba0a-28205d72fb75",
    "vertices" : [ {
      "x" : 0.0,
      "y" : 0.0,
      "z" : 0.0
    }, {
      "x" : 0.618034,
      "y" : -2.236068,
      "z" : -1.618034
    }, {
      "x" : -6.854102,
      "y" : 17.326239,
      "z" : -1.618034
    }, {
      "x" : -6.236068,
      "y" : 16.326239,
      "z" : 0.0
    } ],
    "faces" : [ {
      "vertices" : [ 0, 1, 2, 3 ]
    }, {
      "vertices" : [ 0, 3, 2, 1 ]
    } ]
  }, {
    "id" : "034924ff-9932-4914-80d1-359fc344ece2",
    "vertices" : [ {
      "x" : 0.0,
      "y" : 0.0,
      "z" : 0.0
    }, {
      "x" : 0.618034,
      "y" : -2.236068,
      "z" : -1.618034
    }, {
      "x" : 0.618034,
      "y" : -8.472136,
      "z" : -17.944271
    }, {
      "x" : 0.0,
      "y" : -7.472136,
      "z" : -19.562305
    } ],
    "faces" : [ {
      "vertices" : [ 0, 1, 2, 3 ]
    }, {
      "vertices" : [ 0, 3, 2, 1 ]
    } ]
  }, {
    "id" : "a4adda58-f1a4-4a2b-b293-947906ec1e5f",
    "vertices" : [ {
      "x" : 0.0,
      "y" : 0.0,
      "z" : 0.0
    }, {
      "x" : 0.618034,
      "y" : -1.618034,
      "z" : 0.0
    }, {
      "x" : 0.618034,
      "y" : -7.236068,
      "z" : -14.708204
    }, {
      "x" : 0.0,
      "y" : -6.236068,
      "z" : -16.326239
    } ],
    "faces" : [ {
      "vertices" : [ 0, 1, 2, 3 ]
    }, {
      "vertices" : [ 0, 3, 2, 1 ]
    } ]
  }, {
    "id" : "fcd8790b-b364-4a88-a6ef-a681106146f9",
    "vertices" : [ {
      "x" : 0.0,
      "y" : 0.0,
      "z" : 0.0
    }, {
      "x" : -0.618034,
      "y" : 2.236068,
      "z" : 1.618034
    }, {
      "x" : -0.618034,
      "y" : 8.472136,
      "z" : 17.944271
    }, {
      "x" : 0.0,
      "y" : 7.472136,
      "z" : 19.562305
    } ],
    "faces" : [ {
      "vertices" : [ 0, 1, 2, 3 ]
    }, {
      "vertices" : [ 0, 3, 2, 1 ]
    } ]
  }, {
    "id" : "042c4ff6-4c12-453d-8bad-caf9d663ae0b",
    "vertices" : [ {
      "x" : 0.0,
      "y" : 0.0,
      "z" : 0.0
    }, {
      "x" : 0.618034,
      "y" : -1.0,
      "z" : 1.618034
    }, {
      "x" : 6.236068,
      "y" : -15.708204,
      "z" : 1.618034
    }, {
      "x" : 6.236068,
      "y" : -16.326239,
      "z" : 0.0
    } ],
    "faces" : [ {
      "vertices" : [ 0, 1, 2, 3 ]
    }, {
      "vertices" : [ 0, 3, 2, 1 ]
    } ]
  }, {
    "id" : "de7e9f13-f0cf-415c-abe3-67c4842b315a",
    "vertices" : [ {
      "x" : 0.0,
      "y" : 0.0,
      "z" : 0.0
    }, {
      "x" : -0.618034,
      "y" : 1.0,
      "z" : -1.618034
    }, {
      "x" : -0.618034,
      "y" : 7.236068,
      "z" : 14.708204
    }, {
      "x" : 0.0,
      "y" : 5.618034,
      "z" : 14.708204
    } ],
    "faces" : [ {
      "vertices" : [ 0, 1, 2, 3 ]
    }, {
      "vertices" : [ 0, 3, 2, 1 ]
    } ]
  }, {
    "id" : "fe4c919d-b366-472f-b773-8a702551e37d",
    "vertices" : [ {
      "x" : 0.0,
      "y" : 0.0,
      "z" : 0.0
    }, {
      "x" : 0.618034,
      "y" : -1.0,
      "z" : 1.618034
    }, {
      "x" : 0.618034,
      "y" : -7.236068,
      "z" : -14.708204
    }, {
      "x" : 0.0,
      "y" : -5.618034,
      "z" : -14.708204
    } ],
    "faces" : [ {
      "vertices" : [ 0, 1, 2, 3 ]
    }, {
      "vertices" : [ 0, 3, 2, 1 ]
    } ]
  }, {
    "id" : "6532fcaa-de81-4ade-a719-f0194ae51c54",
    "vertices" : [ {
      "x" : 0.0,
      "y" : 0.0,
      "z" : 0.0
    }, {
      "x" : 0.0,
      "y" : 0.618034,
      "z" : 1.618034
    }, {
      "x" : 6.236068,
      "y" : -15.708204,
      "z" : 1.618034
    }, {
      "x" : 5.618034,
      "y" : -14.708204,
      "z" : 0.0
    } ],
    "faces" : [ {
      "vertices" : [ 0, 1, 2, 3 ]
    }, {
      "vertices" : [ 0, 3, 2, 1 ]
    } ]
  }, {
    "id" : "d39bfc9d-6e3a-4025-a125-5c14512c931d",
    "vertices" : [ {
      "x" : 0.0,
      "y" : 0.0,
      "z" : 0.0
    }, {
      "x" : -0.618034,
      "y" : 1.618034,
      "z" : 0.0
    }, {
      "x" : -0.618034,
      "y" : 7.236068,
      "z" : 14.708204
    }, {
      "x" : 0.0,
      "y" : 6.236068,
      "z" : 16.326239
    } ],
    "faces" : [ {
      "vertices" : [ 0, 1, 2, 3 ]
    }, {
      "vertices" : [ 0, 3, 2, 1 ]
    } ]
  }, {
    "id" : "de1fddaf-e54f-4cd8-bdad-405589add68c",
    "vertices" : [ {
      "x" : 0.0,
      "y" : 0.0,
      "z" : 0.0
    }, {
      "x" : -0.618034,
      "y" : 1.0,
      "z" : -1.618034
    }, {
      "x" : -6.236068,
      "y" : 15.708204,
      "z" : -1.618034
    }, {
      "x" : -6.236068,
      "y" : 16.326239,
      "z" : 0.0
    } ],
    "faces" : [ {
      "vertices" : [ 0, 1, 2, 3 ]
    }, {
      "vertices" : [ 0, 3, 2, 1 ]
    } ]
  }, {
    "id" : "b129bb5b-5192-4eb1-aeb1-31719b6b0dc1",
    "orbit" : "yellow",
    "orbitC" : "[[0,0,1],[2,-1,1]]",
    "length" : "[-2,3,1]",
    "name" : " :-2 +3*phi",
    "vertices" : [ {
      "x" : 19.562305,
      "y" : 0.0,
      "z" : -7.472136
    }, {
      "x" : 19.253288,
      "y" : 0.0,
      "z" : -7.354102
    }, {
      "x" : 18.84878,
      "y" : -0.1545085,
      "z" : -6.913119
    }, {
      "x" : 18.657797,
      "y" : -0.1545085,
      "z" : -7.413119
    }, {
      "x" : 0.9045085,
      "y" : -0.1545085,
      "z" : -0.059016995
    }, {
      "x" : 0.809017,
      "y" : 0.309017,
      "z" : -0.309017
    }, {
      "x" : 0.309017,
      "y" : 0.0,
      "z" : -0.11803399
    }, {
      "x" : 18.753288,
      "y" : 0.309017,
      "z" : -7.163119
    }, {
      "x" : 0.7135255,
      "y" : -0.1545085,
      "z" : -0.559017
    } ],
    "faces" : [ {
      "vertices" : [ 2, 4, 8, 3 ]
    }, {
      "vertices" : [ 2, 7, 5, 4 ]
    }, {
      "vertices" : [ 4, 6, 8 ]
    }, {
      "vertices" : [ 5, 8, 6 ]
    }, {
      "vertices" : [ 1, 2, 3 ]
    }, {
      "vertices" : [ 3, 8, 5, 7 ]
    }, {
      "vertices" : [ 1, 7, 2 ]
    }, {
      "vertices" : [ 1, 3, 7 ]
    }, {
      "vertices" : [ 4, 5, 6 ]
    } ]
  }, {
    "id" : "70ad2cd4-bacd-45cf-87e4-0f3ef0f3d4d2",
    "vertices" : [ {
      "x" : 0.0,
      "y" : 0.0,
      "z" : 0.0
    }, {
      "x" : 0.618034,
      "y" : -1.0,
      "z" : 1.618034
    }, {
      "x" : 0.618034,
      "y" : -7.854102,
      "z" : -16.326239
    }, {
      "x" : 0.0,
      "y" : -6.236068,
      "z" : -16.326239
    } ],
    "faces" : [ {
      "vertices" : [ 0, 1, 2, 3 ]
    }, {
      "vertices" : [ 0, 3, 2, 1 ]
    } ]
  }, {
    "id" : "43efe060-a31c-4028-8681-9a120f0a77b6",
    "vertices" : [ {
      "x" : 0.0,
      "y" : 0.0,
      "z" : 0.0
    }, {
      "x" : -0.618034,
      "y" : 1.618034,
      "z" : 0.0
    }, {
      "x" : -0.618034,
      "y" : 7.854102,
      "z" : 16.326239
    }, {
      "x" : 0.0,
      "y" : 6.854102,
      "z" : 17.944271
    } ],
    "faces" : [ {
      "vertices" : [ 0, 1, 2, 3 ]
    }, {
      "vertices" : [ 0, 3, 2, 1 ]
    } ]
  }, {
    "id" : "a5cf8ced-f331-461b-bce2-5f7bb2c46b57",
    "vertices" : [ {
      "x" : 0.0,
      "y" : 0.0,
      "z" : 0.0
    }, {
      "x" : 0.618034,
      "y" : -1.618034,
      "z" : 0.0
    }, {
      "x" : 0.618034,
      "y" : -7.854102,
      "z" : -16.326239
    }, {
      "x" : 0.0,
      "y" : -6.854102,
      "z" : -17.944271
    } ],
    "faces" : [ {
      "vertices" : [ 0, 1, 2, 3 ]
    }, {
      "vertices" : [ 0, 3, 2, 1 ]
    } ]
  }, {
    "id" : "94437bd9-bcfa-4dae-8ef5-680cb4b79efb",
    "vertices" : [ {
      "x" : 0.0,
      "y" : 0.0,
      "z" : 0.0
    }, {
      "x" : 0.0,
      "y" : -0.618034,
      "z" : -1.618034
    }, {
      "x" : -6.854102,
      "y" : 17.326239,
      "z" : -1.618034
    }, {
      "x" : -6.236068,
      "y" : 16.326239,
      "z" : 0.0
    } ],
    "faces" : [ {
      "vertices" : [ 0, 1, 2, 3 ]
    }, {
      "vertices" : [ 0, 3, 2, 1 ]
    } ]
  }, {
    "id" : "51a0f101-fe41-46ab-9f3c-a1b10b7783af",
    "vertices" : [ {
      "x" : 0.0,
      "y" : 0.0,
      "z" : 0.0
    }, {
      "x" : -0.618034,
      "y" : 1.0,
      "z" : -1.618034
    }, {
      "x" : -6.854102,
      "y" : 17.326239,
      "z" : -1.618034
    }, {
      "x" : -6.854102,
      "y" : 17.944271,
      "z" : 0.0
    } ],
    "faces" : [ {
      "vertices" : [ 0, 1, 2, 3 ]
    }, {
      "vertices" : [ 0, 3, 2, 1 ]
    } ]
  }, {
    "id" : "3d6e959e-c743-41c3-a2f2-c1d0d30d16a6",
    "vertices" : [ {
      "x" : 0.0,
      "y" : 0.0,
      "z" : 0.0
    }, {
      "x" : -0.618034,
      "y" : 2.236068,
      "z" : 1.618034
    }, {
      "x" : 7.472136,
      "y" : -18.944271,
      "z" : 1.618034
    }, {
      "x" : 6.854102,
      "y" : -17.944271,
      "z" : 0.0
    } ],
    "faces" : [ {
      "vertices" : [ 0, 1, 2, 3 ]
    }, {
      "vertices" : [ 0, 3, 2, 1 ]
    } ]
  }, {
    "id" : "b7785a90-7392-4229-85b1-2f7c1ccb3da9",
    "vertices" : [ {
      "x" : 0.0,
      "y" : 0.0,
      "z" : 0.0
    }, {
      "x" : -0.618034,
      "y" : 2.236068,
      "z" : 1.618034
    }, {
      "x" : -0.618034,
      "y" : 9.09017,
      "z" : 19.562305
    }, {
      "x" : 0.0,
      "y" : 8.09017,
      "z" : 21.18034
    } ],
    "faces" : [ {
      "vertices" : [ 0, 1, 2, 3 ]
    }, {
      "vertices" : [ 0, 3, 2, 1 ]
    } ]
  }, {
    "id" : "9ff9d658-4d14-4213-8226-a4bf9097fadd",
    "vertices" : [ {
      "x" : 0.0,
      "y" : 0.0,
      "z" : 0.0
    }, {
      "x" : 0.618034,
      "y" : -2.236068,
      "z" : -1.618034
    }, {
      "x" : 0.618034,
      "y" : -9.09017,
      "z" : -19.562305
    }, {
      "x" : 0.0,
      "y" : -8.09017,
      "z" : -21.18034
    } ],
    "faces" : [ {
      "vertices" : [ 0, 1, 2, 3 ]
    }, {
      "vertices" : [ 0, 3, 2, 1 ]
    } ]
  }, {
    "id" : "9fb18cc2-5d8e-4667-a2dc-eee61f92acd9",
    "vertices" : [ {
      "x" : 0.0,
      "y" : 0.0,
      "z" : 0.0
    }, {
      "x" : 0.0,
      "y" : 0.618034,
      "z" : 1.618034
    }, {
      "x" : 6.854102,
      "y" : -17.326239,
      "z" : 1.618034
    }, {
      "x" : 6.236068,
      "y" : -16.326239,
      "z" : 0.0
    } ],
    "faces" : [ {
      "vertices" : [ 0, 1, 2, 3 ]
    }, {
      "vertices" : [ 0, 3, 2, 1 ]
    } ]
  }, {
    "id" : "e34f443a-b563-4e46-928e-8493135ceee0",
    "vertices" : [ {
      "x" : 0.0,
      "y" : 0.0,
      "z" : 0.0
    }, {
      "x" : -0.618034,
      "y" : 1.0,
      "z" : -1.618034
    }, {
      "x" : -0.618034,
      "y" : 7.854102,
      "z" : 16.326239
    }, {
      "x" : 0.0,
      "y" : 6.236068,
      "z" : 16.326239
    } ],
    "faces" : [ {
      "vertices" : [ 0, 1, 2, 3 ]
    }, {
      "vertices" : [ 0, 3, 2, 1 ]
    } ]
  }, {
    "id" : "df8373e4-f485-447f-9e11-d94c250209f1",
    "vertices" : [ {
      "x" : 0.0,
      "y" : 0.0,
      "z" : 0.0
    }, {
      "x" : 0.618034,
      "y" : -1.0,
      "z" : 1.618034
    }, {
      "x" : 7.472136,
      "y" : -18.944271,
      "z" : 1.618034
    }, {
      "x" : 8.09017,
      "y" : -21.18034,
      "z" : 0.0
    } ],
    "faces" : [ {
      "vertices" : [ 0, 1, 2, 3 ]
    }, {
      "vertices" : [ 0, 3, 2, 1 ]
    } ]
  } ],
  "instances" : [ {
    "shape" : "f64fb791-7457-4798-a8a5-edbe016e4605",
    "color" : "#7FCC9F",
    "position" : {
      "x" : -8.472136,
      "y" : 8.472136,
      "z" : -8.472136
    },
    "orientation" : 53
  }, {
    "shape" : "9769a67e-1126-4a82-9490-f05c26672ec3",
    "color" : "#F2F2F2",
    "position" : {
      "x" : -2.0,
      "y" : 0.0,
      "z" : 29.888544
    }
  }, {
    "shape" : "ac71b681-03f9-4c8d-993d-060e2b3a751c",
    "color" : "#7FCC9F",
    "position" : {
      "x" : -5.472136,
      "y" : 22.416409,
      "z" : 7.472136
    },
    "orientation" : 6
  }, {
    "shape" : "e421a122-99a0-4b79-89c7-f93fd256fb1e",
    "color" : "#7FCC9F",
    "position" : {
      "x" : 30.888544,
      "y" : 1.0,
      "z" : 1.0
    },
    "orientation" : 7
  }, {
    "shape" : "9769a67e-1126-4a82-9490-f05c26672ec3",
    "color" : "#F2F2F2",
    "position" : {
      "x" : -30.888544,
      "y" : 1.0,
      "z" : 1.0
    }
  }, {
    "shape" : "9769a67e-1126-4a82-9490-f05c26672ec3",
    "color" : "#F2F2F2",
    "position" : {
      "x" : 7.472136,
      "y" : -24.416409,
      "z" : 7.472136
    }
  }, {
    "shape" : "9769a67e-1126-4a82-9490-f05c26672ec3",
    "color" : "#F2F2F2",
    "position" : {
      "x" : -23.416409,
      "y" : 8.472136,
      "z" : 6.472136
    }
  }, {
    "shape" : "1b3d6bdd-0f6e-4305-9acd-7460c69c3a31",
    "color" : "#7FCC9F",
    "position" : {
      "x" : 8.472136,
      "y" : -8.472136,
      "z" : 21.416409
    },
    "orientation" : 21
  }, {
    "shape" : "888c242a-ca76-4bd1-aab7-f5d438f8599c",
    "color" : "#7FCC9F",
    "position" : {
      "x" : 8.472136,
      "y" : -8.472136,
      "z" : 23.416409
    },
    "orientation" : 37
  }, {
    "shape" : "9769a67e-1126-4a82-9490-f05c26672ec3",
    "color" : "#F2F2F2",
    "position" : {
      "x" : 7.472136,
      "y" : -20.416409,
      "z" : 7.472136
    }
  }, {
    "shape" : "2a7a3103-b49d-4fb4-b428-47c2e9103192",
    "color" : "#7FCC9F",
    "position" : {
      "x" : 6.472136,
      "y" : -6.472136,
      "z" : -8.472136
    },
    "orientation" : 52
  }, {
    "shape" : "9769a67e-1126-4a82-9490-f05c26672ec3",
    "color" : "#F2F2F2",
    "position" : {
      "x" : 8.472136,
      "y" : 6.472136,
      "z" : 8.472136
    }
  }, {
    "shape" : "1c28b5db-456f-4e1c-9185-b30ad973f36c",
    "color" : "#7FCC9F",
    "position" : {
      "x" : 5.472136,
      "y" : -7.472136,
      "z" : -7.472136
    },
    "orientation" : 36
  }, {
    "shape" : "9769a67e-1126-4a82-9490-f05c26672ec3",
    "color" : "#F2F2F2",
    "position" : {
      "x" : 0.0,
      "y" : 0.0,
      "z" : 27.888544
    }
  }, {
    "shape" : "9769a67e-1126-4a82-9490-f05c26672ec3",
    "color" : "#F2F2F2",
    "position" : {
      "x" : 6.472136,
      "y" : 21.416409,
      "z" : -8.472136
    }
  }, {
    "shape" : "9769a67e-1126-4a82-9490-f05c26672ec3",
    "color" : "#F2F2F2",
    "position" : {
      "x" : -1.0,
      "y" : 1.0,
      "z" : -1.0
    }
  }, {
    "shape" : "9769a67e-1126-4a82-9490-f05c26672ec3",
    "color" : "#F2F2F2",
    "position" : {
      "x" : 2.0,
      "y" : -14.944272,
      "z" : -14.944272
    }
  }, {
    "shape" : "ac71b681-03f9-4c8d-993d-060e2b3a751c",
    "color" : "#7FCC9F",
    "position" : {
      "x" : -22.416409,
      "y" : -7.472136,
      "z" : -5.472136
    },
    "orientation" : 38
  }, {
    "shape" : "9769a67e-1126-4a82-9490-f05c26672ec3",
    "color" : "#F2F2F2",
    "position" : {
      "x" : -6.472136,
      "y" : -8.472136,
      "z" : -23.416409
    }
  }, {
    "shape" : "9769a67e-1126-4a82-9490-f05c26672ec3",
    "color" : "#F2F2F2",
    "position" : {
      "x" : -2.0,
      "y" : 29.888544,
      "z" : 0.0
    }
  }, {
    "shape" : "9769a67e-1126-4a82-9490-f05c26672ec3",
    "color" : "#F2F2F2",
    "position" : {
      "x" : -7.472136,
      "y" : 7.472136,
      "z" : -5.472136
    }
  }, {
    "shape" : "b3f5278a-30b1-4f86-8ee7-6df3d0209ac0",
    "color" : "#7FCC9F",
    "position" : {
      "x" : 13.944272,
      "y" : -13.944272,
      "z" : 1.0
    },
    "orientation" : 51
  }, {
    "shape" : "9769a67e-1126-4a82-9490-f05c26672ec3",
    "color" : "#F2F2F2",
    "position" : {
      "x" : -6.472136,
      "y" : 21.416409,
      "z" : 8.472136
    }
  }, {
    "shape" : "9769a67e-1126-4a82-9490-f05c26672ec3",
    "color" : "#F2F2F2",
    "position" : {
      "x" : -7.472136,
      "y" : 22.416409,
      "z" : 9.472136
    }
  }, {
    "shape" : "e421a122-99a0-4b79-89c7-f93fd256fb1e",
    "color" : "#7FCC9F",
    "position" : {
      "x" : 1.0,
      "y" : 1.0,
      "z" : 30.888544
    },
    "orientation" : 6
  }, {
    "shape" : "9769a67e-1126-4a82-9490-f05c26672ec3",
    "color" : "#F2F2F2",
    "position" : {
      "x" : 22.416409,
      "y" : -7.472136,
      "z" : 7.472136
    }
  }, {
    "shape" : "ac71b681-03f9-4c8d-993d-060e2b3a751c",
    "color" : "#7FCC9F",
    "position" : {
      "x" : 22.416409,
      "y" : -7.472136,
      "z" : 5.472136
    },
    "orientation" : 23
  }, {
    "shape" : "9769a67e-1126-4a82-9490-f05c26672ec3",
    "color" : "#F2F2F2",
    "position" : {
      "x" : 5.472136,
      "y" : 7.472136,
      "z" : -22.416409
    }
  }, {
    "shape" : "9769a67e-1126-4a82-9490-f05c26672ec3",
    "color" : "#F2F2F2",
    "position" : {
      "x" : 13.944272,
      "y" : 1.0,
      "z" : -13.944272
    }
  }, {
    "shape" : "9769a67e-1126-4a82-9490-f05c26672ec3",
    "color" : "#F2F2F2",
    "position" : {
      "x" : -15.944272,
      "y" : 1.0,
      "z" : 13.944272
    }
  }, {
    "shape" : "9769a67e-1126-4a82-9490-f05c26672ec3",
    "color" : "#F2F2F2",
    "position" : {
      "x" : -7.472136,
      "y" : -22.416409,
      "z" : -7.472136
    }
  }, {
    "shape" : "1c28b5db-456f-4e1c-9185-b30ad973f36c",
    "color" : "#7FCC9F",
    "position" : {
      "x" : -7.472136,
      "y" : -7.472136,
      "z" : -20.416409
    },
    "orientation" : 38
  }, {
    "shape" : "e421a122-99a0-4b79-89c7-f93fd256fb1e",
    "color" : "#7FCC9F",
    "position" : {
      "x" : 1.0,
      "y" : 30.888544,
      "z" : 1.0
    },
    "orientation" : 8
  }, {
    "shape" : "9769a67e-1126-4a82-9490-f05c26672ec3",
    "color" : "#F2F2F2",
    "position" : {
      "x" : -5.472136,
      "y" : 7.472136,
      "z" : 22.416409
    }
  }, {
    "shape" : "7b079041-e253-4d8d-a741-f5dbd4516172",
    "color" : "#7FCC9F",
    "position" : {
      "x" : -12.944272,
      "y" : 14.944272,
      "z" : 0.0
    },
    "orientation" : 8
  }, {
    "shape" : "9769a67e-1126-4a82-9490-f05c26672ec3",
    "color" : "#F2F2F2",
    "position" : {
      "x" : 1.0,
      "y" : -1.0,
      "z" : -28.888544
    }
  }, {
    "shape" : "29c2bc12-e5f8-46a3-bba6-d478d7bdfae4",
    "color" : "#7FCC9F",
    "position" : {
      "x" : 8.472136,
      "y" : -23.416409,
      "z" : 6.472136
    },
    "orientation" : 21
  }, {
    "shape" : "9769a67e-1126-4a82-9490-f05c26672ec3",
    "color" : "#F2F2F2",
    "position" : {
      "x" : 0.0,
      "y" : 29.888544,
      "z" : 2.0
    }
  }, {
    "shape" : "9769a67e-1126-4a82-9490-f05c26672ec3",
    "color" : "#F2F2F2",
    "position" : {
      "x" : -13.944272,
      "y" : 1.0,
      "z" : -15.944272
    }
  }, {
    "shape" : "9769a67e-1126-4a82-9490-f05c26672ec3",
    "color" : "#F2F2F2",
    "position" : {
      "x" : 7.472136,
      "y" : -5.472136,
      "z" : -7.472136
    }
  }, {
    "shape" : "9769a67e-1126-4a82-9490-f05c26672ec3",
    "color" : "#F2F2F2",
    "position" : {
      "x" : -6.472136,
      "y" : 23.416409,
      "z" : 6.472136
    }
  }, {
    "shape" : "9769a67e-1126-4a82-9490-f05c26672ec3",
    "color" : "#F2F2F2",
    "position" : {
      "x" : -7.472136,
      "y" : -22.416409,
      "z" : -5.472136
    }
  }, {
    "shape" : "9769a67e-1126-4a82-9490-f05c26672ec3",
    "color" : "#F2F2F2",
    "position" : {
      "x" : -15.944272,
      "y" : 13.944272,
      "z" : 1.0
    }
  }, {
    "shape" : "9769a67e-1126-4a82-9490-f05c26672ec3",
    "color" : "#F2F2F2",
