{
  "polygons" : "true",
  "field" : "golden",
  "symmetry" : "icosahedral",
  "orientations" : [ [ 1.0, 0.0, 0.0, 0.0, 0.0, 1.0, 0.0, 0.0, 0.0, 0.0, 1.0, 0.0, 0.0, 0.0, 0.0, 1.0 ], [ 0.0, 0.0, 1.0, 0.0, 1.0, 0.0, 0.0, 0.0, 0.0, 1.0, 0.0, 0.0, 0.0, 0.0, 0.0, 1.0 ], [ 0.0, 1.0, 0.0, 0.0, 0.0, 0.0, 1.0, 0.0, 1.0, 0.0, 0.0, 0.0, 0.0, 0.0, 0.0, 1.0 ], [ 0.809017, 0.309017, 0.5, 0.0, 0.309017, 0.5, -0.809017, 0.0, -0.5, 0.809017, 0.309017, 0.0, 0.0, 0.0, 0.0, 1.0 ], [ -0.5, 0.809017, 0.309017, 0.0, 0.809017, 0.309017, 0.5, 0.0, 0.309017, 0.5, -0.809017, 0.0, 0.0, 0.0, 0.0, 1.0 ], [ 0.309017, 0.5, -0.809017, 0.0, -0.5, 0.809017, 0.309017, 0.0, 0.809017, 0.309017, 0.5, 0.0, 0.0, 0.0, 0.0, 1.0 ], [ 0.5, 0.809017, 0.309017, 0.0, 0.809017, -0.309017, -0.5, 0.0, -0.309017, 0.5, -0.809017, 0.0, 0.0, 0.0, 0.0, 1.0 ], [ -0.309017, 0.5, -0.809017, 0.0, 0.5, 0.809017, 0.309017, 0.0, 0.809017, -0.309017, -0.5, 0.0, 0.0, 0.0, 0.0, 1.0 ], [ 0.809017, -0.309017, -0.5, 0.0, -0.309017, 0.5, -0.809017, 0.0, 0.5, 0.809017, 0.309017, 0.0, 0.0, 0.0, 0.0, 1.0 ], [ 0.5, 0.809017, -0.309017, 0.0, 0.809017, -0.309017, 0.5, 0.0, 0.309017, -0.5, -0.809017, 0.0, 0.0, 0.0, 0.0, 1.0 ], [ 0.309017, -0.5, -0.809017, 0.0, 0.5, 0.809017, -0.309017, 0.0, 0.809017, -0.309017, 0.5, 0.0, 0.0, 0.0, 0.0, 1.0 ], [ 0.809017, -0.309017, 0.5, 0.0, 0.309017, -0.5, -0.809017, 0.0, 0.5, 0.809017, -0.309017, 0.0, 0.0, 0.0, 0.0, 1.0 ], [ 0.809017, 0.309017, -0.5, 0.0, 0.309017, 0.5, 0.809017, 0.0, 0.5, -0.809017, 0.309017, 0.0, 0.0, 0.0, 0.0, 1.0 ], [ 0.5, -0.809017, 0.309017, 0.0, 0.809017, 0.309017, -0.5, 0.0, 0.309017, 0.5, 0.809017, 0.0, 0.0, 0.0, 0.0, 1.0 ], [ 0.309017, 0.5, 0.809017, 0.0, 0.5, -0.809017, 0.309017, 0.0, 0.809017, 0.309017, -0.5, 0.0, 0.0, 0.0, 0.0, 1.0 ], [ 1.0, 0.0, 0.0, 0.0, 0.0, -1.0, 0.0, 0.0, 0.0, 0.0, -1.0, 0.0, 0.0, 0.0, 0.0, 1.0 ], [ 0.0, 0.0, 1.0, 0.0, -1.0, 0.0, 0.0, 0.0, 0.0, -1.0, 0.0, 0.0, 0.0, 0.0, 0.0, 1.0 ], [ 0.0, 1.0, 0.0, 0.0, 0.0, 0.0, -1.0, 0.0, -1.0, 0.0, 0.0, 0.0, 0.0, 0.0, 0.0, 1.0 ], [ 0.809017, 0.309017, 0.5, 0.0, -0.309017, -0.5, 0.809017, 0.0, 0.5, -0.809017, -0.309017, 0.0, 0.0, 0.0, 0.0, 1.0 ], [ -0.5, 0.809017, 0.309017, 0.0, -0.809017, -0.309017, -0.5, 0.0, -0.309017, -0.5, 0.809017, 0.0, 0.0, 0.0, 0.0, 1.0 ], [ 0.309017, 0.5, -0.809017, 0.0, 0.5, -0.809017, -0.309017, 0.0, -0.809017, -0.309017, -0.5, 0.0, 0.0, 0.0, 0.0, 1.0 ], [ 0.5, 0.809017, 0.309017, 0.0, -0.809017, 0.309017, 0.5, 0.0, 0.309017, -0.5, 0.809017, 0.0, 0.0, 0.0, 0.0, 1.0 ], [ -0.309017, 0.5, -0.809017, 0.0, -0.5, -0.809017, -0.309017, 0.0, -0.809017, 0.309017, 0.5, 0.0, 0.0, 0.0, 0.0, 1.0 ], [ 0.809017, -0.309017, -0.5, 0.0, 0.309017, -0.5, 0.809017, 0.0, -0.5, -0.809017, -0.309017, 0.0, 0.0, 0.0, 0.0, 1.0 ], [ 0.5, 0.809017, -0.309017, 0.0, -0.809017, 0.309017, -0.5, 0.0, -0.309017, 0.5, 0.809017, 0.0, 0.0, 0.0, 0.0, 1.0 ], [ 0.309017, -0.5, -0.809017, 0.0, -0.5, -0.809017, 0.309017, 0.0, -0.809017, 0.309017, -0.5, 0.0, 0.0, 0.0, 0.0, 1.0 ], [ 0.809017, -0.309017, 0.5, 0.0, -0.309017, 0.5, 0.809017, 0.0, -0.5, -0.809017, 0.309017, 0.0, 0.0, 0.0, 0.0, 1.0 ], [ 0.809017, 0.309017, -0.5, 0.0, -0.309017, -0.5, -0.809017, 0.0, -0.5, 0.809017, -0.309017, 0.0, 0.0, 0.0, 0.0, 1.0 ], [ 0.5, -0.809017, 0.309017, 0.0, -0.809017, -0.309017, 0.5, 0.0, -0.309017, -0.5, -0.809017, 0.0, 0.0, 0.0, 0.0, 1.0 ], [ 0.309017, 0.5, 0.809017, 0.0, -0.5, 0.809017, -0.309017, 0.0, -0.809017, -0.309017, 0.5, 0.0, 0.0, 0.0, 0.0, 1.0 ], [ -1.0, 0.0, 0.0, 0.0, 0.0, -1.0, 0.0, 0.0, 0.0, 0.0, 1.0, 0.0, 0.0, 0.0, 0.0, 1.0 ], [ 0.0, 0.0, -1.0, 0.0, -1.0, 0.0, 0.0, 0.0, 0.0, 1.0, 0.0, 0.0, 0.0, 0.0, 0.0, 1.0 ], [ 0.0, -1.0, 0.0, 0.0, 0.0, 0.0, -1.0, 0.0, 1.0, 0.0, 0.0, 0.0, 0.0, 0.0, 0.0, 1.0 ], [ -0.809017, -0.309017, -0.5, 0.0, -0.309017, -0.5, 0.809017, 0.0, -0.5, 0.809017, 0.309017, 0.0, 0.0, 0.0, 0.0, 1.0 ], [ 0.5, -0.809017, -0.309017, 0.0, -0.809017, -0.309017, -0.5, 0.0, 0.309017, 0.5, -0.809017, 0.0, 0.0, 0.0, 0.0, 1.0 ], [ -0.309017, -0.5, 0.809017, 0.0, 0.5, -0.809017, -0.309017, 0.0, 0.809017, 0.309017, 0.5, 0.0, 0.0, 0.0, 0.0, 1.0 ], [ -0.5, -0.809017, -0.309017, 0.0, -0.809017, 0.309017, 0.5, 0.0, -0.309017, 0.5, -0.809017, 0.0, 0.0, 0.0, 0.0, 1.0 ], [ 0.309017, -0.5, 0.809017, 0.0, -0.5, -0.809017, -0.309017, 0.0, 0.809017, -0.309017, -0.5, 0.0, 0.0, 0.0, 0.0, 1.0 ], [ -0.809017, 0.309017, 0.5, 0.0, 0.309017, -0.5, 0.809017, 0.0, 0.5, 0.809017, 0.309017, 0.0, 0.0, 0.0, 0.0, 1.0 ], [ -0.5, -0.809017, 0.309017, 0.0, -0.809017, 0.309017, -0.5, 0.0, 0.309017, -0.5, -0.809017, 0.0, 0.0, 0.0, 0.0, 1.0 ], [ -0.309017, 0.5, 0.809017, 0.0, -0.5, -0.809017, 0.309017, 0.0, 0.809017, -0.309017, 0.5, 0.0, 0.0, 0.0, 0.0, 1.0 ], [ -0.809017, 0.309017, -0.5, 0.0, -0.309017, 0.5, 0.809017, 0.0, 0.5, 0.809017, -0.309017, 0.0, 0.0, 0.0, 0.0, 1.0 ], [ -0.809017, -0.309017, 0.5, 0.0, -0.309017, -0.5, -0.809017, 0.0, 0.5, -0.809017, 0.309017, 0.0, 0.0, 0.0, 0.0, 1.0 ], [ -0.5, 0.809017, -0.309017, 0.0, -0.809017, -0.309017, 0.5, 0.0, 0.309017, 0.5, 0.809017, 0.0, 0.0, 0.0, 0.0, 1.0 ], [ -0.309017, -0.5, -0.809017, 0.0, -0.5, 0.809017, -0.309017, 0.0, 0.809017, 0.309017, -0.5, 0.0, 0.0, 0.0, 0.0, 1.0 ], [ -1.0, 0.0, 0.0, 0.0, 0.0, 1.0, 0.0, 0.0, 0.0, 0.0, -1.0, 0.0, 0.0, 0.0, 0.0, 1.0 ], [ 0.0, 0.0, -1.0, 0.0, 1.0, 0.0, 0.0, 0.0, 0.0, -1.0, 0.0, 0.0, 0.0, 0.0, 0.0, 1.0 ], [ 0.0, -1.0, 0.0, 0.0, 0.0, 0.0, 1.0, 0.0, -1.0, 0.0, 0.0, 0.0, 0.0, 0.0, 0.0, 1.0 ], [ -0.809017, -0.309017, -0.5, 0.0, 0.309017, 0.5, -0.809017, 0.0, 0.5, -0.809017, -0.309017, 0.0, 0.0, 0.0, 0.0, 1.0 ], [ 0.5, -0.809017, -0.309017, 0.0, 0.809017, 0.309017, 0.5, 0.0, -0.309017, -0.5, 0.809017, 0.0, 0.0, 0.0, 0.0, 1.0 ], [ -0.309017, -0.5, 0.809017, 0.0, -0.5, 0.809017, 0.309017, 0.0, -0.809017, -0.309017, -0.5, 0.0, 0.0, 0.0, 0.0, 1.0 ], [ -0.5, -0.809017, -0.309017, 0.0, 0.809017, -0.309017, -0.5, 0.0, 0.309017, -0.5, 0.809017, 0.0, 0.0, 0.0, 0.0, 1.0 ], [ 0.309017, -0.5, 0.809017, 0.0, 0.5, 0.809017, 0.309017, 0.0, -0.809017, 0.309017, 0.5, 0.0, 0.0, 0.0, 0.0, 1.0 ], [ -0.809017, 0.309017, 0.5, 0.0, -0.309017, 0.5, -0.809017, 0.0, -0.5, -0.809017, -0.309017, 0.0, 0.0, 0.0, 0.0, 1.0 ], [ -0.5, -0.809017, 0.309017, 0.0, 0.809017, -0.309017, 0.5, 0.0, -0.309017, 0.5, 0.809017, 0.0, 0.0, 0.0, 0.0, 1.0 ], [ -0.309017, 0.5, 0.809017, 0.0, 0.5, 0.809017, -0.309017, 0.0, -0.809017, 0.309017, -0.5, 0.0, 0.0, 0.0, 0.0, 1.0 ], [ -0.809017, 0.309017, -0.5, 0.0, 0.309017, -0.5, -0.809017, 0.0, -0.5, -0.809017, 0.309017, 0.0, 0.0, 0.0, 0.0, 1.0 ], [ -0.809017, -0.309017, 0.5, 0.0, 0.309017, 0.5, 0.809017, 0.0, -0.5, 0.809017, -0.309017, 0.0, 0.0, 0.0, 0.0, 1.0 ], [ -0.5, 0.809017, -0.309017, 0.0, 0.809017, 0.309017, -0.5, 0.0, -0.309017, -0.5, -0.809017, 0.0, 0.0, 0.0, 0.0, 1.0 ], [ -0.309017, -0.5, -0.809017, 0.0, 0.5, -0.809017, 0.309017, 0.0, -0.809017, -0.309017, 0.5, 0.0, 0.0, 0.0, 0.0, 1.0 ] ],
  "lights" : {
    "backgroundColor" : "#AFC8DC",
    "ambientColor" : "#292929",
    "directionalLights" : [ {
      "direction" : [ 1.0, -1.0, -1.0 ],
      "color" : "#EBEBE4"
    }, {
      "direction" : [ -1.0, 0.0, 0.0 ],
      "color" : "#E4E4EB"
    }, {
      "direction" : [ 0.0, 0.0, -1.0 ],
      "color" : "#1E1E1E"
    } ]
  },
  "camera" : {
    "perspective" : true,
    "fieldOfView" : 0.44263002,
    "lookAtPoint" : {
      "x" : 0.0,
      "y" : 0.0,
      "z" : 0.0
    },
    "upDirection" : {
      "x" : 0.0,
      "y" : 1.0,
      "z" : 0.0
    },
    "stereo" : false,
    "width" : 152.99025,
    "lookDirection" : {
      "x" : 0.0,
      "y" : 0.0,
      "z" : -1.0
    },
    "farClipDistance" : 679.9566,
    "nearClipDistance" : 0.8499446,
    "viewDistance" : 339.97745,
    "lookAtPointRV" : {
      "x" : 0.0,
      "y" : 0.0,
      "z" : 0.0,
      "zero" : true
    },
    "lookDirectionRV" : {
      "x" : 0.0,
      "y" : 0.0,
      "z" : -1.0,
      "zero" : false
    },
    "upDirectionRV" : {
      "x" : 0.0,
      "y" : 1.0,
      "z" : 0.0,
      "zero" : false
    },
    "position" : {
      "x" : 0.0,
      "y" : 0.0,
      "z" : 339.97745
    }
  },
  "embedding" : [ 1.0, 0.0, 0.0, 0.0, 0.0, 1.0, 0.0, 0.0, 0.0, 0.0, 1.0, 0.0, 0.0, 0.0, 0.0, 1.0 ],
  "shapes" : [ {
    "id" : "78d52a2d-d518-49d8-a716-14320a6e5e87",
    "name" : "ball",
    "vertices" : [ {
      "x" : 0.309017,
      "y" : -0.309017,
      "z" : -0.309017
    }, {
      "x" : 0.5,
      "y" : 0.0,
      "z" : -0.19098301
    }, {
      "x" : 0.5,
      "y" : 0.0,
      "z" : 0.19098301
    }, {
      "x" : 0.309017,
      "y" : -0.309017,
      "z" : 0.309017
    }, {
      "x" : 0.19098301,
      "y" : -0.5,
      "z" : 0.0
    }, {
      "x" : 0.0,
      "y" : 0.19098301,
      "z" : 0.5
    }, {
      "x" : 0.0,
      "y" : -0.19098301,
      "z" : 0.5
    }, {
      "x" : 0.309017,
      "y" : 0.309017,
      "z" : 0.309017
    }, {
      "x" : -0.309017,
      "y" : -0.309017,
      "z" : 0.309017
    }, {
      "x" : -0.309017,
      "y" : 0.309017,
      "z" : 0.309017
    }, {
      "x" : -0.5,
      "y" : 0.0,
      "z" : 0.19098301
    }, {
      "x" : 0.0,
      "y" : -0.19098301,
      "z" : -0.5
    }, {
      "x" : 0.0,
      "y" : 0.19098301,
      "z" : -0.5
    }, {
      "x" : 0.309017,
      "y" : 0.309017,
      "z" : -0.309017
    }, {
      "x" : -0.309017,
      "y" : -0.309017,
      "z" : -0.309017
    }, {
      "x" : -0.19098301,
      "y" : -0.5,
      "z" : 0.0
    }, {
      "x" : -0.5,
      "y" : 0.0,
      "z" : -0.19098301
    }, {
      "x" : 0.19098301,
      "y" : 0.5,
      "z" : 0.0
    }, {
      "x" : -0.309017,
      "y" : 0.309017,
      "z" : -0.309017
    }, {
      "x" : 0.0,
      "y" : 0.0,
      "z" : 0.0
    }, {
      "x" : -0.19098301,
      "y" : 0.5,
      "z" : 0.0
    } ],
    "faces" : [ {
      "vertices" : [ 12, 18, 20, 17, 13 ]
    }, {
      "vertices" : [ 3, 6, 8, 15, 4 ]
    }, {
      "vertices" : [ 0, 11, 12, 13, 1 ]
    }, {
      "vertices" : [ 5, 9, 10, 8, 6 ]
    }, {
      "vertices" : [ 2, 7, 5, 6, 3 ]
    }, {
      "vertices" : [ 11, 14, 16, 18, 12 ]
    }, {
      "vertices" : [ 1, 13, 17, 7, 2 ]
    }, {
      "vertices" : [ 9, 20, 18, 16, 10 ]
    }, {
      "vertices" : [ 0, 1, 2, 3, 4 ]
    }, {
      "vertices" : [ 5, 7, 17, 20, 9 ]
    }, {
      "vertices" : [ 0, 4, 15, 14, 11 ]
    }, {
      "vertices" : [ 8, 10, 16, 14, 15 ]
    } ]
  }, {
    "id" : "7244298f-54d0-4351-bc93-abbd9626de1b",
    "vertices" : [ {
      "x" : 0.0,
      "y" : 0.0,
      "z" : 0.0
    }, {
      "x" : 0.0,
      "y" : 6.09017,
      "z" : 15.944272
    }, {
      "x" : 0.38196602,
      "y" : 5.472136,
      "z" : 16.944271
    }, {
      "x" : 0.38196602,
      "y" : -0.618034,
      "z" : 1.0
    } ],
    "faces" : [ {
      "vertices" : [ 0, 1, 2, 3 ]
    }, {
      "vertices" : [ 0, 3, 2, 1 ]
    } ]
  }, {
    "id" : "a1c6c835-a370-4896-8ea4-65a308afa82b",
    "vertices" : [ {
      "x" : 0.0,
      "y" : 0.0,
      "z" : 0.0
    }, {
      "x" : 6.09017,
      "y" : -15.944272,
      "z" : 0.0
    }, {
      "x" : 6.09017,
      "y" : -22.034441,
      "z" : -15.944272
    }, {
      "x" : 0.0,
      "y" : -6.09017,
      "z" : -15.944272
    } ],
    "faces" : [ {
      "vertices" : [ 0, 1, 2, 3 ]
    }, {
      "vertices" : [ 0, 3, 2, 1 ]
    } ]
  }, {
    "id" : "ce05641f-8a5f-49ab-a0a2-b8941aa83ea4",
    "orbit" : "yellow",
    "orbitC" : "[[0,0,1],[2,-1,1]]",
    "length" : "[\"1\",\"1\",\"1\"]",
    "name" : "y3",
    "vertices" : [ {
      "x" : 17.944271,
      "y" : 0.0,
      "z" : -6.854102
    }, {
      "x" : 17.635256,
      "y" : 0.0,
      "z" : -6.736068
    }, {
      "x" : 17.230747,
      "y" : -0.1545085,
      "z" : -6.295085
    }, {
      "x" : 17.039762,
      "y" : -0.1545085,
      "z" : -6.795085
    }, {
      "x" : 0.9045085,
      "y" : -0.1545085,
      "z" : -0.059016995
    }, {
      "x" : 0.809017,
      "y" : 0.309017,
      "z" : -0.309017
    }, {
      "x" : 0.309017,
      "y" : 0.0,
      "z" : -0.11803399
    }, {
      "x" : 17.135256,
      "y" : 0.309017,
      "z" : -6.545085
    }, {
      "x" : 0.7135255,
      "y" : -0.1545085,
      "z" : -0.559017
    } ],
    "faces" : [ {
      "vertices" : [ 2, 4, 8, 3 ]
    }, {
      "vertices" : [ 2, 7, 5, 4 ]
    }, {
      "vertices" : [ 4, 6, 8 ]
    }, {
      "vertices" : [ 5, 8, 6 ]
    }, {
      "vertices" : [ 1, 2, 3 ]
    }, {
      "vertices" : [ 3, 8, 5, 7 ]
    }, {
      "vertices" : [ 1, 7, 2 ]
    }, {
      "vertices" : [ 1, 3, 7 ]
    }, {
      "vertices" : [ 4, 5, 6 ]
    } ]
  }, {
    "id" : "00427337-93bd-4f85-a45d-56acb510770f",
    "vertices" : [ {
      "x" : 0.0,
      "y" : 0.0,
      "z" : 0.0
    }, {
      "x" : 0.38196602,
      "y" : -0.618034,
      "z" : 1.0
    }, {
      "x" : 6.472136,
      "y" : -16.562305,
      "z" : 1.0
    }, {
      "x" : 6.09017,
      "y" : -15.944272,
      "z" : 0.0
    } ],
    "faces" : [ {
      "vertices" : [ 0, 1, 2, 3 ]
    }, {
      "vertices" : [ 0, 3, 2, 1 ]
    } ]
  }, {
    "id" : "7a86db49-e703-47e9-af6a-3c1cdb3f4c8b",
    "vertices" : [ {
      "x" : 0.0,
      "y" : 0.0,
      "z" : 0.0
    }, {
      "x" : 0.38196602,
      "y" : -0.618034,
      "z" : 1.0
    }, {
      "x" : 0.38196602,
      "y" : -7.09017,
      "z" : -15.944272
    }, {
      "x" : 0.0,
      "y" : -6.09017,
      "z" : -15.944272
    } ],
    "faces" : [ {
      "vertices" : [ 0, 1, 2, 3 ]
    }, {
      "vertices" : [ 0, 3, 2, 1 ]
    } ]
  }, {
    "id" : "f84ace2d-a458-4275-a716-b6a09cb99e2c",
    "vertices" : [ {
      "x" : 0.0,
      "y" : 0.0,
      "z" : 0.0
    }, {
      "x" : -6.09017,
      "y" : 15.944272,
      "z" : 0.0
    }, {
      "x" : -6.09017,
      "y" : 22.034441,
      "z" : 15.944272
    }, {
      "x" : 0.0,
      "y" : 6.09017,
      "z" : 15.944272
    } ],
    "faces" : [ {
      "vertices" : [ 0, 1, 2, 3 ]
    }, {
      "vertices" : [ 0, 3, 2, 1 ]
    } ]
  }, {
    "id" : "0f2951cb-ee14-4a1b-9974-98985654ff26",
    "vertices" : [ {
      "x" : 0.0,
      "y" : 0.0,
      "z" : 0.0
    }, {
      "x" : -0.38196602,
      "y" : 0.618034,
      "z" : -1.0
    }, {
      "x" : -0.38196602,
      "y" : 7.09017,
      "z" : 15.944272
    }, {
      "x" : 0.0,
      "y" : 6.09017,
      "z" : 15.944272
    } ],
    "faces" : [ {
      "vertices" : [ 0, 1, 2, 3 ]
    }, {
      "vertices" : [ 0, 3, 2, 1 ]
    } ]
  }, {
    "id" : "b6477256-3d50-41c1-a848-fde0e22313ca",
    "vertices" : [ {
      "x" : 0.0,
      "y" : 0.0,
      "z" : 0.0
    }, {
      "x" : 0.0,
      "y" : -0.38196602,
      "z" : -1.0
    }, {
      "x" : -6.472136,
      "y" : 16.562305,
      "z" : -1.0
    }, {
      "x" : -6.09017,
      "y" : 15.944272,
      "z" : 0.0
    } ],
    "faces" : [ {
      "vertices" : [ 0, 1, 2, 3 ]
    }, {
      "vertices" : [ 0, 3, 2, 1 ]
    } ]
  }, {
    "id" : "10ddabaf-18a9-4bfd-b931-b59022179f5e",
    "vertices" : [ {
      "x" : 0.0,
      "y" : 0.0,
      "z" : 0.0
    }, {
      "x" : 0.0,
      "y" : 0.38196602,
      "z" : 1.0
    }, {
      "x" : 6.472136,
      "y" : -16.562305,
      "z" : 1.0
    }, {
      "x" : 6.09017,
      "y" : -15.944272,
      "z" : 0.0
    } ],
    "faces" : [ {
      "vertices" : [ 0, 1, 2, 3 ]
    }, {
      "vertices" : [ 0, 3, 2, 1 ]
    } ]
  }, {
    "id" : "c73ae0fe-4066-4ecd-b33f-7421cdccc3c1",
    "orbit" : "yellow",
    "orbitC" : "[[0,0,1],[2,-1,1]]",
    "length" : "[\"5\",\"-3\",\"1\"]",
    "name" : " :5 -3*phi",
    "vertices" : [ {
      "x" : 0.51582605,
      "y" : -0.26666668,
      "z" : -0.033367023
    }, {
      "x" : 0.41582605,
      "y" : 0.13333334,
      "z" : 0.06663298
    }, {
      "x" : 0.48417395,
      "y" : 0.26666668,
      "z" : -0.348599
    }, {
      "x" : 0.5841739,
      "y" : -0.13333334,
      "z" : -0.44859898
    }, {
      "x" : 0.18249273,
      "y" : 0.26666668,
      "z" : -0.23336703
    }, {
      "x" : 0.28249273,
      "y" : -0.13333334,
      "z" : -0.33336702
    }, {
      "x" : 0.81750727,
      "y" : -0.26666668,
      "z" : -0.14859898
    }, {
      "x" : 0.71750724,
      "y" : 0.13333334,
      "z" : -0.04859899
    } ],
    "faces" : [ {
      "vertices" : [ 2, 3, 6, 7 ]
    }, {
      "vertices" : [ 0, 5, 4, 1 ]
    }, {
      "vertices" : [ 2, 4, 5, 3 ]
    }, {
      "vertices" : [ 0, 6, 3, 5 ]
    }, {
      "vertices" : [ 0, 1, 7, 6 ]
    }, {
      "vertices" : [ 1, 4, 2, 7 ]
    } ]
  } ],
  "instances" : [ {
    "shape" : "78d52a2d-d518-49d8-a716-14320a6e5e87",
    "color" : "#F2F2F2",
    "position" : {
      "x" : 22.18034,
      "y" : 0.0,
      "z" : 1.236068
    }
  }, {
    "shape" : "78d52a2d-d518-49d8-a716-14320a6e5e87",
    "color" : "#F2F2F2",
    "position" : {
      "x" : 23.416409,
      "y" : 0.0,
      "z" : -20.944271
    }
  }, {
    "shape" : "7244298f-54d0-4351-bc93-abbd9626de1b",
    "color" : "#7FCC9F",
    "position" : {
      "x" : 22.18034,
      "y" : 0.0,
      "z" : -20.944271
    },
    "orientation" : 52
  }, {
    "shape" : "78d52a2d-d518-49d8-a716-14320a6e5e87",
    "color" : "#F2F2F2",
    "position" : {
      "x" : 22.18034,
      "y" : 20.944271,
      "z" : 22.18034
    }
  }, {
    "shape" : "78d52a2d-d518-49d8-a716-14320a6e5e87",
    "color" : "#F2F2F2",
    "position" : {
      "x" : 0.0,
      "y" : 1.236068,
      "z" : 43.12461
    }
  }, {
    "shape" : "a1c6c835-a370-4896-8ea4-65a308afa82b",
    "color" : "#7FCC9F",
    "position" : {
      "x" : 12.326238,
      "y" : -9.854102,
      "z" : -11.09017
    },
    "orientation" : 51
  }, {
    "shape" : "78d52a2d-d518-49d8-a716-14320a6e5e87",
    "color" : "#F2F2F2",
    "position" : {
      "x" : -12.326238,
      "y" : -32.034443,
      "z" : -11.09017
    }
  }, {
    "shape" : "ce05641f-8a5f-49ab-a0a2-b8941aa83ea4",
    "color" : "#FFB31A",
    "position" : {
      "x" : -11.09017,
      "y" : 11.09017,
      "z" : -11.09017
    },
    "orientation" : 19
  }, {
    "shape" : "78d52a2d-d518-49d8-a716-14320a6e5e87",
    "color" : "#F2F2F2",
    "position" : {
      "x" : -11.09017,
      "y" : -9.854102,
      "z" : -9.854102
    }
  }, {
    "shape" : "ce05641f-8a5f-49ab-a0a2-b8941aa83ea4",
    "color" : "#FFB31A",
    "position" : {
      "x" : 0.0,
      "y" : -44.36068,
      "z" : 0.0
    },
    "orientation" : 9
  }, {
    "shape" : "00427337-93bd-4f85-a45d-56acb510770f",
    "color" : "#7FCC9F",
    "position" : {
      "x" : 0.0,
      "y" : 43.12461,
      "z" : 0.0
    },
    "orientation" : 52
  }, {
    "shape" : "78d52a2d-d518-49d8-a716-14320a6e5e87",
    "color" : "#F2F2F2",
    "position" : {
      "x" : 11.09017,
      "y" : -32.034443,
      "z" : 12.326238
    }
  }, {
    "shape" : "78d52a2d-d518-49d8-a716-14320a6e5e87",
    "color" : "#F2F2F2",
    "position" : {
      "x" : -20.944271,
      "y" : -23.416409,
      "z" : 0.0
    }
  }, {
    "shape" : "7244298f-54d0-4351-bc93-abbd9626de1b",
    "color" : "#7FCC9F",
    "position" : {
      "x" : 11.09017,
      "y" : -32.034443,
      "z" : 11.09017
    },
    "orientation" : 21
  }, {
    "shape" : "78d52a2d-d518-49d8-a716-14320a6e5e87",
    "color" : "#F2F2F2",
    "position" : {
      "x" : 22.18034,
      "y" : 0.0,
      "z" : -20.944271
    }
  }, {
    "shape" : "78d52a2d-d518-49d8-a716-14320a6e5e87",
    "color" : "#F2F2F2",
    "position" : {
      "x" : 33.27051,
      "y" : -11.09017,
      "z" : 9.854102
    }
  }, {
    "shape" : "7a86db49-e703-47e9-af6a-3c1cdb3f4c8b",
    "color" : "#7FCC9F",
    "position" : {
      "x" : 9.854102,
      "y" : -32.034443,
      "z" : 11.09017
    },
    "orientation" : 37
  }, {
    "shape" : "78d52a2d-d518-49d8-a716-14320a6e5e87",
    "color" : "#F2F2F2",
    "position" : {
      "x" : 22.18034,
      "y" : 0.0,
      "z" : 0.0
    }
  }, {
    "shape" : "78d52a2d-d518-49d8-a716-14320a6e5e87",
    "color" : "#F2F2F2",
    "position" : {
      "x" : -20.944271,
      "y" : 0.0,
      "z" : -23.416409
    }
  }, {
    "shape" : "78d52a2d-d518-49d8-a716-14320a6e5e87",
    "color" : "#F2F2F2",
    "position" : {
      "x" : -10.472136,
      "y" : 11.708204,
      "z" : 11.708204
    }
  }, {
    "shape" : "78d52a2d-d518-49d8-a716-14320a6e5e87",
    "color" : "#F2F2F2",
    "position" : {
      "x" : 0.0,
      "y" : -43.12461,
      "z" : -1.236068
    }
  }, {
    "shape" : "ce05641f-8a5f-49ab-a0a2-b8941aa83ea4",
    "color" : "#FFB31A",
    "position" : {
      "x" : 0.0,
      "y" : 22.18034,
      "z" : 22.18034
    },
    "orientation" : 54
  }, {
    "shape" : "78d52a2d-d518-49d8-a716-14320a6e5e87",
    "color" : "#F2F2F2",
    "position" : {
      "x" : -20.944271,
      "y" : 23.416409,
      "z" : 0.0
    }
  }, {
    "shape" : "f84ace2d-a458-4275-a716-b6a09cb99e2c",
    "color" : "#7FCC9F",
    "position" : {
      "x" : -1.236068,
      "y" : -20.944271,
      "z" : 0.0
    },
    "orientation" : 36
  }, {
    "shape" : "78d52a2d-d518-49d8-a716-14320a6e5e87",
    "color" : "#F2F2F2",
    "position" : {
      "x" : -9.854102,
      "y" : 11.09017,
      "z" : -33.27051
    }
  }, {
    "shape" : "78d52a2d-d518-49d8-a716-14320a6e5e87",
    "color" : "#F2F2F2",
    "position" : {
      "x" : 11.09017,
      "y" : -9.854102,
      "z" : 11.09017
    }
  }, {
    "shape" : "ce05641f-8a5f-49ab-a0a2-b8941aa83ea4",
    "color" : "#FFB31A",
    "position" : {
      "x" : 0.0,
      "y" : 0.0,
      "z" : -22.18034
    },
    "orientation" : 9
  }, {
    "shape" : "00427337-93bd-4f85-a45d-56acb510770f",
    "color" : "#7FCC9F",
    "position" : {
      "x" : 20.944271,
      "y" : 22.18034,
      "z" : 0.0
    },
    "orientation" : 21
  }, {
    "shape" : "78d52a2d-d518-49d8-a716-14320a6e5e87",
    "color" : "#F2F2F2",
    "position" : {
      "x" : 22.798374,
      "y" : 0.618034,
      "z" : 0.618034
    }
  }, {
    "shape" : "ce05641f-8a5f-49ab-a0a2-b8941aa83ea4",
    "color" : "#FFB31A",
    "position" : {
      "x" : 0.0,
      "y" : -22.18034,
      "z" : 0.0
    },
    "orientation" : 5
  }, {
    "shape" : "78d52a2d-d518-49d8-a716-14320a6e5e87",
    "color" : "#F2F2F2",
    "position" : {
      "x" : 0.0,
      "y" : -20.944271,
      "z" : -22.18034
    }
  }, {
    "shape" : "78d52a2d-d518-49d8-a716-14320a6e5e87",
    "color" : "#F2F2F2",
    "position" : {
      "x" : -21.562305,
      "y" : 21.562305,
      "z" : -21.562305
    }
  }, {
    "shape" : "78d52a2d-d518-49d8-a716-14320a6e5e87",
    "color" : "#F2F2F2",
    "position" : {
      "x" : 20.944271,
      "y" : 22.18034,
      "z" : -22.18034
    }
  }, {
    "shape" : "78d52a2d-d518-49d8-a716-14320a6e5e87",
    "color" : "#F2F2F2",
    "position" : {
      "x" : -22.18034,
      "y" : -1.236068,
      "z" : -1.236068
    }
  }, {
    "shape" : "78d52a2d-d518-49d8-a716-14320a6e5e87",
    "color" : "#F2F2F2",
    "position" : {
      "x" : 22.18034,
      "y" : 22.18034,
      "z" : 20.944271
    }
  }, {
    "shape" : "ce05641f-8a5f-49ab-a0a2-b8941aa83ea4",
    "color" : "#FFB31A",
    "position" : {
      "x" : -33.27051,
      "y" : -11.09017,
      "z" : 11.09017
    },
    "orientation" : 5
  }, {
    "shape" : "7a86db49-e703-47e9-af6a-3c1cdb3f4c8b",
    "color" : "#7FCC9F",
    "position" : {
      "x" : -1.236068,
      "y" : -20.944271,
      "z" : 0.0
    },
    "orientation" : 37
  }, {
    "shape" : "78d52a2d-d518-49d8-a716-14320a6e5e87",
    "color" : "#F2F2F2",
    "position" : {
      "x" : 21.562305,
      "y" : -21.562305,
      "z" : 0.618034
    }
  }, {
    "shape" : "7244298f-54d0-4351-bc93-abbd9626de1b",
    "color" : "#7FCC9F",
    "position" : {
      "x" : 0.0,
      "y" : 22.18034,
      "z" : 20.944271
    },
    "orientation" : 37
  }, {
    "shape" : "7a86db49-e703-47e9-af6a-3c1cdb3f4c8b",
    "color" : "#7FCC9F",
    "position" : {
      "x" : 20.944271,
      "y" : 0.0,
      "z" : 23.416409
    },
    "orientation" : 6
  }, {
    "shape" : "0f2951cb-ee14-4a1b-9974-98985654ff26",
    "color" : "#7FCC9F",
    "position" : {
      "x" : 11.09017,
      "y" : -9.854102,
      "z" : 32.034443
    },
    "orientation" : 36
  }, {
    "shape" : "7244298f-54d0-4351-bc93-abbd9626de1b",
    "color" : "#7FCC9F",
    "position" : {
      "x" : 32.034443,
      "y" : -11.09017,
      "z" : 11.09017
    },
    "orientation" : 8
  }, {
    "shape" : "78d52a2d-d518-49d8-a716-14320a6e5e87",
    "color" : "#F2F2F2",
    "position" : {
      "x" : 0.0,
      "y" : 20.944271,
      "z" : 22.18034
    }
  }, {
    "shape" : "78d52a2d-d518-49d8-a716-14320a6e5e87",
    "color" : "#F2F2F2",
    "position" : {
      "x" : -11.09017,
      "y" : -11.09017,
      "z" : 32.034443
    }
  }, {
    "shape" : "78d52a2d-d518-49d8-a716-14320a6e5e87",
    "color" : "#F2F2F2",
    "position" : {
      "x" : -12.326238,
      "y" : -11.09017,
      "z" : -11.09017
    }
  }, {
    "shape" : "78d52a2d-d518-49d8-a716-14320a6e5e87",
    "color" : "#F2F2F2",
    "position" : {
      "x" : 1.236068,
      "y" : -22.18034,
      "z" : -20.944271
    }
  }, {
    "shape" : "78d52a2d-d518-49d8-a716-14320a6e5e87",
    "color" : "#F2F2F2",
    "position" : {
      "x" : 0.0,
      "y" : -23.416409,
      "z" : 0.0
    }
  }, {
    "shape" : "78d52a2d-d518-49d8-a716-14320a6e5e87",
    "color" : "#F2F2F2",
    "position" : {
      "x" : 11.09017,
      "y" : -33.27051,
      "z" : -11.09017
    }
  }, {
    "shape" : "ce05641f-8a5f-49ab-a0a2-b8941aa83ea4",
    "color" : "#FFB31A",
    "position" : {
      "x" : -11.09017,
      "y" : -11.09017,
      "z" : 33.27051
    },
    "orientation" : 24
  }, {
    "shape" : "78d52a2d-d518-49d8-a716-14320a6e5e87",
    "color" : "#F2F2F2",
    "position" : {
      "x" : -11.09017,
      "y" : 32.034443,
      "z" : 12.326238
    }
  }, {
    "shape" : "78d52a2d-d518-49d8-a716-14320a6e5e87",
    "color" : "#F2F2F2",
    "position" : {
      "x" : -23.416409,
      "y" : 0.0,
      "z" : 0.0
    }
  }, {
    "shape" : "78d52a2d-d518-49d8-a716-14320a6e5e87",
    "color" : "#F2F2F2",
    "position" : {
      "x" : -20.944271,
      "y" : -20.944271,
      "z" : -22.18034
    }
  }, {
    "shape" : "78d52a2d-d518-49d8-a716-14320a6e5e87",
    "color" : "#F2F2F2",
    "position" : {
      "x" : 0.0,
      "y" : 22.18034,
      "z" : 1.236068
    }
  }, {
    "shape" : "00427337-93bd-4f85-a45d-56acb510770f",
    "color" : "#7FCC9F",
    "position" : {
      "x" : 11.09017,
      "y" : -32.034443,
      "z" : 11.09017
    },
    "orientation" : 22
  }, {
    "shape" : "78d52a2d-d518-49d8-a716-14320a6e5e87",
    "color" : "#F2F2F2",
    "position" : {
      "x" : 11.09017,
      "y" : 32.034443,
      "z" : -11.09017
    }
  }, {
    "shape" : "78d52a2d-d518-49d8-a716-14320a6e5e87",
    "color" : "#F2F2F2",
    "position" : {
      "x" : -11.09017,
      "y" : 12.326238,
      "z" : -11.09017
    }
  }, {
    "shape" : "7a86db49-e703-47e9-af6a-3c1cdb3f4c8b",
    "color" : "#7FCC9F",
    "position" : {
      "x" : 12.326238,
      "y" : 9.854102,
      "z" : 11.09017
    },
    "orientation" : 7
  }, {
    "shape" : "78d52a2d-d518-49d8-a716-14320a6e5e87",
    "color" : "#F2F2F2",
    "position" : {
      "x" : 0.618034,
      "y" : -0.618034,
      "z" : -0.618034
    }
  }, {
    "shape" : "ce05641f-8a5f-49ab-a0a2-b8941aa83ea4",
    "color" : "#FFB31A",
    "position" : {
      "x" : 0.0,
      "y" : -22.18034,
      "z" : 0.0
    },
    "orientation" : 54
  }, {
    "shape" : "78d52a2d-d518-49d8-a716-14320a6e5e87",
    "color" : "#F2F2F2",
    "position" : {
      "x" : -11.09017,
      "y" : -11.09017,
      "z" : -9.854102
    }
  }, {
    "shape" : "78d52a2d-d518-49d8-a716-14320a6e5e87",
    "color" : "#F2F2F2",
    "position" : {
      "x" : -22.18034,
      "y" : 22.18034,
      "z" : 22.18034
    }
  }, {
    "shape" : "78d52a2d-d518-49d8-a716-14320a6e5e87",
    "color" : "#F2F2F2",
    "position" : {
      "x" : -22.18034,
      "y" : 1.236068,
      "z" : -22.18034
    }
  }, {
    "shape" : "b6477256-3d50-41c1-a848-fde0e22313ca",
    "color" : "#7FCC9F",
    "position" : {
      "x" : -1.236068,
      "y" : 0.0,
      "z" : 0.0
    },
    "orientation" : 23
  }, {
    "shape" : "00427337-93bd-4f85-a45d-56acb510770f",
    "color" : "#7FCC9F",
    "position" : {
      "x" : 11.09017,
      "y" : 11.09017,
      "z" : 32.034443
    },
    "orientation" : 38
  }, {
    "shape" : "b6477256-3d50-41c1-a848-fde0e22313ca",
    "color" : "#7FCC9F",
    "position" : {
      "x" : 11.09017,
      "y" : -11.09017,
      "z" : 12.326238
    },
    "orientation" : 22
  }, {
    "shape" : "ce05641f-8a5f-49ab-a0a2-b8941aa83ea4",
    "color" : "#FFB31A",
    "position" : {
      "x" : 0.0,
      "y" : -22.18034,
      "z" : -22.18034
    },
    "orientation" : 39
  }, {
    "shape" : "78d52a2d-d518-49d8-a716-14320a6e5e87",
    "color" : "#F2F2F2",
    "position" : {
      "x" : -21.562305,
      "y" : -21.562305,
      "z" : 21.562305
    }
  }, {
    "shape" : "78d52a2d-d518-49d8-a716-14320a6e5e87",
    "color" : "#F2F2F2",
    "position" : {
      "x" : 10.472136,
      "y" : 11.708204,
      "z" : -11.708204
    }
  }, {
    "shape" : "ce05641f-8a5f-49ab-a0a2-b8941aa83ea4",
    "color" : "#FFB31A",
    "position" : {
      "x" : 0.0,
      "y" : 44.36068,
      "z" : 0.0
    },
    "orientation" : 39
  }, {
    "shape" : "00427337-93bd-4f85-a45d-56acb510770f",
    "color" : "#7FCC9F",
    "position" : {
      "x" : 20.944271,
      "y" : 0.0,
      "z" : 22.18034
    },
    "orientation" : 21
  }, {
    "shape" : "7244298f-54d0-4351-bc93-abbd9626de1b",
    "color" : "#7FCC9F",
    "position" : {
      "x" : 11.09017,
      "y" : -11.09017,
      "z" : 32.034443
    },
    "orientation" : 37
  }, {
    "shape" : "b6477256-3d50-41c1-a848-fde0e22313ca",
    "color" : "#7FCC9F",
    "position" : {
      "x" : 11.09017,
      "y" : -9.854102,
      "z" : 11.09017
    },
    "orientation" : 36
  }, {
    "shape" : "78d52a2d-d518-49d8-a716-14320a6e5e87",
    "color" : "#F2F2F2",
    "position" : {
      "x" : -33.27051,
      "y" : -11.09017,
      "z" : -11.09017
    }
  }, {
    "shape" : "ce05641f-8a5f-49ab-a0a2-b8941aa83ea4",
    "color" : "#FFB31A",
    "position" : {
      "x" : -11.09017,
      "y" : 33.27051,
      "z" : -11.09017
    },
    "orientation" : 19
  }, {
    "shape" : "78d52a2d-d518-49d8-a716-14320a6e5e87",
    "color" : "#F2F2F2",
    "position" : {
      "x" : -9.854102,
      "y" : 11.09017,
      "z" : 11.09017
    }
  }, {
    "shape" : "ce05641f-8a5f-49ab-a0a2-b8941aa83ea4",
    "color" : "#FFB31A",
    "position" : {
      "x" : -22.18034,
      "y" : 0.0,
      "z" : 0.0
    },
    "orientation" : 5
  }, {
    "shape" : "78d52a2d-d518-49d8-a716-14320a6e5e87",
    "color" : "#F2F2F2",
    "position" : {
      "x" : 32.652477,
      "y" : -10.472136,
      "z" : -10.472136
    }
  }, {
    "shape" : "78d52a2d-d518-49d8-a716-14320a6e5e87",
    "color" : "#F2F2F2",
    "position" : {
      "x" : 11.09017,
      "y" : 9.854102,
      "z" : -33.27051
    }
  }, {
    "shape" : "78d52a2d-d518-49d8-a716-14320a6e5e87",
    "color" : "#F2F2F2",
    "position" : {
      "x" : -12.326238,
      "y" : 11.09017,
      "z" : 11.09017
    }
  }, {
    "shape" : "b6477256-3d50-41c1-a848-fde0e22313ca",
    "color" : "#7FCC9F",
    "position" : {
      "x" : 12.326238,
      "y" : -11.09017,
      "z" : 11.09017
    },
    "orientation" : 53
  }, {
    "shape" : "78d52a2d-d518-49d8-a716-14320a6e5e87",
    "color" : "#F2F2F2",
    "position" : {
      "x" : -22.18034,
      "y" : -22.18034,
      "z" : 20.944271
    }
  }, {
    "shape" : "78d52a2d-d518-49d8-a716-14320a6e5e87",
    "color" : "#F2F2F2",
    "position" : {
      "x" : 43.12461,
      "y" : 1.236068,
      "z" : 0.0
    }
  }, {
    "shape" : "78d52a2d-d518-49d8-a716-14320a6e5e87",
    "color" : "#F2F2F2",
    "position" : {
      "x" : -33.27051,
      "y" : -11.09017,
      "z" : 11.09017
    }
  }, {
    "shape" : "78d52a2d-d518-49d8-a716-14320a6e5e87",
    "color" : "#F2F2F2",
    "position" : {
      "x" : -11.09017,
      "y" : -12.326238,
      "z" : 9.854102
    }
  }, {
    "shape" : "78d52a2d-d518-49d8-a716-14320a6e5e87",
    "color" : "#F2F2F2",
    "position" : {
      "x" : -22.18034,
      "y" : -22.18034,
      "z" : -1.236068
    }
  }, {
    "shape" : "78d52a2d-d518-49d8-a716-14320a6e5e87",
    "color" : "#F2F2F2",
    "position" : {
      "x" : 10.472136,
      "y" : -32.652477,
      "z" : -10.472136
    }
  }, {
    "shape" : "78d52a2d-d518-49d8-a716-14320a6e5e87",
    "color" : "#F2F2F2",
    "position" : {
      "x" : 32.034443,
      "y" : 11.09017,
      "z" : -12.326238
    }
  }, {
    "shape" : "78d52a2d-d518-49d8-a716-14320a6e5e87",
    "color" : "#F2F2F2",
    "position" : {
      "x" : -1.236068,
      "y" : -22.18034,
      "z" : 20.944271
    }
  }, {
    "shape" : "78d52a2d-d518-49d8-a716-14320a6e5e87",
    "color" : "#F2F2F2",
    "position" : {
      "x" : 0.0,
      "y" : 20.944271,
      "z" : 1.236068
    }
  }, {
    "shape" : "7244298f-54d0-4351-bc93-abbd9626de1b",
    "color" : "#7FCC9F",
    "position" : {
      "x" : 0.0,
      "y" : 43.12461,
      "z" : 0.0
    },
    "orientation" : 51
  }, {
    "shape" : "78d52a2d-d518-49d8-a716-14320a6e5e87",
    "color" : "#F2F2F2",
    "position" : {
      "x" : 1.236068,
      "y" : 20.944271,
      "z" : 22.18034
    }
  }, {
    "shape" : "78d52a2d-d518-49d8-a716-14320a6e5e87",
    "color" : "#F2F2F2",
    "position" : {
      "x" : 9.854102,
      "y" : -33.27051,
      "z" : -11.09017
    }
  }, {
    "shape" : "78d52a2d-d518-49d8-a716-14320a6e5e87",
    "color" : "#F2F2F2",
    "position" : {
      "x" : -11.09017,
      "y" : 12.326238,
      "z" : -32.034443
    }
  }, {
    "shape" : "ce05641f-8a5f-49ab-a0a2-b8941aa83ea4",
    "color" : "#FFB31A",
    "position" : {
      "x" : 44.36068,
      "y" : 0.0,
      "z" : 0.0
    },
    "orientation" : 39
  }, {
    "shape" : "78d52a2d-d518-49d8-a716-14320a6e5e87",
    "color" : "#F2F2F2",
    "position" : {
      "x" : 20.944271,
      "y" : 0.0,
      "z" : -22.18034
    }
  }, {
    "shape" : "ce05641f-8a5f-49ab-a0a2-b8941aa83ea4",
    "color" : "#FFB31A",
    "position" : {
      "x" : 33.27051,
      "y" : -11.09017,
      "z" : -11.09017
    },
    "orientation" : 54
  }, {
    "shape" : "78d52a2d-d518-49d8-a716-14320a6e5e87",
    "color" : "#F2F2F2",
    "position" : {
      "x" : -43.12461,
      "y" : 1.236068,
      "z" : 0.0
    }
  }, {
    "shape" : "78d52a2d-d518-49d8-a716-14320a6e5e87",
    "color" : "#F2F2F2",
    "position" : {
      "x" : 12.326238,
      "y" : 9.854102,
      "z" : 11.09017
    }
  }, {
    "shape" : "ce05641f-8a5f-49ab-a0a2-b8941aa83ea4",
    "color" : "#FFB31A",
    "position" : {
      "x" : 11.09017,
      "y" : -11.09017,
      "z" : -11.09017
    },
    "orientation" : 5
  }, {
    "shape" : "78d52a2d-d518-49d8-a716-14320a6e5e87",
    "color" : "#F2F2F2",
    "position" : {
      "x" : 0.618034,
      "y" : -21.562305,
      "z" : 21.562305
    }
  }, {
    "shape" : "78d52a2d-d518-49d8-a716-14320a6e5e87",
    "color" : "#F2F2F2",
    "position" : {
      "x" : -12.326238,
      "y" : -32.034443,
      "z" : 11.09017
    }
  }, {
    "shape" : "ce05641f-8a5f-49ab-a0a2-b8941aa83ea4",
    "color" : "#FFB31A",
    "position" : {
      "x" : -33.27051,
      "y" : 11.09017,
      "z" : 11.09017
    },
    "orientation" : 5
  }, {
    "shape" : "78d52a2d-d518-49d8-a716-14320a6e5e87",
    "color" : "#F2F2F2",
    "position" : {
      "x" : 11.09017,
      "y" : -11.09017,
      "z" : -33.27051
    }
  }, {
    "shape" : "78d52a2d-d518-49d8-a716-14320a6e5e87",
    "color" : "#F2F2F2",
    "position" : {
      "x" : 0.0,
      "y" : 0.0,
      "z" : -44.36068
    }
  }, {
    "shape" : "78d52a2d-d518-49d8-a716-14320a6e5e87",
    "color" : "#F2F2F2",
    "position" : {
      "x" : 0.618034,
      "y" : -0.618034,
      "z" : -22.798374
    }
  }, {
    "shape" : "f84ace2d-a458-4275-a716-b6a09cb99e2c",
    "color" : "#7FCC9F",
    "position" : {
      "x" : 12.326238,
      "y" : 32.034443,
      "z" : 11.09017
    },
    "orientation" : 6
  }, {
    "shape" : "10ddabaf-18a9-4bfd-b931-b59022179f5e",
    "color" : "#7FCC9F",
    "position" : {
      "x" : 11.09017,
      "y" : 33.27051,
      "z" : 9.854102
    },
    "orientation" : 8
  }, {
    "shape" : "78d52a2d-d518-49d8-a716-14320a6e5e87",
    "color" : "#F2F2F2",
    "position" : {
      "x" : -20.944271,
      "y" : -22.18034,
      "z" : -22.18034
    }
  }, {
    "shape" : "7244298f-54d0-4351-bc93-abbd9626de1b",
    "color" : "#7FCC9F",
    "position" : {
      "x" : 43.12461,
      "y" : 0.0,
      "z" : 0.0
    },
    "orientation" : 8
  }, {
    "shape" : "7a86db49-e703-47e9-af6a-3c1cdb3f4c8b",
    "color" : "#7FCC9F",
    "position" : {
      "x" : 0.0,
      "y" : -1.236068,
      "z" : 20.944271
    },
    "orientation" : 38
  }, {
    "shape" : "ce05641f-8a5f-49ab-a0a2-b8941aa83ea4",
    "color" : "#FFB31A",
    "position" : {
      "x" : 0.0,
      "y" : 0.0,
      "z" : -22.18034
    },
    "orientation" : 19
  }, {
    "shape" : "ce05641f-8a5f-49ab-a0a2-b8941aa83ea4",
    "color" : "#FFB31A",
    "position" : {
      "x" : 0.0,
      "y" : -22.18034,
      "z" : 22.18034
    },
    "orientation" : 24
  }, {
    "shape" : "78d52a2d-d518-49d8-a716-14320a6e5e87",
    "color" : "#F2F2F2",
    "position" : {
      "x" : -32.034443,
      "y" : 11.09017,
      "z" : 11.09017
    }
  }, {
    "shape" : "78d52a2d-d518-49d8-a716-14320a6e5e87",
    "color" : "#F2F2F2",
    "position" : {
      "x" : -0.618034,
      "y" : -0.618034,
      "z" : 22.798374
    }
  }, {
    "shape" : "78d52a2d-d518-49d8-a716-14320a6e5e87",
    "color" : "#F2F2F2",
    "position" : {
      "x" : 32.034443,
      "y" : 12.326238,
      "z" : 11.09017
    }
  }, {
    "shape" : "78d52a2d-d518-49d8-a716-14320a6e5e87",
    "color" : "#F2F2F2",
    "position" : {
      "x" : 0.0,
      "y" : 44.36068,
      "z" : 0.0
    }
  }, {
    "shape" : "78d52a2d-d518-49d8-a716-14320a6e5e87",
    "color" : "#F2F2F2",
    "position" : {
      "x" : 9.854102,
      "y" : 9.854102,
      "z" : -33.27051
    }
  }, {
    "shape" : "78d52a2d-d518-49d8-a716-14320a6e5e87",
    "color" : "#F2F2F2",
    "position" : {
      "x" : 21.562305,
      "y" : 0.618034,
      "z" : -21.562305
    }
  }, {
    "shape" : "78d52a2d-d518-49d8-a716-14320a6e5e87",
    "color" : "#F2F2F2",
    "position" : {
      "x" : -11.09017,
      "y" : -11.09017,
      "z" : -33.27051
    }
  }, {
    "shape" : "b6477256-3d50-41c1-a848-fde0e22313ca",
    "color" : "#7FCC9F",
    "position" : {
      "x" : 22.18034,
      "y" : -1.236068,
      "z" : 0.0
    },
    "orientation" : 51
  }, {
    "shape" : "78d52a2d-d518-49d8-a716-14320a6e5e87",
    "color" : "#F2F2F2",
    "position" : {
      "x" : 0.0,
      "y" : -23.416409,
      "z" : 20.944271
    }
  }, {
    "shape" : "78d52a2d-d518-49d8-a716-14320a6e5e87",
    "color" : "#F2F2F2",
    "position" : {
      "x" : 0.0,
      "y" : -1.236068,
      "z" : -20.944271
    }
  }, {
    "shape" : "78d52a2d-d518-49d8-a716-14320a6e5e87",
    "color" : "#F2F2F2",
    "position" : {
      "x" : -9.854102,
      "y" : -11.09017,
      "z" : -33.27051
    }
  }, {
    "shape" : "78d52a2d-d518-49d8-a716-14320a6e5e87",
    "color" : "#F2F2F2",
    "position" : {
      "x" : -11.09017,
      "y" : -11.09017,
      "z" : 11.09017
    }
  }, {
    "shape" : "78d52a2d-d518-49d8-a716-14320a6e5e87",
    "color" : "#F2F2F2",
    "position" : {
      "x" : 20.944271,
      "y" : 20.944271,
      "z" : -22.18034
    }
  }, {
    "shape" : "78d52a2d-d518-49d8-a716-14320a6e5e87",
    "color" : "#F2F2F2",
    "position" : {
      "x" : -10.472136,
      "y" : -10.472136,
      "z" : 10.472136
    }
  }, {
    "shape" : "78d52a2d-d518-49d8-a716-14320a6e5e87",
    "color" : "#F2F2F2",
    "position" : {
      "x" : 12.326238,
      "y" : -11.09017,
      "z" : -32.034443
    }
  }, {
    "shape" : "78d52a2d-d518-49d8-a716-14320a6e5e87",
    "color" : "#F2F2F2",
    "position" : {
      "x" : -9.854102,
      "y" : -32.034443,
      "z" : -11.09017
    }
  }, {
    "shape" : "ce05641f-8a5f-49ab-a0a2-b8941aa83ea4",
    "color" : "#FFB31A",
