{
  "field" : "golden",
  "symmetry" : "icosahedral",
  "orientations" : [ [ 1.0, 0.0, 0.0, 0.0, 0.0, 1.0, 0.0, 0.0, 0.0, 0.0, 1.0, 0.0, 0.0, 0.0, 0.0, 1.0 ], [ 0.0, 0.0, 1.0, 0.0, 1.0, 0.0, 0.0, 0.0, 0.0, 1.0, 0.0, 0.0, 0.0, 0.0, 0.0, 1.0 ], [ 0.0, 1.0, 0.0, 0.0, 0.0, 0.0, 1.0, 0.0, 1.0, 0.0, 0.0, 0.0, 0.0, 0.0, 0.0, 1.0 ], [ 0.809017, 0.309017, 0.5, 0.0, 0.309017, 0.5, -0.809017, 0.0, -0.5, 0.809017, 0.309017, 0.0, 0.0, 0.0, 0.0, 1.0 ], [ -0.5, 0.809017, 0.309017, 0.0, 0.809017, 0.309017, 0.5, 0.0, 0.309017, 0.5, -0.809017, 0.0, 0.0, 0.0, 0.0, 1.0 ], [ 0.309017, 0.5, -0.809017, 0.0, -0.5, 0.809017, 0.309017, 0.0, 0.809017, 0.309017, 0.5, 0.0, 0.0, 0.0, 0.0, 1.0 ], [ 0.5, 0.809017, 0.309017, 0.0, 0.809017, -0.309017, -0.5, 0.0, -0.309017, 0.5, -0.809017, 0.0, 0.0, 0.0, 0.0, 1.0 ], [ -0.309017, 0.5, -0.809017, 0.0, 0.5, 0.809017, 0.309017, 0.0, 0.809017, -0.309017, -0.5, 0.0, 0.0, 0.0, 0.0, 1.0 ], [ 0.809017, -0.309017, -0.5, 0.0, -0.309017, 0.5, -0.809017, 0.0, 0.5, 0.809017, 0.309017, 0.0, 0.0, 0.0, 0.0, 1.0 ], [ 0.5, 0.809017, -0.309017, 0.0, 0.809017, -0.309017, 0.5, 0.0, 0.309017, -0.5, -0.809017, 0.0, 0.0, 0.0, 0.0, 1.0 ], [ 0.309017, -0.5, -0.809017, 0.0, 0.5, 0.809017, -0.309017, 0.0, 0.809017, -0.309017, 0.5, 0.0, 0.0, 0.0, 0.0, 1.0 ], [ 0.809017, -0.309017, 0.5, 0.0, 0.309017, -0.5, -0.809017, 0.0, 0.5, 0.809017, -0.309017, 0.0, 0.0, 0.0, 0.0, 1.0 ], [ 0.809017, 0.309017, -0.5, 0.0, 0.309017, 0.5, 0.809017, 0.0, 0.5, -0.809017, 0.309017, 0.0, 0.0, 0.0, 0.0, 1.0 ], [ 0.5, -0.809017, 0.309017, 0.0, 0.809017, 0.309017, -0.5, 0.0, 0.309017, 0.5, 0.809017, 0.0, 0.0, 0.0, 0.0, 1.0 ], [ 0.309017, 0.5, 0.809017, 0.0, 0.5, -0.809017, 0.309017, 0.0, 0.809017, 0.309017, -0.5, 0.0, 0.0, 0.0, 0.0, 1.0 ], [ 1.0, 0.0, 0.0, 0.0, 0.0, -1.0, 0.0, 0.0, 0.0, 0.0, -1.0, 0.0, 0.0, 0.0, 0.0, 1.0 ], [ 0.0, 0.0, 1.0, 0.0, -1.0, 0.0, 0.0, 0.0, 0.0, -1.0, 0.0, 0.0, 0.0, 0.0, 0.0, 1.0 ], [ 0.0, 1.0, 0.0, 0.0, 0.0, 0.0, -1.0, 0.0, -1.0, 0.0, 0.0, 0.0, 0.0, 0.0, 0.0, 1.0 ], [ 0.809017, 0.309017, 0.5, 0.0, -0.309017, -0.5, 0.809017, 0.0, 0.5, -0.809017, -0.309017, 0.0, 0.0, 0.0, 0.0, 1.0 ], [ -0.5, 0.809017, 0.309017, 0.0, -0.809017, -0.309017, -0.5, 0.0, -0.309017, -0.5, 0.809017, 0.0, 0.0, 0.0, 0.0, 1.0 ], [ 0.309017, 0.5, -0.809017, 0.0, 0.5, -0.809017, -0.309017, 0.0, -0.809017, -0.309017, -0.5, 0.0, 0.0, 0.0, 0.0, 1.0 ], [ 0.5, 0.809017, 0.309017, 0.0, -0.809017, 0.309017, 0.5, 0.0, 0.309017, -0.5, 0.809017, 0.0, 0.0, 0.0, 0.0, 1.0 ], [ -0.309017, 0.5, -0.809017, 0.0, -0.5, -0.809017, -0.309017, 0.0, -0.809017, 0.309017, 0.5, 0.0, 0.0, 0.0, 0.0, 1.0 ], [ 0.809017, -0.309017, -0.5, 0.0, 0.309017, -0.5, 0.809017, 0.0, -0.5, -0.809017, -0.309017, 0.0, 0.0, 0.0, 0.0, 1.0 ], [ 0.5, 0.809017, -0.309017, 0.0, -0.809017, 0.309017, -0.5, 0.0, -0.309017, 0.5, 0.809017, 0.0, 0.0, 0.0, 0.0, 1.0 ], [ 0.309017, -0.5, -0.809017, 0.0, -0.5, -0.809017, 0.309017, 0.0, -0.809017, 0.309017, -0.5, 0.0, 0.0, 0.0, 0.0, 1.0 ], [ 0.809017, -0.309017, 0.5, 0.0, -0.309017, 0.5, 0.809017, 0.0, -0.5, -0.809017, 0.309017, 0.0, 0.0, 0.0, 0.0, 1.0 ], [ 0.809017, 0.309017, -0.5, 0.0, -0.309017, -0.5, -0.809017, 0.0, -0.5, 0.809017, -0.309017, 0.0, 0.0, 0.0, 0.0, 1.0 ], [ 0.5, -0.809017, 0.309017, 0.0, -0.809017, -0.309017, 0.5, 0.0, -0.309017, -0.5, -0.809017, 0.0, 0.0, 0.0, 0.0, 1.0 ], [ 0.309017, 0.5, 0.809017, 0.0, -0.5, 0.809017, -0.309017, 0.0, -0.809017, -0.309017, 0.5, 0.0, 0.0, 0.0, 0.0, 1.0 ], [ -1.0, 0.0, 0.0, 0.0, 0.0, -1.0, 0.0, 0.0, 0.0, 0.0, 1.0, 0.0, 0.0, 0.0, 0.0, 1.0 ], [ 0.0, 0.0, -1.0, 0.0, -1.0, 0.0, 0.0, 0.0, 0.0, 1.0, 0.0, 0.0, 0.0, 0.0, 0.0, 1.0 ], [ 0.0, -1.0, 0.0, 0.0, 0.0, 0.0, -1.0, 0.0, 1.0, 0.0, 0.0, 0.0, 0.0, 0.0, 0.0, 1.0 ], [ -0.809017, -0.309017, -0.5, 0.0, -0.309017, -0.5, 0.809017, 0.0, -0.5, 0.809017, 0.309017, 0.0, 0.0, 0.0, 0.0, 1.0 ], [ 0.5, -0.809017, -0.309017, 0.0, -0.809017, -0.309017, -0.5, 0.0, 0.309017, 0.5, -0.809017, 0.0, 0.0, 0.0, 0.0, 1.0 ], [ -0.309017, -0.5, 0.809017, 0.0, 0.5, -0.809017, -0.309017, 0.0, 0.809017, 0.309017, 0.5, 0.0, 0.0, 0.0, 0.0, 1.0 ], [ -0.5, -0.809017, -0.309017, 0.0, -0.809017, 0.309017, 0.5, 0.0, -0.309017, 0.5, -0.809017, 0.0, 0.0, 0.0, 0.0, 1.0 ], [ 0.309017, -0.5, 0.809017, 0.0, -0.5, -0.809017, -0.309017, 0.0, 0.809017, -0.309017, -0.5, 0.0, 0.0, 0.0, 0.0, 1.0 ], [ -0.809017, 0.309017, 0.5, 0.0, 0.309017, -0.5, 0.809017, 0.0, 0.5, 0.809017, 0.309017, 0.0, 0.0, 0.0, 0.0, 1.0 ], [ -0.5, -0.809017, 0.309017, 0.0, -0.809017, 0.309017, -0.5, 0.0, 0.309017, -0.5, -0.809017, 0.0, 0.0, 0.0, 0.0, 1.0 ], [ -0.309017, 0.5, 0.809017, 0.0, -0.5, -0.809017, 0.309017, 0.0, 0.809017, -0.309017, 0.5, 0.0, 0.0, 0.0, 0.0, 1.0 ], [ -0.809017, 0.309017, -0.5, 0.0, -0.309017, 0.5, 0.809017, 0.0, 0.5, 0.809017, -0.309017, 0.0, 0.0, 0.0, 0.0, 1.0 ], [ -0.809017, -0.309017, 0.5, 0.0, -0.309017, -0.5, -0.809017, 0.0, 0.5, -0.809017, 0.309017, 0.0, 0.0, 0.0, 0.0, 1.0 ], [ -0.5, 0.809017, -0.309017, 0.0, -0.809017, -0.309017, 0.5, 0.0, 0.309017, 0.5, 0.809017, 0.0, 0.0, 0.0, 0.0, 1.0 ], [ -0.309017, -0.5, -0.809017, 0.0, -0.5, 0.809017, -0.309017, 0.0, 0.809017, 0.309017, -0.5, 0.0, 0.0, 0.0, 0.0, 1.0 ], [ -1.0, 0.0, 0.0, 0.0, 0.0, 1.0, 0.0, 0.0, 0.0, 0.0, -1.0, 0.0, 0.0, 0.0, 0.0, 1.0 ], [ 0.0, 0.0, -1.0, 0.0, 1.0, 0.0, 0.0, 0.0, 0.0, -1.0, 0.0, 0.0, 0.0, 0.0, 0.0, 1.0 ], [ 0.0, -1.0, 0.0, 0.0, 0.0, 0.0, 1.0, 0.0, -1.0, 0.0, 0.0, 0.0, 0.0, 0.0, 0.0, 1.0 ], [ -0.809017, -0.309017, -0.5, 0.0, 0.309017, 0.5, -0.809017, 0.0, 0.5, -0.809017, -0.309017, 0.0, 0.0, 0.0, 0.0, 1.0 ], [ 0.5, -0.809017, -0.309017, 0.0, 0.809017, 0.309017, 0.5, 0.0, -0.309017, -0.5, 0.809017, 0.0, 0.0, 0.0, 0.0, 1.0 ], [ -0.309017, -0.5, 0.809017, 0.0, -0.5, 0.809017, 0.309017, 0.0, -0.809017, -0.309017, -0.5, 0.0, 0.0, 0.0, 0.0, 1.0 ], [ -0.5, -0.809017, -0.309017, 0.0, 0.809017, -0.309017, -0.5, 0.0, 0.309017, -0.5, 0.809017, 0.0, 0.0, 0.0, 0.0, 1.0 ], [ 0.309017, -0.5, 0.809017, 0.0, 0.5, 0.809017, 0.309017, 0.0, -0.809017, 0.309017, 0.5, 0.0, 0.0, 0.0, 0.0, 1.0 ], [ -0.809017, 0.309017, 0.5, 0.0, -0.309017, 0.5, -0.809017, 0.0, -0.5, -0.809017, -0.309017, 0.0, 0.0, 0.0, 0.0, 1.0 ], [ -0.5, -0.809017, 0.309017, 0.0, 0.809017, -0.309017, 0.5, 0.0, -0.309017, 0.5, 0.809017, 0.0, 0.0, 0.0, 0.0, 1.0 ], [ -0.309017, 0.5, 0.809017, 0.0, 0.5, 0.809017, -0.309017, 0.0, -0.809017, 0.309017, -0.5, 0.0, 0.0, 0.0, 0.0, 1.0 ], [ -0.809017, 0.309017, -0.5, 0.0, 0.309017, -0.5, -0.809017, 0.0, -0.5, -0.809017, 0.309017, 0.0, 0.0, 0.0, 0.0, 1.0 ], [ -0.809017, -0.309017, 0.5, 0.0, 0.309017, 0.5, 0.809017, 0.0, -0.5, 0.809017, -0.309017, 0.0, 0.0, 0.0, 0.0, 1.0 ], [ -0.5, 0.809017, -0.309017, 0.0, 0.809017, 0.309017, -0.5, 0.0, -0.309017, -0.5, -0.809017, 0.0, 0.0, 0.0, 0.0, 1.0 ], [ -0.309017, -0.5, -0.809017, 0.0, 0.5, -0.809017, 0.309017, 0.0, -0.809017, -0.309017, 0.5, 0.0, 0.0, 0.0, 0.0, 1.0 ] ],
  "lights" : {
    "backgroundColor" : "#AFC8DC",
    "ambientColor" : "#292929",
    "directionalLights" : [ {
      "direction" : {
        "x" : 1.0,
        "y" : -1.0,
        "z" : -1.0
      },
      "color" : "#EBEBE4"
    }, {
      "direction" : {
        "x" : -1.0,
        "y" : 0.0,
        "z" : 0.0
      },
      "color" : "#E4E4EB"
    }, {
      "direction" : {
        "x" : 0.0,
        "y" : 0.0,
        "z" : -1.0
      },
      "color" : "#1E1E1E"
    } ]
  },
  "camera" : {
    "width" : 135.68976,
    "stereo" : false,
    "lookDirection" : {
      "x" : 0.309017,
      "y" : 0.5,
      "z" : 0.809017
    },
    "upDirection" : {
      "x" : -0.809017,
      "y" : -0.30901697,
      "z" : 0.49999997
    },
    "lookAtPoint" : {
      "x" : 0.0,
      "y" : 0.0,
      "z" : 0.0
    },
    "viewDistance" : 301.533,
    "nearClipDistance" : 0.75383264,
    "farClipDistance" : 603.06726,
    "fieldOfView" : 0.44262862,
    "perspective" : false,
    "position" : {
      "x" : -93.17882,
      "y" : -150.7665,
      "z" : -243.94531
    }
  },
  "embedding" : [ 1.0, 0.0, 0.0, 0.0, 0.0, 1.0, 0.0, 0.0, 0.0, 0.0, 1.0, 0.0, 0.0, 0.0, 0.0, 1.0 ],
  "shapes" : [ {
    "id" : "aaaeaec6-0c9a-4ddf-b5ba-a13be49e657d",
    "vertices" : [ {
      "x" : -0.309017,
      "y" : -0.19098301,
      "z" : 0.0
    }, {
      "x" : -0.309017,
      "y" : 0.19098301,
      "z" : 0.0
    }, {
      "x" : -0.19098301,
      "y" : 0.0,
      "z" : -0.309017
    }, {
      "x" : -0.19098301,
      "y" : 0.0,
      "z" : 0.309017
    }, {
      "x" : 0.0,
      "y" : -0.309017,
      "z" : -0.19098301
    }, {
      "x" : 0.0,
      "y" : -0.309017,
      "z" : 0.19098301
    }, {
      "x" : 0.0,
      "y" : 0.309017,
      "z" : -0.19098301
    }, {
      "x" : 0.0,
      "y" : 0.309017,
      "z" : 0.19098301
    }, {
      "x" : 0.19098301,
      "y" : 0.0,
      "z" : -0.309017
    }, {
      "x" : 0.19098301,
      "y" : 0.0,
      "z" : 0.309017
    }, {
      "x" : 0.309017,
      "y" : -0.19098301,
      "z" : 0.0
    }, {
      "x" : 0.309017,
      "y" : 0.19098301,
      "z" : 0.0
    } ],
    "faces" : [ {
      "vertices" : [ 0, 1, 2 ]
    }, {
      "vertices" : [ 0, 3, 1 ]
    }, {
      "vertices" : [ 0, 2, 4 ]
    }, {
      "vertices" : [ 0, 5, 3 ]
    }, {
      "vertices" : [ 0, 4, 5 ]
    }, {
      "vertices" : [ 1, 6, 2 ]
    }, {
      "vertices" : [ 1, 3, 7 ]
    }, {
      "vertices" : [ 1, 7, 6 ]
    }, {
      "vertices" : [ 2, 8, 4 ]
    }, {
      "vertices" : [ 2, 6, 8 ]
    }, {
      "vertices" : [ 3, 5, 9 ]
    }, {
      "vertices" : [ 3, 9, 7 ]
    }, {
      "vertices" : [ 4, 10, 5 ]
    }, {
      "vertices" : [ 4, 8, 10 ]
    }, {
      "vertices" : [ 5, 10, 9 ]
    }, {
      "vertices" : [ 6, 7, 11 ]
    }, {
      "vertices" : [ 6, 11, 8 ]
    }, {
      "vertices" : [ 7, 9, 11 ]
    }, {
      "vertices" : [ 8, 11, 10 ]
    }, {
      "vertices" : [ 9, 10, 11 ]
    } ]
  }, {
    "id" : "82a7405b-98f9-4f1a-97d2-17cd94c0ccf4",
    "vertices" : [ {
      "x" : 0.9045085,
      "y" : 0.3454915,
      "z" : 0.25
    }, {
      "x" : 54.785957,
      "y" : 33.646057,
      "z" : 0.25
    }, {
      "x" : 54.594975,
      "y" : 33.955074,
      "z" : 0.25
    }, {
      "x" : 0.7135255,
      "y" : 0.6545085,
      "z" : 0.25
    }, {
      "x" : 0.809017,
      "y" : 0.5,
      "z" : -0.309017
    }, {
      "x" : 0.9635255,
      "y" : 0.25,
      "z" : -0.095491506
    }, {
      "x" : 0.309017,
      "y" : 0.19098301,
      "z" : 0.0
    }, {
      "x" : 55.190464,
      "y" : 34.109585,
      "z" : 0.0
    }, {
      "x" : 54.535957,
      "y" : 34.050568,
      "z" : -0.095491506
    }, {
      "x" : 54.690464,
      "y" : 33.800568,
      "z" : -0.309017
    }, {
      "x" : 55.49948,
      "y" : 34.300568,
      "z" : 0.0
    }, {
      "x" : 0.6545085,
      "y" : 0.75,
      "z" : -0.095491506
    }, {
      "x" : 54.844975,
      "y" : 33.550568,
      "z" : -0.095491506
    } ],
    "faces" : [ {
      "vertices" : [ 4, 11, 8 ]
    }, {
      "vertices" : [ 4, 8, 9 ]
    }, {
      "vertices" : [ 0, 1, 2 ]
    }, {
      "vertices" : [ 0, 2, 3 ]
    }, {
      "vertices" : [ 0, 3, 6 ]
    }, {
      "vertices" : [ 1, 7, 2 ]
    }, {
      "vertices" : [ 0, 6, 5 ]
    }, {
      "vertices" : [ 4, 5, 6 ]
    }, {
      "vertices" : [ 2, 7, 8 ]
    }, {
      "vertices" : [ 0, 5, 12 ]
    }, {
      "vertices" : [ 0, 12, 1 ]
    }, {
      "vertices" : [ 1, 12, 7 ]
    }, {
      "vertices" : [ 3, 11, 6 ]
    }, {
      "vertices" : [ 4, 6, 11 ]
    }, {
      "vertices" : [ 7, 9, 8 ]
    }, {
      "vertices" : [ 2, 8, 11 ]
    }, {
      "vertices" : [ 2, 11, 3 ]
    }, {
      "vertices" : [ 7, 12, 9 ]
    }, {
      "vertices" : [ 4, 9, 12 ]
    }, {
      "vertices" : [ 4, 12, 5 ]
    } ]
  }, {
    "id" : "df965211-92ad-4e9a-a2c6-3d5a8620f444",
    "vertices" : [ {
      "x" : 1.0,
      "y" : 0.309017,
      "z" : 0.19098301
    }, {
      "x" : 1.0,
      "y" : -0.309017,
      "z" : 0.19098301
    }, {
      "x" : 4.804921,
      "y" : -0.309017,
      "z" : 0.19098301
    }, {
      "x" : 4.804921,
      "y" : 0.309017,
      "z" : 0.19098301
    }, {
      "x" : 4.804921,
      "y" : -0.309017,
      "z" : -0.19098301
    }, {
      "x" : 4.804921,
      "y" : 0.309017,
      "z" : -0.19098301
    }, {
      "x" : 5.422955,
      "y" : 0.0,
      "z" : 0.0
    }, {
      "x" : 0.38196602,
      "y" : 0.0,
      "z" : 0.0
    }, {
      "x" : 1.0,
      "y" : 0.309017,
      "z" : -0.19098301
    }, {
      "x" : 1.0,
      "y" : -0.309017,
      "z" : -0.19098301
    }, {
      "x" : 5.804921,
      "y" : 0.0,
      "z" : 0.0
    } ],
    "faces" : [ {
      "vertices" : [ 1, 9, 4 ]
    }, {
      "vertices" : [ 1, 4, 2 ]
    }, {
      "vertices" : [ 0, 3, 5 ]
    }, {
      "vertices" : [ 0, 5, 8 ]
    }, {
      "vertices" : [ 1, 7, 9 ]
    }, {
      "vertices" : [ 0, 1, 2 ]
    }, {
      "vertices" : [ 0, 2, 3 ]
    }, {
      "vertices" : [ 7, 8, 9 ]
    }, {
      "vertices" : [ 0, 7, 1 ]
    }, {
      "vertices" : [ 4, 9, 8 ]
    }, {
      "vertices" : [ 4, 8, 5 ]
    }, {
      "vertices" : [ 2, 6, 3 ]
    }, {
      "vertices" : [ 2, 4, 6 ]
    }, {
      "vertices" : [ 3, 6, 5 ]
    }, {
      "vertices" : [ 4, 5, 6 ]
    }, {
      "vertices" : [ 0, 8, 7 ]
    } ]
  }, {
    "id" : "5123e6f7-0f98-4188-8786-ad19c19773b1",
    "vertices" : [ {
      "x" : 4.9155188,
      "y" : 0.80704707,
      "z" : -0.99681264
    }, {
      "x" : 5.283553,
      "y" : 0.9025386,
      "z" : -1.4603381
    }, {
      "x" : 1.0954915,
      "y" : 0.1545085,
      "z" : 0.059016995
    }, {
      "x" : 4.724536,
      "y" : 1.1160641,
      "z" : -1.4968126
    }, {
      "x" : 0.9045085,
      "y" : 0.4635255,
      "z" : -0.440983
    }, {
      "x" : 4.724536,
      "y" : 0.4980301,
      "z" : -1.1148466
    }, {
      "x" : 0.9045085,
      "y" : -0.1545085,
      "z" : -0.059016995
    }, {
      "x" : 4.533553,
      "y" : 0.80704707,
      "z" : -1.6148466
    }, {
      "x" : 5.6290445,
      "y" : 0.9615556,
      "z" : -1.5558296
    }, {
      "x" : 0.3454915,
      "y" : 0.059016995,
      "z" : -0.095491506
    }, {
      "x" : 0.7135255,
      "y" : 0.1545085,
      "z" : -0.559017
    } ],
    "faces" : [ {
      "vertices" : [ 2, 9, 6 ]
    }, {
      "vertices" : [ 0, 1, 3 ]
    }, {
      "vertices" : [ 0, 5, 1 ]
    }, {
      "vertices" : [ 4, 10, 9 ]
    }, {
      "vertices" : [ 3, 7, 10 ]
    }, {
      "vertices" : [ 3, 10, 4 ]
    }, {
      "vertices" : [ 0, 3, 4 ]
    }, {
      "vertices" : [ 0, 4, 2 ]
    }, {
      "vertices" : [ 6, 9, 10 ]
    }, {
      "vertices" : [ 1, 7, 3 ]
    }, {
      "vertices" : [ 5, 6, 10 ]
    }, {
      "vertices" : [ 5, 10, 7 ]
    }, {
      "vertices" : [ 0, 2, 6 ]
    }, {
      "vertices" : [ 0, 6, 5 ]
    }, {
      "vertices" : [ 1, 5, 7 ]
    }, {
      "vertices" : [ 2, 4, 9 ]
    } ]
  }, {
    "id" : "2600dd2e-93b7-4f3e-9099-e41692c45ee1",
    "vertices" : [ {
      "x" : 5.6012316,
      "y" : 0.9241808,
      "z" : -1.186339
    }, {
      "x" : 5.969266,
      "y" : 1.0196723,
      "z" : -1.6498644
    }, {
      "x" : 1.0954915,
      "y" : 0.1545085,
      "z" : 0.059016995
    }, {
      "x" : 5.4102488,
      "y" : 1.2331978,
      "z" : -1.686339
    }, {
      "x" : 0.9045085,
      "y" : 0.4635255,
      "z" : -0.440983
    }, {
      "x" : 5.4102488,
      "y" : 0.61516386,
      "z" : -1.304373
    }, {
      "x" : 0.9045085,
      "y" : -0.1545085,
      "z" : -0.059016995
    }, {
      "x" : 5.219266,
      "y" : 0.9241808,
      "z" : -1.804373
    }, {
      "x" : 6.3147573,
      "y" : 1.0786893,
      "z" : -1.745356
    }, {
      "x" : 0.3454915,
      "y" : 0.059016995,
      "z" : -0.095491506
    }, {
      "x" : 0.7135255,
      "y" : 0.1545085,
      "z" : -0.559017
    } ],
    "faces" : [ {
      "vertices" : [ 2, 9, 6 ]
    }, {
      "vertices" : [ 0, 1, 3 ]
    }, {
      "vertices" : [ 0, 5, 1 ]
    }, {
      "vertices" : [ 4, 10, 9 ]
    }, {
      "vertices" : [ 3, 7, 10 ]
    }, {
      "vertices" : [ 3, 10, 4 ]
    }, {
      "vertices" : [ 0, 3, 4 ]
    }, {
      "vertices" : [ 0, 4, 2 ]
    }, {
      "vertices" : [ 6, 9, 10 ]
    }, {
      "vertices" : [ 1, 7, 3 ]
    }, {
      "vertices" : [ 5, 6, 10 ]
    }, {
      "vertices" : [ 5, 10, 7 ]
    }, {
      "vertices" : [ 0, 2, 6 ]
    }, {
      "vertices" : [ 0, 6, 5 ]
    }, {
      "vertices" : [ 1, 5, 7 ]
    }, {
      "vertices" : [ 2, 4, 9 ]
    } ]
  } ],
  "instances" : [ {
    "shape" : "aaaeaec6-0c9a-4ddf-b5ba-a13be49e657d",
    "color" : "#FFFFFF",
    "position" : {
      "x" : -27.74974,
      "y" : -17.150284,
      "z" : -14.42733
    }
  }, {
    "shape" : "82a7405b-98f9-4f1a-97d2-17cd94c0ccf4",
    "color" : "#AF0000",
    "position" : {
      "x" : 13.465775,
      "y" : 29.30557,
      "z" : 14.632898
    },
    "orientation" : 16
  }, {
    "shape" : "df965211-92ad-4e9a-a2c6-3d5a8620f444",
    "color" : "#007695",
    "position" : {
      "x" : 33.169586,
      "y" : -8.380789,
      "z" : 9.15457
    },
    "orientation" : 52
  }, {
    "shape" : "aaaeaec6-0c9a-4ddf-b5ba-a13be49e657d",
    "color" : "#FFFFFF",
    "position" : {
      "x" : -14.632898,
      "y" : 13.465775,
      "z" : -29.30557
    }
  }, {
    "shape" : "aaaeaec6-0c9a-4ddf-b5ba-a13be49e657d",
    "color" : "#FFFFFF",
    "position" : {
      "x" : -4.45829,
      "y" : 34.963406,
      "z" : 5.4783278
    }
  }, {
    "shape" : "aaaeaec6-0c9a-4ddf-b5ba-a13be49e657d",
    "color" : "#FFFFFF",
    "position" : {
      "x" : -11.671955,
      "y" : 32.20803,
      "z" : -9.936618
    }
  }, {
    "shape" : "aaaeaec6-0c9a-4ddf-b5ba-a13be49e657d",
    "color" : "#FFFFFF",
    "position" : {
      "x" : -4.5694013,
      "y" : -29.495098,
      "z" : -14.326238
    }
  }, {
    "shape" : "82a7405b-98f9-4f1a-97d2-17cd94c0ccf4",
    "color" : "#AF0000",
    "position" : {
      "x" : -1.3466309,
      "y" : -34.963406,
      "z" : 5.4783278
    },
    "orientation" : 46
  }, {
    "shape" : "aaaeaec6-0c9a-4ddf-b5ba-a13be49e657d",
    "color" : "#FFFFFF",
    "position" : {
      "x" : -1.3466309,
      "y" : -20.536076,
      "z" : 28.822239
    }
  }, {
    "shape" : "df965211-92ad-4e9a-a2c6-3d5a8620f444",
    "color" : "#007695",
    "position" : {
      "x" : 28.822239,
      "y" : -1.3466309,
      "z" : -20.536076
    },
    "orientation" : 1
  }, {
    "shape" : "5123e6f7-0f98-4188-8786-ad19c19773b1",
    "color" : "#DC4C00",
    "position" : {
      "x" : -30.652203,
      "y" : 12.454003,
      "z" : 12.633511
    },
    "orientation" : 19
  }, {
    "shape" : "aaaeaec6-0c9a-4ddf-b5ba-a13be49e657d",
    "color" : "#FFFFFF",
    "position" : {
      "x" : 29.30557,
      "y" : 14.632898,
      "z" : 13.465775
    }
  }, {
    "shape" : "82a7405b-98f9-4f1a-97d2-17cd94c0ccf4",
    "color" : "#AF0000",
    "position" : {
      "x" : 4.45829,
      "y" : -20.536076,
      "z" : 28.822239
    },
    "orientation" : 46
  }, {
    "shape" : "aaaeaec6-0c9a-4ddf-b5ba-a13be49e657d",
    "color" : "#FFFFFF",
    "position" : {
      "x" : -8.380789,
      "y" : -9.15457,
      "z" : -33.169586
    }
  }, {
    "shape" : "82a7405b-98f9-4f1a-97d2-17cd94c0ccf4",
    "color" : "#AF0000",
    "position" : {
      "x" : 27.266409,
      "y" : -6.9756756,
      "z" : -21.497631
    },
    "orientation" : 32
  }, {
    "shape" : "df965211-92ad-4e9a-a2c6-3d5a8620f444",
    "color" : "#007695",
    "position" : {
      "x" : 11.671955,
      "y" : 32.20803,
      "z" : 9.936618
    },
    "orientation" : 37
  }, {
    "shape" : "df965211-92ad-4e9a-a2c6-3d5a8620f444",
    "color" : "#007695",
    "position" : {
      "x" : -24.363949,
      "y" : -11.671955,
      "z" : 23.29145
    },
    "orientation" : 54
  }, {
    "shape" : "aaaeaec6-0c9a-4ddf-b5ba-a13be49e657d",
    "color" : "#FFFFFF",
    "position" : {
      "x" : 5.4783278,
      "y" : 1.3466309,
      "z" : 34.963406
    }
  }, {
    "shape" : "5123e6f7-0f98-4188-8786-ad19c19773b1",
    "color" : "#DC4C00",
    "position" : {
      "x" : 27.266409,
      "y" : -6.9756756,
      "z" : -21.497631
    },
    "orientation" : 13
  }, {
    "shape" : "aaaeaec6-0c9a-4ddf-b5ba-a13be49e657d",
    "color" : "#FFFFFF",
    "position" : {
      "x" : -30.652203,
      "y" : -12.454003,
      "z" : -12.633511
    }
  }, {
    "shape" : "82a7405b-98f9-4f1a-97d2-17cd94c0ccf4",
    "color" : "#AF0000",
    "position" : {
      "x" : 11.671955,
      "y" : 32.20803,
      "z" : 9.936618
    },
    "orientation" : 16
  }, {
    "shape" : "82a7405b-98f9-4f1a-97d2-17cd94c0ccf4",
    "color" : "#AF0000",
    "position" : {
      "x" : 5.4783278,
      "y" : -4.45829,
      "z" : 34.963406
    },
    "orientation" : 47
  }, {
    "shape" : "aaaeaec6-0c9a-4ddf-b5ba-a13be49e657d",
    "color" : "#FFFFFF",
    "position" : {
      "x" : 9.15457,
      "y" : 33.169586,
      "z" : -8.380789
    }
  }, {
    "shape" : "82a7405b-98f9-4f1a-97d2-17cd94c0ccf4",
    "color" : "#AF0000",
    "position" : {
      "x" : -12.633511,
      "y" : 30.652203,
      "z" : 12.454003
    },
    "orientation" : 16
  }, {
    "shape" : "aaaeaec6-0c9a-4ddf-b5ba-a13be49e657d",
    "color" : "#FFFFFF",
    "position" : {
      "x" : 30.573786,
      "y" : 12.580882,
      "z" : 1.745356
    }
  }, {
    "shape" : "aaaeaec6-0c9a-4ddf-b5ba-a13be49e657d",
    "color" : "#FFFFFF",
    "position" : {
      "x" : -34.963406,
      "y" : 5.4783278,
      "z" : -1.3466309
    }
  }, {
    "shape" : "aaaeaec6-0c9a-4ddf-b5ba-a13be49e657d",
    "color" : "#FFFFFF",
    "position" : {
      "x" : 1.3466309,
      "y" : 34.963406,
      "z" : 5.4783278
    }
  }, {
    "shape" : "aaaeaec6-0c9a-4ddf-b5ba-a13be49e657d",
    "color" : "#FFFFFF",
    "position" : {
      "x" : 32.20803,
      "y" : -9.936618,
      "z" : -11.671955
    }
  }, {
    "shape" : "aaaeaec6-0c9a-4ddf-b5ba-a13be49e657d",
    "color" : "#FFFFFF",
    "position" : {
      "x" : -33.169586,
      "y" : -8.380789,
      "z" : -9.15457
    }
  }, {
    "shape" : "82a7405b-98f9-4f1a-97d2-17cd94c0ccf4",
    "color" : "#AF0000",
    "position" : {
      "x" : 30.652203,
      "y" : -12.454003,
      "z" : 12.633511
    },
    "orientation" : 45
  }, {
    "shape" : "aaaeaec6-0c9a-4ddf-b5ba-a13be49e657d",
    "color" : "#FFFFFF",
    "position" : {
      "x" : -9.15457,
      "y" : -22.329895,
      "z" : -25.919779
    }
  }, {
    "shape" : "82a7405b-98f9-4f1a-97d2-17cd94c0ccf4",
    "color" : "#AF0000",
    "position" : {
      "x" : 25.919779,
      "y" : 9.15457,
      "z" : -22.329895
    },
    "orientation" : 32
  }, {
    "shape" : "2600dd2e-93b7-4f3e-9099-e41692c45ee1",
    "color" : "#DC4C00",
    "position" : {
      "x" : 4.5694013,
      "y" : 26.004385,
      "z" : -19.974329
    },
    "orientation" : 7
  }, {
    "shape" : "2600dd2e-93b7-4f3e-9099-e41692c45ee1",
    "color" : "#DC4C00",
    "position" : {
      "x" : 17.150284,
      "y" : 5.648091,
      "z" : 27.74974
    },
    "orientation" : 24
  }, {
    "shape" : "82a7405b-98f9-4f1a-97d2-17cd94c0ccf4",
    "color" : "#AF0000",
    "position" : {
      "x" : 1.3466309,
      "y" : 34.963406,
      "z" : 5.4783278
    },
    "orientation" : 16
  }, {
    "shape" : "df965211-92ad-4e9a-a2c6-3d5a8620f444",
    "color" : "#007695",
    "position" : {
      "x" : -28.822239,
      "y" : 4.45829,
      "z" : 20.536076
    },
    "orientation" : 9
  }, {
    "shape" : "aaaeaec6-0c9a-4ddf-b5ba-a13be49e657d",
    "color" : "#FFFFFF",
    "position" : {
      "x" : -9.15457,
      "y" : 22.329895,
      "z" : 25.919779
    }
  }, {
    "shape" : "82a7405b-98f9-4f1a-97d2-17cd94c0ccf4",
    "color" : "#AF0000",
    "position" : {
      "x" : 24.925695,
      "y" : 21.719685,
      "z" : 1.745356
    },
    "orientation" : 30
  }, {
    "shape" : "2600dd2e-93b7-4f3e-9099-e41692c45ee1",
    "color" : "#DC4C00",
    "position" : {
      "x" : 27.74974,
      "y" : 17.150284,
      "z" : 5.648091
    },
    "orientation" : 55
  }, {
    "shape" : "82a7405b-98f9-4f1a-97d2-17cd94c0ccf4",
    "color" : "#AF0000",
    "position" : {
      "x" : 12.454003,
      "y" : 12.633511,
      "z" : -30.652203
    },
    "orientation" : 32
  }, {
    "shape" : "aaaeaec6-0c9a-4ddf-b5ba-a13be49e657d",
    "color" : "#FFFFFF",
    "position" : {
      "x" : -20.536076,
      "y" : 28.822239,
      "z" : 4.45829
    }
  }, {
    "shape" : "aaaeaec6-0c9a-4ddf-b5ba-a13be49e657d",
    "color" : "#FFFFFF",
    "position" : {
      "x" : -6.9756756,
      "y" : 21.497631,
      "z" : -27.266409
    }
  }, {
    "shape" : "df965211-92ad-4e9a-a2c6-3d5a8620f444",
    "color" : "#007695",
    "position" : {
      "x" : -33.169586,
      "y" : 8.380789,
      "z" : 9.15457
    },
    "orientation" : 22
  }, {
    "shape" : "aaaeaec6-0c9a-4ddf-b5ba-a13be49e657d",
    "color" : "#FFFFFF",
    "position" : {
      "x" : -21.497631,
      "y" : -27.266409,
      "z" : 6.9756756
    }
  }, {
    "shape" : "82a7405b-98f9-4f1a-97d2-17cd94c0ccf4",
    "color" : "#AF0000",
    "position" : {
      "x" : 1.3466309,
      "y" : -34.963406,
      "z" : -5.4783278
    },
    "orientation" : 1
  }, {
    "shape" : "df965211-92ad-4e9a-a2c6-3d5a8620f444",
    "color" : "#007695",
    "position" : {
      "x" : -24.84728,
      "y" : 21.846563,
      "z" : 12.633511
    },
    "orientation" : 39
  }, {
    "shape" : "df965211-92ad-4e9a-a2c6-3d5a8620f444",
    "color" : "#007695",
    "position" : {
      "x" : 24.363949,
      "y" : -11.671955,
      "z" : -23.29145
    },
    "orientation" : 9
  }, {
    "shape" : "2600dd2e-93b7-4f3e-9099-e41692c45ee1",
    "color" : "#DC4C00",
    "position" : {
      "x" : -19.974329,
      "y" : -4.5694013,
      "z" : -26.004385
    },
    "orientation" : 23
  }, {
    "shape" : "aaaeaec6-0c9a-4ddf-b5ba-a13be49e657d",
    "color" : "#FFFFFF",
    "position" : {
      "x" : -6.9756756,
      "y" : -34.00185,
      "z" : 7.0341578
    }
  }, {
    "shape" : "aaaeaec6-0c9a-4ddf-b5ba-a13be49e657d",
    "color" : "#FFFFFF",
    "position" : {
      "x" : 1.745356,
      "y" : 24.925695,
      "z" : 21.719685
    }
  }, {
    "shape" : "df965211-92ad-4e9a-a2c6-3d5a8620f444",
    "color" : "#007695",
    "position" : {
      "x" : 4.45829,
      "y" : -20.536076,
      "z" : 28.822239
    },
    "orientation" : 26
  }, {
    "shape" : "2600dd2e-93b7-4f3e-9099-e41692c45ee1",
    "color" : "#DC4C00",
    "position" : {
      "x" : 1.745356,
      "y" : -30.573786,
      "z" : -12.580882
    },
    "orientation" : 20
  }, {
    "shape" : "aaaeaec6-0c9a-4ddf-b5ba-a13be49e657d",
    "color" : "#FFFFFF",
    "position" : {
      "x" : -8.380789,
      "y" : 9.15457,
      "z" : 33.169586
    }
  }, {
    "shape" : "5123e6f7-0f98-4188-8786-ad19c19773b1",
    "color" : "#DC4C00",
    "position" : {
      "x" : 13.465775,
      "y" : 29.30557,
      "z" : 14.632898
    },
    "orientation" : 37
  }, {
    "shape" : "82a7405b-98f9-4f1a-97d2-17cd94c0ccf4",
    "color" : "#AF0000",
    "position" : {
      "x" : 17.150284,
      "y" : 14.42733,
      "z" : -27.74974
    },
    "orientation" : 32
  }, {
    "shape" : "82a7405b-98f9-4f1a-97d2-17cd94c0ccf4",
    "color" : "#AF0000",
    "position" : {
      "x" : -28.822239,
      "y" : 4.45829,
      "z" : 20.536076
    },
    "orientation" : 17
  }, {
    "shape" : "2600dd2e-93b7-4f3e-9099-e41692c45ee1",
    "color" : "#DC4C00",
    "position" : {
      "x" : 17.150284,
      "y" : -5.648091,
      "z" : -27.74974
    },
    "orientation" : 9
  }, {
    "shape" : "5123e6f7-0f98-4188-8786-ad19c19773b1",
    "color" : "#DC4C00",
    "position" : {
      "x" : 30.652203,
      "y" : 12.454003,
      "z" : -12.633511
    },
    "orientation" : 34
  }, {
    "shape" : "df965211-92ad-4e9a-a2c6-3d5a8620f444",
    "color" : "#007695",
    "position" : {
      "x" : -27.74974,
      "y" : 17.150284,
      "z" : 14.42733
    },
    "orientation" : 36
  }, {
    "shape" : "5123e6f7-0f98-4188-8786-ad19c19773b1",
    "color" : "#DC4C00",
    "position" : {
      "x" : 14.632898,
      "y" : -13.465775,
      "z" : -29.30557
    },
    "orientation" : 8
  }, {
    "shape" : "aaaeaec6-0c9a-4ddf-b5ba-a13be49e657d",
    "color" : "#FFFFFF",
    "position" : {
      "x" : 4.5694013,
      "y" : 26.004385,
      "z" : -19.974329
    }
  }, {
    "shape" : "aaaeaec6-0c9a-4ddf-b5ba-a13be49e657d",
    "color" : "#FFFFFF",
    "position" : {
      "x" : -12.454003,
      "y" : 12.633511,
      "z" : 30.652203
    }
  }, {
    "shape" : "82a7405b-98f9-4f1a-97d2-17cd94c0ccf4",
    "color" : "#AF0000",
    "position" : {
      "x" : 17.150284,
      "y" : -14.42733,
      "z" : 27.74974
    },
    "orientation" : 47
  }, {
    "shape" : "aaaeaec6-0c9a-4ddf-b5ba-a13be49e657d",
    "color" : "#FFFFFF",
    "position" : {
      "x" : 14.632898,
      "y" : -13.465775,
      "z" : -29.30557
    }
  }, {
    "shape" : "df965211-92ad-4e9a-a2c6-3d5a8620f444",
    "color" : "#007695",
    "position" : {
      "x" : -28.822239,
      "y" : -1.3466309,
      "z" : 20.536076
    },
    "orientation" : 1
  }, {
    "shape" : "df965211-92ad-4e9a-a2c6-3d5a8620f444",
    "color" : "#007695",
    "position" : {
      "x" : -23.29145,
      "y" : 24.363949,
      "z" : -11.671955
    },
    "orientation" : 10
  }, {
    "shape" : "82a7405b-98f9-4f1a-97d2-17cd94c0ccf4",
    "color" : "#AF0000",
    "position" : {
      "x" : -1.745356,
      "y" : 24.925695,
      "z" : -21.719685
    },
    "orientation" : 31
  }, {
    "shape" : "aaaeaec6-0c9a-4ddf-b5ba-a13be49e657d",
    "color" : "#FFFFFF",
    "position" : {
      "x" : -4.45829,
      "y" : -20.536076,
      "z" : -28.822239
    }
  }, {
    "shape" : "aaaeaec6-0c9a-4ddf-b5ba-a13be49e657d",
    "color" : "#FFFFFF",
    "position" : {
      "x" : -34.00185,
      "y" : 7.0341578,
      "z" : -6.9756756
    }
  }, {
    "shape" : "82a7405b-98f9-4f1a-97d2-17cd94c0ccf4",
    "color" : "#AF0000",
    "position" : {
      "x" : 22.329895,
      "y" : 25.919779,
      "z" : -9.15457
    },
    "orientation" : 30
  }, {
    "shape" : "2600dd2e-93b7-4f3e-9099-e41692c45ee1",
    "color" : "#DC4C00",
    "position" : {
      "x" : 29.495098,
      "y" : -14.326238,
      "z" : 4.5694013
    },
    "orientation" : 17
  }, {
    "shape" : "aaaeaec6-0c9a-4ddf-b5ba-a13be49e657d",
    "color" : "#FFFFFF",
    "position" : {
      "x" : -4.5694013,
      "y" : -26.004385,
      "z" : -19.974329
    }
  }, {
    "shape" : "df965211-92ad-4e9a-a2c6-3d5a8620f444",
    "color" : "#007695",
    "position" : {
      "x" : 4.45829,
      "y" : 34.963406,
      "z" : -5.4783278
    },
    "orientation" : 45
  }, {
    "shape" : "2600dd2e-93b7-4f3e-9099-e41692c45ee1",
    "color" : "#DC4C00",
    "position" : {
      "x" : -17.150284,
      "y" : -5.648091,
      "z" : 27.74974
    },
    "orientation" : 54
  }, {
    "shape" : "82a7405b-98f9-4f1a-97d2-17cd94c0ccf4",
    "color" : "#AF0000",
    "position" : {
      "x" : 20.536076,
      "y" : -28.822239,
      "z" : 4.45829
    },
    "orientation" : 45
  }, {
    "shape" : "5123e6f7-0f98-4188-8786-ad19c19773b1",
    "color" : "#DC4C00",
    "position" : {
      "x" : -13.465775,
      "y" : 29.30557,
      "z" : -14.632898
    },
    "orientation" : 22
  }, {
    "shape" : "aaaeaec6-0c9a-4ddf-b5ba-a13be49e657d",
    "color" : "#FFFFFF",
    "position" : {
      "x" : -5.648091,
      "y" : 27.74974,
      "z" : -17.150284
    }
  }, {
    "shape" : "82a7405b-98f9-4f1a-97d2-17cd94c0ccf4",
    "color" : "#AF0000",
    "position" : {
      "x" : 21.719685,
      "y" : -1.745356,
      "z" : -24.925695
    },
    "orientation" : 32
  }, {
    "shape" : "aaaeaec6-0c9a-4ddf-b5ba-a13be49e657d",
    "color" : "#FFFFFF",
    "position" : {
      "x" : -34.963406,
      "y" : 5.4783278,
      "z" : 4.45829
    }
  }, {
    "shape" : "aaaeaec6-0c9a-4ddf-b5ba-a13be49e657d",
    "color" : "#FFFFFF",
    "position" : {
      "x" : -22.329895,
      "y" : -25.919779,
      "z" : -9.15457
    }
  }, {
    "shape" : "aaaeaec6-0c9a-4ddf-b5ba-a13be49e657d",
    "color" : "#FFFFFF",
    "position" : {
      "x" : 12.633511,
      "y" : 24.84728,
      "z" : -21.846563
    }
  }, {
    "shape" : "aaaeaec6-0c9a-4ddf-b5ba-a13be49e657d",
    "color" : "#FFFFFF",
    "position" : {
      "x" : -28.822239,
      "y" : -1.3466309,
      "z" : 20.536076
    }
  }, {
    "shape" : "df965211-92ad-4e9a-a2c6-3d5a8620f444",
    "color" : "#007695",
    "position" : {
      "x" : -20.536076,
      "y" : 28.822239,
      "z" : -1.3466309
    },
    "orientation" : 2
  }, {
    "shape" : "82a7405b-98f9-4f1a-97d2-17cd94c0ccf4",
    "color" : "#AF0000",
    "position" : {
      "x" : 1.745356,
      "y" : -24.925695,
      "z" : -21.719685
    },
    "orientation" : 1
  }, {
    "shape" : "df965211-92ad-4e9a-a2c6-3d5a8620f444",
    "color" : "#007695",
    "position" : {
      "x" : -20.536076,
      "y" : -28.822239,
      "z" : 1.3466309
    },
    "orientation" : 47
  }, {
    "shape" : "aaaeaec6-0c9a-4ddf-b5ba-a13be49e657d",
    "color" : "#FFFFFF",
    "position" : {
      "x" : 13.465775,
      "y" : 26.193913,
      "z" : 19.66767
    }
  }, {
    "shape" : "aaaeaec6-0c9a-4ddf-b5ba-a13be49e657d",
    "color" : "#FFFFFF",
    "position" : {
      "x" : 5.648091,
      "y" : -27.74974,
      "z" : -17.150284
    }
  }, {
    "shape" : "aaaeaec6-0c9a-4ddf-b5ba-a13be49e657d",
    "color" : "#FFFFFF",
    "position" : {
      "x" : -34.963406,
      "y" : -5.4783278,
      "z" : 1.3466309
    }
  }, {
    "shape" : "5123e6f7-0f98-4188-8786-ad19c19773b1",
    "color" : "#DC4C00",
    "position" : {
      "x" : 6.9756756,
      "y" : 21.497631,
      "z" : 27.266409
    },
    "orientation" : 42
  }, {
    "shape" : "2600dd2e-93b7-4f3e-9099-e41692c45ee1",
    "color" : "#DC4C00",
    "position" : {
      "x" : 4.5694013,
      "y" : -29.495098,
      "z" : 14.326238
    },
    "orientation" : 30
  }, {
    "shape" : "aaaeaec6-0c9a-4ddf-b5ba-a13be49e657d",
    "color" : "#FFFFFF",
    "position" : {
      "x" : 5.4783278,
      "y" : -1.3466309,
      "z" : -34.963406
    }
  }, {
    "shape" : "aaaeaec6-0c9a-4ddf-b5ba-a13be49e657d",
    "color" : "#FFFFFF",
    "position" : {
      "x" : 28.822239,
      "y" : 4.45829,
      "z" : -20.536076
    }
  }, {
    "shape" : "df965211-92ad-4e9a-a2c6-3d5a8620f444",
    "color" : "#007695",
    "position" : {
      "x" : 23.29145,
      "y" : -24.363949,
      "z" : -11.671955
    },
    "orientation" : 40
  }, {
    "shape" : "aaaeaec6-0c9a-4ddf-b5ba-a13be49e657d",
    "color" : "#FFFFFF",
    "position" : {
      "x" : -32.20803,
      "y" : 9.936618,
      "z" : -11.671955
    }
  }, {
    "shape" : "aaaeaec6-0c9a-4ddf-b5ba-a13be49e657d",
    "color" : "#FFFFFF",
    "position" : {
      "x" : 14.632898,
      "y" : 13.465775,
      "z" : 29.30557
    }
  }, {
    "shape" : "aaaeaec6-0c9a-4ddf-b5ba-a13be49e657d",
    "color" : "#FFFFFF",
    "position" : {
      "x" : 4.45829,
      "y" : -34.963406,
      "z" : 5.4783278
    }
  }, {
    "shape" : "2600dd2e-93b7-4f3e-9099-e41692c45ee1",
    "color" : "#DC4C00",
    "position" : {
      "x" : 12.580882,
      "y" : -1.745356,
      "z" : -30.573786
    },
    "orientation" : 18
  }, {
    "shape" : "2600dd2e-93b7-4f3e-9099-e41692c45ee1",
    "color" : "#DC4C00",
    "position" : {
      "x" : 29.495098,
      "y" : 14.326238,
      "z" : -4.5694013
    },
    "orientation" : 2
  }, {
    "shape" : "82a7405b-98f9-4f1a-97d2-17cd94c0ccf4",
    "color" : "#AF0000",
    "position" : {
      "x" : -11.671955,
      "y" : -32.20803,
      "z" : 9.936618
    },
    "orientation" : 46
  }, {
    "shape" : "df965211-92ad-4e9a-a2c6-3d5a8620f444",
    "color" : "#007695",
    "position" : {
      "x" : -8.380789,
      "y" : -9.15457,
      "z" : -33.169586
    },
    "orientation" : 6
  }, {
    "shape" : "aaaeaec6-0c9a-4ddf-b5ba-a13be49e657d",
    "color" : "#FFFFFF",
    "position" : {
      "x" : -28.822239,
      "y" : -4.45829,
      "z" : -20.536076
    }
  }, {
    "shape" : "aaaeaec6-0c9a-4ddf-b5ba-a13be49e657d",
    "color" : "#FFFFFF",
    "position" : {
      "x" : -11.671955,
      "y" : -23.29145,
      "z" : 24.363949
    }
  }, {
    "shape" : "aaaeaec6-0c9a-4ddf-b5ba-a13be49e657d",
    "color" : "#FFFFFF",
    "position" : {
      "x" : 20.536076,
      "y" : 28.822239,
      "z" : 1.3466309
    }
  }, {
    "shape" : "82a7405b-98f9-4f1a-97d2-17cd94c0ccf4",
    "color" : "#AF0000",
    "position" : {
      "x" : -29.30557,
      "y" : 14.632898,
      "z" : -13.465775
    },
    "orientation" : 15
  }, {
    "shape" : "df965211-92ad-4e9a-a2c6-3d5a8620f444",
    "color" : "#007695",
    "position" : {
      "x" : 8.380789,
      "y" : -9.15457,
      "z" : 33.169586
    },
    "orientation" : 51
  }, {
    "shape" : "5123e6f7-0f98-4188-8786-ad19c19773b1",
    "color" : "#DC4C00",
    "position" : {
      "x" : -21.497631,
      "y" : -27.266409,
      "z" : 6.9756756
    },
    "orientation" : 29
  }, {
    "shape" : "82a7405b-98f9-4f1a-97d2-17cd94c0ccf4",
    "color" : "#AF0000",
    "position" : {
      "x" : 32.20803,
      "y" : 9.936618,
      "z" : 11.671955
    },
    "orientation" : 30
  }, {
    "shape" : "aaaeaec6-0c9a-4ddf-b5ba-a13be49e657d",
    "color" : "#FFFFFF",
    "position" : {
      "x" : -28.822239,
      "y" : 4.45829,
      "z" : 20.536076
    }
  }, {
    "shape" : "df965211-92ad-4e9a-a2c6-3d5a8620f444",
    "color" : "#007695",
    "position" : {
      "x" : -5.4783278,
      "y" : 4.45829,
      "z" : 34.963406
    },
    "orientation" : 16
  }, {
    "shape" : "aaaeaec6-0c9a-4ddf-b5ba-a13be49e657d",
    "color" : "#FFFFFF",
    "position" : {
      "x" : 21.497631,
      "y" : -27.266409,
      "z" : -6.9756756
    }
  }, {
    "shape" : "aaaeaec6-0c9a-4ddf-b5ba-a13be49e657d",
    "color" : "#FFFFFF",
    "position" : {
      "x" : 33.169586,
      "y" : 8.380789,
      "z" : -9.15457
    }
  }, {
    "shape" : "aaaeaec6-0c9a-4ddf-b5ba-a13be49e657d",
    "color" : "#FFFFFF",
    "position" : {
      "x" : -4.5694013,
      "y" : 29.495098,
      "z" : 14.326238
    }
  }, {
    "shape" : "aaaeaec6-0c9a-4ddf-b5ba-a13be49e657d",
    "color" : "#FFFFFF",
    "position" : {
      "x" : -5.648091,
      "y" : -27.74974,
      "z" : 17.150284
    }
  }, {
    "shape" : "aaaeaec6-0c9a-4ddf-b5ba-a13be49e657d",
    "color" : "#FFFFFF",
    "position" : {
      "x" : 23.29145,
      "y" : 24.363949,
      "z" : 11.671955
    }
  }, {
    "shape" : "82a7405b-98f9-4f1a-97d2-17cd94c0ccf4",
    "color" : "#AF0000",
    "position" : {
      "x" : -5.648091,
      "y" : 27.74974,
      "z" : -17.150284
    },
    "orientation" : 31
  }, {
    "shape" : "aaaeaec6-0c9a-4ddf-b5ba-a13be49e657d",
    "color" : "#FFFFFF",
    "position" : {
      "x" : -21.719685,
      "y" : -1.745356,
      "z" : 24.925695
    }
  }, {
    "shape" : "82a7405b-98f9-4f1a-97d2-17cd94c0ccf4",
    "color" : "#AF0000",
    "position" : {
      "x" : -29.30557,
      "y" : -14.632898,
      "z" : 13.465775
    },
    "orientation" : 0
  }, {
    "shape" : "df965211-92ad-4e9a-a2c6-3d5a8620f444",
    "color" : "#007695",
    "position" : {
      "x" : 1.3466309,
      "y" : 20.536076,
      "z" : 28.822239
    },
    "orientation" : 45
  }, {
    "shape" : "df965211-92ad-4e9a-a2c6-3d5a8620f444",
    "color" : "#007695",
    "position" : {
      "x" : -28.822239,
      "y" : 1.3466309,
      "z" : -20.536076
    },
    "orientation" : 16
  }, {
    "shape" : "82a7405b-98f9-4f1a-97d2-17cd94c0ccf4",
    "color" : "#AF0000",
    "position" : {
      "x" : -22.329895,
      "y" : 25.919779,
      "z" : 9.15457
    },
    "orientation" : 15
  }, {
    "shape" : "aaaeaec6-0c9a-4ddf-b5ba-a13be49e657d",
    "color" : "#FFFFFF",
    "position" : {
      "x" : -9.393447,
      "y" : -7.3934464,
      "z" : 25.416409
    }
  }, {
    "shape" : "aaaeaec6-0c9a-4ddf-b5ba-a13be49e657d",
    "color" : "#FFFFFF",
    "position" : {
      "x" : 6.536536,
      "y" : -18.093828,
      "z" : 24.301744
    }
  }, {
    "shape" : "aaaeaec6-0c9a-4ddf-b5ba-a13be49e657d",
    "color" : "#FFFFFF",
    "position" : {
      "x" : 19.974329,
      "y" : 4.5694013,
