{
  "field" : "golden",
  "symmetry" : "icosahedral",
  "orientations" : [ [ 1.0, 0.0, 0.0, 0.0, 0.0, 1.0, 0.0, 0.0, 0.0, 0.0, 1.0, 0.0, 0.0, 0.0, 0.0, 1.0 ], [ 0.0, 0.0, 1.0, 0.0, 1.0, 0.0, 0.0, 0.0, 0.0, 1.0, 0.0, 0.0, 0.0, 0.0, 0.0, 1.0 ], [ 0.0, 1.0, 0.0, 0.0, 0.0, 0.0, 1.0, 0.0, 1.0, 0.0, 0.0, 0.0, 0.0, 0.0, 0.0, 1.0 ], [ 0.809017, 0.309017, 0.5, 0.0, 0.309017, 0.5, -0.809017, 0.0, -0.5, 0.809017, 0.309017, 0.0, 0.0, 0.0, 0.0, 1.0 ], [ -0.5, 0.809017, 0.309017, 0.0, 0.809017, 0.309017, 0.5, 0.0, 0.309017, 0.5, -0.809017, 0.0, 0.0, 0.0, 0.0, 1.0 ], [ 0.309017, 0.5, -0.809017, 0.0, -0.5, 0.809017, 0.309017, 0.0, 0.809017, 0.309017, 0.5, 0.0, 0.0, 0.0, 0.0, 1.0 ], [ 0.5, 0.809017, 0.309017, 0.0, 0.809017, -0.309017, -0.5, 0.0, -0.309017, 0.5, -0.809017, 0.0, 0.0, 0.0, 0.0, 1.0 ], [ -0.309017, 0.5, -0.809017, 0.0, 0.5, 0.809017, 0.309017, 0.0, 0.809017, -0.309017, -0.5, 0.0, 0.0, 0.0, 0.0, 1.0 ], [ 0.809017, -0.309017, -0.5, 0.0, -0.309017, 0.5, -0.809017, 0.0, 0.5, 0.809017, 0.309017, 0.0, 0.0, 0.0, 0.0, 1.0 ], [ 0.5, 0.809017, -0.309017, 0.0, 0.809017, -0.309017, 0.5, 0.0, 0.309017, -0.5, -0.809017, 0.0, 0.0, 0.0, 0.0, 1.0 ], [ 0.309017, -0.5, -0.809017, 0.0, 0.5, 0.809017, -0.309017, 0.0, 0.809017, -0.309017, 0.5, 0.0, 0.0, 0.0, 0.0, 1.0 ], [ 0.809017, -0.309017, 0.5, 0.0, 0.309017, -0.5, -0.809017, 0.0, 0.5, 0.809017, -0.309017, 0.0, 0.0, 0.0, 0.0, 1.0 ], [ 0.809017, 0.309017, -0.5, 0.0, 0.309017, 0.5, 0.809017, 0.0, 0.5, -0.809017, 0.309017, 0.0, 0.0, 0.0, 0.0, 1.0 ], [ 0.5, -0.809017, 0.309017, 0.0, 0.809017, 0.309017, -0.5, 0.0, 0.309017, 0.5, 0.809017, 0.0, 0.0, 0.0, 0.0, 1.0 ], [ 0.309017, 0.5, 0.809017, 0.0, 0.5, -0.809017, 0.309017, 0.0, 0.809017, 0.309017, -0.5, 0.0, 0.0, 0.0, 0.0, 1.0 ], [ 1.0, 0.0, 0.0, 0.0, 0.0, -1.0, 0.0, 0.0, 0.0, 0.0, -1.0, 0.0, 0.0, 0.0, 0.0, 1.0 ], [ 0.0, 0.0, 1.0, 0.0, -1.0, 0.0, 0.0, 0.0, 0.0, -1.0, 0.0, 0.0, 0.0, 0.0, 0.0, 1.0 ], [ 0.0, 1.0, 0.0, 0.0, 0.0, 0.0, -1.0, 0.0, -1.0, 0.0, 0.0, 0.0, 0.0, 0.0, 0.0, 1.0 ], [ 0.809017, 0.309017, 0.5, 0.0, -0.309017, -0.5, 0.809017, 0.0, 0.5, -0.809017, -0.309017, 0.0, 0.0, 0.0, 0.0, 1.0 ], [ -0.5, 0.809017, 0.309017, 0.0, -0.809017, -0.309017, -0.5, 0.0, -0.309017, -0.5, 0.809017, 0.0, 0.0, 0.0, 0.0, 1.0 ], [ 0.309017, 0.5, -0.809017, 0.0, 0.5, -0.809017, -0.309017, 0.0, -0.809017, -0.309017, -0.5, 0.0, 0.0, 0.0, 0.0, 1.0 ], [ 0.5, 0.809017, 0.309017, 0.0, -0.809017, 0.309017, 0.5, 0.0, 0.309017, -0.5, 0.809017, 0.0, 0.0, 0.0, 0.0, 1.0 ], [ -0.309017, 0.5, -0.809017, 0.0, -0.5, -0.809017, -0.309017, 0.0, -0.809017, 0.309017, 0.5, 0.0, 0.0, 0.0, 0.0, 1.0 ], [ 0.809017, -0.309017, -0.5, 0.0, 0.309017, -0.5, 0.809017, 0.0, -0.5, -0.809017, -0.309017, 0.0, 0.0, 0.0, 0.0, 1.0 ], [ 0.5, 0.809017, -0.309017, 0.0, -0.809017, 0.309017, -0.5, 0.0, -0.309017, 0.5, 0.809017, 0.0, 0.0, 0.0, 0.0, 1.0 ], [ 0.309017, -0.5, -0.809017, 0.0, -0.5, -0.809017, 0.309017, 0.0, -0.809017, 0.309017, -0.5, 0.0, 0.0, 0.0, 0.0, 1.0 ], [ 0.809017, -0.309017, 0.5, 0.0, -0.309017, 0.5, 0.809017, 0.0, -0.5, -0.809017, 0.309017, 0.0, 0.0, 0.0, 0.0, 1.0 ], [ 0.809017, 0.309017, -0.5, 0.0, -0.309017, -0.5, -0.809017, 0.0, -0.5, 0.809017, -0.309017, 0.0, 0.0, 0.0, 0.0, 1.0 ], [ 0.5, -0.809017, 0.309017, 0.0, -0.809017, -0.309017, 0.5, 0.0, -0.309017, -0.5, -0.809017, 0.0, 0.0, 0.0, 0.0, 1.0 ], [ 0.309017, 0.5, 0.809017, 0.0, -0.5, 0.809017, -0.309017, 0.0, -0.809017, -0.309017, 0.5, 0.0, 0.0, 0.0, 0.0, 1.0 ], [ -1.0, 0.0, 0.0, 0.0, 0.0, -1.0, 0.0, 0.0, 0.0, 0.0, 1.0, 0.0, 0.0, 0.0, 0.0, 1.0 ], [ 0.0, 0.0, -1.0, 0.0, -1.0, 0.0, 0.0, 0.0, 0.0, 1.0, 0.0, 0.0, 0.0, 0.0, 0.0, 1.0 ], [ 0.0, -1.0, 0.0, 0.0, 0.0, 0.0, -1.0, 0.0, 1.0, 0.0, 0.0, 0.0, 0.0, 0.0, 0.0, 1.0 ], [ -0.809017, -0.309017, -0.5, 0.0, -0.309017, -0.5, 0.809017, 0.0, -0.5, 0.809017, 0.309017, 0.0, 0.0, 0.0, 0.0, 1.0 ], [ 0.5, -0.809017, -0.309017, 0.0, -0.809017, -0.309017, -0.5, 0.0, 0.309017, 0.5, -0.809017, 0.0, 0.0, 0.0, 0.0, 1.0 ], [ -0.309017, -0.5, 0.809017, 0.0, 0.5, -0.809017, -0.309017, 0.0, 0.809017, 0.309017, 0.5, 0.0, 0.0, 0.0, 0.0, 1.0 ], [ -0.5, -0.809017, -0.309017, 0.0, -0.809017, 0.309017, 0.5, 0.0, -0.309017, 0.5, -0.809017, 0.0, 0.0, 0.0, 0.0, 1.0 ], [ 0.309017, -0.5, 0.809017, 0.0, -0.5, -0.809017, -0.309017, 0.0, 0.809017, -0.309017, -0.5, 0.0, 0.0, 0.0, 0.0, 1.0 ], [ -0.809017, 0.309017, 0.5, 0.0, 0.309017, -0.5, 0.809017, 0.0, 0.5, 0.809017, 0.309017, 0.0, 0.0, 0.0, 0.0, 1.0 ], [ -0.5, -0.809017, 0.309017, 0.0, -0.809017, 0.309017, -0.5, 0.0, 0.309017, -0.5, -0.809017, 0.0, 0.0, 0.0, 0.0, 1.0 ], [ -0.309017, 0.5, 0.809017, 0.0, -0.5, -0.809017, 0.309017, 0.0, 0.809017, -0.309017, 0.5, 0.0, 0.0, 0.0, 0.0, 1.0 ], [ -0.809017, 0.309017, -0.5, 0.0, -0.309017, 0.5, 0.809017, 0.0, 0.5, 0.809017, -0.309017, 0.0, 0.0, 0.0, 0.0, 1.0 ], [ -0.809017, -0.309017, 0.5, 0.0, -0.309017, -0.5, -0.809017, 0.0, 0.5, -0.809017, 0.309017, 0.0, 0.0, 0.0, 0.0, 1.0 ], [ -0.5, 0.809017, -0.309017, 0.0, -0.809017, -0.309017, 0.5, 0.0, 0.309017, 0.5, 0.809017, 0.0, 0.0, 0.0, 0.0, 1.0 ], [ -0.309017, -0.5, -0.809017, 0.0, -0.5, 0.809017, -0.309017, 0.0, 0.809017, 0.309017, -0.5, 0.0, 0.0, 0.0, 0.0, 1.0 ], [ -1.0, 0.0, 0.0, 0.0, 0.0, 1.0, 0.0, 0.0, 0.0, 0.0, -1.0, 0.0, 0.0, 0.0, 0.0, 1.0 ], [ 0.0, 0.0, -1.0, 0.0, 1.0, 0.0, 0.0, 0.0, 0.0, -1.0, 0.0, 0.0, 0.0, 0.0, 0.0, 1.0 ], [ 0.0, -1.0, 0.0, 0.0, 0.0, 0.0, 1.0, 0.0, -1.0, 0.0, 0.0, 0.0, 0.0, 0.0, 0.0, 1.0 ], [ -0.809017, -0.309017, -0.5, 0.0, 0.309017, 0.5, -0.809017, 0.0, 0.5, -0.809017, -0.309017, 0.0, 0.0, 0.0, 0.0, 1.0 ], [ 0.5, -0.809017, -0.309017, 0.0, 0.809017, 0.309017, 0.5, 0.0, -0.309017, -0.5, 0.809017, 0.0, 0.0, 0.0, 0.0, 1.0 ], [ -0.309017, -0.5, 0.809017, 0.0, -0.5, 0.809017, 0.309017, 0.0, -0.809017, -0.309017, -0.5, 0.0, 0.0, 0.0, 0.0, 1.0 ], [ -0.5, -0.809017, -0.309017, 0.0, 0.809017, -0.309017, -0.5, 0.0, 0.309017, -0.5, 0.809017, 0.0, 0.0, 0.0, 0.0, 1.0 ], [ 0.309017, -0.5, 0.809017, 0.0, 0.5, 0.809017, 0.309017, 0.0, -0.809017, 0.309017, 0.5, 0.0, 0.0, 0.0, 0.0, 1.0 ], [ -0.809017, 0.309017, 0.5, 0.0, -0.309017, 0.5, -0.809017, 0.0, -0.5, -0.809017, -0.309017, 0.0, 0.0, 0.0, 0.0, 1.0 ], [ -0.5, -0.809017, 0.309017, 0.0, 0.809017, -0.309017, 0.5, 0.0, -0.309017, 0.5, 0.809017, 0.0, 0.0, 0.0, 0.0, 1.0 ], [ -0.309017, 0.5, 0.809017, 0.0, 0.5, 0.809017, -0.309017, 0.0, -0.809017, 0.309017, -0.5, 0.0, 0.0, 0.0, 0.0, 1.0 ], [ -0.809017, 0.309017, -0.5, 0.0, 0.309017, -0.5, -0.809017, 0.0, -0.5, -0.809017, 0.309017, 0.0, 0.0, 0.0, 0.0, 1.0 ], [ -0.809017, -0.309017, 0.5, 0.0, 0.309017, 0.5, 0.809017, 0.0, -0.5, 0.809017, -0.309017, 0.0, 0.0, 0.0, 0.0, 1.0 ], [ -0.5, 0.809017, -0.309017, 0.0, 0.809017, 0.309017, -0.5, 0.0, -0.309017, -0.5, -0.809017, 0.0, 0.0, 0.0, 0.0, 1.0 ], [ -0.309017, -0.5, -0.809017, 0.0, 0.5, -0.809017, 0.309017, 0.0, -0.809017, -0.309017, 0.5, 0.0, 0.0, 0.0, 0.0, 1.0 ] ],
  "lights" : {
    "ambientColor" : "#292929",
    "backgroundColor" : "#E0EFFF",
    "directionalLights" : [ {
      "direction" : {
        "x" : 1.0,
        "y" : -1.0,
        "z" : -1.0
      },
      "color" : "#EBEBE4"
    }, {
      "direction" : {
        "x" : -1.0,
        "y" : 0.0,
        "z" : 0.0
      },
      "color" : "#E4E4EB"
    }, {
      "direction" : {
        "x" : 0.0,
        "y" : 0.0,
        "z" : -1.0
      },
      "color" : "#1E1E1E"
    } ]
  },
  "camera" : {
    "lookDirection" : {
      "x" : 0.0,
      "y" : 0.0,
      "z" : -1.0
    },
    "upDirection" : {
      "x" : 0.0,
      "y" : 1.0,
      "z" : 0.0
    },
    "lookAtPoint" : {
      "x" : 0.0,
      "y" : 0.0,
      "z" : 0.0
    },
    "viewDistance" : 162.208,
    "nearClipDistance" : 0.40552008,
    "farClipDistance" : 324.41666,
    "fieldOfView" : 0.44262958,
    "perspective" : false,
    "width" : 72.99371,
    "stereo" : false,
    "position" : {
      "x" : 0.0,
      "y" : 0.0,
      "z" : 162.208
    }
  },
  "embedding" : [ 1.0, 0.0, 0.0, 0.0, 0.0, 1.0, 0.0, 0.0, 0.0, 0.0, 1.0, 0.0, 0.0, 0.0, 0.0, 1.0 ],
  "shapes" : [ {
    "id" : "384b6fbe-305b-423b-8385-bef32d68d587",
    "vertices" : [ {
      "x" : 28.725426,
      "y" : 10.972136,
      "z" : -4.190983
    }, {
      "x" : 28.343458,
      "y" : 10.5172205,
      "z" : -4.0
    }, {
      "x" : 28.18034,
      "y" : 10.781153,
      "z" : -4.427051
    }, {
      "x" : 28.107391,
      "y" : 11.045085,
      "z" : -4.236068
    }, {
      "x" : 0.85410196,
      "y" : 0.309017,
      "z" : 0.19098301
    }, {
      "x" : 0.690983,
      "y" : 0.572949,
      "z" : -0.23606798
    }, {
      "x" : 0.309017,
      "y" : 0.11803399,
      "z" : -0.045084972
    }, {
      "x" : 0.76393205,
      "y" : 0.309017,
      "z" : -0.42705098
    }, {
      "x" : 0.927051,
      "y" : 0.045084972,
      "z" : 0.0
    }, {
      "x" : 28.27051,
      "y" : 10.781153,
      "z" : -3.809017
    }, {
      "x" : 29.034441,
      "y" : 11.09017,
      "z" : -4.236068
    } ],
    "faces" : [ {
      "vertices" : [ 2, 7, 5 ]
    }, {
      "vertices" : [ 2, 5, 3 ]
    }, {
      "vertices" : [ 1, 8, 7 ]
    }, {
      "vertices" : [ 1, 7, 2 ]
    }, {
      "vertices" : [ 4, 6, 8 ]
    }, {
      "vertices" : [ 5, 7, 6 ]
    }, {
      "vertices" : [ 0, 1, 2 ]
    }, {
      "vertices" : [ 0, 2, 3 ]
    }, {
      "vertices" : [ 6, 7, 8 ]
    }, {
      "vertices" : [ 3, 5, 4 ]
    }, {
      "vertices" : [ 3, 4, 9 ]
    }, {
      "vertices" : [ 1, 9, 4 ]
    }, {
      "vertices" : [ 1, 4, 8 ]
    }, {
      "vertices" : [ 0, 9, 1 ]
    }, {
      "vertices" : [ 0, 3, 9 ]
    }, {
      "vertices" : [ 4, 5, 6 ]
    } ]
  }, {
    "id" : "e0df5a98-2348-4089-a9e8-36c8bb28c589",
    "vertices" : [ {
      "x" : 0.9045085,
      "y" : 0.3454915,
      "z" : 0.25
    }, {
      "x" : 10.376644,
      "y" : 6.1995935,
      "z" : 0.25
    }, {
      "x" : 10.185661,
      "y" : 6.5086102,
      "z" : 0.25
    }, {
      "x" : 0.7135255,
      "y" : 0.6545085,
      "z" : 0.25
    }, {
      "x" : 0.809017,
      "y" : 0.5,
      "z" : -0.309017
    }, {
      "x" : 0.9635255,
      "y" : 0.25,
      "z" : -0.095491506
    }, {
      "x" : 0.309017,
      "y" : 0.19098301,
      "z" : 0.0
    }, {
      "x" : 10.781153,
      "y" : 6.663119,
      "z" : 0.0
    }, {
      "x" : 10.126644,
      "y" : 6.604102,
      "z" : -0.095491506
    }, {
      "x" : 10.281153,
      "y" : 6.354102,
      "z" : -0.309017
    }, {
      "x" : 11.09017,
      "y" : 6.854102,
      "z" : 0.0
    }, {
      "x" : 0.6545085,
      "y" : 0.75,
      "z" : -0.095491506
    }, {
      "x" : 10.435661,
      "y" : 6.104102,
      "z" : -0.095491506
    } ],
    "faces" : [ {
      "vertices" : [ 4, 11, 8 ]
    }, {
      "vertices" : [ 4, 8, 9 ]
    }, {
      "vertices" : [ 0, 1, 2 ]
    }, {
      "vertices" : [ 0, 2, 3 ]
    }, {
      "vertices" : [ 0, 3, 6 ]
    }, {
      "vertices" : [ 1, 7, 2 ]
    }, {
      "vertices" : [ 0, 6, 5 ]
    }, {
      "vertices" : [ 4, 5, 6 ]
    }, {
      "vertices" : [ 2, 7, 8 ]
    }, {
      "vertices" : [ 0, 5, 12 ]
    }, {
      "vertices" : [ 0, 12, 1 ]
    }, {
      "vertices" : [ 1, 12, 7 ]
    }, {
      "vertices" : [ 3, 11, 6 ]
    }, {
      "vertices" : [ 4, 6, 11 ]
    }, {
      "vertices" : [ 7, 9, 8 ]
    }, {
      "vertices" : [ 2, 8, 11 ]
    }, {
      "vertices" : [ 2, 11, 3 ]
    }, {
      "vertices" : [ 7, 12, 9 ]
    }, {
      "vertices" : [ 4, 9, 12 ]
    }, {
      "vertices" : [ 4, 12, 5 ]
    } ]
  }, {
    "id" : "d0654879-28d9-4778-8cd5-2ad03e6ea502",
    "vertices" : [ {
      "x" : -0.309017,
      "y" : -0.19098301,
      "z" : 0.0
    }, {
      "x" : -0.309017,
      "y" : 0.19098301,
      "z" : 0.0
    }, {
      "x" : -0.19098301,
      "y" : 0.0,
      "z" : -0.309017
    }, {
      "x" : -0.19098301,
      "y" : 0.0,
      "z" : 0.309017
    }, {
      "x" : 0.0,
      "y" : -0.309017,
      "z" : -0.19098301
    }, {
      "x" : 0.0,
      "y" : -0.309017,
      "z" : 0.19098301
    }, {
      "x" : 0.0,
      "y" : 0.309017,
      "z" : -0.19098301
    }, {
      "x" : 0.0,
      "y" : 0.309017,
      "z" : 0.19098301
    }, {
      "x" : 0.19098301,
      "y" : 0.0,
      "z" : -0.309017
    }, {
      "x" : 0.19098301,
      "y" : 0.0,
      "z" : 0.309017
    }, {
      "x" : 0.309017,
      "y" : -0.19098301,
      "z" : 0.0
    }, {
      "x" : 0.309017,
      "y" : 0.19098301,
      "z" : 0.0
    } ],
    "faces" : [ {
      "vertices" : [ 0, 1, 2 ]
    }, {
      "vertices" : [ 0, 3, 1 ]
    }, {
      "vertices" : [ 0, 2, 4 ]
    }, {
      "vertices" : [ 0, 5, 3 ]
    }, {
      "vertices" : [ 0, 4, 5 ]
    }, {
      "vertices" : [ 1, 6, 2 ]
    }, {
      "vertices" : [ 1, 3, 7 ]
    }, {
      "vertices" : [ 1, 7, 6 ]
    }, {
      "vertices" : [ 2, 8, 4 ]
    }, {
      "vertices" : [ 2, 6, 8 ]
    }, {
      "vertices" : [ 3, 5, 9 ]
    }, {
      "vertices" : [ 3, 9, 7 ]
    }, {
      "vertices" : [ 4, 10, 5 ]
    }, {
      "vertices" : [ 4, 8, 10 ]
    }, {
      "vertices" : [ 5, 10, 9 ]
    }, {
      "vertices" : [ 6, 7, 11 ]
    }, {
      "vertices" : [ 6, 11, 8 ]
    }, {
      "vertices" : [ 7, 9, 11 ]
    }, {
      "vertices" : [ 8, 11, 10 ]
    }, {
      "vertices" : [ 9, 10, 11 ]
    } ]
  }, {
    "id" : "64b709de-11e2-43fb-8eff-aca7616355e5",
    "vertices" : [ {
      "x" : 11.685661,
      "y" : 1.9635255,
      "z" : -2.868034
    }, {
      "x" : 12.053696,
      "y" : 2.059017,
      "z" : -3.3315594
    }, {
      "x" : 1.0954915,
      "y" : 0.1545085,
      "z" : 0.059016995
    }, {
      "x" : 11.4946785,
      "y" : 2.2725425,
      "z" : -3.368034
    }, {
      "x" : 0.9045085,
      "y" : 0.4635255,
      "z" : -0.440983
    }, {
      "x" : 11.4946785,
      "y" : 1.6545085,
      "z" : -2.986068
    }, {
      "x" : 0.9045085,
      "y" : -0.1545085,
      "z" : -0.059016995
    }, {
      "x" : 11.303696,
      "y" : 1.9635255,
      "z" : -3.486068
    }, {
      "x" : 12.399187,
      "y" : 2.118034,
      "z" : -3.427051
    }, {
      "x" : 0.3454915,
      "y" : 0.059016995,
      "z" : -0.095491506
    }, {
      "x" : 0.7135255,
      "y" : 0.1545085,
      "z" : -0.559017
    } ],
    "faces" : [ {
      "vertices" : [ 2, 9, 6 ]
    }, {
      "vertices" : [ 0, 1, 3 ]
    }, {
      "vertices" : [ 0, 5, 1 ]
    }, {
      "vertices" : [ 4, 10, 9 ]
    }, {
      "vertices" : [ 3, 7, 10 ]
    }, {
      "vertices" : [ 3, 10, 4 ]
    }, {
      "vertices" : [ 0, 3, 4 ]
    }, {
      "vertices" : [ 0, 4, 2 ]
    }, {
      "vertices" : [ 6, 9, 10 ]
    }, {
      "vertices" : [ 1, 7, 3 ]
    }, {
      "vertices" : [ 5, 6, 10 ]
    }, {
      "vertices" : [ 5, 10, 7 ]
    }, {
      "vertices" : [ 0, 2, 6 ]
    }, {
      "vertices" : [ 0, 6, 5 ]
    }, {
      "vertices" : [ 1, 5, 7 ]
    }, {
      "vertices" : [ 2, 4, 9 ]
    } ]
  }, {
    "id" : "84590f74-14cb-45b1-9912-95f889c68d33",
    "vertices" : [ {
      "x" : 1.0,
      "y" : 0.309017,
      "z" : 0.19098301
    }, {
      "x" : 1.0,
      "y" : -0.309017,
      "z" : 0.19098301
    }, {
      "x" : 34.888542,
      "y" : -0.309017,
      "z" : 0.19098301
    }, {
      "x" : 34.888542,
      "y" : 0.309017,
      "z" : 0.19098301
    }, {
      "x" : 34.888542,
      "y" : -0.309017,
      "z" : -0.19098301
    }, {
      "x" : 34.888542,
      "y" : 0.309017,
      "z" : -0.19098301
    }, {
      "x" : 35.506577,
      "y" : 0.0,
      "z" : 0.0
    }, {
      "x" : 0.38196602,
      "y" : 0.0,
      "z" : 0.0
    }, {
      "x" : 1.0,
      "y" : 0.309017,
      "z" : -0.19098301
    }, {
      "x" : 1.0,
      "y" : -0.309017,
      "z" : -0.19098301
    }, {
      "x" : 35.888542,
      "y" : 0.0,
      "z" : 0.0
    } ],
    "faces" : [ {
      "vertices" : [ 1, 9, 4 ]
    }, {
      "vertices" : [ 1, 4, 2 ]
    }, {
      "vertices" : [ 0, 3, 5 ]
    }, {
      "vertices" : [ 0, 5, 8 ]
    }, {
      "vertices" : [ 1, 7, 9 ]
    }, {
      "vertices" : [ 0, 1, 2 ]
    }, {
      "vertices" : [ 0, 2, 3 ]
    }, {
      "vertices" : [ 7, 8, 9 ]
    }, {
      "vertices" : [ 0, 7, 1 ]
    }, {
      "vertices" : [ 4, 9, 8 ]
    }, {
      "vertices" : [ 4, 8, 5 ]
    }, {
      "vertices" : [ 2, 6, 3 ]
    }, {
      "vertices" : [ 2, 4, 6 ]
    }, {
      "vertices" : [ 3, 6, 5 ]
    }, {
      "vertices" : [ 4, 5, 6 ]
    }, {
      "vertices" : [ 0, 8, 7 ]
    } ]
  }, {
    "id" : "0f17b6e4-4984-4c6d-bf03-2c8980d6251a",
    "vertices" : [ {
      "x" : 14.5172205,
      "y" : 0.0,
      "z" : -5.545085
    }, {
      "x" : 14.208204,
      "y" : 0.0,
      "z" : -5.427051
    }, {
      "x" : 13.803696,
      "y" : -0.1545085,
      "z" : -4.986068
    }, {
      "x" : 13.612713,
      "y" : -0.1545085,
      "z" : -5.486068
    }, {
      "x" : 0.9045085,
      "y" : -0.1545085,
      "z" : -0.059016995
    }, {
      "x" : 0.809017,
      "y" : 0.309017,
      "z" : -0.309017
    }, {
      "x" : 0.309017,
      "y" : 0.0,
      "z" : -0.11803399
    }, {
      "x" : 13.708204,
      "y" : 0.309017,
      "z" : -5.236068
    }, {
      "x" : 0.7135255,
      "y" : -0.1545085,
      "z" : -0.559017
    } ],
    "faces" : [ {
      "vertices" : [ 2, 4, 8 ]
    }, {
      "vertices" : [ 2, 8, 3 ]
    }, {
      "vertices" : [ 2, 7, 5 ]
    }, {
      "vertices" : [ 2, 5, 4 ]
    }, {
      "vertices" : [ 4, 6, 8 ]
    }, {
      "vertices" : [ 5, 8, 6 ]
    }, {
      "vertices" : [ 1, 2, 3 ]
    }, {
      "vertices" : [ 3, 8, 5 ]
    }, {
      "vertices" : [ 3, 5, 7 ]
    }, {
      "vertices" : [ 1, 7, 2 ]
    }, {
      "vertices" : [ 1, 3, 7 ]
    }, {
      "vertices" : [ 4, 5, 6 ]
    } ]
  }, {
    "id" : "4a8c2709-01f4-4b39-8272-9b49c1065c36",
    "vertices" : [ {
      "x" : 6.763932,
      "y" : 28.652475,
      "z" : 6.763932
    }, {
      "x" : 6.427051,
      "y" : 28.034441,
      "z" : 6.309017
    }, {
      "x" : 6.309017,
      "y" : 28.225426,
      "z" : 6.618034
    }, {
      "x" : 0.090169944,
      "y" : 0.38196602,
      "z" : 0.090169944
    }, {
      "x" : -0.072949015,
      "y" : 1.190983,
      "z" : 0.23606798
    }, {
      "x" : 0.045084972,
      "y" : 1.0,
      "z" : -0.072949015
    }, {
      "x" : 6.809017,
      "y" : 28.034441,
      "z" : 6.927051
    }, {
      "x" : 0.54508495,
      "y" : 0.809017,
      "z" : 0.23606798
    }, {
      "x" : 6.927051,
      "y" : 27.843458,
      "z" : 6.618034
    }, {
      "x" : 6.854102,
      "y" : 29.034441,
      "z" : 6.854102
    }, {
      "x" : 0.42705098,
      "y" : 1.0,
      "z" : 0.54508495
    } ],
    "faces" : [ {
      "vertices" : [ 3, 10, 4 ]
    }, {
      "vertices" : [ 0, 1, 2 ]
    }, {
      "vertices" : [ 3, 7, 10 ]
    }, {
      "vertices" : [ 1, 8, 7 ]
    }, {
      "vertices" : [ 1, 7, 5 ]
    }, {
      "vertices" : [ 2, 4, 10 ]
    }, {
      "vertices" : [ 2, 10, 6 ]
    }, {
      "vertices" : [ 0, 2, 6 ]
    }, {
      "vertices" : [ 0, 8, 1 ]
    }, {
      "vertices" : [ 3, 4, 5 ]
    }, {
      "vertices" : [ 1, 5, 4 ]
    }, {
      "vertices" : [ 1, 4, 2 ]
    }, {
      "vertices" : [ 0, 6, 8 ]
    }, {
      "vertices" : [ 6, 10, 7 ]
    }, {
      "vertices" : [ 6, 7, 8 ]
    }, {
      "vertices" : [ 3, 5, 7 ]
    } ]
  }, {
    "id" : "321fb919-5c87-4340-8fd4-269e7faeb57a",
    "vertices" : [ {
      "x" : 0.42705098,
      "y" : 1.381966,
      "z" : -0.309017
    }, {
      "x" : 2.7274575,
      "y" : 14.848781,
      "z" : -0.309017
    }, {
      "x" : 2.7274575,
      "y" : 14.848781,
      "z" : 0.309017
    }, {
      "x" : 0.42705098,
      "y" : 1.381966,
      "z" : 0.309017
    }, {
      "x" : 0.045084972,
      "y" : 1.381966,
      "z" : -0.309017
    }, {
      "x" : 2.3454914,
      "y" : 14.848781,
      "z" : -0.309017
    }, {
      "x" : 0.090169944,
      "y" : 0.52786404,
      "z" : 0.0
    }, {
      "x" : 0.045084972,
      "y" : 1.381966,
      "z" : 0.309017
    }, {
      "x" : 2.3454914,
      "y" : 14.848781,
      "z" : 0.309017
    }, {
      "x" : 2.6823726,
      "y" : 15.702883,
      "z" : 0.0
    }, {
      "x" : 2.7725425,
      "y" : 16.230747,
      "z" : 0.0
    } ],
    "faces" : [ {
      "vertices" : [ 3, 7, 6 ]
    }, {
      "vertices" : [ 4, 6, 7 ]
    }, {
      "vertices" : [ 2, 9, 8 ]
    }, {
      "vertices" : [ 2, 8, 7 ]
    }, {
      "vertices" : [ 2, 7, 3 ]
    }, {
      "vertices" : [ 0, 1, 2 ]
    }, {
      "vertices" : [ 0, 2, 3 ]
    }, {
      "vertices" : [ 5, 8, 9 ]
    }, {
      "vertices" : [ 4, 7, 8 ]
    }, {
      "vertices" : [ 4, 8, 5 ]
    }, {
      "vertices" : [ 0, 3, 6 ]
    }, {
      "vertices" : [ 0, 4, 5 ]
    }, {
      "vertices" : [ 0, 5, 1 ]
    }, {
      "vertices" : [ 0, 6, 4 ]
    }, {
      "vertices" : [ 1, 9, 2 ]
    }, {
      "vertices" : [ 1, 5, 9 ]
    } ]
  }, {
    "id" : "cd2158e6-f817-48c8-8d62-a0f36809891d",
    "vertices" : [ {
      "x" : 12.503289,
      "y" : 0.0,
      "z" : 6.3315597
    }, {
      "x" : 13.02051,
      "y" : 0.0,
      "z" : 7.0225425
    }, {
      "x" : 12.312305,
      "y" : -0.309017,
      "z" : 6.8315597
    }, {
      "x" : 0.95491505,
      "y" : 0.0,
      "z" : 0.927051
    }, {
      "x" : 12.121323,
      "y" : 0.0,
      "z" : 6.9495935
    }, {
      "x" : 12.312305,
      "y" : 0.309017,
      "z" : 6.4495935
    }, {
      "x" : 1.145898,
      "y" : 0.309017,
      "z" : 0.42705098
    }, {
      "x" : 1.336881,
      "y" : 0.0,
      "z" : 0.309017
    }, {
      "x" : 1.145898,
      "y" : -0.309017,
      "z" : 0.809017
    }, {
      "x" : 0.4376941,
      "y" : 0.0,
      "z" : 0.23606798
    }, {
      "x" : 13.458204,
      "y" : 0.0,
      "z" : 7.2586102
    } ],
    "faces" : [ {
      "vertices" : [ 0, 2, 8 ]
    }, {
      "vertices" : [ 0, 8, 7 ]
    }, {
      "vertices" : [ 2, 4, 3 ]
    }, {
      "vertices" : [ 2, 3, 8 ]
    }, {
      "vertices" : [ 3, 4, 5 ]
    }, {
      "vertices" : [ 3, 5, 6 ]
    }, {
      "vertices" : [ 0, 7, 6 ]
    }, {
      "vertices" : [ 0, 6, 5 ]
    }, {
      "vertices" : [ 3, 6, 9 ]
    }, {
      "vertices" : [ 0, 1, 2 ]
    }, {
      "vertices" : [ 3, 9, 8 ]
    }, {
      "vertices" : [ 0, 5, 1 ]
    }, {
      "vertices" : [ 6, 7, 9 ]
    }, {
      "vertices" : [ 1, 4, 2 ]
    }, {
      "vertices" : [ 7, 8, 9 ]
    }, {
      "vertices" : [ 1, 5, 4 ]
    } ]
  }, {
    "id" : "c661888d-d199-4026-9616-3c72a61ad85e",
    "vertices" : [ {
      "x" : 9.704915,
      "y" : 11.362713,
      "z" : 0.0
    }, {
      "x" : 8.986068,
      "y" : 10.7446785,
      "z" : 0.309017
    }, {
      "x" : 9.486068,
      "y" : 10.553696,
      "z" : 0.0
    }, {
      "x" : 9.368034,
      "y" : 10.7446785,
      "z" : -0.309017
    }, {
      "x" : 8.868034,
      "y" : 10.935661,
      "z" : 0.0
    }, {
      "x" : 0.54508495,
      "y" : 1.190983,
      "z" : 0.0
    }, {
      "x" : 0.66311896,
      "y" : 1.0,
      "z" : 0.309017
    }, {
      "x" : 1.163119,
      "y" : 0.809017,
      "z" : 0.0
    }, {
      "x" : 1.045085,
      "y" : 1.0,
      "z" : -0.309017
    }, {
      "x" : 0.32623792,
      "y" : 0.38196602,
      "z" : 0.0
    }, {
      "x" : 10.031153,
      "y" : 11.7446785,
      "z" : 0.0
    } ],
    "faces" : [ {
      "vertices" : [ 1, 4, 5 ]
    }, {
      "vertices" : [ 1, 5, 6 ]
    }, {
      "vertices" : [ 1, 6, 7 ]
    }, {
      "vertices" : [ 1, 7, 2 ]
    }, {
      "vertices" : [ 0, 1, 2 ]
    }, {
      "vertices" : [ 2, 7, 8 ]
    }, {
      "vertices" : [ 2, 8, 3 ]
    }, {
      "vertices" : [ 5, 9, 6 ]
    }, {
      "vertices" : [ 3, 8, 5 ]
    }, {
      "vertices" : [ 3, 5, 4 ]
    }, {
      "vertices" : [ 0, 2, 3 ]
    }, {
      "vertices" : [ 0, 4, 1 ]
    }, {
      "vertices" : [ 6, 9, 7 ]
    }, {
      "vertices" : [ 5, 8, 9 ]
    }, {
      "vertices" : [ 0, 3, 4 ]
    }, {
      "vertices" : [ 7, 9, 8 ]
    } ]
  }, {
    "id" : "d0068b89-e70f-4cf2-9656-9f7cdcd0985f",
    "vertices" : [ {
      "x" : 1.0,
      "y" : 0.309017,
      "z" : 0.19098301
    }, {
      "x" : 1.0,
      "y" : -0.309017,
      "z" : 0.19098301
    }, {
      "x" : 10.09017,
      "y" : -0.309017,
      "z" : 0.19098301
    }, {
      "x" : 10.09017,
      "y" : 0.309017,
      "z" : 0.19098301
    }, {
      "x" : 10.09017,
      "y" : -0.309017,
      "z" : -0.19098301
    }, {
      "x" : 10.09017,
      "y" : 0.309017,
      "z" : -0.19098301
    }, {
      "x" : 10.708204,
      "y" : 0.0,
      "z" : 0.0
    }, {
      "x" : 0.38196602,
      "y" : 0.0,
      "z" : 0.0
    }, {
      "x" : 1.0,
      "y" : 0.309017,
      "z" : -0.19098301
    }, {
      "x" : 1.0,
      "y" : -0.309017,
      "z" : -0.19098301
    }, {
      "x" : 11.09017,
      "y" : 0.0,
      "z" : 0.0
    } ],
    "faces" : [ {
      "vertices" : [ 1, 9, 4 ]
    }, {
      "vertices" : [ 1, 4, 2 ]
    }, {
      "vertices" : [ 0, 3, 5 ]
    }, {
      "vertices" : [ 0, 5, 8 ]
    }, {
      "vertices" : [ 1, 7, 9 ]
    }, {
      "vertices" : [ 0, 1, 2 ]
    }, {
      "vertices" : [ 0, 2, 3 ]
    }, {
      "vertices" : [ 7, 8, 9 ]
    }, {
      "vertices" : [ 0, 7, 1 ]
    }, {
      "vertices" : [ 4, 9, 8 ]
    }, {
      "vertices" : [ 4, 8, 5 ]
    }, {
      "vertices" : [ 2, 6, 3 ]
    }, {
      "vertices" : [ 2, 4, 6 ]
    }, {
      "vertices" : [ 3, 6, 5 ]
    }, {
      "vertices" : [ 4, 5, 6 ]
    }, {
      "vertices" : [ 0, 8, 7 ]
    } ]
  } ],
  "instances" : [ {
    "shape" : "384b6fbe-305b-423b-8385-bef32d68d587",
    "color" : "#008D36",
    "position" : {
      "x" : 11.09017,
      "y" : -11.09017,
      "z" : -11.09017
    },
    "orientation" : 51
  }, {
    "shape" : "e0df5a98-2348-4089-a9e8-36c8bb28c589",
    "color" : "#AF0000",
    "position" : {
      "x" : -11.09017,
      "y" : -11.09017,
      "z" : 11.09017
    },
    "orientation" : 1
  }, {
    "shape" : "d0654879-28d9-4778-8cd5-2ad03e6ea502",
    "color" : "#FFFFFF",
    "position" : {
      "x" : 13.458204,
      "y" : -7.2586102,
      "z" : -11.09017
    }
  }, {
    "shape" : "d0654879-28d9-4778-8cd5-2ad03e6ea502",
    "color" : "#FFFFFF",
    "position" : {
      "x" : 11.09017,
      "y" : -11.09017,
      "z" : 11.09017
    }
  }, {
    "shape" : "64b709de-11e2-43fb-8eff-aca7616355e5",
    "color" : "#DC4C00",
    "position" : {
      "x" : 11.09017,
      "y" : 11.09017,
      "z" : -11.09017
    },
    "orientation" : 7
  }, {
    "shape" : "d0654879-28d9-4778-8cd5-2ad03e6ea502",
    "color" : "#FFFFFF",
    "position" : {
      "x" : -11.09017,
      "y" : -11.7446785,
      "z" : -10.031153
    }
  }, {
    "shape" : "d0654879-28d9-4778-8cd5-2ad03e6ea502",
    "color" : "#FFFFFF",
    "position" : {
      "x" : 8.972136,
      "y" : -12.399187,
      "z" : -11.09017
    }
  }, {
    "shape" : "d0654879-28d9-4778-8cd5-2ad03e6ea502",
    "color" : "#FFFFFF",
    "position" : {
      "x" : -7.2586102,
      "y" : -13.458204,
      "z" : -11.09017
    }
  }, {
    "shape" : "384b6fbe-305b-423b-8385-bef32d68d587",
    "color" : "#008D36",
    "position" : {
      "x" : -11.09017,
      "y" : -11.09017,
      "z" : -11.09017
    },
    "orientation" : 7
  }, {
    "shape" : "d0654879-28d9-4778-8cd5-2ad03e6ea502",
    "color" : "#FFFFFF",
    "position" : {
      "x" : -11.09017,
      "y" : 0.0,
      "z" : 17.944271
    }
  }, {
    "shape" : "d0654879-28d9-4778-8cd5-2ad03e6ea502",
    "color" : "#FFFFFF",
    "position" : {
      "x" : 11.09017,
      "y" : 12.399187,
      "z" : 8.972136
    }
  }, {
    "shape" : "d0654879-28d9-4778-8cd5-2ad03e6ea502",
    "color" : "#FFFFFF",
    "position" : {
      "x" : -11.09017,
      "y" : -5.545085,
      "z" : -14.5172205
    }
  }, {
    "shape" : "d0654879-28d9-4778-8cd5-2ad03e6ea502",
    "color" : "#FFFFFF",
    "position" : {
      "x" : 2.7725425,
      "y" : 11.09017,
      "z" : 16.230747
    }
  }, {
    "shape" : "d0654879-28d9-4778-8cd5-2ad03e6ea502",
    "color" : "#FFFFFF",
    "position" : {
      "x" : 11.09017,
      "y" : -2.7725425,
      "z" : 16.230747
    }
  }, {
    "shape" : "d0654879-28d9-4778-8cd5-2ad03e6ea502",
    "color" : "#FFFFFF",
    "position" : {
      "x" : -7.2586102,
      "y" : -13.458204,
      "z" : 11.09017
    }
  }, {
    "shape" : "d0654879-28d9-4778-8cd5-2ad03e6ea502",
    "color" : "#FFFFFF",
    "position" : {
      "x" : -14.5172205,
      "y" : 5.545085,
      "z" : 11.09017
    }
  }, {
    "shape" : "84590f74-14cb-45b1-9912-95f889c68d33",
    "color" : "#000000",
    "position" : {
      "x" : 11.09017,
      "y" : 0.0,
      "z" : -17.944271
    },
    "orientation" : 2
  }, {
    "shape" : "d0654879-28d9-4778-8cd5-2ad03e6ea502",
    "color" : "#FFFFFF",
    "position" : {
      "x" : 11.09017,
      "y" : -16.230747,
      "z" : -2.7725425
    }
  }, {
    "shape" : "0f17b6e4-4984-4c6d-bf03-2c8980d6251a",
    "color" : "#F0A000",
    "position" : {
      "x" : -11.09017,
      "y" : 5.545085,
      "z" : -14.5172205
    },
    "orientation" : 2
  }, {
    "shape" : "d0654879-28d9-4778-8cd5-2ad03e6ea502",
    "color" : "#FFFFFF",
    "position" : {
      "x" : -11.09017,
      "y" : -7.2586102,
      "z" : 13.458204
    }
  }, {
    "shape" : "64b709de-11e2-43fb-8eff-aca7616355e5",
    "color" : "#DC4C00",
    "position" : {
      "x" : 11.09017,
      "y" : 11.09017,
      "z" : 11.09017
    },
    "orientation" : 21
  }, {
    "shape" : "d0654879-28d9-4778-8cd5-2ad03e6ea502",
    "color" : "#FFFFFF",
    "position" : {
      "x" : -12.399187,
      "y" : 8.972136,
      "z" : -11.09017
    }
  }, {
    "shape" : "e0df5a98-2348-4089-a9e8-36c8bb28c589",
    "color" : "#AF0000",
    "position" : {
      "x" : 11.09017,
      "y" : -11.09017,
      "z" : 11.09017
    },
    "orientation" : 1
  }, {
    "shape" : "d0654879-28d9-4778-8cd5-2ad03e6ea502",
    "color" : "#FFFFFF",
    "position" : {
      "x" : -16.230747,
      "y" : -11.09017,
      "z" : 2.7725425
    }
  }, {
    "shape" : "d0654879-28d9-4778-8cd5-2ad03e6ea502",
    "color" : "#FFFFFF",
    "position" : {
      "x" : -11.09017,
      "y" : 8.972136,
      "z" : -12.399187
    }
  }, {
    "shape" : "d0654879-28d9-4778-8cd5-2ad03e6ea502",
    "color" : "#FFFFFF",
    "position" : {
      "x" : 11.09017,
      "y" : 16.230747,
      "z" : -2.7725425
    }
  }, {
    "shape" : "e0df5a98-2348-4089-a9e8-36c8bb28c589",
    "color" : "#AF0000",
    "position" : {
      "x" : 11.09017,
      "y" : -11.09017,
      "z" : -11.09017
    },
    "orientation" : 46
  }, {
    "shape" : "d0654879-28d9-4778-8cd5-2ad03e6ea502",
    "color" : "#FFFFFF",
    "position" : {
      "x" : -14.5172205,
      "y" : -11.09017,
      "z" : -5.545085
    }
  }, {
    "shape" : "d0654879-28d9-4778-8cd5-2ad03e6ea502",
    "color" : "#FFFFFF",
    "position" : {
      "x" : -2.7725425,
      "y" : -16.230747,
      "z" : 11.09017
    }
  }, {
    "shape" : "d0654879-28d9-4778-8cd5-2ad03e6ea502",
    "color" : "#FFFFFF",
    "position" : {
      "x" : 11.09017,
      "y" : 0.0,
      "z" : -17.944271
    }
  }, {
    "shape" : "d0654879-28d9-4778-8cd5-2ad03e6ea502",
    "color" : "#FFFFFF",
    "position" : {
      "x" : 12.399187,
      "y" : -11.09017,
      "z" : 8.972136
    }
  }, {
    "shape" : "d0654879-28d9-4778-8cd5-2ad03e6ea502",
    "color" : "#FFFFFF",
    "position" : {
      "x" : 11.09017,
      "y" : -7.2586102,
      "z" : -13.458204
    }
  }, {
    "shape" : "d0654879-28d9-4778-8cd5-2ad03e6ea502",
    "color" : "#FFFFFF",
    "position" : {
      "x" : -2.7725425,
      "y" : 11.09017,
      "z" : -16.230747
    }
  }, {
    "shape" : "4a8c2709-01f4-4b39-8272-9b49c1065c36",
    "color" : "#AF87FF",
    "position" : {
      "x" : -8.972136,
      "y" : 12.399187,
      "z" : -11.09017
    },
    "orientation" : 40
  }, {
    "shape" : "d0654879-28d9-4778-8cd5-2ad03e6ea502",
    "color" : "#FFFFFF",
    "position" : {
      "x" : -11.09017,
      "y" : -5.545085,
      "z" : 14.5172205
    }
  }, {
    "shape" : "d0654879-28d9-4778-8cd5-2ad03e6ea502",
    "color" : "#FFFFFF",
    "position" : {
      "x" : 5.545085,
      "y" : -14.5172205,
      "z" : 11.09017
    }
  }, {
    "shape" : "d0654879-28d9-4778-8cd5-2ad03e6ea502",
    "color" : "#FFFFFF",
    "position" : {
      "x" : -11.09017,
      "y" : -11.7446785,
      "z" : 10.031153
    }
  }, {
    "shape" : "84590f74-14cb-45b1-9912-95f889c68d33",
    "color" : "#000000",
    "position" : {
      "x" : -11.09017,
      "y" : 0.0,
      "z" : -17.944271
    },
    "orientation" : 2
  }, {
    "shape" : "d0654879-28d9-4778-8cd5-2ad03e6ea502",
    "color" : "#FFFFFF",
    "position" : {
      "x" : -11.09017,
      "y" : 10.031153,
      "z" : 11.7446785
    }
  }, {
    "shape" : "d0654879-28d9-4778-8cd5-2ad03e6ea502",
    "color" : "#FFFFFF",
    "position" : {
      "x" : 14.5172205,
      "y" : -5.545085,
      "z" : -11.09017
    }
  }, {
    "shape" : "64b709de-11e2-43fb-8eff-aca7616355e5",
    "color" : "#DC4C00",
    "position" : {
      "x" : -11.09017,
      "y" : -11.09017,
      "z" : 11.09017
    },
    "orientation" : 8
  }, {
    "shape" : "d0654879-28d9-4778-8cd5-2ad03e6ea502",
    "color" : "#FFFFFF",
    "position" : {
      "x" : 5.545085,
      "y" : 11.09017,
      "z" : -14.5172205
    }
  }, {
    "shape" : "321fb919-5c87-4340-8fd4-269e7faeb57a",
    "color" : "#FF338F",
    "position" : {
      "x" : 0.0,
      "y" : 0.0,
      "z" : -11.09017
    },
    "orientation" : 15
  }, {
    "shape" : "d0654879-28d9-4778-8cd5-2ad03e6ea502",
    "color" : "#FFFFFF",
    "position" : {
      "x" : -11.09017,
      "y" : 8.972136,
      "z" : 12.399187
    }
  }, {
    "shape" : "cd2158e6-f817-48c8-8d62-a0f36809891d",
    "color" : "#FF7E6A",
    "position" : {
      "x" : 0.0,
      "y" : 0.0,
      "z" : 11.09017
    },
    "orientation" : 46
  }, {
    "shape" : "c661888d-d199-4026-9616-3c72a61ad85e",
    "color" : "#000099",
    "position" : {
      "x" : 0.0,
      "y" : 11.09017,
      "z" : 0.0
    },
    "orientation" : 17
  }, {
    "shape" : "d0654879-28d9-4778-8cd5-2ad03e6ea502",
    "color" : "#FFFFFF",
    "position" : {
      "x" : -10.031153,
      "y" : 11.09017,
      "z" : -11.7446785
    }
  }, {
    "shape" : "e0df5a98-2348-4089-a9e8-36c8bb28c589",
    "color" : "#AF0000",
    "position" : {
      "x" : 11.09017,
      "y" : 11.09017,
      "z" : -11.09017
    },
    "orientation" : 16
  }, {
    "shape" : "4a8c2709-01f4-4b39-8272-9b49c1065c36",
    "color" : "#AF87FF",
    "position" : {
      "x" : 11.09017,
      "y" : -8.972136,
      "z" : -12.399187
    },
    "orientation" : 41
  }, {
    "shape" : "d0654879-28d9-4778-8cd5-2ad03e6ea502",
    "color" : "#FFFFFF",
    "position" : {
      "x" : -11.7446785,
      "y" : -10.031153,
      "z" : -11.09017
    }
  }, {
    "shape" : "d0654879-28d9-4778-8cd5-2ad03e6ea502",
    "color" : "#FFFFFF",
    "position" : {
      "x" : 5.545085,
      "y" : 11.09017,
      "z" : 14.5172205
    }
  }, {
    "shape" : "d0654879-28d9-4778-8cd5-2ad03e6ea502",
    "color" : "#FFFFFF",
    "position" : {
      "x" : 2.7725425,
      "y" : -11.09017,
      "z" : -16.230747
    }
  }, {
    "shape" : "4a8c2709-01f4-4b39-8272-9b49c1065c36",
    "color" : "#AF87FF",
    "position" : {
      "x" : -12.399187,
      "y" : 11.09017,
      "z" : -8.972136
    },
    "orientation" : 24
  }, {
    "shape" : "e0df5a98-2348-4089-a9e8-36c8bb28c589",
    "color" : "#AF0000",
    "position" : {
      "x" : -11.09017,
      "y" : -11.09017,
      "z" : 11.09017
    },
    "orientation" : 47
  }, {
    "shape" : "d0654879-28d9-4778-8cd5-2ad03e6ea502",
    "color" : "#FFFFFF",
    "position" : {
      "x" : 11.09017,
      "y" : 8.972136,
      "z" : -12.399187
    }
  }, {
    "shape" : "d0654879-28d9-4778-8cd5-2ad03e6ea502",
    "color" : "#FFFFFF",
    "position" : {
      "x" : 16.230747,
      "y" : -11.09017,
      "z" : 2.7725425
    }
  }, {
    "shape" : "d0654879-28d9-4778-8cd5-2ad03e6ea502",
    "color" : "#FFFFFF",
    "position" : {
      "x" : 11.09017,
      "y" : -13.458204,
      "z" : 7.2586102
    }
  }, {
    "shape" : "384b6fbe-305b-423b-8385-bef32d68d587",
    "color" : "#008D36",
    "position" : {
      "x" : -11.09017,
      "y" : 11.09017,
      "z" : 11.09017
    },
    "orientation" : 21
  }, {
    "shape" : "321fb919-5c87-4340-8fd4-269e7faeb57a",
    "color" : "#FF338F",
    "position" : {
      "x" : 0.0,
      "y" : 0.0,
      "z" : -11.09017
    },
    "orientation" : 0
  }, {
    "shape" : "0f17b6e4-4984-4c6d-bf03-2c8980d6251a",
    "color" : "#F0A000",
    "position" : {
      "x" : -14.5172205,
      "y" : 11.09017,
      "z" : -5.545085
    },
    "orientation" : 8
  }, {
    "shape" : "c661888d-d199-4026-9616-3c72a61ad85e",
    "color" : "#000099",
    "position" : {
      "x" : 11.09017,
      "y" : 0.0,
      "z" : 0.0
    },
    "orientation" : 16
  }, {
    "shape" : "d0654879-28d9-4778-8cd5-2ad03e6ea502",
    "color" : "#FFFFFF",
    "position" : {
      "x" : -11.7446785,
      "y" : 10.031153,
      "z" : 11.09017
    }
  }, {
    "shape" : "64b709de-11e2-43fb-8eff-aca7616355e5",
    "color" : "#DC4C00",
    "position" : {
      "x" : 11.09017,
      "y" : 11.09017,
      "z" : -11.09017
    },
    "orientation" : 53
  }, {
    "shape" : "d0654879-28d9-4778-8cd5-2ad03e6ea502",
    "color" : "#FFFFFF",
    "position" : {
      "x" : -17.944271,
      "y" : 0.0,
      "z" : -11.09017
    }
  }, {
    "shape" : "d0654879-28d9-4778-8cd5-2ad03e6ea502",
    "color" : "#FFFFFF",
    "position" : {
      "x" : 11.09017,
      "y" : 0.0,
      "z" : 0.0
    }
  }, {
    "shape" : "384b6fbe-305b-423b-8385-bef32d68d587",
    "color" : "#008D36",
    "position" : {
      "x" : 11.09017,
      "y" : 11.09017,
      "z" : 11.09017
    },
    "orientation" : 36
  }, {
    "shape" : "d0654879-28d9-4778-8cd5-2ad03e6ea502",
    "color" : "#FFFFFF",
    "position" : {
      "x" : -14.5172205,
      "y" : -5.545085,
      "z" : -11.09017
    }
  }, {
    "shape" : "d0654879-28d9-4778-8cd5-2ad03e6ea502",
    "color" : "#FFFFFF",
    "position" : {
      "x" : -14.5172205,
      "y" : 11.09017,
      "z" : 5.545085
    }
  }, {
    "shape" : "d0654879-28d9-4778-8cd5-2ad03e6ea502",
    "color" : "#FFFFFF",
    "position" : {
      "x" : -10.031153,
      "y" : 11.09017,
      "z" : 11.7446785
    }
  }, {
    "shape" : "c661888d-d199-4026-9616-3c72a61ad85e",
    "color" : "#000099",
    "position" : {
      "x" : -11.09017,
      "y" : 0.0,
      "z" : 0.0
    },
    "orientation" : 16
  }, {
    "shape" : "d0654879-28d9-4778-8cd5-2ad03e6ea502",
    "color" : "#FFFFFF",
    "position" : {
      "x" : 7.2586102,
      "y" : -11.09017,
      "z" : -13.458204
    }
  }, {
    "shape" : "0f17b6e4-4984-4c6d-bf03-2c8980d6251a",
    "color" : "#F0A000",
    "position" : {
      "x" : 11.09017,
      "y" : -5.545085,
      "z" : -14.5172205
    },
    "orientation" : 7
  }, {
    "shape" : "d0654879-28d9-4778-8cd5-2ad03e6ea502",
    "color" : "#FFFFFF",
    "position" : {
      "x" : -11.09017,
      "y" : -8.972136,
      "z" : 12.399187
    }
  }, {
    "shape" : "d0654879-28d9-4778-8cd5-2ad03e6ea502",
    "color" : "#FFFFFF",
    "position" : {
      "x" : -11.09017,
      "y" : -10.031153,
      "z" : 11.7446785
    }
  }, {
    "shape" : "d0654879-28d9-4778-8cd5-2ad03e6ea502",
    "color" : "#FFFFFF",
    "position" : {
      "x" : 12.399187,
      "y" : -8.972136,
      "z" : 11.09017
    }
  }, {
    "shape" : "d0654879-28d9-4778-8cd5-2ad03e6ea502",
    "color" : "#FFFFFF",
    "position" : {
      "x" : 10.031153,
      "y" : 11.09017,
      "z" : 11.7446785
    }
  }, {
    "shape" : "321fb919-5c87-4340-8fd4-269e7faeb57a",
    "color" : "#FF338F",
    "position" : {
      "x" : 11.09017,
      "y" : 0.0,
      "z" : 0.0
    },
    "orientation" : 46
  }, {
    "shape" : "d0654879-28d9-4778-8cd5-2ad03e6ea502",
    "color" : "#FFFFFF",
    "position" : {
      "x" : -11.09017,
      "y" : -17.944271,
      "z" : 0.0
    }
  }, {
    "shape" : "d0654879-28d9-4778-8cd5-2ad03e6ea502",
    "color" : "#FFFFFF",
    "position" : {
      "x" : -11.7446785,
      "y" : -10.031153,
      "z" : 11.09017
    }
  }, {
