{
  "field" : "golden",
  "symmetry" : "icosahedral",
  "orientations" : [ [ 1.0, 0.0, 0.0, 0.0, 0.0, 1.0, 0.0, 0.0, 0.0, 0.0, 1.0, 0.0, 0.0, 0.0, 0.0, 1.0 ], [ 0.0, 0.0, 1.0, 0.0, 1.0, 0.0, 0.0, 0.0, 0.0, 1.0, 0.0, 0.0, 0.0, 0.0, 0.0, 1.0 ], [ 0.0, 1.0, 0.0, 0.0, 0.0, 0.0, 1.0, 0.0, 1.0, 0.0, 0.0, 0.0, 0.0, 0.0, 0.0, 1.0 ], [ 0.809017, 0.309017, 0.5, 0.0, 0.309017, 0.5, -0.809017, 0.0, -0.5, 0.809017, 0.309017, 0.0, 0.0, 0.0, 0.0, 1.0 ], [ -0.5, 0.809017, 0.309017, 0.0, 0.809017, 0.309017, 0.5, 0.0, 0.309017, 0.5, -0.809017, 0.0, 0.0, 0.0, 0.0, 1.0 ], [ 0.309017, 0.5, -0.809017, 0.0, -0.5, 0.809017, 0.309017, 0.0, 0.809017, 0.309017, 0.5, 0.0, 0.0, 0.0, 0.0, 1.0 ], [ 0.5, 0.809017, 0.309017, 0.0, 0.809017, -0.309017, -0.5, 0.0, -0.309017, 0.5, -0.809017, 0.0, 0.0, 0.0, 0.0, 1.0 ], [ -0.309017, 0.5, -0.809017, 0.0, 0.5, 0.809017, 0.309017, 0.0, 0.809017, -0.309017, -0.5, 0.0, 0.0, 0.0, 0.0, 1.0 ], [ 0.809017, -0.309017, -0.5, 0.0, -0.309017, 0.5, -0.809017, 0.0, 0.5, 0.809017, 0.309017, 0.0, 0.0, 0.0, 0.0, 1.0 ], [ 0.5, 0.809017, -0.309017, 0.0, 0.809017, -0.309017, 0.5, 0.0, 0.309017, -0.5, -0.809017, 0.0, 0.0, 0.0, 0.0, 1.0 ], [ 0.309017, -0.5, -0.809017, 0.0, 0.5, 0.809017, -0.309017, 0.0, 0.809017, -0.309017, 0.5, 0.0, 0.0, 0.0, 0.0, 1.0 ], [ 0.809017, -0.309017, 0.5, 0.0, 0.309017, -0.5, -0.809017, 0.0, 0.5, 0.809017, -0.309017, 0.0, 0.0, 0.0, 0.0, 1.0 ], [ 0.809017, 0.309017, -0.5, 0.0, 0.309017, 0.5, 0.809017, 0.0, 0.5, -0.809017, 0.309017, 0.0, 0.0, 0.0, 0.0, 1.0 ], [ 0.5, -0.809017, 0.309017, 0.0, 0.809017, 0.309017, -0.5, 0.0, 0.309017, 0.5, 0.809017, 0.0, 0.0, 0.0, 0.0, 1.0 ], [ 0.309017, 0.5, 0.809017, 0.0, 0.5, -0.809017, 0.309017, 0.0, 0.809017, 0.309017, -0.5, 0.0, 0.0, 0.0, 0.0, 1.0 ], [ 1.0, 0.0, 0.0, 0.0, 0.0, -1.0, 0.0, 0.0, 0.0, 0.0, -1.0, 0.0, 0.0, 0.0, 0.0, 1.0 ], [ 0.0, 0.0, 1.0, 0.0, -1.0, 0.0, 0.0, 0.0, 0.0, -1.0, 0.0, 0.0, 0.0, 0.0, 0.0, 1.0 ], [ 0.0, 1.0, 0.0, 0.0, 0.0, 0.0, -1.0, 0.0, -1.0, 0.0, 0.0, 0.0, 0.0, 0.0, 0.0, 1.0 ], [ 0.809017, 0.309017, 0.5, 0.0, -0.309017, -0.5, 0.809017, 0.0, 0.5, -0.809017, -0.309017, 0.0, 0.0, 0.0, 0.0, 1.0 ], [ -0.5, 0.809017, 0.309017, 0.0, -0.809017, -0.309017, -0.5, 0.0, -0.309017, -0.5, 0.809017, 0.0, 0.0, 0.0, 0.0, 1.0 ], [ 0.309017, 0.5, -0.809017, 0.0, 0.5, -0.809017, -0.309017, 0.0, -0.809017, -0.309017, -0.5, 0.0, 0.0, 0.0, 0.0, 1.0 ], [ 0.5, 0.809017, 0.309017, 0.0, -0.809017, 0.309017, 0.5, 0.0, 0.309017, -0.5, 0.809017, 0.0, 0.0, 0.0, 0.0, 1.0 ], [ -0.309017, 0.5, -0.809017, 0.0, -0.5, -0.809017, -0.309017, 0.0, -0.809017, 0.309017, 0.5, 0.0, 0.0, 0.0, 0.0, 1.0 ], [ 0.809017, -0.309017, -0.5, 0.0, 0.309017, -0.5, 0.809017, 0.0, -0.5, -0.809017, -0.309017, 0.0, 0.0, 0.0, 0.0, 1.0 ], [ 0.5, 0.809017, -0.309017, 0.0, -0.809017, 0.309017, -0.5, 0.0, -0.309017, 0.5, 0.809017, 0.0, 0.0, 0.0, 0.0, 1.0 ], [ 0.309017, -0.5, -0.809017, 0.0, -0.5, -0.809017, 0.309017, 0.0, -0.809017, 0.309017, -0.5, 0.0, 0.0, 0.0, 0.0, 1.0 ], [ 0.809017, -0.309017, 0.5, 0.0, -0.309017, 0.5, 0.809017, 0.0, -0.5, -0.809017, 0.309017, 0.0, 0.0, 0.0, 0.0, 1.0 ], [ 0.809017, 0.309017, -0.5, 0.0, -0.309017, -0.5, -0.809017, 0.0, -0.5, 0.809017, -0.309017, 0.0, 0.0, 0.0, 0.0, 1.0 ], [ 0.5, -0.809017, 0.309017, 0.0, -0.809017, -0.309017, 0.5, 0.0, -0.309017, -0.5, -0.809017, 0.0, 0.0, 0.0, 0.0, 1.0 ], [ 0.309017, 0.5, 0.809017, 0.0, -0.5, 0.809017, -0.309017, 0.0, -0.809017, -0.309017, 0.5, 0.0, 0.0, 0.0, 0.0, 1.0 ], [ -1.0, 0.0, 0.0, 0.0, 0.0, -1.0, 0.0, 0.0, 0.0, 0.0, 1.0, 0.0, 0.0, 0.0, 0.0, 1.0 ], [ 0.0, 0.0, -1.0, 0.0, -1.0, 0.0, 0.0, 0.0, 0.0, 1.0, 0.0, 0.0, 0.0, 0.0, 0.0, 1.0 ], [ 0.0, -1.0, 0.0, 0.0, 0.0, 0.0, -1.0, 0.0, 1.0, 0.0, 0.0, 0.0, 0.0, 0.0, 0.0, 1.0 ], [ -0.809017, -0.309017, -0.5, 0.0, -0.309017, -0.5, 0.809017, 0.0, -0.5, 0.809017, 0.309017, 0.0, 0.0, 0.0, 0.0, 1.0 ], [ 0.5, -0.809017, -0.309017, 0.0, -0.809017, -0.309017, -0.5, 0.0, 0.309017, 0.5, -0.809017, 0.0, 0.0, 0.0, 0.0, 1.0 ], [ -0.309017, -0.5, 0.809017, 0.0, 0.5, -0.809017, -0.309017, 0.0, 0.809017, 0.309017, 0.5, 0.0, 0.0, 0.0, 0.0, 1.0 ], [ -0.5, -0.809017, -0.309017, 0.0, -0.809017, 0.309017, 0.5, 0.0, -0.309017, 0.5, -0.809017, 0.0, 0.0, 0.0, 0.0, 1.0 ], [ 0.309017, -0.5, 0.809017, 0.0, -0.5, -0.809017, -0.309017, 0.0, 0.809017, -0.309017, -0.5, 0.0, 0.0, 0.0, 0.0, 1.0 ], [ -0.809017, 0.309017, 0.5, 0.0, 0.309017, -0.5, 0.809017, 0.0, 0.5, 0.809017, 0.309017, 0.0, 0.0, 0.0, 0.0, 1.0 ], [ -0.5, -0.809017, 0.309017, 0.0, -0.809017, 0.309017, -0.5, 0.0, 0.309017, -0.5, -0.809017, 0.0, 0.0, 0.0, 0.0, 1.0 ], [ -0.309017, 0.5, 0.809017, 0.0, -0.5, -0.809017, 0.309017, 0.0, 0.809017, -0.309017, 0.5, 0.0, 0.0, 0.0, 0.0, 1.0 ], [ -0.809017, 0.309017, -0.5, 0.0, -0.309017, 0.5, 0.809017, 0.0, 0.5, 0.809017, -0.309017, 0.0, 0.0, 0.0, 0.0, 1.0 ], [ -0.809017, -0.309017, 0.5, 0.0, -0.309017, -0.5, -0.809017, 0.0, 0.5, -0.809017, 0.309017, 0.0, 0.0, 0.0, 0.0, 1.0 ], [ -0.5, 0.809017, -0.309017, 0.0, -0.809017, -0.309017, 0.5, 0.0, 0.309017, 0.5, 0.809017, 0.0, 0.0, 0.0, 0.0, 1.0 ], [ -0.309017, -0.5, -0.809017, 0.0, -0.5, 0.809017, -0.309017, 0.0, 0.809017, 0.309017, -0.5, 0.0, 0.0, 0.0, 0.0, 1.0 ], [ -1.0, 0.0, 0.0, 0.0, 0.0, 1.0, 0.0, 0.0, 0.0, 0.0, -1.0, 0.0, 0.0, 0.0, 0.0, 1.0 ], [ 0.0, 0.0, -1.0, 0.0, 1.0, 0.0, 0.0, 0.0, 0.0, -1.0, 0.0, 0.0, 0.0, 0.0, 0.0, 1.0 ], [ 0.0, -1.0, 0.0, 0.0, 0.0, 0.0, 1.0, 0.0, -1.0, 0.0, 0.0, 0.0, 0.0, 0.0, 0.0, 1.0 ], [ -0.809017, -0.309017, -0.5, 0.0, 0.309017, 0.5, -0.809017, 0.0, 0.5, -0.809017, -0.309017, 0.0, 0.0, 0.0, 0.0, 1.0 ], [ 0.5, -0.809017, -0.309017, 0.0, 0.809017, 0.309017, 0.5, 0.0, -0.309017, -0.5, 0.809017, 0.0, 0.0, 0.0, 0.0, 1.0 ], [ -0.309017, -0.5, 0.809017, 0.0, -0.5, 0.809017, 0.309017, 0.0, -0.809017, -0.309017, -0.5, 0.0, 0.0, 0.0, 0.0, 1.0 ], [ -0.5, -0.809017, -0.309017, 0.0, 0.809017, -0.309017, -0.5, 0.0, 0.309017, -0.5, 0.809017, 0.0, 0.0, 0.0, 0.0, 1.0 ], [ 0.309017, -0.5, 0.809017, 0.0, 0.5, 0.809017, 0.309017, 0.0, -0.809017, 0.309017, 0.5, 0.0, 0.0, 0.0, 0.0, 1.0 ], [ -0.809017, 0.309017, 0.5, 0.0, -0.309017, 0.5, -0.809017, 0.0, -0.5, -0.809017, -0.309017, 0.0, 0.0, 0.0, 0.0, 1.0 ], [ -0.5, -0.809017, 0.309017, 0.0, 0.809017, -0.309017, 0.5, 0.0, -0.309017, 0.5, 0.809017, 0.0, 0.0, 0.0, 0.0, 1.0 ], [ -0.309017, 0.5, 0.809017, 0.0, 0.5, 0.809017, -0.309017, 0.0, -0.809017, 0.309017, -0.5, 0.0, 0.0, 0.0, 0.0, 1.0 ], [ -0.809017, 0.309017, -0.5, 0.0, 0.309017, -0.5, -0.809017, 0.0, -0.5, -0.809017, 0.309017, 0.0, 0.0, 0.0, 0.0, 1.0 ], [ -0.809017, -0.309017, 0.5, 0.0, 0.309017, 0.5, 0.809017, 0.0, -0.5, 0.809017, -0.309017, 0.0, 0.0, 0.0, 0.0, 1.0 ], [ -0.5, 0.809017, -0.309017, 0.0, 0.809017, 0.309017, -0.5, 0.0, -0.309017, -0.5, -0.809017, 0.0, 0.0, 0.0, 0.0, 1.0 ], [ -0.309017, -0.5, -0.809017, 0.0, 0.5, -0.809017, 0.309017, 0.0, -0.809017, -0.309017, 0.5, 0.0, 0.0, 0.0, 0.0, 1.0 ] ],
  "lights" : {
    "backgroundColor" : "#CCCCCC",
    "ambientColor" : "#292929",
    "directionalLights" : [ {
      "direction" : {
        "x" : 1.0,
        "y" : -1.0,
        "z" : -1.0
      },
      "color" : "#EBEBE4"
    }, {
      "direction" : {
        "x" : -1.0,
        "y" : 0.0,
        "z" : 0.0
      },
      "color" : "#E4E4EB"
    }, {
      "direction" : {
        "x" : 0.0,
        "y" : 0.0,
        "z" : -1.0
      },
      "color" : "#1E1E1E"
    } ]
  },
  "camera" : {
    "lookDirection" : {
      "x" : 0.3105549,
      "y" : -0.502723,
      "z" : 0.8067394
    },
    "upDirection" : {
      "x" : -0.47021005,
      "y" : -0.81883466,
      "z" : -0.32925442
    },
    "lookAtPoint" : {
      "x" : 0.0,
      "y" : 0.0,
      "z" : 0.0
    },
    "viewDistance" : 313.83878,
    "nearClipDistance" : 0.78459746,
    "farClipDistance" : 627.6767,
    "fieldOfView" : 0.44262886,
    "perspective" : false,
    "stereo" : false,
    "width" : 141.22745,
    "position" : {
      "x" : -97.464165,
      "y" : 157.77397,
      "z" : -253.1861
    }
  },
  "embedding" : [ 1.0, 0.0, 0.0, 0.0, 0.0, 1.0, 0.0, 0.0, 0.0, 0.0, 1.0, 0.0, 0.0, 0.0, 0.0, 1.0 ],
  "shapes" : [ {
    "id" : "1fe3ab13-a3f2-478d-9cf2-f4367c8d0585",
    "vertices" : [ {
      "x" : 22.798374,
      "y" : 6.854102,
      "z" : -8.472136
    }, {
      "x" : 27.034441,
      "y" : 8.472136,
      "z" : -11.09017
    }, {
      "x" : 25.416409,
      "y" : 5.854102,
      "z" : -6.854102
    }, {
      "x" : 29.652475,
      "y" : 4.236068,
      "z" : -4.236068
    }, {
      "x" : 24.416409,
      "y" : 4.236068,
      "z" : -4.236068
    } ],
    "faces" : [ {
      "vertices" : [ 0, 1, 2 ]
    }, {
      "vertices" : [ 0, 2, 3 ]
    }, {
      "vertices" : [ 0, 3, 4 ]
    }, {
      "vertices" : [ 0, 4, 3 ]
    }, {
      "vertices" : [ 0, 3, 2 ]
    }, {
      "vertices" : [ 0, 2, 1 ]
    } ]
  }, {
    "id" : "efc191f2-537d-4cb1-aecf-6405de34ed00",
    "vertices" : [ {
      "x" : 22.798374,
      "y" : 6.854102,
      "z" : 0.0
    }, {
      "x" : 27.034441,
      "y" : 8.472136,
      "z" : 2.618034
    }, {
      "x" : 27.034441,
      "y" : 13.708204,
      "z" : 2.618034
    }, {
      "x" : 29.652475,
      "y" : 9.472136,
      "z" : 4.236068
    }, {
      "x" : 27.034441,
      "y" : 5.236068,
      "z" : 2.618034
    } ],
    "faces" : [ {
      "vertices" : [ 0, 1, 2 ]
    }, {
      "vertices" : [ 0, 2, 3 ]
    }, {
      "vertices" : [ 0, 3, 4 ]
    }, {
      "vertices" : [ 0, 4, 3 ]
    }, {
      "vertices" : [ 0, 3, 2 ]
    }, {
      "vertices" : [ 0, 2, 1 ]
    } ]
  }, {
    "id" : "9e385efb-6745-4b83-be8b-057f4d802efd",
    "vertices" : [ {
      "x" : 27.034441,
      "y" : -5.236068,
      "z" : -11.09017
    }, {
      "x" : 25.416409,
      "y" : -2.618034,
      "z" : -6.854102
    }, {
      "x" : 22.798374,
      "y" : 1.618034,
      "z" : -8.472136
    }, {
      "x" : 22.798374,
      "y" : 1.618034,
      "z" : -13.708204
    }, {
      "x" : 25.416409,
      "y" : -2.618034,
      "z" : -15.326238
    } ],
    "faces" : [ {
      "vertices" : [ 0, 1, 2 ]
    }, {
      "vertices" : [ 0, 2, 3 ]
    }, {
      "vertices" : [ 0, 3, 4 ]
    }, {
      "vertices" : [ 0, 4, 3 ]
    }, {
      "vertices" : [ 0, 3, 2 ]
    }, {
      "vertices" : [ 0, 2, 1 ]
    } ]
  }, {
    "id" : "426410f3-8622-4644-96da-633dca5eedc8",
    "vertices" : [ {
      "x" : -31.416409,
      "y" : 5.854102,
      "z" : -20.562305
    }, {
      "x" : -27.18034,
      "y" : 4.236068,
      "z" : -17.944271
    }, {
      "x" : -24.562305,
      "y" : 8.472136,
      "z" : -16.326239
    }, {
      "x" : -27.18034,
      "y" : 12.708204,
      "z" : -17.944271
    }, {
      "x" : -31.416409,
      "y" : 11.09017,
      "z" : -20.562305
    } ],
    "faces" : [ {
      "vertices" : [ 0, 1, 2 ]
    }, {
      "vertices" : [ 0, 2, 3 ]
    }, {
      "vertices" : [ 0, 3, 4 ]
    }, {
      "vertices" : [ 0, 4, 3 ]
    }, {
      "vertices" : [ 0, 3, 2 ]
    }, {
      "vertices" : [ 0, 2, 1 ]
    } ]
  }, {
    "id" : "dc14ec5e-8e8d-461e-9008-3c4160c87727",
    "vertices" : [ {
      "x" : 13.326238,
      "y" : 0.0,
      "z" : -2.618034
    }, {
      "x" : 11.708204,
      "y" : 2.618034,
      "z" : 1.618034
    }, {
      "x" : 9.09017,
      "y" : 6.854102,
      "z" : 0.0
    }, {
      "x" : 9.09017,
      "y" : 6.854102,
      "z" : -5.236068
    }, {
      "x" : 11.708204,
      "y" : 2.618034,
      "z" : -6.854102
    } ],
    "faces" : [ {
      "vertices" : [ 0, 1, 2 ]
    }, {
      "vertices" : [ 0, 2, 3 ]
    }, {
      "vertices" : [ 0, 3, 4 ]
    }, {
      "vertices" : [ 0, 4, 3 ]
    }, {
      "vertices" : [ 0, 3, 2 ]
    }, {
      "vertices" : [ 0, 2, 1 ]
    } ]
  }, {
    "id" : "06753939-557c-4881-bfd0-3de0174e8b83",
    "vertices" : [ {
      "x" : -17.708204,
      "y" : -2.618034,
      "z" : -6.854102
    }, {
      "x" : -15.09017,
      "y" : 1.618034,
      "z" : -8.472136
    }, {
      "x" : -16.708204,
      "y" : -1.0,
      "z" : -12.708204
    }, {
      "x" : -19.326239,
      "y" : -5.236068,
      "z" : -11.09017
    } ],
    "faces" : [ {
      "vertices" : [ 0, 1, 2 ]
    }, {
      "vertices" : [ 0, 2, 3 ]
    }, {
      "vertices" : [ 0, 3, 2 ]
    }, {
      "vertices" : [ 0, 2, 1 ]
    } ]
  }, {
    "id" : "b43fd1d2-51ea-466c-b74e-336c04b6cf51",
    "vertices" : [ {
      "x" : -27.18034,
      "y" : 4.236068,
      "z" : -4.236068
    }, {
      "x" : -28.798374,
      "y" : 6.854102,
      "z" : 0.0
    }, {
      "x" : -30.416409,
      "y" : 4.236068,
      "z" : -4.236068
    }, {
      "x" : -26.18034,
      "y" : 2.618034,
      "z" : -6.854102
    }, {
      "x" : -21.944271,
      "y" : 4.236068,
      "z" : -4.236068
    } ],
    "faces" : [ {
      "vertices" : [ 0, 1, 2 ]
    }, {
      "vertices" : [ 0, 2, 3 ]
    }, {
      "vertices" : [ 0, 3, 4 ]
    }, {
      "vertices" : [ 0, 4, 3 ]
    }, {
      "vertices" : [ 0, 3, 2 ]
    }, {
      "vertices" : [ 0, 2, 1 ]
    } ]
  }, {
    "id" : "ec5159b0-fa73-4ca4-bba2-85ab9136d48f",
    "vertices" : [ {
      "x" : -39.888542,
      "y" : 7.854102,
      "z" : 1.618034
    }, {
      "x" : -44.12461,
      "y" : 9.472136,
      "z" : 4.236068
    }, {
      "x" : -46.742645,
      "y" : 5.236068,
      "z" : 5.854102
    }, {
      "x" : -44.12461,
      "y" : 1.0,
      "z" : 4.236068
    }, {
      "x" : -39.888542,
      "y" : 2.618034,
      "z" : 1.618034
    } ],
    "faces" : [ {
      "vertices" : [ 0, 1, 2 ]
    }, {
      "vertices" : [ 0, 2, 3 ]
    }, {
      "vertices" : [ 0, 3, 4 ]
    }, {
      "vertices" : [ 0, 4, 3 ]
    }, {
      "vertices" : [ 0, 3, 2 ]
    }, {
      "vertices" : [ 0, 2, 1 ]
    } ]
  }, {
    "id" : "efdf3d07-cf84-4b9b-9585-2425c037a2af",
    "vertices" : [ {
      "x" : 0.309017,
      "y" : -0.309017,
      "z" : -0.309017
    }, {
      "x" : 0.5,
      "y" : 0.0,
      "z" : -0.19098301
    }, {
      "x" : 0.5,
      "y" : 0.0,
      "z" : 0.19098301
    }, {
      "x" : 0.309017,
      "y" : -0.309017,
      "z" : 0.309017
    }, {
      "x" : 0.19098301,
      "y" : -0.5,
      "z" : 0.0
    }, {
      "x" : 0.0,
      "y" : 0.19098301,
      "z" : 0.5
    }, {
      "x" : 0.0,
      "y" : -0.19098301,
      "z" : 0.5
    }, {
      "x" : 0.309017,
      "y" : 0.309017,
      "z" : 0.309017
    }, {
      "x" : -0.309017,
      "y" : -0.309017,
      "z" : 0.309017
    }, {
      "x" : -0.309017,
      "y" : 0.309017,
      "z" : 0.309017
    }, {
      "x" : -0.5,
      "y" : 0.0,
      "z" : 0.19098301
    }, {
      "x" : 0.0,
      "y" : -0.19098301,
      "z" : -0.5
    }, {
      "x" : 0.0,
      "y" : 0.19098301,
      "z" : -0.5
    }, {
      "x" : 0.309017,
      "y" : 0.309017,
      "z" : -0.309017
    }, {
      "x" : -0.309017,
      "y" : -0.309017,
      "z" : -0.309017
    }, {
      "x" : -0.19098301,
      "y" : -0.5,
      "z" : 0.0
    }, {
      "x" : -0.5,
      "y" : 0.0,
      "z" : -0.19098301
    }, {
      "x" : 0.19098301,
      "y" : 0.5,
      "z" : 0.0
    }, {
      "x" : -0.309017,
      "y" : 0.309017,
      "z" : -0.309017
    }, {
      "x" : 0.0,
      "y" : 0.0,
      "z" : 0.0
    }, {
      "x" : -0.19098301,
      "y" : 0.5,
      "z" : 0.0
    } ],
    "faces" : [ {
      "vertices" : [ 12, 18, 20 ]
    }, {
      "vertices" : [ 12, 20, 17 ]
    }, {
      "vertices" : [ 12, 17, 13 ]
    }, {
      "vertices" : [ 3, 6, 8 ]
    }, {
      "vertices" : [ 3, 8, 15 ]
    }, {
      "vertices" : [ 3, 15, 4 ]
    }, {
      "vertices" : [ 0, 11, 12 ]
    }, {
      "vertices" : [ 0, 12, 13 ]
    }, {
      "vertices" : [ 0, 13, 1 ]
    }, {
      "vertices" : [ 5, 9, 10 ]
    }, {
      "vertices" : [ 5, 10, 8 ]
    }, {
      "vertices" : [ 5, 8, 6 ]
    }, {
      "vertices" : [ 2, 7, 5 ]
    }, {
      "vertices" : [ 2, 5, 6 ]
    }, {
      "vertices" : [ 2, 6, 3 ]
    }, {
      "vertices" : [ 11, 14, 16 ]
    }, {
      "vertices" : [ 11, 16, 18 ]
    }, {
      "vertices" : [ 11, 18, 12 ]
    }, {
      "vertices" : [ 1, 13, 17 ]
    }, {
      "vertices" : [ 1, 17, 7 ]
    }, {
      "vertices" : [ 1, 7, 2 ]
    }, {
      "vertices" : [ 9, 20, 18 ]
    }, {
      "vertices" : [ 9, 18, 16 ]
    }, {
      "vertices" : [ 9, 16, 10 ]
    }, {
      "vertices" : [ 0, 1, 2 ]
    }, {
      "vertices" : [ 0, 2, 3 ]
    }, {
      "vertices" : [ 0, 3, 4 ]
    }, {
      "vertices" : [ 5, 7, 17 ]
    }, {
      "vertices" : [ 5, 17, 20 ]
    }, {
      "vertices" : [ 5, 20, 9 ]
    }, {
      "vertices" : [ 0, 4, 15 ]
    }, {
      "vertices" : [ 0, 15, 14 ]
    }, {
      "vertices" : [ 0, 14, 11 ]
    }, {
      "vertices" : [ 8, 10, 16 ]
    }, {
      "vertices" : [ 8, 16, 14 ]
    }, {
      "vertices" : [ 8, 14, 15 ]
    } ]
  }, {
    "id" : "6835bab8-1c5a-4107-8aab-a75a94018d57",
    "vertices" : [ {
      "x" : -30.416409,
      "y" : 4.236068,
      "z" : -4.236068
    }, {
      "x" : -33.034443,
      "y" : 0.0,
      "z" : -2.618034
    }, {
      "x" : -28.798374,
      "y" : 1.618034,
      "z" : -5.236068
    }, {
      "x" : -26.18034,
      "y" : -2.618034,
      "z" : -6.854102
    }, {
      "x" : -26.18034,
      "y" : 2.618034,
      "z" : -6.854102
    } ],
    "faces" : [ {
      "vertices" : [ 0, 1, 2 ]
    }, {
      "vertices" : [ 0, 2, 3 ]
    }, {
      "vertices" : [ 0, 3, 4 ]
    }, {
      "vertices" : [ 0, 4, 3 ]
    }, {
      "vertices" : [ 0, 3, 2 ]
    }, {
      "vertices" : [ 0, 2, 1 ]
    } ]
  }, {
    "id" : "2228add8-b08e-488b-bf55-5250d400da98",
    "vertices" : [ {
      "x" : 21.18034,
      "y" : -9.472136,
      "z" : -4.236068
    }, {
      "x" : 23.798374,
      "y" : -13.708204,
      "z" : -2.618034
    }, {
      "x" : 28.034441,
      "y" : -12.09017,
      "z" : 0.0
    }, {
      "x" : 28.034441,
      "y" : -6.854102,
      "z" : 0.0
    }, {
      "x" : 23.798374,
      "y" : -5.236068,
      "z" : -2.618034
    } ],
    "faces" : [ {
      "vertices" : [ 0, 1, 2 ]
    }, {
      "vertices" : [ 0, 2, 3 ]
    }, {
      "vertices" : [ 0, 3, 4 ]
    }, {
      "vertices" : [ 0, 4, 3 ]
    }, {
      "vertices" : [ 0, 3, 2 ]
    }, {
      "vertices" : [ 0, 2, 1 ]
    } ]
  }, {
    "id" : "7ae5e5fa-dbf7-4512-af97-28e082c31033",
    "vertices" : [ {
      "x" : -38.27051,
      "y" : 8.472136,
      "z" : -11.09017
    }, {
      "x" : -38.27051,
      "y" : 8.472136,
      "z" : -16.326239
    }, {
      "x" : -35.652477,
      "y" : 12.708204,
      "z" : -17.944271
    }, {
      "x" : -34.034443,
      "y" : 15.326238,
      "z" : -13.708204
    }, {
      "x" : -35.652477,
      "y" : 12.708204,
      "z" : -9.472136
    } ],
    "faces" : [ {
      "vertices" : [ 0, 1, 2 ]
    }, {
      "vertices" : [ 0, 2, 3 ]
    }, {
      "vertices" : [ 0, 3, 4 ]
    }, {
      "vertices" : [ 0, 4, 3 ]
    }, {
      "vertices" : [ 0, 3, 2 ]
    }, {
      "vertices" : [ 0, 2, 1 ]
    } ]
  }, {
    "id" : "d022ef53-7307-4adf-b647-fcb8f7ab5659",
    "vertices" : [ {
      "x" : 29.652475,
      "y" : 4.236068,
      "z" : -4.236068
    }, {
      "x" : 25.416409,
      "y" : 5.854102,
      "z" : -6.854102
    }, {
      "x" : 22.798374,
      "y" : 1.618034,
      "z" : -8.472136
    }, {
      "x" : 25.416409,
      "y" : -2.618034,
      "z" : -6.854102
    }, {
      "x" : 25.416409,
      "y" : 2.618034,
      "z" : -6.854102
    } ],
    "faces" : [ {
      "vertices" : [ 0, 1, 2 ]
    }, {
      "vertices" : [ 0, 2, 3 ]
    }, {
      "vertices" : [ 0, 3, 4 ]
    }, {
      "vertices" : [ 0, 4, 3 ]
    }, {
      "vertices" : [ 0, 3, 2 ]
    }, {
      "vertices" : [ 0, 2, 1 ]
    } ]
  }, {
    "id" : "a9124903-bb9c-4308-898c-58b368c9bf3c",
    "vertices" : [ {
      "x" : -21.944271,
      "y" : -4.236068,
      "z" : 4.236068
    }, {
      "x" : -23.562305,
      "y" : -6.854102,
      "z" : 0.0
    }, {
      "x" : -23.562305,
      "y" : -6.854102,
      "z" : 5.236068
    }, {
      "x" : -20.944271,
      "y" : -2.618034,
      "z" : 6.854102
    }, {
      "x" : -19.326239,
      "y" : 0.0,
      "z" : 2.618034
    } ],
    "faces" : [ {
      "vertices" : [ 0, 1, 2 ]
    }, {
      "vertices" : [ 0, 2, 3 ]
    }, {
      "vertices" : [ 0, 3, 4 ]
    }, {
      "vertices" : [ 0, 4, 3 ]
    }, {
      "vertices" : [ 0, 3, 2 ]
    }, {
      "vertices" : [ 0, 2, 1 ]
    } ]
  }, {
    "id" : "be8c3301-c9a8-4bd0-861c-830d9eafa7b3",
    "vertices" : [ {
      "x" : 10.09017,
      "y" : -13.708204,
      "z" : -7.854102
    }, {
      "x" : 12.708204,
      "y" : -9.472136,
      "z" : -9.472136
    }, {
      "x" : 16.944271,
      "y" : -11.09017,
      "z" : -12.09017
    }, {
      "x" : 16.944271,
      "y" : -16.326239,
      "z" : -12.09017
    }, {
      "x" : 12.708204,
      "y" : -17.944271,
      "z" : -9.472136
    } ],
    "faces" : [ {
      "vertices" : [ 0, 1, 2 ]
    }, {
      "vertices" : [ 0, 2, 3 ]
    }, {
      "vertices" : [ 0, 3, 4 ]
    }, {
      "vertices" : [ 0, 4, 3 ]
    }, {
      "vertices" : [ 0, 3, 2 ]
    }, {
      "vertices" : [ 0, 2, 1 ]
    } ]
  }, {
    "id" : "a540b4e8-1d46-4bf7-9b6e-4ea4859d49f0",
    "vertices" : [ {
      "x" : 31.27051,
      "y" : 6.854102,
      "z" : 5.236068
    }, {
      "x" : 29.652475,
      "y" : 9.472136,
      "z" : 9.472136
    }, {
      "x" : 29.652475,
      "y" : 9.472136,
      "z" : 4.236068
    }, {
      "x" : 27.034441,
      "y" : 13.708204,
      "z" : 2.618034
    }, {
      "x" : 29.652475,
      "y" : 9.472136,
      "z" : 1.0
    } ],
    "faces" : [ {
      "vertices" : [ 0, 1, 2 ]
    }, {
      "vertices" : [ 0, 2, 3 ]
    }, {
      "vertices" : [ 0, 3, 4 ]
    }, {
      "vertices" : [ 0, 4, 3 ]
    }, {
      "vertices" : [ 0, 3, 2 ]
    }, {
      "vertices" : [ 0, 2, 1 ]
    } ]
  }, {
    "id" : "89365f16-f6ce-4d72-9768-868aa958d56a",
    "vertices" : [ {
      "x" : 15.944272,
      "y" : 9.472136,
      "z" : 4.236068
    }, {
      "x" : 18.562305,
      "y" : 5.236068,
      "z" : 2.618034
    }, {
      "x" : 22.798374,
      "y" : 6.854102,
      "z" : 0.0
    }, {
      "x" : 22.798374,
      "y" : 12.09017,
      "z" : 0.0
    }, {
      "x" : 18.562305,
      "y" : 13.708204,
      "z" : 2.618034
    } ],
    "faces" : [ {
      "vertices" : [ 0, 1, 2 ]
    }, {
      "vertices" : [ 0, 2, 3 ]
    }, {
      "vertices" : [ 0, 3, 4 ]
    }, {
      "vertices" : [ 0, 4, 3 ]
    }, {
      "vertices" : [ 0, 3, 2 ]
    }, {
      "vertices" : [ 0, 2, 1 ]
    } ]
  }, {
    "id" : "d893f2d8-986d-4e0e-aa18-ab4322e07e0d",
    "vertices" : [ {
      "x" : 18.562305,
      "y" : -8.472136,
      "z" : 11.09017
    }, {
      "x" : 16.944271,
      "y" : -5.854102,
      "z" : 6.854102
    }, {
      "x" : 14.326238,
      "y" : -1.618034,
      "z" : 8.472136
    }, {
      "x" : 14.326238,
      "y" : -1.618034,
      "z" : 13.708204
    }, {
      "x" : 16.944271,
      "y" : -5.854102,
      "z" : 15.326238
    } ],
    "faces" : [ {
      "vertices" : [ 0, 1, 2 ]
    }, {
      "vertices" : [ 0, 2, 3 ]
    }, {
      "vertices" : [ 0, 3, 4 ]
    }, {
      "vertices" : [ 0, 4, 3 ]
    }, {
      "vertices" : [ 0, 3, 2 ]
    }, {
      "vertices" : [ 0, 2, 1 ]
    } ]
  }, {
    "id" : "ba6bff5f-ed45-4058-ad57-2de7478e9d86",
    "vertices" : [ {
      "x" : 20.18034,
      "y" : 11.09017,
      "z" : -6.854102
    }, {
      "x" : 22.798374,
      "y" : 6.854102,
      "z" : -8.472136
    }, {
      "x" : 24.416409,
      "y" : 4.236068,
      "z" : -4.236068
    }, {
      "x" : 22.798374,
      "y" : 6.854102,
      "z" : 0.0
    }, {
      "x" : 22.798374,
      "y" : 6.854102,
      "z" : -5.236068
    } ],
    "faces" : [ {
      "vertices" : [ 0, 1, 2 ]
    }, {
      "vertices" : [ 0, 2, 3 ]
    }, {
      "vertices" : [ 0, 3, 4 ]
    }, {
      "vertices" : [ 0, 4, 3 ]
    }, {
      "vertices" : [ 0, 3, 2 ]
    }, {
      "vertices" : [ 0, 2, 1 ]
    } ]
  }, {
    "id" : "5afb680f-681b-4e7f-a106-53cdf5ba544b",
    "vertices" : [ {
      "x" : -21.944271,
      "y" : 4.236068,
      "z" : 4.236068
    }, {
      "x" : -26.18034,
      "y" : 2.618034,
      "z" : 6.854102
    }, {
      "x" : -24.562305,
      "y" : 5.236068,
      "z" : 2.618034
    }, {
      "x" : -28.798374,
      "y" : 6.854102,
      "z" : 0.0
    }, {
      "x" : -23.562305,
      "y" : 6.854102,
      "z" : 0.0
    } ],
    "faces" : [ {
      "vertices" : [ 0, 1, 2 ]
    }, {
      "vertices" : [ 0, 2, 3 ]
    }, {
      "vertices" : [ 0, 3, 4 ]
    }, {
      "vertices" : [ 0, 4, 3 ]
    }, {
      "vertices" : [ 0, 3, 2 ]
    }, {
      "vertices" : [ 0, 2, 1 ]
    } ]
  }, {
    "id" : "732177d0-5590-4a06-a551-3f39ed4dfed6",
    "vertices" : [ {
      "x" : 29.652475,
      "y" : 4.236068,
      "z" : -4.236068
    }, {
      "x" : 32.27051,
      "y" : 0.0,
      "z" : -5.854102
    }, {
      "x" : 33.888542,
      "y" : -2.618034,
      "z" : -1.618034
    }, {
      "x" : 32.27051,
      "y" : 0.0,
      "z" : 2.618034
    }, {
      "x" : 32.27051,
      "y" : 0.0,
      "z" : -2.618034
    } ],
    "faces" : [ {
      "vertices" : [ 0, 1, 2 ]
    }, {
      "vertices" : [ 0, 2, 3 ]
    }, {
      "vertices" : [ 0, 3, 4 ]
    }, {
      "vertices" : [ 0, 4, 3 ]
    }, {
      "vertices" : [ 0, 3, 2 ]
    }, {
      "vertices" : [ 0, 2, 1 ]
    } ]
  }, {
    "id" : "f8bd672e-6044-4627-a8f7-ebf86f0af613",
    "vertices" : [ {
      "x" : -16.708204,
      "y" : -4.236068,
      "z" : 17.944271
    }, {
      "x" : -20.944271,
      "y" : -5.854102,
      "z" : 20.562305
    }, {
      "x" : -20.944271,
      "y" : -11.09017,
      "z" : 20.562305
    }, {
      "x" : -16.708204,
      "y" : -12.708204,
      "z" : 17.944271
    }, {
      "x" : -14.09017,
      "y" : -8.472136,
      "z" : 16.326239
    } ],
    "faces" : [ {
      "vertices" : [ 0, 1, 2 ]
    }, {
      "vertices" : [ 0, 2, 3 ]
    }, {
      "vertices" : [ 0, 3, 4 ]
    }, {
      "vertices" : [ 0, 4, 3 ]
    }, {
      "vertices" : [ 0, 3, 2 ]
    }, {
      "vertices" : [ 0, 2, 1 ]
    } ]
  }, {
    "id" : "4f2d6845-07dd-4c08-b7b1-ec8cd9334ac1",
    "vertices" : [ {
      "x" : -17.708204,
      "y" : -2.618034,
      "z" : -1.618034
    }, {
      "x" : -12.472136,
      "y" : -2.618034,
      "z" : -1.618034
    }, {
      "x" : -16.708204,
      "y" : -4.236068,
      "z" : -4.236068
    }, {
      "x" : -20.944271,
      "y" : -2.618034,
      "z" : -1.618034
    }, {
      "x" : -19.326239,
      "y" : 0.0,
      "z" : 2.618034
    } ],
    "faces" : [ {
      "vertices" : [ 0, 1, 2 ]
    }, {
      "vertices" : [ 0, 2, 3 ]
    }, {
      "vertices" : [ 0, 3, 4 ]
    }, {
      "vertices" : [ 0, 4, 3 ]
    }, {
      "vertices" : [ 0, 3, 2 ]
    }, {
      "vertices" : [ 0, 2, 1 ]
    } ]
  }, {
    "id" : "fc3b37fe-add9-497f-be76-de44ce27ec7a",
    "vertices" : [ {
      "x" : 17.562305,
      "y" : 1.618034,
      "z" : -13.708204
    }, {
      "x" : 15.944272,
      "y" : 4.236068,
      "z" : -17.944271
    }, {
      "x" : 13.326238,
      "y" : 8.472136,
      "z" : -16.326239
    }, {
      "x" : 13.326238,
      "y" : 8.472136,
      "z" : -11.09017
    }, {
      "x" : 15.944272,
      "y" : 4.236068,
      "z" : -9.472136
    } ],
    "faces" : [ {
      "vertices" : [ 0, 1, 2 ]
    }, {
      "vertices" : [ 0, 2, 3 ]
    }, {
      "vertices" : [ 0, 3, 4 ]
    }, {
      "vertices" : [ 0, 4, 3 ]
    }, {
      "vertices" : [ 0, 3, 2 ]
    }, {
      "vertices" : [ 0, 2, 1 ]
    } ]
  }, {
    "id" : "6bd65df2-1aac-4202-bf43-373ef84d2f41",
    "vertices" : [ {
      "x" : 20.18034,
      "y" : 11.09017,
      "z" : -6.854102
    }, {
      "x" : 15.944272,
      "y" : 12.708204,
      "z" : -9.472136
    }, {
      "x" : 17.562305,
      "y" : 15.326238,
      "z" : -13.708204
    }, {
      "x" : 22.798374,
      "y" : 15.326238,
      "z" : -13.708204
    }, {
      "x" : 24.416409,
      "y" : 12.708204,
      "z" : -9.472136
    } ],
    "faces" : [ {
      "vertices" : [ 0, 1, 2 ]
    }, {
      "vertices" : [ 0, 2, 3 ]
    }, {
      "vertices" : [ 0, 3, 4 ]
    }, {
      "vertices" : [ 0, 4, 3 ]
    }, {
      "vertices" : [ 0, 3, 2 ]
    }, {
      "vertices" : [ 0, 2, 1 ]
    } ]
  }, {
    "id" : "fede3463-a43b-4c25-aba2-b38cdcf16f88",
    "vertices" : [ {
      "x" : 26.416409,
      "y" : -17.944271,
      "z" : 4.236068
    }, {
      "x" : 28.034441,
      "y" : -15.326238,
      "z" : 8.472136
    }, {
      "x" : 30.652475,
      "y" : -11.09017,
      "z" : 6.854102
    }, {
      "x" : 30.652475,
      "y" : -11.09017,
      "z" : 1.618034
    }, {
      "x" : 28.034441,
      "y" : -15.326238,
      "z" : 0.0
    } ],
    "faces" : [ {
      "vertices" : [ 0, 1, 2 ]
    }, {
      "vertices" : [ 0, 2, 3 ]
    }, {
      "vertices" : [ 0, 3, 4 ]
    }, {
      "vertices" : [ 0, 4, 3 ]
    }, {
      "vertices" : [ 0, 3, 2 ]
    }, {
      "vertices" : [ 0, 2, 1 ]
    } ]
  }, {
    "id" : "a1da4384-1354-4e03-984e-b52f05551350",
    "vertices" : [ {
      "x" : 25.416409,
      "y" : -2.618034,
      "z" : -6.854102
    }, {
      "x" : 21.18034,
      "y" : -4.236068,
      "z" : -4.236068
    }, {
      "x" : 22.798374,
      "y" : -6.854102,
      "z" : 0.0
    }, {
      "x" : 28.034441,
      "y" : -6.854102,
      "z" : 0.0
    }, {
      "x" : 29.652475,
      "y" : -4.236068,
      "z" : -4.236068
    } ],
    "faces" : [ {
      "vertices" : [ 0, 1, 2 ]
    }, {
      "vertices" : [ 0, 2, 3 ]
    }, {
      "vertices" : [ 0, 3, 4 ]
    }, {
      "vertices" : [ 0, 4, 3 ]
    }, {
      "vertices" : [ 0, 3, 2 ]
    }, {
      "vertices" : [ 0, 2, 1 ]
    } ]
  }, {
    "id" : "0874bda6-ded2-42ff-b096-c2229f9733ef",
    "vertices" : [ {
      "x" : 32.27051,
      "y" : 5.236068,
      "z" : 2.618034
    }, {
      "x" : 32.27051,
      "y" : 0.0,
      "z" : 2.618034
    }, {
      "x" : 29.652475,
      "y" : 4.236068,
      "z" : 4.236068
    }, {
      "x" : 25.416409,
      "y" : 2.618034,
      "z" : 6.854102
    }, {
      "x" : 28.034441,
      "y" : 6.854102,
      "z" : 5.236068
    } ],
    "faces" : [ {
      "vertices" : [ 0, 1, 2 ]
    }, {
      "vertices" : [ 0, 2, 3 ]
    }, {
      "vertices" : [ 0, 3, 4 ]
    }, {
      "vertices" : [ 0, 4, 3 ]
    }, {
      "vertices" : [ 0, 3, 2 ]
    }, {
      "vertices" : [ 0, 2, 1 ]
    } ]
  }, {
    "id" : "75bf03a0-9721-4c07-a16a-ccae07e315ae",
    "vertices" : [ {
      "x" : -30.416409,
      "y" : 1.0,
      "z" : 4.236068
    }, {
      "x" : -26.18034,
      "y" : 2.618034,
      "z" : 6.854102
    }, {
      "x" : -30.416409,
      "y" : 4.236068,
      "z" : 4.236068
    }, {
      "x" : -33.034443,
      "y" : 0.0,
      "z" : 2.618034
    }, {
      "x" : -30.416409,
      "y" : -4.236068,
      "z" : 4.236068
    } ],
    "faces" : [ {
      "vertices" : [ 0, 1, 2 ]
    }, {
      "vertices" : [ 0, 2, 3 ]
    }, {
      "vertices" : [ 0, 3, 4 ]
    }, {
      "vertices" : [ 0, 4, 3 ]
    }, {
      "vertices" : [ 0, 3, 2 ]
    }, {
      "vertices" : [ 0, 2, 1 ]
    } ]
  }, {
    "id" : "4cf3ef6f-1025-4669-a0d9-aa7dd834449f",
    "vertices" : [ {
      "x" : 27.034441,
      "y" : 8.472136,
      "z" : -11.09017
    }, {
      "x" : 31.27051,
      "y" : 6.854102,
      "z" : -8.472136
    }, {
      "x" : 29.652475,
      "y" : 4.236068,
      "z" : -4.236068
    }, {
      "x" : 24.416409,
      "y" : 4.236068,
      "z" : -4.236068
    }, {
      "x" : 22.798374,
      "y" : 6.854102,
      "z" : -8.472136
    } ],
    "faces" : [ {
      "vertices" : [ 0, 1, 2 ]
    }, {
      "vertices" : [ 0, 2, 3 ]
    }, {
      "vertices" : [ 0, 3, 4 ]
    }, {
      "vertices" : [ 0, 4, 3 ]
    }, {
      "vertices" : [ 0, 3, 2 ]
    }, {
      "vertices" : [ 0, 2, 1 ]
    } ]
  }, {
    "id" : "967e7286-af36-40c1-8bc1-6fe0744ced08",
    "vertices" : [ {
      "x" : 32.27051,
      "y" : 5.236068,
      "z" : 16.326239
    }, {
      "x" : 28.034441,
      "y" : 6.854102,
      "z" : 13.708204
    }, {
      "x" : 29.652475,
      "y" : 9.472136,
      "z" : 9.472136
    }, {
      "x" : 34.888542,
      "y" : 9.472136,
      "z" : 9.472136
    }, {
      "x" : 36.506577,
      "y" : 6.854102,
      "z" : 13.708204
    } ],
    "faces" : [ {
      "vertices" : [ 0, 1, 2 ]
    }, {
      "vertices" : [ 0, 2, 3 ]
    }, {
      "vertices" : [ 0, 3, 4 ]
    }, {
      "vertices" : [ 0, 4, 3 ]
    }, {
      "vertices" : [ 0, 3, 2 ]
    }, {
      "vertices" : [ 0, 2, 1 ]
    } ]
  }, {
    "id" : "37f66bc5-ec28-4e63-bf8e-19351f7ee571",
    "vertices" : [ {
      "x" : 39.12461,
      "y" : -7.854102,
      "z" : -1.618034
    }, {
      "x" : 43.36068,
      "y" : -9.472136,
      "z" : -4.236068
    }, {
      "x" : 45.978714,
      "y" : -5.236068,
      "z" : -5.854102
    }, {
      "x" : 43.36068,
      "y" : -1.0,
      "z" : -4.236068
    }, {
      "x" : 39.12461,
      "y" : -2.618034,
      "z" : -1.618034
    } ],
    "faces" : [ {
      "vertices" : [ 0, 1, 2 ]
    }, {
      "vertices" : [ 0, 2, 3 ]
    }, {
      "vertices" : [ 0, 3, 4 ]
    }, {
      "vertices" : [ 0, 4, 3 ]
    }, {
      "vertices" : [ 0, 3, 2 ]
    }, {
      "vertices" : [ 0, 2, 1 ]
    } ]
  }, {
    "id" : "bbe125a6-06a9-41d6-b8fc-02a9794d3a98",
    "vertices" : [ {
      "x" : 26.416409,
      "y" : -4.236068,
      "z" : 9.472136
    }, {
      "x" : 23.798374,
      "y" : -8.472136,
      "z" : 11.09017
    }, {
      "x" : 23.798374,
      "y" : -8.472136,
      "z" : 16.326239
    }, {
      "x" : 26.416409,
      "y" : -4.236068,
      "z" : 17.944271
    }, {
      "x" : 28.034441,
      "y" : -1.618034,
      "z" : 13.708204
    } ],
    "faces" : [ {
      "vertices" : [ 0, 1, 2 ]
    }, {
      "vertices" : [ 0, 2, 3 ]
    }, {
      "vertices" : [ 0, 3, 4 ]
    }, {
      "vertices" : [ 0, 4, 3 ]
    }, {
      "vertices" : [ 0, 3, 2 ]
    }, {
      "vertices" : [ 0, 2, 1 ]
    } ]
  }, {
    "id" : "2e40c172-3f4b-4ebb-adee-51dd55aee20b",
    "vertices" : [ {
      "x" : 29.652475,
      "y" : 17.944271,
      "z" : -4.236068
    }, {
      "x" : 31.27051,
      "y" : 15.326238,
      "z" : 0.0
    }, {
      "x" : 33.888542,
      "y" : 11.09017,
      "z" : -1.618034
    }, {
      "x" : 33.888542,
      "y" : 11.09017,
      "z" : -6.854102
    }, {
      "x" : 31.27051,
      "y" : 15.326238,
      "z" : -8.472136
    } ],
    "faces" : [ {
      "vertices" : [ 0, 1, 2 ]
    }, {
      "vertices" : [ 0, 2, 3 ]
    }, {
      "vertices" : [ 0, 3, 4 ]
    }, {
      "vertices" : [ 0, 4, 3 ]
    }, {
      "vertices" : [ 0, 3, 2 ]
    }, {
      "vertices" : [ 0, 2, 1 ]
    } ]
  }, {
    "id" : "12ce2507-15c0-4f36-9e39-48b7c14839c0",
    "vertices" : [ {
      "x" : 43.36068,
      "y" : -1.0,
      "z" : -12.708204
    }, {
      "x" : 41.742645,
      "y" : 1.618034,
      "z" : -8.472136
    }, {
      "x" : 43.36068,
      "y" : -1.0,
      "z" : -4.236068
    }, {
      "x" : 45.978714,
      "y" : -5.236068,
      "z" : -5.854102
    }, {
      "x" : 45.978714,
      "y" : -5.236068,
      "z" : -11.09017
    } ],
    "faces" : [ {
      "vertices" : [ 0, 1, 2 ]
    }, {
      "vertices" : [ 0, 2, 3 ]
    }, {
      "vertices" : [ 0, 3, 4 ]
    }, {
      "vertices" : [ 0, 4, 3 ]
    }, {
      "vertices" : [ 0, 3, 2 ]
    }, {
      "vertices" : [ 0, 2, 1 ]
    } ]
  }, {
    "id" : "75b7e71f-ddb8-4835-8103-0791ac345f5f",
    "vertices" : [ {
      "x" : -20.944271,
      "y" : -5.854102,
      "z" : 6.854102
    }, {
      "x" : -16.708204,
      "y" : -4.236068,
      "z" : 9.472136
    }, {
      "x" : -20.944271,
      "y" : -2.618034,
      "z" : 6.854102
    }, {
      "x" : -23.562305,
      "y" : -6.854102,
      "z" : 5.236068
    }, {
      "x" : -20.944271,
      "y" : -11.09017,
      "z" : 6.854102
    } ],
    "faces" : [ {
      "vertices" : [ 0, 1, 2 ]
    }, {
      "vertices" : [ 0, 2, 3 ]
    }, {
      "vertices" : [ 0, 3, 4 ]
    }, {
      "vertices" : [ 0, 4, 3 ]
    }, {
      "vertices" : [ 0, 3, 2 ]
    }, {
      "vertices" : [ 0, 2, 1 ]
    } ]
  }, {
    "id" : "0583e283-6a79-4fe3-9d0e-1e24fec9f7c1",
    "vertices" : [ {
      "x" : 28.034441,
      "y" : -6.854102,
      "z" : 0.0
    }, {
      "x" : 23.798374,
      "y" : -8.472136,
      "z" : -2.618034
    }, {
      "x" : 23.798374,
      "y" : -13.708204,
      "z" : -2.618034
    }, {
      "x" : 21.18034,
      "y" : -9.472136,
      "z" : -4.236068
    }, {
      "x" : 23.798374,
      "y" : -5.236068,
      "z" : -2.618034
    } ],
    "faces" : [ {
      "vertices" : [ 0, 1, 2 ]
    }, {
      "vertices" : [ 0, 2, 3 ]
    }, {
      "vertices" : [ 0, 3, 4 ]
    }, {
      "vertices" : [ 0, 4, 3 ]
    }, {
      "vertices" : [ 0, 3, 2 ]
    }, {
      "vertices" : [ 0, 2, 1 ]
    } ]
  }, {
    "id" : "f805431c-dda5-496e-9ffb-3fb1233371e2",
    "vertices" : [ {
      "x" : 21.18034,
      "y" : -9.472136,
      "z" : -4.236068
    }, {
      "x" : 23.798374,
      "y" : -13.708204,
      "z" : -2.618034
    }, {
      "x" : 23.798374,
      "y" : -13.708204,
      "z" : -7.854102
    }, {
      "x" : 21.18034,
      "y" : -9.472136,
      "z" : -9.472136
    } ],
    "faces" : [ {
      "vertices" : [ 0, 1, 2 ]
    }, {
      "vertices" : [ 0, 2, 3 ]
    }, {
      "vertices" : [ 0, 3, 2 ]
    }, {
      "vertices" : [ 0, 2, 1 ]
    } ]
  }, {
    "id" : "f3c06d6d-356a-4908-83e3-1bf793e4c29a",
    "vertices" : [ {
      "x" : 28.034441,
      "y" : -12.09017,
      "z" : 0.0
    }, {
      "x" : 23.798374,
      "y" : -13.708204,
      "z" : -2.618034
    }, {
      "x" : 25.416409,
      "y" : -16.326239,
      "z" : -6.854102
    }, {
      "x" : 30.652475,
      "y" : -16.326239,
      "z" : -6.854102
    }, {
      "x" : 32.27051,
      "y" : -13.708204,
      "z" : -2.618034
    } ],
    "faces" : [ {
      "vertices" : [ 0, 1, 2 ]
    }, {
      "vertices" : [ 0, 2, 3 ]
    }, {
      "vertices" : [ 0, 3, 4 ]
    }, {
      "vertices" : [ 0, 4, 3 ]
    }, {
      "vertices" : [ 0, 3, 2 ]
    }, {
      "vertices" : [ 0, 2, 1 ]
    } ]
  }, {
    "id" : "6f6d471d-d4a0-44bd-873a-204639f1b5f7",
    "vertices" : [ {
      "x" : -33.034443,
      "y" : -8.472136,
      "z" : -2.618034
    }, {
      "x" : -37.27051,
      "y" : -6.854102,
      "z" : -5.236068
    }, {
      "x" : -38.888542,
      "y" : -9.472136,
      "z" : -1.0
    }, {
      "x" : -34.652477,
      "y" : -11.09017,
      "z" : 1.618034
    } ],
    "faces" : [ {
      "vertices" : [ 0, 1, 2 ]
    }, {
      "vertices" : [ 0, 2, 3 ]
    }, {
      "vertices" : [ 0, 3, 2 ]
    }, {
      "vertices" : [ 0, 2, 1 ]
    } ]
  }, {
    "id" : "7f13a77c-c85f-4446-b686-46f36f3c1c8b",
    "vertices" : [ {
      "x" : -41.506577,
      "y" : -13.708204,
      "z" : -7.854102
    }, {
      "x" : -38.888542,
      "y" : -9.472136,
      "z" : -9.472136
    }, {
      "x" : -34.652477,
      "y" : -11.09017,
      "z" : -12.09017
    }, {
      "x" : -34.652477,
      "y" : -16.326239,
      "z" : -12.09017
    }, {
      "x" : -38.888542,
      "y" : -17.944271,
      "z" : -9.472136
    } ],
    "faces" : [ {
      "vertices" : [ 0, 1, 2 ]
    }, {
      "vertices" : [ 0, 2, 3 ]
    }, {
      "vertices" : [ 0, 3, 4 ]
    }, {
      "vertices" : [ 0, 4, 3 ]
    }, {
      "vertices" : [ 0, 3, 2 ]
    }, {
      "vertices" : [ 0, 2, 1 ]
    } ]
  }, {
    "id" : "5f151e6b-06b9-4675-bed0-ed4c8bc7d3c2",
    "vertices" : [ {
      "x" : 30.652475,
      "y" : -11.09017,
      "z" : 6.854102
    }, {
      "x" : 28.034441,
      "y" : -6.854102,
      "z" : 8.472136
    }, {
      "x" : 26.416409,
      "y" : -4.236068,
      "z" : 4.236068
    }, {
      "x" : 28.034441,
      "y" : -6.854102,
      "z" : 0.0
    }, {
      "x" : 28.034441,
      "y" : -6.854102,
      "z" : 5.236068
    } ],
    "faces" : [ {
      "vertices" : [ 0, 1, 2 ]
    }, {
      "vertices" : [ 0, 2, 3 ]
    }, {
      "vertices" : [ 0, 3, 4 ]
    }, {
      "vertices" : [ 0, 4, 3 ]
    }, {
      "vertices" : [ 0, 3, 2 ]
    }, {
      "vertices" : [ 0, 2, 1 ]
    } ]
  }, {
    "id" : "c2202d84-0cba-4604-bed1-e953d38f70da",
    "vertices" : [ {
      "x" : -28.798374,
      "y" : -6.854102,
      "z" : 0.0
