{
  "field" : "golden",
  "symmetry" : "icosahedral",
  "orientations" : [ [ 1.0, 0.0, 0.0, 0.0, 0.0, 1.0, 0.0, 0.0, 0.0, 0.0, 1.0, 0.0, 0.0, 0.0, 0.0, 1.0 ], [ 0.0, 0.0, 1.0, 0.0, 1.0, 0.0, 0.0, 0.0, 0.0, 1.0, 0.0, 0.0, 0.0, 0.0, 0.0, 1.0 ], [ 0.0, 1.0, 0.0, 0.0, 0.0, 0.0, 1.0, 0.0, 1.0, 0.0, 0.0, 0.0, 0.0, 0.0, 0.0, 1.0 ], [ 0.809017, 0.309017, 0.5, 0.0, 0.309017, 0.5, -0.809017, 0.0, -0.5, 0.809017, 0.309017, 0.0, 0.0, 0.0, 0.0, 1.0 ], [ -0.5, 0.809017, 0.309017, 0.0, 0.809017, 0.309017, 0.5, 0.0, 0.309017, 0.5, -0.809017, 0.0, 0.0, 0.0, 0.0, 1.0 ], [ 0.309017, 0.5, -0.809017, 0.0, -0.5, 0.809017, 0.309017, 0.0, 0.809017, 0.309017, 0.5, 0.0, 0.0, 0.0, 0.0, 1.0 ], [ 0.5, 0.809017, 0.309017, 0.0, 0.809017, -0.309017, -0.5, 0.0, -0.309017, 0.5, -0.809017, 0.0, 0.0, 0.0, 0.0, 1.0 ], [ -0.309017, 0.5, -0.809017, 0.0, 0.5, 0.809017, 0.309017, 0.0, 0.809017, -0.309017, -0.5, 0.0, 0.0, 0.0, 0.0, 1.0 ], [ 0.809017, -0.309017, -0.5, 0.0, -0.309017, 0.5, -0.809017, 0.0, 0.5, 0.809017, 0.309017, 0.0, 0.0, 0.0, 0.0, 1.0 ], [ 0.5, 0.809017, -0.309017, 0.0, 0.809017, -0.309017, 0.5, 0.0, 0.309017, -0.5, -0.809017, 0.0, 0.0, 0.0, 0.0, 1.0 ], [ 0.309017, -0.5, -0.809017, 0.0, 0.5, 0.809017, -0.309017, 0.0, 0.809017, -0.309017, 0.5, 0.0, 0.0, 0.0, 0.0, 1.0 ], [ 0.809017, -0.309017, 0.5, 0.0, 0.309017, -0.5, -0.809017, 0.0, 0.5, 0.809017, -0.309017, 0.0, 0.0, 0.0, 0.0, 1.0 ], [ 0.809017, 0.309017, -0.5, 0.0, 0.309017, 0.5, 0.809017, 0.0, 0.5, -0.809017, 0.309017, 0.0, 0.0, 0.0, 0.0, 1.0 ], [ 0.5, -0.809017, 0.309017, 0.0, 0.809017, 0.309017, -0.5, 0.0, 0.309017, 0.5, 0.809017, 0.0, 0.0, 0.0, 0.0, 1.0 ], [ 0.309017, 0.5, 0.809017, 0.0, 0.5, -0.809017, 0.309017, 0.0, 0.809017, 0.309017, -0.5, 0.0, 0.0, 0.0, 0.0, 1.0 ], [ 1.0, 0.0, 0.0, 0.0, 0.0, -1.0, 0.0, 0.0, 0.0, 0.0, -1.0, 0.0, 0.0, 0.0, 0.0, 1.0 ], [ 0.0, 0.0, 1.0, 0.0, -1.0, 0.0, 0.0, 0.0, 0.0, -1.0, 0.0, 0.0, 0.0, 0.0, 0.0, 1.0 ], [ 0.0, 1.0, 0.0, 0.0, 0.0, 0.0, -1.0, 0.0, -1.0, 0.0, 0.0, 0.0, 0.0, 0.0, 0.0, 1.0 ], [ 0.809017, 0.309017, 0.5, 0.0, -0.309017, -0.5, 0.809017, 0.0, 0.5, -0.809017, -0.309017, 0.0, 0.0, 0.0, 0.0, 1.0 ], [ -0.5, 0.809017, 0.309017, 0.0, -0.809017, -0.309017, -0.5, 0.0, -0.309017, -0.5, 0.809017, 0.0, 0.0, 0.0, 0.0, 1.0 ], [ 0.309017, 0.5, -0.809017, 0.0, 0.5, -0.809017, -0.309017, 0.0, -0.809017, -0.309017, -0.5, 0.0, 0.0, 0.0, 0.0, 1.0 ], [ 0.5, 0.809017, 0.309017, 0.0, -0.809017, 0.309017, 0.5, 0.0, 0.309017, -0.5, 0.809017, 0.0, 0.0, 0.0, 0.0, 1.0 ], [ -0.309017, 0.5, -0.809017, 0.0, -0.5, -0.809017, -0.309017, 0.0, -0.809017, 0.309017, 0.5, 0.0, 0.0, 0.0, 0.0, 1.0 ], [ 0.809017, -0.309017, -0.5, 0.0, 0.309017, -0.5, 0.809017, 0.0, -0.5, -0.809017, -0.309017, 0.0, 0.0, 0.0, 0.0, 1.0 ], [ 0.5, 0.809017, -0.309017, 0.0, -0.809017, 0.309017, -0.5, 0.0, -0.309017, 0.5, 0.809017, 0.0, 0.0, 0.0, 0.0, 1.0 ], [ 0.309017, -0.5, -0.809017, 0.0, -0.5, -0.809017, 0.309017, 0.0, -0.809017, 0.309017, -0.5, 0.0, 0.0, 0.0, 0.0, 1.0 ], [ 0.809017, -0.309017, 0.5, 0.0, -0.309017, 0.5, 0.809017, 0.0, -0.5, -0.809017, 0.309017, 0.0, 0.0, 0.0, 0.0, 1.0 ], [ 0.809017, 0.309017, -0.5, 0.0, -0.309017, -0.5, -0.809017, 0.0, -0.5, 0.809017, -0.309017, 0.0, 0.0, 0.0, 0.0, 1.0 ], [ 0.5, -0.809017, 0.309017, 0.0, -0.809017, -0.309017, 0.5, 0.0, -0.309017, -0.5, -0.809017, 0.0, 0.0, 0.0, 0.0, 1.0 ], [ 0.309017, 0.5, 0.809017, 0.0, -0.5, 0.809017, -0.309017, 0.0, -0.809017, -0.309017, 0.5, 0.0, 0.0, 0.0, 0.0, 1.0 ], [ -1.0, 0.0, 0.0, 0.0, 0.0, -1.0, 0.0, 0.0, 0.0, 0.0, 1.0, 0.0, 0.0, 0.0, 0.0, 1.0 ], [ 0.0, 0.0, -1.0, 0.0, -1.0, 0.0, 0.0, 0.0, 0.0, 1.0, 0.0, 0.0, 0.0, 0.0, 0.0, 1.0 ], [ 0.0, -1.0, 0.0, 0.0, 0.0, 0.0, -1.0, 0.0, 1.0, 0.0, 0.0, 0.0, 0.0, 0.0, 0.0, 1.0 ], [ -0.809017, -0.309017, -0.5, 0.0, -0.309017, -0.5, 0.809017, 0.0, -0.5, 0.809017, 0.309017, 0.0, 0.0, 0.0, 0.0, 1.0 ], [ 0.5, -0.809017, -0.309017, 0.0, -0.809017, -0.309017, -0.5, 0.0, 0.309017, 0.5, -0.809017, 0.0, 0.0, 0.0, 0.0, 1.0 ], [ -0.309017, -0.5, 0.809017, 0.0, 0.5, -0.809017, -0.309017, 0.0, 0.809017, 0.309017, 0.5, 0.0, 0.0, 0.0, 0.0, 1.0 ], [ -0.5, -0.809017, -0.309017, 0.0, -0.809017, 0.309017, 0.5, 0.0, -0.309017, 0.5, -0.809017, 0.0, 0.0, 0.0, 0.0, 1.0 ], [ 0.309017, -0.5, 0.809017, 0.0, -0.5, -0.809017, -0.309017, 0.0, 0.809017, -0.309017, -0.5, 0.0, 0.0, 0.0, 0.0, 1.0 ], [ -0.809017, 0.309017, 0.5, 0.0, 0.309017, -0.5, 0.809017, 0.0, 0.5, 0.809017, 0.309017, 0.0, 0.0, 0.0, 0.0, 1.0 ], [ -0.5, -0.809017, 0.309017, 0.0, -0.809017, 0.309017, -0.5, 0.0, 0.309017, -0.5, -0.809017, 0.0, 0.0, 0.0, 0.0, 1.0 ], [ -0.309017, 0.5, 0.809017, 0.0, -0.5, -0.809017, 0.309017, 0.0, 0.809017, -0.309017, 0.5, 0.0, 0.0, 0.0, 0.0, 1.0 ], [ -0.809017, 0.309017, -0.5, 0.0, -0.309017, 0.5, 0.809017, 0.0, 0.5, 0.809017, -0.309017, 0.0, 0.0, 0.0, 0.0, 1.0 ], [ -0.809017, -0.309017, 0.5, 0.0, -0.309017, -0.5, -0.809017, 0.0, 0.5, -0.809017, 0.309017, 0.0, 0.0, 0.0, 0.0, 1.0 ], [ -0.5, 0.809017, -0.309017, 0.0, -0.809017, -0.309017, 0.5, 0.0, 0.309017, 0.5, 0.809017, 0.0, 0.0, 0.0, 0.0, 1.0 ], [ -0.309017, -0.5, -0.809017, 0.0, -0.5, 0.809017, -0.309017, 0.0, 0.809017, 0.309017, -0.5, 0.0, 0.0, 0.0, 0.0, 1.0 ], [ -1.0, 0.0, 0.0, 0.0, 0.0, 1.0, 0.0, 0.0, 0.0, 0.0, -1.0, 0.0, 0.0, 0.0, 0.0, 1.0 ], [ 0.0, 0.0, -1.0, 0.0, 1.0, 0.0, 0.0, 0.0, 0.0, -1.0, 0.0, 0.0, 0.0, 0.0, 0.0, 1.0 ], [ 0.0, -1.0, 0.0, 0.0, 0.0, 0.0, 1.0, 0.0, -1.0, 0.0, 0.0, 0.0, 0.0, 0.0, 0.0, 1.0 ], [ -0.809017, -0.309017, -0.5, 0.0, 0.309017, 0.5, -0.809017, 0.0, 0.5, -0.809017, -0.309017, 0.0, 0.0, 0.0, 0.0, 1.0 ], [ 0.5, -0.809017, -0.309017, 0.0, 0.809017, 0.309017, 0.5, 0.0, -0.309017, -0.5, 0.809017, 0.0, 0.0, 0.0, 0.0, 1.0 ], [ -0.309017, -0.5, 0.809017, 0.0, -0.5, 0.809017, 0.309017, 0.0, -0.809017, -0.309017, -0.5, 0.0, 0.0, 0.0, 0.0, 1.0 ], [ -0.5, -0.809017, -0.309017, 0.0, 0.809017, -0.309017, -0.5, 0.0, 0.309017, -0.5, 0.809017, 0.0, 0.0, 0.0, 0.0, 1.0 ], [ 0.309017, -0.5, 0.809017, 0.0, 0.5, 0.809017, 0.309017, 0.0, -0.809017, 0.309017, 0.5, 0.0, 0.0, 0.0, 0.0, 1.0 ], [ -0.809017, 0.309017, 0.5, 0.0, -0.309017, 0.5, -0.809017, 0.0, -0.5, -0.809017, -0.309017, 0.0, 0.0, 0.0, 0.0, 1.0 ], [ -0.5, -0.809017, 0.309017, 0.0, 0.809017, -0.309017, 0.5, 0.0, -0.309017, 0.5, 0.809017, 0.0, 0.0, 0.0, 0.0, 1.0 ], [ -0.309017, 0.5, 0.809017, 0.0, 0.5, 0.809017, -0.309017, 0.0, -0.809017, 0.309017, -0.5, 0.0, 0.0, 0.0, 0.0, 1.0 ], [ -0.809017, 0.309017, -0.5, 0.0, 0.309017, -0.5, -0.809017, 0.0, -0.5, -0.809017, 0.309017, 0.0, 0.0, 0.0, 0.0, 1.0 ], [ -0.809017, -0.309017, 0.5, 0.0, 0.309017, 0.5, 0.809017, 0.0, -0.5, 0.809017, -0.309017, 0.0, 0.0, 0.0, 0.0, 1.0 ], [ -0.5, 0.809017, -0.309017, 0.0, 0.809017, 0.309017, -0.5, 0.0, -0.309017, -0.5, -0.809017, 0.0, 0.0, 0.0, 0.0, 1.0 ], [ -0.309017, -0.5, -0.809017, 0.0, 0.5, -0.809017, 0.309017, 0.0, -0.809017, -0.309017, 0.5, 0.0, 0.0, 0.0, 0.0, 1.0 ] ],
  "lights" : {
    "backgroundColor" : "#AFC8DC",
    "ambientColor" : "#292929",
    "directionalLights" : [ {
      "direction" : {
        "x" : 1.0,
        "y" : -1.0,
        "z" : -1.0
      },
      "color" : "#EBEBE4"
    }, {
      "direction" : {
        "x" : -1.0,
        "y" : 0.0,
        "z" : 0.0
      },
      "color" : "#E4E4EB"
    }, {
      "direction" : {
        "x" : 0.0,
        "y" : 0.0,
        "z" : -1.0
      },
      "color" : "#1E1E1E"
    } ]
  },
  "camera" : {
    "lookDirection" : {
      "x" : 0.08435413,
      "y" : -0.07385772,
      "z" : -0.99369323
    },
    "upDirection" : {
      "x" : -0.010189521,
      "y" : 0.99713767,
      "z" : -0.07498031
    },
    "lookAtPoint" : {
      "x" : 0.0,
      "y" : 0.0,
      "z" : 0.0
    },
    "viewDistance" : 198.1213,
    "nearClipDistance" : 0.49530306,
    "farClipDistance" : 396.24255,
    "fieldOfView" : 0.44262874,
    "perspective" : false,
    "width" : 89.15456,
    "stereo" : false,
    "position" : {
      "x" : -16.71235,
      "y" : 14.632788,
      "z" : 196.8718
    }
  },
  "embedding" : [ 1.0, 0.0, 0.0, 0.0, 0.0, 1.0, 0.0, 0.0, 0.0, 0.0, 1.0, 0.0, 0.0, 0.0, 0.0, 1.0 ],
  "shapes" : [ {
    "id" : "735607e5-1db0-40c7-8c79-6500f3c99d73",
    "vertices" : [ {
      "x" : 0.309017,
      "y" : -0.309017,
      "z" : -0.309017
    }, {
      "x" : 0.5,
      "y" : 0.0,
      "z" : -0.19098301
    }, {
      "x" : 0.5,
      "y" : 0.0,
      "z" : 0.19098301
    }, {
      "x" : 0.309017,
      "y" : -0.309017,
      "z" : 0.309017
    }, {
      "x" : 0.19098301,
      "y" : -0.5,
      "z" : 0.0
    }, {
      "x" : 0.0,
      "y" : 0.19098301,
      "z" : 0.5
    }, {
      "x" : 0.0,
      "y" : -0.19098301,
      "z" : 0.5
    }, {
      "x" : 0.309017,
      "y" : 0.309017,
      "z" : 0.309017
    }, {
      "x" : -0.309017,
      "y" : -0.309017,
      "z" : 0.309017
    }, {
      "x" : -0.309017,
      "y" : 0.309017,
      "z" : 0.309017
    }, {
      "x" : -0.5,
      "y" : 0.0,
      "z" : 0.19098301
    }, {
      "x" : 0.0,
      "y" : -0.19098301,
      "z" : -0.5
    }, {
      "x" : 0.0,
      "y" : 0.19098301,
      "z" : -0.5
    }, {
      "x" : 0.309017,
      "y" : 0.309017,
      "z" : -0.309017
    }, {
      "x" : -0.309017,
      "y" : -0.309017,
      "z" : -0.309017
    }, {
      "x" : -0.19098301,
      "y" : -0.5,
      "z" : 0.0
    }, {
      "x" : -0.5,
      "y" : 0.0,
      "z" : -0.19098301
    }, {
      "x" : 0.19098301,
      "y" : 0.5,
      "z" : 0.0
    }, {
      "x" : -0.309017,
      "y" : 0.309017,
      "z" : -0.309017
    }, {
      "x" : 0.0,
      "y" : 0.0,
      "z" : 0.0
    }, {
      "x" : -0.19098301,
      "y" : 0.5,
      "z" : 0.0
    } ],
    "faces" : [ {
      "vertices" : [ 12, 18, 20 ]
    }, {
      "vertices" : [ 12, 20, 17 ]
    }, {
      "vertices" : [ 12, 17, 13 ]
    }, {
      "vertices" : [ 3, 6, 8 ]
    }, {
      "vertices" : [ 3, 8, 15 ]
    }, {
      "vertices" : [ 3, 15, 4 ]
    }, {
      "vertices" : [ 0, 11, 12 ]
    }, {
      "vertices" : [ 0, 12, 13 ]
    }, {
      "vertices" : [ 0, 13, 1 ]
    }, {
      "vertices" : [ 5, 9, 10 ]
    }, {
      "vertices" : [ 5, 10, 8 ]
    }, {
      "vertices" : [ 5, 8, 6 ]
    }, {
      "vertices" : [ 2, 7, 5 ]
    }, {
      "vertices" : [ 2, 5, 6 ]
    }, {
      "vertices" : [ 2, 6, 3 ]
    }, {
      "vertices" : [ 11, 14, 16 ]
    }, {
      "vertices" : [ 11, 16, 18 ]
    }, {
      "vertices" : [ 11, 18, 12 ]
    }, {
      "vertices" : [ 1, 13, 17 ]
    }, {
      "vertices" : [ 1, 17, 7 ]
    }, {
      "vertices" : [ 1, 7, 2 ]
    }, {
      "vertices" : [ 9, 20, 18 ]
    }, {
      "vertices" : [ 9, 18, 16 ]
    }, {
      "vertices" : [ 9, 16, 10 ]
    }, {
      "vertices" : [ 0, 1, 2 ]
    }, {
      "vertices" : [ 0, 2, 3 ]
    }, {
      "vertices" : [ 0, 3, 4 ]
    }, {
      "vertices" : [ 5, 7, 17 ]
    }, {
      "vertices" : [ 5, 17, 20 ]
    }, {
      "vertices" : [ 5, 20, 9 ]
    }, {
      "vertices" : [ 0, 4, 15 ]
    }, {
      "vertices" : [ 0, 15, 14 ]
    }, {
      "vertices" : [ 0, 14, 11 ]
    }, {
      "vertices" : [ 8, 10, 16 ]
    }, {
      "vertices" : [ 8, 16, 14 ]
    }, {
      "vertices" : [ 8, 14, 15 ]
    } ]
  }, {
    "id" : "f4d9359b-0e76-46ad-9bdf-92cb493629f4",
    "vertices" : [ {
      "x" : 12.708204,
      "y" : 12.708204,
      "z" : 12.708204
    }, {
      "x" : 0.0,
      "y" : 19.062305,
      "z" : 0.0
    }, {
      "x" : 12.708204,
      "y" : 12.708204,
      "z" : -12.708204
    } ],
    "faces" : [ {
      "vertices" : [ 0, 1, 2 ]
    }, {
      "vertices" : [ 0, 2, 1 ]
    } ]
  }, {
    "id" : "452fae09-b4f5-47eb-858f-edb35e578108",
    "vertices" : [ {
      "x" : 10.781153,
      "y" : 4.118034,
      "z" : -1.572949
    }, {
      "x" : 10.399187,
      "y" : 3.663119,
      "z" : -1.381966
    }, {
      "x" : 10.236068,
      "y" : 3.927051,
      "z" : -1.809017
    }, {
      "x" : 10.163119,
      "y" : 4.190983,
      "z" : -1.618034
    }, {
      "x" : 0.85410196,
      "y" : 0.309017,
      "z" : 0.19098301
    }, {
      "x" : 0.690983,
      "y" : 0.572949,
      "z" : -0.23606798
    }, {
      "x" : 0.309017,
      "y" : 0.11803399,
      "z" : -0.045084972
    }, {
      "x" : 0.76393205,
      "y" : 0.309017,
      "z" : -0.42705098
    }, {
      "x" : 0.927051,
      "y" : 0.045084972,
      "z" : 0.0
    }, {
      "x" : 10.326238,
      "y" : 3.927051,
      "z" : -1.190983
    }, {
      "x" : 11.09017,
      "y" : 4.236068,
      "z" : -1.618034
    } ],
    "faces" : [ {
      "vertices" : [ 2, 7, 5 ]
    }, {
      "vertices" : [ 2, 5, 3 ]
    }, {
      "vertices" : [ 1, 8, 7 ]
    }, {
      "vertices" : [ 1, 7, 2 ]
    }, {
      "vertices" : [ 4, 6, 8 ]
    }, {
      "vertices" : [ 5, 7, 6 ]
    }, {
      "vertices" : [ 0, 1, 2 ]
    }, {
      "vertices" : [ 0, 2, 3 ]
    }, {
      "vertices" : [ 6, 7, 8 ]
    }, {
      "vertices" : [ 3, 5, 4 ]
    }, {
      "vertices" : [ 3, 4, 9 ]
    }, {
      "vertices" : [ 1, 9, 4 ]
    }, {
      "vertices" : [ 1, 4, 8 ]
    }, {
      "vertices" : [ 0, 9, 1 ]
    }, {
      "vertices" : [ 0, 3, 9 ]
    }, {
      "vertices" : [ 4, 5, 6 ]
    } ]
  }, {
    "id" : "e138136c-fb12-4541-a0e0-0349efdf955b",
    "vertices" : [ {
      "x" : 12.430427,
      "y" : -5.865213,
      "z" : 12.163759
    }, {
      "x" : 12.330426,
      "y" : -6.265213,
      "z" : 12.06376
    }, {
      "x" : 0.2777778,
      "y" : -0.4888889,
      "z" : 0.54444444
    }, {
      "x" : 0.37777779,
      "y" : -0.08888889,
      "z" : 0.64444447
    }, {
      "x" : 12.097093,
      "y" : -6.398546,
      "z" : 12.363759
    }, {
      "x" : 12.197093,
      "y" : -5.9985466,
      "z" : 12.463759
    }, {
      "x" : 0.6111111,
      "y" : 0.044444446,
      "z" : 0.34444445
    }, {
      "x" : 0.51111114,
      "y" : -0.35555556,
      "z" : 0.24444444
    } ],
    "faces" : [ {
      "vertices" : [ 2, 3, 6 ]
    }, {
      "vertices" : [ 2, 6, 7 ]
    }, {
      "vertices" : [ 0, 5, 4 ]
    }, {
      "vertices" : [ 0, 4, 1 ]
    }, {
      "vertices" : [ 2, 4, 5 ]
    }, {
      "vertices" : [ 2, 5, 3 ]
    }, {
      "vertices" : [ 0, 6, 3 ]
    }, {
      "vertices" : [ 0, 3, 5 ]
    }, {
      "vertices" : [ 0, 1, 7 ]
    }, {
      "vertices" : [ 0, 7, 6 ]
    }, {
      "vertices" : [ 1, 4, 2 ]
    }, {
      "vertices" : [ 1, 2, 7 ]
    } ]
  }, {
    "id" : "3680a4be-a4de-4cc7-9ed4-ff8270ebc8c8",
    "vertices" : [ {
      "x" : 1.0,
      "y" : 0.309017,
      "z" : 0.19098301
    }, {
      "x" : 1.0,
      "y" : -0.309017,
      "z" : 0.19098301
    }, {
      "x" : 24.416409,
      "y" : -0.309017,
      "z" : 0.19098301
    }, {
      "x" : 24.416409,
      "y" : 0.309017,
      "z" : 0.19098301
    }, {
      "x" : 24.416409,
      "y" : -0.309017,
      "z" : -0.19098301
    }, {
      "x" : 24.416409,
      "y" : 0.309017,
      "z" : -0.19098301
    }, {
      "x" : 25.034441,
      "y" : 0.0,
      "z" : 0.0
    }, {
      "x" : 0.38196602,
      "y" : 0.0,
      "z" : 0.0
    }, {
      "x" : 1.0,
      "y" : 0.309017,
      "z" : -0.19098301
    }, {
      "x" : 1.0,
      "y" : -0.309017,
      "z" : -0.19098301
    }, {
      "x" : 25.416409,
      "y" : 0.0,
      "z" : 0.0
    } ],
    "faces" : [ {
      "vertices" : [ 1, 9, 4 ]
    }, {
      "vertices" : [ 1, 4, 2 ]
    }, {
      "vertices" : [ 0, 3, 5 ]
    }, {
      "vertices" : [ 0, 5, 8 ]
    }, {
      "vertices" : [ 1, 7, 9 ]
    }, {
      "vertices" : [ 0, 1, 2 ]
    }, {
      "vertices" : [ 0, 2, 3 ]
    }, {
      "vertices" : [ 7, 8, 9 ]
    }, {
      "vertices" : [ 0, 7, 1 ]
    }, {
      "vertices" : [ 4, 9, 8 ]
    }, {
      "vertices" : [ 4, 8, 5 ]
    }, {
      "vertices" : [ 2, 6, 3 ]
    }, {
      "vertices" : [ 2, 4, 6 ]
    }, {
      "vertices" : [ 3, 6, 5 ]
    }, {
      "vertices" : [ 4, 5, 6 ]
    }, {
      "vertices" : [ 0, 8, 7 ]
    } ]
  }, {
    "id" : "6dfda961-223c-469f-a122-046cac028862",
    "vertices" : [ {
      "x" : -12.708204,
      "y" : 12.708204,
      "z" : -12.708204
    }, {
      "x" : 0.0,
      "y" : 19.062305,
      "z" : 0.0
    }, {
      "x" : -12.708204,
      "y" : 12.708204,
      "z" : 12.708204
    } ],
    "faces" : [ {
      "vertices" : [ 0, 1, 2 ]
    }, {
      "vertices" : [ 0, 2, 1 ]
    } ]
  }, {
    "id" : "4226620c-b0c8-4c79-8605-47f30c377095",
    "vertices" : [ {
      "x" : 12.708204,
      "y" : 12.708204,
      "z" : 12.708204
    }, {
      "x" : 0.0,
      "y" : 0.0,
      "z" : 19.062305
    }, {
      "x" : -12.708204,
      "y" : 12.708204,
      "z" : 12.708204
    } ],
    "faces" : [ {
      "vertices" : [ 0, 1, 2 ]
    }, {
      "vertices" : [ 0, 2, 1 ]
    } ]
  }, {
    "id" : "46561a9f-1f5f-452d-8b98-2bd944371fb8",
    "vertices" : [ {
      "x" : 12.708204,
      "y" : 12.708204,
      "z" : -12.708204
    }, {
      "x" : 0.0,
      "y" : 19.062305,
      "z" : 0.0
    }, {
      "x" : -12.708204,
      "y" : 12.708204,
      "z" : -12.708204
    } ],
    "faces" : [ {
      "vertices" : [ 0, 1, 2 ]
    }, {
      "vertices" : [ 0, 2, 1 ]
    } ]
  }, {
    "id" : "47e529f7-cb74-4414-ba8f-3414af19ce84",
    "vertices" : [ {
      "x" : 12.708204,
      "y" : -12.708204,
      "z" : 12.708204
    }, {
      "x" : 0.0,
      "y" : -19.062305,
      "z" : 0.0
    }, {
      "x" : -12.708204,
      "y" : -12.708204,
      "z" : 12.708204
    } ],
    "faces" : [ {
      "vertices" : [ 0, 1, 2 ]
    }, {
      "vertices" : [ 0, 2, 1 ]
    } ]
  }, {
    "id" : "be5982d8-5985-4842-b523-aa4b56f51a42",
    "vertices" : [ {
      "x" : 3.8760679,
      "y" : 16.37094,
      "z" : 4.209401
    }, {
      "x" : 3.976068,
      "y" : 16.470938,
      "z" : 3.8094013
    }, {
      "x" : 0.36,
      "y" : 0.5733333,
      "z" : 0.026666667
    }, {
      "x" : 0.26,
      "y" : 0.47333333,
      "z" : 0.42666668
    }, {
      "x" : 4.276068,
      "y" : 16.237606,
      "z" : 3.9427347
    }, {
      "x" : 4.176068,
      "y" : 16.137606,
      "z" : 4.342735
    }, {
      "x" : -0.04,
      "y" : 0.70666665,
      "z" : 0.29333332
    }, {
      "x" : 0.06,
      "y" : 0.8066667,
      "z" : -0.10666667
    } ],
    "faces" : [ {
      "vertices" : [ 2, 3, 6 ]
    }, {
      "vertices" : [ 2, 6, 7 ]
    }, {
      "vertices" : [ 0, 5, 4 ]
    }, {
      "vertices" : [ 0, 4, 1 ]
    }, {
      "vertices" : [ 2, 4, 5 ]
    }, {
      "vertices" : [ 2, 5, 3 ]
    }, {
      "vertices" : [ 0, 6, 3 ]
    }, {
      "vertices" : [ 0, 3, 5 ]
    }, {
      "vertices" : [ 0, 1, 7 ]
    }, {
      "vertices" : [ 0, 7, 6 ]
    }, {
      "vertices" : [ 1, 4, 2 ]
    }, {
      "vertices" : [ 1, 2, 7 ]
    } ]
  }, {
    "id" : "8e158229-636a-4867-b773-4d349b0c1fd3",
    "vertices" : [ {
      "x" : -12.708204,
      "y" : 12.708204,
      "z" : 12.708204
    }, {
      "x" : 0.0,
      "y" : 19.062305,
      "z" : 0.0
    }, {
      "x" : 12.708204,
      "y" : 12.708204,
      "z" : 12.708204
    } ],
    "faces" : [ {
      "vertices" : [ 0, 1, 2 ]
    }, {
      "vertices" : [ 0, 2, 1 ]
    } ]
  }, {
    "id" : "765bda9c-7db4-4935-8089-a399e9955fa0",
    "vertices" : [ {
      "x" : -12.708204,
      "y" : 12.708204,
      "z" : -12.708204
    }, {
      "x" : -19.062305,
      "y" : 0.0,
      "z" : 0.0
    }, {
      "x" : -12.708204,
      "y" : -12.708204,
      "z" : -12.708204
    } ],
    "faces" : [ {
      "vertices" : [ 0, 1, 2 ]
    }, {
      "vertices" : [ 0, 2, 1 ]
    } ]
  }, {
    "id" : "11161e4d-e217-4648-b599-a054f17ab409",
    "vertices" : [ {
      "x" : -12.708204,
      "y" : 12.708204,
      "z" : 12.708204
    }, {
      "x" : -19.062305,
      "y" : 0.0,
      "z" : 0.0
    }, {
      "x" : -12.708204,
      "y" : 12.708204,
      "z" : -12.708204
    } ],
    "faces" : [ {
      "vertices" : [ 0, 1, 2 ]
    }, {
      "vertices" : [ 0, 2, 1 ]
    } ]
  }, {
    "id" : "bea35b35-0ea4-4ae5-871c-f559474b8195",
    "vertices" : [ {
      "x" : -12.708204,
      "y" : -12.708204,
      "z" : -12.708204
    }, {
      "x" : -19.062305,
      "y" : 0.0,
      "z" : 0.0
    }, {
      "x" : -12.708204,
      "y" : -12.708204,
      "z" : 12.708204
    } ],
    "faces" : [ {
      "vertices" : [ 0, 1, 2 ]
    }, {
      "vertices" : [ 0, 2, 1 ]
    } ]
  }, {
    "id" : "f1e9bde2-6dbe-43c9-9396-b86495fa4fab",
    "vertices" : [ {
      "x" : 12.708204,
      "y" : -12.708204,
      "z" : -12.708204
    }, {
      "x" : 19.062305,
      "y" : 0.0,
      "z" : 0.0
    }, {
      "x" : 12.708204,
      "y" : 12.708204,
      "z" : -12.708204
    } ],
    "faces" : [ {
      "vertices" : [ 0, 1, 2 ]
    }, {
      "vertices" : [ 0, 2, 1 ]
    } ]
  }, {
    "id" : "a4b51611-e319-4ae9-8664-92756dada7e8",
    "vertices" : [ {
      "x" : -12.708204,
      "y" : -12.708204,
      "z" : -12.708204
    }, {
      "x" : 0.0,
      "y" : -19.062305,
      "z" : 0.0
    }, {
      "x" : 12.708204,
      "y" : -12.708204,
      "z" : -12.708204
    } ],
    "faces" : [ {
      "vertices" : [ 0, 1, 2 ]
    }, {
      "vertices" : [ 0, 2, 1 ]
    } ]
  }, {
    "id" : "ffa6a49c-6f3d-4ab9-a4bc-cd61b22ce5d4",
    "vertices" : [ {
      "x" : 12.708204,
      "y" : -12.708204,
      "z" : -12.708204
    }, {
      "x" : 0.0,
      "y" : 0.0,
      "z" : -19.062305
    }, {
      "x" : -12.708204,
      "y" : -12.708204,
      "z" : -12.708204
    } ],
    "faces" : [ {
      "vertices" : [ 0, 1, 2 ]
    }, {
      "vertices" : [ 0, 2, 1 ]
    } ]
  }, {
    "id" : "53b50384-df5b-48b6-a37d-c4f8acebdf91",
    "vertices" : [ {
      "x" : 12.708204,
      "y" : 12.708204,
      "z" : -12.708204
    }, {
      "x" : 19.062305,
      "y" : 0.0,
      "z" : 0.0
    }, {
      "x" : 12.708204,
      "y" : 12.708204,
      "z" : 12.708204
    } ],
    "faces" : [ {
      "vertices" : [ 0, 1, 2 ]
    }, {
      "vertices" : [ 0, 2, 1 ]
    } ]
  }, {
    "id" : "a6b71480-a64c-4740-8be7-295b70b311f6",
    "vertices" : [ {
      "x" : 12.708204,
      "y" : -12.708204,
      "z" : 12.708204
    }, {
      "x" : 19.062305,
      "y" : 0.0,
      "z" : 0.0
    }, {
      "x" : 12.708204,
      "y" : -12.708204,
      "z" : -12.708204
    } ],
    "faces" : [ {
      "vertices" : [ 0, 1, 2 ]
    }, {
      "vertices" : [ 0, 2, 1 ]
    } ]
  }, {
    "id" : "8f7b9716-6450-44a1-a6b3-33b52dd5f2ad",
    "vertices" : [ {
      "x" : 12.708204,
      "y" : 12.708204,
      "z" : 12.708204
    }, {
      "x" : 19.062305,
      "y" : 0.0,
      "z" : 0.0
    }, {
      "x" : 12.708204,
      "y" : -12.708204,
      "z" : 12.708204
    } ],
    "faces" : [ {
      "vertices" : [ 0, 1, 2 ]
    }, {
      "vertices" : [ 0, 2, 1 ]
    } ]
  }, {
    "id" : "180f3e41-f8f2-450c-998f-e9516394cc15",
    "vertices" : [ {
      "x" : -12.708204,
      "y" : -12.708204,
      "z" : 12.708204
    }, {
      "x" : 0.0,
      "y" : 0.0,
      "z" : 19.062305
    }, {
      "x" : 12.708204,
      "y" : -12.708204,
      "z" : 12.708204
    } ],
    "faces" : [ {
      "vertices" : [ 0, 1, 2 ]
    }, {
      "vertices" : [ 0, 2, 1 ]
    } ]
  }, {
    "id" : "c71b1c82-1b69-44c7-bcd1-72e2a5666f00",
    "vertices" : [ {
      "x" : -12.708204,
      "y" : 12.708204,
      "z" : -12.708204
    }, {
      "x" : 0.0,
      "y" : 0.0,
      "z" : -19.062305
    }, {
      "x" : 12.708204,
      "y" : 12.708204,
      "z" : -12.708204
    } ],
    "faces" : [ {
      "vertices" : [ 0, 1, 2 ]
    }, {
      "vertices" : [ 0, 2, 1 ]
    } ]
  }, {
    "id" : "fe8a04d4-9d10-4f0a-8fc3-c8c1e2cdf82c",
    "vertices" : [ {
      "x" : -12.708204,
      "y" : 12.708204,
      "z" : 12.708204
    }, {
      "x" : 0.0,
      "y" : 0.0,
      "z" : 19.062305
    }, {
      "x" : -12.708204,
      "y" : -12.708204,
      "z" : 12.708204
    } ],
    "faces" : [ {
      "vertices" : [ 0, 1, 2 ]
    }, {
      "vertices" : [ 0, 2, 1 ]
    } ]
  }, {
    "id" : "f6dd3f15-0837-4171-ac15-28cfac6ac7ea",
    "vertices" : [ {
      "x" : 12.708204,
      "y" : -12.708204,
      "z" : 12.708204
    }, {
      "x" : 0.0,
      "y" : 0.0,
      "z" : 19.062305
    }, {
      "x" : 12.708204,
      "y" : 12.708204,
      "z" : 12.708204
    } ],
    "faces" : [ {
      "vertices" : [ 0, 1, 2 ]
    }, {
      "vertices" : [ 0, 2, 1 ]
    } ]
  }, {
    "id" : "252cd7fb-34d1-4726-a338-d222d5358b38",
    "vertices" : [ {
      "x" : 12.708204,
      "y" : -12.708204,
      "z" : -12.708204
    }, {
      "x" : 0.0,
      "y" : -19.062305,
      "z" : 0.0
    }, {
      "x" : 12.708204,
      "y" : -12.708204,
      "z" : 12.708204
    } ],
    "faces" : [ {
      "vertices" : [ 0, 1, 2 ]
    }, {
      "vertices" : [ 0, 2, 1 ]
    } ]
  }, {
    "id" : "349358ca-b22a-45ce-a3a1-19c04a0ae925",
    "vertices" : [ {
      "x" : -12.708204,
      "y" : -12.708204,
      "z" : 12.708204
    }, {
      "x" : -19.062305,
      "y" : 0.0,
      "z" : 0.0
    }, {
      "x" : -12.708204,
      "y" : 12.708204,
      "z" : 12.708204
    } ],
    "faces" : [ {
      "vertices" : [ 0, 1, 2 ]
    }, {
      "vertices" : [ 0, 2, 1 ]
    } ]
  }, {
    "id" : "c85f7ee7-7ac9-4bad-a784-02f48c1c4f5c",
    "vertices" : [ {
      "x" : 12.708204,
      "y" : 12.708204,
      "z" : -12.708204
    }, {
      "x" : 0.0,
      "y" : 0.0,
      "z" : -19.062305
    }, {
      "x" : 12.708204,
      "y" : -12.708204,
      "z" : -12.708204
    } ],
    "faces" : [ {
      "vertices" : [ 0, 1, 2 ]
    }, {
      "vertices" : [ 0, 2, 1 ]
    } ]
  }, {
    "id" : "0716685a-b5f0-4464-857c-631a19351608",
    "vertices" : [ {
      "x" : -12.708204,
      "y" : -12.708204,
      "z" : -12.708204
    }, {
      "x" : 0.0,
      "y" : 0.0,
      "z" : -19.062305
    }, {
      "x" : -12.708204,
      "y" : 12.708204,
      "z" : -12.708204
    } ],
    "faces" : [ {
      "vertices" : [ 0, 1, 2 ]
    }, {
      "vertices" : [ 0, 2, 1 ]
    } ]
  }, {
    "id" : "f32d6793-4e0e-43d1-a25e-287600c871e5",
    "vertices" : [ {
      "x" : 16.326239,
      "y" : 6.236068,
      "z" : -2.381966
    }, {
      "x" : 15.944272,
      "y" : 5.7811527,
      "z" : -2.190983
    }, {
      "x" : 15.781153,
      "y" : 6.045085,
      "z" : -2.618034
    }, {
      "x" : 15.708204,
      "y" : 6.309017,
      "z" : -2.427051
    }, {
      "x" : 0.85410196,
      "y" : 0.309017,
      "z" : 0.19098301
    }, {
      "x" : 0.690983,
      "y" : 0.572949,
      "z" : -0.23606798
    }, {
      "x" : 0.309017,
      "y" : 0.11803399,
      "z" : -0.045084972
    }, {
      "x" : 0.76393205,
      "y" : 0.309017,
      "z" : -0.42705098
    }, {
      "x" : 0.927051,
      "y" : 0.045084972,
      "z" : 0.0
    }, {
      "x" : 15.871323,
      "y" : 6.045085,
      "z" : -2.0
    }, {
      "x" : 16.635256,
      "y" : 6.354102,
      "z" : -2.427051
    } ],
    "faces" : [ {
      "vertices" : [ 2, 7, 5 ]
    }, {
      "vertices" : [ 2, 5, 3 ]
    }, {
      "vertices" : [ 1, 8, 7 ]
    }, {
      "vertices" : [ 1, 7, 2 ]
    }, {
      "vertices" : [ 4, 6, 8 ]
    }, {
      "vertices" : [ 5, 7, 6 ]
    }, {
      "vertices" : [ 0, 1, 2 ]
    }, {
      "vertices" : [ 0, 2, 3 ]
    }, {
      "vertices" : [ 6, 7, 8 ]
    }, {
      "vertices" : [ 3, 5, 4 ]
    }, {
      "vertices" : [ 3, 4, 9 ]
    }, {
      "vertices" : [ 1, 9, 4 ]
    }, {
      "vertices" : [ 1, 4, 8 ]
    }, {
      "vertices" : [ 0, 9, 1 ]
    }, {
      "vertices" : [ 0, 3, 9 ]
    }, {
      "vertices" : [ 4, 5, 6 ]
    } ]
  }, {
    "id" : "a477887f-7e40-41ee-bd07-500116415da6",
    "vertices" : [ {
      "x" : -12.708204,
      "y" : -12.708204,
      "z" : 12.708204
    }, {
      "x" : 0.0,
      "y" : -19.062305,
      "z" : 0.0
    }, {
      "x" : -12.708204,
      "y" : -12.708204,
      "z" : -12.708204
    } ],
    "faces" : [ {
      "vertices" : [ 0, 1, 2 ]
    }, {
      "vertices" : [ 0, 2, 1 ]
    } ]
  } ],
  "instances" : [ {
    "shape" : "735607e5-1db0-40c7-8c79-6500f3c99d73",
    "color" : "#FFFFFF",
    "position" : {
      "x" : -8.472136,
      "y" : 16.944271,
      "z" : 0.0
    }
  }, {
    "shape" : "f4d9359b-0e76-46ad-9bdf-92cb493629f4",
    "color" : "#999999",
    "position" : {
      "x" : 0.0,
      "y" : 0.0,
      "z" : 0.0
    }
  }, {
    "shape" : "452fae09-b4f5-47eb-858f-edb35e578108",
    "color" : "#008D36",
    "position" : {
      "x" : 0.0,
      "y" : -16.944271,
      "z" : 8.472136
    },
    "orientation" : 23
  }, {
    "shape" : "e138136c-fb12-4541-a0e0-0349efdf955b",
    "color" : "#FFFFFF",
    "position" : {
      "x" : 0.0,
      "y" : 0.0,
      "z" : -19.062305
    },
    "orientation" : 16
  }, {
    "shape" : "3680a4be-a4de-4cc7-9ed4-ff8270ebc8c8",
    "color" : "#007695",
    "position" : {
      "x" : -12.708204,
      "y" : -12.708204,
      "z" : 12.708204
    },
    "orientation" : 1
  }, {
    "shape" : "452fae09-b4f5-47eb-858f-edb35e578108",
    "color" : "#008D36",
    "position" : {
      "x" : -8.472136,
      "y" : 0.0,
      "z" : 16.944271
    },
    "orientation" : 21
  }, {
    "shape" : "735607e5-1db0-40c7-8c79-6500f3c99d73",
    "color" : "#FFFFFF",
    "position" : {
      "x" : -12.708204,
      "y" : 0.0,
      "z" : 12.708204
    }
  }, {
    "shape" : "e138136c-fb12-4541-a0e0-0349efdf955b",
    "color" : "#FFFFFF",
    "position" : {
      "x" : 0.0,
      "y" : 0.0,
      "z" : -19.062305
    },
    "orientation" : 46
  }, {
    "shape" : "452fae09-b4f5-47eb-858f-edb35e578108",
    "color" : "#008D36",
    "position" : {
      "x" : 8.472136,
      "y" : 16.944271,
      "z" : 0.0
    },
    "orientation" : 53
  }, {
    "shape" : "735607e5-1db0-40c7-8c79-6500f3c99d73",
    "color" : "#FFFFFF",
    "position" : {
      "x" : 0.0,
      "y" : 19.062305,
      "z" : 0.0
    }
  }, {
    "shape" : "6dfda961-223c-469f-a122-046cac028862",
    "color" : "#999999",
    "position" : {
      "x" : 0.0,
      "y" : 0.0,
      "z" : 0.0
    }
  }, {
    "shape" : "4226620c-b0c8-4c79-8605-47f30c377095",
    "color" : "#999999",
    "position" : {
      "x" : 0.0,
      "y" : 0.0,
      "z" : 0.0
    }
  }, {
    "shape" : "46561a9f-1f5f-452d-8b98-2bd944371fb8",
    "color" : "#FFFFFF",
    "position" : {
      "x" : 0.0,
      "y" : 0.0,
      "z" : 0.0
    }
  }, {
    "shape" : "735607e5-1db0-40c7-8c79-6500f3c99d73",
    "color" : "#FFFFFF",
    "position" : {
      "x" : 16.944271,
      "y" : 0.0,
      "z" : -8.472136
    }
  }, {
    "shape" : "735607e5-1db0-40c7-8c79-6500f3c99d73",
    "color" : "#FFFFFF",
    "position" : {
      "x" : 9.472136,
      "y" : 14.326238,
      "z" : 9.472136
    }
  }, {
    "shape" : "3680a4be-a4de-4cc7-9ed4-ff8270ebc8c8",
    "color" : "#007695",
    "position" : {
      "x" : -12.708204,
      "y" : -12.708204,
      "z" : 12.708204
    },
    "orientation" : 47
  }, {
    "shape" : "452fae09-b4f5-47eb-858f-edb35e578108",
    "color" : "#008D36",
    "position" : {
      "x" : 8.472136,
      "y" : 0.0,
      "z" : -16.944271
    },
    "orientation" : 51
  }, {
    "shape" : "452fae09-b4f5-47eb-858f-edb35e578108",
    "color" : "#008D36",
    "position" : {
      "x" : -16.944271,
      "y" : 0.0,
      "z" : 8.472136
    },
    "orientation" : 8
  }, {
    "shape" : "e138136c-fb12-4541-a0e0-0349efdf955b",
    "color" : "#FFFFFF",
    "position" : {
      "x" : 0.0,
      "y" : -19.062305,
      "z" : 0.0
    },
    "orientation" : 30
  }, {
    "shape" : "735607e5-1db0-40c7-8c79-6500f3c99d73",
    "color" : "#FFFFFF",
    "position" : {
      "x" : 0.0,
      "y" : 0.0,
      "z" : -19.062305
    }
  }, {
    "shape" : "735607e5-1db0-40c7-8c79-6500f3c99d73",
    "color" : "#FFFFFF",
    "position" : {
      "x" : 16.944271,
      "y" : -4.236068,
      "z" : 4.236068
    }
  }, {
    "shape" : "452fae09-b4f5-47eb-858f-edb35e578108",
    "color" : "#008D36",
    "position" : {
      "x" : 16.944271,
      "y" : 8.472136,
      "z" : 0.0
    },
    "orientation" : 22
  }, {
    "shape" : "47e529f7-cb74-4414-ba8f-3414af19ce84",
    "color" : "#FFFFFF",
    "position" : {
      "x" : 0.0,
      "y" : 0.0,
      "z" : 0.0
    }
  }, {
    "shape" : "452fae09-b4f5-47eb-858f-edb35e578108",
    "color" : "#008D36",
    "position" : {
      "x" : -8.472136,
      "y" : 0.0,
      "z" : 16.944271
    },
    "orientation" : 6
  }, {
    "shape" : "735607e5-1db0-40c7-8c79-6500f3c99d73",
    "color" : "#FFFFFF",
    "position" : {
      "x" : 4.236068,
      "y" : -4.236068,
      "z" : -16.944271
    }
  }, {
    "shape" : "452fae09-b4f5-47eb-858f-edb35e578108",
    "color" : "#008D36",
    "position" : {
      "x" : 0.0,
      "y" : 8.472136,
      "z" : -16.944271
    },
    "orientation" : 36
  }, {
    "shape" : "735607e5-1db0-40c7-8c79-6500f3c99d73",
    "color" : "#FFFFFF",
    "position" : {
      "x" : -8.472136,
      "y" : 0.0,
      "z" : 16.944271
    }
  }, {
    "shape" : "be5982d8-5985-4842-b523-aa4b56f51a42",
    "color" : "#FFFFFF",
    "position" : {
      "x" : 0.0,
      "y" : 0.0,
      "z" : 0.0
    },
    "orientation" : 0
  }, {
    "shape" : "452fae09-b4f5-47eb-858f-edb35e578108",
    "color" : "#008D36",
    "position" : {
      "x" : -8.472136,
      "y" : 16.944271,
      "z" : 0.0
    },
    "orientation" : 8
  }, {
    "shape" : "452fae09-b4f5-47eb-858f-edb35e578108",
    "color" : "#008D36",
    "position" : {
      "x" : -8.472136,
      "y" : 0.0,
      "z" : -16.944271
    },
    "orientation" : 21
  }, {
    "shape" : "452fae09-b4f5-47eb-858f-edb35e578108",
    "color" : "#008D36",
    "position" : {
      "x" : 16.944271,
      "y" : -8.472136,
      "z" : 0.0
    },
    "orientation" : 7
  }, {
    "shape" : "735607e5-1db0-40c7-8c79-6500f3c99d73",
    "color" : "#FFFFFF",
    "position" : {
      "x" : 12.708204,
      "y" : 0.0,
      "z" : 12.708204
    }
  }, {
    "shape" : "452fae09-b4f5-47eb-858f-edb35e578108",
    "color" : "#008D36",
    "position" : {
      "x" : 0.0,
      "y" : -16.944271,
      "z" : -8.472136
    },
    "orientation" : 38
  }, {
    "shape" : "8e158229-636a-4867-b773-4d349b0c1fd3",
    "color" : "#FFFFFF",
    "position" : {
      "x" : 0.0,
      "y" : 0.0,
      "z" : 0.0
    }
  }, {
    "shape" : "452fae09-b4f5-47eb-858f-edb35e578108",
    "color" : "#008D36",
    "position" : {
      "x" : 0.0,
      "y" : -8.472136,
      "z" : 16.944271
    },
    "orientation" : 22
  }, {
    "shape" : "452fae09-b4f5-47eb-858f-edb35e578108",
    "color" : "#008D36",
    "position" : {
      "x" : -16.944271,
      "y" : 0.0,
      "z" : -8.472136
    },
    "orientation" : 23
  }, {
    "shape" : "e138136c-fb12-4541-a0e0-0349efdf955b",
    "color" : "#FFFFFF",
    "position" : {
      "x" : -19.062305,
      "y" : 0.0,
      "z" : 0.0
    },
    "orientation" : 47
  }, {
    "shape" : "452fae09-b4f5-47eb-858f-edb35e578108",
    "color" : "#008D36",
    "position" : {
      "x" : 0.0,
      "y" : -8.472136,
      "z" : -16.944271
    },
    "orientation" : 37
  }, {
    "shape" : "735607e5-1db0-40c7-8c79-6500f3c99d73",
    "color" : "#FFFFFF",
    "position" : {
      "x" : 0.0,
      "y" : 12.708204,
      "z" : 12.708204
    }
  }, {
    "shape" : "735607e5-1db0-40c7-8c79-6500f3c99d73",
    "color" : "#FFFFFF",
    "position" : {
      "x" : 4.236068,
      "y" : 4.236068,
      "z" : -16.944271
    }
  }, {
    "shape" : "452fae09-b4f5-47eb-858f-edb35e578108",
    "color" : "#008D36",
    "position" : {
      "x" : 0.0,
      "y" : 8.472136,
      "z" : 16.944271
    },
    "orientation" : 21
  }, {
    "shape" : "735607e5-1db0-40c7-8c79-6500f3c99d73",
    "color" : "#FFFFFF",
    "position" : {
      "x" : -12.708204,
      "y" : -12.708204,
      "z" : 0.0
    }
  }, {
    "shape" : "735607e5-1db0-40c7-8c79-6500f3c99d73",
    "color" : "#FFFFFF",
    "position" : {
      "x" : -8.472136,
      "y" : -16.944271,
      "z" : 0.0
    }
  }, {
    "shape" : "735607e5-1db0-40c7-8c79-6500f3c99d73",
    "color" : "#FFFFFF",
    "position" : {
      "x" : 0.0,
      "y" : 12.708204,
      "z" : -12.708204
    }
  }, {
    "shape" : "e138136c-fb12-4541-a0e0-0349efdf955b",
    "color" : "#FFFFFF",
    "position" : {
      "x" : -12.708204,
      "y" : 12.708204,
      "z" : 12.708204
    },
    "orientation" : 17
  }, {
    "shape" : "e138136c-fb12-4541-a0e0-0349efdf955b",
    "color" : "#FFFFFF",
    "position" : {
      "x" : -19.062305,
      "y" : 0.0,
      "z" : 0.0
    },
    "orientation" : 32
  }, {
    "shape" : "3680a4be-a4de-4cc7-9ed4-ff8270ebc8c8",
    "color" : "#007695",
    "position" : {
      "x" : 12.708204,
      "y" : -12.708204,
      "z" : -12.708204
    },
    "orientation" : 45
  }, {
    "shape" : "735607e5-1db0-40c7-8c79-6500f3c99d73",
    "color" : "#FFFFFF",
    "position" : {
      "x" : 0.0,
      "y" : -16.944271,
      "z" : -8.472136
    }
  }, {
    "shape" : "e138136c-fb12-4541-a0e0-0349efdf955b",
    "color" : "#FFFFFF",
    "position" : {
      "x" : 0.0,
      "y" : 0.0,
      "z" : 19.062305
    },
    "orientation" : 31
  }, {
    "shape" : "452fae09-b4f5-47eb-858f-edb35e578108",
    "color" : "#008D36",
    "position" : {
      "x" : 0.0,
      "y" : -16.944271,
      "z" : -8.472136
    },
    "orientation" : 8
  }, {
    "shape" : "735607e5-1db0-40c7-8c79-6500f3c99d73",
    "color" : "#FFFFFF",
    "position" : {
      "x" : -16.944271,
      "y" : 4.236068,
      "z" : 4.236068
    }
  }, {
    "shape" : "e138136c-fb12-4541-a0e0-0349efdf955b",
    "color" : "#FFFFFF",
    "position" : {
      "x" : 0.0,
      "y" : 19.062305,
      "z" : 0.0
    },
    "orientation" : 45
  }, {
    "shape" : "3680a4be-a4de-4cc7-9ed4-ff8270ebc8c8",
    "color" : "#007695",
    "position" : {
      "x" : -12.708204,
      "y" : -12.708204,
      "z" : 12.708204
    },
    "orientation" : 0
  }, {
    "shape" : "765bda9c-7db4-4935-8089-a399e9955fa0",
    "color" : "#999999",
    "position" : {
      "x" : 0.0,
      "y" : 0.0,
      "z" : 0.0
    }
  }, {
    "shape" : "452fae09-b4f5-47eb-858f-edb35e578108",
    "color" : "#008D36",
    "position" : {
      "x" : 16.944271,
      "y" : 0.0,
      "z" : -8.472136
    },
    "orientation" : 53
  }, {
    "shape" : "e138136c-fb12-4541-a0e0-0349efdf955b",
    "color" : "#FFFFFF",
    "position" : {
      "x" : 12.708204,
      "y" : 12.708204,
      "z" : -12.708204
    },
    "orientation" : 30
  }, {
    "shape" : "735607e5-1db0-40c7-8c79-6500f3c99d73",
    "color" : "#FFFFFF",
    "position" : {
      "x" : -4.236068,
      "y" : -4.236068,
      "z" : -16.944271
    }
  }, {
    "shape" : "452fae09-b4f5-47eb-858f-edb35e578108",
    "color" : "#008D36",
    "position" : {
      "x" : -16.944271,
      "y" : 8.472136,
      "z" : 0.0
    },
    "orientation" : 22
  }, {
    "shape" : "735607e5-1db0-40c7-8c79-6500f3c99d73",
    "color" : "#FFFFFF",
    "position" : {
      "x" : 4.236068,
      "y" : 16.944271,
      "z" : 4.236068
    }
  }, {
    "shape" : "e138136c-fb12-4541-a0e0-0349efdf955b",
    "color" : "#FFFFFF",
    "position" : {
      "x" : -12.708204,
      "y" : 12.708204,
      "z" : 12.708204
    },
    "orientation" : 16
  }, {
    "shape" : "735607e5-1db0-40c7-8c79-6500f3c99d73",
    "color" : "#FFFFFF",
    "position" : {
      "x" : 4.236068,
      "y" : 16.944271,
      "z" : -4.236068
    }
  }, {
    "shape" : "735607e5-1db0-40c7-8c79-6500f3c99d73",
    "color" : "#FFFFFF",
    "position" : {
      "x" : -4.236068,
      "y" : 4.236068,
      "z" : 16.944271
    }
  }, {
    "shape" : "11161e4d-e217-4648-b599-a054f17ab409",
    "color" : "#FFFFFF",
    "position" : {
      "x" : 0.0,
      "y" : 0.0,
      "z" : 0.0
    }
  }, {
    "shape" : "452fae09-b4f5-47eb-858f-edb35e578108",
    "color" : "#008D36",
    "position" : {
      "x" : 0.0,
      "y" : 16.944271,
      "z" : 8.472136
    },
    "orientation" : 37
  }, {
    "shape" : "bea35b35-0ea4-4ae5-871c-f559474b8195",
    "color" : "#FFFFFF",
    "position" : {
      "x" : 0.0,
      "y" : 0.0,
      "z" : 0.0
    }
  }, {
    "shape" : "452fae09-b4f5-47eb-858f-edb35e578108",
    "color" : "#008D36",
    "position" : {
      "x" : -16.944271,
      "y" : 0.0,
      "z" : -8.472136
    },
    "orientation" : 37
  }, {
    "shape" : "452fae09-b4f5-47eb-858f-edb35e578108",
    "color" : "#008D36",
