{
  "polygons" : "true",
  "field" : "golden",
  "symmetry" : "icosahedral",
  "orientations" : [ [ 1.0, 0.0, 0.0, 0.0, 0.0, 1.0, 0.0, 0.0, 0.0, 0.0, 1.0, 0.0, 0.0, 0.0, 0.0, 1.0 ], [ 0.0, 0.0, 1.0, 0.0, 1.0, 0.0, 0.0, 0.0, 0.0, 1.0, 0.0, 0.0, 0.0, 0.0, 0.0, 1.0 ], [ 0.0, 1.0, 0.0, 0.0, 0.0, 0.0, 1.0, 0.0, 1.0, 0.0, 0.0, 0.0, 0.0, 0.0, 0.0, 1.0 ], [ 0.809017, 0.309017, 0.5, 0.0, 0.309017, 0.5, -0.809017, 0.0, -0.5, 0.809017, 0.309017, 0.0, 0.0, 0.0, 0.0, 1.0 ], [ -0.5, 0.809017, 0.309017, 0.0, 0.809017, 0.309017, 0.5, 0.0, 0.309017, 0.5, -0.809017, 0.0, 0.0, 0.0, 0.0, 1.0 ], [ 0.309017, 0.5, -0.809017, 0.0, -0.5, 0.809017, 0.309017, 0.0, 0.809017, 0.309017, 0.5, 0.0, 0.0, 0.0, 0.0, 1.0 ], [ 0.5, 0.809017, 0.309017, 0.0, 0.809017, -0.309017, -0.5, 0.0, -0.309017, 0.5, -0.809017, 0.0, 0.0, 0.0, 0.0, 1.0 ], [ -0.309017, 0.5, -0.809017, 0.0, 0.5, 0.809017, 0.309017, 0.0, 0.809017, -0.309017, -0.5, 0.0, 0.0, 0.0, 0.0, 1.0 ], [ 0.809017, -0.309017, -0.5, 0.0, -0.309017, 0.5, -0.809017, 0.0, 0.5, 0.809017, 0.309017, 0.0, 0.0, 0.0, 0.0, 1.0 ], [ 0.5, 0.809017, -0.309017, 0.0, 0.809017, -0.309017, 0.5, 0.0, 0.309017, -0.5, -0.809017, 0.0, 0.0, 0.0, 0.0, 1.0 ], [ 0.309017, -0.5, -0.809017, 0.0, 0.5, 0.809017, -0.309017, 0.0, 0.809017, -0.309017, 0.5, 0.0, 0.0, 0.0, 0.0, 1.0 ], [ 0.809017, -0.309017, 0.5, 0.0, 0.309017, -0.5, -0.809017, 0.0, 0.5, 0.809017, -0.309017, 0.0, 0.0, 0.0, 0.0, 1.0 ], [ 0.809017, 0.309017, -0.5, 0.0, 0.309017, 0.5, 0.809017, 0.0, 0.5, -0.809017, 0.309017, 0.0, 0.0, 0.0, 0.0, 1.0 ], [ 0.5, -0.809017, 0.309017, 0.0, 0.809017, 0.309017, -0.5, 0.0, 0.309017, 0.5, 0.809017, 0.0, 0.0, 0.0, 0.0, 1.0 ], [ 0.309017, 0.5, 0.809017, 0.0, 0.5, -0.809017, 0.309017, 0.0, 0.809017, 0.309017, -0.5, 0.0, 0.0, 0.0, 0.0, 1.0 ], [ 1.0, 0.0, 0.0, 0.0, 0.0, -1.0, 0.0, 0.0, 0.0, 0.0, -1.0, 0.0, 0.0, 0.0, 0.0, 1.0 ], [ 0.0, 0.0, 1.0, 0.0, -1.0, 0.0, 0.0, 0.0, 0.0, -1.0, 0.0, 0.0, 0.0, 0.0, 0.0, 1.0 ], [ 0.0, 1.0, 0.0, 0.0, 0.0, 0.0, -1.0, 0.0, -1.0, 0.0, 0.0, 0.0, 0.0, 0.0, 0.0, 1.0 ], [ 0.809017, 0.309017, 0.5, 0.0, -0.309017, -0.5, 0.809017, 0.0, 0.5, -0.809017, -0.309017, 0.0, 0.0, 0.0, 0.0, 1.0 ], [ -0.5, 0.809017, 0.309017, 0.0, -0.809017, -0.309017, -0.5, 0.0, -0.309017, -0.5, 0.809017, 0.0, 0.0, 0.0, 0.0, 1.0 ], [ 0.309017, 0.5, -0.809017, 0.0, 0.5, -0.809017, -0.309017, 0.0, -0.809017, -0.309017, -0.5, 0.0, 0.0, 0.0, 0.0, 1.0 ], [ 0.5, 0.809017, 0.309017, 0.0, -0.809017, 0.309017, 0.5, 0.0, 0.309017, -0.5, 0.809017, 0.0, 0.0, 0.0, 0.0, 1.0 ], [ -0.309017, 0.5, -0.809017, 0.0, -0.5, -0.809017, -0.309017, 0.0, -0.809017, 0.309017, 0.5, 0.0, 0.0, 0.0, 0.0, 1.0 ], [ 0.809017, -0.309017, -0.5, 0.0, 0.309017, -0.5, 0.809017, 0.0, -0.5, -0.809017, -0.309017, 0.0, 0.0, 0.0, 0.0, 1.0 ], [ 0.5, 0.809017, -0.309017, 0.0, -0.809017, 0.309017, -0.5, 0.0, -0.309017, 0.5, 0.809017, 0.0, 0.0, 0.0, 0.0, 1.0 ], [ 0.309017, -0.5, -0.809017, 0.0, -0.5, -0.809017, 0.309017, 0.0, -0.809017, 0.309017, -0.5, 0.0, 0.0, 0.0, 0.0, 1.0 ], [ 0.809017, -0.309017, 0.5, 0.0, -0.309017, 0.5, 0.809017, 0.0, -0.5, -0.809017, 0.309017, 0.0, 0.0, 0.0, 0.0, 1.0 ], [ 0.809017, 0.309017, -0.5, 0.0, -0.309017, -0.5, -0.809017, 0.0, -0.5, 0.809017, -0.309017, 0.0, 0.0, 0.0, 0.0, 1.0 ], [ 0.5, -0.809017, 0.309017, 0.0, -0.809017, -0.309017, 0.5, 0.0, -0.309017, -0.5, -0.809017, 0.0, 0.0, 0.0, 0.0, 1.0 ], [ 0.309017, 0.5, 0.809017, 0.0, -0.5, 0.809017, -0.309017, 0.0, -0.809017, -0.309017, 0.5, 0.0, 0.0, 0.0, 0.0, 1.0 ], [ -1.0, 0.0, 0.0, 0.0, 0.0, -1.0, 0.0, 0.0, 0.0, 0.0, 1.0, 0.0, 0.0, 0.0, 0.0, 1.0 ], [ 0.0, 0.0, -1.0, 0.0, -1.0, 0.0, 0.0, 0.0, 0.0, 1.0, 0.0, 0.0, 0.0, 0.0, 0.0, 1.0 ], [ 0.0, -1.0, 0.0, 0.0, 0.0, 0.0, -1.0, 0.0, 1.0, 0.0, 0.0, 0.0, 0.0, 0.0, 0.0, 1.0 ], [ -0.809017, -0.309017, -0.5, 0.0, -0.309017, -0.5, 0.809017, 0.0, -0.5, 0.809017, 0.309017, 0.0, 0.0, 0.0, 0.0, 1.0 ], [ 0.5, -0.809017, -0.309017, 0.0, -0.809017, -0.309017, -0.5, 0.0, 0.309017, 0.5, -0.809017, 0.0, 0.0, 0.0, 0.0, 1.0 ], [ -0.309017, -0.5, 0.809017, 0.0, 0.5, -0.809017, -0.309017, 0.0, 0.809017, 0.309017, 0.5, 0.0, 0.0, 0.0, 0.0, 1.0 ], [ -0.5, -0.809017, -0.309017, 0.0, -0.809017, 0.309017, 0.5, 0.0, -0.309017, 0.5, -0.809017, 0.0, 0.0, 0.0, 0.0, 1.0 ], [ 0.309017, -0.5, 0.809017, 0.0, -0.5, -0.809017, -0.309017, 0.0, 0.809017, -0.309017, -0.5, 0.0, 0.0, 0.0, 0.0, 1.0 ], [ -0.809017, 0.309017, 0.5, 0.0, 0.309017, -0.5, 0.809017, 0.0, 0.5, 0.809017, 0.309017, 0.0, 0.0, 0.0, 0.0, 1.0 ], [ -0.5, -0.809017, 0.309017, 0.0, -0.809017, 0.309017, -0.5, 0.0, 0.309017, -0.5, -0.809017, 0.0, 0.0, 0.0, 0.0, 1.0 ], [ -0.309017, 0.5, 0.809017, 0.0, -0.5, -0.809017, 0.309017, 0.0, 0.809017, -0.309017, 0.5, 0.0, 0.0, 0.0, 0.0, 1.0 ], [ -0.809017, 0.309017, -0.5, 0.0, -0.309017, 0.5, 0.809017, 0.0, 0.5, 0.809017, -0.309017, 0.0, 0.0, 0.0, 0.0, 1.0 ], [ -0.809017, -0.309017, 0.5, 0.0, -0.309017, -0.5, -0.809017, 0.0, 0.5, -0.809017, 0.309017, 0.0, 0.0, 0.0, 0.0, 1.0 ], [ -0.5, 0.809017, -0.309017, 0.0, -0.809017, -0.309017, 0.5, 0.0, 0.309017, 0.5, 0.809017, 0.0, 0.0, 0.0, 0.0, 1.0 ], [ -0.309017, -0.5, -0.809017, 0.0, -0.5, 0.809017, -0.309017, 0.0, 0.809017, 0.309017, -0.5, 0.0, 0.0, 0.0, 0.0, 1.0 ], [ -1.0, 0.0, 0.0, 0.0, 0.0, 1.0, 0.0, 0.0, 0.0, 0.0, -1.0, 0.0, 0.0, 0.0, 0.0, 1.0 ], [ 0.0, 0.0, -1.0, 0.0, 1.0, 0.0, 0.0, 0.0, 0.0, -1.0, 0.0, 0.0, 0.0, 0.0, 0.0, 1.0 ], [ 0.0, -1.0, 0.0, 0.0, 0.0, 0.0, 1.0, 0.0, -1.0, 0.0, 0.0, 0.0, 0.0, 0.0, 0.0, 1.0 ], [ -0.809017, -0.309017, -0.5, 0.0, 0.309017, 0.5, -0.809017, 0.0, 0.5, -0.809017, -0.309017, 0.0, 0.0, 0.0, 0.0, 1.0 ], [ 0.5, -0.809017, -0.309017, 0.0, 0.809017, 0.309017, 0.5, 0.0, -0.309017, -0.5, 0.809017, 0.0, 0.0, 0.0, 0.0, 1.0 ], [ -0.309017, -0.5, 0.809017, 0.0, -0.5, 0.809017, 0.309017, 0.0, -0.809017, -0.309017, -0.5, 0.0, 0.0, 0.0, 0.0, 1.0 ], [ -0.5, -0.809017, -0.309017, 0.0, 0.809017, -0.309017, -0.5, 0.0, 0.309017, -0.5, 0.809017, 0.0, 0.0, 0.0, 0.0, 1.0 ], [ 0.309017, -0.5, 0.809017, 0.0, 0.5, 0.809017, 0.309017, 0.0, -0.809017, 0.309017, 0.5, 0.0, 0.0, 0.0, 0.0, 1.0 ], [ -0.809017, 0.309017, 0.5, 0.0, -0.309017, 0.5, -0.809017, 0.0, -0.5, -0.809017, -0.309017, 0.0, 0.0, 0.0, 0.0, 1.0 ], [ -0.5, -0.809017, 0.309017, 0.0, 0.809017, -0.309017, 0.5, 0.0, -0.309017, 0.5, 0.809017, 0.0, 0.0, 0.0, 0.0, 1.0 ], [ -0.309017, 0.5, 0.809017, 0.0, 0.5, 0.809017, -0.309017, 0.0, -0.809017, 0.309017, -0.5, 0.0, 0.0, 0.0, 0.0, 1.0 ], [ -0.809017, 0.309017, -0.5, 0.0, 0.309017, -0.5, -0.809017, 0.0, -0.5, -0.809017, 0.309017, 0.0, 0.0, 0.0, 0.0, 1.0 ], [ -0.809017, -0.309017, 0.5, 0.0, 0.309017, 0.5, 0.809017, 0.0, -0.5, 0.809017, -0.309017, 0.0, 0.0, 0.0, 0.0, 1.0 ], [ -0.5, 0.809017, -0.309017, 0.0, 0.809017, 0.309017, -0.5, 0.0, -0.309017, -0.5, -0.809017, 0.0, 0.0, 0.0, 0.0, 1.0 ], [ -0.309017, -0.5, -0.809017, 0.0, 0.5, -0.809017, 0.309017, 0.0, -0.809017, -0.309017, 0.5, 0.0, 0.0, 0.0, 0.0, 1.0 ] ],
  "lights" : {
    "ambientColor" : "#292929",
    "backgroundColor" : "#FFFFFF",
    "directionalLights" : [ {
      "direction" : [ 1.0, -1.0, -1.0 ],
      "color" : "#EBEBE4"
    }, {
      "direction" : [ -1.0, 0.0, 0.0 ],
      "color" : "#E4E4EB"
    }, {
      "direction" : [ 0.0, 0.0, -1.0 ],
      "color" : "#1E1E1E"
    } ]
  },
  "camera" : {
    "stereo" : false,
    "width" : 31.512096,
    "lookDirection" : {
      "x" : 0.0016043326,
      "y" : -0.09988061,
      "z" : -0.9949901
    },
    "upDirection" : {
      "x" : 0.015078828,
      "y" : 0.99487877,
      "z" : -0.09984826
    },
    "lookAtPoint" : {
      "x" : 0.0,
      "y" : 0.0,
      "z" : 0.0
    },
    "viewDistance" : 70.0269,
    "nearClipDistance" : 0.17506738,
    "farClipDistance" : 140.05348,
    "fieldOfView" : 0.44262877,
    "perspective" : true,
    "position" : {
      "x" : -0.11234644,
      "y" : 6.99433,
      "z" : 69.67607
    }
  },
  "embedding" : [ 1.0, 0.0, 0.0, 0.0, 0.0, 1.0, 0.0, 0.0, 0.0, 0.0, 1.0, 0.0, 0.0, 0.0, 0.0, 1.0 ],
  "shapes" : [ {
    "id" : "91148fce-63d8-4ca3-b7f5-fa0603517aba",
    "vertices" : [ {
      "x" : 0.0,
      "y" : 0.0,
      "z" : 0.0
    }, {
      "x" : -1.618034,
      "y" : 2.618034,
      "z" : 4.236068
    }, {
      "x" : 0.0,
      "y" : 0.0,
      "z" : 8.472136
    }, {
      "x" : 2.618034,
      "y" : -4.236068,
      "z" : 6.854102
    }, {
      "x" : 2.618034,
      "y" : -4.236068,
      "z" : 1.618034
    } ],
    "faces" : [ {
      "vertices" : [ 0, 1, 2, 3, 4 ]
    }, {
      "vertices" : [ 0, 4, 3, 2, 1 ]
    } ]
  }, {
    "id" : "ccc6b09d-d967-4166-8c25-df4917033523",
    "vertices" : [ {
      "x" : 0.0,
      "y" : 0.0,
      "z" : 0.0
    }, {
      "x" : 0.0,
      "y" : 0.0,
      "z" : -5.236068
    }, {
      "x" : -2.618034,
      "y" : 4.236068,
      "z" : -6.854102
    }, {
      "x" : -4.236068,
      "y" : 6.854102,
      "z" : -2.618034
    }, {
      "x" : -2.618034,
      "y" : 4.236068,
      "z" : 1.618034
    } ],
    "faces" : [ {
      "vertices" : [ 0, 1, 2, 3, 4 ]
    }, {
      "vertices" : [ 0, 4, 3, 2, 1 ]
    } ]
  }, {
    "id" : "275662eb-24b1-42d7-a118-17a026f086cd",
    "vertices" : [ {
      "x" : 0.0,
      "y" : 0.0,
      "z" : 0.0
    }, {
      "x" : 1.618034,
      "y" : -2.618034,
      "z" : 4.236068
    }, {
      "x" : 4.236068,
      "y" : -6.854102,
      "z" : 2.618034
    }, {
      "x" : 4.236068,
      "y" : -6.854102,
      "z" : -2.618034
    }, {
      "x" : 1.618034,
      "y" : -2.618034,
      "z" : -4.236068
    } ],
    "faces" : [ {
      "vertices" : [ 0, 1, 2, 3, 4 ]
    }, {
      "vertices" : [ 0, 4, 3, 2, 1 ]
    } ]
  }, {
    "id" : "d5e931d5-0098-4e15-b420-ab14674129bd",
    "vertices" : [ {
      "x" : 0.0,
      "y" : 0.0,
      "z" : 0.0
    }, {
      "x" : 2.618034,
      "y" : -4.236068,
      "z" : -1.618034
    }, {
      "x" : 2.618034,
      "y" : -4.236068,
      "z" : -6.854102
    }, {
      "x" : 0.0,
      "y" : 0.0,
      "z" : -8.472136
    }, {
      "x" : -1.618034,
      "y" : 2.618034,
      "z" : -4.236068
    } ],
    "faces" : [ {
      "vertices" : [ 0, 1, 2, 3, 4 ]
    }, {
      "vertices" : [ 0, 4, 3, 2, 1 ]
    } ]
  }, {
    "id" : "1d812e99-f45d-4b45-b5b8-b1e23b21ced6",
    "vertices" : [ {
      "x" : 0.0,
      "y" : 0.0,
      "z" : 0.0
    }, {
      "x" : -2.618034,
      "y" : 4.236068,
      "z" : -1.618034
    }, {
      "x" : -4.236068,
      "y" : 6.854102,
      "z" : 2.618034
    }, {
      "x" : -2.618034,
      "y" : 4.236068,
      "z" : 6.854102
    }, {
      "x" : 0.0,
      "y" : 0.0,
      "z" : 5.236068
    } ],
    "faces" : [ {
      "vertices" : [ 0, 1, 2, 3, 4 ]
    }, {
      "vertices" : [ 0, 4, 3, 2, 1 ]
    } ]
  }, {
    "id" : "24462312-47ee-42e5-a414-83e049496034",
    "name" : "ball",
    "vertices" : [ {
      "x" : 0.309017,
      "y" : -0.309017,
      "z" : -0.309017
    }, {
      "x" : 0.5,
      "y" : 0.0,
      "z" : -0.19098301
    }, {
      "x" : 0.5,
      "y" : 0.0,
      "z" : 0.19098301
    }, {
      "x" : 0.309017,
      "y" : -0.309017,
      "z" : 0.309017
    }, {
      "x" : 0.19098301,
      "y" : -0.5,
      "z" : 0.0
    }, {
      "x" : 0.0,
      "y" : 0.19098301,
      "z" : 0.5
    }, {
      "x" : 0.0,
      "y" : -0.19098301,
      "z" : 0.5
    }, {
      "x" : 0.309017,
      "y" : 0.309017,
      "z" : 0.309017
    }, {
      "x" : -0.309017,
      "y" : -0.309017,
      "z" : 0.309017
    }, {
      "x" : -0.309017,
      "y" : 0.309017,
      "z" : 0.309017
    }, {
      "x" : -0.5,
      "y" : 0.0,
      "z" : 0.19098301
    }, {
      "x" : 0.0,
      "y" : -0.19098301,
      "z" : -0.5
    }, {
      "x" : 0.0,
      "y" : 0.19098301,
      "z" : -0.5
    }, {
      "x" : 0.309017,
      "y" : 0.309017,
      "z" : -0.309017
    }, {
      "x" : -0.309017,
      "y" : -0.309017,
      "z" : -0.309017
    }, {
      "x" : -0.19098301,
      "y" : -0.5,
      "z" : 0.0
    }, {
      "x" : -0.5,
      "y" : 0.0,
      "z" : -0.19098301
    }, {
      "x" : 0.19098301,
      "y" : 0.5,
      "z" : 0.0
    }, {
      "x" : -0.309017,
      "y" : 0.309017,
      "z" : -0.309017
    }, {
      "x" : 0.0,
      "y" : 0.0,
      "z" : 0.0
    }, {
      "x" : -0.19098301,
      "y" : 0.5,
      "z" : 0.0
    } ],
    "faces" : [ {
      "vertices" : [ 12, 18, 20, 17, 13 ]
    }, {
      "vertices" : [ 3, 6, 8, 15, 4 ]
    }, {
      "vertices" : [ 0, 11, 12, 13, 1 ]
    }, {
      "vertices" : [ 5, 9, 10, 8, 6 ]
    }, {
      "vertices" : [ 2, 7, 5, 6, 3 ]
    }, {
      "vertices" : [ 11, 14, 16, 18, 12 ]
    }, {
      "vertices" : [ 1, 13, 17, 7, 2 ]
    }, {
      "vertices" : [ 9, 20, 18, 16, 10 ]
    }, {
      "vertices" : [ 0, 1, 2, 3, 4 ]
    }, {
      "vertices" : [ 5, 7, 17, 20, 9 ]
    }, {
      "vertices" : [ 0, 4, 15, 14, 11 ]
    }, {
      "vertices" : [ 8, 10, 16, 14, 15 ]
    } ]
  }, {
    "id" : "f3559f36-e6b6-4fa5-92b5-8c6f29815de5",
    "orbit" : "blue",
    "name" : "b0",
    "vertices" : [ {
      "x" : 1.0,
      "y" : 0.309017,
      "z" : 0.19098301
    }, {
      "x" : 1.0,
      "y" : -0.309017,
      "z" : 0.19098301
    }, {
      "x" : 4.236068,
      "y" : -0.309017,
      "z" : 0.19098301
    }, {
      "x" : 4.236068,
      "y" : 0.309017,
      "z" : 0.19098301
    }, {
      "x" : 4.236068,
      "y" : -0.309017,
      "z" : -0.19098301
    }, {
      "x" : 4.236068,
      "y" : 0.309017,
      "z" : -0.19098301
    }, {
      "x" : 4.854102,
      "y" : 0.0,
      "z" : 0.0
    }, {
      "x" : 0.38196602,
      "y" : 0.0,
      "z" : 0.0
    }, {
      "x" : 1.0,
      "y" : 0.309017,
      "z" : -0.19098301
    }, {
      "x" : 1.0,
      "y" : -0.309017,
      "z" : -0.19098301
    }, {
      "x" : 5.236068,
      "y" : 0.0,
      "z" : 0.0
    } ],
    "faces" : [ {
      "vertices" : [ 1, 9, 4, 2 ]
    }, {
      "vertices" : [ 0, 3, 5, 8 ]
    }, {
      "vertices" : [ 1, 7, 9 ]
    }, {
      "vertices" : [ 0, 1, 2, 3 ]
    }, {
      "vertices" : [ 7, 8, 9 ]
    }, {
      "vertices" : [ 0, 7, 1 ]
    }, {
      "vertices" : [ 4, 9, 8, 5 ]
    }, {
      "vertices" : [ 2, 6, 3 ]
    }, {
      "vertices" : [ 2, 4, 6 ]
    }, {
      "vertices" : [ 3, 6, 5 ]
    }, {
      "vertices" : [ 4, 5, 6 ]
    }, {
      "vertices" : [ 0, 8, 7 ]
    } ]
  } ],
  "instances" : [ {
    "shape" : "91148fce-63d8-4ca3-b7f5-fa0603517aba",
    "color" : "#D77F7F",
    "position" : {
      "x" : -29.034441,
      "y" : -16.326239,
      "z" : -4.236068
    },
    "orientation" : 17
  }, {
    "shape" : "91148fce-63d8-4ca3-b7f5-fa0603517aba",
    "color" : "#D77F7F",
    "position" : {
      "x" : 11.09017,
      "y" : 26.416409,
      "z" : 20.562305
    },
    "orientation" : 17
  }, {
    "shape" : "ccc6b09d-d967-4166-8c25-df4917033523",
    "color" : "#D77F7F",
    "position" : {
      "x" : 0.0,
      "y" : 0.0,
      "z" : 13.708204
    },
    "orientation" : 0
  }, {
    "shape" : "275662eb-24b1-42d7-a118-17a026f086cd",
    "color" : "#D77F7F",
    "position" : {
      "x" : 2.618034,
      "y" : -26.416409,
      "z" : -20.562305
    },
    "orientation" : 0
  }, {
    "shape" : "275662eb-24b1-42d7-a118-17a026f086cd",
    "color" : "#D77F7F",
    "position" : {
      "x" : -11.09017,
      "y" : 17.944271,
      "z" : 29.034441
    },
    "orientation" : 0
  }, {
    "shape" : "275662eb-24b1-42d7-a118-17a026f086cd",
    "color" : "#D77F7F",
    "position" : {
      "x" : 20.562305,
      "y" : 11.09017,
      "z" : 26.416409
    },
    "orientation" : 17
  }, {
    "shape" : "91148fce-63d8-4ca3-b7f5-fa0603517aba",
    "color" : "#D77F7F",
    "position" : {
      "x" : 4.236068,
      "y" : -6.854102,
      "z" : -33.27051
    },
    "orientation" : 0
  }, {
    "shape" : "d5e931d5-0098-4e15-b420-ab14674129bd",
    "color" : "#D77F7F",
    "position" : {
      "x" : 6.854102,
      "y" : 33.27051,
      "z" : -17.944271
    },
    "orientation" : 45
  }, {
    "shape" : "d5e931d5-0098-4e15-b420-ab14674129bd",
    "color" : "#D77F7F",
    "position" : {
      "x" : -33.27051,
      "y" : 17.944271,
      "z" : 6.854102
    },
    "orientation" : 47
  }, {
    "shape" : "275662eb-24b1-42d7-a118-17a026f086cd",
    "color" : "#D77F7F",
    "position" : {
      "x" : 4.236068,
      "y" : 29.034441,
      "z" : -16.326239
    },
    "orientation" : 47
  }, {
    "shape" : "91148fce-63d8-4ca3-b7f5-fa0603517aba",
    "color" : "#D77F7F",
    "position" : {
      "x" : 9.472136,
      "y" : 6.854102,
      "z" : -33.27051
    },
    "orientation" : 30
  }, {
    "shape" : "91148fce-63d8-4ca3-b7f5-fa0603517aba",
    "color" : "#D77F7F",
    "position" : {
      "x" : 4.236068,
      "y" : 6.854102,
      "z" : 33.27051
    },
    "orientation" : 31
  }, {
    "shape" : "d5e931d5-0098-4e15-b420-ab14674129bd",
    "color" : "#D77F7F",
    "position" : {
      "x" : -22.18034,
      "y" : -13.708204,
      "z" : -22.18034
    },
    "orientation" : 45
  }, {
    "shape" : "275662eb-24b1-42d7-a118-17a026f086cd",
    "color" : "#D77F7F",
    "position" : {
      "x" : -2.618034,
      "y" : 4.236068,
      "z" : -6.854102
    },
    "orientation" : 30
  }, {
    "shape" : "ccc6b09d-d967-4166-8c25-df4917033523",
    "color" : "#D77F7F",
    "position" : {
      "x" : 27.416409,
      "y" : 0.0,
      "z" : 22.18034
    },
    "orientation" : 16
  }, {
    "shape" : "ccc6b09d-d967-4166-8c25-df4917033523",
    "color" : "#D77F7F",
    "position" : {
      "x" : 13.708204,
      "y" : 0.0,
      "z" : 30.652475
    },
    "orientation" : 15
  }, {
    "shape" : "ccc6b09d-d967-4166-8c25-df4917033523",
    "color" : "#D77F7F",
    "position" : {
      "x" : -35.888542,
      "y" : 13.708204,
      "z" : 0.0
    },
    "orientation" : 46
  }, {
    "shape" : "1d812e99-f45d-4b45-b5b8-b1e23b21ced6",
    "color" : "#D77F7F",
    "position" : {
      "x" : 29.034441,
      "y" : -16.326239,
      "z" : -4.236068
    },
    "orientation" : 2
  }, {
    "shape" : "ccc6b09d-d967-4166-8c25-df4917033523",
    "color" : "#D77F7F",
    "position" : {
      "x" : -30.652475,
      "y" : -13.708204,
      "z" : 0.0
    },
    "orientation" : 16
  }, {
    "shape" : "91148fce-63d8-4ca3-b7f5-fa0603517aba",
    "color" : "#D77F7F",
    "position" : {
      "x" : -17.944271,
      "y" : -6.854102,
      "z" : 33.27051
    },
    "orientation" : 45
  }, {
    "shape" : "1d812e99-f45d-4b45-b5b8-b1e23b21ced6",
    "color" : "#D77F7F",
    "position" : {
      "x" : 31.652475,
      "y" : 6.854102,
      "z" : 11.09017
    },
    "orientation" : 31
  }, {
    "shape" : "d5e931d5-0098-4e15-b420-ab14674129bd",
    "color" : "#D77F7F",
    "position" : {
      "x" : -20.562305,
      "y" : 2.618034,
      "z" : -26.416409
    },
    "orientation" : 17
  }, {
    "shape" : "91148fce-63d8-4ca3-b7f5-fa0603517aba",
    "color" : "#D77F7F",
    "position" : {
      "x" : -26.416409,
      "y" : 20.562305,
      "z" : 2.618034
    },
    "orientation" : 47
  }, {
    "shape" : "1d812e99-f45d-4b45-b5b8-b1e23b21ced6",
    "color" : "#D77F7F",
    "position" : {
      "x" : -9.472136,
      "y" : -6.854102,
      "z" : 33.27051
    },
    "orientation" : 16
  }, {
    "shape" : "d5e931d5-0098-4e15-b420-ab14674129bd",
    "color" : "#D77F7F",
    "position" : {
      "x" : -9.472136,
      "y" : -6.854102,
      "z" : 33.27051
    },
    "orientation" : 0
  }, {
    "shape" : "ccc6b09d-d967-4166-8c25-df4917033523",
    "color" : "#D77F7F",
    "position" : {
      "x" : -29.034441,
      "y" : 11.09017,
      "z" : -17.944271
    },
    "orientation" : 17
  }, {
    "shape" : "1d812e99-f45d-4b45-b5b8-b1e23b21ced6",
    "color" : "#D77F7F",
    "position" : {
      "x" : -35.888542,
      "y" : 0.0,
      "z" : 0.0
    },
    "orientation" : 1
  }, {
    "shape" : "275662eb-24b1-42d7-a118-17a026f086cd",
    "color" : "#D77F7F",
    "position" : {
      "x" : 24.798374,
      "y" : 4.236068,
      "z" : 29.034441
    },
    "orientation" : 31
  }, {
    "shape" : "1d812e99-f45d-4b45-b5b8-b1e23b21ced6",
    "color" : "#D77F7F",
    "position" : {
      "x" : -2.618034,
      "y" : -17.944271,
      "z" : 29.034441
    },
    "orientation" : 16
  }, {
    "shape" : "ccc6b09d-d967-4166-8c25-df4917033523",
    "color" : "#D77F7F",
    "position" : {
      "x" : 0.0,
      "y" : 35.888542,
      "z" : 13.708204
    },
    "orientation" : 2
  }, {
    "shape" : "1d812e99-f45d-4b45-b5b8-b1e23b21ced6",
    "color" : "#D77F7F",
    "position" : {
      "x" : 0.0,
      "y" : -30.652475,
      "z" : -13.708204
    },
    "orientation" : 32
  }, {
    "shape" : "275662eb-24b1-42d7-a118-17a026f086cd",
    "color" : "#D77F7F",
    "position" : {
      "x" : -4.236068,
      "y" : -29.034441,
      "z" : 24.798374
    },
    "orientation" : 15
  }, {
    "shape" : "275662eb-24b1-42d7-a118-17a026f086cd",
    "color" : "#D77F7F",
    "position" : {
      "x" : -29.034441,
      "y" : -2.618034,
      "z" : 17.944271
    },
    "orientation" : 31
  }, {
    "shape" : "d5e931d5-0098-4e15-b420-ab14674129bd",
    "color" : "#D77F7F",
    "position" : {
      "x" : -13.708204,
      "y" : -22.18034,
      "z" : -22.18034
    },
    "orientation" : 17
  }, {
    "shape" : "91148fce-63d8-4ca3-b7f5-fa0603517aba",
    "color" : "#D77F7F",
    "position" : {
      "x" : 17.944271,
      "y" : -29.034441,
      "z" : 2.618034
    },
    "orientation" : 30
  }, {
    "shape" : "91148fce-63d8-4ca3-b7f5-fa0603517aba",
    "color" : "#D77F7F",
    "position" : {
      "x" : -20.562305,
      "y" : -11.09017,
      "z" : 26.416409
    },
    "orientation" : 15
  }, {
    "shape" : "91148fce-63d8-4ca3-b7f5-fa0603517aba",
    "color" : "#D77F7F",
    "position" : {
      "x" : -6.854102,
      "y" : -33.27051,
      "z" : 4.236068
    },
    "orientation" : 2
  }, {
    "shape" : "275662eb-24b1-42d7-a118-17a026f086cd",
    "color" : "#D77F7F",
    "position" : {
      "x" : -17.944271,
      "y" : -15.326238,
      "z" : 24.798374
    },
    "orientation" : 1
  }, {
    "shape" : "ccc6b09d-d967-4166-8c25-df4917033523",
    "color" : "#D77F7F",
    "position" : {
      "x" : 13.708204,
      "y" : 0.0,
      "z" : 35.888542
    },
    "orientation" : 0
  }, {
    "shape" : "ccc6b09d-d967-4166-8c25-df4917033523",
    "color" : "#D77F7F",
    "position" : {
      "x" : 27.416409,
      "y" : 0.0,
      "z" : -22.18034
    },
    "orientation" : 1
  }, {
    "shape" : "1d812e99-f45d-4b45-b5b8-b1e23b21ced6",
    "color" : "#D77F7F",
    "position" : {
      "x" : -6.854102,
      "y" : 11.09017,
      "z" : -31.652475
    },
    "orientation" : 0
  }, {
    "shape" : "275662eb-24b1-42d7-a118-17a026f086cd",
    "color" : "#D77F7F",
    "position" : {
      "x" : -11.09017,
      "y" : -26.416409,
      "z" : -20.562305
    },
    "orientation" : 46
  }, {
    "shape" : "275662eb-24b1-42d7-a118-17a026f086cd",
    "color" : "#D77F7F",
    "position" : {
      "x" : 29.034441,
      "y" : 16.326239,
      "z" : -4.236068
    },
    "orientation" : 1
  }, {
    "shape" : "91148fce-63d8-4ca3-b7f5-fa0603517aba",
    "color" : "#D77F7F",
    "position" : {
      "x" : 33.27051,
      "y" : 4.236068,
      "z" : 6.854102
    },
    "orientation" : 17
  }, {
    "shape" : "ccc6b09d-d967-4166-8c25-df4917033523",
    "color" : "#D77F7F",
    "position" : {
      "x" : 33.27051,
      "y" : 9.472136,
      "z" : -6.854102
    },
    "orientation" : 47
  }, {
    "shape" : "91148fce-63d8-4ca3-b7f5-fa0603517aba",
    "color" : "#D77F7F",
    "position" : {
      "x" : 29.034441,
      "y" : -2.618034,
      "z" : 17.944271
    },
    "orientation" : 17
  }, {
    "shape" : "1d812e99-f45d-4b45-b5b8-b1e23b21ced6",
    "color" : "#D77F7F",
    "position" : {
      "x" : -11.09017,
      "y" : 4.236068,
      "z" : 6.854102
    },
    "orientation" : 2
  }, {
    "shape" : "d5e931d5-0098-4e15-b420-ab14674129bd",
    "color" : "#D77F7F",
    "position" : {
      "x" : -6.854102,
      "y" : -33.27051,
      "z" : 9.472136
    },
    "orientation" : 17
  }, {
    "shape" : "275662eb-24b1-42d7-a118-17a026f086cd",
    "color" : "#D77F7F",
    "position" : {
      "x" : 26.416409,
      "y" : 20.562305,
      "z" : 11.09017
    },
    "orientation" : 45
  }, {
    "shape" : "d5e931d5-0098-4e15-b420-ab14674129bd",
    "color" : "#D77F7F",
    "position" : {
      "x" : -16.326239,
      "y" : 4.236068,
      "z" : -29.034441
    },
    "orientation" : 0
  }, {
    "shape" : "275662eb-24b1-42d7-a118-17a026f086cd",
    "color" : "#D77F7F",
    "position" : {
      "x" : -6.854102,
      "y" : -2.618034,
      "z" : 4.236068
    },
    "orientation" : 16
  }, {
    "shape" : "ccc6b09d-d967-4166-8c25-df4917033523",
    "color" : "#D77F7F",
    "position" : {
      "x" : -13.708204,
      "y" : 0.0,
      "z" : 30.652475
    },
    "orientation" : 45
  }, {
    "shape" : "91148fce-63d8-4ca3-b7f5-fa0603517aba",
    "color" : "#D77F7F",
    "position" : {
      "x" : -29.034441,
      "y" : -2.618034,
      "z" : -17.944271
    },
    "orientation" : 32
  }, {
    "shape" : "ccc6b09d-d967-4166-8c25-df4917033523",
    "color" : "#D77F7F",
    "position" : {
      "x" : -6.854102,
      "y" : 33.27051,
      "z" : 9.472136
    },
    "orientation" : 30
  }, {
    "shape" : "275662eb-24b1-42d7-a118-17a026f086cd",
    "color" : "#D77F7F",
    "position" : {
      "x" : 33.27051,
      "y" : -4.236068,
      "z" : 6.854102
    },
    "orientation" : 1
  }, {
    "shape" : "91148fce-63d8-4ca3-b7f5-fa0603517aba",
    "color" : "#D77F7F",
    "position" : {
      "x" : -20.562305,
      "y" : -2.618034,
      "z" : -26.416409
    },
    "orientation" : 46
  }, {
    "shape" : "1d812e99-f45d-4b45-b5b8-b1e23b21ced6",
    "color" : "#D77F7F",
    "position" : {
      "x" : 30.652475,
      "y" : -13.708204,
      "z" : 0.0
    },
    "orientation" : 1
  }, {
    "shape" : "91148fce-63d8-4ca3-b7f5-fa0603517aba",
    "color" : "#D77F7F",
    "position" : {
      "x" : 26.416409,
      "y" : -20.562305,
      "z" : -11.09017
    },
    "orientation" : 46
  }, {
    "shape" : "d5e931d5-0098-4e15-b420-ab14674129bd",
    "color" : "#D77F7F",
    "position" : {
      "x" : -9.472136,
      "y" : 6.854102,
      "z" : -33.27051
    },
    "orientation" : 15
  }, {
    "shape" : "275662eb-24b1-42d7-a118-17a026f086cd",
    "color" : "#D77F7F",
    "position" : {
      "x" : -17.944271,
      "y" : 29.034441,
      "z" : 11.09017
    },
    "orientation" : 47
  }, {
    "shape" : "91148fce-63d8-4ca3-b7f5-fa0603517aba",
    "color" : "#D77F7F",
    "position" : {
      "x" : 6.854102,
      "y" : 33.27051,
      "z" : 4.236068
    },
    "orientation" : 45
  }, {
    "shape" : "275662eb-24b1-42d7-a118-17a026f086cd",
    "color" : "#D77F7F",
    "position" : {
      "x" : -4.236068,
      "y" : 6.854102,
      "z" : -2.618034
    },
    "orientation" : 17
  }, {
    "shape" : "ccc6b09d-d967-4166-8c25-df4917033523",
    "color" : "#D77F7F",
    "position" : {
      "x" : -22.18034,
      "y" : 22.18034,
      "z" : -13.708204
    },
    "orientation" : 17
  }, {
    "shape" : "275662eb-24b1-42d7-a118-17a026f086cd",
    "color" : "#D77F7F",
    "position" : {
      "x" : 4.236068,
      "y" : 6.854102,
      "z" : 2.618034
    },
    "orientation" : 32
  }, {
    "shape" : "91148fce-63d8-4ca3-b7f5-fa0603517aba",
    "color" : "#D77F7F",
    "position" : {
      "x" : -26.416409,
      "y" : -20.562305,
      "z" : -2.618034
    },
    "orientation" : 32
  }, {
    "shape" : "ccc6b09d-d967-4166-8c25-df4917033523",
    "color" : "#D77F7F",
    "position" : {
      "x" : -2.618034,
      "y" : 26.416409,
      "z" : 20.562305
    },
    "orientation" : 31
  }, {
    "shape" : "1d812e99-f45d-4b45-b5b8-b1e23b21ced6",
    "color" : "#D77F7F",
    "position" : {
      "x" : 29.034441,
      "y" : 24.798374,
      "z" : -4.236068
    },
    "orientation" : 15
  }, {
    "shape" : "ccc6b09d-d967-4166-8c25-df4917033523",
    "color" : "#D77F7F",
    "position" : {
      "x" : 11.09017,
      "y" : -17.944271,
      "z" : -29.034441
    },
    "orientation" : 31
  }, {
    "shape" : "ccc6b09d-d967-4166-8c25-df4917033523",
    "color" : "#D77F7F",
    "position" : {
      "x" : 11.09017,
      "y" : -31.652475,
      "z" : 6.854102
    },
    "orientation" : 32
  }, {
    "shape" : "91148fce-63d8-4ca3-b7f5-fa0603517aba",
    "color" : "#D77F7F",
    "position" : {
      "x" : 2.618034,
      "y" : -17.944271,
      "z" : 29.034441
    },
    "orientation" : 1
  }, {
    "shape" : "1d812e99-f45d-4b45-b5b8-b1e23b21ced6",
    "color" : "#D77F7F",
    "position" : {
      "x" : -30.652475,
      "y" : 13.708204,
      "z" : 0.0
    },
    "orientation" : 31
  }, {
    "shape" : "ccc6b09d-d967-4166-8c25-df4917033523",
    "color" : "#D77F7F",
    "position" : {
      "x" : 24.798374,
      "y" : -17.944271,
      "z" : -15.326238
    },
    "orientation" : 0
  }, {
    "shape" : "1d812e99-f45d-4b45-b5b8-b1e23b21ced6",
    "color" : "#D77F7F",
    "position" : {
      "x" : 27.416409,
      "y" : 0.0,
      "z" : 22.18034
    },
    "orientation" : 46
  }, {
    "shape" : "d5e931d5-0098-4e15-b420-ab14674129bd",
    "color" : "#D77F7F",
    "position" : {
      "x" : 33.27051,
      "y" : 9.472136,
      "z" : 6.854102
    },
    "orientation" : 16
  }, {
    "shape" : "91148fce-63d8-4ca3-b7f5-fa0603517aba",
    "color" : "#D77F7F",
    "position" : {
      "x" : -6.854102,
      "y" : 33.27051,
      "z" : -4.236068
    },
    "orientation" : 0
  }, {
    "shape" : "91148fce-63d8-4ca3-b7f5-fa0603517aba",
    "color" : "#D77F7F",
    "position" : {
      "x" : -26.416409,
      "y" : 20.562305,
      "z" : -11.09017
    },
    "orientation" : 16
  }, {
    "shape" : "ccc6b09d-d967-4166-8c25-df4917033523",
    "color" : "#D77F7F",
    "position" : {
      "x" : -33.27051,
      "y" : 9.472136,
      "z" : 6.854102
    },
    "orientation" : 2
  }, {
    "shape" : "275662eb-24b1-42d7-a118-17a026f086cd",
    "color" : "#D77F7F",
    "position" : {
      "x" : 4.236068,
      "y" : 29.034441,
      "z" : 24.798374
    },
    "orientation" : 45
  }, {
    "shape" : "ccc6b09d-d967-4166-8c25-df4917033523",
    "color" : "#D77F7F",
    "position" : {
      "x" : -6.854102,
      "y" : 11.09017,
      "z" : 31.652475
    },
    "orientation" : 30
  }, {
    "shape" : "91148fce-63d8-4ca3-b7f5-fa0603517aba",
    "color" : "#D77F7F",
    "position" : {
      "x" : -33.27051,
      "y" : 4.236068,
      "z" : -6.854102
    },
    "orientation" : 1
  }, {
    "shape" : "ccc6b09d-d967-4166-8c25-df4917033523",
    "color" : "#D77F7F",
    "position" : {
      "x" : 33.27051,
      "y" : -9.472136,
      "z" : 6.854102
    },
    "orientation" : 32
  }, {
    "shape" : "275662eb-24b1-42d7-a118-17a026f086cd",
    "color" : "#D77F7F",
    "position" : {
      "x" : 11.09017,
      "y" : -17.944271,
      "z" : 29.034441
    },
    "orientation" : 30
  }, {
    "shape" : "1d812e99-f45d-4b45-b5b8-b1e23b21ced6",
    "color" : "#D77F7F",
    "position" : {
      "x" : -16.326239,
      "y" : -4.236068,
      "z" : 29.034441
    },
    "orientation" : 1
  }, {
    "shape" : "d5e931d5-0098-4e15-b420-ab14674129bd",
    "color" : "#D77F7F",
    "position" : {
      "x" : -17.944271,
      "y" : -29.034441,
      "z" : -11.09017
    },
    "orientation" : 17
  }, {
    "shape" : "1d812e99-f45d-4b45-b5b8-b1e23b21ced6",
    "color" : "#D77F7F",
    "position" : {
      "x" : 31.652475,
      "y" : -6.854102,
      "z" : -11.09017
    },
    "orientation" : 46
  }, {
    "shape" : "275662eb-24b1-42d7-a118-17a026f086cd",
    "color" : "#D77F7F",
    "position" : {
      "x" : 33.27051,
      "y" : 4.236068,
      "z" : -6.854102
    },
    "orientation" : 16
  }, {
    "shape" : "275662eb-24b1-42d7-a118-17a026f086cd",
    "color" : "#D77F7F",
    "position" : {
      "x" : 2.618034,
      "y" : 26.416409,
      "z" : -20.562305
    },
    "orientation" : 15
  }, {
    "shape" : "1d812e99-f45d-4b45-b5b8-b1e23b21ced6",
    "color" : "#D77F7F",
    "position" : {
      "x" : -6.854102,
      "y" : -33.27051,
      "z" : 9.472136
    },
    "orientation" : 45
  }, {
    "shape" : "1d812e99-f45d-4b45-b5b8-b1e23b21ced6",
    "color" : "#D77F7F",
    "position" : {
      "x" : 29.034441,
      "y" : 16.326239,
      "z" : 4.236068
    },
    "orientation" : 17
  }, {
    "shape" : "1d812e99-f45d-4b45-b5b8-b1e23b21ced6",
    "color" : "#D77F7F",
    "position" : {
      "x" : 2.618034,
      "y" : 17.944271,
      "z" : 29.034441
    },
    "orientation" : 46
  }, {
    "shape" : "275662eb-24b1-42d7-a118-17a026f086cd",
    "color" : "#D77F7F",
    "position" : {
      "x" : 15.326238,
      "y" : -24.798374,
      "z" : -17.944271
    },
    "orientation" : 30
  }, {
    "shape" : "1d812e99-f45d-4b45-b5b8-b1e23b21ced6",
    "color" : "#D77F7F",
    "position" : {
      "x" : 6.854102,
      "y" : -11.09017,
      "z" : 4.236068
    },
    "orientation" : 0
  }, {
    "shape" : "d5e931d5-0098-4e15-b420-ab14674129bd",
    "color" : "#D77F7F",
    "position" : {
      "x" : 13.708204,
      "y" : -22.18034,
      "z" : 22.18034
    },
    "orientation" : 32
  }, {
    "shape" : "d5e931d5-0098-4e15-b420-ab14674129bd",
    "color" : "#D77F7F",
    "position" : {
      "x" : -4.236068,
      "y" : -29.034441,
      "z" : 16.326239
    },
    "orientation" : 47
  }, {
    "shape" : "275662eb-24b1-42d7-a118-17a026f086cd",
    "color" : "#D77F7F",
    "position" : {
      "x" : -20.562305,
      "y" : 11.09017,
      "z" : 26.416409
    },
    "orientation" : 47
  }, {
    "shape" : "91148fce-63d8-4ca3-b7f5-fa0603517aba",
    "color" : "#D77F7F",
    "position" : {
      "x" : -6.854102,
      "y" : -33.27051,
      "z" : 17.944271
    },
    "orientation" : 2
  }, {
    "shape" : "275662eb-24b1-42d7-a118-17a026f086cd",
    "color" : "#D77F7F",
    "position" : {
      "x" : 26.416409,
      "y" : 20.562305,
      "z" : -11.09017
    },
    "orientation" : 45
  }, {
    "shape" : "d5e931d5-0098-4e15-b420-ab14674129bd",
    "color" : "#D77F7F",
    "position" : {
      "x" : -22.18034,
      "y" : 13.708204,
      "z" : 22.18034
    },
    "orientation" : 31
  }, {
    "shape" : "1d812e99-f45d-4b45-b5b8-b1e23b21ced6",
    "color" : "#D77F7F",
    "position" : {
      "x" : -4.236068,
      "y" : -29.034441,
      "z" : -24.798374
    },
    "orientation" : 31
  }, {
    "shape" : "d5e931d5-0098-4e15-b420-ab14674129bd",
    "color" : "#D77F7F",
    "position" : {
      "x" : -17.944271,
      "y" : 29.034441,
      "z" : 11.09017
    },
    "orientation" : 2
  }, {
    "shape" : "1d812e99-f45d-4b45-b5b8-b1e23b21ced6",
    "color" : "#D77F7F",
    "position" : {
      "x" : -11.09017,
      "y" : 31.652475,
      "z" : -6.854102
    },
    "orientation" : 32
  }, {
    "shape" : "ccc6b09d-d967-4166-8c25-df4917033523",
    "color" : "#D77F7F",
    "position" : {
      "x" : 0.0,
      "y" : -13.708204,
      "z" : 0.0
    },
    "orientation" : 17
  }, {
    "shape" : "ccc6b09d-d967-4166-8c25-df4917033523",
    "color" : "#D77F7F",
    "position" : {
      "x" : 22.18034,
      "y" : 27.416409,
      "z" : 0.0
    },
    "orientation" : 47
  }, {
    "shape" : "d5e931d5-0098-4e15-b420-ab14674129bd",
    "color" : "#D77F7F",
    "position" : {
      "x" : -33.27051,
      "y" : 9.472136,
      "z" : -6.854102
    },
    "orientation" : 31
  }, {
    "shape" : "1d812e99-f45d-4b45-b5b8-b1e23b21ced6",
    "color" : "#D77F7F",
    "position" : {
      "x" : -31.652475,
      "y" : -6.854102,
      "z" : -11.09017
    },
    "orientation" : 16
  }, {
    "shape" : "275662eb-24b1-42d7-a118-17a026f086cd",
    "color" : "#D77F7F",
    "position" : {
      "x" : 16.326239,
      "y" : -4.236068,
      "z" : 29.034441
    },
    "orientation" : 0
  }, {
    "shape" : "275662eb-24b1-42d7-a118-17a026f086cd",
    "color" : "#D77F7F",
    "position" : {
      "x" : 2.618034,
      "y" : 17.944271,
      "z" : 29.034441
    },
    "orientation" : 0
  }, {
    "shape" : "ccc6b09d-d967-4166-8c25-df4917033523",
    "color" : "#D77F7F",
    "position" : {
      "x" : 35.888542,
      "y" : 13.708204,
      "z" : 0.0
    },
    "orientation" : 1
  }, {
    "shape" : "d5e931d5-0098-4e15-b420-ab14674129bd",
    "color" : "#D77F7F",
    "position" : {
      "x" : -20.562305,
      "y" : -2.618034,
      "z" : 26.416409
    },
    "orientation" : 2
  }, {
    "shape" : "275662eb-24b1-42d7-a118-17a026f086cd",
    "color" : "#D77F7F",
    "position" : {
      "x" : -26.416409,
      "y" : -20.562305,
      "z" : 2.618034
    },
    "orientation" : 2
  }, {
    "shape" : "1d812e99-f45d-4b45-b5b8-b1e23b21ced6",
    "color" : "#D77F7F",
    "position" : {
      "x" : 6.854102,
      "y" : 33.27051,
      "z" : 9.472136
    },
    "orientation" : 15
  }, {
    "shape" : "ccc6b09d-d967-4166-8c25-df4917033523",
    "color" : "#D77F7F",
    "position" : {
      "x" : 22.18034,
      "y" : -22.18034,
      "z" : -13.708204
    },
    "orientation" : 47
  }, {
    "shape" : "ccc6b09d-d967-4166-8c25-df4917033523",
    "color" : "#D77F7F",
    "position" : {
      "x" : 29.034441,
      "y" : -11.09017,
      "z" : -17.944271
    },
    "orientation" : 47
  }, {
    "shape" : "ccc6b09d-d967-4166-8c25-df4917033523",
    "color" : "#D77F7F",
    "position" : {
      "x" : 0.0,
      "y" : -30.652475,
      "z" : -13.708204
    },
    "orientation" : 47
  }, {
    "shape" : "91148fce-63d8-4ca3-b7f5-fa0603517aba",
    "color" : "#D77F7F",
    "position" : {
      "x" : -20.562305,
      "y" : 11.09017,
      "z" : -26.416409
    },
    "orientation" : 0
  }, {
    "shape" : "ccc6b09d-d967-4166-8c25-df4917033523",
    "color" : "#D77F7F",
    "position" : {
      "x" : 17.944271,
      "y" : 29.034441,
      "z" : 11.09017
    },
    "orientation" : 15
  }, {
    "shape" : "91148fce-63d8-4ca3-b7f5-fa0603517aba",
    "color" : "#D77F7F",
    "position" : {
      "x" : -29.034441,
      "y" : 2.618034,
      "z" : 17.944271
    },
    "orientation" : 47
  }, {
    "shape" : "d5e931d5-0098-4e15-b420-ab14674129bd",
    "color" : "#D77F7F",
    "position" : {
      "x" : -20.562305,
      "y" : 11.09017,
      "z" : 26.416409
    },
    "orientation" : 0
  }, {
    "shape" : "1d812e99-f45d-4b45-b5b8-b1e23b21ced6",
    "color" : "#D77F7F",
    "position" : {
      "x" : 0.0,
      "y" : 0.0,
      "z" : -35.888542
    },
    "orientation" : 0
  }, {
    "shape" : "275662eb-24b1-42d7-a118-17a026f086cd",
    "color" : "#D77F7F",
    "position" : {
      "x" : -15.326238,
      "y" : -24.798374,
      "z" : 17.944271
    },
    "orientation" : 15
  }, {
    "shape" : "91148fce-63d8-4ca3-b7f5-fa0603517aba",
    "color" : "#D77F7F",
    "position" : {
      "x" : 29.034441,
      "y" : 16.326239,
      "z" : -4.236068
    },
    "orientation" : 47
  }, {
    "shape" : "275662eb-24b1-42d7-a118-17a026f086cd",
    "color" : "#D77F7F",
    "position" : {
      "x" : 6.854102,
      "y" : 33.27051,
      "z" : -4.236068
    },
    "orientation" : 2
  }, {
    "shape" : "ccc6b09d-d967-4166-8c25-df4917033523",
    "color" : "#D77F7F",
    "position" : {
      "x" : -22.18034,
      "y" : -22.18034,
      "z" : 13.708204
    },
    "orientation" : 2
  }, {
    "shape" : "ccc6b09d-d967-4166-8c25-df4917033523",
    "color" : "#D77F7F",
    "position" : {
      "x" : -29.034441,
      "y" : -11.09017,
      "z" : 17.944271
    },
    "orientation" : 2
  }, {
    "shape" : "d5e931d5-0098-4e15-b420-ab14674129bd",
    "color" : "#D77F7F",
    "position" : {
      "x" : 17.944271,
      "y" : -15.326238,
      "z" : 24.798374
    },
    "orientation" : 16
  }, {
    "shape" : "275662eb-24b1-42d7-a118-17a026f086cd",
    "color" : "#D77F7F",
    "position" : {
      "x" : -4.236068,
      "y" : -6.854102,
      "z" : 2.618034
    },
    "orientation" : 2
  }, {
    "shape" : "d5e931d5-0098-4e15-b420-ab14674129bd",
    "color" : "#D77F7F",
    "position" : {
      "x" : -29.034441,
      "y" : 16.326239,
      "z" : -4.236068
    },
    "orientation" : 16
  }, {
    "shape" : "1d812e99-f45d-4b45-b5b8-b1e23b21ced6",
    "color" : "#D77F7F",
    "position" : {
      "x" : -2.618034,
      "y" : 17.944271,
      "z" : -29.034441
    },
    "orientation" : 1
  }, {
