{
  "field" : "golden",
  "symmetry" : "icosahedral",
  "orientations" : [ [ 1.0, 0.0, 0.0, 0.0, 0.0, 1.0, 0.0, 0.0, 0.0, 0.0, 1.0, 0.0, 0.0, 0.0, 0.0, 1.0 ], [ 0.0, 0.0, 1.0, 0.0, 1.0, 0.0, 0.0, 0.0, 0.0, 1.0, 0.0, 0.0, 0.0, 0.0, 0.0, 1.0 ], [ 0.0, 1.0, 0.0, 0.0, 0.0, 0.0, 1.0, 0.0, 1.0, 0.0, 0.0, 0.0, 0.0, 0.0, 0.0, 1.0 ], [ 0.809017, 0.309017, 0.5, 0.0, 0.309017, 0.5, -0.809017, 0.0, -0.5, 0.809017, 0.309017, 0.0, 0.0, 0.0, 0.0, 1.0 ], [ -0.5, 0.809017, 0.309017, 0.0, 0.809017, 0.309017, 0.5, 0.0, 0.309017, 0.5, -0.809017, 0.0, 0.0, 0.0, 0.0, 1.0 ], [ 0.309017, 0.5, -0.809017, 0.0, -0.5, 0.809017, 0.309017, 0.0, 0.809017, 0.309017, 0.5, 0.0, 0.0, 0.0, 0.0, 1.0 ], [ 0.5, 0.809017, 0.309017, 0.0, 0.809017, -0.309017, -0.5, 0.0, -0.309017, 0.5, -0.809017, 0.0, 0.0, 0.0, 0.0, 1.0 ], [ -0.309017, 0.5, -0.809017, 0.0, 0.5, 0.809017, 0.309017, 0.0, 0.809017, -0.309017, -0.5, 0.0, 0.0, 0.0, 0.0, 1.0 ], [ 0.809017, -0.309017, -0.5, 0.0, -0.309017, 0.5, -0.809017, 0.0, 0.5, 0.809017, 0.309017, 0.0, 0.0, 0.0, 0.0, 1.0 ], [ 0.5, 0.809017, -0.309017, 0.0, 0.809017, -0.309017, 0.5, 0.0, 0.309017, -0.5, -0.809017, 0.0, 0.0, 0.0, 0.0, 1.0 ], [ 0.309017, -0.5, -0.809017, 0.0, 0.5, 0.809017, -0.309017, 0.0, 0.809017, -0.309017, 0.5, 0.0, 0.0, 0.0, 0.0, 1.0 ], [ 0.809017, -0.309017, 0.5, 0.0, 0.309017, -0.5, -0.809017, 0.0, 0.5, 0.809017, -0.309017, 0.0, 0.0, 0.0, 0.0, 1.0 ], [ 0.809017, 0.309017, -0.5, 0.0, 0.309017, 0.5, 0.809017, 0.0, 0.5, -0.809017, 0.309017, 0.0, 0.0, 0.0, 0.0, 1.0 ], [ 0.5, -0.809017, 0.309017, 0.0, 0.809017, 0.309017, -0.5, 0.0, 0.309017, 0.5, 0.809017, 0.0, 0.0, 0.0, 0.0, 1.0 ], [ 0.309017, 0.5, 0.809017, 0.0, 0.5, -0.809017, 0.309017, 0.0, 0.809017, 0.309017, -0.5, 0.0, 0.0, 0.0, 0.0, 1.0 ], [ 1.0, 0.0, 0.0, 0.0, 0.0, -1.0, 0.0, 0.0, 0.0, 0.0, -1.0, 0.0, 0.0, 0.0, 0.0, 1.0 ], [ 0.0, 0.0, 1.0, 0.0, -1.0, 0.0, 0.0, 0.0, 0.0, -1.0, 0.0, 0.0, 0.0, 0.0, 0.0, 1.0 ], [ 0.0, 1.0, 0.0, 0.0, 0.0, 0.0, -1.0, 0.0, -1.0, 0.0, 0.0, 0.0, 0.0, 0.0, 0.0, 1.0 ], [ 0.809017, 0.309017, 0.5, 0.0, -0.309017, -0.5, 0.809017, 0.0, 0.5, -0.809017, -0.309017, 0.0, 0.0, 0.0, 0.0, 1.0 ], [ -0.5, 0.809017, 0.309017, 0.0, -0.809017, -0.309017, -0.5, 0.0, -0.309017, -0.5, 0.809017, 0.0, 0.0, 0.0, 0.0, 1.0 ], [ 0.309017, 0.5, -0.809017, 0.0, 0.5, -0.809017, -0.309017, 0.0, -0.809017, -0.309017, -0.5, 0.0, 0.0, 0.0, 0.0, 1.0 ], [ 0.5, 0.809017, 0.309017, 0.0, -0.809017, 0.309017, 0.5, 0.0, 0.309017, -0.5, 0.809017, 0.0, 0.0, 0.0, 0.0, 1.0 ], [ -0.309017, 0.5, -0.809017, 0.0, -0.5, -0.809017, -0.309017, 0.0, -0.809017, 0.309017, 0.5, 0.0, 0.0, 0.0, 0.0, 1.0 ], [ 0.809017, -0.309017, -0.5, 0.0, 0.309017, -0.5, 0.809017, 0.0, -0.5, -0.809017, -0.309017, 0.0, 0.0, 0.0, 0.0, 1.0 ], [ 0.5, 0.809017, -0.309017, 0.0, -0.809017, 0.309017, -0.5, 0.0, -0.309017, 0.5, 0.809017, 0.0, 0.0, 0.0, 0.0, 1.0 ], [ 0.309017, -0.5, -0.809017, 0.0, -0.5, -0.809017, 0.309017, 0.0, -0.809017, 0.309017, -0.5, 0.0, 0.0, 0.0, 0.0, 1.0 ], [ 0.809017, -0.309017, 0.5, 0.0, -0.309017, 0.5, 0.809017, 0.0, -0.5, -0.809017, 0.309017, 0.0, 0.0, 0.0, 0.0, 1.0 ], [ 0.809017, 0.309017, -0.5, 0.0, -0.309017, -0.5, -0.809017, 0.0, -0.5, 0.809017, -0.309017, 0.0, 0.0, 0.0, 0.0, 1.0 ], [ 0.5, -0.809017, 0.309017, 0.0, -0.809017, -0.309017, 0.5, 0.0, -0.309017, -0.5, -0.809017, 0.0, 0.0, 0.0, 0.0, 1.0 ], [ 0.309017, 0.5, 0.809017, 0.0, -0.5, 0.809017, -0.309017, 0.0, -0.809017, -0.309017, 0.5, 0.0, 0.0, 0.0, 0.0, 1.0 ], [ -1.0, 0.0, 0.0, 0.0, 0.0, -1.0, 0.0, 0.0, 0.0, 0.0, 1.0, 0.0, 0.0, 0.0, 0.0, 1.0 ], [ 0.0, 0.0, -1.0, 0.0, -1.0, 0.0, 0.0, 0.0, 0.0, 1.0, 0.0, 0.0, 0.0, 0.0, 0.0, 1.0 ], [ 0.0, -1.0, 0.0, 0.0, 0.0, 0.0, -1.0, 0.0, 1.0, 0.0, 0.0, 0.0, 0.0, 0.0, 0.0, 1.0 ], [ -0.809017, -0.309017, -0.5, 0.0, -0.309017, -0.5, 0.809017, 0.0, -0.5, 0.809017, 0.309017, 0.0, 0.0, 0.0, 0.0, 1.0 ], [ 0.5, -0.809017, -0.309017, 0.0, -0.809017, -0.309017, -0.5, 0.0, 0.309017, 0.5, -0.809017, 0.0, 0.0, 0.0, 0.0, 1.0 ], [ -0.309017, -0.5, 0.809017, 0.0, 0.5, -0.809017, -0.309017, 0.0, 0.809017, 0.309017, 0.5, 0.0, 0.0, 0.0, 0.0, 1.0 ], [ -0.5, -0.809017, -0.309017, 0.0, -0.809017, 0.309017, 0.5, 0.0, -0.309017, 0.5, -0.809017, 0.0, 0.0, 0.0, 0.0, 1.0 ], [ 0.309017, -0.5, 0.809017, 0.0, -0.5, -0.809017, -0.309017, 0.0, 0.809017, -0.309017, -0.5, 0.0, 0.0, 0.0, 0.0, 1.0 ], [ -0.809017, 0.309017, 0.5, 0.0, 0.309017, -0.5, 0.809017, 0.0, 0.5, 0.809017, 0.309017, 0.0, 0.0, 0.0, 0.0, 1.0 ], [ -0.5, -0.809017, 0.309017, 0.0, -0.809017, 0.309017, -0.5, 0.0, 0.309017, -0.5, -0.809017, 0.0, 0.0, 0.0, 0.0, 1.0 ], [ -0.309017, 0.5, 0.809017, 0.0, -0.5, -0.809017, 0.309017, 0.0, 0.809017, -0.309017, 0.5, 0.0, 0.0, 0.0, 0.0, 1.0 ], [ -0.809017, 0.309017, -0.5, 0.0, -0.309017, 0.5, 0.809017, 0.0, 0.5, 0.809017, -0.309017, 0.0, 0.0, 0.0, 0.0, 1.0 ], [ -0.809017, -0.309017, 0.5, 0.0, -0.309017, -0.5, -0.809017, 0.0, 0.5, -0.809017, 0.309017, 0.0, 0.0, 0.0, 0.0, 1.0 ], [ -0.5, 0.809017, -0.309017, 0.0, -0.809017, -0.309017, 0.5, 0.0, 0.309017, 0.5, 0.809017, 0.0, 0.0, 0.0, 0.0, 1.0 ], [ -0.309017, -0.5, -0.809017, 0.0, -0.5, 0.809017, -0.309017, 0.0, 0.809017, 0.309017, -0.5, 0.0, 0.0, 0.0, 0.0, 1.0 ], [ -1.0, 0.0, 0.0, 0.0, 0.0, 1.0, 0.0, 0.0, 0.0, 0.0, -1.0, 0.0, 0.0, 0.0, 0.0, 1.0 ], [ 0.0, 0.0, -1.0, 0.0, 1.0, 0.0, 0.0, 0.0, 0.0, -1.0, 0.0, 0.0, 0.0, 0.0, 0.0, 1.0 ], [ 0.0, -1.0, 0.0, 0.0, 0.0, 0.0, 1.0, 0.0, -1.0, 0.0, 0.0, 0.0, 0.0, 0.0, 0.0, 1.0 ], [ -0.809017, -0.309017, -0.5, 0.0, 0.309017, 0.5, -0.809017, 0.0, 0.5, -0.809017, -0.309017, 0.0, 0.0, 0.0, 0.0, 1.0 ], [ 0.5, -0.809017, -0.309017, 0.0, 0.809017, 0.309017, 0.5, 0.0, -0.309017, -0.5, 0.809017, 0.0, 0.0, 0.0, 0.0, 1.0 ], [ -0.309017, -0.5, 0.809017, 0.0, -0.5, 0.809017, 0.309017, 0.0, -0.809017, -0.309017, -0.5, 0.0, 0.0, 0.0, 0.0, 1.0 ], [ -0.5, -0.809017, -0.309017, 0.0, 0.809017, -0.309017, -0.5, 0.0, 0.309017, -0.5, 0.809017, 0.0, 0.0, 0.0, 0.0, 1.0 ], [ 0.309017, -0.5, 0.809017, 0.0, 0.5, 0.809017, 0.309017, 0.0, -0.809017, 0.309017, 0.5, 0.0, 0.0, 0.0, 0.0, 1.0 ], [ -0.809017, 0.309017, 0.5, 0.0, -0.309017, 0.5, -0.809017, 0.0, -0.5, -0.809017, -0.309017, 0.0, 0.0, 0.0, 0.0, 1.0 ], [ -0.5, -0.809017, 0.309017, 0.0, 0.809017, -0.309017, 0.5, 0.0, -0.309017, 0.5, 0.809017, 0.0, 0.0, 0.0, 0.0, 1.0 ], [ -0.309017, 0.5, 0.809017, 0.0, 0.5, 0.809017, -0.309017, 0.0, -0.809017, 0.309017, -0.5, 0.0, 0.0, 0.0, 0.0, 1.0 ], [ -0.809017, 0.309017, -0.5, 0.0, 0.309017, -0.5, -0.809017, 0.0, -0.5, -0.809017, 0.309017, 0.0, 0.0, 0.0, 0.0, 1.0 ], [ -0.809017, -0.309017, 0.5, 0.0, 0.309017, 0.5, 0.809017, 0.0, -0.5, 0.809017, -0.309017, 0.0, 0.0, 0.0, 0.0, 1.0 ], [ -0.5, 0.809017, -0.309017, 0.0, 0.809017, 0.309017, -0.5, 0.0, -0.309017, -0.5, -0.809017, 0.0, 0.0, 0.0, 0.0, 1.0 ], [ -0.309017, -0.5, -0.809017, 0.0, 0.5, -0.809017, 0.309017, 0.0, -0.809017, -0.309017, 0.5, 0.0, 0.0, 0.0, 0.0, 1.0 ] ],
  "lights" : {
    "backgroundColor" : "#FFE0E0",
    "ambientColor" : "#292929",
    "directionalLights" : [ {
      "direction" : {
        "x" : 1.0,
        "y" : -1.0,
        "z" : -1.0
      },
      "color" : "#EBEBE4"
    }, {
      "direction" : {
        "x" : -1.0,
        "y" : 0.0,
        "z" : 0.0
      },
      "color" : "#E4E4EB"
    }, {
      "direction" : {
        "x" : 0.0,
        "y" : 0.0,
        "z" : -1.0
      },
      "color" : "#1E1E1E"
    } ]
  },
  "camera" : {
    "stereo" : false,
    "width" : 133.00322,
    "perspective" : false,
    "viewDistance" : 295.56226,
    "nearClipDistance" : 0.7389049,
    "farClipDistance" : 591.12335,
    "lookAtPoint" : {
      "x" : 0.0,
      "y" : 0.0,
      "z" : 0.0
    },
    "fieldOfView" : 0.44262955,
    "lookDirection" : {
      "x" : -0.011219333,
      "y" : -0.011143213,
      "z" : -0.9998726
    },
    "upDirection" : {
      "x" : 0.014302467,
      "y" : 0.99983114,
      "z" : -0.011304426
    },
    "position" : {
      "x" : 3.3160114,
      "y" : 3.2935133,
      "z" : 295.5246
    }
  },
  "embedding" : [ 1.0, 0.0, 0.0, 0.0, 0.0, 1.0, 0.0, 0.0, 0.0, 0.0, 1.0, 0.0, 0.0, 0.0, 0.0, 1.0 ],
  "shapes" : [ {
    "id" : "b066c340-8141-414e-a914-cc90a390cfd9",
    "vertices" : [ {
      "x" : 24.798374,
      "y" : 0.0,
      "z" : 15.326238
    }, {
      "x" : 24.798374,
      "y" : -11.09017,
      "z" : 11.09017
    }, {
      "x" : 29.034441,
      "y" : -11.09017,
      "z" : 0.0
    }, {
      "x" : 29.034441,
      "y" : 0.0,
      "z" : 4.236068
    } ],
    "faces" : [ {
      "vertices" : [ 0, 1, 2 ]
    }, {
      "vertices" : [ 0, 2, 3 ]
    }, {
      "vertices" : [ 0, 3, 2 ]
    }, {
      "vertices" : [ 0, 2, 1 ]
    } ]
  }, {
    "id" : "7b4416f6-7bae-4b9a-8482-39d6a6d24fbc",
    "vertices" : [ {
      "x" : -24.798374,
      "y" : 15.326238,
      "z" : 0.0
    }, {
      "x" : -17.944271,
      "y" : 22.18034,
      "z" : -6.854102
    }, {
      "x" : -11.09017,
      "y" : 29.034441,
      "z" : 0.0
    }, {
      "x" : -17.944271,
      "y" : 22.18034,
      "z" : 6.854102
    } ],
    "faces" : [ {
      "vertices" : [ 0, 1, 2 ]
    }, {
      "vertices" : [ 0, 2, 3 ]
    }, {
      "vertices" : [ 0, 3, 2 ]
    }, {
      "vertices" : [ 0, 2, 1 ]
    } ]
  }, {
    "id" : "fa135e90-1b92-4565-a026-a88f683b1ade",
    "vertices" : [ {
      "x" : 29.034441,
      "y" : 0.0,
      "z" : -11.09017
    }, {
      "x" : 22.18034,
      "y" : -6.854102,
      "z" : -17.944271
    }, {
      "x" : 14.5172205,
      "y" : -5.545085,
      "z" : -26.916409
    }, {
      "x" : 21.371323,
      "y" : 1.309017,
      "z" : -20.062305
    } ],
    "faces" : [ {
      "vertices" : [ 0, 1, 2 ]
    }, {
      "vertices" : [ 0, 2, 3 ]
    }, {
      "vertices" : [ 0, 3, 2 ]
    }, {
      "vertices" : [ 0, 2, 1 ]
    } ]
  }, {
    "id" : "eba3fedc-ed3e-48a1-a5f2-abe71e8832bf",
    "vertices" : [ {
      "x" : 2.618034,
      "y" : 0.0,
      "z" : -1.0
    }, {
      "x" : 2.309017,
      "y" : 0.0,
      "z" : -0.881966
    }, {
      "x" : 1.9045085,
      "y" : -0.1545085,
      "z" : -0.440983
    }, {
      "x" : 1.7135255,
      "y" : -0.1545085,
      "z" : -0.940983
    }, {
      "x" : 0.9045085,
      "y" : -0.1545085,
      "z" : -0.059016995
    }, {
      "x" : 0.809017,
      "y" : 0.309017,
      "z" : -0.309017
    }, {
      "x" : 0.309017,
      "y" : 0.0,
      "z" : -0.11803399
    }, {
      "x" : 1.809017,
      "y" : 0.309017,
      "z" : -0.690983
    }, {
      "x" : 0.7135255,
      "y" : -0.1545085,
      "z" : -0.559017
    } ],
    "faces" : [ {
      "vertices" : [ 2, 4, 8 ]
    }, {
      "vertices" : [ 2, 8, 3 ]
    }, {
      "vertices" : [ 2, 7, 5 ]
    }, {
      "vertices" : [ 2, 5, 4 ]
    }, {
      "vertices" : [ 4, 6, 8 ]
    }, {
      "vertices" : [ 5, 8, 6 ]
    }, {
      "vertices" : [ 1, 2, 3 ]
    }, {
      "vertices" : [ 3, 8, 5 ]
    }, {
      "vertices" : [ 3, 5, 7 ]
    }, {
      "vertices" : [ 1, 7, 2 ]
    }, {
      "vertices" : [ 1, 3, 7 ]
    }, {
      "vertices" : [ 4, 5, 6 ]
    } ]
  }, {
    "id" : "50c9baa4-d54d-432f-878d-f25bd10d4134",
    "vertices" : [ {
      "x" : -17.944271,
      "y" : -17.944271,
      "z" : 17.944271
    }, {
      "x" : -23.489357,
      "y" : -15.826238,
      "z" : 7.663119
    }, {
      "x" : -23.489357,
      "y" : -20.062305,
      "z" : -3.427051
    }, {
      "x" : -17.944271,
      "y" : -22.18034,
      "z" : 6.854102
    } ],
    "faces" : [ {
      "vertices" : [ 0, 1, 2 ]
    }, {
      "vertices" : [ 0, 2, 3 ]
    }, {
      "vertices" : [ 0, 3, 2 ]
    }, {
      "vertices" : [ 0, 2, 1 ]
    } ]
  }, {
    "id" : "34e0dd6a-600a-4852-a804-89155337af32",
    "vertices" : [ {
      "x" : 0.0,
      "y" : 15.326238,
      "z" : -24.798374
    }, {
      "x" : -11.09017,
      "y" : 11.09017,
      "z" : -24.798374
    }, {
      "x" : -17.944271,
      "y" : 17.944271,
      "z" : -17.944271
    }, {
      "x" : -6.854102,
      "y" : 22.18034,
      "z" : -17.944271
    } ],
    "faces" : [ {
      "vertices" : [ 0, 1, 2 ]
    }, {
      "vertices" : [ 0, 2, 3 ]
    }, {
      "vertices" : [ 0, 3, 2 ]
    }, {
      "vertices" : [ 0, 2, 1 ]
    } ]
  }, {
    "id" : "aacbc0fa-b5d0-46ff-b88c-1ad6ad8ee57b",
    "vertices" : [ {
      "x" : 0.0,
      "y" : -15.326238,
      "z" : -24.798374
    }, {
      "x" : 6.854102,
      "y" : -22.18034,
      "z" : -17.944271
    }, {
      "x" : 0.0,
      "y" : -29.034441,
      "z" : -11.09017
    }, {
      "x" : -6.854102,
      "y" : -22.18034,
      "z" : -17.944271
    } ],
    "faces" : [ {
      "vertices" : [ 0, 1, 2 ]
    }, {
      "vertices" : [ 0, 2, 3 ]
    }, {
      "vertices" : [ 0, 3, 2 ]
    }, {
      "vertices" : [ 0, 2, 1 ]
    } ]
  }, {
    "id" : "c7698c8d-60c4-49f6-92eb-a9d8d7509281",
    "vertices" : [ {
      "x" : -0.309017,
      "y" : -0.19098301,
      "z" : 0.0
    }, {
      "x" : -0.309017,
      "y" : 0.19098301,
      "z" : 0.0
    }, {
      "x" : -0.19098301,
      "y" : 0.0,
      "z" : -0.309017
    }, {
      "x" : -0.19098301,
      "y" : 0.0,
      "z" : 0.309017
    }, {
      "x" : 0.0,
      "y" : -0.309017,
      "z" : -0.19098301
    }, {
      "x" : 0.0,
      "y" : -0.309017,
      "z" : 0.19098301
    }, {
      "x" : 0.0,
      "y" : 0.309017,
      "z" : -0.19098301
    }, {
      "x" : 0.0,
      "y" : 0.309017,
      "z" : 0.19098301
    }, {
      "x" : 0.19098301,
      "y" : 0.0,
      "z" : -0.309017
    }, {
      "x" : 0.19098301,
      "y" : 0.0,
      "z" : 0.309017
    }, {
      "x" : 0.309017,
      "y" : -0.19098301,
      "z" : 0.0
    }, {
      "x" : 0.309017,
      "y" : 0.19098301,
      "z" : 0.0
    } ],
    "faces" : [ {
      "vertices" : [ 0, 1, 2 ]
    }, {
      "vertices" : [ 0, 3, 1 ]
    }, {
      "vertices" : [ 0, 2, 4 ]
    }, {
      "vertices" : [ 0, 5, 3 ]
    }, {
      "vertices" : [ 0, 4, 5 ]
    }, {
      "vertices" : [ 1, 6, 2 ]
    }, {
      "vertices" : [ 1, 3, 7 ]
    }, {
      "vertices" : [ 1, 7, 6 ]
    }, {
      "vertices" : [ 2, 8, 4 ]
    }, {
      "vertices" : [ 2, 6, 8 ]
    }, {
      "vertices" : [ 3, 5, 9 ]
    }, {
      "vertices" : [ 3, 9, 7 ]
    }, {
      "vertices" : [ 4, 10, 5 ]
    }, {
      "vertices" : [ 4, 8, 10 ]
    }, {
      "vertices" : [ 5, 10, 9 ]
    }, {
      "vertices" : [ 6, 7, 11 ]
    }, {
      "vertices" : [ 6, 11, 8 ]
    }, {
      "vertices" : [ 7, 9, 11 ]
    }, {
      "vertices" : [ 8, 11, 10 ]
    }, {
      "vertices" : [ 9, 10, 11 ]
    } ]
  }, {
    "id" : "92edfa0d-cb19-4f18-b150-7ba735770b34",
    "vertices" : [ {
      "x" : -12.399187,
      "y" : 20.062305,
      "z" : -17.135256
    }, {
      "x" : -11.09017,
      "y" : 11.09017,
      "z" : -24.798374
    }, {
      "x" : -20.062305,
      "y" : 3.427051,
      "z" : -23.489357
    }, {
      "x" : -21.371323,
      "y" : 12.399187,
      "z" : -15.826238
    } ],
    "faces" : [ {
      "vertices" : [ 0, 1, 2 ]
    }, {
      "vertices" : [ 0, 2, 3 ]
    }, {
      "vertices" : [ 0, 3, 2 ]
    }, {
      "vertices" : [ 0, 2, 1 ]
    } ]
  }, {
    "id" : "07a24755-425b-4e9d-bae6-6385be9153e9",
    "vertices" : [ {
      "x" : 17.944271,
      "y" : -17.944271,
      "z" : -17.944271
    }, {
      "x" : 7.663119,
      "y" : -23.489357,
      "z" : -15.826238
    }, {
      "x" : -3.427051,
      "y" : -23.489357,
      "z" : -20.062305
    }, {
      "x" : 6.854102,
      "y" : -17.944271,
      "z" : -22.18034
    } ],
    "faces" : [ {
      "vertices" : [ 0, 1, 2 ]
    }, {
      "vertices" : [ 0, 2, 3 ]
    }, {
      "vertices" : [ 0, 3, 2 ]
    }, {
      "vertices" : [ 0, 2, 1 ]
    } ]
  }, {
    "id" : "cd447faa-729e-4d89-a69b-186353d04d06",
    "vertices" : [ {
      "x" : -12.399187,
      "y" : 20.062305,
      "z" : 17.135256
    }, {
      "x" : -17.944271,
      "y" : 22.18034,
      "z" : 6.854102
    }, {
      "x" : -26.916409,
      "y" : 14.5172205,
      "z" : 5.545085
    }, {
      "x" : -21.371323,
      "y" : 12.399187,
      "z" : 15.826238
    } ],
    "faces" : [ {
      "vertices" : [ 0, 1, 2 ]
    }, {
      "vertices" : [ 0, 2, 3 ]
    }, {
      "vertices" : [ 0, 3, 2 ]
    }, {
      "vertices" : [ 0, 2, 1 ]
    } ]
  }, {
    "id" : "ea17768e-4b7f-49e8-979f-8e33452b3730",
    "vertices" : [ {
      "x" : 0.0,
      "y" : -24.798374,
      "z" : -15.326238
    }, {
      "x" : 6.854102,
      "y" : -17.944271,
      "z" : -22.18034
    }, {
      "x" : 0.0,
      "y" : -11.09017,
      "z" : -29.034441
    }, {
      "x" : -6.854102,
      "y" : -17.944271,
      "z" : -22.18034
    } ],
    "faces" : [ {
      "vertices" : [ 0, 1, 2 ]
    }, {
      "vertices" : [ 0, 2, 3 ]
    }, {
      "vertices" : [ 0, 3, 2 ]
    }, {
      "vertices" : [ 0, 2, 1 ]
    } ]
  }, {
    "id" : "fbf24a68-df52-4cb6-9921-c9633e59c20e",
    "vertices" : [ {
      "x" : -11.09017,
      "y" : 29.034441,
      "z" : 0.0
    }, {
      "x" : -11.09017,
      "y" : 24.798374,
      "z" : 11.09017
    }, {
      "x" : -17.944271,
      "y" : 17.944271,
      "z" : 17.944271
    }, {
      "x" : -17.944271,
      "y" : 22.18034,
      "z" : 6.854102
    } ],
    "faces" : [ {
      "vertices" : [ 0, 1, 2 ]
    }, {
      "vertices" : [ 0, 2, 3 ]
    }, {
      "vertices" : [ 0, 3, 2 ]
    }, {
      "vertices" : [ 0, 2, 1 ]
    } ]
  }, {
    "id" : "6153a546-8060-48c5-bd04-321d28ce3003",
    "vertices" : [ {
      "x" : 4.736068,
      "y" : -7.663119,
      "z" : 27.725426
    }, {
      "x" : -4.236068,
      "y" : 0.0,
      "z" : 29.034441
    }, {
      "x" : -14.5172205,
      "y" : -5.545085,
      "z" : 26.916409
    }, {
      "x" : -5.545085,
      "y" : -13.208204,
      "z" : 25.607391
    } ],
    "faces" : [ {
      "vertices" : [ 0, 1, 2 ]
    }, {
      "vertices" : [ 0, 2, 3 ]
    }, {
      "vertices" : [ 0, 3, 2 ]
    }, {
      "vertices" : [ 0, 2, 1 ]
    } ]
  }, {
    "id" : "89348e52-000b-4b35-9788-17360cb08731",
    "vertices" : [ {
      "x" : -12.399187,
      "y" : 20.062305,
      "z" : 17.135256
    }, {
      "x" : -11.09017,
      "y" : 11.09017,
      "z" : 24.798374
    }, {
      "x" : 0.0,
      "y" : 11.09017,
      "z" : 29.034441
    }, {
      "x" : -1.309017,
      "y" : 20.062305,
      "z" : 21.371323
    } ],
    "faces" : [ {
      "vertices" : [ 0, 1, 2 ]
    }, {
      "vertices" : [ 0, 2, 3 ]
    }, {
      "vertices" : [ 0, 3, 2 ]
    }, {
      "vertices" : [ 0, 2, 1 ]
    } ]
  }, {
    "id" : "34a88e12-bfe9-44e4-b619-b7da8399a7b1",
    "vertices" : [ {
      "x" : -15.326238,
      "y" : -24.798374,
      "z" : 0.0
    }, {
      "x" : -4.236068,
      "y" : -29.034441,
      "z" : 0.0
    }, {
      "x" : 0.0,
      "y" : -29.034441,
      "z" : 11.09017
    }, {
      "x" : -11.09017,
      "y" : -24.798374,
      "z" : 11.09017
    } ],
    "faces" : [ {
      "vertices" : [ 0, 1, 2 ]
    }, {
      "vertices" : [ 0, 2, 3 ]
    }, {
      "vertices" : [ 0, 3, 2 ]
    }, {
      "vertices" : [ 0, 2, 1 ]
    } ]
  }, {
    "id" : "66d74e5e-3452-45c4-8865-bf4ca74a9b8b",
    "vertices" : [ {
      "x" : 12.399187,
      "y" : 20.062305,
      "z" : 17.135256
    }, {
      "x" : 5.545085,
      "y" : 26.916409,
      "z" : 10.281153
    }, {
      "x" : -5.545085,
      "y" : 26.916409,
      "z" : 14.5172205
    }, {
      "x" : 1.309017,
      "y" : 20.062305,
      "z" : 21.371323
    } ],
    "faces" : [ {
      "vertices" : [ 0, 1, 2 ]
    }, {
      "vertices" : [ 0, 2, 3 ]
    }, {
      "vertices" : [ 0, 3, 2 ]
    }, {
      "vertices" : [ 0, 2, 1 ]
    } ]
  }, {
    "id" : "1d0c72e5-351b-44fb-b61f-5b88c2bb25f8",
    "vertices" : [ {
      "x" : 29.034441,
      "y" : 0.0,
      "z" : 11.09017
    }, {
      "x" : 24.798374,
      "y" : -11.09017,
      "z" : 11.09017
    }, {
      "x" : 23.489357,
      "y" : -20.062305,
      "z" : 3.427051
    }, {
      "x" : 27.725426,
      "y" : -8.972136,
      "z" : 3.427051
    } ],
    "faces" : [ {
      "vertices" : [ 0, 1, 2 ]
    }, {
      "vertices" : [ 0, 2, 3 ]
    }, {
      "vertices" : [ 0, 3, 2 ]
    }, {
      "vertices" : [ 0, 2, 1 ]
    } ]
  }, {
    "id" : "2e7448be-8cff-4f35-a925-7183b7613ea3",
    "vertices" : [ {
      "x" : 7.663119,
      "y" : 27.725426,
      "z" : 4.736068
    }, {
      "x" : 0.0,
      "y" : 29.034441,
      "z" : -4.236068
    }, {
      "x" : -11.09017,
      "y" : 29.034441,
      "z" : 0.0
    }, {
      "x" : -3.427051,
      "y" : 27.725426,
      "z" : 8.972136
    } ],
    "faces" : [ {
      "vertices" : [ 0, 1, 2 ]
    }, {
      "vertices" : [ 0, 2, 3 ]
    }, {
      "vertices" : [ 0, 3, 2 ]
    }, {
      "vertices" : [ 0, 2, 1 ]
    } ]
  }, {
    "id" : "bba742ff-e11a-4662-b2ad-bf3cdc5bffed",
    "vertices" : [ {
      "x" : 29.034441,
      "y" : 0.0,
      "z" : 11.09017
    }, {
      "x" : 27.725426,
      "y" : 8.972136,
      "z" : 3.427051
    }, {
      "x" : 23.489357,
      "y" : 20.062305,
      "z" : 3.427051
    }, {
      "x" : 24.798374,
      "y" : 11.09017,
      "z" : 11.09017
    } ],
    "faces" : [ {
      "vertices" : [ 0, 1, 2 ]
    }, {
      "vertices" : [ 0, 2, 3 ]
    }, {
      "vertices" : [ 0, 3, 2 ]
    }, {
      "vertices" : [ 0, 2, 1 ]
    } ]
  }, {
    "id" : "c3a8b757-5bef-4e3c-b482-4ff5976d303a",
    "vertices" : [ {
      "x" : -29.034441,
      "y" : 11.09017,
      "z" : 0.0
    }, {
      "x" : -22.18034,
      "y" : 17.944271,
      "z" : -6.854102
    }, {
      "x" : -17.944271,
      "y" : 17.944271,
      "z" : -17.944271
    }, {
      "x" : -24.798374,
      "y" : 11.09017,
      "z" : -11.09017
    } ],
    "faces" : [ {
      "vertices" : [ 0, 1, 2 ]
    }, {
      "vertices" : [ 0, 2, 3 ]
    }, {
      "vertices" : [ 0, 3, 2 ]
    }, {
      "vertices" : [ 0, 2, 1 ]
    } ]
  }, {
    "id" : "920bf25b-a701-447e-b2c6-bc89cca20d56",
    "vertices" : [ {
      "x" : -17.135256,
      "y" : 12.399187,
      "z" : -20.062305
    }, {
      "x" : -15.826238,
      "y" : 21.371323,
      "z" : -12.399187
    }, {
      "x" : -5.545085,
      "y" : 26.916409,
      "z" : -14.5172205
    }, {
      "x" : -6.854102,
      "y" : 17.944271,
      "z" : -22.18034
    } ],
    "faces" : [ {
      "vertices" : [ 0, 1, 2 ]
    }, {
      "vertices" : [ 0, 2, 3 ]
    }, {
      "vertices" : [ 0, 3, 2 ]
    }, {
      "vertices" : [ 0, 2, 1 ]
    } ]
  }, {
    "id" : "946f42c5-81d1-4e8c-af2e-b9b8ecff3742",
    "vertices" : [ {
      "x" : 11.09017,
      "y" : -29.034441,
      "z" : 0.0
    }, {
      "x" : 0.0,
      "y" : -29.034441,
      "z" : -4.236068
    }, {
      "x" : -5.545085,
      "y" : -26.916409,
      "z" : -14.5172205
    }, {
      "x" : 5.545085,
      "y" : -26.916409,
      "z" : -10.281153
    } ],
    "faces" : [ {
      "vertices" : [ 0, 1, 2 ]
    }, {
      "vertices" : [ 0, 2, 3 ]
    }, {
      "vertices" : [ 0, 3, 2 ]
    }, {
      "vertices" : [ 0, 2, 1 ]
    } ]
  }, {
    "id" : "ed7b1baa-8544-4b4f-bf39-7b2285d1e759",
    "vertices" : [ {
      "x" : 4.736068,
      "y" : 7.663119,
      "z" : 27.725426
    }, {
      "x" : 8.972136,
      "y" : -3.427051,
      "z" : 27.725426
    }, {
      "x" : 20.062305,
      "y" : -3.427051,
      "z" : 23.489357
    }, {
      "x" : 15.826238,
      "y" : 7.663119,
      "z" : 23.489357
    } ],
    "faces" : [ {
      "vertices" : [ 0, 1, 2 ]
    }, {
      "vertices" : [ 0, 2, 3 ]
    }, {
      "vertices" : [ 0, 3, 2 ]
    }, {
      "vertices" : [ 0, 2, 1 ]
    } ]
  }, {
    "id" : "1c8c1c92-254b-45e0-b92b-8b8ac1ca90a5",
    "vertices" : [ {
      "x" : -17.135256,
      "y" : 12.399187,
      "z" : 20.062305
    }, {
      "x" : -21.371323,
      "y" : 1.309017,
      "z" : 20.062305
    }, {
      "x" : -14.5172205,
      "y" : -5.545085,
      "z" : 26.916409
    }, {
      "x" : -10.281153,
      "y" : 5.545085,
      "z" : 26.916409
    } ],
    "faces" : [ {
      "vertices" : [ 0, 1, 2 ]
    }, {
      "vertices" : [ 0, 2, 3 ]
    }, {
      "vertices" : [ 0, 3, 2 ]
    }, {
      "vertices" : [ 0, 2, 1 ]
    } ]
  }, {
    "id" : "09c7f7bb-36fe-4827-a220-712215af21dd",
    "vertices" : [ {
      "x" : 0.0,
      "y" : -11.09017,
      "z" : -29.034441
    }, {
      "x" : 1.309017,
      "y" : -20.062305,
      "z" : -21.371323
    }, {
      "x" : -5.545085,
      "y" : -26.916409,
      "z" : -14.5172205
    }, {
      "x" : -6.854102,
      "y" : -17.944271,
      "z" : -22.18034
    } ],
    "faces" : [ {
      "vertices" : [ 0, 1, 2 ]
    }, {
      "vertices" : [ 0, 2, 3 ]
    }, {
      "vertices" : [ 0, 3, 2 ]
    }, {
      "vertices" : [ 0, 2, 1 ]
    } ]
  }, {
    "id" : "cd88d227-1298-447f-9d2b-c8abf5c73b67",
    "vertices" : [ {
      "x" : -12.399187,
      "y" : -20.062305,
      "z" : -17.135256
    }, {
      "x" : -1.309017,
      "y" : -20.062305,
      "z" : -21.371323
    }, {
      "x" : 5.545085,
      "y" : -26.916409,
      "z" : -14.5172205
    }, {
      "x" : -5.545085,
      "y" : -26.916409,
      "z" : -10.281153
    } ],
    "faces" : [ {
      "vertices" : [ 0, 1, 2 ]
    }, {
      "vertices" : [ 0, 2, 3 ]
    }, {
      "vertices" : [ 0, 3, 2 ]
    }, {
      "vertices" : [ 0, 2, 1 ]
    } ]
  }, {
    "id" : "9dea3874-7e2b-4a40-91b9-5652e2197733",
    "vertices" : [ {
      "x" : 17.944271,
      "y" : -17.944271,
      "z" : 17.944271
    }, {
      "x" : 17.944271,
      "y" : -22.18034,
      "z" : 6.854102
    }, {
      "x" : 11.09017,
      "y" : -29.034441,
      "z" : 0.0
    }, {
      "x" : 11.09017,
      "y" : -24.798374,
      "z" : 11.09017
    } ],
    "faces" : [ {
      "vertices" : [ 0, 1, 2 ]
    }, {
      "vertices" : [ 0, 2, 3 ]
    }, {
      "vertices" : [ 0, 3, 2 ]
    }, {
      "vertices" : [ 0, 2, 1 ]
    } ]
  }, {
    "id" : "9f80c3d4-ea6f-4e07-a088-669540557239",
    "vertices" : [ {
      "x" : 24.798374,
      "y" : -15.326238,
      "z" : 0.0
    }, {
      "x" : 24.798374,
      "y" : -11.09017,
      "z" : 11.09017
    }, {
      "x" : 29.034441,
      "y" : 0.0,
      "z" : 11.09017
    }, {
      "x" : 29.034441,
      "y" : -4.236068,
      "z" : 0.0
    } ],
    "faces" : [ {
      "vertices" : [ 0, 1, 2 ]
    }, {
      "vertices" : [ 0, 2, 3 ]
    }, {
      "vertices" : [ 0, 3, 2 ]
    }, {
      "vertices" : [ 0, 2, 1 ]
    } ]
  }, {
    "id" : "eeafea79-f81b-4f56-afff-8cc39288c277",
    "vertices" : [ {
      "x" : -4.736068,
      "y" : 7.663119,
      "z" : 27.725426
    }, {
      "x" : -6.854102,
      "y" : 17.944271,
      "z" : 22.18034
    }, {
      "x" : -17.944271,
      "y" : 17.944271,
      "z" : 17.944271
    }, {
      "x" : -15.826238,
      "y" : 7.663119,
      "z" : 23.489357
    } ],
    "faces" : [ {
      "vertices" : [ 0, 1, 2 ]
    }, {
      "vertices" : [ 0, 2, 3 ]
    }, {
      "vertices" : [ 0, 3, 2 ]
    }, {
      "vertices" : [ 0, 2, 1 ]
    } ]
  }, {
    "id" : "a0757455-2833-42fb-b382-9727e01e364b",
    "vertices" : [ {
      "x" : 17.944271,
      "y" : -17.944271,
      "z" : 17.944271
    }, {
      "x" : 17.944271,
      "y" : -22.18034,
      "z" : 6.854102
    }, {
      "x" : 23.489357,
      "y" : -20.062305,
      "z" : -3.427051
    }, {
      "x" : 23.489357,
      "y" : -15.826238,
      "z" : 7.663119
    } ],
    "faces" : [ {
      "vertices" : [ 0, 1, 2 ]
    }, {
      "vertices" : [ 0, 2, 3 ]
    }, {
      "vertices" : [ 0, 3, 2 ]
    }, {
      "vertices" : [ 0, 2, 1 ]
    } ]
  }, {
    "id" : "61a8ff9e-d011-4219-b36b-bc4d3a612fda",
    "vertices" : [ {
      "x" : -4.736068,
      "y" : -7.663119,
      "z" : 27.725426
    }, {
      "x" : 4.236068,
      "y" : 0.0,
      "z" : 29.034441
    }, {
      "x" : 0.0,
      "y" : 11.09017,
      "z" : 29.034441
    }, {
      "x" : -8.972136,
      "y" : 3.427051,
      "z" : 27.725426
    } ],
    "faces" : [ {
      "vertices" : [ 0, 1, 2 ]
    }, {
      "vertices" : [ 0, 2, 3 ]
    }, {
      "vertices" : [ 0, 3, 2 ]
    }, {
      "vertices" : [ 0, 2, 1 ]
    } ]
  }, {
    "id" : "5fa4c808-414d-480c-8a0a-f6c5f587dd1d",
    "vertices" : [ {
      "x" : -24.798374,
      "y" : -15.326238,
      "z" : 0.0
    }, {
      "x" : -17.944271,
      "y" : -22.18034,
      "z" : -6.854102
    }, {
      "x" : -17.944271,
      "y" : -17.944271,
      "z" : -17.944271
    }, {
      "x" : -24.798374,
      "y" : -11.09017,
      "z" : -11.09017
    } ],
    "faces" : [ {
      "vertices" : [ 0, 1, 2 ]
    }, {
      "vertices" : [ 0, 2, 3 ]
    }, {
      "vertices" : [ 0, 3, 2 ]
    }, {
      "vertices" : [ 0, 2, 1 ]
    } ]
  }, {
    "id" : "334baa7d-51e3-496c-8105-9698540c1d1b",
    "vertices" : [ {
      "x" : 15.326238,
      "y" : 0.0,
      "z" : -24.798374
    }, {
      "x" : 22.18034,
      "y" : -6.854102,
      "z" : -17.944271
    }, {
      "x" : 29.034441,
      "y" : 0.0,
      "z" : -11.09017
    }, {
      "x" : 22.18034,
      "y" : 6.854102,
      "z" : -17.944271
    } ],
    "faces" : [ {
      "vertices" : [ 0, 1, 2 ]
    }, {
      "vertices" : [ 0, 2, 3 ]
    }, {
      "vertices" : [ 0, 3, 2 ]
    }, {
      "vertices" : [ 0, 2, 1 ]
    } ]
  }, {
    "id" : "cd33bc6d-35b0-45b4-9e50-b78cdaddfdf2",
    "vertices" : [ {
      "x" : 0.0,
      "y" : 15.326238,
      "z" : 24.798374
    }, {
      "x" : 6.854102,
      "y" : 22.18034,
      "z" : 17.944271
    }, {
      "x" : 0.0,
      "y" : 29.034441,
      "z" : 11.09017
    }, {
      "x" : -6.854102,
      "y" : 22.18034,
      "z" : 17.944271
    } ],
    "faces" : [ {
      "vertices" : [ 0, 1, 2 ]
    }, {
      "vertices" : [ 0, 2, 3 ]
    }, {
      "vertices" : [ 0, 3, 2 ]
    }, {
      "vertices" : [ 0, 2, 1 ]
    } ]
  }, {
    "id" : "6f3b1c78-88fd-4743-b1e0-12da61c4b25d",
    "vertices" : [ {
      "x" : 15.326238,
      "y" : 0.0,
      "z" : 24.798374
    }, {
      "x" : 11.09017,
      "y" : 11.09017,
      "z" : 24.798374
    }, {
      "x" : 17.944271,
      "y" : 17.944271,
      "z" : 17.944271
    }, {
      "x" : 22.18034,
      "y" : 6.854102,
      "z" : 17.944271
    } ],
    "faces" : [ {
      "vertices" : [ 0, 1, 2 ]
    }, {
      "vertices" : [ 0, 2, 3 ]
    }, {
      "vertices" : [ 0, 3, 2 ]
    }, {
      "vertices" : [ 0, 2, 1 ]
    } ]
  }, {
    "id" : "280586b9-474b-4a7a-91c4-ad09ee4144cc",
    "vertices" : [ {
      "x" : 24.798374,
      "y" : 0.0,
      "z" : 15.326238
    }, {
      "x" : 17.944271,
      "y" : 6.854102,
      "z" : 22.18034
    }, {
      "x" : 11.09017,
      "y" : 0.0,
      "z" : 29.034441
    }, {
      "x" : 17.944271,
      "y" : -6.854102,
      "z" : 22.18034
    } ],
    "faces" : [ {
      "vertices" : [ 0, 1, 2 ]
    }, {
      "vertices" : [ 0, 2, 3 ]
    }, {
      "vertices" : [ 0, 3, 2 ]
    }, {
      "vertices" : [ 0, 2, 1 ]
    } ]
  }, {
    "id" : "f1e6e34f-e8b8-4777-b6a6-6c2e892a31b5",
    "vertices" : [ {
      "x" : -17.944271,
      "y" : 17.944271,
      "z" : -17.944271
    }, {
      "x" : -15.826238,
      "y" : 7.663119,
      "z" : -23.489357
    }, {
      "x" : -20.062305,
      "y" : -3.427051,
      "z" : -23.489357
    }, {
      "x" : -22.18034,
      "y" : 6.854102,
      "z" : -17.944271
    } ],
    "faces" : [ {
      "vertices" : [ 0, 1, 2 ]
    }, {
      "vertices" : [ 0, 2, 3 ]
    }, {
      "vertices" : [ 0, 3, 2 ]
    }, {
      "vertices" : [ 0, 2, 1 ]
    } ]
  }, {
    "id" : "4c7111ce-f9b5-4f1c-86e6-4bb743a9d22e",
    "vertices" : [ {
      "x" : -17.944271,
      "y" : 17.944271,
      "z" : -17.944271
    }, {
      "x" : -23.489357,
      "y" : 15.826238,
      "z" : -7.663119
    }, {
      "x" : -23.489357,
      "y" : 20.062305,
      "z" : 3.427051
    }, {
      "x" : -17.944271,
      "y" : 22.18034,
      "z" : -6.854102
    } ],
    "faces" : [ {
      "vertices" : [ 0, 1, 2 ]
    }, {
      "vertices" : [ 0, 2, 3 ]
    }, {
      "vertices" : [ 0, 3, 2 ]
    }, {
      "vertices" : [ 0, 2, 1 ]
    } ]
  }, {
    "id" : "8a10b71d-e0f7-4e2c-8b36-2aa0761ec5ef",
    "vertices" : [ {
      "x" : 17.135256,
      "y" : -12.399187,
      "z" : 20.062305
    }, {
      "x" : 6.854102,
      "y" : -17.944271,
      "z" : 22.18034
    }, {
      "x" : 5.545085,
      "y" : -26.916409,
      "z" : 14.5172205
    }, {
      "x" : 15.826238,
      "y" : -21.371323,
      "z" : 12.399187
    } ],
    "faces" : [ {
      "vertices" : [ 0, 1, 2 ]
    }, {
      "vertices" : [ 0, 2, 3 ]
    }, {
      "vertices" : [ 0, 3, 2 ]
    }, {
      "vertices" : [ 0, 2, 1 ]
    } ]
  }, {
    "id" : "d71809bb-f7ef-4263-b8df-e1a02eb3b0bc",
    "vertices" : [ {
      "x" : -20.062305,
      "y" : 17.135256,
      "z" : -12.399187
    }, {
      "x" : -22.18034,
      "y" : 6.854102,
      "z" : -17.944271
    }, {
      "x" : -29.034441,
      "y" : 0.0,
      "z" : -11.09017
    }, {
      "x" : -26.916409,
      "y" : 10.281153,
      "z" : -5.545085
    } ],
    "faces" : [ {
      "vertices" : [ 0, 1, 2 ]
    }, {
      "vertices" : [ 0, 2, 3 ]
    }, {
      "vertices" : [ 0, 3, 2 ]
    }, {
      "vertices" : [ 0, 2, 1 ]
    } ]
  }, {
    "id" : "88a898cd-c7c7-447a-a5e6-d717d2e94764",
    "vertices" : [ {
      "x" : -27.725426,
      "y" : 4.736068,
      "z" : -7.663119
    }, {
      "x" : -22.18034,
      "y" : 6.854102,
      "z" : -17.944271
    }, {
      "x" : -20.062305,
      "y" : -3.427051,
      "z" : -23.489357
    }, {
      "x" : -25.607391,
      "y" : -5.545085,
      "z" : -13.208204
    } ],
    "faces" : [ {
      "vertices" : [ 0, 1, 2 ]
    }, {
      "vertices" : [ 0, 2, 3 ]
    }, {
      "vertices" : [ 0, 3, 2 ]
    }, {
      "vertices" : [ 0, 2, 1 ]
    } ]
  }, {
    "id" : "f46c9597-b051-443a-8bbc-0b5ec0ce401b",
    "vertices" : [ {
      "x" : -4.736068,
      "y" : 7.663119,
      "z" : 27.725426
    }, {
      "x" : -15.826238,
      "y" : 7.663119,
      "z" : 23.489357
    }, {
      "x" : -20.062305,
      "y" : -3.427051,
      "z" : 23.489357
    }, {
      "x" : -8.972136,
      "y" : -3.427051,
      "z" : 27.725426
    } ],
    "faces" : [ {
      "vertices" : [ 0, 1, 2 ]
    }, {
      "vertices" : [ 0, 2, 3 ]
    }, {
      "vertices" : [ 0, 3, 2 ]
    }, {
      "vertices" : [ 0, 2, 1 ]
    } ]
  }, {
    "id" : "dfcf8cef-f62a-4d8d-93dc-7cbec5679e47",
    "vertices" : [ {
      "x" : -17.944271,
      "y" : 17.944271,
      "z" : -17.944271
    }, {
      "x" : -11.09017,
      "y" : 24.798374,
      "z" : -11.09017
    }, {
      "x" : -11.09017,
      "y" : 29.034441,
      "z" : 0.0
    }, {
      "x" : -17.944271,
      "y" : 22.18034,
      "z" : -6.854102
    } ],
    "faces" : [ {
      "vertices" : [ 0, 1, 2 ]
    }, {
      "vertices" : [ 0, 2, 3 ]
    }, {
      "vertices" : [ 0, 3, 2 ]
    }, {
      "vertices" : [ 0, 2, 1 ]
    } ]
  }, {
    "id" : "d6db8ed2-540e-42b6-bb5e-cf145688f61d",
    "vertices" : [ {
      "x" : -24.798374,
      "y" : 0.0,
      "z" : -15.326238
    }, {
      "x" : -17.944271,
      "y" : -6.854102,
      "z" : -22.18034
    }, {
      "x" : -17.944271,
      "y" : -17.944271,
      "z" : -17.944271
    }, {
      "x" : -24.798374,
      "y" : -11.09017,
      "z" : -11.09017
    } ],
    "faces" : [ {
      "vertices" : [ 0, 1, 2 ]
    }, {
      "vertices" : [ 0, 2, 3 ]
    }, {
      "vertices" : [ 0, 3, 2 ]
    }, {
      "vertices" : [ 0, 2, 1 ]
    } ]
  }, {
    "id" : "60c1fa38-d6f7-4614-b1ca-109cbaff608f",
    "vertices" : [ {
      "x" : 4.736068,
      "y" : 7.663119,
      "z" : 27.725426
    }, {
      "x" : 6.854102,
      "y" : 17.944271,
      "z" : 22.18034
    }, {
      "x" : -3.427051,
      "y" : 23.489357,
      "z" : 20.062305
    }, {
      "x" : -5.545085,
      "y" : 13.208204,
      "z" : 25.607391
    } ],
    "faces" : [ {
      "vertices" : [ 0, 1, 2 ]
    }, {
      "vertices" : [ 0, 2, 3 ]
    }, {
      "vertices" : [ 0, 3, 2 ]
    }, {
      "vertices" : [ 0, 2, 1 ]
    } ]
  }, {
    "id" : "9785a5e6-15a7-4613-a87b-cbd74c4c70b1",
    "vertices" : [ {
      "x" : -4.736068,
      "y" : -7.663119,
      "z" : 27.725426
    }, {
      "x" : 5.545085,
      "y" : -13.208204,
      "z" : 25.607391
    }, {
      "x" : 14.5172205,
      "y" : -5.545085,
      "z" : 26.916409
    }, {
      "x" : 4.236068,
      "y" : 0.0,
      "z" : 29.034441
    } ],
    "faces" : [ {
      "vertices" : [ 0, 1, 2 ]
    }, {
      "vertices" : [ 0, 2, 3 ]
    }, {
      "vertices" : [ 0, 3, 2 ]
    }, {
      "vertices" : [ 0, 2, 1 ]
    } ]
  }, {
    "id" : "ab1276d8-2e92-4053-a8dd-ea747c4d64d1",
    "vertices" : [ {
      "x" : 4.736068,
      "y" : -7.663119,
      "z" : -27.725426
    }, {
      "x" : -4.236068,
      "y" : 0.0,
      "z" : -29.034441
    }, {
      "x" : 0.0,
      "y" : 11.09017,
      "z" : -29.034441
    }, {
      "x" : 8.972136,
      "y" : 3.427051,
      "z" : -27.725426
    } ],
    "faces" : [ {
      "vertices" : [ 0, 1, 2 ]
    }, {
      "vertices" : [ 0, 2, 3 ]
    }, {
      "vertices" : [ 0, 3, 2 ]
    }, {
      "vertices" : [ 0, 2, 1 ]
    } ]
  }, {
    "id" : "de4ac563-d181-4935-b346-f768b6f53033",
    "vertices" : [ {
      "x" : -15.326238,
      "y" : 0.0,
      "z" : -24.798374
    }, {
      "x" : -11.09017,
      "y" : 11.09017,
      "z" : -24.798374
    }, {
      "x" : -17.944271,
      "y" : 17.944271,
      "z" : -17.944271
    }, {
      "x" : -22.18034,
      "y" : 6.854102,
      "z" : -17.944271
    } ],
    "faces" : [ {
      "vertices" : [ 0, 1, 2 ]
    }, {
      "vertices" : [ 0, 2, 3 ]
    }, {
      "vertices" : [ 0, 3, 2 ]
    }, {
      "vertices" : [ 0, 2, 1 ]
    } ]
  }, {
    "id" : "f51ae369-6b5c-453e-9ca4-e77668394f16",
    "vertices" : [ {
      "x" : -4.736068,
      "y" : 7.663119,
      "z" : -27.725426
    }, {
      "x" : -6.854102,
      "y" : 17.944271,
      "z" : -22.18034
    }, {
      "x" : 3.427051,
      "y" : 23.489357,
      "z" : -20.062305
    }, {
      "x" : 5.545085,
      "y" : 13.208204,
      "z" : -25.607391
    } ],
    "faces" : [ {
      "vertices" : [ 0, 1, 2 ]
    }, {
      "vertices" : [ 0, 2, 3 ]
    }, {
      "vertices" : [ 0, 3, 2 ]
    }, {
      "vertices" : [ 0, 2, 1 ]
    } ]
  }, {
    "id" : "e9f0a6b6-cabe-4c16-9291-adab5c7debce",
    "vertices" : [ {
      "x" : -11.09017,
      "y" : -29.034441,
      "z" : 0.0
    }, {
      "x" : 0.0,
      "y" : -29.034441,
      "z" : 4.236068
    }, {
      "x" : 5.545085,
      "y" : -26.916409,
      "z" : 14.5172205
    }, {
      "x" : -5.545085,
      "y" : -26.916409,
      "z" : 10.281153
    } ],
    "faces" : [ {
      "vertices" : [ 0, 1, 2 ]
    }, {
      "vertices" : [ 0, 2, 3 ]
    }, {
      "vertices" : [ 0, 3, 2 ]
    }, {
      "vertices" : [ 0, 2, 1 ]
    } ]
  }, {
    "id" : "3132a808-a437-4baa-8aef-52bd87f2e080",
    "vertices" : [ {
      "x" : 0.0,
      "y" : 11.09017,
      "z" : 29.034441
    }, {
      "x" : -10.281153,
      "y" : 5.545085,
      "z" : 26.916409
    }, {
      "x" : -14.5172205,
      "y" : -5.545085,
      "z" : 26.916409
    }, {
      "x" : -4.236068,
      "y" : 0.0,
      "z" : 29.034441
    } ],
    "faces" : [ {
      "vertices" : [ 0, 1, 2 ]
    }, {
      "vertices" : [ 0, 2, 3 ]
    }, {
      "vertices" : [ 0, 3, 2 ]
    }, {
      "vertices" : [ 0, 2, 1 ]
    } ]
  }, {
    "id" : "f9fb5f51-951b-4e4b-a12b-58f8a8d12145",
    "vertices" : [ {
      "x" : 0.0,
      "y" : 24.798374,
      "z" : 15.326238
    }, {
      "x" : 6.854102,
      "y" : 17.944271,
      "z" : 22.18034
    }, {
      "x" : 0.0,
      "y" : 11.09017,
      "z" : 29.034441
    }, {
      "x" : -6.854102,
      "y" : 17.944271,
      "z" : 22.18034
    } ],
    "faces" : [ {
      "vertices" : [ 0, 1, 2 ]
    }, {
      "vertices" : [ 0, 2, 3 ]
    }, {
      "vertices" : [ 0, 3, 2 ]
    }, {
      "vertices" : [ 0, 2, 1 ]
    } ]
  }, {
    "id" : "0b02bfdc-9144-40f1-bedb-05a94282e5f2",
    "vertices" : [ {
      "x" : -15.326238,
      "y" : 24.798374,
      "z" : 0.0
    }, {
      "x" : -4.236068,
      "y" : 29.034441,
      "z" : 0.0
    }, {
      "x" : 0.0,
      "y" : 29.034441,
      "z" : -11.09017
    }, {
      "x" : -11.09017,
      "y" : 24.798374,
      "z" : -11.09017
    } ],
    "faces" : [ {
      "vertices" : [ 0, 1, 2 ]
    }, {
      "vertices" : [ 0, 2, 3 ]
    }, {
