{
  "field" : "golden",
  "symmetry" : "icosahedral",
  "orientations" : [ [ 1.0, 0.0, 0.0, 0.0, 0.0, 1.0, 0.0, 0.0, 0.0, 0.0, 1.0, 0.0, 0.0, 0.0, 0.0, 1.0 ], [ 0.0, 0.0, 1.0, 0.0, 1.0, 0.0, 0.0, 0.0, 0.0, 1.0, 0.0, 0.0, 0.0, 0.0, 0.0, 1.0 ], [ 0.0, 1.0, 0.0, 0.0, 0.0, 0.0, 1.0, 0.0, 1.0, 0.0, 0.0, 0.0, 0.0, 0.0, 0.0, 1.0 ], [ 0.809017, 0.309017, 0.5, 0.0, 0.309017, 0.5, -0.809017, 0.0, -0.5, 0.809017, 0.309017, 0.0, 0.0, 0.0, 0.0, 1.0 ], [ -0.5, 0.809017, 0.309017, 0.0, 0.809017, 0.309017, 0.5, 0.0, 0.309017, 0.5, -0.809017, 0.0, 0.0, 0.0, 0.0, 1.0 ], [ 0.309017, 0.5, -0.809017, 0.0, -0.5, 0.809017, 0.309017, 0.0, 0.809017, 0.309017, 0.5, 0.0, 0.0, 0.0, 0.0, 1.0 ], [ 0.5, 0.809017, 0.309017, 0.0, 0.809017, -0.309017, -0.5, 0.0, -0.309017, 0.5, -0.809017, 0.0, 0.0, 0.0, 0.0, 1.0 ], [ -0.309017, 0.5, -0.809017, 0.0, 0.5, 0.809017, 0.309017, 0.0, 0.809017, -0.309017, -0.5, 0.0, 0.0, 0.0, 0.0, 1.0 ], [ 0.809017, -0.309017, -0.5, 0.0, -0.309017, 0.5, -0.809017, 0.0, 0.5, 0.809017, 0.309017, 0.0, 0.0, 0.0, 0.0, 1.0 ], [ 0.5, 0.809017, -0.309017, 0.0, 0.809017, -0.309017, 0.5, 0.0, 0.309017, -0.5, -0.809017, 0.0, 0.0, 0.0, 0.0, 1.0 ], [ 0.309017, -0.5, -0.809017, 0.0, 0.5, 0.809017, -0.309017, 0.0, 0.809017, -0.309017, 0.5, 0.0, 0.0, 0.0, 0.0, 1.0 ], [ 0.809017, -0.309017, 0.5, 0.0, 0.309017, -0.5, -0.809017, 0.0, 0.5, 0.809017, -0.309017, 0.0, 0.0, 0.0, 0.0, 1.0 ], [ 0.809017, 0.309017, -0.5, 0.0, 0.309017, 0.5, 0.809017, 0.0, 0.5, -0.809017, 0.309017, 0.0, 0.0, 0.0, 0.0, 1.0 ], [ 0.5, -0.809017, 0.309017, 0.0, 0.809017, 0.309017, -0.5, 0.0, 0.309017, 0.5, 0.809017, 0.0, 0.0, 0.0, 0.0, 1.0 ], [ 0.309017, 0.5, 0.809017, 0.0, 0.5, -0.809017, 0.309017, 0.0, 0.809017, 0.309017, -0.5, 0.0, 0.0, 0.0, 0.0, 1.0 ], [ 1.0, 0.0, 0.0, 0.0, 0.0, -1.0, 0.0, 0.0, 0.0, 0.0, -1.0, 0.0, 0.0, 0.0, 0.0, 1.0 ], [ 0.0, 0.0, 1.0, 0.0, -1.0, 0.0, 0.0, 0.0, 0.0, -1.0, 0.0, 0.0, 0.0, 0.0, 0.0, 1.0 ], [ 0.0, 1.0, 0.0, 0.0, 0.0, 0.0, -1.0, 0.0, -1.0, 0.0, 0.0, 0.0, 0.0, 0.0, 0.0, 1.0 ], [ 0.809017, 0.309017, 0.5, 0.0, -0.309017, -0.5, 0.809017, 0.0, 0.5, -0.809017, -0.309017, 0.0, 0.0, 0.0, 0.0, 1.0 ], [ -0.5, 0.809017, 0.309017, 0.0, -0.809017, -0.309017, -0.5, 0.0, -0.309017, -0.5, 0.809017, 0.0, 0.0, 0.0, 0.0, 1.0 ], [ 0.309017, 0.5, -0.809017, 0.0, 0.5, -0.809017, -0.309017, 0.0, -0.809017, -0.309017, -0.5, 0.0, 0.0, 0.0, 0.0, 1.0 ], [ 0.5, 0.809017, 0.309017, 0.0, -0.809017, 0.309017, 0.5, 0.0, 0.309017, -0.5, 0.809017, 0.0, 0.0, 0.0, 0.0, 1.0 ], [ -0.309017, 0.5, -0.809017, 0.0, -0.5, -0.809017, -0.309017, 0.0, -0.809017, 0.309017, 0.5, 0.0, 0.0, 0.0, 0.0, 1.0 ], [ 0.809017, -0.309017, -0.5, 0.0, 0.309017, -0.5, 0.809017, 0.0, -0.5, -0.809017, -0.309017, 0.0, 0.0, 0.0, 0.0, 1.0 ], [ 0.5, 0.809017, -0.309017, 0.0, -0.809017, 0.309017, -0.5, 0.0, -0.309017, 0.5, 0.809017, 0.0, 0.0, 0.0, 0.0, 1.0 ], [ 0.309017, -0.5, -0.809017, 0.0, -0.5, -0.809017, 0.309017, 0.0, -0.809017, 0.309017, -0.5, 0.0, 0.0, 0.0, 0.0, 1.0 ], [ 0.809017, -0.309017, 0.5, 0.0, -0.309017, 0.5, 0.809017, 0.0, -0.5, -0.809017, 0.309017, 0.0, 0.0, 0.0, 0.0, 1.0 ], [ 0.809017, 0.309017, -0.5, 0.0, -0.309017, -0.5, -0.809017, 0.0, -0.5, 0.809017, -0.309017, 0.0, 0.0, 0.0, 0.0, 1.0 ], [ 0.5, -0.809017, 0.309017, 0.0, -0.809017, -0.309017, 0.5, 0.0, -0.309017, -0.5, -0.809017, 0.0, 0.0, 0.0, 0.0, 1.0 ], [ 0.309017, 0.5, 0.809017, 0.0, -0.5, 0.809017, -0.309017, 0.0, -0.809017, -0.309017, 0.5, 0.0, 0.0, 0.0, 0.0, 1.0 ], [ -1.0, 0.0, 0.0, 0.0, 0.0, -1.0, 0.0, 0.0, 0.0, 0.0, 1.0, 0.0, 0.0, 0.0, 0.0, 1.0 ], [ 0.0, 0.0, -1.0, 0.0, -1.0, 0.0, 0.0, 0.0, 0.0, 1.0, 0.0, 0.0, 0.0, 0.0, 0.0, 1.0 ], [ 0.0, -1.0, 0.0, 0.0, 0.0, 0.0, -1.0, 0.0, 1.0, 0.0, 0.0, 0.0, 0.0, 0.0, 0.0, 1.0 ], [ -0.809017, -0.309017, -0.5, 0.0, -0.309017, -0.5, 0.809017, 0.0, -0.5, 0.809017, 0.309017, 0.0, 0.0, 0.0, 0.0, 1.0 ], [ 0.5, -0.809017, -0.309017, 0.0, -0.809017, -0.309017, -0.5, 0.0, 0.309017, 0.5, -0.809017, 0.0, 0.0, 0.0, 0.0, 1.0 ], [ -0.309017, -0.5, 0.809017, 0.0, 0.5, -0.809017, -0.309017, 0.0, 0.809017, 0.309017, 0.5, 0.0, 0.0, 0.0, 0.0, 1.0 ], [ -0.5, -0.809017, -0.309017, 0.0, -0.809017, 0.309017, 0.5, 0.0, -0.309017, 0.5, -0.809017, 0.0, 0.0, 0.0, 0.0, 1.0 ], [ 0.309017, -0.5, 0.809017, 0.0, -0.5, -0.809017, -0.309017, 0.0, 0.809017, -0.309017, -0.5, 0.0, 0.0, 0.0, 0.0, 1.0 ], [ -0.809017, 0.309017, 0.5, 0.0, 0.309017, -0.5, 0.809017, 0.0, 0.5, 0.809017, 0.309017, 0.0, 0.0, 0.0, 0.0, 1.0 ], [ -0.5, -0.809017, 0.309017, 0.0, -0.809017, 0.309017, -0.5, 0.0, 0.309017, -0.5, -0.809017, 0.0, 0.0, 0.0, 0.0, 1.0 ], [ -0.309017, 0.5, 0.809017, 0.0, -0.5, -0.809017, 0.309017, 0.0, 0.809017, -0.309017, 0.5, 0.0, 0.0, 0.0, 0.0, 1.0 ], [ -0.809017, 0.309017, -0.5, 0.0, -0.309017, 0.5, 0.809017, 0.0, 0.5, 0.809017, -0.309017, 0.0, 0.0, 0.0, 0.0, 1.0 ], [ -0.809017, -0.309017, 0.5, 0.0, -0.309017, -0.5, -0.809017, 0.0, 0.5, -0.809017, 0.309017, 0.0, 0.0, 0.0, 0.0, 1.0 ], [ -0.5, 0.809017, -0.309017, 0.0, -0.809017, -0.309017, 0.5, 0.0, 0.309017, 0.5, 0.809017, 0.0, 0.0, 0.0, 0.0, 1.0 ], [ -0.309017, -0.5, -0.809017, 0.0, -0.5, 0.809017, -0.309017, 0.0, 0.809017, 0.309017, -0.5, 0.0, 0.0, 0.0, 0.0, 1.0 ], [ -1.0, 0.0, 0.0, 0.0, 0.0, 1.0, 0.0, 0.0, 0.0, 0.0, -1.0, 0.0, 0.0, 0.0, 0.0, 1.0 ], [ 0.0, 0.0, -1.0, 0.0, 1.0, 0.0, 0.0, 0.0, 0.0, -1.0, 0.0, 0.0, 0.0, 0.0, 0.0, 1.0 ], [ 0.0, -1.0, 0.0, 0.0, 0.0, 0.0, 1.0, 0.0, -1.0, 0.0, 0.0, 0.0, 0.0, 0.0, 0.0, 1.0 ], [ -0.809017, -0.309017, -0.5, 0.0, 0.309017, 0.5, -0.809017, 0.0, 0.5, -0.809017, -0.309017, 0.0, 0.0, 0.0, 0.0, 1.0 ], [ 0.5, -0.809017, -0.309017, 0.0, 0.809017, 0.309017, 0.5, 0.0, -0.309017, -0.5, 0.809017, 0.0, 0.0, 0.0, 0.0, 1.0 ], [ -0.309017, -0.5, 0.809017, 0.0, -0.5, 0.809017, 0.309017, 0.0, -0.809017, -0.309017, -0.5, 0.0, 0.0, 0.0, 0.0, 1.0 ], [ -0.5, -0.809017, -0.309017, 0.0, 0.809017, -0.309017, -0.5, 0.0, 0.309017, -0.5, 0.809017, 0.0, 0.0, 0.0, 0.0, 1.0 ], [ 0.309017, -0.5, 0.809017, 0.0, 0.5, 0.809017, 0.309017, 0.0, -0.809017, 0.309017, 0.5, 0.0, 0.0, 0.0, 0.0, 1.0 ], [ -0.809017, 0.309017, 0.5, 0.0, -0.309017, 0.5, -0.809017, 0.0, -0.5, -0.809017, -0.309017, 0.0, 0.0, 0.0, 0.0, 1.0 ], [ -0.5, -0.809017, 0.309017, 0.0, 0.809017, -0.309017, 0.5, 0.0, -0.309017, 0.5, 0.809017, 0.0, 0.0, 0.0, 0.0, 1.0 ], [ -0.309017, 0.5, 0.809017, 0.0, 0.5, 0.809017, -0.309017, 0.0, -0.809017, 0.309017, -0.5, 0.0, 0.0, 0.0, 0.0, 1.0 ], [ -0.809017, 0.309017, -0.5, 0.0, 0.309017, -0.5, -0.809017, 0.0, -0.5, -0.809017, 0.309017, 0.0, 0.0, 0.0, 0.0, 1.0 ], [ -0.809017, -0.309017, 0.5, 0.0, 0.309017, 0.5, 0.809017, 0.0, -0.5, 0.809017, -0.309017, 0.0, 0.0, 0.0, 0.0, 1.0 ], [ -0.5, 0.809017, -0.309017, 0.0, 0.809017, 0.309017, -0.5, 0.0, -0.309017, -0.5, -0.809017, 0.0, 0.0, 0.0, 0.0, 1.0 ], [ -0.309017, -0.5, -0.809017, 0.0, 0.5, -0.809017, 0.309017, 0.0, -0.809017, -0.309017, 0.5, 0.0, 0.0, 0.0, 0.0, 1.0 ] ],
  "lights" : {
    "ambientColor" : "#292929",
    "backgroundColor" : "#FFF9F9",
    "directionalLights" : [ {
      "direction" : {
        "x" : 1.0,
        "y" : -1.0,
        "z" : -1.0
      },
      "color" : "#EBEBE4"
    }, {
      "direction" : {
        "x" : -1.0,
        "y" : 0.0,
        "z" : 0.0
      },
      "color" : "#E4E4EB"
    }, {
      "direction" : {
        "x" : 0.0,
        "y" : 0.0,
        "z" : -1.0
      },
      "color" : "#1E1E1E"
    } ]
  },
  "camera" : {
    "width" : 104.62379,
    "stereo" : false,
    "perspective" : false,
    "viewDistance" : 232.4975,
    "nearClipDistance" : 0.5812435,
    "farClipDistance" : 464.99472,
    "lookAtPoint" : {
      "x" : 0.0,
      "y" : 0.0,
      "z" : 0.0
    },
    "fieldOfView" : 0.44262853,
    "lookDirection" : {
      "x" : 8.620173E-4,
      "y" : 0.017599227,
      "z" : -0.99983954
    },
    "upDirection" : {
      "x" : 0.024528794,
      "y" : 0.9995426,
      "z" : 0.017614929
    },
    "position" : {
      "x" : -0.20041686,
      "y" : -4.0917764,
      "z" : 232.46019
    }
  },
  "embedding" : [ 1.0, 0.0, 0.0, 0.0, 0.0, 1.0, 0.0, 0.0, 0.0, 0.0, 1.0, 0.0, 0.0, 0.0, 0.0, 1.0 ],
  "shapes" : [ {
    "id" : "6de2e5ed-7675-4cbc-bb7d-af3740e88bf5",
    "vertices" : [ {
      "x" : -4.236068,
      "y" : -26.416409,
      "z" : -9.472136
    }, {
      "x" : -8.472136,
      "y" : -22.18034,
      "z" : -5.236068
    }, {
      "x" : -4.236068,
      "y" : -17.944271,
      "z" : -9.472136
    }, {
      "x" : 0.0,
      "y" : -22.18034,
      "z" : -13.708204
    } ],
    "faces" : [ {
      "vertices" : [ 0, 1, 2 ]
    }, {
      "vertices" : [ 0, 2, 3 ]
    }, {
      "vertices" : [ 0, 3, 2 ]
    }, {
      "vertices" : [ 0, 2, 1 ]
    } ]
  }, {
    "id" : "e0810a10-121c-4008-ad0b-fa1089ab14ce",
    "vertices" : [ {
      "x" : 6.854102,
      "y" : 0.0,
      "z" : -2.618034
    }, {
      "x" : 6.545085,
      "y" : 0.0,
      "z" : -2.5
    }, {
      "x" : 6.1405764,
      "y" : -0.1545085,
      "z" : -2.059017
    }, {
      "x" : 5.9495935,
      "y" : -0.1545085,
      "z" : -2.559017
    }, {
      "x" : 0.9045085,
      "y" : -0.1545085,
      "z" : -0.059016995
    }, {
      "x" : 0.809017,
      "y" : 0.309017,
      "z" : -0.309017
    }, {
      "x" : 0.309017,
      "y" : 0.0,
      "z" : -0.11803399
    }, {
      "x" : 6.045085,
      "y" : 0.309017,
      "z" : -2.309017
    }, {
      "x" : 0.7135255,
      "y" : -0.1545085,
      "z" : -0.559017
    } ],
    "faces" : [ {
      "vertices" : [ 2, 4, 8 ]
    }, {
      "vertices" : [ 2, 8, 3 ]
    }, {
      "vertices" : [ 2, 7, 5 ]
    }, {
      "vertices" : [ 2, 5, 4 ]
    }, {
      "vertices" : [ 4, 6, 8 ]
    }, {
      "vertices" : [ 5, 8, 6 ]
    }, {
      "vertices" : [ 1, 2, 3 ]
    }, {
      "vertices" : [ 3, 8, 5 ]
    }, {
      "vertices" : [ 3, 5, 7 ]
    }, {
      "vertices" : [ 1, 7, 2 ]
    }, {
      "vertices" : [ 1, 3, 7 ]
    }, {
      "vertices" : [ 4, 5, 6 ]
    } ]
  }, {
    "id" : "dbae788a-0659-4016-9941-67ae799ec356",
    "vertices" : [ {
      "x" : 0.309017,
      "y" : -0.309017,
      "z" : -0.309017
    }, {
      "x" : 0.5,
      "y" : 0.0,
      "z" : -0.19098301
    }, {
      "x" : 0.5,
      "y" : 0.0,
      "z" : 0.19098301
    }, {
      "x" : 0.309017,
      "y" : -0.309017,
      "z" : 0.309017
    }, {
      "x" : 0.19098301,
      "y" : -0.5,
      "z" : 0.0
    }, {
      "x" : 0.0,
      "y" : 0.19098301,
      "z" : 0.5
    }, {
      "x" : 0.0,
      "y" : -0.19098301,
      "z" : 0.5
    }, {
      "x" : 0.309017,
      "y" : 0.309017,
      "z" : 0.309017
    }, {
      "x" : -0.309017,
      "y" : -0.309017,
      "z" : 0.309017
    }, {
      "x" : -0.309017,
      "y" : 0.309017,
      "z" : 0.309017
    }, {
      "x" : -0.5,
      "y" : 0.0,
      "z" : 0.19098301
    }, {
      "x" : 0.0,
      "y" : -0.19098301,
      "z" : -0.5
    }, {
      "x" : 0.0,
      "y" : 0.19098301,
      "z" : -0.5
    }, {
      "x" : 0.309017,
      "y" : 0.309017,
      "z" : -0.309017
    }, {
      "x" : -0.309017,
      "y" : -0.309017,
      "z" : -0.309017
    }, {
      "x" : -0.19098301,
      "y" : -0.5,
      "z" : 0.0
    }, {
      "x" : -0.5,
      "y" : 0.0,
      "z" : -0.19098301
    }, {
      "x" : 0.19098301,
      "y" : 0.5,
      "z" : 0.0
    }, {
      "x" : -0.309017,
      "y" : 0.309017,
      "z" : -0.309017
    }, {
      "x" : 0.0,
      "y" : 0.0,
      "z" : 0.0
    }, {
      "x" : -0.19098301,
      "y" : 0.5,
      "z" : 0.0
    } ],
    "faces" : [ {
      "vertices" : [ 12, 18, 20 ]
    }, {
      "vertices" : [ 12, 20, 17 ]
    }, {
      "vertices" : [ 12, 17, 13 ]
    }, {
      "vertices" : [ 3, 6, 8 ]
    }, {
      "vertices" : [ 3, 8, 15 ]
    }, {
      "vertices" : [ 3, 15, 4 ]
    }, {
      "vertices" : [ 0, 11, 12 ]
    }, {
      "vertices" : [ 0, 12, 13 ]
    }, {
      "vertices" : [ 0, 13, 1 ]
    }, {
      "vertices" : [ 5, 9, 10 ]
    }, {
      "vertices" : [ 5, 10, 8 ]
    }, {
      "vertices" : [ 5, 8, 6 ]
    }, {
      "vertices" : [ 2, 7, 5 ]
    }, {
      "vertices" : [ 2, 5, 6 ]
    }, {
      "vertices" : [ 2, 6, 3 ]
    }, {
      "vertices" : [ 11, 14, 16 ]
    }, {
      "vertices" : [ 11, 16, 18 ]
    }, {
      "vertices" : [ 11, 18, 12 ]
    }, {
      "vertices" : [ 1, 13, 17 ]
    }, {
      "vertices" : [ 1, 17, 7 ]
    }, {
      "vertices" : [ 1, 7, 2 ]
    }, {
      "vertices" : [ 9, 20, 18 ]
    }, {
      "vertices" : [ 9, 18, 16 ]
    }, {
      "vertices" : [ 9, 16, 10 ]
    }, {
      "vertices" : [ 0, 1, 2 ]
    }, {
      "vertices" : [ 0, 2, 3 ]
    }, {
      "vertices" : [ 0, 3, 4 ]
    }, {
      "vertices" : [ 5, 7, 17 ]
    }, {
      "vertices" : [ 5, 17, 20 ]
    }, {
      "vertices" : [ 5, 20, 9 ]
    }, {
      "vertices" : [ 0, 4, 15 ]
    }, {
      "vertices" : [ 0, 15, 14 ]
    }, {
      "vertices" : [ 0, 14, 11 ]
    }, {
      "vertices" : [ 8, 10, 16 ]
    }, {
      "vertices" : [ 8, 16, 14 ]
    }, {
      "vertices" : [ 8, 14, 15 ]
    } ]
  }, {
    "id" : "d5aa29c2-7c24-4174-9000-bfe9499e806e",
    "vertices" : [ {
      "x" : 9.472136,
      "y" : 4.236068,
      "z" : 26.416409
    }, {
      "x" : 5.236068,
      "y" : 8.472136,
      "z" : 22.18034
    }, {
      "x" : 9.472136,
      "y" : 4.236068,
      "z" : 17.944271
    }, {
      "x" : 13.708204,
      "y" : 0.0,
      "z" : 22.18034
    } ],
    "faces" : [ {
      "vertices" : [ 0, 1, 2 ]
    }, {
      "vertices" : [ 0, 2, 3 ]
    }, {
      "vertices" : [ 0, 3, 2 ]
    }, {
      "vertices" : [ 0, 2, 1 ]
    } ]
  }, {
    "id" : "3a34a19a-133d-4ab8-b445-83a6e9599a90",
    "vertices" : [ {
      "x" : 4.045085,
      "y" : 8.618034,
      "z" : -3.545085
    }, {
      "x" : 0.14589803,
      "y" : 0.32623792,
      "z" : -0.14589803
    }, {
      "x" : 0.690983,
      "y" : 0.66311896,
      "z" : -0.38196602
    }, {
      "x" : 0.572949,
      "y" : 0.85410196,
      "z" : -0.072949015
    }, {
      "x" : 4.09017,
      "y" : 9.145898,
      "z" : -4.09017
    }, {
      "x" : 4.163119,
      "y" : 8.427051,
      "z" : -3.854102
    }, {
      "x" : 3.6405764,
      "y" : 8.581559,
      "z" : -4.149187
    }, {
      "x" : 3.5225425,
      "y" : 8.772543,
      "z" : -3.84017
    }, {
      "x" : 0.16844052,
      "y" : 0.81762743,
      "z" : -0.677051
    }, {
      "x" : 0.05040653,
      "y" : 1.0086105,
      "z" : -0.36803398
    }, {
      "x" : 4.236068,
      "y" : 9.472136,
      "z" : -4.236068
    } ],
    "faces" : [ {
      "vertices" : [ 4, 6, 7 ]
    }, {
      "vertices" : [ 1, 9, 8 ]
    }, {
      "vertices" : [ 0, 7, 9 ]
    }, {
      "vertices" : [ 0, 9, 3 ]
    }, {
      "vertices" : [ 2, 8, 6 ]
    }, {
      "vertices" : [ 2, 6, 5 ]
    }, {
      "vertices" : [ 1, 2, 3 ]
    }, {
      "vertices" : [ 0, 5, 4 ]
    }, {
      "vertices" : [ 0, 3, 2 ]
    }, {
      "vertices" : [ 0, 2, 5 ]
    }, {
      "vertices" : [ 0, 4, 7 ]
    }, {
      "vertices" : [ 1, 8, 2 ]
    }, {
      "vertices" : [ 1, 3, 9 ]
    }, {
      "vertices" : [ 6, 8, 9 ]
    }, {
      "vertices" : [ 6, 9, 7 ]
    }, {
      "vertices" : [ 4, 5, 6 ]
    } ]
  }, {
    "id" : "427988a0-1606-4017-8990-bebe2e6a69af",
    "vertices" : [ {
      "x" : 9.472136,
      "y" : -4.236068,
      "z" : 17.944271
    }, {
      "x" : 13.708204,
      "y" : 0.0,
      "z" : 22.18034
    }, {
      "x" : 9.472136,
      "y" : 4.236068,
      "z" : 17.944271
    } ],
    "faces" : [ {
      "vertices" : [ 0, 1, 2 ]
    }, {
      "vertices" : [ 0, 2, 1 ]
    } ]
  }, {
    "id" : "91974737-2546-4f76-85ed-bb4383ae753d",
    "vertices" : [ {
      "x" : 17.944271,
      "y" : 9.472136,
      "z" : 17.944271
    }, {
      "x" : 13.708204,
      "y" : 0.0,
      "z" : 22.18034
    }, {
      "x" : 9.472136,
      "y" : 4.236068,
      "z" : 17.944271
    }, {
      "x" : 13.708204,
      "y" : 13.708204,
      "z" : 13.708204
    } ],
    "faces" : [ {
      "vertices" : [ 0, 1, 2 ]
    }, {
      "vertices" : [ 0, 2, 3 ]
    }, {
      "vertices" : [ 0, 3, 2 ]
    }, {
      "vertices" : [ 0, 2, 1 ]
    } ]
  }, {
    "id" : "6aeb1fda-c986-4f0e-8526-87b6a5f7f9f7",
    "vertices" : [ {
      "x" : -17.944271,
      "y" : -17.944271,
      "z" : -17.944271
    }, {
      "x" : -13.708204,
      "y" : -13.708204,
      "z" : -22.18034
    }, {
      "x" : -17.944271,
      "y" : -9.472136,
      "z" : -17.944271
    }, {
      "x" : -22.18034,
      "y" : -13.708204,
      "z" : -13.708204
    } ],
    "faces" : [ {
      "vertices" : [ 0, 1, 2 ]
    }, {
      "vertices" : [ 0, 2, 3 ]
    }, {
      "vertices" : [ 0, 3, 2 ]
    }, {
      "vertices" : [ 0, 2, 1 ]
    } ]
  }, {
    "id" : "8b0f690d-886d-470e-bc70-b8236978f25e",
    "vertices" : [ {
      "x" : 1.0,
      "y" : 0.309017,
      "z" : 0.19098301
    }, {
      "x" : 1.0,
      "y" : -0.309017,
      "z" : 0.19098301
    }, {
      "x" : 15.944272,
      "y" : -0.309017,
      "z" : 0.19098301
    }, {
      "x" : 15.944272,
      "y" : 0.309017,
      "z" : 0.19098301
    }, {
      "x" : 15.944272,
      "y" : -0.309017,
      "z" : -0.19098301
    }, {
      "x" : 15.944272,
      "y" : 0.309017,
      "z" : -0.19098301
    }, {
      "x" : 16.562305,
      "y" : 0.0,
      "z" : 0.0
    }, {
      "x" : 0.38196602,
      "y" : 0.0,
      "z" : 0.0
    }, {
      "x" : 1.0,
      "y" : 0.309017,
      "z" : -0.19098301
    }, {
      "x" : 1.0,
      "y" : -0.309017,
      "z" : -0.19098301
    }, {
      "x" : 16.944271,
      "y" : 0.0,
      "z" : 0.0
    } ],
    "faces" : [ {
      "vertices" : [ 1, 9, 4 ]
    }, {
      "vertices" : [ 1, 4, 2 ]
    }, {
      "vertices" : [ 0, 3, 5 ]
    }, {
      "vertices" : [ 0, 5, 8 ]
    }, {
      "vertices" : [ 1, 7, 9 ]
    }, {
      "vertices" : [ 0, 1, 2 ]
    }, {
      "vertices" : [ 0, 2, 3 ]
    }, {
      "vertices" : [ 7, 8, 9 ]
    }, {
      "vertices" : [ 0, 7, 1 ]
    }, {
      "vertices" : [ 4, 9, 8 ]
    }, {
      "vertices" : [ 4, 8, 5 ]
    }, {
      "vertices" : [ 2, 6, 3 ]
    }, {
      "vertices" : [ 2, 4, 6 ]
    }, {
      "vertices" : [ 3, 6, 5 ]
    }, {
      "vertices" : [ 4, 5, 6 ]
    }, {
      "vertices" : [ 0, 8, 7 ]
    } ]
  }, {
    "id" : "74a4349c-a451-4d78-b320-be629b9be1b9",
    "vertices" : [ {
      "x" : 13.708204,
      "y" : 22.18034,
      "z" : -13.708204
    }, {
      "x" : 17.944271,
      "y" : 17.944271,
      "z" : -9.472136
    }, {
      "x" : 13.708204,
      "y" : 13.708204,
      "z" : -13.708204
    }, {
      "x" : 9.472136,
      "y" : 17.944271,
      "z" : -17.944271
    } ],
    "faces" : [ {
      "vertices" : [ 0, 1, 2 ]
    }, {
      "vertices" : [ 0, 2, 3 ]
    }, {
      "vertices" : [ 0, 3, 2 ]
    }, {
      "vertices" : [ 0, 2, 1 ]
    } ]
  }, {
    "id" : "87403cf9-c81e-4174-90b8-78cf81ba74cc",
    "vertices" : [ {
      "x" : -17.944271,
      "y" : 9.472136,
      "z" : -4.236068
    }, {
      "x" : -17.944271,
      "y" : 9.472136,
      "z" : 4.236068
    }, {
      "x" : -22.18034,
      "y" : 5.236068,
      "z" : 8.472136
    }, {
      "x" : -22.18034,
      "y" : 5.236068,
      "z" : -8.472136
    } ],
    "faces" : [ {
      "vertices" : [ 0, 1, 2 ]
    }, {
      "vertices" : [ 0, 2, 3 ]
    }, {
      "vertices" : [ 0, 3, 2 ]
    }, {
      "vertices" : [ 0, 2, 1 ]
    } ]
  }, {
    "id" : "8cbd5fd6-0a29-4b89-a3e2-4a830dd2640e",
    "vertices" : [ {
      "x" : -13.708204,
      "y" : -22.18034,
      "z" : 13.708204
    }, {
      "x" : -17.944271,
      "y" : -17.944271,
      "z" : 9.472136
    }, {
      "x" : -13.708204,
      "y" : -13.708204,
      "z" : 13.708204
    }, {
      "x" : -9.472136,
      "y" : -17.944271,
      "z" : 17.944271
    } ],
    "faces" : [ {
      "vertices" : [ 0, 1, 2 ]
    }, {
      "vertices" : [ 0, 2, 3 ]
    }, {
      "vertices" : [ 0, 3, 2 ]
    }, {
      "vertices" : [ 0, 2, 1 ]
    } ]
  }, {
    "id" : "e8bc3753-0b03-4260-ab2c-a2fc16de1c34",
    "vertices" : [ {
      "x" : 4.236068,
      "y" : 17.944271,
      "z" : 9.472136
    }, {
      "x" : -4.236068,
      "y" : 17.944271,
      "z" : 9.472136
    }, {
      "x" : -8.472136,
      "y" : 22.18034,
      "z" : 5.236068
    }, {
      "x" : 8.472136,
      "y" : 22.18034,
      "z" : 5.236068
    } ],
    "faces" : [ {
      "vertices" : [ 0, 1, 2 ]
    }, {
      "vertices" : [ 0, 2, 3 ]
    }, {
      "vertices" : [ 0, 3, 2 ]
    }, {
      "vertices" : [ 0, 2, 1 ]
    } ]
  }, {
    "id" : "e98ca195-2cc4-43b9-80ca-1e3a94fa7749",
    "vertices" : [ {
      "x" : -9.472136,
      "y" : -4.236068,
      "z" : 26.416409
    }, {
      "x" : -13.708204,
      "y" : 0.0,
      "z" : 22.18034
    }, {
      "x" : -9.472136,
      "y" : 4.236068,
      "z" : 26.416409
    } ],
    "faces" : [ {
      "vertices" : [ 0, 1, 2 ]
    }, {
      "vertices" : [ 0, 2, 1 ]
    } ]
  }, {
    "id" : "a6fc236f-fd93-4b53-8f1f-cf1a981ad472",
    "vertices" : [ {
      "x" : 1.0,
      "y" : 0.309017,
      "z" : 0.19098301
    }, {
      "x" : 1.0,
      "y" : -0.309017,
      "z" : 0.19098301
    }, {
      "x" : 7.472136,
      "y" : -0.309017,
      "z" : 0.19098301
    }, {
      "x" : 7.472136,
      "y" : 0.309017,
      "z" : 0.19098301
    }, {
      "x" : 7.472136,
      "y" : -0.309017,
      "z" : -0.19098301
    }, {
      "x" : 7.472136,
      "y" : 0.309017,
      "z" : -0.19098301
    }, {
      "x" : 8.09017,
      "y" : 0.0,
      "z" : 0.0
    }, {
      "x" : 0.38196602,
      "y" : 0.0,
      "z" : 0.0
    }, {
      "x" : 1.0,
      "y" : 0.309017,
      "z" : -0.19098301
    }, {
      "x" : 1.0,
      "y" : -0.309017,
      "z" : -0.19098301
    }, {
      "x" : 8.472136,
      "y" : 0.0,
      "z" : 0.0
    } ],
    "faces" : [ {
      "vertices" : [ 1, 9, 4 ]
    }, {
      "vertices" : [ 1, 4, 2 ]
    }, {
      "vertices" : [ 0, 3, 5 ]
    }, {
      "vertices" : [ 0, 5, 8 ]
    }, {
      "vertices" : [ 1, 7, 9 ]
    }, {
      "vertices" : [ 0, 1, 2 ]
    }, {
      "vertices" : [ 0, 2, 3 ]
    }, {
      "vertices" : [ 7, 8, 9 ]
    }, {
      "vertices" : [ 0, 7, 1 ]
    }, {
      "vertices" : [ 4, 9, 8 ]
    }, {
      "vertices" : [ 4, 8, 5 ]
    }, {
      "vertices" : [ 2, 6, 3 ]
    }, {
      "vertices" : [ 2, 4, 6 ]
    }, {
      "vertices" : [ 3, 6, 5 ]
    }, {
      "vertices" : [ 4, 5, 6 ]
    }, {
      "vertices" : [ 0, 8, 7 ]
    } ]
  }, {
    "id" : "b229ba9a-69ed-41e9-9740-084939b1dfe3",
    "vertices" : [ {
      "x" : 17.944271,
      "y" : 17.944271,
      "z" : -17.944271
    }, {
      "x" : 13.708204,
      "y" : 22.18034,
      "z" : -13.708204
    }, {
      "x" : 9.472136,
      "y" : 17.944271,
      "z" : -17.944271
    }, {
      "x" : 13.708204,
      "y" : 13.708204,
      "z" : -22.18034
    } ],
    "faces" : [ {
      "vertices" : [ 0, 1, 2 ]
    }, {
      "vertices" : [ 0, 2, 3 ]
    }, {
      "vertices" : [ 0, 3, 2 ]
    }, {
      "vertices" : [ 0, 2, 1 ]
    } ]
  }, {
    "id" : "71f8ae35-5876-441c-8150-9528ccaa9edd",
    "vertices" : [ {
      "x" : -4.236068,
      "y" : 26.416409,
      "z" : 9.472136
    }, {
      "x" : -8.472136,
      "y" : 22.18034,
      "z" : 5.236068
    }, {
      "x" : -4.236068,
      "y" : 17.944271,
      "z" : 9.472136
    }, {
      "x" : 0.0,
      "y" : 22.18034,
      "z" : 13.708204
    } ],
    "faces" : [ {
      "vertices" : [ 0, 1, 2 ]
    }, {
      "vertices" : [ 0, 2, 3 ]
    }, {
      "vertices" : [ 0, 3, 2 ]
    }, {
      "vertices" : [ 0, 2, 1 ]
    } ]
  }, {
    "id" : "757b3988-7ee7-40b8-86db-5993e03b66f1",
    "vertices" : [ {
      "x" : -9.472136,
      "y" : -4.236068,
      "z" : 17.944271
    }, {
      "x" : -9.472136,
      "y" : 4.236068,
      "z" : 17.944271
    }, {
      "x" : -5.236068,
      "y" : 8.472136,
      "z" : 22.18034
    }, {
      "x" : -5.236068,
      "y" : -8.472136,
      "z" : 22.18034
    } ],
    "faces" : [ {
      "vertices" : [ 0, 1, 2 ]
    }, {
      "vertices" : [ 0, 2, 3 ]
    }, {
      "vertices" : [ 0, 3, 2 ]
    }, {
      "vertices" : [ 0, 2, 1 ]
    } ]
  }, {
    "id" : "56a49b14-e10c-4dff-930d-f947dd3f7759",
    "vertices" : [ {
      "x" : 13.708204,
      "y" : 22.18034,
      "z" : 13.708204
    }, {
      "x" : 17.944271,
      "y" : 17.944271,
      "z" : 9.472136
    }, {
      "x" : 13.708204,
      "y" : 13.708204,
      "z" : 13.708204
    }, {
      "x" : 9.472136,
      "y" : 17.944271,
      "z" : 17.944271
    } ],
    "faces" : [ {
      "vertices" : [ 0, 1, 2 ]
    }, {
      "vertices" : [ 0, 2, 3 ]
    }, {
      "vertices" : [ 0, 3, 2 ]
    }, {
      "vertices" : [ 0, 2, 1 ]
    } ]
  }, {
    "id" : "14bac733-2b87-452c-b968-5b2544fed8dc",
    "vertices" : [ {
      "x" : -9.472136,
      "y" : -4.236068,
      "z" : -17.944271
    }, {
      "x" : -13.708204,
      "y" : 0.0,
      "z" : -22.18034
    }, {
      "x" : -9.472136,
      "y" : 4.236068,
      "z" : -17.944271
    } ],
    "faces" : [ {
      "vertices" : [ 0, 1, 2 ]
    }, {
      "vertices" : [ 0, 2, 1 ]
    } ]
  }, {
    "id" : "4a6ed560-1032-4102-a876-fb6cfe139b02",
    "vertices" : [ {
      "x" : 13.708204,
      "y" : 13.708204,
      "z" : -22.18034
    }, {
      "x" : 9.472136,
      "y" : 4.236068,
      "z" : -26.416409
    }, {
      "x" : 13.708204,
      "y" : 0.0,
      "z" : -22.18034
    }, {
      "x" : 17.944271,
      "y" : 9.472136,
      "z" : -17.944271
    } ],
    "faces" : [ {
      "vertices" : [ 0, 1, 2 ]
    }, {
      "vertices" : [ 0, 2, 3 ]
    }, {
      "vertices" : [ 0, 3, 2 ]
    }, {
      "vertices" : [ 0, 2, 1 ]
    } ]
  }, {
    "id" : "7350721b-a312-46f0-9b65-878df5f674c4",
    "vertices" : [ {
      "x" : 17.944271,
      "y" : 9.472136,
      "z" : -17.944271
    }, {
      "x" : 13.708204,
      "y" : 0.0,
      "z" : -22.18034
    }, {
      "x" : 9.472136,
      "y" : 4.236068,
      "z" : -17.944271
    }, {
      "x" : 13.708204,
      "y" : 13.708204,
      "z" : -13.708204
    } ],
    "faces" : [ {
      "vertices" : [ 0, 1, 2 ]
    }, {
      "vertices" : [ 0, 2, 3 ]
    }, {
      "vertices" : [ 0, 3, 2 ]
    }, {
      "vertices" : [ 0, 2, 1 ]
    } ]
  }, {
    "id" : "6c51d2a6-eea3-48d6-afd3-801ca363ee95",
    "vertices" : [ {
      "x" : 26.416409,
      "y" : -9.472136,
      "z" : -4.236068
    }, {
      "x" : 22.18034,
      "y" : -5.236068,
      "z" : -8.472136
    }, {
      "x" : 17.944271,
      "y" : -9.472136,
      "z" : -4.236068
    }, {
      "x" : 22.18034,
      "y" : -13.708204,
      "z" : 0.0
    } ],
    "faces" : [ {
      "vertices" : [ 0, 1, 2 ]
    }, {
      "vertices" : [ 0, 2, 3 ]
    }, {
      "vertices" : [ 0, 3, 2 ]
    }, {
      "vertices" : [ 0, 2, 1 ]
    } ]
  }, {
    "id" : "cddd42ec-de67-4cbb-9916-8464137e846f",
    "vertices" : [ {
      "x" : -17.944271,
      "y" : -17.944271,
      "z" : 17.944271
    }, {
      "x" : -22.18034,
      "y" : -13.708204,
      "z" : 13.708204
    }, {
      "x" : -17.944271,
      "y" : -17.944271,
      "z" : 9.472136
    }, {
      "x" : -13.708204,
      "y" : -22.18034,
      "z" : 13.708204
    } ],
    "faces" : [ {
      "vertices" : [ 0, 1, 2 ]
    }, {
      "vertices" : [ 0, 2, 3 ]
    }, {
      "vertices" : [ 0, 3, 2 ]
    }, {
      "vertices" : [ 0, 2, 1 ]
    } ]
  }, {
    "id" : "438e65b4-063d-49b6-bae7-917ca5a40243",
    "vertices" : [ {
      "x" : -17.944271,
      "y" : 17.944271,
      "z" : 17.944271
    }, {
      "x" : -13.708204,
      "y" : 13.708204,
      "z" : 22.18034
    }, {
      "x" : -17.944271,
      "y" : 9.472136,
      "z" : 17.944271
    }, {
      "x" : -22.18034,
      "y" : 13.708204,
      "z" : 13.708204
    } ],
    "faces" : [ {
      "vertices" : [ 0, 1, 2 ]
    }, {
      "vertices" : [ 0, 2, 3 ]
    }, {
      "vertices" : [ 0, 3, 2 ]
    }, {
      "vertices" : [ 0, 2, 1 ]
    } ]
  }, {
    "id" : "699a4683-47b6-45a2-9e49-a247a283e228",
    "vertices" : [ {
      "x" : -17.944271,
      "y" : 9.472136,
      "z" : 17.944271
    }, {
      "x" : -13.708204,
      "y" : 0.0,
      "z" : 22.18034
    }, {
      "x" : -9.472136,
      "y" : 4.236068,
      "z" : 17.944271
    }, {
      "x" : -13.708204,
      "y" : 13.708204,
      "z" : 13.708204
    } ],
    "faces" : [ {
      "vertices" : [ 0, 1, 2 ]
    }, {
      "vertices" : [ 0, 2, 3 ]
    }, {
      "vertices" : [ 0, 3, 2 ]
    }, {
      "vertices" : [ 0, 2, 1 ]
    } ]
  }, {
    "id" : "33c23ec7-00cc-49e4-9ee6-1df68f09f150",
    "vertices" : [ {
      "x" : 17.944271,
      "y" : 9.472136,
      "z" : -4.236068
    }, {
      "x" : 22.18034,
      "y" : 13.708204,
      "z" : 0.0
    }, {
      "x" : 17.944271,
      "y" : 9.472136,
      "z" : 4.236068
    } ],
    "faces" : [ {
      "vertices" : [ 0, 1, 2 ]
    }, {
      "vertices" : [ 0, 2, 1 ]
    } ]
  }, {
    "id" : "953e8714-395d-473f-a9e2-b030130f00f0",
    "vertices" : [ {
      "x" : 17.944271,
      "y" : 17.944271,
      "z" : -17.944271
    }, {
      "x" : 13.708204,
      "y" : 13.708204,
      "z" : -22.18034
    }, {
      "x" : 17.944271,
      "y" : 9.472136,
      "z" : -17.944271
    }, {
      "x" : 22.18034,
      "y" : 13.708204,
      "z" : -13.708204
    } ],
    "faces" : [ {
      "vertices" : [ 0, 1, 2 ]
    }, {
      "vertices" : [ 0, 2, 3 ]
    }, {
      "vertices" : [ 0, 3, 2 ]
    }, {
      "vertices" : [ 0, 2, 1 ]
    } ]
  }, {
    "id" : "34628dea-c9ba-4ebf-bf6a-8434f314c1d7",
    "vertices" : [ {
      "x" : -13.708204,
      "y" : 13.708204,
      "z" : 22.18034
    }, {
      "x" : -9.472136,
      "y" : 17.944271,
      "z" : 17.944271
    }, {
      "x" : -13.708204,
      "y" : 13.708204,
      "z" : 13.708204
    }, {
      "x" : -17.944271,
      "y" : 9.472136,
      "z" : 17.944271
    } ],
    "faces" : [ {
      "vertices" : [ 0, 1, 2 ]
    }, {
      "vertices" : [ 0, 2, 3 ]
    }, {
      "vertices" : [ 0, 3, 2 ]
    }, {
      "vertices" : [ 0, 2, 1 ]
    } ]
  }, {
    "id" : "6872a6d7-1ff7-40c5-8d28-6e7b6b7dc41d",
    "vertices" : [ {
      "x" : -9.472136,
      "y" : 4.236068,
      "z" : -26.416409
    }, {
      "x" : -13.708204,
      "y" : 0.0,
      "z" : -22.18034
    }, {
      "x" : -9.472136,
      "y" : -4.236068,
      "z" : -26.416409
    } ],
    "faces" : [ {
      "vertices" : [ 0, 1, 2 ]
    }, {
      "vertices" : [ 0, 2, 1 ]
    } ]
  }, {
    "id" : "c4b44510-e80e-4fed-9817-4ee5c9fdbe95",
    "vertices" : [ {
      "x" : -26.416409,
      "y" : 9.472136,
      "z" : -4.236068
    }, {
      "x" : -22.18034,
      "y" : 5.236068,
      "z" : -8.472136
    }, {
      "x" : -17.944271,
      "y" : 9.472136,
      "z" : -4.236068
    }, {
      "x" : -22.18034,
      "y" : 13.708204,
      "z" : 0.0
    } ],
    "faces" : [ {
      "vertices" : [ 0, 1, 2 ]
    }, {
      "vertices" : [ 0, 2, 3 ]
    }, {
      "vertices" : [ 0, 3, 2 ]
    }, {
      "vertices" : [ 0, 2, 1 ]
    } ]
  }, {
    "id" : "3da9207b-fef3-438f-a4b4-7419d50db82d",
    "vertices" : [ {
      "x" : 22.18034,
      "y" : -13.708204,
      "z" : -13.708204
    }, {
      "x" : 17.944271,
      "y" : -9.472136,
      "z" : -17.944271
    }, {
      "x" : 13.708204,
      "y" : -13.708204,
      "z" : -13.708204
    }, {
      "x" : 17.944271,
      "y" : -17.944271,
      "z" : -9.472136
    } ],
    "faces" : [ {
      "vertices" : [ 0, 1, 2 ]
    }, {
      "vertices" : [ 0, 2, 3 ]
    }, {
      "vertices" : [ 0, 3, 2 ]
    }, {
      "vertices" : [ 0, 2, 1 ]
    } ]
  }, {
    "id" : "57b82048-e4ca-417e-8fa7-3e9931f44f54",
    "vertices" : [ {
      "x" : 4.236068,
      "y" : 17.944271,
      "z" : -9.472136
    }, {
      "x" : 0.0,
      "y" : 22.18034,
      "z" : -13.708204
    }, {
      "x" : -4.236068,
      "y" : 17.944271,
      "z" : -9.472136
    } ],
    "faces" : [ {
      "vertices" : [ 0, 1, 2 ]
    }, {
      "vertices" : [ 0, 2, 1 ]
    } ]
  }, {
    "id" : "274a7d5e-3543-4e55-95ee-9ec1caf48312",
    "vertices" : [ {
      "x" : 17.944271,
      "y" : 9.472136,
      "z" : -17.944271
    }, {
      "x" : 13.708204,
      "y" : 13.708204,
      "z" : -13.708204
    }, {
      "x" : 17.944271,
      "y" : 9.472136,
      "z" : -4.236068
    }, {
      "x" : 22.18034,
      "y" : 5.236068,
      "z" : -8.472136
    } ],
    "faces" : [ {
      "vertices" : [ 0, 1, 2 ]
    }, {
      "vertices" : [ 0, 2, 3 ]
    }, {
      "vertices" : [ 0, 3, 2 ]
    }, {
      "vertices" : [ 0, 2, 1 ]
    } ]
  }, {
    "id" : "4d419113-ef5f-4913-b9b4-2b31c6938b71",
    "vertices" : [ {
      "x" : -9.472136,
      "y" : -17.944271,
      "z" : -17.944271
    }, {
      "x" : 0.0,
      "y" : -22.18034,
      "z" : -13.708204
    }, {
      "x" : -4.236068,
      "y" : -17.944271,
      "z" : -9.472136
    }, {
      "x" : -13.708204,
      "y" : -13.708204,
      "z" : -13.708204
    } ],
    "faces" : [ {
      "vertices" : [ 0, 1, 2 ]
    }, {
      "vertices" : [ 0, 2, 3 ]
    }, {
      "vertices" : [ 0, 3, 2 ]
    }, {
      "vertices" : [ 0, 2, 1 ]
    } ]
  }, {
    "id" : "522acef5-64e8-4b89-89fa-4070fae71474",
    "vertices" : [ {
      "x" : -4.236068,
      "y" : 17.944271,
      "z" : -9.472136
    }, {
      "x" : 4.236068,
      "y" : 17.944271,
      "z" : -9.472136
    }, {
      "x" : 8.472136,
      "y" : 22.18034,
      "z" : -5.236068
    }, {
      "x" : -8.472136,
      "y" : 22.18034,
      "z" : -5.236068
    } ],
    "faces" : [ {
      "vertices" : [ 0, 1, 2 ]
    }, {
      "vertices" : [ 0, 2, 3 ]
    }, {
      "vertices" : [ 0, 3, 2 ]
    }, {
      "vertices" : [ 0, 2, 1 ]
    } ]
  }, {
    "id" : "d0ce6704-f466-4d07-af49-d07a5954098e",
    "vertices" : [ {
      "x" : 22.18034,
      "y" : -13.708204,
      "z" : 13.708204
    }, {
      "x" : 26.416409,
      "y" : -9.472136,
      "z" : 4.236068
    }, {
      "x" : 22.18034,
      "y" : -13.708204,
      "z" : 0.0
    }, {
      "x" : 17.944271,
      "y" : -17.944271,
      "z" : 9.472136
    } ],
    "faces" : [ {
      "vertices" : [ 0, 1, 2 ]
    }, {
      "vertices" : [ 0, 2, 3 ]
    }, {
      "vertices" : [ 0, 3, 2 ]
    }, {
      "vertices" : [ 0, 2, 1 ]
    } ]
  }, {
    "id" : "c7e54b46-dbe1-42a5-9ec7-9ff6ccca1854",
    "vertices" : [ {
      "x" : 22.18034,
      "y" : 13.708204,
      "z" : -13.708204
    }, {
      "x" : 17.944271,
      "y" : 9.472136,
      "z" : -17.944271
    }, {
      "x" : 22.18034,
      "y" : 5.236068,
      "z" : -8.472136
    }, {
      "x" : 26.416409,
      "y" : 9.472136,
      "z" : -4.236068
    } ],
    "faces" : [ {
      "vertices" : [ 0, 1, 2 ]
    }, {
      "vertices" : [ 0, 2, 3 ]
    }, {
      "vertices" : [ 0, 3, 2 ]
    }, {
      "vertices" : [ 0, 2, 1 ]
    } ]
  }, {
    "id" : "98bd1583-f800-454e-8af9-cb790386173e",
    "vertices" : [ {
      "x" : -17.944271,
      "y" : -17.944271,
      "z" : -9.472136
    }, {
      "x" : -22.18034,
      "y" : -13.708204,
      "z" : 0.0
    }, {
      "x" : -17.944271,
      "y" : -9.472136,
      "z" : -4.236068
    }, {
      "x" : -13.708204,
      "y" : -13.708204,
      "z" : -13.708204
    } ],
    "faces" : [ {
      "vertices" : [ 0, 1, 2 ]
    }, {
      "vertices" : [ 0, 2, 3 ]
    }, {
      "vertices" : [ 0, 3, 2 ]
    }, {
      "vertices" : [ 0, 2, 1 ]
    } ]
  }, {
    "id" : "e5f91c0e-1667-4833-b1d8-8e5dee59e69a",
    "vertices" : [ {
      "x" : 17.944271,
      "y" : 17.944271,
      "z" : 17.944271
    }, {
      "x" : 13.708204,
      "y" : 22.18034,
      "z" : 13.708204
    }, {
      "x" : 9.472136,
      "y" : 17.944271,
      "z" : 17.944271
    }, {
      "x" : 13.708204,
      "y" : 13.708204,
      "z" : 22.18034
    } ],
    "faces" : [ {
      "vertices" : [ 0, 1, 2 ]
    }, {
      "vertices" : [ 0, 2, 3 ]
    }, {
      "vertices" : [ 0, 3, 2 ]
    }, {
      "vertices" : [ 0, 2, 1 ]
    } ]
  }, {
    "id" : "723449d3-4b8b-4d0d-ad4a-8238fde2cfa4",
    "vertices" : [ {
      "x" : 13.708204,
      "y" : -13.708204,
      "z" : 22.18034
    }, {
      "x" : 9.472136,
      "y" : -17.944271,
      "z" : 17.944271
    }, {
      "x" : 13.708204,
      "y" : -13.708204,
      "z" : 13.708204
    }, {
      "x" : 17.944271,
      "y" : -9.472136,
      "z" : 17.944271
    } ],
    "faces" : [ {
      "vertices" : [ 0, 1, 2 ]
    }, {
      "vertices" : [ 0, 2, 3 ]
    }, {
      "vertices" : [ 0, 3, 2 ]
    }, {
      "vertices" : [ 0, 2, 1 ]
    } ]
  }, {
    "id" : "6e6f98ee-408e-45dd-8167-9b3b9fc92955",
    "vertices" : [ {
      "x" : -17.944271,
      "y" : -17.944271,
      "z" : 17.944271
    }, {
      "x" : -13.708204,
      "y" : -22.18034,
      "z" : 13.708204
    }, {
      "x" : -9.472136,
      "y" : -17.944271,
      "z" : 17.944271
    }, {
      "x" : -13.708204,
      "y" : -13.708204,
      "z" : 22.18034
    } ],
    "faces" : [ {
      "vertices" : [ 0, 1, 2 ]
    }, {
      "vertices" : [ 0, 2, 3 ]
    }, {
      "vertices" : [ 0, 3, 2 ]
    }, {
      "vertices" : [ 0, 2, 1 ]
    } ]
  }, {
    "id" : "2073c7e4-0e42-4313-afe0-151b5a4c272b",
    "vertices" : [ {
      "x" : 17.944271,
      "y" : 17.944271,
      "z" : 17.944271
    }, {
      "x" : 13.708204,
      "y" : 13.708204,
      "z" : 22.18034
    }, {
      "x" : 17.944271,
      "y" : 9.472136,
      "z" : 17.944271
    }, {
      "x" : 22.18034,
      "y" : 13.708204,
      "z" : 13.708204
    } ],
    "faces" : [ {
      "vertices" : [ 0, 1, 2 ]
    }, {
      "vertices" : [ 0, 2, 3 ]
    }, {
      "vertices" : [ 0, 3, 2 ]
    }, {
      "vertices" : [ 0, 2, 1 ]
    } ]
  }, {
    "id" : "d98c22d5-e77d-483f-a9e0-864504dfe0e6",
    "vertices" : [ {
      "x" : -17.944271,
      "y" : 17.944271,
      "z" : -17.944271
    }, {
      "x" : -13.708204,
      "y" : 13.708204,
      "z" : -22.18034
    }, {
      "x" : -17.944271,
      "y" : 9.472136,
      "z" : -17.944271
    }, {
      "x" : -22.18034,
      "y" : 13.708204,
      "z" : -13.708204
    } ],
    "faces" : [ {
      "vertices" : [ 0, 1, 2 ]
    }, {
      "vertices" : [ 0, 2, 3 ]
    }, {
      "vertices" : [ 0, 3, 2 ]
    }, {
      "vertices" : [ 0, 2, 1 ]
    } ]
  }, {
    "id" : "9adba5c4-7436-47d8-a4e4-e58d01a4622c",
    "vertices" : [ {
      "x" : -8.472136,
      "y" : 22.18034,
      "z" : -5.236068
    }, {
      "x" : -4.236068,
      "y" : 26.416409,
      "z" : -9.472136
    }, {
      "x" : 4.236068,
      "y" : 26.416409,
      "z" : -9.472136
    }, {
      "x" : 8.472136,
      "y" : 22.18034,
      "z" : -5.236068
    } ],
    "faces" : [ {
      "vertices" : [ 0, 1, 2 ]
    }, {
      "vertices" : [ 0, 2, 3 ]
    }, {
      "vertices" : [ 0, 3, 2 ]
    }, {
      "vertices" : [ 0, 2, 1 ]
    } ]
  }, {
    "id" : "e7735782-7b5d-4aa7-b87d-2813c93a7718",
    "vertices" : [ {
      "x" : -4.236068,
      "y" : -17.944271,
      "z" : 9.472136
    }, {
      "x" : 4.236068,
      "y" : -17.944271,
      "z" : 9.472136
    }, {
      "x" : 8.472136,
      "y" : -22.18034,
      "z" : 5.236068
    }, {
      "x" : -8.472136,
      "y" : -22.18034,
      "z" : 5.236068
    } ],
    "faces" : [ {
      "vertices" : [ 0, 1, 2 ]
    }, {
      "vertices" : [ 0, 2, 3 ]
    }, {
      "vertices" : [ 0, 3, 2 ]
    }, {
      "vertices" : [ 0, 2, 1 ]
    } ]
  }, {
    "id" : "e93e3258-89be-4b24-9b94-08296165fa57",
    "vertices" : [ {
      "x" : 9.472136,
      "y" : 4.236068,
      "z" : -17.944271
    }, {
      "x" : 13.708204,
      "y" : 0.0,
      "z" : -22.18034
    }, {
      "x" : 9.472136,
      "y" : -4.236068,
      "z" : -17.944271
    } ],
    "faces" : [ {
      "vertices" : [ 0, 1, 2 ]
    }, {
      "vertices" : [ 0, 2, 1 ]
    } ]
  }, {
    "id" : "a2fa7af6-7492-47ee-9354-6b89201d1481",
    "vertices" : [ {
      "x" : 22.18034,
      "y" : 13.708204,
      "z" : 13.708204
    }, {
      "x" : 17.944271,
      "y" : 9.472136,
      "z" : 17.944271
    }, {
      "x" : 22.18034,
      "y" : 5.236068,
      "z" : 8.472136
    }, {
      "x" : 26.416409,
      "y" : 9.472136,
      "z" : 4.236068
    } ],
    "faces" : [ {
      "vertices" : [ 0, 1, 2 ]
    }, {
      "vertices" : [ 0, 2, 3 ]
    }, {
      "vertices" : [ 0, 3, 2 ]
    }, {
      "vertices" : [ 0, 2, 1 ]
    } ]
  }, {
