{
  "field" : "golden",
  "symmetry" : "icosahedral",
  "orientations" : [ [ 1.0, 0.0, 0.0, 0.0, 0.0, 1.0, 0.0, 0.0, 0.0, 0.0, 1.0, 0.0, 0.0, 0.0, 0.0, 1.0 ], [ 0.0, 0.0, 1.0, 0.0, 1.0, 0.0, 0.0, 0.0, 0.0, 1.0, 0.0, 0.0, 0.0, 0.0, 0.0, 1.0 ], [ 0.0, 1.0, 0.0, 0.0, 0.0, 0.0, 1.0, 0.0, 1.0, 0.0, 0.0, 0.0, 0.0, 0.0, 0.0, 1.0 ], [ 0.809017, 0.309017, 0.5, 0.0, 0.309017, 0.5, -0.809017, 0.0, -0.5, 0.809017, 0.309017, 0.0, 0.0, 0.0, 0.0, 1.0 ], [ -0.5, 0.809017, 0.309017, 0.0, 0.809017, 0.309017, 0.5, 0.0, 0.309017, 0.5, -0.809017, 0.0, 0.0, 0.0, 0.0, 1.0 ], [ 0.309017, 0.5, -0.809017, 0.0, -0.5, 0.809017, 0.309017, 0.0, 0.809017, 0.309017, 0.5, 0.0, 0.0, 0.0, 0.0, 1.0 ], [ 0.5, 0.809017, 0.309017, 0.0, 0.809017, -0.309017, -0.5, 0.0, -0.309017, 0.5, -0.809017, 0.0, 0.0, 0.0, 0.0, 1.0 ], [ -0.309017, 0.5, -0.809017, 0.0, 0.5, 0.809017, 0.309017, 0.0, 0.809017, -0.309017, -0.5, 0.0, 0.0, 0.0, 0.0, 1.0 ], [ 0.809017, -0.309017, -0.5, 0.0, -0.309017, 0.5, -0.809017, 0.0, 0.5, 0.809017, 0.309017, 0.0, 0.0, 0.0, 0.0, 1.0 ], [ 0.5, 0.809017, -0.309017, 0.0, 0.809017, -0.309017, 0.5, 0.0, 0.309017, -0.5, -0.809017, 0.0, 0.0, 0.0, 0.0, 1.0 ], [ 0.309017, -0.5, -0.809017, 0.0, 0.5, 0.809017, -0.309017, 0.0, 0.809017, -0.309017, 0.5, 0.0, 0.0, 0.0, 0.0, 1.0 ], [ 0.809017, -0.309017, 0.5, 0.0, 0.309017, -0.5, -0.809017, 0.0, 0.5, 0.809017, -0.309017, 0.0, 0.0, 0.0, 0.0, 1.0 ], [ 0.809017, 0.309017, -0.5, 0.0, 0.309017, 0.5, 0.809017, 0.0, 0.5, -0.809017, 0.309017, 0.0, 0.0, 0.0, 0.0, 1.0 ], [ 0.5, -0.809017, 0.309017, 0.0, 0.809017, 0.309017, -0.5, 0.0, 0.309017, 0.5, 0.809017, 0.0, 0.0, 0.0, 0.0, 1.0 ], [ 0.309017, 0.5, 0.809017, 0.0, 0.5, -0.809017, 0.309017, 0.0, 0.809017, 0.309017, -0.5, 0.0, 0.0, 0.0, 0.0, 1.0 ], [ 1.0, 0.0, 0.0, 0.0, 0.0, -1.0, 0.0, 0.0, 0.0, 0.0, -1.0, 0.0, 0.0, 0.0, 0.0, 1.0 ], [ 0.0, 0.0, 1.0, 0.0, -1.0, 0.0, 0.0, 0.0, 0.0, -1.0, 0.0, 0.0, 0.0, 0.0, 0.0, 1.0 ], [ 0.0, 1.0, 0.0, 0.0, 0.0, 0.0, -1.0, 0.0, -1.0, 0.0, 0.0, 0.0, 0.0, 0.0, 0.0, 1.0 ], [ 0.809017, 0.309017, 0.5, 0.0, -0.309017, -0.5, 0.809017, 0.0, 0.5, -0.809017, -0.309017, 0.0, 0.0, 0.0, 0.0, 1.0 ], [ -0.5, 0.809017, 0.309017, 0.0, -0.809017, -0.309017, -0.5, 0.0, -0.309017, -0.5, 0.809017, 0.0, 0.0, 0.0, 0.0, 1.0 ], [ 0.309017, 0.5, -0.809017, 0.0, 0.5, -0.809017, -0.309017, 0.0, -0.809017, -0.309017, -0.5, 0.0, 0.0, 0.0, 0.0, 1.0 ], [ 0.5, 0.809017, 0.309017, 0.0, -0.809017, 0.309017, 0.5, 0.0, 0.309017, -0.5, 0.809017, 0.0, 0.0, 0.0, 0.0, 1.0 ], [ -0.309017, 0.5, -0.809017, 0.0, -0.5, -0.809017, -0.309017, 0.0, -0.809017, 0.309017, 0.5, 0.0, 0.0, 0.0, 0.0, 1.0 ], [ 0.809017, -0.309017, -0.5, 0.0, 0.309017, -0.5, 0.809017, 0.0, -0.5, -0.809017, -0.309017, 0.0, 0.0, 0.0, 0.0, 1.0 ], [ 0.5, 0.809017, -0.309017, 0.0, -0.809017, 0.309017, -0.5, 0.0, -0.309017, 0.5, 0.809017, 0.0, 0.0, 0.0, 0.0, 1.0 ], [ 0.309017, -0.5, -0.809017, 0.0, -0.5, -0.809017, 0.309017, 0.0, -0.809017, 0.309017, -0.5, 0.0, 0.0, 0.0, 0.0, 1.0 ], [ 0.809017, -0.309017, 0.5, 0.0, -0.309017, 0.5, 0.809017, 0.0, -0.5, -0.809017, 0.309017, 0.0, 0.0, 0.0, 0.0, 1.0 ], [ 0.809017, 0.309017, -0.5, 0.0, -0.309017, -0.5, -0.809017, 0.0, -0.5, 0.809017, -0.309017, 0.0, 0.0, 0.0, 0.0, 1.0 ], [ 0.5, -0.809017, 0.309017, 0.0, -0.809017, -0.309017, 0.5, 0.0, -0.309017, -0.5, -0.809017, 0.0, 0.0, 0.0, 0.0, 1.0 ], [ 0.309017, 0.5, 0.809017, 0.0, -0.5, 0.809017, -0.309017, 0.0, -0.809017, -0.309017, 0.5, 0.0, 0.0, 0.0, 0.0, 1.0 ], [ -1.0, 0.0, 0.0, 0.0, 0.0, -1.0, 0.0, 0.0, 0.0, 0.0, 1.0, 0.0, 0.0, 0.0, 0.0, 1.0 ], [ 0.0, 0.0, -1.0, 0.0, -1.0, 0.0, 0.0, 0.0, 0.0, 1.0, 0.0, 0.0, 0.0, 0.0, 0.0, 1.0 ], [ 0.0, -1.0, 0.0, 0.0, 0.0, 0.0, -1.0, 0.0, 1.0, 0.0, 0.0, 0.0, 0.0, 0.0, 0.0, 1.0 ], [ -0.809017, -0.309017, -0.5, 0.0, -0.309017, -0.5, 0.809017, 0.0, -0.5, 0.809017, 0.309017, 0.0, 0.0, 0.0, 0.0, 1.0 ], [ 0.5, -0.809017, -0.309017, 0.0, -0.809017, -0.309017, -0.5, 0.0, 0.309017, 0.5, -0.809017, 0.0, 0.0, 0.0, 0.0, 1.0 ], [ -0.309017, -0.5, 0.809017, 0.0, 0.5, -0.809017, -0.309017, 0.0, 0.809017, 0.309017, 0.5, 0.0, 0.0, 0.0, 0.0, 1.0 ], [ -0.5, -0.809017, -0.309017, 0.0, -0.809017, 0.309017, 0.5, 0.0, -0.309017, 0.5, -0.809017, 0.0, 0.0, 0.0, 0.0, 1.0 ], [ 0.309017, -0.5, 0.809017, 0.0, -0.5, -0.809017, -0.309017, 0.0, 0.809017, -0.309017, -0.5, 0.0, 0.0, 0.0, 0.0, 1.0 ], [ -0.809017, 0.309017, 0.5, 0.0, 0.309017, -0.5, 0.809017, 0.0, 0.5, 0.809017, 0.309017, 0.0, 0.0, 0.0, 0.0, 1.0 ], [ -0.5, -0.809017, 0.309017, 0.0, -0.809017, 0.309017, -0.5, 0.0, 0.309017, -0.5, -0.809017, 0.0, 0.0, 0.0, 0.0, 1.0 ], [ -0.309017, 0.5, 0.809017, 0.0, -0.5, -0.809017, 0.309017, 0.0, 0.809017, -0.309017, 0.5, 0.0, 0.0, 0.0, 0.0, 1.0 ], [ -0.809017, 0.309017, -0.5, 0.0, -0.309017, 0.5, 0.809017, 0.0, 0.5, 0.809017, -0.309017, 0.0, 0.0, 0.0, 0.0, 1.0 ], [ -0.809017, -0.309017, 0.5, 0.0, -0.309017, -0.5, -0.809017, 0.0, 0.5, -0.809017, 0.309017, 0.0, 0.0, 0.0, 0.0, 1.0 ], [ -0.5, 0.809017, -0.309017, 0.0, -0.809017, -0.309017, 0.5, 0.0, 0.309017, 0.5, 0.809017, 0.0, 0.0, 0.0, 0.0, 1.0 ], [ -0.309017, -0.5, -0.809017, 0.0, -0.5, 0.809017, -0.309017, 0.0, 0.809017, 0.309017, -0.5, 0.0, 0.0, 0.0, 0.0, 1.0 ], [ -1.0, 0.0, 0.0, 0.0, 0.0, 1.0, 0.0, 0.0, 0.0, 0.0, -1.0, 0.0, 0.0, 0.0, 0.0, 1.0 ], [ 0.0, 0.0, -1.0, 0.0, 1.0, 0.0, 0.0, 0.0, 0.0, -1.0, 0.0, 0.0, 0.0, 0.0, 0.0, 1.0 ], [ 0.0, -1.0, 0.0, 0.0, 0.0, 0.0, 1.0, 0.0, -1.0, 0.0, 0.0, 0.0, 0.0, 0.0, 0.0, 1.0 ], [ -0.809017, -0.309017, -0.5, 0.0, 0.309017, 0.5, -0.809017, 0.0, 0.5, -0.809017, -0.309017, 0.0, 0.0, 0.0, 0.0, 1.0 ], [ 0.5, -0.809017, -0.309017, 0.0, 0.809017, 0.309017, 0.5, 0.0, -0.309017, -0.5, 0.809017, 0.0, 0.0, 0.0, 0.0, 1.0 ], [ -0.309017, -0.5, 0.809017, 0.0, -0.5, 0.809017, 0.309017, 0.0, -0.809017, -0.309017, -0.5, 0.0, 0.0, 0.0, 0.0, 1.0 ], [ -0.5, -0.809017, -0.309017, 0.0, 0.809017, -0.309017, -0.5, 0.0, 0.309017, -0.5, 0.809017, 0.0, 0.0, 0.0, 0.0, 1.0 ], [ 0.309017, -0.5, 0.809017, 0.0, 0.5, 0.809017, 0.309017, 0.0, -0.809017, 0.309017, 0.5, 0.0, 0.0, 0.0, 0.0, 1.0 ], [ -0.809017, 0.309017, 0.5, 0.0, -0.309017, 0.5, -0.809017, 0.0, -0.5, -0.809017, -0.309017, 0.0, 0.0, 0.0, 0.0, 1.0 ], [ -0.5, -0.809017, 0.309017, 0.0, 0.809017, -0.309017, 0.5, 0.0, -0.309017, 0.5, 0.809017, 0.0, 0.0, 0.0, 0.0, 1.0 ], [ -0.309017, 0.5, 0.809017, 0.0, 0.5, 0.809017, -0.309017, 0.0, -0.809017, 0.309017, -0.5, 0.0, 0.0, 0.0, 0.0, 1.0 ], [ -0.809017, 0.309017, -0.5, 0.0, 0.309017, -0.5, -0.809017, 0.0, -0.5, -0.809017, 0.309017, 0.0, 0.0, 0.0, 0.0, 1.0 ], [ -0.809017, -0.309017, 0.5, 0.0, 0.309017, 0.5, 0.809017, 0.0, -0.5, 0.809017, -0.309017, 0.0, 0.0, 0.0, 0.0, 1.0 ], [ -0.5, 0.809017, -0.309017, 0.0, 0.809017, 0.309017, -0.5, 0.0, -0.309017, -0.5, -0.809017, 0.0, 0.0, 0.0, 0.0, 1.0 ], [ -0.309017, -0.5, -0.809017, 0.0, 0.5, -0.809017, 0.309017, 0.0, -0.809017, -0.309017, 0.5, 0.0, 0.0, 0.0, 0.0, 1.0 ] ],
  "lights" : {
    "backgroundColor" : "#CCCCCC",
    "ambientColor" : "#292929",
    "directionalLights" : [ {
      "direction" : {
        "x" : 1.0,
        "y" : -1.0,
        "z" : -1.0
      },
      "color" : "#EBEBE4"
    }, {
      "direction" : {
        "x" : -1.0,
        "y" : 0.0,
        "z" : 0.0
      },
      "color" : "#E4E4EB"
    }, {
      "direction" : {
        "x" : 0.0,
        "y" : 0.0,
        "z" : -1.0
      },
      "color" : "#1E1E1E"
    } ]
  },
  "camera" : {
    "stereo" : false,
    "width" : 85.658714,
    "lookDirection" : {
      "x" : 0.0,
      "y" : 0.0,
      "z" : -1.0
    },
    "upDirection" : {
      "x" : 0.0,
      "y" : 1.0,
      "z" : 0.0
    },
    "lookAtPoint" : {
      "x" : 0.0,
      "y" : 0.0,
      "z" : 0.0
    },
    "viewDistance" : 190.35284,
    "nearClipDistance" : 0.47588217,
    "farClipDistance" : 380.7061,
    "fieldOfView" : 0.44262856,
    "perspective" : false,
    "position" : {
      "x" : 0.0,
      "y" : 0.0,
      "z" : 190.35284
    }
  },
  "embedding" : [ 1.0, 0.0, 0.0, 0.0, 0.0, 1.0, 0.0, 0.0, 0.0, 0.0, 1.0, 0.0, 0.0, 0.0, 0.0, 1.0 ],
  "shapes" : [ {
    "id" : "b1a958dc-9575-4606-a92f-303e6ae2db66",
    "vertices" : [ {
      "x" : 18.944271,
      "y" : 9.09017,
      "z" : -15.326238
    }, {
      "x" : 18.944271,
      "y" : 7.472136,
      "z" : -11.09017
    }, {
      "x" : 18.944271,
      "y" : 7.472136,
      "z" : -5.854102
    }, {
      "x" : 18.944271,
      "y" : 9.09017,
      "z" : -10.09017
    } ],
    "faces" : [ {
      "vertices" : [ 0, 1, 2 ]
    }, {
      "vertices" : [ 0, 2, 3 ]
    }, {
      "vertices" : [ 0, 3, 2 ]
    }, {
      "vertices" : [ 0, 2, 1 ]
    } ]
  }, {
    "id" : "92cee5e1-912f-4c4f-9d8c-1163cb0162db",
    "vertices" : [ {
      "x" : 7.472136,
      "y" : -11.09017,
      "z" : 13.708204
    }, {
      "x" : 7.472136,
      "y" : -5.854102,
      "z" : 13.708204
    }, {
      "x" : 6.472136,
      "y" : 0.0,
      "z" : 13.708204
    }, {
      "x" : 6.472136,
      "y" : -5.236068,
      "z" : 13.708204
    } ],
    "faces" : [ {
      "vertices" : [ 0, 1, 2 ]
    }, {
      "vertices" : [ 0, 2, 3 ]
    }, {
      "vertices" : [ 0, 3, 2 ]
    }, {
      "vertices" : [ 0, 2, 1 ]
    } ]
  }, {
    "id" : "ae478d48-57e6-483c-8e86-fe6849ce6428",
    "vertices" : [ {
      "x" : 12.708204,
      "y" : 12.708204,
      "z" : 17.944271
    }, {
      "x" : 12.708204,
      "y" : 12.708204,
      "z" : 12.708204
    }, {
      "x" : 9.09017,
      "y" : 10.09017,
      "z" : 13.708204
    }, {
      "x" : 9.09017,
      "y" : 10.09017,
      "z" : 18.944271
    } ],
    "faces" : [ {
      "vertices" : [ 0, 1, 2 ]
    }, {
      "vertices" : [ 0, 2, 3 ]
    }, {
      "vertices" : [ 0, 3, 2 ]
    }, {
      "vertices" : [ 0, 2, 1 ]
    } ]
  }, {
    "id" : "1ad9031d-f83a-458e-873a-82c82dcb36b9",
    "vertices" : [ {
      "x" : 15.326238,
      "y" : 18.944271,
      "z" : 9.09017
    }, {
      "x" : 10.09017,
      "y" : 18.944271,
      "z" : 9.09017
    }, {
      "x" : 10.09017,
      "y" : 13.708204,
      "z" : 9.09017
    }, {
      "x" : 15.326238,
      "y" : 13.708204,
      "z" : 9.09017
    } ],
    "faces" : [ {
      "vertices" : [ 0, 1, 2 ]
    }, {
      "vertices" : [ 0, 2, 3 ]
    }, {
      "vertices" : [ 0, 3, 2 ]
    }, {
      "vertices" : [ 0, 2, 1 ]
    } ]
  }, {
    "id" : "bd36b062-dd08-4dea-b5d3-b24780aa9ae4",
    "vertices" : [ {
      "x" : -18.944271,
      "y" : -7.472136,
      "z" : 5.854102
    }, {
      "x" : -18.944271,
      "y" : -6.472136,
      "z" : 0.0
    }, {
      "x" : -13.708204,
      "y" : -6.472136,
      "z" : 0.0
    }, {
      "x" : -13.708204,
      "y" : -7.472136,
      "z" : 5.854102
    } ],
    "faces" : [ {
      "vertices" : [ 0, 1, 2 ]
    }, {
      "vertices" : [ 0, 2, 3 ]
    }, {
      "vertices" : [ 0, 3, 2 ]
    }, {
      "vertices" : [ 0, 2, 1 ]
    } ]
  }, {
    "id" : "ef3325b5-02db-4d72-955b-c1cc742bb50b",
    "vertices" : [ {
      "x" : -15.326238,
      "y" : -18.944271,
      "z" : -9.09017
    }, {
      "x" : -10.09017,
      "y" : -18.944271,
      "z" : -9.09017
    }, {
      "x" : -10.09017,
      "y" : -13.708204,
      "z" : -9.09017
    }, {
      "x" : -15.326238,
      "y" : -13.708204,
      "z" : -9.09017
    } ],
    "faces" : [ {
      "vertices" : [ 0, 1, 2 ]
    }, {
      "vertices" : [ 0, 2, 3 ]
    }, {
      "vertices" : [ 0, 3, 2 ]
    }, {
      "vertices" : [ 0, 2, 1 ]
    } ]
  }, {
    "id" : "5f29a5e1-f459-4f24-8e8e-2a11d773024b",
    "vertices" : [ {
      "x" : 11.09017,
      "y" : -18.944271,
      "z" : 7.472136
    }, {
      "x" : 11.09017,
      "y" : -13.708204,
      "z" : 7.472136
    }, {
      "x" : 5.854102,
      "y" : -13.708204,
      "z" : 7.472136
    }, {
      "x" : 5.854102,
      "y" : -18.944271,
      "z" : 7.472136
    } ],
    "faces" : [ {
      "vertices" : [ 0, 1, 2 ]
    }, {
      "vertices" : [ 0, 2, 3 ]
    }, {
      "vertices" : [ 0, 3, 2 ]
    }, {
      "vertices" : [ 0, 2, 1 ]
    } ]
  }, {
    "id" : "8e6039ec-76a9-4854-9904-6f5d087f00b7",
    "vertices" : [ {
      "x" : 5.854102,
      "y" : 18.944271,
      "z" : -7.472136
    }, {
      "x" : 0.0,
      "y" : 18.944271,
      "z" : -6.472136
    }, {
      "x" : 0.0,
      "y" : 13.708204,
      "z" : -6.472136
    }, {
      "x" : 5.854102,
      "y" : 13.708204,
      "z" : -7.472136
    } ],
    "faces" : [ {
      "vertices" : [ 0, 1, 2 ]
    }, {
      "vertices" : [ 0, 2, 3 ]
    }, {
      "vertices" : [ 0, 3, 2 ]
    }, {
      "vertices" : [ 0, 2, 1 ]
    } ]
  }, {
    "id" : "5f204921-2bda-4144-bcf5-1a1315bfda35",
    "vertices" : [ {
      "x" : -17.944271,
      "y" : -12.708204,
      "z" : 12.708204
    }, {
      "x" : -12.708204,
      "y" : -12.708204,
      "z" : 12.708204
    }, {
      "x" : -13.708204,
      "y" : -9.09017,
      "z" : 10.09017
    }, {
      "x" : -18.944271,
      "y" : -9.09017,
      "z" : 10.09017
    } ],
    "faces" : [ {
      "vertices" : [ 0, 1, 2 ]
    }, {
      "vertices" : [ 0, 2, 3 ]
    }, {
      "vertices" : [ 0, 3, 2 ]
    }, {
      "vertices" : [ 0, 2, 1 ]
    } ]
  }, {
    "id" : "263cc8fb-927b-4827-9b52-050cf9a66a0d",
    "vertices" : [ {
      "x" : -17.944271,
      "y" : 17.944271,
      "z" : -12.708204
    }, {
      "x" : -12.708204,
      "y" : 17.944271,
      "z" : -12.708204
    }, {
      "x" : -12.708204,
      "y" : 12.708204,
      "z" : -12.708204
    }, {
      "x" : -17.944271,
      "y" : 12.708204,
      "z" : -12.708204
    } ],
    "faces" : [ {
      "vertices" : [ 0, 1, 2 ]
    }, {
      "vertices" : [ 0, 2, 3 ]
    }, {
      "vertices" : [ 0, 3, 2 ]
    }, {
      "vertices" : [ 0, 2, 1 ]
    } ]
  }, {
    "id" : "b3f7f9b0-5cfc-4d0c-810e-6b99016098e3",
    "vertices" : [ {
      "x" : 17.944271,
      "y" : 12.708204,
      "z" : 17.944271
    }, {
      "x" : 17.944271,
      "y" : 12.708204,
      "z" : 12.708204
    }, {
      "x" : 18.944271,
      "y" : 9.09017,
      "z" : 10.09017
    }, {
      "x" : 18.944271,
      "y" : 9.09017,
      "z" : 15.326238
    } ],
    "faces" : [ {
      "vertices" : [ 0, 1, 2 ]
    }, {
      "vertices" : [ 0, 2, 3 ]
    }, {
      "vertices" : [ 0, 3, 2 ]
    }, {
      "vertices" : [ 0, 2, 1 ]
    } ]
  }, {
    "id" : "6082ed98-23e0-4543-8c00-1062e19f997e",
    "vertices" : [ {
      "x" : -12.708204,
      "y" : 17.944271,
      "z" : -12.708204
    }, {
      "x" : -9.09017,
      "y" : 15.326238,
      "z" : -13.708204
    }, {
      "x" : -9.09017,
      "y" : 10.09017,
      "z" : -13.708204
    }, {
      "x" : -12.708204,
      "y" : 12.708204,
      "z" : -12.708204
    } ],
    "faces" : [ {
      "vertices" : [ 0, 1, 2 ]
    }, {
      "vertices" : [ 0, 2, 3 ]
    }, {
      "vertices" : [ 0, 3, 2 ]
    }, {
      "vertices" : [ 0, 2, 1 ]
    } ]
  }, {
    "id" : "120eb1dd-8f6e-4ef6-a7cf-532613d12c97",
    "vertices" : [ {
      "x" : 9.09017,
      "y" : -15.326238,
      "z" : 18.944271
    }, {
      "x" : 9.09017,
      "y" : -15.326238,
      "z" : 13.708204
    }, {
      "x" : 7.472136,
      "y" : -11.09017,
      "z" : 13.708204
    }, {
      "x" : 7.472136,
      "y" : -11.09017,
      "z" : 18.944271
    } ],
    "faces" : [ {
      "vertices" : [ 0, 1, 2 ]
    }, {
      "vertices" : [ 0, 2, 3 ]
    }, {
      "vertices" : [ 0, 3, 2 ]
    }, {
      "vertices" : [ 0, 2, 1 ]
    } ]
  }, {
    "id" : "2b7ffec9-6290-4d76-8f0d-b7b0c62ae88d",
    "vertices" : [ {
      "x" : 18.944271,
      "y" : 9.09017,
      "z" : 10.09017
    }, {
      "x" : 18.944271,
      "y" : 7.472136,
      "z" : 5.854102
    }, {
      "x" : 13.708204,
      "y" : 7.472136,
      "z" : 5.854102
    }, {
      "x" : 13.708204,
      "y" : 9.09017,
      "z" : 10.09017
    } ],
    "faces" : [ {
      "vertices" : [ 0, 1, 2 ]
    }, {
      "vertices" : [ 0, 2, 3 ]
    }, {
      "vertices" : [ 0, 3, 2 ]
    }, {
      "vertices" : [ 0, 2, 1 ]
    } ]
  }, {
    "id" : "438e1c18-9020-4bf1-958c-05742e2d975f",
    "vertices" : [ {
      "x" : -15.326238,
      "y" : 13.708204,
      "z" : -9.09017
    }, {
      "x" : -10.09017,
      "y" : 13.708204,
      "z" : -9.09017
    }, {
      "x" : -5.854102,
      "y" : 13.708204,
      "z" : -7.472136
    }, {
      "x" : -11.09017,
      "y" : 13.708204,
      "z" : -7.472136
    } ],
    "faces" : [ {
      "vertices" : [ 0, 1, 2 ]
    }, {
      "vertices" : [ 0, 2, 3 ]
    }, {
      "vertices" : [ 0, 3, 2 ]
    }, {
      "vertices" : [ 0, 2, 1 ]
    } ]
  }, {
    "id" : "7ce2a0f4-1ca2-421c-a7cd-e1e8ab6f1f6b",
    "vertices" : [ {
      "x" : 12.708204,
      "y" : -12.708204,
      "z" : -17.944271
    }, {
      "x" : 13.708204,
      "y" : -9.09017,
      "z" : -15.326238
    }, {
      "x" : 13.708204,
      "y" : -9.09017,
      "z" : -10.09017
    }, {
      "x" : 12.708204,
      "y" : -12.708204,
      "z" : -12.708204
    } ],
    "faces" : [ {
      "vertices" : [ 0, 1, 2 ]
    }, {
      "vertices" : [ 0, 2, 3 ]
    }, {
      "vertices" : [ 0, 3, 2 ]
    }, {
      "vertices" : [ 0, 2, 1 ]
    } ]
  }, {
    "id" : "45877d84-3d2f-4743-bfd4-ae7518149083",
    "vertices" : [ {
      "x" : 18.944271,
      "y" : -7.472136,
      "z" : -11.09017
    }, {
      "x" : 18.944271,
      "y" : -6.472136,
      "z" : -5.236068
    }, {
      "x" : 18.944271,
      "y" : -6.472136,
      "z" : 0.0
    }, {
      "x" : 18.944271,
      "y" : -7.472136,
      "z" : -5.854102
    } ],
    "faces" : [ {
      "vertices" : [ 0, 1, 2 ]
    }, {
      "vertices" : [ 0, 2, 3 ]
    }, {
      "vertices" : [ 0, 3, 2 ]
    }, {
      "vertices" : [ 0, 2, 1 ]
    } ]
  }, {
    "id" : "dff550b5-0a53-455f-a5b3-d4b4676dc953",
    "vertices" : [ {
      "x" : -13.708204,
      "y" : 7.472136,
      "z" : -11.09017
    }, {
      "x" : -13.708204,
      "y" : 7.472136,
      "z" : -5.854102
    }, {
      "x" : -13.708204,
      "y" : 6.472136,
      "z" : 0.0
    }, {
      "x" : -13.708204,
      "y" : 6.472136,
      "z" : -5.236068
    } ],
    "faces" : [ {
      "vertices" : [ 0, 1, 2 ]
    }, {
      "vertices" : [ 0, 2, 3 ]
    }, {
      "vertices" : [ 0, 3, 2 ]
    }, {
      "vertices" : [ 0, 2, 1 ]
    } ]
  }, {
    "id" : "007eb230-6730-4d8e-81e3-43495caaaecb",
    "vertices" : [ {
      "x" : 11.09017,
      "y" : 13.708204,
      "z" : -7.472136
    }, {
      "x" : 5.854102,
      "y" : 13.708204,
      "z" : -7.472136
    }, {
      "x" : 0.0,
      "y" : 13.708204,
      "z" : -6.472136
    }, {
      "x" : 5.236068,
      "y" : 13.708204,
      "z" : -6.472136
    } ],
    "faces" : [ {
      "vertices" : [ 0, 1, 2 ]
    }, {
      "vertices" : [ 0, 2, 3 ]
    }, {
      "vertices" : [ 0, 3, 2 ]
    }, {
      "vertices" : [ 0, 2, 1 ]
    } ]
  }, {
    "id" : "2203c1a8-01aa-4755-a4b3-d3b181b05f19",
    "vertices" : [ {
      "x" : 7.472136,
      "y" : -11.09017,
      "z" : -18.944271
    }, {
      "x" : 7.472136,
      "y" : -11.09017,
      "z" : -13.708204
    }, {
      "x" : 7.472136,
      "y" : -5.854102,
      "z" : -13.708204
    }, {
      "x" : 7.472136,
      "y" : -5.854102,
      "z" : -18.944271
    } ],
    "faces" : [ {
      "vertices" : [ 0, 1, 2 ]
    }, {
      "vertices" : [ 0, 2, 3 ]
    }, {
      "vertices" : [ 0, 3, 2 ]
    }, {
      "vertices" : [ 0, 2, 1 ]
    } ]
  }, {
    "id" : "e8f915db-43fe-4673-a524-fcf462d211bf",
    "vertices" : [ {
      "x" : 17.944271,
      "y" : 12.708204,
      "z" : 12.708204
    }, {
      "x" : 12.708204,
      "y" : 12.708204,
      "z" : 12.708204
    }, {
      "x" : 13.708204,
      "y" : 9.09017,
      "z" : 10.09017
    }, {
      "x" : 18.944271,
      "y" : 9.09017,
      "z" : 10.09017
    } ],
    "faces" : [ {
      "vertices" : [ 0, 1, 2 ]
    }, {
      "vertices" : [ 0, 2, 3 ]
    }, {
      "vertices" : [ 0, 3, 2 ]
    }, {
      "vertices" : [ 0, 2, 1 ]
    } ]
  }, {
    "id" : "6d5f5f9d-06e2-4f82-8750-11a41975b0e6",
    "vertices" : [ {
      "x" : 18.944271,
      "y" : 7.472136,
      "z" : 11.09017
    }, {
      "x" : 13.708204,
      "y" : 7.472136,
      "z" : 11.09017
    }, {
      "x" : 13.708204,
      "y" : 7.472136,
      "z" : 5.854102
    }, {
      "x" : 18.944271,
      "y" : 7.472136,
      "z" : 5.854102
    } ],
    "faces" : [ {
      "vertices" : [ 0, 1, 2 ]
    }, {
      "vertices" : [ 0, 2, 3 ]
    }, {
      "vertices" : [ 0, 3, 2 ]
    }, {
      "vertices" : [ 0, 2, 1 ]
    } ]
  }, {
    "id" : "f1cbd1bf-2725-4cc3-92a0-cc3333a4ca4f",
    "vertices" : [ {
      "x" : 7.472136,
      "y" : -5.854102,
      "z" : 18.944271
    }, {
      "x" : 6.472136,
      "y" : 0.0,
      "z" : 18.944271
    }, {
      "x" : 6.472136,
      "y" : 0.0,
      "z" : 13.708204
    }, {
      "x" : 7.472136,
      "y" : -5.854102,
      "z" : 13.708204
    } ],
    "faces" : [ {
      "vertices" : [ 0, 1, 2 ]
    }, {
      "vertices" : [ 0, 2, 3 ]
    }, {
      "vertices" : [ 0, 3, 2 ]
    }, {
      "vertices" : [ 0, 2, 1 ]
    } ]
  }, {
    "id" : "e68ba407-e8be-4c1c-a4a9-2d5140227522",
    "vertices" : [ {
      "x" : 7.472136,
      "y" : 11.09017,
      "z" : -18.944271
    }, {
      "x" : 7.472136,
      "y" : 11.09017,
      "z" : -13.708204
    }, {
      "x" : 6.472136,
      "y" : 5.236068,
      "z" : -13.708204
    }, {
      "x" : 6.472136,
      "y" : 5.236068,
      "z" : -18.944271
    } ],
    "faces" : [ {
      "vertices" : [ 0, 1, 2 ]
    }, {
      "vertices" : [ 0, 2, 3 ]
    }, {
      "vertices" : [ 0, 3, 2 ]
    }, {
      "vertices" : [ 0, 2, 1 ]
    } ]
  }, {
    "id" : "56efe71f-9653-4559-a79e-28a63a2003a8",
    "vertices" : [ {
      "x" : -5.236068,
      "y" : -18.944271,
      "z" : -6.472136
    }, {
      "x" : -5.236068,
      "y" : -13.708204,
      "z" : -6.472136
    }, {
      "x" : 0.0,
      "y" : -13.708204,
      "z" : -6.472136
    }, {
      "x" : 0.0,
      "y" : -18.944271,
      "z" : -6.472136
    } ],
    "faces" : [ {
      "vertices" : [ 0, 1, 2 ]
    }, {
      "vertices" : [ 0, 2, 3 ]
    }, {
      "vertices" : [ 0, 3, 2 ]
    }, {
      "vertices" : [ 0, 2, 1 ]
    } ]
  }, {
    "id" : "396131fe-e2e3-472a-8e58-61b2e20f451d",
    "vertices" : [ {
      "x" : -5.854102,
      "y" : -18.944271,
      "z" : -7.472136
    }, {
      "x" : 0.0,
      "y" : -18.944271,
      "z" : -6.472136
    }, {
      "x" : 0.0,
      "y" : -13.708204,
      "z" : -6.472136
    }, {
      "x" : -5.854102,
      "y" : -13.708204,
      "z" : -7.472136
    } ],
    "faces" : [ {
      "vertices" : [ 0, 1, 2 ]
    }, {
      "vertices" : [ 0, 2, 3 ]
    }, {
      "vertices" : [ 0, 3, 2 ]
    }, {
      "vertices" : [ 0, 2, 1 ]
    } ]
  }, {
    "id" : "4915c732-5b44-44c0-a235-fec16965445e",
    "vertices" : [ {
      "x" : -15.326238,
      "y" : -18.944271,
      "z" : -9.09017
    }, {
      "x" : -11.09017,
      "y" : -18.944271,
      "z" : -7.472136
    }, {
      "x" : -5.854102,
      "y" : -18.944271,
      "z" : -7.472136
    }, {
      "x" : -10.09017,
      "y" : -18.944271,
      "z" : -9.09017
    } ],
    "faces" : [ {
      "vertices" : [ 0, 1, 2 ]
    }, {
      "vertices" : [ 0, 2, 3 ]
    }, {
      "vertices" : [ 0, 3, 2 ]
    }, {
      "vertices" : [ 0, 2, 1 ]
    } ]
  }, {
    "id" : "506f745f-81ba-4447-b726-a369cbde0f16",
    "vertices" : [ {
      "x" : -17.944271,
      "y" : -12.708204,
      "z" : 17.944271
    }, {
      "x" : -18.944271,
      "y" : -9.09017,
      "z" : 15.326238
    }, {
      "x" : -13.708204,
      "y" : -9.09017,
      "z" : 15.326238
    }, {
      "x" : -12.708204,
      "y" : -12.708204,
      "z" : 17.944271
    } ],
    "faces" : [ {
      "vertices" : [ 0, 1, 2 ]
    }, {
      "vertices" : [ 0, 2, 3 ]
    }, {
      "vertices" : [ 0, 3, 2 ]
    }, {
      "vertices" : [ 0, 2, 1 ]
    } ]
  }, {
    "id" : "b2df325b-a243-4ccc-9804-488e3a7622ec",
    "vertices" : [ {
      "x" : -11.09017,
      "y" : -18.944271,
      "z" : 7.472136
    }, {
      "x" : -11.09017,
      "y" : -13.708204,
      "z" : 7.472136
    }, {
      "x" : -5.236068,
      "y" : -13.708204,
      "z" : 6.472136
    }, {
      "x" : -5.236068,
      "y" : -18.944271,
      "z" : 6.472136
    } ],
    "faces" : [ {
      "vertices" : [ 0, 1, 2 ]
    }, {
      "vertices" : [ 0, 2, 3 ]
    }, {
      "vertices" : [ 0, 3, 2 ]
    }, {
      "vertices" : [ 0, 2, 1 ]
    } ]
  }, {
    "id" : "85ad608b-b413-4fe6-9c4c-6dd8e135abd6",
    "vertices" : [ {
      "x" : 15.326238,
      "y" : 18.944271,
      "z" : -9.09017
    }, {
      "x" : 10.09017,
      "y" : 18.944271,
      "z" : -9.09017
    }, {
      "x" : 10.09017,
      "y" : 13.708204,
      "z" : -9.09017
    }, {
      "x" : 15.326238,
      "y" : 13.708204,
      "z" : -9.09017
    } ],
    "faces" : [ {
      "vertices" : [ 0, 1, 2 ]
    }, {
      "vertices" : [ 0, 2, 3 ]
    }, {
      "vertices" : [ 0, 3, 2 ]
    }, {
      "vertices" : [ 0, 2, 1 ]
    } ]
  }, {
    "id" : "a99eab9e-f038-43fb-bf52-de279fd715f4",
    "vertices" : [ {
      "x" : -18.944271,
      "y" : 7.472136,
      "z" : -11.09017
    }, {
      "x" : -13.708204,
      "y" : 7.472136,
      "z" : -11.09017
    }, {
      "x" : -13.708204,
      "y" : 7.472136,
      "z" : -5.854102
    }, {
      "x" : -18.944271,
      "y" : 7.472136,
      "z" : -5.854102
    } ],
    "faces" : [ {
      "vertices" : [ 0, 1, 2 ]
    }, {
      "vertices" : [ 0, 2, 3 ]
    }, {
      "vertices" : [ 0, 3, 2 ]
    }, {
      "vertices" : [ 0, 2, 1 ]
    } ]
  }, {
    "id" : "6abec47e-a9b0-4af4-bd4e-b49dd0ac9598",
    "vertices" : [ {
      "x" : -12.708204,
      "y" : 17.944271,
      "z" : 17.944271
    }, {
      "x" : -12.708204,
      "y" : 12.708204,
      "z" : 17.944271
    }, {
      "x" : -9.09017,
      "y" : 10.09017,
      "z" : 18.944271
    }, {
      "x" : -9.09017,
      "y" : 15.326238,
      "z" : 18.944271
    } ],
    "faces" : [ {
      "vertices" : [ 0, 1, 2 ]
    }, {
      "vertices" : [ 0, 2, 3 ]
    }, {
      "vertices" : [ 0, 3, 2 ]
    }, {
      "vertices" : [ 0, 2, 1 ]
    } ]
  }, {
    "id" : "c176836d-ef5d-4da6-910c-b53d3beb1daf",
    "vertices" : [ {
      "x" : -12.708204,
      "y" : 12.708204,
      "z" : -17.944271
    }, {
      "x" : -13.708204,
      "y" : 9.09017,
      "z" : -15.326238
    }, {
      "x" : -13.708204,
      "y" : 9.09017,
      "z" : -10.09017
    }, {
      "x" : -12.708204,
      "y" : 12.708204,
      "z" : -12.708204
    } ],
    "faces" : [ {
      "vertices" : [ 0, 1, 2 ]
    }, {
      "vertices" : [ 0, 2, 3 ]
    }, {
      "vertices" : [ 0, 3, 2 ]
    }, {
      "vertices" : [ 0, 2, 1 ]
    } ]
  }, {
    "id" : "1e33352a-ad87-4406-a171-c47e39a82839",
    "vertices" : [ {
      "x" : -12.708204,
      "y" : -12.708204,
      "z" : 17.944271
    }, {
      "x" : -12.708204,
      "y" : -12.708204,
      "z" : 12.708204
    }, {
      "x" : -9.09017,
      "y" : -10.09017,
      "z" : 13.708204
    }, {
      "x" : -9.09017,
      "y" : -10.09017,
      "z" : 18.944271
    } ],
    "faces" : [ {
      "vertices" : [ 0, 1, 2 ]
    }, {
      "vertices" : [ 0, 2, 3 ]
    }, {
      "vertices" : [ 0, 3, 2 ]
    }, {
      "vertices" : [ 0, 2, 1 ]
    } ]
  }, {
    "id" : "aefa600b-6e04-4530-84f8-9bcfe5a87c9d",
    "vertices" : [ {
      "x" : -11.09017,
      "y" : -13.708204,
      "z" : -7.472136
    }, {
      "x" : -5.854102,
      "y" : -13.708204,
      "z" : -7.472136
    }, {
      "x" : 0.0,
      "y" : -13.708204,
      "z" : -6.472136
    }, {
      "x" : -5.236068,
      "y" : -13.708204,
      "z" : -6.472136
    } ],
    "faces" : [ {
      "vertices" : [ 0, 1, 2 ]
    }, {
      "vertices" : [ 0, 2, 3 ]
    }, {
      "vertices" : [ 0, 3, 2 ]
    }, {
      "vertices" : [ 0, 2, 1 ]
    } ]
  }, {
    "id" : "3a8bd9bf-f6d1-4616-ba39-420e9dd3e056",
    "vertices" : [ {
      "x" : -18.944271,
      "y" : -9.09017,
      "z" : 15.326238
    }, {
      "x" : -18.944271,
      "y" : -9.09017,
      "z" : 10.09017
    }, {
      "x" : -13.708204,
      "y" : -9.09017,
      "z" : 10.09017
    }, {
      "x" : -13.708204,
      "y" : -9.09017,
      "z" : 15.326238
    } ],
    "faces" : [ {
      "vertices" : [ 0, 1, 2 ]
    }, {
      "vertices" : [ 0, 2, 3 ]
    }, {
      "vertices" : [ 0, 3, 2 ]
    }, {
      "vertices" : [ 0, 2, 1 ]
    } ]
  }, {
    "id" : "68c4b4c7-9cb2-418f-a9cd-deced81380d1",
    "vertices" : [ {
      "x" : -11.09017,
      "y" : -18.944271,
      "z" : -7.472136
    }, {
      "x" : -11.09017,
      "y" : -13.708204,
      "z" : -7.472136
    }, {
      "x" : -5.854102,
      "y" : -13.708204,
      "z" : -7.472136
    }, {
      "x" : -5.854102,
      "y" : -18.944271,
      "z" : -7.472136
    } ],
    "faces" : [ {
      "vertices" : [ 0, 1, 2 ]
    }, {
      "vertices" : [ 0, 2, 3 ]
    }, {
      "vertices" : [ 0, 3, 2 ]
    }, {
      "vertices" : [ 0, 2, 1 ]
    } ]
  }, {
    "id" : "f33bfa07-595a-484a-bf2b-378b14ac0ced",
    "vertices" : [ {
      "x" : -17.944271,
      "y" : -17.944271,
      "z" : 12.708204
    }, {
      "x" : -12.708204,
      "y" : -17.944271,
      "z" : 12.708204
    }, {
      "x" : -12.708204,
      "y" : -12.708204,
      "z" : 12.708204
    }, {
      "x" : -17.944271,
      "y" : -12.708204,
      "z" : 12.708204
    } ],
    "faces" : [ {
      "vertices" : [ 0, 1, 2 ]
    }, {
      "vertices" : [ 0, 2, 3 ]
    }, {
      "vertices" : [ 0, 3, 2 ]
    }, {
      "vertices" : [ 0, 2, 1 ]
    } ]
  }, {
    "id" : "89b89e7f-8ed4-4164-bfcb-7fd96670fea4",
    "vertices" : [ {
      "x" : -18.944271,
      "y" : -7.472136,
      "z" : -11.09017
    }, {
      "x" : -13.708204,
      "y" : -7.472136,
      "z" : -11.09017
    }, {
      "x" : -13.708204,
      "y" : -6.472136,
      "z" : -5.236068
    }, {
      "x" : -18.944271,
      "y" : -6.472136,
      "z" : -5.236068
    } ],
    "faces" : [ {
      "vertices" : [ 0, 1, 2 ]
    }, {
      "vertices" : [ 0, 2, 3 ]
    }, {
      "vertices" : [ 0, 3, 2 ]
    }, {
      "vertices" : [ 0, 2, 1 ]
    } ]
  }, {
    "id" : "e84b096b-6a56-4468-a851-3bea575cc85f",
    "vertices" : [ {
      "x" : -11.09017,
      "y" : -18.944271,
      "z" : -7.472136
    }, {
      "x" : -11.09017,
      "y" : -13.708204,
      "z" : -7.472136
    }, {
      "x" : -5.236068,
      "y" : -13.708204,
      "z" : -6.472136
    }, {
      "x" : -5.236068,
      "y" : -18.944271,
      "z" : -6.472136
    } ],
    "faces" : [ {
      "vertices" : [ 0, 1, 2 ]
    }, {
      "vertices" : [ 0, 2, 3 ]
    }, {
      "vertices" : [ 0, 3, 2 ]
    }, {
      "vertices" : [ 0, 2, 1 ]
    } ]
  }, {
    "id" : "5c4803e5-71f4-418f-b9e8-dd0688973359",
    "vertices" : [ {
      "x" : 15.326238,
      "y" : -13.708204,
      "z" : 9.09017
    }, {
      "x" : 10.09017,
      "y" : -13.708204,
      "z" : 9.09017
    }, {
      "x" : 5.854102,
      "y" : -13.708204,
      "z" : 7.472136
    }, {
      "x" : 11.09017,
      "y" : -13.708204,
      "z" : 7.472136
    } ],
    "faces" : [ {
      "vertices" : [ 0, 1, 2 ]
    }, {
      "vertices" : [ 0, 2, 3 ]
    }, {
      "vertices" : [ 0, 3, 2 ]
    }, {
      "vertices" : [ 0, 2, 1 ]
    } ]
  }, {
    "id" : "33b3ac65-2113-4a5d-8ce8-99ff58758f6e",
    "vertices" : [ {
      "x" : 9.09017,
      "y" : -10.09017,
      "z" : -18.944271
    }, {
      "x" : 7.472136,
      "y" : -5.854102,
      "z" : -18.944271
    }, {
      "x" : 7.472136,
      "y" : -5.854102,
      "z" : -13.708204
    }, {
      "x" : 9.09017,
      "y" : -10.09017,
      "z" : -13.708204
    } ],
    "faces" : [ {
      "vertices" : [ 0, 1, 2 ]
    }, {
      "vertices" : [ 0, 2, 3 ]
    }, {
      "vertices" : [ 0, 3, 2 ]
    }, {
      "vertices" : [ 0, 2, 1 ]
    } ]
  }, {
    "id" : "70c133d4-7d30-43fa-9cb0-edbba5993154",
    "vertices" : [ {
      "x" : 18.944271,
      "y" : -7.472136,
      "z" : 11.09017
    }, {
      "x" : 13.708204,
      "y" : -7.472136,
      "z" : 11.09017
    }, {
      "x" : 13.708204,
      "y" : -6.472136,
      "z" : 5.236068
    }, {
      "x" : 18.944271,
      "y" : -6.472136,
      "z" : 5.236068
    } ],
    "faces" : [ {
      "vertices" : [ 0, 1, 2 ]
    }, {
      "vertices" : [ 0, 2, 3 ]
    }, {
      "vertices" : [ 0, 3, 2 ]
    }, {
      "vertices" : [ 0, 2, 1 ]
    } ]
  }, {
    "id" : "f2b0a867-b702-4490-8633-2575df2cd80f",
    "vertices" : [ {
      "x" : 12.708204,
      "y" : -17.944271,
      "z" : 17.944271
    }, {
      "x" : 9.09017,
      "y" : -15.326238,
      "z" : 18.944271
    }, {
      "x" : 9.09017,
      "y" : -15.326238,
      "z" : 13.708204
    }, {
      "x" : 12.708204,
      "y" : -17.944271,
      "z" : 12.708204
    } ],
    "faces" : [ {
      "vertices" : [ 0, 1, 2 ]
    }, {
      "vertices" : [ 0, 2, 3 ]
    }, {
      "vertices" : [ 0, 3, 2 ]
    }, {
      "vertices" : [ 0, 2, 1 ]
    } ]
  }, {
    "id" : "ba750d72-c32b-426d-af30-92e0e76c3ee3",
    "vertices" : [ {
      "x" : 11.09017,
      "y" : 13.708204,
      "z" : 7.472136
    }, {
      "x" : 5.854102,
      "y" : 13.708204,
      "z" : 7.472136
    }, {
      "x" : 0.0,
      "y" : 13.708204,
      "z" : 6.472136
    }, {
      "x" : 5.236068,
      "y" : 13.708204,
      "z" : 6.472136
    } ],
    "faces" : [ {
      "vertices" : [ 0, 1, 2 ]
    }, {
      "vertices" : [ 0, 2, 3 ]
    }, {
      "vertices" : [ 0, 3, 2 ]
    }, {
      "vertices" : [ 0, 2, 1 ]
    } ]
  }, {
    "id" : "fb979b00-8e8c-4c8d-97ac-93a7ab9a6e37",
    "vertices" : [ {
      "x" : -12.708204,
      "y" : 17.944271,
      "z" : 17.944271
    }, {
      "x" : -9.09017,
      "y" : 15.326238,
      "z" : 18.944271
    }, {
      "x" : -9.09017,
      "y" : 15.326238,
      "z" : 13.708204
    }, {
      "x" : -12.708204,
      "y" : 17.944271,
      "z" : 12.708204
    } ],
    "faces" : [ {
      "vertices" : [ 0, 1, 2 ]
    }, {
      "vertices" : [ 0, 2, 3 ]
    }, {
      "vertices" : [ 0, 3, 2 ]
    }, {
      "vertices" : [ 0, 2, 1 ]
    } ]
  }, {
    "id" : "b8eb657b-98ff-4dd9-b92f-a570093663a5",
    "vertices" : [ {
      "x" : 13.708204,
      "y" : 7.472136,
      "z" : -11.09017
    }, {
      "x" : 13.708204,
      "y" : 7.472136,
      "z" : -5.854102
    }, {
      "x" : 13.708204,
      "y" : 6.472136,
      "z" : 0.0
    }, {
      "x" : 13.708204,
      "y" : 6.472136,
      "z" : -5.236068
    } ],
    "faces" : [ {
      "vertices" : [ 0, 1, 2 ]
    }, {
      "vertices" : [ 0, 2, 3 ]
    }, {
      "vertices" : [ 0, 3, 2 ]
    }, {
      "vertices" : [ 0, 2, 1 ]
    } ]
  }, {
    "id" : "6b75ea2d-0739-4553-bd16-2d22fccb285e",
    "vertices" : [ {
      "x" : 7.472136,
      "y" : 11.09017,
      "z" : 18.944271
    }, {
      "x" : 7.472136,
      "y" : 11.09017,
      "z" : 13.708204
    }, {
      "x" : 7.472136,
      "y" : 5.854102,
      "z" : 13.708204
    }, {
      "x" : 7.472136,
      "y" : 5.854102,
      "z" : 18.944271
    } ],
    "faces" : [ {
      "vertices" : [ 0, 1, 2 ]
    }, {
      "vertices" : [ 0, 2, 3 ]
    }, {
      "vertices" : [ 0, 3, 2 ]
    }, {
      "vertices" : [ 0, 2, 1 ]
    } ]
  }, {
    "id" : "a3f62474-0f0a-48b8-8f2a-339d0cf66a0d",
    "vertices" : [ {
      "x" : -18.944271,
      "y" : 9.09017,
      "z" : -15.326238
    }, {
      "x" : -13.708204,
      "y" : 9.09017,
      "z" : -15.326238
    }, {
      "x" : -13.708204,
      "y" : 7.472136,
      "z" : -11.09017
    }, {
      "x" : -18.944271,
      "y" : 7.472136,
      "z" : -11.09017
    } ],
    "faces" : [ {
      "vertices" : [ 0, 1, 2 ]
    }, {
      "vertices" : [ 0, 2, 3 ]
    }, {
      "vertices" : [ 0, 3, 2 ]
    }, {
      "vertices" : [ 0, 2, 1 ]
    } ]
  }, {
    "id" : "94e73c95-0666-487f-93cb-59a3786c3b6a",
    "vertices" : [ {
      "x" : -18.944271,
      "y" : -7.472136,
      "z" : -11.09017
    }, {
      "x" : -18.944271,
      "y" : -6.472136,
      "z" : -5.236068
    }, {
      "x" : -18.944271,
      "y" : -6.472136,
      "z" : 0.0
    }, {
      "x" : -18.944271,
      "y" : -7.472136,
      "z" : -5.854102
    } ],
    "faces" : [ {
      "vertices" : [ 0, 1, 2 ]
    }, {
      "vertices" : [ 0, 2, 3 ]
    }, {
      "vertices" : [ 0, 3, 2 ]
    }, {
      "vertices" : [ 0, 2, 1 ]
    } ]
  }, {
    "id" : "34695d49-2ccd-4e5c-9c05-542d580c4424",
    "vertices" : [ {
      "x" : -12.708204,
      "y" : -12.708204,
      "z" : -17.944271
    }, {
      "x" : -12.708204,
      "y" : -12.708204,
      "z" : -12.708204
    }, {
      "x" : -9.09017,
      "y" : -10.09017,
      "z" : -13.708204
    }, {
      "x" : -9.09017,
      "y" : -10.09017,
      "z" : -18.944271
    } ],
    "faces" : [ {
      "vertices" : [ 0, 1, 2 ]
    }, {
      "vertices" : [ 0, 2, 3 ]
    }, {
      "vertices" : [ 0, 3, 2 ]
    }, {
      "vertices" : [ 0, 2, 1 ]
    } ]
  }, {
    "id" : "09637c68-e8f8-4e82-b0b6-f60474b4e7b2",
    "vertices" : [ {
      "x" : -15.326238,
      "y" : 18.944271,
      "z" : -9.09017
    }, {
      "x" : -15.326238,
      "y" : 13.708204,
      "z" : -9.09017
    }, {
      "x" : -11.09017,
      "y" : 13.708204,
      "z" : -7.472136
    }, {
      "x" : -11.09017,
      "y" : 18.944271,
      "z" : -7.472136
    } ],
    "faces" : [ {
      "vertices" : [ 0, 1, 2 ]
    }, {
      "vertices" : [ 0, 2, 3 ]
    }, {
      "vertices" : [ 0, 3, 2 ]
    }, {
      "vertices" : [ 0, 2, 1 ]
    } ]
  }, {
    "id" : "cde4b774-21fd-4e82-ae10-478faf73bb04",
    "vertices" : [ {
      "x" : 17.944271,
      "y" : 17.944271,
      "z" : -12.708204
    }, {
      "x" : 12.708204,
      "y" : 17.944271,
      "z" : -12.708204
    }, {
      "x" : 12.708204,
      "y" : 12.708204,
      "z" : -12.708204
    }, {
      "x" : 17.944271,
      "y" : 12.708204,
      "z" : -12.708204
    } ],
    "faces" : [ {
      "vertices" : [ 0, 1, 2 ]
    }, {
      "vertices" : [ 0, 2, 3 ]
    }, {
      "vertices" : [ 0, 3, 2 ]
    }, {
      "vertices" : [ 0, 2, 1 ]
    } ]
  }, {
    "id" : "8e9e2b2c-23e3-4745-9c2d-3c73a659f066",
    "vertices" : [ {
      "x" : 15.326238,
      "y" : -13.708204,
      "z" : -9.09017
    }, {
      "x" : 10.09017,
      "y" : -13.708204,
      "z" : -9.09017
    }, {
      "x" : 5.854102,
      "y" : -13.708204,
      "z" : -7.472136
    }, {
      "x" : 11.09017,
      "y" : -13.708204,
      "z" : -7.472136
    } ],
    "faces" : [ {
      "vertices" : [ 0, 1, 2 ]
    }, {
      "vertices" : [ 0, 2, 3 ]
    }, {
      "vertices" : [ 0, 3, 2 ]
    }, {
      "vertices" : [ 0, 2, 1 ]
    } ]
  }, {
    "id" : "413b5f00-db89-4b91-a9d2-56767708083c",
    "vertices" : [ {
      "x" : 18.944271,
      "y" : -7.472136,
      "z" : -11.09017
    }, {
      "x" : 13.708204,
      "y" : -7.472136,
      "z" : -11.09017
    }, {
      "x" : 13.708204,
      "y" : -7.472136,
      "z" : -5.854102
    }, {
      "x" : 18.944271,
      "y" : -7.472136,
      "z" : -5.854102
    } ],
    "faces" : [ {
      "vertices" : [ 0, 1, 2 ]
    }, {
      "vertices" : [ 0, 2, 3 ]
    }, {
      "vertices" : [ 0, 3, 2 ]
    }, {
      "vertices" : [ 0, 2, 1 ]
    } ]
  }, {
    "id" : "fa1887af-53ac-4b59-8785-ddf9d5988075",
    "vertices" : [ {
      "x" : -17.944271,
      "y" : 12.708204,
      "z" : 17.944271
    }, {
      "x" : -17.944271,
      "y" : 12.708204,
      "z" : 12.708204
    }, {
      "x" : -18.944271,
      "y" : 9.09017,
      "z" : 10.09017
    }, {
      "x" : -18.944271,
      "y" : 9.09017,
      "z" : 15.326238
    } ],
    "faces" : [ {
      "vertices" : [ 0, 1, 2 ]
    }, {
      "vertices" : [ 0, 2, 3 ]
    }, {
      "vertices" : [ 0, 3, 2 ]
    }, {
      "vertices" : [ 0, 2, 1 ]
    } ]
  }, {
    "id" : "5b550feb-ee07-4722-bcbd-98d99de2dcbe",
    "vertices" : [ {
      "x" : 18.944271,
      "y" : -6.472136,
      "z" : 5.236068
    }, {
      "x" : 13.708204,
      "y" : -6.472136,
      "z" : 5.236068
    }, {
      "x" : 13.708204,
      "y" : -6.472136,
      "z" : 0.0
    }, {
      "x" : 18.944271,
      "y" : -6.472136,
      "z" : 0.0
    } ],
    "faces" : [ {
      "vertices" : [ 0, 1, 2 ]
    }, {
      "vertices" : [ 0, 2, 3 ]
    }, {
      "vertices" : [ 0, 3, 2 ]
    }, {
      "vertices" : [ 0, 2, 1 ]
    } ]
  }, {
    "id" : "588651b6-c400-456d-ae27-6aa4797ae425",
