{
  "polygons" : "true",
  "field" : "golden",
  "symmetry" : "icosahedral",
  "orientations" : [ [ 1.0, 0.0, 0.0, 0.0, 0.0, 1.0, 0.0, 0.0, 0.0, 0.0, 1.0, 0.0, 0.0, 0.0, 0.0, 1.0 ], [ 0.0, 0.0, 1.0, 0.0, 1.0, 0.0, 0.0, 0.0, 0.0, 1.0, 0.0, 0.0, 0.0, 0.0, 0.0, 1.0 ], [ 0.0, 1.0, 0.0, 0.0, 0.0, 0.0, 1.0, 0.0, 1.0, 0.0, 0.0, 0.0, 0.0, 0.0, 0.0, 1.0 ], [ 0.809017, 0.309017, 0.5, 0.0, 0.309017, 0.5, -0.809017, 0.0, -0.5, 0.809017, 0.309017, 0.0, 0.0, 0.0, 0.0, 1.0 ], [ -0.5, 0.809017, 0.309017, 0.0, 0.809017, 0.309017, 0.5, 0.0, 0.309017, 0.5, -0.809017, 0.0, 0.0, 0.0, 0.0, 1.0 ], [ 0.309017, 0.5, -0.809017, 0.0, -0.5, 0.809017, 0.309017, 0.0, 0.809017, 0.309017, 0.5, 0.0, 0.0, 0.0, 0.0, 1.0 ], [ 0.5, 0.809017, 0.309017, 0.0, 0.809017, -0.309017, -0.5, 0.0, -0.309017, 0.5, -0.809017, 0.0, 0.0, 0.0, 0.0, 1.0 ], [ -0.309017, 0.5, -0.809017, 0.0, 0.5, 0.809017, 0.309017, 0.0, 0.809017, -0.309017, -0.5, 0.0, 0.0, 0.0, 0.0, 1.0 ], [ 0.809017, -0.309017, -0.5, 0.0, -0.309017, 0.5, -0.809017, 0.0, 0.5, 0.809017, 0.309017, 0.0, 0.0, 0.0, 0.0, 1.0 ], [ 0.5, 0.809017, -0.309017, 0.0, 0.809017, -0.309017, 0.5, 0.0, 0.309017, -0.5, -0.809017, 0.0, 0.0, 0.0, 0.0, 1.0 ], [ 0.309017, -0.5, -0.809017, 0.0, 0.5, 0.809017, -0.309017, 0.0, 0.809017, -0.309017, 0.5, 0.0, 0.0, 0.0, 0.0, 1.0 ], [ 0.809017, -0.309017, 0.5, 0.0, 0.309017, -0.5, -0.809017, 0.0, 0.5, 0.809017, -0.309017, 0.0, 0.0, 0.0, 0.0, 1.0 ], [ 0.809017, 0.309017, -0.5, 0.0, 0.309017, 0.5, 0.809017, 0.0, 0.5, -0.809017, 0.309017, 0.0, 0.0, 0.0, 0.0, 1.0 ], [ 0.5, -0.809017, 0.309017, 0.0, 0.809017, 0.309017, -0.5, 0.0, 0.309017, 0.5, 0.809017, 0.0, 0.0, 0.0, 0.0, 1.0 ], [ 0.309017, 0.5, 0.809017, 0.0, 0.5, -0.809017, 0.309017, 0.0, 0.809017, 0.309017, -0.5, 0.0, 0.0, 0.0, 0.0, 1.0 ], [ 1.0, 0.0, 0.0, 0.0, 0.0, -1.0, 0.0, 0.0, 0.0, 0.0, -1.0, 0.0, 0.0, 0.0, 0.0, 1.0 ], [ 0.0, 0.0, 1.0, 0.0, -1.0, 0.0, 0.0, 0.0, 0.0, -1.0, 0.0, 0.0, 0.0, 0.0, 0.0, 1.0 ], [ 0.0, 1.0, 0.0, 0.0, 0.0, 0.0, -1.0, 0.0, -1.0, 0.0, 0.0, 0.0, 0.0, 0.0, 0.0, 1.0 ], [ 0.809017, 0.309017, 0.5, 0.0, -0.309017, -0.5, 0.809017, 0.0, 0.5, -0.809017, -0.309017, 0.0, 0.0, 0.0, 0.0, 1.0 ], [ -0.5, 0.809017, 0.309017, 0.0, -0.809017, -0.309017, -0.5, 0.0, -0.309017, -0.5, 0.809017, 0.0, 0.0, 0.0, 0.0, 1.0 ], [ 0.309017, 0.5, -0.809017, 0.0, 0.5, -0.809017, -0.309017, 0.0, -0.809017, -0.309017, -0.5, 0.0, 0.0, 0.0, 0.0, 1.0 ], [ 0.5, 0.809017, 0.309017, 0.0, -0.809017, 0.309017, 0.5, 0.0, 0.309017, -0.5, 0.809017, 0.0, 0.0, 0.0, 0.0, 1.0 ], [ -0.309017, 0.5, -0.809017, 0.0, -0.5, -0.809017, -0.309017, 0.0, -0.809017, 0.309017, 0.5, 0.0, 0.0, 0.0, 0.0, 1.0 ], [ 0.809017, -0.309017, -0.5, 0.0, 0.309017, -0.5, 0.809017, 0.0, -0.5, -0.809017, -0.309017, 0.0, 0.0, 0.0, 0.0, 1.0 ], [ 0.5, 0.809017, -0.309017, 0.0, -0.809017, 0.309017, -0.5, 0.0, -0.309017, 0.5, 0.809017, 0.0, 0.0, 0.0, 0.0, 1.0 ], [ 0.309017, -0.5, -0.809017, 0.0, -0.5, -0.809017, 0.309017, 0.0, -0.809017, 0.309017, -0.5, 0.0, 0.0, 0.0, 0.0, 1.0 ], [ 0.809017, -0.309017, 0.5, 0.0, -0.309017, 0.5, 0.809017, 0.0, -0.5, -0.809017, 0.309017, 0.0, 0.0, 0.0, 0.0, 1.0 ], [ 0.809017, 0.309017, -0.5, 0.0, -0.309017, -0.5, -0.809017, 0.0, -0.5, 0.809017, -0.309017, 0.0, 0.0, 0.0, 0.0, 1.0 ], [ 0.5, -0.809017, 0.309017, 0.0, -0.809017, -0.309017, 0.5, 0.0, -0.309017, -0.5, -0.809017, 0.0, 0.0, 0.0, 0.0, 1.0 ], [ 0.309017, 0.5, 0.809017, 0.0, -0.5, 0.809017, -0.309017, 0.0, -0.809017, -0.309017, 0.5, 0.0, 0.0, 0.0, 0.0, 1.0 ], [ -1.0, 0.0, 0.0, 0.0, 0.0, -1.0, 0.0, 0.0, 0.0, 0.0, 1.0, 0.0, 0.0, 0.0, 0.0, 1.0 ], [ 0.0, 0.0, -1.0, 0.0, -1.0, 0.0, 0.0, 0.0, 0.0, 1.0, 0.0, 0.0, 0.0, 0.0, 0.0, 1.0 ], [ 0.0, -1.0, 0.0, 0.0, 0.0, 0.0, -1.0, 0.0, 1.0, 0.0, 0.0, 0.0, 0.0, 0.0, 0.0, 1.0 ], [ -0.809017, -0.309017, -0.5, 0.0, -0.309017, -0.5, 0.809017, 0.0, -0.5, 0.809017, 0.309017, 0.0, 0.0, 0.0, 0.0, 1.0 ], [ 0.5, -0.809017, -0.309017, 0.0, -0.809017, -0.309017, -0.5, 0.0, 0.309017, 0.5, -0.809017, 0.0, 0.0, 0.0, 0.0, 1.0 ], [ -0.309017, -0.5, 0.809017, 0.0, 0.5, -0.809017, -0.309017, 0.0, 0.809017, 0.309017, 0.5, 0.0, 0.0, 0.0, 0.0, 1.0 ], [ -0.5, -0.809017, -0.309017, 0.0, -0.809017, 0.309017, 0.5, 0.0, -0.309017, 0.5, -0.809017, 0.0, 0.0, 0.0, 0.0, 1.0 ], [ 0.309017, -0.5, 0.809017, 0.0, -0.5, -0.809017, -0.309017, 0.0, 0.809017, -0.309017, -0.5, 0.0, 0.0, 0.0, 0.0, 1.0 ], [ -0.809017, 0.309017, 0.5, 0.0, 0.309017, -0.5, 0.809017, 0.0, 0.5, 0.809017, 0.309017, 0.0, 0.0, 0.0, 0.0, 1.0 ], [ -0.5, -0.809017, 0.309017, 0.0, -0.809017, 0.309017, -0.5, 0.0, 0.309017, -0.5, -0.809017, 0.0, 0.0, 0.0, 0.0, 1.0 ], [ -0.309017, 0.5, 0.809017, 0.0, -0.5, -0.809017, 0.309017, 0.0, 0.809017, -0.309017, 0.5, 0.0, 0.0, 0.0, 0.0, 1.0 ], [ -0.809017, 0.309017, -0.5, 0.0, -0.309017, 0.5, 0.809017, 0.0, 0.5, 0.809017, -0.309017, 0.0, 0.0, 0.0, 0.0, 1.0 ], [ -0.809017, -0.309017, 0.5, 0.0, -0.309017, -0.5, -0.809017, 0.0, 0.5, -0.809017, 0.309017, 0.0, 0.0, 0.0, 0.0, 1.0 ], [ -0.5, 0.809017, -0.309017, 0.0, -0.809017, -0.309017, 0.5, 0.0, 0.309017, 0.5, 0.809017, 0.0, 0.0, 0.0, 0.0, 1.0 ], [ -0.309017, -0.5, -0.809017, 0.0, -0.5, 0.809017, -0.309017, 0.0, 0.809017, 0.309017, -0.5, 0.0, 0.0, 0.0, 0.0, 1.0 ], [ -1.0, 0.0, 0.0, 0.0, 0.0, 1.0, 0.0, 0.0, 0.0, 0.0, -1.0, 0.0, 0.0, 0.0, 0.0, 1.0 ], [ 0.0, 0.0, -1.0, 0.0, 1.0, 0.0, 0.0, 0.0, 0.0, -1.0, 0.0, 0.0, 0.0, 0.0, 0.0, 1.0 ], [ 0.0, -1.0, 0.0, 0.0, 0.0, 0.0, 1.0, 0.0, -1.0, 0.0, 0.0, 0.0, 0.0, 0.0, 0.0, 1.0 ], [ -0.809017, -0.309017, -0.5, 0.0, 0.309017, 0.5, -0.809017, 0.0, 0.5, -0.809017, -0.309017, 0.0, 0.0, 0.0, 0.0, 1.0 ], [ 0.5, -0.809017, -0.309017, 0.0, 0.809017, 0.309017, 0.5, 0.0, -0.309017, -0.5, 0.809017, 0.0, 0.0, 0.0, 0.0, 1.0 ], [ -0.309017, -0.5, 0.809017, 0.0, -0.5, 0.809017, 0.309017, 0.0, -0.809017, -0.309017, -0.5, 0.0, 0.0, 0.0, 0.0, 1.0 ], [ -0.5, -0.809017, -0.309017, 0.0, 0.809017, -0.309017, -0.5, 0.0, 0.309017, -0.5, 0.809017, 0.0, 0.0, 0.0, 0.0, 1.0 ], [ 0.309017, -0.5, 0.809017, 0.0, 0.5, 0.809017, 0.309017, 0.0, -0.809017, 0.309017, 0.5, 0.0, 0.0, 0.0, 0.0, 1.0 ], [ -0.809017, 0.309017, 0.5, 0.0, -0.309017, 0.5, -0.809017, 0.0, -0.5, -0.809017, -0.309017, 0.0, 0.0, 0.0, 0.0, 1.0 ], [ -0.5, -0.809017, 0.309017, 0.0, 0.809017, -0.309017, 0.5, 0.0, -0.309017, 0.5, 0.809017, 0.0, 0.0, 0.0, 0.0, 1.0 ], [ -0.309017, 0.5, 0.809017, 0.0, 0.5, 0.809017, -0.309017, 0.0, -0.809017, 0.309017, -0.5, 0.0, 0.0, 0.0, 0.0, 1.0 ], [ -0.809017, 0.309017, -0.5, 0.0, 0.309017, -0.5, -0.809017, 0.0, -0.5, -0.809017, 0.309017, 0.0, 0.0, 0.0, 0.0, 1.0 ], [ -0.809017, -0.309017, 0.5, 0.0, 0.309017, 0.5, 0.809017, 0.0, -0.5, 0.809017, -0.309017, 0.0, 0.0, 0.0, 0.0, 1.0 ], [ -0.5, 0.809017, -0.309017, 0.0, 0.809017, 0.309017, -0.5, 0.0, -0.309017, -0.5, -0.809017, 0.0, 0.0, 0.0, 0.0, 1.0 ], [ -0.309017, -0.5, -0.809017, 0.0, 0.5, -0.809017, 0.309017, 0.0, -0.809017, -0.309017, 0.5, 0.0, 0.0, 0.0, 0.0, 1.0 ] ],
  "lights" : {
    "ambientColor" : "#292929",
    "backgroundColor" : "#AFC8DC",
    "directionalLights" : [ {
      "direction" : [ 1.0, -1.0, -1.0 ],
      "color" : "#EBEBE4"
    }, {
      "direction" : [ -1.0, 0.0, 0.0 ],
      "color" : "#E4E4EB"
    }, {
      "direction" : [ 0.0, 0.0, -1.0 ],
      "color" : "#1E1E1E"
    } ]
  },
  "camera" : {
    "stereo" : false,
    "width" : 66.04717,
    "lookAtPoint" : {
      "x" : 0.0,
      "y" : 0.0,
      "z" : 0.0
    },
    "lookDirection" : {
      "x" : 0.7335733,
      "y" : -0.25483385,
      "z" : 0.6300396
    },
    "upDirection" : {
      "x" : -0.01745408,
      "y" : 0.91966665,
      "z" : 0.39229205
    },
    "nearClipDistance" : 0.13590011,
    "farClipDistance" : 293.54327,
    "perspective" : true,
    "fieldOfView" : 0.4426278,
    "viewDistance" : 146.77187,
    "lookAtPointRV" : {
      "x" : 0.0,
      "y" : 0.0,
      "z" : 0.0,
      "zero" : true
    },
    "lookDirectionRV" : {
      "x" : 0.7335733,
      "y" : -0.25483385,
      "z" : 0.6300396,
      "zero" : false
    },
    "upDirectionRV" : {
      "x" : -0.01745408,
      "y" : 0.91966665,
      "z" : 0.39229205,
      "zero" : false
    },
    "position" : {
      "x" : -107.66792,
      "y" : 37.40244,
      "z" : -92.472084
    }
  },
  "embedding" : [ 1.0, 0.0, 0.0, 0.0, 0.0, 1.0, 0.0, 0.0, 0.0, 0.0, 1.0, 0.0, 0.0, 0.0, 0.0, 1.0 ],
  "shapes" : [ {
    "id" : "a92e3ac1-1967-4877-afcd-d9f541a8dca1",
    "vertices" : [ {
      "x" : 0.0,
      "y" : 0.0,
      "z" : 0.0
    }, {
      "x" : -0.3181073,
      "y" : 0.7426458,
      "z" : -0.23606798
    }, {
      "x" : -2.7898943,
      "y" : 7.213868,
      "z" : -0.23606798
    }, {
      "x" : -2.8935688,
      "y" : 7.5754614,
      "z" : 0.0
    } ],
    "faces" : [ {
      "vertices" : [ 0, 1, 2, 3 ]
    }, {
      "vertices" : [ 0, 3, 2, 1 ]
    } ]
  }, {
    "id" : "7e802b9a-ed44-4e97-b943-6d11e3cafe8d",
    "vertices" : [ {
      "x" : 0.0,
      "y" : 0.0,
      "z" : 0.0
    }, {
      "x" : -0.7521691,
      "y" : -3.2107868,
      "z" : -13.561392
    }, {
      "x" : -0.7521691,
      "y" : 2.115451,
      "z" : 0.38287964
    } ],
    "faces" : [ {
      "vertices" : [ 0, 1, 2 ]
    }, {
      "vertices" : [ 0, 2, 1 ]
    } ]
  }, {
    "id" : "bed792d4-5493-4760-84c9-b10e7affcb6e",
    "vertices" : [ {
      "x" : 0.0,
      "y" : 0.0,
      "z" : 0.0
    }, {
      "x" : -0.4163045,
      "y" : 1.0898993,
      "z" : 0.0
    }, {
      "x" : -0.4163045,
      "y" : 2.5966928,
      "z" : 3.9448366
    }, {
      "x" : 0.0,
      "y" : 1.5067935,
      "z" : 3.9448366
    } ],
    "faces" : [ {
      "vertices" : [ 0, 1, 2, 3 ]
    }, {
      "vertices" : [ 0, 3, 2, 1 ]
    } ]
  }, {
    "id" : "7ccade05-e18e-4378-b7ac-d9138d4b86e2",
    "vertices" : [ {
      "x" : 0.0,
      "y" : 0.0,
      "z" : 0.0
    }, {
      "x" : -0.7521691,
      "y" : -0.7389997,
      "z" : -7.09017
    }, {
      "x" : 0.0,
      "y" : 2.471787,
      "z" : 6.4712224
    } ],
    "faces" : [ {
      "vertices" : [ 0, 1, 2 ]
    }, {
      "vertices" : [ 0, 2, 1 ]
    } ]
  }, {
    "id" : "f308c57c-34e6-4a61-8dce-7117fc3e55a5",
    "vertices" : [ {
      "x" : 0.0,
      "y" : 0.0,
      "z" : 0.0
    }, {
      "x" : 0.0,
      "y" : 0.4163045,
      "z" : 1.0898993
    }, {
      "x" : 0.9649935,
      "y" : -1.8058542,
      "z" : 1.886376
    } ],
    "faces" : [ {
      "vertices" : [ 0, 1, 2 ]
    }, {
      "vertices" : [ 0, 2, 1 ]
    } ]
  }, {
    "id" : "5c3f2fdf-f51e-4bda-be53-d99617477ef7",
    "vertices" : [ {
      "x" : 0.0,
      "y" : 0.0,
      "z" : 0.0
    }, {
      "x" : 0.7521691,
      "y" : -2.115451,
      "z" : -0.38287964
    }, {
      "x" : -1.6855251,
      "y" : 1.8288207,
      "z" : -6.764846
    } ],
    "faces" : [ {
      "vertices" : [ 0, 1, 2 ]
    }, {
      "vertices" : [ 0, 2, 1 ]
    } ]
  }, {
    "id" : "b78219db-e0c1-44b3-a90d-32ec106c7284",
    "vertices" : [ {
      "x" : 0.0,
      "y" : 0.0,
      "z" : 0.0
    }, {
      "x" : -0.7521691,
      "y" : 2.115451,
      "z" : 0.38287964
    }, {
      "x" : 1.6855251,
      "y" : -1.8288207,
      "z" : 6.764846
    } ],
    "faces" : [ {
      "vertices" : [ 0, 1, 2 ]
    }, {
      "vertices" : [ 0, 2, 1 ]
    } ]
  }, {
    "id" : "a5514a8a-9ff1-4624-b79c-d7b2d26ba588",
    "vertices" : [ {
      "x" : 0.0,
      "y" : 0.0,
      "z" : 0.0
    }, {
      "x" : 0.0,
      "y" : 1.6855251,
      "z" : 4.4127617
    }, {
      "x" : 0.9649935,
      "y" : -0.18009429,
      "z" : 6.1426706
    }, {
      "x" : 0.9649935,
      "y" : -0.5963988,
      "z" : 5.0527716
    } ],
    "faces" : [ {
      "vertices" : [ 0, 1, 2, 3 ]
    }, {
      "vertices" : [ 0, 3, 2, 1 ]
    } ]
  }, {
    "id" : "53a5b894-544c-428a-a09f-ba921bc4b381",
    "vertices" : [ {
      "x" : 0.0,
      "y" : 0.0,
      "z" : 0.0
    }, {
      "x" : 0.3181073,
      "y" : -0.7426458,
      "z" : 0.23606798
    }, {
      "x" : 2.7898943,
      "y" : -7.213868,
      "z" : 0.23606798
    }, {
      "x" : 2.8935688,
      "y" : -7.5754614,
      "z" : 0.0
    } ],
    "faces" : [ {
      "vertices" : [ 0, 1, 2, 3 ]
    }, {
      "vertices" : [ 0, 3, 2, 1 ]
    } ]
  }, {
    "id" : "759e9ccc-77fd-440b-bf6b-681025c5582b",
    "vertices" : [ {
      "x" : 0.0,
      "y" : 0.0,
      "z" : 0.0
    }, {
      "x" : -0.29319078,
      "y" : -0.16240355,
      "z" : -2.4347374
    }, {
      "x" : -0.6776016,
      "y" : 0.84399706,
      "z" : -2.4347374
    }, {
      "x" : -1.6075885,
      "y" : 4.2087216,
      "z" : 0.0
    } ],
    "faces" : [ {
      "vertices" : [ 0, 1, 2, 3 ]
    }, {
      "vertices" : [ 0, 3, 2, 1 ]
    } ]
  }, {
    "id" : "6e6daea0-d268-4423-a9bc-77efb96a1250",
    "vertices" : [ {
      "x" : 0.0,
      "y" : 0.0,
      "z" : 0.0
    }, {
      "x" : 0.4163045,
      "y" : -1.0898993,
      "z" : 0.0
    }, {
      "x" : 0.4163045,
      "y" : -2.5966928,
      "z" : -3.9448366
    }, {
      "x" : 0.0,
      "y" : -1.5067935,
      "z" : -3.9448366
    } ],
    "faces" : [ {
      "vertices" : [ 0, 1, 2, 3 ]
    }, {
      "vertices" : [ 0, 3, 2, 1 ]
    } ]
  }, {
    "id" : "738f13cf-6ea4-4033-aeb3-1714bbad0c35",
    "vertices" : [ {
      "x" : 0.0,
      "y" : 0.0,
      "z" : 0.0
    }, {
      "x" : -0.090169944,
      "y" : 0.23606798,
      "z" : 0.0
    }, {
      "x" : -0.090169944,
      "y" : 2.673762,
      "z" : 6.381966
    }, {
      "x" : 0.0,
      "y" : 2.527864,
      "z" : 6.618034
    } ],
    "faces" : [ {
      "vertices" : [ 0, 1, 2, 3 ]
    }, {
      "vertices" : [ 0, 3, 2, 1 ]
    } ]
  }, {
    "id" : "aa248b9f-d290-4861-a7cf-177fa949c2ad",
    "vertices" : [ {
      "x" : 0.0,
      "y" : 0.0,
      "z" : 0.0
    }, {
      "x" : 0.7521691,
      "y" : 3.2107868,
      "z" : 13.561392
    }, {
      "x" : 0.7521691,
      "y" : -2.115451,
      "z" : -0.38287964
    } ],
    "faces" : [ {
      "vertices" : [ 0, 1, 2 ]
    }, {
      "vertices" : [ 0, 2, 1 ]
    } ]
  }, {
    "id" : "7d7becc9-344b-4f6f-b178-731a404bbc8e",
    "vertices" : [ {
      "x" : 0.0,
      "y" : 0.0,
      "z" : 0.0
    }, {
      "x" : -0.090169944,
      "y" : 0.23606798,
      "z" : 0.0
    }, {
      "x" : -0.090169944,
      "y" : 2.673762,
      "z" : 6.381966
    }, {
      "x" : 2.437694,
      "y" : -3.9442718,
      "z" : 6.381966
    } ],
    "faces" : [ {
      "vertices" : [ 0, 1, 2, 3 ]
    }, {
      "vertices" : [ 0, 3, 2, 1 ]
    } ]
  }, {
    "id" : "f521756e-e705-4782-8263-b06bab960aa4",
    "vertices" : [ {
      "x" : 0.0,
      "y" : 0.0,
      "z" : 0.0
    }, {
      "x" : -3.009501,
      "y" : 3.009501,
      "z" : 0.0
    }, {
      "x" : -0.5699797,
      "y" : 5.4490223,
      "z" : -2.4395213
    }, {
      "x" : 3.9442718,
      "y" : 3.9442718,
      "z" : -3.9442718
    } ],
    "faces" : [ {
      "vertices" : [ 0, 1, 2, 3 ]
    }, {
      "vertices" : [ 0, 3, 2, 1 ]
    } ]
  }, {
    "id" : "21998216-049e-4970-94aa-6631863a2f96",
    "vertices" : [ {
      "x" : 0.0,
      "y" : 0.0,
      "z" : 0.0
    }, {
      "x" : 0.7825081,
      "y" : -2.1388025,
      "z" : -0.23606798
    }, {
      "x" : -1.9256959,
      "y" : 4.9513674,
      "z" : -0.23606798
    }, {
      "x" : -1.6075885,
      "y" : 4.2087216,
      "z" : 0.0
    } ],
    "faces" : [ {
      "vertices" : [ 0, 1, 2, 3 ]
    }, {
      "vertices" : [ 0, 3, 2, 1 ]
    } ]
  }, {
    "id" : "ff9d42af-7b15-4577-a73b-75a29c53af3d",
    "vertices" : [ {
      "x" : 0.0,
      "y" : 0.0,
      "z" : 0.0
    }, {
      "x" : -0.9649935,
      "y" : 1.8058542,
      "z" : -1.886376
    }, {
      "x" : -0.9649935,
      "y" : 3.4913793,
      "z" : 2.5263858
    } ],
    "faces" : [ {
      "vertices" : [ 0, 1, 2 ]
    }, {
      "vertices" : [ 0, 2, 1 ]
    } ]
  }, {
    "id" : "4eaf2397-267f-49b7-accc-5f3a26651d1a",
    "vertices" : [ {
      "x" : 0.0,
      "y" : 0.0,
      "z" : 0.0
    }, {
      "x" : 2.437694,
      "y" : -6.381966,
      "z" : 0.0
    }, {
      "x" : 1.6855251,
      "y" : -7.120966,
      "z" : -7.09017
    }, {
      "x" : 0.0,
      "y" : -2.708204,
      "z" : -7.09017
    } ],
    "faces" : [ {
      "vertices" : [ 0, 1, 2, 3 ]
    }, {
      "vertices" : [ 0, 3, 2, 1 ]
    } ]
  }, {
    "id" : "51554d09-080c-4c3c-873f-8944180956a1",
    "vertices" : [ {
      "x" : 0.0,
      "y" : 0.0,
      "z" : 0.0
    }, {
      "x" : -2.437694,
      "y" : 6.381966,
      "z" : 0.0
    }, {
      "x" : -1.6855251,
      "y" : 7.120966,
      "z" : 7.09017
    }, {
      "x" : 0.0,
      "y" : 2.708204,
      "z" : 7.09017
    } ],
    "faces" : [ {
      "vertices" : [ 0, 1, 2, 3 ]
    }, {
      "vertices" : [ 0, 3, 2, 1 ]
    } ]
  }, {
    "id" : "473748e7-7e3a-4855-9b51-c6c87307bbb0",
    "vertices" : [ {
      "x" : 0.0,
      "y" : 0.0,
      "z" : 0.0
    }, {
      "x" : 0.872678,
      "y" : -2.1945307,
      "z" : 0.23606798
    }, {
      "x" : 2.4802666,
      "y" : -6.403252,
      "z" : 0.23606798
    }, {
      "x" : 2.5839412,
      "y" : -6.764846,
      "z" : 0.0
    } ],
    "faces" : [ {
      "vertices" : [ 0, 1, 2, 3 ]
    }, {
      "vertices" : [ 0, 3, 2, 1 ]
    } ]
  }, {
    "id" : "a7ed7ab8-b5f0-4d6c-94a8-9a7d3553b9d3",
    "vertices" : [ {
      "x" : 0.0,
      "y" : 0.0,
      "z" : 0.0
    }, {
      "x" : 0.0,
      "y" : 2.8935688,
      "z" : 7.5754614
    }, {
      "x" : 2.437694,
      "y" : -3.4883971,
      "z" : 7.5754614
    }, {
      "x" : 2.437694,
      "y" : -6.381966,
      "z" : 0.0
    } ],
    "faces" : [ {
      "vertices" : [ 0, 1, 2, 3 ]
    }, {
      "vertices" : [ 0, 3, 2, 1 ]
    } ]
  }, {
    "id" : "896aa50d-1864-47f4-8c63-86173a973db2",
    "vertices" : [ {
      "x" : 0.0,
      "y" : 0.0,
      "z" : 0.0
    }, {
      "x" : 0.9649935,
      "y" : -1.8058542,
      "z" : 1.886376
    }, {
      "x" : 0.9649935,
      "y" : -3.4913793,
      "z" : -2.5263858
    } ],
    "faces" : [ {
      "vertices" : [ 0, 1, 2 ]
    }, {
      "vertices" : [ 0, 2, 1 ]
    } ]
  }, {
    "id" : "fb242a52-eba6-4eeb-bcbd-262445ff0d3c",
    "vertices" : [ {
      "x" : 0.0,
      "y" : 0.0,
      "z" : 0.0
    }, {
      "x" : -1.5613923,
      "y" : 4.684177,
      "z" : -1.5613923
    }, {
      "x" : 0.8766508,
      "y" : 7.12222,
      "z" : -3.9994354
    }, {
      "x" : 3.9994354,
      "y" : 3.9994354,
      "z" : -3.9994354
    } ],
    "faces" : [ {
      "vertices" : [ 0, 1, 2, 3 ]
    }, {
      "vertices" : [ 0, 3, 2, 1 ]
    } ]
  }, {
    "id" : "7c119c7c-071b-4e2b-b424-d0dda7964d8c",
    "vertices" : [ {
      "x" : 0.0,
      "y" : 0.0,
      "z" : 0.0
    }, {
      "x" : 0.0,
      "y" : -0.4163045,
      "z" : -1.0898993
    }, {
      "x" : -0.9649935,
      "y" : 1.8058542,
      "z" : -1.886376
    } ],
    "faces" : [ {
      "vertices" : [ 0, 1, 2 ]
    }, {
      "vertices" : [ 0, 2, 1 ]
    } ]
  }, {
    "id" : "4dd80bbd-a409-49c1-99ec-f4e3b462809c",
    "vertices" : [ {
      "x" : 0.0,
      "y" : 0.0,
      "z" : 0.0
    }, {
      "x" : -0.7825081,
      "y" : 2.1388025,
      "z" : 0.23606798
    }, {
      "x" : 1.9256959,
      "y" : -4.9513674,
      "z" : 0.23606798
    }, {
      "x" : 1.6075885,
      "y" : -4.2087216,
      "z" : 0.0
    } ],
    "faces" : [ {
      "vertices" : [ 0, 1, 2, 3 ]
    }, {
      "vertices" : [ 0, 3, 2, 1 ]
    } ]
  }, {
    "id" : "5f456b8e-0c70-4159-903f-783854d9ab55",
    "vertices" : [ {
      "x" : 0.0,
      "y" : 0.0,
      "z" : 0.0
    }, {
      "x" : -4.684177,
      "y" : 1.5613923,
      "z" : 1.5613923
    }, {
      "x" : -7.12222,
      "y" : -0.8766508,
      "z" : 3.9994354
    }, {
      "x" : -3.9994354,
      "y" : -3.9994354,
      "z" : 3.9994354
    } ],
    "faces" : [ {
      "vertices" : [ 0, 1, 2, 3 ]
    }, {
      "vertices" : [ 0, 3, 2, 1 ]
    } ]
  }, {
    "id" : "b0d99ef9-f732-41fc-8103-3f5a41f27827",
    "vertices" : [ {
      "x" : 0.0,
      "y" : 0.0,
      "z" : 0.0
    }, {
      "x" : 3.9442718,
      "y" : 3.9442718,
      "z" : -3.9442718
    }, {
      "x" : 1.4091635,
      "y" : 3.4698792,
      "z" : -4.4186645
    }, {
      "x" : -1.0303578,
      "y" : 1.0303578,
      "z" : -1.9791431
    } ],
    "faces" : [ {
      "vertices" : [ 0, 1, 2, 3 ]
    }, {
      "vertices" : [ 0, 3, 2, 1 ]
    } ]
  }, {
    "id" : "e7842383-1478-4857-8406-1963b3e05756",
    "vertices" : [ {
      "x" : 0.0,
      "y" : 0.0,
      "z" : 0.0
    }, {
      "x" : -1.8599739,
      "y" : 3.939488,
      "z" : -2.4347374
    }, {
      "x" : -2.2443848,
      "y" : 4.9458885,
      "z" : -2.4347374
    }, {
      "x" : -1.6075885,
      "y" : 4.2087216,
      "z" : 0.0
    } ],
    "faces" : [ {
      "vertices" : [ 0, 1, 2, 3 ]
    }, {
      "vertices" : [ 0, 3, 2, 1 ]
    } ]
  }, {
    "id" : "035580b5-c30c-480d-b7a9-4a232e5e1bb7",
    "vertices" : [ {
      "x" : 0.0,
      "y" : 0.0,
      "z" : 0.0
    }, {
      "x" : -2.630535,
      "y" : 0.4922497,
      "z" : 0.4922497
    }, {
      "x" : 1.3689005,
      "y" : 4.491685,
      "z" : -3.5071857
    }, {
      "x" : 2.438043,
      "y" : 2.438043,
      "z" : -2.438043
    } ],
    "faces" : [ {
      "vertices" : [ 0, 1, 2, 3 ]
    }, {
      "vertices" : [ 0, 3, 2, 1 ]
    } ]
  }, {
    "id" : "1dbf3d6f-beef-45f9-93a5-7cd925451d05",
    "vertices" : [ {
      "x" : 0.0,
      "y" : 0.0,
      "z" : 0.0
    }, {
      "x" : 0.0,
      "y" : -1.6855251,
      "z" : -4.4127617
    }, {
      "x" : -0.9649935,
      "y" : 0.18009429,
      "z" : -6.1426706
    }, {
      "x" : -0.9649935,
      "y" : 0.5963988,
      "z" : -5.0527716
    } ],
    "faces" : [ {
      "vertices" : [ 0, 1, 2, 3 ]
    }, {
      "vertices" : [ 0, 3, 2, 1 ]
    } ]
  }, {
    "id" : "6340764d-d951-45bb-a0bf-1e6b7e3bb386",
    "vertices" : [ {
      "x" : 0.0,
      "y" : 0.0,
      "z" : 0.0
    }, {
      "x" : 0.0,
      "y" : -0.38441083,
      "z" : -1.0064006
    }, {
      "x" : -1.5077071,
      "y" : 3.5628176,
      "z" : -1.0064006
    }, {
      "x" : -1.5077071,
      "y" : 3.9472284,
      "z" : 0.0
    } ],
    "faces" : [ {
      "vertices" : [ 0, 1, 2, 3 ]
    }, {
      "vertices" : [ 0, 3, 2, 1 ]
    } ]
  }, {
    "id" : "df763cc3-1de2-43f4-b259-aa0d0193c968",
    "vertices" : [ {
      "x" : 0.0,
      "y" : 0.0,
      "z" : 0.0
    }, {
      "x" : -0.872678,
      "y" : 2.1945307,
      "z" : -0.23606798
    }, {
      "x" : -0.7825081,
      "y" : 2.0486326,
      "z" : 0.0
    } ],
    "faces" : [ {
      "vertices" : [ 0, 1, 2 ]
    }, {
      "vertices" : [ 0, 2, 1 ]
    } ]
  }, {
    "id" : "350e7e19-6e6d-4ebc-9457-89ea0dd42159",
    "vertices" : [ {
      "x" : 0.0,
      "y" : 0.0,
      "z" : 0.0
    }, {
      "x" : -3.009501,
      "y" : 3.009501,
      "z" : 0.0
    }, {
      "x" : -5.4490223,
      "y" : 0.5699797,
      "z" : 2.4395213
    }, {
      "x" : -3.9442718,
      "y" : -3.9442718,
      "z" : 3.9442718
    } ],
    "faces" : [ {
      "vertices" : [ 0, 1, 2, 3 ]
    }, {
      "vertices" : [ 0, 3, 2, 1 ]
    } ]
  }, {
    "id" : "81334428-ef99-4cbb-8eed-0b8f27c03b64",
    "vertices" : [ {
      "x" : 0.0,
      "y" : 0.0,
      "z" : 0.0
    }, {
      "x" : -1.6855251,
      "y" : 4.4127617,
      "z" : 0.0
    }, {
      "x" : 0.0,
      "y" : 2.5839412,
      "z" : 6.764846
    } ],
    "faces" : [ {
      "vertices" : [ 0, 1, 2 ]
    }, {
      "vertices" : [ 0, 2, 1 ]
    } ]
  }, {
    "id" : "aac0f87f-ea38-4a45-bda2-b0bc0407099b",
    "vertices" : [ {
      "x" : 0.0,
      "y" : 0.0,
      "z" : 0.0
    }, {
      "x" : 0.0,
      "y" : 0.090169944,
      "z" : 0.23606798
    }, {
      "x" : 5.326238,
      "y" : -13.854102,
      "z" : 0.23606798
    }, {
      "x" : 5.326238,
      "y" : -13.944272,
      "z" : 0.0
    } ],
    "faces" : [ {
      "vertices" : [ 0, 1, 2, 3 ]
    }, {
      "vertices" : [ 0, 3, 2, 1 ]
    } ]
  }, {
    "id" : "795ae357-6485-4537-b4a9-fe944674e725",
    "vertices" : [ {
      "x" : 0.0,
      "y" : 0.0,
      "z" : 0.0
    }, {
      "x" : 0.0,
      "y" : 0.090169944,
      "z" : 0.23606798
    }, {
      "x" : 0.7825081,
      "y" : -2.0486326,
      "z" : 0.0
    } ],
    "faces" : [ {
      "vertices" : [ 0, 1, 2 ]
    }, {
      "vertices" : [ 0, 2, 1 ]
    } ]
  }, {
    "id" : "73feebf6-75a0-47b1-85a0-eb88b33d8a67",
    "vertices" : [ {
      "x" : 0.0,
      "y" : 0.0,
      "z" : 0.0
    }, {
      "x" : 0.29319078,
      "y" : 0.16240355,
      "z" : 2.4347374
    }, {
      "x" : 0.6776016,
      "y" : -0.84399706,
      "z" : 2.4347374
    }, {
      "x" : 1.6075885,
      "y" : -4.2087216,
      "z" : 0.0
    } ],
    "faces" : [ {
      "vertices" : [ 0, 1, 2, 3 ]
    }, {
      "vertices" : [ 0, 3, 2, 1 ]
    } ]
  }, {
    "id" : "8730a0ec-c2cd-491a-aa83-5ba83f601b7d",
    "vertices" : [ {
      "x" : 0.0,
      "y" : 0.0,
      "z" : 0.0
    }, {
      "x" : 0.872678,
      "y" : -2.1945307,
      "z" : 0.23606798
    }, {
      "x" : 0.7825081,
      "y" : -2.0486326,
      "z" : 0.0
    } ],
    "faces" : [ {
      "vertices" : [ 0, 1, 2 ]
    }, {
      "vertices" : [ 0, 2, 1 ]
    } ]
  }, {
    "id" : "82af3fdc-d697-4cf9-bdeb-0ae0d434721b",
    "vertices" : [ {
      "x" : 0.0,
      "y" : 0.0,
      "z" : 0.0
    }, {
      "x" : 0.0,
      "y" : -0.090169944,
      "z" : -0.23606798
    }, {
      "x" : -0.7825081,
      "y" : 2.0486326,
      "z" : 0.0
    } ],
    "faces" : [ {
      "vertices" : [ 0, 1, 2 ]
    }, {
      "vertices" : [ 0, 2, 1 ]
    } ]
  }, {
    "id" : "03e8fef9-c974-4513-9e75-50c9744f8d0f",
    "vertices" : [ {
      "x" : 0.0,
      "y" : 0.0,
      "z" : 0.0
    }, {
      "x" : 2.630535,
      "y" : 0.4922497,
      "z" : 0.4922497
    }, {
      "x" : -1.3689005,
      "y" : -3.5071857,
      "z" : 4.491685
    }, {
      "x" : -2.438043,
      "y" : -2.438043,
      "z" : 2.438043
    } ],
    "faces" : [ {
      "vertices" : [ 0, 1, 2, 3 ]
    }, {
      "vertices" : [ 0, 3, 2, 1 ]
    } ]
  }, {
    "id" : "ce9de802-567b-4666-9795-eb94a6775304",
    "vertices" : [ {
      "x" : 0.0,
      "y" : 0.0,
      "z" : 0.0
    }, {
      "x" : 1.6855251,
      "y" : -4.4127617,
      "z" : 0.0
    }, {
      "x" : 0.0,
      "y" : -2.5839412,
      "z" : -6.764846
    } ],
    "faces" : [ {
      "vertices" : [ 0, 1, 2 ]
    }, {
      "vertices" : [ 0, 2, 1 ]
    } ]
  }, {
    "id" : "d46c9a92-838c-4d37-8b18-2724ee0030c0",
    "vertices" : [ {
      "x" : 0.0,
      "y" : 0.0,
      "z" : 0.0
    }, {
      "x" : 0.7521691,
      "y" : 0.7389997,
      "z" : 7.09017
    }, {
      "x" : 0.0,
      "y" : -2.471787,
      "z" : -6.4712224
    } ],
    "faces" : [ {
      "vertices" : [ 0, 1, 2 ]
    }, {
      "vertices" : [ 0, 2, 1 ]
    } ]
  }, {
    "id" : "1ec88b55-36d7-411a-a189-0931976185a2",
    "vertices" : [ {
      "x" : 0.0,
      "y" : 0.0,
      "z" : 0.0
    }, {
      "x" : 1.8599739,
      "y" : -3.939488,
      "z" : 2.4347374
    }, {
      "x" : 2.2443848,
      "y" : -4.9458885,
      "z" : 2.4347374
    }, {
      "x" : 1.6075885,
      "y" : -4.2087216,
      "z" : 0.0
    } ],
    "faces" : [ {
      "vertices" : [ 0, 1, 2, 3 ]
    }, {
      "vertices" : [ 0, 3, 2, 1 ]
    } ]
  }, {
    "id" : "365ecdfa-7b76-4afb-abbb-b1181ea01a9c",
    "vertices" : [ {
      "x" : 0.0,
      "y" : 0.0,
      "z" : 0.0
    }, {
      "x" : 0.090169944,
      "y" : -0.23606798,
      "z" : 0.0
    }, {
      "x" : 0.090169944,
      "y" : -2.673762,
      "z" : -6.381966
    }, {
      "x" : 0.0,
      "y" : -2.527864,
      "z" : -6.618034
    } ],
    "faces" : [ {
      "vertices" : [ 0, 1, 2, 3 ]
    }, {
      "vertices" : [ 0, 3, 2, 1 ]
    } ]
  }, {
    "id" : "87eca5e0-b1fc-4a50-8550-55e49e636ef0",
    "vertices" : [ {
      "x" : 0.0,
      "y" : 0.0,
      "z" : 0.0
    }, {
      "x" : -0.872678,
      "y" : 2.1945307,
      "z" : -0.23606798
    }, {
      "x" : -2.4802666,
      "y" : 6.403252,
      "z" : -0.23606798
    }, {
      "x" : -2.5839412,
      "y" : 6.764846,
      "z" : 0.0
    } ],
    "faces" : [ {
      "vertices" : [ 0, 1, 2, 3 ]
    }, {
      "vertices" : [ 0, 3, 2, 1 ]
    } ]
  }, {
    "id" : "20b8f74b-40a3-4b6f-abd5-89045d7fe77e",
    "vertices" : [ {
      "x" : 0.0,
      "y" : 0.0,
      "z" : 0.0
    }, {
      "x" : -3.9442718,
      "y" : -3.9442718,
      "z" : 3.9442718
    }, {
      "x" : -1.4091635,
      "y" : -4.4186645,
      "z" : 3.4698792
    }, {
      "x" : 1.0303578,
      "y" : -1.9791431,
      "z" : 1.0303578
    } ],
    "faces" : [ {
      "vertices" : [ 0, 1, 2, 3 ]
    }, {
      "vertices" : [ 0, 3, 2, 1 ]
    } ]
  }, {
    "id" : "68e1d4b6-6e9d-4a28-8be5-3cfd5c223917",
    "vertices" : [ {
      "x" : 0.0,
      "y" : 0.0,
      "z" : 0.0
    }, {
      "x" : 0.0,
      "y" : 0.7825081,
      "z" : 2.0486326
    }, {
      "x" : 2.437694,
      "y" : -5.5994577,
      "z" : 2.0486326
    }, {
      "x" : 2.437694,
      "y" : -6.381966,
      "z" : 0.0
    } ],
    "faces" : [ {
      "vertices" : [ 0, 1, 2, 3 ]
    }, {
      "vertices" : [ 0, 3, 2, 1 ]
    } ]
  }, {
    "id" : "5cb61b2d-b18c-4068-9d0e-b380f4e4fba7",
    "vertices" : [ {
      "x" : 0.0,
      "y" : 0.0,
      "z" : 0.0
    }, {
      "x" : 0.090169944,
      "y" : -0.23606798,
      "z" : 0.0
    }, {
      "x" : 0.090169944,
      "y" : -2.673762,
      "z" : -6.381966
    }, {
      "x" : -2.437694,
      "y" : 3.9442718,
      "z" : -6.381966
    } ],
    "faces" : [ {
      "vertices" : [ 0, 1, 2, 3 ]
    }, {
      "vertices" : [ 0, 3, 2, 1 ]
    } ]
  }, {
    "id" : "fbd5e849-430e-4395-a738-8a2b38a85d5d",
    "vertices" : [ {
      "x" : 0.0,
      "y" : 0.0,
      "z" : 0.0
    }, {
      "x" : 0.0,
      "y" : -0.7825081,
      "z" : -2.0486326
    }, {
      "x" : -2.437694,
      "y" : 5.5994577,
      "z" : -2.0486326
    }, {
      "x" : -2.437694,
      "y" : 6.381966,
      "z" : 0.0
    } ],
    "faces" : [ {
      "vertices" : [ 0, 1, 2, 3 ]
    }, {
      "vertices" : [ 0, 3, 2, 1 ]
    } ]
  }, {
    "id" : "b0a50415-9bc0-42d3-b62a-91972e170834",
    "vertices" : [ {
      "x" : 0.0,
      "y" : 0.0,
      "z" : 0.0
    }, {
      "x" : 0.0,
      "y" : 0.38441083,
      "z" : 1.0064006
    }, {
      "x" : 1.5077071,
      "y" : -3.5628176,
      "z" : 1.0064006
    }, {
      "x" : 1.5077071,
      "y" : -3.9472284,
      "z" : 0.0
    } ],
    "faces" : [ {
      "vertices" : [ 0, 1, 2, 3 ]
    }, {
      "vertices" : [ 0, 3, 2, 1 ]
    } ]
  } ],
  "instances" : [ {
    "shape" : "a92e3ac1-1967-4877-afcd-d9f541a8dca1",
    "color" : "#7FCC9F",
    "position" : {
      "x" : -4.313082,
      "y" : 3.8672576,
      "z" : 4.6048784
    },
    "orientation" : 53
  }, {
    "shape" : "7e802b9a-ed44-4e97-b943-6d11e3cafe8d",
    "color" : "#7FCC9F",
    "position" : {
      "x" : -2.7824001,
      "y" : 2.9638693,
      "z" : 11.254537
    },
    "orientation" : 8
  }, {
    "shape" : "bed792d4-5493-4760-84c9-b10e7affcb6e",
    "color" : "#7FCC9F",
    "position" : {
      "x" : -0.7399049,
      "y" : 5.79746,
      "z" : 6.0892563
    },
    "orientation" : 8
  }, {
    "shape" : "7ccade05-e18e-4378-b7ac-d9138d4b86e2",
    "color" : "#7FCC9F",
    "position" : {
      "x" : 1.2170352,
      "y" : 6.9633045,
      "z" : 7.2551007
    },
    "orientation" : 8
  }, {
    "shape" : "f308c57c-34e6-4a61-8dce-7117fc3e55a5",
    "color" : "#7FCC9F",
    "position" : {
      "x" : 3.177948,
      "y" : 8.527299,
      "z" : 3.3594172
    },
    "orientation" : 38
  }, {
    "shape" : "5c3f2fdf-f51e-4bda-be53-d99617477ef7",
    "color" : "#7FCC9F",
    "position" : {
      "x" : 2.7824001,
      "y" : 11.254537,
      "z" : 2.9638693
    },
    "orientation" : 51
  }, {
    "shape" : "b78219db-e0c1-44b3-a90d-32ec106c7284",
    "color" : "#7FCC9F",
    "position" : {
      "x" : -2.7824001,
      "y" : 2.9638693,
      "z" : 11.254537
    },
    "orientation" : 8
  }, {
    "shape" : "a5514a8a-9ff1-4624-b79c-d7b2d26ba588",
    "color" : "#7FCC9F",
    "position" : {
      "x" : -3.9442718,
      "y" : 4.527864,
      "z" : 4.236068
    },
    "orientation" : 52
  }, {
    "shape" : "53a5b894-544c-428a-a09f-ba921bc4b381",
    "color" : "#7FCC9F",
    "position" : {
      "x" : 4.313082,
      "y" : 4.6048784,
      "z" : 3.8672576
    },
    "orientation" : 21
  }, {
    "shape" : "759e9ccc-77fd-440b-bf6b-681025c5582b",
    "color" : "#7FCC9F",
    "position" : {
      "x" : -2.9699433,
      "y" : -2.6781473,
      "z" : 11.150283
    },
    "orientation" : 21
  }, {
    "shape" : "6e6daea0-d268-4423-a9bc-77efb96a1250",
    "color" : "#7FCC9F",
    "position" : {
      "x" : 0.7399049,
      "y" : 6.0892563,
      "z" : 5.79746
    },
    "orientation" : 51
  }, {
    "shape" : "738f13cf-6ea4-4033-aeb3-1714bbad0c35",
    "color" : "#7FCC9F",
    "position" : {
      "x" : 8.326238,
      "y" : 8.618034,
      "z" : 0.14589803
    },
    "orientation" : 23
  }, {
    "shape" : "aa248b9f-d290-4861-a7cf-177fa949c2ad",
    "color" : "#7FCC9F",
    "position" : {
      "x" : 2.7824001,
      "y" : 11.254537,
      "z" : 2.9638693
    },
    "orientation" : 51
  }, {
    "shape" : "7d7becc9-344b-4f6f-b178-731a404bbc8e",
    "color" : "#7FCC9F",
    "position" : {
      "x" : 4.236068,
      "y" : 12.708204,
      "z" : 3.9442718
    },
    "orientation" : 6
  }, {
    "shape" : "f521756e-e705-4782-8263-b06bab960aa4",
    "color" : "#B59A8C",
    "position" : {
      "x" : 0.3688104,
      "y" : 8.54915,
      "z" : -0.07701433
    },
    "orientation" : 2
  }, {
    "shape" : "21998216-049e-4970-94aa-6631863a2f96",
    "color" : "#7FCC9F",
    "position" : {
      "x" : -6.914215,
      "y" : 1.2661246,
      "z" : 7.2060113
    },
    "orientation" : 53
  }, {
    "shape" : "ff9d42af-7b15-4577-a73b-75a29c53af3d",
    "color" : "#7FCC9F",
    "position" : {
      "x" : -3.177948,
      "y" : 3.3594172,
      "z" : 8.527299
    },
    "orientation" : 6
  }, {
    "shape" : "4eaf2397-267f-49b7-accc-5f3a26651d1a",
    "color" : "#7FCC9F",
    "position" : {
      "x" : -8.326238,
      "y" : 0.14589803,
      "z" : 8.618034
    },
    "orientation" : 51
  }, {
    "shape" : "51554d09-080c-4c3c-873f-8944180956a1",
    "color" : "#7FCC9F",
    "position" : {
      "x" : 8.326238,
      "y" : 8.618034,
      "z" : 0.14589803
    },
    "orientation" : 8
  }, {
    "shape" : "473748e7-7e3a-4855-9b51-c6c87307bbb0",
    "color" : "#7FCC9F",
    "position" : {
      "x" : 4.236068,
      "y" : 12.708204,
      "z" : -3.9442718
    },
    "orientation" : 53
  }, {
    "shape" : "a7ed7ab8-b5f0-4d6c-94a8-9a7d3553b9d3",
    "color" : "#7FCC9F",
    "position" : {
      "x" : 4.313082,
      "y" : 4.6048784,
      "z" : 3.8672576
    },
    "orientation" : 22
  }, {
    "shape" : "896aa50d-1864-47f4-8c63-86173a973db2",
    "color" : "#7FCC9F",
    "position" : {
      "x" : 3.177948,
      "y" : 8.527299,
      "z" : 3.3594172
    },
    "orientation" : 38
  }, {
    "shape" : "fb242a52-eba6-4eeb-bcbd-262445ff0d3c",
    "color" : "#B59A8C",
    "position" : {
      "x" : -3.9442718,
      "y" : 4.527864,
      "z" : 4.236068
    },
    "orientation" : 17
  }, {
    "shape" : "7c119c7c-071b-4e2b-b424-d0dda7964d8c",
    "color" : "#7FCC9F",
    "position" : {
      "x" : -3.177948,
      "y" : 3.3594172,
      "z" : 8.527299
    },
    "orientation" : 6
  }, {
    "shape" : "4dd80bbd-a409-49c1-99ec-f4e3b462809c",
    "color" : "#7FCC9F",
    "position" : {
      "x" : 6.914215,
      "y" : 7.2060113,
      "z" : 1.2661246
    },
    "orientation" : 21
  }, {
    "shape" : "5f456b8e-0c70-4159-903f-783854d9ab55",
    "color" : "#B59A8C",
    "position" : {
      "x" : 3.9442718,
      "y" : 4.236068,
      "z" : 4.527864
    },
    "orientation" : 0
  }, {
    "shape" : "b0d99ef9-f732-41fc-8103-3f5a41f27827",
    "color" : "#FFFFFF",
    "position" : {
      "x" : 2.9699433,
      "y" : 11.150283,
      "z" : -2.6781473
    },
    "orientation" : 2
  }, {
    "shape" : "e7842383-1478-4857-8406-1963b3e05756",
    "color" : "#7FCC9F",
    "position" : {
      "x" : 4.313082,
      "y" : 4.6048784,
      "z" : 3.8672576
    },
    "orientation" : 21
  }, {
    "shape" : "035580b5-c30c-480d-b7a9-4a232e5e1bb7",
    "color" : "#FFFFFF",
    "position" : {
      "x" : 1.4134997,
      "y" : 6.762851,
      "z" : 6.471055
    },
    "orientation" : 0
  }, {
    "shape" : "1dbf3d6f-beef-45f9-93a5-7cd925451d05",
    "color" : "#7FCC9F",
    "position" : {
      "x" : 3.9442718,
      "y" : 4.236068,
      "z" : 4.527864
    },
    "orientation" : 37
  }, {
    "shape" : "6340764d-d951-45bb-a0bf-1e6b7e3bb386",
    "color" : "#7FCC9F",
    "position" : {
      "x" : 3.3783114,
      "y" : 8.54915,
      "z" : -3.0865154
    },
    "orientation" : 22
  }, {
    "shape" : "df763cc3-1de2-43f4-b259-aa0d0193c968",
    "color" : "#7FCC9F",
    "position" : {
      "x" : 2.9699433,
      "y" : 11.150283,
      "z" : -2.6781473
    },
    "orientation" : 53
  }, {
    "shape" : "350e7e19-6e6d-4ebc-9457-89ea0dd42159",
    "color" : "#B59A8C",
    "position" : {
      "x" : -0.3688104,
      "y" : -0.07701433,
      "z" : 8.54915
    },
    "orientation" : 15
  }, {
    "shape" : "81334428-ef99-4cbb-8eed-0b8f27c03b64",
    "color" : "#7FCC9F",
    "position" : {
      "x" : -0.055163432,
      "y" : 0.23663263,
      "z" : 8.527299
    },
    "orientation" : 8
  }, {
    "shape" : "aac0f87f-ea38-4a45-bda2-b0bc0407099b",
    "color" : "#7FCC9F",
    "position" : {
      "x" : 4.381966,
      "y" : 12.562305,
      "z" : 4.09017
    },
    "orientation" : 7
  }, {
    "shape" : "795ae357-6485-4537-b4a9-fe944674e725",
    "color" : "#7FCC9F",
    "position" : {
      "x" : 8.18034,
      "y" : 8.472136,
      "z" : 0.0
    },
    "orientation" : 21
  }, {
    "shape" : "73feebf6-75a0-47b1-85a0-eb88b33d8a67",
    "color" : "#7FCC9F",
    "position" : {
      "x" : 2.9699433,
      "y" : 11.150283,
      "z" : -2.6781473
    },
    "orientation" : 53
  }, {
    "shape" : "8730a0ec-c2cd-491a-aa83-5ba83f601b7d",
    "color" : "#7FCC9F",
    "position" : {
      "x" : -2.9699433,
      "y" : -2.6781473,
      "z" : 11.150283
    },
    "orientation" : 21
  }, {
    "shape" : "82af3fdc-d697-4cf9-bdeb-0ae0d434721b",
    "color" : "#7FCC9F",
    "position" : {
      "x" : -8.18034,
      "y" : 0.0,
      "z" : 8.472136
    },
    "orientation" : 53
  }, {
    "shape" : "03e8fef9-c974-4513-9e75-50c9744f8d0f",
    "color" : "#FFFFFF",
    "position" : {
      "x" : -1.4134997,
      "y" : 6.471055,
      "z" : 6.762851
    },
    "orientation" : 0
  }, {
    "shape" : "ce9de802-567b-4666-9795-eb94a6775304",
    "color" : "#7FCC9F",
    "position" : {
      "x" : 0.055163432,
      "y" : 8.527299,
      "z" : 0.23663263
    },
    "orientation" : 51
  }, {
    "shape" : "d46c9a92-838c-4d37-8b18-2724ee0030c0",
    "color" : "#7FCC9F",
    "position" : {
      "x" : -1.2170352,
      "y" : 7.2551007,
      "z" : 6.9633045
    },
    "orientation" : 51
  }, {
    "shape" : "1ec88b55-36d7-411a-a189-0931976185a2",
    "color" : "#7FCC9F",
    "position" : {
      "x" : -4.313082,
      "y" : 3.8672576,
      "z" : 4.6048784
    },
    "orientation" : 53
  }, {
    "shape" : "365ecdfa-7b76-4afb-abbb-b1181ea01a9c",
    "color" : "#7FCC9F",
    "position" : {
      "x" : -8.326238,
      "y" : 0.14589803,
      "z" : 8.618034
    },
    "orientation" : 36
  }, {
    "shape" : "87eca5e0-b1fc-4a50-8550-55e49e636ef0",
    "color" : "#7FCC9F",
    "position" : {
      "x" : -4.236068,
      "y" : -3.9442718,
      "z" : 12.708204
    },
    "orientation" : 21
  }, {
    "shape" : "20b8f74b-40a3-4b6f-abd5-89045d7fe77e",
    "color" : "#FFFFFF",
    "position" : {
      "x" : -2.9699433,
      "y" : -2.6781473,
      "z" : 11.150283
    },
    "orientation" : 31
  }, {
    "shape" : "68e1d4b6-6e9d-4a28-8be5-3cfd5c223917",
    "color" : "#7FCC9F",
    "position" : {
      "x" : -2.9699433,
      "y" : -2.6781473,
      "z" : 11.150283
    },
    "orientation" : 22
  }, {
    "shape" : "5cb61b2d-b18c-4068-9d0e-b380f4e4fba7",
    "color" : "#7FCC9F",
    "position" : {
      "x" : -4.236068,
      "y" : 3.9442718,
      "z" : 12.708204
