{
  "field" : "golden",
  "symmetry" : "icosahedral",
  "orientations" : [ [ 1.0, 0.0, 0.0, 0.0, 0.0, 1.0, 0.0, 0.0, 0.0, 0.0, 1.0, 0.0, 0.0, 0.0, 0.0, 1.0 ], [ 0.0, 0.0, 1.0, 0.0, 1.0, 0.0, 0.0, 0.0, 0.0, 1.0, 0.0, 0.0, 0.0, 0.0, 0.0, 1.0 ], [ 0.0, 1.0, 0.0, 0.0, 0.0, 0.0, 1.0, 0.0, 1.0, 0.0, 0.0, 0.0, 0.0, 0.0, 0.0, 1.0 ], [ 0.809017, 0.309017, 0.5, 0.0, 0.309017, 0.5, -0.809017, 0.0, -0.5, 0.809017, 0.309017, 0.0, 0.0, 0.0, 0.0, 1.0 ], [ -0.5, 0.809017, 0.309017, 0.0, 0.809017, 0.309017, 0.5, 0.0, 0.309017, 0.5, -0.809017, 0.0, 0.0, 0.0, 0.0, 1.0 ], [ 0.309017, 0.5, -0.809017, 0.0, -0.5, 0.809017, 0.309017, 0.0, 0.809017, 0.309017, 0.5, 0.0, 0.0, 0.0, 0.0, 1.0 ], [ 0.5, 0.809017, 0.309017, 0.0, 0.809017, -0.309017, -0.5, 0.0, -0.309017, 0.5, -0.809017, 0.0, 0.0, 0.0, 0.0, 1.0 ], [ -0.309017, 0.5, -0.809017, 0.0, 0.5, 0.809017, 0.309017, 0.0, 0.809017, -0.309017, -0.5, 0.0, 0.0, 0.0, 0.0, 1.0 ], [ 0.809017, -0.309017, -0.5, 0.0, -0.309017, 0.5, -0.809017, 0.0, 0.5, 0.809017, 0.309017, 0.0, 0.0, 0.0, 0.0, 1.0 ], [ 0.5, 0.809017, -0.309017, 0.0, 0.809017, -0.309017, 0.5, 0.0, 0.309017, -0.5, -0.809017, 0.0, 0.0, 0.0, 0.0, 1.0 ], [ 0.309017, -0.5, -0.809017, 0.0, 0.5, 0.809017, -0.309017, 0.0, 0.809017, -0.309017, 0.5, 0.0, 0.0, 0.0, 0.0, 1.0 ], [ 0.809017, -0.309017, 0.5, 0.0, 0.309017, -0.5, -0.809017, 0.0, 0.5, 0.809017, -0.309017, 0.0, 0.0, 0.0, 0.0, 1.0 ], [ 0.809017, 0.309017, -0.5, 0.0, 0.309017, 0.5, 0.809017, 0.0, 0.5, -0.809017, 0.309017, 0.0, 0.0, 0.0, 0.0, 1.0 ], [ 0.5, -0.809017, 0.309017, 0.0, 0.809017, 0.309017, -0.5, 0.0, 0.309017, 0.5, 0.809017, 0.0, 0.0, 0.0, 0.0, 1.0 ], [ 0.309017, 0.5, 0.809017, 0.0, 0.5, -0.809017, 0.309017, 0.0, 0.809017, 0.309017, -0.5, 0.0, 0.0, 0.0, 0.0, 1.0 ], [ 1.0, 0.0, 0.0, 0.0, 0.0, -1.0, 0.0, 0.0, 0.0, 0.0, -1.0, 0.0, 0.0, 0.0, 0.0, 1.0 ], [ 0.0, 0.0, 1.0, 0.0, -1.0, 0.0, 0.0, 0.0, 0.0, -1.0, 0.0, 0.0, 0.0, 0.0, 0.0, 1.0 ], [ 0.0, 1.0, 0.0, 0.0, 0.0, 0.0, -1.0, 0.0, -1.0, 0.0, 0.0, 0.0, 0.0, 0.0, 0.0, 1.0 ], [ 0.809017, 0.309017, 0.5, 0.0, -0.309017, -0.5, 0.809017, 0.0, 0.5, -0.809017, -0.309017, 0.0, 0.0, 0.0, 0.0, 1.0 ], [ -0.5, 0.809017, 0.309017, 0.0, -0.809017, -0.309017, -0.5, 0.0, -0.309017, -0.5, 0.809017, 0.0, 0.0, 0.0, 0.0, 1.0 ], [ 0.309017, 0.5, -0.809017, 0.0, 0.5, -0.809017, -0.309017, 0.0, -0.809017, -0.309017, -0.5, 0.0, 0.0, 0.0, 0.0, 1.0 ], [ 0.5, 0.809017, 0.309017, 0.0, -0.809017, 0.309017, 0.5, 0.0, 0.309017, -0.5, 0.809017, 0.0, 0.0, 0.0, 0.0, 1.0 ], [ -0.309017, 0.5, -0.809017, 0.0, -0.5, -0.809017, -0.309017, 0.0, -0.809017, 0.309017, 0.5, 0.0, 0.0, 0.0, 0.0, 1.0 ], [ 0.809017, -0.309017, -0.5, 0.0, 0.309017, -0.5, 0.809017, 0.0, -0.5, -0.809017, -0.309017, 0.0, 0.0, 0.0, 0.0, 1.0 ], [ 0.5, 0.809017, -0.309017, 0.0, -0.809017, 0.309017, -0.5, 0.0, -0.309017, 0.5, 0.809017, 0.0, 0.0, 0.0, 0.0, 1.0 ], [ 0.309017, -0.5, -0.809017, 0.0, -0.5, -0.809017, 0.309017, 0.0, -0.809017, 0.309017, -0.5, 0.0, 0.0, 0.0, 0.0, 1.0 ], [ 0.809017, -0.309017, 0.5, 0.0, -0.309017, 0.5, 0.809017, 0.0, -0.5, -0.809017, 0.309017, 0.0, 0.0, 0.0, 0.0, 1.0 ], [ 0.809017, 0.309017, -0.5, 0.0, -0.309017, -0.5, -0.809017, 0.0, -0.5, 0.809017, -0.309017, 0.0, 0.0, 0.0, 0.0, 1.0 ], [ 0.5, -0.809017, 0.309017, 0.0, -0.809017, -0.309017, 0.5, 0.0, -0.309017, -0.5, -0.809017, 0.0, 0.0, 0.0, 0.0, 1.0 ], [ 0.309017, 0.5, 0.809017, 0.0, -0.5, 0.809017, -0.309017, 0.0, -0.809017, -0.309017, 0.5, 0.0, 0.0, 0.0, 0.0, 1.0 ], [ -1.0, 0.0, 0.0, 0.0, 0.0, -1.0, 0.0, 0.0, 0.0, 0.0, 1.0, 0.0, 0.0, 0.0, 0.0, 1.0 ], [ 0.0, 0.0, -1.0, 0.0, -1.0, 0.0, 0.0, 0.0, 0.0, 1.0, 0.0, 0.0, 0.0, 0.0, 0.0, 1.0 ], [ 0.0, -1.0, 0.0, 0.0, 0.0, 0.0, -1.0, 0.0, 1.0, 0.0, 0.0, 0.0, 0.0, 0.0, 0.0, 1.0 ], [ -0.809017, -0.309017, -0.5, 0.0, -0.309017, -0.5, 0.809017, 0.0, -0.5, 0.809017, 0.309017, 0.0, 0.0, 0.0, 0.0, 1.0 ], [ 0.5, -0.809017, -0.309017, 0.0, -0.809017, -0.309017, -0.5, 0.0, 0.309017, 0.5, -0.809017, 0.0, 0.0, 0.0, 0.0, 1.0 ], [ -0.309017, -0.5, 0.809017, 0.0, 0.5, -0.809017, -0.309017, 0.0, 0.809017, 0.309017, 0.5, 0.0, 0.0, 0.0, 0.0, 1.0 ], [ -0.5, -0.809017, -0.309017, 0.0, -0.809017, 0.309017, 0.5, 0.0, -0.309017, 0.5, -0.809017, 0.0, 0.0, 0.0, 0.0, 1.0 ], [ 0.309017, -0.5, 0.809017, 0.0, -0.5, -0.809017, -0.309017, 0.0, 0.809017, -0.309017, -0.5, 0.0, 0.0, 0.0, 0.0, 1.0 ], [ -0.809017, 0.309017, 0.5, 0.0, 0.309017, -0.5, 0.809017, 0.0, 0.5, 0.809017, 0.309017, 0.0, 0.0, 0.0, 0.0, 1.0 ], [ -0.5, -0.809017, 0.309017, 0.0, -0.809017, 0.309017, -0.5, 0.0, 0.309017, -0.5, -0.809017, 0.0, 0.0, 0.0, 0.0, 1.0 ], [ -0.309017, 0.5, 0.809017, 0.0, -0.5, -0.809017, 0.309017, 0.0, 0.809017, -0.309017, 0.5, 0.0, 0.0, 0.0, 0.0, 1.0 ], [ -0.809017, 0.309017, -0.5, 0.0, -0.309017, 0.5, 0.809017, 0.0, 0.5, 0.809017, -0.309017, 0.0, 0.0, 0.0, 0.0, 1.0 ], [ -0.809017, -0.309017, 0.5, 0.0, -0.309017, -0.5, -0.809017, 0.0, 0.5, -0.809017, 0.309017, 0.0, 0.0, 0.0, 0.0, 1.0 ], [ -0.5, 0.809017, -0.309017, 0.0, -0.809017, -0.309017, 0.5, 0.0, 0.309017, 0.5, 0.809017, 0.0, 0.0, 0.0, 0.0, 1.0 ], [ -0.309017, -0.5, -0.809017, 0.0, -0.5, 0.809017, -0.309017, 0.0, 0.809017, 0.309017, -0.5, 0.0, 0.0, 0.0, 0.0, 1.0 ], [ -1.0, 0.0, 0.0, 0.0, 0.0, 1.0, 0.0, 0.0, 0.0, 0.0, -1.0, 0.0, 0.0, 0.0, 0.0, 1.0 ], [ 0.0, 0.0, -1.0, 0.0, 1.0, 0.0, 0.0, 0.0, 0.0, -1.0, 0.0, 0.0, 0.0, 0.0, 0.0, 1.0 ], [ 0.0, -1.0, 0.0, 0.0, 0.0, 0.0, 1.0, 0.0, -1.0, 0.0, 0.0, 0.0, 0.0, 0.0, 0.0, 1.0 ], [ -0.809017, -0.309017, -0.5, 0.0, 0.309017, 0.5, -0.809017, 0.0, 0.5, -0.809017, -0.309017, 0.0, 0.0, 0.0, 0.0, 1.0 ], [ 0.5, -0.809017, -0.309017, 0.0, 0.809017, 0.309017, 0.5, 0.0, -0.309017, -0.5, 0.809017, 0.0, 0.0, 0.0, 0.0, 1.0 ], [ -0.309017, -0.5, 0.809017, 0.0, -0.5, 0.809017, 0.309017, 0.0, -0.809017, -0.309017, -0.5, 0.0, 0.0, 0.0, 0.0, 1.0 ], [ -0.5, -0.809017, -0.309017, 0.0, 0.809017, -0.309017, -0.5, 0.0, 0.309017, -0.5, 0.809017, 0.0, 0.0, 0.0, 0.0, 1.0 ], [ 0.309017, -0.5, 0.809017, 0.0, 0.5, 0.809017, 0.309017, 0.0, -0.809017, 0.309017, 0.5, 0.0, 0.0, 0.0, 0.0, 1.0 ], [ -0.809017, 0.309017, 0.5, 0.0, -0.309017, 0.5, -0.809017, 0.0, -0.5, -0.809017, -0.309017, 0.0, 0.0, 0.0, 0.0, 1.0 ], [ -0.5, -0.809017, 0.309017, 0.0, 0.809017, -0.309017, 0.5, 0.0, -0.309017, 0.5, 0.809017, 0.0, 0.0, 0.0, 0.0, 1.0 ], [ -0.309017, 0.5, 0.809017, 0.0, 0.5, 0.809017, -0.309017, 0.0, -0.809017, 0.309017, -0.5, 0.0, 0.0, 0.0, 0.0, 1.0 ], [ -0.809017, 0.309017, -0.5, 0.0, 0.309017, -0.5, -0.809017, 0.0, -0.5, -0.809017, 0.309017, 0.0, 0.0, 0.0, 0.0, 1.0 ], [ -0.809017, -0.309017, 0.5, 0.0, 0.309017, 0.5, 0.809017, 0.0, -0.5, 0.809017, -0.309017, 0.0, 0.0, 0.0, 0.0, 1.0 ], [ -0.5, 0.809017, -0.309017, 0.0, 0.809017, 0.309017, -0.5, 0.0, -0.309017, -0.5, -0.809017, 0.0, 0.0, 0.0, 0.0, 1.0 ], [ -0.309017, -0.5, -0.809017, 0.0, 0.5, -0.809017, 0.309017, 0.0, -0.809017, -0.309017, 0.5, 0.0, 0.0, 0.0, 0.0, 1.0 ] ],
  "lights" : {
    "ambientColor" : "#292929",
    "backgroundColor" : "#AFC8DC",
    "directionalLights" : [ {
      "direction" : {
        "x" : 1.0,
        "y" : -1.0,
        "z" : -1.0
      },
      "color" : "#EBEBE4"
    }, {
      "direction" : {
        "x" : -1.0,
        "y" : 0.0,
        "z" : 0.0
      },
      "color" : "#E4E4EB"
    }, {
      "direction" : {
        "x" : 0.0,
        "y" : 0.0,
        "z" : -1.0
      },
      "color" : "#1E1E1E"
    } ]
  },
  "camera" : {
    "width" : 113.337685,
    "stereo" : false,
    "perspective" : false,
    "viewDistance" : 251.86151,
    "nearClipDistance" : 0.629654,
    "farClipDistance" : 503.72247,
    "lookAtPoint" : {
      "x" : 0.0,
      "y" : 0.0,
      "z" : 0.0
    },
    "fieldOfView" : 0.4426289,
    "lookDirection" : {
      "x" : -0.5257311,
      "y" : 0.0,
      "z" : -0.8506508
    },
    "upDirection" : {
      "x" : 0.5,
      "y" : 0.809017,
      "z" : -0.309017
    },
    "position" : {
      "x" : 132.41142,
      "y" : 0.0,
      "z" : 214.24619
    }
  },
  "embedding" : [ 1.0, 0.0, 0.0, 0.0, 0.0, 1.0, 0.0, 0.0, 0.0, 0.0, 1.0, 0.0, 0.0, 0.0, 0.0, 1.0 ],
  "shapes" : [ {
    "id" : "021e0d08-d74b-4922-a338-6bb210ec5f37",
    "vertices" : [ {
      "x" : 1.0,
      "y" : 0.309017,
      "z" : 0.19098301
    }, {
      "x" : 1.0,
      "y" : -0.309017,
      "z" : 0.19098301
    }, {
      "x" : 7.472136,
      "y" : -0.309017,
      "z" : 0.19098301
    }, {
      "x" : 7.472136,
      "y" : 0.309017,
      "z" : 0.19098301
    }, {
      "x" : 7.472136,
      "y" : -0.309017,
      "z" : -0.19098301
    }, {
      "x" : 7.472136,
      "y" : 0.309017,
      "z" : -0.19098301
    }, {
      "x" : 8.09017,
      "y" : 0.0,
      "z" : 0.0
    }, {
      "x" : 0.38196602,
      "y" : 0.0,
      "z" : 0.0
    }, {
      "x" : 1.0,
      "y" : 0.309017,
      "z" : -0.19098301
    }, {
      "x" : 1.0,
      "y" : -0.309017,
      "z" : -0.19098301
    }, {
      "x" : 8.472136,
      "y" : 0.0,
      "z" : 0.0
    } ],
    "faces" : [ {
      "vertices" : [ 1, 9, 4 ]
    }, {
      "vertices" : [ 1, 4, 2 ]
    }, {
      "vertices" : [ 0, 3, 5 ]
    }, {
      "vertices" : [ 0, 5, 8 ]
    }, {
      "vertices" : [ 1, 7, 9 ]
    }, {
      "vertices" : [ 0, 1, 2 ]
    }, {
      "vertices" : [ 0, 2, 3 ]
    }, {
      "vertices" : [ 7, 8, 9 ]
    }, {
      "vertices" : [ 0, 7, 1 ]
    }, {
      "vertices" : [ 4, 9, 8 ]
    }, {
      "vertices" : [ 4, 8, 5 ]
    }, {
      "vertices" : [ 2, 6, 3 ]
    }, {
      "vertices" : [ 2, 4, 6 ]
    }, {
      "vertices" : [ 3, 6, 5 ]
    }, {
      "vertices" : [ 4, 5, 6 ]
    }, {
      "vertices" : [ 0, 8, 7 ]
    } ]
  }, {
    "id" : "fdcf7498-2d1a-4756-94cb-cab981a78c32",
    "vertices" : [ {
      "x" : 1.236068,
      "y" : 0.54508495,
      "z" : 0.33688104
    }, {
      "x" : 1.236068,
      "y" : -0.072949015,
      "z" : 0.33688104
    }, {
      "x" : 7.236068,
      "y" : 1.072949,
      "z" : 1.045085
    }, {
      "x" : 7.236068,
      "y" : 1.690983,
      "z" : 1.045085
    }, {
      "x" : 8.472136,
      "y" : 1.618034,
      "z" : 1.0
    }, {
      "x" : 0.295686,
      "y" : 0.056471,
      "z" : 0.034900997
    }, {
      "x" : 1.236068,
      "y" : 0.54508495,
      "z" : -0.045084972
    }, {
      "x" : 7.236068,
      "y" : 1.072949,
      "z" : 0.66311896
    }, {
      "x" : 1.236068,
      "y" : -0.072949015,
      "z" : -0.045084972
    }, {
      "x" : 7.236068,
      "y" : 1.690983,
      "z" : 0.66311896
    }, {
      "x" : 8.17645,
      "y" : 1.561563,
      "z" : 0.965099
    } ],
    "faces" : [ {
      "vertices" : [ 1, 8, 7 ]
    }, {
      "vertices" : [ 1, 7, 2 ]
    }, {
      "vertices" : [ 0, 3, 9 ]
    }, {
      "vertices" : [ 0, 9, 6 ]
    }, {
      "vertices" : [ 2, 7, 10 ]
    }, {
      "vertices" : [ 5, 6, 8 ]
    }, {
      "vertices" : [ 0, 1, 2 ]
    }, {
      "vertices" : [ 0, 2, 3 ]
    }, {
      "vertices" : [ 0, 5, 1 ]
    }, {
      "vertices" : [ 3, 10, 9 ]
    }, {
      "vertices" : [ 7, 9, 10 ]
    }, {
      "vertices" : [ 0, 6, 5 ]
    }, {
      "vertices" : [ 6, 9, 7 ]
    }, {
      "vertices" : [ 6, 7, 8 ]
    }, {
      "vertices" : [ 1, 5, 8 ]
    }, {
      "vertices" : [ 2, 10, 3 ]
    } ]
  }, {
    "id" : "d57a9628-fc1e-4294-976c-b5a646f1c810",
    "vertices" : [ {
      "x" : -12.708204,
      "y" : 0.0,
      "z" : 10.09017
    }, {
      "x" : -6.854102,
      "y" : -2.618034,
      "z" : 4.236068
    }, {
      "x" : -10.09017,
      "y" : -9.472136,
      "z" : 8.472136
    }, {
      "x" : -15.944272,
      "y" : -6.854102,
      "z" : 14.326238
    } ],
    "faces" : [ {
      "vertices" : [ 0, 1, 2 ]
    }, {
      "vertices" : [ 0, 2, 3 ]
    }, {
      "vertices" : [ 0, 3, 2 ]
    }, {
      "vertices" : [ 0, 2, 1 ]
    } ]
  }, {
    "id" : "191ea7ec-71a4-4f58-9bc2-e54c68a5cb60",
    "vertices" : [ {
      "x" : 0.309017,
      "y" : -0.309017,
      "z" : -0.309017
    }, {
      "x" : 0.5,
      "y" : 0.0,
      "z" : -0.19098301
    }, {
      "x" : 0.5,
      "y" : 0.0,
      "z" : 0.19098301
    }, {
      "x" : 0.309017,
      "y" : -0.309017,
      "z" : 0.309017
    }, {
      "x" : 0.19098301,
      "y" : -0.5,
      "z" : 0.0
    }, {
      "x" : 0.0,
      "y" : 0.19098301,
      "z" : 0.5
    }, {
      "x" : 0.0,
      "y" : -0.19098301,
      "z" : 0.5
    }, {
      "x" : 0.309017,
      "y" : 0.309017,
      "z" : 0.309017
    }, {
      "x" : -0.309017,
      "y" : -0.309017,
      "z" : 0.309017
    }, {
      "x" : -0.309017,
      "y" : 0.309017,
      "z" : 0.309017
    }, {
      "x" : -0.5,
      "y" : 0.0,
      "z" : 0.19098301
    }, {
      "x" : 0.0,
      "y" : -0.19098301,
      "z" : -0.5
    }, {
      "x" : 0.0,
      "y" : 0.19098301,
      "z" : -0.5
    }, {
      "x" : 0.309017,
      "y" : 0.309017,
      "z" : -0.309017
    }, {
      "x" : -0.309017,
      "y" : -0.309017,
      "z" : -0.309017
    }, {
      "x" : -0.19098301,
      "y" : -0.5,
      "z" : 0.0
    }, {
      "x" : -0.5,
      "y" : 0.0,
      "z" : -0.19098301
    }, {
      "x" : 0.19098301,
      "y" : 0.5,
      "z" : 0.0
    }, {
      "x" : -0.309017,
      "y" : 0.309017,
      "z" : -0.309017
    }, {
      "x" : 0.0,
      "y" : 0.0,
      "z" : 0.0
    }, {
      "x" : -0.19098301,
      "y" : 0.5,
      "z" : 0.0
    } ],
    "faces" : [ {
      "vertices" : [ 12, 18, 20 ]
    }, {
      "vertices" : [ 12, 20, 17 ]
    }, {
      "vertices" : [ 12, 17, 13 ]
    }, {
      "vertices" : [ 3, 6, 8 ]
    }, {
      "vertices" : [ 3, 8, 15 ]
    }, {
      "vertices" : [ 3, 15, 4 ]
    }, {
      "vertices" : [ 0, 11, 12 ]
    }, {
      "vertices" : [ 0, 12, 13 ]
    }, {
      "vertices" : [ 0, 13, 1 ]
    }, {
      "vertices" : [ 5, 9, 10 ]
    }, {
      "vertices" : [ 5, 10, 8 ]
    }, {
      "vertices" : [ 5, 8, 6 ]
    }, {
      "vertices" : [ 2, 7, 5 ]
    }, {
      "vertices" : [ 2, 5, 6 ]
    }, {
      "vertices" : [ 2, 6, 3 ]
    }, {
      "vertices" : [ 11, 14, 16 ]
    }, {
      "vertices" : [ 11, 16, 18 ]
    }, {
      "vertices" : [ 11, 18, 12 ]
    }, {
      "vertices" : [ 1, 13, 17 ]
    }, {
      "vertices" : [ 1, 17, 7 ]
    }, {
      "vertices" : [ 1, 7, 2 ]
    }, {
      "vertices" : [ 9, 20, 18 ]
    }, {
      "vertices" : [ 9, 18, 16 ]
    }, {
      "vertices" : [ 9, 16, 10 ]
    }, {
      "vertices" : [ 0, 1, 2 ]
    }, {
      "vertices" : [ 0, 2, 3 ]
    }, {
      "vertices" : [ 0, 3, 4 ]
    }, {
      "vertices" : [ 5, 7, 17 ]
    }, {
      "vertices" : [ 5, 17, 20 ]
    }, {
      "vertices" : [ 5, 20, 9 ]
    }, {
      "vertices" : [ 0, 4, 15 ]
    }, {
      "vertices" : [ 0, 15, 14 ]
    }, {
      "vertices" : [ 0, 14, 11 ]
    }, {
      "vertices" : [ 8, 10, 16 ]
    }, {
      "vertices" : [ 8, 16, 14 ]
    }, {
      "vertices" : [ 8, 14, 15 ]
    } ]
  }, {
    "id" : "0f06a210-dbd0-4aff-8c0f-d4f563485ffd",
    "vertices" : [ {
      "x" : -4.854102,
      "y" : 24.798374,
      "z" : 7.472136
    }, {
      "x" : 1.0,
      "y" : 22.18034,
      "z" : 1.618034
    }, {
      "x" : 8.854102,
      "y" : 24.798374,
      "z" : -1.0
    }, {
      "x" : 3.0,
      "y" : 27.416409,
      "z" : 4.854102
    } ],
    "faces" : [ {
      "vertices" : [ 0, 1, 2 ]
    }, {
      "vertices" : [ 0, 2, 3 ]
    }, {
      "vertices" : [ 0, 3, 2 ]
    }, {
      "vertices" : [ 0, 2, 1 ]
    } ]
  }, {
    "id" : "f0e0205e-9681-4d0d-ace2-5611f5581a62",
    "vertices" : [ {
      "x" : 12.09017,
      "y" : 9.472136,
      "z" : -5.236068
    }, {
      "x" : 7.854102,
      "y" : 2.618034,
      "z" : -2.618034
    }, {
      "x" : 0.0,
      "y" : 0.0,
      "z" : 0.0
    }, {
      "x" : 4.236068,
      "y" : 6.854102,
      "z" : -2.618034
    } ],
    "faces" : [ {
      "vertices" : [ 0, 1, 2 ]
    }, {
      "vertices" : [ 0, 2, 3 ]
    }, {
      "vertices" : [ 0, 3, 2 ]
    }, {
      "vertices" : [ 0, 2, 1 ]
    } ]
  }, {
    "id" : "1c373bc4-a0fe-4112-8976-bca4c72431ea",
    "vertices" : [ {
      "x" : -3.236068,
      "y" : -6.854102,
      "z" : 4.236068
    }, {
      "x" : -10.09017,
      "y" : -9.472136,
      "z" : 8.472136
    }, {
      "x" : -6.854102,
      "y" : -2.618034,
      "z" : 4.236068
    }, {
      "x" : 0.0,
      "y" : 0.0,
      "z" : 0.0
    } ],
    "faces" : [ {
      "vertices" : [ 0, 1, 2 ]
    }, {
      "vertices" : [ 0, 2, 3 ]
    }, {
      "vertices" : [ 0, 3, 2 ]
    }, {
      "vertices" : [ 0, 2, 1 ]
    } ]
  }, {
    "id" : "00cf9638-f58b-4fb2-b75a-a5676dbfcb31",
    "vertices" : [ {
      "x" : 1.0,
      "y" : 8.472136,
      "z" : 1.618034
    }, {
      "x" : 5.236068,
      "y" : 15.326238,
      "z" : -1.0
    }, {
      "x" : 4.236068,
      "y" : 6.854102,
      "z" : -2.618034
    }, {
      "x" : 0.0,
      "y" : 0.0,
      "z" : 0.0
    } ],
    "faces" : [ {
      "vertices" : [ 0, 1, 2 ]
    }, {
      "vertices" : [ 0, 2, 3 ]
    }, {
      "vertices" : [ 0, 3, 2 ]
    }, {
      "vertices" : [ 0, 2, 1 ]
    } ]
  }, {
    "id" : "8bcd81ed-ee90-4cf1-a127-82bf3ee1152d",
    "vertices" : [ {
      "x" : -10.09017,
      "y" : -17.944271,
      "z" : 8.472136
    }, {
      "x" : -10.09017,
      "y" : -9.472136,
      "z" : 8.472136
    }, {
      "x" : -3.236068,
      "y" : -6.854102,
      "z" : 4.236068
    }, {
      "x" : -3.236068,
      "y" : -15.326238,
      "z" : 4.236068
    } ],
    "faces" : [ {
      "vertices" : [ 0, 1, 2 ]
    }, {
      "vertices" : [ 0, 2, 3 ]
    }, {
      "vertices" : [ 0, 3, 2 ]
    }, {
      "vertices" : [ 0, 2, 1 ]
    } ]
  }, {
    "id" : "29fbf443-ee8a-4adc-a336-a1967577a425",
    "vertices" : [ {
      "x" : 18.944271,
      "y" : 6.854102,
      "z" : -9.472136
    }, {
      "x" : 14.708204,
      "y" : 0.0,
      "z" : -6.854102
    }, {
      "x" : 7.854102,
      "y" : 2.618034,
      "z" : -2.618034
    }, {
      "x" : 12.09017,
      "y" : 9.472136,
      "z" : -5.236068
    } ],
    "faces" : [ {
      "vertices" : [ 0, 1, 2 ]
    }, {
      "vertices" : [ 0, 2, 3 ]
    }, {
      "vertices" : [ 0, 3, 2 ]
    }, {
      "vertices" : [ 0, 2, 1 ]
    } ]
  }, {
    "id" : "7d0a599c-40e2-4ca4-a312-215ae9cbbfa9",
    "vertices" : [ {
      "x" : 15.708204,
      "y" : 22.18034,
      "z" : -5.236068
    }, {
      "x" : 19.944271,
      "y" : 15.326238,
      "z" : -7.854102
    }, {
      "x" : 25.18034,
      "y" : 8.472136,
      "z" : -8.854102
    }, {
      "x" : 20.944271,
      "y" : 15.326238,
      "z" : -6.236068
    } ],
    "faces" : [ {
      "vertices" : [ 0, 1, 2 ]
    }, {
      "vertices" : [ 0, 2, 3 ]
    }, {
      "vertices" : [ 0, 3, 2 ]
    }, {
      "vertices" : [ 0, 2, 1 ]
    } ]
  }, {
    "id" : "d0c6a03a-7def-4a0f-a517-54e1bba0b142",
    "vertices" : [ {
      "x" : 16.708204,
      "y" : -22.18034,
      "z" : -3.618034
    }, {
      "x" : 8.854102,
      "y" : -24.798374,
      "z" : -1.0
    }, {
      "x" : 2.0,
      "y" : -27.416409,
      "z" : 3.236068
    }, {
      "x" : 9.854102,
      "y" : -24.798374,
      "z" : 0.618034
    } ],
    "faces" : [ {
      "vertices" : [ 0, 1, 2 ]
    }, {
      "vertices" : [ 0, 2, 3 ]
    }, {
      "vertices" : [ 0, 3, 2 ]
    }, {
      "vertices" : [ 0, 2, 1 ]
    } ]
  }, {
    "id" : "bae4cf58-5bff-4313-a6f9-3d92ac3e25a9",
    "vertices" : [ {
      "x" : -11.708204,
      "y" : 22.18034,
      "z" : 11.708204
    }, {
      "x" : -4.854102,
      "y" : 24.798374,
      "z" : 7.472136
    }, {
      "x" : 3.0,
      "y" : 27.416409,
      "z" : 4.854102
    }, {
      "x" : -3.854102,
      "y" : 24.798374,
      "z" : 9.09017
    } ],
    "faces" : [ {
      "vertices" : [ 0, 1, 2 ]
    }, {
      "vertices" : [ 0, 2, 3 ]
    }, {
      "vertices" : [ 0, 3, 2 ]
    }, {
      "vertices" : [ 0, 2, 1 ]
    } ]
  }, {
    "id" : "8b2f85d6-9581-4a73-917f-fa6551e9fd0d",
    "vertices" : [ {
      "x" : 19.944271,
      "y" : 15.326238,
      "z" : -7.854102
    }, {
      "x" : 18.944271,
      "y" : 6.854102,
      "z" : -9.472136
    }, {
      "x" : 24.18034,
      "y" : 0.0,
      "z" : -10.472136
    }, {
      "x" : 25.18034,
      "y" : 8.472136,
      "z" : -8.854102
    } ],
    "faces" : [ {
      "vertices" : [ 0, 1, 2 ]
    }, {
      "vertices" : [ 0, 2, 3 ]
    }, {
      "vertices" : [ 0, 3, 2 ]
    }, {
      "vertices" : [ 0, 2, 1 ]
    } ]
  }, {
    "id" : "4a90eb02-d0dc-40b2-82b3-ed974420061e",
    "vertices" : [ {
      "x" : -3.236068,
      "y" : -15.326238,
      "z" : 4.236068
    }, {
      "x" : -3.236068,
      "y" : -6.854102,
      "z" : 4.236068
    }, {
      "x" : 0.0,
      "y" : 0.0,
      "z" : 0.0
    }, {
      "x" : 0.0,
      "y" : -8.472136,
      "z" : 0.0
    } ],
    "faces" : [ {
      "vertices" : [ 0, 1, 2 ]
    }, {
      "vertices" : [ 0, 2, 3 ]
    }, {
      "vertices" : [ 0, 3, 2 ]
    }, {
      "vertices" : [ 0, 2, 1 ]
    } ]
  }, {
    "id" : "cd0d2ea1-626f-4e2a-9610-f91f5a5c1fca",
    "vertices" : [ {
      "x" : -15.944272,
      "y" : 15.326238,
      "z" : 14.326238
    }, {
      "x" : -9.09017,
      "y" : 17.944271,
      "z" : 10.09017
    }, {
      "x" : -10.09017,
      "y" : 9.472136,
      "z" : 8.472136
    }, {
      "x" : -16.944271,
      "y" : 6.854102,
      "z" : 12.708204
    } ],
    "faces" : [ {
      "vertices" : [ 0, 1, 2 ]
    }, {
      "vertices" : [ 0, 2, 3 ]
    }, {
      "vertices" : [ 0, 3, 2 ]
    }, {
      "vertices" : [ 0, 2, 1 ]
    } ]
  }, {
    "id" : "b80c23e8-9947-4bf9-b292-518e62900933",
    "vertices" : [ {
      "x" : 12.09017,
      "y" : 9.472136,
      "z" : -5.236068
    }, {
      "x" : 4.236068,
      "y" : 6.854102,
      "z" : -2.618034
    }, {
      "x" : 5.236068,
      "y" : 15.326238,
      "z" : -1.0
    }, {
      "x" : 13.09017,
      "y" : 17.944271,
      "z" : -3.618034
    } ],
    "faces" : [ {
      "vertices" : [ 0, 1, 2 ]
    }, {
      "vertices" : [ 0, 2, 3 ]
    }, {
      "vertices" : [ 0, 3, 2 ]
    }, {
      "vertices" : [ 0, 2, 1 ]
    } ]
  }, {
    "id" : "b15ccf87-85d6-4871-b5fb-18eb39059dec",
    "vertices" : [ {
      "x" : 2.0,
      "y" : -27.416409,
      "z" : 3.236068
    }, {
      "x" : -4.854102,
      "y" : -24.798374,
      "z" : 7.472136
    }, {
      "x" : -10.708204,
      "y" : -22.18034,
      "z" : 13.326238
    }, {
      "x" : -3.854102,
      "y" : -24.798374,
      "z" : 9.09017
    } ],
    "faces" : [ {
      "vertices" : [ 0, 1, 2 ]
    }, {
      "vertices" : [ 0, 2, 3 ]
    }, {
      "vertices" : [ 0, 3, 2 ]
    }, {
      "vertices" : [ 0, 2, 1 ]
    } ]
  }, {
    "id" : "8206cde6-5c5d-4c1d-aa34-0a1dfc3d93de",
    "vertices" : [ {
      "x" : 25.18034,
      "y" : 8.472136,
      "z" : -8.854102
    }, {
      "x" : 24.18034,
      "y" : 0.0,
      "z" : -10.472136
    }, {
      "x" : 24.18034,
      "y" : -8.472136,
      "z" : -10.472136
    }, {
      "x" : 25.18034,
      "y" : 0.0,
      "z" : -8.854102
    } ],
    "faces" : [ {
      "vertices" : [ 0, 1, 2 ]
    }, {
      "vertices" : [ 0, 2, 3 ]
    }, {
      "vertices" : [ 0, 3, 2 ]
    }, {
      "vertices" : [ 0, 2, 1 ]
    } ]
  }, {
    "id" : "9fab4b39-b0f1-4b78-8b3c-1db8b9fac380",
    "vertices" : [ {
      "x" : -4.854102,
      "y" : -24.798374,
      "z" : 7.472136
    }, {
      "x" : -10.09017,
      "y" : -17.944271,
      "z" : 8.472136
    }, {
      "x" : -15.944272,
      "y" : -15.326238,
      "z" : 14.326238
    }, {
      "x" : -10.708204,
      "y" : -22.18034,
      "z" : 13.326238
    } ],
    "faces" : [ {
      "vertices" : [ 0, 1, 2 ]
    }, {
      "vertices" : [ 0, 2, 3 ]
    }, {
      "vertices" : [ 0, 3, 2 ]
    }, {
      "vertices" : [ 0, 2, 1 ]
    } ]
  }, {
    "id" : "31f62745-6f1d-45c4-b4c6-4776d91e1bb5",
    "vertices" : [ {
      "x" : -19.18034,
      "y" : 8.472136,
      "z" : 18.562305
    }, {
      "x" : -15.944272,
      "y" : 15.326238,
      "z" : 14.326238
    }, {
      "x" : -11.708204,
      "y" : 22.18034,
      "z" : 11.708204
    }, {
      "x" : -14.944272,
      "y" : 15.326238,
      "z" : 15.944272
    } ],
    "faces" : [ {
      "vertices" : [ 0, 1, 2 ]
    }, {
      "vertices" : [ 0, 2, 3 ]
    }, {
      "vertices" : [ 0, 3, 2 ]
    }, {
      "vertices" : [ 0, 2, 1 ]
    } ]
  }, {
    "id" : "c5e090c7-8584-4849-ad38-c49042dc58ef",
    "vertices" : [ {
      "x" : -10.708204,
      "y" : -22.18034,
      "z" : 13.326238
    }, {
      "x" : -15.944272,
      "y" : -15.326238,
      "z" : 14.326238
    }, {
      "x" : -20.18034,
      "y" : -8.472136,
      "z" : 16.944271
    }, {
      "x" : -14.944272,
      "y" : -15.326238,
      "z" : 15.944272
    } ],
    "faces" : [ {
      "vertices" : [ 0, 1, 2 ]
    }, {
      "vertices" : [ 0, 2, 3 ]
    }, {
      "vertices" : [ 0, 3, 2 ]
    }, {
      "vertices" : [ 0, 2, 1 ]
    } ]
  }, {
    "id" : "89473a2a-22d5-48ba-8fba-39fb4583e0f7",
    "vertices" : [ {
      "x" : 24.18034,
      "y" : -8.472136,
      "z" : -10.472136
    }, {
      "x" : 19.944271,
      "y" : -15.326238,
      "z" : -7.854102
    }, {
      "x" : 16.708204,
      "y" : -22.18034,
      "z" : -3.618034
    }, {
      "x" : 20.944271,
      "y" : -15.326238,
      "z" : -6.236068
    } ],
    "faces" : [ {
      "vertices" : [ 0, 1, 2 ]
    }, {
      "vertices" : [ 0, 2, 3 ]
    }, {
      "vertices" : [ 0, 3, 2 ]
    }, {
      "vertices" : [ 0, 2, 1 ]
    } ]
  }, {
    "id" : "7b91491a-688c-4e99-939d-199ded6b36fc",
    "vertices" : [ {
      "x" : 12.09017,
      "y" : -17.944271,
      "z" : -5.236068
    }, {
      "x" : 5.236068,
      "y" : -15.326238,
      "z" : -1.0
    }, {
      "x" : 5.236068,
      "y" : -6.854102,
      "z" : -1.0
    }, {
      "x" : 12.09017,
      "y" : -9.472136,
      "z" : -5.236068
    } ],
    "faces" : [ {
      "vertices" : [ 0, 1, 2 ]
    }, {
      "vertices" : [ 0, 2, 3 ]
    }, {
      "vertices" : [ 0, 3, 2 ]
    }, {
      "vertices" : [ 0, 2, 1 ]
    } ]
  }, {
    "id" : "edaf3f7f-bd7d-434d-99ac-bb580da41ab5",
    "vertices" : [ {
      "x" : 12.09017,
      "y" : -9.472136,
      "z" : -5.236068
    }, {
      "x" : 6.854102,
      "y" : -2.618034,
      "z" : -4.236068
    }, {
      "x" : 14.708204,
      "y" : 0.0,
      "z" : -6.854102
    }, {
      "x" : 19.944271,
      "y" : -6.854102,
      "z" : -7.854102
    } ],
    "faces" : [ {
      "vertices" : [ 0, 1, 2 ]
    }, {
      "vertices" : [ 0, 2, 3 ]
    }, {
      "vertices" : [ 0, 3, 2 ]
    }, {
      "vertices" : [ 0, 2, 1 ]
    } ]
  }, {
    "id" : "0e849d22-2e9c-498b-9fa0-e3450f9c4234",
    "vertices" : [ {
      "x" : -15.944272,
      "y" : -15.326238,
      "z" : 14.326238
    }, {
      "x" : -15.944272,
      "y" : -6.854102,
      "z" : 14.326238
    }, {
      "x" : -20.18034,
      "y" : 0.0,
      "z" : 16.944271
    }, {
      "x" : -20.18034,
      "y" : -8.472136,
      "z" : 16.944271
    } ],
    "faces" : [ {
      "vertices" : [ 0, 1, 2 ]
    }, {
      "vertices" : [ 0, 2, 3 ]
    }, {
      "vertices" : [ 0, 3, 2 ]
    }, {
      "vertices" : [ 0, 2, 1 ]
    } ]
  }, {
    "id" : "ab84d120-5f4a-46f0-bb59-48c95e7b0d8c",
    "vertices" : [ {
      "x" : 8.854102,
      "y" : 24.798374,
      "z" : -1.0
    }, {
      "x" : 13.09017,
      "y" : 17.944271,
      "z" : -3.618034
    }, {
      "x" : 19.944271,
      "y" : 15.326238,
      "z" : -7.854102
    }, {
      "x" : 15.708204,
      "y" : 22.18034,
      "z" : -5.236068
    } ],
    "faces" : [ {
      "vertices" : [ 0, 1, 2 ]
    }, {
      "vertices" : [ 0, 2, 3 ]
    }, {
      "vertices" : [ 0, 3, 2 ]
    }, {
      "vertices" : [ 0, 2, 1 ]
    } ]
  }, {
    "id" : "264ed6f4-41e2-4c4b-a129-d7189b62acbd",
    "vertices" : [ {
      "x" : 8.854102,
      "y" : 24.798374,
      "z" : -1.0
    }, {
      "x" : 13.09017,
      "y" : 17.944271,
      "z" : -3.618034
    }, {
      "x" : 5.236068,
      "y" : 15.326238,
      "z" : -1.0
    }, {
      "x" : 1.0,
      "y" : 22.18034,
      "z" : 1.618034
    } ],
    "faces" : [ {
      "vertices" : [ 0, 1, 2 ]
    }, {
      "vertices" : [ 0, 2, 3 ]
    }, {
      "vertices" : [ 0, 3, 2 ]
    }, {
      "vertices" : [ 0, 2, 1 ]
    } ]
  }, {
    "id" : "db4e0506-a961-49a7-895f-68c6497470ad",
    "vertices" : [ {
      "x" : 13.09017,
      "y" : 17.944271,
      "z" : -3.618034
    }, {
      "x" : 12.09017,
      "y" : 9.472136,
      "z" : -5.236068
    }, {
      "x" : 18.944271,
      "y" : 6.854102,
      "z" : -9.472136
    }, {
      "x" : 19.944271,
      "y" : 15.326238,
      "z" : -7.854102
    } ],
    "faces" : [ {
      "vertices" : [ 0, 1, 2 ]
    }, {
      "vertices" : [ 0, 2, 3 ]
    }, {
      "vertices" : [ 0, 3, 2 ]
    }, {
      "vertices" : [ 0, 2, 1 ]
    } ]
  }, {
    "id" : "25dc3c33-d268-4436-b3c4-2ee7788a082b",
    "vertices" : [ {
      "x" : -9.09017,
      "y" : 17.944271,
      "z" : 10.09017
    }, {
      "x" : -3.236068,
      "y" : 15.326238,
      "z" : 4.236068
    }, {
      "x" : 1.0,
      "y" : 22.18034,
      "z" : 1.618034
    }, {
      "x" : -4.854102,
      "y" : 24.798374,
      "z" : 7.472136
    } ],
    "faces" : [ {
      "vertices" : [ 0, 1, 2 ]
    }, {
      "vertices" : [ 0, 2, 3 ]
    }, {
      "vertices" : [ 0, 3, 2 ]
    }, {
      "vertices" : [ 0, 2, 1 ]
    } ]
  }, {
    "id" : "6a6d746f-0a6f-4d85-89c3-f41a5971a7f1",
    "vertices" : [ {
      "x" : 19.944271,
      "y" : -15.326238,
      "z" : -7.854102
    }, {
      "x" : 12.09017,
      "y" : -17.944271,
      "z" : -5.236068
    }, {
      "x" : 8.854102,
      "y" : -24.798374,
      "z" : -1.0
    }, {
      "x" : 16.708204,
      "y" : -22.18034,
      "z" : -3.618034
    } ],
    "faces" : [ {
      "vertices" : [ 0, 1, 2 ]
    }, {
      "vertices" : [ 0, 2, 3 ]
    }, {
      "vertices" : [ 0, 3, 2 ]
    }, {
      "vertices" : [ 0, 2, 1 ]
    } ]
  }, {
    "id" : "b098c640-85e9-42d9-9cba-fd9ef7213e8b",
    "vertices" : [ {
      "x" : 1.0,
      "y" : 22.18034,
      "z" : 1.618034
    }, {
      "x" : 5.236068,
      "y" : 15.326238,
      "z" : -1.0
    }, {
      "x" : 1.0,
      "y" : 8.472136,
      "z" : 1.618034
    }, {
      "x" : -3.236068,
      "y" : 15.326238,
      "z" : 4.236068
    } ],
    "faces" : [ {
      "vertices" : [ 0, 1, 2 ]
    }, {
      "vertices" : [ 0, 2, 3 ]
    }, {
      "vertices" : [ 0, 3, 2 ]
    }, {
      "vertices" : [ 0, 2, 1 ]
    } ]
  }, {
    "id" : "fb99384c-a3c7-4aa6-a277-d0b9a07a7f0d",
    "vertices" : [ {
      "x" : -15.944272,
      "y" : -15.326238,
      "z" : 14.326238
    }, {
      "x" : -15.944272,
      "y" : -6.854102,
      "z" : 14.326238
    }, {
      "x" : -10.09017,
      "y" : -9.472136,
      "z" : 8.472136
    }, {
      "x" : -10.09017,
      "y" : -17.944271,
      "z" : 8.472136
    } ],
    "faces" : [ {
      "vertices" : [ 0, 1, 2 ]
    }, {
      "vertices" : [ 0, 2, 3 ]
    }, {
      "vertices" : [ 0, 3, 2 ]
    }, {
      "vertices" : [ 0, 2, 1 ]
    } ]
  }, {
    "id" : "119f1034-bfbc-4362-abf4-a6caf7276286",
    "vertices" : [ {
      "x" : 7.854102,
      "y" : 2.618034,
      "z" : -2.618034
    }, {
      "x" : 14.708204,
      "y" : 0.0,
      "z" : -6.854102
    }, {
      "x" : 6.854102,
      "y" : -2.618034,
      "z" : -4.236068
    }, {
      "x" : 0.0,
      "y" : 0.0,
      "z" : 0.0
    } ],
    "faces" : [ {
      "vertices" : [ 0, 1, 2 ]
    }, {
      "vertices" : [ 0, 2, 3 ]
    }, {
      "vertices" : [ 0, 3, 2 ]
    }, {
      "vertices" : [ 0, 2, 1 ]
    } ]
  }, {
    "id" : "76b4b95a-ff0c-4f44-92d6-d33e93a93fc9",
    "vertices" : [ {
      "x" : -3.236068,
      "y" : 15.326238,
      "z" : 4.236068
    }, {
      "x" : 1.0,
      "y" : 8.472136,
      "z" : 1.618034
    }, {
      "x" : 0.0,
      "y" : 0.0,
      "z" : 0.0
    }, {
      "x" : -4.236068,
      "y" : 6.854102,
      "z" : 2.618034
    } ],
    "faces" : [ {
      "vertices" : [ 0, 1, 2 ]
    }, {
      "vertices" : [ 0, 2, 3 ]
    }, {
      "vertices" : [ 0, 3, 2 ]
    }, {
      "vertices" : [ 0, 2, 1 ]
    } ]
  }, {
    "id" : "a32b8673-75a4-4c69-872c-4b12680d42ba",
    "vertices" : [ {
      "x" : 3.0,
      "y" : 27.416409,
      "z" : 4.854102
    }, {
      "x" : 8.854102,
      "y" : 24.798374,
      "z" : -1.0
    }, {
      "x" : 15.708204,
      "y" : 22.18034,
      "z" : -5.236068
    }, {
      "x" : 9.854102,
      "y" : 24.798374,
      "z" : 0.618034
    } ],
    "faces" : [ {
      "vertices" : [ 0, 1, 2 ]
    }, {
      "vertices" : [ 0, 2, 3 ]
    }, {
      "vertices" : [ 0, 3, 2 ]
    }, {
      "vertices" : [ 0, 2, 1 ]
    } ]
  }, {
    "id" : "d1adc59e-b8a1-4b52-a070-1c39843cc1ad",
    "vertices" : [ {
      "x" : -20.18034,
      "y" : -8.472136,
      "z" : 16.944271
    }, {
      "x" : -20.18034,
      "y" : 0.0,
      "z" : 16.944271
    }, {
      "x" : -19.18034,
      "y" : 8.472136,
      "z" : 18.562305
    }, {
      "x" : -19.18034,
      "y" : 0.0,
      "z" : 18.562305
    } ],
    "faces" : [ {
      "vertices" : [ 0, 1, 2 ]
    }, {
      "vertices" : [ 0, 2, 3 ]
    }, {
      "vertices" : [ 0, 3, 2 ]
    }, {
      "vertices" : [ 0, 2, 1 ]
    } ]
  }, {
    "id" : "fc40aba6-519f-4018-b7f5-6dcb4ccbb0ae",
    "vertices" : [ {
      "x" : -15.944272,
      "y" : 15.326238,
      "z" : 14.326238
    }, {
      "x" : -9.09017,
      "y" : 17.944271,
      "z" : 10.09017
    }, {
      "x" : -4.854102,
      "y" : 24.798374,
      "z" : 7.472136
    }, {
      "x" : -11.708204,
      "y" : 22.18034,
      "z" : 11.708204
    } ],
    "faces" : [ {
      "vertices" : [ 0, 1, 2 ]
    }, {
      "vertices" : [ 0, 2, 3 ]
    }, {
      "vertices" : [ 0, 3, 2 ]
    }, {
      "vertices" : [ 0, 2, 1 ]
    } ]
  }, {
    "id" : "d5cb6cdb-f663-4a75-a37d-508ebb634c74",
    "vertices" : [ {
      "x" : 12.09017,
      "y" : -9.472136,
      "z" : -5.236068
    }, {
      "x" : 5.236068,
      "y" : -6.854102,
      "z" : -1.0
    }, {
      "x" : 0.0,
      "y" : 0.0,
      "z" : 0.0
    }, {
      "x" : 6.854102,
      "y" : -2.618034,
      "z" : -4.236068
    } ],
    "faces" : [ {
      "vertices" : [ 0, 1, 2 ]
    }, {
      "vertices" : [ 0, 2, 3 ]
    }, {
      "vertices" : [ 0, 3, 2 ]
    }, {
      "vertices" : [ 0, 2, 1 ]
    } ]
  }, {
    "id" : "7cdde441-13b9-4193-925b-14c404ca76bf",
    "vertices" : [ {
      "x" : 24.18034,
      "y" : 0.0,
      "z" : -10.472136
    }, {
      "x" : 19.944271,
      "y" : -6.854102,
      "z" : -7.854102
    }, {
      "x" : 19.944271,
      "y" : -15.326238,
      "z" : -7.854102
    }, {
      "x" : 24.18034,
      "y" : -8.472136,
      "z" : -10.472136
    } ],
    "faces" : [ {
      "vertices" : [ 0, 1, 2 ]
    }, {
      "vertices" : [ 0, 2, 3 ]
    }, {
      "vertices" : [ 0, 3, 2 ]
    }, {
      "vertices" : [ 0, 2, 1 ]
    } ]
  }, {
    "id" : "713bc2a4-9c51-4b2c-bd90-136ac8570b0c",
    "vertices" : [ {
      "x" : 2.0,
      "y" : -22.18034,
      "z" : 3.236068
    }, {
      "x" : -3.236068,
      "y" : -15.326238,
      "z" : 4.236068
    }, {
      "x" : -10.09017,
      "y" : -17.944271,
      "z" : 8.472136
    }, {
      "x" : -4.854102,
      "y" : -24.798374,
      "z" : 7.472136
    } ],
    "faces" : [ {
      "vertices" : [ 0, 1, 2 ]
    }, {
      "vertices" : [ 0, 2, 3 ]
    }, {
      "vertices" : [ 0, 3, 2 ]
    }, {
      "vertices" : [ 0, 2, 1 ]
    } ]
  }, {
    "id" : "fbfab203-3427-4c5b-ac87-f0f14b800f04",
    "vertices" : [ {
      "x" : 24.18034,
      "y" : 0.0,
      "z" : -10.472136
    }, {
      "x" : 19.944271,
      "y" : -6.854102,
      "z" : -7.854102
    }, {
      "x" : 14.708204,
      "y" : 0.0,
      "z" : -6.854102
    }, {
      "x" : 18.944271,
      "y" : 6.854102,
      "z" : -9.472136
    } ],
    "faces" : [ {
      "vertices" : [ 0, 1, 2 ]
    }, {
      "vertices" : [ 0, 2, 3 ]
    }, {
      "vertices" : [ 0, 3, 2 ]
    }, {
      "vertices" : [ 0, 2, 1 ]
    } ]
  }, {
    "id" : "ca520f11-8161-402b-ab6b-a7dfac2d505c",
    "vertices" : [ {
      "x" : 5.236068,
      "y" : -6.854102,
      "z" : -1.0
    }, {
      "x" : 5.236068,
      "y" : -15.326238,
      "z" : -1.0
    }, {
      "x" : 0.0,
      "y" : -8.472136,
      "z" : 0.0
    }, {
      "x" : 0.0,
      "y" : 0.0,
      "z" : 0.0
    } ],
    "faces" : [ {
      "vertices" : [ 0, 1, 2 ]
    }, {
      "vertices" : [ 0, 2, 3 ]
    }, {
      "vertices" : [ 0, 3, 2 ]
    }, {
      "vertices" : [ 0, 2, 1 ]
    } ]
  }, {
    "id" : "74fcba68-82a6-49bc-807f-672b5450e73f",
    "vertices" : [ {
      "x" : -3.236068,
      "y" : -15.326238,
      "z" : 4.236068
    }, {
      "x" : 0.0,
      "y" : -8.472136,
      "z" : 0.0
    }, {
      "x" : 5.236068,
      "y" : -15.326238,
      "z" : -1.0
    }, {
      "x" : 2.0,
      "y" : -22.18034,
      "z" : 3.236068
    } ],
    "faces" : [ {
      "vertices" : [ 0, 1, 2 ]
    }, {
      "vertices" : [ 0, 2, 3 ]
    }, {
      "vertices" : [ 0, 3, 2 ]
    }, {
      "vertices" : [ 0, 2, 1 ]
    } ]
  }, {
    "id" : "05e34ab3-7011-47d4-8e9c-6c26d6be5540",
    "vertices" : [ {
      "x" : 19.944271,
      "y" : -6.854102,
      "z" : -7.854102
    }, {
      "x" : 12.09017,
      "y" : -9.472136,
      "z" : -5.236068
    }, {
      "x" : 12.09017,
      "y" : -17.944271,
      "z" : -5.236068
    }, {
      "x" : 19.944271,
      "y" : -15.326238,
      "z" : -7.854102
    } ],
    "faces" : [ {
      "vertices" : [ 0, 1, 2 ]
    }, {
      "vertices" : [ 0, 2, 3 ]
    }, {
      "vertices" : [ 0, 3, 2 ]
    }, {
      "vertices" : [ 0, 2, 1 ]
    } ]
  }, {
    "id" : "ed38f6ff-43f9-469b-baf7-e02a7451ca65",
    "vertices" : [ {
      "x" : -16.944271,
      "y" : 6.854102,
      "z" : 12.708204
    }, {
      "x" : -10.09017,
      "y" : 9.472136,
      "z" : 8.472136
    }, {
      "x" : -5.854102,
      "y" : 2.618034,
      "z" : 5.854102
    }, {
      "x" : -12.708204,
      "y" : 0.0,
      "z" : 10.09017
    } ],
    "faces" : [ {
      "vertices" : [ 0, 1, 2 ]
    }, {
      "vertices" : [ 0, 2, 3 ]
    }, {
      "vertices" : [ 0, 3, 2 ]
    }, {
      "vertices" : [ 0, 2, 1 ]
    } ]
  }, {
    "id" : "475c97ea-b0b7-4fd9-aae4-2e70e6cc4e4c",
    "vertices" : [ {
      "x" : -15.944272,
      "y" : -6.854102,
      "z" : 14.326238
    }, {
      "x" : -12.708204,
      "y" : 0.0,
      "z" : 10.09017
    }, {
      "x" : -16.944271,
      "y" : 6.854102,
      "z" : 12.708204
    }, {
      "x" : -20.18034,
      "y" : 0.0,
      "z" : 16.944271
    } ],
    "faces" : [ {
      "vertices" : [ 0, 1, 2 ]
    }, {
      "vertices" : [ 0, 2, 3 ]
    }, {
      "vertices" : [ 0, 3, 2 ]
    }, {
      "vertices" : [ 0, 2, 1 ]
    } ]
  }, {
    "id" : "6956d817-9f03-4208-87bb-ad1880a67db2",
    "vertices" : [ {
      "x" : 8.854102,
      "y" : -24.798374,
      "z" : -1.0
    }, {
      "x" : 2.0,
      "y" : -22.18034,
      "z" : 3.236068
    }, {
      "x" : -4.854102,
      "y" : -24.798374,
      "z" : 7.472136
    }, {
      "x" : 2.0,
      "y" : -27.416409,
      "z" : 3.236068
    } ],
    "faces" : [ {
      "vertices" : [ 0, 1, 2 ]
    }, {
      "vertices" : [ 0, 2, 3 ]
    }, {
      "vertices" : [ 0, 3, 2 ]
    }, {
      "vertices" : [ 0, 2, 1 ]
    } ]
  }, {
    "id" : "95d8abfb-5adb-4456-9146-4ecbc147042a",
    "vertices" : [ {
      "x" : -3.236068,
      "y" : 15.326238,
      "z" : 4.236068
    }, {
      "x" : -4.236068,
      "y" : 6.854102,
      "z" : 2.618034
    }, {
      "x" : -10.09017,
      "y" : 9.472136,
      "z" : 8.472136
    }, {
      "x" : -9.09017,
      "y" : 17.944271,
      "z" : 10.09017
    } ],
    "faces" : [ {
      "vertices" : [ 0, 1, 2 ]
    }, {
      "vertices" : [ 0, 2, 3 ]
    }, {
      "vertices" : [ 0, 3, 2 ]
    }, {
      "vertices" : [ 0, 2, 1 ]
    } ]
  }, {
    "id" : "5f5166d5-0182-420d-8eeb-af7f47536631",
    "vertices" : [ {
      "x" : 8.854102,
      "y" : -24.798374,
      "z" : -1.0
    }, {
      "x" : 2.0,
      "y" : -22.18034,
      "z" : 3.236068
    }, {
      "x" : 5.236068,
      "y" : -15.326238,
      "z" : -1.0
    }, {
      "x" : 12.09017,
      "y" : -17.944271,
      "z" : -5.236068
    } ],
    "faces" : [ {
      "vertices" : [ 0, 1, 2 ]
    }, {
      "vertices" : [ 0, 2, 3 ]
    }, {
