{
  "field" : "golden",
  "symmetry" : "icosahedral",
  "orientations" : [ [ 1.0, 0.0, 0.0, 0.0, 0.0, 1.0, 0.0, 0.0, 0.0, 0.0, 1.0, 0.0, 0.0, 0.0, 0.0, 1.0 ], [ 0.0, 0.0, 1.0, 0.0, 1.0, 0.0, 0.0, 0.0, 0.0, 1.0, 0.0, 0.0, 0.0, 0.0, 0.0, 1.0 ], [ 0.0, 1.0, 0.0, 0.0, 0.0, 0.0, 1.0, 0.0, 1.0, 0.0, 0.0, 0.0, 0.0, 0.0, 0.0, 1.0 ], [ 0.809017, 0.309017, 0.5, 0.0, 0.309017, 0.5, -0.809017, 0.0, -0.5, 0.809017, 0.309017, 0.0, 0.0, 0.0, 0.0, 1.0 ], [ -0.5, 0.809017, 0.309017, 0.0, 0.809017, 0.309017, 0.5, 0.0, 0.309017, 0.5, -0.809017, 0.0, 0.0, 0.0, 0.0, 1.0 ], [ 0.309017, 0.5, -0.809017, 0.0, -0.5, 0.809017, 0.309017, 0.0, 0.809017, 0.309017, 0.5, 0.0, 0.0, 0.0, 0.0, 1.0 ], [ 0.5, 0.809017, 0.309017, 0.0, 0.809017, -0.309017, -0.5, 0.0, -0.309017, 0.5, -0.809017, 0.0, 0.0, 0.0, 0.0, 1.0 ], [ -0.309017, 0.5, -0.809017, 0.0, 0.5, 0.809017, 0.309017, 0.0, 0.809017, -0.309017, -0.5, 0.0, 0.0, 0.0, 0.0, 1.0 ], [ 0.809017, -0.309017, -0.5, 0.0, -0.309017, 0.5, -0.809017, 0.0, 0.5, 0.809017, 0.309017, 0.0, 0.0, 0.0, 0.0, 1.0 ], [ 0.5, 0.809017, -0.309017, 0.0, 0.809017, -0.309017, 0.5, 0.0, 0.309017, -0.5, -0.809017, 0.0, 0.0, 0.0, 0.0, 1.0 ], [ 0.309017, -0.5, -0.809017, 0.0, 0.5, 0.809017, -0.309017, 0.0, 0.809017, -0.309017, 0.5, 0.0, 0.0, 0.0, 0.0, 1.0 ], [ 0.809017, -0.309017, 0.5, 0.0, 0.309017, -0.5, -0.809017, 0.0, 0.5, 0.809017, -0.309017, 0.0, 0.0, 0.0, 0.0, 1.0 ], [ 0.809017, 0.309017, -0.5, 0.0, 0.309017, 0.5, 0.809017, 0.0, 0.5, -0.809017, 0.309017, 0.0, 0.0, 0.0, 0.0, 1.0 ], [ 0.5, -0.809017, 0.309017, 0.0, 0.809017, 0.309017, -0.5, 0.0, 0.309017, 0.5, 0.809017, 0.0, 0.0, 0.0, 0.0, 1.0 ], [ 0.309017, 0.5, 0.809017, 0.0, 0.5, -0.809017, 0.309017, 0.0, 0.809017, 0.309017, -0.5, 0.0, 0.0, 0.0, 0.0, 1.0 ], [ 1.0, 0.0, 0.0, 0.0, 0.0, -1.0, 0.0, 0.0, 0.0, 0.0, -1.0, 0.0, 0.0, 0.0, 0.0, 1.0 ], [ 0.0, 0.0, 1.0, 0.0, -1.0, 0.0, 0.0, 0.0, 0.0, -1.0, 0.0, 0.0, 0.0, 0.0, 0.0, 1.0 ], [ 0.0, 1.0, 0.0, 0.0, 0.0, 0.0, -1.0, 0.0, -1.0, 0.0, 0.0, 0.0, 0.0, 0.0, 0.0, 1.0 ], [ 0.809017, 0.309017, 0.5, 0.0, -0.309017, -0.5, 0.809017, 0.0, 0.5, -0.809017, -0.309017, 0.0, 0.0, 0.0, 0.0, 1.0 ], [ -0.5, 0.809017, 0.309017, 0.0, -0.809017, -0.309017, -0.5, 0.0, -0.309017, -0.5, 0.809017, 0.0, 0.0, 0.0, 0.0, 1.0 ], [ 0.309017, 0.5, -0.809017, 0.0, 0.5, -0.809017, -0.309017, 0.0, -0.809017, -0.309017, -0.5, 0.0, 0.0, 0.0, 0.0, 1.0 ], [ 0.5, 0.809017, 0.309017, 0.0, -0.809017, 0.309017, 0.5, 0.0, 0.309017, -0.5, 0.809017, 0.0, 0.0, 0.0, 0.0, 1.0 ], [ -0.309017, 0.5, -0.809017, 0.0, -0.5, -0.809017, -0.309017, 0.0, -0.809017, 0.309017, 0.5, 0.0, 0.0, 0.0, 0.0, 1.0 ], [ 0.809017, -0.309017, -0.5, 0.0, 0.309017, -0.5, 0.809017, 0.0, -0.5, -0.809017, -0.309017, 0.0, 0.0, 0.0, 0.0, 1.0 ], [ 0.5, 0.809017, -0.309017, 0.0, -0.809017, 0.309017, -0.5, 0.0, -0.309017, 0.5, 0.809017, 0.0, 0.0, 0.0, 0.0, 1.0 ], [ 0.309017, -0.5, -0.809017, 0.0, -0.5, -0.809017, 0.309017, 0.0, -0.809017, 0.309017, -0.5, 0.0, 0.0, 0.0, 0.0, 1.0 ], [ 0.809017, -0.309017, 0.5, 0.0, -0.309017, 0.5, 0.809017, 0.0, -0.5, -0.809017, 0.309017, 0.0, 0.0, 0.0, 0.0, 1.0 ], [ 0.809017, 0.309017, -0.5, 0.0, -0.309017, -0.5, -0.809017, 0.0, -0.5, 0.809017, -0.309017, 0.0, 0.0, 0.0, 0.0, 1.0 ], [ 0.5, -0.809017, 0.309017, 0.0, -0.809017, -0.309017, 0.5, 0.0, -0.309017, -0.5, -0.809017, 0.0, 0.0, 0.0, 0.0, 1.0 ], [ 0.309017, 0.5, 0.809017, 0.0, -0.5, 0.809017, -0.309017, 0.0, -0.809017, -0.309017, 0.5, 0.0, 0.0, 0.0, 0.0, 1.0 ], [ -1.0, 0.0, 0.0, 0.0, 0.0, -1.0, 0.0, 0.0, 0.0, 0.0, 1.0, 0.0, 0.0, 0.0, 0.0, 1.0 ], [ 0.0, 0.0, -1.0, 0.0, -1.0, 0.0, 0.0, 0.0, 0.0, 1.0, 0.0, 0.0, 0.0, 0.0, 0.0, 1.0 ], [ 0.0, -1.0, 0.0, 0.0, 0.0, 0.0, -1.0, 0.0, 1.0, 0.0, 0.0, 0.0, 0.0, 0.0, 0.0, 1.0 ], [ -0.809017, -0.309017, -0.5, 0.0, -0.309017, -0.5, 0.809017, 0.0, -0.5, 0.809017, 0.309017, 0.0, 0.0, 0.0, 0.0, 1.0 ], [ 0.5, -0.809017, -0.309017, 0.0, -0.809017, -0.309017, -0.5, 0.0, 0.309017, 0.5, -0.809017, 0.0, 0.0, 0.0, 0.0, 1.0 ], [ -0.309017, -0.5, 0.809017, 0.0, 0.5, -0.809017, -0.309017, 0.0, 0.809017, 0.309017, 0.5, 0.0, 0.0, 0.0, 0.0, 1.0 ], [ -0.5, -0.809017, -0.309017, 0.0, -0.809017, 0.309017, 0.5, 0.0, -0.309017, 0.5, -0.809017, 0.0, 0.0, 0.0, 0.0, 1.0 ], [ 0.309017, -0.5, 0.809017, 0.0, -0.5, -0.809017, -0.309017, 0.0, 0.809017, -0.309017, -0.5, 0.0, 0.0, 0.0, 0.0, 1.0 ], [ -0.809017, 0.309017, 0.5, 0.0, 0.309017, -0.5, 0.809017, 0.0, 0.5, 0.809017, 0.309017, 0.0, 0.0, 0.0, 0.0, 1.0 ], [ -0.5, -0.809017, 0.309017, 0.0, -0.809017, 0.309017, -0.5, 0.0, 0.309017, -0.5, -0.809017, 0.0, 0.0, 0.0, 0.0, 1.0 ], [ -0.309017, 0.5, 0.809017, 0.0, -0.5, -0.809017, 0.309017, 0.0, 0.809017, -0.309017, 0.5, 0.0, 0.0, 0.0, 0.0, 1.0 ], [ -0.809017, 0.309017, -0.5, 0.0, -0.309017, 0.5, 0.809017, 0.0, 0.5, 0.809017, -0.309017, 0.0, 0.0, 0.0, 0.0, 1.0 ], [ -0.809017, -0.309017, 0.5, 0.0, -0.309017, -0.5, -0.809017, 0.0, 0.5, -0.809017, 0.309017, 0.0, 0.0, 0.0, 0.0, 1.0 ], [ -0.5, 0.809017, -0.309017, 0.0, -0.809017, -0.309017, 0.5, 0.0, 0.309017, 0.5, 0.809017, 0.0, 0.0, 0.0, 0.0, 1.0 ], [ -0.309017, -0.5, -0.809017, 0.0, -0.5, 0.809017, -0.309017, 0.0, 0.809017, 0.309017, -0.5, 0.0, 0.0, 0.0, 0.0, 1.0 ], [ -1.0, 0.0, 0.0, 0.0, 0.0, 1.0, 0.0, 0.0, 0.0, 0.0, -1.0, 0.0, 0.0, 0.0, 0.0, 1.0 ], [ 0.0, 0.0, -1.0, 0.0, 1.0, 0.0, 0.0, 0.0, 0.0, -1.0, 0.0, 0.0, 0.0, 0.0, 0.0, 1.0 ], [ 0.0, -1.0, 0.0, 0.0, 0.0, 0.0, 1.0, 0.0, -1.0, 0.0, 0.0, 0.0, 0.0, 0.0, 0.0, 1.0 ], [ -0.809017, -0.309017, -0.5, 0.0, 0.309017, 0.5, -0.809017, 0.0, 0.5, -0.809017, -0.309017, 0.0, 0.0, 0.0, 0.0, 1.0 ], [ 0.5, -0.809017, -0.309017, 0.0, 0.809017, 0.309017, 0.5, 0.0, -0.309017, -0.5, 0.809017, 0.0, 0.0, 0.0, 0.0, 1.0 ], [ -0.309017, -0.5, 0.809017, 0.0, -0.5, 0.809017, 0.309017, 0.0, -0.809017, -0.309017, -0.5, 0.0, 0.0, 0.0, 0.0, 1.0 ], [ -0.5, -0.809017, -0.309017, 0.0, 0.809017, -0.309017, -0.5, 0.0, 0.309017, -0.5, 0.809017, 0.0, 0.0, 0.0, 0.0, 1.0 ], [ 0.309017, -0.5, 0.809017, 0.0, 0.5, 0.809017, 0.309017, 0.0, -0.809017, 0.309017, 0.5, 0.0, 0.0, 0.0, 0.0, 1.0 ], [ -0.809017, 0.309017, 0.5, 0.0, -0.309017, 0.5, -0.809017, 0.0, -0.5, -0.809017, -0.309017, 0.0, 0.0, 0.0, 0.0, 1.0 ], [ -0.5, -0.809017, 0.309017, 0.0, 0.809017, -0.309017, 0.5, 0.0, -0.309017, 0.5, 0.809017, 0.0, 0.0, 0.0, 0.0, 1.0 ], [ -0.309017, 0.5, 0.809017, 0.0, 0.5, 0.809017, -0.309017, 0.0, -0.809017, 0.309017, -0.5, 0.0, 0.0, 0.0, 0.0, 1.0 ], [ -0.809017, 0.309017, -0.5, 0.0, 0.309017, -0.5, -0.809017, 0.0, -0.5, -0.809017, 0.309017, 0.0, 0.0, 0.0, 0.0, 1.0 ], [ -0.809017, -0.309017, 0.5, 0.0, 0.309017, 0.5, 0.809017, 0.0, -0.5, 0.809017, -0.309017, 0.0, 0.0, 0.0, 0.0, 1.0 ], [ -0.5, 0.809017, -0.309017, 0.0, 0.809017, 0.309017, -0.5, 0.0, -0.309017, -0.5, -0.809017, 0.0, 0.0, 0.0, 0.0, 1.0 ], [ -0.309017, -0.5, -0.809017, 0.0, 0.5, -0.809017, 0.309017, 0.0, -0.809017, -0.309017, 0.5, 0.0, 0.0, 0.0, 0.0, 1.0 ] ],
  "lights" : {
    "backgroundColor" : "#AFC8DC",
    "ambientColor" : "#292929",
    "directionalLights" : [ {
      "direction" : {
        "x" : 1.0,
        "y" : -1.0,
        "z" : -1.0
      },
      "color" : "#EBEBE4"
    }, {
      "direction" : {
        "x" : -1.0,
        "y" : 0.0,
        "z" : 0.0
      },
      "color" : "#E4E4EB"
    }, {
      "direction" : {
        "x" : 0.0,
        "y" : 0.0,
        "z" : -1.0
      },
      "color" : "#1E1E1E"
    } ]
  },
  "camera" : {
    "viewDistance" : 726.9659,
    "nearClipDistance" : 1.8174173,
    "farClipDistance" : 1453.929,
    "lookAtPoint" : {
      "x" : 0.0,
      "y" : 0.0,
      "z" : 0.0
    },
    "fieldOfView" : 0.44262946,
    "perspective" : false,
    "lookDirection" : {
      "x" : 0.5257311,
      "y" : 0.0,
      "z" : -0.8506508
    },
    "upDirection" : {
      "x" : 0.0,
      "y" : 1.0,
      "z" : 0.0
    },
    "width" : 327.1351,
    "stereo" : false,
    "position" : {
      "x" : -382.18857,
      "y" : 0.0,
      "z" : 618.3941
    }
  },
  "embedding" : [ 1.0, 0.0, 0.0, 0.0, 0.0, 1.0, 0.0, 0.0, 0.0, 0.0, 1.0, 0.0, 0.0, 0.0, 0.0, 1.0 ],
  "shapes" : [ {
    "id" : "44124ff1-56e3-4a69-b250-069b8f3ccccc",
    "vertices" : [ {
      "x" : -0.309017,
      "y" : -0.19098301,
      "z" : 0.0
    }, {
      "x" : -0.309017,
      "y" : 0.19098301,
      "z" : 0.0
    }, {
      "x" : -0.19098301,
      "y" : 0.0,
      "z" : -0.309017
    }, {
      "x" : -0.19098301,
      "y" : 0.0,
      "z" : 0.309017
    }, {
      "x" : 0.0,
      "y" : -0.309017,
      "z" : -0.19098301
    }, {
      "x" : 0.0,
      "y" : -0.309017,
      "z" : 0.19098301
    }, {
      "x" : 0.0,
      "y" : 0.309017,
      "z" : -0.19098301
    }, {
      "x" : 0.0,
      "y" : 0.309017,
      "z" : 0.19098301
    }, {
      "x" : 0.19098301,
      "y" : 0.0,
      "z" : -0.309017
    }, {
      "x" : 0.19098301,
      "y" : 0.0,
      "z" : 0.309017
    }, {
      "x" : 0.309017,
      "y" : -0.19098301,
      "z" : 0.0
    }, {
      "x" : 0.309017,
      "y" : 0.19098301,
      "z" : 0.0
    } ],
    "faces" : [ {
      "vertices" : [ 0, 1, 2 ]
    }, {
      "vertices" : [ 0, 3, 1 ]
    }, {
      "vertices" : [ 0, 2, 4 ]
    }, {
      "vertices" : [ 0, 5, 3 ]
    }, {
      "vertices" : [ 0, 4, 5 ]
    }, {
      "vertices" : [ 1, 6, 2 ]
    }, {
      "vertices" : [ 1, 3, 7 ]
    }, {
      "vertices" : [ 1, 7, 6 ]
    }, {
      "vertices" : [ 2, 8, 4 ]
    }, {
      "vertices" : [ 2, 6, 8 ]
    }, {
      "vertices" : [ 3, 5, 9 ]
    }, {
      "vertices" : [ 3, 9, 7 ]
    }, {
      "vertices" : [ 4, 10, 5 ]
    }, {
      "vertices" : [ 4, 8, 10 ]
    }, {
      "vertices" : [ 5, 10, 9 ]
    }, {
      "vertices" : [ 6, 7, 11 ]
    }, {
      "vertices" : [ 6, 11, 8 ]
    }, {
      "vertices" : [ 7, 9, 11 ]
    }, {
      "vertices" : [ 8, 11, 10 ]
    }, {
      "vertices" : [ 9, 10, 11 ]
    } ]
  }, {
    "id" : "524df2ef-4f5b-47ca-9cea-f3e6e323ac1f",
    "vertices" : [ {
      "x" : -21.18034,
      "y" : -34.27051,
      "z" : 5.854102
    }, {
      "x" : -21.562305,
      "y" : -33.652477,
      "z" : 3.618034
    }, {
      "x" : -82.867256,
      "y" : -71.54102,
      "z" : 3.618034
    }, {
      "x" : -82.48529,
      "y" : -72.15905,
      "z" : 5.854102
    } ],
    "faces" : [ {
      "vertices" : [ 0, 1, 2 ]
    }, {
      "vertices" : [ 0, 2, 3 ]
    }, {
      "vertices" : [ 0, 3, 2 ]
    }, {
      "vertices" : [ 0, 2, 1 ]
    } ]
  }, {
    "id" : "598b70ec-4f6b-407a-8a19-c5ee2fac23cd",
    "vertices" : [ {
      "x" : -32.652477,
      "y" : -7.236068,
      "z" : 22.18034
    }, {
      "x" : -70.54102,
      "y" : -7.236068,
      "z" : 83.48529
    }, {
      "x" : -68.92299,
      "y" : -5.854102,
      "z" : 84.48529
    }, {
      "x" : -31.034441,
      "y" : -5.854102,
      "z" : 23.18034
    } ],
    "faces" : [ {
      "vertices" : [ 0, 1, 2 ]
    }, {
      "vertices" : [ 0, 2, 3 ]
    }, {
      "vertices" : [ 0, 3, 2 ]
    }, {
      "vertices" : [ 0, 2, 1 ]
    } ]
  }, {
    "id" : "c3fad2a4-7958-45b2-8a02-e81bff257f54",
    "vertices" : [ {
      "x" : 24.416409,
      "y" : -29.034441,
      "z" : 13.09017
    }, {
      "x" : 85.72136,
      "y" : -66.92299,
      "z" : 13.09017
    }, {
      "x" : 86.72136,
      "y" : -65.304955,
      "z" : 11.708204
    }, {
      "x" : 25.416409,
      "y" : -27.416409,
      "z" : 11.708204
    } ],
    "faces" : [ {
      "vertices" : [ 0, 1, 2 ]
    }, {
      "vertices" : [ 0, 2, 3 ]
    }, {
      "vertices" : [ 0, 3, 2 ]
    }, {
      "vertices" : [ 0, 2, 1 ]
    } ]
  }, {
    "id" : "85e377fd-5fe3-4812-a130-8a4ec736587c",
    "vertices" : [ {
      "x" : -40.12461,
      "y" : 3.618034,
      "z" : -5.854102
    }, {
      "x" : -39.12461,
      "y" : 5.236068,
      "z" : -7.236068
    }, {
      "x" : 22.18034,
      "y" : -32.652477,
      "z" : -7.236068
    }, {
      "x" : 21.18034,
      "y" : -34.27051,
      "z" : -5.854102
    } ],
    "faces" : [ {
      "vertices" : [ 0, 1, 2 ]
    }, {
      "vertices" : [ 0, 2, 3 ]
    }, {
      "vertices" : [ 0, 3, 2 ]
    }, {
      "vertices" : [ 0, 2, 1 ]
    } ]
  }, {
    "id" : "529d29fc-296e-4460-bde5-b37a13c6bfa2",
    "vertices" : [ {
      "x" : 101.429565,
      "y" : 41.506577,
      "z" : 5.854102
    }, {
      "x" : 101.0476,
      "y" : 42.12461,
      "z" : 3.618034
    }, {
      "x" : 39.742645,
      "y" : 4.236068,
      "z" : 3.618034
    }, {
      "x" : 40.12461,
      "y" : 3.618034,
      "z" : 5.854102
    } ],
    "faces" : [ {
      "vertices" : [ 0, 1, 2 ]
    }, {
      "vertices" : [ 0, 2, 3 ]
    }, {
      "vertices" : [ 0, 3, 2 ]
    }, {
      "vertices" : [ 0, 2, 1 ]
    } ]
  }, {
    "id" : "485acd55-e8c9-4367-b9e4-c1e44b326f36",
    "vertices" : [ {
      "x" : -7.236068,
      "y" : 11.708204,
      "z" : 80.24922
    }, {
      "x" : -8.472136,
      "y" : 7.236068,
      "z" : 79.48529
    }, {
      "x" : -12.472136,
      "y" : 7.236068,
      "z" : 77.01315
    }, {
      "x" : -13.708204,
      "y" : 11.708204,
      "z" : 76.24922
    }, {
      "x" : -10.472136,
      "y" : 14.472136,
      "z" : 78.24922
    } ],
    "faces" : [ {
      "vertices" : [ 0, 1, 2 ]
    }, {
      "vertices" : [ 0, 2, 3 ]
    }, {
      "vertices" : [ 0, 3, 4 ]
    }, {
      "vertices" : [ 0, 4, 3 ]
    }, {
      "vertices" : [ 0, 3, 2 ]
    }, {
      "vertices" : [ 0, 2, 1 ]
    } ]
  }, {
    "id" : "38f6c503-fec5-4eaf-9373-ef7100df1694",
    "vertices" : [ {
      "x" : -13.09017,
      "y" : -98.1935,
      "z" : -46.742645
    }, {
      "x" : -13.09017,
      "y" : -36.888542,
      "z" : -8.854102
    }, {
      "x" : -11.708204,
      "y" : -35.888542,
      "z" : -10.472136
    }, {
      "x" : -11.708204,
      "y" : -97.1935,
      "z" : -48.36068
    } ],
    "faces" : [ {
      "vertices" : [ 0, 1, 2 ]
    }, {
      "vertices" : [ 0, 2, 3 ]
    }, {
      "vertices" : [ 0, 3, 2 ]
    }, {
      "vertices" : [ 0, 2, 1 ]
    } ]
  }, {
    "id" : "8ee91908-a315-4ee6-ba26-01cad456571d",
    "vertices" : [ {
      "x" : 15.326238,
      "y" : -86.103325,
      "z" : 66.304955
    }, {
      "x" : 15.326238,
      "y" : -87.33939,
      "z" : 64.304955
    }, {
      "x" : 13.09017,
      "y" : -87.72136,
      "z" : 63.686916
    }, {
      "x" : 11.708204,
      "y" : -86.72136,
      "z" : 65.304955
    }, {
      "x" : 13.09017,
      "y" : -85.72136,
      "z" : 66.92299
    } ],
    "faces" : [ {
      "vertices" : [ 0, 1, 2 ]
    }, {
      "vertices" : [ 0, 2, 3 ]
    }, {
      "vertices" : [ 0, 3, 4 ]
    }, {
      "vertices" : [ 0, 4, 3 ]
    }, {
      "vertices" : [ 0, 3, 2 ]
    }, {
      "vertices" : [ 0, 2, 1 ]
    } ]
  }, {
    "id" : "ab703529-a754-448e-983a-ede34405867e",
    "vertices" : [ {
      "x" : -17.326239,
      "y" : 17.562305,
      "z" : -31.652475
    }, {
      "x" : -55.214783,
      "y" : 17.562305,
      "z" : -92.95743
    }, {
      "x" : -55.832817,
      "y" : 15.326238,
      "z" : -92.57546
    }, {
      "x" : -17.944271,
      "y" : 15.326238,
      "z" : -31.27051
    } ],
    "faces" : [ {
      "vertices" : [ 0, 1, 2 ]
    }, {
      "vertices" : [ 0, 2, 3 ]
    }, {
      "vertices" : [ 0, 3, 2 ]
    }, {
      "vertices" : [ 0, 2, 1 ]
    } ]
  }, {
    "id" : "a2181db5-8b92-48e1-ba28-16a73122a284",
    "vertices" : [ {
      "x" : 17.562305,
      "y" : 90.95743,
      "z" : 58.45085
    }, {
      "x" : 17.562305,
      "y" : 29.652475,
      "z" : 20.562305
    }, {
      "x" : 15.326238,
      "y" : 30.034441,
      "z" : 19.944271
    }, {
      "x" : 15.326238,
      "y" : 91.33939,
      "z" : 57.832817
    } ],
    "faces" : [ {
      "vertices" : [ 0, 1, 2 ]
    }, {
      "vertices" : [ 0, 2, 3 ]
    }, {
      "vertices" : [ 0, 3, 2 ]
    }, {
      "vertices" : [ 0, 2, 1 ]
    } ]
  }, {
    "id" : "d842bc57-0a25-4105-8fd1-af45a8edc65b",
    "vertices" : [ {
      "x" : -5.854102,
      "y" : -38.12461,
      "z" : 6.854102
    }, {
      "x" : -3.618034,
      "y" : -38.506577,
      "z" : 6.236068
    }, {
      "x" : -3.618034,
      "y" : -99.81153,
      "z" : 44.12461
    }, {
      "x" : -5.854102,
      "y" : -99.429565,
      "z" : 44.742645
    } ],
    "faces" : [ {
      "vertices" : [ 0, 1, 2 ]
    }, {
      "vertices" : [ 0, 2, 3 ]
    }, {
      "vertices" : [ 0, 3, 2 ]
    }, {
      "vertices" : [ 0, 2, 1 ]
    } ]
  }, {
    "id" : "9cfa7e2f-1186-48f7-a34b-758e64726ba6",
    "vertices" : [ {
      "x" : -11.708204,
      "y" : 76.24922,
      "z" : 13.708204
    }, {
      "x" : -7.236068,
      "y" : 77.01315,
      "z" : 12.472136
    }, {
      "x" : -7.236068,
      "y" : -45.59675,
      "z" : -63.30495
    }, {
      "x" : -11.708204,
      "y" : -46.36068,
      "z" : -62.068882
    } ],
    "faces" : [ {
      "vertices" : [ 0, 1, 2 ]
    }, {
      "vertices" : [ 0, 2, 3 ]
    }, {
      "vertices" : [ 0, 3, 2 ]
    }, {
      "vertices" : [ 0, 2, 1 ]
    } ]
  }, {
    "id" : "93e0a2ef-7f66-4c2d-b08d-c7c31b930e3f",
    "vertices" : [ {
      "x" : 30.652475,
      "y" : 18.944271,
      "z" : 18.944271
    }, {
      "x" : 29.652475,
      "y" : 20.562305,
      "z" : 17.562305
    }, {
      "x" : 90.95743,
      "y" : 58.45085,
      "z" : 17.562305
    }, {
      "x" : 91.95743,
      "y" : 56.832817,
      "z" : 18.944271
    } ],
    "faces" : [ {
      "vertices" : [ 0, 1, 2 ]
    }, {
      "vertices" : [ 0, 2, 3 ]
    }, {
      "vertices" : [ 0, 3, 2 ]
    }, {
      "vertices" : [ 0, 2, 1 ]
    } ]
  }, {
    "id" : "3c212034-e802-4012-a50c-e19460f6bef7",
    "vertices" : [ {
      "x" : 0.9045085,
      "y" : 0.3454915,
      "z" : 0.25
    }, {
      "x" : 60.591427,
      "y" : 37.234035,
      "z" : 0.25
    }, {
      "x" : 60.400444,
      "y" : 37.543053,
      "z" : 0.25
    }, {
      "x" : 0.7135255,
      "y" : 0.6545085,
      "z" : 0.25
    }, {
      "x" : 0.809017,
      "y" : 0.5,
      "z" : -0.309017
    }, {
      "x" : 0.9635255,
      "y" : 0.25,
      "z" : -0.095491506
    }, {
      "x" : 0.309017,
      "y" : 0.19098301,
      "z" : 0.0
    }, {
      "x" : 60.995934,
      "y" : 37.69756,
      "z" : 0.0
    }, {
      "x" : 60.341427,
      "y" : 37.638542,
      "z" : -0.095491506
    }, {
      "x" : 60.495934,
      "y" : 37.388542,
      "z" : -0.309017
    }, {
      "x" : 61.30495,
      "y" : 37.888542,
      "z" : 0.0
    }, {
      "x" : 0.6545085,
      "y" : 0.75,
      "z" : -0.095491506
    }, {
      "x" : 60.650444,
      "y" : 37.138542,
      "z" : -0.095491506
    } ],
    "faces" : [ {
      "vertices" : [ 4, 11, 8 ]
    }, {
      "vertices" : [ 4, 8, 9 ]
    }, {
      "vertices" : [ 0, 1, 2 ]
    }, {
      "vertices" : [ 0, 2, 3 ]
    }, {
      "vertices" : [ 0, 3, 6 ]
    }, {
      "vertices" : [ 1, 7, 2 ]
    }, {
      "vertices" : [ 0, 6, 5 ]
    }, {
      "vertices" : [ 4, 5, 6 ]
    }, {
      "vertices" : [ 2, 7, 8 ]
    }, {
      "vertices" : [ 0, 5, 12 ]
    }, {
      "vertices" : [ 0, 12, 1 ]
    }, {
      "vertices" : [ 1, 12, 7 ]
    }, {
      "vertices" : [ 3, 11, 6 ]
    }, {
      "vertices" : [ 4, 6, 11 ]
    }, {
      "vertices" : [ 7, 9, 8 ]
    }, {
      "vertices" : [ 2, 8, 11 ]
    }, {
      "vertices" : [ 2, 11, 3 ]
    }, {
      "vertices" : [ 7, 12, 9 ]
    }, {
      "vertices" : [ 4, 9, 12 ]
    }, {
      "vertices" : [ 4, 12, 5 ]
    } ]
  }, {
    "id" : "9ec71531-9e72-474c-a275-f14c7bd2f5b6",
    "vertices" : [ {
      "x" : 80.24922,
      "y" : -7.236068,
      "z" : 11.708204
    }, {
      "x" : 78.24922,
      "y" : -10.472136,
      "z" : 14.472136
    }, {
      "x" : -44.36068,
      "y" : 65.304955,
      "z" : 14.472136
    }, {
      "x" : -42.36068,
      "y" : 68.54102,
      "z" : 11.708204
    } ],
    "faces" : [ {
      "vertices" : [ 0, 1, 2 ]
    }, {
      "vertices" : [ 0, 2, 3 ]
    }, {
      "vertices" : [ 0, 3, 2 ]
    }, {
      "vertices" : [ 0, 2, 1 ]
    } ]
  }, {
    "id" : "762fed3f-09ef-4615-9c01-3122956f70aa",
    "vertices" : [ {
      "x" : 56.832817,
      "y" : -18.944271,
      "z" : -91.95743
    }, {
      "x" : 55.214783,
      "y" : -17.562305,
      "z" : -92.95743
    }, {
      "x" : 17.326239,
      "y" : -17.562305,
      "z" : -31.652475
    }, {
      "x" : 18.944271,
      "y" : -18.944271,
      "z" : -30.652475
    } ],
    "faces" : [ {
      "vertices" : [ 0, 1, 2 ]
    }, {
      "vertices" : [ 0, 2, 3 ]
    }, {
      "vertices" : [ 0, 3, 2 ]
    }, {
      "vertices" : [ 0, 2, 1 ]
    } ]
  }, {
    "id" : "d5526a11-5300-425a-9de4-f32735258c21",
    "vertices" : [ {
      "x" : 15.326238,
      "y" : -30.034441,
      "z" : -19.944271
    }, {
      "x" : 15.326238,
      "y" : -31.27051,
      "z" : -17.944271
    }, {
      "x" : 15.326238,
      "y" : -92.57546,
      "z" : -55.832817
    }, {
      "x" : 15.326238,
      "y" : -91.33939,
      "z" : -57.832817
    } ],
    "faces" : [ {
      "vertices" : [ 0, 1, 2 ]
    }, {
      "vertices" : [ 0, 2, 3 ]
    }, {
      "vertices" : [ 0, 3, 2 ]
    }, {
      "vertices" : [ 0, 2, 1 ]
    } ]
  }, {
    "id" : "d314c052-bec5-435d-a090-ecb6a0d7ad70",
    "vertices" : [ {
      "x" : 5.854102,
      "y" : -40.12461,
      "z" : -3.618034
    }, {
      "x" : 3.618034,
      "y" : -39.742645,
      "z" : -4.236068
    }, {
      "x" : 3.618034,
      "y" : -38.506577,
      "z" : -6.236068
    }, {
      "x" : 5.854102,
      "y" : -38.12461,
      "z" : -6.854102
    }, {
      "x" : 7.236068,
      "y" : -39.12461,
      "z" : -5.236068
    } ],
    "faces" : [ {
      "vertices" : [ 0, 1, 2 ]
    }, {
      "vertices" : [ 0, 2, 3 ]
    }, {
      "vertices" : [ 0, 3, 4 ]
    }, {
      "vertices" : [ 0, 4, 3 ]
    }, {
      "vertices" : [ 0, 3, 2 ]
    }, {
      "vertices" : [ 0, 2, 1 ]
    } ]
  }, {
    "id" : "24a36aec-a0bf-46c9-a74f-6c9d66a6a209",
    "vertices" : [ {
      "x" : 8.758611,
      "y" : 1.4635255,
      "z" : -2.059017
    }, {
      "x" : 9.126644,
      "y" : 1.559017,
      "z" : -2.5225425
    }, {
      "x" : 1.0954915,
      "y" : 0.1545085,
      "z" : 0.059016995
    }, {
      "x" : 8.567628,
      "y" : 1.7725425,
      "z" : -2.559017
    }, {
      "x" : 0.9045085,
      "y" : 0.4635255,
      "z" : -0.440983
    }, {
      "x" : 8.567628,
      "y" : 1.1545085,
      "z" : -2.177051
    }, {
      "x" : 0.9045085,
      "y" : -0.1545085,
      "z" : -0.059016995
    }, {
      "x" : 8.376644,
      "y" : 1.4635255,
      "z" : -2.677051
    }, {
      "x" : 9.472136,
      "y" : 1.618034,
      "z" : -2.618034
    }, {
      "x" : 0.3454915,
      "y" : 0.059016995,
      "z" : -0.095491506
    }, {
      "x" : 0.7135255,
      "y" : 0.1545085,
      "z" : -0.559017
    } ],
    "faces" : [ {
      "vertices" : [ 2, 9, 6 ]
    }, {
      "vertices" : [ 0, 1, 3 ]
    }, {
      "vertices" : [ 0, 5, 1 ]
    }, {
      "vertices" : [ 4, 10, 9 ]
    }, {
      "vertices" : [ 3, 7, 10 ]
    }, {
      "vertices" : [ 3, 10, 4 ]
    }, {
      "vertices" : [ 0, 3, 4 ]
    }, {
      "vertices" : [ 0, 4, 2 ]
    }, {
      "vertices" : [ 6, 9, 10 ]
    }, {
      "vertices" : [ 1, 7, 3 ]
    }, {
      "vertices" : [ 5, 6, 10 ]
    }, {
      "vertices" : [ 5, 10, 7 ]
    }, {
      "vertices" : [ 0, 2, 6 ]
    }, {
      "vertices" : [ 0, 6, 5 ]
    }, {
      "vertices" : [ 1, 5, 7 ]
    }, {
      "vertices" : [ 2, 4, 9 ]
    } ]
  }, {
    "id" : "0cdf5e83-5c8f-47cf-8a80-46f52c8337f0",
    "vertices" : [ {
      "x" : 48.832817,
      "y" : -58.068882,
      "z" : -26.18034
    }, {
      "x" : -73.777084,
      "y" : 17.708204,
      "z" : -26.18034
    }, {
      "x" : -71.777084,
      "y" : 20.944271,
      "z" : -23.416409
    }, {
      "x" : 50.832817,
      "y" : -54.832817,
      "z" : -23.416409
    } ],
    "faces" : [ {
      "vertices" : [ 0, 1, 2 ]
    }, {
      "vertices" : [ 0, 2, 3 ]
    }, {
      "vertices" : [ 0, 3, 2 ]
    }, {
      "vertices" : [ 0, 2, 1 ]
    } ]
  }, {
    "id" : "2207d195-27a0-40e9-936b-43bf0e072609",
    "vertices" : [ {
      "x" : 76.24922,
      "y" : 13.708204,
      "z" : -11.708204
    }, {
      "x" : 77.01315,
      "y" : 12.472136,
      "z" : -7.236068
    }, {
      "x" : -45.59675,
      "y" : -63.30495,
      "z" : -7.236068
    }, {
      "x" : -46.36068,
      "y" : -62.068882,
      "z" : -11.708204
    } ],
    "faces" : [ {
      "vertices" : [ 0, 1, 2 ]
    }, {
      "vertices" : [ 0, 2, 3 ]
    }, {
      "vertices" : [ 0, 3, 2 ]
    }, {
      "vertices" : [ 0, 2, 1 ]
    } ]
  }, {
    "id" : "74e9a8ca-e037-4063-8db3-3e1fb39faf91",
    "vertices" : [ {
      "x" : -37.888542,
      "y" : -61.30495,
      "z" : -37.888542
    }, {
      "x" : -35.12461,
      "y" : -63.30495,
      "z" : -34.652477
    }, {
      "x" : -30.652475,
      "y" : -62.54102,
      "z" : -35.888542
    }, {
      "x" : -30.652475,
      "y" : -60.068882,
      "z" : -39.888542
    }, {
      "x" : -35.12461,
      "y" : -59.30495,
      "z" : -41.12461
    } ],
    "faces" : [ {
      "vertices" : [ 0, 1, 2 ]
    }, {
      "vertices" : [ 0, 2, 3 ]
    }, {
      "vertices" : [ 0, 3, 4 ]
    }, {
      "vertices" : [ 0, 4, 3 ]
    }, {
      "vertices" : [ 0, 3, 2 ]
    }, {
      "vertices" : [ 0, 2, 1 ]
    } ]
  }, {
    "id" : "733c9352-a89a-4f07-83e1-abb111fa4131",
    "vertices" : [ {
      "x" : -70.54102,
      "y" : 22.944271,
      "z" : -30.652475
    }, {
      "x" : 52.068882,
      "y" : -52.832817,
      "z" : -30.652475
    }, {
      "x" : 52.832817,
      "y" : -51.59675,
      "z" : -26.18034
    }, {
      "x" : -69.777084,
      "y" : 24.18034,
      "z" : -26.18034
    } ],
    "faces" : [ {
      "vertices" : [ 0, 1, 2 ]
    }, {
      "vertices" : [ 0, 2, 3 ]
    }, {
      "vertices" : [ 0, 3, 2 ]
    }, {
      "vertices" : [ 0, 2, 1 ]
    } ]
  }, {
    "id" : "32437d75-bb0a-4ed3-b11f-a5350e200d78",
    "vertices" : [ {
      "x" : -82.867256,
      "y" : -71.54102,
      "z" : 3.618034
    }, {
      "x" : -21.562305,
      "y" : -33.652477,
      "z" : 3.618034
    }, {
      "x" : -22.798374,
      "y" : -31.652475,
      "z" : 3.618034
    }, {
      "x" : -84.103325,
      "y" : -69.54102,
      "z" : 3.618034
    } ],
    "faces" : [ {
      "vertices" : [ 0, 1, 2 ]
    }, {
      "vertices" : [ 0, 2, 3 ]
    }, {
      "vertices" : [ 0, 3, 2 ]
    }, {
      "vertices" : [ 0, 2, 1 ]
    } ]
  }, {
    "id" : "230e7dad-be6a-4569-80d9-787573c97a2c",
    "vertices" : [ {
      "x" : -31.652475,
      "y" : -17.326239,
      "z" : 17.562305
    }, {
      "x" : -92.95743,
      "y" : -55.214783,
      "z" : 17.562305
    }, {
      "x" : -92.57546,
      "y" : -55.832817,
      "z" : 15.326238
    }, {
      "x" : -31.27051,
      "y" : -17.944271,
      "z" : 15.326238
    } ],
    "faces" : [ {
      "vertices" : [ 0, 1, 2 ]
    }, {
      "vertices" : [ 0, 2, 3 ]
    }, {
      "vertices" : [ 0, 3, 2 ]
    }, {
      "vertices" : [ 0, 2, 1 ]
    } ]
  }, {
    "id" : "3767ef7f-bee2-428a-808e-489d21b6732d",
    "vertices" : [ {
      "x" : -101.429565,
      "y" : 41.506577,
      "z" : -5.854102
    }, {
      "x" : -101.0476,
      "y" : 42.12461,
      "z" : -3.618034
    }, {
      "x" : -39.742645,
      "y" : 4.236068,
      "z" : -3.618034
    }, {
      "x" : -40.12461,
      "y" : 3.618034,
      "z" : -5.854102
    } ],
    "faces" : [ {
      "vertices" : [ 0, 1, 2 ]
    }, {
      "vertices" : [ 0, 2, 3 ]
    }, {
      "vertices" : [ 0, 3, 2 ]
    }, {
      "vertices" : [ 0, 2, 1 ]
    } ]
  }, {
    "id" : "1a4e0f7d-5482-493b-9369-aad4dbbb8c2e",
    "vertices" : [ {
      "x" : 17.562305,
      "y" : -90.95743,
      "z" : -58.45085
    }, {
      "x" : 17.562305,
      "y" : -29.652475,
      "z" : -20.562305
    }, {
      "x" : 15.326238,
      "y" : -30.034441,
      "z" : -19.944271
    }, {
      "x" : 15.326238,
      "y" : -91.33939,
      "z" : -57.832817
    } ],
    "faces" : [ {
      "vertices" : [ 0, 1, 2 ]
    }, {
      "vertices" : [ 0, 2, 3 ]
    }, {
      "vertices" : [ 0, 3, 2 ]
    }, {
      "vertices" : [ 0, 2, 1 ]
    } ]
  }, {
    "id" : "42180cb4-6870-4b9c-bc9a-05b990ede4d4",
    "vertices" : [ {
      "x" : -42.36068,
      "y" : 68.54102,
      "z" : 11.708204
    }, {
      "x" : -43.12461,
      "y" : 67.304955,
      "z" : 7.236068
    }, {
      "x" : 79.48529,
      "y" : -8.472136,
      "z" : 7.236068
    }, {
      "x" : 80.24922,
      "y" : -7.236068,
      "z" : 11.708204
    } ],
    "faces" : [ {
      "vertices" : [ 0, 1, 2 ]
    }, {
      "vertices" : [ 0, 2, 3 ]
    }, {
      "vertices" : [ 0, 3, 2 ]
    }, {
      "vertices" : [ 0, 2, 1 ]
    } ]
  }, {
    "id" : "39c2dc63-a51c-4943-ae44-41843ae8a525",
    "vertices" : [ {
      "x" : 26.18034,
      "y" : 48.832817,
      "z" : 58.068882
    }, {
      "x" : 26.18034,
      "y" : -73.777084,
      "z" : -17.708204
    }, {
      "x" : 23.416409,
      "y" : -71.777084,
      "z" : -20.944271
    }, {
      "x" : 23.416409,
      "y" : 50.832817,
      "z" : 54.832817
    } ],
    "faces" : [ {
      "vertices" : [ 0, 1, 2 ]
    }, {
      "vertices" : [ 0, 2, 3 ]
    }, {
      "vertices" : [ 0, 3, 2 ]
    }, {
      "vertices" : [ 0, 2, 1 ]
    } ]
  }, {
    "id" : "458be3e7-2008-45b9-a377-bdd48d3ae55d",
    "vertices" : [ {
      "x" : 24.798374,
      "y" : 28.416409,
      "z" : -15.326238
    }, {
      "x" : 26.034441,
      "y" : 26.416409,
      "z" : -15.326238
    }, {
      "x" : 87.33939,
      "y" : 64.304955,
      "z" : -15.326238
    }, {
      "x" : 86.103325,
      "y" : 66.304955,
      "z" : -15.326238
    } ],
    "faces" : [ {
      "vertices" : [ 0, 1, 2 ]
    }, {
      "vertices" : [ 0, 2, 3 ]
    }, {
      "vertices" : [ 0, 3, 2 ]
    }, {
      "vertices" : [ 0, 2, 1 ]
    } ]
  }, {
    "id" : "be018415-1eaf-4267-bf5a-dde5fa004171",
    "vertices" : [ {
      "x" : -15.326238,
      "y" : 30.034441,
      "z" : -19.944271
    }, {
      "x" : -15.326238,
      "y" : 31.27051,
      "z" : -17.944271
    }, {
      "x" : -15.326238,
      "y" : 92.57546,
      "z" : -55.832817
    }, {
      "x" : -15.326238,
      "y" : 91.33939,
      "z" : -57.832817
    } ],
    "faces" : [ {
      "vertices" : [ 0, 1, 2 ]
    }, {
      "vertices" : [ 0, 2, 3 ]
    }, {
      "vertices" : [ 0, 3, 2 ]
    }, {
      "vertices" : [ 0, 2, 1 ]
    } ]
  }, {
    "id" : "d9363083-a498-4775-bf61-3f5822596194",
    "vertices" : [ {
      "x" : 7.236068,
      "y" : -45.59675,
      "z" : 63.30495
    }, {
      "x" : 11.708204,
      "y" : -46.36068,
      "z" : 62.068882
    }, {
      "x" : 11.708204,
      "y" : 76.24922,
      "z" : -13.708204
    }, {
      "x" : 7.236068,
      "y" : 77.01315,
      "z" : -12.472136
    } ],
    "faces" : [ {
      "vertices" : [ 0, 1, 2 ]
    }, {
      "vertices" : [ 0, 2, 3 ]
    }, {
      "vertices" : [ 0, 3, 2 ]
    }, {
      "vertices" : [ 0, 2, 1 ]
    } ]
  }, {
    "id" : "7f333b29-4ba2-4ea5-840d-9130e3774967",
    "vertices" : [ {
      "x" : 31.652475,
      "y" : 3.618034,
      "z" : 22.798374
    }, {
      "x" : 31.034441,
      "y" : 5.854102,
      "z" : 23.18034
    }, {
      "x" : 68.92299,
      "y" : 5.854102,
      "z" : 84.48529
    }, {
      "x" : 69.54102,
      "y" : 3.618034,
      "z" : 84.103325
    } ],
    "faces" : [ {
      "vertices" : [ 0, 1, 2 ]
    }, {
      "vertices" : [ 0, 2, 3 ]
    }, {
      "vertices" : [ 0, 3, 2 ]
    }, {
      "vertices" : [ 0, 2, 1 ]
    } ]
  }, {
    "id" : "86660ccf-4e43-4629-8da5-3d3e61ab519d",
    "vertices" : [ {
      "x" : -19.944271,
      "y" : 15.326238,
      "z" : -30.034441
    }, {
      "x" : -17.944271,
      "y" : 15.326238,
      "z" : -31.27051
    }, {
      "x" : -55.832817,
      "y" : 15.326238,
      "z" : -92.57546
    }, {
      "x" : -57.832817,
      "y" : 15.326238,
      "z" : -91.33939
    } ],
    "faces" : [ {
      "vertices" : [ 0, 1, 2 ]
    }, {
      "vertices" : [ 0, 2, 3 ]
    }, {
      "vertices" : [ 0, 3, 2 ]
    }, {
      "vertices" : [ 0, 2, 1 ]
    } ]
  }, {
    "id" : "0026a4dc-431c-435c-b5d7-c66fde1fa8be",
    "vertices" : [ {
      "x" : -28.416409,
      "y" : -15.326238,
      "z" : -24.798374
    }, {
      "x" : -26.416409,
      "y" : -15.326238,
      "z" : -26.034441
    }, {
      "x" : 11.472136,
      "y" : -15.326238,
      "z" : 35.27051
    }, {
      "x" : 9.472136,
      "y" : -15.326238,
      "z" : 36.506577
    } ],
    "faces" : [ {
      "vertices" : [ 0, 1, 2 ]
    }, {
      "vertices" : [ 0, 2, 3 ]
    }, {
      "vertices" : [ 0, 3, 2 ]
    }, {
      "vertices" : [ 0, 2, 1 ]
    } ]
  }, {
    "id" : "0d7e4ffb-20fe-462a-bf69-8f02bb746bf2",
    "vertices" : [ {
      "x" : -56.832817,
      "y" : -18.944271,
      "z" : 91.95743
    }, {
      "x" : -55.214783,
      "y" : -17.562305,
      "z" : 92.95743
    }, {
      "x" : -17.326239,
      "y" : -17.562305,
      "z" : 31.652475
    }, {
      "x" : -18.944271,
      "y" : -18.944271,
      "z" : 30.652475
    } ],
    "faces" : [ {
      "vertices" : [ 0, 1, 2 ]
    }, {
      "vertices" : [ 0, 2, 3 ]
    }, {
      "vertices" : [ 0, 3, 2 ]
    }, {
      "vertices" : [ 0, 2, 1 ]
    } ]
  }, {
    "id" : "0df1d191-1822-4073-a96b-281b8bac18b1",
    "vertices" : [ {
      "x" : 42.36068,
      "y" : -68.54102,
      "z" : 11.708204
    }, {
      "x" : 43.12461,
      "y" : -67.304955,
      "z" : 7.236068
    }, {
      "x" : -79.48529,
      "y" : 8.472136,
      "z" : 7.236068
    }, {
      "x" : -80.24922,
      "y" : 7.236068,
      "z" : 11.708204
    } ],
    "faces" : [ {
      "vertices" : [ 0, 1, 2 ]
    }, {
      "vertices" : [ 0, 2, 3 ]
    }, {
      "vertices" : [ 0, 3, 2 ]
    }, {
      "vertices" : [ 0, 2, 1 ]
    } ]
  }, {
    "id" : "4670cc51-9339-4fde-8957-614d786f2cef",
    "vertices" : [ {
      "x" : 5.854102,
      "y" : 21.18034,
      "z" : 34.27051
    }, {
      "x" : 3.618034,
      "y" : 21.562305,
      "z" : 33.652477
    }, {
      "x" : 3.618034,
      "y" : 82.867256,
      "z" : 71.54102
    }, {
      "x" : 5.854102,
      "y" : 82.48529,
      "z" : 72.15905
    } ],
    "faces" : [ {
      "vertices" : [ 0, 1, 2 ]
    }, {
      "vertices" : [ 0, 2, 3 ]
    }, {
      "vertices" : [ 0, 3, 2 ]
    }, {
      "vertices" : [ 0, 2, 1 ]
    } ]
  }, {
    "id" : "a7487c39-de90-42f2-97a4-96a48d9c5ee4",
    "vertices" : [ {
      "x" : 36.506577,
      "y" : 9.472136,
      "z" : -15.326238
    }, {
      "x" : 35.27051,
      "y" : 11.472136,
      "z" : -15.326238
    }, {
      "x" : 34.888542,
      "y" : 12.09017,
      "z" : -13.09017
    }, {
      "x" : 35.888542,
      "y" : 10.472136,
      "z" : -11.708204
    }, {
      "x" : 36.888542,
      "y" : 8.854102,
      "z" : -13.09017
    } ],
    "faces" : [ {
      "vertices" : [ 0, 1, 2 ]
    }, {
      "vertices" : [ 0, 2, 3 ]
    }, {
      "vertices" : [ 0, 3, 4 ]
    }, {
      "vertices" : [ 0, 4, 3 ]
    }, {
      "vertices" : [ 0, 3, 2 ]
    }, {
      "vertices" : [ 0, 2, 1 ]
    } ]
  }, {
    "id" : "a18217e5-9796-467a-8585-2c52df61f02f",
    "vertices" : [ {
      "x" : 26.18034,
      "y" : 52.832817,
      "z" : 51.59675
    }, {
      "x" : 23.416409,
      "y" : 50.832817,
      "z" : 54.832817
    }, {
      "x" : 23.416409,
      "y" : -71.777084,
      "z" : -20.944271
    }, {
      "x" : 26.18034,
      "y" : -69.777084,
      "z" : -24.18034
    } ],
    "faces" : [ {
      "vertices" : [ 0, 1, 2 ]
    }, {
      "vertices" : [ 0, 2, 3 ]
    }, {
      "vertices" : [ 0, 3, 2 ]
    }, {
      "vertices" : [ 0, 2, 1 ]
    } ]
  }, {
    "id" : "4c54d99c-32b4-415a-bb99-f6154f5f6720",
    "vertices" : [ {
      "x" : 15.326238,
      "y" : -30.034441,
      "z" : -19.944271
    }, {
      "x" : 15.326238,
      "y" : -31.27051,
      "z" : -17.944271
    }, {
      "x" : 15.326238,
      "y" : 30.034441,
      "z" : 19.944271
    }, {
      "x" : 15.326238,
      "y" : 31.27051,
      "z" : 17.944271
    } ],
    "faces" : [ {
      "vertices" : [ 0, 1, 2 ]
    }, {
      "vertices" : [ 0, 2, 3 ]
    }, {
      "vertices" : [ 0, 3, 2 ]
    }, {
      "vertices" : [ 0, 2, 1 ]
    } ]
  }, {
    "id" : "149ff398-2f43-425e-b6b9-9193b9a59c16",
    "vertices" : [ {
      "x" : 5.854102,
      "y" : -82.48529,
      "z" : -72.15905
    }, {
      "x" : 3.618034,
      "y" : -82.867256,
      "z" : -71.54102
    }, {
      "x" : 3.618034,
      "y" : -84.103325,
      "z" : -69.54102
    }, {
      "x" : 5.854102,
      "y" : -84.48529,
      "z" : -68.92299
    }, {
      "x" : 7.236068,
      "y" : -83.48529,
      "z" : -70.54102
    } ],
    "faces" : [ {
      "vertices" : [ 0, 1, 2 ]
    }, {
      "vertices" : [ 0, 2, 3 ]
    }, {
      "vertices" : [ 0, 3, 4 ]
    }, {
      "vertices" : [ 0, 4, 3 ]
    }, {
      "vertices" : [ 0, 3, 2 ]
    }, {
      "vertices" : [ 0, 2, 1 ]
    } ]
  }, {
    "id" : "0a980e23-c223-42e0-b54d-5501fc8bc32b",
    "vertices" : [ {
      "x" : 28.416409,
      "y" : 15.326238,
      "z" : -24.798374
    }, {
      "x" : 29.034441,
      "y" : 13.09017,
      "z" : -24.416409
    }, {
      "x" : 27.416409,
      "y" : 11.708204,
      "z" : -25.416409
    }, {
      "x" : 25.798374,
      "y" : 13.09017,
      "z" : -26.416409
    }, {
      "x" : 26.416409,
      "y" : 15.326238,
      "z" : -26.034441
    } ],
    "faces" : [ {
      "vertices" : [ 0, 1, 2 ]
    }, {
      "vertices" : [ 0, 2, 3 ]
    }, {
      "vertices" : [ 0, 3, 4 ]
    }, {
      "vertices" : [ 0, 4, 3 ]
    }, {
      "vertices" : [ 0, 3, 2 ]
    }, {
      "vertices" : [ 0, 2, 1 ]
    } ]
  }, {
    "id" : "21c4fb30-bf7c-45c6-9eb5-4ef588bf940f",
    "vertices" : [ {
      "x" : -32.652477,
      "y" : 7.236068,
      "z" : -22.18034
    }, {
      "x" : 5.236068,
      "y" : 7.236068,
      "z" : 39.12461
    }, {
      "x" : 6.854102,
      "y" : 5.854102,
      "z" : 38.12461
    }, {
      "x" : -31.034441,
      "y" : 5.854102,
      "z" : -23.18034
    } ],
    "faces" : [ {
      "vertices" : [ 0, 1, 2 ]
    }, {
      "vertices" : [ 0, 2, 3 ]
    }, {
      "vertices" : [ 0, 3, 2 ]
    }, {
      "vertices" : [ 0, 2, 1 ]
    } ]
  }, {
    "id" : "8a441e69-cd23-4121-a7ca-5cd229871a4b",
    "vertices" : [ {
      "x" : 34.27051,
      "y" : 5.854102,
      "z" : 21.18034
    }, {
      "x" : 33.652477,
      "y" : 3.618034,
      "z" : 21.562305
    }, {
      "x" : 71.54102,
      "y" : 3.618034,
      "z" : 82.867256
    }, {
      "x" : 72.15905,
      "y" : 5.854102,
      "z" : 82.48529
    } ],
    "faces" : [ {
      "vertices" : [ 0, 1, 2 ]
    }, {
      "vertices" : [ 0, 2, 3 ]
    }, {
      "vertices" : [ 0, 3, 2 ]
    }, {
      "vertices" : [ 0, 2, 1 ]
    } ]
  }, {
    "id" : "1e4b9f20-7b14-4051-be71-5c6cefe4792b",
    "vertices" : [ {
      "x" : -18.944271,
      "y" : -18.944271,
      "z" : 30.652475
    }, {
      "x" : -20.562305,
      "y" : -17.562305,
      "z" : 29.652475
    }, {
      "x" : -58.45085,
      "y" : -17.562305,
      "z" : 90.95743
    }, {
      "x" : -56.832817,
      "y" : -18.944271,
      "z" : 91.95743
    } ],
    "faces" : [ {
      "vertices" : [ 0, 1, 2 ]
    }, {
      "vertices" : [ 0, 2, 3 ]
    }, {
      "vertices" : [ 0, 3, 2 ]
    }, {
      "vertices" : [ 0, 2, 1 ]
    } ]
  }, {
    "id" : "b5259b2e-186e-4ca3-aa40-8900887ef1a6",
    "vertices" : [ {
      "x" : -71.777084,
      "y" : -20.944271,
      "z" : 23.416409
    }, {
      "x" : -69.777084,
      "y" : -24.18034,
      "z" : 26.18034
    }, {
      "x" : 52.832817,
      "y" : 51.59675,
      "z" : 26.18034
    }, {
      "x" : 50.832817,
      "y" : 54.832817,
      "z" : 23.416409
    } ],
    "faces" : [ {
      "vertices" : [ 0, 1, 2 ]
    }, {
      "vertices" : [ 0, 2, 3 ]
    }, {
      "vertices" : [ 0, 3, 2 ]
    }, {
      "vertices" : [ 0, 2, 1 ]
    } ]
  }, {
    "id" : "dd5cf158-dc92-4f48-a246-65f220f70105",
    "vertices" : [ {
      "x" : 7.236068,
      "y" : -22.18034,
      "z" : -32.652477
    }, {
      "x" : 7.236068,
      "y" : -83.48529,
      "z" : -70.54102
    }, {
      "x" : 5.854102,
      "y" : -84.48529,
      "z" : -68.92299
    }, {
      "x" : 5.854102,
