{
  "field" : "golden",
  "symmetry" : "icosahedral",
  "orientations" : [ [ 1.0, 0.0, 0.0, 0.0, 0.0, 1.0, 0.0, 0.0, 0.0, 0.0, 1.0, 0.0, 0.0, 0.0, 0.0, 1.0 ], [ 0.0, 0.0, 1.0, 0.0, 1.0, 0.0, 0.0, 0.0, 0.0, 1.0, 0.0, 0.0, 0.0, 0.0, 0.0, 1.0 ], [ 0.0, 1.0, 0.0, 0.0, 0.0, 0.0, 1.0, 0.0, 1.0, 0.0, 0.0, 0.0, 0.0, 0.0, 0.0, 1.0 ], [ 0.809017, 0.309017, 0.5, 0.0, 0.309017, 0.5, -0.809017, 0.0, -0.5, 0.809017, 0.309017, 0.0, 0.0, 0.0, 0.0, 1.0 ], [ -0.5, 0.809017, 0.309017, 0.0, 0.809017, 0.309017, 0.5, 0.0, 0.309017, 0.5, -0.809017, 0.0, 0.0, 0.0, 0.0, 1.0 ], [ 0.309017, 0.5, -0.809017, 0.0, -0.5, 0.809017, 0.309017, 0.0, 0.809017, 0.309017, 0.5, 0.0, 0.0, 0.0, 0.0, 1.0 ], [ 0.5, 0.809017, 0.309017, 0.0, 0.809017, -0.309017, -0.5, 0.0, -0.309017, 0.5, -0.809017, 0.0, 0.0, 0.0, 0.0, 1.0 ], [ -0.309017, 0.5, -0.809017, 0.0, 0.5, 0.809017, 0.309017, 0.0, 0.809017, -0.309017, -0.5, 0.0, 0.0, 0.0, 0.0, 1.0 ], [ 0.809017, -0.309017, -0.5, 0.0, -0.309017, 0.5, -0.809017, 0.0, 0.5, 0.809017, 0.309017, 0.0, 0.0, 0.0, 0.0, 1.0 ], [ 0.5, 0.809017, -0.309017, 0.0, 0.809017, -0.309017, 0.5, 0.0, 0.309017, -0.5, -0.809017, 0.0, 0.0, 0.0, 0.0, 1.0 ], [ 0.309017, -0.5, -0.809017, 0.0, 0.5, 0.809017, -0.309017, 0.0, 0.809017, -0.309017, 0.5, 0.0, 0.0, 0.0, 0.0, 1.0 ], [ 0.809017, -0.309017, 0.5, 0.0, 0.309017, -0.5, -0.809017, 0.0, 0.5, 0.809017, -0.309017, 0.0, 0.0, 0.0, 0.0, 1.0 ], [ 0.809017, 0.309017, -0.5, 0.0, 0.309017, 0.5, 0.809017, 0.0, 0.5, -0.809017, 0.309017, 0.0, 0.0, 0.0, 0.0, 1.0 ], [ 0.5, -0.809017, 0.309017, 0.0, 0.809017, 0.309017, -0.5, 0.0, 0.309017, 0.5, 0.809017, 0.0, 0.0, 0.0, 0.0, 1.0 ], [ 0.309017, 0.5, 0.809017, 0.0, 0.5, -0.809017, 0.309017, 0.0, 0.809017, 0.309017, -0.5, 0.0, 0.0, 0.0, 0.0, 1.0 ], [ 1.0, 0.0, 0.0, 0.0, 0.0, -1.0, 0.0, 0.0, 0.0, 0.0, -1.0, 0.0, 0.0, 0.0, 0.0, 1.0 ], [ 0.0, 0.0, 1.0, 0.0, -1.0, 0.0, 0.0, 0.0, 0.0, -1.0, 0.0, 0.0, 0.0, 0.0, 0.0, 1.0 ], [ 0.0, 1.0, 0.0, 0.0, 0.0, 0.0, -1.0, 0.0, -1.0, 0.0, 0.0, 0.0, 0.0, 0.0, 0.0, 1.0 ], [ 0.809017, 0.309017, 0.5, 0.0, -0.309017, -0.5, 0.809017, 0.0, 0.5, -0.809017, -0.309017, 0.0, 0.0, 0.0, 0.0, 1.0 ], [ -0.5, 0.809017, 0.309017, 0.0, -0.809017, -0.309017, -0.5, 0.0, -0.309017, -0.5, 0.809017, 0.0, 0.0, 0.0, 0.0, 1.0 ], [ 0.309017, 0.5, -0.809017, 0.0, 0.5, -0.809017, -0.309017, 0.0, -0.809017, -0.309017, -0.5, 0.0, 0.0, 0.0, 0.0, 1.0 ], [ 0.5, 0.809017, 0.309017, 0.0, -0.809017, 0.309017, 0.5, 0.0, 0.309017, -0.5, 0.809017, 0.0, 0.0, 0.0, 0.0, 1.0 ], [ -0.309017, 0.5, -0.809017, 0.0, -0.5, -0.809017, -0.309017, 0.0, -0.809017, 0.309017, 0.5, 0.0, 0.0, 0.0, 0.0, 1.0 ], [ 0.809017, -0.309017, -0.5, 0.0, 0.309017, -0.5, 0.809017, 0.0, -0.5, -0.809017, -0.309017, 0.0, 0.0, 0.0, 0.0, 1.0 ], [ 0.5, 0.809017, -0.309017, 0.0, -0.809017, 0.309017, -0.5, 0.0, -0.309017, 0.5, 0.809017, 0.0, 0.0, 0.0, 0.0, 1.0 ], [ 0.309017, -0.5, -0.809017, 0.0, -0.5, -0.809017, 0.309017, 0.0, -0.809017, 0.309017, -0.5, 0.0, 0.0, 0.0, 0.0, 1.0 ], [ 0.809017, -0.309017, 0.5, 0.0, -0.309017, 0.5, 0.809017, 0.0, -0.5, -0.809017, 0.309017, 0.0, 0.0, 0.0, 0.0, 1.0 ], [ 0.809017, 0.309017, -0.5, 0.0, -0.309017, -0.5, -0.809017, 0.0, -0.5, 0.809017, -0.309017, 0.0, 0.0, 0.0, 0.0, 1.0 ], [ 0.5, -0.809017, 0.309017, 0.0, -0.809017, -0.309017, 0.5, 0.0, -0.309017, -0.5, -0.809017, 0.0, 0.0, 0.0, 0.0, 1.0 ], [ 0.309017, 0.5, 0.809017, 0.0, -0.5, 0.809017, -0.309017, 0.0, -0.809017, -0.309017, 0.5, 0.0, 0.0, 0.0, 0.0, 1.0 ], [ -1.0, 0.0, 0.0, 0.0, 0.0, -1.0, 0.0, 0.0, 0.0, 0.0, 1.0, 0.0, 0.0, 0.0, 0.0, 1.0 ], [ 0.0, 0.0, -1.0, 0.0, -1.0, 0.0, 0.0, 0.0, 0.0, 1.0, 0.0, 0.0, 0.0, 0.0, 0.0, 1.0 ], [ 0.0, -1.0, 0.0, 0.0, 0.0, 0.0, -1.0, 0.0, 1.0, 0.0, 0.0, 0.0, 0.0, 0.0, 0.0, 1.0 ], [ -0.809017, -0.309017, -0.5, 0.0, -0.309017, -0.5, 0.809017, 0.0, -0.5, 0.809017, 0.309017, 0.0, 0.0, 0.0, 0.0, 1.0 ], [ 0.5, -0.809017, -0.309017, 0.0, -0.809017, -0.309017, -0.5, 0.0, 0.309017, 0.5, -0.809017, 0.0, 0.0, 0.0, 0.0, 1.0 ], [ -0.309017, -0.5, 0.809017, 0.0, 0.5, -0.809017, -0.309017, 0.0, 0.809017, 0.309017, 0.5, 0.0, 0.0, 0.0, 0.0, 1.0 ], [ -0.5, -0.809017, -0.309017, 0.0, -0.809017, 0.309017, 0.5, 0.0, -0.309017, 0.5, -0.809017, 0.0, 0.0, 0.0, 0.0, 1.0 ], [ 0.309017, -0.5, 0.809017, 0.0, -0.5, -0.809017, -0.309017, 0.0, 0.809017, -0.309017, -0.5, 0.0, 0.0, 0.0, 0.0, 1.0 ], [ -0.809017, 0.309017, 0.5, 0.0, 0.309017, -0.5, 0.809017, 0.0, 0.5, 0.809017, 0.309017, 0.0, 0.0, 0.0, 0.0, 1.0 ], [ -0.5, -0.809017, 0.309017, 0.0, -0.809017, 0.309017, -0.5, 0.0, 0.309017, -0.5, -0.809017, 0.0, 0.0, 0.0, 0.0, 1.0 ], [ -0.309017, 0.5, 0.809017, 0.0, -0.5, -0.809017, 0.309017, 0.0, 0.809017, -0.309017, 0.5, 0.0, 0.0, 0.0, 0.0, 1.0 ], [ -0.809017, 0.309017, -0.5, 0.0, -0.309017, 0.5, 0.809017, 0.0, 0.5, 0.809017, -0.309017, 0.0, 0.0, 0.0, 0.0, 1.0 ], [ -0.809017, -0.309017, 0.5, 0.0, -0.309017, -0.5, -0.809017, 0.0, 0.5, -0.809017, 0.309017, 0.0, 0.0, 0.0, 0.0, 1.0 ], [ -0.5, 0.809017, -0.309017, 0.0, -0.809017, -0.309017, 0.5, 0.0, 0.309017, 0.5, 0.809017, 0.0, 0.0, 0.0, 0.0, 1.0 ], [ -0.309017, -0.5, -0.809017, 0.0, -0.5, 0.809017, -0.309017, 0.0, 0.809017, 0.309017, -0.5, 0.0, 0.0, 0.0, 0.0, 1.0 ], [ -1.0, 0.0, 0.0, 0.0, 0.0, 1.0, 0.0, 0.0, 0.0, 0.0, -1.0, 0.0, 0.0, 0.0, 0.0, 1.0 ], [ 0.0, 0.0, -1.0, 0.0, 1.0, 0.0, 0.0, 0.0, 0.0, -1.0, 0.0, 0.0, 0.0, 0.0, 0.0, 1.0 ], [ 0.0, -1.0, 0.0, 0.0, 0.0, 0.0, 1.0, 0.0, -1.0, 0.0, 0.0, 0.0, 0.0, 0.0, 0.0, 1.0 ], [ -0.809017, -0.309017, -0.5, 0.0, 0.309017, 0.5, -0.809017, 0.0, 0.5, -0.809017, -0.309017, 0.0, 0.0, 0.0, 0.0, 1.0 ], [ 0.5, -0.809017, -0.309017, 0.0, 0.809017, 0.309017, 0.5, 0.0, -0.309017, -0.5, 0.809017, 0.0, 0.0, 0.0, 0.0, 1.0 ], [ -0.309017, -0.5, 0.809017, 0.0, -0.5, 0.809017, 0.309017, 0.0, -0.809017, -0.309017, -0.5, 0.0, 0.0, 0.0, 0.0, 1.0 ], [ -0.5, -0.809017, -0.309017, 0.0, 0.809017, -0.309017, -0.5, 0.0, 0.309017, -0.5, 0.809017, 0.0, 0.0, 0.0, 0.0, 1.0 ], [ 0.309017, -0.5, 0.809017, 0.0, 0.5, 0.809017, 0.309017, 0.0, -0.809017, 0.309017, 0.5, 0.0, 0.0, 0.0, 0.0, 1.0 ], [ -0.809017, 0.309017, 0.5, 0.0, -0.309017, 0.5, -0.809017, 0.0, -0.5, -0.809017, -0.309017, 0.0, 0.0, 0.0, 0.0, 1.0 ], [ -0.5, -0.809017, 0.309017, 0.0, 0.809017, -0.309017, 0.5, 0.0, -0.309017, 0.5, 0.809017, 0.0, 0.0, 0.0, 0.0, 1.0 ], [ -0.309017, 0.5, 0.809017, 0.0, 0.5, 0.809017, -0.309017, 0.0, -0.809017, 0.309017, -0.5, 0.0, 0.0, 0.0, 0.0, 1.0 ], [ -0.809017, 0.309017, -0.5, 0.0, 0.309017, -0.5, -0.809017, 0.0, -0.5, -0.809017, 0.309017, 0.0, 0.0, 0.0, 0.0, 1.0 ], [ -0.809017, -0.309017, 0.5, 0.0, 0.309017, 0.5, 0.809017, 0.0, -0.5, 0.809017, -0.309017, 0.0, 0.0, 0.0, 0.0, 1.0 ], [ -0.5, 0.809017, -0.309017, 0.0, 0.809017, 0.309017, -0.5, 0.0, -0.309017, -0.5, -0.809017, 0.0, 0.0, 0.0, 0.0, 1.0 ], [ -0.309017, -0.5, -0.809017, 0.0, 0.5, -0.809017, 0.309017, 0.0, -0.809017, -0.309017, 0.5, 0.0, 0.0, 0.0, 0.0, 1.0 ] ],
  "lights" : {
    "ambientColor" : "#292929",
    "backgroundColor" : "#CCE5FF",
    "directionalLights" : [ {
      "direction" : [ 1.0, -1.0, -1.0 ],
      "color" : "#EBEBE4"
    }, {
      "direction" : [ -1.0, 0.0, 0.0 ],
      "color" : "#E4E4EB"
    }, {
      "direction" : [ 0.0, 0.0, -1.0 ],
      "color" : "#1E1E1E"
    } ]
  },
  "camera" : {
    "width" : 83.96257,
    "stereo" : false,
    "lookDirection" : {
      "x" : 0.00305739,
      "y" : 0.0058847778,
      "z" : -0.9999706
    },
    "upDirection" : {
      "x" : -0.011854768,
      "y" : 0.99990606,
      "z" : 0.0058484282
    },
    "lookAtPoint" : {
      "x" : 0.0,
      "y" : 0.0,
      "z" : 0.0
    },
    "viewDistance" : 186.5836,
    "nearClipDistance" : 0.46645913,
    "farClipDistance" : 373.16812,
    "fieldOfView" : 0.44262862,
    "perspective" : true,
    "position" : {
      "x" : -0.5704588,
      "y" : -1.098003,
      "z" : 186.57812
    }
  },
  "embedding" : [ 1.0, 0.0, 0.0, 0.0, 0.0, 1.0, 0.0, 0.0, 0.0, 0.0, 1.0, 0.0, 0.0, 0.0, 0.0, 1.0 ],
  "shapes" : [ {
    "id" : "8e858bc5-c66f-490b-ac26-6dd86b74daac",
    "vertices" : [ {
      "x" : 0.309017,
      "y" : -0.309017,
      "z" : -0.309017
    }, {
      "x" : 0.5,
      "y" : 0.0,
      "z" : -0.19098301
    }, {
      "x" : 0.5,
      "y" : 0.0,
      "z" : 0.19098301
    }, {
      "x" : 0.309017,
      "y" : -0.309017,
      "z" : 0.309017
    }, {
      "x" : 0.19098301,
      "y" : -0.5,
      "z" : 0.0
    }, {
      "x" : 0.0,
      "y" : 0.19098301,
      "z" : 0.5
    }, {
      "x" : 0.0,
      "y" : -0.19098301,
      "z" : 0.5
    }, {
      "x" : 0.309017,
      "y" : 0.309017,
      "z" : 0.309017
    }, {
      "x" : -0.309017,
      "y" : -0.309017,
      "z" : 0.309017
    }, {
      "x" : -0.309017,
      "y" : 0.309017,
      "z" : 0.309017
    }, {
      "x" : -0.5,
      "y" : 0.0,
      "z" : 0.19098301
    }, {
      "x" : 0.0,
      "y" : -0.19098301,
      "z" : -0.5
    }, {
      "x" : 0.0,
      "y" : 0.19098301,
      "z" : -0.5
    }, {
      "x" : 0.309017,
      "y" : 0.309017,
      "z" : -0.309017
    }, {
      "x" : -0.309017,
      "y" : -0.309017,
      "z" : -0.309017
    }, {
      "x" : -0.19098301,
      "y" : -0.5,
      "z" : 0.0
    }, {
      "x" : -0.5,
      "y" : 0.0,
      "z" : -0.19098301
    }, {
      "x" : 0.19098301,
      "y" : 0.5,
      "z" : 0.0
    }, {
      "x" : -0.309017,
      "y" : 0.309017,
      "z" : -0.309017
    }, {
      "x" : 0.0,
      "y" : 0.0,
      "z" : 0.0
    }, {
      "x" : -0.19098301,
      "y" : 0.5,
      "z" : 0.0
    } ],
    "faces" : [ {
      "vertices" : [ 12, 18, 20 ]
    }, {
      "vertices" : [ 12, 20, 17 ]
    }, {
      "vertices" : [ 12, 17, 13 ]
    }, {
      "vertices" : [ 3, 6, 8 ]
    }, {
      "vertices" : [ 3, 8, 15 ]
    }, {
      "vertices" : [ 3, 15, 4 ]
    }, {
      "vertices" : [ 0, 11, 12 ]
    }, {
      "vertices" : [ 0, 12, 13 ]
    }, {
      "vertices" : [ 0, 13, 1 ]
    }, {
      "vertices" : [ 5, 9, 10 ]
    }, {
      "vertices" : [ 5, 10, 8 ]
    }, {
      "vertices" : [ 5, 8, 6 ]
    }, {
      "vertices" : [ 2, 7, 5 ]
    }, {
      "vertices" : [ 2, 5, 6 ]
    }, {
      "vertices" : [ 2, 6, 3 ]
    }, {
      "vertices" : [ 11, 14, 16 ]
    }, {
      "vertices" : [ 11, 16, 18 ]
    }, {
      "vertices" : [ 11, 18, 12 ]
    }, {
      "vertices" : [ 1, 13, 17 ]
    }, {
      "vertices" : [ 1, 17, 7 ]
    }, {
      "vertices" : [ 1, 7, 2 ]
    }, {
      "vertices" : [ 9, 20, 18 ]
    }, {
      "vertices" : [ 9, 18, 16 ]
    }, {
      "vertices" : [ 9, 16, 10 ]
    }, {
      "vertices" : [ 0, 1, 2 ]
    }, {
      "vertices" : [ 0, 2, 3 ]
    }, {
      "vertices" : [ 0, 3, 4 ]
    }, {
      "vertices" : [ 5, 7, 17 ]
    }, {
      "vertices" : [ 5, 17, 20 ]
    }, {
      "vertices" : [ 5, 20, 9 ]
    }, {
      "vertices" : [ 0, 4, 15 ]
    }, {
      "vertices" : [ 0, 15, 14 ]
    }, {
      "vertices" : [ 0, 14, 11 ]
    }, {
      "vertices" : [ 8, 10, 16 ]
    }, {
      "vertices" : [ 8, 16, 14 ]
    }, {
      "vertices" : [ 8, 14, 15 ]
    } ]
  }, {
    "id" : "3f590d2a-10b1-4b2b-93a2-a84c24c796db",
    "vertices" : [ {
      "x" : 5.663119,
      "y" : 12.236068,
      "z" : -5.163119
    }, {
      "x" : 0.14589803,
      "y" : 0.32623792,
      "z" : -0.14589803
    }, {
      "x" : 0.690983,
      "y" : 0.66311896,
      "z" : -0.38196602
    }, {
      "x" : 0.572949,
      "y" : 0.85410196,
      "z" : -0.072949015
    }, {
      "x" : 5.708204,
      "y" : 12.763932,
      "z" : -5.708204
    }, {
      "x" : 5.7811527,
      "y" : 12.045085,
      "z" : -5.472136
    }, {
      "x" : 5.2586102,
      "y" : 12.199594,
      "z" : -5.767221
    }, {
      "x" : 5.1405764,
      "y" : 12.390576,
      "z" : -5.458204
    }, {
      "x" : 0.16844052,
      "y" : 0.81762743,
      "z" : -0.677051
    }, {
      "x" : 0.05040653,
      "y" : 1.0086105,
      "z" : -0.36803398
    }, {
      "x" : 5.854102,
      "y" : 13.09017,
      "z" : -5.854102
    } ],
    "faces" : [ {
      "vertices" : [ 4, 6, 7 ]
    }, {
      "vertices" : [ 1, 9, 8 ]
    }, {
      "vertices" : [ 0, 7, 9 ]
    }, {
      "vertices" : [ 0, 9, 3 ]
    }, {
      "vertices" : [ 2, 8, 6 ]
    }, {
      "vertices" : [ 2, 6, 5 ]
    }, {
      "vertices" : [ 1, 2, 3 ]
    }, {
      "vertices" : [ 0, 5, 4 ]
    }, {
      "vertices" : [ 0, 3, 2 ]
    }, {
      "vertices" : [ 0, 2, 5 ]
    }, {
      "vertices" : [ 0, 4, 7 ]
    }, {
      "vertices" : [ 1, 8, 2 ]
    }, {
      "vertices" : [ 1, 3, 9 ]
    }, {
      "vertices" : [ 6, 8, 9 ]
    }, {
      "vertices" : [ 6, 9, 7 ]
    }, {
      "vertices" : [ 4, 5, 6 ]
    } ]
  }, {
    "id" : "bc7bf313-e5d4-4c3d-939b-b353bb4a50d1",
    "vertices" : [ {
      "x" : 8.854102,
      "y" : 8.663119,
      "z" : 1.736068
    }, {
      "x" : 1.0,
      "y" : 0.809017,
      "z" : -0.11803399
    }, {
      "x" : 0.5,
      "y" : 1.0,
      "z" : 0.19098301
    }, {
      "x" : 8.354102,
      "y" : 8.854102,
      "z" : 2.045085
    }, {
      "x" : 1.118034,
      "y" : 0.618034,
      "z" : 0.19098301
    }, {
      "x" : 8.972136,
      "y" : 8.472136,
      "z" : 2.045085
    }, {
      "x" : 9.163119,
      "y" : 9.163119,
      "z" : 2.163119
    }, {
      "x" : 8.472136,
      "y" : 8.663119,
      "z" : 2.354102
    }, {
      "x" : 0.618034,
      "y" : 0.809017,
      "z" : 0.5
    }, {
      "x" : 0.309017,
      "y" : 0.309017,
      "z" : 0.072949015
    }, {
      "x" : 9.472136,
      "y" : 9.472136,
      "z" : 2.236068
    } ],
    "faces" : [ {
      "vertices" : [ 3, 7, 6 ]
    }, {
      "vertices" : [ 5, 6, 7 ]
    }, {
      "vertices" : [ 2, 9, 8 ]
    }, {
      "vertices" : [ 2, 8, 7 ]
    }, {
      "vertices" : [ 2, 7, 3 ]
    }, {
      "vertices" : [ 4, 8, 9 ]
    }, {
      "vertices" : [ 0, 1, 2 ]
    }, {
      "vertices" : [ 0, 2, 3 ]
    }, {
      "vertices" : [ 4, 5, 7 ]
    }, {
      "vertices" : [ 4, 7, 8 ]
    }, {
      "vertices" : [ 0, 3, 6 ]
    }, {
      "vertices" : [ 0, 5, 4 ]
    }, {
      "vertices" : [ 0, 4, 1 ]
    }, {
      "vertices" : [ 0, 6, 5 ]
    }, {
      "vertices" : [ 1, 9, 2 ]
    }, {
      "vertices" : [ 1, 4, 9 ]
    } ]
  }, {
    "id" : "5d25e93c-421d-4eff-a6ba-d9dd96cca9f8",
    "vertices" : [ {
      "x" : 0.809017,
      "y" : 0.618034,
      "z" : -0.19098301
    }, {
      "x" : 0.809017,
      "y" : 0.0,
      "z" : -0.19098301
    }, {
      "x" : 0.309017,
      "y" : 0.11803399,
      "z" : 0.0
    }, {
      "x" : 10.899187,
      "y" : 4.472136,
      "z" : 0.19098301
    }, {
      "x" : 0.809017,
      "y" : 0.618034,
      "z" : 0.19098301
    }, {
      "x" : 0.809017,
      "y" : 0.0,
      "z" : 0.19098301
    }, {
      "x" : 10.899187,
      "y" : 3.854102,
      "z" : 0.19098301
    }, {
      "x" : 11.399187,
      "y" : 4.354102,
      "z" : 0.0
    }, {
      "x" : 10.899187,
      "y" : 4.472136,
      "z" : -0.19098301
    }, {
      "x" : 11.708204,
      "y" : 4.472136,
      "z" : 0.0
    }, {
      "x" : 10.899187,
      "y" : 3.854102,
      "z" : -0.19098301
    } ],
    "faces" : [ {
      "vertices" : [ 3, 6, 7 ]
    }, {
      "vertices" : [ 3, 4, 5 ]
    }, {
      "vertices" : [ 3, 5, 6 ]
    }, {
      "vertices" : [ 3, 7, 8 ]
    }, {
      "vertices" : [ 0, 1, 2 ]
    }, {
      "vertices" : [ 0, 8, 10 ]
    }, {
      "vertices" : [ 0, 10, 1 ]
    }, {
      "vertices" : [ 1, 10, 6 ]
    }, {
      "vertices" : [ 1, 6, 5 ]
    }, {
      "vertices" : [ 0, 2, 4 ]
    }, {
      "vertices" : [ 6, 10, 7 ]
    }, {
      "vertices" : [ 1, 5, 2 ]
    }, {
      "vertices" : [ 7, 10, 8 ]
    }, {
      "vertices" : [ 2, 5, 4 ]
    }, {
      "vertices" : [ 0, 4, 3 ]
    }, {
      "vertices" : [ 0, 3, 8 ]
    } ]
  }, {
    "id" : "dd38fe4c-cd2d-4db1-9492-cf506d5e20d3",
    "vertices" : [ {
      "x" : 6.2576766,
      "y" : -0.71562165,
      "z" : 8.990956
    }, {
      "x" : 6.3576765,
      "y" : -0.31562167,
      "z" : 9.090956
    }, {
      "x" : 0.5964254,
      "y" : 0.097587675,
      "z" : 0.4811798
    }, {
      "x" : 0.49642542,
      "y" : -0.30241233,
      "z" : 0.3811798
    }, {
      "x" : 6.6576767,
      "y" : -0.448955,
      "z" : 8.857623
    }, {
      "x" : 6.5576763,
      "y" : -0.848955,
      "z" : 8.757623
    }, {
      "x" : 0.19642544,
      "y" : -0.16907899,
      "z" : 0.61451316
    }, {
      "x" : 0.29642543,
      "y" : 0.230921,
      "z" : 0.7145131
    } ],
    "faces" : [ {
      "vertices" : [ 2, 3, 6 ]
    }, {
      "vertices" : [ 2, 6, 7 ]
    }, {
      "vertices" : [ 0, 5, 4 ]
    }, {
      "vertices" : [ 0, 4, 1 ]
    }, {
      "vertices" : [ 2, 4, 5 ]
    }, {
      "vertices" : [ 2, 5, 3 ]
    }, {
      "vertices" : [ 0, 6, 3 ]
    }, {
      "vertices" : [ 0, 3, 5 ]
    }, {
      "vertices" : [ 0, 1, 7 ]
    }, {
      "vertices" : [ 0, 7, 6 ]
    }, {
      "vertices" : [ 1, 4, 2 ]
    }, {
      "vertices" : [ 1, 2, 7 ]
    } ]
  }, {
    "id" : "a3519f7a-bfb1-4543-a6ea-23d46cff0f73",
    "vertices" : [ {
      "x" : 24.798374,
      "y" : 0.0,
      "z" : 9.472136
    }, {
      "x" : 16.708204,
      "y" : -1.381966,
      "z" : 0.0
    }, {
      "x" : 16.708204,
      "y" : 1.381966,
      "z" : 0.0
    } ],
    "faces" : [ {
      "vertices" : [ 0, 1, 2 ]
    }, {
      "vertices" : [ 0, 2, 1 ]
    } ]
  }, {
    "id" : "59b48d20-fb6f-487a-9db6-c488b79e9eb3",
    "vertices" : [ {
      "x" : 0.0,
      "y" : 9.472136,
      "z" : -24.798374
    }, {
      "x" : -1.381966,
      "y" : 0.0,
      "z" : -16.708204
    }, {
      "x" : -5.854102,
      "y" : 0.0,
      "z" : -9.472136
    } ],
    "faces" : [ {
      "vertices" : [ 0, 1, 2 ]
    }, {
      "vertices" : [ 0, 2, 1 ]
    } ]
  }, {
    "id" : "42deadd0-67c6-471b-b1ec-e25c05372803",
    "vertices" : [ {
      "x" : 0.0,
      "y" : 9.472136,
      "z" : 24.798374
    }, {
      "x" : 4.472136,
      "y" : 9.472136,
      "z" : 13.09017
    }, {
      "x" : 0.0,
      "y" : 9.472136,
      "z" : 5.854102
    } ],
    "faces" : [ {
      "vertices" : [ 0, 1, 2 ]
    }, {
      "vertices" : [ 0, 2, 1 ]
    } ]
  }, {
    "id" : "49fc0a34-59e2-4bda-8022-cd364a76d4d3",
    "vertices" : [ {
      "x" : 0.9045085,
      "y" : 0.3454915,
      "z" : 0.25
    }, {
      "x" : 8.758611,
      "y" : 5.1995935,
      "z" : 0.25
    }, {
      "x" : 8.567628,
      "y" : 5.5086102,
      "z" : 0.25
    }, {
      "x" : 0.7135255,
      "y" : 0.6545085,
      "z" : 0.25
    }, {
      "x" : 0.809017,
      "y" : 0.5,
      "z" : -0.309017
    }, {
      "x" : 0.9635255,
      "y" : 0.25,
      "z" : -0.095491506
    }, {
      "x" : 0.309017,
      "y" : 0.19098301,
      "z" : 0.0
    }, {
      "x" : 9.163119,
      "y" : 5.663119,
      "z" : 0.0
    }, {
      "x" : 8.508611,
      "y" : 5.604102,
      "z" : -0.095491506
    }, {
      "x" : 8.663119,
      "y" : 5.354102,
      "z" : -0.309017
    }, {
      "x" : 9.472136,
      "y" : 5.854102,
      "z" : 0.0
    }, {
      "x" : 0.6545085,
      "y" : 0.75,
      "z" : -0.095491506
    }, {
      "x" : 8.817628,
      "y" : 5.104102,
      "z" : -0.095491506
    } ],
    "faces" : [ {
      "vertices" : [ 4, 11, 8 ]
    }, {
      "vertices" : [ 4, 8, 9 ]
    }, {
      "vertices" : [ 0, 1, 2 ]
    }, {
      "vertices" : [ 0, 2, 3 ]
    }, {
      "vertices" : [ 0, 3, 6 ]
    }, {
      "vertices" : [ 1, 7, 2 ]
    }, {
      "vertices" : [ 0, 6, 5 ]
    }, {
      "vertices" : [ 4, 5, 6 ]
    }, {
      "vertices" : [ 2, 7, 8 ]
    }, {
      "vertices" : [ 0, 5, 12 ]
    }, {
      "vertices" : [ 0, 12, 1 ]
    }, {
      "vertices" : [ 1, 12, 7 ]
    }, {
      "vertices" : [ 3, 11, 6 ]
    }, {
      "vertices" : [ 4, 6, 11 ]
    }, {
      "vertices" : [ 7, 9, 8 ]
    }, {
      "vertices" : [ 2, 8, 11 ]
    }, {
      "vertices" : [ 2, 11, 3 ]
    }, {
      "vertices" : [ 7, 12, 9 ]
    }, {
      "vertices" : [ 4, 9, 12 ]
    }, {
      "vertices" : [ 4, 12, 5 ]
    } ]
  }, {
    "id" : "9846859c-3f51-48a2-a2cd-6b24fd7b91c4",
    "vertices" : [ {
      "x" : 1.145898,
      "y" : -0.072949015,
      "z" : 0.19098301
    }, {
      "x" : 1.145898,
      "y" : 0.54508495,
      "z" : 0.19098301
    }, {
      "x" : 0.4376941,
      "y" : 0.090169944,
      "z" : 0.0
    }, {
      "x" : 1.145898,
      "y" : 0.54508495,
      "z" : -0.19098301
    }, {
      "x" : 12.624612,
      "y" : 2.90983,
      "z" : -0.19098301
    }, {
      "x" : 12.624612,
      "y" : 2.291796,
      "z" : -0.19098301
    }, {
      "x" : 1.145898,
      "y" : -0.072949015,
      "z" : -0.19098301
    }, {
      "x" : 12.624612,
      "y" : 2.291796,
      "z" : 0.19098301
    }, {
      "x" : 12.624612,
      "y" : 2.90983,
      "z" : 0.19098301
    }, {
      "x" : 13.332816,
      "y" : 2.746711,
      "z" : 0.0
    }, {
      "x" : 14.208204,
      "y" : 2.927051,
      "z" : 0.0
    } ],
    "faces" : [ {
      "vertices" : [ 0, 7, 8 ]
    }, {
      "vertices" : [ 0, 8, 1 ]
    }, {
      "vertices" : [ 1, 8, 4 ]
    }, {
      "vertices" : [ 1, 4, 3 ]
    }, {
      "vertices" : [ 3, 4, 5 ]
    }, {
      "vertices" : [ 3, 5, 6 ]
    }, {
      "vertices" : [ 4, 9, 5 ]
    }, {
      "vertices" : [ 0, 6, 5 ]
    }, {
      "vertices" : [ 0, 5, 7 ]
    }, {
      "vertices" : [ 0, 1, 2 ]
    }, {
      "vertices" : [ 5, 9, 7 ]
    }, {
      "vertices" : [ 4, 8, 9 ]
    }, {
      "vertices" : [ 1, 3, 2 ]
    }, {
      "vertices" : [ 7, 9, 8 ]
    }, {
      "vertices" : [ 0, 2, 6 ]
    }, {
      "vertices" : [ 2, 3, 6 ]
    } ]
  }, {
    "id" : "7b185e70-ac4e-466f-8cf2-d912702789af",
    "vertices" : [ {
      "x" : 15.326238,
      "y" : -15.326238,
      "z" : 15.326238
    }, {
      "x" : 13.944272,
      "y" : -5.854102,
      "z" : 7.236068
    }, {
      "x" : 13.09017,
      "y" : -4.472136,
      "z" : 9.472136
    } ],
    "faces" : [ {
      "vertices" : [ 0, 1, 2 ]
    }, {
      "vertices" : [ 0, 2, 1 ]
    } ]
  }, {
    "id" : "bd0f335f-979a-485b-a236-798502a399d6",
    "vertices" : [ {
      "x" : 0.0,
      "y" : 9.472136,
      "z" : -24.798374
    }, {
      "x" : 0.0,
      "y" : 9.472136,
      "z" : -5.854102
    }, {
      "x" : 4.472136,
      "y" : 9.472136,
      "z" : -13.09017
    } ],
    "faces" : [ {
      "vertices" : [ 0, 1, 2 ]
    }, {
      "vertices" : [ 0, 2, 1 ]
    } ]
  }, {
    "id" : "e9122e44-2fa6-46c4-ae1d-2c29d5a1d4aa",
    "vertices" : [ {
      "x" : 0.0,
      "y" : -9.472136,
      "z" : 24.798374
    }, {
      "x" : 5.854102,
      "y" : 0.0,
      "z" : 9.472136
    }, {
      "x" : 1.381966,
      "y" : 0.0,
      "z" : 16.708204
    } ],
    "faces" : [ {
      "vertices" : [ 0, 1, 2 ]
    }, {
      "vertices" : [ 0, 2, 1 ]
    } ]
  }, {
    "id" : "7ae7a146-d453-4af9-b8dc-3df2cb4ddcf6",
    "vertices" : [ {
      "x" : -0.618034,
      "y" : 0.0,
      "z" : -17.944271
    }, {
      "x" : 0.0,
      "y" : 9.472136,
      "z" : -24.798374
    }, {
      "x" : 1.381966,
      "y" : 0.0,
      "z" : -16.708204
    } ],
    "faces" : [ {
      "vertices" : [ 0, 1, 2 ]
    }, {
      "vertices" : [ 0, 2, 1 ]
    } ]
  }, {
    "id" : "f9b03469-6bdf-43fe-9e9b-70ccd7a0c9f6",
    "vertices" : [ {
      "x" : -15.326238,
      "y" : -15.326238,
      "z" : -15.326238
    }, {
      "x" : -4.472136,
      "y" : -9.472136,
      "z" : -13.09017
    }, {
      "x" : 0.0,
      "y" : -9.472136,
      "z" : -5.854102
    } ],
    "faces" : [ {
      "vertices" : [ 0, 1, 2 ]
    }, {
      "vertices" : [ 0, 2, 1 ]
    } ]
  }, {
    "id" : "71ef98b2-a301-4597-9232-ee0eb9f79e42",
    "vertices" : [ {
      "x" : 9.472136,
      "y" : 24.798374,
      "z" : 0.0
    }, {
      "x" : 7.236068,
      "y" : 13.944272,
      "z" : 5.854102
    }, {
      "x" : 9.472136,
      "y" : 13.09017,
      "z" : 4.472136
    } ],
    "faces" : [ {
      "vertices" : [ 0, 1, 2 ]
    }, {
      "vertices" : [ 0, 2, 1 ]
    } ]
  }, {
    "id" : "f8407e04-04ed-459d-87ff-9baf4b810b86",
    "vertices" : [ {
      "x" : 0.0,
      "y" : -9.472136,
      "z" : 24.798374
    }, {
      "x" : 0.0,
      "y" : -9.472136,
      "z" : 5.854102
    }, {
      "x" : 4.472136,
      "y" : -9.472136,
      "z" : 13.09017
    } ],
    "faces" : [ {
      "vertices" : [ 0, 1, 2 ]
    }, {
      "vertices" : [ 0, 2, 1 ]
    } ]
  }, {
    "id" : "f6225f11-6288-45c0-b912-04cca57988a5",
    "vertices" : [ {
      "x" : -15.326238,
      "y" : 15.326238,
      "z" : 15.326238
    }, {
      "x" : -9.472136,
      "y" : 13.09017,
      "z" : 4.472136
    }, {
      "x" : -9.472136,
      "y" : 5.854102,
      "z" : 0.0
    } ],
    "faces" : [ {
      "vertices" : [ 0, 1, 2 ]
    }, {
      "vertices" : [ 0, 2, 1 ]
    } ]
  }, {
    "id" : "2b0e484c-f07e-449e-8d12-2399cf217209",
    "vertices" : [ {
      "x" : 5.854102,
      "y" : 9.472136,
      "z" : 15.326238
    }, {
      "x" : 5.854102,
      "y" : 0.0,
      "z" : 9.472136
    }, {
      "x" : 15.326238,
      "y" : 5.854102,
      "z" : 9.472136
    }, {
      "x" : 15.326238,
      "y" : 15.326238,
      "z" : 15.326238
    } ],
    "faces" : [ {
      "vertices" : [ 0, 1, 2 ]
    }, {
      "vertices" : [ 0, 2, 3 ]
    }, {
      "vertices" : [ 0, 3, 2 ]
    }, {
      "vertices" : [ 0, 2, 1 ]
    } ]
  }, {
    "id" : "b875d7cc-7e4e-47d1-ac4b-1805fd317913",
    "vertices" : [ {
      "x" : 24.798374,
      "y" : 0.0,
      "z" : -9.472136
    }, {
      "x" : 13.944272,
      "y" : -5.854102,
      "z" : -7.236068
    }, {
      "x" : 13.09017,
      "y" : -4.472136,
      "z" : -9.472136
    } ],
    "faces" : [ {
      "vertices" : [ 0, 1, 2 ]
    }, {
      "vertices" : [ 0, 2, 1 ]
    } ]
  }, {
    "id" : "e2476871-6ad5-42fc-9ac0-adb97d25d082",
    "vertices" : [ {
      "x" : -15.326238,
      "y" : -15.326238,
      "z" : 15.326238
    }, {
      "x" : -13.09017,
      "y" : -4.472136,
      "z" : 9.472136
    }, {
      "x" : -13.944272,
      "y" : -5.854102,
      "z" : 7.236068
    } ],
    "faces" : [ {
      "vertices" : [ 0, 1, 2 ]
    }, {
      "vertices" : [ 0, 2, 1 ]
    } ]
  }, {
    "id" : "7fc6fcc4-6c55-4550-95d5-adfe43bc6fca",
    "vertices" : [ {
      "x" : 15.326238,
      "y" : -15.326238,
      "z" : -15.326238
    }, {
      "x" : 5.854102,
      "y" : 0.0,
      "z" : -9.472136
    }, {
      "x" : 13.09017,
      "y" : -4.472136,
      "z" : -9.472136
    } ],
    "faces" : [ {
      "vertices" : [ 0, 1, 2 ]
    }, {
      "vertices" : [ 0, 2, 1 ]
    } ]
  }, {
    "id" : "51117bc9-f22b-4c53-8ec6-3705ae18027f",
    "vertices" : [ {
      "x" : -14.326238,
      "y" : -5.236068,
      "z" : -9.472136
    }, {
      "x" : -15.326238,
      "y" : -15.326238,
      "z" : -15.326238
    }, {
      "x" : -13.944272,
      "y" : -5.854102,
      "z" : -7.236068
    } ],
    "faces" : [ {
      "vertices" : [ 0, 1, 2 ]
    }, {
      "vertices" : [ 0, 2, 1 ]
    } ]
  }, {
    "id" : "54714cca-77a5-4141-8b51-602a548e00ee",
    "vertices" : [ {
      "x" : -5.854102,
      "y" : -9.472136,
      "z" : 15.326238
    }, {
      "x" : -5.854102,
      "y" : 0.0,
      "z" : 9.472136
    }, {
      "x" : -15.326238,
      "y" : -5.854102,
      "z" : 9.472136
    }, {
      "x" : -15.326238,
      "y" : -15.326238,
      "z" : 15.326238
    } ],
    "faces" : [ {
      "vertices" : [ 0, 1, 2 ]
    }, {
      "vertices" : [ 0, 2, 3 ]
    }, {
      "vertices" : [ 0, 3, 2 ]
    }, {
      "vertices" : [ 0, 2, 1 ]
    } ]
  }, {
    "id" : "e669db9c-c95d-4b8a-b2ad-dbf1ef80e140",
    "vertices" : [ {
      "x" : 0.0,
      "y" : -17.944271,
      "z" : -0.618034
    }, {
      "x" : 9.472136,
      "y" : -24.798374,
      "z" : 0.0
    }, {
      "x" : 0.0,
      "y" : -16.708204,
      "z" : 1.381966
    } ],
    "faces" : [ {
      "vertices" : [ 0, 1, 2 ]
    }, {
      "vertices" : [ 0, 2, 1 ]
    } ]
  }, {
    "id" : "2d4f4e34-2985-4758-b767-7963f29ba053",
    "vertices" : [ {
      "x" : 9.472136,
      "y" : -15.326238,
      "z" : -5.854102
    }, {
      "x" : 9.472136,
      "y" : -5.854102,
      "z" : 0.0
    }, {
      "x" : 9.472136,
      "y" : -15.326238,
      "z" : 5.854102
    }, {
      "x" : 9.472136,
      "y" : -24.798374,
      "z" : 0.0
    } ],
    "faces" : [ {
      "vertices" : [ 0, 1, 2 ]
    }, {
      "vertices" : [ 0, 2, 3 ]
    }, {
      "vertices" : [ 0, 3, 2 ]
    }, {
      "vertices" : [ 0, 2, 1 ]
    } ]
  }, {
    "id" : "64141f22-3f3e-4fb5-8e7a-cfc8407e5912",
    "vertices" : [ {
      "x" : -9.472136,
      "y" : -24.798374,
      "z" : 0.0
    }, {
      "x" : 0.0,
      "y" : -9.472136,
      "z" : 5.854102
    }, {
      "x" : -7.236068,
      "y" : -13.944272,
      "z" : 5.854102
    } ],
    "faces" : [ {
      "vertices" : [ 0, 1, 2 ]
    }, {
      "vertices" : [ 0, 2, 1 ]
    } ]
  }, {
    "id" : "d46134f5-caf3-4a2d-ab48-e2db9c47bd69",
    "vertices" : [ {
      "x" : 1.0,
      "y" : 0.309017,
      "z" : 0.19098301
    }, {
      "x" : 1.0,
      "y" : -0.309017,
      "z" : 0.19098301
    }, {
      "x" : 17.944271,
      "y" : -0.309017,
      "z" : 0.19098301
    }, {
      "x" : 17.944271,
      "y" : 0.309017,
      "z" : 0.19098301
    }, {
      "x" : 17.944271,
      "y" : -0.309017,
      "z" : -0.19098301
    }, {
      "x" : 17.944271,
      "y" : 0.309017,
      "z" : -0.19098301
    }, {
      "x" : 18.562305,
      "y" : 0.0,
      "z" : 0.0
    }, {
      "x" : 0.38196602,
      "y" : 0.0,
      "z" : 0.0
    }, {
      "x" : 1.0,
      "y" : 0.309017,
      "z" : -0.19098301
    }, {
      "x" : 1.0,
      "y" : -0.309017,
      "z" : -0.19098301
    }, {
      "x" : 18.944271,
      "y" : 0.0,
      "z" : 0.0
    } ],
    "faces" : [ {
      "vertices" : [ 1, 9, 4 ]
    }, {
      "vertices" : [ 1, 4, 2 ]
    }, {
      "vertices" : [ 0, 3, 5 ]
    }, {
      "vertices" : [ 0, 5, 8 ]
    }, {
      "vertices" : [ 1, 7, 9 ]
    }, {
      "vertices" : [ 0, 1, 2 ]
    }, {
      "vertices" : [ 0, 2, 3 ]
    }, {
      "vertices" : [ 7, 8, 9 ]
    }, {
      "vertices" : [ 0, 7, 1 ]
    }, {
      "vertices" : [ 4, 9, 8 ]
    }, {
      "vertices" : [ 4, 8, 5 ]
    }, {
      "vertices" : [ 2, 6, 3 ]
    }, {
      "vertices" : [ 2, 4, 6 ]
    }, {
      "vertices" : [ 3, 6, 5 ]
    }, {
      "vertices" : [ 4, 5, 6 ]
    }, {
      "vertices" : [ 0, 8, 7 ]
    } ]
  }, {
    "id" : "886dccf4-a5b9-4823-939a-7a2e255c0ea5",
    "vertices" : [ {
      "x" : -15.326238,
      "y" : 5.854102,
      "z" : -9.472136
    }, {
      "x" : -5.854102,
      "y" : 0.0,
      "z" : -9.472136
    }, {
      "x" : -15.326238,
      "y" : -5.854102,
      "z" : -9.472136
    }, {
      "x" : -24.798374,
      "y" : 0.0,
      "z" : -9.472136
    } ],
    "faces" : [ {
      "vertices" : [ 0, 1, 2 ]
    }, {
      "vertices" : [ 0, 2, 3 ]
    }, {
      "vertices" : [ 0, 3, 2 ]
    }, {
      "vertices" : [ 0, 2, 1 ]
    } ]
  }, {
    "id" : "35dfe218-b692-4923-9ede-fb4f9d359b1f",
    "vertices" : [ {
      "x" : -15.326238,
      "y" : 15.326238,
      "z" : -15.326238
    }, {
      "x" : -9.472136,
      "y" : 5.854102,
      "z" : 0.0
    }, {
      "x" : -9.472136,
      "y" : 13.09017,
      "z" : -4.472136
    } ],
    "faces" : [ {
      "vertices" : [ 0, 1, 2 ]
    }, {
      "vertices" : [ 0, 2, 1 ]
    } ]
  }, {
    "id" : "24e38766-08a9-407a-86ed-b93355f4f50a",
    "vertices" : [ {
      "x" : -14.708204,
      "y" : -5.854102,
      "z" : 8.472136
    }, {
      "x" : -15.326238,
      "y" : -15.326238,
      "z" : 15.326238
    }, {
      "x" : -13.09017,
      "y" : -4.472136,
      "z" : 9.472136
    } ],
    "faces" : [ {
      "vertices" : [ 0, 1, 2 ]
    }, {
      "vertices" : [ 0, 2, 1 ]
    } ]
  }, {
    "id" : "272a094f-662c-4b29-a1dd-64c40fe4bc3a",
    "vertices" : [ {
      "x" : -24.798374,
      "y" : 0.0,
      "z" : -9.472136
    }, {
      "x" : -16.708204,
      "y" : 1.381966,
      "z" : 0.0
    }, {
      "x" : -9.472136,
      "y" : 5.854102,
      "z" : 0.0
    } ],
    "faces" : [ {
      "vertices" : [ 0, 1, 2 ]
    }, {
      "vertices" : [ 0, 2, 1 ]
    } ]
  }, {
    "id" : "e728f19c-84f7-4314-8095-917c07d5e109",
    "vertices" : [ {
      "x" : 15.326238,
      "y" : 5.854102,
      "z" : 9.472136
    }, {
      "x" : 9.472136,
      "y" : 5.854102,
      "z" : 0.0
    }, {
      "x" : 9.472136,
      "y" : 15.326238,
      "z" : 5.854102
    }, {
      "x" : 15.326238,
      "y" : 15.326238,
      "z" : 15.326238
    } ],
    "faces" : [ {
      "vertices" : [ 0, 1, 2 ]
    }, {
      "vertices" : [ 0, 2, 3 ]
    }, {
      "vertices" : [ 0, 3, 2 ]
    }, {
      "vertices" : [ 0, 2, 1 ]
    } ]
  }, {
    "id" : "0d4854b8-ab82-42c4-8c80-a4560cda9a11",
    "vertices" : [ {
      "x" : -14.708204,
      "y" : 5.854102,
      "z" : 8.472136
    }, {
      "x" : -24.798374,
      "y" : 0.0,
      "z" : 9.472136
    }, {
      "x" : -13.09017,
      "y" : 4.472136,
      "z" : 9.472136
    } ],
    "faces" : [ {
      "vertices" : [ 0, 1, 2 ]
    }, {
      "vertices" : [ 0, 2, 1 ]
    } ]
  }, {
    "id" : "c7d3700d-9c6e-4651-958a-17fe054fbc1e",
    "vertices" : [ {
      "x" : 0.0,
      "y" : 9.472136,
      "z" : 24.798374
    }, {
      "x" : 5.854102,
      "y" : 7.236068,
      "z" : 13.944272
    }, {
      "x" : 4.472136,
      "y" : 9.472136,
      "z" : 13.09017
    } ],
    "faces" : [ {
      "vertices" : [ 0, 1, 2 ]
    }, {
      "vertices" : [ 0, 2, 1 ]
    } ]
  }, {
    "id" : "1aadaa56-25c4-4e44-bebb-6e250c63eb23",
    "vertices" : [ {
      "x" : -14.326238,
      "y" : 5.236068,
      "z" : 9.472136
    }, {
      "x" : -15.326238,
      "y" : 15.326238,
      "z" : 15.326238
    }, {
      "x" : -13.944272,
      "y" : 5.854102,
      "z" : 7.236068
    } ],
    "faces" : [ {
      "vertices" : [ 0, 1, 2 ]
    }, {
      "vertices" : [ 0, 2, 1 ]
    } ]
  }, {
    "id" : "bca5d852-0ff6-4061-b9df-8b5263ffd490",
    "vertices" : [ {
      "x" : -15.326238,
      "y" : -15.326238,
      "z" : 15.326238
    }, {
      "x" : -5.854102,
      "y" : -7.236068,
      "z" : 13.944272
    }, {
      "x" : -5.854102,
      "y" : 0.0,
      "z" : 9.472136
    } ],
    "faces" : [ {
      "vertices" : [ 0, 1, 2 ]
    }, {
      "vertices" : [ 0, 2, 1 ]
    } ]
  }, {
    "id" : "e597fbe0-ed83-4854-8331-173fcabb54b7",
    "vertices" : [ {
      "x" : 0.0,
      "y" : 17.944271,
      "z" : -0.618034
    }, {
      "x" : -9.472136,
      "y" : 24.798374,
      "z" : 0.0
    }, {
      "x" : 0.0,
      "y" : 16.708204,
      "z" : 1.381966
    } ],
    "faces" : [ {
      "vertices" : [ 0, 1, 2 ]
    }, {
      "vertices" : [ 0, 2, 1 ]
    } ]
  }, {
    "id" : "2135357e-f48b-46ea-b200-81fc4188bf72",
    "vertices" : [ {
      "x" : 0.0,
      "y" : -9.472136,
      "z" : 24.798374
    }, {
      "x" : 5.854102,
      "y" : -7.236068,
      "z" : 13.944272
    }, {
      "x" : 5.854102,
      "y" : 0.0,
      "z" : 9.472136
    } ],
    "faces" : [ {
      "vertices" : [ 0, 1, 2 ]
    }, {
      "vertices" : [ 0, 2, 1 ]
    } ]
  }, {
    "id" : "6c47b384-9005-4ddb-b4b6-6f8c36a6d87f",
    "vertices" : [ {
      "x" : -15.326238,
      "y" : -5.854102,
      "z" : -9.472136
    }, {
      "x" : -5.854102,
      "y" : 0.0,
      "z" : -9.472136
    }, {
      "x" : -5.854102,
      "y" : -9.472136,
      "z" : -15.326238
    }, {
      "x" : -15.326238,
      "y" : -15.326238,
      "z" : -15.326238
    } ],
    "faces" : [ {
      "vertices" : [ 0, 1, 2 ]
    }, {
      "vertices" : [ 0, 2, 3 ]
    }, {
      "vertices" : [ 0, 3, 2 ]
    }, {
      "vertices" : [ 0, 2, 1 ]
    } ]
  }, {
    "id" : "6a57c075-35a3-4174-ac07-e5e3f230eeb7",
    "vertices" : [ {
      "x" : 0.0,
      "y" : -9.472136,
      "z" : -24.798374
    }, {
      "x" : 5.854102,
      "y" : -7.236068,
      "z" : -13.944272
    }, {
      "x" : 4.472136,
      "y" : -9.472136,
      "z" : -13.09017
    } ],
    "faces" : [ {
      "vertices" : [ 0, 1, 2 ]
    }, {
      "vertices" : [ 0, 2, 1 ]
    } ]
  }, {
    "id" : "574f1652-df3d-4326-ad22-54acf45e032f",
    "vertices" : [ {
      "x" : 24.798374,
      "y" : 0.0,
      "z" : -9.472136
    }, {
      "x" : 5.854102,
      "y" : 0.0,
      "z" : -9.472136
    }, {
      "x" : 13.09017,
      "y" : 4.472136,
      "z" : -9.472136
    } ],
    "faces" : [ {
      "vertices" : [ 0, 1, 2 ]
    }, {
      "vertices" : [ 0, 2, 1 ]
    } ]
  }, {
    "id" : "07abe087-5507-4aa3-aea1-6102cffa57ff",
    "vertices" : [ {
      "x" : 5.854102,
      "y" : 9.472136,
      "z" : -15.326238
    }, {
      "x" : 0.0,
      "y" : 9.472136,
      "z" : -5.854102
    }, {
      "x" : 9.472136,
      "y" : 15.326238,
      "z" : -5.854102
    }, {
      "x" : 15.326238,
      "y" : 15.326238,
      "z" : -15.326238
    } ],
    "faces" : [ {
      "vertices" : [ 0, 1, 2 ]
    }, {
      "vertices" : [ 0, 2, 3 ]
    }, {
      "vertices" : [ 0, 3, 2 ]
    }, {
      "vertices" : [ 0, 2, 1 ]
    } ]
  }, {
    "id" : "f64b2466-5b48-46cb-9f2c-fefabb323ab1",
    "vertices" : [ {
      "x" : 24.798374,
      "y" : 0.0,
      "z" : 9.472136
    }, {
      "x" : 13.09017,
      "y" : 4.472136,
      "z" : 9.472136
    }, {
      "x" : 5.854102,
      "y" : 0.0,
      "z" : 9.472136
    } ],
    "faces" : [ {
      "vertices" : [ 0, 1, 2 ]
    }, {
      "vertices" : [ 0, 2, 1 ]
    } ]
  }, {
    "id" : "e415fad5-0f8c-4d78-b22a-b02140ee8e89",
    "vertices" : [ {
      "x" : 15.326238,
      "y" : 15.326238,
      "z" : 15.326238
    }, {
      "x" : 5.854102,
      "y" : 7.236068,
      "z" : 13.944272
    }, {
      "x" : 5.854102,
      "y" : 0.0,
      "z" : 9.472136
    } ],
    "faces" : [ {
      "vertices" : [ 0, 1, 2 ]
    }, {
      "vertices" : [ 0, 2, 1 ]
    } ]
  }, {
    "id" : "69fbc215-17f4-4788-bccf-d3d9e09b4040",
    "vertices" : [ {
      "x" : 24.798374,
      "y" : 0.0,
      "z" : 9.472136
    }, {
      "x" : 13.944272,
      "y" : 5.854102,
      "z" : 7.236068
    }, {
      "x" : 13.09017,
      "y" : 4.472136,
      "z" : 9.472136
    } ],
    "faces" : [ {
      "vertices" : [ 0, 1, 2 ]
    }, {
      "vertices" : [ 0, 2, 1 ]
    } ]
  }, {
    "id" : "875cee68-afe4-4a66-9d30-126d90ff7b74",
    "vertices" : [ {
      "x" : 0.0,
      "y" : 9.472136,
      "z" : 24.798374
    }, {
      "x" : 1.381966,
      "y" : 0.0,
      "z" : 16.708204
    }, {
      "x" : 5.854102,
      "y" : 0.0,
      "z" : 9.472136
    } ],
    "faces" : [ {
      "vertices" : [ 0, 1, 2 ]
    }, {
      "vertices" : [ 0, 2, 1 ]
    } ]
  }, {
    "id" : "4a6884ea-61b6-43d4-8177-3624782ab9b8",
    "vertices" : [ {
      "x" : -8.472136,
      "y" : 14.708204,
      "z" : 5.854102
    }, {
      "x" : -9.472136,
      "y" : 24.798374,
      "z" : 0.0
    }, {
      "x" : -9.472136,
      "y" : 13.09017,
      "z" : 4.472136
    } ],
    "faces" : [ {
      "vertices" : [ 0, 1, 2 ]
    }, {
      "vertices" : [ 0, 2, 1 ]
    } ]
  }, {
    "id" : "c08ad74d-d85f-40ac-a854-ac43206c7816",
    "vertices" : [ {
      "x" : -5.854102,
      "y" : 9.472136,
      "z" : 15.326238
    }, {
      "x" : -5.854102,
      "y" : 0.0,
      "z" : 9.472136
    }, {
      "x" : 0.0,
      "y" : 0.0,
      "z" : 18.944271
    }, {
      "x" : 0.0,
      "y" : 9.472136,
      "z" : 24.798374
    } ],
    "faces" : [ {
      "vertices" : [ 0, 1, 2 ]
    }, {
      "vertices" : [ 0, 2, 3 ]
    }, {
      "vertices" : [ 0, 3, 2 ]
    }, {
      "vertices" : [ 0, 2, 1 ]
    } ]
  }, {
    "id" : "4e60269b-7910-4d3a-b209-7c3d9b31f63d",
    "vertices" : [ {
      "x" : 15.326238,
      "y" : -15.326238,
      "z" : 15.326238
    }, {
      "x" : 9.472136,
      "y" : -13.09017,
      "z" : 4.472136
    }, {
      "x" : 9.472136,
      "y" : -5.854102,
      "z" : 0.0
    } ],
    "faces" : [ {
      "vertices" : [ 0, 1, 2 ]
    }, {
      "vertices" : [ 0, 2, 1 ]
    } ]
  }, {
    "id" : "248fa21d-7ffd-431c-a307-004b1147cef8",
    "vertices" : [ {
      "x" : -24.798374,
      "y" : 0.0,
      "z" : 9.472136
    }, {
      "x" : -9.472136,
      "y" : 5.854102,
      "z" : 0.0
    }, {
      "x" : -16.708204,
      "y" : 1.381966,
      "z" : 0.0
    } ],
    "faces" : [ {
      "vertices" : [ 0, 1, 2 ]
    }, {
