{
  "field" : "golden",
  "symmetry" : "icosahedral",
  "orientations" : [ [ 1.0, 0.0, 0.0, 0.0, 0.0, 1.0, 0.0, 0.0, 0.0, 0.0, 1.0, 0.0, 0.0, 0.0, 0.0, 1.0 ], [ 0.0, 0.0, 1.0, 0.0, 1.0, 0.0, 0.0, 0.0, 0.0, 1.0, 0.0, 0.0, 0.0, 0.0, 0.0, 1.0 ], [ 0.0, 1.0, 0.0, 0.0, 0.0, 0.0, 1.0, 0.0, 1.0, 0.0, 0.0, 0.0, 0.0, 0.0, 0.0, 1.0 ], [ 0.809017, 0.309017, 0.5, 0.0, 0.309017, 0.5, -0.809017, 0.0, -0.5, 0.809017, 0.309017, 0.0, 0.0, 0.0, 0.0, 1.0 ], [ -0.5, 0.809017, 0.309017, 0.0, 0.809017, 0.309017, 0.5, 0.0, 0.309017, 0.5, -0.809017, 0.0, 0.0, 0.0, 0.0, 1.0 ], [ 0.309017, 0.5, -0.809017, 0.0, -0.5, 0.809017, 0.309017, 0.0, 0.809017, 0.309017, 0.5, 0.0, 0.0, 0.0, 0.0, 1.0 ], [ 0.5, 0.809017, 0.309017, 0.0, 0.809017, -0.309017, -0.5, 0.0, -0.309017, 0.5, -0.809017, 0.0, 0.0, 0.0, 0.0, 1.0 ], [ -0.309017, 0.5, -0.809017, 0.0, 0.5, 0.809017, 0.309017, 0.0, 0.809017, -0.309017, -0.5, 0.0, 0.0, 0.0, 0.0, 1.0 ], [ 0.809017, -0.309017, -0.5, 0.0, -0.309017, 0.5, -0.809017, 0.0, 0.5, 0.809017, 0.309017, 0.0, 0.0, 0.0, 0.0, 1.0 ], [ 0.5, 0.809017, -0.309017, 0.0, 0.809017, -0.309017, 0.5, 0.0, 0.309017, -0.5, -0.809017, 0.0, 0.0, 0.0, 0.0, 1.0 ], [ 0.309017, -0.5, -0.809017, 0.0, 0.5, 0.809017, -0.309017, 0.0, 0.809017, -0.309017, 0.5, 0.0, 0.0, 0.0, 0.0, 1.0 ], [ 0.809017, -0.309017, 0.5, 0.0, 0.309017, -0.5, -0.809017, 0.0, 0.5, 0.809017, -0.309017, 0.0, 0.0, 0.0, 0.0, 1.0 ], [ 0.809017, 0.309017, -0.5, 0.0, 0.309017, 0.5, 0.809017, 0.0, 0.5, -0.809017, 0.309017, 0.0, 0.0, 0.0, 0.0, 1.0 ], [ 0.5, -0.809017, 0.309017, 0.0, 0.809017, 0.309017, -0.5, 0.0, 0.309017, 0.5, 0.809017, 0.0, 0.0, 0.0, 0.0, 1.0 ], [ 0.309017, 0.5, 0.809017, 0.0, 0.5, -0.809017, 0.309017, 0.0, 0.809017, 0.309017, -0.5, 0.0, 0.0, 0.0, 0.0, 1.0 ], [ 1.0, 0.0, 0.0, 0.0, 0.0, -1.0, 0.0, 0.0, 0.0, 0.0, -1.0, 0.0, 0.0, 0.0, 0.0, 1.0 ], [ 0.0, 0.0, 1.0, 0.0, -1.0, 0.0, 0.0, 0.0, 0.0, -1.0, 0.0, 0.0, 0.0, 0.0, 0.0, 1.0 ], [ 0.0, 1.0, 0.0, 0.0, 0.0, 0.0, -1.0, 0.0, -1.0, 0.0, 0.0, 0.0, 0.0, 0.0, 0.0, 1.0 ], [ 0.809017, 0.309017, 0.5, 0.0, -0.309017, -0.5, 0.809017, 0.0, 0.5, -0.809017, -0.309017, 0.0, 0.0, 0.0, 0.0, 1.0 ], [ -0.5, 0.809017, 0.309017, 0.0, -0.809017, -0.309017, -0.5, 0.0, -0.309017, -0.5, 0.809017, 0.0, 0.0, 0.0, 0.0, 1.0 ], [ 0.309017, 0.5, -0.809017, 0.0, 0.5, -0.809017, -0.309017, 0.0, -0.809017, -0.309017, -0.5, 0.0, 0.0, 0.0, 0.0, 1.0 ], [ 0.5, 0.809017, 0.309017, 0.0, -0.809017, 0.309017, 0.5, 0.0, 0.309017, -0.5, 0.809017, 0.0, 0.0, 0.0, 0.0, 1.0 ], [ -0.309017, 0.5, -0.809017, 0.0, -0.5, -0.809017, -0.309017, 0.0, -0.809017, 0.309017, 0.5, 0.0, 0.0, 0.0, 0.0, 1.0 ], [ 0.809017, -0.309017, -0.5, 0.0, 0.309017, -0.5, 0.809017, 0.0, -0.5, -0.809017, -0.309017, 0.0, 0.0, 0.0, 0.0, 1.0 ], [ 0.5, 0.809017, -0.309017, 0.0, -0.809017, 0.309017, -0.5, 0.0, -0.309017, 0.5, 0.809017, 0.0, 0.0, 0.0, 0.0, 1.0 ], [ 0.309017, -0.5, -0.809017, 0.0, -0.5, -0.809017, 0.309017, 0.0, -0.809017, 0.309017, -0.5, 0.0, 0.0, 0.0, 0.0, 1.0 ], [ 0.809017, -0.309017, 0.5, 0.0, -0.309017, 0.5, 0.809017, 0.0, -0.5, -0.809017, 0.309017, 0.0, 0.0, 0.0, 0.0, 1.0 ], [ 0.809017, 0.309017, -0.5, 0.0, -0.309017, -0.5, -0.809017, 0.0, -0.5, 0.809017, -0.309017, 0.0, 0.0, 0.0, 0.0, 1.0 ], [ 0.5, -0.809017, 0.309017, 0.0, -0.809017, -0.309017, 0.5, 0.0, -0.309017, -0.5, -0.809017, 0.0, 0.0, 0.0, 0.0, 1.0 ], [ 0.309017, 0.5, 0.809017, 0.0, -0.5, 0.809017, -0.309017, 0.0, -0.809017, -0.309017, 0.5, 0.0, 0.0, 0.0, 0.0, 1.0 ], [ -1.0, 0.0, 0.0, 0.0, 0.0, -1.0, 0.0, 0.0, 0.0, 0.0, 1.0, 0.0, 0.0, 0.0, 0.0, 1.0 ], [ 0.0, 0.0, -1.0, 0.0, -1.0, 0.0, 0.0, 0.0, 0.0, 1.0, 0.0, 0.0, 0.0, 0.0, 0.0, 1.0 ], [ 0.0, -1.0, 0.0, 0.0, 0.0, 0.0, -1.0, 0.0, 1.0, 0.0, 0.0, 0.0, 0.0, 0.0, 0.0, 1.0 ], [ -0.809017, -0.309017, -0.5, 0.0, -0.309017, -0.5, 0.809017, 0.0, -0.5, 0.809017, 0.309017, 0.0, 0.0, 0.0, 0.0, 1.0 ], [ 0.5, -0.809017, -0.309017, 0.0, -0.809017, -0.309017, -0.5, 0.0, 0.309017, 0.5, -0.809017, 0.0, 0.0, 0.0, 0.0, 1.0 ], [ -0.309017, -0.5, 0.809017, 0.0, 0.5, -0.809017, -0.309017, 0.0, 0.809017, 0.309017, 0.5, 0.0, 0.0, 0.0, 0.0, 1.0 ], [ -0.5, -0.809017, -0.309017, 0.0, -0.809017, 0.309017, 0.5, 0.0, -0.309017, 0.5, -0.809017, 0.0, 0.0, 0.0, 0.0, 1.0 ], [ 0.309017, -0.5, 0.809017, 0.0, -0.5, -0.809017, -0.309017, 0.0, 0.809017, -0.309017, -0.5, 0.0, 0.0, 0.0, 0.0, 1.0 ], [ -0.809017, 0.309017, 0.5, 0.0, 0.309017, -0.5, 0.809017, 0.0, 0.5, 0.809017, 0.309017, 0.0, 0.0, 0.0, 0.0, 1.0 ], [ -0.5, -0.809017, 0.309017, 0.0, -0.809017, 0.309017, -0.5, 0.0, 0.309017, -0.5, -0.809017, 0.0, 0.0, 0.0, 0.0, 1.0 ], [ -0.309017, 0.5, 0.809017, 0.0, -0.5, -0.809017, 0.309017, 0.0, 0.809017, -0.309017, 0.5, 0.0, 0.0, 0.0, 0.0, 1.0 ], [ -0.809017, 0.309017, -0.5, 0.0, -0.309017, 0.5, 0.809017, 0.0, 0.5, 0.809017, -0.309017, 0.0, 0.0, 0.0, 0.0, 1.0 ], [ -0.809017, -0.309017, 0.5, 0.0, -0.309017, -0.5, -0.809017, 0.0, 0.5, -0.809017, 0.309017, 0.0, 0.0, 0.0, 0.0, 1.0 ], [ -0.5, 0.809017, -0.309017, 0.0, -0.809017, -0.309017, 0.5, 0.0, 0.309017, 0.5, 0.809017, 0.0, 0.0, 0.0, 0.0, 1.0 ], [ -0.309017, -0.5, -0.809017, 0.0, -0.5, 0.809017, -0.309017, 0.0, 0.809017, 0.309017, -0.5, 0.0, 0.0, 0.0, 0.0, 1.0 ], [ -1.0, 0.0, 0.0, 0.0, 0.0, 1.0, 0.0, 0.0, 0.0, 0.0, -1.0, 0.0, 0.0, 0.0, 0.0, 1.0 ], [ 0.0, 0.0, -1.0, 0.0, 1.0, 0.0, 0.0, 0.0, 0.0, -1.0, 0.0, 0.0, 0.0, 0.0, 0.0, 1.0 ], [ 0.0, -1.0, 0.0, 0.0, 0.0, 0.0, 1.0, 0.0, -1.0, 0.0, 0.0, 0.0, 0.0, 0.0, 0.0, 1.0 ], [ -0.809017, -0.309017, -0.5, 0.0, 0.309017, 0.5, -0.809017, 0.0, 0.5, -0.809017, -0.309017, 0.0, 0.0, 0.0, 0.0, 1.0 ], [ 0.5, -0.809017, -0.309017, 0.0, 0.809017, 0.309017, 0.5, 0.0, -0.309017, -0.5, 0.809017, 0.0, 0.0, 0.0, 0.0, 1.0 ], [ -0.309017, -0.5, 0.809017, 0.0, -0.5, 0.809017, 0.309017, 0.0, -0.809017, -0.309017, -0.5, 0.0, 0.0, 0.0, 0.0, 1.0 ], [ -0.5, -0.809017, -0.309017, 0.0, 0.809017, -0.309017, -0.5, 0.0, 0.309017, -0.5, 0.809017, 0.0, 0.0, 0.0, 0.0, 1.0 ], [ 0.309017, -0.5, 0.809017, 0.0, 0.5, 0.809017, 0.309017, 0.0, -0.809017, 0.309017, 0.5, 0.0, 0.0, 0.0, 0.0, 1.0 ], [ -0.809017, 0.309017, 0.5, 0.0, -0.309017, 0.5, -0.809017, 0.0, -0.5, -0.809017, -0.309017, 0.0, 0.0, 0.0, 0.0, 1.0 ], [ -0.5, -0.809017, 0.309017, 0.0, 0.809017, -0.309017, 0.5, 0.0, -0.309017, 0.5, 0.809017, 0.0, 0.0, 0.0, 0.0, 1.0 ], [ -0.309017, 0.5, 0.809017, 0.0, 0.5, 0.809017, -0.309017, 0.0, -0.809017, 0.309017, -0.5, 0.0, 0.0, 0.0, 0.0, 1.0 ], [ -0.809017, 0.309017, -0.5, 0.0, 0.309017, -0.5, -0.809017, 0.0, -0.5, -0.809017, 0.309017, 0.0, 0.0, 0.0, 0.0, 1.0 ], [ -0.809017, -0.309017, 0.5, 0.0, 0.309017, 0.5, 0.809017, 0.0, -0.5, 0.809017, -0.309017, 0.0, 0.0, 0.0, 0.0, 1.0 ], [ -0.5, 0.809017, -0.309017, 0.0, 0.809017, 0.309017, -0.5, 0.0, -0.309017, -0.5, -0.809017, 0.0, 0.0, 0.0, 0.0, 1.0 ], [ -0.309017, -0.5, -0.809017, 0.0, 0.5, -0.809017, 0.309017, 0.0, -0.809017, -0.309017, 0.5, 0.0, 0.0, 0.0, 0.0, 1.0 ] ],
  "lights" : {
    "ambientColor" : "#292929",
    "backgroundColor" : "#AFC8DC",
    "directionalLights" : [ {
      "direction" : {
        "x" : 1.0,
        "y" : -1.0,
        "z" : -1.0
      },
      "color" : "#EBEBE4"
    }, {
      "direction" : {
        "x" : -1.0,
        "y" : 0.0,
        "z" : 0.0
      },
      "color" : "#E4E4EB"
    }, {
      "direction" : {
        "x" : 0.0,
        "y" : 0.0,
        "z" : -1.0
      },
      "color" : "#1E1E1E"
    } ]
  },
  "camera" : {
    "lookDirection" : {
      "x" : 0.0,
      "y" : 0.0,
      "z" : -1.0
    },
    "upDirection" : {
      "x" : 0.0,
      "y" : 1.0,
      "z" : 0.0
    },
    "lookAtPoint" : {
      "x" : 0.0,
      "y" : 0.0,
      "z" : 0.0
    },
    "perspective" : false,
    "viewDistance" : 307.62436,
    "nearClipDistance" : 0.7690601,
    "farClipDistance" : 615.2502,
    "fieldOfView" : 0.4426298,
    "width" : 138.43126,
    "stereo" : false,
    "position" : {
      "x" : 0.0,
      "y" : 0.0,
      "z" : 307.62436
    }
  },
  "embedding" : [ 1.0, 0.0, 0.0, 0.0, 0.0, 1.0, 0.0, 0.0, 0.0, 0.0, 1.0, 0.0, 0.0, 0.0, 0.0, 1.0 ],
  "shapes" : [ {
    "id" : "d6c70984-8b40-4030-a5a1-d38807d36d60",
    "vertices" : [ {
      "x" : 34.593933,
      "y" : 6.271629,
      "z" : -1.8124869
    }, {
      "x" : 34.693935,
      "y" : 6.3716288,
      "z" : -1.4124868
    }, {
      "x" : 0.64010066,
      "y" : 0.33247316,
      "z" : 0.098961346
    }, {
      "x" : 0.54010063,
      "y" : 0.23247315,
      "z" : -0.30103865
    }, {
      "x" : 34.4606,
      "y" : 6.671629,
      "z" : -1.5458201
    }, {
      "x" : 34.3606,
      "y" : 6.571629,
      "z" : -1.9458202
    }, {
      "x" : 0.773434,
      "y" : -0.067526855,
      "z" : -0.16770533
    }, {
      "x" : 0.873434,
      "y" : 0.032473143,
      "z" : 0.23229468
    } ],
    "faces" : [ {
      "vertices" : [ 2, 3, 6 ]
    }, {
      "vertices" : [ 2, 6, 7 ]
    }, {
      "vertices" : [ 0, 5, 4 ]
    }, {
      "vertices" : [ 0, 4, 1 ]
    }, {
      "vertices" : [ 2, 4, 5 ]
    }, {
      "vertices" : [ 2, 5, 3 ]
    }, {
      "vertices" : [ 0, 6, 3 ]
    }, {
      "vertices" : [ 0, 3, 5 ]
    }, {
      "vertices" : [ 0, 1, 7 ]
    }, {
      "vertices" : [ 0, 7, 6 ]
    }, {
      "vertices" : [ 1, 4, 2 ]
    }, {
      "vertices" : [ 1, 2, 7 ]
    } ]
  }, {
    "id" : "af8c1db9-d51d-4995-87fd-1f4a9e4308f7",
    "vertices" : [ {
      "x" : 33.388542,
      "y" : 8.354102,
      "z" : -3.118034
    }, {
      "x" : 1.190983,
      "y" : 0.0,
      "z" : 0.072949015
    }, {
      "x" : 1.190983,
      "y" : 0.0,
      "z" : -0.309017
    }, {
      "x" : 33.388542,
      "y" : 8.354102,
      "z" : -3.5
    }, {
      "x" : 34.12461,
      "y" : 8.854102,
      "z" : -3.381966
    }, {
      "x" : 1.190983,
      "y" : 0.618034,
      "z" : -0.309017
    }, {
      "x" : 33.388542,
      "y" : 8.972136,
      "z" : -3.5
    }, {
      "x" : 33.388542,
      "y" : 8.972136,
      "z" : -3.118034
    }, {
      "x" : 1.190983,
      "y" : 0.618034,
      "z" : 0.072949015
    }, {
      "x" : 0.45491502,
      "y" : 0.11803399,
      "z" : -0.045084972
    }, {
      "x" : 34.579525,
      "y" : 8.972136,
      "z" : -3.427051
    } ],
    "faces" : [ {
      "vertices" : [ 2, 5, 6 ]
    }, {
      "vertices" : [ 2, 6, 3 ]
    }, {
      "vertices" : [ 0, 7, 8 ]
    }, {
      "vertices" : [ 0, 8, 1 ]
    }, {
      "vertices" : [ 2, 9, 5 ]
    }, {
      "vertices" : [ 4, 6, 7 ]
    }, {
      "vertices" : [ 1, 8, 9 ]
    }, {
      "vertices" : [ 0, 1, 2 ]
    }, {
      "vertices" : [ 0, 2, 3 ]
    }, {
      "vertices" : [ 5, 9, 8 ]
    }, {
      "vertices" : [ 0, 3, 4 ]
    }, {
      "vertices" : [ 5, 8, 7 ]
    }, {
      "vertices" : [ 5, 7, 6 ]
    }, {
      "vertices" : [ 0, 4, 7 ]
    }, {
      "vertices" : [ 1, 9, 2 ]
    }, {
      "vertices" : [ 3, 6, 4 ]
    } ]
  }, {
    "id" : "6fd47831-7aca-4d14-b2c9-38a77d9678a5",
    "vertices" : [ {
      "x" : 0.309017,
      "y" : -0.309017,
      "z" : -0.309017
    }, {
      "x" : 0.5,
      "y" : 0.0,
      "z" : -0.19098301
    }, {
      "x" : 0.5,
      "y" : 0.0,
      "z" : 0.19098301
    }, {
      "x" : 0.309017,
      "y" : -0.309017,
      "z" : 0.309017
    }, {
      "x" : 0.19098301,
      "y" : -0.5,
      "z" : 0.0
    }, {
      "x" : 0.0,
      "y" : 0.19098301,
      "z" : 0.5
    }, {
      "x" : 0.0,
      "y" : -0.19098301,
      "z" : 0.5
    }, {
      "x" : 0.309017,
      "y" : 0.309017,
      "z" : 0.309017
    }, {
      "x" : -0.309017,
      "y" : -0.309017,
      "z" : 0.309017
    }, {
      "x" : -0.309017,
      "y" : 0.309017,
      "z" : 0.309017
    }, {
      "x" : -0.5,
      "y" : 0.0,
      "z" : 0.19098301
    }, {
      "x" : 0.0,
      "y" : -0.19098301,
      "z" : -0.5
    }, {
      "x" : 0.0,
      "y" : 0.19098301,
      "z" : -0.5
    }, {
      "x" : 0.309017,
      "y" : 0.309017,
      "z" : -0.309017
    }, {
      "x" : -0.309017,
      "y" : -0.309017,
      "z" : -0.309017
    }, {
      "x" : -0.19098301,
      "y" : -0.5,
      "z" : 0.0
    }, {
      "x" : -0.5,
      "y" : 0.0,
      "z" : -0.19098301
    }, {
      "x" : 0.19098301,
      "y" : 0.5,
      "z" : 0.0
    }, {
      "x" : -0.309017,
      "y" : 0.309017,
      "z" : -0.309017
    }, {
      "x" : 0.0,
      "y" : 0.0,
      "z" : 0.0
    }, {
      "x" : -0.19098301,
      "y" : 0.5,
      "z" : 0.0
    } ],
    "faces" : [ {
      "vertices" : [ 12, 18, 20 ]
    }, {
      "vertices" : [ 12, 20, 17 ]
    }, {
      "vertices" : [ 12, 17, 13 ]
    }, {
      "vertices" : [ 3, 6, 8 ]
    }, {
      "vertices" : [ 3, 8, 15 ]
    }, {
      "vertices" : [ 3, 15, 4 ]
    }, {
      "vertices" : [ 0, 11, 12 ]
    }, {
      "vertices" : [ 0, 12, 13 ]
    }, {
      "vertices" : [ 0, 13, 1 ]
    }, {
      "vertices" : [ 5, 9, 10 ]
    }, {
      "vertices" : [ 5, 10, 8 ]
    }, {
      "vertices" : [ 5, 8, 6 ]
    }, {
      "vertices" : [ 2, 7, 5 ]
    }, {
      "vertices" : [ 2, 5, 6 ]
    }, {
      "vertices" : [ 2, 6, 3 ]
    }, {
      "vertices" : [ 11, 14, 16 ]
    }, {
      "vertices" : [ 11, 16, 18 ]
    }, {
      "vertices" : [ 11, 18, 12 ]
    }, {
      "vertices" : [ 1, 13, 17 ]
    }, {
      "vertices" : [ 1, 17, 7 ]
    }, {
      "vertices" : [ 1, 7, 2 ]
    }, {
      "vertices" : [ 9, 20, 18 ]
    }, {
      "vertices" : [ 9, 18, 16 ]
    }, {
      "vertices" : [ 9, 16, 10 ]
    }, {
      "vertices" : [ 0, 1, 2 ]
    }, {
      "vertices" : [ 0, 2, 3 ]
    }, {
      "vertices" : [ 0, 3, 4 ]
    }, {
      "vertices" : [ 5, 7, 17 ]
    }, {
      "vertices" : [ 5, 17, 20 ]
    }, {
      "vertices" : [ 5, 20, 9 ]
    }, {
      "vertices" : [ 0, 4, 15 ]
    }, {
      "vertices" : [ 0, 15, 14 ]
    }, {
      "vertices" : [ 0, 14, 11 ]
    }, {
      "vertices" : [ 8, 10, 16 ]
    }, {
      "vertices" : [ 8, 16, 14 ]
    }, {
      "vertices" : [ 8, 14, 15 ]
    } ]
  }, {
    "id" : "21a7cd22-8f37-4c24-a344-761757f209a8",
    "vertices" : [ {
      "x" : -17.289762,
      "y" : -24.548374,
      "z" : -16.230747
    }, {
      "x" : -10.685661,
      "y" : -26.2619,
      "z" : -19.003288
    }, {
      "x" : -7.2586102,
      "y" : -31.806984,
      "z" : -10.031153
    }, {
      "x" : -13.458204,
      "y" : -30.747967,
      "z" : -6.1995935
    } ],
    "faces" : [ {
      "vertices" : [ 0, 1, 2 ]
    }, {
      "vertices" : [ 0, 2, 3 ]
    }, {
      "vertices" : [ 0, 3, 2 ]
    }, {
      "vertices" : [ 0, 2, 1 ]
    } ]
  }, {
    "id" : "b22a9c82-4e62-49b7-a192-babf102d3c80",
    "vertices" : [ {
      "x" : 12.300857,
      "y" : 22.313646,
      "z" : -24.262232
    }, {
      "x" : 12.700857,
      "y" : 22.213646,
      "z" : -24.162231
    }, {
      "x" : 0.5028386,
      "y" : 0.5212026,
      "z" : -0.28614298
    }, {
      "x" : 0.1028386,
      "y" : 0.62120265,
      "z" : -0.38614297
    }, {
      "x" : 12.83419,
      "y" : 22.513645,
      "z" : -23.928898
    }, {
      "x" : 12.43419,
      "y" : 22.613646,
      "z" : -24.028898
    }, {
      "x" : -0.030494737,
      "y" : 0.32120264,
      "z" : -0.6194763
    }, {
      "x" : 0.36950526,
      "y" : 0.22120263,
      "z" : -0.5194763
    } ],
    "faces" : [ {
      "vertices" : [ 2, 3, 6 ]
    }, {
      "vertices" : [ 2, 6, 7 ]
    }, {
      "vertices" : [ 0, 5, 4 ]
    }, {
      "vertices" : [ 0, 4, 1 ]
    }, {
      "vertices" : [ 2, 4, 5 ]
    }, {
      "vertices" : [ 2, 5, 3 ]
    }, {
      "vertices" : [ 0, 6, 3 ]
    }, {
      "vertices" : [ 0, 3, 5 ]
    }, {
      "vertices" : [ 0, 1, 7 ]
    }, {
      "vertices" : [ 0, 7, 6 ]
    }, {
      "vertices" : [ 1, 4, 2 ]
    }, {
      "vertices" : [ 1, 2, 7 ]
    } ]
  }, {
    "id" : "fec4f750-fa54-400c-9146-22031a269da8",
    "vertices" : [ {
      "x" : 25.202883,
      "y" : 20.716814,
      "z" : 10.031153
    }, {
      "x" : 26.2619,
      "y" : 19.003288,
      "z" : 10.685661
    }, {
      "x" : 29.034441,
      "y" : 17.944271,
      "z" : 0.0
    } ],
    "faces" : [ {
      "vertices" : [ 0, 1, 2 ]
    }, {
      "vertices" : [ 0, 2, 1 ]
    } ]
  }, {
    "id" : "4abf8f0e-b537-433c-9ae3-03e28194ec1e",
    "vertices" : [ {
      "x" : 1.0,
      "y" : 0.309017,
      "z" : 0.19098301
    }, {
      "x" : 1.0,
      "y" : -0.309017,
      "z" : 0.19098301
    }, {
      "x" : 34.888542,
      "y" : -0.309017,
      "z" : 0.19098301
    }, {
      "x" : 34.888542,
      "y" : 0.309017,
      "z" : 0.19098301
    }, {
      "x" : 34.888542,
      "y" : -0.309017,
      "z" : -0.19098301
    }, {
      "x" : 34.888542,
      "y" : 0.309017,
      "z" : -0.19098301
    }, {
      "x" : 35.506577,
      "y" : 0.0,
      "z" : 0.0
    }, {
      "x" : 0.38196602,
      "y" : 0.0,
      "z" : 0.0
    }, {
      "x" : 1.0,
      "y" : 0.309017,
      "z" : -0.19098301
    }, {
      "x" : 1.0,
      "y" : -0.309017,
      "z" : -0.19098301
    }, {
      "x" : 35.888542,
      "y" : 0.0,
      "z" : 0.0
    } ],
    "faces" : [ {
      "vertices" : [ 1, 9, 4 ]
    }, {
      "vertices" : [ 1, 4, 2 ]
    }, {
      "vertices" : [ 0, 3, 5 ]
    }, {
      "vertices" : [ 0, 5, 8 ]
    }, {
      "vertices" : [ 1, 7, 9 ]
    }, {
      "vertices" : [ 0, 1, 2 ]
    }, {
      "vertices" : [ 0, 2, 3 ]
    }, {
      "vertices" : [ 7, 8, 9 ]
    }, {
      "vertices" : [ 0, 7, 1 ]
    }, {
      "vertices" : [ 4, 9, 8 ]
    }, {
      "vertices" : [ 4, 8, 5 ]
    }, {
      "vertices" : [ 2, 6, 3 ]
    }, {
      "vertices" : [ 2, 4, 6 ]
    }, {
      "vertices" : [ 3, 6, 5 ]
    }, {
      "vertices" : [ 4, 5, 6 ]
    }, {
      "vertices" : [ 0, 8, 7 ]
    } ]
  }, {
    "id" : "7100f725-578f-4f70-8d65-d6f9dd4cfb49",
    "vertices" : [ {
      "x" : 7.2586102,
      "y" : 31.806984,
      "z" : 10.031153
    }, {
      "x" : 10.685661,
      "y" : 26.2619,
      "z" : 19.003288
    }, {
      "x" : 17.289762,
      "y" : 24.548374,
      "z" : 16.230747
    }, {
      "x" : 13.458204,
      "y" : 30.747967,
      "z" : 6.1995935
    } ],
    "faces" : [ {
      "vertices" : [ 0, 1, 2 ]
    }, {
      "vertices" : [ 0, 2, 3 ]
    }, {
      "vertices" : [ 0, 3, 2 ]
    }, {
      "vertices" : [ 0, 2, 1 ]
    } ]
  }, {
    "id" : "0f898b2c-6858-479f-b60d-c047b8070cc5",
    "vertices" : [ {
      "x" : -6.219227,
      "y" : -30.893225,
      "z" : -15.733076
    }, {
      "x" : -5.8192267,
      "y" : -30.993225,
      "z" : -15.8330765
    }, {
      "x" : 0.019633465,
      "y" : -0.5092513,
      "z" : -0.4976701
    }, {
      "x" : -0.38036653,
      "y" : -0.4092513,
      "z" : -0.39767012
    }, {
      "x" : -5.9525604,
      "y" : -30.759892,
      "z" : -16.133076
    }, {
      "x" : -6.35256,
      "y" : -30.659891,
      "z" : -16.033077
    }, {
      "x" : -0.24703321,
      "y" : -0.6425846,
      "z" : -0.097670116
    }, {
      "x" : 0.1529668,
      "y" : -0.74258465,
      "z" : -0.19767012
    } ],
    "faces" : [ {
      "vertices" : [ 2, 3, 6 ]
    }, {
      "vertices" : [ 2, 6, 7 ]
    }, {
      "vertices" : [ 0, 5, 4 ]
    }, {
      "vertices" : [ 0, 4, 1 ]
    }, {
      "vertices" : [ 2, 4, 5 ]
    }, {
      "vertices" : [ 2, 5, 3 ]
    }, {
      "vertices" : [ 0, 6, 3 ]
    }, {
      "vertices" : [ 0, 3, 5 ]
    }, {
      "vertices" : [ 0, 1, 7 ]
    }, {
      "vertices" : [ 0, 7, 6 ]
    }, {
      "vertices" : [ 1, 4, 2 ]
    }, {
      "vertices" : [ 1, 2, 7 ]
    } ]
  }, {
    "id" : "e9bc6317-04e3-444e-8b3d-e32144535aa4",
    "vertices" : [ {
      "x" : 11.424243,
      "y" : 33.058033,
      "z" : -4.7774267
    }, {
      "x" : 11.324243,
      "y" : 32.95803,
      "z" : -5.1774263
    }, {
      "x" : 0.3204355,
      "y" : 0.4624787,
      "z" : -0.36314997
    }, {
      "x" : 0.4204355,
      "y" : 0.5624787,
      "z" : 0.036850017
    }, {
      "x" : 11.624243,
      "y" : 32.724697,
      "z" : -5.31076
    }, {
      "x" : 11.724243,
      "y" : 32.8247,
      "z" : -4.91076
    }, {
      "x" : 0.12043549,
      "y" : 0.7958121,
      "z" : 0.17018335
    }, {
      "x" : 0.020435493,
      "y" : 0.69581205,
      "z" : -0.22981665
    } ],
    "faces" : [ {
      "vertices" : [ 2, 3, 6 ]
    }, {
      "vertices" : [ 2, 6, 7 ]
    }, {
      "vertices" : [ 0, 5, 4 ]
    }, {
      "vertices" : [ 0, 4, 1 ]
    }, {
      "vertices" : [ 2, 4, 5 ]
    }, {
      "vertices" : [ 2, 5, 3 ]
    }, {
      "vertices" : [ 0, 6, 3 ]
    }, {
      "vertices" : [ 0, 3, 5 ]
    }, {
      "vertices" : [ 0, 1, 7 ]
    }, {
      "vertices" : [ 0, 7, 6 ]
    }, {
      "vertices" : [ 1, 4, 2 ]
    }, {
      "vertices" : [ 1, 2, 7 ]
    } ]
  }, {
    "id" : "702c8fc5-171e-4dbd-8233-2d323c01a0f0",
    "vertices" : [ {
      "x" : -29.034441,
      "y" : 17.944271,
      "z" : 0.0
    }, {
      "x" : -21.775831,
      "y" : 26.2619,
      "z" : -1.059017
    }, {
      "x" : -25.202883,
      "y" : 20.716814,
      "z" : -10.031153
    } ],
    "faces" : [ {
      "vertices" : [ 0, 1, 2 ]
    }, {
      "vertices" : [ 0, 2, 1 ]
    } ]
  }, {
    "id" : "a7682247-d1ae-484e-8e5c-da6412910c29",
    "vertices" : [ {
      "x" : 6.972136,
      "y" : 1.5,
      "z" : -0.5
    }, {
      "x" : 1.190983,
      "y" : 0.0,
      "z" : 0.072949015
    }, {
      "x" : 1.190983,
      "y" : 0.0,
      "z" : -0.309017
    }, {
      "x" : 6.972136,
      "y" : 1.5,
      "z" : -0.881966
    }, {
      "x" : 7.708204,
      "y" : 2.0,
      "z" : -0.76393205
    }, {
      "x" : 1.190983,
      "y" : 0.618034,
      "z" : -0.309017
    }, {
      "x" : 6.972136,
      "y" : 2.118034,
      "z" : -0.881966
    }, {
      "x" : 6.972136,
      "y" : 2.118034,
      "z" : -0.5
    }, {
      "x" : 1.190983,
      "y" : 0.618034,
      "z" : 0.072949015
    }, {
      "x" : 0.45491502,
      "y" : 0.11803399,
      "z" : -0.045084972
    }, {
      "x" : 8.163119,
      "y" : 2.118034,
      "z" : -0.809017
    } ],
    "faces" : [ {
      "vertices" : [ 2, 5, 6 ]
    }, {
      "vertices" : [ 2, 6, 3 ]
    }, {
      "vertices" : [ 0, 7, 8 ]
    }, {
      "vertices" : [ 0, 8, 1 ]
    }, {
      "vertices" : [ 2, 9, 5 ]
    }, {
      "vertices" : [ 4, 6, 7 ]
    }, {
      "vertices" : [ 1, 8, 9 ]
    }, {
      "vertices" : [ 0, 1, 2 ]
    }, {
      "vertices" : [ 0, 2, 3 ]
    }, {
      "vertices" : [ 5, 9, 8 ]
    }, {
      "vertices" : [ 0, 3, 4 ]
    }, {
      "vertices" : [ 5, 8, 7 ]
    }, {
      "vertices" : [ 5, 7, 6 ]
    }, {
      "vertices" : [ 0, 4, 7 ]
    }, {
      "vertices" : [ 1, 9, 2 ]
    }, {
      "vertices" : [ 3, 6, 4 ]
    } ]
  }, {
    "id" : "f16baac2-a8a5-40b0-b714-98a48a6fcfc2",
    "vertices" : [ {
      "x" : -8.972136,
      "y" : 32.461494,
      "z" : -5.545085
    }, {
      "x" : -6.1995935,
      "y" : 33.52051,
      "z" : -1.7135255
    }, {
      "x" : -5.545085,
      "y" : 32.461494,
      "z" : -8.972136
    } ],
    "faces" : [ {
      "vertices" : [ 0, 1, 2 ]
    }, {
      "vertices" : [ 0, 2, 1 ]
    } ]
  }, {
    "id" : "d8d1651e-d539-41c3-91f9-e2a37aa4f567",
    "vertices" : [ {
      "x" : -23.489357,
      "y" : 14.5172205,
      "z" : -20.062305
    }, {
      "x" : -20.716814,
      "y" : 10.031153,
      "z" : -25.202883
    }, {
      "x" : -26.2619,
      "y" : 1.059017,
      "z" : -21.775831
    }, {
      "x" : -29.68895,
      "y" : 4.486068,
      "z" : -16.230747
    } ],
    "faces" : [ {
      "vertices" : [ 0, 1, 2 ]
    }, {
      "vertices" : [ 0, 2, 3 ]
    }, {
      "vertices" : [ 0, 3, 2 ]
    }, {
      "vertices" : [ 0, 2, 1 ]
    } ]
  }, {
    "id" : "2d9b49ba-a087-4ca2-a8d1-84ded222227e",
    "vertices" : [ {
      "x" : -8.972136,
      "y" : -5.545085,
      "z" : -32.461494
    }, {
      "x" : -17.944271,
      "y" : 0.0,
      "z" : -29.034441
    }, {
      "x" : -8.972136,
      "y" : 5.545085,
      "z" : -32.461494
    } ],
    "faces" : [ {
      "vertices" : [ 0, 1, 2 ]
    }, {
      "vertices" : [ 0, 2, 1 ]
    } ]
  }, {
    "id" : "fa2c607f-8eb4-4526-baf2-610d8e13be7a",
    "vertices" : [ {
      "x" : -19.003288,
      "y" : -10.685661,
      "z" : 26.2619
    }, {
      "x" : -20.062305,
      "y" : -14.5172205,
      "z" : 23.489357
    }, {
      "x" : -16.230747,
      "y" : -17.289762,
      "z" : 24.548374
    } ],
    "faces" : [ {
      "vertices" : [ 0, 1, 2 ]
    }, {
      "vertices" : [ 0, 2, 1 ]
    } ]
  }, {
    "id" : "180ee96b-ca3e-4c51-8d2c-34e5ae9e7870",
    "vertices" : [ {
      "x" : -14.5172205,
      "y" : -20.062305,
      "z" : 23.489357
    }, {
      "x" : -10.031153,
      "y" : -25.202883,
      "z" : 20.716814
    }, {
      "x" : -1.059017,
      "y" : -21.775831,
      "z" : 26.2619
    }, {
      "x" : -4.486068,
      "y" : -16.230747,
      "z" : 29.68895
    } ],
    "faces" : [ {
      "vertices" : [ 0, 1, 2 ]
    }, {
      "vertices" : [ 0, 2, 3 ]
    }, {
      "vertices" : [ 0, 3, 2 ]
    }, {
      "vertices" : [ 0, 2, 1 ]
    } ]
  }, {
    "id" : "2b272a14-4595-45a6-a514-b60e4f607c4a",
    "vertices" : [ {
      "x" : 10.685661,
      "y" : 26.2619,
      "z" : -19.003288
    }, {
      "x" : 17.289762,
      "y" : 24.548374,
      "z" : -16.230747
    }, {
      "x" : 14.5172205,
      "y" : 23.489357,
      "z" : -20.062305
    } ],
    "faces" : [ {
      "vertices" : [ 0, 1, 2 ]
    }, {
      "vertices" : [ 0, 2, 1 ]
    } ]
  }, {
    "id" : "78ffaf5f-01aa-4594-b805-7ec080845924",
    "vertices" : [ {
      "x" : 14.5172205,
      "y" : 20.062305,
      "z" : -23.489357
    }, {
      "x" : 10.031153,
      "y" : 25.202883,
      "z" : -20.716814
    }, {
      "x" : 14.5172205,
      "y" : 23.489357,
      "z" : -20.062305
    } ],
    "faces" : [ {
      "vertices" : [ 0, 1, 2 ]
    }, {
      "vertices" : [ 0, 2, 1 ]
    } ]
  }, {
    "id" : "8f481118-6782-4dc3-b8a2-7492acb4bbdb",
    "vertices" : [ {
      "x" : 33.52051,
      "y" : -1.7135255,
      "z" : 6.1995935
    }, {
      "x" : 33.52051,
      "y" : -1.7135255,
      "z" : -6.1995935
    }, {
      "x" : 33.52051,
      "y" : 1.7135255,
      "z" : -6.1995935
    }, {
      "x" : 33.52051,
      "y" : 1.7135255,
      "z" : 6.1995935
    } ],
    "faces" : [ {
      "vertices" : [ 0, 1, 2 ]
    }, {
      "vertices" : [ 0, 2, 3 ]
    }, {
      "vertices" : [ 0, 3, 2 ]
    }, {
      "vertices" : [ 0, 2, 1 ]
    } ]
  }, {
    "id" : "5cdc74cf-f5ab-4d79-aa5f-83bedbca3234",
    "vertices" : [ {
      "x" : -7.2586102,
      "y" : -31.806984,
      "z" : -10.031153
    }, {
      "x" : -10.685661,
      "y" : -26.2619,
      "z" : -19.003288
    }, {
      "x" : 0.0,
      "y" : -29.034441,
      "z" : -17.944271
    } ],
    "faces" : [ {
      "vertices" : [ 0, 1, 2 ]
    }, {
      "vertices" : [ 0, 2, 1 ]
    } ]
  }, {
    "id" : "6c488900-a3f1-4533-b46c-0cf9b1db45c2",
    "vertices" : [ {
      "x" : 26.2619,
      "y" : 19.003288,
      "z" : -10.685661
    }, {
      "x" : 31.806984,
      "y" : 10.031153,
      "z" : -7.2586102
    }, {
      "x" : 30.747967,
      "y" : 6.1995935,
      "z" : -13.458204
    }, {
      "x" : 24.548374,
      "y" : 16.230747,
      "z" : -17.289762
    } ],
    "faces" : [ {
      "vertices" : [ 0, 1, 2 ]
    }, {
      "vertices" : [ 0, 2, 3 ]
    }, {
      "vertices" : [ 0, 3, 2 ]
    }, {
      "vertices" : [ 0, 2, 1 ]
    } ]
  }, {
    "id" : "36396faf-fdf3-4d18-ba10-ab2528a6acde",
    "vertices" : [ {
      "x" : -10.031153,
      "y" : 25.202883,
      "z" : 20.716814
    }, {
      "x" : -14.5172205,
      "y" : 20.062305,
      "z" : 23.489357
    }, {
      "x" : -4.486068,
      "y" : 16.230747,
      "z" : 29.68895
    }, {
      "x" : -1.059017,
      "y" : 21.775831,
      "z" : 26.2619
    } ],
    "faces" : [ {
      "vertices" : [ 0, 1, 2 ]
    }, {
      "vertices" : [ 0, 2, 3 ]
    }, {
      "vertices" : [ 0, 3, 2 ]
    }, {
      "vertices" : [ 0, 2, 1 ]
    } ]
  }, {
    "id" : "abf3b9dd-6538-4a7e-8932-271dbf5f3e3d",
    "vertices" : [ {
      "x" : -17.289762,
      "y" : -24.548374,
      "z" : -16.230747
    }, {
      "x" : -13.458204,
      "y" : -30.747967,
      "z" : -6.1995935
    }, {
      "x" : -16.230747,
      "y" : -29.68895,
      "z" : -4.486068
    }, {
      "x" : -20.062305,
      "y" : -23.489357,
      "z" : -14.5172205
    } ],
    "faces" : [ {
      "vertices" : [ 0, 1, 2 ]
    }, {
      "vertices" : [ 0, 2, 3 ]
    }, {
      "vertices" : [ 0, 3, 2 ]
    }, {
      "vertices" : [ 0, 2, 1 ]
    } ]
  }, {
    "id" : "339b20c9-376f-4c14-ab06-e3128676ad75",
    "vertices" : [ {
      "x" : 8.972136,
      "y" : 32.461494,
      "z" : 5.545085
    }, {
      "x" : 13.458204,
      "y" : 30.747967,
      "z" : 6.1995935
    }, {
      "x" : 16.230747,
      "y" : 29.68895,
      "z" : 4.486068
    }, {
      "x" : 17.944271,
      "y" : 29.034441,
      "z" : 0.0
    }, {
      "x" : 16.230747,
      "y" : 29.68895,
      "z" : -4.486068
    }, {
      "x" : 13.458204,
      "y" : 30.747967,
      "z" : -6.1995935
    }, {
      "x" : 8.972136,
      "y" : 32.461494,
      "z" : -5.545085
    }, {
      "x" : 6.1995935,
      "y" : 33.52051,
      "z" : -1.7135255
    }, {
      "x" : 6.1995935,
      "y" : 33.52051,
      "z" : 1.7135255
    } ],
    "faces" : [ {
      "vertices" : [ 0, 1, 2 ]
    }, {
      "vertices" : [ 0, 2, 3 ]
    }, {
      "vertices" : [ 0, 3, 4 ]
    }, {
      "vertices" : [ 0, 4, 5 ]
    }, {
      "vertices" : [ 0, 5, 6 ]
    }, {
      "vertices" : [ 0, 6, 7 ]
    }, {
      "vertices" : [ 0, 7, 8 ]
    }, {
      "vertices" : [ 0, 8, 7 ]
    }, {
      "vertices" : [ 0, 7, 6 ]
    }, {
      "vertices" : [ 0, 6, 5 ]
    }, {
      "vertices" : [ 0, 5, 4 ]
    }, {
      "vertices" : [ 0, 4, 3 ]
    }, {
      "vertices" : [ 0, 3, 2 ]
    }, {
      "vertices" : [ 0, 2, 1 ]
    } ]
  }, {
    "id" : "b584f451-7e10-43ff-a171-b220ac29c19a",
    "vertices" : [ {
      "x" : -20.716814,
      "y" : 10.031153,
      "z" : 25.202883
    }, {
      "x" : -26.2619,
      "y" : 1.059017,
      "z" : 21.775831
    }, {
      "x" : -17.944271,
      "y" : 0.0,
      "z" : 29.034441
    } ],
    "faces" : [ {
      "vertices" : [ 0, 1, 2 ]
    }, {
      "vertices" : [ 0, 2, 1 ]
    } ]
  }, {
    "id" : "2d861b14-9571-49fd-9cd8-7e03faebaccb",
    "vertices" : [ {
      "x" : -6.729102,
      "y" : 9.828898,
      "z" : 29.361696
    }, {
      "x" : 0.0,
      "y" : 0.0,
      "z" : 0.0
    }, {
      "x" : -7.2586102,
      "y" : -2.7725425,
      "z" : 27.975426
    } ],
    "faces" : [ {
      "vertices" : [ 0, 1, 2 ]
    }, {
      "vertices" : [ 0, 2, 1 ]
    } ]
  }, {
    "id" : "250120ca-a7d7-4166-887f-02a948a5742a",
    "vertices" : [ {
      "x" : -1.059017,
      "y" : -21.775831,
      "z" : 26.2619
    }, {
      "x" : -10.031153,
      "y" : -25.202883,
      "z" : 20.716814
    }, {
      "x" : 0.0,
      "y" : -29.034441,
      "z" : 17.944271
    } ],
    "faces" : [ {
      "vertices" : [ 0, 1, 2 ]
    }, {
      "vertices" : [ 0, 2, 1 ]
    } ]
  }, {
    "id" : "adccc72d-9e6c-4113-85ef-c593c107b782",
    "vertices" : [ {
      "x" : 7.2586102,
      "y" : 31.806984,
      "z" : -10.031153
    }, {
      "x" : 5.545085,
      "y" : 32.461494,
      "z" : -8.972136
    }, {
      "x" : 8.972136,
      "y" : 32.461494,
      "z" : -5.545085
    } ],
    "faces" : [ {
      "vertices" : [ 0, 1, 2 ]
    }, {
      "vertices" : [ 0, 2, 1 ]
    } ]
  }, {
    "id" : "8005c443-6e0b-4642-9b3a-b8ab1f511c90",
    "vertices" : [ {
      "x" : -6.1995935,
      "y" : -33.52051,
      "z" : -1.7135255
    }, {
      "x" : 6.1995935,
      "y" : -33.52051,
      "z" : -1.7135255
    }, {
      "x" : 6.1995935,
      "y" : -33.52051,
      "z" : 1.7135255
    }, {
      "x" : -6.1995935,
      "y" : -33.52051,
      "z" : 1.7135255
    } ],
    "faces" : [ {
      "vertices" : [ 0, 1, 2 ]
    }, {
      "vertices" : [ 0, 2, 3 ]
    }, {
      "vertices" : [ 0, 3, 2 ]
    }, {
      "vertices" : [ 0, 2, 1 ]
    } ]
  }, {
    "id" : "65c418ad-e401-4e1d-8bf9-9da89c53d34e",
    "vertices" : [ {
      "x" : -10.031153,
      "y" : 25.202883,
      "z" : -20.716814
    }, {
      "x" : -1.059017,
      "y" : 21.775831,
      "z" : -26.2619
    }, {
      "x" : -4.486068,
      "y" : 16.230747,
      "z" : -29.68895
    }, {
      "x" : -14.5172205,
      "y" : 20.062305,
      "z" : -23.489357
    } ],
    "faces" : [ {
      "vertices" : [ 0, 1, 2 ]
    }, {
      "vertices" : [ 0, 2, 3 ]
    }, {
      "vertices" : [ 0, 3, 2 ]
    }, {
      "vertices" : [ 0, 2, 1 ]
    } ]
  }, {
    "id" : "b52be79f-e991-4d16-a7a8-49292987882a",
    "vertices" : [ {
      "x" : -30.747967,
      "y" : -6.1995935,
      "z" : -13.458204
    }, {
      "x" : -31.806984,
      "y" : -10.031153,
      "z" : -7.2586102
    }, {
      "x" : -32.461494,
      "y" : -5.545085,
      "z" : -8.972136
    } ],
    "faces" : [ {
      "vertices" : [ 0, 1, 2 ]
    }, {
      "vertices" : [ 0, 2, 1 ]
    } ]
  }, {
    "id" : "e2e11185-f11e-46f2-8390-e86251d613c1",
    "vertices" : [ {
      "x" : 5.545085,
      "y" : -8.972136,
      "z" : -32.461494
    }, {
      "x" : 10.031153,
      "y" : -7.2586102,
      "z" : -31.806984
    }, {
      "x" : 6.1995935,
      "y" : -13.458204,
      "z" : -30.747967
    } ],
    "faces" : [ {
      "vertices" : [ 0, 1, 2 ]
    }, {
      "vertices" : [ 0, 2, 1 ]
    } ]
  }, {
    "id" : "3762ade6-f98b-488b-9250-1a2c8d594c19",
    "vertices" : [ {
      "x" : 8.972136,
      "y" : 5.545085,
      "z" : -32.461494
    }, {
      "x" : 10.031153,
      "y" : 7.2586102,
      "z" : -31.806984
    }, {
      "x" : 17.944271,
      "y" : 0.0,
      "z" : -29.034441
    } ],
    "faces" : [ {
      "vertices" : [ 0, 1, 2 ]
    }, {
      "vertices" : [ 0, 2, 1 ]
    } ]
  }, {
    "id" : "2a76430a-e7d9-4767-b946-5addd26c3a26",
    "vertices" : [ {
      "x" : 8.972136,
      "y" : 5.545085,
      "z" : -32.461494
    }, {
      "x" : 5.545085,
      "y" : 8.972136,
      "z" : -32.461494
    }, {
      "x" : 10.031153,
      "y" : 7.2586102,
      "z" : -31.806984
    } ],
    "faces" : [ {
      "vertices" : [ 0, 1, 2 ]
    }, {
      "vertices" : [ 0, 2, 1 ]
    } ]
  }, {
    "id" : "124ef83f-4532-4696-8fd4-19948dcfffd6",
    "vertices" : [ {
      "x" : 13.458204,
      "y" : -30.747967,
      "z" : -6.1995935
    }, {
      "x" : 7.2586102,
      "y" : -31.806984,
      "z" : -10.031153
    }, {
      "x" : 10.685661,
      "y" : -26.2619,
      "z" : -19.003288
    }, {
      "x" : 17.289762,
      "y" : -24.548374,
      "z" : -16.230747
    } ],
    "faces" : [ {
      "vertices" : [ 0, 1, 2 ]
    }, {
      "vertices" : [ 0, 2, 3 ]
    }, {
      "vertices" : [ 0, 3, 2 ]
    }, {
      "vertices" : [ 0, 2, 1 ]
    } ]
  }, {
    "id" : "01bf7dae-d054-4a1c-95c8-39a55dde6a72",
    "vertices" : [ {
      "x" : 21.775831,
      "y" : -26.2619,
      "z" : 1.059017
    }, {
      "x" : 17.944271,
      "y" : -29.034441,
      "z" : 0.0
    }, {
      "x" : 21.775831,
      "y" : -26.2619,
      "z" : -1.059017
    } ],
    "faces" : [ {
      "vertices" : [ 0, 1, 2 ]
    }, {
      "vertices" : [ 0, 2, 1 ]
    } ]
  }, {
    "id" : "f95e1d86-009c-40ef-bf17-bd699ba1195d",
    "vertices" : [ {
      "x" : 24.548374,
      "y" : 16.230747,
      "z" : 17.289762
    }, {
      "x" : 23.489357,
      "y" : 20.062305,
      "z" : 14.5172205
    }, {
      "x" : 20.062305,
      "y" : 23.489357,
      "z" : 14.5172205
    }, {
      "x" : 17.289762,
      "y" : 24.548374,
      "z" : 16.230747
    }, {
      "x" : 14.5172205,
      "y" : 23.489357,
      "z" : 20.062305
    }, {
      "x" : 14.5172205,
      "y" : 20.062305,
      "z" : 23.489357
    }, {
      "x" : 16.230747,
      "y" : 17.289762,
      "z" : 24.548374
    }, {
      "x" : 20.062305,
      "y" : 14.5172205,
      "z" : 23.489357
    }, {
      "x" : 23.489357,
      "y" : 14.5172205,
      "z" : 20.062305
    } ],
    "faces" : [ {
      "vertices" : [ 0, 1, 2 ]
    }, {
      "vertices" : [ 0, 2, 3 ]
    }, {
      "vertices" : [ 0, 3, 4 ]
    }, {
      "vertices" : [ 0, 4, 5 ]
    }, {
      "vertices" : [ 0, 5, 6 ]
    }, {
      "vertices" : [ 0, 6, 7 ]
    }, {
      "vertices" : [ 0, 7, 8 ]
    }, {
      "vertices" : [ 0, 8, 7 ]
    }, {
      "vertices" : [ 0, 7, 6 ]
    }, {
      "vertices" : [ 0, 6, 5 ]
    }, {
      "vertices" : [ 0, 5, 4 ]
    }, {
      "vertices" : [ 0, 4, 3 ]
    }, {
      "vertices" : [ 0, 3, 2 ]
    }, {
      "vertices" : [ 0, 2, 1 ]
    } ]
  }, {
    "id" : "403e1fea-3b47-46fc-a5ed-2db7abb4af70",
    "vertices" : [ {
      "x" : 19.003288,
      "y" : -10.685661,
      "z" : -26.2619
    }, {
      "x" : 16.230747,
      "y" : -17.289762,
      "z" : -24.548374
    }, {
      "x" : 6.1995935,
      "y" : -13.458204,
      "z" : -30.747967
    }, {
      "x" : 10.031153,
      "y" : -7.2586102,
      "z" : -31.806984
    } ],
    "faces" : [ {
      "vertices" : [ 0, 1, 2 ]
    }, {
      "vertices" : [ 0, 2, 3 ]
    }, {
      "vertices" : [ 0, 3, 2 ]
    }, {
      "vertices" : [ 0, 2, 1 ]
    } ]
  }, {
    "id" : "67b6aaa6-81cc-4f59-942d-6be65524b143",
    "vertices" : [ {
      "x" : -10.685661,
      "y" : -26.2619,
      "z" : 19.003288
    }, {
      "x" : -17.289762,
      "y" : -24.548374,
      "z" : 16.230747
    }, {
      "x" : -13.458204,
      "y" : -30.747967,
      "z" : 6.1995935
    }, {
      "x" : -7.2586102,
      "y" : -31.806984,
      "z" : 10.031153
    } ],
    "faces" : [ {
      "vertices" : [ 0, 1, 2 ]
    }, {
      "vertices" : [ 0, 2, 3 ]
    }, {
      "vertices" : [ 0, 3, 2 ]
    }, {
      "vertices" : [ 0, 2, 1 ]
    } ]
  }, {
    "id" : "5af0625e-37de-4c57-a946-006d6ef8fad7",
    "vertices" : [ {
      "x" : 29.68895,
      "y" : 4.486068,
      "z" : 16.230747
    }, {
      "x" : 30.747967,
      "y" : 6.1995935,
      "z" : 13.458204
    }, {
      "x" : 24.548374,
      "y" : 16.230747,
      "z" : 17.289762
    }, {
      "x" : 23.489357,
      "y" : 14.5172205,
      "z" : 20.062305
    } ],
    "faces" : [ {
      "vertices" : [ 0, 1, 2 ]
    }, {
      "vertices" : [ 0, 2, 3 ]
    }, {
      "vertices" : [ 0, 3, 2 ]
    }, {
      "vertices" : [ 0, 2, 1 ]
    } ]
  }, {
    "id" : "d153054a-572c-40d3-8a7b-21687268bb73",
    "vertices" : [ {
      "x" : 10.685661,
      "y" : 26.2619,
      "z" : -19.003288
    }, {
      "x" : 14.5172205,
      "y" : 23.489357,
      "z" : -20.062305
    }, {
      "x" : 10.031153,
      "y" : 25.202883,
      "z" : -20.716814
    } ],
    "faces" : [ {
      "vertices" : [ 0, 1, 2 ]
    }, {
      "vertices" : [ 0, 2, 1 ]
    } ]
  }, {
    "id" : "cd866790-46fd-4d08-83a1-a372c60c60e4",
    "vertices" : [ {
      "x" : -16.230747,
      "y" : 17.289762,
      "z" : -24.548374
    }, {
      "x" : -14.5172205,
      "y" : 20.062305,
      "z" : -23.489357
    }, {
      "x" : -4.486068,
      "y" : 16.230747,
      "z" : -29.68895
    }, {
      "x" : -6.1995935,
      "y" : 13.458204,
      "z" : -30.747967
    } ],
    "faces" : [ {
      "vertices" : [ 0, 1, 2 ]
    }, {
      "vertices" : [ 0, 2, 3 ]
    }, {
      "vertices" : [ 0, 3, 2 ]
    }, {
      "vertices" : [ 0, 2, 1 ]
    } ]
  }, {
    "id" : "59ae7f35-740e-4db2-9f91-12db3b267ddc",
    "vertices" : [ {
      "x" : 20.062305,
      "y" : -14.5172205,
      "z" : 23.489357
    }, {
      "x" : 23.489357,
      "y" : -14.5172205,
      "z" : 20.062305
    }, {
      "x" : 20.716814,
      "y" : -10.031153,
      "z" : 25.202883
    } ],
    "faces" : [ {
      "vertices" : [ 0, 1, 2 ]
    }, {
      "vertices" : [ 0, 2, 1 ]
    } ]
  }, {
    "id" : "ea2405a8-9fef-4a12-9322-45a5e7a55c0a",
    "vertices" : [ {
      "x" : 32.461494,
      "y" : -5.545085,
      "z" : 8.972136
    }, {
      "x" : 30.747967,
      "y" : -6.1995935,
      "z" : 13.458204
    }, {
      "x" : 31.806984,
      "y" : -10.031153,
      "z" : 7.2586102
    } ],
    "faces" : [ {
      "vertices" : [ 0, 1, 2 ]
    }, {
      "vertices" : [ 0, 2, 1 ]
    } ]
  }, {
    "id" : "79ceb4e2-01a9-4e3a-ae1f-2de6d87c0f3b",
    "vertices" : [ {
      "x" : -6.1995935,
      "y" : 33.52051,
      "z" : 1.7135255
    }, {
      "x" : -6.1995935,
      "y" : 33.52051,
