{
  "polygons" : "true",
  "field" : "sqrtPhi",
  "symmetry" : "icosahedral",
  "orientations" : [ [ 1.0, 0.0, 0.0, 0.0, 0.0, 1.0, 0.0, 0.0, 0.0, 0.0, 1.0, 0.0, 0.0, 0.0, 0.0, 1.0 ], [ 0.0, 0.0, 1.0, 0.0, 1.0, 0.0, 0.0, 0.0, 0.0, 1.0, 0.0, 0.0, 0.0, 0.0, 0.0, 1.0 ], [ 0.0, 1.0, 0.0, 0.0, 0.0, 0.0, 1.0, 0.0, 1.0, 0.0, 0.0, 0.0, 0.0, 0.0, 0.0, 1.0 ], [ 0.809017, 0.309017, 0.5, 0.0, 0.309017, 0.5, -0.809017, 0.0, -0.5, 0.809017, 0.309017, 0.0, 0.0, 0.0, 0.0, 1.0 ], [ -0.5, 0.809017, 0.309017, 0.0, 0.809017, 0.309017, 0.5, 0.0, 0.309017, 0.5, -0.809017, 0.0, 0.0, 0.0, 0.0, 1.0 ], [ 0.309017, 0.5, -0.809017, 0.0, -0.5, 0.809017, 0.309017, 0.0, 0.809017, 0.309017, 0.5, 0.0, 0.0, 0.0, 0.0, 1.0 ], [ 0.5, 0.809017, 0.309017, 0.0, 0.809017, -0.309017, -0.5, 0.0, -0.309017, 0.5, -0.809017, 0.0, 0.0, 0.0, 0.0, 1.0 ], [ -0.309017, 0.5, -0.809017, 0.0, 0.5, 0.809017, 0.309017, 0.0, 0.809017, -0.309017, -0.5, 0.0, 0.0, 0.0, 0.0, 1.0 ], [ 0.809017, -0.309017, -0.5, 0.0, -0.309017, 0.5, -0.809017, 0.0, 0.5, 0.809017, 0.309017, 0.0, 0.0, 0.0, 0.0, 1.0 ], [ 0.5, 0.809017, -0.309017, 0.0, 0.809017, -0.309017, 0.5, 0.0, 0.309017, -0.5, -0.809017, 0.0, 0.0, 0.0, 0.0, 1.0 ], [ 0.309017, -0.5, -0.809017, 0.0, 0.5, 0.809017, -0.309017, 0.0, 0.809017, -0.309017, 0.5, 0.0, 0.0, 0.0, 0.0, 1.0 ], [ 0.809017, -0.309017, 0.5, 0.0, 0.309017, -0.5, -0.809017, 0.0, 0.5, 0.809017, -0.309017, 0.0, 0.0, 0.0, 0.0, 1.0 ], [ 0.809017, 0.309017, -0.5, 0.0, 0.309017, 0.5, 0.809017, 0.0, 0.5, -0.809017, 0.309017, 0.0, 0.0, 0.0, 0.0, 1.0 ], [ 0.5, -0.809017, 0.309017, 0.0, 0.809017, 0.309017, -0.5, 0.0, 0.309017, 0.5, 0.809017, 0.0, 0.0, 0.0, 0.0, 1.0 ], [ 0.309017, 0.5, 0.809017, 0.0, 0.5, -0.809017, 0.309017, 0.0, 0.809017, 0.309017, -0.5, 0.0, 0.0, 0.0, 0.0, 1.0 ], [ 1.0, 0.0, 0.0, 0.0, 0.0, -1.0, 0.0, 0.0, 0.0, 0.0, -1.0, 0.0, 0.0, 0.0, 0.0, 1.0 ], [ 0.0, 0.0, 1.0, 0.0, -1.0, 0.0, 0.0, 0.0, 0.0, -1.0, 0.0, 0.0, 0.0, 0.0, 0.0, 1.0 ], [ 0.0, 1.0, 0.0, 0.0, 0.0, 0.0, -1.0, 0.0, -1.0, 0.0, 0.0, 0.0, 0.0, 0.0, 0.0, 1.0 ], [ 0.809017, 0.309017, 0.5, 0.0, -0.309017, -0.5, 0.809017, 0.0, 0.5, -0.809017, -0.309017, 0.0, 0.0, 0.0, 0.0, 1.0 ], [ -0.5, 0.809017, 0.309017, 0.0, -0.809017, -0.309017, -0.5, 0.0, -0.309017, -0.5, 0.809017, 0.0, 0.0, 0.0, 0.0, 1.0 ], [ 0.309017, 0.5, -0.809017, 0.0, 0.5, -0.809017, -0.309017, 0.0, -0.809017, -0.309017, -0.5, 0.0, 0.0, 0.0, 0.0, 1.0 ], [ 0.5, 0.809017, 0.309017, 0.0, -0.809017, 0.309017, 0.5, 0.0, 0.309017, -0.5, 0.809017, 0.0, 0.0, 0.0, 0.0, 1.0 ], [ -0.309017, 0.5, -0.809017, 0.0, -0.5, -0.809017, -0.309017, 0.0, -0.809017, 0.309017, 0.5, 0.0, 0.0, 0.0, 0.0, 1.0 ], [ 0.809017, -0.309017, -0.5, 0.0, 0.309017, -0.5, 0.809017, 0.0, -0.5, -0.809017, -0.309017, 0.0, 0.0, 0.0, 0.0, 1.0 ], [ 0.5, 0.809017, -0.309017, 0.0, -0.809017, 0.309017, -0.5, 0.0, -0.309017, 0.5, 0.809017, 0.0, 0.0, 0.0, 0.0, 1.0 ], [ 0.309017, -0.5, -0.809017, 0.0, -0.5, -0.809017, 0.309017, 0.0, -0.809017, 0.309017, -0.5, 0.0, 0.0, 0.0, 0.0, 1.0 ], [ 0.809017, -0.309017, 0.5, 0.0, -0.309017, 0.5, 0.809017, 0.0, -0.5, -0.809017, 0.309017, 0.0, 0.0, 0.0, 0.0, 1.0 ], [ 0.809017, 0.309017, -0.5, 0.0, -0.309017, -0.5, -0.809017, 0.0, -0.5, 0.809017, -0.309017, 0.0, 0.0, 0.0, 0.0, 1.0 ], [ 0.5, -0.809017, 0.309017, 0.0, -0.809017, -0.309017, 0.5, 0.0, -0.309017, -0.5, -0.809017, 0.0, 0.0, 0.0, 0.0, 1.0 ], [ 0.309017, 0.5, 0.809017, 0.0, -0.5, 0.809017, -0.309017, 0.0, -0.809017, -0.309017, 0.5, 0.0, 0.0, 0.0, 0.0, 1.0 ], [ -1.0, 0.0, 0.0, 0.0, 0.0, -1.0, 0.0, 0.0, 0.0, 0.0, 1.0, 0.0, 0.0, 0.0, 0.0, 1.0 ], [ 0.0, 0.0, -1.0, 0.0, -1.0, 0.0, 0.0, 0.0, 0.0, 1.0, 0.0, 0.0, 0.0, 0.0, 0.0, 1.0 ], [ 0.0, -1.0, 0.0, 0.0, 0.0, 0.0, -1.0, 0.0, 1.0, 0.0, 0.0, 0.0, 0.0, 0.0, 0.0, 1.0 ], [ -0.809017, -0.309017, -0.5, 0.0, -0.309017, -0.5, 0.809017, 0.0, -0.5, 0.809017, 0.309017, 0.0, 0.0, 0.0, 0.0, 1.0 ], [ 0.5, -0.809017, -0.309017, 0.0, -0.809017, -0.309017, -0.5, 0.0, 0.309017, 0.5, -0.809017, 0.0, 0.0, 0.0, 0.0, 1.0 ], [ -0.309017, -0.5, 0.809017, 0.0, 0.5, -0.809017, -0.309017, 0.0, 0.809017, 0.309017, 0.5, 0.0, 0.0, 0.0, 0.0, 1.0 ], [ -0.5, -0.809017, -0.309017, 0.0, -0.809017, 0.309017, 0.5, 0.0, -0.309017, 0.5, -0.809017, 0.0, 0.0, 0.0, 0.0, 1.0 ], [ 0.309017, -0.5, 0.809017, 0.0, -0.5, -0.809017, -0.309017, 0.0, 0.809017, -0.309017, -0.5, 0.0, 0.0, 0.0, 0.0, 1.0 ], [ -0.809017, 0.309017, 0.5, 0.0, 0.309017, -0.5, 0.809017, 0.0, 0.5, 0.809017, 0.309017, 0.0, 0.0, 0.0, 0.0, 1.0 ], [ -0.5, -0.809017, 0.309017, 0.0, -0.809017, 0.309017, -0.5, 0.0, 0.309017, -0.5, -0.809017, 0.0, 0.0, 0.0, 0.0, 1.0 ], [ -0.309017, 0.5, 0.809017, 0.0, -0.5, -0.809017, 0.309017, 0.0, 0.809017, -0.309017, 0.5, 0.0, 0.0, 0.0, 0.0, 1.0 ], [ -0.809017, 0.309017, -0.5, 0.0, -0.309017, 0.5, 0.809017, 0.0, 0.5, 0.809017, -0.309017, 0.0, 0.0, 0.0, 0.0, 1.0 ], [ -0.809017, -0.309017, 0.5, 0.0, -0.309017, -0.5, -0.809017, 0.0, 0.5, -0.809017, 0.309017, 0.0, 0.0, 0.0, 0.0, 1.0 ], [ -0.5, 0.809017, -0.309017, 0.0, -0.809017, -0.309017, 0.5, 0.0, 0.309017, 0.5, 0.809017, 0.0, 0.0, 0.0, 0.0, 1.0 ], [ -0.309017, -0.5, -0.809017, 0.0, -0.5, 0.809017, -0.309017, 0.0, 0.809017, 0.309017, -0.5, 0.0, 0.0, 0.0, 0.0, 1.0 ], [ -1.0, 0.0, 0.0, 0.0, 0.0, 1.0, 0.0, 0.0, 0.0, 0.0, -1.0, 0.0, 0.0, 0.0, 0.0, 1.0 ], [ 0.0, 0.0, -1.0, 0.0, 1.0, 0.0, 0.0, 0.0, 0.0, -1.0, 0.0, 0.0, 0.0, 0.0, 0.0, 1.0 ], [ 0.0, -1.0, 0.0, 0.0, 0.0, 0.0, 1.0, 0.0, -1.0, 0.0, 0.0, 0.0, 0.0, 0.0, 0.0, 1.0 ], [ -0.809017, -0.309017, -0.5, 0.0, 0.309017, 0.5, -0.809017, 0.0, 0.5, -0.809017, -0.309017, 0.0, 0.0, 0.0, 0.0, 1.0 ], [ 0.5, -0.809017, -0.309017, 0.0, 0.809017, 0.309017, 0.5, 0.0, -0.309017, -0.5, 0.809017, 0.0, 0.0, 0.0, 0.0, 1.0 ], [ -0.309017, -0.5, 0.809017, 0.0, -0.5, 0.809017, 0.309017, 0.0, -0.809017, -0.309017, -0.5, 0.0, 0.0, 0.0, 0.0, 1.0 ], [ -0.5, -0.809017, -0.309017, 0.0, 0.809017, -0.309017, -0.5, 0.0, 0.309017, -0.5, 0.809017, 0.0, 0.0, 0.0, 0.0, 1.0 ], [ 0.309017, -0.5, 0.809017, 0.0, 0.5, 0.809017, 0.309017, 0.0, -0.809017, 0.309017, 0.5, 0.0, 0.0, 0.0, 0.0, 1.0 ], [ -0.809017, 0.309017, 0.5, 0.0, -0.309017, 0.5, -0.809017, 0.0, -0.5, -0.809017, -0.309017, 0.0, 0.0, 0.0, 0.0, 1.0 ], [ -0.5, -0.809017, 0.309017, 0.0, 0.809017, -0.309017, 0.5, 0.0, -0.309017, 0.5, 0.809017, 0.0, 0.0, 0.0, 0.0, 1.0 ], [ -0.309017, 0.5, 0.809017, 0.0, 0.5, 0.809017, -0.309017, 0.0, -0.809017, 0.309017, -0.5, 0.0, 0.0, 0.0, 0.0, 1.0 ], [ -0.809017, 0.309017, -0.5, 0.0, 0.309017, -0.5, -0.809017, 0.0, -0.5, -0.809017, 0.309017, 0.0, 0.0, 0.0, 0.0, 1.0 ], [ -0.809017, -0.309017, 0.5, 0.0, 0.309017, 0.5, 0.809017, 0.0, -0.5, 0.809017, -0.309017, 0.0, 0.0, 0.0, 0.0, 1.0 ], [ -0.5, 0.809017, -0.309017, 0.0, 0.809017, 0.309017, -0.5, 0.0, -0.309017, -0.5, -0.809017, 0.0, 0.0, 0.0, 0.0, 1.0 ], [ -0.309017, -0.5, -0.809017, 0.0, 0.5, -0.809017, 0.309017, 0.0, -0.809017, -0.309017, 0.5, 0.0, 0.0, 0.0, 0.0, 1.0 ] ],
  "lights" : {
    "ambientColor" : "#292929",
    "backgroundColor" : "#AFC8DC",
    "directionalLights" : [ {
      "direction" : [ 1.0, -1.0, -1.0 ],
      "color" : "#EBEBE4"
    }, {
      "direction" : [ -1.0, 0.0, 0.0 ],
      "color" : "#E4E4EB"
    }, {
      "direction" : [ 0.0, 0.0, -1.0 ],
      "color" : "#1E1E1E"
    } ]
  },
  "camera" : {
    "lookAtPoint" : {
      "x" : 0.0,
      "y" : 0.0,
      "z" : 0.0
    },
    "lookDirection" : {
      "x" : 0.0,
      "y" : 0.0,
      "z" : -1.0
    },
    "upDirection" : {
      "x" : 0.0,
      "y" : 1.0,
      "z" : 0.0
    },
    "nearClipDistance" : 0.22255416,
    "farClipDistance" : 178.04332,
    "perspective" : true,
    "viewDistance" : 89.02164,
    "fieldOfView" : 0.44262886,
    "lookAtPointRV" : {
      "x" : 0.0,
      "y" : 0.0,
      "z" : 0.0,
      "zero" : true
    },
    "lookDirectionRV" : {
      "x" : 0.0,
      "y" : 0.0,
      "z" : -1.0,
      "zero" : false
    },
    "upDirectionRV" : {
      "x" : 0.0,
      "y" : 1.0,
      "z" : 0.0,
      "zero" : false
    },
    "width" : 40.059734,
    "stereo" : false,
    "position" : {
      "x" : 0.0,
      "y" : 0.0,
      "z" : 89.02164
    }
  },
  "embedding" : [ 1.0, 0.0, 0.0, 0.0, 0.0, 1.0, 0.0, 0.0, 0.0, 0.0, 1.0, 0.0, 0.0, 0.0, 0.0, 1.0 ],
  "shapes" : [ {
    "id" : "c5f5f85d-83a2-45e6-9279-cd3146a45fc3",
    "orbit" : "0",
    "orbitC" : "[[-1,1,0,0,1],[1,1,0,-1,1]]",
    "length" : "[1,0,1,0,1]",
    "name" : " :1 +phi",
    "vertices" : [ {
      "x" : 6.133035,
      "y" : -8.09521,
      "z" : -0.26666668
    }, {
      "x" : 6.0330353,
      "y" : -7.99521,
      "z" : 0.13333334
    }, {
      "x" : 0.52734596,
      "y" : -0.37692577,
      "z" : 0.26666668
    }, {
      "x" : 0.6273459,
      "y" : -0.47692576,
      "z" : -0.13333334
    }, {
      "x" : 6.3330355,
      "y" : -7.761877,
      "z" : 0.26666668
    }, {
      "x" : 6.4330354,
      "y" : -7.861877,
      "z" : -0.13333334
    }, {
      "x" : 0.32734594,
      "y" : -0.7102591,
      "z" : -0.26666668
    }, {
      "x" : 0.22734594,
      "y" : -0.6102591,
      "z" : 0.13333334
    } ],
    "faces" : [ {
      "vertices" : [ 2, 3, 6, 7 ]
    }, {
      "vertices" : [ 0, 5, 4, 1 ]
    }, {
      "vertices" : [ 2, 4, 5, 3 ]
    }, {
      "vertices" : [ 0, 6, 3, 5 ]
    }, {
      "vertices" : [ 0, 1, 7, 6 ]
    }, {
      "vertices" : [ 1, 4, 2, 7 ]
    } ]
  }, {
    "id" : "3e002b8c-3350-42c7-9d86-eb5167dbefea",
    "orbit" : "blue",
    "orbitC" : "[[0,0,0,0,1],[0,0,0,0,1]]",
    "length" : "[1,0,1,0,1]",
    "name" : " :1 +phi",
    "vertices" : [ {
      "x" : 0.42838138,
      "y" : 0.0,
      "z" : 0.0
    }, {
      "x" : 1.121517,
      "y" : -0.3465678,
      "z" : -0.21419069
    }, {
      "x" : 1.121517,
      "y" : -0.3465678,
      "z" : 0.21419069
    }, {
      "x" : 1.121517,
      "y" : 0.3465678,
      "z" : -0.21419069
    }, {
      "x" : 1.121517,
      "y" : 0.3465678,
      "z" : 0.21419069
    }, {
      "x" : 9.655207,
      "y" : -0.3465678,
      "z" : -0.21419069
    }, {
      "x" : 9.655207,
      "y" : -0.3465678,
      "z" : 0.21419069
    }, {
      "x" : 9.655207,
      "y" : 0.3465678,
      "z" : -0.21419069
    }, {
      "x" : 9.655207,
      "y" : 0.3465678,
      "z" : 0.21419069
    }, {
      "x" : 10.348342,
      "y" : 0.0,
      "z" : 0.0
    }, {
      "x" : 10.776724,
      "y" : 0.0,
      "z" : 0.0
    } ],
    "faces" : [ {
      "vertices" : [ 1, 3, 7, 5 ]
    }, {
      "vertices" : [ 0, 1, 2 ]
    }, {
      "vertices" : [ 0, 3, 1 ]
    }, {
      "vertices" : [ 5, 9, 6 ]
    }, {
      "vertices" : [ 2, 6, 8, 4 ]
    }, {
      "vertices" : [ 5, 7, 9 ]
    }, {
      "vertices" : [ 0, 2, 4 ]
    }, {
      "vertices" : [ 3, 4, 8, 7 ]
    }, {
      "vertices" : [ 0, 4, 3 ]
    }, {
      "vertices" : [ 6, 9, 8 ]
    }, {
      "vertices" : [ 7, 8, 9 ]
    }, {
      "vertices" : [ 1, 5, 6, 2 ]
    } ]
  }, {
    "id" : "8c63c6e8-1206-4114-85c0-c73cc48e65fe",
    "name" : "ball",
    "vertices" : [ {
      "x" : -0.3465678,
      "y" : -0.21419069,
      "z" : 0.0
    }, {
      "x" : -0.3465678,
      "y" : 0.21419069,
      "z" : 0.0
    }, {
      "x" : -0.21419069,
      "y" : 0.0,
      "z" : -0.3465678
    }, {
      "x" : -0.21419069,
      "y" : 0.0,
      "z" : 0.3465678
    }, {
      "x" : 0.0,
      "y" : -0.3465678,
      "z" : -0.21419069
    }, {
      "x" : 0.0,
      "y" : -0.3465678,
      "z" : 0.21419069
    }, {
      "x" : 0.0,
      "y" : 0.3465678,
      "z" : -0.21419069
    }, {
      "x" : 0.0,
      "y" : 0.3465678,
      "z" : 0.21419069
    }, {
      "x" : 0.21419069,
      "y" : 0.0,
      "z" : -0.3465678
    }, {
      "x" : 0.21419069,
      "y" : 0.0,
      "z" : 0.3465678
    }, {
      "x" : 0.3465678,
      "y" : -0.21419069,
      "z" : 0.0
    }, {
      "x" : 0.3465678,
      "y" : 0.21419069,
      "z" : 0.0
    } ],
    "faces" : [ {
      "vertices" : [ 0, 1, 2 ]
    }, {
      "vertices" : [ 0, 3, 1 ]
    }, {
      "vertices" : [ 0, 2, 4 ]
    }, {
      "vertices" : [ 0, 5, 3 ]
    }, {
      "vertices" : [ 0, 4, 5 ]
    }, {
      "vertices" : [ 1, 6, 2 ]
    }, {
      "vertices" : [ 1, 3, 7 ]
    }, {
      "vertices" : [ 1, 7, 6 ]
    }, {
      "vertices" : [ 2, 8, 4 ]
    }, {
      "vertices" : [ 2, 6, 8 ]
    }, {
      "vertices" : [ 3, 5, 9 ]
    }, {
      "vertices" : [ 3, 9, 7 ]
    }, {
      "vertices" : [ 4, 10, 5 ]
    }, {
      "vertices" : [ 4, 8, 10 ]
    }, {
      "vertices" : [ 5, 10, 9 ]
    }, {
      "vertices" : [ 6, 7, 11 ]
    }, {
      "vertices" : [ 6, 11, 8 ]
    }, {
      "vertices" : [ 7, 9, 11 ]
    }, {
      "vertices" : [ 8, 11, 10 ]
    }, {
      "vertices" : [ 9, 10, 11 ]
    } ]
  }, {
    "id" : "96c674a9-6e3a-4228-b2b3-ed4a19d1720a",
    "orbit" : "blue",
    "orbitC" : "[[0,0,0,0,1],[0,0,0,0,1]]",
    "length" : "[0,0,0,1,1]",
    "name" : " :phi*sqrt(phi)",
    "vertices" : [ {
      "x" : 0.42838138,
      "y" : 0.0,
      "z" : 0.0
    }, {
      "x" : 1.121517,
      "y" : -0.3465678,
      "z" : -0.21419069
    }, {
      "x" : 1.121517,
      "y" : -0.3465678,
      "z" : 0.21419069
    }, {
      "x" : 1.121517,
      "y" : 0.3465678,
      "z" : -0.21419069
    }, {
      "x" : 1.121517,
      "y" : 0.3465678,
      "z" : 0.21419069
    }, {
      "x" : 7.350619,
      "y" : -0.3465678,
      "z" : -0.21419069
    }, {
      "x" : 7.350619,
      "y" : -0.3465678,
      "z" : 0.21419069
    }, {
      "x" : 7.350619,
      "y" : 0.3465678,
      "z" : -0.21419069
    }, {
      "x" : 7.350619,
      "y" : 0.3465678,
      "z" : 0.21419069
    }, {
      "x" : 8.043755,
      "y" : 0.0,
      "z" : 0.0
    }, {
      "x" : 8.472136,
      "y" : 0.0,
      "z" : 0.0
    } ],
    "faces" : [ {
      "vertices" : [ 1, 3, 7, 5 ]
    }, {
      "vertices" : [ 0, 1, 2 ]
    }, {
      "vertices" : [ 0, 3, 1 ]
    }, {
      "vertices" : [ 5, 9, 6 ]
    }, {
      "vertices" : [ 2, 6, 8, 4 ]
    }, {
      "vertices" : [ 5, 7, 9 ]
    }, {
      "vertices" : [ 0, 2, 4 ]
    }, {
      "vertices" : [ 3, 4, 8, 7 ]
    }, {
      "vertices" : [ 0, 4, 3 ]
    }, {
      "vertices" : [ 6, 9, 8 ]
    }, {
      "vertices" : [ 7, 8, 9 ]
    }, {
      "vertices" : [ 1, 5, 6, 2 ]
    } ]
  }, {
    "id" : "63269b6d-1f88-4d35-9bd3-92e425b112b8",
    "orbit" : "blue",
    "orbitC" : "[[0,0,0,0,1],[0,0,0,0,1]]",
    "length" : "[1,0,1,-1,1]",
    "name" : " :1 +phi -phi*sqrt(phi)",
    "vertices" : [ {
      "x" : 0.42838138,
      "y" : 0.0,
      "z" : 0.0
    }, {
      "x" : 1.121517,
      "y" : -0.3465678,
      "z" : -0.21419069
    }, {
      "x" : 1.121517,
      "y" : -0.3465678,
      "z" : 0.21419069
    }, {
      "x" : 1.121517,
      "y" : 0.3465678,
      "z" : -0.21419069
    }, {
      "x" : 1.121517,
      "y" : 0.3465678,
      "z" : 0.21419069
    }, {
      "x" : 1.1830704,
      "y" : -0.3465678,
      "z" : -0.21419069
    }, {
      "x" : 1.1830704,
      "y" : -0.3465678,
      "z" : 0.21419069
    }, {
      "x" : 1.1830704,
      "y" : 0.3465678,
      "z" : -0.21419069
    }, {
      "x" : 1.1830704,
      "y" : 0.3465678,
      "z" : 0.21419069
    }, {
      "x" : 1.876206,
      "y" : 0.0,
      "z" : 0.0
    }, {
      "x" : 2.3045874,
      "y" : 0.0,
      "z" : 0.0
    } ],
    "faces" : [ {
      "vertices" : [ 1, 3, 7, 5 ]
    }, {
      "vertices" : [ 0, 1, 2 ]
    }, {
      "vertices" : [ 0, 3, 1 ]
    }, {
      "vertices" : [ 5, 9, 6 ]
    }, {
      "vertices" : [ 2, 6, 8, 4 ]
    }, {
      "vertices" : [ 5, 7, 9 ]
    }, {
      "vertices" : [ 0, 2, 4 ]
    }, {
      "vertices" : [ 3, 4, 8, 7 ]
    }, {
      "vertices" : [ 0, 4, 3 ]
    }, {
      "vertices" : [ 6, 9, 8 ]
    }, {
      "vertices" : [ 7, 8, 9 ]
    }, {
      "vertices" : [ 1, 5, 6, 2 ]
    } ]
  }, {
    "id" : "d340634c-71b2-4555-9cae-982976035276",
    "orbit" : "blue",
    "orbitC" : "[[0,0,0,0,1],[0,0,0,0,1]]",
    "length" : "[0,0,1,0,1]",
    "name" : "b3",
    "vertices" : [ {
      "x" : 0.42838138,
      "y" : 0.0,
      "z" : 0.0
    }, {
      "x" : 1.121517,
      "y" : -0.3465678,
      "z" : -0.21419069
    }, {
      "x" : 1.121517,
      "y" : -0.3465678,
      "z" : 0.21419069
    }, {
      "x" : 1.121517,
      "y" : 0.3465678,
      "z" : -0.21419069
    }, {
      "x" : 1.121517,
      "y" : 0.3465678,
      "z" : 0.21419069
    }, {
      "x" : 5.538864,
      "y" : -0.3465678,
      "z" : -0.21419069
    }, {
      "x" : 5.538864,
      "y" : -0.3465678,
      "z" : 0.21419069
    }, {
      "x" : 5.538864,
      "y" : 0.3465678,
      "z" : -0.21419069
    }, {
      "x" : 5.538864,
      "y" : 0.3465678,
      "z" : 0.21419069
    }, {
      "x" : 6.232,
      "y" : 0.0,
      "z" : 0.0
    }, {
      "x" : 6.6603813,
      "y" : 0.0,
      "z" : 0.0
    } ],
    "faces" : [ {
      "vertices" : [ 1, 3, 7, 5 ]
    }, {
      "vertices" : [ 0, 1, 2 ]
    }, {
      "vertices" : [ 0, 3, 1 ]
    }, {
      "vertices" : [ 5, 9, 6 ]
    }, {
      "vertices" : [ 2, 6, 8, 4 ]
    }, {
      "vertices" : [ 5, 7, 9 ]
    }, {
      "vertices" : [ 0, 2, 4 ]
    }, {
      "vertices" : [ 3, 4, 8, 7 ]
    }, {
      "vertices" : [ 0, 4, 3 ]
    }, {
      "vertices" : [ 6, 9, 8 ]
    }, {
      "vertices" : [ 7, 8, 9 ]
    }, {
      "vertices" : [ 1, 5, 6, 2 ]
    } ]
  }, {
    "id" : "676b0d23-20a4-4cf3-a501-8df969f458da",
    "orbit" : "4",
    "orbitC" : "[[2,10,-3,-4,11],[-3,-4,-1,6,11]]",
    "length" : "[1,0,2,0,1]",
    "name" : " :1 +2*phi",
    "vertices" : [ {
      "x" : -7.5504656,
      "y" : 12.54538,
      "z" : 0.29942715
    }, {
      "x" : -7.4504657,
      "y" : 12.44538,
      "z" : 0.6994271
    }, {
      "x" : -0.45593017,
      "y" : 0.40924045,
      "z" : 0.29300362
    }, {
      "x" : -0.5559302,
      "y" : 0.50924045,
      "z" : -0.10699639
    }, {
      "x" : -7.7504654,
      "y" : 12.212047,
      "z" : 0.8327605
    }, {
      "x" : -7.8504653,
      "y" : 12.312047,
      "z" : 0.43276048
    }, {
      "x" : -0.2559302,
      "y" : 0.7425738,
      "z" : -0.24032973
    }, {
      "x" : -0.15593018,
      "y" : 0.6425738,
      "z" : 0.15967028
    } ],
    "faces" : [ {
      "vertices" : [ 2, 3, 6, 7 ]
    }, {
      "vertices" : [ 0, 5, 4, 1 ]
    }, {
      "vertices" : [ 2, 4, 5, 3 ]
    }, {
      "vertices" : [ 0, 6, 3, 5 ]
    }, {
      "vertices" : [ 0, 1, 7, 6 ]
    }, {
      "vertices" : [ 1, 4, 2, 7 ]
    } ]
  }, {
    "id" : "74766e2d-3acc-4528-a18a-3245a5bd9aba",
    "orbit" : "5",
    "orbitC" : "[[6,8,7,-10,29],[5,26,1,-18,29]]",
    "length" : "[1,0,2,0,1]",
    "name" : " :1 +2*phi",
    "vertices" : [ {
      "x" : -6.898307,
      "y" : 4.8708816,
      "z" : 11.902522
    }, {
      "x" : -6.9983068,
      "y" : 4.4708815,
      "z" : 12.0025215
    }, {
      "x" : -0.51565814,
      "y" : 0.07734307,
      "z" : 0.4596679
    }, {
      "x" : -0.41565815,
      "y" : 0.47734305,
      "z" : 0.3596679
    }, {
      "x" : -7.298307,
      "y" : 4.604215,
      "z" : 11.769188
    }, {
      "x" : -7.1983066,
      "y" : 5.004215,
      "z" : 11.6691885
    }, {
      "x" : -0.11565815,
      "y" : 0.34400973,
      "z" : 0.59300125
    }, {
      "x" : -0.21565814,
      "y" : -0.055990268,
      "z" : 0.6930012
    } ],
    "faces" : [ {
      "vertices" : [ 2, 3, 6, 7 ]
    }, {
      "vertices" : [ 0, 5, 4, 1 ]
    }, {
      "vertices" : [ 2, 4, 5, 3 ]
    }, {
      "vertices" : [ 0, 6, 3, 5 ]
    }, {
      "vertices" : [ 0, 1, 7, 6 ]
    }, {
      "vertices" : [ 1, 4, 2, 7 ]
    } ]
  }, {
    "id" : "6eca108b-67e6-4552-a2ee-e9bc2982f617",
    "vertices" : [ {
      "x" : 0.0,
      "y" : 0.0,
      "z" : 0.0
    }, {
      "x" : -2.177897,
      "y" : 3.5239112,
      "z" : -14.666777
    }, {
      "x" : 8.472136,
      "y" : -6.6603813,
      "z" : -10.776724
    } ],
    "faces" : [ {
      "vertices" : [ 0, 1, 2 ]
    }, {
      "vertices" : [ 0, 2, 1 ]
    } ]
  }, {
    "id" : "b6687582-d2f0-48a9-95df-6c8d0c02f300",
    "vertices" : [ {
      "x" : 0.0,
      "y" : 0.0,
      "z" : 0.0
    }, {
      "x" : -8.472136,
      "y" : 6.6603813,
      "z" : 10.776724
    }, {
      "x" : -10.650033,
      "y" : 10.184293,
      "z" : -3.8900537
    } ],
    "faces" : [ {
      "vertices" : [ 0, 1, 2 ]
    }, {
      "vertices" : [ 0, 2, 1 ]
    } ]
  }, {
    "id" : "fa37a0e3-afa3-4f98-8d18-6230c1fd24d9",
    "vertices" : [ {
      "x" : 0.0,
      "y" : 0.0,
      "z" : 0.0
    }, {
      "x" : -2.177897,
      "y" : 3.5239112,
      "z" : -14.666777
    }, {
      "x" : -10.650033,
      "y" : 10.184293,
      "z" : -3.8900537
    } ],
    "faces" : [ {
      "vertices" : [ 0, 1, 2 ]
    }, {
      "vertices" : [ 0, 2, 1 ]
    } ]
  }, {
    "id" : "e1cd2a6c-847d-4211-978f-86c8cf1800c0",
    "vertices" : [ {
      "x" : 0.0,
      "y" : 0.0,
      "z" : 0.0
    }, {
      "x" : 10.650033,
      "y" : -10.184293,
      "z" : 3.8900537
    }, {
      "x" : 2.177897,
      "y" : -3.5239112,
      "z" : 14.666777
    } ],
    "faces" : [ {
      "vertices" : [ 0, 1, 2 ]
    }, {
      "vertices" : [ 0, 2, 1 ]
    } ]
  }, {
    "id" : "772b43a2-75d1-423c-a511-1cbf1ab343aa",
    "vertices" : [ {
      "x" : 0.0,
      "y" : 0.0,
      "z" : 0.0
    }, {
      "x" : -8.472136,
      "y" : 6.6603813,
      "z" : 10.776724
    }, {
      "x" : 2.177897,
      "y" : -3.5239112,
      "z" : 14.666777
    } ],
    "faces" : [ {
      "vertices" : [ 0, 1, 2 ]
    }, {
      "vertices" : [ 0, 2, 1 ]
    } ]
  }, {
    "id" : "2c7df5e0-12aa-4e17-b8bf-67d91f8912f0",
    "vertices" : [ {
      "x" : 0.0,
      "y" : 0.0,
      "z" : 0.0
    }, {
      "x" : -5.236068,
      "y" : 4.116342,
      "z" : -13.708204
    }, {
      "x" : -1.3460144,
      "y" : 14.766375,
      "z" : -3.5239112
    } ],
    "faces" : [ {
      "vertices" : [ 0, 1, 2 ]
    }, {
      "vertices" : [ 0, 2, 1 ]
    } ]
  }, {
    "id" : "95ceda7f-43d4-4cf5-ac03-6523c1aec0e8",
    "vertices" : [ {
      "x" : 0.0,
      "y" : 0.0,
      "z" : 0.0
    }, {
      "x" : -1.3460144,
      "y" : -14.766375,
      "z" : -3.5239112
    }, {
      "x" : -5.236068,
      "y" : -4.116342,
      "z" : -13.708204
    } ],
    "faces" : [ {
      "vertices" : [ 0, 1, 2 ]
    }, {
      "vertices" : [ 0, 2, 1 ]
    } ]
  }, {
    "id" : "db4fd70a-dfeb-42f1-a288-947558f3beef",
    "vertices" : [ {
      "x" : 0.0,
      "y" : 0.0,
      "z" : 0.0
    }, {
      "x" : 10.650033,
      "y" : -10.184293,
      "z" : 3.8900537
    }, {
      "x" : 8.472136,
      "y" : -6.6603813,
      "z" : -10.776724
    } ],
    "faces" : [ {
      "vertices" : [ 0, 1, 2 ]
    }, {
      "vertices" : [ 0, 2, 1 ]
    } ]
  }, {
    "id" : "0b70bbe8-9ef0-4bd6-9510-102f186cbaaf",
    "vertices" : [ {
      "x" : 0.0,
      "y" : 0.0,
      "z" : 0.0
    }, {
      "x" : 1.7121567,
      "y" : 2.7703278,
      "z" : 4.4824843
    }, {
      "x" : 1.7121567,
      "y" : -2.7703278,
      "z" : 4.4824843
    } ],
    "faces" : [ {
      "vertices" : [ 0, 1, 2 ]
    }, {
      "vertices" : [ 0, 2, 1 ]
    } ]
  }, {
    "id" : "6a9d884e-069b-4a80-acac-8541aeb9030e",
    "vertices" : [ {
      "x" : 0.0,
      "y" : 0.0,
      "z" : 0.0
    }, {
      "x" : 0.0,
      "y" : 0.0,
      "z" : 4.355794
    }, {
      "x" : 0.0,
      "y" : -5.5406556,
      "z" : 4.355794
    }, {
      "x" : 0.0,
      "y" : -5.5406556,
      "z" : 0.0
    } ],
    "faces" : [ {
      "vertices" : [ 0, 1, 2, 3 ]
    }, {
      "vertices" : [ 0, 3, 2, 1 ]
    } ]
  }, {
    "id" : "c520b613-bb56-4828-928d-b506b0f952fa",
    "orbit" : "blue",
    "orbitC" : "[[0,0,0,0,1],[0,0,0,0,1]]",
    "length" : "[1,-1,1,0,1]",
    "name" : " :1 -sqrt(phi) +phi",
    "vertices" : [ {
      "x" : 0.42838138,
      "y" : 0.0,
      "z" : 0.0
    }, {
      "x" : 1.121517,
      "y" : -0.3465678,
      "z" : -0.21419069
    }, {
      "x" : 1.121517,
      "y" : -0.3465678,
      "z" : 0.21419069
    }, {
      "x" : 1.121517,
      "y" : 0.3465678,
      "z" : -0.21419069
    }, {
      "x" : 1.121517,
      "y" : 0.3465678,
      "z" : 0.21419069
    }, {
      "x" : 4.4191384,
      "y" : -0.3465678,
      "z" : -0.21419069
    }, {
      "x" : 4.4191384,
      "y" : -0.3465678,
      "z" : 0.21419069
    }, {
      "x" : 4.4191384,
      "y" : 0.3465678,
      "z" : -0.21419069
    }, {
      "x" : 4.4191384,
      "y" : 0.3465678,
      "z" : 0.21419069
    }, {
      "x" : 5.112274,
      "y" : 0.0,
      "z" : 0.0
    }, {
      "x" : 5.5406556,
      "y" : 0.0,
      "z" : 0.0
    } ],
    "faces" : [ {
      "vertices" : [ 1, 3, 7, 5 ]
    }, {
      "vertices" : [ 0, 1, 2 ]
    }, {
      "vertices" : [ 0, 3, 1 ]
    }, {
      "vertices" : [ 5, 9, 6 ]
    }, {
      "vertices" : [ 2, 6, 8, 4 ]
    }, {
      "vertices" : [ 5, 7, 9 ]
    }, {
      "vertices" : [ 0, 2, 4 ]
    }, {
      "vertices" : [ 3, 4, 8, 7 ]
    }, {
      "vertices" : [ 0, 4, 3 ]
    }, {
      "vertices" : [ 6, 9, 8 ]
    }, {
      "vertices" : [ 7, 8, 9 ]
    }, {
      "vertices" : [ 1, 5, 6, 2 ]
    } ]
  }, {
    "id" : "d4b215cd-7d55-4778-9cd1-ff80562e6314",
    "orbit" : "blue",
    "orbitC" : "[[0,0,0,0,1],[0,0,0,0,1]]",
    "length" : "[-1,0,0,1,1]",
    "name" : " :-1 +phi*sqrt(phi)",
    "vertices" : [ {
      "x" : 0.42838138,
      "y" : 0.0,
      "z" : 0.0
    }, {
      "x" : 1.121517,
      "y" : -0.3465678,
      "z" : -0.21419069
    }, {
      "x" : 1.121517,
      "y" : -0.3465678,
      "z" : 0.21419069
    }, {
      "x" : 1.121517,
      "y" : 0.3465678,
      "z" : -0.21419069
    }, {
      "x" : 1.121517,
      "y" : 0.3465678,
      "z" : 0.21419069
    }, {
      "x" : 3.234277,
      "y" : -0.3465678,
      "z" : -0.21419069
    }, {
      "x" : 3.234277,
      "y" : -0.3465678,
      "z" : 0.21419069
    }, {
      "x" : 3.234277,
      "y" : 0.3465678,
      "z" : -0.21419069
    }, {
      "x" : 3.234277,
      "y" : 0.3465678,
      "z" : 0.21419069
    }, {
      "x" : 3.9274125,
      "y" : 0.0,
      "z" : 0.0
    }, {
      "x" : 4.355794,
      "y" : 0.0,
      "z" : 0.0
    } ],
    "faces" : [ {
      "vertices" : [ 1, 3, 7, 5 ]
    }, {
      "vertices" : [ 0, 1, 2 ]
    }, {
      "vertices" : [ 0, 3, 1 ]
    }, {
      "vertices" : [ 5, 9, 6 ]
    }, {
      "vertices" : [ 2, 6, 8, 4 ]
    }, {
      "vertices" : [ 5, 7, 9 ]
    }, {
      "vertices" : [ 0, 2, 4 ]
    }, {
      "vertices" : [ 3, 4, 8, 7 ]
    }, {
      "vertices" : [ 0, 4, 3 ]
    }, {
      "vertices" : [ 6, 9, 8 ]
    }, {
      "vertices" : [ 7, 8, 9 ]
    }, {
      "vertices" : [ 1, 5, 6, 2 ]
    } ]
  }, {
    "id" : "07335282-7be1-4d87-953b-66343d229ac0",
    "vertices" : [ {
      "x" : 0.0,
      "y" : 0.0,
      "z" : 0.0
    }, {
      "x" : -1.3460144,
      "y" : 2.177897,
      "z" : 3.5239112
    }, {
      "x" : 0.0,
      "y" : 0.0,
      "z" : 7.0478225
    }, {
      "x" : 2.177897,
      "y" : -3.5239112,
      "z" : 5.7018085
    }, {
      "x" : 2.177897,
      "y" : -3.5239112,
      "z" : 1.3460144
    } ],
    "faces" : [ {
      "vertices" : [ 0, 1, 2, 3, 4 ]
    }, {
      "vertices" : [ 0, 4, 3, 2, 1 ]
    } ]
  }, {
    "id" : "9409575e-9501-4955-85fb-d75589c5fda9",
    "vertices" : [ {
      "x" : 0.0,
      "y" : 0.0,
      "z" : 0.0
    }, {
      "x" : 0.0,
      "y" : 5.5406556,
      "z" : 0.0
    }, {
      "x" : 0.0,
      "y" : 5.5406556,
      "z" : 4.355794
    }, {
      "x" : 0.0,
      "y" : 0.0,
      "z" : 4.355794
    } ],
    "faces" : [ {
      "vertices" : [ 0, 1, 2, 3 ]
    }, {
      "vertices" : [ 0, 3, 2, 1 ]
    } ]
  }, {
    "id" : "8da5e4f2-7fd1-4a79-ac7a-0aa5afc977c6",
    "vertices" : [ {
      "x" : 0.0,
      "y" : 0.0,
      "z" : 0.0
    }, {
      "x" : 0.0,
      "y" : 0.0,
      "z" : -4.355794
    }, {
      "x" : 0.0,
      "y" : 5.5406556,
      "z" : -4.355794
    }, {
      "x" : 0.0,
      "y" : 5.5406556,
      "z" : 0.0
    } ],
    "faces" : [ {
      "vertices" : [ 0, 1, 2, 3 ]
    }, {
      "vertices" : [ 0, 3, 2, 1 ]
    } ]
  }, {
    "id" : "82de6143-a6e3-4191-a506-502f74b0a87b",
    "vertices" : [ {
      "x" : 0.0,
      "y" : 0.0,
      "z" : 0.0
    }, {
      "x" : 0.0,
      "y" : -5.5406556,
      "z" : 0.0
    }, {
      "x" : -1.7121567,
      "y" : -2.7703278,
      "z" : -4.4824843
    } ],
    "faces" : [ {
      "vertices" : [ 0, 1, 2 ]
    }, {
      "vertices" : [ 0, 2, 1 ]
    } ]
  }, {
    "id" : "cb31be7a-f5c6-45ba-a695-af8c24e88bcd",
    "vertices" : [ {
      "x" : 0.0,
      "y" : 0.0,
      "z" : 0.0
    }, {
      "x" : -1.7121567,
      "y" : 2.7703278,
      "z" : -4.4824843
    }, {
      "x" : 0.0,
      "y" : 5.5406556,
      "z" : 0.0
    } ],
    "faces" : [ {
      "vertices" : [ 0, 1, 2 ]
    }, {
      "vertices" : [ 0, 2, 1 ]
    } ]
  }, {
    "id" : "d5473fb5-2661-402a-8476-e47ee18e9697",
    "vertices" : [ {
      "x" : 0.0,
      "y" : 0.0,
      "z" : 0.0
    }, {
      "x" : 0.0,
      "y" : -5.5406556,
      "z" : 0.0
    }, {
      "x" : 0.0,
      "y" : -5.5406556,
      "z" : -4.355794
    }, {
      "x" : 0.0,
      "y" : 0.0,
      "z" : -4.355794
    } ],
    "faces" : [ {
      "vertices" : [ 0, 1, 2, 3 ]
    }, {
      "vertices" : [ 0, 3, 2, 1 ]
    } ]
  }, {
    "id" : "a8b10e09-9f53-49bc-85aa-bf2cbdd7aa20",
    "vertices" : [ {
      "x" : 0.0,
      "y" : 0.0,
      "z" : 0.0
    }, {
      "x" : -2.177897,
      "y" : 3.5239112,
      "z" : -1.3460144
    }, {
      "x" : -3.5239112,
      "y" : 5.7018085,
      "z" : 2.177897
    }, {
      "x" : -2.177897,
      "y" : 3.5239112,
      "z" : 5.7018085
    }, {
      "x" : 0.0,
      "y" : 0.0,
      "z" : 4.355794
    } ],
    "faces" : [ {
      "vertices" : [ 0, 1, 2, 3, 4 ]
    }, {
      "vertices" : [ 0, 4, 3, 2, 1 ]
    } ]
  }, {
    "id" : "06e31806-33a8-4800-87c7-8f35d4bc7831",
    "vertices" : [ {
      "x" : 0.0,
      "y" : 0.0,
      "z" : 0.0
    }, {
      "x" : 1.3460144,
      "y" : -2.177897,
      "z" : 3.5239112
    }, {
      "x" : 3.5239112,
      "y" : -5.7018085,
      "z" : 2.177897
    }, {
      "x" : 3.5239112,
      "y" : -5.7018085,
      "z" : -2.177897
    }, {
      "x" : 1.3460144,
      "y" : -2.177897,
      "z" : -3.5239112
    } ],
    "faces" : [ {
      "vertices" : [ 0, 1, 2, 3, 4 ]
    }, {
      "vertices" : [ 0, 4, 3, 2, 1 ]
    } ]
  }, {
    "id" : "40237b01-275c-4ecc-bb03-b9659d3c50f0",
    "vertices" : [ {
      "x" : 0.0,
      "y" : 0.0,
      "z" : 0.0
    }, {
      "x" : 2.177897,
      "y" : -3.5239112,
      "z" : -1.3460144
    }, {
      "x" : 2.177897,
      "y" : -3.5239112,
      "z" : -5.7018085
    }, {
      "x" : 0.0,
      "y" : 0.0,
      "z" : -7.0478225
    }, {
      "x" : -1.3460144,
      "y" : 2.177897,
      "z" : -3.5239112
    } ],
    "faces" : [ {
      "vertices" : [ 0, 1, 2, 3, 4 ]
    }, {
      "vertices" : [ 0, 4, 3, 2, 1 ]
    } ]
  }, {
    "id" : "1262964b-a0b6-4580-996b-0ff982f5a1a7",
    "vertices" : [ {
      "x" : 0.0,
      "y" : 0.0,
      "z" : 0.0
    }, {
      "x" : 0.0,
      "y" : 0.0,
      "z" : -4.355794
    }, {
      "x" : -2.177897,
      "y" : 3.5239112,
      "z" : -5.7018085
    }, {
      "x" : -3.5239112,
      "y" : 5.7018085,
      "z" : -2.177897
    }, {
      "x" : -2.177897,
      "y" : 3.5239112,
      "z" : 1.3460144
    } ],
    "faces" : [ {
      "vertices" : [ 0, 1, 2, 3, 4 ]
    }, {
      "vertices" : [ 0, 4, 3, 2, 1 ]
    } ]
  } ],
  "instances" : [ {
    "shape" : "c5f5f85d-83a2-45e6-9279-cd3146a45fc3",
    "color" : "#FFFFFF",
    "position" : {
      "x" : -10.184293,
      "y" : -2.7703278,
      "z" : -2.177897
    },
    "orientation" : 49
  }, {
    "shape" : "c5f5f85d-83a2-45e6-9279-cd3146a45fc3",
    "color" : "#FFFFFF",
    "position" : {
      "x" : 0.0,
      "y" : 6.6603813,
      "z" : 8.472136
    },
    "orientation" : 31
  }, {
    "shape" : "3e002b8c-3350-42c7-9d86-eb5167dbefea",
    "color" : "#008EC2",
    "position" : {
      "x" : 0.0,
      "y" : 0.0,
      "z" : 0.0
    },
    "orientation" : 1
  }, {
    "shape" : "8c63c6e8-1206-4114-85c0-c73cc48e65fe",
    "color" : "#F2F2F2",
    "position" : {
      "x" : 0.0,
      "y" : 6.6603813,
      "z" : -8.472136
    }
  }, {
    "shape" : "c5f5f85d-83a2-45e6-9279-cd3146a45fc3",
    "color" : "#FFFFFF",
    "position" : {
      "x" : 2.7703278,
      "y" : -2.177897,
      "z" : 10.184293
    },
    "orientation" : 33
  }, {
    "shape" : "96c674a9-6e3a-4228-b2b3-ed4a19d1720a",
    "color" : "#008EC2",
    "position" : {
      "x" : 0.0,
      "y" : 0.0,
      "z" : 0.0
    },
    "orientation" : 16
  }, {
    "shape" : "c5f5f85d-83a2-45e6-9279-cd3146a45fc3",
    "color" : "#FFFFFF",
    "position" : {
      "x" : -8.472136,
      "y" : 0.0,
      "z" : 6.6603813
    },
    "orientation" : 47
  }, {
    "shape" : "8c63c6e8-1206-4114-85c0-c73cc48e65fe",
    "color" : "#F2F2F2",
    "position" : {
      "x" : -2.177897,
      "y" : -10.184293,
      "z" : 2.7703278
    }
  }, {
    "shape" : "c5f5f85d-83a2-45e6-9279-cd3146a45fc3",
    "color" : "#FFFFFF",
    "position" : {
      "x" : 6.6603813,
      "y" : 8.472136,
      "z" : 0.0
    },
    "orientation" : 45
  }, {
    "shape" : "8c63c6e8-1206-4114-85c0-c73cc48e65fe",
    "color" : "#F2F2F2",
    "position" : {
      "x" : -2.7703278,
      "y" : 2.177897,
      "z" : -10.184293
    }
  }, {
    "shape" : "c5f5f85d-83a2-45e6-9279-cd3146a45fc3",
    "color" : "#FFFFFF",
    "position" : {
      "x" : 0.0,
      "y" : -6.6603813,
      "z" : -8.472136
    },
    "orientation" : 46
  }, {
    "shape" : "8c63c6e8-1206-4114-85c0-c73cc48e65fe",
    "color" : "#F2F2F2",
    "position" : {
      "x" : -8.472136,
      "y" : 0.0,
      "z" : 6.6603813
    }
  }, {
    "shape" : "c5f5f85d-83a2-45e6-9279-cd3146a45fc3",
    "color" : "#FFFFFF",
    "position" : {
      "x" : -10.184293,
      "y" : -2.7703278,
      "z" : 2.177897
    },
    "orientation" : 13
  }, {
    "shape" : "8c63c6e8-1206-4114-85c0-c73cc48e65fe",
    "color" : "#F2F2F2",
    "position" : {
      "x" : 10.184293,
      "y" : 2.7703278,
      "z" : -2.177897
    }
  }, {
    "shape" : "8c63c6e8-1206-4114-85c0-c73cc48e65fe",
    "color" : "#F2F2F2",
    "position" : {
      "x" : -2.7703278,
      "y" : -2.177897,
      "z" : 10.184293
    }
  }, {
    "shape" : "c5f5f85d-83a2-45e6-9279-cd3146a45fc3",
    "color" : "#FFFFFF",
    "position" : {
      "x" : -10.184293,
      "y" : 2.7703278,
      "z" : 2.177897
    },
    "orientation" : 34
  }, {
    "shape" : "8c63c6e8-1206-4114-85c0-c73cc48e65fe",
    "color" : "#F2F2F2",
    "position" : {
      "x" : 8.006395,
      "y" : 6.294239,
      "z" : 3.5239112
    }
  }, {
    "shape" : "8c63c6e8-1206-4114-85c0-c73cc48e65fe",
    "color" : "#F2F2F2",
    "position" : {
      "x" : 2.7703278,
      "y" : -2.177897,
      "z" : -10.184293
    }
  }, {
    "shape" : "8c63c6e8-1206-4114-85c0-c73cc48e65fe",
    "color" : "#F2F2F2",
    "position" : {
      "x" : -6.6603813,
      "y" : -8.472136,
      "z" : 0.0
    }
  }, {
    "shape" : "8c63c6e8-1206-4114-85c0-c73cc48e65fe",
    "color" : "#F2F2F2",
    "position" : {
      "x" : -10.184293,
      "y" : 2.7703278,
      "z" : 2.177897
    }
  }, {
    "shape" : "8c63c6e8-1206-4114-85c0-c73cc48e65fe",
    "color" : "#F2F2F2",
    "position" : {
      "x" : 0.0,
      "y" : -6.6603813,
      "z" : 8.472136
    }
  }, {
    "shape" : "8c63c6e8-1206-4114-85c0-c73cc48e65fe",
    "color" : "#F2F2F2",
    "position" : {
      "x" : -6.294239,
      "y" : 3.5239112,
      "z" : -8.006395
    }
  }, {
    "shape" : "8c63c6e8-1206-4114-85c0-c73cc48e65fe",
    "color" : "#F2F2F2",
    "position" : {
      "x" : -6.294239,
      "y" : 3.5239112,
      "z" : 8.006395
    }
  }, {
    "shape" : "c5f5f85d-83a2-45e6-9279-cd3146a45fc3",
    "color" : "#FFFFFF",
    "position" : {
      "x" : -8.006395,
      "y" : -6.294239,
      "z" : -3.5239112
    },
    "orientation" : 23
  }, {
    "shape" : "8c63c6e8-1206-4114-85c0-c73cc48e65fe",
    "color" : "#F2F2F2",
    "position" : {
      "x" : 2.7703278,
      "y" : -2.177897,
      "z" : 10.184293
    }
  }, {
    "shape" : "8c63c6e8-1206-4114-85c0-c73cc48e65fe",
    "color" : "#F2F2F2",
    "position" : {
      "x" : 2.7703278,
      "y" : 2.177897,
      "z" : -10.184293
    }
  }, {
    "shape" : "8c63c6e8-1206-4114-85c0-c73cc48e65fe",
    "color" : "#F2F2F2",
    "position" : {
      "x" : -3.5239112,
      "y" : -8.006395,
      "z" : 6.294239
    }
  }, {
    "shape" : "8c63c6e8-1206-4114-85c0-c73cc48e65fe",
    "color" : "#F2F2F2",
    "position" : {
      "x" : -10.184293,
      "y" : -2.7703278,
      "z" : 2.177897
    }
  }, {
    "shape" : "8c63c6e8-1206-4114-85c0-c73cc48e65fe",
    "color" : "#F2F2F2",
    "position" : {
      "x" : 0.0,
      "y" : 10.776724,
      "z" : 0.0
    }
  }, {
    "shape" : "c5f5f85d-83a2-45e6-9279-cd3146a45fc3",
    "color" : "#FFFFFF",
    "position" : {
      "x" : -2.177897,
      "y" : 10.184293,
      "z" : -2.7703278
    },
    "orientation" : 44
  }, {
    "shape" : "8c63c6e8-1206-4114-85c0-c73cc48e65fe",
    "color" : "#F2F2F2",
    "position" : {
      "x" : -3.5239112,
      "y" : 8.006395,
      "z" : -6.294239
    }
  }, {
    "shape" : "c5f5f85d-83a2-45e6-9279-cd3146a45fc3",
    "color" : "#FFFFFF",
    "position" : {
      "x" : -2.177897,
      "y" : 10.184293,
      "z" : 2.7703278
    },
    "orientation" : 50
  }, {
    "shape" : "c5f5f85d-83a2-45e6-9279-cd3146a45fc3",
    "color" : "#FFFFFF",
    "position" : {
      "x" : 3.5239112,
      "y" : 8.006395,
      "z" : 6.294239
    },
    "orientation" : 24
  }, {
    "shape" : "c5f5f85d-83a2-45e6-9279-cd3146a45fc3",
    "color" : "#FFFFFF",
    "position" : {
      "x" : 3.5239112,
      "y" : -8.006395,
      "z" : 6.294239
    },
    "orientation" : 6
  }, {
    "shape" : "c5f5f85d-83a2-45e6-9279-cd3146a45fc3",
    "color" : "#FFFFFF",
    "position" : {
      "x" : -6.6603813,
      "y" : -8.472136,
      "z" : 0.0
    },
    "orientation" : 15
  }, {
    "shape" : "c5f5f85d-83a2-45e6-9279-cd3146a45fc3",
    "color" : "#FFFFFF",
    "position" : {
      "x" : -8.006395,
      "y" : 6.294239,
      "z" : 3.5239112
    },
    "orientation" : 8
  }, {
    "shape" : "8c63c6e8-1206-4114-85c0-c73cc48e65fe",
    "color" : "#F2F2F2",
    "position" : {
      "x" : 10.184293,
      "y" : -2.7703278,
      "z" : -2.177897
    }
  }, {
    "shape" : "c5f5f85d-83a2-45e6-9279-cd3146a45fc3",
    "color" : "#FFFFFF",
    "position" : {
      "x" : -2.7703278,
      "y" : 2.177897,
      "z" : -10.184293
    },
    "orientation" : 12
  }, {
    "shape" : "8c63c6e8-1206-4114-85c0-c73cc48e65fe",
    "color" : "#F2F2F2",
    "position" : {
      "x" : 2.177897,
      "y" : 10.184293,
      "z" : -2.7703278
    }
  }, {
    "shape" : "c5f5f85d-83a2-45e6-9279-cd3146a45fc3",
    "color" : "#FFFFFF",
    "position" : {
      "x" : 3.5239112,
      "y" : 8.006395,
      "z" : -6.294239
    },
    "orientation" : 21
  }, {
    "shape" : "c5f5f85d-83a2-45e6-9279-cd3146a45fc3",
    "color" : "#FFFFFF",
    "position" : {
      "x" : 6.294239,
      "y" : -3.5239112,
      "z" : 8.006395
    },
    "orientation" : 22
  }, {
    "shape" : "c5f5f85d-83a2-45e6-9279-cd3146a45fc3",
    "color" : "#FFFFFF",
    "position" : {
      "x" : 8.472136,
      "y" : 0.0,
      "z" : -6.6603813
    },
    "orientation" : 2
  }, {
    "shape" : "63269b6d-1f88-4d35-9bd3-92e425b112b8",
    "color" : "#008EC2",
    "position" : {
      "x" : 0.0,
      "y" : -10.776724,
      "z" : 0.0
    },
    "orientation" : 1
  }, {
    "shape" : "8c63c6e8-1206-4114-85c0-c73cc48e65fe",
    "color" : "#F2F2F2",
    "position" : {
      "x" : 0.0,
      "y" : -6.6603813,
      "z" : -8.472136
    }
  }, {
    "shape" : "8c63c6e8-1206-4114-85c0-c73cc48e65fe",
    "color" : "#F2F2F2",
    "position" : {
      "x" : 6.294239,
      "y" : 3.5239112,
      "z" : 8.006395
    }
  }, {
    "shape" : "c5f5f85d-83a2-45e6-9279-cd3146a45fc3",
    "color" : "#FFFFFF",
    "position" : {
      "x" : -8.006395,
      "y" : -6.294239,
      "z" : 3.5239112
    },
    "orientation" : 11
  }, {
