{
  "field" : "golden",
  "symmetry" : "icosahedral",
  "orientations" : [ [ 1.0, 0.0, 0.0, 0.0, 0.0, 1.0, 0.0, 0.0, 0.0, 0.0, 1.0, 0.0, 0.0, 0.0, 0.0, 1.0 ], [ 0.0, 0.0, 1.0, 0.0, 1.0, 0.0, 0.0, 0.0, 0.0, 1.0, 0.0, 0.0, 0.0, 0.0, 0.0, 1.0 ], [ 0.0, 1.0, 0.0, 0.0, 0.0, 0.0, 1.0, 0.0, 1.0, 0.0, 0.0, 0.0, 0.0, 0.0, 0.0, 1.0 ], [ 0.809017, 0.309017, 0.5, 0.0, 0.309017, 0.5, -0.809017, 0.0, -0.5, 0.809017, 0.309017, 0.0, 0.0, 0.0, 0.0, 1.0 ], [ -0.5, 0.809017, 0.309017, 0.0, 0.809017, 0.309017, 0.5, 0.0, 0.309017, 0.5, -0.809017, 0.0, 0.0, 0.0, 0.0, 1.0 ], [ 0.309017, 0.5, -0.809017, 0.0, -0.5, 0.809017, 0.309017, 0.0, 0.809017, 0.309017, 0.5, 0.0, 0.0, 0.0, 0.0, 1.0 ], [ 0.5, 0.809017, 0.309017, 0.0, 0.809017, -0.309017, -0.5, 0.0, -0.309017, 0.5, -0.809017, 0.0, 0.0, 0.0, 0.0, 1.0 ], [ -0.309017, 0.5, -0.809017, 0.0, 0.5, 0.809017, 0.309017, 0.0, 0.809017, -0.309017, -0.5, 0.0, 0.0, 0.0, 0.0, 1.0 ], [ 0.809017, -0.309017, -0.5, 0.0, -0.309017, 0.5, -0.809017, 0.0, 0.5, 0.809017, 0.309017, 0.0, 0.0, 0.0, 0.0, 1.0 ], [ 0.5, 0.809017, -0.309017, 0.0, 0.809017, -0.309017, 0.5, 0.0, 0.309017, -0.5, -0.809017, 0.0, 0.0, 0.0, 0.0, 1.0 ], [ 0.309017, -0.5, -0.809017, 0.0, 0.5, 0.809017, -0.309017, 0.0, 0.809017, -0.309017, 0.5, 0.0, 0.0, 0.0, 0.0, 1.0 ], [ 0.809017, -0.309017, 0.5, 0.0, 0.309017, -0.5, -0.809017, 0.0, 0.5, 0.809017, -0.309017, 0.0, 0.0, 0.0, 0.0, 1.0 ], [ 0.809017, 0.309017, -0.5, 0.0, 0.309017, 0.5, 0.809017, 0.0, 0.5, -0.809017, 0.309017, 0.0, 0.0, 0.0, 0.0, 1.0 ], [ 0.5, -0.809017, 0.309017, 0.0, 0.809017, 0.309017, -0.5, 0.0, 0.309017, 0.5, 0.809017, 0.0, 0.0, 0.0, 0.0, 1.0 ], [ 0.309017, 0.5, 0.809017, 0.0, 0.5, -0.809017, 0.309017, 0.0, 0.809017, 0.309017, -0.5, 0.0, 0.0, 0.0, 0.0, 1.0 ], [ 1.0, 0.0, 0.0, 0.0, 0.0, -1.0, 0.0, 0.0, 0.0, 0.0, -1.0, 0.0, 0.0, 0.0, 0.0, 1.0 ], [ 0.0, 0.0, 1.0, 0.0, -1.0, 0.0, 0.0, 0.0, 0.0, -1.0, 0.0, 0.0, 0.0, 0.0, 0.0, 1.0 ], [ 0.0, 1.0, 0.0, 0.0, 0.0, 0.0, -1.0, 0.0, -1.0, 0.0, 0.0, 0.0, 0.0, 0.0, 0.0, 1.0 ], [ 0.809017, 0.309017, 0.5, 0.0, -0.309017, -0.5, 0.809017, 0.0, 0.5, -0.809017, -0.309017, 0.0, 0.0, 0.0, 0.0, 1.0 ], [ -0.5, 0.809017, 0.309017, 0.0, -0.809017, -0.309017, -0.5, 0.0, -0.309017, -0.5, 0.809017, 0.0, 0.0, 0.0, 0.0, 1.0 ], [ 0.309017, 0.5, -0.809017, 0.0, 0.5, -0.809017, -0.309017, 0.0, -0.809017, -0.309017, -0.5, 0.0, 0.0, 0.0, 0.0, 1.0 ], [ 0.5, 0.809017, 0.309017, 0.0, -0.809017, 0.309017, 0.5, 0.0, 0.309017, -0.5, 0.809017, 0.0, 0.0, 0.0, 0.0, 1.0 ], [ -0.309017, 0.5, -0.809017, 0.0, -0.5, -0.809017, -0.309017, 0.0, -0.809017, 0.309017, 0.5, 0.0, 0.0, 0.0, 0.0, 1.0 ], [ 0.809017, -0.309017, -0.5, 0.0, 0.309017, -0.5, 0.809017, 0.0, -0.5, -0.809017, -0.309017, 0.0, 0.0, 0.0, 0.0, 1.0 ], [ 0.5, 0.809017, -0.309017, 0.0, -0.809017, 0.309017, -0.5, 0.0, -0.309017, 0.5, 0.809017, 0.0, 0.0, 0.0, 0.0, 1.0 ], [ 0.309017, -0.5, -0.809017, 0.0, -0.5, -0.809017, 0.309017, 0.0, -0.809017, 0.309017, -0.5, 0.0, 0.0, 0.0, 0.0, 1.0 ], [ 0.809017, -0.309017, 0.5, 0.0, -0.309017, 0.5, 0.809017, 0.0, -0.5, -0.809017, 0.309017, 0.0, 0.0, 0.0, 0.0, 1.0 ], [ 0.809017, 0.309017, -0.5, 0.0, -0.309017, -0.5, -0.809017, 0.0, -0.5, 0.809017, -0.309017, 0.0, 0.0, 0.0, 0.0, 1.0 ], [ 0.5, -0.809017, 0.309017, 0.0, -0.809017, -0.309017, 0.5, 0.0, -0.309017, -0.5, -0.809017, 0.0, 0.0, 0.0, 0.0, 1.0 ], [ 0.309017, 0.5, 0.809017, 0.0, -0.5, 0.809017, -0.309017, 0.0, -0.809017, -0.309017, 0.5, 0.0, 0.0, 0.0, 0.0, 1.0 ], [ -1.0, 0.0, 0.0, 0.0, 0.0, -1.0, 0.0, 0.0, 0.0, 0.0, 1.0, 0.0, 0.0, 0.0, 0.0, 1.0 ], [ 0.0, 0.0, -1.0, 0.0, -1.0, 0.0, 0.0, 0.0, 0.0, 1.0, 0.0, 0.0, 0.0, 0.0, 0.0, 1.0 ], [ 0.0, -1.0, 0.0, 0.0, 0.0, 0.0, -1.0, 0.0, 1.0, 0.0, 0.0, 0.0, 0.0, 0.0, 0.0, 1.0 ], [ -0.809017, -0.309017, -0.5, 0.0, -0.309017, -0.5, 0.809017, 0.0, -0.5, 0.809017, 0.309017, 0.0, 0.0, 0.0, 0.0, 1.0 ], [ 0.5, -0.809017, -0.309017, 0.0, -0.809017, -0.309017, -0.5, 0.0, 0.309017, 0.5, -0.809017, 0.0, 0.0, 0.0, 0.0, 1.0 ], [ -0.309017, -0.5, 0.809017, 0.0, 0.5, -0.809017, -0.309017, 0.0, 0.809017, 0.309017, 0.5, 0.0, 0.0, 0.0, 0.0, 1.0 ], [ -0.5, -0.809017, -0.309017, 0.0, -0.809017, 0.309017, 0.5, 0.0, -0.309017, 0.5, -0.809017, 0.0, 0.0, 0.0, 0.0, 1.0 ], [ 0.309017, -0.5, 0.809017, 0.0, -0.5, -0.809017, -0.309017, 0.0, 0.809017, -0.309017, -0.5, 0.0, 0.0, 0.0, 0.0, 1.0 ], [ -0.809017, 0.309017, 0.5, 0.0, 0.309017, -0.5, 0.809017, 0.0, 0.5, 0.809017, 0.309017, 0.0, 0.0, 0.0, 0.0, 1.0 ], [ -0.5, -0.809017, 0.309017, 0.0, -0.809017, 0.309017, -0.5, 0.0, 0.309017, -0.5, -0.809017, 0.0, 0.0, 0.0, 0.0, 1.0 ], [ -0.309017, 0.5, 0.809017, 0.0, -0.5, -0.809017, 0.309017, 0.0, 0.809017, -0.309017, 0.5, 0.0, 0.0, 0.0, 0.0, 1.0 ], [ -0.809017, 0.309017, -0.5, 0.0, -0.309017, 0.5, 0.809017, 0.0, 0.5, 0.809017, -0.309017, 0.0, 0.0, 0.0, 0.0, 1.0 ], [ -0.809017, -0.309017, 0.5, 0.0, -0.309017, -0.5, -0.809017, 0.0, 0.5, -0.809017, 0.309017, 0.0, 0.0, 0.0, 0.0, 1.0 ], [ -0.5, 0.809017, -0.309017, 0.0, -0.809017, -0.309017, 0.5, 0.0, 0.309017, 0.5, 0.809017, 0.0, 0.0, 0.0, 0.0, 1.0 ], [ -0.309017, -0.5, -0.809017, 0.0, -0.5, 0.809017, -0.309017, 0.0, 0.809017, 0.309017, -0.5, 0.0, 0.0, 0.0, 0.0, 1.0 ], [ -1.0, 0.0, 0.0, 0.0, 0.0, 1.0, 0.0, 0.0, 0.0, 0.0, -1.0, 0.0, 0.0, 0.0, 0.0, 1.0 ], [ 0.0, 0.0, -1.0, 0.0, 1.0, 0.0, 0.0, 0.0, 0.0, -1.0, 0.0, 0.0, 0.0, 0.0, 0.0, 1.0 ], [ 0.0, -1.0, 0.0, 0.0, 0.0, 0.0, 1.0, 0.0, -1.0, 0.0, 0.0, 0.0, 0.0, 0.0, 0.0, 1.0 ], [ -0.809017, -0.309017, -0.5, 0.0, 0.309017, 0.5, -0.809017, 0.0, 0.5, -0.809017, -0.309017, 0.0, 0.0, 0.0, 0.0, 1.0 ], [ 0.5, -0.809017, -0.309017, 0.0, 0.809017, 0.309017, 0.5, 0.0, -0.309017, -0.5, 0.809017, 0.0, 0.0, 0.0, 0.0, 1.0 ], [ -0.309017, -0.5, 0.809017, 0.0, -0.5, 0.809017, 0.309017, 0.0, -0.809017, -0.309017, -0.5, 0.0, 0.0, 0.0, 0.0, 1.0 ], [ -0.5, -0.809017, -0.309017, 0.0, 0.809017, -0.309017, -0.5, 0.0, 0.309017, -0.5, 0.809017, 0.0, 0.0, 0.0, 0.0, 1.0 ], [ 0.309017, -0.5, 0.809017, 0.0, 0.5, 0.809017, 0.309017, 0.0, -0.809017, 0.309017, 0.5, 0.0, 0.0, 0.0, 0.0, 1.0 ], [ -0.809017, 0.309017, 0.5, 0.0, -0.309017, 0.5, -0.809017, 0.0, -0.5, -0.809017, -0.309017, 0.0, 0.0, 0.0, 0.0, 1.0 ], [ -0.5, -0.809017, 0.309017, 0.0, 0.809017, -0.309017, 0.5, 0.0, -0.309017, 0.5, 0.809017, 0.0, 0.0, 0.0, 0.0, 1.0 ], [ -0.309017, 0.5, 0.809017, 0.0, 0.5, 0.809017, -0.309017, 0.0, -0.809017, 0.309017, -0.5, 0.0, 0.0, 0.0, 0.0, 1.0 ], [ -0.809017, 0.309017, -0.5, 0.0, 0.309017, -0.5, -0.809017, 0.0, -0.5, -0.809017, 0.309017, 0.0, 0.0, 0.0, 0.0, 1.0 ], [ -0.809017, -0.309017, 0.5, 0.0, 0.309017, 0.5, 0.809017, 0.0, -0.5, 0.809017, -0.309017, 0.0, 0.0, 0.0, 0.0, 1.0 ], [ -0.5, 0.809017, -0.309017, 0.0, 0.809017, 0.309017, -0.5, 0.0, -0.309017, -0.5, -0.809017, 0.0, 0.0, 0.0, 0.0, 1.0 ], [ -0.309017, -0.5, -0.809017, 0.0, 0.5, -0.809017, 0.309017, 0.0, -0.809017, -0.309017, 0.5, 0.0, 0.0, 0.0, 0.0, 1.0 ] ],
  "lights" : {
    "backgroundColor" : "#FFF9F9",
    "ambientColor" : "#292929",
    "directionalLights" : [ {
      "direction" : {
        "x" : 1.0,
        "y" : -1.0,
        "z" : -1.0
      },
      "color" : "#EBEBE4"
    }, {
      "direction" : {
        "x" : -1.0,
        "y" : 0.0,
        "z" : 0.0
      },
      "color" : "#E4E4EB"
    }, {
      "direction" : {
        "x" : 0.0,
        "y" : 0.0,
        "z" : -1.0
      },
      "color" : "#1E1E1E"
    } ]
  },
  "camera" : {
    "width" : 83.96262,
    "stereo" : false,
    "lookDirection" : {
      "x" : 0.69358605,
      "y" : 0.4457651,
      "z" : 0.56588954
    },
    "upDirection" : {
      "x" : 0.47462553,
      "y" : -0.8737179,
      "z" : 0.106518716
    },
    "lookAtPoint" : {
      "x" : 0.0,
      "y" : 0.0,
      "z" : 0.0
    },
    "viewDistance" : 186.5836,
    "nearClipDistance" : 0.466459,
    "farClipDistance" : 373.1672,
    "fieldOfView" : 0.4426289,
    "perspective" : false,
    "position" : {
      "x" : -129.41179,
      "y" : -83.17246,
      "z" : -105.58571
    }
  },
  "embedding" : [ 1.0, 0.0, 0.0, 0.0, 0.0, 1.0, 0.0, 0.0, 0.0, 0.0, 1.0, 0.0, 0.0, 0.0, 0.0, 1.0 ],
  "shapes" : [ {
    "id" : "917a593e-8576-4a04-9237-32e39296aba5",
    "vertices" : [ {
      "x" : 11.59017,
      "y" : 0.5,
      "z" : -14.208204
    }, {
      "x" : 10.344814,
      "y" : -5.2117515,
      "z" : -12.899187
    }, {
      "x" : 6.045085,
      "y" : -1.618034,
      "z" : -15.0172205
    } ],
    "faces" : [ {
      "vertices" : [ 0, 1, 2 ]
    }, {
      "vertices" : [ 0, 2, 1 ]
    } ]
  }, {
    "id" : "cef0ad43-fd04-4b84-b85d-7b456262b9c7",
    "vertices" : [ {
      "x" : 9.717492,
      "y" : 15.492905,
      "z" : 3.736068
    }, {
      "x" : 11.899187,
      "y" : 11.09017,
      "z" : 0.309017
    }, {
      "x" : 8.472136,
      "y" : 9.781153,
      "z" : 5.045085
    } ],
    "faces" : [ {
      "vertices" : [ 0, 1, 2 ]
    }, {
      "vertices" : [ 0, 2, 1 ]
    } ]
  }, {
    "id" : "78f5792d-124b-4edd-ac92-d56c8c1fae7f",
    "vertices" : [ {
      "x" : -21.498646,
      "y" : 14.041537,
      "z" : -0.309017
    }, {
      "x" : -15.95356,
      "y" : 16.15957,
      "z" : 0.5
    }, {
      "x" : -14.644543,
      "y" : 11.423503,
      "z" : 3.927051
    }, {
      "x" : -20.189629,
      "y" : 9.3054695,
      "z" : 3.118034
    } ],
    "faces" : [ {
      "vertices" : [ 0, 1, 2 ]
    }, {
      "vertices" : [ 0, 2, 3 ]
    }, {
      "vertices" : [ 0, 3, 2 ]
    }, {
      "vertices" : [ 0, 2, 1 ]
    } ]
  }, {
    "id" : "71951e43-2326-4c99-b091-9715e60ccc00",
    "vertices" : [ {
      "x" : -16.698915,
      "y" : 5.4027348,
      "z" : -10.59017
    }, {
      "x" : -17.944271,
      "y" : -0.309017,
      "z" : -9.281153
    }, {
      "x" : -15.826238,
      "y" : 0.5,
      "z" : -3.736068
    }, {
      "x" : -14.580882,
      "y" : 6.2117515,
      "z" : -5.045085
    } ],
    "faces" : [ {
      "vertices" : [ 0, 1, 2 ]
    }, {
      "vertices" : [ 0, 2, 3 ]
    }, {
      "vertices" : [ 0, 3, 2 ]
    }, {
      "vertices" : [ 0, 2, 1 ]
    } ]
  }, {
    "id" : "d7164f83-ee2e-46bd-bfa1-a212ca438f21",
    "vertices" : [ {
      "x" : -4.299729,
      "y" : 10.138803,
      "z" : -19.253288
    }, {
      "x" : 0.0,
      "y" : 6.545085,
      "z" : -17.135256
    }, {
      "x" : -3.427051,
      "y" : 5.236068,
      "z" : -12.399187
    }, {
      "x" : -7.72678,
      "y" : 8.829785,
      "z" : -14.5172205
    } ],
    "faces" : [ {
      "vertices" : [ 0, 1, 2 ]
    }, {
      "vertices" : [ 0, 2, 3 ]
    }, {
      "vertices" : [ 0, 3, 2 ]
    }, {
      "vertices" : [ 0, 2, 1 ]
    } ]
  }, {
    "id" : "f12809d2-e6a1-4b44-bac4-8426b4dfe1dd",
    "vertices" : [ {
      "x" : 16.698915,
      "y" : -2.7847006,
      "z" : 3.736068
    }, {
      "x" : 14.580882,
      "y" : -3.5937176,
      "z" : -1.809017
    }, {
      "x" : 15.826238,
      "y" : 2.118034,
      "z" : -3.118034
    }, {
      "x" : 17.944271,
      "y" : 2.927051,
      "z" : 2.427051
    } ],
    "faces" : [ {
      "vertices" : [ 0, 1, 2 ]
    }, {
      "vertices" : [ 0, 2, 3 ]
    }, {
      "vertices" : [ 0, 3, 2 ]
    }, {
      "vertices" : [ 0, 2, 1 ]
    } ]
  }, {
    "id" : "70c94b9b-e059-448a-a6cd-9c28587261f0",
    "vertices" : [ {
      "x" : 0.063661,
      "y" : -9.138803,
      "z" : 1.309017
    }, {
      "x" : 4.36339,
      "y" : -12.73252,
      "z" : 3.427051
    }, {
      "x" : 2.245356,
      "y" : -13.541537,
      "z" : -2.118034
    } ],
    "faces" : [ {
      "vertices" : [ 0, 1, 2 ]
    }, {
      "vertices" : [ 0, 2, 1 ]
    } ]
  }, {
    "id" : "df51d281-238e-40b2-8b44-5cf35504e1c0",
    "vertices" : [ {
      "x" : -13.3355255,
      "y" : 11.923503,
      "z" : -6.354102
    }, {
      "x" : -14.580882,
      "y" : 6.2117515,
      "z" : -5.045085
    }, {
      "x" : -18.880611,
      "y" : 9.8054695,
      "z" : -7.163119
    } ],
    "faces" : [ {
      "vertices" : [ 0, 1, 2 ]
    }, {
      "vertices" : [ 0, 2, 1 ]
    } ]
  }, {
    "id" : "fedd832d-9473-4db2-b823-8b178c648ae0",
    "vertices" : [ {
      "x" : -14.580882,
      "y" : 6.2117515,
      "z" : -5.045085
    }, {
      "x" : -15.826238,
      "y" : 0.5,
      "z" : -3.736068
    }, {
      "x" : -10.281153,
      "y" : 2.618034,
      "z" : -2.927051
    } ],
    "faces" : [ {
      "vertices" : [ 0, 1, 2 ]
    }, {
      "vertices" : [ 0, 2, 1 ]
    } ]
  }, {
    "id" : "7e9831f3-b7bf-403c-99a4-7efa6063326b",
    "vertices" : [ {
      "x" : 6.854102,
      "y" : -1.309017,
      "z" : 0.809017
    }, {
      "x" : 7.663119,
      "y" : 4.236068,
      "z" : 2.927051
    }, {
      "x" : 8.972136,
      "y" : -0.5,
      "z" : 6.354102
    } ],
    "faces" : [ {
      "vertices" : [ 0, 1, 2 ]
    }, {
      "vertices" : [ 0, 2, 1 ]
    } ]
  }, {
    "id" : "5b74fa83-bef3-4b87-b943-47178c6d723b",
    "vertices" : [ {
      "x" : -13.708204,
      "y" : -3.927051,
      "z" : 15.5172205
    }, {
      "x" : -18.444271,
      "y" : -0.5,
      "z" : 16.826239
    }, {
      "x" : -12.899187,
      "y" : 1.618034,
      "z" : 17.635256
    } ],
    "faces" : [ {
      "vertices" : [ 0, 1, 2 ]
    }, {
      "vertices" : [ 0, 2, 1 ]
    } ]
  }, {
    "id" : "4384473f-914e-4f90-81bf-c333cd537124",
    "vertices" : [ {
      "x" : 3.490712,
      "y" : -7.829786,
      "z" : -3.427051
    }, {
      "x" : 5.608746,
      "y" : -7.0207686,
      "z" : 2.118034
    }, {
      "x" : 0.063661,
      "y" : -9.138803,
      "z" : 1.309017
    } ],
    "faces" : [ {
      "vertices" : [ 0, 1, 2 ]
    }, {
      "vertices" : [ 0, 2, 1 ]
    } ]
  }, {
    "id" : "b7b28212-f484-4635-a431-0ebf73896c4e",
    "vertices" : [ {
      "x" : -7.72678,
      "y" : 8.829785,
      "z" : -14.5172205
    }, {
      "x" : -4.299729,
      "y" : 10.138803,
      "z" : -19.253288
    }, {
      "x" : -9.844814,
      "y" : 8.020768,
      "z" : -20.062305
    } ],
    "faces" : [ {
      "vertices" : [ 0, 1, 2 ]
    }, {
      "vertices" : [ 0, 2, 1 ]
    } ]
  }, {
    "id" : "411b974c-910d-4799-b97b-a59c4d79710a",
    "vertices" : [ {
      "x" : 17.444271,
      "y" : 13.208204,
      "z" : 1.118034
    }, {
      "x" : 11.899187,
      "y" : 11.09017,
      "z" : 0.309017
    }, {
      "x" : 9.717492,
      "y" : 15.492905,
      "z" : 3.736068
    }, {
      "x" : 15.262577,
      "y" : 17.610939,
      "z" : 4.545085
    } ],
    "faces" : [ {
      "vertices" : [ 0, 1, 2 ]
    }, {
      "vertices" : [ 0, 2, 3 ]
    }, {
      "vertices" : [ 0, 3, 2 ]
    }, {
      "vertices" : [ 0, 2, 1 ]
    } ]
  }, {
    "id" : "427465e3-14a5-44e5-affb-34722bb1ee5c",
    "vertices" : [ {
      "x" : -2.681695,
      "y" : 10.756837,
      "z" : 12.399187
    }, {
      "x" : 1.618034,
      "y" : 7.163119,
      "z" : 14.5172205
    }, {
      "x" : -0.5,
      "y" : 6.354102,
      "z" : 8.972136
    } ],
    "faces" : [ {
      "vertices" : [ 0, 1, 2 ]
    }, {
      "vertices" : [ 0, 2, 1 ]
    } ]
  }, {
    "id" : "0c6a26c5-71b8-4e00-88cb-c60c49cedd60",
    "vertices" : [ {
      "x" : -12.462848,
      "y" : 7.0207686,
      "z" : 0.5
    }, {
      "x" : -14.580882,
      "y" : 6.2117515,
      "z" : -5.045085
    }, {
      "x" : -13.3355255,
      "y" : 11.923503,
      "z" : -6.354102
    }, {
      "x" : -11.217492,
      "y" : 12.73252,
      "z" : -0.809017
    } ],
    "faces" : [ {
      "vertices" : [ 0, 1, 2 ]
    }, {
      "vertices" : [ 0, 2, 3 ]
    }, {
      "vertices" : [ 0, 3, 2 ]
    }, {
      "vertices" : [ 0, 2, 1 ]
    } ]
  }, {
    "id" : "221618dd-a6b7-4aa6-a0bc-59fe3e5efd42",
    "vertices" : [ {
      "x" : 5.481424,
      "y" : 13.87487,
      "z" : -7.354102
    }, {
      "x" : 7.663119,
      "y" : 9.472136,
      "z" : -10.781153
    }, {
      "x" : 4.236068,
      "y" : 8.163119,
      "z" : -6.045085
    } ],
    "faces" : [ {
      "vertices" : [ 0, 1, 2 ]
    }, {
      "vertices" : [ 0, 2, 1 ]
    } ]
  }, {
    "id" : "8a8fc4ed-1e4f-41c7-ab51-241da5176d7e",
    "vertices" : [ {
      "x" : 0.809017,
      "y" : 1.618034,
      "z" : 12.399187
    }, {
      "x" : 1.618034,
      "y" : 7.163119,
      "z" : 14.5172205
    }, {
      "x" : -0.5,
      "y" : 6.354102,
      "z" : 8.972136
    } ],
    "faces" : [ {
      "vertices" : [ 0, 1, 2 ]
    }, {
      "vertices" : [ 0, 2, 1 ]
    } ]
  }, {
    "id" : "896a1cb9-40d2-4e74-a267-2f1e3eb53904",
    "vertices" : [ {
      "x" : -11.153831,
      "y" : 7.5207686,
      "z" : -9.781153
    }, {
      "x" : -16.698915,
      "y" : 5.4027348,
      "z" : -10.59017
    }, {
      "x" : -14.580882,
      "y" : 6.2117515,
      "z" : -5.045085
    } ],
    "faces" : [ {
      "vertices" : [ 0, 1, 2 ]
    }, {
      "vertices" : [ 0, 2, 1 ]
    } ]
  }, {
    "id" : "c9777975-d0db-46fa-958a-6cb04e9fb14d",
    "vertices" : [ {
      "x" : -3.554373,
      "y" : 20.89564,
      "z" : -8.163119
    }, {
      "x" : 1.9907119,
      "y" : 23.013674,
      "z" : -7.354102
    }, {
      "x" : 3.2997289,
      "y" : 18.277605,
      "z" : -3.927051
    }, {
      "x" : -2.245356,
      "y" : 16.15957,
      "z" : -4.736068
    } ],
    "faces" : [ {
      "vertices" : [ 0, 1, 2 ]
    }, {
      "vertices" : [ 0, 2, 3 ]
    }, {
      "vertices" : [ 0, 3, 2 ]
    }, {
      "vertices" : [ 0, 2, 1 ]
    } ]
  }, {
    "id" : "faef1b9d-2c3e-4a53-b924-9b9d7fa90064",
    "vertices" : [ {
      "x" : 11.153831,
      "y" : -4.9027348,
      "z" : 2.927051
    }, {
      "x" : 16.698915,
      "y" : -2.7847006,
      "z" : 3.736068
    }, {
      "x" : 14.5172205,
      "y" : 1.618034,
      "z" : 7.163119
    }, {
      "x" : 8.972136,
      "y" : -0.5,
      "z" : 6.354102
    } ],
    "faces" : [ {
      "vertices" : [ 0, 1, 2 ]
    }, {
      "vertices" : [ 0, 2, 3 ]
    }, {
      "vertices" : [ 0, 3, 2 ]
    }, {
      "vertices" : [ 0, 2, 1 ]
    } ]
  }, {
    "id" : "556060c9-00db-41cb-919b-ca7653b755ad",
    "vertices" : [ {
      "x" : 9.099458,
      "y" : -16.15957,
      "z" : 2.118034
    }, {
      "x" : 7.790441,
      "y" : -11.423503,
      "z" : -1.309017
    }, {
      "x" : 4.36339,
      "y" : -12.73252,
      "z" : 3.427051
    } ],
    "faces" : [ {
      "vertices" : [ 0, 1, 2 ]
    }, {
      "vertices" : [ 0, 2, 1 ]
    } ]
  }, {
    "id" : "bfff412a-f602-4e1e-ae4a-316563f5fd0d",
    "vertices" : [ {
      "x" : 2.118034,
      "y" : 2.118034,
      "z" : 2.118034
    }, {
      "x" : 0.809017,
      "y" : 6.854102,
      "z" : -1.309017
    }, {
      "x" : -2.618034,
      "y" : 5.545085,
      "z" : 3.427051
    } ],
    "faces" : [ {
      "vertices" : [ 0, 1, 2 ]
    }, {
      "vertices" : [ 0, 2, 1 ]
    } ]
  }, {
    "id" : "8fee908c-d9b7-44e1-a337-0ee0aa917c47",
    "vertices" : [ {
      "x" : -12.462848,
      "y" : 7.0207686,
      "z" : 0.5
    }, {
      "x" : -10.281153,
      "y" : 2.618034,
      "z" : -2.927051
    }, {
      "x" : -13.708204,
      "y" : 1.309017,
      "z" : 1.809017
    } ],
    "faces" : [ {
      "vertices" : [ 0, 1, 2 ]
    }, {
      "vertices" : [ 0, 2, 1 ]
    } ]
  }, {
    "id" : "13960006-f481-4943-8cc2-2ea3f0de0c39",
    "vertices" : [ {
      "x" : -6.481424,
      "y" : 14.541537,
      "z" : -15.826238
    }, {
      "x" : -7.72678,
      "y" : 8.829785,
      "z" : -14.5172205
    }, {
      "x" : -12.026509,
      "y" : 12.423503,
      "z" : -16.635256
    } ],
    "faces" : [ {
      "vertices" : [ 0, 1, 2 ]
    }, {
      "vertices" : [ 0, 2, 1 ]
    } ]
  }, {
    "id" : "56440759-2ddc-4039-adc7-d253775597d2",
    "vertices" : [ {
      "x" : 6.854102,
      "y" : 3.927051,
      "z" : -12.899187
    }, {
      "x" : 3.427051,
      "y" : 2.618034,
      "z" : -8.163119
    }, {
      "x" : 2.618034,
      "y" : -2.927051,
      "z" : -10.281153
    }, {
      "x" : 6.045085,
      "y" : -1.618034,
      "z" : -15.0172205
    } ],
    "faces" : [ {
      "vertices" : [ 0, 1, 2 ]
    }, {
      "vertices" : [ 0, 2, 3 ]
    }, {
      "vertices" : [ 0, 3, 2 ]
    }, {
      "vertices" : [ 0, 2, 1 ]
    } ]
  }, {
    "id" : "240d484f-f307-4ce4-a5c8-c32b620c9f99",
    "vertices" : [ {
      "x" : -13.771865,
      "y" : 6.5207686,
      "z" : 10.781153
    }, {
      "x" : -8.22678,
      "y" : 8.638803,
      "z" : 11.59017
    }, {
      "x" : -10.408475,
      "y" : 13.041537,
      "z" : 15.0172205
    }, {
      "x" : -15.95356,
      "y" : 10.923503,
      "z" : 14.208204
    } ],
    "faces" : [ {
      "vertices" : [ 0, 1, 2 ]
    }, {
      "vertices" : [ 0, 2, 3 ]
    }, {
      "vertices" : [ 0, 3, 2 ]
    }, {
      "vertices" : [ 0, 2, 1 ]
    } ]
  }, {
    "id" : "dfe982fe-2d48-4d38-a418-a2b5caa48315",
    "vertices" : [ {
      "x" : -1.372678,
      "y" : 11.256837,
      "z" : 2.118034
    }, {
      "x" : 0.74535596,
      "y" : 12.065854,
      "z" : 7.663119
    }, {
      "x" : 4.172407,
      "y" : 13.37487,
      "z" : 2.927051
    } ],
    "faces" : [ {
      "vertices" : [ 0, 1, 2 ]
    }, {
      "vertices" : [ 0, 2, 1 ]
    } ]
  }, {
    "id" : "70a3c894-3383-40c1-95a1-91dc4f43ebb7",
    "vertices" : [ {
      "x" : -6.9177628,
      "y" : 9.138803,
      "z" : 1.309017
    }, {
      "x" : -2.618034,
      "y" : 5.545085,
      "z" : 3.427051
    }, {
      "x" : -4.736068,
      "y" : 4.736068,
      "z" : -2.118034
    } ],
    "faces" : [ {
      "vertices" : [ 0, 1, 2 ]
    }, {
      "vertices" : [ 0, 2, 1 ]
    } ]
  }, {
    "id" : "07d5a008-bf63-4f87-8fae-4cfd4c62f4b6",
    "vertices" : [ {
      "x" : -0.5,
      "y" : 6.354102,
      "z" : 8.972136
    }, {
      "x" : -6.045085,
      "y" : 4.236068,
      "z" : 8.163119
    }, {
      "x" : -8.22678,
      "y" : 8.638803,
      "z" : 11.59017
    }, {
      "x" : -2.681695,
      "y" : 10.756837,
      "z" : 12.399187
    } ],
    "faces" : [ {
      "vertices" : [ 0, 1, 2 ]
    }, {
      "vertices" : [ 0, 2, 3 ]
    }, {
      "vertices" : [ 0, 3, 2 ]
    }, {
      "vertices" : [ 0, 2, 1 ]
    } ]
  }, {
    "id" : "80a338de-2aa8-42d7-be73-36921c75ab4d",
    "vertices" : [ {
      "x" : 1.372678,
      "y" : -8.638803,
      "z" : -8.972136
    }, {
      "x" : 3.554373,
      "y" : -13.041537,
      "z" : -12.399187
    }, {
      "x" : 0.127322,
      "y" : -14.350554,
      "z" : -7.663119
    } ],
    "faces" : [ {
      "vertices" : [ 0, 1, 2 ]
    }, {
      "vertices" : [ 0, 2, 1 ]
    } ]
  }, {
    "id" : "b447dcb2-ce7b-4bb3-9267-248071aee7ae",
    "vertices" : [ {
      "x" : 15.826238,
      "y" : 2.118034,
      "z" : -3.118034
    }, {
      "x" : 11.09017,
      "y" : 5.545085,
      "z" : -1.809017
    }, {
      "x" : 10.281153,
      "y" : 0.0,
      "z" : -3.927051
    } ],
    "faces" : [ {
      "vertices" : [ 0, 1, 2 ]
    }, {
      "vertices" : [ 0, 2, 1 ]
    } ]
  }, {
    "id" : "68759c3b-6eed-4be6-af3f-64d8ab4f53cd",
    "vertices" : [ {
      "x" : 2.618034,
      "y" : -2.927051,
      "z" : -10.281153
    }, {
      "x" : 6.9177628,
      "y" : -6.5207686,
      "z" : -8.163119
    }, {
      "x" : 4.736068,
      "y" : -2.118034,
      "z" : -4.736068
    } ],
    "faces" : [ {
      "vertices" : [ 0, 1, 2 ]
    }, {
      "vertices" : [ 0, 2, 1 ]
    } ]
  }, {
    "id" : "5d53948b-e18a-44ed-ac9e-1e30afffe092",
    "vertices" : [ {
      "x" : -1.9907119,
      "y" : -20.39564,
      "z" : 0.5
    }, {
      "x" : -6.72678,
      "y" : -16.968588,
      "z" : 1.809017
    }, {
      "x" : -4.608746,
      "y" : -16.15957,
      "z" : 7.354102
    }, {
      "x" : 0.127322,
      "y" : -19.586622,
      "z" : 6.045085
    } ],
    "faces" : [ {
      "vertices" : [ 0, 1, 2 ]
    }, {
      "vertices" : [ 0, 2, 3 ]
    }, {
      "vertices" : [ 0, 3, 2 ]
    }, {
      "vertices" : [ 0, 2, 1 ]
    } ]
  }, {
    "id" : "ad640257-916e-4521-b580-0e69f6208174",
    "vertices" : [ {
      "x" : -8.22678,
      "y" : 8.638803,
      "z" : 11.59017
    }, {
      "x" : -10.344814,
      "y" : 7.829786,
      "z" : 6.045085
    }, {
      "x" : -9.099458,
      "y" : 13.541537,
      "z" : 4.736068
    }, {
      "x" : -6.981424,
      "y" : 14.350554,
      "z" : 10.281153
    } ],
    "faces" : [ {
      "vertices" : [ 0, 1, 2 ]
    }, {
      "vertices" : [ 0, 2, 3 ]
    }, {
      "vertices" : [ 0, 3, 2 ]
    }, {
      "vertices" : [ 0, 2, 1 ]
    } ]
  }, {
    "id" : "c9f733dc-4923-4240-a806-70dd94f68217",
    "vertices" : [ {
      "x" : -21.434984,
      "y" : 3.5937176,
      "z" : 4.427051
    }, {
      "x" : -22.68034,
      "y" : -2.118034,
      "z" : 5.736068
    }, {
      "x" : -17.135256,
      "y" : 0.0,
      "z" : 6.545085
    } ],
    "faces" : [ {
      "vertices" : [ 0, 1, 2 ]
    }, {
      "vertices" : [ 0, 2, 1 ]
    } ]
  }, {
    "id" : "dc384fe9-d507-443a-9d50-5bdc08cebdec",
    "vertices" : [ {
      "x" : -11.217492,
      "y" : 17.968588,
      "z" : -14.5172205
    }, {
      "x" : -14.644543,
      "y" : 16.65957,
      "z" : -9.781153
    }, {
      "x" : -15.45356,
      "y" : 11.114487,
      "z" : -11.899187
    }, {
      "x" : -12.026509,
      "y" : 12.423503,
      "z" : -16.635256
    } ],
    "faces" : [ {
      "vertices" : [ 0, 1, 2 ]
    }, {
      "vertices" : [ 0, 2, 3 ]
    }, {
      "vertices" : [ 0, 3, 2 ]
    }, {
      "vertices" : [ 0, 2, 1 ]
    } ]
  }, {
    "id" : "140f88e9-a540-45dc-8d06-0013a37026f4",
    "vertices" : [ {
      "x" : -11.153831,
      "y" : 7.5207686,
      "z" : -9.781153
    }, {
      "x" : -5.608746,
      "y" : 9.638803,
      "z" : -8.972136
    }, {
      "x" : -7.790441,
      "y" : 14.041537,
      "z" : -5.545085
    }, {
      "x" : -13.3355255,
      "y" : 11.923503,
      "z" : -6.354102
    } ],
    "faces" : [ {
      "vertices" : [ 0, 1, 2 ]
    }, {
      "vertices" : [ 0, 2, 3 ]
    }, {
      "vertices" : [ 0, 3, 2 ]
    }, {
      "vertices" : [ 0, 2, 1 ]
    } ]
  }, {
    "id" : "630b5c82-1b95-4058-8add-6878f6ebf253",
    "vertices" : [ {
      "x" : -15.326238,
      "y" : -9.781153,
      "z" : -2.427051
    }, {
      "x" : -14.5172205,
      "y" : -4.236068,
      "z" : -0.309017
    }, {
      "x" : -13.208204,
      "y" : -8.972136,
      "z" : 3.118034
    } ],
    "faces" : [ {
      "vertices" : [ 0, 1, 2 ]
    }, {
      "vertices" : [ 0, 2, 1 ]
    } ]
  }, {
    "id" : "0fb9db71-f9e5-4c80-876e-37c635bd4176",
    "vertices" : [ {
      "x" : -11.026509,
      "y" : -13.37487,
      "z" : -0.309017
    }, {
      "x" : -5.481424,
      "y" : -11.256837,
      "z" : 0.5
    }, {
      "x" : -7.663119,
      "y" : -6.854102,
      "z" : 3.927051
    }, {
      "x" : -13.208204,
      "y" : -8.972136,
      "z" : 3.118034
    } ],
    "faces" : [ {
      "vertices" : [ 0, 1, 2 ]
    }, {
      "vertices" : [ 0, 2, 3 ]
    }, {
      "vertices" : [ 0, 3, 2 ]
    }, {
      "vertices" : [ 0, 2, 1 ]
    } ]
  }, {
    "id" : "4f24344a-7dd2-470d-b062-f72dc7d6068d",
    "vertices" : [ {
      "x" : -12.462848,
      "y" : 7.0207686,
      "z" : 0.5
    }, {
      "x" : -10.281153,
      "y" : 2.618034,
      "z" : -2.927051
    }, {
      "x" : -4.736068,
      "y" : 4.736068,
      "z" : -2.118034
    }, {
      "x" : -6.9177628,
      "y" : 9.138803,
      "z" : 1.309017
    } ],
    "faces" : [ {
      "vertices" : [ 0, 1, 2 ]
    }, {
      "vertices" : [ 0, 2, 3 ]
    }, {
      "vertices" : [ 0, 3, 2 ]
    }, {
      "vertices" : [ 0, 2, 1 ]
    } ]
  }, {
    "id" : "9ebe730d-97df-4c95-8585-ea5efd754464",
    "vertices" : [ {
      "x" : -11.09017,
      "y" : -8.163119,
      "z" : 8.663119
    }, {
      "x" : -10.281153,
      "y" : -2.618034,
      "z" : 10.781153
    }, {
      "x" : -8.972136,
      "y" : -7.354102,
      "z" : 14.208204
    } ],
    "faces" : [ {
      "vertices" : [ 0, 1, 2 ]
    }, {
      "vertices" : [ 0, 2, 1 ]
    } ]
  }, {
    "id" : "05f8a88e-ff7a-4501-9477-c79f47ec4494",
    "vertices" : [ {
      "x" : 5.608746,
      "y" : -7.0207686,
      "z" : 2.118034
    }, {
      "x" : 7.790441,
      "y" : -11.423503,
      "z" : -1.309017
    }, {
      "x" : 4.36339,
      "y" : -12.73252,
      "z" : 3.427051
    } ],
    "faces" : [ {
      "vertices" : [ 0, 1, 2 ]
    }, {
      "vertices" : [ 0, 2, 1 ]
    } ]
  }, {
    "id" : "9525c3b4-3fa3-4f4b-b131-56a18cad0297",
    "vertices" : [ {
      "x" : 1.372678,
      "y" : -8.638803,
      "z" : -8.972136
    }, {
      "x" : -0.74535596,
      "y" : -9.44782,
      "z" : -14.5172205
    }, {
      "x" : 0.5,
      "y" : -3.736068,
      "z" : -15.826238
    }, {
      "x" : 2.618034,
      "y" : -2.927051,
      "z" : -10.281153
    } ],
    "faces" : [ {
      "vertices" : [ 0, 1, 2 ]
    }, {
      "vertices" : [ 0, 2, 3 ]
    }, {
      "vertices" : [ 0, 3, 2 ]
    }, {
      "vertices" : [ 0, 2, 1 ]
    } ]
  }, {
    "id" : "740edf2c-47dd-48c9-9640-f7821a422445",
    "vertices" : [ {
      "x" : -2.118034,
      "y" : 0.5,
      "z" : -8.972136
    }, {
      "x" : -4.236068,
      "y" : -0.309017,
      "z" : -14.5172205
    }, {
      "x" : 0.5,
      "y" : -3.736068,
      "z" : -15.826238
    }, {
      "x" : 2.618034,
      "y" : -2.927051,
      "z" : -10.281153
    } ],
    "faces" : [ {
      "vertices" : [ 0, 1, 2 ]
    }, {
      "vertices" : [ 0, 2, 3 ]
    }, {
      "vertices" : [ 0, 3, 2 ]
    }, {
      "vertices" : [ 0, 2, 1 ]
    } ]
  }, {
    "id" : "d3b9bc80-4b51-489e-906a-4671ee2ce4f4",
    "vertices" : [ {
      "x" : 8.972136,
      "y" : 4.736068,
      "z" : -7.354102
    }, {
      "x" : 3.427051,
      "y" : 2.618034,
      "z" : -8.163119
    }, {
      "x" : 6.854102,
      "y" : 3.927051,
      "z" : -12.899187
    } ],
    "faces" : [ {
      "vertices" : [ 0, 1, 2 ]
    }, {
      "vertices" : [ 0, 2, 1 ]
    } ]
  }, {
    "id" : "ed0a3905-549d-4dec-a6f6-880c5b75223d",
    "vertices" : [ {
      "x" : 15.326238,
      "y" : 7.163119,
      "z" : 9.281153
    }, {
      "x" : 10.59017,
      "y" : 10.59017,
      "z" : 10.59017
    }, {
      "x" : 8.472136,
      "y" : 9.781153,
      "z" : 5.045085
    }, {
      "x" : 13.208204,
      "y" : 6.354102,
      "z" : 3.736068
    } ],
    "faces" : [ {
      "vertices" : [ 0, 1, 2 ]
    }, {
      "vertices" : [ 0, 2, 3 ]
    }, {
      "vertices" : [ 0, 3, 2 ]
    }, {
      "vertices" : [ 0, 2, 1 ]
    } ]
  }, {
    "id" : "7e531955-be17-4f6a-b7d5-f485b90480c9",
    "vertices" : [ {
      "x" : -3.36339,
      "y" : -10.44782,
      "z" : 6.045085
    }, {
      "x" : -6.790441,
      "y" : -11.756837,
      "z" : 10.781153
    }, {
      "x" : -11.09017,
      "y" : -8.163119,
      "z" : 8.663119
    }, {
      "x" : -7.663119,
      "y" : -6.854102,
      "z" : 3.927051
    } ],
    "faces" : [ {
      "vertices" : [ 0, 1, 2 ]
    }, {
      "vertices" : [ 0, 2, 3 ]
    }, {
      "vertices" : [ 0, 3, 2 ]
    }, {
      "vertices" : [ 0, 2, 1 ]
    } ]
  }, {
    "id" : "85684f50-0d23-404b-a6fd-70308e9913c0",
    "vertices" : [ {
      "x" : 3.554373,
      "y" : -18.277605,
      "z" : 1.309017
    }, {
      "x" : 4.36339,
      "y" : -12.73252,
      "z" : 3.427051
    }, {
      "x" : 2.245356,
      "y" : -13.541537,
      "z" : -2.118034
    } ],
    "faces" : [ {
      "vertices" : [ 0, 1, 2 ]
    }, {
      "vertices" : [ 0, 2, 1 ]
    } ]
  }, {
    "id" : "4fcc5b57-9ed6-4a0e-aba1-b765e3044d99",
    "vertices" : [ {
      "x" : -0.5,
      "y" : 6.354102,
      "z" : 8.972136
    }, {
      "x" : -6.045085,
      "y" : 4.236068,
      "z" : 8.163119
    }, {
      "x" : -4.736068,
      "y" : -0.5,
      "z" : 11.59017
    }, {
      "x" : 0.809017,
      "y" : 1.618034,
      "z" : 12.399187
    } ],
    "faces" : [ {
      "vertices" : [ 0, 1, 2 ]
    }, {
      "vertices" : [ 0, 2, 3 ]
    }, {
      "vertices" : [ 0, 3, 2 ]
    }, {
      "vertices" : [ 0, 2, 1 ]
    } ]
  }, {
    "id" : "f4c0914f-1282-4299-9f4e-68cb8f6d07b7",
    "vertices" : [ {
      "x" : 8.408475,
      "y" : 14.992905,
      "z" : 14.0172205
    }, {
      "x" : 12.708204,
      "y" : 11.399187,
      "z" : 16.135256
    }, {
      "x" : 10.59017,
      "y" : 10.59017,
      "z" : 10.59017
    } ],
    "faces" : [ {
      "vertices" : [ 0, 1, 2 ]
    }, {
      "vertices" : [ 0, 2, 1 ]
    } ]
  }, {
    "id" : "d36c04f6-d518-4342-93ff-d418d6ba83fa",
    "vertices" : [ {
      "x" : -7.72678,
      "y" : 8.829785,
      "z" : -14.5172205
    }, {
      "x" : -11.153831,
      "y" : 7.5207686,
      "z" : -9.781153
    }, {
      "x" : -15.45356,
      "y" : 11.114487,
      "z" : -11.899187
    }, {
      "x" : -12.026509,
      "y" : 12.423503,
      "z" : -16.635256
    } ],
    "faces" : [ {
      "vertices" : [ 0, 1, 2 ]
    }, {
      "vertices" : [ 0, 2, 3 ]
    }, {
      "vertices" : [ 0, 3, 2 ]
    }, {
      "vertices" : [ 0, 2, 1 ]
    } ]
  }, {
    "id" : "2a9f9cb9-04fa-4175-acc5-47c16c06e4f9",
    "vertices" : [ {
      "x" : 6.854102,
      "y" : 3.927051,
      "z" : -12.899187
    }, {
      "x" : 2.118034,
      "y" : 7.354102,
      "z" : -11.59017
    }, {
      "x" : 7.663119,
      "y" : 9.472136,
      "z" : -10.781153
    } ],
    "faces" : [ {
      "vertices" : [ 0, 1, 2 ]
    }, {
      "vertices" : [ 0, 2, 1 ]
    } ]
  }, {
    "id" : "c4ef6b03-99ad-4a73-b47f-2a3f07e44824",
    "vertices" : [ {
      "x" : 0.681695,
      "y" : 17.277605,
      "z" : 16.635256
    }, {
      "x" : -0.627322,
      "y" : 22.013674,
      "z" : 13.208204
    }, {
      "x" : 4.108746,
      "y" : 18.586622,
      "z" : 11.899187
    } ],
    "faces" : [ {
      "vertices" : [ 0, 1, 2 ]
    }, {
      "vertices" : [ 0, 2, 1 ]
    } ]
  }, {
    "id" : "d9db7b12-27d9-408d-b34f-52ddc1f2fe27",
    "vertices" : [ {
      "x" : -18.007933,
      "y" : 4.9027348,
      "z" : -0.309017
    }, {
      "x" : -12.462848,
      "y" : 7.0207686,
      "z" : 0.5
    }, {
      "x" : -14.644543,
      "y" : 11.423503,
      "z" : 3.927051
    }, {
      "x" : -20.189629,
      "y" : 9.3054695,
      "z" : 3.118034
    } ],
    "faces" : [ {
      "vertices" : [ 0, 1, 2 ]
    }, {
      "vertices" : [ 0, 2, 3 ]
    }, {
      "vertices" : [ 0, 3, 2 ]
    }, {
      "vertices" : [ 0, 2, 1 ]
    } ]
  }, {
    "id" : "5a461316-587a-4ec4-b01e-29459d8c7617",
    "vertices" : [ {
      "x" : -15.45356,
      "y" : 11.114487,
      "z" : -11.899187
    }, {
      "x" : -11.153831,
      "y" : 7.5207686,
      "z" : -9.781153
    }, {
      "x" : -13.3355255,
      "y" : 11.923503,
      "z" : -6.354102
    } ],
    "faces" : [ {
      "vertices" : [ 0, 1, 2 ]
    }, {
      "vertices" : [ 0, 2, 1 ]
    } ]
  }, {
    "id" : "949f4fd8-3afd-4a74-af22-632449a27dbe",
    "vertices" : [ {
      "x" : -11.09017,
      "y" : 2.309017,
      "z" : -18.753288
    }, {
      "x" : -8.972136,
      "y" : 3.118034,
      "z" : -13.208204
    }, {
      "x" : -4.236068,
      "y" : -0.309017,
      "z" : -14.5172205
    }, {
      "x" : -6.354102,
      "y" : -1.118034,
      "z" : -20.062305
    } ],
    "faces" : [ {
      "vertices" : [ 0, 1, 2 ]
    }, {
      "vertices" : [ 0, 2, 3 ]
    }, {
      "vertices" : [ 0, 3, 2 ]
    }, {
      "vertices" : [ 0, 2, 1 ]
    } ]
  }, {
    "id" : "94269e9d-61f9-41db-8c7f-e8fb24d57fde",
    "vertices" : [ {
      "x" : -3.427051,
      "y" : -5.236068,
      "z" : 15.0172205
    }, {
      "x" : -4.736068,
      "y" : -0.5,
      "z" : 11.59017
    }, {
      "x" : 0.0,
      "y" : -3.927051,
      "z" : 10.281153
    } ],
    "faces" : [ {
      "vertices" : [ 0, 1, 2 ]
    }, {
      "vertices" : [ 0, 2, 1 ]
    } ]
  }, {
    "id" : "c93b4228-3c8e-4359-a02d-8eb815c05f61",
    "vertices" : [ {
      "x" : -18.071594,
      "y" : 15.350554,
      "z" : -5.045085
    }, {
      "x" : -21.498646,
      "y" : 14.041537,
      "z" : -0.309017
    }, {
      "x" : -22.307661,
      "y" : 8.496452,
      "z" : -2.427051
    }, {
      "x" : -18.880611,
      "y" : 9.8054695,
      "z" : -7.163119
    } ],
    "faces" : [ {
      "vertices" : [ 0, 1, 2 ]
    }, {
      "vertices" : [ 0, 2, 3 ]
    }, {
      "vertices" : [ 0, 3, 2 ]
    }, {
      "vertices" : [ 0, 2, 1 ]
    } ]
  }, {
    "id" : "d54d8d9e-ba2b-4c26-83dd-5a480ce05c43",
    "vertices" : [ {
      "x" : 5.481424,
      "y" : 13.87487,
      "z" : -7.354102
    }, {
      "x" : 3.36339,
      "y" : 13.065854,
      "z" : -12.899187
    }, {
      "x" : 4.608746,
      "y" : 18.777605,
      "z" : -14.208204
    }, {
      "x" : 6.72678,
      "y" : 19.586622,
      "z" : -8.663119
    } ],
    "faces" : [ {
      "vertices" : [ 0, 1, 2 ]
    }, {
      "vertices" : [ 0, 2, 3 ]
    }, {
      "vertices" : [ 0, 3, 2 ]
    }, {
      "vertices" : [ 0, 2, 1 ]
    } ]
  }, {
    "id" : "94b17839-2514-4ac6-ba10-3180f5e509e0",
    "vertices" : [ {
      "x" : 8.972136,
      "y" : 4.736068,
      "z" : -7.354102
    }, {
      "x" : 6.854102,
      "y" : 3.927051,
      "z" : -12.899187
    }, {
      "x" : 11.59017,
      "y" : 0.5,
      "z" : -14.208204
    }, {
      "x" : 13.708204,
      "y" : 1.309017,
      "z" : -8.663119
    } ],
    "faces" : [ {
      "vertices" : [ 0, 1, 2 ]
    }, {
      "vertices" : [ 0, 2, 3 ]
    }, {
      "vertices" : [ 0, 3, 2 ]
    }, {
      "vertices" : [ 0, 2, 1 ]
    } ]
  }, {
    "id" : "a7fa0f16-bced-49a3-882c-590dfba3fda4",
    "vertices" : [ {
      "x" : -13.8355255,
      "y" : 16.968588,
      "z" : 6.045085
    }, {
      "x" : -11.717492,
      "y" : 17.777605,
      "z" : 11.59017
    }, {
      "x" : -17.262577,
      "y" : 15.659572,
      "z" : 10.781153
    } ],
    "faces" : [ {
      "vertices" : [ 0, 1, 2 ]
    }, {
      "vertices" : [ 0, 2, 1 ]
    } ]
  }, {
    "id" : "13fa7427-9377-4182-b2b1-3df0ba1d448a",
    "vertices" : [ {
      "x" : -6.981424,
      "y" : 19.586622,
      "z" : -3.427051
    }, {
      "x" : -4.86339,
      "y" : 20.39564,
      "z" : 2.118034
    }, {
      "x" : -10.408475,
      "y" : 18.277605,
      "z" : 1.309017
    } ],
    "faces" : [ {
      "vertices" : [ 0, 1, 2 ]
    }, {
      "vertices" : [ 0, 2, 1 ]
    } ]
  }, {
    "id" : "02f79e8e-78ee-4241-b94f-297554181019",
    "vertices" : [ {
      "x" : 11.09017,
      "y" : 5.545085,
      "z" : -1.809017
    }, {
      "x" : 14.5172205,
      "y" : 6.854102,
      "z" : -6.545085
    }, {
      "x" : 8.972136,
      "y" : 4.736068,
      "z" : -7.354102
    } ],
    "faces" : [ {
      "vertices" : [ 0, 1, 2 ]
    }, {
      "vertices" : [ 0, 2, 1 ]
    } ]
  }, {
    "id" : "7bb890c9-9049-4c91-ba8b-ba020646052b",
    "vertices" : [ {
      "x" : -14.5172205,
      "y" : -4.236068,
      "z" : -0.309017
    }, {
      "x" : -8.972136,
      "y" : -2.118034,
      "z" : 0.5
    }, {
      "x" : -7.663119,
      "y" : -6.854102,
      "z" : 3.927051
    }, {
      "x" : -13.208204,
      "y" : -8.972136,
      "z" : 3.118034
    } ],
    "faces" : [ {
      "vertices" : [ 0, 1, 2 ]
    }, {
      "vertices" : [ 0, 2, 3 ]
    }, {
      "vertices" : [ 0, 3, 2 ]
    }, {
      "vertices" : [ 0, 2, 1 ]
    } ]
  }, {
    "id" : "1fd1985c-8f1c-4dd6-8fd1-ae8b6bad737f",
    "vertices" : [ {
      "x" : -15.826238,
      "y" : -4.736068,
      "z" : 9.972136
    }, {
      "x" : -17.135256,
      "y" : 0.0,
      "z" : 6.545085
    }, {
      "x" : -11.59017,
      "y" : 2.118034,
      "z" : 7.354102
    }, {
      "x" : -10.281153,
      "y" : -2.618034,
      "z" : 10.781153
    } ],
    "faces" : [ {
      "vertices" : [ 0, 1, 2 ]
    }, {
      "vertices" : [ 0, 2, 3 ]
    }, {
      "vertices" : [ 0, 3, 2 ]
    }, {
      "vertices" : [ 0, 2, 1 ]
    } ]
  }, {
    "id" : "1e6c11bd-11ae-4da7-9a41-f68682a3dd5b",
    "vertices" : [ {
      "x" : -0.063661,
      "y" : 11.756837,
      "z" : -8.163119
    }, {
      "x" : 5.481424,
      "y" : 13.87487,
      "z" : -7.354102
    }, {
      "x" : 3.2997289,
      "y" : 18.277605,
      "z" : -3.927051
    }, {
      "x" : -2.245356,
      "y" : 16.15957,
      "z" : -4.736068
    } ],
    "faces" : [ {
      "vertices" : [ 0, 1, 2 ]
    }, {
      "vertices" : [ 0, 2, 3 ]
    }, {
      "vertices" : [ 0, 3, 2 ]
    }, {
      "vertices" : [ 0, 2, 1 ]
    } ]
  }, {
    "id" : "56419fde-ae0d-43c9-8b5b-53ea734a19eb",
    "vertices" : [ {
      "x" : -10.344814,
      "y" : 7.829786,
