{
  "field" : "golden",
  "symmetry" : "icosahedral",
  "orientations" : [ [ 1.0, 0.0, 0.0, 0.0, 0.0, 1.0, 0.0, 0.0, 0.0, 0.0, 1.0, 0.0, 0.0, 0.0, 0.0, 1.0 ], [ 0.0, 0.0, 1.0, 0.0, 1.0, 0.0, 0.0, 0.0, 0.0, 1.0, 0.0, 0.0, 0.0, 0.0, 0.0, 1.0 ], [ 0.0, 1.0, 0.0, 0.0, 0.0, 0.0, 1.0, 0.0, 1.0, 0.0, 0.0, 0.0, 0.0, 0.0, 0.0, 1.0 ], [ 0.809017, 0.309017, 0.5, 0.0, 0.309017, 0.5, -0.809017, 0.0, -0.5, 0.809017, 0.309017, 0.0, 0.0, 0.0, 0.0, 1.0 ], [ -0.5, 0.809017, 0.309017, 0.0, 0.809017, 0.309017, 0.5, 0.0, 0.309017, 0.5, -0.809017, 0.0, 0.0, 0.0, 0.0, 1.0 ], [ 0.309017, 0.5, -0.809017, 0.0, -0.5, 0.809017, 0.309017, 0.0, 0.809017, 0.309017, 0.5, 0.0, 0.0, 0.0, 0.0, 1.0 ], [ 0.5, 0.809017, 0.309017, 0.0, 0.809017, -0.309017, -0.5, 0.0, -0.309017, 0.5, -0.809017, 0.0, 0.0, 0.0, 0.0, 1.0 ], [ -0.309017, 0.5, -0.809017, 0.0, 0.5, 0.809017, 0.309017, 0.0, 0.809017, -0.309017, -0.5, 0.0, 0.0, 0.0, 0.0, 1.0 ], [ 0.809017, -0.309017, -0.5, 0.0, -0.309017, 0.5, -0.809017, 0.0, 0.5, 0.809017, 0.309017, 0.0, 0.0, 0.0, 0.0, 1.0 ], [ 0.5, 0.809017, -0.309017, 0.0, 0.809017, -0.309017, 0.5, 0.0, 0.309017, -0.5, -0.809017, 0.0, 0.0, 0.0, 0.0, 1.0 ], [ 0.309017, -0.5, -0.809017, 0.0, 0.5, 0.809017, -0.309017, 0.0, 0.809017, -0.309017, 0.5, 0.0, 0.0, 0.0, 0.0, 1.0 ], [ 0.809017, -0.309017, 0.5, 0.0, 0.309017, -0.5, -0.809017, 0.0, 0.5, 0.809017, -0.309017, 0.0, 0.0, 0.0, 0.0, 1.0 ], [ 0.809017, 0.309017, -0.5, 0.0, 0.309017, 0.5, 0.809017, 0.0, 0.5, -0.809017, 0.309017, 0.0, 0.0, 0.0, 0.0, 1.0 ], [ 0.5, -0.809017, 0.309017, 0.0, 0.809017, 0.309017, -0.5, 0.0, 0.309017, 0.5, 0.809017, 0.0, 0.0, 0.0, 0.0, 1.0 ], [ 0.309017, 0.5, 0.809017, 0.0, 0.5, -0.809017, 0.309017, 0.0, 0.809017, 0.309017, -0.5, 0.0, 0.0, 0.0, 0.0, 1.0 ], [ 1.0, 0.0, 0.0, 0.0, 0.0, -1.0, 0.0, 0.0, 0.0, 0.0, -1.0, 0.0, 0.0, 0.0, 0.0, 1.0 ], [ 0.0, 0.0, 1.0, 0.0, -1.0, 0.0, 0.0, 0.0, 0.0, -1.0, 0.0, 0.0, 0.0, 0.0, 0.0, 1.0 ], [ 0.0, 1.0, 0.0, 0.0, 0.0, 0.0, -1.0, 0.0, -1.0, 0.0, 0.0, 0.0, 0.0, 0.0, 0.0, 1.0 ], [ 0.809017, 0.309017, 0.5, 0.0, -0.309017, -0.5, 0.809017, 0.0, 0.5, -0.809017, -0.309017, 0.0, 0.0, 0.0, 0.0, 1.0 ], [ -0.5, 0.809017, 0.309017, 0.0, -0.809017, -0.309017, -0.5, 0.0, -0.309017, -0.5, 0.809017, 0.0, 0.0, 0.0, 0.0, 1.0 ], [ 0.309017, 0.5, -0.809017, 0.0, 0.5, -0.809017, -0.309017, 0.0, -0.809017, -0.309017, -0.5, 0.0, 0.0, 0.0, 0.0, 1.0 ], [ 0.5, 0.809017, 0.309017, 0.0, -0.809017, 0.309017, 0.5, 0.0, 0.309017, -0.5, 0.809017, 0.0, 0.0, 0.0, 0.0, 1.0 ], [ -0.309017, 0.5, -0.809017, 0.0, -0.5, -0.809017, -0.309017, 0.0, -0.809017, 0.309017, 0.5, 0.0, 0.0, 0.0, 0.0, 1.0 ], [ 0.809017, -0.309017, -0.5, 0.0, 0.309017, -0.5, 0.809017, 0.0, -0.5, -0.809017, -0.309017, 0.0, 0.0, 0.0, 0.0, 1.0 ], [ 0.5, 0.809017, -0.309017, 0.0, -0.809017, 0.309017, -0.5, 0.0, -0.309017, 0.5, 0.809017, 0.0, 0.0, 0.0, 0.0, 1.0 ], [ 0.309017, -0.5, -0.809017, 0.0, -0.5, -0.809017, 0.309017, 0.0, -0.809017, 0.309017, -0.5, 0.0, 0.0, 0.0, 0.0, 1.0 ], [ 0.809017, -0.309017, 0.5, 0.0, -0.309017, 0.5, 0.809017, 0.0, -0.5, -0.809017, 0.309017, 0.0, 0.0, 0.0, 0.0, 1.0 ], [ 0.809017, 0.309017, -0.5, 0.0, -0.309017, -0.5, -0.809017, 0.0, -0.5, 0.809017, -0.309017, 0.0, 0.0, 0.0, 0.0, 1.0 ], [ 0.5, -0.809017, 0.309017, 0.0, -0.809017, -0.309017, 0.5, 0.0, -0.309017, -0.5, -0.809017, 0.0, 0.0, 0.0, 0.0, 1.0 ], [ 0.309017, 0.5, 0.809017, 0.0, -0.5, 0.809017, -0.309017, 0.0, -0.809017, -0.309017, 0.5, 0.0, 0.0, 0.0, 0.0, 1.0 ], [ -1.0, 0.0, 0.0, 0.0, 0.0, -1.0, 0.0, 0.0, 0.0, 0.0, 1.0, 0.0, 0.0, 0.0, 0.0, 1.0 ], [ 0.0, 0.0, -1.0, 0.0, -1.0, 0.0, 0.0, 0.0, 0.0, 1.0, 0.0, 0.0, 0.0, 0.0, 0.0, 1.0 ], [ 0.0, -1.0, 0.0, 0.0, 0.0, 0.0, -1.0, 0.0, 1.0, 0.0, 0.0, 0.0, 0.0, 0.0, 0.0, 1.0 ], [ -0.809017, -0.309017, -0.5, 0.0, -0.309017, -0.5, 0.809017, 0.0, -0.5, 0.809017, 0.309017, 0.0, 0.0, 0.0, 0.0, 1.0 ], [ 0.5, -0.809017, -0.309017, 0.0, -0.809017, -0.309017, -0.5, 0.0, 0.309017, 0.5, -0.809017, 0.0, 0.0, 0.0, 0.0, 1.0 ], [ -0.309017, -0.5, 0.809017, 0.0, 0.5, -0.809017, -0.309017, 0.0, 0.809017, 0.309017, 0.5, 0.0, 0.0, 0.0, 0.0, 1.0 ], [ -0.5, -0.809017, -0.309017, 0.0, -0.809017, 0.309017, 0.5, 0.0, -0.309017, 0.5, -0.809017, 0.0, 0.0, 0.0, 0.0, 1.0 ], [ 0.309017, -0.5, 0.809017, 0.0, -0.5, -0.809017, -0.309017, 0.0, 0.809017, -0.309017, -0.5, 0.0, 0.0, 0.0, 0.0, 1.0 ], [ -0.809017, 0.309017, 0.5, 0.0, 0.309017, -0.5, 0.809017, 0.0, 0.5, 0.809017, 0.309017, 0.0, 0.0, 0.0, 0.0, 1.0 ], [ -0.5, -0.809017, 0.309017, 0.0, -0.809017, 0.309017, -0.5, 0.0, 0.309017, -0.5, -0.809017, 0.0, 0.0, 0.0, 0.0, 1.0 ], [ -0.309017, 0.5, 0.809017, 0.0, -0.5, -0.809017, 0.309017, 0.0, 0.809017, -0.309017, 0.5, 0.0, 0.0, 0.0, 0.0, 1.0 ], [ -0.809017, 0.309017, -0.5, 0.0, -0.309017, 0.5, 0.809017, 0.0, 0.5, 0.809017, -0.309017, 0.0, 0.0, 0.0, 0.0, 1.0 ], [ -0.809017, -0.309017, 0.5, 0.0, -0.309017, -0.5, -0.809017, 0.0, 0.5, -0.809017, 0.309017, 0.0, 0.0, 0.0, 0.0, 1.0 ], [ -0.5, 0.809017, -0.309017, 0.0, -0.809017, -0.309017, 0.5, 0.0, 0.309017, 0.5, 0.809017, 0.0, 0.0, 0.0, 0.0, 1.0 ], [ -0.309017, -0.5, -0.809017, 0.0, -0.5, 0.809017, -0.309017, 0.0, 0.809017, 0.309017, -0.5, 0.0, 0.0, 0.0, 0.0, 1.0 ], [ -1.0, 0.0, 0.0, 0.0, 0.0, 1.0, 0.0, 0.0, 0.0, 0.0, -1.0, 0.0, 0.0, 0.0, 0.0, 1.0 ], [ 0.0, 0.0, -1.0, 0.0, 1.0, 0.0, 0.0, 0.0, 0.0, -1.0, 0.0, 0.0, 0.0, 0.0, 0.0, 1.0 ], [ 0.0, -1.0, 0.0, 0.0, 0.0, 0.0, 1.0, 0.0, -1.0, 0.0, 0.0, 0.0, 0.0, 0.0, 0.0, 1.0 ], [ -0.809017, -0.309017, -0.5, 0.0, 0.309017, 0.5, -0.809017, 0.0, 0.5, -0.809017, -0.309017, 0.0, 0.0, 0.0, 0.0, 1.0 ], [ 0.5, -0.809017, -0.309017, 0.0, 0.809017, 0.309017, 0.5, 0.0, -0.309017, -0.5, 0.809017, 0.0, 0.0, 0.0, 0.0, 1.0 ], [ -0.309017, -0.5, 0.809017, 0.0, -0.5, 0.809017, 0.309017, 0.0, -0.809017, -0.309017, -0.5, 0.0, 0.0, 0.0, 0.0, 1.0 ], [ -0.5, -0.809017, -0.309017, 0.0, 0.809017, -0.309017, -0.5, 0.0, 0.309017, -0.5, 0.809017, 0.0, 0.0, 0.0, 0.0, 1.0 ], [ 0.309017, -0.5, 0.809017, 0.0, 0.5, 0.809017, 0.309017, 0.0, -0.809017, 0.309017, 0.5, 0.0, 0.0, 0.0, 0.0, 1.0 ], [ -0.809017, 0.309017, 0.5, 0.0, -0.309017, 0.5, -0.809017, 0.0, -0.5, -0.809017, -0.309017, 0.0, 0.0, 0.0, 0.0, 1.0 ], [ -0.5, -0.809017, 0.309017, 0.0, 0.809017, -0.309017, 0.5, 0.0, -0.309017, 0.5, 0.809017, 0.0, 0.0, 0.0, 0.0, 1.0 ], [ -0.309017, 0.5, 0.809017, 0.0, 0.5, 0.809017, -0.309017, 0.0, -0.809017, 0.309017, -0.5, 0.0, 0.0, 0.0, 0.0, 1.0 ], [ -0.809017, 0.309017, -0.5, 0.0, 0.309017, -0.5, -0.809017, 0.0, -0.5, -0.809017, 0.309017, 0.0, 0.0, 0.0, 0.0, 1.0 ], [ -0.809017, -0.309017, 0.5, 0.0, 0.309017, 0.5, 0.809017, 0.0, -0.5, 0.809017, -0.309017, 0.0, 0.0, 0.0, 0.0, 1.0 ], [ -0.5, 0.809017, -0.309017, 0.0, 0.809017, 0.309017, -0.5, 0.0, -0.309017, -0.5, -0.809017, 0.0, 0.0, 0.0, 0.0, 1.0 ], [ -0.309017, -0.5, -0.809017, 0.0, 0.5, -0.809017, 0.309017, 0.0, -0.809017, -0.309017, 0.5, 0.0, 0.0, 0.0, 0.0, 1.0 ] ],
  "lights" : {
    "backgroundColor" : "#AFC8DC",
    "ambientColor" : "#292929",
    "directionalLights" : [ {
      "direction" : {
        "x" : 1.0,
        "y" : -1.0,
        "z" : -1.0
      },
      "color" : "#EBEBE4"
    }, {
      "direction" : {
        "x" : -1.0,
        "y" : 0.0,
        "z" : 0.0
      },
      "color" : "#E4E4EB"
    }, {
      "direction" : {
        "x" : 0.0,
        "y" : 0.0,
        "z" : -1.0
      },
      "color" : "#1E1E1E"
    } ]
  },
  "camera" : {
    "width" : 301.98337,
    "stereo" : false,
    "viewDistance" : 671.07416,
    "nearClipDistance" : 1.6776848,
    "farClipDistance" : 1342.1484,
    "fieldOfView" : 0.44262886,
    "perspective" : false,
    "lookAtPoint" : {
      "x" : 0.0,
      "y" : 0.0,
      "z" : 0.0
    },
    "lookDirection" : {
      "x" : 0.5720614,
      "y" : -0.21850802,
      "z" : 0.7905694
    },
    "upDirection" : {
      "x" : -0.13504541,
      "y" : 0.92561483,
      "z" : 0.3535534
    },
    "position" : {
      "x" : -383.89563,
      "y" : 146.63509,
      "z" : -530.5307
    }
  },
  "embedding" : [ 1.0, 0.0, 0.0, 0.0, 0.0, 1.0, 0.0, 0.0, 0.0, 0.0, 1.0, 0.0, 0.0, 0.0, 0.0, 1.0 ],
  "shapes" : [ {
    "id" : "453b25f1-601a-41e3-bccb-94e0041101cb",
    "vertices" : [ {
      "x" : -35.888542,
      "y" : -13.708204,
      "z" : 22.18034
    }, {
      "x" : -42.742645,
      "y" : -6.854102,
      "z" : 29.034441
    }, {
      "x" : -42.742645,
      "y" : -11.09017,
      "z" : 40.12461
    }, {
      "x" : -35.888542,
      "y" : -17.944271,
      "z" : 33.27051
    } ],
    "faces" : [ {
      "vertices" : [ 0, 1, 2 ]
    }, {
      "vertices" : [ 0, 2, 3 ]
    }, {
      "vertices" : [ 0, 3, 2 ]
    }, {
      "vertices" : [ 0, 2, 1 ]
    } ]
  }, {
    "id" : "db52f9b8-db07-469d-8e95-d314b20e2cb8",
    "vertices" : [ {
      "x" : 13.708204,
      "y" : 53.832817,
      "z" : 24.798374
    }, {
      "x" : 13.708204,
      "y" : 60.686916,
      "z" : 6.854102
    }, {
      "x" : 20.562305,
      "y" : 53.832817,
      "z" : 0.0
    }, {
      "x" : 20.562305,
      "y" : 46.978714,
      "z" : 17.944271
    } ],
    "faces" : [ {
      "vertices" : [ 0, 1, 2 ]
    }, {
      "vertices" : [ 0, 2, 3 ]
    }, {
      "vertices" : [ 0, 3, 2 ]
    }, {
      "vertices" : [ 0, 2, 1 ]
    } ]
  }, {
    "id" : "ee23429c-84bf-46a6-82bd-090fc4424d2f",
    "vertices" : [ {
      "x" : 13.708204,
      "y" : 22.18034,
      "z" : 35.888542
    }, {
      "x" : -4.236068,
      "y" : 22.18034,
      "z" : 29.034441
    }, {
      "x" : -11.09017,
      "y" : 4.236068,
      "z" : 29.034441
    }, {
      "x" : 6.854102,
      "y" : 4.236068,
      "z" : 35.888542
    } ],
    "faces" : [ {
      "vertices" : [ 0, 1, 2 ]
    }, {
      "vertices" : [ 0, 2, 3 ]
    }, {
      "vertices" : [ 0, 3, 2 ]
    }, {
      "vertices" : [ 0, 2, 1 ]
    } ]
  }, {
    "id" : "ce89e650-0f3c-4571-b905-ddf902be7846",
    "vertices" : [ {
      "x" : -53.832817,
      "y" : 24.798374,
      "z" : -13.708204
    }, {
      "x" : -58.068882,
      "y" : 29.034441,
      "z" : -9.472136
    }, {
      "x" : -58.068882,
      "y" : 22.18034,
      "z" : 8.472136
    }, {
      "x" : -53.832817,
      "y" : 17.944271,
      "z" : 4.236068
    } ],
    "faces" : [ {
      "vertices" : [ 0, 1, 2 ]
    }, {
      "vertices" : [ 0, 2, 3 ]
    }, {
      "vertices" : [ 0, 3, 2 ]
    }, {
      "vertices" : [ 0, 2, 1 ]
    } ]
  }, {
    "id" : "dddfc2a6-288e-4345-bac8-28721f60c823",
    "vertices" : [ {
      "x" : 35.888542,
      "y" : 29.034441,
      "z" : 53.832817
    }, {
      "x" : 40.12461,
      "y" : 29.034441,
      "z" : 55.45085
    }, {
      "x" : 42.742645,
      "y" : 35.888542,
      "z" : 55.45085
    }, {
      "x" : 38.506577,
      "y" : 35.888542,
      "z" : 53.832817
    } ],
    "faces" : [ {
      "vertices" : [ 0, 1, 2 ]
    }, {
      "vertices" : [ 0, 2, 3 ]
    }, {
      "vertices" : [ 0, 3, 2 ]
    }, {
      "vertices" : [ 0, 2, 1 ]
    } ]
  }, {
    "id" : "9424698c-38e3-44a0-ba49-47bb338e6f92",
    "vertices" : [ {
      "x" : -22.18034,
      "y" : -33.27051,
      "z" : -64.92299
    }, {
      "x" : -17.944271,
      "y" : -22.18034,
      "z" : -64.92299
    }, {
      "x" : -24.798374,
      "y" : -22.18034,
      "z" : -67.54102
    }, {
      "x" : -29.034441,
      "y" : -33.27051,
      "z" : -67.54102
    } ],
    "faces" : [ {
      "vertices" : [ 0, 1, 2 ]
    }, {
      "vertices" : [ 0, 2, 3 ]
    }, {
      "vertices" : [ 0, 3, 2 ]
    }, {
      "vertices" : [ 0, 2, 1 ]
    } ]
  }, {
    "id" : "a955a520-086b-4f3a-8584-89f367cb948e",
    "vertices" : [ {
      "x" : -22.18034,
      "y" : 31.652475,
      "z" : -46.978714
    }, {
      "x" : -11.09017,
      "y" : 20.562305,
      "z" : -58.068882
    }, {
      "x" : 0.0,
      "y" : 20.562305,
      "z" : -53.832817
    }, {
      "x" : -11.09017,
      "y" : 31.652475,
      "z" : -42.742645
    } ],
    "faces" : [ {
      "vertices" : [ 0, 1, 2 ]
    }, {
      "vertices" : [ 0, 2, 3 ]
    }, {
      "vertices" : [ 0, 3, 2 ]
    }, {
      "vertices" : [ 0, 2, 1 ]
    } ]
  }, {
    "id" : "4bafd9d9-0190-4c69-bf82-8c38547ea7b1",
    "vertices" : [ {
      "x" : 46.978714,
      "y" : 4.236068,
      "z" : 51.214783
    }, {
      "x" : 40.12461,
      "y" : -13.708204,
      "z" : 51.214783
    }, {
      "x" : 40.12461,
      "y" : -15.326238,
      "z" : 55.45085
    }, {
      "x" : 46.978714,
      "y" : 2.618034,
      "z" : 55.45085
    } ],
    "faces" : [ {
      "vertices" : [ 0, 1, 2 ]
    }, {
      "vertices" : [ 0, 2, 3 ]
    }, {
      "vertices" : [ 0, 3, 2 ]
    }, {
      "vertices" : [ 0, 2, 1 ]
    } ]
  }, {
    "id" : "2b859e56-3c89-4b19-9327-52937c18477b",
    "vertices" : [ {
      "x" : 53.832817,
      "y" : -49.59675,
      "z" : 6.854102
    }, {
      "x" : 53.832817,
      "y" : -42.742645,
      "z" : -11.09017
    }, {
      "x" : 58.068882,
      "y" : -42.742645,
      "z" : -9.472136
    }, {
      "x" : 58.068882,
      "y" : -49.59675,
      "z" : 8.472136
    } ],
    "faces" : [ {
      "vertices" : [ 0, 1, 2 ]
    }, {
      "vertices" : [ 0, 2, 3 ]
    }, {
      "vertices" : [ 0, 3, 2 ]
    }, {
      "vertices" : [ 0, 2, 1 ]
    } ]
  }, {
    "id" : "35a133d4-5ea9-4076-bea9-5920c1b3c5a0",
    "vertices" : [ {
      "x" : 13.708204,
      "y" : 49.59675,
      "z" : -35.888542
    }, {
      "x" : 15.326238,
      "y" : 53.832817,
      "z" : -35.888542
    }, {
      "x" : 15.326238,
      "y" : 55.45085,
      "z" : -40.12461
    }, {
      "x" : 13.708204,
      "y" : 51.214783,
      "z" : -40.12461
    } ],
    "faces" : [ {
      "vertices" : [ 0, 1, 2 ]
    }, {
      "vertices" : [ 0, 2, 3 ]
    }, {
      "vertices" : [ 0, 3, 2 ]
    }, {
      "vertices" : [ 0, 2, 1 ]
    } ]
  }, {
    "id" : "0638c0af-bbb6-4319-a954-a5073bf9353d",
    "vertices" : [ {
      "x" : -58.068882,
      "y" : -22.18034,
      "z" : 35.888542
    }, {
      "x" : -62.30495,
      "y" : -17.944271,
      "z" : 40.12461
    }, {
      "x" : -62.30495,
      "y" : -20.562305,
      "z" : 46.978714
    }, {
      "x" : -58.068882,
      "y" : -24.798374,
      "z" : 42.742645
    } ],
    "faces" : [ {
      "vertices" : [ 0, 1, 2 ]
    }, {
      "vertices" : [ 0, 2, 3 ]
    }, {
      "vertices" : [ 0, 3, 2 ]
    }, {
      "vertices" : [ 0, 2, 1 ]
    } ]
  }, {
    "id" : "3a2e7b8e-227b-4a6b-8d34-432d291d1cf1",
    "vertices" : [ {
      "x" : -42.742645,
      "y" : 60.686916,
      "z" : -4.236068
    }, {
      "x" : -42.742645,
      "y" : 53.832817,
      "z" : 13.708204
    }, {
      "x" : -49.59675,
      "y" : 53.832817,
      "z" : 11.09017
    }, {
      "x" : -49.59675,
      "y" : 60.686916,
      "z" : -6.854102
    } ],
    "faces" : [ {
      "vertices" : [ 0, 1, 2 ]
    }, {
      "vertices" : [ 0, 2, 3 ]
    }, {
      "vertices" : [ 0, 3, 2 ]
    }, {
      "vertices" : [ 0, 2, 1 ]
    } ]
  }, {
    "id" : "e83831a8-cfce-456d-8f6f-9755322d4d41",
    "vertices" : [ {
      "x" : -24.798374,
      "y" : -42.742645,
      "z" : -58.068882
    }, {
      "x" : -24.798374,
      "y" : -46.978714,
      "z" : -46.978714
    }, {
      "x" : -20.562305,
      "y" : -51.214783,
      "z" : -51.214783
    }, {
      "x" : -20.562305,
      "y" : -46.978714,
      "z" : -62.30495
    } ],
    "faces" : [ {
      "vertices" : [ 0, 1, 2 ]
    }, {
      "vertices" : [ 0, 2, 3 ]
    }, {
      "vertices" : [ 0, 3, 2 ]
    }, {
      "vertices" : [ 0, 2, 1 ]
    } ]
  }, {
    "id" : "14f8a852-71c0-449c-8adb-e2d0d4c2eb88",
    "vertices" : [ {
      "x" : 6.854102,
      "y" : 15.326238,
      "z" : -64.92299
    }, {
      "x" : 6.854102,
      "y" : 13.708204,
      "z" : -60.686916
    }, {
      "x" : 0.0,
      "y" : 20.562305,
      "z" : -53.832817
    }, {
      "x" : 0.0,
      "y" : 22.18034,
      "z" : -58.068882
    } ],
    "faces" : [ {
      "vertices" : [ 0, 1, 2 ]
    }, {
      "vertices" : [ 0, 2, 3 ]
    }, {
      "vertices" : [ 0, 3, 2 ]
    }, {
      "vertices" : [ 0, 2, 1 ]
    } ]
  }, {
    "id" : "d50375a1-01e2-450b-b0be-cca1a45d2f52",
    "vertices" : [ {
      "x" : -11.09017,
      "y" : 40.12461,
      "z" : 51.214783
    }, {
      "x" : -11.09017,
      "y" : 44.36068,
      "z" : 40.12461
    }, {
      "x" : -13.708204,
      "y" : 46.978714,
      "z" : 42.742645
    }, {
      "x" : -13.708204,
      "y" : 42.742645,
      "z" : 53.832817
    } ],
    "faces" : [ {
      "vertices" : [ 0, 1, 2 ]
    }, {
      "vertices" : [ 0, 2, 3 ]
    }, {
      "vertices" : [ 0, 3, 2 ]
    }, {
      "vertices" : [ 0, 2, 1 ]
    } ]
  }, {
    "id" : "d83f3246-6f0d-46cd-bdc7-a87d73a1eb1d",
    "vertices" : [ {
      "x" : -6.854102,
      "y" : -53.832817,
      "z" : -49.59675
    }, {
      "x" : -8.472136,
      "y" : -58.068882,
      "z" : -49.59675
    }, {
      "x" : 9.472136,
      "y" : -58.068882,
      "z" : -42.742645
    }, {
      "x" : 11.09017,
      "y" : -53.832817,
      "z" : -42.742645
    } ],
    "faces" : [ {
      "vertices" : [ 0, 1, 2 ]
    }, {
      "vertices" : [ 0, 2, 3 ]
    }, {
      "vertices" : [ 0, 3, 2 ]
    }, {
      "vertices" : [ 0, 2, 1 ]
    } ]
  }, {
    "id" : "ea5ef949-24d0-4f97-b4aa-3294a67a58f7",
    "vertices" : [ {
      "x" : 24.798374,
      "y" : 20.562305,
      "z" : 71.777084
    }, {
      "x" : 31.652475,
      "y" : 13.708204,
      "z" : 64.92299
    }, {
      "x" : 24.798374,
      "y" : -4.236068,
      "z" : 64.92299
    }, {
      "x" : 17.944271,
      "y" : 2.618034,
      "z" : 71.777084
    } ],
    "faces" : [ {
      "vertices" : [ 0, 1, 2 ]
    }, {
      "vertices" : [ 0, 2, 3 ]
    }, {
      "vertices" : [ 0, 3, 2 ]
    }, {
      "vertices" : [ 0, 2, 1 ]
    } ]
  }, {
    "id" : "3c6690b1-aced-454f-86c9-4f6ac4d21001",
    "vertices" : [ {
      "x" : -53.832817,
      "y" : 0.0,
      "z" : 6.854102
    }, {
      "x" : -60.686916,
      "y" : 0.0,
      "z" : 4.236068
    }, {
      "x" : -53.832817,
      "y" : -6.854102,
      "z" : -2.618034
    }, {
      "x" : -46.978714,
      "y" : -6.854102,
      "z" : 0.0
    } ],
    "faces" : [ {
      "vertices" : [ 0, 1, 2 ]
    }, {
      "vertices" : [ 0, 2, 3 ]
    }, {
      "vertices" : [ 0, 3, 2 ]
    }, {
      "vertices" : [ 0, 2, 1 ]
    } ]
  }, {
    "id" : "2609dc86-1b07-4231-bd9c-8c83ed2ee56e",
    "vertices" : [ {
      "x" : 69.15905,
      "y" : 11.09017,
      "z" : -2.618034
    }, {
      "x" : 69.15905,
      "y" : 4.236068,
      "z" : 15.326238
    }, {
      "x" : 62.30495,
      "y" : 11.09017,
      "z" : 22.18034
    }, {
      "x" : 62.30495,
      "y" : 17.944271,
      "z" : 4.236068
    } ],
    "faces" : [ {
      "vertices" : [ 0, 1, 2 ]
    }, {
      "vertices" : [ 0, 2, 3 ]
    }, {
      "vertices" : [ 0, 3, 2 ]
    }, {
      "vertices" : [ 0, 2, 1 ]
    } ]
  }, {
    "id" : "dcdb15a7-c435-4a57-b555-af25cabb60e9",
    "vertices" : [ {
      "x" : -40.12461,
      "y" : -31.652475,
      "z" : 40.12461
    }, {
      "x" : -22.18034,
      "y" : -31.652475,
      "z" : 46.978714
    }, {
      "x" : -24.798374,
      "y" : -38.506577,
      "z" : 46.978714
    }, {
      "x" : -42.742645,
      "y" : -38.506577,
      "z" : 40.12461
    } ],
    "faces" : [ {
      "vertices" : [ 0, 1, 2 ]
    }, {
      "vertices" : [ 0, 2, 3 ]
    }, {
      "vertices" : [ 0, 3, 2 ]
    }, {
      "vertices" : [ 0, 2, 1 ]
    } ]
  }, {
    "id" : "070b88b9-f008-4faf-ad2c-4548c92b478a",
    "vertices" : [ {
      "x" : 29.034441,
      "y" : -53.832817,
      "z" : 35.888542
    }, {
      "x" : 35.888542,
      "y" : -53.832817,
      "z" : 38.506577
    }, {
      "x" : 40.12461,
      "y" : -42.742645,
      "z" : 38.506577
    }, {
      "x" : 33.27051,
      "y" : -42.742645,
      "z" : 35.888542
    } ],
    "faces" : [ {
      "vertices" : [ 0, 1, 2 ]
    }, {
      "vertices" : [ 0, 2, 3 ]
    }, {
      "vertices" : [ 0, 3, 2 ]
    }, {
      "vertices" : [ 0, 2, 1 ]
    } ]
  }, {
    "id" : "9519a677-5391-467b-ba26-8b8b2871c165",
    "vertices" : [ {
      "x" : -40.12461,
      "y" : 42.742645,
      "z" : -38.506577
    }, {
      "x" : -46.978714,
      "y" : 24.798374,
      "z" : -38.506577
    }, {
      "x" : -35.888542,
      "y" : 13.708204,
      "z" : -49.59675
    }, {
      "x" : -29.034441,
      "y" : 31.652475,
      "z" : -49.59675
    } ],
    "faces" : [ {
      "vertices" : [ 0, 1, 2 ]
    }, {
      "vertices" : [ 0, 2, 3 ]
    }, {
      "vertices" : [ 0, 3, 2 ]
    }, {
      "vertices" : [ 0, 2, 1 ]
    } ]
  }, {
    "id" : "6cc350aa-a617-4243-82f7-023f4ca6e106",
    "vertices" : [ {
      "x" : -51.214783,
      "y" : 46.978714,
      "z" : -26.416409
    }, {
      "x" : -58.068882,
      "y" : 29.034441,
      "z" : -26.416409
    }, {
      "x" : -58.068882,
      "y" : 31.652475,
      "z" : -33.27051
    }, {
      "x" : -51.214783,
      "y" : 49.59675,
      "z" : -33.27051
    } ],
    "faces" : [ {
      "vertices" : [ 0, 1, 2 ]
    }, {
      "vertices" : [ 0, 2, 3 ]
    }, {
      "vertices" : [ 0, 3, 2 ]
    }, {
      "vertices" : [ 0, 2, 1 ]
    } ]
  }, {
    "id" : "d6c778cc-f982-453f-93bd-d2d30092db86",
    "vertices" : [ {
      "x" : 42.742645,
      "y" : 38.506577,
      "z" : -40.12461
    }, {
      "x" : 31.652475,
      "y" : 49.59675,
      "z" : -29.034441
    }, {
      "x" : 13.708204,
      "y" : 49.59675,
      "z" : -35.888542
    }, {
      "x" : 24.798374,
      "y" : 38.506577,
      "z" : -46.978714
    } ],
    "faces" : [ {
      "vertices" : [ 0, 1, 2 ]
    }, {
      "vertices" : [ 0, 2, 3 ]
    }, {
      "vertices" : [ 0, 3, 2 ]
    }, {
      "vertices" : [ 0, 2, 1 ]
    } ]
  }, {
    "id" : "b2499bce-aa9e-4cae-8662-5d4fe91e7879",
    "vertices" : [ {
      "x" : -4.236068,
      "y" : 35.888542,
      "z" : -6.854102
    }, {
      "x" : -4.236068,
      "y" : 29.034441,
      "z" : 11.09017
    }, {
      "x" : 0.0,
      "y" : 40.12461,
      "z" : 11.09017
    }, {
      "x" : 0.0,
      "y" : 46.978714,
      "z" : -6.854102
    } ],
    "faces" : [ {
      "vertices" : [ 0, 1, 2 ]
    }, {
      "vertices" : [ 0, 2, 3 ]
    }, {
      "vertices" : [ 0, 3, 2 ]
    }, {
      "vertices" : [ 0, 2, 1 ]
    } ]
  }, {
    "id" : "5af4d133-5ab9-433c-a5af-99e776b59742",
    "vertices" : [ {
      "x" : -22.18034,
      "y" : 35.888542,
      "z" : -13.708204
    }, {
      "x" : -17.944271,
      "y" : 46.978714,
      "z" : -13.708204
    }, {
      "x" : -24.798374,
      "y" : 53.832817,
      "z" : -6.854102
    }, {
      "x" : -29.034441,
      "y" : 42.742645,
      "z" : -6.854102
    } ],
    "faces" : [ {
      "vertices" : [ 0, 1, 2 ]
    }, {
      "vertices" : [ 0, 2, 3 ]
    }, {
      "vertices" : [ 0, 3, 2 ]
    }, {
      "vertices" : [ 0, 2, 1 ]
    } ]
  }, {
    "id" : "d6df3566-b8c5-438c-9b7a-939adec032b9",
    "vertices" : [ {
      "x" : 46.978714,
      "y" : -58.068882,
      "z" : 9.472136
    }, {
      "x" : 49.59675,
      "y" : -60.686916,
      "z" : 6.854102
    }, {
      "x" : 42.742645,
      "y" : -60.686916,
      "z" : 4.236068
    }, {
      "x" : 40.12461,
      "y" : -58.068882,
      "z" : 6.854102
    } ],
    "faces" : [ {
      "vertices" : [ 0, 1, 2 ]
    }, {
      "vertices" : [ 0, 2, 3 ]
    }, {
      "vertices" : [ 0, 3, 2 ]
    }, {
      "vertices" : [ 0, 2, 1 ]
    } ]
  }, {
    "id" : "6bb5950c-2001-4f97-91d1-ad355416af01",
    "vertices" : [ {
      "x" : 51.214783,
      "y" : -22.18034,
      "z" : -11.09017
    }, {
      "x" : 51.214783,
      "y" : -15.326238,
      "z" : -29.034441
    }, {
      "x" : 44.36068,
      "y" : -33.27051,
      "z" : -29.034441
    }, {
      "x" : 44.36068,
      "y" : -40.12461,
      "z" : -11.09017
    } ],
    "faces" : [ {
      "vertices" : [ 0, 1, 2 ]
    }, {
      "vertices" : [ 0, 2, 3 ]
    }, {
      "vertices" : [ 0, 3, 2 ]
    }, {
      "vertices" : [ 0, 2, 1 ]
    } ]
  }, {
    "id" : "5f67cabf-f2a2-438c-bce1-f5938725d9f8",
    "vertices" : [ {
      "x" : 15.326238,
      "y" : -60.686916,
      "z" : 31.652475
    }, {
      "x" : -2.618034,
      "y" : -60.686916,
      "z" : 24.798374
    }, {
      "x" : -4.236068,
      "y" : -64.92299,
      "z" : 24.798374
    }, {
      "x" : 13.708204,
      "y" : -64.92299,
      "z" : 31.652475
    } ],
    "faces" : [ {
      "vertices" : [ 0, 1, 2 ]
    }, {
      "vertices" : [ 0, 2, 3 ]
    }, {
      "vertices" : [ 0, 3, 2 ]
    }, {
      "vertices" : [ 0, 2, 1 ]
    } ]
  }, {
    "id" : "a7bacf3d-6f77-4162-b388-41a643e56ce6",
    "vertices" : [ {
      "x" : -55.45085,
      "y" : 51.214783,
      "z" : -22.18034
    }, {
      "x" : -55.45085,
      "y" : 46.978714,
      "z" : -11.09017
    }, {
      "x" : -62.30495,
      "y" : 29.034441,
      "z" : -11.09017
    }, {
      "x" : -62.30495,
      "y" : 33.27051,
      "z" : -22.18034
    } ],
    "faces" : [ {
      "vertices" : [ 0, 1, 2 ]
    }, {
      "vertices" : [ 0, 2, 3 ]
    }, {
      "vertices" : [ 0, 3, 2 ]
    }, {
      "vertices" : [ 0, 2, 1 ]
    } ]
  }, {
    "id" : "e175e280-36f4-4eed-bf99-936fda3903f4",
    "vertices" : [ {
      "x" : 11.09017,
      "y" : 26.416409,
      "z" : -64.92299
    }, {
      "x" : 6.854102,
      "y" : 15.326238,
      "z" : -64.92299
    }, {
      "x" : 0.0,
      "y" : 22.18034,
      "z" : -58.068882
    }, {
      "x" : 4.236068,
      "y" : 33.27051,
      "z" : -58.068882
    } ],
    "faces" : [ {
      "vertices" : [ 0, 1, 2 ]
    }, {
      "vertices" : [ 0, 2, 3 ]
    }, {
      "vertices" : [ 0, 3, 2 ]
    }, {
      "vertices" : [ 0, 2, 1 ]
    } ]
  }, {
    "id" : "043a8f7a-d60b-4136-ba57-aff2b6953fac",
    "vertices" : [ {
      "x" : -6.854102,
      "y" : 40.12461,
      "z" : -35.888542
    }, {
      "x" : -6.854102,
      "y" : 42.742645,
      "z" : -42.742645
    }, {
      "x" : -11.09017,
      "y" : 31.652475,
      "z" : -42.742645
    }, {
      "x" : -11.09017,
      "y" : 29.034441,
      "z" : -35.888542
    } ],
    "faces" : [ {
      "vertices" : [ 0, 1, 2 ]
    }, {
      "vertices" : [ 0, 2, 3 ]
    }, {
      "vertices" : [ 0, 3, 2 ]
    }, {
      "vertices" : [ 0, 2, 1 ]
    } ]
  }, {
    "id" : "efa83cfc-ecec-4490-870b-f76942bc5555",
    "vertices" : [ {
      "x" : 40.12461,
      "y" : -35.888542,
      "z" : -6.854102
    }, {
      "x" : 44.36068,
      "y" : -40.12461,
      "z" : -11.09017
    }, {
      "x" : 33.27051,
      "y" : -40.12461,
      "z" : -15.326238
    }, {
      "x" : 29.034441,
      "y" : -35.888542,
      "z" : -11.09017
    } ],
    "faces" : [ {
      "vertices" : [ 0, 1, 2 ]
    }, {
      "vertices" : [ 0, 2, 3 ]
    }, {
      "vertices" : [ 0, 3, 2 ]
    }, {
      "vertices" : [ 0, 2, 1 ]
    } ]
  }, {
    "id" : "0db72167-aeaa-451a-ba88-3ed08b59b5cc",
    "vertices" : [ {
      "x" : 67.54102,
      "y" : 24.798374,
      "z" : -22.18034
    }, {
      "x" : 71.777084,
      "y" : 24.798374,
      "z" : -20.562305
    }, {
      "x" : 69.15905,
      "y" : 17.944271,
      "z" : -20.562305
    }, {
      "x" : 64.92299,
      "y" : 17.944271,
      "z" : -22.18034
    } ],
    "faces" : [ {
      "vertices" : [ 0, 1, 2 ]
    }, {
      "vertices" : [ 0, 2, 3 ]
    }, {
      "vertices" : [ 0, 3, 2 ]
    }, {
      "vertices" : [ 0, 2, 1 ]
    } ]
  }, {
    "id" : "c731748a-3ff9-43c4-bce2-ca136540a964",
    "vertices" : [ {
      "x" : 26.416409,
      "y" : -64.92299,
      "z" : 2.618034
    }, {
      "x" : 26.416409,
      "y" : -58.068882,
      "z" : -15.326238
    }, {
      "x" : 29.034441,
      "y" : -60.686916,
      "z" : -17.944271
    }, {
      "x" : 29.034441,
      "y" : -67.54102,
      "z" : 0.0
    } ],
    "faces" : [ {
      "vertices" : [ 0, 1, 2 ]
    }, {
      "vertices" : [ 0, 2, 3 ]
    }, {
      "vertices" : [ 0, 3, 2 ]
    }, {
      "vertices" : [ 0, 2, 1 ]
    } ]
  }, {
    "id" : "fdb370c5-70e6-4931-9c2e-fdccb98d8f08",
    "vertices" : [ {
      "x" : 46.978714,
      "y" : -17.944271,
      "z" : -6.854102
    }, {
      "x" : 53.832817,
      "y" : -17.944271,
      "z" : -4.236068
    }, {
      "x" : 58.068882,
      "y" : -22.18034,
      "z" : -8.472136
    }, {
      "x" : 51.214783,
      "y" : -22.18034,
      "z" : -11.09017
    } ],
    "faces" : [ {
      "vertices" : [ 0, 1, 2 ]
    }, {
      "vertices" : [ 0, 2, 3 ]
    }, {
      "vertices" : [ 0, 3, 2 ]
    }, {
      "vertices" : [ 0, 2, 1 ]
    } ]
  }, {
    "id" : "89dbdbde-2852-4d2f-8da4-57d0db3cea12",
    "vertices" : [ {
      "x" : 6.854102,
      "y" : -53.832817,
      "z" : 0.0
    }, {
      "x" : 6.854102,
      "y" : -46.978714,
      "z" : -17.944271
    }, {
      "x" : 4.236068,
      "y" : -53.832817,
      "z" : -17.944271
    }, {
      "x" : 4.236068,
      "y" : -60.686916,
      "z" : 0.0
    } ],
    "faces" : [ {
      "vertices" : [ 0, 1, 2 ]
    }, {
      "vertices" : [ 0, 2, 3 ]
    }, {
      "vertices" : [ 0, 3, 2 ]
    }, {
      "vertices" : [ 0, 2, 1 ]
    } ]
  }, {
    "id" : "adf50c01-5a79-412b-9e94-e0bd5291c8d6",
    "vertices" : [ {
      "x" : -35.888542,
      "y" : -15.326238,
      "z" : -62.30495
    }, {
      "x" : -35.888542,
      "y" : -13.708204,
      "z" : -66.54102
    }, {
      "x" : -46.978714,
      "y" : -2.618034,
      "z" : -55.45085
    }, {
      "x" : -46.978714,
      "y" : -4.236068,
      "z" : -51.214783
    } ],
    "faces" : [ {
      "vertices" : [ 0, 1, 2 ]
    }, {
      "vertices" : [ 0, 2, 3 ]
    }, {
      "vertices" : [ 0, 3, 2 ]
    }, {
      "vertices" : [ 0, 2, 1 ]
    } ]
  }, {
    "id" : "96302612-09de-4b2b-9ffd-9b258dc74f20",
    "vertices" : [ {
      "x" : -46.978714,
      "y" : 24.798374,
      "z" : -11.09017
    }, {
      "x" : -53.832817,
      "y" : 24.798374,
      "z" : -13.708204
    }, {
      "x" : -53.832817,
      "y" : 17.944271,
      "z" : 4.236068
    }, {
      "x" : -46.978714,
      "y" : 17.944271,
      "z" : 6.854102
    } ],
    "faces" : [ {
      "vertices" : [ 0, 1, 2 ]
    }, {
      "vertices" : [ 0, 2, 3 ]
    }, {
      "vertices" : [ 0, 3, 2 ]
    }, {
      "vertices" : [ 0, 2, 1 ]
    } ]
  }, {
    "id" : "408e0863-a416-4f7e-bfd6-e90e316e52e2",
    "vertices" : [ {
      "x" : -29.034441,
      "y" : -33.27051,
      "z" : -40.12461
    }, {
      "x" : -29.034441,
      "y" : -40.12461,
      "z" : -22.18034
    }, {
      "x" : -31.652475,
      "y" : -46.978714,
      "z" : -22.18034
    }, {
      "x" : -31.652475,
      "y" : -40.12461,
      "z" : -40.12461
    } ],
    "faces" : [ {
      "vertices" : [ 0, 1, 2 ]
    }, {
      "vertices" : [ 0, 2, 3 ]
    }, {
      "vertices" : [ 0, 3, 2 ]
    }, {
      "vertices" : [ 0, 2, 1 ]
    } ]
  }, {
    "id" : "55135f23-0e4d-47d1-a426-39d15436d95f",
    "vertices" : [ {
      "x" : 0.0,
      "y" : -51.214783,
      "z" : 17.944271
    }, {
      "x" : -2.618034,
      "y" : -58.068882,
      "z" : 17.944271
    }, {
      "x" : -13.708204,
      "y" : -46.978714,
      "z" : 29.034441
    }, {
      "x" : -11.09017,
      "y" : -40.12461,
      "z" : 29.034441
    } ],
    "faces" : [ {
      "vertices" : [ 0, 1, 2 ]
    }, {
      "vertices" : [ 0, 2, 3 ]
    }, {
      "vertices" : [ 0, 3, 2 ]
    }, {
      "vertices" : [ 0, 2, 1 ]
    } ]
  }, {
    "id" : "77d2efd7-5ce4-4742-a7e9-a68af646ad17",
    "vertices" : [ {
      "x" : 11.09017,
      "y" : -29.034441,
      "z" : 35.888542
    }, {
      "x" : 22.18034,
      "y" : -29.034441,
      "z" : 40.12461
    }, {
      "x" : 29.034441,
      "y" : -11.09017,
      "z" : 40.12461
    }, {
      "x" : 17.944271,
      "y" : -11.09017,
      "z" : 35.888542
    } ],
    "faces" : [ {
      "vertices" : [ 0, 1, 2 ]
    }, {
      "vertices" : [ 0, 2, 3 ]
    }, {
      "vertices" : [ 0, 3, 2 ]
    }, {
      "vertices" : [ 0, 2, 1 ]
    } ]
  }, {
    "id" : "62e6c63d-446b-449d-bfa6-06eb151fa2d7",
    "vertices" : [ {
      "x" : -22.18034,
      "y" : 60.686916,
      "z" : -6.854102
    }, {
      "x" : -4.236068,
      "y" : 60.686916,
      "z" : 0.0
    }, {
      "x" : -8.472136,
      "y" : 64.92299,
      "z" : 4.236068
    }, {
      "x" : -26.416409,
      "y" : 64.92299,
      "z" : -2.618034
    } ],
    "faces" : [ {
      "vertices" : [ 0, 1, 2 ]
    }, {
      "vertices" : [ 0, 2, 3 ]
    }, {
      "vertices" : [ 0, 3, 2 ]
    }, {
      "vertices" : [ 0, 2, 1 ]
    } ]
  }, {
    "id" : "476b673c-2bf4-4316-ba20-a7e26706eec6",
    "vertices" : [ {
      "x" : -17.944271,
      "y" : 51.214783,
      "z" : -24.798374
    }, {
      "x" : -15.326238,
      "y" : 58.068882,
      "z" : -24.798374
    }, {
      "x" : -15.326238,
      "y" : 60.686916,
      "z" : -31.652475
    }, {
      "x" : -17.944271,
      "y" : 53.832817,
      "z" : -31.652475
    } ],
    "faces" : [ {
      "vertices" : [ 0, 1, 2 ]
    }, {
      "vertices" : [ 0, 2, 3 ]
    }, {
      "vertices" : [ 0, 3, 2 ]
    }, {
      "vertices" : [ 0, 2, 1 ]
    } ]
  }, {
    "id" : "679c355f-b13b-4370-a278-9df1cb14af92",
    "vertices" : [ {
      "x" : 46.978714,
      "y" : 17.944271,
      "z" : 42.742645
    }, {
      "x" : 42.742645,
      "y" : 6.854102,
      "z" : 42.742645
    }, {
      "x" : 46.978714,
      "y" : 6.854102,
      "z" : 44.36068
    }, {
      "x" : 51.214783,
      "y" : 17.944271,
      "z" : 44.36068
    } ],
    "faces" : [ {
      "vertices" : [ 0, 1, 2 ]
    }, {
      "vertices" : [ 0, 2, 3 ]
    }, {
      "vertices" : [ 0, 3, 2 ]
    }, {
      "vertices" : [ 0, 2, 1 ]
    } ]
  }, {
    "id" : "28105772-d189-4ae7-8c89-9d78fdcb1d5c",
    "vertices" : [ {
      "x" : 40.12461,
      "y" : 29.034441,
      "z" : 11.09017
    }, {
      "x" : 46.978714,
      "y" : 29.034441,
      "z" : 13.708204
    }, {
      "x" : 49.59675,
      "y" : 35.888542,
      "z" : 13.708204
    }, {
      "x" : 42.742645,
      "y" : 35.888542,
      "z" : 11.09017
    } ],
    "faces" : [ {
      "vertices" : [ 0, 1, 2 ]
    }, {
      "vertices" : [ 0, 2, 3 ]
    }, {
      "vertices" : [ 0, 3, 2 ]
    }, {
      "vertices" : [ 0, 2, 1 ]
    } ]
  }, {
    "id" : "4d2dd053-692f-4017-89e6-16af5867bc53",
    "vertices" : [ {
      "x" : 31.652475,
      "y" : 15.326238,
      "z" : 60.686916
    }, {
      "x" : 35.888542,
      "y" : 15.326238,
      "z" : 62.30495
    }, {
      "x" : 46.978714,
      "y" : 4.236068,
      "z" : 51.214783
    }, {
      "x" : 42.742645,
      "y" : 4.236068,
      "z" : 49.59675
    } ],
    "faces" : [ {
      "vertices" : [ 0, 1, 2 ]
    }, {
      "vertices" : [ 0, 2, 3 ]
    }, {
      "vertices" : [ 0, 3, 2 ]
    }, {
      "vertices" : [ 0, 2, 1 ]
    } ]
  }, {
    "id" : "b1b2ea35-e1e8-492c-8376-cd63539d7858",
    "vertices" : [ {
      "x" : -62.30495,
      "y" : -17.944271,
      "z" : 40.12461
    }, {
      "x" : -69.15905,
      "y" : -17.944271,
      "z" : 37.506577
    }, {
      "x" : -64.92299,
      "y" : -6.854102,
      "z" : 37.506577
    }, {
      "x" : -58.068882,
      "y" : -6.854102,
      "z" : 40.12461
    } ],
    "faces" : [ {
      "vertices" : [ 0, 1, 2 ]
    }, {
      "vertices" : [ 0, 2, 3 ]
    }, {
      "vertices" : [ 0, 3, 2 ]
    }, {
      "vertices" : [ 0, 2, 1 ]
    } ]
  }, {
    "id" : "c27cc336-8ecb-4b86-994d-309efce5e5a5",
    "vertices" : [ {
      "x" : -60.686916,
      "y" : -31.652475,
      "z" : 15.326238
    }, {
      "x" : -49.59675,
      "y" : -42.742645,
      "z" : 4.236068
    }, {
      "x" : -49.59675,
      "y" : -35.888542,
      "z" : -13.708204
    }, {
      "x" : -60.686916,
      "y" : -24.798374,
      "z" : -2.618034
    } ],
    "faces" : [ {
      "vertices" : [ 0, 1, 2 ]
    }, {
      "vertices" : [ 0, 2, 3 ]
    }, {
      "vertices" : [ 0, 3, 2 ]
    }, {
      "vertices" : [ 0, 2, 1 ]
    } ]
  }, {
    "id" : "e9e81910-313e-463d-94d8-94b7f0da4462",
    "vertices" : [ {
      "x" : -40.12461,
      "y" : 42.742645,
      "z" : -11.09017
    }, {
      "x" : -44.36068,
      "y" : 46.978714,
      "z" : -6.854102
    }, {
      "x" : -44.36068,
      "y" : 40.12461,
      "z" : 11.09017
    }, {
      "x" : -40.12461,
      "y" : 35.888542,
      "z" : 6.854102
    } ],
    "faces" : [ {
      "vertices" : [ 0, 1, 2 ]
    }, {
      "vertices" : [ 0, 2, 3 ]
    }, {
      "vertices" : [ 0, 3, 2 ]
    }, {
      "vertices" : [ 0, 2, 1 ]
    } ]
  }, {
    "id" : "024a750f-6cc8-4527-86e3-9a0bfaff0eea",
    "vertices" : [ {
      "x" : 46.978714,
      "y" : -31.652475,
      "z" : -42.742645
    }, {
      "x" : 35.888542,
      "y" : -31.652475,
      "z" : -46.978714
    }, {
      "x" : 35.888542,
      "y" : -35.888542,
      "z" : -35.888542
    }, {
      "x" : 46.978714,
      "y" : -35.888542,
      "z" : -31.652475
    } ],
    "faces" : [ {
      "vertices" : [ 0, 1, 2 ]
    }, {
      "vertices" : [ 0, 2, 3 ]
    }, {
      "vertices" : [ 0, 3, 2 ]
    }, {
      "vertices" : [ 0, 2, 1 ]
    } ]
  }, {
    "id" : "c75146d4-66c4-410b-8be5-281c9e20f7f7",
    "vertices" : [ {
      "x" : -40.12461,
      "y" : -29.034441,
      "z" : 33.27051
    }, {
      "x" : -29.034441,
      "y" : -40.12461,
      "z" : 22.18034
    }, {
      "x" : -31.652475,
      "y" : -46.978714,
      "z" : 22.18034
    }, {
      "x" : -42.742645,
      "y" : -35.888542,
      "z" : 33.27051
    } ],
    "faces" : [ {
      "vertices" : [ 0, 1, 2 ]
    }, {
      "vertices" : [ 0, 2, 3 ]
    }, {
      "vertices" : [ 0, 3, 2 ]
    }, {
      "vertices" : [ 0, 2, 1 ]
    } ]
  }, {
    "id" : "b34f4d54-8ac5-4d74-bd64-9486e16d48dc",
    "vertices" : [ {
      "x" : 71.777084,
      "y" : 0.0,
      "z" : -27.416409
    }, {
      "x" : 64.92299,
      "y" : -17.944271,
      "z" : -27.416409
    }, {
      "x" : 64.92299,
      "y" : -24.798374,
      "z" : -9.472136
    }, {
      "x" : 71.777084,
      "y" : -6.854102,
      "z" : -9.472136
    } ],
    "faces" : [ {
      "vertices" : [ 0, 1, 2 ]
    }, {
      "vertices" : [ 0, 2, 3 ]
    }, {
      "vertices" : [ 0, 3, 2 ]
    }, {
      "vertices" : [ 0, 2, 1 ]
    } ]
  }, {
    "id" : "00e69cff-2f62-4a2a-a113-1dfc6da0803d",
    "vertices" : [ {
      "x" : -33.27051,
      "y" : 67.54102,
      "z" : -29.034441
    }, {
      "x" : -26.416409,
      "y" : 60.686916,
      "z" : -35.888542
    }, {
      "x" : -15.326238,
      "y" : 60.686916,
      "z" : -31.652475
    }, {
      "x" : -22.18034,
      "y" : 67.54102,
      "z" : -24.798374
    } ],
    "faces" : [ {
      "vertices" : [ 0, 1, 2 ]
    }, {
      "vertices" : [ 0, 2, 3 ]
    }, {
      "vertices" : [ 0, 3, 2 ]
    }, {
      "vertices" : [ 0, 2, 1 ]
    } ]
  }, {
    "id" : "0219c340-0916-4a47-8aa2-3976884a845a",
    "vertices" : [ {
      "x" : 58.068882,
      "y" : 17.944271,
      "z" : 2.618034
    }, {
      "x" : 64.92299,
      "y" : 11.09017,
      "z" : -4.236068
    }, {
      "x" : 60.686916,
      "y" : 0.0,
      "z" : -4.236068
    }, {
      "x" : 53.832817,
      "y" : 6.854102,
      "z" : 2.618034
    } ],
    "faces" : [ {
      "vertices" : [ 0, 1, 2 ]
    }, {
      "vertices" : [ 0, 2, 3 ]
    }, {
      "vertices" : [ 0, 3, 2 ]
    }, {
      "vertices" : [ 0, 2, 1 ]
    } ]
  }, {
    "id" : "00cfb77b-9d0e-4f6b-8923-0dea5427540d",
    "vertices" : [ {
      "x" : -55.45085,
      "y" : -40.12461,
      "z" : 29.034441
    }, {
      "x" : -44.36068,
      "y" : -51.214783,
      "z" : 17.944271
    }, {
      "x" : -51.214783,
      "y" : -51.214783,
      "z" : 15.326238
    }, {
      "x" : -62.30495,
      "y" : -40.12461,
      "z" : 26.416409
    } ],
    "faces" : [ {
      "vertices" : [ 0, 1, 2 ]
    }, {
      "vertices" : [ 0, 2, 3 ]
    }, {
      "vertices" : [ 0, 3, 2 ]
    }, {
      "vertices" : [ 0, 2, 1 ]
    } ]
  }, {
    "id" : "fbd83ac5-9f7f-4bf7-8858-c959ca2f558b",
    "vertices" : [ {
      "x" : -69.15905,
      "y" : -17.944271,
      "z" : 20.562305
    }, {
      "x" : -69.15905,
      "y" : -11.09017,
      "z" : 2.618034
    }, {
      "x" : -73.39512,
      "y" : -6.854102,
      "z" : 6.854102
    }, {
      "x" : -73.39512,
      "y" : -13.708204,
      "z" : 24.798374
    } ],
    "faces" : [ {
      "vertices" : [ 0, 1, 2 ]
    }, {
