{
  "field" : "golden",
  "symmetry" : "icosahedral",
  "orientations" : [ [ 1.0, 0.0, 0.0, 0.0, 0.0, 1.0, 0.0, 0.0, 0.0, 0.0, 1.0, 0.0, 0.0, 0.0, 0.0, 1.0 ], [ 0.0, 0.0, 1.0, 0.0, 1.0, 0.0, 0.0, 0.0, 0.0, 1.0, 0.0, 0.0, 0.0, 0.0, 0.0, 1.0 ], [ 0.0, 1.0, 0.0, 0.0, 0.0, 0.0, 1.0, 0.0, 1.0, 0.0, 0.0, 0.0, 0.0, 0.0, 0.0, 1.0 ], [ 0.809017, 0.309017, 0.5, 0.0, 0.309017, 0.5, -0.809017, 0.0, -0.5, 0.809017, 0.309017, 0.0, 0.0, 0.0, 0.0, 1.0 ], [ -0.5, 0.809017, 0.309017, 0.0, 0.809017, 0.309017, 0.5, 0.0, 0.309017, 0.5, -0.809017, 0.0, 0.0, 0.0, 0.0, 1.0 ], [ 0.309017, 0.5, -0.809017, 0.0, -0.5, 0.809017, 0.309017, 0.0, 0.809017, 0.309017, 0.5, 0.0, 0.0, 0.0, 0.0, 1.0 ], [ 0.5, 0.809017, 0.309017, 0.0, 0.809017, -0.309017, -0.5, 0.0, -0.309017, 0.5, -0.809017, 0.0, 0.0, 0.0, 0.0, 1.0 ], [ -0.309017, 0.5, -0.809017, 0.0, 0.5, 0.809017, 0.309017, 0.0, 0.809017, -0.309017, -0.5, 0.0, 0.0, 0.0, 0.0, 1.0 ], [ 0.809017, -0.309017, -0.5, 0.0, -0.309017, 0.5, -0.809017, 0.0, 0.5, 0.809017, 0.309017, 0.0, 0.0, 0.0, 0.0, 1.0 ], [ 0.5, 0.809017, -0.309017, 0.0, 0.809017, -0.309017, 0.5, 0.0, 0.309017, -0.5, -0.809017, 0.0, 0.0, 0.0, 0.0, 1.0 ], [ 0.309017, -0.5, -0.809017, 0.0, 0.5, 0.809017, -0.309017, 0.0, 0.809017, -0.309017, 0.5, 0.0, 0.0, 0.0, 0.0, 1.0 ], [ 0.809017, -0.309017, 0.5, 0.0, 0.309017, -0.5, -0.809017, 0.0, 0.5, 0.809017, -0.309017, 0.0, 0.0, 0.0, 0.0, 1.0 ], [ 0.809017, 0.309017, -0.5, 0.0, 0.309017, 0.5, 0.809017, 0.0, 0.5, -0.809017, 0.309017, 0.0, 0.0, 0.0, 0.0, 1.0 ], [ 0.5, -0.809017, 0.309017, 0.0, 0.809017, 0.309017, -0.5, 0.0, 0.309017, 0.5, 0.809017, 0.0, 0.0, 0.0, 0.0, 1.0 ], [ 0.309017, 0.5, 0.809017, 0.0, 0.5, -0.809017, 0.309017, 0.0, 0.809017, 0.309017, -0.5, 0.0, 0.0, 0.0, 0.0, 1.0 ], [ 1.0, 0.0, 0.0, 0.0, 0.0, -1.0, 0.0, 0.0, 0.0, 0.0, -1.0, 0.0, 0.0, 0.0, 0.0, 1.0 ], [ 0.0, 0.0, 1.0, 0.0, -1.0, 0.0, 0.0, 0.0, 0.0, -1.0, 0.0, 0.0, 0.0, 0.0, 0.0, 1.0 ], [ 0.0, 1.0, 0.0, 0.0, 0.0, 0.0, -1.0, 0.0, -1.0, 0.0, 0.0, 0.0, 0.0, 0.0, 0.0, 1.0 ], [ 0.809017, 0.309017, 0.5, 0.0, -0.309017, -0.5, 0.809017, 0.0, 0.5, -0.809017, -0.309017, 0.0, 0.0, 0.0, 0.0, 1.0 ], [ -0.5, 0.809017, 0.309017, 0.0, -0.809017, -0.309017, -0.5, 0.0, -0.309017, -0.5, 0.809017, 0.0, 0.0, 0.0, 0.0, 1.0 ], [ 0.309017, 0.5, -0.809017, 0.0, 0.5, -0.809017, -0.309017, 0.0, -0.809017, -0.309017, -0.5, 0.0, 0.0, 0.0, 0.0, 1.0 ], [ 0.5, 0.809017, 0.309017, 0.0, -0.809017, 0.309017, 0.5, 0.0, 0.309017, -0.5, 0.809017, 0.0, 0.0, 0.0, 0.0, 1.0 ], [ -0.309017, 0.5, -0.809017, 0.0, -0.5, -0.809017, -0.309017, 0.0, -0.809017, 0.309017, 0.5, 0.0, 0.0, 0.0, 0.0, 1.0 ], [ 0.809017, -0.309017, -0.5, 0.0, 0.309017, -0.5, 0.809017, 0.0, -0.5, -0.809017, -0.309017, 0.0, 0.0, 0.0, 0.0, 1.0 ], [ 0.5, 0.809017, -0.309017, 0.0, -0.809017, 0.309017, -0.5, 0.0, -0.309017, 0.5, 0.809017, 0.0, 0.0, 0.0, 0.0, 1.0 ], [ 0.309017, -0.5, -0.809017, 0.0, -0.5, -0.809017, 0.309017, 0.0, -0.809017, 0.309017, -0.5, 0.0, 0.0, 0.0, 0.0, 1.0 ], [ 0.809017, -0.309017, 0.5, 0.0, -0.309017, 0.5, 0.809017, 0.0, -0.5, -0.809017, 0.309017, 0.0, 0.0, 0.0, 0.0, 1.0 ], [ 0.809017, 0.309017, -0.5, 0.0, -0.309017, -0.5, -0.809017, 0.0, -0.5, 0.809017, -0.309017, 0.0, 0.0, 0.0, 0.0, 1.0 ], [ 0.5, -0.809017, 0.309017, 0.0, -0.809017, -0.309017, 0.5, 0.0, -0.309017, -0.5, -0.809017, 0.0, 0.0, 0.0, 0.0, 1.0 ], [ 0.309017, 0.5, 0.809017, 0.0, -0.5, 0.809017, -0.309017, 0.0, -0.809017, -0.309017, 0.5, 0.0, 0.0, 0.0, 0.0, 1.0 ], [ -1.0, 0.0, 0.0, 0.0, 0.0, -1.0, 0.0, 0.0, 0.0, 0.0, 1.0, 0.0, 0.0, 0.0, 0.0, 1.0 ], [ 0.0, 0.0, -1.0, 0.0, -1.0, 0.0, 0.0, 0.0, 0.0, 1.0, 0.0, 0.0, 0.0, 0.0, 0.0, 1.0 ], [ 0.0, -1.0, 0.0, 0.0, 0.0, 0.0, -1.0, 0.0, 1.0, 0.0, 0.0, 0.0, 0.0, 0.0, 0.0, 1.0 ], [ -0.809017, -0.309017, -0.5, 0.0, -0.309017, -0.5, 0.809017, 0.0, -0.5, 0.809017, 0.309017, 0.0, 0.0, 0.0, 0.0, 1.0 ], [ 0.5, -0.809017, -0.309017, 0.0, -0.809017, -0.309017, -0.5, 0.0, 0.309017, 0.5, -0.809017, 0.0, 0.0, 0.0, 0.0, 1.0 ], [ -0.309017, -0.5, 0.809017, 0.0, 0.5, -0.809017, -0.309017, 0.0, 0.809017, 0.309017, 0.5, 0.0, 0.0, 0.0, 0.0, 1.0 ], [ -0.5, -0.809017, -0.309017, 0.0, -0.809017, 0.309017, 0.5, 0.0, -0.309017, 0.5, -0.809017, 0.0, 0.0, 0.0, 0.0, 1.0 ], [ 0.309017, -0.5, 0.809017, 0.0, -0.5, -0.809017, -0.309017, 0.0, 0.809017, -0.309017, -0.5, 0.0, 0.0, 0.0, 0.0, 1.0 ], [ -0.809017, 0.309017, 0.5, 0.0, 0.309017, -0.5, 0.809017, 0.0, 0.5, 0.809017, 0.309017, 0.0, 0.0, 0.0, 0.0, 1.0 ], [ -0.5, -0.809017, 0.309017, 0.0, -0.809017, 0.309017, -0.5, 0.0, 0.309017, -0.5, -0.809017, 0.0, 0.0, 0.0, 0.0, 1.0 ], [ -0.309017, 0.5, 0.809017, 0.0, -0.5, -0.809017, 0.309017, 0.0, 0.809017, -0.309017, 0.5, 0.0, 0.0, 0.0, 0.0, 1.0 ], [ -0.809017, 0.309017, -0.5, 0.0, -0.309017, 0.5, 0.809017, 0.0, 0.5, 0.809017, -0.309017, 0.0, 0.0, 0.0, 0.0, 1.0 ], [ -0.809017, -0.309017, 0.5, 0.0, -0.309017, -0.5, -0.809017, 0.0, 0.5, -0.809017, 0.309017, 0.0, 0.0, 0.0, 0.0, 1.0 ], [ -0.5, 0.809017, -0.309017, 0.0, -0.809017, -0.309017, 0.5, 0.0, 0.309017, 0.5, 0.809017, 0.0, 0.0, 0.0, 0.0, 1.0 ], [ -0.309017, -0.5, -0.809017, 0.0, -0.5, 0.809017, -0.309017, 0.0, 0.809017, 0.309017, -0.5, 0.0, 0.0, 0.0, 0.0, 1.0 ], [ -1.0, 0.0, 0.0, 0.0, 0.0, 1.0, 0.0, 0.0, 0.0, 0.0, -1.0, 0.0, 0.0, 0.0, 0.0, 1.0 ], [ 0.0, 0.0, -1.0, 0.0, 1.0, 0.0, 0.0, 0.0, 0.0, -1.0, 0.0, 0.0, 0.0, 0.0, 0.0, 1.0 ], [ 0.0, -1.0, 0.0, 0.0, 0.0, 0.0, 1.0, 0.0, -1.0, 0.0, 0.0, 0.0, 0.0, 0.0, 0.0, 1.0 ], [ -0.809017, -0.309017, -0.5, 0.0, 0.309017, 0.5, -0.809017, 0.0, 0.5, -0.809017, -0.309017, 0.0, 0.0, 0.0, 0.0, 1.0 ], [ 0.5, -0.809017, -0.309017, 0.0, 0.809017, 0.309017, 0.5, 0.0, -0.309017, -0.5, 0.809017, 0.0, 0.0, 0.0, 0.0, 1.0 ], [ -0.309017, -0.5, 0.809017, 0.0, -0.5, 0.809017, 0.309017, 0.0, -0.809017, -0.309017, -0.5, 0.0, 0.0, 0.0, 0.0, 1.0 ], [ -0.5, -0.809017, -0.309017, 0.0, 0.809017, -0.309017, -0.5, 0.0, 0.309017, -0.5, 0.809017, 0.0, 0.0, 0.0, 0.0, 1.0 ], [ 0.309017, -0.5, 0.809017, 0.0, 0.5, 0.809017, 0.309017, 0.0, -0.809017, 0.309017, 0.5, 0.0, 0.0, 0.0, 0.0, 1.0 ], [ -0.809017, 0.309017, 0.5, 0.0, -0.309017, 0.5, -0.809017, 0.0, -0.5, -0.809017, -0.309017, 0.0, 0.0, 0.0, 0.0, 1.0 ], [ -0.5, -0.809017, 0.309017, 0.0, 0.809017, -0.309017, 0.5, 0.0, -0.309017, 0.5, 0.809017, 0.0, 0.0, 0.0, 0.0, 1.0 ], [ -0.309017, 0.5, 0.809017, 0.0, 0.5, 0.809017, -0.309017, 0.0, -0.809017, 0.309017, -0.5, 0.0, 0.0, 0.0, 0.0, 1.0 ], [ -0.809017, 0.309017, -0.5, 0.0, 0.309017, -0.5, -0.809017, 0.0, -0.5, -0.809017, 0.309017, 0.0, 0.0, 0.0, 0.0, 1.0 ], [ -0.809017, -0.309017, 0.5, 0.0, 0.309017, 0.5, 0.809017, 0.0, -0.5, 0.809017, -0.309017, 0.0, 0.0, 0.0, 0.0, 1.0 ], [ -0.5, 0.809017, -0.309017, 0.0, 0.809017, 0.309017, -0.5, 0.0, -0.309017, -0.5, -0.809017, 0.0, 0.0, 0.0, 0.0, 1.0 ], [ -0.309017, -0.5, -0.809017, 0.0, 0.5, -0.809017, 0.309017, 0.0, -0.809017, -0.309017, 0.5, 0.0, 0.0, 0.0, 0.0, 1.0 ] ],
  "lights" : {
    "ambientColor" : "#292929",
    "backgroundColor" : "#AFC8DC",
    "directionalLights" : [ {
      "direction" : {
        "x" : 1.0,
        "y" : -1.0,
        "z" : -1.0
      },
      "color" : "#EBEBE4"
    }, {
      "direction" : {
        "x" : -1.0,
        "y" : 0.0,
        "z" : 0.0
      },
      "color" : "#E4E4EB"
    }, {
      "direction" : {
        "x" : 0.0,
        "y" : 0.0,
        "z" : -1.0
      },
      "color" : "#1E1E1E"
    } ]
  },
  "camera" : {
    "stereo" : false,
    "width" : 104.6233,
    "viewDistance" : 232.4975,
    "nearClipDistance" : 0.58124393,
    "farClipDistance" : 464.99612,
    "lookAtPoint" : {
      "x" : 0.0,
      "y" : 0.0,
      "z" : 0.0
    },
    "fieldOfView" : 0.4426265,
    "perspective" : false,
    "lookDirection" : {
      "x" : 0.0,
      "y" : 0.0,
      "z" : -1.0
    },
    "upDirection" : {
      "x" : 0.0,
      "y" : 1.0,
      "z" : 0.0
    },
    "position" : {
      "x" : 0.0,
      "y" : 0.0,
      "z" : 232.4975
    }
  },
  "embedding" : [ 1.0, 0.0, 0.0, 0.0, 0.0, 1.0, 0.0, 0.0, 0.0, 0.0, 1.0, 0.0, 0.0, 0.0, 0.0, 1.0 ],
  "shapes" : [ {
    "id" : "995ddace-b229-44a7-b4dc-326efe502072",
    "vertices" : [ {
      "x" : 1.0,
      "y" : 0.309017,
      "z" : 0.19098301
    }, {
      "x" : 1.0,
      "y" : -0.309017,
      "z" : 0.19098301
    }, {
      "x" : 1.618034,
      "y" : -0.309017,
      "z" : 0.19098301
    }, {
      "x" : 1.618034,
      "y" : 0.309017,
      "z" : 0.19098301
    }, {
      "x" : 1.618034,
      "y" : -0.309017,
      "z" : -0.19098301
    }, {
      "x" : 1.618034,
      "y" : 0.309017,
      "z" : -0.19098301
    }, {
      "x" : 2.236068,
      "y" : 0.0,
      "z" : 0.0
    }, {
      "x" : 0.38196602,
      "y" : 0.0,
      "z" : 0.0
    }, {
      "x" : 1.0,
      "y" : 0.309017,
      "z" : -0.19098301
    }, {
      "x" : 1.0,
      "y" : -0.309017,
      "z" : -0.19098301
    }, {
      "x" : 2.618034,
      "y" : 0.0,
      "z" : 0.0
    } ],
    "faces" : [ {
      "vertices" : [ 1, 9, 4 ]
    }, {
      "vertices" : [ 1, 4, 2 ]
    }, {
      "vertices" : [ 0, 3, 5 ]
    }, {
      "vertices" : [ 0, 5, 8 ]
    }, {
      "vertices" : [ 1, 7, 9 ]
    }, {
      "vertices" : [ 0, 1, 2 ]
    }, {
      "vertices" : [ 0, 2, 3 ]
    }, {
      "vertices" : [ 7, 8, 9 ]
    }, {
      "vertices" : [ 0, 7, 1 ]
    }, {
      "vertices" : [ 4, 9, 8 ]
    }, {
      "vertices" : [ 4, 8, 5 ]
    }, {
      "vertices" : [ 2, 6, 3 ]
    }, {
      "vertices" : [ 2, 4, 6 ]
    }, {
      "vertices" : [ 3, 6, 5 ]
    }, {
      "vertices" : [ 4, 5, 6 ]
    }, {
      "vertices" : [ 0, 8, 7 ]
    } ]
  }, {
    "id" : "66de537a-9222-4820-8c8d-70d118a0739c",
    "vertices" : [ {
      "x" : -9.781153,
      "y" : -8.972136,
      "z" : -3.427051
    }, {
      "x" : -14.786893,
      "y" : -14.786893,
      "z" : -14.786893
    }, {
      "x" : -11.09017,
      "y" : -6.854102,
      "z" : -4.236068
    } ],
    "faces" : [ {
      "vertices" : [ 0, 1, 2 ]
    }, {
      "vertices" : [ 0, 2, 1 ]
    } ]
  }, {
    "id" : "f20d5787-988a-4ddf-b6a1-abe486c1cebd",
    "vertices" : [ {
      "x" : 12.0172205,
      "y" : 2.809017,
      "z" : -1.0
    }, {
      "x" : 1.190983,
      "y" : 0.0,
      "z" : 0.072949015
    }, {
      "x" : 1.190983,
      "y" : 0.0,
      "z" : -0.309017
    }, {
      "x" : 12.0172205,
      "y" : 2.809017,
      "z" : -1.381966
    }, {
      "x" : 12.753289,
      "y" : 3.309017,
      "z" : -1.263932
    }, {
      "x" : 1.190983,
      "y" : 0.618034,
      "z" : -0.309017
    }, {
      "x" : 12.0172205,
      "y" : 3.427051,
      "z" : -1.381966
    }, {
      "x" : 12.0172205,
      "y" : 3.427051,
      "z" : -1.0
    }, {
      "x" : 1.190983,
      "y" : 0.618034,
      "z" : 0.072949015
    }, {
      "x" : 0.45491502,
      "y" : 0.11803399,
      "z" : -0.045084972
    }, {
      "x" : 13.208204,
      "y" : 3.427051,
      "z" : -1.309017
    } ],
    "faces" : [ {
      "vertices" : [ 2, 5, 6 ]
    }, {
      "vertices" : [ 2, 6, 3 ]
    }, {
      "vertices" : [ 0, 7, 8 ]
    }, {
      "vertices" : [ 0, 8, 1 ]
    }, {
      "vertices" : [ 2, 9, 5 ]
    }, {
      "vertices" : [ 4, 6, 7 ]
    }, {
      "vertices" : [ 1, 8, 9 ]
    }, {
      "vertices" : [ 0, 1, 2 ]
    }, {
      "vertices" : [ 0, 2, 3 ]
    }, {
      "vertices" : [ 5, 9, 8 ]
    }, {
      "vertices" : [ 0, 3, 4 ]
    }, {
      "vertices" : [ 5, 8, 7 ]
    }, {
      "vertices" : [ 5, 7, 6 ]
    }, {
      "vertices" : [ 0, 4, 7 ]
    }, {
      "vertices" : [ 1, 9, 2 ]
    }, {
      "vertices" : [ 3, 6, 4 ]
    } ]
  }, {
    "id" : "947239ef-6553-45a6-9148-fd078e7879ae",
    "vertices" : [ {
      "x" : 3.427051,
      "y" : -12.399187,
      "z" : 4.736068
    }, {
      "x" : 13.208204,
      "y" : -21.371323,
      "z" : 8.163119
    }, {
      "x" : 8.972136,
      "y" : -10.281153,
      "z" : 1.309017
    } ],
    "faces" : [ {
      "vertices" : [ 0, 1, 2 ]
    }, {
      "vertices" : [ 0, 2, 1 ]
    } ]
  }, {
    "id" : "565c1a53-75b9-4238-ae3e-1a6bf25bab07",
    "vertices" : [ {
      "x" : 3.427051,
      "y" : 9.781153,
      "z" : -8.972136
    }, {
      "x" : 8.163119,
      "y" : 13.208204,
      "z" : -21.371323
    }, {
      "x" : 6.854102,
      "y" : 4.236068,
      "z" : -11.09017
    } ],
    "faces" : [ {
      "vertices" : [ 0, 1, 2 ]
    }, {
      "vertices" : [ 0, 2, 1 ]
    } ]
  }, {
    "id" : "e846275a-8501-4cd3-aaeb-acb3fe523703",
    "vertices" : [ {
      "x" : -3.427051,
      "y" : -12.399187,
      "z" : 4.736068
    }, {
      "x" : -4.236068,
      "y" : -11.09017,
      "z" : 6.854102
    }, {
      "x" : -13.208204,
      "y" : -21.371323,
      "z" : 8.163119
    } ],
    "faces" : [ {
      "vertices" : [ 0, 1, 2 ]
    }, {
      "vertices" : [ 0, 2, 1 ]
    } ]
  }, {
    "id" : "c9bd8352-6f9b-42c1-86f6-38ccf2e41747",
    "vertices" : [ {
      "x" : 0.309017,
      "y" : -0.309017,
      "z" : -0.309017
    }, {
      "x" : 0.5,
      "y" : 0.0,
      "z" : -0.19098301
    }, {
      "x" : 0.5,
      "y" : 0.0,
      "z" : 0.19098301
    }, {
      "x" : 0.309017,
      "y" : -0.309017,
      "z" : 0.309017
    }, {
      "x" : 0.19098301,
      "y" : -0.5,
      "z" : 0.0
    }, {
      "x" : 0.0,
      "y" : 0.19098301,
      "z" : 0.5
    }, {
      "x" : 0.0,
      "y" : -0.19098301,
      "z" : 0.5
    }, {
      "x" : 0.309017,
      "y" : 0.309017,
      "z" : 0.309017
    }, {
      "x" : -0.309017,
      "y" : -0.309017,
      "z" : 0.309017
    }, {
      "x" : -0.309017,
      "y" : 0.309017,
      "z" : 0.309017
    }, {
      "x" : -0.5,
      "y" : 0.0,
      "z" : 0.19098301
    }, {
      "x" : 0.0,
      "y" : -0.19098301,
      "z" : -0.5
    }, {
      "x" : 0.0,
      "y" : 0.19098301,
      "z" : -0.5
    }, {
      "x" : 0.309017,
      "y" : 0.309017,
      "z" : -0.309017
    }, {
      "x" : -0.309017,
      "y" : -0.309017,
      "z" : -0.309017
    }, {
      "x" : -0.19098301,
      "y" : -0.5,
      "z" : 0.0
    }, {
      "x" : -0.5,
      "y" : 0.0,
      "z" : -0.19098301
    }, {
      "x" : 0.19098301,
      "y" : 0.5,
      "z" : 0.0
    }, {
      "x" : -0.309017,
      "y" : 0.309017,
      "z" : -0.309017
    }, {
      "x" : 0.0,
      "y" : 0.0,
      "z" : 0.0
    }, {
      "x" : -0.19098301,
      "y" : 0.5,
      "z" : 0.0
    } ],
    "faces" : [ {
      "vertices" : [ 12, 18, 20 ]
    }, {
      "vertices" : [ 12, 20, 17 ]
    }, {
      "vertices" : [ 12, 17, 13 ]
    }, {
      "vertices" : [ 3, 6, 8 ]
    }, {
      "vertices" : [ 3, 8, 15 ]
    }, {
      "vertices" : [ 3, 15, 4 ]
    }, {
      "vertices" : [ 0, 11, 12 ]
    }, {
      "vertices" : [ 0, 12, 13 ]
    }, {
      "vertices" : [ 0, 13, 1 ]
    }, {
      "vertices" : [ 5, 9, 10 ]
    }, {
      "vertices" : [ 5, 10, 8 ]
    }, {
      "vertices" : [ 5, 8, 6 ]
    }, {
      "vertices" : [ 2, 7, 5 ]
    }, {
      "vertices" : [ 2, 5, 6 ]
    }, {
      "vertices" : [ 2, 6, 3 ]
    }, {
      "vertices" : [ 11, 14, 16 ]
    }, {
      "vertices" : [ 11, 16, 18 ]
    }, {
      "vertices" : [ 11, 18, 12 ]
    }, {
      "vertices" : [ 1, 13, 17 ]
    }, {
      "vertices" : [ 1, 17, 7 ]
    }, {
      "vertices" : [ 1, 7, 2 ]
    }, {
      "vertices" : [ 9, 20, 18 ]
    }, {
      "vertices" : [ 9, 18, 16 ]
    }, {
      "vertices" : [ 9, 16, 10 ]
    }, {
      "vertices" : [ 0, 1, 2 ]
    }, {
      "vertices" : [ 0, 2, 3 ]
    }, {
      "vertices" : [ 0, 3, 4 ]
    }, {
      "vertices" : [ 5, 7, 17 ]
    }, {
      "vertices" : [ 5, 17, 20 ]
    }, {
      "vertices" : [ 5, 20, 9 ]
    }, {
      "vertices" : [ 0, 4, 15 ]
    }, {
      "vertices" : [ 0, 15, 14 ]
    }, {
      "vertices" : [ 0, 14, 11 ]
    }, {
      "vertices" : [ 8, 10, 16 ]
    }, {
      "vertices" : [ 8, 16, 14 ]
    }, {
      "vertices" : [ 8, 14, 15 ]
    } ]
  }, {
    "id" : "c3a7e60a-5d64-434a-94e4-9544210f04ea",
    "vertices" : [ {
      "x" : 12.399187,
      "y" : 4.736068,
      "z" : -3.427051
    }, {
      "x" : 11.09017,
      "y" : 6.854102,
      "z" : -4.236068
    }, {
      "x" : 22.18034,
      "y" : 13.708204,
      "z" : 0.0
    } ],
    "faces" : [ {
      "vertices" : [ 0, 1, 2 ]
    }, {
      "vertices" : [ 0, 2, 1 ]
    } ]
  }, {
    "id" : "bbd411e2-532f-428b-a4e4-9a5a51673d0c",
    "vertices" : [ {
      "x" : -1.309017,
      "y" : 13.208204,
      "z" : 3.427051
    }, {
      "x" : -3.427051,
      "y" : 12.399187,
      "z" : 4.736068
    }, {
      "x" : 0.0,
      "y" : 22.18034,
      "z" : 13.708204
    } ],
    "faces" : [ {
      "vertices" : [ 0, 1, 2 ]
    }, {
      "vertices" : [ 0, 2, 1 ]
    } ]
  }, {
    "id" : "85d053cc-fb67-4ca6-855e-501c5e991328",
    "vertices" : [ {
      "x" : -3.427051,
      "y" : -12.399187,
      "z" : 4.736068
    }, {
      "x" : -1.309017,
      "y" : -13.208204,
      "z" : 3.427051
    }, {
      "x" : 0.0,
      "y" : -22.18034,
      "z" : 13.708204
    } ],
    "faces" : [ {
      "vertices" : [ 0, 1, 2 ]
    }, {
      "vertices" : [ 0, 2, 1 ]
    } ]
  }, {
    "id" : "2c67e4e1-c08a-43d5-8030-3f0291c7c9a3",
    "vertices" : [ {
      "x" : 1.0,
      "y" : 0.309017,
      "z" : 0.19098301
    }, {
      "x" : 1.0,
      "y" : -0.309017,
      "z" : 0.19098301
    }, {
      "x" : 5.854102,
      "y" : -0.309017,
      "z" : 0.19098301
    }, {
      "x" : 5.854102,
      "y" : 0.309017,
      "z" : 0.19098301
    }, {
      "x" : 5.854102,
      "y" : -0.309017,
      "z" : -0.19098301
    }, {
      "x" : 5.854102,
      "y" : 0.309017,
      "z" : -0.19098301
    }, {
      "x" : 6.472136,
      "y" : 0.0,
      "z" : 0.0
    }, {
      "x" : 0.38196602,
      "y" : 0.0,
      "z" : 0.0
    }, {
      "x" : 1.0,
      "y" : 0.309017,
      "z" : -0.19098301
    }, {
      "x" : 1.0,
      "y" : -0.309017,
      "z" : -0.19098301
    }, {
      "x" : 6.854102,
      "y" : 0.0,
      "z" : 0.0
    } ],
    "faces" : [ {
      "vertices" : [ 1, 9, 4 ]
    }, {
      "vertices" : [ 1, 4, 2 ]
    }, {
      "vertices" : [ 0, 3, 5 ]
    }, {
      "vertices" : [ 0, 5, 8 ]
    }, {
      "vertices" : [ 1, 7, 9 ]
    }, {
      "vertices" : [ 0, 1, 2 ]
    }, {
      "vertices" : [ 0, 2, 3 ]
    }, {
      "vertices" : [ 7, 8, 9 ]
    }, {
      "vertices" : [ 0, 7, 1 ]
    }, {
      "vertices" : [ 4, 9, 8 ]
    }, {
      "vertices" : [ 4, 8, 5 ]
    }, {
      "vertices" : [ 2, 6, 3 ]
    }, {
      "vertices" : [ 2, 4, 6 ]
    }, {
      "vertices" : [ 3, 6, 5 ]
    }, {
      "vertices" : [ 4, 5, 6 ]
    }, {
      "vertices" : [ 0, 8, 7 ]
    } ]
  }, {
    "id" : "68d3941a-13af-4114-85c8-55876cc4583f",
    "vertices" : [ {
      "x" : 3.427051,
      "y" : -9.781153,
      "z" : -8.972136
    }, {
      "x" : 4.236068,
      "y" : -11.09017,
      "z" : -6.854102
    }, {
      "x" : 0.0,
      "y" : -22.18034,
      "z" : -13.708204
    } ],
    "faces" : [ {
      "vertices" : [ 0, 1, 2 ]
    }, {
      "vertices" : [ 0, 2, 1 ]
    } ]
  }, {
    "id" : "728b081f-c820-467c-b798-67b439335fe6",
    "vertices" : [ {
      "x" : -13.208204,
      "y" : 3.427051,
      "z" : 1.309017
    }, {
      "x" : -13.208204,
      "y" : -3.427051,
      "z" : 1.309017
    }, {
      "x" : -23.925695,
      "y" : 0.0,
      "z" : 9.138803
    } ],
    "faces" : [ {
      "vertices" : [ 0, 1, 2 ]
    }, {
      "vertices" : [ 0, 2, 1 ]
    } ]
  }, {
    "id" : "f07975c9-8608-419c-805c-36cf0dd75c8b",
    "vertices" : [ {
      "x" : -8.972136,
      "y" : -3.427051,
      "z" : -9.781153
    }, {
      "x" : -14.786893,
      "y" : -14.786893,
      "z" : -14.786893
    }, {
      "x" : -6.854102,
      "y" : -4.236068,
      "z" : -11.09017
    } ],
    "faces" : [ {
      "vertices" : [ 0, 1, 2 ]
    }, {
      "vertices" : [ 0, 2, 1 ]
    } ]
  }, {
    "id" : "bb3f2eff-c73c-4b9c-8d02-5beaaad1175e",
    "vertices" : [ {
      "x" : 7.256632,
      "y" : 10.273382,
      "z" : 3.397057
    }, {
      "x" : 7.3566318,
      "y" : 10.373382,
      "z" : 2.9970572
    }, {
      "x" : 0.5731538,
      "y" : 0.44411016,
      "z" : 0.02999389
    }, {
      "x" : 0.47315383,
      "y" : 0.34411016,
      "z" : 0.4299939
    }, {
      "x" : 7.656632,
      "y" : 10.140048,
      "z" : 3.1303904
    }, {
      "x" : 7.556632,
      "y" : 10.040049,
      "z" : 3.5303905
    }, {
      "x" : 0.17315382,
      "y" : 0.5774435,
      "z" : 0.29666054
    }, {
      "x" : 0.2731538,
      "y" : 0.6774435,
      "z" : -0.10333944
    } ],
    "faces" : [ {
      "vertices" : [ 2, 3, 6 ]
    }, {
      "vertices" : [ 2, 6, 7 ]
    }, {
      "vertices" : [ 0, 5, 4 ]
    }, {
      "vertices" : [ 0, 4, 1 ]
    }, {
      "vertices" : [ 2, 4, 5 ]
    }, {
      "vertices" : [ 2, 5, 3 ]
    }, {
      "vertices" : [ 0, 6, 3 ]
    }, {
      "vertices" : [ 0, 3, 5 ]
    }, {
      "vertices" : [ 0, 1, 7 ]
    }, {
      "vertices" : [ 0, 7, 6 ]
    }, {
      "vertices" : [ 1, 4, 2 ]
    }, {
      "vertices" : [ 1, 2, 7 ]
    } ]
  }, {
    "id" : "d0acfb67-e169-4d3a-9487-cf9970d296fe",
    "vertices" : [ {
      "x" : -10.281153,
      "y" : -1.309017,
      "z" : -8.972136
    }, {
      "x" : -12.399187,
      "y" : -4.736068,
      "z" : -3.427051
    }, {
      "x" : -23.925695,
      "y" : 0.0,
      "z" : -9.138803
    } ],
    "faces" : [ {
      "vertices" : [ 0, 1, 2 ]
    }, {
      "vertices" : [ 0, 2, 1 ]
    } ]
  }, {
    "id" : "4503906d-a66f-4c35-8fe7-cb28d434f3f5",
    "vertices" : [ {
      "x" : 3.427051,
      "y" : -1.309017,
      "z" : -13.208204
    }, {
      "x" : 0.0,
      "y" : -9.138803,
      "z" : -23.925695
    }, {
      "x" : 4.736068,
      "y" : -3.427051,
      "z" : -12.399187
    } ],
    "faces" : [ {
      "vertices" : [ 0, 1, 2 ]
    }, {
      "vertices" : [ 0, 2, 1 ]
    } ]
  }, {
    "id" : "63dab991-fb55-4680-9a98-fbf3a76cdcb7",
    "vertices" : [ {
      "x" : 1.309017,
      "y" : 8.972136,
      "z" : 10.281153
    }, {
      "x" : 8.163119,
      "y" : 13.208204,
      "z" : 21.371323
    }, {
      "x" : 4.736068,
      "y" : 3.427051,
      "z" : 12.399187
    } ],
    "faces" : [ {
      "vertices" : [ 0, 1, 2 ]
    }, {
      "vertices" : [ 0, 2, 1 ]
    } ]
  }, {
    "id" : "4fa88c32-d080-4fcc-afbe-67fc7e35836b",
    "vertices" : [ {
      "x" : -4.736068,
      "y" : 3.427051,
      "z" : -12.399187
    }, {
      "x" : -6.854102,
      "y" : 4.236068,
      "z" : -11.09017
    }, {
      "x" : -8.163119,
      "y" : 13.208204,
      "z" : -21.371323
    } ],
    "faces" : [ {
      "vertices" : [ 0, 1, 2 ]
    }, {
      "vertices" : [ 0, 2, 1 ]
    } ]
  }, {
    "id" : "f098530a-22aa-4833-9d4b-17f9b39de2b5",
    "vertices" : [ {
      "x" : -4.236068,
      "y" : 11.09017,
      "z" : 6.854102
    }, {
      "x" : -3.427051,
      "y" : 12.399187,
      "z" : 4.736068
    }, {
      "x" : -13.208204,
      "y" : 21.371323,
      "z" : 8.163119
    } ],
    "faces" : [ {
      "vertices" : [ 0, 1, 2 ]
    }, {
      "vertices" : [ 0, 2, 1 ]
    } ]
  }, {
    "id" : "5a2bd8d3-b57d-4771-9586-cba755f40e96",
    "vertices" : [ {
      "x" : 12.399187,
      "y" : -4.736068,
      "z" : 3.427051
    }, {
      "x" : 23.925695,
      "y" : 0.0,
      "z" : 9.138803
    }, {
      "x" : 13.208204,
      "y" : -3.427051,
      "z" : 1.309017
    } ],
    "faces" : [ {
      "vertices" : [ 0, 1, 2 ]
    }, {
      "vertices" : [ 0, 2, 1 ]
    } ]
  }, {
    "id" : "f9c2360a-6fe3-490c-94bf-6d278eddd3ca",
    "vertices" : [ {
      "x" : 11.09017,
      "y" : -6.854102,
      "z" : 4.236068
    }, {
      "x" : 12.399187,
      "y" : -4.736068,
      "z" : 3.427051
    }, {
      "x" : 21.371323,
      "y" : -8.163119,
      "z" : 13.208204
    } ],
    "faces" : [ {
      "vertices" : [ 0, 1, 2 ]
    }, {
      "vertices" : [ 0, 2, 1 ]
    } ]
  }, {
    "id" : "d0b08639-e8b5-4a6f-93dc-5f9afc92a02f",
    "vertices" : [ {
      "x" : 9.781153,
      "y" : -8.972136,
      "z" : 3.427051
    }, {
      "x" : 14.786893,
      "y" : -14.786893,
      "z" : 14.786893
    }, {
      "x" : 11.09017,
      "y" : -6.854102,
      "z" : 4.236068
    } ],
    "faces" : [ {
      "vertices" : [ 0, 1, 2 ]
    }, {
      "vertices" : [ 0, 2, 1 ]
    } ]
  }, {
    "id" : "2af36b3e-2fd8-47ab-8639-39c9eb357ffc",
    "vertices" : [ {
      "x" : -8.972136,
      "y" : 3.427051,
      "z" : -9.781153
    }, {
      "x" : -11.09017,
      "y" : 6.854102,
      "z" : -4.236068
    }, {
      "x" : -14.786893,
      "y" : 14.786893,
      "z" : -14.786893
    } ],
    "faces" : [ {
      "vertices" : [ 0, 1, 2 ]
    }, {
      "vertices" : [ 0, 2, 1 ]
    } ]
  }, {
    "id" : "66b189c0-08e5-46f7-a17f-515768dbd080",
    "vertices" : [ {
      "x" : 3.427051,
      "y" : 9.781153,
      "z" : 8.972136
    }, {
      "x" : 6.854102,
      "y" : 4.236068,
      "z" : 11.09017
    }, {
      "x" : 14.786893,
      "y" : 14.786893,
      "z" : 14.786893
    } ],
    "faces" : [ {
      "vertices" : [ 0, 1, 2 ]
    }, {
      "vertices" : [ 0, 2, 1 ]
    } ]
  }, {
    "id" : "1df76d25-14e7-4b8d-8094-da1e3157c2ef",
    "vertices" : [ {
      "x" : 4.736068,
      "y" : -3.427051,
      "z" : -12.399187
    }, {
      "x" : 3.427051,
      "y" : -1.309017,
      "z" : -13.208204
    }, {
      "x" : 13.708204,
      "y" : 0.0,
      "z" : -22.18034
    } ],
    "faces" : [ {
      "vertices" : [ 0, 1, 2 ]
    }, {
      "vertices" : [ 0, 2, 1 ]
    } ]
  }, {
    "id" : "029dcf0f-24bd-4e60-a375-370812b21dc3",
    "vertices" : [ {
      "x" : 3.427051,
      "y" : 1.309017,
      "z" : 13.208204
    }, {
      "x" : 0.0,
      "y" : 9.138803,
      "z" : 23.925695
    }, {
      "x" : 4.736068,
      "y" : 3.427051,
      "z" : 12.399187
    } ],
    "faces" : [ {
      "vertices" : [ 0, 1, 2 ]
    }, {
      "vertices" : [ 0, 2, 1 ]
    } ]
  }, {
    "id" : "380889a4-fdd7-4bd1-b22a-fbdbf3aaf3d1",
    "vertices" : [ {
      "x" : -3.427051,
      "y" : 12.399187,
      "z" : 4.736068
    }, {
      "x" : -4.236068,
      "y" : 11.09017,
      "z" : 6.854102
    }, {
      "x" : 0.0,
      "y" : 22.18034,
      "z" : 13.708204
    } ],
    "faces" : [ {
      "vertices" : [ 0, 1, 2 ]
    }, {
      "vertices" : [ 0, 2, 1 ]
    } ]
  }, {
    "id" : "b825ee19-ac5e-4105-bc00-babcb863f780",
    "vertices" : [ {
      "x" : -11.09017,
      "y" : -6.854102,
      "z" : 4.236068
    }, {
      "x" : -12.399187,
      "y" : -4.736068,
      "z" : 3.427051
    }, {
      "x" : -22.18034,
      "y" : -13.708204,
      "z" : 0.0
    } ],
    "faces" : [ {
      "vertices" : [ 0, 1, 2 ]
    }, {
      "vertices" : [ 0, 2, 1 ]
    } ]
  }, {
    "id" : "507e3a3b-398d-4ce0-9f32-4819880554b4",
    "vertices" : [ {
      "x" : 13.208204,
      "y" : -3.427051,
      "z" : 1.309017
    }, {
      "x" : 13.208204,
      "y" : -3.427051,
      "z" : -1.309017
    }, {
      "x" : 26.416409,
      "y" : 0.0,
      "z" : 0.0
    } ],
    "faces" : [ {
      "vertices" : [ 0, 1, 2 ]
    }, {
      "vertices" : [ 0, 2, 1 ]
    } ]
  }, {
    "id" : "52a40a6d-3c98-4904-bac0-d4950d83188e",
    "vertices" : [ {
      "x" : 10.281153,
      "y" : 1.309017,
      "z" : -8.972136
    }, {
      "x" : 10.281153,
      "y" : -1.309017,
      "z" : -8.972136
    }, {
      "x" : 13.708204,
      "y" : 0.0,
      "z" : -22.18034
    } ],
    "faces" : [ {
      "vertices" : [ 0, 1, 2 ]
    }, {
      "vertices" : [ 0, 2, 1 ]
    } ]
  }, {
    "id" : "07c6df8e-2830-4f1d-aa9a-d0d91eb7744e",
    "vertices" : [ {
      "x" : 13.208204,
      "y" : 3.427051,
      "z" : -1.309017
    }, {
      "x" : 12.399187,
      "y" : 4.736068,
      "z" : -3.427051
    }, {
      "x" : 22.18034,
      "y" : 13.708204,
      "z" : 0.0
    } ],
    "faces" : [ {
      "vertices" : [ 0, 1, 2 ]
    }, {
      "vertices" : [ 0, 2, 1 ]
    } ]
  }, {
    "id" : "fb5386be-542b-4c2e-8350-e753aa623ffd",
    "vertices" : [ {
      "x" : 1.309017,
      "y" : -8.972136,
      "z" : -10.281153
    }, {
      "x" : 0.0,
      "y" : -9.138803,
      "z" : -23.925695
    }, {
      "x" : -1.309017,
      "y" : -8.972136,
      "z" : -10.281153
    } ],
    "faces" : [ {
      "vertices" : [ 0, 1, 2 ]
    }, {
      "vertices" : [ 0, 2, 1 ]
    } ]
  }, {
    "id" : "d49140f1-b0f6-49be-810a-7a0c96721398",
    "vertices" : [ {
      "x" : -12.399187,
      "y" : 4.736068,
      "z" : -3.427051
    }, {
      "x" : -13.208204,
      "y" : 3.427051,
      "z" : -1.309017
    }, {
      "x" : -22.18034,
      "y" : 13.708204,
      "z" : 0.0
    } ],
    "faces" : [ {
      "vertices" : [ 0, 1, 2 ]
    }, {
      "vertices" : [ 0, 2, 1 ]
    } ]
  }, {
    "id" : "37306d5b-39da-4d6f-be6d-47791bb34544",
    "vertices" : [ {
      "x" : 3.427051,
      "y" : 9.781153,
      "z" : -8.972136
    }, {
      "x" : 14.786893,
      "y" : 14.786893,
      "z" : -14.786893
    }, {
      "x" : 4.236068,
      "y" : 11.09017,
      "z" : -6.854102
    } ],
    "faces" : [ {
      "vertices" : [ 0, 1, 2 ]
    }, {
      "vertices" : [ 0, 2, 1 ]
    } ]
  }, {
    "id" : "6ce891db-133a-49a3-aeb5-9310e6c4214b",
    "vertices" : [ {
      "x" : -3.427051,
      "y" : -1.309017,
      "z" : -13.208204
    }, {
      "x" : -3.427051,
      "y" : 1.309017,
      "z" : -13.208204
    }, {
      "x" : 0.0,
      "y" : 0.0,
      "z" : -26.416409
    } ],
    "faces" : [ {
      "vertices" : [ 0, 1, 2 ]
    }, {
      "vertices" : [ 0, 2, 1 ]
    } ]
  }, {
    "id" : "1d29833a-06d1-4422-afc2-255b14d13589",
    "vertices" : [ {
      "x" : 3.427051,
      "y" : -9.781153,
      "z" : 8.972136
    }, {
      "x" : 8.163119,
      "y" : -13.208204,
      "z" : 21.371323
    }, {
      "x" : 6.854102,
      "y" : -4.236068,
      "z" : 11.09017
    } ],
    "faces" : [ {
      "vertices" : [ 0, 1, 2 ]
    }, {
      "vertices" : [ 0, 2, 1 ]
    } ]
  }, {
    "id" : "29e98c34-be12-4190-a5ab-d9fb35eeee19",
    "vertices" : [ {
      "x" : 4.736068,
      "y" : 3.427051,
      "z" : -12.399187
    }, {
      "x" : 6.854102,
      "y" : 4.236068,
      "z" : -11.09017
    }, {
      "x" : 13.708204,
      "y" : 0.0,
      "z" : -22.18034
    } ],
    "faces" : [ {
      "vertices" : [ 0, 1, 2 ]
    }, {
      "vertices" : [ 0, 2, 1 ]
    } ]
  }, {
    "id" : "0b084f74-a7d3-4e9c-be37-656e0e65ab4c",
    "vertices" : [ {
      "x" : 13.208204,
      "y" : -3.427051,
      "z" : -1.309017
    }, {
      "x" : 13.208204,
      "y" : -3.427051,
      "z" : 1.309017
    }, {
      "x" : 22.18034,
      "y" : -13.708204,
      "z" : 0.0
    } ],
    "faces" : [ {
      "vertices" : [ 0, 1, 2 ]
    }, {
      "vertices" : [ 0, 2, 1 ]
    } ]
  }, {
    "id" : "f814b3b8-605b-4ed9-afb6-628031161da6",
    "vertices" : [ {
      "x" : 8.972136,
      "y" : -3.427051,
      "z" : -9.781153
    }, {
      "x" : 11.09017,
      "y" : -6.854102,
      "z" : -4.236068
    }, {
      "x" : 14.786893,
      "y" : -14.786893,
      "z" : -14.786893
    } ],
    "faces" : [ {
      "vertices" : [ 0, 1, 2 ]
    }, {
      "vertices" : [ 0, 2, 1 ]
    } ]
  }, {
    "id" : "3ed62dcb-1421-46b4-a9bc-06ba5f08a35b",
    "vertices" : [ {
      "x" : -8.972136,
      "y" : 3.427051,
      "z" : -9.781153
    }, {
      "x" : -10.281153,
      "y" : 1.309017,
      "z" : -8.972136
    }, {
      "x" : -21.371323,
      "y" : 8.163119,
      "z" : -13.208204
    } ],
    "faces" : [ {
      "vertices" : [ 0, 1, 2 ]
    }, {
      "vertices" : [ 0, 2, 1 ]
    } ]
  }, {
    "id" : "277c57bc-bb80-4bb7-a733-f2403e2625de",
    "vertices" : [ {
      "x" : 6.854102,
      "y" : -4.236068,
      "z" : -11.09017
    }, {
      "x" : 8.163119,
      "y" : -13.208204,
      "z" : -21.371323
    }, {
      "x" : 3.427051,
      "y" : -9.781153,
      "z" : -8.972136
    } ],
    "faces" : [ {
      "vertices" : [ 0, 1, 2 ]
    }, {
      "vertices" : [ 0, 2, 1 ]
    } ]
  }, {
    "id" : "7259f114-f065-4570-b8c0-64a84600065e",
    "vertices" : [ {
      "x" : 9.781153,
      "y" : -8.972136,
      "z" : -3.427051
    }, {
      "x" : 4.236068,
      "y" : -11.09017,
      "z" : -6.854102
    }, {
      "x" : 14.786893,
      "y" : -14.786893,
      "z" : -14.786893
    } ],
    "faces" : [ {
      "vertices" : [ 0, 1, 2 ]
    }, {
      "vertices" : [ 0, 2, 1 ]
    } ]
  }, {
    "id" : "e687d7b3-bb53-464a-807d-34e33d22b5d2",
    "vertices" : [ {
      "x" : -3.427051,
      "y" : -1.309017,
      "z" : 13.208204
    }, {
      "x" : 0.0,
      "y" : -9.138803,
      "z" : 23.925695
    }, {
      "x" : -4.736068,
      "y" : -3.427051,
      "z" : 12.399187
    } ],
    "faces" : [ {
      "vertices" : [ 0, 1, 2 ]
    }, {
      "vertices" : [ 0, 2, 1 ]
    } ]
  }, {
    "id" : "dce428c3-22ee-421c-b396-e08b1be63820",
    "vertices" : [ {
      "x" : 10.281153,
      "y" : -1.309017,
      "z" : 8.972136
    }, {
      "x" : 10.281153,
      "y" : 1.309017,
      "z" : 8.972136
    }, {
      "x" : 13.708204,
      "y" : 0.0,
      "z" : 22.18034
    } ],
    "faces" : [ {
      "vertices" : [ 0, 1, 2 ]
    }, {
      "vertices" : [ 0, 2, 1 ]
    } ]
  }, {
    "id" : "2d5be47e-af8f-4105-a16e-1f627c3122c3",
    "vertices" : [ {
      "x" : -3.427051,
      "y" : -9.781153,
      "z" : -8.972136
    }, {
      "x" : -1.309017,
      "y" : -8.972136,
      "z" : -10.281153
    }, {
      "x" : 0.0,
      "y" : -22.18034,
      "z" : -13.708204
    } ],
    "faces" : [ {
      "vertices" : [ 0, 1, 2 ]
    }, {
      "vertices" : [ 0, 2, 1 ]
    } ]
  }, {
    "id" : "d68a32e7-ba3b-4ceb-a334-762137f81143",
    "vertices" : [ {
      "x" : -10.281153,
      "y" : 1.309017,
      "z" : 8.972136
    }, {
      "x" : -8.972136,
      "y" : 3.427051,
      "z" : 9.781153
    }, {
      "x" : -21.371323,
      "y" : 8.163119,
      "z" : 13.208204
    } ],
    "faces" : [ {
      "vertices" : [ 0, 1, 2 ]
    }, {
      "vertices" : [ 0, 2, 1 ]
    } ]
  }, {
    "id" : "b6125eef-6fd3-4032-87a0-d5f20ee51aba",
    "vertices" : [ {
      "x" : 13.208204,
      "y" : 3.427051,
      "z" : 1.309017
    }, {
      "x" : 13.208204,
      "y" : 3.427051,
      "z" : -1.309017
    }, {
      "x" : 22.18034,
      "y" : 13.708204,
      "z" : 0.0
    } ],
    "faces" : [ {
      "vertices" : [ 0, 1, 2 ]
    }, {
      "vertices" : [ 0, 2, 1 ]
    } ]
  }, {
    "id" : "0bc919d5-f176-43fa-93e6-36fd65f36a77",
    "vertices" : [ {
      "x" : -9.781153,
      "y" : 8.972136,
      "z" : 3.427051
    }, {
      "x" : -14.786893,
      "y" : 14.786893,
      "z" : 14.786893
    }, {
      "x" : -11.09017,
      "y" : 6.854102,
      "z" : 4.236068
    } ],
    "faces" : [ {
      "vertices" : [ 0, 1, 2 ]
    }, {
      "vertices" : [ 0, 2, 1 ]
    } ]
  }, {
    "id" : "79b9e6ea-97d7-4d43-925f-68dda9542110",
    "vertices" : [ {
      "x" : 8.972136,
      "y" : 10.281153,
      "z" : -1.309017
    }, {
      "x" : 8.972136,
      "y" : 10.281153,
      "z" : 1.309017
    }, {
      "x" : 22.18034,
      "y" : 13.708204,
      "z" : 0.0
    } ],
    "faces" : [ {
      "vertices" : [ 0, 1, 2 ]
    }, {
      "vertices" : [ 0, 2, 1 ]
    } ]
  }, {
    "id" : "980a425e-a2b8-4734-a796-7ff3bcd702dc",
    "vertices" : [ {
      "x" : -3.427051,
      "y" : 12.399187,
      "z" : 4.736068
    }, {
      "x" : -13.208204,
      "y" : 21.371323,
      "z" : 8.163119
    }, {
      "x" : -8.972136,
      "y" : 10.281153,
      "z" : 1.309017
    } ],
    "faces" : [ {
      "vertices" : [ 0, 1, 2 ]
    }, {
      "vertices" : [ 0, 2, 1 ]
    } ]
  }, {
    "id" : "fcbe995b-233b-408c-8e2b-6c7469340382",
    "vertices" : [ {
      "x" : 8.972136,
      "y" : 3.427051,
      "z" : 9.781153
    }, {
      "x" : 11.09017,
      "y" : 6.854102,
      "z" : 4.236068
    }, {
      "x" : 14.786893,
      "y" : 14.786893,
      "z" : 14.786893
    } ],
    "faces" : [ {
      "vertices" : [ 0, 1, 2 ]
    }, {
      "vertices" : [ 0, 2, 1 ]
    } ]
  }, {
    "id" : "c2114cce-5849-4dde-9ff1-74a610326a65",
    "vertices" : [ {
      "x" : 4.736068,
      "y" : 3.427051,
      "z" : 12.399187
    }, {
      "x" : 6.854102,
      "y" : 4.236068,
      "z" : 11.09017
    }, {
      "x" : 8.163119,
      "y" : 13.208204,
      "z" : 21.371323
    } ],
    "faces" : [ {
      "vertices" : [ 0, 1, 2 ]
    }, {
      "vertices" : [ 0, 2, 1 ]
    } ]
  }, {
    "id" : "8812aed9-64f9-4e35-8490-5dab632cff22",
    "vertices" : [ {
      "x" : -12.399187,
      "y" : 4.736068,
      "z" : 3.427051
    }, {
      "x" : -11.09017,
      "y" : 6.854102,
      "z" : 4.236068
    }, {
      "x" : -22.18034,
      "y" : 13.708204,
      "z" : 0.0
    } ],
    "faces" : [ {
      "vertices" : [ 0, 1, 2 ]
    }, {
      "vertices" : [ 0, 2, 1 ]
    } ]
  }, {
    "id" : "f0a2b716-1727-42d0-8e87-1b3ae7b2029a",
    "vertices" : [ {
      "x" : -3.427051,
      "y" : -9.781153,
      "z" : -8.972136
    }, {
      "x" : -8.163119,
      "y" : -13.208204,
      "z" : -21.371323
    }, {
      "x" : -6.854102,
      "y" : -4.236068,
      "z" : -11.09017
    } ],
    "faces" : [ {
      "vertices" : [ 0, 1, 2 ]
    }, {
      "vertices" : [ 0, 2, 1 ]
    } ]
  }, {
    "id" : "97f36275-ea0e-4050-882b-28b1c1b3b3be",
    "vertices" : [ {
      "x" : -1.309017,
      "y" : 8.972136,
      "z" : -10.281153
    }, {
      "x" : -8.163119,
      "y" : 13.208204,
      "z" : -21.371323
    }, {
      "x" : -4.736068,
      "y" : 3.427051,
      "z" : -12.399187
    } ],
    "faces" : [ {
      "vertices" : [ 0, 1, 2 ]
    }, {
      "vertices" : [ 0, 2, 1 ]
    } ]
  }, {
    "id" : "20207fff-850b-45a8-b991-cfa73895f0ed",
    "vertices" : [ {
      "x" : 8.972136,
      "y" : 10.281153,
      "z" : 1.309017
    }, {
      "x" : 9.138803,
      "y" : 23.925695,
      "z" : 0.0
    }, {
      "x" : 8.972136,
      "y" : 10.281153,
      "z" : -1.309017
    } ],
    "faces" : [ {
      "vertices" : [ 0, 1, 2 ]
    }, {
      "vertices" : [ 0, 2, 1 ]
    } ]
  }, {
    "id" : "9da9293e-51cf-4ab0-9865-e385a69c0a23",
    "vertices" : [ {
      "x" : -1.309017,
      "y" : 8.972136,
      "z" : -10.281153
    }, {
      "x" : -3.427051,
      "y" : 9.781153,
      "z" : -8.972136
    }, {
      "x" : 0.0,
      "y" : 22.18034,
      "z" : -13.708204
    } ],
    "faces" : [ {
      "vertices" : [ 0, 1, 2 ]
    }, {
      "vertices" : [ 0, 2, 1 ]
    } ]
  }, {
    "id" : "9c4cb9e0-d62a-4812-8c70-34a130d8103a",
    "vertices" : [ {
      "x" : 3.427051,
      "y" : 12.399187,
      "z" : -4.736068
    }, {
      "x" : 4.236068,
      "y" : 11.09017,
      "z" : -6.854102
    }, {
      "x" : 0.0,
      "y" : 22.18034,
      "z" : -13.708204
    } ],
    "faces" : [ {
      "vertices" : [ 0, 1, 2 ]
    }, {
      "vertices" : [ 0, 2, 1 ]
    } ]
  }, {
    "id" : "a5f59ae3-7dbe-4c56-afc3-3823cb3d0fc9",
    "vertices" : [ {
      "x" : -12.399187,
      "y" : -4.736068,
      "z" : 3.427051
    }, {
      "x" : -11.09017,
      "y" : -6.854102,
      "z" : 4.236068
    }, {
      "x" : -21.371323,
      "y" : -8.163119,
      "z" : 13.208204
    } ],
    "faces" : [ {
      "vertices" : [ 0, 1, 2 ]
    }, {
      "vertices" : [ 0, 2, 1 ]
    } ]
  }, {
    "id" : "742847aa-e31e-4fbc-b374-c9fc1b0501ff",
    "vertices" : [ {
      "x" : 11.09017,
      "y" : -6.854102,
      "z" : 4.236068
    }, {
      "x" : 9.781153,
      "y" : -8.972136,
      "z" : 3.427051
    }, {
      "x" : 22.18034,
      "y" : -13.708204,
      "z" : 0.0
    } ],
    "faces" : [ {
      "vertices" : [ 0, 1, 2 ]
    }, {
      "vertices" : [ 0, 2, 1 ]
    } ]
  }, {
    "id" : "a8237dbb-3344-4331-8d4f-0f0d870c9d78",
    "vertices" : [ {
      "x" : -3.427051,
      "y" : 9.781153,
      "z" : -8.972136
    }, {
      "x" : -6.854102,
      "y" : 4.236068,
      "z" : -11.09017
    }, {
      "x" : -14.786893,
      "y" : 14.786893,
      "z" : -14.786893
    } ],
    "faces" : [ {
      "vertices" : [ 0, 1, 2 ]
    }, {
      "vertices" : [ 0, 2, 1 ]
    } ]
  }, {
    "id" : "4185bdfc-2567-411e-8053-82447f95bd0a",
    "vertices" : [ {
      "x" : -13.208204,
      "y" : -3.427051,
      "z" : 1.309017
    }, {
      "x" : -13.208204,
      "y" : -3.427051,
      "z" : -1.309017
    }, {
      "x" : -22.18034,
      "y" : -13.708204,
