{
  "polygons" : "true",
  "field" : "golden",
  "symmetry" : "icosahedral",
  "orientations" : [ [ 1.0, 0.0, 0.0, 0.0, 0.0, 1.0, 0.0, 0.0, 0.0, 0.0, 1.0, 0.0, 0.0, 0.0, 0.0, 1.0 ], [ 0.0, 0.0, 1.0, 0.0, 1.0, 0.0, 0.0, 0.0, 0.0, 1.0, 0.0, 0.0, 0.0, 0.0, 0.0, 1.0 ], [ 0.0, 1.0, 0.0, 0.0, 0.0, 0.0, 1.0, 0.0, 1.0, 0.0, 0.0, 0.0, 0.0, 0.0, 0.0, 1.0 ], [ 0.809017, 0.309017, 0.5, 0.0, 0.309017, 0.5, -0.809017, 0.0, -0.5, 0.809017, 0.309017, 0.0, 0.0, 0.0, 0.0, 1.0 ], [ -0.5, 0.809017, 0.309017, 0.0, 0.809017, 0.309017, 0.5, 0.0, 0.309017, 0.5, -0.809017, 0.0, 0.0, 0.0, 0.0, 1.0 ], [ 0.309017, 0.5, -0.809017, 0.0, -0.5, 0.809017, 0.309017, 0.0, 0.809017, 0.309017, 0.5, 0.0, 0.0, 0.0, 0.0, 1.0 ], [ 0.5, 0.809017, 0.309017, 0.0, 0.809017, -0.309017, -0.5, 0.0, -0.309017, 0.5, -0.809017, 0.0, 0.0, 0.0, 0.0, 1.0 ], [ -0.309017, 0.5, -0.809017, 0.0, 0.5, 0.809017, 0.309017, 0.0, 0.809017, -0.309017, -0.5, 0.0, 0.0, 0.0, 0.0, 1.0 ], [ 0.809017, -0.309017, -0.5, 0.0, -0.309017, 0.5, -0.809017, 0.0, 0.5, 0.809017, 0.309017, 0.0, 0.0, 0.0, 0.0, 1.0 ], [ 0.5, 0.809017, -0.309017, 0.0, 0.809017, -0.309017, 0.5, 0.0, 0.309017, -0.5, -0.809017, 0.0, 0.0, 0.0, 0.0, 1.0 ], [ 0.309017, -0.5, -0.809017, 0.0, 0.5, 0.809017, -0.309017, 0.0, 0.809017, -0.309017, 0.5, 0.0, 0.0, 0.0, 0.0, 1.0 ], [ 0.809017, -0.309017, 0.5, 0.0, 0.309017, -0.5, -0.809017, 0.0, 0.5, 0.809017, -0.309017, 0.0, 0.0, 0.0, 0.0, 1.0 ], [ 0.809017, 0.309017, -0.5, 0.0, 0.309017, 0.5, 0.809017, 0.0, 0.5, -0.809017, 0.309017, 0.0, 0.0, 0.0, 0.0, 1.0 ], [ 0.5, -0.809017, 0.309017, 0.0, 0.809017, 0.309017, -0.5, 0.0, 0.309017, 0.5, 0.809017, 0.0, 0.0, 0.0, 0.0, 1.0 ], [ 0.309017, 0.5, 0.809017, 0.0, 0.5, -0.809017, 0.309017, 0.0, 0.809017, 0.309017, -0.5, 0.0, 0.0, 0.0, 0.0, 1.0 ], [ 1.0, 0.0, 0.0, 0.0, 0.0, -1.0, 0.0, 0.0, 0.0, 0.0, -1.0, 0.0, 0.0, 0.0, 0.0, 1.0 ], [ 0.0, 0.0, 1.0, 0.0, -1.0, 0.0, 0.0, 0.0, 0.0, -1.0, 0.0, 0.0, 0.0, 0.0, 0.0, 1.0 ], [ 0.0, 1.0, 0.0, 0.0, 0.0, 0.0, -1.0, 0.0, -1.0, 0.0, 0.0, 0.0, 0.0, 0.0, 0.0, 1.0 ], [ 0.809017, 0.309017, 0.5, 0.0, -0.309017, -0.5, 0.809017, 0.0, 0.5, -0.809017, -0.309017, 0.0, 0.0, 0.0, 0.0, 1.0 ], [ -0.5, 0.809017, 0.309017, 0.0, -0.809017, -0.309017, -0.5, 0.0, -0.309017, -0.5, 0.809017, 0.0, 0.0, 0.0, 0.0, 1.0 ], [ 0.309017, 0.5, -0.809017, 0.0, 0.5, -0.809017, -0.309017, 0.0, -0.809017, -0.309017, -0.5, 0.0, 0.0, 0.0, 0.0, 1.0 ], [ 0.5, 0.809017, 0.309017, 0.0, -0.809017, 0.309017, 0.5, 0.0, 0.309017, -0.5, 0.809017, 0.0, 0.0, 0.0, 0.0, 1.0 ], [ -0.309017, 0.5, -0.809017, 0.0, -0.5, -0.809017, -0.309017, 0.0, -0.809017, 0.309017, 0.5, 0.0, 0.0, 0.0, 0.0, 1.0 ], [ 0.809017, -0.309017, -0.5, 0.0, 0.309017, -0.5, 0.809017, 0.0, -0.5, -0.809017, -0.309017, 0.0, 0.0, 0.0, 0.0, 1.0 ], [ 0.5, 0.809017, -0.309017, 0.0, -0.809017, 0.309017, -0.5, 0.0, -0.309017, 0.5, 0.809017, 0.0, 0.0, 0.0, 0.0, 1.0 ], [ 0.309017, -0.5, -0.809017, 0.0, -0.5, -0.809017, 0.309017, 0.0, -0.809017, 0.309017, -0.5, 0.0, 0.0, 0.0, 0.0, 1.0 ], [ 0.809017, -0.309017, 0.5, 0.0, -0.309017, 0.5, 0.809017, 0.0, -0.5, -0.809017, 0.309017, 0.0, 0.0, 0.0, 0.0, 1.0 ], [ 0.809017, 0.309017, -0.5, 0.0, -0.309017, -0.5, -0.809017, 0.0, -0.5, 0.809017, -0.309017, 0.0, 0.0, 0.0, 0.0, 1.0 ], [ 0.5, -0.809017, 0.309017, 0.0, -0.809017, -0.309017, 0.5, 0.0, -0.309017, -0.5, -0.809017, 0.0, 0.0, 0.0, 0.0, 1.0 ], [ 0.309017, 0.5, 0.809017, 0.0, -0.5, 0.809017, -0.309017, 0.0, -0.809017, -0.309017, 0.5, 0.0, 0.0, 0.0, 0.0, 1.0 ], [ -1.0, 0.0, 0.0, 0.0, 0.0, -1.0, 0.0, 0.0, 0.0, 0.0, 1.0, 0.0, 0.0, 0.0, 0.0, 1.0 ], [ 0.0, 0.0, -1.0, 0.0, -1.0, 0.0, 0.0, 0.0, 0.0, 1.0, 0.0, 0.0, 0.0, 0.0, 0.0, 1.0 ], [ 0.0, -1.0, 0.0, 0.0, 0.0, 0.0, -1.0, 0.0, 1.0, 0.0, 0.0, 0.0, 0.0, 0.0, 0.0, 1.0 ], [ -0.809017, -0.309017, -0.5, 0.0, -0.309017, -0.5, 0.809017, 0.0, -0.5, 0.809017, 0.309017, 0.0, 0.0, 0.0, 0.0, 1.0 ], [ 0.5, -0.809017, -0.309017, 0.0, -0.809017, -0.309017, -0.5, 0.0, 0.309017, 0.5, -0.809017, 0.0, 0.0, 0.0, 0.0, 1.0 ], [ -0.309017, -0.5, 0.809017, 0.0, 0.5, -0.809017, -0.309017, 0.0, 0.809017, 0.309017, 0.5, 0.0, 0.0, 0.0, 0.0, 1.0 ], [ -0.5, -0.809017, -0.309017, 0.0, -0.809017, 0.309017, 0.5, 0.0, -0.309017, 0.5, -0.809017, 0.0, 0.0, 0.0, 0.0, 1.0 ], [ 0.309017, -0.5, 0.809017, 0.0, -0.5, -0.809017, -0.309017, 0.0, 0.809017, -0.309017, -0.5, 0.0, 0.0, 0.0, 0.0, 1.0 ], [ -0.809017, 0.309017, 0.5, 0.0, 0.309017, -0.5, 0.809017, 0.0, 0.5, 0.809017, 0.309017, 0.0, 0.0, 0.0, 0.0, 1.0 ], [ -0.5, -0.809017, 0.309017, 0.0, -0.809017, 0.309017, -0.5, 0.0, 0.309017, -0.5, -0.809017, 0.0, 0.0, 0.0, 0.0, 1.0 ], [ -0.309017, 0.5, 0.809017, 0.0, -0.5, -0.809017, 0.309017, 0.0, 0.809017, -0.309017, 0.5, 0.0, 0.0, 0.0, 0.0, 1.0 ], [ -0.809017, 0.309017, -0.5, 0.0, -0.309017, 0.5, 0.809017, 0.0, 0.5, 0.809017, -0.309017, 0.0, 0.0, 0.0, 0.0, 1.0 ], [ -0.809017, -0.309017, 0.5, 0.0, -0.309017, -0.5, -0.809017, 0.0, 0.5, -0.809017, 0.309017, 0.0, 0.0, 0.0, 0.0, 1.0 ], [ -0.5, 0.809017, -0.309017, 0.0, -0.809017, -0.309017, 0.5, 0.0, 0.309017, 0.5, 0.809017, 0.0, 0.0, 0.0, 0.0, 1.0 ], [ -0.309017, -0.5, -0.809017, 0.0, -0.5, 0.809017, -0.309017, 0.0, 0.809017, 0.309017, -0.5, 0.0, 0.0, 0.0, 0.0, 1.0 ], [ -1.0, 0.0, 0.0, 0.0, 0.0, 1.0, 0.0, 0.0, 0.0, 0.0, -1.0, 0.0, 0.0, 0.0, 0.0, 1.0 ], [ 0.0, 0.0, -1.0, 0.0, 1.0, 0.0, 0.0, 0.0, 0.0, -1.0, 0.0, 0.0, 0.0, 0.0, 0.0, 1.0 ], [ 0.0, -1.0, 0.0, 0.0, 0.0, 0.0, 1.0, 0.0, -1.0, 0.0, 0.0, 0.0, 0.0, 0.0, 0.0, 1.0 ], [ -0.809017, -0.309017, -0.5, 0.0, 0.309017, 0.5, -0.809017, 0.0, 0.5, -0.809017, -0.309017, 0.0, 0.0, 0.0, 0.0, 1.0 ], [ 0.5, -0.809017, -0.309017, 0.0, 0.809017, 0.309017, 0.5, 0.0, -0.309017, -0.5, 0.809017, 0.0, 0.0, 0.0, 0.0, 1.0 ], [ -0.309017, -0.5, 0.809017, 0.0, -0.5, 0.809017, 0.309017, 0.0, -0.809017, -0.309017, -0.5, 0.0, 0.0, 0.0, 0.0, 1.0 ], [ -0.5, -0.809017, -0.309017, 0.0, 0.809017, -0.309017, -0.5, 0.0, 0.309017, -0.5, 0.809017, 0.0, 0.0, 0.0, 0.0, 1.0 ], [ 0.309017, -0.5, 0.809017, 0.0, 0.5, 0.809017, 0.309017, 0.0, -0.809017, 0.309017, 0.5, 0.0, 0.0, 0.0, 0.0, 1.0 ], [ -0.809017, 0.309017, 0.5, 0.0, -0.309017, 0.5, -0.809017, 0.0, -0.5, -0.809017, -0.309017, 0.0, 0.0, 0.0, 0.0, 1.0 ], [ -0.5, -0.809017, 0.309017, 0.0, 0.809017, -0.309017, 0.5, 0.0, -0.309017, 0.5, 0.809017, 0.0, 0.0, 0.0, 0.0, 1.0 ], [ -0.309017, 0.5, 0.809017, 0.0, 0.5, 0.809017, -0.309017, 0.0, -0.809017, 0.309017, -0.5, 0.0, 0.0, 0.0, 0.0, 1.0 ], [ -0.809017, 0.309017, -0.5, 0.0, 0.309017, -0.5, -0.809017, 0.0, -0.5, -0.809017, 0.309017, 0.0, 0.0, 0.0, 0.0, 1.0 ], [ -0.809017, -0.309017, 0.5, 0.0, 0.309017, 0.5, 0.809017, 0.0, -0.5, 0.809017, -0.309017, 0.0, 0.0, 0.0, 0.0, 1.0 ], [ -0.5, 0.809017, -0.309017, 0.0, 0.809017, 0.309017, -0.5, 0.0, -0.309017, -0.5, -0.809017, 0.0, 0.0, 0.0, 0.0, 1.0 ], [ -0.309017, -0.5, -0.809017, 0.0, 0.5, -0.809017, 0.309017, 0.0, -0.809017, -0.309017, 0.5, 0.0, 0.0, 0.0, 0.0, 1.0 ] ],
  "lights" : {
    "ambientColor" : "#292929",
    "backgroundColor" : "#CCCCCC",
    "directionalLights" : [ {
      "direction" : [ 1.0, -1.0, -1.0 ],
      "color" : "#EBEBE4"
    }, {
      "direction" : [ -1.0, 0.0, 0.0 ],
      "color" : "#E4E4EB"
    }, {
      "direction" : [ 0.0, 0.0, -1.0 ],
      "color" : "#1E1E1E"
    } ]
  },
  "camera" : {
    "width" : 237.55264,
    "perspective" : true,
    "fieldOfView" : 0.4426364,
    "lookAtPoint" : {
      "x" : 0.0,
      "y" : 0.0,
      "z" : 0.0
    },
    "upDirection" : {
      "x" : 0.99964696,
      "y" : 6.239908E-4,
      "z" : -0.026294893
    },
    "stereo" : false,
    "lookDirection" : {
      "x" : -0.019204237,
      "y" : -0.66598046,
      "z" : -0.745728
    },
    "nearClipDistance" : 1.3197471,
    "farClipDistance" : 1055.7689,
    "viewDistance" : 527.8855,
    "lookAtPointRV" : {
      "x" : 0.0,
      "y" : 0.0,
      "z" : 0.0,
      "zero" : true
    },
    "lookDirectionRV" : {
      "x" : -0.019204237,
      "y" : -0.66598046,
      "z" : -0.745728,
      "zero" : false
    },
    "upDirectionRV" : {
      "x" : 0.99964696,
      "y" : 6.239908E-4,
      "z" : -0.026294893,
      "zero" : false
    },
    "position" : {
      "x" : 10.137638,
      "y" : 351.56143,
      "z" : 393.659
    }
  },
  "embedding" : [ 1.0, 0.0, 0.0, 0.0, 0.0, 1.0, 0.0, 0.0, 0.0, 0.0, 1.0, 0.0, 0.0, 0.0, 0.0, 1.0 ],
  "shapes" : [ {
    "id" : "7b137487-74c5-47c4-906d-58aa431af879",
    "vertices" : [ {
      "x" : 0.0,
      "y" : 0.0,
      "z" : 0.0
    }, {
      "x" : 0.0,
      "y" : 9.944272,
      "z" : 22.034441
    }, {
      "x" : 0.0,
      "y" : -11.854102,
      "z" : 7.326238
    } ],
    "faces" : [ {
      "vertices" : [ 0, 1, 2 ]
    }, {
      "vertices" : [ 0, 2, 1 ]
    } ]
  }, {
    "id" : "e891584d-c2ae-4690-a6af-e479284ad72c",
    "vertices" : [ {
      "x" : 0.0,
      "y" : 0.0,
      "z" : 0.0
    }, {
      "x" : 0.0,
      "y" : -0.690983,
      "z" : 0.42705098
    }, {
      "x" : 0.0,
      "y" : -2.618034,
      "z" : -1.618034
    } ],
    "faces" : [ {
      "vertices" : [ 0, 1, 2 ]
    }, {
      "vertices" : [ 0, 2, 1 ]
    } ]
  }, {
    "id" : "4104283c-23bb-4a82-9ab2-85189e6fd072",
    "vertices" : [ {
      "x" : 0.0,
      "y" : 0.0,
      "z" : 0.0
    }, {
      "x" : -0.16311896,
      "y" : 3.0060484,
      "z" : 1.2676702
    }, {
      "x" : 0.0,
      "y" : 1.4330994,
      "z" : 0.88570416
    } ],
    "faces" : [ {
      "vertices" : [ 0, 1, 2 ]
    }, {
      "vertices" : [ 0, 2, 1 ]
    } ]
  }, {
    "id" : "6c452089-9a6d-4c05-b1a6-1e2ffb1f0592",
    "vertices" : [ {
      "x" : 0.0,
      "y" : 0.0,
      "z" : 0.0
    }, {
      "x" : 1.399187,
      "y" : -3.663119,
      "z" : -11.854102
    }, {
      "x" : 0.0,
      "y" : 0.0,
      "z" : -11.854102
    } ],
    "faces" : [ {
      "vertices" : [ 0, 1, 2 ]
    }, {
      "vertices" : [ 0, 2, 1 ]
    } ]
  }, {
    "id" : "2f22f0b7-287f-48d0-8a77-0b458cbb8842",
    "vertices" : [ {
      "x" : 0.0,
      "y" : 0.0,
      "z" : 0.0
    }, {
      "x" : 0.16311896,
      "y" : -0.10081306,
      "z" : 0.52786404
    }, {
      "x" : 0.16311896,
      "y" : -12.018078,
      "z" : -6.8374104
    }, {
      "x" : 0.0,
      "y" : -13.365512,
      "z" : -8.260341
    } ],
    "faces" : [ {
      "vertices" : [ 0, 1, 2, 3 ]
    }, {
      "vertices" : [ 0, 3, 2, 1 ]
    } ]
  }, {
    "id" : "02c76a75-ecb7-4d8f-b1e7-9510a52dd61f",
    "vertices" : [ {
      "x" : 0.0,
      "y" : 0.0,
      "z" : 0.0
    }, {
      "x" : 0.0,
      "y" : -1.7909396,
      "z" : -1.1068615
    }, {
      "x" : -0.16311896,
      "y" : -1.3474342,
      "z" : -1.42293
    } ],
    "faces" : [ {
      "vertices" : [ 0, 1, 2 ]
    }, {
      "vertices" : [ 0, 2, 1 ]
    } ]
  }, {
    "id" : "e179a5e0-4d0e-4b53-8108-854a36bf1660",
    "vertices" : [ {
      "x" : 0.0,
      "y" : 0.0,
      "z" : 0.0
    }, {
      "x" : 0.0,
      "y" : -9.944272,
      "z" : -22.034441
    }, {
      "x" : 0.0,
      "y" : 4.90983,
      "z" : -12.854102
    } ],
    "faces" : [ {
      "vertices" : [ 0, 1, 2 ]
    }, {
      "vertices" : [ 0, 2, 1 ]
    } ]
  }, {
    "id" : "98654a1e-b51d-480a-8255-43d7dbb62d08",
    "vertices" : [ {
      "x" : 0.0,
      "y" : 0.0,
      "z" : 0.0
    }, {
      "x" : -3.663119,
      "y" : 5.927051,
      "z" : -9.59017
    }, {
      "x" : -3.663119,
      "y" : 21.050896,
      "z" : -0.24311952
    }, {
      "x" : 0.0,
      "y" : 15.123845,
      "z" : 9.347051
    } ],
    "faces" : [ {
      "vertices" : [ 0, 1, 2, 3 ]
    }, {
      "vertices" : [ 0, 3, 2, 1 ]
    } ]
  }, {
    "id" : "ba541e62-aec9-4937-a43b-1352c7194d6e",
    "vertices" : [ {
      "x" : 0.0,
      "y" : 0.0,
      "z" : 0.0
    }, {
      "x" : 0.0,
      "y" : 5.927051,
      "z" : 3.663119
    }, {
      "x" : 0.0,
      "y" : -5.927051,
      "z" : 10.989357
    } ],
    "faces" : [ {
      "vertices" : [ 0, 1, 2 ]
    }, {
      "vertices" : [ 0, 2, 1 ]
    } ]
  }, {
    "id" : "7957107d-08dd-43f5-9b86-4a236c877830",
    "vertices" : [ {
      "x" : 0.0,
      "y" : 0.0,
      "z" : 0.0
    }, {
      "x" : 0.0,
      "y" : 1.1734824,
      "z" : 0.510816
    }, {
      "x" : 0.0,
      "y" : -19.624891,
      "z" : 13.364918
    }, {
      "x" : 0.0,
      "y" : -20.433048,
      "z" : 12.628319
    } ],
    "faces" : [ {
      "vertices" : [ 0, 1, 2, 3 ]
    }, {
      "vertices" : [ 0, 3, 2, 1 ]
    } ]
  }, {
    "id" : "4fb61350-287f-452d-a923-ac53d949fe2f",
    "vertices" : [ {
      "x" : 0.0,
      "y" : 0.0,
      "z" : 0.0
    }, {
      "x" : 0.0,
      "y" : -7.399187,
      "z" : -3.517221
    }, {
      "x" : 0.0,
      "y" : -22.523033,
      "z" : -12.864271
    }, {
      "x" : 0.0,
      "y" : -22.18034,
      "z" : -13.708204
    } ],
    "faces" : [ {
      "vertices" : [ 0, 1, 2, 3 ]
    }, {
      "vertices" : [ 0, 3, 2, 1 ]
    } ]
  }, {
    "id" : "2694b126-d7de-46f2-ac6f-2dce7d18d2ab",
    "vertices" : [ {
      "x" : 0.0,
      "y" : 0.0,
      "z" : 0.0
    }, {
      "x" : 0.0,
      "y" : -11.854102,
      "z" : 0.0
    }, {
      "x" : 0.0,
      "y" : -11.854102,
      "z" : -7.326238
    } ],
    "faces" : [ {
      "vertices" : [ 0, 1, 2 ]
    }, {
      "vertices" : [ 0, 2, 1 ]
    } ]
  }, {
    "id" : "29bf2170-b6c7-4a0a-9123-6be29e1bdb13",
    "vertices" : [ {
      "x" : 0.0,
      "y" : 0.0,
      "z" : 0.0
    }, {
      "x" : 0.0,
      "y" : -11.854102,
      "z" : 7.326238
    }, {
      "x" : 0.0,
      "y" : -13.365512,
      "z" : -8.260341
    } ],
    "faces" : [ {
      "vertices" : [ 0, 1, 2 ]
    }, {
      "vertices" : [ 0, 2, 1 ]
    } ]
  }, {
    "id" : "395efe7e-a59e-4925-b703-ad1607621905",
    "vertices" : [ {
      "x" : 0.0,
      "y" : 0.0,
      "z" : 0.0
    }, {
      "x" : 0.16311896,
      "y" : -3.0060484,
      "z" : -1.2676702
    }, {
      "x" : 0.16311896,
      "y" : -15.281153,
      "z" : -8.854102
    }, {
      "x" : 0.0,
      "y" : -14.854102,
      "z" : -9.18034
    } ],
    "faces" : [ {
      "vertices" : [ 0, 1, 2, 3 ]
    }, {
      "vertices" : [ 0, 3, 2, 1 ]
    } ]
  }, {
    "id" : "97ab8fd5-c7eb-458b-bcad-bac20abe2e19",
    "vertices" : [ {
      "x" : 0.0,
      "y" : 0.0,
      "z" : 0.0
    }, {
      "x" : 0.0,
      "y" : 20.562305,
      "z" : 12.708204
    }, {
      "x" : 0.0,
      "y" : 0.0,
      "z" : 25.416409
    }, {
      "x" : 0.0,
      "y" : -20.562305,
      "z" : 12.708204
    } ],
    "faces" : [ {
      "vertices" : [ 0, 1, 2, 3 ]
    }, {
      "vertices" : [ 0, 3, 2, 1 ]
    } ]
  }, {
    "id" : "2acef7fc-edc0-4c0c-b341-52ae02b721b4",
    "vertices" : [ {
      "x" : 0.0,
      "y" : 0.0,
      "z" : 0.0
    }, {
      "x" : 0.0,
      "y" : -1.5114096,
      "z" : 0.30196545
    }, {
      "x" : 0.0,
      "y" : -1.5114096,
      "z" : -15.586578
    } ],
    "faces" : [ {
      "vertices" : [ 0, 1, 2 ]
    }, {
      "vertices" : [ 0, 2, 1 ]
    } ]
  }, {
    "id" : "83171c9a-654a-4a79-8cd7-197d2788e5fb",
    "vertices" : [ {
      "x" : 0.0,
      "y" : 0.0,
      "z" : 0.0
    }, {
      "x" : 0.0,
      "y" : -1.7909396,
      "z" : -1.1068615
    }, {
      "x" : 0.0,
      "y" : 13.183477,
      "z" : -10.36156
    }, {
      "x" : 0.0,
      "y" : 20.624891,
      "z" : -12.746884
    } ],
    "faces" : [ {
      "vertices" : [ 0, 1, 2, 3 ]
    }, {
      "vertices" : [ 0, 3, 2, 1 ]
    } ]
  }, {
    "id" : "bf9fa3f3-97b6-414d-9e7c-1de20739c2a0",
    "vertices" : [ {
      "x" : 0.0,
      "y" : 0.0,
      "z" : 0.0
    }, {
      "x" : 0.0,
      "y" : -0.8081572,
      "z" : -0.7365993
    }, {
      "x" : 0.0,
      "y" : 11.466948,
      "z" : 6.8498325
    } ],
    "faces" : [ {
      "vertices" : [ 0, 1, 2 ]
    }, {
      "vertices" : [ 0, 2, 1 ]
    } ]
  }, {
    "id" : "17e4d1f8-6c3d-4393-bd8b-b6a12c3f5890",
    "vertices" : [ {
      "x" : 0.0,
      "y" : 0.0,
      "z" : 0.0
    }, {
      "x" : 0.0,
      "y" : -0.38196602,
      "z" : 1.0
    }, {
      "x" : 0.0,
      "y" : -22.562305,
      "z" : -12.708204
    }, {
      "x" : 0.0,
      "y" : -21.050896,
      "z" : -13.010169
    } ],
    "faces" : [ {
      "vertices" : [ 0, 1, 2, 3 ]
    }, {
      "vertices" : [ 0, 3, 2, 1 ]
    } ]
  }, {
    "id" : "65e422c6-cd3a-4bed-b7df-65c96962882e",
    "vertices" : [ {
      "x" : 0.0,
      "y" : 0.0,
      "z" : 0.0
    }, {
      "x" : 0.0,
      "y" : 0.0,
      "z" : -10.917264
    }, {
      "x" : -1.2886083,
      "y" : 3.3736203,
      "z" : -10.917264
    } ],
    "faces" : [ {
      "vertices" : [ 0, 1, 2 ]
    }, {
      "vertices" : [ 0, 2, 1 ]
    } ]
  }, {
    "id" : "81120e59-0bf8-41a5-91fe-7668ea23d5e1",
    "vertices" : [ {
      "x" : 0.0,
      "y" : 0.0,
      "z" : 0.0
    }, {
      "x" : 0.0,
      "y" : -0.17348237,
      "z" : 0.107218005
    }, {
      "x" : 0.0,
      "y" : -1.927051,
      "z" : -2.045085
    } ],
    "faces" : [ {
      "vertices" : [ 0, 1, 2 ]
    }, {
      "vertices" : [ 0, 2, 1 ]
    } ]
  }, {
    "id" : "3194111f-9b55-4dcc-a8b4-290c0ecb4c91",
    "vertices" : [ {
      "x" : 0.0,
      "y" : 0.0,
      "z" : 0.0
    }, {
      "x" : 0.0,
      "y" : 0.38196602,
      "z" : -1.0
    }, {
      "x" : 0.0,
      "y" : 22.18034,
      "z" : 13.708204
    } ],
    "faces" : [ {
      "vertices" : [ 0, 1, 2 ]
    }, {
      "vertices" : [ 0, 2, 1 ]
    } ]
  }, {
    "id" : "3b2103ad-6137-4991-a30e-ea9b16f81498",
    "vertices" : [ {
      "x" : 0.0,
      "y" : 0.0,
      "z" : 0.0
    }, {
      "x" : 0.0,
      "y" : -1.2886083,
      "z" : -3.3736203
    }, {
      "x" : 0.0,
      "y" : 13.685808,
      "z" : -12.628319
    }, {
      "x" : 0.0,
      "y" : 20.433048,
      "z" : -12.628319
    } ],
    "faces" : [ {
      "vertices" : [ 0, 1, 2, 3 ]
    }, {
      "vertices" : [ 0, 3, 2, 1 ]
    } ]
  }, {
    "id" : "c5c4f80d-70a6-4e6d-89b4-a21d624d50f9",
    "vertices" : [ {
      "x" : 0.0,
      "y" : 0.0,
      "z" : 0.0
    }, {
      "x" : 0.0,
      "y" : 1.0,
      "z" : -2.618034
    }, {
      "x" : 0.0,
      "y" : 23.18034,
      "z" : 11.09017
    }, {
      "x" : 0.0,
      "y" : 20.562305,
      "z" : 12.708204
    } ],
    "faces" : [ {
      "vertices" : [ 0, 1, 2, 3 ]
    }, {
      "vertices" : [ 0, 3, 2, 1 ]
    } ]
  }, {
    "id" : "6b6a37a7-d165-4af3-8835-3a1c9d047b10",
    "vertices" : [ {
      "x" : 0.0,
      "y" : 0.0,
      "z" : 0.0
    }, {
      "x" : 0.0,
      "y" : 10.917264,
      "z" : 0.0
    }, {
      "x" : 0.0,
      "y" : 0.0,
      "z" : 6.7472405
    } ],
    "faces" : [ {
      "vertices" : [ 0, 1, 2 ]
    }, {
      "vertices" : [ 0, 2, 1 ]
    } ]
  }, {
    "id" : "019bd3ac-8ee4-409b-8d3c-3c6c9db766cf",
    "vertices" : [ {
      "x" : 0.0,
      "y" : 0.0,
      "z" : 0.0
    }, {
      "x" : 0.0,
      "y" : 0.8081572,
      "z" : 0.7365993
    }, {
      "x" : 0.0,
      "y" : -11.466948,
      "z" : -6.8498325
    } ],
    "faces" : [ {
      "vertices" : [ 0, 1, 2 ]
    }, {
      "vertices" : [ 0, 2, 1 ]
    } ]
  }, {
    "id" : "b150d4a3-da79-4200-9653-a0d01592b28e",
    "vertices" : [ {
      "x" : 0.0,
      "y" : 0.0,
      "z" : 0.0
    }, {
      "x" : 0.0,
      "y" : -1.4721359,
      "z" : 0.14589803
    }, {
      "x" : 0.0,
      "y" : -7.399187,
      "z" : -3.517221
    } ],
    "faces" : [ {
      "vertices" : [ 0, 1, 2 ]
    }, {
      "vertices" : [ 0, 2, 1 ]
    } ]
  }, {
    "id" : "d8eaa0a9-93d3-4ead-9d37-171bfb10aa69",
    "vertices" : [ {
      "x" : 0.0,
      "y" : 0.0,
      "z" : 0.0
    }, {
      "x" : 0.52786404,
      "y" : -1.309017,
      "z" : 0.809017
    }, {
      "x" : 0.0,
      "y" : -0.690983,
      "z" : -0.42705098
    } ],
    "faces" : [ {
      "vertices" : [ 0, 1, 2 ]
    }, {
      "vertices" : [ 0, 2, 1 ]
    } ]
  }, {
    "id" : "db3456d0-06b9-479f-8347-83edf89774e6",
    "vertices" : [ {
      "x" : 0.0,
      "y" : 0.0,
      "z" : 0.0
    }, {
      "x" : -3.3736203,
      "y" : 5.458632,
      "z" : -8.8322525
    }, {
      "x" : -3.3736203,
      "y" : 20.433048,
      "z" : 0.42244595
    }, {
      "x" : 0.0,
      "y" : 14.974417,
      "z" : 9.254699
    } ],
    "faces" : [ {
      "vertices" : [ 0, 1, 2, 3 ]
    }, {
      "vertices" : [ 0, 3, 2, 1 ]
    } ]
  }, {
    "id" : "f0f25eaf-348a-4268-a57b-bd83dc4e0643",
    "vertices" : [ {
      "x" : 0.0,
      "y" : 0.0,
      "z" : 0.0
    }, {
      "x" : 0.0,
      "y" : 1.7535686,
      "z" : 2.152303
    }, {
      "x" : 0.0,
      "y" : -18.871323,
      "z" : 14.899187
    }, {
      "x" : 0.0,
      "y" : -20.562305,
      "z" : 12.708204
    } ],
    "faces" : [ {
      "vertices" : [ 0, 1, 2, 3 ]
    }, {
      "vertices" : [ 0, 3, 2, 1 ]
    } ]
  }, {
    "id" : "93299ba9-3097-4ff8-8972-57df3844edf1",
    "vertices" : [ {
      "x" : 0.0,
      "y" : 0.0,
      "z" : 0.0
    }, {
      "x" : 0.0,
      "y" : -0.17348237,
      "z" : 0.107218005
    }, {
      "x" : 0.0,
      "y" : -1.9644219,
      "z" : -0.9996435
    }, {
      "x" : 0.0,
      "y" : -1.7909396,
      "z" : -1.1068615
    } ],
    "faces" : [ {
      "vertices" : [ 0, 1, 2, 3 ]
    }, {
      "vertices" : [ 0, 3, 2, 1 ]
    } ]
  }, {
    "id" : "472919a8-e624-4f7a-8f18-5844dc05f2d2",
    "vertices" : [ {
      "x" : 0.0,
      "y" : 0.0,
      "z" : 0.0
    }, {
      "x" : 0.0,
      "y" : -15.123845,
      "z" : -9.347051
    }, {
      "x" : 0.0,
      "y" : -13.724658,
      "z" : -13.010169
    }, {
      "x" : 0.0,
      "y" : 7.326238,
      "z" : 0.0
    } ],
    "faces" : [ {
      "vertices" : [ 0, 1, 2, 3 ]
    }, {
      "vertices" : [ 0, 3, 2, 1 ]
    } ]
  }, {
    "id" : "94eee99b-2570-4c5c-b193-67bddf2acce1",
    "vertices" : [ {
      "x" : 0.0,
      "y" : 0.0,
      "z" : 0.0
    }, {
      "x" : 0.0,
      "y" : -1.4330994,
      "z" : -0.88570416
    }, {
      "x" : 0.0,
      "y" : 6.008315,
      "z" : -3.2710283
    } ],
    "faces" : [ {
      "vertices" : [ 0, 1, 2 ]
    }, {
      "vertices" : [ 0, 2, 1 ]
    } ]
  }, {
    "id" : "7e74f98d-5ebd-456a-9baa-a90540add470",
    "vertices" : [ {
      "x" : 0.0,
      "y" : 0.0,
      "z" : 0.0
    }, {
      "x" : -0.52786404,
      "y" : 0.17957337,
      "z" : -0.11098245
    }, {
      "x" : -0.52786404,
      "y" : -0.51140964,
      "z" : -0.5380334
    } ],
    "faces" : [ {
      "vertices" : [ 0, 1, 2 ]
    }, {
      "vertices" : [ 0, 2, 1 ]
    } ]
  }, {
    "id" : "cd83385d-c45e-41ce-8718-c4c0eff50224",
    "vertices" : [ {
      "x" : 0.0,
      "y" : 0.0,
      "z" : 0.0
    }, {
      "x" : 0.0,
      "y" : 5.458632,
      "z" : 10.120861
    }, {
      "x" : 0.0,
      "y" : -6.008315,
      "z" : 3.2710283
    } ],
    "faces" : [ {
      "vertices" : [ 0, 1, 2 ]
    }, {
      "vertices" : [ 0, 2, 1 ]
    } ]
  }, {
    "id" : "5f394515-41b0-4969-8416-bac3ac9abfda",
    "vertices" : [ {
      "x" : 0.0,
      "y" : 0.0,
      "z" : 0.0
    }, {
      "x" : 0.0,
      "y" : 0.17348237,
      "z" : -0.107218005
    }, {
      "x" : 0.0,
      "y" : 1.9644219,
      "z" : 0.9996435
    }, {
      "x" : 0.0,
      "y" : 1.7909396,
      "z" : 1.1068615
    } ],
    "faces" : [ {
      "vertices" : [ 0, 1, 2, 3 ]
    }, {
      "vertices" : [ 0, 3, 2, 1 ]
    } ]
  }, {
    "id" : "97109381-1a36-4bdd-a106-c01122cceedd",
    "vertices" : [ {
      "x" : 0.0,
      "y" : 0.0,
      "z" : 0.0
    }, {
      "x" : 0.0,
      "y" : -0.690983,
      "z" : 0.42705098
    }, {
      "x" : 0.0,
      "y" : -1.690983,
      "z" : -2.190983
    } ],
    "faces" : [ {
      "vertices" : [ 0, 1, 2 ]
    }, {
      "vertices" : [ 0, 2, 1 ]
    } ]
  }, {
    "id" : "043843ba-f406-4f18-86a9-85690ad50a09",
    "vertices" : [ {
      "x" : 0.0,
      "y" : 0.0,
      "z" : 0.0
    }, {
      "x" : 0.0,
      "y" : 0.17348237,
      "z" : -0.107218005
    }, {
      "x" : 0.0,
      "y" : 12.090747,
      "z" : 7.2580566
    }, {
      "x" : 0.0,
      "y" : 10.917264,
      "z" : 6.7472405
    } ],
    "faces" : [ {
      "vertices" : [ 0, 1, 2, 3 ]
    }, {
      "vertices" : [ 0, 3, 2, 1 ]
    } ]
  }, {
    "id" : "d1e148a0-74fc-41ed-a07e-84a864b2a72f",
    "vertices" : [ {
      "x" : 0.0,
      "y" : 0.0,
      "z" : 0.0
    }, {
      "x" : 0.0,
      "y" : -1.1734824,
      "z" : -0.510816
    }, {
      "x" : 0.0,
      "y" : 19.624891,
      "z" : -13.364918
    }, {
      "x" : 0.0,
      "y" : 20.433048,
      "z" : -12.628319
    } ],
    "faces" : [ {
      "vertices" : [ 0, 1, 2, 3 ]
    }, {
      "vertices" : [ 0, 3, 2, 1 ]
    } ]
  }, {
    "id" : "37022473-9fe8-4a28-b9f6-918b587ce64b",
    "vertices" : [ {
      "x" : 0.0,
      "y" : 0.0,
      "z" : 0.0
    }, {
      "x" : 0.0,
      "y" : -5.458632,
      "z" : -10.120861
    }, {
      "x" : 0.0,
      "y" : 6.008315,
      "z" : -3.2710283
    } ],
    "faces" : [ {
      "vertices" : [ 0, 1, 2 ]
    }, {
      "vertices" : [ 0, 2, 1 ]
    } ]
  }, {
    "id" : "d4926388-440f-4789-bbea-206154fc8988",
    "vertices" : [ {
      "x" : 0.0,
      "y" : 0.0,
      "z" : 0.0
    }, {
      "x" : 0.0,
      "y" : 1.7909396,
      "z" : 1.1068615
    }, {
      "x" : 0.0,
      "y" : -13.183477,
      "z" : 10.36156
    }, {
      "x" : 0.0,
      "y" : -20.624891,
      "z" : 12.746884
    } ],
    "faces" : [ {
      "vertices" : [ 0, 1, 2, 3 ]
    }, {
      "vertices" : [ 0, 3, 2, 1 ]
    } ]
  }, {
    "id" : "49975ee1-0ba2-4fa6-b3be-b35f339e6fa8",
    "vertices" : [ {
      "x" : 0.0,
      "y" : 0.0,
      "z" : 0.0
    }, {
      "x" : 0.0,
      "y" : 1.4330994,
      "z" : 0.88570416
    }, {
      "x" : 0.0,
      "y" : -6.008315,
      "z" : 3.2710283
    } ],
    "faces" : [ {
      "vertices" : [ 0, 1, 2 ]
    }, {
      "vertices" : [ 0, 2, 1 ]
    } ]
  }, {
    "id" : "f3a56920-b27c-4bfe-8576-e45ad7190cb2",
    "vertices" : [ {
      "x" : 0.0,
      "y" : 0.0,
      "z" : 0.0
    }, {
      "x" : 0.0,
      "y" : -0.17348237,
      "z" : 0.107218005
    }, {
      "x" : 0.0,
      "y" : -12.090747,
      "z" : -7.2580566
    }, {
      "x" : 0.0,
      "y" : -10.917264,
      "z" : -6.7472405
    } ],
    "faces" : [ {
      "vertices" : [ 0, 1, 2, 3 ]
    }, {
      "vertices" : [ 0, 3, 2, 1 ]
    } ]
  }, {
    "id" : "98a6547f-7b1a-4ef7-990b-4a3640dc85aa",
    "vertices" : [ {
      "x" : 0.0,
      "y" : 0.0,
      "z" : 0.0
    }, {
      "x" : 0.0,
      "y" : -0.36474508,
      "z" : 0.42705098
    }, {
      "x" : 0.0,
      "y" : -16.253288,
      "z" : 0.42705098
    }, {
      "x" : 0.0,
      "y" : -21.163118,
      "z" : -12.427051
    }, {
      "x" : 0.0,
      "y" : -20.798374,
      "z" : -12.854102
    } ],
    "faces" : [ {
      "vertices" : [ 0, 1, 2, 3, 4 ]
    }, {
      "vertices" : [ 0, 4, 3, 2, 1 ]
    } ]
  }, {
    "id" : "971d20ee-ce1a-484e-8e74-660c9fa14568",
    "name" : "ball",
    "vertices" : [ {
      "x" : 0.309017,
      "y" : -0.309017,
      "z" : -0.309017
    }, {
      "x" : 0.5,
      "y" : 0.0,
      "z" : -0.19098301
    }, {
      "x" : 0.5,
      "y" : 0.0,
      "z" : 0.19098301
    }, {
      "x" : 0.309017,
      "y" : -0.309017,
      "z" : 0.309017
    }, {
      "x" : 0.19098301,
      "y" : -0.5,
      "z" : 0.0
    }, {
      "x" : 0.0,
      "y" : 0.19098301,
      "z" : 0.5
    }, {
      "x" : 0.0,
      "y" : -0.19098301,
      "z" : 0.5
    }, {
      "x" : 0.309017,
      "y" : 0.309017,
      "z" : 0.309017
    }, {
      "x" : -0.309017,
      "y" : -0.309017,
      "z" : 0.309017
    }, {
      "x" : -0.309017,
      "y" : 0.309017,
      "z" : 0.309017
    }, {
      "x" : -0.5,
      "y" : 0.0,
      "z" : 0.19098301
    }, {
      "x" : 0.0,
      "y" : -0.19098301,
      "z" : -0.5
    }, {
      "x" : 0.0,
      "y" : 0.19098301,
      "z" : -0.5
    }, {
      "x" : 0.309017,
      "y" : 0.309017,
      "z" : -0.309017
    }, {
      "x" : -0.309017,
      "y" : -0.309017,
      "z" : -0.309017
    }, {
      "x" : -0.19098301,
      "y" : -0.5,
      "z" : 0.0
    }, {
      "x" : -0.5,
      "y" : 0.0,
      "z" : -0.19098301
    }, {
      "x" : 0.19098301,
      "y" : 0.5,
      "z" : 0.0
    }, {
      "x" : -0.309017,
      "y" : 0.309017,
      "z" : -0.309017
    }, {
      "x" : 0.0,
      "y" : 0.0,
      "z" : 0.0
    }, {
      "x" : -0.19098301,
      "y" : 0.5,
      "z" : 0.0
    } ],
    "faces" : [ {
      "vertices" : [ 12, 18, 20, 17, 13 ]
    }, {
      "vertices" : [ 3, 6, 8, 15, 4 ]
    }, {
      "vertices" : [ 0, 11, 12, 13, 1 ]
    }, {
      "vertices" : [ 5, 9, 10, 8, 6 ]
    }, {
      "vertices" : [ 2, 7, 5, 6, 3 ]
    }, {
      "vertices" : [ 11, 14, 16, 18, 12 ]
    }, {
      "vertices" : [ 1, 13, 17, 7, 2 ]
    }, {
      "vertices" : [ 9, 20, 18, 16, 10 ]
    }, {
      "vertices" : [ 0, 1, 2, 3, 4 ]
    }, {
      "vertices" : [ 5, 7, 17, 20, 9 ]
    }, {
      "vertices" : [ 0, 4, 15, 14, 11 ]
    }, {
      "vertices" : [ 8, 10, 16, 14, 15 ]
    } ]
  }, {
    "id" : "a169b3ba-2ca2-4837-8d65-5999608e15c3",
    "vertices" : [ {
      "x" : 0.0,
      "y" : 0.0,
      "z" : 0.0
    }, {
      "x" : 0.0,
      "y" : 11.854102,
      "z" : 0.0
    }, {
      "x" : 0.0,
      "y" : 11.854102,
      "z" : 7.326238
    } ],
    "faces" : [ {
      "vertices" : [ 0, 1, 2 ]
    }, {
      "vertices" : [ 0, 2, 1 ]
    } ]
  }, {
    "id" : "0107e576-a363-4295-b162-ea831ffa52fd",
    "vertices" : [ {
      "x" : 0.0,
      "y" : 0.0,
      "z" : 0.0
    }, {
      "x" : 0.0,
      "y" : 0.36474508,
      "z" : -0.42705098
    }, {
      "x" : 0.0,
      "y" : 16.253288,
      "z" : -0.42705098
    }, {
      "x" : 0.0,
      "y" : 21.163118,
      "z" : 12.427051
    }, {
      "x" : 0.0,
      "y" : 20.798374,
      "z" : 12.854102
    } ],
    "faces" : [ {
      "vertices" : [ 0, 1, 2, 3, 4 ]
    }, {
      "vertices" : [ 0, 4, 3, 2, 1 ]
    } ]
  }, {
    "id" : "95d3e952-d693-4509-b820-16e1493e6045",
    "vertices" : [ {
      "x" : 0.0,
      "y" : 0.0,
      "z" : 0.0
    }, {
      "x" : 0.0,
      "y" : 7.399187,
      "z" : 3.517221
    }, {
      "x" : 0.0,
      "y" : 22.523033,
      "z" : 12.864271
    }, {
      "x" : 0.0,
      "y" : 22.18034,
      "z" : 13.708204
    } ],
    "faces" : [ {
      "vertices" : [ 0, 1, 2, 3 ]
    }, {
      "vertices" : [ 0, 3, 2, 1 ]
    } ]
  }, {
    "id" : "05eab9cd-c23a-464b-a0fa-6dc704822a7f",
    "vertices" : [ {
      "x" : 0.0,
      "y" : 0.0,
      "z" : 0.0
    }, {
      "x" : 0.0,
      "y" : 9.944272,
      "z" : 22.034441
    }, {
      "x" : 0.0,
      "y" : -4.90983,
      "z" : 12.854102
    } ],
    "faces" : [ {
      "vertices" : [ 0, 1, 2 ]
    }, {
      "vertices" : [ 0, 2, 1 ]
    } ]
  }, {
    "id" : "4706fc45-61cd-4714-be69-13b4c048ed74",
    "vertices" : [ {
      "x" : 0.0,
      "y" : 0.0,
      "z" : 0.0
    }, {
      "x" : 0.0,
      "y" : 0.17348237,
      "z" : -0.107218005
    }, {
      "x" : 0.0,
      "y" : 1.927051,
      "z" : 2.045085
    } ],
    "faces" : [ {
      "vertices" : [ 0, 1, 2 ]
    }, {
      "vertices" : [ 0, 2, 1 ]
    } ]
  }, {
    "id" : "8d81b188-06ce-46d8-92ed-9f31bcbe61c5",
    "vertices" : [ {
      "x" : 0.0,
      "y" : 0.0,
      "z" : 0.0
    }, {
      "x" : 0.0,
      "y" : -1.0,
      "z" : 2.618034
    }, {
      "x" : 0.0,
      "y" : -23.18034,
      "z" : -11.09017
    }, {
      "x" : 0.0,
      "y" : -20.562305,
      "z" : -12.708204
    } ],
    "faces" : [ {
      "vertices" : [ 0, 1, 2, 3 ]
    }, {
      "vertices" : [ 0, 3, 2, 1 ]
    } ]
  }, {
    "id" : "e0f57da6-a524-4597-93a1-3c88e71de027",
    "vertices" : [ {
      "x" : 0.0,
      "y" : 0.0,
      "z" : 0.0
    }, {
      "x" : 0.0,
      "y" : 15.123845,
      "z" : 9.347051
    }, {
      "x" : 0.0,
      "y" : 13.724658,
      "z" : 13.010169
    }, {
      "x" : 0.0,
      "y" : -7.326238,
      "z" : 0.0
    } ],
    "faces" : [ {
      "vertices" : [ 0, 1, 2, 3 ]
    }, {
      "vertices" : [ 0, 3, 2, 1 ]
    } ]
  }, {
    "id" : "5fae8e60-9b74-42f5-8674-f0b871f8a533",
    "vertices" : [ {
      "x" : 0.0,
      "y" : 0.0,
      "z" : 0.0
    }, {
      "x" : 0.0,
      "y" : 1.4721359,
      "z" : -0.14589803
    }, {
      "x" : 0.0,
      "y" : 7.399187,
      "z" : 3.517221
    } ],
    "faces" : [ {
      "vertices" : [ 0, 1, 2 ]
    }, {
      "vertices" : [ 0, 2, 1 ]
    } ]
  }, {
    "id" : "d8ba15e7-e75b-4164-976c-64e189c9b63f",
    "vertices" : [ {
      "x" : 0.0,
      "y" : 0.0,
      "z" : 0.0
    }, {
      "x" : 0.0,
      "y" : -5.927051,
      "z" : -3.663119
    }, {
      "x" : 0.0,
      "y" : 5.927051,
      "z" : -10.989357
    } ],
    "faces" : [ {
      "vertices" : [ 0, 1, 2 ]
    }, {
      "vertices" : [ 0, 2, 1 ]
    } ]
  }, {
    "id" : "6741af49-e028-4864-bfc3-008251375314",
    "vertices" : [ {
      "x" : 0.0,
      "y" : 0.0,
      "z" : 0.0
    }, {
      "x" : 0.0,
      "y" : 0.690983,
      "z" : -0.42705098
    }, {
      "x" : 0.0,
      "y" : 2.618034,
      "z" : 1.618034
    } ],
    "faces" : [ {
      "vertices" : [ 0, 1, 2 ]
    }, {
      "vertices" : [ 0, 2, 1 ]
    } ]
  }, {
    "id" : "b16ac679-ea01-47a9-9d91-2362bec834bd",
    "vertices" : [ {
      "x" : 0.0,
      "y" : 0.0,
      "z" : 0.0
    }, {
      "x" : 0.0,
      "y" : 11.854102,
      "z" : -7.326238
    }, {
      "x" : 0.0,
      "y" : 13.365512,
      "z" : 8.260341
    } ],
    "faces" : [ {
      "vertices" : [ 0, 1, 2 ]
    }, {
      "vertices" : [ 0, 2, 1 ]
    } ]
  }, {
    "id" : "9d30d229-a877-464a-ba8e-aa003d1dee7d",
    "vertices" : [ {
      "x" : 0.0,
      "y" : 0.0,
      "z" : 0.0
    }, {
      "x" : 0.0,
      "y" : 1.5114096,
      "z" : -0.30196545
    }, {
      "x" : 0.0,
      "y" : 1.5114096,
      "z" : 15.586578
    } ],
    "faces" : [ {
      "vertices" : [ 0, 1, 2 ]
    }, {
      "vertices" : [ 0, 2, 1 ]
    } ]
  }, {
    "id" : "1b8184e8-f5da-48b2-8d33-ee68698e65d7",
    "vertices" : [ {
      "x" : 0.0,
      "y" : 0.0,
      "z" : 0.0
    }, {
      "x" : 0.0,
      "y" : 0.690983,
      "z" : -0.42705098
    }, {
      "x" : 0.0,
      "y" : 1.690983,
      "z" : 2.190983
    } ],
    "faces" : [ {
      "vertices" : [ 0, 1, 2 ]
    }, {
      "vertices" : [ 0, 2, 1 ]
    } ]
  }, {
    "id" : "05d490aa-434c-402a-b2fe-d7a646b67529",
    "vertices" : [ {
      "x" : 0.0,
      "y" : 0.0,
      "z" : 0.0
    }, {
      "x" : 0.0,
      "y" : 1.2886083,
      "z" : 3.3736203
    }, {
      "x" : 0.0,
      "y" : -13.685808,
      "z" : 12.628319
    }, {
      "x" : 0.0,
      "y" : -20.433048,
      "z" : 12.628319
    } ],
    "faces" : [ {
      "vertices" : [ 0, 1, 2, 3 ]
    }, {
      "vertices" : [ 0, 3, 2, 1 ]
    } ]
  }, {
    "id" : "2c2e8ae9-92bc-42d2-92c3-7f516b00f868",
    "vertices" : [ {
      "x" : 0.0,
      "y" : 0.0,
      "z" : 0.0
    }, {
      "x" : 0.0,
      "y" : 0.38196602,
      "z" : -1.0
    }, {
      "x" : 0.0,
      "y" : 22.562305,
      "z" : 12.708204
    }, {
      "x" : 0.0,
      "y" : 21.050896,
      "z" : 13.010169
    } ],
    "faces" : [ {
      "vertices" : [ 0, 1, 2, 3 ]
    }, {
      "vertices" : [ 0, 3, 2, 1 ]
    } ]
  }, {
    "id" : "c0d02cc5-e2a8-4b60-a6da-3195dd49f9cb",
    "vertices" : [ {
      "x" : 0.0,
      "y" : 0.0,
      "z" : 0.0
    }, {
      "x" : 0.0,
      "y" : -9.944272,
      "z" : -22.034441
    }, {
      "x" : 0.0,
      "y" : 11.854102,
      "z" : -7.326238
    } ],
    "faces" : [ {
      "vertices" : [ 0, 1, 2 ]
    }, {
      "vertices" : [ 0, 2, 1 ]
    } ]
  }, {
    "id" : "588947db-ad29-4ee7-b2ee-5bcd5937b37a",
    "vertices" : [ {
      "x" : 0.0,
      "y" : 0.0,
      "z" : 0.0
    }, {
      "x" : 0.0,
      "y" : -0.38196602,
      "z" : 1.0
    }, {
      "x" : 0.0,
      "y" : -22.18034,
      "z" : -13.708204
    } ],
    "faces" : [ {
      "vertices" : [ 0, 1, 2 ]
    }, {
      "vertices" : [ 0, 2, 1 ]
    } ]
  }, {
    "id" : "cf8ebece-0a70-40f9-a9d2-6b48b8b1c007",
    "vertices" : [ {
      "x" : 0.0,
      "y" : 0.0,
      "z" : 0.0
    }, {
      "x" : 0.0,
      "y" : -1.7535686,
      "z" : -2.152303
    }, {
      "x" : 0.0,
      "y" : 18.871323,
      "z" : -14.899187
    }, {
      "x" : 0.0,
      "y" : 20.562305,
      "z" : -12.708204
    } ],
    "faces" : [ {
      "vertices" : [ 0, 1, 2, 3 ]
    }, {
      "vertices" : [ 0, 3, 2, 1 ]
    } ]
  }, {
    "id" : "05e00e92-b429-4cf4-a8f5-16f8edc7690b",
    "vertices" : [ {
      "x" : 0.0,
      "y" : 0.0,
      "z" : 0.0
    }, {
      "x" : 0.0,
      "y" : -20.562305,
      "z" : -12.708204
    }, {
      "x" : 0.0,
      "y" : 0.0,
      "z" : -25.416409
    }, {
      "x" : 0.0,
      "y" : 20.562305,
      "z" : -12.708204
    } ],
    "faces" : [ {
      "vertices" : [ 0, 1, 2, 3 ]
    }, {
      "vertices" : [ 0, 3, 2, 1 ]
    } ]
  }, {
    "id" : "93cfb804-1dd7-401f-9bf6-60a8e52e470a",
    "vertices" : [ {
      "x" : 0.0,
      "y" : 0.0,
      "z" : 0.0
    }, {
      "x" : 0.0,
      "y" : -10.917264,
      "z" : 0.0
    }, {
      "x" : 0.0,
      "y" : 0.0,
      "z" : -6.7472405
    } ],
    "faces" : [ {
      "vertices" : [ 0, 1, 2 ]
    }, {
      "vertices" : [ 0, 2, 1 ]
    } ]
  } ],
  "instances" : [ {
    "shape" : "7b137487-74c5-47c4-906d-58aa431af879",
    "color" : "#7FC6E0",
    "position" : {
      "x" : 36.41641,
      "y" : -0.618034,
      "z" : -12.472136
    },
    "orientation" : 26
  }, {
    "shape" : "e891584d-c2ae-4690-a6af-e479284ad72c",
    "color" : "#7FC6E0",
    "position" : {
      "x" : 35.888542,
      "y" : -22.18034,
      "z" : 0.0
    },
    "orientation" : 40
  }, {
    "shape" : "4104283c-23bb-4a82-9ab2-85189e6fd072",
    "color" : "#F5A87F",
    "position" : {
      "x" : 35.888542,
      "y" : 2.1240823,
      "z" : -14.166857
    },
    "orientation" : 22
  }, {
    "shape" : "6c452089-9a6d-4c05-b1a6-1e2ffb1f0592",
    "color" : "#BE9AE9",
    "position" : {
      "x" : 36.41641,
      "y" : 6.545085,
      "z" : 8.809017
    },
    "orientation" : 49
  }, {
    "shape" : "4104283c-23bb-4a82-9ab2-85189e6fd072",
    "color" : "#F5A87F",
    "position" : {
      "x" : 35.888542,
      "y" : -2.1240823,
      "z" : 14.166857
    },
    "orientation" : 7
  }, {
    "shape" : "2f22f0b7-287f-48d0-8a77-0b458cbb8842",
    "color" : "#F5A87F",
    "position" : {
      "x" : 36.41641,
      "y" : 35.034443,
      "z" : -8.798374
    },
    "orientation" : 7
  }, {
    "shape" : "02c76a75-ecb7-4d8f-b1e7-9510a52dd61f",
    "color" : "#F5A87F",
    "position" : {
      "x" : 35.888542,
      "y" : 23.280296,
      "z" : -1.5339125
    },
    "orientation" : 7
  }, {
    "shape" : "e179a5e0-4d0e-4b53-8108-854a36bf1660",
    "color" : "#7FC6E0",
    "position" : {
      "x" : 44.36068,
      "y" : -22.18034,
      "z" : 13.708204
    },
    "orientation" : 11
  }, {
    "shape" : "98654a1e-b51d-480a-8255-43d7dbb62d08",
    "color" : "#F5A87F",
    "position" : {
      "x" : 36.41641,
      "y" : 6.545085,
      "z" : 8.809017
    },
    "orientation" : 12
  }, {
    "shape" : "ba541e62-aec9-4937-a43b-1352c7194d6e",
    "color" : "#7FC6E0",
    "position" : {
      "x" : 36.41641,
      "y" : -6.545085,
      "z" : -8.809017
    },
    "orientation" : 26
  }, {
    "shape" : "7957107d-08dd-43f5-9b86-4a236c877830",
    "color" : "#7FC6E0",
    "position" : {
      "x" : 35.888542,
      "y" : 34.02408,
      "z" : -8.3883705
    },
    "orientation" : 45
  }, {
    "shape" : "4fb61350-287f-452d-a923-ac53d949fe2f",
    "color" : "#7FC6E0",
    "position" : {
      "x" : 35.888542,
      "y" : 0.0,
      "z" : -13.708204
    },
    "orientation" : 26
  }, {
    "shape" : "2694b126-d7de-46f2-ac6f-2dce7d18d2ab",
    "color" : "#7FC6E0",
    "position" : {
      "x" : 36.41641,
      "y" : 21.66893,
      "z" : -0.5380334
    },
    "orientation" : 8
  }, {
    "shape" : "29bf2170-b6c7-4a0a-9123-6be29e1bdb13",
    "color" : "#7FC6E0",
    "position" : {
      "x" : 36.41641,
      "y" : -21.66893,
      "z" : 0.5380334
    },
    "orientation" : 26
  }, {
    "shape" : "395efe7e-a59e-4925-b703-ad1607621905",
    "color" : "#F5A87F",
    "position" : {
      "x" : 36.41641,
      "y" : -0.618034,
      "z" : -12.472136
    },
    "orientation" : 22
  }, {
