{
  "field" : "golden",
  "symmetry" : "icosahedral",
  "orientations" : [ [ 1.0, 0.0, 0.0, 0.0, 0.0, 1.0, 0.0, 0.0, 0.0, 0.0, 1.0, 0.0, 0.0, 0.0, 0.0, 1.0 ], [ 0.0, 0.0, 1.0, 0.0, 1.0, 0.0, 0.0, 0.0, 0.0, 1.0, 0.0, 0.0, 0.0, 0.0, 0.0, 1.0 ], [ 0.0, 1.0, 0.0, 0.0, 0.0, 0.0, 1.0, 0.0, 1.0, 0.0, 0.0, 0.0, 0.0, 0.0, 0.0, 1.0 ], [ 0.809017, 0.309017, 0.5, 0.0, 0.309017, 0.5, -0.809017, 0.0, -0.5, 0.809017, 0.309017, 0.0, 0.0, 0.0, 0.0, 1.0 ], [ -0.5, 0.809017, 0.309017, 0.0, 0.809017, 0.309017, 0.5, 0.0, 0.309017, 0.5, -0.809017, 0.0, 0.0, 0.0, 0.0, 1.0 ], [ 0.309017, 0.5, -0.809017, 0.0, -0.5, 0.809017, 0.309017, 0.0, 0.809017, 0.309017, 0.5, 0.0, 0.0, 0.0, 0.0, 1.0 ], [ 0.5, 0.809017, 0.309017, 0.0, 0.809017, -0.309017, -0.5, 0.0, -0.309017, 0.5, -0.809017, 0.0, 0.0, 0.0, 0.0, 1.0 ], [ -0.309017, 0.5, -0.809017, 0.0, 0.5, 0.809017, 0.309017, 0.0, 0.809017, -0.309017, -0.5, 0.0, 0.0, 0.0, 0.0, 1.0 ], [ 0.809017, -0.309017, -0.5, 0.0, -0.309017, 0.5, -0.809017, 0.0, 0.5, 0.809017, 0.309017, 0.0, 0.0, 0.0, 0.0, 1.0 ], [ 0.5, 0.809017, -0.309017, 0.0, 0.809017, -0.309017, 0.5, 0.0, 0.309017, -0.5, -0.809017, 0.0, 0.0, 0.0, 0.0, 1.0 ], [ 0.309017, -0.5, -0.809017, 0.0, 0.5, 0.809017, -0.309017, 0.0, 0.809017, -0.309017, 0.5, 0.0, 0.0, 0.0, 0.0, 1.0 ], [ 0.809017, -0.309017, 0.5, 0.0, 0.309017, -0.5, -0.809017, 0.0, 0.5, 0.809017, -0.309017, 0.0, 0.0, 0.0, 0.0, 1.0 ], [ 0.809017, 0.309017, -0.5, 0.0, 0.309017, 0.5, 0.809017, 0.0, 0.5, -0.809017, 0.309017, 0.0, 0.0, 0.0, 0.0, 1.0 ], [ 0.5, -0.809017, 0.309017, 0.0, 0.809017, 0.309017, -0.5, 0.0, 0.309017, 0.5, 0.809017, 0.0, 0.0, 0.0, 0.0, 1.0 ], [ 0.309017, 0.5, 0.809017, 0.0, 0.5, -0.809017, 0.309017, 0.0, 0.809017, 0.309017, -0.5, 0.0, 0.0, 0.0, 0.0, 1.0 ], [ 1.0, 0.0, 0.0, 0.0, 0.0, -1.0, 0.0, 0.0, 0.0, 0.0, -1.0, 0.0, 0.0, 0.0, 0.0, 1.0 ], [ 0.0, 0.0, 1.0, 0.0, -1.0, 0.0, 0.0, 0.0, 0.0, -1.0, 0.0, 0.0, 0.0, 0.0, 0.0, 1.0 ], [ 0.0, 1.0, 0.0, 0.0, 0.0, 0.0, -1.0, 0.0, -1.0, 0.0, 0.0, 0.0, 0.0, 0.0, 0.0, 1.0 ], [ 0.809017, 0.309017, 0.5, 0.0, -0.309017, -0.5, 0.809017, 0.0, 0.5, -0.809017, -0.309017, 0.0, 0.0, 0.0, 0.0, 1.0 ], [ -0.5, 0.809017, 0.309017, 0.0, -0.809017, -0.309017, -0.5, 0.0, -0.309017, -0.5, 0.809017, 0.0, 0.0, 0.0, 0.0, 1.0 ], [ 0.309017, 0.5, -0.809017, 0.0, 0.5, -0.809017, -0.309017, 0.0, -0.809017, -0.309017, -0.5, 0.0, 0.0, 0.0, 0.0, 1.0 ], [ 0.5, 0.809017, 0.309017, 0.0, -0.809017, 0.309017, 0.5, 0.0, 0.309017, -0.5, 0.809017, 0.0, 0.0, 0.0, 0.0, 1.0 ], [ -0.309017, 0.5, -0.809017, 0.0, -0.5, -0.809017, -0.309017, 0.0, -0.809017, 0.309017, 0.5, 0.0, 0.0, 0.0, 0.0, 1.0 ], [ 0.809017, -0.309017, -0.5, 0.0, 0.309017, -0.5, 0.809017, 0.0, -0.5, -0.809017, -0.309017, 0.0, 0.0, 0.0, 0.0, 1.0 ], [ 0.5, 0.809017, -0.309017, 0.0, -0.809017, 0.309017, -0.5, 0.0, -0.309017, 0.5, 0.809017, 0.0, 0.0, 0.0, 0.0, 1.0 ], [ 0.309017, -0.5, -0.809017, 0.0, -0.5, -0.809017, 0.309017, 0.0, -0.809017, 0.309017, -0.5, 0.0, 0.0, 0.0, 0.0, 1.0 ], [ 0.809017, -0.309017, 0.5, 0.0, -0.309017, 0.5, 0.809017, 0.0, -0.5, -0.809017, 0.309017, 0.0, 0.0, 0.0, 0.0, 1.0 ], [ 0.809017, 0.309017, -0.5, 0.0, -0.309017, -0.5, -0.809017, 0.0, -0.5, 0.809017, -0.309017, 0.0, 0.0, 0.0, 0.0, 1.0 ], [ 0.5, -0.809017, 0.309017, 0.0, -0.809017, -0.309017, 0.5, 0.0, -0.309017, -0.5, -0.809017, 0.0, 0.0, 0.0, 0.0, 1.0 ], [ 0.309017, 0.5, 0.809017, 0.0, -0.5, 0.809017, -0.309017, 0.0, -0.809017, -0.309017, 0.5, 0.0, 0.0, 0.0, 0.0, 1.0 ], [ -1.0, 0.0, 0.0, 0.0, 0.0, -1.0, 0.0, 0.0, 0.0, 0.0, 1.0, 0.0, 0.0, 0.0, 0.0, 1.0 ], [ 0.0, 0.0, -1.0, 0.0, -1.0, 0.0, 0.0, 0.0, 0.0, 1.0, 0.0, 0.0, 0.0, 0.0, 0.0, 1.0 ], [ 0.0, -1.0, 0.0, 0.0, 0.0, 0.0, -1.0, 0.0, 1.0, 0.0, 0.0, 0.0, 0.0, 0.0, 0.0, 1.0 ], [ -0.809017, -0.309017, -0.5, 0.0, -0.309017, -0.5, 0.809017, 0.0, -0.5, 0.809017, 0.309017, 0.0, 0.0, 0.0, 0.0, 1.0 ], [ 0.5, -0.809017, -0.309017, 0.0, -0.809017, -0.309017, -0.5, 0.0, 0.309017, 0.5, -0.809017, 0.0, 0.0, 0.0, 0.0, 1.0 ], [ -0.309017, -0.5, 0.809017, 0.0, 0.5, -0.809017, -0.309017, 0.0, 0.809017, 0.309017, 0.5, 0.0, 0.0, 0.0, 0.0, 1.0 ], [ -0.5, -0.809017, -0.309017, 0.0, -0.809017, 0.309017, 0.5, 0.0, -0.309017, 0.5, -0.809017, 0.0, 0.0, 0.0, 0.0, 1.0 ], [ 0.309017, -0.5, 0.809017, 0.0, -0.5, -0.809017, -0.309017, 0.0, 0.809017, -0.309017, -0.5, 0.0, 0.0, 0.0, 0.0, 1.0 ], [ -0.809017, 0.309017, 0.5, 0.0, 0.309017, -0.5, 0.809017, 0.0, 0.5, 0.809017, 0.309017, 0.0, 0.0, 0.0, 0.0, 1.0 ], [ -0.5, -0.809017, 0.309017, 0.0, -0.809017, 0.309017, -0.5, 0.0, 0.309017, -0.5, -0.809017, 0.0, 0.0, 0.0, 0.0, 1.0 ], [ -0.309017, 0.5, 0.809017, 0.0, -0.5, -0.809017, 0.309017, 0.0, 0.809017, -0.309017, 0.5, 0.0, 0.0, 0.0, 0.0, 1.0 ], [ -0.809017, 0.309017, -0.5, 0.0, -0.309017, 0.5, 0.809017, 0.0, 0.5, 0.809017, -0.309017, 0.0, 0.0, 0.0, 0.0, 1.0 ], [ -0.809017, -0.309017, 0.5, 0.0, -0.309017, -0.5, -0.809017, 0.0, 0.5, -0.809017, 0.309017, 0.0, 0.0, 0.0, 0.0, 1.0 ], [ -0.5, 0.809017, -0.309017, 0.0, -0.809017, -0.309017, 0.5, 0.0, 0.309017, 0.5, 0.809017, 0.0, 0.0, 0.0, 0.0, 1.0 ], [ -0.309017, -0.5, -0.809017, 0.0, -0.5, 0.809017, -0.309017, 0.0, 0.809017, 0.309017, -0.5, 0.0, 0.0, 0.0, 0.0, 1.0 ], [ -1.0, 0.0, 0.0, 0.0, 0.0, 1.0, 0.0, 0.0, 0.0, 0.0, -1.0, 0.0, 0.0, 0.0, 0.0, 1.0 ], [ 0.0, 0.0, -1.0, 0.0, 1.0, 0.0, 0.0, 0.0, 0.0, -1.0, 0.0, 0.0, 0.0, 0.0, 0.0, 1.0 ], [ 0.0, -1.0, 0.0, 0.0, 0.0, 0.0, 1.0, 0.0, -1.0, 0.0, 0.0, 0.0, 0.0, 0.0, 0.0, 1.0 ], [ -0.809017, -0.309017, -0.5, 0.0, 0.309017, 0.5, -0.809017, 0.0, 0.5, -0.809017, -0.309017, 0.0, 0.0, 0.0, 0.0, 1.0 ], [ 0.5, -0.809017, -0.309017, 0.0, 0.809017, 0.309017, 0.5, 0.0, -0.309017, -0.5, 0.809017, 0.0, 0.0, 0.0, 0.0, 1.0 ], [ -0.309017, -0.5, 0.809017, 0.0, -0.5, 0.809017, 0.309017, 0.0, -0.809017, -0.309017, -0.5, 0.0, 0.0, 0.0, 0.0, 1.0 ], [ -0.5, -0.809017, -0.309017, 0.0, 0.809017, -0.309017, -0.5, 0.0, 0.309017, -0.5, 0.809017, 0.0, 0.0, 0.0, 0.0, 1.0 ], [ 0.309017, -0.5, 0.809017, 0.0, 0.5, 0.809017, 0.309017, 0.0, -0.809017, 0.309017, 0.5, 0.0, 0.0, 0.0, 0.0, 1.0 ], [ -0.809017, 0.309017, 0.5, 0.0, -0.309017, 0.5, -0.809017, 0.0, -0.5, -0.809017, -0.309017, 0.0, 0.0, 0.0, 0.0, 1.0 ], [ -0.5, -0.809017, 0.309017, 0.0, 0.809017, -0.309017, 0.5, 0.0, -0.309017, 0.5, 0.809017, 0.0, 0.0, 0.0, 0.0, 1.0 ], [ -0.309017, 0.5, 0.809017, 0.0, 0.5, 0.809017, -0.309017, 0.0, -0.809017, 0.309017, -0.5, 0.0, 0.0, 0.0, 0.0, 1.0 ], [ -0.809017, 0.309017, -0.5, 0.0, 0.309017, -0.5, -0.809017, 0.0, -0.5, -0.809017, 0.309017, 0.0, 0.0, 0.0, 0.0, 1.0 ], [ -0.809017, -0.309017, 0.5, 0.0, 0.309017, 0.5, 0.809017, 0.0, -0.5, 0.809017, -0.309017, 0.0, 0.0, 0.0, 0.0, 1.0 ], [ -0.5, 0.809017, -0.309017, 0.0, 0.809017, 0.309017, -0.5, 0.0, -0.309017, -0.5, -0.809017, 0.0, 0.0, 0.0, 0.0, 1.0 ], [ -0.309017, -0.5, -0.809017, 0.0, 0.5, -0.809017, 0.309017, 0.0, -0.809017, -0.309017, 0.5, 0.0, 0.0, 0.0, 0.0, 1.0 ] ],
  "lights" : {
    "backgroundColor" : "#AFC8DC",
    "ambientColor" : "#292929",
    "directionalLights" : [ {
      "direction" : {
        "x" : 1.0,
        "y" : -1.0,
        "z" : -1.0
      },
      "color" : "#EBEBE4"
    }, {
      "direction" : {
        "x" : -1.0,
        "y" : 0.0,
        "z" : 0.0
      },
      "color" : "#E4E4EB"
    }, {
      "direction" : {
        "x" : 0.0,
        "y" : 0.0,
        "z" : -1.0
      },
      "color" : "#1E1E1E"
    } ]
  },
  "camera" : {
    "stereo" : false,
    "width" : 104.62414,
    "lookDirection" : {
      "x" : 0.26405346,
      "y" : -0.96031135,
      "z" : 0.08966452
    },
    "upDirection" : {
      "x" : -0.6504239,
      "y" : -0.24594264,
      "z" : -0.71857333
    },
    "lookAtPoint" : {
      "x" : 0.0,
      "y" : 0.0,
      "z" : 0.0
    },
    "perspective" : false,
    "viewDistance" : 232.4975,
    "nearClipDistance" : 0.5812439,
    "fieldOfView" : 0.44262996,
    "farClipDistance" : 464.99396,
    "position" : {
      "x" : -61.39177,
      "y" : 223.26999,
      "z" : -20.846777
    }
  },
  "embedding" : [ 1.0, 0.0, 0.0, 0.0, 0.0, 1.0, 0.0, 0.0, 0.0, 0.0, 1.0, 0.0, 0.0, 0.0, 0.0, 1.0 ],
  "shapes" : [ {
    "id" : "07e056b6-93d5-434c-8293-4ef068a8a7c8",
    "vertices" : [ {
      "x" : 1.0,
      "y" : 0.309017,
      "z" : 0.19098301
    }, {
      "x" : 1.0,
      "y" : -0.309017,
      "z" : 0.19098301
    }, {
      "x" : 7.472136,
      "y" : -0.309017,
      "z" : 0.19098301
    }, {
      "x" : 7.472136,
      "y" : 0.309017,
      "z" : 0.19098301
    }, {
      "x" : 7.472136,
      "y" : -0.309017,
      "z" : -0.19098301
    }, {
      "x" : 7.472136,
      "y" : 0.309017,
      "z" : -0.19098301
    }, {
      "x" : 8.09017,
      "y" : 0.0,
      "z" : 0.0
    }, {
      "x" : 0.38196602,
      "y" : 0.0,
      "z" : 0.0
    }, {
      "x" : 1.0,
      "y" : 0.309017,
      "z" : -0.19098301
    }, {
      "x" : 1.0,
      "y" : -0.309017,
      "z" : -0.19098301
    }, {
      "x" : 8.472136,
      "y" : 0.0,
      "z" : 0.0
    } ],
    "faces" : [ {
      "vertices" : [ 1, 9, 4 ]
    }, {
      "vertices" : [ 1, 4, 2 ]
    }, {
      "vertices" : [ 0, 3, 5 ]
    }, {
      "vertices" : [ 0, 5, 8 ]
    }, {
      "vertices" : [ 1, 7, 9 ]
    }, {
      "vertices" : [ 0, 1, 2 ]
    }, {
      "vertices" : [ 0, 2, 3 ]
    }, {
      "vertices" : [ 7, 8, 9 ]
    }, {
      "vertices" : [ 0, 7, 1 ]
    }, {
      "vertices" : [ 4, 9, 8 ]
    }, {
      "vertices" : [ 4, 8, 5 ]
    }, {
      "vertices" : [ 2, 6, 3 ]
    }, {
      "vertices" : [ 2, 4, 6 ]
    }, {
      "vertices" : [ 3, 6, 5 ]
    }, {
      "vertices" : [ 4, 5, 6 ]
    }, {
      "vertices" : [ 0, 8, 7 ]
    } ]
  }, {
    "id" : "87f7d36a-8ca0-4ce6-9a8f-c04547821946",
    "vertices" : [ {
      "x" : -19.356295,
      "y" : 16.53225,
      "z" : -5.648091
    }, {
      "x" : -16.73826,
      "y" : 12.296182,
      "z" : -12.5021925
    }, {
      "x" : -11.09017,
      "y" : 17.944271,
      "z" : -15.326238
    }, {
      "x" : -13.708204,
      "y" : 22.18034,
      "z" : -8.472136
    } ],
    "faces" : [ {
      "vertices" : [ 0, 1, 2 ]
    }, {
      "vertices" : [ 0, 2, 3 ]
    }, {
      "vertices" : [ 0, 3, 2 ]
    }, {
      "vertices" : [ 0, 2, 1 ]
    } ]
  }, {
    "id" : "68202ff7-ef65-467c-afbc-2ead448f8c80",
    "vertices" : [ {
      "x" : -16.944271,
      "y" : -16.944271,
      "z" : -16.944271
    }, {
      "x" : -18.150284,
      "y" : -8.678147,
      "z" : -15.532249
    }, {
      "x" : -13.914215,
      "y" : -1.8240453,
      "z" : -18.150284
    }, {
      "x" : -12.708204,
      "y" : -10.09017,
      "z" : -19.562305
    } ],
    "faces" : [ {
      "vertices" : [ 0, 1, 2 ]
    }, {
      "vertices" : [ 0, 2, 3 ]
    }, {
      "vertices" : [ 0, 3, 2 ]
    }, {
      "vertices" : [ 0, 2, 1 ]
    } ]
  }, {
    "id" : "1c7193a4-4195-4067-9b9f-110c9e16d7e6",
    "vertices" : [ {
      "x" : -23.592363,
      "y" : 9.678147,
      "z" : -3.0300567
    }, {
      "x" : -20.974329,
      "y" : 5.4420795,
      "z" : -9.884159
    }, {
      "x" : -16.73826,
      "y" : 12.296182,
      "z" : -12.5021925
    }, {
      "x" : -19.356295,
      "y" : 16.53225,
      "z" : -5.648091
    } ],
    "faces" : [ {
      "vertices" : [ 0, 1, 2 ]
    }, {
      "vertices" : [ 0, 2, 3 ]
    }, {
      "vertices" : [ 0, 3, 2 ]
    }, {
      "vertices" : [ 0, 2, 1 ]
    } ]
  }, {
    "id" : "0db8a248-7646-44e4-a4b4-a85ab8dd335c",
    "vertices" : [ {
      "x" : 13.708204,
      "y" : -22.18034,
      "z" : 8.472136
    }, {
      "x" : 19.356295,
      "y" : -16.53225,
      "z" : 5.648091
    }, {
      "x" : 16.73826,
      "y" : -12.296182,
      "z" : 12.5021925
    }, {
      "x" : 11.09017,
      "y" : -17.944271,
      "z" : 15.326238
    } ],
    "faces" : [ {
      "vertices" : [ 0, 1, 2 ]
    }, {
      "vertices" : [ 0, 2, 3 ]
    }, {
      "vertices" : [ 0, 3, 2 ]
    }, {
      "vertices" : [ 0, 2, 1 ]
    } ]
  }, {
    "id" : "65e6eac2-ec79-451f-be99-c458043df5e6",
    "vertices" : [ {
      "x" : 0.309017,
      "y" : -0.309017,
      "z" : -0.309017
    }, {
      "x" : 0.5,
      "y" : 0.0,
      "z" : -0.19098301
    }, {
      "x" : 0.5,
      "y" : 0.0,
      "z" : 0.19098301
    }, {
      "x" : 0.309017,
      "y" : -0.309017,
      "z" : 0.309017
    }, {
      "x" : 0.19098301,
      "y" : -0.5,
      "z" : 0.0
    }, {
      "x" : 0.0,
      "y" : 0.19098301,
      "z" : 0.5
    }, {
      "x" : 0.0,
      "y" : -0.19098301,
      "z" : 0.5
    }, {
      "x" : 0.309017,
      "y" : 0.309017,
      "z" : 0.309017
    }, {
      "x" : -0.309017,
      "y" : -0.309017,
      "z" : 0.309017
    }, {
      "x" : -0.309017,
      "y" : 0.309017,
      "z" : 0.309017
    }, {
      "x" : -0.5,
      "y" : 0.0,
      "z" : 0.19098301
    }, {
      "x" : 0.0,
      "y" : -0.19098301,
      "z" : -0.5
    }, {
      "x" : 0.0,
      "y" : 0.19098301,
      "z" : -0.5
    }, {
      "x" : 0.309017,
      "y" : 0.309017,
      "z" : -0.309017
    }, {
      "x" : -0.309017,
      "y" : -0.309017,
      "z" : -0.309017
    }, {
      "x" : -0.19098301,
      "y" : -0.5,
      "z" : 0.0
    }, {
      "x" : -0.5,
      "y" : 0.0,
      "z" : -0.19098301
    }, {
      "x" : 0.19098301,
      "y" : 0.5,
      "z" : 0.0
    }, {
      "x" : -0.309017,
      "y" : 0.309017,
      "z" : -0.309017
    }, {
      "x" : 0.0,
      "y" : 0.0,
      "z" : 0.0
    }, {
      "x" : -0.19098301,
      "y" : 0.5,
      "z" : 0.0
    } ],
    "faces" : [ {
      "vertices" : [ 12, 18, 20 ]
    }, {
      "vertices" : [ 12, 20, 17 ]
    }, {
      "vertices" : [ 12, 17, 13 ]
    }, {
      "vertices" : [ 3, 6, 8 ]
    }, {
      "vertices" : [ 3, 8, 15 ]
    }, {
      "vertices" : [ 3, 15, 4 ]
    }, {
      "vertices" : [ 0, 11, 12 ]
    }, {
      "vertices" : [ 0, 12, 13 ]
    }, {
      "vertices" : [ 0, 13, 1 ]
    }, {
      "vertices" : [ 5, 9, 10 ]
    }, {
      "vertices" : [ 5, 10, 8 ]
    }, {
      "vertices" : [ 5, 8, 6 ]
    }, {
      "vertices" : [ 2, 7, 5 ]
    }, {
      "vertices" : [ 2, 5, 6 ]
    }, {
      "vertices" : [ 2, 6, 3 ]
    }, {
      "vertices" : [ 11, 14, 16 ]
    }, {
      "vertices" : [ 11, 16, 18 ]
    }, {
      "vertices" : [ 11, 18, 12 ]
    }, {
      "vertices" : [ 1, 13, 17 ]
    }, {
      "vertices" : [ 1, 17, 7 ]
    }, {
      "vertices" : [ 1, 7, 2 ]
    }, {
      "vertices" : [ 9, 20, 18 ]
    }, {
      "vertices" : [ 9, 18, 16 ]
    }, {
      "vertices" : [ 9, 16, 10 ]
    }, {
      "vertices" : [ 0, 1, 2 ]
    }, {
      "vertices" : [ 0, 2, 3 ]
    }, {
      "vertices" : [ 0, 3, 4 ]
    }, {
      "vertices" : [ 5, 7, 17 ]
    }, {
      "vertices" : [ 5, 17, 20 ]
    }, {
      "vertices" : [ 5, 20, 9 ]
    }, {
      "vertices" : [ 0, 4, 15 ]
    }, {
      "vertices" : [ 0, 15, 14 ]
    }, {
      "vertices" : [ 0, 14, 11 ]
    }, {
      "vertices" : [ 8, 10, 16 ]
    }, {
      "vertices" : [ 8, 16, 14 ]
    }, {
      "vertices" : [ 8, 14, 15 ]
    } ]
  }, {
    "id" : "1ae7cc5d-db06-4ba3-8a69-aa92da273bd7",
    "vertices" : [ {
      "x" : 5.236068,
      "y" : -22.18034,
      "z" : 8.472136
    }, {
      "x" : 13.708204,
      "y" : -22.18034,
      "z" : 8.472136
    }, {
      "x" : 13.708204,
      "y" : -22.18034,
      "z" : 0.0
    }, {
      "x" : 5.236068,
      "y" : -22.18034,
      "z" : 0.0
    } ],
    "faces" : [ {
      "vertices" : [ 0, 1, 2 ]
    }, {
      "vertices" : [ 0, 2, 3 ]
    }, {
      "vertices" : [ 0, 3, 2 ]
    }, {
      "vertices" : [ 0, 2, 1 ]
    } ]
  }, {
    "id" : "b1d54f4e-d209-4f5e-abe4-2e14899d236f",
    "vertices" : [ {
      "x" : 2.3351564,
      "y" : -5.3703127,
      "z" : -5.1036463
    }, {
      "x" : 2.7351565,
      "y" : -5.270313,
      "z" : -5.0036464
    }, {
      "x" : 0.4888889,
      "y" : -0.2777778,
      "z" : -0.54444444
    }, {
      "x" : 0.08888889,
      "y" : -0.37777779,
      "z" : -0.64444447
    }, {
      "x" : 2.8684897,
      "y" : -5.0369797,
      "z" : -5.303646
    }, {
      "x" : 2.4684896,
      "y" : -5.1369796,
      "z" : -5.403646
    }, {
      "x" : -0.044444446,
      "y" : -0.6111111,
      "z" : -0.34444445
    }, {
      "x" : 0.35555556,
      "y" : -0.51111114,
      "z" : -0.24444444
    } ],
    "faces" : [ {
      "vertices" : [ 2, 3, 6 ]
    }, {
      "vertices" : [ 2, 6, 7 ]
    }, {
      "vertices" : [ 0, 5, 4 ]
    }, {
      "vertices" : [ 0, 4, 1 ]
    }, {
      "vertices" : [ 2, 4, 5 ]
    }, {
      "vertices" : [ 2, 5, 3 ]
    }, {
      "vertices" : [ 0, 6, 3 ]
    }, {
      "vertices" : [ 0, 3, 5 ]
    }, {
      "vertices" : [ 0, 1, 7 ]
    }, {
      "vertices" : [ 0, 7, 6 ]
    }, {
      "vertices" : [ 1, 4, 2 ]
    }, {
      "vertices" : [ 1, 2, 7 ]
    } ]
  }, {
    "id" : "080ac487-79d4-4e5d-b43c-b2c4ab5fa704",
    "vertices" : [ {
      "x" : 1.4120227,
      "y" : -4.4420795,
      "z" : -13.914215
    }, {
      "x" : 9.884159,
      "y" : -4.4420795,
      "z" : -13.914215
    }, {
      "x" : 11.296182,
      "y" : -5.648091,
      "z" : -5.648091
    }, {
      "x" : 2.8240454,
      "y" : -5.648091,
      "z" : -5.648091
    } ],
    "faces" : [ {
      "vertices" : [ 0, 1, 2 ]
    }, {
      "vertices" : [ 0, 2, 3 ]
    }, {
      "vertices" : [ 0, 3, 2 ]
    }, {
      "vertices" : [ 0, 2, 1 ]
    } ]
  }, {
    "id" : "4133ddcb-df58-46a3-8ce5-2a0c530736cc",
    "vertices" : [ {
      "x" : -16.53225,
      "y" : 14.120227,
      "z" : 10.884159
    }, {
      "x" : -12.296182,
      "y" : 20.974329,
      "z" : 8.266125
    }, {
      "x" : -6.648091,
      "y" : 18.150284,
      "z" : 13.914215
    }, {
      "x" : -10.884159,
      "y" : 11.296182,
      "z" : 16.53225
    } ],
    "faces" : [ {
      "vertices" : [ 0, 1, 2 ]
    }, {
      "vertices" : [ 0, 2, 3 ]
    }, {
      "vertices" : [ 0, 3, 2 ]
    }, {
      "vertices" : [ 0, 2, 1 ]
    } ]
  }, {
    "id" : "03d39aee-830b-40fc-9dcf-c37dcdc1c5ea",
    "vertices" : [ {
      "x" : 4.0300565,
      "y" : -13.914215,
      "z" : -7.0601134
    }, {
      "x" : 10.884159,
      "y" : -16.53225,
      "z" : -2.8240454
    }, {
      "x" : 19.356295,
      "y" : -16.53225,
      "z" : -2.8240454
    }, {
      "x" : 12.5021925,
      "y" : -13.914215,
      "z" : -7.0601134
    } ],
    "faces" : [ {
      "vertices" : [ 0, 1, 2 ]
    }, {
      "vertices" : [ 0, 2, 3 ]
    }, {
      "vertices" : [ 0, 3, 2 ]
    }, {
      "vertices" : [ 0, 2, 1 ]
    } ]
  }, {
    "id" : "62b3c154-2087-4f6c-a291-52f147b8038f",
    "vertices" : [ {
      "x" : -12.708204,
      "y" : -15.326238,
      "z" : 2.618034
    }, {
      "x" : -18.356295,
      "y" : -12.5021925,
      "z" : -3.0300567
    }, {
      "x" : -18.356295,
      "y" : -12.5021925,
      "z" : 5.4420795
    }, {
      "x" : -12.708204,
      "y" : -15.326238,
      "z" : 11.09017
    } ],
    "faces" : [ {
      "vertices" : [ 0, 1, 2 ]
    }, {
      "vertices" : [ 0, 2, 3 ]
    }, {
      "vertices" : [ 0, 3, 2 ]
    }, {
      "vertices" : [ 0, 2, 1 ]
    } ]
  }, {
    "id" : "2a7d7c7d-b21c-46a6-a990-b4147facaef6",
    "vertices" : [ {
      "x" : 1.4120227,
      "y" : -4.4420795,
      "z" : -13.914215
    }, {
      "x" : 9.884159,
      "y" : -4.4420795,
      "z" : -13.914215
    }, {
      "x" : 14.120227,
      "y" : 2.4120226,
      "z" : -16.53225
    }, {
      "x" : 5.648091,
      "y" : 2.4120226,
      "z" : -16.53225
    } ],
    "faces" : [ {
      "vertices" : [ 0, 1, 2 ]
    }, {
      "vertices" : [ 0, 2, 3 ]
    }, {
      "vertices" : [ 0, 3, 2 ]
    }, {
      "vertices" : [ 0, 2, 1 ]
    } ]
  }, {
    "id" : "49217ea7-242c-4e05-a3f8-1231eb2260ee",
    "vertices" : [ {
      "x" : -15.532249,
      "y" : -18.150284,
      "z" : -8.678147
    }, {
      "x" : -9.884159,
      "y" : -20.974329,
      "z" : -3.0300567
    }, {
      "x" : -12.708204,
      "y" : -15.326238,
      "z" : 2.618034
    }, {
      "x" : -18.356295,
      "y" : -12.5021925,
      "z" : -3.0300567
    } ],
    "faces" : [ {
      "vertices" : [ 0, 1, 2 ]
    }, {
      "vertices" : [ 0, 2, 3 ]
    }, {
      "vertices" : [ 0, 3, 2 ]
    }, {
      "vertices" : [ 0, 2, 1 ]
    } ]
  }, {
    "id" : "f9cc71a1-2e98-4cd3-8ff5-e5d70e1bd121",
    "vertices" : [ {
      "x" : -8.472136,
      "y" : -13.708204,
      "z" : 22.18034
    }, {
      "x" : 0.0,
      "y" : -13.708204,
      "z" : 22.18034
    }, {
      "x" : 8.266125,
      "y" : -12.296182,
      "z" : 20.974329
    }, {
      "x" : -0.20601133,
      "y" : -12.296182,
      "z" : 20.974329
    } ],
    "faces" : [ {
      "vertices" : [ 0, 1, 2 ]
    }, {
      "vertices" : [ 0, 2, 3 ]
    }, {
      "vertices" : [ 0, 3, 2 ]
    }, {
      "vertices" : [ 0, 2, 1 ]
    } ]
  }, {
    "id" : "e57365c3-67cc-48e4-ba2d-fa3cb04bb94b",
    "vertices" : [ {
      "x" : -1.618034,
      "y" : -19.562305,
      "z" : -4.236068
    }, {
      "x" : 5.236068,
      "y" : -22.18034,
      "z" : 0.0
    }, {
      "x" : 10.884159,
      "y" : -16.53225,
      "z" : -2.8240454
    }, {
      "x" : 4.0300565,
      "y" : -13.914215,
      "z" : -7.0601134
    } ],
    "faces" : [ {
      "vertices" : [ 0, 1, 2 ]
    }, {
      "vertices" : [ 0, 2, 3 ]
    }, {
      "vertices" : [ 0, 3, 2 ]
    }, {
      "vertices" : [ 0, 2, 1 ]
    } ]
  }, {
    "id" : "b2f37408-56c0-4500-81e0-d5855d3dcd0f",
    "vertices" : [ {
      "x" : -17.944271,
      "y" : 15.326238,
      "z" : -5.854102
    }, {
      "x" : -13.708204,
      "y" : 22.18034,
      "z" : -8.472136
    }, {
      "x" : -12.296182,
      "y" : 20.974329,
      "z" : -0.20601133
    }, {
      "x" : -16.53225,
      "y" : 14.120227,
      "z" : 2.4120226
    } ],
    "faces" : [ {
      "vertices" : [ 0, 1, 2 ]
    }, {
      "vertices" : [ 0, 2, 3 ]
    }, {
      "vertices" : [ 0, 3, 2 ]
    }, {
      "vertices" : [ 0, 2, 1 ]
    } ]
  }, {
    "id" : "c817eadd-df5f-4140-b7bb-b8bef94f3174",
    "vertices" : [ {
      "x" : -3.0300567,
      "y" : -18.356295,
      "z" : -12.5021925
    }, {
      "x" : -8.678147,
      "y" : -15.532249,
      "z" : -18.150284
    }, {
      "x" : -1.8240453,
      "y" : -18.150284,
      "z" : -13.914215
    }, {
      "x" : 3.8240454,
      "y" : -20.974329,
      "z" : -8.266125
    } ],
    "faces" : [ {
      "vertices" : [ 0, 1, 2 ]
    }, {
      "vertices" : [ 0, 2, 3 ]
    }, {
      "vertices" : [ 0, 3, 2 ]
    }, {
      "vertices" : [ 0, 2, 1 ]
    } ]
  }, {
    "id" : "74407620-15c0-4a4e-a538-546885bc8f92",
    "vertices" : [ {
      "x" : 15.326238,
      "y" : -2.618034,
      "z" : 4.236068
    }, {
      "x" : 8.472136,
      "y" : 0.0,
      "z" : 0.0
    }, {
      "x" : 0.0,
      "y" : 0.0,
      "z" : 0.0
    }, {
      "x" : 6.854102,
      "y" : -2.618034,
      "z" : 4.236068
    } ],
    "faces" : [ {
      "vertices" : [ 0, 1, 2 ]
    }, {
      "vertices" : [ 0, 2, 3 ]
    }, {
      "vertices" : [ 0, 3, 2 ]
    }, {
      "vertices" : [ 0, 2, 1 ]
    } ]
  }, {
    "id" : "8709114f-1cf2-4020-851f-77eb8ad8acc4",
    "vertices" : [ {
      "x" : -3.0300567,
      "y" : -9.884159,
      "z" : -20.974329
    }, {
      "x" : 1.2060113,
      "y" : -3.0300567,
      "z" : -23.592363
    }, {
      "x" : 9.678147,
      "y" : -3.0300567,
      "z" : -23.592363
    }, {
      "x" : 5.4420795,
      "y" : -9.884159,
      "z" : -20.974329
    } ],
    "faces" : [ {
      "vertices" : [ 0, 1, 2 ]
    }, {
      "vertices" : [ 0, 2, 3 ]
    }, {
      "vertices" : [ 0, 3, 2 ]
    }, {
      "vertices" : [ 0, 2, 1 ]
    } ]
  }, {
    "id" : "d03346a3-dc26-43e2-8a5c-f1866b3749ec",
    "vertices" : [ {
      "x" : 5.4420795,
      "y" : -23.592363,
      "z" : 9.678147
    }, {
      "x" : 5.4420795,
      "y" : -23.592363,
      "z" : 1.2060113
    }, {
      "x" : 13.708204,
      "y" : -22.18034,
      "z" : 0.0
    }, {
      "x" : 13.708204,
      "y" : -22.18034,
      "z" : 8.472136
    } ],
    "faces" : [ {
      "vertices" : [ 0, 1, 2 ]
    }, {
      "vertices" : [ 0, 2, 3 ]
    }, {
      "vertices" : [ 0, 3, 2 ]
    }, {
      "vertices" : [ 0, 2, 1 ]
    } ]
  }, {
    "id" : "eb19eb51-4448-4e10-8996-0bd40f70cb2b",
    "vertices" : [ {
      "x" : -13.914215,
      "y" : 1.4120227,
      "z" : -4.4420795
    }, {
      "x" : -8.266125,
      "y" : -1.4120227,
      "z" : 1.2060113
    }, {
      "x" : 0.0,
      "y" : 0.0,
      "z" : 0.0
    }, {
      "x" : -5.648091,
      "y" : 2.8240454,
      "z" : -5.648091
    } ],
    "faces" : [ {
      "vertices" : [ 0, 1, 2 ]
    }, {
      "vertices" : [ 0, 2, 3 ]
    }, {
      "vertices" : [ 0, 3, 2 ]
    }, {
      "vertices" : [ 0, 2, 1 ]
    } ]
  }, {
    "id" : "87abc1f5-ce30-4cdb-89f9-cdabb276e037",
    "vertices" : [ {
      "x" : 0.0,
      "y" : 0.0,
      "z" : 0.0
    }, {
      "x" : -8.266125,
      "y" : -1.4120227,
      "z" : 1.2060113
    }, {
      "x" : -9.678147,
      "y" : -0.20601133,
      "z" : -7.0601134
    }, {
      "x" : -1.4120227,
      "y" : 1.2060113,
      "z" : -8.266125
    } ],
    "faces" : [ {
      "vertices" : [ 0, 1, 2 ]
    }, {
      "vertices" : [ 0, 2, 3 ]
    }, {
      "vertices" : [ 0, 3, 2 ]
    }, {
      "vertices" : [ 0, 2, 1 ]
    } ]
  }, {
    "id" : "e1783288-f160-47ca-87e9-ba83667af3a5",
    "vertices" : [ {
      "x" : -22.18034,
      "y" : 0.0,
      "z" : 5.236068
    }, {
      "x" : -16.53225,
      "y" : 5.648091,
      "z" : 2.4120226
    }, {
      "x" : -10.884159,
      "y" : 2.8240454,
      "z" : 8.060113
    }, {
      "x" : -16.53225,
      "y" : -2.8240454,
      "z" : 10.884159
    } ],
    "faces" : [ {
      "vertices" : [ 0, 1, 2 ]
    }, {
      "vertices" : [ 0, 2, 3 ]
    }, {
      "vertices" : [ 0, 3, 2 ]
    }, {
      "vertices" : [ 0, 2, 1 ]
    } ]
  }, {
    "id" : "6cecb433-3e83-430f-8116-2ab0515ba095",
    "vertices" : [ {
      "x" : -23.592363,
      "y" : 1.2060113,
      "z" : -3.0300567
    }, {
      "x" : -22.18034,
      "y" : 0.0,
      "z" : 5.236068
    }, {
      "x" : -22.18034,
      "y" : 8.472136,
      "z" : 5.236068
    }, {
      "x" : -23.592363,
      "y" : 9.678147,
      "z" : -3.0300567
    } ],
    "faces" : [ {
      "vertices" : [ 0, 1, 2 ]
    }, {
      "vertices" : [ 0, 2, 3 ]
    }, {
      "vertices" : [ 0, 3, 2 ]
    }, {
      "vertices" : [ 0, 2, 1 ]
    } ]
  }, {
    "id" : "9677cd3a-e60c-4754-aa52-c6b4f4347f76",
    "vertices" : [ {
      "x" : -12.708204,
      "y" : -15.326238,
      "z" : 2.618034
    }, {
      "x" : -13.914215,
      "y" : -7.0601134,
      "z" : 4.0300565
    }, {
      "x" : -13.914215,
      "y" : -7.0601134,
      "z" : 12.5021925
    }, {
      "x" : -12.708204,
      "y" : -15.326238,
      "z" : 11.09017
    } ],
    "faces" : [ {
      "vertices" : [ 0, 1, 2 ]
    }, {
      "vertices" : [ 0, 2, 3 ]
    }, {
      "vertices" : [ 0, 3, 2 ]
    }, {
      "vertices" : [ 0, 2, 1 ]
    } ]
  }, {
    "id" : "6a901f57-2173-4878-a972-31e425d59fcf",
    "vertices" : [ {
      "x" : -2.8240454,
      "y" : 10.884159,
      "z" : -16.53225
    }, {
      "x" : 2.8240454,
      "y" : 8.060113,
      "z" : -10.884159
    }, {
      "x" : 2.8240454,
      "y" : 16.53225,
      "z" : -10.884159
    }, {
      "x" : -2.8240454,
      "y" : 19.356295,
      "z" : -16.53225
    } ],
    "faces" : [ {
      "vertices" : [ 0, 1, 2 ]
    }, {
      "vertices" : [ 0, 2, 3 ]
    }, {
      "vertices" : [ 0, 3, 2 ]
    }, {
      "vertices" : [ 0, 2, 1 ]
    } ]
  }, {
    "id" : "b0a87287-9a9d-4696-9936-a95c247295cd",
    "vertices" : [ {
      "x" : 0.0,
      "y" : 0.0,
      "z" : 0.0
    }, {
      "x" : -2.618034,
      "y" : 4.236068,
      "z" : 6.854102
    }, {
      "x" : 1.618034,
      "y" : 11.09017,
      "z" : 4.236068
    }, {
      "x" : 4.236068,
      "y" : 6.854102,
      "z" : -2.618034
    } ],
    "faces" : [ {
      "vertices" : [ 0, 1, 2 ]
    }, {
      "vertices" : [ 0, 2, 3 ]
    }, {
      "vertices" : [ 0, 3, 2 ]
    }, {
      "vertices" : [ 0, 2, 1 ]
    } ]
  }, {
    "id" : "7fc94c1e-4b8f-4d90-aa38-323aef662373",
    "vertices" : [ {
      "x" : 1.4120227,
      "y" : -4.4420795,
      "z" : -13.914215
    }, {
      "x" : -1.4120227,
      "y" : 1.2060113,
      "z" : -8.266125
    }, {
      "x" : 0.0,
      "y" : 0.0,
      "z" : 0.0
    }, {
      "x" : 2.8240454,
      "y" : -5.648091,
      "z" : -5.648091
    } ],
    "faces" : [ {
      "vertices" : [ 0, 1, 2 ]
    }, {
      "vertices" : [ 0, 2, 3 ]
    }, {
      "vertices" : [ 0, 3, 2 ]
    }, {
      "vertices" : [ 0, 2, 1 ]
    } ]
  }, {
    "id" : "79855edc-756e-42c9-90d8-6d7d411c431b",
    "vertices" : [ {
      "x" : 2.4120226,
      "y" : -16.53225,
      "z" : 5.648091
    }, {
      "x" : 2.4120226,
      "y" : -16.53225,
      "z" : 14.120227
    }, {
      "x" : 8.060113,
      "y" : -10.884159,
      "z" : 11.296182
    }, {
      "x" : 8.060113,
      "y" : -10.884159,
      "z" : 2.8240454
    } ],
    "faces" : [ {
      "vertices" : [ 0, 1, 2 ]
    }, {
      "vertices" : [ 0, 2, 3 ]
    }, {
      "vertices" : [ 0, 3, 2 ]
    }, {
      "vertices" : [ 0, 2, 1 ]
    } ]
  }, {
    "id" : "2c9e6cfc-979f-43b7-a5ea-3b03506d8049",
    "vertices" : [ {
      "x" : -22.18034,
      "y" : 0.0,
      "z" : 13.708204
    }, {
      "x" : -16.53225,
      "y" : -2.8240454,
      "z" : 19.356295
    }, {
      "x" : -16.53225,
      "y" : 5.648091,
      "z" : 19.356295
    }, {
      "x" : -22.18034,
      "y" : 8.472136,
      "z" : 13.708204
    } ],
    "faces" : [ {
      "vertices" : [ 0, 1, 2 ]
    }, {
      "vertices" : [ 0, 2, 3 ]
    }, {
      "vertices" : [ 0, 3, 2 ]
    }, {
      "vertices" : [ 0, 2, 1 ]
    } ]
  }, {
    "id" : "c2181be1-5405-4546-a599-66f96e4814e5",
    "vertices" : [ {
      "x" : 16.944271,
      "y" : 16.944271,
      "z" : 16.944271
    }, {
      "x" : 16.944271,
      "y" : 8.472136,
      "z" : 16.944271
    }, {
      "x" : 12.708204,
      "y" : 1.618034,
      "z" : 19.562305
    }, {
      "x" : 12.708204,
      "y" : 10.09017,
      "z" : 19.562305
    } ],
    "faces" : [ {
      "vertices" : [ 0, 1, 2 ]
    }, {
      "vertices" : [ 0, 2, 3 ]
    }, {
      "vertices" : [ 0, 3, 2 ]
    }, {
      "vertices" : [ 0, 2, 1 ]
    } ]
  }, {
    "id" : "139f27ee-b09b-4c8f-b8c4-7188c89c2cb2",
    "vertices" : [ {
      "x" : -19.768318,
      "y" : -11.296182,
      "z" : -11.296182
    }, {
      "x" : -18.356295,
      "y" : -12.5021925,
      "z" : -3.0300567
    }, {
      "x" : -19.562305,
      "y" : -4.236068,
      "z" : -1.618034
    }, {
      "x" : -20.974329,
      "y" : -3.0300567,
      "z" : -9.884159
    } ],
    "faces" : [ {
      "vertices" : [ 0, 1, 2 ]
    }, {
      "vertices" : [ 0, 2, 3 ]
    }, {
      "vertices" : [ 0, 3, 2 ]
    }, {
      "vertices" : [ 0, 2, 1 ]
    } ]
  }, {
    "id" : "14ebded0-1dc6-4c90-8050-d2a65ccf9451",
    "vertices" : [ {
      "x" : -22.18034,
      "y" : 0.0,
      "z" : 5.236068
    }, {
      "x" : -22.18034,
      "y" : 0.0,
      "z" : 13.708204
    }, {
      "x" : -16.53225,
      "y" : -2.8240454,
      "z" : 19.356295
    }, {
      "x" : -16.53225,
      "y" : -2.8240454,
      "z" : 10.884159
    } ],
    "faces" : [ {
      "vertices" : [ 0, 1, 2 ]
    }, {
      "vertices" : [ 0, 2, 3 ]
    }, {
      "vertices" : [ 0, 3, 2 ]
    }, {
      "vertices" : [ 0, 2, 1 ]
    } ]
  }, {
    "id" : "ee2a951d-3a38-466a-8e11-1bd465c23e47",
    "vertices" : [ {
      "x" : 2.618034,
      "y" : -12.708204,
      "z" : -15.326238
    }, {
      "x" : -3.0300567,
      "y" : -18.356295,
      "z" : -12.5021925
    }, {
      "x" : 5.4420795,
      "y" : -18.356295,
      "z" : -12.5021925
    }, {
      "x" : 11.09017,
      "y" : -12.708204,
      "z" : -15.326238
    } ],
    "faces" : [ {
      "vertices" : [ 0, 1, 2 ]
    }, {
      "vertices" : [ 0, 2, 3 ]
    }, {
      "vertices" : [ 0, 3, 2 ]
    }, {
      "vertices" : [ 0, 2, 1 ]
    } ]
  }, {
    "id" : "44021525-5306-4e1e-a16d-18ec54425627",
    "vertices" : [ {
      "x" : -2.618034,
      "y" : 4.236068,
      "z" : 6.854102
    }, {
      "x" : 4.236068,
      "y" : 1.618034,
      "z" : 11.09017
    }, {
      "x" : 8.472136,
      "y" : 8.472136,
      "z" : 8.472136
    }, {
      "x" : 1.618034,
      "y" : 11.09017,
      "z" : 4.236068
    } ],
    "faces" : [ {
      "vertices" : [ 0, 1, 2 ]
    }, {
      "vertices" : [ 0, 2, 3 ]
    }, {
      "vertices" : [ 0, 3, 2 ]
    }, {
      "vertices" : [ 0, 2, 1 ]
    } ]
  }, {
    "id" : "74c9ec2e-38c4-42b9-8d93-2ad63cce4f44",
    "vertices" : [ {
      "x" : 5.236068,
      "y" : -22.18034,
      "z" : 0.0
    }, {
      "x" : 2.4120226,
      "y" : -16.53225,
      "z" : 5.648091
    }, {
      "x" : 2.4120226,
      "y" : -16.53225,
      "z" : 14.120227
    }, {
      "x" : 5.236068,
      "y" : -22.18034,
      "z" : 8.472136
    } ],
    "faces" : [ {
      "vertices" : [ 0, 1, 2 ]
    }, {
      "vertices" : [ 0, 2, 3 ]
    }, {
      "vertices" : [ 0, 3, 2 ]
    }, {
      "vertices" : [ 0, 2, 1 ]
    } ]
  }, {
    "id" : "0a233732-1c77-4819-a821-bfd9b74f1fde",
    "vertices" : [ {
      "x" : -16.53225,
      "y" : -2.8240454,
      "z" : 19.356295
    }, {
      "x" : -10.884159,
      "y" : 2.8240454,
      "z" : 16.53225
    }, {
      "x" : -10.884159,
      "y" : 11.296182,
      "z" : 16.53225
    }, {
      "x" : -16.53225,
      "y" : 5.648091,
      "z" : 19.356295
    } ],
    "faces" : [ {
      "vertices" : [ 0, 1, 2 ]
    }, {
      "vertices" : [ 0, 2, 3 ]
    }, {
      "vertices" : [ 0, 3, 2 ]
    }, {
      "vertices" : [ 0, 2, 1 ]
    } ]
  }, {
    "id" : "9e99963c-aeb3-4a5f-9fbe-8c3fabfa499e",
    "vertices" : [ {
      "x" : 5.4420795,
      "y" : -9.884159,
      "z" : -20.974329
    }, {
      "x" : 11.09017,
      "y" : -12.708204,
      "z" : -15.326238
    }, {
      "x" : 5.4420795,
      "y" : -18.356295,
      "z" : -12.5021925
    }, {
      "x" : -0.20601133,
      "y" : -15.532249,
      "z" : -18.150284
    } ],
    "faces" : [ {
      "vertices" : [ 0, 1, 2 ]
    }, {
      "vertices" : [ 0, 2, 3 ]
    }, {
      "vertices" : [ 0, 3, 2 ]
    }, {
      "vertices" : [ 0, 2, 1 ]
    } ]
  }, {
    "id" : "d8c66641-a97c-4f3c-ba56-e76b9939b90f",
    "vertices" : [ {
      "x" : -4.4420795,
      "y" : -13.914215,
      "z" : 1.4120227
    }, {
      "x" : -4.4420795,
      "y" : -13.914215,
      "z" : 9.884159
    }, {
      "x" : 2.4120226,
      "y" : -16.53225,
      "z" : 14.120227
    }, {
      "x" : 2.4120226,
      "y" : -16.53225,
      "z" : 5.648091
    } ],
    "faces" : [ {
      "vertices" : [ 0, 1, 2 ]
    }, {
      "vertices" : [ 0, 2, 3 ]
    }, {
      "vertices" : [ 0, 3, 2 ]
    }, {
      "vertices" : [ 0, 2, 1 ]
    } ]
  }, {
    "id" : "6aeea24b-8dfb-40cc-9027-748c16d450a8",
    "vertices" : [ {
      "x" : -7.0601134,
      "y" : -4.4420795,
      "z" : -22.38635
    }, {
      "x" : 1.2060113,
      "y" : -3.0300567,
      "z" : -23.592363
    }, {
      "x" : 1.2060113,
      "y" : 5.4420795,
      "z" : -23.592363
    }, {
      "x" : -7.0601134,
      "y" : 4.0300565,
      "z" : -22.38635
    } ],
    "faces" : [ {
      "vertices" : [ 0, 1, 2 ]
    }, {
      "vertices" : [ 0, 2, 3 ]
    }, {
      "vertices" : [ 0, 3, 2 ]
    }, {
      "vertices" : [ 0, 2, 1 ]
    } ]
  }, {
    "id" : "067d31eb-54ad-4591-8a19-64d5756704f2",
    "vertices" : [ {
      "x" : -22.18034,
      "y" : 8.472136,
      "z" : 5.236068
    }, {
      "x" : -16.53225,
      "y" : 14.120227,
      "z" : 2.4120226
    }, {
      "x" : -16.53225,
      "y" : 14.120227,
      "z" : 10.884159
    }, {
      "x" : -22.18034,
      "y" : 8.472136,
      "z" : 13.708204
    } ],
    "faces" : [ {
      "vertices" : [ 0, 1, 2 ]
    }, {
      "vertices" : [ 0, 2, 3 ]
    }, {
      "vertices" : [ 0, 3, 2 ]
    }, {
      "vertices" : [ 0, 2, 1 ]
    } ]
  }, {
    "id" : "ddc8319c-99f5-4126-aecb-6d12d2cc9d5e",
    "vertices" : [ {
      "x" : 8.472136,
      "y" : 16.944271,
      "z" : 16.944271
    }, {
      "x" : 4.236068,
      "y" : 10.09017,
      "z" : 19.562305
    }, {
      "x" : -2.618034,
      "y" : 12.708204,
      "z" : 15.326238
    }, {
      "x" : 1.618034,
      "y" : 19.562305,
      "z" : 12.708204
    } ],
    "faces" : [ {
      "vertices" : [ 0, 1, 2 ]
    }, {
      "vertices" : [ 0, 2, 3 ]
    }, {
      "vertices" : [ 0, 3, 2 ]
    }, {
      "vertices" : [ 0, 2, 1 ]
    } ]
  }, {
    "id" : "592c078a-2c0b-4bf5-86be-6a317b6d2c07",
    "vertices" : [ {
      "x" : 12.296182,
      "y" : -12.5021925,
      "z" : -16.73826
    }, {
      "x" : 6.648091,
      "y" : -18.150284,
      "z" : -13.914215
    }, {
      "x" : -0.20601133,
      "y" : -15.532249,
      "z" : -18.150284
    }, {
      "x" : 5.4420795,
      "y" : -9.884159,
      "z" : -20.974329
    } ],
    "faces" : [ {
      "vertices" : [ 0, 1, 2 ]
    }, {
      "vertices" : [ 0, 2, 3 ]
    }, {
      "vertices" : [ 0, 3, 2 ]
    }, {
      "vertices" : [ 0, 2, 1 ]
    } ]
  }, {
    "id" : "703e6f2d-76d8-4df0-9050-82bb61d1fb5f",
    "vertices" : [ {
      "x" : 16.944271,
      "y" : 8.472136,
      "z" : 16.944271
    }, {
      "x" : 19.562305,
      "y" : 4.236068,
      "z" : 10.09017
    }, {
      "x" : 15.326238,
      "y" : -2.618034,
      "z" : 12.708204
    }, {
      "x" : 12.708204,
      "y" : 1.618034,
      "z" : 19.562305
    } ],
    "faces" : [ {
      "vertices" : [ 0, 1, 2 ]
    }, {
      "vertices" : [ 0, 2, 3 ]
    }, {
      "vertices" : [ 0, 3, 2 ]
    }, {
      "vertices" : [ 0, 2, 1 ]
    } ]
  }, {
    "id" : "997f33ee-fbea-4a92-8a38-1831ba970a97",
    "vertices" : [ {
      "x" : -19.768318,
      "y" : -11.296182,
      "z" : -11.296182
    }, {
      "x" : -14.120227,
      "y" : -14.120227,
      "z" : -5.648091
    }, {
      "x" : -8.472136,
      "y" : -8.472136,
      "z" : -8.472136
    }, {
      "x" : -14.120227,
      "y" : -5.648091,
      "z" : -14.120227
    } ],
    "faces" : [ {
      "vertices" : [ 0, 1, 2 ]
    }, {
      "vertices" : [ 0, 2, 3 ]
    }, {
      "vertices" : [ 0, 3, 2 ]
    }, {
      "vertices" : [ 0, 2, 1 ]
    } ]
  }, {
    "id" : "e3f9f0f5-5eb5-4834-9cb3-c362a409137a",
    "vertices" : [ {
      "x" : -16.944271,
      "y" : -8.472136,
      "z" : -16.944271
    }, {
      "x" : -12.708204,
      "y" : -1.618034,
      "z" : -19.562305
    }, {
      "x" : -13.914215,
      "y" : 6.648091,
      "z" : -18.150284
    }, {
      "x" : -18.150284,
      "y" : -0.20601133,
      "z" : -15.532249
    } ],
    "faces" : [ {
      "vertices" : [ 0, 1, 2 ]
    }, {
      "vertices" : [ 0, 2, 3 ]
    }, {
      "vertices" : [ 0, 3, 2 ]
    }, {
      "vertices" : [ 0, 2, 1 ]
    } ]
  }, {
    "id" : "1d974c7f-ed6e-438a-a3e0-60c2bdccdee0",
    "vertices" : [ {
      "x" : -9.884159,
      "y" : -20.974329,
      "z" : -3.0300567
    }, {
      "x" : -12.708204,
      "y" : -15.326238,
      "z" : 2.618034
    }, {
      "x" : -12.708204,
      "y" : -15.326238,
      "z" : 11.09017
    }, {
      "x" : -9.884159,
      "y" : -20.974329,
      "z" : 5.4420795
    } ],
    "faces" : [ {
      "vertices" : [ 0, 1, 2 ]
    }, {
      "vertices" : [ 0, 2, 3 ]
    }, {
      "vertices" : [ 0, 3, 2 ]
    }, {
      "vertices" : [ 0, 2, 1 ]
    } ]
  }, {
    "id" : "c7459868-f1ee-499b-8cd0-1e8ab55dfd4f",
    "vertices" : [ {
      "x" : -16.944271,
      "y" : -16.944271,
      "z" : -16.944271
    }, {
      "x" : -11.296182,
      "y" : -19.768318,
      "z" : -11.296182
    }, {
      "x" : -14.120227,
      "y" : -14.120227,
      "z" : -5.648091
    }, {
      "x" : -19.768318,
      "y" : -11.296182,
      "z" : -11.296182
    } ],
    "faces" : [ {
      "vertices" : [ 0, 1, 2 ]
    }, {
      "vertices" : [ 0, 2, 3 ]
    }, {
      "vertices" : [ 0, 3, 2 ]
    }, {
      "vertices" : [ 0, 2, 1 ]
    } ]
  }, {
    "id" : "9d33700c-6335-43a3-8996-e493920fa605",
    "vertices" : [ {
      "x" : 16.944271,
      "y" : 16.944271,
      "z" : 16.944271
    }, {
      "x" : 19.562305,
      "y" : 12.708204,
      "z" : 10.09017
    }, {
      "x" : 19.562305,
      "y" : 4.236068,
      "z" : 10.09017
    }, {
