{
  "polygons" : "true",
  "field" : "golden",
  "symmetry" : "icosahedral",
  "orientations" : [ [ 1.0, 0.0, 0.0, 0.0, 0.0, 1.0, 0.0, 0.0, 0.0, 0.0, 1.0, 0.0, 0.0, 0.0, 0.0, 1.0 ], [ 0.0, 0.0, 1.0, 0.0, 1.0, 0.0, 0.0, 0.0, 0.0, 1.0, 0.0, 0.0, 0.0, 0.0, 0.0, 1.0 ], [ 0.0, 1.0, 0.0, 0.0, 0.0, 0.0, 1.0, 0.0, 1.0, 0.0, 0.0, 0.0, 0.0, 0.0, 0.0, 1.0 ], [ 0.809017, 0.309017, 0.5, 0.0, 0.309017, 0.5, -0.809017, 0.0, -0.5, 0.809017, 0.309017, 0.0, 0.0, 0.0, 0.0, 1.0 ], [ -0.5, 0.809017, 0.309017, 0.0, 0.809017, 0.309017, 0.5, 0.0, 0.309017, 0.5, -0.809017, 0.0, 0.0, 0.0, 0.0, 1.0 ], [ 0.309017, 0.5, -0.809017, 0.0, -0.5, 0.809017, 0.309017, 0.0, 0.809017, 0.309017, 0.5, 0.0, 0.0, 0.0, 0.0, 1.0 ], [ 0.5, 0.809017, 0.309017, 0.0, 0.809017, -0.309017, -0.5, 0.0, -0.309017, 0.5, -0.809017, 0.0, 0.0, 0.0, 0.0, 1.0 ], [ -0.309017, 0.5, -0.809017, 0.0, 0.5, 0.809017, 0.309017, 0.0, 0.809017, -0.309017, -0.5, 0.0, 0.0, 0.0, 0.0, 1.0 ], [ 0.809017, -0.309017, -0.5, 0.0, -0.309017, 0.5, -0.809017, 0.0, 0.5, 0.809017, 0.309017, 0.0, 0.0, 0.0, 0.0, 1.0 ], [ 0.5, 0.809017, -0.309017, 0.0, 0.809017, -0.309017, 0.5, 0.0, 0.309017, -0.5, -0.809017, 0.0, 0.0, 0.0, 0.0, 1.0 ], [ 0.309017, -0.5, -0.809017, 0.0, 0.5, 0.809017, -0.309017, 0.0, 0.809017, -0.309017, 0.5, 0.0, 0.0, 0.0, 0.0, 1.0 ], [ 0.809017, -0.309017, 0.5, 0.0, 0.309017, -0.5, -0.809017, 0.0, 0.5, 0.809017, -0.309017, 0.0, 0.0, 0.0, 0.0, 1.0 ], [ 0.809017, 0.309017, -0.5, 0.0, 0.309017, 0.5, 0.809017, 0.0, 0.5, -0.809017, 0.309017, 0.0, 0.0, 0.0, 0.0, 1.0 ], [ 0.5, -0.809017, 0.309017, 0.0, 0.809017, 0.309017, -0.5, 0.0, 0.309017, 0.5, 0.809017, 0.0, 0.0, 0.0, 0.0, 1.0 ], [ 0.309017, 0.5, 0.809017, 0.0, 0.5, -0.809017, 0.309017, 0.0, 0.809017, 0.309017, -0.5, 0.0, 0.0, 0.0, 0.0, 1.0 ], [ 1.0, 0.0, 0.0, 0.0, 0.0, -1.0, 0.0, 0.0, 0.0, 0.0, -1.0, 0.0, 0.0, 0.0, 0.0, 1.0 ], [ 0.0, 0.0, 1.0, 0.0, -1.0, 0.0, 0.0, 0.0, 0.0, -1.0, 0.0, 0.0, 0.0, 0.0, 0.0, 1.0 ], [ 0.0, 1.0, 0.0, 0.0, 0.0, 0.0, -1.0, 0.0, -1.0, 0.0, 0.0, 0.0, 0.0, 0.0, 0.0, 1.0 ], [ 0.809017, 0.309017, 0.5, 0.0, -0.309017, -0.5, 0.809017, 0.0, 0.5, -0.809017, -0.309017, 0.0, 0.0, 0.0, 0.0, 1.0 ], [ -0.5, 0.809017, 0.309017, 0.0, -0.809017, -0.309017, -0.5, 0.0, -0.309017, -0.5, 0.809017, 0.0, 0.0, 0.0, 0.0, 1.0 ], [ 0.309017, 0.5, -0.809017, 0.0, 0.5, -0.809017, -0.309017, 0.0, -0.809017, -0.309017, -0.5, 0.0, 0.0, 0.0, 0.0, 1.0 ], [ 0.5, 0.809017, 0.309017, 0.0, -0.809017, 0.309017, 0.5, 0.0, 0.309017, -0.5, 0.809017, 0.0, 0.0, 0.0, 0.0, 1.0 ], [ -0.309017, 0.5, -0.809017, 0.0, -0.5, -0.809017, -0.309017, 0.0, -0.809017, 0.309017, 0.5, 0.0, 0.0, 0.0, 0.0, 1.0 ], [ 0.809017, -0.309017, -0.5, 0.0, 0.309017, -0.5, 0.809017, 0.0, -0.5, -0.809017, -0.309017, 0.0, 0.0, 0.0, 0.0, 1.0 ], [ 0.5, 0.809017, -0.309017, 0.0, -0.809017, 0.309017, -0.5, 0.0, -0.309017, 0.5, 0.809017, 0.0, 0.0, 0.0, 0.0, 1.0 ], [ 0.309017, -0.5, -0.809017, 0.0, -0.5, -0.809017, 0.309017, 0.0, -0.809017, 0.309017, -0.5, 0.0, 0.0, 0.0, 0.0, 1.0 ], [ 0.809017, -0.309017, 0.5, 0.0, -0.309017, 0.5, 0.809017, 0.0, -0.5, -0.809017, 0.309017, 0.0, 0.0, 0.0, 0.0, 1.0 ], [ 0.809017, 0.309017, -0.5, 0.0, -0.309017, -0.5, -0.809017, 0.0, -0.5, 0.809017, -0.309017, 0.0, 0.0, 0.0, 0.0, 1.0 ], [ 0.5, -0.809017, 0.309017, 0.0, -0.809017, -0.309017, 0.5, 0.0, -0.309017, -0.5, -0.809017, 0.0, 0.0, 0.0, 0.0, 1.0 ], [ 0.309017, 0.5, 0.809017, 0.0, -0.5, 0.809017, -0.309017, 0.0, -0.809017, -0.309017, 0.5, 0.0, 0.0, 0.0, 0.0, 1.0 ], [ -1.0, 0.0, 0.0, 0.0, 0.0, -1.0, 0.0, 0.0, 0.0, 0.0, 1.0, 0.0, 0.0, 0.0, 0.0, 1.0 ], [ 0.0, 0.0, -1.0, 0.0, -1.0, 0.0, 0.0, 0.0, 0.0, 1.0, 0.0, 0.0, 0.0, 0.0, 0.0, 1.0 ], [ 0.0, -1.0, 0.0, 0.0, 0.0, 0.0, -1.0, 0.0, 1.0, 0.0, 0.0, 0.0, 0.0, 0.0, 0.0, 1.0 ], [ -0.809017, -0.309017, -0.5, 0.0, -0.309017, -0.5, 0.809017, 0.0, -0.5, 0.809017, 0.309017, 0.0, 0.0, 0.0, 0.0, 1.0 ], [ 0.5, -0.809017, -0.309017, 0.0, -0.809017, -0.309017, -0.5, 0.0, 0.309017, 0.5, -0.809017, 0.0, 0.0, 0.0, 0.0, 1.0 ], [ -0.309017, -0.5, 0.809017, 0.0, 0.5, -0.809017, -0.309017, 0.0, 0.809017, 0.309017, 0.5, 0.0, 0.0, 0.0, 0.0, 1.0 ], [ -0.5, -0.809017, -0.309017, 0.0, -0.809017, 0.309017, 0.5, 0.0, -0.309017, 0.5, -0.809017, 0.0, 0.0, 0.0, 0.0, 1.0 ], [ 0.309017, -0.5, 0.809017, 0.0, -0.5, -0.809017, -0.309017, 0.0, 0.809017, -0.309017, -0.5, 0.0, 0.0, 0.0, 0.0, 1.0 ], [ -0.809017, 0.309017, 0.5, 0.0, 0.309017, -0.5, 0.809017, 0.0, 0.5, 0.809017, 0.309017, 0.0, 0.0, 0.0, 0.0, 1.0 ], [ -0.5, -0.809017, 0.309017, 0.0, -0.809017, 0.309017, -0.5, 0.0, 0.309017, -0.5, -0.809017, 0.0, 0.0, 0.0, 0.0, 1.0 ], [ -0.309017, 0.5, 0.809017, 0.0, -0.5, -0.809017, 0.309017, 0.0, 0.809017, -0.309017, 0.5, 0.0, 0.0, 0.0, 0.0, 1.0 ], [ -0.809017, 0.309017, -0.5, 0.0, -0.309017, 0.5, 0.809017, 0.0, 0.5, 0.809017, -0.309017, 0.0, 0.0, 0.0, 0.0, 1.0 ], [ -0.809017, -0.309017, 0.5, 0.0, -0.309017, -0.5, -0.809017, 0.0, 0.5, -0.809017, 0.309017, 0.0, 0.0, 0.0, 0.0, 1.0 ], [ -0.5, 0.809017, -0.309017, 0.0, -0.809017, -0.309017, 0.5, 0.0, 0.309017, 0.5, 0.809017, 0.0, 0.0, 0.0, 0.0, 1.0 ], [ -0.309017, -0.5, -0.809017, 0.0, -0.5, 0.809017, -0.309017, 0.0, 0.809017, 0.309017, -0.5, 0.0, 0.0, 0.0, 0.0, 1.0 ], [ -1.0, 0.0, 0.0, 0.0, 0.0, 1.0, 0.0, 0.0, 0.0, 0.0, -1.0, 0.0, 0.0, 0.0, 0.0, 1.0 ], [ 0.0, 0.0, -1.0, 0.0, 1.0, 0.0, 0.0, 0.0, 0.0, -1.0, 0.0, 0.0, 0.0, 0.0, 0.0, 1.0 ], [ 0.0, -1.0, 0.0, 0.0, 0.0, 0.0, 1.0, 0.0, -1.0, 0.0, 0.0, 0.0, 0.0, 0.0, 0.0, 1.0 ], [ -0.809017, -0.309017, -0.5, 0.0, 0.309017, 0.5, -0.809017, 0.0, 0.5, -0.809017, -0.309017, 0.0, 0.0, 0.0, 0.0, 1.0 ], [ 0.5, -0.809017, -0.309017, 0.0, 0.809017, 0.309017, 0.5, 0.0, -0.309017, -0.5, 0.809017, 0.0, 0.0, 0.0, 0.0, 1.0 ], [ -0.309017, -0.5, 0.809017, 0.0, -0.5, 0.809017, 0.309017, 0.0, -0.809017, -0.309017, -0.5, 0.0, 0.0, 0.0, 0.0, 1.0 ], [ -0.5, -0.809017, -0.309017, 0.0, 0.809017, -0.309017, -0.5, 0.0, 0.309017, -0.5, 0.809017, 0.0, 0.0, 0.0, 0.0, 1.0 ], [ 0.309017, -0.5, 0.809017, 0.0, 0.5, 0.809017, 0.309017, 0.0, -0.809017, 0.309017, 0.5, 0.0, 0.0, 0.0, 0.0, 1.0 ], [ -0.809017, 0.309017, 0.5, 0.0, -0.309017, 0.5, -0.809017, 0.0, -0.5, -0.809017, -0.309017, 0.0, 0.0, 0.0, 0.0, 1.0 ], [ -0.5, -0.809017, 0.309017, 0.0, 0.809017, -0.309017, 0.5, 0.0, -0.309017, 0.5, 0.809017, 0.0, 0.0, 0.0, 0.0, 1.0 ], [ -0.309017, 0.5, 0.809017, 0.0, 0.5, 0.809017, -0.309017, 0.0, -0.809017, 0.309017, -0.5, 0.0, 0.0, 0.0, 0.0, 1.0 ], [ -0.809017, 0.309017, -0.5, 0.0, 0.309017, -0.5, -0.809017, 0.0, -0.5, -0.809017, 0.309017, 0.0, 0.0, 0.0, 0.0, 1.0 ], [ -0.809017, -0.309017, 0.5, 0.0, 0.309017, 0.5, 0.809017, 0.0, -0.5, 0.809017, -0.309017, 0.0, 0.0, 0.0, 0.0, 1.0 ], [ -0.5, 0.809017, -0.309017, 0.0, 0.809017, 0.309017, -0.5, 0.0, -0.309017, -0.5, -0.809017, 0.0, 0.0, 0.0, 0.0, 1.0 ], [ -0.309017, -0.5, -0.809017, 0.0, 0.5, -0.809017, 0.309017, 0.0, -0.809017, -0.309017, 0.5, 0.0, 0.0, 0.0, 0.0, 1.0 ] ],
  "lights" : {
    "ambientColor" : "#292929",
    "backgroundColor" : "#AFC8DC",
    "directionalLights" : [ {
      "direction" : [ 1.0, -1.0, -1.0 ],
      "color" : "#EBEBE4"
    }, {
      "direction" : [ -1.0, 0.0, 0.0 ],
      "color" : "#E4E4EB"
    }, {
      "direction" : [ 0.0, 0.0, -1.0 ],
      "color" : "#1E1E1E"
    } ]
  },
  "camera" : {
    "stereo" : false,
    "width" : 172.49577,
    "lookAtPoint" : {
      "x" : 0.0,
      "y" : 0.0,
      "z" : 0.0
    },
    "lookDirection" : {
      "x" : 0.82441574,
      "y" : -0.4619175,
      "z" : -0.32706043
    },
    "upDirection" : {
      "x" : 0.22173102,
      "y" : 0.7952665,
      "z" : -0.5642542
    },
    "nearClipDistance" : 0.9583079,
    "farClipDistance" : 766.649,
    "perspective" : true,
    "fieldOfView" : 0.4426293,
    "viewDistance" : 383.32358,
    "lookAtPointRV" : {
      "x" : 0.0,
      "y" : 0.0,
      "z" : 0.0,
      "zero" : true
    },
    "lookDirectionRV" : {
      "x" : 0.82441574,
      "y" : -0.4619175,
      "z" : -0.32706043,
      "zero" : false
    },
    "upDirectionRV" : {
      "x" : 0.22173102,
      "y" : 0.7952665,
      "z" : -0.5642542,
      "zero" : false
    },
    "position" : {
      "x" : -316.018,
      "y" : 177.06386,
      "z" : 125.36997
    }
  },
  "embedding" : [ 1.0, 0.0, 0.0, 0.0, 0.0, 1.0, 0.0, 0.0, 0.0, 0.0, 1.0, 0.0, 0.0, 0.0, 0.0, 1.0 ],
  "shapes" : [ {
    "id" : "088eb9f4-b68f-4749-bc80-b93b69353e3a",
    "orbit" : "blue",
    "orbitC" : "[[0,0,1],[0,0,1]]",
    "length" : "[1,0,1]",
    "name" : "b1",
    "vertices" : [ {
      "x" : 7.472136,
      "y" : 0.309017,
      "z" : 0.19098301
    }, {
      "x" : 7.472136,
      "y" : 0.309017,
      "z" : -0.19098301
    }, {
      "x" : 1.0,
      "y" : 0.309017,
      "z" : -0.19098301
    }, {
      "x" : 1.0,
      "y" : 0.309017,
      "z" : 0.19098301
    }, {
      "x" : 7.472136,
      "y" : -0.309017,
      "z" : 0.19098301
    }, {
      "x" : 1.0,
      "y" : -0.309017,
      "z" : 0.19098301
    }, {
      "x" : 1.0,
      "y" : -0.309017,
      "z" : -0.19098301
    }, {
      "x" : 7.472136,
      "y" : -0.309017,
      "z" : -0.19098301
    }, {
      "x" : 8.472136,
      "y" : 0.0,
      "z" : 0.0
    } ],
    "faces" : [ {
      "vertices" : [ 1, 7, 6, 2 ]
    }, {
      "vertices" : [ 0, 1, 2, 3 ]
    }, {
      "vertices" : [ 4, 5, 6, 7 ]
    }, {
      "vertices" : [ 0, 3, 5, 4 ]
    } ]
  }, {
    "id" : "31855302-0b70-4681-be43-ee34a0cb92cb",
    "name" : "ball",
    "vertices" : [ {
      "x" : 0.309017,
      "y" : -0.809017,
      "z" : 0.618034
    }, {
      "x" : 0.809017,
      "y" : -0.618034,
      "z" : 0.309017
    }, {
      "x" : 0.618034,
      "y" : -0.309017,
      "z" : 0.809017
    }, {
      "x" : 1.0,
      "y" : 0.309017,
      "z" : 0.19098301
    }, {
      "x" : 0.809017,
      "y" : 0.618034,
      "z" : 0.309017
    }, {
      "x" : 0.618034,
      "y" : 0.309017,
      "z" : 0.809017
    }, {
      "x" : 0.809017,
      "y" : 0.0,
      "z" : 0.690983
    }, {
      "x" : 0.19098301,
      "y" : -1.0,
      "z" : 0.309017
    }, {
      "x" : -0.19098301,
      "y" : -1.0,
      "z" : 0.309017
    }, {
      "x" : -0.19098301,
      "y" : -1.0,
      "z" : -0.309017
    }, {
      "x" : 0.19098301,
      "y" : -1.0,
      "z" : -0.309017
    }, {
      "x" : 1.0,
      "y" : -0.309017,
      "z" : -0.19098301
    }, {
      "x" : 0.809017,
      "y" : -0.618034,
      "z" : -0.309017
    }, {
      "x" : 0.618034,
      "y" : -0.309017,
      "z" : -0.809017
    }, {
      "x" : 0.809017,
      "y" : 0.0,
      "z" : -0.690983
    }, {
      "x" : 0.0,
      "y" : 0.690983,
      "z" : -0.809017
    }, {
      "x" : 0.309017,
      "y" : 0.809017,
      "z" : -0.618034
    }, {
      "x" : 0.618034,
      "y" : 0.309017,
      "z" : -0.809017
    }, {
      "x" : 0.309017,
      "y" : 0.19098301,
      "z" : -1.0
    }, {
      "x" : 1.0,
      "y" : 0.309017,
      "z" : -0.19098301
    }, {
      "x" : -0.309017,
      "y" : -0.809017,
      "z" : 0.618034
    }, {
      "x" : 0.0,
      "y" : -0.690983,
      "z" : 0.809017
    }, {
      "x" : 0.809017,
      "y" : 0.618034,
      "z" : -0.309017
    }, {
      "x" : 0.690983,
      "y" : 0.809017,
      "z" : 0.0
    }, {
      "x" : -0.690983,
      "y" : 0.809017,
      "z" : 0.0
    }, {
      "x" : -0.809017,
      "y" : 0.618034,
      "z" : 0.309017
    }, {
      "x" : -0.309017,
      "y" : 0.809017,
      "z" : 0.618034
    }, {
      "x" : -0.19098301,
      "y" : 1.0,
      "z" : 0.309017
    }, {
      "x" : 0.309017,
      "y" : -0.19098301,
      "z" : -1.0
    }, {
      "x" : 0.19098301,
      "y" : 1.0,
      "z" : 0.309017
    }, {
      "x" : 0.309017,
      "y" : 0.809017,
      "z" : 0.618034
    }, {
      "x" : -0.809017,
      "y" : -0.618034,
      "z" : 0.309017
    }, {
      "x" : -0.690983,
      "y" : -0.809017,
      "z" : 0.0
    }, {
      "x" : 0.0,
      "y" : 0.690983,
      "z" : 0.809017
    }, {
      "x" : 0.309017,
      "y" : -0.809017,
      "z" : -0.618034
    }, {
      "x" : 0.0,
      "y" : -0.690983,
      "z" : -0.809017
    }, {
      "x" : -1.0,
      "y" : 0.309017,
      "z" : 0.19098301
    }, {
      "x" : -0.809017,
      "y" : 0.0,
      "z" : 0.690983
    }, {
      "x" : -0.618034,
      "y" : 0.309017,
      "z" : 0.809017
    }, {
      "x" : 1.0,
      "y" : -0.309017,
      "z" : 0.19098301
    }, {
      "x" : -0.309017,
      "y" : -0.809017,
      "z" : -0.618034
    }, {
      "x" : -1.0,
      "y" : 0.309017,
      "z" : -0.19098301
    }, {
      "x" : -1.0,
      "y" : -0.309017,
      "z" : -0.19098301
    }, {
      "x" : -1.0,
      "y" : -0.309017,
      "z" : 0.19098301
    }, {
      "x" : 0.19098301,
      "y" : 1.0,
      "z" : -0.309017
    }, {
      "x" : -0.809017,
      "y" : 0.618034,
      "z" : -0.309017
    }, {
      "x" : -0.19098301,
      "y" : 1.0,
      "z" : -0.309017
    }, {
      "x" : -0.309017,
      "y" : 0.809017,
      "z" : -0.618034
    }, {
      "x" : -0.618034,
      "y" : -0.309017,
      "z" : 0.809017
    }, {
      "x" : 0.309017,
      "y" : 0.19098301,
      "z" : 1.0
    }, {
      "x" : -0.309017,
      "y" : 0.19098301,
      "z" : -1.0
    }, {
      "x" : -0.309017,
      "y" : 0.19098301,
      "z" : 1.0
    }, {
      "x" : -0.309017,
      "y" : -0.19098301,
      "z" : 1.0
    }, {
      "x" : 0.309017,
      "y" : -0.19098301,
      "z" : 1.0
    }, {
      "x" : 0.690983,
      "y" : -0.809017,
      "z" : 0.0
    }, {
      "x" : -0.809017,
      "y" : 0.0,
      "z" : -0.690983
    }, {
      "x" : -0.618034,
      "y" : -0.309017,
      "z" : -0.809017
    }, {
      "x" : -0.309017,
      "y" : -0.19098301,
      "z" : -1.0
    }, {
      "x" : -0.618034,
      "y" : 0.309017,
      "z" : -0.809017
    }, {
      "x" : -0.809017,
      "y" : -0.618034,
      "z" : -0.309017
    } ],
    "faces" : [ {
      "vertices" : [ 9, 40, 35, 34, 10 ]
    }, {
      "vertices" : [ 0, 1, 2 ]
    }, {
      "vertices" : [ 33, 51, 49 ]
    }, {
      "vertices" : [ 25, 36, 37, 38 ]
    }, {
      "vertices" : [ 41, 55, 42 ]
    }, {
      "vertices" : [ 9, 32, 59, 40 ]
    }, {
      "vertices" : [ 20, 21, 52, 48 ]
    }, {
      "vertices" : [ 26, 33, 30, 29, 27 ]
    }, {
      "vertices" : [ 3, 4, 5, 6 ]
    }, {
      "vertices" : [ 27, 29, 44, 46 ]
    }, {
      "vertices" : [ 50, 57, 56, 55, 58 ]
    }, {
      "vertices" : [ 26, 38, 51, 33 ]
    }, {
      "vertices" : [ 45, 47, 58 ]
    }, {
      "vertices" : [ 18, 28, 57, 50 ]
    }, {
      "vertices" : [ 40, 59, 56 ]
    }, {
      "vertices" : [ 31, 48, 37, 43 ]
    }, {
      "vertices" : [ 7, 8, 9, 10 ]
    }, {
      "vertices" : [ 36, 41, 42, 43 ]
    }, {
      "vertices" : [ 24, 46, 47, 45 ]
    }, {
      "vertices" : [ 4, 30, 5 ]
    }, {
      "vertices" : [ 15, 47, 46, 44, 16 ]
    }, {
      "vertices" : [ 15, 50, 58, 47 ]
    }, {
      "vertices" : [ 24, 45, 41, 36, 25 ]
    }, {
      "vertices" : [ 11, 14, 19 ]
    }, {
      "vertices" : [ 3, 6, 39 ]
    }, {
      "vertices" : [ 1, 39, 6, 2 ]
    }, {
      "vertices" : [ 8, 32, 9 ]
    }, {
      "vertices" : [ 11, 12, 13, 14 ]
    }, {
      "vertices" : [ 16, 22, 17 ]
    }, {
      "vertices" : [ 0, 21, 20, 8, 7 ]
    }, {
      "vertices" : [ 12, 34, 13 ]
    }, {
      "vertices" : [ 35, 40, 56, 57 ]
    }, {
      "vertices" : [ 0, 7, 54, 1 ]
    }, {
      "vertices" : [ 15, 16, 17, 18 ]
    }, {
      "vertices" : [ 3, 19, 22, 23, 4 ]
    }, {
      "vertices" : [ 7, 10, 54 ]
    }, {
      "vertices" : [ 41, 45, 58, 55 ]
    }, {
      "vertices" : [ 3, 39, 11, 19 ]
    }, {
      "vertices" : [ 14, 17, 22, 19 ]
    }, {
      "vertices" : [ 0, 2, 53, 21 ]
    }, {
      "vertices" : [ 49, 51, 52, 53 ]
    }, {
      "vertices" : [ 31, 43, 42, 59, 32 ]
    }, {
      "vertices" : [ 15, 18, 50 ]
    }, {
      "vertices" : [ 42, 55, 56, 59 ]
    }, {
      "vertices" : [ 4, 23, 29, 30 ]
    }, {
      "vertices" : [ 25, 38, 26 ]
    }, {
      "vertices" : [ 13, 28, 18, 17, 14 ]
    }, {
      "vertices" : [ 8, 20, 31, 32 ]
    }, {
      "vertices" : [ 23, 44, 29 ]
    }, {
      "vertices" : [ 24, 27, 46 ]
    }, {
      "vertices" : [ 37, 48, 52, 51, 38 ]
    }, {
      "vertices" : [ 20, 48, 31 ]
    }, {
      "vertices" : [ 24, 25, 26, 27 ]
    }, {
      "vertices" : [ 16, 44, 23, 22 ]
    }, {
      "vertices" : [ 13, 34, 35, 28 ]
    }, {
      "vertices" : [ 10, 34, 12, 54 ]
    }, {
      "vertices" : [ 2, 6, 5, 49, 53 ]
    }, {
      "vertices" : [ 36, 43, 37 ]
    }, {
      "vertices" : [ 5, 30, 33, 49 ]
    }, {
      "vertices" : [ 1, 54, 12, 11, 39 ]
    }, {
      "vertices" : [ 28, 35, 57 ]
    }, {
      "vertices" : [ 21, 53, 52 ]
    } ]
  }, {
    "id" : "648d3832-26fb-4646-95a7-6213b042e555",
    "orbit" : "orange",
    "orbitC" : "[[-4,3,5],[3,-1,5]]",
    "length" : "[-2,2,1]",
    "name" : " :-2 +2*phi",
    "vertices" : [ {
      "x" : 1.0,
      "y" : -0.309017,
      "z" : -0.19098301
    }, {
      "x" : 0.809017,
      "y" : 0.0,
      "z" : -0.690983
    }, {
      "x" : 1.0,
      "y" : 0.309017,
      "z" : -0.19098301
    }, {
      "x" : 1.809017,
      "y" : 0.0,
      "z" : -0.309017
    }, {
      "x" : 1.618034,
      "y" : 0.309017,
      "z" : -0.809017
    }, {
      "x" : 2.0,
      "y" : 0.309017,
      "z" : -0.19098301
    }, {
      "x" : 1.809017,
      "y" : 0.618034,
      "z" : -0.690983
    }, {
      "x" : 7.663119,
      "y" : 1.0,
      "z" : -1.927051
    }, {
      "x" : 7.472136,
      "y" : 1.309017,
      "z" : -2.427051
    }, {
      "x" : 7.854102,
      "y" : 1.309017,
      "z" : -1.809017
    }, {
      "x" : 7.663119,
      "y" : 1.618034,
      "z" : -2.309017
    }, {
      "x" : 8.472136,
      "y" : 1.309017,
      "z" : -2.427051
    }, {
      "x" : 8.663119,
      "y" : 1.618034,
      "z" : -1.927051
    }, {
      "x" : 8.472136,
      "y" : 1.927051,
      "z" : -2.427051
    }, {
      "x" : 9.472136,
      "y" : 1.618034,
      "z" : -2.618034
    } ],
    "faces" : [ {
      "vertices" : [ 8, 13, 11 ]
    }, {
      "vertices" : [ 2, 5, 9, 10, 6 ]
    }, {
      "vertices" : [ 3, 4, 8, 11, 7 ]
    }, {
      "vertices" : [ 0, 2, 1 ]
    }, {
      "vertices" : [ 11, 13, 12 ]
    }, {
      "vertices" : [ 0, 5, 2 ]
    }, {
      "vertices" : [ 0, 3, 5 ]
    }, {
      "vertices" : [ 0, 1, 4, 3 ]
    }, {
      "vertices" : [ 1, 2, 6 ]
    }, {
      "vertices" : [ 1, 6, 4 ]
    }, {
      "vertices" : [ 9, 12, 13, 10 ]
    }, {
      "vertices" : [ 3, 7, 9, 5 ]
    }, {
      "vertices" : [ 7, 12, 9 ]
    }, {
      "vertices" : [ 4, 6, 10, 8 ]
    }, {
      "vertices" : [ 7, 11, 12 ]
    }, {
      "vertices" : [ 8, 10, 13 ]
    } ]
  }, {
    "id" : "019c3279-c10e-4f36-8604-c03ea01cc7c0",
    "orbit" : "orange",
    "orbitC" : "[[-4,3,5],[3,-1,5]]",
    "length" : "[1,0,1]",
    "name" : "short",
    "vertices" : [ {
      "x" : 1.0,
      "y" : -0.309017,
      "z" : -0.19098301
    }, {
      "x" : 0.809017,
      "y" : 0.0,
      "z" : -0.690983
    }, {
      "x" : 1.0,
      "y" : 0.309017,
      "z" : -0.19098301
    }, {
      "x" : 1.809017,
      "y" : 0.0,
      "z" : -0.309017
    }, {
      "x" : 1.618034,
      "y" : 0.309017,
      "z" : -0.809017
    }, {
      "x" : 2.0,
      "y" : 0.309017,
      "z" : -0.19098301
    }, {
      "x" : 1.809017,
      "y" : 0.618034,
      "z" : -0.690983
    }, {
      "x" : 5.854102,
      "y" : 0.690983,
      "z" : -1.427051
    }, {
      "x" : 5.663119,
      "y" : 1.0,
      "z" : -1.927051
    }, {
      "x" : 6.045085,
      "y" : 1.0,
      "z" : -1.309017
    }, {
      "x" : 5.854102,
      "y" : 1.309017,
      "z" : -1.809017
    }, {
      "x" : 6.663119,
      "y" : 1.0,
      "z" : -1.927051
    }, {
      "x" : 6.854102,
      "y" : 1.309017,
      "z" : -1.427051
    }, {
      "x" : 6.663119,
      "y" : 1.618034,
      "z" : -1.927051
    }, {
      "x" : 7.663119,
      "y" : 1.309017,
      "z" : -2.118034
    } ],
    "faces" : [ {
      "vertices" : [ 8, 13, 11 ]
    }, {
      "vertices" : [ 2, 5, 9, 10, 6 ]
    }, {
      "vertices" : [ 3, 4, 8, 11, 7 ]
    }, {
      "vertices" : [ 0, 2, 1 ]
    }, {
      "vertices" : [ 11, 13, 12 ]
    }, {
      "vertices" : [ 0, 5, 2 ]
    }, {
      "vertices" : [ 0, 3, 5 ]
    }, {
      "vertices" : [ 0, 1, 4, 3 ]
    }, {
      "vertices" : [ 1, 2, 6 ]
    }, {
      "vertices" : [ 1, 6, 4 ]
    }, {
      "vertices" : [ 9, 12, 13, 10 ]
    }, {
      "vertices" : [ 3, 7, 9, 5 ]
    }, {
      "vertices" : [ 7, 12, 9 ]
    }, {
      "vertices" : [ 4, 6, 10, 8 ]
    }, {
      "vertices" : [ 7, 11, 12 ]
    }, {
      "vertices" : [ 8, 10, 13 ]
    } ]
  }, {
    "id" : "0fca6378-7d37-4c4b-bea2-9e0ff7b297d8",
    "orbit" : "red",
    "orbitC" : "[[-1,1,1],[0,0,1]]",
    "length" : "[1,1,1]",
    "name" : "r3",
    "vertices" : [ {
      "x" : 8.163119,
      "y" : 5.163119,
      "z" : 0.309017
    }, {
      "x" : 9.781153,
      "y" : 5.927051,
      "z" : 0.309017
    }, {
      "x" : 9.59017,
      "y" : 6.236068,
      "z" : 0.19098301
    }, {
      "x" : 0.809017,
      "y" : 0.618034,
      "z" : -0.309017
    }, {
      "x" : 0.690983,
      "y" : 0.809017,
      "z" : 0.0
    }, {
      "x" : 8.045085,
      "y" : 5.354102,
      "z" : 0.0
    }, {
      "x" : 8.163119,
      "y" : 5.163119,
      "z" : -0.309017
    }, {
      "x" : 17.135256,
      "y" : 10.472136,
      "z" : 0.309017
    }, {
      "x" : 8.354102,
      "y" : 4.854102,
      "z" : 0.19098301
    }, {
      "x" : 8.354102,
      "y" : 4.854102,
      "z" : -0.19098301
    }, {
      "x" : 9.899187,
      "y" : 5.736068,
      "z" : 0.0
    }, {
      "x" : 9.781153,
      "y" : 5.927051,
      "z" : -0.309017
    }, {
      "x" : 17.253288,
      "y" : 10.281153,
      "z" : 0.0
    }, {
      "x" : 1.0,
      "y" : 0.309017,
      "z" : 0.19098301
    }, {
      "x" : 1.0,
      "y" : 0.309017,
      "z" : -0.19098301
    }, {
      "x" : 0.809017,
      "y" : 0.618034,
      "z" : 0.309017
    }, {
      "x" : 16.944271,
      "y" : 10.781153,
      "z" : 0.19098301
    }, {
      "x" : 17.135256,
      "y" : 10.472136,
      "z" : -0.309017
    }, {
      "x" : 16.944271,
      "y" : 10.781153,
      "z" : -0.19098301
    }, {
      "x" : 17.944271,
      "y" : 11.09017,
      "z" : 0.0
    }, {
      "x" : 9.59017,
      "y" : 6.236068,
      "z" : -0.19098301
    } ],
    "faces" : [ {
      "vertices" : [ 3, 6, 9, 14 ]
    }, {
      "vertices" : [ 11, 20, 18, 17 ]
    }, {
      "vertices" : [ 0, 1, 2 ]
    }, {
      "vertices" : [ 0, 15, 13, 8 ]
    }, {
      "vertices" : [ 6, 20, 11 ]
    }, {
      "vertices" : [ 0, 2, 5 ]
    }, {
      "vertices" : [ 0, 8, 1 ]
    }, {
      "vertices" : [ 8, 13, 14, 9 ]
    }, {
      "vertices" : [ 3, 4, 5, 6 ]
    }, {
      "vertices" : [ 10, 11, 17, 12 ]
    }, {
      "vertices" : [ 1, 8, 10 ]
    }, {
      "vertices" : [ 0, 5, 4, 15 ]
    }, {
      "vertices" : [ 2, 16, 18, 20 ]
    }, {
      "vertices" : [ 1, 7, 16, 2 ]
    }, {
      "vertices" : [ 6, 11, 9 ]
    }, {
      "vertices" : [ 8, 9, 10 ]
    }, {
      "vertices" : [ 2, 20, 5 ]
    }, {
      "vertices" : [ 9, 11, 10 ]
    }, {
      "vertices" : [ 1, 10, 12, 7 ]
    }, {
      "vertices" : [ 5, 20, 6 ]
    } ]
  }, {
    "id" : "3dfa65bb-c48d-4211-898d-9bfe5233ef32",
    "orbit" : "red",
    "orbitC" : "[[-1,1,1],[0,0,1]]",
    "length" : "[-2,4,1]",
    "name" : " :-2 +4*phi",
    "vertices" : [ {
      "x" : 14.5172205,
      "y" : 9.09017,
      "z" : 0.309017
    }, {
      "x" : 16.135256,
      "y" : 9.854102,
      "z" : 0.309017
    }, {
      "x" : 15.944272,
      "y" : 10.163119,
      "z" : 0.19098301
    }, {
      "x" : 0.809017,
      "y" : 0.618034,
      "z" : -0.309017
    }, {
      "x" : 0.690983,
      "y" : 0.809017,
      "z" : 0.0
    }, {
      "x" : 14.399187,
      "y" : 9.281153,
      "z" : 0.0
    }, {
      "x" : 14.5172205,
      "y" : 9.09017,
      "z" : -0.309017
    }, {
      "x" : 29.843458,
      "y" : 18.326239,
      "z" : 0.309017
    }, {
      "x" : 14.708204,
      "y" : 8.781153,
      "z" : 0.19098301
    }, {
      "x" : 14.708204,
      "y" : 8.781153,
      "z" : -0.19098301
    }, {
      "x" : 16.253288,
      "y" : 9.663119,
      "z" : 0.0
    }, {
      "x" : 16.135256,
      "y" : 9.854102,
      "z" : -0.309017
    }, {
      "x" : 29.961493,
      "y" : 18.135256,
      "z" : 0.0
    }, {
      "x" : 1.0,
      "y" : 0.309017,
      "z" : 0.19098301
    }, {
      "x" : 1.0,
      "y" : 0.309017,
      "z" : -0.19098301
    }, {
      "x" : 0.809017,
      "y" : 0.618034,
      "z" : 0.309017
    }, {
      "x" : 29.652475,
      "y" : 18.635256,
      "z" : 0.19098301
    }, {
      "x" : 29.843458,
      "y" : 18.326239,
      "z" : -0.309017
    }, {
      "x" : 29.652475,
      "y" : 18.635256,
      "z" : -0.19098301
    }, {
      "x" : 30.652475,
      "y" : 18.944271,
      "z" : 0.0
    }, {
      "x" : 15.944272,
      "y" : 10.163119,
      "z" : -0.19098301
    } ],
    "faces" : [ {
      "vertices" : [ 3, 6, 9, 14 ]
    }, {
      "vertices" : [ 11, 20, 18, 17 ]
    }, {
      "vertices" : [ 0, 1, 2 ]
    }, {
      "vertices" : [ 0, 15, 13, 8 ]
    }, {
      "vertices" : [ 6, 20, 11 ]
    }, {
      "vertices" : [ 0, 2, 5 ]
    }, {
      "vertices" : [ 0, 8, 1 ]
    }, {
      "vertices" : [ 8, 13, 14, 9 ]
    }, {
      "vertices" : [ 3, 4, 5, 6 ]
    }, {
      "vertices" : [ 10, 11, 17, 12 ]
    }, {
      "vertices" : [ 1, 8, 10 ]
    }, {
      "vertices" : [ 0, 5, 4, 15 ]
    }, {
      "vertices" : [ 2, 16, 18, 20 ]
    }, {
      "vertices" : [ 1, 7, 16, 2 ]
    }, {
      "vertices" : [ 6, 11, 9 ]
    }, {
      "vertices" : [ 8, 9, 10 ]
    }, {
      "vertices" : [ 2, 20, 5 ]
    }, {
      "vertices" : [ 9, 11, 10 ]
    }, {
      "vertices" : [ 1, 10, 12, 7 ]
    }, {
      "vertices" : [ 5, 20, 6 ]
    } ]
  }, {
    "id" : "e40dee15-ed75-4d54-b953-f1987e69b08e",
    "orbit" : "4",
    "orbitC" : "[[-8,5,1],[-11,7,1]]",
    "length" : "[1,0,1]",
    "name" : "short",
    "vertices" : [ {
      "x" : 5.1443143,
      "y" : -4.465937,
      "z" : -3.6331093
    }, {
      "x" : 5.0443144,
      "y" : -4.365937,
      "z" : -4.033109
    }, {
      "x" : 0.26257408,
      "y" : -0.49373746,
      "z" : -0.6029586
    }, {
      "x" : 0.36257407,
      "y" : -0.5937375,
      "z" : -0.20295861
    }, {
      "x" : 4.810981,
      "y" : -4.6659374,
      "z" : -4.166443
    }, {
      "x" : 4.910981,
      "y" : -4.7659373,
      "z" : -3.7664428
    }, {
      "x" : 0.5959074,
      "y" : -0.29373747,
      "z" : -0.06962527
    }, {
      "x" : 0.49590743,
      "y" : -0.19373746,
      "z" : -0.46962526
    } ],
    "faces" : [ {
      "vertices" : [ 2, 3, 6, 7 ]
    }, {
      "vertices" : [ 0, 5, 4, 1 ]
    }, {
      "vertices" : [ 2, 4, 5, 3 ]
    }, {
      "vertices" : [ 0, 6, 3, 5 ]
    }, {
      "vertices" : [ 0, 1, 7, 6 ]
    }, {
      "vertices" : [ 1, 4, 2, 7 ]
    } ]
  } ],
  "instances" : [ {
    "shape" : "088eb9f4-b68f-4749-bc80-b93b69353e3a",
    "color" : "#008EC2",
    "position" : {
      "x" : 7.854102,
      "y" : -12.537383,
      "z" : 13.984597
    },
    "orientation" : 24
  }, {
    "shape" : "31855302-0b70-4681-be43-ee34a0cb92cb",
    "color" : "#F2F2F2",
    "position" : {
      "x" : 3.618034,
      "y" : 24.969194,
      "z" : 6.130495
    }
  }, {
    "shape" : "088eb9f4-b68f-4749-bc80-b93b69353e3a",
    "color" : "#008EC2",
    "position" : {
      "x" : -10.09017,
      "y" : -10.91935,
      "z" : -10.813777
    },
    "orientation" : 54
  }, {
    "shape" : "088eb9f4-b68f-4749-bc80-b93b69353e3a",
    "color" : "#008EC2",
    "position" : {
      "x" : 10.472136,
      "y" : -16.77345,
      "z" : 20.8387
    },
    "orientation" : 55
  }, {
    "shape" : "088eb9f4-b68f-4749-bc80-b93b69353e3a",
    "color" : "#008EC2",
    "position" : {
      "x" : -16.944271,
      "y" : -30.481655,
      "z" : 12.366563
    },
    "orientation" : 16
  }, {
    "shape" : "648d3832-26fb-4646-95a7-6213b042e555",
    "color" : "#EB5200",
    "position" : {
      "x" : 16.326239,
      "y" : 18.115093,
      "z" : -18.66788
    },
    "orientation" : 50
  }, {
    "shape" : "088eb9f4-b68f-4749-bc80-b93b69353e3a",
    "color" : "#008EC2",
    "position" : {
      "x" : -3.236068,
      "y" : -38.953793,
      "z" : 12.366563
    },
    "orientation" : 53
  }, {
    "shape" : "31855302-0b70-4681-be43-ee34a0cb92cb",
    "color" : "#F2F2F2",
    "position" : {
      "x" : -10.09017,
      "y" : 11.26099,
      "z" : -16.049845
    }
  }, {
    "shape" : "088eb9f4-b68f-4749-bc80-b93b69353e3a",
    "color" : "#008EC2",
    "position" : {
      "x" : -14.326238,
      "y" : 26.587229,
      "z" : -32.376083
    },
    "orientation" : 7
  }, {
    "shape" : "088eb9f4-b68f-4749-bc80-b93b69353e3a",
    "color" : "#008EC2",
    "position" : {
      "x" : -3.236068,
      "y" : 13.8790245,
      "z" : 1.8944272
    },
    "orientation" : 22
  }, {
    "shape" : "088eb9f4-b68f-4749-bc80-b93b69353e3a",
    "color" : "#008EC2",
    "position" : {
      "x" : -10.09017,
      "y" : -27.86362,
      "z" : 8.130495
    },
    "orientation" : 2
  }, {
    "shape" : "31855302-0b70-4681-be43-ee34a0cb92cb",
    "color" : "#F2F2F2",
    "position" : {
      "x" : 3.618034,
      "y" : -5.6832814,
      "z" : -10.813777
    }
  }, {
    "shape" : "088eb9f4-b68f-4749-bc80-b93b69353e3a",
    "color" : "#008EC2",
    "position" : {
      "x" : 5.236068,
      "y" : -8.301315,
      "z" : 7.130495
    },
    "orientation" : 16
  }, {
    "shape" : "088eb9f4-b68f-4749-bc80-b93b69353e3a",
    "color" : "#008EC2",
    "position" : {
      "x" : -5.854102,
      "y" : -34.717724,
      "z" : 5.512461
    },
    "orientation" : 45
  }, {
    "shape" : "648d3832-26fb-4646-95a7-6213b042e555",
    "color" : "#EB5200",
    "position" : {
      "x" : -5.854102,
      "y" : -21.00952,
      "z" : 13.984597
    },
    "orientation" : 6
  }, {
    "shape" : "31855302-0b70-4681-be43-ee34a0cb92cb",
    "color" : "#F2F2F2",
    "position" : {
      "x" : -3.236068,
      "y" : -16.77345,
      "z" : -6.5777087
    }
  }, {
    "shape" : "31855302-0b70-4681-be43-ee34a0cb92cb",
    "color" : "#F2F2F2",
    "position" : {
      "x" : -3.236068,
      "y" : -25.245588,
      "z" : 20.8387
    }
  }, {
    "shape" : "31855302-0b70-4681-be43-ee34a0cb92cb",
    "color" : "#F2F2F2",
    "position" : {
      "x" : 7.854102,
      "y" : -12.537383,
      "z" : -13.43181
    }
  }, {
    "shape" : "088eb9f4-b68f-4749-bc80-b93b69353e3a",
    "color" : "#008EC2",
    "position" : {
      "x" : 7.854102,
      "y" : 18.115093,
      "z" : 8.748529
    },
    "orientation" : 45
  }, {
    "shape" : "31855302-0b70-4681-be43-ee34a0cb92cb",
    "color" : "#F2F2F2",
    "position" : {
      "x" : 3.618034,
      "y" : 24.969194,
      "z" : -2.3416407
    }
  }, {
    "shape" : "648d3832-26fb-4646-95a7-6213b042e555",
    "color" : "#EB5200",
    "position" : {
      "x" : 12.09017,
      "y" : 24.969194,
      "z" : -7.5777087
    },
    "orientation" : 44
  }, {
    "shape" : "31855302-0b70-4681-be43-ee34a0cb92cb",
    "color" : "#F2F2F2",
    "position" : {
      "x" : 18.944271,
      "y" : 13.8790245,
      "z" : -11.813777
    }
  }, {
    "shape" : "648d3832-26fb-4646-95a7-6213b042e555",
    "color" : "#EB5200",
    "position" : {
      "x" : -5.854102,
      "y" : 9.642957,
      "z" : 8.748529
    },
    "orientation" : 0
  }, {
    "shape" : "088eb9f4-b68f-4749-bc80-b93b69353e3a",
    "color" : "#008EC2",
    "position" : {
      "x" : 3.618034,
      "y" : 24.969194,
      "z" : -2.3416407
    },
    "orientation" : 36
  }, {
    "shape" : "088eb9f4-b68f-4749-bc80-b93b69353e3a",
    "color" : "#008EC2",
    "position" : {
      "x" : 10.472136,
      "y" : 13.8790245,
      "z" : 1.8944272
    },
    "orientation" : 55
  }, {
    "shape" : "088eb9f4-b68f-4749-bc80-b93b69353e3a",
    "color" : "#008EC2",
    "position" : {
      "x" : -10.09017,
      "y" : 2.7888544,
      "z" : 6.130495
    },
    "orientation" : 56
  }, {
    "shape" : "088eb9f4-b68f-4749-bc80-b93b69353e3a",
    "color" : "#008EC2",
    "position" : {
      "x" : 7.854102,
      "y" : -12.537383,
      "z" : 27.6928
    },
    "orientation" : 54
  }, {
    "shape" : "088eb9f4-b68f-4749-bc80-b93b69353e3a",
    "color" : "#008EC2",
    "position" : {
      "x" : -3.236068,
      "y" : -16.77345,
      "z" : 20.8387
    },
    "orientation" : 56
  }, {
    "shape" : "088eb9f4-b68f-4749-bc80-b93b69353e3a",
    "color" : "#008EC2",
    "position" : {
      "x" : 7.854102,
      "y" : -12.537383,
      "z" : 27.6928
    },
    "orientation" : 25
  }, {
    "shape" : "088eb9f4-b68f-4749-bc80-b93b69353e3a",
    "color" : "#008EC2",
    "position" : {
      "x" : -5.854102,
      "y" : -34.717724,
      "z" : 19.220665
    },
    "orientation" : 54
  }, {
    "shape" : "31855302-0b70-4681-be43-ee34a0cb92cb",
    "color" : "#F2F2F2",
    "position" : {
      "x" : 7.854102,
      "y" : 18.115093,
      "z" : -32.376083
    }
  }, {
    "shape" : "088eb9f4-b68f-4749-bc80-b93b69353e3a",
    "color" : "#008EC2",
    "position" : {
      "x" : 3.618034,
      "y" : 24.969194,
      "z" : -2.3416407
    },
    "orientation" : 41
  }, {
    "shape" : "088eb9f4-b68f-4749-bc80-b93b69353e3a",
    "color" : "#008EC2",
    "position" : {
      "x" : 3.618034,
      "y" : -5.6832814,
      "z" : -10.813777
    },
    "orientation" : 41
  }, {
    "shape" : "088eb9f4-b68f-4749-bc80-b93b69353e3a",
    "color" : "#008EC2",
    "position" : {
      "x" : -3.236068,
      "y" : -8.301315,
      "z" : 20.8387
    },
    "orientation" : 16
  }, {
    "shape" : "088eb9f4-b68f-4749-bc80-b93b69353e3a",
    "color" : "#008EC2",
    "position" : {
      "x" : -10.09017,
      "y" : -41.571827,
      "z" : 8.130495
    },
    "orientation" : 38
  }, {
    "shape" : "088eb9f4-b68f-4749-bc80-b93b69353e3a",
    "color" : "#008EC2",
    "position" : {
      "x" : -5.854102,
      "y" : -4.0652475,
      "z" : -13.43181
    },
    "orientation" : 45
  }, {
    "shape" : "088eb9f4-b68f-4749-bc80-b93b69353e3a",
    "color" : "#008EC2",
    "position" : {
      "x" : -3.236068,
      "y" : -8.301315,
      "z" : -6.5777087
    },
    "orientation" : 53
  }, {
    "shape" : "088eb9f4-b68f-4749-bc80-b93b69353e3a",
    "color" : "#008EC2",
    "position" : {
      "x" : -10.09017,
      "y" : -41.571827,
      "z" : 16.60263
    },
    "orientation" : 56
  }, {
    "shape" : "088eb9f4-b68f-4749-bc80-b93b69353e3a",
    "color" : "#008EC2",
    "position" : {
      "x" : 16.326239,
      "y" : -12.537383,
      "z" : 13.984597
    },
    "orientation" : 45
  }, {
    "shape" : "31855302-0b70-4681-be43-ee34a0cb92cb",
    "color" : "#F2F2F2",
    "position" : {
      "x" : 12.09017,
      "y" : -19.391485,
      "z" : 2.8944273
    }
  }, {
    "shape" : "31855302-0b70-4681-be43-ee34a0cb92cb",
    "color" : "#F2F2F2",
    "position" : {
      "x" : 10.472136,
      "y" : -16.77345,
      "z" : -6.5777087
    }
  }, {
    "shape" : "088eb9f4-b68f-4749-bc80-b93b69353e3a",
    "color" : "#008EC2",
    "position" : {
      "x" : 10.472136,
      "y" : -8.301315,
      "z" : 20.8387
    },
    "orientation" : 56
  }, {
    "shape" : "088eb9f4-b68f-4749-bc80-b93b69353e3a",
    "color" : "#008EC2",
    "position" : {
      "x" : -3.236068,
      "y" : 22.35116,
      "z" : 1.8944272
    },
    "orientation" : 16
  }, {
    "shape" : "648d3832-26fb-4646-95a7-6213b042e555",
    "color" : "#EB5200",
    "position" : {
      "x" : 3.618034,
      "y" : -19.391485,
      "z" : 16.60263
    },
    "orientation" : 17
  }, {
    "shape" : "088eb9f4-b68f-4749-bc80-b93b69353e3a",
    "color" : "#008EC2",
    "position" : {
      "x" : 12.09017,
      "y" : -5.6832814,
      "z" : 2.8944273
    },
    "orientation" : 2
  }, {
    "shape" : "088eb9f4-b68f-4749-bc80-b93b69353e3a",
    "color" : "#008EC2",
    "position" : {
      "x" : 3.618034,
      "y" : -5.6832814,
      "z" : 16.60263
    },
    "orientation" : 36
  }, {
    "shape" : "088eb9f4-b68f-4749-bc80-b93b69353e3a",
    "color" : "#008EC2",
    "position" : {
      "x" : 10.472136,
      "y" : 13.8790245,
      "z" : -25.52198
    },
    "orientation" : 55
  }, {
    "shape" : "648d3832-26fb-4646-95a7-6213b042e555",
    "color" : "#EB5200",
    "position" : {
      "x" : -10.09017,
      "y" : -10.91935,
      "z" : -2.3416407
    },
    "orientation" : 15
  }, {
    "shape" : "019c3279-c10e-4f36-8604-c03ea01cc7c0",
    "color" : "#EB5200",
    "position" : {
      "x" : 10.472136,
      "y" : 22.35116,
      "z" : 1.8944272
    },
    "orientation" : 26
  }, {
    "shape" : "088eb9f4-b68f-4749-bc80-b93b69353e3a",
    "color" : "#008EC2",
    "position" : {
      "x" : -10.09017,
      "y" : -27.86362,
      "z" : 8.130495
    },
    "orientation" : 41
  }, {
    "shape" : "31855302-0b70-4681-be43-ee34a0cb92cb",
    "color" : "#F2F2F2",
    "position" : {
      "x" : 3.618034,
      "y" : -19.391485,
      "z" : 25.074766
    }
  }, {
    "shape" : "088eb9f4-b68f-4749-bc80-b93b69353e3a",
    "color" : "#008EC2",
    "position" : {
      "x" : -14.326238,
      "y" : -34.717724,
      "z" : 19.220665
    },
    "orientation" : 22
  }, {
    "shape" : "31855302-0b70-4681-be43-ee34a0cb92cb",
    "color" : "#F2F2F2",
    "position" : {
      "x" : 12.09017,
      "y" : -5.6832814,
      "z" : 11.366563
    }
  }, {
    "shape" : "31855302-0b70-4681-be43-ee34a0cb92cb",
    "color" : "#F2F2F2",
    "position" : {
      "x" : 10.472136,
      "y" : 13.8790245,
      "z" : -25.52198
    }
  }, {
    "shape" : "088eb9f4-b68f-4749-bc80-b93b69353e3a",
    "color" : "#008EC2",
    "position" : {
      "x" : 3.618034,
      "y" : -19.391485,
      "z" : -10.813777
    },
    "orientation" : 38
  }, {
    "shape" : "648d3832-26fb-4646-95a7-6213b042e555",
    "color" : "#EB5200",
    "position" : {
      "x" : -5.854102,
      "y" : -4.0652475,
      "z" : 0.2763932
    },
    "orientation" : 27
  }, {
    "shape" : "648d3832-26fb-4646-95a7-6213b042e555",
    "color" : "#EB5200",
    "position" : {
      "x" : -5.854102,
      "y" : 9.642957,
      "z" : -4.959675
    },
    "orientation" : 6
  }, {
    "shape" : "088eb9f4-b68f-4749-bc80-b93b69353e3a",
    "color" : "#008EC2",
    "position" : {
      "x" : 3.618034,
      "y" : -5.6832814,
      "z" : 16.60263
    },
    "orientation" : 2
  }, {
    "shape" : "648d3832-26fb-4646-95a7-6213b042e555",
    "color" : "#EB5200",
    "position" : {
      "x" : -16.944271,
      "y" : -25.245588,
      "z" : 20.8387
    },
    "orientation" : 28
  }, {
    "shape" : "648d3832-26fb-4646-95a7-6213b042e555",
    "color" : "#EB5200",
    "position" : {
      "x" : 10.472136,
      "y" : -16.77345,
      "z" : 20.8387
    },
    "orientation" : 29
  }, {
    "shape" : "088eb9f4-b68f-4749-bc80-b93b69353e3a",
    "color" : "#008EC2",
    "position" : {
      "x" : 10.472136,
      "y" : 13.8790245,
      "z" : 1.8944272
    },
    "orientation" : 53
  }, {
    "shape" : "31855302-0b70-4681-be43-ee34a0cb92cb",
    "color" : "#F2F2F2",
    "position" : {
      "x" : -3.236068,
      "y" : 22.35116,
      "z" : 1.8944272
    }
  }, {
    "shape" : "648d3832-26fb-4646-95a7-6213b042e555",
    "color" : "#EB5200",
    "position" : {
      "x" : 3.618034,
      "y" : 11.26099,
      "z" : -21.285913
    },
    "orientation" : 14
  }, {
    "shape" : "648d3832-26fb-4646-95a7-6213b042e555",
    "color" : "#EB5200",
    "position" : {
      "x" : -10.09017,
      "y" : 2.7888544,
      "z" : 6.130495
    },
    "orientation" : 25
  }, {
    "shape" : "088eb9f4-b68f-4749-bc80-b93b69353e3a",
    "color" : "#008EC2",
    "position" : {
      "x" : -3.236068,
      "y" : 30.823296,
      "z" : -25.52198
    },
    "orientation" : 40
  }, {
    "shape" : "088eb9f4-b68f-4749-bc80-b93b69353e3a",
    "color" : "#008EC2",
    "position" : {
      "x" : -10.09017,
      "y" : -41.571827,
      "z" : 8.130495
    },
    "orientation" : 54
  }, {
