{
  "field" : "golden",
  "symmetry" : "icosahedral",
  "orientations" : [ [ 1.0, 0.0, 0.0, 0.0, 0.0, 1.0, 0.0, 0.0, 0.0, 0.0, 1.0, 0.0, 0.0, 0.0, 0.0, 1.0 ], [ 0.0, 0.0, 1.0, 0.0, 1.0, 0.0, 0.0, 0.0, 0.0, 1.0, 0.0, 0.0, 0.0, 0.0, 0.0, 1.0 ], [ 0.0, 1.0, 0.0, 0.0, 0.0, 0.0, 1.0, 0.0, 1.0, 0.0, 0.0, 0.0, 0.0, 0.0, 0.0, 1.0 ], [ 0.809017, 0.309017, 0.5, 0.0, 0.309017, 0.5, -0.809017, 0.0, -0.5, 0.809017, 0.309017, 0.0, 0.0, 0.0, 0.0, 1.0 ], [ -0.5, 0.809017, 0.309017, 0.0, 0.809017, 0.309017, 0.5, 0.0, 0.309017, 0.5, -0.809017, 0.0, 0.0, 0.0, 0.0, 1.0 ], [ 0.309017, 0.5, -0.809017, 0.0, -0.5, 0.809017, 0.309017, 0.0, 0.809017, 0.309017, 0.5, 0.0, 0.0, 0.0, 0.0, 1.0 ], [ 0.5, 0.809017, 0.309017, 0.0, 0.809017, -0.309017, -0.5, 0.0, -0.309017, 0.5, -0.809017, 0.0, 0.0, 0.0, 0.0, 1.0 ], [ -0.309017, 0.5, -0.809017, 0.0, 0.5, 0.809017, 0.309017, 0.0, 0.809017, -0.309017, -0.5, 0.0, 0.0, 0.0, 0.0, 1.0 ], [ 0.809017, -0.309017, -0.5, 0.0, -0.309017, 0.5, -0.809017, 0.0, 0.5, 0.809017, 0.309017, 0.0, 0.0, 0.0, 0.0, 1.0 ], [ 0.5, 0.809017, -0.309017, 0.0, 0.809017, -0.309017, 0.5, 0.0, 0.309017, -0.5, -0.809017, 0.0, 0.0, 0.0, 0.0, 1.0 ], [ 0.309017, -0.5, -0.809017, 0.0, 0.5, 0.809017, -0.309017, 0.0, 0.809017, -0.309017, 0.5, 0.0, 0.0, 0.0, 0.0, 1.0 ], [ 0.809017, -0.309017, 0.5, 0.0, 0.309017, -0.5, -0.809017, 0.0, 0.5, 0.809017, -0.309017, 0.0, 0.0, 0.0, 0.0, 1.0 ], [ 0.809017, 0.309017, -0.5, 0.0, 0.309017, 0.5, 0.809017, 0.0, 0.5, -0.809017, 0.309017, 0.0, 0.0, 0.0, 0.0, 1.0 ], [ 0.5, -0.809017, 0.309017, 0.0, 0.809017, 0.309017, -0.5, 0.0, 0.309017, 0.5, 0.809017, 0.0, 0.0, 0.0, 0.0, 1.0 ], [ 0.309017, 0.5, 0.809017, 0.0, 0.5, -0.809017, 0.309017, 0.0, 0.809017, 0.309017, -0.5, 0.0, 0.0, 0.0, 0.0, 1.0 ], [ 1.0, 0.0, 0.0, 0.0, 0.0, -1.0, 0.0, 0.0, 0.0, 0.0, -1.0, 0.0, 0.0, 0.0, 0.0, 1.0 ], [ 0.0, 0.0, 1.0, 0.0, -1.0, 0.0, 0.0, 0.0, 0.0, -1.0, 0.0, 0.0, 0.0, 0.0, 0.0, 1.0 ], [ 0.0, 1.0, 0.0, 0.0, 0.0, 0.0, -1.0, 0.0, -1.0, 0.0, 0.0, 0.0, 0.0, 0.0, 0.0, 1.0 ], [ 0.809017, 0.309017, 0.5, 0.0, -0.309017, -0.5, 0.809017, 0.0, 0.5, -0.809017, -0.309017, 0.0, 0.0, 0.0, 0.0, 1.0 ], [ -0.5, 0.809017, 0.309017, 0.0, -0.809017, -0.309017, -0.5, 0.0, -0.309017, -0.5, 0.809017, 0.0, 0.0, 0.0, 0.0, 1.0 ], [ 0.309017, 0.5, -0.809017, 0.0, 0.5, -0.809017, -0.309017, 0.0, -0.809017, -0.309017, -0.5, 0.0, 0.0, 0.0, 0.0, 1.0 ], [ 0.5, 0.809017, 0.309017, 0.0, -0.809017, 0.309017, 0.5, 0.0, 0.309017, -0.5, 0.809017, 0.0, 0.0, 0.0, 0.0, 1.0 ], [ -0.309017, 0.5, -0.809017, 0.0, -0.5, -0.809017, -0.309017, 0.0, -0.809017, 0.309017, 0.5, 0.0, 0.0, 0.0, 0.0, 1.0 ], [ 0.809017, -0.309017, -0.5, 0.0, 0.309017, -0.5, 0.809017, 0.0, -0.5, -0.809017, -0.309017, 0.0, 0.0, 0.0, 0.0, 1.0 ], [ 0.5, 0.809017, -0.309017, 0.0, -0.809017, 0.309017, -0.5, 0.0, -0.309017, 0.5, 0.809017, 0.0, 0.0, 0.0, 0.0, 1.0 ], [ 0.309017, -0.5, -0.809017, 0.0, -0.5, -0.809017, 0.309017, 0.0, -0.809017, 0.309017, -0.5, 0.0, 0.0, 0.0, 0.0, 1.0 ], [ 0.809017, -0.309017, 0.5, 0.0, -0.309017, 0.5, 0.809017, 0.0, -0.5, -0.809017, 0.309017, 0.0, 0.0, 0.0, 0.0, 1.0 ], [ 0.809017, 0.309017, -0.5, 0.0, -0.309017, -0.5, -0.809017, 0.0, -0.5, 0.809017, -0.309017, 0.0, 0.0, 0.0, 0.0, 1.0 ], [ 0.5, -0.809017, 0.309017, 0.0, -0.809017, -0.309017, 0.5, 0.0, -0.309017, -0.5, -0.809017, 0.0, 0.0, 0.0, 0.0, 1.0 ], [ 0.309017, 0.5, 0.809017, 0.0, -0.5, 0.809017, -0.309017, 0.0, -0.809017, -0.309017, 0.5, 0.0, 0.0, 0.0, 0.0, 1.0 ], [ -1.0, 0.0, 0.0, 0.0, 0.0, -1.0, 0.0, 0.0, 0.0, 0.0, 1.0, 0.0, 0.0, 0.0, 0.0, 1.0 ], [ 0.0, 0.0, -1.0, 0.0, -1.0, 0.0, 0.0, 0.0, 0.0, 1.0, 0.0, 0.0, 0.0, 0.0, 0.0, 1.0 ], [ 0.0, -1.0, 0.0, 0.0, 0.0, 0.0, -1.0, 0.0, 1.0, 0.0, 0.0, 0.0, 0.0, 0.0, 0.0, 1.0 ], [ -0.809017, -0.309017, -0.5, 0.0, -0.309017, -0.5, 0.809017, 0.0, -0.5, 0.809017, 0.309017, 0.0, 0.0, 0.0, 0.0, 1.0 ], [ 0.5, -0.809017, -0.309017, 0.0, -0.809017, -0.309017, -0.5, 0.0, 0.309017, 0.5, -0.809017, 0.0, 0.0, 0.0, 0.0, 1.0 ], [ -0.309017, -0.5, 0.809017, 0.0, 0.5, -0.809017, -0.309017, 0.0, 0.809017, 0.309017, 0.5, 0.0, 0.0, 0.0, 0.0, 1.0 ], [ -0.5, -0.809017, -0.309017, 0.0, -0.809017, 0.309017, 0.5, 0.0, -0.309017, 0.5, -0.809017, 0.0, 0.0, 0.0, 0.0, 1.0 ], [ 0.309017, -0.5, 0.809017, 0.0, -0.5, -0.809017, -0.309017, 0.0, 0.809017, -0.309017, -0.5, 0.0, 0.0, 0.0, 0.0, 1.0 ], [ -0.809017, 0.309017, 0.5, 0.0, 0.309017, -0.5, 0.809017, 0.0, 0.5, 0.809017, 0.309017, 0.0, 0.0, 0.0, 0.0, 1.0 ], [ -0.5, -0.809017, 0.309017, 0.0, -0.809017, 0.309017, -0.5, 0.0, 0.309017, -0.5, -0.809017, 0.0, 0.0, 0.0, 0.0, 1.0 ], [ -0.309017, 0.5, 0.809017, 0.0, -0.5, -0.809017, 0.309017, 0.0, 0.809017, -0.309017, 0.5, 0.0, 0.0, 0.0, 0.0, 1.0 ], [ -0.809017, 0.309017, -0.5, 0.0, -0.309017, 0.5, 0.809017, 0.0, 0.5, 0.809017, -0.309017, 0.0, 0.0, 0.0, 0.0, 1.0 ], [ -0.809017, -0.309017, 0.5, 0.0, -0.309017, -0.5, -0.809017, 0.0, 0.5, -0.809017, 0.309017, 0.0, 0.0, 0.0, 0.0, 1.0 ], [ -0.5, 0.809017, -0.309017, 0.0, -0.809017, -0.309017, 0.5, 0.0, 0.309017, 0.5, 0.809017, 0.0, 0.0, 0.0, 0.0, 1.0 ], [ -0.309017, -0.5, -0.809017, 0.0, -0.5, 0.809017, -0.309017, 0.0, 0.809017, 0.309017, -0.5, 0.0, 0.0, 0.0, 0.0, 1.0 ], [ -1.0, 0.0, 0.0, 0.0, 0.0, 1.0, 0.0, 0.0, 0.0, 0.0, -1.0, 0.0, 0.0, 0.0, 0.0, 1.0 ], [ 0.0, 0.0, -1.0, 0.0, 1.0, 0.0, 0.0, 0.0, 0.0, -1.0, 0.0, 0.0, 0.0, 0.0, 0.0, 1.0 ], [ 0.0, -1.0, 0.0, 0.0, 0.0, 0.0, 1.0, 0.0, -1.0, 0.0, 0.0, 0.0, 0.0, 0.0, 0.0, 1.0 ], [ -0.809017, -0.309017, -0.5, 0.0, 0.309017, 0.5, -0.809017, 0.0, 0.5, -0.809017, -0.309017, 0.0, 0.0, 0.0, 0.0, 1.0 ], [ 0.5, -0.809017, -0.309017, 0.0, 0.809017, 0.309017, 0.5, 0.0, -0.309017, -0.5, 0.809017, 0.0, 0.0, 0.0, 0.0, 1.0 ], [ -0.309017, -0.5, 0.809017, 0.0, -0.5, 0.809017, 0.309017, 0.0, -0.809017, -0.309017, -0.5, 0.0, 0.0, 0.0, 0.0, 1.0 ], [ -0.5, -0.809017, -0.309017, 0.0, 0.809017, -0.309017, -0.5, 0.0, 0.309017, -0.5, 0.809017, 0.0, 0.0, 0.0, 0.0, 1.0 ], [ 0.309017, -0.5, 0.809017, 0.0, 0.5, 0.809017, 0.309017, 0.0, -0.809017, 0.309017, 0.5, 0.0, 0.0, 0.0, 0.0, 1.0 ], [ -0.809017, 0.309017, 0.5, 0.0, -0.309017, 0.5, -0.809017, 0.0, -0.5, -0.809017, -0.309017, 0.0, 0.0, 0.0, 0.0, 1.0 ], [ -0.5, -0.809017, 0.309017, 0.0, 0.809017, -0.309017, 0.5, 0.0, -0.309017, 0.5, 0.809017, 0.0, 0.0, 0.0, 0.0, 1.0 ], [ -0.309017, 0.5, 0.809017, 0.0, 0.5, 0.809017, -0.309017, 0.0, -0.809017, 0.309017, -0.5, 0.0, 0.0, 0.0, 0.0, 1.0 ], [ -0.809017, 0.309017, -0.5, 0.0, 0.309017, -0.5, -0.809017, 0.0, -0.5, -0.809017, 0.309017, 0.0, 0.0, 0.0, 0.0, 1.0 ], [ -0.809017, -0.309017, 0.5, 0.0, 0.309017, 0.5, 0.809017, 0.0, -0.5, 0.809017, -0.309017, 0.0, 0.0, 0.0, 0.0, 1.0 ], [ -0.5, 0.809017, -0.309017, 0.0, 0.809017, 0.309017, -0.5, 0.0, -0.309017, -0.5, -0.809017, 0.0, 0.0, 0.0, 0.0, 1.0 ], [ -0.309017, -0.5, -0.809017, 0.0, 0.5, -0.809017, 0.309017, 0.0, -0.809017, -0.309017, 0.5, 0.0, 0.0, 0.0, 0.0, 1.0 ] ],
  "lights" : {
    "ambientColor" : "#292929",
    "backgroundColor" : "#E5E5E5",
    "directionalLights" : [ {
      "direction" : {
        "x" : 1.0,
        "y" : -1.0,
        "z" : -1.0
      },
      "color" : "#EBEBE4"
    }, {
      "direction" : {
        "x" : -1.0,
        "y" : 0.0,
        "z" : 0.0
      },
      "color" : "#E4E4EB"
    }, {
      "direction" : {
        "x" : 0.0,
        "y" : 0.0,
        "z" : -1.0
      },
      "color" : "#1E1E1E"
    } ]
  },
  "camera" : {
    "stereo" : false,
    "width" : 314.30762,
    "perspective" : false,
    "lookDirection" : {
      "x" : 0.0,
      "y" : 0.0,
      "z" : -1.0
    },
    "upDirection" : {
      "x" : 0.0,
      "y" : 1.0,
      "z" : 0.0
    },
    "lookAtPoint" : {
      "x" : 0.0,
      "y" : 0.0,
      "z" : 0.0
    },
    "viewDistance" : 698.4612,
    "nearClipDistance" : 1.7461541,
    "farClipDistance" : 1396.9244,
    "fieldOfView" : 0.442629,
    "position" : {
      "x" : 0.0,
      "y" : 0.0,
      "z" : 698.4612
    }
  },
  "embedding" : [ 1.0, 0.0, 0.0, 0.0, 0.0, 1.0, 0.0, 0.0, 0.0, 0.0, 1.0, 0.0, 0.0, 0.0, 0.0, 1.0 ],
  "shapes" : [ {
    "id" : "785f91ef-4d35-47eb-a0f1-b81a81af878d",
    "vertices" : [ {
      "x" : -27.034441,
      "y" : -64.92299,
      "z" : -29.034441
    }, {
      "x" : -20.18034,
      "y" : -53.832817,
      "z" : -33.27051
    }, {
      "x" : -27.034441,
      "y" : -42.742645,
      "z" : -37.506577
    }, {
      "x" : -33.888542,
      "y" : -53.832817,
      "z" : -33.27051
    } ],
    "faces" : [ {
      "vertices" : [ 0, 1, 2 ]
    }, {
      "vertices" : [ 0, 2, 3 ]
    }, {
      "vertices" : [ 0, 3, 2 ]
    }, {
      "vertices" : [ 0, 2, 1 ]
    } ]
  }, {
    "id" : "dd872360-fe7d-4ecf-bc3a-dd21f344f81e",
    "vertices" : [ {
      "x" : 1.0,
      "y" : 0.309017,
      "z" : 0.19098301
    }, {
      "x" : 1.0,
      "y" : -0.309017,
      "z" : 0.19098301
    }, {
      "x" : 12.708204,
      "y" : -0.309017,
      "z" : 0.19098301
    }, {
      "x" : 12.708204,
      "y" : 0.309017,
      "z" : 0.19098301
    }, {
      "x" : 12.708204,
      "y" : -0.309017,
      "z" : -0.19098301
    }, {
      "x" : 12.708204,
      "y" : 0.309017,
      "z" : -0.19098301
    }, {
      "x" : 13.326238,
      "y" : 0.0,
      "z" : 0.0
    }, {
      "x" : 0.38196602,
      "y" : 0.0,
      "z" : 0.0
    }, {
      "x" : 1.0,
      "y" : 0.309017,
      "z" : -0.19098301
    }, {
      "x" : 1.0,
      "y" : -0.309017,
      "z" : -0.19098301
    }, {
      "x" : 13.708204,
      "y" : 0.0,
      "z" : 0.0
    } ],
    "faces" : [ {
      "vertices" : [ 1, 9, 4 ]
    }, {
      "vertices" : [ 1, 4, 2 ]
    }, {
      "vertices" : [ 0, 3, 5 ]
    }, {
      "vertices" : [ 0, 5, 8 ]
    }, {
      "vertices" : [ 1, 7, 9 ]
    }, {
      "vertices" : [ 0, 1, 2 ]
    }, {
      "vertices" : [ 0, 2, 3 ]
    }, {
      "vertices" : [ 7, 8, 9 ]
    }, {
      "vertices" : [ 0, 7, 1 ]
    }, {
      "vertices" : [ 4, 9, 8 ]
    }, {
      "vertices" : [ 4, 8, 5 ]
    }, {
      "vertices" : [ 2, 6, 3 ]
    }, {
      "vertices" : [ 2, 4, 6 ]
    }, {
      "vertices" : [ 3, 6, 5 ]
    }, {
      "vertices" : [ 4, 5, 6 ]
    }, {
      "vertices" : [ 0, 8, 7 ]
    } ]
  }, {
    "id" : "c544a71d-87cc-4d76-80a9-098e5ce582bf",
    "vertices" : [ {
      "x" : 0.309017,
      "y" : -0.309017,
      "z" : -0.309017
    }, {
      "x" : 0.5,
      "y" : 0.0,
      "z" : -0.19098301
    }, {
      "x" : 0.5,
      "y" : 0.0,
      "z" : 0.19098301
    }, {
      "x" : 0.309017,
      "y" : -0.309017,
      "z" : 0.309017
    }, {
      "x" : 0.19098301,
      "y" : -0.5,
      "z" : 0.0
    }, {
      "x" : 0.0,
      "y" : 0.19098301,
      "z" : 0.5
    }, {
      "x" : 0.0,
      "y" : -0.19098301,
      "z" : 0.5
    }, {
      "x" : 0.309017,
      "y" : 0.309017,
      "z" : 0.309017
    }, {
      "x" : -0.309017,
      "y" : -0.309017,
      "z" : 0.309017
    }, {
      "x" : -0.309017,
      "y" : 0.309017,
      "z" : 0.309017
    }, {
      "x" : -0.5,
      "y" : 0.0,
      "z" : 0.19098301
    }, {
      "x" : 0.0,
      "y" : -0.19098301,
      "z" : -0.5
    }, {
      "x" : 0.0,
      "y" : 0.19098301,
      "z" : -0.5
    }, {
      "x" : 0.309017,
      "y" : 0.309017,
      "z" : -0.309017
    }, {
      "x" : -0.309017,
      "y" : -0.309017,
      "z" : -0.309017
    }, {
      "x" : -0.19098301,
      "y" : -0.5,
      "z" : 0.0
    }, {
      "x" : -0.5,
      "y" : 0.0,
      "z" : -0.19098301
    }, {
      "x" : 0.19098301,
      "y" : 0.5,
      "z" : 0.0
    }, {
      "x" : -0.309017,
      "y" : 0.309017,
      "z" : -0.309017
    }, {
      "x" : 0.0,
      "y" : 0.0,
      "z" : 0.0
    }, {
      "x" : -0.19098301,
      "y" : 0.5,
      "z" : 0.0
    } ],
    "faces" : [ {
      "vertices" : [ 12, 18, 20 ]
    }, {
      "vertices" : [ 12, 20, 17 ]
    }, {
      "vertices" : [ 12, 17, 13 ]
    }, {
      "vertices" : [ 3, 6, 8 ]
    }, {
      "vertices" : [ 3, 8, 15 ]
    }, {
      "vertices" : [ 3, 15, 4 ]
    }, {
      "vertices" : [ 0, 11, 12 ]
    }, {
      "vertices" : [ 0, 12, 13 ]
    }, {
      "vertices" : [ 0, 13, 1 ]
    }, {
      "vertices" : [ 5, 9, 10 ]
    }, {
      "vertices" : [ 5, 10, 8 ]
    }, {
      "vertices" : [ 5, 8, 6 ]
    }, {
      "vertices" : [ 2, 7, 5 ]
    }, {
      "vertices" : [ 2, 5, 6 ]
    }, {
      "vertices" : [ 2, 6, 3 ]
    }, {
      "vertices" : [ 11, 14, 16 ]
    }, {
      "vertices" : [ 11, 16, 18 ]
    }, {
      "vertices" : [ 11, 18, 12 ]
    }, {
      "vertices" : [ 1, 13, 17 ]
    }, {
      "vertices" : [ 1, 17, 7 ]
    }, {
      "vertices" : [ 1, 7, 2 ]
    }, {
      "vertices" : [ 9, 20, 18 ]
    }, {
      "vertices" : [ 9, 18, 16 ]
    }, {
      "vertices" : [ 9, 16, 10 ]
    }, {
      "vertices" : [ 0, 1, 2 ]
    }, {
      "vertices" : [ 0, 2, 3 ]
    }, {
      "vertices" : [ 0, 3, 4 ]
    }, {
      "vertices" : [ 5, 7, 17 ]
    }, {
      "vertices" : [ 5, 17, 20 ]
    }, {
      "vertices" : [ 5, 20, 9 ]
    }, {
      "vertices" : [ 0, 4, 15 ]
    }, {
      "vertices" : [ 0, 15, 14 ]
    }, {
      "vertices" : [ 0, 14, 11 ]
    }, {
      "vertices" : [ 8, 10, 16 ]
    }, {
      "vertices" : [ 8, 16, 14 ]
    }, {
      "vertices" : [ 8, 14, 15 ]
    } ]
  }, {
    "id" : "26044ccf-3bc2-46bd-b835-b5e25f23d8d5",
    "vertices" : [ {
      "x" : -62.922985,
      "y" : -42.742645,
      "z" : -15.326238
    }, {
      "x" : -67.15905,
      "y" : -35.888542,
      "z" : -4.236068
    }, {
      "x" : -71.39512,
      "y" : -42.742645,
      "z" : 6.854102
    }, {
      "x" : -67.15905,
      "y" : -49.59675,
      "z" : -4.236068
    } ],
    "faces" : [ {
      "vertices" : [ 0, 1, 2 ]
    }, {
      "vertices" : [ 0, 2, 3 ]
    }, {
      "vertices" : [ 0, 3, 2 ]
    }, {
      "vertices" : [ 0, 2, 1 ]
    } ]
  }, {
    "id" : "21ce15c0-841d-4c29-b77b-16ef1a6cb3e6",
    "vertices" : [ {
      "x" : 109.665634,
      "y" : 17.944271,
      "z" : 33.27051
    }, {
      "x" : 113.9017,
      "y" : 24.798374,
      "z" : 22.18034
    }, {
      "x" : 120.7558,
      "y" : 13.708204,
      "z" : 17.944271
    }, {
      "x" : 116.51973,
      "y" : 6.854102,
      "z" : 29.034441
    } ],
    "faces" : [ {
      "vertices" : [ 0, 1, 2 ]
    }, {
      "vertices" : [ 0, 2, 3 ]
    }, {
      "vertices" : [ 0, 3, 2 ]
    }, {
      "vertices" : [ 0, 2, 1 ]
    } ]
  }, {
    "id" : "5cbe6d76-e279-409d-a7cb-9a77f57d9e9a",
    "vertices" : [ {
      "x" : -71.39512,
      "y" : -42.742645,
      "z" : 6.854102
    }, {
      "x" : -64.54102,
      "y" : -31.652475,
      "z" : 11.09017
    }, {
      "x" : -60.30495,
      "y" : -24.798374,
      "z" : 22.18034
    }, {
      "x" : -67.15905,
      "y" : -35.888542,
      "z" : 17.944271
    } ],
    "faces" : [ {
      "vertices" : [ 0, 1, 2 ]
    }, {
      "vertices" : [ 0, 2, 3 ]
    }, {
      "vertices" : [ 0, 3, 2 ]
    }, {
      "vertices" : [ 0, 2, 1 ]
    } ]
  }, {
    "id" : "4fa1d990-6c73-40e2-840e-be1e228fe565",
    "vertices" : [ {
      "x" : 2.309017,
      "y" : 24.298374,
      "z" : 16.135256
    }, {
      "x" : 13.399187,
      "y" : 20.062305,
      "z" : 9.281153
    }, {
      "x" : 6.545085,
      "y" : 8.972136,
      "z" : 5.045085
    }, {
      "x" : -4.545085,
      "y" : 13.208204,
      "z" : 11.899187
    } ],
    "faces" : [ {
      "vertices" : [ 0, 1, 2 ]
    }, {
      "vertices" : [ 0, 2, 3 ]
    }, {
      "vertices" : [ 0, 3, 2 ]
    }, {
      "vertices" : [ 0, 2, 1 ]
    } ]
  }, {
    "id" : "423cb488-dd48-4b15-b8c6-3db144137108",
    "vertices" : [ {
      "x" : -9.09017,
      "y" : -58.068882,
      "z" : 40.12461
    }, {
      "x" : -15.944272,
      "y" : -46.978714,
      "z" : 44.36068
    }, {
      "x" : -9.09017,
      "y" : -35.888542,
      "z" : 40.12461
    }, {
      "x" : -2.236068,
      "y" : -46.978714,
      "z" : 35.888542
    } ],
    "faces" : [ {
      "vertices" : [ 0, 1, 2 ]
    }, {
      "vertices" : [ 0, 2, 3 ]
    }, {
      "vertices" : [ 0, 3, 2 ]
    }, {
      "vertices" : [ 0, 2, 1 ]
    } ]
  }, {
    "id" : "fda7533f-4584-460f-93e9-a1f5bcebb0cf",
    "vertices" : [ {
      "x" : -62.922985,
      "y" : -42.742645,
      "z" : 29.034441
    }, {
      "x" : -67.15905,
      "y" : -35.888542,
      "z" : 17.944271
    }, {
      "x" : -60.30495,
      "y" : -24.798374,
      "z" : 22.18034
    }, {
      "x" : -56.068882,
      "y" : -31.652475,
      "z" : 33.27051
    } ],
    "faces" : [ {
      "vertices" : [ 0, 1, 2 ]
    }, {
      "vertices" : [ 0, 2, 3 ]
    }, {
      "vertices" : [ 0, 3, 2 ]
    }, {
      "vertices" : [ 0, 2, 1 ]
    } ]
  }, {
    "id" : "0f39ef9d-a77d-4d23-95e1-12d76436af50",
    "vertices" : [ {
      "x" : 80.63119,
      "y" : 51.214783,
      "z" : -6.854102
    }, {
      "x" : 80.63119,
      "y" : 51.214783,
      "z" : 6.854102
    }, {
      "x" : 66.92299,
      "y" : 51.214783,
      "z" : 6.854102
    }, {
      "x" : 66.92299,
      "y" : 51.214783,
      "z" : -6.854102
    } ],
    "faces" : [ {
      "vertices" : [ 0, 1, 2 ]
    }, {
      "vertices" : [ 0, 2, 3 ]
    }, {
      "vertices" : [ 0, 3, 2 ]
    }, {
      "vertices" : [ 0, 2, 1 ]
    } ]
  }, {
    "id" : "5b982a6b-ae40-4856-a88d-346e3af34ce9",
    "vertices" : [ {
      "x" : 80.63119,
      "y" : 51.214783,
      "z" : 6.854102
    }, {
      "x" : 80.63119,
      "y" : 51.214783,
      "z" : -6.854102
    }, {
      "x" : 91.72136,
      "y" : 46.978714,
      "z" : -13.708204
    }, {
      "x" : 91.72136,
      "y" : 46.978714,
      "z" : 0.0
    } ],
    "faces" : [ {
      "vertices" : [ 0, 1, 2 ]
    }, {
      "vertices" : [ 0, 2, 3 ]
    }, {
      "vertices" : [ 0, 3, 2 ]
    }, {
      "vertices" : [ 0, 2, 1 ]
    } ]
  }, {
    "id" : "d4d0c4bc-c7df-4526-ba22-99934afd23c1",
    "vertices" : [ {
      "x" : -27.034441,
      "y" : -20.562305,
      "z" : 42.742645
    }, {
      "x" : -33.888542,
      "y" : -31.652475,
      "z" : 46.978714
    }, {
      "x" : -27.034441,
      "y" : -42.742645,
      "z" : 51.214783
    }, {
      "x" : -20.18034,
      "y" : -31.652475,
      "z" : 46.978714
    } ],
    "faces" : [ {
      "vertices" : [ 0, 1, 2 ]
    }, {
      "vertices" : [ 0, 2, 3 ]
    }, {
      "vertices" : [ 0, 3, 2 ]
    }, {
      "vertices" : [ 0, 2, 1 ]
    } ]
  }, {
    "id" : "5df02f7b-6783-443a-894c-78ce7b5b65d8",
    "vertices" : [ {
      "x" : -71.39512,
      "y" : -42.742645,
      "z" : 6.854102
    }, {
      "x" : -67.15905,
      "y" : -35.888542,
      "z" : -4.236068
    }, {
      "x" : -60.30495,
      "y" : -24.798374,
      "z" : 0.0
    }, {
      "x" : -64.54102,
      "y" : -31.652475,
      "z" : 11.09017
    } ],
    "faces" : [ {
      "vertices" : [ 0, 1, 2 ]
    }, {
      "vertices" : [ 0, 2, 3 ]
    }, {
      "vertices" : [ 0, 3, 2 ]
    }, {
      "vertices" : [ 0, 2, 1 ]
    } ]
  }, {
    "id" : "3e3b4eef-f9d7-4c7b-9c68-0e4d07f84f3f",
    "vertices" : [ {
      "x" : 98.57546,
      "y" : -22.18034,
      "z" : -40.12461
    }, {
      "x" : 91.72136,
      "y" : -33.27051,
      "z" : -35.888542
    }, {
      "x" : 95.95743,
      "y" : -40.12461,
      "z" : -24.798374
    }, {
      "x" : 102.81153,
      "y" : -29.034441,
      "z" : -29.034441
    } ],
    "faces" : [ {
      "vertices" : [ 0, 1, 2 ]
    }, {
      "vertices" : [ 0, 2, 3 ]
    }, {
      "vertices" : [ 0, 3, 2 ]
    }, {
      "vertices" : [ 0, 2, 1 ]
    } ]
  }, {
    "id" : "e56bcb4d-3c33-4825-bacb-5cea595d06f4",
    "vertices" : [ {
      "x" : -115.7558,
      "y" : 18.562305,
      "z" : -1.618034
    }, {
      "x" : -122.6099,
      "y" : 7.472136,
      "z" : 2.618034
    }, {
      "x" : -111.51973,
      "y" : 3.236068,
      "z" : -4.236068
    }, {
      "x" : -104.665634,
      "y" : 14.326238,
      "z" : -8.472136
    } ],
    "faces" : [ {
      "vertices" : [ 0, 1, 2 ]
    }, {
      "vertices" : [ 0, 2, 3 ]
    }, {
      "vertices" : [ 0, 3, 2 ]
    }, {
      "vertices" : [ 0, 2, 1 ]
    } ]
  }, {
    "id" : "677797bb-1c35-4cd7-9b80-d42f279927d9",
    "vertices" : [ {
      "x" : -27.034441,
      "y" : -64.92299,
      "z" : 42.742645
    }, {
      "x" : -20.18034,
      "y" : -53.832817,
      "z" : 46.978714
    }, {
      "x" : -9.09017,
      "y" : -58.068882,
      "z" : 40.12461
    }, {
      "x" : -15.944272,
      "y" : -69.15905,
      "z" : 35.888542
    } ],
    "faces" : [ {
      "vertices" : [ 0, 1, 2 ]
    }, {
      "vertices" : [ 0, 2, 3 ]
    }, {
      "vertices" : [ 0, 3, 2 ]
    }, {
      "vertices" : [ 0, 2, 1 ]
    } ]
  }, {
    "id" : "c1b81cc8-4d0f-4148-83bf-f6684fa94404",
    "vertices" : [ {
      "x" : 33.652477,
      "y" : -24.798374,
      "z" : 22.18034
    }, {
      "x" : 37.888542,
      "y" : -17.944271,
      "z" : 33.27051
    }, {
      "x" : 48.978714,
      "y" : -22.18034,
      "z" : 40.12461
    }, {
      "x" : 44.742645,
      "y" : -29.034441,
      "z" : 29.034441
    } ],
    "faces" : [ {
      "vertices" : [ 0, 1, 2 ]
    }, {
      "vertices" : [ 0, 2, 3 ]
    }, {
      "vertices" : [ 0, 3, 2 ]
    }, {
      "vertices" : [ 0, 2, 1 ]
    } ]
  }, {
    "id" : "b05d7742-246c-4e90-9d66-e5dfd5db994e",
    "vertices" : [ {
      "x" : 44.742645,
      "y" : -42.742645,
      "z" : 6.854102
    }, {
      "x" : 55.832817,
      "y" : -46.978714,
      "z" : 13.708204
    }, {
      "x" : 66.92299,
      "y" : -51.214783,
      "z" : 6.854102
    }, {
      "x" : 55.832817,
      "y" : -46.978714,
      "z" : 0.0
    } ],
    "faces" : [ {
      "vertices" : [ 0, 1, 2 ]
    }, {
      "vertices" : [ 0, 2, 3 ]
    }, {
      "vertices" : [ 0, 3, 2 ]
    }, {
      "vertices" : [ 0, 2, 1 ]
    } ]
  }, {
    "id" : "e10a3d9e-10eb-4045-940b-ede300dab6f3",
    "vertices" : [ {
      "x" : -86.72136,
      "y" : 29.652475,
      "z" : -11.09017
    }, {
      "x" : -82.48529,
      "y" : 36.506577,
      "z" : 0.0
    }, {
      "x" : -93.57546,
      "y" : 40.742645,
      "z" : 6.854102
    }, {
      "x" : -97.81153,
      "y" : 33.888542,
      "z" : -4.236068
    } ],
    "faces" : [ {
      "vertices" : [ 0, 1, 2 ]
    }, {
      "vertices" : [ 0, 2, 3 ]
    }, {
      "vertices" : [ 0, 3, 2 ]
    }, {
      "vertices" : [ 0, 2, 1 ]
    } ]
  }, {
    "id" : "e1edee7a-6e00-4f39-9234-7aaa54bcb887",
    "vertices" : [ {
      "x" : 48.978714,
      "y" : -13.708204,
      "z" : 40.12461
    }, {
      "x" : 37.888542,
      "y" : -17.944271,
      "z" : 33.27051
    }, {
      "x" : 37.888542,
      "y" : -4.236068,
      "z" : 33.27051
    }, {
      "x" : 48.978714,
      "y" : 0.0,
      "z" : 40.12461
    } ],
    "faces" : [ {
      "vertices" : [ 0, 1, 2 ]
    }, {
      "vertices" : [ 0, 2, 3 ]
    }, {
      "vertices" : [ 0, 3, 2 ]
    }, {
      "vertices" : [ 0, 2, 1 ]
    } ]
  }, {
    "id" : "df6ed888-d915-4a68-9cc7-a45489820641",
    "vertices" : [ {
      "x" : 26.798374,
      "y" : -13.708204,
      "z" : -17.944271
    }, {
      "x" : 22.562305,
      "y" : -6.854102,
      "z" : -6.854102
    }, {
      "x" : 29.416409,
      "y" : -17.944271,
      "z" : -11.09017
    }, {
      "x" : 33.652477,
      "y" : -24.798374,
      "z" : -22.18034
    } ],
    "faces" : [ {
      "vertices" : [ 0, 1, 2 ]
    }, {
      "vertices" : [ 0, 2, 3 ]
    }, {
      "vertices" : [ 0, 3, 2 ]
    }, {
      "vertices" : [ 0, 2, 1 ]
    } ]
  }, {
    "id" : "f67bc761-fd8d-453c-80c1-4a5158422adc",
    "vertices" : [ {
      "x" : -126.84597,
      "y" : 14.326238,
      "z" : 13.708204
    }, {
      "x" : -122.6099,
      "y" : 21.18034,
      "z" : 24.798374
    }, {
      "x" : -118.37383,
      "y" : 14.326238,
      "z" : 35.888542
    }, {
      "x" : -122.6099,
      "y" : 7.472136,
      "z" : 24.798374
    } ],
    "faces" : [ {
      "vertices" : [ 0, 1, 2 ]
    }, {
      "vertices" : [ 0, 2, 3 ]
    }, {
      "vertices" : [ 0, 3, 2 ]
    }, {
      "vertices" : [ 0, 2, 1 ]
    } ]
  }, {
    "id" : "faa7d4b4-f9fd-4f95-9c4e-1554341d0ad0",
    "vertices" : [ {
      "x" : 37.888542,
      "y" : 17.944271,
      "z" : -33.27051
    }, {
      "x" : 31.034441,
      "y" : 6.854102,
      "z" : -29.034441
    }, {
      "x" : 31.034441,
      "y" : -6.854102,
      "z" : -29.034441
    }, {
      "x" : 37.888542,
      "y" : 4.236068,
      "z" : -33.27051
    } ],
    "faces" : [ {
      "vertices" : [ 0, 1, 2 ]
    }, {
      "vertices" : [ 0, 2, 3 ]
    }, {
      "vertices" : [ 0, 3, 2 ]
    }, {
      "vertices" : [ 0, 2, 1 ]
    } ]
  }, {
    "id" : "5edd5573-e237-4b95-9351-ac6ddd31f1d2",
    "vertices" : [ {
      "x" : -42.36068,
      "y" : 70.777084,
      "z" : 11.09017
    }, {
      "x" : -49.214783,
      "y" : 59.686916,
      "z" : 15.326238
    }, {
      "x" : -56.068882,
      "y" : 48.59675,
      "z" : 11.09017
    }, {
      "x" : -49.214783,
      "y" : 59.686916,
      "z" : 6.854102
    } ],
    "faces" : [ {
      "vertices" : [ 0, 1, 2 ]
    }, {
      "vertices" : [ 0, 2, 3 ]
    }, {
      "vertices" : [ 0, 3, 2 ]
    }, {
      "vertices" : [ 0, 2, 1 ]
    } ]
  }, {
    "id" : "29ec062d-bbe1-42d2-83b5-ce622606a09c",
    "vertices" : [ {
      "x" : -11.708204,
      "y" : 48.59675,
      "z" : 11.09017
    }, {
      "x" : -18.562305,
      "y" : 37.506577,
      "z" : 6.854102
    }, {
      "x" : -25.416409,
      "y" : 26.416409,
      "z" : 11.09017
    }, {
      "x" : -18.562305,
      "y" : 37.506577,
      "z" : 15.326238
    } ],
    "faces" : [ {
      "vertices" : [ 0, 1, 2 ]
    }, {
      "vertices" : [ 0, 2, 3 ]
    }, {
      "vertices" : [ 0, 3, 2 ]
    }, {
      "vertices" : [ 0, 2, 1 ]
    } ]
  }, {
    "id" : "336b8fcf-5230-4842-b884-bddddcba7e71",
    "vertices" : [ {
      "x" : -31.27051,
      "y" : 66.54102,
      "z" : 17.944271
    }, {
      "x" : -20.18034,
      "y" : 62.30495,
      "z" : 11.09017
    }, {
      "x" : -15.944272,
      "y" : 55.45085,
      "z" : 22.18034
    }, {
      "x" : -27.034441,
      "y" : 59.686916,
      "z" : 29.034441
    } ],
    "faces" : [ {
      "vertices" : [ 0, 1, 2 ]
    }, {
      "vertices" : [ 0, 2, 3 ]
    }, {
      "vertices" : [ 0, 3, 2 ]
    }, {
      "vertices" : [ 0, 2, 1 ]
    } ]
  }, {
    "id" : "168fbe78-d1d3-4a37-9fbf-eec00f7d6f33",
    "vertices" : [ {
      "x" : -0.618034,
      "y" : -71.777084,
      "z" : -4.236068
    }, {
      "x" : -11.708204,
      "y" : -76.01315,
      "z" : -11.09017
    }, {
      "x" : -15.944272,
      "y" : -82.867256,
      "z" : 0.0
    }, {
      "x" : -4.854102,
      "y" : -78.63119,
      "z" : 6.854102
    } ],
    "faces" : [ {
      "vertices" : [ 0, 1, 2 ]
    }, {
      "vertices" : [ 0, 2, 3 ]
    }, {
      "vertices" : [ 0, 3, 2 ]
    }, {
      "vertices" : [ 0, 2, 1 ]
    } ]
  }, {
    "id" : "d181ca74-d69a-4e6b-a5f6-f2d585bee2d9",
    "vertices" : [ {
      "x" : -100.429565,
      "y" : -14.708204,
      "z" : 24.798374
    }, {
      "x" : -104.665634,
      "y" : -7.854102,
      "z" : 35.888542
    }, {
      "x" : -100.429565,
      "y" : -1.0,
      "z" : 46.978714
    }, {
      "x" : -96.1935,
      "y" : -7.854102,
      "z" : 35.888542
    } ],
    "faces" : [ {
      "vertices" : [ 0, 1, 2 ]
    }, {
      "vertices" : [ 0, 2, 3 ]
    }, {
      "vertices" : [ 0, 3, 2 ]
    }, {
      "vertices" : [ 0, 2, 1 ]
    } ]
  }, {
    "id" : "ed86743a-da7e-4714-86ff-83d57141b2c3",
    "vertices" : [ {
      "x" : 113.9017,
      "y" : -24.798374,
      "z" : 0.0
    }, {
      "x" : 107.0476,
      "y" : -35.888542,
      "z" : -4.236068
    }, {
      "x" : 102.81153,
      "y" : -42.742645,
      "z" : 6.854102
    }, {
      "x" : 109.665634,
      "y" : -31.652475,
      "z" : 11.09017
    } ],
    "faces" : [ {
      "vertices" : [ 0, 1, 2 ]
    }, {
      "vertices" : [ 0, 2, 3 ]
    }, {
      "vertices" : [ 0, 3, 2 ]
    }, {
      "vertices" : [ 0, 2, 1 ]
    } ]
  }, {
    "id" : "754685ae-8826-4295-85c8-6c18f7d32b1b",
    "vertices" : [ {
      "x" : 44.742645,
      "y" : 42.742645,
      "z" : 6.854102
    }, {
      "x" : 55.832817,
      "y" : 46.978714,
      "z" : 13.708204
    }, {
      "x" : 51.59675,
      "y" : 40.12461,
      "z" : 24.798374
    }, {
      "x" : 40.506577,
      "y" : 35.888542,
      "z" : 17.944271
    } ],
    "faces" : [ {
      "vertices" : [ 0, 1, 2 ]
    }, {
      "vertices" : [ 0, 2, 3 ]
    }, {
      "vertices" : [ 0, 3, 2 ]
    }, {
      "vertices" : [ 0, 2, 1 ]
    } ]
  }, {
    "id" : "30c25636-43bd-4189-995f-092b7db6f879",
    "vertices" : [ {
      "x" : -118.37383,
      "y" : 0.618034,
      "z" : 13.708204
    }, {
      "x" : -122.6099,
      "y" : 7.472136,
      "z" : 2.618034
    }, {
      "x" : -126.84597,
      "y" : 14.326238,
      "z" : 13.708204
    }, {
      "x" : -122.6099,
      "y" : 7.472136,
      "z" : 24.798374
    } ],
    "faces" : [ {
      "vertices" : [ 0, 1, 2 ]
    }, {
      "vertices" : [ 0, 2, 3 ]
    }, {
      "vertices" : [ 0, 3, 2 ]
    }, {
      "vertices" : [ 0, 2, 1 ]
    } ]
  }, {
    "id" : "cbb6344c-6093-4ce6-803b-18074c3199ee",
    "vertices" : [ {
      "x" : 113.9017,
      "y" : 24.798374,
      "z" : 13.708204
    }, {
      "x" : 107.0476,
      "y" : 35.888542,
      "z" : 17.944271
    }, {
      "x" : 107.0476,
      "y" : 35.888542,
      "z" : 4.236068
    }, {
      "x" : 113.9017,
      "y" : 24.798374,
      "z" : 0.0
    } ],
    "faces" : [ {
      "vertices" : [ 0, 1, 2 ]
    }, {
      "vertices" : [ 0, 2, 3 ]
    }, {
      "vertices" : [ 0, 3, 2 ]
    }, {
      "vertices" : [ 0, 2, 1 ]
    } ]
  }, {
    "id" : "0a616d3f-452c-4f8a-885c-0fe4c6b3b25f",
    "vertices" : [ {
      "x" : -27.034441,
      "y" : -64.92299,
      "z" : -29.034441
    }, {
      "x" : -33.888542,
      "y" : -53.832817,
      "z" : -33.27051
    }, {
      "x" : -44.978714,
      "y" : -58.068882,
      "z" : -26.416409
    }, {
      "x" : -38.12461,
      "y" : -69.15905,
      "z" : -22.18034
    } ],
    "faces" : [ {
      "vertices" : [ 0, 1, 2 ]
    }, {
      "vertices" : [ 0, 2, 3 ]
    }, {
      "vertices" : [ 0, 3, 2 ]
    }, {
      "vertices" : [ 0, 2, 1 ]
    } ]
  }, {
    "id" : "027f1dba-271b-40f5-8461-c88fd122e8ca",
    "vertices" : [ {
      "x" : 107.0476,
      "y" : -35.888542,
      "z" : -4.236068
    }, {
      "x" : 107.0476,
      "y" : -35.888542,
      "z" : -17.944271
    }, {
      "x" : 102.81153,
      "y" : -42.742645,
      "z" : -6.854102
    }, {
      "x" : 102.81153,
      "y" : -42.742645,
      "z" : 6.854102
    } ],
    "faces" : [ {
      "vertices" : [ 0, 1, 2 ]
    }, {
      "vertices" : [ 0, 2, 3 ]
    }, {
      "vertices" : [ 0, 3, 2 ]
    }, {
      "vertices" : [ 0, 2, 1 ]
    } ]
  }, {
    "id" : "d3542364-54b7-4301-9245-4a2e30916365",
    "vertices" : [ {
      "x" : 37.888542,
      "y" : 17.944271,
      "z" : 33.27051
    }, {
      "x" : 33.652477,
      "y" : 24.798374,
      "z" : 22.18034
    }, {
      "x" : 40.506577,
      "y" : 35.888542,
      "z" : 17.944271
    }, {
      "x" : 44.742645,
      "y" : 29.034441,
      "z" : 29.034441
    } ],
    "faces" : [ {
      "vertices" : [ 0, 1, 2 ]
    }, {
      "vertices" : [ 0, 2, 3 ]
    }, {
      "vertices" : [ 0, 3, 2 ]
    }, {
      "vertices" : [ 0, 2, 1 ]
    } ]
  }, {
    "id" : "0826b132-193c-4d33-a764-8b267820d3b0",
    "vertices" : [ {
      "x" : -64.54102,
      "y" : 21.18034,
      "z" : 11.09017
    }, {
      "x" : -68.777084,
      "y" : 14.326238,
      "z" : 0.0
    }, {
      "x" : -64.54102,
      "y" : 7.472136,
      "z" : 11.09017
    }, {
      "x" : -60.30495,
      "y" : 14.326238,
      "z" : 22.18034
    } ],
    "faces" : [ {
      "vertices" : [ 0, 1, 2 ]
    }, {
      "vertices" : [ 0, 2, 3 ]
    }, {
      "vertices" : [ 0, 3, 2 ]
    }, {
      "vertices" : [ 0, 2, 1 ]
    } ]
  }, {
    "id" : "eebb4aa8-88de-4e73-b3f3-591e019b9709",
    "vertices" : [ {
      "x" : 44.742645,
      "y" : 29.034441,
      "z" : 29.034441
    }, {
      "x" : 40.506577,
      "y" : 35.888542,
      "z" : 17.944271
    }, {
      "x" : 51.59675,
      "y" : 40.12461,
      "z" : 24.798374
    }, {
      "x" : 55.832817,
      "y" : 33.27051,
      "z" : 35.888542
    } ],
    "faces" : [ {
      "vertices" : [ 0, 1, 2 ]
    }, {
      "vertices" : [ 0, 2, 3 ]
    }, {
      "vertices" : [ 0, 3, 2 ]
    }, {
      "vertices" : [ 0, 2, 1 ]
    } ]
  }, {
    "id" : "dfe2e4fd-d060-44f0-9e5a-2a3d97dac403",
    "vertices" : [ {
      "x" : -27.034441,
      "y" : 59.686916,
      "z" : -6.854102
    }, {
      "x" : -33.888542,
      "y" : 48.59675,
      "z" : -11.09017
    }, {
      "x" : -22.798374,
      "y" : 44.36068,
      "z" : -4.236068
    }, {
      "x" : -15.944272,
      "y" : 55.45085,
      "z" : 0.0
    } ],
    "faces" : [ {
      "vertices" : [ 0, 1, 2 ]
    }, {
      "vertices" : [ 0, 2, 3 ]
    }, {
      "vertices" : [ 0, 3, 2 ]
    }, {
      "vertices" : [ 0, 2, 1 ]
    } ]
  }, {
    "id" : "8d419c10-38da-41e5-90c8-93f43419b0d8",
    "vertices" : [ {
      "x" : 40.506577,
      "y" : -35.888542,
      "z" : 4.236068
    }, {
      "x" : 33.652477,
      "y" : -24.798374,
      "z" : 0.0
    }, {
      "x" : 33.652477,
      "y" : -24.798374,
      "z" : 13.708204
    }, {
      "x" : 40.506577,
      "y" : -35.888542,
      "z" : 17.944271
    } ],
    "faces" : [ {
      "vertices" : [ 0, 1, 2 ]
    }, {
      "vertices" : [ 0, 2, 3 ]
    }, {
      "vertices" : [ 0, 3, 2 ]
    }, {
      "vertices" : [ 0, 2, 1 ]
    } ]
  }, {
    "id" : "25110da2-5b5f-4028-869f-f1c096bbd603",
    "vertices" : [ {
      "x" : 80.63119,
      "y" : -51.214783,
      "z" : 6.854102
    }, {
      "x" : 66.92299,
      "y" : -51.214783,
      "z" : 6.854102
    }, {
      "x" : 55.832817,
      "y" : -46.978714,
      "z" : 13.708204
    }, {
      "x" : 69.54102,
      "y" : -46.978714,
      "z" : 13.708204
    } ],
    "faces" : [ {
      "vertices" : [ 0, 1, 2 ]
    }, {
      "vertices" : [ 0, 2, 3 ]
    }, {
      "vertices" : [ 0, 3, 2 ]
    }, {
      "vertices" : [ 0, 2, 1 ]
    } ]
  }, {
    "id" : "77e188c5-6063-47ca-bc67-d9a0ae793249",
    "vertices" : [ {
      "x" : 51.59675,
      "y" : -40.12461,
      "z" : 24.798374
    }, {
      "x" : 44.742645,
      "y" : -29.034441,
      "z" : 29.034441
    }, {
      "x" : 48.978714,
      "y" : -22.18034,
      "z" : 40.12461
    }, {
      "x" : 55.832817,
      "y" : -33.27051,
      "z" : 35.888542
    } ],
    "faces" : [ {
      "vertices" : [ 0, 1, 2 ]
    }, {
      "vertices" : [ 0, 2, 3 ]
    }, {
      "vertices" : [ 0, 3, 2 ]
    }, {
      "vertices" : [ 0, 2, 1 ]
    } ]
  }, {
    "id" : "01979a8f-6ac1-4150-96a5-19bac4870b31",
    "vertices" : [ {
      "x" : -60.30495,
      "y" : -24.798374,
      "z" : -8.472136
    }, {
      "x" : -56.068882,
      "y" : -31.652475,
      "z" : -19.562305
    }, {
      "x" : -44.978714,
      "y" : -27.416409,
      "z" : -26.416409
    }, {
      "x" : -49.214783,
      "y" : -20.562305,
      "z" : -15.326238
    } ],
    "faces" : [ {
      "vertices" : [ 0, 1, 2 ]
    }, {
      "vertices" : [ 0, 2, 3 ]
    }, {
      "vertices" : [ 0, 3, 2 ]
    }, {
      "vertices" : [ 0, 2, 1 ]
    } ]
  }, {
    "id" : "683055cd-6572-44c0-a796-6a7592ddf346",
    "vertices" : [ {
      "x" : -62.922985,
      "y" : -42.742645,
      "z" : 29.034441
    }, {
      "x" : -56.068882,
      "y" : -31.652475,
      "z" : 33.27051
    }, {
      "x" : -44.978714,
      "y" : -27.416409,
      "z" : 40.12461
    }, {
      "x" : -51.832817,
      "y" : -38.506577,
      "z" : 35.888542
    } ],
    "faces" : [ {
      "vertices" : [ 0, 1, 2 ]
    }, {
      "vertices" : [ 0, 2, 3 ]
    }, {
      "vertices" : [ 0, 3, 2 ]
    }, {
      "vertices" : [ 0, 2, 1 ]
    } ]
  }, {
    "id" : "ec453406-1eb5-488d-ae9d-e555b65cbfc1",
    "vertices" : [ {
      "x" : -22.798374,
      "y" : -71.777084,
      "z" : 31.652475
    }, {
      "x" : -27.034441,
      "y" : -64.92299,
      "z" : 42.742645
    }, {
      "x" : -15.944272,
      "y" : -69.15905,
      "z" : 35.888542
    }, {
      "x" : -11.708204,
      "y" : -76.01315,
      "z" : 24.798374
    } ],
    "faces" : [ {
      "vertices" : [ 0, 1, 2 ]
    }, {
      "vertices" : [ 0, 2, 3 ]
    }, {
      "vertices" : [ 0, 3, 2 ]
    }, {
      "vertices" : [ 0, 2, 1 ]
    } ]
  }, {
    "id" : "a12b6a53-8697-444b-8a34-1182628d177a",
    "vertices" : [ {
      "x" : 80.63119,
      "y" : -51.214783,
      "z" : -6.854102
    }, {
      "x" : 80.63119,
      "y" : -51.214783,
      "z" : 6.854102
    }, {
      "x" : 91.72136,
      "y" : -46.978714,
      "z" : 13.708204
    }, {
      "x" : 91.72136,
      "y" : -46.978714,
      "z" : 0.0
    } ],
    "faces" : [ {
      "vertices" : [ 0, 1, 2 ]
    }, {
      "vertices" : [ 0, 2, 3 ]
    }, {
      "vertices" : [ 0, 3, 2 ]
    }, {
      "vertices" : [ 0, 2, 1 ]
    } ]
  }, {
    "id" : "22f1c108-9413-42f6-90a8-0519fe7a5a8e",
    "vertices" : [ {
      "x" : -93.57546,
      "y" : 32.27051,
      "z" : 42.742645
    }, {
      "x" : -97.81153,
      "y" : 39.12461,
      "z" : 31.652475
    }, {
      "x" : -86.72136,
      "y" : 43.36068,
      "z" : 24.798374
    }, {
      "x" : -82.48529,
      "y" : 36.506577,
      "z" : 35.888542
    } ],
    "faces" : [ {
      "vertices" : [ 0, 1, 2 ]
    }, {
      "vertices" : [ 0, 2, 3 ]
    }, {
      "vertices" : [ 0, 3, 2 ]
    }, {
      "vertices" : [ 0, 2, 1 ]
    } ]
  }, {
    "id" : "2f3dd7ac-ca82-4034-8d4d-80abe6fb19bf",
    "vertices" : [ {
      "x" : -42.36068,
      "y" : 70.777084,
      "z" : 11.09017
    }, {
      "x" : -31.27051,
      "y" : 66.54102,
      "z" : 17.944271
    }, {
      "x" : -27.034441,
      "y" : 59.686916,
      "z" : 29.034441
    }, {
      "x" : -38.12461,
      "y" : 63.922985,
      "z" : 22.18034
    } ],
    "faces" : [ {
      "vertices" : [ 0, 1, 2 ]
    }, {
      "vertices" : [ 0, 2, 3 ]
    }, {
      "vertices" : [ 0, 3, 2 ]
    }, {
      "vertices" : [ 0, 2, 1 ]
    } ]
  }, {
    "id" : "e6583793-8c1d-42c0-920c-b48587203e51",
    "vertices" : [ {
      "x" : -60.30495,
      "y" : -60.686916,
      "z" : 22.18034
    }, {
      "x" : -56.068882,
      "y" : -53.832817,
      "z" : 33.27051
    }, {
      "x" : -44.978714,
      "y" : -58.068882,
      "z" : 40.12461
    }, {
      "x" : -49.214783,
      "y" : -64.92299,
      "z" : 29.034441
    } ],
    "faces" : [ {
      "vertices" : [ 0, 1, 2 ]
    }, {
      "vertices" : [ 0, 2, 3 ]
    }, {
      "vertices" : [ 0, 3, 2 ]
    }, {
      "vertices" : [ 0, 2, 1 ]
    } ]
  }, {
    "id" : "3868728d-dd9f-4d0f-894b-12c4624de01a",
    "vertices" : [ {
      "x" : 44.742645,
      "y" : -29.034441,
      "z" : -29.034441
    }, {
      "x" : 40.506577,
      "y" : -35.888542,
      "z" : -17.944271
    }, {
      "x" : 51.59675,
      "y" : -40.12461,
      "z" : -24.798374
    }, {
      "x" : 55.832817,
      "y" : -33.27051,
      "z" : -35.888542
    } ],
    "faces" : [ {
      "vertices" : [ 0, 1, 2 ]
    }, {
      "vertices" : [ 0, 2, 3 ]
    }, {
      "vertices" : [ 0, 3, 2 ]
    }, {
      "vertices" : [ 0, 2, 1 ]
    } ]
  }, {
    "id" : "a2004eeb-2c6d-45d0-8e86-b0b7038cabaa",
    "vertices" : [ {
      "x" : 60.068882,
      "y" : -4.236068,
      "z" : 46.978714
    }, {
      "x" : 66.92299,
      "y" : 6.854102,
      "z" : 51.214783
    }, {
      "x" : 66.92299,
      "y" : -6.854102,
      "z" : 51.214783
    }, {
      "x" : 60.068882,
      "y" : -17.944271,
      "z" : 46.978714
    } ],
    "faces" : [ {
      "vertices" : [ 0, 1, 2 ]
    }, {
      "vertices" : [ 0, 2, 3 ]
    }, {
      "vertices" : [ 0, 3, 2 ]
    }, {
      "vertices" : [ 0, 2, 1 ]
    } ]
  }, {
    "id" : "4b3106b1-33df-4e6a-8606-bbb0922d4c8f",
    "vertices" : [ {
      "x" : 6.236068,
      "y" : -60.686916,
      "z" : 22.18034
    }, {
      "x" : 2.0,
      "y" : -67.54102,
      "z" : 11.09017
    }, {
      "x" : -4.854102,
      "y" : -78.63119,
      "z" : 6.854102
    }, {
      "x" : -0.618034,
      "y" : -71.777084,
      "z" : 17.944271
    } ],
    "faces" : [ {
      "vertices" : [ 0, 1, 2 ]
    }, {
