{
  "field" : "golden",
  "symmetry" : "icosahedral",
  "orientations" : [ [ 1.0, 0.0, 0.0, 0.0, 0.0, 1.0, 0.0, 0.0, 0.0, 0.0, 1.0, 0.0, 0.0, 0.0, 0.0, 1.0 ], [ 0.0, 0.0, 1.0, 0.0, 1.0, 0.0, 0.0, 0.0, 0.0, 1.0, 0.0, 0.0, 0.0, 0.0, 0.0, 1.0 ], [ 0.0, 1.0, 0.0, 0.0, 0.0, 0.0, 1.0, 0.0, 1.0, 0.0, 0.0, 0.0, 0.0, 0.0, 0.0, 1.0 ], [ 0.809017, 0.309017, 0.5, 0.0, 0.309017, 0.5, -0.809017, 0.0, -0.5, 0.809017, 0.309017, 0.0, 0.0, 0.0, 0.0, 1.0 ], [ -0.5, 0.809017, 0.309017, 0.0, 0.809017, 0.309017, 0.5, 0.0, 0.309017, 0.5, -0.809017, 0.0, 0.0, 0.0, 0.0, 1.0 ], [ 0.309017, 0.5, -0.809017, 0.0, -0.5, 0.809017, 0.309017, 0.0, 0.809017, 0.309017, 0.5, 0.0, 0.0, 0.0, 0.0, 1.0 ], [ 0.5, 0.809017, 0.309017, 0.0, 0.809017, -0.309017, -0.5, 0.0, -0.309017, 0.5, -0.809017, 0.0, 0.0, 0.0, 0.0, 1.0 ], [ -0.309017, 0.5, -0.809017, 0.0, 0.5, 0.809017, 0.309017, 0.0, 0.809017, -0.309017, -0.5, 0.0, 0.0, 0.0, 0.0, 1.0 ], [ 0.809017, -0.309017, -0.5, 0.0, -0.309017, 0.5, -0.809017, 0.0, 0.5, 0.809017, 0.309017, 0.0, 0.0, 0.0, 0.0, 1.0 ], [ 0.5, 0.809017, -0.309017, 0.0, 0.809017, -0.309017, 0.5, 0.0, 0.309017, -0.5, -0.809017, 0.0, 0.0, 0.0, 0.0, 1.0 ], [ 0.309017, -0.5, -0.809017, 0.0, 0.5, 0.809017, -0.309017, 0.0, 0.809017, -0.309017, 0.5, 0.0, 0.0, 0.0, 0.0, 1.0 ], [ 0.809017, -0.309017, 0.5, 0.0, 0.309017, -0.5, -0.809017, 0.0, 0.5, 0.809017, -0.309017, 0.0, 0.0, 0.0, 0.0, 1.0 ], [ 0.809017, 0.309017, -0.5, 0.0, 0.309017, 0.5, 0.809017, 0.0, 0.5, -0.809017, 0.309017, 0.0, 0.0, 0.0, 0.0, 1.0 ], [ 0.5, -0.809017, 0.309017, 0.0, 0.809017, 0.309017, -0.5, 0.0, 0.309017, 0.5, 0.809017, 0.0, 0.0, 0.0, 0.0, 1.0 ], [ 0.309017, 0.5, 0.809017, 0.0, 0.5, -0.809017, 0.309017, 0.0, 0.809017, 0.309017, -0.5, 0.0, 0.0, 0.0, 0.0, 1.0 ], [ 1.0, 0.0, 0.0, 0.0, 0.0, -1.0, 0.0, 0.0, 0.0, 0.0, -1.0, 0.0, 0.0, 0.0, 0.0, 1.0 ], [ 0.0, 0.0, 1.0, 0.0, -1.0, 0.0, 0.0, 0.0, 0.0, -1.0, 0.0, 0.0, 0.0, 0.0, 0.0, 1.0 ], [ 0.0, 1.0, 0.0, 0.0, 0.0, 0.0, -1.0, 0.0, -1.0, 0.0, 0.0, 0.0, 0.0, 0.0, 0.0, 1.0 ], [ 0.809017, 0.309017, 0.5, 0.0, -0.309017, -0.5, 0.809017, 0.0, 0.5, -0.809017, -0.309017, 0.0, 0.0, 0.0, 0.0, 1.0 ], [ -0.5, 0.809017, 0.309017, 0.0, -0.809017, -0.309017, -0.5, 0.0, -0.309017, -0.5, 0.809017, 0.0, 0.0, 0.0, 0.0, 1.0 ], [ 0.309017, 0.5, -0.809017, 0.0, 0.5, -0.809017, -0.309017, 0.0, -0.809017, -0.309017, -0.5, 0.0, 0.0, 0.0, 0.0, 1.0 ], [ 0.5, 0.809017, 0.309017, 0.0, -0.809017, 0.309017, 0.5, 0.0, 0.309017, -0.5, 0.809017, 0.0, 0.0, 0.0, 0.0, 1.0 ], [ -0.309017, 0.5, -0.809017, 0.0, -0.5, -0.809017, -0.309017, 0.0, -0.809017, 0.309017, 0.5, 0.0, 0.0, 0.0, 0.0, 1.0 ], [ 0.809017, -0.309017, -0.5, 0.0, 0.309017, -0.5, 0.809017, 0.0, -0.5, -0.809017, -0.309017, 0.0, 0.0, 0.0, 0.0, 1.0 ], [ 0.5, 0.809017, -0.309017, 0.0, -0.809017, 0.309017, -0.5, 0.0, -0.309017, 0.5, 0.809017, 0.0, 0.0, 0.0, 0.0, 1.0 ], [ 0.309017, -0.5, -0.809017, 0.0, -0.5, -0.809017, 0.309017, 0.0, -0.809017, 0.309017, -0.5, 0.0, 0.0, 0.0, 0.0, 1.0 ], [ 0.809017, -0.309017, 0.5, 0.0, -0.309017, 0.5, 0.809017, 0.0, -0.5, -0.809017, 0.309017, 0.0, 0.0, 0.0, 0.0, 1.0 ], [ 0.809017, 0.309017, -0.5, 0.0, -0.309017, -0.5, -0.809017, 0.0, -0.5, 0.809017, -0.309017, 0.0, 0.0, 0.0, 0.0, 1.0 ], [ 0.5, -0.809017, 0.309017, 0.0, -0.809017, -0.309017, 0.5, 0.0, -0.309017, -0.5, -0.809017, 0.0, 0.0, 0.0, 0.0, 1.0 ], [ 0.309017, 0.5, 0.809017, 0.0, -0.5, 0.809017, -0.309017, 0.0, -0.809017, -0.309017, 0.5, 0.0, 0.0, 0.0, 0.0, 1.0 ], [ -1.0, 0.0, 0.0, 0.0, 0.0, -1.0, 0.0, 0.0, 0.0, 0.0, 1.0, 0.0, 0.0, 0.0, 0.0, 1.0 ], [ 0.0, 0.0, -1.0, 0.0, -1.0, 0.0, 0.0, 0.0, 0.0, 1.0, 0.0, 0.0, 0.0, 0.0, 0.0, 1.0 ], [ 0.0, -1.0, 0.0, 0.0, 0.0, 0.0, -1.0, 0.0, 1.0, 0.0, 0.0, 0.0, 0.0, 0.0, 0.0, 1.0 ], [ -0.809017, -0.309017, -0.5, 0.0, -0.309017, -0.5, 0.809017, 0.0, -0.5, 0.809017, 0.309017, 0.0, 0.0, 0.0, 0.0, 1.0 ], [ 0.5, -0.809017, -0.309017, 0.0, -0.809017, -0.309017, -0.5, 0.0, 0.309017, 0.5, -0.809017, 0.0, 0.0, 0.0, 0.0, 1.0 ], [ -0.309017, -0.5, 0.809017, 0.0, 0.5, -0.809017, -0.309017, 0.0, 0.809017, 0.309017, 0.5, 0.0, 0.0, 0.0, 0.0, 1.0 ], [ -0.5, -0.809017, -0.309017, 0.0, -0.809017, 0.309017, 0.5, 0.0, -0.309017, 0.5, -0.809017, 0.0, 0.0, 0.0, 0.0, 1.0 ], [ 0.309017, -0.5, 0.809017, 0.0, -0.5, -0.809017, -0.309017, 0.0, 0.809017, -0.309017, -0.5, 0.0, 0.0, 0.0, 0.0, 1.0 ], [ -0.809017, 0.309017, 0.5, 0.0, 0.309017, -0.5, 0.809017, 0.0, 0.5, 0.809017, 0.309017, 0.0, 0.0, 0.0, 0.0, 1.0 ], [ -0.5, -0.809017, 0.309017, 0.0, -0.809017, 0.309017, -0.5, 0.0, 0.309017, -0.5, -0.809017, 0.0, 0.0, 0.0, 0.0, 1.0 ], [ -0.309017, 0.5, 0.809017, 0.0, -0.5, -0.809017, 0.309017, 0.0, 0.809017, -0.309017, 0.5, 0.0, 0.0, 0.0, 0.0, 1.0 ], [ -0.809017, 0.309017, -0.5, 0.0, -0.309017, 0.5, 0.809017, 0.0, 0.5, 0.809017, -0.309017, 0.0, 0.0, 0.0, 0.0, 1.0 ], [ -0.809017, -0.309017, 0.5, 0.0, -0.309017, -0.5, -0.809017, 0.0, 0.5, -0.809017, 0.309017, 0.0, 0.0, 0.0, 0.0, 1.0 ], [ -0.5, 0.809017, -0.309017, 0.0, -0.809017, -0.309017, 0.5, 0.0, 0.309017, 0.5, 0.809017, 0.0, 0.0, 0.0, 0.0, 1.0 ], [ -0.309017, -0.5, -0.809017, 0.0, -0.5, 0.809017, -0.309017, 0.0, 0.809017, 0.309017, -0.5, 0.0, 0.0, 0.0, 0.0, 1.0 ], [ -1.0, 0.0, 0.0, 0.0, 0.0, 1.0, 0.0, 0.0, 0.0, 0.0, -1.0, 0.0, 0.0, 0.0, 0.0, 1.0 ], [ 0.0, 0.0, -1.0, 0.0, 1.0, 0.0, 0.0, 0.0, 0.0, -1.0, 0.0, 0.0, 0.0, 0.0, 0.0, 1.0 ], [ 0.0, -1.0, 0.0, 0.0, 0.0, 0.0, 1.0, 0.0, -1.0, 0.0, 0.0, 0.0, 0.0, 0.0, 0.0, 1.0 ], [ -0.809017, -0.309017, -0.5, 0.0, 0.309017, 0.5, -0.809017, 0.0, 0.5, -0.809017, -0.309017, 0.0, 0.0, 0.0, 0.0, 1.0 ], [ 0.5, -0.809017, -0.309017, 0.0, 0.809017, 0.309017, 0.5, 0.0, -0.309017, -0.5, 0.809017, 0.0, 0.0, 0.0, 0.0, 1.0 ], [ -0.309017, -0.5, 0.809017, 0.0, -0.5, 0.809017, 0.309017, 0.0, -0.809017, -0.309017, -0.5, 0.0, 0.0, 0.0, 0.0, 1.0 ], [ -0.5, -0.809017, -0.309017, 0.0, 0.809017, -0.309017, -0.5, 0.0, 0.309017, -0.5, 0.809017, 0.0, 0.0, 0.0, 0.0, 1.0 ], [ 0.309017, -0.5, 0.809017, 0.0, 0.5, 0.809017, 0.309017, 0.0, -0.809017, 0.309017, 0.5, 0.0, 0.0, 0.0, 0.0, 1.0 ], [ -0.809017, 0.309017, 0.5, 0.0, -0.309017, 0.5, -0.809017, 0.0, -0.5, -0.809017, -0.309017, 0.0, 0.0, 0.0, 0.0, 1.0 ], [ -0.5, -0.809017, 0.309017, 0.0, 0.809017, -0.309017, 0.5, 0.0, -0.309017, 0.5, 0.809017, 0.0, 0.0, 0.0, 0.0, 1.0 ], [ -0.309017, 0.5, 0.809017, 0.0, 0.5, 0.809017, -0.309017, 0.0, -0.809017, 0.309017, -0.5, 0.0, 0.0, 0.0, 0.0, 1.0 ], [ -0.809017, 0.309017, -0.5, 0.0, 0.309017, -0.5, -0.809017, 0.0, -0.5, -0.809017, 0.309017, 0.0, 0.0, 0.0, 0.0, 1.0 ], [ -0.809017, -0.309017, 0.5, 0.0, 0.309017, 0.5, 0.809017, 0.0, -0.5, 0.809017, -0.309017, 0.0, 0.0, 0.0, 0.0, 1.0 ], [ -0.5, 0.809017, -0.309017, 0.0, 0.809017, 0.309017, -0.5, 0.0, -0.309017, -0.5, -0.809017, 0.0, 0.0, 0.0, 0.0, 1.0 ], [ -0.309017, -0.5, -0.809017, 0.0, 0.5, -0.809017, 0.309017, 0.0, -0.809017, -0.309017, 0.5, 0.0, 0.0, 0.0, 0.0, 1.0 ] ],
  "lights" : {
    "backgroundColor" : "#FFFFEF",
    "ambientColor" : "#292929",
    "directionalLights" : [ {
      "direction" : {
        "x" : 1.0,
        "y" : -1.0,
        "z" : -1.0
      },
      "color" : "#EBEBE4"
    }, {
      "direction" : {
        "x" : -1.0,
        "y" : 0.0,
        "z" : 0.0
      },
      "color" : "#E4E4EB"
    }, {
      "direction" : {
        "x" : 0.0,
        "y" : 0.0,
        "z" : -1.0
      },
      "color" : "#1E1E1E"
    } ]
  },
  "camera" : {
    "stereo" : false,
    "width" : 320.65915,
    "lookDirection" : {
      "x" : -0.8682426,
      "y" : -0.47307953,
      "z" : -0.14937182
    },
    "upDirection" : {
      "x" : 0.011913844,
      "y" : -0.32086083,
      "z" : 0.94700533
    },
    "lookAtPoint" : {
      "x" : 0.0,
      "y" : 0.0,
      "z" : 0.0
    },
    "viewDistance" : 712.571,
    "nearClipDistance" : 1.7814363,
    "farClipDistance" : 1425.1395,
    "fieldOfView" : 0.4426318,
    "perspective" : false,
    "position" : {
      "x" : 618.6845,
      "y" : 337.10275,
      "z" : 106.43803
    }
  },
  "embedding" : [ 1.0, 0.0, 0.0, 0.0, 0.0, 1.0, 0.0, 0.0, 0.0, 0.0, 1.0, 0.0, 0.0, 0.0, 0.0, 1.0 ],
  "shapes" : [ {
    "id" : "c11249bb-eb0e-422b-a0d9-6a743abac6dd",
    "vertices" : [ {
      "x" : 2.527864,
      "y" : 10.708204,
      "z" : 2.527864
    }, {
      "x" : 2.190983,
      "y" : 10.09017,
      "z" : 2.072949
    }, {
      "x" : 2.072949,
      "y" : 10.281153,
      "z" : 2.381966
    }, {
      "x" : 0.090169944,
      "y" : 0.38196602,
      "z" : 0.090169944
    }, {
      "x" : -0.072949015,
      "y" : 1.190983,
      "z" : 0.23606798
    }, {
      "x" : 0.045084972,
      "y" : 1.0,
      "z" : -0.072949015
    }, {
      "x" : 2.572949,
      "y" : 10.09017,
      "z" : 2.690983
    }, {
      "x" : 0.54508495,
      "y" : 0.809017,
      "z" : 0.23606798
    }, {
      "x" : 2.690983,
      "y" : 9.899187,
      "z" : 2.381966
    }, {
      "x" : 2.618034,
      "y" : 11.09017,
      "z" : 2.618034
    }, {
      "x" : 0.42705098,
      "y" : 1.0,
      "z" : 0.54508495
    } ],
    "faces" : [ {
      "vertices" : [ 3, 10, 4 ]
    }, {
      "vertices" : [ 0, 1, 2 ]
    }, {
      "vertices" : [ 3, 7, 10 ]
    }, {
      "vertices" : [ 1, 8, 7 ]
    }, {
      "vertices" : [ 1, 7, 5 ]
    }, {
      "vertices" : [ 2, 4, 10 ]
    }, {
      "vertices" : [ 2, 10, 6 ]
    }, {
      "vertices" : [ 0, 2, 6 ]
    }, {
      "vertices" : [ 0, 8, 1 ]
    }, {
      "vertices" : [ 3, 4, 5 ]
    }, {
      "vertices" : [ 1, 5, 4 ]
    }, {
      "vertices" : [ 1, 4, 2 ]
    }, {
      "vertices" : [ 0, 6, 8 ]
    }, {
      "vertices" : [ 6, 10, 7 ]
    }, {
      "vertices" : [ 6, 7, 8 ]
    }, {
      "vertices" : [ 3, 5, 7 ]
    } ]
  }, {
    "id" : "ad80c4ee-e710-4c00-8243-cbb4bd5bd5d3",
    "vertices" : [ {
      "x" : -23.798374,
      "y" : -45.36068,
      "z" : -13.708204
    }, {
      "x" : -12.708204,
      "y" : -42.742645,
      "z" : -11.09017
    }, {
      "x" : -15.326238,
      "y" : -40.12461,
      "z" : 0.0
    }, {
      "x" : -26.416409,
      "y" : -42.742645,
      "z" : -2.618034
    } ],
    "faces" : [ {
      "vertices" : [ 0, 1, 2 ]
    }, {
      "vertices" : [ 0, 2, 3 ]
    }, {
      "vertices" : [ 0, 3, 2 ]
    }, {
      "vertices" : [ 0, 2, 1 ]
    } ]
  }, {
    "id" : "49d0d2d6-948e-43dc-9924-2a697ea688ed",
    "vertices" : [ {
      "x" : 0.309017,
      "y" : -0.309017,
      "z" : -0.309017
    }, {
      "x" : 0.5,
      "y" : 0.0,
      "z" : -0.19098301
    }, {
      "x" : 0.5,
      "y" : 0.0,
      "z" : 0.19098301
    }, {
      "x" : 0.309017,
      "y" : -0.309017,
      "z" : 0.309017
    }, {
      "x" : 0.19098301,
      "y" : -0.5,
      "z" : 0.0
    }, {
      "x" : 0.0,
      "y" : 0.19098301,
      "z" : 0.5
    }, {
      "x" : 0.0,
      "y" : -0.19098301,
      "z" : 0.5
    }, {
      "x" : 0.309017,
      "y" : 0.309017,
      "z" : 0.309017
    }, {
      "x" : -0.309017,
      "y" : -0.309017,
      "z" : 0.309017
    }, {
      "x" : -0.309017,
      "y" : 0.309017,
      "z" : 0.309017
    }, {
      "x" : -0.5,
      "y" : 0.0,
      "z" : 0.19098301
    }, {
      "x" : 0.0,
      "y" : -0.19098301,
      "z" : -0.5
    }, {
      "x" : 0.0,
      "y" : 0.19098301,
      "z" : -0.5
    }, {
      "x" : 0.309017,
      "y" : 0.309017,
      "z" : -0.309017
    }, {
      "x" : -0.309017,
      "y" : -0.309017,
      "z" : -0.309017
    }, {
      "x" : -0.19098301,
      "y" : -0.5,
      "z" : 0.0
    }, {
      "x" : -0.5,
      "y" : 0.0,
      "z" : -0.19098301
    }, {
      "x" : 0.19098301,
      "y" : 0.5,
      "z" : 0.0
    }, {
      "x" : -0.309017,
      "y" : 0.309017,
      "z" : -0.309017
    }, {
      "x" : 0.0,
      "y" : 0.0,
      "z" : 0.0
    }, {
      "x" : -0.19098301,
      "y" : 0.5,
      "z" : 0.0
    } ],
    "faces" : [ {
      "vertices" : [ 12, 18, 20 ]
    }, {
      "vertices" : [ 12, 20, 17 ]
    }, {
      "vertices" : [ 12, 17, 13 ]
    }, {
      "vertices" : [ 3, 6, 8 ]
    }, {
      "vertices" : [ 3, 8, 15 ]
    }, {
      "vertices" : [ 3, 15, 4 ]
    }, {
      "vertices" : [ 0, 11, 12 ]
    }, {
      "vertices" : [ 0, 12, 13 ]
    }, {
      "vertices" : [ 0, 13, 1 ]
    }, {
      "vertices" : [ 5, 9, 10 ]
    }, {
      "vertices" : [ 5, 10, 8 ]
    }, {
      "vertices" : [ 5, 8, 6 ]
    }, {
      "vertices" : [ 2, 7, 5 ]
    }, {
      "vertices" : [ 2, 5, 6 ]
    }, {
      "vertices" : [ 2, 6, 3 ]
    }, {
      "vertices" : [ 11, 14, 16 ]
    }, {
      "vertices" : [ 11, 16, 18 ]
    }, {
      "vertices" : [ 11, 18, 12 ]
    }, {
      "vertices" : [ 1, 13, 17 ]
    }, {
      "vertices" : [ 1, 17, 7 ]
    }, {
      "vertices" : [ 1, 7, 2 ]
    }, {
      "vertices" : [ 9, 20, 18 ]
    }, {
      "vertices" : [ 9, 18, 16 ]
    }, {
      "vertices" : [ 9, 16, 10 ]
    }, {
      "vertices" : [ 0, 1, 2 ]
    }, {
      "vertices" : [ 0, 2, 3 ]
    }, {
      "vertices" : [ 0, 3, 4 ]
    }, {
      "vertices" : [ 5, 7, 17 ]
    }, {
      "vertices" : [ 5, 17, 20 ]
    }, {
      "vertices" : [ 5, 20, 9 ]
    }, {
      "vertices" : [ 0, 4, 15 ]
    }, {
      "vertices" : [ 0, 15, 14 ]
    }, {
      "vertices" : [ 0, 14, 11 ]
    }, {
      "vertices" : [ 8, 10, 16 ]
    }, {
      "vertices" : [ 8, 16, 14 ]
    }, {
      "vertices" : [ 8, 14, 15 ]
    } ]
  }, {
    "id" : "8a59b473-8b92-4d30-906b-3da7acf52255",
    "vertices" : [ {
      "x" : -63.922985,
      "y" : 12.708204,
      "z" : 1.618034
    }, {
      "x" : -63.922985,
      "y" : 19.562305,
      "z" : 11.09017
    }, {
      "x" : -75.01315,
      "y" : 22.18034,
      "z" : 8.472136
    }, {
      "x" : -75.01315,
      "y" : 15.326238,
      "z" : -1.0
    } ],
    "faces" : [ {
      "vertices" : [ 0, 1, 2 ]
    }, {
      "vertices" : [ 0, 2, 3 ]
    }, {
      "vertices" : [ 0, 3, 2 ]
    }, {
      "vertices" : [ 0, 2, 1 ]
    } ]
  }, {
    "id" : "5f8b42a4-5790-4f95-86ce-7ddced803603",
    "vertices" : [ {
      "x" : 1.0,
      "y" : 87.103325,
      "z" : -57.45085
    }, {
      "x" : 5.236068,
      "y" : 95.57546,
      "z" : -50.59675
    }, {
      "x" : 5.236068,
      "y" : 102.429565,
      "z" : -41.12461
    }, {
      "x" : 1.0,
      "y" : 93.95743,
      "z" : -47.978714
    } ],
    "faces" : [ {
      "vertices" : [ 0, 1, 2 ]
    }, {
      "vertices" : [ 0, 2, 3 ]
    }, {
      "vertices" : [ 0, 3, 2 ]
    }, {
      "vertices" : [ 0, 2, 1 ]
    } ]
  }, {
    "id" : "cc69142b-367c-4139-bc5f-3a9741da0ba6",
    "vertices" : [ {
      "x" : 52.214783,
      "y" : 38.506577,
      "z" : -60.686916
    }, {
      "x" : 60.686916,
      "y" : 31.652475,
      "z" : -56.45085
    }, {
      "x" : 64.92299,
      "y" : 40.12461,
      "z" : -49.59675
    }, {
      "x" : 56.45085,
      "y" : 46.978714,
      "z" : -53.832817
    } ],
    "faces" : [ {
      "vertices" : [ 0, 1, 2 ]
    }, {
      "vertices" : [ 0, 2, 3 ]
    }, {
      "vertices" : [ 0, 3, 2 ]
    }, {
      "vertices" : [ 0, 2, 1 ]
    } ]
  }, {
    "id" : "5a7d0971-7053-4003-9667-a161fdfebe0a",
    "vertices" : [ {
      "x" : 15.326238,
      "y" : -76.01315,
      "z" : 0.0
    }, {
      "x" : 4.236068,
      "y" : -73.39512,
      "z" : -2.618034
    }, {
      "x" : 0.0,
      "y" : -64.92299,
      "z" : -9.472136
    }, {
      "x" : 11.09017,
      "y" : -67.54102,
      "z" : -6.854102
    } ],
    "faces" : [ {
      "vertices" : [ 0, 1, 2 ]
    }, {
      "vertices" : [ 0, 2, 3 ]
    }, {
      "vertices" : [ 0, 3, 2 ]
    }, {
      "vertices" : [ 0, 2, 1 ]
    } ]
  }, {
    "id" : "46b5249d-599f-4a6e-96a7-4b79693e3b95",
    "vertices" : [ {
      "x" : -86.103325,
      "y" : -11.09017,
      "z" : 24.798374
    }, {
      "x" : -77.63119,
      "y" : -17.944271,
      "z" : 29.034441
    }, {
      "x" : -77.63119,
      "y" : -24.798374,
      "z" : 19.562305
    }, {
      "x" : -86.103325,
      "y" : -17.944271,
      "z" : 15.326238
    } ],
    "faces" : [ {
      "vertices" : [ 0, 1, 2 ]
    }, {
      "vertices" : [ 0, 2, 3 ]
    }, {
      "vertices" : [ 0, 3, 2 ]
    }, {
      "vertices" : [ 0, 2, 1 ]
    } ]
  }, {
    "id" : "c0890d22-ddc2-4db5-8aa1-a3d6fb49ea2b",
    "vertices" : [ {
      "x" : -45.978714,
      "y" : 53.832817,
      "z" : -18.944271
    }, {
      "x" : -37.506577,
      "y" : 46.978714,
      "z" : -14.708204
    }, {
      "x" : -34.888542,
      "y" : 49.59675,
      "z" : -25.798374
    }, {
      "x" : -43.36068,
      "y" : 56.45085,
      "z" : -30.034441
    } ],
    "faces" : [ {
      "vertices" : [ 0, 1, 2 ]
    }, {
      "vertices" : [ 0, 2, 3 ]
    }, {
      "vertices" : [ 0, 3, 2 ]
    }, {
      "vertices" : [ 0, 2, 1 ]
    } ]
  }, {
    "id" : "7c3bcc2b-aa3d-4b96-8134-a40f63f4d66b",
    "vertices" : [ {
      "x" : -27.416409,
      "y" : -20.562305,
      "z" : 45.36068
    }, {
      "x" : -38.506577,
      "y" : -17.944271,
      "z" : 42.742645
    }, {
      "x" : -42.742645,
      "y" : -9.472136,
      "z" : 35.888542
    }, {
      "x" : -31.652475,
      "y" : -12.09017,
      "z" : 38.506577
    } ],
    "faces" : [ {
      "vertices" : [ 0, 1, 2 ]
    }, {
      "vertices" : [ 0, 2, 3 ]
    }, {
      "vertices" : [ 0, 3, 2 ]
    }, {
      "vertices" : [ 0, 2, 1 ]
    } ]
  }, {
    "id" : "974abbe5-29b2-4893-8557-175db6733121",
    "vertices" : [ {
      "x" : 29.034441,
      "y" : -63.922985,
      "z" : -17.944271
    }, {
      "x" : 24.798374,
      "y" : -55.45085,
      "z" : -24.798374
    }, {
      "x" : 27.416409,
      "y" : -58.068882,
      "z" : -35.888542
    }, {
      "x" : 31.652475,
      "y" : -66.54102,
      "z" : -29.034441
    } ],
    "faces" : [ {
      "vertices" : [ 0, 1, 2 ]
    }, {
      "vertices" : [ 0, 2, 3 ]
    }, {
      "vertices" : [ 0, 3, 2 ]
    }, {
      "vertices" : [ 0, 2, 1 ]
    } ]
  }, {
    "id" : "7824e4d6-1d53-4ddc-ad91-0fb8b435fa62",
    "vertices" : [ {
      "x" : 19.562305,
      "y" : -17.944271,
      "z" : 25.798374
    }, {
      "x" : 19.562305,
      "y" : -24.798374,
      "z" : 16.326239
    }, {
      "x" : 8.472136,
      "y" : -27.416409,
      "z" : 13.708204
    }, {
      "x" : 8.472136,
      "y" : -20.562305,
      "z" : 23.18034
    } ],
    "faces" : [ {
      "vertices" : [ 0, 1, 2 ]
    }, {
      "vertices" : [ 0, 2, 3 ]
    }, {
      "vertices" : [ 0, 3, 2 ]
    }, {
      "vertices" : [ 0, 2, 1 ]
    } ]
  }, {
    "id" : "a30a3e14-fab0-4e21-8277-93b3a5b467b6",
    "vertices" : [ {
      "x" : -83.48529,
      "y" : -8.472136,
      "z" : -5.236068
    }, {
      "x" : -75.01315,
      "y" : -15.326238,
      "z" : -1.0
    }, {
      "x" : -63.922985,
      "y" : -17.944271,
      "z" : 1.618034
    }, {
      "x" : -72.39512,
      "y" : -11.09017,
      "z" : -2.618034
    } ],
    "faces" : [ {
      "vertices" : [ 0, 1, 2 ]
    }, {
      "vertices" : [ 0, 2, 3 ]
    }, {
      "vertices" : [ 0, 3, 2 ]
    }, {
      "vertices" : [ 0, 2, 1 ]
    } ]
  }, {
    "id" : "3dff65d6-c684-4fc1-89dd-41ea712a81a5",
    "vertices" : [ {
      "x" : 21.18034,
      "y" : 37.506577,
      "z" : 24.798374
    }, {
      "x" : 16.944271,
      "y" : 29.034441,
      "z" : 17.944271
    }, {
      "x" : 5.854102,
      "y" : 31.652475,
      "z" : 15.326238
    }, {
      "x" : 10.09017,
      "y" : 40.12461,
      "z" : 22.18034
    } ],
    "faces" : [ {
      "vertices" : [ 0, 1, 2 ]
    }, {
      "vertices" : [ 0, 2, 3 ]
    }, {
      "vertices" : [ 0, 3, 2 ]
    }, {
      "vertices" : [ 0, 2, 1 ]
    } ]
  }, {
    "id" : "d4dccab2-3671-4c79-b881-1ef4952d9d0d",
    "vertices" : [ {
      "x" : -24.798374,
      "y" : 69.15905,
      "z" : 24.798374
    }, {
      "x" : -16.326239,
      "y" : 62.30495,
      "z" : 29.034441
    }, {
      "x" : -27.416409,
      "y" : 64.92299,
      "z" : 26.416409
    }, {
      "x" : -35.888542,
      "y" : 71.777084,
      "z" : 22.18034
    } ],
    "faces" : [ {
      "vertices" : [ 0, 1, 2 ]
    }, {
      "vertices" : [ 0, 2, 3 ]
    }, {
      "vertices" : [ 0, 3, 2 ]
    }, {
      "vertices" : [ 0, 2, 1 ]
    } ]
  }, {
    "id" : "3ae93405-2c80-4604-84bf-adb41a04d023",
    "vertices" : [ {
      "x" : -50.214783,
      "y" : 24.798374,
      "z" : -16.326239
    }, {
      "x" : -45.978714,
      "y" : 16.326239,
      "z" : -9.472136
    }, {
      "x" : -34.888542,
      "y" : 13.708204,
      "z" : -6.854102
    }, {
      "x" : -39.12461,
      "y" : 22.18034,
      "z" : -13.708204
    } ],
    "faces" : [ {
      "vertices" : [ 0, 1, 2 ]
    }, {
      "vertices" : [ 0, 2, 3 ]
    }, {
      "vertices" : [ 0, 3, 2 ]
    }, {
      "vertices" : [ 0, 2, 1 ]
    } ]
  }, {
    "id" : "bd5c9d67-0de8-4eaf-91ca-f9389457ea29",
    "vertices" : [ {
      "x" : -87.72136,
      "y" : 6.854102,
      "z" : -2.618034
    }, {
      "x" : -90.33939,
      "y" : 9.472136,
      "z" : 8.472136
    }, {
      "x" : -92.95743,
      "y" : 6.854102,
      "z" : 19.562305
    }, {
      "x" : -90.33939,
      "y" : 4.236068,
      "z" : 8.472136
    } ],
    "faces" : [ {
      "vertices" : [ 0, 1, 2 ]
    }, {
      "vertices" : [ 0, 2, 3 ]
    }, {
      "vertices" : [ 0, 3, 2 ]
    }, {
      "vertices" : [ 0, 2, 1 ]
    } ]
  }, {
    "id" : "6c52163a-cdf7-4c9f-a6bb-989fa1d77a03",
    "vertices" : [ {
      "x" : -2.618034,
      "y" : 69.15905,
      "z" : 11.09017
    }, {
      "x" : 0.0,
      "y" : 71.777084,
      "z" : 0.0
    }, {
      "x" : 0.0,
      "y" : 64.92299,
      "z" : -9.472136
    }, {
      "x" : -2.618034,
      "y" : 62.30495,
      "z" : 1.618034
    } ],
    "faces" : [ {
      "vertices" : [ 0, 1, 2 ]
    }, {
      "vertices" : [ 0, 2, 3 ]
    }, {
      "vertices" : [ 0, 3, 2 ]
    }, {
      "vertices" : [ 0, 2, 1 ]
    } ]
  }, {
    "id" : "a7448a71-4c1e-44df-ad6c-bc18aa3b8de2",
    "vertices" : [ {
      "x" : 23.798374,
      "y" : 16.326239,
      "z" : 23.18034
    }, {
      "x" : 19.562305,
      "y" : 24.798374,
      "z" : 16.326239
    }, {
      "x" : 22.18034,
      "y" : 22.18034,
      "z" : 5.236068
    }, {
      "x" : 26.416409,
      "y" : 13.708204,
      "z" : 12.09017
    } ],
    "faces" : [ {
      "vertices" : [ 0, 1, 2 ]
    }, {
      "vertices" : [ 0, 2, 3 ]
    }, {
      "vertices" : [ 0, 3, 2 ]
    }, {
      "vertices" : [ 0, 2, 1 ]
    } ]
  }, {
    "id" : "3090b9f2-cfde-4ea8-b1c6-a0878fcd2e26",
    "vertices" : [ {
      "x" : 13.708204,
      "y" : 59.686916,
      "z" : -36.888542
    }, {
      "x" : 24.798374,
      "y" : 62.30495,
      "z" : -34.27051
    }, {
      "x" : 27.416409,
      "y" : 64.92299,
      "z" : -45.36068
    }, {
      "x" : 16.326239,
      "y" : 62.30495,
      "z" : -47.978714
    } ],
    "faces" : [ {
      "vertices" : [ 0, 1, 2 ]
    }, {
      "vertices" : [ 0, 2, 3 ]
    }, {
      "vertices" : [ 0, 3, 2 ]
    }, {
      "vertices" : [ 0, 2, 1 ]
    } ]
  }, {
    "id" : "412079db-92d2-4d17-9811-ca40fdd11157",
    "vertices" : [ {
      "x" : -41.742645,
      "y" : -17.944271,
      "z" : -12.09017
    }, {
      "x" : -37.506577,
      "y" : -9.472136,
      "z" : -5.236068
    }, {
      "x" : -37.506577,
      "y" : -2.618034,
      "z" : 4.236068
    }, {
      "x" : -41.742645,
      "y" : -11.09017,
      "z" : -2.618034
    } ],
    "faces" : [ {
      "vertices" : [ 0, 1, 2 ]
    }, {
      "vertices" : [ 0, 2, 3 ]
    }, {
      "vertices" : [ 0, 3, 2 ]
    }, {
      "vertices" : [ 0, 2, 1 ]
    } ]
  }, {
    "id" : "652accc4-de04-41a5-8295-7b782c551831",
    "vertices" : [ {
      "x" : -72.39512,
      "y" : -60.686916,
      "z" : -2.618034
    }, {
      "x" : -61.30495,
      "y" : -58.068882,
      "z" : 0.0
    }, {
      "x" : -52.832817,
      "y" : -64.92299,
      "z" : 4.236068
    }, {
      "x" : -63.922985,
      "y" : -67.54102,
      "z" : 1.618034
    } ],
    "faces" : [ {
      "vertices" : [ 0, 1, 2 ]
    }, {
      "vertices" : [ 0, 2, 3 ]
    }, {
      "vertices" : [ 0, 3, 2 ]
    }, {
      "vertices" : [ 0, 2, 1 ]
    } ]
  }, {
    "id" : "57f927d0-47c7-4a04-9e65-0c542bc92c7d",
    "vertices" : [ {
      "x" : 82.867256,
      "y" : -11.09017,
      "z" : -41.742645
    }, {
      "x" : 82.867256,
      "y" : -17.944271,
      "z" : -51.214783
    }, {
      "x" : 74.39512,
      "y" : -24.798374,
      "z" : -55.45085
    }, {
      "x" : 74.39512,
      "y" : -17.944271,
      "z" : -45.978714
    } ],
    "faces" : [ {
      "vertices" : [ 0, 1, 2 ]
    }, {
      "vertices" : [ 0, 2, 3 ]
    }, {
      "vertices" : [ 0, 3, 2 ]
    }, {
      "vertices" : [ 0, 2, 1 ]
    } ]
  }, {
    "id" : "4ff46ee9-4c5b-4107-b25c-3fbc4a962255",
    "vertices" : [ {
      "x" : -10.09017,
      "y" : -40.12461,
      "z" : -41.12461
    }, {
      "x" : -10.09017,
      "y" : -33.27051,
      "z" : -31.652475
    }, {
      "x" : -12.708204,
      "y" : -35.888542,
      "z" : -20.562305
    }, {
      "x" : -12.708204,
      "y" : -42.742645,
      "z" : -30.034441
    } ],
    "faces" : [ {
      "vertices" : [ 0, 1, 2 ]
    }, {
      "vertices" : [ 0, 2, 3 ]
    }, {
      "vertices" : [ 0, 3, 2 ]
    }, {
      "vertices" : [ 0, 2, 1 ]
    } ]
  }, {
    "id" : "87e33297-e047-49b3-86a5-ee39bea6159a",
    "vertices" : [ {
      "x" : -50.214783,
      "y" : -67.54102,
      "z" : -6.854102
    }, {
      "x" : -45.978714,
      "y" : -76.01315,
      "z" : 0.0
    }, {
      "x" : -45.978714,
      "y" : -82.867256,
      "z" : -9.472136
    }, {
      "x" : -50.214783,
      "y" : -74.39512,
      "z" : -16.326239
    } ],
    "faces" : [ {
      "vertices" : [ 0, 1, 2 ]
    }, {
      "vertices" : [ 0, 2, 3 ]
    }, {
      "vertices" : [ 0, 3, 2 ]
    }, {
      "vertices" : [ 0, 2, 1 ]
    } ]
  }, {
    "id" : "f204b757-ebba-4605-a9dd-dd78225ccc02",
    "vertices" : [ {
      "x" : -53.832817,
      "y" : -35.888542,
      "z" : 42.742645
    }, {
      "x" : -58.068882,
      "y" : -27.416409,
      "z" : 35.888542
    }, {
      "x" : -55.45085,
      "y" : -24.798374,
      "z" : 24.798374
    }, {
      "x" : -51.214783,
      "y" : -33.27051,
      "z" : 31.652475
    } ],
    "faces" : [ {
      "vertices" : [ 0, 1, 2 ]
    }, {
      "vertices" : [ 0, 2, 3 ]
    }, {
      "vertices" : [ 0, 3, 2 ]
    }, {
      "vertices" : [ 0, 2, 1 ]
    } ]
  }, {
    "id" : "f8f9aacf-5ac6-4eaf-aaea-2d95b6b41eb2",
    "vertices" : [ {
      "x" : -12.09017,
      "y" : 16.326239,
      "z" : 45.36068
    }, {
      "x" : -9.472136,
      "y" : 13.708204,
      "z" : 34.27051
    }, {
      "x" : -17.944271,
      "y" : 6.854102,
      "z" : 30.034441
    }, {
      "x" : -20.562305,
      "y" : 9.472136,
      "z" : 41.12461
    } ],
    "faces" : [ {
      "vertices" : [ 0, 1, 2 ]
    }, {
      "vertices" : [ 0, 2, 3 ]
    }, {
      "vertices" : [ 0, 3, 2 ]
    }, {
      "vertices" : [ 0, 2, 1 ]
    } ]
  }, {
    "id" : "86cddae3-3815-436c-9a34-d51560328ec6",
    "vertices" : [ {
      "x" : 24.798374,
      "y" : -17.944271,
      "z" : -15.326238
    }, {
      "x" : 35.888542,
      "y" : -20.562305,
      "z" : -12.708204
    }, {
      "x" : 35.888542,
      "y" : -27.416409,
      "z" : -22.18034
    }, {
      "x" : 24.798374,
      "y" : -24.798374,
      "z" : -24.798374
    } ],
    "faces" : [ {
      "vertices" : [ 0, 1, 2 ]
    }, {
      "vertices" : [ 0, 2, 3 ]
    }, {
      "vertices" : [ 0, 3, 2 ]
    }, {
      "vertices" : [ 0, 2, 1 ]
    } ]
  }, {
    "id" : "895a8372-2807-404b-b0a9-bbba4c52096f",
    "vertices" : [ {
      "x" : -90.33939,
      "y" : -2.618034,
      "z" : 17.944271
    }, {
      "x" : -92.95743,
      "y" : 0.0,
      "z" : 29.034441
    }, {
      "x" : -88.72136,
      "y" : -8.472136,
      "z" : 35.888542
    }, {
      "x" : -86.103325,
      "y" : -11.09017,
      "z" : 24.798374
    } ],
    "faces" : [ {
      "vertices" : [ 0, 1, 2 ]
    }, {
      "vertices" : [ 0, 2, 3 ]
    }, {
      "vertices" : [ 0, 3, 2 ]
    }, {
      "vertices" : [ 0, 2, 1 ]
    } ]
  }, {
    "id" : "5029bffe-6815-4855-b224-d49f98ebd1b6",
    "vertices" : [ {
      "x" : 1.0,
      "y" : -66.54102,
      "z" : -47.978714
    }, {
      "x" : -1.618034,
      "y" : -63.922985,
      "z" : -36.888542
    }, {
      "x" : -10.09017,
      "y" : -70.777084,
      "z" : -41.12461
    }, {
      "x" : -7.472136,
      "y" : -73.39512,
      "z" : -52.214783
    } ],
    "faces" : [ {
      "vertices" : [ 0, 1, 2 ]
    }, {
      "vertices" : [ 0, 2, 3 ]
    }, {
      "vertices" : [ 0, 3, 2 ]
    }, {
      "vertices" : [ 0, 2, 1 ]
    } ]
  }, {
    "id" : "1bcb70fb-ace8-427b-87a1-5faa45726316",
    "vertices" : [ {
      "x" : -15.326238,
      "y" : -82.867256,
      "z" : -9.472136
    }, {
      "x" : -6.854102,
      "y" : -76.01315,
      "z" : -5.236068
    }, {
      "x" : -4.236068,
      "y" : -73.39512,
      "z" : -16.326239
    }, {
      "x" : -12.708204,
      "y" : -80.24922,
      "z" : -20.562305
    } ],
    "faces" : [ {
      "vertices" : [ 0, 1, 2 ]
    }, {
      "vertices" : [ 0, 2, 3 ]
    }, {
      "vertices" : [ 0, 3, 2 ]
    }, {
      "vertices" : [ 0, 2, 1 ]
    } ]
  }, {
    "id" : "9570ae9b-9b1c-4cb4-803d-ace898bff366",
    "vertices" : [ {
      "x" : -44.36068,
      "y" : 78.63119,
      "z" : -1.0
    }, {
      "x" : -44.36068,
      "y" : 71.777084,
      "z" : 8.472136
    }, {
      "x" : -52.832817,
      "y" : 64.92299,
      "z" : 4.236068
    }, {
      "x" : -52.832817,
      "y" : 71.777084,
      "z" : -5.236068
    } ],
    "faces" : [ {
      "vertices" : [ 0, 1, 2 ]
    }, {
      "vertices" : [ 0, 2, 3 ]
    }, {
      "vertices" : [ 0, 3, 2 ]
    }, {
      "vertices" : [ 0, 2, 1 ]
    } ]
  }, {
    "id" : "7a1e0dd3-fec1-47c9-84ca-e2a12d0f5574",
    "vertices" : [ {
      "x" : -11.09017,
      "y" : -11.09017,
      "z" : 16.326239
    }, {
      "x" : -2.618034,
      "y" : -17.944271,
      "z" : 20.562305
    }, {
      "x" : -2.618034,
      "y" : -24.798374,
      "z" : 11.09017
    }, {
      "x" : -11.09017,
      "y" : -17.944271,
      "z" : 6.854102
    } ],
    "faces" : [ {
      "vertices" : [ 0, 1, 2 ]
    }, {
      "vertices" : [ 0, 2, 3 ]
    }, {
      "vertices" : [ 0, 3, 2 ]
    }, {
      "vertices" : [ 0, 2, 1 ]
    } ]
  }, {
    "id" : "b116da53-baac-4d2c-98ea-c15585742a6c",
    "vertices" : [ {
      "x" : 43.742645,
      "y" : -48.59675,
      "z" : -64.92299
    }, {
      "x" : 52.214783,
      "y" : -55.45085,
      "z" : -60.686916
    }, {
      "x" : 60.686916,
      "y" : -48.59675,
      "z" : -56.45085
    }, {
      "x" : 52.214783,
      "y" : -41.742645,
      "z" : -60.686916
    } ],
    "faces" : [ {
      "vertices" : [ 0, 1, 2 ]
    }, {
      "vertices" : [ 0, 2, 3 ]
    }, {
      "vertices" : [ 0, 3, 2 ]
    }, {
      "vertices" : [ 0, 2, 1 ]
    } ]
  }, {
    "id" : "48d53965-2ccb-48b2-a8ca-c0bbbcbe278f",
    "vertices" : [ {
      "x" : -50.214783,
      "y" : -24.798374,
      "z" : -16.326239
    }, {
      "x" : -50.214783,
      "y" : -17.944271,
      "z" : -6.854102
    }, {
      "x" : -52.832817,
      "y" : -20.562305,
      "z" : 4.236068
    }, {
      "x" : -52.832817,
      "y" : -27.416409,
      "z" : -5.236068
    } ],
    "faces" : [ {
      "vertices" : [ 0, 1, 2 ]
    }, {
      "vertices" : [ 0, 2, 3 ]
    }, {
      "vertices" : [ 0, 3, 2 ]
    }, {
      "vertices" : [ 0, 2, 1 ]
    } ]
  }, {
    "id" : "f0b43a43-ab40-4ba0-bc74-9341f305d893",
    "vertices" : [ {
      "x" : 40.12461,
      "y" : 44.36068,
      "z" : -15.326238
    }, {
      "x" : 48.59675,
      "y" : 37.506577,
      "z" : -11.09017
    }, {
      "x" : 37.506577,
      "y" : 40.12461,
      "z" : -13.708204
    }, {
      "x" : 29.034441,
      "y" : 46.978714,
      "z" : -17.944271
    } ],
    "faces" : [ {
      "vertices" : [ 0, 1, 2 ]
    }, {
      "vertices" : [ 0, 2, 3 ]
    }, {
      "vertices" : [ 0, 3, 2 ]
    }, {
      "vertices" : [ 0, 2, 1 ]
    } ]
  }, {
    "id" : "de68a170-a007-445d-a617-c3e067e28325",
    "vertices" : [ {
      "x" : -72.39512,
      "y" : -11.09017,
      "z" : -2.618034
    }, {
      "x" : -61.30495,
      "y" : -8.472136,
      "z" : 0.0
    }, {
      "x" : -52.832817,
      "y" : -15.326238,
      "z" : 4.236068
    }, {
      "x" : -63.922985,
      "y" : -17.944271,
      "z" : 1.618034
    } ],
    "faces" : [ {
      "vertices" : [ 0, 1, 2 ]
    }, {
      "vertices" : [ 0, 2, 3 ]
    }, {
      "vertices" : [ 0, 3, 2 ]
    }, {
      "vertices" : [ 0, 2, 1 ]
    } ]
  }, {
    "id" : "2e3f7da0-378f-4088-801f-144ef58951e3",
    "vertices" : [ {
      "x" : 28.034441,
      "y" : -48.59675,
      "z" : 20.562305
    }, {
      "x" : 30.652475,
      "y" : -51.214783,
      "z" : 9.472136
    }, {
      "x" : 22.18034,
      "y" : -58.068882,
      "z" : 5.236068
    }, {
      "x" : 19.562305,
      "y" : -55.45085,
      "z" : 16.326239
    } ],
    "faces" : [ {
      "vertices" : [ 0, 1, 2 ]
    }, {
      "vertices" : [ 0, 2, 3 ]
    }, {
      "vertices" : [ 0, 3, 2 ]
    }, {
      "vertices" : [ 0, 2, 1 ]
    } ]
  }, {
    "id" : "89e886e3-4b11-4e78-8fc5-898fd6ac0fcd",
    "vertices" : [ {
      "x" : -52.832817,
      "y" : -20.562305,
      "z" : 4.236068
    }, {
      "x" : -52.832817,
      "y" : -27.416409,
      "z" : 13.708204
    }, {
      "x" : -55.45085,
      "y" : -24.798374,
      "z" : 24.798374
    }, {
      "x" : -55.45085,
      "y" : -17.944271,
      "z" : 15.326238
    } ],
    "faces" : [ {
      "vertices" : [ 0, 1, 2 ]
    }, {
      "vertices" : [ 0, 2, 3 ]
    }, {
      "vertices" : [ 0, 3, 2 ]
    }, {
      "vertices" : [ 0, 2, 1 ]
    } ]
  }, {
    "id" : "11c7a38c-f6e1-4a41-a7d2-41156adb419f",
    "vertices" : [ {
      "x" : -48.59675,
      "y" : 13.708204,
      "z" : 1.618034
    }, {
      "x" : -40.12461,
      "y" : 6.854102,
      "z" : 5.854102
    }, {
      "x" : -40.12461,
      "y" : 0.0,
      "z" : 15.326238
    }, {
      "x" : -48.59675,
      "y" : 6.854102,
      "z" : 11.09017
    } ],
    "faces" : [ {
      "vertices" : [ 0, 1, 2 ]
    }, {
      "vertices" : [ 0, 2, 3 ]
    }, {
      "vertices" : [ 0, 3, 2 ]
    }, {
      "vertices" : [ 0, 2, 1 ]
    } ]
  }, {
    "id" : "b7893f2f-362a-4a63-b81c-c836e9c5a76a",
    "vertices" : [ {
      "x" : -60.686916,
      "y" : -11.09017,
      "z" : 46.978714
    }, {
      "x" : -69.15905,
      "y" : -17.944271,
      "z" : 42.742645
    }, {
      "x" : -80.24922,
      "y" : -15.326238,
      "z" : 40.12461
    }, {
      "x" : -71.777084,
      "y" : -8.472136,
      "z" : 44.36068
    } ],
    "faces" : [ {
      "vertices" : [ 0, 1, 2 ]
    }, {
      "vertices" : [ 0, 2, 3 ]
    }, {
      "vertices" : [ 0, 3, 2 ]
    }, {
      "vertices" : [ 0, 2, 1 ]
    } ]
  }, {
    "id" : "0c50ed65-057b-4e0d-83f1-825c6c0624a2",
    "vertices" : [ {
      "x" : -66.54102,
      "y" : 22.18034,
      "z" : 22.18034
    }, {
      "x" : -55.45085,
      "y" : 24.798374,
      "z" : 24.798374
    }, {
      "x" : -58.068882,
      "y" : 22.18034,
      "z" : 35.888542
    }, {
      "x" : -69.15905,
      "y" : 19.562305,
      "z" : 33.27051
    } ],
    "faces" : [ {
      "vertices" : [ 0, 1, 2 ]
    }, {
      "vertices" : [ 0, 2, 3 ]
    }, {
      "vertices" : [ 0, 3, 2 ]
    }, {
      "vertices" : [ 0, 2, 1 ]
    } ]
  }, {
    "id" : "de6da150-58bb-4068-a2ce-8450b90e0555",
    "vertices" : [ {
      "x" : -72.39512,
      "y" : 38.506577,
      "z" : -2.618034
    }, {
      "x" : -61.30495,
      "y" : 41.12461,
      "z" : 0.0
    }, {
      "x" : -52.832817,
      "y" : 34.27051,
      "z" : 4.236068
    }, {
      "x" : -63.922985,
      "y" : 31.652475,
      "z" : 1.618034
    } ],
    "faces" : [ {
      "vertices" : [ 0, 1, 2 ]
    }, {
      "vertices" : [ 0, 2, 3 ]
    }, {
      "vertices" : [ 0, 3, 2 ]
    }, {
      "vertices" : [ 0, 2, 1 ]
    } ]
  }, {
    "id" : "f8041365-4ccc-4c44-a6a5-fcf78a51b288",
    "vertices" : [ {
      "x" : -52.832817,
      "y" : 47.978714,
      "z" : 4.236068
    }, {
      "x" : -48.59675,
      "y" : 56.45085,
      "z" : 11.09017
    }, {
      "x" : -52.832817,
      "y" : 64.92299,
      "z" : 4.236068
    }, {
      "x" : -57.068882,
      "y" : 56.45085,
      "z" : -2.618034
    } ],
    "faces" : [ {
      "vertices" : [ 0, 1, 2 ]
    }, {
      "vertices" : [ 0, 2, 3 ]
    }, {
      "vertices" : [ 0, 3, 2 ]
    }, {
      "vertices" : [ 0, 2, 1 ]
    } ]
  }, {
    "id" : "a77d6945-e527-4870-8628-e40f600f84b5",
    "vertices" : [ {
      "x" : -31.652475,
      "y" : 56.45085,
      "z" : 19.562305
    }, {
      "x" : -40.12461,
      "y" : 49.59675,
      "z" : 15.326238
    }, {
      "x" : -48.59675,
      "y" : 56.45085,
      "z" : 11.09017
    }, {
      "x" : -40.12461,
      "y" : 63.30495,
      "z" : 15.326238
    } ],
    "faces" : [ {
      "vertices" : [ 0, 1, 2 ]
    }, {
      "vertices" : [ 0, 2, 3 ]
    }, {
      "vertices" : [ 0, 3, 2 ]
    }, {
      "vertices" : [ 0, 2, 1 ]
    } ]
  }, {
    "id" : "743b0ac3-9d19-4805-b8a5-77cb08a37f31",
    "vertices" : [ {
      "x" : 17.326239,
      "y" : -40.12461,
      "z" : -77.01315
    }, {
      "x" : 17.326239,
      "y" : -33.27051,
      "z" : -67.54102
    }, {
      "x" : 14.708204,
      "y" : -35.888542,
      "z" : -56.45085
    }, {
      "x" : 14.708204,
      "y" : -42.742645,
      "z" : -65.92299
    } ],
    "faces" : [ {
      "vertices" : [ 0, 1, 2 ]
    }, {
      "vertices" : [ 0, 2, 3 ]
    }, {
      "vertices" : [ 0, 3, 2 ]
    }, {
      "vertices" : [ 0, 2, 1 ]
    } ]
  }, {
    "id" : "e2da35f7-1f04-42d9-9c28-a130e8223485",
    "vertices" : [ {
      "x" : 38.506577,
      "y" : 19.562305,
      "z" : -33.27051
    }, {
      "x" : 49.59675,
      "y" : 22.18034,
      "z" : -30.652475
    }, {
      "x" : 46.978714,
      "y" : 24.798374,
      "z" : -19.562305
    }, {
      "x" : 35.888542,
      "y" : 22.18034,
      "z" : -22.18034
    } ],
    "faces" : [ {
      "vertices" : [ 0, 1, 2 ]
    }, {
      "vertices" : [ 0, 2, 3 ]
    }, {
      "vertices" : [ 0, 3, 2 ]
    }, {
      "vertices" : [ 0, 2, 1 ]
    } ]
  }, {
    "id" : "e7328ba7-cd16-45d2-8608-0bdbfc656235",
    "vertices" : [ {
      "x" : 58.068882,
      "y" : 29.034441,
      "z" : -26.416409
    }, {
      "x" : 58.068882,
      "y" : 22.18034,
      "z" : -35.888542
    }, {
      "x" : 49.59675,
      "y" : 15.326238,
      "z" : -40.12461
    }, {
      "x" : 49.59675,
      "y" : 22.18034,
      "z" : -30.652475
    } ],
    "faces" : [ {
      "vertices" : [ 0, 1, 2 ]
    }, {
      "vertices" : [ 0, 2, 3 ]
    }, {
      "vertices" : [ 0, 3, 2 ]
    }, {
      "vertices" : [ 0, 2, 1 ]
    } ]
  }, {
    "id" : "b27e64df-978c-4b79-9f1c-d2a1ee62a8ee",
    "vertices" : [ {
      "x" : -16.326239,
      "y" : 38.506577,
      "z" : 38.506577
    }, {
      "x" : -7.854102,
      "y" : 31.652475,
      "z" : 42.742645
    }, {
      "x" : -7.854102,
      "y" : 24.798374,
      "z" : 52.214783
    }, {
      "x" : -16.326239,
      "y" : 31.652475,
      "z" : 47.978714
    } ],
    "faces" : [ {
      "vertices" : [ 0, 1, 2 ]
    }, {
      "vertices" : [ 0, 2, 3 ]
    }, {
      "vertices" : [ 0, 3, 2 ]
    }, {
      "vertices" : [ 0, 2, 1 ]
    } ]
  }, {
    "id" : "e98bd663-6c69-45db-af32-7d00e92ee4a0",
    "vertices" : [ {
      "x" : -66.54102,
      "y" : -20.562305,
      "z" : 12.708204
    }, {
      "x" : -66.54102,
      "y" : -27.416409,
      "z" : 22.18034
    }, {
      "x" : -55.45085,
      "y" : -24.798374,
      "z" : 24.798374
    }, {
      "x" : -55.45085,
      "y" : -17.944271,
      "z" : 15.326238
    } ],
    "faces" : [ {
      "vertices" : [ 0, 1, 2 ]
    }, {
      "vertices" : [ 0, 2, 3 ]
    }, {
      "vertices" : [ 0, 3, 2 ]
    }, {
      "vertices" : [ 0, 2, 1 ]
    } ]
  }, {
    "id" : "1f1de334-662e-4c01-9448-b3d53d91bf70",
    "vertices" : [ {
      "x" : -39.12461,
      "y" : -27.416409,
      "z" : -13.708204
    }, {
      "x" : -28.034441,
      "y" : -24.798374,
      "z" : -11.09017
    }, {
      "x" : -19.562305,
      "y" : -17.944271,
      "z" : -6.854102
    }, {
      "x" : -30.652475,
