{
  "field" : "golden",
  "symmetry" : "icosahedral",
  "orientations" : [ [ 1.0, 0.0, 0.0, 0.0, 0.0, 1.0, 0.0, 0.0, 0.0, 0.0, 1.0, 0.0, 0.0, 0.0, 0.0, 1.0 ], [ 0.0, 0.0, 1.0, 0.0, 1.0, 0.0, 0.0, 0.0, 0.0, 1.0, 0.0, 0.0, 0.0, 0.0, 0.0, 1.0 ], [ 0.0, 1.0, 0.0, 0.0, 0.0, 0.0, 1.0, 0.0, 1.0, 0.0, 0.0, 0.0, 0.0, 0.0, 0.0, 1.0 ], [ 0.809017, 0.309017, 0.5, 0.0, 0.309017, 0.5, -0.809017, 0.0, -0.5, 0.809017, 0.309017, 0.0, 0.0, 0.0, 0.0, 1.0 ], [ -0.5, 0.809017, 0.309017, 0.0, 0.809017, 0.309017, 0.5, 0.0, 0.309017, 0.5, -0.809017, 0.0, 0.0, 0.0, 0.0, 1.0 ], [ 0.309017, 0.5, -0.809017, 0.0, -0.5, 0.809017, 0.309017, 0.0, 0.809017, 0.309017, 0.5, 0.0, 0.0, 0.0, 0.0, 1.0 ], [ 0.5, 0.809017, 0.309017, 0.0, 0.809017, -0.309017, -0.5, 0.0, -0.309017, 0.5, -0.809017, 0.0, 0.0, 0.0, 0.0, 1.0 ], [ -0.309017, 0.5, -0.809017, 0.0, 0.5, 0.809017, 0.309017, 0.0, 0.809017, -0.309017, -0.5, 0.0, 0.0, 0.0, 0.0, 1.0 ], [ 0.809017, -0.309017, -0.5, 0.0, -0.309017, 0.5, -0.809017, 0.0, 0.5, 0.809017, 0.309017, 0.0, 0.0, 0.0, 0.0, 1.0 ], [ 0.5, 0.809017, -0.309017, 0.0, 0.809017, -0.309017, 0.5, 0.0, 0.309017, -0.5, -0.809017, 0.0, 0.0, 0.0, 0.0, 1.0 ], [ 0.309017, -0.5, -0.809017, 0.0, 0.5, 0.809017, -0.309017, 0.0, 0.809017, -0.309017, 0.5, 0.0, 0.0, 0.0, 0.0, 1.0 ], [ 0.809017, -0.309017, 0.5, 0.0, 0.309017, -0.5, -0.809017, 0.0, 0.5, 0.809017, -0.309017, 0.0, 0.0, 0.0, 0.0, 1.0 ], [ 0.809017, 0.309017, -0.5, 0.0, 0.309017, 0.5, 0.809017, 0.0, 0.5, -0.809017, 0.309017, 0.0, 0.0, 0.0, 0.0, 1.0 ], [ 0.5, -0.809017, 0.309017, 0.0, 0.809017, 0.309017, -0.5, 0.0, 0.309017, 0.5, 0.809017, 0.0, 0.0, 0.0, 0.0, 1.0 ], [ 0.309017, 0.5, 0.809017, 0.0, 0.5, -0.809017, 0.309017, 0.0, 0.809017, 0.309017, -0.5, 0.0, 0.0, 0.0, 0.0, 1.0 ], [ 1.0, 0.0, 0.0, 0.0, 0.0, -1.0, 0.0, 0.0, 0.0, 0.0, -1.0, 0.0, 0.0, 0.0, 0.0, 1.0 ], [ 0.0, 0.0, 1.0, 0.0, -1.0, 0.0, 0.0, 0.0, 0.0, -1.0, 0.0, 0.0, 0.0, 0.0, 0.0, 1.0 ], [ 0.0, 1.0, 0.0, 0.0, 0.0, 0.0, -1.0, 0.0, -1.0, 0.0, 0.0, 0.0, 0.0, 0.0, 0.0, 1.0 ], [ 0.809017, 0.309017, 0.5, 0.0, -0.309017, -0.5, 0.809017, 0.0, 0.5, -0.809017, -0.309017, 0.0, 0.0, 0.0, 0.0, 1.0 ], [ -0.5, 0.809017, 0.309017, 0.0, -0.809017, -0.309017, -0.5, 0.0, -0.309017, -0.5, 0.809017, 0.0, 0.0, 0.0, 0.0, 1.0 ], [ 0.309017, 0.5, -0.809017, 0.0, 0.5, -0.809017, -0.309017, 0.0, -0.809017, -0.309017, -0.5, 0.0, 0.0, 0.0, 0.0, 1.0 ], [ 0.5, 0.809017, 0.309017, 0.0, -0.809017, 0.309017, 0.5, 0.0, 0.309017, -0.5, 0.809017, 0.0, 0.0, 0.0, 0.0, 1.0 ], [ -0.309017, 0.5, -0.809017, 0.0, -0.5, -0.809017, -0.309017, 0.0, -0.809017, 0.309017, 0.5, 0.0, 0.0, 0.0, 0.0, 1.0 ], [ 0.809017, -0.309017, -0.5, 0.0, 0.309017, -0.5, 0.809017, 0.0, -0.5, -0.809017, -0.309017, 0.0, 0.0, 0.0, 0.0, 1.0 ], [ 0.5, 0.809017, -0.309017, 0.0, -0.809017, 0.309017, -0.5, 0.0, -0.309017, 0.5, 0.809017, 0.0, 0.0, 0.0, 0.0, 1.0 ], [ 0.309017, -0.5, -0.809017, 0.0, -0.5, -0.809017, 0.309017, 0.0, -0.809017, 0.309017, -0.5, 0.0, 0.0, 0.0, 0.0, 1.0 ], [ 0.809017, -0.309017, 0.5, 0.0, -0.309017, 0.5, 0.809017, 0.0, -0.5, -0.809017, 0.309017, 0.0, 0.0, 0.0, 0.0, 1.0 ], [ 0.809017, 0.309017, -0.5, 0.0, -0.309017, -0.5, -0.809017, 0.0, -0.5, 0.809017, -0.309017, 0.0, 0.0, 0.0, 0.0, 1.0 ], [ 0.5, -0.809017, 0.309017, 0.0, -0.809017, -0.309017, 0.5, 0.0, -0.309017, -0.5, -0.809017, 0.0, 0.0, 0.0, 0.0, 1.0 ], [ 0.309017, 0.5, 0.809017, 0.0, -0.5, 0.809017, -0.309017, 0.0, -0.809017, -0.309017, 0.5, 0.0, 0.0, 0.0, 0.0, 1.0 ], [ -1.0, 0.0, 0.0, 0.0, 0.0, -1.0, 0.0, 0.0, 0.0, 0.0, 1.0, 0.0, 0.0, 0.0, 0.0, 1.0 ], [ 0.0, 0.0, -1.0, 0.0, -1.0, 0.0, 0.0, 0.0, 0.0, 1.0, 0.0, 0.0, 0.0, 0.0, 0.0, 1.0 ], [ 0.0, -1.0, 0.0, 0.0, 0.0, 0.0, -1.0, 0.0, 1.0, 0.0, 0.0, 0.0, 0.0, 0.0, 0.0, 1.0 ], [ -0.809017, -0.309017, -0.5, 0.0, -0.309017, -0.5, 0.809017, 0.0, -0.5, 0.809017, 0.309017, 0.0, 0.0, 0.0, 0.0, 1.0 ], [ 0.5, -0.809017, -0.309017, 0.0, -0.809017, -0.309017, -0.5, 0.0, 0.309017, 0.5, -0.809017, 0.0, 0.0, 0.0, 0.0, 1.0 ], [ -0.309017, -0.5, 0.809017, 0.0, 0.5, -0.809017, -0.309017, 0.0, 0.809017, 0.309017, 0.5, 0.0, 0.0, 0.0, 0.0, 1.0 ], [ -0.5, -0.809017, -0.309017, 0.0, -0.809017, 0.309017, 0.5, 0.0, -0.309017, 0.5, -0.809017, 0.0, 0.0, 0.0, 0.0, 1.0 ], [ 0.309017, -0.5, 0.809017, 0.0, -0.5, -0.809017, -0.309017, 0.0, 0.809017, -0.309017, -0.5, 0.0, 0.0, 0.0, 0.0, 1.0 ], [ -0.809017, 0.309017, 0.5, 0.0, 0.309017, -0.5, 0.809017, 0.0, 0.5, 0.809017, 0.309017, 0.0, 0.0, 0.0, 0.0, 1.0 ], [ -0.5, -0.809017, 0.309017, 0.0, -0.809017, 0.309017, -0.5, 0.0, 0.309017, -0.5, -0.809017, 0.0, 0.0, 0.0, 0.0, 1.0 ], [ -0.309017, 0.5, 0.809017, 0.0, -0.5, -0.809017, 0.309017, 0.0, 0.809017, -0.309017, 0.5, 0.0, 0.0, 0.0, 0.0, 1.0 ], [ -0.809017, 0.309017, -0.5, 0.0, -0.309017, 0.5, 0.809017, 0.0, 0.5, 0.809017, -0.309017, 0.0, 0.0, 0.0, 0.0, 1.0 ], [ -0.809017, -0.309017, 0.5, 0.0, -0.309017, -0.5, -0.809017, 0.0, 0.5, -0.809017, 0.309017, 0.0, 0.0, 0.0, 0.0, 1.0 ], [ -0.5, 0.809017, -0.309017, 0.0, -0.809017, -0.309017, 0.5, 0.0, 0.309017, 0.5, 0.809017, 0.0, 0.0, 0.0, 0.0, 1.0 ], [ -0.309017, -0.5, -0.809017, 0.0, -0.5, 0.809017, -0.309017, 0.0, 0.809017, 0.309017, -0.5, 0.0, 0.0, 0.0, 0.0, 1.0 ], [ -1.0, 0.0, 0.0, 0.0, 0.0, 1.0, 0.0, 0.0, 0.0, 0.0, -1.0, 0.0, 0.0, 0.0, 0.0, 1.0 ], [ 0.0, 0.0, -1.0, 0.0, 1.0, 0.0, 0.0, 0.0, 0.0, -1.0, 0.0, 0.0, 0.0, 0.0, 0.0, 1.0 ], [ 0.0, -1.0, 0.0, 0.0, 0.0, 0.0, 1.0, 0.0, -1.0, 0.0, 0.0, 0.0, 0.0, 0.0, 0.0, 1.0 ], [ -0.809017, -0.309017, -0.5, 0.0, 0.309017, 0.5, -0.809017, 0.0, 0.5, -0.809017, -0.309017, 0.0, 0.0, 0.0, 0.0, 1.0 ], [ 0.5, -0.809017, -0.309017, 0.0, 0.809017, 0.309017, 0.5, 0.0, -0.309017, -0.5, 0.809017, 0.0, 0.0, 0.0, 0.0, 1.0 ], [ -0.309017, -0.5, 0.809017, 0.0, -0.5, 0.809017, 0.309017, 0.0, -0.809017, -0.309017, -0.5, 0.0, 0.0, 0.0, 0.0, 1.0 ], [ -0.5, -0.809017, -0.309017, 0.0, 0.809017, -0.309017, -0.5, 0.0, 0.309017, -0.5, 0.809017, 0.0, 0.0, 0.0, 0.0, 1.0 ], [ 0.309017, -0.5, 0.809017, 0.0, 0.5, 0.809017, 0.309017, 0.0, -0.809017, 0.309017, 0.5, 0.0, 0.0, 0.0, 0.0, 1.0 ], [ -0.809017, 0.309017, 0.5, 0.0, -0.309017, 0.5, -0.809017, 0.0, -0.5, -0.809017, -0.309017, 0.0, 0.0, 0.0, 0.0, 1.0 ], [ -0.5, -0.809017, 0.309017, 0.0, 0.809017, -0.309017, 0.5, 0.0, -0.309017, 0.5, 0.809017, 0.0, 0.0, 0.0, 0.0, 1.0 ], [ -0.309017, 0.5, 0.809017, 0.0, 0.5, 0.809017, -0.309017, 0.0, -0.809017, 0.309017, -0.5, 0.0, 0.0, 0.0, 0.0, 1.0 ], [ -0.809017, 0.309017, -0.5, 0.0, 0.309017, -0.5, -0.809017, 0.0, -0.5, -0.809017, 0.309017, 0.0, 0.0, 0.0, 0.0, 1.0 ], [ -0.809017, -0.309017, 0.5, 0.0, 0.309017, 0.5, 0.809017, 0.0, -0.5, 0.809017, -0.309017, 0.0, 0.0, 0.0, 0.0, 1.0 ], [ -0.5, 0.809017, -0.309017, 0.0, 0.809017, 0.309017, -0.5, 0.0, -0.309017, -0.5, -0.809017, 0.0, 0.0, 0.0, 0.0, 1.0 ], [ -0.309017, -0.5, -0.809017, 0.0, 0.5, -0.809017, 0.309017, 0.0, -0.809017, -0.309017, 0.5, 0.0, 0.0, 0.0, 0.0, 1.0 ] ],
  "lights" : {
    "ambientColor" : "#292929",
    "backgroundColor" : "#E5E5E5",
    "directionalLights" : [ {
      "direction" : {
        "x" : 1.0,
        "y" : -1.0,
        "z" : -1.0
      },
      "color" : "#EBEBE4"
    }, {
      "direction" : {
        "x" : -1.0,
        "y" : 0.0,
        "z" : 0.0
      },
      "color" : "#E4E4EB"
    }, {
      "direction" : {
        "x" : 0.0,
        "y" : 0.0,
        "z" : -1.0
      },
      "color" : "#1E1E1E"
    } ]
  },
  "camera" : {
    "width" : 144.08075,
    "stereo" : false,
    "lookDirection" : {
      "x" : 0.0,
      "y" : 0.0,
      "z" : -1.0
    },
    "upDirection" : {
      "x" : 0.0,
      "y" : 1.0,
      "z" : 0.0
    },
    "lookAtPoint" : {
      "x" : 0.0,
      "y" : 0.0,
      "z" : 0.0
    },
    "perspective" : false,
    "viewDistance" : 320.17874,
    "nearClipDistance" : 0.8004462,
    "farClipDistance" : 640.3589,
    "fieldOfView" : 0.44262984,
    "position" : {
      "x" : 0.0,
      "y" : 0.0,
      "z" : 320.17874
    }
  },
  "embedding" : [ 1.0, 0.0, 0.0, 0.0, 0.0, 1.0, 0.0, 0.0, 0.0, 0.0, 1.0, 0.0, 0.0, 0.0, 0.0, 1.0 ],
  "shapes" : [ {
    "id" : "f97008bc-9ce8-4ec3-86b5-b043ee22f641",
    "vertices" : [ {
      "x" : 15.350554,
      "y" : 5.86339,
      "z" : -2.2396157
    }, {
      "x" : 14.968588,
      "y" : 5.408475,
      "z" : -2.0486326
    }, {
      "x" : 14.8054695,
      "y" : 5.672407,
      "z" : -2.4756837
    }, {
      "x" : 14.73252,
      "y" : 5.936339,
      "z" : -2.2847006
    }, {
      "x" : 0.85410196,
      "y" : 0.309017,
      "z" : 0.19098301
    }, {
      "x" : 0.690983,
      "y" : 0.572949,
      "z" : -0.23606798
    }, {
      "x" : 0.309017,
      "y" : 0.11803399,
      "z" : -0.045084972
    }, {
      "x" : 0.76393205,
      "y" : 0.309017,
      "z" : -0.42705098
    }, {
      "x" : 0.927051,
      "y" : 0.045084972,
      "z" : 0.0
    }, {
      "x" : 14.895639,
      "y" : 5.672407,
      "z" : -1.8576497
    }, {
      "x" : 15.659572,
      "y" : 5.981424,
      "z" : -2.2847006
    } ],
    "faces" : [ {
      "vertices" : [ 2, 7, 5 ]
    }, {
      "vertices" : [ 2, 5, 3 ]
    }, {
      "vertices" : [ 1, 8, 7 ]
    }, {
      "vertices" : [ 1, 7, 2 ]
    }, {
      "vertices" : [ 4, 6, 8 ]
    }, {
      "vertices" : [ 5, 7, 6 ]
    }, {
      "vertices" : [ 0, 1, 2 ]
    }, {
      "vertices" : [ 0, 2, 3 ]
    }, {
      "vertices" : [ 6, 7, 8 ]
    }, {
      "vertices" : [ 3, 5, 4 ]
    }, {
      "vertices" : [ 3, 4, 9 ]
    }, {
      "vertices" : [ 1, 9, 4 ]
    }, {
      "vertices" : [ 1, 4, 8 ]
    }, {
      "vertices" : [ 0, 9, 1 ]
    }, {
      "vertices" : [ 0, 3, 9 ]
    }, {
      "vertices" : [ 4, 5, 6 ]
    } ]
  }, {
    "id" : "7dff7a16-dd6b-47b7-acf8-2b8b22315c19",
    "vertices" : [ {
      "x" : -23.925695,
      "y" : 11.962848,
      "z" : 0.0
    }, {
      "x" : -35.888542,
      "y" : 0.0,
      "z" : 0.0
    }, {
      "x" : -23.925695,
      "y" : 0.0,
      "z" : -11.962848
    } ],
    "faces" : [ {
      "vertices" : [ 0, 1, 2 ]
    }, {
      "vertices" : [ 0, 2, 1 ]
    } ]
  }, {
    "id" : "7b6d06a8-bbe9-4acc-89c9-94872ef9ff27",
    "vertices" : [ {
      "x" : 0.309017,
      "y" : -0.309017,
      "z" : -0.309017
    }, {
      "x" : 0.5,
      "y" : 0.0,
      "z" : -0.19098301
    }, {
      "x" : 0.5,
      "y" : 0.0,
      "z" : 0.19098301
    }, {
      "x" : 0.309017,
      "y" : -0.309017,
      "z" : 0.309017
    }, {
      "x" : 0.19098301,
      "y" : -0.5,
      "z" : 0.0
    }, {
      "x" : 0.0,
      "y" : 0.19098301,
      "z" : 0.5
    }, {
      "x" : 0.0,
      "y" : -0.19098301,
      "z" : 0.5
    }, {
      "x" : 0.309017,
      "y" : 0.309017,
      "z" : 0.309017
    }, {
      "x" : -0.309017,
      "y" : -0.309017,
      "z" : 0.309017
    }, {
      "x" : -0.309017,
      "y" : 0.309017,
      "z" : 0.309017
    }, {
      "x" : -0.5,
      "y" : 0.0,
      "z" : 0.19098301
    }, {
      "x" : 0.0,
      "y" : -0.19098301,
      "z" : -0.5
    }, {
      "x" : 0.0,
      "y" : 0.19098301,
      "z" : -0.5
    }, {
      "x" : 0.309017,
      "y" : 0.309017,
      "z" : -0.309017
    }, {
      "x" : -0.309017,
      "y" : -0.309017,
      "z" : -0.309017
    }, {
      "x" : -0.19098301,
      "y" : -0.5,
      "z" : 0.0
    }, {
      "x" : -0.5,
      "y" : 0.0,
      "z" : -0.19098301
    }, {
      "x" : 0.19098301,
      "y" : 0.5,
      "z" : 0.0
    }, {
      "x" : -0.309017,
      "y" : 0.309017,
      "z" : -0.309017
    }, {
      "x" : 0.0,
      "y" : 0.0,
      "z" : 0.0
    }, {
      "x" : -0.19098301,
      "y" : 0.5,
      "z" : 0.0
    } ],
    "faces" : [ {
      "vertices" : [ 12, 18, 20 ]
    }, {
      "vertices" : [ 12, 20, 17 ]
    }, {
      "vertices" : [ 12, 17, 13 ]
    }, {
      "vertices" : [ 3, 6, 8 ]
    }, {
      "vertices" : [ 3, 8, 15 ]
    }, {
      "vertices" : [ 3, 15, 4 ]
    }, {
      "vertices" : [ 0, 11, 12 ]
    }, {
      "vertices" : [ 0, 12, 13 ]
    }, {
      "vertices" : [ 0, 13, 1 ]
    }, {
      "vertices" : [ 5, 9, 10 ]
    }, {
      "vertices" : [ 5, 10, 8 ]
    }, {
      "vertices" : [ 5, 8, 6 ]
    }, {
      "vertices" : [ 2, 7, 5 ]
    }, {
      "vertices" : [ 2, 5, 6 ]
    }, {
      "vertices" : [ 2, 6, 3 ]
    }, {
      "vertices" : [ 11, 14, 16 ]
    }, {
      "vertices" : [ 11, 16, 18 ]
    }, {
      "vertices" : [ 11, 18, 12 ]
    }, {
      "vertices" : [ 1, 13, 17 ]
    }, {
      "vertices" : [ 1, 17, 7 ]
    }, {
      "vertices" : [ 1, 7, 2 ]
    }, {
      "vertices" : [ 9, 20, 18 ]
    }, {
      "vertices" : [ 9, 18, 16 ]
    }, {
      "vertices" : [ 9, 16, 10 ]
    }, {
      "vertices" : [ 0, 1, 2 ]
    }, {
      "vertices" : [ 0, 2, 3 ]
    }, {
      "vertices" : [ 0, 3, 4 ]
    }, {
      "vertices" : [ 5, 7, 17 ]
    }, {
      "vertices" : [ 5, 17, 20 ]
    }, {
      "vertices" : [ 5, 20, 9 ]
    }, {
      "vertices" : [ 0, 4, 15 ]
    }, {
      "vertices" : [ 0, 15, 14 ]
    }, {
      "vertices" : [ 0, 14, 11 ]
    }, {
      "vertices" : [ 8, 10, 16 ]
    }, {
      "vertices" : [ 8, 16, 14 ]
    }, {
      "vertices" : [ 8, 14, 15 ]
    } ]
  }, {
    "id" : "364f8b8c-8b87-47ae-a1ef-e8133d45695c",
    "vertices" : [ {
      "x" : 0.0,
      "y" : -23.925695,
      "z" : -11.962848
    }, {
      "x" : 0.0,
      "y" : -35.888542,
      "z" : 0.0
    }, {
      "x" : 11.962848,
      "y" : -23.925695,
      "z" : 0.0
    } ],
    "faces" : [ {
      "vertices" : [ 0, 1, 2 ]
    }, {
      "vertices" : [ 0, 2, 1 ]
    } ]
  }, {
    "id" : "a046e722-b784-4e52-a167-ca27c4cddff4",
    "vertices" : [ {
      "x" : 6.822636,
      "y" : -4.337313,
      "z" : -1.9519899
    }, {
      "x" : 6.722636,
      "y" : -4.2373133,
      "z" : -2.35199
    }, {
      "x" : 0.35507247,
      "y" : -0.4478261,
      "z" : -0.4405797
    }, {
      "x" : 0.45507246,
      "y" : -0.5478261,
      "z" : -0.04057971
    }, {
      "x" : 6.489303,
      "y" : -4.537313,
      "z" : -2.4853232
    }, {
      "x" : 6.589303,
      "y" : -4.637313,
      "z" : -2.085323
    }, {
      "x" : 0.6884058,
      "y" : -0.24782608,
      "z" : 0.09275363
    }, {
      "x" : 0.5884058,
      "y" : -0.14782609,
      "z" : -0.3072464
    } ],
    "faces" : [ {
      "vertices" : [ 2, 3, 6 ]
    }, {
      "vertices" : [ 2, 6, 7 ]
    }, {
      "vertices" : [ 0, 5, 4 ]
    }, {
      "vertices" : [ 0, 4, 1 ]
    }, {
      "vertices" : [ 2, 4, 5 ]
    }, {
      "vertices" : [ 2, 5, 3 ]
    }, {
      "vertices" : [ 0, 6, 3 ]
    }, {
      "vertices" : [ 0, 3, 5 ]
    }, {
      "vertices" : [ 0, 1, 7 ]
    }, {
      "vertices" : [ 0, 7, 6 ]
    }, {
      "vertices" : [ 1, 4, 2 ]
    }, {
      "vertices" : [ 1, 2, 7 ]
    } ]
  }, {
    "id" : "3cf3cd32-50b8-4b6b-bad6-6fbe814f7e78",
    "vertices" : [ {
      "x" : 0.81110126,
      "y" : -5.633274,
      "z" : 0.6444346
    }, {
      "x" : 0.71110123,
      "y" : -5.533274,
      "z" : 1.0444345
    }, {
      "x" : 0.21428572,
      "y" : -0.5190476,
      "z" : 0.3809524
    }, {
      "x" : 0.31428573,
      "y" : -0.61904764,
      "z" : -0.01904762
    }, {
      "x" : 1.0111012,
      "y" : -5.299941,
      "z" : 1.1777679
    }, {
      "x" : 1.1111013,
      "y" : -5.399941,
      "z" : 0.7777679
    }, {
      "x" : 0.014285714,
      "y" : -0.85238093,
      "z" : -0.15238096
    }, {
      "x" : -0.08571429,
      "y" : -0.75238097,
      "z" : 0.24761905
    } ],
    "faces" : [ {
      "vertices" : [ 2, 3, 6 ]
    }, {
      "vertices" : [ 2, 6, 7 ]
    }, {
      "vertices" : [ 0, 5, 4 ]
    }, {
      "vertices" : [ 0, 4, 1 ]
    }, {
      "vertices" : [ 2, 4, 5 ]
    }, {
      "vertices" : [ 2, 5, 3 ]
    }, {
      "vertices" : [ 0, 6, 3 ]
    }, {
      "vertices" : [ 0, 3, 5 ]
    }, {
      "vertices" : [ 0, 1, 7 ]
    }, {
      "vertices" : [ 0, 7, 6 ]
    }, {
      "vertices" : [ 1, 4, 2 ]
    }, {
      "vertices" : [ 1, 2, 7 ]
    } ]
  }, {
    "id" : "cea0952d-c4fc-429c-9108-e190ba4f1564",
    "vertices" : [ {
      "x" : 11.7028475,
      "y" : -11.536181,
      "z" : -47.37806
    }, {
      "x" : 11.602848,
      "y" : -11.936181,
      "z" : -47.278057
    }, {
      "x" : 0.26,
      "y" : -0.42666668,
      "z" : -0.47333333
    }, {
      "x" : 0.36,
      "y" : -0.026666667,
      "z" : -0.5733333
    }, {
      "x" : 11.902848,
      "y" : -12.069514,
      "z" : -47.044724
    }, {
      "x" : 12.002848,
      "y" : -11.669515,
      "z" : -47.144726
    }, {
      "x" : 0.06,
      "y" : 0.10666667,
      "z" : -0.8066667
    }, {
      "x" : -0.04,
      "y" : -0.29333332,
      "z" : -0.70666665
    } ],
    "faces" : [ {
      "vertices" : [ 2, 3, 6 ]
    }, {
      "vertices" : [ 2, 6, 7 ]
    }, {
      "vertices" : [ 0, 5, 4 ]
    }, {
      "vertices" : [ 0, 4, 1 ]
    }, {
      "vertices" : [ 2, 4, 5 ]
    }, {
      "vertices" : [ 2, 5, 3 ]
    }, {
      "vertices" : [ 0, 6, 3 ]
    }, {
      "vertices" : [ 0, 3, 5 ]
    }, {
      "vertices" : [ 0, 1, 7 ]
    }, {
      "vertices" : [ 0, 7, 6 ]
    }, {
      "vertices" : [ 1, 4, 2 ]
    }, {
      "vertices" : [ 1, 2, 7 ]
    } ]
  }, {
    "id" : "0d228390-8261-4357-86ca-bc0fddabcdd6",
    "vertices" : [ {
      "x" : 18.482468,
      "y" : 7.0596747,
      "z" : -2.6965559
    }, {
      "x" : 18.100502,
      "y" : 6.6047597,
      "z" : -2.5055728
    }, {
      "x" : 17.937384,
      "y" : 6.868692,
      "z" : -2.9326239
    }, {
      "x" : 17.864435,
      "y" : 7.1326237,
      "z" : -2.7416408
    }, {
      "x" : 0.85410196,
      "y" : 0.309017,
      "z" : 0.19098301
    }, {
      "x" : 0.690983,
      "y" : 0.572949,
      "z" : -0.23606798
    }, {
      "x" : 0.309017,
      "y" : 0.11803399,
      "z" : -0.045084972
    }, {
      "x" : 0.76393205,
      "y" : 0.309017,
      "z" : -0.42705098
    }, {
      "x" : 0.927051,
      "y" : 0.045084972,
      "z" : 0.0
    }, {
      "x" : 18.027554,
      "y" : 6.868692,
      "z" : -2.3145897
    }, {
      "x" : 18.791485,
      "y" : 7.1777086,
      "z" : -2.7416408
    } ],
    "faces" : [ {
      "vertices" : [ 2, 7, 5 ]
    }, {
      "vertices" : [ 2, 5, 3 ]
    }, {
      "vertices" : [ 1, 8, 7 ]
    }, {
      "vertices" : [ 1, 7, 2 ]
    }, {
      "vertices" : [ 4, 6, 8 ]
    }, {
      "vertices" : [ 5, 7, 6 ]
    }, {
      "vertices" : [ 0, 1, 2 ]
    }, {
      "vertices" : [ 0, 2, 3 ]
    }, {
      "vertices" : [ 6, 7, 8 ]
    }, {
      "vertices" : [ 3, 5, 4 ]
    }, {
      "vertices" : [ 3, 4, 9 ]
    }, {
      "vertices" : [ 1, 9, 4 ]
    }, {
      "vertices" : [ 1, 4, 8 ]
    }, {
      "vertices" : [ 0, 9, 1 ]
    }, {
      "vertices" : [ 0, 3, 9 ]
    }, {
      "vertices" : [ 4, 5, 6 ]
    } ]
  }, {
    "id" : "112e1570-b2e4-4b0b-9d52-f430daec6f11",
    "vertices" : [ {
      "x" : -23.925695,
      "y" : -23.925695,
      "z" : -11.962848
    }, {
      "x" : 11.962848,
      "y" : -23.925695,
      "z" : 23.925695
    }, {
      "x" : -23.925695,
      "y" : 11.962848,
      "z" : 23.925695
    } ],
    "faces" : [ {
      "vertices" : [ 0, 1, 2 ]
    }, {
      "vertices" : [ 0, 2, 1 ]
    } ]
  }, {
    "id" : "d7101e45-2476-4164-881d-77fe80cfb0af",
    "vertices" : [ {
      "x" : 46.669697,
      "y" : 17.826239,
      "z" : -6.809017
    }, {
      "x" : 46.28773,
      "y" : 17.371323,
      "z" : -6.618034
    }, {
      "x" : 46.12461,
      "y" : 17.635256,
      "z" : -7.045085
    }, {
      "x" : 46.051662,
      "y" : 17.899187,
      "z" : -6.854102
    }, {
      "x" : 0.85410196,
      "y" : 0.309017,
      "z" : 0.19098301
    }, {
      "x" : 0.690983,
      "y" : 0.572949,
      "z" : -0.23606798
    }, {
      "x" : 0.309017,
      "y" : 0.11803399,
      "z" : -0.045084972
    }, {
      "x" : 0.76393205,
      "y" : 0.309017,
      "z" : -0.42705098
    }, {
      "x" : 0.927051,
      "y" : 0.045084972,
      "z" : 0.0
    }, {
      "x" : 46.214783,
      "y" : 17.635256,
      "z" : -6.427051
    }, {
      "x" : 46.978714,
      "y" : 17.944271,
      "z" : -6.854102
    } ],
    "faces" : [ {
      "vertices" : [ 2, 7, 5 ]
    }, {
      "vertices" : [ 2, 5, 3 ]
    }, {
      "vertices" : [ 1, 8, 7 ]
    }, {
      "vertices" : [ 1, 7, 2 ]
    }, {
      "vertices" : [ 4, 6, 8 ]
    }, {
      "vertices" : [ 5, 7, 6 ]
    }, {
      "vertices" : [ 0, 1, 2 ]
    }, {
      "vertices" : [ 0, 2, 3 ]
    }, {
      "vertices" : [ 6, 7, 8 ]
    }, {
      "vertices" : [ 3, 5, 4 ]
    }, {
      "vertices" : [ 3, 4, 9 ]
    }, {
      "vertices" : [ 1, 9, 4 ]
    }, {
      "vertices" : [ 1, 4, 8 ]
    }, {
      "vertices" : [ 0, 9, 1 ]
    }, {
      "vertices" : [ 0, 3, 9 ]
    }, {
      "vertices" : [ 4, 5, 6 ]
    } ]
  }, {
    "id" : "a8c77fa5-3b83-4491-a136-9c23199eea2e",
    "vertices" : [ {
      "x" : -23.925695,
      "y" : -23.925695,
      "z" : -11.962848
    }, {
      "x" : -11.962848,
      "y" : 23.925695,
      "z" : -23.925695
    }, {
      "x" : 23.925695,
      "y" : -11.962848,
      "z" : -23.925695
    } ],
    "faces" : [ {
      "vertices" : [ 0, 1, 2 ]
    }, {
      "vertices" : [ 0, 2, 1 ]
    } ]
  }, {
    "id" : "65cd3ec1-5a46-4b64-8176-bb75cf9dc60d",
    "vertices" : [ {
      "x" : 4.337313,
      "y" : -6.822636,
      "z" : 1.9519899
    }, {
      "x" : 4.2373133,
      "y" : -6.722636,
      "z" : 2.35199
    }, {
      "x" : 0.4478261,
      "y" : -0.35507247,
      "z" : 0.4405797
    }, {
      "x" : 0.5478261,
      "y" : -0.45507246,
      "z" : 0.04057971
    }, {
      "x" : 4.537313,
      "y" : -6.489303,
      "z" : 2.4853232
    }, {
      "x" : 4.637313,
      "y" : -6.589303,
      "z" : 2.085323
    }, {
      "x" : 0.24782608,
      "y" : -0.6884058,
      "z" : -0.09275363
    }, {
      "x" : 0.14782609,
      "y" : -0.5884058,
      "z" : 0.3072464
    } ],
    "faces" : [ {
      "vertices" : [ 2, 3, 6 ]
    }, {
      "vertices" : [ 2, 6, 7 ]
    }, {
      "vertices" : [ 0, 5, 4 ]
    }, {
      "vertices" : [ 0, 4, 1 ]
    }, {
      "vertices" : [ 2, 4, 5 ]
    }, {
      "vertices" : [ 2, 5, 3 ]
    }, {
      "vertices" : [ 0, 6, 3 ]
    }, {
      "vertices" : [ 0, 3, 5 ]
    }, {
      "vertices" : [ 0, 1, 7 ]
    }, {
      "vertices" : [ 0, 7, 6 ]
    }, {
      "vertices" : [ 1, 4, 2 ]
    }, {
      "vertices" : [ 1, 2, 7 ]
    } ]
  }, {
    "id" : "ae43780c-5fdc-469c-b4dc-60d0d2b49510",
    "vertices" : [ {
      "x" : 11.962848,
      "y" : 0.0,
      "z" : -23.925695
    }, {
      "x" : 0.0,
      "y" : 0.0,
      "z" : -35.888542
    }, {
      "x" : 0.0,
      "y" : 11.962848,
      "z" : -23.925695
    } ],
    "faces" : [ {
      "vertices" : [ 0, 1, 2 ]
    }, {
      "vertices" : [ 0, 2, 1 ]
    } ]
  }, {
    "id" : "73cf99ac-56bb-4d65-8df6-7cf5d8e487e0",
    "vertices" : [ {
      "x" : -23.925695,
      "y" : 11.962848,
      "z" : 0.0
    }, {
      "x" : -35.888542,
      "y" : 0.0,
      "z" : 0.0
    }, {
      "x" : -23.925695,
      "y" : 0.0,
      "z" : 11.962848
    } ],
    "faces" : [ {
      "vertices" : [ 0, 1, 2 ]
    }, {
      "vertices" : [ 0, 2, 1 ]
    } ]
  }, {
    "id" : "b8f64023-1462-4568-b14f-9d15aabcc2cc",
    "vertices" : [ {
      "x" : -23.925695,
      "y" : -11.962848,
      "z" : 0.0
    }, {
      "x" : -35.888542,
      "y" : 0.0,
      "z" : 0.0
    }, {
      "x" : -23.925695,
      "y" : 0.0,
      "z" : -11.962848
    } ],
    "faces" : [ {
      "vertices" : [ 0, 1, 2 ]
    }, {
      "vertices" : [ 0, 2, 1 ]
    } ]
  }, {
    "id" : "7752ff49-c8df-4329-944f-78dfc25b6d87",
    "vertices" : [ {
      "x" : 23.925695,
      "y" : -11.962848,
      "z" : 23.925695
    }, {
      "x" : -23.925695,
      "y" : -23.925695,
      "z" : 11.962848
    }, {
      "x" : 11.962848,
      "y" : -23.925695,
      "z" : -23.925695
    } ],
    "faces" : [ {
      "vertices" : [ 0, 1, 2 ]
    }, {
      "vertices" : [ 0, 2, 1 ]
    } ]
  }, {
    "id" : "b8488172-e42d-491b-8499-fa555dffcfca",
    "vertices" : [ {
      "x" : -11.962848,
      "y" : -23.925695,
      "z" : 23.925695
    }, {
      "x" : -23.925695,
      "y" : -11.962848,
      "z" : -23.925695
    }, {
      "x" : -23.925695,
      "y" : 23.925695,
      "z" : 11.962848
    } ],
    "faces" : [ {
      "vertices" : [ 0, 1, 2 ]
    }, {
      "vertices" : [ 0, 2, 1 ]
    } ]
  }, {
    "id" : "47ec37d0-abac-45d5-939b-eb51868e5d74",
    "vertices" : [ {
      "x" : 23.925695,
      "y" : -11.962848,
      "z" : -23.925695
    }, {
      "x" : -23.925695,
      "y" : -23.925695,
      "z" : -11.962848
    }, {
      "x" : 11.962848,
      "y" : -23.925695,
      "z" : 23.925695
    } ],
    "faces" : [ {
      "vertices" : [ 0, 1, 2 ]
    }, {
      "vertices" : [ 0, 2, 1 ]
    } ]
  }, {
    "id" : "f0770a05-a374-4e01-9c2c-6bf5043c0174",
    "vertices" : [ {
      "x" : 0.0,
      "y" : 23.925695,
      "z" : -11.962848
    }, {
      "x" : 0.0,
      "y" : 35.888542,
      "z" : 0.0
    }, {
      "x" : -11.962848,
      "y" : 23.925695,
      "z" : 0.0
    } ],
    "faces" : [ {
      "vertices" : [ 0, 1, 2 ]
    }, {
      "vertices" : [ 0, 2, 1 ]
    } ]
  }, {
    "id" : "2fcccaa6-4521-4524-a268-572fd2a46aea",
    "vertices" : [ {
      "x" : -23.925695,
      "y" : 23.925695,
      "z" : 11.962848
    }, {
      "x" : 11.962848,
      "y" : 23.925695,
      "z" : -23.925695
    }, {
      "x" : -23.925695,
      "y" : -11.962848,
      "z" : -23.925695
    } ],
    "faces" : [ {
      "vertices" : [ 0, 1, 2 ]
    }, {
      "vertices" : [ 0, 2, 1 ]
    } ]
  }, {
    "id" : "98b2bd67-2524-4851-b08f-cb409d068d36",
    "vertices" : [ {
      "x" : 23.925695,
      "y" : -11.962848,
      "z" : 0.0
    }, {
      "x" : 35.888542,
      "y" : 0.0,
      "z" : 0.0
    }, {
      "x" : 23.925695,
      "y" : 0.0,
      "z" : -11.962848
    } ],
    "faces" : [ {
      "vertices" : [ 0, 1, 2 ]
    }, {
      "vertices" : [ 0, 2, 1 ]
    } ]
  }, {
    "id" : "ac0b0da6-012c-43aa-869d-44aafa1b959a",
    "vertices" : [ {
      "x" : 0.0,
      "y" : 23.925695,
      "z" : -11.962848
    }, {
      "x" : 0.0,
      "y" : 35.888542,
      "z" : 0.0
    }, {
      "x" : 11.962848,
      "y" : 23.925695,
      "z" : 0.0
    } ],
    "faces" : [ {
      "vertices" : [ 0, 1, 2 ]
    }, {
      "vertices" : [ 0, 2, 1 ]
    } ]
  }, {
    "id" : "13f22c92-aff6-4409-8710-16bd7c80a8c0",
    "vertices" : [ {
      "x" : 37.273952,
      "y" : 14.237384,
      "z" : -5.4381967
    }, {
      "x" : 36.891987,
      "y" : 13.782469,
      "z" : -5.2472134
    }, {
      "x" : 36.72887,
      "y" : 14.0464,
      "z" : -5.6742644
    }, {
      "x" : 36.65592,
      "y" : 14.310332,
      "z" : -5.4832816
    }, {
      "x" : 0.85410196,
      "y" : 0.309017,
      "z" : 0.19098301
    }, {
      "x" : 0.690983,
      "y" : 0.572949,
      "z" : -0.23606798
    }, {
      "x" : 0.309017,
      "y" : 0.11803399,
      "z" : -0.045084972
    }, {
      "x" : 0.76393205,
      "y" : 0.309017,
      "z" : -0.42705098
    }, {
      "x" : 0.927051,
      "y" : 0.045084972,
      "z" : 0.0
    }, {
      "x" : 36.81904,
      "y" : 14.0464,
      "z" : -5.0562305
    }, {
      "x" : 37.58297,
      "y" : 14.355417,
      "z" : -5.4832816
    } ],
    "faces" : [ {
      "vertices" : [ 2, 7, 5 ]
    }, {
      "vertices" : [ 2, 5, 3 ]
    }, {
      "vertices" : [ 1, 8, 7 ]
    }, {
      "vertices" : [ 1, 7, 2 ]
    }, {
      "vertices" : [ 4, 6, 8 ]
    }, {
      "vertices" : [ 5, 7, 6 ]
    }, {
      "vertices" : [ 0, 1, 2 ]
    }, {
      "vertices" : [ 0, 2, 3 ]
    }, {
      "vertices" : [ 6, 7, 8 ]
    }, {
      "vertices" : [ 3, 5, 4 ]
    }, {
      "vertices" : [ 3, 4, 9 ]
    }, {
      "vertices" : [ 1, 9, 4 ]
    }, {
      "vertices" : [ 1, 4, 8 ]
    }, {
      "vertices" : [ 0, 9, 1 ]
    }, {
      "vertices" : [ 0, 3, 9 ]
    }, {
      "vertices" : [ 4, 5, 6 ]
    } ]
  }, {
    "id" : "a18704e6-ce83-4cd8-905f-c4f74d9c9194",
    "vertices" : [ {
      "x" : 0.0,
      "y" : -23.925695,
      "z" : 11.962848
    }, {
      "x" : 0.0,
      "y" : -35.888542,
      "z" : 0.0
    }, {
      "x" : -11.962848,
      "y" : -23.925695,
      "z" : 0.0
    } ],
    "faces" : [ {
      "vertices" : [ 0, 1, 2 ]
    }, {
      "vertices" : [ 0, 2, 1 ]
    } ]
  }, {
    "id" : "58792374-9385-4a91-86bc-a1792644e659",
    "vertices" : [ {
      "x" : 11.962848,
      "y" : 23.925695,
      "z" : 23.925695
    }, {
      "x" : -23.925695,
      "y" : -11.962848,
      "z" : 23.925695
    }, {
      "x" : 23.925695,
      "y" : -23.925695,
      "z" : 11.962848
    } ],
    "faces" : [ {
      "vertices" : [ 0, 1, 2 ]
    }, {
      "vertices" : [ 0, 2, 1 ]
    } ]
  }, {
    "id" : "2b618900-1941-4525-bbef-e01542547b7b",
    "vertices" : [ {
      "x" : -11.962848,
      "y" : -23.925695,
      "z" : -23.925695
    }, {
      "x" : -23.925695,
      "y" : -11.962848,
      "z" : 23.925695
    }, {
      "x" : -23.925695,
      "y" : 23.925695,
      "z" : -11.962848
    } ],
    "faces" : [ {
      "vertices" : [ 0, 1, 2 ]
    }, {
      "vertices" : [ 0, 2, 1 ]
    } ]
  }, {
    "id" : "61ee85dc-7ced-4cd6-b6f1-be4d8e02261b",
    "vertices" : [ {
      "x" : 11.962848,
      "y" : 0.0,
      "z" : -23.925695
    }, {
      "x" : 0.0,
      "y" : 0.0,
      "z" : -35.888542
    }, {
      "x" : 0.0,
      "y" : -11.962848,
      "z" : -23.925695
    } ],
    "faces" : [ {
      "vertices" : [ 0, 1, 2 ]
    }, {
      "vertices" : [ 0, 2, 1 ]
    } ]
  }, {
    "id" : "336fd91a-5ae7-4c92-8aa9-05e963e64233",
    "vertices" : [ {
      "x" : 11.962848,
      "y" : -23.925695,
      "z" : 23.925695
    }, {
      "x" : 23.925695,
      "y" : -11.962848,
      "z" : -23.925695
    }, {
      "x" : 23.925695,
      "y" : 23.925695,
      "z" : 11.962848
    } ],
    "faces" : [ {
      "vertices" : [ 0, 1, 2 ]
    }, {
      "vertices" : [ 0, 2, 1 ]
    } ]
  }, {
    "id" : "68710a03-1220-4cab-b20d-94e64bf5a1e5",
    "vertices" : [ {
      "x" : 0.0,
      "y" : -23.925695,
      "z" : 11.962848
    }, {
      "x" : 0.0,
      "y" : -35.888542,
      "z" : 0.0
    }, {
      "x" : 11.962848,
      "y" : -23.925695,
      "z" : 0.0
    } ],
    "faces" : [ {
      "vertices" : [ 0, 1, 2 ]
    }, {
      "vertices" : [ 0, 2, 1 ]
    } ]
  }, {
    "id" : "9079bc6c-616f-46ab-b38f-26883df0ab42",
    "vertices" : [ {
      "x" : 23.925695,
      "y" : -11.962848,
      "z" : 0.0
    }, {
      "x" : 35.888542,
      "y" : 0.0,
      "z" : 0.0
    }, {
      "x" : 23.925695,
      "y" : 0.0,
      "z" : 11.962848
    } ],
    "faces" : [ {
      "vertices" : [ 0, 1, 2 ]
    }, {
      "vertices" : [ 0, 2, 1 ]
    } ]
  }, {
    "id" : "530ddf9f-f21f-4e50-8362-6fbd7f4ded80",
    "vertices" : [ {
      "x" : -11.962848,
      "y" : 23.925695,
      "z" : -23.925695
    }, {
      "x" : -23.925695,
      "y" : 11.962848,
      "z" : 23.925695
    }, {
      "x" : -23.925695,
      "y" : -23.925695,
      "z" : -11.962848
    } ],
    "faces" : [ {
      "vertices" : [ 0, 1, 2 ]
    }, {
      "vertices" : [ 0, 2, 1 ]
    } ]
  }, {
    "id" : "0d6f7420-3b90-45c6-bb28-8d32cd013170",
    "vertices" : [ {
      "x" : 23.925695,
      "y" : 23.925695,
      "z" : 11.962848
    }, {
      "x" : 11.962848,
      "y" : -23.925695,
      "z" : 23.925695
    }, {
      "x" : -23.925695,
      "y" : 11.962848,
      "z" : 23.925695
    } ],
    "faces" : [ {
      "vertices" : [ 0, 1, 2 ]
    }, {
      "vertices" : [ 0, 2, 1 ]
    } ]
  }, {
    "id" : "182b1079-1151-41a4-a722-001eb4c9ff64",
    "vertices" : [ {
      "x" : -11.962848,
      "y" : 0.0,
      "z" : 23.925695
    }, {
      "x" : 0.0,
      "y" : 0.0,
      "z" : 35.888542
    }, {
      "x" : 0.0,
      "y" : -11.962848,
      "z" : 23.925695
    } ],
    "faces" : [ {
      "vertices" : [ 0, 1, 2 ]
    }, {
      "vertices" : [ 0, 2, 1 ]
    } ]
  }, {
    "id" : "6d4bfc8c-c14f-47d4-96cd-47b280af5b11",
    "vertices" : [ {
      "x" : 11.962848,
      "y" : 23.925695,
      "z" : 23.925695
    }, {
      "x" : 23.925695,
      "y" : 11.962848,
      "z" : -23.925695
    }, {
      "x" : -23.925695,
      "y" : 23.925695,
      "z" : -11.962848
    } ],
    "faces" : [ {
      "vertices" : [ 0, 1, 2 ]
    }, {
      "vertices" : [ 0, 2, 1 ]
    } ]
  }, {
    "id" : "f3076765-9c3f-473b-965a-4dfda028ac32",
    "vertices" : [ {
      "x" : -23.925695,
      "y" : 11.962848,
      "z" : -23.925695
    }, {
      "x" : 23.925695,
      "y" : 23.925695,
      "z" : -11.962848
    }, {
      "x" : -11.962848,
      "y" : 23.925695,
      "z" : 23.925695
    } ],
    "faces" : [ {
      "vertices" : [ 0, 1, 2 ]
    }, {
      "vertices" : [ 0, 2, 1 ]
    } ]
  }, {
    "id" : "5818d87d-737d-4798-b35f-2957f731e1c0",
    "vertices" : [ {
      "x" : -11.962848,
      "y" : 0.0,
      "z" : -23.925695
    }, {
      "x" : 0.0,
      "y" : 0.0,
      "z" : -35.888542
    }, {
      "x" : 0.0,
      "y" : 11.962848,
      "z" : -23.925695
    } ],
    "faces" : [ {
      "vertices" : [ 0, 1, 2 ]
    }, {
      "vertices" : [ 0, 2, 1 ]
    } ]
  }, {
    "id" : "a8383031-f1eb-49ee-b9fb-64e14cd2ab8a",
    "vertices" : [ {
      "x" : 11.962848,
      "y" : 0.0,
      "z" : 23.925695
    }, {
      "x" : 0.0,
      "y" : 0.0,
      "z" : 35.888542
    }, {
      "x" : 0.0,
      "y" : -11.962848,
      "z" : 23.925695
    } ],
    "faces" : [ {
      "vertices" : [ 0, 1, 2 ]
    }, {
      "vertices" : [ 0, 2, 1 ]
    } ]
  }, {
    "id" : "8031da8d-5885-476c-aae5-e26524a6af7a",
    "vertices" : [ {
      "x" : 23.925695,
      "y" : -23.925695,
      "z" : -11.962848
    }, {
      "x" : 11.962848,
      "y" : 23.925695,
      "z" : -23.925695
    }, {
      "x" : -23.925695,
      "y" : -11.962848,
      "z" : -23.925695
    } ],
    "faces" : [ {
      "vertices" : [ 0, 1, 2 ]
    }, {
      "vertices" : [ 0, 2, 1 ]
    } ]
  }, {
    "id" : "03e58ade-ea4c-4e45-b659-1af386546290",
    "vertices" : [ {
      "x" : -11.962848,
      "y" : -23.925695,
      "z" : -23.925695
    }, {
      "x" : 23.925695,
      "y" : 11.962848,
      "z" : -23.925695
    }, {
      "x" : -23.925695,
      "y" : 23.925695,
      "z" : -11.962848
    } ],
    "faces" : [ {
      "vertices" : [ 0, 1, 2 ]
    }, {
      "vertices" : [ 0, 2, 1 ]
    } ]
  }, {
    "id" : "c02f8a0e-ff71-41fb-bbc7-eb9da42f13e0",
    "vertices" : [ {
      "x" : 23.925695,
      "y" : 23.925695,
      "z" : 11.962848
    }, {
      "x" : -11.962848,
      "y" : 23.925695,
      "z" : -23.925695
    }, {
      "x" : 23.925695,
      "y" : -11.962848,
      "z" : -23.925695
    } ],
    "faces" : [ {
      "vertices" : [ 0, 1, 2 ]
    }, {
      "vertices" : [ 0, 2, 1 ]
    } ]
  }, {
    "id" : "41bd952d-04af-4105-ac24-f9c893ff04c9",
    "vertices" : [ {
      "x" : -23.925695,
      "y" : 11.962848,
      "z" : 23.925695
    }, {
      "x" : 23.925695,
      "y" : 23.925695,
      "z" : 11.962848
    }, {
      "x" : -11.962848,
      "y" : 23.925695,
      "z" : -23.925695
    } ],
    "faces" : [ {
      "vertices" : [ 0, 1, 2 ]
    }, {
      "vertices" : [ 0, 2, 1 ]
    } ]
  }, {
    "id" : "54417be6-a6d8-44a6-9895-075462c23656",
    "vertices" : [ {
      "x" : -11.962848,
      "y" : 23.925695,
      "z" : 23.925695
    }, {
      "x" : -23.925695,
      "y" : 11.962848,
      "z" : -23.925695
    }, {
      "x" : -23.925695,
      "y" : -23.925695,
      "z" : 11.962848
    } ],
    "faces" : [ {
      "vertices" : [ 0, 1, 2 ]
    }, {
      "vertices" : [ 0, 2, 1 ]
    } ]
  }, {
    "id" : "298c1bf8-58fb-4162-a4a9-a1768bc07c01",
    "vertices" : [ {
      "x" : 0.0,
      "y" : 23.925695,
      "z" : 11.962848
    }, {
      "x" : 0.0,
      "y" : 35.888542,
      "z" : 0.0
    }, {
      "x" : 11.962848,
      "y" : 23.925695,
      "z" : 0.0
    } ],
    "faces" : [ {
      "vertices" : [ 0, 1, 2 ]
    }, {
      "vertices" : [ 0, 2, 1 ]
    } ]
  }, {
    "id" : "ed53376e-13d3-4250-94c3-544f466408f7",
    "vertices" : [ {
      "x" : -11.962848,
      "y" : -23.925695,
      "z" : -23.925695
    }, {
      "x" : 23.925695,
      "y" : 11.962848,
      "z" : -23.925695
    }, {
      "x" : 23.925695,
      "y" : -23.925695,
      "z" : 11.962848
    } ],
    "faces" : [ {
      "vertices" : [ 0, 1, 2 ]
    }, {
      "vertices" : [ 0, 2, 1 ]
    } ]
  }, {
    "id" : "0331241f-5cd9-4ad8-8909-b87ae7d09622",
    "vertices" : [ {
      "x" : 23.925695,
      "y" : 11.962848,
      "z" : 23.925695
    }, {
      "x" : -23.925695,
      "y" : 23.925695,
      "z" : 11.962848
    }, {
      "x" : 11.962848,
      "y" : 23.925695,
      "z" : -23.925695
    } ],
    "faces" : [ {
      "vertices" : [ 0, 1, 2 ]
    }, {
      "vertices" : [ 0, 2, 1 ]
    } ]
  }, {
    "id" : "c38005ba-2050-4414-a8a6-0da71d90bed4",
    "vertices" : [ {
      "x" : 11.962848,
      "y" : 23.925695,
      "z" : -23.925695
    }, {
      "x" : 23.925695,
      "y" : 11.962848,
      "z" : 23.925695
    }, {
      "x" : 23.925695,
      "y" : -23.925695,
      "z" : -11.962848
    } ],
    "faces" : [ {
      "vertices" : [ 0, 1, 2 ]
    }, {
      "vertices" : [ 0, 2, 1 ]
    } ]
  }, {
    "id" : "003186fa-e1de-4532-9621-9bd045358ef1",
    "vertices" : [ {
      "x" : 0.0,
      "y" : 23.925695,
      "z" : 11.962848
    }, {
      "x" : 0.0,
      "y" : 35.888542,
      "z" : 0.0
    }, {
      "x" : -11.962848,
      "y" : 23.925695,
      "z" : 0.0
    } ],
    "faces" : [ {
      "vertices" : [ 0, 1, 2 ]
    }, {
      "vertices" : [ 0, 2, 1 ]
    } ]
  }, {
    "id" : "a7d150b8-8dda-4c8c-9c56-d6992bb09744",
    "vertices" : [ {
      "x" : 23.925695,
      "y" : 11.962848,
      "z" : 0.0
    }, {
      "x" : 35.888542,
      "y" : 0.0,
      "z" : 0.0
    }, {
      "x" : 23.925695,
      "y" : 0.0,
      "z" : 11.962848
    } ],
    "faces" : [ {
      "vertices" : [ 0, 1, 2 ]
    }, {
      "vertices" : [ 0, 2, 1 ]
    } ]
  }, {
    "id" : "91529629-b5c8-4ee4-9c75-e072aaccbb2a",
    "vertices" : [ {
      "x" : 23.925695,
      "y" : -23.925695,
      "z" : -11.962848
    }, {
      "x" : -11.962848,
      "y" : -23.925695,
      "z" : 23.925695
    }, {
      "x" : 23.925695,
      "y" : 11.962848,
      "z" : 23.925695
    } ],
    "faces" : [ {
      "vertices" : [ 0, 1, 2 ]
    }, {
      "vertices" : [ 0, 2, 1 ]
    } ]
  }, {
    "id" : "ff1eaebf-5300-4005-8ea0-5e68e66c4d5a",
    "vertices" : [ {
      "x" : -11.962848,
      "y" : 0.0,
      "z" : -23.925695
    }, {
      "x" : 0.0,
      "y" : 0.0,
      "z" : -35.888542
    }, {
      "x" : 0.0,
      "y" : -11.962848,
      "z" : -23.925695
    } ],
    "faces" : [ {
      "vertices" : [ 0, 1, 2 ]
    }, {
      "vertices" : [ 0, 2, 1 ]
    } ]
  }, {
    "id" : "0a279c9b-52d9-4f03-9b47-6ec06fae566b",
    "vertices" : [ {
      "x" : -11.962848,
      "y" : 23.925695,
      "z" : 23.925695
    }, {
      "x" : 23.925695,
      "y" : -11.962848,
      "z" : 23.925695
    }, {
      "x" : 23.925695,
      "y" : 23.925695,
      "z" : -11.962848
    } ],
    "faces" : [ {
      "vertices" : [ 0, 1, 2 ]
    }, {
      "vertices" : [ 0, 2, 1 ]
    } ]
  }, {
    "id" : "42a8de27-0f40-4687-bbfe-a3cb9c30e4df",
    "vertices" : [ {
      "x" : 11.962848,
      "y" : -23.925695,
      "z" : -23.925695
    }, {
      "x" : 23.925695,
      "y" : -11.962848,
      "z" : 23.925695
    }, {
      "x" : 23.925695,
      "y" : 23.925695,
      "z" : -11.962848
    } ],
    "faces" : [ {
      "vertices" : [ 0, 1, 2 ]
    }, {
      "vertices" : [ 0, 2, 1 ]
    } ]
  }, {
    "id" : "ad32fa04-76c9-424a-989a-a59ebc6d99f8",
    "vertices" : [ {
      "x" : -23.925695,
      "y" : 23.925695,
      "z" : 11.962848
    }, {
      "x" : -11.962848,
      "y" : -23.925695,
      "z" : 23.925695
    }, {
      "x" : 23.925695,
      "y" : 11.962848,
      "z" : 23.925695
    } ],
    "faces" : [ {
      "vertices" : [ 0, 1, 2 ]
    }, {
      "vertices" : [ 0, 2, 1 ]
    } ]
  }, {
    "id" : "2f434e81-83cb-4abe-93ac-c1456d9f758d",
    "vertices" : [ {
      "x" : 11.962848,
      "y" : 23.925695,
      "z" : 23.925695
    }, {
      "x" : 23.925695,
      "y" : 11.962848,
      "z" : -23.925695
    }, {
      "x" : 23.925695,
