{
  "field" : "golden",
  "symmetry" : "icosahedral",
  "orientations" : [ [ 1.0, 0.0, 0.0, 0.0, 0.0, 1.0, 0.0, 0.0, 0.0, 0.0, 1.0, 0.0, 0.0, 0.0, 0.0, 1.0 ], [ 0.0, 0.0, 1.0, 0.0, 1.0, 0.0, 0.0, 0.0, 0.0, 1.0, 0.0, 0.0, 0.0, 0.0, 0.0, 1.0 ], [ 0.0, 1.0, 0.0, 0.0, 0.0, 0.0, 1.0, 0.0, 1.0, 0.0, 0.0, 0.0, 0.0, 0.0, 0.0, 1.0 ], [ 0.809017, 0.309017, 0.5, 0.0, 0.309017, 0.5, -0.809017, 0.0, -0.5, 0.809017, 0.309017, 0.0, 0.0, 0.0, 0.0, 1.0 ], [ -0.5, 0.809017, 0.309017, 0.0, 0.809017, 0.309017, 0.5, 0.0, 0.309017, 0.5, -0.809017, 0.0, 0.0, 0.0, 0.0, 1.0 ], [ 0.309017, 0.5, -0.809017, 0.0, -0.5, 0.809017, 0.309017, 0.0, 0.809017, 0.309017, 0.5, 0.0, 0.0, 0.0, 0.0, 1.0 ], [ 0.5, 0.809017, 0.309017, 0.0, 0.809017, -0.309017, -0.5, 0.0, -0.309017, 0.5, -0.809017, 0.0, 0.0, 0.0, 0.0, 1.0 ], [ -0.309017, 0.5, -0.809017, 0.0, 0.5, 0.809017, 0.309017, 0.0, 0.809017, -0.309017, -0.5, 0.0, 0.0, 0.0, 0.0, 1.0 ], [ 0.809017, -0.309017, -0.5, 0.0, -0.309017, 0.5, -0.809017, 0.0, 0.5, 0.809017, 0.309017, 0.0, 0.0, 0.0, 0.0, 1.0 ], [ 0.5, 0.809017, -0.309017, 0.0, 0.809017, -0.309017, 0.5, 0.0, 0.309017, -0.5, -0.809017, 0.0, 0.0, 0.0, 0.0, 1.0 ], [ 0.309017, -0.5, -0.809017, 0.0, 0.5, 0.809017, -0.309017, 0.0, 0.809017, -0.309017, 0.5, 0.0, 0.0, 0.0, 0.0, 1.0 ], [ 0.809017, -0.309017, 0.5, 0.0, 0.309017, -0.5, -0.809017, 0.0, 0.5, 0.809017, -0.309017, 0.0, 0.0, 0.0, 0.0, 1.0 ], [ 0.809017, 0.309017, -0.5, 0.0, 0.309017, 0.5, 0.809017, 0.0, 0.5, -0.809017, 0.309017, 0.0, 0.0, 0.0, 0.0, 1.0 ], [ 0.5, -0.809017, 0.309017, 0.0, 0.809017, 0.309017, -0.5, 0.0, 0.309017, 0.5, 0.809017, 0.0, 0.0, 0.0, 0.0, 1.0 ], [ 0.309017, 0.5, 0.809017, 0.0, 0.5, -0.809017, 0.309017, 0.0, 0.809017, 0.309017, -0.5, 0.0, 0.0, 0.0, 0.0, 1.0 ], [ 1.0, 0.0, 0.0, 0.0, 0.0, -1.0, 0.0, 0.0, 0.0, 0.0, -1.0, 0.0, 0.0, 0.0, 0.0, 1.0 ], [ 0.0, 0.0, 1.0, 0.0, -1.0, 0.0, 0.0, 0.0, 0.0, -1.0, 0.0, 0.0, 0.0, 0.0, 0.0, 1.0 ], [ 0.0, 1.0, 0.0, 0.0, 0.0, 0.0, -1.0, 0.0, -1.0, 0.0, 0.0, 0.0, 0.0, 0.0, 0.0, 1.0 ], [ 0.809017, 0.309017, 0.5, 0.0, -0.309017, -0.5, 0.809017, 0.0, 0.5, -0.809017, -0.309017, 0.0, 0.0, 0.0, 0.0, 1.0 ], [ -0.5, 0.809017, 0.309017, 0.0, -0.809017, -0.309017, -0.5, 0.0, -0.309017, -0.5, 0.809017, 0.0, 0.0, 0.0, 0.0, 1.0 ], [ 0.309017, 0.5, -0.809017, 0.0, 0.5, -0.809017, -0.309017, 0.0, -0.809017, -0.309017, -0.5, 0.0, 0.0, 0.0, 0.0, 1.0 ], [ 0.5, 0.809017, 0.309017, 0.0, -0.809017, 0.309017, 0.5, 0.0, 0.309017, -0.5, 0.809017, 0.0, 0.0, 0.0, 0.0, 1.0 ], [ -0.309017, 0.5, -0.809017, 0.0, -0.5, -0.809017, -0.309017, 0.0, -0.809017, 0.309017, 0.5, 0.0, 0.0, 0.0, 0.0, 1.0 ], [ 0.809017, -0.309017, -0.5, 0.0, 0.309017, -0.5, 0.809017, 0.0, -0.5, -0.809017, -0.309017, 0.0, 0.0, 0.0, 0.0, 1.0 ], [ 0.5, 0.809017, -0.309017, 0.0, -0.809017, 0.309017, -0.5, 0.0, -0.309017, 0.5, 0.809017, 0.0, 0.0, 0.0, 0.0, 1.0 ], [ 0.309017, -0.5, -0.809017, 0.0, -0.5, -0.809017, 0.309017, 0.0, -0.809017, 0.309017, -0.5, 0.0, 0.0, 0.0, 0.0, 1.0 ], [ 0.809017, -0.309017, 0.5, 0.0, -0.309017, 0.5, 0.809017, 0.0, -0.5, -0.809017, 0.309017, 0.0, 0.0, 0.0, 0.0, 1.0 ], [ 0.809017, 0.309017, -0.5, 0.0, -0.309017, -0.5, -0.809017, 0.0, -0.5, 0.809017, -0.309017, 0.0, 0.0, 0.0, 0.0, 1.0 ], [ 0.5, -0.809017, 0.309017, 0.0, -0.809017, -0.309017, 0.5, 0.0, -0.309017, -0.5, -0.809017, 0.0, 0.0, 0.0, 0.0, 1.0 ], [ 0.309017, 0.5, 0.809017, 0.0, -0.5, 0.809017, -0.309017, 0.0, -0.809017, -0.309017, 0.5, 0.0, 0.0, 0.0, 0.0, 1.0 ], [ -1.0, 0.0, 0.0, 0.0, 0.0, -1.0, 0.0, 0.0, 0.0, 0.0, 1.0, 0.0, 0.0, 0.0, 0.0, 1.0 ], [ 0.0, 0.0, -1.0, 0.0, -1.0, 0.0, 0.0, 0.0, 0.0, 1.0, 0.0, 0.0, 0.0, 0.0, 0.0, 1.0 ], [ 0.0, -1.0, 0.0, 0.0, 0.0, 0.0, -1.0, 0.0, 1.0, 0.0, 0.0, 0.0, 0.0, 0.0, 0.0, 1.0 ], [ -0.809017, -0.309017, -0.5, 0.0, -0.309017, -0.5, 0.809017, 0.0, -0.5, 0.809017, 0.309017, 0.0, 0.0, 0.0, 0.0, 1.0 ], [ 0.5, -0.809017, -0.309017, 0.0, -0.809017, -0.309017, -0.5, 0.0, 0.309017, 0.5, -0.809017, 0.0, 0.0, 0.0, 0.0, 1.0 ], [ -0.309017, -0.5, 0.809017, 0.0, 0.5, -0.809017, -0.309017, 0.0, 0.809017, 0.309017, 0.5, 0.0, 0.0, 0.0, 0.0, 1.0 ], [ -0.5, -0.809017, -0.309017, 0.0, -0.809017, 0.309017, 0.5, 0.0, -0.309017, 0.5, -0.809017, 0.0, 0.0, 0.0, 0.0, 1.0 ], [ 0.309017, -0.5, 0.809017, 0.0, -0.5, -0.809017, -0.309017, 0.0, 0.809017, -0.309017, -0.5, 0.0, 0.0, 0.0, 0.0, 1.0 ], [ -0.809017, 0.309017, 0.5, 0.0, 0.309017, -0.5, 0.809017, 0.0, 0.5, 0.809017, 0.309017, 0.0, 0.0, 0.0, 0.0, 1.0 ], [ -0.5, -0.809017, 0.309017, 0.0, -0.809017, 0.309017, -0.5, 0.0, 0.309017, -0.5, -0.809017, 0.0, 0.0, 0.0, 0.0, 1.0 ], [ -0.309017, 0.5, 0.809017, 0.0, -0.5, -0.809017, 0.309017, 0.0, 0.809017, -0.309017, 0.5, 0.0, 0.0, 0.0, 0.0, 1.0 ], [ -0.809017, 0.309017, -0.5, 0.0, -0.309017, 0.5, 0.809017, 0.0, 0.5, 0.809017, -0.309017, 0.0, 0.0, 0.0, 0.0, 1.0 ], [ -0.809017, -0.309017, 0.5, 0.0, -0.309017, -0.5, -0.809017, 0.0, 0.5, -0.809017, 0.309017, 0.0, 0.0, 0.0, 0.0, 1.0 ], [ -0.5, 0.809017, -0.309017, 0.0, -0.809017, -0.309017, 0.5, 0.0, 0.309017, 0.5, 0.809017, 0.0, 0.0, 0.0, 0.0, 1.0 ], [ -0.309017, -0.5, -0.809017, 0.0, -0.5, 0.809017, -0.309017, 0.0, 0.809017, 0.309017, -0.5, 0.0, 0.0, 0.0, 0.0, 1.0 ], [ -1.0, 0.0, 0.0, 0.0, 0.0, 1.0, 0.0, 0.0, 0.0, 0.0, -1.0, 0.0, 0.0, 0.0, 0.0, 1.0 ], [ 0.0, 0.0, -1.0, 0.0, 1.0, 0.0, 0.0, 0.0, 0.0, -1.0, 0.0, 0.0, 0.0, 0.0, 0.0, 1.0 ], [ 0.0, -1.0, 0.0, 0.0, 0.0, 0.0, 1.0, 0.0, -1.0, 0.0, 0.0, 0.0, 0.0, 0.0, 0.0, 1.0 ], [ -0.809017, -0.309017, -0.5, 0.0, 0.309017, 0.5, -0.809017, 0.0, 0.5, -0.809017, -0.309017, 0.0, 0.0, 0.0, 0.0, 1.0 ], [ 0.5, -0.809017, -0.309017, 0.0, 0.809017, 0.309017, 0.5, 0.0, -0.309017, -0.5, 0.809017, 0.0, 0.0, 0.0, 0.0, 1.0 ], [ -0.309017, -0.5, 0.809017, 0.0, -0.5, 0.809017, 0.309017, 0.0, -0.809017, -0.309017, -0.5, 0.0, 0.0, 0.0, 0.0, 1.0 ], [ -0.5, -0.809017, -0.309017, 0.0, 0.809017, -0.309017, -0.5, 0.0, 0.309017, -0.5, 0.809017, 0.0, 0.0, 0.0, 0.0, 1.0 ], [ 0.309017, -0.5, 0.809017, 0.0, 0.5, 0.809017, 0.309017, 0.0, -0.809017, 0.309017, 0.5, 0.0, 0.0, 0.0, 0.0, 1.0 ], [ -0.809017, 0.309017, 0.5, 0.0, -0.309017, 0.5, -0.809017, 0.0, -0.5, -0.809017, -0.309017, 0.0, 0.0, 0.0, 0.0, 1.0 ], [ -0.5, -0.809017, 0.309017, 0.0, 0.809017, -0.309017, 0.5, 0.0, -0.309017, 0.5, 0.809017, 0.0, 0.0, 0.0, 0.0, 1.0 ], [ -0.309017, 0.5, 0.809017, 0.0, 0.5, 0.809017, -0.309017, 0.0, -0.809017, 0.309017, -0.5, 0.0, 0.0, 0.0, 0.0, 1.0 ], [ -0.809017, 0.309017, -0.5, 0.0, 0.309017, -0.5, -0.809017, 0.0, -0.5, -0.809017, 0.309017, 0.0, 0.0, 0.0, 0.0, 1.0 ], [ -0.809017, -0.309017, 0.5, 0.0, 0.309017, 0.5, 0.809017, 0.0, -0.5, 0.809017, -0.309017, 0.0, 0.0, 0.0, 0.0, 1.0 ], [ -0.5, 0.809017, -0.309017, 0.0, 0.809017, 0.309017, -0.5, 0.0, -0.309017, -0.5, -0.809017, 0.0, 0.0, 0.0, 0.0, 1.0 ], [ -0.309017, -0.5, -0.809017, 0.0, 0.5, -0.809017, 0.309017, 0.0, -0.809017, -0.309017, 0.5, 0.0, 0.0, 0.0, 0.0, 1.0 ] ],
  "lights" : {
    "ambientColor" : "#292929",
    "backgroundColor" : "#E0EFFF",
    "directionalLights" : [ {
      "direction" : {
        "x" : 1.0,
        "y" : -1.0,
        "z" : -1.0
      },
      "color" : "#EBEBE4"
    }, {
      "direction" : {
        "x" : -1.0,
        "y" : 0.0,
        "z" : 0.0
      },
      "color" : "#E4E4EB"
    }, {
      "direction" : {
        "x" : 0.0,
        "y" : 0.0,
        "z" : -1.0
      },
      "color" : "#1E1E1E"
    } ]
  },
  "camera" : {
    "width" : 75.97255,
    "stereo" : false,
    "perspective" : true,
    "viewDistance" : 168.82784,
    "nearClipDistance" : 0.4220696,
    "farClipDistance" : 337.65506,
    "lookAtPoint" : {
      "x" : 0.0,
      "y" : 0.0,
      "z" : 0.0
    },
    "fieldOfView" : 0.442629,
    "lookDirection" : {
      "x" : 0.0,
      "y" : 0.0,
      "z" : -1.0
    },
    "upDirection" : {
      "x" : 0.0,
      "y" : 1.0,
      "z" : 0.0
    },
    "position" : {
      "x" : 0.0,
      "y" : 0.0,
      "z" : 168.82784
    }
  },
  "embedding" : [ 1.0, 0.0, 0.0, 0.0, 0.0, 1.0, 0.0, 0.0, 0.0, 0.0, 1.0, 0.0, 0.0, 0.0, 0.0, 1.0 ],
  "shapes" : [ {
    "id" : "7d65eb47-450c-4d18-ae61-466c8a642b0b",
    "vertices" : [ {
      "x" : 0.309017,
      "y" : -0.309017,
      "z" : -0.309017
    }, {
      "x" : 0.5,
      "y" : 0.0,
      "z" : -0.19098301
    }, {
      "x" : 0.5,
      "y" : 0.0,
      "z" : 0.19098301
    }, {
      "x" : 0.309017,
      "y" : -0.309017,
      "z" : 0.309017
    }, {
      "x" : 0.19098301,
      "y" : -0.5,
      "z" : 0.0
    }, {
      "x" : 0.0,
      "y" : 0.19098301,
      "z" : 0.5
    }, {
      "x" : 0.0,
      "y" : -0.19098301,
      "z" : 0.5
    }, {
      "x" : 0.309017,
      "y" : 0.309017,
      "z" : 0.309017
    }, {
      "x" : -0.309017,
      "y" : -0.309017,
      "z" : 0.309017
    }, {
      "x" : -0.309017,
      "y" : 0.309017,
      "z" : 0.309017
    }, {
      "x" : -0.5,
      "y" : 0.0,
      "z" : 0.19098301
    }, {
      "x" : 0.0,
      "y" : -0.19098301,
      "z" : -0.5
    }, {
      "x" : 0.0,
      "y" : 0.19098301,
      "z" : -0.5
    }, {
      "x" : 0.309017,
      "y" : 0.309017,
      "z" : -0.309017
    }, {
      "x" : -0.309017,
      "y" : -0.309017,
      "z" : -0.309017
    }, {
      "x" : -0.19098301,
      "y" : -0.5,
      "z" : 0.0
    }, {
      "x" : -0.5,
      "y" : 0.0,
      "z" : -0.19098301
    }, {
      "x" : 0.19098301,
      "y" : 0.5,
      "z" : 0.0
    }, {
      "x" : -0.309017,
      "y" : 0.309017,
      "z" : -0.309017
    }, {
      "x" : 0.0,
      "y" : 0.0,
      "z" : 0.0
    }, {
      "x" : -0.19098301,
      "y" : 0.5,
      "z" : 0.0
    } ],
    "faces" : [ {
      "vertices" : [ 12, 18, 20 ]
    }, {
      "vertices" : [ 12, 20, 17 ]
    }, {
      "vertices" : [ 12, 17, 13 ]
    }, {
      "vertices" : [ 3, 6, 8 ]
    }, {
      "vertices" : [ 3, 8, 15 ]
    }, {
      "vertices" : [ 3, 15, 4 ]
    }, {
      "vertices" : [ 0, 11, 12 ]
    }, {
      "vertices" : [ 0, 12, 13 ]
    }, {
      "vertices" : [ 0, 13, 1 ]
    }, {
      "vertices" : [ 5, 9, 10 ]
    }, {
      "vertices" : [ 5, 10, 8 ]
    }, {
      "vertices" : [ 5, 8, 6 ]
    }, {
      "vertices" : [ 2, 7, 5 ]
    }, {
      "vertices" : [ 2, 5, 6 ]
    }, {
      "vertices" : [ 2, 6, 3 ]
    }, {
      "vertices" : [ 11, 14, 16 ]
    }, {
      "vertices" : [ 11, 16, 18 ]
    }, {
      "vertices" : [ 11, 18, 12 ]
    }, {
      "vertices" : [ 1, 13, 17 ]
    }, {
      "vertices" : [ 1, 17, 7 ]
    }, {
      "vertices" : [ 1, 7, 2 ]
    }, {
      "vertices" : [ 9, 20, 18 ]
    }, {
      "vertices" : [ 9, 18, 16 ]
    }, {
      "vertices" : [ 9, 16, 10 ]
    }, {
      "vertices" : [ 0, 1, 2 ]
    }, {
      "vertices" : [ 0, 2, 3 ]
    }, {
      "vertices" : [ 0, 3, 4 ]
    }, {
      "vertices" : [ 5, 7, 17 ]
    }, {
      "vertices" : [ 5, 17, 20 ]
    }, {
      "vertices" : [ 5, 20, 9 ]
    }, {
      "vertices" : [ 0, 4, 15 ]
    }, {
      "vertices" : [ 0, 15, 14 ]
    }, {
      "vertices" : [ 0, 14, 11 ]
    }, {
      "vertices" : [ 8, 10, 16 ]
    }, {
      "vertices" : [ 8, 16, 14 ]
    }, {
      "vertices" : [ 8, 14, 15 ]
    } ]
  }, {
    "id" : "f755c108-4a3f-4388-a8e8-ca260cd44c92",
    "vertices" : [ {
      "x" : 0.809017,
      "y" : 0.618034,
      "z" : -0.19098301
    }, {
      "x" : 0.809017,
      "y" : 0.0,
      "z" : -0.19098301
    }, {
      "x" : 0.309017,
      "y" : 0.11803399,
      "z" : 0.0
    }, {
      "x" : 12.899187,
      "y" : 5.236068,
      "z" : 0.19098301
    }, {
      "x" : 0.809017,
      "y" : 0.618034,
      "z" : 0.19098301
    }, {
      "x" : 0.809017,
      "y" : 0.0,
      "z" : 0.19098301
    }, {
      "x" : 12.899187,
      "y" : 4.618034,
      "z" : 0.19098301
    }, {
      "x" : 13.399187,
      "y" : 5.118034,
      "z" : 0.0
    }, {
      "x" : 12.899187,
      "y" : 5.236068,
      "z" : -0.19098301
    }, {
      "x" : 13.708204,
      "y" : 5.236068,
      "z" : 0.0
    }, {
      "x" : 12.899187,
      "y" : 4.618034,
      "z" : -0.19098301
    } ],
    "faces" : [ {
      "vertices" : [ 3, 6, 7 ]
    }, {
      "vertices" : [ 3, 4, 5 ]
    }, {
      "vertices" : [ 3, 5, 6 ]
    }, {
      "vertices" : [ 3, 7, 8 ]
    }, {
      "vertices" : [ 0, 1, 2 ]
    }, {
      "vertices" : [ 0, 8, 10 ]
    }, {
      "vertices" : [ 0, 10, 1 ]
    }, {
      "vertices" : [ 1, 10, 6 ]
    }, {
      "vertices" : [ 1, 6, 5 ]
    }, {
      "vertices" : [ 0, 2, 4 ]
    }, {
      "vertices" : [ 6, 10, 7 ]
    }, {
      "vertices" : [ 1, 5, 2 ]
    }, {
      "vertices" : [ 7, 10, 8 ]
    }, {
      "vertices" : [ 2, 5, 4 ]
    }, {
      "vertices" : [ 0, 4, 3 ]
    }, {
      "vertices" : [ 0, 3, 8 ]
    } ]
  }, {
    "id" : "3854cac7-9fe0-4c78-b0fe-82462bfe7db6",
    "vertices" : [ {
      "x" : 1.0,
      "y" : 0.309017,
      "z" : 0.19098301
    }, {
      "x" : 1.0,
      "y" : -0.309017,
      "z" : 0.19098301
    }, {
      "x" : 7.472136,
      "y" : -0.309017,
      "z" : 0.19098301
    }, {
      "x" : 7.472136,
      "y" : 0.309017,
      "z" : 0.19098301
    }, {
      "x" : 7.472136,
      "y" : -0.309017,
      "z" : -0.19098301
    }, {
      "x" : 7.472136,
      "y" : 0.309017,
      "z" : -0.19098301
    }, {
      "x" : 8.09017,
      "y" : 0.0,
      "z" : 0.0
    }, {
      "x" : 0.38196602,
      "y" : 0.0,
      "z" : 0.0
    }, {
      "x" : 1.0,
      "y" : 0.309017,
      "z" : -0.19098301
    }, {
      "x" : 1.0,
      "y" : -0.309017,
      "z" : -0.19098301
    }, {
      "x" : 8.472136,
      "y" : 0.0,
      "z" : 0.0
    } ],
    "faces" : [ {
      "vertices" : [ 1, 9, 4 ]
    }, {
      "vertices" : [ 1, 4, 2 ]
    }, {
      "vertices" : [ 0, 3, 5 ]
    }, {
      "vertices" : [ 0, 5, 8 ]
    }, {
      "vertices" : [ 1, 7, 9 ]
    }, {
      "vertices" : [ 0, 1, 2 ]
    }, {
      "vertices" : [ 0, 2, 3 ]
    }, {
      "vertices" : [ 7, 8, 9 ]
    }, {
      "vertices" : [ 0, 7, 1 ]
    }, {
      "vertices" : [ 4, 9, 8 ]
    }, {
      "vertices" : [ 4, 8, 5 ]
    }, {
      "vertices" : [ 2, 6, 3 ]
    }, {
      "vertices" : [ 2, 4, 6 ]
    }, {
      "vertices" : [ 3, 6, 5 ]
    }, {
      "vertices" : [ 4, 5, 6 ]
    }, {
      "vertices" : [ 0, 8, 7 ]
    } ]
  }, {
    "id" : "59be36c6-0c30-4db2-80ee-e038248cf50a",
    "vertices" : [ {
      "x" : -16.572367,
      "y" : -13.17249,
      "z" : -0.26666668
    }, {
      "x" : -16.472366,
      "y" : -13.072491,
      "z" : 0.13333334
    }, {
      "x" : -0.37190512,
      "y" : -0.53571373,
      "z" : 0.26666668
    }, {
      "x" : -0.4719051,
      "y" : -0.6357137,
      "z" : -0.13333334
    }, {
      "x" : -16.239033,
      "y" : -13.37249,
      "z" : 0.26666668
    }, {
      "x" : -16.339033,
      "y" : -13.47249,
      "z" : -0.13333334
    }, {
      "x" : -0.70523846,
      "y" : -0.3357137,
      "z" : -0.26666668
    }, {
      "x" : -0.60523844,
      "y" : -0.23571372,
      "z" : 0.13333334
    } ],
    "faces" : [ {
      "vertices" : [ 2, 3, 6 ]
    }, {
      "vertices" : [ 2, 6, 7 ]
    }, {
      "vertices" : [ 0, 5, 4 ]
    }, {
      "vertices" : [ 0, 4, 1 ]
    }, {
      "vertices" : [ 2, 4, 5 ]
    }, {
      "vertices" : [ 2, 5, 3 ]
    }, {
      "vertices" : [ 0, 6, 3 ]
    }, {
      "vertices" : [ 0, 3, 5 ]
    }, {
      "vertices" : [ 0, 1, 7 ]
    }, {
      "vertices" : [ 0, 7, 6 ]
    }, {
      "vertices" : [ 1, 4, 2 ]
    }, {
      "vertices" : [ 1, 2, 7 ]
    } ]
  }, {
    "id" : "f49c34ff-1d30-496a-8665-996a4b0e745a",
    "vertices" : [ {
      "x" : -13.708204,
      "y" : -15.326238,
      "z" : -4.236068
    }, {
      "x" : -4.236068,
      "y" : -13.708204,
      "z" : 15.326238
    }, {
      "x" : -6.854102,
      "y" : -17.944271,
      "z" : 8.472136
    } ],
    "faces" : [ {
      "vertices" : [ 0, 1, 2 ]
    }, {
      "vertices" : [ 0, 2, 1 ]
    } ]
  }, {
    "id" : "1d94358c-7c4f-4640-9bba-1e8f21f36aae",
    "vertices" : [ {
      "x" : 6.854102,
      "y" : -17.944271,
      "z" : 8.472136
    }, {
      "x" : 4.236068,
      "y" : 0.0,
      "z" : 20.562305
    }, {
      "x" : 8.472136,
      "y" : -6.854102,
      "z" : 17.944271
    } ],
    "faces" : [ {
      "vertices" : [ 0, 1, 2 ]
    }, {
      "vertices" : [ 0, 2, 1 ]
    } ]
  }, {
    "id" : "f6493b48-bb88-48f8-a864-afe2fe5da733",
    "vertices" : [ {
      "x" : 8.472136,
      "y" : -6.854102,
      "z" : 17.944271
    }, {
      "x" : 20.562305,
      "y" : -4.236068,
      "z" : 0.0
    }, {
      "x" : 17.944271,
      "y" : -8.472136,
      "z" : 6.854102
    } ],
    "faces" : [ {
      "vertices" : [ 0, 1, 2 ]
    }, {
      "vertices" : [ 0, 2, 1 ]
    } ]
  }, {
    "id" : "b2e7e294-f5eb-4a5f-88ab-85e99466abe6",
    "vertices" : [ {
      "x" : -8.472136,
      "y" : -6.854102,
      "z" : -17.944271
    }, {
      "x" : -20.562305,
      "y" : -4.236068,
      "z" : 0.0
    }, {
      "x" : -17.944271,
      "y" : -8.472136,
      "z" : -6.854102
    } ],
    "faces" : [ {
      "vertices" : [ 0, 1, 2 ]
    }, {
      "vertices" : [ 0, 2, 1 ]
    } ]
  }, {
    "id" : "02e06fa0-291d-40e8-8f21-0254f192c63a",
    "vertices" : [ {
      "x" : 20.562305,
      "y" : 4.236068,
      "z" : 0.0
    }, {
      "x" : 8.472136,
      "y" : 6.854102,
      "z" : -17.944271
    }, {
      "x" : 15.326238,
      "y" : 4.236068,
      "z" : -13.708204
    } ],
    "faces" : [ {
      "vertices" : [ 0, 1, 2 ]
    }, {
      "vertices" : [ 0, 2, 1 ]
    } ]
  }, {
    "id" : "4f1dc3e0-515e-4e9d-b351-92dd7df25a9c",
    "vertices" : [ {
      "x" : -13.708204,
      "y" : -15.326238,
      "z" : 4.236068
    }, {
      "x" : -15.326238,
      "y" : 4.236068,
      "z" : 13.708204
    }, {
      "x" : -15.326238,
      "y" : -4.236068,
      "z" : 13.708204
    } ],
    "faces" : [ {
      "vertices" : [ 0, 1, 2 ]
    }, {
      "vertices" : [ 0, 2, 1 ]
    } ]
  }, {
    "id" : "50d9c30e-68e2-48eb-b91e-f0840069ff4c",
    "vertices" : [ {
      "x" : -17.944271,
      "y" : 8.472136,
      "z" : 6.854102
    }, {
      "x" : 0.0,
      "y" : 20.562305,
      "z" : 4.236068
    }, {
      "x" : -6.854102,
      "y" : 17.944271,
      "z" : 8.472136
    } ],
    "faces" : [ {
      "vertices" : [ 0, 1, 2 ]
    }, {
      "vertices" : [ 0, 2, 1 ]
    } ]
  }, {
    "id" : "4ccbf404-8d8e-40d3-9177-d91473c3e36b",
    "vertices" : [ {
      "x" : -15.326238,
      "y" : 4.236068,
      "z" : -13.708204
    }, {
      "x" : 4.236068,
      "y" : 13.708204,
      "z" : -15.326238
    }, {
      "x" : -4.236068,
      "y" : 13.708204,
      "z" : -15.326238
    } ],
    "faces" : [ {
      "vertices" : [ 0, 1, 2 ]
    }, {
      "vertices" : [ 0, 2, 1 ]
    } ]
  }, {
    "id" : "5de77f17-c9a3-436c-8888-bf137c855cf8",
    "vertices" : [ {
      "x" : 17.944271,
      "y" : -8.472136,
      "z" : -6.854102
    }, {
      "x" : 17.944271,
      "y" : 8.472136,
      "z" : 6.854102
    }, {
      "x" : 20.562305,
      "y" : 4.236068,
      "z" : 0.0
    } ],
    "faces" : [ {
      "vertices" : [ 0, 1, 2 ]
    }, {
      "vertices" : [ 0, 2, 1 ]
    } ]
  }, {
    "id" : "c1a7716e-ee48-4af8-b84f-b17bd787ce19",
    "vertices" : [ {
      "x" : -20.562305,
      "y" : -4.236068,
      "z" : 0.0
    }, {
      "x" : -8.472136,
      "y" : -6.854102,
      "z" : -17.944271
    }, {
      "x" : -15.326238,
      "y" : -4.236068,
      "z" : -13.708204
    } ],
    "faces" : [ {
      "vertices" : [ 0, 1, 2 ]
    }, {
      "vertices" : [ 0, 2, 1 ]
    } ]
  }, {
    "id" : "970f84b2-40d2-410a-b45b-d89a5e4ac6a6",
    "vertices" : [ {
      "x" : 8.472136,
      "y" : 6.854102,
      "z" : -17.944271
    }, {
      "x" : 20.562305,
      "y" : 4.236068,
      "z" : 0.0
    }, {
      "x" : 17.944271,
      "y" : 8.472136,
      "z" : -6.854102
    } ],
    "faces" : [ {
      "vertices" : [ 0, 1, 2 ]
    }, {
      "vertices" : [ 0, 2, 1 ]
    } ]
  }, {
    "id" : "61c0a6e2-cfdd-49ec-b890-1fcffb2aea4c",
    "vertices" : [ {
      "x" : -6.854102,
      "y" : -17.944271,
      "z" : -8.472136
    }, {
      "x" : -4.236068,
      "y" : 0.0,
      "z" : -20.562305
    }, {
      "x" : -8.472136,
      "y" : -6.854102,
      "z" : -17.944271
    } ],
    "faces" : [ {
      "vertices" : [ 0, 1, 2 ]
    }, {
      "vertices" : [ 0, 2, 1 ]
    } ]
  }, {
    "id" : "3d3f6c58-c3ef-44c4-b6bb-83616608009a",
    "vertices" : [ {
      "x" : -4.236068,
      "y" : 13.708204,
      "z" : -15.326238
    }, {
      "x" : -13.708204,
      "y" : 15.326238,
      "z" : 4.236068
    }, {
      "x" : -13.708204,
      "y" : 15.326238,
      "z" : -4.236068
    } ],
    "faces" : [ {
      "vertices" : [ 0, 1, 2 ]
    }, {
      "vertices" : [ 0, 2, 1 ]
    } ]
  }, {
    "id" : "5a6ce50e-163a-4147-83ca-e8e0220a8701",
    "vertices" : [ {
      "x" : 0.0,
      "y" : -20.562305,
      "z" : -4.236068
    }, {
      "x" : -17.944271,
      "y" : -8.472136,
      "z" : -6.854102
    }, {
      "x" : -13.708204,
      "y" : -15.326238,
      "z" : -4.236068
    } ],
    "faces" : [ {
      "vertices" : [ 0, 1, 2 ]
    }, {
      "vertices" : [ 0, 2, 1 ]
    } ]
  }, {
    "id" : "34966e4c-9393-4467-a56b-f17e9de3ec6c",
    "vertices" : [ {
      "x" : 17.944271,
      "y" : 8.472136,
      "z" : -6.854102
    }, {
      "x" : 0.0,
      "y" : 20.562305,
      "z" : -4.236068
    }, {
      "x" : 6.854102,
      "y" : 17.944271,
      "z" : -8.472136
    } ],
    "faces" : [ {
      "vertices" : [ 0, 1, 2 ]
    }, {
      "vertices" : [ 0, 2, 1 ]
    } ]
  }, {
    "id" : "035381bd-93a8-4668-9b3e-958434029cea",
    "vertices" : [ {
      "x" : 0.0,
      "y" : -20.562305,
      "z" : 4.236068
    }, {
      "x" : 17.944271,
      "y" : -8.472136,
      "z" : 6.854102
    }, {
      "x" : 13.708204,
      "y" : -15.326238,
      "z" : 4.236068
    } ],
    "faces" : [ {
      "vertices" : [ 0, 1, 2 ]
    }, {
      "vertices" : [ 0, 2, 1 ]
    } ]
  }, {
    "id" : "28754e73-166d-45a1-bbe0-128a1dae6034",
    "vertices" : [ {
      "x" : 6.854102,
      "y" : 17.944271,
      "z" : 8.472136
    }, {
      "x" : -6.854102,
      "y" : 17.944271,
      "z" : -8.472136
    }, {
      "x" : 0.0,
      "y" : 20.562305,
      "z" : -4.236068
    } ],
    "faces" : [ {
      "vertices" : [ 0, 1, 2 ]
    }, {
      "vertices" : [ 0, 2, 1 ]
    } ]
  }, {
    "id" : "d5bc8b9a-599c-4f99-9cb6-763fc68ec354",
    "vertices" : [ {
      "x" : 15.326238,
      "y" : -4.236068,
      "z" : -13.708204
    }, {
      "x" : -4.236068,
      "y" : -13.708204,
      "z" : -15.326238
    }, {
      "x" : 4.236068,
      "y" : -13.708204,
      "z" : -15.326238
    } ],
    "faces" : [ {
      "vertices" : [ 0, 1, 2 ]
    }, {
      "vertices" : [ 0, 2, 1 ]
    } ]
  }, {
    "id" : "c10e33ec-9d5e-4cc2-98d5-eb7877eec14b",
    "vertices" : [ {
      "x" : -17.944271,
      "y" : -8.472136,
      "z" : 6.854102
    }, {
      "x" : -17.944271,
      "y" : 8.472136,
      "z" : -6.854102
    }, {
      "x" : -20.562305,
      "y" : 4.236068,
      "z" : 0.0
    } ],
    "faces" : [ {
      "vertices" : [ 0, 1, 2 ]
    }, {
      "vertices" : [ 0, 2, 1 ]
    } ]
  }, {
    "id" : "f7a68eac-1d60-438a-8e4a-8c67d2227853",
    "vertices" : [ {
      "x" : 13.708204,
      "y" : 15.326238,
      "z" : 4.236068
    }, {
      "x" : 15.326238,
      "y" : -4.236068,
      "z" : 13.708204
    }, {
      "x" : 15.326238,
      "y" : 4.236068,
      "z" : 13.708204
    } ],
    "faces" : [ {
      "vertices" : [ 0, 1, 2 ]
    }, {
      "vertices" : [ 0, 2, 1 ]
    } ]
  }, {
    "id" : "663d216b-0ade-4a04-8d19-3233dcb37b9a",
    "vertices" : [ {
      "x" : 4.236068,
      "y" : -13.708204,
      "z" : -15.326238
    }, {
      "x" : 13.708204,
      "y" : -15.326238,
      "z" : 4.236068
    }, {
      "x" : 13.708204,
      "y" : -15.326238,
      "z" : -4.236068
    } ],
    "faces" : [ {
      "vertices" : [ 0, 1, 2 ]
    }, {
      "vertices" : [ 0, 2, 1 ]
    } ]
  }, {
    "id" : "25c39268-7fbc-4a31-8bd7-9caea989d415",
    "vertices" : [ {
      "x" : -8.472136,
      "y" : 6.854102,
      "z" : 17.944271
    }, {
      "x" : -20.562305,
      "y" : 4.236068,
      "z" : 0.0
    }, {
      "x" : -17.944271,
      "y" : 8.472136,
      "z" : 6.854102
    } ],
    "faces" : [ {
      "vertices" : [ 0, 1, 2 ]
    }, {
      "vertices" : [ 0, 2, 1 ]
    } ]
  }, {
    "id" : "a09db036-464a-49e5-b2d3-be02fd4652c2",
    "vertices" : [ {
      "x" : 8.472136,
      "y" : 6.854102,
      "z" : 17.944271
    }, {
      "x" : -8.472136,
      "y" : -6.854102,
      "z" : 17.944271
    }, {
      "x" : -4.236068,
      "y" : 0.0,
      "z" : 20.562305
    } ],
    "faces" : [ {
      "vertices" : [ 0, 1, 2 ]
    }, {
      "vertices" : [ 0, 2, 1 ]
    } ]
  }, {
    "id" : "307e0b43-2396-43f7-a8d3-8c96d91c7e41",
    "vertices" : [ {
      "x" : 13.708204,
      "y" : -15.326238,
      "z" : 4.236068
    }, {
      "x" : 4.236068,
      "y" : -13.708204,
      "z" : -15.326238
    }, {
      "x" : 6.854102,
      "y" : -17.944271,
      "z" : -8.472136
    } ],
    "faces" : [ {
      "vertices" : [ 0, 1, 2 ]
    }, {
      "vertices" : [ 0, 2, 1 ]
    } ]
  }, {
    "id" : "f6cadf71-e0df-4a76-a85c-bf9da4b85661",
    "vertices" : [ {
      "x" : 15.326238,
      "y" : 4.236068,
      "z" : -13.708204
    }, {
      "x" : 13.708204,
      "y" : -15.326238,
      "z" : -4.236068
    }, {
      "x" : 17.944271,
      "y" : -8.472136,
      "z" : -6.854102
    } ],
    "faces" : [ {
      "vertices" : [ 0, 1, 2 ]
    }, {
      "vertices" : [ 0, 2, 1 ]
    } ]
  }, {
    "id" : "f899ae1f-c035-44d9-941e-af61f1f351ab",
    "vertices" : [ {
      "x" : -17.944271,
      "y" : 8.472136,
      "z" : -6.854102
    }, {
      "x" : -17.944271,
      "y" : -8.472136,
      "z" : 6.854102
    }, {
      "x" : -20.562305,
      "y" : -4.236068,
      "z" : 0.0
    } ],
    "faces" : [ {
      "vertices" : [ 0, 1, 2 ]
    }, {
      "vertices" : [ 0, 2, 1 ]
    } ]
  }, {
    "id" : "942a89db-997c-42b5-8fed-6901a1dca746",
    "vertices" : [ {
      "x" : -4.236068,
      "y" : 13.708204,
      "z" : 15.326238
    }, {
      "x" : 15.326238,
      "y" : 4.236068,
      "z" : 13.708204
    }, {
      "x" : 8.472136,
      "y" : 6.854102,
      "z" : 17.944271
    } ],
    "faces" : [ {
      "vertices" : [ 0, 1, 2 ]
    }, {
      "vertices" : [ 0, 2, 1 ]
    } ]
  }, {
    "id" : "b3f80553-2312-46e1-91b2-8a705a9e4bc8",
    "vertices" : [ {
      "x" : 20.562305,
      "y" : -4.236068,
      "z" : 0.0
    }, {
      "x" : 8.472136,
      "y" : -6.854102,
      "z" : 17.944271
    }, {
      "x" : 15.326238,
      "y" : -4.236068,
      "z" : 13.708204
    } ],
    "faces" : [ {
      "vertices" : [ 0, 1, 2 ]
    }, {
      "vertices" : [ 0, 2, 1 ]
    } ]
  }, {
    "id" : "c1b70710-a775-40c8-b6e6-407d306169ef",
    "vertices" : [ {
      "x" : -4.236068,
      "y" : 0.0,
      "z" : 20.562305
    }, {
      "x" : -6.854102,
      "y" : 17.944271,
      "z" : 8.472136
    }, {
      "x" : -4.236068,
      "y" : 13.708204,
      "z" : 15.326238
    } ],
    "faces" : [ {
      "vertices" : [ 0, 1, 2 ]
    }, {
      "vertices" : [ 0, 2, 1 ]
    } ]
  }, {
    "id" : "b24fbb5f-1772-4863-b841-0992fe6d49b2",
    "vertices" : [ {
      "x" : -15.326238,
      "y" : 4.236068,
      "z" : 13.708204
    }, {
      "x" : -13.708204,
      "y" : -15.326238,
      "z" : 4.236068
    }, {
      "x" : -17.944271,
      "y" : -8.472136,
      "z" : 6.854102
    } ],
    "faces" : [ {
      "vertices" : [ 0, 1, 2 ]
    }, {
      "vertices" : [ 0, 2, 1 ]
    } ]
  }, {
    "id" : "37f6a437-207d-4066-8f59-5d0b7f5cf990",
    "vertices" : [ {
      "x" : -4.236068,
      "y" : -13.708204,
      "z" : 15.326238
    }, {
      "x" : -13.708204,
      "y" : -15.326238,
      "z" : -4.236068
    }, {
      "x" : -13.708204,
      "y" : -15.326238,
      "z" : 4.236068
    } ],
    "faces" : [ {
      "vertices" : [ 0, 1, 2 ]
    }, {
      "vertices" : [ 0, 2, 1 ]
    } ]
  }, {
    "id" : "aeb0b5fd-55cc-45f7-80c1-9c993bdd752c",
    "vertices" : [ {
      "x" : -13.708204,
      "y" : 15.326238,
      "z" : -4.236068
    }, {
      "x" : -15.326238,
      "y" : -4.236068,
      "z" : -13.708204
    }, {
      "x" : -15.326238,
      "y" : 4.236068,
      "z" : -13.708204
    } ],
    "faces" : [ {
      "vertices" : [ 0, 1, 2 ]
    }, {
      "vertices" : [ 0, 2, 1 ]
    } ]
  }, {
    "id" : "3e5de749-e62e-4448-bc10-d929e36eff1a",
    "vertices" : [ {
      "x" : 0.0,
      "y" : 20.562305,
      "z" : 4.236068
    }, {
      "x" : -17.944271,
      "y" : 8.472136,
      "z" : 6.854102
    }, {
      "x" : -13.708204,
      "y" : 15.326238,
      "z" : 4.236068
    } ],
    "faces" : [ {
      "vertices" : [ 0, 1, 2 ]
    }, {
      "vertices" : [ 0, 2, 1 ]
    } ]
  }, {
    "id" : "e3ea3add-5e26-486d-b6ed-af13078f3b49",
    "vertices" : [ {
      "x" : -15.326238,
      "y" : -4.236068,
      "z" : 13.708204
    }, {
      "x" : 4.236068,
      "y" : -13.708204,
      "z" : 15.326238
    }, {
      "x" : -4.236068,
      "y" : -13.708204,
      "z" : 15.326238
    } ],
    "faces" : [ {
      "vertices" : [ 0, 1, 2 ]
    }, {
      "vertices" : [ 0, 2, 1 ]
    } ]
  }, {
    "id" : "49159a84-b535-41dd-afe1-1d24c116cfd6",
    "vertices" : [ {
      "x" : 17.944271,
      "y" : -8.472136,
      "z" : 6.854102
    }, {
      "x" : 0.0,
      "y" : -20.562305,
      "z" : 4.236068
    }, {
      "x" : 6.854102,
      "y" : -17.944271,
      "z" : 8.472136
    } ],
    "faces" : [ {
      "vertices" : [ 0, 1, 2 ]
    }, {
      "vertices" : [ 0, 2, 1 ]
    } ]
  }, {
    "id" : "31f7338e-55ce-497b-bac6-d98c8471104a",
    "vertices" : [ {
      "x" : -4.236068,
      "y" : -13.708204,
      "z" : -15.326238
    }, {
      "x" : 15.326238,
      "y" : -4.236068,
      "z" : -13.708204
    }, {
      "x" : 8.472136,
      "y" : -6.854102,
      "z" : -17.944271
    } ],
    "faces" : [ {
      "vertices" : [ 0, 1, 2 ]
    }, {
      "vertices" : [ 0, 2, 1 ]
    } ]
  }, {
    "id" : "c0143941-7a77-497f-8bc0-deff4699effe",
    "vertices" : [ {
      "x" : -15.326238,
      "y" : -4.236068,
      "z" : -13.708204
    }, {
      "x" : -13.708204,
      "y" : 15.326238,
      "z" : -4.236068
    }, {
      "x" : -17.944271,
      "y" : 8.472136,
      "z" : -6.854102
    } ],
    "faces" : [ {
      "vertices" : [ 0, 1, 2 ]
    }, {
      "vertices" : [ 0, 2, 1 ]
    } ]
  }, {
    "id" : "2e20fa51-cdf7-4357-81ed-3a267861dc43",
    "vertices" : [ {
      "x" : 4.236068,
      "y" : 0.0,
      "z" : -20.562305
    }, {
      "x" : 6.854102,
      "y" : 17.944271,
      "z" : -8.472136
    }, {
      "x" : 4.236068,
      "y" : 13.708204,
      "z" : -15.326238
    } ],
    "faces" : [ {
      "vertices" : [ 0, 1, 2 ]
    }, {
      "vertices" : [ 0, 2, 1 ]
    } ]
  }, {
    "id" : "9670c87f-e114-4004-88e3-ac383680feca",
    "vertices" : [ {
      "x" : -13.708204,
      "y" : 15.326238,
      "z" : 4.236068
    }, {
      "x" : -4.236068,
      "y" : 13.708204,
      "z" : -15.326238
    }, {
      "x" : -6.854102,
      "y" : 17.944271,
      "z" : -8.472136
    } ],
    "faces" : [ {
      "vertices" : [ 0, 1, 2 ]
    }, {
      "vertices" : [ 0, 2, 1 ]
    } ]
  }, {
    "id" : "9c381f7f-1545-4732-bab4-8ee866cb3271",
    "vertices" : [ {
      "x" : -8.472136,
      "y" : 6.854102,
      "z" : -17.944271
    }, {
      "x" : 8.472136,
      "y" : -6.854102,
      "z" : -17.944271
    }, {
      "x" : 4.236068,
      "y" : 0.0,
      "z" : -20.562305
    } ],
    "faces" : [ {
      "vertices" : [ 0, 1, 2 ]
    }, {
      "vertices" : [ 0, 2, 1 ]
    } ]
  }, {
    "id" : "0a236b3d-96dc-4bab-9a28-b20219acd0a7",
    "vertices" : [ {
      "x" : 6.854102,
      "y" : 17.944271,
      "z" : -8.472136
    }, {
      "x" : 4.236068,
      "y" : 0.0,
      "z" : -20.562305
    }, {
      "x" : 8.472136,
      "y" : 6.854102,
      "z" : -17.944271
    } ],
    "faces" : [ {
      "vertices" : [ 0, 1, 2 ]
    }, {
      "vertices" : [ 0, 2, 1 ]
    } ]
  }, {
    "id" : "3bcd3c0f-42fd-416b-bb6b-d612885dcb23",
    "vertices" : [ {
      "x" : 17.944271,
      "y" : 8.472136,
      "z" : 6.854102
    }, {
      "x" : 17.944271,
      "y" : -8.472136,
      "z" : -6.854102
    }, {
      "x" : 20.562305,
      "y" : -4.236068,
      "z" : 0.0
    } ],
    "faces" : [ {
      "vertices" : [ 0, 1, 2 ]
    }, {
      "vertices" : [ 0, 2, 1 ]
    } ]
  }, {
    "id" : "cc9be0cc-b0d8-4c76-9a39-c58838f635f6",
    "vertices" : [ {
      "x" : -20.562305,
      "y" : 4.236068,
      "z" : 0.0
    }, {
      "x" : -8.472136,
      "y" : 6.854102,
      "z" : 17.944271
    }, {
      "x" : -15.326238,
      "y" : 4.236068,
      "z" : 13.708204
    } ],
    "faces" : [ {
      "vertices" : [ 0, 1, 2 ]
    }, {
      "vertices" : [ 0, 2, 1 ]
    } ]
  }, {
    "id" : "38c34508-75bd-453d-a13a-4891bb086737",
    "vertices" : [ {
      "x" : 4.236068,
      "y" : 0.0,
      "z" : 20.562305
    }, {
      "x" : 6.854102,
      "y" : -17.944271,
      "z" : 8.472136
    }, {
      "x" : 4.236068,
      "y" : -13.708204,
      "z" : 15.326238
    } ],
    "faces" : [ {
      "vertices" : [ 0, 1, 2 ]
    }, {
      "vertices" : [ 0, 2, 1 ]
    } ]
  }, {
    "id" : "55e5b013-e7d3-4ef9-a5db-dc51a27e4fa9",
    "vertices" : [ {
      "x" : 6.854102,
      "y" : -17.944271,
      "z" : -8.472136
    }, {
      "x" : -6.854102,
      "y" : -17.944271,
      "z" : 8.472136
    }, {
      "x" : 0.0,
      "y" : -20.562305,
      "z" : 4.236068
    } ],
    "faces" : [ {
      "vertices" : [ 0, 1, 2 ]
    }, {
      "vertices" : [ 0, 2, 1 ]
    } ]
  }, {
    "id" : "0165a60e-3acd-4f9f-9e46-7a988104cdf9",
    "vertices" : [ {
      "x" : 4.236068,
      "y" : 13.708204,
      "z" : -15.326238
    }, {
      "x" : -15.326238,
      "y" : 4.236068,
      "z" : -13.708204
    }, {
      "x" : -8.472136,
      "y" : 6.854102,
      "z" : -17.944271
    } ],
    "faces" : [ {
      "vertices" : [ 0, 1, 2 ]
    }, {
      "vertices" : [ 0, 2, 1 ]
    } ]
  }, {
    "id" : "54238d7d-c450-465e-9196-376e637ae311",
    "vertices" : [ {
      "x" : 15.326238,
      "y" : -4.236068,
      "z" : 13.708204
    }, {
      "x" : 13.708204,
      "y" : 15.326238,
      "z" : 4.236068
    }, {
      "x" : 17.944271,
      "y" : 8.472136,
      "z" : 6.854102
    } ],
    "faces" : [ {
      "vertices" : [ 0, 1, 2 ]
    }, {
      "vertices" : [ 0, 2, 1 ]
    } ]
  }, {
    "id" : "34617bb7-5a22-4ddb-8e1d-4e3058b661eb",
    "vertices" : [ {
      "x" : -8.472136,
      "y" : -6.854102,
      "z" : 17.944271
    }, {
      "x" : 8.472136,
      "y" : 6.854102,
      "z" : 17.944271
    }, {
      "x" : 4.236068,
      "y" : 0.0,
      "z" : 20.562305
    } ],
    "faces" : [ {
      "vertices" : [ 0, 1, 2 ]
    }, {
      "vertices" : [ 0, 2, 1 ]
    } ]
  }, {
    "id" : "b2aba3d5-bec9-4bdd-9d6f-37e657f58a98",
    "vertices" : [ {
      "x" : -6.854102,
      "y" : 17.944271,
      "z" : 8.472136
    }, {
      "x" : -4.236068,
      "y" : 0.0,
      "z" : 20.562305
    }, {
      "x" : -8.472136,
      "y" : 6.854102,
      "z" : 17.944271
    } ],
    "faces" : [ {
      "vertices" : [ 0, 1, 2 ]
    }, {
      "vertices" : [ 0, 2, 1 ]
    } ]
  }, {
    "id" : "acece0b0-fa69-4ffe-abe7-9ca1017ef15a",
    "vertices" : [ {
      "x" : -4.236068,
      "y" : 0.0,
      "z" : -20.562305
    }, {
      "x" : -6.854102,
      "y" : -17.944271,
      "z" : -8.472136
    }, {
      "x" : -4.236068,
      "y" : -13.708204,
      "z" : -15.326238
    } ],
    "faces" : [ {
      "vertices" : [ 0, 1, 2 ]
    }, {
      "vertices" : [ 0, 2, 1 ]
    } ]
  }, {
    "id" : "faefd102-3b4d-4284-a844-2a4b28276728",
    "vertices" : [ {
      "x" : 13.708204,
      "y" : -15.326238,
      "z" : -4.236068
    }, {
      "x" : 15.326238,
      "y" : 4.236068,
      "z" : -13.708204
    }, {
      "x" : 15.326238,
      "y" : -4.236068,
      "z" : -13.708204
    } ],
    "faces" : [ {
      "vertices" : [ 0, 1, 2 ]
    }, {
      "vertices" : [ 0, 2, 1 ]
    } ]
  }, {
    "id" : "e3ce4c5b-e4dd-4885-a99e-bb0b2f1d48b5",
    "vertices" : [ {
      "x" : 4.236068,
      "y" : -13.708204,
      "z" : 15.326238
    }, {
      "x" : -15.326238,
      "y" : -4.236068,
      "z" : 13.708204
    }, {
      "x" : -8.472136,
      "y" : -6.854102,
      "z" : 17.944271
    } ],
    "faces" : [ {
      "vertices" : [ 0, 1, 2 ]
    }, {
      "vertices" : [ 0, 2, 1 ]
    } ]
  }, {
    "id" : "5d8646e2-6016-4264-ad80-bd6f3f1aaff3",
    "vertices" : [ {
      "x" : 15.326238,
      "y" : 4.236068,
      "z" : 13.708204
    }, {
      "x" : -4.236068,
      "y" : 13.708204,
      "z" : 15.326238
    }, {
      "x" : 4.236068,
      "y" : 13.708204,
      "z" : 15.326238
    } ],
    "faces" : [ {
      "vertices" : [ 0, 1, 2 ]
    }, {
      "vertices" : [ 0, 2, 1 ]
    } ]
  }, {
    "id" : "31e942e3-a049-4699-8bfd-685e88cad003",
    "vertices" : [ {
      "x" : -17.944271,
      "y" : -8.472136,
      "z" : -6.854102
    }, {
      "x" : 0.0,
      "y" : -20.562305,
      "z" : -4.236068
    }, {
      "x" : -6.854102,
      "y" : -17.944271,
      "z" : -8.472136
    } ],
    "faces" : [ {
      "vertices" : [ 0, 1, 2 ]
    }, {
      "vertices" : [ 0, 2, 1 ]
    } ]
  }, {
    "id" : "9d94a675-5d21-48ba-8772-79c9a1680b37",
    "vertices" : [ {
      "x" : -6.854102,
      "y" : -17.944271,
      "z" : 8.472136
    }, {
      "x" : 6.854102,
      "y" : -17.944271,
      "z" : -8.472136
    }, {
      "x" : 0.0,
      "y" : -20.562305,
      "z" : -4.236068
    } ],
    "faces" : [ {
      "vertices" : [ 0, 1, 2 ]
    }, {
      "vertices" : [ 0, 2, 1 ]
    } ]
  }, {
    "id" : "15086b32-4b99-46c8-9fbc-bd1a6dd84665",
    "vertices" : [ {
      "x" : 0.0,
      "y" : 20.562305,
      "z" : -4.236068
    }, {
      "x" : 17.944271,
      "y" : 8.472136,
      "z" : -6.854102
    }, {
      "x" : 13.708204,
      "y" : 15.326238,
      "z" : -4.236068
    } ],
    "faces" : [ {
      "vertices" : [ 0, 1, 2 ]
    }, {
      "vertices" : [ 0, 2, 1 ]
    } ]
  }, {
    "id" : "647a06eb-757c-436e-ba66-6531acc38c63",
    "vertices" : [ {
      "x" : 8.472136,
      "y" : -6.854102,
      "z" : -17.944271
    }, {
      "x" : -8.472136,
      "y" : 6.854102,
      "z" : -17.944271
    }, {
      "x" : -4.236068,
      "y" : 0.0,
      "z" : -20.562305
    } ],
    "faces" : [ {
      "vertices" : [ 0, 1, 2 ]
    }, {
      "vertices" : [ 0, 2, 1 ]
    } ]
  }, {
    "id" : "e95d7e78-ec0b-48e3-846c-d7ad36788634",
    "vertices" : [ {
      "x" : 13.708204,
      "y" : 15.326238,
      "z" : -4.236068
    }, {
      "x" : 4.236068,
      "y" : 13.708204,
      "z" : 15.326238
    }, {
      "x" : 6.854102,
      "y" : 17.944271,
      "z" : 8.472136
    } ],
    "faces" : [ {
      "vertices" : [ 0, 1, 2 ]
    }, {
      "vertices" : [ 0, 2, 1 ]
    } ]
  }, {
    "id" : "91cd7b29-95ef-4396-ad45-8a08e7099246",
    "vertices" : [ {
      "x" : -6.854102,
      "y" : 17.944271,
      "z" : -8.472136
    }, {
      "x" : 6.854102,
      "y" : 17.944271,
      "z" : 8.472136
    }, {
      "x" : 0.0,
      "y" : 20.562305,
      "z" : 4.236068
    } ],
    "faces" : [ {
      "vertices" : [ 0, 1, 2 ]
    }, {
      "vertices" : [ 0, 2, 1 ]
    } ]
  }, {
    "id" : "c945fabb-0b05-42fb-8fb8-b572aaa153d8",
    "vertices" : [ {
      "x" : 4.236068,
      "y" : 13.708204,
      "z" : 15.326238
    }, {
      "x" : 13.708204,
      "y" : 15.326238,
      "z" : -4.236068
    }, {
      "x" : 13.708204,
      "y" : 15.326238,
      "z" : 4.236068
    } ],
    "faces" : [ {
      "vertices" : [ 0, 1, 2 ]
    }, {
      "vertices" : [ 0, 2, 1 ]
    } ]
  }, {
    "id" : "e2b17a89-b151-4ba7-83c1-3c58a41c9aa5",
    "vertices" : [ {
      "x" : 4.236068,
      "y" : -13.708204,
      "z" : 15.326238
    }, {
      "x" : 4.236068,
      "y" : 0.0,
      "z" : 20.562305
    }, {
      "x" : 8.472136,
      "y" : -6.854102,
      "z" : 17.944271
    } ],
    "faces" : [ {
      "vertices" : [ 0, 1, 2 ]
    }, {
      "vertices" : [ 0, 2, 1 ]
    } ]
  }, {
    "id" : "e6c8f648-eae9-400c-8b6b-43b7dc8ff7b2",
    "vertices" : [ {
      "x" : 17.944271,
