{
  "polygons" : "true",
  "field" : "golden",
  "symmetry" : "icosahedral",
  "orientations" : [ [ 1.0, 0.0, 0.0, 0.0, 0.0, 1.0, 0.0, 0.0, 0.0, 0.0, 1.0, 0.0, 0.0, 0.0, 0.0, 1.0 ], [ 0.0, 0.0, 1.0, 0.0, 1.0, 0.0, 0.0, 0.0, 0.0, 1.0, 0.0, 0.0, 0.0, 0.0, 0.0, 1.0 ], [ 0.0, 1.0, 0.0, 0.0, 0.0, 0.0, 1.0, 0.0, 1.0, 0.0, 0.0, 0.0, 0.0, 0.0, 0.0, 1.0 ], [ 0.809017, 0.309017, 0.5, 0.0, 0.309017, 0.5, -0.809017, 0.0, -0.5, 0.809017, 0.309017, 0.0, 0.0, 0.0, 0.0, 1.0 ], [ -0.5, 0.809017, 0.309017, 0.0, 0.809017, 0.309017, 0.5, 0.0, 0.309017, 0.5, -0.809017, 0.0, 0.0, 0.0, 0.0, 1.0 ], [ 0.309017, 0.5, -0.809017, 0.0, -0.5, 0.809017, 0.309017, 0.0, 0.809017, 0.309017, 0.5, 0.0, 0.0, 0.0, 0.0, 1.0 ], [ 0.5, 0.809017, 0.309017, 0.0, 0.809017, -0.309017, -0.5, 0.0, -0.309017, 0.5, -0.809017, 0.0, 0.0, 0.0, 0.0, 1.0 ], [ -0.309017, 0.5, -0.809017, 0.0, 0.5, 0.809017, 0.309017, 0.0, 0.809017, -0.309017, -0.5, 0.0, 0.0, 0.0, 0.0, 1.0 ], [ 0.809017, -0.309017, -0.5, 0.0, -0.309017, 0.5, -0.809017, 0.0, 0.5, 0.809017, 0.309017, 0.0, 0.0, 0.0, 0.0, 1.0 ], [ 0.5, 0.809017, -0.309017, 0.0, 0.809017, -0.309017, 0.5, 0.0, 0.309017, -0.5, -0.809017, 0.0, 0.0, 0.0, 0.0, 1.0 ], [ 0.309017, -0.5, -0.809017, 0.0, 0.5, 0.809017, -0.309017, 0.0, 0.809017, -0.309017, 0.5, 0.0, 0.0, 0.0, 0.0, 1.0 ], [ 0.809017, -0.309017, 0.5, 0.0, 0.309017, -0.5, -0.809017, 0.0, 0.5, 0.809017, -0.309017, 0.0, 0.0, 0.0, 0.0, 1.0 ], [ 0.809017, 0.309017, -0.5, 0.0, 0.309017, 0.5, 0.809017, 0.0, 0.5, -0.809017, 0.309017, 0.0, 0.0, 0.0, 0.0, 1.0 ], [ 0.5, -0.809017, 0.309017, 0.0, 0.809017, 0.309017, -0.5, 0.0, 0.309017, 0.5, 0.809017, 0.0, 0.0, 0.0, 0.0, 1.0 ], [ 0.309017, 0.5, 0.809017, 0.0, 0.5, -0.809017, 0.309017, 0.0, 0.809017, 0.309017, -0.5, 0.0, 0.0, 0.0, 0.0, 1.0 ], [ 1.0, 0.0, 0.0, 0.0, 0.0, -1.0, 0.0, 0.0, 0.0, 0.0, -1.0, 0.0, 0.0, 0.0, 0.0, 1.0 ], [ 0.0, 0.0, 1.0, 0.0, -1.0, 0.0, 0.0, 0.0, 0.0, -1.0, 0.0, 0.0, 0.0, 0.0, 0.0, 1.0 ], [ 0.0, 1.0, 0.0, 0.0, 0.0, 0.0, -1.0, 0.0, -1.0, 0.0, 0.0, 0.0, 0.0, 0.0, 0.0, 1.0 ], [ 0.809017, 0.309017, 0.5, 0.0, -0.309017, -0.5, 0.809017, 0.0, 0.5, -0.809017, -0.309017, 0.0, 0.0, 0.0, 0.0, 1.0 ], [ -0.5, 0.809017, 0.309017, 0.0, -0.809017, -0.309017, -0.5, 0.0, -0.309017, -0.5, 0.809017, 0.0, 0.0, 0.0, 0.0, 1.0 ], [ 0.309017, 0.5, -0.809017, 0.0, 0.5, -0.809017, -0.309017, 0.0, -0.809017, -0.309017, -0.5, 0.0, 0.0, 0.0, 0.0, 1.0 ], [ 0.5, 0.809017, 0.309017, 0.0, -0.809017, 0.309017, 0.5, 0.0, 0.309017, -0.5, 0.809017, 0.0, 0.0, 0.0, 0.0, 1.0 ], [ -0.309017, 0.5, -0.809017, 0.0, -0.5, -0.809017, -0.309017, 0.0, -0.809017, 0.309017, 0.5, 0.0, 0.0, 0.0, 0.0, 1.0 ], [ 0.809017, -0.309017, -0.5, 0.0, 0.309017, -0.5, 0.809017, 0.0, -0.5, -0.809017, -0.309017, 0.0, 0.0, 0.0, 0.0, 1.0 ], [ 0.5, 0.809017, -0.309017, 0.0, -0.809017, 0.309017, -0.5, 0.0, -0.309017, 0.5, 0.809017, 0.0, 0.0, 0.0, 0.0, 1.0 ], [ 0.309017, -0.5, -0.809017, 0.0, -0.5, -0.809017, 0.309017, 0.0, -0.809017, 0.309017, -0.5, 0.0, 0.0, 0.0, 0.0, 1.0 ], [ 0.809017, -0.309017, 0.5, 0.0, -0.309017, 0.5, 0.809017, 0.0, -0.5, -0.809017, 0.309017, 0.0, 0.0, 0.0, 0.0, 1.0 ], [ 0.809017, 0.309017, -0.5, 0.0, -0.309017, -0.5, -0.809017, 0.0, -0.5, 0.809017, -0.309017, 0.0, 0.0, 0.0, 0.0, 1.0 ], [ 0.5, -0.809017, 0.309017, 0.0, -0.809017, -0.309017, 0.5, 0.0, -0.309017, -0.5, -0.809017, 0.0, 0.0, 0.0, 0.0, 1.0 ], [ 0.309017, 0.5, 0.809017, 0.0, -0.5, 0.809017, -0.309017, 0.0, -0.809017, -0.309017, 0.5, 0.0, 0.0, 0.0, 0.0, 1.0 ], [ -1.0, 0.0, 0.0, 0.0, 0.0, -1.0, 0.0, 0.0, 0.0, 0.0, 1.0, 0.0, 0.0, 0.0, 0.0, 1.0 ], [ 0.0, 0.0, -1.0, 0.0, -1.0, 0.0, 0.0, 0.0, 0.0, 1.0, 0.0, 0.0, 0.0, 0.0, 0.0, 1.0 ], [ 0.0, -1.0, 0.0, 0.0, 0.0, 0.0, -1.0, 0.0, 1.0, 0.0, 0.0, 0.0, 0.0, 0.0, 0.0, 1.0 ], [ -0.809017, -0.309017, -0.5, 0.0, -0.309017, -0.5, 0.809017, 0.0, -0.5, 0.809017, 0.309017, 0.0, 0.0, 0.0, 0.0, 1.0 ], [ 0.5, -0.809017, -0.309017, 0.0, -0.809017, -0.309017, -0.5, 0.0, 0.309017, 0.5, -0.809017, 0.0, 0.0, 0.0, 0.0, 1.0 ], [ -0.309017, -0.5, 0.809017, 0.0, 0.5, -0.809017, -0.309017, 0.0, 0.809017, 0.309017, 0.5, 0.0, 0.0, 0.0, 0.0, 1.0 ], [ -0.5, -0.809017, -0.309017, 0.0, -0.809017, 0.309017, 0.5, 0.0, -0.309017, 0.5, -0.809017, 0.0, 0.0, 0.0, 0.0, 1.0 ], [ 0.309017, -0.5, 0.809017, 0.0, -0.5, -0.809017, -0.309017, 0.0, 0.809017, -0.309017, -0.5, 0.0, 0.0, 0.0, 0.0, 1.0 ], [ -0.809017, 0.309017, 0.5, 0.0, 0.309017, -0.5, 0.809017, 0.0, 0.5, 0.809017, 0.309017, 0.0, 0.0, 0.0, 0.0, 1.0 ], [ -0.5, -0.809017, 0.309017, 0.0, -0.809017, 0.309017, -0.5, 0.0, 0.309017, -0.5, -0.809017, 0.0, 0.0, 0.0, 0.0, 1.0 ], [ -0.309017, 0.5, 0.809017, 0.0, -0.5, -0.809017, 0.309017, 0.0, 0.809017, -0.309017, 0.5, 0.0, 0.0, 0.0, 0.0, 1.0 ], [ -0.809017, 0.309017, -0.5, 0.0, -0.309017, 0.5, 0.809017, 0.0, 0.5, 0.809017, -0.309017, 0.0, 0.0, 0.0, 0.0, 1.0 ], [ -0.809017, -0.309017, 0.5, 0.0, -0.309017, -0.5, -0.809017, 0.0, 0.5, -0.809017, 0.309017, 0.0, 0.0, 0.0, 0.0, 1.0 ], [ -0.5, 0.809017, -0.309017, 0.0, -0.809017, -0.309017, 0.5, 0.0, 0.309017, 0.5, 0.809017, 0.0, 0.0, 0.0, 0.0, 1.0 ], [ -0.309017, -0.5, -0.809017, 0.0, -0.5, 0.809017, -0.309017, 0.0, 0.809017, 0.309017, -0.5, 0.0, 0.0, 0.0, 0.0, 1.0 ], [ -1.0, 0.0, 0.0, 0.0, 0.0, 1.0, 0.0, 0.0, 0.0, 0.0, -1.0, 0.0, 0.0, 0.0, 0.0, 1.0 ], [ 0.0, 0.0, -1.0, 0.0, 1.0, 0.0, 0.0, 0.0, 0.0, -1.0, 0.0, 0.0, 0.0, 0.0, 0.0, 1.0 ], [ 0.0, -1.0, 0.0, 0.0, 0.0, 0.0, 1.0, 0.0, -1.0, 0.0, 0.0, 0.0, 0.0, 0.0, 0.0, 1.0 ], [ -0.809017, -0.309017, -0.5, 0.0, 0.309017, 0.5, -0.809017, 0.0, 0.5, -0.809017, -0.309017, 0.0, 0.0, 0.0, 0.0, 1.0 ], [ 0.5, -0.809017, -0.309017, 0.0, 0.809017, 0.309017, 0.5, 0.0, -0.309017, -0.5, 0.809017, 0.0, 0.0, 0.0, 0.0, 1.0 ], [ -0.309017, -0.5, 0.809017, 0.0, -0.5, 0.809017, 0.309017, 0.0, -0.809017, -0.309017, -0.5, 0.0, 0.0, 0.0, 0.0, 1.0 ], [ -0.5, -0.809017, -0.309017, 0.0, 0.809017, -0.309017, -0.5, 0.0, 0.309017, -0.5, 0.809017, 0.0, 0.0, 0.0, 0.0, 1.0 ], [ 0.309017, -0.5, 0.809017, 0.0, 0.5, 0.809017, 0.309017, 0.0, -0.809017, 0.309017, 0.5, 0.0, 0.0, 0.0, 0.0, 1.0 ], [ -0.809017, 0.309017, 0.5, 0.0, -0.309017, 0.5, -0.809017, 0.0, -0.5, -0.809017, -0.309017, 0.0, 0.0, 0.0, 0.0, 1.0 ], [ -0.5, -0.809017, 0.309017, 0.0, 0.809017, -0.309017, 0.5, 0.0, -0.309017, 0.5, 0.809017, 0.0, 0.0, 0.0, 0.0, 1.0 ], [ -0.309017, 0.5, 0.809017, 0.0, 0.5, 0.809017, -0.309017, 0.0, -0.809017, 0.309017, -0.5, 0.0, 0.0, 0.0, 0.0, 1.0 ], [ -0.809017, 0.309017, -0.5, 0.0, 0.309017, -0.5, -0.809017, 0.0, -0.5, -0.809017, 0.309017, 0.0, 0.0, 0.0, 0.0, 1.0 ], [ -0.809017, -0.309017, 0.5, 0.0, 0.309017, 0.5, 0.809017, 0.0, -0.5, 0.809017, -0.309017, 0.0, 0.0, 0.0, 0.0, 1.0 ], [ -0.5, 0.809017, -0.309017, 0.0, 0.809017, 0.309017, -0.5, 0.0, -0.309017, -0.5, -0.809017, 0.0, 0.0, 0.0, 0.0, 1.0 ], [ -0.309017, -0.5, -0.809017, 0.0, 0.5, -0.809017, 0.309017, 0.0, -0.809017, -0.309017, 0.5, 0.0, 0.0, 0.0, 0.0, 1.0 ] ],
  "lights" : {
    "ambientColor" : "#292929",
    "backgroundColor" : "#999999",
    "directionalLights" : [ {
      "direction" : [ 1.0, -1.0, -1.0 ],
      "color" : "#EBEBE4"
    }, {
      "direction" : [ -1.0, 0.0, 0.0 ],
      "color" : "#E4E4EB"
    }, {
      "direction" : [ 0.0, 0.0, -1.0 ],
      "color" : "#1E1E1E"
    } ]
  },
  "camera" : {
    "viewDistance" : 165.48482,
    "nearClipDistance" : 0.41371202,
    "farClipDistance" : 330.96942,
    "lookAtPoint" : {
      "x" : 0.0,
      "y" : 0.0,
      "z" : 0.0
    },
    "fieldOfView" : 0.44262868,
    "perspective" : false,
    "lookDirection" : {
      "x" : 0.0,
      "y" : 0.0,
      "z" : -1.0
    },
    "upDirection" : {
      "x" : 0.0,
      "y" : 1.0,
      "z" : 0.0
    },
    "width" : 74.46813,
    "stereo" : false,
    "position" : {
      "x" : 0.0,
      "y" : 0.0,
      "z" : 165.48482
    }
  },
  "embedding" : [ 1.0, 0.0, 0.0, 0.0, 0.0, 1.0, 0.0, 0.0, 0.0, 0.0, 1.0, 0.0, 0.0, 0.0, 0.0, 1.0 ],
  "shapes" : [ {
    "id" : "558343f3-6670-41b8-844e-aca57713f0a9",
    "orbit" : "orange",
    "name" : "short",
    "vertices" : [ {
      "x" : 6.9495935,
      "y" : 1.1545085,
      "z" : -1.559017
    }, {
      "x" : 7.3176274,
      "y" : 1.25,
      "z" : -2.0225425
    }, {
      "x" : 1.0954915,
      "y" : 0.1545085,
      "z" : 0.059016995
    }, {
      "x" : 6.7586102,
      "y" : 1.4635255,
      "z" : -2.059017
    }, {
      "x" : 0.9045085,
      "y" : 0.4635255,
      "z" : -0.440983
    }, {
      "x" : 6.7586102,
      "y" : 0.8454915,
      "z" : -1.677051
    }, {
      "x" : 0.9045085,
      "y" : -0.1545085,
      "z" : -0.059016995
    }, {
      "x" : 6.5676274,
      "y" : 1.1545085,
      "z" : -2.177051
    }, {
      "x" : 7.663119,
      "y" : 1.309017,
      "z" : -2.118034
    }, {
      "x" : 0.3454915,
      "y" : 0.059016995,
      "z" : -0.095491506
    }, {
      "x" : 0.7135255,
      "y" : 0.1545085,
      "z" : -0.559017
    } ],
    "faces" : [ {
      "vertices" : [ 2, 9, 6 ]
    }, {
      "vertices" : [ 0, 1, 3 ]
    }, {
      "vertices" : [ 0, 5, 1 ]
    }, {
      "vertices" : [ 4, 10, 9 ]
    }, {
      "vertices" : [ 3, 7, 10, 4 ]
    }, {
      "vertices" : [ 0, 3, 4, 2 ]
    }, {
      "vertices" : [ 6, 9, 10 ]
    }, {
      "vertices" : [ 1, 7, 3 ]
    }, {
      "vertices" : [ 5, 6, 10, 7 ]
    }, {
      "vertices" : [ 0, 2, 6, 5 ]
    }, {
      "vertices" : [ 1, 5, 7 ]
    }, {
      "vertices" : [ 2, 4, 9 ]
    } ]
  }, {
    "id" : "18ae6971-3960-4367-ae43-f10ce7ad5da9",
    "name" : "ball",
    "vertices" : [ {
      "x" : 0.309017,
      "y" : -0.309017,
      "z" : -0.309017
    }, {
      "x" : 0.5,
      "y" : 0.0,
      "z" : -0.19098301
    }, {
      "x" : 0.5,
      "y" : 0.0,
      "z" : 0.19098301
    }, {
      "x" : 0.309017,
      "y" : -0.309017,
      "z" : 0.309017
    }, {
      "x" : 0.19098301,
      "y" : -0.5,
      "z" : 0.0
    }, {
      "x" : 0.0,
      "y" : 0.19098301,
      "z" : 0.5
    }, {
      "x" : 0.0,
      "y" : -0.19098301,
      "z" : 0.5
    }, {
      "x" : 0.309017,
      "y" : 0.309017,
      "z" : 0.309017
    }, {
      "x" : -0.309017,
      "y" : -0.309017,
      "z" : 0.309017
    }, {
      "x" : -0.309017,
      "y" : 0.309017,
      "z" : 0.309017
    }, {
      "x" : -0.5,
      "y" : 0.0,
      "z" : 0.19098301
    }, {
      "x" : 0.0,
      "y" : -0.19098301,
      "z" : -0.5
    }, {
      "x" : 0.0,
      "y" : 0.19098301,
      "z" : -0.5
    }, {
      "x" : 0.309017,
      "y" : 0.309017,
      "z" : -0.309017
    }, {
      "x" : -0.309017,
      "y" : -0.309017,
      "z" : -0.309017
    }, {
      "x" : -0.19098301,
      "y" : -0.5,
      "z" : 0.0
    }, {
      "x" : -0.5,
      "y" : 0.0,
      "z" : -0.19098301
    }, {
      "x" : 0.19098301,
      "y" : 0.5,
      "z" : 0.0
    }, {
      "x" : -0.309017,
      "y" : 0.309017,
      "z" : -0.309017
    }, {
      "x" : 0.0,
      "y" : 0.0,
      "z" : 0.0
    }, {
      "x" : -0.19098301,
      "y" : 0.5,
      "z" : 0.0
    } ],
    "faces" : [ {
      "vertices" : [ 12, 18, 20, 17, 13 ]
    }, {
      "vertices" : [ 3, 6, 8, 15, 4 ]
    }, {
      "vertices" : [ 0, 11, 12, 13, 1 ]
    }, {
      "vertices" : [ 5, 9, 10, 8, 6 ]
    }, {
      "vertices" : [ 2, 7, 5, 6, 3 ]
    }, {
      "vertices" : [ 11, 14, 16, 18, 12 ]
    }, {
      "vertices" : [ 1, 13, 17, 7, 2 ]
    }, {
      "vertices" : [ 9, 20, 18, 16, 10 ]
    }, {
      "vertices" : [ 0, 1, 2, 3, 4 ]
    }, {
      "vertices" : [ 5, 7, 17, 20, 9 ]
    }, {
      "vertices" : [ 0, 4, 15, 14, 11 ]
    }, {
      "vertices" : [ 8, 10, 16, 14, 15 ]
    } ]
  }, {
    "id" : "af58f3bf-5ba7-4a8e-b6c2-07f7a2094471",
    "orbit" : "purple",
    "name" : "medium",
    "vertices" : [ {
      "x" : 0.809017,
      "y" : 0.618034,
      "z" : -0.19098301
    }, {
      "x" : 0.809017,
      "y" : 0.0,
      "z" : -0.19098301
    }, {
      "x" : 0.309017,
      "y" : 0.11803399,
      "z" : 0.0
    }, {
      "x" : 10.281153,
      "y" : 4.236068,
      "z" : 0.19098301
    }, {
      "x" : 0.809017,
      "y" : 0.618034,
      "z" : 0.19098301
    }, {
      "x" : 0.809017,
      "y" : 0.0,
      "z" : 0.19098301
    }, {
      "x" : 10.281153,
      "y" : 3.618034,
      "z" : 0.19098301
    }, {
      "x" : 10.781153,
      "y" : 4.118034,
      "z" : 0.0
    }, {
      "x" : 10.281153,
      "y" : 4.236068,
      "z" : -0.19098301
    }, {
      "x" : 11.09017,
      "y" : 4.236068,
      "z" : 0.0
    }, {
      "x" : 10.281153,
      "y" : 3.618034,
      "z" : -0.19098301
    } ],
    "faces" : [ {
      "vertices" : [ 3, 6, 7 ]
    }, {
      "vertices" : [ 3, 4, 5, 6 ]
    }, {
      "vertices" : [ 3, 7, 8 ]
    }, {
      "vertices" : [ 0, 1, 2 ]
    }, {
      "vertices" : [ 0, 8, 10, 1 ]
    }, {
      "vertices" : [ 1, 10, 6, 5 ]
    }, {
      "vertices" : [ 0, 2, 4 ]
    }, {
      "vertices" : [ 6, 10, 7 ]
    }, {
      "vertices" : [ 1, 5, 2 ]
    }, {
      "vertices" : [ 7, 10, 8 ]
    }, {
      "vertices" : [ 2, 5, 4 ]
    }, {
      "vertices" : [ 0, 4, 3, 8 ]
    } ]
  }, {
    "id" : "0bad5e72-bff3-4e6d-8146-e0a1aa3e1400",
    "orbit" : "red",
    "name" : " :2*phi",
    "vertices" : [ {
      "x" : 0.9045085,
      "y" : 0.3454915,
      "z" : 0.25
    }, {
      "x" : 21.466814,
      "y" : 13.053696,
      "z" : 0.25
    }, {
      "x" : 21.275831,
      "y" : 13.362713,
      "z" : 0.25
    }, {
      "x" : 0.7135255,
      "y" : 0.6545085,
      "z" : 0.25
    }, {
      "x" : 0.809017,
      "y" : 0.5,
      "z" : -0.309017
    }, {
      "x" : 0.9635255,
      "y" : 0.25,
      "z" : -0.095491506
    }, {
      "x" : 0.309017,
      "y" : 0.19098301,
      "z" : 0.0
    }, {
      "x" : 21.871323,
      "y" : 13.5172205,
      "z" : 0.0
    }, {
      "x" : 21.216814,
      "y" : 13.458204,
      "z" : -0.095491506
    }, {
      "x" : 21.371323,
      "y" : 13.208204,
      "z" : -0.309017
    }, {
      "x" : 22.18034,
      "y" : 13.708204,
      "z" : 0.0
    }, {
      "x" : 0.6545085,
      "y" : 0.75,
      "z" : -0.095491506
    }, {
      "x" : 21.525831,
      "y" : 12.958204,
      "z" : -0.095491506
    } ],
    "faces" : [ {
      "vertices" : [ 4, 11, 8, 9 ]
    }, {
      "vertices" : [ 0, 1, 2, 3 ]
    }, {
      "vertices" : [ 0, 3, 6 ]
    }, {
      "vertices" : [ 1, 7, 2 ]
    }, {
      "vertices" : [ 0, 6, 5 ]
    }, {
      "vertices" : [ 4, 5, 6 ]
    }, {
      "vertices" : [ 2, 7, 8 ]
    }, {
      "vertices" : [ 0, 5, 12, 1 ]
    }, {
      "vertices" : [ 1, 12, 7 ]
    }, {
      "vertices" : [ 3, 11, 6 ]
    }, {
      "vertices" : [ 4, 6, 11 ]
    }, {
      "vertices" : [ 7, 9, 8 ]
    }, {
      "vertices" : [ 2, 8, 11, 3 ]
    }, {
      "vertices" : [ 7, 12, 9 ]
    }, {
      "vertices" : [ 4, 9, 12, 5 ]
    } ]
  }, {
    "id" : "ffb888f8-e9b3-4b6c-868e-b20ed3fde172",
    "orbit" : "purple",
    "name" : "long",
    "vertices" : [ {
      "x" : 0.809017,
      "y" : 0.618034,
      "z" : -0.19098301
    }, {
      "x" : 0.809017,
      "y" : 0.0,
      "z" : -0.19098301
    }, {
      "x" : 0.309017,
      "y" : 0.11803399,
      "z" : 0.0
    }, {
      "x" : 17.135256,
      "y" : 6.854102,
      "z" : 0.19098301
    }, {
      "x" : 0.809017,
      "y" : 0.618034,
      "z" : 0.19098301
    }, {
      "x" : 0.809017,
      "y" : 0.0,
      "z" : 0.19098301
    }, {
      "x" : 17.135256,
      "y" : 6.236068,
      "z" : 0.19098301
    }, {
      "x" : 17.635256,
      "y" : 6.736068,
      "z" : 0.0
    }, {
      "x" : 17.135256,
      "y" : 6.854102,
      "z" : -0.19098301
    }, {
      "x" : 17.944271,
      "y" : 6.854102,
      "z" : 0.0
    }, {
      "x" : 17.135256,
      "y" : 6.236068,
      "z" : -0.19098301
    } ],
    "faces" : [ {
      "vertices" : [ 3, 6, 7 ]
    }, {
      "vertices" : [ 3, 4, 5, 6 ]
    }, {
      "vertices" : [ 3, 7, 8 ]
    }, {
      "vertices" : [ 0, 1, 2 ]
    }, {
      "vertices" : [ 0, 8, 10, 1 ]
    }, {
      "vertices" : [ 1, 10, 6, 5 ]
    }, {
      "vertices" : [ 0, 2, 4 ]
    }, {
      "vertices" : [ 6, 10, 7 ]
    }, {
      "vertices" : [ 1, 5, 2 ]
    }, {
      "vertices" : [ 7, 10, 8 ]
    }, {
      "vertices" : [ 2, 5, 4 ]
    }, {
      "vertices" : [ 0, 4, 3, 8 ]
    } ]
  }, {
    "id" : "635edd0e-3b39-4d22-ba1e-2d6ce4889874",
    "vertices" : [ {
      "x" : 0.0,
      "y" : 0.0,
      "z" : 0.0
    }, {
      "x" : 0.0,
      "y" : 4.236068,
      "z" : -6.854102
    }, {
      "x" : 0.0,
      "y" : 22.18034,
      "z" : -13.708204
    } ],
    "faces" : [ {
      "vertices" : [ 0, 1, 2 ]
    }, {
      "vertices" : [ 0, 2, 1 ]
    } ]
  }, {
    "id" : "9321d721-992c-43bc-8229-dd519cd34d8a",
    "vertices" : [ {
      "x" : 0.0,
      "y" : 0.0,
      "z" : 0.0
    }, {
      "x" : 0.0,
      "y" : -4.236068,
      "z" : 6.854102
    }, {
      "x" : 0.0,
      "y" : -22.18034,
      "z" : 13.708204
    } ],
    "faces" : [ {
      "vertices" : [ 0, 1, 2 ]
    }, {
      "vertices" : [ 0, 2, 1 ]
    } ]
  }, {
    "id" : "053fe057-c7fd-495c-b2fa-089a68238f11",
    "orbit" : "purple",
    "name" : "shorter",
    "vertices" : [ {
      "x" : 0.809017,
      "y" : 0.618034,
      "z" : -0.19098301
    }, {
      "x" : 0.809017,
      "y" : 0.0,
      "z" : -0.19098301
    }, {
      "x" : 0.309017,
      "y" : 0.11803399,
      "z" : 0.0
    }, {
      "x" : 3.427051,
      "y" : 1.618034,
      "z" : 0.19098301
    }, {
      "x" : 0.809017,
      "y" : 0.618034,
      "z" : 0.19098301
    }, {
      "x" : 0.809017,
      "y" : 0.0,
      "z" : 0.19098301
    }, {
      "x" : 3.427051,
      "y" : 1.0,
      "z" : 0.19098301
    }, {
      "x" : 3.927051,
      "y" : 1.5,
      "z" : 0.0
    }, {
      "x" : 3.427051,
      "y" : 1.618034,
      "z" : -0.19098301
    }, {
      "x" : 4.236068,
      "y" : 1.618034,
      "z" : 0.0
    }, {
      "x" : 3.427051,
      "y" : 1.0,
      "z" : -0.19098301
    } ],
    "faces" : [ {
      "vertices" : [ 3, 6, 7 ]
    }, {
      "vertices" : [ 3, 4, 5, 6 ]
    }, {
      "vertices" : [ 3, 7, 8 ]
    }, {
      "vertices" : [ 0, 1, 2 ]
    }, {
      "vertices" : [ 0, 8, 10, 1 ]
    }, {
      "vertices" : [ 1, 10, 6, 5 ]
    }, {
      "vertices" : [ 0, 2, 4 ]
    }, {
      "vertices" : [ 6, 10, 7 ]
    }, {
      "vertices" : [ 1, 5, 2 ]
    }, {
      "vertices" : [ 7, 10, 8 ]
    }, {
      "vertices" : [ 2, 5, 4 ]
    }, {
      "vertices" : [ 0, 4, 3, 8 ]
    } ]
  }, {
    "id" : "668064df-60a5-42cb-bf22-0da5ee1a7f8a",
    "orbit" : "red",
    "name" : " :4 -2*phi",
    "vertices" : [ {
      "x" : 0.9045085,
      "y" : 0.3454915,
      "z" : 0.25
    }, {
      "x" : 4.5225425,
      "y" : 2.5815594,
      "z" : 0.25
    }, {
      "x" : 4.3315597,
      "y" : 2.8905764,
      "z" : 0.25
    }, {
      "x" : 0.7135255,
      "y" : 0.6545085,
      "z" : 0.25
    }, {
      "x" : 0.809017,
      "y" : 0.5,
      "z" : -0.309017
    }, {
      "x" : 0.9635255,
      "y" : 0.25,
      "z" : -0.095491506
    }, {
      "x" : 0.309017,
      "y" : 0.19098301,
      "z" : 0.0
    }, {
      "x" : 4.927051,
      "y" : 3.045085,
      "z" : 0.0
    }, {
      "x" : 4.2725425,
      "y" : 2.986068,
      "z" : -0.095491506
    }, {
      "x" : 4.427051,
      "y" : 2.736068,
      "z" : -0.309017
    }, {
      "x" : 5.236068,
      "y" : 3.236068,
      "z" : 0.0
    }, {
      "x" : 0.6545085,
      "y" : 0.75,
      "z" : -0.095491506
    }, {
      "x" : 4.5815597,
      "y" : 2.486068,
      "z" : -0.095491506
    } ],
    "faces" : [ {
      "vertices" : [ 4, 11, 8, 9 ]
    }, {
      "vertices" : [ 0, 1, 2, 3 ]
    }, {
      "vertices" : [ 0, 3, 6 ]
    }, {
      "vertices" : [ 1, 7, 2 ]
    }, {
      "vertices" : [ 0, 6, 5 ]
    }, {
      "vertices" : [ 4, 5, 6 ]
    }, {
      "vertices" : [ 2, 7, 8 ]
    }, {
      "vertices" : [ 0, 5, 12, 1 ]
    }, {
      "vertices" : [ 1, 12, 7 ]
    }, {
      "vertices" : [ 3, 11, 6 ]
    }, {
      "vertices" : [ 4, 6, 11 ]
    }, {
      "vertices" : [ 7, 9, 8 ]
    }, {
      "vertices" : [ 2, 8, 11, 3 ]
    }, {
      "vertices" : [ 7, 12, 9 ]
    }, {
      "vertices" : [ 4, 9, 12, 5 ]
    } ]
  }, {
    "id" : "5c2905c0-e36d-4b1b-8340-e985952e6c8b",
    "orbit" : "red",
    "name" : " :8 -4*phi",
    "vertices" : [ {
      "x" : 0.9045085,
      "y" : 0.3454915,
      "z" : 0.25
    }, {
      "x" : 9.758611,
      "y" : 5.8176274,
      "z" : 0.25
    }, {
      "x" : 9.567628,
      "y" : 6.1266446,
      "z" : 0.25
    }, {
      "x" : 0.7135255,
      "y" : 0.6545085,
      "z" : 0.25
    }, {
      "x" : 0.809017,
      "y" : 0.5,
      "z" : -0.309017
    }, {
      "x" : 0.9635255,
      "y" : 0.25,
      "z" : -0.095491506
    }, {
      "x" : 0.309017,
      "y" : 0.19098301,
      "z" : 0.0
    }, {
      "x" : 10.163119,
      "y" : 6.2811527,
      "z" : 0.0
    }, {
      "x" : 9.508611,
      "y" : 6.222136,
      "z" : -0.095491506
    }, {
      "x" : 9.663119,
      "y" : 5.972136,
      "z" : -0.309017
    }, {
      "x" : 10.472136,
      "y" : 6.472136,
      "z" : 0.0
    }, {
      "x" : 0.6545085,
      "y" : 0.75,
      "z" : -0.095491506
    }, {
      "x" : 9.817628,
      "y" : 5.722136,
      "z" : -0.095491506
    } ],
    "faces" : [ {
      "vertices" : [ 4, 11, 8, 9 ]
    }, {
      "vertices" : [ 0, 1, 2, 3 ]
    }, {
      "vertices" : [ 0, 3, 6 ]
    }, {
      "vertices" : [ 1, 7, 2 ]
    }, {
      "vertices" : [ 0, 6, 5 ]
    }, {
      "vertices" : [ 4, 5, 6 ]
    }, {
      "vertices" : [ 2, 7, 8 ]
    }, {
      "vertices" : [ 0, 5, 12, 1 ]
    }, {
      "vertices" : [ 1, 12, 7 ]
    }, {
      "vertices" : [ 3, 11, 6 ]
    }, {
      "vertices" : [ 4, 6, 11 ]
    }, {
      "vertices" : [ 7, 9, 8 ]
    }, {
      "vertices" : [ 2, 8, 11, 3 ]
    }, {
      "vertices" : [ 7, 12, 9 ]
    }, {
      "vertices" : [ 4, 9, 12, 5 ]
    } ]
  }, {
    "id" : "c85f467f-534e-4d09-b2a9-b15c1a0ea84c",
    "orbit" : "orange",
    "name" : " :-3 +2*phi",
    "vertices" : [ {
      "x" : 1.0954915,
      "y" : 0.1545085,
      "z" : 0.059016995
    }, {
      "x" : 1.4635255,
      "y" : 0.25,
      "z" : -0.4045085
    }, {
      "x" : 1.0954915,
      "y" : 0.1545085,
      "z" : 0.059016995
    }, {
      "x" : 0.9045085,
      "y" : 0.4635255,
      "z" : -0.440983
    }, {
      "x" : 0.9045085,
      "y" : 0.4635255,
      "z" : -0.440983
    }, {
      "x" : 0.9045085,
      "y" : -0.1545085,
      "z" : -0.059016995
    }, {
      "x" : 0.9045085,
      "y" : -0.1545085,
      "z" : -0.059016995
    }, {
      "x" : 0.7135255,
      "y" : 0.1545085,
      "z" : -0.559017
    }, {
      "x" : 1.809017,
      "y" : 0.309017,
      "z" : -0.5
    }, {
      "x" : 0.3454915,
      "y" : 0.059016995,
      "z" : -0.095491506
    }, {
      "x" : 0.7135255,
      "y" : 0.1545085,
      "z" : -0.559017
    } ],
    "faces" : [ {
      "vertices" : [ 2, 9, 6 ]
    }, {
      "vertices" : [ 0, 1, 3 ]
    }, {
      "vertices" : [ 0, 5, 1 ]
    }, {
      "vertices" : [ 4, 10, 9 ]
    }, {
      "vertices" : [ 3, 7, 10, 4 ]
    }, {
      "vertices" : [ 0, 3, 4, 2 ]
    }, {
      "vertices" : [ 6, 9, 10 ]
    }, {
      "vertices" : [ 1, 7, 3 ]
    }, {
      "vertices" : [ 5, 6, 10, 7 ]
    }, {
      "vertices" : [ 0, 2, 6, 5 ]
    }, {
      "vertices" : [ 1, 5, 7 ]
    }, {
      "vertices" : [ 2, 4, 9 ]
    } ]
  } ],
  "instances" : [ {
    "shape" : "558343f3-6670-41b8-844e-aca57713f0a9",
    "color" : "#DC4C00",
    "position" : {
      "x" : -5.545085,
      "y" : 20.062305,
      "z" : 7.663119
    },
    "orientation" : 37
  }, {
    "shape" : "18ae6971-3960-4367-ae43-f10ce7ad5da9",
    "color" : "#FFFFFF",
    "position" : {
      "x" : 14.5172205,
      "y" : -16.635256,
      "z" : -2.118034
    }
  }, {
    "shape" : "18ae6971-3960-4367-ae43-f10ce7ad5da9",
    "color" : "#FFFFFF",
    "position" : {
      "x" : 15.826238,
      "y" : -14.5172205,
      "z" : 5.545085
    }
  }, {
    "shape" : "18ae6971-3960-4367-ae43-f10ce7ad5da9",
    "color" : "#FFFFFF",
    "position" : {
      "x" : -7.663119,
      "y" : 5.545085,
      "z" : 20.062305
    }
  }, {
    "shape" : "558343f3-6670-41b8-844e-aca57713f0a9",
    "color" : "#DC4C00",
    "position" : {
      "x" : 21.371323,
      "y" : 5.545085,
      "z" : 2.118034
    },
    "orientation" : 59
  }, {
    "shape" : "af58f3bf-5ba7-4a8e-b6c2-07f7a2094471",
    "color" : "#6C00C6",
    "position" : {
      "x" : -20.062305,
      "y" : 7.663119,
      "z" : 5.545085
    },
    "orientation" : 5
  }, {
    "shape" : "558343f3-6670-41b8-844e-aca57713f0a9",
    "color" : "#DC4C00",
    "position" : {
      "x" : -5.545085,
      "y" : 2.118034,
      "z" : -21.371323
    },
    "orientation" : 43
  }, {
    "shape" : "0bad5e72-bff3-4e6d-8146-e0a1aa3e1400",
    "color" : "#AF0000",
    "position" : {
      "x" : 14.5172205,
      "y" : 16.635256,
      "z" : 2.118034
    },
    "orientation" : 31
  }, {
    "shape" : "558343f3-6670-41b8-844e-aca57713f0a9",
    "color" : "#DC4C00",
    "position" : {
      "x" : 2.118034,
      "y" : 21.371323,
      "z" : 5.545085
    },
    "orientation" : 42
  }, {
    "shape" : "558343f3-6670-41b8-844e-aca57713f0a9",
    "color" : "#DC4C00",
    "position" : {
      "x" : 5.545085,
      "y" : -15.826238,
      "z" : 14.5172205
    },
    "orientation" : 45
  }, {
    "shape" : "af58f3bf-5ba7-4a8e-b6c2-07f7a2094471",
    "color" : "#6C00C6",
    "position" : {
      "x" : -14.5172205,
      "y" : -16.635256,
      "z" : 2.118034
    },
    "orientation" : 8
  }, {
    "shape" : "558343f3-6670-41b8-844e-aca57713f0a9",
    "color" : "#DC4C00",
    "position" : {
      "x" : -7.663119,
      "y" : -5.545085,
      "z" : -20.062305
    },
    "orientation" : 38
  }, {
    "shape" : "558343f3-6670-41b8-844e-aca57713f0a9",
    "color" : "#DC4C00",
    "position" : {
      "x" : 20.062305,
      "y" : -7.663119,
      "z" : 5.545085
    },
    "orientation" : 36
  }, {
    "shape" : "558343f3-6670-41b8-844e-aca57713f0a9",
    "color" : "#DC4C00",
    "position" : {
      "x" : -15.826238,
      "y" : 14.5172205,
      "z" : 5.545085
    },
    "orientation" : 17
  }, {
    "shape" : "0bad5e72-bff3-4e6d-8146-e0a1aa3e1400",
    "color" : "#AF0000",
    "position" : {
      "x" : -14.5172205,
      "y" : 16.635256,
      "z" : -2.118034
    },
    "orientation" : 16
  }, {
    "shape" : "0bad5e72-bff3-4e6d-8146-e0a1aa3e1400",
    "color" : "#AF0000",
    "position" : {
      "x" : -17.944271,
      "y" : 11.09017,
      "z" : -6.854102
    },
    "orientation" : 31
  }, {
    "shape" : "558343f3-6670-41b8-844e-aca57713f0a9",
    "color" : "#DC4C00",
    "position" : {
      "x" : 16.635256,
      "y" : -2.118034,
      "z" : -14.5172205
    },
    "orientation" : 33
  }, {
    "shape" : "18ae6971-3960-4367-ae43-f10ce7ad5da9",
    "color" : "#FFFFFF",
    "position" : {
      "x" : -11.09017,
      "y" : 6.854102,
      "z" : -17.944271
    }
  }, {
    "shape" : "18ae6971-3960-4367-ae43-f10ce7ad5da9",
    "color" : "#FFFFFF",
    "position" : {
      "x" : 11.09017,
      "y" : -6.854102,
      "z" : -17.944271
    }
  }, {
    "shape" : "558343f3-6670-41b8-844e-aca57713f0a9",
    "color" : "#DC4C00",
    "position" : {
      "x" : 5.545085,
      "y" : 15.826238,
      "z" : -14.5172205
    },
    "orientation" : 30
  }, {
    "shape" : "558343f3-6670-41b8-844e-aca57713f0a9",
    "color" : "#DC4C00",
    "position" : {
      "x" : 14.5172205,
      "y" : 5.545085,
      "z" : -15.826238
    },
    "orientation" : 31
  }, {
    "shape" : "558343f3-6670-41b8-844e-aca57713f0a9",
    "color" : "#DC4C00",
    "position" : {
      "x" : 20.062305,
      "y" : 7.663119,
      "z" : -5.545085
    },
    "orientation" : 51
  }, {
    "shape" : "558343f3-6670-41b8-844e-aca57713f0a9",
    "color" : "#DC4C00",
    "position" : {
      "x" : -2.118034,
      "y" : -21.371323,
      "z" : 5.545085
    },
    "orientation" : 12
  }, {
    "shape" : "558343f3-6670-41b8-844e-aca57713f0a9",
    "color" : "#DC4C00",
    "position" : {
      "x" : 7.663119,
      "y" : 5.545085,
      "z" : -20.062305
    },
    "orientation" : 8
  }, {
    "shape" : "0bad5e72-bff3-4e6d-8146-e0a1aa3e1400",
    "color" : "#AF0000",
    "position" : {
      "x" : -20.062305,
      "y" : 7.663119,
      "z" : 5.545085
    },
    "orientation" : 0
  }, {
    "shape" : "18ae6971-3960-4367-ae43-f10ce7ad5da9",
    "color" : "#FFFFFF",
    "position" : {
      "x" : 20.062305,
      "y" : 7.663119,
      "z" : -5.545085
    }
  }, {
    "shape" : "18ae6971-3960-4367-ae43-f10ce7ad5da9",
    "color" : "#FFFFFF",
    "position" : {
      "x" : 2.118034,
      "y" : -21.371323,
      "z" : -5.545085
    }
  }, {
    "shape" : "558343f3-6670-41b8-844e-aca57713f0a9",
    "color" : "#DC4C00",
    "position" : {
      "x" : 14.5172205,
      "y" : -5.545085,
      "z" : 15.826238
    },
    "orientation" : 46
  }, {
    "shape" : "af58f3bf-5ba7-4a8e-b6c2-07f7a2094471",
    "color" : "#6C00C6",
    "position" : {
      "x" : -15.826238,
      "y" : -14.5172205,
      "z" : -5.545085
    },
    "orientation" : 27
  }, {
    "shape" : "af58f3bf-5ba7-4a8e-b6c2-07f7a2094471",
    "color" : "#6C00C6",
    "position" : {
      "x" : -2.118034,
      "y" : -21.371323,
      "z" : 5.545085
    },
    "orientation" : 17
  }, {
    "shape" : "558343f3-6670-41b8-844e-aca57713f0a9",
    "color" : "#DC4C00",
    "position" : {
      "x" : 6.854102,
      "y" : -17.944271,
      "z" : -11.09017
    },
    "orientation" : 41
  }, {
    "shape" : "af58f3bf-5ba7-4a8e-b6c2-07f7a2094471",
    "color" : "#6C00C6",
    "position" : {
      "x" : 7.663119,
      "y" : 5.545085,
      "z" : -20.062305
    },
    "orientation" : 4
  }, {
    "shape" : "af58f3bf-5ba7-4a8e-b6c2-07f7a2094471",
    "color" : "#6C00C6",
    "position" : {
      "x" : -17.944271,
      "y" : -11.09017,
      "z" : 6.854102
    },
    "orientation" : 10
  }, {
    "shape" : "558343f3-6670-41b8-844e-aca57713f0a9",
    "color" : "#DC4C00",
    "position" : {
      "x" : -14.5172205,
      "y" : 16.635256,
      "z" : -2.118034
    },
    "orientation" : 19
  }, {
    "shape" : "18ae6971-3960-4367-ae43-f10ce7ad5da9",
    "color" : "#FFFFFF",
    "position" : {
      "x" : -5.545085,
      "y" : -2.118034,
      "z" : 21.371323
    }
  }, {
    "shape" : "18ae6971-3960-4367-ae43-f10ce7ad5da9",
    "color" : "#FFFFFF",
    "position" : {
      "x" : 5.545085,
      "y" : -15.826238,
      "z" : 14.5172205
    }
  }, {
    "shape" : "af58f3bf-5ba7-4a8e-b6c2-07f7a2094471",
    "color" : "#6C00C6",
    "position" : {
      "x" : -7.663119,
      "y" : -5.545085,
      "z" : -20.062305
    },
    "orientation" : 34
  }, {
    "shape" : "18ae6971-3960-4367-ae43-f10ce7ad5da9",
    "color" : "#FFFFFF",
    "position" : {
      "x" : -5.545085,
      "y" : 2.118034,
      "z" : -21.371323
    }
  }, {
    "shape" : "558343f3-6670-41b8-844e-aca57713f0a9",
    "color" : "#DC4C00",
    "position" : {
      "x" : -5.545085,
      "y" : 15.826238,
      "z" : 14.5172205
    },
    "orientation" : 15
  }, {
    "shape" : "18ae6971-3960-4367-ae43-f10ce7ad5da9",
    "color" : "#FFFFFF",
    "position" : {
      "x" : -5.545085,
      "y" : 20.062305,
      "z" : 7.663119
    }
  }, {
    "shape" : "af58f3bf-5ba7-4a8e-b6c2-07f7a2094471",
    "color" : "#6C00C6",
    "position" : {
      "x" : 14.5172205,
      "y" : -5.545085,
      "z" : 15.826238
    },
    "orientation" : 29
  }, {
    "shape" : "558343f3-6670-41b8-844e-aca57713f0a9",
    "color" : "#DC4C00",
    "position" : {
      "x" : 2.118034,
      "y" : -14.5172205,
      "z" : -16.635256
    },
    "orientation" : 5
  }, {
    "shape" : "af58f3bf-5ba7-4a8e-b6c2-07f7a2094471",
    "color" : "#6C00C6",
    "position" : {
      "x" : 2.118034,
      "y" : 14.5172205,
      "z" : 16.635256
    },
    "orientation" : 21
  }, {
    "shape" : "af58f3bf-5ba7-4a8e-b6c2-07f7a2094471",
    "color" : "#6C00C6",
    "position" : {
      "x" : -2.118034,
      "y" : 21.371323,
      "z" : -5.545085
    },
    "orientation" : 2
  }, {
    "shape" : "558343f3-6670-41b8-844e-aca57713f0a9",
    "color" : "#DC4C00",
    "position" : {
      "x" : 5.545085,
      "y" : 2.118034,
      "z" : 21.371323
    },
    "orientation" : 28
  }, {
    "shape" : "0bad5e72-bff3-4e6d-8146-e0a1aa3e1400",
    "color" : "#AF0000",
    "position" : {
      "x" : -21.371323,
      "y" : -5.545085,
      "z" : 2.118034
    },
    "orientation" : 17
  }, {
    "shape" : "18ae6971-3960-4367-ae43-f10ce7ad5da9",
    "color" : "#FFFFFF",
    "position" : {
      "x" : 15.826238,
      "y" : 14.5172205,
      "z" : -5.545085
    }
  }, {
    "shape" : "0bad5e72-bff3-4e6d-8146-e0a1aa3e1400",
    "color" : "#AF0000",
    "position" : {
      "x" : 16.635256,
      "y" : -2.118034,
      "z" : -14.5172205
    },
    "orientation" : 30
  }, {
    "shape" : "0bad5e72-bff3-4e6d-8146-e0a1aa3e1400",
    "color" : "#AF0000",
    "position" : {
      "x" : 17.944271,
      "y" : -11.09017,
      "z" : -6.854102
    },
    "orientation" : 1
  }, {
    "shape" : "af58f3bf-5ba7-4a8e-b6c2-07f7a2094471",
    "color" : "#6C00C6",
    "position" : {
      "x" : -5.545085,
      "y" : -2.118034,
      "z" : 21.371323
    },
    "orientation" : 0
  }, {
    "shape" : "af58f3bf-5ba7-4a8e-b6c2-07f7a2094471",
    "color" : "#6C00C6",
    "position" : {
      "x" : 17.944271,
      "y" : 11.09017,
      "z" : 6.854102
    },
    "orientation" : 40
  }, {
    "shape" : "18ae6971-3960-4367-ae43-f10ce7ad5da9",
    "color" : "#FFFFFF",
    "position" : {
      "x" : -5.545085,
      "y" : -20.062305,
      "z" : -7.663119
    }
  }, {
    "shape" : "558343f3-6670-41b8-844e-aca57713f0a9",
    "color" : "#DC4C00",
    "position" : {
      "x" : 5.545085,
      "y" : -20.062305,
      "z" : 7.663119
    },
    "orientation" : 7
  }, {
    "shape" : "af58f3bf-5ba7-4a8e-b6c2-07f7a2094471",
    "color" : "#6C00C6",
    "position" : {
      "x" : -14.5172205,
      "y" : 16.635256,
      "z" : -2.118034
    },
    "orientation" : 23
  }, {
    "shape" : "558343f3-6670-41b8-844e-aca57713f0a9",
    "color" : "#DC4C00",
    "position" : {
      "x" : 2.118034,
      "y" : 14.5172205,
      "z" : 16.635256
    },
    "orientation" : 20
  }, {
    "shape" : "18ae6971-3960-4367-ae43-f10ce7ad5da9",
    "color" : "#FFFFFF",
    "position" : {
      "x" : 0.0,
      "y" : 0.0,
      "z" : 0.0
    }
  }, {
    "shape" : "18ae6971-3960-4367-ae43-f10ce7ad5da9",
    "color" : "#FFFFFF",
    "position" : {
      "x" : -17.944271,
      "y" : 11.09017,
      "z" : -6.854102
    }
  }, {
    "shape" : "558343f3-6670-41b8-844e-aca57713f0a9",
    "color" : "#DC4C00",
    "position" : {
      "x" : -5.545085,
      "y" : -20.062305,
      "z" : -7.663119
    },
    "orientation" : 52
  }, {
    "shape" : "18ae6971-3960-4367-ae43-f10ce7ad5da9",
    "color" : "#FFFFFF",
    "position" : {
      "x" : -17.944271,
      "y" : -11.09017,
      "z" : 6.854102
    }
  }, {
    "shape" : "18ae6971-3960-4367-ae43-f10ce7ad5da9",
    "color" : "#FFFFFF",
    "position" : {
      "x" : -6.854102,
      "y" : 17.944271,
      "z" : -11.09017
    }
  }, {
    "shape" : "558343f3-6670-41b8-844e-aca57713f0a9",
    "color" : "#DC4C00",
    "position" : {
      "x" : 2.118034,
      "y" : -21.371323,
      "z" : -5.545085
    },
    "orientation" : 57
  }, {
    "shape" : "558343f3-6670-41b8-844e-aca57713f0a9",
    "color" : "#DC4C00",
    "position" : {
      "x" : -6.854102,
      "y" : -17.944271,
      "z" : 11.09017
    },
    "orientation" : 26
  }, {
    "shape" : "18ae6971-3960-4367-ae43-f10ce7ad5da9",
    "color" : "#FFFFFF",
    "position" : {
      "x" : 14.5172205,
      "y" : 5.545085,
      "z" : -15.826238
    }
  }, {
    "shape" : "0bad5e72-bff3-4e6d-8146-e0a1aa3e1400",
    "color" : "#AF0000",
    "position" : {
      "x" : -2.118034,
      "y" : 14.5172205,
      "z" : -16.635256
    },
    "orientation" : 32
  }, {
    "shape" : "0bad5e72-bff3-4e6d-8146-e0a1aa3e1400",
    "color" : "#AF0000",
    "position" : {
      "x" : -16.635256,
      "y" : -2.118034,
      "z" : 14.5172205
    },
    "orientation" : 15
  }, {
    "shape" : "0bad5e72-bff3-4e6d-8146-e0a1aa3e1400",
    "color" : "#AF0000",
    "position" : {
      "x" : 2.118034,
      "y" : -14.5172205,
      "z" : -16.635256
    },
    "orientation" : 2
  }, {
    "shape" : "18ae6971-3960-4367-ae43-f10ce7ad5da9",
    "color" : "#FFFFFF",
    "position" : {
      "x" : 16.635256,
      "y" : 2.118034,
      "z" : 14.5172205
    }
  }, {
    "shape" : "18ae6971-3960-4367-ae43-f10ce7ad5da9",
    "color" : "#FFFFFF",
    "position" : {
      "x" : -20.062305,
      "y" : 7.663119,
      "z" : 5.545085
    }
  }, {
    "shape" : "18ae6971-3960-4367-ae43-f10ce7ad5da9",
    "color" : "#FFFFFF",
    "position" : {
      "x" : -21.371323,
      "y" : 5.545085,
      "z" : -2.118034
    }
  }, {
    "shape" : "18ae6971-3960-4367-ae43-f10ce7ad5da9",
    "color" : "#FFFFFF",
    "position" : {
      "x" : -14.5172205,
      "y" : 16.635256,
      "z" : -2.118034
    }
  }, {
    "shape" : "18ae6971-3960-4367-ae43-f10ce7ad5da9",
    "color" : "#FFFFFF",
    "position" : {
      "x" : 2.118034,
      "y" : -14.5172205,
      "z" : -16.635256
    }
  }, {
    "shape" : "af58f3bf-5ba7-4a8e-b6c2-07f7a2094471",
    "color" : "#6C00C6",
    "position" : {
      "x" : -21.371323,
      "y" : 5.545085,
      "z" : -2.118034
    },
    "orientation" : 31
  }, {
    "shape" : "18ae6971-3960-4367-ae43-f10ce7ad5da9",
    "color" : "#FFFFFF",
    "position" : {
      "x" : -5.545085,
      "y" : 15.826238,
      "z" : 14.5172205
    }
  }, {
    "shape" : "af58f3bf-5ba7-4a8e-b6c2-07f7a2094471",
    "color" : "#6C00C6",
    "position" : {
      "x" : 14.5172205,
      "y" : 5.545085,
      "z" : -15.826238
    },
    "orientation" : 14
  }, {
    "shape" : "af58f3bf-5ba7-4a8e-b6c2-07f7a2094471",
    "color" : "#6C00C6",
    "position" : {
      "x" : 5.545085,
      "y" : 20.062305,
      "z" : -7.663119
    },
    "orientation" : 18
  }, {
    "shape" : "af58f3bf-5ba7-4a8e-b6c2-07f7a2094471",
    "color" : "#6C00C6",
    "position" : {
      "x" : -11.09017,
      "y" : 6.854102,
      "z" : -17.944271
    },
    "orientation" : 9
  }, {
    "shape" : "18ae6971-3960-4367-ae43-f10ce7ad5da9",
    "color" : "#FFFFFF",
    "position" : {
      "x" : 11.09017,
      "y" : 6.854102,
      "z" : 17.944271
    }
  }, {
    "shape" : "558343f3-6670-41b8-844e-aca57713f0a9",
    "color" : "#DC4C00",
    "position" : {
      "x" : -2.118034,
      "y" : -14.5172205,
      "z" : 16.635256
    },
    "orientation" : 50
  }, {
    "shape" : "af58f3bf-5ba7-4a8e-b6c2-07f7a2094471",
    "color" : "#6C00C6",
    "position" : {
      "x" : -16.635256,
      "y" : 2.118034,
      "z" : -14.5172205
    },
    "orientation" : 7
  }, {
    "shape" : "af58f3bf-5ba7-4a8e-b6c2-07f7a2094471",
    "color" : "#6C00C6",
    "position" : {
      "x" : 6.854102,
      "y" : -17.944271,
      "z" : -11.09017
    },
    "orientation" : 11
  }, {
    "shape" : "558343f3-6670-41b8-844e-aca57713f0a9",
    "color" : "#DC4C00",
    "position" : {
      "x" : -20.062305,
      "y" : 7.663119,
      "z" : 5.545085
    },
    "orientation" : 6
  }, {
    "shape" : "18ae6971-3960-4367-ae43-f10ce7ad5da9",
    "color" : "#FFFFFF",
    "position" : {
      "x" : 16.635256,
      "y" : -2.118034,
      "z" : -14.5172205
    }
  }, {
    "shape" : "18ae6971-3960-4367-ae43-f10ce7ad5da9",
    "color" : "#FFFFFF",
    "position" : {
      "x" : 21.371323,
      "y" : -5.545085,
      "z" : -2.118034
    }
  }, {
    "shape" : "18ae6971-3960-4367-ae43-f10ce7ad5da9",
    "color" : "#FFFFFF",
    "position" : {
      "x" : -21.371323,
      "y" : -5.545085,
      "z" : 2.118034
    }
  }, {
    "shape" : "558343f3-6670-41b8-844e-aca57713f0a9",
    "color" : "#DC4C00",
    "position" : {
      "x" : -17.944271,
      "y" : 11.09017,
      "z" : -6.854102
    },
    "orientation" : 40
  }, {
    "shape" : "0bad5e72-bff3-4e6d-8146-e0a1aa3e1400",
    "color" : "#AF0000",
    "position" : {
      "x" : -6.854102,
      "y" : 17.944271,
      "z" : -11.09017
    },
