{
  "field" : "golden",
  "symmetry" : "icosahedral",
  "orientations" : [ [ 1.0, 0.0, 0.0, 0.0, 0.0, 1.0, 0.0, 0.0, 0.0, 0.0, 1.0, 0.0, 0.0, 0.0, 0.0, 1.0 ], [ 0.0, 0.0, 1.0, 0.0, 1.0, 0.0, 0.0, 0.0, 0.0, 1.0, 0.0, 0.0, 0.0, 0.0, 0.0, 1.0 ], [ 0.0, 1.0, 0.0, 0.0, 0.0, 0.0, 1.0, 0.0, 1.0, 0.0, 0.0, 0.0, 0.0, 0.0, 0.0, 1.0 ], [ 0.809017, 0.309017, 0.5, 0.0, 0.309017, 0.5, -0.809017, 0.0, -0.5, 0.809017, 0.309017, 0.0, 0.0, 0.0, 0.0, 1.0 ], [ -0.5, 0.809017, 0.309017, 0.0, 0.809017, 0.309017, 0.5, 0.0, 0.309017, 0.5, -0.809017, 0.0, 0.0, 0.0, 0.0, 1.0 ], [ 0.309017, 0.5, -0.809017, 0.0, -0.5, 0.809017, 0.309017, 0.0, 0.809017, 0.309017, 0.5, 0.0, 0.0, 0.0, 0.0, 1.0 ], [ 0.5, 0.809017, 0.309017, 0.0, 0.809017, -0.309017, -0.5, 0.0, -0.309017, 0.5, -0.809017, 0.0, 0.0, 0.0, 0.0, 1.0 ], [ -0.309017, 0.5, -0.809017, 0.0, 0.5, 0.809017, 0.309017, 0.0, 0.809017, -0.309017, -0.5, 0.0, 0.0, 0.0, 0.0, 1.0 ], [ 0.809017, -0.309017, -0.5, 0.0, -0.309017, 0.5, -0.809017, 0.0, 0.5, 0.809017, 0.309017, 0.0, 0.0, 0.0, 0.0, 1.0 ], [ 0.5, 0.809017, -0.309017, 0.0, 0.809017, -0.309017, 0.5, 0.0, 0.309017, -0.5, -0.809017, 0.0, 0.0, 0.0, 0.0, 1.0 ], [ 0.309017, -0.5, -0.809017, 0.0, 0.5, 0.809017, -0.309017, 0.0, 0.809017, -0.309017, 0.5, 0.0, 0.0, 0.0, 0.0, 1.0 ], [ 0.809017, -0.309017, 0.5, 0.0, 0.309017, -0.5, -0.809017, 0.0, 0.5, 0.809017, -0.309017, 0.0, 0.0, 0.0, 0.0, 1.0 ], [ 0.809017, 0.309017, -0.5, 0.0, 0.309017, 0.5, 0.809017, 0.0, 0.5, -0.809017, 0.309017, 0.0, 0.0, 0.0, 0.0, 1.0 ], [ 0.5, -0.809017, 0.309017, 0.0, 0.809017, 0.309017, -0.5, 0.0, 0.309017, 0.5, 0.809017, 0.0, 0.0, 0.0, 0.0, 1.0 ], [ 0.309017, 0.5, 0.809017, 0.0, 0.5, -0.809017, 0.309017, 0.0, 0.809017, 0.309017, -0.5, 0.0, 0.0, 0.0, 0.0, 1.0 ], [ 1.0, 0.0, 0.0, 0.0, 0.0, -1.0, 0.0, 0.0, 0.0, 0.0, -1.0, 0.0, 0.0, 0.0, 0.0, 1.0 ], [ 0.0, 0.0, 1.0, 0.0, -1.0, 0.0, 0.0, 0.0, 0.0, -1.0, 0.0, 0.0, 0.0, 0.0, 0.0, 1.0 ], [ 0.0, 1.0, 0.0, 0.0, 0.0, 0.0, -1.0, 0.0, -1.0, 0.0, 0.0, 0.0, 0.0, 0.0, 0.0, 1.0 ], [ 0.809017, 0.309017, 0.5, 0.0, -0.309017, -0.5, 0.809017, 0.0, 0.5, -0.809017, -0.309017, 0.0, 0.0, 0.0, 0.0, 1.0 ], [ -0.5, 0.809017, 0.309017, 0.0, -0.809017, -0.309017, -0.5, 0.0, -0.309017, -0.5, 0.809017, 0.0, 0.0, 0.0, 0.0, 1.0 ], [ 0.309017, 0.5, -0.809017, 0.0, 0.5, -0.809017, -0.309017, 0.0, -0.809017, -0.309017, -0.5, 0.0, 0.0, 0.0, 0.0, 1.0 ], [ 0.5, 0.809017, 0.309017, 0.0, -0.809017, 0.309017, 0.5, 0.0, 0.309017, -0.5, 0.809017, 0.0, 0.0, 0.0, 0.0, 1.0 ], [ -0.309017, 0.5, -0.809017, 0.0, -0.5, -0.809017, -0.309017, 0.0, -0.809017, 0.309017, 0.5, 0.0, 0.0, 0.0, 0.0, 1.0 ], [ 0.809017, -0.309017, -0.5, 0.0, 0.309017, -0.5, 0.809017, 0.0, -0.5, -0.809017, -0.309017, 0.0, 0.0, 0.0, 0.0, 1.0 ], [ 0.5, 0.809017, -0.309017, 0.0, -0.809017, 0.309017, -0.5, 0.0, -0.309017, 0.5, 0.809017, 0.0, 0.0, 0.0, 0.0, 1.0 ], [ 0.309017, -0.5, -0.809017, 0.0, -0.5, -0.809017, 0.309017, 0.0, -0.809017, 0.309017, -0.5, 0.0, 0.0, 0.0, 0.0, 1.0 ], [ 0.809017, -0.309017, 0.5, 0.0, -0.309017, 0.5, 0.809017, 0.0, -0.5, -0.809017, 0.309017, 0.0, 0.0, 0.0, 0.0, 1.0 ], [ 0.809017, 0.309017, -0.5, 0.0, -0.309017, -0.5, -0.809017, 0.0, -0.5, 0.809017, -0.309017, 0.0, 0.0, 0.0, 0.0, 1.0 ], [ 0.5, -0.809017, 0.309017, 0.0, -0.809017, -0.309017, 0.5, 0.0, -0.309017, -0.5, -0.809017, 0.0, 0.0, 0.0, 0.0, 1.0 ], [ 0.309017, 0.5, 0.809017, 0.0, -0.5, 0.809017, -0.309017, 0.0, -0.809017, -0.309017, 0.5, 0.0, 0.0, 0.0, 0.0, 1.0 ], [ -1.0, 0.0, 0.0, 0.0, 0.0, -1.0, 0.0, 0.0, 0.0, 0.0, 1.0, 0.0, 0.0, 0.0, 0.0, 1.0 ], [ 0.0, 0.0, -1.0, 0.0, -1.0, 0.0, 0.0, 0.0, 0.0, 1.0, 0.0, 0.0, 0.0, 0.0, 0.0, 1.0 ], [ 0.0, -1.0, 0.0, 0.0, 0.0, 0.0, -1.0, 0.0, 1.0, 0.0, 0.0, 0.0, 0.0, 0.0, 0.0, 1.0 ], [ -0.809017, -0.309017, -0.5, 0.0, -0.309017, -0.5, 0.809017, 0.0, -0.5, 0.809017, 0.309017, 0.0, 0.0, 0.0, 0.0, 1.0 ], [ 0.5, -0.809017, -0.309017, 0.0, -0.809017, -0.309017, -0.5, 0.0, 0.309017, 0.5, -0.809017, 0.0, 0.0, 0.0, 0.0, 1.0 ], [ -0.309017, -0.5, 0.809017, 0.0, 0.5, -0.809017, -0.309017, 0.0, 0.809017, 0.309017, 0.5, 0.0, 0.0, 0.0, 0.0, 1.0 ], [ -0.5, -0.809017, -0.309017, 0.0, -0.809017, 0.309017, 0.5, 0.0, -0.309017, 0.5, -0.809017, 0.0, 0.0, 0.0, 0.0, 1.0 ], [ 0.309017, -0.5, 0.809017, 0.0, -0.5, -0.809017, -0.309017, 0.0, 0.809017, -0.309017, -0.5, 0.0, 0.0, 0.0, 0.0, 1.0 ], [ -0.809017, 0.309017, 0.5, 0.0, 0.309017, -0.5, 0.809017, 0.0, 0.5, 0.809017, 0.309017, 0.0, 0.0, 0.0, 0.0, 1.0 ], [ -0.5, -0.809017, 0.309017, 0.0, -0.809017, 0.309017, -0.5, 0.0, 0.309017, -0.5, -0.809017, 0.0, 0.0, 0.0, 0.0, 1.0 ], [ -0.309017, 0.5, 0.809017, 0.0, -0.5, -0.809017, 0.309017, 0.0, 0.809017, -0.309017, 0.5, 0.0, 0.0, 0.0, 0.0, 1.0 ], [ -0.809017, 0.309017, -0.5, 0.0, -0.309017, 0.5, 0.809017, 0.0, 0.5, 0.809017, -0.309017, 0.0, 0.0, 0.0, 0.0, 1.0 ], [ -0.809017, -0.309017, 0.5, 0.0, -0.309017, -0.5, -0.809017, 0.0, 0.5, -0.809017, 0.309017, 0.0, 0.0, 0.0, 0.0, 1.0 ], [ -0.5, 0.809017, -0.309017, 0.0, -0.809017, -0.309017, 0.5, 0.0, 0.309017, 0.5, 0.809017, 0.0, 0.0, 0.0, 0.0, 1.0 ], [ -0.309017, -0.5, -0.809017, 0.0, -0.5, 0.809017, -0.309017, 0.0, 0.809017, 0.309017, -0.5, 0.0, 0.0, 0.0, 0.0, 1.0 ], [ -1.0, 0.0, 0.0, 0.0, 0.0, 1.0, 0.0, 0.0, 0.0, 0.0, -1.0, 0.0, 0.0, 0.0, 0.0, 1.0 ], [ 0.0, 0.0, -1.0, 0.0, 1.0, 0.0, 0.0, 0.0, 0.0, -1.0, 0.0, 0.0, 0.0, 0.0, 0.0, 1.0 ], [ 0.0, -1.0, 0.0, 0.0, 0.0, 0.0, 1.0, 0.0, -1.0, 0.0, 0.0, 0.0, 0.0, 0.0, 0.0, 1.0 ], [ -0.809017, -0.309017, -0.5, 0.0, 0.309017, 0.5, -0.809017, 0.0, 0.5, -0.809017, -0.309017, 0.0, 0.0, 0.0, 0.0, 1.0 ], [ 0.5, -0.809017, -0.309017, 0.0, 0.809017, 0.309017, 0.5, 0.0, -0.309017, -0.5, 0.809017, 0.0, 0.0, 0.0, 0.0, 1.0 ], [ -0.309017, -0.5, 0.809017, 0.0, -0.5, 0.809017, 0.309017, 0.0, -0.809017, -0.309017, -0.5, 0.0, 0.0, 0.0, 0.0, 1.0 ], [ -0.5, -0.809017, -0.309017, 0.0, 0.809017, -0.309017, -0.5, 0.0, 0.309017, -0.5, 0.809017, 0.0, 0.0, 0.0, 0.0, 1.0 ], [ 0.309017, -0.5, 0.809017, 0.0, 0.5, 0.809017, 0.309017, 0.0, -0.809017, 0.309017, 0.5, 0.0, 0.0, 0.0, 0.0, 1.0 ], [ -0.809017, 0.309017, 0.5, 0.0, -0.309017, 0.5, -0.809017, 0.0, -0.5, -0.809017, -0.309017, 0.0, 0.0, 0.0, 0.0, 1.0 ], [ -0.5, -0.809017, 0.309017, 0.0, 0.809017, -0.309017, 0.5, 0.0, -0.309017, 0.5, 0.809017, 0.0, 0.0, 0.0, 0.0, 1.0 ], [ -0.309017, 0.5, 0.809017, 0.0, 0.5, 0.809017, -0.309017, 0.0, -0.809017, 0.309017, -0.5, 0.0, 0.0, 0.0, 0.0, 1.0 ], [ -0.809017, 0.309017, -0.5, 0.0, 0.309017, -0.5, -0.809017, 0.0, -0.5, -0.809017, 0.309017, 0.0, 0.0, 0.0, 0.0, 1.0 ], [ -0.809017, -0.309017, 0.5, 0.0, 0.309017, 0.5, 0.809017, 0.0, -0.5, 0.809017, -0.309017, 0.0, 0.0, 0.0, 0.0, 1.0 ], [ -0.5, 0.809017, -0.309017, 0.0, 0.809017, 0.309017, -0.5, 0.0, -0.309017, -0.5, -0.809017, 0.0, 0.0, 0.0, 0.0, 1.0 ], [ -0.309017, -0.5, -0.809017, 0.0, 0.5, -0.809017, 0.309017, 0.0, -0.809017, -0.309017, 0.5, 0.0, 0.0, 0.0, 0.0, 1.0 ] ],
  "lights" : {
    "ambientColor" : "#292929",
    "backgroundColor" : "#FFFFEA",
    "directionalLights" : [ {
      "direction" : {
        "x" : 1.0,
        "y" : -1.0,
        "z" : -1.0
      },
      "color" : "#EBEBE4"
    }, {
      "direction" : {
        "x" : -1.0,
        "y" : 0.0,
        "z" : 0.0
      },
      "color" : "#E4E4EB"
    }, {
      "direction" : {
        "x" : 0.0,
        "y" : 0.0,
        "z" : -1.0
      },
      "color" : "#1E1E1E"
    } ]
  },
  "camera" : {
    "viewDistance" : 246.87433,
    "nearClipDistance" : 0.6171863,
    "farClipDistance" : 493.74747,
    "lookAtPoint" : {
      "x" : 0.0,
      "y" : 0.0,
      "z" : 0.0
    },
    "fieldOfView" : 0.44262925,
    "perspective" : false,
    "lookDirection" : {
      "x" : 0.1350454,
      "y" : -0.92561483,
      "z" : 0.3535534
    },
    "upDirection" : {
      "x" : 0.0,
      "y" : 0.3568221,
      "z" : 0.93417233
    },
    "width" : 111.093544,
    "stereo" : false,
    "position" : {
      "x" : -33.33924,
      "y" : 228.51054,
      "z" : -87.283264
    }
  },
  "embedding" : [ 1.0, 0.0, 0.0, 0.0, 0.0, 1.0, 0.0, 0.0, 0.0, 0.0, 1.0, 0.0, 0.0, 0.0, 0.0, 1.0 ],
  "shapes" : [ {
    "id" : "8d4496ad-b989-405d-b885-e507f40ac053",
    "vertices" : [ {
      "x" : 0.309017,
      "y" : -0.309017,
      "z" : -0.309017
    }, {
      "x" : 0.5,
      "y" : 0.0,
      "z" : -0.19098301
    }, {
      "x" : 0.5,
      "y" : 0.0,
      "z" : 0.19098301
    }, {
      "x" : 0.309017,
      "y" : -0.309017,
      "z" : 0.309017
    }, {
      "x" : 0.19098301,
      "y" : -0.5,
      "z" : 0.0
    }, {
      "x" : 0.0,
      "y" : 0.19098301,
      "z" : 0.5
    }, {
      "x" : 0.0,
      "y" : -0.19098301,
      "z" : 0.5
    }, {
      "x" : 0.309017,
      "y" : 0.309017,
      "z" : 0.309017
    }, {
      "x" : -0.309017,
      "y" : -0.309017,
      "z" : 0.309017
    }, {
      "x" : -0.309017,
      "y" : 0.309017,
      "z" : 0.309017
    }, {
      "x" : -0.5,
      "y" : 0.0,
      "z" : 0.19098301
    }, {
      "x" : 0.0,
      "y" : -0.19098301,
      "z" : -0.5
    }, {
      "x" : 0.0,
      "y" : 0.19098301,
      "z" : -0.5
    }, {
      "x" : 0.309017,
      "y" : 0.309017,
      "z" : -0.309017
    }, {
      "x" : -0.309017,
      "y" : -0.309017,
      "z" : -0.309017
    }, {
      "x" : -0.19098301,
      "y" : -0.5,
      "z" : 0.0
    }, {
      "x" : -0.5,
      "y" : 0.0,
      "z" : -0.19098301
    }, {
      "x" : 0.19098301,
      "y" : 0.5,
      "z" : 0.0
    }, {
      "x" : -0.309017,
      "y" : 0.309017,
      "z" : -0.309017
    }, {
      "x" : 0.0,
      "y" : 0.0,
      "z" : 0.0
    }, {
      "x" : -0.19098301,
      "y" : 0.5,
      "z" : 0.0
    } ],
    "faces" : [ {
      "vertices" : [ 12, 18, 20 ]
    }, {
      "vertices" : [ 12, 20, 17 ]
    }, {
      "vertices" : [ 12, 17, 13 ]
    }, {
      "vertices" : [ 3, 6, 8 ]
    }, {
      "vertices" : [ 3, 8, 15 ]
    }, {
      "vertices" : [ 3, 15, 4 ]
    }, {
      "vertices" : [ 0, 11, 12 ]
    }, {
      "vertices" : [ 0, 12, 13 ]
    }, {
      "vertices" : [ 0, 13, 1 ]
    }, {
      "vertices" : [ 5, 9, 10 ]
    }, {
      "vertices" : [ 5, 10, 8 ]
    }, {
      "vertices" : [ 5, 8, 6 ]
    }, {
      "vertices" : [ 2, 7, 5 ]
    }, {
      "vertices" : [ 2, 5, 6 ]
    }, {
      "vertices" : [ 2, 6, 3 ]
    }, {
      "vertices" : [ 11, 14, 16 ]
    }, {
      "vertices" : [ 11, 16, 18 ]
    }, {
      "vertices" : [ 11, 18, 12 ]
    }, {
      "vertices" : [ 1, 13, 17 ]
    }, {
      "vertices" : [ 1, 17, 7 ]
    }, {
      "vertices" : [ 1, 7, 2 ]
    }, {
      "vertices" : [ 9, 20, 18 ]
    }, {
      "vertices" : [ 9, 18, 16 ]
    }, {
      "vertices" : [ 9, 16, 10 ]
    }, {
      "vertices" : [ 0, 1, 2 ]
    }, {
      "vertices" : [ 0, 2, 3 ]
    }, {
      "vertices" : [ 0, 3, 4 ]
    }, {
      "vertices" : [ 5, 7, 17 ]
    }, {
      "vertices" : [ 5, 17, 20 ]
    }, {
      "vertices" : [ 5, 20, 9 ]
    }, {
      "vertices" : [ 0, 4, 15 ]
    }, {
      "vertices" : [ 0, 15, 14 ]
    }, {
      "vertices" : [ 0, 14, 11 ]
    }, {
      "vertices" : [ 8, 10, 16 ]
    }, {
      "vertices" : [ 8, 16, 14 ]
    }, {
      "vertices" : [ 8, 14, 15 ]
    } ]
  }, {
    "id" : "8ec3f652-59d4-4c1e-9307-62412e8ec12e",
    "vertices" : [ {
      "x" : -4.236068,
      "y" : 3.36339,
      "z" : -6.5207686
    }, {
      "x" : -8.472136,
      "y" : 10.217492,
      "z" : -3.9027348
    }, {
      "x" : -15.326238,
      "y" : 7.5994577,
      "z" : -8.138803
    }, {
      "x" : -11.09017,
      "y" : 0.74535596,
      "z" : -10.756837
    } ],
    "faces" : [ {
      "vertices" : [ 0, 1, 2 ]
    }, {
      "vertices" : [ 0, 2, 3 ]
    }, {
      "vertices" : [ 0, 3, 2 ]
    }, {
      "vertices" : [ 0, 2, 1 ]
    } ]
  }, {
    "id" : "7388a825-b38f-48c2-992b-4c31d4c58e31",
    "vertices" : [ {
      "x" : -30.034441,
      "y" : -16.45356,
      "z" : -14.659572
    }, {
      "x" : -23.18034,
      "y" : -17.326239,
      "z" : -19.562305
    }, {
      "x" : -18.944271,
      "y" : -24.18034,
      "z" : -22.18034
    }, {
      "x" : -25.798374,
      "y" : -23.307661,
      "z" : -17.277605
    } ],
    "faces" : [ {
      "vertices" : [ 0, 1, 2 ]
    }, {
      "vertices" : [ 0, 2, 3 ]
    }, {
      "vertices" : [ 0, 3, 2 ]
    }, {
      "vertices" : [ 0, 2, 1 ]
    } ]
  }, {
    "id" : "304142be-7e01-49d8-9f86-75b3a6d652cc",
    "vertices" : [ {
      "x" : 2.2129288,
      "y" : 7.188106,
      "z" : 2.2390432
    }, {
      "x" : 2.312929,
      "y" : 7.288106,
      "z" : 1.8390433
    }, {
      "x" : 0.40510514,
      "y" : 0.53867394,
      "z" : 0.04565741
    }, {
      "x" : 0.30510515,
      "y" : 0.43867394,
      "z" : 0.4456574
    }, {
      "x" : 2.6129289,
      "y" : 7.054773,
      "z" : 1.9723766
    }, {
      "x" : 2.512929,
      "y" : 6.9547725,
      "z" : 2.3723767
    }, {
      "x" : 0.005105143,
      "y" : 0.67200726,
      "z" : 0.31232408
    }, {
      "x" : 0.10510514,
      "y" : 0.7720073,
      "z" : -0.08767592
    } ],
    "faces" : [ {
      "vertices" : [ 2, 3, 6 ]
    }, {
      "vertices" : [ 2, 6, 7 ]
    }, {
      "vertices" : [ 0, 5, 4 ]
    }, {
      "vertices" : [ 0, 4, 1 ]
    }, {
      "vertices" : [ 2, 4, 5 ]
    }, {
      "vertices" : [ 2, 5, 3 ]
    }, {
      "vertices" : [ 0, 6, 3 ]
    }, {
      "vertices" : [ 0, 3, 5 ]
    }, {
      "vertices" : [ 0, 1, 7 ]
    }, {
      "vertices" : [ 0, 7, 6 ]
    }, {
      "vertices" : [ 1, 4, 2 ]
    }, {
      "vertices" : [ 1, 2, 7 ]
    } ]
  }, {
    "id" : "4d7826d8-6efa-40e1-aa79-b12a750d14a6",
    "vertices" : [ {
      "x" : 6.854102,
      "y" : -0.872678,
      "z" : -4.9027348
    }, {
      "x" : 13.708204,
      "y" : 1.745356,
      "z" : -0.6666667
    }, {
      "x" : 16.326239,
      "y" : 5.981424,
      "z" : -7.5207686
    }, {
      "x" : 9.472136,
      "y" : 3.36339,
      "z" : -11.756837
    } ],
    "faces" : [ {
      "vertices" : [ 0, 1, 2 ]
    }, {
      "vertices" : [ 0, 2, 3 ]
    }, {
      "vertices" : [ 0, 3, 2 ]
    }, {
      "vertices" : [ 0, 2, 1 ]
    } ]
  }, {
    "id" : "4ceb68b8-4b08-4217-b8d9-db09d844ee27",
    "vertices" : [ {
      "x" : 1.0,
      "y" : 0.309017,
      "z" : 0.19098301
    }, {
      "x" : 1.0,
      "y" : -0.309017,
      "z" : 0.19098301
    }, {
      "x" : 7.472136,
      "y" : -0.309017,
      "z" : 0.19098301
    }, {
      "x" : 7.472136,
      "y" : 0.309017,
      "z" : 0.19098301
    }, {
      "x" : 7.472136,
      "y" : -0.309017,
      "z" : -0.19098301
    }, {
      "x" : 7.472136,
      "y" : 0.309017,
      "z" : -0.19098301
    }, {
      "x" : 8.09017,
      "y" : 0.0,
      "z" : 0.0
    }, {
      "x" : 0.38196602,
      "y" : 0.0,
      "z" : 0.0
    }, {
      "x" : 1.0,
      "y" : 0.309017,
      "z" : -0.19098301
    }, {
      "x" : 1.0,
      "y" : -0.309017,
      "z" : -0.19098301
    }, {
      "x" : 8.472136,
      "y" : 0.0,
      "z" : 0.0
    } ],
    "faces" : [ {
      "vertices" : [ 1, 9, 4 ]
    }, {
      "vertices" : [ 1, 4, 2 ]
    }, {
      "vertices" : [ 0, 3, 5 ]
    }, {
      "vertices" : [ 0, 5, 8 ]
    }, {
      "vertices" : [ 1, 7, 9 ]
    }, {
      "vertices" : [ 0, 1, 2 ]
    }, {
      "vertices" : [ 0, 2, 3 ]
    }, {
      "vertices" : [ 7, 8, 9 ]
    }, {
      "vertices" : [ 0, 7, 1 ]
    }, {
      "vertices" : [ 4, 9, 8 ]
    }, {
      "vertices" : [ 4, 8, 5 ]
    }, {
      "vertices" : [ 2, 6, 3 ]
    }, {
      "vertices" : [ 2, 4, 6 ]
    }, {
      "vertices" : [ 3, 6, 5 ]
    }, {
      "vertices" : [ 4, 5, 6 ]
    }, {
      "vertices" : [ 0, 8, 7 ]
    } ]
  }, {
    "id" : "5d910afb-2088-4f33-8c15-b62a0b015944",
    "vertices" : [ {
      "x" : 1.618034,
      "y" : -18.071594,
      "z" : -14.041537
    }, {
      "x" : 5.854102,
      "y" : -24.925695,
      "z" : -16.65957
    }, {
      "x" : 3.236068,
      "y" : -32.652477,
      "z" : -18.944271
    }, {
      "x" : -1.0,
      "y" : -25.798374,
      "z" : -16.326239
    } ],
    "faces" : [ {
      "vertices" : [ 0, 1, 2 ]
    }, {
      "vertices" : [ 0, 2, 3 ]
    }, {
      "vertices" : [ 0, 3, 2 ]
    }, {
      "vertices" : [ 0, 2, 1 ]
    } ]
  }, {
    "id" : "1bc44354-7782-4e32-b3c4-82efa8193ffe",
    "vertices" : [ {
      "x" : 5.236068,
      "y" : 11.962848,
      "z" : -4.5694013
    }, {
      "x" : 12.09017,
      "y" : 11.09017,
      "z" : -9.472136
    }, {
      "x" : 18.944271,
      "y" : 13.708204,
      "z" : -5.236068
    }, {
      "x" : 12.09017,
      "y" : 14.580882,
      "z" : -0.33333334
    } ],
    "faces" : [ {
      "vertices" : [ 0, 1, 2 ]
    }, {
      "vertices" : [ 0, 2, 3 ]
    }, {
      "vertices" : [ 0, 3, 2 ]
    }, {
      "vertices" : [ 0, 2, 1 ]
    } ]
  }, {
    "id" : "01175ec5-dd20-48ac-92a0-1bfaaa2c783c",
    "vertices" : [ {
      "x" : -5.236068,
      "y" : -17.198915,
      "z" : -9.138803
    }, {
      "x" : -9.472136,
      "y" : -13.8355255,
      "z" : -15.659572
    }, {
      "x" : -2.618034,
      "y" : -14.708204,
      "z" : -20.562305
    }, {
      "x" : 1.618034,
      "y" : -18.071594,
      "z" : -14.041537
    } ],
    "faces" : [ {
      "vertices" : [ 0, 1, 2 ]
    }, {
      "vertices" : [ 0, 2, 3 ]
    }, {
      "vertices" : [ 0, 3, 2 ]
    }, {
      "vertices" : [ 0, 2, 1 ]
    } ]
  }, {
    "id" : "e8b1b43f-dd4e-4fc9-b7b6-59bc7eaa8ce7",
    "vertices" : [ {
      "x" : 0.0,
      "y" : 10.472136,
      "z" : 27.416409
    }, {
      "x" : -2.618034,
      "y" : 2.745356,
      "z" : 25.131708
    }, {
      "x" : 1.618034,
      "y" : -4.108746,
      "z" : 22.513674
    }, {
      "x" : 4.236068,
      "y" : 3.618034,
      "z" : 24.798374
    } ],
    "faces" : [ {
      "vertices" : [ 0, 1, 2 ]
    }, {
      "vertices" : [ 0, 2, 3 ]
    }, {
      "vertices" : [ 0, 3, 2 ]
    }, {
      "vertices" : [ 0, 2, 1 ]
    } ]
  }, {
    "id" : "b96bce28-6228-4ecc-ae17-17187005c3da",
    "vertices" : [ {
      "x" : 12.09017,
      "y" : 11.09017,
      "z" : -9.472136
    }, {
      "x" : 7.854102,
      "y" : 14.45356,
      "z" : -15.992905
    }, {
      "x" : 5.236068,
      "y" : 6.72678,
      "z" : -18.277605
    }, {
      "x" : 9.472136,
      "y" : 3.36339,
      "z" : -11.756837
    } ],
    "faces" : [ {
      "vertices" : [ 0, 1, 2 ]
    }, {
      "vertices" : [ 0, 2, 3 ]
    }, {
      "vertices" : [ 0, 3, 2 ]
    }, {
      "vertices" : [ 0, 2, 1 ]
    } ]
  }, {
    "id" : "97ec35f2-3d51-4db0-9a7f-f248a76fb396",
    "vertices" : [ {
      "x" : 0.618034,
      "y" : -29.90712,
      "z" : 6.187435
    }, {
      "x" : -6.236068,
      "y" : -32.525154,
      "z" : 1.9513674
    }, {
      "x" : -2.0,
      "y" : -39.379257,
      "z" : -0.6666667
    }, {
      "x" : 4.854102,
      "y" : -36.761223,
      "z" : 3.5694013
    } ],
    "faces" : [ {
      "vertices" : [ 0, 1, 2 ]
    }, {
      "vertices" : [ 0, 2, 3 ]
    }, {
      "vertices" : [ 0, 3, 2 ]
    }, {
      "vertices" : [ 0, 2, 1 ]
    } ]
  }, {
    "id" : "0fe33df3-9a80-44c5-ae24-ce4fb74e24ac",
    "vertices" : [ {
      "x" : 20.562305,
      "y" : -0.872678,
      "z" : -10.138803
    }, {
      "x" : 13.708204,
      "y" : -3.490712,
      "z" : -14.37487
    }, {
      "x" : 20.562305,
      "y" : -4.36339,
      "z" : -19.277605
    }, {
      "x" : 27.416409,
      "y" : -1.745356,
      "z" : -15.041537
    } ],
    "faces" : [ {
      "vertices" : [ 0, 1, 2 ]
    }, {
      "vertices" : [ 0, 2, 3 ]
    }, {
      "vertices" : [ 0, 3, 2 ]
    }, {
      "vertices" : [ 0, 2, 1 ]
    } ]
  }, {
    "id" : "e79771de-7351-429a-99d8-fea99d05b7f0",
    "vertices" : [ {
      "x" : 0.0,
      "y" : 0.0,
      "z" : 0.0
    }, {
      "x" : 6.854102,
      "y" : 2.618034,
      "z" : 4.236068
    }, {
      "x" : 13.708204,
      "y" : 1.745356,
      "z" : -0.6666667
    }, {
      "x" : 6.854102,
      "y" : -0.872678,
      "z" : -4.9027348
    } ],
    "faces" : [ {
      "vertices" : [ 0, 1, 2 ]
    }, {
      "vertices" : [ 0, 2, 3 ]
    }, {
      "vertices" : [ 0, 3, 2 ]
    }, {
      "vertices" : [ 0, 2, 1 ]
    } ]
  }, {
    "id" : "e761a539-2ac5-4368-8d6f-9c7f1b294248",
    "vertices" : [ {
      "x" : -17.326239,
      "y" : -31.779799,
      "z" : -8.8054695
    }, {
      "x" : -21.562305,
      "y" : -28.416409,
      "z" : -15.326238
    }, {
      "x" : -18.944271,
      "y" : -24.18034,
      "z" : -22.18034
    }, {
      "x" : -14.708204,
      "y" : -27.54373,
      "z" : -15.659572
    } ],
    "faces" : [ {
      "vertices" : [ 0, 1, 2 ]
    }, {
      "vertices" : [ 0, 2, 3 ]
    }, {
      "vertices" : [ 0, 3, 2 ]
    }, {
      "vertices" : [ 0, 2, 1 ]
    } ]
  }, {
    "id" : "d15a3666-11a3-408e-bb2c-2d53279ada0f",
    "vertices" : [ {
      "x" : 3.618034,
      "y" : 21.307661,
      "z" : -13.37487
    }, {
      "x" : 7.854102,
      "y" : 14.45356,
      "z" : -15.992905
    }, {
      "x" : 10.472136,
      "y" : 18.689629,
      "z" : -22.847006
    }, {
      "x" : 6.236068,
      "y" : 25.54373,
      "z" : -20.228973
    } ],
    "faces" : [ {
      "vertices" : [ 0, 1, 2 ]
    }, {
      "vertices" : [ 0, 2, 3 ]
    }, {
      "vertices" : [ 0, 3, 2 ]
    }, {
      "vertices" : [ 0, 2, 1 ]
    } ]
  }, {
    "id" : "6c3a0700-17b0-482c-8527-c107976f32de",
    "vertices" : [ {
      "x" : 8.472136,
      "y" : -15.45356,
      "z" : -9.8054695
    }, {
      "x" : 1.618034,
      "y" : -18.071594,
      "z" : -14.041537
    }, {
      "x" : 4.236068,
      "y" : -13.8355255,
      "z" : -20.89564
    }, {
      "x" : 11.09017,
      "y" : -11.217492,
      "z" : -16.65957
    } ],
    "faces" : [ {
      "vertices" : [ 0, 1, 2 ]
    }, {
      "vertices" : [ 0, 2, 3 ]
    }, {
      "vertices" : [ 0, 3, 2 ]
    }, {
      "vertices" : [ 0, 2, 1 ]
    } ]
  }, {
    "id" : "9dbfb104-f9fb-4ae2-8c1f-93baf700c662",
    "vertices" : [ {
      "x" : 20.562305,
      "y" : -4.36339,
      "z" : -19.277605
    }, {
      "x" : 16.326239,
      "y" : -1.0,
      "z" : -25.798374
    }, {
      "x" : 18.944271,
      "y" : 3.236068,
      "z" : -32.652477
    }, {
      "x" : 23.18034,
      "y" : -0.127322,
      "z" : -26.131708
    } ],
    "faces" : [ {
      "vertices" : [ 0, 1, 2 ]
    }, {
      "vertices" : [ 0, 2, 3 ]
    }, {
      "vertices" : [ 0, 3, 2 ]
    }, {
      "vertices" : [ 0, 2, 1 ]
    } ]
  }, {
    "id" : "bcafe838-d21f-4c96-93ac-59bcddd60a6c",
    "vertices" : [ {
      "x" : -1.618034,
      "y" : 14.580882,
      "z" : 4.9027348
    }, {
      "x" : 1.0,
      "y" : 18.81695,
      "z" : -1.9513674
    }, {
      "x" : -3.236068,
      "y" : 22.18034,
      "z" : -8.472136
    }, {
      "x" : -5.854102,
      "y" : 17.944271,
      "z" : -1.618034
    } ],
    "faces" : [ {
      "vertices" : [ 0, 1, 2 ]
    }, {
      "vertices" : [ 0, 2, 3 ]
    }, {
      "vertices" : [ 0, 3, 2 ]
    }, {
      "vertices" : [ 0, 2, 1 ]
    } ]
  }, {
    "id" : "c2bb35fd-9ed1-4731-aa50-ce4c0d0fe7a5",
    "vertices" : [ {
      "x" : 0.0,
      "y" : 0.0,
      "z" : 0.0
    }, {
      "x" : -6.854102,
      "y" : -2.618034,
      "z" : -4.236068
    }, {
      "x" : -9.472136,
      "y" : -10.344814,
      "z" : -6.5207686
    }, {
      "x" : -2.618034,
      "y" : -7.72678,
      "z" : -2.2847006
    } ],
    "faces" : [ {
      "vertices" : [ 0, 1, 2 ]
    }, {
      "vertices" : [ 0, 2, 3 ]
    }, {
      "vertices" : [ 0, 3, 2 ]
    }, {
      "vertices" : [ 0, 2, 1 ]
    } ]
  }, {
    "id" : "eb559310-4cce-4837-a7d4-28343fa7e6da",
    "vertices" : [ {
      "x" : 6.854102,
      "y" : 9.599458,
      "z" : 22.513674
    }, {
      "x" : 11.09017,
      "y" : 2.745356,
      "z" : 19.89564
    }, {
      "x" : 13.708204,
      "y" : 6.981424,
      "z" : 13.041537
    }, {
      "x" : 9.472136,
      "y" : 13.8355255,
      "z" : 15.659572
    } ],
    "faces" : [ {
      "vertices" : [ 0, 1, 2 ]
    }, {
      "vertices" : [ 0, 2, 3 ]
    }, {
      "vertices" : [ 0, 3, 2 ]
    }, {
      "vertices" : [ 0, 2, 1 ]
    } ]
  }, {
    "id" : "5cdd28f2-eb76-43cc-aa8f-c5710c015d21",
    "vertices" : [ {
      "x" : 13.708204,
      "y" : 1.745356,
      "z" : -0.6666667
    }, {
      "x" : 17.944271,
      "y" : -1.618034,
      "z" : 5.854102
    }, {
      "x" : 22.18034,
      "y" : -8.472136,
      "z" : 3.236068
    }, {
      "x" : 17.944271,
      "y" : -5.108746,
      "z" : -3.2847006
    } ],
    "faces" : [ {
      "vertices" : [ 0, 1, 2 ]
    }, {
      "vertices" : [ 0, 2, 3 ]
    }, {
      "vertices" : [ 0, 3, 2 ]
    }, {
      "vertices" : [ 0, 2, 1 ]
    } ]
  }, {
    "id" : "f18544f2-ae6b-4cd4-b398-887ad4f1c084",
    "vertices" : [ {
      "x" : -4.854102,
      "y" : 29.779799,
      "z" : -21.847006
    }, {
      "x" : 2.0,
      "y" : 28.90712,
      "z" : -26.74974
    }, {
      "x" : -4.854102,
      "y" : 26.289085,
      "z" : -30.98581
    }, {
      "x" : -11.708204,
      "y" : 27.161764,
      "z" : -26.083075
    } ],
    "faces" : [ {
      "vertices" : [ 0, 1, 2 ]
    }, {
      "vertices" : [ 0, 2, 3 ]
    }, {
      "vertices" : [ 0, 3, 2 ]
    }, {
      "vertices" : [ 0, 2, 1 ]
    } ]
  }, {
    "id" : "4e640e8a-6b78-46ad-a5eb-94d2bd4e0825",
    "vertices" : [ {
      "x" : -3.236068,
      "y" : 22.18034,
      "z" : -8.472136
    }, {
      "x" : -7.472136,
      "y" : 25.54373,
      "z" : -14.992905
    }, {
      "x" : -14.326238,
      "y" : 22.925695,
      "z" : -19.228973
    }, {
      "x" : -10.09017,
      "y" : 19.562305,
      "z" : -12.708204
    } ],
    "faces" : [ {
      "vertices" : [ 0, 1, 2 ]
    }, {
      "vertices" : [ 0, 2, 3 ]
    }, {
      "vertices" : [ 0, 3, 2 ]
    }, {
      "vertices" : [ 0, 2, 1 ]
    } ]
  }, {
    "id" : "f63e2abd-1fbc-4932-9a8b-5dda9c86a361",
    "vertices" : [ {
      "x" : 22.18034,
      "y" : -8.472136,
      "z" : 3.236068
    }, {
      "x" : 15.326238,
      "y" : -11.09017,
      "z" : -1.0
    }, {
      "x" : 12.708204,
      "y" : -18.81695,
      "z" : -3.2847006
    }, {
      "x" : 19.562305,
      "y" : -16.198915,
      "z" : 0.9513673
    } ],
    "faces" : [ {
      "vertices" : [ 0, 1, 2 ]
    }, {
      "vertices" : [ 0, 2, 3 ]
    }, {
      "vertices" : [ 0, 3, 2 ]
    }, {
      "vertices" : [ 0, 2, 1 ]
    } ]
  }, {
    "id" : "e24aa4a7-195b-4063-8580-040e11bcfd0e",
    "vertices" : [ {
      "x" : -1.618034,
      "y" : 14.580882,
      "z" : 4.9027348
    }, {
      "x" : 2.618034,
      "y" : 7.72678,
      "z" : 2.2847006
    }, {
      "x" : 0.0,
      "y" : 0.0,
      "z" : 0.0
    }, {
      "x" : -4.236068,
      "y" : 6.854102,
      "z" : 2.618034
    } ],
    "faces" : [ {
      "vertices" : [ 0, 1, 2 ]
    }, {
      "vertices" : [ 0, 2, 3 ]
    }, {
      "vertices" : [ 0, 3, 2 ]
    }, {
      "vertices" : [ 0, 2, 1 ]
    } ]
  }, {
    "id" : "ceffbf68-0109-469d-a5bb-0870fdd384f4",
    "vertices" : [ {
      "x" : -6.854102,
      "y" : -2.618034,
      "z" : -4.236068
    }, {
      "x" : -11.09017,
      "y" : 0.74535596,
      "z" : -10.756837
    }, {
      "x" : -13.708204,
      "y" : -6.981424,
      "z" : -13.041537
    }, {
      "x" : -9.472136,
      "y" : -10.344814,
      "z" : -6.5207686
    } ],
    "faces" : [ {
      "vertices" : [ 0, 1, 2 ]
    }, {
      "vertices" : [ 0, 2, 3 ]
    }, {
      "vertices" : [ 0, 3, 2 ]
    }, {
      "vertices" : [ 0, 2, 1 ]
    } ]
  }, {
    "id" : "4abdba83-030d-4fb3-8bf2-4b00e9d64ad8",
    "vertices" : [ {
      "x" : 14.708204,
      "y" : 17.071594,
      "z" : -11.756837
    }, {
      "x" : 17.326239,
      "y" : 21.307661,
      "z" : -18.610939
    }, {
      "x" : 10.472136,
      "y" : 18.689629,
      "z" : -22.847006
    }, {
      "x" : 7.854102,
      "y" : 14.45356,
      "z" : -15.992905
    } ],
    "faces" : [ {
      "vertices" : [ 0, 1, 2 ]
    }, {
      "vertices" : [ 0, 2, 3 ]
    }, {
      "vertices" : [ 0, 3, 2 ]
    }, {
      "vertices" : [ 0, 2, 1 ]
    } ]
  }, {
    "id" : "f5016982-fd77-4ff4-b54e-7f304426d12f",
    "vertices" : [ {
      "x" : -7.472136,
      "y" : 25.54373,
      "z" : -14.992905
    }, {
      "x" : -4.854102,
      "y" : 29.779799,
      "z" : -21.847006
    }, {
      "x" : -11.708204,
      "y" : 27.161764,
      "z" : -26.083075
    }, {
      "x" : -14.326238,
      "y" : 22.925695,
      "z" : -19.228973
    } ],
    "faces" : [ {
      "vertices" : [ 0, 1, 2 ]
    }, {
      "vertices" : [ 0, 2, 3 ]
    }, {
      "vertices" : [ 0, 3, 2 ]
    }, {
      "vertices" : [ 0, 2, 1 ]
    } ]
  }, {
    "id" : "5fadd433-3c6b-4ce7-974b-cf4f6474f6bb",
    "vertices" : [ {
      "x" : 8.472136,
      "y" : -15.45356,
      "z" : -9.8054695
    }, {
      "x" : 11.09017,
      "y" : -11.217492,
      "z" : -16.65957
    }, {
      "x" : 15.326238,
      "y" : -18.071594,
      "z" : -19.277605
    }, {
      "x" : 12.708204,
      "y" : -22.307661,
      "z" : -12.423503
    } ],
    "faces" : [ {
      "vertices" : [ 0, 1, 2 ]
    }, {
      "vertices" : [ 0, 2, 3 ]
    }, {
      "vertices" : [ 0, 3, 2 ]
    }, {
      "vertices" : [ 0, 2, 1 ]
    } ]
  }, {
    "id" : "fed0683e-2315-4d30-8d4b-81b3d6fae0dc",
    "vertices" : [ {
      "x" : -10.472136,
      "y" : -29.161764,
      "z" : -4.5694013
    }, {
      "x" : -17.326239,
      "y" : -31.779799,
      "z" : -8.8054695
    }, {
      "x" : -14.708204,
      "y" : -27.54373,
      "z" : -15.659572
    }, {
      "x" : -7.854102,
      "y" : -24.925695,
      "z" : -11.423503
    } ],
    "faces" : [ {
      "vertices" : [ 0, 1, 2 ]
    }, {
      "vertices" : [ 0, 2, 3 ]
    }, {
      "vertices" : [ 0, 3, 2 ]
    }, {
      "vertices" : [ 0, 2, 1 ]
    } ]
  }, {
    "id" : "6d9effe2-9fca-494b-9e16-8a7817c55c1c",
    "vertices" : [ {
      "x" : -2.618034,
      "y" : -7.72678,
      "z" : -2.2847006
    }, {
      "x" : -5.236068,
      "y" : -11.962848,
      "z" : 4.5694013
    }, {
      "x" : -1.0,
      "y" : -18.81695,
      "z" : 1.9513674
    }, {
      "x" : 1.618034,
      "y" : -14.580882,
      "z" : -4.9027348
    } ],
    "faces" : [ {
      "vertices" : [ 0, 1, 2 ]
    }, {
      "vertices" : [ 0, 2, 3 ]
    }, {
      "vertices" : [ 0, 3, 2 ]
    }, {
      "vertices" : [ 0, 2, 1 ]
    } ]
  }, {
    "id" : "9531f122-fd5b-4990-8240-2492e75b8928",
    "vertices" : [ {
      "x" : -28.416409,
      "y" : -24.053019,
      "z" : -1.2847006
    }, {
      "x" : -32.652477,
      "y" : -20.689629,
      "z" : -7.8054695
    }, {
      "x" : -28.416409,
      "y" : -27.54373,
      "z" : -10.423503
    }, {
      "x" : -24.18034,
      "y" : -30.90712,
      "z" : -3.9027348
    } ],
    "faces" : [ {
      "vertices" : [ 0, 1, 2 ]
    }, {
      "vertices" : [ 0, 2, 3 ]
    }, {
      "vertices" : [ 0, 3, 2 ]
    }, {
      "vertices" : [ 0, 2, 1 ]
    } ]
  }, {
    "id" : "08c099aa-4e16-4f50-a4d1-1d87e3b51e19",
    "vertices" : [ {
      "x" : -6.236068,
      "y" : -36.015865,
      "z" : -7.187435
    }, {
      "x" : -3.618034,
      "y" : -31.779799,
      "z" : -14.041537
    }, {
      "x" : 3.236068,
      "y" : -32.652477,
      "z" : -18.944271
    }, {
      "x" : 0.618034,
      "y" : -36.888542,
      "z" : -12.09017
    } ],
    "faces" : [ {
      "vertices" : [ 0, 1, 2 ]
    }, {
      "vertices" : [ 0, 2, 3 ]
    }, {
      "vertices" : [ 0, 3, 2 ]
    }, {
      "vertices" : [ 0, 2, 1 ]
    } ]
  }, {
    "id" : "caf994a0-304f-4a20-beb2-315d23fa3013",
    "vertices" : [ {
      "x" : -3.236068,
      "y" : 22.18034,
      "z" : -8.472136
    }, {
      "x" : -0.618034,
      "y" : 26.416409,
      "z" : -15.326238
    }, {
      "x" : -4.854102,
      "y" : 29.779799,
      "z" : -21.847006
    }, {
      "x" : -7.472136,
      "y" : 25.54373,
      "z" : -14.992905
    } ],
    "faces" : [ {
      "vertices" : [ 0, 1, 2 ]
    }, {
      "vertices" : [ 0, 2, 3 ]
    }, {
      "vertices" : [ 0, 3, 2 ]
    }, {
      "vertices" : [ 0, 2, 1 ]
    } ]
  }, {
    "id" : "31a67e7d-43bb-4015-a135-421c28fc18f2",
    "vertices" : [ {
      "x" : 7.854102,
      "y" : 10.962848,
      "z" : -25.131708
    }, {
      "x" : 14.708204,
      "y" : 10.09017,
      "z" : -30.034441
    }, {
      "x" : 18.944271,
      "y" : 3.236068,
      "z" : -32.652477
    }, {
      "x" : 12.09017,
      "y" : 4.108746,
      "z" : -27.74974
    } ],
    "faces" : [ {
      "vertices" : [ 0, 1, 2 ]
    }, {
      "vertices" : [ 0, 2, 3 ]
    }, {
      "vertices" : [ 0, 3, 2 ]
    }, {
      "vertices" : [ 0, 2, 1 ]
    } ]
  }, {
    "id" : "42b7b165-4c4b-4468-9d83-870ca3310f46",
    "vertices" : [ {
      "x" : 7.854102,
      "y" : 10.962848,
      "z" : -25.131708
    }, {
      "x" : 1.0,
      "y" : 8.344814,
      "z" : -29.367775
    }, {
      "x" : -3.236068,
      "y" : 11.708204,
      "z" : -35.888542
    }, {
      "x" : 3.618034,
      "y" : 14.326238,
      "z" : -31.652475
    } ],
    "faces" : [ {
      "vertices" : [ 0, 1, 2 ]
    }, {
      "vertices" : [ 0, 2, 3 ]
    }, {
      "vertices" : [ 0, 3, 2 ]
    }, {
      "vertices" : [ 0, 2, 1 ]
    } ]
  }, {
    "id" : "33b4ea7a-856f-47c3-a179-ee22cfc2e71a",
    "vertices" : [ {
      "x" : -8.472136,
      "y" : 4.981424,
      "z" : -17.610939
    }, {
      "x" : -1.618034,
      "y" : 4.108746,
      "z" : -22.513674
    }, {
      "x" : -4.236068,
      "y" : -3.618034,
      "z" : -24.798374
    }, {
      "x" : -11.09017,
      "y" : -2.745356,
      "z" : -19.89564
    } ],
    "faces" : [ {
      "vertices" : [ 0, 1, 2 ]
    }, {
      "vertices" : [ 0, 2, 3 ]
    }, {
      "vertices" : [ 0, 3, 2 ]
    }, {
      "vertices" : [ 0, 2, 1 ]
    } ]
  }, {
    "id" : "b6f8a2d7-a361-4f2c-a8eb-71a0ccbdf8fe",
    "vertices" : [ {
      "x" : 22.18034,
      "y" : -8.472136,
      "z" : 3.236068
    }, {
      "x" : 19.562305,
      "y" : -16.198915,
      "z" : 0.9513673
    }, {
      "x" : 23.798374,
      "y" : -23.053019,
      "z" : -1.6666666
    }, {
      "x" : 26.416409,
      "y" : -15.326238,
      "z" : 0.618034
    } ],
    "faces" : [ {
      "vertices" : [ 0, 1, 2 ]
    }, {
      "vertices" : [ 0, 2, 3 ]
    }, {
      "vertices" : [ 0, 3, 2 ]
    }, {
      "vertices" : [ 0, 2, 1 ]
    } ]
  }, {
    "id" : "9ea2c889-289c-4972-8f63-b7add0373b91",
    "vertices" : [ {
      "x" : -22.18034,
      "y" : 8.472136,
      "z" : -3.236068
    }, {
      "x" : -26.416409,
      "y" : 11.8355255,
      "z" : -9.756837
    }, {
      "x" : -33.27051,
      "y" : 9.217492,
      "z" : -13.992905
    }, {
      "x" : -29.034441,
      "y" : 5.854102,
      "z" : -7.472136
    } ],
    "faces" : [ {
      "vertices" : [ 0, 1, 2 ]
    }, {
      "vertices" : [ 0, 2, 3 ]
    }, {
      "vertices" : [ 0, 3, 2 ]
    }, {
      "vertices" : [ 0, 2, 1 ]
    } ]
  }, {
    "id" : "47aa393a-4594-419f-9eb4-d555d51abdc1",
    "vertices" : [ {
      "x" : 16.944271,
      "y" : -25.671051,
      "z" : -5.9027348
    }, {
      "x" : 12.708204,
      "y" : -22.307661,
      "z" : -12.423503
    }, {
      "x" : 19.562305,
      "y" : -23.18034,
      "z" : -17.326239
    }, {
      "x" : 23.798374,
      "y" : -26.54373,
      "z" : -10.8054695
    } ],
    "faces" : [ {
      "vertices" : [ 0, 1, 2 ]
    }, {
      "vertices" : [ 0, 2, 3 ]
    }, {
      "vertices" : [ 0, 3, 2 ]
    }, {
      "vertices" : [ 0, 2, 1 ]
    } ]
  }, {
    "id" : "9acf537f-7309-4c02-b895-9266d5e8c6ef",
    "vertices" : [ {
      "x" : -11.09017,
      "y" : 7.72678,
      "z" : 7.5207686
    }, {
      "x" : -4.236068,
      "y" : 6.854102,
      "z" : 2.618034
    }, {
      "x" : 0.0,
      "y" : 0.0,
      "z" : 0.0
    }, {
      "x" : -6.854102,
      "y" : 0.872678,
      "z" : 4.9027348
    } ],
    "faces" : [ {
      "vertices" : [ 0, 1, 2 ]
    }, {
      "vertices" : [ 0, 2, 3 ]
    }, {
      "vertices" : [ 0, 3, 2 ]
    }, {
      "vertices" : [ 0, 2, 1 ]
    } ]
  }, {
    "id" : "692dfd06-483e-430d-90f2-9820343f33d7",
    "vertices" : [ {
      "x" : -5.236068,
      "y" : -17.198915,
      "z" : -9.138803
    }, {
      "x" : 1.618034,
      "y" : -18.071594,
      "z" : -14.041537
    }, {
      "x" : -1.0,
      "y" : -25.798374,
      "z" : -16.326239
    }, {
      "x" : -7.854102,
      "y" : -24.925695,
      "z" : -11.423503
    } ],
    "faces" : [ {
      "vertices" : [ 0, 1, 2 ]
    }, {
      "vertices" : [ 0, 2, 3 ]
    }, {
      "vertices" : [ 0, 3, 2 ]
    }, {
      "vertices" : [ 0, 2, 1 ]
    } ]
  }, {
    "id" : "8049bac2-354b-445b-a258-29c4a76ce63a",
    "vertices" : [ {
      "x" : 30.652475,
      "y" : -23.925695,
      "z" : -6.5694013
    }, {
      "x" : 23.798374,
      "y" : -26.54373,
      "z" : -10.8054695
    }, {
      "x" : 26.416409,
      "y" : -22.307661,
      "z" : -17.65957
    }, {
      "x" : 33.27051,
      "y" : -19.689629,
      "z" : -13.423503
    } ],
    "faces" : [ {
      "vertices" : [ 0, 1, 2 ]
    }, {
      "vertices" : [ 0, 2, 3 ]
    }, {
      "vertices" : [ 0, 3, 2 ]
    }, {
      "vertices" : [ 0, 2, 1 ]
    } ]
  }, {
    "id" : "f47c6092-0127-478c-9d07-b4a7ca064670",
    "vertices" : [ {
      "x" : -5.854102,
      "y" : 14.45356,
      "z" : -10.756837
    }, {
      "x" : -12.708204,
      "y" : 11.8355255,
      "z" : -14.992905
    }, {
      "x" : -8.472136,
      "y" : 4.981424,
      "z" : -17.610939
    }, {
      "x" : -1.618034,
      "y" : 7.5994577,
      "z" : -13.37487
    } ],
    "faces" : [ {
      "vertices" : [ 0, 1, 2 ]
    }, {
      "vertices" : [ 0, 2, 3 ]
    }, {
      "vertices" : [ 0, 3, 2 ]
    }, {
      "vertices" : [ 0, 2, 1 ]
    } ]
  }, {
    "id" : "6b3ddf3d-9cd9-4609-bea5-eaf03bb4afca",
    "vertices" : [ {
      "x" : 3.236068,
      "y" : -22.18034,
      "z" : 8.472136
    }, {
      "x" : -3.618034,
      "y" : -24.798374,
      "z" : 4.236068
    }, {
      "x" : -6.236068,
      "y" : -32.525154,
      "z" : 1.9513674
    }, {
      "x" : 0.618034,
      "y" : -29.90712,
      "z" : 6.187435
    } ],
    "faces" : [ {
      "vertices" : [ 0, 1, 2 ]
    }, {
      "vertices" : [ 0, 2, 3 ]
    }, {
      "vertices" : [ 0, 3, 2 ]
    }, {
      "vertices" : [ 0, 2, 1 ]
    } ]
  }, {
    "id" : "ad37b27a-dd68-4f9e-a50b-bb1aa5927c9d",
    "vertices" : [ {
      "x" : 11.09017,
      "y" : -11.217492,
      "z" : -16.65957
    }, {
      "x" : 17.944271,
      "y" : -12.09017,
      "z" : -21.562305
    }, {
      "x" : 22.18034,
      "y" : -18.944271,
      "z" : -24.18034
    }, {
      "x" : 15.326238,
      "y" : -18.071594,
      "z" : -19.277605
    } ],
    "faces" : [ {
      "vertices" : [ 0, 1, 2 ]
    }, {
      "vertices" : [ 0, 2, 3 ]
    }, {
      "vertices" : [ 0, 3, 2 ]
    }, {
      "vertices" : [ 0, 2, 1 ]
    } ]
  }, {
    "id" : "49b4bc6e-e284-46d0-a82a-b958fce0f3c5",
    "vertices" : [ {
      "x" : 1.618034,
      "y" : -14.580882,
      "z" : -4.9027348
    }, {
      "x" : -5.236068,
      "y" : -17.198915,
      "z" : -9.138803
    }, {
      "x" : 1.618034,
      "y" : -18.071594,
      "z" : -14.041537
    }, {
      "x" : 8.472136,
      "y" : -15.45356,
      "z" : -9.8054695
    } ],
    "faces" : [ {
      "vertices" : [ 0, 1, 2 ]
    }, {
      "vertices" : [ 0, 2, 3 ]
    }, {
      "vertices" : [ 0, 3, 2 ]
    }, {
      "vertices" : [ 0, 2, 1 ]
    } ]
  }, {
    "id" : "1f5dd6c1-e558-4c72-8186-0a7854299714",
    "vertices" : [ {
      "x" : -7.854102,
      "y" : -24.925695,
      "z" : -11.423503
    }, {
      "x" : -1.0,
      "y" : -25.798374,
      "z" : -16.326239
    }, {
      "x" : 3.236068,
      "y" : -32.652477,
      "z" : -18.944271
    }, {
      "x" : -3.618034,
      "y" : -31.779799,
      "z" : -14.041537
    } ],
    "faces" : [ {
      "vertices" : [ 0, 1, 2 ]
    }, {
      "vertices" : [ 0, 2, 3 ]
    }, {
      "vertices" : [ 0, 3, 2 ]
    }, {
      "vertices" : [ 0, 2, 1 ]
    } ]
  }, {
    "id" : "e063062a-248f-496b-a3a2-e75220c3bfcf",
    "vertices" : [ {
      "x" : -33.27051,
      "y" : 5.72678,
      "z" : -23.131708
    }, {
      "x" : -26.416409,
      "y" : 4.854102,
      "z" : -28.034441
    }, {
      "x" : -22.18034,
      "y" : -2.0,
      "z" : -30.652475
    }, {
      "x" : -29.034441,
