{
  "field" : "sqrtPhi",
  "symmetry" : "icosahedral",
  "orientations" : [ [ 1.0, 0.0, 0.0, 0.0, 0.0, 1.0, 0.0, 0.0, 0.0, 0.0, 1.0, 0.0, 0.0, 0.0, 0.0, 1.0 ], [ 0.0, 0.0, 1.0, 0.0, 1.0, 0.0, 0.0, 0.0, 0.0, 1.0, 0.0, 0.0, 0.0, 0.0, 0.0, 1.0 ], [ 0.0, 1.0, 0.0, 0.0, 0.0, 0.0, 1.0, 0.0, 1.0, 0.0, 0.0, 0.0, 0.0, 0.0, 0.0, 1.0 ], [ 0.809017, 0.309017, 0.5, 0.0, 0.309017, 0.5, -0.809017, 0.0, -0.5, 0.809017, 0.309017, 0.0, 0.0, 0.0, 0.0, 1.0 ], [ -0.5, 0.809017, 0.309017, 0.0, 0.809017, 0.309017, 0.5, 0.0, 0.309017, 0.5, -0.809017, 0.0, 0.0, 0.0, 0.0, 1.0 ], [ 0.309017, 0.5, -0.809017, 0.0, -0.5, 0.809017, 0.309017, 0.0, 0.809017, 0.309017, 0.5, 0.0, 0.0, 0.0, 0.0, 1.0 ], [ 0.5, 0.809017, 0.309017, 0.0, 0.809017, -0.309017, -0.5, 0.0, -0.309017, 0.5, -0.809017, 0.0, 0.0, 0.0, 0.0, 1.0 ], [ -0.309017, 0.5, -0.809017, 0.0, 0.5, 0.809017, 0.309017, 0.0, 0.809017, -0.309017, -0.5, 0.0, 0.0, 0.0, 0.0, 1.0 ], [ 0.809017, -0.309017, -0.5, 0.0, -0.309017, 0.5, -0.809017, 0.0, 0.5, 0.809017, 0.309017, 0.0, 0.0, 0.0, 0.0, 1.0 ], [ 0.5, 0.809017, -0.309017, 0.0, 0.809017, -0.309017, 0.5, 0.0, 0.309017, -0.5, -0.809017, 0.0, 0.0, 0.0, 0.0, 1.0 ], [ 0.309017, -0.5, -0.809017, 0.0, 0.5, 0.809017, -0.309017, 0.0, 0.809017, -0.309017, 0.5, 0.0, 0.0, 0.0, 0.0, 1.0 ], [ 0.809017, -0.309017, 0.5, 0.0, 0.309017, -0.5, -0.809017, 0.0, 0.5, 0.809017, -0.309017, 0.0, 0.0, 0.0, 0.0, 1.0 ], [ 0.809017, 0.309017, -0.5, 0.0, 0.309017, 0.5, 0.809017, 0.0, 0.5, -0.809017, 0.309017, 0.0, 0.0, 0.0, 0.0, 1.0 ], [ 0.5, -0.809017, 0.309017, 0.0, 0.809017, 0.309017, -0.5, 0.0, 0.309017, 0.5, 0.809017, 0.0, 0.0, 0.0, 0.0, 1.0 ], [ 0.309017, 0.5, 0.809017, 0.0, 0.5, -0.809017, 0.309017, 0.0, 0.809017, 0.309017, -0.5, 0.0, 0.0, 0.0, 0.0, 1.0 ], [ 1.0, 0.0, 0.0, 0.0, 0.0, -1.0, 0.0, 0.0, 0.0, 0.0, -1.0, 0.0, 0.0, 0.0, 0.0, 1.0 ], [ 0.0, 0.0, 1.0, 0.0, -1.0, 0.0, 0.0, 0.0, 0.0, -1.0, 0.0, 0.0, 0.0, 0.0, 0.0, 1.0 ], [ 0.0, 1.0, 0.0, 0.0, 0.0, 0.0, -1.0, 0.0, -1.0, 0.0, 0.0, 0.0, 0.0, 0.0, 0.0, 1.0 ], [ 0.809017, 0.309017, 0.5, 0.0, -0.309017, -0.5, 0.809017, 0.0, 0.5, -0.809017, -0.309017, 0.0, 0.0, 0.0, 0.0, 1.0 ], [ -0.5, 0.809017, 0.309017, 0.0, -0.809017, -0.309017, -0.5, 0.0, -0.309017, -0.5, 0.809017, 0.0, 0.0, 0.0, 0.0, 1.0 ], [ 0.309017, 0.5, -0.809017, 0.0, 0.5, -0.809017, -0.309017, 0.0, -0.809017, -0.309017, -0.5, 0.0, 0.0, 0.0, 0.0, 1.0 ], [ 0.5, 0.809017, 0.309017, 0.0, -0.809017, 0.309017, 0.5, 0.0, 0.309017, -0.5, 0.809017, 0.0, 0.0, 0.0, 0.0, 1.0 ], [ -0.309017, 0.5, -0.809017, 0.0, -0.5, -0.809017, -0.309017, 0.0, -0.809017, 0.309017, 0.5, 0.0, 0.0, 0.0, 0.0, 1.0 ], [ 0.809017, -0.309017, -0.5, 0.0, 0.309017, -0.5, 0.809017, 0.0, -0.5, -0.809017, -0.309017, 0.0, 0.0, 0.0, 0.0, 1.0 ], [ 0.5, 0.809017, -0.309017, 0.0, -0.809017, 0.309017, -0.5, 0.0, -0.309017, 0.5, 0.809017, 0.0, 0.0, 0.0, 0.0, 1.0 ], [ 0.309017, -0.5, -0.809017, 0.0, -0.5, -0.809017, 0.309017, 0.0, -0.809017, 0.309017, -0.5, 0.0, 0.0, 0.0, 0.0, 1.0 ], [ 0.809017, -0.309017, 0.5, 0.0, -0.309017, 0.5, 0.809017, 0.0, -0.5, -0.809017, 0.309017, 0.0, 0.0, 0.0, 0.0, 1.0 ], [ 0.809017, 0.309017, -0.5, 0.0, -0.309017, -0.5, -0.809017, 0.0, -0.5, 0.809017, -0.309017, 0.0, 0.0, 0.0, 0.0, 1.0 ], [ 0.5, -0.809017, 0.309017, 0.0, -0.809017, -0.309017, 0.5, 0.0, -0.309017, -0.5, -0.809017, 0.0, 0.0, 0.0, 0.0, 1.0 ], [ 0.309017, 0.5, 0.809017, 0.0, -0.5, 0.809017, -0.309017, 0.0, -0.809017, -0.309017, 0.5, 0.0, 0.0, 0.0, 0.0, 1.0 ], [ -1.0, 0.0, 0.0, 0.0, 0.0, -1.0, 0.0, 0.0, 0.0, 0.0, 1.0, 0.0, 0.0, 0.0, 0.0, 1.0 ], [ 0.0, 0.0, -1.0, 0.0, -1.0, 0.0, 0.0, 0.0, 0.0, 1.0, 0.0, 0.0, 0.0, 0.0, 0.0, 1.0 ], [ 0.0, -1.0, 0.0, 0.0, 0.0, 0.0, -1.0, 0.0, 1.0, 0.0, 0.0, 0.0, 0.0, 0.0, 0.0, 1.0 ], [ -0.809017, -0.309017, -0.5, 0.0, -0.309017, -0.5, 0.809017, 0.0, -0.5, 0.809017, 0.309017, 0.0, 0.0, 0.0, 0.0, 1.0 ], [ 0.5, -0.809017, -0.309017, 0.0, -0.809017, -0.309017, -0.5, 0.0, 0.309017, 0.5, -0.809017, 0.0, 0.0, 0.0, 0.0, 1.0 ], [ -0.309017, -0.5, 0.809017, 0.0, 0.5, -0.809017, -0.309017, 0.0, 0.809017, 0.309017, 0.5, 0.0, 0.0, 0.0, 0.0, 1.0 ], [ -0.5, -0.809017, -0.309017, 0.0, -0.809017, 0.309017, 0.5, 0.0, -0.309017, 0.5, -0.809017, 0.0, 0.0, 0.0, 0.0, 1.0 ], [ 0.309017, -0.5, 0.809017, 0.0, -0.5, -0.809017, -0.309017, 0.0, 0.809017, -0.309017, -0.5, 0.0, 0.0, 0.0, 0.0, 1.0 ], [ -0.809017, 0.309017, 0.5, 0.0, 0.309017, -0.5, 0.809017, 0.0, 0.5, 0.809017, 0.309017, 0.0, 0.0, 0.0, 0.0, 1.0 ], [ -0.5, -0.809017, 0.309017, 0.0, -0.809017, 0.309017, -0.5, 0.0, 0.309017, -0.5, -0.809017, 0.0, 0.0, 0.0, 0.0, 1.0 ], [ -0.309017, 0.5, 0.809017, 0.0, -0.5, -0.809017, 0.309017, 0.0, 0.809017, -0.309017, 0.5, 0.0, 0.0, 0.0, 0.0, 1.0 ], [ -0.809017, 0.309017, -0.5, 0.0, -0.309017, 0.5, 0.809017, 0.0, 0.5, 0.809017, -0.309017, 0.0, 0.0, 0.0, 0.0, 1.0 ], [ -0.809017, -0.309017, 0.5, 0.0, -0.309017, -0.5, -0.809017, 0.0, 0.5, -0.809017, 0.309017, 0.0, 0.0, 0.0, 0.0, 1.0 ], [ -0.5, 0.809017, -0.309017, 0.0, -0.809017, -0.309017, 0.5, 0.0, 0.309017, 0.5, 0.809017, 0.0, 0.0, 0.0, 0.0, 1.0 ], [ -0.309017, -0.5, -0.809017, 0.0, -0.5, 0.809017, -0.309017, 0.0, 0.809017, 0.309017, -0.5, 0.0, 0.0, 0.0, 0.0, 1.0 ], [ -1.0, 0.0, 0.0, 0.0, 0.0, 1.0, 0.0, 0.0, 0.0, 0.0, -1.0, 0.0, 0.0, 0.0, 0.0, 1.0 ], [ 0.0, 0.0, -1.0, 0.0, 1.0, 0.0, 0.0, 0.0, 0.0, -1.0, 0.0, 0.0, 0.0, 0.0, 0.0, 1.0 ], [ 0.0, -1.0, 0.0, 0.0, 0.0, 0.0, 1.0, 0.0, -1.0, 0.0, 0.0, 0.0, 0.0, 0.0, 0.0, 1.0 ], [ -0.809017, -0.309017, -0.5, 0.0, 0.309017, 0.5, -0.809017, 0.0, 0.5, -0.809017, -0.309017, 0.0, 0.0, 0.0, 0.0, 1.0 ], [ 0.5, -0.809017, -0.309017, 0.0, 0.809017, 0.309017, 0.5, 0.0, -0.309017, -0.5, 0.809017, 0.0, 0.0, 0.0, 0.0, 1.0 ], [ -0.309017, -0.5, 0.809017, 0.0, -0.5, 0.809017, 0.309017, 0.0, -0.809017, -0.309017, -0.5, 0.0, 0.0, 0.0, 0.0, 1.0 ], [ -0.5, -0.809017, -0.309017, 0.0, 0.809017, -0.309017, -0.5, 0.0, 0.309017, -0.5, 0.809017, 0.0, 0.0, 0.0, 0.0, 1.0 ], [ 0.309017, -0.5, 0.809017, 0.0, 0.5, 0.809017, 0.309017, 0.0, -0.809017, 0.309017, 0.5, 0.0, 0.0, 0.0, 0.0, 1.0 ], [ -0.809017, 0.309017, 0.5, 0.0, -0.309017, 0.5, -0.809017, 0.0, -0.5, -0.809017, -0.309017, 0.0, 0.0, 0.0, 0.0, 1.0 ], [ -0.5, -0.809017, 0.309017, 0.0, 0.809017, -0.309017, 0.5, 0.0, -0.309017, 0.5, 0.809017, 0.0, 0.0, 0.0, 0.0, 1.0 ], [ -0.309017, 0.5, 0.809017, 0.0, 0.5, 0.809017, -0.309017, 0.0, -0.809017, 0.309017, -0.5, 0.0, 0.0, 0.0, 0.0, 1.0 ], [ -0.809017, 0.309017, -0.5, 0.0, 0.309017, -0.5, -0.809017, 0.0, -0.5, -0.809017, 0.309017, 0.0, 0.0, 0.0, 0.0, 1.0 ], [ -0.809017, -0.309017, 0.5, 0.0, 0.309017, 0.5, 0.809017, 0.0, -0.5, 0.809017, -0.309017, 0.0, 0.0, 0.0, 0.0, 1.0 ], [ -0.5, 0.809017, -0.309017, 0.0, 0.809017, 0.309017, -0.5, 0.0, -0.309017, -0.5, -0.809017, 0.0, 0.0, 0.0, 0.0, 1.0 ], [ -0.309017, -0.5, -0.809017, 0.0, 0.5, -0.809017, 0.309017, 0.0, -0.809017, -0.309017, 0.5, 0.0, 0.0, 0.0, 0.0, 1.0 ] ],
  "lights" : {
    "backgroundColor" : "#AFC8DC",
    "ambientColor" : "#292929",
    "directionalLights" : [ {
      "direction" : {
        "x" : 1.0,
        "y" : -1.0,
        "z" : -1.0
      },
      "color" : "#EBEBE4"
    }, {
      "direction" : {
        "x" : -1.0,
        "y" : 0.0,
        "z" : 0.0
      },
      "color" : "#E4E4EB"
    }, {
      "direction" : {
        "x" : 0.0,
        "y" : 0.0,
        "z" : -1.0
      },
      "color" : "#1E1E1E"
    } ]
  },
  "camera" : {
    "width" : 89.15458,
    "stereo" : false,
    "viewDistance" : 198.1213,
    "nearClipDistance" : 0.49530324,
    "farClipDistance" : 396.2416,
    "lookAtPoint" : {
      "x" : 0.0,
      "y" : 0.0,
      "z" : 0.0
    },
    "fieldOfView" : 0.44262883,
    "perspective" : false,
    "lookDirection" : {
      "x" : 1.0914834E-4,
      "y" : -0.9999982,
      "z" : -3.192259E-4
    },
    "upDirection" : {
      "x" : 0.006375183,
      "y" : -3.1842105E-4,
      "z" : 0.9999802
    },
    "position" : {
      "x" : -0.021624612,
      "y" : 198.12096,
      "z" : 0.06324545
    }
  },
  "embedding" : [ 1.0, 0.0, 0.0, 0.0, 0.0, 1.0, 0.0, 0.0, 0.0, 0.0, 1.0, 0.0, 0.0, 0.0, 0.0, 1.0 ],
  "shapes" : [ {
    "id" : "fde18823-4435-492f-b5f3-63e558b96ae0",
    "vertices" : [ {
      "x" : 0.13333334,
      "y" : 3.608722,
      "z" : 4.911436
    }, {
      "x" : -0.26666668,
      "y" : 3.708722,
      "z" : 5.011436
    }, {
      "x" : -0.13333334,
      "y" : 0.6273459,
      "z" : 0.47692576
    }, {
      "x" : 0.26666668,
      "y" : 0.52734596,
      "z" : 0.37692577
    }, {
      "x" : -0.13333334,
      "y" : 4.008722,
      "z" : 4.7781024
    }, {
      "x" : 0.26666668,
      "y" : 3.908722,
      "z" : 4.6781025
    }, {
      "x" : 0.13333334,
      "y" : 0.22734594,
      "z" : 0.6102591
    }, {
      "x" : -0.26666668,
      "y" : 0.32734594,
      "z" : 0.7102591
    } ],
    "faces" : [ {
      "vertices" : [ 2, 3, 6 ]
    }, {
      "vertices" : [ 2, 6, 7 ]
    }, {
      "vertices" : [ 0, 5, 4 ]
    }, {
      "vertices" : [ 0, 4, 1 ]
    }, {
      "vertices" : [ 2, 4, 5 ]
    }, {
      "vertices" : [ 2, 5, 3 ]
    }, {
      "vertices" : [ 0, 6, 3 ]
    }, {
      "vertices" : [ 0, 3, 5 ]
    }, {
      "vertices" : [ 0, 1, 7 ]
    }, {
      "vertices" : [ 0, 7, 6 ]
    }, {
      "vertices" : [ 1, 4, 2 ]
    }, {
      "vertices" : [ 1, 2, 7 ]
    } ]
  }, {
    "id" : "0f779394-430a-4419-9bd6-1f0278111307",
    "vertices" : [ {
      "x" : -0.3465678,
      "y" : -0.21419069,
      "z" : 0.0
    }, {
      "x" : -0.3465678,
      "y" : 0.21419069,
      "z" : 0.0
    }, {
      "x" : -0.21419069,
      "y" : 0.0,
      "z" : -0.3465678
    }, {
      "x" : -0.21419069,
      "y" : 0.0,
      "z" : 0.3465678
    }, {
      "x" : 0.0,
      "y" : -0.3465678,
      "z" : -0.21419069
    }, {
      "x" : 0.0,
      "y" : -0.3465678,
      "z" : 0.21419069
    }, {
      "x" : 0.0,
      "y" : 0.3465678,
      "z" : -0.21419069
    }, {
      "x" : 0.0,
      "y" : 0.3465678,
      "z" : 0.21419069
    }, {
      "x" : 0.21419069,
      "y" : 0.0,
      "z" : -0.3465678
    }, {
      "x" : 0.21419069,
      "y" : 0.0,
      "z" : 0.3465678
    }, {
      "x" : 0.3465678,
      "y" : -0.21419069,
      "z" : 0.0
    }, {
      "x" : 0.3465678,
      "y" : 0.21419069,
      "z" : 0.0
    } ],
    "faces" : [ {
      "vertices" : [ 0, 1, 2 ]
    }, {
      "vertices" : [ 0, 3, 1 ]
    }, {
      "vertices" : [ 0, 2, 4 ]
    }, {
      "vertices" : [ 0, 5, 3 ]
    }, {
      "vertices" : [ 0, 4, 5 ]
    }, {
      "vertices" : [ 1, 6, 2 ]
    }, {
      "vertices" : [ 1, 3, 7 ]
    }, {
      "vertices" : [ 1, 7, 6 ]
    }, {
      "vertices" : [ 2, 8, 4 ]
    }, {
      "vertices" : [ 2, 6, 8 ]
    }, {
      "vertices" : [ 3, 5, 9 ]
    }, {
      "vertices" : [ 3, 9, 7 ]
    }, {
      "vertices" : [ 4, 10, 5 ]
    }, {
      "vertices" : [ 4, 8, 10 ]
    }, {
      "vertices" : [ 5, 10, 9 ]
    }, {
      "vertices" : [ 6, 7, 11 ]
    }, {
      "vertices" : [ 6, 11, 8 ]
    }, {
      "vertices" : [ 7, 9, 11 ]
    }, {
      "vertices" : [ 8, 11, 10 ]
    }, {
      "vertices" : [ 9, 10, 11 ]
    } ]
  }, {
    "id" : "3d4f3ab8-15a0-4cab-9b4e-4eeb160e235b",
    "vertices" : [ {
      "x" : -3.9848623,
      "y" : 3.7181957,
      "z" : -2.7350132
    }, {
      "x" : -3.8848624,
      "y" : 3.6181958,
      "z" : -3.135013
    }, {
      "x" : -0.25120562,
      "y" : 0.5178723,
      "z" : -0.59517753
    }, {
      "x" : -0.35120562,
      "y" : 0.6178723,
      "z" : -0.19517754
    }, {
      "x" : -3.651529,
      "y" : 3.9181957,
      "z" : -3.2683465
    }, {
      "x" : -3.751529,
      "y" : 4.0181956,
      "z" : -2.8683465
    }, {
      "x" : -0.58453894,
      "y" : 0.3178723,
      "z" : -0.061844204
    }, {
      "x" : -0.48453894,
      "y" : 0.21787228,
      "z" : -0.4618442
    } ],
    "faces" : [ {
      "vertices" : [ 2, 3, 6 ]
    }, {
      "vertices" : [ 2, 6, 7 ]
    }, {
      "vertices" : [ 0, 5, 4 ]
    }, {
      "vertices" : [ 0, 4, 1 ]
    }, {
      "vertices" : [ 2, 4, 5 ]
    }, {
      "vertices" : [ 2, 5, 3 ]
    }, {
      "vertices" : [ 0, 6, 3 ]
    }, {
      "vertices" : [ 0, 3, 5 ]
    }, {
      "vertices" : [ 0, 1, 7 ]
    }, {
      "vertices" : [ 0, 7, 6 ]
    }, {
      "vertices" : [ 1, 4, 2 ]
    }, {
      "vertices" : [ 1, 2, 7 ]
    } ]
  }, {
    "id" : "12329f04-489d-4c98-ba93-84b5c678cdd6",
    "vertices" : [ {
      "x" : -3.608722,
      "y" : 0.13333334,
      "z" : 4.911436
    }, {
      "x" : -3.708722,
      "y" : -0.26666668,
      "z" : 5.011436
    }, {
      "x" : -0.6273459,
      "y" : -0.13333334,
      "z" : 0.47692576
    }, {
      "x" : -0.52734596,
      "y" : 0.26666668,
      "z" : 0.37692577
    }, {
      "x" : -4.008722,
      "y" : -0.13333334,
      "z" : 4.7781024
    }, {
      "x" : -3.908722,
      "y" : 0.26666668,
      "z" : 4.6781025
    }, {
      "x" : -0.22734594,
      "y" : 0.13333334,
      "z" : 0.6102591
    }, {
      "x" : -0.32734594,
      "y" : -0.26666668,
      "z" : 0.7102591
    } ],
    "faces" : [ {
      "vertices" : [ 2, 3, 6 ]
    }, {
      "vertices" : [ 2, 6, 7 ]
    }, {
      "vertices" : [ 0, 5, 4 ]
    }, {
      "vertices" : [ 0, 4, 1 ]
    }, {
      "vertices" : [ 2, 4, 5 ]
    }, {
      "vertices" : [ 2, 5, 3 ]
    }, {
      "vertices" : [ 0, 6, 3 ]
    }, {
      "vertices" : [ 0, 3, 5 ]
    }, {
      "vertices" : [ 0, 1, 7 ]
    }, {
      "vertices" : [ 0, 7, 6 ]
    }, {
      "vertices" : [ 1, 4, 2 ]
    }, {
      "vertices" : [ 1, 2, 7 ]
    } ]
  }, {
    "id" : "2219bdb5-d168-4c92-b071-8eeea401335a",
    "vertices" : [ {
      "x" : 0.42838138,
      "y" : 0.0,
      "z" : 0.0
    }, {
      "x" : 1.121517,
      "y" : -0.3465678,
      "z" : -0.21419069
    }, {
      "x" : 1.121517,
      "y" : -0.3465678,
      "z" : 0.21419069
    }, {
      "x" : 1.121517,
      "y" : 0.3465678,
      "z" : -0.21419069
    }, {
      "x" : 1.121517,
      "y" : 0.3465678,
      "z" : 0.21419069
    }, {
      "x" : 16.315588,
      "y" : -0.3465678,
      "z" : -0.21419069
    }, {
      "x" : 16.315588,
      "y" : -0.3465678,
      "z" : 0.21419069
    }, {
      "x" : 16.315588,
      "y" : 0.3465678,
      "z" : -0.21419069
    }, {
      "x" : 16.315588,
      "y" : 0.3465678,
      "z" : 0.21419069
    }, {
      "x" : 17.008724,
      "y" : 0.0,
      "z" : 0.0
    }, {
      "x" : 17.437105,
      "y" : 0.0,
      "z" : 0.0
    } ],
    "faces" : [ {
      "vertices" : [ 1, 3, 7 ]
    }, {
      "vertices" : [ 1, 7, 5 ]
    }, {
      "vertices" : [ 0, 1, 2 ]
    }, {
      "vertices" : [ 0, 3, 1 ]
    }, {
      "vertices" : [ 5, 9, 6 ]
    }, {
      "vertices" : [ 2, 6, 8 ]
    }, {
      "vertices" : [ 2, 8, 4 ]
    }, {
      "vertices" : [ 5, 7, 9 ]
    }, {
      "vertices" : [ 0, 2, 4 ]
    }, {
      "vertices" : [ 3, 4, 8 ]
    }, {
      "vertices" : [ 3, 8, 7 ]
    }, {
      "vertices" : [ 0, 4, 3 ]
    }, {
      "vertices" : [ 6, 9, 8 ]
    }, {
      "vertices" : [ 7, 8, 9 ]
    }, {
      "vertices" : [ 1, 5, 6 ]
    }, {
      "vertices" : [ 1, 6, 2 ]
    } ]
  }, {
    "id" : "0f9a23e3-8aa3-45bc-9c45-c43b478555a1",
    "vertices" : [ {
      "x" : 0.42838138,
      "y" : 0.0,
      "z" : 0.0
    }, {
      "x" : 1.121517,
      "y" : -0.3465678,
      "z" : -0.21419069
    }, {
      "x" : 1.121517,
      "y" : -0.3465678,
      "z" : 0.21419069
    }, {
      "x" : 1.121517,
      "y" : 0.3465678,
      "z" : -0.21419069
    }, {
      "x" : 1.121517,
      "y" : 0.3465678,
      "z" : 0.21419069
    }, {
      "x" : 21.703949,
      "y" : -0.3465678,
      "z" : -0.21419069
    }, {
      "x" : 21.703949,
      "y" : -0.3465678,
      "z" : 0.21419069
    }, {
      "x" : 21.703949,
      "y" : 0.3465678,
      "z" : -0.21419069
    }, {
      "x" : 21.703949,
      "y" : 0.3465678,
      "z" : 0.21419069
    }, {
      "x" : 22.397085,
      "y" : 0.0,
      "z" : 0.0
    }, {
      "x" : 22.825466,
      "y" : 0.0,
      "z" : 0.0
    } ],
    "faces" : [ {
      "vertices" : [ 1, 3, 7 ]
    }, {
      "vertices" : [ 1, 7, 5 ]
    }, {
      "vertices" : [ 0, 1, 2 ]
    }, {
      "vertices" : [ 0, 3, 1 ]
    }, {
      "vertices" : [ 5, 9, 6 ]
    }, {
      "vertices" : [ 2, 6, 8 ]
    }, {
      "vertices" : [ 2, 8, 4 ]
    }, {
      "vertices" : [ 5, 7, 9 ]
    }, {
      "vertices" : [ 0, 2, 4 ]
    }, {
      "vertices" : [ 3, 4, 8 ]
    }, {
      "vertices" : [ 3, 8, 7 ]
    }, {
      "vertices" : [ 0, 4, 3 ]
    }, {
      "vertices" : [ 6, 9, 8 ]
    }, {
      "vertices" : [ 7, 8, 9 ]
    }, {
      "vertices" : [ 1, 5, 6 ]
    }, {
      "vertices" : [ 1, 6, 2 ]
    } ]
  }, {
    "id" : "2e58d3d6-427b-45b4-98cb-67d3209bb564",
    "vertices" : [ {
      "x" : 0.42838138,
      "y" : 0.0,
      "z" : 0.0
    }, {
      "x" : 1.121517,
      "y" : -0.3465678,
      "z" : -0.21419069
    }, {
      "x" : 1.121517,
      "y" : -0.3465678,
      "z" : 0.21419069
    }, {
      "x" : 1.121517,
      "y" : 0.3465678,
      "z" : -0.21419069
    }, {
      "x" : 1.121517,
      "y" : 0.3465678,
      "z" : 0.21419069
    }, {
      "x" : 5.732585,
      "y" : -0.3465678,
      "z" : -0.21419069
    }, {
      "x" : 5.732585,
      "y" : -0.3465678,
      "z" : 0.21419069
    }, {
      "x" : 5.732585,
      "y" : 0.3465678,
      "z" : -0.21419069
    }, {
      "x" : 5.732585,
      "y" : 0.3465678,
      "z" : 0.21419069
    }, {
      "x" : 6.4257207,
      "y" : 0.0,
      "z" : 0.0
    }, {
      "x" : 6.854102,
      "y" : 0.0,
      "z" : 0.0
    } ],
    "faces" : [ {
      "vertices" : [ 1, 3, 7 ]
    }, {
      "vertices" : [ 1, 7, 5 ]
    }, {
      "vertices" : [ 0, 1, 2 ]
    }, {
      "vertices" : [ 0, 3, 1 ]
    }, {
      "vertices" : [ 5, 9, 6 ]
    }, {
      "vertices" : [ 2, 6, 8 ]
    }, {
      "vertices" : [ 2, 8, 4 ]
    }, {
      "vertices" : [ 5, 7, 9 ]
    }, {
      "vertices" : [ 0, 2, 4 ]
    }, {
      "vertices" : [ 3, 4, 8 ]
    }, {
      "vertices" : [ 3, 8, 7 ]
    }, {
      "vertices" : [ 0, 4, 3 ]
    }, {
      "vertices" : [ 6, 9, 8 ]
    }, {
      "vertices" : [ 7, 8, 9 ]
    }, {
      "vertices" : [ 1, 5, 6 ]
    }, {
      "vertices" : [ 1, 6, 2 ]
    } ]
  }, {
    "id" : "8ebd023b-80ba-4d33-8c71-7adbb881f640",
    "vertices" : [ {
      "x" : 10.854563,
      "y" : -10.587896,
      "z" : -10.119152
    }, {
      "x" : 10.754562,
      "y" : -10.487896,
      "z" : -10.519153
    }, {
      "x" : 0.23560727,
      "y" : -0.5022739,
      "z" : -0.65757096
    }, {
      "x" : 0.33560726,
      "y" : -0.60227394,
      "z" : -0.25757095
    }, {
      "x" : 10.52123,
      "y" : -10.787896,
      "z" : -10.652486
    }, {
      "x" : 10.621229,
      "y" : -10.887896,
      "z" : -10.252486
    }, {
      "x" : 0.5689406,
      "y" : -0.30227393,
      "z" : -0.12423761
    }, {
      "x" : 0.4689406,
      "y" : -0.20227394,
      "z" : -0.52423763
    } ],
    "faces" : [ {
      "vertices" : [ 2, 3, 6 ]
    }, {
      "vertices" : [ 2, 6, 7 ]
    }, {
      "vertices" : [ 0, 5, 4 ]
    }, {
      "vertices" : [ 0, 4, 1 ]
    }, {
      "vertices" : [ 2, 4, 5 ]
    }, {
      "vertices" : [ 2, 5, 3 ]
    }, {
      "vertices" : [ 0, 6, 3 ]
    }, {
      "vertices" : [ 0, 3, 5 ]
    }, {
      "vertices" : [ 0, 1, 7 ]
    }, {
      "vertices" : [ 0, 7, 6 ]
    }, {
      "vertices" : [ 1, 4, 2 ]
    }, {
      "vertices" : [ 1, 2, 7 ]
    } ]
  } ],
  "instances" : [ {
    "shape" : "fde18823-4435-492f-b5f3-63e558b96ae0",
    "color" : "#FFFFFF",
    "position" : {
      "x" : 4.236068,
      "y" : -4.236068,
      "z" : -10.776724
    },
    "orientation" : 0
  }, {
    "shape" : "0f779394-430a-4419-9bd6-1f0278111307",
    "color" : "#FFFFFF",
    "position" : {
      "x" : 0.0,
      "y" : -22.825466,
      "z" : 0.0
    }
  }, {
    "shape" : "0f779394-430a-4419-9bd6-1f0278111307",
    "color" : "#FFFFFF",
    "position" : {
      "x" : 11.09017,
      "y" : 0.0,
      "z" : -5.388362
    }
  }, {
    "shape" : "3d4f3ab8-15a0-4cab-9b4e-4eeb160e235b",
    "color" : "#FFFFFF",
    "position" : {
      "x" : 11.09017,
      "y" : -4.236068,
      "z" : 3.3301907
    },
    "orientation" : 0
  }, {
    "shape" : "3d4f3ab8-15a0-4cab-9b4e-4eeb160e235b",
    "color" : "#FFFFFF",
    "position" : {
      "x" : 0.0,
      "y" : 6.854102,
      "z" : 0.0
    },
    "orientation" : 0
  }, {
    "shape" : "3d4f3ab8-15a0-4cab-9b4e-4eeb160e235b",
    "color" : "#FFFFFF",
    "position" : {
      "x" : 15.326238,
      "y" : -15.326238,
      "z" : -7.4465327
    },
    "orientation" : 0
  }, {
    "shape" : "12329f04-489d-4c98-ba93-84b5c678cdd6",
    "color" : "#FFFFFF",
    "position" : {
      "x" : -15.326238,
      "y" : 11.09017,
      "z" : 2.058171
    },
    "orientation" : 45
  }, {
    "shape" : "2219bdb5-d168-4c92-b071-8eeea401335a",
    "color" : "#007695",
    "position" : {
      "x" : -14.1069145,
      "y" : 14.1069145,
      "z" : -14.1069145
    },
    "orientation" : 26
  }, {
    "shape" : "0f9a23e3-8aa3-45bc-9c45-c43b478555a1",
    "color" : "#007695",
    "position" : {
      "x" : 0.0,
      "y" : 0.0,
      "z" : 0.0
    },
    "orientation" : 1
  }, {
    "shape" : "0f779394-430a-4419-9bd6-1f0278111307",
    "color" : "#FFFFFF",
    "position" : {
      "x" : 14.1069145,
      "y" : -14.1069145,
      "z" : -14.1069145
    }
  }, {
    "shape" : "fde18823-4435-492f-b5f3-63e558b96ae0",
    "color" : "#FFFFFF",
    "position" : {
      "x" : 0.0,
      "y" : 0.0,
      "z" : 0.0
    },
    "orientation" : 15
  }, {
    "shape" : "2e58d3d6-427b-45b4-98cb-67d3209bb564",
    "color" : "#007695",
    "position" : {
      "x" : 4.236068,
      "y" : -11.09017,
      "z" : -10.776724
    },
    "orientation" : 1
  }, {
    "shape" : "0f779394-430a-4419-9bd6-1f0278111307",
    "color" : "#FFFFFF",
    "position" : {
      "x" : -4.236068,
      "y" : 0.0,
      "z" : 5.388362
    }
  }, {
    "shape" : "fde18823-4435-492f-b5f3-63e558b96ae0",
    "color" : "#FFFFFF",
    "position" : {
      "x" : 11.09017,
      "y" : -4.236068,
      "z" : -10.776724
    },
    "orientation" : 0
  }, {
    "shape" : "12329f04-489d-4c98-ba93-84b5c678cdd6",
    "color" : "#FFFFFF",
    "position" : {
      "x" : 0.0,
      "y" : 0.0,
      "z" : 0.0
    },
    "orientation" : 45
  }, {
    "shape" : "2e58d3d6-427b-45b4-98cb-67d3209bb564",
    "color" : "#007695",
    "position" : {
      "x" : -4.236068,
      "y" : 4.236068,
      "z" : 10.776724
    },
    "orientation" : 45
  }, {
    "shape" : "0f9a23e3-8aa3-45bc-9c45-c43b478555a1",
    "color" : "#007695",
    "position" : {
      "x" : 0.0,
      "y" : 0.0,
      "z" : 0.0
    },
    "orientation" : 0
  }, {
    "shape" : "12329f04-489d-4c98-ba93-84b5c678cdd6",
    "color" : "#FFFFFF",
    "position" : {
      "x" : 4.236068,
      "y" : -4.236068,
      "z" : 3.3301907
    },
    "orientation" : 0
  }, {
    "shape" : "3d4f3ab8-15a0-4cab-9b4e-4eeb160e235b",
    "color" : "#FFFFFF",
    "position" : {
      "x" : 4.236068,
      "y" : -4.236068,
      "z" : -10.776724
    },
    "orientation" : 0
  }, {
    "shape" : "fde18823-4435-492f-b5f3-63e558b96ae0",
    "color" : "#FFFFFF",
    "position" : {
      "x" : 0.0,
      "y" : -6.854102,
      "z" : 0.0
    },
    "orientation" : 15
  }, {
    "shape" : "2e58d3d6-427b-45b4-98cb-67d3209bb564",
    "color" : "#007695",
    "position" : {
      "x" : 11.09017,
      "y" : -4.236068,
      "z" : 3.3301907
    },
    "orientation" : 45
  }, {
    "shape" : "0f779394-430a-4419-9bd6-1f0278111307",
    "color" : "#FFFFFF",
    "position" : {
      "x" : 0.0,
      "y" : 4.236068,
      "z" : 5.388362
    }
  }, {
    "shape" : "fde18823-4435-492f-b5f3-63e558b96ae0",
    "color" : "#FFFFFF",
    "position" : {
      "x" : -11.09017,
      "y" : 4.236068,
      "z" : 10.776724
    },
    "orientation" : 15
  }, {
    "shape" : "fde18823-4435-492f-b5f3-63e558b96ae0",
    "color" : "#FFFFFF",
    "position" : {
      "x" : 11.09017,
      "y" : -11.09017,
      "z" : 3.3301907
    },
    "orientation" : 15
  }, {
    "shape" : "0f779394-430a-4419-9bd6-1f0278111307",
    "color" : "#FFFFFF",
    "position" : {
      "x" : 0.0,
      "y" : -8.718553,
      "z" : 22.825466
    }
  }, {
    "shape" : "2e58d3d6-427b-45b4-98cb-67d3209bb564",
    "color" : "#007695",
    "position" : {
      "x" : 0.0,
      "y" : -11.09017,
      "z" : -5.388362
    },
    "orientation" : 1
  }, {
    "shape" : "3d4f3ab8-15a0-4cab-9b4e-4eeb160e235b",
    "color" : "#FFFFFF",
    "position" : {
      "x" : 8.472136,
      "y" : -15.326238,
      "z" : -7.4465327
    },
    "orientation" : 0
  }, {
    "shape" : "0f779394-430a-4419-9bd6-1f0278111307",
    "color" : "#FFFFFF",
    "position" : {
      "x" : 14.1069145,
      "y" : 14.1069145,
      "z" : -14.1069145
    }
  }, {
    "shape" : "0f779394-430a-4419-9bd6-1f0278111307",
    "color" : "#FFFFFF",
    "position" : {
      "x" : 0.0,
      "y" : 11.09017,
      "z" : 5.388362
    }
  }, {
    "shape" : "2e58d3d6-427b-45b4-98cb-67d3209bb564",
    "color" : "#FFFFFF",
    "position" : {
      "x" : 0.0,
      "y" : 0.0,
      "z" : 0.0
    },
    "orientation" : 1
  }, {
    "shape" : "2e58d3d6-427b-45b4-98cb-67d3209bb564",
    "color" : "#007695",
    "position" : {
      "x" : -11.09017,
      "y" : 11.09017,
      "z" : 10.776724
    },
    "orientation" : 16
  }, {
    "shape" : "2e58d3d6-427b-45b4-98cb-67d3209bb564",
    "color" : "#007695",
    "position" : {
      "x" : -15.326238,
      "y" : 15.326238,
      "z" : 7.4465327
    },
    "orientation" : 0
  }, {
    "shape" : "0f779394-430a-4419-9bd6-1f0278111307",
    "color" : "#FFFFFF",
    "position" : {
      "x" : 4.236068,
      "y" : -4.236068,
      "z" : 3.3301907
    }
  }, {
    "shape" : "3d4f3ab8-15a0-4cab-9b4e-4eeb160e235b",
    "color" : "#FFFFFF",
    "position" : {
      "x" : -6.854102,
      "y" : 0.0,
      "z" : 0.0
    },
    "orientation" : 0
  }, {
    "shape" : "fde18823-4435-492f-b5f3-63e558b96ae0",
    "color" : "#FFFFFF",
    "position" : {
      "x" : 4.236068,
      "y" : 0.0,
      "z" : 8.718553
    },
    "orientation" : 15
  }, {
    "shape" : "3d4f3ab8-15a0-4cab-9b4e-4eeb160e235b",
    "color" : "#FFFFFF",
    "position" : {
      "x" : -11.09017,
      "y" : 11.09017,
      "z" : 10.776724
    },
    "orientation" : 0
  }, {
    "shape" : "fde18823-4435-492f-b5f3-63e558b96ae0",
    "color" : "#FFFFFF",
    "position" : {
      "x" : -11.09017,
      "y" : 11.09017,
      "z" : -3.3301907
    },
    "orientation" : 0
  }, {
    "shape" : "2219bdb5-d168-4c92-b071-8eeea401335a",
    "color" : "#007695",
    "position" : {
      "x" : 14.1069145,
      "y" : 14.1069145,
      "z" : 14.1069145
    },
    "orientation" : 24
  }, {
    "shape" : "2e58d3d6-427b-45b4-98cb-67d3209bb564",
    "color" : "#007695",
    "position" : {
      "x" : -4.236068,
      "y" : 4.236068,
      "z" : -3.3301907
    },
    "orientation" : 1
  }, {
    "shape" : "fde18823-4435-492f-b5f3-63e558b96ae0",
    "color" : "#FFFFFF",
    "position" : {
      "x" : -4.236068,
      "y" : 4.236068,
      "z" : 10.776724
    },
    "orientation" : 15
  }, {
    "shape" : "2e58d3d6-427b-45b4-98cb-67d3209bb564",
    "color" : "#007695",
    "position" : {
      "x" : 15.326238,
      "y" : -8.472136,
      "z" : -7.4465327
    },
    "orientation" : 16
  }, {
    "shape" : "2e58d3d6-427b-45b4-98cb-67d3209bb564",
    "color" : "#007695",
    "position" : {
      "x" : 15.326238,
      "y" : -4.236068,
      "z" : -2.058171
    },
    "orientation" : 16
  }, {
    "shape" : "0f779394-430a-4419-9bd6-1f0278111307",
    "color" : "#FFFFFF",
    "position" : {
      "x" : 0.0,
      "y" : 8.718553,
      "z" : -22.825466
    }
  }, {
    "shape" : "2219bdb5-d168-4c92-b071-8eeea401335a",
    "color" : "#007695",
    "position" : {
      "x" : -14.1069145,
      "y" : -14.1069145,
      "z" : -14.1069145
    },
    "orientation" : 51
  }, {
    "shape" : "0f779394-430a-4419-9bd6-1f0278111307",
    "color" : "#FFFFFF",
    "position" : {
      "x" : 22.825466,
      "y" : 0.0,
      "z" : -8.718553
    }
  }, {
    "shape" : "3d4f3ab8-15a0-4cab-9b4e-4eeb160e235b",
    "color" : "#FFFFFF",
    "position" : {
      "x" : 4.236068,
      "y" : -4.236068,
      "z" : 3.3301907
    },
    "orientation" : 0
  }, {
    "shape" : "12329f04-489d-4c98-ba93-84b5c678cdd6",
    "color" : "#FFFFFF",
    "position" : {
      "x" : -15.326238,
      "y" : 15.326238,
      "z" : 7.4465327
    },
    "orientation" : 45
  }, {
    "shape" : "0f779394-430a-4419-9bd6-1f0278111307",
    "color" : "#FFFFFF",
    "position" : {
      "x" : -4.236068,
      "y" : 11.09017,
      "z" : 10.776724
    }
  }, {
    "shape" : "0f779394-430a-4419-9bd6-1f0278111307",
    "color" : "#FFFFFF",
    "position" : {
      "x" : 22.825466,
      "y" : 0.0,
      "z" : 8.718553
    }
  }, {
    "shape" : "2219bdb5-d168-4c92-b071-8eeea401335a",
    "color" : "#007695",
    "position" : {
      "x" : -14.1069145,
      "y" : 14.1069145,
      "z" : -14.1069145
    },
    "orientation" : 10
  }, {
    "shape" : "0f779394-430a-4419-9bd6-1f0278111307",
    "color" : "#FFFFFF",
    "position" : {
      "x" : -22.825466,
      "y" : 0.0,
      "z" : 8.718553
    }
  }, {
    "shape" : "2e58d3d6-427b-45b4-98cb-67d3209bb564",
    "color" : "#007695",
    "position" : {
      "x" : 11.09017,
      "y" : -15.326238,
      "z" : -2.058171
    },
    "orientation" : 45
  }, {
    "shape" : "0f779394-430a-4419-9bd6-1f0278111307",
    "color" : "#FFFFFF",
    "position" : {
      "x" : -15.326238,
      "y" : 15.326238,
      "z" : 7.4465327
    }
  }, {
    "shape" : "fde18823-4435-492f-b5f3-63e558b96ae0",
    "color" : "#FFFFFF",
    "position" : {
      "x" : 0.0,
      "y" : 0.0,
      "z" : 0.0
    },
    "orientation" : 0
  }, {
    "shape" : "0f779394-430a-4419-9bd6-1f0278111307",
    "color" : "#FFFFFF",
    "position" : {
      "x" : 11.09017,
      "y" : -4.236068,
      "z" : -10.776724
    }
  }, {
    "shape" : "0f779394-430a-4419-9bd6-1f0278111307",
    "color" : "#FFFFFF",
    "position" : {
      "x" : 15.326238,
      "y" : -15.326238,
      "z" : -7.4465327
    }
  }, {
    "shape" : "3d4f3ab8-15a0-4cab-9b4e-4eeb160e235b",
    "color" : "#FFFFFF",
    "position" : {
      "x" : 4.236068,
      "y" : 0.0,
      "z" : -5.388362
    },
    "orientation" : 0
  }, {
    "shape" : "3d4f3ab8-15a0-4cab-9b4e-4eeb160e235b",
    "color" : "#FFFFFF",
    "position" : {
      "x" : -11.09017,
      "y" : 4.236068,
      "z" : 10.776724
    },
    "orientation" : 0
  }, {
    "shape" : "0f779394-430a-4419-9bd6-1f0278111307",
    "color" : "#FFFFFF",
    "position" : {
      "x" : 8.718553,
      "y" : 22.825466,
      "z" : 0.0
    }
  }, {
    "shape" : "0f779394-430a-4419-9bd6-1f0278111307",
    "color" : "#FFFFFF",
    "position" : {
      "x" : 14.1069145,
      "y" : 14.1069145,
      "z" : 14.1069145
    }
  }, {
    "shape" : "0f779394-430a-4419-9bd6-1f0278111307",
    "color" : "#FFFFFF",
    "position" : {
      "x" : 0.0,
      "y" : -4.236068,
      "z" : -5.388362
    }
  }, {
    "shape" : "2219bdb5-d168-4c92-b071-8eeea401335a",
    "color" : "#007695",
    "position" : {
      "x" : -8.718553,
      "y" : -22.825466,
      "z" : 0.0
    },
    "orientation" : 0
  }, {
    "shape" : "2e58d3d6-427b-45b4-98cb-67d3209bb564",
    "color" : "#007695",
    "position" : {
      "x" : 4.236068,
      "y" : -4.236068,
      "z" : 3.3301907
    },
    "orientation" : 16
  }, {
    "shape" : "0f779394-430a-4419-9bd6-1f0278111307",
    "color" : "#FFFFFF",
    "position" : {
      "x" : -14.1069145,
      "y" : -14.1069145,
      "z" : 14.1069145
    }
  }, {
    "shape" : "0f779394-430a-4419-9bd6-1f0278111307",
    "color" : "#FFFFFF",
    "position" : {
      "x" : 4.236068,
      "y" : -11.09017,
      "z" : 3.3301907
    }
  }, {
    "shape" : "12329f04-489d-4c98-ba93-84b5c678cdd6",
    "color" : "#FFFFFF",
    "position" : {
      "x" : -15.326238,
      "y" : 4.236068,
      "z" : 2.058171
    },
    "orientation" : 45
  }, {
    "shape" : "0f779394-430a-4419-9bd6-1f0278111307",
    "color" : "#FFFFFF",
    "position" : {
      "x" : 4.236068,
      "y" : 0.0,
      "z" : -5.388362
    }
  }, {
    "shape" : "2219bdb5-d168-4c92-b071-8eeea401335a",
    "color" : "#007695",
    "position" : {
      "x" : -22.825466,
      "y" : 0.0,
      "z" : 8.718553
    },
    "orientation" : 9
  }, {
    "shape" : "2e58d3d6-427b-45b4-98cb-67d3209bb564",
    "color" : "#FFFFFF",
    "position" : {
      "x" : 0.0,
      "y" : 0.0,
      "z" : 0.0
    },
    "orientation" : 0
  }, {
    "shape" : "3d4f3ab8-15a0-4cab-9b4e-4eeb160e235b",
    "color" : "#FFFFFF",
    "position" : {
      "x" : 0.0,
      "y" : -4.236068,
      "z" : -5.388362
    },
    "orientation" : 0
  }, {
    "shape" : "0f9a23e3-8aa3-45bc-9c45-c43b478555a1",
    "color" : "#007695",
    "position" : {
      "x" : 0.0,
      "y" : 0.0,
      "z" : 0.0
    },
    "orientation" : 16
  }, {
    "shape" : "fde18823-4435-492f-b5f3-63e558b96ae0",
    "color" : "#FFFFFF",
    "position" : {
      "x" : -4.236068,
      "y" : 11.09017,
      "z" : -3.3301907
    },
    "orientation" : 0
  }, {
    "shape" : "12329f04-489d-4c98-ba93-84b5c678cdd6",
    "color" : "#FFFFFF",
    "position" : {
      "x" : 0.0,
      "y" : -11.09017,
      "z" : -5.388362
    },
    "orientation" : 45
  }, {
    "shape" : "2219bdb5-d168-4c92-b071-8eeea401335a",
    "color" : "#007695",
    "position" : {
      "x" : 8.718553,
      "y" : 22.825466,
      "z" : 0.0
    },
    "orientation" : 37
  }, {
    "shape" : "0f9a23e3-8aa3-45bc-9c45-c43b478555a1",
    "color" : "#007695",
    "position" : {
      "x" : 0.0,
      "y" : 0.0,
      "z" : 0.0
    },
    "orientation" : 47
  }, {
    "shape" : "2219bdb5-d168-4c92-b071-8eeea401335a",
    "color" : "#007695",
    "position" : {
      "x" : 0.0,
      "y" : -8.718553,
      "z" : -22.825466
    },
    "orientation" : 8
  }, {
    "shape" : "12329f04-489d-4c98-ba93-84b5c678cdd6",
    "color" : "#FFFFFF",
    "position" : {
      "x" : 0.0,
      "y" : 0.0,
      "z" : 0.0
    },
    "orientation" : 0
  }, {
    "shape" : "0f779394-430a-4419-9bd6-1f0278111307",
    "color" : "#FFFFFF",
    "position" : {
      "x" : 11.09017,
      "y" : -15.326238,
      "z" : -2.058171
    }
  }, {
    "shape" : "fde18823-4435-492f-b5f3-63e558b96ae0",
    "color" : "#FFFFFF",
    "position" : {
      "x" : 0.0,
      "y" : 6.854102,
      "z" : 0.0
    },
    "orientation" : 0
  }, {
    "shape" : "12329f04-489d-4c98-ba93-84b5c678cdd6",
    "color" : "#FFFFFF",
    "position" : {
      "x" : 0.0,
      "y" : 11.09017,
      "z" : 5.388362
    },
    "orientation" : 0
  }, {
    "shape" : "12329f04-489d-4c98-ba93-84b5c678cdd6",
    "color" : "#FFFFFF",
    "position" : {
      "x" : 0.0,
      "y" : -4.236068,
      "z" : -5.388362
    },
    "orientation" : 45
  }, {
    "shape" : "0f9a23e3-8aa3-45bc-9c45-c43b478555a1",
    "color" : "#007695",
    "position" : {
      "x" : 0.0,
      "y" : 0.0,
      "z" : 0.0
    },
    "orientation" : 45
  }, {
    "shape" : "2e58d3d6-427b-45b4-98cb-67d3209bb564",
    "color" : "#007695",
    "position" : {
      "x" : -11.09017,
      "y" : 4.236068,
      "z" : -3.3301907
    },
    "orientation" : 1
  }, {
    "shape" : "2219bdb5-d168-4c92-b071-8eeea401335a",
    "color" : "#007695",
    "position" : {
      "x" : 0.0,
      "y" : 8.718553,
      "z" : -22.825466
    },
    "orientation" : 11
  }, {
    "shape" : "0f779394-430a-4419-9bd6-1f0278111307",
    "color" : "#FFFFFF",
    "position" : {
      "x" : -22.825466,
      "y" : 0.0,
      "z" : 0.0
    }
  }, {
    "shape" : "0f779394-430a-4419-9bd6-1f0278111307",
    "color" : "#FFFFFF",
    "position" : {
      "x" : -8.718553,
      "y" : 22.825466,
      "z" : 0.0
    }
  }, {
    "shape" : "0f779394-430a-4419-9bd6-1f0278111307",
    "color" : "#FFFFFF",
    "position" : {
      "x" : 0.0,
      "y" : 6.854102,
      "z" : 0.0
    }
  }, {
    "shape" : "3d4f3ab8-15a0-4cab-9b4e-4eeb160e235b",
    "color" : "#FFFFFF",
    "position" : {
      "x" : 0.0,
      "y" : 0.0,
      "z" : 0.0
    },
    "orientation" : 0
  }, {
    "shape" : "2219bdb5-d168-4c92-b071-8eeea401335a",
    "color" : "#007695",
    "position" : {
      "x" : -14.1069145,
      "y" : -14.1069145,
      "z" : -14.1069145
    },
    "orientation" : 37
  }, {
    "shape" : "3d4f3ab8-15a0-4cab-9b4e-4eeb160e235b",
    "color" : "#FFFFFF",
    "position" : {
      "x" : 0.0,
      "y" : 0.0,
      "z" : 14.1069145
    },
    "orientation" : 0
  }, {
    "shape" : "0f779394-430a-4419-9bd6-1f0278111307",
    "color" : "#FFFFFF",
    "position" : {
      "x" : 0.0,
      "y" : -6.854102,
      "z" : 0.0
    }
  }, {
    "shape" : "3d4f3ab8-15a0-4cab-9b4e-4eeb160e235b",
    "color" : "#FFFFFF",
    "position" : {
      "x" : 4.236068,
      "y" : 0.0,
      "z" : 8.718553
    },
    "orientation" : 0
  }, {
    "shape" : "2219bdb5-d168-4c92-b071-8eeea401335a",
    "color" : "#007695",
    "position" : {
      "x" : -22.825466,
      "y" : 0.0,
      "z" : 8.718553
    },
    "orientation" : 21
  }, {
    "shape" : "0f779394-430a-4419-9bd6-1f0278111307",
    "color" : "#FFFFFF",
    "position" : {
      "x" : 11.09017,
      "y" : -11.09017,
      "z" : 3.3301907
    }
  }, {
    "shape" : "0f779394-430a-4419-9bd6-1f0278111307",
    "color" : "#FFFFFF",
    "position" : {
      "x" : 0.0,
      "y" : 8.718553,
      "z" : 22.825466
    }
  }, {
    "shape" : "12329f04-489d-4c98-ba93-84b5c678cdd6",
    "color" : "#FFFFFF",
    "position" : {
      "x" : 0.0,
      "y" : 0.0,
      "z" : -14.1069145
    },
    "orientation" : 0
  }, {
    "shape" : "2219bdb5-d168-4c92-b071-8eeea401335a",
    "color" : "#007695",
    "position" : {
      "x" : 22.825466,
      "y" : 0.0,
      "z" : 8.718553
    },
    "orientation" : 39
  }, {
    "shape" : "0f779394-430a-4419-9bd6-1f0278111307",
    "color" : "#FFFFFF",
    "position" : {
      "x" : 0.0,
      "y" : -11.09017,
      "z" : -5.388362
    }
  }, {
    "shape" : "0f779394-430a-4419-9bd6-1f0278111307",
    "color" : "#FFFFFF",
    "position" : {
      "x" : -8.472136,
      "y" : 15.326238,
      "z" : 7.4465327
    }
  }, {
    "shape" : "2e58d3d6-427b-45b4-98cb-67d3209bb564",
    "color" : "#007695",
    "position" : {
      "x" : -11.09017,
      "y" : 4.236068,
      "z" : -3.3301907
    },
    "orientation" : 0
  }, {
    "shape" : "0f779394-430a-4419-9bd6-1f0278111307",
    "color" : "#FFFFFF",
    "position" : {
      "x" : 0.0,
      "y" : 22.825466,
      "z" : 0.0
    }
  }, {
    "shape" : "3d4f3ab8-15a0-4cab-9b4e-4eeb160e235b",
    "color" : "#FFFFFF",
    "position" : {
      "x" : -4.236068,
      "y" : 11.09017,
      "z" : 10.776724
    },
    "orientation" : 0
  }, {
    "shape" : "2219bdb5-d168-4c92-b071-8eeea401335a",
    "color" : "#007695",
    "position" : {
      "x" : 8.718553,
      "y" : 22.825466,
      "z" : 0.0
    },
    "orientation" : 25
  }, {
    "shape" : "fde18823-4435-492f-b5f3-63e558b96ae0",
    "color" : "#FFFFFF",
    "position" : {
      "x" : 15.326238,
      "y" : -8.472136,
      "z" : -7.4465327
    },
    "orientation" : 0
  }, {
    "shape" : "2e58d3d6-427b-45b4-98cb-67d3209bb564",
    "color" : "#007695",
    "position" : {
      "x" : -15.326238,
      "y" : 4.236068,
      "z" : 2.058171
    },
    "orientation" : 1
  }, {
    "shape" : "0f779394-430a-4419-9bd6-1f0278111307",
    "color" : "#FFFFFF",
    "position" : {
      "x" : 0.0,
      "y" : 0.0,
      "z" : -22.825466
    }
  }, {
    "shape" : "12329f04-489d-4c98-ba93-84b5c678cdd6",
    "color" : "#FFFFFF",
    "position" : {
      "x" : 11.09017,
      "y" : 0.0,
      "z" : -5.388362
    },
    "orientation" : 0
  }, {
    "shape" : "2e58d3d6-427b-45b4-98cb-67d3209bb564",
    "color" : "#007695",
    "position" : {
      "x" : -11.09017,
      "y" : 15.326238,
      "z" : 2.058171
    },
    "orientation" : 0
  }, {
    "shape" : "0f779394-430a-4419-9bd6-1f0278111307",
    "color" : "#FFFFFF",
    "position" : {
      "x" : 0.0,
      "y" : -4.236068,
