{
  "field" : "golden",
  "symmetry" : "icosahedral",
  "orientations" : [ [ 1.0, 0.0, 0.0, 0.0, 0.0, 1.0, 0.0, 0.0, 0.0, 0.0, 1.0, 0.0, 0.0, 0.0, 0.0, 1.0 ], [ 0.0, 0.0, 1.0, 0.0, 1.0, 0.0, 0.0, 0.0, 0.0, 1.0, 0.0, 0.0, 0.0, 0.0, 0.0, 1.0 ], [ 0.0, 1.0, 0.0, 0.0, 0.0, 0.0, 1.0, 0.0, 1.0, 0.0, 0.0, 0.0, 0.0, 0.0, 0.0, 1.0 ], [ 0.809017, 0.309017, 0.5, 0.0, 0.309017, 0.5, -0.809017, 0.0, -0.5, 0.809017, 0.309017, 0.0, 0.0, 0.0, 0.0, 1.0 ], [ -0.5, 0.809017, 0.309017, 0.0, 0.809017, 0.309017, 0.5, 0.0, 0.309017, 0.5, -0.809017, 0.0, 0.0, 0.0, 0.0, 1.0 ], [ 0.309017, 0.5, -0.809017, 0.0, -0.5, 0.809017, 0.309017, 0.0, 0.809017, 0.309017, 0.5, 0.0, 0.0, 0.0, 0.0, 1.0 ], [ 0.5, 0.809017, 0.309017, 0.0, 0.809017, -0.309017, -0.5, 0.0, -0.309017, 0.5, -0.809017, 0.0, 0.0, 0.0, 0.0, 1.0 ], [ -0.309017, 0.5, -0.809017, 0.0, 0.5, 0.809017, 0.309017, 0.0, 0.809017, -0.309017, -0.5, 0.0, 0.0, 0.0, 0.0, 1.0 ], [ 0.809017, -0.309017, -0.5, 0.0, -0.309017, 0.5, -0.809017, 0.0, 0.5, 0.809017, 0.309017, 0.0, 0.0, 0.0, 0.0, 1.0 ], [ 0.5, 0.809017, -0.309017, 0.0, 0.809017, -0.309017, 0.5, 0.0, 0.309017, -0.5, -0.809017, 0.0, 0.0, 0.0, 0.0, 1.0 ], [ 0.309017, -0.5, -0.809017, 0.0, 0.5, 0.809017, -0.309017, 0.0, 0.809017, -0.309017, 0.5, 0.0, 0.0, 0.0, 0.0, 1.0 ], [ 0.809017, -0.309017, 0.5, 0.0, 0.309017, -0.5, -0.809017, 0.0, 0.5, 0.809017, -0.309017, 0.0, 0.0, 0.0, 0.0, 1.0 ], [ 0.809017, 0.309017, -0.5, 0.0, 0.309017, 0.5, 0.809017, 0.0, 0.5, -0.809017, 0.309017, 0.0, 0.0, 0.0, 0.0, 1.0 ], [ 0.5, -0.809017, 0.309017, 0.0, 0.809017, 0.309017, -0.5, 0.0, 0.309017, 0.5, 0.809017, 0.0, 0.0, 0.0, 0.0, 1.0 ], [ 0.309017, 0.5, 0.809017, 0.0, 0.5, -0.809017, 0.309017, 0.0, 0.809017, 0.309017, -0.5, 0.0, 0.0, 0.0, 0.0, 1.0 ], [ 1.0, 0.0, 0.0, 0.0, 0.0, -1.0, 0.0, 0.0, 0.0, 0.0, -1.0, 0.0, 0.0, 0.0, 0.0, 1.0 ], [ 0.0, 0.0, 1.0, 0.0, -1.0, 0.0, 0.0, 0.0, 0.0, -1.0, 0.0, 0.0, 0.0, 0.0, 0.0, 1.0 ], [ 0.0, 1.0, 0.0, 0.0, 0.0, 0.0, -1.0, 0.0, -1.0, 0.0, 0.0, 0.0, 0.0, 0.0, 0.0, 1.0 ], [ 0.809017, 0.309017, 0.5, 0.0, -0.309017, -0.5, 0.809017, 0.0, 0.5, -0.809017, -0.309017, 0.0, 0.0, 0.0, 0.0, 1.0 ], [ -0.5, 0.809017, 0.309017, 0.0, -0.809017, -0.309017, -0.5, 0.0, -0.309017, -0.5, 0.809017, 0.0, 0.0, 0.0, 0.0, 1.0 ], [ 0.309017, 0.5, -0.809017, 0.0, 0.5, -0.809017, -0.309017, 0.0, -0.809017, -0.309017, -0.5, 0.0, 0.0, 0.0, 0.0, 1.0 ], [ 0.5, 0.809017, 0.309017, 0.0, -0.809017, 0.309017, 0.5, 0.0, 0.309017, -0.5, 0.809017, 0.0, 0.0, 0.0, 0.0, 1.0 ], [ -0.309017, 0.5, -0.809017, 0.0, -0.5, -0.809017, -0.309017, 0.0, -0.809017, 0.309017, 0.5, 0.0, 0.0, 0.0, 0.0, 1.0 ], [ 0.809017, -0.309017, -0.5, 0.0, 0.309017, -0.5, 0.809017, 0.0, -0.5, -0.809017, -0.309017, 0.0, 0.0, 0.0, 0.0, 1.0 ], [ 0.5, 0.809017, -0.309017, 0.0, -0.809017, 0.309017, -0.5, 0.0, -0.309017, 0.5, 0.809017, 0.0, 0.0, 0.0, 0.0, 1.0 ], [ 0.309017, -0.5, -0.809017, 0.0, -0.5, -0.809017, 0.309017, 0.0, -0.809017, 0.309017, -0.5, 0.0, 0.0, 0.0, 0.0, 1.0 ], [ 0.809017, -0.309017, 0.5, 0.0, -0.309017, 0.5, 0.809017, 0.0, -0.5, -0.809017, 0.309017, 0.0, 0.0, 0.0, 0.0, 1.0 ], [ 0.809017, 0.309017, -0.5, 0.0, -0.309017, -0.5, -0.809017, 0.0, -0.5, 0.809017, -0.309017, 0.0, 0.0, 0.0, 0.0, 1.0 ], [ 0.5, -0.809017, 0.309017, 0.0, -0.809017, -0.309017, 0.5, 0.0, -0.309017, -0.5, -0.809017, 0.0, 0.0, 0.0, 0.0, 1.0 ], [ 0.309017, 0.5, 0.809017, 0.0, -0.5, 0.809017, -0.309017, 0.0, -0.809017, -0.309017, 0.5, 0.0, 0.0, 0.0, 0.0, 1.0 ], [ -1.0, 0.0, 0.0, 0.0, 0.0, -1.0, 0.0, 0.0, 0.0, 0.0, 1.0, 0.0, 0.0, 0.0, 0.0, 1.0 ], [ 0.0, 0.0, -1.0, 0.0, -1.0, 0.0, 0.0, 0.0, 0.0, 1.0, 0.0, 0.0, 0.0, 0.0, 0.0, 1.0 ], [ 0.0, -1.0, 0.0, 0.0, 0.0, 0.0, -1.0, 0.0, 1.0, 0.0, 0.0, 0.0, 0.0, 0.0, 0.0, 1.0 ], [ -0.809017, -0.309017, -0.5, 0.0, -0.309017, -0.5, 0.809017, 0.0, -0.5, 0.809017, 0.309017, 0.0, 0.0, 0.0, 0.0, 1.0 ], [ 0.5, -0.809017, -0.309017, 0.0, -0.809017, -0.309017, -0.5, 0.0, 0.309017, 0.5, -0.809017, 0.0, 0.0, 0.0, 0.0, 1.0 ], [ -0.309017, -0.5, 0.809017, 0.0, 0.5, -0.809017, -0.309017, 0.0, 0.809017, 0.309017, 0.5, 0.0, 0.0, 0.0, 0.0, 1.0 ], [ -0.5, -0.809017, -0.309017, 0.0, -0.809017, 0.309017, 0.5, 0.0, -0.309017, 0.5, -0.809017, 0.0, 0.0, 0.0, 0.0, 1.0 ], [ 0.309017, -0.5, 0.809017, 0.0, -0.5, -0.809017, -0.309017, 0.0, 0.809017, -0.309017, -0.5, 0.0, 0.0, 0.0, 0.0, 1.0 ], [ -0.809017, 0.309017, 0.5, 0.0, 0.309017, -0.5, 0.809017, 0.0, 0.5, 0.809017, 0.309017, 0.0, 0.0, 0.0, 0.0, 1.0 ], [ -0.5, -0.809017, 0.309017, 0.0, -0.809017, 0.309017, -0.5, 0.0, 0.309017, -0.5, -0.809017, 0.0, 0.0, 0.0, 0.0, 1.0 ], [ -0.309017, 0.5, 0.809017, 0.0, -0.5, -0.809017, 0.309017, 0.0, 0.809017, -0.309017, 0.5, 0.0, 0.0, 0.0, 0.0, 1.0 ], [ -0.809017, 0.309017, -0.5, 0.0, -0.309017, 0.5, 0.809017, 0.0, 0.5, 0.809017, -0.309017, 0.0, 0.0, 0.0, 0.0, 1.0 ], [ -0.809017, -0.309017, 0.5, 0.0, -0.309017, -0.5, -0.809017, 0.0, 0.5, -0.809017, 0.309017, 0.0, 0.0, 0.0, 0.0, 1.0 ], [ -0.5, 0.809017, -0.309017, 0.0, -0.809017, -0.309017, 0.5, 0.0, 0.309017, 0.5, 0.809017, 0.0, 0.0, 0.0, 0.0, 1.0 ], [ -0.309017, -0.5, -0.809017, 0.0, -0.5, 0.809017, -0.309017, 0.0, 0.809017, 0.309017, -0.5, 0.0, 0.0, 0.0, 0.0, 1.0 ], [ -1.0, 0.0, 0.0, 0.0, 0.0, 1.0, 0.0, 0.0, 0.0, 0.0, -1.0, 0.0, 0.0, 0.0, 0.0, 1.0 ], [ 0.0, 0.0, -1.0, 0.0, 1.0, 0.0, 0.0, 0.0, 0.0, -1.0, 0.0, 0.0, 0.0, 0.0, 0.0, 1.0 ], [ 0.0, -1.0, 0.0, 0.0, 0.0, 0.0, 1.0, 0.0, -1.0, 0.0, 0.0, 0.0, 0.0, 0.0, 0.0, 1.0 ], [ -0.809017, -0.309017, -0.5, 0.0, 0.309017, 0.5, -0.809017, 0.0, 0.5, -0.809017, -0.309017, 0.0, 0.0, 0.0, 0.0, 1.0 ], [ 0.5, -0.809017, -0.309017, 0.0, 0.809017, 0.309017, 0.5, 0.0, -0.309017, -0.5, 0.809017, 0.0, 0.0, 0.0, 0.0, 1.0 ], [ -0.309017, -0.5, 0.809017, 0.0, -0.5, 0.809017, 0.309017, 0.0, -0.809017, -0.309017, -0.5, 0.0, 0.0, 0.0, 0.0, 1.0 ], [ -0.5, -0.809017, -0.309017, 0.0, 0.809017, -0.309017, -0.5, 0.0, 0.309017, -0.5, 0.809017, 0.0, 0.0, 0.0, 0.0, 1.0 ], [ 0.309017, -0.5, 0.809017, 0.0, 0.5, 0.809017, 0.309017, 0.0, -0.809017, 0.309017, 0.5, 0.0, 0.0, 0.0, 0.0, 1.0 ], [ -0.809017, 0.309017, 0.5, 0.0, -0.309017, 0.5, -0.809017, 0.0, -0.5, -0.809017, -0.309017, 0.0, 0.0, 0.0, 0.0, 1.0 ], [ -0.5, -0.809017, 0.309017, 0.0, 0.809017, -0.309017, 0.5, 0.0, -0.309017, 0.5, 0.809017, 0.0, 0.0, 0.0, 0.0, 1.0 ], [ -0.309017, 0.5, 0.809017, 0.0, 0.5, 0.809017, -0.309017, 0.0, -0.809017, 0.309017, -0.5, 0.0, 0.0, 0.0, 0.0, 1.0 ], [ -0.809017, 0.309017, -0.5, 0.0, 0.309017, -0.5, -0.809017, 0.0, -0.5, -0.809017, 0.309017, 0.0, 0.0, 0.0, 0.0, 1.0 ], [ -0.809017, -0.309017, 0.5, 0.0, 0.309017, 0.5, 0.809017, 0.0, -0.5, 0.809017, -0.309017, 0.0, 0.0, 0.0, 0.0, 1.0 ], [ -0.5, 0.809017, -0.309017, 0.0, 0.809017, 0.309017, -0.5, 0.0, -0.309017, -0.5, -0.809017, 0.0, 0.0, 0.0, 0.0, 1.0 ], [ -0.309017, -0.5, -0.809017, 0.0, 0.5, -0.809017, 0.309017, 0.0, -0.809017, -0.309017, 0.5, 0.0, 0.0, 0.0, 0.0, 1.0 ] ],
  "lights" : {
    "ambientColor" : "#292929",
    "backgroundColor" : "#F7F7FF",
    "directionalLights" : [ {
      "direction" : {
        "x" : 1.0,
        "y" : -1.0,
        "z" : -1.0
      },
      "color" : "#EBEBE4"
    }, {
      "direction" : {
        "x" : -1.0,
        "y" : 0.0,
        "z" : 0.0
      },
      "color" : "#E4E4EB"
    }, {
      "direction" : {
        "x" : 0.0,
        "y" : 0.0,
        "z" : -1.0
      },
      "color" : "#1E1E1E"
    } ]
  },
  "camera" : {
    "perspective" : false,
    "lookDirection" : {
      "x" : 0.9119325,
      "y" : -0.14076088,
      "z" : 0.38546285
    },
    "upDirection" : {
      "x" : 0.3645303,
      "y" : -0.153491,
      "z" : -0.9184658
    },
    "lookAtPoint" : {
      "x" : 0.0,
      "y" : 0.0,
      "z" : 0.0
    },
    "viewDistance" : 449.8344,
    "nearClipDistance" : 1.1245873,
    "farClipDistance" : 899.66675,
    "fieldOfView" : 0.44262937,
    "width" : 202.4257,
    "stereo" : false,
    "position" : {
      "x" : -410.21863,
      "y" : 63.319088,
      "z" : -173.39445
    }
  },
  "embedding" : [ 1.0, 0.0, 0.0, 0.0, 0.0, 1.0, 0.0, 0.0, 0.0, 0.0, 1.0, 0.0, 0.0, 0.0, 0.0, 1.0 ],
  "shapes" : [ {
    "id" : "b7b27bea-e1c6-432e-8d63-aa93c8f0240a",
    "vertices" : [ {
      "x" : 1.36339,
      "y" : 1.054373,
      "z" : 2.917763
    }, {
      "x" : 0.38196602,
      "y" : 0.072949015,
      "z" : 0.95491505
    }, {
      "x" : 0.690983,
      "y" : 0.19098301,
      "z" : 0.76393205
    }, {
      "x" : 1.672407,
      "y" : 1.172407,
      "z" : 2.72678
    }, {
      "x" : 1.36339,
      "y" : 1.672407,
      "z" : 2.5357969
    }, {
      "x" : 1.745356,
      "y" : 1.745356,
      "z" : 3.490712
    }, {
      "x" : 0.38196602,
      "y" : 0.690983,
      "z" : 0.572949
    }, {
      "x" : 1.599458,
      "y" : 1.599458,
      "z" : 3.198916
    }, {
      "x" : 0.14589803,
      "y" : 0.14589803,
      "z" : 0.29179606
    }, {
      "x" : 0.072949015,
      "y" : 0.572949,
      "z" : 0.76393205
    }, {
      "x" : 1.054373,
      "y" : 1.554373,
      "z" : 2.72678
    } ],
    "faces" : [ {
      "vertices" : [ 2, 8, 6 ]
    }, {
      "vertices" : [ 0, 7, 10 ]
    }, {
      "vertices" : [ 1, 9, 8 ]
    }, {
      "vertices" : [ 0, 10, 9 ]
    }, {
      "vertices" : [ 0, 9, 1 ]
    }, {
      "vertices" : [ 4, 10, 7 ]
    }, {
      "vertices" : [ 0, 1, 2 ]
    }, {
      "vertices" : [ 0, 2, 3 ]
    }, {
      "vertices" : [ 6, 8, 9 ]
    }, {
      "vertices" : [ 0, 3, 7 ]
    }, {
      "vertices" : [ 1, 8, 2 ]
    }, {
      "vertices" : [ 4, 6, 9 ]
    }, {
      "vertices" : [ 4, 9, 10 ]
    }, {
      "vertices" : [ 3, 4, 7 ]
    }, {
      "vertices" : [ 2, 6, 4 ]
    }, {
      "vertices" : [ 2, 4, 3 ]
    } ]
  }, {
    "id" : "e80e35d7-0415-4085-ae67-12fdd1183f02",
    "vertices" : [ {
      "x" : 0.309017,
      "y" : -0.309017,
      "z" : -0.309017
    }, {
      "x" : 0.5,
      "y" : 0.0,
      "z" : -0.19098301
    }, {
      "x" : 0.5,
      "y" : 0.0,
      "z" : 0.19098301
    }, {
      "x" : 0.309017,
      "y" : -0.309017,
      "z" : 0.309017
    }, {
      "x" : 0.19098301,
      "y" : -0.5,
      "z" : 0.0
    }, {
      "x" : 0.0,
      "y" : 0.19098301,
      "z" : 0.5
    }, {
      "x" : 0.0,
      "y" : -0.19098301,
      "z" : 0.5
    }, {
      "x" : 0.309017,
      "y" : 0.309017,
      "z" : 0.309017
    }, {
      "x" : -0.309017,
      "y" : -0.309017,
      "z" : 0.309017
    }, {
      "x" : -0.309017,
      "y" : 0.309017,
      "z" : 0.309017
    }, {
      "x" : -0.5,
      "y" : 0.0,
      "z" : 0.19098301
    }, {
      "x" : 0.0,
      "y" : -0.19098301,
      "z" : -0.5
    }, {
      "x" : 0.0,
      "y" : 0.19098301,
      "z" : -0.5
    }, {
      "x" : 0.309017,
      "y" : 0.309017,
      "z" : -0.309017
    }, {
      "x" : -0.309017,
      "y" : -0.309017,
      "z" : -0.309017
    }, {
      "x" : -0.19098301,
      "y" : -0.5,
      "z" : 0.0
    }, {
      "x" : -0.5,
      "y" : 0.0,
      "z" : -0.19098301
    }, {
      "x" : 0.19098301,
      "y" : 0.5,
      "z" : 0.0
    }, {
      "x" : -0.309017,
      "y" : 0.309017,
      "z" : -0.309017
    }, {
      "x" : 0.0,
      "y" : 0.0,
      "z" : 0.0
    }, {
      "x" : -0.19098301,
      "y" : 0.5,
      "z" : 0.0
    } ],
    "faces" : [ {
      "vertices" : [ 12, 18, 20 ]
    }, {
      "vertices" : [ 12, 20, 17 ]
    }, {
      "vertices" : [ 12, 17, 13 ]
    }, {
      "vertices" : [ 3, 6, 8 ]
    }, {
      "vertices" : [ 3, 8, 15 ]
    }, {
      "vertices" : [ 3, 15, 4 ]
    }, {
      "vertices" : [ 0, 11, 12 ]
    }, {
      "vertices" : [ 0, 12, 13 ]
    }, {
      "vertices" : [ 0, 13, 1 ]
    }, {
      "vertices" : [ 5, 9, 10 ]
    }, {
      "vertices" : [ 5, 10, 8 ]
    }, {
      "vertices" : [ 5, 8, 6 ]
    }, {
      "vertices" : [ 2, 7, 5 ]
    }, {
      "vertices" : [ 2, 5, 6 ]
    }, {
      "vertices" : [ 2, 6, 3 ]
    }, {
      "vertices" : [ 11, 14, 16 ]
    }, {
      "vertices" : [ 11, 16, 18 ]
    }, {
      "vertices" : [ 11, 18, 12 ]
    }, {
      "vertices" : [ 1, 13, 17 ]
    }, {
      "vertices" : [ 1, 17, 7 ]
    }, {
      "vertices" : [ 1, 7, 2 ]
    }, {
      "vertices" : [ 9, 20, 18 ]
    }, {
      "vertices" : [ 9, 18, 16 ]
    }, {
      "vertices" : [ 9, 16, 10 ]
    }, {
      "vertices" : [ 0, 1, 2 ]
    }, {
      "vertices" : [ 0, 2, 3 ]
    }, {
      "vertices" : [ 0, 3, 4 ]
    }, {
      "vertices" : [ 5, 7, 17 ]
    }, {
      "vertices" : [ 5, 17, 20 ]
    }, {
      "vertices" : [ 5, 20, 9 ]
    }, {
      "vertices" : [ 0, 4, 15 ]
    }, {
      "vertices" : [ 0, 15, 14 ]
    }, {
      "vertices" : [ 0, 14, 11 ]
    }, {
      "vertices" : [ 8, 10, 16 ]
    }, {
      "vertices" : [ 8, 16, 14 ]
    }, {
      "vertices" : [ 8, 14, 15 ]
    } ]
  }, {
    "id" : "05b3b2ad-2660-4b4f-a4ec-e29fadf018e5",
    "vertices" : [ {
      "x" : 6.545085,
      "y" : 2.5,
      "z" : -0.95491505
    }, {
      "x" : 6.163119,
      "y" : 2.045085,
      "z" : -0.76393205
    }, {
      "x" : 6.0,
      "y" : 2.309017,
      "z" : -1.190983
    }, {
      "x" : 5.927051,
      "y" : 2.572949,
      "z" : -1.0
    }, {
      "x" : 0.85410196,
      "y" : 0.309017,
      "z" : 0.19098301
    }, {
      "x" : 0.690983,
      "y" : 0.572949,
      "z" : -0.23606798
    }, {
      "x" : 0.309017,
      "y" : 0.11803399,
      "z" : -0.045084972
    }, {
      "x" : 0.76393205,
      "y" : 0.309017,
      "z" : -0.42705098
    }, {
      "x" : 0.927051,
      "y" : 0.045084972,
      "z" : 0.0
    }, {
      "x" : 6.09017,
      "y" : 2.309017,
      "z" : -0.572949
    }, {
      "x" : 6.854102,
      "y" : 2.618034,
      "z" : -1.0
    } ],
    "faces" : [ {
      "vertices" : [ 2, 7, 5 ]
    }, {
      "vertices" : [ 2, 5, 3 ]
    }, {
      "vertices" : [ 1, 8, 7 ]
    }, {
      "vertices" : [ 1, 7, 2 ]
    }, {
      "vertices" : [ 4, 6, 8 ]
    }, {
      "vertices" : [ 5, 7, 6 ]
    }, {
      "vertices" : [ 0, 1, 2 ]
    }, {
      "vertices" : [ 0, 2, 3 ]
    }, {
      "vertices" : [ 6, 7, 8 ]
    }, {
      "vertices" : [ 3, 5, 4 ]
    }, {
      "vertices" : [ 3, 4, 9 ]
    }, {
      "vertices" : [ 1, 9, 4 ]
    }, {
      "vertices" : [ 1, 4, 8 ]
    }, {
      "vertices" : [ 0, 9, 1 ]
    }, {
      "vertices" : [ 0, 3, 9 ]
    }, {
      "vertices" : [ 4, 5, 6 ]
    } ]
  }, {
    "id" : "112d9927-4bcc-4bde-bfef-8a6cb8a22e79",
    "vertices" : [ {
      "x" : 2.618034,
      "y" : -1.0,
      "z" : -6.854102
    }, {
      "x" : 2.4120226,
      "y" : -5.236068,
      "z" : -6.3147573
    }, {
      "x" : 3.618034,
      "y" : -7.854102,
      "z" : -9.472136
    }, {
      "x" : 5.236068,
      "y" : -2.0,
      "z" : -13.708204
    } ],
    "faces" : [ {
      "vertices" : [ 0, 1, 2 ]
    }, {
      "vertices" : [ 0, 2, 3 ]
    }, {
      "vertices" : [ 0, 3, 2 ]
    }, {
      "vertices" : [ 0, 2, 1 ]
    } ]
  }, {
    "id" : "2c1d1056-03d9-4131-a7ca-b29170742e84",
    "vertices" : [ {
      "x" : 2.8240454,
      "y" : 3.236068,
      "z" : -7.3934464
    }, {
      "x" : 1.618034,
      "y" : 5.854102,
      "z" : -4.236068
    }, {
      "x" : 0.0,
      "y" : 0.0,
      "z" : 0.0
    }, {
      "x" : 2.618034,
      "y" : -1.0,
      "z" : -6.854102
    } ],
    "faces" : [ {
      "vertices" : [ 0, 1, 2 ]
    }, {
      "vertices" : [ 0, 2, 3 ]
    }, {
      "vertices" : [ 0, 3, 2 ]
    }, {
      "vertices" : [ 0, 2, 1 ]
    } ]
  }, {
    "id" : "47d1a2ac-4ac1-400d-bade-17e05fa1d6b7",
    "vertices" : [ {
      "x" : 3.618034,
      "y" : -7.854102,
      "z" : -9.472136
    }, {
      "x" : 4.824045,
      "y" : -10.472136,
      "z" : -12.629515
    }, {
      "x" : 4.618034,
      "y" : -14.708204,
      "z" : -12.09017
    }, {
      "x" : 2.0,
      "y" : -13.708204,
      "z" : -5.236068
    } ],
    "faces" : [ {
      "vertices" : [ 0, 1, 2 ]
    }, {
      "vertices" : [ 0, 2, 3 ]
    }, {
      "vertices" : [ 0, 3, 2 ]
    }, {
      "vertices" : [ 0, 2, 1 ]
    } ]
  }, {
    "id" : "20368f09-646a-4753-8933-6a3937f206c7",
    "vertices" : [ {
      "x" : 2.0,
      "y" : -13.708204,
      "z" : -5.236068
    }, {
      "x" : -0.618034,
      "y" : -12.708204,
      "z" : 1.618034
    }, {
      "x" : -0.8240453,
      "y" : -16.944271,
      "z" : 2.1573787
    }, {
      "x" : 0.38196602,
      "y" : -19.562305,
      "z" : -1.0
    } ],
    "faces" : [ {
      "vertices" : [ 0, 1, 2 ]
    }, {
      "vertices" : [ 0, 2, 3 ]
    }, {
      "vertices" : [ 0, 3, 2 ]
    }, {
      "vertices" : [ 0, 2, 1 ]
    } ]
  }, {
    "id" : "788e4a1d-2e65-41ad-9a0a-e43e65c8aca4",
    "vertices" : [ {
      "x" : 1.0,
      "y" : -6.854102,
      "z" : -2.618034
    }, {
      "x" : -0.41202265,
      "y" : -8.472136,
      "z" : 1.0786893
    }, {
      "x" : -0.618034,
      "y" : -12.708204,
      "z" : 1.618034
    }, {
      "x" : 2.0,
      "y" : -13.708204,
      "z" : -5.236068
    } ],
    "faces" : [ {
      "vertices" : [ 0, 1, 2 ]
    }, {
      "vertices" : [ 0, 2, 3 ]
    }, {
      "vertices" : [ 0, 3, 2 ]
    }, {
      "vertices" : [ 0, 2, 1 ]
    } ]
  }, {
    "id" : "07d25bbe-ec7e-482e-a8b4-743ff01bdd02",
    "vertices" : [ {
      "x" : 3.618034,
      "y" : -7.854102,
      "z" : -9.472136
    }, {
      "x" : 2.4120226,
      "y" : -5.236068,
      "z" : -6.3147573
    }, {
      "x" : 1.0,
      "y" : -6.854102,
      "z" : -2.618034
    }, {
      "x" : 2.0,
      "y" : -13.708204,
      "z" : -5.236068
    } ],
    "faces" : [ {
      "vertices" : [ 0, 1, 2 ]
    }, {
      "vertices" : [ 0, 2, 3 ]
    }, {
      "vertices" : [ 0, 3, 2 ]
    }, {
      "vertices" : [ 0, 2, 1 ]
    } ]
  }, {
    "id" : "9c3cbc87-a62b-430e-8872-41997fccf49d",
    "vertices" : [ {
      "x" : 2.618034,
      "y" : -1.0,
      "z" : -6.854102
    }, {
      "x" : 0.0,
      "y" : 0.0,
      "z" : 0.0
    }, {
      "x" : 1.0,
      "y" : -6.854102,
      "z" : -2.618034
    }, {
      "x" : 2.4120226,
      "y" : -5.236068,
      "z" : -6.3147573
    } ],
    "faces" : [ {
      "vertices" : [ 0, 1, 2 ]
    }, {
      "vertices" : [ 0, 2, 3 ]
    }, {
      "vertices" : [ 0, 3, 2 ]
    }, {
      "vertices" : [ 0, 2, 1 ]
    } ]
  }, {
    "id" : "026cfd58-b395-4f1b-8d24-66b431314582",
    "vertices" : [ {
      "x" : 4.236068,
      "y" : 0.0,
      "z" : -1.618034
    }, {
      "x" : 3.927051,
      "y" : 0.0,
      "z" : -1.5
    }, {
      "x" : 3.5225425,
      "y" : -0.1545085,
      "z" : -1.059017
    }, {
      "x" : 3.3315594,
      "y" : -0.1545085,
      "z" : -1.559017
    }, {
      "x" : 0.9045085,
      "y" : -0.1545085,
      "z" : -0.059016995
    }, {
      "x" : 0.809017,
      "y" : 0.309017,
      "z" : -0.309017
    }, {
      "x" : 0.309017,
      "y" : 0.0,
      "z" : -0.11803399
    }, {
      "x" : 3.427051,
      "y" : 0.309017,
      "z" : -1.309017
    }, {
      "x" : 0.7135255,
      "y" : -0.1545085,
      "z" : -0.559017
    } ],
    "faces" : [ {
      "vertices" : [ 2, 4, 8 ]
    }, {
      "vertices" : [ 2, 8, 3 ]
    }, {
      "vertices" : [ 2, 7, 5 ]
    }, {
      "vertices" : [ 2, 5, 4 ]
    }, {
      "vertices" : [ 4, 6, 8 ]
    }, {
      "vertices" : [ 5, 8, 6 ]
    }, {
      "vertices" : [ 1, 2, 3 ]
    }, {
      "vertices" : [ 3, 8, 5 ]
    }, {
      "vertices" : [ 3, 5, 7 ]
    }, {
      "vertices" : [ 1, 7, 2 ]
    }, {
      "vertices" : [ 1, 3, 7 ]
    }, {
      "vertices" : [ 4, 5, 6 ]
    } ]
  }, {
    "id" : "e2940198-ed6d-4dc4-b6b4-b5f40e5fe2e0",
    "vertices" : [ {
      "x" : 5.236068,
      "y" : -2.0,
      "z" : -13.708204
    }, {
      "x" : 3.618034,
      "y" : -7.854102,
      "z" : -9.472136
    }, {
      "x" : 4.824045,
      "y" : -10.472136,
      "z" : -12.629515
    }, {
      "x" : 6.236068,
      "y" : -8.854102,
      "z" : -16.326239
    } ],
    "faces" : [ {
      "vertices" : [ 0, 1, 2 ]
    }, {
      "vertices" : [ 0, 2, 3 ]
    }, {
      "vertices" : [ 0, 3, 2 ]
    }, {
      "vertices" : [ 0, 2, 1 ]
    } ]
  } ],
  "instances" : [ {
    "shape" : "b7b27bea-e1c6-432e-8d63-aa93c8f0240a",
    "color" : "#6B351A",
    "position" : {
      "x" : -2.618034,
      "y" : 1.0,
      "z" : 6.854102
    },
    "orientation" : 42
  }, {
    "shape" : "e80e35d7-0415-4085-ae67-12fdd1183f02",
    "color" : "#FFFFFF",
    "position" : {
      "x" : 0.060113296,
      "y" : 56.068882,
      "z" : -0.15737866
    }
  }, {
    "shape" : "b7b27bea-e1c6-432e-8d63-aa93c8f0240a",
    "color" : "#6B351A",
    "position" : {
      "x" : 2.854102,
      "y" : 31.27051,
      "z" : -7.472136
    },
    "orientation" : 54
  }, {
    "shape" : "05b3b2ad-2660-4b4f-a4ec-e29fadf018e5",
    "color" : "#008D36",
    "position" : {
      "x" : -3.472136,
      "y" : -43.978714,
      "z" : 9.09017
    },
    "orientation" : 1
  }, {
    "shape" : "e80e35d7-0415-4085-ae67-12fdd1183f02",
    "color" : "#FFFFFF",
    "position" : {
      "x" : -10.120227,
      "y" : -43.59675,
      "z" : 26.495098
    }
  }, {
    "shape" : "e80e35d7-0415-4085-ae67-12fdd1183f02",
    "color" : "#FFFFFF",
    "position" : {
      "x" : 14.120227,
      "y" : 16.18034,
      "z" : -36.96723
    }
  }, {
    "shape" : "e80e35d7-0415-4085-ae67-12fdd1183f02",
    "color" : "#FFFFFF",
    "position" : {
      "x" : -6.09017,
      "y" : -42.978714,
      "z" : 15.944272
    }
  }, {
    "shape" : "05b3b2ad-2660-4b4f-a4ec-e29fadf018e5",
    "color" : "#008D36",
    "position" : {
      "x" : -18.708204,
      "y" : 26.562305,
      "z" : 48.978714
    },
    "orientation" : 28
  }, {
    "shape" : "b7b27bea-e1c6-432e-8d63-aa93c8f0240a",
    "color" : "#6B351A",
    "position" : {
      "x" : 16.326239,
      "y" : 6.708204,
      "z" : -42.742645
    },
    "orientation" : 42
  }, {
    "shape" : "05b3b2ad-2660-4b4f-a4ec-e29fadf018e5",
    "color" : "#008D36",
    "position" : {
      "x" : -11.326238,
      "y" : -40.978714,
      "z" : 29.652475
    },
    "orientation" : 40
  }, {
    "shape" : "e80e35d7-0415-4085-ae67-12fdd1183f02",
    "color" : "#FFFFFF",
    "position" : {
      "x" : 1.0,
      "y" : -6.854102,
      "z" : -2.618034
    }
  }, {
    "shape" : "b7b27bea-e1c6-432e-8d63-aa93c8f0240a",
    "color" : "#6B351A",
    "position" : {
      "x" : 12.532249,
      "y" : 38.36068,
      "z" : -32.809853
    },
    "orientation" : 54
  }, {
    "shape" : "b7b27bea-e1c6-432e-8d63-aa93c8f0240a",
    "color" : "#6B351A",
    "position" : {
      "x" : -12.884159,
      "y" : 9.236068,
      "z" : 33.731167
    },
    "orientation" : 50
  }, {
    "shape" : "b7b27bea-e1c6-432e-8d63-aa93c8f0240a",
    "color" : "#6B351A",
    "position" : {
      "x" : 7.854102,
      "y" : -3.0,
      "z" : -20.562305
    },
    "orientation" : 42
  }, {
    "shape" : "b7b27bea-e1c6-432e-8d63-aa93c8f0240a",
    "color" : "#6B351A",
    "position" : {
      "x" : 5.5879774,
      "y" : -49.59675,
      "z" : -14.629515
    },
    "orientation" : 42
  }, {
    "shape" : "05b3b2ad-2660-4b4f-a4ec-e29fadf018e5",
    "color" : "#008D36",
    "position" : {
      "x" : -2.0,
      "y" : 13.708204,
      "z" : 5.236068
    },
    "orientation" : 1
  }, {
    "shape" : "05b3b2ad-2660-4b4f-a4ec-e29fadf018e5",
    "color" : "#008D36",
    "position" : {
      "x" : -7.236068,
      "y" : 15.708204,
      "z" : 18.944271
    },
    "orientation" : 29
  }, {
    "shape" : "e80e35d7-0415-4085-ae67-12fdd1183f02",
    "color" : "#FFFFFF",
    "position" : {
      "x" : -16.944271,
      "y" : -19.416409,
      "z" : 44.36068
    }
  }, {
    "shape" : "e80e35d7-0415-4085-ae67-12fdd1183f02",
    "color" : "#FFFFFF",
    "position" : {
      "x" : 2.236068,
      "y" : 18.562305,
      "z" : -5.854102
    }
  }, {
    "shape" : "05b3b2ad-2660-4b4f-a4ec-e29fadf018e5",
    "color" : "#008D36",
    "position" : {
      "x" : -13.854102,
      "y" : 44.12461,
      "z" : 36.27051
    },
    "orientation" : 32
  }, {
    "shape" : "b7b27bea-e1c6-432e-8d63-aa93c8f0240a",
    "color" : "#6B351A",
    "position" : {
      "x" : 8.708204,
      "y" : 41.978714,
      "z" : -22.798374
    },
    "orientation" : 50
  }, {
    "shape" : "e80e35d7-0415-4085-ae67-12fdd1183f02",
    "color" : "#FFFFFF",
    "position" : {
      "x" : -7.854102,
      "y" : 3.0,
      "z" : 20.562305
    }
  }, {
    "shape" : "05b3b2ad-2660-4b4f-a4ec-e29fadf018e5",
    "color" : "#008D36",
    "position" : {
      "x" : -1.236068,
      "y" : -25.416409,
      "z" : 3.236068
    },
    "orientation" : 29
  }, {
    "shape" : "112d9927-4bcc-4bde-bfef-8a6cb8a22e79",
    "color" : "#F7CF7F",
    "position" : {
      "x" : 0.0,
      "y" : 0.0,
      "z" : 0.0
    }
  }, {
    "shape" : "e80e35d7-0415-4085-ae67-12fdd1183f02",
    "color" : "#FFFFFF",
    "position" : {
      "x" : 6.854102,
      "y" : 3.854102,
      "z" : -17.944271
    }
  }, {
    "shape" : "e80e35d7-0415-4085-ae67-12fdd1183f02",
    "color" : "#FFFFFF",
    "position" : {
      "x" : 6.0601134,
      "y" : 14.944272,
      "z" : -15.865582
    }
  }, {
    "shape" : "05b3b2ad-2660-4b4f-a4ec-e29fadf018e5",
    "color" : "#008D36",
    "position" : {
      "x" : 15.708204,
      "y" : -6.0,
      "z" : -41.12461
    },
    "orientation" : 49
  }, {
    "shape" : "b7b27bea-e1c6-432e-8d63-aa93c8f0240a",
    "color" : "#6B351A",
    "position" : {
      "x" : 10.060113,
      "y" : -12.472136,
      "z" : -26.337719
    },
    "orientation" : 50
  }, {
    "shape" : "b7b27bea-e1c6-432e-8d63-aa93c8f0240a",
    "color" : "#6B351A",
    "position" : {
      "x" : -10.854102,
      "y" : 23.562305,
      "z" : 28.416409
    },
    "orientation" : 54
  }, {
    "shape" : "05b3b2ad-2660-4b4f-a4ec-e29fadf018e5",
    "color" : "#008D36",
    "position" : {
      "x" : -6.472136,
      "y" : -23.416409,
      "z" : 16.944271
    },
    "orientation" : 28
  }, {
    "shape" : "e80e35d7-0415-4085-ae67-12fdd1183f02",
    "color" : "#FFFFFF",
    "position" : {
      "x" : -8.0,
      "y" : 54.832817,
      "z" : 20.944271
    }
  }, {
    "shape" : "b7b27bea-e1c6-432e-8d63-aa93c8f0240a",
    "color" : "#6B351A",
    "position" : {
      "x" : 8.236068,
      "y" : -22.562305,
      "z" : -21.562305
    },
    "orientation" : 50
  }, {
    "shape" : "e80e35d7-0415-4085-ae67-12fdd1183f02",
    "color" : "#FFFFFF",
    "position" : {
      "x" : 5.0,
      "y" : -34.27051,
      "z" : -13.09017
    }
  }, {
    "shape" : "05b3b2ad-2660-4b4f-a4ec-e29fadf018e5",
    "color" : "#008D36",
    "position" : {
      "x" : 22.18034,
      "y" : 17.416409,
      "z" : -58.068882
    },
    "orientation" : 1
  }, {
    "shape" : "e80e35d7-0415-4085-ae67-12fdd1183f02",
    "color" : "#FFFFFF",
    "position" : {
      "x" : -8.708204,
      "y" : -41.978714,
      "z" : 22.798374
    }
  }, {
    "shape" : "e80e35d7-0415-4085-ae67-12fdd1183f02",
    "color" : "#FFFFFF",
    "position" : {
      "x" : -8.412023,
      "y" : 46.36068,
      "z" : 22.02296
    }
  }, {
    "shape" : "e80e35d7-0415-4085-ae67-12fdd1183f02",
    "color" : "#FFFFFF",
    "position" : {
      "x" : -0.35190937,
      "y" : 47.59675,
      "z" : 0.92131066
    }
  }, {
    "shape" : "05b3b2ad-2660-4b4f-a4ec-e29fadf018e5",
    "color" : "#008D36",
    "position" : {
      "x" : 6.236068,
      "y" : -8.854102,
      "z" : -16.326239
    },
    "orientation" : 1
  }, {
    "shape" : "05b3b2ad-2660-4b4f-a4ec-e29fadf018e5",
    "color" : "#008D36",
    "position" : {
      "x" : -8.472136,
      "y" : -9.708204,
      "z" : 22.18034
    },
    "orientation" : 40
  }, {
    "shape" : "b7b27bea-e1c6-432e-8d63-aa93c8f0240a",
    "color" : "#6B351A",
    "position" : {
      "x" : -1.1759547,
      "y" : 30.652475,
      "z" : 3.0786893
    },
    "orientation" : 42
  }, {
    "shape" : "05b3b2ad-2660-4b4f-a4ec-e29fadf018e5",
    "color" : "#008D36",
    "position" : {
      "x" : 10.236068,
      "y" : -36.27051,
      "z" : -26.798374
    },
    "orientation" : 1
  }, {
    "shape" : "05b3b2ad-2660-4b4f-a4ec-e29fadf018e5",
    "color" : "#008D36",
    "position" : {
      "x" : -17.326239,
      "y" : 0.14589803,
      "z" : 45.36068
    },
    "orientation" : 40
  }, {
    "shape" : "b7b27bea-e1c6-432e-8d63-aa93c8f0240a",
    "color" : "#6B351A",
    "position" : {
      "x" : 1.4721359,
      "y" : 57.686916,
      "z" : -3.854102
    },
    "orientation" : 50
  }, {
    "shape" : "b7b27bea-e1c6-432e-8d63-aa93c8f0240a",
    "color" : "#6B351A",
    "position" : {
      "x" : 3.854102,
      "y" : 24.416409,
      "z" : -10.09017
    },
    "orientation" : 42
  }, {
    "shape" : "e80e35d7-0415-4085-ae67-12fdd1183f02",
    "color" : "#FFFFFF",
    "position" : {
      "x" : 0.8240453,
      "y" : 16.944271,
      "z" : -2.1573787
    }
  }, {
    "shape" : "e80e35d7-0415-4085-ae67-12fdd1183f02",
    "color" : "#FFFFFF",
    "position" : {
      "x" : -9.64809,
      "y" : 20.944271,
      "z" : 25.25903
    }
  }, {
    "shape" : "e80e35d7-0415-4085-ae67-12fdd1183f02",
    "color" : "#FFFFFF",
    "position" : {
      "x" : -18.708204,
      "y" : 26.562305,
      "z" : 48.978714
    }
  }, {
    "shape" : "e80e35d7-0415-4085-ae67-12fdd1183f02",
    "color" : "#FFFFFF",
    "position" : {
      "x" : 17.708204,
      "y" : -19.708204,
      "z" : -46.36068
    }
  }, {
    "shape" : "b7b27bea-e1c6-432e-8d63-aa93c8f0240a",
    "color" : "#6B351A",
    "position" : {
      "x" : -11.09017,
      "y" : -8.708204,
      "z" : 29.034441
    },
    "orientation" : 42
  }, {
    "shape" : "05b3b2ad-2660-4b4f-a4ec-e29fadf018e5",
    "color" : "#008D36",
    "position" : {
      "x" : 9.618034,
      "y" : -48.978714,
      "z" : -25.18034
    },
    "orientation" : 49
  }, {
    "shape" : "05b3b2ad-2660-4b4f-a4ec-e29fadf018e5",
    "color" : "#008D36",
    "position" : {
      "x" : -9.708204,
      "y" : -35.12461,
      "z" : 25.416409
    },
    "orientation" : 28
  }, {
    "shape" : "05b3b2ad-2660-4b4f-a4ec-e29fadf018e5",
    "color" : "#008D36",
    "position" : {
      "x" : 6.0,
      "y" : -41.12461,
      "z" : -15.708204
    },
    "orientation" : 28
  }, {
    "shape" : "e80e35d7-0415-4085-ae67-12fdd1183f02",
    "color" : "#FFFFFF",
    "position" : {
      "x" : -2.854102,
      "y" : -31.27051,
      "z" : 7.472136
    }
  }, {
    "shape" : "b7b27bea-e1c6-432e-8d63-aa93c8f0240a",
    "color" : "#6B351A",
    "position" : {
      "x" : -2.854102,
      "y" : -31.27051,
      "z" : 7.472136
    },
    "orientation" : 54
  }, {
    "shape" : "e80e35d7-0415-4085-ae67-12fdd1183f02",
    "color" : "#FFFFFF",
    "position" : {
      "x" : -2.236068,
      "y" : -18.562305,
      "z" : 5.854102
    }
  }, {
    "shape" : "e80e35d7-0415-4085-ae67-12fdd1183f02",
    "color" : "#FFFFFF",
    "position" : {
      "x" : -6.618034,
      "y" : 28.416409,
      "z" : 17.326239
    }
  }, {
    "shape" : "e80e35d7-0415-4085-ae67-12fdd1183f02",
    "color" : "#FFFFFF",
    "position" : {
      "x" : 16.09017,
      "y" : -25.562305,
      "z" : -42.12461
    }
  }, {
    "shape" : "05b3b2ad-2660-4b4f-a4ec-e29fadf018e5",
    "color" : "#008D36",
    "position" : {
      "x" : 0.47213596,
      "y" : 64.54102,
      "z" : -1.236068
    },
    "orientation" : 40
  }, {
    "shape" : "e80e35d7-0415-4085-ae67-12fdd1183f02",
    "color" : "#FFFFFF",
    "position" : {
      "x" : 1.6480906,
      "y" : 33.888542,
      "z" : -4.3147573
    }
  }, {
    "shape" : "b7b27bea-e1c6-432e-8d63-aa93c8f0240a",
    "color" : "#6B351A",
    "position" : {
      "x" : 7.472136,
      "y" : 16.562305,
      "z" : -19.562305
    },
    "orientation" : 50
  }, {
    "shape" : "e80e35d7-0415-4085-ae67-12fdd1183f02",
    "color" : "#FFFFFF",
    "position" : {
      "x" : -4.0,
      "y" : 27.416409,
      "z" : 10.472136
    }
  }, {
    "shape" : "05b3b2ad-2660-4b4f-a4ec-e29fadf018e5",
    "color" : "#008D36",
    "position" : {
      "x" : 11.09017,
      "y" : 8.708204,
      "z" : -29.034441
    },
    "orientation" : 29
  }, {
    "shape" : "b7b27bea-e1c6-432e-8d63-aa93c8f0240a",
    "color" : "#6B351A",
    "position" : {
      "x" : 15.944272,
      "y" : 26.27051,
      "z" : -41.742645
    },
    "orientation" : 50
  }, {
    "shape" : "b7b27bea-e1c6-432e-8d63-aa93c8f0240a",
    "color" : "#6B351A",
    "position" : {
      "x" : -10.884159,
      "y" : -4.472136,
      "z" : 28.495098
    },
    "orientation" : 50
  }, {
    "shape" : "e80e35d7-0415-4085-ae67-12fdd1183f02",
    "color" : "#FFFFFF",
    "position" : {
      "x" : -13.708204,
      "y" : -7.708204,
      "z" : 35.888542
    }
  }, {
    "shape" : "b7b27bea-e1c6-432e-8d63-aa93c8f0240a",
    "color" : "#6B351A",
    "position" : {
      "x" : -7.0,
      "y" : 47.978714,
      "z" : 18.326239
    },
    "orientation" : 50
  }, {
    "shape" : "e80e35d7-0415-4085-ae67-12fdd1183f02",
    "color" : "#FFFFFF",
    "position" : {
      "x" : -16.88416,
      "y" : 36.652477,
      "z" : 44.2033
    }
  }, {
    "shape" : "05b3b2ad-2660-4b4f-a4ec-e29fadf018e5",
    "color" : "#008D36",
    "position" : {
      "x" : -9.708204,
      "y" : -35.12461,
      "z" : 25.416409
    },
    "orientation" : 40
  }, {
    "shape" : "b7b27bea-e1c6-432e-8d63-aa93c8f0240a",
    "color" : "#6B351A",
    "position" : {
      "x" : -10.120227,
      "y" : -43.59675,
      "z" : 26.495098
    },
    "orientation" : 54
  }, {
    "shape" : "e80e35d7-0415-4085-ae67-12fdd1183f02",
    "color" : "#FFFFFF",
    "position" : {
      "x" : 8.236068,
      "y" : -22.562305,
      "z" : -21.562305
    }
  }, {
    "shape" : "b7b27bea-e1c6-432e-8d63-aa93c8f0240a",
    "color" : "#6B351A",
    "position" : {
      "x" : -14.884159,
      "y" : 22.944271,
      "z" : 38.96723
    },
    "orientation" : 50
  }, {
    "shape" : "b7b27bea-e1c6-432e-8d63-aa93c8f0240a",
    "color" : "#6B351A",
    "position" : {
      "x" : -6.8841586,
      "y" : -31.888544,
      "z" : 18.02296
    },
    "orientation" : 54
  }, {
    "shape" : "e80e35d7-0415-4085-ae67-12fdd1183f02",
    "color" : "#FFFFFF",
    "position" : {
      "x" : 3.0,
      "y" : -20.562305,
      "z" : -7.854102
    }
  }, {
    "shape" : "05b3b2ad-2660-4b4f-a4ec-e29fadf018e5",
    "color" : "#008D36",
    "position" : {
      "x" : 5.236068,
      "y" : -2.0,
      "z" : -13.708204
    },
    "orientation" : 1
  }, {
    "shape" : "e80e35d7-0415-4085-ae67-12fdd1183f02",
    "color" : "#FFFFFF",
    "position" : {
      "x" : 16.708204,
      "y" : -12.854102,
      "z" : -43.742645
    }
  }, {
    "shape" : "e80e35d7-0415-4085-ae67-12fdd1183f02",
    "color" : "#FFFFFF",
    "position" : {
      "x" : 3.618034,
      "y" : -7.854102,
      "z" : -9.472136
    }
  }, {
    "shape" : "05b3b2ad-2660-4b4f-a4ec-e29fadf018e5",
    "color" : "#008D36",
    "position" : {
      "x" : 0.618034,
      "y" : 12.708204,
      "z" : -1.618034
    },
    "orientation" : 32
  }, {
    "shape" : "05b3b2ad-2660-4b4f-a4ec-e29fadf018e5",
    "color" : "#008D36",
    "position" : {
      "x" : 10.09017,
      "y" : 15.562305,
      "z" : -26.416409
    },
    "orientation" : 49
  }, {
    "shape" : "b7b27bea-e1c6-432e-8d63-aa93c8f0240a",
    "color" : "#6B351A",
    "position" : {
      "x" : -4.8841586,
      "y" : -45.59675,
      "z" : 12.786893
    },
    "orientation" : 50
  }, {
    "shape" : "05b3b2ad-2660-4b4f-a4ec-e29fadf018e5",
    "color" : "#008D36",
    "position" : {
      "x" : -18.562305,
      "y" : -25.27051,
      "z" : 48.59675
    },
    "orientation" : 40
  }, {
    "shape" : "e80e35d7-0415-4085-ae67-12fdd1183f02",
    "color" : "#FFFFFF",
    "position" : {
      "x" : 9.296182,
      "y" : 26.652475,
      "z" : -24.337719
    }
  }, {
    "shape" : "e80e35d7-0415-4085-ae67-12fdd1183f02",
    "color" : "#FFFFFF",
    "position" : {
      "x" : -7.296181,
      "y" : -40.36068,
      "z" : 19.10165
    }
  }, {
    "shape" : "e80e35d7-0415-4085-ae67-12fdd1183f02",
    "color" : "#FFFFFF",
    "position" : {
      "x" : 3.381966,
      "y" : -40.12461,
      "z" : -8.854102
    }
  }, {
    "shape" : "05b3b2ad-2660-4b4f-a4ec-e29fadf018e5",
    "color" : "#008D36",
    "position" : {
      "x" : -16.944271,
      "y" : -19.416409,
      "z" : 44.36068
    },
    "orientation" : 28
  }, {
    "shape" : "e80e35d7-0415-4085-ae67-12fdd1183f02",
    "color" : "#FFFFFF",
    "position" : {
      "x" : -4.236068,
      "y" : 0.0,
      "z" : -1.618034
    }
  }, {
    "shape" : "e80e35d7-0415-4085-ae67-12fdd1183f02",
    "color" : "#FFFFFF",
    "position" : {
      "x" : 2.8240454,
      "y" : 3.236068,
      "z" : -7.3934464
    }
  }, {
    "shape" : "e80e35d7-0415-4085-ae67-12fdd1183f02",
    "color" : "#FFFFFF",
    "position" : {
      "x" : 10.884159,
      "y" : 4.472136,
      "z" : -28.495098
    }
  }, {
    "shape" : "05b3b2ad-2660-4b4f-a4ec-e29fadf018e5",
    "color" : "#008D36",
    "position" : {
      "x" : -16.472136,
      "y" : 45.12461,
      "z" : 43.12461
    },
    "orientation" : 40
  }, {
    "shape" : "e80e35d7-0415-4085-ae67-12fdd1183f02",
    "color" : "#FFFFFF",
    "position" : {
      "x" : 15.09017,
      "y" : -18.708204,
      "z" : -39.506577
    }
  }, {
    "shape" : "e80e35d7-0415-4085-ae67-12fdd1183f02",
    "color" : "#FFFFFF",
    "position" : {
      "x" : 9.472136,
      "y" : 2.854102,
      "z" : -24.798374
    }
  }, {
    "shape" : "05b3b2ad-2660-4b4f-a4ec-e29fadf018e5",
    "color" : "#008D36",
    "position" : {
      "x" : -2.472136,
      "y" : -50.832817,
      "z" : 6.472136
    },
    "orientation" : 29
  }, {
    "shape" : "e80e35d7-0415-4085-ae67-12fdd1183f02",
    "color" : "#FFFFFF",
    "position" : {
      "x" : 17.356295,
      "y" : 27.888544,
      "z" : -45.43937
    }
  }, {
    "shape" : "b7b27bea-e1c6-432e-8d63-aa93c8f0240a",
    "color" : "#6B351A",
    "position" : {
      "x" : -4.618034,
      "y" : 14.708204,
      "z" : 12.09017
    },
    "orientation" : 42
  }, {
    "shape" : "05b3b2ad-2660-4b4f-a4ec-e29fadf018e5",
    "color" : "#008D36",
    "position" : {
      "x" : -9.09017,
      "y" : -22.416409,
      "z" : 23.798374
    },
    "orientation" : 29
  }, {
    "shape" : "e80e35d7-0415-4085-ae67-12fdd1183f02",
    "color" : "#FFFFFF",
    "position" : {
      "x" : 0.41202265,
      "y" : 8.472136,
      "z" : -1.0786893
    }
  }, {
    "shape" : "05b3b2ad-2660-4b4f-a4ec-e29fadf018e5",
    "color" : "#008D36",
    "position" : {
      "x" : -8.854102,
      "y" : 9.854102,
      "z" : 23.18034
    },
    "orientation" : 40
  }, {
    "shape" : "e80e35d7-0415-4085-ae67-12fdd1183f02",
    "color" : "#FFFFFF",
    "position" : {
      "x" : 13.326238,
      "y" : 27.27051,
      "z" : -34.888542
    }
  }, {
    "shape" : "05b3b2ad-2660-4b4f-a4ec-e29fadf018e5",
    "color" : "#008D36",
    "position" : {
      "x" : 2.472136,
      "y" : 50.832817,
      "z" : -6.472136
    },
    "orientation" : 29
  }, {
    "shape" : "e80e35d7-0415-4085-ae67-12fdd1183f02",
    "color" : "#FFFFFF",
    "position" : {
      "x" : 11.854102,
      "y" : -30.416409,
      "z" : -31.034441
    }
  }, {
    "shape" : "05b3b2ad-2660-4b4f-a4ec-e29fadf018e5",
    "color" : "#008D36",
    "position" : {
      "x" : -10.708204,
      "y" : -28.27051,
      "z" : 28.034441
    },
    "orientation" : 1
  }, {
    "shape" : "05b3b2ad-2660-4b4f-a4ec-e29fadf018e5",
    "color" : "#008D36",
    "position" : {
      "x" : -10.472136,
      "y" : 4.0,
      "z" : 27.416409
    },
    "orientation" : 40
  }, {
    "shape" : "e80e35d7-0415-4085-ae67-12fdd1183f02",
    "color" : "#FFFFFF",
    "position" : {
      "x" : 10.060113,
      "y" : -12.472136,
      "z" : -26.337719
    }
  }, {
    "shape" : "e80e35d7-0415-4085-ae67-12fdd1183f02",
    "color" : "#FFFFFF",
    "position" : {
      "x" : 2.8841586,
      "y" : 59.30495,
      "z" : -7.550825
    }
  }, {
    "shape" : "b7b27bea-e1c6-432e-8d63-aa93c8f0240a",
    "color" : "#6B351A",
    "position" : {
      "x" : -5.0,
      "y" : 34.27051,
      "z" : 13.09017
    },
    "orientation" : 50
  }, {
    "shape" : "05b3b2ad-2660-4b4f-a4ec-e29fadf018e5",
    "color" : "#008D36",
    "position" : {
      "x" : 12.944272,
      "y" : 46.832817,
      "z" : -33.888542
    },
    "orientation" : 32
  }, {
