{
  "polygons" : "true",
  "field" : "golden",
  "symmetry" : "icosahedral",
  "orientations" : [ [ 1.0, 0.0, 0.0, 0.0, 0.0, 1.0, 0.0, 0.0, 0.0, 0.0, 1.0, 0.0, 0.0, 0.0, 0.0, 1.0 ], [ 0.0, 0.0, 1.0, 0.0, 1.0, 0.0, 0.0, 0.0, 0.0, 1.0, 0.0, 0.0, 0.0, 0.0, 0.0, 1.0 ], [ 0.0, 1.0, 0.0, 0.0, 0.0, 0.0, 1.0, 0.0, 1.0, 0.0, 0.0, 0.0, 0.0, 0.0, 0.0, 1.0 ], [ 0.809017, 0.309017, 0.5, 0.0, 0.309017, 0.5, -0.809017, 0.0, -0.5, 0.809017, 0.309017, 0.0, 0.0, 0.0, 0.0, 1.0 ], [ -0.5, 0.809017, 0.309017, 0.0, 0.809017, 0.309017, 0.5, 0.0, 0.309017, 0.5, -0.809017, 0.0, 0.0, 0.0, 0.0, 1.0 ], [ 0.309017, 0.5, -0.809017, 0.0, -0.5, 0.809017, 0.309017, 0.0, 0.809017, 0.309017, 0.5, 0.0, 0.0, 0.0, 0.0, 1.0 ], [ 0.5, 0.809017, 0.309017, 0.0, 0.809017, -0.309017, -0.5, 0.0, -0.309017, 0.5, -0.809017, 0.0, 0.0, 0.0, 0.0, 1.0 ], [ -0.309017, 0.5, -0.809017, 0.0, 0.5, 0.809017, 0.309017, 0.0, 0.809017, -0.309017, -0.5, 0.0, 0.0, 0.0, 0.0, 1.0 ], [ 0.809017, -0.309017, -0.5, 0.0, -0.309017, 0.5, -0.809017, 0.0, 0.5, 0.809017, 0.309017, 0.0, 0.0, 0.0, 0.0, 1.0 ], [ 0.5, 0.809017, -0.309017, 0.0, 0.809017, -0.309017, 0.5, 0.0, 0.309017, -0.5, -0.809017, 0.0, 0.0, 0.0, 0.0, 1.0 ], [ 0.309017, -0.5, -0.809017, 0.0, 0.5, 0.809017, -0.309017, 0.0, 0.809017, -0.309017, 0.5, 0.0, 0.0, 0.0, 0.0, 1.0 ], [ 0.809017, -0.309017, 0.5, 0.0, 0.309017, -0.5, -0.809017, 0.0, 0.5, 0.809017, -0.309017, 0.0, 0.0, 0.0, 0.0, 1.0 ], [ 0.809017, 0.309017, -0.5, 0.0, 0.309017, 0.5, 0.809017, 0.0, 0.5, -0.809017, 0.309017, 0.0, 0.0, 0.0, 0.0, 1.0 ], [ 0.5, -0.809017, 0.309017, 0.0, 0.809017, 0.309017, -0.5, 0.0, 0.309017, 0.5, 0.809017, 0.0, 0.0, 0.0, 0.0, 1.0 ], [ 0.309017, 0.5, 0.809017, 0.0, 0.5, -0.809017, 0.309017, 0.0, 0.809017, 0.309017, -0.5, 0.0, 0.0, 0.0, 0.0, 1.0 ], [ 1.0, 0.0, 0.0, 0.0, 0.0, -1.0, 0.0, 0.0, 0.0, 0.0, -1.0, 0.0, 0.0, 0.0, 0.0, 1.0 ], [ 0.0, 0.0, 1.0, 0.0, -1.0, 0.0, 0.0, 0.0, 0.0, -1.0, 0.0, 0.0, 0.0, 0.0, 0.0, 1.0 ], [ 0.0, 1.0, 0.0, 0.0, 0.0, 0.0, -1.0, 0.0, -1.0, 0.0, 0.0, 0.0, 0.0, 0.0, 0.0, 1.0 ], [ 0.809017, 0.309017, 0.5, 0.0, -0.309017, -0.5, 0.809017, 0.0, 0.5, -0.809017, -0.309017, 0.0, 0.0, 0.0, 0.0, 1.0 ], [ -0.5, 0.809017, 0.309017, 0.0, -0.809017, -0.309017, -0.5, 0.0, -0.309017, -0.5, 0.809017, 0.0, 0.0, 0.0, 0.0, 1.0 ], [ 0.309017, 0.5, -0.809017, 0.0, 0.5, -0.809017, -0.309017, 0.0, -0.809017, -0.309017, -0.5, 0.0, 0.0, 0.0, 0.0, 1.0 ], [ 0.5, 0.809017, 0.309017, 0.0, -0.809017, 0.309017, 0.5, 0.0, 0.309017, -0.5, 0.809017, 0.0, 0.0, 0.0, 0.0, 1.0 ], [ -0.309017, 0.5, -0.809017, 0.0, -0.5, -0.809017, -0.309017, 0.0, -0.809017, 0.309017, 0.5, 0.0, 0.0, 0.0, 0.0, 1.0 ], [ 0.809017, -0.309017, -0.5, 0.0, 0.309017, -0.5, 0.809017, 0.0, -0.5, -0.809017, -0.309017, 0.0, 0.0, 0.0, 0.0, 1.0 ], [ 0.5, 0.809017, -0.309017, 0.0, -0.809017, 0.309017, -0.5, 0.0, -0.309017, 0.5, 0.809017, 0.0, 0.0, 0.0, 0.0, 1.0 ], [ 0.309017, -0.5, -0.809017, 0.0, -0.5, -0.809017, 0.309017, 0.0, -0.809017, 0.309017, -0.5, 0.0, 0.0, 0.0, 0.0, 1.0 ], [ 0.809017, -0.309017, 0.5, 0.0, -0.309017, 0.5, 0.809017, 0.0, -0.5, -0.809017, 0.309017, 0.0, 0.0, 0.0, 0.0, 1.0 ], [ 0.809017, 0.309017, -0.5, 0.0, -0.309017, -0.5, -0.809017, 0.0, -0.5, 0.809017, -0.309017, 0.0, 0.0, 0.0, 0.0, 1.0 ], [ 0.5, -0.809017, 0.309017, 0.0, -0.809017, -0.309017, 0.5, 0.0, -0.309017, -0.5, -0.809017, 0.0, 0.0, 0.0, 0.0, 1.0 ], [ 0.309017, 0.5, 0.809017, 0.0, -0.5, 0.809017, -0.309017, 0.0, -0.809017, -0.309017, 0.5, 0.0, 0.0, 0.0, 0.0, 1.0 ], [ -1.0, 0.0, 0.0, 0.0, 0.0, -1.0, 0.0, 0.0, 0.0, 0.0, 1.0, 0.0, 0.0, 0.0, 0.0, 1.0 ], [ 0.0, 0.0, -1.0, 0.0, -1.0, 0.0, 0.0, 0.0, 0.0, 1.0, 0.0, 0.0, 0.0, 0.0, 0.0, 1.0 ], [ 0.0, -1.0, 0.0, 0.0, 0.0, 0.0, -1.0, 0.0, 1.0, 0.0, 0.0, 0.0, 0.0, 0.0, 0.0, 1.0 ], [ -0.809017, -0.309017, -0.5, 0.0, -0.309017, -0.5, 0.809017, 0.0, -0.5, 0.809017, 0.309017, 0.0, 0.0, 0.0, 0.0, 1.0 ], [ 0.5, -0.809017, -0.309017, 0.0, -0.809017, -0.309017, -0.5, 0.0, 0.309017, 0.5, -0.809017, 0.0, 0.0, 0.0, 0.0, 1.0 ], [ -0.309017, -0.5, 0.809017, 0.0, 0.5, -0.809017, -0.309017, 0.0, 0.809017, 0.309017, 0.5, 0.0, 0.0, 0.0, 0.0, 1.0 ], [ -0.5, -0.809017, -0.309017, 0.0, -0.809017, 0.309017, 0.5, 0.0, -0.309017, 0.5, -0.809017, 0.0, 0.0, 0.0, 0.0, 1.0 ], [ 0.309017, -0.5, 0.809017, 0.0, -0.5, -0.809017, -0.309017, 0.0, 0.809017, -0.309017, -0.5, 0.0, 0.0, 0.0, 0.0, 1.0 ], [ -0.809017, 0.309017, 0.5, 0.0, 0.309017, -0.5, 0.809017, 0.0, 0.5, 0.809017, 0.309017, 0.0, 0.0, 0.0, 0.0, 1.0 ], [ -0.5, -0.809017, 0.309017, 0.0, -0.809017, 0.309017, -0.5, 0.0, 0.309017, -0.5, -0.809017, 0.0, 0.0, 0.0, 0.0, 1.0 ], [ -0.309017, 0.5, 0.809017, 0.0, -0.5, -0.809017, 0.309017, 0.0, 0.809017, -0.309017, 0.5, 0.0, 0.0, 0.0, 0.0, 1.0 ], [ -0.809017, 0.309017, -0.5, 0.0, -0.309017, 0.5, 0.809017, 0.0, 0.5, 0.809017, -0.309017, 0.0, 0.0, 0.0, 0.0, 1.0 ], [ -0.809017, -0.309017, 0.5, 0.0, -0.309017, -0.5, -0.809017, 0.0, 0.5, -0.809017, 0.309017, 0.0, 0.0, 0.0, 0.0, 1.0 ], [ -0.5, 0.809017, -0.309017, 0.0, -0.809017, -0.309017, 0.5, 0.0, 0.309017, 0.5, 0.809017, 0.0, 0.0, 0.0, 0.0, 1.0 ], [ -0.309017, -0.5, -0.809017, 0.0, -0.5, 0.809017, -0.309017, 0.0, 0.809017, 0.309017, -0.5, 0.0, 0.0, 0.0, 0.0, 1.0 ], [ -1.0, 0.0, 0.0, 0.0, 0.0, 1.0, 0.0, 0.0, 0.0, 0.0, -1.0, 0.0, 0.0, 0.0, 0.0, 1.0 ], [ 0.0, 0.0, -1.0, 0.0, 1.0, 0.0, 0.0, 0.0, 0.0, -1.0, 0.0, 0.0, 0.0, 0.0, 0.0, 1.0 ], [ 0.0, -1.0, 0.0, 0.0, 0.0, 0.0, 1.0, 0.0, -1.0, 0.0, 0.0, 0.0, 0.0, 0.0, 0.0, 1.0 ], [ -0.809017, -0.309017, -0.5, 0.0, 0.309017, 0.5, -0.809017, 0.0, 0.5, -0.809017, -0.309017, 0.0, 0.0, 0.0, 0.0, 1.0 ], [ 0.5, -0.809017, -0.309017, 0.0, 0.809017, 0.309017, 0.5, 0.0, -0.309017, -0.5, 0.809017, 0.0, 0.0, 0.0, 0.0, 1.0 ], [ -0.309017, -0.5, 0.809017, 0.0, -0.5, 0.809017, 0.309017, 0.0, -0.809017, -0.309017, -0.5, 0.0, 0.0, 0.0, 0.0, 1.0 ], [ -0.5, -0.809017, -0.309017, 0.0, 0.809017, -0.309017, -0.5, 0.0, 0.309017, -0.5, 0.809017, 0.0, 0.0, 0.0, 0.0, 1.0 ], [ 0.309017, -0.5, 0.809017, 0.0, 0.5, 0.809017, 0.309017, 0.0, -0.809017, 0.309017, 0.5, 0.0, 0.0, 0.0, 0.0, 1.0 ], [ -0.809017, 0.309017, 0.5, 0.0, -0.309017, 0.5, -0.809017, 0.0, -0.5, -0.809017, -0.309017, 0.0, 0.0, 0.0, 0.0, 1.0 ], [ -0.5, -0.809017, 0.309017, 0.0, 0.809017, -0.309017, 0.5, 0.0, -0.309017, 0.5, 0.809017, 0.0, 0.0, 0.0, 0.0, 1.0 ], [ -0.309017, 0.5, 0.809017, 0.0, 0.5, 0.809017, -0.309017, 0.0, -0.809017, 0.309017, -0.5, 0.0, 0.0, 0.0, 0.0, 1.0 ], [ -0.809017, 0.309017, -0.5, 0.0, 0.309017, -0.5, -0.809017, 0.0, -0.5, -0.809017, 0.309017, 0.0, 0.0, 0.0, 0.0, 1.0 ], [ -0.809017, -0.309017, 0.5, 0.0, 0.309017, 0.5, 0.809017, 0.0, -0.5, 0.809017, -0.309017, 0.0, 0.0, 0.0, 0.0, 1.0 ], [ -0.5, 0.809017, -0.309017, 0.0, 0.809017, 0.309017, -0.5, 0.0, -0.309017, -0.5, -0.809017, 0.0, 0.0, 0.0, 0.0, 1.0 ], [ -0.309017, -0.5, -0.809017, 0.0, 0.5, -0.809017, 0.309017, 0.0, -0.809017, -0.309017, 0.5, 0.0, 0.0, 0.0, 0.0, 1.0 ] ],
  "lights" : {
    "ambientColor" : "#292929",
    "backgroundColor" : "#AFC8DC",
    "directionalLights" : [ {
      "direction" : [ 1.0, -1.0, -1.0 ],
      "color" : "#EBEBE4"
    }, {
      "direction" : [ -1.0, 0.0, 0.0 ],
      "color" : "#E4E4EB"
    }, {
      "direction" : [ 0.0, 0.0, -1.0 ],
      "color" : "#1E1E1E"
    } ]
  },
  "camera" : {
    "stereo" : false,
    "width" : 55.16736,
    "lookAtPoint" : {
      "x" : 0.0,
      "y" : 0.0,
      "z" : 0.0
    },
    "lookDirection" : {
      "x" : 0.03953263,
      "y" : 0.97617054,
      "z" : -0.21337439
    },
    "upDirection" : {
      "x" : 0.057825733,
      "y" : 0.21094812,
      "z" : 0.97578496
    },
    "nearClipDistance" : 0.30648544,
    "farClipDistance" : 245.18834,
    "perspective" : true,
    "fieldOfView" : 0.44262874,
    "viewDistance" : 122.59417,
    "lookAtPointRV" : {
      "x" : 0.0,
      "y" : 0.0,
      "z" : 0.0,
      "zero" : true
    },
    "lookDirectionRV" : {
      "x" : 0.03953263,
      "y" : 0.97617054,
      "z" : -0.21337439,
      "zero" : false
    },
    "upDirectionRV" : {
      "x" : 0.057825733,
      "y" : 0.21094812,
      "z" : 0.97578496,
      "zero" : false
    },
    "position" : {
      "x" : -4.8464704,
      "y" : -119.67281,
      "z" : 26.158457
    }
  },
  "embedding" : [ 1.0, 0.0, 0.0, 0.0, 0.0, 1.0, 0.0, 0.0, 0.0, 0.0, 1.0, 0.0, 0.0, 0.0, 0.0, 1.0 ],
  "shapes" : [ {
    "id" : "10bd2c3e-33c8-415d-a726-b8fab6e8482f",
    "vertices" : [ {
      "x" : 0.0,
      "y" : 0.0,
      "z" : 0.0
    }, {
      "x" : -4.1901455,
      "y" : 1.166149,
      "z" : 1.5119982
    }, {
      "x" : -3.1901455,
      "y" : 2.1661491,
      "z" : 0.51199824
    } ],
    "faces" : [ {
      "vertices" : [ 0, 1, 2 ]
    }, {
      "vertices" : [ 0, 2, 1 ]
    } ]
  }, {
    "id" : "dd88a947-e96b-41d1-9702-85cf6f05a4cc",
    "vertices" : [ {
      "x" : 0.0,
      "y" : 0.0,
      "z" : 0.0
    }, {
      "x" : -2.8240454,
      "y" : 2.8240454,
      "z" : 0.0
    }, {
      "x" : -6.187435,
      "y" : -0.53934467,
      "z" : 3.36339
    }, {
      "x" : -3.236068,
      "y" : -3.236068,
      "z" : 3.236068
    } ],
    "faces" : [ {
      "vertices" : [ 0, 1, 2, 3 ]
    }, {
      "vertices" : [ 0, 3, 2, 1 ]
    } ]
  }, {
    "id" : "22ca38e2-32c2-4cf5-9cf6-4bd53a9b73d5",
    "vertices" : [ {
      "x" : 0.0,
      "y" : 0.0,
      "z" : 0.0
    }, {
      "x" : 0.23343685,
      "y" : -0.11671843,
      "z" : -0.058359213
    }, {
      "x" : -1.5304952,
      "y" : 4.5914855,
      "z" : -1.5304952
    } ],
    "faces" : [ {
      "vertices" : [ 0, 1, 2 ]
    }, {
      "vertices" : [ 0, 2, 1 ]
    } ]
  }, {
    "id" : "026db514-0922-465c-ba3c-69ec16e7815c",
    "vertices" : [ {
      "x" : 0.0,
      "y" : 0.0,
      "z" : 0.0
    }, {
      "x" : -2.8240454,
      "y" : 2.8240454,
      "z" : 0.0
    }, {
      "x" : 0.53934467,
      "y" : 6.187435,
      "z" : -3.36339
    }, {
      "x" : 3.236068,
      "y" : 3.236068,
      "z" : -3.236068
    } ],
    "faces" : [ {
      "vertices" : [ 0, 1, 2, 3 ]
    }, {
      "vertices" : [ 0, 3, 2, 1 ]
    } ]
  }, {
    "id" : "47c413b8-1715-4dd7-97b5-cbd8a550399e",
    "vertices" : [ {
      "x" : 0.0,
      "y" : 0.0,
      "z" : 0.0
    }, {
      "x" : 0.24316339,
      "y" : -0.048632678,
      "z" : -0.097265355
    }, {
      "x" : 1.0759791,
      "y" : 0.784183,
      "z" : -0.93008107
    } ],
    "faces" : [ {
      "vertices" : [ 0, 1, 2 ]
    }, {
      "vertices" : [ 0, 2, 1 ]
    } ]
  }, {
    "id" : "4940f063-5bf2-49a5-b2c2-ab4c1a3e6949",
    "vertices" : [ {
      "x" : 0.0,
      "y" : 0.0,
      "z" : 0.0
    }, {
      "x" : -3.9442718,
      "y" : -3.9442718,
      "z" : 3.9442718
    }, {
      "x" : -7.326238,
      "y" : -0.85410196,
      "z" : 4.09017
    }, {
      "x" : -4.708204,
      "y" : 1.763932,
      "z" : 1.4721359
    } ],
    "faces" : [ {
      "vertices" : [ 0, 1, 2, 3 ]
    }, {
      "vertices" : [ 0, 3, 2, 1 ]
    } ]
  }, {
    "id" : "01093267-e5dd-4ca4-afb4-97a6a4f827f5",
    "vertices" : [ {
      "x" : 0.0,
      "y" : 0.0,
      "z" : 0.0
    }, {
      "x" : -0.097265355,
      "y" : 0.048632678,
      "z" : -0.048632678
    }, {
      "x" : -0.14589803,
      "y" : 0.14589803,
      "z" : 0.14589803
    } ],
    "faces" : [ {
      "vertices" : [ 0, 1, 2 ]
    }, {
      "vertices" : [ 0, 2, 1 ]
    } ]
  }, {
    "id" : "dcaa29d9-0b2b-4822-9bea-77839619f2a5",
    "vertices" : [ {
      "x" : 0.0,
      "y" : 0.0,
      "z" : 0.0
    }, {
      "x" : 0.11671843,
      "y" : -0.23343685,
      "z" : 0.058359213
    }, {
      "x" : -4.5914855,
      "y" : 1.5304952,
      "z" : 1.5304952
    } ],
    "faces" : [ {
      "vertices" : [ 0, 1, 2 ]
    }, {
      "vertices" : [ 0, 2, 1 ]
    } ]
  }, {
    "id" : "e2207b57-dc38-43e0-9435-47124361aed4",
    "vertices" : [ {
      "x" : 0.0,
      "y" : 0.0,
      "z" : 0.0
    }, {
      "x" : 2.5694013,
      "y" : 2.5694013,
      "z" : -2.5694013
    }, {
      "x" : 6.7595468,
      "y" : 1.4032522,
      "z" : -4.0813994
    }, {
      "x" : 2.4809062,
      "y" : -2.8753881,
      "z" : 0.19724092
    } ],
    "faces" : [ {
      "vertices" : [ 0, 1, 2, 3 ]
    }, {
      "vertices" : [ 0, 3, 2, 1 ]
    } ]
  }, {
    "id" : "57948263-d406-4ea1-93ea-b126a79c1bd1",
    "vertices" : [ {
      "x" : 0.0,
      "y" : 0.0,
      "z" : 0.0
    }, {
      "x" : -0.23343685,
      "y" : 0.11671843,
      "z" : 0.058359213
    }, {
      "x" : -0.29179606,
      "y" : 0.0,
      "z" : 0.0
    }, {
      "x" : -0.048632678,
      "y" : -0.097265355,
      "z" : -0.048632678
    } ],
    "faces" : [ {
      "vertices" : [ 0, 1, 2, 3 ]
    }, {
      "vertices" : [ 0, 3, 2, 1 ]
    } ]
  }, {
    "id" : "253e7d9a-d859-4053-8dbd-b711eb0ff90c",
    "vertices" : [ {
      "x" : 0.0,
      "y" : 0.0,
      "z" : 0.0
    }, {
      "x" : 0.9382117,
      "y" : -2.4562702,
      "z" : 0.0
    }, {
      "x" : 0.60487837,
      "y" : -2.5835922,
      "z" : -2.618034
    }, {
      "x" : -1.3951216,
      "y" : 2.6524758,
      "z" : -2.618034
    } ],
    "faces" : [ {
      "vertices" : [ 0, 1, 2, 3 ]
    }, {
      "vertices" : [ 0, 3, 2, 1 ]
    } ]
  }, {
    "id" : "2950d2a8-1027-4ba1-9b87-97aaf26fe452",
    "vertices" : [ {
      "x" : 0.0,
      "y" : 0.0,
      "z" : 0.0
    }, {
      "x" : 2.6443453,
      "y" : -6.9229856,
      "z" : 0.0
    }, {
      "x" : 2.6293168,
      "y" : -6.928726,
      "z" : -0.11803399
    }, {
      "x" : -0.015028324,
      "y" : -0.005740309,
      "z" : -0.11803399
    } ],
    "faces" : [ {
      "vertices" : [ 0, 1, 2, 3 ]
    }, {
      "vertices" : [ 0, 3, 2, 1 ]
    } ]
  }, {
    "id" : "9e379941-cf05-4616-b045-e534900e87b7",
    "vertices" : [ {
      "x" : 0.0,
      "y" : 0.0,
      "z" : 0.0
    }, {
      "x" : 2.8753881,
      "y" : -2.4809062,
      "z" : -0.19724092
    }, {
      "x" : 3.9513674,
      "y" : -1.6967233,
      "z" : -1.127322
    }, {
      "x" : 1.0,
      "y" : 1.0,
      "z" : -1.0
    } ],
    "faces" : [ {
      "vertices" : [ 0, 1, 2, 3 ]
    }, {
      "vertices" : [ 0, 3, 2, 1 ]
    } ]
  }, {
    "id" : "04fc14a4-c03f-4d81-a967-d361ad4b27f8",
    "vertices" : [ {
      "x" : 0.0,
      "y" : 0.0,
      "z" : 0.0
    }, {
      "x" : -2.6443453,
      "y" : 6.9229856,
      "z" : 0.0
    }, {
      "x" : -2.6293168,
      "y" : 6.928726,
      "z" : 0.11803399
    }, {
      "x" : 0.015028324,
      "y" : 0.005740309,
      "z" : 0.11803399
    } ],
    "faces" : [ {
      "vertices" : [ 0, 1, 2, 3 ]
    }, {
      "vertices" : [ 0, 3, 2, 1 ]
    } ]
  }, {
    "id" : "7b6079bd-6ab3-4bab-acf9-43354e968653",
    "vertices" : [ {
      "x" : 0.0,
      "y" : 0.0,
      "z" : 0.0
    }, {
      "x" : -2.437694,
      "y" : 6.381966,
      "z" : 0.0
    }, {
      "x" : -2.437694,
      "y" : 9.026311,
      "z" : 6.9229856
    }, {
      "x" : 0.0,
      "y" : 2.6443453,
      "z" : 6.9229856
    } ],
    "faces" : [ {
      "vertices" : [ 0, 1, 2, 3 ]
    }, {
      "vertices" : [ 0, 3, 2, 1 ]
    } ]
  }, {
    "id" : "b717c650-a14c-40e2-aa24-f9632dd281a7",
    "vertices" : [ {
      "x" : 0.0,
      "y" : 0.0,
      "z" : 0.0
    }, {
      "x" : -1.3951216,
      "y" : 2.6524758,
      "z" : -2.618034
    }, {
      "x" : -1.9098301,
      "y" : 4.0,
      "z" : -2.618034
    }, {
      "x" : -1.8917961,
      "y" : 4.0068884,
      "z" : -2.4763932
    } ],
    "faces" : [ {
      "vertices" : [ 0, 1, 2, 3 ]
    }, {
      "vertices" : [ 0, 3, 2, 1 ]
    } ]
  }, {
    "id" : "199cfb12-301a-4d6b-ba58-0b4a4e87ee83",
    "vertices" : [ {
      "x" : 0.0,
      "y" : 0.0,
      "z" : 0.0
    }, {
      "x" : 0.048632678,
      "y" : 0.048632678,
      "z" : -0.097265355
    }, {
      "x" : -0.14589803,
      "y" : 0.14589803,
      "z" : -0.14589803
    } ],
    "faces" : [ {
      "vertices" : [ 0, 1, 2 ]
    }, {
      "vertices" : [ 0, 2, 1 ]
    } ]
  }, {
    "id" : "a5fbb3d5-ad96-4a2d-a52f-69bc64626e6e",
    "vertices" : [ {
      "x" : 0.0,
      "y" : 0.0,
      "z" : 0.0
    }, {
      "x" : -0.74535596,
      "y" : -1.618034,
      "z" : -1.9513674
    }, {
      "x" : -1.618034,
      "y" : 1.5393447,
      "z" : -4.236068
    }, {
      "x" : -1.0786893,
      "y" : 5.236068,
      "z" : -2.8240454
    }, {
      "x" : -0.20601133,
      "y" : 4.236068,
      "z" : -0.53934467
    } ],
    "faces" : [ {
      "vertices" : [ 0, 1, 2, 3, 4 ]
    }, {
      "vertices" : [ 0, 4, 3, 2, 1 ]
    } ]
  }, {
    "id" : "f245c9dc-860d-41ab-b484-f78bf9d4b625",
    "vertices" : [ {
      "x" : 0.0,
      "y" : 0.0,
      "z" : 0.0
    }, {
      "x" : 0.23343685,
      "y" : -0.058359213,
      "z" : -0.11671843
    }, {
      "x" : 0.29179606,
      "y" : 0.0,
      "z" : 0.0
    }, {
      "x" : 0.048632678,
      "y" : 0.048632678,
      "z" : 0.097265355
    } ],
    "faces" : [ {
      "vertices" : [ 0, 1, 2, 3 ]
    }, {
      "vertices" : [ 0, 3, 2, 1 ]
    } ]
  }, {
    "id" : "e1f84554-8a91-495c-bbb8-0f0937b45232",
    "vertices" : [ {
      "x" : 0.0,
      "y" : 0.0,
      "z" : 0.0
    }, {
      "x" : 1.618034,
      "y" : -4.236068,
      "z" : 0.0
    }, {
      "x" : 1.618034,
      "y" : -4.634935,
      "z" : -1.0442475
    }, {
      "x" : 0.0,
      "y" : -0.9382117,
      "z" : -2.4562702
    } ],
    "faces" : [ {
      "vertices" : [ 0, 1, 2, 3 ]
    }, {
      "vertices" : [ 0, 3, 2, 1 ]
    } ]
  }, {
    "id" : "8b741907-8cd2-41c2-97cb-09d5e71d7c01",
    "vertices" : [ {
      "x" : 0.0,
      "y" : 0.0,
      "z" : 0.0
    }, {
      "x" : 2.4809062,
      "y" : -2.8753881,
      "z" : 0.19724092
    }, {
      "x" : 1.6967233,
      "y" : -3.9513674,
      "z" : 1.127322
    }, {
      "x" : -1.0,
      "y" : -1.0,
      "z" : 1.0
    } ],
    "faces" : [ {
      "vertices" : [ 0, 1, 2, 3 ]
    }, {
      "vertices" : [ 0, 3, 2, 1 ]
    } ]
  }, {
    "id" : "b8340bd2-cd13-4d57-a048-67b12f272f41",
    "vertices" : [ {
      "x" : 0.0,
      "y" : 0.0,
      "z" : 0.0
    }, {
      "x" : 1.7322004,
      "y" : -4.5349593,
      "z" : 0.0
    }, {
      "x" : 1.398867,
      "y" : -4.6622815,
      "z" : -2.618034
    }, {
      "x" : 1.0,
      "y" : -3.618034,
      "z" : -2.618034
    } ],
    "faces" : [ {
      "vertices" : [ 0, 1, 2, 3 ]
    }, {
      "vertices" : [ 0, 3, 2, 1 ]
    } ]
  }, {
    "id" : "052655c0-226a-4abc-b99f-1e83da313a3b",
    "vertices" : [ {
      "x" : 0.0,
      "y" : 0.0,
      "z" : 0.0
    }, {
      "x" : -0.19453071,
      "y" : 0.097265355,
      "z" : 0.048632678
    }, {
      "x" : -3.3846762,
      "y" : 2.2634144,
      "z" : 0.5606309
    }, {
      "x" : -0.021286236,
      "y" : 5.6268044,
      "z" : -2.8027592
    }, {
      "x" : 2.8027592,
      "y" : 2.8027592,
      "z" : -2.8027592
    } ],
    "faces" : [ {
      "vertices" : [ 0, 1, 2, 3, 4 ]
    }, {
      "vertices" : [ 0, 4, 3, 2, 1 ]
    } ]
  }, {
    "id" : "9fdbb223-fbaa-416b-aab9-8a42e128d251",
    "vertices" : [ {
      "x" : 0.0,
      "y" : 0.0,
      "z" : 0.0
    }, {
      "x" : 0.14589803,
      "y" : 0.14589803,
      "z" : -0.14589803
    }, {
      "x" : -3.09017,
      "y" : 3.381966,
      "z" : -0.14589803
    } ],
    "faces" : [ {
      "vertices" : [ 0, 1, 2 ]
    }, {
      "vertices" : [ 0, 2, 1 ]
    } ]
  }, {
    "id" : "2f0b10f2-dbbb-4ad2-a5ff-58ee700236be",
    "vertices" : [ {
      "x" : 0.0,
      "y" : 0.0,
      "z" : 0.0
    }, {
      "x" : 3.9442718,
      "y" : 3.9442718,
      "z" : -3.9442718
    }, {
      "x" : 0.85410196,
      "y" : 7.326238,
      "z" : -4.09017
    }, {
      "x" : -1.763932,
      "y" : 4.708204,
      "z" : -1.4721359
    } ],
    "faces" : [ {
      "vertices" : [ 0, 1, 2, 3 ]
    }, {
      "vertices" : [ 0, 3, 2, 1 ]
    } ]
  }, {
    "id" : "2326f05b-81f2-443a-af0a-dcfa475f4055",
    "vertices" : [ {
      "x" : 0.0,
      "y" : 0.0,
      "z" : 0.0
    }, {
      "x" : 0.048632678,
      "y" : -0.24316339,
      "z" : 0.097265355
    }, {
      "x" : -0.784183,
      "y" : -1.0759791,
      "z" : 0.93008107
    } ],
    "faces" : [ {
      "vertices" : [ 0, 1, 2 ]
    }, {
      "vertices" : [ 0, 2, 1 ]
    } ]
  }, {
    "id" : "3d84c123-abd9-4302-be43-6fc06b8bd5d3",
    "vertices" : [ {
      "x" : 0.0,
      "y" : 0.0,
      "z" : 0.0
    }, {
      "x" : -0.14589803,
      "y" : -0.14589803,
      "z" : 0.14589803
    }, {
      "x" : -3.381966,
      "y" : 3.09017,
      "z" : 0.14589803
    } ],
    "faces" : [ {
      "vertices" : [ 0, 1, 2 ]
    }, {
      "vertices" : [ 0, 2, 1 ]
    } ]
  }, {
    "id" : "511125a1-6be1-4956-9d8d-831391a6f408",
    "vertices" : [ {
      "x" : 0.0,
      "y" : 0.0,
      "z" : 0.0
    }, {
      "x" : -0.097265355,
      "y" : 0.19453071,
      "z" : -0.048632678
    }, {
      "x" : -2.2634144,
      "y" : 3.3846762,
      "z" : -0.5606309
    }, {
      "x" : -5.6268044,
      "y" : 0.021286236,
      "z" : 2.8027592
    }, {
      "x" : -2.8027592,
      "y" : -2.8027592,
      "z" : 2.8027592
    } ],
    "faces" : [ {
      "vertices" : [ 0, 1, 2, 3, 4 ]
    }, {
      "vertices" : [ 0, 4, 3, 2, 1 ]
    } ]
  }, {
    "id" : "78f9452f-bd03-43fc-b36a-0b1009e0fc8c",
    "vertices" : [ {
      "x" : 0.0,
      "y" : 0.0,
      "z" : 0.0
    }, {
      "x" : 1.3951216,
      "y" : -2.6524758,
      "z" : 2.618034
    }, {
      "x" : 1.9098301,
      "y" : -4.0,
      "z" : 2.618034
    }, {
      "x" : 1.8917961,
      "y" : -4.0068884,
      "z" : 2.4763932
    } ],
    "faces" : [ {
      "vertices" : [ 0, 1, 2, 3 ]
    }, {
      "vertices" : [ 0, 3, 2, 1 ]
    } ]
  }, {
    "id" : "295d1e75-811d-4960-a6db-4b74e14affb4",
    "vertices" : [ {
      "x" : 0.0,
      "y" : 0.0,
      "z" : 0.0
    }, {
      "x" : -1.618034,
      "y" : 4.236068,
      "z" : 0.0
    }, {
      "x" : -1.618034,
      "y" : 4.634935,
      "z" : 1.0442475
    }, {
      "x" : 0.0,
      "y" : 0.9382117,
      "z" : 2.4562702
    } ],
    "faces" : [ {
      "vertices" : [ 0, 1, 2, 3 ]
    }, {
      "vertices" : [ 0, 3, 2, 1 ]
    } ]
  }, {
    "id" : "f10d95e1-36f7-4dc0-b7ca-e37775543f68",
    "vertices" : [ {
      "x" : 0.0,
      "y" : 0.0,
      "z" : 0.0
    }, {
      "x" : -0.9382117,
      "y" : 2.4562702,
      "z" : 0.0
    }, {
      "x" : -0.60487837,
      "y" : 2.5835922,
      "z" : 2.618034
    }, {
      "x" : 1.3951216,
      "y" : -2.6524758,
      "z" : 2.618034
    } ],
    "faces" : [ {
      "vertices" : [ 0, 1, 2, 3 ]
    }, {
      "vertices" : [ 0, 3, 2, 1 ]
    } ]
  }, {
    "id" : "705c3c39-e7b1-4512-9cb7-a2f1d98f8b9e",
    "vertices" : [ {
      "x" : 0.0,
      "y" : 0.0,
      "z" : 0.0
    }, {
      "x" : -2.5694013,
      "y" : -2.5694013,
      "z" : 2.5694013
    }, {
      "x" : -1.4032522,
      "y" : -6.7595468,
      "z" : 4.0813994
    }, {
      "x" : 2.8753881,
      "y" : -2.4809062,
      "z" : -0.19724092
    } ],
    "faces" : [ {
      "vertices" : [ 0, 1, 2, 3 ]
    }, {
      "vertices" : [ 0, 3, 2, 1 ]
    } ]
  }, {
    "id" : "976e9566-a8e9-42cd-a19b-3a8eb4860e68",
    "vertices" : [ {
      "x" : 0.0,
      "y" : 0.0,
      "z" : 0.0
    }, {
      "x" : -1.7322004,
      "y" : 4.5349593,
      "z" : 0.0
    }, {
      "x" : -1.398867,
      "y" : 4.6622815,
      "z" : 2.618034
    }, {
      "x" : -1.0,
      "y" : 3.618034,
      "z" : 2.618034
    } ],
    "faces" : [ {
      "vertices" : [ 0, 1, 2, 3 ]
    }, {
      "vertices" : [ 0, 3, 2, 1 ]
    } ]
  }, {
    "id" : "a97ef513-a428-4ebd-8efc-00cafed28b59",
    "vertices" : [ {
      "x" : 0.0,
      "y" : 0.0,
      "z" : 0.0
    }, {
      "x" : -1.166149,
      "y" : 4.1901455,
      "z" : -1.5119982
    }, {
      "x" : -2.1661491,
      "y" : 3.1901455,
      "z" : -0.51199824
    } ],
    "faces" : [ {
      "vertices" : [ 0, 1, 2 ]
    }, {
      "vertices" : [ 0, 2, 1 ]
    } ]
  }, {
    "id" : "cb769e09-9668-40f5-aea1-35fc4f9ddd9e",
    "vertices" : [ {
      "x" : 0.0,
      "y" : 0.0,
      "z" : 0.0
    }, {
      "x" : -0.74535596,
      "y" : 1.618034,
      "z" : -1.9513674
    }, {
      "x" : 0.127322,
      "y" : 4.7754126,
      "z" : 0.33333334
    }, {
      "x" : 1.5393447,
      "y" : 4.236068,
      "z" : 4.0300565
    }, {
      "x" : 1.4120227,
      "y" : 1.618034,
      "z" : 3.6967232
    } ],
    "faces" : [ {
      "vertices" : [ 0, 1, 2, 3, 4 ]
    }, {
      "vertices" : [ 0, 4, 3, 2, 1 ]
    } ]
  }, {
    "id" : "d8b46598-5895-4d43-bcdd-dd4c98cc802c",
    "vertices" : [ {
      "x" : 0.0,
      "y" : 0.0,
      "z" : 0.0
    }, {
      "x" : -2.618034,
      "y" : 6.854102,
      "z" : 0.0
    }, {
      "x" : -2.618034,
      "y" : 9.472136,
      "z" : 6.854102
    }, {
      "x" : 0.0,
      "y" : 2.618034,
      "z" : 6.854102
    } ],
    "faces" : [ {
      "vertices" : [ 0, 1, 2, 3 ]
    }, {
      "vertices" : [ 0, 3, 2, 1 ]
    } ]
  }, {
    "id" : "ea89e2fc-23d8-4602-b96c-d79435e67584",
    "name" : "ball",
    "vertices" : [ {
      "x" : -0.309017,
      "y" : -0.19098301,
      "z" : 0.0
    }, {
      "x" : -0.309017,
      "y" : 0.19098301,
      "z" : 0.0
    }, {
      "x" : -0.19098301,
      "y" : 0.0,
      "z" : -0.309017
    }, {
      "x" : -0.19098301,
      "y" : 0.0,
      "z" : 0.309017
    }, {
      "x" : 0.0,
      "y" : -0.309017,
      "z" : -0.19098301
    }, {
      "x" : 0.0,
      "y" : -0.309017,
      "z" : 0.19098301
    }, {
      "x" : 0.0,
      "y" : 0.309017,
      "z" : -0.19098301
    }, {
      "x" : 0.0,
      "y" : 0.309017,
      "z" : 0.19098301
    }, {
      "x" : 0.19098301,
      "y" : 0.0,
      "z" : -0.309017
    }, {
      "x" : 0.19098301,
      "y" : 0.0,
      "z" : 0.309017
    }, {
      "x" : 0.309017,
      "y" : -0.19098301,
      "z" : 0.0
    }, {
      "x" : 0.309017,
      "y" : 0.19098301,
      "z" : 0.0
    } ],
    "faces" : [ {
      "vertices" : [ 0, 1, 2 ]
    }, {
      "vertices" : [ 0, 3, 1 ]
    }, {
      "vertices" : [ 0, 2, 4 ]
    }, {
      "vertices" : [ 0, 5, 3 ]
    }, {
      "vertices" : [ 0, 4, 5 ]
    }, {
      "vertices" : [ 1, 6, 2 ]
    }, {
      "vertices" : [ 1, 3, 7 ]
    }, {
      "vertices" : [ 1, 7, 6 ]
    }, {
      "vertices" : [ 2, 8, 4 ]
    }, {
      "vertices" : [ 2, 6, 8 ]
    }, {
      "vertices" : [ 3, 5, 9 ]
    }, {
      "vertices" : [ 3, 9, 7 ]
    }, {
      "vertices" : [ 4, 10, 5 ]
    }, {
      "vertices" : [ 4, 8, 10 ]
    }, {
      "vertices" : [ 5, 10, 9 ]
    }, {
      "vertices" : [ 6, 7, 11 ]
    }, {
      "vertices" : [ 6, 11, 8 ]
    }, {
      "vertices" : [ 7, 9, 11 ]
    }, {
      "vertices" : [ 8, 11, 10 ]
    }, {
      "vertices" : [ 9, 10, 11 ]
    } ]
  }, {
    "id" : "95c537bb-5b86-4f53-b587-0f987d007b7e",
    "orbit" : "green",
    "orbitC" : "[[2,-1,1],[5,-3,1]]",
    "length" : "[2,0,3]",
    "name" : " :2/3",
    "vertices" : [ {
      "x" : 7.0844297,
      "y" : 2.7060113,
      "z" : -1.0336044
    }, {
      "x" : 6.7024636,
      "y" : 2.2510962,
      "z" : -0.8426213
    }, {
      "x" : 6.539345,
      "y" : 2.5150282,
      "z" : -1.2696723
    }, {
      "x" : 6.466396,
      "y" : 2.7789602,
      "z" : -1.0786893
    }, {
      "x" : 0.85410196,
      "y" : 0.309017,
      "z" : 0.19098301
    }, {
      "x" : 0.690983,
      "y" : 0.572949,
      "z" : -0.23606798
    }, {
      "x" : 0.309017,
      "y" : 0.11803399,
      "z" : -0.045084972
    }, {
      "x" : 0.76393205,
      "y" : 0.309017,
      "z" : -0.42705098
    }, {
      "x" : 0.927051,
      "y" : 0.045084972,
      "z" : 0.0
    }, {
      "x" : 6.6295147,
      "y" : 2.5150282,
      "z" : -0.6516383
    }, {
      "x" : 7.3934464,
      "y" : 2.8240454,
      "z" : -1.0786893
    } ],
    "faces" : [ {
      "vertices" : [ 2, 7, 5, 3 ]
    }, {
      "vertices" : [ 1, 8, 7, 2 ]
    }, {
      "vertices" : [ 4, 6, 8 ]
    }, {
      "vertices" : [ 5, 7, 6 ]
    }, {
      "vertices" : [ 0, 1, 2 ]
    }, {
      "vertices" : [ 0, 2, 3 ]
    }, {
      "vertices" : [ 6, 7, 8 ]
    }, {
      "vertices" : [ 3, 5, 4, 9 ]
    }, {
      "vertices" : [ 1, 9, 4, 8 ]
    }, {
      "vertices" : [ 0, 9, 1 ]
    }, {
      "vertices" : [ 0, 3, 9 ]
    }, {
      "vertices" : [ 4, 5, 6 ]
    } ]
  }, {
    "id" : "53e21fa3-79bb-4838-ae35-6cc47c233a53",
    "vertices" : [ {
      "x" : 0.0,
      "y" : 0.0,
      "z" : 0.0
    }, {
      "x" : 0.872678,
      "y" : -1.0,
      "z" : 2.2847006
    }, {
      "x" : 0.33333334,
      "y" : -4.6967235,
      "z" : 0.872678
    }, {
      "x" : -1.0786893,
      "y" : -5.236068,
      "z" : -2.8240454
    }, {
      "x" : -1.2060113,
      "y" : -2.618034,
      "z" : -3.1573787
    } ],
    "faces" : [ {
      "vertices" : [ 0, 1, 2, 3, 4 ]
    }, {
      "vertices" : [ 0, 4, 3, 2, 1 ]
    } ]
  }, {
    "id" : "c738c9d6-d397-4169-a5aa-e6a67d032d71",
    "vertices" : [ {
      "x" : 0.0,
      "y" : 0.0,
      "z" : 0.0
    }, {
      "x" : -0.127322,
      "y" : -2.618034,
      "z" : -0.33333334
    }, {
      "x" : -1.5393447,
      "y" : -2.0786893,
      "z" : -4.0300565
    }, {
      "x" : -2.0786893,
      "y" : 1.618034,
      "z" : -5.4420795
    }, {
      "x" : -1.2060113,
      "y" : 2.618034,
      "z" : -3.1573787
    } ],
    "faces" : [ {
      "vertices" : [ 0, 1, 2, 3, 4 ]
    }, {
      "vertices" : [ 0, 4, 3, 2, 1 ]
    } ]
  }, {
    "id" : "d7399e6c-b31c-4b83-b230-715c083bf989",
    "vertices" : [ {
      "x" : 0.0,
      "y" : 0.0,
      "z" : 0.0
    }, {
      "x" : -0.127322,
      "y" : 2.618034,
      "z" : -0.33333334
    }, {
      "x" : 1.2847006,
      "y" : 3.1573787,
      "z" : 3.36339
    }, {
      "x" : 2.1573787,
      "y" : 0.0,
      "z" : 5.648091
    }, {
      "x" : 1.4120227,
      "y" : -1.618034,
      "z" : 3.6967232
    } ],
    "faces" : [ {
      "vertices" : [ 0, 1, 2, 3, 4 ]
    }, {
      "vertices" : [ 0, 4, 3, 2, 1 ]
    } ]
  }, {
    "id" : "5d787087-512f-4112-8df1-70108bd7b04e",
    "vertices" : [ {
      "x" : 0.0,
      "y" : 0.0,
      "z" : 0.0
    }, {
      "x" : 0.872678,
      "y" : 1.0,
      "z" : 2.2847006
    }, {
      "x" : 1.4120227,
      "y" : -2.6967232,
      "z" : 3.6967232
    }, {
      "x" : 0.53934467,
      "y" : -5.854102,
      "z" : 1.4120227
    }, {
      "x" : -0.20601133,
      "y" : -4.236068,
      "z" : -0.53934467
    } ],
    "faces" : [ {
      "vertices" : [ 0, 1, 2, 3, 4 ]
    }, {
      "vertices" : [ 0, 4, 3, 2, 1 ]
    } ]
  }, {
    "id" : "891e70b2-850b-4c31-9316-b262de85c6fb",
    "orbit" : "brown",
    "orbitC" : "[[2,-1,3],[5,-3,3]]",
    "length" : "[1,0,1]",
    "name" : "short",
    "vertices" : [ {
      "x" : 2.236068,
      "y" : 1.927051,
      "z" : 4.663119
    }, {
      "x" : 0.38196602,
      "y" : 0.072949015,
      "z" : 0.95491505
    }, {
      "x" : 0.690983,
      "y" : 0.19098301,
      "z" : 0.76393205
    }, {
      "x" : 2.545085,
      "y" : 2.045085,
      "z" : 4.472136
    }, {
      "x" : 2.236068,
      "y" : 2.545085,
      "z" : 4.2811527
    }, {
      "x" : 2.618034,
      "y" : 2.618034,
      "z" : 5.236068
    }, {
      "x" : 0.38196602,
      "y" : 0.690983,
      "z" : 0.572949
    }, {
      "x" : 2.472136,
      "y" : 2.472136,
      "z" : 4.944272
    }, {
      "x" : 0.14589803,
      "y" : 0.14589803,
      "z" : 0.29179606
    }, {
      "x" : 0.072949015,
      "y" : 0.572949,
      "z" : 0.76393205
    }, {
      "x" : 1.927051,
      "y" : 2.427051,
      "z" : 4.472136
    } ],
    "faces" : [ {
      "vertices" : [ 2, 8, 6 ]
    }, {
      "vertices" : [ 0, 7, 10 ]
    }, {
      "vertices" : [ 1, 9, 8 ]
    }, {
      "vertices" : [ 0, 10, 9, 1 ]
    }, {
      "vertices" : [ 4, 10, 7 ]
    }, {
      "vertices" : [ 0, 1, 2, 3 ]
    }, {
      "vertices" : [ 6, 8, 9 ]
    }, {
      "vertices" : [ 0, 3, 7 ]
    }, {
      "vertices" : [ 1, 8, 2 ]
    }, {
      "vertices" : [ 4, 6, 9, 10 ]
    }, {
      "vertices" : [ 3, 4, 7 ]
    }, {
      "vertices" : [ 2, 6, 4, 3 ]
    } ]
  }, {
    "id" : "9b4ce9f1-90db-4fc1-b6ce-d9eb356fe3e9",
    "orbit" : "green",
    "orbitC" : "[[2,-1,1],[5,-3,1]]",
    "length" : "[-1,1,1]",
    "name" : "g0",
    "vertices" : [ {
      "x" : 6.545085,
      "y" : 2.5,
      "z" : -0.95491505
    }, {
      "x" : 6.163119,
      "y" : 2.045085,
      "z" : -0.76393205
    }, {
      "x" : 6.0,
      "y" : 2.309017,
      "z" : -1.190983
    }, {
      "x" : 5.927051,
      "y" : 2.572949,
      "z" : -1.0
    }, {
      "x" : 0.85410196,
      "y" : 0.309017,
      "z" : 0.19098301
    }, {
      "x" : 0.690983,
      "y" : 0.572949,
      "z" : -0.23606798
    }, {
      "x" : 0.309017,
      "y" : 0.11803399,
      "z" : -0.045084972
    }, {
      "x" : 0.76393205,
      "y" : 0.309017,
      "z" : -0.42705098
    }, {
      "x" : 0.927051,
      "y" : 0.045084972,
      "z" : 0.0
    }, {
      "x" : 6.09017,
      "y" : 2.309017,
      "z" : -0.572949
    }, {
      "x" : 6.854102,
      "y" : 2.618034,
      "z" : -1.0
    } ],
    "faces" : [ {
      "vertices" : [ 2, 7, 5, 3 ]
    }, {
      "vertices" : [ 1, 8, 7, 2 ]
    }, {
      "vertices" : [ 4, 6, 8 ]
    }, {
      "vertices" : [ 5, 7, 6 ]
    }, {
      "vertices" : [ 0, 1, 2 ]
    }, {
      "vertices" : [ 0, 2, 3 ]
    }, {
      "vertices" : [ 6, 7, 8 ]
    }, {
      "vertices" : [ 3, 5, 4, 9 ]
    }, {
      "vertices" : [ 1, 9, 4, 8 ]
    }, {
      "vertices" : [ 0, 9, 1 ]
    }, {
      "vertices" : [ 0, 3, 9 ]
    }, {
      "vertices" : [ 4, 5, 6 ]
    } ]
  } ],
  "instances" : [ {
    "shape" : "10bd2c3e-33c8-415d-a726-b8fab6e8482f",
    "color" : "#B59A8C",
    "position" : {
      "x" : 0.11855159,
      "y" : 8.44479,
      "z" : 0.17324448
    },
    "orientation" : 17
  }, {
    "shape" : "dd88a947-e96b-41d1-9702-85cf6f05a4cc",
    "color" : "#B59A8C",
    "position" : {
      "x" : 8.472136,
      "y" : 8.472136,
      "z" : 0.0
    },
    "orientation" : 0
  }, {
    "shape" : "22ca38e2-32c2-4cf5-9cf6-4bd53a9b73d5",
    "color" : "#B59A8C",
    "position" : {
      "x" : -4.344893,
      "y" : 3.9521654,
      "z" : 4.344893
    },
    "orientation" : 15
  }, {
    "shape" : "026db514-0922-465c-ba3c-69ec16e7815c",
    "color" : "#B59A8C",
    "position" : {
      "x" : -8.472136,
      "y" : 0.0,
      "z" : 8.472136
    },
    "orientation" : 17
  }, {
    "shape" : "47c413b8-1715-4dd7-97b5-cbd8a550399e",
    "color" : "#B59A8C",
    "position" : {
      "x" : 4.160089,
      "y" : 4.4518847,
      "z" : 4.166149
    },
    "orientation" : 0
  }, {
    "shape" : "4940f063-5bf2-49a5-b2c2-ab4c1a3e6949",
    "color" : "#B59A8C",
    "position" : {
      "x" : 4.1114564,
      "y" : 4.403252,
      "z" : 4.068884
    },
    "orientation" : 2
  }, {
    "shape" : "01093267-e5dd-4ca4-afb4-97a6a4f827f5",
    "color" : "#FFFFFF",
    "position" : {
      "x" : -0.16718426,
      "y" : 0.124611795,
      "z" : 8.347524
    },
    "orientation" : 17
  }, {
    "shape" : "dcaa29d9-0b2b-4822-9bea-77839619f2a5",
    "color" : "#B59A8C",
    "position" : {
      "x" : 4.344893,
      "y" : 4.344893,
      "z" : 3.9521654
    },
    "orientation" : 2
  }, {
    "shape" : "e2207b57-dc38-43e0-9435-47124361aed4",
    "color" : "#B59A8C",
    "position" : {
      "x" : -1.2847006,
      "y" : 4.36339,
      "z" : 6.932791
    },
    "orientation" : 17
  }, {
    "shape" : "57948263-d406-4ea1-93ea-b126a79c1bd1",
    "color" : "#D7EFF2",
    "position" : {
      "x" : -4.1114564,
      "y" : 4.068884,
      "z" : 4.403252
    },
    "orientation" : 15
  }, {
    "shape" : "253e7d9a-d859-4053-8dbd-b711eb0ff90c",
    "color" : "#7FCC9F",
    "position" : {
      "x" : -5.875388,
      "y" : -0.63932025,
      "z" : 5.875388
    },
    "orientation" : 53
  }, {
    "shape" : "2950d2a8-1027-4ba1-9b87-97aaf26fe452",
    "color" : "#7FCC9F",
    "position" : {
      "x" : 4.160089,
      "y" : 4.4518847,
      "z" : 4.166149
    },
    "orientation" : 21
  }, {
    "shape" : "9e379941-cf05-4616-b045-e534900e87b7",
    "color" : "#B59A8C",
    "position" : {
      "x" : 1.2847006,
      "y" : 6.932791,
      "z" : 4.36339
    },
    "orientation" : 0
  }, {
    "shape" : "04fc14a4-c03f-4d81-a967-d361ad4b27f8",
    "color" : "#7FCC9F",
    "position" : {
      "x" : -4.160089,
      "y" : 4.166149,
      "z" : 4.4518847
    },
    "orientation" : 53
  }, {
    "shape" : "7b6079bd-6ab3-4bab-acf9-43354e968653",
    "color" : "#7FCC9F",
    "position" : {
      "x" : 0.16718426,
      "y" : 8.347524,
      "z" : 0.124611795
    },
    "orientation" : 22
  }, {
    "shape" : "b717c650-a14c-40e2-aa24-f9632dd281a7",
    "color" : "#7FCC9F",
    "position" : {
      "x" : -5.875388,
      "y" : -0.63932025,
      "z" : 5.875388
    },
    "orientation" : 53
  }, {
    "shape" : "199cfb12-301a-4d6b-ba58-0b4a4e87ee83",
    "color" : "#FFFFFF",
    "position" : {
      "x" : 0.16718426,
      "y" : 8.347524,
      "z" : 0.124611795
    },
    "orientation" : 32
  }, {
    "shape" : "a5fbb3d5-ad96-4a2d-a52f-69bc64626e6e",
    "color" : "#FFD98C",
    "position" : {
      "x" : -3.9027348,
      "y" : -3.9027348,
      "z" : 9.138803
    },
    "orientation" : 39
  }, {
    "shape" : "f245c9dc-860d-41ab-b484-f78bf9d4b625",
    "color" : "#DBC285",
    "position" : {
      "x" : 4.1114564,
      "y" : 4.403252,
      "z" : 4.068884
    },
    "orientation" : 0
  }, {
    "shape" : "e1f84554-8a91-495c-bbb8-0f0937b45232",
    "color" : "#7FCC9F",
    "position" : {
      "x" : 5.875388,
      "y" : 5.875388,
      "z" : -0.63932025
    },
    "orientation" : 22
  }, {
    "shape" : "8b741907-8cd2-41c2-97cb-09d5e71d7c01",
    "color" : "#B59A8C",
    "position" : {
      "x" : -1.2847006,
      "y" : 4.36339,
      "z" : 6.932791
    },
    "orientation" : 17
  }, {
    "shape" : "b8340bd2-cd13-4d57-a048-67b12f272f41",
    "color" : "#7FCC9F",
    "position" : {
      "x" : -0.021286236,
      "y" : -0.021286236,
      "z" : 8.4934225
    },
    "orientation" : 21
  }, {
    "shape" : "052655c0-226a-4abc-b99f-1e83da313a3b",
    "color" : "#B59A8C",
    "position" : {
      "x" : 0.021286236,
      "y" : 8.4934225,
      "z" : -0.021286236
    },
    "orientation" : 17
  }, {
    "shape" : "9fdbb223-fbaa-416b-aab9-8a42e128d251",
    "color" : "#B59A8C",
    "position" : {
      "x" : -0.16718426,
      "y" : 0.124611795,
      "z" : 8.347524
    },
    "orientation" : 15
  }, {
    "shape" : "2f0b10f2-dbbb-4ad2-a5ff-58ee700236be",
    "color" : "#B59A8C",
    "position" : {
      "x" : -4.1114564,
      "y" : 4.068884,
      "z" : 4.403252
    },
    "orientation" : 15
  }, {
    "shape" : "2326f05b-81f2-443a-af0a-dcfa475f4055",
    "color" : "#B59A8C",
    "position" : {
      "x" : -4.160089,
      "y" : 4.166149,
      "z" : 4.4518847
    },
    "orientation" : 17
  }, {
    "shape" : "3d84c123-abd9-4302-be43-6fc06b8bd5d3",
    "color" : "#B59A8C",
    "position" : {
      "x" : 0.16718426,
      "y" : 8.347524,
      "z" : 0.124611795
    },
    "orientation" : 2
  }, {
    "shape" : "511125a1-6be1-4956-9d8d-831391a6f408",
    "color" : "#B59A8C",
    "position" : {
      "x" : -0.021286236,
      "y" : -0.021286236,
      "z" : 8.4934225
    },
    "orientation" : 0
  }, {
    "shape" : "78f9452f-bd03-43fc-b36a-0b1009e0fc8c",
    "color" : "#7FCC9F",
    "position" : {
      "x" : 5.875388,
      "y" : 5.875388,
      "z" : -0.63932025
    },
    "orientation" : 21
  }, {
    "shape" : "295d1e75-811d-4960-a6db-4b74e14affb4",
    "color" : "#7FCC9F",
    "position" : {
      "x" : -5.875388,
      "y" : -0.63932025,
      "z" : 5.875388
    },
    "orientation" : 22
  }, {
    "shape" : "f10d95e1-36f7-4dc0-b7ca-e37775543f68",
    "color" : "#7FCC9F",
    "position" : {
      "x" : 5.875388,
      "y" : 5.875388,
      "z" : -0.63932025
    },
    "orientation" : 21
  }, {
    "shape" : "705c3c39-e7b1-4512-9cb7-a2f1d98f8b9e",
    "color" : "#B59A8C",
    "position" : {
      "x" : 1.2847006,
      "y" : 6.932791,
      "z" : 4.36339
    },
    "orientation" : 0
  }, {
    "shape" : "976e9566-a8e9-42cd-a19b-3a8eb4860e68",
    "color" : "#7FCC9F",
    "position" : {
      "x" : 0.021286236,
      "y" : 8.4934225,
      "z" : -0.021286236
