{
  "polygons" : "true",
  "field" : "sqrtPhi",
  "symmetry" : "icosahedral",
  "orientations" : [ [ 1.0, 0.0, 0.0, 0.0, 0.0, 1.0, 0.0, 0.0, 0.0, 0.0, 1.0, 0.0, 0.0, 0.0, 0.0, 1.0 ], [ 0.0, 0.0, 1.0, 0.0, 1.0, 0.0, 0.0, 0.0, 0.0, 1.0, 0.0, 0.0, 0.0, 0.0, 0.0, 1.0 ], [ 0.0, 1.0, 0.0, 0.0, 0.0, 0.0, 1.0, 0.0, 1.0, 0.0, 0.0, 0.0, 0.0, 0.0, 0.0, 1.0 ], [ 0.809017, 0.309017, 0.5, 0.0, 0.309017, 0.5, -0.809017, 0.0, -0.5, 0.809017, 0.309017, 0.0, 0.0, 0.0, 0.0, 1.0 ], [ -0.5, 0.809017, 0.309017, 0.0, 0.809017, 0.309017, 0.5, 0.0, 0.309017, 0.5, -0.809017, 0.0, 0.0, 0.0, 0.0, 1.0 ], [ 0.309017, 0.5, -0.809017, 0.0, -0.5, 0.809017, 0.309017, 0.0, 0.809017, 0.309017, 0.5, 0.0, 0.0, 0.0, 0.0, 1.0 ], [ 0.5, 0.809017, 0.309017, 0.0, 0.809017, -0.309017, -0.5, 0.0, -0.309017, 0.5, -0.809017, 0.0, 0.0, 0.0, 0.0, 1.0 ], [ -0.309017, 0.5, -0.809017, 0.0, 0.5, 0.809017, 0.309017, 0.0, 0.809017, -0.309017, -0.5, 0.0, 0.0, 0.0, 0.0, 1.0 ], [ 0.809017, -0.309017, -0.5, 0.0, -0.309017, 0.5, -0.809017, 0.0, 0.5, 0.809017, 0.309017, 0.0, 0.0, 0.0, 0.0, 1.0 ], [ 0.5, 0.809017, -0.309017, 0.0, 0.809017, -0.309017, 0.5, 0.0, 0.309017, -0.5, -0.809017, 0.0, 0.0, 0.0, 0.0, 1.0 ], [ 0.309017, -0.5, -0.809017, 0.0, 0.5, 0.809017, -0.309017, 0.0, 0.809017, -0.309017, 0.5, 0.0, 0.0, 0.0, 0.0, 1.0 ], [ 0.809017, -0.309017, 0.5, 0.0, 0.309017, -0.5, -0.809017, 0.0, 0.5, 0.809017, -0.309017, 0.0, 0.0, 0.0, 0.0, 1.0 ], [ 0.809017, 0.309017, -0.5, 0.0, 0.309017, 0.5, 0.809017, 0.0, 0.5, -0.809017, 0.309017, 0.0, 0.0, 0.0, 0.0, 1.0 ], [ 0.5, -0.809017, 0.309017, 0.0, 0.809017, 0.309017, -0.5, 0.0, 0.309017, 0.5, 0.809017, 0.0, 0.0, 0.0, 0.0, 1.0 ], [ 0.309017, 0.5, 0.809017, 0.0, 0.5, -0.809017, 0.309017, 0.0, 0.809017, 0.309017, -0.5, 0.0, 0.0, 0.0, 0.0, 1.0 ], [ 1.0, 0.0, 0.0, 0.0, 0.0, -1.0, 0.0, 0.0, 0.0, 0.0, -1.0, 0.0, 0.0, 0.0, 0.0, 1.0 ], [ 0.0, 0.0, 1.0, 0.0, -1.0, 0.0, 0.0, 0.0, 0.0, -1.0, 0.0, 0.0, 0.0, 0.0, 0.0, 1.0 ], [ 0.0, 1.0, 0.0, 0.0, 0.0, 0.0, -1.0, 0.0, -1.0, 0.0, 0.0, 0.0, 0.0, 0.0, 0.0, 1.0 ], [ 0.809017, 0.309017, 0.5, 0.0, -0.309017, -0.5, 0.809017, 0.0, 0.5, -0.809017, -0.309017, 0.0, 0.0, 0.0, 0.0, 1.0 ], [ -0.5, 0.809017, 0.309017, 0.0, -0.809017, -0.309017, -0.5, 0.0, -0.309017, -0.5, 0.809017, 0.0, 0.0, 0.0, 0.0, 1.0 ], [ 0.309017, 0.5, -0.809017, 0.0, 0.5, -0.809017, -0.309017, 0.0, -0.809017, -0.309017, -0.5, 0.0, 0.0, 0.0, 0.0, 1.0 ], [ 0.5, 0.809017, 0.309017, 0.0, -0.809017, 0.309017, 0.5, 0.0, 0.309017, -0.5, 0.809017, 0.0, 0.0, 0.0, 0.0, 1.0 ], [ -0.309017, 0.5, -0.809017, 0.0, -0.5, -0.809017, -0.309017, 0.0, -0.809017, 0.309017, 0.5, 0.0, 0.0, 0.0, 0.0, 1.0 ], [ 0.809017, -0.309017, -0.5, 0.0, 0.309017, -0.5, 0.809017, 0.0, -0.5, -0.809017, -0.309017, 0.0, 0.0, 0.0, 0.0, 1.0 ], [ 0.5, 0.809017, -0.309017, 0.0, -0.809017, 0.309017, -0.5, 0.0, -0.309017, 0.5, 0.809017, 0.0, 0.0, 0.0, 0.0, 1.0 ], [ 0.309017, -0.5, -0.809017, 0.0, -0.5, -0.809017, 0.309017, 0.0, -0.809017, 0.309017, -0.5, 0.0, 0.0, 0.0, 0.0, 1.0 ], [ 0.809017, -0.309017, 0.5, 0.0, -0.309017, 0.5, 0.809017, 0.0, -0.5, -0.809017, 0.309017, 0.0, 0.0, 0.0, 0.0, 1.0 ], [ 0.809017, 0.309017, -0.5, 0.0, -0.309017, -0.5, -0.809017, 0.0, -0.5, 0.809017, -0.309017, 0.0, 0.0, 0.0, 0.0, 1.0 ], [ 0.5, -0.809017, 0.309017, 0.0, -0.809017, -0.309017, 0.5, 0.0, -0.309017, -0.5, -0.809017, 0.0, 0.0, 0.0, 0.0, 1.0 ], [ 0.309017, 0.5, 0.809017, 0.0, -0.5, 0.809017, -0.309017, 0.0, -0.809017, -0.309017, 0.5, 0.0, 0.0, 0.0, 0.0, 1.0 ], [ -1.0, 0.0, 0.0, 0.0, 0.0, -1.0, 0.0, 0.0, 0.0, 0.0, 1.0, 0.0, 0.0, 0.0, 0.0, 1.0 ], [ 0.0, 0.0, -1.0, 0.0, -1.0, 0.0, 0.0, 0.0, 0.0, 1.0, 0.0, 0.0, 0.0, 0.0, 0.0, 1.0 ], [ 0.0, -1.0, 0.0, 0.0, 0.0, 0.0, -1.0, 0.0, 1.0, 0.0, 0.0, 0.0, 0.0, 0.0, 0.0, 1.0 ], [ -0.809017, -0.309017, -0.5, 0.0, -0.309017, -0.5, 0.809017, 0.0, -0.5, 0.809017, 0.309017, 0.0, 0.0, 0.0, 0.0, 1.0 ], [ 0.5, -0.809017, -0.309017, 0.0, -0.809017, -0.309017, -0.5, 0.0, 0.309017, 0.5, -0.809017, 0.0, 0.0, 0.0, 0.0, 1.0 ], [ -0.309017, -0.5, 0.809017, 0.0, 0.5, -0.809017, -0.309017, 0.0, 0.809017, 0.309017, 0.5, 0.0, 0.0, 0.0, 0.0, 1.0 ], [ -0.5, -0.809017, -0.309017, 0.0, -0.809017, 0.309017, 0.5, 0.0, -0.309017, 0.5, -0.809017, 0.0, 0.0, 0.0, 0.0, 1.0 ], [ 0.309017, -0.5, 0.809017, 0.0, -0.5, -0.809017, -0.309017, 0.0, 0.809017, -0.309017, -0.5, 0.0, 0.0, 0.0, 0.0, 1.0 ], [ -0.809017, 0.309017, 0.5, 0.0, 0.309017, -0.5, 0.809017, 0.0, 0.5, 0.809017, 0.309017, 0.0, 0.0, 0.0, 0.0, 1.0 ], [ -0.5, -0.809017, 0.309017, 0.0, -0.809017, 0.309017, -0.5, 0.0, 0.309017, -0.5, -0.809017, 0.0, 0.0, 0.0, 0.0, 1.0 ], [ -0.309017, 0.5, 0.809017, 0.0, -0.5, -0.809017, 0.309017, 0.0, 0.809017, -0.309017, 0.5, 0.0, 0.0, 0.0, 0.0, 1.0 ], [ -0.809017, 0.309017, -0.5, 0.0, -0.309017, 0.5, 0.809017, 0.0, 0.5, 0.809017, -0.309017, 0.0, 0.0, 0.0, 0.0, 1.0 ], [ -0.809017, -0.309017, 0.5, 0.0, -0.309017, -0.5, -0.809017, 0.0, 0.5, -0.809017, 0.309017, 0.0, 0.0, 0.0, 0.0, 1.0 ], [ -0.5, 0.809017, -0.309017, 0.0, -0.809017, -0.309017, 0.5, 0.0, 0.309017, 0.5, 0.809017, 0.0, 0.0, 0.0, 0.0, 1.0 ], [ -0.309017, -0.5, -0.809017, 0.0, -0.5, 0.809017, -0.309017, 0.0, 0.809017, 0.309017, -0.5, 0.0, 0.0, 0.0, 0.0, 1.0 ], [ -1.0, 0.0, 0.0, 0.0, 0.0, 1.0, 0.0, 0.0, 0.0, 0.0, -1.0, 0.0, 0.0, 0.0, 0.0, 1.0 ], [ 0.0, 0.0, -1.0, 0.0, 1.0, 0.0, 0.0, 0.0, 0.0, -1.0, 0.0, 0.0, 0.0, 0.0, 0.0, 1.0 ], [ 0.0, -1.0, 0.0, 0.0, 0.0, 0.0, 1.0, 0.0, -1.0, 0.0, 0.0, 0.0, 0.0, 0.0, 0.0, 1.0 ], [ -0.809017, -0.309017, -0.5, 0.0, 0.309017, 0.5, -0.809017, 0.0, 0.5, -0.809017, -0.309017, 0.0, 0.0, 0.0, 0.0, 1.0 ], [ 0.5, -0.809017, -0.309017, 0.0, 0.809017, 0.309017, 0.5, 0.0, -0.309017, -0.5, 0.809017, 0.0, 0.0, 0.0, 0.0, 1.0 ], [ -0.309017, -0.5, 0.809017, 0.0, -0.5, 0.809017, 0.309017, 0.0, -0.809017, -0.309017, -0.5, 0.0, 0.0, 0.0, 0.0, 1.0 ], [ -0.5, -0.809017, -0.309017, 0.0, 0.809017, -0.309017, -0.5, 0.0, 0.309017, -0.5, 0.809017, 0.0, 0.0, 0.0, 0.0, 1.0 ], [ 0.309017, -0.5, 0.809017, 0.0, 0.5, 0.809017, 0.309017, 0.0, -0.809017, 0.309017, 0.5, 0.0, 0.0, 0.0, 0.0, 1.0 ], [ -0.809017, 0.309017, 0.5, 0.0, -0.309017, 0.5, -0.809017, 0.0, -0.5, -0.809017, -0.309017, 0.0, 0.0, 0.0, 0.0, 1.0 ], [ -0.5, -0.809017, 0.309017, 0.0, 0.809017, -0.309017, 0.5, 0.0, -0.309017, 0.5, 0.809017, 0.0, 0.0, 0.0, 0.0, 1.0 ], [ -0.309017, 0.5, 0.809017, 0.0, 0.5, 0.809017, -0.309017, 0.0, -0.809017, 0.309017, -0.5, 0.0, 0.0, 0.0, 0.0, 1.0 ], [ -0.809017, 0.309017, -0.5, 0.0, 0.309017, -0.5, -0.809017, 0.0, -0.5, -0.809017, 0.309017, 0.0, 0.0, 0.0, 0.0, 1.0 ], [ -0.809017, -0.309017, 0.5, 0.0, 0.309017, 0.5, 0.809017, 0.0, -0.5, 0.809017, -0.309017, 0.0, 0.0, 0.0, 0.0, 1.0 ], [ -0.5, 0.809017, -0.309017, 0.0, 0.809017, 0.309017, -0.5, 0.0, -0.309017, -0.5, -0.809017, 0.0, 0.0, 0.0, 0.0, 1.0 ], [ -0.309017, -0.5, -0.809017, 0.0, 0.5, -0.809017, 0.309017, 0.0, -0.809017, -0.309017, 0.5, 0.0, 0.0, 0.0, 0.0, 1.0 ] ],
  "lights" : {
    "ambientColor" : "#292929",
    "backgroundColor" : "#AFC8DC",
    "directionalLights" : [ {
      "direction" : [ 1.0, -1.0, -1.0 ],
      "color" : "#EBEBE4"
    }, {
      "direction" : [ -1.0, 0.0, 0.0 ],
      "color" : "#E4E4EB"
    }, {
      "direction" : [ 0.0, 0.0, -1.0 ],
      "color" : "#1E1E1E"
    } ]
  },
  "camera" : {
    "lookAtPoint" : {
      "x" : 0.0,
      "y" : 0.0,
      "z" : 0.0
    },
    "lookDirection" : {
      "x" : -0.37366787,
      "y" : -0.18646598,
      "z" : 0.9086351
    },
    "upDirection" : {
      "x" : -0.64308935,
      "y" : 0.7580038,
      "z" : -0.10891368
    },
    "nearClipDistance" : 0.21814749,
    "farClipDistance" : 174.51817,
    "perspective" : true,
    "lookAtPointRV" : {
      "x" : 0.0,
      "y" : 0.0,
      "z" : 0.0,
      "zero" : true
    },
    "upDirectionRV" : {
      "x" : -0.64308935,
      "y" : 0.7580038,
      "z" : -0.10891368,
      "zero" : false
    },
    "lookDirectionRV" : {
      "x" : -0.37366787,
      "y" : -0.18646598,
      "z" : 0.9086351,
      "zero" : false
    },
    "viewDistance" : 87.25889,
    "fieldOfView" : 0.4426296,
    "stereo" : false,
    "width" : 39.266567,
    "position" : {
      "x" : 32.605843,
      "y" : 16.270815,
      "z" : -79.28648
    }
  },
  "embedding" : [ 1.0, 0.0, 0.0, 0.0, 0.0, 1.0, 0.0, 0.0, 0.0, 0.0, 1.0, 0.0, 0.0, 0.0, 0.0, 1.0 ],
  "shapes" : [ {
    "id" : "ba438c5f-41bc-481c-b183-e0a50efebb54",
    "orbit" : "blue",
    "orbitC" : "[[0,0,0,0,1],[0,0,0,0,1]]",
    "length" : "[-1,0,1,0,1]",
    "name" : " :-1 +phi",
    "vertices" : [ {
      "x" : 0.42838138,
      "y" : 0.0,
      "z" : 0.0
    }, {
      "x" : 1.121517,
      "y" : -0.3465678,
      "z" : -0.21419069
    }, {
      "x" : 1.121517,
      "y" : -0.3465678,
      "z" : 0.21419069
    }, {
      "x" : 1.121517,
      "y" : 0.3465678,
      "z" : -0.21419069
    }, {
      "x" : 1.121517,
      "y" : 0.3465678,
      "z" : 0.21419069
    }, {
      "x" : 1.4225223,
      "y" : -0.3465678,
      "z" : -0.21419069
    }, {
      "x" : 1.4225223,
      "y" : -0.3465678,
      "z" : 0.21419069
    }, {
      "x" : 1.4225223,
      "y" : 0.3465678,
      "z" : -0.21419069
    }, {
      "x" : 1.4225223,
      "y" : 0.3465678,
      "z" : 0.21419069
    }, {
      "x" : 2.115658,
      "y" : 0.0,
      "z" : 0.0
    }, {
      "x" : 2.5440392,
      "y" : 0.0,
      "z" : 0.0
    } ],
    "faces" : [ {
      "vertices" : [ 1, 3, 7, 5 ]
    }, {
      "vertices" : [ 0, 1, 2 ]
    }, {
      "vertices" : [ 0, 3, 1 ]
    }, {
      "vertices" : [ 5, 9, 6 ]
    }, {
      "vertices" : [ 2, 6, 8, 4 ]
    }, {
      "vertices" : [ 5, 7, 9 ]
    }, {
      "vertices" : [ 0, 2, 4 ]
    }, {
      "vertices" : [ 3, 4, 8, 7 ]
    }, {
      "vertices" : [ 0, 4, 3 ]
    }, {
      "vertices" : [ 6, 9, 8 ]
    }, {
      "vertices" : [ 7, 8, 9 ]
    }, {
      "vertices" : [ 1, 5, 6, 2 ]
    } ]
  }, {
    "id" : "406d96cf-7e2b-43d8-a650-14c4e6b79509",
    "orbit" : "blue",
    "orbitC" : "[[0,0,0,0,1],[0,0,0,0,1]]",
    "length" : "[0,0,1,0,1]",
    "name" : "b3",
    "vertices" : [ {
      "x" : 0.42838138,
      "y" : 0.0,
      "z" : 0.0
    }, {
      "x" : 1.121517,
      "y" : -0.3465678,
      "z" : -0.21419069
    }, {
      "x" : 1.121517,
      "y" : -0.3465678,
      "z" : 0.21419069
    }, {
      "x" : 1.121517,
      "y" : 0.3465678,
      "z" : -0.21419069
    }, {
      "x" : 1.121517,
      "y" : 0.3465678,
      "z" : 0.21419069
    }, {
      "x" : 5.538864,
      "y" : -0.3465678,
      "z" : -0.21419069
    }, {
      "x" : 5.538864,
      "y" : -0.3465678,
      "z" : 0.21419069
    }, {
      "x" : 5.538864,
      "y" : 0.3465678,
      "z" : -0.21419069
    }, {
      "x" : 5.538864,
      "y" : 0.3465678,
      "z" : 0.21419069
    }, {
      "x" : 6.232,
      "y" : 0.0,
      "z" : 0.0
    }, {
      "x" : 6.6603813,
      "y" : 0.0,
      "z" : 0.0
    } ],
    "faces" : [ {
      "vertices" : [ 1, 3, 7, 5 ]
    }, {
      "vertices" : [ 0, 1, 2 ]
    }, {
      "vertices" : [ 0, 3, 1 ]
    }, {
      "vertices" : [ 5, 9, 6 ]
    }, {
      "vertices" : [ 2, 6, 8, 4 ]
    }, {
      "vertices" : [ 5, 7, 9 ]
    }, {
      "vertices" : [ 0, 2, 4 ]
    }, {
      "vertices" : [ 3, 4, 8, 7 ]
    }, {
      "vertices" : [ 0, 4, 3 ]
    }, {
      "vertices" : [ 6, 9, 8 ]
    }, {
      "vertices" : [ 7, 8, 9 ]
    }, {
      "vertices" : [ 1, 5, 6, 2 ]
    } ]
  }, {
    "id" : "e02de736-79a8-48b1-aae3-f81ce417d6b9",
    "name" : "ball",
    "vertices" : [ {
      "x" : -0.3465678,
      "y" : -0.21419069,
      "z" : 0.0
    }, {
      "x" : -0.3465678,
      "y" : 0.21419069,
      "z" : 0.0
    }, {
      "x" : -0.21419069,
      "y" : 0.0,
      "z" : -0.3465678
    }, {
      "x" : -0.21419069,
      "y" : 0.0,
      "z" : 0.3465678
    }, {
      "x" : 0.0,
      "y" : -0.3465678,
      "z" : -0.21419069
    }, {
      "x" : 0.0,
      "y" : -0.3465678,
      "z" : 0.21419069
    }, {
      "x" : 0.0,
      "y" : 0.3465678,
      "z" : -0.21419069
    }, {
      "x" : 0.0,
      "y" : 0.3465678,
      "z" : 0.21419069
    }, {
      "x" : 0.21419069,
      "y" : 0.0,
      "z" : -0.3465678
    }, {
      "x" : 0.21419069,
      "y" : 0.0,
      "z" : 0.3465678
    }, {
      "x" : 0.3465678,
      "y" : -0.21419069,
      "z" : 0.0
    }, {
      "x" : 0.3465678,
      "y" : 0.21419069,
      "z" : 0.0
    } ],
    "faces" : [ {
      "vertices" : [ 0, 1, 2 ]
    }, {
      "vertices" : [ 0, 3, 1 ]
    }, {
      "vertices" : [ 0, 2, 4 ]
    }, {
      "vertices" : [ 0, 5, 3 ]
    }, {
      "vertices" : [ 0, 4, 5 ]
    }, {
      "vertices" : [ 1, 6, 2 ]
    }, {
      "vertices" : [ 1, 3, 7 ]
    }, {
      "vertices" : [ 1, 7, 6 ]
    }, {
      "vertices" : [ 2, 8, 4 ]
    }, {
      "vertices" : [ 2, 6, 8 ]
    }, {
      "vertices" : [ 3, 5, 9 ]
    }, {
      "vertices" : [ 3, 9, 7 ]
    }, {
      "vertices" : [ 4, 10, 5 ]
    }, {
      "vertices" : [ 4, 8, 10 ]
    }, {
      "vertices" : [ 5, 10, 9 ]
    }, {
      "vertices" : [ 6, 7, 11 ]
    }, {
      "vertices" : [ 6, 11, 8 ]
    }, {
      "vertices" : [ 7, 9, 11 ]
    }, {
      "vertices" : [ 8, 11, 10 ]
    }, {
      "vertices" : [ 9, 10, 11 ]
    } ]
  }, {
    "id" : "fea5eced-2978-460d-9518-932d81c7d480",
    "orbit" : "coral",
    "orbitC" : "[[-3,0,2,0,2],[-1,0,1,0,2]]",
    "length" : "[1,0,1,0,1]",
    "name" : " :1 +phi",
    "vertices" : [ {
      "x" : 9.452829,
      "y" : 0.13333334,
      "z" : 4.8623767
    }, {
      "x" : 9.55283,
      "y" : -0.26666668,
      "z" : 4.962377
    }, {
      "x" : 0.53774244,
      "y" : -0.13333334,
      "z" : 0.5259848
    }, {
      "x" : 0.43774244,
      "y" : 0.26666668,
      "z" : 0.42598483
    }, {
      "x" : 9.319496,
      "y" : -0.13333334,
      "z" : 5.262377
    }, {
      "x" : 9.219497,
      "y" : 0.26666668,
      "z" : 5.162377
    }, {
      "x" : 0.67107576,
      "y" : 0.13333334,
      "z" : 0.12598482
    }, {
      "x" : 0.7710758,
      "y" : -0.26666668,
      "z" : 0.22598483
    } ],
    "faces" : [ {
      "vertices" : [ 2, 3, 6, 7 ]
    }, {
      "vertices" : [ 0, 5, 4, 1 ]
    }, {
      "vertices" : [ 2, 4, 5, 3 ]
    }, {
      "vertices" : [ 0, 6, 3, 5 ]
    }, {
      "vertices" : [ 0, 1, 7, 6 ]
    }, {
      "vertices" : [ 1, 4, 2, 7 ]
    } ]
  }, {
    "id" : "14c31b4a-0e8b-4d0f-910e-2cadcd7a779b",
    "orbit" : "blue",
    "orbitC" : "[[0,0,0,0,1],[0,0,0,0,1]]",
    "length" : "[0,0,1,0,2]",
    "name" : " :1/2*phi",
    "vertices" : [ {
      "x" : 0.42838138,
      "y" : 0.0,
      "z" : 0.0
    }, {
      "x" : 1.121517,
      "y" : -0.3465678,
      "z" : -0.21419069
    }, {
      "x" : 1.121517,
      "y" : -0.3465678,
      "z" : 0.21419069
    }, {
      "x" : 1.121517,
      "y" : 0.3465678,
      "z" : -0.21419069
    }, {
      "x" : 1.121517,
      "y" : 0.3465678,
      "z" : 0.21419069
    }, {
      "x" : 2.2086737,
      "y" : -0.3465678,
      "z" : -0.21419069
    }, {
      "x" : 2.2086737,
      "y" : -0.3465678,
      "z" : 0.21419069
    }, {
      "x" : 2.2086737,
      "y" : 0.3465678,
      "z" : -0.21419069
    }, {
      "x" : 2.2086737,
      "y" : 0.3465678,
      "z" : 0.21419069
    }, {
      "x" : 2.9018092,
      "y" : 0.0,
      "z" : 0.0
    }, {
      "x" : 3.3301907,
      "y" : 0.0,
      "z" : 0.0
    } ],
    "faces" : [ {
      "vertices" : [ 1, 3, 7, 5 ]
    }, {
      "vertices" : [ 0, 1, 2 ]
    }, {
      "vertices" : [ 0, 3, 1 ]
    }, {
      "vertices" : [ 5, 9, 6 ]
    }, {
      "vertices" : [ 2, 6, 8, 4 ]
    }, {
      "vertices" : [ 5, 7, 9 ]
    }, {
      "vertices" : [ 0, 2, 4 ]
    }, {
      "vertices" : [ 3, 4, 8, 7 ]
    }, {
      "vertices" : [ 0, 4, 3 ]
    }, {
      "vertices" : [ 6, 9, 8 ]
    }, {
      "vertices" : [ 7, 8, 9 ]
    }, {
      "vertices" : [ 1, 5, 6, 2 ]
    } ]
  }, {
    "id" : "f3a3a977-f08c-4a01-8dc8-756036bb9efb",
    "orbit" : "orange",
    "orbitC" : "[[-4,0,3,0,5],[3,0,-1,0,5]]",
    "length" : "[1,0,1,0,1]",
    "name" : " :1 +phi",
    "vertices" : [ {
      "x" : 9.266092,
      "y" : 1.2877009,
      "z" : -2.4150195
    }, {
      "x" : 9.166093,
      "y" : 1.6877009,
      "z" : -2.3150194
    }, {
      "x" : 0.48154536,
      "y" : 0.3773945,
      "z" : -0.2791614
    }, {
      "x" : 0.58154535,
      "y" : -0.0226055,
      "z" : -0.3791614
    }, {
      "x" : 8.932759,
      "y" : 1.8210342,
      "z" : -2.6150196
    }, {
      "x" : 9.03276,
      "y" : 1.4210342,
      "z" : -2.7150195
    }, {
      "x" : 0.8148787,
      "y" : -0.15593883,
      "z" : -0.0791614
    }, {
      "x" : 0.7148787,
      "y" : 0.24406117,
      "z" : 0.020838602
    } ],
    "faces" : [ {
      "vertices" : [ 2, 3, 6, 7 ]
    }, {
      "vertices" : [ 0, 5, 4, 1 ]
    }, {
      "vertices" : [ 2, 4, 5, 3 ]
    }, {
      "vertices" : [ 0, 6, 3, 5 ]
    }, {
      "vertices" : [ 0, 1, 7, 6 ]
    }, {
      "vertices" : [ 1, 4, 2, 7 ]
    } ]
  }, {
    "id" : "a2d782be-7e2a-4f02-ab33-9f4c4607536c",
    "orbit" : "blue",
    "orbitC" : "[[0,0,0,0,1],[0,0,0,0,1]]",
    "length" : "[1,0,1,0,2]",
    "name" : " :1/2 +1/2*phi",
    "vertices" : [ {
      "x" : 0.42838138,
      "y" : 0.0,
      "z" : 0.0
    }, {
      "x" : 1.121517,
      "y" : -0.3465678,
      "z" : -0.21419069
    }, {
      "x" : 1.121517,
      "y" : -0.3465678,
      "z" : 0.21419069
    }, {
      "x" : 1.121517,
      "y" : 0.3465678,
      "z" : -0.21419069
    }, {
      "x" : 1.121517,
      "y" : 0.3465678,
      "z" : 0.21419069
    }, {
      "x" : 4.2668447,
      "y" : -0.3465678,
      "z" : -0.21419069
    }, {
      "x" : 4.2668447,
      "y" : -0.3465678,
      "z" : 0.21419069
    }, {
      "x" : 4.2668447,
      "y" : 0.3465678,
      "z" : -0.21419069
    }, {
      "x" : 4.2668447,
      "y" : 0.3465678,
      "z" : 0.21419069
    }, {
      "x" : 4.9599805,
      "y" : 0.0,
      "z" : 0.0
    }, {
      "x" : 5.388362,
      "y" : 0.0,
      "z" : 0.0
    } ],
    "faces" : [ {
      "vertices" : [ 1, 3, 7, 5 ]
    }, {
      "vertices" : [ 0, 1, 2 ]
    }, {
      "vertices" : [ 0, 3, 1 ]
    }, {
      "vertices" : [ 5, 9, 6 ]
    }, {
      "vertices" : [ 2, 6, 8, 4 ]
    }, {
      "vertices" : [ 5, 7, 9 ]
    }, {
      "vertices" : [ 0, 2, 4 ]
    }, {
      "vertices" : [ 3, 4, 8, 7 ]
    }, {
      "vertices" : [ 0, 4, 3 ]
    }, {
      "vertices" : [ 6, 9, 8 ]
    }, {
      "vertices" : [ 7, 8, 9 ]
    }, {
      "vertices" : [ 1, 5, 6, 2 ]
    } ]
  }, {
    "id" : "80f2d419-745d-4586-904d-4e59939c2c0f",
    "orbit" : "blue",
    "orbitC" : "[[0,0,0,0,1],[0,0,0,0,1]]",
    "length" : "[0,1,0,0,1]",
    "name" : "b2",
    "vertices" : [ {
      "x" : 0.42838138,
      "y" : 0.0,
      "z" : 0.0
    }, {
      "x" : 1.121517,
      "y" : -0.3465678,
      "z" : -0.21419069
    }, {
      "x" : 1.121517,
      "y" : -0.3465678,
      "z" : 0.21419069
    }, {
      "x" : 1.121517,
      "y" : 0.3465678,
      "z" : -0.21419069
    }, {
      "x" : 1.121517,
      "y" : 0.3465678,
      "z" : 0.21419069
    }, {
      "x" : 4.114551,
      "y" : -0.3465678,
      "z" : -0.21419069
    }, {
      "x" : 4.114551,
      "y" : -0.3465678,
      "z" : 0.21419069
    }, {
      "x" : 4.114551,
      "y" : 0.3465678,
      "z" : -0.21419069
    }, {
      "x" : 4.114551,
      "y" : 0.3465678,
      "z" : 0.21419069
    }, {
      "x" : 4.807687,
      "y" : 0.0,
      "z" : 0.0
    }, {
      "x" : 5.236068,
      "y" : 0.0,
      "z" : 0.0
    } ],
    "faces" : [ {
      "vertices" : [ 1, 3, 7, 5 ]
    }, {
      "vertices" : [ 0, 1, 2 ]
    }, {
      "vertices" : [ 0, 3, 1 ]
    }, {
      "vertices" : [ 5, 9, 6 ]
    }, {
      "vertices" : [ 2, 6, 8, 4 ]
    }, {
      "vertices" : [ 5, 7, 9 ]
    }, {
      "vertices" : [ 0, 2, 4 ]
    }, {
      "vertices" : [ 3, 4, 8, 7 ]
    }, {
      "vertices" : [ 0, 4, 3 ]
    }, {
      "vertices" : [ 6, 9, 8 ]
    }, {
      "vertices" : [ 7, 8, 9 ]
    }, {
      "vertices" : [ 1, 5, 6, 2 ]
    } ]
  }, {
    "id" : "5850fa22-c6c9-47fc-8cef-29677d485597",
    "orbit" : "lavender",
    "orbitC" : "[[-3,0,2,0,1],[-3,0,2,0,1]]",
    "length" : "[0,1,0,1,1]",
    "name" : " :sqrt(phi) +phi*sqrt(phi)",
    "vertices" : [ {
      "x" : 2.2652476,
      "y" : 10.509623,
      "z" : 2.5985808
    }, {
      "x" : 2.3652475,
      "y" : 10.609623,
      "z" : 2.198581
    }, {
      "x" : 0.3527864,
      "y" : 0.5805469,
      "z" : 0.019453071
    }, {
      "x" : 0.2527864,
      "y" : 0.48054692,
      "z" : 0.41945308
    }, {
      "x" : 2.6652477,
      "y" : 10.376289,
      "z" : 2.3319142
    }, {
      "x" : 2.5652475,
      "y" : 10.27629,
      "z" : 2.7319143
    }, {
      "x" : -0.047213595,
      "y" : 0.71388024,
      "z" : 0.28611973
    }, {
      "x" : 0.052786406,
      "y" : 0.81388026,
      "z" : -0.11388026
    } ],
    "faces" : [ {
      "vertices" : [ 2, 3, 6, 7 ]
    }, {
      "vertices" : [ 0, 5, 4, 1 ]
    }, {
      "vertices" : [ 2, 4, 5, 3 ]
    }, {
      "vertices" : [ 0, 6, 3, 5 ]
    }, {
      "vertices" : [ 0, 1, 7, 6 ]
    }, {
      "vertices" : [ 1, 4, 2, 7 ]
    } ]
  }, {
    "id" : "6cd8166e-aba6-4e0f-b2fe-053acf6718df",
    "orbit" : "0",
    "orbitC" : "[[-1,1,0,0,1],[1,1,0,-1,1]]",
    "length" : "[1,0,1,0,1]",
    "name" : " :1 +phi",
    "vertices" : [ {
      "x" : 6.133035,
      "y" : -8.09521,
      "z" : -0.26666668
    }, {
      "x" : 6.0330353,
      "y" : -7.99521,
      "z" : 0.13333334
    }, {
      "x" : 0.52734596,
      "y" : -0.37692577,
      "z" : 0.26666668
    }, {
      "x" : 0.6273459,
      "y" : -0.47692576,
      "z" : -0.13333334
    }, {
      "x" : 6.3330355,
      "y" : -7.761877,
      "z" : 0.26666668
    }, {
      "x" : 6.4330354,
      "y" : -7.861877,
      "z" : -0.13333334
    }, {
      "x" : 0.32734594,
      "y" : -0.7102591,
      "z" : -0.26666668
    }, {
      "x" : 0.22734594,
      "y" : -0.6102591,
      "z" : 0.13333334
    } ],
    "faces" : [ {
      "vertices" : [ 2, 3, 6, 7 ]
    }, {
      "vertices" : [ 0, 5, 4, 1 ]
    }, {
      "vertices" : [ 2, 4, 5, 3 ]
    }, {
      "vertices" : [ 0, 6, 3, 5 ]
    }, {
      "vertices" : [ 0, 1, 7, 6 ]
    }, {
      "vertices" : [ 1, 4, 2, 7 ]
    } ]
  }, {
    "id" : "77db0e7c-5a02-433a-a921-cd2e59574fd1",
    "orbit" : "blue",
    "orbitC" : "[[0,0,0,0,1],[0,0,0,0,1]]",
    "length" : "[1,-1,1,0,1]",
    "name" : " :1 -sqrt(phi) +phi",
    "vertices" : [ {
      "x" : 0.42838138,
      "y" : 0.0,
      "z" : 0.0
    }, {
      "x" : 1.121517,
      "y" : -0.3465678,
      "z" : -0.21419069
    }, {
      "x" : 1.121517,
      "y" : -0.3465678,
      "z" : 0.21419069
    }, {
      "x" : 1.121517,
      "y" : 0.3465678,
      "z" : -0.21419069
    }, {
      "x" : 1.121517,
      "y" : 0.3465678,
      "z" : 0.21419069
    }, {
      "x" : 4.4191384,
      "y" : -0.3465678,
      "z" : -0.21419069
    }, {
      "x" : 4.4191384,
      "y" : -0.3465678,
      "z" : 0.21419069
    }, {
      "x" : 4.4191384,
      "y" : 0.3465678,
      "z" : -0.21419069
    }, {
      "x" : 4.4191384,
      "y" : 0.3465678,
      "z" : 0.21419069
    }, {
      "x" : 5.112274,
      "y" : 0.0,
      "z" : 0.0
    }, {
      "x" : 5.5406556,
      "y" : 0.0,
      "z" : 0.0
    } ],
    "faces" : [ {
      "vertices" : [ 1, 3, 7, 5 ]
    }, {
      "vertices" : [ 0, 1, 2 ]
    }, {
      "vertices" : [ 0, 3, 1 ]
    }, {
      "vertices" : [ 5, 9, 6 ]
    }, {
      "vertices" : [ 2, 6, 8, 4 ]
    }, {
      "vertices" : [ 5, 7, 9 ]
    }, {
      "vertices" : [ 0, 2, 4 ]
    }, {
      "vertices" : [ 3, 4, 8, 7 ]
    }, {
      "vertices" : [ 0, 4, 3 ]
    }, {
      "vertices" : [ 6, 9, 8 ]
    }, {
      "vertices" : [ 7, 8, 9 ]
    }, {
      "vertices" : [ 1, 5, 6, 2 ]
    } ]
  }, {
    "id" : "0984360c-1067-4f34-b91e-58ae66ea4d77",
    "orbit" : "blue",
    "orbitC" : "[[0,0,0,0,1],[0,0,0,0,1]]",
    "length" : "[-1,0,0,1,1]",
    "name" : " :-1 +phi*sqrt(phi)",
    "vertices" : [ {
      "x" : 0.42838138,
      "y" : 0.0,
      "z" : 0.0
    }, {
      "x" : 1.121517,
      "y" : -0.3465678,
      "z" : -0.21419069
    }, {
      "x" : 1.121517,
      "y" : -0.3465678,
      "z" : 0.21419069
    }, {
      "x" : 1.121517,
      "y" : 0.3465678,
      "z" : -0.21419069
    }, {
      "x" : 1.121517,
      "y" : 0.3465678,
      "z" : 0.21419069
    }, {
      "x" : 3.234277,
      "y" : -0.3465678,
      "z" : -0.21419069
    }, {
      "x" : 3.234277,
      "y" : -0.3465678,
      "z" : 0.21419069
    }, {
      "x" : 3.234277,
      "y" : 0.3465678,
      "z" : -0.21419069
    }, {
      "x" : 3.234277,
      "y" : 0.3465678,
      "z" : 0.21419069
    }, {
      "x" : 3.9274125,
      "y" : 0.0,
      "z" : 0.0
    }, {
      "x" : 4.355794,
      "y" : 0.0,
      "z" : 0.0
    } ],
    "faces" : [ {
      "vertices" : [ 1, 3, 7, 5 ]
    }, {
      "vertices" : [ 0, 1, 2 ]
    }, {
      "vertices" : [ 0, 3, 1 ]
    }, {
      "vertices" : [ 5, 9, 6 ]
    }, {
      "vertices" : [ 2, 6, 8, 4 ]
    }, {
      "vertices" : [ 5, 7, 9 ]
    }, {
      "vertices" : [ 0, 2, 4 ]
    }, {
      "vertices" : [ 3, 4, 8, 7 ]
    }, {
      "vertices" : [ 0, 4, 3 ]
    }, {
      "vertices" : [ 6, 9, 8 ]
    }, {
      "vertices" : [ 7, 8, 9 ]
    }, {
      "vertices" : [ 1, 5, 6, 2 ]
    } ]
  }, {
    "id" : "49c54e9d-793c-4875-b158-e1604ee8e859",
    "orbit" : "blue",
    "orbitC" : "[[0,0,0,0,1],[0,0,0,0,1]]",
    "length" : "[1,0,0,0,1]",
    "name" : "b1",
    "vertices" : [ {
      "x" : 0.42838138,
      "y" : 0.0,
      "z" : 0.0
    }, {
      "x" : 1.121517,
      "y" : -0.3465678,
      "z" : -0.21419069
    }, {
      "x" : 1.121517,
      "y" : -0.3465678,
      "z" : 0.21419069
    }, {
      "x" : 1.121517,
      "y" : 0.3465678,
      "z" : -0.21419069
    }, {
      "x" : 1.121517,
      "y" : 0.3465678,
      "z" : 0.21419069
    }, {
      "x" : 2.9948251,
      "y" : -0.3465678,
      "z" : -0.21419069
    }, {
      "x" : 2.9948251,
      "y" : -0.3465678,
      "z" : 0.21419069
    }, {
      "x" : 2.9948251,
      "y" : 0.3465678,
      "z" : -0.21419069
    }, {
      "x" : 2.9948251,
      "y" : 0.3465678,
      "z" : 0.21419069
    }, {
      "x" : 3.6879606,
      "y" : 0.0,
      "z" : 0.0
    }, {
      "x" : 4.116342,
      "y" : 0.0,
      "z" : 0.0
    } ],
    "faces" : [ {
      "vertices" : [ 1, 3, 7, 5 ]
    }, {
      "vertices" : [ 0, 1, 2 ]
    }, {
      "vertices" : [ 0, 3, 1 ]
    }, {
      "vertices" : [ 5, 9, 6 ]
    }, {
      "vertices" : [ 2, 6, 8, 4 ]
    }, {
      "vertices" : [ 5, 7, 9 ]
    }, {
      "vertices" : [ 0, 2, 4 ]
    }, {
      "vertices" : [ 3, 4, 8, 7 ]
    }, {
      "vertices" : [ 0, 4, 3 ]
    }, {
      "vertices" : [ 6, 9, 8 ]
    }, {
      "vertices" : [ 7, 8, 9 ]
    }, {
      "vertices" : [ 1, 5, 6, 2 ]
    } ]
  }, {
    "id" : "11fffc8c-5e2a-4134-b86e-48f45eb8295a",
    "orbit" : "navy",
    "orbitC" : "[[-1,0,1,0,2],[2,0,-1,0,2]]",
    "length" : "[0,0,0,1,1]",
    "name" : " :phi*sqrt(phi)",
    "vertices" : [ {
      "x" : 6.7947645,
      "y" : 8.25628,
      "z" : 0.13333334
    }, {
      "x" : 6.894765,
      "y" : 8.35628,
      "z" : -0.26666668
    }, {
      "x" : 0.651768,
      "y" : 0.46227252,
      "z" : -0.13333334
    }, {
      "x" : 0.551768,
      "y" : 0.36227253,
      "z" : 0.26666668
    }, {
      "x" : 7.1947646,
      "y" : 8.122947,
      "z" : -0.13333334
    }, {
      "x" : 7.0947647,
      "y" : 8.022946,
      "z" : 0.26666668
    }, {
      "x" : 0.251768,
      "y" : 0.59560585,
      "z" : 0.13333334
    }, {
      "x" : 0.35176802,
      "y" : 0.6956059,
      "z" : -0.26666668
    } ],
    "faces" : [ {
      "vertices" : [ 2, 3, 6, 7 ]
    }, {
      "vertices" : [ 0, 5, 4, 1 ]
    }, {
      "vertices" : [ 2, 4, 5, 3 ]
    }, {
      "vertices" : [ 0, 6, 3, 5 ]
    }, {
      "vertices" : [ 0, 1, 7, 6 ]
    }, {
      "vertices" : [ 1, 4, 2, 7 ]
    } ]
  }, {
    "id" : "5b9d609f-dd15-48ea-98fd-9620710ae01d",
    "orbit" : "blue",
    "orbitC" : "[[0,0,0,0,1],[0,0,0,0,1]]",
    "length" : "[0,-1,0,1,1]",
    "name" : "b0",
    "vertices" : [ {
      "x" : 0.42838138,
      "y" : 0.0,
      "z" : 0.0
    }, {
      "x" : 1.121517,
      "y" : -0.3465678,
      "z" : -0.21419069
    }, {
      "x" : 1.121517,
      "y" : -0.3465678,
      "z" : 0.21419069
    }, {
      "x" : 1.121517,
      "y" : 0.3465678,
      "z" : -0.21419069
    }, {
      "x" : 1.121517,
      "y" : 0.3465678,
      "z" : 0.21419069
    }, {
      "x" : 2.114551,
      "y" : -0.3465678,
      "z" : -0.21419069
    }, {
      "x" : 2.114551,
      "y" : -0.3465678,
      "z" : 0.21419069
    }, {
      "x" : 2.114551,
      "y" : 0.3465678,
      "z" : -0.21419069
    }, {
      "x" : 2.114551,
      "y" : 0.3465678,
      "z" : 0.21419069
    }, {
      "x" : 2.8076866,
      "y" : 0.0,
      "z" : 0.0
    }, {
      "x" : 3.236068,
      "y" : 0.0,
      "z" : 0.0
    } ],
    "faces" : [ {
      "vertices" : [ 1, 3, 7, 5 ]
    }, {
      "vertices" : [ 0, 1, 2 ]
    }, {
      "vertices" : [ 0, 3, 1 ]
    }, {
      "vertices" : [ 5, 9, 6 ]
    }, {
      "vertices" : [ 2, 6, 8, 4 ]
    }, {
      "vertices" : [ 5, 7, 9 ]
    }, {
      "vertices" : [ 0, 2, 4 ]
    }, {
      "vertices" : [ 3, 4, 8, 7 ]
    }, {
      "vertices" : [ 0, 4, 3 ]
    }, {
      "vertices" : [ 6, 9, 8 ]
    }, {
      "vertices" : [ 7, 8, 9 ]
    }, {
      "vertices" : [ 1, 5, 6, 2 ]
    } ]
  }, {
    "id" : "1c5b4683-9ba8-4afb-83f9-fca44e47daf0",
    "orbit" : "green",
    "orbitC" : "[[2,0,-1,0,1],[5,0,-3,0,1]]",
    "length" : "[0,0,0,1,1]",
    "name" : " :phi*sqrt(phi)",
    "vertices" : [ {
      "x" : 0.85676277,
      "y" : 0.3465678,
      "z" : -0.47894493
    }, {
      "x" : 0.3465678,
      "y" : 0.13237712,
      "z" : -0.050563563
    }, {
      "x" : 0.7749492,
      "y" : 0.64257205,
      "z" : -0.26475424
    }, {
      "x" : 1.0397035,
      "y" : 0.050563563,
      "z" : 0.0
    }, {
      "x" : 0.95788985,
      "y" : 0.3465678,
      "z" : 0.21419069
    }, {
      "x" : 10.13228,
      "y" : 3.8895001,
      "z" : -1.8322247
    }, {
      "x" : 10.050467,
      "y" : 4.1855044,
      "z" : -1.618034
    }, {
      "x" : 10.315221,
      "y" : 3.5934958,
      "z" : -1.3532797
    }, {
      "x" : 10.743602,
      "y" : 4.1036906,
      "z" : -1.5674704
    }, {
      "x" : 10.233407,
      "y" : 3.8895001,
      "z" : -1.1390891
    }, {
      "x" : 11.09017,
      "y" : 4.236068,
      "z" : -1.618034
    } ],
    "faces" : [ {
      "vertices" : [ 0, 1, 2 ]
    }, {
      "vertices" : [ 5, 6, 8 ]
    }, {
      "vertices" : [ 0, 3, 1 ]
    }, {
      "vertices" : [ 5, 8, 7 ]
    }, {
      "vertices" : [ 2, 4, 9, 6 ]
    }, {
      "vertices" : [ 1, 4, 2 ]
    }, {
      "vertices" : [ 6, 9, 8 ]
    }, {
      "vertices" : [ 3, 7, 9, 4 ]
    }, {
      "vertices" : [ 1, 3, 4 ]
    }, {
      "vertices" : [ 7, 8, 9 ]
    }, {
      "vertices" : [ 0, 2, 6, 5 ]
    }, {
      "vertices" : [ 0, 5, 7, 3 ]
    } ]
  }, {
    "id" : "5aa6ef97-37ad-43af-b40d-7fb31b1b183e",
    "orbit" : "blue",
    "orbitC" : "[[0,0,0,0,1],[0,0,0,0,1]]",
    "length" : "[0,0,0,1,1]",
    "name" : " :phi*sqrt(phi)",
    "vertices" : [ {
      "x" : 0.42838138,
      "y" : 0.0,
      "z" : 0.0
    }, {
      "x" : 1.121517,
      "y" : -0.3465678,
      "z" : -0.21419069
    }, {
      "x" : 1.121517,
      "y" : -0.3465678,
      "z" : 0.21419069
    }, {
      "x" : 1.121517,
      "y" : 0.3465678,
      "z" : -0.21419069
    }, {
      "x" : 1.121517,
      "y" : 0.3465678,
      "z" : 0.21419069
    }, {
      "x" : 7.350619,
      "y" : -0.3465678,
      "z" : -0.21419069
    }, {
      "x" : 7.350619,
      "y" : -0.3465678,
      "z" : 0.21419069
    }, {
      "x" : 7.350619,
      "y" : 0.3465678,
      "z" : -0.21419069
    }, {
      "x" : 7.350619,
      "y" : 0.3465678,
      "z" : 0.21419069
    }, {
      "x" : 8.043755,
      "y" : 0.0,
      "z" : 0.0
    }, {
      "x" : 8.472136,
      "y" : 0.0,
      "z" : 0.0
    } ],
    "faces" : [ {
      "vertices" : [ 1, 3, 7, 5 ]
    }, {
      "vertices" : [ 0, 1, 2 ]
    }, {
      "vertices" : [ 0, 3, 1 ]
    }, {
      "vertices" : [ 5, 9, 6 ]
    }, {
      "vertices" : [ 2, 6, 8, 4 ]
    }, {
      "vertices" : [ 5, 7, 9 ]
    }, {
      "vertices" : [ 0, 2, 4 ]
    }, {
      "vertices" : [ 3, 4, 8, 7 ]
    }, {
      "vertices" : [ 0, 4, 3 ]
    }, {
      "vertices" : [ 6, 9, 8 ]
    }, {
      "vertices" : [ 7, 8, 9 ]
    }, {
      "vertices" : [ 1, 5, 6, 2 ]
    } ]
  } ],
  "instances" : [ {
    "shape" : "ba438c5f-41bc-481c-b183-e0a50efebb54",
    "color" : "#008EC2",
    "position" : {
      "x" : 9.990572,
      "y" : 0.0,
      "z" : 5.388362
    },
    "orientation" : 52
  }, {
    "shape" : "406d96cf-7e2b-43d8-a650-14c4e6b79509",
    "color" : "#008EC2",
    "position" : {
      "x" : -10.776724,
      "y" : -1.2720196,
      "z" : -3.3301907
    },
    "orientation" : 2
  }, {
    "shape" : "406d96cf-7e2b-43d8-a650-14c4e6b79509",
    "color" : "#008EC2",
    "position" : {
      "x" : -7.4465327,
      "y" : -6.6603813,
      "z" : -5.388362
    },
    "orientation" : 51
  }, {
    "shape" : "406d96cf-7e2b-43d8-a650-14c4e6b79509",
    "color" : "#008EC2",
    "position" : {
      "x" : 10.776724,
      "y" : -1.2720196,
      "z" : -3.3301907
    },
    "orientation" : 36
  }, {
    "shape" : "e02de736-79a8-48b1-aae3-f81ce417d6b9",
    "color" : "#F2F2F2",
    "position" : {
      "x" : 0.0,
      "y" : 5.388362,
      "z" : 9.990572
    }
  }, {
    "shape" : "fea5eced-2978-460d-9518-932d81c7d480",
    "color" : "#FF7E6A",
    "position" : {
      "x" : 0.0,
      "y" : 0.0,
      "z" : 0.0
    },
    "orientation" : 16
  }, {
    "shape" : "fea5eced-2978-460d-9518-932d81c7d480",
    "color" : "#FF7E6A",
    "position" : {
      "x" : 0.0,
      "y" : 0.0,
      "z" : 0.0
    },
    "orientation" : 57
  }, {
    "shape" : "e02de736-79a8-48b1-aae3-f81ce417d6b9",
    "color" : "#F2F2F2",
    "position" : {
      "x" : 5.388362,
      "y" : -7.4465327,
      "z" : -6.6603813
    }
  }, {
    "shape" : "fea5eced-2978-460d-9518-932d81c7d480",
    "color" : "#FF7E6A",
    "position" : {
      "x" : 0.0,
      "y" : 0.0,
      "z" : 0.0
    },
    "orientation" : 32
  }, {
    "shape" : "fea5eced-2978-460d-9518-932d81c7d480",
    "color" : "#FF7E6A",
    "position" : {
      "x" : 0.0,
      "y" : 0.0,
      "z" : 0.0
    },
    "orientation" : 1
  }, {
    "shape" : "fea5eced-2978-460d-9518-932d81c7d480",
    "color" : "#FF7E6A",
    "position" : {
      "x" : 0.0,
      "y" : 0.0,
      "z" : 0.0
    },
    "orientation" : 5
  }, {
    "shape" : "fea5eced-2978-460d-9518-932d81c7d480",
    "color" : "#FF7E6A",
    "position" : {
      "x" : 0.0,
      "y" : 0.0,
      "z" : 0.0
    },
    "orientation" : 14
  }, {
    "shape" : "e02de736-79a8-48b1-aae3-f81ce417d6b9",
    "color" : "#F2F2F2",
    "position" : {
      "x" : 7.4465327,
      "y" : -6.6603813,
      "z" : -5.388362
    }
  }, {
    "shape" : "e02de736-79a8-48b1-aae3-f81ce417d6b9",
    "color" : "#F2F2F2",
    "position" : {
      "x" : -9.990572,
      "y" : 0.0,
      "z" : 5.388362
    }
  }, {
    "shape" : "406d96cf-7e2b-43d8-a650-14c4e6b79509",
    "color" : "#008EC2",
    "position" : {
      "x" : -1.2720196,
      "y" : 3.3301907,
      "z" : -10.776724
    },
    "orientation" : 38
  }, {
    "shape" : "fea5eced-2978-460d-9518-932d81c7d480",
    "color" : "#FF7E6A",
    "position" : {
      "x" : 0.0,
      "y" : 0.0,
      "z" : 0.0
    },
    "orientation" : 48
  }, {
    "shape" : "fea5eced-2978-460d-9518-932d81c7d480",
    "color" : "#FF7E6A",
    "position" : {
      "x" : 0.0,
      "y" : 0.0,
      "z" : 0.0
    },
    "orientation" : 22
  }, {
    "shape" : "e02de736-79a8-48b1-aae3-f81ce417d6b9",
    "color" : "#F2F2F2",
    "position" : {
      "x" : -10.776724,
      "y" : -1.2720196,
      "z" : -3.3301907
    }
  }, {
    "shape" : "ba438c5f-41bc-481c-b183-e0a50efebb54",
    "color" : "#008EC2",
    "position" : {
      "x" : -5.388362,
      "y" : 9.990572,
      "z" : 0.0
    },
    "orientation" : 23
  }, {
    "shape" : "406d96cf-7e2b-43d8-a650-14c4e6b79509",
    "color" : "#008EC2",
    "position" : {
      "x" : -10.776724,
      "y" : 1.2720196,
      "z" : 3.3301907
    },
    "orientation" : 47
  }, {
    "shape" : "406d96cf-7e2b-43d8-a650-14c4e6b79509",
    "color" : "#008EC2",
    "position" : {
      "x" : 9.990572,
      "y" : 0.0,
      "z" : 5.388362
    },
    "orientation" : 39
  }, {
    "shape" : "406d96cf-7e2b-43d8-a650-14c4e6b79509",
    "color" : "#008EC2",
    "position" : {
      "x" : 7.4465327,
      "y" : 6.6603813,
      "z" : 5.388362
    },
    "orientation" : 55
  }, {
    "shape" : "e02de736-79a8-48b1-aae3-f81ce417d6b9",
    "color" : "#F2F2F2",
    "position" : {
      "x" : -6.6603813,
      "y" : -5.388362,
      "z" : 7.4465327
    }
  }, {
    "shape" : "ba438c5f-41bc-481c-b183-e0a50efebb54",
    "color" : "#008EC2",
    "position" : {
      "x" : 5.388362,
      "y" : 7.4465327,
      "z" : -6.6603813
    },
    "orientation" : 24
  }, {
    "shape" : "ba438c5f-41bc-481c-b183-e0a50efebb54",
    "color" : "#008EC2",
    "position" : {
      "x" : -6.6603813,
      "y" : -5.388362,
      "z" : 7.4465327
    },
    "orientation" : 24
  }, {
    "shape" : "fea5eced-2978-460d-9518-932d81c7d480",
    "color" : "#FF7E6A",
    "position" : {
      "x" : 0.0,
      "y" : 0.0,
      "z" : 0.0
    },
    "orientation" : 54
  }, {
    "shape" : "ba438c5f-41bc-481c-b183-e0a50efebb54",
    "color" : "#008EC2",
    "position" : {
      "x" : -1.2720196,
      "y" : 3.3301907,
      "z" : -10.776724
    },
    "orientation" : 0
  }, {
    "shape" : "fea5eced-2978-460d-9518-932d81c7d480",
    "color" : "#FF7E6A",
    "position" : {
      "x" : 0.0,
      "y" : 0.0,
      "z" : 0.0
    },
    "orientation" : 46
  }, {
    "shape" : "e02de736-79a8-48b1-aae3-f81ce417d6b9",
    "color" : "#F2F2F2",
    "position" : {
      "x" : 9.990572,
      "y" : 0.0,
      "z" : -5.388362
    }
  }, {
    "shape" : "fea5eced-2978-460d-9518-932d81c7d480",
    "color" : "#FF7E6A",
    "position" : {
      "x" : 0.0,
      "y" : 0.0,
      "z" : 0.0
    },
    "orientation" : 24
  }, {
    "shape" : "fea5eced-2978-460d-9518-932d81c7d480",
    "color" : "#FF7E6A",
    "position" : {
      "x" : 0.0,
      "y" : 0.0,
      "z" : 0.0
    },
    "orientation" : 37
  }, {
    "shape" : "e02de736-79a8-48b1-aae3-f81ce417d6b9",
    "color" : "#F2F2F2",
    "position" : {
      "x" : -10.776724,
      "y" : 1.2720196,
      "z" : 3.3301907
    }
  }, {
    "shape" : "406d96cf-7e2b-43d8-a650-14c4e6b79509",
    "color" : "#008EC2",
    "position" : {
      "x" : 1.2720196,
      "y" : 3.3301907,
      "z" : -10.776724
    },
    "orientation" : 16
  }, {
    "shape" : "ba438c5f-41bc-481c-b183-e0a50efebb54",
    "color" : "#008EC2",
    "position" : {
      "x" : 6.6603813,
      "y" : 5.388362,
      "z" : -7.4465327
    },
    "orientation" : 10
  }, {
    "shape" : "406d96cf-7e2b-43d8-a650-14c4e6b79509",
    "color" : "#008EC2",
    "position" : {
      "x" : 3.3301907,
      "y" : 10.776724,
      "z" : -1.2720196
    },
    "orientation" : 45
  }, {
    "shape" : "e02de736-79a8-48b1-aae3-f81ce417d6b9",
    "color" : "#F2F2F2",
    "position" : {
      "x" : -3.3301907,
      "y" : -10.776724,
      "z" : -1.2720196
    }
  }, {
    "shape" : "e02de736-79a8-48b1-aae3-f81ce417d6b9",
    "color" : "#F2F2F2",
    "position" : {
      "x" : 0.0,
      "y" : 5.388362,
      "z" : -9.990572
    }
  }, {
    "shape" : "e02de736-79a8-48b1-aae3-f81ce417d6b9",
    "color" : "#F2F2F2",
    "position" : {
      "x" : 10.776724,
      "y" : 1.2720196,
      "z" : -3.3301907
    }
  }, {
    "shape" : "fea5eced-2978-460d-9518-932d81c7d480",
    "color" : "#FF7E6A",
    "position" : {
      "x" : 0.0,
      "y" : 0.0,
      "z" : 0.0
    },
    "orientation" : 42
  }, {
    "shape" : "e02de736-79a8-48b1-aae3-f81ce417d6b9",
    "color" : "#F2F2F2",
    "position" : {
