{
  "field" : "golden",
  "symmetry" : "icosahedral",
  "orientations" : [ [ 1.0, 0.0, 0.0, 0.0, 0.0, 1.0, 0.0, 0.0, 0.0, 0.0, 1.0, 0.0, 0.0, 0.0, 0.0, 1.0 ], [ 0.0, 0.0, 1.0, 0.0, 1.0, 0.0, 0.0, 0.0, 0.0, 1.0, 0.0, 0.0, 0.0, 0.0, 0.0, 1.0 ], [ 0.0, 1.0, 0.0, 0.0, 0.0, 0.0, 1.0, 0.0, 1.0, 0.0, 0.0, 0.0, 0.0, 0.0, 0.0, 1.0 ], [ 0.809017, 0.309017, 0.5, 0.0, 0.309017, 0.5, -0.809017, 0.0, -0.5, 0.809017, 0.309017, 0.0, 0.0, 0.0, 0.0, 1.0 ], [ -0.5, 0.809017, 0.309017, 0.0, 0.809017, 0.309017, 0.5, 0.0, 0.309017, 0.5, -0.809017, 0.0, 0.0, 0.0, 0.0, 1.0 ], [ 0.309017, 0.5, -0.809017, 0.0, -0.5, 0.809017, 0.309017, 0.0, 0.809017, 0.309017, 0.5, 0.0, 0.0, 0.0, 0.0, 1.0 ], [ 0.5, 0.809017, 0.309017, 0.0, 0.809017, -0.309017, -0.5, 0.0, -0.309017, 0.5, -0.809017, 0.0, 0.0, 0.0, 0.0, 1.0 ], [ -0.309017, 0.5, -0.809017, 0.0, 0.5, 0.809017, 0.309017, 0.0, 0.809017, -0.309017, -0.5, 0.0, 0.0, 0.0, 0.0, 1.0 ], [ 0.809017, -0.309017, -0.5, 0.0, -0.309017, 0.5, -0.809017, 0.0, 0.5, 0.809017, 0.309017, 0.0, 0.0, 0.0, 0.0, 1.0 ], [ 0.5, 0.809017, -0.309017, 0.0, 0.809017, -0.309017, 0.5, 0.0, 0.309017, -0.5, -0.809017, 0.0, 0.0, 0.0, 0.0, 1.0 ], [ 0.309017, -0.5, -0.809017, 0.0, 0.5, 0.809017, -0.309017, 0.0, 0.809017, -0.309017, 0.5, 0.0, 0.0, 0.0, 0.0, 1.0 ], [ 0.809017, -0.309017, 0.5, 0.0, 0.309017, -0.5, -0.809017, 0.0, 0.5, 0.809017, -0.309017, 0.0, 0.0, 0.0, 0.0, 1.0 ], [ 0.809017, 0.309017, -0.5, 0.0, 0.309017, 0.5, 0.809017, 0.0, 0.5, -0.809017, 0.309017, 0.0, 0.0, 0.0, 0.0, 1.0 ], [ 0.5, -0.809017, 0.309017, 0.0, 0.809017, 0.309017, -0.5, 0.0, 0.309017, 0.5, 0.809017, 0.0, 0.0, 0.0, 0.0, 1.0 ], [ 0.309017, 0.5, 0.809017, 0.0, 0.5, -0.809017, 0.309017, 0.0, 0.809017, 0.309017, -0.5, 0.0, 0.0, 0.0, 0.0, 1.0 ], [ 1.0, 0.0, 0.0, 0.0, 0.0, -1.0, 0.0, 0.0, 0.0, 0.0, -1.0, 0.0, 0.0, 0.0, 0.0, 1.0 ], [ 0.0, 0.0, 1.0, 0.0, -1.0, 0.0, 0.0, 0.0, 0.0, -1.0, 0.0, 0.0, 0.0, 0.0, 0.0, 1.0 ], [ 0.0, 1.0, 0.0, 0.0, 0.0, 0.0, -1.0, 0.0, -1.0, 0.0, 0.0, 0.0, 0.0, 0.0, 0.0, 1.0 ], [ 0.809017, 0.309017, 0.5, 0.0, -0.309017, -0.5, 0.809017, 0.0, 0.5, -0.809017, -0.309017, 0.0, 0.0, 0.0, 0.0, 1.0 ], [ -0.5, 0.809017, 0.309017, 0.0, -0.809017, -0.309017, -0.5, 0.0, -0.309017, -0.5, 0.809017, 0.0, 0.0, 0.0, 0.0, 1.0 ], [ 0.309017, 0.5, -0.809017, 0.0, 0.5, -0.809017, -0.309017, 0.0, -0.809017, -0.309017, -0.5, 0.0, 0.0, 0.0, 0.0, 1.0 ], [ 0.5, 0.809017, 0.309017, 0.0, -0.809017, 0.309017, 0.5, 0.0, 0.309017, -0.5, 0.809017, 0.0, 0.0, 0.0, 0.0, 1.0 ], [ -0.309017, 0.5, -0.809017, 0.0, -0.5, -0.809017, -0.309017, 0.0, -0.809017, 0.309017, 0.5, 0.0, 0.0, 0.0, 0.0, 1.0 ], [ 0.809017, -0.309017, -0.5, 0.0, 0.309017, -0.5, 0.809017, 0.0, -0.5, -0.809017, -0.309017, 0.0, 0.0, 0.0, 0.0, 1.0 ], [ 0.5, 0.809017, -0.309017, 0.0, -0.809017, 0.309017, -0.5, 0.0, -0.309017, 0.5, 0.809017, 0.0, 0.0, 0.0, 0.0, 1.0 ], [ 0.309017, -0.5, -0.809017, 0.0, -0.5, -0.809017, 0.309017, 0.0, -0.809017, 0.309017, -0.5, 0.0, 0.0, 0.0, 0.0, 1.0 ], [ 0.809017, -0.309017, 0.5, 0.0, -0.309017, 0.5, 0.809017, 0.0, -0.5, -0.809017, 0.309017, 0.0, 0.0, 0.0, 0.0, 1.0 ], [ 0.809017, 0.309017, -0.5, 0.0, -0.309017, -0.5, -0.809017, 0.0, -0.5, 0.809017, -0.309017, 0.0, 0.0, 0.0, 0.0, 1.0 ], [ 0.5, -0.809017, 0.309017, 0.0, -0.809017, -0.309017, 0.5, 0.0, -0.309017, -0.5, -0.809017, 0.0, 0.0, 0.0, 0.0, 1.0 ], [ 0.309017, 0.5, 0.809017, 0.0, -0.5, 0.809017, -0.309017, 0.0, -0.809017, -0.309017, 0.5, 0.0, 0.0, 0.0, 0.0, 1.0 ], [ -1.0, 0.0, 0.0, 0.0, 0.0, -1.0, 0.0, 0.0, 0.0, 0.0, 1.0, 0.0, 0.0, 0.0, 0.0, 1.0 ], [ 0.0, 0.0, -1.0, 0.0, -1.0, 0.0, 0.0, 0.0, 0.0, 1.0, 0.0, 0.0, 0.0, 0.0, 0.0, 1.0 ], [ 0.0, -1.0, 0.0, 0.0, 0.0, 0.0, -1.0, 0.0, 1.0, 0.0, 0.0, 0.0, 0.0, 0.0, 0.0, 1.0 ], [ -0.809017, -0.309017, -0.5, 0.0, -0.309017, -0.5, 0.809017, 0.0, -0.5, 0.809017, 0.309017, 0.0, 0.0, 0.0, 0.0, 1.0 ], [ 0.5, -0.809017, -0.309017, 0.0, -0.809017, -0.309017, -0.5, 0.0, 0.309017, 0.5, -0.809017, 0.0, 0.0, 0.0, 0.0, 1.0 ], [ -0.309017, -0.5, 0.809017, 0.0, 0.5, -0.809017, -0.309017, 0.0, 0.809017, 0.309017, 0.5, 0.0, 0.0, 0.0, 0.0, 1.0 ], [ -0.5, -0.809017, -0.309017, 0.0, -0.809017, 0.309017, 0.5, 0.0, -0.309017, 0.5, -0.809017, 0.0, 0.0, 0.0, 0.0, 1.0 ], [ 0.309017, -0.5, 0.809017, 0.0, -0.5, -0.809017, -0.309017, 0.0, 0.809017, -0.309017, -0.5, 0.0, 0.0, 0.0, 0.0, 1.0 ], [ -0.809017, 0.309017, 0.5, 0.0, 0.309017, -0.5, 0.809017, 0.0, 0.5, 0.809017, 0.309017, 0.0, 0.0, 0.0, 0.0, 1.0 ], [ -0.5, -0.809017, 0.309017, 0.0, -0.809017, 0.309017, -0.5, 0.0, 0.309017, -0.5, -0.809017, 0.0, 0.0, 0.0, 0.0, 1.0 ], [ -0.309017, 0.5, 0.809017, 0.0, -0.5, -0.809017, 0.309017, 0.0, 0.809017, -0.309017, 0.5, 0.0, 0.0, 0.0, 0.0, 1.0 ], [ -0.809017, 0.309017, -0.5, 0.0, -0.309017, 0.5, 0.809017, 0.0, 0.5, 0.809017, -0.309017, 0.0, 0.0, 0.0, 0.0, 1.0 ], [ -0.809017, -0.309017, 0.5, 0.0, -0.309017, -0.5, -0.809017, 0.0, 0.5, -0.809017, 0.309017, 0.0, 0.0, 0.0, 0.0, 1.0 ], [ -0.5, 0.809017, -0.309017, 0.0, -0.809017, -0.309017, 0.5, 0.0, 0.309017, 0.5, 0.809017, 0.0, 0.0, 0.0, 0.0, 1.0 ], [ -0.309017, -0.5, -0.809017, 0.0, -0.5, 0.809017, -0.309017, 0.0, 0.809017, 0.309017, -0.5, 0.0, 0.0, 0.0, 0.0, 1.0 ], [ -1.0, 0.0, 0.0, 0.0, 0.0, 1.0, 0.0, 0.0, 0.0, 0.0, -1.0, 0.0, 0.0, 0.0, 0.0, 1.0 ], [ 0.0, 0.0, -1.0, 0.0, 1.0, 0.0, 0.0, 0.0, 0.0, -1.0, 0.0, 0.0, 0.0, 0.0, 0.0, 1.0 ], [ 0.0, -1.0, 0.0, 0.0, 0.0, 0.0, 1.0, 0.0, -1.0, 0.0, 0.0, 0.0, 0.0, 0.0, 0.0, 1.0 ], [ -0.809017, -0.309017, -0.5, 0.0, 0.309017, 0.5, -0.809017, 0.0, 0.5, -0.809017, -0.309017, 0.0, 0.0, 0.0, 0.0, 1.0 ], [ 0.5, -0.809017, -0.309017, 0.0, 0.809017, 0.309017, 0.5, 0.0, -0.309017, -0.5, 0.809017, 0.0, 0.0, 0.0, 0.0, 1.0 ], [ -0.309017, -0.5, 0.809017, 0.0, -0.5, 0.809017, 0.309017, 0.0, -0.809017, -0.309017, -0.5, 0.0, 0.0, 0.0, 0.0, 1.0 ], [ -0.5, -0.809017, -0.309017, 0.0, 0.809017, -0.309017, -0.5, 0.0, 0.309017, -0.5, 0.809017, 0.0, 0.0, 0.0, 0.0, 1.0 ], [ 0.309017, -0.5, 0.809017, 0.0, 0.5, 0.809017, 0.309017, 0.0, -0.809017, 0.309017, 0.5, 0.0, 0.0, 0.0, 0.0, 1.0 ], [ -0.809017, 0.309017, 0.5, 0.0, -0.309017, 0.5, -0.809017, 0.0, -0.5, -0.809017, -0.309017, 0.0, 0.0, 0.0, 0.0, 1.0 ], [ -0.5, -0.809017, 0.309017, 0.0, 0.809017, -0.309017, 0.5, 0.0, -0.309017, 0.5, 0.809017, 0.0, 0.0, 0.0, 0.0, 1.0 ], [ -0.309017, 0.5, 0.809017, 0.0, 0.5, 0.809017, -0.309017, 0.0, -0.809017, 0.309017, -0.5, 0.0, 0.0, 0.0, 0.0, 1.0 ], [ -0.809017, 0.309017, -0.5, 0.0, 0.309017, -0.5, -0.809017, 0.0, -0.5, -0.809017, 0.309017, 0.0, 0.0, 0.0, 0.0, 1.0 ], [ -0.809017, -0.309017, 0.5, 0.0, 0.309017, 0.5, 0.809017, 0.0, -0.5, 0.809017, -0.309017, 0.0, 0.0, 0.0, 0.0, 1.0 ], [ -0.5, 0.809017, -0.309017, 0.0, 0.809017, 0.309017, -0.5, 0.0, -0.309017, -0.5, -0.809017, 0.0, 0.0, 0.0, 0.0, 1.0 ], [ -0.309017, -0.5, -0.809017, 0.0, 0.5, -0.809017, 0.309017, 0.0, -0.809017, -0.309017, 0.5, 0.0, 0.0, 0.0, 0.0, 1.0 ] ],
  "lights" : {
    "ambientColor" : "#292929",
    "backgroundColor" : "#AFC8DC",
    "directionalLights" : [ {
      "direction" : {
        "x" : 1.0,
        "y" : -1.0,
        "z" : -1.0
      },
      "color" : "#EBEBE4"
    }, {
      "direction" : {
        "x" : -1.0,
        "y" : 0.0,
        "z" : 0.0
      },
      "color" : "#E4E4EB"
    }, {
      "direction" : {
        "x" : 0.0,
        "y" : 0.0,
        "z" : -1.0
      },
      "color" : "#1E1E1E"
    } ]
  },
  "camera" : {
    "stereo" : false,
    "width" : 102.55164,
    "viewDistance" : 227.89374,
    "nearClipDistance" : 0.56973404,
    "farClipDistance" : 455.78842,
    "lookAtPoint" : {
      "x" : 0.0,
      "y" : 0.0,
      "z" : 0.0
    },
    "fieldOfView" : 0.44262663,
    "perspective" : false,
    "lookDirection" : {
      "x" : 0.5,
      "y" : 0.809017,
      "z" : -0.309017
    },
    "upDirection" : {
      "x" : 0.30901697,
      "y" : -0.49999997,
      "z" : -0.809017
    },
    "position" : {
      "x" : -113.94687,
      "y" : -184.3699,
      "z" : 70.42304
    }
  },
  "embedding" : [ 1.0, 0.0, 0.0, 0.0, 0.0, 1.0, 0.0, 0.0, 0.0, 0.0, 1.0, 0.0, 0.0, 0.0, 0.0, 1.0 ],
  "shapes" : [ {
    "id" : "51eb4005-95a1-4e25-b9a2-c1b70ea95251",
    "vertices" : [ {
      "x" : 1.0,
      "y" : 0.309017,
      "z" : 0.19098301
    }, {
      "x" : 1.0,
      "y" : -0.309017,
      "z" : 0.19098301
    }, {
      "x" : 1.618034,
      "y" : -0.309017,
      "z" : 0.19098301
    }, {
      "x" : 1.618034,
      "y" : 0.309017,
      "z" : 0.19098301
    }, {
      "x" : 1.618034,
      "y" : -0.309017,
      "z" : -0.19098301
    }, {
      "x" : 1.618034,
      "y" : 0.309017,
      "z" : -0.19098301
    }, {
      "x" : 2.236068,
      "y" : 0.0,
      "z" : 0.0
    }, {
      "x" : 0.38196602,
      "y" : 0.0,
      "z" : 0.0
    }, {
      "x" : 1.0,
      "y" : 0.309017,
      "z" : -0.19098301
    }, {
      "x" : 1.0,
      "y" : -0.309017,
      "z" : -0.19098301
    }, {
      "x" : 2.618034,
      "y" : 0.0,
      "z" : 0.0
    } ],
    "faces" : [ {
      "vertices" : [ 1, 9, 4 ]
    }, {
      "vertices" : [ 1, 4, 2 ]
    }, {
      "vertices" : [ 0, 3, 5 ]
    }, {
      "vertices" : [ 0, 5, 8 ]
    }, {
      "vertices" : [ 1, 7, 9 ]
    }, {
      "vertices" : [ 0, 1, 2 ]
    }, {
      "vertices" : [ 0, 2, 3 ]
    }, {
      "vertices" : [ 7, 8, 9 ]
    }, {
      "vertices" : [ 0, 7, 1 ]
    }, {
      "vertices" : [ 4, 9, 8 ]
    }, {
      "vertices" : [ 4, 8, 5 ]
    }, {
      "vertices" : [ 2, 6, 3 ]
    }, {
      "vertices" : [ 2, 4, 6 ]
    }, {
      "vertices" : [ 3, 6, 5 ]
    }, {
      "vertices" : [ 4, 5, 6 ]
    }, {
      "vertices" : [ 0, 8, 7 ]
    } ]
  }, {
    "id" : "f895e131-adf7-4f91-bfe8-4221f1648282",
    "vertices" : [ {
      "x" : 12.0172205,
      "y" : 2.809017,
      "z" : -1.0
    }, {
      "x" : 1.190983,
      "y" : 0.0,
      "z" : 0.072949015
    }, {
      "x" : 1.190983,
      "y" : 0.0,
      "z" : -0.309017
    }, {
      "x" : 12.0172205,
      "y" : 2.809017,
      "z" : -1.381966
    }, {
      "x" : 12.753289,
      "y" : 3.309017,
      "z" : -1.263932
    }, {
      "x" : 1.190983,
      "y" : 0.618034,
      "z" : -0.309017
    }, {
      "x" : 12.0172205,
      "y" : 3.427051,
      "z" : -1.381966
    }, {
      "x" : 12.0172205,
      "y" : 3.427051,
      "z" : -1.0
    }, {
      "x" : 1.190983,
      "y" : 0.618034,
      "z" : 0.072949015
    }, {
      "x" : 0.45491502,
      "y" : 0.11803399,
      "z" : -0.045084972
    }, {
      "x" : 13.208204,
      "y" : 3.427051,
      "z" : -1.309017
    } ],
    "faces" : [ {
      "vertices" : [ 2, 5, 6 ]
    }, {
      "vertices" : [ 2, 6, 3 ]
    }, {
      "vertices" : [ 0, 7, 8 ]
    }, {
      "vertices" : [ 0, 8, 1 ]
    }, {
      "vertices" : [ 2, 9, 5 ]
    }, {
      "vertices" : [ 4, 6, 7 ]
    }, {
      "vertices" : [ 1, 8, 9 ]
    }, {
      "vertices" : [ 0, 1, 2 ]
    }, {
      "vertices" : [ 0, 2, 3 ]
    }, {
      "vertices" : [ 5, 9, 8 ]
    }, {
      "vertices" : [ 0, 3, 4 ]
    }, {
      "vertices" : [ 5, 8, 7 ]
    }, {
      "vertices" : [ 5, 7, 6 ]
    }, {
      "vertices" : [ 0, 4, 7 ]
    }, {
      "vertices" : [ 1, 9, 2 ]
    }, {
      "vertices" : [ 3, 6, 4 ]
    } ]
  }, {
    "id" : "b9747ee1-1cf4-4f61-b545-60d695548214",
    "vertices" : [ {
      "x" : 7.256632,
      "y" : 10.273382,
      "z" : 3.397057
    }, {
      "x" : 7.3566318,
      "y" : 10.373382,
      "z" : 2.9970572
    }, {
      "x" : 0.5731538,
      "y" : 0.44411016,
      "z" : 0.02999389
    }, {
      "x" : 0.47315383,
      "y" : 0.34411016,
      "z" : 0.4299939
    }, {
      "x" : 7.656632,
      "y" : 10.140048,
      "z" : 3.1303904
    }, {
      "x" : 7.556632,
      "y" : 10.040049,
      "z" : 3.5303905
    }, {
      "x" : 0.17315382,
      "y" : 0.5774435,
      "z" : 0.29666054
    }, {
      "x" : 0.2731538,
      "y" : 0.6774435,
      "z" : -0.10333944
    } ],
    "faces" : [ {
      "vertices" : [ 2, 3, 6 ]
    }, {
      "vertices" : [ 2, 6, 7 ]
    }, {
      "vertices" : [ 0, 5, 4 ]
    }, {
      "vertices" : [ 0, 4, 1 ]
    }, {
      "vertices" : [ 2, 4, 5 ]
    }, {
      "vertices" : [ 2, 5, 3 ]
    }, {
      "vertices" : [ 0, 6, 3 ]
    }, {
      "vertices" : [ 0, 3, 5 ]
    }, {
      "vertices" : [ 0, 1, 7 ]
    }, {
      "vertices" : [ 0, 7, 6 ]
    }, {
      "vertices" : [ 1, 4, 2 ]
    }, {
      "vertices" : [ 1, 2, 7 ]
    } ]
  }, {
    "id" : "2cbfc6be-93de-47f9-a8e9-5b6389f16f9b",
    "vertices" : [ {
      "x" : 0.309017,
      "y" : -0.309017,
      "z" : -0.309017
    }, {
      "x" : 0.5,
      "y" : 0.0,
      "z" : -0.19098301
    }, {
      "x" : 0.5,
      "y" : 0.0,
      "z" : 0.19098301
    }, {
      "x" : 0.309017,
      "y" : -0.309017,
      "z" : 0.309017
    }, {
      "x" : 0.19098301,
      "y" : -0.5,
      "z" : 0.0
    }, {
      "x" : 0.0,
      "y" : 0.19098301,
      "z" : 0.5
    }, {
      "x" : 0.0,
      "y" : -0.19098301,
      "z" : 0.5
    }, {
      "x" : 0.309017,
      "y" : 0.309017,
      "z" : 0.309017
    }, {
      "x" : -0.309017,
      "y" : -0.309017,
      "z" : 0.309017
    }, {
      "x" : -0.309017,
      "y" : 0.309017,
      "z" : 0.309017
    }, {
      "x" : -0.5,
      "y" : 0.0,
      "z" : 0.19098301
    }, {
      "x" : 0.0,
      "y" : -0.19098301,
      "z" : -0.5
    }, {
      "x" : 0.0,
      "y" : 0.19098301,
      "z" : -0.5
    }, {
      "x" : 0.309017,
      "y" : 0.309017,
      "z" : -0.309017
    }, {
      "x" : -0.309017,
      "y" : -0.309017,
      "z" : -0.309017
    }, {
      "x" : -0.19098301,
      "y" : -0.5,
      "z" : 0.0
    }, {
      "x" : -0.5,
      "y" : 0.0,
      "z" : -0.19098301
    }, {
      "x" : 0.19098301,
      "y" : 0.5,
      "z" : 0.0
    }, {
      "x" : -0.309017,
      "y" : 0.309017,
      "z" : -0.309017
    }, {
      "x" : 0.0,
      "y" : 0.0,
      "z" : 0.0
    }, {
      "x" : -0.19098301,
      "y" : 0.5,
      "z" : 0.0
    } ],
    "faces" : [ {
      "vertices" : [ 12, 18, 20 ]
    }, {
      "vertices" : [ 12, 20, 17 ]
    }, {
      "vertices" : [ 12, 17, 13 ]
    }, {
      "vertices" : [ 3, 6, 8 ]
    }, {
      "vertices" : [ 3, 8, 15 ]
    }, {
      "vertices" : [ 3, 15, 4 ]
    }, {
      "vertices" : [ 0, 11, 12 ]
    }, {
      "vertices" : [ 0, 12, 13 ]
    }, {
      "vertices" : [ 0, 13, 1 ]
    }, {
      "vertices" : [ 5, 9, 10 ]
    }, {
      "vertices" : [ 5, 10, 8 ]
    }, {
      "vertices" : [ 5, 8, 6 ]
    }, {
      "vertices" : [ 2, 7, 5 ]
    }, {
      "vertices" : [ 2, 5, 6 ]
    }, {
      "vertices" : [ 2, 6, 3 ]
    }, {
      "vertices" : [ 11, 14, 16 ]
    }, {
      "vertices" : [ 11, 16, 18 ]
    }, {
      "vertices" : [ 11, 18, 12 ]
    }, {
      "vertices" : [ 1, 13, 17 ]
    }, {
      "vertices" : [ 1, 17, 7 ]
    }, {
      "vertices" : [ 1, 7, 2 ]
    }, {
      "vertices" : [ 9, 20, 18 ]
    }, {
      "vertices" : [ 9, 18, 16 ]
    }, {
      "vertices" : [ 9, 16, 10 ]
    }, {
      "vertices" : [ 0, 1, 2 ]
    }, {
      "vertices" : [ 0, 2, 3 ]
    }, {
      "vertices" : [ 0, 3, 4 ]
    }, {
      "vertices" : [ 5, 7, 17 ]
    }, {
      "vertices" : [ 5, 17, 20 ]
    }, {
      "vertices" : [ 5, 20, 9 ]
    }, {
      "vertices" : [ 0, 4, 15 ]
    }, {
      "vertices" : [ 0, 15, 14 ]
    }, {
      "vertices" : [ 0, 14, 11 ]
    }, {
      "vertices" : [ 8, 10, 16 ]
    }, {
      "vertices" : [ 8, 16, 14 ]
    }, {
      "vertices" : [ 8, 14, 15 ]
    } ]
  }, {
    "id" : "bcb235ac-701b-4845-90d6-93e7864d472d",
    "vertices" : [ {
      "x" : -4.736068,
      "y" : 3.427051,
      "z" : 12.399187
    }, {
      "x" : 0.0,
      "y" : 9.138803,
      "z" : 23.925695
    }, {
      "x" : -3.427051,
      "y" : 1.309017,
      "z" : 13.208204
    } ],
    "faces" : [ {
      "vertices" : [ 0, 1, 2 ]
    }, {
      "vertices" : [ 0, 2, 1 ]
    } ]
  }, {
    "id" : "dcc09a10-3559-46af-9dfb-8052ad2cea77",
    "vertices" : [ {
      "x" : 3.427051,
      "y" : 9.781153,
      "z" : 8.972136
    }, {
      "x" : 1.309017,
      "y" : 8.972136,
      "z" : 10.281153
    }, {
      "x" : 8.163119,
      "y" : 13.208204,
      "z" : 21.371323
    } ],
    "faces" : [ {
      "vertices" : [ 0, 1, 2 ]
    }, {
      "vertices" : [ 0, 2, 1 ]
    } ]
  }, {
    "id" : "251640c8-05e9-4267-9211-b0888299c7ec",
    "vertices" : [ {
      "x" : -9.781153,
      "y" : -8.972136,
      "z" : -3.427051
    }, {
      "x" : -13.208204,
      "y" : -21.371323,
      "z" : -8.163119
    }, {
      "x" : -4.236068,
      "y" : -11.09017,
      "z" : -6.854102
    } ],
    "faces" : [ {
      "vertices" : [ 0, 1, 2 ]
    }, {
      "vertices" : [ 0, 2, 1 ]
    } ]
  }, {
    "id" : "6c1d160b-a762-454e-a522-788070d728ee",
    "vertices" : [ {
      "x" : -12.399187,
      "y" : 4.736068,
      "z" : -3.427051
    }, {
      "x" : -13.208204,
      "y" : 3.427051,
      "z" : -1.309017
    }, {
      "x" : -22.18034,
      "y" : 13.708204,
      "z" : 0.0
    } ],
    "faces" : [ {
      "vertices" : [ 0, 1, 2 ]
    }, {
      "vertices" : [ 0, 2, 1 ]
    } ]
  }, {
    "id" : "2c1368f6-2bf1-4b40-be8f-e19f8225bd46",
    "vertices" : [ {
      "x" : -1.309017,
      "y" : 8.972136,
      "z" : 10.281153
    }, {
      "x" : -4.736068,
      "y" : 3.427051,
      "z" : 12.399187
    }, {
      "x" : 0.0,
      "y" : 9.138803,
      "z" : 23.925695
    } ],
    "faces" : [ {
      "vertices" : [ 0, 1, 2 ]
    }, {
      "vertices" : [ 0, 2, 1 ]
    } ]
  }, {
    "id" : "36b8352e-fd72-4686-9859-587929a6d02a",
    "vertices" : [ {
      "x" : 3.427051,
      "y" : 9.781153,
      "z" : -8.972136
    }, {
      "x" : 14.786893,
      "y" : 14.786893,
      "z" : -14.786893
    }, {
      "x" : 4.236068,
      "y" : 11.09017,
      "z" : -6.854102
    } ],
    "faces" : [ {
      "vertices" : [ 0, 1, 2 ]
    }, {
      "vertices" : [ 0, 2, 1 ]
    } ]
  }, {
    "id" : "3750657f-440c-4da9-951c-92436887b84f",
    "vertices" : [ {
      "x" : -4.236068,
      "y" : -11.09017,
      "z" : -6.854102
    }, {
      "x" : -3.427051,
      "y" : -12.399187,
      "z" : -4.736068
    }, {
      "x" : -13.208204,
      "y" : -21.371323,
      "z" : -8.163119
    } ],
    "faces" : [ {
      "vertices" : [ 0, 1, 2 ]
    }, {
      "vertices" : [ 0, 2, 1 ]
    } ]
  }, {
    "id" : "5090a68f-bded-4a26-8f71-5adedc5c7938",
    "vertices" : [ {
      "x" : 8.972136,
      "y" : 3.427051,
      "z" : 9.781153
    }, {
      "x" : 11.09017,
      "y" : 6.854102,
      "z" : 4.236068
    }, {
      "x" : 14.786893,
      "y" : 14.786893,
      "z" : 14.786893
    } ],
    "faces" : [ {
      "vertices" : [ 0, 1, 2 ]
    }, {
      "vertices" : [ 0, 2, 1 ]
    } ]
  }, {
    "id" : "51c1a7cc-52d0-460d-aa36-9ccb989e5125",
    "vertices" : [ {
      "x" : -11.09017,
      "y" : -6.854102,
      "z" : 4.236068
    }, {
      "x" : -14.786893,
      "y" : -14.786893,
      "z" : 14.786893
    }, {
      "x" : -9.781153,
      "y" : -8.972136,
      "z" : 3.427051
    } ],
    "faces" : [ {
      "vertices" : [ 0, 1, 2 ]
    }, {
      "vertices" : [ 0, 2, 1 ]
    } ]
  }, {
    "id" : "ac129916-d7d0-46f0-a695-0668e5cc5c0c",
    "vertices" : [ {
      "x" : 3.427051,
      "y" : 12.399187,
      "z" : -4.736068
    }, {
      "x" : 4.236068,
      "y" : 11.09017,
      "z" : -6.854102
    }, {
      "x" : 0.0,
      "y" : 22.18034,
      "z" : -13.708204
    } ],
    "faces" : [ {
      "vertices" : [ 0, 1, 2 ]
    }, {
      "vertices" : [ 0, 2, 1 ]
    } ]
  }, {
    "id" : "07808baf-37c3-4608-b8a0-b60d18ec0048",
    "vertices" : [ {
      "x" : -6.854102,
      "y" : -4.236068,
      "z" : -11.09017
    }, {
      "x" : -4.736068,
      "y" : -3.427051,
      "z" : -12.399187
    }, {
      "x" : -8.163119,
      "y" : -13.208204,
      "z" : -21.371323
    } ],
    "faces" : [ {
      "vertices" : [ 0, 1, 2 ]
    }, {
      "vertices" : [ 0, 2, 1 ]
    } ]
  }, {
    "id" : "4b8219b1-50df-4e32-ab73-5198b9eed32a",
    "vertices" : [ {
      "x" : -8.972136,
      "y" : 3.427051,
      "z" : -9.781153
    }, {
      "x" : -10.281153,
      "y" : 1.309017,
      "z" : -8.972136
    }, {
      "x" : -21.371323,
      "y" : 8.163119,
      "z" : -13.208204
    } ],
    "faces" : [ {
      "vertices" : [ 0, 1, 2 ]
    }, {
      "vertices" : [ 0, 2, 1 ]
    } ]
  }, {
    "id" : "6afa11c2-6cc0-46a6-963c-ecc03e2afc94",
    "vertices" : [ {
      "x" : 8.972136,
      "y" : -10.281153,
      "z" : 1.309017
    }, {
      "x" : 8.972136,
      "y" : -10.281153,
      "z" : -1.309017
    }, {
      "x" : 22.18034,
      "y" : -13.708204,
      "z" : 0.0
    } ],
    "faces" : [ {
      "vertices" : [ 0, 1, 2 ]
    }, {
      "vertices" : [ 0, 2, 1 ]
    } ]
  }, {
    "id" : "6eab2d92-72e8-4a77-9fc2-8e10c7d0a67c",
    "vertices" : [ {
      "x" : 1.309017,
      "y" : -8.972136,
      "z" : 10.281153
    }, {
      "x" : 4.736068,
      "y" : -3.427051,
      "z" : 12.399187
    }, {
      "x" : 0.0,
      "y" : -9.138803,
      "z" : 23.925695
    } ],
    "faces" : [ {
      "vertices" : [ 0, 1, 2 ]
    }, {
      "vertices" : [ 0, 2, 1 ]
    } ]
  }, {
    "id" : "48803c02-fdbf-4420-9c04-4a6f906973b3",
    "vertices" : [ {
      "x" : -8.972136,
      "y" : -10.281153,
      "z" : 1.309017
    }, {
      "x" : -9.781153,
      "y" : -8.972136,
      "z" : 3.427051
    }, {
      "x" : -22.18034,
      "y" : -13.708204,
      "z" : 0.0
    } ],
    "faces" : [ {
      "vertices" : [ 0, 1, 2 ]
    }, {
      "vertices" : [ 0, 2, 1 ]
    } ]
  }, {
    "id" : "f885e6c3-6a3c-48cd-9540-79af40833129",
    "vertices" : [ {
      "x" : 8.972136,
      "y" : -3.427051,
      "z" : -9.781153
    }, {
      "x" : 10.281153,
      "y" : -1.309017,
      "z" : -8.972136
    }, {
      "x" : 21.371323,
      "y" : -8.163119,
      "z" : -13.208204
    } ],
    "faces" : [ {
      "vertices" : [ 0, 1, 2 ]
    }, {
      "vertices" : [ 0, 2, 1 ]
    } ]
  }, {
    "id" : "4e763c9b-9e59-4abb-8a1f-56c8210fee8c",
    "vertices" : [ {
      "x" : 4.736068,
      "y" : -3.427051,
      "z" : 12.399187
    }, {
      "x" : 8.163119,
      "y" : -13.208204,
      "z" : 21.371323
    }, {
      "x" : 1.309017,
      "y" : -8.972136,
      "z" : 10.281153
    } ],
    "faces" : [ {
      "vertices" : [ 0, 1, 2 ]
    }, {
      "vertices" : [ 0, 2, 1 ]
    } ]
  }, {
    "id" : "e0b45495-44c8-4391-bece-47f1fa9cf7bb",
    "vertices" : [ {
      "x" : 3.427051,
      "y" : -12.399187,
      "z" : 4.736068
    }, {
      "x" : 13.208204,
      "y" : -21.371323,
      "z" : 8.163119
    }, {
      "x" : 8.972136,
      "y" : -10.281153,
      "z" : 1.309017
    } ],
    "faces" : [ {
      "vertices" : [ 0, 1, 2 ]
    }, {
      "vertices" : [ 0, 2, 1 ]
    } ]
  }, {
    "id" : "f41fb33c-b8fc-46c9-8293-bbb75fdedbd3",
    "vertices" : [ {
      "x" : 1.0,
      "y" : 0.309017,
      "z" : 0.19098301
    }, {
      "x" : 1.0,
      "y" : -0.309017,
      "z" : 0.19098301
    }, {
      "x" : 5.854102,
      "y" : -0.309017,
      "z" : 0.19098301
    }, {
      "x" : 5.854102,
      "y" : 0.309017,
      "z" : 0.19098301
    }, {
      "x" : 5.854102,
      "y" : -0.309017,
      "z" : -0.19098301
    }, {
      "x" : 5.854102,
      "y" : 0.309017,
      "z" : -0.19098301
    }, {
      "x" : 6.472136,
      "y" : 0.0,
      "z" : 0.0
    }, {
      "x" : 0.38196602,
      "y" : 0.0,
      "z" : 0.0
    }, {
      "x" : 1.0,
      "y" : 0.309017,
      "z" : -0.19098301
    }, {
      "x" : 1.0,
      "y" : -0.309017,
      "z" : -0.19098301
    }, {
      "x" : 6.854102,
      "y" : 0.0,
      "z" : 0.0
    } ],
    "faces" : [ {
      "vertices" : [ 1, 9, 4 ]
    }, {
      "vertices" : [ 1, 4, 2 ]
    }, {
      "vertices" : [ 0, 3, 5 ]
    }, {
      "vertices" : [ 0, 5, 8 ]
    }, {
      "vertices" : [ 1, 7, 9 ]
    }, {
      "vertices" : [ 0, 1, 2 ]
    }, {
      "vertices" : [ 0, 2, 3 ]
    }, {
      "vertices" : [ 7, 8, 9 ]
    }, {
      "vertices" : [ 0, 7, 1 ]
    }, {
      "vertices" : [ 4, 9, 8 ]
    }, {
      "vertices" : [ 4, 8, 5 ]
    }, {
      "vertices" : [ 2, 6, 3 ]
    }, {
      "vertices" : [ 2, 4, 6 ]
    }, {
      "vertices" : [ 3, 6, 5 ]
    }, {
      "vertices" : [ 4, 5, 6 ]
    }, {
      "vertices" : [ 0, 8, 7 ]
    } ]
  }, {
    "id" : "7dac7c28-0f82-49ee-a6c3-833d7162d4c6",
    "vertices" : [ {
      "x" : 8.972136,
      "y" : 3.427051,
      "z" : -9.781153
    }, {
      "x" : 21.371323,
      "y" : 8.163119,
      "z" : -13.208204
    }, {
      "x" : 11.09017,
      "y" : 6.854102,
      "z" : -4.236068
    } ],
    "faces" : [ {
      "vertices" : [ 0, 1, 2 ]
    }, {
      "vertices" : [ 0, 2, 1 ]
    } ]
  }, {
    "id" : "bab9f283-483e-4de5-88ab-7e9e555061b3",
    "vertices" : [ {
      "x" : -8.972136,
      "y" : -3.427051,
      "z" : -9.781153
    }, {
      "x" : -14.786893,
      "y" : -14.786893,
      "z" : -14.786893
    }, {
      "x" : -6.854102,
      "y" : -4.236068,
      "z" : -11.09017
    } ],
    "faces" : [ {
      "vertices" : [ 0, 1, 2 ]
    }, {
      "vertices" : [ 0, 2, 1 ]
    } ]
  }, {
    "id" : "260d9b59-2d3d-4f36-bd49-895be1ecc318",
    "vertices" : [ {
      "x" : -1.309017,
      "y" : 13.208204,
      "z" : 3.427051
    }, {
      "x" : 1.309017,
      "y" : 13.208204,
      "z" : 3.427051
    }, {
      "x" : 0.0,
      "y" : 26.416409,
      "z" : 0.0
    } ],
    "faces" : [ {
      "vertices" : [ 0, 1, 2 ]
    }, {
      "vertices" : [ 0, 2, 1 ]
    } ]
  }, {
    "id" : "9d60f196-1fb9-451b-bdd1-3b44c0224210",
    "vertices" : [ {
      "x" : 6.854102,
      "y" : 4.236068,
      "z" : 11.09017
    }, {
      "x" : 4.736068,
      "y" : 3.427051,
      "z" : 12.399187
    }, {
      "x" : 13.708204,
      "y" : 0.0,
      "z" : 22.18034
    } ],
    "faces" : [ {
      "vertices" : [ 0, 1, 2 ]
    }, {
      "vertices" : [ 0, 2, 1 ]
    } ]
  }, {
    "id" : "b91c0e4b-ad4e-4a1b-bcb2-21754a29b1b1",
    "vertices" : [ {
      "x" : 4.236068,
      "y" : -11.09017,
      "z" : -6.854102
    }, {
      "x" : 13.208204,
      "y" : -21.371323,
      "z" : -8.163119
    }, {
      "x" : 9.781153,
      "y" : -8.972136,
      "z" : -3.427051
    } ],
    "faces" : [ {
      "vertices" : [ 0, 1, 2 ]
    }, {
      "vertices" : [ 0, 2, 1 ]
    } ]
  }, {
    "id" : "a5241e2d-ab24-4664-845f-d33fa1046c7d",
    "vertices" : [ {
      "x" : 1.309017,
      "y" : 13.208204,
      "z" : 3.427051
    }, {
      "x" : 0.0,
      "y" : 26.416409,
      "z" : 0.0
    }, {
      "x" : 1.309017,
      "y" : 13.208204,
      "z" : -3.427051
    } ],
    "faces" : [ {
      "vertices" : [ 0, 1, 2 ]
    }, {
      "vertices" : [ 0, 2, 1 ]
    } ]
  }, {
    "id" : "e49eed6e-27d6-42d7-b759-cba88f9e3bd5",
    "vertices" : [ {
      "x" : 9.781153,
      "y" : 8.972136,
      "z" : 3.427051
    }, {
      "x" : 8.972136,
      "y" : 10.281153,
      "z" : 1.309017
    }, {
      "x" : 13.208204,
      "y" : 21.371323,
      "z" : 8.163119
    } ],
    "faces" : [ {
      "vertices" : [ 0, 1, 2 ]
    }, {
      "vertices" : [ 0, 2, 1 ]
    } ]
  }, {
    "id" : "479b2965-6128-49b1-922e-af01bdf18ddd",
    "vertices" : [ {
      "x" : 3.427051,
      "y" : -9.781153,
      "z" : 8.972136
    }, {
      "x" : 14.786893,
      "y" : -14.786893,
      "z" : 14.786893
    }, {
      "x" : 4.236068,
      "y" : -11.09017,
      "z" : 6.854102
    } ],
    "faces" : [ {
      "vertices" : [ 0, 1, 2 ]
    }, {
      "vertices" : [ 0, 2, 1 ]
    } ]
  }, {
    "id" : "6509d15b-14b2-4f26-bf18-380f38c24c8b",
    "vertices" : [ {
      "x" : -8.972136,
      "y" : -3.427051,
      "z" : -9.781153
    }, {
      "x" : -21.371323,
      "y" : -8.163119,
      "z" : -13.208204
    }, {
      "x" : -11.09017,
      "y" : -6.854102,
      "z" : -4.236068
    } ],
    "faces" : [ {
      "vertices" : [ 0, 1, 2 ]
    }, {
      "vertices" : [ 0, 2, 1 ]
    } ]
  }, {
    "id" : "b125a2ec-ed0f-4aa6-98ab-056725fac531",
    "vertices" : [ {
      "x" : 11.09017,
      "y" : -6.854102,
      "z" : 4.236068
    }, {
      "x" : 12.399187,
      "y" : -4.736068,
      "z" : 3.427051
    }, {
      "x" : 21.371323,
      "y" : -8.163119,
      "z" : 13.208204
    } ],
    "faces" : [ {
      "vertices" : [ 0, 1, 2 ]
    }, {
      "vertices" : [ 0, 2, 1 ]
    } ]
  }, {
    "id" : "74dc16da-0b56-43e4-b5af-9f733e1c47a5",
    "vertices" : [ {
      "x" : -1.309017,
      "y" : 13.208204,
      "z" : 3.427051
    }, {
      "x" : -3.427051,
      "y" : 12.399187,
      "z" : 4.736068
    }, {
      "x" : 0.0,
      "y" : 22.18034,
      "z" : 13.708204
    } ],
    "faces" : [ {
      "vertices" : [ 0, 1, 2 ]
    }, {
      "vertices" : [ 0, 2, 1 ]
    } ]
  }, {
    "id" : "cb5be2df-2938-4c5b-9f75-42ee1697d5d3",
    "vertices" : [ {
      "x" : -4.236068,
      "y" : -11.09017,
      "z" : 6.854102
    }, {
      "x" : -3.427051,
      "y" : -12.399187,
      "z" : 4.736068
    }, {
      "x" : 0.0,
      "y" : -22.18034,
      "z" : 13.708204
    } ],
    "faces" : [ {
      "vertices" : [ 0, 1, 2 ]
    }, {
      "vertices" : [ 0, 2, 1 ]
    } ]
  }, {
    "id" : "b7dd32f8-0275-4547-a5f3-13e093d6a309",
    "vertices" : [ {
      "x" : -1.309017,
      "y" : 8.972136,
      "z" : 10.281153
    }, {
      "x" : -3.427051,
      "y" : 9.781153,
      "z" : 8.972136
    }, {
      "x" : -8.163119,
      "y" : 13.208204,
      "z" : 21.371323
    } ],
    "faces" : [ {
      "vertices" : [ 0, 1, 2 ]
    }, {
      "vertices" : [ 0, 2, 1 ]
    } ]
  }, {
    "id" : "43fef6b6-690c-4b57-b592-9f677d3f4618",
    "vertices" : [ {
      "x" : 8.972136,
      "y" : 10.281153,
      "z" : 1.309017
    }, {
      "x" : 9.138803,
      "y" : 23.925695,
      "z" : 0.0
    }, {
      "x" : 8.972136,
      "y" : 10.281153,
      "z" : -1.309017
    } ],
    "faces" : [ {
      "vertices" : [ 0, 1, 2 ]
    }, {
      "vertices" : [ 0, 2, 1 ]
    } ]
  }, {
    "id" : "6b41b2a6-9e4c-40eb-96d5-5ebfa5e950fd",
    "vertices" : [ {
      "x" : -3.427051,
      "y" : 12.399187,
      "z" : 4.736068
    }, {
      "x" : -13.208204,
      "y" : 21.371323,
      "z" : 8.163119
    }, {
      "x" : -8.972136,
      "y" : 10.281153,
      "z" : 1.309017
    } ],
    "faces" : [ {
      "vertices" : [ 0, 1, 2 ]
    }, {
      "vertices" : [ 0, 2, 1 ]
    } ]
  }, {
    "id" : "ff9f1f37-caa5-4f94-9d32-9885e634e235",
    "vertices" : [ {
      "x" : -3.427051,
      "y" : -9.781153,
      "z" : 8.972136
    }, {
      "x" : -1.309017,
      "y" : -8.972136,
      "z" : 10.281153
    }, {
      "x" : -8.163119,
      "y" : -13.208204,
      "z" : 21.371323
    } ],
    "faces" : [ {
      "vertices" : [ 0, 1, 2 ]
    }, {
      "vertices" : [ 0, 2, 1 ]
    } ]
  }, {
    "id" : "fab122b8-a490-45fb-ac68-c5ca91422bb0",
    "vertices" : [ {
      "x" : 11.09017,
      "y" : -6.854102,
      "z" : -4.236068
    }, {
      "x" : 14.786893,
      "y" : -14.786893,
      "z" : -14.786893
    }, {
      "x" : 9.781153,
      "y" : -8.972136,
      "z" : -3.427051
    } ],
    "faces" : [ {
      "vertices" : [ 0, 1, 2 ]
    }, {
      "vertices" : [ 0, 2, 1 ]
    } ]
  }, {
    "id" : "a0e5bb27-4657-47ed-a846-0c8359a5611a",
    "vertices" : [ {
      "x" : -6.854102,
      "y" : 4.236068,
      "z" : 11.09017
    }, {
      "x" : -4.736068,
      "y" : 3.427051,
      "z" : 12.399187
    }, {
      "x" : -8.163119,
      "y" : 13.208204,
      "z" : 21.371323
    } ],
    "faces" : [ {
      "vertices" : [ 0, 1, 2 ]
    }, {
      "vertices" : [ 0, 2, 1 ]
    } ]
  }, {
    "id" : "b88737da-fc82-4915-82d4-9401010e31f0",
    "vertices" : [ {
      "x" : 12.399187,
      "y" : 4.736068,
      "z" : 3.427051
    }, {
      "x" : 13.208204,
      "y" : 3.427051,
      "z" : 1.309017
    }, {
      "x" : 22.18034,
      "y" : 13.708204,
      "z" : 0.0
    } ],
    "faces" : [ {
      "vertices" : [ 0, 1, 2 ]
    }, {
      "vertices" : [ 0, 2, 1 ]
    } ]
  }, {
    "id" : "fb48789d-fd7a-403c-a8f6-7db05ef74002",
    "vertices" : [ {
      "x" : -12.399187,
      "y" : 4.736068,
      "z" : 3.427051
    }, {
      "x" : -11.09017,
      "y" : 6.854102,
      "z" : 4.236068
    }, {
      "x" : -22.18034,
      "y" : 13.708204,
      "z" : 0.0
    } ],
    "faces" : [ {
      "vertices" : [ 0, 1, 2 ]
    }, {
      "vertices" : [ 0, 2, 1 ]
    } ]
  }, {
    "id" : "0d82d78c-49bd-48f4-900e-3859f6789679",
    "vertices" : [ {
      "x" : 11.09017,
      "y" : -6.854102,
      "z" : 4.236068
    }, {
      "x" : 9.781153,
      "y" : -8.972136,
      "z" : 3.427051
    }, {
      "x" : 22.18034,
      "y" : -13.708204,
      "z" : 0.0
    } ],
    "faces" : [ {
      "vertices" : [ 0, 1, 2 ]
    }, {
      "vertices" : [ 0, 2, 1 ]
    } ]
  }, {
    "id" : "c5564cb3-301f-49f3-a48c-bd2087bd1a8d",
    "vertices" : [ {
      "x" : -3.427051,
      "y" : -9.781153,
      "z" : 8.972136
    }, {
      "x" : -6.854102,
      "y" : -4.236068,
      "z" : 11.09017
    }, {
      "x" : -14.786893,
      "y" : -14.786893,
      "z" : 14.786893
    } ],
    "faces" : [ {
      "vertices" : [ 0, 1, 2 ]
    }, {
      "vertices" : [ 0, 2, 1 ]
    } ]
  }, {
    "id" : "510819d4-ae29-4613-8b68-2444916b91b6",
    "vertices" : [ {
      "x" : 1.309017,
      "y" : 13.208204,
      "z" : -3.427051
    }, {
      "x" : 3.427051,
      "y" : 12.399187,
      "z" : -4.736068
    }, {
      "x" : 0.0,
      "y" : 22.18034,
      "z" : -13.708204
    } ],
    "faces" : [ {
      "vertices" : [ 0, 1, 2 ]
    }, {
      "vertices" : [ 0, 2, 1 ]
    } ]
  }, {
    "id" : "296e27c0-0aa3-4738-8343-2f3b23a3d9fa",
    "vertices" : [ {
      "x" : -4.736068,
      "y" : 3.427051,
      "z" : -12.399187
    }, {
      "x" : -6.854102,
      "y" : 4.236068,
      "z" : -11.09017
    }, {
      "x" : -8.163119,
      "y" : 13.208204,
      "z" : -21.371323
    } ],
    "faces" : [ {
      "vertices" : [ 0, 1, 2 ]
    }, {
      "vertices" : [ 0, 2, 1 ]
    } ]
  }, {
    "id" : "8d87d620-f43a-46b2-bde5-5b58d8a3d515",
    "vertices" : [ {
      "x" : 4.236068,
      "y" : -11.09017,
      "z" : 6.854102
    }, {
      "x" : 3.427051,
      "y" : -9.781153,
      "z" : 8.972136
    }, {
      "x" : 0.0,
      "y" : -22.18034,
      "z" : 13.708204
    } ],
    "faces" : [ {
      "vertices" : [ 0, 1, 2 ]
    }, {
      "vertices" : [ 0, 2, 1 ]
    } ]
  }, {
    "id" : "4e084fdc-18da-41d7-8130-907e5faeb9f2",
    "vertices" : [ {
      "x" : -1.309017,
      "y" : -8.972136,
      "z" : 10.281153
    }, {
      "x" : 0.0,
      "y" : -9.138803,
      "z" : 23.925695
    }, {
      "x" : 1.309017,
      "y" : -8.972136,
      "z" : 10.281153
    } ],
    "faces" : [ {
      "vertices" : [ 0, 1, 2 ]
    }, {
      "vertices" : [ 0, 2, 1 ]
    } ]
  }, {
    "id" : "80208894-811e-406c-a884-e0f18f440bb6",
    "vertices" : [ {
      "x" : 3.427051,
      "y" : 12.399187,
      "z" : 4.736068
    }, {
      "x" : 1.309017,
      "y" : 13.208204,
      "z" : 3.427051
    }, {
      "x" : 0.0,
      "y" : 22.18034,
      "z" : 13.708204
    } ],
    "faces" : [ {
      "vertices" : [ 0, 1, 2 ]
    }, {
      "vertices" : [ 0, 2, 1 ]
    } ]
  }, {
    "id" : "0ecc9348-8189-4c40-a3c3-d66ca830976a",
    "vertices" : [ {
      "x" : 3.427051,
      "y" : -12.399187,
      "z" : -4.736068
    }, {
      "x" : 4.236068,
      "y" : -11.09017,
      "z" : -6.854102
    }, {
      "x" : 13.208204,
      "y" : -21.371323,
      "z" : -8.163119
    } ],
    "faces" : [ {
      "vertices" : [ 0, 1, 2 ]
    }, {
      "vertices" : [ 0, 2, 1 ]
    } ]
  }, {
    "id" : "6d789ac3-1cb6-42e9-89ff-26fb1ada24f8",
    "vertices" : [ {
      "x" : 8.972136,
      "y" : -3.427051,
      "z" : -9.781153
    }, {
      "x" : 6.854102,
      "y" : -4.236068,
      "z" : -11.09017
    }, {
      "x" : 13.708204,
      "y" : 0.0,
      "z" : -22.18034
    } ],
    "faces" : [ {
      "vertices" : [ 0, 1, 2 ]
    }, {
      "vertices" : [ 0, 2, 1 ]
    } ]
  }, {
    "id" : "5625327c-f753-4eb1-b854-07e25e15d0e2",
    "vertices" : [ {
      "x" : -4.736068,
      "y" : -3.427051,
      "z" : -12.399187
    }, {
      "x" : -6.854102,
      "y" : -4.236068,
      "z" : -11.09017
    }, {
      "x" : -13.708204,
      "y" : 0.0,
      "z" : -22.18034
    } ],
    "faces" : [ {
      "vertices" : [ 0, 1, 2 ]
    }, {
      "vertices" : [ 0, 2, 1 ]
    } ]
  }, {
    "id" : "3c124a80-c17a-4d52-be68-1b7f6edcf465",
    "vertices" : [ {
      "x" : 6.854102,
      "y" : -4.236068,
      "z" : -11.09017
    }, {
      "x" : 4.736068,
      "y" : -3.427051,
      "z" : -12.399187
    }, {
      "x" : 13.708204,
      "y" : 0.0,
      "z" : -22.18034
    } ],
    "faces" : [ {
      "vertices" : [ 0, 1, 2 ]
    }, {
      "vertices" : [ 0, 2, 1 ]
    } ]
  }, {
    "id" : "a43f10ba-fa50-4df8-9197-52418af971e5",
    "vertices" : [ {
      "x" : -13.208204,
      "y" : -3.427051,
      "z" : 1.309017
    }, {
      "x" : -13.208204,
      "y" : -3.427051,
      "z" : -1.309017
    }, {
      "x" : -22.18034,
      "y" : -13.708204,
      "z" : 0.0
    } ],
    "faces" : [ {
      "vertices" : [ 0, 1, 2 ]
    }, {
      "vertices" : [ 0, 2, 1 ]
    } ]
  }, {
    "id" : "2bc1598c-710e-4cd0-ab57-6552ad09b020",
    "vertices" : [ {
      "x" : -4.736068,
      "y" : 3.427051,
      "z" : -12.399187
    }, {
      "x" : -3.427051,
      "y" : 1.309017,
      "z" : -13.208204
    }, {
      "x" : -13.708204,
      "y" : 0.0,
      "z" : -22.18034
    } ],
    "faces" : [ {
      "vertices" : [ 0, 1, 2 ]
    }, {
      "vertices" : [ 0, 2, 1 ]
    } ]
  }, {
    "id" : "4d775100-7670-483e-91c1-8fc10ccddd46",
    "vertices" : [ {
      "x" : 1.0,
      "y" : 0.309017,
      "z" : 0.19098301
    }, {
      "x" : 1.0,
      "y" : -0.309017,
      "z" : 0.19098301
    }, {
      "x" : 25.416409,
      "y" : -0.309017,
      "z" : 0.19098301
    }, {
      "x" : 25.416409,
      "y" : 0.309017,
      "z" : 0.19098301
    }, {
      "x" : 25.416409,
      "y" : -0.309017,
      "z" : -0.19098301
    }, {
      "x" : 25.416409,
      "y" : 0.309017,
      "z" : -0.19098301
    }, {
      "x" : 26.034441,
      "y" : 0.0,
      "z" : 0.0
    }, {
      "x" : 0.38196602,
      "y" : 0.0,
      "z" : 0.0
    }, {
      "x" : 1.0,
      "y" : 0.309017,
      "z" : -0.19098301
    }, {
      "x" : 1.0,
      "y" : -0.309017,
      "z" : -0.19098301
    }, {
      "x" : 26.416409,
      "y" : 0.0,
      "z" : 0.0
    } ],
    "faces" : [ {
      "vertices" : [ 1, 9, 4 ]
    }, {
      "vertices" : [ 1, 4, 2 ]
    }, {
      "vertices" : [ 0, 3, 5 ]
    }, {
      "vertices" : [ 0, 5, 8 ]
    }, {
      "vertices" : [ 1, 7, 9 ]
    }, {
      "vertices" : [ 0, 1, 2 ]
    }, {
      "vertices" : [ 0, 2, 3 ]
    }, {
      "vertices" : [ 7, 8, 9 ]
    }, {
      "vertices" : [ 0, 7, 1 ]
    }, {
      "vertices" : [ 4, 9, 8 ]
    }, {
      "vertices" : [ 4, 8, 5 ]
    }, {
      "vertices" : [ 2, 6, 3 ]
    }, {
      "vertices" : [ 2, 4, 6 ]
    }, {
      "vertices" : [ 3, 6, 5 ]
    }, {
      "vertices" : [ 4, 5, 6 ]
    }, {
      "vertices" : [ 0, 8, 7 ]
    } ]
  }, {
    "id" : "0a24adf9-7e6a-48ee-90ba-90d4952b77c1",
    "vertices" : [ {
      "x" : -11.09017,
      "y" : -6.854102,
      "z" : -4.236068
    }, {
      "x" : -8.972136,
      "y" : -3.427051,
      "z" : -9.781153
    }, {
      "x" : -14.786893,
      "y" : -14.786893,
      "z" : -14.786893
    } ],
    "faces" : [ {
      "vertices" : [ 0, 1, 2 ]
    }, {
      "vertices" : [ 0, 2, 1 ]
    } ]
  }, {
    "id" : "7c76206c-938d-449f-a549-04e9463bbe46",
    "vertices" : [ {
      "x" : -1.309017,
      "y" : -13.208204,
      "z" : -3.427051
    }, {
      "x" : -3.427051,
      "y" : -12.399187,
      "z" : -4.736068
    }, {
      "x" : 0.0,
      "y" : -22.18034,
      "z" : -13.708204
    } ],
    "faces" : [ {
      "vertices" : [ 0, 1, 2 ]
    }, {
      "vertices" : [ 0, 2, 1 ]
    } ]
  }, {
    "id" : "b27878b5-111f-42bb-b2d6-3e9114e1a20d",
    "vertices" : [ {
      "x" : 3.427051,
      "y" : 12.399187,
      "z" : 4.736068
    }, {
      "x" : 8.972136,
      "y" : 10.281153,
      "z" : 1.309017
    }, {
      "x" : 9.138803,
      "y" : 23.925695,
      "z" : 0.0
    } ],
