{
  "polygons" : "true",
  "field" : "golden",
  "symmetry" : "icosahedral",
  "orientations" : [ [ 1.0, 0.0, 0.0, 0.0, 0.0, 1.0, 0.0, 0.0, 0.0, 0.0, 1.0, 0.0, 0.0, 0.0, 0.0, 1.0 ], [ 0.0, 0.0, 1.0, 0.0, 1.0, 0.0, 0.0, 0.0, 0.0, 1.0, 0.0, 0.0, 0.0, 0.0, 0.0, 1.0 ], [ 0.0, 1.0, 0.0, 0.0, 0.0, 0.0, 1.0, 0.0, 1.0, 0.0, 0.0, 0.0, 0.0, 0.0, 0.0, 1.0 ], [ 0.809017, 0.309017, 0.5, 0.0, 0.309017, 0.5, -0.809017, 0.0, -0.5, 0.809017, 0.309017, 0.0, 0.0, 0.0, 0.0, 1.0 ], [ -0.5, 0.809017, 0.309017, 0.0, 0.809017, 0.309017, 0.5, 0.0, 0.309017, 0.5, -0.809017, 0.0, 0.0, 0.0, 0.0, 1.0 ], [ 0.309017, 0.5, -0.809017, 0.0, -0.5, 0.809017, 0.309017, 0.0, 0.809017, 0.309017, 0.5, 0.0, 0.0, 0.0, 0.0, 1.0 ], [ 0.5, 0.809017, 0.309017, 0.0, 0.809017, -0.309017, -0.5, 0.0, -0.309017, 0.5, -0.809017, 0.0, 0.0, 0.0, 0.0, 1.0 ], [ -0.309017, 0.5, -0.809017, 0.0, 0.5, 0.809017, 0.309017, 0.0, 0.809017, -0.309017, -0.5, 0.0, 0.0, 0.0, 0.0, 1.0 ], [ 0.809017, -0.309017, -0.5, 0.0, -0.309017, 0.5, -0.809017, 0.0, 0.5, 0.809017, 0.309017, 0.0, 0.0, 0.0, 0.0, 1.0 ], [ 0.5, 0.809017, -0.309017, 0.0, 0.809017, -0.309017, 0.5, 0.0, 0.309017, -0.5, -0.809017, 0.0, 0.0, 0.0, 0.0, 1.0 ], [ 0.309017, -0.5, -0.809017, 0.0, 0.5, 0.809017, -0.309017, 0.0, 0.809017, -0.309017, 0.5, 0.0, 0.0, 0.0, 0.0, 1.0 ], [ 0.809017, -0.309017, 0.5, 0.0, 0.309017, -0.5, -0.809017, 0.0, 0.5, 0.809017, -0.309017, 0.0, 0.0, 0.0, 0.0, 1.0 ], [ 0.809017, 0.309017, -0.5, 0.0, 0.309017, 0.5, 0.809017, 0.0, 0.5, -0.809017, 0.309017, 0.0, 0.0, 0.0, 0.0, 1.0 ], [ 0.5, -0.809017, 0.309017, 0.0, 0.809017, 0.309017, -0.5, 0.0, 0.309017, 0.5, 0.809017, 0.0, 0.0, 0.0, 0.0, 1.0 ], [ 0.309017, 0.5, 0.809017, 0.0, 0.5, -0.809017, 0.309017, 0.0, 0.809017, 0.309017, -0.5, 0.0, 0.0, 0.0, 0.0, 1.0 ], [ 1.0, 0.0, 0.0, 0.0, 0.0, -1.0, 0.0, 0.0, 0.0, 0.0, -1.0, 0.0, 0.0, 0.0, 0.0, 1.0 ], [ 0.0, 0.0, 1.0, 0.0, -1.0, 0.0, 0.0, 0.0, 0.0, -1.0, 0.0, 0.0, 0.0, 0.0, 0.0, 1.0 ], [ 0.0, 1.0, 0.0, 0.0, 0.0, 0.0, -1.0, 0.0, -1.0, 0.0, 0.0, 0.0, 0.0, 0.0, 0.0, 1.0 ], [ 0.809017, 0.309017, 0.5, 0.0, -0.309017, -0.5, 0.809017, 0.0, 0.5, -0.809017, -0.309017, 0.0, 0.0, 0.0, 0.0, 1.0 ], [ -0.5, 0.809017, 0.309017, 0.0, -0.809017, -0.309017, -0.5, 0.0, -0.309017, -0.5, 0.809017, 0.0, 0.0, 0.0, 0.0, 1.0 ], [ 0.309017, 0.5, -0.809017, 0.0, 0.5, -0.809017, -0.309017, 0.0, -0.809017, -0.309017, -0.5, 0.0, 0.0, 0.0, 0.0, 1.0 ], [ 0.5, 0.809017, 0.309017, 0.0, -0.809017, 0.309017, 0.5, 0.0, 0.309017, -0.5, 0.809017, 0.0, 0.0, 0.0, 0.0, 1.0 ], [ -0.309017, 0.5, -0.809017, 0.0, -0.5, -0.809017, -0.309017, 0.0, -0.809017, 0.309017, 0.5, 0.0, 0.0, 0.0, 0.0, 1.0 ], [ 0.809017, -0.309017, -0.5, 0.0, 0.309017, -0.5, 0.809017, 0.0, -0.5, -0.809017, -0.309017, 0.0, 0.0, 0.0, 0.0, 1.0 ], [ 0.5, 0.809017, -0.309017, 0.0, -0.809017, 0.309017, -0.5, 0.0, -0.309017, 0.5, 0.809017, 0.0, 0.0, 0.0, 0.0, 1.0 ], [ 0.309017, -0.5, -0.809017, 0.0, -0.5, -0.809017, 0.309017, 0.0, -0.809017, 0.309017, -0.5, 0.0, 0.0, 0.0, 0.0, 1.0 ], [ 0.809017, -0.309017, 0.5, 0.0, -0.309017, 0.5, 0.809017, 0.0, -0.5, -0.809017, 0.309017, 0.0, 0.0, 0.0, 0.0, 1.0 ], [ 0.809017, 0.309017, -0.5, 0.0, -0.309017, -0.5, -0.809017, 0.0, -0.5, 0.809017, -0.309017, 0.0, 0.0, 0.0, 0.0, 1.0 ], [ 0.5, -0.809017, 0.309017, 0.0, -0.809017, -0.309017, 0.5, 0.0, -0.309017, -0.5, -0.809017, 0.0, 0.0, 0.0, 0.0, 1.0 ], [ 0.309017, 0.5, 0.809017, 0.0, -0.5, 0.809017, -0.309017, 0.0, -0.809017, -0.309017, 0.5, 0.0, 0.0, 0.0, 0.0, 1.0 ], [ -1.0, 0.0, 0.0, 0.0, 0.0, -1.0, 0.0, 0.0, 0.0, 0.0, 1.0, 0.0, 0.0, 0.0, 0.0, 1.0 ], [ 0.0, 0.0, -1.0, 0.0, -1.0, 0.0, 0.0, 0.0, 0.0, 1.0, 0.0, 0.0, 0.0, 0.0, 0.0, 1.0 ], [ 0.0, -1.0, 0.0, 0.0, 0.0, 0.0, -1.0, 0.0, 1.0, 0.0, 0.0, 0.0, 0.0, 0.0, 0.0, 1.0 ], [ -0.809017, -0.309017, -0.5, 0.0, -0.309017, -0.5, 0.809017, 0.0, -0.5, 0.809017, 0.309017, 0.0, 0.0, 0.0, 0.0, 1.0 ], [ 0.5, -0.809017, -0.309017, 0.0, -0.809017, -0.309017, -0.5, 0.0, 0.309017, 0.5, -0.809017, 0.0, 0.0, 0.0, 0.0, 1.0 ], [ -0.309017, -0.5, 0.809017, 0.0, 0.5, -0.809017, -0.309017, 0.0, 0.809017, 0.309017, 0.5, 0.0, 0.0, 0.0, 0.0, 1.0 ], [ -0.5, -0.809017, -0.309017, 0.0, -0.809017, 0.309017, 0.5, 0.0, -0.309017, 0.5, -0.809017, 0.0, 0.0, 0.0, 0.0, 1.0 ], [ 0.309017, -0.5, 0.809017, 0.0, -0.5, -0.809017, -0.309017, 0.0, 0.809017, -0.309017, -0.5, 0.0, 0.0, 0.0, 0.0, 1.0 ], [ -0.809017, 0.309017, 0.5, 0.0, 0.309017, -0.5, 0.809017, 0.0, 0.5, 0.809017, 0.309017, 0.0, 0.0, 0.0, 0.0, 1.0 ], [ -0.5, -0.809017, 0.309017, 0.0, -0.809017, 0.309017, -0.5, 0.0, 0.309017, -0.5, -0.809017, 0.0, 0.0, 0.0, 0.0, 1.0 ], [ -0.309017, 0.5, 0.809017, 0.0, -0.5, -0.809017, 0.309017, 0.0, 0.809017, -0.309017, 0.5, 0.0, 0.0, 0.0, 0.0, 1.0 ], [ -0.809017, 0.309017, -0.5, 0.0, -0.309017, 0.5, 0.809017, 0.0, 0.5, 0.809017, -0.309017, 0.0, 0.0, 0.0, 0.0, 1.0 ], [ -0.809017, -0.309017, 0.5, 0.0, -0.309017, -0.5, -0.809017, 0.0, 0.5, -0.809017, 0.309017, 0.0, 0.0, 0.0, 0.0, 1.0 ], [ -0.5, 0.809017, -0.309017, 0.0, -0.809017, -0.309017, 0.5, 0.0, 0.309017, 0.5, 0.809017, 0.0, 0.0, 0.0, 0.0, 1.0 ], [ -0.309017, -0.5, -0.809017, 0.0, -0.5, 0.809017, -0.309017, 0.0, 0.809017, 0.309017, -0.5, 0.0, 0.0, 0.0, 0.0, 1.0 ], [ -1.0, 0.0, 0.0, 0.0, 0.0, 1.0, 0.0, 0.0, 0.0, 0.0, -1.0, 0.0, 0.0, 0.0, 0.0, 1.0 ], [ 0.0, 0.0, -1.0, 0.0, 1.0, 0.0, 0.0, 0.0, 0.0, -1.0, 0.0, 0.0, 0.0, 0.0, 0.0, 1.0 ], [ 0.0, -1.0, 0.0, 0.0, 0.0, 0.0, 1.0, 0.0, -1.0, 0.0, 0.0, 0.0, 0.0, 0.0, 0.0, 1.0 ], [ -0.809017, -0.309017, -0.5, 0.0, 0.309017, 0.5, -0.809017, 0.0, 0.5, -0.809017, -0.309017, 0.0, 0.0, 0.0, 0.0, 1.0 ], [ 0.5, -0.809017, -0.309017, 0.0, 0.809017, 0.309017, 0.5, 0.0, -0.309017, -0.5, 0.809017, 0.0, 0.0, 0.0, 0.0, 1.0 ], [ -0.309017, -0.5, 0.809017, 0.0, -0.5, 0.809017, 0.309017, 0.0, -0.809017, -0.309017, -0.5, 0.0, 0.0, 0.0, 0.0, 1.0 ], [ -0.5, -0.809017, -0.309017, 0.0, 0.809017, -0.309017, -0.5, 0.0, 0.309017, -0.5, 0.809017, 0.0, 0.0, 0.0, 0.0, 1.0 ], [ 0.309017, -0.5, 0.809017, 0.0, 0.5, 0.809017, 0.309017, 0.0, -0.809017, 0.309017, 0.5, 0.0, 0.0, 0.0, 0.0, 1.0 ], [ -0.809017, 0.309017, 0.5, 0.0, -0.309017, 0.5, -0.809017, 0.0, -0.5, -0.809017, -0.309017, 0.0, 0.0, 0.0, 0.0, 1.0 ], [ -0.5, -0.809017, 0.309017, 0.0, 0.809017, -0.309017, 0.5, 0.0, -0.309017, 0.5, 0.809017, 0.0, 0.0, 0.0, 0.0, 1.0 ], [ -0.309017, 0.5, 0.809017, 0.0, 0.5, 0.809017, -0.309017, 0.0, -0.809017, 0.309017, -0.5, 0.0, 0.0, 0.0, 0.0, 1.0 ], [ -0.809017, 0.309017, -0.5, 0.0, 0.309017, -0.5, -0.809017, 0.0, -0.5, -0.809017, 0.309017, 0.0, 0.0, 0.0, 0.0, 1.0 ], [ -0.809017, -0.309017, 0.5, 0.0, 0.309017, 0.5, 0.809017, 0.0, -0.5, 0.809017, -0.309017, 0.0, 0.0, 0.0, 0.0, 1.0 ], [ -0.5, 0.809017, -0.309017, 0.0, 0.809017, 0.309017, -0.5, 0.0, -0.309017, -0.5, -0.809017, 0.0, 0.0, 0.0, 0.0, 1.0 ], [ -0.309017, -0.5, -0.809017, 0.0, 0.5, -0.809017, 0.309017, 0.0, -0.809017, -0.309017, 0.5, 0.0, 0.0, 0.0, 0.0, 1.0 ] ],
  "lights" : {
    "backgroundColor" : "#AFC8DC",
    "ambientColor" : "#292929",
    "directionalLights" : [ {
      "direction" : [ 1.0, -1.0, -1.0 ],
      "color" : "#EBEBE4"
    }, {
      "direction" : [ -1.0, 0.0, 0.0 ],
      "color" : "#E4E4EB"
    }, {
      "direction" : [ 0.0, 0.0, -1.0 ],
      "color" : "#1E1E1E"
    } ]
  },
  "camera" : {
    "lookAtPoint" : {
      "x" : 0.0,
      "y" : 0.0,
      "z" : 0.0
    },
    "lookDirection" : {
      "x" : -0.9245775,
      "y" : 0.20006494,
      "z" : 0.32423884
    },
    "upDirection" : {
      "x" : -0.3785326,
      "y" : -0.3857827,
      "z" : -0.8413588
    },
    "nearClipDistance" : 0.6171881,
    "farClipDistance" : 493.7498,
    "lookAtPointRV" : {
      "x" : 0.0,
      "y" : 0.0,
      "z" : 0.0,
      "zero" : true
    },
    "fieldOfView" : 0.4426306,
    "upDirectionRV" : {
      "x" : -0.3785326,
      "y" : -0.3857827,
      "z" : -0.8413588,
      "zero" : false
    },
    "lookDirectionRV" : {
      "x" : -0.9245775,
      "y" : 0.20006494,
      "z" : 0.32423884,
      "zero" : false
    },
    "perspective" : false,
    "viewDistance" : 246.87433,
    "width" : 111.093895,
    "stereo" : false,
    "position" : {
      "x" : 228.25444,
      "y" : -49.3909,
      "z" : -80.04624
    }
  },
  "embedding" : [ 1.0, 0.0, 0.0, 0.0, 0.0, 1.0, 0.0, 0.0, 0.0, 0.0, 1.0, 0.0, 0.0, 0.0, 0.0, 1.0 ],
  "shapes" : [ {
    "id" : "9c51a937-1462-4e19-8fb0-ef59cd1b8c81",
    "orbit" : "red",
    "orbitC" : "[[-1,1,1],[0,0,1]]",
    "length" : "[6,2,1]",
    "name" : " :6 +2*phi",
    "vertices" : [ {
      "x" : 0.9045085,
      "y" : 0.3454915,
      "z" : 0.25
    }, {
      "x" : 62.591427,
      "y" : 38.470104,
      "z" : 0.25
    }, {
      "x" : 62.400444,
      "y" : 38.77912,
      "z" : 0.25
    }, {
      "x" : 0.7135255,
      "y" : 0.6545085,
      "z" : 0.25
    }, {
      "x" : 0.809017,
      "y" : 0.5,
      "z" : -0.309017
    }, {
      "x" : 0.9635255,
      "y" : 0.25,
      "z" : -0.095491506
    }, {
      "x" : 0.309017,
      "y" : 0.19098301,
      "z" : 0.0
    }, {
      "x" : 62.995934,
      "y" : 38.933628,
      "z" : 0.0
    }, {
      "x" : 62.341427,
      "y" : 38.87461,
      "z" : -0.095491506
    }, {
      "x" : 62.495934,
      "y" : 38.62461,
      "z" : -0.309017
    }, {
      "x" : 63.30495,
      "y" : 39.12461,
      "z" : 0.0
    }, {
      "x" : 0.6545085,
      "y" : 0.75,
      "z" : -0.095491506
    }, {
      "x" : 62.650444,
      "y" : 38.37461,
      "z" : -0.095491506
    } ],
    "faces" : [ {
      "vertices" : [ 4, 11, 8, 9 ]
    }, {
      "vertices" : [ 0, 1, 2, 3 ]
    }, {
      "vertices" : [ 0, 3, 6 ]
    }, {
      "vertices" : [ 1, 7, 2 ]
    }, {
      "vertices" : [ 0, 6, 5 ]
    }, {
      "vertices" : [ 4, 5, 6 ]
    }, {
      "vertices" : [ 2, 7, 8 ]
    }, {
      "vertices" : [ 0, 5, 12, 1 ]
    }, {
      "vertices" : [ 1, 12, 7 ]
    }, {
      "vertices" : [ 3, 11, 6 ]
    }, {
      "vertices" : [ 4, 6, 11 ]
    }, {
      "vertices" : [ 7, 9, 8 ]
    }, {
      "vertices" : [ 2, 8, 11, 3 ]
    }, {
      "vertices" : [ 7, 12, 9 ]
    }, {
      "vertices" : [ 4, 9, 12, 5 ]
    } ]
  }, {
    "id" : "314a474b-d062-4707-952d-ab35f704ae63",
    "name" : "ball",
    "vertices" : [ {
      "x" : -0.309017,
      "y" : -0.19098301,
      "z" : 0.0
    }, {
      "x" : -0.309017,
      "y" : 0.19098301,
      "z" : 0.0
    }, {
      "x" : -0.19098301,
      "y" : 0.0,
      "z" : -0.309017
    }, {
      "x" : -0.19098301,
      "y" : 0.0,
      "z" : 0.309017
    }, {
      "x" : 0.0,
      "y" : -0.309017,
      "z" : -0.19098301
    }, {
      "x" : 0.0,
      "y" : -0.309017,
      "z" : 0.19098301
    }, {
      "x" : 0.0,
      "y" : 0.309017,
      "z" : -0.19098301
    }, {
      "x" : 0.0,
      "y" : 0.309017,
      "z" : 0.19098301
    }, {
      "x" : 0.19098301,
      "y" : 0.0,
      "z" : -0.309017
    }, {
      "x" : 0.19098301,
      "y" : 0.0,
      "z" : 0.309017
    }, {
      "x" : 0.309017,
      "y" : -0.19098301,
      "z" : 0.0
    }, {
      "x" : 0.309017,
      "y" : 0.19098301,
      "z" : 0.0
    } ],
    "faces" : [ {
      "vertices" : [ 0, 1, 2 ]
    }, {
      "vertices" : [ 0, 3, 1 ]
    }, {
      "vertices" : [ 0, 2, 4 ]
    }, {
      "vertices" : [ 0, 5, 3 ]
    }, {
      "vertices" : [ 0, 4, 5 ]
    }, {
      "vertices" : [ 1, 6, 2 ]
    }, {
      "vertices" : [ 1, 3, 7 ]
    }, {
      "vertices" : [ 1, 7, 6 ]
    }, {
      "vertices" : [ 2, 8, 4 ]
    }, {
      "vertices" : [ 2, 6, 8 ]
    }, {
      "vertices" : [ 3, 5, 9 ]
    }, {
      "vertices" : [ 3, 9, 7 ]
    }, {
      "vertices" : [ 4, 10, 5 ]
    }, {
      "vertices" : [ 4, 8, 10 ]
    }, {
      "vertices" : [ 5, 10, 9 ]
    }, {
      "vertices" : [ 6, 7, 11 ]
    }, {
      "vertices" : [ 6, 11, 8 ]
    }, {
      "vertices" : [ 7, 9, 11 ]
    }, {
      "vertices" : [ 8, 11, 10 ]
    }, {
      "vertices" : [ 9, 10, 11 ]
    } ]
  }, {
    "id" : "5da118ba-061d-4af8-b1d6-fdb6be4e2753",
    "orbit" : "yellow",
    "orbitC" : "[[0,0,1],[2,-1,1]]",
    "length" : "[2,4,1]",
    "name" : " :2 +4*phi",
    "vertices" : [ {
      "x" : 58.068882,
      "y" : 0.0,
      "z" : -22.18034
    }, {
      "x" : 57.759865,
      "y" : 0.0,
      "z" : -22.062305
    }, {
      "x" : 57.35536,
      "y" : -0.1545085,
      "z" : -21.621323
    }, {
      "x" : 57.164375,
      "y" : -0.1545085,
      "z" : -22.121323
    }, {
      "x" : 0.9045085,
      "y" : -0.1545085,
      "z" : -0.059016995
    }, {
      "x" : 0.809017,
      "y" : 0.309017,
      "z" : -0.309017
    }, {
      "x" : 0.309017,
      "y" : 0.0,
      "z" : -0.11803399
    }, {
      "x" : 57.259865,
      "y" : 0.309017,
      "z" : -21.871323
    }, {
      "x" : 0.7135255,
      "y" : -0.1545085,
      "z" : -0.559017
    } ],
    "faces" : [ {
      "vertices" : [ 2, 4, 8, 3 ]
    }, {
      "vertices" : [ 2, 7, 5, 4 ]
    }, {
      "vertices" : [ 4, 6, 8 ]
    }, {
      "vertices" : [ 5, 8, 6 ]
    }, {
      "vertices" : [ 1, 2, 3 ]
    }, {
      "vertices" : [ 3, 8, 5, 7 ]
    }, {
      "vertices" : [ 1, 7, 2 ]
    }, {
      "vertices" : [ 1, 3, 7 ]
    }, {
      "vertices" : [ 4, 5, 6 ]
    } ]
  } ],
  "instances" : [ {
    "shape" : "9c51a937-1462-4e19-8fb0-ef59cd1b8c81",
    "color" : "#AF0000",
    "position" : {
      "x" : 33.388542,
      "y" : 16.753288,
      "z" : 4.545085
    },
    "orientation" : 30
  }, {
    "shape" : "314a474b-d062-4707-952d-ab35f704ae63",
    "color" : "#F2F2F2",
    "position" : {
      "x" : 33.388542,
      "y" : -16.753288,
      "z" : -4.545085
    }
  }, {
    "shape" : "314a474b-d062-4707-952d-ab35f704ae63",
    "color" : "#F2F2F2",
    "position" : {
      "x" : 34.461494,
      "y" : -15.0172205,
      "z" : 1.736068
    }
  }, {
    "shape" : "314a474b-d062-4707-952d-ab35f704ae63",
    "color" : "#F2F2F2",
    "position" : {
      "x" : -29.916409,
      "y" : 22.371323,
      "z" : -4.545085
    }
  }, {
    "shape" : "314a474b-d062-4707-952d-ab35f704ae63",
    "color" : "#F2F2F2",
    "position" : {
      "x" : -1.736068,
      "y" : 28.843458,
      "z" : 24.107391
    }
  }, {
    "shape" : "314a474b-d062-4707-952d-ab35f704ae63",
    "color" : "#F2F2F2",
    "position" : {
      "x" : 31.652475,
      "y" : -19.562305,
      "z" : 5.618034
    }
  }, {
    "shape" : "5da118ba-061d-4af8-b1d6-fdb6be4e2753",
    "color" : "#F0A000",
    "position" : {
      "x" : -14.5172205,
      "y" : -23.489357,
      "z" : -15.826238
    },
    "orientation" : 9
  }, {
    "shape" : "9c51a937-1462-4e19-8fb0-ef59cd1b8c81",
    "color" : "#AF0000",
    "position" : {
      "x" : 4.545085,
      "y" : 29.916409,
      "z" : 22.371323
    },
    "orientation" : 16
  }, {
    "shape" : "314a474b-d062-4707-952d-ab35f704ae63",
    "color" : "#F2F2F2",
    "position" : {
      "x" : -4.545085,
      "y" : 33.388542,
      "z" : -16.753288
    }
  }, {
    "shape" : "5da118ba-061d-4af8-b1d6-fdb6be4e2753",
    "color" : "#F0A000",
    "position" : {
      "x" : -21.371323,
      "y" : 12.399187,
      "z" : -20.062305
    },
    "orientation" : 5
  }, {
    "shape" : "314a474b-d062-4707-952d-ab35f704ae63",
    "color" : "#F2F2F2",
    "position" : {
      "x" : 1.736068,
      "y" : -34.461494,
      "z" : 15.0172205
    }
  }, {
    "shape" : "9c51a937-1462-4e19-8fb0-ef59cd1b8c81",
    "color" : "#AF0000",
    "position" : {
      "x" : 15.0172205,
      "y" : -1.736068,
      "z" : 34.461494
    },
    "orientation" : 47
  }, {
    "shape" : "9c51a937-1462-4e19-8fb0-ef59cd1b8c81",
    "color" : "#AF0000",
    "position" : {
      "x" : -1.736068,
      "y" : 28.843458,
      "z" : 24.107391
    },
    "orientation" : 16
  }, {
    "shape" : "314a474b-d062-4707-952d-ab35f704ae63",
    "color" : "#F2F2F2",
    "position" : {
      "x" : 1.736068,
      "y" : 34.461494,
      "z" : -15.0172205
    }
  }, {
    "shape" : "314a474b-d062-4707-952d-ab35f704ae63",
    "color" : "#F2F2F2",
    "position" : {
      "x" : -15.826238,
      "y" : -14.5172205,
      "z" : -23.489357
    }
  }, {
    "shape" : "314a474b-d062-4707-952d-ab35f704ae63",
    "color" : "#F2F2F2",
    "position" : {
      "x" : -1.736068,
      "y" : -28.843458,
      "z" : -24.107391
    }
  }, {
    "shape" : "314a474b-d062-4707-952d-ab35f704ae63",
    "color" : "#F2F2F2",
    "position" : {
      "x" : 14.5172205,
      "y" : -23.489357,
      "z" : 15.826238
    }
  }, {
    "shape" : "314a474b-d062-4707-952d-ab35f704ae63",
    "color" : "#F2F2F2",
    "position" : {
      "x" : -29.034441,
      "y" : 6.854102,
      "z" : -11.09017
    }
  }, {
    "shape" : "5da118ba-061d-4af8-b1d6-fdb6be4e2753",
    "color" : "#F0A000",
    "position" : {
      "x" : -6.854102,
      "y" : -11.09017,
      "z" : 29.034441
    },
    "orientation" : 17
  }, {
    "shape" : "9c51a937-1462-4e19-8fb0-ef59cd1b8c81",
    "color" : "#AF0000",
    "position" : {
      "x" : 16.753288,
      "y" : 4.545085,
      "z" : 33.388542
    },
    "orientation" : 47
  }, {
    "shape" : "5da118ba-061d-4af8-b1d6-fdb6be4e2753",
    "color" : "#F0A000",
    "position" : {
      "x" : 3.427051,
      "y" : -5.545085,
      "z" : 31.152475
    },
    "orientation" : 17
  }, {
    "shape" : "314a474b-d062-4707-952d-ab35f704ae63",
    "color" : "#F2F2F2",
    "position" : {
      "x" : -24.107391,
      "y" : 1.736068,
      "z" : 28.843458
    }
  }, {
    "shape" : "314a474b-d062-4707-952d-ab35f704ae63",
    "color" : "#F2F2F2",
    "position" : {
      "x" : 4.545085,
      "y" : 29.916409,
      "z" : 22.371323
    }
  }, {
    "shape" : "5da118ba-061d-4af8-b1d6-fdb6be4e2753",
    "color" : "#F0A000",
    "position" : {
      "x" : -14.5172205,
      "y" : 23.489357,
      "z" : 15.826238
    },
    "orientation" : 24
  }, {
    "shape" : "9c51a937-1462-4e19-8fb0-ef59cd1b8c81",
    "color" : "#AF0000",
    "position" : {
      "x" : 31.652475,
      "y" : 19.562305,
      "z" : -5.618034
    },
    "orientation" : 30
  }, {
    "shape" : "314a474b-d062-4707-952d-ab35f704ae63",
    "color" : "#F2F2F2",
    "position" : {
      "x" : 16.635256,
      "y" : -26.916409,
      "z" : 3.427051
    }
  }, {
    "shape" : "5da118ba-061d-4af8-b1d6-fdb6be4e2753",
    "color" : "#F0A000",
    "position" : {
      "x" : 23.489357,
      "y" : 15.826238,
      "z" : -14.5172205
    },
    "orientation" : 39
  }, {
    "shape" : "314a474b-d062-4707-952d-ab35f704ae63",
    "color" : "#F2F2F2",
    "position" : {
      "x" : 5.545085,
      "y" : -31.152475,
      "z" : 3.427051
    }
  }, {
    "shape" : "9c51a937-1462-4e19-8fb0-ef59cd1b8c81",
    "color" : "#AF0000",
    "position" : {
      "x" : 34.461494,
      "y" : -15.0172205,
      "z" : 1.736068
    },
    "orientation" : 45
  }, {
    "shape" : "314a474b-d062-4707-952d-ab35f704ae63",
    "color" : "#F2F2F2",
    "position" : {
      "x" : -15.0172205,
      "y" : 1.736068,
      "z" : 34.461494
    }
  }, {
    "shape" : "314a474b-d062-4707-952d-ab35f704ae63",
    "color" : "#F2F2F2",
    "position" : {
      "x" : -26.916409,
      "y" : -3.427051,
      "z" : -16.635256
    }
  }, {
    "shape" : "314a474b-d062-4707-952d-ab35f704ae63",
    "color" : "#F2F2F2",
    "position" : {
      "x" : 29.034441,
      "y" : 6.854102,
      "z" : 11.09017
    }
  }, {
    "shape" : "314a474b-d062-4707-952d-ab35f704ae63",
    "color" : "#F2F2F2",
    "position" : {
      "x" : -33.388542,
      "y" : 16.753288,
      "z" : -4.545085
    }
  }, {
    "shape" : "314a474b-d062-4707-952d-ab35f704ae63",
    "color" : "#F2F2F2",
    "position" : {
      "x" : -31.152475,
      "y" : -3.427051,
      "z" : -5.545085
    }
  }, {
    "shape" : "9c51a937-1462-4e19-8fb0-ef59cd1b8c81",
    "color" : "#AF0000",
    "position" : {
      "x" : 1.736068,
      "y" : -28.843458,
      "z" : 24.107391
    },
    "orientation" : 46
  }, {
    "shape" : "314a474b-d062-4707-952d-ab35f704ae63",
    "color" : "#F2F2F2",
    "position" : {
      "x" : -24.107391,
      "y" : -1.736068,
      "z" : -28.843458
    }
  }, {
    "shape" : "314a474b-d062-4707-952d-ab35f704ae63",
    "color" : "#F2F2F2",
    "position" : {
      "x" : 5.618034,
      "y" : 31.652475,
      "z" : -19.562305
    }
  }, {
    "shape" : "314a474b-d062-4707-952d-ab35f704ae63",
    "color" : "#F2F2F2",
    "position" : {
      "x" : 5.545085,
      "y" : 31.152475,
      "z" : -3.427051
    }
  }, {
    "shape" : "314a474b-d062-4707-952d-ab35f704ae63",
    "color" : "#F2F2F2",
    "position" : {
      "x" : 26.916409,
      "y" : -3.427051,
      "z" : 16.635256
    }
  }, {
    "shape" : "314a474b-d062-4707-952d-ab35f704ae63",
    "color" : "#F2F2F2",
    "position" : {
      "x" : -28.843458,
      "y" : 24.107391,
      "z" : 1.736068
    }
  }, {
    "shape" : "314a474b-d062-4707-952d-ab35f704ae63",
    "color" : "#F2F2F2",
    "position" : {
      "x" : 29.916409,
      "y" : -22.371323,
      "z" : -4.545085
    }
  }, {
    "shape" : "314a474b-d062-4707-952d-ab35f704ae63",
    "color" : "#F2F2F2",
    "position" : {
      "x" : 5.618034,
      "y" : -31.652475,
      "z" : 19.562305
    }
  }, {
    "shape" : "314a474b-d062-4707-952d-ab35f704ae63",
    "color" : "#F2F2F2",
    "position" : {
      "x" : -21.371323,
      "y" : 12.399187,
      "z" : -20.062305
    }
  }, {
    "shape" : "9c51a937-1462-4e19-8fb0-ef59cd1b8c81",
    "color" : "#AF0000",
    "position" : {
      "x" : 16.753288,
      "y" : -4.545085,
      "z" : -33.388542
    },
    "orientation" : 32
  }, {
    "shape" : "314a474b-d062-4707-952d-ab35f704ae63",
    "color" : "#F2F2F2",
    "position" : {
      "x" : 34.461494,
      "y" : 15.0172205,
      "z" : -1.736068
    }
  }, {
    "shape" : "5da118ba-061d-4af8-b1d6-fdb6be4e2753",
    "color" : "#F0A000",
    "position" : {
      "x" : 29.034441,
      "y" : 6.854102,
      "z" : 11.09017
    },
    "orientation" : 30
  }, {
    "shape" : "9c51a937-1462-4e19-8fb0-ef59cd1b8c81",
    "color" : "#AF0000",
    "position" : {
      "x" : -4.545085,
      "y" : -33.388542,
      "z" : 16.753288
    },
    "orientation" : 46
  }, {
    "shape" : "314a474b-d062-4707-952d-ab35f704ae63",
    "color" : "#F2F2F2",
    "position" : {
      "x" : -15.826238,
      "y" : 14.5172205,
      "z" : 23.489357
    }
  }, {
    "shape" : "314a474b-d062-4707-952d-ab35f704ae63",
    "color" : "#F2F2F2",
    "position" : {
      "x" : 4.545085,
      "y" : -29.916409,
      "z" : -22.371323
    }
  }, {
    "shape" : "314a474b-d062-4707-952d-ab35f704ae63",
    "color" : "#F2F2F2",
    "position" : {
      "x" : -22.371323,
      "y" : -4.545085,
      "z" : 29.916409
    }
  }, {
    "shape" : "314a474b-d062-4707-952d-ab35f704ae63",
    "color" : "#F2F2F2",
    "position" : {
      "x" : -4.545085,
      "y" : 29.916409,
      "z" : -22.371323
    }
  }, {
    "shape" : "314a474b-d062-4707-952d-ab35f704ae63",
    "color" : "#F2F2F2",
    "position" : {
      "x" : -6.854102,
      "y" : 11.09017,
      "z" : -29.034441
    }
  }, {
    "shape" : "9c51a937-1462-4e19-8fb0-ef59cd1b8c81",
    "color" : "#AF0000",
    "position" : {
      "x" : 4.545085,
      "y" : 33.388542,
      "z" : 16.753288
    },
    "orientation" : 16
  }, {
    "shape" : "314a474b-d062-4707-952d-ab35f704ae63",
    "color" : "#F2F2F2",
    "position" : {
      "x" : -3.427051,
      "y" : -5.545085,
      "z" : -31.152475
    }
  }, {
    "shape" : "314a474b-d062-4707-952d-ab35f704ae63",
    "color" : "#F2F2F2",
    "position" : {
      "x" : -16.635256,
      "y" : 26.916409,
      "z" : 3.427051
    }
  }, {
    "shape" : "314a474b-d062-4707-952d-ab35f704ae63",
    "color" : "#F2F2F2",
    "position" : {
      "x" : -26.916409,
      "y" : 3.427051,
      "z" : 16.635256
    }
  }, {
    "shape" : "314a474b-d062-4707-952d-ab35f704ae63",
    "color" : "#F2F2F2",
    "position" : {
      "x" : -3.427051,
      "y" : 5.545085,
      "z" : 31.152475
    }
  }, {
    "shape" : "9c51a937-1462-4e19-8fb0-ef59cd1b8c81",
    "color" : "#AF0000",
    "position" : {
      "x" : 19.562305,
      "y" : 5.618034,
      "z" : -31.652475
    },
    "orientation" : 32
  }, {
    "shape" : "9c51a937-1462-4e19-8fb0-ef59cd1b8c81",
    "color" : "#AF0000",
    "position" : {
      "x" : 34.461494,
      "y" : 15.0172205,
      "z" : -1.736068
    },
    "orientation" : 30
  }, {
    "shape" : "5da118ba-061d-4af8-b1d6-fdb6be4e2753",
    "color" : "#F0A000",
    "position" : {
      "x" : -11.09017,
      "y" : 29.034441,
      "z" : -6.854102
    },
    "orientation" : 21
  }, {
    "shape" : "9c51a937-1462-4e19-8fb0-ef59cd1b8c81",
    "color" : "#AF0000",
    "position" : {
      "x" : 19.562305,
      "y" : -5.618034,
      "z" : 31.652475
    },
    "orientation" : 47
  }, {
    "shape" : "5da118ba-061d-4af8-b1d6-fdb6be4e2753",
    "color" : "#F0A000",
    "position" : {
      "x" : -3.427051,
      "y" : -16.635256,
      "z" : -26.916409
    },
    "orientation" : 7
  }, {
    "shape" : "5da118ba-061d-4af8-b1d6-fdb6be4e2753",
    "color" : "#F0A000",
    "position" : {
      "x" : 26.916409,
      "y" : -3.427051,
      "z" : 16.635256
    },
    "orientation" : 30
  }, {
    "shape" : "314a474b-d062-4707-952d-ab35f704ae63",
    "color" : "#F2F2F2",
    "position" : {
      "x" : 3.427051,
      "y" : 16.635256,
      "z" : -26.916409
    }
  }, {
    "shape" : "314a474b-d062-4707-952d-ab35f704ae63",
    "color" : "#F2F2F2",
    "position" : {
      "x" : 15.0172205,
      "y" : -1.736068,
      "z" : 34.461494
    }
  }, {
    "shape" : "314a474b-d062-4707-952d-ab35f704ae63",
    "color" : "#F2F2F2",
    "position" : {
      "x" : 24.107391,
      "y" : -1.736068,
      "z" : 28.843458
    }
  }, {
    "shape" : "314a474b-d062-4707-952d-ab35f704ae63",
    "color" : "#F2F2F2",
    "position" : {
      "x" : -31.652475,
      "y" : 19.562305,
      "z" : 5.618034
    }
  }, {
    "shape" : "5da118ba-061d-4af8-b1d6-fdb6be4e2753",
    "color" : "#F0A000",
    "position" : {
      "x" : 16.635256,
      "y" : 26.916409,
      "z" : -3.427051
    },
    "orientation" : 16
  }, {
    "shape" : "314a474b-d062-4707-952d-ab35f704ae63",
    "color" : "#F2F2F2",
    "position" : {
      "x" : -34.461494,
      "y" : -15.0172205,
      "z" : -1.736068
    }
  }, {
    "shape" : "314a474b-d062-4707-952d-ab35f704ae63",
    "color" : "#F2F2F2",
    "position" : {
      "x" : -5.618034,
      "y" : 31.652475,
      "z" : 19.562305
    }
  }, {
    "shape" : "314a474b-d062-4707-952d-ab35f704ae63",
    "color" : "#F2F2F2",
    "position" : {
      "x" : 4.545085,
      "y" : 33.388542,
      "z" : 16.753288
    }
  }, {
    "shape" : "314a474b-d062-4707-952d-ab35f704ae63",
    "color" : "#F2F2F2",
    "position" : {
      "x" : 19.562305,
      "y" : 5.618034,
      "z" : -31.652475
    }
  }, {
    "shape" : "5da118ba-061d-4af8-b1d6-fdb6be4e2753",
    "color" : "#F0A000",
    "position" : {
      "x" : -31.152475,
      "y" : 3.427051,
      "z" : 5.545085
    },
    "orientation" : 0
  }, {
    "shape" : "314a474b-d062-4707-952d-ab35f704ae63",
    "color" : "#F2F2F2",
    "position" : {
      "x" : -3.427051,
      "y" : 16.635256,
      "z" : 26.916409
    }
  }, {
    "shape" : "314a474b-d062-4707-952d-ab35f704ae63",
    "color" : "#F2F2F2",
    "position" : {
      "x" : 28.843458,
      "y" : 24.107391,
      "z" : -1.736068
    }
  }, {
    "shape" : "314a474b-d062-4707-952d-ab35f704ae63",
    "color" : "#F2F2F2",
    "position" : {
      "x" : -31.152475,
      "y" : 3.427051,
      "z" : 5.545085
    },
    "glow" : 0.8
  }, {
    "shape" : "9c51a937-1462-4e19-8fb0-ef59cd1b8c81",
    "color" : "#AF0000",
    "position" : {
      "x" : 29.916409,
      "y" : 22.371323,
      "z" : 4.545085
    },
    "orientation" : 30
  }, {
    "shape" : "5da118ba-061d-4af8-b1d6-fdb6be4e2753",
    "color" : "#F0A000",
    "position" : {
      "x" : -3.427051,
      "y" : 16.635256,
      "z" : 26.916409
    },
    "orientation" : 22
  }, {
    "shape" : "314a474b-d062-4707-952d-ab35f704ae63",
    "color" : "#F2F2F2",
    "position" : {
      "x" : -15.0172205,
      "y" : -1.736068,
      "z" : -34.461494
    }
  }, {
    "shape" : "314a474b-d062-4707-952d-ab35f704ae63",
    "color" : "#F2F2F2",
    "position" : {
      "x" : 31.152475,
      "y" : -3.427051,
      "z" : 5.545085
    }
  }, {
    "shape" : "9c51a937-1462-4e19-8fb0-ef59cd1b8c81",
    "color" : "#AF0000",
    "position" : {
      "x" : 33.388542,
      "y" : -16.753288,
      "z" : -4.545085
    },
    "orientation" : 45
  }, {
    "shape" : "314a474b-d062-4707-952d-ab35f704ae63",
    "color" : "#F2F2F2",
    "position" : {
      "x" : 29.916409,
      "y" : 22.371323,
      "z" : 4.545085
    }
  }, {
    "shape" : "9c51a937-1462-4e19-8fb0-ef59cd1b8c81",
    "color" : "#AF0000",
    "position" : {
      "x" : -5.618034,
      "y" : 31.652475,
      "z" : 19.562305
    },
    "orientation" : 16
  }, {
    "shape" : "5da118ba-061d-4af8-b1d6-fdb6be4e2753",
    "color" : "#F0A000",
    "position" : {
      "x" : 16.635256,
      "y" : -26.916409,
      "z" : 3.427051
    },
    "orientation" : 1
  }, {
    "shape" : "314a474b-d062-4707-952d-ab35f704ae63",
    "color" : "#F2F2F2",
    "position" : {
      "x" : -14.5172205,
      "y" : -23.489357,
      "z" : -15.826238
    }
  }, {
    "shape" : "314a474b-d062-4707-952d-ab35f704ae63",
    "color" : "#F2F2F2",
    "position" : {
      "x" : 14.5172205,
      "y" : 23.489357,
      "z" : -15.826238
    }
  }, {
    "shape" : "314a474b-d062-4707-952d-ab35f704ae63",
    "color" : "#F2F2F2",
    "position" : {
      "x" : -5.545085,
      "y" : -31.152475,
      "z" : -3.427051
    }
  }, {
    "shape" : "314a474b-d062-4707-952d-ab35f704ae63",
    "color" : "#F2F2F2",
    "position" : {
      "x" : 31.152475,
      "y" : 3.427051,
      "z" : -5.545085
    }
  }, {
    "shape" : "314a474b-d062-4707-952d-ab35f704ae63",
    "color" : "#F2F2F2",
    "position" : {
      "x" : -6.854102,
      "y" : -11.09017,
      "z" : 29.034441
    }
  }, {
    "shape" : "314a474b-d062-4707-952d-ab35f704ae63",
    "color" : "#F2F2F2",
    "position" : {
      "x" : 3.427051,
      "y" : 5.545085,
      "z" : -31.152475
    }
  }, {
    "shape" : "5da118ba-061d-4af8-b1d6-fdb6be4e2753",
    "color" : "#F0A000",
    "position" : {
      "x" : -12.399187,
      "y" : 20.062305,
      "z" : -21.371323
    },
    "orientation" : 5
  }, {
    "shape" : "314a474b-d062-4707-952d-ab35f704ae63",
    "color" : "#F2F2F2",
    "position" : {
      "x" : 31.652475,
      "y" : 19.562305,
      "z" : -5.618034
    }
  }, {
    "shape" : "9c51a937-1462-4e19-8fb0-ef59cd1b8c81",
    "color" : "#AF0000",
    "position" : {
      "x" : 29.916409,
      "y" : -22.371323,
      "z" : -4.545085
    },
    "orientation" : 45
  }, {
    "shape" : "314a474b-d062-4707-952d-ab35f704ae63",
    "color" : "#F2F2F2",
    "position" : {
      "x" : 1.736068,
      "y" : 28.843458,
      "z" : -24.107391
    }
  }, {
    "shape" : "314a474b-d062-4707-952d-ab35f704ae63",
    "color" : "#F2F2F2",
    "position" : {
      "x" : -1.736068,
      "y" : 34.461494,
      "z" : 15.0172205
    }
  }, {
    "shape" : "314a474b-d062-4707-952d-ab35f704ae63",
    "color" : "#F2F2F2",
    "position" : {
      "x" : 16.753288,
      "y" : 4.545085,
      "z" : 33.388542
    }
  }, {
    "shape" : "314a474b-d062-4707-952d-ab35f704ae63",
    "color" : "#F2F2F2",
    "position" : {
      "x" : -4.545085,
      "y" : -29.916409,
      "z" : 22.371323
    }
  }, {
    "shape" : "314a474b-d062-4707-952d-ab35f704ae63",
    "color" : "#F2F2F2",
    "position" : {
      "x" : -3.427051,
      "y" : -16.635256,
      "z" : -26.916409
    }
  }, {
    "shape" : "314a474b-d062-4707-952d-ab35f704ae63",
    "color" : "#F2F2F2",
    "position" : {
      "x" : 19.562305,
      "y" : -5.618034,
      "z" : 31.652475
    }
  }, {
    "shape" : "9c51a937-1462-4e19-8fb0-ef59cd1b8c81",
    "color" : "#AF0000",
    "position" : {
      "x" : 22.371323,
      "y" : -4.545085,
      "z" : -29.916409
    },
    "orientation" : 32
  }, {
    "shape" : "314a474b-d062-4707-952d-ab35f704ae63",
    "color" : "#F2F2F2",
    "position" : {
      "x" : 16.635256,
      "y" : 26.916409,
      "z" : -3.427051
    }
  }, {
    "shape" : "5da118ba-061d-4af8-b1d6-fdb6be4e2753",
    "color" : "#F0A000",
    "position" : {
      "x" : -26.916409,
      "y" : 3.427051,
      "z" : 16.635256
    },
    "orientation" : 0
  }, {
    "shape" : "314a474b-d062-4707-952d-ab35f704ae63",
    "color" : "#F2F2F2",
    "position" : {
      "x" : -12.399187,
      "y" : -20.062305,
      "z" : 21.371323
    }
  }, {
    "shape" : "314a474b-d062-4707-952d-ab35f704ae63",
    "color" : "#F2F2F2",
    "position" : {
      "x" : -29.916409,
      "y" : -22.371323,
      "z" : 4.545085
    }
  }, {
    "shape" : "314a474b-d062-4707-952d-ab35f704ae63",
    "color" : "#F2F2F2",
    "position" : {
      "x" : 11.09017,
      "y" : -29.034441,
      "z" : -6.854102
    }
  }, {
    "shape" : "5da118ba-061d-4af8-b1d6-fdb6be4e2753",
    "color" : "#F0A000",
    "position" : {
      "x" : 29.034441,
      "y" : -6.854102,
      "z" : -11.09017
    },
    "orientation" : 38
  }, {
    "shape" : "314a474b-d062-4707-952d-ab35f704ae63",
    "color" : "#F2F2F2",
    "position" : {
      "x" : -5.545085,
      "y" : 31.152475,
      "z" : 3.427051
    }
  }, {
    "shape" : "314a474b-d062-4707-952d-ab35f704ae63",
    "color" : "#F2F2F2",
    "position" : {
      "x" : -23.489357,
      "y" : 15.826238,
      "z" : 14.5172205
    }
  }, {
    "shape" : "9c51a937-1462-4e19-8fb0-ef59cd1b8c81",
    "color" : "#AF0000",
    "position" : {
      "x" : -4.545085,
      "y" : -29.916409,
      "z" : 22.371323
    },
    "orientation" : 46
  }, {
    "shape" : "5da118ba-061d-4af8-b1d6-fdb6be4e2753",
    "color" : "#F0A000",
    "position" : {
      "x" : -11.09017,
      "y" : -29.034441,
      "z" : 6.854102
    },
    "orientation" : 6
  }, {
    "shape" : "314a474b-d062-4707-952d-ab35f704ae63",
    "color" : "#F2F2F2",
    "position" : {
      "x" : -29.034441,
      "y" : -6.854102,
      "z" : 11.09017
    }
  }, {
    "shape" : "314a474b-d062-4707-952d-ab35f704ae63",
    "color" : "#F2F2F2",
    "position" : {
      "x" : -20.062305,
      "y" : 21.371323,
      "z" : -12.399187
    }
  }, {
    "shape" : "314a474b-d062-4707-952d-ab35f704ae63",
    "color" : "#F2F2F2",
    "position" : {
      "x" : -16.753288,
      "y" : 4.545085,
      "z" : -33.388542
    }
  }, {
    "shape" : "5da118ba-061d-4af8-b1d6-fdb6be4e2753",
    "color" : "#F0A000",
    "position" : {
      "x" : -21.371323,
      "y" : -12.399187,
      "z" : 20.062305
    },
    "orientation" : 3
  }, {
    "shape" : "314a474b-d062-4707-952d-ab35f704ae63",
    "color" : "#F2F2F2",
    "position" : {
      "x" : -1.736068,
      "y" : -34.461494,
      "z" : -15.0172205
    }
  }, {
    "shape" : "314a474b-d062-4707-952d-ab35f704ae63",
    "color" : "#F2F2F2",
    "position" : {
      "x" : 28.843458,
      "y" : -24.107391,
      "z" : 1.736068
    }
  }, {
    "shape" : "314a474b-d062-4707-952d-ab35f704ae63",
    "color" : "#F2F2F2",
    "position" : {
      "x" : 12.399187,
      "y" : 20.062305,
      "z" : 21.371323
    }
  }, {
    "shape" : "314a474b-d062-4707-952d-ab35f704ae63",
    "color" : "#F2F2F2",
    "position" : {
      "x" : 33.388542,
      "y" : 16.753288,
      "z" : 4.545085
    }
  }, {
    "shape" : "314a474b-d062-4707-952d-ab35f704ae63",
    "color" : "#F2F2F2",
    "position" : {
      "x" : 21.371323,
      "y" : 12.399187,
      "z" : 20.062305
    }
  }, {
    "shape" : "314a474b-d062-4707-952d-ab35f704ae63",
    "color" : "#F2F2F2",
    "position" : {
      "x" : 29.034441,
      "y" : -6.854102,
      "z" : -11.09017
    }
  }, {
    "shape" : "314a474b-d062-4707-952d-ab35f704ae63",
    "color" : "#F2F2F2",
    "position" : {
      "x" : 23.489357,
      "y" : 15.826238,
      "z" : -14.5172205
    }
  }, {
    "shape" : "314a474b-d062-4707-952d-ab35f704ae63",
    "color" : "#F2F2F2",
    "position" : {
      "x" : -4.545085,
      "y" : -33.388542,
      "z" : 16.753288
    }
  }, {
    "shape" : "314a474b-d062-4707-952d-ab35f704ae63",
    "color" : "#F2F2F2",
    "position" : {
      "x" : 11.09017,
      "y" : 29.034441,
      "z" : 6.854102
    }
  }, {
    "shape" : "314a474b-d062-4707-952d-ab35f704ae63",
    "color" : "#F2F2F2",
    "position" : {
      "x" : -16.753288,
      "y" : -4.545085,
      "z" : 33.388542
    }
  }, {
    "shape" : "314a474b-d062-4707-952d-ab35f704ae63",
    "color" : "#F2F2F2",
    "position" : {
      "x" : -11.09017,
      "y" : 29.034441,
      "z" : -6.854102
    }
  }, {
    "shape" : "9c51a937-1462-4e19-8fb0-ef59cd1b8c81",
    "color" : "#AF0000",
    "position" : {
      "x" : -1.736068,
      "y" : 34.461494,
      "z" : 15.0172205
    },
    "orientation" : 16
  }, {
    "shape" : "314a474b-d062-4707-952d-ab35f704ae63",
    "color" : "#F2F2F2",
    "position" : {
      "x" : 22.371323,
      "y" : 4.545085,
      "z" : 29.916409
    }
  }, {
    "shape" : "5da118ba-061d-4af8-b1d6-fdb6be4e2753",
    "color" : "#F0A000",
    "position" : {
      "x" : 20.062305,
      "y" : -21.371323,
      "z" : -12.399187
    },
    "orientation" : 4
  }, {
    "shape" : "5da118ba-061d-4af8-b1d6-fdb6be4e2753",
    "color" : "#F0A000",
    "position" : {
      "x" : 3.427051,
      "y" : 5.545085,
      "z" : -31.152475
    },
    "orientation" : 2
  }, {
    "shape" : "314a474b-d062-4707-952d-ab35f704ae63",
    "color" : "#F2F2F2",
    "position" : {
      "x" : -11.09017,
      "y" : -29.034441,
      "z" : 6.854102
    }
  }, {
    "shape" : "9c51a937-1462-4e19-8fb0-ef59cd1b8c81",
    "color" : "#AF0000",
    "position" : {
      "x" : 15.0172205,
      "y" : 1.736068,
      "z" : -34.461494
    },
    "orientation" : 32
  }, {
    "shape" : "314a474b-d062-4707-952d-ab35f704ae63",
    "color" : "#F2F2F2",
    "position" : {
      "x" : 21.371323,
      "y" : -12.399187,
      "z" : -20.062305
    }
  }, {
    "shape" : "314a474b-d062-4707-952d-ab35f704ae63",
    "color" : "#F2F2F2",
    "position" : {
      "x" : 3.427051,
      "y" : -5.545085,
      "z" : 31.152475
    }
  }, {
    "shape" : "314a474b-d062-4707-952d-ab35f704ae63",
    "color" : "#F2F2F2",
    "position" : {
      "x" : -16.635256,
      "y" : -26.916409,
      "z" : -3.427051
    }
  }, {
    "shape" : "314a474b-d062-4707-952d-ab35f704ae63",
    "color" : "#F2F2F2",
    "position" : {
      "x" : 1.736068,
      "y" : -28.843458,
      "z" : 24.107391
    }
  }, {
    "shape" : "314a474b-d062-4707-952d-ab35f704ae63",
    "color" : "#F2F2F2",
    "position" : {
      "x" : -28.843458,
      "y" : -24.107391,
      "z" : -1.736068
    }
  }, {
    "shape" : "314a474b-d062-4707-952d-ab35f704ae63",
    "color" : "#F2F2F2",
    "position" : {
      "x" : 12.399187,
      "y" : -20.062305,
      "z" : -21.371323
    }
  }, {
    "shape" : "314a474b-d062-4707-952d-ab35f704ae63",
    "color" : "#F2F2F2",
    "position" : {
      "x" : -21.371323,
      "y" : -12.399187,
      "z" : 20.062305
    }
  }, {
    "shape" : "314a474b-d062-4707-952d-ab35f704ae63",
    "color" : "#F2F2F2",
    "position" : {
      "x" : -33.388542,
      "y" : -16.753288,
      "z" : 4.545085
    }
  }, {
    "shape" : "314a474b-d062-4707-952d-ab35f704ae63",
    "color" : "#F2F2F2",
    "position" : {
      "x" : 22.371323,
      "y" : -4.545085,
      "z" : -29.916409
    }
  }, {
    "shape" : "314a474b-d062-4707-952d-ab35f704ae63",
    "color" : "#F2F2F2",
    "position" : {
      "x" : 20.062305,
      "y" : -21.371323,
      "z" : -12.399187
    }
  }, {
    "shape" : "314a474b-d062-4707-952d-ab35f704ae63",
    "color" : "#F2F2F2",
    "position" : {
      "x" : -31.652475,
      "y" : -19.562305,
      "z" : -5.618034
    }
  }, {
    "shape" : "314a474b-d062-4707-952d-ab35f704ae63",
    "color" : "#F2F2F2",
    "position" : {
      "x" : -19.562305,
      "y" : 5.618034,
      "z" : 31.652475
    }
  }, {
    "shape" : "5da118ba-061d-4af8-b1d6-fdb6be4e2753",
    "color" : "#F0A000",
    "position" : {
      "x" : 15.826238,
      "y" : 14.5172205,
      "z" : -23.489357
    },
    "orientation" : 39
