{
  "field" : "golden",
  "symmetry" : "icosahedral",
  "orientations" : [ [ 1.0, 0.0, 0.0, 0.0, 0.0, 1.0, 0.0, 0.0, 0.0, 0.0, 1.0, 0.0, 0.0, 0.0, 0.0, 1.0 ], [ 0.0, 0.0, 1.0, 0.0, 1.0, 0.0, 0.0, 0.0, 0.0, 1.0, 0.0, 0.0, 0.0, 0.0, 0.0, 1.0 ], [ 0.0, 1.0, 0.0, 0.0, 0.0, 0.0, 1.0, 0.0, 1.0, 0.0, 0.0, 0.0, 0.0, 0.0, 0.0, 1.0 ], [ 0.809017, 0.309017, 0.5, 0.0, 0.309017, 0.5, -0.809017, 0.0, -0.5, 0.809017, 0.309017, 0.0, 0.0, 0.0, 0.0, 1.0 ], [ -0.5, 0.809017, 0.309017, 0.0, 0.809017, 0.309017, 0.5, 0.0, 0.309017, 0.5, -0.809017, 0.0, 0.0, 0.0, 0.0, 1.0 ], [ 0.309017, 0.5, -0.809017, 0.0, -0.5, 0.809017, 0.309017, 0.0, 0.809017, 0.309017, 0.5, 0.0, 0.0, 0.0, 0.0, 1.0 ], [ 0.5, 0.809017, 0.309017, 0.0, 0.809017, -0.309017, -0.5, 0.0, -0.309017, 0.5, -0.809017, 0.0, 0.0, 0.0, 0.0, 1.0 ], [ -0.309017, 0.5, -0.809017, 0.0, 0.5, 0.809017, 0.309017, 0.0, 0.809017, -0.309017, -0.5, 0.0, 0.0, 0.0, 0.0, 1.0 ], [ 0.809017, -0.309017, -0.5, 0.0, -0.309017, 0.5, -0.809017, 0.0, 0.5, 0.809017, 0.309017, 0.0, 0.0, 0.0, 0.0, 1.0 ], [ 0.5, 0.809017, -0.309017, 0.0, 0.809017, -0.309017, 0.5, 0.0, 0.309017, -0.5, -0.809017, 0.0, 0.0, 0.0, 0.0, 1.0 ], [ 0.309017, -0.5, -0.809017, 0.0, 0.5, 0.809017, -0.309017, 0.0, 0.809017, -0.309017, 0.5, 0.0, 0.0, 0.0, 0.0, 1.0 ], [ 0.809017, -0.309017, 0.5, 0.0, 0.309017, -0.5, -0.809017, 0.0, 0.5, 0.809017, -0.309017, 0.0, 0.0, 0.0, 0.0, 1.0 ], [ 0.809017, 0.309017, -0.5, 0.0, 0.309017, 0.5, 0.809017, 0.0, 0.5, -0.809017, 0.309017, 0.0, 0.0, 0.0, 0.0, 1.0 ], [ 0.5, -0.809017, 0.309017, 0.0, 0.809017, 0.309017, -0.5, 0.0, 0.309017, 0.5, 0.809017, 0.0, 0.0, 0.0, 0.0, 1.0 ], [ 0.309017, 0.5, 0.809017, 0.0, 0.5, -0.809017, 0.309017, 0.0, 0.809017, 0.309017, -0.5, 0.0, 0.0, 0.0, 0.0, 1.0 ], [ 1.0, 0.0, 0.0, 0.0, 0.0, -1.0, 0.0, 0.0, 0.0, 0.0, -1.0, 0.0, 0.0, 0.0, 0.0, 1.0 ], [ 0.0, 0.0, 1.0, 0.0, -1.0, 0.0, 0.0, 0.0, 0.0, -1.0, 0.0, 0.0, 0.0, 0.0, 0.0, 1.0 ], [ 0.0, 1.0, 0.0, 0.0, 0.0, 0.0, -1.0, 0.0, -1.0, 0.0, 0.0, 0.0, 0.0, 0.0, 0.0, 1.0 ], [ 0.809017, 0.309017, 0.5, 0.0, -0.309017, -0.5, 0.809017, 0.0, 0.5, -0.809017, -0.309017, 0.0, 0.0, 0.0, 0.0, 1.0 ], [ -0.5, 0.809017, 0.309017, 0.0, -0.809017, -0.309017, -0.5, 0.0, -0.309017, -0.5, 0.809017, 0.0, 0.0, 0.0, 0.0, 1.0 ], [ 0.309017, 0.5, -0.809017, 0.0, 0.5, -0.809017, -0.309017, 0.0, -0.809017, -0.309017, -0.5, 0.0, 0.0, 0.0, 0.0, 1.0 ], [ 0.5, 0.809017, 0.309017, 0.0, -0.809017, 0.309017, 0.5, 0.0, 0.309017, -0.5, 0.809017, 0.0, 0.0, 0.0, 0.0, 1.0 ], [ -0.309017, 0.5, -0.809017, 0.0, -0.5, -0.809017, -0.309017, 0.0, -0.809017, 0.309017, 0.5, 0.0, 0.0, 0.0, 0.0, 1.0 ], [ 0.809017, -0.309017, -0.5, 0.0, 0.309017, -0.5, 0.809017, 0.0, -0.5, -0.809017, -0.309017, 0.0, 0.0, 0.0, 0.0, 1.0 ], [ 0.5, 0.809017, -0.309017, 0.0, -0.809017, 0.309017, -0.5, 0.0, -0.309017, 0.5, 0.809017, 0.0, 0.0, 0.0, 0.0, 1.0 ], [ 0.309017, -0.5, -0.809017, 0.0, -0.5, -0.809017, 0.309017, 0.0, -0.809017, 0.309017, -0.5, 0.0, 0.0, 0.0, 0.0, 1.0 ], [ 0.809017, -0.309017, 0.5, 0.0, -0.309017, 0.5, 0.809017, 0.0, -0.5, -0.809017, 0.309017, 0.0, 0.0, 0.0, 0.0, 1.0 ], [ 0.809017, 0.309017, -0.5, 0.0, -0.309017, -0.5, -0.809017, 0.0, -0.5, 0.809017, -0.309017, 0.0, 0.0, 0.0, 0.0, 1.0 ], [ 0.5, -0.809017, 0.309017, 0.0, -0.809017, -0.309017, 0.5, 0.0, -0.309017, -0.5, -0.809017, 0.0, 0.0, 0.0, 0.0, 1.0 ], [ 0.309017, 0.5, 0.809017, 0.0, -0.5, 0.809017, -0.309017, 0.0, -0.809017, -0.309017, 0.5, 0.0, 0.0, 0.0, 0.0, 1.0 ], [ -1.0, 0.0, 0.0, 0.0, 0.0, -1.0, 0.0, 0.0, 0.0, 0.0, 1.0, 0.0, 0.0, 0.0, 0.0, 1.0 ], [ 0.0, 0.0, -1.0, 0.0, -1.0, 0.0, 0.0, 0.0, 0.0, 1.0, 0.0, 0.0, 0.0, 0.0, 0.0, 1.0 ], [ 0.0, -1.0, 0.0, 0.0, 0.0, 0.0, -1.0, 0.0, 1.0, 0.0, 0.0, 0.0, 0.0, 0.0, 0.0, 1.0 ], [ -0.809017, -0.309017, -0.5, 0.0, -0.309017, -0.5, 0.809017, 0.0, -0.5, 0.809017, 0.309017, 0.0, 0.0, 0.0, 0.0, 1.0 ], [ 0.5, -0.809017, -0.309017, 0.0, -0.809017, -0.309017, -0.5, 0.0, 0.309017, 0.5, -0.809017, 0.0, 0.0, 0.0, 0.0, 1.0 ], [ -0.309017, -0.5, 0.809017, 0.0, 0.5, -0.809017, -0.309017, 0.0, 0.809017, 0.309017, 0.5, 0.0, 0.0, 0.0, 0.0, 1.0 ], [ -0.5, -0.809017, -0.309017, 0.0, -0.809017, 0.309017, 0.5, 0.0, -0.309017, 0.5, -0.809017, 0.0, 0.0, 0.0, 0.0, 1.0 ], [ 0.309017, -0.5, 0.809017, 0.0, -0.5, -0.809017, -0.309017, 0.0, 0.809017, -0.309017, -0.5, 0.0, 0.0, 0.0, 0.0, 1.0 ], [ -0.809017, 0.309017, 0.5, 0.0, 0.309017, -0.5, 0.809017, 0.0, 0.5, 0.809017, 0.309017, 0.0, 0.0, 0.0, 0.0, 1.0 ], [ -0.5, -0.809017, 0.309017, 0.0, -0.809017, 0.309017, -0.5, 0.0, 0.309017, -0.5, -0.809017, 0.0, 0.0, 0.0, 0.0, 1.0 ], [ -0.309017, 0.5, 0.809017, 0.0, -0.5, -0.809017, 0.309017, 0.0, 0.809017, -0.309017, 0.5, 0.0, 0.0, 0.0, 0.0, 1.0 ], [ -0.809017, 0.309017, -0.5, 0.0, -0.309017, 0.5, 0.809017, 0.0, 0.5, 0.809017, -0.309017, 0.0, 0.0, 0.0, 0.0, 1.0 ], [ -0.809017, -0.309017, 0.5, 0.0, -0.309017, -0.5, -0.809017, 0.0, 0.5, -0.809017, 0.309017, 0.0, 0.0, 0.0, 0.0, 1.0 ], [ -0.5, 0.809017, -0.309017, 0.0, -0.809017, -0.309017, 0.5, 0.0, 0.309017, 0.5, 0.809017, 0.0, 0.0, 0.0, 0.0, 1.0 ], [ -0.309017, -0.5, -0.809017, 0.0, -0.5, 0.809017, -0.309017, 0.0, 0.809017, 0.309017, -0.5, 0.0, 0.0, 0.0, 0.0, 1.0 ], [ -1.0, 0.0, 0.0, 0.0, 0.0, 1.0, 0.0, 0.0, 0.0, 0.0, -1.0, 0.0, 0.0, 0.0, 0.0, 1.0 ], [ 0.0, 0.0, -1.0, 0.0, 1.0, 0.0, 0.0, 0.0, 0.0, -1.0, 0.0, 0.0, 0.0, 0.0, 0.0, 1.0 ], [ 0.0, -1.0, 0.0, 0.0, 0.0, 0.0, 1.0, 0.0, -1.0, 0.0, 0.0, 0.0, 0.0, 0.0, 0.0, 1.0 ], [ -0.809017, -0.309017, -0.5, 0.0, 0.309017, 0.5, -0.809017, 0.0, 0.5, -0.809017, -0.309017, 0.0, 0.0, 0.0, 0.0, 1.0 ], [ 0.5, -0.809017, -0.309017, 0.0, 0.809017, 0.309017, 0.5, 0.0, -0.309017, -0.5, 0.809017, 0.0, 0.0, 0.0, 0.0, 1.0 ], [ -0.309017, -0.5, 0.809017, 0.0, -0.5, 0.809017, 0.309017, 0.0, -0.809017, -0.309017, -0.5, 0.0, 0.0, 0.0, 0.0, 1.0 ], [ -0.5, -0.809017, -0.309017, 0.0, 0.809017, -0.309017, -0.5, 0.0, 0.309017, -0.5, 0.809017, 0.0, 0.0, 0.0, 0.0, 1.0 ], [ 0.309017, -0.5, 0.809017, 0.0, 0.5, 0.809017, 0.309017, 0.0, -0.809017, 0.309017, 0.5, 0.0, 0.0, 0.0, 0.0, 1.0 ], [ -0.809017, 0.309017, 0.5, 0.0, -0.309017, 0.5, -0.809017, 0.0, -0.5, -0.809017, -0.309017, 0.0, 0.0, 0.0, 0.0, 1.0 ], [ -0.5, -0.809017, 0.309017, 0.0, 0.809017, -0.309017, 0.5, 0.0, -0.309017, 0.5, 0.809017, 0.0, 0.0, 0.0, 0.0, 1.0 ], [ -0.309017, 0.5, 0.809017, 0.0, 0.5, 0.809017, -0.309017, 0.0, -0.809017, 0.309017, -0.5, 0.0, 0.0, 0.0, 0.0, 1.0 ], [ -0.809017, 0.309017, -0.5, 0.0, 0.309017, -0.5, -0.809017, 0.0, -0.5, -0.809017, 0.309017, 0.0, 0.0, 0.0, 0.0, 1.0 ], [ -0.809017, -0.309017, 0.5, 0.0, 0.309017, 0.5, 0.809017, 0.0, -0.5, 0.809017, -0.309017, 0.0, 0.0, 0.0, 0.0, 1.0 ], [ -0.5, 0.809017, -0.309017, 0.0, 0.809017, 0.309017, -0.5, 0.0, -0.309017, -0.5, -0.809017, 0.0, 0.0, 0.0, 0.0, 1.0 ], [ -0.309017, -0.5, -0.809017, 0.0, 0.5, -0.809017, 0.309017, 0.0, -0.809017, -0.309017, 0.5, 0.0, 0.0, 0.0, 0.0, 1.0 ] ],
  "lights" : {
    "backgroundColor" : "#AFC8DC",
    "ambientColor" : "#292929",
    "directionalLights" : [ {
      "direction" : {
        "x" : 1.0,
        "y" : -1.0,
        "z" : -1.0
      },
      "color" : "#EBEBE4"
    }, {
      "direction" : {
        "x" : -1.0,
        "y" : 0.0,
        "z" : 0.0
      },
      "color" : "#E4E4EB"
    }, {
      "direction" : {
        "x" : 0.0,
        "y" : 0.0,
        "z" : -1.0
      },
      "color" : "#1E1E1E"
    } ]
  },
  "camera" : {
    "fieldOfView" : 0.44262952,
    "lookAtPoint" : {
      "x" : 0.0,
      "y" : 0.0,
      "z" : 0.0
    },
    "perspective" : false,
    "viewDistance" : 595.1893,
    "nearClipDistance" : 1.4879756,
    "farClipDistance" : 1190.3767,
    "lookDirection" : {
      "x" : -0.58149874,
      "y" : 0.5765767,
      "z" : -0.57394916
    },
    "upDirection" : {
      "x" : -0.5312269,
      "y" : -0.8034275,
      "z" : -0.26889116
    },
    "stereo" : false,
    "width" : 267.83557,
    "position" : {
      "x" : 346.1018,
      "y" : -343.17227,
      "z" : 341.60837
    }
  },
  "embedding" : [ 1.0, 0.0, 0.0, 0.0, 0.0, 1.0, 0.0, 0.0, 0.0, 0.0, 1.0, 0.0, 0.0, 0.0, 0.0, 1.0 ],
  "shapes" : [ {
    "id" : "9174130c-5d5e-4ddc-8324-b606fbd967d5",
    "vertices" : [ {
      "x" : 1.0,
      "y" : 0.309017,
      "z" : 0.19098301
    }, {
      "x" : 1.0,
      "y" : -0.309017,
      "z" : 0.19098301
    }, {
      "x" : 30.416409,
      "y" : -0.309017,
      "z" : 0.19098301
    }, {
      "x" : 30.416409,
      "y" : 0.309017,
      "z" : 0.19098301
    }, {
      "x" : 30.416409,
      "y" : -0.309017,
      "z" : -0.19098301
    }, {
      "x" : 30.416409,
      "y" : 0.309017,
      "z" : -0.19098301
    }, {
      "x" : 31.034441,
      "y" : 0.0,
      "z" : 0.0
    }, {
      "x" : 0.38196602,
      "y" : 0.0,
      "z" : 0.0
    }, {
      "x" : 1.0,
      "y" : 0.309017,
      "z" : -0.19098301
    }, {
      "x" : 1.0,
      "y" : -0.309017,
      "z" : -0.19098301
    }, {
      "x" : 31.416409,
      "y" : 0.0,
      "z" : 0.0
    } ],
    "faces" : [ {
      "vertices" : [ 1, 9, 4 ]
    }, {
      "vertices" : [ 1, 4, 2 ]
    }, {
      "vertices" : [ 0, 3, 5 ]
    }, {
      "vertices" : [ 0, 5, 8 ]
    }, {
      "vertices" : [ 1, 7, 9 ]
    }, {
      "vertices" : [ 0, 1, 2 ]
    }, {
      "vertices" : [ 0, 2, 3 ]
    }, {
      "vertices" : [ 7, 8, 9 ]
    }, {
      "vertices" : [ 0, 7, 1 ]
    }, {
      "vertices" : [ 4, 9, 8 ]
    }, {
      "vertices" : [ 4, 8, 5 ]
    }, {
      "vertices" : [ 2, 6, 3 ]
    }, {
      "vertices" : [ 2, 4, 6 ]
    }, {
      "vertices" : [ 3, 6, 5 ]
    }, {
      "vertices" : [ 4, 5, 6 ]
    }, {
      "vertices" : [ 0, 8, 7 ]
    } ]
  }, {
    "id" : "0bc897bb-f9e6-4524-ba04-d5d3f9d509ca",
    "vertices" : [ {
      "x" : 0.309017,
      "y" : -0.309017,
      "z" : -0.309017
    }, {
      "x" : 0.5,
      "y" : 0.0,
      "z" : -0.19098301
    }, {
      "x" : 0.5,
      "y" : 0.0,
      "z" : 0.19098301
    }, {
      "x" : 0.309017,
      "y" : -0.309017,
      "z" : 0.309017
    }, {
      "x" : 0.19098301,
      "y" : -0.5,
      "z" : 0.0
    }, {
      "x" : 0.0,
      "y" : 0.19098301,
      "z" : 0.5
    }, {
      "x" : 0.0,
      "y" : -0.19098301,
      "z" : 0.5
    }, {
      "x" : 0.309017,
      "y" : 0.309017,
      "z" : 0.309017
    }, {
      "x" : -0.309017,
      "y" : -0.309017,
      "z" : 0.309017
    }, {
      "x" : -0.309017,
      "y" : 0.309017,
      "z" : 0.309017
    }, {
      "x" : -0.5,
      "y" : 0.0,
      "z" : 0.19098301
    }, {
      "x" : 0.0,
      "y" : -0.19098301,
      "z" : -0.5
    }, {
      "x" : 0.0,
      "y" : 0.19098301,
      "z" : -0.5
    }, {
      "x" : 0.309017,
      "y" : 0.309017,
      "z" : -0.309017
    }, {
      "x" : -0.309017,
      "y" : -0.309017,
      "z" : -0.309017
    }, {
      "x" : -0.19098301,
      "y" : -0.5,
      "z" : 0.0
    }, {
      "x" : -0.5,
      "y" : 0.0,
      "z" : -0.19098301
    }, {
      "x" : 0.19098301,
      "y" : 0.5,
      "z" : 0.0
    }, {
      "x" : -0.309017,
      "y" : 0.309017,
      "z" : -0.309017
    }, {
      "x" : 0.0,
      "y" : 0.0,
      "z" : 0.0
    }, {
      "x" : -0.19098301,
      "y" : 0.5,
      "z" : 0.0
    } ],
    "faces" : [ {
      "vertices" : [ 12, 18, 20 ]
    }, {
      "vertices" : [ 12, 20, 17 ]
    }, {
      "vertices" : [ 12, 17, 13 ]
    }, {
      "vertices" : [ 3, 6, 8 ]
    }, {
      "vertices" : [ 3, 8, 15 ]
    }, {
      "vertices" : [ 3, 15, 4 ]
    }, {
      "vertices" : [ 0, 11, 12 ]
    }, {
      "vertices" : [ 0, 12, 13 ]
    }, {
      "vertices" : [ 0, 13, 1 ]
    }, {
      "vertices" : [ 5, 9, 10 ]
    }, {
      "vertices" : [ 5, 10, 8 ]
    }, {
      "vertices" : [ 5, 8, 6 ]
    }, {
      "vertices" : [ 2, 7, 5 ]
    }, {
      "vertices" : [ 2, 5, 6 ]
    }, {
      "vertices" : [ 2, 6, 3 ]
    }, {
      "vertices" : [ 11, 14, 16 ]
    }, {
      "vertices" : [ 11, 16, 18 ]
    }, {
      "vertices" : [ 11, 18, 12 ]
    }, {
      "vertices" : [ 1, 13, 17 ]
    }, {
      "vertices" : [ 1, 17, 7 ]
    }, {
      "vertices" : [ 1, 7, 2 ]
    }, {
      "vertices" : [ 9, 20, 18 ]
    }, {
      "vertices" : [ 9, 18, 16 ]
    }, {
      "vertices" : [ 9, 16, 10 ]
    }, {
      "vertices" : [ 0, 1, 2 ]
    }, {
      "vertices" : [ 0, 2, 3 ]
    }, {
      "vertices" : [ 0, 3, 4 ]
    }, {
      "vertices" : [ 5, 7, 17 ]
    }, {
      "vertices" : [ 5, 17, 20 ]
    }, {
      "vertices" : [ 5, 20, 9 ]
    }, {
      "vertices" : [ 0, 4, 15 ]
    }, {
      "vertices" : [ 0, 15, 14 ]
    }, {
      "vertices" : [ 0, 14, 11 ]
    }, {
      "vertices" : [ 8, 10, 16 ]
    }, {
      "vertices" : [ 8, 16, 14 ]
    }, {
      "vertices" : [ 8, 14, 15 ]
    } ]
  }, {
    "id" : "2ec0bff0-d2af-4485-83c8-062ade81a77f",
    "vertices" : [ {
      "x" : -20.666494,
      "y" : 20.399828,
      "z" : -9.983247
    }, {
      "x" : -20.566494,
      "y" : 20.299828,
      "z" : -10.383247
    }, {
      "x" : -0.2777778,
      "y" : 0.54444444,
      "z" : -0.4888889
    }, {
      "x" : -0.37777779,
      "y" : 0.64444447,
      "z" : -0.08888889
    }, {
      "x" : -20.33316,
      "y" : 20.599827,
      "z" : -10.516581
    }, {
      "x" : -20.43316,
      "y" : 20.699827,
      "z" : -10.11658
    }, {
      "x" : -0.6111111,
      "y" : 0.34444445,
      "z" : 0.044444446
    }, {
      "x" : -0.51111114,
      "y" : 0.24444444,
      "z" : -0.35555556
    } ],
    "faces" : [ {
      "vertices" : [ 2, 3, 6 ]
    }, {
      "vertices" : [ 2, 6, 7 ]
    }, {
      "vertices" : [ 0, 5, 4 ]
    }, {
      "vertices" : [ 0, 4, 1 ]
    }, {
      "vertices" : [ 2, 4, 5 ]
    }, {
      "vertices" : [ 2, 5, 3 ]
    }, {
      "vertices" : [ 0, 6, 3 ]
    }, {
      "vertices" : [ 0, 3, 5 ]
    }, {
      "vertices" : [ 0, 1, 7 ]
    }, {
      "vertices" : [ 0, 7, 6 ]
    }, {
      "vertices" : [ 1, 4, 2 ]
    }, {
      "vertices" : [ 1, 2, 7 ]
    } ]
  }, {
    "id" : "1ffa2784-c9de-4736-aa07-06cecc378335",
    "vertices" : [ {
      "x" : 26.18034,
      "y" : -26.18034,
      "z" : 36.652477
    }, {
      "x" : 15.708204,
      "y" : -47.12461,
      "z" : 15.708204
    }, {
      "x" : -5.236068,
      "y" : -26.18034,
      "z" : 5.236068
    }, {
      "x" : 5.236068,
      "y" : -5.236068,
      "z" : 26.18034
    } ],
    "faces" : [ {
      "vertices" : [ 0, 1, 2 ]
    }, {
      "vertices" : [ 0, 2, 3 ]
    }, {
      "vertices" : [ 0, 3, 2 ]
    }, {
      "vertices" : [ 0, 2, 1 ]
    } ]
  }, {
    "id" : "bbf9906a-7425-438d-b0a7-3973d0901b1d",
    "vertices" : [ {
      "x" : -15.708204,
      "y" : -47.12461,
      "z" : 15.708204
    }, {
      "x" : 15.708204,
      "y" : -47.12461,
      "z" : 15.708204
    }, {
      "x" : 15.708204,
      "y" : -15.708204,
      "z" : 15.708204
    }, {
      "x" : -15.708204,
      "y" : -15.708204,
      "z" : 15.708204
    } ],
    "faces" : [ {
      "vertices" : [ 0, 1, 2 ]
    }, {
      "vertices" : [ 0, 2, 3 ]
    }, {
      "vertices" : [ 0, 3, 2 ]
    }, {
      "vertices" : [ 0, 2, 1 ]
    } ]
  }, {
    "id" : "fee62928-a114-42d5-8c81-d26d15b637d2",
    "vertices" : [ {
      "x" : -26.18034,
      "y" : 57.59675,
      "z" : 5.236068
    }, {
      "x" : -15.708204,
      "y" : 47.12461,
      "z" : 15.708204
    }, {
      "x" : -26.18034,
      "y" : 36.652477,
      "z" : 26.18034
    }, {
      "x" : -36.652477,
      "y" : 36.652477,
      "z" : 26.18034
    }, {
      "x" : -47.12461,
      "y" : 47.12461,
      "z" : 15.708204
    }, {
      "x" : -36.652477,
      "y" : 57.59675,
      "z" : 5.236068
    } ],
    "faces" : [ {
      "vertices" : [ 0, 1, 2 ]
    }, {
      "vertices" : [ 0, 2, 3 ]
    }, {
      "vertices" : [ 0, 3, 4 ]
    }, {
      "vertices" : [ 0, 4, 5 ]
    }, {
      "vertices" : [ 0, 5, 4 ]
    }, {
      "vertices" : [ 0, 4, 3 ]
    }, {
      "vertices" : [ 0, 3, 2 ]
    }, {
      "vertices" : [ 0, 2, 1 ]
    } ]
  }, {
    "id" : "15e534a4-927c-4080-889b-f778345047f5",
    "vertices" : [ {
      "x" : 26.18034,
      "y" : 57.59675,
      "z" : -5.236068
    }, {
      "x" : 47.12461,
      "y" : 47.12461,
      "z" : 15.708204
    }, {
      "x" : 26.18034,
      "y" : 26.18034,
      "z" : 26.18034
    }, {
      "x" : 5.236068,
      "y" : 36.652477,
      "z" : 5.236068
    } ],
    "faces" : [ {
      "vertices" : [ 0, 1, 2 ]
    }, {
      "vertices" : [ 0, 2, 3 ]
    }, {
      "vertices" : [ 0, 3, 2 ]
    }, {
      "vertices" : [ 0, 2, 1 ]
    } ]
  }, {
    "id" : "5c936f68-df73-42a2-9800-53634dcb9be0",
    "vertices" : [ {
      "x" : 26.18034,
      "y" : -57.59675,
      "z" : 5.236068
    }, {
      "x" : 47.12461,
      "y" : -47.12461,
      "z" : -15.708204
    }, {
      "x" : 26.18034,
      "y" : -26.18034,
      "z" : -26.18034
    }, {
      "x" : 5.236068,
      "y" : -36.652477,
      "z" : -5.236068
    } ],
    "faces" : [ {
      "vertices" : [ 0, 1, 2 ]
    }, {
      "vertices" : [ 0, 2, 3 ]
    }, {
      "vertices" : [ 0, 3, 2 ]
    }, {
      "vertices" : [ 0, 2, 1 ]
    } ]
  }, {
    "id" : "b91449f1-aa28-4410-a592-59afe817f595",
    "vertices" : [ {
      "x" : -57.59675,
      "y" : -5.236068,
      "z" : -36.652477
    }, {
      "x" : -57.59675,
      "y" : -5.236068,
      "z" : -26.18034
    }, {
      "x" : -57.59675,
      "y" : 5.236068,
      "z" : -26.18034
    }, {
      "x" : -57.59675,
      "y" : 5.236068,
      "z" : -36.652477
    } ],
    "faces" : [ {
      "vertices" : [ 0, 1, 2 ]
    }, {
      "vertices" : [ 0, 2, 3 ]
    }, {
      "vertices" : [ 0, 3, 2 ]
    }, {
      "vertices" : [ 0, 2, 1 ]
    } ]
  }, {
    "id" : "ced5a10b-6196-43df-b420-44043a3afc37",
    "vertices" : [ {
      "x" : 26.18034,
      "y" : -5.236068,
      "z" : 57.59675
    }, {
      "x" : 47.12461,
      "y" : 15.708204,
      "z" : 47.12461
    }, {
      "x" : 57.59675,
      "y" : -5.236068,
      "z" : 26.18034
    }, {
      "x" : 36.652477,
      "y" : -26.18034,
      "z" : 36.652477
    } ],
    "faces" : [ {
      "vertices" : [ 0, 1, 2 ]
    }, {
      "vertices" : [ 0, 2, 3 ]
    }, {
      "vertices" : [ 0, 3, 2 ]
    }, {
      "vertices" : [ 0, 2, 1 ]
    } ]
  }, {
    "id" : "0f6f6a74-efd7-4e1b-8d8e-1c759b7cf1dc",
    "vertices" : [ {
      "x" : 26.18034,
      "y" : 26.18034,
      "z" : -26.18034
    }, {
      "x" : 47.12461,
      "y" : 47.12461,
      "z" : -15.708204
    }, {
      "x" : 26.18034,
      "y" : 57.59675,
      "z" : 5.236068
    }, {
      "x" : 5.236068,
      "y" : 36.652477,
      "z" : -5.236068
    } ],
    "faces" : [ {
      "vertices" : [ 0, 1, 2 ]
    }, {
      "vertices" : [ 0, 2, 3 ]
    }, {
      "vertices" : [ 0, 3, 2 ]
    }, {
      "vertices" : [ 0, 2, 1 ]
    } ]
  }, {
    "id" : "d1772c7e-71d6-4075-acc4-d25730a46f2e",
    "vertices" : [ {
      "x" : 26.18034,
      "y" : -5.236068,
      "z" : -5.236068
    }, {
      "x" : 47.12461,
      "y" : -15.708204,
      "z" : 15.708204
    }, {
      "x" : 26.18034,
      "y" : -36.652477,
      "z" : 26.18034
    }, {
      "x" : 5.236068,
      "y" : -26.18034,
      "z" : 5.236068
    } ],
    "faces" : [ {
      "vertices" : [ 0, 1, 2 ]
    }, {
      "vertices" : [ 0, 2, 3 ]
    }, {
      "vertices" : [ 0, 3, 2 ]
    }, {
      "vertices" : [ 0, 2, 1 ]
    } ]
  }, {
    "id" : "0d11e7f7-22d2-4352-ac00-d47b457758f0",
    "vertices" : [ {
      "x" : -36.652477,
      "y" : 57.59675,
      "z" : 5.236068
    }, {
      "x" : -15.708204,
      "y" : 47.12461,
      "z" : -15.708204
    }, {
      "x" : -36.652477,
      "y" : 26.18034,
      "z" : -26.18034
    }, {
      "x" : -57.59675,
      "y" : 36.652477,
      "z" : -5.236068
    } ],
    "faces" : [ {
      "vertices" : [ 0, 1, 2 ]
    }, {
      "vertices" : [ 0, 2, 3 ]
    }, {
      "vertices" : [ 0, 3, 2 ]
    }, {
      "vertices" : [ 0, 2, 1 ]
    } ]
  }, {
    "id" : "609a54e2-ef44-46fd-a78d-ae26d15f6885",
    "vertices" : [ {
      "x" : 5.236068,
      "y" : -26.18034,
      "z" : -5.236068
    }, {
      "x" : -15.708204,
      "y" : -15.708204,
      "z" : 15.708204
    }, {
      "x" : -26.18034,
      "y" : 5.236068,
      "z" : -5.236068
    }, {
      "x" : -5.236068,
      "y" : -5.236068,
      "z" : -26.18034
    } ],
    "faces" : [ {
      "vertices" : [ 0, 1, 2 ]
    }, {
      "vertices" : [ 0, 2, 3 ]
    }, {
      "vertices" : [ 0, 3, 2 ]
    }, {
      "vertices" : [ 0, 2, 1 ]
    } ]
  }, {
    "id" : "2bd9e20a-72fb-474d-bcc3-a33b254d1320",
    "vertices" : [ {
      "x" : -47.12461,
      "y" : -15.708204,
      "z" : 15.708204
    }, {
      "x" : -15.708204,
      "y" : -15.708204,
      "z" : 15.708204
    }, {
      "x" : -15.708204,
      "y" : 15.708204,
      "z" : 15.708204
    }, {
      "x" : -47.12461,
      "y" : 15.708204,
      "z" : 15.708204
    } ],
    "faces" : [ {
      "vertices" : [ 0, 1, 2 ]
    }, {
      "vertices" : [ 0, 2, 3 ]
    }, {
      "vertices" : [ 0, 3, 2 ]
    }, {
      "vertices" : [ 0, 2, 1 ]
    } ]
  }, {
    "id" : "d7a31681-c87c-41b5-bf90-5e6839348ba4",
    "vertices" : [ {
      "x" : 26.18034,
      "y" : -36.652477,
      "z" : 26.18034
    }, {
      "x" : 26.18034,
      "y" : -26.18034,
      "z" : 26.18034
    }, {
      "x" : 36.652477,
      "y" : -26.18034,
      "z" : 26.18034
    }, {
      "x" : 36.652477,
      "y" : -36.652477,
      "z" : 26.18034
    } ],
    "faces" : [ {
      "vertices" : [ 0, 1, 2 ]
    }, {
      "vertices" : [ 0, 2, 3 ]
    }, {
      "vertices" : [ 0, 3, 2 ]
    }, {
      "vertices" : [ 0, 2, 1 ]
    } ]
  }, {
    "id" : "168f5bd5-794b-4482-aae7-ceff9b53d62c",
    "vertices" : [ {
      "x" : 26.18034,
      "y" : -36.652477,
      "z" : 36.652477
    }, {
      "x" : 15.708204,
      "y" : -47.12461,
      "z" : 47.12461
    }, {
      "x" : 5.236068,
      "y" : -57.59675,
      "z" : 36.652477
    }, {
      "x" : 5.236068,
      "y" : -57.59675,
      "z" : 26.18034
    }, {
      "x" : 15.708204,
      "y" : -47.12461,
      "z" : 15.708204
    }, {
      "x" : 26.18034,
      "y" : -36.652477,
      "z" : 26.18034
    } ],
    "faces" : [ {
      "vertices" : [ 0, 1, 2 ]
    }, {
      "vertices" : [ 0, 2, 3 ]
    }, {
      "vertices" : [ 0, 3, 4 ]
    }, {
      "vertices" : [ 0, 4, 5 ]
    }, {
      "vertices" : [ 0, 5, 4 ]
    }, {
      "vertices" : [ 0, 4, 3 ]
    }, {
      "vertices" : [ 0, 3, 2 ]
    }, {
      "vertices" : [ 0, 2, 1 ]
    } ]
  }, {
    "id" : "8ed3339c-9e4f-4e91-9c6a-c688abd16f55",
    "vertices" : [ {
      "x" : -57.59675,
      "y" : 5.236068,
      "z" : 26.18034
    }, {
      "x" : -47.12461,
      "y" : -15.708204,
      "z" : 47.12461
    }, {
      "x" : -26.18034,
      "y" : 5.236068,
      "z" : 57.59675
    }, {
      "x" : -36.652477,
      "y" : 26.18034,
      "z" : 36.652477
    } ],
    "faces" : [ {
      "vertices" : [ 0, 1, 2 ]
    }, {
      "vertices" : [ 0, 2, 3 ]
    }, {
      "vertices" : [ 0, 3, 2 ]
    }, {
      "vertices" : [ 0, 2, 1 ]
    } ]
  }, {
    "id" : "f577fa31-39a7-4337-be1d-44831567e4f5",
    "vertices" : [ {
      "x" : -26.18034,
      "y" : 57.59675,
      "z" : -5.236068
    }, {
      "x" : -47.12461,
      "y" : 47.12461,
      "z" : 15.708204
    }, {
      "x" : -26.18034,
      "y" : 26.18034,
      "z" : 26.18034
    }, {
      "x" : -5.236068,
      "y" : 36.652477,
      "z" : 5.236068
    } ],
    "faces" : [ {
      "vertices" : [ 0, 1, 2 ]
    }, {
      "vertices" : [ 0, 2, 3 ]
    }, {
      "vertices" : [ 0, 3, 2 ]
    }, {
      "vertices" : [ 0, 2, 1 ]
    } ]
  }, {
    "id" : "4cab218b-e50a-4e0e-86ff-a249c67088a8",
    "vertices" : [ {
      "x" : 57.59675,
      "y" : -5.236068,
      "z" : 36.652477
    }, {
      "x" : 47.12461,
      "y" : 15.708204,
      "z" : 15.708204
    }, {
      "x" : 26.18034,
      "y" : -5.236068,
      "z" : 5.236068
    }, {
      "x" : 36.652477,
      "y" : -26.18034,
      "z" : 26.18034
    } ],
    "faces" : [ {
      "vertices" : [ 0, 1, 2 ]
    }, {
      "vertices" : [ 0, 2, 3 ]
    }, {
      "vertices" : [ 0, 3, 2 ]
    }, {
      "vertices" : [ 0, 2, 1 ]
    } ]
  }, {
    "id" : "7692f143-befc-48fa-8628-856e3d91b788",
    "vertices" : [ {
      "x" : 57.59675,
      "y" : 5.236068,
      "z" : -36.652477
    }, {
      "x" : 47.12461,
      "y" : -15.708204,
      "z" : -15.708204
    }, {
      "x" : 26.18034,
      "y" : 5.236068,
      "z" : -5.236068
    }, {
      "x" : 36.652477,
      "y" : 26.18034,
      "z" : -26.18034
    } ],
    "faces" : [ {
      "vertices" : [ 0, 1, 2 ]
    }, {
      "vertices" : [ 0, 2, 3 ]
    }, {
      "vertices" : [ 0, 3, 2 ]
    }, {
      "vertices" : [ 0, 2, 1 ]
    } ]
  }, {
    "id" : "878766b5-31cf-489e-aa78-1bbf20d748f3",
    "vertices" : [ {
      "x" : 5.236068,
      "y" : 36.652477,
      "z" : -5.236068
    }, {
      "x" : 15.708204,
      "y" : 47.12461,
      "z" : -15.708204
    }, {
      "x" : 26.18034,
      "y" : 57.59675,
      "z" : -5.236068
    }, {
      "x" : 26.18034,
      "y" : 57.59675,
      "z" : 5.236068
    }, {
      "x" : 15.708204,
      "y" : 47.12461,
      "z" : 15.708204
    }, {
      "x" : 5.236068,
      "y" : 36.652477,
      "z" : 5.236068
    } ],
    "faces" : [ {
      "vertices" : [ 0, 1, 2 ]
    }, {
      "vertices" : [ 0, 2, 3 ]
    }, {
      "vertices" : [ 0, 3, 4 ]
    }, {
      "vertices" : [ 0, 4, 5 ]
    }, {
      "vertices" : [ 0, 5, 4 ]
    }, {
      "vertices" : [ 0, 4, 3 ]
    }, {
      "vertices" : [ 0, 3, 2 ]
    }, {
      "vertices" : [ 0, 2, 1 ]
    } ]
  }, {
    "id" : "069b952e-bd3b-42b5-8a25-f8b95e77eff1",
    "vertices" : [ {
      "x" : 5.236068,
      "y" : 57.59675,
      "z" : 26.18034
    }, {
      "x" : -15.708204,
      "y" : 47.12461,
      "z" : 47.12461
    }, {
      "x" : 5.236068,
      "y" : 26.18034,
      "z" : 57.59675
    }, {
      "x" : 26.18034,
      "y" : 36.652477,
      "z" : 36.652477
    } ],
    "faces" : [ {
      "vertices" : [ 0, 1, 2 ]
    }, {
      "vertices" : [ 0, 2, 3 ]
    }, {
      "vertices" : [ 0, 3, 2 ]
    }, {
      "vertices" : [ 0, 2, 1 ]
    } ]
  }, {
    "id" : "975de614-3324-4a53-bbb4-148cc8645d14",
    "vertices" : [ {
      "x" : 26.18034,
      "y" : -57.59675,
      "z" : 5.236068
    }, {
      "x" : 36.652477,
      "y" : -57.59675,
      "z" : 5.236068
    }, {
      "x" : 36.652477,
      "y" : -57.59675,
      "z" : -5.236068
    }, {
      "x" : 26.18034,
      "y" : -57.59675,
      "z" : -5.236068
    } ],
    "faces" : [ {
      "vertices" : [ 0, 1, 2 ]
    }, {
      "vertices" : [ 0, 2, 3 ]
    }, {
      "vertices" : [ 0, 3, 2 ]
    }, {
      "vertices" : [ 0, 2, 1 ]
    } ]
  }, {
    "id" : "6414fe98-2e2b-444d-858e-86fc54c5c999",
    "vertices" : [ {
      "x" : 15.708204,
      "y" : -47.12461,
      "z" : -47.12461
    }, {
      "x" : -15.708204,
      "y" : -47.12461,
      "z" : -47.12461
    }, {
      "x" : -15.708204,
      "y" : -15.708204,
      "z" : -47.12461
    }, {
      "x" : 15.708204,
      "y" : -15.708204,
      "z" : -47.12461
    } ],
    "faces" : [ {
      "vertices" : [ 0, 1, 2 ]
    }, {
      "vertices" : [ 0, 2, 3 ]
    }, {
      "vertices" : [ 0, 3, 2 ]
    }, {
      "vertices" : [ 0, 2, 1 ]
    } ]
  }, {
    "id" : "2afb5fcd-2e0f-4f84-b50d-c4855010df2a",
    "vertices" : [ {
      "x" : 57.59675,
      "y" : 5.236068,
      "z" : 36.652477
    }, {
      "x" : 57.59675,
      "y" : -5.236068,
      "z" : 36.652477
    }, {
      "x" : 47.12461,
      "y" : -15.708204,
      "z" : 47.12461
    }, {
      "x" : 36.652477,
      "y" : -5.236068,
      "z" : 57.59675
    }, {
      "x" : 36.652477,
      "y" : 5.236068,
      "z" : 57.59675
    }, {
      "x" : 47.12461,
      "y" : 15.708204,
      "z" : 47.12461
    } ],
    "faces" : [ {
      "vertices" : [ 0, 1, 2 ]
    }, {
      "vertices" : [ 0, 2, 3 ]
    }, {
      "vertices" : [ 0, 3, 4 ]
    }, {
      "vertices" : [ 0, 4, 5 ]
    }, {
      "vertices" : [ 0, 5, 4 ]
    }, {
      "vertices" : [ 0, 4, 3 ]
    }, {
      "vertices" : [ 0, 3, 2 ]
    }, {
      "vertices" : [ 0, 2, 1 ]
    } ]
  }, {
    "id" : "2d59c401-17ca-41c2-a5b5-44f5ce3bfbd8",
    "vertices" : [ {
      "x" : -26.18034,
      "y" : 36.652477,
      "z" : 26.18034
    }, {
      "x" : -15.708204,
      "y" : 15.708204,
      "z" : 47.12461
    }, {
      "x" : 5.236068,
      "y" : 36.652477,
      "z" : 57.59675
    }, {
      "x" : -5.236068,
      "y" : 57.59675,
      "z" : 36.652477
    } ],
    "faces" : [ {
      "vertices" : [ 0, 1, 2 ]
    }, {
      "vertices" : [ 0, 2, 3 ]
    }, {
      "vertices" : [ 0, 3, 2 ]
    }, {
      "vertices" : [ 0, 2, 1 ]
    } ]
  }, {
    "id" : "7f251562-cb2c-4272-875f-6041a529e253",
    "vertices" : [ {
      "x" : -5.236068,
      "y" : 36.652477,
      "z" : 5.236068
    }, {
      "x" : -15.708204,
      "y" : 47.12461,
      "z" : 15.708204
    }, {
      "x" : -5.236068,
      "y" : 57.59675,
      "z" : 26.18034
    }, {
      "x" : 5.236068,
      "y" : 57.59675,
      "z" : 26.18034
    }, {
      "x" : 15.708204,
      "y" : 47.12461,
      "z" : 15.708204
    }, {
      "x" : 5.236068,
      "y" : 36.652477,
      "z" : 5.236068
    } ],
    "faces" : [ {
      "vertices" : [ 0, 1, 2 ]
    }, {
      "vertices" : [ 0, 2, 3 ]
    }, {
      "vertices" : [ 0, 3, 4 ]
    }, {
      "vertices" : [ 0, 4, 5 ]
    }, {
      "vertices" : [ 0, 5, 4 ]
    }, {
      "vertices" : [ 0, 4, 3 ]
    }, {
      "vertices" : [ 0, 3, 2 ]
    }, {
      "vertices" : [ 0, 2, 1 ]
    } ]
  }, {
    "id" : "27409943-565f-4a40-b2fe-4b298604eb1a",
    "vertices" : [ {
      "x" : 15.708204,
      "y" : -15.708204,
      "z" : -47.12461
    }, {
      "x" : 47.12461,
      "y" : -15.708204,
      "z" : -47.12461
    }, {
      "x" : 47.12461,
      "y" : -15.708204,
      "z" : -15.708204
    }, {
      "x" : 15.708204,
      "y" : -15.708204,
      "z" : -15.708204
    } ],
    "faces" : [ {
      "vertices" : [ 0, 1, 2 ]
    }, {
      "vertices" : [ 0, 2, 3 ]
    }, {
      "vertices" : [ 0, 3, 2 ]
    }, {
      "vertices" : [ 0, 2, 1 ]
    } ]
  }, {
    "id" : "08792670-4c6b-4d15-86bb-28849e3f9928",
    "vertices" : [ {
      "x" : -36.652477,
      "y" : 36.652477,
      "z" : -26.18034
    }, {
      "x" : -15.708204,
      "y" : 15.708204,
      "z" : -15.708204
    }, {
      "x" : -36.652477,
      "y" : 5.236068,
      "z" : 5.236068
    }, {
      "x" : -57.59675,
      "y" : 26.18034,
      "z" : -5.236068
    } ],
    "faces" : [ {
      "vertices" : [ 0, 1, 2 ]
    }, {
      "vertices" : [ 0, 2, 3 ]
    }, {
      "vertices" : [ 0, 3, 2 ]
    }, {
      "vertices" : [ 0, 2, 1 ]
    } ]
  }, {
    "id" : "e6189c66-affa-4e56-849b-6e9a04ceeaa3",
    "vertices" : [ {
      "x" : 15.708204,
      "y" : -47.12461,
      "z" : -15.708204
    }, {
      "x" : 15.708204,
      "y" : -15.708204,
      "z" : -15.708204
    }, {
      "x" : 47.12461,
      "y" : -15.708204,
      "z" : -15.708204
    }, {
      "x" : 47.12461,
      "y" : -47.12461,
      "z" : -15.708204
    } ],
    "faces" : [ {
      "vertices" : [ 0, 1, 2 ]
    }, {
      "vertices" : [ 0, 2, 3 ]
    }, {
      "vertices" : [ 0, 3, 2 ]
    }, {
      "vertices" : [ 0, 2, 1 ]
    } ]
  }, {
    "id" : "8ff58268-d6dc-4670-91b2-56926608524f",
    "vertices" : [ {
      "x" : -47.12461,
      "y" : 15.708204,
      "z" : -15.708204
    }, {
      "x" : -47.12461,
      "y" : 15.708204,
      "z" : 15.708204
    }, {
      "x" : -15.708204,
      "y" : 15.708204,
      "z" : 15.708204
    }, {
      "x" : -15.708204,
      "y" : 15.708204,
      "z" : -15.708204
    } ],
    "faces" : [ {
      "vertices" : [ 0, 1, 2 ]
    }, {
      "vertices" : [ 0, 2, 3 ]
    }, {
      "vertices" : [ 0, 3, 2 ]
    }, {
      "vertices" : [ 0, 2, 1 ]
    } ]
  }, {
    "id" : "936cf61f-1d2d-4bb9-9d6b-fff46dcd7f3d",
    "vertices" : [ {
      "x" : 36.652477,
      "y" : -26.18034,
      "z" : -36.652477
    }, {
      "x" : 15.708204,
      "y" : -15.708204,
      "z" : -15.708204
    }, {
      "x" : 36.652477,
      "y" : 5.236068,
      "z" : -5.236068
    }, {
      "x" : 57.59675,
      "y" : -5.236068,
      "z" : -26.18034
    } ],
    "faces" : [ {
      "vertices" : [ 0, 1, 2 ]
    }, {
      "vertices" : [ 0, 2, 3 ]
    }, {
      "vertices" : [ 0, 3, 2 ]
    }, {
      "vertices" : [ 0, 2, 1 ]
    } ]
  }, {
    "id" : "c9528c53-9df7-4dab-ab57-6747b751fe74",
    "vertices" : [ {
      "x" : -26.18034,
      "y" : 26.18034,
      "z" : -36.652477
    }, {
      "x" : -47.12461,
      "y" : 15.708204,
      "z" : -15.708204
    }, {
      "x" : -26.18034,
      "y" : -5.236068,
      "z" : -5.236068
    }, {
      "x" : -5.236068,
      "y" : 5.236068,
      "z" : -26.18034
    } ],
    "faces" : [ {
      "vertices" : [ 0, 1, 2 ]
    }, {
      "vertices" : [ 0, 2, 3 ]
    }, {
      "vertices" : [ 0, 3, 2 ]
    }, {
      "vertices" : [ 0, 2, 1 ]
    } ]
  }, {
    "id" : "f47aa58f-f6cb-4ed2-8126-4d7fed362d97",
    "vertices" : [ {
      "x" : 36.652477,
      "y" : -26.18034,
      "z" : -26.18034
    }, {
      "x" : 15.708204,
      "y" : -15.708204,
      "z" : -47.12461
    }, {
      "x" : 5.236068,
      "y" : 5.236068,
      "z" : -26.18034
    }, {
      "x" : 26.18034,
      "y" : -5.236068,
      "z" : -5.236068
    } ],
    "faces" : [ {
      "vertices" : [ 0, 1, 2 ]
    }, {
      "vertices" : [ 0, 2, 3 ]
    }, {
      "vertices" : [ 0, 3, 2 ]
    }, {
      "vertices" : [ 0, 2, 1 ]
    } ]
  }, {
    "id" : "5f59f34d-a91f-4375-a3f0-2ebc56274be8",
    "vertices" : [ {
      "x" : -36.652477,
      "y" : -26.18034,
      "z" : 26.18034
    }, {
      "x" : -15.708204,
      "y" : -47.12461,
      "z" : 15.708204
    }, {
      "x" : -5.236068,
      "y" : -26.18034,
      "z" : -5.236068
    }, {
      "x" : -26.18034,
      "y" : -5.236068,
      "z" : 5.236068
    } ],
    "faces" : [ {
      "vertices" : [ 0, 1, 2 ]
    }, {
      "vertices" : [ 0, 2, 3 ]
    }, {
      "vertices" : [ 0, 3, 2 ]
    }, {
      "vertices" : [ 0, 2, 1 ]
    } ]
  }, {
    "id" : "5015450d-9066-4788-b549-7a9f16729348",
    "vertices" : [ {
      "x" : 36.652477,
      "y" : 36.652477,
      "z" : 26.18034
    }, {
      "x" : 15.708204,
      "y" : 15.708204,
      "z" : 15.708204
    }, {
      "x" : 5.236068,
      "y" : 36.652477,
      "z" : -5.236068
    }, {
      "x" : 26.18034,
      "y" : 57.59675,
      "z" : 5.236068
    } ],
    "faces" : [ {
      "vertices" : [ 0, 1, 2 ]
    }, {
      "vertices" : [ 0, 2, 3 ]
    }, {
      "vertices" : [ 0, 3, 2 ]
    }, {
      "vertices" : [ 0, 2, 1 ]
    } ]
  }, {
    "id" : "bf9429c7-a7df-4311-8b40-8eb04f06a89e",
    "vertices" : [ {
      "x" : -36.652477,
      "y" : -26.18034,
      "z" : 26.18034
    }, {
      "x" : -15.708204,
      "y" : -15.708204,
      "z" : 47.12461
    }, {
      "x" : -36.652477,
      "y" : 5.236068,
      "z" : 57.59675
    }, {
      "x" : -57.59675,
      "y" : -5.236068,
      "z" : 36.652477
    } ],
    "faces" : [ {
      "vertices" : [ 0, 1, 2 ]
    }, {
      "vertices" : [ 0, 2, 3 ]
    }, {
      "vertices" : [ 0, 3, 2 ]
    }, {
      "vertices" : [ 0, 2, 1 ]
    } ]
  }, {
    "id" : "465e919d-c329-4e0c-bb34-dfef81108305",
    "vertices" : [ {
      "x" : -26.18034,
      "y" : 5.236068,
      "z" : 5.236068
    }, {
      "x" : -47.12461,
      "y" : -15.708204,
      "z" : 15.708204
    }, {
      "x" : -57.59675,
      "y" : 5.236068,
      "z" : 36.652477
    }, {
      "x" : -36.652477,
      "y" : 26.18034,
      "z" : 26.18034
    } ],
    "faces" : [ {
      "vertices" : [ 0, 1, 2 ]
    }, {
      "vertices" : [ 0, 2, 3 ]
    }, {
      "vertices" : [ 0, 3, 2 ]
    }, {
      "vertices" : [ 0, 2, 1 ]
    } ]
  }, {
    "id" : "7d755b19-3b32-4ccb-89bf-00e8b5a9939c",
    "vertices" : [ {
      "x" : -26.18034,
      "y" : 26.18034,
      "z" : -26.18034
    }, {
      "x" : -47.12461,
      "y" : 47.12461,
      "z" : -15.708204
    }, {
      "x" : -26.18034,
      "y" : 57.59675,
      "z" : 5.236068
    }, {
      "x" : -5.236068,
      "y" : 36.652477,
      "z" : -5.236068
    } ],
    "faces" : [ {
      "vertices" : [ 0, 1, 2 ]
    }, {
      "vertices" : [ 0, 2, 3 ]
    }, {
      "vertices" : [ 0, 3, 2 ]
    }, {
      "vertices" : [ 0, 2, 1 ]
    } ]
  }, {
    "id" : "ec67163c-b58c-4323-8923-17e6c86b1973",
    "vertices" : [ {
      "x" : 36.652477,
      "y" : -5.236068,
      "z" : -57.59675
    }, {
      "x" : 47.12461,
      "y" : -15.708204,
      "z" : -47.12461
    }, {
      "x" : 57.59675,
      "y" : -5.236068,
      "z" : -36.652477
    }, {
      "x" : 57.59675,
      "y" : 5.236068,
      "z" : -36.652477
    }, {
      "x" : 47.12461,
      "y" : 15.708204,
      "z" : -47.12461
    }, {
      "x" : 36.652477,
      "y" : 5.236068,
      "z" : -57.59675
    } ],
    "faces" : [ {
      "vertices" : [ 0, 1, 2 ]
    }, {
      "vertices" : [ 0, 2, 3 ]
    }, {
      "vertices" : [ 0, 3, 4 ]
    }, {
      "vertices" : [ 0, 4, 5 ]
    }, {
      "vertices" : [ 0, 5, 4 ]
    }, {
      "vertices" : [ 0, 4, 3 ]
    }, {
      "vertices" : [ 0, 3, 2 ]
    }, {
      "vertices" : [ 0, 2, 1 ]
    } ]
  }, {
    "id" : "86ce8400-c3c7-4f83-9fb2-75c55a06ab39",
    "vertices" : [ {
      "x" : -5.236068,
      "y" : 26.18034,
      "z" : -5.236068
    }, {
      "x" : 15.708204,
      "y" : 47.12461,
      "z" : -15.708204
    }, {
      "x" : 26.18034,
      "y" : 26.18034,
      "z" : -36.652477
    }, {
      "x" : 5.236068,
      "y" : 5.236068,
      "z" : -26.18034
    } ],
    "faces" : [ {
      "vertices" : [ 0, 1, 2 ]
    }, {
      "vertices" : [ 0, 2, 3 ]
    }, {
      "vertices" : [ 0, 3, 2 ]
    }, {
      "vertices" : [ 0, 2, 1 ]
    } ]
  }, {
    "id" : "d7ca5616-783e-4607-892c-e72fc5e17cec",
    "vertices" : [ {
      "x" : -57.59675,
      "y" : -26.18034,
      "z" : -5.236068
    }, {
      "x" : -57.59675,
      "y" : -36.652477,
      "z" : -5.236068
    }, {
      "x" : -57.59675,
      "y" : -36.652477,
      "z" : 5.236068
    }, {
      "x" : -57.59675,
      "y" : -26.18034,
      "z" : 5.236068
    } ],
    "faces" : [ {
      "vertices" : [ 0, 1, 2 ]
    }, {
      "vertices" : [ 0, 2, 3 ]
    }, {
      "vertices" : [ 0, 3, 2 ]
    }, {
      "vertices" : [ 0, 2, 1 ]
    } ]
  }, {
    "id" : "5de747a0-494a-4e79-8890-7ff3a501f202",
    "vertices" : [ {
      "x" : -5.236068,
      "y" : -5.236068,
      "z" : 26.18034
    }, {
      "x" : 15.708204,
      "y" : -15.708204,
      "z" : 47.12461
    }, {
      "x" : 26.18034,
      "y" : -36.652477,
      "z" : 26.18034
    }, {
      "x" : 5.236068,
      "y" : -26.18034,
      "z" : 5.236068
    } ],
    "faces" : [ {
      "vertices" : [ 0, 1, 2 ]
    }, {
      "vertices" : [ 0, 2, 3 ]
    }, {
      "vertices" : [ 0, 3, 2 ]
    }, {
      "vertices" : [ 0, 2, 1 ]
    } ]
  }, {
    "id" : "94b3969a-5d2a-48f4-acb9-affa36cbf9d6",
    "vertices" : [ {
      "x" : -26.18034,
      "y" : 26.18034,
      "z" : 26.18034
    }, {
      "x" : -47.12461,
      "y" : 47.12461,
      "z" : 15.708204
    }, {
      "x" : -57.59675,
      "y" : 26.18034,
      "z" : -5.236068
    }, {
      "x" : -36.652477,
      "y" : 5.236068,
      "z" : 5.236068
    } ],
    "faces" : [ {
      "vertices" : [ 0, 1, 2 ]
    }, {
      "vertices" : [ 0, 2, 3 ]
    }, {
      "vertices" : [ 0, 3, 2 ]
    }, {
      "vertices" : [ 0, 2, 1 ]
    } ]
  }, {
    "id" : "f770d970-6c19-417e-99bc-b654513593d8",
    "vertices" : [ {
      "x" : 26.18034,
      "y" : -36.652477,
      "z" : 36.652477
    }, {
      "x" : 26.18034,
      "y" : -26.18034,
      "z" : 36.652477
    }, {
      "x" : 15.708204,
      "y" : -15.708204,
      "z" : 47.12461
    }, {
      "x" : 5.236068,
      "y" : -26.18034,
      "z" : 57.59675
    }, {
      "x" : 5.236068,
      "y" : -36.652477,
      "z" : 57.59675
    }, {
      "x" : 15.708204,
      "y" : -47.12461,
      "z" : 47.12461
    } ],
    "faces" : [ {
      "vertices" : [ 0, 1, 2 ]
    }, {
      "vertices" : [ 0, 2, 3 ]
    }, {
      "vertices" : [ 0, 3, 4 ]
    }, {
      "vertices" : [ 0, 4, 5 ]
    }, {
      "vertices" : [ 0, 5, 4 ]
