{
  "field" : "golden",
  "symmetry" : "icosahedral",
  "orientations" : [ [ 1.0, 0.0, 0.0, 0.0, 0.0, 1.0, 0.0, 0.0, 0.0, 0.0, 1.0, 0.0, 0.0, 0.0, 0.0, 1.0 ], [ 0.0, 0.0, 1.0, 0.0, 1.0, 0.0, 0.0, 0.0, 0.0, 1.0, 0.0, 0.0, 0.0, 0.0, 0.0, 1.0 ], [ 0.0, 1.0, 0.0, 0.0, 0.0, 0.0, 1.0, 0.0, 1.0, 0.0, 0.0, 0.0, 0.0, 0.0, 0.0, 1.0 ], [ 0.809017, 0.309017, 0.5, 0.0, 0.309017, 0.5, -0.809017, 0.0, -0.5, 0.809017, 0.309017, 0.0, 0.0, 0.0, 0.0, 1.0 ], [ -0.5, 0.809017, 0.309017, 0.0, 0.809017, 0.309017, 0.5, 0.0, 0.309017, 0.5, -0.809017, 0.0, 0.0, 0.0, 0.0, 1.0 ], [ 0.309017, 0.5, -0.809017, 0.0, -0.5, 0.809017, 0.309017, 0.0, 0.809017, 0.309017, 0.5, 0.0, 0.0, 0.0, 0.0, 1.0 ], [ 0.5, 0.809017, 0.309017, 0.0, 0.809017, -0.309017, -0.5, 0.0, -0.309017, 0.5, -0.809017, 0.0, 0.0, 0.0, 0.0, 1.0 ], [ -0.309017, 0.5, -0.809017, 0.0, 0.5, 0.809017, 0.309017, 0.0, 0.809017, -0.309017, -0.5, 0.0, 0.0, 0.0, 0.0, 1.0 ], [ 0.809017, -0.309017, -0.5, 0.0, -0.309017, 0.5, -0.809017, 0.0, 0.5, 0.809017, 0.309017, 0.0, 0.0, 0.0, 0.0, 1.0 ], [ 0.5, 0.809017, -0.309017, 0.0, 0.809017, -0.309017, 0.5, 0.0, 0.309017, -0.5, -0.809017, 0.0, 0.0, 0.0, 0.0, 1.0 ], [ 0.309017, -0.5, -0.809017, 0.0, 0.5, 0.809017, -0.309017, 0.0, 0.809017, -0.309017, 0.5, 0.0, 0.0, 0.0, 0.0, 1.0 ], [ 0.809017, -0.309017, 0.5, 0.0, 0.309017, -0.5, -0.809017, 0.0, 0.5, 0.809017, -0.309017, 0.0, 0.0, 0.0, 0.0, 1.0 ], [ 0.809017, 0.309017, -0.5, 0.0, 0.309017, 0.5, 0.809017, 0.0, 0.5, -0.809017, 0.309017, 0.0, 0.0, 0.0, 0.0, 1.0 ], [ 0.5, -0.809017, 0.309017, 0.0, 0.809017, 0.309017, -0.5, 0.0, 0.309017, 0.5, 0.809017, 0.0, 0.0, 0.0, 0.0, 1.0 ], [ 0.309017, 0.5, 0.809017, 0.0, 0.5, -0.809017, 0.309017, 0.0, 0.809017, 0.309017, -0.5, 0.0, 0.0, 0.0, 0.0, 1.0 ], [ 1.0, 0.0, 0.0, 0.0, 0.0, -1.0, 0.0, 0.0, 0.0, 0.0, -1.0, 0.0, 0.0, 0.0, 0.0, 1.0 ], [ 0.0, 0.0, 1.0, 0.0, -1.0, 0.0, 0.0, 0.0, 0.0, -1.0, 0.0, 0.0, 0.0, 0.0, 0.0, 1.0 ], [ 0.0, 1.0, 0.0, 0.0, 0.0, 0.0, -1.0, 0.0, -1.0, 0.0, 0.0, 0.0, 0.0, 0.0, 0.0, 1.0 ], [ 0.809017, 0.309017, 0.5, 0.0, -0.309017, -0.5, 0.809017, 0.0, 0.5, -0.809017, -0.309017, 0.0, 0.0, 0.0, 0.0, 1.0 ], [ -0.5, 0.809017, 0.309017, 0.0, -0.809017, -0.309017, -0.5, 0.0, -0.309017, -0.5, 0.809017, 0.0, 0.0, 0.0, 0.0, 1.0 ], [ 0.309017, 0.5, -0.809017, 0.0, 0.5, -0.809017, -0.309017, 0.0, -0.809017, -0.309017, -0.5, 0.0, 0.0, 0.0, 0.0, 1.0 ], [ 0.5, 0.809017, 0.309017, 0.0, -0.809017, 0.309017, 0.5, 0.0, 0.309017, -0.5, 0.809017, 0.0, 0.0, 0.0, 0.0, 1.0 ], [ -0.309017, 0.5, -0.809017, 0.0, -0.5, -0.809017, -0.309017, 0.0, -0.809017, 0.309017, 0.5, 0.0, 0.0, 0.0, 0.0, 1.0 ], [ 0.809017, -0.309017, -0.5, 0.0, 0.309017, -0.5, 0.809017, 0.0, -0.5, -0.809017, -0.309017, 0.0, 0.0, 0.0, 0.0, 1.0 ], [ 0.5, 0.809017, -0.309017, 0.0, -0.809017, 0.309017, -0.5, 0.0, -0.309017, 0.5, 0.809017, 0.0, 0.0, 0.0, 0.0, 1.0 ], [ 0.309017, -0.5, -0.809017, 0.0, -0.5, -0.809017, 0.309017, 0.0, -0.809017, 0.309017, -0.5, 0.0, 0.0, 0.0, 0.0, 1.0 ], [ 0.809017, -0.309017, 0.5, 0.0, -0.309017, 0.5, 0.809017, 0.0, -0.5, -0.809017, 0.309017, 0.0, 0.0, 0.0, 0.0, 1.0 ], [ 0.809017, 0.309017, -0.5, 0.0, -0.309017, -0.5, -0.809017, 0.0, -0.5, 0.809017, -0.309017, 0.0, 0.0, 0.0, 0.0, 1.0 ], [ 0.5, -0.809017, 0.309017, 0.0, -0.809017, -0.309017, 0.5, 0.0, -0.309017, -0.5, -0.809017, 0.0, 0.0, 0.0, 0.0, 1.0 ], [ 0.309017, 0.5, 0.809017, 0.0, -0.5, 0.809017, -0.309017, 0.0, -0.809017, -0.309017, 0.5, 0.0, 0.0, 0.0, 0.0, 1.0 ], [ -1.0, 0.0, 0.0, 0.0, 0.0, -1.0, 0.0, 0.0, 0.0, 0.0, 1.0, 0.0, 0.0, 0.0, 0.0, 1.0 ], [ 0.0, 0.0, -1.0, 0.0, -1.0, 0.0, 0.0, 0.0, 0.0, 1.0, 0.0, 0.0, 0.0, 0.0, 0.0, 1.0 ], [ 0.0, -1.0, 0.0, 0.0, 0.0, 0.0, -1.0, 0.0, 1.0, 0.0, 0.0, 0.0, 0.0, 0.0, 0.0, 1.0 ], [ -0.809017, -0.309017, -0.5, 0.0, -0.309017, -0.5, 0.809017, 0.0, -0.5, 0.809017, 0.309017, 0.0, 0.0, 0.0, 0.0, 1.0 ], [ 0.5, -0.809017, -0.309017, 0.0, -0.809017, -0.309017, -0.5, 0.0, 0.309017, 0.5, -0.809017, 0.0, 0.0, 0.0, 0.0, 1.0 ], [ -0.309017, -0.5, 0.809017, 0.0, 0.5, -0.809017, -0.309017, 0.0, 0.809017, 0.309017, 0.5, 0.0, 0.0, 0.0, 0.0, 1.0 ], [ -0.5, -0.809017, -0.309017, 0.0, -0.809017, 0.309017, 0.5, 0.0, -0.309017, 0.5, -0.809017, 0.0, 0.0, 0.0, 0.0, 1.0 ], [ 0.309017, -0.5, 0.809017, 0.0, -0.5, -0.809017, -0.309017, 0.0, 0.809017, -0.309017, -0.5, 0.0, 0.0, 0.0, 0.0, 1.0 ], [ -0.809017, 0.309017, 0.5, 0.0, 0.309017, -0.5, 0.809017, 0.0, 0.5, 0.809017, 0.309017, 0.0, 0.0, 0.0, 0.0, 1.0 ], [ -0.5, -0.809017, 0.309017, 0.0, -0.809017, 0.309017, -0.5, 0.0, 0.309017, -0.5, -0.809017, 0.0, 0.0, 0.0, 0.0, 1.0 ], [ -0.309017, 0.5, 0.809017, 0.0, -0.5, -0.809017, 0.309017, 0.0, 0.809017, -0.309017, 0.5, 0.0, 0.0, 0.0, 0.0, 1.0 ], [ -0.809017, 0.309017, -0.5, 0.0, -0.309017, 0.5, 0.809017, 0.0, 0.5, 0.809017, -0.309017, 0.0, 0.0, 0.0, 0.0, 1.0 ], [ -0.809017, -0.309017, 0.5, 0.0, -0.309017, -0.5, -0.809017, 0.0, 0.5, -0.809017, 0.309017, 0.0, 0.0, 0.0, 0.0, 1.0 ], [ -0.5, 0.809017, -0.309017, 0.0, -0.809017, -0.309017, 0.5, 0.0, 0.309017, 0.5, 0.809017, 0.0, 0.0, 0.0, 0.0, 1.0 ], [ -0.309017, -0.5, -0.809017, 0.0, -0.5, 0.809017, -0.309017, 0.0, 0.809017, 0.309017, -0.5, 0.0, 0.0, 0.0, 0.0, 1.0 ], [ -1.0, 0.0, 0.0, 0.0, 0.0, 1.0, 0.0, 0.0, 0.0, 0.0, -1.0, 0.0, 0.0, 0.0, 0.0, 1.0 ], [ 0.0, 0.0, -1.0, 0.0, 1.0, 0.0, 0.0, 0.0, 0.0, -1.0, 0.0, 0.0, 0.0, 0.0, 0.0, 1.0 ], [ 0.0, -1.0, 0.0, 0.0, 0.0, 0.0, 1.0, 0.0, -1.0, 0.0, 0.0, 0.0, 0.0, 0.0, 0.0, 1.0 ], [ -0.809017, -0.309017, -0.5, 0.0, 0.309017, 0.5, -0.809017, 0.0, 0.5, -0.809017, -0.309017, 0.0, 0.0, 0.0, 0.0, 1.0 ], [ 0.5, -0.809017, -0.309017, 0.0, 0.809017, 0.309017, 0.5, 0.0, -0.309017, -0.5, 0.809017, 0.0, 0.0, 0.0, 0.0, 1.0 ], [ -0.309017, -0.5, 0.809017, 0.0, -0.5, 0.809017, 0.309017, 0.0, -0.809017, -0.309017, -0.5, 0.0, 0.0, 0.0, 0.0, 1.0 ], [ -0.5, -0.809017, -0.309017, 0.0, 0.809017, -0.309017, -0.5, 0.0, 0.309017, -0.5, 0.809017, 0.0, 0.0, 0.0, 0.0, 1.0 ], [ 0.309017, -0.5, 0.809017, 0.0, 0.5, 0.809017, 0.309017, 0.0, -0.809017, 0.309017, 0.5, 0.0, 0.0, 0.0, 0.0, 1.0 ], [ -0.809017, 0.309017, 0.5, 0.0, -0.309017, 0.5, -0.809017, 0.0, -0.5, -0.809017, -0.309017, 0.0, 0.0, 0.0, 0.0, 1.0 ], [ -0.5, -0.809017, 0.309017, 0.0, 0.809017, -0.309017, 0.5, 0.0, -0.309017, 0.5, 0.809017, 0.0, 0.0, 0.0, 0.0, 1.0 ], [ -0.309017, 0.5, 0.809017, 0.0, 0.5, 0.809017, -0.309017, 0.0, -0.809017, 0.309017, -0.5, 0.0, 0.0, 0.0, 0.0, 1.0 ], [ -0.809017, 0.309017, -0.5, 0.0, 0.309017, -0.5, -0.809017, 0.0, -0.5, -0.809017, 0.309017, 0.0, 0.0, 0.0, 0.0, 1.0 ], [ -0.809017, -0.309017, 0.5, 0.0, 0.309017, 0.5, 0.809017, 0.0, -0.5, 0.809017, -0.309017, 0.0, 0.0, 0.0, 0.0, 1.0 ], [ -0.5, 0.809017, -0.309017, 0.0, 0.809017, 0.309017, -0.5, 0.0, -0.309017, -0.5, -0.809017, 0.0, 0.0, 0.0, 0.0, 1.0 ], [ -0.309017, -0.5, -0.809017, 0.0, 0.5, -0.809017, 0.309017, 0.0, -0.809017, -0.309017, 0.5, 0.0, 0.0, 0.0, 0.0, 1.0 ] ],
  "lights" : {
    "backgroundColor" : "#E0EFFF",
    "ambientColor" : "#292929",
    "directionalLights" : [ {
      "direction" : {
        "x" : 1.0,
        "y" : -1.0,
        "z" : -1.0
      },
      "color" : "#EBEBE4"
    }, {
      "direction" : {
        "x" : -1.0,
        "y" : 0.0,
        "z" : 0.0
      },
      "color" : "#E4E4EB"
    }, {
      "direction" : {
        "x" : 0.0,
        "y" : 0.0,
        "z" : -1.0
      },
      "color" : "#1E1E1E"
    } ]
  },
  "camera" : {
    "viewDistance" : 194.19821,
    "nearClipDistance" : 0.48549563,
    "farClipDistance" : 388.39597,
    "lookAtPoint" : {
      "x" : 0.0,
      "y" : 0.0,
      "z" : 0.0
    },
    "fieldOfView" : 0.44262865,
    "perspective" : false,
    "lookDirection" : {
      "x" : 0.0,
      "y" : 0.0,
      "z" : -1.0
    },
    "upDirection" : {
      "x" : 0.0,
      "y" : 1.0,
      "z" : 0.0
    },
    "stereo" : false,
    "width" : 87.389145,
    "position" : {
      "x" : 0.0,
      "y" : 0.0,
      "z" : 194.19821
    }
  },
  "embedding" : [ 1.0, 0.0, 0.0, 0.0, 0.0, 1.0, 0.0, 0.0, 0.0, 0.0, 1.0, 0.0, 0.0, 0.0, 0.0, 1.0 ],
  "shapes" : [ {
    "id" : "97bad391-addd-44fb-9e20-666e5209a214",
    "vertices" : [ {
      "x" : 0.309017,
      "y" : -0.309017,
      "z" : -0.309017
    }, {
      "x" : 0.5,
      "y" : 0.0,
      "z" : -0.19098301
    }, {
      "x" : 0.5,
      "y" : 0.0,
      "z" : 0.19098301
    }, {
      "x" : 0.309017,
      "y" : -0.309017,
      "z" : 0.309017
    }, {
      "x" : 0.19098301,
      "y" : -0.5,
      "z" : 0.0
    }, {
      "x" : 0.0,
      "y" : 0.19098301,
      "z" : 0.5
    }, {
      "x" : 0.0,
      "y" : -0.19098301,
      "z" : 0.5
    }, {
      "x" : 0.309017,
      "y" : 0.309017,
      "z" : 0.309017
    }, {
      "x" : -0.309017,
      "y" : -0.309017,
      "z" : 0.309017
    }, {
      "x" : -0.309017,
      "y" : 0.309017,
      "z" : 0.309017
    }, {
      "x" : -0.5,
      "y" : 0.0,
      "z" : 0.19098301
    }, {
      "x" : 0.0,
      "y" : -0.19098301,
      "z" : -0.5
    }, {
      "x" : 0.0,
      "y" : 0.19098301,
      "z" : -0.5
    }, {
      "x" : 0.309017,
      "y" : 0.309017,
      "z" : -0.309017
    }, {
      "x" : -0.309017,
      "y" : -0.309017,
      "z" : -0.309017
    }, {
      "x" : -0.19098301,
      "y" : -0.5,
      "z" : 0.0
    }, {
      "x" : -0.5,
      "y" : 0.0,
      "z" : -0.19098301
    }, {
      "x" : 0.19098301,
      "y" : 0.5,
      "z" : 0.0
    }, {
      "x" : -0.309017,
      "y" : 0.309017,
      "z" : -0.309017
    }, {
      "x" : 0.0,
      "y" : 0.0,
      "z" : 0.0
    }, {
      "x" : -0.19098301,
      "y" : 0.5,
      "z" : 0.0
    } ],
    "faces" : [ {
      "vertices" : [ 12, 18, 20 ]
    }, {
      "vertices" : [ 12, 20, 17 ]
    }, {
      "vertices" : [ 12, 17, 13 ]
    }, {
      "vertices" : [ 3, 6, 8 ]
    }, {
      "vertices" : [ 3, 8, 15 ]
    }, {
      "vertices" : [ 3, 15, 4 ]
    }, {
      "vertices" : [ 0, 11, 12 ]
    }, {
      "vertices" : [ 0, 12, 13 ]
    }, {
      "vertices" : [ 0, 13, 1 ]
    }, {
      "vertices" : [ 5, 9, 10 ]
    }, {
      "vertices" : [ 5, 10, 8 ]
    }, {
      "vertices" : [ 5, 8, 6 ]
    }, {
      "vertices" : [ 2, 7, 5 ]
    }, {
      "vertices" : [ 2, 5, 6 ]
    }, {
      "vertices" : [ 2, 6, 3 ]
    }, {
      "vertices" : [ 11, 14, 16 ]
    }, {
      "vertices" : [ 11, 16, 18 ]
    }, {
      "vertices" : [ 11, 18, 12 ]
    }, {
      "vertices" : [ 1, 13, 17 ]
    }, {
      "vertices" : [ 1, 17, 7 ]
    }, {
      "vertices" : [ 1, 7, 2 ]
    }, {
      "vertices" : [ 9, 20, 18 ]
    }, {
      "vertices" : [ 9, 18, 16 ]
    }, {
      "vertices" : [ 9, 16, 10 ]
    }, {
      "vertices" : [ 0, 1, 2 ]
    }, {
      "vertices" : [ 0, 2, 3 ]
    }, {
      "vertices" : [ 0, 3, 4 ]
    }, {
      "vertices" : [ 5, 7, 17 ]
    }, {
      "vertices" : [ 5, 17, 20 ]
    }, {
      "vertices" : [ 5, 20, 9 ]
    }, {
      "vertices" : [ 0, 4, 15 ]
    }, {
      "vertices" : [ 0, 15, 14 ]
    }, {
      "vertices" : [ 0, 14, 11 ]
    }, {
      "vertices" : [ 8, 10, 16 ]
    }, {
      "vertices" : [ 8, 16, 14 ]
    }, {
      "vertices" : [ 8, 14, 15 ]
    } ]
  }, {
    "id" : "437ef38e-dd61-4dbe-851a-ccebc87c6caa",
    "vertices" : [ {
      "x" : 12.0172205,
      "y" : 2.809017,
      "z" : -1.0
    }, {
      "x" : 1.190983,
      "y" : 0.0,
      "z" : 0.072949015
    }, {
      "x" : 1.190983,
      "y" : 0.0,
      "z" : -0.309017
    }, {
      "x" : 12.0172205,
      "y" : 2.809017,
      "z" : -1.381966
    }, {
      "x" : 12.753289,
      "y" : 3.309017,
      "z" : -1.263932
    }, {
      "x" : 1.190983,
      "y" : 0.618034,
      "z" : -0.309017
    }, {
      "x" : 12.0172205,
      "y" : 3.427051,
      "z" : -1.381966
    }, {
      "x" : 12.0172205,
      "y" : 3.427051,
      "z" : -1.0
    }, {
      "x" : 1.190983,
      "y" : 0.618034,
      "z" : 0.072949015
    }, {
      "x" : 0.45491502,
      "y" : 0.11803399,
      "z" : -0.045084972
    }, {
      "x" : 13.208204,
      "y" : 3.427051,
      "z" : -1.309017
    } ],
    "faces" : [ {
      "vertices" : [ 2, 5, 6 ]
    }, {
      "vertices" : [ 2, 6, 3 ]
    }, {
      "vertices" : [ 0, 7, 8 ]
    }, {
      "vertices" : [ 0, 8, 1 ]
    }, {
      "vertices" : [ 2, 9, 5 ]
    }, {
      "vertices" : [ 4, 6, 7 ]
    }, {
      "vertices" : [ 1, 8, 9 ]
    }, {
      "vertices" : [ 0, 1, 2 ]
    }, {
      "vertices" : [ 0, 2, 3 ]
    }, {
      "vertices" : [ 5, 9, 8 ]
    }, {
      "vertices" : [ 0, 3, 4 ]
    }, {
      "vertices" : [ 5, 8, 7 ]
    }, {
      "vertices" : [ 5, 7, 6 ]
    }, {
      "vertices" : [ 0, 4, 7 ]
    }, {
      "vertices" : [ 1, 9, 2 ]
    }, {
      "vertices" : [ 3, 6, 4 ]
    } ]
  }, {
    "id" : "94ccf53a-2c09-4aac-9514-150d7807a565",
    "vertices" : [ {
      "x" : 6.9495935,
      "y" : 1.1545085,
      "z" : -1.559017
    }, {
      "x" : 7.3176274,
      "y" : 1.25,
      "z" : -2.0225425
    }, {
      "x" : 1.0954915,
      "y" : 0.1545085,
      "z" : 0.059016995
    }, {
      "x" : 6.7586102,
      "y" : 1.4635255,
      "z" : -2.059017
    }, {
      "x" : 0.9045085,
      "y" : 0.4635255,
      "z" : -0.440983
    }, {
      "x" : 6.7586102,
      "y" : 0.8454915,
      "z" : -1.677051
    }, {
      "x" : 0.9045085,
      "y" : -0.1545085,
      "z" : -0.059016995
    }, {
      "x" : 6.5676274,
      "y" : 1.1545085,
      "z" : -2.177051
    }, {
      "x" : 7.663119,
      "y" : 1.309017,
      "z" : -2.118034
    }, {
      "x" : 0.3454915,
      "y" : 0.059016995,
      "z" : -0.095491506
    }, {
      "x" : 0.7135255,
      "y" : 0.1545085,
      "z" : -0.559017
    } ],
    "faces" : [ {
      "vertices" : [ 2, 9, 6 ]
    }, {
      "vertices" : [ 0, 1, 3 ]
    }, {
      "vertices" : [ 0, 5, 1 ]
    }, {
      "vertices" : [ 4, 10, 9 ]
    }, {
      "vertices" : [ 3, 7, 10 ]
    }, {
      "vertices" : [ 3, 10, 4 ]
    }, {
      "vertices" : [ 0, 3, 4 ]
    }, {
      "vertices" : [ 0, 4, 2 ]
    }, {
      "vertices" : [ 6, 9, 10 ]
    }, {
      "vertices" : [ 1, 7, 3 ]
    }, {
      "vertices" : [ 5, 6, 10 ]
    }, {
      "vertices" : [ 5, 10, 7 ]
    }, {
      "vertices" : [ 0, 2, 6 ]
    }, {
      "vertices" : [ 0, 6, 5 ]
    }, {
      "vertices" : [ 1, 5, 7 ]
    }, {
      "vertices" : [ 2, 4, 9 ]
    } ]
  }, {
    "id" : "2eb0845e-e0b0-497e-bd5b-e81f7859d9de",
    "vertices" : [ {
      "x" : 0.809017,
      "y" : 0.618034,
      "z" : -0.19098301
    }, {
      "x" : 0.809017,
      "y" : 0.0,
      "z" : -0.19098301
    }, {
      "x" : 0.309017,
      "y" : 0.11803399,
      "z" : 0.0
    }, {
      "x" : 10.281153,
      "y" : 4.236068,
      "z" : 0.19098301
    }, {
      "x" : 0.809017,
      "y" : 0.618034,
      "z" : 0.19098301
    }, {
      "x" : 0.809017,
      "y" : 0.0,
      "z" : 0.19098301
    }, {
      "x" : 10.281153,
      "y" : 3.618034,
      "z" : 0.19098301
    }, {
      "x" : 10.781153,
      "y" : 4.118034,
      "z" : 0.0
    }, {
      "x" : 10.281153,
      "y" : 4.236068,
      "z" : -0.19098301
    }, {
      "x" : 11.09017,
      "y" : 4.236068,
      "z" : 0.0
    }, {
      "x" : 10.281153,
      "y" : 3.618034,
      "z" : -0.19098301
    } ],
    "faces" : [ {
      "vertices" : [ 3, 6, 7 ]
    }, {
      "vertices" : [ 3, 4, 5 ]
    }, {
      "vertices" : [ 3, 5, 6 ]
    }, {
      "vertices" : [ 3, 7, 8 ]
    }, {
      "vertices" : [ 0, 1, 2 ]
    }, {
      "vertices" : [ 0, 8, 10 ]
    }, {
      "vertices" : [ 0, 10, 1 ]
    }, {
      "vertices" : [ 1, 10, 6 ]
    }, {
      "vertices" : [ 1, 6, 5 ]
    }, {
      "vertices" : [ 0, 2, 4 ]
    }, {
      "vertices" : [ 6, 10, 7 ]
    }, {
      "vertices" : [ 1, 5, 2 ]
    }, {
      "vertices" : [ 7, 10, 8 ]
    }, {
      "vertices" : [ 2, 5, 4 ]
    }, {
      "vertices" : [ 0, 4, 3 ]
    }, {
      "vertices" : [ 0, 3, 8 ]
    } ]
  } ],
  "instances" : [ {
    "shape" : "97bad391-addd-44fb-9e20-666e5209a214",
    "color" : "#FFFFFF",
    "position" : {
      "x" : 20.062305,
      "y" : 7.663119,
      "z" : -5.545085
    }
  }, {
    "shape" : "97bad391-addd-44fb-9e20-666e5209a214",
    "color" : "#FFFFFF",
    "position" : {
      "x" : -2.118034,
      "y" : -21.371323,
      "z" : 5.545085
    }
  }, {
    "shape" : "437ef38e-dd61-4dbe-851a-ccebc87c6caa",
    "color" : "#1E1E1E",
    "position" : {
      "x" : 21.371323,
      "y" : 5.545085,
      "z" : 2.118034
    },
    "orientation" : 44
  }, {
    "shape" : "437ef38e-dd61-4dbe-851a-ccebc87c6caa",
    "color" : "#1E1E1E",
    "position" : {
      "x" : 20.062305,
      "y" : -7.663119,
      "z" : 5.545085
    },
    "orientation" : 46
  }, {
    "shape" : "97bad391-addd-44fb-9e20-666e5209a214",
    "color" : "#FFFFFF",
    "position" : {
      "x" : 5.545085,
      "y" : -15.826238,
      "z" : 14.5172205
    }
  }, {
    "shape" : "97bad391-addd-44fb-9e20-666e5209a214",
    "color" : "#FFFFFF",
    "position" : {
      "x" : 2.118034,
      "y" : 21.371323,
      "z" : 5.545085
    }
  }, {
    "shape" : "437ef38e-dd61-4dbe-851a-ccebc87c6caa",
    "color" : "#1E1E1E",
    "position" : {
      "x" : 5.545085,
      "y" : 20.062305,
      "z" : -7.663119
    },
    "orientation" : 32
  }, {
    "shape" : "437ef38e-dd61-4dbe-851a-ccebc87c6caa",
    "color" : "#1E1E1E",
    "position" : {
      "x" : -7.663119,
      "y" : 5.545085,
      "z" : 20.062305
    },
    "orientation" : 15
  }, {
    "shape" : "94ccf53a-2c09-4aac-9514-150d7807a565",
    "color" : "#DC4C00",
    "position" : {
      "x" : -6.854102,
      "y" : 17.944271,
      "z" : -11.09017
    },
    "orientation" : 11
  }, {
    "shape" : "97bad391-addd-44fb-9e20-666e5209a214",
    "color" : "#FFFFFF",
    "position" : {
      "x" : 21.371323,
      "y" : -5.545085,
      "z" : -2.118034
    }
  }, {
    "shape" : "437ef38e-dd61-4dbe-851a-ccebc87c6caa",
    "color" : "#1E1E1E",
    "position" : {
      "x" : 2.118034,
      "y" : -21.371323,
      "z" : -5.545085
    },
    "orientation" : 12
  }, {
    "shape" : "97bad391-addd-44fb-9e20-666e5209a214",
    "color" : "#FFFFFF",
    "position" : {
      "x" : 5.545085,
      "y" : -2.118034,
      "z" : -21.371323
    }
  }, {
    "shape" : "94ccf53a-2c09-4aac-9514-150d7807a565",
    "color" : "#DC4C00",
    "position" : {
      "x" : 21.371323,
      "y" : 5.545085,
      "z" : 2.118034
    },
    "orientation" : 59
  }, {
    "shape" : "437ef38e-dd61-4dbe-851a-ccebc87c6caa",
    "color" : "#1E1E1E",
    "position" : {
      "x" : -5.545085,
      "y" : -2.118034,
      "z" : 21.371323
    },
    "orientation" : 28
  }, {
    "shape" : "437ef38e-dd61-4dbe-851a-ccebc87c6caa",
    "color" : "#1E1E1E",
    "position" : {
      "x" : 14.5172205,
      "y" : 5.545085,
      "z" : -15.826238
    },
    "orientation" : 51
  }, {
    "shape" : "94ccf53a-2c09-4aac-9514-150d7807a565",
    "color" : "#DC4C00",
    "position" : {
      "x" : -20.062305,
      "y" : 7.663119,
      "z" : 5.545085
    },
    "orientation" : 6
  }, {
    "shape" : "437ef38e-dd61-4dbe-851a-ccebc87c6caa",
    "color" : "#1E1E1E",
    "position" : {
      "x" : -14.5172205,
      "y" : 16.635256,
      "z" : -2.118034
    },
    "orientation" : 11
  }, {
    "shape" : "97bad391-addd-44fb-9e20-666e5209a214",
    "color" : "#FFFFFF",
    "position" : {
      "x" : -5.545085,
      "y" : 15.826238,
      "z" : 14.5172205
    }
  }, {
    "shape" : "437ef38e-dd61-4dbe-851a-ccebc87c6caa",
    "color" : "#1E1E1E",
    "position" : {
      "x" : 15.826238,
      "y" : -14.5172205,
      "z" : 5.545085
    },
    "orientation" : 7
  }, {
    "shape" : "2eb0845e-e0b0-497e-bd5b-e81f7859d9de",
    "color" : "#6C00C6",
    "position" : {
      "x" : 14.5172205,
      "y" : 5.545085,
      "z" : -15.826238
    },
    "orientation" : 14
  }, {
    "shape" : "437ef38e-dd61-4dbe-851a-ccebc87c6caa",
    "color" : "#1E1E1E",
    "position" : {
      "x" : 6.854102,
      "y" : 17.944271,
      "z" : 11.09017
    },
    "orientation" : 34
  }, {
    "shape" : "437ef38e-dd61-4dbe-851a-ccebc87c6caa",
    "color" : "#1E1E1E",
    "position" : {
      "x" : -11.09017,
      "y" : 6.854102,
      "z" : -17.944271
    },
    "orientation" : 35
  }, {
    "shape" : "94ccf53a-2c09-4aac-9514-150d7807a565",
    "color" : "#DC4C00",
    "position" : {
      "x" : -17.944271,
      "y" : 11.09017,
      "z" : -6.854102
    },
    "orientation" : 40
  }, {
    "shape" : "97bad391-addd-44fb-9e20-666e5209a214",
    "color" : "#FFFFFF",
    "position" : {
      "x" : 5.545085,
      "y" : 2.118034,
      "z" : 21.371323
    }
  }, {
    "shape" : "97bad391-addd-44fb-9e20-666e5209a214",
    "color" : "#FFFFFF",
    "position" : {
      "x" : -17.944271,
      "y" : -11.09017,
      "z" : 6.854102
    }
  }, {
    "shape" : "2eb0845e-e0b0-497e-bd5b-e81f7859d9de",
    "color" : "#6C00C6",
    "position" : {
      "x" : 5.545085,
      "y" : 15.826238,
      "z" : -14.5172205
    },
    "orientation" : 28
  }, {
    "shape" : "437ef38e-dd61-4dbe-851a-ccebc87c6caa",
    "color" : "#1E1E1E",
    "position" : {
      "x" : 14.5172205,
      "y" : -16.635256,
      "z" : -2.118034
    },
    "orientation" : 41
  }, {
    "shape" : "437ef38e-dd61-4dbe-851a-ccebc87c6caa",
    "color" : "#1E1E1E",
    "position" : {
      "x" : -20.062305,
      "y" : -7.663119,
      "z" : -5.545085
    },
    "orientation" : 1
  }, {
    "shape" : "97bad391-addd-44fb-9e20-666e5209a214",
    "color" : "#FFFFFF",
    "position" : {
      "x" : -2.118034,
      "y" : 21.371323,
      "z" : -5.545085
    }
  }, {
    "shape" : "437ef38e-dd61-4dbe-851a-ccebc87c6caa",
    "color" : "#1E1E1E",
    "position" : {
      "x" : 16.635256,
      "y" : -2.118034,
      "z" : -14.5172205
    },
    "orientation" : 10
  }, {
    "shape" : "97bad391-addd-44fb-9e20-666e5209a214",
    "color" : "#FFFFFF",
    "position" : {
      "x" : 15.826238,
      "y" : -14.5172205,
      "z" : 5.545085
    }
  }, {
    "shape" : "97bad391-addd-44fb-9e20-666e5209a214",
    "color" : "#FFFFFF",
    "position" : {
      "x" : -20.062305,
      "y" : -7.663119,
      "z" : -5.545085
    }
  }, {
    "shape" : "97bad391-addd-44fb-9e20-666e5209a214",
    "color" : "#FFFFFF",
    "position" : {
      "x" : -21.371323,
      "y" : 5.545085,
      "z" : -2.118034
    }
  }, {
    "shape" : "94ccf53a-2c09-4aac-9514-150d7807a565",
    "color" : "#DC4C00",
    "position" : {
      "x" : 14.5172205,
      "y" : -5.545085,
      "z" : 15.826238
    },
    "orientation" : 46
  }, {
    "shape" : "97bad391-addd-44fb-9e20-666e5209a214",
    "color" : "#FFFFFF",
    "position" : {
      "x" : 15.826238,
      "y" : 14.5172205,
      "z" : -5.545085
    }
  }, {
    "shape" : "437ef38e-dd61-4dbe-851a-ccebc87c6caa",
    "color" : "#1E1E1E",
    "position" : {
      "x" : 5.545085,
      "y" : -15.826238,
      "z" : 14.5172205
    },
    "orientation" : 23
  }, {
    "shape" : "2eb0845e-e0b0-497e-bd5b-e81f7859d9de",
    "color" : "#6C00C6",
    "position" : {
      "x" : -7.663119,
      "y" : 5.545085,
      "z" : 20.062305
    },
    "orientation" : 49
  }, {
    "shape" : "437ef38e-dd61-4dbe-851a-ccebc87c6caa",
    "color" : "#1E1E1E",
    "position" : {
      "x" : 2.118034,
      "y" : 14.5172205,
      "z" : 16.635256
    },
    "orientation" : 39
  }, {
    "shape" : "94ccf53a-2c09-4aac-9514-150d7807a565",
    "color" : "#DC4C00",
    "position" : {
      "x" : -5.545085,
      "y" : 2.118034,
      "z" : -21.371323
    },
    "orientation" : 43
  }, {
    "shape" : "94ccf53a-2c09-4aac-9514-150d7807a565",
    "color" : "#DC4C00",
    "position" : {
      "x" : -7.663119,
      "y" : -5.545085,
      "z" : -20.062305
    },
    "orientation" : 38
  }, {
    "shape" : "437ef38e-dd61-4dbe-851a-ccebc87c6caa",
    "color" : "#1E1E1E",
    "position" : {
      "x" : -15.826238,
      "y" : -14.5172205,
      "z" : -5.545085
    },
    "orientation" : 52
  }, {
    "shape" : "437ef38e-dd61-4dbe-851a-ccebc87c6caa",
    "color" : "#1E1E1E",
    "position" : {
      "x" : -2.118034,
      "y" : -14.5172205,
      "z" : 16.635256
    },
    "orientation" : 9
  }, {
    "shape" : "94ccf53a-2c09-4aac-9514-150d7807a565",
    "color" : "#DC4C00",
    "position" : {
      "x" : 5.545085,
      "y" : 15.826238,
      "z" : -14.5172205
    },
    "orientation" : 30
  }, {
    "shape" : "94ccf53a-2c09-4aac-9514-150d7807a565",
    "color" : "#DC4C00",
    "position" : {
      "x" : -20.062305,
      "y" : -7.663119,
      "z" : -5.545085
    },
    "orientation" : 21
  }, {
    "shape" : "437ef38e-dd61-4dbe-851a-ccebc87c6caa",
    "color" : "#1E1E1E",
    "position" : {
      "x" : 17.944271,
      "y" : 11.09017,
      "z" : 6.854102
    },
    "orientation" : 48
  }, {
    "shape" : "97bad391-addd-44fb-9e20-666e5209a214",
    "color" : "#FFFFFF",
    "position" : {
      "x" : -5.545085,
      "y" : -2.118034,
      "z" : 21.371323
    }
  }, {
    "shape" : "437ef38e-dd61-4dbe-851a-ccebc87c6caa",
    "color" : "#1E1E1E",
    "position" : {
      "x" : -16.635256,
      "y" : 2.118034,
      "z" : -14.5172205
    },
    "orientation" : 40
  }, {
    "shape" : "94ccf53a-2c09-4aac-9514-150d7807a565",
    "color" : "#DC4C00",
    "position" : {
      "x" : -5.545085,
      "y" : -20.062305,
      "z" : -7.663119
    },
    "orientation" : 52
  }, {
    "shape" : "437ef38e-dd61-4dbe-851a-ccebc87c6caa",
    "color" : "#1E1E1E",
    "position" : {
      "x" : -14.5172205,
      "y" : 5.545085,
      "z" : 15.826238
    },
    "orientation" : 6
  }, {
    "shape" : "94ccf53a-2c09-4aac-9514-150d7807a565",
    "color" : "#DC4C00",
    "position" : {
      "x" : 20.062305,
      "y" : 7.663119,
      "z" : -5.545085
    },
    "orientation" : 51
  }, {
    "shape" : "97bad391-addd-44fb-9e20-666e5209a214",
    "color" : "#FFFFFF",
    "position" : {
      "x" : -2.118034,
      "y" : 14.5172205,
      "z" : -16.635256
    }
  }, {
    "shape" : "437ef38e-dd61-4dbe-851a-ccebc87c6caa",
    "color" : "#1E1E1E",
    "position" : {
      "x" : -21.371323,
      "y" : 5.545085,
      "z" : -2.118034
    },
    "orientation" : 29
  }, {
    "shape" : "94ccf53a-2c09-4aac-9514-150d7807a565",
    "color" : "#DC4C00",
    "position" : {
      "x" : 6.854102,
      "y" : 17.944271,
      "z" : 11.09017
    },
    "orientation" : 56
  }, {
    "shape" : "2eb0845e-e0b0-497e-bd5b-e81f7859d9de",
    "color" : "#6C00C6",
    "position" : {
      "x" : -5.545085,
      "y" : -2.118034,
      "z" : 21.371323
    },
    "orientation" : 0
  }, {
    "shape" : "97bad391-addd-44fb-9e20-666e5209a214",
    "color" : "#FFFFFF",
    "position" : {
      "x" : -21.371323,
      "y" : -5.545085,
      "z" : 2.118034
    }
  }, {
    "shape" : "94ccf53a-2c09-4aac-9514-150d7807a565",
    "color" : "#DC4C00",
    "position" : {
      "x" : -6.854102,
      "y" : -17.944271,
      "z" : 11.09017
    },
    "orientation" : 26
  }, {
    "shape" : "97bad391-addd-44fb-9e20-666e5209a214",
    "color" : "#FFFFFF",
    "position" : {
      "x" : 2.118034,
      "y" : 14.5172205,
      "z" : 16.635256
    }
  }, {
    "shape" : "94ccf53a-2c09-4aac-9514-150d7807a565",
    "color" : "#DC4C00",
    "position" : {
      "x" : 6.854102,
      "y" : -17.944271,
      "z" : -11.09017
    },
    "orientation" : 41
  }, {
    "shape" : "94ccf53a-2c09-4aac-9514-150d7807a565",
    "color" : "#DC4C00",
    "position" : {
      "x" : 14.5172205,
      "y" : 16.635256,
      "z" : 2.118034
    },
    "orientation" : 34
  }, {
    "shape" : "97bad391-addd-44fb-9e20-666e5209a214",
    "color" : "#FFFFFF",
    "position" : {
      "x" : -15.826238,
      "y" : -14.5172205,
      "z" : -5.545085
    }
  }, {
    "shape" : "2eb0845e-e0b0-497e-bd5b-e81f7859d9de",
    "color" : "#6C00C6",
    "position" : {
      "x" : -11.09017,
      "y" : 6.854102,
      "z" : -17.944271
    },
    "orientation" : 9
  }, {
    "shape" : "97bad391-addd-44fb-9e20-666e5209a214",
    "color" : "#FFFFFF",
    "position" : {
      "x" : -6.854102,
      "y" : -17.944271,
      "z" : 11.09017
    }
  }, {
    "shape" : "2eb0845e-e0b0-497e-bd5b-e81f7859d9de",
    "color" : "#6C00C6",
    "position" : {
      "x" : -20.062305,
      "y" : 7.663119,
      "z" : 5.545085
    },
    "orientation" : 5
  }, {
    "shape" : "97bad391-addd-44fb-9e20-666e5209a214",
    "color" : "#FFFFFF",
    "position" : {
      "x" : 17.944271,
      "y" : 11.09017,
      "z" : 6.854102
    }
  }, {
    "shape" : "97bad391-addd-44fb-9e20-666e5209a214",
    "color" : "#FFFFFF",
    "position" : {
      "x" : -14.5172205,
      "y" : 16.635256,
      "z" : -2.118034
    }
  }, {
    "shape" : "94ccf53a-2c09-4aac-9514-150d7807a565",
    "color" : "#DC4C00",
    "position" : {
      "x" : 17.944271,
      "y" : -11.09017,
      "z" : -6.854102
    },
    "orientation" : 10
  }, {
    "shape" : "97bad391-addd-44fb-9e20-666e5209a214",
    "color" : "#FFFFFF",
    "position" : {
      "x" : -5.545085,
      "y" : 2.118034,
      "z" : -21.371323
    }
  }, {
    "shape" : "94ccf53a-2c09-4aac-9514-150d7807a565",
    "color" : "#DC4C00",
    "position" : {
      "x" : 7.663119,
      "y" : -5.545085,
      "z" : 20.062305
    },
    "orientation" : 23
  }, {
    "shape" : "94ccf53a-2c09-4aac-9514-150d7807a565",
    "color" : "#DC4C00",
    "position" : {
      "x" : -16.635256,
      "y" : 2.118034,
      "z" : -14.5172205
    },
    "orientation" : 3
  }, {
    "shape" : "94ccf53a-2c09-4aac-9514-150d7807a565",
    "color" : "#DC4C00",
    "position" : {
      "x" : 11.09017,
      "y" : -6.854102,
      "z" : -17.944271
    },
    "orientation" : 54
  }, {
    "shape" : "94ccf53a-2c09-4aac-9514-150d7807a565",
    "color" : "#DC4C00",
    "position" : {
      "x" : -5.545085,
      "y" : 15.826238,
      "z" : 14.5172205
    },
    "orientation" : 15
  }, {
    "shape" : "97bad391-addd-44fb-9e20-666e5209a214",
    "color" : "#FFFFFF",
    "position" : {
      "x" : 11.09017,
      "y" : -6.854102,
      "z" : -17.944271
    }
  }, {
    "shape" : "97bad391-addd-44fb-9e20-666e5209a214",
    "color" : "#FFFFFF",
    "position" : {
      "x" : -16.635256,
      "y" : 2.118034,
      "z" : -14.5172205
    }
  }, {
    "shape" : "94ccf53a-2c09-4aac-9514-150d7807a565",
    "color" : "#DC4C00",
    "position" : {
      "x" : -17.944271,
      "y" : -11.09017,
      "z" : 6.854102
    },
    "orientation" : 55
  }, {
    "shape" : "437ef38e-dd61-4dbe-851a-ccebc87c6caa",
    "color" : "#1E1E1E",
    "position" : {
      "x" : -16.635256,
      "y" : -2.118034,
      "z" : 14.5172205
    },
    "orientation" : 55
  }, {
    "shape" : "97bad391-addd-44fb-9e20-666e5209a214",
    "color" : "#FFFFFF",
    "position" : {
      "x" : -20.062305,
      "y" : 7.663119,
      "z" : 5.545085
    }
  }, {
    "shape" : "97bad391-addd-44fb-9e20-666e5209a214",
    "color" : "#FFFFFF",
    "position" : {
      "x" : 5.545085,
      "y" : 20.062305,
      "z" : -7.663119
    }
  }, {
    "shape" : "97bad391-addd-44fb-9e20-666e5209a214",
    "color" : "#FFFFFF",
    "position" : {
      "x" : 7.663119,
      "y" : 5.545085,
      "z" : -20.062305
    }
  }, {
    "shape" : "97bad391-addd-44fb-9e20-666e5209a214",
    "color" : "#FFFFFF",
    "position" : {
      "x" : 2.118034,
      "y" : -14.5172205,
      "z" : -16.635256
    }
  }, {
    "shape" : "437ef38e-dd61-4dbe-851a-ccebc87c6caa",
    "color" : "#1E1E1E",
    "position" : {
      "x" : -2.118034,
      "y" : -21.371323,
      "z" : 5.545085
    },
    "orientation" : 57
  }, {
    "shape" : "94ccf53a-2c09-4aac-9514-150d7807a565",
    "color" : "#DC4C00",
    "position" : {
      "x" : 17.944271,
      "y" : 11.09017,
      "z" : 6.854102
    },
    "orientation" : 25
  }, {
    "shape" : "437ef38e-dd61-4dbe-851a-ccebc87c6caa",
    "color" : "#1E1E1E",
    "position" : {
      "x" : 14.5172205,
      "y" : 16.635256,
      "z" : 2.118034
    },
    "orientation" : 56
  }, {
    "shape" : "437ef38e-dd61-4dbe-851a-ccebc87c6caa",
    "color" : "#1E1E1E",
    "position" : {
      "x" : 21.371323,
      "y" : -5.545085,
      "z" : -2.118034
    },
    "orientation" : 59
  }, {
    "shape" : "437ef38e-dd61-4dbe-851a-ccebc87c6caa",
    "color" : "#1E1E1E",
    "position" : {
      "x" : 7.663119,
      "y" : 5.545085,
      "z" : -20.062305
    },
    "orientation" : 30
  }, {
    "shape" : "97bad391-addd-44fb-9e20-666e5209a214",
    "color" : "#FFFFFF",
    "position" : {
      "x" : 14.5172205,
      "y" : -5.545085,
      "z" : 15.826238
    }
  }, {
    "shape" : "437ef38e-dd61-4dbe-851a-ccebc87c6caa",
    "color" : "#1E1E1E",
    "position" : {
      "x" : -6.854102,
      "y" : 17.944271,
      "z" : -11.09017
    },
    "orientation" : 19
  }, {
    "shape" : "94ccf53a-2c09-4aac-9514-150d7807a565",
    "color" : "#DC4C00",
    "position" : {
      "x" : 21.371323,
      "y" : -5.545085,
      "z" : -2.118034
    },
    "orientation" : 44
  }, {
    "shape" : "437ef38e-dd61-4dbe-851a-ccebc87c6caa",
    "color" : "#1E1E1E",
    "position" : {
      "x" : -5.545085,
      "y" : -20.062305,
      "z" : -7.663119
    },
    "orientation" : 2
  }, {
    "shape" : "94ccf53a-2c09-4aac-9514-150d7807a565",
    "color" : "#DC4C00",
    "position" : {
      "x" : -5.545085,
      "y" : -15.826238,
      "z" : -14.5172205
    },
    "orientation" : 0
  }, {
    "shape" : "94ccf53a-2c09-4aac-9514-150d7807a565",
    "color" : "#DC4C00",
    "position" : {
      "x" : 16.635256,
      "y" : 2.118034,
      "z" : 14.5172205
    },
    "orientation" : 48
  }, {
    "shape" : "94ccf53a-2c09-4aac-9514-150d7807a565",
    "color" : "#DC4C00",
    "position" : {
      "x" : -11.09017,
      "y" : -6.854102,
      "z" : 17.944271
    },
    "orientation" : 9
  }, {
    "shape" : "437ef38e-dd61-4dbe-851a-ccebc87c6caa",
    "color" : "#1E1E1E",
    "position" : {
      "x" : 6.854102,
      "y" : -17.944271,
      "z" : -11.09017
    },
    "orientation" : 49
  }, {
    "shape" : "94ccf53a-2c09-4aac-9514-150d7807a565",
    "color" : "#DC4C00",
    "position" : {
      "x" : -14.5172205,
      "y" : -5.545085,
      "z" : -15.826238
    },
    "orientation" : 1
  }, {
    "shape" : "94ccf53a-2c09-4aac-9514-150d7807a565",
    "color" : "#DC4C00",
    "position" : {
      "x" : -15.826238,
      "y" : -14.5172205,
      "z" : -5.545085
    },
    "orientation" : 2
  }, {
    "shape" : "97bad391-addd-44fb-9e20-666e5209a214",
    "color" : "#FFFFFF",
    "position" : {
      "x" : 14.5172205,
      "y" : -16.635256,
      "z" : -2.118034
    }
  }, {
    "shape" : "2eb0845e-e0b0-497e-bd5b-e81f7859d9de",
    "color" : "#6C00C6",
    "position" : {
      "x" : -2.118034,
      "y" : 21.371323,
      "z" : -5.545085
    },
    "orientation" : 2
  }, {
    "shape" : "97bad391-addd-44fb-9e20-666e5209a214",
    "color" : "#FFFFFF",
    "position" : {
      "x" : 6.854102,
      "y" : -17.944271,
      "z" : -11.09017
    }
  }, {
    "shape" : "2eb0845e-e0b0-497e-bd5b-e81f7859d9de",
    "color" : "#6C00C6",
    "position" : {
      "x" : 20.062305,
      "y" : -7.663119,
      "z" : 5.545085
    },
    "orientation" : 35
  }, {
    "shape" : "97bad391-addd-44fb-9e20-666e5209a214",
    "color" : "#FFFFFF",
    "position" : {
      "x" : -7.663119,
      "y" : 5.545085,
      "z" : 20.062305
    }
  }, {
    "shape" : "2eb0845e-e0b0-497e-bd5b-e81f7859d9de",
    "color" : "#6C00C6",
    "position" : {
      "x" : -7.663119,
      "y" : -5.545085,
      "z" : -20.062305
    },
    "orientation" : 34
  }, {
    "shape" : "94ccf53a-2c09-4aac-9514-150d7807a565",
    "color" : "#DC4C00",
    "position" : {
      "x" : 2.118034,
      "y" : 21.371323,
      "z" : 5.545085
    },
    "orientation" : 42
  }, {
    "shape" : "437ef38e-dd61-4dbe-851a-ccebc87c6caa",
    "color" : "#1E1E1E",
    "position" : {
      "x" : 5.545085,
      "y" : -20.062305,
      "z" : 7.663119
    },
    "orientation" : 47
  }, {
    "shape" : "437ef38e-dd61-4dbe-851a-ccebc87c6caa",
    "color" : "#1E1E1E",
    "position" : {
      "x" : 5.545085,
      "y" : -2.118034,
      "z" : -21.371323
    },
    "orientation" : 43
  }, {
    "shape" : "437ef38e-dd61-4dbe-851a-ccebc87c6caa",
    "color" : "#1E1E1E",
    "position" : {
      "x" : -5.545085,
      "y" : -15.826238,
      "z" : -14.5172205
    },
    "orientation" : 38
  }, {
    "shape" : "437ef38e-dd61-4dbe-851a-ccebc87c6caa",
    "color" : "#1E1E1E",
    "position" : {
      "x" : -2.118034,
      "y" : 21.371323,
      "z" : -5.545085
    },
    "orientation" : 42
  }, {
    "shape" : "94ccf53a-2c09-4aac-9514-150d7807a565",
    "color" : "#DC4C00",
    "position" : {
      "x" : 5.545085,
      "y" : -15.826238,
      "z" : 14.5172205
    },
    "orientation" : 45
  }, {
    "shape" : "437ef38e-dd61-4dbe-851a-ccebc87c6caa",
    "color" : "#1E1E1E",
    "position" : {
      "x" : -6.854102,
      "y" : -17.944271,
      "z" : 11.09017
    },
    "orientation" : 4
  }, {
    "shape" : "437ef38e-dd61-4dbe-851a-ccebc87c6caa",
    "color" : "#1E1E1E",
    "position" : {
      "x" : 2.118034,
      "y" : -14.5172205,
      "z" : -16.635256
    },
    "orientation" : 54
  }, {
    "shape" : "2eb0845e-e0b0-497e-bd5b-e81f7859d9de",
    "color" : "#6C00C6",
    "position" : {
      "x" : -6.854102,
      "y" : -17.944271,
      "z" : 11.09017
    },
    "orientation" : 56
  }, {
    "shape" : "2eb0845e-e0b0-497e-bd5b-e81f7859d9de",
    "color" : "#6C00C6",
    "position" : {
      "x" : 5.545085,
      "y" : -20.062305,
      "z" : 7.663119
    },
    "orientation" : 3
  }, {
    "shape" : "94ccf53a-2c09-4aac-9514-150d7807a565",
    "color" : "#DC4C00",
    "position" : {
      "x" : -21.371323,
      "y" : 5.545085,
      "z" : -2.118034
    },
    "orientation" : 14
  }, {
    "shape" : "2eb0845e-e0b0-497e-bd5b-e81f7859d9de",
    "color" : "#6C00C6",
    "position" : {
      "x" : 6.854102,
      "y" : 17.944271,
      "z" : 11.09017
    },
    "orientation" : 26
  }, {
    "shape" : "97bad391-addd-44fb-9e20-666e5209a214",
    "color" : "#FFFFFF",
    "position" : {
      "x" : -6.854102,
      "y" : 17.944271,
      "z" : -11.09017
    }
  }, {
    "shape" : "437ef38e-dd61-4dbe-851a-ccebc87c6caa",
    "color" : "#1E1E1E",
    "position" : {
      "x" : 16.635256,
      "y" : 2.118034,
      "z" : 14.5172205
    },
    "orientation" : 25
  }, {
    "shape" : "2eb0845e-e0b0-497e-bd5b-e81f7859d9de",
    "color" : "#6C00C6",
    "position" : {
      "x" : -21.371323,
      "y" : 5.545085,
      "z" : -2.118034
    },
    "orientation" : 31
  }, {
    "shape" : "437ef38e-dd61-4dbe-851a-ccebc87c6caa",
    "color" : "#1E1E1E",
    "position" : {
      "x" : 17.944271,
      "y" : -11.09017,
      "z" : -6.854102
    },
    "orientation" : 33
  }, {
    "shape" : "97bad391-addd-44fb-9e20-666e5209a214",
    "color" : "#FFFFFF",
    "position" : {
      "x" : 6.854102,
      "y" : 17.944271,
      "z" : 11.09017
    }
  }, {
    "shape" : "97bad391-addd-44fb-9e20-666e5209a214",
    "color" : "#FFFFFF",
    "position" : {
      "x" : -17.944271,
      "y" : 11.09017,
      "z" : -6.854102
    }
  }, {
    "shape" : "97bad391-addd-44fb-9e20-666e5209a214",
    "color" : "#FFFFFF",
    "position" : {
      "x" : -5.545085,
      "y" : -15.826238,
      "z" : -14.5172205
    }
  }, {
    "shape" : "94ccf53a-2c09-4aac-9514-150d7807a565",
    "color" : "#DC4C00",
    "position" : {
      "x" : -14.5172205,
      "y" : 16.635256,
      "z" : -2.118034
    },
    "orientation" : 19
  }, {
    "shape" : "97bad391-addd-44fb-9e20-666e5209a214",
    "color" : "#FFFFFF",
    "position" : {
      "x" : -14.5172205,
      "y" : -5.545085,
      "z" : -15.826238
    }
  }, {
    "shape" : "97bad391-addd-44fb-9e20-666e5209a214",
    "color" : "#FFFFFF",
    "position" : {
      "x" : 2.118034,
      "y" : -21.371323,
      "z" : -5.545085
    }
  }, {
    "shape" : "97bad391-addd-44fb-9e20-666e5209a214",
    "color" : "#FFFFFF",
    "position" : {
      "x" : 0.0,
      "y" : 0.0,
      "z" : 0.0
    }
  }, {
    "shape" : "2eb0845e-e0b0-497e-bd5b-e81f7859d9de",
    "color" : "#6C00C6",
    "position" : {
      "x" : -17.944271,
      "y" : 11.09017,
      "z" : -6.854102
    },
    "orientation" : 25
  }, {
    "shape" : "437ef38e-dd61-4dbe-851a-ccebc87c6caa",
