{
  "field" : "golden",
  "symmetry" : "icosahedral",
  "orientations" : [ [ 1.0, 0.0, 0.0, 0.0, 0.0, 1.0, 0.0, 0.0, 0.0, 0.0, 1.0, 0.0, 0.0, 0.0, 0.0, 1.0 ], [ 0.0, 0.0, 1.0, 0.0, 1.0, 0.0, 0.0, 0.0, 0.0, 1.0, 0.0, 0.0, 0.0, 0.0, 0.0, 1.0 ], [ 0.0, 1.0, 0.0, 0.0, 0.0, 0.0, 1.0, 0.0, 1.0, 0.0, 0.0, 0.0, 0.0, 0.0, 0.0, 1.0 ], [ 0.809017, 0.309017, 0.5, 0.0, 0.309017, 0.5, -0.809017, 0.0, -0.5, 0.809017, 0.309017, 0.0, 0.0, 0.0, 0.0, 1.0 ], [ -0.5, 0.809017, 0.309017, 0.0, 0.809017, 0.309017, 0.5, 0.0, 0.309017, 0.5, -0.809017, 0.0, 0.0, 0.0, 0.0, 1.0 ], [ 0.309017, 0.5, -0.809017, 0.0, -0.5, 0.809017, 0.309017, 0.0, 0.809017, 0.309017, 0.5, 0.0, 0.0, 0.0, 0.0, 1.0 ], [ 0.5, 0.809017, 0.309017, 0.0, 0.809017, -0.309017, -0.5, 0.0, -0.309017, 0.5, -0.809017, 0.0, 0.0, 0.0, 0.0, 1.0 ], [ -0.309017, 0.5, -0.809017, 0.0, 0.5, 0.809017, 0.309017, 0.0, 0.809017, -0.309017, -0.5, 0.0, 0.0, 0.0, 0.0, 1.0 ], [ 0.809017, -0.309017, -0.5, 0.0, -0.309017, 0.5, -0.809017, 0.0, 0.5, 0.809017, 0.309017, 0.0, 0.0, 0.0, 0.0, 1.0 ], [ 0.5, 0.809017, -0.309017, 0.0, 0.809017, -0.309017, 0.5, 0.0, 0.309017, -0.5, -0.809017, 0.0, 0.0, 0.0, 0.0, 1.0 ], [ 0.309017, -0.5, -0.809017, 0.0, 0.5, 0.809017, -0.309017, 0.0, 0.809017, -0.309017, 0.5, 0.0, 0.0, 0.0, 0.0, 1.0 ], [ 0.809017, -0.309017, 0.5, 0.0, 0.309017, -0.5, -0.809017, 0.0, 0.5, 0.809017, -0.309017, 0.0, 0.0, 0.0, 0.0, 1.0 ], [ 0.809017, 0.309017, -0.5, 0.0, 0.309017, 0.5, 0.809017, 0.0, 0.5, -0.809017, 0.309017, 0.0, 0.0, 0.0, 0.0, 1.0 ], [ 0.5, -0.809017, 0.309017, 0.0, 0.809017, 0.309017, -0.5, 0.0, 0.309017, 0.5, 0.809017, 0.0, 0.0, 0.0, 0.0, 1.0 ], [ 0.309017, 0.5, 0.809017, 0.0, 0.5, -0.809017, 0.309017, 0.0, 0.809017, 0.309017, -0.5, 0.0, 0.0, 0.0, 0.0, 1.0 ], [ 1.0, 0.0, 0.0, 0.0, 0.0, -1.0, 0.0, 0.0, 0.0, 0.0, -1.0, 0.0, 0.0, 0.0, 0.0, 1.0 ], [ 0.0, 0.0, 1.0, 0.0, -1.0, 0.0, 0.0, 0.0, 0.0, -1.0, 0.0, 0.0, 0.0, 0.0, 0.0, 1.0 ], [ 0.0, 1.0, 0.0, 0.0, 0.0, 0.0, -1.0, 0.0, -1.0, 0.0, 0.0, 0.0, 0.0, 0.0, 0.0, 1.0 ], [ 0.809017, 0.309017, 0.5, 0.0, -0.309017, -0.5, 0.809017, 0.0, 0.5, -0.809017, -0.309017, 0.0, 0.0, 0.0, 0.0, 1.0 ], [ -0.5, 0.809017, 0.309017, 0.0, -0.809017, -0.309017, -0.5, 0.0, -0.309017, -0.5, 0.809017, 0.0, 0.0, 0.0, 0.0, 1.0 ], [ 0.309017, 0.5, -0.809017, 0.0, 0.5, -0.809017, -0.309017, 0.0, -0.809017, -0.309017, -0.5, 0.0, 0.0, 0.0, 0.0, 1.0 ], [ 0.5, 0.809017, 0.309017, 0.0, -0.809017, 0.309017, 0.5, 0.0, 0.309017, -0.5, 0.809017, 0.0, 0.0, 0.0, 0.0, 1.0 ], [ -0.309017, 0.5, -0.809017, 0.0, -0.5, -0.809017, -0.309017, 0.0, -0.809017, 0.309017, 0.5, 0.0, 0.0, 0.0, 0.0, 1.0 ], [ 0.809017, -0.309017, -0.5, 0.0, 0.309017, -0.5, 0.809017, 0.0, -0.5, -0.809017, -0.309017, 0.0, 0.0, 0.0, 0.0, 1.0 ], [ 0.5, 0.809017, -0.309017, 0.0, -0.809017, 0.309017, -0.5, 0.0, -0.309017, 0.5, 0.809017, 0.0, 0.0, 0.0, 0.0, 1.0 ], [ 0.309017, -0.5, -0.809017, 0.0, -0.5, -0.809017, 0.309017, 0.0, -0.809017, 0.309017, -0.5, 0.0, 0.0, 0.0, 0.0, 1.0 ], [ 0.809017, -0.309017, 0.5, 0.0, -0.309017, 0.5, 0.809017, 0.0, -0.5, -0.809017, 0.309017, 0.0, 0.0, 0.0, 0.0, 1.0 ], [ 0.809017, 0.309017, -0.5, 0.0, -0.309017, -0.5, -0.809017, 0.0, -0.5, 0.809017, -0.309017, 0.0, 0.0, 0.0, 0.0, 1.0 ], [ 0.5, -0.809017, 0.309017, 0.0, -0.809017, -0.309017, 0.5, 0.0, -0.309017, -0.5, -0.809017, 0.0, 0.0, 0.0, 0.0, 1.0 ], [ 0.309017, 0.5, 0.809017, 0.0, -0.5, 0.809017, -0.309017, 0.0, -0.809017, -0.309017, 0.5, 0.0, 0.0, 0.0, 0.0, 1.0 ], [ -1.0, 0.0, 0.0, 0.0, 0.0, -1.0, 0.0, 0.0, 0.0, 0.0, 1.0, 0.0, 0.0, 0.0, 0.0, 1.0 ], [ 0.0, 0.0, -1.0, 0.0, -1.0, 0.0, 0.0, 0.0, 0.0, 1.0, 0.0, 0.0, 0.0, 0.0, 0.0, 1.0 ], [ 0.0, -1.0, 0.0, 0.0, 0.0, 0.0, -1.0, 0.0, 1.0, 0.0, 0.0, 0.0, 0.0, 0.0, 0.0, 1.0 ], [ -0.809017, -0.309017, -0.5, 0.0, -0.309017, -0.5, 0.809017, 0.0, -0.5, 0.809017, 0.309017, 0.0, 0.0, 0.0, 0.0, 1.0 ], [ 0.5, -0.809017, -0.309017, 0.0, -0.809017, -0.309017, -0.5, 0.0, 0.309017, 0.5, -0.809017, 0.0, 0.0, 0.0, 0.0, 1.0 ], [ -0.309017, -0.5, 0.809017, 0.0, 0.5, -0.809017, -0.309017, 0.0, 0.809017, 0.309017, 0.5, 0.0, 0.0, 0.0, 0.0, 1.0 ], [ -0.5, -0.809017, -0.309017, 0.0, -0.809017, 0.309017, 0.5, 0.0, -0.309017, 0.5, -0.809017, 0.0, 0.0, 0.0, 0.0, 1.0 ], [ 0.309017, -0.5, 0.809017, 0.0, -0.5, -0.809017, -0.309017, 0.0, 0.809017, -0.309017, -0.5, 0.0, 0.0, 0.0, 0.0, 1.0 ], [ -0.809017, 0.309017, 0.5, 0.0, 0.309017, -0.5, 0.809017, 0.0, 0.5, 0.809017, 0.309017, 0.0, 0.0, 0.0, 0.0, 1.0 ], [ -0.5, -0.809017, 0.309017, 0.0, -0.809017, 0.309017, -0.5, 0.0, 0.309017, -0.5, -0.809017, 0.0, 0.0, 0.0, 0.0, 1.0 ], [ -0.309017, 0.5, 0.809017, 0.0, -0.5, -0.809017, 0.309017, 0.0, 0.809017, -0.309017, 0.5, 0.0, 0.0, 0.0, 0.0, 1.0 ], [ -0.809017, 0.309017, -0.5, 0.0, -0.309017, 0.5, 0.809017, 0.0, 0.5, 0.809017, -0.309017, 0.0, 0.0, 0.0, 0.0, 1.0 ], [ -0.809017, -0.309017, 0.5, 0.0, -0.309017, -0.5, -0.809017, 0.0, 0.5, -0.809017, 0.309017, 0.0, 0.0, 0.0, 0.0, 1.0 ], [ -0.5, 0.809017, -0.309017, 0.0, -0.809017, -0.309017, 0.5, 0.0, 0.309017, 0.5, 0.809017, 0.0, 0.0, 0.0, 0.0, 1.0 ], [ -0.309017, -0.5, -0.809017, 0.0, -0.5, 0.809017, -0.309017, 0.0, 0.809017, 0.309017, -0.5, 0.0, 0.0, 0.0, 0.0, 1.0 ], [ -1.0, 0.0, 0.0, 0.0, 0.0, 1.0, 0.0, 0.0, 0.0, 0.0, -1.0, 0.0, 0.0, 0.0, 0.0, 1.0 ], [ 0.0, 0.0, -1.0, 0.0, 1.0, 0.0, 0.0, 0.0, 0.0, -1.0, 0.0, 0.0, 0.0, 0.0, 0.0, 1.0 ], [ 0.0, -1.0, 0.0, 0.0, 0.0, 0.0, 1.0, 0.0, -1.0, 0.0, 0.0, 0.0, 0.0, 0.0, 0.0, 1.0 ], [ -0.809017, -0.309017, -0.5, 0.0, 0.309017, 0.5, -0.809017, 0.0, 0.5, -0.809017, -0.309017, 0.0, 0.0, 0.0, 0.0, 1.0 ], [ 0.5, -0.809017, -0.309017, 0.0, 0.809017, 0.309017, 0.5, 0.0, -0.309017, -0.5, 0.809017, 0.0, 0.0, 0.0, 0.0, 1.0 ], [ -0.309017, -0.5, 0.809017, 0.0, -0.5, 0.809017, 0.309017, 0.0, -0.809017, -0.309017, -0.5, 0.0, 0.0, 0.0, 0.0, 1.0 ], [ -0.5, -0.809017, -0.309017, 0.0, 0.809017, -0.309017, -0.5, 0.0, 0.309017, -0.5, 0.809017, 0.0, 0.0, 0.0, 0.0, 1.0 ], [ 0.309017, -0.5, 0.809017, 0.0, 0.5, 0.809017, 0.309017, 0.0, -0.809017, 0.309017, 0.5, 0.0, 0.0, 0.0, 0.0, 1.0 ], [ -0.809017, 0.309017, 0.5, 0.0, -0.309017, 0.5, -0.809017, 0.0, -0.5, -0.809017, -0.309017, 0.0, 0.0, 0.0, 0.0, 1.0 ], [ -0.5, -0.809017, 0.309017, 0.0, 0.809017, -0.309017, 0.5, 0.0, -0.309017, 0.5, 0.809017, 0.0, 0.0, 0.0, 0.0, 1.0 ], [ -0.309017, 0.5, 0.809017, 0.0, 0.5, 0.809017, -0.309017, 0.0, -0.809017, 0.309017, -0.5, 0.0, 0.0, 0.0, 0.0, 1.0 ], [ -0.809017, 0.309017, -0.5, 0.0, 0.309017, -0.5, -0.809017, 0.0, -0.5, -0.809017, 0.309017, 0.0, 0.0, 0.0, 0.0, 1.0 ], [ -0.809017, -0.309017, 0.5, 0.0, 0.309017, 0.5, 0.809017, 0.0, -0.5, 0.809017, -0.309017, 0.0, 0.0, 0.0, 0.0, 1.0 ], [ -0.5, 0.809017, -0.309017, 0.0, 0.809017, 0.309017, -0.5, 0.0, -0.309017, -0.5, -0.809017, 0.0, 0.0, 0.0, 0.0, 1.0 ], [ -0.309017, -0.5, -0.809017, 0.0, 0.5, -0.809017, 0.309017, 0.0, -0.809017, -0.309017, 0.5, 0.0, 0.0, 0.0, 0.0, 1.0 ] ],
  "lights" : {
    "ambientColor" : "#292929",
    "backgroundColor" : "#AFC8DC",
    "directionalLights" : [ {
      "direction" : {
        "x" : 1.0,
        "y" : -1.0,
        "z" : -1.0
      },
      "color" : "#EBEBE4"
    }, {
      "direction" : {
        "x" : -1.0,
        "y" : 0.0,
        "z" : 0.0
      },
      "color" : "#E4E4EB"
    }, {
      "direction" : {
        "x" : 0.0,
        "y" : 0.0,
        "z" : -1.0
      },
      "color" : "#1E1E1E"
    } ]
  },
  "camera" : {
    "viewDistance" : 487.29974,
    "nearClipDistance" : 1.2182488,
    "farClipDistance" : 974.5984,
    "lookAtPoint" : {
      "x" : 0.0,
      "y" : 0.0,
      "z" : 0.0
    },
    "fieldOfView" : 0.44262898,
    "perspective" : false,
    "lookDirection" : {
      "x" : 0.60413724,
      "y" : -0.79627043,
      "z" : 0.031062283
    },
    "upDirection" : {
      "x" : -0.6250345,
      "y" : -0.4976891,
      "z" : -0.60135025
    },
    "width" : 219.28494,
    "stereo" : false,
    "position" : {
      "x" : -294.39594,
      "y" : 388.02237,
      "z" : -15.136642
    }
  },
  "embedding" : [ 1.0, 0.0, 0.0, 0.0, 0.0, 1.0, 0.0, 0.0, 0.0, 0.0, 1.0, 0.0, 0.0, 0.0, 0.0, 1.0 ],
  "shapes" : [ {
    "id" : "44310598-bc70-4c4e-94b8-376a9a53f913",
    "vertices" : [ {
      "x" : 20.0,
      "y" : 0.309017,
      "z" : 0.19098301
    }, {
      "x" : 20.0,
      "y" : 0.309017,
      "z" : -0.19098301
    }, {
      "x" : 1.0,
      "y" : 0.309017,
      "z" : -0.19098301
    }, {
      "x" : 1.0,
      "y" : 0.309017,
      "z" : 0.19098301
    }, {
      "x" : 20.0,
      "y" : -0.309017,
      "z" : 0.19098301
    }, {
      "x" : 1.0,
      "y" : -0.309017,
      "z" : 0.19098301
    }, {
      "x" : 1.0,
      "y" : -0.309017,
      "z" : -0.19098301
    }, {
      "x" : 20.0,
      "y" : -0.309017,
      "z" : -0.19098301
    }, {
      "x" : 21.0,
      "y" : 0.0,
      "z" : 0.0
    } ],
    "faces" : [ {
      "vertices" : [ 1, 7, 6 ]
    }, {
      "vertices" : [ 1, 6, 2 ]
    }, {
      "vertices" : [ 0, 1, 2 ]
    }, {
      "vertices" : [ 0, 2, 3 ]
    }, {
      "vertices" : [ 4, 5, 6 ]
    }, {
      "vertices" : [ 4, 6, 7 ]
    }, {
      "vertices" : [ 0, 3, 5 ]
    }, {
      "vertices" : [ 0, 5, 4 ]
    } ]
  }, {
    "id" : "74514aff-d619-4df0-9cfe-0c3a15510b0a",
    "vertices" : [ {
      "x" : -5.0,
      "y" : -14.0,
      "z" : 10.0
    }, {
      "x" : 10.0,
      "y" : -11.0,
      "z" : 10.0
    }, {
      "x" : 10.0,
      "y" : -5.0,
      "z" : -14.0
    }, {
      "x" : -10.0,
      "y" : -10.0,
      "z" : -10.0
    } ],
    "faces" : [ {
      "vertices" : [ 0, 1, 2 ]
    }, {
      "vertices" : [ 0, 2, 3 ]
    }, {
      "vertices" : [ 0, 3, 2 ]
    }, {
      "vertices" : [ 0, 2, 1 ]
    } ]
  }, {
    "id" : "37f15096-11d0-4212-8446-aa84c432c076",
    "vertices" : [ {
      "x" : 0.309017,
      "y" : -0.809017,
      "z" : 0.618034
    }, {
      "x" : 0.809017,
      "y" : -0.618034,
      "z" : 0.309017
    }, {
      "x" : 0.618034,
      "y" : -0.309017,
      "z" : 0.809017
    }, {
      "x" : 1.0,
      "y" : 0.309017,
      "z" : 0.19098301
    }, {
      "x" : 0.809017,
      "y" : 0.618034,
      "z" : 0.309017
    }, {
      "x" : 0.618034,
      "y" : 0.309017,
      "z" : 0.809017
    }, {
      "x" : 0.809017,
      "y" : 0.0,
      "z" : 0.690983
    }, {
      "x" : 0.19098301,
      "y" : -1.0,
      "z" : 0.309017
    }, {
      "x" : -0.19098301,
      "y" : -1.0,
      "z" : 0.309017
    }, {
      "x" : -0.19098301,
      "y" : -1.0,
      "z" : -0.309017
    }, {
      "x" : 0.19098301,
      "y" : -1.0,
      "z" : -0.309017
    }, {
      "x" : 1.0,
      "y" : -0.309017,
      "z" : -0.19098301
    }, {
      "x" : 0.809017,
      "y" : -0.618034,
      "z" : -0.309017
    }, {
      "x" : 0.618034,
      "y" : -0.309017,
      "z" : -0.809017
    }, {
      "x" : 0.809017,
      "y" : 0.0,
      "z" : -0.690983
    }, {
      "x" : 0.0,
      "y" : 0.690983,
      "z" : -0.809017
    }, {
      "x" : 0.309017,
      "y" : 0.809017,
      "z" : -0.618034
    }, {
      "x" : 0.618034,
      "y" : 0.309017,
      "z" : -0.809017
    }, {
      "x" : 0.309017,
      "y" : 0.19098301,
      "z" : -1.0
    }, {
      "x" : 1.0,
      "y" : 0.309017,
      "z" : -0.19098301
    }, {
      "x" : -0.309017,
      "y" : -0.809017,
      "z" : 0.618034
    }, {
      "x" : 0.0,
      "y" : -0.690983,
      "z" : 0.809017
    }, {
      "x" : 0.809017,
      "y" : 0.618034,
      "z" : -0.309017
    }, {
      "x" : 0.690983,
      "y" : 0.809017,
      "z" : 0.0
    }, {
      "x" : -0.690983,
      "y" : 0.809017,
      "z" : 0.0
    }, {
      "x" : -0.809017,
      "y" : 0.618034,
      "z" : 0.309017
    }, {
      "x" : -0.309017,
      "y" : 0.809017,
      "z" : 0.618034
    }, {
      "x" : -0.19098301,
      "y" : 1.0,
      "z" : 0.309017
    }, {
      "x" : 0.309017,
      "y" : -0.19098301,
      "z" : -1.0
    }, {
      "x" : 0.19098301,
      "y" : 1.0,
      "z" : 0.309017
    }, {
      "x" : 0.309017,
      "y" : 0.809017,
      "z" : 0.618034
    }, {
      "x" : -0.809017,
      "y" : -0.618034,
      "z" : 0.309017
    }, {
      "x" : -0.690983,
      "y" : -0.809017,
      "z" : 0.0
    }, {
      "x" : 0.0,
      "y" : 0.690983,
      "z" : 0.809017
    }, {
      "x" : 0.309017,
      "y" : -0.809017,
      "z" : -0.618034
    }, {
      "x" : 0.0,
      "y" : -0.690983,
      "z" : -0.809017
    }, {
      "x" : -1.0,
      "y" : 0.309017,
      "z" : 0.19098301
    }, {
      "x" : -0.809017,
      "y" : 0.0,
      "z" : 0.690983
    }, {
      "x" : -0.618034,
      "y" : 0.309017,
      "z" : 0.809017
    }, {
      "x" : 1.0,
      "y" : -0.309017,
      "z" : 0.19098301
    }, {
      "x" : -0.309017,
      "y" : -0.809017,
      "z" : -0.618034
    }, {
      "x" : -1.0,
      "y" : 0.309017,
      "z" : -0.19098301
    }, {
      "x" : -1.0,
      "y" : -0.309017,
      "z" : -0.19098301
    }, {
      "x" : -1.0,
      "y" : -0.309017,
      "z" : 0.19098301
    }, {
      "x" : 0.19098301,
      "y" : 1.0,
      "z" : -0.309017
    }, {
      "x" : -0.809017,
      "y" : 0.618034,
      "z" : -0.309017
    }, {
      "x" : -0.19098301,
      "y" : 1.0,
      "z" : -0.309017
    }, {
      "x" : -0.309017,
      "y" : 0.809017,
      "z" : -0.618034
    }, {
      "x" : -0.618034,
      "y" : -0.309017,
      "z" : 0.809017
    }, {
      "x" : 0.309017,
      "y" : 0.19098301,
      "z" : 1.0
    }, {
      "x" : -0.309017,
      "y" : 0.19098301,
      "z" : -1.0
    }, {
      "x" : -0.309017,
      "y" : 0.19098301,
      "z" : 1.0
    }, {
      "x" : -0.309017,
      "y" : -0.19098301,
      "z" : 1.0
    }, {
      "x" : 0.309017,
      "y" : -0.19098301,
      "z" : 1.0
    }, {
      "x" : 0.690983,
      "y" : -0.809017,
      "z" : 0.0
    }, {
      "x" : -0.809017,
      "y" : 0.0,
      "z" : -0.690983
    }, {
      "x" : -0.618034,
      "y" : -0.309017,
      "z" : -0.809017
    }, {
      "x" : -0.309017,
      "y" : -0.19098301,
      "z" : -1.0
    }, {
      "x" : -0.618034,
      "y" : 0.309017,
      "z" : -0.809017
    }, {
      "x" : -0.809017,
      "y" : -0.618034,
      "z" : -0.309017
    } ],
    "faces" : [ {
      "vertices" : [ 9, 40, 35 ]
    }, {
      "vertices" : [ 9, 35, 34 ]
    }, {
      "vertices" : [ 9, 34, 10 ]
    }, {
      "vertices" : [ 0, 1, 2 ]
    }, {
      "vertices" : [ 33, 51, 49 ]
    }, {
      "vertices" : [ 25, 36, 37 ]
    }, {
      "vertices" : [ 25, 37, 38 ]
    }, {
      "vertices" : [ 41, 55, 42 ]
    }, {
      "vertices" : [ 9, 32, 59 ]
    }, {
      "vertices" : [ 9, 59, 40 ]
    }, {
      "vertices" : [ 20, 21, 52 ]
    }, {
      "vertices" : [ 20, 52, 48 ]
    }, {
      "vertices" : [ 26, 33, 30 ]
    }, {
      "vertices" : [ 26, 30, 29 ]
    }, {
      "vertices" : [ 26, 29, 27 ]
    }, {
      "vertices" : [ 3, 4, 5 ]
    }, {
      "vertices" : [ 3, 5, 6 ]
    }, {
      "vertices" : [ 27, 29, 44 ]
    }, {
      "vertices" : [ 27, 44, 46 ]
    }, {
      "vertices" : [ 50, 57, 56 ]
    }, {
      "vertices" : [ 50, 56, 55 ]
    }, {
      "vertices" : [ 50, 55, 58 ]
    }, {
      "vertices" : [ 26, 38, 51 ]
    }, {
      "vertices" : [ 26, 51, 33 ]
    }, {
      "vertices" : [ 45, 47, 58 ]
    }, {
      "vertices" : [ 18, 28, 57 ]
    }, {
      "vertices" : [ 18, 57, 50 ]
    }, {
      "vertices" : [ 40, 59, 56 ]
    }, {
      "vertices" : [ 31, 48, 37 ]
    }, {
      "vertices" : [ 31, 37, 43 ]
    }, {
      "vertices" : [ 7, 8, 9 ]
    }, {
      "vertices" : [ 7, 9, 10 ]
    }, {
      "vertices" : [ 36, 41, 42 ]
    }, {
      "vertices" : [ 36, 42, 43 ]
    }, {
      "vertices" : [ 24, 46, 47 ]
    }, {
      "vertices" : [ 24, 47, 45 ]
    }, {
      "vertices" : [ 4, 30, 5 ]
    }, {
      "vertices" : [ 15, 47, 46 ]
    }, {
      "vertices" : [ 15, 46, 44 ]
    }, {
      "vertices" : [ 15, 44, 16 ]
    }, {
      "vertices" : [ 15, 50, 58 ]
    }, {
      "vertices" : [ 15, 58, 47 ]
    }, {
      "vertices" : [ 24, 45, 41 ]
    }, {
      "vertices" : [ 24, 41, 36 ]
    }, {
      "vertices" : [ 24, 36, 25 ]
    }, {
      "vertices" : [ 11, 14, 19 ]
    }, {
      "vertices" : [ 3, 6, 39 ]
    }, {
      "vertices" : [ 1, 39, 6 ]
    }, {
      "vertices" : [ 1, 6, 2 ]
    }, {
      "vertices" : [ 8, 32, 9 ]
    }, {
      "vertices" : [ 11, 12, 13 ]
    }, {
      "vertices" : [ 11, 13, 14 ]
    }, {
      "vertices" : [ 16, 22, 17 ]
    }, {
      "vertices" : [ 0, 21, 20 ]
    }, {
      "vertices" : [ 0, 20, 8 ]
    }, {
      "vertices" : [ 0, 8, 7 ]
    }, {
      "vertices" : [ 12, 34, 13 ]
    }, {
      "vertices" : [ 35, 40, 56 ]
    }, {
      "vertices" : [ 35, 56, 57 ]
    }, {
      "vertices" : [ 0, 7, 54 ]
    }, {
      "vertices" : [ 0, 54, 1 ]
    }, {
      "vertices" : [ 15, 16, 17 ]
    }, {
      "vertices" : [ 15, 17, 18 ]
    }, {
      "vertices" : [ 3, 19, 22 ]
    }, {
      "vertices" : [ 3, 22, 23 ]
    }, {
      "vertices" : [ 3, 23, 4 ]
    }, {
      "vertices" : [ 7, 10, 54 ]
    }, {
      "vertices" : [ 41, 45, 58 ]
    }, {
      "vertices" : [ 41, 58, 55 ]
    }, {
      "vertices" : [ 3, 39, 11 ]
    }, {
      "vertices" : [ 3, 11, 19 ]
    }, {
      "vertices" : [ 14, 17, 22 ]
    }, {
      "vertices" : [ 14, 22, 19 ]
    }, {
      "vertices" : [ 0, 2, 53 ]
    }, {
      "vertices" : [ 0, 53, 21 ]
    }, {
      "vertices" : [ 49, 51, 52 ]
    }, {
      "vertices" : [ 49, 52, 53 ]
    }, {
      "vertices" : [ 31, 43, 42 ]
    }, {
      "vertices" : [ 31, 42, 59 ]
    }, {
      "vertices" : [ 31, 59, 32 ]
    }, {
      "vertices" : [ 15, 18, 50 ]
    }, {
      "vertices" : [ 42, 55, 56 ]
    }, {
      "vertices" : [ 42, 56, 59 ]
    }, {
      "vertices" : [ 4, 23, 29 ]
    }, {
      "vertices" : [ 4, 29, 30 ]
    }, {
      "vertices" : [ 25, 38, 26 ]
    }, {
      "vertices" : [ 13, 28, 18 ]
    }, {
      "vertices" : [ 13, 18, 17 ]
    }, {
      "vertices" : [ 13, 17, 14 ]
    }, {
      "vertices" : [ 8, 20, 31 ]
    }, {
      "vertices" : [ 8, 31, 32 ]
    }, {
      "vertices" : [ 23, 44, 29 ]
    }, {
      "vertices" : [ 24, 27, 46 ]
    }, {
      "vertices" : [ 37, 48, 52 ]
    }, {
      "vertices" : [ 37, 52, 51 ]
    }, {
      "vertices" : [ 37, 51, 38 ]
    }, {
      "vertices" : [ 20, 48, 31 ]
    }, {
      "vertices" : [ 24, 25, 26 ]
    }, {
      "vertices" : [ 24, 26, 27 ]
    }, {
      "vertices" : [ 16, 44, 23 ]
    }, {
      "vertices" : [ 16, 23, 22 ]
    }, {
      "vertices" : [ 13, 34, 35 ]
    }, {
      "vertices" : [ 13, 35, 28 ]
    }, {
      "vertices" : [ 10, 34, 12 ]
    }, {
      "vertices" : [ 10, 12, 54 ]
    }, {
      "vertices" : [ 2, 6, 5 ]
    }, {
      "vertices" : [ 2, 5, 49 ]
    }, {
      "vertices" : [ 2, 49, 53 ]
    }, {
      "vertices" : [ 36, 43, 37 ]
    }, {
      "vertices" : [ 5, 30, 33 ]
    }, {
      "vertices" : [ 5, 33, 49 ]
    }, {
      "vertices" : [ 1, 54, 12 ]
    }, {
      "vertices" : [ 1, 12, 11 ]
    }, {
      "vertices" : [ 1, 11, 39 ]
    }, {
      "vertices" : [ 28, 35, 57 ]
    }, {
      "vertices" : [ 21, 53, 52 ]
    } ]
  }, {
    "id" : "bc172cf2-684c-4955-9d1d-8339025951f7",
    "vertices" : [ {
      "x" : 20.48374,
      "y" : 5.262602,
      "z" : -4.396748
    }, {
      "x" : 20.58374,
      "y" : 5.3626018,
      "z" : -3.996748
    }, {
      "x" : -0.48373982,
      "y" : -0.2626016,
      "z" : 0.39674798
    }, {
      "x" : -0.5837398,
      "y" : -0.36260164,
      "z" : -0.0032520324
    }, {
      "x" : 20.817074,
      "y" : 5.0626016,
      "z" : -3.8634145
    }, {
      "x" : 20.717073,
      "y" : 4.9626017,
      "z" : -4.263415
    }, {
      "x" : -0.81707317,
      "y" : -0.062601626,
      "z" : -0.13658537
    }, {
      "x" : -0.71707314,
      "y" : 0.037398376,
      "z" : 0.26341462
    } ],
    "faces" : [ {
      "vertices" : [ 2, 3, 6 ]
    }, {
      "vertices" : [ 2, 6, 7 ]
    }, {
      "vertices" : [ 0, 5, 4 ]
    }, {
      "vertices" : [ 0, 4, 1 ]
    }, {
      "vertices" : [ 2, 4, 5 ]
    }, {
      "vertices" : [ 2, 5, 3 ]
    }, {
      "vertices" : [ 0, 6, 3 ]
    }, {
      "vertices" : [ 0, 3, 5 ]
    }, {
      "vertices" : [ 0, 1, 7 ]
    }, {
      "vertices" : [ 0, 7, 6 ]
    }, {
      "vertices" : [ 1, 4, 2 ]
    }, {
      "vertices" : [ 1, 2, 7 ]
    } ]
  }, {
    "id" : "9f9f3347-4b9c-44a1-8fdb-1f94b2390523",
    "vertices" : [ {
      "x" : -10.0,
      "y" : 5.0,
      "z" : 14.0
    }, {
      "x" : -10.0,
      "y" : 11.0,
      "z" : -10.0
    }, {
      "x" : -10.0,
      "y" : -10.0,
      "z" : -10.0
    }, {
      "x" : -10.0,
      "y" : -10.0,
      "z" : 11.0
    } ],
    "faces" : [ {
      "vertices" : [ 0, 1, 2 ]
    }, {
      "vertices" : [ 0, 2, 3 ]
    }, {
      "vertices" : [ 0, 3, 2 ]
    }, {
      "vertices" : [ 0, 2, 1 ]
    } ]
  }, {
    "id" : "a746ee82-e6f5-458c-84e3-e7b79d647c09",
    "vertices" : [ {
      "x" : 23.471014,
      "y" : -0.26666668,
      "z" : -5.726087
    }, {
      "x" : 23.371014,
      "y" : 0.13333334,
      "z" : -5.626087
    }, {
      "x" : 0.5289855,
      "y" : 0.26666668,
      "z" : -0.27391306
    }, {
      "x" : 0.6289855,
      "y" : -0.13333334,
      "z" : -0.37391305
    }, {
      "x" : 23.137682,
      "y" : 0.26666668,
      "z" : -5.926087
    }, {
      "x" : 23.23768,
      "y" : -0.13333334,
      "z" : -6.026087
    }, {
      "x" : 0.8623188,
      "y" : -0.26666668,
      "z" : -0.073913045
    }, {
      "x" : 0.76231885,
      "y" : 0.13333334,
      "z" : 0.026086956
    } ],
    "faces" : [ {
      "vertices" : [ 2, 3, 6 ]
    }, {
      "vertices" : [ 2, 6, 7 ]
    }, {
      "vertices" : [ 0, 5, 4 ]
    }, {
      "vertices" : [ 0, 4, 1 ]
    }, {
      "vertices" : [ 2, 4, 5 ]
    }, {
      "vertices" : [ 2, 5, 3 ]
    }, {
      "vertices" : [ 0, 6, 3 ]
    }, {
      "vertices" : [ 0, 3, 5 ]
    }, {
      "vertices" : [ 0, 1, 7 ]
    }, {
      "vertices" : [ 0, 7, 6 ]
    }, {
      "vertices" : [ 1, 4, 2 ]
    }, {
      "vertices" : [ 1, 2, 7 ]
    } ]
  }, {
    "id" : "bce8bae1-19cb-4180-b2be-de7912ce70b7",
    "vertices" : [ {
      "x" : 11.0,
      "y" : -10.0,
      "z" : -10.0
    }, {
      "x" : -10.0,
      "y" : -10.0,
      "z" : -10.0
    }, {
      "x" : -10.0,
      "y" : 11.0,
      "z" : -10.0
    }, {
      "x" : 5.0,
      "y" : 14.0,
      "z" : -10.0
    } ],
    "faces" : [ {
      "vertices" : [ 0, 1, 2 ]
    }, {
      "vertices" : [ 0, 2, 3 ]
    }, {
      "vertices" : [ 0, 3, 2 ]
    }, {
      "vertices" : [ 0, 2, 1 ]
    } ]
  }, {
    "id" : "abd4f438-f1b3-4d58-ae96-6009b1ce731b",
    "vertices" : [ {
      "x" : -0.26666668,
      "y" : -14.452381,
      "z" : -2.7571428
    }, {
      "x" : 0.13333334,
      "y" : -14.352381,
      "z" : -2.6571429
    }, {
      "x" : 0.26666668,
      "y" : -0.54761904,
      "z" : -0.24285714
    }, {
      "x" : -0.13333334,
      "y" : -0.64761907,
      "z" : -0.34285715
    }, {
      "x" : 0.26666668,
      "y" : -14.119047,
      "z" : -2.9571428
    }, {
      "x" : -0.13333334,
      "y" : -14.219048,
      "z" : -3.057143
    }, {
      "x" : -0.26666668,
      "y" : -0.88095236,
      "z" : -0.042857144
    }, {
      "x" : 0.13333334,
      "y" : -0.7809524,
      "z" : 0.057142857
    } ],
    "faces" : [ {
      "vertices" : [ 2, 3, 6 ]
    }, {
      "vertices" : [ 2, 6, 7 ]
    }, {
      "vertices" : [ 0, 5, 4 ]
    }, {
      "vertices" : [ 0, 4, 1 ]
    }, {
      "vertices" : [ 2, 4, 5 ]
    }, {
      "vertices" : [ 2, 5, 3 ]
    }, {
      "vertices" : [ 0, 6, 3 ]
    }, {
      "vertices" : [ 0, 3, 5 ]
    }, {
      "vertices" : [ 0, 1, 7 ]
    }, {
      "vertices" : [ 0, 7, 6 ]
    }, {
      "vertices" : [ 1, 4, 2 ]
    }, {
      "vertices" : [ 1, 2, 7 ]
    } ]
  }, {
    "id" : "15386ebc-9fa0-4391-bea2-01704692c19f",
    "vertices" : [ {
      "x" : 36.0,
      "y" : -9.0,
      "z" : 27.0
    }, {
      "x" : 32.0,
      "y" : 11.0,
      "z" : 32.0
    }, {
      "x" : 32.0,
      "y" : 32.0,
      "z" : 32.0
    }, {
      "x" : 36.0,
      "y" : 12.0,
      "z" : 27.0
    } ],
    "faces" : [ {
      "vertices" : [ 0, 1, 2 ]
    }, {
      "vertices" : [ 0, 2, 3 ]
    }, {
      "vertices" : [ 0, 3, 2 ]
    }, {
      "vertices" : [ 0, 2, 1 ]
    } ]
  }, {
    "id" : "5fb61b40-8942-4d2f-b7d1-04a879000930",
    "vertices" : [ {
      "x" : -11.0,
      "y" : 10.0,
      "z" : 10.0
    }, {
      "x" : 10.0,
      "y" : 10.0,
      "z" : 10.0
    }, {
      "x" : 10.0,
      "y" : -11.0,
      "z" : 10.0
    }, {
      "x" : -5.0,
      "y" : -14.0,
      "z" : 10.0
    } ],
    "faces" : [ {
      "vertices" : [ 0, 1, 2 ]
    }, {
      "vertices" : [ 0, 2, 3 ]
    }, {
      "vertices" : [ 0, 3, 2 ]
    }, {
      "vertices" : [ 0, 2, 1 ]
    } ]
  }, {
    "id" : "b4e1adb7-78d9-4c59-89d1-4c912df915f7",
    "vertices" : [ {
      "x" : -10.0,
      "y" : -10.0,
      "z" : -10.0
    }, {
      "x" : -14.0,
      "y" : 10.0,
      "z" : -5.0
    }, {
      "x" : -14.0,
      "y" : 10.0,
      "z" : 16.0
    }, {
      "x" : -10.0,
      "y" : -10.0,
      "z" : 11.0
    } ],
    "faces" : [ {
      "vertices" : [ 0, 1, 2 ]
    }, {
      "vertices" : [ 0, 2, 3 ]
    }, {
      "vertices" : [ 0, 3, 2 ]
    }, {
      "vertices" : [ 0, 2, 1 ]
    } ]
  }, {
    "id" : "bb659d5b-de99-47f3-8ad1-53044a9b1d5c",
    "vertices" : [ {
      "x" : -10.0,
      "y" : 5.0,
      "z" : 14.0
    }, {
      "x" : -10.0,
      "y" : -10.0,
      "z" : 11.0
    }, {
      "x" : 14.0,
      "y" : -10.0,
      "z" : 5.0
    }, {
      "x" : 10.0,
      "y" : 10.0,
      "z" : 10.0
    } ],
    "faces" : [ {
      "vertices" : [ 0, 1, 2 ]
    }, {
      "vertices" : [ 0, 2, 3 ]
    }, {
      "vertices" : [ 0, 3, 2 ]
    }, {
      "vertices" : [ 0, 2, 1 ]
    } ]
  }, {
    "id" : "959863ff-8c5b-4695-bb21-17e1d0e3185b",
    "vertices" : [ {
      "x" : -10.0,
      "y" : -10.0,
      "z" : -10.0
    }, {
      "x" : 10.0,
      "y" : -5.0,
      "z" : -14.0
    }, {
      "x" : 10.0,
      "y" : 16.0,
      "z" : -14.0
    }, {
      "x" : -10.0,
      "y" : 11.0,
      "z" : -10.0
    } ],
    "faces" : [ {
      "vertices" : [ 0, 1, 2 ]
    }, {
      "vertices" : [ 0, 2, 3 ]
    }, {
      "vertices" : [ 0, 3, 2 ]
    }, {
      "vertices" : [ 0, 2, 1 ]
    } ]
  }, {
    "id" : "1106191f-94ac-4b7f-9b79-54f3927e4e0e",
    "vertices" : [ {
      "x" : -5.0,
      "y" : -14.0,
      "z" : 10.0
    }, {
      "x" : -5.0,
      "y" : -14.0,
      "z" : 31.0
    }, {
      "x" : 16.0,
      "y" : -14.0,
      "z" : 31.0
    }, {
      "x" : 16.0,
      "y" : -14.0,
      "z" : 10.0
    } ],
    "faces" : [ {
      "vertices" : [ 0, 1, 2 ]
    }, {
      "vertices" : [ 0, 2, 3 ]
    }, {
      "vertices" : [ 0, 3, 2 ]
    }, {
      "vertices" : [ 0, 2, 1 ]
    } ]
  }, {
    "id" : "6db14da9-32ec-4ff7-81ce-cd71d51fbac5",
    "vertices" : [ {
      "x" : -10.0,
      "y" : -10.0,
      "z" : -10.0
    }, {
      "x" : -5.0,
      "y" : -14.0,
      "z" : 10.0
    }, {
      "x" : 16.0,
      "y" : -14.0,
      "z" : 10.0
    }, {
      "x" : 11.0,
      "y" : -10.0,
      "z" : -10.0
    } ],
    "faces" : [ {
      "vertices" : [ 0, 1, 2 ]
    }, {
      "vertices" : [ 0, 2, 3 ]
    }, {
      "vertices" : [ 0, 3, 2 ]
    }, {
      "vertices" : [ 0, 2, 1 ]
    } ]
  }, {
    "id" : "d614cd0e-f784-41d6-89ea-04d65eca5810",
    "vertices" : [ {
      "x" : -14.0,
      "y" : 10.0,
      "z" : 16.0
    }, {
      "x" : -14.0,
      "y" : 31.0,
      "z" : 16.0
    }, {
      "x" : -9.0,
      "y" : 27.0,
      "z" : 36.0
    }, {
      "x" : -9.0,
      "y" : 6.0,
      "z" : 36.0
    } ],
    "faces" : [ {
      "vertices" : [ 0, 1, 2 ]
    }, {
      "vertices" : [ 0, 2, 3 ]
    }, {
      "vertices" : [ 0, 3, 2 ]
    }, {
      "vertices" : [ 0, 2, 1 ]
    } ]
  }, {
    "id" : "2ca1234d-c9b6-4103-b330-73eb2f6e1b60",
    "vertices" : [ {
      "x" : -10.0,
      "y" : -10.0,
      "z" : -10.0
    }, {
      "x" : -10.0,
      "y" : 11.0,
      "z" : -10.0
    }, {
      "x" : -14.0,
      "y" : 31.0,
      "z" : -5.0
    }, {
      "x" : -14.0,
      "y" : 10.0,
      "z" : -5.0
    } ],
    "faces" : [ {
      "vertices" : [ 0, 1, 2 ]
    }, {
      "vertices" : [ 0, 2, 3 ]
    }, {
      "vertices" : [ 0, 3, 2 ]
    }, {
      "vertices" : [ 0, 2, 1 ]
    } ]
  }, {
    "id" : "f73c8971-3448-4c28-80eb-3819668d1b08",
    "vertices" : [ {
      "x" : 5.0,
      "y" : 14.0,
      "z" : -10.0
    }, {
      "x" : -10.0,
      "y" : 11.0,
      "z" : -10.0
    }, {
      "x" : -10.0,
      "y" : 5.0,
      "z" : 14.0
    }, {
      "x" : 10.0,
      "y" : 10.0,
      "z" : 10.0
    } ],
    "faces" : [ {
      "vertices" : [ 0, 1, 2 ]
    }, {
      "vertices" : [ 0, 2, 3 ]
    }, {
      "vertices" : [ 0, 3, 2 ]
    }, {
      "vertices" : [ 0, 2, 1 ]
    } ]
  }, {
    "id" : "64143a34-93ae-482f-bafc-e5617400cae0",
    "vertices" : [ {
      "x" : 10.0,
      "y" : -5.0,
      "z" : -14.0
    }, {
      "x" : 31.0,
      "y" : -5.0,
      "z" : -14.0
    }, {
      "x" : 31.0,
      "y" : 16.0,
      "z" : -14.0
    }, {
      "x" : 10.0,
      "y" : 16.0,
      "z" : -14.0
    } ],
    "faces" : [ {
      "vertices" : [ 0, 1, 2 ]
    }, {
      "vertices" : [ 0, 2, 3 ]
    }, {
      "vertices" : [ 0, 3, 2 ]
    }, {
      "vertices" : [ 0, 2, 1 ]
    } ]
  }, {
    "id" : "d4bf05bd-3197-4d2f-96af-9f3e5276cbea",
    "vertices" : [ {
      "x" : 11.0,
      "y" : -10.0,
      "z" : -10.0
    }, {
      "x" : 16.0,
      "y" : -14.0,
      "z" : 10.0
    }, {
      "x" : 36.0,
      "y" : -9.0,
      "z" : 6.0
    }, {
      "x" : 31.0,
      "y" : -5.0,
      "z" : -14.0
    } ],
    "faces" : [ {
      "vertices" : [ 0, 1, 2 ]
    }, {
      "vertices" : [ 0, 2, 3 ]
    }, {
      "vertices" : [ 0, 3, 2 ]
    }, {
      "vertices" : [ 0, 2, 1 ]
    } ]
  }, {
    "id" : "fb7fcf08-abc0-4f3d-9574-3084553292b8",
    "vertices" : [ {
      "x" : -9.0,
      "y" : 6.0,
      "z" : 36.0
    }, {
      "x" : -9.0,
      "y" : 27.0,
      "z" : 36.0
    }, {
      "x" : 12.0,
      "y" : 27.0,
      "z" : 36.0
    }, {
      "x" : 12.0,
      "y" : 6.0,
      "z" : 36.0
    } ],
    "faces" : [ {
      "vertices" : [ 0, 1, 2 ]
    }, {
      "vertices" : [ 0, 2, 3 ]
    }, {
      "vertices" : [ 0, 3, 2 ]
    }, {
      "vertices" : [ 0, 2, 1 ]
    } ]
  }, {
    "id" : "239dbe5d-0e29-4403-afd4-845a3c792234",
    "vertices" : [ {
      "x" : 16.0,
      "y" : -14.0,
      "z" : 10.0
    }, {
      "x" : 16.0,
      "y" : -14.0,
      "z" : 31.0
    }, {
      "x" : 36.0,
      "y" : -9.0,
      "z" : 27.0
    }, {
      "x" : 36.0,
      "y" : -9.0,
      "z" : 6.0
    } ],
    "faces" : [ {
      "vertices" : [ 0, 1, 2 ]
    }, {
      "vertices" : [ 0, 2, 3 ]
    }, {
      "vertices" : [ 0, 3, 2 ]
    }, {
      "vertices" : [ 0, 2, 1 ]
    } ]
  }, {
    "id" : "afe12c40-f185-48d8-8cef-e1c6b12c8501",
    "vertices" : [ {
      "x" : 36.0,
      "y" : 12.0,
      "z" : 6.0
    }, {
      "x" : 36.0,
      "y" : 12.0,
      "z" : 27.0
    }, {
      "x" : 32.0,
      "y" : 32.0,
      "z" : 32.0
    }, {
      "x" : 32.0,
      "y" : 32.0,
      "z" : 11.0
    } ],
    "faces" : [ {
      "vertices" : [ 0, 1, 2 ]
    }, {
      "vertices" : [ 0, 2, 3 ]
    }, {
      "vertices" : [ 0, 3, 2 ]
    }, {
      "vertices" : [ 0, 2, 1 ]
    } ]
  }, {
    "id" : "5153ac16-ab88-40a6-82cb-8a6aee706fce",
    "vertices" : [ {
      "x" : 11.0,
      "y" : -10.0,
      "z" : -10.0
    }, {
      "x" : 5.0,
      "y" : 14.0,
      "z" : -10.0
    }, {
      "x" : 10.0,
      "y" : 10.0,
      "z" : 10.0
    }, {
      "x" : 14.0,
      "y" : -10.0,
      "z" : 5.0
    } ],
    "faces" : [ {
      "vertices" : [ 0, 1, 2 ]
    }, {
      "vertices" : [ 0, 2, 3 ]
    }, {
      "vertices" : [ 0, 3, 2 ]
    }, {
      "vertices" : [ 0, 2, 1 ]
    } ]
  }, {
    "id" : "9ca021ba-1da5-4af7-9928-aa46f9f93546",
    "vertices" : [ {
      "x" : -9.0,
      "y" : 27.0,
      "z" : 36.0
    }, {
      "x" : 11.0,
      "y" : 32.0,
      "z" : 32.0
    }, {
      "x" : 32.0,
      "y" : 32.0,
      "z" : 32.0
    }, {
      "x" : 12.0,
      "y" : 27.0,
      "z" : 36.0
    } ],
    "faces" : [ {
      "vertices" : [ 0, 1, 2 ]
    }, {
      "vertices" : [ 0, 2, 3 ]
    }, {
      "vertices" : [ 0, 3, 2 ]
    }, {
      "vertices" : [ 0, 2, 1 ]
    } ]
  }, {
    "id" : "6a780a45-d910-4d30-97d4-b3417bddb497",
    "vertices" : [ {
      "x" : 10.0,
      "y" : 16.0,
      "z" : -14.0
    }, {
      "x" : 31.0,
      "y" : 16.0,
      "z" : -14.0
    }, {
      "x" : 27.0,
      "y" : 36.0,
      "z" : -9.0
    }, {
      "x" : 6.0,
      "y" : 36.0,
      "z" : -9.0
    } ],
    "faces" : [ {
      "vertices" : [ 0, 1, 2 ]
    }, {
      "vertices" : [ 0, 2, 3 ]
    }, {
      "vertices" : [ 0, 3, 2 ]
    }, {
      "vertices" : [ 0, 2, 1 ]
    } ]
  }, {
    "id" : "148006f8-c609-49d4-8859-a9f9da4eba3d",
    "vertices" : [ {
      "x" : 6.0,
      "y" : 36.0,
      "z" : -9.0
    }, {
      "x" : 27.0,
      "y" : 36.0,
      "z" : -9.0
    }, {
      "x" : 27.0,
      "y" : 36.0,
      "z" : 12.0
    }, {
      "x" : 6.0,
      "y" : 36.0,
      "z" : 12.0
    } ],
    "faces" : [ {
      "vertices" : [ 0, 1, 2 ]
    }, {
      "vertices" : [ 0, 2, 3 ]
    }, {
      "vertices" : [ 0, 3, 2 ]
    }, {
      "vertices" : [ 0, 2, 1 ]
    } ]
  }, {
    "id" : "7e58804f-ac75-4cc5-9a17-cb428c47b808",
    "vertices" : [ {
      "x" : 36.0,
      "y" : -9.0,
      "z" : 6.0
    }, {
      "x" : 36.0,
      "y" : -9.0,
      "z" : 27.0
    }, {
      "x" : 36.0,
      "y" : 12.0,
      "z" : 27.0
    }, {
      "x" : 36.0,
      "y" : 12.0,
      "z" : 6.0
    } ],
    "faces" : [ {
      "vertices" : [ 0, 1, 2 ]
    }, {
      "vertices" : [ 0, 2, 3 ]
    }, {
      "vertices" : [ 0, 3, 2 ]
    }, {
      "vertices" : [ 0, 2, 1 ]
    } ]
  }, {
    "id" : "2bef9f9c-dbe6-43cc-a20c-96e5e61576b8",
    "vertices" : [ {
      "x" : 31.0,
      "y" : -5.0,
      "z" : -14.0
    }, {
      "x" : 36.0,
      "y" : -9.0,
      "z" : 6.0
    }, {
      "x" : 36.0,
      "y" : 12.0,
      "z" : 6.0
    }, {
      "x" : 31.0,
      "y" : 16.0,
      "z" : -14.0
    } ],
    "faces" : [ {
      "vertices" : [ 0, 1, 2 ]
    }, {
      "vertices" : [ 0, 2, 3 ]
    }, {
      "vertices" : [ 0, 3, 2 ]
    }, {
      "vertices" : [ 0, 2, 1 ]
    } ]
  }, {
    "id" : "a614e675-5107-4f2c-88f4-94303486f036",
    "vertices" : [ {
      "x" : -5.0,
      "y" : -14.0,
      "z" : 31.0
    }, {
      "x" : -9.0,
      "y" : 6.0,
      "z" : 36.0
    }, {
      "x" : 12.0,
      "y" : 6.0,
      "z" : 36.0
    }, {
      "x" : 16.0,
      "y" : -14.0,
      "z" : 31.0
    } ],
    "faces" : [ {
      "vertices" : [ 0, 1, 2 ]
    }, {
      "vertices" : [ 0, 2, 3 ]
    }, {
      "vertices" : [ 0, 3, 2 ]
    }, {
      "vertices" : [ 0, 2, 1 ]
    } ]
  }, {
    "id" : "11b7eaad-afe7-4049-b817-d8f3c0fd043b",
    "vertices" : [ {
      "x" : 10.0,
      "y" : -5.0,
      "z" : -14.0
    }, {
      "x" : 10.0,
      "y" : 10.0,
      "z" : -11.0
    }, {
      "x" : -14.0,
      "y" : 10.0,
      "z" : -5.0
    }, {
      "x" : -10.0,
      "y" : -10.0,
      "z" : -10.0
    } ],
    "faces" : [ {
      "vertices" : [ 0, 1, 2 ]
    }, {
      "vertices" : [ 0, 2, 3 ]
    }, {
      "vertices" : [ 0, 3, 2 ]
    }, {
      "vertices" : [ 0, 2, 1 ]
    } ]
  }, {
    "id" : "f505a7da-232f-4ccd-b1ff-0855ba48f09c",
    "vertices" : [ {
      "x" : -11.0,
      "y" : 10.0,
      "z" : 10.0
    }, {
      "x" : -5.0,
      "y" : -14.0,
      "z" : 10.0
    }, {
      "x" : -10.0,
      "y" : -10.0,
      "z" : -10.0
    }, {
      "x" : -14.0,
      "y" : 10.0,
      "z" : -5.0
    } ],
    "faces" : [ {
      "vertices" : [ 0, 1, 2 ]
    }, {
      "vertices" : [ 0, 2, 3 ]
    }, {
      "vertices" : [ 0, 3, 2 ]
    }, {
      "vertices" : [ 0, 2, 1 ]
    } ]
  }, {
    "id" : "5e85fa35-1636-49bf-836a-d9da4d39331c",
    "vertices" : [ {
      "x" : 31.0,
      "y" : 16.0,
      "z" : -14.0
    }, {
      "x" : 36.0,
      "y" : 12.0,
      "z" : 6.0
    }, {
      "x" : 32.0,
      "y" : 32.0,
      "z" : 11.0
    }, {
      "x" : 27.0,
      "y" : 36.0,
      "z" : -9.0
    } ],
    "faces" : [ {
      "vertices" : [ 0, 1, 2 ]
    }, {
      "vertices" : [ 0, 2, 3 ]
    }, {
      "vertices" : [ 0, 3, 2 ]
    }, {
      "vertices" : [ 0, 2, 1 ]
    } ]
  }, {
    "id" : "7ec6f0a4-a72c-4766-9435-bc5c74a2c5c1",
    "vertices" : [ {
      "x" : 11.0,
      "y" : -10.0,
      "z" : -10.0
    }, {
      "x" : 14.0,
      "y" : -10.0,
      "z" : 5.0
    }, {
      "x" : -10.0,
      "y" : -10.0,
      "z" : 11.0
    }, {
      "x" : -10.0,
      "y" : -10.0,
      "z" : -10.0
    } ],
    "faces" : [ {
      "vertices" : [ 0, 1, 2 ]
    }, {
      "vertices" : [ 0, 2, 3 ]
    }, {
      "vertices" : [ 0, 3, 2 ]
    }, {
      "vertices" : [ 0, 2, 1 ]
    } ]
  }, {
    "id" : "944adf86-9294-4b46-93f0-1c496ab40df0",
    "vertices" : [ {
      "x" : -10.0,
      "y" : 11.0,
      "z" : -10.0
    }, {
      "x" : 10.0,
      "y" : 16.0,
      "z" : -14.0
    }, {
      "x" : 6.0,
      "y" : 36.0,
      "z" : -9.0
    }, {
      "x" : -14.0,
      "y" : 31.0,
      "z" : -5.0
    } ],
    "faces" : [ {
      "vertices" : [ 0, 1, 2 ]
    }, {
      "vertices" : [ 0, 2, 3 ]
    }, {
      "vertices" : [ 0, 3, 2 ]
    }, {
      "vertices" : [ 0, 2, 1 ]
    } ]
  }, {
    "id" : "a1eff79a-ca80-43c9-95bb-2cf7442a2275",
    "vertices" : [ {
      "x" : -10.0,
      "y" : -10.0,
      "z" : -10.0
    }, {
      "x" : -10.0,
      "y" : -10.0,
      "z" : 11.0
    }, {
      "x" : -5.0,
      "y" : -14.0,
      "z" : 31.0
    }, {
      "x" : -5.0,
      "y" : -14.0,
      "z" : 10.0
    } ],
    "faces" : [ {
      "vertices" : [ 0, 1, 2 ]
    }, {
      "vertices" : [ 0, 2, 3 ]
    }, {
      "vertices" : [ 0, 3, 2 ]
    }, {
      "vertices" : [ 0, 2, 1 ]
    } ]
  }, {
    "id" : "34e8989f-5fb9-4670-8d7e-956302fec46e",
    "vertices" : [ {
      "x" : -11.0,
      "y" : 10.0,
      "z" : 10.0
    }, {
      "x" : -14.0,
      "y" : 10.0,
      "z" : -5.0
    }, {
      "x" : 10.0,
      "y" : 10.0,
      "z" : -11.0
    }, {
      "x" : 10.0,
      "y" : 10.0,
      "z" : 10.0
    } ],
    "faces" : [ {
      "vertices" : [ 0, 1, 2 ]
    }, {
      "vertices" : [ 0, 2, 3 ]
    }, {
      "vertices" : [ 0, 3, 2 ]
    }, {
      "vertices" : [ 0, 2, 1 ]
    } ]
  }, {
    "id" : "de8f2fb3-af76-4767-ad45-3a13e6e7f4d7",
    "vertices" : [ {
      "x" : -10.0,
      "y" : -10.0,
      "z" : 11.0
    }, {
      "x" : -14.0,
      "y" : 10.0,
      "z" : 16.0
    }, {
      "x" : -9.0,
      "y" : 6.0,
      "z" : 36.0
    }, {
      "x" : -5.0,
      "y" : -14.0,
      "z" : 31.0
    } ],
    "faces" : [ {
      "vertices" : [ 0, 1, 2 ]
    }, {
      "vertices" : [ 0, 2, 3 ]
    }, {
      "vertices" : [ 0, 3, 2 ]
    }, {
      "vertices" : [ 0, 2, 1 ]
    } ]
  }, {
    "id" : "240c5a40-92d2-4eeb-b69c-c9ba940db986",
    "vertices" : [ {
      "x" : -14.0,
      "y" : 10.0,
      "z" : -5.0
    }, {
      "x" : -14.0,
      "y" : 31.0,
      "z" : -5.0
    }, {
      "x" : -14.0,
      "y" : 31.0,
      "z" : 16.0
    }, {
      "x" : -14.0,
      "y" : 10.0,
      "z" : 16.0
    } ],
    "faces" : [ {
      "vertices" : [ 0, 1, 2 ]
    }, {
      "vertices" : [ 0, 2, 3 ]
    }, {
      "vertices" : [ 0, 3, 2 ]
    }, {
      "vertices" : [ 0, 2, 1 ]
    } ]
  }, {
    "id" : "c0cb9dd5-f4b3-4ff6-9548-4cdaa3948515",
    "vertices" : [ {
      "x" : 6.0,
      "y" : 36.0,
      "z" : 12.0
    }, {
      "x" : 27.0,
      "y" : 36.0,
      "z" : 12.0
    }, {
      "x" : 32.0,
      "y" : 32.0,
      "z" : 32.0
    }, {
      "x" : 11.0,
      "y" : 32.0,
      "z" : 32.0
    } ],
    "faces" : [ {
      "vertices" : [ 0, 1, 2 ]
    }, {
      "vertices" : [ 0, 2, 3 ]
    }, {
      "vertices" : [ 0, 3, 2 ]
    }, {
      "vertices" : [ 0, 2, 1 ]
    } ]
  }, {
    "id" : "a4474184-5953-4569-bdcc-6cdeb0c6385e",
    "vertices" : [ {
      "x" : 27.0,
      "y" : 36.0,
      "z" : -9.0
    }, {
