{
  "polygons" : "true",
  "field" : "golden",
  "symmetry" : "icosahedral",
  "orientations" : [ [ 1.0, 0.0, 0.0, 0.0, 0.0, 1.0, 0.0, 0.0, 0.0, 0.0, 1.0, 0.0, 0.0, 0.0, 0.0, 1.0 ], [ 0.0, 0.0, 1.0, 0.0, 1.0, 0.0, 0.0, 0.0, 0.0, 1.0, 0.0, 0.0, 0.0, 0.0, 0.0, 1.0 ], [ 0.0, 1.0, 0.0, 0.0, 0.0, 0.0, 1.0, 0.0, 1.0, 0.0, 0.0, 0.0, 0.0, 0.0, 0.0, 1.0 ], [ 0.809017, 0.309017, 0.5, 0.0, 0.309017, 0.5, -0.809017, 0.0, -0.5, 0.809017, 0.309017, 0.0, 0.0, 0.0, 0.0, 1.0 ], [ -0.5, 0.809017, 0.309017, 0.0, 0.809017, 0.309017, 0.5, 0.0, 0.309017, 0.5, -0.809017, 0.0, 0.0, 0.0, 0.0, 1.0 ], [ 0.309017, 0.5, -0.809017, 0.0, -0.5, 0.809017, 0.309017, 0.0, 0.809017, 0.309017, 0.5, 0.0, 0.0, 0.0, 0.0, 1.0 ], [ 0.5, 0.809017, 0.309017, 0.0, 0.809017, -0.309017, -0.5, 0.0, -0.309017, 0.5, -0.809017, 0.0, 0.0, 0.0, 0.0, 1.0 ], [ -0.309017, 0.5, -0.809017, 0.0, 0.5, 0.809017, 0.309017, 0.0, 0.809017, -0.309017, -0.5, 0.0, 0.0, 0.0, 0.0, 1.0 ], [ 0.809017, -0.309017, -0.5, 0.0, -0.309017, 0.5, -0.809017, 0.0, 0.5, 0.809017, 0.309017, 0.0, 0.0, 0.0, 0.0, 1.0 ], [ 0.5, 0.809017, -0.309017, 0.0, 0.809017, -0.309017, 0.5, 0.0, 0.309017, -0.5, -0.809017, 0.0, 0.0, 0.0, 0.0, 1.0 ], [ 0.309017, -0.5, -0.809017, 0.0, 0.5, 0.809017, -0.309017, 0.0, 0.809017, -0.309017, 0.5, 0.0, 0.0, 0.0, 0.0, 1.0 ], [ 0.809017, -0.309017, 0.5, 0.0, 0.309017, -0.5, -0.809017, 0.0, 0.5, 0.809017, -0.309017, 0.0, 0.0, 0.0, 0.0, 1.0 ], [ 0.809017, 0.309017, -0.5, 0.0, 0.309017, 0.5, 0.809017, 0.0, 0.5, -0.809017, 0.309017, 0.0, 0.0, 0.0, 0.0, 1.0 ], [ 0.5, -0.809017, 0.309017, 0.0, 0.809017, 0.309017, -0.5, 0.0, 0.309017, 0.5, 0.809017, 0.0, 0.0, 0.0, 0.0, 1.0 ], [ 0.309017, 0.5, 0.809017, 0.0, 0.5, -0.809017, 0.309017, 0.0, 0.809017, 0.309017, -0.5, 0.0, 0.0, 0.0, 0.0, 1.0 ], [ 1.0, 0.0, 0.0, 0.0, 0.0, -1.0, 0.0, 0.0, 0.0, 0.0, -1.0, 0.0, 0.0, 0.0, 0.0, 1.0 ], [ 0.0, 0.0, 1.0, 0.0, -1.0, 0.0, 0.0, 0.0, 0.0, -1.0, 0.0, 0.0, 0.0, 0.0, 0.0, 1.0 ], [ 0.0, 1.0, 0.0, 0.0, 0.0, 0.0, -1.0, 0.0, -1.0, 0.0, 0.0, 0.0, 0.0, 0.0, 0.0, 1.0 ], [ 0.809017, 0.309017, 0.5, 0.0, -0.309017, -0.5, 0.809017, 0.0, 0.5, -0.809017, -0.309017, 0.0, 0.0, 0.0, 0.0, 1.0 ], [ -0.5, 0.809017, 0.309017, 0.0, -0.809017, -0.309017, -0.5, 0.0, -0.309017, -0.5, 0.809017, 0.0, 0.0, 0.0, 0.0, 1.0 ], [ 0.309017, 0.5, -0.809017, 0.0, 0.5, -0.809017, -0.309017, 0.0, -0.809017, -0.309017, -0.5, 0.0, 0.0, 0.0, 0.0, 1.0 ], [ 0.5, 0.809017, 0.309017, 0.0, -0.809017, 0.309017, 0.5, 0.0, 0.309017, -0.5, 0.809017, 0.0, 0.0, 0.0, 0.0, 1.0 ], [ -0.309017, 0.5, -0.809017, 0.0, -0.5, -0.809017, -0.309017, 0.0, -0.809017, 0.309017, 0.5, 0.0, 0.0, 0.0, 0.0, 1.0 ], [ 0.809017, -0.309017, -0.5, 0.0, 0.309017, -0.5, 0.809017, 0.0, -0.5, -0.809017, -0.309017, 0.0, 0.0, 0.0, 0.0, 1.0 ], [ 0.5, 0.809017, -0.309017, 0.0, -0.809017, 0.309017, -0.5, 0.0, -0.309017, 0.5, 0.809017, 0.0, 0.0, 0.0, 0.0, 1.0 ], [ 0.309017, -0.5, -0.809017, 0.0, -0.5, -0.809017, 0.309017, 0.0, -0.809017, 0.309017, -0.5, 0.0, 0.0, 0.0, 0.0, 1.0 ], [ 0.809017, -0.309017, 0.5, 0.0, -0.309017, 0.5, 0.809017, 0.0, -0.5, -0.809017, 0.309017, 0.0, 0.0, 0.0, 0.0, 1.0 ], [ 0.809017, 0.309017, -0.5, 0.0, -0.309017, -0.5, -0.809017, 0.0, -0.5, 0.809017, -0.309017, 0.0, 0.0, 0.0, 0.0, 1.0 ], [ 0.5, -0.809017, 0.309017, 0.0, -0.809017, -0.309017, 0.5, 0.0, -0.309017, -0.5, -0.809017, 0.0, 0.0, 0.0, 0.0, 1.0 ], [ 0.309017, 0.5, 0.809017, 0.0, -0.5, 0.809017, -0.309017, 0.0, -0.809017, -0.309017, 0.5, 0.0, 0.0, 0.0, 0.0, 1.0 ], [ -1.0, 0.0, 0.0, 0.0, 0.0, -1.0, 0.0, 0.0, 0.0, 0.0, 1.0, 0.0, 0.0, 0.0, 0.0, 1.0 ], [ 0.0, 0.0, -1.0, 0.0, -1.0, 0.0, 0.0, 0.0, 0.0, 1.0, 0.0, 0.0, 0.0, 0.0, 0.0, 1.0 ], [ 0.0, -1.0, 0.0, 0.0, 0.0, 0.0, -1.0, 0.0, 1.0, 0.0, 0.0, 0.0, 0.0, 0.0, 0.0, 1.0 ], [ -0.809017, -0.309017, -0.5, 0.0, -0.309017, -0.5, 0.809017, 0.0, -0.5, 0.809017, 0.309017, 0.0, 0.0, 0.0, 0.0, 1.0 ], [ 0.5, -0.809017, -0.309017, 0.0, -0.809017, -0.309017, -0.5, 0.0, 0.309017, 0.5, -0.809017, 0.0, 0.0, 0.0, 0.0, 1.0 ], [ -0.309017, -0.5, 0.809017, 0.0, 0.5, -0.809017, -0.309017, 0.0, 0.809017, 0.309017, 0.5, 0.0, 0.0, 0.0, 0.0, 1.0 ], [ -0.5, -0.809017, -0.309017, 0.0, -0.809017, 0.309017, 0.5, 0.0, -0.309017, 0.5, -0.809017, 0.0, 0.0, 0.0, 0.0, 1.0 ], [ 0.309017, -0.5, 0.809017, 0.0, -0.5, -0.809017, -0.309017, 0.0, 0.809017, -0.309017, -0.5, 0.0, 0.0, 0.0, 0.0, 1.0 ], [ -0.809017, 0.309017, 0.5, 0.0, 0.309017, -0.5, 0.809017, 0.0, 0.5, 0.809017, 0.309017, 0.0, 0.0, 0.0, 0.0, 1.0 ], [ -0.5, -0.809017, 0.309017, 0.0, -0.809017, 0.309017, -0.5, 0.0, 0.309017, -0.5, -0.809017, 0.0, 0.0, 0.0, 0.0, 1.0 ], [ -0.309017, 0.5, 0.809017, 0.0, -0.5, -0.809017, 0.309017, 0.0, 0.809017, -0.309017, 0.5, 0.0, 0.0, 0.0, 0.0, 1.0 ], [ -0.809017, 0.309017, -0.5, 0.0, -0.309017, 0.5, 0.809017, 0.0, 0.5, 0.809017, -0.309017, 0.0, 0.0, 0.0, 0.0, 1.0 ], [ -0.809017, -0.309017, 0.5, 0.0, -0.309017, -0.5, -0.809017, 0.0, 0.5, -0.809017, 0.309017, 0.0, 0.0, 0.0, 0.0, 1.0 ], [ -0.5, 0.809017, -0.309017, 0.0, -0.809017, -0.309017, 0.5, 0.0, 0.309017, 0.5, 0.809017, 0.0, 0.0, 0.0, 0.0, 1.0 ], [ -0.309017, -0.5, -0.809017, 0.0, -0.5, 0.809017, -0.309017, 0.0, 0.809017, 0.309017, -0.5, 0.0, 0.0, 0.0, 0.0, 1.0 ], [ -1.0, 0.0, 0.0, 0.0, 0.0, 1.0, 0.0, 0.0, 0.0, 0.0, -1.0, 0.0, 0.0, 0.0, 0.0, 1.0 ], [ 0.0, 0.0, -1.0, 0.0, 1.0, 0.0, 0.0, 0.0, 0.0, -1.0, 0.0, 0.0, 0.0, 0.0, 0.0, 1.0 ], [ 0.0, -1.0, 0.0, 0.0, 0.0, 0.0, 1.0, 0.0, -1.0, 0.0, 0.0, 0.0, 0.0, 0.0, 0.0, 1.0 ], [ -0.809017, -0.309017, -0.5, 0.0, 0.309017, 0.5, -0.809017, 0.0, 0.5, -0.809017, -0.309017, 0.0, 0.0, 0.0, 0.0, 1.0 ], [ 0.5, -0.809017, -0.309017, 0.0, 0.809017, 0.309017, 0.5, 0.0, -0.309017, -0.5, 0.809017, 0.0, 0.0, 0.0, 0.0, 1.0 ], [ -0.309017, -0.5, 0.809017, 0.0, -0.5, 0.809017, 0.309017, 0.0, -0.809017, -0.309017, -0.5, 0.0, 0.0, 0.0, 0.0, 1.0 ], [ -0.5, -0.809017, -0.309017, 0.0, 0.809017, -0.309017, -0.5, 0.0, 0.309017, -0.5, 0.809017, 0.0, 0.0, 0.0, 0.0, 1.0 ], [ 0.309017, -0.5, 0.809017, 0.0, 0.5, 0.809017, 0.309017, 0.0, -0.809017, 0.309017, 0.5, 0.0, 0.0, 0.0, 0.0, 1.0 ], [ -0.809017, 0.309017, 0.5, 0.0, -0.309017, 0.5, -0.809017, 0.0, -0.5, -0.809017, -0.309017, 0.0, 0.0, 0.0, 0.0, 1.0 ], [ -0.5, -0.809017, 0.309017, 0.0, 0.809017, -0.309017, 0.5, 0.0, -0.309017, 0.5, 0.809017, 0.0, 0.0, 0.0, 0.0, 1.0 ], [ -0.309017, 0.5, 0.809017, 0.0, 0.5, 0.809017, -0.309017, 0.0, -0.809017, 0.309017, -0.5, 0.0, 0.0, 0.0, 0.0, 1.0 ], [ -0.809017, 0.309017, -0.5, 0.0, 0.309017, -0.5, -0.809017, 0.0, -0.5, -0.809017, 0.309017, 0.0, 0.0, 0.0, 0.0, 1.0 ], [ -0.809017, -0.309017, 0.5, 0.0, 0.309017, 0.5, 0.809017, 0.0, -0.5, 0.809017, -0.309017, 0.0, 0.0, 0.0, 0.0, 1.0 ], [ -0.5, 0.809017, -0.309017, 0.0, 0.809017, 0.309017, -0.5, 0.0, -0.309017, -0.5, -0.809017, 0.0, 0.0, 0.0, 0.0, 1.0 ], [ -0.309017, -0.5, -0.809017, 0.0, 0.5, -0.809017, 0.309017, 0.0, -0.809017, -0.309017, 0.5, 0.0, 0.0, 0.0, 0.0, 1.0 ] ],
  "lights" : {
    "ambientColor" : "#292929",
    "backgroundColor" : "#CCCCCC",
    "directionalLights" : [ {
      "direction" : [ 1.0, -1.0, -1.0 ],
      "color" : "#EBEBE4"
    }, {
      "direction" : [ -1.0, 0.0, 0.0 ],
      "color" : "#E4E4EB"
    }, {
      "direction" : [ 0.0, 0.0, -1.0 ],
      "color" : "#1E1E1E"
    } ]
  },
  "camera" : {
    "perspective" : true,
    "fieldOfView" : 0.44262886,
    "viewDistance" : 415.2495,
    "lookAtPointRV" : {
      "x" : 0.0,
      "y" : 0.0,
      "z" : 0.0,
      "zero" : true
    },
    "lookDirectionRV" : {
      "x" : 0.0098698065,
      "y" : -0.82918555,
      "z" : -0.5588765,
      "zero" : false
    },
    "upDirectionRV" : {
      "x" : 0.9992516,
      "y" : 0.028786493,
      "z" : -0.025066037,
      "zero" : false
    },
    "lookAtPoint" : {
      "x" : 0.0,
      "y" : 0.0,
      "z" : 0.0
    },
    "lookDirection" : {
      "x" : 0.0098698065,
      "y" : -0.82918555,
      "z" : -0.5588765
    },
    "upDirection" : {
      "x" : 0.9992516,
      "y" : 0.028786493,
      "z" : -0.025066037
    },
    "nearClipDistance" : 1.0381247,
    "farClipDistance" : 830.49677,
    "stereo" : false,
    "width" : 186.86227,
    "position" : {
      "x" : -4.0984325,
      "y" : 344.31888,
      "z" : 232.0732
    }
  },
  "embedding" : [ 1.0, 0.0, 0.0, 0.0, 0.0, 1.0, 0.0, 0.0, 0.0, 0.0, 1.0, 0.0, 0.0, 0.0, 0.0, 1.0 ],
  "shapes" : [ {
    "id" : "09cc5730-177b-4e13-956e-2871a7043274",
    "name" : "ball",
    "vertices" : [ {
      "x" : 0.309017,
      "y" : -0.309017,
      "z" : -0.309017
    }, {
      "x" : 0.5,
      "y" : 0.0,
      "z" : -0.19098301
    }, {
      "x" : 0.5,
      "y" : 0.0,
      "z" : 0.19098301
    }, {
      "x" : 0.309017,
      "y" : -0.309017,
      "z" : 0.309017
    }, {
      "x" : 0.19098301,
      "y" : -0.5,
      "z" : 0.0
    }, {
      "x" : 0.0,
      "y" : 0.19098301,
      "z" : 0.5
    }, {
      "x" : 0.0,
      "y" : -0.19098301,
      "z" : 0.5
    }, {
      "x" : 0.309017,
      "y" : 0.309017,
      "z" : 0.309017
    }, {
      "x" : -0.309017,
      "y" : -0.309017,
      "z" : 0.309017
    }, {
      "x" : -0.309017,
      "y" : 0.309017,
      "z" : 0.309017
    }, {
      "x" : -0.5,
      "y" : 0.0,
      "z" : 0.19098301
    }, {
      "x" : 0.0,
      "y" : -0.19098301,
      "z" : -0.5
    }, {
      "x" : 0.0,
      "y" : 0.19098301,
      "z" : -0.5
    }, {
      "x" : 0.309017,
      "y" : 0.309017,
      "z" : -0.309017
    }, {
      "x" : -0.309017,
      "y" : -0.309017,
      "z" : -0.309017
    }, {
      "x" : -0.19098301,
      "y" : -0.5,
      "z" : 0.0
    }, {
      "x" : -0.5,
      "y" : 0.0,
      "z" : -0.19098301
    }, {
      "x" : 0.19098301,
      "y" : 0.5,
      "z" : 0.0
    }, {
      "x" : -0.309017,
      "y" : 0.309017,
      "z" : -0.309017
    }, {
      "x" : 0.0,
      "y" : 0.0,
      "z" : 0.0
    }, {
      "x" : -0.19098301,
      "y" : 0.5,
      "z" : 0.0
    } ],
    "faces" : [ {
      "vertices" : [ 12, 18, 20, 17, 13 ]
    }, {
      "vertices" : [ 3, 6, 8, 15, 4 ]
    }, {
      "vertices" : [ 0, 11, 12, 13, 1 ]
    }, {
      "vertices" : [ 5, 9, 10, 8, 6 ]
    }, {
      "vertices" : [ 2, 7, 5, 6, 3 ]
    }, {
      "vertices" : [ 11, 14, 16, 18, 12 ]
    }, {
      "vertices" : [ 1, 13, 17, 7, 2 ]
    }, {
      "vertices" : [ 9, 20, 18, 16, 10 ]
    }, {
      "vertices" : [ 0, 1, 2, 3, 4 ]
    }, {
      "vertices" : [ 5, 7, 17, 20, 9 ]
    }, {
      "vertices" : [ 0, 4, 15, 14, 11 ]
    }, {
      "vertices" : [ 8, 10, 16, 14, 15 ]
    } ]
  }, {
    "id" : "4146cf09-8bf5-4465-8ca2-01c61ddc352a",
    "vertices" : [ {
      "x" : 0.0,
      "y" : 0.0,
      "z" : 0.0
    }, {
      "x" : -1.3570436,
      "y" : -2.7023714,
      "z" : -6.5799875
    }, {
      "x" : -1.3570436,
      "y" : 18.096003,
      "z" : 6.2741146
    }, {
      "x" : 0.0,
      "y" : 15.90026,
      "z" : 9.826901
    } ],
    "faces" : [ {
      "vertices" : [ 0, 1, 2, 3 ]
    }, {
      "vertices" : [ 0, 3, 2, 1 ]
    } ]
  }, {
    "id" : "b6ca26e1-f302-4c5a-a090-7d7764c0457d",
    "vertices" : [ {
      "x" : 0.0,
      "y" : 0.0,
      "z" : 0.0
    }, {
      "x" : -0.090169944,
      "y" : 0.47135746,
      "z" : -0.03492298
    }, {
      "x" : 0.072949015,
      "y" : 0.3705444,
      "z" : 0.49294105
    } ],
    "faces" : [ {
      "vertices" : [ 0, 1, 2 ]
    }, {
      "vertices" : [ 0, 2, 1 ]
    } ]
  }, {
    "id" : "06c4475e-cb22-4a26-b4b1-8e8baf5beec0",
    "vertices" : [ {
      "x" : 0.0,
      "y" : 0.0,
      "z" : 0.0
    }, {
      "x" : 0.0,
      "y" : 1.3167185,
      "z" : 0.81377673
    }, {
      "x" : 0.0,
      "y" : -19.481655,
      "z" : 13.667879
    }, {
      "x" : 0.0,
      "y" : -19.984596,
      "z" : 12.35116
    } ],
    "faces" : [ {
      "vertices" : [ 0, 1, 2, 3 ]
    }, {
      "vertices" : [ 0, 3, 2, 1 ]
    } ]
  }, {
    "id" : "06af3b01-ca28-4cbe-ae6d-ba7ecc760bc6",
    "vertices" : [ {
      "x" : 0.0,
      "y" : 0.0,
      "z" : 0.0
    }, {
      "x" : -0.090169944,
      "y" : 16.73714,
      "z" : 10.017884
    }, {
      "x" : 0.0,
      "y" : 16.265783,
      "z" : 10.052807
    } ],
    "faces" : [ {
      "vertices" : [ 0, 1, 2 ]
    }, {
      "vertices" : [ 0, 2, 1 ]
    } ]
  }, {
    "id" : "fc6afd01-2a5c-4884-9759-f55ed17080a4",
    "vertices" : [ {
      "x" : 0.0,
      "y" : 0.0,
      "z" : 0.0
    }, {
      "x" : 0.072949015,
      "y" : 0.3705444,
      "z" : 0.49294105
    }, {
      "x" : 0.072949015,
      "y" : -23.518,
      "z" : -14.270991
    }, {
      "x" : 0.0,
      "y" : -21.163897,
      "z" : -13.080008
    } ],
    "faces" : [ {
      "vertices" : [ 0, 1, 2, 3 ]
    }, {
      "vertices" : [ 0, 3, 2, 1 ]
    } ]
  }, {
    "id" : "ad5b0eba-a885-470a-bc39-1facfe77560e",
    "vertices" : [ {
      "x" : 0.0,
      "y" : 0.0,
      "z" : 0.0
    }, {
      "x" : 0.0,
      "y" : 0.690983,
      "z" : 0.42705098
    }, {
      "x" : 0.0,
      "y" : -11.472136,
      "z" : 8.798374
    }, {
      "x" : 0.0,
      "y" : -12.854102,
      "z" : 7.944272
    } ],
    "faces" : [ {
      "vertices" : [ 0, 1, 2, 3 ]
    }, {
      "vertices" : [ 0, 3, 2, 1 ]
    } ]
  }, {
    "id" : "b7970273-a5ee-4629-b4ff-88ff26ea26ac",
    "vertices" : [ {
      "x" : 0.0,
      "y" : 0.0,
      "z" : 0.0
    }, {
      "x" : -3.5527864,
      "y" : 11.497058,
      "z" : -5.748529
    }, {
      "x" : -3.5527864,
      "y" : 27.762842,
      "z" : 4.304278
    }, {
      "x" : 0.0,
      "y" : 21.163897,
      "z" : 13.080008
    } ],
    "faces" : [ {
      "vertices" : [ 0, 1, 2, 3 ]
    }, {
      "vertices" : [ 0, 3, 2, 1 ]
    } ]
  }, {
    "id" : "a4754002-6cc0-46f2-b6fa-d4515ef5b17a",
    "vertices" : [ {
      "x" : 0.0,
      "y" : 0.0,
      "z" : 0.0
    }, {
      "x" : 0.23606798,
      "y" : -0.4156294,
      "z" : -0.055246964
    }, {
      "x" : 3.7888544,
      "y" : 6.183315,
      "z" : -8.830977
    }, {
      "x" : 3.5527864,
      "y" : 6.598944,
      "z" : -8.77573
    } ],
    "faces" : [ {
      "vertices" : [ 0, 1, 2, 3 ]
    }, {
      "vertices" : [ 0, 3, 2, 1 ]
    } ]
  }, {
    "id" : "2ea602f8-01f0-47de-bf05-75b8e8e6dee4",
    "vertices" : [ {
      "x" : 0.0,
      "y" : 0.0,
      "z" : 0.0
    }, {
      "x" : 0.0,
      "y" : 0.0,
      "z" : -4.6832814
    }, {
      "x" : 0.0,
      "y" : 12.854102,
      "z" : -8.236068
    }, {
      "x" : 0.0,
      "y" : 12.854102,
      "z" : -7.944272
    } ],
    "faces" : [ {
      "vertices" : [ 0, 1, 2, 3 ]
    }, {
      "vertices" : [ 0, 3, 2, 1 ]
    } ]
  }, {
    "id" : "636872a3-fde7-4da3-990a-d3d664f4d79c",
    "vertices" : [ {
      "x" : 0.0,
      "y" : 0.0,
      "z" : 0.0
    }, {
      "x" : 3.5527864,
      "y" : -6.255158,
      "z" : -0.8314583
    }, {
      "x" : 3.5527864,
      "y" : 6.598944,
      "z" : -8.77573
    } ],
    "faces" : [ {
      "vertices" : [ 0, 1, 2 ]
    }, {
      "vertices" : [ 0, 2, 1 ]
    } ]
  }, {
    "id" : "c10c1f74-57ec-4bcd-8fc6-037df9084729",
    "vertices" : [ {
      "x" : 0.0,
      "y" : 0.0,
      "z" : 0.0
    }, {
      "x" : -0.16311896,
      "y" : 1.809017,
      "z" : 0.52786404
    }, {
      "x" : -0.16311896,
      "y" : 2.5,
      "z" : 0.95491505
    }, {
      "x" : -0.072949015,
      "y" : 2.354102,
      "z" : 1.190983
    } ],
    "faces" : [ {
      "vertices" : [ 0, 1, 2, 3 ]
    }, {
      "vertices" : [ 0, 3, 2, 1 ]
    } ]
  }, {
    "id" : "da647dd8-61b7-44de-af09-2aff5cb65390",
    "vertices" : [ {
      "x" : 0.0,
      "y" : 0.0,
      "z" : 0.0
    }, {
      "x" : 0.0,
      "y" : -0.36474508,
      "z" : 0.42705098
    }, {
      "x" : 0.0,
      "y" : -16.253288,
      "z" : 0.42705098
    }, {
      "x" : 0.0,
      "y" : -21.163118,
      "z" : -12.427051
    }, {
      "x" : 0.0,
      "y" : -20.798374,
      "z" : -12.854102
    } ],
    "faces" : [ {
      "vertices" : [ 0, 1, 2, 3, 4 ]
    }, {
      "vertices" : [ 0, 4, 3, 2, 1 ]
    } ]
  }, {
    "id" : "1524646c-fb11-457a-bc74-b9557dd95d70",
    "vertices" : [ {
      "x" : 0.0,
      "y" : 0.0,
      "z" : 0.0
    }, {
      "x" : 0.0,
      "y" : 0.0,
      "z" : -4.3914857
    }, {
      "x" : 0.0,
      "y" : 12.854102,
      "z" : 3.5527864
    } ],
    "faces" : [ {
      "vertices" : [ 0, 1, 2 ]
    }, {
      "vertices" : [ 0, 2, 1 ]
    } ]
  }, {
    "id" : "fa78ca21-2848-4213-bbc3-ec32ad7e3873",
    "vertices" : [ {
      "x" : 0.0,
      "y" : 0.0,
      "z" : 0.0
    }, {
      "x" : -0.690983,
      "y" : -0.42705098,
      "z" : -2.763932
    }, {
      "x" : -0.690983,
      "y" : 23.461493,
      "z" : 12.0
    }, {
      "x" : 0.0,
      "y" : 20.798374,
      "z" : 12.854102
    } ],
    "faces" : [ {
      "vertices" : [ 0, 1, 2, 3 ]
    }, {
      "vertices" : [ 0, 3, 2, 1 ]
    } ]
  }, {
    "id" : "70103fc4-d4a1-4276-b5b9-06a37535ad4f",
    "vertices" : [ {
      "x" : 0.0,
      "y" : 0.0,
      "z" : 0.0
    }, {
      "x" : 0.0,
      "y" : 12.854102,
      "z" : 7.944272
    }, {
      "x" : 0.0,
      "y" : 0.0,
      "z" : 15.888544
    } ],
    "faces" : [ {
      "vertices" : [ 0, 1, 2 ]
    }, {
      "vertices" : [ 0, 2, 1 ]
    } ]
  }, {
    "id" : "2becec9d-9d7a-4498-913b-cbf90a65b17b",
    "vertices" : [ {
      "x" : 0.0,
      "y" : 0.0,
      "z" : 0.0
    }, {
      "x" : 0.16311896,
      "y" : -1.809017,
      "z" : -0.52786404
    }, {
      "x" : 0.16311896,
      "y" : -14.663119,
      "z" : -8.472136
    }, {
      "x" : 0.0,
      "y" : -14.236068,
      "z" : -8.798374
    } ],
    "faces" : [ {
      "vertices" : [ 0, 1, 2, 3 ]
    }, {
      "vertices" : [ 0, 3, 2, 1 ]
    } ]
  }, {
    "id" : "d03a365a-6397-4d1a-beaf-a13b99f53758",
    "vertices" : [ {
      "x" : 0.0,
      "y" : 0.0,
      "z" : 0.0
    }, {
      "x" : 3.5527864,
      "y" : 6.598944,
      "z" : -8.77573
    }, {
      "x" : 3.5527864,
      "y" : -6.255158,
      "z" : -0.8314583
    } ],
    "faces" : [ {
      "vertices" : [ 0, 1, 2 ]
    }, {
      "vertices" : [ 0, 2, 1 ]
    } ]
  }, {
    "id" : "3681e7be-191d-42b4-b43e-8c8ef748a3ee",
    "vertices" : [ {
      "x" : 0.0,
      "y" : 0.0,
      "z" : 0.0
    }, {
      "x" : 0.0,
      "y" : 0.50294167,
      "z" : -1.3167185
    }, {
      "x" : 0.0,
      "y" : 21.301315,
      "z" : 11.537383
    }, {
      "x" : 0.0,
      "y" : 19.984596,
      "z" : 12.35116
    } ],
    "faces" : [ {
      "vertices" : [ 0, 1, 2, 3 ]
    }, {
      "vertices" : [ 0, 3, 2, 1 ]
    } ]
  }, {
    "id" : "d50b8314-fa18-4bfd-833a-c38a5747bc33",
    "vertices" : [ {
      "x" : 0.0,
      "y" : 0.0,
      "z" : 0.0
    }, {
      "x" : 0.0,
      "y" : 12.163119,
      "z" : -8.371323
    }, {
      "x" : 0.0,
      "y" : 21.489357,
      "z" : 13.281153
    } ],
    "faces" : [ {
      "vertices" : [ 0, 1, 2 ]
    }, {
      "vertices" : [ 0, 2, 1 ]
    } ]
  }, {
    "id" : "c5d4fb71-636b-4d25-8d4c-1563eb3ebe2b",
    "vertices" : [ {
      "x" : 0.0,
      "y" : 0.0,
      "z" : 0.0
    }, {
      "x" : -1.4472136,
      "y" : 2.3416407,
      "z" : -3.7888544
    }, {
      "x" : -1.4472136,
      "y" : 23.830997,
      "z" : 9.492298
    }, {
      "x" : -0.090169944,
      "y" : 16.73714,
      "z" : 10.017884
    } ],
    "faces" : [ {
      "vertices" : [ 0, 1, 2, 3 ]
    }, {
      "vertices" : [ 0, 3, 2, 1 ]
    } ]
  }, {
    "id" : "b8dfb98c-6ccb-4b6e-876a-44844899ed32",
    "vertices" : [ {
      "x" : 0.0,
      "y" : 0.0,
      "z" : 0.0
    }, {
      "x" : 0.0,
      "y" : 14.236068,
      "z" : 8.798374
    }, {
      "x" : 0.0,
      "y" : 9.326238,
      "z" : 21.652475
    } ],
    "faces" : [ {
      "vertices" : [ 0, 1, 2 ]
    }, {
      "vertices" : [ 0, 2, 1 ]
    } ]
  }, {
    "id" : "a58db45b-ac41-4ed5-93a7-6ec81fa6c3bc",
    "vertices" : [ {
      "x" : 0.0,
      "y" : 0.0,
      "z" : 0.0
    }, {
      "x" : 0.0,
      "y" : -19.984596,
      "z" : 12.35116
    }, {
      "x" : 0.0,
      "y" : -39.969193,
      "z" : 0.0
    }, {
      "x" : 0.0,
      "y" : -19.984596,
      "z" : -12.35116
    } ],
    "faces" : [ {
      "vertices" : [ 0, 1, 2, 3 ]
    }, {
      "vertices" : [ 0, 3, 2, 1 ]
    } ]
  }, {
    "id" : "448fc75c-e2ba-4d7b-af94-70246ac7b3b1",
    "vertices" : [ {
      "x" : 0.0,
      "y" : 0.0,
      "z" : 0.0
    }, {
      "x" : -0.85410196,
      "y" : 0.690983,
      "z" : -2.663119
    }, {
      "x" : -0.85410196,
      "y" : 21.489357,
      "z" : 10.190983
    }, {
      "x" : 0.0,
      "y" : 20.798374,
      "z" : 12.854102
    } ],
    "faces" : [ {
      "vertices" : [ 0, 1, 2, 3 ]
    }, {
      "vertices" : [ 0, 3, 2, 1 ]
    } ]
  }, {
    "id" : "5037a0d7-7dd2-4ff8-a7c8-6a3f2a6c4ba7",
    "vertices" : [ {
      "x" : 0.0,
      "y" : 0.0,
      "z" : 0.0
    }, {
      "x" : 0.0,
      "y" : -20.798374,
      "z" : -12.854102
    }, {
      "x" : -3.5527864,
      "y" : -15.90026,
      "z" : -22.681004
    }, {
      "x" : -3.5527864,
      "y" : 0.0,
      "z" : -12.854102
    } ],
    "faces" : [ {
      "vertices" : [ 0, 1, 2, 3 ]
    }, {
      "vertices" : [ 0, 3, 2, 1 ]
    } ]
  }, {
    "id" : "8afc1b4d-d9b7-4172-a6cd-b0b7b8e110c6",
    "vertices" : [ {
      "x" : 0.0,
      "y" : 0.0,
      "z" : 0.0
    }, {
      "x" : -0.16311896,
      "y" : 0.10081306,
      "z" : -0.52786404
    }, {
      "x" : -0.16311896,
      "y" : 12.954915,
      "z" : 7.416408
    }, {
      "x" : 0.0,
      "y" : 12.854102,
      "z" : 7.944272
    } ],
    "faces" : [ {
      "vertices" : [ 0, 1, 2, 3 ]
    }, {
      "vertices" : [ 0, 3, 2, 1 ]
    } ]
  }, {
    "id" : "5a64e9b6-9867-4ff6-b4aa-a74ebbe95f11",
    "orbit" : "red",
    "orbitC" : "[[-1,1,1],[0,0,1]]",
    "length" : "[31,-18,1]",
    "name" : " :31 -18*phi",
    "vertices" : [ {
      "x" : 0.9045085,
      "y" : 0.3454915,
      "z" : 0.25
    }, {
      "x" : 12.140576,
      "y" : 7.2897635,
      "z" : 0.25
    }, {
      "x" : 11.949594,
      "y" : 7.5987806,
      "z" : 0.25
    }, {
      "x" : 0.7135255,
      "y" : 0.6545085,
      "z" : 0.25
    }, {
      "x" : 0.809017,
      "y" : 0.5,
      "z" : -0.309017
    }, {
      "x" : 0.9635255,
      "y" : 0.25,
      "z" : -0.095491506
    }, {
      "x" : 0.309017,
      "y" : 0.19098301,
      "z" : 0.0
    }, {
      "x" : 12.545085,
      "y" : 7.7532887,
      "z" : 0.0
    }, {
      "x" : 11.890576,
      "y" : 7.694272,
      "z" : -0.095491506
    }, {
      "x" : 12.045085,
      "y" : 7.444272,
      "z" : -0.309017
    }, {
      "x" : 12.854102,
      "y" : 7.944272,
      "z" : 0.0
    }, {
      "x" : 0.6545085,
      "y" : 0.75,
      "z" : -0.095491506
    }, {
      "x" : 12.199594,
      "y" : 7.194272,
      "z" : -0.095491506
    } ],
    "faces" : [ {
      "vertices" : [ 4, 11, 8, 9 ]
    }, {
      "vertices" : [ 0, 1, 2, 3 ]
    }, {
      "vertices" : [ 0, 3, 6 ]
    }, {
      "vertices" : [ 1, 7, 2 ]
    }, {
      "vertices" : [ 0, 6, 5 ]
    }, {
      "vertices" : [ 4, 5, 6 ]
    }, {
      "vertices" : [ 2, 7, 8 ]
    }, {
      "vertices" : [ 0, 5, 12, 1 ]
    }, {
      "vertices" : [ 1, 12, 7 ]
    }, {
      "vertices" : [ 3, 11, 6 ]
    }, {
      "vertices" : [ 4, 6, 11 ]
    }, {
      "vertices" : [ 7, 9, 8 ]
    }, {
      "vertices" : [ 2, 8, 11, 3 ]
    }, {
      "vertices" : [ 7, 12, 9 ]
    }, {
      "vertices" : [ 4, 9, 12, 5 ]
    } ]
  }, {
    "id" : "6a0adb99-1c68-41f4-a4dc-31c1a1d0125e",
    "vertices" : [ {
      "x" : 0.0,
      "y" : 0.0,
      "z" : 0.0
    }, {
      "x" : 0.072949015,
      "y" : 0.3705444,
      "z" : 0.49294105
    }, {
      "x" : 0.072949015,
      "y" : -21.972914,
      "z" : -13.316076
    }, {
      "x" : 0.0,
      "y" : -21.163897,
      "z" : -13.080008
    } ],
    "faces" : [ {
      "vertices" : [ 0, 1, 2, 3 ]
    }, {
      "vertices" : [ 0, 3, 2, 1 ]
    } ]
  }, {
    "id" : "7e5140a2-bfc6-4db6-86c6-e37571d34f57",
    "vertices" : [ {
      "x" : 0.0,
      "y" : 0.0,
      "z" : 0.0
    }, {
      "x" : 0.0,
      "y" : -1.545085,
      "z" : -0.95491505
    }, {
      "x" : -0.072949015,
      "y" : 0.809017,
      "z" : 0.23606798
    } ],
    "faces" : [ {
      "vertices" : [ 0, 1, 2 ]
    }, {
      "vertices" : [ 0, 2, 1 ]
    } ]
  }, {
    "id" : "6d047199-cad4-49b8-acc5-fa522a5da7ce",
    "vertices" : [ {
      "x" : 0.0,
      "y" : 0.0,
      "z" : 0.0
    }, {
      "x" : 0.0,
      "y" : 1.545085,
      "z" : 0.95491505
    }, {
      "x" : 0.0,
      "y" : -20.798374,
      "z" : 12.854102
    } ],
    "faces" : [ {
      "vertices" : [ 0, 1, 2 ]
    }, {
      "vertices" : [ 0, 2, 1 ]
    } ]
  }, {
    "id" : "6d8d7785-49a6-4942-a0b9-8ab3fde08094",
    "vertices" : [ {
      "x" : 0.0,
      "y" : 0.0,
      "z" : 0.0
    }, {
      "x" : 0.0,
      "y" : -22.343458,
      "z" : 11.899187
    }, {
      "x" : 0.0,
      "y" : -44.686916,
      "z" : -1.9098301
    }, {
      "x" : 0.0,
      "y" : -22.343458,
      "z" : -13.809017
    } ],
    "faces" : [ {
      "vertices" : [ 0, 1, 2, 3 ]
    }, {
      "vertices" : [ 0, 3, 2, 1 ]
    } ]
  }, {
    "id" : "cb2ed594-3033-4608-989f-53c2e647dbfc",
    "vertices" : [ {
      "x" : 0.0,
      "y" : 0.0,
      "z" : 0.0
    }, {
      "x" : 0.0,
      "y" : -1.545085,
      "z" : -0.95491505
    }, {
      "x" : 0.0,
      "y" : 20.798374,
      "z" : -12.854102
    } ],
    "faces" : [ {
      "vertices" : [ 0, 1, 2 ]
    }, {
      "vertices" : [ 0, 2, 1 ]
    } ]
  }, {
    "id" : "f55c8054-835c-4666-b81b-066bed75b5c4",
    "vertices" : [ {
      "x" : 0.0,
      "y" : 0.0,
      "z" : 0.0
    }, {
      "x" : 0.0,
      "y" : 0.0,
      "z" : 4.6832814
    }, {
      "x" : 0.0,
      "y" : -12.854102,
      "z" : 8.236068
    }, {
      "x" : 0.0,
      "y" : -12.854102,
      "z" : 7.944272
    } ],
    "faces" : [ {
      "vertices" : [ 0, 1, 2, 3 ]
    }, {
      "vertices" : [ 0, 3, 2, 1 ]
    } ]
  }, {
    "id" : "93c44602-80eb-4307-b8ad-7f709531adc0",
    "vertices" : [ {
      "x" : 0.0,
      "y" : 0.0,
      "z" : 0.0
    }, {
      "x" : 0.0,
      "y" : 22.343458,
      "z" : -11.899187
    }, {
      "x" : 0.0,
      "y" : 44.686916,
      "z" : 1.9098301
    }, {
      "x" : 0.0,
      "y" : 22.343458,
      "z" : 13.809017
    } ],
    "faces" : [ {
      "vertices" : [ 0, 1, 2, 3 ]
    }, {
      "vertices" : [ 0, 3, 2, 1 ]
    } ]
  }, {
    "id" : "620ae31d-5111-457e-8f25-3f87129391f8",
    "vertices" : [ {
      "x" : 0.0,
      "y" : 0.0,
      "z" : 0.0
    }, {
      "x" : 0.0,
      "y" : -0.690983,
      "z" : -0.42705098
    }, {
      "x" : 0.0,
      "y" : 11.472136,
      "z" : -8.798374
    }, {
      "x" : 0.0,
      "y" : 12.854102,
      "z" : -7.944272
    } ],
    "faces" : [ {
      "vertices" : [ 0, 1, 2, 3 ]
    }, {
      "vertices" : [ 0, 3, 2, 1 ]
    } ]
  }, {
    "id" : "81e89119-8cef-41a8-bb84-dedbd2627cf6",
    "vertices" : [ {
      "x" : 0.0,
      "y" : 0.0,
      "z" : 0.0
    }, {
      "x" : 0.0,
      "y" : 0.0,
      "z" : 4.3914857
    }, {
      "x" : 0.0,
      "y" : -12.854102,
      "z" : -3.5527864
    } ],
    "faces" : [ {
      "vertices" : [ 0, 1, 2 ]
    }, {
      "vertices" : [ 0, 2, 1 ]
    } ]
  }, {
    "id" : "89c8c27e-a1c8-4bcc-9b78-ceaa435e6df6",
    "vertices" : [ {
      "x" : 0.0,
      "y" : 0.0,
      "z" : 0.0
    }, {
      "x" : 0.0,
      "y" : -12.163119,
      "z" : 8.371323
    }, {
      "x" : 0.0,
      "y" : -21.489357,
      "z" : -13.281153
    } ],
    "faces" : [ {
      "vertices" : [ 0, 1, 2 ]
    }, {
      "vertices" : [ 0, 2, 1 ]
    } ]
  }, {
    "id" : "485591df-3f84-4dd0-a865-53d49dcabf0a",
    "vertices" : [ {
      "x" : 0.0,
      "y" : 0.0,
      "z" : 0.0
    }, {
      "x" : 0.0,
      "y" : 0.36474508,
      "z" : -0.42705098
    }, {
      "x" : 0.0,
      "y" : 16.253288,
      "z" : -0.42705098
    }, {
      "x" : 0.0,
      "y" : 21.163118,
      "z" : 12.427051
    }, {
      "x" : 0.0,
      "y" : 20.798374,
      "z" : 12.854102
    } ],
    "faces" : [ {
      "vertices" : [ 0, 1, 2, 3, 4 ]
    }, {
      "vertices" : [ 0, 4, 3, 2, 1 ]
    } ]
  }, {
    "id" : "d0c02500-3ce2-46d2-b90b-1dbd214d56bd",
    "vertices" : [ {
      "x" : 0.0,
      "y" : 0.0,
      "z" : 0.0
    }, {
      "x" : 0.0,
      "y" : -12.854102,
      "z" : -7.944272
    }, {
      "x" : 0.0,
      "y" : 0.0,
      "z" : -15.888544
    } ],
    "faces" : [ {
      "vertices" : [ 0, 1, 2 ]
    }, {
      "vertices" : [ 0, 2, 1 ]
    } ]
  }, {
    "id" : "8602d0c0-b726-4195-9002-1ab1c7c61cb0",
    "vertices" : [ {
      "x" : 0.0,
      "y" : 0.0,
      "z" : 0.0
    }, {
      "x" : 0.0,
      "y" : -14.236068,
      "z" : -8.798374
    }, {
      "x" : 0.0,
      "y" : -9.326238,
      "z" : -21.652475
    } ],
    "faces" : [ {
      "vertices" : [ 0, 1, 2 ]
    }, {
      "vertices" : [ 0, 2, 1 ]
    } ]
  } ],
  "instances" : [ {
    "shape" : "09cc5730-177b-4e13-956e-2871a7043274",
    "color" : "#F2F2F2",
    "position" : {
      "x" : 36.12461,
      "y" : -21.854881,
      "z" : 0.65295696
    }
  }, {
    "shape" : "4146cf09-8bf5-4465-8ca2-01c61ddc352a",
    "color" : "#F5A87F",
    "position" : {
      "x" : 32.33576,
      "y" : 28.942404,
      "z" : -9.730645
    },
    "orientation" : 56
  }, {
    "shape" : "09cc5730-177b-4e13-956e-2871a7043274",
    "color" : "#F2F2F2",
    "position" : {
      "x" : 36.41641,
      "y" : 22.18034,
      "z" : -0.85410196
    }
  }, {
    "shape" : "09cc5730-177b-4e13-956e-2871a7043274",
    "color" : "#F2F2F2",
    "position" : {
      "x" : 39.6774,
      "y" : -22.18034,
      "z" : 13.708204
    }
  }, {
    "shape" : "09cc5730-177b-4e13-956e-2871a7043274",
    "color" : "#F2F2F2",
    "position" : {
      "x" : 37.661438,
      "y" : -12.024188,
      "z" : 0.13754079
    }
  }, {
    "shape" : "09cc5730-177b-4e13-956e-2871a7043274",
    "color" : "#F2F2F2",
    "position" : {
      "x" : 39.6774,
      "y" : -16.956766,
      "z" : 10.479858
    }
  }, {
    "shape" : "09cc5730-177b-4e13-956e-2871a7043274",
    "color" : "#F2F2F2",
    "position" : {
      "x" : 36.12461,
      "y" : 0.690983,
      "z" : 12.427051
    }
  }, {
    "shape" : "09cc5730-177b-4e13-956e-2871a7043274",
    "color" : "#F2F2F2",
    "position" : {
      "x" : 39.907066,
      "y" : 22.18034,
      "z" : -14.539152
    }
  }, {
    "shape" : "b6ca26e1-f302-4c5a-a090-7d7764c0457d",
    "color" : "#F5A87F",
    "position" : {
      "x" : 36.12461,
      "y" : 21.854881,
      "z" : -0.65295696
    },
    "orientation" : 7
  }, {
    "shape" : "09cc5730-177b-4e13-956e-2871a7043274",
    "color" : "#F2F2F2",
    "position" : {
      "x" : 36.41641,
      "y" : 0.0,
      "z" : -12.854102
    }
  }, {
    "shape" : "09cc5730-177b-4e13-956e-2871a7043274",
    "color" : "#F2F2F2",
    "position" : {
      "x" : 32.33576,
      "y" : -28.942404,
      "z" : 9.730645
    }
  }, {
    "shape" : "09cc5730-177b-4e13-956e-2871a7043274",
    "color" : "#F2F2F2",
    "position" : {
      "x" : 39.6774,
      "y" : 22.18034,
      "z" : -13.708204
    }
  }, {
    "shape" : "09cc5730-177b-4e13-956e-2871a7043274",
    "color" : "#F2F2F2",
    "position" : {
      "x" : 39.6774,
      "y" : 0.690983,
      "z" : -0.42705098
    }
  }, {
    "shape" : "09cc5730-177b-4e13-956e-2871a7043274",
    "color" : "#F2F2F2",
    "position" : {
      "x" : 39.969193,
      "y" : -0.690983,
      "z" : 0.42705098
    }
  }, {
    "shape" : "06c4475e-cb22-4a26-b4b1-8e8baf5beec0",
    "color" : "#7FC6E0",
    "position" : {
      "x" : 32.33576,
      "y" : 19.984596,
      "z" : 0.0
    },
    "orientation" : 55
  }, {
    "shape" : "09cc5730-177b-4e13-956e-2871a7043274",
    "color" : "#F2F2F2",
    "position" : {
      "x" : 32.33576,
      "y" : -29.633387,
      "z" : 9.303595
    }
  }, {
    "shape" : "09cc5730-177b-4e13-956e-2871a7043274",
    "color" : "#F2F2F2",
    "position" : {
      "x" : 35.888542,
      "y" : 1.545085,
      "z" : -13.809017
    }
  }, {
    "shape" : "06af3b01-ca28-4cbe-ae6d-ba7ecc760bc6",
    "color" : "#F5A87F",
    "position" : {
      "x" : 39.6774,
      "y" : 0.690983,
      "z" : -0.42705098
    },
    "orientation" : 7
  }, {
    "shape" : "fc6afd01-2a5c-4884-9759-f55ed17080a4",
    "color" : "#F5A87F",
    "position" : {
      "x" : 36.12461,
      "y" : -21.854881,
      "z" : 0.65295696
    },
    "orientation" : 22
  }, {
    "shape" : "06c4475e-cb22-4a26-b4b1-8e8baf5beec0",
    "color" : "#7FC6E0",
    "position" : {
      "x" : 32.33576,
      "y" : -19.984596,
      "z" : 0.0
    },
    "orientation" : 40
  }, {
    "shape" : "09cc5730-177b-4e13-956e-2871a7043274",
    "color" : "#F2F2F2",
    "position" : {
      "x" : 35.888542,
      "y" : -22.343458,
      "z" : 0.95491505
    }
  }, {
    "shape" : "09cc5730-177b-4e13-956e-2871a7043274",
    "color" : "#F2F2F2",
    "position" : {
      "x" : 39.6774,
      "y" : -0.690983,
      "z" : 0.42705098
    }
  }, {
    "shape" : "ad5b0eba-a885-470a-bc39-1facfe77560e",
    "color" : "#7FC6E0",
    "position" : {
      "x" : 36.41641,
      "y" : 0.690983,
      "z" : 12.427051
    },
    "orientation" : 11
  }, {
    "shape" : "b7970273-a5ee-4629-b4ff-88ff26ea26ac",
    "color" : "#F5A87F",
    "position" : {
      "x" : 36.12461,
      "y" : 0.690983,
      "z" : 12.427051
    },
    "orientation" : 12
  }, {
    "shape" : "a4754002-6cc0-46f2-b6fa-d4515ef5b17a",
    "color" : "#FFFFFF",
    "position" : {
      "x" : 39.6774,
      "y" : 16.956766,
      "z" : -10.479858
    },
    "orientation" : 11
  }, {
    "shape" : "09cc5730-177b-4e13-956e-2871a7043274",
    "color" : "#F2F2F2",
    "position" : {
      "x" : 39.6774,
      "y" : 16.956766,
      "z" : -10.479858
    }
  }, {
    "shape" : "2ea602f8-01f0-47de-bf05-75b8e8e6dee4",
    "color" : "#7FC6E0",
    "position" : {
      "x" : 44.36068,
      "y" : -0.690983,
      "z" : 0.42705098
    },
    "orientation" : 16
  }, {
    "shape" : "09cc5730-177b-4e13-956e-2871a7043274",
    "color" : "#F2F2F2",
    "position" : {
      "x" : 40.28502,
      "y" : -16.119057,
      "z" : 12.160522
    }
  }, {
    "shape" : "636872a3-fde7-4da3-990a-d3d664f4d79c",
    "color" : "#FFFFFF",
    "position" : {
      "x" : 39.969193,
      "y" : 17.282227,
      "z" : -10.681003
    },
    "orientation" : 11
  }, {
    "shape" : "09cc5730-177b-4e13-956e-2871a7043274",
    "color" : "#F2F2F2",
    "position" : {
      "x" : 39.969193,
      "y" : -17.282227,
      "z" : 10.681003
    }
  }, {
    "shape" : "09cc5730-177b-4e13-956e-2871a7043274",
    "color" : "#F2F2F2",
    "position" : {
      "x" : 32.33576,
      "y" : -12.35116,
      "z" : 19.984596
    }
  }, {
    "shape" : "c10c1f74-57ec-4bcd-8fc6-037df9084729",
    "color" : "#F5A87F",
    "position" : {
      "x" : 35.888542,
      "y" : 1.545085,
      "z" : -13.809017
    },
    "orientation" : 22
  }, {
    "shape" : "09cc5730-177b-4e13-956e-2871a7043274",
    "color" : "#F2F2F2",
    "position" : {
      "x" : 35.888542,
      "y" : 9.683282,
      "z" : -18.8387
    }
  }, {
    "shape" : "09cc5730-177b-4e13-956e-2871a7043274",
    "color" : "#F2F2F2",
    "position" : {
      "x" : 39.6774,
      "y" : 19.8387,
      "z" : -12.26099
    }
  }, {
    "shape" : "636872a3-fde7-4da3-990a-d3d664f4d79c",
    "color" : "#FFFFFF",
    "position" : {
      "x" : 39.969193,
      "y" : -17.282227,
      "z" : 10.681003
    },
    "orientation" : 26
  }, {
    "shape" : "09cc5730-177b-4e13-956e-2871a7043274",
    "color" : "#F2F2F2",
    "position" : {
      "x" : 33.652477,
      "y" : 0.0,
      "z" : -12.854102
    }
  }, {
    "shape" : "da647dd8-61b7-44de-af09-2aff5cb65390",
    "color" : "#7FC6E0",
    "position" : {
      "x" : 35.888542,
      "y" : -35.19756,
      "z" : 8.899187
    },
    "orientation" : 37
  }, {
    "shape" : "09cc5730-177b-4e13-956e-2871a7043274",
    "color" : "#F2F2F2",
    "position" : {
      "x" : 44.36068,
      "y" : 0.690983,
      "z" : -0.42705098
    }
  }, {
    "shape" : "1524646c-fb11-457a-bc74-b9557dd95d70",
    "color" : "#7FC6E0",
    "position" : {
      "x" : 32.33576,
      "y" : -13.042143,
      "z" : 19.557547
    },
    "orientation" : 7
  }, {
    "shape" : "b6ca26e1-f302-4c5a-a090-7d7764c0457d",
    "color" : "#F5A87F",
    "position" : {
      "x" : 36.12461,
      "y" : -21.854881,
      "z" : 0.65295696
    },
    "orientation" : 22
  }, {
    "shape" : "09cc5730-177b-4e13-956e-2871a7043274",
    "color" : "#F2F2F2",
    "position" : {
      "x" : 35.44931,
      "y" : -23.850273,
      "z" : 1.6128122
    }
  }, {
    "shape" : "09cc5730-177b-4e13-956e-2871a7043274",
    "color" : "#F2F2F2",
    "position" : {
      "x" : 39.969193,
      "y" : 22.18034,
      "z" : -13.708204
    }
  }, {
    "shape" : "1524646c-fb11-457a-bc74-b9557dd95d70",
    "color" : "#7FC6E0",
    "position" : {
      "x" : 32.33576,
      "y" : 13.042143,
      "z" : -19.557547
    },
    "orientation" : 22
  }, {
    "shape" : "09cc5730-177b-4e13-956e-2871a7043274",
    "color" : "#F2F2F2",
    "position" : {
      "x" : 35.888542,
      "y" : 22.343458,
      "z" : -0.95491505
    }
  }, {
    "shape" : "09cc5730-177b-4e13-956e-2871a7043274",
    "color" : "#F2F2F2",
    "position" : {
      "x" : 35.888542,
      "y" : 14.399187,
      "z" : -21.753288
    }
  }, {
    "shape" : "09cc5730-177b-4e13-956e-2871a7043274",
    "color" : "#F2F2F2",
    "position" : {
      "x" : 35.888542,
      "y" : 11.171729,
      "z" : 5.9495935
    }
  }, {
    "shape" : "fa78ca21-2848-4213-bbc3-ec32ad7e3873",
    "color" : "#F5A87F",
    "position" : {
      "x" : 33.652477,
      "y" : 0.0,
      "z" : -12.854102
    },
    "orientation" : 22
  }, {
    "shape" : "70103fc4-d4a1-4276-b5b9-06a37535ad4f",
    "color" : "#7FC6E0",
    "position" : {
      "x" : 36.41641,
      "y" : -35.034443,
      "z" : 8.798374
    },
    "orientation" : 26
  }, {
    "shape" : "4146cf09-8bf5-4465-8ca2-01c61ddc352a",
    "color" : "#F5A87F",
    "position" : {
      "x" : 32.33576,
      "y" : -28.942404,
      "z" : 9.730645
    },
    "orientation" : 41
  }, {
    "shape" : "2becec9d-9d7a-4498-913b-cbf90a65b17b",
    "color" : "#F5A87F",
    "position" : {
      "x" : 36.41641,
      "y" : 0.0,
      "z" : -12.854102
    },
    "orientation" : 22
  }, {
    "shape" : "09cc5730-177b-4e13-956e-2871a7043274",
    "color" : "#F2F2F2",
    "position" : {
      "x" : 36.41641,
      "y" : -22.18034,
      "z" : 13.708204
    }
  }, {
    "shape" : "d03a365a-6397-4d1a-beaf-a13b99f53758",
    "color" : "#FFFFFF",
    "position" : {
      "x" : 32.33576,
      "y" : 28.942404,
      "z" : -9.730645
    },
    "orientation" : 15
  }, {
    "shape" : "09cc5730-177b-4e13-956e-2871a7043274",
    "color" : "#F2F2F2",
    "position" : {
      "x" : 36.12461,
      "y" : -0.690983,
      "z" : -12.427051
    }
  }, {
    "shape" : "09cc5730-177b-4e13-956e-2871a7043274",
    "color" : "#F2F2F2",
    "position" : {
      "x" : 40.24876,
      "y" : -19.856651,
      "z" : 7.9873853
    }
  }, {
    "shape" : "3681e7be-191d-42b4-b43e-8c8ef748a3ee",
    "color" : "#7FC6E0",
    "position" : {
      "x" : 32.33576,
      "y" : 0.0,
      "z" : 12.35116
    },
    "orientation" : 7
  }, {
    "shape" : "09cc5730-177b-4e13-956e-2871a7043274",
    "color" : "#F2F2F2",
    "position" : {
      "x" : 36.41641,
      "y" : -22.18034,
      "z" : 0.85410196
    }
  }, {
    "shape" : "d50b8314-fa18-4bfd-833a-c38a5747bc33",
    "color" : "#7FC6E0",
    "position" : {
      "x" : 44.36068,
      "y" : 0.690983,
      "z" : -0.42705098
    },
    "orientation" : 26
  }, {
    "shape" : "c5d4fb71-636b-4d25-8d4c-1563eb3ebe2b",
    "color" : "#F5A87F",
    "position" : {
      "x" : 39.6774,
      "y" : -0.690983,
      "z" : 0.42705098
    },
    "orientation" : 22
  }, {
    "shape" : "09cc5730-177b-4e13-956e-2871a7043274",
    "color" : "#F2F2F2",
    "position" : {
      "x" : 0.0,
      "y" : 0.0,
      "z" : 0.0
    }
  }, {
    "shape" : "b7970273-a5ee-4629-b4ff-88ff26ea26ac",
    "color" : "#F5A87F",
    "position" : {
      "x" : 36.12461,
      "y" : -0.690983,
      "z" : -12.427051
    },
    "orientation" : 27
  }, {
