{
  "field" : "golden",
  "symmetry" : "icosahedral",
  "orientations" : [ [ 1.0, 0.0, 0.0, 0.0, 0.0, 1.0, 0.0, 0.0, 0.0, 0.0, 1.0, 0.0, 0.0, 0.0, 0.0, 1.0 ], [ 0.0, 0.0, 1.0, 0.0, 1.0, 0.0, 0.0, 0.0, 0.0, 1.0, 0.0, 0.0, 0.0, 0.0, 0.0, 1.0 ], [ 0.0, 1.0, 0.0, 0.0, 0.0, 0.0, 1.0, 0.0, 1.0, 0.0, 0.0, 0.0, 0.0, 0.0, 0.0, 1.0 ], [ 0.809017, 0.309017, 0.5, 0.0, 0.309017, 0.5, -0.809017, 0.0, -0.5, 0.809017, 0.309017, 0.0, 0.0, 0.0, 0.0, 1.0 ], [ -0.5, 0.809017, 0.309017, 0.0, 0.809017, 0.309017, 0.5, 0.0, 0.309017, 0.5, -0.809017, 0.0, 0.0, 0.0, 0.0, 1.0 ], [ 0.309017, 0.5, -0.809017, 0.0, -0.5, 0.809017, 0.309017, 0.0, 0.809017, 0.309017, 0.5, 0.0, 0.0, 0.0, 0.0, 1.0 ], [ 0.5, 0.809017, 0.309017, 0.0, 0.809017, -0.309017, -0.5, 0.0, -0.309017, 0.5, -0.809017, 0.0, 0.0, 0.0, 0.0, 1.0 ], [ -0.309017, 0.5, -0.809017, 0.0, 0.5, 0.809017, 0.309017, 0.0, 0.809017, -0.309017, -0.5, 0.0, 0.0, 0.0, 0.0, 1.0 ], [ 0.809017, -0.309017, -0.5, 0.0, -0.309017, 0.5, -0.809017, 0.0, 0.5, 0.809017, 0.309017, 0.0, 0.0, 0.0, 0.0, 1.0 ], [ 0.5, 0.809017, -0.309017, 0.0, 0.809017, -0.309017, 0.5, 0.0, 0.309017, -0.5, -0.809017, 0.0, 0.0, 0.0, 0.0, 1.0 ], [ 0.309017, -0.5, -0.809017, 0.0, 0.5, 0.809017, -0.309017, 0.0, 0.809017, -0.309017, 0.5, 0.0, 0.0, 0.0, 0.0, 1.0 ], [ 0.809017, -0.309017, 0.5, 0.0, 0.309017, -0.5, -0.809017, 0.0, 0.5, 0.809017, -0.309017, 0.0, 0.0, 0.0, 0.0, 1.0 ], [ 0.809017, 0.309017, -0.5, 0.0, 0.309017, 0.5, 0.809017, 0.0, 0.5, -0.809017, 0.309017, 0.0, 0.0, 0.0, 0.0, 1.0 ], [ 0.5, -0.809017, 0.309017, 0.0, 0.809017, 0.309017, -0.5, 0.0, 0.309017, 0.5, 0.809017, 0.0, 0.0, 0.0, 0.0, 1.0 ], [ 0.309017, 0.5, 0.809017, 0.0, 0.5, -0.809017, 0.309017, 0.0, 0.809017, 0.309017, -0.5, 0.0, 0.0, 0.0, 0.0, 1.0 ], [ 1.0, 0.0, 0.0, 0.0, 0.0, -1.0, 0.0, 0.0, 0.0, 0.0, -1.0, 0.0, 0.0, 0.0, 0.0, 1.0 ], [ 0.0, 0.0, 1.0, 0.0, -1.0, 0.0, 0.0, 0.0, 0.0, -1.0, 0.0, 0.0, 0.0, 0.0, 0.0, 1.0 ], [ 0.0, 1.0, 0.0, 0.0, 0.0, 0.0, -1.0, 0.0, -1.0, 0.0, 0.0, 0.0, 0.0, 0.0, 0.0, 1.0 ], [ 0.809017, 0.309017, 0.5, 0.0, -0.309017, -0.5, 0.809017, 0.0, 0.5, -0.809017, -0.309017, 0.0, 0.0, 0.0, 0.0, 1.0 ], [ -0.5, 0.809017, 0.309017, 0.0, -0.809017, -0.309017, -0.5, 0.0, -0.309017, -0.5, 0.809017, 0.0, 0.0, 0.0, 0.0, 1.0 ], [ 0.309017, 0.5, -0.809017, 0.0, 0.5, -0.809017, -0.309017, 0.0, -0.809017, -0.309017, -0.5, 0.0, 0.0, 0.0, 0.0, 1.0 ], [ 0.5, 0.809017, 0.309017, 0.0, -0.809017, 0.309017, 0.5, 0.0, 0.309017, -0.5, 0.809017, 0.0, 0.0, 0.0, 0.0, 1.0 ], [ -0.309017, 0.5, -0.809017, 0.0, -0.5, -0.809017, -0.309017, 0.0, -0.809017, 0.309017, 0.5, 0.0, 0.0, 0.0, 0.0, 1.0 ], [ 0.809017, -0.309017, -0.5, 0.0, 0.309017, -0.5, 0.809017, 0.0, -0.5, -0.809017, -0.309017, 0.0, 0.0, 0.0, 0.0, 1.0 ], [ 0.5, 0.809017, -0.309017, 0.0, -0.809017, 0.309017, -0.5, 0.0, -0.309017, 0.5, 0.809017, 0.0, 0.0, 0.0, 0.0, 1.0 ], [ 0.309017, -0.5, -0.809017, 0.0, -0.5, -0.809017, 0.309017, 0.0, -0.809017, 0.309017, -0.5, 0.0, 0.0, 0.0, 0.0, 1.0 ], [ 0.809017, -0.309017, 0.5, 0.0, -0.309017, 0.5, 0.809017, 0.0, -0.5, -0.809017, 0.309017, 0.0, 0.0, 0.0, 0.0, 1.0 ], [ 0.809017, 0.309017, -0.5, 0.0, -0.309017, -0.5, -0.809017, 0.0, -0.5, 0.809017, -0.309017, 0.0, 0.0, 0.0, 0.0, 1.0 ], [ 0.5, -0.809017, 0.309017, 0.0, -0.809017, -0.309017, 0.5, 0.0, -0.309017, -0.5, -0.809017, 0.0, 0.0, 0.0, 0.0, 1.0 ], [ 0.309017, 0.5, 0.809017, 0.0, -0.5, 0.809017, -0.309017, 0.0, -0.809017, -0.309017, 0.5, 0.0, 0.0, 0.0, 0.0, 1.0 ], [ -1.0, 0.0, 0.0, 0.0, 0.0, -1.0, 0.0, 0.0, 0.0, 0.0, 1.0, 0.0, 0.0, 0.0, 0.0, 1.0 ], [ 0.0, 0.0, -1.0, 0.0, -1.0, 0.0, 0.0, 0.0, 0.0, 1.0, 0.0, 0.0, 0.0, 0.0, 0.0, 1.0 ], [ 0.0, -1.0, 0.0, 0.0, 0.0, 0.0, -1.0, 0.0, 1.0, 0.0, 0.0, 0.0, 0.0, 0.0, 0.0, 1.0 ], [ -0.809017, -0.309017, -0.5, 0.0, -0.309017, -0.5, 0.809017, 0.0, -0.5, 0.809017, 0.309017, 0.0, 0.0, 0.0, 0.0, 1.0 ], [ 0.5, -0.809017, -0.309017, 0.0, -0.809017, -0.309017, -0.5, 0.0, 0.309017, 0.5, -0.809017, 0.0, 0.0, 0.0, 0.0, 1.0 ], [ -0.309017, -0.5, 0.809017, 0.0, 0.5, -0.809017, -0.309017, 0.0, 0.809017, 0.309017, 0.5, 0.0, 0.0, 0.0, 0.0, 1.0 ], [ -0.5, -0.809017, -0.309017, 0.0, -0.809017, 0.309017, 0.5, 0.0, -0.309017, 0.5, -0.809017, 0.0, 0.0, 0.0, 0.0, 1.0 ], [ 0.309017, -0.5, 0.809017, 0.0, -0.5, -0.809017, -0.309017, 0.0, 0.809017, -0.309017, -0.5, 0.0, 0.0, 0.0, 0.0, 1.0 ], [ -0.809017, 0.309017, 0.5, 0.0, 0.309017, -0.5, 0.809017, 0.0, 0.5, 0.809017, 0.309017, 0.0, 0.0, 0.0, 0.0, 1.0 ], [ -0.5, -0.809017, 0.309017, 0.0, -0.809017, 0.309017, -0.5, 0.0, 0.309017, -0.5, -0.809017, 0.0, 0.0, 0.0, 0.0, 1.0 ], [ -0.309017, 0.5, 0.809017, 0.0, -0.5, -0.809017, 0.309017, 0.0, 0.809017, -0.309017, 0.5, 0.0, 0.0, 0.0, 0.0, 1.0 ], [ -0.809017, 0.309017, -0.5, 0.0, -0.309017, 0.5, 0.809017, 0.0, 0.5, 0.809017, -0.309017, 0.0, 0.0, 0.0, 0.0, 1.0 ], [ -0.809017, -0.309017, 0.5, 0.0, -0.309017, -0.5, -0.809017, 0.0, 0.5, -0.809017, 0.309017, 0.0, 0.0, 0.0, 0.0, 1.0 ], [ -0.5, 0.809017, -0.309017, 0.0, -0.809017, -0.309017, 0.5, 0.0, 0.309017, 0.5, 0.809017, 0.0, 0.0, 0.0, 0.0, 1.0 ], [ -0.309017, -0.5, -0.809017, 0.0, -0.5, 0.809017, -0.309017, 0.0, 0.809017, 0.309017, -0.5, 0.0, 0.0, 0.0, 0.0, 1.0 ], [ -1.0, 0.0, 0.0, 0.0, 0.0, 1.0, 0.0, 0.0, 0.0, 0.0, -1.0, 0.0, 0.0, 0.0, 0.0, 1.0 ], [ 0.0, 0.0, -1.0, 0.0, 1.0, 0.0, 0.0, 0.0, 0.0, -1.0, 0.0, 0.0, 0.0, 0.0, 0.0, 1.0 ], [ 0.0, -1.0, 0.0, 0.0, 0.0, 0.0, 1.0, 0.0, -1.0, 0.0, 0.0, 0.0, 0.0, 0.0, 0.0, 1.0 ], [ -0.809017, -0.309017, -0.5, 0.0, 0.309017, 0.5, -0.809017, 0.0, 0.5, -0.809017, -0.309017, 0.0, 0.0, 0.0, 0.0, 1.0 ], [ 0.5, -0.809017, -0.309017, 0.0, 0.809017, 0.309017, 0.5, 0.0, -0.309017, -0.5, 0.809017, 0.0, 0.0, 0.0, 0.0, 1.0 ], [ -0.309017, -0.5, 0.809017, 0.0, -0.5, 0.809017, 0.309017, 0.0, -0.809017, -0.309017, -0.5, 0.0, 0.0, 0.0, 0.0, 1.0 ], [ -0.5, -0.809017, -0.309017, 0.0, 0.809017, -0.309017, -0.5, 0.0, 0.309017, -0.5, 0.809017, 0.0, 0.0, 0.0, 0.0, 1.0 ], [ 0.309017, -0.5, 0.809017, 0.0, 0.5, 0.809017, 0.309017, 0.0, -0.809017, 0.309017, 0.5, 0.0, 0.0, 0.0, 0.0, 1.0 ], [ -0.809017, 0.309017, 0.5, 0.0, -0.309017, 0.5, -0.809017, 0.0, -0.5, -0.809017, -0.309017, 0.0, 0.0, 0.0, 0.0, 1.0 ], [ -0.5, -0.809017, 0.309017, 0.0, 0.809017, -0.309017, 0.5, 0.0, -0.309017, 0.5, 0.809017, 0.0, 0.0, 0.0, 0.0, 1.0 ], [ -0.309017, 0.5, 0.809017, 0.0, 0.5, 0.809017, -0.309017, 0.0, -0.809017, 0.309017, -0.5, 0.0, 0.0, 0.0, 0.0, 1.0 ], [ -0.809017, 0.309017, -0.5, 0.0, 0.309017, -0.5, -0.809017, 0.0, -0.5, -0.809017, 0.309017, 0.0, 0.0, 0.0, 0.0, 1.0 ], [ -0.809017, -0.309017, 0.5, 0.0, 0.309017, 0.5, 0.809017, 0.0, -0.5, 0.809017, -0.309017, 0.0, 0.0, 0.0, 0.0, 1.0 ], [ -0.5, 0.809017, -0.309017, 0.0, 0.809017, 0.309017, -0.5, 0.0, -0.309017, -0.5, -0.809017, 0.0, 0.0, 0.0, 0.0, 1.0 ], [ -0.309017, -0.5, -0.809017, 0.0, 0.5, -0.809017, 0.309017, 0.0, -0.809017, -0.309017, 0.5, 0.0, 0.0, 0.0, 0.0, 1.0 ] ],
  "lights" : {
    "backgroundColor" : "#FFFFEF",
    "ambientColor" : "#292929",
    "directionalLights" : [ {
      "direction" : {
        "x" : 1.0,
        "y" : -1.0,
        "z" : -1.0
      },
      "color" : "#EBEBE4"
    }, {
      "direction" : {
        "x" : -1.0,
        "y" : 0.0,
        "z" : 0.0
      },
      "color" : "#E4E4EB"
    }, {
      "direction" : {
        "x" : 0.0,
        "y" : 0.0,
        "z" : -1.0
      },
      "color" : "#1E1E1E"
    } ]
  },
  "camera" : {
    "lookDirection" : {
      "x" : 0.0,
      "y" : 0.0,
      "z" : -1.0
    },
    "upDirection" : {
      "x" : 0.0,
      "y" : 1.0,
      "z" : 0.0
    },
    "lookAtPoint" : {
      "x" : 0.0,
      "y" : 0.0,
      "z" : 0.0
    },
    "viewDistance" : 190.35284,
    "nearClipDistance" : 0.4758822,
    "farClipDistance" : 380.70657,
    "fieldOfView" : 0.4426286,
    "perspective" : false,
    "width" : 85.65872,
    "stereo" : false,
    "position" : {
      "x" : 0.0,
      "y" : 0.0,
      "z" : 190.35284
    }
  },
  "embedding" : [ 1.0, 0.0, 0.0, 0.0, 0.0, 1.0, 0.0, 0.0, 0.0, 0.0, 1.0, 0.0, 0.0, 0.0, 0.0, 1.0 ],
  "shapes" : [ {
    "id" : "c1bcbc62-f759-4bb8-a05b-a7f6af8753ed",
    "vertices" : [ {
      "x" : 6.854102,
      "y" : -13.708204,
      "z" : -11.09017
    }, {
      "x" : 6.854102,
      "y" : -9.472136,
      "z" : -13.708204
    }, {
      "x" : 4.236068,
      "y" : -9.472136,
      "z" : -9.472136
    }, {
      "x" : 4.236068,
      "y" : -13.708204,
      "z" : -6.854102
    } ],
    "faces" : [ {
      "vertices" : [ 0, 1, 2 ]
    }, {
      "vertices" : [ 0, 2, 3 ]
    }, {
      "vertices" : [ 0, 3, 2 ]
    }, {
      "vertices" : [ 0, 2, 1 ]
    } ]
  }, {
    "id" : "40856e9e-f9ef-4370-b9d0-c78a3929c991",
    "vertices" : [ {
      "x" : 0.9045085,
      "y" : 0.3454915,
      "z" : 0.25
    }, {
      "x" : 3.5225425,
      "y" : 1.9635255,
      "z" : 0.25
    }, {
      "x" : 3.3315594,
      "y" : 2.2725425,
      "z" : 0.25
    }, {
      "x" : 0.7135255,
      "y" : 0.6545085,
      "z" : 0.25
    }, {
      "x" : 0.809017,
      "y" : 0.5,
      "z" : -0.309017
    }, {
      "x" : 0.9635255,
      "y" : 0.25,
      "z" : -0.095491506
    }, {
      "x" : 0.309017,
      "y" : 0.19098301,
      "z" : 0.0
    }, {
      "x" : 3.927051,
      "y" : 2.427051,
      "z" : 0.0
    }, {
      "x" : 3.2725425,
      "y" : 2.368034,
      "z" : -0.095491506
    }, {
      "x" : 3.427051,
      "y" : 2.118034,
      "z" : -0.309017
    }, {
      "x" : 4.236068,
      "y" : 2.618034,
      "z" : 0.0
    }, {
      "x" : 0.6545085,
      "y" : 0.75,
      "z" : -0.095491506
    }, {
      "x" : 3.5815594,
      "y" : 1.868034,
      "z" : -0.095491506
    } ],
    "faces" : [ {
      "vertices" : [ 4, 11, 8 ]
    }, {
      "vertices" : [ 4, 8, 9 ]
    }, {
      "vertices" : [ 0, 1, 2 ]
    }, {
      "vertices" : [ 0, 2, 3 ]
    }, {
      "vertices" : [ 0, 3, 6 ]
    }, {
      "vertices" : [ 1, 7, 2 ]
    }, {
      "vertices" : [ 0, 6, 5 ]
    }, {
      "vertices" : [ 4, 5, 6 ]
    }, {
      "vertices" : [ 2, 7, 8 ]
    }, {
      "vertices" : [ 0, 5, 12 ]
    }, {
      "vertices" : [ 0, 12, 1 ]
    }, {
      "vertices" : [ 1, 12, 7 ]
    }, {
      "vertices" : [ 3, 11, 6 ]
    }, {
      "vertices" : [ 4, 6, 11 ]
    }, {
      "vertices" : [ 7, 9, 8 ]
    }, {
      "vertices" : [ 2, 8, 11 ]
    }, {
      "vertices" : [ 2, 11, 3 ]
    }, {
      "vertices" : [ 7, 12, 9 ]
    }, {
      "vertices" : [ 4, 9, 12 ]
    }, {
      "vertices" : [ 4, 12, 5 ]
    } ]
  }, {
    "id" : "b2d0c8da-b982-4d95-ae22-795947e40264",
    "vertices" : [ {
      "x" : 0.309017,
      "y" : -0.309017,
      "z" : -0.309017
    }, {
      "x" : 0.5,
      "y" : 0.0,
      "z" : -0.19098301
    }, {
      "x" : 0.5,
      "y" : 0.0,
      "z" : 0.19098301
    }, {
      "x" : 0.309017,
      "y" : -0.309017,
      "z" : 0.309017
    }, {
      "x" : 0.19098301,
      "y" : -0.5,
      "z" : 0.0
    }, {
      "x" : 0.0,
      "y" : 0.19098301,
      "z" : 0.5
    }, {
      "x" : 0.0,
      "y" : -0.19098301,
      "z" : 0.5
    }, {
      "x" : 0.309017,
      "y" : 0.309017,
      "z" : 0.309017
    }, {
      "x" : -0.309017,
      "y" : -0.309017,
      "z" : 0.309017
    }, {
      "x" : -0.309017,
      "y" : 0.309017,
      "z" : 0.309017
    }, {
      "x" : -0.5,
      "y" : 0.0,
      "z" : 0.19098301
    }, {
      "x" : 0.0,
      "y" : -0.19098301,
      "z" : -0.5
    }, {
      "x" : 0.0,
      "y" : 0.19098301,
      "z" : -0.5
    }, {
      "x" : 0.309017,
      "y" : 0.309017,
      "z" : -0.309017
    }, {
      "x" : -0.309017,
      "y" : -0.309017,
      "z" : -0.309017
    }, {
      "x" : -0.19098301,
      "y" : -0.5,
      "z" : 0.0
    }, {
      "x" : -0.5,
      "y" : 0.0,
      "z" : -0.19098301
    }, {
      "x" : 0.19098301,
      "y" : 0.5,
      "z" : 0.0
    }, {
      "x" : -0.309017,
      "y" : 0.309017,
      "z" : -0.309017
    }, {
      "x" : 0.0,
      "y" : 0.0,
      "z" : 0.0
    }, {
      "x" : -0.19098301,
      "y" : 0.5,
      "z" : 0.0
    } ],
    "faces" : [ {
      "vertices" : [ 12, 18, 20 ]
    }, {
      "vertices" : [ 12, 20, 17 ]
    }, {
      "vertices" : [ 12, 17, 13 ]
    }, {
      "vertices" : [ 3, 6, 8 ]
    }, {
      "vertices" : [ 3, 8, 15 ]
    }, {
      "vertices" : [ 3, 15, 4 ]
    }, {
      "vertices" : [ 0, 11, 12 ]
    }, {
      "vertices" : [ 0, 12, 13 ]
    }, {
      "vertices" : [ 0, 13, 1 ]
    }, {
      "vertices" : [ 5, 9, 10 ]
    }, {
      "vertices" : [ 5, 10, 8 ]
    }, {
      "vertices" : [ 5, 8, 6 ]
    }, {
      "vertices" : [ 2, 7, 5 ]
    }, {
      "vertices" : [ 2, 5, 6 ]
    }, {
      "vertices" : [ 2, 6, 3 ]
    }, {
      "vertices" : [ 11, 14, 16 ]
    }, {
      "vertices" : [ 11, 16, 18 ]
    }, {
      "vertices" : [ 11, 18, 12 ]
    }, {
      "vertices" : [ 1, 13, 17 ]
    }, {
      "vertices" : [ 1, 17, 7 ]
    }, {
      "vertices" : [ 1, 7, 2 ]
    }, {
      "vertices" : [ 9, 20, 18 ]
    }, {
      "vertices" : [ 9, 18, 16 ]
    }, {
      "vertices" : [ 9, 16, 10 ]
    }, {
      "vertices" : [ 0, 1, 2 ]
    }, {
      "vertices" : [ 0, 2, 3 ]
    }, {
      "vertices" : [ 0, 3, 4 ]
    }, {
      "vertices" : [ 5, 7, 17 ]
    }, {
      "vertices" : [ 5, 17, 20 ]
    }, {
      "vertices" : [ 5, 20, 9 ]
    }, {
      "vertices" : [ 0, 4, 15 ]
    }, {
      "vertices" : [ 0, 15, 14 ]
    }, {
      "vertices" : [ 0, 14, 11 ]
    }, {
      "vertices" : [ 8, 10, 16 ]
    }, {
      "vertices" : [ 8, 16, 14 ]
    }, {
      "vertices" : [ 8, 14, 15 ]
    } ]
  }, {
    "id" : "f184434d-152b-489d-92c2-b1edd5771cb9",
    "vertices" : [ {
      "x" : -13.708204,
      "y" : -11.09017,
      "z" : -6.854102
    }, {
      "x" : -11.09017,
      "y" : -11.09017,
      "z" : -11.09017
    }, {
      "x" : -6.854102,
      "y" : -13.708204,
      "z" : -11.09017
    }, {
      "x" : -9.472136,
      "y" : -13.708204,
      "z" : -6.854102
    } ],
    "faces" : [ {
      "vertices" : [ 0, 1, 2 ]
    }, {
      "vertices" : [ 0, 2, 3 ]
    }, {
      "vertices" : [ 0, 3, 2 ]
    }, {
      "vertices" : [ 0, 2, 1 ]
    } ]
  }, {
    "id" : "0c045641-0519-445e-b05a-5f4061765c76",
    "vertices" : [ {
      "x" : 0.0,
      "y" : -2.618034,
      "z" : 6.854102
    }, {
      "x" : -2.618034,
      "y" : -2.618034,
      "z" : 11.09017
    }, {
      "x" : -2.618034,
      "y" : -6.854102,
      "z" : 13.708204
    }, {
      "x" : 0.0,
      "y" : -6.854102,
      "z" : 9.472136
    } ],
    "faces" : [ {
      "vertices" : [ 0, 1, 2 ]
    }, {
      "vertices" : [ 0, 2, 3 ]
    }, {
      "vertices" : [ 0, 3, 2 ]
    }, {
      "vertices" : [ 0, 2, 1 ]
    } ]
  }, {
    "id" : "5e50f9f0-9f72-40aa-8e06-149879c41eaa",
    "vertices" : [ {
      "x" : 4.236068,
      "y" : 0.0,
      "z" : -6.854102
    }, {
      "x" : 4.236068,
      "y" : -4.236068,
      "z" : -4.236068
    }, {
      "x" : 6.854102,
      "y" : -4.236068,
      "z" : 0.0
    }, {
      "x" : 6.854102,
      "y" : 0.0,
      "z" : -2.618034
    } ],
    "faces" : [ {
      "vertices" : [ 0, 1, 2 ]
    }, {
      "vertices" : [ 0, 2, 3 ]
    }, {
      "vertices" : [ 0, 3, 2 ]
    }, {
      "vertices" : [ 0, 2, 1 ]
    } ]
  }, {
    "id" : "306ca40d-4f41-42e3-ac33-24a57212bd93",
    "vertices" : [ {
      "x" : 11.09017,
      "y" : 20.562305,
      "z" : -13.708204
    }, {
      "x" : 11.09017,
      "y" : 16.326239,
      "z" : -16.326239
    }, {
      "x" : 6.854102,
      "y" : 13.708204,
      "z" : -16.326239
    }, {
      "x" : 6.854102,
      "y" : 17.944271,
      "z" : -13.708204
    } ],
    "faces" : [ {
      "vertices" : [ 0, 1, 2 ]
    }, {
      "vertices" : [ 0, 2, 3 ]
    }, {
      "vertices" : [ 0, 3, 2 ]
    }, {
      "vertices" : [ 0, 2, 1 ]
    } ]
  }, {
    "id" : "8ae54b9c-f140-4fd4-ad6e-5c1ca317daff",
    "vertices" : [ {
      "x" : 0.0,
      "y" : 2.618034,
      "z" : 20.562305
    }, {
      "x" : -2.618034,
      "y" : 2.618034,
      "z" : 16.326239
    }, {
      "x" : -2.618034,
      "y" : 6.854102,
      "z" : 13.708204
    }, {
      "x" : 0.0,
      "y" : 6.854102,
      "z" : 17.944271
    } ],
    "faces" : [ {
      "vertices" : [ 0, 1, 2 ]
    }, {
      "vertices" : [ 0, 2, 3 ]
    }, {
      "vertices" : [ 0, 3, 2 ]
    }, {
      "vertices" : [ 0, 2, 1 ]
    } ]
  }, {
    "id" : "ea1083df-f2b3-4698-864f-9ae3fb61d1f8",
    "vertices" : [ {
      "x" : 13.708204,
      "y" : -20.562305,
      "z" : 9.472136
    }, {
      "x" : 9.472136,
      "y" : -17.944271,
      "z" : 9.472136
    }, {
      "x" : 9.472136,
      "y" : -13.708204,
      "z" : 6.854102
    }, {
      "x" : 13.708204,
      "y" : -16.326239,
      "z" : 6.854102
    } ],
    "faces" : [ {
      "vertices" : [ 0, 1, 2 ]
    }, {
      "vertices" : [ 0, 2, 3 ]
    }, {
      "vertices" : [ 0, 3, 2 ]
    }, {
      "vertices" : [ 0, 2, 1 ]
    } ]
  }, {
    "id" : "08daade0-d320-4a96-8402-025ef1b427dc",
    "vertices" : [ {
      "x" : -4.236068,
      "y" : 0.0,
      "z" : -6.854102
    }, {
      "x" : -4.236068,
      "y" : 4.236068,
      "z" : -4.236068
    }, {
      "x" : -6.854102,
      "y" : 4.236068,
      "z" : 0.0
    }, {
      "x" : -6.854102,
      "y" : 0.0,
      "z" : -2.618034
    } ],
    "faces" : [ {
      "vertices" : [ 0, 1, 2 ]
    }, {
      "vertices" : [ 0, 2, 3 ]
    }, {
      "vertices" : [ 0, 3, 2 ]
    }, {
      "vertices" : [ 0, 2, 1 ]
    } ]
  }, {
    "id" : "4dd39b78-fc03-4334-ba20-4aa9ccc3bacc",
    "vertices" : [ {
      "x" : -20.562305,
      "y" : -9.472136,
      "z" : -13.708204
    }, {
      "x" : -17.944271,
      "y" : -9.472136,
      "z" : -9.472136
    }, {
      "x" : -13.708204,
      "y" : -6.854102,
      "z" : -9.472136
    }, {
      "x" : -16.326239,
      "y" : -6.854102,
      "z" : -13.708204
    } ],
    "faces" : [ {
      "vertices" : [ 0, 1, 2 ]
    }, {
      "vertices" : [ 0, 2, 3 ]
    }, {
      "vertices" : [ 0, 3, 2 ]
    }, {
      "vertices" : [ 0, 2, 1 ]
    } ]
  }, {
    "id" : "3d21e3ce-c558-4ff9-8cf1-ef28e46f0c82",
    "vertices" : [ {
      "x" : 0.0,
      "y" : -20.562305,
      "z" : -4.236068
    }, {
      "x" : 4.236068,
      "y" : -17.944271,
      "z" : -4.236068
    }, {
      "x" : 4.236068,
      "y" : -13.708204,
      "z" : -6.854102
    }, {
      "x" : 0.0,
      "y" : -16.326239,
      "z" : -6.854102
    } ],
    "faces" : [ {
      "vertices" : [ 0, 1, 2 ]
    }, {
      "vertices" : [ 0, 2, 3 ]
    }, {
      "vertices" : [ 0, 3, 2 ]
    }, {
      "vertices" : [ 0, 2, 1 ]
    } ]
  }, {
    "id" : "10e1905f-1722-4e6a-8c1e-4feb6e48ef84",
    "vertices" : [ {
      "x" : 6.854102,
      "y" : -17.944271,
      "z" : 0.0
    }, {
      "x" : 4.236068,
      "y" : -17.944271,
      "z" : -4.236068
    }, {
      "x" : 0.0,
      "y" : -20.562305,
      "z" : -4.236068
    }, {
      "x" : 2.618034,
      "y" : -20.562305,
      "z" : 0.0
    } ],
    "faces" : [ {
      "vertices" : [ 0, 1, 2 ]
    }, {
      "vertices" : [ 0, 2, 3 ]
    }, {
      "vertices" : [ 0, 3, 2 ]
    }, {
      "vertices" : [ 0, 2, 1 ]
    } ]
  }, {
    "id" : "d78f46d6-2be2-48c3-a683-04e54045b7ce",
    "vertices" : [ {
      "x" : 0.0,
      "y" : -2.618034,
      "z" : 6.854102
    }, {
      "x" : 2.618034,
      "y" : -2.618034,
      "z" : 2.618034
    }, {
      "x" : 2.618034,
      "y" : -6.854102,
      "z" : 0.0
    }, {
      "x" : 0.0,
      "y" : -6.854102,
      "z" : 4.236068
    } ],
    "faces" : [ {
      "vertices" : [ 0, 1, 2 ]
    }, {
      "vertices" : [ 0, 2, 3 ]
    }, {
      "vertices" : [ 0, 3, 2 ]
    }, {
      "vertices" : [ 0, 2, 1 ]
    } ]
  }, {
    "id" : "7350015e-13e3-4603-9dc1-fc661a6bc827",
    "vertices" : [ {
      "x" : 13.708204,
      "y" : 6.854102,
      "z" : -17.944271
    }, {
      "x" : 9.472136,
      "y" : 4.236068,
      "z" : -17.944271
    }, {
      "x" : 9.472136,
      "y" : 0.0,
      "z" : -20.562305
    }, {
      "x" : 13.708204,
      "y" : 2.618034,
      "z" : -20.562305
    } ],
    "faces" : [ {
      "vertices" : [ 0, 1, 2 ]
    }, {
      "vertices" : [ 0, 2, 3 ]
    }, {
      "vertices" : [ 0, 3, 2 ]
    }, {
      "vertices" : [ 0, 2, 1 ]
    } ]
  }, {
    "id" : "02598fa1-efba-490a-a3e0-c421b0265ab9",
    "vertices" : [ {
      "x" : -20.562305,
      "y" : 4.236068,
      "z" : 0.0
    }, {
      "x" : -17.944271,
      "y" : 4.236068,
      "z" : -4.236068
    }, {
      "x" : -13.708204,
      "y" : 6.854102,
      "z" : -4.236068
    }, {
      "x" : -16.326239,
      "y" : 6.854102,
      "z" : 0.0
    } ],
    "faces" : [ {
      "vertices" : [ 0, 1, 2 ]
    }, {
      "vertices" : [ 0, 2, 3 ]
    }, {
      "vertices" : [ 0, 3, 2 ]
    }, {
      "vertices" : [ 0, 2, 1 ]
    } ]
  }, {
    "id" : "a8e2679c-b4de-49b3-bd14-f6dcf7e8fc15",
    "vertices" : [ {
      "x" : -20.562305,
      "y" : 0.0,
      "z" : 16.326239
    }, {
      "x" : -16.326239,
      "y" : 2.618034,
      "z" : 16.326239
    }, {
      "x" : -13.708204,
      "y" : 2.618034,
      "z" : 20.562305
    }, {
      "x" : -17.944271,
      "y" : 0.0,
      "z" : 20.562305
    } ],
    "faces" : [ {
      "vertices" : [ 0, 1, 2 ]
    }, {
      "vertices" : [ 0, 2, 3 ]
    }, {
      "vertices" : [ 0, 3, 2 ]
    }, {
      "vertices" : [ 0, 2, 1 ]
    } ]
  }, {
    "id" : "0a65058d-6b36-4110-8596-929bb4cb185c",
    "vertices" : [ {
      "x" : -4.236068,
      "y" : 0.0,
      "z" : 6.854102
    }, {
      "x" : -4.236068,
      "y" : -4.236068,
      "z" : 4.236068
    }, {
      "x" : -6.854102,
      "y" : -4.236068,
      "z" : 0.0
    }, {
      "x" : -6.854102,
      "y" : 0.0,
      "z" : 2.618034
    } ],
    "faces" : [ {
      "vertices" : [ 0, 1, 2 ]
    }, {
      "vertices" : [ 0, 2, 3 ]
    }, {
      "vertices" : [ 0, 3, 2 ]
    }, {
      "vertices" : [ 0, 2, 1 ]
    } ]
  }, {
    "id" : "ee72dc3e-8d07-4f93-957e-826e4303c3b5",
    "vertices" : [ {
      "x" : 20.562305,
      "y" : -4.236068,
      "z" : 13.708204
    }, {
      "x" : 17.944271,
      "y" : -4.236068,
      "z" : 9.472136
    }, {
      "x" : 13.708204,
      "y" : -6.854102,
      "z" : 9.472136
    }, {
      "x" : 16.326239,
      "y" : -6.854102,
      "z" : 13.708204
    } ],
    "faces" : [ {
      "vertices" : [ 0, 1, 2 ]
    }, {
      "vertices" : [ 0, 2, 3 ]
    }, {
      "vertices" : [ 0, 3, 2 ]
    }, {
      "vertices" : [ 0, 2, 1 ]
    } ]
  }, {
    "id" : "f52b310d-6343-4a89-9d6b-eace38cfc535",
    "vertices" : [ {
      "x" : -11.09017,
      "y" : 6.854102,
      "z" : 0.0
    }, {
      "x" : -11.09017,
      "y" : 11.09017,
      "z" : 2.618034
    }, {
      "x" : -6.854102,
      "y" : 13.708204,
      "z" : 2.618034
    }, {
      "x" : -6.854102,
      "y" : 9.472136,
      "z" : 0.0
    } ],
    "faces" : [ {
      "vertices" : [ 0, 1, 2 ]
    }, {
      "vertices" : [ 0, 2, 3 ]
    }, {
      "vertices" : [ 0, 3, 2 ]
    }, {
      "vertices" : [ 0, 2, 1 ]
    } ]
  }, {
    "id" : "39cd0bf0-fe5c-4a53-933e-170b1a6ec712",
    "vertices" : [ {
      "x" : -13.708204,
      "y" : 11.09017,
      "z" : -20.562305
    }, {
      "x" : -16.326239,
      "y" : 11.09017,
      "z" : -16.326239
    }, {
      "x" : -16.326239,
      "y" : 6.854102,
      "z" : -13.708204
    }, {
      "x" : -13.708204,
      "y" : 6.854102,
      "z" : -17.944271
    } ],
    "faces" : [ {
      "vertices" : [ 0, 1, 2 ]
    }, {
      "vertices" : [ 0, 2, 3 ]
    }, {
      "vertices" : [ 0, 3, 2 ]
    }, {
      "vertices" : [ 0, 2, 1 ]
    } ]
  }, {
    "id" : "5766efb8-f0d9-4a60-a5bf-51e9b2dfd1e3",
    "vertices" : [ {
      "x" : -9.472136,
      "y" : 13.708204,
      "z" : 6.854102
    }, {
      "x" : -9.472136,
      "y" : 17.944271,
      "z" : 9.472136
    }, {
      "x" : -6.854102,
      "y" : 17.944271,
      "z" : 13.708204
    }, {
      "x" : -6.854102,
      "y" : 13.708204,
      "z" : 11.09017
    } ],
    "faces" : [ {
      "vertices" : [ 0, 1, 2 ]
    }, {
      "vertices" : [ 0, 2, 3 ]
    }, {
      "vertices" : [ 0, 3, 2 ]
    }, {
      "vertices" : [ 0, 2, 1 ]
    } ]
  }, {
    "id" : "d6b4f239-5c5c-4e20-b8e3-7d8a6d43db63",
    "vertices" : [ {
      "x" : 0.0,
      "y" : 6.854102,
      "z" : 17.944271
    }, {
      "x" : 4.236068,
      "y" : 4.236068,
      "z" : 17.944271
    }, {
      "x" : 4.236068,
      "y" : 0.0,
      "z" : 20.562305
    }, {
      "x" : 0.0,
      "y" : 2.618034,
      "z" : 20.562305
    } ],
    "faces" : [ {
      "vertices" : [ 0, 1, 2 ]
    }, {
      "vertices" : [ 0, 2, 3 ]
    }, {
      "vertices" : [ 0, 3, 2 ]
    }, {
      "vertices" : [ 0, 2, 1 ]
    } ]
  }, {
    "id" : "c4103f08-2ecb-4b38-a60d-e512d2bc9cda",
    "vertices" : [ {
      "x" : 0.0,
      "y" : 6.854102,
      "z" : -17.944271
    }, {
      "x" : 4.236068,
      "y" : 9.472136,
      "z" : -17.944271
    }, {
      "x" : 4.236068,
      "y" : 13.708204,
      "z" : -20.562305
    }, {
      "x" : 0.0,
      "y" : 11.09017,
      "z" : -20.562305
    } ],
    "faces" : [ {
      "vertices" : [ 0, 1, 2 ]
    }, {
      "vertices" : [ 0, 2, 3 ]
    }, {
      "vertices" : [ 0, 3, 2 ]
    }, {
      "vertices" : [ 0, 2, 1 ]
    } ]
  }, {
    "id" : "bba8dda2-14a2-404e-9fbb-a0842233616b",
    "vertices" : [ {
      "x" : -13.708204,
      "y" : 6.854102,
      "z" : 4.236068
    }, {
      "x" : -17.944271,
      "y" : 9.472136,
      "z" : 4.236068
    }, {
      "x" : -17.944271,
      "y" : 13.708204,
      "z" : 6.854102
    }, {
      "x" : -13.708204,
      "y" : 11.09017,
      "z" : 6.854102
    } ],
    "faces" : [ {
      "vertices" : [ 0, 1, 2 ]
    }, {
      "vertices" : [ 0, 2, 3 ]
    }, {
      "vertices" : [ 0, 3, 2 ]
    }, {
      "vertices" : [ 0, 2, 1 ]
    } ]
  }, {
    "id" : "da89cd25-e030-4491-8a4f-ceb779e3ed5d",
    "vertices" : [ {
      "x" : 4.236068,
      "y" : -13.708204,
      "z" : -6.854102
    }, {
      "x" : 4.236068,
      "y" : -9.472136,
      "z" : -9.472136
    }, {
      "x" : 0.0,
      "y" : -6.854102,
      "z" : -9.472136
    }, {
      "x" : 0.0,
      "y" : -11.09017,
      "z" : -6.854102
    } ],
    "faces" : [ {
      "vertices" : [ 0, 1, 2 ]
    }, {
      "vertices" : [ 0, 2, 3 ]
    }, {
      "vertices" : [ 0, 3, 2 ]
    }, {
      "vertices" : [ 0, 2, 1 ]
    } ]
  }, {
    "id" : "c6bebf4b-ae87-4097-8c75-61d87018e1d7",
    "vertices" : [ {
      "x" : 0.0,
      "y" : 20.562305,
      "z" : 4.236068
    }, {
      "x" : 4.236068,
      "y" : 17.944271,
      "z" : 4.236068
    }, {
      "x" : 4.236068,
      "y" : 13.708204,
      "z" : 6.854102
    }, {
      "x" : 0.0,
      "y" : 16.326239,
      "z" : 6.854102
    } ],
    "faces" : [ {
      "vertices" : [ 0, 1, 2 ]
    }, {
      "vertices" : [ 0, 2, 3 ]
    }, {
      "vertices" : [ 0, 3, 2 ]
    }, {
      "vertices" : [ 0, 2, 1 ]
    } ]
  }, {
    "id" : "83acaa30-bf85-4aaf-9a5c-4c3abf2e9c61",
    "vertices" : [ {
      "x" : -13.708204,
      "y" : 6.854102,
      "z" : 17.944271
    }, {
      "x" : -9.472136,
      "y" : 4.236068,
      "z" : 17.944271
    }, {
      "x" : -9.472136,
      "y" : 0.0,
      "z" : 20.562305
    }, {
      "x" : -13.708204,
      "y" : 2.618034,
      "z" : 20.562305
    } ],
    "faces" : [ {
      "vertices" : [ 0, 1, 2 ]
    }, {
      "vertices" : [ 0, 2, 3 ]
    }, {
      "vertices" : [ 0, 3, 2 ]
    }, {
      "vertices" : [ 0, 2, 1 ]
    } ]
  }, {
    "id" : "23f6f7b9-72f1-4ada-8465-1f507289b252",
    "vertices" : [ {
      "x" : 20.562305,
      "y" : 4.236068,
      "z" : 0.0
    }, {
      "x" : 17.944271,
      "y" : 4.236068,
      "z" : 4.236068
    }, {
      "x" : 13.708204,
      "y" : 6.854102,
      "z" : 4.236068
    }, {
      "x" : 16.326239,
      "y" : 6.854102,
      "z" : 0.0
    } ],
    "faces" : [ {
      "vertices" : [ 0, 1, 2 ]
    }, {
      "vertices" : [ 0, 2, 3 ]
    }, {
      "vertices" : [ 0, 3, 2 ]
    }, {
      "vertices" : [ 0, 2, 1 ]
    } ]
  }, {
    "id" : "f39b37f4-b175-4a36-838e-e487fe7bc888",
    "vertices" : [ {
      "x" : -11.09017,
      "y" : -20.562305,
      "z" : 0.0
    }, {
      "x" : -11.09017,
      "y" : -16.326239,
      "z" : 2.618034
    }, {
      "x" : -6.854102,
      "y" : -13.708204,
      "z" : 2.618034
    }, {
      "x" : -6.854102,
      "y" : -17.944271,
      "z" : 0.0
    } ],
    "faces" : [ {
      "vertices" : [ 0, 1, 2 ]
    }, {
      "vertices" : [ 0, 2, 3 ]
    }, {
      "vertices" : [ 0, 3, 2 ]
    }, {
      "vertices" : [ 0, 2, 1 ]
    } ]
  }, {
    "id" : "35a9c708-36ff-41e3-9dec-bfbaf940f769",
    "vertices" : [ {
      "x" : -6.854102,
      "y" : 13.708204,
      "z" : -2.618034
    }, {
      "x" : -2.618034,
      "y" : 11.09017,
      "z" : -2.618034
    }, {
      "x" : 0.0,
      "y" : 11.09017,
      "z" : -6.854102
    }, {
      "x" : -4.236068,
      "y" : 13.708204,
      "z" : -6.854102
    } ],
    "faces" : [ {
      "vertices" : [ 0, 1, 2 ]
    }, {
      "vertices" : [ 0, 2, 3 ]
    }, {
      "vertices" : [ 0, 3, 2 ]
    }, {
      "vertices" : [ 0, 2, 1 ]
    } ]
  }, {
    "id" : "9c539526-4844-4120-91e3-ecfa9d061144",
    "vertices" : [ {
      "x" : -13.708204,
      "y" : 6.854102,
      "z" : 9.472136
    }, {
      "x" : -17.944271,
      "y" : 9.472136,
      "z" : 9.472136
    }, {
      "x" : -17.944271,
      "y" : 13.708204,
      "z" : 6.854102
    }, {
      "x" : -13.708204,
      "y" : 11.09017,
      "z" : 6.854102
    } ],
    "faces" : [ {
      "vertices" : [ 0, 1, 2 ]
    }, {
      "vertices" : [ 0, 2, 3 ]
    }, {
      "vertices" : [ 0, 3, 2 ]
    }, {
      "vertices" : [ 0, 2, 1 ]
    } ]
  }, {
    "id" : "7dfa6907-4b49-4129-afe5-fe5ffcd3b085",
    "vertices" : [ {
      "x" : -11.09017,
      "y" : -6.854102,
      "z" : 0.0
    }, {
      "x" : -11.09017,
      "y" : -2.618034,
      "z" : 2.618034
    }, {
      "x" : -6.854102,
      "y" : 0.0,
      "z" : 2.618034
    }, {
      "x" : -6.854102,
      "y" : -4.236068,
      "z" : 0.0
    } ],
    "faces" : [ {
      "vertices" : [ 0, 1, 2 ]
    }, {
      "vertices" : [ 0, 2, 3 ]
    }, {
      "vertices" : [ 0, 3, 2 ]
    }, {
      "vertices" : [ 0, 2, 1 ]
    } ]
  }, {
    "id" : "3dde9f79-ecb8-4dfc-8f3c-d5b640eaa7d5",
    "vertices" : [ {
      "x" : 11.09017,
      "y" : -20.562305,
      "z" : 13.708204
    }, {
      "x" : 11.09017,
      "y" : -16.326239,
      "z" : 16.326239
    }, {
      "x" : 6.854102,
      "y" : -13.708204,
      "z" : 16.326239
    }, {
      "x" : 6.854102,
      "y" : -17.944271,
      "z" : 13.708204
    } ],
    "faces" : [ {
      "vertices" : [ 0, 1, 2 ]
    }, {
      "vertices" : [ 0, 2, 3 ]
    }, {
      "vertices" : [ 0, 3, 2 ]
    }, {
      "vertices" : [ 0, 2, 1 ]
    } ]
  }, {
    "id" : "d4681ffc-90cc-4388-a03e-825d660c1360",
    "vertices" : [ {
      "x" : -6.854102,
      "y" : 4.236068,
      "z" : 13.708204
    }, {
      "x" : -9.472136,
      "y" : 4.236068,
      "z" : 17.944271
    }, {
      "x" : -13.708204,
      "y" : 6.854102,
      "z" : 17.944271
    }, {
      "x" : -11.09017,
      "y" : 6.854102,
      "z" : 13.708204
    } ],
    "faces" : [ {
      "vertices" : [ 0, 1, 2 ]
    }, {
      "vertices" : [ 0, 2, 3 ]
    }, {
      "vertices" : [ 0, 3, 2 ]
    }, {
      "vertices" : [ 0, 2, 1 ]
    } ]
  }, {
    "id" : "16e99769-24a9-4142-b7e7-ff69d7d9e7f9",
    "vertices" : [ {
      "x" : 13.708204,
      "y" : 16.326239,
      "z" : 6.854102
    }, {
      "x" : 11.09017,
      "y" : 16.326239,
      "z" : 2.618034
    }, {
      "x" : 11.09017,
      "y" : 20.562305,
      "z" : 0.0
    }, {
      "x" : 13.708204,
      "y" : 20.562305,
      "z" : 4.236068
    } ],
    "faces" : [ {
      "vertices" : [ 0, 1, 2 ]
    }, {
      "vertices" : [ 0, 2, 3 ]
    }, {
      "vertices" : [ 0, 3, 2 ]
    }, {
      "vertices" : [ 0, 2, 1 ]
    } ]
  }, {
    "id" : "61665c14-b399-45f8-8707-d8867ce9365d",
    "vertices" : [ {
      "x" : 20.562305,
      "y" : 17.944271,
      "z" : 13.708204
    }, {
      "x" : 17.944271,
      "y" : 17.944271,
      "z" : 17.944271
    }, {
      "x" : 13.708204,
      "y" : 20.562305,
      "z" : 17.944271
    }, {
      "x" : 16.326239,
      "y" : 20.562305,
      "z" : 13.708204
    } ],
    "faces" : [ {
      "vertices" : [ 0, 1, 2 ]
    }, {
      "vertices" : [ 0, 2, 3 ]
    }, {
      "vertices" : [ 0, 3, 2 ]
    }, {
      "vertices" : [ 0, 2, 1 ]
    } ]
  }, {
    "id" : "bba3733b-d9b1-4250-b9f3-2a41d0c8fb2d",
    "vertices" : [ {
      "x" : -20.562305,
      "y" : 0.0,
      "z" : -2.618034
    }, {
      "x" : -16.326239,
      "y" : -2.618034,
      "z" : -2.618034
    }, {
      "x" : -13.708204,
      "y" : -2.618034,
      "z" : -6.854102
    }, {
      "x" : -17.944271,
      "y" : 0.0,
      "z" : -6.854102
    } ],
    "faces" : [ {
      "vertices" : [ 0, 1, 2 ]
    }, {
      "vertices" : [ 0, 2, 3 ]
    }, {
      "vertices" : [ 0, 3, 2 ]
    }, {
      "vertices" : [ 0, 2, 1 ]
    } ]
  }, {
    "id" : "7be9e8af-1485-4ce6-8278-eff9a9acea70",
    "vertices" : [ {
      "x" : -6.854102,
      "y" : 13.708204,
      "z" : 16.326239
    }, {
      "x" : -2.618034,
      "y" : 16.326239,
      "z" : 16.326239
    }, {
      "x" : 0.0,
      "y" : 16.326239,
      "z" : 20.562305
    }, {
      "x" : -4.236068,
      "y" : 13.708204,
      "z" : 20.562305
    } ],
    "faces" : [ {
      "vertices" : [ 0, 1, 2 ]
    }, {
      "vertices" : [ 0, 2, 3 ]
    }, {
      "vertices" : [ 0, 3, 2 ]
    }, {
      "vertices" : [ 0, 2, 1 ]
    } ]
  }, {
    "id" : "a3f6d4c0-c77f-4765-8e2d-7a43813eea1b",
    "vertices" : [ {
      "x" : 0.0,
      "y" : 6.854102,
      "z" : -17.944271
    }, {
      "x" : -4.236068,
      "y" : 4.236068,
      "z" : -17.944271
    }, {
      "x" : -4.236068,
      "y" : 0.0,
      "z" : -20.562305
    }, {
      "x" : 0.0,
      "y" : 2.618034,
      "z" : -20.562305
    } ],
    "faces" : [ {
      "vertices" : [ 0, 1, 2 ]
    }, {
      "vertices" : [ 0, 2, 3 ]
    }, {
      "vertices" : [ 0, 3, 2 ]
    }, {
      "vertices" : [ 0, 2, 1 ]
    } ]
  }, {
    "id" : "73b663c8-6054-447b-9840-2dc91a19eb45",
    "vertices" : [ {
      "x" : 0.0,
      "y" : -6.854102,
      "z" : -9.472136
    }, {
      "x" : -4.236068,
      "y" : -4.236068,
      "z" : -9.472136
    }, {
      "x" : -4.236068,
      "y" : 0.0,
      "z" : -6.854102
    }, {
      "x" : 0.0,
      "y" : -2.618034,
      "z" : -6.854102
    } ],
    "faces" : [ {
      "vertices" : [ 0, 1, 2 ]
    }, {
      "vertices" : [ 0, 2, 3 ]
    }, {
      "vertices" : [ 0, 3, 2 ]
    }, {
      "vertices" : [ 0, 2, 1 ]
    } ]
  }, {
    "id" : "863c94dd-1da0-4648-8c98-0d34f92f5f2f",
    "vertices" : [ {
      "x" : 9.472136,
      "y" : -13.708204,
      "z" : 20.562305
    }, {
      "x" : 9.472136,
      "y" : -9.472136,
      "z" : 17.944271
    }, {
      "x" : 6.854102,
      "y" : -9.472136,
      "z" : 13.708204
    }, {
      "x" : 6.854102,
      "y" : -13.708204,
      "z" : 16.326239
    } ],
    "faces" : [ {
      "vertices" : [ 0, 1, 2 ]
    }, {
      "vertices" : [ 0, 2, 3 ]
    }, {
      "vertices" : [ 0, 3, 2 ]
    }, {
      "vertices" : [ 0, 2, 1 ]
    } ]
  }, {
    "id" : "ed59a2dd-d8e3-4934-8045-5f91652ff3f0",
    "vertices" : [ {
      "x" : 6.854102,
      "y" : 17.944271,
      "z" : 13.708204
    }, {
      "x" : 9.472136,
      "y" : 17.944271,
      "z" : 9.472136
    }, {
      "x" : 13.708204,
      "y" : 20.562305,
      "z" : 9.472136
    }, {
      "x" : 11.09017,
      "y" : 20.562305,
      "z" : 13.708204
    } ],
    "faces" : [ {
      "vertices" : [ 0, 1, 2 ]
    }, {
      "vertices" : [ 0, 2, 3 ]
    }, {
      "vertices" : [ 0, 3, 2 ]
    }, {
      "vertices" : [ 0, 2, 1 ]
    } ]
  }, {
    "id" : "3d907df6-a405-42e9-97af-46473e82c554",
    "vertices" : [ {
      "x" : -16.326239,
      "y" : -6.854102,
      "z" : 0.0
    }, {
      "x" : -16.326239,
      "y" : -11.09017,
      "z" : 2.618034
    }, {
      "x" : -20.562305,
      "y" : -13.708204,
      "z" : 2.618034
    }, {
      "x" : -20.562305,
      "y" : -9.472136,
      "z" : 0.0
    } ],
    "faces" : [ {
      "vertices" : [ 0, 1, 2 ]
    }, {
      "vertices" : [ 0, 2, 3 ]
    }, {
      "vertices" : [ 0, 3, 2 ]
    }, {
      "vertices" : [ 0, 2, 1 ]
    } ]
  }, {
    "id" : "65c1c054-8f0d-4c92-b516-ef06320ed051",
    "vertices" : [ {
      "x" : -6.854102,
      "y" : 0.0,
      "z" : 16.326239
    }, {
      "x" : -11.09017,
      "y" : -2.618034,
      "z" : 16.326239
    }, {
      "x" : -13.708204,
      "y" : -2.618034,
      "z" : 20.562305
    }, {
      "x" : -9.472136,
      "y" : 0.0,
      "z" : 20.562305
    } ],
    "faces" : [ {
      "vertices" : [ 0, 1, 2 ]
    }, {
      "vertices" : [ 0, 2, 3 ]
    }, {
      "vertices" : [ 0, 3, 2 ]
    }, {
      "vertices" : [ 0, 2, 1 ]
    } ]
  }, {
    "id" : "a2ca9bfd-7c75-441b-a2d8-dd6b14ffb96d",
    "vertices" : [ {
      "x" : 20.562305,
      "y" : 9.472136,
      "z" : 0.0
    }, {
      "x" : 17.944271,
      "y" : 9.472136,
      "z" : -4.236068
    }, {
      "x" : 13.708204,
      "y" : 6.854102,
      "z" : -4.236068
    }, {
      "x" : 16.326239,
      "y" : 6.854102,
      "z" : 0.0
    } ],
    "faces" : [ {
      "vertices" : [ 0, 1, 2 ]
    }, {
      "vertices" : [ 0, 2, 3 ]
    }, {
      "vertices" : [ 0, 3, 2 ]
    }, {
      "vertices" : [ 0, 2, 1 ]
    } ]
  }, {
    "id" : "f72e4eed-90f7-48d0-9a02-56d558a882b8",
    "vertices" : [ {
      "x" : -6.854102,
      "y" : 0.0,
      "z" : 2.618034
    }, {
      "x" : -2.618034,
      "y" : 2.618034,
      "z" : 2.618034
    }, {
      "x" : 0.0,
      "y" : 2.618034,
      "z" : 6.854102
    }, {
      "x" : -4.236068,
      "y" : 0.0,
      "z" : 6.854102
    } ],
    "faces" : [ {
      "vertices" : [ 0, 1, 2 ]
    }, {
      "vertices" : [ 0, 2, 3 ]
    }, {
      "vertices" : [ 0, 3, 2 ]
    }, {
      "vertices" : [ 0, 2, 1 ]
    } ]
  }, {
    "id" : "f9761542-345c-4589-bd1a-07e8ff51335f",
    "vertices" : [ {
      "x" : 13.708204,
      "y" : 20.562305,
      "z" : -9.472136
    }, {
      "x" : 9.472136,
      "y" : 17.944271,
      "z" : -9.472136
    }, {
      "x" : 9.472136,
      "y" : 13.708204,
      "z" : -6.854102
    }, {
      "x" : 13.708204,
      "y" : 16.326239,
      "z" : -6.854102
    } ],
    "faces" : [ {
      "vertices" : [ 0, 1, 2 ]
    }, {
      "vertices" : [ 0, 2, 3 ]
    }, {
      "vertices" : [ 0, 3, 2 ]
    }, {
      "vertices" : [ 0, 2, 1 ]
    } ]
  }, {
    "id" : "17b751eb-2d07-4ff5-b925-7e62a111d03f",
    "vertices" : [ {
      "x" : 4.236068,
      "y" : 13.708204,
      "z" : -6.854102
    }, {
      "x" : 4.236068,
      "y" : 9.472136,
      "z" : -4.236068
    }, {
      "x" : 6.854102,
      "y" : 9.472136,
      "z" : 0.0
    }, {
      "x" : 6.854102,
      "y" : 13.708204,
      "z" : -2.618034
    } ],
    "faces" : [ {
      "vertices" : [ 0, 1, 2 ]
    }, {
      "vertices" : [ 0, 2, 3 ]
    }, {
      "vertices" : [ 0, 3, 2 ]
    }, {
      "vertices" : [ 0, 2, 1 ]
    } ]
  }, {
    "id" : "73028e6d-4742-4aff-8684-e5b233a77302",
    "vertices" : [ {
      "x" : 16.326239,
      "y" : 6.854102,
      "z" : -13.708204
    }, {
      "x" : 16.326239,
      "y" : 2.618034,
      "z" : -16.326239
    }, {
      "x" : 20.562305,
      "y" : 0.0,
      "z" : -16.326239
    }, {
      "x" : 20.562305,
      "y" : 4.236068,
      "z" : -13.708204
    } ],
    "faces" : [ {
      "vertices" : [ 0, 1, 2 ]
    }, {
      "vertices" : [ 0, 2, 3 ]
    }, {
      "vertices" : [ 0, 3, 2 ]
    }, {
      "vertices" : [ 0, 2, 1 ]
    } ]
  }, {
    "id" : "3d33ea7c-6349-44a2-ad9c-5376f1ff6085",
    "vertices" : [ {
      "x" : -6.854102,
      "y" : -13.708204,
      "z" : 2.618034
    }, {
      "x" : -2.618034,
      "y" : -11.09017,
      "z" : 2.618034
    }, {
      "x" : 0.0,
      "y" : -11.09017,
      "z" : 6.854102
    }, {
      "x" : -4.236068,
      "y" : -13.708204,
      "z" : 6.854102
    } ],
    "faces" : [ {
      "vertices" : [ 0, 1, 2 ]
    }, {
      "vertices" : [ 0, 2, 3 ]
    }, {
      "vertices" : [ 0, 3, 2 ]
    }, {
      "vertices" : [ 0, 2, 1 ]
