{
  "field" : "golden",
  "symmetry" : "icosahedral",
  "orientations" : [ [ 1.0, 0.0, 0.0, 0.0, 0.0, 1.0, 0.0, 0.0, 0.0, 0.0, 1.0, 0.0, 0.0, 0.0, 0.0, 1.0 ], [ 0.0, 0.0, 1.0, 0.0, 1.0, 0.0, 0.0, 0.0, 0.0, 1.0, 0.0, 0.0, 0.0, 0.0, 0.0, 1.0 ], [ 0.0, 1.0, 0.0, 0.0, 0.0, 0.0, 1.0, 0.0, 1.0, 0.0, 0.0, 0.0, 0.0, 0.0, 0.0, 1.0 ], [ 0.809017, 0.309017, 0.5, 0.0, 0.309017, 0.5, -0.809017, 0.0, -0.5, 0.809017, 0.309017, 0.0, 0.0, 0.0, 0.0, 1.0 ], [ -0.5, 0.809017, 0.309017, 0.0, 0.809017, 0.309017, 0.5, 0.0, 0.309017, 0.5, -0.809017, 0.0, 0.0, 0.0, 0.0, 1.0 ], [ 0.309017, 0.5, -0.809017, 0.0, -0.5, 0.809017, 0.309017, 0.0, 0.809017, 0.309017, 0.5, 0.0, 0.0, 0.0, 0.0, 1.0 ], [ 0.5, 0.809017, 0.309017, 0.0, 0.809017, -0.309017, -0.5, 0.0, -0.309017, 0.5, -0.809017, 0.0, 0.0, 0.0, 0.0, 1.0 ], [ -0.309017, 0.5, -0.809017, 0.0, 0.5, 0.809017, 0.309017, 0.0, 0.809017, -0.309017, -0.5, 0.0, 0.0, 0.0, 0.0, 1.0 ], [ 0.809017, -0.309017, -0.5, 0.0, -0.309017, 0.5, -0.809017, 0.0, 0.5, 0.809017, 0.309017, 0.0, 0.0, 0.0, 0.0, 1.0 ], [ 0.5, 0.809017, -0.309017, 0.0, 0.809017, -0.309017, 0.5, 0.0, 0.309017, -0.5, -0.809017, 0.0, 0.0, 0.0, 0.0, 1.0 ], [ 0.309017, -0.5, -0.809017, 0.0, 0.5, 0.809017, -0.309017, 0.0, 0.809017, -0.309017, 0.5, 0.0, 0.0, 0.0, 0.0, 1.0 ], [ 0.809017, -0.309017, 0.5, 0.0, 0.309017, -0.5, -0.809017, 0.0, 0.5, 0.809017, -0.309017, 0.0, 0.0, 0.0, 0.0, 1.0 ], [ 0.809017, 0.309017, -0.5, 0.0, 0.309017, 0.5, 0.809017, 0.0, 0.5, -0.809017, 0.309017, 0.0, 0.0, 0.0, 0.0, 1.0 ], [ 0.5, -0.809017, 0.309017, 0.0, 0.809017, 0.309017, -0.5, 0.0, 0.309017, 0.5, 0.809017, 0.0, 0.0, 0.0, 0.0, 1.0 ], [ 0.309017, 0.5, 0.809017, 0.0, 0.5, -0.809017, 0.309017, 0.0, 0.809017, 0.309017, -0.5, 0.0, 0.0, 0.0, 0.0, 1.0 ], [ 1.0, 0.0, 0.0, 0.0, 0.0, -1.0, 0.0, 0.0, 0.0, 0.0, -1.0, 0.0, 0.0, 0.0, 0.0, 1.0 ], [ 0.0, 0.0, 1.0, 0.0, -1.0, 0.0, 0.0, 0.0, 0.0, -1.0, 0.0, 0.0, 0.0, 0.0, 0.0, 1.0 ], [ 0.0, 1.0, 0.0, 0.0, 0.0, 0.0, -1.0, 0.0, -1.0, 0.0, 0.0, 0.0, 0.0, 0.0, 0.0, 1.0 ], [ 0.809017, 0.309017, 0.5, 0.0, -0.309017, -0.5, 0.809017, 0.0, 0.5, -0.809017, -0.309017, 0.0, 0.0, 0.0, 0.0, 1.0 ], [ -0.5, 0.809017, 0.309017, 0.0, -0.809017, -0.309017, -0.5, 0.0, -0.309017, -0.5, 0.809017, 0.0, 0.0, 0.0, 0.0, 1.0 ], [ 0.309017, 0.5, -0.809017, 0.0, 0.5, -0.809017, -0.309017, 0.0, -0.809017, -0.309017, -0.5, 0.0, 0.0, 0.0, 0.0, 1.0 ], [ 0.5, 0.809017, 0.309017, 0.0, -0.809017, 0.309017, 0.5, 0.0, 0.309017, -0.5, 0.809017, 0.0, 0.0, 0.0, 0.0, 1.0 ], [ -0.309017, 0.5, -0.809017, 0.0, -0.5, -0.809017, -0.309017, 0.0, -0.809017, 0.309017, 0.5, 0.0, 0.0, 0.0, 0.0, 1.0 ], [ 0.809017, -0.309017, -0.5, 0.0, 0.309017, -0.5, 0.809017, 0.0, -0.5, -0.809017, -0.309017, 0.0, 0.0, 0.0, 0.0, 1.0 ], [ 0.5, 0.809017, -0.309017, 0.0, -0.809017, 0.309017, -0.5, 0.0, -0.309017, 0.5, 0.809017, 0.0, 0.0, 0.0, 0.0, 1.0 ], [ 0.309017, -0.5, -0.809017, 0.0, -0.5, -0.809017, 0.309017, 0.0, -0.809017, 0.309017, -0.5, 0.0, 0.0, 0.0, 0.0, 1.0 ], [ 0.809017, -0.309017, 0.5, 0.0, -0.309017, 0.5, 0.809017, 0.0, -0.5, -0.809017, 0.309017, 0.0, 0.0, 0.0, 0.0, 1.0 ], [ 0.809017, 0.309017, -0.5, 0.0, -0.309017, -0.5, -0.809017, 0.0, -0.5, 0.809017, -0.309017, 0.0, 0.0, 0.0, 0.0, 1.0 ], [ 0.5, -0.809017, 0.309017, 0.0, -0.809017, -0.309017, 0.5, 0.0, -0.309017, -0.5, -0.809017, 0.0, 0.0, 0.0, 0.0, 1.0 ], [ 0.309017, 0.5, 0.809017, 0.0, -0.5, 0.809017, -0.309017, 0.0, -0.809017, -0.309017, 0.5, 0.0, 0.0, 0.0, 0.0, 1.0 ], [ -1.0, 0.0, 0.0, 0.0, 0.0, -1.0, 0.0, 0.0, 0.0, 0.0, 1.0, 0.0, 0.0, 0.0, 0.0, 1.0 ], [ 0.0, 0.0, -1.0, 0.0, -1.0, 0.0, 0.0, 0.0, 0.0, 1.0, 0.0, 0.0, 0.0, 0.0, 0.0, 1.0 ], [ 0.0, -1.0, 0.0, 0.0, 0.0, 0.0, -1.0, 0.0, 1.0, 0.0, 0.0, 0.0, 0.0, 0.0, 0.0, 1.0 ], [ -0.809017, -0.309017, -0.5, 0.0, -0.309017, -0.5, 0.809017, 0.0, -0.5, 0.809017, 0.309017, 0.0, 0.0, 0.0, 0.0, 1.0 ], [ 0.5, -0.809017, -0.309017, 0.0, -0.809017, -0.309017, -0.5, 0.0, 0.309017, 0.5, -0.809017, 0.0, 0.0, 0.0, 0.0, 1.0 ], [ -0.309017, -0.5, 0.809017, 0.0, 0.5, -0.809017, -0.309017, 0.0, 0.809017, 0.309017, 0.5, 0.0, 0.0, 0.0, 0.0, 1.0 ], [ -0.5, -0.809017, -0.309017, 0.0, -0.809017, 0.309017, 0.5, 0.0, -0.309017, 0.5, -0.809017, 0.0, 0.0, 0.0, 0.0, 1.0 ], [ 0.309017, -0.5, 0.809017, 0.0, -0.5, -0.809017, -0.309017, 0.0, 0.809017, -0.309017, -0.5, 0.0, 0.0, 0.0, 0.0, 1.0 ], [ -0.809017, 0.309017, 0.5, 0.0, 0.309017, -0.5, 0.809017, 0.0, 0.5, 0.809017, 0.309017, 0.0, 0.0, 0.0, 0.0, 1.0 ], [ -0.5, -0.809017, 0.309017, 0.0, -0.809017, 0.309017, -0.5, 0.0, 0.309017, -0.5, -0.809017, 0.0, 0.0, 0.0, 0.0, 1.0 ], [ -0.309017, 0.5, 0.809017, 0.0, -0.5, -0.809017, 0.309017, 0.0, 0.809017, -0.309017, 0.5, 0.0, 0.0, 0.0, 0.0, 1.0 ], [ -0.809017, 0.309017, -0.5, 0.0, -0.309017, 0.5, 0.809017, 0.0, 0.5, 0.809017, -0.309017, 0.0, 0.0, 0.0, 0.0, 1.0 ], [ -0.809017, -0.309017, 0.5, 0.0, -0.309017, -0.5, -0.809017, 0.0, 0.5, -0.809017, 0.309017, 0.0, 0.0, 0.0, 0.0, 1.0 ], [ -0.5, 0.809017, -0.309017, 0.0, -0.809017, -0.309017, 0.5, 0.0, 0.309017, 0.5, 0.809017, 0.0, 0.0, 0.0, 0.0, 1.0 ], [ -0.309017, -0.5, -0.809017, 0.0, -0.5, 0.809017, -0.309017, 0.0, 0.809017, 0.309017, -0.5, 0.0, 0.0, 0.0, 0.0, 1.0 ], [ -1.0, 0.0, 0.0, 0.0, 0.0, 1.0, 0.0, 0.0, 0.0, 0.0, -1.0, 0.0, 0.0, 0.0, 0.0, 1.0 ], [ 0.0, 0.0, -1.0, 0.0, 1.0, 0.0, 0.0, 0.0, 0.0, -1.0, 0.0, 0.0, 0.0, 0.0, 0.0, 1.0 ], [ 0.0, -1.0, 0.0, 0.0, 0.0, 0.0, 1.0, 0.0, -1.0, 0.0, 0.0, 0.0, 0.0, 0.0, 0.0, 1.0 ], [ -0.809017, -0.309017, -0.5, 0.0, 0.309017, 0.5, -0.809017, 0.0, 0.5, -0.809017, -0.309017, 0.0, 0.0, 0.0, 0.0, 1.0 ], [ 0.5, -0.809017, -0.309017, 0.0, 0.809017, 0.309017, 0.5, 0.0, -0.309017, -0.5, 0.809017, 0.0, 0.0, 0.0, 0.0, 1.0 ], [ -0.309017, -0.5, 0.809017, 0.0, -0.5, 0.809017, 0.309017, 0.0, -0.809017, -0.309017, -0.5, 0.0, 0.0, 0.0, 0.0, 1.0 ], [ -0.5, -0.809017, -0.309017, 0.0, 0.809017, -0.309017, -0.5, 0.0, 0.309017, -0.5, 0.809017, 0.0, 0.0, 0.0, 0.0, 1.0 ], [ 0.309017, -0.5, 0.809017, 0.0, 0.5, 0.809017, 0.309017, 0.0, -0.809017, 0.309017, 0.5, 0.0, 0.0, 0.0, 0.0, 1.0 ], [ -0.809017, 0.309017, 0.5, 0.0, -0.309017, 0.5, -0.809017, 0.0, -0.5, -0.809017, -0.309017, 0.0, 0.0, 0.0, 0.0, 1.0 ], [ -0.5, -0.809017, 0.309017, 0.0, 0.809017, -0.309017, 0.5, 0.0, -0.309017, 0.5, 0.809017, 0.0, 0.0, 0.0, 0.0, 1.0 ], [ -0.309017, 0.5, 0.809017, 0.0, 0.5, 0.809017, -0.309017, 0.0, -0.809017, 0.309017, -0.5, 0.0, 0.0, 0.0, 0.0, 1.0 ], [ -0.809017, 0.309017, -0.5, 0.0, 0.309017, -0.5, -0.809017, 0.0, -0.5, -0.809017, 0.309017, 0.0, 0.0, 0.0, 0.0, 1.0 ], [ -0.809017, -0.309017, 0.5, 0.0, 0.309017, 0.5, 0.809017, 0.0, -0.5, 0.809017, -0.309017, 0.0, 0.0, 0.0, 0.0, 1.0 ], [ -0.5, 0.809017, -0.309017, 0.0, 0.809017, 0.309017, -0.5, 0.0, -0.309017, -0.5, -0.809017, 0.0, 0.0, 0.0, 0.0, 1.0 ], [ -0.309017, -0.5, -0.809017, 0.0, 0.5, -0.809017, 0.309017, 0.0, -0.809017, -0.309017, 0.5, 0.0, 0.0, 0.0, 0.0, 1.0 ] ],
  "lights" : {
    "ambientColor" : "#292929",
    "backgroundColor" : "#E8F3FF",
    "directionalLights" : [ {
      "direction" : {
        "x" : 1.0,
        "y" : -1.0,
        "z" : -1.0
      },
      "color" : "#EBEBE4"
    }, {
      "direction" : {
        "x" : -1.0,
        "y" : 0.0,
        "z" : 0.0
      },
      "color" : "#E4E4EB"
    }, {
      "direction" : {
        "x" : 0.0,
        "y" : 0.0,
        "z" : -1.0
      },
      "color" : "#1E1E1E"
    } ]
  },
  "camera" : {
    "width" : 169.07996,
    "stereo" : false,
    "viewDistance" : 375.73325,
    "nearClipDistance" : 0.9393327,
    "farClipDistance" : 751.4653,
    "lookAtPoint" : {
      "x" : 0.0,
      "y" : 0.0,
      "z" : 0.0
    },
    "fieldOfView" : 0.44262886,
    "perspective" : true,
    "lookDirection" : {
      "x" : -0.809017,
      "y" : -0.309017,
      "z" : 0.5
    },
    "upDirection" : {
      "x" : -0.49999997,
      "y" : 0.809017,
      "z" : -0.30901697
    },
    "position" : {
      "x" : 303.97458,
      "y" : 116.10796,
      "z" : -187.86662
    }
  },
  "embedding" : [ 1.0, 0.0, 0.0, 0.0, 0.0, 1.0, 0.0, 0.0, 0.0, 0.0, 1.0, 0.0, 0.0, 0.0, 0.0, 1.0 ],
  "shapes" : [ {
    "id" : "fabcec00-d026-4400-adf7-4bd0fea131f7",
    "vertices" : [ {
      "x" : -24.798374,
      "y" : -24.798374,
      "z" : 24.798374
    }, {
      "x" : -24.798374,
      "y" : -15.326238,
      "z" : 0.0
    }, {
      "x" : -15.326238,
      "y" : 0.0,
      "z" : 24.798374
    } ],
    "faces" : [ {
      "vertices" : [ 0, 1, 2 ]
    }, {
      "vertices" : [ 0, 2, 1 ]
    } ]
  }, {
    "id" : "51fd6ac8-df31-4976-a0f6-eee44743ec14",
    "vertices" : [ {
      "x" : -15.326238,
      "y" : -40.12461,
      "z" : 0.0
    }, {
      "x" : -24.798374,
      "y" : -15.326238,
      "z" : 0.0
    }, {
      "x" : 0.0,
      "y" : -24.798374,
      "z" : 15.326238
    } ],
    "faces" : [ {
      "vertices" : [ 0, 1, 2 ]
    }, {
      "vertices" : [ 0, 2, 1 ]
    } ]
  }, {
    "id" : "c5952ad3-c265-4599-888b-c4832107d543",
    "vertices" : [ {
      "x" : 6.854102,
      "y" : 0.0,
      "z" : -2.618034
    }, {
      "x" : 6.545085,
      "y" : 0.0,
      "z" : -2.5
    }, {
      "x" : 6.1405764,
      "y" : -0.1545085,
      "z" : -2.059017
    }, {
      "x" : 5.9495935,
      "y" : -0.1545085,
      "z" : -2.559017
    }, {
      "x" : 0.9045085,
      "y" : -0.1545085,
      "z" : -0.059016995
    }, {
      "x" : 0.809017,
      "y" : 0.309017,
      "z" : -0.309017
    }, {
      "x" : 0.309017,
      "y" : 0.0,
      "z" : -0.11803399
    }, {
      "x" : 6.045085,
      "y" : 0.309017,
      "z" : -2.309017
    }, {
      "x" : 0.7135255,
      "y" : -0.1545085,
      "z" : -0.559017
    } ],
    "faces" : [ {
      "vertices" : [ 2, 4, 8 ]
    }, {
      "vertices" : [ 2, 8, 3 ]
    }, {
      "vertices" : [ 2, 7, 5 ]
    }, {
      "vertices" : [ 2, 5, 4 ]
    }, {
      "vertices" : [ 4, 6, 8 ]
    }, {
      "vertices" : [ 5, 8, 6 ]
    }, {
      "vertices" : [ 1, 2, 3 ]
    }, {
      "vertices" : [ 3, 8, 5 ]
    }, {
      "vertices" : [ 3, 5, 7 ]
    }, {
      "vertices" : [ 1, 7, 2 ]
    }, {
      "vertices" : [ 1, 3, 7 ]
    }, {
      "vertices" : [ 4, 5, 6 ]
    } ]
  }, {
    "id" : "79b70dff-54d1-4a8b-83e1-821d8c0263bb",
    "vertices" : [ {
      "x" : 0.309017,
      "y" : -0.309017,
      "z" : -0.309017
    }, {
      "x" : 0.5,
      "y" : 0.0,
      "z" : -0.19098301
    }, {
      "x" : 0.5,
      "y" : 0.0,
      "z" : 0.19098301
    }, {
      "x" : 0.309017,
      "y" : -0.309017,
      "z" : 0.309017
    }, {
      "x" : 0.19098301,
      "y" : -0.5,
      "z" : 0.0
    }, {
      "x" : 0.0,
      "y" : 0.19098301,
      "z" : 0.5
    }, {
      "x" : 0.0,
      "y" : -0.19098301,
      "z" : 0.5
    }, {
      "x" : 0.309017,
      "y" : 0.309017,
      "z" : 0.309017
    }, {
      "x" : -0.309017,
      "y" : -0.309017,
      "z" : 0.309017
    }, {
      "x" : -0.309017,
      "y" : 0.309017,
      "z" : 0.309017
    }, {
      "x" : -0.5,
      "y" : 0.0,
      "z" : 0.19098301
    }, {
      "x" : 0.0,
      "y" : -0.19098301,
      "z" : -0.5
    }, {
      "x" : 0.0,
      "y" : 0.19098301,
      "z" : -0.5
    }, {
      "x" : 0.309017,
      "y" : 0.309017,
      "z" : -0.309017
    }, {
      "x" : -0.309017,
      "y" : -0.309017,
      "z" : -0.309017
    }, {
      "x" : -0.19098301,
      "y" : -0.5,
      "z" : 0.0
    }, {
      "x" : -0.5,
      "y" : 0.0,
      "z" : -0.19098301
    }, {
      "x" : 0.19098301,
      "y" : 0.5,
      "z" : 0.0
    }, {
      "x" : -0.309017,
      "y" : 0.309017,
      "z" : -0.309017
    }, {
      "x" : 0.0,
      "y" : 0.0,
      "z" : 0.0
    }, {
      "x" : -0.19098301,
      "y" : 0.5,
      "z" : 0.0
    } ],
    "faces" : [ {
      "vertices" : [ 12, 18, 20 ]
    }, {
      "vertices" : [ 12, 20, 17 ]
    }, {
      "vertices" : [ 12, 17, 13 ]
    }, {
      "vertices" : [ 3, 6, 8 ]
    }, {
      "vertices" : [ 3, 8, 15 ]
    }, {
      "vertices" : [ 3, 15, 4 ]
    }, {
      "vertices" : [ 0, 11, 12 ]
    }, {
      "vertices" : [ 0, 12, 13 ]
    }, {
      "vertices" : [ 0, 13, 1 ]
    }, {
      "vertices" : [ 5, 9, 10 ]
    }, {
      "vertices" : [ 5, 10, 8 ]
    }, {
      "vertices" : [ 5, 8, 6 ]
    }, {
      "vertices" : [ 2, 7, 5 ]
    }, {
      "vertices" : [ 2, 5, 6 ]
    }, {
      "vertices" : [ 2, 6, 3 ]
    }, {
      "vertices" : [ 11, 14, 16 ]
    }, {
      "vertices" : [ 11, 16, 18 ]
    }, {
      "vertices" : [ 11, 18, 12 ]
    }, {
      "vertices" : [ 1, 13, 17 ]
    }, {
      "vertices" : [ 1, 17, 7 ]
    }, {
      "vertices" : [ 1, 7, 2 ]
    }, {
      "vertices" : [ 9, 20, 18 ]
    }, {
      "vertices" : [ 9, 18, 16 ]
    }, {
      "vertices" : [ 9, 16, 10 ]
    }, {
      "vertices" : [ 0, 1, 2 ]
    }, {
      "vertices" : [ 0, 2, 3 ]
    }, {
      "vertices" : [ 0, 3, 4 ]
    }, {
      "vertices" : [ 5, 7, 17 ]
    }, {
      "vertices" : [ 5, 17, 20 ]
    }, {
      "vertices" : [ 5, 20, 9 ]
    }, {
      "vertices" : [ 0, 4, 15 ]
    }, {
      "vertices" : [ 0, 15, 14 ]
    }, {
      "vertices" : [ 0, 14, 11 ]
    }, {
      "vertices" : [ 8, 10, 16 ]
    }, {
      "vertices" : [ 8, 16, 14 ]
    }, {
      "vertices" : [ 8, 14, 15 ]
    } ]
  }, {
    "id" : "dfeb3d6a-9fa9-4ac1-bb42-bd8f47df5c1a",
    "vertices" : [ {
      "x" : 1.0,
      "y" : 0.309017,
      "z" : 0.19098301
    }, {
      "x" : 1.0,
      "y" : -0.309017,
      "z" : 0.19098301
    }, {
      "x" : 29.652475,
      "y" : -0.309017,
      "z" : 0.19098301
    }, {
      "x" : 29.652475,
      "y" : 0.309017,
      "z" : 0.19098301
    }, {
      "x" : 29.652475,
      "y" : -0.309017,
      "z" : -0.19098301
    }, {
      "x" : 29.652475,
      "y" : 0.309017,
      "z" : -0.19098301
    }, {
      "x" : 30.27051,
      "y" : 0.0,
      "z" : 0.0
    }, {
      "x" : 0.38196602,
      "y" : 0.0,
      "z" : 0.0
    }, {
      "x" : 1.0,
      "y" : 0.309017,
      "z" : -0.19098301
    }, {
      "x" : 1.0,
      "y" : -0.309017,
      "z" : -0.19098301
    }, {
      "x" : 30.652475,
      "y" : 0.0,
      "z" : 0.0
    } ],
    "faces" : [ {
      "vertices" : [ 1, 9, 4 ]
    }, {
      "vertices" : [ 1, 4, 2 ]
    }, {
      "vertices" : [ 0, 3, 5 ]
    }, {
      "vertices" : [ 0, 5, 8 ]
    }, {
      "vertices" : [ 1, 7, 9 ]
    }, {
      "vertices" : [ 0, 1, 2 ]
    }, {
      "vertices" : [ 0, 2, 3 ]
    }, {
      "vertices" : [ 7, 8, 9 ]
    }, {
      "vertices" : [ 0, 7, 1 ]
    }, {
      "vertices" : [ 4, 9, 8 ]
    }, {
      "vertices" : [ 4, 8, 5 ]
    }, {
      "vertices" : [ 2, 6, 3 ]
    }, {
      "vertices" : [ 2, 4, 6 ]
    }, {
      "vertices" : [ 3, 6, 5 ]
    }, {
      "vertices" : [ 4, 5, 6 ]
    }, {
      "vertices" : [ 0, 8, 7 ]
    } ]
  }, {
    "id" : "00c3678d-69cf-46a5-bdd5-2de406646df1",
    "vertices" : [ {
      "x" : -24.798374,
      "y" : -24.798374,
      "z" : -24.798374
    }, {
      "x" : -15.326238,
      "y" : 0.0,
      "z" : -24.798374
    }, {
      "x" : -24.798374,
      "y" : -15.326238,
      "z" : 0.0
    } ],
    "faces" : [ {
      "vertices" : [ 0, 1, 2 ]
    }, {
      "vertices" : [ 0, 2, 1 ]
    } ]
  }, {
    "id" : "da3c1b98-4240-4a13-b765-9798829682b8",
    "vertices" : [ {
      "x" : 24.798374,
      "y" : 0.0,
      "z" : -9.472136
    }, {
      "x" : 24.489357,
      "y" : 0.0,
      "z" : -9.354102
    }, {
      "x" : 24.084848,
      "y" : -0.1545085,
      "z" : -8.913119
    }, {
      "x" : 23.893866,
      "y" : -0.1545085,
      "z" : -9.413119
    }, {
      "x" : 0.9045085,
      "y" : -0.1545085,
      "z" : -0.059016995
    }, {
      "x" : 0.809017,
      "y" : 0.309017,
      "z" : -0.309017
    }, {
      "x" : 0.309017,
      "y" : 0.0,
      "z" : -0.11803399
    }, {
      "x" : 23.989357,
      "y" : 0.309017,
      "z" : -9.163119
    }, {
      "x" : 0.7135255,
      "y" : -0.1545085,
      "z" : -0.559017
    } ],
    "faces" : [ {
      "vertices" : [ 2, 4, 8 ]
    }, {
      "vertices" : [ 2, 8, 3 ]
    }, {
      "vertices" : [ 2, 7, 5 ]
    }, {
      "vertices" : [ 2, 5, 4 ]
    }, {
      "vertices" : [ 4, 6, 8 ]
    }, {
      "vertices" : [ 5, 8, 6 ]
    }, {
      "vertices" : [ 1, 2, 3 ]
    }, {
      "vertices" : [ 3, 8, 5 ]
    }, {
      "vertices" : [ 3, 5, 7 ]
    }, {
      "vertices" : [ 1, 7, 2 ]
    }, {
      "vertices" : [ 1, 3, 7 ]
    }, {
      "vertices" : [ 4, 5, 6 ]
    } ]
  }, {
    "id" : "fbc85308-49e6-4f63-9502-6393f34adb19",
    "vertices" : [ {
      "x" : 40.12461,
      "y" : 0.0,
      "z" : -15.326238
    }, {
      "x" : 24.798374,
      "y" : -15.326238,
      "z" : 0.0
    }, {
      "x" : 24.798374,
      "y" : 15.326238,
      "z" : 0.0
    } ],
    "faces" : [ {
      "vertices" : [ 0, 1, 2 ]
    }, {
      "vertices" : [ 0, 2, 1 ]
    } ]
  }, {
    "id" : "18267aba-3908-405d-aae1-c41d4a1cd6fc",
    "vertices" : [ {
      "x" : -24.798374,
      "y" : 24.798374,
      "z" : 24.798374
    }, {
      "x" : 0.0,
      "y" : 24.798374,
      "z" : 15.326238
    }, {
      "x" : -15.326238,
      "y" : 0.0,
      "z" : 24.798374
    } ],
    "faces" : [ {
      "vertices" : [ 0, 1, 2 ]
    }, {
      "vertices" : [ 0, 2, 1 ]
    } ]
  }, {
    "id" : "531be27d-a737-41f6-90e4-2dae47db67e9",
    "vertices" : [ {
      "x" : 15.326238,
      "y" : -40.12461,
      "z" : 0.0
    }, {
      "x" : 0.0,
      "y" : -24.798374,
      "z" : -15.326238
    }, {
      "x" : 0.0,
      "y" : -24.798374,
      "z" : 15.326238
    } ],
    "faces" : [ {
      "vertices" : [ 0, 1, 2 ]
    }, {
      "vertices" : [ 0, 2, 1 ]
    } ]
  }, {
    "id" : "aa0f17d8-d11a-4d9e-865a-8cc0df5ea9ce",
    "vertices" : [ {
      "x" : 15.326238,
      "y" : 40.12461,
      "z" : 0.0
    }, {
      "x" : 0.0,
      "y" : 24.798374,
      "z" : 15.326238
    }, {
      "x" : 0.0,
      "y" : 24.798374,
      "z" : -15.326238
    } ],
    "faces" : [ {
      "vertices" : [ 0, 1, 2 ]
    }, {
      "vertices" : [ 0, 2, 1 ]
    } ]
  }, {
    "id" : "d337ed89-7910-467b-8137-6a4dbf31e41f",
    "vertices" : [ {
      "x" : 24.798374,
      "y" : -24.798374,
      "z" : -24.798374
    }, {
      "x" : 15.326238,
      "y" : 0.0,
      "z" : -24.798374
    }, {
      "x" : 0.0,
      "y" : -24.798374,
      "z" : -15.326238
    } ],
    "faces" : [ {
      "vertices" : [ 0, 1, 2 ]
    }, {
      "vertices" : [ 0, 2, 1 ]
    } ]
  }, {
    "id" : "65d2b50a-dc1e-40b9-a50c-bd544b91e6d7",
    "vertices" : [ {
      "x" : -9.472136,
      "y" : 0.0,
      "z" : 15.326238
    }, {
      "x" : -13.708204,
      "y" : 4.236068,
      "z" : 11.09017
    }, {
      "x" : -11.09017,
      "y" : 11.09017,
      "z" : 11.09017
    }, {
      "x" : -6.854102,
      "y" : 6.854102,
      "z" : 15.326238
    } ],
    "faces" : [ {
      "vertices" : [ 0, 1, 2 ]
    }, {
      "vertices" : [ 0, 2, 3 ]
    }, {
      "vertices" : [ 0, 3, 2 ]
    }, {
      "vertices" : [ 0, 2, 1 ]
    } ]
  }, {
    "id" : "9468cfdb-527b-47c0-b5af-2ee58c9e4223",
    "vertices" : [ {
      "x" : 15.326238,
      "y" : 40.12461,
      "z" : 0.0
    }, {
      "x" : 24.798374,
      "y" : 15.326238,
      "z" : 0.0
    }, {
      "x" : 0.0,
      "y" : 24.798374,
      "z" : 15.326238
    } ],
    "faces" : [ {
      "vertices" : [ 0, 1, 2 ]
    }, {
      "vertices" : [ 0, 2, 1 ]
    } ]
  }, {
    "id" : "f76e6fd9-0213-41e4-8c11-30356583e8c6",
    "vertices" : [ {
      "x" : -24.798374,
      "y" : 24.798374,
      "z" : -24.798374
    }, {
      "x" : -24.798374,
      "y" : 15.326238,
      "z" : 0.0
    }, {
      "x" : -15.326238,
      "y" : 0.0,
      "z" : -24.798374
    } ],
    "faces" : [ {
      "vertices" : [ 0, 1, 2 ]
    }, {
      "vertices" : [ 0, 2, 1 ]
    } ]
  }, {
    "id" : "592442a1-01b2-47f1-a3f4-1d0fd81e49ab",
    "vertices" : [ {
      "x" : 0.0,
      "y" : -15.326238,
      "z" : 40.12461
    }, {
      "x" : 15.326238,
      "y" : 0.0,
      "z" : 24.798374
    }, {
      "x" : 0.0,
      "y" : -24.798374,
      "z" : 15.326238
    } ],
    "faces" : [ {
      "vertices" : [ 0, 1, 2 ]
    }, {
      "vertices" : [ 0, 2, 1 ]
    } ]
  }, {
    "id" : "8ab7ab76-6af9-49dc-825d-f5ac30702b99",
    "vertices" : [ {
      "x" : -9.472136,
      "y" : 0.0,
      "z" : -15.326238
    }, {
      "x" : -6.854102,
      "y" : 6.854102,
      "z" : -15.326238
    }, {
      "x" : -11.09017,
      "y" : 11.09017,
      "z" : -11.09017
    }, {
      "x" : -13.708204,
      "y" : 4.236068,
      "z" : -11.09017
    } ],
    "faces" : [ {
      "vertices" : [ 0, 1, 2 ]
    }, {
      "vertices" : [ 0, 2, 3 ]
    }, {
      "vertices" : [ 0, 3, 2 ]
    }, {
      "vertices" : [ 0, 2, 1 ]
    } ]
  }, {
    "id" : "4926d3f4-2fa8-4ebb-aa50-cac283cc15e3",
    "vertices" : [ {
      "x" : 40.12461,
      "y" : 0.0,
      "z" : 15.326238
    }, {
      "x" : 15.326238,
      "y" : 0.0,
      "z" : 24.798374
    }, {
      "x" : 24.798374,
      "y" : 15.326238,
      "z" : 0.0
    } ],
    "faces" : [ {
      "vertices" : [ 0, 1, 2 ]
    }, {
      "vertices" : [ 0, 2, 1 ]
    } ]
  }, {
    "id" : "c85f2076-fc8f-4153-9cb5-c9792cc041ae",
    "vertices" : [ {
      "x" : -40.12461,
      "y" : 0.0,
      "z" : -15.326238
    }, {
      "x" : -15.326238,
      "y" : 0.0,
      "z" : -24.798374
    }, {
      "x" : -24.798374,
      "y" : 15.326238,
      "z" : 0.0
    } ],
    "faces" : [ {
      "vertices" : [ 0, 1, 2 ]
    }, {
      "vertices" : [ 0, 2, 1 ]
    } ]
  }, {
    "id" : "fb34634b-3572-460d-a3a2-dcf9b248934b",
    "vertices" : [ {
      "x" : 15.326238,
      "y" : 9.472136,
      "z" : 0.0
    }, {
      "x" : 11.09017,
      "y" : 13.708204,
      "z" : 4.236068
    }, {
      "x" : 6.854102,
      "y" : 17.944271,
      "z" : 0.0
    }, {
      "x" : 11.09017,
      "y" : 13.708204,
      "z" : -4.236068
    } ],
    "faces" : [ {
      "vertices" : [ 0, 1, 2 ]
    }, {
      "vertices" : [ 0, 2, 3 ]
    }, {
      "vertices" : [ 0, 3, 2 ]
    }, {
      "vertices" : [ 0, 2, 1 ]
    } ]
  }, {
    "id" : "f3c0f0bd-36fd-4221-a999-8f0c05d9a145",
    "vertices" : [ {
      "x" : 24.798374,
      "y" : -24.798374,
      "z" : 24.798374
    }, {
      "x" : 24.798374,
      "y" : -15.326238,
      "z" : 0.0
    }, {
      "x" : 0.0,
      "y" : -24.798374,
      "z" : 15.326238
    } ],
    "faces" : [ {
      "vertices" : [ 0, 1, 2 ]
    }, {
      "vertices" : [ 0, 2, 1 ]
    } ]
  }, {
    "id" : "dc81587e-4a11-43c7-966f-0862050e5c84",
    "vertices" : [ {
      "x" : 40.12461,
      "y" : 0.0,
      "z" : -15.326238
    }, {
      "x" : 24.798374,
      "y" : 15.326238,
      "z" : 0.0
    }, {
      "x" : 15.326238,
      "y" : 0.0,
      "z" : -24.798374
    } ],
    "faces" : [ {
      "vertices" : [ 0, 1, 2 ]
    }, {
      "vertices" : [ 0, 2, 1 ]
    } ]
  }, {
    "id" : "816d5c62-5d4a-4d81-a8fa-886d2aeaf54d",
    "vertices" : [ {
      "x" : 24.798374,
      "y" : -24.798374,
      "z" : 24.798374
    }, {
      "x" : 15.326238,
      "y" : 0.0,
      "z" : 24.798374
    }, {
      "x" : 24.798374,
      "y" : -15.326238,
      "z" : 0.0
    } ],
    "faces" : [ {
      "vertices" : [ 0, 1, 2 ]
    }, {
      "vertices" : [ 0, 2, 1 ]
    } ]
  }, {
    "id" : "dd8c2809-6e55-437a-9517-4ba7d8000f2d",
    "vertices" : [ {
      "x" : -15.326238,
      "y" : 40.12461,
      "z" : 0.0
    }, {
      "x" : -24.798374,
      "y" : 15.326238,
      "z" : 0.0
    }, {
      "x" : 0.0,
      "y" : 24.798374,
      "z" : -15.326238
    } ],
    "faces" : [ {
      "vertices" : [ 0, 1, 2 ]
    }, {
      "vertices" : [ 0, 2, 1 ]
    } ]
  }, {
    "id" : "4a258460-a303-404c-9f5d-89d880166f26",
    "vertices" : [ {
      "x" : 24.798374,
      "y" : -24.798374,
      "z" : -24.798374
    }, {
      "x" : 0.0,
      "y" : -24.798374,
      "z" : -15.326238
    }, {
      "x" : 24.798374,
      "y" : -15.326238,
      "z" : 0.0
    } ],
    "faces" : [ {
      "vertices" : [ 0, 1, 2 ]
    }, {
      "vertices" : [ 0, 2, 1 ]
    } ]
  }, {
    "id" : "220c982c-4f5b-4c14-920b-0e6ab95adaf9",
    "vertices" : [ {
      "x" : -24.798374,
      "y" : -24.798374,
      "z" : 24.798374
    }, {
      "x" : -15.326238,
      "y" : 0.0,
      "z" : 24.798374
    }, {
      "x" : 0.0,
      "y" : -24.798374,
      "z" : 15.326238
    } ],
    "faces" : [ {
      "vertices" : [ 0, 1, 2 ]
    }, {
      "vertices" : [ 0, 2, 1 ]
    } ]
  }, {
    "id" : "f0808ae0-5c3d-4710-b307-4040d62111b5",
    "vertices" : [ {
      "x" : -24.798374,
      "y" : 24.798374,
      "z" : 24.798374
    }, {
      "x" : -24.798374,
      "y" : 15.326238,
      "z" : 0.0
    }, {
      "x" : 0.0,
      "y" : 24.798374,
      "z" : 15.326238
    } ],
    "faces" : [ {
      "vertices" : [ 0, 1, 2 ]
    }, {
      "vertices" : [ 0, 2, 1 ]
    } ]
  }, {
    "id" : "d9518470-b91b-4823-b094-fb11789aa862",
    "vertices" : [ {
      "x" : 0.0,
      "y" : 15.326238,
      "z" : 40.12461
    }, {
      "x" : -15.326238,
      "y" : 0.0,
      "z" : 24.798374
    }, {
      "x" : 0.0,
      "y" : 24.798374,
      "z" : 15.326238
    } ],
    "faces" : [ {
      "vertices" : [ 0, 1, 2 ]
    }, {
      "vertices" : [ 0, 2, 1 ]
    } ]
  }, {
    "id" : "abbbb32d-02d8-424a-8f33-1f73a25d722c",
    "vertices" : [ {
      "x" : 0.0,
      "y" : -15.326238,
      "z" : -40.12461
    }, {
      "x" : 0.0,
      "y" : -24.798374,
      "z" : -15.326238
    }, {
      "x" : 15.326238,
      "y" : 0.0,
      "z" : -24.798374
    } ],
    "faces" : [ {
      "vertices" : [ 0, 1, 2 ]
    }, {
      "vertices" : [ 0, 2, 1 ]
    } ]
  }, {
    "id" : "029ab130-18e6-4b73-8f14-0afcd3c2fb6a",
    "vertices" : [ {
      "x" : -40.12461,
      "y" : 0.0,
      "z" : 15.326238
    }, {
      "x" : -15.326238,
      "y" : 0.0,
      "z" : 24.798374
    }, {
      "x" : -24.798374,
      "y" : -15.326238,
      "z" : 0.0
    } ],
    "faces" : [ {
      "vertices" : [ 0, 1, 2 ]
    }, {
      "vertices" : [ 0, 2, 1 ]
    } ]
  }, {
    "id" : "86f24678-97b1-4b3f-b944-9868bb5858df",
    "vertices" : [ {
      "x" : -40.12461,
      "y" : 0.0,
      "z" : 15.326238
    }, {
      "x" : -24.798374,
      "y" : 15.326238,
      "z" : 0.0
    }, {
      "x" : -15.326238,
      "y" : 0.0,
      "z" : 24.798374
    } ],
    "faces" : [ {
      "vertices" : [ 0, 1, 2 ]
    }, {
      "vertices" : [ 0, 2, 1 ]
    } ]
  }, {
    "id" : "ce556124-e4de-4242-a763-62400d4102c8",
    "vertices" : [ {
      "x" : 0.0,
      "y" : -15.326238,
      "z" : 40.12461
    }, {
      "x" : 0.0,
      "y" : -24.798374,
      "z" : 15.326238
    }, {
      "x" : -15.326238,
      "y" : 0.0,
      "z" : 24.798374
    } ],
    "faces" : [ {
      "vertices" : [ 0, 1, 2 ]
    }, {
      "vertices" : [ 0, 2, 1 ]
    } ]
  }, {
    "id" : "b1210503-8b6e-4b93-a076-e7358f08a7d9",
    "vertices" : [ {
      "x" : 0.0,
      "y" : -15.326238,
      "z" : 40.12461
    }, {
      "x" : -15.326238,
      "y" : 0.0,
      "z" : 24.798374
    }, {
      "x" : 15.326238,
      "y" : 0.0,
      "z" : 24.798374
    } ],
    "faces" : [ {
      "vertices" : [ 0, 1, 2 ]
    }, {
      "vertices" : [ 0, 2, 1 ]
    } ]
  }, {
    "id" : "61770871-12d7-40eb-acc3-98387a010d49",
    "vertices" : [ {
      "x" : 0.0,
      "y" : 15.326238,
      "z" : -40.12461
    }, {
      "x" : 0.0,
      "y" : 24.798374,
      "z" : -15.326238
    }, {
      "x" : -15.326238,
      "y" : 0.0,
      "z" : -24.798374
    } ],
    "faces" : [ {
      "vertices" : [ 0, 1, 2 ]
    }, {
      "vertices" : [ 0, 2, 1 ]
    } ]
  }, {
    "id" : "322c09ff-021e-4306-9e17-0b2c7c635991",
    "vertices" : [ {
      "x" : 15.326238,
      "y" : -40.12461,
      "z" : 0.0
    }, {
      "x" : 24.798374,
      "y" : -15.326238,
      "z" : 0.0
    }, {
      "x" : 0.0,
      "y" : -24.798374,
      "z" : -15.326238
    } ],
    "faces" : [ {
      "vertices" : [ 0, 1, 2 ]
    }, {
      "vertices" : [ 0, 2, 1 ]
    } ]
  }, {
    "id" : "ef9835dc-538e-4fff-a188-76461611b086",
    "vertices" : [ {
      "x" : 0.0,
      "y" : 15.326238,
      "z" : -40.12461
    }, {
      "x" : -15.326238,
      "y" : 0.0,
      "z" : -24.798374
    }, {
      "x" : 15.326238,
      "y" : 0.0,
      "z" : -24.798374
    } ],
    "faces" : [ {
      "vertices" : [ 0, 1, 2 ]
    }, {
      "vertices" : [ 0, 2, 1 ]
    } ]
  }, {
    "id" : "c524b469-a2ce-4ea9-8081-2e4d535c8848",
    "vertices" : [ {
      "x" : -24.798374,
      "y" : 24.798374,
      "z" : -24.798374
    }, {
      "x" : -15.326238,
      "y" : 0.0,
      "z" : -24.798374
    }, {
      "x" : 0.0,
      "y" : 24.798374,
      "z" : -15.326238
    } ],
    "faces" : [ {
      "vertices" : [ 0, 1, 2 ]
    }, {
      "vertices" : [ 0, 2, 1 ]
    } ]
  }, {
    "id" : "3144d9d1-f73d-48cd-afb7-1f8757c45d36",
    "vertices" : [ {
      "x" : 0.0,
      "y" : 24.798374,
      "z" : 15.326238
    }, {
      "x" : -24.798374,
      "y" : 15.326238,
      "z" : 0.0
    }, {
      "x" : -9.472136,
      "y" : 0.0,
      "z" : 15.326238
    } ],
    "faces" : [ {
      "vertices" : [ 0, 1, 2 ]
    }, {
      "vertices" : [ 0, 2, 1 ]
    } ]
  }, {
    "id" : "165fc095-d9f1-41ab-a22c-8bf971d80d66",
    "vertices" : [ {
      "x" : -40.12461,
      "y" : 0.0,
      "z" : -15.326238
    }, {
      "x" : -24.798374,
      "y" : 15.326238,
      "z" : 0.0
    }, {
      "x" : -24.798374,
      "y" : -15.326238,
      "z" : 0.0
    } ],
    "faces" : [ {
      "vertices" : [ 0, 1, 2 ]
    }, {
      "vertices" : [ 0, 2, 1 ]
    } ]
  }, {
    "id" : "21eff04c-535d-4fd5-92c3-9a347cefa86f",
    "vertices" : [ {
      "x" : 0.0,
      "y" : 24.798374,
      "z" : -15.326238
    }, {
      "x" : 0.0,
      "y" : 24.798374,
      "z" : 15.326238
    }, {
      "x" : 15.326238,
      "y" : 9.472136,
      "z" : 0.0
    } ],
    "faces" : [ {
      "vertices" : [ 0, 1, 2 ]
    }, {
      "vertices" : [ 0, 2, 1 ]
    } ]
  }, {
    "id" : "dca6b825-3fca-4003-9993-ca36b7c4c765",
    "vertices" : [ {
      "x" : 24.798374,
      "y" : 24.798374,
      "z" : -24.798374
    }, {
      "x" : 24.798374,
      "y" : 15.326238,
      "z" : 0.0
    }, {
      "x" : 0.0,
      "y" : 24.798374,
      "z" : -15.326238
    } ],
    "faces" : [ {
      "vertices" : [ 0, 1, 2 ]
    }, {
      "vertices" : [ 0, 2, 1 ]
    } ]
  }, {
    "id" : "f7c918b3-03d3-432b-8df0-3bdb630cce9e",
    "vertices" : [ {
      "x" : -15.326238,
      "y" : 40.12461,
      "z" : 0.0
    }, {
      "x" : 0.0,
      "y" : 24.798374,
      "z" : 15.326238
    }, {
      "x" : -24.798374,
      "y" : 15.326238,
      "z" : 0.0
    } ],
    "faces" : [ {
      "vertices" : [ 0, 1, 2 ]
    }, {
      "vertices" : [ 0, 2, 1 ]
    } ]
  }, {
    "id" : "5f8f30f1-cb7e-4b98-819f-8a730b58ecd8",
    "vertices" : [ {
      "x" : 40.12461,
      "y" : 0.0,
      "z" : 15.326238
    }, {
      "x" : 24.798374,
      "y" : -15.326238,
      "z" : 0.0
    }, {
      "x" : 15.326238,
      "y" : 0.0,
      "z" : 24.798374
    } ],
    "faces" : [ {
      "vertices" : [ 0, 1, 2 ]
    }, {
      "vertices" : [ 0, 2, 1 ]
    } ]
  }, {
    "id" : "cf102b95-300d-4498-a1b1-f867dc0f11b3",
    "vertices" : [ {
      "x" : 24.798374,
      "y" : 24.798374,
      "z" : -24.798374
    }, {
      "x" : 15.326238,
      "y" : 0.0,
      "z" : -24.798374
    }, {
      "x" : 24.798374,
      "y" : 15.326238,
      "z" : 0.0
    } ],
    "faces" : [ {
      "vertices" : [ 0, 1, 2 ]
    }, {
      "vertices" : [ 0, 2, 1 ]
    } ]
  }, {
    "id" : "ae56ba68-06b0-4ef0-b4a8-d873286f1148",
    "vertices" : [ {
      "x" : 24.798374,
      "y" : 24.798374,
      "z" : 24.798374
    }, {
      "x" : 0.0,
      "y" : 24.798374,
      "z" : 15.326238
    }, {
      "x" : 24.798374,
      "y" : 15.326238,
      "z" : 0.0
    } ],
    "faces" : [ {
      "vertices" : [ 0, 1, 2 ]
    }, {
      "vertices" : [ 0, 2, 1 ]
    } ]
  }, {
    "id" : "c302b970-bf68-41b8-8a96-b56b59073e4a",
    "vertices" : [ {
      "x" : 24.798374,
      "y" : 24.798374,
      "z" : 24.798374
    }, {
      "x" : 24.798374,
      "y" : 15.326238,
      "z" : 0.0
    }, {
      "x" : 15.326238,
      "y" : 0.0,
      "z" : 24.798374
    } ],
    "faces" : [ {
      "vertices" : [ 0, 1, 2 ]
    }, {
      "vertices" : [ 0, 2, 1 ]
    } ]
  }, {
    "id" : "64c16b41-6abc-48f4-a2fe-d6deb115f293",
    "vertices" : [ {
      "x" : -24.798374,
      "y" : -24.798374,
      "z" : -24.798374
    }, {
      "x" : 0.0,
      "y" : -24.798374,
      "z" : -15.326238
    }, {
      "x" : -15.326238,
      "y" : 0.0,
      "z" : -24.798374
    } ],
    "faces" : [ {
      "vertices" : [ 0, 1, 2 ]
    }, {
      "vertices" : [ 0, 2, 1 ]
    } ]
  }, {
    "id" : "58f637cf-3386-414e-87ae-6ca132307831",
    "vertices" : [ {
      "x" : -40.12461,
      "y" : 0.0,
      "z" : 15.326238
    }, {
      "x" : -24.798374,
      "y" : -15.326238,
      "z" : 0.0
    }, {
      "x" : -24.798374,
      "y" : 15.326238,
      "z" : 0.0
    } ],
    "faces" : [ {
      "vertices" : [ 0, 1, 2 ]
    }, {
      "vertices" : [ 0, 2, 1 ]
    } ]
  }, {
    "id" : "8cdc864a-8434-4aeb-b7d5-f8cedd2403ff",
    "vertices" : [ {
      "x" : 0.0,
      "y" : 15.326238,
      "z" : -40.12461
    }, {
      "x" : 15.326238,
      "y" : 0.0,
      "z" : -24.798374
    }, {
      "x" : 0.0,
      "y" : 24.798374,
      "z" : -15.326238
    } ],
    "faces" : [ {
      "vertices" : [ 0, 1, 2 ]
    }, {
      "vertices" : [ 0, 2, 1 ]
    } ]
  }, {
    "id" : "f171d4b6-a101-4c93-9e98-0bda5b6a77ae",
    "vertices" : [ {
      "x" : -24.798374,
      "y" : -24.798374,
      "z" : -24.798374
    }, {
      "x" : -24.798374,
      "y" : -15.326238,
      "z" : 0.0
    }, {
      "x" : 0.0,
      "y" : -24.798374,
      "z" : -15.326238
    } ],
    "faces" : [ {
      "vertices" : [ 0, 1, 2 ]
    }, {
      "vertices" : [ 0, 2, 1 ]
    } ]
  }, {
    "id" : "845c241b-22f1-4f91-b8dd-b6858b99d73d",
    "vertices" : [ {
      "x" : -15.326238,
      "y" : -40.12461,
      "z" : 0.0
    }, {
      "x" : 0.0,
      "y" : -24.798374,
      "z" : 15.326238
    }, {
      "x" : 0.0,
      "y" : -24.798374,
      "z" : -15.326238
    } ],
    "faces" : [ {
      "vertices" : [ 0, 1, 2 ]
    }, {
      "vertices" : [ 0, 2, 1 ]
    } ]
  }, {
    "id" : "b6f6438c-133e-4c49-8239-4ec0f82f632d",
    "vertices" : [ {
      "x" : -15.326238,
      "y" : -40.12461,
      "z" : 0.0
    }, {
      "x" : 0.0,
      "y" : -24.798374,
      "z" : -15.326238
    }, {
      "x" : -24.798374,
      "y" : -15.326238,
      "z" : 0.0
    } ],
    "faces" : [ {
      "vertices" : [ 0, 1, 2 ]
    }, {
      "vertices" : [ 0, 2, 1 ]
    } ]
  }, {
    "id" : "d802fba6-7763-4c63-9a98-c8fb32b6b375",
    "vertices" : [ {
      "x" : 24.798374,
      "y" : -24.798374,
      "z" : -24.798374
    }, {
      "x" : 24.798374,
      "y" : -15.326238,
      "z" : 0.0
    }, {
      "x" : 15.326238,
      "y" : 0.0,
      "z" : -24.798374
    } ],
    "faces" : [ {
      "vertices" : [ 0, 1, 2 ]
    }, {
      "vertices" : [ 0, 2, 1 ]
    } ]
  }, {
    "id" : "0ad7a6e8-c32a-4178-8365-dca7b39f7039",
    "vertices" : [ {
      "x" : 0.0,
      "y" : 15.326238,
      "z" : 40.12461
    }, {
      "x" : 0.0,
      "y" : 24.798374,
      "z" : 15.326238
    }, {
      "x" : 15.326238,
      "y" : 0.0,
      "z" : 24.798374
    } ],
    "faces" : [ {
      "vertices" : [ 0, 1, 2 ]
    }, {
      "vertices" : [ 0, 2, 1 ]
    } ]
  }, {
    "id" : "1dae1d83-3133-49da-a4ca-f262c2e361a8",
    "vertices" : [ {
      "x" : 0.0,
      "y" : -15.326238,
      "z" : -40.12461
    }, {
      "x" : -15.326238,
      "y" : 0.0,
      "z" : -24.798374
    }, {
      "x" : 0.0,
      "y" : -24.798374,
      "z" : -15.326238
    } ],
    "faces" : [ {
      "vertices" : [ 0, 1, 2 ]
    }, {
      "vertices" : [ 0, 2, 1 ]
    } ]
  }, {
    "id" : "6bbe84bd-966b-4f62-82de-b1e809091127",
    "vertices" : [ {
      "x" : 15.326238,
      "y" : 40.12461,
      "z" : 0.0
    }, {
      "x" : 0.0,
      "y" : 24.798374,
      "z" : -15.326238
    }, {
      "x" : 24.798374,
      "y" : 15.326238,
      "z" : 0.0
    } ],
    "faces" : [ {
      "vertices" : [ 0, 1, 2 ]
    }, {
      "vertices" : [ 0, 2, 1 ]
    } ]
  }, {
    "id" : "eb6739c9-db5f-4b26-a28b-b36d27f6fd89",
    "vertices" : [ {
      "x" : -15.326238,
      "y" : 40.12461,
      "z" : 0.0
    }, {
      "x" : 0.0,
      "y" : 24.798374,
      "z" : -15.326238
    }, {
      "x" : 0.0,
      "y" : 24.798374,
      "z" : 15.326238
    } ],
    "faces" : [ {
      "vertices" : [ 0, 1, 2 ]
    }, {
      "vertices" : [ 0, 2, 1 ]
    } ]
  }, {
    "id" : "7765f35e-0e10-481d-bf4e-a88dbe1d9608",
    "vertices" : [ {
      "x" : 24.798374,
      "y" : 24.798374,
      "z" : -24.798374
    }, {
      "x" : 0.0,
      "y" : 24.798374,
      "z" : -15.326238
    }, {
      "x" : 15.326238,
      "y" : 0.0,
      "z" : -24.798374
    } ],
    "faces" : [ {
      "vertices" : [ 0, 1, 2 ]
    }, {
      "vertices" : [ 0, 2, 1 ]
    } ]
  }, {
    "id" : "e321c4b9-fda1-4368-9c48-372b6cce815f",
    "vertices" : [ {
      "x" : -24.798374,
      "y" : 24.798374,
      "z" : 24.798374
    }, {
      "x" : -15.326238,
      "y" : 0.0,
      "z" : 24.798374
    }, {
      "x" : -24.798374,
      "y" : 15.326238,
      "z" : 0.0
    } ],
    "faces" : [ {
      "vertices" : [ 0, 1, 2 ]
    }, {
      "vertices" : [ 0, 2, 1 ]
    } ]
  }, {
    "id" : "2f8e42f5-5153-4250-82b0-bf98d83b2d24",
    "vertices" : [ {
      "x" : 0.0,
      "y" : 15.326238,
      "z" : 40.12461
    }, {
      "x" : 15.326238,
      "y" : 0.0,
      "z" : 24.798374
    }, {
      "x" : -15.326238,
      "y" : 0.0,
      "z" : 24.798374
    } ],
    "faces" : [ {
      "vertices" : [ 0, 1, 2 ]
    }, {
      "vertices" : [ 0, 2, 1 ]
    } ]
  }, {
    "id" : "220458f0-7b77-44f5-8ed1-96c025bc268e",
    "vertices" : [ {
      "x" : 40.12461,
      "y" : 0.0,
      "z" : -15.326238
    }, {
      "x" : 15.326238,
      "y" : 0.0,
      "z" : -24.798374
    }, {
      "x" : 24.798374,
      "y" : -15.326238,
      "z" : 0.0
    } ],
    "faces" : [ {
      "vertices" : [ 0, 1, 2 ]
    }, {
      "vertices" : [ 0, 2, 1 ]
    } ]
  }, {
    "id" : "18580e8c-0301-46ee-bf72-9267ff8b6bef",
    "vertices" : [ {
      "x" : -24.798374,
      "y" : 15.326238,
      "z" : 0.0
    }, {
      "x" : 0.0,
      "y" : 24.798374,
      "z" : -15.326238
    }, {
      "x" : -9.472136,
      "y" : 0.0,
      "z" : -15.326238
    } ],
    "faces" : [ {
      "vertices" : [ 0, 1, 2 ]
    }, {
      "vertices" : [ 0, 2, 1 ]
    } ]
  }, {
    "id" : "fd607a21-c03c-4f06-9810-727635600eac",
    "vertices" : [ {
      "x" : -24.798374,
      "y" : -24.798374,
      "z" : 24.798374
    }, {
      "x" : 0.0,
      "y" : -24.798374,
      "z" : 15.326238
    }, {
      "x" : -24.798374,
      "y" : -15.326238,
      "z" : 0.0
    } ],
    "faces" : [ {
      "vertices" : [ 0, 1, 2 ]
    }, {
      "vertices" : [ 0, 2, 1 ]
    } ]
  }, {
    "id" : "8632bd61-2726-4c1a-abc7-ab99cba9b7aa",
    "vertices" : [ {
      "x" : 24.798374,
      "y" : -24.798374,
      "z" : 24.798374
    }, {
      "x" : 0.0,
      "y" : -24.798374,
      "z" : 15.326238
    }, {
      "x" : 15.326238,
      "y" : 0.0,
      "z" : 24.798374
    } ],
    "faces" : [ {
      "vertices" : [ 0, 1, 2 ]
    }, {
      "vertices" : [ 0, 2, 1 ]
    } ]
  }, {
    "id" : "32538460-8b11-4c2d-993d-48bc4207e5bb",
    "vertices" : [ {
      "x" : 40.12461,
      "y" : 0.0,
      "z" : 15.326238
    }, {
      "x" : 24.798374,
      "y" : 15.326238,
      "z" : 0.0
    }, {
      "x" : 24.798374,
      "y" : -15.326238,
      "z" : 0.0
    } ],
    "faces" : [ {
      "vertices" : [ 0, 1, 2 ]
    }, {
      "vertices" : [ 0, 2, 1 ]
    } ]
  }, {
    "id" : "6a4a5a29-e6c7-441c-a846-da1c7037444e",
    "vertices" : [ {
      "x" : 24.798374,
      "y" : 24.798374,
      "z" : 24.798374
    }, {
      "x" : 15.326238,
      "y" : 0.0,
      "z" : 24.798374
    }, {
      "x" : 0.0,
      "y" : 24.798374,
      "z" : 15.326238
    } ],
    "faces" : [ {
      "vertices" : [ 0, 1, 2 ]
    }, {
      "vertices" : [ 0, 2, 1 ]
    } ]
  }, {
