{
  "field" : "golden",
  "symmetry" : "icosahedral",
  "orientations" : [ [ 1.0, 0.0, 0.0, 0.0, 0.0, 1.0, 0.0, 0.0, 0.0, 0.0, 1.0, 0.0, 0.0, 0.0, 0.0, 1.0 ], [ 0.0, 0.0, 1.0, 0.0, 1.0, 0.0, 0.0, 0.0, 0.0, 1.0, 0.0, 0.0, 0.0, 0.0, 0.0, 1.0 ], [ 0.0, 1.0, 0.0, 0.0, 0.0, 0.0, 1.0, 0.0, 1.0, 0.0, 0.0, 0.0, 0.0, 0.0, 0.0, 1.0 ], [ 0.809017, 0.309017, 0.5, 0.0, 0.309017, 0.5, -0.809017, 0.0, -0.5, 0.809017, 0.309017, 0.0, 0.0, 0.0, 0.0, 1.0 ], [ -0.5, 0.809017, 0.309017, 0.0, 0.809017, 0.309017, 0.5, 0.0, 0.309017, 0.5, -0.809017, 0.0, 0.0, 0.0, 0.0, 1.0 ], [ 0.309017, 0.5, -0.809017, 0.0, -0.5, 0.809017, 0.309017, 0.0, 0.809017, 0.309017, 0.5, 0.0, 0.0, 0.0, 0.0, 1.0 ], [ 0.5, 0.809017, 0.309017, 0.0, 0.809017, -0.309017, -0.5, 0.0, -0.309017, 0.5, -0.809017, 0.0, 0.0, 0.0, 0.0, 1.0 ], [ -0.309017, 0.5, -0.809017, 0.0, 0.5, 0.809017, 0.309017, 0.0, 0.809017, -0.309017, -0.5, 0.0, 0.0, 0.0, 0.0, 1.0 ], [ 0.809017, -0.309017, -0.5, 0.0, -0.309017, 0.5, -0.809017, 0.0, 0.5, 0.809017, 0.309017, 0.0, 0.0, 0.0, 0.0, 1.0 ], [ 0.5, 0.809017, -0.309017, 0.0, 0.809017, -0.309017, 0.5, 0.0, 0.309017, -0.5, -0.809017, 0.0, 0.0, 0.0, 0.0, 1.0 ], [ 0.309017, -0.5, -0.809017, 0.0, 0.5, 0.809017, -0.309017, 0.0, 0.809017, -0.309017, 0.5, 0.0, 0.0, 0.0, 0.0, 1.0 ], [ 0.809017, -0.309017, 0.5, 0.0, 0.309017, -0.5, -0.809017, 0.0, 0.5, 0.809017, -0.309017, 0.0, 0.0, 0.0, 0.0, 1.0 ], [ 0.809017, 0.309017, -0.5, 0.0, 0.309017, 0.5, 0.809017, 0.0, 0.5, -0.809017, 0.309017, 0.0, 0.0, 0.0, 0.0, 1.0 ], [ 0.5, -0.809017, 0.309017, 0.0, 0.809017, 0.309017, -0.5, 0.0, 0.309017, 0.5, 0.809017, 0.0, 0.0, 0.0, 0.0, 1.0 ], [ 0.309017, 0.5, 0.809017, 0.0, 0.5, -0.809017, 0.309017, 0.0, 0.809017, 0.309017, -0.5, 0.0, 0.0, 0.0, 0.0, 1.0 ], [ 1.0, 0.0, 0.0, 0.0, 0.0, -1.0, 0.0, 0.0, 0.0, 0.0, -1.0, 0.0, 0.0, 0.0, 0.0, 1.0 ], [ 0.0, 0.0, 1.0, 0.0, -1.0, 0.0, 0.0, 0.0, 0.0, -1.0, 0.0, 0.0, 0.0, 0.0, 0.0, 1.0 ], [ 0.0, 1.0, 0.0, 0.0, 0.0, 0.0, -1.0, 0.0, -1.0, 0.0, 0.0, 0.0, 0.0, 0.0, 0.0, 1.0 ], [ 0.809017, 0.309017, 0.5, 0.0, -0.309017, -0.5, 0.809017, 0.0, 0.5, -0.809017, -0.309017, 0.0, 0.0, 0.0, 0.0, 1.0 ], [ -0.5, 0.809017, 0.309017, 0.0, -0.809017, -0.309017, -0.5, 0.0, -0.309017, -0.5, 0.809017, 0.0, 0.0, 0.0, 0.0, 1.0 ], [ 0.309017, 0.5, -0.809017, 0.0, 0.5, -0.809017, -0.309017, 0.0, -0.809017, -0.309017, -0.5, 0.0, 0.0, 0.0, 0.0, 1.0 ], [ 0.5, 0.809017, 0.309017, 0.0, -0.809017, 0.309017, 0.5, 0.0, 0.309017, -0.5, 0.809017, 0.0, 0.0, 0.0, 0.0, 1.0 ], [ -0.309017, 0.5, -0.809017, 0.0, -0.5, -0.809017, -0.309017, 0.0, -0.809017, 0.309017, 0.5, 0.0, 0.0, 0.0, 0.0, 1.0 ], [ 0.809017, -0.309017, -0.5, 0.0, 0.309017, -0.5, 0.809017, 0.0, -0.5, -0.809017, -0.309017, 0.0, 0.0, 0.0, 0.0, 1.0 ], [ 0.5, 0.809017, -0.309017, 0.0, -0.809017, 0.309017, -0.5, 0.0, -0.309017, 0.5, 0.809017, 0.0, 0.0, 0.0, 0.0, 1.0 ], [ 0.309017, -0.5, -0.809017, 0.0, -0.5, -0.809017, 0.309017, 0.0, -0.809017, 0.309017, -0.5, 0.0, 0.0, 0.0, 0.0, 1.0 ], [ 0.809017, -0.309017, 0.5, 0.0, -0.309017, 0.5, 0.809017, 0.0, -0.5, -0.809017, 0.309017, 0.0, 0.0, 0.0, 0.0, 1.0 ], [ 0.809017, 0.309017, -0.5, 0.0, -0.309017, -0.5, -0.809017, 0.0, -0.5, 0.809017, -0.309017, 0.0, 0.0, 0.0, 0.0, 1.0 ], [ 0.5, -0.809017, 0.309017, 0.0, -0.809017, -0.309017, 0.5, 0.0, -0.309017, -0.5, -0.809017, 0.0, 0.0, 0.0, 0.0, 1.0 ], [ 0.309017, 0.5, 0.809017, 0.0, -0.5, 0.809017, -0.309017, 0.0, -0.809017, -0.309017, 0.5, 0.0, 0.0, 0.0, 0.0, 1.0 ], [ -1.0, 0.0, 0.0, 0.0, 0.0, -1.0, 0.0, 0.0, 0.0, 0.0, 1.0, 0.0, 0.0, 0.0, 0.0, 1.0 ], [ 0.0, 0.0, -1.0, 0.0, -1.0, 0.0, 0.0, 0.0, 0.0, 1.0, 0.0, 0.0, 0.0, 0.0, 0.0, 1.0 ], [ 0.0, -1.0, 0.0, 0.0, 0.0, 0.0, -1.0, 0.0, 1.0, 0.0, 0.0, 0.0, 0.0, 0.0, 0.0, 1.0 ], [ -0.809017, -0.309017, -0.5, 0.0, -0.309017, -0.5, 0.809017, 0.0, -0.5, 0.809017, 0.309017, 0.0, 0.0, 0.0, 0.0, 1.0 ], [ 0.5, -0.809017, -0.309017, 0.0, -0.809017, -0.309017, -0.5, 0.0, 0.309017, 0.5, -0.809017, 0.0, 0.0, 0.0, 0.0, 1.0 ], [ -0.309017, -0.5, 0.809017, 0.0, 0.5, -0.809017, -0.309017, 0.0, 0.809017, 0.309017, 0.5, 0.0, 0.0, 0.0, 0.0, 1.0 ], [ -0.5, -0.809017, -0.309017, 0.0, -0.809017, 0.309017, 0.5, 0.0, -0.309017, 0.5, -0.809017, 0.0, 0.0, 0.0, 0.0, 1.0 ], [ 0.309017, -0.5, 0.809017, 0.0, -0.5, -0.809017, -0.309017, 0.0, 0.809017, -0.309017, -0.5, 0.0, 0.0, 0.0, 0.0, 1.0 ], [ -0.809017, 0.309017, 0.5, 0.0, 0.309017, -0.5, 0.809017, 0.0, 0.5, 0.809017, 0.309017, 0.0, 0.0, 0.0, 0.0, 1.0 ], [ -0.5, -0.809017, 0.309017, 0.0, -0.809017, 0.309017, -0.5, 0.0, 0.309017, -0.5, -0.809017, 0.0, 0.0, 0.0, 0.0, 1.0 ], [ -0.309017, 0.5, 0.809017, 0.0, -0.5, -0.809017, 0.309017, 0.0, 0.809017, -0.309017, 0.5, 0.0, 0.0, 0.0, 0.0, 1.0 ], [ -0.809017, 0.309017, -0.5, 0.0, -0.309017, 0.5, 0.809017, 0.0, 0.5, 0.809017, -0.309017, 0.0, 0.0, 0.0, 0.0, 1.0 ], [ -0.809017, -0.309017, 0.5, 0.0, -0.309017, -0.5, -0.809017, 0.0, 0.5, -0.809017, 0.309017, 0.0, 0.0, 0.0, 0.0, 1.0 ], [ -0.5, 0.809017, -0.309017, 0.0, -0.809017, -0.309017, 0.5, 0.0, 0.309017, 0.5, 0.809017, 0.0, 0.0, 0.0, 0.0, 1.0 ], [ -0.309017, -0.5, -0.809017, 0.0, -0.5, 0.809017, -0.309017, 0.0, 0.809017, 0.309017, -0.5, 0.0, 0.0, 0.0, 0.0, 1.0 ], [ -1.0, 0.0, 0.0, 0.0, 0.0, 1.0, 0.0, 0.0, 0.0, 0.0, -1.0, 0.0, 0.0, 0.0, 0.0, 1.0 ], [ 0.0, 0.0, -1.0, 0.0, 1.0, 0.0, 0.0, 0.0, 0.0, -1.0, 0.0, 0.0, 0.0, 0.0, 0.0, 1.0 ], [ 0.0, -1.0, 0.0, 0.0, 0.0, 0.0, 1.0, 0.0, -1.0, 0.0, 0.0, 0.0, 0.0, 0.0, 0.0, 1.0 ], [ -0.809017, -0.309017, -0.5, 0.0, 0.309017, 0.5, -0.809017, 0.0, 0.5, -0.809017, -0.309017, 0.0, 0.0, 0.0, 0.0, 1.0 ], [ 0.5, -0.809017, -0.309017, 0.0, 0.809017, 0.309017, 0.5, 0.0, -0.309017, -0.5, 0.809017, 0.0, 0.0, 0.0, 0.0, 1.0 ], [ -0.309017, -0.5, 0.809017, 0.0, -0.5, 0.809017, 0.309017, 0.0, -0.809017, -0.309017, -0.5, 0.0, 0.0, 0.0, 0.0, 1.0 ], [ -0.5, -0.809017, -0.309017, 0.0, 0.809017, -0.309017, -0.5, 0.0, 0.309017, -0.5, 0.809017, 0.0, 0.0, 0.0, 0.0, 1.0 ], [ 0.309017, -0.5, 0.809017, 0.0, 0.5, 0.809017, 0.309017, 0.0, -0.809017, 0.309017, 0.5, 0.0, 0.0, 0.0, 0.0, 1.0 ], [ -0.809017, 0.309017, 0.5, 0.0, -0.309017, 0.5, -0.809017, 0.0, -0.5, -0.809017, -0.309017, 0.0, 0.0, 0.0, 0.0, 1.0 ], [ -0.5, -0.809017, 0.309017, 0.0, 0.809017, -0.309017, 0.5, 0.0, -0.309017, 0.5, 0.809017, 0.0, 0.0, 0.0, 0.0, 1.0 ], [ -0.309017, 0.5, 0.809017, 0.0, 0.5, 0.809017, -0.309017, 0.0, -0.809017, 0.309017, -0.5, 0.0, 0.0, 0.0, 0.0, 1.0 ], [ -0.809017, 0.309017, -0.5, 0.0, 0.309017, -0.5, -0.809017, 0.0, -0.5, -0.809017, 0.309017, 0.0, 0.0, 0.0, 0.0, 1.0 ], [ -0.809017, -0.309017, 0.5, 0.0, 0.309017, 0.5, 0.809017, 0.0, -0.5, 0.809017, -0.309017, 0.0, 0.0, 0.0, 0.0, 1.0 ], [ -0.5, 0.809017, -0.309017, 0.0, 0.809017, 0.309017, -0.5, 0.0, -0.309017, -0.5, -0.809017, 0.0, 0.0, 0.0, 0.0, 1.0 ], [ -0.309017, -0.5, -0.809017, 0.0, 0.5, -0.809017, 0.309017, 0.0, -0.809017, -0.309017, 0.5, 0.0, 0.0, 0.0, 0.0, 1.0 ] ],
  "lights" : {
    "ambientColor" : "#292929",
    "backgroundColor" : "#AFC8DC",
    "directionalLights" : [ {
      "direction" : {
        "x" : 1.0,
        "y" : -1.0,
        "z" : -1.0
      },
      "color" : "#EBEBE4"
    }, {
      "direction" : {
        "x" : -1.0,
        "y" : 0.0,
        "z" : 0.0
      },
      "color" : "#E4E4EB"
    }, {
      "direction" : {
        "x" : 0.0,
        "y" : 0.0,
        "z" : -1.0
      },
      "color" : "#1E1E1E"
    } ]
  },
  "camera" : {
    "viewDistance" : 227.89374,
    "nearClipDistance" : 0.5697344,
    "farClipDistance" : 455.7866,
    "lookAtPoint" : {
      "x" : 0.0,
      "y" : 0.0,
      "z" : 0.0
    },
    "fieldOfView" : 0.44262853,
    "perspective" : false,
    "lookDirection" : {
      "x" : -0.31912616,
      "y" : -0.6588519,
      "z" : -0.6812333
    },
    "upDirection" : {
      "x" : 0.9457824,
      "y" : -0.26712933,
      "z" : -0.18469818
    },
    "width" : 102.5521,
    "stereo" : false,
    "position" : {
      "x" : 72.72685,
      "y" : 150.14822,
      "z" : 155.2488
    }
  },
  "embedding" : [ 1.0, 0.0, 0.0, 0.0, 0.0, 1.0, 0.0, 0.0, 0.0, 0.0, 1.0, 0.0, 0.0, 0.0, 0.0, 1.0 ],
  "shapes" : [ {
    "id" : "c533a497-ca6b-40bb-9db7-5a3814ed3e67",
    "vertices" : [ {
      "x" : 7.472136,
      "y" : 0.309017,
      "z" : 0.19098301
    }, {
      "x" : 7.472136,
      "y" : 0.309017,
      "z" : -0.19098301
    }, {
      "x" : 1.0,
      "y" : 0.309017,
      "z" : -0.19098301
    }, {
      "x" : 1.0,
      "y" : 0.309017,
      "z" : 0.19098301
    }, {
      "x" : 7.472136,
      "y" : -0.309017,
      "z" : 0.19098301
    }, {
      "x" : 1.0,
      "y" : -0.309017,
      "z" : 0.19098301
    }, {
      "x" : 1.0,
      "y" : -0.309017,
      "z" : -0.19098301
    }, {
      "x" : 7.472136,
      "y" : -0.309017,
      "z" : -0.19098301
    }, {
      "x" : 8.472136,
      "y" : 0.0,
      "z" : 0.0
    } ],
    "faces" : [ {
      "vertices" : [ 1, 7, 6 ]
    }, {
      "vertices" : [ 1, 6, 2 ]
    }, {
      "vertices" : [ 0, 1, 2 ]
    }, {
      "vertices" : [ 0, 2, 3 ]
    }, {
      "vertices" : [ 4, 5, 6 ]
    }, {
      "vertices" : [ 4, 6, 7 ]
    }, {
      "vertices" : [ 0, 3, 5 ]
    }, {
      "vertices" : [ 0, 5, 4 ]
    } ]
  }, {
    "id" : "c51e06ae-f2a8-4df9-8d7e-ac2aa68ad40a",
    "vertices" : [ {
      "x" : 0.309017,
      "y" : -0.809017,
      "z" : 0.618034
    }, {
      "x" : 0.809017,
      "y" : -0.618034,
      "z" : 0.309017
    }, {
      "x" : 0.618034,
      "y" : -0.309017,
      "z" : 0.809017
    }, {
      "x" : 1.0,
      "y" : 0.309017,
      "z" : 0.19098301
    }, {
      "x" : 0.809017,
      "y" : 0.618034,
      "z" : 0.309017
    }, {
      "x" : 0.618034,
      "y" : 0.309017,
      "z" : 0.809017
    }, {
      "x" : 0.809017,
      "y" : 0.0,
      "z" : 0.690983
    }, {
      "x" : 0.19098301,
      "y" : -1.0,
      "z" : 0.309017
    }, {
      "x" : -0.19098301,
      "y" : -1.0,
      "z" : 0.309017
    }, {
      "x" : -0.19098301,
      "y" : -1.0,
      "z" : -0.309017
    }, {
      "x" : 0.19098301,
      "y" : -1.0,
      "z" : -0.309017
    }, {
      "x" : 1.0,
      "y" : -0.309017,
      "z" : -0.19098301
    }, {
      "x" : 0.809017,
      "y" : -0.618034,
      "z" : -0.309017
    }, {
      "x" : 0.618034,
      "y" : -0.309017,
      "z" : -0.809017
    }, {
      "x" : 0.809017,
      "y" : 0.0,
      "z" : -0.690983
    }, {
      "x" : 0.0,
      "y" : 0.690983,
      "z" : -0.809017
    }, {
      "x" : 0.309017,
      "y" : 0.809017,
      "z" : -0.618034
    }, {
      "x" : 0.618034,
      "y" : 0.309017,
      "z" : -0.809017
    }, {
      "x" : 0.309017,
      "y" : 0.19098301,
      "z" : -1.0
    }, {
      "x" : 1.0,
      "y" : 0.309017,
      "z" : -0.19098301
    }, {
      "x" : -0.309017,
      "y" : -0.809017,
      "z" : 0.618034
    }, {
      "x" : 0.0,
      "y" : -0.690983,
      "z" : 0.809017
    }, {
      "x" : 0.809017,
      "y" : 0.618034,
      "z" : -0.309017
    }, {
      "x" : 0.690983,
      "y" : 0.809017,
      "z" : 0.0
    }, {
      "x" : -0.690983,
      "y" : 0.809017,
      "z" : 0.0
    }, {
      "x" : -0.809017,
      "y" : 0.618034,
      "z" : 0.309017
    }, {
      "x" : -0.309017,
      "y" : 0.809017,
      "z" : 0.618034
    }, {
      "x" : -0.19098301,
      "y" : 1.0,
      "z" : 0.309017
    }, {
      "x" : 0.309017,
      "y" : -0.19098301,
      "z" : -1.0
    }, {
      "x" : 0.19098301,
      "y" : 1.0,
      "z" : 0.309017
    }, {
      "x" : 0.309017,
      "y" : 0.809017,
      "z" : 0.618034
    }, {
      "x" : -0.809017,
      "y" : -0.618034,
      "z" : 0.309017
    }, {
      "x" : -0.690983,
      "y" : -0.809017,
      "z" : 0.0
    }, {
      "x" : 0.0,
      "y" : 0.690983,
      "z" : 0.809017
    }, {
      "x" : 0.309017,
      "y" : -0.809017,
      "z" : -0.618034
    }, {
      "x" : 0.0,
      "y" : -0.690983,
      "z" : -0.809017
    }, {
      "x" : -1.0,
      "y" : 0.309017,
      "z" : 0.19098301
    }, {
      "x" : -0.809017,
      "y" : 0.0,
      "z" : 0.690983
    }, {
      "x" : -0.618034,
      "y" : 0.309017,
      "z" : 0.809017
    }, {
      "x" : 1.0,
      "y" : -0.309017,
      "z" : 0.19098301
    }, {
      "x" : -0.309017,
      "y" : -0.809017,
      "z" : -0.618034
    }, {
      "x" : -1.0,
      "y" : 0.309017,
      "z" : -0.19098301
    }, {
      "x" : -1.0,
      "y" : -0.309017,
      "z" : -0.19098301
    }, {
      "x" : -1.0,
      "y" : -0.309017,
      "z" : 0.19098301
    }, {
      "x" : 0.19098301,
      "y" : 1.0,
      "z" : -0.309017
    }, {
      "x" : -0.809017,
      "y" : 0.618034,
      "z" : -0.309017
    }, {
      "x" : -0.19098301,
      "y" : 1.0,
      "z" : -0.309017
    }, {
      "x" : -0.309017,
      "y" : 0.809017,
      "z" : -0.618034
    }, {
      "x" : -0.618034,
      "y" : -0.309017,
      "z" : 0.809017
    }, {
      "x" : 0.309017,
      "y" : 0.19098301,
      "z" : 1.0
    }, {
      "x" : -0.309017,
      "y" : 0.19098301,
      "z" : -1.0
    }, {
      "x" : -0.309017,
      "y" : 0.19098301,
      "z" : 1.0
    }, {
      "x" : -0.309017,
      "y" : -0.19098301,
      "z" : 1.0
    }, {
      "x" : 0.309017,
      "y" : -0.19098301,
      "z" : 1.0
    }, {
      "x" : 0.690983,
      "y" : -0.809017,
      "z" : 0.0
    }, {
      "x" : -0.809017,
      "y" : 0.0,
      "z" : -0.690983
    }, {
      "x" : -0.618034,
      "y" : -0.309017,
      "z" : -0.809017
    }, {
      "x" : -0.309017,
      "y" : -0.19098301,
      "z" : -1.0
    }, {
      "x" : -0.618034,
      "y" : 0.309017,
      "z" : -0.809017
    }, {
      "x" : -0.809017,
      "y" : -0.618034,
      "z" : -0.309017
    } ],
    "faces" : [ {
      "vertices" : [ 9, 40, 35 ]
    }, {
      "vertices" : [ 9, 35, 34 ]
    }, {
      "vertices" : [ 9, 34, 10 ]
    }, {
      "vertices" : [ 0, 1, 2 ]
    }, {
      "vertices" : [ 33, 51, 49 ]
    }, {
      "vertices" : [ 25, 36, 37 ]
    }, {
      "vertices" : [ 25, 37, 38 ]
    }, {
      "vertices" : [ 41, 55, 42 ]
    }, {
      "vertices" : [ 9, 32, 59 ]
    }, {
      "vertices" : [ 9, 59, 40 ]
    }, {
      "vertices" : [ 20, 21, 52 ]
    }, {
      "vertices" : [ 20, 52, 48 ]
    }, {
      "vertices" : [ 26, 33, 30 ]
    }, {
      "vertices" : [ 26, 30, 29 ]
    }, {
      "vertices" : [ 26, 29, 27 ]
    }, {
      "vertices" : [ 3, 4, 5 ]
    }, {
      "vertices" : [ 3, 5, 6 ]
    }, {
      "vertices" : [ 27, 29, 44 ]
    }, {
      "vertices" : [ 27, 44, 46 ]
    }, {
      "vertices" : [ 50, 57, 56 ]
    }, {
      "vertices" : [ 50, 56, 55 ]
    }, {
      "vertices" : [ 50, 55, 58 ]
    }, {
      "vertices" : [ 26, 38, 51 ]
    }, {
      "vertices" : [ 26, 51, 33 ]
    }, {
      "vertices" : [ 45, 47, 58 ]
    }, {
      "vertices" : [ 18, 28, 57 ]
    }, {
      "vertices" : [ 18, 57, 50 ]
    }, {
      "vertices" : [ 40, 59, 56 ]
    }, {
      "vertices" : [ 31, 48, 37 ]
    }, {
      "vertices" : [ 31, 37, 43 ]
    }, {
      "vertices" : [ 7, 8, 9 ]
    }, {
      "vertices" : [ 7, 9, 10 ]
    }, {
      "vertices" : [ 36, 41, 42 ]
    }, {
      "vertices" : [ 36, 42, 43 ]
    }, {
      "vertices" : [ 24, 46, 47 ]
    }, {
      "vertices" : [ 24, 47, 45 ]
    }, {
      "vertices" : [ 4, 30, 5 ]
    }, {
      "vertices" : [ 15, 47, 46 ]
    }, {
      "vertices" : [ 15, 46, 44 ]
    }, {
      "vertices" : [ 15, 44, 16 ]
    }, {
      "vertices" : [ 15, 50, 58 ]
    }, {
      "vertices" : [ 15, 58, 47 ]
    }, {
      "vertices" : [ 24, 45, 41 ]
    }, {
      "vertices" : [ 24, 41, 36 ]
    }, {
      "vertices" : [ 24, 36, 25 ]
    }, {
      "vertices" : [ 11, 14, 19 ]
    }, {
      "vertices" : [ 3, 6, 39 ]
    }, {
      "vertices" : [ 1, 39, 6 ]
    }, {
      "vertices" : [ 1, 6, 2 ]
    }, {
      "vertices" : [ 8, 32, 9 ]
    }, {
      "vertices" : [ 11, 12, 13 ]
    }, {
      "vertices" : [ 11, 13, 14 ]
    }, {
      "vertices" : [ 16, 22, 17 ]
    }, {
      "vertices" : [ 0, 21, 20 ]
    }, {
      "vertices" : [ 0, 20, 8 ]
    }, {
      "vertices" : [ 0, 8, 7 ]
    }, {
      "vertices" : [ 12, 34, 13 ]
    }, {
      "vertices" : [ 35, 40, 56 ]
    }, {
      "vertices" : [ 35, 56, 57 ]
    }, {
      "vertices" : [ 0, 7, 54 ]
    }, {
      "vertices" : [ 0, 54, 1 ]
    }, {
      "vertices" : [ 15, 16, 17 ]
    }, {
      "vertices" : [ 15, 17, 18 ]
    }, {
      "vertices" : [ 3, 19, 22 ]
    }, {
      "vertices" : [ 3, 22, 23 ]
    }, {
      "vertices" : [ 3, 23, 4 ]
    }, {
      "vertices" : [ 7, 10, 54 ]
    }, {
      "vertices" : [ 41, 45, 58 ]
    }, {
      "vertices" : [ 41, 58, 55 ]
    }, {
      "vertices" : [ 3, 39, 11 ]
    }, {
      "vertices" : [ 3, 11, 19 ]
    }, {
      "vertices" : [ 14, 17, 22 ]
    }, {
      "vertices" : [ 14, 22, 19 ]
    }, {
      "vertices" : [ 0, 2, 53 ]
    }, {
      "vertices" : [ 0, 53, 21 ]
    }, {
      "vertices" : [ 49, 51, 52 ]
    }, {
      "vertices" : [ 49, 52, 53 ]
    }, {
      "vertices" : [ 31, 43, 42 ]
    }, {
      "vertices" : [ 31, 42, 59 ]
    }, {
      "vertices" : [ 31, 59, 32 ]
    }, {
      "vertices" : [ 15, 18, 50 ]
    }, {
      "vertices" : [ 42, 55, 56 ]
    }, {
      "vertices" : [ 42, 56, 59 ]
    }, {
      "vertices" : [ 4, 23, 29 ]
    }, {
      "vertices" : [ 4, 29, 30 ]
    }, {
      "vertices" : [ 25, 38, 26 ]
    }, {
      "vertices" : [ 13, 28, 18 ]
    }, {
      "vertices" : [ 13, 18, 17 ]
    }, {
      "vertices" : [ 13, 17, 14 ]
    }, {
      "vertices" : [ 8, 20, 31 ]
    }, {
      "vertices" : [ 8, 31, 32 ]
    }, {
      "vertices" : [ 23, 44, 29 ]
    }, {
      "vertices" : [ 24, 27, 46 ]
    }, {
      "vertices" : [ 37, 48, 52 ]
    }, {
      "vertices" : [ 37, 52, 51 ]
    }, {
      "vertices" : [ 37, 51, 38 ]
    }, {
      "vertices" : [ 20, 48, 31 ]
    }, {
      "vertices" : [ 24, 25, 26 ]
    }, {
      "vertices" : [ 24, 26, 27 ]
    }, {
      "vertices" : [ 16, 44, 23 ]
    }, {
      "vertices" : [ 16, 23, 22 ]
    }, {
      "vertices" : [ 13, 34, 35 ]
    }, {
      "vertices" : [ 13, 35, 28 ]
    }, {
      "vertices" : [ 10, 34, 12 ]
    }, {
      "vertices" : [ 10, 12, 54 ]
    }, {
      "vertices" : [ 2, 6, 5 ]
    }, {
      "vertices" : [ 2, 5, 49 ]
    }, {
      "vertices" : [ 2, 49, 53 ]
    }, {
      "vertices" : [ 36, 43, 37 ]
    }, {
      "vertices" : [ 5, 30, 33 ]
    }, {
      "vertices" : [ 5, 33, 49 ]
    }, {
      "vertices" : [ 1, 54, 12 ]
    }, {
      "vertices" : [ 1, 12, 11 ]
    }, {
      "vertices" : [ 1, 11, 39 ]
    }, {
      "vertices" : [ 28, 35, 57 ]
    }, {
      "vertices" : [ 21, 53, 52 ]
    } ]
  }, {
    "id" : "568eb567-fd0b-44f2-83fc-5dbabd90f9d3",
    "vertices" : [ {
      "x" : 5.648091,
      "y" : 5.648091,
      "z" : -2.8240454
    }, {
      "x" : -2.8240454,
      "y" : 5.648091,
      "z" : 5.648091
    }, {
      "x" : -5.648091,
      "y" : 11.296182,
      "z" : 2.8240454
    } ],
    "faces" : [ {
      "vertices" : [ 0, 1, 2 ]
    }, {
      "vertices" : [ 0, 2, 1 ]
    } ]
  }, {
    "id" : "4c0a5a5f-30fc-4974-82fc-4103de2621eb",
    "vertices" : [ {
      "x" : 2.3351564,
      "y" : -5.3703127,
      "z" : -5.1036463
    }, {
      "x" : 2.7351565,
      "y" : -5.270313,
      "z" : -5.0036464
    }, {
      "x" : 0.4888889,
      "y" : -0.2777778,
      "z" : -0.54444444
    }, {
      "x" : 0.08888889,
      "y" : -0.37777779,
      "z" : -0.64444447
    }, {
      "x" : 2.8684897,
      "y" : -5.0369797,
      "z" : -5.303646
    }, {
      "x" : 2.4684896,
      "y" : -5.1369796,
      "z" : -5.403646
    }, {
      "x" : -0.044444446,
      "y" : -0.6111111,
      "z" : -0.34444445
    }, {
      "x" : 0.35555556,
      "y" : -0.51111114,
      "z" : -0.24444444
    } ],
    "faces" : [ {
      "vertices" : [ 2, 3, 6 ]
    }, {
      "vertices" : [ 2, 6, 7 ]
    }, {
      "vertices" : [ 0, 5, 4 ]
    }, {
      "vertices" : [ 0, 4, 1 ]
    }, {
      "vertices" : [ 2, 4, 5 ]
    }, {
      "vertices" : [ 2, 5, 3 ]
    }, {
      "vertices" : [ 0, 6, 3 ]
    }, {
      "vertices" : [ 0, 3, 5 ]
    }, {
      "vertices" : [ 0, 1, 7 ]
    }, {
      "vertices" : [ 0, 7, 6 ]
    }, {
      "vertices" : [ 1, 4, 2 ]
    }, {
      "vertices" : [ 1, 2, 7 ]
    } ]
  }, {
    "id" : "7714611b-9d7c-4e33-84a6-16fdc4f1b1c4",
    "vertices" : [ {
      "x" : -16.944271,
      "y" : 0.0,
      "z" : 16.944271
    }, {
      "x" : -11.296182,
      "y" : -2.8240454,
      "z" : 14.120227
    }, {
      "x" : -11.296182,
      "y" : -11.296182,
      "z" : 22.592363
    } ],
    "faces" : [ {
      "vertices" : [ 0, 1, 2 ]
    }, {
      "vertices" : [ 0, 2, 1 ]
    } ]
  }, {
    "id" : "44996875-5203-443e-9670-e76fa835fdf2",
    "vertices" : [ {
      "x" : -2.8240454,
      "y" : 14.120227,
      "z" : -11.296182
    }, {
      "x" : -5.648091,
      "y" : 11.296182,
      "z" : -5.648091
    }, {
      "x" : -11.296182,
      "y" : 22.592363,
      "z" : -11.296182
    } ],
    "faces" : [ {
      "vertices" : [ 0, 1, 2 ]
    }, {
      "vertices" : [ 0, 2, 1 ]
    } ]
  }, {
    "id" : "3ca03038-0fc8-4dea-b874-67720152cad9",
    "vertices" : [ {
      "x" : 5.3390737,
      "y" : 5.4571075,
      "z" : 10.296182
    }, {
      "x" : 5.148091,
      "y" : 4.648091,
      "z" : 9.678147
    }, {
      "x" : 0.5,
      "y" : 1.0,
      "z" : 1.618034
    }, {
      "x" : 0.809017,
      "y" : 1.118034,
      "z" : 1.427051
    }, {
      "x" : 0.309017,
      "y" : 0.809017,
      "z" : 0.618034
    }, {
      "x" : 0.0,
      "y" : 0.690983,
      "z" : 0.809017
    }, {
      "x" : 4.8390737,
      "y" : 4.5300565,
      "z" : 9.86913
    }, {
      "x" : 5.3390737,
      "y" : 4.8390737,
      "z" : 10.678147
    }, {
      "x" : 4.5300565,
      "y" : 5.0300565,
      "z" : 9.678147
    }, {
      "x" : 0.309017,
      "y" : 0.19098301,
      "z" : 1.0
    }, {
      "x" : 0.618034,
      "y" : 0.309017,
      "z" : 0.809017
    }, {
      "x" : 1.118034,
      "y" : 0.618034,
      "z" : 1.618034
    }, {
      "x" : 0.809017,
      "y" : 0.5,
      "z" : 1.809017
    }, {
      "x" : 5.0300565,
      "y" : 5.3390737,
      "z" : 10.4871645
    }, {
      "x" : 4.8390737,
      "y" : 5.148091,
      "z" : 9.4871645
    }, {
      "x" : 5.648091,
      "y" : 4.9571075,
      "z" : 10.4871645
    }, {
      "x" : 5.648091,
      "y" : 5.648091,
      "z" : 11.296182
    } ],
    "faces" : [ {
      "vertices" : [ 6, 7, 13 ]
    }, {
      "vertices" : [ 6, 13, 8 ]
    }, {
      "vertices" : [ 0, 14, 8 ]
    }, {
      "vertices" : [ 0, 8, 13 ]
    }, {
      "vertices" : [ 9, 10, 11 ]
    }, {
      "vertices" : [ 9, 11, 12 ]
    }, {
      "vertices" : [ 2, 8, 14 ]
    }, {
      "vertices" : [ 2, 14, 3 ]
    }, {
      "vertices" : [ 3, 11, 10 ]
    }, {
      "vertices" : [ 3, 10, 4 ]
    }, {
      "vertices" : [ 2, 5, 9 ]
    }, {
      "vertices" : [ 2, 9, 12 ]
    }, {
      "vertices" : [ 2, 12, 6 ]
    }, {
      "vertices" : [ 2, 6, 8 ]
    }, {
      "vertices" : [ 1, 11, 3 ]
    }, {
      "vertices" : [ 1, 3, 14 ]
    }, {
      "vertices" : [ 1, 15, 7 ]
    }, {
      "vertices" : [ 1, 7, 6 ]
    }, {
      "vertices" : [ 2, 3, 4 ]
    }, {
      "vertices" : [ 2, 4, 5 ]
    }, {
      "vertices" : [ 0, 15, 1 ]
    }, {
      "vertices" : [ 0, 1, 14 ]
    }, {
      "vertices" : [ 1, 6, 12 ]
    }, {
      "vertices" : [ 1, 12, 11 ]
    } ]
  }, {
    "id" : "d57d1700-c710-4c51-9286-645506ac6fa2",
    "vertices" : [ {
      "x" : 0.0,
      "y" : 0.0,
      "z" : 0.0
    }, {
      "x" : -2.8240454,
      "y" : 5.648091,
      "z" : -2.8240454
    }, {
      "x" : -11.296182,
      "y" : 5.648091,
      "z" : 5.648091
    } ],
    "faces" : [ {
      "vertices" : [ 0, 1, 2 ]
    }, {
      "vertices" : [ 0, 2, 1 ]
    } ]
  }, {
    "id" : "66086fc1-1906-4bbe-a560-27776c6c1a76",
    "vertices" : [ {
      "x" : 14.120227,
      "y" : -11.296182,
      "z" : -2.8240454
    }, {
      "x" : 11.296182,
      "y" : -5.648091,
      "z" : -5.648091
    }, {
      "x" : 22.592363,
      "y" : -11.296182,
      "z" : -11.296182
    } ],
    "faces" : [ {
      "vertices" : [ 0, 1, 2 ]
    }, {
      "vertices" : [ 0, 2, 1 ]
    } ]
  }, {
    "id" : "e9df6949-c876-4d56-9774-d7fc194f43c1",
    "vertices" : [ {
      "x" : 11.296182,
      "y" : -5.648091,
      "z" : -5.648091
    }, {
      "x" : 14.120227,
      "y" : -11.296182,
      "z" : -2.8240454
    }, {
      "x" : 5.648091,
      "y" : -11.296182,
      "z" : 5.648091
    } ],
    "faces" : [ {
      "vertices" : [ 0, 1, 2 ]
    }, {
      "vertices" : [ 0, 2, 1 ]
    } ]
  }, {
    "id" : "a4f2318f-a7b3-4993-a395-9791f132c649",
    "vertices" : [ {
      "x" : 11.296182,
      "y" : -5.648091,
      "z" : 2.8240454
    }, {
      "x" : 11.296182,
      "y" : 2.8240454,
      "z" : -5.648091
    }, {
      "x" : 19.768318,
      "y" : -5.648091,
      "z" : -5.648091
    } ],
    "faces" : [ {
      "vertices" : [ 0, 1, 2 ]
    }, {
      "vertices" : [ 0, 2, 1 ]
    } ]
  }, {
    "id" : "2af70f07-2e05-481a-bd9d-e88d33831798",
    "vertices" : [ {
      "x" : -5.648091,
      "y" : 11.296182,
      "z" : 2.8240454
    }, {
      "x" : 2.8240454,
      "y" : 11.296182,
      "z" : -5.648091
    }, {
      "x" : 5.648091,
      "y" : 5.648091,
      "z" : -2.8240454
    } ],
    "faces" : [ {
      "vertices" : [ 0, 1, 2 ]
    }, {
      "vertices" : [ 0, 2, 1 ]
    } ]
  }, {
    "id" : "242395aa-befd-4418-924c-45b90125923f",
    "vertices" : [ {
      "x" : -11.296182,
      "y" : -2.8240454,
      "z" : 14.120227
    }, {
      "x" : -11.296182,
      "y" : 5.648091,
      "z" : 5.648091
    }, {
      "x" : -16.944271,
      "y" : 0.0,
      "z" : 16.944271
    } ],
    "faces" : [ {
      "vertices" : [ 0, 1, 2 ]
    }, {
      "vertices" : [ 0, 2, 1 ]
    } ]
  }, {
    "id" : "2dbdb908-1cee-4dea-97f5-657b4bd0fe76",
    "vertices" : [ {
      "x" : 11.296182,
      "y" : -5.648091,
      "z" : -5.648091
    }, {
      "x" : 14.120227,
      "y" : -2.8240454,
      "z" : -11.296182
    }, {
      "x" : 5.648091,
      "y" : 5.648091,
      "z" : -11.296182
    } ],
    "faces" : [ {
      "vertices" : [ 0, 1, 2 ]
    }, {
      "vertices" : [ 0, 2, 1 ]
    } ]
  }, {
    "id" : "c224ef8c-0988-4acc-8670-403f21d6b339",
    "vertices" : [ {
      "x" : 2.8240454,
      "y" : -5.648091,
      "z" : 11.296182
    }, {
      "x" : 5.648091,
      "y" : -2.8240454,
      "z" : 5.648091
    }, {
      "x" : 5.648091,
      "y" : -11.296182,
      "z" : 14.120227
    } ],
    "faces" : [ {
      "vertices" : [ 0, 1, 2 ]
    }, {
      "vertices" : [ 0, 2, 1 ]
    } ]
  }, {
    "id" : "43b00e5b-eaf6-4f45-bb33-05fe9df1958d",
    "vertices" : [ {
      "x" : -5.648091,
      "y" : -5.648091,
      "z" : 11.296182
    }, {
      "x" : -2.8240454,
      "y" : -11.296182,
      "z" : 14.120227
    }, {
      "x" : 5.648091,
      "y" : -11.296182,
      "z" : 5.648091
    } ],
    "faces" : [ {
      "vertices" : [ 0, 1, 2 ]
    }, {
      "vertices" : [ 0, 2, 1 ]
    } ]
  }, {
    "id" : "b92b0fc5-2b9b-4078-86b4-36199cf7842c",
    "vertices" : [ {
      "x" : 5.648091,
      "y" : 5.648091,
      "z" : -2.8240454
    }, {
      "x" : 5.648091,
      "y" : 14.120227,
      "z" : -11.296182
    }, {
      "x" : 14.120227,
      "y" : 5.648091,
      "z" : -11.296182
    } ],
    "faces" : [ {
      "vertices" : [ 0, 1, 2 ]
    }, {
      "vertices" : [ 0, 2, 1 ]
    } ]
  }, {
    "id" : "89096441-4d84-42dc-b402-e8b258d9f383",
    "vertices" : [ {
      "x" : -2.8240454,
      "y" : 22.592363,
      "z" : -11.296182
    }, {
      "x" : -5.648091,
      "y" : 19.768318,
      "z" : -5.648091
    }, {
      "x" : -11.296182,
      "y" : 22.592363,
      "z" : -2.8240454
    } ],
    "faces" : [ {
      "vertices" : [ 0, 1, 2 ]
    }, {
      "vertices" : [ 0, 2, 1 ]
    } ]
  }, {
    "id" : "413760be-c1a2-4d17-b536-94d0e798c756",
    "vertices" : [ {
      "x" : 14.120227,
      "y" : -11.296182,
      "z" : -2.8240454
    }, {
      "x" : 5.648091,
      "y" : -11.296182,
      "z" : 5.648091
    }, {
      "x" : 16.944271,
      "y" : -16.944271,
      "z" : 0.0
    } ],
    "faces" : [ {
      "vertices" : [ 0, 1, 2 ]
    }, {
      "vertices" : [ 0, 2, 1 ]
    } ]
  }, {
    "id" : "e4655bff-d7bc-4327-b502-acc54e9f405d",
    "vertices" : [ {
      "x" : -2.8240454,
      "y" : -2.8240454,
      "z" : 5.648091
    }, {
      "x" : -11.296182,
      "y" : 5.648091,
      "z" : 5.648091
    }, {
      "x" : -5.648091,
      "y" : -5.648091,
      "z" : 11.296182
    } ],
    "faces" : [ {
      "vertices" : [ 0, 1, 2 ]
    }, {
      "vertices" : [ 0, 2, 1 ]
    } ]
  }, {
    "id" : "d37c04cf-42e7-43c1-aa11-d96ca80ffb9b",
    "vertices" : [ {
      "x" : -2.8240454,
      "y" : 5.648091,
      "z" : -2.8240454
    }, {
      "x" : 0.0,
      "y" : 0.0,
      "z" : 0.0
    }, {
      "x" : 5.648091,
      "y" : 5.648091,
      "z" : -11.296182
    } ],
    "faces" : [ {
      "vertices" : [ 0, 1, 2 ]
    }, {
      "vertices" : [ 0, 2, 1 ]
    } ]
  }, {
    "id" : "15a516fc-0278-4f71-b576-40ed0bde18a0",
    "vertices" : [ {
      "x" : 0.0,
      "y" : -16.944271,
      "z" : 16.944271
    }, {
      "x" : -2.8240454,
      "y" : -11.296182,
      "z" : 14.120227
    }, {
      "x" : -11.296182,
      "y" : -11.296182,
      "z" : 22.592363
    } ],
    "faces" : [ {
      "vertices" : [ 0, 1, 2 ]
    }, {
      "vertices" : [ 0, 2, 1 ]
    } ]
  }, {
    "id" : "e12d70c2-3975-4f35-85d7-6862c97b86ee",
    "vertices" : [ {
      "x" : -5.648091,
      "y" : 11.296182,
      "z" : -5.648091
    }, {
      "x" : -11.296182,
      "y" : 14.120227,
      "z" : -2.8240454
    }, {
      "x" : -11.296182,
      "y" : 5.648091,
      "z" : 5.648091
    } ],
    "faces" : [ {
      "vertices" : [ 0, 1, 2 ]
    }, {
      "vertices" : [ 0, 2, 1 ]
    } ]
  }, {
    "id" : "5cb9f39c-548a-43b4-870a-303954c55e2f",
    "vertices" : [ {
      "x" : 22.592363,
      "y" : -11.296182,
      "z" : -2.8240454
    }, {
      "x" : 19.768318,
      "y" : -5.648091,
      "z" : -5.648091
    }, {
      "x" : 22.592363,
      "y" : -2.8240454,
      "z" : -11.296182
    } ],
    "faces" : [ {
      "vertices" : [ 0, 1, 2 ]
    }, {
      "vertices" : [ 0, 2, 1 ]
    } ]
  }, {
    "id" : "e6a5cde8-53e1-4b4a-b422-a00972f01336",
    "vertices" : [ {
      "x" : -2.8240454,
      "y" : -2.8240454,
      "z" : 5.648091
    }, {
      "x" : -5.648091,
      "y" : -5.648091,
      "z" : 11.296182
    }, {
      "x" : 5.648091,
      "y" : -11.296182,
      "z" : 5.648091
    } ],
    "faces" : [ {
      "vertices" : [ 0, 1, 2 ]
    }, {
      "vertices" : [ 0, 2, 1 ]
    } ]
  }, {
    "id" : "6b3ffd22-f7da-48c7-88f1-e96a9059c356",
    "vertices" : [ {
      "x" : -2.8240454,
      "y" : -2.8240454,
      "z" : 5.648091
    }, {
      "x" : 0.0,
      "y" : 0.0,
      "z" : 0.0
    }, {
      "x" : -11.296182,
      "y" : 5.648091,
      "z" : 5.648091
    } ],
    "faces" : [ {
      "vertices" : [ 0, 1, 2 ]
    }, {
      "vertices" : [ 0, 2, 1 ]
    } ]
  }, {
    "id" : "f2bcc177-15d4-4a7a-a044-3215829cde8d",
    "vertices" : [ {
      "x" : 19.768318,
      "y" : -5.648091,
      "z" : -5.648091
    }, {
      "x" : 11.296182,
      "y" : -5.648091,
      "z" : 2.8240454
    }, {
      "x" : 14.120227,
      "y" : -11.296182,
      "z" : 5.648091
    } ],
    "faces" : [ {
      "vertices" : [ 0, 1, 2 ]
    }, {
      "vertices" : [ 0, 2, 1 ]
    } ]
  }, {
    "id" : "46b476da-6b79-4082-bd9d-3d6ea32bdbeb",
    "vertices" : [ {
      "x" : 19.768318,
      "y" : -5.648091,
      "z" : -5.648091
    }, {
      "x" : 11.296182,
      "y" : 2.8240454,
      "z" : -5.648091
    }, {
      "x" : 14.120227,
      "y" : 5.648091,
      "z" : -11.296182
    } ],
    "faces" : [ {
      "vertices" : [ 0, 1, 2 ]
    }, {
      "vertices" : [ 0, 2, 1 ]
    } ]
  }, {
    "id" : "930cee34-3956-49d7-8a1d-edafb687c39d",
    "vertices" : [ {
      "x" : -11.296182,
      "y" : 22.592363,
      "z" : -2.8240454
    }, {
      "x" : -5.648091,
      "y" : 19.768318,
      "z" : -5.648091
    }, {
      "x" : -11.296182,
      "y" : 14.120227,
      "z" : 5.648091
    } ],
    "faces" : [ {
      "vertices" : [ 0, 1, 2 ]
    }, {
      "vertices" : [ 0, 2, 1 ]
    } ]
  }, {
    "id" : "ee2279d2-3028-4f41-a02d-02a095a013e9",
    "vertices" : [ {
      "x" : -5.648091,
      "y" : 19.768318,
      "z" : -5.648091
    }, {
      "x" : -2.8240454,
      "y" : 22.592363,
      "z" : -11.296182
    }, {
      "x" : 5.648091,
      "y" : 14.120227,
      "z" : -11.296182
    } ],
    "faces" : [ {
      "vertices" : [ 0, 1, 2 ]
    }, {
      "vertices" : [ 0, 2, 1 ]
    } ]
  }, {
    "id" : "88098d9c-d8b5-43e1-86ad-a6788bd19aa3",
    "vertices" : [ {
      "x" : -5.648091,
      "y" : 11.296182,
      "z" : 2.8240454
    }, {
      "x" : -2.8240454,
      "y" : 5.648091,
      "z" : 5.648091
    }, {
      "x" : -11.296182,
      "y" : 14.120227,
      "z" : 5.648091
    } ],
    "faces" : [ {
      "vertices" : [ 0, 1, 2 ]
    }, {
      "vertices" : [ 0, 2, 1 ]
    } ]
  }, {
    "id" : "a05a6487-f5ae-46bb-9194-ddba13b6f431",
    "vertices" : [ {
      "x" : 5.648091,
      "y" : -2.8240454,
      "z" : 5.648091
    }, {
      "x" : 14.120227,
      "y" : -11.296182,
      "z" : 5.648091
    }, {
      "x" : 5.648091,
      "y" : -11.296182,
      "z" : 14.120227
    } ],
    "faces" : [ {
      "vertices" : [ 0, 1, 2 ]
    }, {
      "vertices" : [ 0, 2, 1 ]
    } ]
  }, {
    "id" : "8e799a49-b0d0-413b-9098-b795854d80a8",
    "vertices" : [ {
      "x" : 14.120227,
      "y" : -2.8240454,
      "z" : -11.296182
    }, {
      "x" : 11.296182,
      "y" : -5.648091,
      "z" : -5.648091
    }, {
      "x" : 22.592363,
      "y" : -11.296182,
      "z" : -11.296182
    } ],
    "faces" : [ {
      "vertices" : [ 0, 1, 2 ]
    }, {
      "vertices" : [ 0, 2, 1 ]
    } ]
  }, {
    "id" : "838559a5-2859-4a4b-9e0e-4f8a61dc66d9",
    "vertices" : [ {
      "x" : -5.648091,
      "y" : -5.648091,
      "z" : 19.768318
    }, {
      "x" : 2.8240454,
      "y" : -5.648091,
      "z" : 11.296182
    }, {
      "x" : 5.648091,
      "y" : -11.296182,
      "z" : 14.120227
    } ],
    "faces" : [ {
      "vertices" : [ 0, 1, 2 ]
    }, {
      "vertices" : [ 0, 2, 1 ]
    } ]
  }, {
    "id" : "9d53ecfe-9ad3-49d2-afd9-20d56ea814da",
    "vertices" : [ {
      "x" : -2.8240454,
      "y" : 5.648091,
      "z" : 5.648091
    }, {
      "x" : 5.648091,
      "y" : -2.8240454,
      "z" : 5.648091
    }, {
      "x" : 2.8240454,
      "y" : -5.648091,
      "z" : 11.296182
    } ],
    "faces" : [ {
      "vertices" : [ 0, 1, 2 ]
    }, {
      "vertices" : [ 0, 2, 1 ]
    } ]
  }, {
    "id" : "ee713b20-9679-4306-86a7-9545ba4fc9c0",
    "vertices" : [ {
      "x" : -11.296182,
      "y" : 14.120227,
      "z" : -2.8240454
    }, {
      "x" : -5.648091,
      "y" : 11.296182,
      "z" : -5.648091
    }, {
      "x" : -11.296182,
      "y" : 22.592363,
      "z" : -11.296182
    } ],
    "faces" : [ {
      "vertices" : [ 0, 1, 2 ]
    }, {
      "vertices" : [ 0, 2, 1 ]
    } ]
  }, {
    "id" : "963442cc-6b66-416f-8d2f-2d42e015dd4a",
    "vertices" : [ {
      "x" : -11.296182,
      "y" : -2.8240454,
      "z" : 22.592363
    }, {
      "x" : -5.648091,
      "y" : -5.648091,
      "z" : 19.768318
    }, {
      "x" : -2.8240454,
      "y" : -11.296182,
      "z" : 22.592363
    } ],
    "faces" : [ {
      "vertices" : [ 0, 1, 2 ]
    }, {
      "vertices" : [ 0, 2, 1 ]
    } ]
  }, {
    "id" : "0902134b-3d50-4658-950a-2721f0468792",
    "vertices" : [ {
      "x" : -2.8240454,
      "y" : 5.648091,
      "z" : -2.8240454
    }, {
      "x" : 5.648091,
      "y" : 5.648091,
      "z" : -11.296182
    }, {
      "x" : -5.648091,
      "y" : 11.296182,
      "z" : -5.648091
    } ],
    "faces" : [ {
      "vertices" : [ 0, 1, 2 ]
    }, {
      "vertices" : [ 0, 2, 1 ]
    } ]
  }, {
    "id" : "d1a3a334-b31e-4ae6-8ce3-7112c6e64092",
    "vertices" : [ {
      "x" : -5.648091,
      "y" : 2.8240454,
      "z" : 11.296182
    }, {
      "x" : 2.8240454,
      "y" : -5.648091,
      "z" : 11.296182
    }, {
      "x" : -5.648091,
      "y" : -5.648091,
      "z" : 19.768318
    } ],
    "faces" : [ {
      "vertices" : [ 0, 1, 2 ]
    }, {
      "vertices" : [ 0, 2, 1 ]
    } ]
  }, {
    "id" : "d8c8a0bc-3265-4740-a32f-2732b260f938",
    "vertices" : [ {
      "x" : -16.944271,
      "y" : 16.944271,
      "z" : 0.0
    }, {
      "x" : -11.296182,
      "y" : 14.120227,
      "z" : -2.8240454
    }, {
      "x" : -11.296182,
      "y" : 22.592363,
      "z" : -11.296182
    } ],
    "faces" : [ {
      "vertices" : [ 0, 1, 2 ]
    }, {
      "vertices" : [ 0, 2, 1 ]
    } ]
  }, {
    "id" : "31e72a34-811b-4a70-85c0-0b46429cf3d5",
    "vertices" : [ {
      "x" : 5.648091,
      "y" : -2.8240454,
      "z" : 5.648091
    }, {
      "x" : 11.296182,
      "y" : -5.648091,
      "z" : 2.8240454
    }, {
      "x" : 14.120227,
      "y" : -11.296182,
      "z" : 5.648091
    } ],
    "faces" : [ {
      "vertices" : [ 0, 1, 2 ]
    }, {
      "vertices" : [ 0, 2, 1 ]
    } ]
  }, {
    "id" : "bae1e859-36f5-4ec7-867c-83c638d8ff68",
    "vertices" : [ {
      "x" : 19.768318,
      "y" : -5.648091,
      "z" : -5.648091
    }, {
      "x" : 22.592363,
      "y" : -11.296182,
      "z" : -2.8240454
    }, {
      "x" : 14.120227,
      "y" : -11.296182,
      "z" : 5.648091
    } ],
    "faces" : [ {
      "vertices" : [ 0, 1, 2 ]
    }, {
      "vertices" : [ 0, 2, 1 ]
    } ]
  }, {
    "id" : "54daf3b9-8f78-4020-b09c-9185f425c1be",
    "vertices" : [ {
      "x" : -2.8240454,
      "y" : 5.648091,
      "z" : 5.648091
    }, {
      "x" : -5.648091,
      "y" : 2.8240454,
      "z" : 11.296182
    }, {
      "x" : -11.296182,
      "y" : 5.648091,
      "z" : 14.120227
    } ],
    "faces" : [ {
      "vertices" : [ 0, 1, 2 ]
    }, {
      "vertices" : [ 0, 2, 1 ]
    } ]
  }, {
    "id" : "4a0225c3-455d-483c-bc90-75c4dad41d40",
    "vertices" : [ {
      "x" : 22.592363,
      "y" : -2.8240454,
      "z" : -11.296182
    }, {
      "x" : 19.768318,
      "y" : -5.648091,
      "z" : -5.648091
    }, {
      "x" : 14.120227,
      "y" : 5.648091,
      "z" : -11.296182
    } ],
    "faces" : [ {
      "vertices" : [ 0, 1, 2 ]
    }, {
      "vertices" : [ 0, 2, 1 ]
    } ]
  }, {
    "id" : "d72ff423-c652-447e-87a6-8fa610c8e020",
    "vertices" : [ {
      "x" : -5.648091,
      "y" : -5.648091,
      "z" : 11.296182
    }, {
      "x" : -11.296182,
      "y" : -2.8240454,
      "z" : 14.120227
    }, {
      "x" : -11.296182,
      "y" : 5.648091,
      "z" : 5.648091
    } ],
    "faces" : [ {
      "vertices" : [ 0, 1, 2 ]
    }, {
      "vertices" : [ 0, 2, 1 ]
    } ]
  }, {
    "id" : "2e1f9b62-2d80-4b33-973f-f4ad03190233",
    "vertices" : [ {
      "x" : -2.8240454,
      "y" : 5.648091,
      "z" : 5.648091
    }, {
      "x" : -11.296182,
      "y" : 5.648091,
      "z" : 14.120227
    }, {
      "x" : -11.296182,
      "y" : 14.120227,
      "z" : 5.648091
    } ],
    "faces" : [ {
      "vertices" : [ 0, 1, 2 ]
    }, {
      "vertices" : [ 0, 2, 1 ]
    } ]
  }, {
    "id" : "d82a9f1a-1ee0-42b8-95b3-04920ec7ecf9",
    "vertices" : [ {
      "x" : -5.648091,
      "y" : 19.768318,
      "z" : -5.648091
    }, {
      "x" : -5.648091,
      "y" : 11.296182,
      "z" : 2.8240454
    }, {
      "x" : -11.296182,
      "y" : 14.120227,
      "z" : 5.648091
    } ],
    "faces" : [ {
      "vertices" : [ 0, 1, 2 ]
    }, {
      "vertices" : [ 0, 2, 1 ]
    } ]
  }, {
    "id" : "f2287b48-8cf1-4bd7-8079-8d8dc96e7d5a",
    "vertices" : [ {
      "x" : -5.648091,
      "y" : 19.768318,
      "z" : -5.648091
    }, {
      "x" : 2.8240454,
      "y" : 11.296182,
      "z" : -5.648091
    }, {
      "x" : 5.648091,
      "y" : 14.120227,
      "z" : -11.296182
    } ],
    "faces" : [ {
      "vertices" : [ 0, 1, 2 ]
    }, {
      "vertices" : [ 0, 2, 1 ]
    } ]
  }, {
    "id" : "759555b2-c432-48d0-a986-85d6c465f85f",
    "vertices" : [ {
      "x" : -2.8240454,
