{
  "field" : "golden",
  "symmetry" : "icosahedral",
  "orientations" : [ [ 1.0, 0.0, 0.0, 0.0, 0.0, 1.0, 0.0, 0.0, 0.0, 0.0, 1.0, 0.0, 0.0, 0.0, 0.0, 1.0 ], [ 0.0, 0.0, 1.0, 0.0, 1.0, 0.0, 0.0, 0.0, 0.0, 1.0, 0.0, 0.0, 0.0, 0.0, 0.0, 1.0 ], [ 0.0, 1.0, 0.0, 0.0, 0.0, 0.0, 1.0, 0.0, 1.0, 0.0, 0.0, 0.0, 0.0, 0.0, 0.0, 1.0 ], [ 0.809017, 0.309017, 0.5, 0.0, 0.309017, 0.5, -0.809017, 0.0, -0.5, 0.809017, 0.309017, 0.0, 0.0, 0.0, 0.0, 1.0 ], [ -0.5, 0.809017, 0.309017, 0.0, 0.809017, 0.309017, 0.5, 0.0, 0.309017, 0.5, -0.809017, 0.0, 0.0, 0.0, 0.0, 1.0 ], [ 0.309017, 0.5, -0.809017, 0.0, -0.5, 0.809017, 0.309017, 0.0, 0.809017, 0.309017, 0.5, 0.0, 0.0, 0.0, 0.0, 1.0 ], [ 0.5, 0.809017, 0.309017, 0.0, 0.809017, -0.309017, -0.5, 0.0, -0.309017, 0.5, -0.809017, 0.0, 0.0, 0.0, 0.0, 1.0 ], [ -0.309017, 0.5, -0.809017, 0.0, 0.5, 0.809017, 0.309017, 0.0, 0.809017, -0.309017, -0.5, 0.0, 0.0, 0.0, 0.0, 1.0 ], [ 0.809017, -0.309017, -0.5, 0.0, -0.309017, 0.5, -0.809017, 0.0, 0.5, 0.809017, 0.309017, 0.0, 0.0, 0.0, 0.0, 1.0 ], [ 0.5, 0.809017, -0.309017, 0.0, 0.809017, -0.309017, 0.5, 0.0, 0.309017, -0.5, -0.809017, 0.0, 0.0, 0.0, 0.0, 1.0 ], [ 0.309017, -0.5, -0.809017, 0.0, 0.5, 0.809017, -0.309017, 0.0, 0.809017, -0.309017, 0.5, 0.0, 0.0, 0.0, 0.0, 1.0 ], [ 0.809017, -0.309017, 0.5, 0.0, 0.309017, -0.5, -0.809017, 0.0, 0.5, 0.809017, -0.309017, 0.0, 0.0, 0.0, 0.0, 1.0 ], [ 0.809017, 0.309017, -0.5, 0.0, 0.309017, 0.5, 0.809017, 0.0, 0.5, -0.809017, 0.309017, 0.0, 0.0, 0.0, 0.0, 1.0 ], [ 0.5, -0.809017, 0.309017, 0.0, 0.809017, 0.309017, -0.5, 0.0, 0.309017, 0.5, 0.809017, 0.0, 0.0, 0.0, 0.0, 1.0 ], [ 0.309017, 0.5, 0.809017, 0.0, 0.5, -0.809017, 0.309017, 0.0, 0.809017, 0.309017, -0.5, 0.0, 0.0, 0.0, 0.0, 1.0 ], [ 1.0, 0.0, 0.0, 0.0, 0.0, -1.0, 0.0, 0.0, 0.0, 0.0, -1.0, 0.0, 0.0, 0.0, 0.0, 1.0 ], [ 0.0, 0.0, 1.0, 0.0, -1.0, 0.0, 0.0, 0.0, 0.0, -1.0, 0.0, 0.0, 0.0, 0.0, 0.0, 1.0 ], [ 0.0, 1.0, 0.0, 0.0, 0.0, 0.0, -1.0, 0.0, -1.0, 0.0, 0.0, 0.0, 0.0, 0.0, 0.0, 1.0 ], [ 0.809017, 0.309017, 0.5, 0.0, -0.309017, -0.5, 0.809017, 0.0, 0.5, -0.809017, -0.309017, 0.0, 0.0, 0.0, 0.0, 1.0 ], [ -0.5, 0.809017, 0.309017, 0.0, -0.809017, -0.309017, -0.5, 0.0, -0.309017, -0.5, 0.809017, 0.0, 0.0, 0.0, 0.0, 1.0 ], [ 0.309017, 0.5, -0.809017, 0.0, 0.5, -0.809017, -0.309017, 0.0, -0.809017, -0.309017, -0.5, 0.0, 0.0, 0.0, 0.0, 1.0 ], [ 0.5, 0.809017, 0.309017, 0.0, -0.809017, 0.309017, 0.5, 0.0, 0.309017, -0.5, 0.809017, 0.0, 0.0, 0.0, 0.0, 1.0 ], [ -0.309017, 0.5, -0.809017, 0.0, -0.5, -0.809017, -0.309017, 0.0, -0.809017, 0.309017, 0.5, 0.0, 0.0, 0.0, 0.0, 1.0 ], [ 0.809017, -0.309017, -0.5, 0.0, 0.309017, -0.5, 0.809017, 0.0, -0.5, -0.809017, -0.309017, 0.0, 0.0, 0.0, 0.0, 1.0 ], [ 0.5, 0.809017, -0.309017, 0.0, -0.809017, 0.309017, -0.5, 0.0, -0.309017, 0.5, 0.809017, 0.0, 0.0, 0.0, 0.0, 1.0 ], [ 0.309017, -0.5, -0.809017, 0.0, -0.5, -0.809017, 0.309017, 0.0, -0.809017, 0.309017, -0.5, 0.0, 0.0, 0.0, 0.0, 1.0 ], [ 0.809017, -0.309017, 0.5, 0.0, -0.309017, 0.5, 0.809017, 0.0, -0.5, -0.809017, 0.309017, 0.0, 0.0, 0.0, 0.0, 1.0 ], [ 0.809017, 0.309017, -0.5, 0.0, -0.309017, -0.5, -0.809017, 0.0, -0.5, 0.809017, -0.309017, 0.0, 0.0, 0.0, 0.0, 1.0 ], [ 0.5, -0.809017, 0.309017, 0.0, -0.809017, -0.309017, 0.5, 0.0, -0.309017, -0.5, -0.809017, 0.0, 0.0, 0.0, 0.0, 1.0 ], [ 0.309017, 0.5, 0.809017, 0.0, -0.5, 0.809017, -0.309017, 0.0, -0.809017, -0.309017, 0.5, 0.0, 0.0, 0.0, 0.0, 1.0 ], [ -1.0, 0.0, 0.0, 0.0, 0.0, -1.0, 0.0, 0.0, 0.0, 0.0, 1.0, 0.0, 0.0, 0.0, 0.0, 1.0 ], [ 0.0, 0.0, -1.0, 0.0, -1.0, 0.0, 0.0, 0.0, 0.0, 1.0, 0.0, 0.0, 0.0, 0.0, 0.0, 1.0 ], [ 0.0, -1.0, 0.0, 0.0, 0.0, 0.0, -1.0, 0.0, 1.0, 0.0, 0.0, 0.0, 0.0, 0.0, 0.0, 1.0 ], [ -0.809017, -0.309017, -0.5, 0.0, -0.309017, -0.5, 0.809017, 0.0, -0.5, 0.809017, 0.309017, 0.0, 0.0, 0.0, 0.0, 1.0 ], [ 0.5, -0.809017, -0.309017, 0.0, -0.809017, -0.309017, -0.5, 0.0, 0.309017, 0.5, -0.809017, 0.0, 0.0, 0.0, 0.0, 1.0 ], [ -0.309017, -0.5, 0.809017, 0.0, 0.5, -0.809017, -0.309017, 0.0, 0.809017, 0.309017, 0.5, 0.0, 0.0, 0.0, 0.0, 1.0 ], [ -0.5, -0.809017, -0.309017, 0.0, -0.809017, 0.309017, 0.5, 0.0, -0.309017, 0.5, -0.809017, 0.0, 0.0, 0.0, 0.0, 1.0 ], [ 0.309017, -0.5, 0.809017, 0.0, -0.5, -0.809017, -0.309017, 0.0, 0.809017, -0.309017, -0.5, 0.0, 0.0, 0.0, 0.0, 1.0 ], [ -0.809017, 0.309017, 0.5, 0.0, 0.309017, -0.5, 0.809017, 0.0, 0.5, 0.809017, 0.309017, 0.0, 0.0, 0.0, 0.0, 1.0 ], [ -0.5, -0.809017, 0.309017, 0.0, -0.809017, 0.309017, -0.5, 0.0, 0.309017, -0.5, -0.809017, 0.0, 0.0, 0.0, 0.0, 1.0 ], [ -0.309017, 0.5, 0.809017, 0.0, -0.5, -0.809017, 0.309017, 0.0, 0.809017, -0.309017, 0.5, 0.0, 0.0, 0.0, 0.0, 1.0 ], [ -0.809017, 0.309017, -0.5, 0.0, -0.309017, 0.5, 0.809017, 0.0, 0.5, 0.809017, -0.309017, 0.0, 0.0, 0.0, 0.0, 1.0 ], [ -0.809017, -0.309017, 0.5, 0.0, -0.309017, -0.5, -0.809017, 0.0, 0.5, -0.809017, 0.309017, 0.0, 0.0, 0.0, 0.0, 1.0 ], [ -0.5, 0.809017, -0.309017, 0.0, -0.809017, -0.309017, 0.5, 0.0, 0.309017, 0.5, 0.809017, 0.0, 0.0, 0.0, 0.0, 1.0 ], [ -0.309017, -0.5, -0.809017, 0.0, -0.5, 0.809017, -0.309017, 0.0, 0.809017, 0.309017, -0.5, 0.0, 0.0, 0.0, 0.0, 1.0 ], [ -1.0, 0.0, 0.0, 0.0, 0.0, 1.0, 0.0, 0.0, 0.0, 0.0, -1.0, 0.0, 0.0, 0.0, 0.0, 1.0 ], [ 0.0, 0.0, -1.0, 0.0, 1.0, 0.0, 0.0, 0.0, 0.0, -1.0, 0.0, 0.0, 0.0, 0.0, 0.0, 1.0 ], [ 0.0, -1.0, 0.0, 0.0, 0.0, 0.0, 1.0, 0.0, -1.0, 0.0, 0.0, 0.0, 0.0, 0.0, 0.0, 1.0 ], [ -0.809017, -0.309017, -0.5, 0.0, 0.309017, 0.5, -0.809017, 0.0, 0.5, -0.809017, -0.309017, 0.0, 0.0, 0.0, 0.0, 1.0 ], [ 0.5, -0.809017, -0.309017, 0.0, 0.809017, 0.309017, 0.5, 0.0, -0.309017, -0.5, 0.809017, 0.0, 0.0, 0.0, 0.0, 1.0 ], [ -0.309017, -0.5, 0.809017, 0.0, -0.5, 0.809017, 0.309017, 0.0, -0.809017, -0.309017, -0.5, 0.0, 0.0, 0.0, 0.0, 1.0 ], [ -0.5, -0.809017, -0.309017, 0.0, 0.809017, -0.309017, -0.5, 0.0, 0.309017, -0.5, 0.809017, 0.0, 0.0, 0.0, 0.0, 1.0 ], [ 0.309017, -0.5, 0.809017, 0.0, 0.5, 0.809017, 0.309017, 0.0, -0.809017, 0.309017, 0.5, 0.0, 0.0, 0.0, 0.0, 1.0 ], [ -0.809017, 0.309017, 0.5, 0.0, -0.309017, 0.5, -0.809017, 0.0, -0.5, -0.809017, -0.309017, 0.0, 0.0, 0.0, 0.0, 1.0 ], [ -0.5, -0.809017, 0.309017, 0.0, 0.809017, -0.309017, 0.5, 0.0, -0.309017, 0.5, 0.809017, 0.0, 0.0, 0.0, 0.0, 1.0 ], [ -0.309017, 0.5, 0.809017, 0.0, 0.5, 0.809017, -0.309017, 0.0, -0.809017, 0.309017, -0.5, 0.0, 0.0, 0.0, 0.0, 1.0 ], [ -0.809017, 0.309017, -0.5, 0.0, 0.309017, -0.5, -0.809017, 0.0, -0.5, -0.809017, 0.309017, 0.0, 0.0, 0.0, 0.0, 1.0 ], [ -0.809017, -0.309017, 0.5, 0.0, 0.309017, 0.5, 0.809017, 0.0, -0.5, 0.809017, -0.309017, 0.0, 0.0, 0.0, 0.0, 1.0 ], [ -0.5, 0.809017, -0.309017, 0.0, 0.809017, 0.309017, -0.5, 0.0, -0.309017, -0.5, -0.809017, 0.0, 0.0, 0.0, 0.0, 1.0 ], [ -0.309017, -0.5, -0.809017, 0.0, 0.5, -0.809017, 0.309017, 0.0, -0.809017, -0.309017, 0.5, 0.0, 0.0, 0.0, 0.0, 1.0 ] ],
  "lights" : {
    "ambientColor" : "#292929",
    "backgroundColor" : "#AFC8DC",
    "directionalLights" : [ {
      "direction" : {
        "x" : 1.0,
        "y" : -1.0,
        "z" : -1.0
      },
      "color" : "#EBEBE4"
    }, {
      "direction" : {
        "x" : -1.0,
        "y" : 0.0,
        "z" : 0.0
      },
      "color" : "#E4E4EB"
    }, {
      "direction" : {
        "x" : 0.0,
        "y" : 0.0,
        "z" : -1.0
      },
      "color" : "#1E1E1E"
    } ]
  },
  "camera" : {
    "lookDirection" : {
      "x" : 0.9838776,
      "y" : 0.047745876,
      "z" : -0.17231736
    },
    "upDirection" : {
      "x" : -0.17218237,
      "y" : -0.0068236054,
      "z" : -0.9850242
    },
    "lookAtPoint" : {
      "x" : 0.0,
      "y" : 0.0,
      "z" : 0.0
    },
    "viewDistance" : 246.87433,
    "nearClipDistance" : 0.61718583,
    "farClipDistance" : 493.7481,
    "fieldOfView" : 0.44262883,
    "perspective" : false,
    "width" : 111.09344,
    "stereo" : false,
    "position" : {
      "x" : -242.89412,
      "y" : -11.787231,
      "z" : 42.540733
    }
  },
  "embedding" : [ 1.0, 0.0, 0.0, 0.0, 0.0, 1.0, 0.0, 0.0, 0.0, 0.0, 1.0, 0.0, 0.0, 0.0, 0.0, 1.0 ],
  "shapes" : [ {
    "id" : "ab0787d1-1dd5-4b3f-ae0e-5863a0b423f0",
    "vertices" : [ {
      "x" : -20.666494,
      "y" : 20.399828,
      "z" : -9.983247
    }, {
      "x" : -20.566494,
      "y" : 20.299828,
      "z" : -10.383247
    }, {
      "x" : -0.2777778,
      "y" : 0.54444444,
      "z" : -0.4888889
    }, {
      "x" : -0.37777779,
      "y" : 0.64444447,
      "z" : -0.08888889
    }, {
      "x" : -20.33316,
      "y" : 20.599827,
      "z" : -10.516581
    }, {
      "x" : -20.43316,
      "y" : 20.699827,
      "z" : -10.11658
    }, {
      "x" : -0.6111111,
      "y" : 0.34444445,
      "z" : 0.044444446
    }, {
      "x" : -0.51111114,
      "y" : 0.24444444,
      "z" : -0.35555556
    } ],
    "faces" : [ {
      "vertices" : [ 2, 3, 6 ]
    }, {
      "vertices" : [ 2, 6, 7 ]
    }, {
      "vertices" : [ 0, 5, 4 ]
    }, {
      "vertices" : [ 0, 4, 1 ]
    }, {
      "vertices" : [ 2, 4, 5 ]
    }, {
      "vertices" : [ 2, 5, 3 ]
    }, {
      "vertices" : [ 0, 6, 3 ]
    }, {
      "vertices" : [ 0, 3, 5 ]
    }, {
      "vertices" : [ 0, 1, 7 ]
    }, {
      "vertices" : [ 0, 7, 6 ]
    }, {
      "vertices" : [ 1, 4, 2 ]
    }, {
      "vertices" : [ 1, 2, 7 ]
    } ]
  }, {
    "id" : "10ab44cd-0d4f-4458-b491-c06fff29a1a6",
    "vertices" : [ {
      "x" : 5.236068,
      "y" : -26.18034,
      "z" : 5.236068
    }, {
      "x" : -15.708204,
      "y" : -15.708204,
      "z" : -15.708204
    }, {
      "x" : 5.236068,
      "y" : 5.236068,
      "z" : -26.18034
    }, {
      "x" : 26.18034,
      "y" : -5.236068,
      "z" : -5.236068
    } ],
    "faces" : [ {
      "vertices" : [ 0, 1, 2 ]
    }, {
      "vertices" : [ 0, 2, 3 ]
    }, {
      "vertices" : [ 0, 3, 2 ]
    }, {
      "vertices" : [ 0, 2, 1 ]
    } ]
  }, {
    "id" : "6ed4cbe7-7a53-4abc-81ed-8c355b735c47",
    "vertices" : [ {
      "x" : 26.18034,
      "y" : 5.236068,
      "z" : -5.236068
    }, {
      "x" : 15.708204,
      "y" : -15.708204,
      "z" : 15.708204
    }, {
      "x" : -5.236068,
      "y" : -26.18034,
      "z" : -5.236068
    }, {
      "x" : 5.236068,
      "y" : -5.236068,
      "z" : -26.18034
    } ],
    "faces" : [ {
      "vertices" : [ 0, 1, 2 ]
    }, {
      "vertices" : [ 0, 2, 3 ]
    }, {
      "vertices" : [ 0, 3, 2 ]
    }, {
      "vertices" : [ 0, 2, 1 ]
    } ]
  }, {
    "id" : "7cc7b5bf-4af6-4636-8916-3958047fdb87",
    "vertices" : [ {
      "x" : 26.18034,
      "y" : -5.236068,
      "z" : 5.236068
    }, {
      "x" : 15.708204,
      "y" : 15.708204,
      "z" : -15.708204
    }, {
      "x" : -5.236068,
      "y" : 26.18034,
      "z" : 5.236068
    }, {
      "x" : 5.236068,
      "y" : 5.236068,
      "z" : 26.18034
    } ],
    "faces" : [ {
      "vertices" : [ 0, 1, 2 ]
    }, {
      "vertices" : [ 0, 2, 3 ]
    }, {
      "vertices" : [ 0, 3, 2 ]
    }, {
      "vertices" : [ 0, 2, 1 ]
    } ]
  }, {
    "id" : "bf300908-69af-4f6f-9184-95e5b72761ab",
    "vertices" : [ {
      "x" : 0.309017,
      "y" : -0.809017,
      "z" : 0.618034
    }, {
      "x" : 0.809017,
      "y" : -0.618034,
      "z" : 0.309017
    }, {
      "x" : 0.618034,
      "y" : -0.309017,
      "z" : 0.809017
    }, {
      "x" : 1.0,
      "y" : 0.309017,
      "z" : 0.19098301
    }, {
      "x" : 0.809017,
      "y" : 0.618034,
      "z" : 0.309017
    }, {
      "x" : 0.618034,
      "y" : 0.309017,
      "z" : 0.809017
    }, {
      "x" : 0.809017,
      "y" : 0.0,
      "z" : 0.690983
    }, {
      "x" : 0.19098301,
      "y" : -1.0,
      "z" : 0.309017
    }, {
      "x" : -0.19098301,
      "y" : -1.0,
      "z" : 0.309017
    }, {
      "x" : -0.19098301,
      "y" : -1.0,
      "z" : -0.309017
    }, {
      "x" : 0.19098301,
      "y" : -1.0,
      "z" : -0.309017
    }, {
      "x" : 1.0,
      "y" : -0.309017,
      "z" : -0.19098301
    }, {
      "x" : 0.809017,
      "y" : -0.618034,
      "z" : -0.309017
    }, {
      "x" : 0.618034,
      "y" : -0.309017,
      "z" : -0.809017
    }, {
      "x" : 0.809017,
      "y" : 0.0,
      "z" : -0.690983
    }, {
      "x" : 0.0,
      "y" : 0.690983,
      "z" : -0.809017
    }, {
      "x" : 0.309017,
      "y" : 0.809017,
      "z" : -0.618034
    }, {
      "x" : 0.618034,
      "y" : 0.309017,
      "z" : -0.809017
    }, {
      "x" : 0.309017,
      "y" : 0.19098301,
      "z" : -1.0
    }, {
      "x" : 1.0,
      "y" : 0.309017,
      "z" : -0.19098301
    }, {
      "x" : -0.309017,
      "y" : -0.809017,
      "z" : 0.618034
    }, {
      "x" : 0.0,
      "y" : -0.690983,
      "z" : 0.809017
    }, {
      "x" : 0.809017,
      "y" : 0.618034,
      "z" : -0.309017
    }, {
      "x" : 0.690983,
      "y" : 0.809017,
      "z" : 0.0
    }, {
      "x" : -0.690983,
      "y" : 0.809017,
      "z" : 0.0
    }, {
      "x" : -0.809017,
      "y" : 0.618034,
      "z" : 0.309017
    }, {
      "x" : -0.309017,
      "y" : 0.809017,
      "z" : 0.618034
    }, {
      "x" : -0.19098301,
      "y" : 1.0,
      "z" : 0.309017
    }, {
      "x" : 0.309017,
      "y" : -0.19098301,
      "z" : -1.0
    }, {
      "x" : 0.19098301,
      "y" : 1.0,
      "z" : 0.309017
    }, {
      "x" : 0.309017,
      "y" : 0.809017,
      "z" : 0.618034
    }, {
      "x" : -0.809017,
      "y" : -0.618034,
      "z" : 0.309017
    }, {
      "x" : -0.690983,
      "y" : -0.809017,
      "z" : 0.0
    }, {
      "x" : 0.0,
      "y" : 0.690983,
      "z" : 0.809017
    }, {
      "x" : 0.309017,
      "y" : -0.809017,
      "z" : -0.618034
    }, {
      "x" : 0.0,
      "y" : -0.690983,
      "z" : -0.809017
    }, {
      "x" : -1.0,
      "y" : 0.309017,
      "z" : 0.19098301
    }, {
      "x" : -0.809017,
      "y" : 0.0,
      "z" : 0.690983
    }, {
      "x" : -0.618034,
      "y" : 0.309017,
      "z" : 0.809017
    }, {
      "x" : 1.0,
      "y" : -0.309017,
      "z" : 0.19098301
    }, {
      "x" : -0.309017,
      "y" : -0.809017,
      "z" : -0.618034
    }, {
      "x" : -1.0,
      "y" : 0.309017,
      "z" : -0.19098301
    }, {
      "x" : -1.0,
      "y" : -0.309017,
      "z" : -0.19098301
    }, {
      "x" : -1.0,
      "y" : -0.309017,
      "z" : 0.19098301
    }, {
      "x" : 0.19098301,
      "y" : 1.0,
      "z" : -0.309017
    }, {
      "x" : -0.809017,
      "y" : 0.618034,
      "z" : -0.309017
    }, {
      "x" : -0.19098301,
      "y" : 1.0,
      "z" : -0.309017
    }, {
      "x" : -0.309017,
      "y" : 0.809017,
      "z" : -0.618034
    }, {
      "x" : -0.618034,
      "y" : -0.309017,
      "z" : 0.809017
    }, {
      "x" : 0.309017,
      "y" : 0.19098301,
      "z" : 1.0
    }, {
      "x" : -0.309017,
      "y" : 0.19098301,
      "z" : -1.0
    }, {
      "x" : -0.309017,
      "y" : 0.19098301,
      "z" : 1.0
    }, {
      "x" : -0.309017,
      "y" : -0.19098301,
      "z" : 1.0
    }, {
      "x" : 0.309017,
      "y" : -0.19098301,
      "z" : 1.0
    }, {
      "x" : 0.690983,
      "y" : -0.809017,
      "z" : 0.0
    }, {
      "x" : -0.809017,
      "y" : 0.0,
      "z" : -0.690983
    }, {
      "x" : -0.618034,
      "y" : -0.309017,
      "z" : -0.809017
    }, {
      "x" : -0.309017,
      "y" : -0.19098301,
      "z" : -1.0
    }, {
      "x" : -0.618034,
      "y" : 0.309017,
      "z" : -0.809017
    }, {
      "x" : -0.809017,
      "y" : -0.618034,
      "z" : -0.309017
    } ],
    "faces" : [ {
      "vertices" : [ 9, 40, 35 ]
    }, {
      "vertices" : [ 9, 35, 34 ]
    }, {
      "vertices" : [ 9, 34, 10 ]
    }, {
      "vertices" : [ 0, 1, 2 ]
    }, {
      "vertices" : [ 33, 51, 49 ]
    }, {
      "vertices" : [ 25, 36, 37 ]
    }, {
      "vertices" : [ 25, 37, 38 ]
    }, {
      "vertices" : [ 41, 55, 42 ]
    }, {
      "vertices" : [ 9, 32, 59 ]
    }, {
      "vertices" : [ 9, 59, 40 ]
    }, {
      "vertices" : [ 20, 21, 52 ]
    }, {
      "vertices" : [ 20, 52, 48 ]
    }, {
      "vertices" : [ 26, 33, 30 ]
    }, {
      "vertices" : [ 26, 30, 29 ]
    }, {
      "vertices" : [ 26, 29, 27 ]
    }, {
      "vertices" : [ 3, 4, 5 ]
    }, {
      "vertices" : [ 3, 5, 6 ]
    }, {
      "vertices" : [ 27, 29, 44 ]
    }, {
      "vertices" : [ 27, 44, 46 ]
    }, {
      "vertices" : [ 50, 57, 56 ]
    }, {
      "vertices" : [ 50, 56, 55 ]
    }, {
      "vertices" : [ 50, 55, 58 ]
    }, {
      "vertices" : [ 26, 38, 51 ]
    }, {
      "vertices" : [ 26, 51, 33 ]
    }, {
      "vertices" : [ 45, 47, 58 ]
    }, {
      "vertices" : [ 18, 28, 57 ]
    }, {
      "vertices" : [ 18, 57, 50 ]
    }, {
      "vertices" : [ 40, 59, 56 ]
    }, {
      "vertices" : [ 31, 48, 37 ]
    }, {
      "vertices" : [ 31, 37, 43 ]
    }, {
      "vertices" : [ 7, 8, 9 ]
    }, {
      "vertices" : [ 7, 9, 10 ]
    }, {
      "vertices" : [ 36, 41, 42 ]
    }, {
      "vertices" : [ 36, 42, 43 ]
    }, {
      "vertices" : [ 24, 46, 47 ]
    }, {
      "vertices" : [ 24, 47, 45 ]
    }, {
      "vertices" : [ 4, 30, 5 ]
    }, {
      "vertices" : [ 15, 47, 46 ]
    }, {
      "vertices" : [ 15, 46, 44 ]
    }, {
      "vertices" : [ 15, 44, 16 ]
    }, {
      "vertices" : [ 15, 50, 58 ]
    }, {
      "vertices" : [ 15, 58, 47 ]
    }, {
      "vertices" : [ 24, 45, 41 ]
    }, {
      "vertices" : [ 24, 41, 36 ]
    }, {
      "vertices" : [ 24, 36, 25 ]
    }, {
      "vertices" : [ 11, 14, 19 ]
    }, {
      "vertices" : [ 3, 6, 39 ]
    }, {
      "vertices" : [ 1, 39, 6 ]
    }, {
      "vertices" : [ 1, 6, 2 ]
    }, {
      "vertices" : [ 8, 32, 9 ]
    }, {
      "vertices" : [ 11, 12, 13 ]
    }, {
      "vertices" : [ 11, 13, 14 ]
    }, {
      "vertices" : [ 16, 22, 17 ]
    }, {
      "vertices" : [ 0, 21, 20 ]
    }, {
      "vertices" : [ 0, 20, 8 ]
    }, {
      "vertices" : [ 0, 8, 7 ]
    }, {
      "vertices" : [ 12, 34, 13 ]
    }, {
      "vertices" : [ 35, 40, 56 ]
    }, {
      "vertices" : [ 35, 56, 57 ]
    }, {
      "vertices" : [ 0, 7, 54 ]
    }, {
      "vertices" : [ 0, 54, 1 ]
    }, {
      "vertices" : [ 15, 16, 17 ]
    }, {
      "vertices" : [ 15, 17, 18 ]
    }, {
      "vertices" : [ 3, 19, 22 ]
    }, {
      "vertices" : [ 3, 22, 23 ]
    }, {
      "vertices" : [ 3, 23, 4 ]
    }, {
      "vertices" : [ 7, 10, 54 ]
    }, {
      "vertices" : [ 41, 45, 58 ]
    }, {
      "vertices" : [ 41, 58, 55 ]
    }, {
      "vertices" : [ 3, 39, 11 ]
    }, {
      "vertices" : [ 3, 11, 19 ]
    }, {
      "vertices" : [ 14, 17, 22 ]
    }, {
      "vertices" : [ 14, 22, 19 ]
    }, {
      "vertices" : [ 0, 2, 53 ]
    }, {
      "vertices" : [ 0, 53, 21 ]
    }, {
      "vertices" : [ 49, 51, 52 ]
    }, {
      "vertices" : [ 49, 52, 53 ]
    }, {
      "vertices" : [ 31, 43, 42 ]
    }, {
      "vertices" : [ 31, 42, 59 ]
    }, {
      "vertices" : [ 31, 59, 32 ]
    }, {
      "vertices" : [ 15, 18, 50 ]
    }, {
      "vertices" : [ 42, 55, 56 ]
    }, {
      "vertices" : [ 42, 56, 59 ]
    }, {
      "vertices" : [ 4, 23, 29 ]
    }, {
      "vertices" : [ 4, 29, 30 ]
    }, {
      "vertices" : [ 25, 38, 26 ]
    }, {
      "vertices" : [ 13, 28, 18 ]
    }, {
      "vertices" : [ 13, 18, 17 ]
    }, {
      "vertices" : [ 13, 17, 14 ]
    }, {
      "vertices" : [ 8, 20, 31 ]
    }, {
      "vertices" : [ 8, 31, 32 ]
    }, {
      "vertices" : [ 23, 44, 29 ]
    }, {
      "vertices" : [ 24, 27, 46 ]
    }, {
      "vertices" : [ 37, 48, 52 ]
    }, {
      "vertices" : [ 37, 52, 51 ]
    }, {
      "vertices" : [ 37, 51, 38 ]
    }, {
      "vertices" : [ 20, 48, 31 ]
    }, {
      "vertices" : [ 24, 25, 26 ]
    }, {
      "vertices" : [ 24, 26, 27 ]
    }, {
      "vertices" : [ 16, 44, 23 ]
    }, {
      "vertices" : [ 16, 23, 22 ]
    }, {
      "vertices" : [ 13, 34, 35 ]
    }, {
      "vertices" : [ 13, 35, 28 ]
    }, {
      "vertices" : [ 10, 34, 12 ]
    }, {
      "vertices" : [ 10, 12, 54 ]
    }, {
      "vertices" : [ 2, 6, 5 ]
    }, {
      "vertices" : [ 2, 5, 49 ]
    }, {
      "vertices" : [ 2, 49, 53 ]
    }, {
      "vertices" : [ 36, 43, 37 ]
    }, {
      "vertices" : [ 5, 30, 33 ]
    }, {
      "vertices" : [ 5, 33, 49 ]
    }, {
      "vertices" : [ 1, 54, 12 ]
    }, {
      "vertices" : [ 1, 12, 11 ]
    }, {
      "vertices" : [ 1, 11, 39 ]
    }, {
      "vertices" : [ 28, 35, 57 ]
    }, {
      "vertices" : [ 21, 53, 52 ]
    } ]
  }, {
    "id" : "3c55ec1d-03ca-453b-98c6-df65d3c0b62a",
    "vertices" : [ {
      "x" : 30.416409,
      "y" : 0.309017,
      "z" : 0.19098301
    }, {
      "x" : 30.416409,
      "y" : 0.309017,
      "z" : -0.19098301
    }, {
      "x" : 1.0,
      "y" : 0.309017,
      "z" : -0.19098301
    }, {
      "x" : 1.0,
      "y" : 0.309017,
      "z" : 0.19098301
    }, {
      "x" : 30.416409,
      "y" : -0.309017,
      "z" : 0.19098301
    }, {
      "x" : 1.0,
      "y" : -0.309017,
      "z" : 0.19098301
    }, {
      "x" : 1.0,
      "y" : -0.309017,
      "z" : -0.19098301
    }, {
      "x" : 30.416409,
      "y" : -0.309017,
      "z" : -0.19098301
    }, {
      "x" : 31.416409,
      "y" : 0.0,
      "z" : 0.0
    } ],
    "faces" : [ {
      "vertices" : [ 1, 7, 6 ]
    }, {
      "vertices" : [ 1, 6, 2 ]
    }, {
      "vertices" : [ 0, 1, 2 ]
    }, {
      "vertices" : [ 0, 2, 3 ]
    }, {
      "vertices" : [ 4, 5, 6 ]
    }, {
      "vertices" : [ 4, 6, 7 ]
    }, {
      "vertices" : [ 0, 3, 5 ]
    }, {
      "vertices" : [ 0, 5, 4 ]
    } ]
  }, {
    "id" : "e2ae946e-e35a-473c-9b05-328598eea052",
    "vertices" : [ {
      "x" : -15.708204,
      "y" : -15.708204,
      "z" : 15.708204
    }, {
      "x" : -15.708204,
      "y" : -15.708204,
      "z" : -15.708204
    }, {
      "x" : -15.708204,
      "y" : 15.708204,
      "z" : -15.708204
    }, {
      "x" : -15.708204,
      "y" : 15.708204,
      "z" : 15.708204
    } ],
    "faces" : [ {
      "vertices" : [ 0, 1, 2 ]
    }, {
      "vertices" : [ 0, 2, 3 ]
    }, {
      "vertices" : [ 0, 3, 2 ]
    }, {
      "vertices" : [ 0, 2, 1 ]
    } ]
  }, {
    "id" : "dae2ced7-2b35-493e-93c5-90d40fe634fc",
    "vertices" : [ {
      "x" : -5.236068,
      "y" : -26.18034,
      "z" : 5.236068
    }, {
      "x" : 15.708204,
      "y" : -15.708204,
      "z" : -15.708204
    }, {
      "x" : 26.18034,
      "y" : 5.236068,
      "z" : 5.236068
    }, {
      "x" : 5.236068,
      "y" : -5.236068,
      "z" : 26.18034
    } ],
    "faces" : [ {
      "vertices" : [ 0, 1, 2 ]
    }, {
      "vertices" : [ 0, 2, 3 ]
    }, {
      "vertices" : [ 0, 3, 2 ]
    }, {
      "vertices" : [ 0, 2, 1 ]
    } ]
  }, {
    "id" : "4b2aa37a-8d54-4bf4-9816-b3da14d0c368",
    "vertices" : [ {
      "x" : 15.708204,
      "y" : 15.708204,
      "z" : 15.708204
    }, {
      "x" : 15.708204,
      "y" : -15.708204,
      "z" : 15.708204
    }, {
      "x" : -15.708204,
      "y" : -15.708204,
      "z" : 15.708204
    }, {
      "x" : -15.708204,
      "y" : 15.708204,
      "z" : 15.708204
    } ],
    "faces" : [ {
      "vertices" : [ 0, 1, 2 ]
    }, {
      "vertices" : [ 0, 2, 3 ]
    }, {
      "vertices" : [ 0, 3, 2 ]
    }, {
      "vertices" : [ 0, 2, 1 ]
    } ]
  }, {
    "id" : "83bdb4da-1a5f-4707-8a04-b595b068e090",
    "vertices" : [ {
      "x" : 5.236068,
      "y" : 5.236068,
      "z" : -26.18034
    }, {
      "x" : -15.708204,
      "y" : -15.708204,
      "z" : -15.708204
    }, {
      "x" : -26.18034,
      "y" : 5.236068,
      "z" : 5.236068
    }, {
      "x" : -5.236068,
      "y" : 26.18034,
      "z" : -5.236068
    } ],
    "faces" : [ {
      "vertices" : [ 0, 1, 2 ]
    }, {
      "vertices" : [ 0, 2, 3 ]
    }, {
      "vertices" : [ 0, 3, 2 ]
    }, {
      "vertices" : [ 0, 2, 1 ]
    } ]
  }, {
    "id" : "38c080e3-fbdb-41f8-b40c-a838892126aa",
    "vertices" : [ {
      "x" : 5.236068,
      "y" : -26.18034,
      "z" : -5.236068
    }, {
      "x" : -15.708204,
      "y" : -15.708204,
      "z" : 15.708204
    }, {
      "x" : -26.18034,
      "y" : 5.236068,
      "z" : -5.236068
    }, {
      "x" : -5.236068,
      "y" : -5.236068,
      "z" : -26.18034
    } ],
    "faces" : [ {
      "vertices" : [ 0, 1, 2 ]
    }, {
      "vertices" : [ 0, 2, 3 ]
    }, {
      "vertices" : [ 0, 3, 2 ]
    }, {
      "vertices" : [ 0, 2, 1 ]
    } ]
  }, {
    "id" : "b624d339-25f2-4c00-b8a4-9cd77cadcb4c",
    "vertices" : [ {
      "x" : 5.236068,
      "y" : -5.236068,
      "z" : 26.18034
    }, {
      "x" : -15.708204,
      "y" : 15.708204,
      "z" : 15.708204
    }, {
      "x" : -26.18034,
      "y" : -5.236068,
      "z" : -5.236068
    }, {
      "x" : -5.236068,
      "y" : -26.18034,
      "z" : 5.236068
    } ],
    "faces" : [ {
      "vertices" : [ 0, 1, 2 ]
    }, {
      "vertices" : [ 0, 2, 3 ]
    }, {
      "vertices" : [ 0, 3, 2 ]
    }, {
      "vertices" : [ 0, 2, 1 ]
    } ]
  }, {
    "id" : "984f3919-6489-4915-b6fe-e328a5035889",
    "vertices" : [ {
      "x" : 5.236068,
      "y" : -5.236068,
      "z" : -26.18034
    }, {
      "x" : -15.708204,
      "y" : 15.708204,
      "z" : -15.708204
    }, {
      "x" : 5.236068,
      "y" : 26.18034,
      "z" : 5.236068
    }, {
      "x" : 26.18034,
      "y" : 5.236068,
      "z" : -5.236068
    } ],
    "faces" : [ {
      "vertices" : [ 0, 1, 2 ]
    }, {
      "vertices" : [ 0, 2, 3 ]
    }, {
      "vertices" : [ 0, 3, 2 ]
    }, {
      "vertices" : [ 0, 2, 1 ]
    } ]
  }, {
    "id" : "9ed8ce9f-17c1-40d0-8c11-b79265e7533a",
    "vertices" : [ {
      "x" : 5.236068,
      "y" : 5.236068,
      "z" : 26.18034
    }, {
      "x" : -15.708204,
      "y" : -15.708204,
      "z" : 15.708204
    }, {
      "x" : 5.236068,
      "y" : -26.18034,
      "z" : -5.236068
    }, {
      "x" : 26.18034,
      "y" : -5.236068,
      "z" : 5.236068
    } ],
    "faces" : [ {
      "vertices" : [ 0, 1, 2 ]
    }, {
      "vertices" : [ 0, 2, 3 ]
    }, {
      "vertices" : [ 0, 3, 2 ]
    }, {
      "vertices" : [ 0, 2, 1 ]
    } ]
  }, {
    "id" : "71a6da79-6e00-4114-a682-bf1f4bd519c4",
    "vertices" : [ {
      "x" : -5.236068,
      "y" : 5.236068,
      "z" : -26.18034
    }, {
      "x" : 15.708204,
      "y" : -15.708204,
      "z" : -15.708204
    }, {
      "x" : -5.236068,
      "y" : -26.18034,
      "z" : 5.236068
    }, {
      "x" : -26.18034,
      "y" : -5.236068,
      "z" : -5.236068
    } ],
    "faces" : [ {
      "vertices" : [ 0, 1, 2 ]
    }, {
      "vertices" : [ 0, 2, 3 ]
    }, {
      "vertices" : [ 0, 3, 2 ]
    }, {
      "vertices" : [ 0, 2, 1 ]
    } ]
  }, {
    "id" : "94e81b98-829d-48ce-b703-6707ad9636de",
    "vertices" : [ {
      "x" : -15.708204,
      "y" : -15.708204,
      "z" : -15.708204
    }, {
      "x" : -15.708204,
      "y" : -15.708204,
      "z" : 15.708204
    }, {
      "x" : 15.708204,
      "y" : -15.708204,
      "z" : 15.708204
    }, {
      "x" : 15.708204,
      "y" : -15.708204,
      "z" : -15.708204
    } ],
    "faces" : [ {
      "vertices" : [ 0, 1, 2 ]
    }, {
      "vertices" : [ 0, 2, 3 ]
    }, {
      "vertices" : [ 0, 3, 2 ]
    }, {
      "vertices" : [ 0, 2, 1 ]
    } ]
  }, {
    "id" : "de2e9109-ae33-47e4-aa91-a37d4490cf80",
    "vertices" : [ {
      "x" : -5.236068,
      "y" : -5.236068,
      "z" : -26.18034
    }, {
      "x" : 15.708204,
      "y" : 15.708204,
      "z" : -15.708204
    }, {
      "x" : 26.18034,
      "y" : -5.236068,
      "z" : 5.236068
    }, {
      "x" : 5.236068,
      "y" : -26.18034,
      "z" : -5.236068
    } ],
    "faces" : [ {
      "vertices" : [ 0, 1, 2 ]
    }, {
      "vertices" : [ 0, 2, 3 ]
    }, {
      "vertices" : [ 0, 3, 2 ]
    }, {
      "vertices" : [ 0, 2, 1 ]
    } ]
  }, {
    "id" : "1458e602-c4d2-4512-a928-9a8e9fb2ba34",
    "vertices" : [ {
      "x" : -15.708204,
      "y" : -15.708204,
      "z" : -15.708204
    }, {
      "x" : 15.708204,
      "y" : -15.708204,
      "z" : -15.708204
    }, {
      "x" : 15.708204,
      "y" : 15.708204,
      "z" : -15.708204
    }, {
      "x" : -15.708204,
      "y" : 15.708204,
      "z" : -15.708204
    } ],
    "faces" : [ {
      "vertices" : [ 0, 1, 2 ]
    }, {
      "vertices" : [ 0, 2, 3 ]
    }, {
      "vertices" : [ 0, 3, 2 ]
    }, {
      "vertices" : [ 0, 2, 1 ]
    } ]
  }, {
    "id" : "ec2eb010-1ce5-46d8-b764-52c1f34c0e61",
    "vertices" : [ {
      "x" : 5.236068,
      "y" : 26.18034,
      "z" : -5.236068
    }, {
      "x" : -15.708204,
      "y" : 15.708204,
      "z" : 15.708204
    }, {
      "x" : 5.236068,
      "y" : -5.236068,
      "z" : 26.18034
    }, {
      "x" : 26.18034,
      "y" : 5.236068,
      "z" : 5.236068
    } ],
    "faces" : [ {
      "vertices" : [ 0, 1, 2 ]
    }, {
      "vertices" : [ 0, 2, 3 ]
    }, {
      "vertices" : [ 0, 3, 2 ]
    }, {
      "vertices" : [ 0, 2, 1 ]
    } ]
  }, {
    "id" : "0a69a980-7ed0-4288-84aa-19be8f1aac39",
    "vertices" : [ {
      "x" : -26.18034,
      "y" : 5.236068,
      "z" : -5.236068
    }, {
      "x" : -15.708204,
      "y" : -15.708204,
      "z" : 15.708204
    }, {
      "x" : 5.236068,
      "y" : 5.236068,
      "z" : 26.18034
    }, {
      "x" : -5.236068,
      "y" : 26.18034,
      "z" : 5.236068
    } ],
    "faces" : [ {
      "vertices" : [ 0, 1, 2 ]
    }, {
      "vertices" : [ 0, 2, 3 ]
    }, {
      "vertices" : [ 0, 3, 2 ]
    }, {
      "vertices" : [ 0, 2, 1 ]
    } ]
  }, {
    "id" : "4313e2b1-92de-4529-a0cc-00411f6a7a3b",
    "vertices" : [ {
      "x" : -5.236068,
      "y" : 26.18034,
      "z" : -5.236068
    }, {
      "x" : 15.708204,
      "y" : 15.708204,
      "z" : 15.708204
    }, {
      "x" : 26.18034,
      "y" : -5.236068,
      "z" : -5.236068
    }, {
      "x" : 5.236068,
      "y" : 5.236068,
      "z" : -26.18034
    } ],
    "faces" : [ {
      "vertices" : [ 0, 1, 2 ]
    }, {
      "vertices" : [ 0, 2, 3 ]
    }, {
      "vertices" : [ 0, 3, 2 ]
    }, {
      "vertices" : [ 0, 2, 1 ]
    } ]
  }, {
    "id" : "1c92eea3-4e2a-48be-a976-ed608eee5011",
    "vertices" : [ {
      "x" : -5.236068,
      "y" : -5.236068,
      "z" : 26.18034
    }, {
      "x" : 15.708204,
      "y" : 15.708204,
      "z" : 15.708204
    }, {
      "x" : -5.236068,
      "y" : 26.18034,
      "z" : -5.236068
    }, {
      "x" : -26.18034,
      "y" : 5.236068,
      "z" : 5.236068
    } ],
    "faces" : [ {
      "vertices" : [ 0, 1, 2 ]
    }, {
      "vertices" : [ 0, 2, 3 ]
    }, {
      "vertices" : [ 0, 3, 2 ]
    }, {
      "vertices" : [ 0, 2, 1 ]
    } ]
  }, {
    "id" : "ac022254-76b8-4638-a7e5-6b52a6af9af2",
    "vertices" : [ {
      "x" : 26.18034,
      "y" : -5.236068,
      "z" : -5.236068
    }, {
      "x" : 15.708204,
      "y" : 15.708204,
      "z" : 15.708204
    }, {
      "x" : -5.236068,
      "y" : -5.236068,
      "z" : 26.18034
    }, {
      "x" : 5.236068,
      "y" : -26.18034,
      "z" : 5.236068
    } ],
    "faces" : [ {
      "vertices" : [ 0, 1, 2 ]
    }, {
      "vertices" : [ 0, 2, 3 ]
    }, {
      "vertices" : [ 0, 3, 2 ]
    }, {
      "vertices" : [ 0, 2, 1 ]
    } ]
  }, {
    "id" : "fab23767-6796-4149-8f43-518082063cdb",
    "vertices" : [ {
      "x" : -5.236068,
      "y" : 5.236068,
      "z" : 26.18034
    }, {
      "x" : 15.708204,
      "y" : -15.708204,
      "z" : 15.708204
    }, {
      "x" : 26.18034,
      "y" : 5.236068,
      "z" : -5.236068
    }, {
      "x" : 5.236068,
      "y" : 26.18034,
      "z" : 5.236068
    } ],
    "faces" : [ {
      "vertices" : [ 0, 1, 2 ]
    }, {
      "vertices" : [ 0, 2, 3 ]
    }, {
      "vertices" : [ 0, 3, 2 ]
    }, {
      "vertices" : [ 0, 2, 1 ]
    } ]
  }, {
    "id" : "667f6ec4-47d5-485a-89e4-98c0faee3a2a",
    "vertices" : [ {
      "x" : -5.236068,
      "y" : 26.18034,
      "z" : 5.236068
    }, {
      "x" : 15.708204,
      "y" : 15.708204,
      "z" : -15.708204
    }, {
      "x" : -5.236068,
      "y" : -5.236068,
      "z" : -26.18034
    }, {
      "x" : -26.18034,
      "y" : 5.236068,
      "z" : -5.236068
    } ],
    "faces" : [ {
      "vertices" : [ 0, 1, 2 ]
    }, {
      "vertices" : [ 0, 2, 3 ]
    }, {
      "vertices" : [ 0, 3, 2 ]
    }, {
      "vertices" : [ 0, 2, 1 ]
    } ]
  }, {
    "id" : "23c1d181-c692-489c-9e59-3a470f6f1a9f",
    "vertices" : [ {
      "x" : 15.708204,
      "y" : -15.708204,
      "z" : -15.708204
    }, {
      "x" : 15.708204,
      "y" : -15.708204,
      "z" : 15.708204
    }, {
      "x" : 15.708204,
      "y" : 15.708204,
      "z" : 15.708204
    }, {
      "x" : 15.708204,
      "y" : 15.708204,
      "z" : -15.708204
    } ],
    "faces" : [ {
      "vertices" : [ 0, 1, 2 ]
    }, {
      "vertices" : [ 0, 2, 3 ]
    }, {
      "vertices" : [ 0, 3, 2 ]
    }, {
      "vertices" : [ 0, 2, 1 ]
    } ]
  }, {
    "id" : "5e82b94b-1933-41ca-9916-635682e94314",
    "vertices" : [ {
      "x" : -26.18034,
      "y" : -5.236068,
      "z" : 5.236068
    }, {
      "x" : -15.708204,
      "y" : 15.708204,
      "z" : -15.708204
    }, {
      "x" : 5.236068,
      "y" : -5.236068,
      "z" : -26.18034
    }, {
      "x" : -5.236068,
      "y" : -26.18034,
      "z" : -5.236068
    } ],
    "faces" : [ {
      "vertices" : [ 0, 1, 2 ]
    }, {
      "vertices" : [ 0, 2, 3 ]
    }, {
      "vertices" : [ 0, 3, 2 ]
    }, {
      "vertices" : [ 0, 2, 1 ]
    } ]
  }, {
    "id" : "2f7d12bf-1e33-4245-92fc-5f26b183fc91",
    "vertices" : [ {
      "x" : -26.18034,
      "y" : 5.236068,
      "z" : 5.236068
    }, {
      "x" : -15.708204,
      "y" : -15.708204,
      "z" : -15.708204
    }, {
      "x" : 5.236068,
      "y" : -26.18034,
      "z" : 5.236068
    }, {
      "x" : -5.236068,
      "y" : -5.236068,
      "z" : 26.18034
    } ],
    "faces" : [ {
      "vertices" : [ 0, 1, 2 ]
    }, {
      "vertices" : [ 0, 2, 3 ]
    }, {
      "vertices" : [ 0, 3, 2 ]
    }, {
      "vertices" : [ 0, 2, 1 ]
    } ]
  }, {
    "id" : "4e0a21ec-9c1a-4cdb-9d8f-00d2706c5670",
    "vertices" : [ {
      "x" : -5.236068,
      "y" : -26.18034,
      "z" : -5.236068
    }, {
      "x" : 15.708204,
      "y" : -15.708204,
      "z" : 15.708204
    }, {
      "x" : -5.236068,
      "y" : 5.236068,
      "z" : 26.18034
    }, {
      "x" : -26.18034,
      "y" : -5.236068,
      "z" : 5.236068
    } ],
    "faces" : [ {
      "vertices" : [ 0, 1, 2 ]
    }, {
      "vertices" : [ 0, 2, 3 ]
    }, {
      "vertices" : [ 0, 3, 2 ]
    }, {
      "vertices" : [ 0, 2, 1 ]
    } ]
  }, {
    "id" : "e27ded97-9c19-4426-9247-2934cd19b10c",
    "vertices" : [ {
      "x" : -26.18034,
      "y" : -5.236068,
      "z" : -5.236068
    }, {
      "x" : -15.708204,
      "y" : 15.708204,
      "z" : 15.708204
    }, {
      "x" : 5.236068,
      "y" : 26.18034,
      "z" : -5.236068
    }, {
      "x" : -5.236068,
      "y" : 5.236068,
      "z" : -26.18034
    } ],
    "faces" : [ {
      "vertices" : [ 0, 1, 2 ]
    }, {
      "vertices" : [ 0, 2, 3 ]
    }, {
      "vertices" : [ 0, 3, 2 ]
    }, {
      "vertices" : [ 0, 2, 1 ]
    } ]
  }, {
    "id" : "159aad99-55f5-482a-add3-4f92b9933f9d",
    "vertices" : [ {
      "x" : 26.18034,
      "y" : 5.236068,
      "z" : 5.236068
    }, {
      "x" : 15.708204,
      "y" : -15.708204,
      "z" : -15.708204
    }, {
      "x" : -5.236068,
      "y" : 5.236068,
      "z" : -26.18034
    }, {
      "x" : 5.236068,
      "y" : 26.18034,
      "z" : -5.236068
    } ],
    "faces" : [ {
      "vertices" : [ 0, 1, 2 ]
    }, {
      "vertices" : [ 0, 2, 3 ]
    }, {
      "vertices" : [ 0, 3, 2 ]
    }, {
      "vertices" : [ 0, 2, 1 ]
    } ]
  }, {
    "id" : "907a35f2-6cc6-41fb-b45a-667b08634f9e",
    "vertices" : [ {
      "x" : 5.236068,
      "y" : 26.18034,
      "z" : 5.236068
    }, {
      "x" : -15.708204,
      "y" : 15.708204,
      "z" : -15.708204
    }, {
      "x" : -26.18034,
      "y" : -5.236068,
      "z" : 5.236068
    }, {
      "x" : -5.236068,
      "y" : 5.236068,
      "z" : 26.18034
    } ],
    "faces" : [ {
      "vertices" : [ 0, 1, 2 ]
    }, {
      "vertices" : [ 0, 2, 3 ]
    }, {
      "vertices" : [ 0, 3, 2 ]
    }, {
      "vertices" : [ 0, 2, 1 ]
    } ]
  }, {
    "id" : "609929b2-464a-4235-b134-0dcce56554b8",
    "vertices" : [ {
      "x" : 15.708204,
      "y" : 15.708204,
      "z" : 15.708204
    }, {
      "x" : -15.708204,
      "y" : 15.708204,
      "z" : 15.708204
    }, {
      "x" : -15.708204,
      "y" : 15.708204,
      "z" : -15.708204
    }, {
      "x" : 15.708204,
      "y" : 15.708204,
      "z" : -15.708204
    } ],
    "faces" : [ {
      "vertices" : [ 0, 1, 2 ]
    }, {
      "vertices" : [ 0, 2, 3 ]
    }, {
      "vertices" : [ 0, 3, 2 ]
    }, {
      "vertices" : [ 0, 2, 1 ]
    } ]
  } ],
  "instances" : [ {
    "shape" : "ab0787d1-1dd5-4b3f-ae0e-5863a0b423f0",
    "color" : "#FFFFFF",
    "position" : {
      "x" : -26.18034,
      "y" : 5.236068,
      "z" : 5.236068
    },
    "orientation" : 46
  }, {
    "shape" : "10ab44cd-0d4f-4458-b491-c06fff29a1a6",
    "color" : "#FFFF00",
    "position" : {
      "x" : 0.0,
      "y" : 0.0,
      "z" : 0.0
    }
  }, {
    "shape" : "6ed4cbe7-7a53-4abc-81ed-8c355b735c47",
    "color" : "#00CC00",
    "position" : {
      "x" : 0.0,
      "y" : 0.0,
      "z" : 0.0
    }
  }, {
    "shape" : "ab0787d1-1dd5-4b3f-ae0e-5863a0b423f0",
    "color" : "#FFFFFF",
    "position" : {
      "x" : -15.708204,
      "y" : 15.708204,
      "z" : -15.708204
    },
    "orientation" : 1
  }, {
    "shape" : "ab0787d1-1dd5-4b3f-ae0e-5863a0b423f0",
    "color" : "#FFFFFF",
    "position" : {
      "x" : 26.18034,
      "y" : -5.236068,
      "z" : -5.236068
    },
    "orientation" : 32
  }, {
    "shape" : "7cc7b5bf-4af6-4636-8916-3958047fdb87",
    "color" : "#CC0000",
    "position" : {
      "x" : 0.0,
      "y" : 0.0,
      "z" : 0.0
    }
  }, {
    "shape" : "ab0787d1-1dd5-4b3f-ae0e-5863a0b423f0",
    "color" : "#FFFFFF",
    "position" : {
      "x" : -5.236068,
      "y" : 26.18034,
      "z" : -5.236068
    },
    "orientation" : 15
  }, {
    "shape" : "bf300908-69af-4f6f-9184-95e5b72761ab",
    "color" : "#FFFFFF",
    "position" : {
      "x" : -26.18034,
      "y" : -5.236068,
      "z" : 5.236068
    }
  }, {
    "shape" : "ab0787d1-1dd5-4b3f-ae0e-5863a0b423f0",
    "color" : "#FFFFFF",
    "position" : {
      "x" : -5.236068,
      "y" : -26.18034,
      "z" : 5.236068
    },
    "orientation" : 31
  }, {
    "shape" : "ab0787d1-1dd5-4b3f-ae0e-5863a0b423f0",
    "color" : "#FFFFFF",
    "position" : {
      "x" : -5.236068,
      "y" : 5.236068,
      "z" : 26.18034
    },
    "orientation" : 30
  }, {
    "shape" : "3c55ec1d-03ca-453b-98c6-df65d3c0b62a",
    "color" : "#FFFFFF",
    "position" : {
      "x" : -15.708204,
      "y" : 15.708204,
      "z" : -15.708204
    },
    "orientation" : 2
  }, {
    "shape" : "bf300908-69af-4f6f-9184-95e5b72761ab",
    "color" : "#FFFFFF",
    "position" : {
      "x" : 5.236068,
      "y" : 26.18034,
      "z" : 5.236068
    }
  }, {
    "shape" : "ab0787d1-1dd5-4b3f-ae0e-5863a0b423f0",
    "color" : "#FFFFFF",
    "position" : {
      "x" : 5.236068,
      "y" : 5.236068,
      "z" : 26.18034
    },
    "orientation" : 16
  }, {
    "shape" : "e2ae946e-e35a-473c-9b05-328598eea052",
    "color" : "#CCCCCC",
    "position" : {
      "x" : 0.0,
      "y" : 0.0,
      "z" : 0.0
    }
  }, {
    "shape" : "bf300908-69af-4f6f-9184-95e5b72761ab",
    "color" : "#FFFFFF",
    "position" : {
      "x" : -5.236068,
      "y" : -26.18034,
      "z" : 5.236068
    }
  }, {
    "shape" : "dae2ced7-2b35-493e-93c5-90d40fe634fc",
    "color" : "#0000FF",
    "position" : {
      "x" : 0.0,
      "y" : 0.0,
      "z" : 0.0
    }
  }, {
    "shape" : "ab0787d1-1dd5-4b3f-ae0e-5863a0b423f0",
    "color" : "#FFFFFF",
    "position" : {
      "x" : -15.708204,
      "y" : -15.708204,
      "z" : 15.708204
    },
    "orientation" : 45
  }, {
    "shape" : "3c55ec1d-03ca-453b-98c6-df65d3c0b62a",
    "color" : "#FFFFFF",
    "position" : {
      "x" : 15.708204,
      "y" : 15.708204,
      "z" : 15.708204
    },
    "orientation" : 47
  }, {
