{
  "field" : "golden",
  "symmetry" : "icosahedral",
  "orientations" : [ [ 1.0, 0.0, 0.0, 0.0, 0.0, 1.0, 0.0, 0.0, 0.0, 0.0, 1.0, 0.0, 0.0, 0.0, 0.0, 1.0 ], [ 0.0, 0.0, 1.0, 0.0, 1.0, 0.0, 0.0, 0.0, 0.0, 1.0, 0.0, 0.0, 0.0, 0.0, 0.0, 1.0 ], [ 0.0, 1.0, 0.0, 0.0, 0.0, 0.0, 1.0, 0.0, 1.0, 0.0, 0.0, 0.0, 0.0, 0.0, 0.0, 1.0 ], [ 0.809017, 0.309017, 0.5, 0.0, 0.309017, 0.5, -0.809017, 0.0, -0.5, 0.809017, 0.309017, 0.0, 0.0, 0.0, 0.0, 1.0 ], [ -0.5, 0.809017, 0.309017, 0.0, 0.809017, 0.309017, 0.5, 0.0, 0.309017, 0.5, -0.809017, 0.0, 0.0, 0.0, 0.0, 1.0 ], [ 0.309017, 0.5, -0.809017, 0.0, -0.5, 0.809017, 0.309017, 0.0, 0.809017, 0.309017, 0.5, 0.0, 0.0, 0.0, 0.0, 1.0 ], [ 0.5, 0.809017, 0.309017, 0.0, 0.809017, -0.309017, -0.5, 0.0, -0.309017, 0.5, -0.809017, 0.0, 0.0, 0.0, 0.0, 1.0 ], [ -0.309017, 0.5, -0.809017, 0.0, 0.5, 0.809017, 0.309017, 0.0, 0.809017, -0.309017, -0.5, 0.0, 0.0, 0.0, 0.0, 1.0 ], [ 0.809017, -0.309017, -0.5, 0.0, -0.309017, 0.5, -0.809017, 0.0, 0.5, 0.809017, 0.309017, 0.0, 0.0, 0.0, 0.0, 1.0 ], [ 0.5, 0.809017, -0.309017, 0.0, 0.809017, -0.309017, 0.5, 0.0, 0.309017, -0.5, -0.809017, 0.0, 0.0, 0.0, 0.0, 1.0 ], [ 0.309017, -0.5, -0.809017, 0.0, 0.5, 0.809017, -0.309017, 0.0, 0.809017, -0.309017, 0.5, 0.0, 0.0, 0.0, 0.0, 1.0 ], [ 0.809017, -0.309017, 0.5, 0.0, 0.309017, -0.5, -0.809017, 0.0, 0.5, 0.809017, -0.309017, 0.0, 0.0, 0.0, 0.0, 1.0 ], [ 0.809017, 0.309017, -0.5, 0.0, 0.309017, 0.5, 0.809017, 0.0, 0.5, -0.809017, 0.309017, 0.0, 0.0, 0.0, 0.0, 1.0 ], [ 0.5, -0.809017, 0.309017, 0.0, 0.809017, 0.309017, -0.5, 0.0, 0.309017, 0.5, 0.809017, 0.0, 0.0, 0.0, 0.0, 1.0 ], [ 0.309017, 0.5, 0.809017, 0.0, 0.5, -0.809017, 0.309017, 0.0, 0.809017, 0.309017, -0.5, 0.0, 0.0, 0.0, 0.0, 1.0 ], [ 1.0, 0.0, 0.0, 0.0, 0.0, -1.0, 0.0, 0.0, 0.0, 0.0, -1.0, 0.0, 0.0, 0.0, 0.0, 1.0 ], [ 0.0, 0.0, 1.0, 0.0, -1.0, 0.0, 0.0, 0.0, 0.0, -1.0, 0.0, 0.0, 0.0, 0.0, 0.0, 1.0 ], [ 0.0, 1.0, 0.0, 0.0, 0.0, 0.0, -1.0, 0.0, -1.0, 0.0, 0.0, 0.0, 0.0, 0.0, 0.0, 1.0 ], [ 0.809017, 0.309017, 0.5, 0.0, -0.309017, -0.5, 0.809017, 0.0, 0.5, -0.809017, -0.309017, 0.0, 0.0, 0.0, 0.0, 1.0 ], [ -0.5, 0.809017, 0.309017, 0.0, -0.809017, -0.309017, -0.5, 0.0, -0.309017, -0.5, 0.809017, 0.0, 0.0, 0.0, 0.0, 1.0 ], [ 0.309017, 0.5, -0.809017, 0.0, 0.5, -0.809017, -0.309017, 0.0, -0.809017, -0.309017, -0.5, 0.0, 0.0, 0.0, 0.0, 1.0 ], [ 0.5, 0.809017, 0.309017, 0.0, -0.809017, 0.309017, 0.5, 0.0, 0.309017, -0.5, 0.809017, 0.0, 0.0, 0.0, 0.0, 1.0 ], [ -0.309017, 0.5, -0.809017, 0.0, -0.5, -0.809017, -0.309017, 0.0, -0.809017, 0.309017, 0.5, 0.0, 0.0, 0.0, 0.0, 1.0 ], [ 0.809017, -0.309017, -0.5, 0.0, 0.309017, -0.5, 0.809017, 0.0, -0.5, -0.809017, -0.309017, 0.0, 0.0, 0.0, 0.0, 1.0 ], [ 0.5, 0.809017, -0.309017, 0.0, -0.809017, 0.309017, -0.5, 0.0, -0.309017, 0.5, 0.809017, 0.0, 0.0, 0.0, 0.0, 1.0 ], [ 0.309017, -0.5, -0.809017, 0.0, -0.5, -0.809017, 0.309017, 0.0, -0.809017, 0.309017, -0.5, 0.0, 0.0, 0.0, 0.0, 1.0 ], [ 0.809017, -0.309017, 0.5, 0.0, -0.309017, 0.5, 0.809017, 0.0, -0.5, -0.809017, 0.309017, 0.0, 0.0, 0.0, 0.0, 1.0 ], [ 0.809017, 0.309017, -0.5, 0.0, -0.309017, -0.5, -0.809017, 0.0, -0.5, 0.809017, -0.309017, 0.0, 0.0, 0.0, 0.0, 1.0 ], [ 0.5, -0.809017, 0.309017, 0.0, -0.809017, -0.309017, 0.5, 0.0, -0.309017, -0.5, -0.809017, 0.0, 0.0, 0.0, 0.0, 1.0 ], [ 0.309017, 0.5, 0.809017, 0.0, -0.5, 0.809017, -0.309017, 0.0, -0.809017, -0.309017, 0.5, 0.0, 0.0, 0.0, 0.0, 1.0 ], [ -1.0, 0.0, 0.0, 0.0, 0.0, -1.0, 0.0, 0.0, 0.0, 0.0, 1.0, 0.0, 0.0, 0.0, 0.0, 1.0 ], [ 0.0, 0.0, -1.0, 0.0, -1.0, 0.0, 0.0, 0.0, 0.0, 1.0, 0.0, 0.0, 0.0, 0.0, 0.0, 1.0 ], [ 0.0, -1.0, 0.0, 0.0, 0.0, 0.0, -1.0, 0.0, 1.0, 0.0, 0.0, 0.0, 0.0, 0.0, 0.0, 1.0 ], [ -0.809017, -0.309017, -0.5, 0.0, -0.309017, -0.5, 0.809017, 0.0, -0.5, 0.809017, 0.309017, 0.0, 0.0, 0.0, 0.0, 1.0 ], [ 0.5, -0.809017, -0.309017, 0.0, -0.809017, -0.309017, -0.5, 0.0, 0.309017, 0.5, -0.809017, 0.0, 0.0, 0.0, 0.0, 1.0 ], [ -0.309017, -0.5, 0.809017, 0.0, 0.5, -0.809017, -0.309017, 0.0, 0.809017, 0.309017, 0.5, 0.0, 0.0, 0.0, 0.0, 1.0 ], [ -0.5, -0.809017, -0.309017, 0.0, -0.809017, 0.309017, 0.5, 0.0, -0.309017, 0.5, -0.809017, 0.0, 0.0, 0.0, 0.0, 1.0 ], [ 0.309017, -0.5, 0.809017, 0.0, -0.5, -0.809017, -0.309017, 0.0, 0.809017, -0.309017, -0.5, 0.0, 0.0, 0.0, 0.0, 1.0 ], [ -0.809017, 0.309017, 0.5, 0.0, 0.309017, -0.5, 0.809017, 0.0, 0.5, 0.809017, 0.309017, 0.0, 0.0, 0.0, 0.0, 1.0 ], [ -0.5, -0.809017, 0.309017, 0.0, -0.809017, 0.309017, -0.5, 0.0, 0.309017, -0.5, -0.809017, 0.0, 0.0, 0.0, 0.0, 1.0 ], [ -0.309017, 0.5, 0.809017, 0.0, -0.5, -0.809017, 0.309017, 0.0, 0.809017, -0.309017, 0.5, 0.0, 0.0, 0.0, 0.0, 1.0 ], [ -0.809017, 0.309017, -0.5, 0.0, -0.309017, 0.5, 0.809017, 0.0, 0.5, 0.809017, -0.309017, 0.0, 0.0, 0.0, 0.0, 1.0 ], [ -0.809017, -0.309017, 0.5, 0.0, -0.309017, -0.5, -0.809017, 0.0, 0.5, -0.809017, 0.309017, 0.0, 0.0, 0.0, 0.0, 1.0 ], [ -0.5, 0.809017, -0.309017, 0.0, -0.809017, -0.309017, 0.5, 0.0, 0.309017, 0.5, 0.809017, 0.0, 0.0, 0.0, 0.0, 1.0 ], [ -0.309017, -0.5, -0.809017, 0.0, -0.5, 0.809017, -0.309017, 0.0, 0.809017, 0.309017, -0.5, 0.0, 0.0, 0.0, 0.0, 1.0 ], [ -1.0, 0.0, 0.0, 0.0, 0.0, 1.0, 0.0, 0.0, 0.0, 0.0, -1.0, 0.0, 0.0, 0.0, 0.0, 1.0 ], [ 0.0, 0.0, -1.0, 0.0, 1.0, 0.0, 0.0, 0.0, 0.0, -1.0, 0.0, 0.0, 0.0, 0.0, 0.0, 1.0 ], [ 0.0, -1.0, 0.0, 0.0, 0.0, 0.0, 1.0, 0.0, -1.0, 0.0, 0.0, 0.0, 0.0, 0.0, 0.0, 1.0 ], [ -0.809017, -0.309017, -0.5, 0.0, 0.309017, 0.5, -0.809017, 0.0, 0.5, -0.809017, -0.309017, 0.0, 0.0, 0.0, 0.0, 1.0 ], [ 0.5, -0.809017, -0.309017, 0.0, 0.809017, 0.309017, 0.5, 0.0, -0.309017, -0.5, 0.809017, 0.0, 0.0, 0.0, 0.0, 1.0 ], [ -0.309017, -0.5, 0.809017, 0.0, -0.5, 0.809017, 0.309017, 0.0, -0.809017, -0.309017, -0.5, 0.0, 0.0, 0.0, 0.0, 1.0 ], [ -0.5, -0.809017, -0.309017, 0.0, 0.809017, -0.309017, -0.5, 0.0, 0.309017, -0.5, 0.809017, 0.0, 0.0, 0.0, 0.0, 1.0 ], [ 0.309017, -0.5, 0.809017, 0.0, 0.5, 0.809017, 0.309017, 0.0, -0.809017, 0.309017, 0.5, 0.0, 0.0, 0.0, 0.0, 1.0 ], [ -0.809017, 0.309017, 0.5, 0.0, -0.309017, 0.5, -0.809017, 0.0, -0.5, -0.809017, -0.309017, 0.0, 0.0, 0.0, 0.0, 1.0 ], [ -0.5, -0.809017, 0.309017, 0.0, 0.809017, -0.309017, 0.5, 0.0, -0.309017, 0.5, 0.809017, 0.0, 0.0, 0.0, 0.0, 1.0 ], [ -0.309017, 0.5, 0.809017, 0.0, 0.5, 0.809017, -0.309017, 0.0, -0.809017, 0.309017, -0.5, 0.0, 0.0, 0.0, 0.0, 1.0 ], [ -0.809017, 0.309017, -0.5, 0.0, 0.309017, -0.5, -0.809017, 0.0, -0.5, -0.809017, 0.309017, 0.0, 0.0, 0.0, 0.0, 1.0 ], [ -0.809017, -0.309017, 0.5, 0.0, 0.309017, 0.5, 0.809017, 0.0, -0.5, 0.809017, -0.309017, 0.0, 0.0, 0.0, 0.0, 1.0 ], [ -0.5, 0.809017, -0.309017, 0.0, 0.809017, 0.309017, -0.5, 0.0, -0.309017, -0.5, -0.809017, 0.0, 0.0, 0.0, 0.0, 1.0 ], [ -0.309017, -0.5, -0.809017, 0.0, 0.5, -0.809017, 0.309017, 0.0, -0.809017, -0.309017, 0.5, 0.0, 0.0, 0.0, 0.0, 1.0 ] ],
  "lights" : {
    "ambientColor" : "#292929",
    "backgroundColor" : "#E0EFFF",
    "directionalLights" : [ {
      "direction" : {
        "x" : 1.0,
        "y" : -1.0,
        "z" : -1.0
      },
      "color" : "#EBEBE4"
    }, {
      "direction" : {
        "x" : -1.0,
        "y" : 0.0,
        "z" : 0.0
      },
      "color" : "#E4E4EB"
    }, {
      "direction" : {
        "x" : 0.0,
        "y" : 0.0,
        "z" : -1.0
      },
      "color" : "#1E1E1E"
    } ]
  },
  "camera" : {
    "lookDirection" : {
      "x" : 0.012793245,
      "y" : 0.024909407,
      "z" : -0.99960226
    },
    "upDirection" : {
      "x" : 0.001338038,
      "y" : 0.9996886,
      "z" : 0.024928194
    },
    "lookAtPoint" : {
      "x" : 0.0,
      "y" : 0.0,
      "z" : 0.0
    },
    "perspective" : false,
    "viewDistance" : 218.9579,
    "nearClipDistance" : 0.54739517,
    "farClipDistance" : 437.9169,
    "fieldOfView" : 0.44262984,
    "stereo" : false,
    "width" : 98.53127,
    "position" : {
      "x" : -2.801182,
      "y" : -5.4541116,
      "z" : 218.87082
    }
  },
  "embedding" : [ 1.0, 0.0, 0.0, 0.0, 0.0, 1.0, 0.0, 0.0, 0.0, 0.0, 1.0, 0.0, 0.0, 0.0, 0.0, 1.0 ],
  "shapes" : [ {
    "id" : "348a6888-c9da-4679-96df-3d659ea5553d",
    "vertices" : [ {
      "x" : 1.0,
      "y" : 0.309017,
      "z" : 0.19098301
    }, {
      "x" : 1.0,
      "y" : -0.309017,
      "z" : 0.19098301
    }, {
      "x" : 7.472136,
      "y" : -0.309017,
      "z" : 0.19098301
    }, {
      "x" : 7.472136,
      "y" : 0.309017,
      "z" : 0.19098301
    }, {
      "x" : 7.472136,
      "y" : -0.309017,
      "z" : -0.19098301
    }, {
      "x" : 7.472136,
      "y" : 0.309017,
      "z" : -0.19098301
    }, {
      "x" : 8.09017,
      "y" : 0.0,
      "z" : 0.0
    }, {
      "x" : 0.38196602,
      "y" : 0.0,
      "z" : 0.0
    }, {
      "x" : 1.0,
      "y" : 0.309017,
      "z" : -0.19098301
    }, {
      "x" : 1.0,
      "y" : -0.309017,
      "z" : -0.19098301
    }, {
      "x" : 8.472136,
      "y" : 0.0,
      "z" : 0.0
    } ],
    "faces" : [ {
      "vertices" : [ 1, 9, 4 ]
    }, {
      "vertices" : [ 1, 4, 2 ]
    }, {
      "vertices" : [ 0, 3, 5 ]
    }, {
      "vertices" : [ 0, 5, 8 ]
    }, {
      "vertices" : [ 1, 7, 9 ]
    }, {
      "vertices" : [ 0, 1, 2 ]
    }, {
      "vertices" : [ 0, 2, 3 ]
    }, {
      "vertices" : [ 7, 8, 9 ]
    }, {
      "vertices" : [ 0, 7, 1 ]
    }, {
      "vertices" : [ 4, 9, 8 ]
    }, {
      "vertices" : [ 4, 8, 5 ]
    }, {
      "vertices" : [ 2, 6, 3 ]
    }, {
      "vertices" : [ 2, 4, 6 ]
    }, {
      "vertices" : [ 3, 6, 5 ]
    }, {
      "vertices" : [ 4, 5, 6 ]
    }, {
      "vertices" : [ 0, 8, 7 ]
    } ]
  }, {
    "id" : "70f6d3eb-4dc2-446c-a2fa-1085ea1d519c",
    "vertices" : [ {
      "x" : 13.708204,
      "y" : 15.326238,
      "z" : -6.854102
    }, {
      "x" : 16.326239,
      "y" : 19.562305,
      "z" : 0.0
    }, {
      "x" : 20.562305,
      "y" : 12.708204,
      "z" : -2.618034
    } ],
    "faces" : [ {
      "vertices" : [ 0, 1, 2 ]
    }, {
      "vertices" : [ 0, 2, 1 ]
    } ]
  }, {
    "id" : "441362e7-26ef-4bec-821b-272b10403ebd",
    "vertices" : [ {
      "x" : -13.708204,
      "y" : 2.618034,
      "z" : -4.236068
    }, {
      "x" : -20.562305,
      "y" : 0.0,
      "z" : 0.0
    }, {
      "x" : -17.944271,
      "y" : -4.236068,
      "z" : -6.854102
    } ],
    "faces" : [ {
      "vertices" : [ 0, 1, 2 ]
    }, {
      "vertices" : [ 0, 2, 1 ]
    } ]
  }, {
    "id" : "64e9facf-bdf0-4697-89e2-e8ac137088e4",
    "vertices" : [ {
      "x" : 7.545085,
      "y" : 2.881966,
      "z" : -1.100813
    }, {
      "x" : 7.163119,
      "y" : 2.427051,
      "z" : -0.90983003
    }, {
      "x" : 7.0,
      "y" : 2.690983,
      "z" : -1.336881
    }, {
      "x" : 6.927051,
      "y" : 2.954915,
      "z" : -1.145898
    }, {
      "x" : 0.85410196,
      "y" : 0.309017,
      "z" : 0.19098301
    }, {
      "x" : 0.690983,
      "y" : 0.572949,
      "z" : -0.23606798
    }, {
      "x" : 0.309017,
      "y" : 0.11803399,
      "z" : -0.045084972
    }, {
      "x" : 0.76393205,
      "y" : 0.309017,
      "z" : -0.42705098
    }, {
      "x" : 0.927051,
      "y" : 0.045084972,
      "z" : 0.0
    }, {
      "x" : 7.09017,
      "y" : 2.690983,
      "z" : -0.71884704
    }, {
      "x" : 7.854102,
      "y" : 3.0,
      "z" : -1.145898
    } ],
    "faces" : [ {
      "vertices" : [ 2, 7, 5 ]
    }, {
      "vertices" : [ 2, 5, 3 ]
    }, {
      "vertices" : [ 1, 8, 7 ]
    }, {
      "vertices" : [ 1, 7, 2 ]
    }, {
      "vertices" : [ 4, 6, 8 ]
    }, {
      "vertices" : [ 5, 7, 6 ]
    }, {
      "vertices" : [ 0, 1, 2 ]
    }, {
      "vertices" : [ 0, 2, 3 ]
    }, {
      "vertices" : [ 6, 7, 8 ]
    }, {
      "vertices" : [ 3, 5, 4 ]
    }, {
      "vertices" : [ 3, 4, 9 ]
    }, {
      "vertices" : [ 1, 9, 4 ]
    }, {
      "vertices" : [ 1, 4, 8 ]
    }, {
      "vertices" : [ 0, 9, 1 ]
    }, {
      "vertices" : [ 0, 3, 9 ]
    }, {
      "vertices" : [ 4, 5, 6 ]
    } ]
  }, {
    "id" : "f9e58b4e-3b15-41f9-8eee-22465401780e",
    "vertices" : [ {
      "x" : 0.309017,
      "y" : -0.309017,
      "z" : -0.309017
    }, {
      "x" : 0.5,
      "y" : 0.0,
      "z" : -0.19098301
    }, {
      "x" : 0.5,
      "y" : 0.0,
      "z" : 0.19098301
    }, {
      "x" : 0.309017,
      "y" : -0.309017,
      "z" : 0.309017
    }, {
      "x" : 0.19098301,
      "y" : -0.5,
      "z" : 0.0
    }, {
      "x" : 0.0,
      "y" : 0.19098301,
      "z" : 0.5
    }, {
      "x" : 0.0,
      "y" : -0.19098301,
      "z" : 0.5
    }, {
      "x" : 0.309017,
      "y" : 0.309017,
      "z" : 0.309017
    }, {
      "x" : -0.309017,
      "y" : -0.309017,
      "z" : 0.309017
    }, {
      "x" : -0.309017,
      "y" : 0.309017,
      "z" : 0.309017
    }, {
      "x" : -0.5,
      "y" : 0.0,
      "z" : 0.19098301
    }, {
      "x" : 0.0,
      "y" : -0.19098301,
      "z" : -0.5
    }, {
      "x" : 0.0,
      "y" : 0.19098301,
      "z" : -0.5
    }, {
      "x" : 0.309017,
      "y" : 0.309017,
      "z" : -0.309017
    }, {
      "x" : -0.309017,
      "y" : -0.309017,
      "z" : -0.309017
    }, {
      "x" : -0.19098301,
      "y" : -0.5,
      "z" : 0.0
    }, {
      "x" : -0.5,
      "y" : 0.0,
      "z" : -0.19098301
    }, {
      "x" : 0.19098301,
      "y" : 0.5,
      "z" : 0.0
    }, {
      "x" : -0.309017,
      "y" : 0.309017,
      "z" : -0.309017
    }, {
      "x" : 0.0,
      "y" : 0.0,
      "z" : 0.0
    }, {
      "x" : -0.19098301,
      "y" : 0.5,
      "z" : 0.0
    } ],
    "faces" : [ {
      "vertices" : [ 12, 18, 20 ]
    }, {
      "vertices" : [ 12, 20, 17 ]
    }, {
      "vertices" : [ 12, 17, 13 ]
    }, {
      "vertices" : [ 3, 6, 8 ]
    }, {
      "vertices" : [ 3, 8, 15 ]
    }, {
      "vertices" : [ 3, 15, 4 ]
    }, {
      "vertices" : [ 0, 11, 12 ]
    }, {
      "vertices" : [ 0, 12, 13 ]
    }, {
      "vertices" : [ 0, 13, 1 ]
    }, {
      "vertices" : [ 5, 9, 10 ]
    }, {
      "vertices" : [ 5, 10, 8 ]
    }, {
      "vertices" : [ 5, 8, 6 ]
    }, {
      "vertices" : [ 2, 7, 5 ]
    }, {
      "vertices" : [ 2, 5, 6 ]
    }, {
      "vertices" : [ 2, 6, 3 ]
    }, {
      "vertices" : [ 11, 14, 16 ]
    }, {
      "vertices" : [ 11, 16, 18 ]
    }, {
      "vertices" : [ 11, 18, 12 ]
    }, {
      "vertices" : [ 1, 13, 17 ]
    }, {
      "vertices" : [ 1, 17, 7 ]
    }, {
      "vertices" : [ 1, 7, 2 ]
    }, {
      "vertices" : [ 9, 20, 18 ]
    }, {
      "vertices" : [ 9, 18, 16 ]
    }, {
      "vertices" : [ 9, 16, 10 ]
    }, {
      "vertices" : [ 0, 1, 2 ]
    }, {
      "vertices" : [ 0, 2, 3 ]
    }, {
      "vertices" : [ 0, 3, 4 ]
    }, {
      "vertices" : [ 5, 7, 17 ]
    }, {
      "vertices" : [ 5, 17, 20 ]
    }, {
      "vertices" : [ 5, 20, 9 ]
    }, {
      "vertices" : [ 0, 4, 15 ]
    }, {
      "vertices" : [ 0, 15, 14 ]
    }, {
      "vertices" : [ 0, 14, 11 ]
    }, {
      "vertices" : [ 8, 10, 16 ]
    }, {
      "vertices" : [ 8, 16, 14 ]
    }, {
      "vertices" : [ 8, 14, 15 ]
    } ]
  }, {
    "id" : "9b157bdd-6875-446c-a35b-ea5f89c9c161",
    "vertices" : [ {
      "x" : 13.708204,
      "y" : 0.0,
      "z" : -6.854102
    }, {
      "x" : 9.472136,
      "y" : 2.618034,
      "z" : 0.0
    }, {
      "x" : 6.854102,
      "y" : -4.236068,
      "z" : -4.236068
    } ],
    "faces" : [ {
      "vertices" : [ 0, 1, 2 ]
    }, {
      "vertices" : [ 0, 2, 1 ]
    } ]
  }, {
    "id" : "9b26e48e-d995-48cc-b200-689c5c324bd3",
    "vertices" : [ {
      "x" : 6.972136,
      "y" : 1.5,
      "z" : -0.5
    }, {
      "x" : 1.190983,
      "y" : 0.0,
      "z" : 0.072949015
    }, {
      "x" : 1.190983,
      "y" : 0.0,
      "z" : -0.309017
    }, {
      "x" : 6.972136,
      "y" : 1.5,
      "z" : -0.881966
    }, {
      "x" : 7.708204,
      "y" : 2.0,
      "z" : -0.76393205
    }, {
      "x" : 1.190983,
      "y" : 0.618034,
      "z" : -0.309017
    }, {
      "x" : 6.972136,
      "y" : 2.118034,
      "z" : -0.881966
    }, {
      "x" : 6.972136,
      "y" : 2.118034,
      "z" : -0.5
    }, {
      "x" : 1.190983,
      "y" : 0.618034,
      "z" : 0.072949015
    }, {
      "x" : 0.45491502,
      "y" : 0.11803399,
      "z" : -0.045084972
    }, {
      "x" : 8.163119,
      "y" : 2.118034,
      "z" : -0.809017
    } ],
    "faces" : [ {
      "vertices" : [ 2, 5, 6 ]
    }, {
      "vertices" : [ 2, 6, 3 ]
    }, {
      "vertices" : [ 0, 7, 8 ]
    }, {
      "vertices" : [ 0, 8, 1 ]
    }, {
      "vertices" : [ 2, 9, 5 ]
    }, {
      "vertices" : [ 4, 6, 7 ]
    }, {
      "vertices" : [ 1, 8, 9 ]
    }, {
      "vertices" : [ 0, 1, 2 ]
    }, {
      "vertices" : [ 0, 2, 3 ]
    }, {
      "vertices" : [ 5, 9, 8 ]
    }, {
      "vertices" : [ 0, 3, 4 ]
    }, {
      "vertices" : [ 5, 8, 7 ]
    }, {
      "vertices" : [ 5, 7, 6 ]
    }, {
      "vertices" : [ 0, 4, 7 ]
    }, {
      "vertices" : [ 1, 9, 2 ]
    }, {
      "vertices" : [ 3, 6, 4 ]
    } ]
  }, {
    "id" : "d27d52ba-688a-4631-836f-e3f35063accb",
    "vertices" : [ {
      "x" : -13.708204,
      "y" : 2.618034,
      "z" : -4.236068
    }, {
      "x" : -6.854102,
      "y" : 0.0,
      "z" : 0.0
    }, {
      "x" : -9.472136,
      "y" : -4.236068,
      "z" : -6.854102
    } ],
    "faces" : [ {
      "vertices" : [ 0, 1, 2 ]
    }, {
      "vertices" : [ 0, 2, 1 ]
    } ]
  }, {
    "id" : "d3230fd0-9cb5-4f1c-96c2-13474884c09b",
    "vertices" : [ {
      "x" : 0.0,
      "y" : -22.708204,
      "z" : 6.0
    }, {
      "x" : 6.0,
      "y" : -22.708204,
      "z" : 0.0
    }, {
      "x" : 6.0,
      "y" : -16.708204,
      "z" : 6.0
    } ],
    "faces" : [ {
      "vertices" : [ 0, 1, 2 ]
    }, {
      "vertices" : [ 0, 2, 1 ]
    } ]
  }, {
    "id" : "f164b2b6-d96c-436b-b78d-2116a87f9d0e",
    "vertices" : [ {
      "x" : 13.708204,
      "y" : 0.0,
      "z" : 6.854102
    }, {
      "x" : 17.944271,
      "y" : 2.618034,
      "z" : 0.0
    }, {
      "x" : 20.562305,
      "y" : -4.236068,
      "z" : 4.236068
    } ],
    "faces" : [ {
      "vertices" : [ 0, 1, 2 ]
    }, {
      "vertices" : [ 0, 2, 1 ]
    } ]
  }, {
    "id" : "dd10f5dd-9a99-4200-beff-2c02b83a4ce5",
    "vertices" : [ {
      "x" : 13.708204,
      "y" : 15.326238,
      "z" : -6.854102
    }, {
      "x" : 11.09017,
      "y" : 19.562305,
      "z" : 0.0
    }, {
      "x" : 6.854102,
      "y" : 12.708204,
      "z" : -2.618034
    } ],
    "faces" : [ {
      "vertices" : [ 0, 1, 2 ]
    }, {
      "vertices" : [ 0, 2, 1 ]
    } ]
  }, {
    "id" : "59cc928f-8d1a-46a5-b30d-90dfa75331c5",
    "vertices" : [ {
      "x" : -13.708204,
      "y" : -11.09017,
      "z" : -4.236068
    }, {
      "x" : -6.854102,
      "y" : -8.472136,
      "z" : 0.0
    }, {
      "x" : -9.472136,
      "y" : -4.236068,
      "z" : -6.854102
    } ],
    "faces" : [ {
      "vertices" : [ 0, 1, 2 ]
    }, {
      "vertices" : [ 0, 2, 1 ]
    } ]
  }, {
    "id" : "cad244de-7e4e-4115-aa94-1b436cc5c3e6",
    "vertices" : [ {
      "x" : -13.708204,
      "y" : 2.618034,
      "z" : 4.236068
    }, {
      "x" : -6.854102,
      "y" : 0.0,
      "z" : 0.0
    }, {
      "x" : -9.472136,
      "y" : -4.236068,
      "z" : 6.854102
    } ],
    "faces" : [ {
      "vertices" : [ 0, 1, 2 ]
    }, {
      "vertices" : [ 0, 2, 1 ]
    } ]
  }, {
    "id" : "7036a772-a015-4140-81df-60890b84e17e",
    "vertices" : [ {
      "x" : 0.0,
      "y" : -22.708204,
      "z" : -6.0
    }, {
      "x" : 6.0,
      "y" : -22.708204,
      "z" : 0.0
    }, {
      "x" : 6.0,
      "y" : -16.708204,
      "z" : -6.0
    } ],
    "faces" : [ {
      "vertices" : [ 0, 1, 2 ]
    }, {
      "vertices" : [ 0, 2, 1 ]
    } ]
  }, {
    "id" : "d85a793d-d905-4be4-9fa2-583bb33a2b63",
    "vertices" : [ {
      "x" : 0.0,
      "y" : -22.708204,
      "z" : 6.0
    }, {
      "x" : -6.0,
      "y" : -22.708204,
      "z" : 0.0
    }, {
      "x" : -6.0,
      "y" : -16.708204,
      "z" : 6.0
    } ],
    "faces" : [ {
      "vertices" : [ 0, 1, 2 ]
    }, {
      "vertices" : [ 0, 2, 1 ]
    } ]
  }, {
    "id" : "702f7645-a75b-46f9-9a21-ef794d6dbdcc",
    "vertices" : [ {
      "x" : -13.708204,
      "y" : -11.09017,
      "z" : -4.236068
    }, {
      "x" : -20.562305,
      "y" : -8.472136,
      "z" : 0.0
    }, {
      "x" : -17.944271,
      "y" : -4.236068,
      "z" : -6.854102
    } ],
    "faces" : [ {
      "vertices" : [ 0, 1, 2 ]
    }, {
      "vertices" : [ 0, 2, 1 ]
    } ]
  }, {
    "id" : "a7744693-3553-4f23-98fa-ffd3154136ec",
    "vertices" : [ {
      "x" : -11.09017,
      "y" : 12.708204,
      "z" : 6.854102
    }, {
      "x" : -6.854102,
      "y" : 10.09017,
      "z" : 0.0
    }, {
      "x" : -13.708204,
      "y" : 5.854102,
      "z" : 2.618034
    } ],
    "faces" : [ {
      "vertices" : [ 0, 1, 2 ]
    }, {
      "vertices" : [ 0, 2, 1 ]
    } ]
  }, {
    "id" : "72f57e8d-3066-4058-9619-529591283ec9",
    "vertices" : [ {
      "x" : 13.708204,
      "y" : 10.09017,
      "z" : -6.854102
    }, {
      "x" : 11.09017,
      "y" : 5.854102,
      "z" : 0.0
    }, {
      "x" : 6.854102,
      "y" : 12.708204,
      "z" : -2.618034
    } ],
    "faces" : [ {
      "vertices" : [ 0, 1, 2 ]
    }, {
      "vertices" : [ 0, 2, 1 ]
    } ]
  }, {
    "id" : "4cb91ef4-c7a6-4831-acff-9acd24764528",
    "vertices" : [ {
      "x" : -13.708204,
      "y" : 2.618034,
      "z" : 4.236068
    }, {
      "x" : -20.562305,
      "y" : 0.0,
      "z" : 0.0
    }, {
      "x" : -17.944271,
      "y" : -4.236068,
      "z" : 6.854102
    } ],
    "faces" : [ {
      "vertices" : [ 0, 1, 2 ]
    }, {
      "vertices" : [ 0, 2, 1 ]
    } ]
  }, {
    "id" : "8b629b14-10e9-4742-9973-832bd6a831ee",
    "vertices" : [ {
      "x" : -11.09017,
      "y" : 12.708204,
      "z" : -6.854102
    }, {
      "x" : -6.854102,
      "y" : 15.326238,
      "z" : 0.0
    }, {
      "x" : -13.708204,
      "y" : 19.562305,
      "z" : -2.618034
    } ],
    "faces" : [ {
      "vertices" : [ 0, 1, 2 ]
    }, {
      "vertices" : [ 0, 2, 1 ]
    } ]
  }, {
    "id" : "73318758-0c46-4557-a647-54f084555bfd",
    "vertices" : [ {
      "x" : 0.0,
      "y" : -10.708204,
      "z" : -6.0
    }, {
      "x" : 6.0,
      "y" : -10.708204,
      "z" : 0.0
    }, {
      "x" : 6.0,
      "y" : -16.708204,
      "z" : -6.0
    } ],
    "faces" : [ {
      "vertices" : [ 0, 1, 2 ]
    }, {
      "vertices" : [ 0, 2, 1 ]
    } ]
  }, {
    "id" : "586f268f-bdb1-4da5-95df-25244ee14645",
    "vertices" : [ {
      "x" : 13.708204,
      "y" : -8.472136,
      "z" : -6.854102
    }, {
      "x" : 17.944271,
      "y" : -11.09017,
      "z" : 0.0
    }, {
      "x" : 20.562305,
      "y" : -4.236068,
      "z" : -4.236068
    } ],
    "faces" : [ {
      "vertices" : [ 0, 1, 2 ]
    }, {
      "vertices" : [ 0, 2, 1 ]
    } ]
  }, {
    "id" : "8c87d44a-a1f2-44bc-bf5d-ac0599419b5c",
    "vertices" : [ {
      "x" : -13.708204,
      "y" : -11.09017,
      "z" : 4.236068
    }, {
      "x" : -20.562305,
      "y" : -8.472136,
      "z" : 0.0
    }, {
      "x" : -17.944271,
      "y" : -4.236068,
      "z" : 6.854102
    } ],
    "faces" : [ {
      "vertices" : [ 0, 1, 2 ]
    }, {
      "vertices" : [ 0, 2, 1 ]
    } ]
  }, {
    "id" : "8287b4b1-c871-470d-9718-1a4289239b3d",
    "vertices" : [ {
      "x" : 13.708204,
      "y" : 15.326238,
      "z" : 6.854102
    }, {
      "x" : 11.09017,
      "y" : 19.562305,
      "z" : 0.0
    }, {
      "x" : 6.854102,
      "y" : 12.708204,
      "z" : 2.618034
    } ],
    "faces" : [ {
      "vertices" : [ 0, 1, 2 ]
    }, {
      "vertices" : [ 0, 2, 1 ]
    } ]
  }, {
    "id" : "e59ecdf7-a254-46c5-906b-6a884a49abf9",
    "vertices" : [ {
      "x" : 0.0,
      "y" : -22.708204,
      "z" : -6.0
    }, {
      "x" : -6.0,
      "y" : -22.708204,
      "z" : 0.0
    }, {
      "x" : -6.0,
      "y" : -16.708204,
      "z" : -6.0
    } ],
    "faces" : [ {
      "vertices" : [ 0, 1, 2 ]
    }, {
      "vertices" : [ 0, 2, 1 ]
    } ]
  }, {
    "id" : "4915d941-39e7-4255-809b-7193cb4bc82a",
    "vertices" : [ {
      "x" : 0.0,
      "y" : 19.944271,
      "z" : -6.0
    }, {
      "x" : 0.0,
      "y" : 25.944271,
      "z" : 0.0
    }, {
      "x" : -6.0,
      "y" : 19.944271,
      "z" : 0.0
    } ],
    "faces" : [ {
      "vertices" : [ 0, 1, 2 ]
    }, {
      "vertices" : [ 0, 2, 1 ]
    } ]
  }, {
    "id" : "30157ecd-b651-414f-8fa9-aa37b450f94a",
    "vertices" : [ {
      "x" : 0.0,
      "y" : -10.708204,
      "z" : 6.0
    }, {
      "x" : 6.0,
      "y" : -10.708204,
      "z" : 0.0
    }, {
      "x" : 6.0,
      "y" : -16.708204,
      "z" : 6.0
    } ],
    "faces" : [ {
      "vertices" : [ 0, 1, 2 ]
    }, {
      "vertices" : [ 0, 2, 1 ]
    } ]
  }, {
    "id" : "aa6c75fa-31ae-465a-8703-0054b628d8d3",
    "vertices" : [ {
      "x" : 13.708204,
      "y" : 10.09017,
      "z" : 6.854102
    }, {
      "x" : 11.09017,
      "y" : 5.854102,
      "z" : 0.0
    }, {
      "x" : 6.854102,
      "y" : 12.708204,
      "z" : 2.618034
    } ],
    "faces" : [ {
      "vertices" : [ 0, 1, 2 ]
    }, {
      "vertices" : [ 0, 2, 1 ]
    } ]
  }, {
    "id" : "580a4b7d-2155-4eaa-b82c-854c4b62caa6",
    "vertices" : [ {
      "x" : 13.708204,
      "y" : 10.09017,
      "z" : 6.854102
    }, {
      "x" : 16.326239,
      "y" : 5.854102,
      "z" : 0.0
    }, {
      "x" : 20.562305,
      "y" : 12.708204,
      "z" : 2.618034
    } ],
    "faces" : [ {
      "vertices" : [ 0, 1, 2 ]
    }, {
      "vertices" : [ 0, 2, 1 ]
    } ]
  }, {
    "id" : "6baf1c2c-f1e0-4582-a9b5-e0271f3f4f56",
    "vertices" : [ {
      "x" : -13.708204,
      "y" : -11.09017,
      "z" : 4.236068
    }, {
      "x" : -6.854102,
      "y" : -8.472136,
      "z" : 0.0
    }, {
      "x" : -9.472136,
      "y" : -4.236068,
      "z" : 6.854102
    } ],
    "faces" : [ {
      "vertices" : [ 0, 1, 2 ]
    }, {
      "vertices" : [ 0, 2, 1 ]
    } ]
  }, {
    "id" : "3e2f3198-1e6e-404b-b251-a9e45903c636",
    "vertices" : [ {
      "x" : 13.708204,
      "y" : 15.326238,
      "z" : 6.854102
    }, {
      "x" : 16.326239,
      "y" : 19.562305,
      "z" : 0.0
    }, {
      "x" : 20.562305,
      "y" : 12.708204,
      "z" : 2.618034
    } ],
    "faces" : [ {
      "vertices" : [ 0, 1, 2 ]
    }, {
      "vertices" : [ 0, 2, 1 ]
    } ]
  }, {
    "id" : "ead362c6-0407-42b5-ae23-7cfe8ab37dec",
    "vertices" : [ {
      "x" : 13.708204,
      "y" : -8.472136,
      "z" : -6.854102
    }, {
      "x" : 9.472136,
      "y" : -11.09017,
      "z" : 0.0
    }, {
      "x" : 6.854102,
      "y" : -4.236068,
      "z" : -4.236068
    } ],
    "faces" : [ {
      "vertices" : [ 0, 1, 2 ]
    }, {
      "vertices" : [ 0, 2, 1 ]
    } ]
  }, {
    "id" : "0fbaf163-4e10-423e-bc27-1e11184249fe",
    "vertices" : [ {
      "x" : 13.708204,
      "y" : 0.0,
      "z" : 6.854102
    }, {
      "x" : 9.472136,
      "y" : 2.618034,
      "z" : 0.0
    }, {
      "x" : 6.854102,
      "y" : -4.236068,
      "z" : 4.236068
    } ],
    "faces" : [ {
      "vertices" : [ 0, 1, 2 ]
    }, {
      "vertices" : [ 0, 2, 1 ]
    } ]
  }, {
    "id" : "120e9231-108c-4991-b08c-111feb4f11e8",
    "vertices" : [ {
      "x" : -16.326239,
      "y" : 12.708204,
      "z" : -6.854102
    }, {
      "x" : -20.562305,
      "y" : 10.09017,
      "z" : 0.0
    }, {
      "x" : -13.708204,
      "y" : 5.854102,
      "z" : -2.618034
    } ],
    "faces" : [ {
      "vertices" : [ 0, 1, 2 ]
    }, {
      "vertices" : [ 0, 2, 1 ]
    } ]
  }, {
    "id" : "99d61ecd-a470-4c5d-9835-a4946fa1f928",
    "vertices" : [ {
      "x" : 0.0,
      "y" : 19.944271,
      "z" : -6.0
    }, {
      "x" : 0.0,
      "y" : 13.944272,
      "z" : 0.0
    }, {
      "x" : -6.0,
      "y" : 19.944271,
      "z" : 0.0
    } ],
    "faces" : [ {
      "vertices" : [ 0, 1, 2 ]
    }, {
      "vertices" : [ 0, 2, 1 ]
    } ]
  }, {
    "id" : "674035b7-0085-42a2-8d00-ff3e18ed2cb7",
    "vertices" : [ {
      "x" : 0.0,
      "y" : 19.944271,
      "z" : -6.0
    }, {
      "x" : 0.0,
      "y" : 25.944271,
      "z" : 0.0
    }, {
      "x" : 6.0,
      "y" : 19.944271,
      "z" : 0.0
    } ],
    "faces" : [ {
      "vertices" : [ 0, 1, 2 ]
    }, {
      "vertices" : [ 0, 2, 1 ]
    } ]
  }, {
    "id" : "da7c2014-ce0f-4a35-96d4-9eeda9e045cc",
    "vertices" : [ {
      "x" : -11.09017,
      "y" : 12.708204,
      "z" : 6.854102
    }, {
      "x" : -6.854102,
      "y" : 15.326238,
      "z" : 0.0
    }, {
      "x" : -13.708204,
      "y" : 19.562305,
      "z" : 2.618034
    } ],
    "faces" : [ {
      "vertices" : [ 0, 1, 2 ]
    }, {
      "vertices" : [ 0, 2, 1 ]
    } ]
  }, {
    "id" : "c8c240e0-80c0-439e-b4d6-4f4f04b2416b",
    "vertices" : [ {
      "x" : 0.0,
      "y" : 19.944271,
      "z" : 6.0
    }, {
      "x" : 0.0,
      "y" : 25.944271,
      "z" : 0.0
    }, {
      "x" : 6.0,
      "y" : 19.944271,
      "z" : 0.0
    } ],
    "faces" : [ {
      "vertices" : [ 0, 1, 2 ]
    }, {
      "vertices" : [ 0, 2, 1 ]
    } ]
  }, {
    "id" : "630ca84d-9e0a-4e6c-a3d0-22014041fbc1",
    "vertices" : [ {
      "x" : 0.0,
      "y" : 19.944271,
      "z" : -6.0
    }, {
      "x" : 0.0,
      "y" : 13.944272,
      "z" : 0.0
    }, {
      "x" : 6.0,
      "y" : 19.944271,
      "z" : 0.0
    } ],
    "faces" : [ {
      "vertices" : [ 0, 1, 2 ]
    }, {
      "vertices" : [ 0, 2, 1 ]
    } ]
  }, {
    "id" : "9fb89065-f260-4a36-9f48-aa1ae4bc962a",
    "vertices" : [ {
      "x" : 13.708204,
      "y" : 0.0,
      "z" : -6.854102
    }, {
      "x" : 17.944271,
      "y" : 2.618034,
      "z" : 0.0
    }, {
      "x" : 20.562305,
      "y" : -4.236068,
      "z" : -4.236068
    } ],
    "faces" : [ {
      "vertices" : [ 0, 1, 2 ]
    }, {
      "vertices" : [ 0, 2, 1 ]
    } ]
  }, {
    "id" : "f367c0cf-a309-42d3-b997-f41cece9cf02",
    "vertices" : [ {
      "x" : 0.0,
      "y" : 19.944271,
      "z" : 6.0
    }, {
      "x" : 0.0,
      "y" : 13.944272,
      "z" : 0.0
    }, {
      "x" : -6.0,
      "y" : 19.944271,
      "z" : 0.0
    } ],
    "faces" : [ {
      "vertices" : [ 0, 1, 2 ]
    }, {
      "vertices" : [ 0, 2, 1 ]
    } ]
  }, {
    "id" : "f1f906e3-ea8e-457c-b8c1-f5f06f73573c",
    "vertices" : [ {
      "x" : -11.09017,
      "y" : 12.708204,
      "z" : -6.854102
    }, {
      "x" : -6.854102,
      "y" : 10.09017,
      "z" : 0.0
    }, {
      "x" : -13.708204,
      "y" : 5.854102,
      "z" : -2.618034
    } ],
    "faces" : [ {
      "vertices" : [ 0, 1, 2 ]
    }, {
      "vertices" : [ 0, 2, 1 ]
    } ]
  }, {
    "id" : "ddb648a1-803c-4d79-8514-ad254869a7aa",
    "vertices" : [ {
      "x" : -16.326239,
      "y" : 12.708204,
      "z" : 6.854102
    }, {
      "x" : -20.562305,
      "y" : 15.326238,
      "z" : 0.0
    }, {
      "x" : -13.708204,
      "y" : 19.562305,
      "z" : 2.618034
    } ],
    "faces" : [ {
      "vertices" : [ 0, 1, 2 ]
    }, {
      "vertices" : [ 0, 2, 1 ]
    } ]
  }, {
    "id" : "e4d640dd-3786-466e-a4af-15910e086c9f",
    "vertices" : [ {
      "x" : 0.0,
      "y" : -10.708204,
      "z" : 6.0
    }, {
      "x" : -6.0,
      "y" : -10.708204,
      "z" : 0.0
    }, {
      "x" : -6.0,
      "y" : -16.708204,
      "z" : 6.0
    } ],
    "faces" : [ {
      "vertices" : [ 0, 1, 2 ]
    }, {
      "vertices" : [ 0, 2, 1 ]
    } ]
  }, {
    "id" : "9b76640c-f66b-4b69-894b-839005a088ac",
    "vertices" : [ {
      "x" : -16.326239,
      "y" : 12.708204,
      "z" : 6.854102
    }, {
      "x" : -20.562305,
      "y" : 10.09017,
      "z" : 0.0
    }, {
      "x" : -13.708204,
      "y" : 5.854102,
      "z" : 2.618034
    } ],
    "faces" : [ {
      "vertices" : [ 0, 1, 2 ]
    }, {
      "vertices" : [ 0, 2, 1 ]
    } ]
  }, {
    "id" : "42cf17bc-cb6c-447d-9e14-f5a8203e1275",
    "vertices" : [ {
      "x" : -16.326239,
      "y" : 12.708204,
      "z" : -6.854102
    }, {
      "x" : -20.562305,
      "y" : 15.326238,
      "z" : 0.0
    }, {
      "x" : -13.708204,
      "y" : 19.562305,
      "z" : -2.618034
    } ],
    "faces" : [ {
      "vertices" : [ 0, 1, 2 ]
    }, {
      "vertices" : [ 0, 2, 1 ]
    } ]
  }, {
    "id" : "d5dcaf23-7fcc-49bd-b570-28e0d91f2ea1",
    "vertices" : [ {
      "x" : 0.0,
      "y" : 19.944271,
      "z" : 6.0
    }, {
      "x" : 0.0,
      "y" : 25.944271,
      "z" : 0.0
    }, {
      "x" : -6.0,
      "y" : 19.944271,
      "z" : 0.0
    } ],
    "faces" : [ {
      "vertices" : [ 0, 1, 2 ]
    }, {
      "vertices" : [ 0, 2, 1 ]
    } ]
  }, {
    "id" : "27109717-eeae-45e5-a86e-5261aebf15d0",
    "vertices" : [ {
      "x" : 13.708204,
      "y" : -8.472136,
      "z" : 6.854102
    }, {
      "x" : 17.944271,
      "y" : -11.09017,
      "z" : 0.0
    }, {
      "x" : 20.562305,
      "y" : -4.236068,
      "z" : 4.236068
    } ],
    "faces" : [ {
      "vertices" : [ 0, 1, 2 ]
    }, {
      "vertices" : [ 0, 2, 1 ]
    } ]
  }, {
    "id" : "6ea1bbac-bc69-4f28-bb7f-d07cc36d2b84",
    "vertices" : [ {
      "x" : 0.0,
      "y" : -10.708204,
      "z" : -6.0
    }, {
      "x" : -6.0,
      "y" : -10.708204,
      "z" : 0.0
    }, {
      "x" : -6.0,
      "y" : -16.708204,
      "z" : -6.0
    } ],
    "faces" : [ {
      "vertices" : [ 0, 1, 2 ]
    }, {
      "vertices" : [ 0, 2, 1 ]
    } ]
  }, {
    "id" : "b259f0c1-95ef-4a3a-b605-885664ec5a29",
    "vertices" : [ {
      "x" : 13.708204,
      "y" : -8.472136,
      "z" : 6.854102
    }, {
      "x" : 9.472136,
      "y" : -11.09017,
      "z" : 0.0
    }, {
      "x" : 6.854102,
      "y" : -4.236068,
      "z" : 4.236068
    } ],
    "faces" : [ {
      "vertices" : [ 0, 1, 2 ]
    }, {
      "vertices" : [ 0, 2, 1 ]
    } ]
  }, {
    "id" : "bd80eb49-49e2-4647-8a9a-4a49c2b14496",
    "vertices" : [ {
      "x" : 13.708204,
      "y" : 10.09017,
      "z" : -6.854102
    }, {
      "x" : 16.326239,
      "y" : 5.854102,
      "z" : 0.0
    }, {
      "x" : 20.562305,
      "y" : 12.708204,
      "z" : -2.618034
    } ],
    "faces" : [ {
      "vertices" : [ 0, 1, 2 ]
    }, {
      "vertices" : [ 0, 2, 1 ]
    } ]
  }, {
    "id" : "ef174e71-1916-4428-972e-388fe3461bb3",
    "vertices" : [ {
      "x" : 0.0,
      "y" : 19.944271,
      "z" : 6.0
    }, {
      "x" : 0.0,
      "y" : 13.944272,
      "z" : 0.0
    }, {
      "x" : 6.0,
      "y" : 19.944271,
      "z" : 0.0
    } ],
    "faces" : [ {
      "vertices" : [ 0, 1, 2 ]
    }, {
      "vertices" : [ 0, 2, 1 ]
    } ]
  } ],
  "instances" : [ {
    "shape" : "348a6888-c9da-4679-96df-3d659ea5553d",
    "color" : "#007695",
    "position" : {
      "x" : -13.708204,
      "y" : 2.618034,
      "z" : 4.236068
    },
    "orientation" : 26
  }, {
    "shape" : "70f6d3eb-4dc2-446c-a2fa-1085ea1d519c",
    "color" : "#F7CF7F",
    "position" : {
      "x" : 0.0,
      "y" : 0.0,
      "z" : 0.0
    }
  }, {
    "shape" : "348a6888-c9da-4679-96df-3d659ea5553d",
    "color" : "#007695",
    "position" : {
      "x" : -9.472136,
      "y" : -4.236068,
      "z" : -6.854102
    },
    "orientation" : 51
  }, {
    "shape" : "441362e7-26ef-4bec-821b-272b10403ebd",
    "color" : "#F7CF7F",
    "position" : {
      "x" : 0.0,
      "y" : 0.0,
      "z" : 0.0
    }
  }, {
    "shape" : "64e9facf-bdf0-4697-89e2-e8ac137088e4",
    "color" : "#008D36",
    "position" : {
      "x" : 0.0,
      "y" : -10.708204,
      "z" : 6.0
    },
    "orientation" : 23
  }, {
    "shape" : "f9e58b4e-3b15-41f9-8eee-22465401780e",
    "color" : "#FFFFFF",
    "position" : {
      "x" : 9.472136,
      "y" : 2.618034,
      "z" : 0.0
    }
  }, {
    "shape" : "f9e58b4e-3b15-41f9-8eee-22465401780e",
    "color" : "#FFFFFF",
    "position" : {
      "x" : 6.854102,
      "y" : -4.236068,
      "z" : 4.236068
    }
  }, {
    "shape" : "f9e58b4e-3b15-41f9-8eee-22465401780e",
    "color" : "#FFFFFF",
    "position" : {
      "x" : -11.09017,
      "y" : 12.708204,
      "z" : -6.854102
    }
  }, {
    "shape" : "9b157bdd-6875-446c-a35b-ea5f89c9c161",
    "color" : "#F7CF7F",
    "position" : {
      "x" : 0.0,
      "y" : 0.0,
      "z" : 0.0
    }
  }, {
    "shape" : "f9e58b4e-3b15-41f9-8eee-22465401780e",
    "color" : "#FFFFFF",
    "position" : {
      "x" : -6.854102,
      "y" : 0.0,
      "z" : 0.0
    }
  }, {
    "shape" : "9b26e48e-d995-48cc-b200-689c5c324bd3",
    "color" : "#1E1E1E",
    "position" : {
      "x" : -13.708204,
      "y" : 19.562305,
      "z" : -2.618034
    },
    "orientation" : 18
  }, {
    "shape" : "f9e58b4e-3b15-41f9-8eee-22465401780e",
    "color" : "#FFFFFF",
    "position" : {
      "x" : -20.562305,
      "y" : 15.326238,
      "z" : 0.0
    }
  }, {
    "shape" : "f9e58b4e-3b15-41f9-8eee-22465401780e",
    "color" : "#FFFFFF",
    "position" : {
      "x" : 0.0,
      "y" : -22.708204,
      "z" : -6.0
    }
  }, {
    "shape" : "64e9facf-bdf0-4697-89e2-e8ac137088e4",
    "color" : "#008D36",
    "position" : {
      "x" : -6.0,
      "y" : -22.708204,
      "z" : 0.0
    },
    "orientation" : 7
  }, {
    "shape" : "d27d52ba-688a-4631-836f-e3f35063accb",
    "color" : "#F7CF7F",
    "position" : {
      "x" : 0.0,
      "y" : 0.0,
      "z" : 0.0
    }
  }, {
    "shape" : "64e9facf-bdf0-4697-89e2-e8ac137088e4",
    "color" : "#008D36",
    "position" : {
      "x" : 0.0,
      "y" : 25.944271,
      "z" : 0.0
    },
    "orientation" : 21
  }, {
    "shape" : "348a6888-c9da-4679-96df-3d659ea5553d",
    "color" : "#007695",
    "position" : {
      "x" : 20.562305,
      "y" : 12.708204,
      "z" : -2.618034
    },
    "orientation" : 39
  }, {
    "shape" : "9b26e48e-d995-48cc-b200-689c5c324bd3",
    "color" : "#1E1E1E",
    "position" : {
      "x" : -20.562305,
      "y" : 10.09017,
      "z" : 0.0
    },
    "orientation" : 18
  }, {
    "shape" : "9b26e48e-d995-48cc-b200-689c5c324bd3",
    "color" : "#1E1E1E",
    "position" : {
      "x" : 9.472136,
      "y" : -11.09017,
      "z" : 0.0
    },
    "orientation" : 4
  }, {
    "shape" : "f9e58b4e-3b15-41f9-8eee-22465401780e",
    "color" : "#FFFFFF",
    "position" : {
      "x" : 13.708204,
      "y" : -8.472136,
      "z" : -6.854102
    }
  }, {
    "shape" : "d3230fd0-9cb5-4f1c-96c2-13474884c09b",
    "color" : "#F7CF7F",
    "position" : {
      "x" : 0.0,
      "y" : 0.0,
      "z" : 0.0
    }
  }, {
    "shape" : "9b26e48e-d995-48cc-b200-689c5c324bd3",
    "color" : "#1E1E1E",
    "position" : {
      "x" : -20.562305,
      "y" : 15.326238,
      "z" : 0.0
    },
    "orientation" : 5
  }, {
    "shape" : "9b26e48e-d995-48cc-b200-689c5c324bd3",
    "color" : "#1E1E1E",
    "position" : {
      "x" : 20.562305,
      "y" : -4.236068,
      "z" : -4.236068
    },
    "orientation" : 33
  }, {
    "shape" : "64e9facf-bdf0-4697-89e2-e8ac137088e4",
    "color" : "#008D36",
    "position" : {
      "x" : -6.0,
      "y" : -22.708204,
      "z" : 0.0
    },
    "orientation" : 52
  }, {
    "shape" : "64e9facf-bdf0-4697-89e2-e8ac137088e4",
    "color" : "#008D36",
    "position" : {
      "x" : 0.0,
      "y" : -22.708204,
      "z" : 6.0
    },
    "orientation" : 53
  }, {
    "shape" : "64e9facf-bdf0-4697-89e2-e8ac137088e4",
    "color" : "#008D36",
    "position" : {
      "x" : 6.0,
      "y" : -16.708204,
      "z" : -6.0
    },
    "orientation" : 51
  }, {
    "shape" : "f9e58b4e-3b15-41f9-8eee-22465401780e",
    "color" : "#FFFFFF",
    "position" : {
      "x" : -17.944271,
      "y" : -4.236068,
      "z" : 6.854102
    }
  }, {
    "shape" : "f164b2b6-d96c-436b-b78d-2116a87f9d0e",
    "color" : "#F7CF7F",
    "position" : {
      "x" : 0.0,
      "y" : 0.0,
      "z" : 0.0
    }
  }, {
    "shape" : "348a6888-c9da-4679-96df-3d659ea5553d",
    "color" : "#007695",
    "position" : {
      "x" : -13.708204,
      "y" : -11.09017,
      "z" : -4.236068
    },
    "orientation" : 6
  }, {
    "shape" : "f9e58b4e-3b15-41f9-8eee-22465401780e",
    "color" : "#FFFFFF",
    "position" : {
      "x" : -6.854102,
      "y" : 10.09017,
      "z" : 0.0
    }
  }, {
    "shape" : "dd10f5dd-9a99-4200-beff-2c02b83a4ce5",
