{
  "polygons" : "true",
  "field" : "golden",
  "symmetry" : "icosahedral",
  "orientations" : [ [ 1.0, 0.0, 0.0, 0.0, 0.0, 1.0, 0.0, 0.0, 0.0, 0.0, 1.0, 0.0, 0.0, 0.0, 0.0, 1.0 ], [ 0.0, 0.0, 1.0, 0.0, 1.0, 0.0, 0.0, 0.0, 0.0, 1.0, 0.0, 0.0, 0.0, 0.0, 0.0, 1.0 ], [ 0.0, 1.0, 0.0, 0.0, 0.0, 0.0, 1.0, 0.0, 1.0, 0.0, 0.0, 0.0, 0.0, 0.0, 0.0, 1.0 ], [ 0.809017, 0.309017, 0.5, 0.0, 0.309017, 0.5, -0.809017, 0.0, -0.5, 0.809017, 0.309017, 0.0, 0.0, 0.0, 0.0, 1.0 ], [ -0.5, 0.809017, 0.309017, 0.0, 0.809017, 0.309017, 0.5, 0.0, 0.309017, 0.5, -0.809017, 0.0, 0.0, 0.0, 0.0, 1.0 ], [ 0.309017, 0.5, -0.809017, 0.0, -0.5, 0.809017, 0.309017, 0.0, 0.809017, 0.309017, 0.5, 0.0, 0.0, 0.0, 0.0, 1.0 ], [ 0.5, 0.809017, 0.309017, 0.0, 0.809017, -0.309017, -0.5, 0.0, -0.309017, 0.5, -0.809017, 0.0, 0.0, 0.0, 0.0, 1.0 ], [ -0.309017, 0.5, -0.809017, 0.0, 0.5, 0.809017, 0.309017, 0.0, 0.809017, -0.309017, -0.5, 0.0, 0.0, 0.0, 0.0, 1.0 ], [ 0.809017, -0.309017, -0.5, 0.0, -0.309017, 0.5, -0.809017, 0.0, 0.5, 0.809017, 0.309017, 0.0, 0.0, 0.0, 0.0, 1.0 ], [ 0.5, 0.809017, -0.309017, 0.0, 0.809017, -0.309017, 0.5, 0.0, 0.309017, -0.5, -0.809017, 0.0, 0.0, 0.0, 0.0, 1.0 ], [ 0.309017, -0.5, -0.809017, 0.0, 0.5, 0.809017, -0.309017, 0.0, 0.809017, -0.309017, 0.5, 0.0, 0.0, 0.0, 0.0, 1.0 ], [ 0.809017, -0.309017, 0.5, 0.0, 0.309017, -0.5, -0.809017, 0.0, 0.5, 0.809017, -0.309017, 0.0, 0.0, 0.0, 0.0, 1.0 ], [ 0.809017, 0.309017, -0.5, 0.0, 0.309017, 0.5, 0.809017, 0.0, 0.5, -0.809017, 0.309017, 0.0, 0.0, 0.0, 0.0, 1.0 ], [ 0.5, -0.809017, 0.309017, 0.0, 0.809017, 0.309017, -0.5, 0.0, 0.309017, 0.5, 0.809017, 0.0, 0.0, 0.0, 0.0, 1.0 ], [ 0.309017, 0.5, 0.809017, 0.0, 0.5, -0.809017, 0.309017, 0.0, 0.809017, 0.309017, -0.5, 0.0, 0.0, 0.0, 0.0, 1.0 ], [ 1.0, 0.0, 0.0, 0.0, 0.0, -1.0, 0.0, 0.0, 0.0, 0.0, -1.0, 0.0, 0.0, 0.0, 0.0, 1.0 ], [ 0.0, 0.0, 1.0, 0.0, -1.0, 0.0, 0.0, 0.0, 0.0, -1.0, 0.0, 0.0, 0.0, 0.0, 0.0, 1.0 ], [ 0.0, 1.0, 0.0, 0.0, 0.0, 0.0, -1.0, 0.0, -1.0, 0.0, 0.0, 0.0, 0.0, 0.0, 0.0, 1.0 ], [ 0.809017, 0.309017, 0.5, 0.0, -0.309017, -0.5, 0.809017, 0.0, 0.5, -0.809017, -0.309017, 0.0, 0.0, 0.0, 0.0, 1.0 ], [ -0.5, 0.809017, 0.309017, 0.0, -0.809017, -0.309017, -0.5, 0.0, -0.309017, -0.5, 0.809017, 0.0, 0.0, 0.0, 0.0, 1.0 ], [ 0.309017, 0.5, -0.809017, 0.0, 0.5, -0.809017, -0.309017, 0.0, -0.809017, -0.309017, -0.5, 0.0, 0.0, 0.0, 0.0, 1.0 ], [ 0.5, 0.809017, 0.309017, 0.0, -0.809017, 0.309017, 0.5, 0.0, 0.309017, -0.5, 0.809017, 0.0, 0.0, 0.0, 0.0, 1.0 ], [ -0.309017, 0.5, -0.809017, 0.0, -0.5, -0.809017, -0.309017, 0.0, -0.809017, 0.309017, 0.5, 0.0, 0.0, 0.0, 0.0, 1.0 ], [ 0.809017, -0.309017, -0.5, 0.0, 0.309017, -0.5, 0.809017, 0.0, -0.5, -0.809017, -0.309017, 0.0, 0.0, 0.0, 0.0, 1.0 ], [ 0.5, 0.809017, -0.309017, 0.0, -0.809017, 0.309017, -0.5, 0.0, -0.309017, 0.5, 0.809017, 0.0, 0.0, 0.0, 0.0, 1.0 ], [ 0.309017, -0.5, -0.809017, 0.0, -0.5, -0.809017, 0.309017, 0.0, -0.809017, 0.309017, -0.5, 0.0, 0.0, 0.0, 0.0, 1.0 ], [ 0.809017, -0.309017, 0.5, 0.0, -0.309017, 0.5, 0.809017, 0.0, -0.5, -0.809017, 0.309017, 0.0, 0.0, 0.0, 0.0, 1.0 ], [ 0.809017, 0.309017, -0.5, 0.0, -0.309017, -0.5, -0.809017, 0.0, -0.5, 0.809017, -0.309017, 0.0, 0.0, 0.0, 0.0, 1.0 ], [ 0.5, -0.809017, 0.309017, 0.0, -0.809017, -0.309017, 0.5, 0.0, -0.309017, -0.5, -0.809017, 0.0, 0.0, 0.0, 0.0, 1.0 ], [ 0.309017, 0.5, 0.809017, 0.0, -0.5, 0.809017, -0.309017, 0.0, -0.809017, -0.309017, 0.5, 0.0, 0.0, 0.0, 0.0, 1.0 ], [ -1.0, 0.0, 0.0, 0.0, 0.0, -1.0, 0.0, 0.0, 0.0, 0.0, 1.0, 0.0, 0.0, 0.0, 0.0, 1.0 ], [ 0.0, 0.0, -1.0, 0.0, -1.0, 0.0, 0.0, 0.0, 0.0, 1.0, 0.0, 0.0, 0.0, 0.0, 0.0, 1.0 ], [ 0.0, -1.0, 0.0, 0.0, 0.0, 0.0, -1.0, 0.0, 1.0, 0.0, 0.0, 0.0, 0.0, 0.0, 0.0, 1.0 ], [ -0.809017, -0.309017, -0.5, 0.0, -0.309017, -0.5, 0.809017, 0.0, -0.5, 0.809017, 0.309017, 0.0, 0.0, 0.0, 0.0, 1.0 ], [ 0.5, -0.809017, -0.309017, 0.0, -0.809017, -0.309017, -0.5, 0.0, 0.309017, 0.5, -0.809017, 0.0, 0.0, 0.0, 0.0, 1.0 ], [ -0.309017, -0.5, 0.809017, 0.0, 0.5, -0.809017, -0.309017, 0.0, 0.809017, 0.309017, 0.5, 0.0, 0.0, 0.0, 0.0, 1.0 ], [ -0.5, -0.809017, -0.309017, 0.0, -0.809017, 0.309017, 0.5, 0.0, -0.309017, 0.5, -0.809017, 0.0, 0.0, 0.0, 0.0, 1.0 ], [ 0.309017, -0.5, 0.809017, 0.0, -0.5, -0.809017, -0.309017, 0.0, 0.809017, -0.309017, -0.5, 0.0, 0.0, 0.0, 0.0, 1.0 ], [ -0.809017, 0.309017, 0.5, 0.0, 0.309017, -0.5, 0.809017, 0.0, 0.5, 0.809017, 0.309017, 0.0, 0.0, 0.0, 0.0, 1.0 ], [ -0.5, -0.809017, 0.309017, 0.0, -0.809017, 0.309017, -0.5, 0.0, 0.309017, -0.5, -0.809017, 0.0, 0.0, 0.0, 0.0, 1.0 ], [ -0.309017, 0.5, 0.809017, 0.0, -0.5, -0.809017, 0.309017, 0.0, 0.809017, -0.309017, 0.5, 0.0, 0.0, 0.0, 0.0, 1.0 ], [ -0.809017, 0.309017, -0.5, 0.0, -0.309017, 0.5, 0.809017, 0.0, 0.5, 0.809017, -0.309017, 0.0, 0.0, 0.0, 0.0, 1.0 ], [ -0.809017, -0.309017, 0.5, 0.0, -0.309017, -0.5, -0.809017, 0.0, 0.5, -0.809017, 0.309017, 0.0, 0.0, 0.0, 0.0, 1.0 ], [ -0.5, 0.809017, -0.309017, 0.0, -0.809017, -0.309017, 0.5, 0.0, 0.309017, 0.5, 0.809017, 0.0, 0.0, 0.0, 0.0, 1.0 ], [ -0.309017, -0.5, -0.809017, 0.0, -0.5, 0.809017, -0.309017, 0.0, 0.809017, 0.309017, -0.5, 0.0, 0.0, 0.0, 0.0, 1.0 ], [ -1.0, 0.0, 0.0, 0.0, 0.0, 1.0, 0.0, 0.0, 0.0, 0.0, -1.0, 0.0, 0.0, 0.0, 0.0, 1.0 ], [ 0.0, 0.0, -1.0, 0.0, 1.0, 0.0, 0.0, 0.0, 0.0, -1.0, 0.0, 0.0, 0.0, 0.0, 0.0, 1.0 ], [ 0.0, -1.0, 0.0, 0.0, 0.0, 0.0, 1.0, 0.0, -1.0, 0.0, 0.0, 0.0, 0.0, 0.0, 0.0, 1.0 ], [ -0.809017, -0.309017, -0.5, 0.0, 0.309017, 0.5, -0.809017, 0.0, 0.5, -0.809017, -0.309017, 0.0, 0.0, 0.0, 0.0, 1.0 ], [ 0.5, -0.809017, -0.309017, 0.0, 0.809017, 0.309017, 0.5, 0.0, -0.309017, -0.5, 0.809017, 0.0, 0.0, 0.0, 0.0, 1.0 ], [ -0.309017, -0.5, 0.809017, 0.0, -0.5, 0.809017, 0.309017, 0.0, -0.809017, -0.309017, -0.5, 0.0, 0.0, 0.0, 0.0, 1.0 ], [ -0.5, -0.809017, -0.309017, 0.0, 0.809017, -0.309017, -0.5, 0.0, 0.309017, -0.5, 0.809017, 0.0, 0.0, 0.0, 0.0, 1.0 ], [ 0.309017, -0.5, 0.809017, 0.0, 0.5, 0.809017, 0.309017, 0.0, -0.809017, 0.309017, 0.5, 0.0, 0.0, 0.0, 0.0, 1.0 ], [ -0.809017, 0.309017, 0.5, 0.0, -0.309017, 0.5, -0.809017, 0.0, -0.5, -0.809017, -0.309017, 0.0, 0.0, 0.0, 0.0, 1.0 ], [ -0.5, -0.809017, 0.309017, 0.0, 0.809017, -0.309017, 0.5, 0.0, -0.309017, 0.5, 0.809017, 0.0, 0.0, 0.0, 0.0, 1.0 ], [ -0.309017, 0.5, 0.809017, 0.0, 0.5, 0.809017, -0.309017, 0.0, -0.809017, 0.309017, -0.5, 0.0, 0.0, 0.0, 0.0, 1.0 ], [ -0.809017, 0.309017, -0.5, 0.0, 0.309017, -0.5, -0.809017, 0.0, -0.5, -0.809017, 0.309017, 0.0, 0.0, 0.0, 0.0, 1.0 ], [ -0.809017, -0.309017, 0.5, 0.0, 0.309017, 0.5, 0.809017, 0.0, -0.5, 0.809017, -0.309017, 0.0, 0.0, 0.0, 0.0, 1.0 ], [ -0.5, 0.809017, -0.309017, 0.0, 0.809017, 0.309017, -0.5, 0.0, -0.309017, -0.5, -0.809017, 0.0, 0.0, 0.0, 0.0, 1.0 ], [ -0.309017, -0.5, -0.809017, 0.0, 0.5, -0.809017, 0.309017, 0.0, -0.809017, -0.309017, 0.5, 0.0, 0.0, 0.0, 0.0, 1.0 ] ],
  "lights" : {
    "ambientColor" : "#292929",
    "backgroundColor" : "#AFC8DC",
    "directionalLights" : [ {
      "direction" : [ 1.0, -1.0, -1.0 ],
      "color" : "#EBEBE4"
    }, {
      "direction" : [ -1.0, 0.0, 0.0 ],
      "color" : "#E4E4EB"
    }, {
      "direction" : [ 0.0, 0.0, -1.0 ],
      "color" : "#1E1E1E"
    } ]
  },
  "camera" : {
    "viewDistance" : 251.86151,
    "lookAtPointRV" : {
      "x" : 0.0,
      "y" : 0.0,
      "z" : 0.0,
      "zero" : true
    },
    "lookDirectionRV" : {
      "x" : -0.011223848,
      "y" : 0.14985155,
      "z" : -0.9886452,
      "zero" : false
    },
    "upDirectionRV" : {
      "x" : -0.002146117,
      "y" : 0.98869723,
      "z" : 0.1498788,
      "zero" : false
    },
    "lookDirection" : {
      "x" : -0.011223848,
      "y" : 0.14985155,
      "z" : -0.9886452
    },
    "nearClipDistance" : 0.6296564,
    "farClipDistance" : 503.72202,
    "lookAtPoint" : {
      "x" : 0.0,
      "y" : 0.0,
      "z" : 0.0
    },
    "upDirection" : {
      "x" : -0.002146117,
      "y" : 0.98869723,
      "z" : 0.1498788
    },
    "stereo" : false,
    "perspective" : false,
    "fieldOfView" : 0.44263273,
    "width" : 113.3387,
    "position" : {
      "x" : 2.8268554,
      "y" : -37.741837,
      "z" : 249.00168
    }
  },
  "embedding" : [ 1.0, 0.0, 0.0, 0.0, 0.0, 1.0, 0.0, 0.0, 0.0, 0.0, 1.0, 0.0, 0.0, 0.0, 0.0, 1.0 ],
  "shapes" : [ {
    "id" : "4f353e5a-9721-4530-87bb-f4d59e54ab4d",
    "vertices" : [ {
      "x" : 0.0,
      "y" : 0.0,
      "z" : 0.0
    }, {
      "x" : 0.0,
      "y" : -0.309017,
      "z" : -0.20225425
    }, {
      "x" : 0.0,
      "y" : -0.2774239,
      "z" : -0.32028824
    } ],
    "faces" : [ {
      "vertices" : [ 0, 1, 2 ]
    }, {
      "vertices" : [ 0, 2, 1 ]
    } ]
  }, {
    "id" : "5ef466e5-a2df-4154-bf17-00b387b9fc32",
    "vertices" : [ {
      "x" : 0.0,
      "y" : 0.0,
      "z" : 0.0
    }, {
      "x" : 0.0,
      "y" : -0.28431538,
      "z" : 6.306212
    }, {
      "x" : 10.774407,
      "y" : 1.8323933,
      "z" : -12.435343
    }, {
      "x" : 10.663119,
      "y" : 1.8214781,
      "z" : -12.484597
    } ],
    "faces" : [ {
      "vertices" : [ 0, 1, 2, 3 ]
    }, {
      "vertices" : [ 0, 3, 2, 1 ]
    } ]
  }, {
    "id" : "b76bdaa6-359c-43b2-866e-24ea9a124ce5",
    "vertices" : [ {
      "x" : 0.0,
      "y" : 0.0,
      "z" : 0.0
    }, {
      "x" : 0.0,
      "y" : -0.28431538,
      "z" : 6.306212
    }, {
      "x" : -10.663119,
      "y" : -2.1057935,
      "z" : 18.79081
    }, {
      "x" : -10.774407,
      "y" : -2.1167088,
      "z" : 18.741554
    } ],
    "faces" : [ {
      "vertices" : [ 0, 1, 2, 3 ]
    }, {
      "vertices" : [ 0, 3, 2, 1 ]
    } ]
  }, {
    "id" : "7f46676f-ee36-44a7-a6ad-b9aa9584dce3",
    "vertices" : [ {
      "x" : 0.0,
      "y" : 0.0,
      "z" : 0.0
    }, {
      "x" : 0.19661863,
      "y" : 0.009118627,
      "z" : 0.3125
    }, {
      "x" : -10.4665,
      "y" : -1.8123596,
      "z" : 12.797097
    }, {
      "x" : -15.233928,
      "y" : -2.0046072,
      "z" : 4.579927
    } ],
    "faces" : [ {
      "vertices" : [ 0, 1, 2, 3 ]
    }, {
      "vertices" : [ 0, 3, 2, 1 ]
    } ]
  }, {
    "id" : "f147446a-0067-4b71-8390-9f74b9f9bcbd",
    "vertices" : [ {
      "x" : 0.0,
      "y" : 0.0,
      "z" : 0.0
    }, {
      "x" : 0.0,
      "y" : -0.2774239,
      "z" : 0.32028824
    }, {
      "x" : 0.0,
      "y" : -0.309017,
      "z" : 0.20225425
    } ],
    "faces" : [ {
      "vertices" : [ 0, 1, 2 ]
    }, {
      "vertices" : [ 0, 2, 1 ]
    } ]
  }, {
    "id" : "43543cfd-da7b-4f1a-b32c-eafc6e91cd35",
    "name" : "ball",
    "vertices" : [ {
      "x" : -0.309017,
      "y" : -0.19098301,
      "z" : 0.0
    }, {
      "x" : -0.309017,
      "y" : 0.19098301,
      "z" : 0.0
    }, {
      "x" : -0.19098301,
      "y" : 0.0,
      "z" : -0.309017
    }, {
      "x" : -0.19098301,
      "y" : 0.0,
      "z" : 0.309017
    }, {
      "x" : 0.0,
      "y" : -0.309017,
      "z" : -0.19098301
    }, {
      "x" : 0.0,
      "y" : -0.309017,
      "z" : 0.19098301
    }, {
      "x" : 0.0,
      "y" : 0.309017,
      "z" : -0.19098301
    }, {
      "x" : 0.0,
      "y" : 0.309017,
      "z" : 0.19098301
    }, {
      "x" : 0.19098301,
      "y" : 0.0,
      "z" : -0.309017
    }, {
      "x" : 0.19098301,
      "y" : 0.0,
      "z" : 0.309017
    }, {
      "x" : 0.309017,
      "y" : -0.19098301,
      "z" : 0.0
    }, {
      "x" : 0.309017,
      "y" : 0.19098301,
      "z" : 0.0
    } ],
    "faces" : [ {
      "vertices" : [ 0, 1, 2 ]
    }, {
      "vertices" : [ 0, 3, 1 ]
    }, {
      "vertices" : [ 0, 2, 4 ]
    }, {
      "vertices" : [ 0, 5, 3 ]
    }, {
      "vertices" : [ 0, 4, 5 ]
    }, {
      "vertices" : [ 1, 6, 2 ]
    }, {
      "vertices" : [ 1, 3, 7 ]
    }, {
      "vertices" : [ 1, 7, 6 ]
    }, {
      "vertices" : [ 2, 8, 4 ]
    }, {
      "vertices" : [ 2, 6, 8 ]
    }, {
      "vertices" : [ 3, 5, 9 ]
    }, {
      "vertices" : [ 3, 9, 7 ]
    }, {
      "vertices" : [ 4, 10, 5 ]
    }, {
      "vertices" : [ 4, 8, 10 ]
    }, {
      "vertices" : [ 5, 10, 9 ]
    }, {
      "vertices" : [ 6, 7, 11 ]
    }, {
      "vertices" : [ 6, 11, 8 ]
    }, {
      "vertices" : [ 7, 9, 11 ]
    }, {
      "vertices" : [ 8, 11, 10 ]
    }, {
      "vertices" : [ 9, 10, 11 ]
    } ]
  }, {
    "id" : "afd7bac9-cd14-457d-b10c-af9883e6fcba",
    "vertices" : [ {
      "x" : 0.0,
      "y" : 0.0,
      "z" : 0.0
    }, {
      "x" : 0.0,
      "y" : 0.2774239,
      "z" : -0.32028824
    }, {
      "x" : 0.0,
      "y" : 0.309017,
      "z" : -0.20225425
    } ],
    "faces" : [ {
      "vertices" : [ 0, 1, 2 ]
    }, {
      "vertices" : [ 0, 2, 1 ]
    } ]
  }, {
    "id" : "d16db6b4-12e6-4dd1-904a-a1acf0b7ca51",
    "vertices" : [ {
      "x" : 0.0,
      "y" : 0.0,
      "z" : 0.0
    }, {
      "x" : 0.0,
      "y" : 0.2774239,
      "z" : -0.32028824
    }, {
      "x" : 0.0,
      "y" : 0.5548478,
      "z" : 0.0
    }, {
      "x" : 0.0,
      "y" : 0.2774239,
      "z" : 0.32028824
    } ],
    "faces" : [ {
      "vertices" : [ 0, 1, 2, 3 ]
    }, {
      "vertices" : [ 0, 3, 2, 1 ]
    } ]
  }, {
    "id" : "d26cd882-7be5-45ed-a5a2-e3c1c1811f16",
    "vertices" : [ {
      "x" : 0.0,
      "y" : 0.0,
      "z" : 0.0
    }, {
      "x" : 0.0,
      "y" : -0.2774239,
      "z" : 0.32028824
    }, {
      "x" : 0.0,
      "y" : -0.5548478,
      "z" : 0.0
    }, {
      "x" : 0.0,
      "y" : -0.2774239,
      "z" : -0.32028824
    } ],
    "faces" : [ {
      "vertices" : [ 0, 1, 2, 3 ]
    }, {
      "vertices" : [ 0, 3, 2, 1 ]
    } ]
  }, {
    "id" : "3281e428-f3b8-497b-b801-98c69232ce27",
    "vertices" : [ {
      "x" : 0.0,
      "y" : 0.0,
      "z" : 0.0
    }, {
      "x" : 0.19661863,
      "y" : 0.009118627,
      "z" : 0.3125
    }, {
      "x" : 15.430546,
      "y" : 2.0137258,
      "z" : -4.267427
    }, {
      "x" : 10.663119,
      "y" : 1.8214781,
      "z" : -12.484597
    } ],
    "faces" : [ {
      "vertices" : [ 0, 1, 2, 3 ]
    }, {
      "vertices" : [ 0, 3, 2, 1 ]
    } ]
  }, {
    "id" : "19535845-0dc1-4b9e-b6c5-e91fe384413e",
    "vertices" : [ {
      "x" : 0.0,
      "y" : 0.0,
      "z" : 0.0
    }, {
      "x" : 0.0,
      "y" : 0.309017,
      "z" : 0.20225425
    }, {
      "x" : 0.0,
      "y" : 0.2774239,
      "z" : 0.32028824
    } ],
    "faces" : [ {
      "vertices" : [ 0, 1, 2 ]
    }, {
      "vertices" : [ 0, 2, 1 ]
    } ]
  }, {
    "id" : "c3a61965-098d-42a1-96df-1e62cf602c36",
    "vertices" : [ {
      "x" : 0.0,
      "y" : 0.0,
      "z" : 0.0
    }, {
      "x" : 0.0,
      "y" : 0.0,
      "z" : -0.6405765
    }, {
      "x" : 0.0,
      "y" : 0.2774239,
      "z" : -0.32028824
    } ],
    "faces" : [ {
      "vertices" : [ 0, 1, 2 ]
    }, {
      "vertices" : [ 0, 2, 1 ]
    } ]
  }, {
    "id" : "94b9a8b4-93c0-4b5d-9523-839d2d7fc9bc",
    "vertices" : [ {
      "x" : 0.0,
      "y" : 0.0,
      "z" : 0.0
    }, {
      "x" : 0.0,
      "y" : 0.5548478,
      "z" : 0.0
    }, {
      "x" : 0.0,
      "y" : 0.2774239,
      "z" : 0.32028824
    } ],
    "faces" : [ {
      "vertices" : [ 0, 1, 2 ]
    }, {
      "vertices" : [ 0, 2, 1 ]
    } ]
  }, {
    "id" : "ee18679c-0c4c-4405-bc62-9287bce6e295",
    "vertices" : [ {
      "x" : 0.0,
      "y" : 0.0,
      "z" : 0.0
    }, {
      "x" : 0.0,
      "y" : 0.26393202,
      "z" : 0.17274575
    }, {
      "x" : 0.0,
      "y" : 0.2369483,
      "z" : 0.27355883
    } ],
    "faces" : [ {
      "vertices" : [ 0, 1, 2 ]
    }, {
      "vertices" : [ 0, 2, 1 ]
    } ]
  }, {
    "id" : "cd68dd24-c1d5-4f4a-9525-66200ee67ae8",
    "vertices" : [ {
      "x" : 0.0,
      "y" : 0.0,
      "z" : 0.0
    }, {
      "x" : 0.0,
      "y" : -0.26393202,
      "z" : -0.17274575
    }, {
      "x" : 0.0,
      "y" : -0.2369483,
      "z" : -0.27355883
    } ],
    "faces" : [ {
      "vertices" : [ 0, 1, 2 ]
    }, {
      "vertices" : [ 0, 2, 1 ]
    } ]
  }, {
    "id" : "256e1114-188b-4e97-b6d6-cb11bb9e8fd4",
    "vertices" : [ {
      "x" : 0.0,
      "y" : 0.0,
      "z" : 0.0
    }, {
      "x" : 0.0,
      "y" : -0.24283433,
      "z" : 5.386148
    }, {
      "x" : 9.202442,
      "y" : 1.5650507,
      "z" : -10.621051
    }, {
      "x" : 9.10739,
      "y" : 1.5557281,
      "z" : -10.663119
    } ],
    "faces" : [ {
      "vertices" : [ 0, 1, 2, 3 ]
    }, {
      "vertices" : [ 0, 3, 2, 1 ]
    } ]
  }, {
    "id" : "80bf5981-254c-4d77-aa01-44edff8b5ef7",
    "vertices" : [ {
      "x" : 0.0,
      "y" : 0.0,
      "z" : 0.0
    }, {
      "x" : 0.16793236,
      "y" : 0.007788237,
      "z" : 0.26690686
    }, {
      "x" : 13.17926,
      "y" : 1.7199271,
      "z" : -3.644818
    }, {
      "x" : 9.10739,
      "y" : 1.5557281,
      "z" : -10.663119
    } ],
    "faces" : [ {
      "vertices" : [ 0, 1, 2, 3 ]
    }, {
      "vertices" : [ 0, 3, 2, 1 ]
    } ]
  }, {
    "id" : "3d2480e0-42fd-4524-bce1-3fec7445b5a4",
    "vertices" : [ {
      "x" : 0.0,
      "y" : 0.0,
      "z" : 0.0
    }, {
      "x" : 0.0,
      "y" : 0.2369483,
      "z" : -0.27355883
    }, {
      "x" : 0.0,
      "y" : 0.26393202,
      "z" : -0.17274575
    } ],
    "faces" : [ {
      "vertices" : [ 0, 1, 2 ]
    }, {
      "vertices" : [ 0, 2, 1 ]
    } ]
  }, {
    "id" : "ec03cfc3-d932-45a0-9c3a-6207a77d5266",
    "vertices" : [ {
      "x" : 0.0,
      "y" : 0.0,
      "z" : 0.0
    }, {
      "x" : 0.0,
      "y" : 0.2369483,
      "z" : -0.27355883
    }, {
      "x" : 0.0,
      "y" : 0.4738966,
      "z" : 0.0
    }, {
      "x" : 0.0,
      "y" : 0.2369483,
      "z" : 0.27355883
    } ],
    "faces" : [ {
      "vertices" : [ 0, 1, 2, 3 ]
    }, {
      "vertices" : [ 0, 3, 2, 1 ]
    } ]
  }, {
    "id" : "39634ad5-1b35-4cad-b987-821daf63c858",
    "vertices" : [ {
      "x" : 0.0,
      "y" : 0.0,
      "z" : 0.0
    }, {
      "x" : 0.0,
      "y" : -0.2369483,
      "z" : 0.27355883
    }, {
      "x" : 0.0,
      "y" : -0.26393202,
      "z" : 0.17274575
    } ],
    "faces" : [ {
      "vertices" : [ 0, 1, 2 ]
    }, {
      "vertices" : [ 0, 2, 1 ]
    } ]
  }, {
    "id" : "d2d1f2b3-369b-40dd-b73c-c0ba2de5d6f0",
    "vertices" : [ {
      "x" : 0.0,
      "y" : 0.0,
      "z" : 0.0
    }, {
      "x" : 0.16793236,
      "y" : 0.007788237,
      "z" : 0.26690686
    }, {
      "x" : -8.939459,
      "y" : -1.5479399,
      "z" : 10.930026
    }, {
      "x" : -13.011328,
      "y" : -1.7121389,
      "z" : 3.9117248
    } ],
    "faces" : [ {
      "vertices" : [ 0, 1, 2, 3 ]
    }, {
      "vertices" : [ 0, 3, 2, 1 ]
    } ]
  }, {
    "id" : "d68bb049-8dfa-494c-9577-8d30a51d6ad4",
    "vertices" : [ {
      "x" : 0.0,
      "y" : 0.0,
      "z" : 0.0
    }, {
      "x" : 0.0,
      "y" : -0.24283433,
      "z" : 5.386148
    }, {
      "x" : -9.10739,
      "y" : -1.7985624,
      "z" : 16.049267
    }, {
      "x" : -9.202442,
      "y" : -1.807885,
      "z" : 16.007198
    } ],
    "faces" : [ {
      "vertices" : [ 0, 1, 2, 3 ]
    }, {
      "vertices" : [ 0, 3, 2, 1 ]
    } ]
  }, {
    "id" : "ff12a34d-f090-454f-a56d-f805a7eea858",
    "vertices" : [ {
      "x" : 0.0,
      "y" : 0.0,
      "z" : 0.0
    }, {
      "x" : 0.0,
      "y" : -0.2369483,
      "z" : 0.27355883
    }, {
      "x" : 0.0,
      "y" : -0.4738966,
      "z" : 0.0
    }, {
      "x" : 0.0,
      "y" : -0.2369483,
      "z" : -0.27355883
    } ],
    "faces" : [ {
      "vertices" : [ 0, 1, 2, 3 ]
    }, {
      "vertices" : [ 0, 3, 2, 1 ]
    } ]
  }, {
    "id" : "b75fad8d-f1b2-445f-bd43-1cfd3014e8ac",
    "vertices" : [ {
      "x" : 0.0,
      "y" : 0.0,
      "z" : 0.0
    }, {
      "x" : 0.0,
      "y" : 0.0,
      "z" : -0.54711765
    }, {
      "x" : 0.0,
      "y" : 0.2369483,
      "z" : -0.27355883
    } ],
    "faces" : [ {
      "vertices" : [ 0, 1, 2 ]
    }, {
      "vertices" : [ 0, 2, 1 ]
    } ]
  }, {
    "id" : "62471c4a-2d93-4c62-8a2d-117b19b95a96",
    "vertices" : [ {
      "x" : 0.0,
      "y" : 0.0,
      "z" : 0.0
    }, {
      "x" : 0.0,
      "y" : 0.4738966,
      "z" : 0.0
    }, {
      "x" : 0.0,
      "y" : 0.2369483,
      "z" : 0.27355883
    } ],
    "faces" : [ {
      "vertices" : [ 0, 1, 2 ]
    }, {
      "vertices" : [ 0, 2, 1 ]
    } ]
  }, {
    "id" : "5e1407ee-7aa8-4144-8a06-4c5904e5d873",
    "vertices" : [ {
      "x" : 0.0,
      "y" : 0.0,
      "z" : 0.0
    }, {
      "x" : 0.0,
      "y" : -0.046729423,
      "z" : -5.152476
    }, {
      "x" : 0.0,
      "y" : 0.59384704,
      "z" : -5.152476
    }, {
      "x" : 0.0,
      "y" : 0.54711765,
      "z" : 0.0
    } ],
    "faces" : [ {
      "vertices" : [ 0, 1, 2, 3 ]
    }, {
      "vertices" : [ 0, 3, 2, 1 ]
    } ]
  }, {
    "id" : "745a1ca5-a54d-4e4f-b7ae-5086a803e087",
    "vertices" : [ {
      "x" : 0.0,
      "y" : 0.0,
      "z" : 0.0
    }, {
      "x" : 0.0,
      "y" : 1.1881553,
      "z" : -3.110631
    }, {
      "x" : 0.0,
      "y" : 9.094262,
      "z" : 2.160107
    }, {
      "x" : 0.0,
      "y" : 6.752621,
      "z" : 4.5017476
    } ],
    "faces" : [ {
      "vertices" : [ 0, 1, 2, 3 ]
    }, {
      "vertices" : [ 0, 3, 2, 1 ]
    } ]
  }, {
    "id" : "52d06981-f6ff-480d-9e68-15d8058c7baf",
    "vertices" : [ {
      "x" : 0.0,
      "y" : 0.0,
      "z" : 0.0
    }, {
      "x" : 0.0,
      "y" : 2.3001597,
      "z" : -1.4215769
    }, {
      "x" : 0.0,
      "y" : 21.850225,
      "z" : 8.044632
    }, {
      "x" : 0.0,
      "y" : 16.69775,
      "z" : 8.085108
    } ],
    "faces" : [ {
      "vertices" : [ 0, 1, 2, 3 ]
    }, {
      "vertices" : [ 0, 3, 2, 1 ]
    } ]
  }, {
    "id" : "70ae8ed4-98ea-4f29-8839-36a164ae335f",
    "vertices" : [ {
      "x" : 0.0,
      "y" : 0.0,
      "z" : 0.0
    }, {
      "x" : 0.0,
      "y" : -2.3416407,
      "z" : 2.3416407
    }, {
      "x" : 0.0,
      "y" : -2.0573254,
      "z" : -3.964571
    }, {
      "x" : 0.0,
      "y" : 0.24283433,
      "z" : -5.386148
    } ],
    "faces" : [ {
      "vertices" : [ 0, 1, 2, 3 ]
    }, {
      "vertices" : [ 0, 3, 2, 1 ]
    } ]
  }, {
    "id" : "ee442c8b-655c-4bde-87c9-2710a24e73da",
    "vertices" : [ {
      "x" : 0.0,
      "y" : 0.0,
      "z" : 0.0
    }, {
      "x" : 0.0,
      "y" : 2.3416407,
      "z" : -2.3416407
    }, {
      "x" : 0.0,
      "y" : 2.0573254,
      "z" : 3.964571
    }, {
      "x" : 0.0,
      "y" : -0.24283433,
      "z" : 5.386148
    } ],
    "faces" : [ {
      "vertices" : [ 0, 1, 2, 3 ]
    }, {
      "vertices" : [ 0, 3, 2, 1 ]
    } ]
  }, {
    "id" : "9445fded-3a50-4a7b-bdf8-c30250f39f1d",
    "vertices" : [ {
      "x" : 0.0,
      "y" : 0.0,
      "z" : 0.0
    }, {
      "x" : 0.0,
      "y" : -1.1881553,
      "z" : -3.110631
    }, {
      "x" : 0.0,
      "y" : 6.6352944,
      "z" : -17.105644
    }, {
      "x" : 0.0,
      "y" : 6.6820235,
      "z" : -11.953167
    } ],
    "faces" : [ {
      "vertices" : [ 0, 1, 2, 3 ]
    }, {
      "vertices" : [ 0, 3, 2, 1 ]
    } ]
  }, {
    "id" : "19cc3613-0c8d-442d-bebd-ae593e5bada4",
    "vertices" : [ {
      "x" : 0.0,
      "y" : 0.0,
      "z" : 0.0
    }, {
      "x" : 0.0,
      "y" : 5.152476,
      "z" : -0.0404756
    }, {
      "x" : 0.0,
      "y" : 5.152476,
      "z" : 0.51437217
    }, {
      "x" : 0.0,
      "y" : 0.0,
      "z" : 0.4738966
    } ],
    "faces" : [ {
      "vertices" : [ 0, 1, 2, 3 ]
    }, {
      "vertices" : [ 0, 3, 2, 1 ]
    } ]
  }, {
    "id" : "9ef49854-530f-459e-902c-eae6a178d5b1",
    "vertices" : [ {
      "x" : 0.0,
      "y" : 0.0,
      "z" : 0.0
    }, {
      "x" : 0.0,
      "y" : -1.1881553,
      "z" : 3.110631
    }, {
      "x" : 0.0,
      "y" : -9.094262,
      "z" : -2.160107
    }, {
      "x" : 0.0,
      "y" : -6.752621,
      "z" : -4.5017476
    } ],
    "faces" : [ {
      "vertices" : [ 0, 1, 2, 3 ]
    }, {
      "vertices" : [ 0, 3, 2, 1 ]
    } ]
  }, {
    "id" : "e334f050-e3ca-4c11-9e37-935799d458cd",
    "vertices" : [ {
      "x" : 0.0,
      "y" : 0.0,
      "z" : 0.0
    }, {
      "x" : 0.0,
      "y" : -2.3001597,
      "z" : 1.4215769
    }, {
      "x" : 0.0,
      "y" : -21.850225,
      "z" : -8.044632
    }, {
      "x" : 0.0,
      "y" : -16.69775,
      "z" : -8.085108
    } ],
    "faces" : [ {
      "vertices" : [ 0, 1, 2, 3 ]
    }, {
      "vertices" : [ 0, 3, 2, 1 ]
    } ]
  }, {
    "id" : "d606159f-d19d-474e-88a4-f112f6890ec4",
    "vertices" : [ {
      "x" : 0.0,
      "y" : 0.0,
      "z" : 0.0
    }, {
      "x" : 0.0,
      "y" : 0.046729423,
      "z" : 5.152476
    }, {
      "x" : 0.0,
      "y" : -0.59384704,
      "z" : 5.152476
    }, {
      "x" : 0.0,
      "y" : -0.54711765,
      "z" : 0.0
    } ],
    "faces" : [ {
      "vertices" : [ 0, 1, 2, 3 ]
    }, {
      "vertices" : [ 0, 3, 2, 1 ]
    } ]
  }, {
    "id" : "18811129-2e32-4962-af02-de9c7c302b4c",
    "vertices" : [ {
      "x" : 0.0,
      "y" : 0.0,
      "z" : 0.0
    }, {
      "x" : 0.0,
      "y" : 1.1881553,
      "z" : 3.110631
    }, {
      "x" : 0.0,
      "y" : -6.6352944,
      "z" : 17.105644
    }, {
      "x" : 0.0,
      "y" : -6.6820235,
      "z" : 11.953167
    } ],
    "faces" : [ {
      "vertices" : [ 0, 1, 2, 3 ]
    }, {
      "vertices" : [ 0, 3, 2, 1 ]
    } ]
  }, {
    "id" : "ff5f7814-34bc-45b1-925c-49161f8de775",
    "vertices" : [ {
      "x" : 0.0,
      "y" : 0.0,
      "z" : 0.0
    }, {
      "x" : 0.0,
      "y" : -5.152476,
      "z" : 0.0404756
    }, {
      "x" : 0.0,
      "y" : -5.152476,
      "z" : -0.51437217
    }, {
      "x" : 0.0,
      "y" : 0.0,
      "z" : -0.4738966
    } ],
    "faces" : [ {
      "vertices" : [ 0, 1, 2, 3 ]
    }, {
      "vertices" : [ 0, 3, 2, 1 ]
    } ]
  } ],
  "instances" : [ {
    "shape" : "4f353e5a-9721-4530-87bb-f4d59e54ab4d",
    "color" : "#7FC6E0",
    "position" : {
      "x" : -11.172237,
      "y" : 17.756771,
      "z" : 28.410772
    },
    "orientation" : 7
  }, {
    "shape" : "5ef466e5-a2df-4154-bf17-00b387b9fc32",
    "color" : "#FFFFFF",
    "position" : {
      "x" : -4.959675,
      "y" : 17.944271,
      "z" : 12.984597
    },
    "orientation" : 55
  }, {
    "shape" : "b76bdaa6-359c-43b2-866e-24ea9a124ce5",
    "color" : "#FFFFFF",
    "position" : {
      "x" : 15.76553,
      "y" : 9.743633,
      "z" : 0.0
    },
    "orientation" : 28
  }, {
    "shape" : "7f46676f-ee36-44a7-a6ad-b9aa9584dce3",
    "color" : "#FFFFFF",
    "position" : {
      "x" : -28.410772,
      "y" : 11.172237,
      "z" : -17.756771
    },
    "orientation" : 30
  }, {
    "shape" : "f147446a-0067-4b71-8390-9f74b9f9bcbd",
    "color" : "#7FC6E0",
    "position" : {
      "x" : -10.654,
      "y" : 17.558823,
      "z" : 28.73106
    },
    "orientation" : 7
  }, {
    "shape" : "7f46676f-ee36-44a7-a6ad-b9aa9584dce3",
    "color" : "#FFFFFF",
    "position" : {
      "x" : 17.756771,
      "y" : 28.410772,
      "z" : 11.172237
    },
    "orientation" : 46
  }, {
    "shape" : "43543cfd-da7b-4f1a-b32c-eafc6e91cd35",
    "color" : "#F2F2F2",
    "position" : {
      "x" : -17.882238,
      "y" : 28.485188,
      "z" : -10.774407
    }
  }, {
    "shape" : "5ef466e5-a2df-4154-bf17-00b387b9fc32",
    "color" : "#FFFFFF",
    "position" : {
      "x" : 12.984597,
      "y" : 4.959675,
      "z" : -17.944271
    },
    "orientation" : 56
  }, {
    "shape" : "43543cfd-da7b-4f1a-b32c-eafc6e91cd35",
    "color" : "#F2F2F2",
    "position" : {
      "x" : -10.774407,
      "y" : 17.882238,
      "z" : -28.485188
    }
  }, {
    "shape" : "43543cfd-da7b-4f1a-b32c-eafc6e91cd35",
    "color" : "#F2F2F2",
    "position" : {
      "x" : 28.410772,
      "y" : 11.172237,
      "z" : -17.756771
    }
  }, {
    "shape" : "43543cfd-da7b-4f1a-b32c-eafc6e91cd35",
    "color" : "#F2F2F2",
    "position" : {
      "x" : 0.0,
      "y" : 16.049845,
      "z" : -16.049845
    }
  }, {
    "shape" : "afd7bac9-cd14-457d-b10c-af9883e6fcba",
    "color" : "#7FC6E0",
    "position" : {
      "x" : 17.558823,
      "y" : 28.73106,
      "z" : 10.654
    },
    "orientation" : 9
  }, {
    "shape" : "d16db6b4-12e6-4dd1-904a-a1acf0b7ca51",
    "color" : "#7FC6E0",
    "position" : {
      "x" : 11.051831,
      "y" : 17.433357,
      "z" : -28.656645
    },
    "orientation" : 52
  }, {
    "shape" : "b76bdaa6-359c-43b2-866e-24ea9a124ce5",
    "color" : "#FFFFFF",
    "position" : {
      "x" : 0.0,
      "y" : 15.76553,
      "z" : -9.743633
    },
    "orientation" : 15
  }, {
    "shape" : "43543cfd-da7b-4f1a-b32c-eafc6e91cd35",
    "color" : "#F2F2F2",
    "position" : {
      "x" : 11.051831,
      "y" : 17.433357,
      "z" : 28.656645
    }
  }, {
    "shape" : "43543cfd-da7b-4f1a-b32c-eafc6e91cd35",
    "color" : "#F2F2F2",
    "position" : {
      "x" : -21.320583,
      "y" : 0.0,
      "z" : 8.143738
    }
  }, {
    "shape" : "43543cfd-da7b-4f1a-b32c-eafc6e91cd35",
    "color" : "#F2F2F2",
    "position" : {
      "x" : -4.959675,
      "y" : 17.944271,
      "z" : 12.984597
    }
  }, {
    "shape" : "43543cfd-da7b-4f1a-b32c-eafc6e91cd35",
    "color" : "#F2F2F2",
    "position" : {
      "x" : -10.854102,
      "y" : 17.944271,
      "z" : 28.416409
    }
  }, {
    "shape" : "b76bdaa6-359c-43b2-866e-24ea9a124ce5",
    "color" : "#FFFFFF",
    "position" : {
      "x" : -9.743633,
      "y" : 0.0,
      "z" : -15.76553
    },
    "orientation" : 4
  }, {
    "shape" : "d26cd882-7be5-45ed-a5a2-e3c1c1811f16",
    "color" : "#7FC6E0",
    "position" : {
      "x" : 28.485188,
      "y" : 10.774407,
      "z" : -17.882238
    },
    "orientation" : 23
  }, {
    "shape" : "b76bdaa6-359c-43b2-866e-24ea9a124ce5",
    "color" : "#FFFFFF",
    "position" : {
      "x" : -15.76553,
      "y" : 9.743633,
      "z" : 0.0
    },
    "orientation" : 9
  }, {
    "shape" : "f147446a-0067-4b71-8390-9f74b9f9bcbd",
    "color" : "#7FC6E0",
    "position" : {
      "x" : -0.32028824,
      "y" : 35.315594,
      "z" : 0.0
    },
    "orientation" : 1
  }, {
    "shape" : "b76bdaa6-359c-43b2-866e-24ea9a124ce5",
    "color" : "#FFFFFF",
    "position" : {
      "x" : -15.76553,
      "y" : 9.743633,
      "z" : 0.0
    },
    "orientation" : 22
  }, {
    "shape" : "43543cfd-da7b-4f1a-b32c-eafc6e91cd35",
    "color" : "#F2F2F2",
    "position" : {
      "x" : -11.051831,
      "y" : 17.433357,
      "z" : -28.656645
    }
  }, {
    "shape" : "43543cfd-da7b-4f1a-b32c-eafc6e91cd35",
    "color" : "#F2F2F2",
    "position" : {
      "x" : 0.11803399,
      "y" : 35.315594,
      "z" : 0.309017
    }
  }, {
    "shape" : "43543cfd-da7b-4f1a-b32c-eafc6e91cd35",
    "color" : "#F2F2F2",
    "position" : {
      "x" : 28.416409,
      "y" : 10.854102,
      "z" : -17.944271
    }
  }, {
    "shape" : "b76bdaa6-359c-43b2-866e-24ea9a124ce5",
    "color" : "#FFFFFF",
    "position" : {
      "x" : -9.743633,
      "y" : 0.0,
      "z" : 15.76553
    },
    "orientation" : 21
  }, {
    "shape" : "43543cfd-da7b-4f1a-b32c-eafc6e91cd35",
    "color" : "#F2F2F2",
    "position" : {
      "x" : -17.756771,
      "y" : 28.410772,
      "z" : 11.172237
    }
  }, {
    "shape" : "7f46676f-ee36-44a7-a6ad-b9aa9584dce3",
    "color" : "#FFFFFF",
    "position" : {
      "x" : -17.756771,
      "y" : 28.410772,
      "z" : 11.172237
    },
    "orientation" : 58
  }, {
    "shape" : "43543cfd-da7b-4f1a-b32c-eafc6e91cd35",
    "color" : "#F2F2F2",
    "position" : {
      "x" : 28.725426,
      "y" : 10.972136,
      "z" : -17.371323
    }
  }, {
    "shape" : "43543cfd-da7b-4f1a-b32c-eafc6e91cd35",
    "color" : "#F2F2F2",
    "position" : {
      "x" : -11.163119,
      "y" : 17.444271,
      "z" : -28.607391
    }
  }, {
    "shape" : "43543cfd-da7b-4f1a-b32c-eafc6e91cd35",
    "color" : "#F2F2F2",
    "position" : {
      "x" : 0.11803399,
      "y" : 35.315594,
      "z" : -0.309017
    }
  }, {
    "shape" : "afd7bac9-cd14-457d-b10c-af9883e6fcba",
    "color" : "#7FC6E0",
    "position" : {
      "x" : 28.410772,
      "y" : 11.172237,
      "z" : -17.756771
    },
    "orientation" : 23
  }, {
    "shape" : "43543cfd-da7b-4f1a-b32c-eafc6e91cd35",
    "color" : "#F2F2F2",
    "position" : {
      "x" : 9.743633,
      "y" : 0.0,
      "z" : -15.76553
    }
  }, {
    "shape" : "43543cfd-da7b-4f1a-b32c-eafc6e91cd35",
    "color" : "#F2F2F2",
    "position" : {
      "x" : 0.309017,
      "y" : 0.11803399,
      "z" : -35.315594
    }
  }, {
    "shape" : "d26cd882-7be5-45ed-a5a2-e3c1c1811f16",
    "color" : "#7FC6E0",
    "position" : {
      "x" : 17.882238,
      "y" : 28.485188,
      "z" : 10.774407
    },
    "orientation" : 9
  }, {
    "shape" : "43543cfd-da7b-4f1a-b32c-eafc6e91cd35",
    "color" : "#F2F2F2",
    "position" : {
      "x" : 28.73106,
      "y" : 10.654,
      "z" : -17.558823
    }
  }, {
    "shape" : "7f46676f-ee36-44a7-a6ad-b9aa9584dce3",
    "color" : "#FFFFFF",
    "position" : {
      "x" : 0.0,
      "y" : 0.32028824,
      "z" : -35.315594
    },
    "orientation" : 22
  }, {
    "shape" : "afd7bac9-cd14-457d-b10c-af9883e6fcba",
    "color" : "#7FC6E0",
    "position" : {
      "x" : 35.315594,
      "y" : 0.0,
      "z" : 0.32028824
    },
    "orientation" : 0
  }, {
    "shape" : "43543cfd-da7b-4f1a-b32c-eafc6e91cd35",
    "color" : "#F2F2F2",
    "position" : {
      "x" : -0.309017,
      "y" : 0.11803399,
      "z" : 35.315594
    }
  }, {
    "shape" : "afd7bac9-cd14-457d-b10c-af9883e6fcba",
    "color" : "#7FC6E0",
    "position" : {
      "x" : -10.654,
      "y" : 17.558823,
      "z" : -28.73106
    },
    "orientation" : 55
  }, {
    "shape" : "7f46676f-ee36-44a7-a6ad-b9aa9584dce3",
    "color" : "#FFFFFF",
    "position" : {
      "x" : 10.654,
      "y" : 17.558823,
      "z" : -28.73106
    },
    "orientation" : 3
  }, {
    "shape" : "43543cfd-da7b-4f1a-b32c-eafc6e91cd35",
    "color" : "#F2F2F2",
    "position" : {
      "x" : 13.176845,
      "y" : 13.176845,
      "z" : -13.176845
    }
  }, {
    "shape" : "3281e428-f3b8-497b-b801-98c69232ce27",
    "color" : "#FFFFFF",
    "position" : {
      "x" : -17.371323,
      "y" : 28.725426,
      "z" : -10.972136
    },
    "orientation" : 5
  }, {
    "shape" : "5ef466e5-a2df-4154-bf17-00b387b9fc32",
    "color" : "#FFFFFF",
    "position" : {
      "x" : -3.0652475,
      "y" : 21.00952,
      "z" : -8.024922
    },
    "orientation" : 53
  }, {
    "shape" : "43543cfd-da7b-4f1a-b32c-eafc6e91cd35",
    "color" : "#F2F2F2",
    "position" : {
      "x" : 28.416409,
      "y" : 10.854102,
      "z" : 17.944271
    }
  }, {
    "shape" : "43543cfd-da7b-4f1a-b32c-eafc6e91cd35",
    "color" : "#F2F2F2",
    "position" : {
      "x" : 28.485188,
      "y" : 10.774407,
      "z" : 17.882238
    }
  }, {
    "shape" : "f147446a-0067-4b71-8390-9f74b9f9bcbd",
    "color" : "#7FC6E0",
    "position" : {
      "x" : -11.172237,
      "y" : 17.756771,
      "z" : -28.410772
    },
    "orientation" : 55
  }, {
    "shape" : "43543cfd-da7b-4f1a-b32c-eafc6e91cd35",
    "color" : "#F2F2F2",
    "position" : {
      "x" : 10.774407,
      "y" : 17.882238,
      "z" : 28.485188
    }
  }, {
    "shape" : "43543cfd-da7b-4f1a-b32c-eafc6e91cd35",
    "color" : "#F2F2F2",
    "position" : {
      "x" : 35.315594,
      "y" : 0.309017,
      "z" : -0.11803399
    }
  }, {
    "shape" : "3281e428-f3b8-497b-b801-98c69232ce27",
    "color" : "#FFFFFF",
    "position" : {
      "x" : -10.854102,
      "y" : 17.944271,
      "z" : -28.416409
    },
    "orientation" : 44
  }, {
    "shape" : "19535845-0dc1-4b9e-b6c5-e91fe384413e",
    "color" : "#7FC6E0",
    "position" : {
      "x" : -35.315594,
      "y" : 0.0,
      "z" : 0.32028824
    },
    "orientation" : 45
  }, {
    "shape" : "afd7bac9-cd14-457d-b10c-af9883e6fcba",
    "color" : "#7FC6E0",
    "position" : {
      "x" : 0.0,
      "y" : 0.32028824,
      "z" : 35.315594
    },
    "orientation" : 2
  }, {
    "shape" : "43543cfd-da7b-4f1a-b32c-eafc6e91cd35",
    "color" : "#F2F2F2",
    "position" : {
      "x" : -0.11803399,
      "y" : 35.315594,
      "z" : -0.309017
    }
  }, {
    "shape" : "43543cfd-da7b-4f1a-b32c-eafc6e91cd35",
    "color" : "#F2F2F2",
    "position" : {
      "x" : -28.410772,
      "y" : 11.172237,
      "z" : -17.756771
    }
  }, {
    "shape" : "19535845-0dc1-4b9e-b6c5-e91fe384413e",
    "color" : "#7FC6E0",
    "position" : {
      "x" : 17.756771,
      "y" : 28.410772,
      "z" : 11.172237
    },
    "orientation" : 9
  }, {
    "shape" : "f147446a-0067-4b71-8390-9f74b9f9bcbd",
    "color" : "#7FC6E0",
    "position" : {
      "x" : 17.756771,
      "y" : 28.410772,
      "z" : 11.172237
    },
    "orientation" : 9
  }, {
    "shape" : "b76bdaa6-359c-43b2-866e-24ea9a124ce5",
    "color" : "#FFFFFF",
    "position" : {
      "x" : 0.0,
      "y" : 15.76553,
      "z" : 9.743633
    },
    "orientation" : 59
  }, {
    "shape" : "3281e428-f3b8-497b-b801-98c69232ce27",
    "color" : "#FFFFFF",
    "position" : {
      "x" : -0.11803399,
      "y" : 35.315594,
      "z" : 0.309017
    },
    "orientation" : 36
  }, {
    "shape" : "43543cfd-da7b-4f1a-b32c-eafc6e91cd35",
    "color" : "#F2F2F2",
    "position" : {
      "x" : -17.444271,
      "y" : 28.607391,
      "z" : 11.163119
    }
  }, {
    "shape" : "5ef466e5-a2df-4154-bf17-00b387b9fc32",
    "color" : "#FFFFFF",
    "position" : {
      "x" : 17.944271,
      "y" : 12.984597,
      "z" : -4.959675
    },
    "orientation" : 24
  }, {
    "shape" : "d16db6b4-12e6-4dd1-904a-a1acf0b7ca51",
    "color" : "#7FC6E0",
    "position" : {
      "x" : -28.656645,
      "y" : 11.051831,
      "z" : 17.433357
    },
    "orientation" : 38
  }, {
    "shape" : "43543cfd-da7b-4f1a-b32c-eafc6e91cd35",
    "color" : "#F2F2F2",
    "position" : {
      "x" : -8.024922,
      "y" : 3.0652475,
      "z" : -21.00952
    }
  }, {
    "shape" : "3281e428-f3b8-497b-b801-98c69232ce27",
    "color" : "#FFFFFF",
    "position" : {
      "x" : -11.163119,
      "y" : 17.444271,
      "z" : 28.607391
    },
    "orientation" : 47
  }, {
    "shape" : "43543cfd-da7b-4f1a-b32c-eafc6e91cd35",
    "color" : "#F2F2F2",
    "position" : {
      "x" : 11.172237,
      "y" : 17.756771,
      "z" : -28.410772
    }
  }, {
    "shape" : "43543cfd-da7b-4f1a-b32c-eafc6e91cd35",
    "color" : "#F2F2F2",
    "position" : {
      "x" : -35.315594,
      "y" : 0.309017,
      "z" : -0.11803399
    }
  }, {
    "shape" : "3281e428-f3b8-497b-b801-98c69232ce27",
    "color" : "#FFFFFF",
    "position" : {
      "x" : 28.607391,
      "y" : 11.163119,
      "z" : -17.444271
    },
    "orientation" : 45
  }, {
    "shape" : "b76bdaa6-359c-43b2-866e-24ea9a124ce5",
    "color" : "#FFFFFF",
    "position" : {
      "x" : 9.743633,
      "y" : 0.0,
      "z" : -15.76553
    },
    "orientation" : 36
  }, {
    "shape" : "3281e428-f3b8-497b-b801-98c69232ce27",
    "color" : "#FFFFFF",
    "position" : {
      "x" : -28.607391,
      "y" : 11.163119,
      "z" : 17.444271
    },
    "orientation" : 0
  }, {
    "shape" : "5ef466e5-a2df-4154-bf17-00b387b9fc32",
    "color" : "#FFFFFF",
    "position" : {
      "x" : 16.049845,
      "y" : 0.0,
      "z" : -16.049845
    },
    "orientation" : 46
  }, {
    "shape" : "43543cfd-da7b-4f1a-b32c-eafc6e91cd35",
    "color" : "#F2F2F2",
    "position" : {
      "x" : -35.315594,
      "y" : 0.309017,
      "z" : 0.11803399
    }
  }, {
    "shape" : "5ef466e5-a2df-4154-bf17-00b387b9fc32",
    "color" : "#FFFFFF",
    "position" : {
      "x" : -8.024922,
      "y" : 3.0652475,
      "z" : -21.00952
    },
    "orientation" : 51
  }, {
    "shape" : "7f46676f-ee36-44a7-a6ad-b9aa9584dce3",
    "color" : "#FFFFFF",
    "position" : {
      "x" : -28.73106,
      "y" : 10.654,
      "z" : -17.558823
    },
    "orientation" : 55
  }, {
    "shape" : "43543cfd-da7b-4f1a-b32c-eafc6e91cd35",
    "color" : "#F2F2F2",
    "position" : {
      "x" : -3.0652475,
      "y" : 21.00952,
      "z" : 8.024922
    }
  }, {
    "shape" : "43543cfd-da7b-4f1a-b32c-eafc6e91cd35",
    "color" : "#F2F2F2",
    "position" : {
      "x" : -17.433357,
      "y" : 28.656645,
      "z" : -11.051831
    }
  }, {
