{
  "field" : "golden",
  "symmetry" : "icosahedral",
  "orientations" : [ [ 1.0, 0.0, 0.0, 0.0, 0.0, 1.0, 0.0, 0.0, 0.0, 0.0, 1.0, 0.0, 0.0, 0.0, 0.0, 1.0 ], [ 0.0, 0.0, 1.0, 0.0, 1.0, 0.0, 0.0, 0.0, 0.0, 1.0, 0.0, 0.0, 0.0, 0.0, 0.0, 1.0 ], [ 0.0, 1.0, 0.0, 0.0, 0.0, 0.0, 1.0, 0.0, 1.0, 0.0, 0.0, 0.0, 0.0, 0.0, 0.0, 1.0 ], [ 0.809017, 0.309017, 0.5, 0.0, 0.309017, 0.5, -0.809017, 0.0, -0.5, 0.809017, 0.309017, 0.0, 0.0, 0.0, 0.0, 1.0 ], [ -0.5, 0.809017, 0.309017, 0.0, 0.809017, 0.309017, 0.5, 0.0, 0.309017, 0.5, -0.809017, 0.0, 0.0, 0.0, 0.0, 1.0 ], [ 0.309017, 0.5, -0.809017, 0.0, -0.5, 0.809017, 0.309017, 0.0, 0.809017, 0.309017, 0.5, 0.0, 0.0, 0.0, 0.0, 1.0 ], [ 0.5, 0.809017, 0.309017, 0.0, 0.809017, -0.309017, -0.5, 0.0, -0.309017, 0.5, -0.809017, 0.0, 0.0, 0.0, 0.0, 1.0 ], [ -0.309017, 0.5, -0.809017, 0.0, 0.5, 0.809017, 0.309017, 0.0, 0.809017, -0.309017, -0.5, 0.0, 0.0, 0.0, 0.0, 1.0 ], [ 0.809017, -0.309017, -0.5, 0.0, -0.309017, 0.5, -0.809017, 0.0, 0.5, 0.809017, 0.309017, 0.0, 0.0, 0.0, 0.0, 1.0 ], [ 0.5, 0.809017, -0.309017, 0.0, 0.809017, -0.309017, 0.5, 0.0, 0.309017, -0.5, -0.809017, 0.0, 0.0, 0.0, 0.0, 1.0 ], [ 0.309017, -0.5, -0.809017, 0.0, 0.5, 0.809017, -0.309017, 0.0, 0.809017, -0.309017, 0.5, 0.0, 0.0, 0.0, 0.0, 1.0 ], [ 0.809017, -0.309017, 0.5, 0.0, 0.309017, -0.5, -0.809017, 0.0, 0.5, 0.809017, -0.309017, 0.0, 0.0, 0.0, 0.0, 1.0 ], [ 0.809017, 0.309017, -0.5, 0.0, 0.309017, 0.5, 0.809017, 0.0, 0.5, -0.809017, 0.309017, 0.0, 0.0, 0.0, 0.0, 1.0 ], [ 0.5, -0.809017, 0.309017, 0.0, 0.809017, 0.309017, -0.5, 0.0, 0.309017, 0.5, 0.809017, 0.0, 0.0, 0.0, 0.0, 1.0 ], [ 0.309017, 0.5, 0.809017, 0.0, 0.5, -0.809017, 0.309017, 0.0, 0.809017, 0.309017, -0.5, 0.0, 0.0, 0.0, 0.0, 1.0 ], [ 1.0, 0.0, 0.0, 0.0, 0.0, -1.0, 0.0, 0.0, 0.0, 0.0, -1.0, 0.0, 0.0, 0.0, 0.0, 1.0 ], [ 0.0, 0.0, 1.0, 0.0, -1.0, 0.0, 0.0, 0.0, 0.0, -1.0, 0.0, 0.0, 0.0, 0.0, 0.0, 1.0 ], [ 0.0, 1.0, 0.0, 0.0, 0.0, 0.0, -1.0, 0.0, -1.0, 0.0, 0.0, 0.0, 0.0, 0.0, 0.0, 1.0 ], [ 0.809017, 0.309017, 0.5, 0.0, -0.309017, -0.5, 0.809017, 0.0, 0.5, -0.809017, -0.309017, 0.0, 0.0, 0.0, 0.0, 1.0 ], [ -0.5, 0.809017, 0.309017, 0.0, -0.809017, -0.309017, -0.5, 0.0, -0.309017, -0.5, 0.809017, 0.0, 0.0, 0.0, 0.0, 1.0 ], [ 0.309017, 0.5, -0.809017, 0.0, 0.5, -0.809017, -0.309017, 0.0, -0.809017, -0.309017, -0.5, 0.0, 0.0, 0.0, 0.0, 1.0 ], [ 0.5, 0.809017, 0.309017, 0.0, -0.809017, 0.309017, 0.5, 0.0, 0.309017, -0.5, 0.809017, 0.0, 0.0, 0.0, 0.0, 1.0 ], [ -0.309017, 0.5, -0.809017, 0.0, -0.5, -0.809017, -0.309017, 0.0, -0.809017, 0.309017, 0.5, 0.0, 0.0, 0.0, 0.0, 1.0 ], [ 0.809017, -0.309017, -0.5, 0.0, 0.309017, -0.5, 0.809017, 0.0, -0.5, -0.809017, -0.309017, 0.0, 0.0, 0.0, 0.0, 1.0 ], [ 0.5, 0.809017, -0.309017, 0.0, -0.809017, 0.309017, -0.5, 0.0, -0.309017, 0.5, 0.809017, 0.0, 0.0, 0.0, 0.0, 1.0 ], [ 0.309017, -0.5, -0.809017, 0.0, -0.5, -0.809017, 0.309017, 0.0, -0.809017, 0.309017, -0.5, 0.0, 0.0, 0.0, 0.0, 1.0 ], [ 0.809017, -0.309017, 0.5, 0.0, -0.309017, 0.5, 0.809017, 0.0, -0.5, -0.809017, 0.309017, 0.0, 0.0, 0.0, 0.0, 1.0 ], [ 0.809017, 0.309017, -0.5, 0.0, -0.309017, -0.5, -0.809017, 0.0, -0.5, 0.809017, -0.309017, 0.0, 0.0, 0.0, 0.0, 1.0 ], [ 0.5, -0.809017, 0.309017, 0.0, -0.809017, -0.309017, 0.5, 0.0, -0.309017, -0.5, -0.809017, 0.0, 0.0, 0.0, 0.0, 1.0 ], [ 0.309017, 0.5, 0.809017, 0.0, -0.5, 0.809017, -0.309017, 0.0, -0.809017, -0.309017, 0.5, 0.0, 0.0, 0.0, 0.0, 1.0 ], [ -1.0, 0.0, 0.0, 0.0, 0.0, -1.0, 0.0, 0.0, 0.0, 0.0, 1.0, 0.0, 0.0, 0.0, 0.0, 1.0 ], [ 0.0, 0.0, -1.0, 0.0, -1.0, 0.0, 0.0, 0.0, 0.0, 1.0, 0.0, 0.0, 0.0, 0.0, 0.0, 1.0 ], [ 0.0, -1.0, 0.0, 0.0, 0.0, 0.0, -1.0, 0.0, 1.0, 0.0, 0.0, 0.0, 0.0, 0.0, 0.0, 1.0 ], [ -0.809017, -0.309017, -0.5, 0.0, -0.309017, -0.5, 0.809017, 0.0, -0.5, 0.809017, 0.309017, 0.0, 0.0, 0.0, 0.0, 1.0 ], [ 0.5, -0.809017, -0.309017, 0.0, -0.809017, -0.309017, -0.5, 0.0, 0.309017, 0.5, -0.809017, 0.0, 0.0, 0.0, 0.0, 1.0 ], [ -0.309017, -0.5, 0.809017, 0.0, 0.5, -0.809017, -0.309017, 0.0, 0.809017, 0.309017, 0.5, 0.0, 0.0, 0.0, 0.0, 1.0 ], [ -0.5, -0.809017, -0.309017, 0.0, -0.809017, 0.309017, 0.5, 0.0, -0.309017, 0.5, -0.809017, 0.0, 0.0, 0.0, 0.0, 1.0 ], [ 0.309017, -0.5, 0.809017, 0.0, -0.5, -0.809017, -0.309017, 0.0, 0.809017, -0.309017, -0.5, 0.0, 0.0, 0.0, 0.0, 1.0 ], [ -0.809017, 0.309017, 0.5, 0.0, 0.309017, -0.5, 0.809017, 0.0, 0.5, 0.809017, 0.309017, 0.0, 0.0, 0.0, 0.0, 1.0 ], [ -0.5, -0.809017, 0.309017, 0.0, -0.809017, 0.309017, -0.5, 0.0, 0.309017, -0.5, -0.809017, 0.0, 0.0, 0.0, 0.0, 1.0 ], [ -0.309017, 0.5, 0.809017, 0.0, -0.5, -0.809017, 0.309017, 0.0, 0.809017, -0.309017, 0.5, 0.0, 0.0, 0.0, 0.0, 1.0 ], [ -0.809017, 0.309017, -0.5, 0.0, -0.309017, 0.5, 0.809017, 0.0, 0.5, 0.809017, -0.309017, 0.0, 0.0, 0.0, 0.0, 1.0 ], [ -0.809017, -0.309017, 0.5, 0.0, -0.309017, -0.5, -0.809017, 0.0, 0.5, -0.809017, 0.309017, 0.0, 0.0, 0.0, 0.0, 1.0 ], [ -0.5, 0.809017, -0.309017, 0.0, -0.809017, -0.309017, 0.5, 0.0, 0.309017, 0.5, 0.809017, 0.0, 0.0, 0.0, 0.0, 1.0 ], [ -0.309017, -0.5, -0.809017, 0.0, -0.5, 0.809017, -0.309017, 0.0, 0.809017, 0.309017, -0.5, 0.0, 0.0, 0.0, 0.0, 1.0 ], [ -1.0, 0.0, 0.0, 0.0, 0.0, 1.0, 0.0, 0.0, 0.0, 0.0, -1.0, 0.0, 0.0, 0.0, 0.0, 1.0 ], [ 0.0, 0.0, -1.0, 0.0, 1.0, 0.0, 0.0, 0.0, 0.0, -1.0, 0.0, 0.0, 0.0, 0.0, 0.0, 1.0 ], [ 0.0, -1.0, 0.0, 0.0, 0.0, 0.0, 1.0, 0.0, -1.0, 0.0, 0.0, 0.0, 0.0, 0.0, 0.0, 1.0 ], [ -0.809017, -0.309017, -0.5, 0.0, 0.309017, 0.5, -0.809017, 0.0, 0.5, -0.809017, -0.309017, 0.0, 0.0, 0.0, 0.0, 1.0 ], [ 0.5, -0.809017, -0.309017, 0.0, 0.809017, 0.309017, 0.5, 0.0, -0.309017, -0.5, 0.809017, 0.0, 0.0, 0.0, 0.0, 1.0 ], [ -0.309017, -0.5, 0.809017, 0.0, -0.5, 0.809017, 0.309017, 0.0, -0.809017, -0.309017, -0.5, 0.0, 0.0, 0.0, 0.0, 1.0 ], [ -0.5, -0.809017, -0.309017, 0.0, 0.809017, -0.309017, -0.5, 0.0, 0.309017, -0.5, 0.809017, 0.0, 0.0, 0.0, 0.0, 1.0 ], [ 0.309017, -0.5, 0.809017, 0.0, 0.5, 0.809017, 0.309017, 0.0, -0.809017, 0.309017, 0.5, 0.0, 0.0, 0.0, 0.0, 1.0 ], [ -0.809017, 0.309017, 0.5, 0.0, -0.309017, 0.5, -0.809017, 0.0, -0.5, -0.809017, -0.309017, 0.0, 0.0, 0.0, 0.0, 1.0 ], [ -0.5, -0.809017, 0.309017, 0.0, 0.809017, -0.309017, 0.5, 0.0, -0.309017, 0.5, 0.809017, 0.0, 0.0, 0.0, 0.0, 1.0 ], [ -0.309017, 0.5, 0.809017, 0.0, 0.5, 0.809017, -0.309017, 0.0, -0.809017, 0.309017, -0.5, 0.0, 0.0, 0.0, 0.0, 1.0 ], [ -0.809017, 0.309017, -0.5, 0.0, 0.309017, -0.5, -0.809017, 0.0, -0.5, -0.809017, 0.309017, 0.0, 0.0, 0.0, 0.0, 1.0 ], [ -0.809017, -0.309017, 0.5, 0.0, 0.309017, 0.5, 0.809017, 0.0, -0.5, 0.809017, -0.309017, 0.0, 0.0, 0.0, 0.0, 1.0 ], [ -0.5, 0.809017, -0.309017, 0.0, 0.809017, 0.309017, -0.5, 0.0, -0.309017, -0.5, -0.809017, 0.0, 0.0, 0.0, 0.0, 1.0 ], [ -0.309017, -0.5, -0.809017, 0.0, 0.5, -0.809017, 0.309017, 0.0, -0.809017, -0.309017, 0.5, 0.0, 0.0, 0.0, 0.0, 1.0 ] ],
  "lights" : {
    "backgroundColor" : "#AFC8DC",
    "ambientColor" : "#292929",
    "directionalLights" : [ {
      "direction" : {
        "x" : 1.0,
        "y" : -1.0,
        "z" : -1.0
      },
      "color" : "#EBEBE4"
    }, {
      "direction" : {
        "x" : -1.0,
        "y" : 0.0,
        "z" : 0.0
      },
      "color" : "#E4E4EB"
    }, {
      "direction" : {
        "x" : 0.0,
        "y" : 0.0,
        "z" : -1.0
      },
      "color" : "#1E1E1E"
    } ]
  },
  "camera" : {
    "perspective" : false,
    "viewDistance" : 87.25889,
    "nearClipDistance" : 0.21814743,
    "farClipDistance" : 174.51753,
    "lookAtPoint" : {
      "x" : 0.0,
      "y" : 0.0,
      "z" : 0.0
    },
    "fieldOfView" : 0.4426286,
    "lookDirection" : {
      "x" : -0.38953993,
      "y" : -0.84328556,
      "z" : -0.3703089
    },
    "upDirection" : {
      "x" : 0.8495532,
      "y" : -0.48427796,
      "z" : 0.20914358
    },
    "width" : 39.26647,
    "stereo" : false,
    "position" : {
      "x" : 33.99082,
      "y" : 73.58416,
      "z" : 32.312744
    }
  },
  "embedding" : [ 1.0, 0.0, 0.0, 0.0, 0.0, 1.0, 0.0, 0.0, 0.0, 0.0, 1.0, 0.0, 0.0, 0.0, 0.0, 1.0 ],
  "shapes" : [ {
    "id" : "f0e4b31a-11f9-4597-89a1-fe4f775a5f4f",
    "vertices" : [ {
      "x" : 0.309017,
      "y" : -0.309017,
      "z" : -0.309017
    }, {
      "x" : 0.5,
      "y" : 0.0,
      "z" : -0.19098301
    }, {
      "x" : 0.5,
      "y" : 0.0,
      "z" : 0.19098301
    }, {
      "x" : 0.309017,
      "y" : -0.309017,
      "z" : 0.309017
    }, {
      "x" : 0.19098301,
      "y" : -0.5,
      "z" : 0.0
    }, {
      "x" : 0.0,
      "y" : 0.19098301,
      "z" : 0.5
    }, {
      "x" : 0.0,
      "y" : -0.19098301,
      "z" : 0.5
    }, {
      "x" : 0.309017,
      "y" : 0.309017,
      "z" : 0.309017
    }, {
      "x" : -0.309017,
      "y" : -0.309017,
      "z" : 0.309017
    }, {
      "x" : -0.309017,
      "y" : 0.309017,
      "z" : 0.309017
    }, {
      "x" : -0.5,
      "y" : 0.0,
      "z" : 0.19098301
    }, {
      "x" : 0.0,
      "y" : -0.19098301,
      "z" : -0.5
    }, {
      "x" : 0.0,
      "y" : 0.19098301,
      "z" : -0.5
    }, {
      "x" : 0.309017,
      "y" : 0.309017,
      "z" : -0.309017
    }, {
      "x" : -0.309017,
      "y" : -0.309017,
      "z" : -0.309017
    }, {
      "x" : -0.19098301,
      "y" : -0.5,
      "z" : 0.0
    }, {
      "x" : -0.5,
      "y" : 0.0,
      "z" : -0.19098301
    }, {
      "x" : 0.19098301,
      "y" : 0.5,
      "z" : 0.0
    }, {
      "x" : -0.309017,
      "y" : 0.309017,
      "z" : -0.309017
    }, {
      "x" : 0.0,
      "y" : 0.0,
      "z" : 0.0
    }, {
      "x" : -0.19098301,
      "y" : 0.5,
      "z" : 0.0
    } ],
    "faces" : [ {
      "vertices" : [ 12, 18, 20 ]
    }, {
      "vertices" : [ 12, 20, 17 ]
    }, {
      "vertices" : [ 12, 17, 13 ]
    }, {
      "vertices" : [ 3, 6, 8 ]
    }, {
      "vertices" : [ 3, 8, 15 ]
    }, {
      "vertices" : [ 3, 15, 4 ]
    }, {
      "vertices" : [ 0, 11, 12 ]
    }, {
      "vertices" : [ 0, 12, 13 ]
    }, {
      "vertices" : [ 0, 13, 1 ]
    }, {
      "vertices" : [ 5, 9, 10 ]
    }, {
      "vertices" : [ 5, 10, 8 ]
    }, {
      "vertices" : [ 5, 8, 6 ]
    }, {
      "vertices" : [ 2, 7, 5 ]
    }, {
      "vertices" : [ 2, 5, 6 ]
    }, {
      "vertices" : [ 2, 6, 3 ]
    }, {
      "vertices" : [ 11, 14, 16 ]
    }, {
      "vertices" : [ 11, 16, 18 ]
    }, {
      "vertices" : [ 11, 18, 12 ]
    }, {
      "vertices" : [ 1, 13, 17 ]
    }, {
      "vertices" : [ 1, 17, 7 ]
    }, {
      "vertices" : [ 1, 7, 2 ]
    }, {
      "vertices" : [ 9, 20, 18 ]
    }, {
      "vertices" : [ 9, 18, 16 ]
    }, {
      "vertices" : [ 9, 16, 10 ]
    }, {
      "vertices" : [ 0, 1, 2 ]
    }, {
      "vertices" : [ 0, 2, 3 ]
    }, {
      "vertices" : [ 0, 3, 4 ]
    }, {
      "vertices" : [ 5, 7, 17 ]
    }, {
      "vertices" : [ 5, 17, 20 ]
    }, {
      "vertices" : [ 5, 20, 9 ]
    }, {
      "vertices" : [ 0, 4, 15 ]
    }, {
      "vertices" : [ 0, 15, 14 ]
    }, {
      "vertices" : [ 0, 14, 11 ]
    }, {
      "vertices" : [ 8, 10, 16 ]
    }, {
      "vertices" : [ 8, 16, 14 ]
    }, {
      "vertices" : [ 8, 14, 15 ]
    } ]
  }, {
    "id" : "80346f93-ca53-427a-99ef-5ca0ed4fcda4",
    "vertices" : [ {
      "x" : 6.972136,
      "y" : 1.5,
      "z" : -0.5
    }, {
      "x" : 1.190983,
      "y" : 0.0,
      "z" : 0.072949015
    }, {
      "x" : 1.190983,
      "y" : 0.0,
      "z" : -0.309017
    }, {
      "x" : 6.972136,
      "y" : 1.5,
      "z" : -0.881966
    }, {
      "x" : 7.708204,
      "y" : 2.0,
      "z" : -0.76393205
    }, {
      "x" : 1.190983,
      "y" : 0.618034,
      "z" : -0.309017
    }, {
      "x" : 6.972136,
      "y" : 2.118034,
      "z" : -0.881966
    }, {
      "x" : 6.972136,
      "y" : 2.118034,
      "z" : -0.5
    }, {
      "x" : 1.190983,
      "y" : 0.618034,
      "z" : 0.072949015
    }, {
      "x" : 0.45491502,
      "y" : 0.11803399,
      "z" : -0.045084972
    }, {
      "x" : 8.163119,
      "y" : 2.118034,
      "z" : -0.809017
    } ],
    "faces" : [ {
      "vertices" : [ 2, 5, 6 ]
    }, {
      "vertices" : [ 2, 6, 3 ]
    }, {
      "vertices" : [ 0, 7, 8 ]
    }, {
      "vertices" : [ 0, 8, 1 ]
    }, {
      "vertices" : [ 2, 9, 5 ]
    }, {
      "vertices" : [ 4, 6, 7 ]
    }, {
      "vertices" : [ 1, 8, 9 ]
    }, {
      "vertices" : [ 0, 1, 2 ]
    }, {
      "vertices" : [ 0, 2, 3 ]
    }, {
      "vertices" : [ 5, 9, 8 ]
    }, {
      "vertices" : [ 0, 3, 4 ]
    }, {
      "vertices" : [ 5, 8, 7 ]
    }, {
      "vertices" : [ 5, 7, 6 ]
    }, {
      "vertices" : [ 0, 4, 7 ]
    }, {
      "vertices" : [ 1, 9, 2 ]
    }, {
      "vertices" : [ 3, 6, 4 ]
    } ]
  }, {
    "id" : "fdeb0b38-ccf4-4add-84eb-e36cfcc01e83",
    "vertices" : [ {
      "x" : 2.118034,
      "y" : 10.281153,
      "z" : -3.927051
    }, {
      "x" : 4.236068,
      "y" : 4.236068,
      "z" : -9.472136
    }, {
      "x" : 6.354102,
      "y" : 3.427051,
      "z" : -1.309017
    } ],
    "faces" : [ {
      "vertices" : [ 0, 1, 2 ]
    }, {
      "vertices" : [ 0, 2, 1 ]
    } ]
  }, {
    "id" : "4bcd4073-df78-47e7-a1e5-87fd4d76c0f6",
    "vertices" : [ {
      "x" : 1.0,
      "y" : 0.309017,
      "z" : 0.19098301
    }, {
      "x" : 1.0,
      "y" : -0.309017,
      "z" : 0.19098301
    }, {
      "x" : 7.472136,
      "y" : -0.309017,
      "z" : 0.19098301
    }, {
      "x" : 7.472136,
      "y" : 0.309017,
      "z" : 0.19098301
    }, {
      "x" : 7.472136,
      "y" : -0.309017,
      "z" : -0.19098301
    }, {
      "x" : 7.472136,
      "y" : 0.309017,
      "z" : -0.19098301
    }, {
      "x" : 8.09017,
      "y" : 0.0,
      "z" : 0.0
    }, {
      "x" : 0.38196602,
      "y" : 0.0,
      "z" : 0.0
    }, {
      "x" : 1.0,
      "y" : 0.309017,
      "z" : -0.19098301
    }, {
      "x" : 1.0,
      "y" : -0.309017,
      "z" : -0.19098301
    }, {
      "x" : 8.472136,
      "y" : 0.0,
      "z" : 0.0
    } ],
    "faces" : [ {
      "vertices" : [ 1, 9, 4 ]
    }, {
      "vertices" : [ 1, 4, 2 ]
    }, {
      "vertices" : [ 0, 3, 5 ]
    }, {
      "vertices" : [ 0, 5, 8 ]
    }, {
      "vertices" : [ 1, 7, 9 ]
    }, {
      "vertices" : [ 0, 1, 2 ]
    }, {
      "vertices" : [ 0, 2, 3 ]
    }, {
      "vertices" : [ 7, 8, 9 ]
    }, {
      "vertices" : [ 0, 7, 1 ]
    }, {
      "vertices" : [ 4, 9, 8 ]
    }, {
      "vertices" : [ 4, 8, 5 ]
    }, {
      "vertices" : [ 2, 6, 3 ]
    }, {
      "vertices" : [ 2, 4, 6 ]
    }, {
      "vertices" : [ 3, 6, 5 ]
    }, {
      "vertices" : [ 4, 5, 6 ]
    }, {
      "vertices" : [ 0, 8, 7 ]
    } ]
  }, {
    "id" : "47537c52-c6a9-4d52-a817-b2c977b2992d",
    "vertices" : [ {
      "x" : 0.809017,
      "y" : 0.618034,
      "z" : -0.19098301
    }, {
      "x" : 0.809017,
      "y" : 0.0,
      "z" : -0.19098301
    }, {
      "x" : 0.309017,
      "y" : 0.11803399,
      "z" : 0.0
    }, {
      "x" : 6.045085,
      "y" : 2.618034,
      "z" : 0.19098301
    }, {
      "x" : 0.809017,
      "y" : 0.618034,
      "z" : 0.19098301
    }, {
      "x" : 0.809017,
      "y" : 0.0,
      "z" : 0.19098301
    }, {
      "x" : 6.045085,
      "y" : 2.0,
      "z" : 0.19098301
    }, {
      "x" : 6.545085,
      "y" : 2.5,
      "z" : 0.0
    }, {
      "x" : 6.045085,
      "y" : 2.618034,
      "z" : -0.19098301
    }, {
      "x" : 6.854102,
      "y" : 2.618034,
      "z" : 0.0
    }, {
      "x" : 6.045085,
      "y" : 2.0,
      "z" : -0.19098301
    } ],
    "faces" : [ {
      "vertices" : [ 3, 6, 7 ]
    }, {
      "vertices" : [ 3, 4, 5 ]
    }, {
      "vertices" : [ 3, 5, 6 ]
    }, {
      "vertices" : [ 3, 7, 8 ]
    }, {
      "vertices" : [ 0, 1, 2 ]
    }, {
      "vertices" : [ 0, 8, 10 ]
    }, {
      "vertices" : [ 0, 10, 1 ]
    }, {
      "vertices" : [ 1, 10, 6 ]
    }, {
      "vertices" : [ 1, 6, 5 ]
    }, {
      "vertices" : [ 0, 2, 4 ]
    }, {
      "vertices" : [ 6, 10, 7 ]
    }, {
      "vertices" : [ 1, 5, 2 ]
    }, {
      "vertices" : [ 7, 10, 8 ]
    }, {
      "vertices" : [ 2, 5, 4 ]
    }, {
      "vertices" : [ 0, 4, 3 ]
    }, {
      "vertices" : [ 0, 3, 8 ]
    } ]
  }, {
    "id" : "6e1b380d-130c-4180-bdc8-d9a6b3a51a85",
    "vertices" : [ {
      "x" : 2.927051,
      "y" : -8.972136,
      "z" : -6.045085
    }, {
      "x" : 0.0,
      "y" : -11.09017,
      "z" : 1.618034
    }, {
      "x" : 5.545085,
      "y" : -4.736068,
      "z" : 0.809017
    } ],
    "faces" : [ {
      "vertices" : [ 0, 1, 2 ]
    }, {
      "vertices" : [ 0, 2, 1 ]
    } ]
  }, {
    "id" : "1067a12d-9eef-4305-8a0e-66837d7dfd0e",
    "vertices" : [ {
      "x" : 6.854102,
      "y" : 0.0,
      "z" : -2.618034
    }, {
      "x" : 6.545085,
      "y" : 0.0,
      "z" : -2.5
    }, {
      "x" : 6.1405764,
      "y" : -0.1545085,
      "z" : -2.059017
    }, {
      "x" : 5.9495935,
      "y" : -0.1545085,
      "z" : -2.559017
    }, {
      "x" : 0.9045085,
      "y" : -0.1545085,
      "z" : -0.059016995
    }, {
      "x" : 0.809017,
      "y" : 0.309017,
      "z" : -0.309017
    }, {
      "x" : 0.309017,
      "y" : 0.0,
      "z" : -0.11803399
    }, {
      "x" : 6.045085,
      "y" : 0.309017,
      "z" : -2.309017
    }, {
      "x" : 0.7135255,
      "y" : -0.1545085,
      "z" : -0.559017
    } ],
    "faces" : [ {
      "vertices" : [ 2, 4, 8 ]
    }, {
      "vertices" : [ 2, 8, 3 ]
    }, {
      "vertices" : [ 2, 7, 5 ]
    }, {
      "vertices" : [ 2, 5, 4 ]
    }, {
      "vertices" : [ 4, 6, 8 ]
    }, {
      "vertices" : [ 5, 8, 6 ]
    }, {
      "vertices" : [ 1, 2, 3 ]
    }, {
      "vertices" : [ 3, 8, 5 ]
    }, {
      "vertices" : [ 3, 5, 7 ]
    }, {
      "vertices" : [ 1, 7, 2 ]
    }, {
      "vertices" : [ 1, 3, 7 ]
    }, {
      "vertices" : [ 4, 5, 6 ]
    } ]
  }, {
    "id" : "83aa8582-9a8d-45ae-80f0-18b6e13c28a6",
    "vertices" : [ {
      "x" : 3.427051,
      "y" : 1.309017,
      "z" : 6.354102
    }, {
      "x" : -3.427051,
      "y" : -1.309017,
      "z" : 10.59017
    }, {
      "x" : -2.618034,
      "y" : 6.854102,
      "z" : 8.472136
    } ],
    "faces" : [ {
      "vertices" : [ 0, 1, 2 ]
    }, {
      "vertices" : [ 0, 2, 1 ]
    } ]
  }, {
    "id" : "89270d9a-479a-40ec-87de-407cc28e4dde",
    "vertices" : [ {
      "x" : 3.427051,
      "y" : 1.309017,
      "z" : 6.354102
    }, {
      "x" : 6.354102,
      "y" : 3.427051,
      "z" : -1.309017
    }, {
      "x" : 5.545085,
      "y" : -4.736068,
      "z" : 0.809017
    } ],
    "faces" : [ {
      "vertices" : [ 0, 1, 2 ]
    }, {
      "vertices" : [ 0, 2, 1 ]
    } ]
  } ],
  "instances" : [ {
    "shape" : "f0e4b31a-11f9-4597-89a1-fe4f775a5f4f",
    "color" : "#FFFFFF",
    "position" : {
      "x" : -9.781153,
      "y" : -2.118034,
      "z" : 5.045085
    }
  }, {
    "shape" : "80346f93-ca53-427a-99ef-5ca0ed4fcda4",
    "color" : "#1E1E1E",
    "position" : {
      "x" : -8.972136,
      "y" : 6.045085,
      "z" : 2.927051
    },
    "orientation" : 25
  }, {
    "shape" : "f0e4b31a-11f9-4597-89a1-fe4f775a5f4f",
    "color" : "#FFFFFF",
    "position" : {
      "x" : -7.663119,
      "y" : -8.163119,
      "z" : -0.5
    }
  }, {
    "shape" : "80346f93-ca53-427a-99ef-5ca0ed4fcda4",
    "color" : "#1E1E1E",
    "position" : {
      "x" : -7.663119,
      "y" : -8.163119,
      "z" : -0.5
    },
    "orientation" : 46
  }, {
    "shape" : "80346f93-ca53-427a-99ef-5ca0ed4fcda4",
    "color" : "#1E1E1E",
    "position" : {
      "x" : 2.118034,
      "y" : 10.281153,
      "z" : -3.927051
    },
    "orientation" : 25
  }, {
    "shape" : "f0e4b31a-11f9-4597-89a1-fe4f775a5f4f",
    "color" : "#FFFFFF",
    "position" : {
      "x" : -6.045085,
      "y" : 8.163119,
      "z" : -4.736068
    }
  }, {
    "shape" : "fdeb0b38-ccf4-4add-84eb-e36cfcc01e83",
    "color" : "#B57FE2",
    "position" : {
      "x" : 0.0,
      "y" : 0.0,
      "z" : 0.0
    }
  }, {
    "shape" : "80346f93-ca53-427a-99ef-5ca0ed4fcda4",
    "color" : "#1E1E1E",
    "position" : {
      "x" : 4.236068,
      "y" : 4.236068,
      "z" : -9.472136
    },
    "orientation" : 2
  }, {
    "shape" : "f0e4b31a-11f9-4597-89a1-fe4f775a5f4f",
    "color" : "#FFFFFF",
    "position" : {
      "x" : -3.927051,
      "y" : 2.118034,
      "z" : -10.281153
    }
  }, {
    "shape" : "80346f93-ca53-427a-99ef-5ca0ed4fcda4",
    "color" : "#1E1E1E",
    "position" : {
      "x" : 4.236068,
      "y" : 9.472136,
      "z" : 4.236068
    },
    "orientation" : 25
  }, {
    "shape" : "80346f93-ca53-427a-99ef-5ca0ed4fcda4",
    "color" : "#1E1E1E",
    "position" : {
      "x" : 6.354102,
      "y" : 3.427051,
      "z" : -1.309017
    },
    "orientation" : 25
  }, {
    "shape" : "4bcd4073-df78-47e7-a1e5-87fd4d76c0f6",
    "color" : "#007695",
    "position" : {
      "x" : 4.236068,
      "y" : 9.472136,
      "z" : 4.236068
    },
    "orientation" : 41
  }, {
    "shape" : "f0e4b31a-11f9-4597-89a1-fe4f775a5f4f",
    "color" : "#FFFFFF",
    "position" : {
      "x" : 8.472136,
      "y" : -2.618034,
      "z" : -6.854102
    }
  }, {
    "shape" : "80346f93-ca53-427a-99ef-5ca0ed4fcda4",
    "color" : "#1E1E1E",
    "position" : {
      "x" : 0.0,
      "y" : -11.09017,
      "z" : 1.618034
    },
    "orientation" : 57
  }, {
    "shape" : "f0e4b31a-11f9-4597-89a1-fe4f775a5f4f",
    "color" : "#FFFFFF",
    "position" : {
      "x" : -8.972136,
      "y" : 6.045085,
      "z" : 2.927051
    }
  }, {
    "shape" : "f0e4b31a-11f9-4597-89a1-fe4f775a5f4f",
    "color" : "#FFFFFF",
    "position" : {
      "x" : -3.427051,
      "y" : -1.309017,
      "z" : 10.59017
    }
  }, {
    "shape" : "80346f93-ca53-427a-99ef-5ca0ed4fcda4",
    "color" : "#1E1E1E",
    "position" : {
      "x" : -6.854102,
      "y" : 0.0,
      "z" : -2.618034
    },
    "orientation" : 44
  }, {
    "shape" : "80346f93-ca53-427a-99ef-5ca0ed4fcda4",
    "color" : "#1E1E1E",
    "position" : {
      "x" : 2.927051,
      "y" : -8.972136,
      "z" : -6.045085
    },
    "orientation" : 44
  }, {
    "shape" : "f0e4b31a-11f9-4597-89a1-fe4f775a5f4f",
    "color" : "#FFFFFF",
    "position" : {
      "x" : -2.618034,
      "y" : 6.854102,
      "z" : 8.472136
    }
  }, {
    "shape" : "80346f93-ca53-427a-99ef-5ca0ed4fcda4",
    "color" : "#1E1E1E",
    "position" : {
      "x" : 2.118034,
      "y" : 10.281153,
      "z" : -3.927051
    },
    "orientation" : 2
  }, {
    "shape" : "4bcd4073-df78-47e7-a1e5-87fd4d76c0f6",
    "color" : "#007695",
    "position" : {
      "x" : 3.427051,
      "y" : 1.309017,
      "z" : 6.354102
    },
    "orientation" : 41
  }, {
    "shape" : "f0e4b31a-11f9-4597-89a1-fe4f775a5f4f",
    "color" : "#FFFFFF",
    "position" : {
      "x" : 0.0,
      "y" : 0.0,
      "z" : 0.0
    }
  }, {
    "shape" : "47537c52-c6a9-4d52-a817-b2c977b2992d",
    "color" : "#6C00C6",
    "position" : {
      "x" : 0.0,
      "y" : 0.0,
      "z" : 0.0
    },
    "orientation" : 3
  }, {
    "shape" : "6e1b380d-130c-4180-bdc8-d9a6b3a51a85",
    "color" : "#B57FE2",
    "position" : {
      "x" : 0.0,
      "y" : 0.0,
      "z" : 0.0
    }
  }, {
    "shape" : "80346f93-ca53-427a-99ef-5ca0ed4fcda4",
    "color" : "#1E1E1E",
    "position" : {
      "x" : -3.427051,
      "y" : -1.309017,
      "z" : 10.59017
    },
    "orientation" : 53
  }, {
    "shape" : "80346f93-ca53-427a-99ef-5ca0ed4fcda4",
    "color" : "#1E1E1E",
    "position" : {
      "x" : 5.545085,
      "y" : -4.736068,
      "z" : 0.809017
    },
    "orientation" : 46
  }, {
    "shape" : "f0e4b31a-11f9-4597-89a1-fe4f775a5f4f",
    "color" : "#FFFFFF",
    "position" : {
      "x" : 5.545085,
      "y" : -4.736068,
      "z" : 0.809017
    }
  }, {
    "shape" : "80346f93-ca53-427a-99ef-5ca0ed4fcda4",
    "color" : "#1E1E1E",
    "position" : {
      "x" : -9.781153,
      "y" : -2.118034,
      "z" : 5.045085
    },
    "orientation" : 25
  }, {
    "shape" : "80346f93-ca53-427a-99ef-5ca0ed4fcda4",
    "color" : "#1E1E1E",
    "position" : {
      "x" : 4.236068,
      "y" : 4.236068,
      "z" : -9.472136
    },
    "orientation" : 30
  }, {
    "shape" : "80346f93-ca53-427a-99ef-5ca0ed4fcda4",
    "color" : "#1E1E1E",
    "position" : {
      "x" : -2.618034,
      "y" : 6.854102,
      "z" : 8.472136
    },
    "orientation" : 24
  }, {
    "shape" : "80346f93-ca53-427a-99ef-5ca0ed4fcda4",
    "color" : "#1E1E1E",
    "position" : {
      "x" : -3.927051,
      "y" : 2.118034,
      "z" : -10.281153
    },
    "orientation" : 44
  }, {
    "shape" : "80346f93-ca53-427a-99ef-5ca0ed4fcda4",
    "color" : "#1E1E1E",
    "position" : {
      "x" : 0.0,
      "y" : -11.09017,
      "z" : 1.618034
    },
    "orientation" : 6
  }, {
    "shape" : "f0e4b31a-11f9-4597-89a1-fe4f775a5f4f",
    "color" : "#FFFFFF",
    "position" : {
      "x" : -4.736068,
      "y" : -6.045085,
      "z" : -8.163119
    }
  }, {
    "shape" : "47537c52-c6a9-4d52-a817-b2c977b2992d",
    "color" : "#6C00C6",
    "position" : {
      "x" : 3.427051,
      "y" : 1.309017,
      "z" : 6.354102
    },
    "orientation" : 50
  }, {
    "shape" : "f0e4b31a-11f9-4597-89a1-fe4f775a5f4f",
    "color" : "#FFFFFF",
    "position" : {
      "x" : 2.618034,
      "y" : -6.854102,
      "z" : 8.472136
    }
  }, {
    "shape" : "80346f93-ca53-427a-99ef-5ca0ed4fcda4",
    "color" : "#1E1E1E",
    "position" : {
      "x" : 2.618034,
      "y" : -6.854102,
      "z" : 8.472136
    },
    "orientation" : 46
  }, {
    "shape" : "f0e4b31a-11f9-4597-89a1-fe4f775a5f4f",
    "color" : "#FFFFFF",
    "position" : {
      "x" : 0.0,
      "y" : -11.09017,
      "z" : 1.618034
    }
  }, {
    "shape" : "f0e4b31a-11f9-4597-89a1-fe4f775a5f4f",
    "color" : "#FFFFFF",
    "position" : {
      "x" : 6.354102,
      "y" : 3.427051,
      "z" : -1.309017
    }
  }, {
    "shape" : "1067a12d-9eef-4305-8a0e-66837d7dfd0e",
    "color" : "#F0A000",
    "position" : {
      "x" : 0.0,
      "y" : 0.0,
      "z" : 0.0
    },
    "orientation" : 30
  }, {
    "shape" : "80346f93-ca53-427a-99ef-5ca0ed4fcda4",
    "color" : "#1E1E1E",
    "position" : {
      "x" : -2.618034,
      "y" : 6.854102,
      "z" : 8.472136
    },
    "orientation" : 53
  }, {
    "shape" : "4bcd4073-df78-47e7-a1e5-87fd4d76c0f6",
    "color" : "#007695",
    "position" : {
      "x" : 0.0,
      "y" : -11.09017,
      "z" : 1.618034
    },
    "orientation" : 10
  }, {
    "shape" : "f0e4b31a-11f9-4597-89a1-fe4f775a5f4f",
    "color" : "#FFFFFF",
    "position" : {
      "x" : 2.118034,
      "y" : 10.281153,
      "z" : -3.927051
    }
  }, {
    "shape" : "f0e4b31a-11f9-4597-89a1-fe4f775a5f4f",
    "color" : "#FFFFFF",
    "position" : {
      "x" : -6.854102,
      "y" : 0.0,
      "z" : -2.618034
    }
  }, {
    "shape" : "47537c52-c6a9-4d52-a817-b2c977b2992d",
    "color" : "#6C00C6",
    "position" : {
      "x" : 5.545085,
      "y" : -4.736068,
      "z" : 0.809017
    },
    "orientation" : 54
  }, {
    "shape" : "f0e4b31a-11f9-4597-89a1-fe4f775a5f4f",
    "color" : "#FFFFFF",
    "position" : {
      "x" : 3.427051,
      "y" : 1.309017,
      "z" : 6.354102
    }
  }, {
    "shape" : "80346f93-ca53-427a-99ef-5ca0ed4fcda4",
    "color" : "#1E1E1E",
    "position" : {
      "x" : -4.736068,
      "y" : -6.045085,
      "z" : -8.163119
    },
    "orientation" : 44
  }, {
    "shape" : "f0e4b31a-11f9-4597-89a1-fe4f775a5f4f",
    "color" : "#FFFFFF",
    "position" : {
      "x" : 2.927051,
      "y" : -8.972136,
      "z" : -6.045085
    }
  }, {
    "shape" : "4bcd4073-df78-47e7-a1e5-87fd4d76c0f6",
    "color" : "#007695",
    "position" : {
      "x" : 6.354102,
      "y" : 3.427051,
      "z" : -1.309017
    },
    "orientation" : 54
  }, {
    "shape" : "80346f93-ca53-427a-99ef-5ca0ed4fcda4",
    "color" : "#1E1E1E",
    "position" : {
      "x" : 3.427051,
      "y" : 1.309017,
      "z" : 6.354102
    },
    "orientation" : 46
  }, {
    "shape" : "80346f93-ca53-427a-99ef-5ca0ed4fcda4",
    "color" : "#1E1E1E",
    "position" : {
      "x" : 2.118034,
      "y" : 10.281153,
      "z" : -3.927051
    },
    "orientation" : 30
  }, {
    "shape" : "83aa8582-9a8d-45ae-80f0-18b6e13c28a6",
    "color" : "#B57FE2",
    "position" : {
      "x" : 0.0,
      "y" : 0.0,
      "z" : 0.0
    }
  }, {
    "shape" : "80346f93-ca53-427a-99ef-5ca0ed4fcda4",
    "color" : "#1E1E1E",
    "position" : {
      "x" : 2.927051,
      "y" : -8.972136,
      "z" : -6.045085
    },
    "orientation" : 6
  }, {
    "shape" : "80346f93-ca53-427a-99ef-5ca0ed4fcda4",
    "color" : "#1E1E1E",
    "position" : {
      "x" : 8.472136,
      "y" : -2.618034,
      "z" : -6.854102
    },
    "orientation" : 44
  }, {
    "shape" : "80346f93-ca53-427a-99ef-5ca0ed4fcda4",
    "color" : "#1E1E1E",
    "position" : {
      "x" : -6.045085,
      "y" : 8.163119,
      "z" : -4.736068
    },
    "orientation" : 44
  }, {
    "shape" : "80346f93-ca53-427a-99ef-5ca0ed4fcda4",
    "color" : "#1E1E1E",
    "position" : {
      "x" : -3.427051,
      "y" : -1.309017,
      "z" : 10.59017
    },
    "orientation" : 24
  }, {
    "shape" : "89270d9a-479a-40ec-87de-407cc28e4dde",
    "color" : "#F7CF7F",
    "position" : {
      "x" : 0.0,
      "y" : 0.0,
      "z" : 0.0
    }
  }, {
    "shape" : "80346f93-ca53-427a-99ef-5ca0ed4fcda4",
    "color" : "#1E1E1E",
    "position" : {
      "x" : 3.427051,
      "y" : 1.309017,
      "z" : 6.354102
    },
    "orientation" : 25
  }, {
    "shape" : "80346f93-ca53-427a-99ef-5ca0ed4fcda4",
    "color" : "#1E1E1E",
    "position" : {
      "x" : -3.427051,
      "y" : -1.309017,
      "z" : 10.59017
    },
    "orientation" : 46
  }, {
    "shape" : "80346f93-ca53-427a-99ef-5ca0ed4fcda4",
    "color" : "#1E1E1E",
    "position" : {
      "x" : 6.354102,
      "y" : 3.427051,
      "z" : -1.309017
    },
    "orientation" : 44
  }, {
    "shape" : "4bcd4073-df78-47e7-a1e5-87fd4d76c0f6",
    "color" : "#007695",
    "position" : {
      "x" : 2.927051,
      "y" : -8.972136,
      "z" : -6.045085
    },
    "orientation" : 10
  }, {
    "shape" : "80346f93-ca53-427a-99ef-5ca0ed4fcda4",
    "color" : "#1E1E1E",
    "position" : {
      "x" : -4.736068,
      "y" : -6.045085,
      "z" : -8.163119
    },
    "orientation" : 46
  }, {
    "shape" : "80346f93-ca53-427a-99ef-5ca0ed4fcda4",
    "color" : "#1E1E1E",
    "position" : {
      "x" : -9.781153,
      "y" : -2.118034,
      "z" : 5.045085
    },
    "orientation" : 46
  }, {
    "shape" : "f0e4b31a-11f9-4597-89a1-fe4f775a5f4f",
    "color" : "#FFFFFF",
    "position" : {
      "x" : 4.236068,
      "y" : 4.236068,
      "z" : -9.472136
    }
  }, {
    "shape" : "80346f93-ca53-427a-99ef-5ca0ed4fcda4",
    "color" : "#1E1E1E",
    "position" : {
      "x" : -6.854102,
      "y" : 0.0,
      "z" : -2.618034
    },
    "orientation" : 46
  }, {
    "shape" : "80346f93-ca53-427a-99ef-5ca0ed4fcda4",
    "color" : "#1E1E1E",
    "position" : {
      "x" : 2.927051,
      "y" : -8.972136,
      "z" : -6.045085
    },
    "orientation" : 57
  }, {
    "shape" : "f0e4b31a-11f9-4597-89a1-fe4f775a5f4f",
    "color" : "#FFFFFF",
    "position" : {
      "x" : 4.236068,
      "y" : 9.472136,
      "z" : 4.236068
    }
  }, {
    "shape" : "80346f93-ca53-427a-99ef-5ca0ed4fcda4",
    "color" : "#1E1E1E",
    "position" : {
      "x" : -6.854102,
      "y" : 0.0,
      "z" : -2.618034
    },
    "orientation" : 25
  }, {
    "shape" : "80346f93-ca53-427a-99ef-5ca0ed4fcda4",
    "color" : "#1E1E1E",
    "position" : {
      "x" : -6.045085,
      "y" : 8.163119,
      "z" : -4.736068
    },
    "orientation" : 25
  }, {
    "shape" : "4bcd4073-df78-47e7-a1e5-87fd4d76c0f6",
    "color" : "#007695",
    "position" : {
      "x" : 8.472136,
      "y" : -2.618034,
      "z" : -6.854102
    },
    "orientation" : 54
  }, {
    "shape" : "80346f93-ca53-427a-99ef-5ca0ed4fcda4",
    "color" : "#1E1E1E",
    "position" : {
      "x" : 5.545085,
      "y" : -4.736068,
      "z" : 0.809017
    },
    "orientation" : 44
  } ]
}