{
  "field" : "golden",
  "symmetry" : "icosahedral",
  "orientations" : [ [ 1.0, 0.0, 0.0, 0.0, 0.0, 1.0, 0.0, 0.0, 0.0, 0.0, 1.0, 0.0, 0.0, 0.0, 0.0, 1.0 ], [ 0.0, 0.0, 1.0, 0.0, 1.0, 0.0, 0.0, 0.0, 0.0, 1.0, 0.0, 0.0, 0.0, 0.0, 0.0, 1.0 ], [ 0.0, 1.0, 0.0, 0.0, 0.0, 0.0, 1.0, 0.0, 1.0, 0.0, 0.0, 0.0, 0.0, 0.0, 0.0, 1.0 ], [ 0.809017, 0.309017, 0.5, 0.0, 0.309017, 0.5, -0.809017, 0.0, -0.5, 0.809017, 0.309017, 0.0, 0.0, 0.0, 0.0, 1.0 ], [ -0.5, 0.809017, 0.309017, 0.0, 0.809017, 0.309017, 0.5, 0.0, 0.309017, 0.5, -0.809017, 0.0, 0.0, 0.0, 0.0, 1.0 ], [ 0.309017, 0.5, -0.809017, 0.0, -0.5, 0.809017, 0.309017, 0.0, 0.809017, 0.309017, 0.5, 0.0, 0.0, 0.0, 0.0, 1.0 ], [ 0.5, 0.809017, 0.309017, 0.0, 0.809017, -0.309017, -0.5, 0.0, -0.309017, 0.5, -0.809017, 0.0, 0.0, 0.0, 0.0, 1.0 ], [ -0.309017, 0.5, -0.809017, 0.0, 0.5, 0.809017, 0.309017, 0.0, 0.809017, -0.309017, -0.5, 0.0, 0.0, 0.0, 0.0, 1.0 ], [ 0.809017, -0.309017, -0.5, 0.0, -0.309017, 0.5, -0.809017, 0.0, 0.5, 0.809017, 0.309017, 0.0, 0.0, 0.0, 0.0, 1.0 ], [ 0.5, 0.809017, -0.309017, 0.0, 0.809017, -0.309017, 0.5, 0.0, 0.309017, -0.5, -0.809017, 0.0, 0.0, 0.0, 0.0, 1.0 ], [ 0.309017, -0.5, -0.809017, 0.0, 0.5, 0.809017, -0.309017, 0.0, 0.809017, -0.309017, 0.5, 0.0, 0.0, 0.0, 0.0, 1.0 ], [ 0.809017, -0.309017, 0.5, 0.0, 0.309017, -0.5, -0.809017, 0.0, 0.5, 0.809017, -0.309017, 0.0, 0.0, 0.0, 0.0, 1.0 ], [ 0.809017, 0.309017, -0.5, 0.0, 0.309017, 0.5, 0.809017, 0.0, 0.5, -0.809017, 0.309017, 0.0, 0.0, 0.0, 0.0, 1.0 ], [ 0.5, -0.809017, 0.309017, 0.0, 0.809017, 0.309017, -0.5, 0.0, 0.309017, 0.5, 0.809017, 0.0, 0.0, 0.0, 0.0, 1.0 ], [ 0.309017, 0.5, 0.809017, 0.0, 0.5, -0.809017, 0.309017, 0.0, 0.809017, 0.309017, -0.5, 0.0, 0.0, 0.0, 0.0, 1.0 ], [ 1.0, 0.0, 0.0, 0.0, 0.0, -1.0, 0.0, 0.0, 0.0, 0.0, -1.0, 0.0, 0.0, 0.0, 0.0, 1.0 ], [ 0.0, 0.0, 1.0, 0.0, -1.0, 0.0, 0.0, 0.0, 0.0, -1.0, 0.0, 0.0, 0.0, 0.0, 0.0, 1.0 ], [ 0.0, 1.0, 0.0, 0.0, 0.0, 0.0, -1.0, 0.0, -1.0, 0.0, 0.0, 0.0, 0.0, 0.0, 0.0, 1.0 ], [ 0.809017, 0.309017, 0.5, 0.0, -0.309017, -0.5, 0.809017, 0.0, 0.5, -0.809017, -0.309017, 0.0, 0.0, 0.0, 0.0, 1.0 ], [ -0.5, 0.809017, 0.309017, 0.0, -0.809017, -0.309017, -0.5, 0.0, -0.309017, -0.5, 0.809017, 0.0, 0.0, 0.0, 0.0, 1.0 ], [ 0.309017, 0.5, -0.809017, 0.0, 0.5, -0.809017, -0.309017, 0.0, -0.809017, -0.309017, -0.5, 0.0, 0.0, 0.0, 0.0, 1.0 ], [ 0.5, 0.809017, 0.309017, 0.0, -0.809017, 0.309017, 0.5, 0.0, 0.309017, -0.5, 0.809017, 0.0, 0.0, 0.0, 0.0, 1.0 ], [ -0.309017, 0.5, -0.809017, 0.0, -0.5, -0.809017, -0.309017, 0.0, -0.809017, 0.309017, 0.5, 0.0, 0.0, 0.0, 0.0, 1.0 ], [ 0.809017, -0.309017, -0.5, 0.0, 0.309017, -0.5, 0.809017, 0.0, -0.5, -0.809017, -0.309017, 0.0, 0.0, 0.0, 0.0, 1.0 ], [ 0.5, 0.809017, -0.309017, 0.0, -0.809017, 0.309017, -0.5, 0.0, -0.309017, 0.5, 0.809017, 0.0, 0.0, 0.0, 0.0, 1.0 ], [ 0.309017, -0.5, -0.809017, 0.0, -0.5, -0.809017, 0.309017, 0.0, -0.809017, 0.309017, -0.5, 0.0, 0.0, 0.0, 0.0, 1.0 ], [ 0.809017, -0.309017, 0.5, 0.0, -0.309017, 0.5, 0.809017, 0.0, -0.5, -0.809017, 0.309017, 0.0, 0.0, 0.0, 0.0, 1.0 ], [ 0.809017, 0.309017, -0.5, 0.0, -0.309017, -0.5, -0.809017, 0.0, -0.5, 0.809017, -0.309017, 0.0, 0.0, 0.0, 0.0, 1.0 ], [ 0.5, -0.809017, 0.309017, 0.0, -0.809017, -0.309017, 0.5, 0.0, -0.309017, -0.5, -0.809017, 0.0, 0.0, 0.0, 0.0, 1.0 ], [ 0.309017, 0.5, 0.809017, 0.0, -0.5, 0.809017, -0.309017, 0.0, -0.809017, -0.309017, 0.5, 0.0, 0.0, 0.0, 0.0, 1.0 ], [ -1.0, 0.0, 0.0, 0.0, 0.0, -1.0, 0.0, 0.0, 0.0, 0.0, 1.0, 0.0, 0.0, 0.0, 0.0, 1.0 ], [ 0.0, 0.0, -1.0, 0.0, -1.0, 0.0, 0.0, 0.0, 0.0, 1.0, 0.0, 0.0, 0.0, 0.0, 0.0, 1.0 ], [ 0.0, -1.0, 0.0, 0.0, 0.0, 0.0, -1.0, 0.0, 1.0, 0.0, 0.0, 0.0, 0.0, 0.0, 0.0, 1.0 ], [ -0.809017, -0.309017, -0.5, 0.0, -0.309017, -0.5, 0.809017, 0.0, -0.5, 0.809017, 0.309017, 0.0, 0.0, 0.0, 0.0, 1.0 ], [ 0.5, -0.809017, -0.309017, 0.0, -0.809017, -0.309017, -0.5, 0.0, 0.309017, 0.5, -0.809017, 0.0, 0.0, 0.0, 0.0, 1.0 ], [ -0.309017, -0.5, 0.809017, 0.0, 0.5, -0.809017, -0.309017, 0.0, 0.809017, 0.309017, 0.5, 0.0, 0.0, 0.0, 0.0, 1.0 ], [ -0.5, -0.809017, -0.309017, 0.0, -0.809017, 0.309017, 0.5, 0.0, -0.309017, 0.5, -0.809017, 0.0, 0.0, 0.0, 0.0, 1.0 ], [ 0.309017, -0.5, 0.809017, 0.0, -0.5, -0.809017, -0.309017, 0.0, 0.809017, -0.309017, -0.5, 0.0, 0.0, 0.0, 0.0, 1.0 ], [ -0.809017, 0.309017, 0.5, 0.0, 0.309017, -0.5, 0.809017, 0.0, 0.5, 0.809017, 0.309017, 0.0, 0.0, 0.0, 0.0, 1.0 ], [ -0.5, -0.809017, 0.309017, 0.0, -0.809017, 0.309017, -0.5, 0.0, 0.309017, -0.5, -0.809017, 0.0, 0.0, 0.0, 0.0, 1.0 ], [ -0.309017, 0.5, 0.809017, 0.0, -0.5, -0.809017, 0.309017, 0.0, 0.809017, -0.309017, 0.5, 0.0, 0.0, 0.0, 0.0, 1.0 ], [ -0.809017, 0.309017, -0.5, 0.0, -0.309017, 0.5, 0.809017, 0.0, 0.5, 0.809017, -0.309017, 0.0, 0.0, 0.0, 0.0, 1.0 ], [ -0.809017, -0.309017, 0.5, 0.0, -0.309017, -0.5, -0.809017, 0.0, 0.5, -0.809017, 0.309017, 0.0, 0.0, 0.0, 0.0, 1.0 ], [ -0.5, 0.809017, -0.309017, 0.0, -0.809017, -0.309017, 0.5, 0.0, 0.309017, 0.5, 0.809017, 0.0, 0.0, 0.0, 0.0, 1.0 ], [ -0.309017, -0.5, -0.809017, 0.0, -0.5, 0.809017, -0.309017, 0.0, 0.809017, 0.309017, -0.5, 0.0, 0.0, 0.0, 0.0, 1.0 ], [ -1.0, 0.0, 0.0, 0.0, 0.0, 1.0, 0.0, 0.0, 0.0, 0.0, -1.0, 0.0, 0.0, 0.0, 0.0, 1.0 ], [ 0.0, 0.0, -1.0, 0.0, 1.0, 0.0, 0.0, 0.0, 0.0, -1.0, 0.0, 0.0, 0.0, 0.0, 0.0, 1.0 ], [ 0.0, -1.0, 0.0, 0.0, 0.0, 0.0, 1.0, 0.0, -1.0, 0.0, 0.0, 0.0, 0.0, 0.0, 0.0, 1.0 ], [ -0.809017, -0.309017, -0.5, 0.0, 0.309017, 0.5, -0.809017, 0.0, 0.5, -0.809017, -0.309017, 0.0, 0.0, 0.0, 0.0, 1.0 ], [ 0.5, -0.809017, -0.309017, 0.0, 0.809017, 0.309017, 0.5, 0.0, -0.309017, -0.5, 0.809017, 0.0, 0.0, 0.0, 0.0, 1.0 ], [ -0.309017, -0.5, 0.809017, 0.0, -0.5, 0.809017, 0.309017, 0.0, -0.809017, -0.309017, -0.5, 0.0, 0.0, 0.0, 0.0, 1.0 ], [ -0.5, -0.809017, -0.309017, 0.0, 0.809017, -0.309017, -0.5, 0.0, 0.309017, -0.5, 0.809017, 0.0, 0.0, 0.0, 0.0, 1.0 ], [ 0.309017, -0.5, 0.809017, 0.0, 0.5, 0.809017, 0.309017, 0.0, -0.809017, 0.309017, 0.5, 0.0, 0.0, 0.0, 0.0, 1.0 ], [ -0.809017, 0.309017, 0.5, 0.0, -0.309017, 0.5, -0.809017, 0.0, -0.5, -0.809017, -0.309017, 0.0, 0.0, 0.0, 0.0, 1.0 ], [ -0.5, -0.809017, 0.309017, 0.0, 0.809017, -0.309017, 0.5, 0.0, -0.309017, 0.5, 0.809017, 0.0, 0.0, 0.0, 0.0, 1.0 ], [ -0.309017, 0.5, 0.809017, 0.0, 0.5, 0.809017, -0.309017, 0.0, -0.809017, 0.309017, -0.5, 0.0, 0.0, 0.0, 0.0, 1.0 ], [ -0.809017, 0.309017, -0.5, 0.0, 0.309017, -0.5, -0.809017, 0.0, -0.5, -0.809017, 0.309017, 0.0, 0.0, 0.0, 0.0, 1.0 ], [ -0.809017, -0.309017, 0.5, 0.0, 0.309017, 0.5, 0.809017, 0.0, -0.5, 0.809017, -0.309017, 0.0, 0.0, 0.0, 0.0, 1.0 ], [ -0.5, 0.809017, -0.309017, 0.0, 0.809017, 0.309017, -0.5, 0.0, -0.309017, -0.5, -0.809017, 0.0, 0.0, 0.0, 0.0, 1.0 ], [ -0.309017, -0.5, -0.809017, 0.0, 0.5, -0.809017, 0.309017, 0.0, -0.809017, -0.309017, 0.5, 0.0, 0.0, 0.0, 0.0, 1.0 ] ],
  "lights" : {
    "ambientColor" : "#292929",
    "backgroundColor" : "#CCCCCC",
    "directionalLights" : [ {
      "direction" : [ 1.0, -1.0, -1.0 ],
      "color" : "#EBEBE4"
    }, {
      "direction" : [ -1.0, 0.0, 0.0 ],
      "color" : "#E4E4EB"
    }, {
      "direction" : [ 0.0, 0.0, -1.0 ],
      "color" : "#1E1E1E"
    } ]
  },
  "camera" : {
    "stereo" : false,
    "width" : 79.07295,
    "perspective" : true,
    "lookDirection" : {
      "x" : -0.309017,
      "y" : -0.5,
      "z" : -0.809017
    },
    "upDirection" : {
      "x" : -0.809017,
      "y" : -0.30901697,
      "z" : 0.49999997
    },
    "lookAtPoint" : {
      "x" : 0.0,
      "y" : 0.0,
      "z" : 0.0
    },
    "viewDistance" : 175.71783,
    "nearClipDistance" : 0.43929464,
    "farClipDistance" : 351.4348,
    "fieldOfView" : 0.44262847,
    "position" : {
      "x" : 54.299797,
      "y" : 87.85892,
      "z" : 142.15872
    }
  },
  "embedding" : [ 1.0, 0.0, 0.0, 0.0, 0.0, 1.0, 0.0, 0.0, 0.0, 0.0, 1.0, 0.0, 0.0, 0.0, 0.0, 1.0 ],
  "shapes" : [ {
    "id" : "f11c1a95-6998-4a2c-9644-6838226db27e",
    "vertices" : [ {
      "x" : 0.309017,
      "y" : -0.309017,
      "z" : -0.309017
    }, {
      "x" : 0.5,
      "y" : 0.0,
      "z" : -0.19098301
    }, {
      "x" : 0.5,
      "y" : 0.0,
      "z" : 0.19098301
    }, {
      "x" : 0.309017,
      "y" : -0.309017,
      "z" : 0.309017
    }, {
      "x" : 0.19098301,
      "y" : -0.5,
      "z" : 0.0
    }, {
      "x" : 0.0,
      "y" : 0.19098301,
      "z" : 0.5
    }, {
      "x" : 0.0,
      "y" : -0.19098301,
      "z" : 0.5
    }, {
      "x" : 0.309017,
      "y" : 0.309017,
      "z" : 0.309017
    }, {
      "x" : -0.309017,
      "y" : -0.309017,
      "z" : 0.309017
    }, {
      "x" : -0.309017,
      "y" : 0.309017,
      "z" : 0.309017
    }, {
      "x" : -0.5,
      "y" : 0.0,
      "z" : 0.19098301
    }, {
      "x" : 0.0,
      "y" : -0.19098301,
      "z" : -0.5
    }, {
      "x" : 0.0,
      "y" : 0.19098301,
      "z" : -0.5
    }, {
      "x" : 0.309017,
      "y" : 0.309017,
      "z" : -0.309017
    }, {
      "x" : -0.309017,
      "y" : -0.309017,
      "z" : -0.309017
    }, {
      "x" : -0.19098301,
      "y" : -0.5,
      "z" : 0.0
    }, {
      "x" : -0.5,
      "y" : 0.0,
      "z" : -0.19098301
    }, {
      "x" : 0.19098301,
      "y" : 0.5,
      "z" : 0.0
    }, {
      "x" : -0.309017,
      "y" : 0.309017,
      "z" : -0.309017
    }, {
      "x" : 0.0,
      "y" : 0.0,
      "z" : 0.0
    }, {
      "x" : -0.19098301,
      "y" : 0.5,
      "z" : 0.0
    } ],
    "faces" : [ {
      "vertices" : [ 12, 18, 20 ]
    }, {
      "vertices" : [ 12, 20, 17 ]
    }, {
      "vertices" : [ 12, 17, 13 ]
    }, {
      "vertices" : [ 3, 6, 8 ]
    }, {
      "vertices" : [ 3, 8, 15 ]
    }, {
      "vertices" : [ 3, 15, 4 ]
    }, {
      "vertices" : [ 0, 11, 12 ]
    }, {
      "vertices" : [ 0, 12, 13 ]
    }, {
      "vertices" : [ 0, 13, 1 ]
    }, {
      "vertices" : [ 5, 9, 10 ]
    }, {
      "vertices" : [ 5, 10, 8 ]
    }, {
      "vertices" : [ 5, 8, 6 ]
    }, {
      "vertices" : [ 2, 7, 5 ]
    }, {
      "vertices" : [ 2, 5, 6 ]
    }, {
      "vertices" : [ 2, 6, 3 ]
    }, {
      "vertices" : [ 11, 14, 16 ]
    }, {
      "vertices" : [ 11, 16, 18 ]
    }, {
      "vertices" : [ 11, 18, 12 ]
    }, {
      "vertices" : [ 1, 13, 17 ]
    }, {
      "vertices" : [ 1, 17, 7 ]
    }, {
      "vertices" : [ 1, 7, 2 ]
    }, {
      "vertices" : [ 9, 20, 18 ]
    }, {
      "vertices" : [ 9, 18, 16 ]
    }, {
      "vertices" : [ 9, 16, 10 ]
    }, {
      "vertices" : [ 0, 1, 2 ]
    }, {
      "vertices" : [ 0, 2, 3 ]
    }, {
      "vertices" : [ 0, 3, 4 ]
    }, {
      "vertices" : [ 5, 7, 17 ]
    }, {
      "vertices" : [ 5, 17, 20 ]
    }, {
      "vertices" : [ 5, 20, 9 ]
    }, {
      "vertices" : [ 0, 4, 15 ]
    }, {
      "vertices" : [ 0, 15, 14 ]
    }, {
      "vertices" : [ 0, 14, 11 ]
    }, {
      "vertices" : [ 8, 10, 16 ]
    }, {
      "vertices" : [ 8, 16, 14 ]
    }, {
      "vertices" : [ 8, 14, 15 ]
    } ]
  }, {
    "id" : "2d7e76ac-fa3a-4a66-b359-aab0c54289d0",
    "vertices" : [ {
      "x" : 12.889541,
      "y" : 4.9233665,
      "z" : -1.8805586
    }, {
      "x" : 12.507574,
      "y" : 4.4684515,
      "z" : -1.6895757
    }, {
      "x" : 12.344456,
      "y" : 4.7323833,
      "z" : -2.1166265
    }, {
      "x" : 12.271506,
      "y" : 4.9963155,
      "z" : -1.9256436
    }, {
      "x" : 0.85410196,
      "y" : 0.309017,
      "z" : 0.19098301
    }, {
      "x" : 0.690983,
      "y" : 0.572949,
      "z" : -0.23606798
    }, {
      "x" : 0.309017,
      "y" : 0.11803399,
      "z" : -0.045084972
    }, {
      "x" : 0.76393205,
      "y" : 0.309017,
      "z" : -0.42705098
    }, {
      "x" : 0.927051,
      "y" : 0.045084972,
      "z" : 0.0
    }, {
      "x" : 12.434626,
      "y" : 4.7323833,
      "z" : -1.4985926
    }, {
      "x" : 13.198558,
      "y" : 5.0414004,
      "z" : -1.9256436
    } ],
    "faces" : [ {
      "vertices" : [ 2, 7, 5 ]
    }, {
      "vertices" : [ 2, 5, 3 ]
    }, {
      "vertices" : [ 1, 8, 7 ]
    }, {
      "vertices" : [ 1, 7, 2 ]
    }, {
      "vertices" : [ 4, 6, 8 ]
    }, {
      "vertices" : [ 5, 7, 6 ]
    }, {
      "vertices" : [ 0, 1, 2 ]
    }, {
      "vertices" : [ 0, 2, 3 ]
    }, {
      "vertices" : [ 6, 7, 8 ]
    }, {
      "vertices" : [ 3, 5, 4 ]
    }, {
      "vertices" : [ 3, 4, 9 ]
    }, {
      "vertices" : [ 1, 9, 4 ]
    }, {
      "vertices" : [ 1, 4, 8 ]
    }, {
      "vertices" : [ 0, 9, 1 ]
    }, {
      "vertices" : [ 0, 3, 9 ]
    }, {
      "vertices" : [ 4, 5, 6 ]
    } ]
  }, {
    "id" : "61b46106-9783-4a3f-814b-f536ede9eb44",
    "vertices" : [ {
      "x" : 1.0994585,
      "y" : 12.262478,
      "z" : 5.1651855
    }, {
      "x" : 1.4994584,
      "y" : 12.1624775,
      "z" : 5.0651855
    }, {
      "x" : 0.33583155,
      "y" : 0.44572628,
      "z" : 0.3665685
    }, {
      "x" : -0.064168446,
      "y" : 0.5457263,
      "z" : 0.46656853
    }, {
      "x" : 1.6327918,
      "y" : 11.929144,
      "z" : 5.3651853
    }, {
      "x" : 1.2327918,
      "y" : 12.029144,
      "z" : 5.4651856
    }, {
      "x" : -0.19750178,
      "y" : 0.7790596,
      "z" : 0.16656852
    }, {
      "x" : 0.20249821,
      "y" : 0.6790596,
      "z" : 0.066568516
    } ],
    "faces" : [ {
      "vertices" : [ 2, 3, 6 ]
    }, {
      "vertices" : [ 2, 6, 7 ]
    }, {
      "vertices" : [ 0, 5, 4 ]
    }, {
      "vertices" : [ 0, 4, 1 ]
    }, {
      "vertices" : [ 2, 4, 5 ]
    }, {
      "vertices" : [ 2, 5, 3 ]
    }, {
      "vertices" : [ 0, 6, 3 ]
    }, {
      "vertices" : [ 0, 3, 5 ]
    }, {
      "vertices" : [ 0, 1, 7 ]
    }, {
      "vertices" : [ 0, 7, 6 ]
    }, {
      "vertices" : [ 1, 4, 2 ]
    }, {
      "vertices" : [ 1, 2, 7 ]
    } ]
  }, {
    "id" : "4c70a206-2968-40cc-93e2-85ee44606762",
    "vertices" : [ {
      "x" : 1.0,
      "y" : 0.309017,
      "z" : 0.19098301
    }, {
      "x" : 1.0,
      "y" : -0.309017,
      "z" : 0.19098301
    }, {
      "x" : 21.545828,
      "y" : -0.309017,
      "z" : 0.19098301
    }, {
      "x" : 21.545828,
      "y" : 0.309017,
      "z" : 0.19098301
    }, {
      "x" : 21.545828,
      "y" : -0.309017,
      "z" : -0.19098301
    }, {
      "x" : 21.545828,
      "y" : 0.309017,
      "z" : -0.19098301
    }, {
      "x" : 22.163862,
      "y" : 0.0,
      "z" : 0.0
    }, {
      "x" : 0.38196602,
      "y" : 0.0,
      "z" : 0.0
    }, {
      "x" : 1.0,
      "y" : 0.309017,
      "z" : -0.19098301
    }, {
      "x" : 1.0,
      "y" : -0.309017,
      "z" : -0.19098301
    }, {
      "x" : 22.545828,
      "y" : 0.0,
      "z" : 0.0
    } ],
    "faces" : [ {
      "vertices" : [ 1, 9, 4 ]
    }, {
      "vertices" : [ 1, 4, 2 ]
    }, {
      "vertices" : [ 0, 3, 5 ]
    }, {
      "vertices" : [ 0, 5, 8 ]
    }, {
      "vertices" : [ 1, 7, 9 ]
    }, {
      "vertices" : [ 0, 1, 2 ]
    }, {
      "vertices" : [ 0, 2, 3 ]
    }, {
      "vertices" : [ 7, 8, 9 ]
    }, {
      "vertices" : [ 0, 7, 1 ]
    }, {
      "vertices" : [ 4, 9, 8 ]
    }, {
      "vertices" : [ 4, 8, 5 ]
    }, {
      "vertices" : [ 2, 6, 3 ]
    }, {
      "vertices" : [ 2, 4, 6 ]
    }, {
      "vertices" : [ 3, 6, 5 ]
    }, {
      "vertices" : [ 4, 5, 6 ]
    }, {
      "vertices" : [ 0, 8, 7 ]
    } ]
  }, {
    "id" : "eeeaad7f-450a-4b7e-95d9-60294618b355",
    "vertices" : [ {
      "x" : 1.0,
      "y" : 0.309017,
      "z" : 0.19098301
    }, {
      "x" : 1.0,
      "y" : -0.309017,
      "z" : 0.19098301
    }, {
      "x" : 17.239958,
      "y" : -0.309017,
      "z" : 0.19098301
    }, {
      "x" : 17.239958,
      "y" : 0.309017,
      "z" : 0.19098301
    }, {
      "x" : 17.239958,
      "y" : -0.309017,
      "z" : -0.19098301
    }, {
      "x" : 17.239958,
      "y" : 0.309017,
      "z" : -0.19098301
    }, {
      "x" : 17.857992,
      "y" : 0.0,
      "z" : 0.0
    }, {
      "x" : 0.38196602,
      "y" : 0.0,
      "z" : 0.0
    }, {
      "x" : 1.0,
      "y" : 0.309017,
      "z" : -0.19098301
    }, {
      "x" : 1.0,
      "y" : -0.309017,
      "z" : -0.19098301
    }, {
      "x" : 18.239958,
      "y" : 0.0,
      "z" : 0.0
    } ],
    "faces" : [ {
      "vertices" : [ 1, 9, 4 ]
    }, {
      "vertices" : [ 1, 4, 2 ]
    }, {
      "vertices" : [ 0, 3, 5 ]
    }, {
      "vertices" : [ 0, 5, 8 ]
    }, {
      "vertices" : [ 1, 7, 9 ]
    }, {
      "vertices" : [ 0, 1, 2 ]
    }, {
      "vertices" : [ 0, 2, 3 ]
    }, {
      "vertices" : [ 7, 8, 9 ]
    }, {
      "vertices" : [ 0, 7, 1 ]
    }, {
      "vertices" : [ 4, 9, 8 ]
    }, {
      "vertices" : [ 4, 8, 5 ]
    }, {
      "vertices" : [ 2, 6, 3 ]
    }, {
      "vertices" : [ 2, 4, 6 ]
    }, {
      "vertices" : [ 3, 6, 5 ]
    }, {
      "vertices" : [ 4, 5, 6 ]
    }, {
      "vertices" : [ 0, 8, 7 ]
    } ]
  }, {
    "id" : "8ccab9b7-62e6-4be5-bbdf-d6850b4d4b67",
    "vertices" : [ {
      "x" : 0.9045085,
      "y" : 0.3454915,
      "z" : 0.25
    }, {
      "x" : 17.230747,
      "y" : 10.435661,
      "z" : 0.25
    }, {
      "x" : 17.039762,
      "y" : 10.7446785,
      "z" : 0.25
    }, {
      "x" : 0.7135255,
      "y" : 0.6545085,
      "z" : 0.25
    }, {
      "x" : 0.809017,
      "y" : 0.5,
      "z" : -0.309017
    }, {
      "x" : 0.9635255,
      "y" : 0.25,
      "z" : -0.095491506
    }, {
      "x" : 0.309017,
      "y" : 0.19098301,
      "z" : 0.0
    }, {
      "x" : 17.635256,
      "y" : 10.899187,
      "z" : 0.0
    }, {
      "x" : 16.980747,
      "y" : 10.84017,
      "z" : -0.095491506
    }, {
      "x" : 17.135256,
      "y" : 10.59017,
      "z" : -0.309017
    }, {
      "x" : 17.944271,
      "y" : 11.09017,
      "z" : 0.0
    }, {
      "x" : 0.6545085,
      "y" : 0.75,
      "z" : -0.095491506
    }, {
      "x" : 17.289762,
      "y" : 10.34017,
      "z" : -0.095491506
    } ],
    "faces" : [ {
      "vertices" : [ 4, 11, 8 ]
    }, {
      "vertices" : [ 4, 8, 9 ]
    }, {
      "vertices" : [ 0, 1, 2 ]
    }, {
      "vertices" : [ 0, 2, 3 ]
    }, {
      "vertices" : [ 0, 3, 6 ]
    }, {
      "vertices" : [ 1, 7, 2 ]
    }, {
      "vertices" : [ 0, 6, 5 ]
    }, {
      "vertices" : [ 4, 5, 6 ]
    }, {
      "vertices" : [ 2, 7, 8 ]
    }, {
      "vertices" : [ 0, 5, 12 ]
    }, {
      "vertices" : [ 0, 12, 1 ]
    }, {
      "vertices" : [ 1, 12, 7 ]
    }, {
      "vertices" : [ 3, 11, 6 ]
    }, {
      "vertices" : [ 4, 6, 11 ]
    }, {
      "vertices" : [ 7, 9, 8 ]
    }, {
      "vertices" : [ 2, 8, 11 ]
    }, {
      "vertices" : [ 2, 11, 3 ]
    }, {
      "vertices" : [ 7, 12, 9 ]
    }, {
      "vertices" : [ 4, 9, 12 ]
    }, {
      "vertices" : [ 4, 12, 5 ]
    } ]
  }, {
    "id" : "758405ed-f391-46a5-8d54-a5899e2da1df",
    "vertices" : [ {
      "x" : 20.562305,
      "y" : 0.0,
      "z" : -7.854102
    }, {
      "x" : 20.253288,
      "y" : 0.0,
      "z" : -7.736068
    }, {
      "x" : 19.84878,
      "y" : -0.1545085,
      "z" : -7.295085
    }, {
      "x" : 19.657797,
      "y" : -0.1545085,
      "z" : -7.795085
    }, {
      "x" : 0.9045085,
      "y" : -0.1545085,
      "z" : -0.059016995
    }, {
      "x" : 0.809017,
      "y" : 0.309017,
      "z" : -0.309017
    }, {
      "x" : 0.309017,
      "y" : 0.0,
      "z" : -0.11803399
    }, {
      "x" : 19.753288,
      "y" : 0.309017,
      "z" : -7.545085
    }, {
      "x" : 0.7135255,
      "y" : -0.1545085,
      "z" : -0.559017
    } ],
    "faces" : [ {
      "vertices" : [ 2, 4, 8 ]
    }, {
      "vertices" : [ 2, 8, 3 ]
    }, {
      "vertices" : [ 2, 7, 5 ]
    }, {
      "vertices" : [ 2, 5, 4 ]
    }, {
      "vertices" : [ 4, 6, 8 ]
    }, {
      "vertices" : [ 5, 8, 6 ]
    }, {
      "vertices" : [ 1, 2, 3 ]
    }, {
      "vertices" : [ 3, 8, 5 ]
    }, {
      "vertices" : [ 3, 5, 7 ]
    }, {
      "vertices" : [ 1, 7, 2 ]
    }, {
      "vertices" : [ 1, 3, 7 ]
    }, {
      "vertices" : [ 4, 5, 6 ]
    } ]
  } ],
  "instances" : [ {
    "shape" : "f11c1a95-6998-4a2c-9644-6838226db27e",
    "color" : "#FFFFFF",
    "position" : {
      "x" : 21.355715,
      "y" : 0.0,
      "z" : 8.157157
    }
  }, {
    "shape" : "f11c1a95-6998-4a2c-9644-6838226db27e",
    "color" : "#FFFFFF",
    "position" : {
      "x" : 13.198558,
      "y" : 13.198558,
      "z" : -13.198558
    }
  }, {
    "shape" : "2d7e76ac-fa3a-4a66-b359-aab0c54289d0",
    "color" : "#008D36",
    "position" : {
      "x" : 0.0,
      "y" : -18.239958,
      "z" : 11.272914
    },
    "orientation" : 50
  }, {
    "shape" : "f11c1a95-6998-4a2c-9644-6838226db27e",
    "color" : "#FFFFFF",
    "position" : {
      "x" : -20.562305,
      "y" : 0.0,
      "z" : -7.854102
    }
  }, {
    "shape" : "61b46106-9783-4a3f-814b-f536ede9eb44",
    "color" : "#FFFFFF",
    "position" : {
      "x" : -12.708204,
      "y" : 12.708204,
      "z" : -12.708204
    },
    "orientation" : 31
  }, {
    "shape" : "2d7e76ac-fa3a-4a66-b359-aab0c54289d0",
    "color" : "#008D36",
    "position" : {
      "x" : 0.0,
      "y" : -18.239958,
      "z" : -11.272914
    },
    "orientation" : 57
  }, {
    "shape" : "61b46106-9783-4a3f-814b-f536ede9eb44",
    "color" : "#FFFFFF",
    "position" : {
      "x" : 0.0,
      "y" : -7.854102,
      "z" : 20.562305
    },
    "orientation" : 56
  }, {
    "shape" : "61b46106-9783-4a3f-814b-f536ede9eb44",
    "color" : "#FFFFFF",
    "position" : {
      "x" : 12.708204,
      "y" : -12.708204,
      "z" : -12.708204
    },
    "orientation" : 1
  }, {
    "shape" : "61b46106-9783-4a3f-814b-f536ede9eb44",
    "color" : "#FFFFFF",
    "position" : {
      "x" : 0.0,
      "y" : 7.854102,
      "z" : 20.562305
    },
    "orientation" : 19
  }, {
    "shape" : "4c70a206-2968-40cc-93e2-85ee44606762",
    "color" : "#007695",
    "position" : {
      "x" : 0.0,
      "y" : 18.239958,
      "z" : 11.272914
    },
    "orientation" : 39
  }, {
    "shape" : "2d7e76ac-fa3a-4a66-b359-aab0c54289d0",
    "color" : "#008D36",
    "position" : {
      "x" : 11.272914,
      "y" : 0.0,
      "z" : -18.239958
    },
    "orientation" : 13
  }, {
    "shape" : "f11c1a95-6998-4a2c-9644-6838226db27e",
    "color" : "#FFFFFF",
    "position" : {
      "x" : 8.157157,
      "y" : -21.355715,
      "z" : 0.0
    }
  }, {
    "shape" : "f11c1a95-6998-4a2c-9644-6838226db27e",
    "color" : "#FFFFFF",
    "position" : {
      "x" : -11.09017,
      "y" : 0.0,
      "z" : 17.944271
    }
  }, {
    "shape" : "2d7e76ac-fa3a-4a66-b359-aab0c54289d0",
    "color" : "#008D36",
    "position" : {
      "x" : 18.239958,
      "y" : -11.272914,
      "z" : 0.0
    },
    "orientation" : 36
  }, {
    "shape" : "2d7e76ac-fa3a-4a66-b359-aab0c54289d0",
    "color" : "#008D36",
    "position" : {
      "x" : 0.0,
      "y" : 18.239958,
      "z" : 11.272914
    },
    "orientation" : 15
  }, {
    "shape" : "f11c1a95-6998-4a2c-9644-6838226db27e",
    "color" : "#FFFFFF",
    "position" : {
      "x" : -18.239958,
      "y" : 11.272914,
      "z" : 0.0
    }
  }, {
    "shape" : "61b46106-9783-4a3f-814b-f536ede9eb44",
    "color" : "#FFFFFF",
    "position" : {
      "x" : -7.854102,
      "y" : -20.562305,
      "z" : 0.0
    },
    "orientation" : 10
  }, {
    "shape" : "f11c1a95-6998-4a2c-9644-6838226db27e",
    "color" : "#FFFFFF",
    "position" : {
      "x" : -21.355715,
      "y" : 0.0,
      "z" : 8.157157
    }
  }, {
    "shape" : "f11c1a95-6998-4a2c-9644-6838226db27e",
    "color" : "#FFFFFF",
    "position" : {
      "x" : 20.562305,
      "y" : 0.0,
      "z" : -7.854102
    }
  }, {
    "shape" : "61b46106-9783-4a3f-814b-f536ede9eb44",
    "color" : "#FFFFFF",
    "position" : {
      "x" : -7.854102,
      "y" : -20.562305,
      "z" : 0.0
    },
    "orientation" : 58
  }, {
    "shape" : "61b46106-9783-4a3f-814b-f536ede9eb44",
    "color" : "#FFFFFF",
    "position" : {
      "x" : 20.562305,
      "y" : 0.0,
      "z" : -7.854102
    },
    "orientation" : 39
  }, {
    "shape" : "2d7e76ac-fa3a-4a66-b359-aab0c54289d0",
    "color" : "#008D36",
    "position" : {
      "x" : 11.272914,
      "y" : 0.0,
      "z" : -18.239958
    },
    "orientation" : 33
  }, {
    "shape" : "f11c1a95-6998-4a2c-9644-6838226db27e",
    "color" : "#FFFFFF",
    "position" : {
      "x" : -18.239958,
      "y" : -11.272914,
      "z" : 0.0
    }
  }, {
    "shape" : "61b46106-9783-4a3f-814b-f536ede9eb44",
    "color" : "#FFFFFF",
    "position" : {
      "x" : -20.562305,
      "y" : 0.0,
      "z" : -7.854102
    },
    "orientation" : 27
  }, {
    "shape" : "2d7e76ac-fa3a-4a66-b359-aab0c54289d0",
    "color" : "#008D36",
    "position" : {
      "x" : 0.0,
      "y" : 18.239958,
      "z" : 11.272914
    },
    "orientation" : 56
  }, {
    "shape" : "61b46106-9783-4a3f-814b-f536ede9eb44",
    "color" : "#FFFFFF",
    "position" : {
      "x" : -7.854102,
      "y" : 20.562305,
      "z" : 0.0
    },
    "orientation" : 43
  }, {
    "shape" : "4c70a206-2968-40cc-93e2-85ee44606762",
    "color" : "#007695",
    "position" : {
      "x" : -11.272914,
      "y" : 0.0,
      "z" : 18.239958
    },
    "orientation" : 0
  }, {
    "shape" : "2d7e76ac-fa3a-4a66-b359-aab0c54289d0",
    "color" : "#008D36",
    "position" : {
      "x" : 18.239958,
      "y" : 11.272914,
      "z" : 0.0
    },
    "orientation" : 51
  }, {
    "shape" : "61b46106-9783-4a3f-814b-f536ede9eb44",
    "color" : "#FFFFFF",
    "position" : {
      "x" : 20.562305,
      "y" : 0.0,
      "z" : 7.854102
    },
    "orientation" : 50
  }, {
    "shape" : "f11c1a95-6998-4a2c-9644-6838226db27e",
    "color" : "#FFFFFF",
    "position" : {
      "x" : 0.0,
      "y" : -7.854102,
      "z" : -20.562305
    }
  }, {
    "shape" : "4c70a206-2968-40cc-93e2-85ee44606762",
    "color" : "#007695",
    "position" : {
      "x" : 18.239958,
      "y" : 11.272914,
      "z" : 0.0
    },
    "orientation" : 40
  }, {
    "shape" : "61b46106-9783-4a3f-814b-f536ede9eb44",
    "color" : "#FFFFFF",
    "position" : {
      "x" : 0.0,
      "y" : 7.854102,
      "z" : -20.562305
    },
    "orientation" : 34
  }, {
    "shape" : "61b46106-9783-4a3f-814b-f536ede9eb44",
    "color" : "#FFFFFF",
    "position" : {
      "x" : 12.708204,
      "y" : -12.708204,
      "z" : -12.708204
    },
    "orientation" : 45
  }, {
    "shape" : "f11c1a95-6998-4a2c-9644-6838226db27e",
    "color" : "#FFFFFF",
    "position" : {
      "x" : 18.239958,
      "y" : -11.272914,
      "z" : 0.0
    }
  }, {
    "shape" : "4c70a206-2968-40cc-93e2-85ee44606762",
    "color" : "#007695",
    "position" : {
      "x" : 0.0,
      "y" : -18.239958,
      "z" : -11.272914
    },
    "orientation" : 6
  }, {
    "shape" : "61b46106-9783-4a3f-814b-f536ede9eb44",
    "color" : "#FFFFFF",
    "position" : {
      "x" : 0.0,
      "y" : 7.854102,
      "z" : 20.562305
    },
    "orientation" : 59
  }, {
    "shape" : "61b46106-9783-4a3f-814b-f536ede9eb44",
    "color" : "#FFFFFF",
    "position" : {
      "x" : 0.0,
      "y" : 7.854102,
      "z" : -20.562305
    },
    "orientation" : 41
  }, {
    "shape" : "2d7e76ac-fa3a-4a66-b359-aab0c54289d0",
    "color" : "#008D36",
    "position" : {
      "x" : -18.239958,
      "y" : -11.272914,
      "z" : 0.0
    },
    "orientation" : 55
  }, {
    "shape" : "f11c1a95-6998-4a2c-9644-6838226db27e",
    "color" : "#FFFFFF",
    "position" : {
      "x" : 0.0,
      "y" : 0.0,
      "z" : 0.0
    }
  }, {
    "shape" : "61b46106-9783-4a3f-814b-f536ede9eb44",
    "color" : "#FFFFFF",
    "position" : {
      "x" : 7.854102,
      "y" : -20.562305,
      "z" : 0.0
    },
    "orientation" : 13
  }, {
    "shape" : "2d7e76ac-fa3a-4a66-b359-aab0c54289d0",
    "color" : "#008D36",
    "position" : {
      "x" : 0.0,
      "y" : -18.239958,
      "z" : 11.272914
    },
    "orientation" : 7
  }, {
    "shape" : "f11c1a95-6998-4a2c-9644-6838226db27e",
    "color" : "#FFFFFF",
    "position" : {
      "x" : 0.0,
      "y" : -18.239958,
      "z" : -11.272914
    }
  }, {
    "shape" : "2d7e76ac-fa3a-4a66-b359-aab0c54289d0",
    "color" : "#008D36",
    "position" : {
      "x" : -11.272914,
      "y" : 0.0,
      "z" : -18.239958
    },
    "orientation" : 38
  }, {
    "shape" : "f11c1a95-6998-4a2c-9644-6838226db27e",
    "color" : "#FFFFFF",
    "position" : {
      "x" : -12.708204,
      "y" : 12.708204,
      "z" : -12.708204
    }
  }, {
    "shape" : "2d7e76ac-fa3a-4a66-b359-aab0c54289d0",
    "color" : "#008D36",
    "position" : {
      "x" : 18.239958,
      "y" : -11.272914,
      "z" : 0.0
    },
    "orientation" : 49
  }, {
    "shape" : "61b46106-9783-4a3f-814b-f536ede9eb44",
    "color" : "#FFFFFF",
    "position" : {
      "x" : -20.562305,
      "y" : 0.0,
      "z" : 7.854102
    },
    "orientation" : 12
  }, {
    "shape" : "4c70a206-2968-40cc-93e2-85ee44606762",
    "color" : "#007695",
    "position" : {
      "x" : 0.0,
      "y" : 18.239958,
      "z" : -11.272914
    },
    "orientation" : 24
  }, {
    "shape" : "61b46106-9783-4a3f-814b-f536ede9eb44",
    "color" : "#FFFFFF",
    "position" : {
      "x" : 7.854102,
      "y" : 20.562305,
      "z" : 0.0
    },
    "orientation" : 40
  }, {
    "shape" : "f11c1a95-6998-4a2c-9644-6838226db27e",
    "color" : "#FFFFFF",
    "position" : {
      "x" : -11.272914,
      "y" : 0.0,
      "z" : 18.239958
    }
  }, {
    "shape" : "f11c1a95-6998-4a2c-9644-6838226db27e",
    "color" : "#FFFFFF",
    "position" : {
      "x" : -12.708204,
      "y" : -12.708204,
      "z" : -12.708204
    }
  }, {
    "shape" : "f11c1a95-6998-4a2c-9644-6838226db27e",
    "color" : "#FFFFFF",
    "position" : {
      "x" : -21.355715,
      "y" : 0.0,
      "z" : -8.157157
    }
  }, {
    "shape" : "61b46106-9783-4a3f-814b-f536ede9eb44",
    "color" : "#FFFFFF",
    "position" : {
      "x" : 20.562305,
      "y" : 0.0,
      "z" : 7.854102
    },
    "orientation" : 54
  }, {
    "shape" : "f11c1a95-6998-4a2c-9644-6838226db27e",
    "color" : "#FFFFFF",
    "position" : {
      "x" : -13.198558,
      "y" : 13.198558,
      "z" : -13.198558
    }
  }, {
    "shape" : "4c70a206-2968-40cc-93e2-85ee44606762",
    "color" : "#007695",
    "position" : {
      "x" : -18.239958,
      "y" : -11.272914,
      "z" : 0.0
    },
    "orientation" : 26
  }, {
    "shape" : "61b46106-9783-4a3f-814b-f536ede9eb44",
    "color" : "#FFFFFF",
    "position" : {
      "x" : -12.708204,
      "y" : 12.708204,
      "z" : 12.708204
    },
    "orientation" : 22
  }, {
    "shape" : "61b46106-9783-4a3f-814b-f536ede9eb44",
    "color" : "#FFFFFF",
    "position" : {
      "x" : 12.708204,
      "y" : 12.708204,
      "z" : 12.708204
    },
    "orientation" : 30
  }, {
    "shape" : "2d7e76ac-fa3a-4a66-b359-aab0c54289d0",
    "color" : "#008D36",
    "position" : {
      "x" : 18.239958,
      "y" : 11.272914,
      "z" : 0.0
    },
    "orientation" : 59
  }, {
    "shape" : "61b46106-9783-4a3f-814b-f536ede9eb44",
    "color" : "#FFFFFF",
    "position" : {
      "x" : 0.0,
      "y" : -7.854102,
      "z" : -20.562305
    },
    "orientation" : 4
  }, {
    "shape" : "61b46106-9783-4a3f-814b-f536ede9eb44",
    "color" : "#FFFFFF",
    "position" : {
      "x" : 0.0,
      "y" : 7.854102,
      "z" : 20.562305
    },
    "orientation" : 26
  }, {
    "shape" : "61b46106-9783-4a3f-814b-f536ede9eb44",
    "color" : "#FFFFFF",
    "position" : {
      "x" : -20.562305,
      "y" : 0.0,
      "z" : -7.854102
    },
    "orientation" : 5
  }, {
    "shape" : "61b46106-9783-4a3f-814b-f536ede9eb44",
    "color" : "#FFFFFF",
    "position" : {
      "x" : 0.0,
      "y" : -7.854102,
      "z" : -20.562305
    },
    "orientation" : 44
  }, {
    "shape" : "eeeaad7f-450a-4b7e-95d9-60294618b355",
    "color" : "#007695",
    "position" : {
      "x" : 0.0,
      "y" : 0.0,
      "z" : 0.0
    },
    "orientation" : 41
  }, {
    "shape" : "f11c1a95-6998-4a2c-9644-6838226db27e",
    "color" : "#FFFFFF",
    "position" : {
      "x" : -8.157157,
      "y" : -21.355715,
      "z" : 0.0
    }
  }, {
    "shape" : "61b46106-9783-4a3f-814b-f536ede9eb44",
    "color" : "#FFFFFF",
    "position" : {
      "x" : 0.0,
      "y" : 7.854102,
      "z" : -20.562305
    },
    "orientation" : 14
  }, {
    "shape" : "2d7e76ac-fa3a-4a66-b359-aab0c54289d0",
    "color" : "#008D36",
    "position" : {
      "x" : 0.0,
      "y" : 18.239958,
      "z" : -11.272914
    },
    "orientation" : 30
  }, {
    "shape" : "f11c1a95-6998-4a2c-9644-6838226db27e",
    "color" : "#FFFFFF",
    "position" : {
      "x" : 0.0,
      "y" : 18.239958,
      "z" : -11.272914
    }
  }, {
    "shape" : "f11c1a95-6998-4a2c-9644-6838226db27e",
    "color" : "#FFFFFF",
    "position" : {
      "x" : -7.854102,
      "y" : -20.562305,
      "z" : 0.0
    }
  }, {
    "shape" : "2d7e76ac-fa3a-4a66-b359-aab0c54289d0",
    "color" : "#008D36",
    "position" : {
      "x" : 0.0,
      "y" : -18.239958,
      "z" : -11.272914
    },
    "orientation" : 0
  }, {
    "shape" : "4c70a206-2968-40cc-93e2-85ee44606762",
    "color" : "#007695",
    "position" : {
      "x" : 18.239958,
      "y" : -11.272914,
      "z" : 0.0
    },
    "orientation" : 41
  }, {
    "shape" : "61b46106-9783-4a3f-814b-f536ede9eb44",
    "color" : "#FFFFFF",
    "position" : {
      "x" : 12.708204,
      "y" : -12.708204,
      "z" : 12.708204
    },
    "orientation" : 53
  }, {
    "shape" : "61b46106-9783-4a3f-814b-f536ede9eb44",
    "color" : "#FFFFFF",
    "position" : {
      "x" : 20.562305,
      "y" : 0.0,
      "z" : 7.854102
    },
    "orientation" : 42
  }, {
    "shape" : "4c70a206-2968-40cc-93e2-85ee44606762",
    "color" : "#007695",
    "position" : {
      "x" : 0.0,
      "y" : 18.239958,
      "z" : 11.272914
    },
    "orientation" : 47
  }, {
    "shape" : "2d7e76ac-fa3a-4a66-b359-aab0c54289d0",
    "color" : "#008D36",
    "position" : {
      "x" : 18.239958,
      "y" : 11.272914,
      "z" : 0.0
    },
    "orientation" : 25
  }, {
    "shape" : "2d7e76ac-fa3a-4a66-b359-aab0c54289d0",
    "color" : "#008D36",
    "position" : {
      "x" : 0.0,
      "y" : 18.239958,
      "z" : -11.272914
    },
    "orientation" : 22
  }, {
    "shape" : "4c70a206-2968-40cc-93e2-85ee44606762",
    "color" : "#007695",
    "position" : {
      "x" : -18.239958,
      "y" : 11.272914,
      "z" : 0.0
    },
    "orientation" : 23
  }, {
    "shape" : "2d7e76ac-fa3a-4a66-b359-aab0c54289d0",
    "color" : "#008D36",
    "position" : {
      "x" : -11.272914,
      "y" : 0.0,
      "z" : -18.239958
    },
    "orientation" : 3
  }, {
    "shape" : "2d7e76ac-fa3a-4a66-b359-aab0c54289d0",
    "color" : "#008D36",
    "position" : {
      "x" : 18.239958,
      "y" : -11.272914,
      "z" : 0.0
    },
    "orientation" : 47
  }, {
    "shape" : "2d7e76ac-fa3a-4a66-b359-aab0c54289d0",
    "color" : "#008D36",
    "position" : {
      "x" : 0.0,
      "y" : -18.239958,
      "z" : 11.272914
    },
    "orientation" : 45
  }, {
    "shape" : "2d7e76ac-fa3a-4a66-b359-aab0c54289d0",
    "color" : "#008D36",
    "position" : {
      "x" : 11.272914,
      "y" : 0.0,
      "z" : 18.239958
    },
    "orientation" : 28
  }, {
    "shape" : "4c70a206-2968-40cc-93e2-85ee44606762",
    "color" : "#007695",
    "position" : {
      "x" : 0.0,
      "y" : -18.239958,
      "z" : 11.272914
    },
    "orientation" : 9
  }, {
    "shape" : "2d7e76ac-fa3a-4a66-b359-aab0c54289d0",
    "color" : "#008D36",
    "position" : {
      "x" : -18.239958,
      "y" : 11.272914,
      "z" : 0.0
    },
    "orientation" : 6
  }, {
    "shape" : "61b46106-9783-4a3f-814b-f536ede9eb44",
    "color" : "#FFFFFF",
    "position" : {
      "x" : 12.708204,
      "y" : 12.708204,
      "z" : -12.708204
    },
    "orientation" : 37
  }, {
    "shape" : "2d7e76ac-fa3a-4a66-b359-aab0c54289d0",
    "color" : "#008D36",
    "position" : {
      "x" : -18.239958,
      "y" : -11.272914,
      "z" : 0.0
    },
    "orientation" : 2
  }, {
    "shape" : "2d7e76ac-fa3a-4a66-b359-aab0c54289d0",
    "color" : "#008D36",
    "position" : {
      "x" : -11.272914,
      "y" : 0.0,
      "z" : 18.239958
    },
    "orientation" : 16
  }, {
    "shape" : "4c70a206-2968-40cc-93e2-85ee44606762",
    "color" : "#007695",
    "position" : {
      "x" : 11.272914,
      "y" : 0.0,
      "z" : 18.239958
    },
    "orientation" : 25
  }, {
    "shape" : "f11c1a95-6998-4a2c-9644-6838226db27e",
    "color" : "#FFFFFF",
    "position" : {
      "x" : 13.198558,
      "y" : 13.198558,
      "z" : 13.198558
    }
  }, {
    "shape" : "61b46106-9783-4a3f-814b-f536ede9eb44",
    "color" : "#FFFFFF",
    "position" : {
      "x" : 12.708204,
      "y" : 12.708204,
      "z" : -12.708204
    },
    "orientation" : 38
  }, {
    "shape" : "4c70a206-2968-40cc-93e2-85ee44606762",
    "color" : "#007695",
    "position" : {
      "x" : -18.239958,
      "y" : 11.272914,
      "z" : 0.0
    },
    "orientation" : 11
  }, {
    "shape" : "4c70a206-2968-40cc-93e2-85ee44606762",
    "color" : "#007695",
    "position" : {
      "x" : -11.272914,
      "y" : 0.0,
      "z" : 18.239958
    },
    "orientation" : 24
  }, {
    "shape" : "61b46106-9783-4a3f-814b-f536ede9eb44",
    "color" : "#FFFFFF",
    "position" : {
      "x" : -7.854102,
      "y" : 20.562305,
      "z" : 0.0
    },
    "orientation" : 18
  }, {
    "shape" : "4c70a206-2968-40cc-93e2-85ee44606762",
    "color" : "#007695",
    "position" : {
      "x" : -11.272914,
      "y" : 0.0,
      "z" : -18.239958
    },
    "orientation" : 40
  }, {
    "shape" : "2d7e76ac-fa3a-4a66-b359-aab0c54289d0",
    "color" : "#008D36",
    "position" : {
      "x" : 0.0,
      "y" : -18.239958,
      "z" : -11.272914
    },
    "orientation" : 5
  }, {
    "shape" : "f11c1a95-6998-4a2c-9644-6838226db27e",
    "color" : "#FFFFFF",
    "position" : {
      "x" : 0.0,
      "y" : -8.157157,
      "z" : 21.355715
    }
  }, {
    "shape" : "61b46106-9783-4a3f-814b-f536ede9eb44",
    "color" : "#FFFFFF",
    "position" : {
      "x" : -12.708204,
      "y" : -12.708204,
      "z" : -12.708204
    },
    "orientation" : 7
  }, {
    "shape" : "2d7e76ac-fa3a-4a66-b359-aab0c54289d0",
    "color" : "#008D36",
    "position" : {
      "x" : -11.272914,
      "y" : 0.0,
      "z" : -18.239958
    },
    "orientation" : 24
  }, {
    "shape" : "2d7e76ac-fa3a-4a66-b359-aab0c54289d0",
    "color" : "#008D36",
    "position" : {
      "x" : 11.272914,
      "y" : 0.0,
      "z" : 18.239958
    },
    "orientation" : 48
  }, {
    "shape" : "4c70a206-2968-40cc-93e2-85ee44606762",
    "color" : "#007695",
    "position" : {
      "x" : -18.239958,
      "y" : -11.272914,
      "z" : 0.0
    },
    "orientation" : 1
  }, {
    "shape" : "f11c1a95-6998-4a2c-9644-6838226db27e",
    "color" : "#FFFFFF",
    "position" : {
      "x" : 0.0,
      "y" : 8.157157,
      "z" : -21.355715
    }
  }, {
    "shape" : "2d7e76ac-fa3a-4a66-b359-aab0c54289d0",
    "color" : "#008D36",
    "position" : {
      "x" : 0.0,
      "y" : 18.239958,
      "z" : -11.272914
    },
    "orientation" : 27
  }, {
    "shape" : "f11c1a95-6998-4a2c-9644-6838226db27e",
    "color" : "#FFFFFF",
    "position" : {
      "x" : 13.198558,
      "y" : -13.198558,
      "z" : 13.198558
    }
  }, {
    "shape" : "61b46106-9783-4a3f-814b-f536ede9eb44",
    "color" : "#FFFFFF",
    "position" : {
      "x" : -12.708204,
      "y" : -12.708204,
      "z" : -12.708204
    },
    "orientation" : 8
  }, {
    "shape" : "61b46106-9783-4a3f-814b-f536ede9eb44",
    "color" : "#FFFFFF",
    "position" : {
      "x" : -7.854102,
      "y" : 20.562305,
      "z" : 0.0
    },
    "orientation" : 25
  }, {
    "shape" : "2d7e76ac-fa3a-4a66-b359-aab0c54289d0",
    "color" : "#008D36",
    "position" : {
      "x" : 0.0,
      "y" : -18.239958,
      "z" : -11.272914
    },
    "orientation" : 52
  }, {
    "shape" : "f11c1a95-6998-4a2c-9644-6838226db27e",
    "color" : "#FFFFFF",
    "position" : {
      "x" : 12.708204,
      "y" : 12.708204,
      "z" : 12.708204
    }
  }, {
    "shape" : "8ccab9b7-62e6-4be5-bbdf-d6850b4d4b67",
    "color" : "#AF0000",
    "position" : {
