{
  "field" : "golden",
  "symmetry" : "icosahedral",
  "orientations" : [ [ 1.0, 0.0, 0.0, 0.0, 0.0, 1.0, 0.0, 0.0, 0.0, 0.0, 1.0, 0.0, 0.0, 0.0, 0.0, 1.0 ], [ 0.0, 0.0, 1.0, 0.0, 1.0, 0.0, 0.0, 0.0, 0.0, 1.0, 0.0, 0.0, 0.0, 0.0, 0.0, 1.0 ], [ 0.0, 1.0, 0.0, 0.0, 0.0, 0.0, 1.0, 0.0, 1.0, 0.0, 0.0, 0.0, 0.0, 0.0, 0.0, 1.0 ], [ 0.809017, 0.309017, 0.5, 0.0, 0.309017, 0.5, -0.809017, 0.0, -0.5, 0.809017, 0.309017, 0.0, 0.0, 0.0, 0.0, 1.0 ], [ -0.5, 0.809017, 0.309017, 0.0, 0.809017, 0.309017, 0.5, 0.0, 0.309017, 0.5, -0.809017, 0.0, 0.0, 0.0, 0.0, 1.0 ], [ 0.309017, 0.5, -0.809017, 0.0, -0.5, 0.809017, 0.309017, 0.0, 0.809017, 0.309017, 0.5, 0.0, 0.0, 0.0, 0.0, 1.0 ], [ 0.5, 0.809017, 0.309017, 0.0, 0.809017, -0.309017, -0.5, 0.0, -0.309017, 0.5, -0.809017, 0.0, 0.0, 0.0, 0.0, 1.0 ], [ -0.309017, 0.5, -0.809017, 0.0, 0.5, 0.809017, 0.309017, 0.0, 0.809017, -0.309017, -0.5, 0.0, 0.0, 0.0, 0.0, 1.0 ], [ 0.809017, -0.309017, -0.5, 0.0, -0.309017, 0.5, -0.809017, 0.0, 0.5, 0.809017, 0.309017, 0.0, 0.0, 0.0, 0.0, 1.0 ], [ 0.5, 0.809017, -0.309017, 0.0, 0.809017, -0.309017, 0.5, 0.0, 0.309017, -0.5, -0.809017, 0.0, 0.0, 0.0, 0.0, 1.0 ], [ 0.309017, -0.5, -0.809017, 0.0, 0.5, 0.809017, -0.309017, 0.0, 0.809017, -0.309017, 0.5, 0.0, 0.0, 0.0, 0.0, 1.0 ], [ 0.809017, -0.309017, 0.5, 0.0, 0.309017, -0.5, -0.809017, 0.0, 0.5, 0.809017, -0.309017, 0.0, 0.0, 0.0, 0.0, 1.0 ], [ 0.809017, 0.309017, -0.5, 0.0, 0.309017, 0.5, 0.809017, 0.0, 0.5, -0.809017, 0.309017, 0.0, 0.0, 0.0, 0.0, 1.0 ], [ 0.5, -0.809017, 0.309017, 0.0, 0.809017, 0.309017, -0.5, 0.0, 0.309017, 0.5, 0.809017, 0.0, 0.0, 0.0, 0.0, 1.0 ], [ 0.309017, 0.5, 0.809017, 0.0, 0.5, -0.809017, 0.309017, 0.0, 0.809017, 0.309017, -0.5, 0.0, 0.0, 0.0, 0.0, 1.0 ], [ 1.0, 0.0, 0.0, 0.0, 0.0, -1.0, 0.0, 0.0, 0.0, 0.0, -1.0, 0.0, 0.0, 0.0, 0.0, 1.0 ], [ 0.0, 0.0, 1.0, 0.0, -1.0, 0.0, 0.0, 0.0, 0.0, -1.0, 0.0, 0.0, 0.0, 0.0, 0.0, 1.0 ], [ 0.0, 1.0, 0.0, 0.0, 0.0, 0.0, -1.0, 0.0, -1.0, 0.0, 0.0, 0.0, 0.0, 0.0, 0.0, 1.0 ], [ 0.809017, 0.309017, 0.5, 0.0, -0.309017, -0.5, 0.809017, 0.0, 0.5, -0.809017, -0.309017, 0.0, 0.0, 0.0, 0.0, 1.0 ], [ -0.5, 0.809017, 0.309017, 0.0, -0.809017, -0.309017, -0.5, 0.0, -0.309017, -0.5, 0.809017, 0.0, 0.0, 0.0, 0.0, 1.0 ], [ 0.309017, 0.5, -0.809017, 0.0, 0.5, -0.809017, -0.309017, 0.0, -0.809017, -0.309017, -0.5, 0.0, 0.0, 0.0, 0.0, 1.0 ], [ 0.5, 0.809017, 0.309017, 0.0, -0.809017, 0.309017, 0.5, 0.0, 0.309017, -0.5, 0.809017, 0.0, 0.0, 0.0, 0.0, 1.0 ], [ -0.309017, 0.5, -0.809017, 0.0, -0.5, -0.809017, -0.309017, 0.0, -0.809017, 0.309017, 0.5, 0.0, 0.0, 0.0, 0.0, 1.0 ], [ 0.809017, -0.309017, -0.5, 0.0, 0.309017, -0.5, 0.809017, 0.0, -0.5, -0.809017, -0.309017, 0.0, 0.0, 0.0, 0.0, 1.0 ], [ 0.5, 0.809017, -0.309017, 0.0, -0.809017, 0.309017, -0.5, 0.0, -0.309017, 0.5, 0.809017, 0.0, 0.0, 0.0, 0.0, 1.0 ], [ 0.309017, -0.5, -0.809017, 0.0, -0.5, -0.809017, 0.309017, 0.0, -0.809017, 0.309017, -0.5, 0.0, 0.0, 0.0, 0.0, 1.0 ], [ 0.809017, -0.309017, 0.5, 0.0, -0.309017, 0.5, 0.809017, 0.0, -0.5, -0.809017, 0.309017, 0.0, 0.0, 0.0, 0.0, 1.0 ], [ 0.809017, 0.309017, -0.5, 0.0, -0.309017, -0.5, -0.809017, 0.0, -0.5, 0.809017, -0.309017, 0.0, 0.0, 0.0, 0.0, 1.0 ], [ 0.5, -0.809017, 0.309017, 0.0, -0.809017, -0.309017, 0.5, 0.0, -0.309017, -0.5, -0.809017, 0.0, 0.0, 0.0, 0.0, 1.0 ], [ 0.309017, 0.5, 0.809017, 0.0, -0.5, 0.809017, -0.309017, 0.0, -0.809017, -0.309017, 0.5, 0.0, 0.0, 0.0, 0.0, 1.0 ], [ -1.0, 0.0, 0.0, 0.0, 0.0, -1.0, 0.0, 0.0, 0.0, 0.0, 1.0, 0.0, 0.0, 0.0, 0.0, 1.0 ], [ 0.0, 0.0, -1.0, 0.0, -1.0, 0.0, 0.0, 0.0, 0.0, 1.0, 0.0, 0.0, 0.0, 0.0, 0.0, 1.0 ], [ 0.0, -1.0, 0.0, 0.0, 0.0, 0.0, -1.0, 0.0, 1.0, 0.0, 0.0, 0.0, 0.0, 0.0, 0.0, 1.0 ], [ -0.809017, -0.309017, -0.5, 0.0, -0.309017, -0.5, 0.809017, 0.0, -0.5, 0.809017, 0.309017, 0.0, 0.0, 0.0, 0.0, 1.0 ], [ 0.5, -0.809017, -0.309017, 0.0, -0.809017, -0.309017, -0.5, 0.0, 0.309017, 0.5, -0.809017, 0.0, 0.0, 0.0, 0.0, 1.0 ], [ -0.309017, -0.5, 0.809017, 0.0, 0.5, -0.809017, -0.309017, 0.0, 0.809017, 0.309017, 0.5, 0.0, 0.0, 0.0, 0.0, 1.0 ], [ -0.5, -0.809017, -0.309017, 0.0, -0.809017, 0.309017, 0.5, 0.0, -0.309017, 0.5, -0.809017, 0.0, 0.0, 0.0, 0.0, 1.0 ], [ 0.309017, -0.5, 0.809017, 0.0, -0.5, -0.809017, -0.309017, 0.0, 0.809017, -0.309017, -0.5, 0.0, 0.0, 0.0, 0.0, 1.0 ], [ -0.809017, 0.309017, 0.5, 0.0, 0.309017, -0.5, 0.809017, 0.0, 0.5, 0.809017, 0.309017, 0.0, 0.0, 0.0, 0.0, 1.0 ], [ -0.5, -0.809017, 0.309017, 0.0, -0.809017, 0.309017, -0.5, 0.0, 0.309017, -0.5, -0.809017, 0.0, 0.0, 0.0, 0.0, 1.0 ], [ -0.309017, 0.5, 0.809017, 0.0, -0.5, -0.809017, 0.309017, 0.0, 0.809017, -0.309017, 0.5, 0.0, 0.0, 0.0, 0.0, 1.0 ], [ -0.809017, 0.309017, -0.5, 0.0, -0.309017, 0.5, 0.809017, 0.0, 0.5, 0.809017, -0.309017, 0.0, 0.0, 0.0, 0.0, 1.0 ], [ -0.809017, -0.309017, 0.5, 0.0, -0.309017, -0.5, -0.809017, 0.0, 0.5, -0.809017, 0.309017, 0.0, 0.0, 0.0, 0.0, 1.0 ], [ -0.5, 0.809017, -0.309017, 0.0, -0.809017, -0.309017, 0.5, 0.0, 0.309017, 0.5, 0.809017, 0.0, 0.0, 0.0, 0.0, 1.0 ], [ -0.309017, -0.5, -0.809017, 0.0, -0.5, 0.809017, -0.309017, 0.0, 0.809017, 0.309017, -0.5, 0.0, 0.0, 0.0, 0.0, 1.0 ], [ -1.0, 0.0, 0.0, 0.0, 0.0, 1.0, 0.0, 0.0, 0.0, 0.0, -1.0, 0.0, 0.0, 0.0, 0.0, 1.0 ], [ 0.0, 0.0, -1.0, 0.0, 1.0, 0.0, 0.0, 0.0, 0.0, -1.0, 0.0, 0.0, 0.0, 0.0, 0.0, 1.0 ], [ 0.0, -1.0, 0.0, 0.0, 0.0, 0.0, 1.0, 0.0, -1.0, 0.0, 0.0, 0.0, 0.0, 0.0, 0.0, 1.0 ], [ -0.809017, -0.309017, -0.5, 0.0, 0.309017, 0.5, -0.809017, 0.0, 0.5, -0.809017, -0.309017, 0.0, 0.0, 0.0, 0.0, 1.0 ], [ 0.5, -0.809017, -0.309017, 0.0, 0.809017, 0.309017, 0.5, 0.0, -0.309017, -0.5, 0.809017, 0.0, 0.0, 0.0, 0.0, 1.0 ], [ -0.309017, -0.5, 0.809017, 0.0, -0.5, 0.809017, 0.309017, 0.0, -0.809017, -0.309017, -0.5, 0.0, 0.0, 0.0, 0.0, 1.0 ], [ -0.5, -0.809017, -0.309017, 0.0, 0.809017, -0.309017, -0.5, 0.0, 0.309017, -0.5, 0.809017, 0.0, 0.0, 0.0, 0.0, 1.0 ], [ 0.309017, -0.5, 0.809017, 0.0, 0.5, 0.809017, 0.309017, 0.0, -0.809017, 0.309017, 0.5, 0.0, 0.0, 0.0, 0.0, 1.0 ], [ -0.809017, 0.309017, 0.5, 0.0, -0.309017, 0.5, -0.809017, 0.0, -0.5, -0.809017, -0.309017, 0.0, 0.0, 0.0, 0.0, 1.0 ], [ -0.5, -0.809017, 0.309017, 0.0, 0.809017, -0.309017, 0.5, 0.0, -0.309017, 0.5, 0.809017, 0.0, 0.0, 0.0, 0.0, 1.0 ], [ -0.309017, 0.5, 0.809017, 0.0, 0.5, 0.809017, -0.309017, 0.0, -0.809017, 0.309017, -0.5, 0.0, 0.0, 0.0, 0.0, 1.0 ], [ -0.809017, 0.309017, -0.5, 0.0, 0.309017, -0.5, -0.809017, 0.0, -0.5, -0.809017, 0.309017, 0.0, 0.0, 0.0, 0.0, 1.0 ], [ -0.809017, -0.309017, 0.5, 0.0, 0.309017, 0.5, 0.809017, 0.0, -0.5, 0.809017, -0.309017, 0.0, 0.0, 0.0, 0.0, 1.0 ], [ -0.5, 0.809017, -0.309017, 0.0, 0.809017, 0.309017, -0.5, 0.0, -0.309017, -0.5, -0.809017, 0.0, 0.0, 0.0, 0.0, 1.0 ], [ -0.309017, -0.5, -0.809017, 0.0, 0.5, -0.809017, 0.309017, 0.0, -0.809017, -0.309017, 0.5, 0.0, 0.0, 0.0, 0.0, 1.0 ] ],
  "lights" : {
    "ambientColor" : "#292929",
    "backgroundColor" : "#AFC8DC",
    "directionalLights" : [ {
      "direction" : {
        "x" : 1.0,
        "y" : -1.0,
        "z" : -1.0
      },
      "color" : "#EBEBE4"
    }, {
      "direction" : {
        "x" : -1.0,
        "y" : 0.0,
        "z" : 0.0
      },
      "color" : "#E4E4EB"
    }, {
      "direction" : {
        "x" : 0.0,
        "y" : 0.0,
        "z" : -1.0
      },
      "color" : "#1E1E1E"
    } ]
  },
  "camera" : {
    "lookDirection" : {
      "x" : 0.0,
      "y" : 0.0,
      "z" : -1.0
    },
    "upDirection" : {
      "x" : 0.0,
      "y" : 1.0,
      "z" : 0.0
    },
    "lookAtPoint" : {
      "x" : 0.0,
      "y" : 0.0,
      "z" : 0.0
    },
    "perspective" : false,
    "viewDistance" : 301.533,
    "nearClipDistance" : 0.75383365,
    "farClipDistance" : 603.0646,
    "fieldOfView" : 0.44262943,
    "stereo" : false,
    "width" : 135.69002,
    "position" : {
      "x" : 0.0,
      "y" : 0.0,
      "z" : 301.533
    }
  },
  "embedding" : [ 1.0, 0.0, 0.0, 0.0, 0.0, 1.0, 0.0, 0.0, 0.0, 0.0, 1.0, 0.0, 0.0, 0.0, 0.0, 1.0 ],
  "shapes" : [ {
    "id" : "dcd1d8a1-1236-4926-bce1-6750b7915867",
    "vertices" : [ {
      "x" : -29.034441,
      "y" : 0.0,
      "z" : -11.09017
    }, {
      "x" : -17.944271,
      "y" : 17.944271,
      "z" : -17.944271
    }, {
      "x" : -11.09017,
      "y" : 29.034441,
      "z" : 0.0
    }, {
      "x" : -17.944271,
      "y" : 17.944271,
      "z" : 17.944271
    }, {
      "x" : -29.034441,
      "y" : 0.0,
      "z" : 11.09017
    } ],
    "faces" : [ {
      "vertices" : [ 0, 1, 2 ]
    }, {
      "vertices" : [ 0, 2, 3 ]
    }, {
      "vertices" : [ 0, 3, 4 ]
    }, {
      "vertices" : [ 0, 4, 3 ]
    }, {
      "vertices" : [ 0, 3, 2 ]
    }, {
      "vertices" : [ 0, 2, 1 ]
    } ]
  }, {
    "id" : "ff95b8ec-c25c-4092-aaa8-5b1eb2a09943",
    "vertices" : [ {
      "x" : 1.309017,
      "y" : -8.972136,
      "z" : -7.663119
    }, {
      "x" : 4.236068,
      "y" : -11.09017,
      "z" : 0.0
    }, {
      "x" : 10.281153,
      "y" : -5.545085,
      "z" : 2.118034
    }, {
      "x" : 11.09017,
      "y" : 0.0,
      "z" : -4.236068
    }, {
      "x" : 5.545085,
      "y" : -2.118034,
      "z" : -10.281153
    } ],
    "faces" : [ {
      "vertices" : [ 0, 1, 2 ]
    }, {
      "vertices" : [ 0, 2, 3 ]
    }, {
      "vertices" : [ 0, 3, 4 ]
    }, {
      "vertices" : [ 0, 4, 3 ]
    }, {
      "vertices" : [ 0, 3, 2 ]
    }, {
      "vertices" : [ 0, 2, 1 ]
    } ]
  }, {
    "id" : "5e6f2bae-81d2-463c-8502-7514b4072e04",
    "vertices" : [ {
      "x" : -6.854102,
      "y" : -6.854102,
      "z" : -6.854102
    }, {
      "x" : -4.236068,
      "y" : 0.0,
      "z" : -11.09017
    }, {
      "x" : -6.854102,
      "y" : 6.854102,
      "z" : -6.854102
    }, {
      "x" : -11.09017,
      "y" : 4.236068,
      "z" : 0.0
    }, {
      "x" : -11.09017,
      "y" : -4.236068,
      "z" : 0.0
    } ],
    "faces" : [ {
      "vertices" : [ 0, 1, 2 ]
    }, {
      "vertices" : [ 0, 2, 3 ]
    }, {
      "vertices" : [ 0, 3, 4 ]
    }, {
      "vertices" : [ 0, 4, 3 ]
    }, {
      "vertices" : [ 0, 3, 2 ]
    }, {
      "vertices" : [ 0, 2, 1 ]
    } ]
  }, {
    "id" : "87775b3e-e77f-4bee-8047-03a447e4f493",
    "vertices" : [ {
      "x" : -8.972136,
      "y" : 7.663119,
      "z" : 1.309017
    }, {
      "x" : -6.854102,
      "y" : 6.854102,
      "z" : -6.854102
    }, {
      "x" : 1.309017,
      "y" : 8.972136,
      "z" : -7.663119
    }, {
      "x" : 4.236068,
      "y" : 11.09017,
      "z" : 0.0
    }, {
      "x" : -2.118034,
      "y" : 10.281153,
      "z" : 5.545085
    } ],
    "faces" : [ {
      "vertices" : [ 0, 1, 2 ]
    }, {
      "vertices" : [ 0, 2, 3 ]
    }, {
      "vertices" : [ 0, 3, 4 ]
    }, {
      "vertices" : [ 0, 4, 3 ]
    }, {
      "vertices" : [ 0, 3, 2 ]
    }, {
      "vertices" : [ 0, 2, 1 ]
    } ]
  }, {
    "id" : "379d84da-8457-4b43-a34d-8082b4311439",
    "vertices" : [ {
      "x" : -11.09017,
      "y" : 0.0,
      "z" : 4.236068
    }, {
      "x" : -6.854102,
      "y" : -6.854102,
      "z" : 6.854102
    }, {
      "x" : -11.09017,
      "y" : -4.236068,
      "z" : 0.0
    } ],
    "faces" : [ {
      "vertices" : [ 0, 1, 2 ]
    }, {
      "vertices" : [ 0, 2, 1 ]
    } ]
  }, {
    "id" : "85f1255d-9488-4d29-a590-c2262d5a6505",
    "vertices" : [ {
      "x" : -4.236068,
      "y" : 11.09017,
      "z" : 0.0
    }, {
      "x" : -6.854102,
      "y" : 6.854102,
      "z" : -6.854102
    }, {
      "x" : 0.0,
      "y" : 11.09017,
      "z" : -4.236068
    } ],
    "faces" : [ {
      "vertices" : [ 0, 1, 2 ]
    }, {
      "vertices" : [ 0, 2, 1 ]
    } ]
  }, {
    "id" : "3c2e925b-c952-41a1-8566-1a6500e81323",
    "vertices" : [ {
      "x" : 10.09017,
      "y" : 3.927051,
      "z" : -0.19098301
    }, {
      "x" : 10.399187,
      "y" : 3.427051,
      "z" : 0.0
    }, {
      "x" : 9.472136,
      "y" : 3.309017,
      "z" : 0.19098301
    }, {
      "x" : 9.472136,
      "y" : 3.309017,
      "z" : -0.19098301
    }, {
      "x" : 9.472136,
      "y" : 3.927051,
      "z" : 0.19098301
    }, {
      "x" : 10.281153,
      "y" : 3.618034,
      "z" : -0.309017
    }, {
      "x" : 1.618034,
      "y" : 0.309017,
      "z" : 0.19098301
    }, {
      "x" : 1.618034,
      "y" : 0.927051,
      "z" : 0.19098301
    }, {
      "x" : 0.809017,
      "y" : 0.618034,
      "z" : 0.309017
    }, {
      "x" : 10.09017,
      "y" : 3.927051,
      "z" : 0.19098301
    }, {
      "x" : 1.0,
      "y" : 0.309017,
      "z" : -0.19098301
    }, {
      "x" : 1.618034,
      "y" : 0.309017,
      "z" : -0.19098301
    }, {
      "x" : 1.0,
      "y" : 0.309017,
      "z" : 0.19098301
    }, {
      "x" : 10.281153,
      "y" : 3.618034,
      "z" : 0.309017
    }, {
      "x" : 9.472136,
      "y" : 3.927051,
      "z" : -0.19098301
    }, {
      "x" : 1.618034,
      "y" : 0.927051,
      "z" : -0.19098301
    }, {
      "x" : 0.690983,
      "y" : 0.809017,
      "z" : 0.0
    }, {
      "x" : 0.809017,
      "y" : 0.618034,
      "z" : -0.309017
    }, {
      "x" : 11.09017,
      "y" : 4.236068,
      "z" : 0.0
    } ],
    "faces" : [ {
      "vertices" : [ 1, 2, 3 ]
    }, {
      "vertices" : [ 7, 15, 16 ]
    }, {
      "vertices" : [ 10, 17, 11 ]
    }, {
      "vertices" : [ 6, 12, 10 ]
    }, {
      "vertices" : [ 6, 10, 11 ]
    }, {
      "vertices" : [ 4, 14, 15 ]
    }, {
      "vertices" : [ 4, 15, 7 ]
    }, {
      "vertices" : [ 1, 3, 5 ]
    }, {
      "vertices" : [ 3, 11, 15 ]
    }, {
      "vertices" : [ 3, 15, 14 ]
    }, {
      "vertices" : [ 11, 17, 15 ]
    }, {
      "vertices" : [ 1, 13, 2 ]
    }, {
      "vertices" : [ 15, 17, 16 ]
    }, {
      "vertices" : [ 2, 4, 7 ]
    }, {
      "vertices" : [ 2, 7, 6 ]
    }, {
      "vertices" : [ 0, 5, 14 ]
    }, {
      "vertices" : [ 2, 13, 4 ]
    }, {
      "vertices" : [ 6, 7, 8 ]
    }, {
      "vertices" : [ 2, 6, 11 ]
    }, {
      "vertices" : [ 2, 11, 3 ]
    }, {
      "vertices" : [ 3, 14, 5 ]
    }, {
      "vertices" : [ 4, 13, 9 ]
    }, {
      "vertices" : [ 6, 8, 12 ]
    }, {
      "vertices" : [ 0, 14, 4 ]
    }, {
      "vertices" : [ 0, 4, 9 ]
    }, {
      "vertices" : [ 7, 16, 8 ]
    } ]
  }, {
    "id" : "e5bd781a-9d6d-4c6a-9e15-f3981b22f639",
    "vertices" : [ {
      "x" : -1.309017,
      "y" : 8.972136,
      "z" : 7.663119
    }, {
      "x" : 6.854102,
      "y" : 6.854102,
      "z" : 6.854102
    }, {
      "x" : 7.663119,
      "y" : -1.309017,
      "z" : 8.972136
    }, {
      "x" : 0.0,
      "y" : -4.236068,
      "z" : 11.09017
    }, {
      "x" : -5.545085,
      "y" : 2.118034,
      "z" : 10.281153
    } ],
    "faces" : [ {
      "vertices" : [ 0, 1, 2 ]
    }, {
      "vertices" : [ 0, 2, 3 ]
    }, {
      "vertices" : [ 0, 3, 4 ]
    }, {
      "vertices" : [ 0, 4, 3 ]
    }, {
      "vertices" : [ 0, 3, 2 ]
    }, {
      "vertices" : [ 0, 2, 1 ]
    } ]
  }, {
    "id" : "eaacd84c-25d3-4cd8-9b16-ce2dc0861026",
    "vertices" : [ {
      "x" : 3.427051,
      "y" : -23.489357,
      "z" : -20.062305
    }, {
      "x" : 11.09017,
      "y" : -29.034441,
      "z" : 0.0
    }, {
      "x" : 26.916409,
      "y" : -14.5172205,
      "z" : 5.545085
    }, {
      "x" : 29.034441,
      "y" : 0.0,
      "z" : -11.09017
    }, {
      "x" : 14.5172205,
      "y" : -5.545085,
      "z" : -26.916409
    } ],
    "faces" : [ {
      "vertices" : [ 0, 1, 2 ]
    }, {
      "vertices" : [ 0, 2, 3 ]
    }, {
      "vertices" : [ 0, 3, 4 ]
    }, {
      "vertices" : [ 0, 4, 3 ]
    }, {
      "vertices" : [ 0, 3, 2 ]
    }, {
      "vertices" : [ 0, 2, 1 ]
    } ]
  }, {
    "id" : "0009ab50-788f-42d3-bc81-e99ef281352a",
    "vertices" : [ {
      "x" : 4.236068,
      "y" : -11.09017,
      "z" : 0.0
    }, {
      "x" : 6.854102,
      "y" : -6.854102,
      "z" : 6.854102
    }, {
      "x" : 0.0,
      "y" : -11.09017,
      "z" : 4.236068
    } ],
    "faces" : [ {
      "vertices" : [ 0, 1, 2 ]
    }, {
      "vertices" : [ 0, 2, 1 ]
    } ]
  }, {
    "id" : "4e827499-05e7-4170-972e-565e7bbab787",
    "vertices" : [ {
      "x" : 14.5172205,
      "y" : -5.545085,
      "z" : -26.916409
    }, {
      "x" : 0.0,
      "y" : 11.09017,
      "z" : -29.034441
    }, {
      "x" : -20.062305,
      "y" : 3.427051,
      "z" : -23.489357
    }, {
      "x" : -17.944271,
      "y" : -17.944271,
      "z" : -17.944271
    }, {
      "x" : 3.427051,
      "y" : -23.489357,
      "z" : -20.062305
    } ],
    "faces" : [ {
      "vertices" : [ 0, 1, 2 ]
    }, {
      "vertices" : [ 0, 2, 3 ]
    }, {
      "vertices" : [ 0, 3, 4 ]
    }, {
      "vertices" : [ 0, 4, 3 ]
    }, {
      "vertices" : [ 0, 3, 2 ]
    }, {
      "vertices" : [ 0, 2, 1 ]
    } ]
  }, {
    "id" : "1f22be1d-1ed5-47fc-b554-80896102419c",
    "vertices" : [ {
      "x" : 6.854102,
      "y" : 6.854102,
      "z" : -6.854102
    }, {
      "x" : 4.236068,
      "y" : 0.0,
      "z" : -11.09017
    }, {
      "x" : 6.854102,
      "y" : -6.854102,
      "z" : -6.854102
    }, {
      "x" : 11.09017,
      "y" : -4.236068,
      "z" : 0.0
    }, {
      "x" : 11.09017,
      "y" : 4.236068,
      "z" : 0.0
    } ],
    "faces" : [ {
      "vertices" : [ 0, 1, 2 ]
    }, {
      "vertices" : [ 0, 2, 3 ]
    }, {
      "vertices" : [ 0, 3, 4 ]
    }, {
      "vertices" : [ 0, 4, 3 ]
    }, {
      "vertices" : [ 0, 3, 2 ]
    }, {
      "vertices" : [ 0, 2, 1 ]
    } ]
  }, {
    "id" : "6a82b5bb-924b-4395-a59e-719e0a7a4a68",
    "vertices" : [ {
      "x" : 8.972136,
      "y" : 7.663119,
      "z" : -1.309017
    }, {
      "x" : 6.854102,
      "y" : 6.854102,
      "z" : 6.854102
    }, {
      "x" : -1.309017,
      "y" : 8.972136,
      "z" : 7.663119
    }, {
      "x" : -4.236068,
      "y" : 11.09017,
      "z" : 0.0
    }, {
      "x" : 2.118034,
      "y" : 10.281153,
      "z" : -5.545085
    } ],
    "faces" : [ {
      "vertices" : [ 0, 1, 2 ]
    }, {
      "vertices" : [ 0, 2, 3 ]
    }, {
      "vertices" : [ 0, 3, 4 ]
    }, {
      "vertices" : [ 0, 4, 3 ]
    }, {
      "vertices" : [ 0, 3, 2 ]
    }, {
      "vertices" : [ 0, 2, 1 ]
    } ]
  }, {
    "id" : "f308ab00-ace9-4e18-ab63-a576cfdcac9d",
    "vertices" : [ {
      "x" : 0.0,
      "y" : -11.09017,
      "z" : -4.236068
    }, {
      "x" : -4.236068,
      "y" : -11.09017,
      "z" : 0.0
    }, {
      "x" : 0.0,
      "y" : -11.09017,
      "z" : 4.236068
    }, {
      "x" : 4.236068,
      "y" : -11.09017,
      "z" : 0.0
    } ],
    "faces" : [ {
      "vertices" : [ 0, 1, 2 ]
    }, {
      "vertices" : [ 0, 2, 3 ]
    }, {
      "vertices" : [ 0, 3, 2 ]
    }, {
      "vertices" : [ 0, 2, 1 ]
    } ]
  }, {
    "id" : "26954360-4802-4f95-bcc5-89b33595d541",
    "vertices" : [ {
      "x" : -5.545085,
      "y" : 26.916409,
      "z" : -14.5172205
    }, {
      "x" : 11.09017,
      "y" : 29.034441,
      "z" : 0.0
    }, {
      "x" : 3.427051,
      "y" : 23.489357,
      "z" : 20.062305
    }, {
      "x" : -17.944271,
      "y" : 17.944271,
      "z" : 17.944271
    }, {
      "x" : -23.489357,
      "y" : 20.062305,
      "z" : -3.427051
    } ],
    "faces" : [ {
      "vertices" : [ 0, 1, 2 ]
    }, {
      "vertices" : [ 0, 2, 3 ]
    }, {
      "vertices" : [ 0, 3, 4 ]
    }, {
      "vertices" : [ 0, 4, 3 ]
    }, {
      "vertices" : [ 0, 3, 2 ]
    }, {
      "vertices" : [ 0, 2, 1 ]
    } ]
  }, {
    "id" : "8496816a-3b52-4e9a-8ffc-0a1e40633e9a",
    "vertices" : [ {
      "x" : 4.236068,
      "y" : -11.09017,
      "z" : 0.0
    }, {
      "x" : 6.854102,
      "y" : -6.854102,
      "z" : -6.854102
    }, {
      "x" : 0.0,
      "y" : -11.09017,
      "z" : -4.236068
    } ],
    "faces" : [ {
      "vertices" : [ 0, 1, 2 ]
    }, {
      "vertices" : [ 0, 2, 1 ]
    } ]
  }, {
    "id" : "47c85508-5f7a-4aa6-85ef-b95489800ac6",
    "vertices" : [ {
      "x" : -17.944271,
      "y" : 17.944271,
      "z" : 17.944271
    }, {
      "x" : 0.0,
      "y" : 29.034441,
      "z" : 11.09017
    }, {
      "x" : 17.944271,
      "y" : 17.944271,
      "z" : 17.944271
    }, {
      "x" : 11.09017,
      "y" : 0.0,
      "z" : 29.034441
    }, {
      "x" : -11.09017,
      "y" : 0.0,
      "z" : 29.034441
    } ],
    "faces" : [ {
      "vertices" : [ 0, 1, 2 ]
    }, {
      "vertices" : [ 0, 2, 3 ]
    }, {
      "vertices" : [ 0, 3, 4 ]
    }, {
      "vertices" : [ 0, 4, 3 ]
    }, {
      "vertices" : [ 0, 3, 2 ]
    }, {
      "vertices" : [ 0, 2, 1 ]
    } ]
  }, {
    "id" : "b8caeefc-2bae-4638-aa76-619b452f15c9",
    "vertices" : [ {
      "x" : -3.427051,
      "y" : 23.489357,
      "z" : 20.062305
    }, {
      "x" : 17.944271,
      "y" : 17.944271,
      "z" : 17.944271
    }, {
      "x" : 20.062305,
      "y" : -3.427051,
      "z" : 23.489357
    }, {
      "x" : 0.0,
      "y" : -11.09017,
      "z" : 29.034441
    }, {
      "x" : -14.5172205,
      "y" : 5.545085,
      "z" : 26.916409
    } ],
    "faces" : [ {
      "vertices" : [ 0, 1, 2 ]
    }, {
      "vertices" : [ 0, 2, 3 ]
    }, {
      "vertices" : [ 0, 3, 4 ]
    }, {
      "vertices" : [ 0, 4, 3 ]
    }, {
      "vertices" : [ 0, 3, 2 ]
    }, {
      "vertices" : [ 0, 2, 1 ]
    } ]
  }, {
    "id" : "19753210-cf78-4818-aac6-03251e29c486",
    "vertices" : [ {
      "x" : -5.545085,
      "y" : -2.118034,
      "z" : 10.281153
    }, {
      "x" : 0.0,
      "y" : 4.236068,
      "z" : 11.09017
    }, {
      "x" : 7.663119,
      "y" : 1.309017,
      "z" : 8.972136
    }, {
      "x" : 6.854102,
      "y" : -6.854102,
      "z" : 6.854102
    }, {
      "x" : -1.309017,
      "y" : -8.972136,
      "z" : 7.663119
    } ],
    "faces" : [ {
      "vertices" : [ 0, 1, 2 ]
    }, {
      "vertices" : [ 0, 2, 3 ]
    }, {
      "vertices" : [ 0, 3, 4 ]
    }, {
      "vertices" : [ 0, 4, 3 ]
    }, {
      "vertices" : [ 0, 3, 2 ]
    }, {
      "vertices" : [ 0, 2, 1 ]
    } ]
  }, {
    "id" : "8dbc0621-0e29-40d2-83ac-efd1610f94be",
    "vertices" : [ {
      "x" : -11.09017,
      "y" : -29.034441,
      "z" : 0.0
    }, {
      "x" : -17.944271,
      "y" : -17.944271,
      "z" : 17.944271
    }, {
      "x" : 0.0,
      "y" : -11.09017,
      "z" : 29.034441
    }, {
      "x" : 17.944271,
      "y" : -17.944271,
      "z" : 17.944271
    }, {
      "x" : 11.09017,
      "y" : -29.034441,
      "z" : 0.0
    } ],
    "faces" : [ {
      "vertices" : [ 0, 1, 2 ]
    }, {
      "vertices" : [ 0, 2, 3 ]
    }, {
      "vertices" : [ 0, 3, 4 ]
    }, {
      "vertices" : [ 0, 4, 3 ]
    }, {
      "vertices" : [ 0, 3, 2 ]
    }, {
      "vertices" : [ 0, 2, 1 ]
    } ]
  }, {
    "id" : "842e0093-7356-4353-8bee-46119bde8d69",
    "vertices" : [ {
      "x" : -6.854102,
      "y" : -6.854102,
      "z" : -6.854102
    }, {
      "x" : -11.09017,
      "y" : -4.236068,
      "z" : 0.0
    }, {
      "x" : -6.854102,
      "y" : -6.854102,
      "z" : 6.854102
    }, {
      "x" : 0.0,
      "y" : -11.09017,
      "z" : 4.236068
    }, {
      "x" : 0.0,
      "y" : -11.09017,
      "z" : -4.236068
    } ],
    "faces" : [ {
      "vertices" : [ 0, 1, 2 ]
    }, {
      "vertices" : [ 0, 2, 3 ]
    }, {
      "vertices" : [ 0, 3, 4 ]
    }, {
      "vertices" : [ 0, 4, 3 ]
    }, {
      "vertices" : [ 0, 3, 2 ]
    }, {
      "vertices" : [ 0, 2, 1 ]
    } ]
  }, {
    "id" : "9d0ffaaa-7f83-4770-8d7d-2dece94e7567",
    "vertices" : [ {
      "x" : 29.034441,
      "y" : 0.0,
      "z" : 11.09017
    }, {
      "x" : 17.944271,
      "y" : 17.944271,
      "z" : 17.944271
    }, {
      "x" : 11.09017,
      "y" : 29.034441,
      "z" : 0.0
    }, {
      "x" : 17.944271,
      "y" : 17.944271,
      "z" : -17.944271
    }, {
      "x" : 29.034441,
      "y" : 0.0,
      "z" : -11.09017
    } ],
    "faces" : [ {
      "vertices" : [ 0, 1, 2 ]
    }, {
      "vertices" : [ 0, 2, 3 ]
    }, {
      "vertices" : [ 0, 3, 4 ]
    }, {
      "vertices" : [ 0, 4, 3 ]
    }, {
      "vertices" : [ 0, 3, 2 ]
    }, {
      "vertices" : [ 0, 2, 1 ]
    } ]
  }, {
    "id" : "9f002377-eec1-47bf-b31c-098483d86531",
    "vertices" : [ {
      "x" : -10.281153,
      "y" : 5.545085,
      "z" : -2.118034
    }, {
      "x" : -11.09017,
      "y" : 0.0,
      "z" : 4.236068
    }, {
      "x" : -8.972136,
      "y" : -7.663119,
      "z" : 1.309017
    }, {
      "x" : -6.854102,
      "y" : -6.854102,
      "z" : -6.854102
    }, {
      "x" : -7.663119,
      "y" : 1.309017,
      "z" : -8.972136
    } ],
    "faces" : [ {
      "vertices" : [ 0, 1, 2 ]
    }, {
      "vertices" : [ 0, 2, 3 ]
    }, {
      "vertices" : [ 0, 3, 4 ]
    }, {
      "vertices" : [ 0, 4, 3 ]
    }, {
      "vertices" : [ 0, 3, 2 ]
    }, {
      "vertices" : [ 0, 2, 1 ]
    } ]
  }, {
    "id" : "87440b4d-35c4-44d1-844f-a6c623eb4d0b",
    "vertices" : [ {
      "x" : 23.489357,
      "y" : 20.062305,
      "z" : 3.427051
    }, {
      "x" : 29.034441,
      "y" : 0.0,
      "z" : 11.09017
    }, {
      "x" : 14.5172205,
      "y" : -5.545085,
      "z" : 26.916409
    }, {
      "x" : 0.0,
      "y" : 11.09017,
      "z" : 29.034441
    }, {
      "x" : 5.545085,
      "y" : 26.916409,
      "z" : 14.5172205
    } ],
    "faces" : [ {
      "vertices" : [ 0, 1, 2 ]
    }, {
      "vertices" : [ 0, 2, 3 ]
    }, {
      "vertices" : [ 0, 3, 4 ]
    }, {
      "vertices" : [ 0, 4, 3 ]
    }, {
      "vertices" : [ 0, 3, 2 ]
    }, {
      "vertices" : [ 0, 2, 1 ]
    } ]
  }, {
    "id" : "eb26b6ea-3770-486c-ba9b-4ca81264e834",
    "vertices" : [ {
      "x" : -2.118034,
      "y" : 10.281153,
      "z" : -5.545085
    }, {
      "x" : 4.236068,
      "y" : 11.09017,
      "z" : 0.0
    }, {
      "x" : 1.309017,
      "y" : 8.972136,
      "z" : 7.663119
    }, {
      "x" : -6.854102,
      "y" : 6.854102,
      "z" : 6.854102
    }, {
      "x" : -8.972136,
      "y" : 7.663119,
      "z" : -1.309017
    } ],
    "faces" : [ {
      "vertices" : [ 0, 1, 2 ]
    }, {
      "vertices" : [ 0, 2, 3 ]
    }, {
      "vertices" : [ 0, 3, 4 ]
    }, {
      "vertices" : [ 0, 4, 3 ]
    }, {
      "vertices" : [ 0, 3, 2 ]
    }, {
      "vertices" : [ 0, 2, 1 ]
    } ]
  }, {
    "id" : "1868c12d-a19e-48d6-ace0-3b48b6a020c5",
    "vertices" : [ {
      "x" : 5.545085,
      "y" : 26.916409,
      "z" : -14.5172205
    }, {
      "x" : 0.0,
      "y" : 11.09017,
      "z" : -29.034441
    }, {
      "x" : 14.5172205,
      "y" : -5.545085,
      "z" : -26.916409
    }, {
      "x" : 29.034441,
      "y" : 0.0,
      "z" : -11.09017
    }, {
      "x" : 23.489357,
      "y" : 20.062305,
      "z" : -3.427051
    } ],
    "faces" : [ {
      "vertices" : [ 0, 1, 2 ]
    }, {
      "vertices" : [ 0, 2, 3 ]
    }, {
      "vertices" : [ 0, 3, 4 ]
    }, {
      "vertices" : [ 0, 4, 3 ]
    }, {
      "vertices" : [ 0, 3, 2 ]
    }, {
      "vertices" : [ 0, 2, 1 ]
    } ]
  }, {
    "id" : "5c47e37b-c743-47bb-82e3-3ad9e06b14e1",
    "vertices" : [ {
      "x" : 23.489357,
      "y" : 20.062305,
      "z" : -3.427051
    }, {
      "x" : 17.944271,
      "y" : 17.944271,
      "z" : 17.944271
    }, {
      "x" : -3.427051,
      "y" : 23.489357,
      "z" : 20.062305
    }, {
      "x" : -11.09017,
      "y" : 29.034441,
      "z" : 0.0
    }, {
      "x" : 5.545085,
      "y" : 26.916409,
      "z" : -14.5172205
    } ],
    "faces" : [ {
      "vertices" : [ 0, 1, 2 ]
    }, {
      "vertices" : [ 0, 2, 3 ]
    }, {
      "vertices" : [ 0, 3, 4 ]
    }, {
      "vertices" : [ 0, 4, 3 ]
    }, {
      "vertices" : [ 0, 3, 2 ]
    }, {
      "vertices" : [ 0, 2, 1 ]
    } ]
  }, {
    "id" : "80db45d9-1d24-453a-a0ed-ca34436b8be5",
    "vertices" : [ {
      "x" : 11.09017,
      "y" : 0.0,
      "z" : -4.236068
    }, {
      "x" : 4.236068,
      "y" : 0.0,
      "z" : -11.09017
    }, {
      "x" : 6.854102,
      "y" : 6.854102,
      "z" : -6.854102
    } ],
    "faces" : [ {
      "vertices" : [ 0, 1, 2 ]
    }, {
      "vertices" : [ 0, 2, 1 ]
    } ]
  }, {
    "id" : "c470c75f-fd6f-468d-8850-c2584768263f",
    "vertices" : [ {
      "x" : -6.854102,
      "y" : 6.854102,
      "z" : 6.854102
    }, {
      "x" : -11.09017,
      "y" : 4.236068,
      "z" : 0.0
    }, {
      "x" : -6.854102,
      "y" : 6.854102,
      "z" : -6.854102
    }, {
      "x" : 0.0,
      "y" : 11.09017,
      "z" : -4.236068
    }, {
      "x" : 0.0,
      "y" : 11.09017,
      "z" : 4.236068
    } ],
    "faces" : [ {
      "vertices" : [ 0, 1, 2 ]
    }, {
      "vertices" : [ 0, 2, 3 ]
    }, {
      "vertices" : [ 0, 3, 4 ]
    }, {
      "vertices" : [ 0, 4, 3 ]
    }, {
      "vertices" : [ 0, 3, 2 ]
    }, {
      "vertices" : [ 0, 2, 1 ]
    } ]
  }, {
    "id" : "6f0cd18f-c28e-4dc3-b68b-70abcda4c106",
    "vertices" : [ {
      "x" : 0.0,
      "y" : -4.236068,
      "z" : -11.09017
    }, {
      "x" : 0.0,
      "y" : -11.09017,
      "z" : -4.236068
    }, {
      "x" : -6.854102,
      "y" : -6.854102,
      "z" : -6.854102
    } ],
    "faces" : [ {
      "vertices" : [ 0, 1, 2 ]
    }, {
      "vertices" : [ 0, 2, 1 ]
    } ]
  }, {
    "id" : "7665c5db-a9c2-4f04-a2b0-60e49a49d4bf",
    "vertices" : [ {
      "x" : 0.0,
      "y" : 4.236068,
      "z" : 11.09017
    }, {
      "x" : 6.854102,
      "y" : 6.854102,
      "z" : 6.854102
    }, {
      "x" : 4.236068,
      "y" : 0.0,
      "z" : 11.09017
    } ],
    "faces" : [ {
      "vertices" : [ 0, 1, 2 ]
    }, {
      "vertices" : [ 0, 2, 1 ]
    } ]
  }, {
    "id" : "19a23c24-1713-4a1f-8739-b4723e5ab6b5",
    "vertices" : [ {
      "x" : 6.854102,
      "y" : -6.854102,
      "z" : 6.854102
    }, {
      "x" : 4.236068,
      "y" : 0.0,
      "z" : 11.09017
    }, {
      "x" : 6.854102,
      "y" : 6.854102,
      "z" : 6.854102
    }, {
      "x" : 11.09017,
      "y" : 4.236068,
      "z" : 0.0
    }, {
      "x" : 11.09017,
      "y" : -4.236068,
      "z" : 0.0
    } ],
    "faces" : [ {
      "vertices" : [ 0, 1, 2 ]
    }, {
      "vertices" : [ 0, 2, 3 ]
    }, {
      "vertices" : [ 0, 3, 4 ]
    }, {
      "vertices" : [ 0, 4, 3 ]
    }, {
      "vertices" : [ 0, 3, 2 ]
    }, {
      "vertices" : [ 0, 2, 1 ]
    } ]
  }, {
    "id" : "643ad40d-a774-46df-b4d6-31cf8652ca1b",
    "vertices" : [ {
      "x" : 3.427051,
      "y" : 23.489357,
      "z" : 20.062305
    }, {
      "x" : 11.09017,
      "y" : 29.034441,
      "z" : 0.0
    }, {
      "x" : 26.916409,
      "y" : 14.5172205,
      "z" : -5.545085
    }, {
      "x" : 29.034441,
      "y" : 0.0,
      "z" : 11.09017
    }, {
      "x" : 14.5172205,
      "y" : 5.545085,
      "z" : 26.916409
    } ],
    "faces" : [ {
      "vertices" : [ 0, 1, 2 ]
    }, {
      "vertices" : [ 0, 2, 3 ]
    }, {
      "vertices" : [ 0, 3, 4 ]
    }, {
      "vertices" : [ 0, 4, 3 ]
    }, {
      "vertices" : [ 0, 3, 2 ]
    }, {
      "vertices" : [ 0, 2, 1 ]
    } ]
  }, {
    "id" : "8e9f6781-562a-4cc8-a0a9-1f1d9a8e36b3",
    "vertices" : [ {
      "x" : -11.09017,
      "y" : 0.0,
      "z" : 4.236068
    }, {
      "x" : -4.236068,
      "y" : 0.0,
      "z" : 11.09017
    }, {
      "x" : -6.854102,
      "y" : -6.854102,
      "z" : 6.854102
    } ],
    "faces" : [ {
      "vertices" : [ 0, 1, 2 ]
    }, {
      "vertices" : [ 0, 2, 1 ]
    } ]
  }, {
    "id" : "48e7ad0c-781b-41f6-8c45-4f47623a5949",
    "vertices" : [ {
      "x" : -2.118034,
      "y" : 10.281153,
      "z" : 5.545085
    }, {
      "x" : 0.0,
      "y" : 4.236068,
      "z" : 11.09017
    }, {
      "x" : -5.545085,
      "y" : -2.118034,
      "z" : 10.281153
    }, {
      "x" : -11.09017,
      "y" : 0.0,
      "z" : 4.236068
    }, {
      "x" : -8.972136,
      "y" : 7.663119,
      "z" : 1.309017
    } ],
    "faces" : [ {
      "vertices" : [ 0, 1, 2 ]
    }, {
      "vertices" : [ 0, 2, 3 ]
    }, {
      "vertices" : [ 0, 3, 4 ]
    }, {
      "vertices" : [ 0, 4, 3 ]
    }, {
      "vertices" : [ 0, 3, 2 ]
    }, {
      "vertices" : [ 0, 2, 1 ]
    } ]
  }, {
    "id" : "ea211626-52f2-4cf2-93e7-b8e2b9a99a73",
    "vertices" : [ {
      "x" : 0.0,
      "y" : -4.236068,
      "z" : -11.09017
    }, {
      "x" : 0.0,
      "y" : -11.09017,
      "z" : -4.236068
    }, {
      "x" : 6.854102,
      "y" : -6.854102,
      "z" : -6.854102
    } ],
    "faces" : [ {
      "vertices" : [ 0, 1, 2 ]
    }, {
      "vertices" : [ 0, 2, 1 ]
    } ]
  }, {
    "id" : "9055e67b-18fb-45a6-86b4-0ad780592b2e",
    "vertices" : [ {
      "x" : -2.118034,
      "y" : -10.281153,
      "z" : 5.545085
    }, {
      "x" : 4.236068,
      "y" : -11.09017,
      "z" : 0.0
    }, {
      "x" : 1.309017,
      "y" : -8.972136,
      "z" : -7.663119
    }, {
      "x" : -6.854102,
      "y" : -6.854102,
      "z" : -6.854102
    }, {
      "x" : -8.972136,
      "y" : -7.663119,
      "z" : 1.309017
    } ],
    "faces" : [ {
      "vertices" : [ 0, 1, 2 ]
    }, {
      "vertices" : [ 0, 2, 3 ]
    }, {
      "vertices" : [ 0, 3, 4 ]
    }, {
      "vertices" : [ 0, 4, 3 ]
    }, {
      "vertices" : [ 0, 3, 2 ]
    }, {
      "vertices" : [ 0, 2, 1 ]
    } ]
  }, {
    "id" : "1bb64d76-70e5-4f2d-957e-25254ade58a2",
    "vertices" : [ {
      "x" : 17.944271,
      "y" : 17.944271,
      "z" : -17.944271
    }, {
      "x" : 29.034441,
      "y" : 11.09017,
      "z" : 0.0
    }, {
      "x" : 17.944271,
      "y" : 17.944271,
      "z" : 17.944271
    }, {
      "x" : 0.0,
      "y" : 29.034441,
      "z" : 11.09017
    }, {
      "x" : 0.0,
      "y" : 29.034441,
      "z" : -11.09017
    } ],
    "faces" : [ {
      "vertices" : [ 0, 1, 2 ]
    }, {
      "vertices" : [ 0, 2, 3 ]
    }, {
      "vertices" : [ 0, 3, 4 ]
    }, {
      "vertices" : [ 0, 4, 3 ]
    }, {
      "vertices" : [ 0, 3, 2 ]
    }, {
      "vertices" : [ 0, 2, 1 ]
    } ]
  }, {
    "id" : "a8d549de-058f-43f7-a961-008f70eac611",
    "vertices" : [ {
      "x" : -4.236068,
      "y" : 0.0,
      "z" : -11.09017
    }, {
      "x" : 0.0,
      "y" : -4.236068,
      "z" : -11.09017
    }, {
      "x" : 4.236068,
      "y" : 0.0,
      "z" : -11.09017
    }, {
      "x" : 0.0,
      "y" : 4.236068,
      "z" : -11.09017
    } ],
    "faces" : [ {
      "vertices" : [ 0, 1, 2 ]
    }, {
      "vertices" : [ 0, 2, 3 ]
    }, {
      "vertices" : [ 0, 3, 2 ]
    }, {
      "vertices" : [ 0, 2, 1 ]
    } ]
  }, {
    "id" : "1930ceaf-bf1b-4083-ac38-29409c43e820",
    "vertices" : [ {
      "x" : -11.09017,
      "y" : 0.0,
      "z" : 4.236068
    }, {
      "x" : -6.854102,
      "y" : -6.854102,
      "z" : 6.854102
    }, {
      "x" : -4.236068,
      "y" : -11.09017,
      "z" : 0.0
    }, {
      "x" : -6.854102,
      "y" : -6.854102,
      "z" : -6.854102
    }, {
      "x" : -11.09017,
      "y" : 0.0,
      "z" : -4.236068
    } ],
    "faces" : [ {
      "vertices" : [ 0, 1, 2 ]
    }, {
      "vertices" : [ 0, 2, 3 ]
    }, {
      "vertices" : [ 0, 3, 4 ]
    }, {
      "vertices" : [ 0, 4, 3 ]
    }, {
      "vertices" : [ 0, 3, 2 ]
    }, {
      "vertices" : [ 0, 2, 1 ]
    } ]
  }, {
    "id" : "f6fdad6d-4bf4-451d-8c68-5fc290b5650a",
    "vertices" : [ {
      "x" : 8.972136,
      "y" : 7.663119,
      "z" : 1.309017
    }, {
      "x" : 11.09017,
      "y" : 0.0,
      "z" : 4.236068
    }, {
      "x" : 5.545085,
      "y" : -2.118034,
      "z" : 10.281153
    }, {
      "x" : 0.0,
      "y" : 4.236068,
      "z" : 11.09017
    }, {
      "x" : 2.118034,
      "y" : 10.281153,
      "z" : 5.545085
    } ],
    "faces" : [ {
      "vertices" : [ 0, 1, 2 ]
    }, {
      "vertices" : [ 0, 2, 3 ]
    }, {
      "vertices" : [ 0, 3, 4 ]
    }, {
      "vertices" : [ 0, 4, 3 ]
    }, {
      "vertices" : [ 0, 3, 2 ]
    }, {
      "vertices" : [ 0, 2, 1 ]
    } ]
  }, {
    "id" : "d55ba43f-2c60-40bd-8b74-9ac387d255ed",
    "vertices" : [ {
      "x" : 0.0,
      "y" : -11.09017,
      "z" : -29.034441
    }, {
      "x" : 17.944271,
      "y" : -17.944271,
      "z" : -17.944271
    }, {
      "x" : 29.034441,
      "y" : 0.0,
      "z" : -11.09017
    }, {
      "x" : 17.944271,
      "y" : 17.944271,
      "z" : -17.944271
    }, {
      "x" : 0.0,
      "y" : 11.09017,
      "z" : -29.034441
    } ],
    "faces" : [ {
      "vertices" : [ 0, 1, 2 ]
    }, {
      "vertices" : [ 0, 2, 3 ]
    }, {
      "vertices" : [ 0, 3, 4 ]
    }, {
      "vertices" : [ 0, 4, 3 ]
    }, {
      "vertices" : [ 0, 3, 2 ]
    }, {
      "vertices" : [ 0, 2, 1 ]
    } ]
  }, {
    "id" : "44d3f7ea-e749-40b1-bc49-61bba888998a",
    "vertices" : [ {
      "x" : -10.281153,
      "y" : -5.545085,
      "z" : -2.118034
    }, {
      "x" : -4.236068,
      "y" : -11.09017,
      "z" : 0.0
    }, {
      "x" : 2.118034,
      "y" : -10.281153,
      "z" : -5.545085
    }, {
      "x" : 0.0,
      "y" : -4.236068,
      "z" : -11.09017
    }, {
      "x" : -7.663119,
      "y" : -1.309017,
      "z" : -8.972136
    } ],
    "faces" : [ {
      "vertices" : [ 0, 1, 2 ]
    }, {
      "vertices" : [ 0, 2, 3 ]
    }, {
      "vertices" : [ 0, 3, 4 ]
    }, {
      "vertices" : [ 0, 4, 3 ]
    }, {
      "vertices" : [ 0, 3, 2 ]
    }, {
      "vertices" : [ 0, 2, 1 ]
    } ]
  }, {
    "id" : "ae52d74b-0637-4ddb-963f-91ada86286ff",
    "vertices" : [ {
      "x" : -5.545085,
      "y" : -26.916409,
      "z" : 14.5172205
    }, {
      "x" : 11.09017,
      "y" : -29.034441,
      "z" : 0.0
    }, {
      "x" : 3.427051,
      "y" : -23.489357,
      "z" : -20.062305
    }, {
      "x" : -17.944271,
      "y" : -17.944271,
      "z" : -17.944271
    }, {
      "x" : -23.489357,
      "y" : -20.062305,
      "z" : 3.427051
    } ],
    "faces" : [ {
      "vertices" : [ 0, 1, 2 ]
    }, {
      "vertices" : [ 0, 2, 3 ]
    }, {
      "vertices" : [ 0, 3, 4 ]
    }, {
      "vertices" : [ 0, 4, 3 ]
    }, {
      "vertices" : [ 0, 3, 2 ]
    }, {
      "vertices" : [ 0, 2, 1 ]
    } ]
  }, {
    "id" : "20814c44-21de-4f9c-8e81-3623a81ddbb8",
    "vertices" : [ {
      "x" : 0.0,
      "y" : -4.236068,
      "z" : 11.09017
    }, {
      "x" : 0.0,
      "y" : -11.09017,
      "z" : 4.236068
    }, {
      "x" : 6.854102,
      "y" : -6.854102,
      "z" : 6.854102
    } ],
    "faces" : [ {
      "vertices" : [ 0, 1, 2 ]
    }, {
      "vertices" : [ 0, 2, 1 ]
    } ]
  }, {
    "id" : "646fc430-0668-4834-9850-126dcb022db9",
    "vertices" : [ {
      "x" : 26.916409,
      "y" : 14.5172205,
      "z" : -5.545085
    }, {
      "x" : 11.09017,
      "y" : 29.034441,
      "z" : 0.0
    }, {
      "x" : -5.545085,
      "y" : 26.916409,
      "z" : -14.5172205
    }, {
      "x" : 0.0,
      "y" : 11.09017,
      "z" : -29.034441
    }, {
      "x" : 20.062305,
      "y" : 3.427051,
      "z" : -23.489357
    } ],
    "faces" : [ {
      "vertices" : [ 0, 1, 2 ]
    }, {
      "vertices" : [ 0, 2, 3 ]
    }, {
      "vertices" : [ 0, 3, 4 ]
    }, {
      "vertices" : [ 0, 4, 3 ]
    }, {
      "vertices" : [ 0, 3, 2 ]
    }, {
      "vertices" : [ 0, 2, 1 ]
    } ]
  }, {
    "id" : "0e15e724-eb71-47c0-b820-63cb505ece17",
    "vertices" : [ {
      "x" : -8.972136,
      "y" : 7.663119,
      "z" : -1.309017
    }, {
      "x" : -11.09017,
      "y" : 0.0,
      "z" : -4.236068
    }, {
      "x" : -5.545085,
      "y" : -2.118034,
      "z" : -10.281153
    }, {
      "x" : 0.0,
      "y" : 4.236068,
      "z" : -11.09017
    }, {
      "x" : -2.118034,
      "y" : 10.281153,
      "z" : -5.545085
    } ],
    "faces" : [ {
      "vertices" : [ 0, 1, 2 ]
    }, {
      "vertices" : [ 0, 2, 3 ]
    }, {
      "vertices" : [ 0, 3, 4 ]
    }, {
      "vertices" : [ 0, 4, 3 ]
    }, {
      "vertices" : [ 0, 3, 2 ]
    }, {
      "vertices" : [ 0, 2, 1 ]
    } ]
  }, {
    "id" : "c5d5915f-dce1-496c-afbd-fff459ca3c5c",
    "vertices" : [ {
      "x" : -26.916409,
      "y" : 14.5172205,
      "z" : 5.545085
    }, {
      "x" : -11.09017,
      "y" : 29.034441,
      "z" : 0.0
    }, {
      "x" : 5.545085,
      "y" : 26.916409,
      "z" : 14.5172205
    }, {
      "x" : 0.0,
      "y" : 11.09017,
      "z" : 29.034441
    }, {
      "x" : -20.062305,
      "y" : 3.427051,
      "z" : 23.489357
