{
  "field" : "golden",
  "symmetry" : "icosahedral",
  "orientations" : [ [ 1.0, 0.0, 0.0, 0.0, 0.0, 1.0, 0.0, 0.0, 0.0, 0.0, 1.0, 0.0, 0.0, 0.0, 0.0, 1.0 ], [ 0.0, 0.0, 1.0, 0.0, 1.0, 0.0, 0.0, 0.0, 0.0, 1.0, 0.0, 0.0, 0.0, 0.0, 0.0, 1.0 ], [ 0.0, 1.0, 0.0, 0.0, 0.0, 0.0, 1.0, 0.0, 1.0, 0.0, 0.0, 0.0, 0.0, 0.0, 0.0, 1.0 ], [ 0.809017, 0.309017, 0.5, 0.0, 0.309017, 0.5, -0.809017, 0.0, -0.5, 0.809017, 0.309017, 0.0, 0.0, 0.0, 0.0, 1.0 ], [ -0.5, 0.809017, 0.309017, 0.0, 0.809017, 0.309017, 0.5, 0.0, 0.309017, 0.5, -0.809017, 0.0, 0.0, 0.0, 0.0, 1.0 ], [ 0.309017, 0.5, -0.809017, 0.0, -0.5, 0.809017, 0.309017, 0.0, 0.809017, 0.309017, 0.5, 0.0, 0.0, 0.0, 0.0, 1.0 ], [ 0.5, 0.809017, 0.309017, 0.0, 0.809017, -0.309017, -0.5, 0.0, -0.309017, 0.5, -0.809017, 0.0, 0.0, 0.0, 0.0, 1.0 ], [ -0.309017, 0.5, -0.809017, 0.0, 0.5, 0.809017, 0.309017, 0.0, 0.809017, -0.309017, -0.5, 0.0, 0.0, 0.0, 0.0, 1.0 ], [ 0.809017, -0.309017, -0.5, 0.0, -0.309017, 0.5, -0.809017, 0.0, 0.5, 0.809017, 0.309017, 0.0, 0.0, 0.0, 0.0, 1.0 ], [ 0.5, 0.809017, -0.309017, 0.0, 0.809017, -0.309017, 0.5, 0.0, 0.309017, -0.5, -0.809017, 0.0, 0.0, 0.0, 0.0, 1.0 ], [ 0.309017, -0.5, -0.809017, 0.0, 0.5, 0.809017, -0.309017, 0.0, 0.809017, -0.309017, 0.5, 0.0, 0.0, 0.0, 0.0, 1.0 ], [ 0.809017, -0.309017, 0.5, 0.0, 0.309017, -0.5, -0.809017, 0.0, 0.5, 0.809017, -0.309017, 0.0, 0.0, 0.0, 0.0, 1.0 ], [ 0.809017, 0.309017, -0.5, 0.0, 0.309017, 0.5, 0.809017, 0.0, 0.5, -0.809017, 0.309017, 0.0, 0.0, 0.0, 0.0, 1.0 ], [ 0.5, -0.809017, 0.309017, 0.0, 0.809017, 0.309017, -0.5, 0.0, 0.309017, 0.5, 0.809017, 0.0, 0.0, 0.0, 0.0, 1.0 ], [ 0.309017, 0.5, 0.809017, 0.0, 0.5, -0.809017, 0.309017, 0.0, 0.809017, 0.309017, -0.5, 0.0, 0.0, 0.0, 0.0, 1.0 ], [ 1.0, 0.0, 0.0, 0.0, 0.0, -1.0, 0.0, 0.0, 0.0, 0.0, -1.0, 0.0, 0.0, 0.0, 0.0, 1.0 ], [ 0.0, 0.0, 1.0, 0.0, -1.0, 0.0, 0.0, 0.0, 0.0, -1.0, 0.0, 0.0, 0.0, 0.0, 0.0, 1.0 ], [ 0.0, 1.0, 0.0, 0.0, 0.0, 0.0, -1.0, 0.0, -1.0, 0.0, 0.0, 0.0, 0.0, 0.0, 0.0, 1.0 ], [ 0.809017, 0.309017, 0.5, 0.0, -0.309017, -0.5, 0.809017, 0.0, 0.5, -0.809017, -0.309017, 0.0, 0.0, 0.0, 0.0, 1.0 ], [ -0.5, 0.809017, 0.309017, 0.0, -0.809017, -0.309017, -0.5, 0.0, -0.309017, -0.5, 0.809017, 0.0, 0.0, 0.0, 0.0, 1.0 ], [ 0.309017, 0.5, -0.809017, 0.0, 0.5, -0.809017, -0.309017, 0.0, -0.809017, -0.309017, -0.5, 0.0, 0.0, 0.0, 0.0, 1.0 ], [ 0.5, 0.809017, 0.309017, 0.0, -0.809017, 0.309017, 0.5, 0.0, 0.309017, -0.5, 0.809017, 0.0, 0.0, 0.0, 0.0, 1.0 ], [ -0.309017, 0.5, -0.809017, 0.0, -0.5, -0.809017, -0.309017, 0.0, -0.809017, 0.309017, 0.5, 0.0, 0.0, 0.0, 0.0, 1.0 ], [ 0.809017, -0.309017, -0.5, 0.0, 0.309017, -0.5, 0.809017, 0.0, -0.5, -0.809017, -0.309017, 0.0, 0.0, 0.0, 0.0, 1.0 ], [ 0.5, 0.809017, -0.309017, 0.0, -0.809017, 0.309017, -0.5, 0.0, -0.309017, 0.5, 0.809017, 0.0, 0.0, 0.0, 0.0, 1.0 ], [ 0.309017, -0.5, -0.809017, 0.0, -0.5, -0.809017, 0.309017, 0.0, -0.809017, 0.309017, -0.5, 0.0, 0.0, 0.0, 0.0, 1.0 ], [ 0.809017, -0.309017, 0.5, 0.0, -0.309017, 0.5, 0.809017, 0.0, -0.5, -0.809017, 0.309017, 0.0, 0.0, 0.0, 0.0, 1.0 ], [ 0.809017, 0.309017, -0.5, 0.0, -0.309017, -0.5, -0.809017, 0.0, -0.5, 0.809017, -0.309017, 0.0, 0.0, 0.0, 0.0, 1.0 ], [ 0.5, -0.809017, 0.309017, 0.0, -0.809017, -0.309017, 0.5, 0.0, -0.309017, -0.5, -0.809017, 0.0, 0.0, 0.0, 0.0, 1.0 ], [ 0.309017, 0.5, 0.809017, 0.0, -0.5, 0.809017, -0.309017, 0.0, -0.809017, -0.309017, 0.5, 0.0, 0.0, 0.0, 0.0, 1.0 ], [ -1.0, 0.0, 0.0, 0.0, 0.0, -1.0, 0.0, 0.0, 0.0, 0.0, 1.0, 0.0, 0.0, 0.0, 0.0, 1.0 ], [ 0.0, 0.0, -1.0, 0.0, -1.0, 0.0, 0.0, 0.0, 0.0, 1.0, 0.0, 0.0, 0.0, 0.0, 0.0, 1.0 ], [ 0.0, -1.0, 0.0, 0.0, 0.0, 0.0, -1.0, 0.0, 1.0, 0.0, 0.0, 0.0, 0.0, 0.0, 0.0, 1.0 ], [ -0.809017, -0.309017, -0.5, 0.0, -0.309017, -0.5, 0.809017, 0.0, -0.5, 0.809017, 0.309017, 0.0, 0.0, 0.0, 0.0, 1.0 ], [ 0.5, -0.809017, -0.309017, 0.0, -0.809017, -0.309017, -0.5, 0.0, 0.309017, 0.5, -0.809017, 0.0, 0.0, 0.0, 0.0, 1.0 ], [ -0.309017, -0.5, 0.809017, 0.0, 0.5, -0.809017, -0.309017, 0.0, 0.809017, 0.309017, 0.5, 0.0, 0.0, 0.0, 0.0, 1.0 ], [ -0.5, -0.809017, -0.309017, 0.0, -0.809017, 0.309017, 0.5, 0.0, -0.309017, 0.5, -0.809017, 0.0, 0.0, 0.0, 0.0, 1.0 ], [ 0.309017, -0.5, 0.809017, 0.0, -0.5, -0.809017, -0.309017, 0.0, 0.809017, -0.309017, -0.5, 0.0, 0.0, 0.0, 0.0, 1.0 ], [ -0.809017, 0.309017, 0.5, 0.0, 0.309017, -0.5, 0.809017, 0.0, 0.5, 0.809017, 0.309017, 0.0, 0.0, 0.0, 0.0, 1.0 ], [ -0.5, -0.809017, 0.309017, 0.0, -0.809017, 0.309017, -0.5, 0.0, 0.309017, -0.5, -0.809017, 0.0, 0.0, 0.0, 0.0, 1.0 ], [ -0.309017, 0.5, 0.809017, 0.0, -0.5, -0.809017, 0.309017, 0.0, 0.809017, -0.309017, 0.5, 0.0, 0.0, 0.0, 0.0, 1.0 ], [ -0.809017, 0.309017, -0.5, 0.0, -0.309017, 0.5, 0.809017, 0.0, 0.5, 0.809017, -0.309017, 0.0, 0.0, 0.0, 0.0, 1.0 ], [ -0.809017, -0.309017, 0.5, 0.0, -0.309017, -0.5, -0.809017, 0.0, 0.5, -0.809017, 0.309017, 0.0, 0.0, 0.0, 0.0, 1.0 ], [ -0.5, 0.809017, -0.309017, 0.0, -0.809017, -0.309017, 0.5, 0.0, 0.309017, 0.5, 0.809017, 0.0, 0.0, 0.0, 0.0, 1.0 ], [ -0.309017, -0.5, -0.809017, 0.0, -0.5, 0.809017, -0.309017, 0.0, 0.809017, 0.309017, -0.5, 0.0, 0.0, 0.0, 0.0, 1.0 ], [ -1.0, 0.0, 0.0, 0.0, 0.0, 1.0, 0.0, 0.0, 0.0, 0.0, -1.0, 0.0, 0.0, 0.0, 0.0, 1.0 ], [ 0.0, 0.0, -1.0, 0.0, 1.0, 0.0, 0.0, 0.0, 0.0, -1.0, 0.0, 0.0, 0.0, 0.0, 0.0, 1.0 ], [ 0.0, -1.0, 0.0, 0.0, 0.0, 0.0, 1.0, 0.0, -1.0, 0.0, 0.0, 0.0, 0.0, 0.0, 0.0, 1.0 ], [ -0.809017, -0.309017, -0.5, 0.0, 0.309017, 0.5, -0.809017, 0.0, 0.5, -0.809017, -0.309017, 0.0, 0.0, 0.0, 0.0, 1.0 ], [ 0.5, -0.809017, -0.309017, 0.0, 0.809017, 0.309017, 0.5, 0.0, -0.309017, -0.5, 0.809017, 0.0, 0.0, 0.0, 0.0, 1.0 ], [ -0.309017, -0.5, 0.809017, 0.0, -0.5, 0.809017, 0.309017, 0.0, -0.809017, -0.309017, -0.5, 0.0, 0.0, 0.0, 0.0, 1.0 ], [ -0.5, -0.809017, -0.309017, 0.0, 0.809017, -0.309017, -0.5, 0.0, 0.309017, -0.5, 0.809017, 0.0, 0.0, 0.0, 0.0, 1.0 ], [ 0.309017, -0.5, 0.809017, 0.0, 0.5, 0.809017, 0.309017, 0.0, -0.809017, 0.309017, 0.5, 0.0, 0.0, 0.0, 0.0, 1.0 ], [ -0.809017, 0.309017, 0.5, 0.0, -0.309017, 0.5, -0.809017, 0.0, -0.5, -0.809017, -0.309017, 0.0, 0.0, 0.0, 0.0, 1.0 ], [ -0.5, -0.809017, 0.309017, 0.0, 0.809017, -0.309017, 0.5, 0.0, -0.309017, 0.5, 0.809017, 0.0, 0.0, 0.0, 0.0, 1.0 ], [ -0.309017, 0.5, 0.809017, 0.0, 0.5, 0.809017, -0.309017, 0.0, -0.809017, 0.309017, -0.5, 0.0, 0.0, 0.0, 0.0, 1.0 ], [ -0.809017, 0.309017, -0.5, 0.0, 0.309017, -0.5, -0.809017, 0.0, -0.5, -0.809017, 0.309017, 0.0, 0.0, 0.0, 0.0, 1.0 ], [ -0.809017, -0.309017, 0.5, 0.0, 0.309017, 0.5, 0.809017, 0.0, -0.5, 0.809017, -0.309017, 0.0, 0.0, 0.0, 0.0, 1.0 ], [ -0.5, 0.809017, -0.309017, 0.0, 0.809017, 0.309017, -0.5, 0.0, -0.309017, -0.5, -0.809017, 0.0, 0.0, 0.0, 0.0, 1.0 ], [ -0.309017, -0.5, -0.809017, 0.0, 0.5, -0.809017, 0.309017, 0.0, -0.809017, -0.309017, 0.5, 0.0, 0.0, 0.0, 0.0, 1.0 ] ],
  "lights" : {
    "backgroundColor" : "#FFFFF4",
    "ambientColor" : "#292929",
    "directionalLights" : [ {
      "direction" : {
        "x" : 1.0,
        "y" : -1.0,
        "z" : -1.0
      },
      "color" : "#EBEBE4"
    }, {
      "direction" : {
        "x" : -1.0,
        "y" : 0.0,
        "z" : 0.0
      },
      "color" : "#E4E4EB"
    }, {
      "direction" : {
        "x" : 0.0,
        "y" : 0.0,
        "z" : -1.0
      },
      "color" : "#1E1E1E"
    } ]
  },
  "camera" : {
    "stereo" : false,
    "width" : 71.548355,
    "viewDistance" : 158.99606,
    "nearClipDistance" : 0.3974918,
    "farClipDistance" : 317.99167,
    "lookAtPoint" : {
      "x" : 0.0,
      "y" : 0.0,
      "z" : 0.0
    },
    "fieldOfView" : 0.44262964,
    "perspective" : false,
    "lookDirection" : {
      "x" : 0.0,
      "y" : 0.0,
      "z" : -1.0
    },
    "upDirection" : {
      "x" : 0.0,
      "y" : 1.0,
      "z" : 0.0
    },
    "position" : {
      "x" : 0.0,
      "y" : 0.0,
      "z" : 158.99606
    }
  },
  "embedding" : [ 1.0, 0.0, 0.0, 0.0, 0.0, 1.0, 0.0, 0.0, 0.0, 0.0, 1.0, 0.0, 0.0, 0.0, 0.0, 1.0 ],
  "shapes" : [ {
    "id" : "477d0d1e-c164-4576-a93d-ca49c08227ec",
    "vertices" : [ {
      "x" : -0.309017,
      "y" : -0.19098301,
      "z" : 0.0
    }, {
      "x" : -0.309017,
      "y" : 0.19098301,
      "z" : 0.0
    }, {
      "x" : -0.19098301,
      "y" : 0.0,
      "z" : -0.309017
    }, {
      "x" : -0.19098301,
      "y" : 0.0,
      "z" : 0.309017
    }, {
      "x" : 0.0,
      "y" : -0.309017,
      "z" : -0.19098301
    }, {
      "x" : 0.0,
      "y" : -0.309017,
      "z" : 0.19098301
    }, {
      "x" : 0.0,
      "y" : 0.309017,
      "z" : -0.19098301
    }, {
      "x" : 0.0,
      "y" : 0.309017,
      "z" : 0.19098301
    }, {
      "x" : 0.19098301,
      "y" : 0.0,
      "z" : -0.309017
    }, {
      "x" : 0.19098301,
      "y" : 0.0,
      "z" : 0.309017
    }, {
      "x" : 0.309017,
      "y" : -0.19098301,
      "z" : 0.0
    }, {
      "x" : 0.309017,
      "y" : 0.19098301,
      "z" : 0.0
    } ],
    "faces" : [ {
      "vertices" : [ 0, 1, 2 ]
    }, {
      "vertices" : [ 0, 3, 1 ]
    }, {
      "vertices" : [ 0, 2, 4 ]
    }, {
      "vertices" : [ 0, 5, 3 ]
    }, {
      "vertices" : [ 0, 4, 5 ]
    }, {
      "vertices" : [ 1, 6, 2 ]
    }, {
      "vertices" : [ 1, 3, 7 ]
    }, {
      "vertices" : [ 1, 7, 6 ]
    }, {
      "vertices" : [ 2, 8, 4 ]
    }, {
      "vertices" : [ 2, 6, 8 ]
    }, {
      "vertices" : [ 3, 5, 9 ]
    }, {
      "vertices" : [ 3, 9, 7 ]
    }, {
      "vertices" : [ 4, 10, 5 ]
    }, {
      "vertices" : [ 4, 8, 10 ]
    }, {
      "vertices" : [ 5, 10, 9 ]
    }, {
      "vertices" : [ 6, 7, 11 ]
    }, {
      "vertices" : [ 6, 11, 8 ]
    }, {
      "vertices" : [ 7, 9, 11 ]
    }, {
      "vertices" : [ 8, 11, 10 ]
    }, {
      "vertices" : [ 9, 10, 11 ]
    } ]
  }, {
    "id" : "599b747d-7740-4946-ab2f-6df06f8308e8",
    "vertices" : [ {
      "x" : 1.0,
      "y" : 0.309017,
      "z" : 0.19098301
    }, {
      "x" : 1.0,
      "y" : -0.309017,
      "z" : 0.19098301
    }, {
      "x" : 2.236068,
      "y" : -0.309017,
      "z" : 0.19098301
    }, {
      "x" : 2.236068,
      "y" : 0.309017,
      "z" : 0.19098301
    }, {
      "x" : 2.236068,
      "y" : -0.309017,
      "z" : -0.19098301
    }, {
      "x" : 2.236068,
      "y" : 0.309017,
      "z" : -0.19098301
    }, {
      "x" : 2.854102,
      "y" : 0.0,
      "z" : 0.0
    }, {
      "x" : 0.38196602,
      "y" : 0.0,
      "z" : 0.0
    }, {
      "x" : 1.0,
      "y" : 0.309017,
      "z" : -0.19098301
    }, {
      "x" : 1.0,
      "y" : -0.309017,
      "z" : -0.19098301
    }, {
      "x" : 3.236068,
      "y" : 0.0,
      "z" : 0.0
    } ],
    "faces" : [ {
      "vertices" : [ 1, 9, 4 ]
    }, {
      "vertices" : [ 1, 4, 2 ]
    }, {
      "vertices" : [ 0, 3, 5 ]
    }, {
      "vertices" : [ 0, 5, 8 ]
    }, {
      "vertices" : [ 1, 7, 9 ]
    }, {
      "vertices" : [ 0, 1, 2 ]
    }, {
      "vertices" : [ 0, 2, 3 ]
    }, {
      "vertices" : [ 7, 8, 9 ]
    }, {
      "vertices" : [ 0, 7, 1 ]
    }, {
      "vertices" : [ 4, 9, 8 ]
    }, {
      "vertices" : [ 4, 8, 5 ]
    }, {
      "vertices" : [ 2, 6, 3 ]
    }, {
      "vertices" : [ 2, 4, 6 ]
    }, {
      "vertices" : [ 3, 6, 5 ]
    }, {
      "vertices" : [ 4, 5, 6 ]
    }, {
      "vertices" : [ 0, 8, 7 ]
    } ]
  }, {
    "id" : "17609255-9947-4e2d-af39-d78c85c787fd",
    "vertices" : [ {
      "x" : 0.9045085,
      "y" : 0.3454915,
      "z" : 0.25
    }, {
      "x" : 17.230747,
      "y" : 10.435661,
      "z" : 0.25
    }, {
      "x" : 17.039762,
      "y" : 10.7446785,
      "z" : 0.25
    }, {
      "x" : 0.7135255,
      "y" : 0.6545085,
      "z" : 0.25
    }, {
      "x" : 0.809017,
      "y" : 0.5,
      "z" : -0.309017
    }, {
      "x" : 0.9635255,
      "y" : 0.25,
      "z" : -0.095491506
    }, {
      "x" : 0.309017,
      "y" : 0.19098301,
      "z" : 0.0
    }, {
      "x" : 17.635256,
      "y" : 10.899187,
      "z" : 0.0
    }, {
      "x" : 16.980747,
      "y" : 10.84017,
      "z" : -0.095491506
    }, {
      "x" : 17.135256,
      "y" : 10.59017,
      "z" : -0.309017
    }, {
      "x" : 17.944271,
      "y" : 11.09017,
      "z" : 0.0
    }, {
      "x" : 0.6545085,
      "y" : 0.75,
      "z" : -0.095491506
    }, {
      "x" : 17.289762,
      "y" : 10.34017,
      "z" : -0.095491506
    } ],
    "faces" : [ {
      "vertices" : [ 4, 11, 8 ]
    }, {
      "vertices" : [ 4, 8, 9 ]
    }, {
      "vertices" : [ 0, 1, 2 ]
    }, {
      "vertices" : [ 0, 2, 3 ]
    }, {
      "vertices" : [ 0, 3, 6 ]
    }, {
      "vertices" : [ 1, 7, 2 ]
    }, {
      "vertices" : [ 0, 6, 5 ]
    }, {
      "vertices" : [ 4, 5, 6 ]
    }, {
      "vertices" : [ 2, 7, 8 ]
    }, {
      "vertices" : [ 0, 5, 12 ]
    }, {
      "vertices" : [ 0, 12, 1 ]
    }, {
      "vertices" : [ 1, 12, 7 ]
    }, {
      "vertices" : [ 3, 11, 6 ]
    }, {
      "vertices" : [ 4, 6, 11 ]
    }, {
      "vertices" : [ 7, 9, 8 ]
    }, {
      "vertices" : [ 2, 8, 11 ]
    }, {
      "vertices" : [ 2, 11, 3 ]
    }, {
      "vertices" : [ 7, 12, 9 ]
    }, {
      "vertices" : [ 4, 9, 12 ]
    }, {
      "vertices" : [ 4, 12, 5 ]
    } ]
  }, {
    "id" : "e88c8ba9-3fc3-4758-a122-6521fe854da8",
    "vertices" : [ {
      "x" : 0.9045085,
      "y" : 0.3454915,
      "z" : 0.25
    }, {
      "x" : 12.9946785,
      "y" : 7.8176274,
      "z" : 0.25
    }, {
      "x" : 12.803696,
      "y" : 8.126644,
      "z" : 0.25
    }, {
      "x" : 0.7135255,
      "y" : 0.6545085,
      "z" : 0.25
    }, {
      "x" : 0.809017,
      "y" : 0.5,
      "z" : -0.309017
    }, {
      "x" : 0.9635255,
      "y" : 0.25,
      "z" : -0.095491506
    }, {
      "x" : 0.309017,
      "y" : 0.19098301,
      "z" : 0.0
    }, {
      "x" : 13.399187,
      "y" : 8.281153,
      "z" : 0.0
    }, {
      "x" : 12.7446785,
      "y" : 8.222136,
      "z" : -0.095491506
    }, {
      "x" : 12.899187,
      "y" : 7.972136,
      "z" : -0.309017
    }, {
      "x" : 13.708204,
      "y" : 8.472136,
      "z" : 0.0
    }, {
      "x" : 0.6545085,
      "y" : 0.75,
      "z" : -0.095491506
    }, {
      "x" : 13.053696,
      "y" : 7.722136,
      "z" : -0.095491506
    } ],
    "faces" : [ {
      "vertices" : [ 4, 11, 8 ]
    }, {
      "vertices" : [ 4, 8, 9 ]
    }, {
      "vertices" : [ 0, 1, 2 ]
    }, {
      "vertices" : [ 0, 2, 3 ]
    }, {
      "vertices" : [ 0, 3, 6 ]
    }, {
      "vertices" : [ 1, 7, 2 ]
    }, {
      "vertices" : [ 0, 6, 5 ]
    }, {
      "vertices" : [ 4, 5, 6 ]
    }, {
      "vertices" : [ 2, 7, 8 ]
    }, {
      "vertices" : [ 0, 5, 12 ]
    }, {
      "vertices" : [ 0, 12, 1 ]
    }, {
      "vertices" : [ 1, 12, 7 ]
    }, {
      "vertices" : [ 3, 11, 6 ]
    }, {
      "vertices" : [ 4, 6, 11 ]
    }, {
      "vertices" : [ 7, 9, 8 ]
    }, {
      "vertices" : [ 2, 8, 11 ]
    }, {
      "vertices" : [ 2, 11, 3 ]
    }, {
      "vertices" : [ 7, 12, 9 ]
    }, {
      "vertices" : [ 4, 9, 12 ]
    }, {
      "vertices" : [ 4, 12, 5 ]
    } ]
  }, {
    "id" : "b20c9b03-9b5d-440b-ab2d-ed17ef6470b0",
    "vertices" : [ {
      "x" : 1.0,
      "y" : 0.309017,
      "z" : 0.19098301
    }, {
      "x" : 1.0,
      "y" : -0.309017,
      "z" : 0.19098301
    }, {
      "x" : 21.18034,
      "y" : -0.309017,
      "z" : 0.19098301
    }, {
      "x" : 21.18034,
      "y" : 0.309017,
      "z" : 0.19098301
    }, {
      "x" : 21.18034,
      "y" : -0.309017,
      "z" : -0.19098301
    }, {
      "x" : 21.18034,
      "y" : 0.309017,
      "z" : -0.19098301
    }, {
      "x" : 21.798374,
      "y" : 0.0,
      "z" : 0.0
    }, {
      "x" : 0.38196602,
      "y" : 0.0,
      "z" : 0.0
    }, {
      "x" : 1.0,
      "y" : 0.309017,
      "z" : -0.19098301
    }, {
      "x" : 1.0,
      "y" : -0.309017,
      "z" : -0.19098301
    }, {
      "x" : 22.18034,
      "y" : 0.0,
      "z" : 0.0
    } ],
    "faces" : [ {
      "vertices" : [ 1, 9, 4 ]
    }, {
      "vertices" : [ 1, 4, 2 ]
    }, {
      "vertices" : [ 0, 3, 5 ]
    }, {
      "vertices" : [ 0, 5, 8 ]
    }, {
      "vertices" : [ 1, 7, 9 ]
    }, {
      "vertices" : [ 0, 1, 2 ]
    }, {
      "vertices" : [ 0, 2, 3 ]
    }, {
      "vertices" : [ 7, 8, 9 ]
    }, {
      "vertices" : [ 0, 7, 1 ]
    }, {
      "vertices" : [ 4, 9, 8 ]
    }, {
      "vertices" : [ 4, 8, 5 ]
    }, {
      "vertices" : [ 2, 6, 3 ]
    }, {
      "vertices" : [ 2, 4, 6 ]
    }, {
      "vertices" : [ 3, 6, 5 ]
    }, {
      "vertices" : [ 4, 5, 6 ]
    }, {
      "vertices" : [ 0, 8, 7 ]
    } ]
  } ],
  "instances" : [ {
    "shape" : "477d0d1e-c164-4576-a93d-ca49c08227ec",
    "color" : "#FFFFFF",
    "position" : {
      "x" : -4.236068,
      "y" : 5.236068,
      "z" : -6.854102
    }
  }, {
    "shape" : "599b747d-7740-4946-ab2f-6df06f8308e8",
    "color" : "#007695",
    "position" : {
      "x" : 1.618034,
      "y" : -4.236068,
      "z" : 8.472136
    },
    "orientation" : 26
  }, {
    "shape" : "599b747d-7740-4946-ab2f-6df06f8308e8",
    "color" : "#007695",
    "position" : {
      "x" : 4.236068,
      "y" : -8.472136,
      "z" : -1.618034
    },
    "orientation" : 52
  }, {
    "shape" : "477d0d1e-c164-4576-a93d-ca49c08227ec",
    "color" : "#FFFFFF",
    "position" : {
      "x" : -1.618034,
      "y" : 4.236068,
      "z" : -8.472136
    }
  }, {
    "shape" : "599b747d-7740-4946-ab2f-6df06f8308e8",
    "color" : "#007695",
    "position" : {
      "x" : 6.854102,
      "y" : -4.236068,
      "z" : -5.236068
    },
    "orientation" : 39
  }, {
    "shape" : "599b747d-7740-4946-ab2f-6df06f8308e8",
    "color" : "#007695",
    "position" : {
      "x" : -1.618034,
      "y" : -4.236068,
      "z" : -8.472136
    },
    "orientation" : 6
  }, {
    "shape" : "477d0d1e-c164-4576-a93d-ca49c08227ec",
    "color" : "#FFFFFF",
    "position" : {
      "x" : 17.944271,
      "y" : -11.09017,
      "z" : 0.0
    }
  }, {
    "shape" : "17609255-9947-4e2d-af39-d78c85c787fd",
    "color" : "#AF0000",
    "position" : {
      "x" : 0.0,
      "y" : 0.0,
      "z" : 0.0
    },
    "orientation" : 0
  }, {
    "shape" : "599b747d-7740-4946-ab2f-6df06f8308e8",
    "color" : "#007695",
    "position" : {
      "x" : 1.618034,
      "y" : -4.236068,
      "z" : 8.472136
    },
    "orientation" : 51
  }, {
    "shape" : "599b747d-7740-4946-ab2f-6df06f8308e8",
    "color" : "#007695",
    "position" : {
      "x" : -4.236068,
      "y" : -5.236068,
      "z" : 6.854102
    },
    "orientation" : 56
  }, {
    "shape" : "e88c8ba9-3fc3-4758-a122-6521fe854da8",
    "color" : "#AF0000",
    "position" : {
      "x" : -9.472136,
      "y" : 0.0,
      "z" : -1.618034
    },
    "orientation" : 0
  }, {
    "shape" : "599b747d-7740-4946-ab2f-6df06f8308e8",
    "color" : "#007695",
    "position" : {
      "x" : -5.236068,
      "y" : -6.854102,
      "z" : -4.236068
    },
    "orientation" : 37
  }, {
    "shape" : "599b747d-7740-4946-ab2f-6df06f8308e8",
    "color" : "#007695",
    "position" : {
      "x" : 0.0,
      "y" : 1.618034,
      "z" : -9.472136
    },
    "orientation" : 16
  }, {
    "shape" : "477d0d1e-c164-4576-a93d-ca49c08227ec",
    "color" : "#FFFFFF",
    "position" : {
      "x" : 0.0,
      "y" : 0.0,
      "z" : 0.0
    }
  }, {
    "shape" : "e88c8ba9-3fc3-4758-a122-6521fe854da8",
    "color" : "#AF0000",
    "position" : {
      "x" : -6.854102,
      "y" : 4.236068,
      "z" : -5.236068
    },
    "orientation" : 2
  }, {
    "shape" : "599b747d-7740-4946-ab2f-6df06f8308e8",
    "color" : "#007695",
    "position" : {
      "x" : 4.236068,
      "y" : 5.236068,
      "z" : 6.854102
    },
    "orientation" : 26
  }, {
    "shape" : "477d0d1e-c164-4576-a93d-ca49c08227ec",
    "color" : "#FFFFFF",
    "position" : {
      "x" : 11.09017,
      "y" : 0.0,
      "z" : 17.944271
    }
  }, {
    "shape" : "599b747d-7740-4946-ab2f-6df06f8308e8",
    "color" : "#007695",
    "position" : {
      "x" : -4.236068,
      "y" : -5.236068,
      "z" : -6.854102
    },
    "orientation" : 40
  }, {
    "shape" : "17609255-9947-4e2d-af39-d78c85c787fd",
    "color" : "#AF0000",
    "position" : {
      "x" : 0.0,
      "y" : 0.0,
      "z" : 0.0
    },
    "orientation" : 32
  }, {
    "shape" : "b20c9b03-9b5d-440b-ab2d-ed17ef6470b0",
    "color" : "#007695",
    "position" : {
      "x" : 0.0,
      "y" : 17.944271,
      "z" : -11.09017
    },
    "orientation" : 2
  }, {
    "shape" : "599b747d-7740-4946-ab2f-6df06f8308e8",
    "color" : "#007695",
    "position" : {
      "x" : -4.236068,
      "y" : -8.472136,
      "z" : -1.618034
    },
    "orientation" : 8
  }, {
    "shape" : "477d0d1e-c164-4576-a93d-ca49c08227ec",
    "color" : "#FFFFFF",
    "position" : {
      "x" : 9.472136,
      "y" : 0.0,
      "z" : 1.618034
    }
  }, {
    "shape" : "e88c8ba9-3fc3-4758-a122-6521fe854da8",
    "color" : "#AF0000",
    "position" : {
      "x" : 0.0,
      "y" : 1.618034,
      "z" : -9.472136
    },
    "orientation" : 32
  }, {
    "shape" : "477d0d1e-c164-4576-a93d-ca49c08227ec",
    "color" : "#FFFFFF",
    "position" : {
      "x" : -9.472136,
      "y" : 0.0,
      "z" : 1.618034
    }
  }, {
    "shape" : "599b747d-7740-4946-ab2f-6df06f8308e8",
    "color" : "#007695",
    "position" : {
      "x" : 6.854102,
      "y" : -4.236068,
      "z" : 5.236068
    },
    "orientation" : 6
  }, {
    "shape" : "477d0d1e-c164-4576-a93d-ca49c08227ec",
    "color" : "#FFFFFF",
    "position" : {
      "x" : 1.618034,
      "y" : -4.236068,
      "z" : -8.472136
    }
  }, {
    "shape" : "477d0d1e-c164-4576-a93d-ca49c08227ec",
    "color" : "#FFFFFF",
    "position" : {
      "x" : -1.618034,
      "y" : -4.236068,
      "z" : 8.472136
    }
  }, {
    "shape" : "599b747d-7740-4946-ab2f-6df06f8308e8",
    "color" : "#007695",
    "position" : {
      "x" : -9.472136,
      "y" : 0.0,
      "z" : -1.618034
    },
    "orientation" : 2
  }, {
    "shape" : "e88c8ba9-3fc3-4758-a122-6521fe854da8",
    "color" : "#AF0000",
    "position" : {
      "x" : 0.0,
      "y" : -1.618034,
      "z" : -9.472136
    },
    "orientation" : 2
  }, {
    "shape" : "e88c8ba9-3fc3-4758-a122-6521fe854da8",
    "color" : "#AF0000",
    "position" : {
      "x" : -1.618034,
      "y" : 4.236068,
      "z" : 8.472136
    },
    "orientation" : 16
  }, {
    "shape" : "477d0d1e-c164-4576-a93d-ca49c08227ec",
    "color" : "#FFFFFF",
    "position" : {
      "x" : 4.236068,
      "y" : -5.236068,
      "z" : 6.854102
    }
  }, {
    "shape" : "b20c9b03-9b5d-440b-ab2d-ed17ef6470b0",
    "color" : "#007695",
    "position" : {
      "x" : 17.944271,
      "y" : 11.09017,
      "z" : 0.0
    },
    "orientation" : 56
  }, {
    "shape" : "599b747d-7740-4946-ab2f-6df06f8308e8",
    "color" : "#007695",
    "position" : {
      "x" : 8.472136,
      "y" : -1.618034,
      "z" : -4.236068
    },
    "orientation" : 1
  }, {
    "shape" : "599b747d-7740-4946-ab2f-6df06f8308e8",
    "color" : "#007695",
    "position" : {
      "x" : 1.618034,
      "y" : -4.236068,
      "z" : -8.472136
    },
    "orientation" : 8
  }, {
    "shape" : "e88c8ba9-3fc3-4758-a122-6521fe854da8",
    "color" : "#AF0000",
    "position" : {
      "x" : 5.236068,
      "y" : -6.854102,
      "z" : 4.236068
    },
    "orientation" : 46
  }, {
    "shape" : "e88c8ba9-3fc3-4758-a122-6521fe854da8",
    "color" : "#AF0000",
    "position" : {
      "x" : -6.854102,
      "y" : 4.236068,
      "z" : 5.236068
    },
    "orientation" : 15
  }, {
    "shape" : "599b747d-7740-4946-ab2f-6df06f8308e8",
    "color" : "#007695",
    "position" : {
      "x" : 8.472136,
      "y" : 1.618034,
      "z" : 4.236068
    },
    "orientation" : 51
  }, {
    "shape" : "599b747d-7740-4946-ab2f-6df06f8308e8",
    "color" : "#007695",
    "position" : {
      "x" : -8.472136,
      "y" : -1.618034,
      "z" : 4.236068
    },
    "orientation" : 21
  }, {
    "shape" : "599b747d-7740-4946-ab2f-6df06f8308e8",
    "color" : "#007695",
    "position" : {
      "x" : -6.854102,
      "y" : 4.236068,
      "z" : 5.236068
    },
    "orientation" : 11
  }, {
    "shape" : "b20c9b03-9b5d-440b-ab2d-ed17ef6470b0",
    "color" : "#007695",
    "position" : {
      "x" : -17.944271,
      "y" : -11.09017,
      "z" : 0.0
    },
    "orientation" : 26
  }, {
    "shape" : "477d0d1e-c164-4576-a93d-ca49c08227ec",
    "color" : "#FFFFFF",
    "position" : {
      "x" : 0.0,
      "y" : 1.618034,
      "z" : -9.472136
    }
  }, {
    "shape" : "599b747d-7740-4946-ab2f-6df06f8308e8",
    "color" : "#007695",
    "position" : {
      "x" : 1.618034,
      "y" : 4.236068,
      "z" : 8.472136
    },
    "orientation" : 23
  }, {
    "shape" : "b20c9b03-9b5d-440b-ab2d-ed17ef6470b0",
    "color" : "#007695",
    "position" : {
      "x" : 17.944271,
      "y" : 11.09017,
      "z" : 0.0
    },
    "orientation" : 38
  }, {
    "shape" : "b20c9b03-9b5d-440b-ab2d-ed17ef6470b0",
    "color" : "#007695",
    "position" : {
      "x" : 0.0,
      "y" : 17.944271,
      "z" : -11.09017
    },
    "orientation" : 41
  }, {
    "shape" : "e88c8ba9-3fc3-4758-a122-6521fe854da8",
    "color" : "#AF0000",
    "position" : {
      "x" : -1.618034,
      "y" : -4.236068,
      "z" : 8.472136
    },
    "orientation" : 17
  }, {
    "shape" : "b20c9b03-9b5d-440b-ab2d-ed17ef6470b0",
    "color" : "#007695",
    "position" : {
      "x" : -11.09017,
      "y" : 0.0,
      "z" : -17.944271
    },
    "orientation" : 9
  }, {
    "shape" : "599b747d-7740-4946-ab2f-6df06f8308e8",
    "color" : "#007695",
    "position" : {
      "x" : -5.236068,
      "y" : -6.854102,
      "z" : -4.236068
    },
    "orientation" : 54
  }, {
    "shape" : "17609255-9947-4e2d-af39-d78c85c787fd",
    "color" : "#AF0000",
    "position" : {
      "x" : 0.0,
      "y" : 0.0,
      "z" : 0.0
    },
    "orientation" : 16
  }, {
    "shape" : "599b747d-7740-4946-ab2f-6df06f8308e8",
    "color" : "#007695",
    "position" : {
      "x" : 6.854102,
      "y" : -4.236068,
      "z" : 5.236068
    },
    "orientation" : 41
  }, {
    "shape" : "599b747d-7740-4946-ab2f-6df06f8308e8",
    "color" : "#007695",
    "position" : {
      "x" : -8.472136,
      "y" : -1.618034,
      "z" : -4.236068
    },
    "orientation" : 24
  }, {
    "shape" : "477d0d1e-c164-4576-a93d-ca49c08227ec",
    "color" : "#FFFFFF",
    "position" : {
      "x" : 0.0,
      "y" : 17.944271,
      "z" : -11.09017
    }
  }, {
    "shape" : "599b747d-7740-4946-ab2f-6df06f8308e8",
    "color" : "#007695",
    "position" : {
      "x" : 4.236068,
      "y" : 8.472136,
      "z" : 1.618034
    },
    "orientation" : 37
  }, {
    "shape" : "599b747d-7740-4946-ab2f-6df06f8308e8",
    "color" : "#007695",
    "position" : {
      "x" : 0.0,
      "y" : 1.618034,
      "z" : 9.472136
    },
    "orientation" : 6
  }, {
    "shape" : "599b747d-7740-4946-ab2f-6df06f8308e8",
    "color" : "#007695",
    "position" : {
      "x" : -8.472136,
      "y" : -1.618034,
      "z" : -4.236068
    },
    "orientation" : 7
  }, {
    "shape" : "477d0d1e-c164-4576-a93d-ca49c08227ec",
    "color" : "#FFFFFF",
    "position" : {
      "x" : 8.472136,
      "y" : -1.618034,
      "z" : 4.236068
    }
  }, {
    "shape" : "e88c8ba9-3fc3-4758-a122-6521fe854da8",
    "color" : "#AF0000",
    "position" : {
      "x" : -4.236068,
      "y" : -8.472136,
      "z" : 1.618034
    },
    "orientation" : 46
  }, {
    "shape" : "599b747d-7740-4946-ab2f-6df06f8308e8",
    "color" : "#007695",
    "position" : {
      "x" : 4.236068,
      "y" : -8.472136,
      "z" : 1.618034
    },
    "orientation" : 53
  }, {
    "shape" : "599b747d-7740-4946-ab2f-6df06f8308e8",
    "color" : "#007695",
    "position" : {
      "x" : 1.618034,
      "y" : -9.472136,
      "z" : 0.0
    },
    "orientation" : 23
  }, {
    "shape" : "b20c9b03-9b5d-440b-ab2d-ed17ef6470b0",
    "color" : "#007695",
    "position" : {
      "x" : 0.0,
      "y" : -17.944271,
      "z" : 11.09017
    },
    "orientation" : 23
  }, {
    "shape" : "599b747d-7740-4946-ab2f-6df06f8308e8",
    "color" : "#007695",
    "position" : {
      "x" : 8.472136,
      "y" : 1.618034,
      "z" : 4.236068
    },
    "orientation" : 16
  }, {
    "shape" : "477d0d1e-c164-4576-a93d-ca49c08227ec",
    "color" : "#FFFFFF",
    "position" : {
      "x" : 6.854102,
      "y" : 4.236068,
      "z" : 5.236068
    }
  }, {
    "shape" : "599b747d-7740-4946-ab2f-6df06f8308e8",
    "color" : "#007695",
    "position" : {
      "x" : -6.854102,
      "y" : 4.236068,
      "z" : -5.236068
    },
    "orientation" : 39
  }, {
    "shape" : "b20c9b03-9b5d-440b-ab2d-ed17ef6470b0",
    "color" : "#007695",
    "position" : {
      "x" : 11.09017,
      "y" : 0.0,
      "z" : 17.944271
    },
    "orientation" : 25
  }, {
    "shape" : "e88c8ba9-3fc3-4758-a122-6521fe854da8",
    "color" : "#AF0000",
    "position" : {
      "x" : -5.236068,
      "y" : -6.854102,
      "z" : 4.236068
    },
    "orientation" : 0
  }, {
    "shape" : "17609255-9947-4e2d-af39-d78c85c787fd",
    "color" : "#AF0000",
    "position" : {
      "x" : 0.0,
      "y" : 0.0,
      "z" : 0.0
    },
    "orientation" : 15
  }, {
    "shape" : "477d0d1e-c164-4576-a93d-ca49c08227ec",
    "color" : "#FFFFFF",
    "position" : {
      "x" : 0.0,
      "y" : -17.944271,
      "z" : 11.09017
    }
  }, {
    "shape" : "599b747d-7740-4946-ab2f-6df06f8308e8",
    "color" : "#007695",
    "position" : {
      "x" : 5.236068,
      "y" : -6.854102,
      "z" : 4.236068
    },
    "orientation" : 9
  }, {
    "shape" : "599b747d-7740-4946-ab2f-6df06f8308e8",
    "color" : "#007695",
    "position" : {
      "x" : -8.472136,
      "y" : 1.618034,
      "z" : 4.236068
    },
    "orientation" : 9
  }, {
    "shape" : "477d0d1e-c164-4576-a93d-ca49c08227ec",
    "color" : "#FFFFFF",
    "position" : {
      "x" : -9.472136,
      "y" : 0.0,
      "z" : -1.618034
    }
  }, {
    "shape" : "477d0d1e-c164-4576-a93d-ca49c08227ec",
    "color" : "#FFFFFF",
    "position" : {
      "x" : -11.09017,
      "y" : 0.0,
      "z" : 17.944271
    }
  }, {
    "shape" : "b20c9b03-9b5d-440b-ab2d-ed17ef6470b0",
    "color" : "#007695",
    "position" : {
      "x" : 0.0,
      "y" : -17.944271,
      "z" : 11.09017
    },
    "orientation" : 56
  }, {
    "shape" : "599b747d-7740-4946-ab2f-6df06f8308e8",
    "color" : "#007695",
    "position" : {
      "x" : 9.472136,
      "y" : 0.0,
      "z" : -1.618034
    },
    "orientation" : 2
  }, {
    "shape" : "b20c9b03-9b5d-440b-ab2d-ed17ef6470b0",
    "color" : "#007695",
    "position" : {
      "x" : 17.944271,
      "y" : -11.09017,
      "z" : 0.0
    },
    "orientation" : 55
  }, {
    "shape" : "599b747d-7740-4946-ab2f-6df06f8308e8",
    "color" : "#007695",
    "position" : {
      "x" : 0.0,
      "y" : -1.618034,
      "z" : 9.472136
    },
    "orientation" : 1
  }, {
    "shape" : "e88c8ba9-3fc3-4758-a122-6521fe854da8",
    "color" : "#AF0000",
    "position" : {
      "x" : 4.236068,
      "y" : 5.236068,
      "z" : 6.854102
    },
    "orientation" : 16
  }, {
    "shape" : "477d0d1e-c164-4576-a93d-ca49c08227ec",
    "color" : "#FFFFFF",
    "position" : {
      "x" : 5.236068,
      "y" : 6.854102,
      "z" : -4.236068
    }
  }, {
    "shape" : "599b747d-7740-4946-ab2f-6df06f8308e8",
    "color" : "#007695",
    "position" : {
      "x" : -4.236068,
      "y" : 8.472136,
      "z" : 1.618034
    },
    "orientation" : 23
  }, {
    "shape" : "477d0d1e-c164-4576-a93d-ca49c08227ec",
    "color" : "#FFFFFF",
    "position" : {
      "x" : 0.0,
      "y" : -1.618034,
      "z" : 9.472136
    }
  }, {
    "shape" : "477d0d1e-c164-4576-a93d-ca49c08227ec",
    "color" : "#FFFFFF",
    "position" : {
      "x" : 4.236068,
      "y" : 8.472136,
      "z" : -1.618034
    }
  }, {
    "shape" : "e88c8ba9-3fc3-4758-a122-6521fe854da8",
    "color" : "#AF0000",
    "position" : {
      "x" : -4.236068,
      "y" : -8.472136,
      "z" : -1.618034
    },
    "orientation" : 0
  }, {
    "shape" : "599b747d-7740-4946-ab2f-6df06f8308e8",
    "color" : "#007695",
    "position" : {
      "x" : -4.236068,
      "y" : 8.472136,
      "z" : 1.618034
    },
    "orientation" : 40
  }, {
    "shape" : "477d0d1e-c164-4576-a93d-ca49c08227ec",
    "color" : "#FFFFFF",
    "position" : {
      "x" : 11.09017,
      "y" : 0.0,
      "z" : -17.944271
    }
  }, {
    "shape" : "b20c9b03-9b5d-440b-ab2d-ed17ef6470b0",
    "color" : "#007695",
    "position" : {
      "x" : 11.09017,
      "y" : 0.0,
      "z" : -17.944271
    },
    "orientation" : 10
  }, {
    "shape" : "599b747d-7740-4946-ab2f-6df06f8308e8",
    "color" : "#007695",
    "position" : {
      "x" : 1.618034,
      "y" : 4.236068,
      "z" : -8.472136
    },
    "orientation" : 36
  }, {
    "shape" : "b20c9b03-9b5d-440b-ab2d-ed17ef6470b0",
    "color" : "#007695",
    "position" : {
      "x" : 0.0,
      "y" : 17.944271,
      "z" : 11.09017
    },
    "orientation" : 53
  }, {
    "shape" : "17609255-9947-4e2d-af39-d78c85c787fd",
    "color" : "#AF0000",
    "position" : {
      "x" : 0.0,
      "y" : 0.0,
      "z" : 0.0
    },
    "orientation" : 2
  }, {
    "shape" : "b20c9b03-9b5d-440b-ab2d-ed17ef6470b0",
    "color" : "#007695",
    "position" : {
      "x" : -11.09017,
      "y" : 0.0,
      "z" : 17.944271
    },
    "orientation" : 0
  }, {
    "shape" : "599b747d-7740-4946-ab2f-6df06f8308e8",
    "color" : "#007695",
    "position" : {
      "x" : -6.854102,
      "y" : 4.236068,
      "z" : -5.236068
    },
    "orientation" : 9
  }, {
    "shape" : "e88c8ba9-3fc3-4758-a122-6521fe854da8",
    "color" : "#AF0000",
    "position" : {
      "x" : 1.618034,
      "y" : -9.472136,
      "z" : 0.0
    },
    "orientation" : 46
  }, {
    "shape" : "e88c8ba9-3fc3-4758-a122-6521fe854da8",
    "color" : "#AF0000",
    "position" : {
      "x" : -4.236068,
      "y" : 8.472136,
      "z" : -1.618034
    },
    "orientation" : 31
  }, {
    "shape" : "477d0d1e-c164-4576-a93d-ca49c08227ec",
    "color" : "#FFFFFF",
    "position" : {
      "x" : -5.236068,
      "y" : 6.854102,
      "z" : 4.236068
    }
  }, {
    "shape" : "b20c9b03-9b5d-440b-ab2d-ed17ef6470b0",
    "color" : "#007695",
    "position" : {
      "x" : 11.09017,
      "y" : 0.0,
      "z" : 17.944271
    },
    "orientation" : 36
  }, {
    "shape" : "599b747d-7740-4946-ab2f-6df06f8308e8",
    "color" : "#007695",
    "position" : {
      "x" : 1.618034,
      "y" : 4.236068,
      "z" : -8.472136
    },
    "orientation" : 11
  }, {
    "shape" : "477d0d1e-c164-4576-a93d-ca49c08227ec",
    "color" : "#FFFFFF",
    "position" : {
      "x" : -4.236068,
      "y" : 5.236068,
      "z" : 6.854102
    }
  }, {
    "shape" : "477d0d1e-c164-4576-a93d-ca49c08227ec",
    "color" : "#FFFFFF",
    "position" : {
      "x" : 9.472136,
      "y" : 0.0,
      "z" : -1.618034
    }
  }, {
    "shape" : "b20c9b03-9b5d-440b-ab2d-ed17ef6470b0",
    "color" : "#007695",
    "position" : {
      "x" : 11.09017,
      "y" : 0.0,
      "z" : -17.944271
    },
    "orientation" : 51
  }, {
    "shape" : "477d0d1e-c164-4576-a93d-ca49c08227ec",
    "color" : "#FFFFFF",
    "position" : {
      "x" : -6.854102,
      "y" : 4.236068,
      "z" : 5.236068
    }
  }, {
    "shape" : "599b747d-7740-4946-ab2f-6df06f8308e8",
    "color" : "#007695",
    "position" : {
      "x" : 8.472136,
      "y" : -1.618034,
      "z" : 4.236068
    },
    "orientation" : 52
  }, {
    "shape" : "b20c9b03-9b5d-440b-ab2d-ed17ef6470b0",
    "color" : "#007695",
    "position" : {
      "x" : -17.944271,
      "y" : 11.09017,
      "z" : 0.0
    },
    "orientation" : 16
  }, {
    "shape" : "b20c9b03-9b5d-440b-ab2d-ed17ef6470b0",
    "color" : "#007695",
    "position" : {
      "x" : 0.0,
      "y" : 17.944271,
      "z" : 11.09017
    },
    "orientation" : 21
  }, {
    "shape" : "599b747d-7740-4946-ab2f-6df06f8308e8",
    "color" : "#007695",
    "position" : {
      "x" : -5.236068,
      "y" : 6.854102,
      "z" : -4.236068
    },
    "orientation" : 25
  }, {
    "shape" : "599b747d-7740-4946-ab2f-6df06f8308e8",
    "color" : "#007695",
    "position" : {
      "x" : 1.618034,
      "y" : 9.472136,
      "z" : 0.0
    },
    "orientation" : 8
  }, {
    "shape" : "e88c8ba9-3fc3-4758-a122-6521fe854da8",
    "color" : "#AF0000",
    "position" : {
      "x" : -8.472136,
      "y" : 1.618034,
      "z" : -4.236068
    },
    "orientation" : 15
  }, {
    "shape" : "599b747d-7740-4946-ab2f-6df06f8308e8",
    "color" : "#007695",
    "position" : {
      "x" : 4.236068,
      "y" : -8.472136,
      "z" : -1.618034
    },
    "orientation" : 2
  }, {
    "shape" : "599b747d-7740-4946-ab2f-6df06f8308e8",
    "color" : "#007695",
    "position" : {
      "x" : 6.854102,
      "y" : 4.236068,
      "z" : -5.236068
    },
    "orientation" : 21
  }, {
    "shape" : "477d0d1e-c164-4576-a93d-ca49c08227ec",
    "color" : "#FFFFFF",
    "position" : {
      "x" : 6.854102,
      "y" : -4.236068,
      "z" : 5.236068
    }
  }, {
    "shape" : "599b747d-7740-4946-ab2f-6df06f8308e8",
    "color" : "#007695",
    "position" : {
      "x" : -9.472136,
      "y" : 0.0,
      "z" : 1.618034
    },
    "orientation" : 37
  }, {
    "shape" : "477d0d1e-c164-4576-a93d-ca49c08227ec",
    "color" : "#FFFFFF",
    "position" : {
      "x" : -4.236068,
      "y" : 8.472136,
      "z" : -1.618034
    }
  }, {
    "shape" : "477d0d1e-c164-4576-a93d-ca49c08227ec",
    "color" : "#FFFFFF",
    "position" : {
      "x" : -1.618034,
      "y" : 9.472136,
      "z" : 0.0
    }
  }, {
    "shape" : "17609255-9947-4e2d-af39-d78c85c787fd",
    "color" : "#AF0000",
    "position" : {
      "x" : 0.0,
      "y" : 0.0,
      "z" : 0.0
    },
    "orientation" : 45
  }, {
    "shape" : "e88c8ba9-3fc3-4758-a122-6521fe854da8",
    "color" : "#AF0000",
    "position" : {
      "x" : 5.236068,
      "y" : 6.854102,
      "z" : 4.236068
    },
    "orientation" : 30
  }, {
    "shape" : "17609255-9947-4e2d-af39-d78c85c787fd",
    "color" : "#AF0000",
    "position" : {
      "x" : 0.0,
      "y" : 0.0,
      "z" : 0.0
    },
    "orientation" : 46
  }, {
    "shape" : "477d0d1e-c164-4576-a93d-ca49c08227ec",
    "color" : "#FFFFFF",
    "position" : {
      "x" : -8.472136,
      "y" : 1.618034,
      "z" : -4.236068
    }
  }, {
    "shape" : "599b747d-7740-4946-ab2f-6df06f8308e8",
    "color" : "#007695",
    "position" : {
      "x" : -9.472136,
      "y" : 0.0,
      "z" : -1.618034
    },
    "orientation" : 52
  }, {
    "shape" : "e88c8ba9-3fc3-4758-a122-6521fe854da8",
    "color" : "#AF0000",
    "position" : {
      "x" : 8.472136,
      "y" : 1.618034,
      "z" : -4.236068
    },
    "orientation" : 32
  }, {
    "shape" : "599b747d-7740-4946-ab2f-6df06f8308e8",
    "color" : "#007695",
    "position" : {
      "x" : 5.236068,
      "y" : -6.854102,
      "z" : -4.236068
    },
    "orientation" : 55
  }, {
    "shape" : "b20c9b03-9b5d-440b-ab2d-ed17ef6470b0",
    "color" : "#007695",
    "position" : {
      "x" : -17.944271,
      "y" : -11.09017,
      "z" : 0.0
    },
    "orientation" : 52
  }, {
    "shape" : "599b747d-7740-4946-ab2f-6df06f8308e8",
    "color" : "#007695",
    "position" : {
      "x" : -4.236068,
      "y" : -8.472136,
      "z" : 1.618034
    },
    "orientation" : 47
  }, {
    "shape" : "477d0d1e-c164-4576-a93d-ca49c08227ec",
    "color" : "#FFFFFF",
    "position" : {
      "x" : -5.236068,
      "y" : -6.854102,
      "z" : -4.236068
    }
  }, {
    "shape" : "17609255-9947-4e2d-af39-d78c85c787fd",
    "color" : "#AF0000",
    "position" : {
      "x" : 0.0,
      "y" : 0.0,
      "z" : 0.0
    },
    "orientation" : 30
  }, {
    "shape" : "b20c9b03-9b5d-440b-ab2d-ed17ef6470b0",
    "color" : "#007695",
    "position" : {
      "x" : 17.944271,
      "y" : -11.09017,
      "z" : 0.0
    },
    "orientation" : 1
  }, {
    "shape" : "599b747d-7740-4946-ab2f-6df06f8308e8",
    "color" : "#007695",
    "position" : {
      "x" : 8.472136,
      "y" : 1.618034,
      "z" : -4.236068
    },
    "orientation" : 37
  }, {
