{
  "field" : "golden",
  "symmetry" : "icosahedral",
  "orientations" : [ [ 1.0, 0.0, 0.0, 0.0, 0.0, 1.0, 0.0, 0.0, 0.0, 0.0, 1.0, 0.0, 0.0, 0.0, 0.0, 1.0 ], [ 0.0, 0.0, 1.0, 0.0, 1.0, 0.0, 0.0, 0.0, 0.0, 1.0, 0.0, 0.0, 0.0, 0.0, 0.0, 1.0 ], [ 0.0, 1.0, 0.0, 0.0, 0.0, 0.0, 1.0, 0.0, 1.0, 0.0, 0.0, 0.0, 0.0, 0.0, 0.0, 1.0 ], [ 0.809017, 0.309017, 0.5, 0.0, 0.309017, 0.5, -0.809017, 0.0, -0.5, 0.809017, 0.309017, 0.0, 0.0, 0.0, 0.0, 1.0 ], [ -0.5, 0.809017, 0.309017, 0.0, 0.809017, 0.309017, 0.5, 0.0, 0.309017, 0.5, -0.809017, 0.0, 0.0, 0.0, 0.0, 1.0 ], [ 0.309017, 0.5, -0.809017, 0.0, -0.5, 0.809017, 0.309017, 0.0, 0.809017, 0.309017, 0.5, 0.0, 0.0, 0.0, 0.0, 1.0 ], [ 0.5, 0.809017, 0.309017, 0.0, 0.809017, -0.309017, -0.5, 0.0, -0.309017, 0.5, -0.809017, 0.0, 0.0, 0.0, 0.0, 1.0 ], [ -0.309017, 0.5, -0.809017, 0.0, 0.5, 0.809017, 0.309017, 0.0, 0.809017, -0.309017, -0.5, 0.0, 0.0, 0.0, 0.0, 1.0 ], [ 0.809017, -0.309017, -0.5, 0.0, -0.309017, 0.5, -0.809017, 0.0, 0.5, 0.809017, 0.309017, 0.0, 0.0, 0.0, 0.0, 1.0 ], [ 0.5, 0.809017, -0.309017, 0.0, 0.809017, -0.309017, 0.5, 0.0, 0.309017, -0.5, -0.809017, 0.0, 0.0, 0.0, 0.0, 1.0 ], [ 0.309017, -0.5, -0.809017, 0.0, 0.5, 0.809017, -0.309017, 0.0, 0.809017, -0.309017, 0.5, 0.0, 0.0, 0.0, 0.0, 1.0 ], [ 0.809017, -0.309017, 0.5, 0.0, 0.309017, -0.5, -0.809017, 0.0, 0.5, 0.809017, -0.309017, 0.0, 0.0, 0.0, 0.0, 1.0 ], [ 0.809017, 0.309017, -0.5, 0.0, 0.309017, 0.5, 0.809017, 0.0, 0.5, -0.809017, 0.309017, 0.0, 0.0, 0.0, 0.0, 1.0 ], [ 0.5, -0.809017, 0.309017, 0.0, 0.809017, 0.309017, -0.5, 0.0, 0.309017, 0.5, 0.809017, 0.0, 0.0, 0.0, 0.0, 1.0 ], [ 0.309017, 0.5, 0.809017, 0.0, 0.5, -0.809017, 0.309017, 0.0, 0.809017, 0.309017, -0.5, 0.0, 0.0, 0.0, 0.0, 1.0 ], [ 1.0, 0.0, 0.0, 0.0, 0.0, -1.0, 0.0, 0.0, 0.0, 0.0, -1.0, 0.0, 0.0, 0.0, 0.0, 1.0 ], [ 0.0, 0.0, 1.0, 0.0, -1.0, 0.0, 0.0, 0.0, 0.0, -1.0, 0.0, 0.0, 0.0, 0.0, 0.0, 1.0 ], [ 0.0, 1.0, 0.0, 0.0, 0.0, 0.0, -1.0, 0.0, -1.0, 0.0, 0.0, 0.0, 0.0, 0.0, 0.0, 1.0 ], [ 0.809017, 0.309017, 0.5, 0.0, -0.309017, -0.5, 0.809017, 0.0, 0.5, -0.809017, -0.309017, 0.0, 0.0, 0.0, 0.0, 1.0 ], [ -0.5, 0.809017, 0.309017, 0.0, -0.809017, -0.309017, -0.5, 0.0, -0.309017, -0.5, 0.809017, 0.0, 0.0, 0.0, 0.0, 1.0 ], [ 0.309017, 0.5, -0.809017, 0.0, 0.5, -0.809017, -0.309017, 0.0, -0.809017, -0.309017, -0.5, 0.0, 0.0, 0.0, 0.0, 1.0 ], [ 0.5, 0.809017, 0.309017, 0.0, -0.809017, 0.309017, 0.5, 0.0, 0.309017, -0.5, 0.809017, 0.0, 0.0, 0.0, 0.0, 1.0 ], [ -0.309017, 0.5, -0.809017, 0.0, -0.5, -0.809017, -0.309017, 0.0, -0.809017, 0.309017, 0.5, 0.0, 0.0, 0.0, 0.0, 1.0 ], [ 0.809017, -0.309017, -0.5, 0.0, 0.309017, -0.5, 0.809017, 0.0, -0.5, -0.809017, -0.309017, 0.0, 0.0, 0.0, 0.0, 1.0 ], [ 0.5, 0.809017, -0.309017, 0.0, -0.809017, 0.309017, -0.5, 0.0, -0.309017, 0.5, 0.809017, 0.0, 0.0, 0.0, 0.0, 1.0 ], [ 0.309017, -0.5, -0.809017, 0.0, -0.5, -0.809017, 0.309017, 0.0, -0.809017, 0.309017, -0.5, 0.0, 0.0, 0.0, 0.0, 1.0 ], [ 0.809017, -0.309017, 0.5, 0.0, -0.309017, 0.5, 0.809017, 0.0, -0.5, -0.809017, 0.309017, 0.0, 0.0, 0.0, 0.0, 1.0 ], [ 0.809017, 0.309017, -0.5, 0.0, -0.309017, -0.5, -0.809017, 0.0, -0.5, 0.809017, -0.309017, 0.0, 0.0, 0.0, 0.0, 1.0 ], [ 0.5, -0.809017, 0.309017, 0.0, -0.809017, -0.309017, 0.5, 0.0, -0.309017, -0.5, -0.809017, 0.0, 0.0, 0.0, 0.0, 1.0 ], [ 0.309017, 0.5, 0.809017, 0.0, -0.5, 0.809017, -0.309017, 0.0, -0.809017, -0.309017, 0.5, 0.0, 0.0, 0.0, 0.0, 1.0 ], [ -1.0, 0.0, 0.0, 0.0, 0.0, -1.0, 0.0, 0.0, 0.0, 0.0, 1.0, 0.0, 0.0, 0.0, 0.0, 1.0 ], [ 0.0, 0.0, -1.0, 0.0, -1.0, 0.0, 0.0, 0.0, 0.0, 1.0, 0.0, 0.0, 0.0, 0.0, 0.0, 1.0 ], [ 0.0, -1.0, 0.0, 0.0, 0.0, 0.0, -1.0, 0.0, 1.0, 0.0, 0.0, 0.0, 0.0, 0.0, 0.0, 1.0 ], [ -0.809017, -0.309017, -0.5, 0.0, -0.309017, -0.5, 0.809017, 0.0, -0.5, 0.809017, 0.309017, 0.0, 0.0, 0.0, 0.0, 1.0 ], [ 0.5, -0.809017, -0.309017, 0.0, -0.809017, -0.309017, -0.5, 0.0, 0.309017, 0.5, -0.809017, 0.0, 0.0, 0.0, 0.0, 1.0 ], [ -0.309017, -0.5, 0.809017, 0.0, 0.5, -0.809017, -0.309017, 0.0, 0.809017, 0.309017, 0.5, 0.0, 0.0, 0.0, 0.0, 1.0 ], [ -0.5, -0.809017, -0.309017, 0.0, -0.809017, 0.309017, 0.5, 0.0, -0.309017, 0.5, -0.809017, 0.0, 0.0, 0.0, 0.0, 1.0 ], [ 0.309017, -0.5, 0.809017, 0.0, -0.5, -0.809017, -0.309017, 0.0, 0.809017, -0.309017, -0.5, 0.0, 0.0, 0.0, 0.0, 1.0 ], [ -0.809017, 0.309017, 0.5, 0.0, 0.309017, -0.5, 0.809017, 0.0, 0.5, 0.809017, 0.309017, 0.0, 0.0, 0.0, 0.0, 1.0 ], [ -0.5, -0.809017, 0.309017, 0.0, -0.809017, 0.309017, -0.5, 0.0, 0.309017, -0.5, -0.809017, 0.0, 0.0, 0.0, 0.0, 1.0 ], [ -0.309017, 0.5, 0.809017, 0.0, -0.5, -0.809017, 0.309017, 0.0, 0.809017, -0.309017, 0.5, 0.0, 0.0, 0.0, 0.0, 1.0 ], [ -0.809017, 0.309017, -0.5, 0.0, -0.309017, 0.5, 0.809017, 0.0, 0.5, 0.809017, -0.309017, 0.0, 0.0, 0.0, 0.0, 1.0 ], [ -0.809017, -0.309017, 0.5, 0.0, -0.309017, -0.5, -0.809017, 0.0, 0.5, -0.809017, 0.309017, 0.0, 0.0, 0.0, 0.0, 1.0 ], [ -0.5, 0.809017, -0.309017, 0.0, -0.809017, -0.309017, 0.5, 0.0, 0.309017, 0.5, 0.809017, 0.0, 0.0, 0.0, 0.0, 1.0 ], [ -0.309017, -0.5, -0.809017, 0.0, -0.5, 0.809017, -0.309017, 0.0, 0.809017, 0.309017, -0.5, 0.0, 0.0, 0.0, 0.0, 1.0 ], [ -1.0, 0.0, 0.0, 0.0, 0.0, 1.0, 0.0, 0.0, 0.0, 0.0, -1.0, 0.0, 0.0, 0.0, 0.0, 1.0 ], [ 0.0, 0.0, -1.0, 0.0, 1.0, 0.0, 0.0, 0.0, 0.0, -1.0, 0.0, 0.0, 0.0, 0.0, 0.0, 1.0 ], [ 0.0, -1.0, 0.0, 0.0, 0.0, 0.0, 1.0, 0.0, -1.0, 0.0, 0.0, 0.0, 0.0, 0.0, 0.0, 1.0 ], [ -0.809017, -0.309017, -0.5, 0.0, 0.309017, 0.5, -0.809017, 0.0, 0.5, -0.809017, -0.309017, 0.0, 0.0, 0.0, 0.0, 1.0 ], [ 0.5, -0.809017, -0.309017, 0.0, 0.809017, 0.309017, 0.5, 0.0, -0.309017, -0.5, 0.809017, 0.0, 0.0, 0.0, 0.0, 1.0 ], [ -0.309017, -0.5, 0.809017, 0.0, -0.5, 0.809017, 0.309017, 0.0, -0.809017, -0.309017, -0.5, 0.0, 0.0, 0.0, 0.0, 1.0 ], [ -0.5, -0.809017, -0.309017, 0.0, 0.809017, -0.309017, -0.5, 0.0, 0.309017, -0.5, 0.809017, 0.0, 0.0, 0.0, 0.0, 1.0 ], [ 0.309017, -0.5, 0.809017, 0.0, 0.5, 0.809017, 0.309017, 0.0, -0.809017, 0.309017, 0.5, 0.0, 0.0, 0.0, 0.0, 1.0 ], [ -0.809017, 0.309017, 0.5, 0.0, -0.309017, 0.5, -0.809017, 0.0, -0.5, -0.809017, -0.309017, 0.0, 0.0, 0.0, 0.0, 1.0 ], [ -0.5, -0.809017, 0.309017, 0.0, 0.809017, -0.309017, 0.5, 0.0, -0.309017, 0.5, 0.809017, 0.0, 0.0, 0.0, 0.0, 1.0 ], [ -0.309017, 0.5, 0.809017, 0.0, 0.5, 0.809017, -0.309017, 0.0, -0.809017, 0.309017, -0.5, 0.0, 0.0, 0.0, 0.0, 1.0 ], [ -0.809017, 0.309017, -0.5, 0.0, 0.309017, -0.5, -0.809017, 0.0, -0.5, -0.809017, 0.309017, 0.0, 0.0, 0.0, 0.0, 1.0 ], [ -0.809017, -0.309017, 0.5, 0.0, 0.309017, 0.5, 0.809017, 0.0, -0.5, 0.809017, -0.309017, 0.0, 0.0, 0.0, 0.0, 1.0 ], [ -0.5, 0.809017, -0.309017, 0.0, 0.809017, 0.309017, -0.5, 0.0, -0.309017, -0.5, -0.809017, 0.0, 0.0, 0.0, 0.0, 1.0 ], [ -0.309017, -0.5, -0.809017, 0.0, 0.5, -0.809017, 0.309017, 0.0, -0.809017, -0.309017, 0.5, 0.0, 0.0, 0.0, 0.0, 1.0 ] ],
  "lights" : {
    "ambientColor" : "#292929",
    "backgroundColor" : "#CCCCCC",
    "directionalLights" : [ {
      "direction" : {
        "x" : 1.0,
        "y" : -1.0,
        "z" : -1.0
      },
      "color" : "#EBEBE4"
    }, {
      "direction" : {
        "x" : -1.0,
        "y" : 0.0,
        "z" : 0.0
      },
      "color" : "#E4E4EB"
    }, {
      "direction" : {
        "x" : 0.0,
        "y" : 0.0,
        "z" : -1.0
      },
      "color" : "#1E1E1E"
    } ]
  },
  "camera" : {
    "viewDistance" : 449.8344,
    "nearClipDistance" : 1.1245856,
    "farClipDistance" : 899.6686,
    "lookAtPoint" : {
      "x" : 0.0,
      "y" : 0.0,
      "z" : 0.0
    },
    "fieldOfView" : 0.44262913,
    "perspective" : false,
    "lookDirection" : {
      "x" : 0.0,
      "y" : -1.0,
      "z" : 0.0
    },
    "upDirection" : {
      "x" : 0.70710677,
      "y" : 0.0,
      "z" : 0.70710677
    },
    "width" : 202.4256,
    "stereo" : false,
    "position" : {
      "x" : 0.0,
      "y" : 449.8344,
      "z" : 0.0
    }
  },
  "embedding" : [ 1.0, 0.0, 0.0, 0.0, 0.0, 1.0, 0.0, 0.0, 0.0, 0.0, 1.0, 0.0, 0.0, 0.0, 0.0, 1.0 ],
  "shapes" : [ {
    "id" : "8a3c60e5-7bde-42a7-8fa4-ef6c964ae4b1",
    "vertices" : [ {
      "x" : 2.8240454,
      "y" : -14.120227,
      "z" : 19.768318
    }, {
      "x" : 8.472136,
      "y" : -8.472136,
      "z" : 16.944271
    }, {
      "x" : 8.472136,
      "y" : 0.0,
      "z" : 16.944271
    }, {
      "x" : 2.8240454,
      "y" : -5.648091,
      "z" : 19.768318
    } ],
    "faces" : [ {
      "vertices" : [ 0, 1, 2 ]
    }, {
      "vertices" : [ 0, 2, 3 ]
    }, {
      "vertices" : [ 0, 3, 2 ]
    }, {
      "vertices" : [ 0, 2, 1 ]
    } ]
  }, {
    "id" : "8c452b1c-ba26-456c-a825-80f42bfe4378",
    "vertices" : [ {
      "x" : 5.648091,
      "y" : 5.648091,
      "z" : 22.592363
    }, {
      "x" : 5.648091,
      "y" : 14.120227,
      "z" : 22.592363
    }, {
      "x" : 14.120227,
      "y" : 14.120227,
      "z" : 22.592363
    }, {
      "x" : 14.120227,
      "y" : 5.648091,
      "z" : 22.592363
    } ],
    "faces" : [ {
      "vertices" : [ 0, 1, 2 ]
    }, {
      "vertices" : [ 0, 2, 3 ]
    }, {
      "vertices" : [ 0, 3, 2 ]
    }, {
      "vertices" : [ 0, 2, 1 ]
    } ]
  }, {
    "id" : "96e0f5b5-9f85-4ebe-a07d-72554af8c819",
    "vertices" : [ {
      "x" : -8.472136,
      "y" : 16.944271,
      "z" : 16.944271
    }, {
      "x" : -14.120227,
      "y" : 19.768318,
      "z" : 11.296182
    }, {
      "x" : -19.768318,
      "y" : 14.120227,
      "z" : 14.120227
    }, {
      "x" : -14.120227,
      "y" : 11.296182,
      "z" : 19.768318
    } ],
    "faces" : [ {
      "vertices" : [ 0, 1, 2 ]
    }, {
      "vertices" : [ 0, 2, 3 ]
    }, {
      "vertices" : [ 0, 3, 2 ]
    }, {
      "vertices" : [ 0, 2, 1 ]
    } ]
  }, {
    "id" : "87465643-3ff6-446b-bb6f-b264cbec9f13",
    "vertices" : [ {
      "x" : 8.472136,
      "y" : -42.36068,
      "z" : -8.472136
    }, {
      "x" : 11.296182,
      "y" : -48.00877,
      "z" : -14.120227
    }, {
      "x" : 19.768318,
      "y" : -48.00877,
      "z" : -14.120227
    }, {
      "x" : 16.944271,
      "y" : -42.36068,
      "z" : -8.472136
    } ],
    "faces" : [ {
      "vertices" : [ 0, 1, 2 ]
    }, {
      "vertices" : [ 0, 2, 3 ]
    }, {
      "vertices" : [ 0, 3, 2 ]
    }, {
      "vertices" : [ 0, 2, 1 ]
    } ]
  }, {
    "id" : "3117796b-3707-4e3c-89f5-064f6579b409",
    "vertices" : [ {
      "x" : 5.648091,
      "y" : 5.648091,
      "z" : 22.592363
    }, {
      "x" : 14.120227,
      "y" : 5.648091,
      "z" : 22.592363
    }, {
      "x" : 14.120227,
      "y" : 5.648091,
      "z" : 31.064499
    }, {
      "x" : 5.648091,
      "y" : 5.648091,
      "z" : 31.064499
    } ],
    "faces" : [ {
      "vertices" : [ 0, 1, 2 ]
    }, {
      "vertices" : [ 0, 2, 3 ]
    }, {
      "vertices" : [ 0, 3, 2 ]
    }, {
      "vertices" : [ 0, 2, 1 ]
    } ]
  }, {
    "id" : "6419cae7-e7cd-49da-81a6-5bf1b0ddf707",
    "vertices" : [ {
      "x" : -5.648091,
      "y" : -31.064499,
      "z" : 2.8240454
    }, {
      "x" : 0.0,
      "y" : -33.888542,
      "z" : 8.472136
    }, {
      "x" : 5.648091,
      "y" : -28.240454,
      "z" : 5.648091
    }, {
      "x" : 0.0,
      "y" : -25.416409,
      "z" : 0.0
    } ],
    "faces" : [ {
      "vertices" : [ 0, 1, 2 ]
    }, {
      "vertices" : [ 0, 2, 3 ]
    }, {
      "vertices" : [ 0, 3, 2 ]
    }, {
      "vertices" : [ 0, 2, 1 ]
    } ]
  }, {
    "id" : "5fa36926-f931-4c38-95c1-dc85a3f53332",
    "vertices" : [ {
      "x" : -2.8240454,
      "y" : -36.71259,
      "z" : -2.8240454
    }, {
      "x" : 2.8240454,
      "y" : -39.536636,
      "z" : 2.8240454
    }, {
      "x" : 2.8240454,
      "y" : -48.00877,
      "z" : 2.8240454
    }, {
      "x" : -2.8240454,
      "y" : -45.184727,
      "z" : -2.8240454
    } ],
    "faces" : [ {
      "vertices" : [ 0, 1, 2 ]
    }, {
      "vertices" : [ 0, 2, 3 ]
    }, {
      "vertices" : [ 0, 3, 2 ]
    }, {
      "vertices" : [ 0, 2, 1 ]
    } ]
  }, {
    "id" : "172b0973-3534-492d-98b1-8786ba750fae",
    "vertices" : [ {
      "x" : -8.472136,
      "y" : 25.416409,
      "z" : 0.0
    }, {
      "x" : 0.0,
      "y" : 25.416409,
      "z" : 0.0
    }, {
      "x" : 0.0,
      "y" : 33.888542,
      "z" : 0.0
    }, {
      "x" : -8.472136,
      "y" : 33.888542,
      "z" : 0.0
    } ],
    "faces" : [ {
      "vertices" : [ 0, 1, 2 ]
    }, {
      "vertices" : [ 0, 2, 3 ]
    }, {
      "vertices" : [ 0, 3, 2 ]
    }, {
      "vertices" : [ 0, 2, 1 ]
    } ]
  }, {
    "id" : "3c52f3d3-2d1a-4288-87f7-e1cd2ecb09fd",
    "vertices" : [ {
      "x" : -31.064499,
      "y" : -14.120227,
      "z" : 2.8240454
    }, {
      "x" : -36.71259,
      "y" : -19.768318,
      "z" : 5.648091
    }, {
      "x" : -36.71259,
      "y" : -19.768318,
      "z" : 14.120227
    }, {
      "x" : -31.064499,
      "y" : -14.120227,
      "z" : 11.296182
    } ],
    "faces" : [ {
      "vertices" : [ 0, 1, 2 ]
    }, {
      "vertices" : [ 0, 2, 3 ]
    }, {
      "vertices" : [ 0, 3, 2 ]
    }, {
      "vertices" : [ 0, 2, 1 ]
    } ]
  }, {
    "id" : "553e5705-f810-46f1-8722-dbcc127baa22",
    "vertices" : [ {
      "x" : -14.120227,
      "y" : -48.00877,
      "z" : -31.064499
    }, {
      "x" : -5.648091,
      "y" : -48.00877,
      "z" : -31.064499
    }, {
      "x" : 0.0,
      "y" : -42.36068,
      "z" : -33.888542
    }, {
      "x" : -8.472136,
      "y" : -42.36068,
      "z" : -33.888542
    } ],
    "faces" : [ {
      "vertices" : [ 0, 1, 2 ]
    }, {
      "vertices" : [ 0, 2, 3 ]
    }, {
      "vertices" : [ 0, 3, 2 ]
    }, {
      "vertices" : [ 0, 2, 1 ]
    } ]
  }, {
    "id" : "4b6302f7-6016-4057-b1ee-aa1d3db22eaf",
    "vertices" : [ {
      "x" : -25.416409,
      "y" : 0.0,
      "z" : 0.0
    }, {
      "x" : -31.064499,
      "y" : 2.8240454,
      "z" : -5.648091
    }, {
      "x" : -36.71259,
      "y" : -2.8240454,
      "z" : -2.8240454
    }, {
      "x" : -31.064499,
      "y" : -5.648091,
      "z" : 2.8240454
    } ],
    "faces" : [ {
      "vertices" : [ 0, 1, 2 ]
    }, {
      "vertices" : [ 0, 2, 3 ]
    }, {
      "vertices" : [ 0, 3, 2 ]
    }, {
      "vertices" : [ 0, 2, 1 ]
    } ]
  }, {
    "id" : "7e59a446-659a-4759-ae90-143570441b2a",
    "vertices" : [ {
      "x" : -8.472136,
      "y" : 16.944271,
      "z" : 16.944271
    }, {
      "x" : -8.472136,
      "y" : 8.472136,
      "z" : 16.944271
    }, {
      "x" : -8.472136,
      "y" : 8.472136,
      "z" : 8.472136
    }, {
      "x" : -8.472136,
      "y" : 16.944271,
      "z" : 8.472136
    } ],
    "faces" : [ {
      "vertices" : [ 0, 1, 2 ]
    }, {
      "vertices" : [ 0, 2, 3 ]
    }, {
      "vertices" : [ 0, 3, 2 ]
    }, {
      "vertices" : [ 0, 2, 1 ]
    } ]
  }, {
    "id" : "f0ee196c-7f44-4c87-b868-a9a41d2cf7ab",
    "vertices" : [ {
      "x" : 2.8240454,
      "y" : -5.648091,
      "z" : 19.768318
    }, {
      "x" : 8.472136,
      "y" : 0.0,
      "z" : 16.944271
    }, {
      "x" : 5.648091,
      "y" : 5.648091,
      "z" : 22.592363
    }, {
      "x" : 0.0,
      "y" : 0.0,
      "z" : 25.416409
    } ],
    "faces" : [ {
      "vertices" : [ 0, 1, 2 ]
    }, {
      "vertices" : [ 0, 2, 3 ]
    }, {
      "vertices" : [ 0, 3, 2 ]
    }, {
      "vertices" : [ 0, 2, 1 ]
    } ]
  }, {
    "id" : "1f710cbf-2687-43f5-b751-bc2dc820327e",
    "vertices" : [ {
      "x" : -14.120227,
      "y" : -5.648091,
      "z" : -14.120227
    }, {
      "x" : -8.472136,
      "y" : 0.0,
      "z" : -16.944271
    }, {
      "x" : -11.296182,
      "y" : 5.648091,
      "z" : -11.296182
    }, {
      "x" : -16.944271,
      "y" : 0.0,
      "z" : -8.472136
    } ],
    "faces" : [ {
      "vertices" : [ 0, 1, 2 ]
    }, {
      "vertices" : [ 0, 2, 3 ]
    }, {
      "vertices" : [ 0, 3, 2 ]
    }, {
      "vertices" : [ 0, 2, 1 ]
    } ]
  }, {
    "id" : "a7675ae3-28de-4fa2-8e52-b7bcf0665a04",
    "vertices" : [ {
      "x" : -42.36068,
      "y" : 0.0,
      "z" : -33.888542
    }, {
      "x" : -33.888542,
      "y" : 0.0,
      "z" : -33.888542
    }, {
      "x" : -36.71259,
      "y" : 5.648091,
      "z" : -28.240454
    }, {
      "x" : -45.184727,
      "y" : 5.648091,
      "z" : -28.240454
    } ],
    "faces" : [ {
      "vertices" : [ 0, 1, 2 ]
    }, {
      "vertices" : [ 0, 2, 3 ]
    }, {
      "vertices" : [ 0, 3, 2 ]
    }, {
      "vertices" : [ 0, 2, 1 ]
    } ]
  }, {
    "id" : "607dbfe2-ab50-4e3c-9751-19cfbcc0eedd",
    "vertices" : [ {
      "x" : 25.416409,
      "y" : 16.944271,
      "z" : 25.416409
    }, {
      "x" : 33.888542,
      "y" : 16.944271,
      "z" : 25.416409
    }, {
      "x" : 33.888542,
      "y" : 16.944271,
      "z" : 33.888542
    }, {
      "x" : 25.416409,
      "y" : 16.944271,
      "z" : 33.888542
    } ],
    "faces" : [ {
      "vertices" : [ 0, 1, 2 ]
    }, {
      "vertices" : [ 0, 2, 3 ]
    }, {
      "vertices" : [ 0, 3, 2 ]
    }, {
      "vertices" : [ 0, 2, 1 ]
    } ]
  }, {
    "id" : "f74db0fd-2201-40d4-bc81-926267ffab82",
    "vertices" : [ {
      "x" : 25.416409,
      "y" : 25.416409,
      "z" : 16.944271
    }, {
      "x" : 25.416409,
      "y" : 33.888542,
      "z" : 16.944271
    }, {
      "x" : 33.888542,
      "y" : 33.888542,
      "z" : 16.944271
    }, {
      "x" : 33.888542,
      "y" : 25.416409,
      "z" : 16.944271
    } ],
    "faces" : [ {
      "vertices" : [ 0, 1, 2 ]
    }, {
      "vertices" : [ 0, 2, 3 ]
    }, {
      "vertices" : [ 0, 3, 2 ]
    }, {
      "vertices" : [ 0, 2, 1 ]
    } ]
  }, {
    "id" : "5ce53d8f-d2c3-45a7-bc9e-9b0eca11d517",
    "vertices" : [ {
      "x" : 33.888542,
      "y" : 0.0,
      "z" : -8.472136
    }, {
      "x" : 33.888542,
      "y" : 0.0,
      "z" : 0.0
    }, {
      "x" : 39.536636,
      "y" : 5.648091,
      "z" : -2.8240454
    }, {
      "x" : 39.536636,
      "y" : 5.648091,
      "z" : -11.296182
    } ],
    "faces" : [ {
      "vertices" : [ 0, 1, 2 ]
    }, {
      "vertices" : [ 0, 2, 3 ]
    }, {
      "vertices" : [ 0, 3, 2 ]
    }, {
      "vertices" : [ 0, 2, 1 ]
    } ]
  }, {
    "id" : "a48753b7-e4ad-4748-8f0b-f0a5d8849273",
    "vertices" : [ {
      "x" : -33.888542,
      "y" : 8.472136,
      "z" : -8.472136
    }, {
      "x" : -33.888542,
      "y" : 16.944271,
      "z" : -8.472136
    }, {
      "x" : -42.36068,
      "y" : 16.944271,
      "z" : -8.472136
    }, {
      "x" : -42.36068,
      "y" : 8.472136,
      "z" : -8.472136
    } ],
    "faces" : [ {
      "vertices" : [ 0, 1, 2 ]
    }, {
      "vertices" : [ 0, 2, 3 ]
    }, {
      "vertices" : [ 0, 3, 2 ]
    }, {
      "vertices" : [ 0, 2, 1 ]
    } ]
  }, {
    "id" : "41e61c9c-1a0d-4c4e-a8c2-9b606e88fa4c",
    "vertices" : [ {
      "x" : 8.472136,
      "y" : 25.416409,
      "z" : 25.416409
    }, {
      "x" : 8.472136,
      "y" : 25.416409,
      "z" : 33.888542
    }, {
      "x" : 16.944271,
      "y" : 25.416409,
      "z" : 33.888542
    }, {
      "x" : 16.944271,
      "y" : 25.416409,
      "z" : 25.416409
    } ],
    "faces" : [ {
      "vertices" : [ 0, 1, 2 ]
    }, {
      "vertices" : [ 0, 2, 3 ]
    }, {
      "vertices" : [ 0, 3, 2 ]
    }, {
      "vertices" : [ 0, 2, 1 ]
    } ]
  }, {
    "id" : "13f6511b-ea83-4ff1-8c63-450563bff0e4",
    "vertices" : [ {
      "x" : -14.120227,
      "y" : -14.120227,
      "z" : -14.120227
    }, {
      "x" : -8.472136,
      "y" : -8.472136,
      "z" : -16.944271
    }, {
      "x" : -8.472136,
      "y" : 0.0,
      "z" : -16.944271
    }, {
      "x" : -14.120227,
      "y" : -5.648091,
      "z" : -14.120227
    } ],
    "faces" : [ {
      "vertices" : [ 0, 1, 2 ]
    }, {
      "vertices" : [ 0, 2, 3 ]
    }, {
      "vertices" : [ 0, 3, 2 ]
    }, {
      "vertices" : [ 0, 2, 1 ]
    } ]
  }, {
    "id" : "e6d8b63c-22ae-48f5-819f-2e08c6b91d68",
    "vertices" : [ {
      "x" : 5.648091,
      "y" : -19.768318,
      "z" : -36.71259
    }, {
      "x" : 5.648091,
      "y" : -19.768318,
      "z" : -45.184727
    }, {
      "x" : 14.120227,
      "y" : -19.768318,
      "z" : -45.184727
    }, {
      "x" : 14.120227,
      "y" : -19.768318,
      "z" : -36.71259
    } ],
    "faces" : [ {
      "vertices" : [ 0, 1, 2 ]
    }, {
      "vertices" : [ 0, 2, 3 ]
    }, {
      "vertices" : [ 0, 3, 2 ]
    }, {
      "vertices" : [ 0, 2, 1 ]
    } ]
  }, {
    "id" : "9f780663-20ba-4548-a74b-16440e4ce0dd",
    "vertices" : [ {
      "x" : 2.8240454,
      "y" : -14.120227,
      "z" : 28.240454
    }, {
      "x" : 0.0,
      "y" : -8.472136,
      "z" : 33.888542
    }, {
      "x" : -5.648091,
      "y" : -14.120227,
      "z" : 36.71259
    }, {
      "x" : -2.8240454,
      "y" : -19.768318,
      "z" : 31.064499
    } ],
    "faces" : [ {
      "vertices" : [ 0, 1, 2 ]
    }, {
      "vertices" : [ 0, 2, 3 ]
    }, {
      "vertices" : [ 0, 3, 2 ]
    }, {
      "vertices" : [ 0, 2, 1 ]
    } ]
  }, {
    "id" : "787f7a46-7996-4c06-8699-bef3702914c8",
    "vertices" : [ {
      "x" : 25.416409,
      "y" : -16.944271,
      "z" : 8.472136
    }, {
      "x" : 25.416409,
      "y" : -16.944271,
      "z" : 16.944271
    }, {
      "x" : 25.416409,
      "y" : -25.416409,
      "z" : 16.944271
    }, {
      "x" : 25.416409,
      "y" : -25.416409,
      "z" : 8.472136
    } ],
    "faces" : [ {
      "vertices" : [ 0, 1, 2 ]
    }, {
      "vertices" : [ 0, 2, 3 ]
    }, {
      "vertices" : [ 0, 3, 2 ]
    }, {
      "vertices" : [ 0, 2, 1 ]
    } ]
  }, {
    "id" : "f6fb468f-52f7-447b-9ce5-0f1b87529ea3",
    "vertices" : [ {
      "x" : 5.648091,
      "y" : 14.120227,
      "z" : -28.240454
    }, {
      "x" : 5.648091,
      "y" : 14.120227,
      "z" : -19.768318
    }, {
      "x" : 2.8240454,
      "y" : 19.768318,
      "z" : -14.120227
    }, {
      "x" : 2.8240454,
      "y" : 19.768318,
      "z" : -22.592363
    } ],
    "faces" : [ {
      "vertices" : [ 0, 1, 2 ]
    }, {
      "vertices" : [ 0, 2, 3 ]
    }, {
      "vertices" : [ 0, 3, 2 ]
    }, {
      "vertices" : [ 0, 2, 1 ]
    } ]
  }, {
    "id" : "5952af4e-b9bc-46ba-9183-84b161775370",
    "vertices" : [ {
      "x" : -8.472136,
      "y" : -33.888542,
      "z" : 16.944271
    }, {
      "x" : -14.120227,
      "y" : -39.536636,
      "z" : 19.768318
    }, {
      "x" : -14.120227,
      "y" : -48.00877,
      "z" : 19.768318
    }, {
      "x" : -8.472136,
      "y" : -42.36068,
      "z" : 16.944271
    } ],
    "faces" : [ {
      "vertices" : [ 0, 1, 2 ]
    }, {
      "vertices" : [ 0, 2, 3 ]
    }, {
      "vertices" : [ 0, 3, 2 ]
    }, {
      "vertices" : [ 0, 2, 1 ]
    } ]
  }, {
    "id" : "4a2c8530-4d46-42ba-96b8-f148ac5e88c9",
    "vertices" : [ {
      "x" : -14.120227,
      "y" : -31.064499,
      "z" : 2.8240454
    }, {
      "x" : -8.472136,
      "y" : -25.416409,
      "z" : 0.0
    }, {
      "x" : -8.472136,
      "y" : -16.944271,
      "z" : 0.0
    }, {
      "x" : -14.120227,
      "y" : -22.592363,
      "z" : 2.8240454
    } ],
    "faces" : [ {
      "vertices" : [ 0, 1, 2 ]
    }, {
      "vertices" : [ 0, 2, 3 ]
    }, {
      "vertices" : [ 0, 3, 2 ]
    }, {
      "vertices" : [ 0, 2, 1 ]
    } ]
  }, {
    "id" : "f24aa531-86e4-4ea7-9446-5e1be6efb673",
    "vertices" : [ {
      "x" : -14.120227,
      "y" : -14.120227,
      "z" : -5.648091
    }, {
      "x" : -16.944271,
      "y" : -8.472136,
      "z" : 0.0
    }, {
      "x" : -11.296182,
      "y" : -11.296182,
      "z" : 5.648091
    }, {
      "x" : -8.472136,
      "y" : -16.944271,
      "z" : 0.0
    } ],
    "faces" : [ {
      "vertices" : [ 0, 1, 2 ]
    }, {
      "vertices" : [ 0, 2, 3 ]
    }, {
      "vertices" : [ 0, 3, 2 ]
    }, {
      "vertices" : [ 0, 2, 1 ]
    } ]
  }, {
    "id" : "4884908e-b853-4ac6-bb96-f33ec3e36069",
    "vertices" : [ {
      "x" : -8.472136,
      "y" : -16.944271,
      "z" : -50.832817
    }, {
      "x" : 0.0,
      "y" : -16.944271,
      "z" : -50.832817
    }, {
      "x" : -2.8240454,
      "y" : -11.296182,
      "z" : -45.184727
    }, {
      "x" : -11.296182,
      "y" : -11.296182,
      "z" : -45.184727
    } ],
    "faces" : [ {
      "vertices" : [ 0, 1, 2 ]
    }, {
      "vertices" : [ 0, 2, 3 ]
    }, {
      "vertices" : [ 0, 3, 2 ]
    }, {
      "vertices" : [ 0, 2, 1 ]
    } ]
  }, {
    "id" : "3732b20d-f5f9-4c1a-881f-6a3e194b2e8b",
    "vertices" : [ {
      "x" : -28.240454,
      "y" : 14.120227,
      "z" : 5.648091
    }, {
      "x" : -28.240454,
      "y" : 14.120227,
      "z" : 14.120227
    }, {
      "x" : -31.064499,
      "y" : 19.768318,
      "z" : 19.768318
    }, {
      "x" : -31.064499,
      "y" : 19.768318,
      "z" : 11.296182
    } ],
    "faces" : [ {
      "vertices" : [ 0, 1, 2 ]
    }, {
      "vertices" : [ 0, 2, 3 ]
    }, {
      "vertices" : [ 0, 3, 2 ]
    }, {
      "vertices" : [ 0, 2, 1 ]
    } ]
  }, {
    "id" : "99a5b3c5-3244-4c59-996d-1c17c6e08178",
    "vertices" : [ {
      "x" : -48.00877,
      "y" : -14.120227,
      "z" : -31.064499
    }, {
      "x" : -42.36068,
      "y" : -16.944271,
      "z" : -25.416409
    }, {
      "x" : -33.888542,
      "y" : -16.944271,
      "z" : -25.416409
    }, {
      "x" : -39.536636,
      "y" : -14.120227,
      "z" : -31.064499
    } ],
    "faces" : [ {
      "vertices" : [ 0, 1, 2 ]
    }, {
      "vertices" : [ 0, 2, 3 ]
    }, {
      "vertices" : [ 0, 3, 2 ]
    }, {
      "vertices" : [ 0, 2, 1 ]
    } ]
  }, {
    "id" : "f68bfafd-fb51-4ed8-af07-e02681c92e25",
    "vertices" : [ {
      "x" : -28.240454,
      "y" : -28.240454,
      "z" : -2.8240454
    }, {
      "x" : -19.768318,
      "y" : -28.240454,
      "z" : -2.8240454
    }, {
      "x" : -14.120227,
      "y" : -31.064499,
      "z" : 2.8240454
    }, {
      "x" : -22.592363,
      "y" : -31.064499,
      "z" : 2.8240454
    } ],
    "faces" : [ {
      "vertices" : [ 0, 1, 2 ]
    }, {
      "vertices" : [ 0, 2, 3 ]
    }, {
      "vertices" : [ 0, 3, 2 ]
    }, {
      "vertices" : [ 0, 2, 1 ]
    } ]
  }, {
    "id" : "7a3a2c54-8d22-4960-ae4c-a910c5d023b0",
    "vertices" : [ {
      "x" : 5.648091,
      "y" : 31.064499,
      "z" : 5.648091
    }, {
      "x" : 11.296182,
      "y" : 36.71259,
      "z" : 2.8240454
    }, {
      "x" : 19.768318,
      "y" : 36.71259,
      "z" : 2.8240454
    }, {
      "x" : 14.120227,
      "y" : 31.064499,
      "z" : 5.648091
    } ],
    "faces" : [ {
      "vertices" : [ 0, 1, 2 ]
    }, {
      "vertices" : [ 0, 2, 3 ]
    }, {
      "vertices" : [ 0, 3, 2 ]
    }, {
      "vertices" : [ 0, 2, 1 ]
    } ]
  }, {
    "id" : "f90869da-3da4-4dee-bbd4-b94366e7087a",
    "vertices" : [ {
      "x" : -48.00877,
      "y" : -31.064499,
      "z" : -5.648091
    }, {
      "x" : -50.832817,
      "y" : -25.416409,
      "z" : 0.0
    }, {
      "x" : -45.184727,
      "y" : -28.240454,
      "z" : 5.648091
    }, {
      "x" : -42.36068,
      "y" : -33.888542,
      "z" : 0.0
    } ],
    "faces" : [ {
      "vertices" : [ 0, 1, 2 ]
    }, {
      "vertices" : [ 0, 2, 3 ]
    }, {
      "vertices" : [ 0, 3, 2 ]
    }, {
      "vertices" : [ 0, 2, 1 ]
    } ]
  }, {
    "id" : "fa968232-bc5e-4133-ae77-947f827cf20f",
    "vertices" : [ {
      "x" : 39.536636,
      "y" : 5.648091,
      "z" : -2.8240454
    }, {
      "x" : 36.71259,
      "y" : 11.296182,
      "z" : 2.8240454
    }, {
      "x" : 36.71259,
      "y" : 19.768318,
      "z" : 2.8240454
    }, {
      "x" : 39.536636,
      "y" : 14.120227,
      "z" : -2.8240454
    } ],
    "faces" : [ {
      "vertices" : [ 0, 1, 2 ]
    }, {
      "vertices" : [ 0, 2, 3 ]
    }, {
      "vertices" : [ 0, 3, 2 ]
    }, {
      "vertices" : [ 0, 2, 1 ]
    } ]
  }, {
    "id" : "f7c2226e-18b5-43d6-8cef-f3c27e310ad4",
    "vertices" : [ {
      "x" : -33.888542,
      "y" : -16.944271,
      "z" : -16.944271
    }, {
      "x" : -28.240454,
      "y" : -19.768318,
      "z" : -11.296182
    }, {
      "x" : -31.064499,
      "y" : -14.120227,
      "z" : -5.648091
    }, {
      "x" : -36.71259,
      "y" : -11.296182,
      "z" : -11.296182
    } ],
    "faces" : [ {
      "vertices" : [ 0, 1, 2 ]
    }, {
      "vertices" : [ 0, 2, 3 ]
    }, {
      "vertices" : [ 0, 3, 2 ]
    }, {
      "vertices" : [ 0, 2, 1 ]
    } ]
  }, {
    "id" : "02f80c2b-50d6-488d-a16e-e47619713bab",
    "vertices" : [ {
      "x" : -11.296182,
      "y" : -2.8240454,
      "z" : -45.184727
    }, {
      "x" : -11.296182,
      "y" : -2.8240454,
      "z" : -36.71259
    }, {
      "x" : -14.120227,
      "y" : 2.8240454,
      "z" : -31.064499
    }, {
      "x" : -14.120227,
      "y" : 2.8240454,
      "z" : -39.536636
    } ],
    "faces" : [ {
      "vertices" : [ 0, 1, 2 ]
    }, {
      "vertices" : [ 0, 2, 3 ]
    }, {
      "vertices" : [ 0, 3, 2 ]
    }, {
      "vertices" : [ 0, 2, 1 ]
    } ]
  }, {
    "id" : "803edf18-e67c-4ed2-9a16-b902fb54e371",
    "vertices" : [ {
      "x" : -14.120227,
      "y" : 11.296182,
      "z" : 19.768318
    }, {
      "x" : -8.472136,
      "y" : 16.944271,
      "z" : 16.944271
    }, {
      "x" : -11.296182,
      "y" : 22.592363,
      "z" : 22.592363
    }, {
      "x" : -16.944271,
      "y" : 16.944271,
      "z" : 25.416409
    } ],
    "faces" : [ {
      "vertices" : [ 0, 1, 2 ]
    }, {
      "vertices" : [ 0, 2, 3 ]
    }, {
      "vertices" : [ 0, 3, 2 ]
    }, {
      "vertices" : [ 0, 2, 1 ]
    } ]
  }, {
    "id" : "9c84b85c-29cb-4205-9435-3698aca08a7f",
    "vertices" : [ {
      "x" : 8.472136,
      "y" : 16.944271,
      "z" : 0.0
    }, {
      "x" : 16.944271,
      "y" : 16.944271,
      "z" : 0.0
    }, {
      "x" : 14.120227,
      "y" : 22.592363,
      "z" : 5.648091
    }, {
      "x" : 5.648091,
      "y" : 22.592363,
      "z" : 5.648091
    } ],
    "faces" : [ {
      "vertices" : [ 0, 1, 2 ]
    }, {
      "vertices" : [ 0, 2, 3 ]
    }, {
      "vertices" : [ 0, 3, 2 ]
    }, {
      "vertices" : [ 0, 2, 1 ]
    } ]
  }, {
    "id" : "9285314d-86ca-4f9f-b8da-efe4d48d2dc0",
    "vertices" : [ {
      "x" : -19.768318,
      "y" : 14.120227,
      "z" : 14.120227
    }, {
      "x" : -22.592363,
      "y" : 19.768318,
      "z" : 19.768318
    }, {
      "x" : -31.064499,
      "y" : 19.768318,
      "z" : 19.768318
    }, {
      "x" : -28.240454,
      "y" : 14.120227,
      "z" : 14.120227
    } ],
    "faces" : [ {
      "vertices" : [ 0, 1, 2 ]
    }, {
      "vertices" : [ 0, 2, 3 ]
    }, {
      "vertices" : [ 0, 3, 2 ]
    }, {
      "vertices" : [ 0, 2, 1 ]
    } ]
  }, {
    "id" : "e8c2da48-6793-4757-9ff3-d47650ea9382",
    "vertices" : [ {
      "x" : 8.472136,
      "y" : -33.888542,
      "z" : -8.472136
    }, {
      "x" : 8.472136,
      "y" : -33.888542,
      "z" : 0.0
    }, {
      "x" : 16.944271,
      "y" : -33.888542,
      "z" : 0.0
    }, {
      "x" : 16.944271,
      "y" : -33.888542,
      "z" : -8.472136
    } ],
    "faces" : [ {
      "vertices" : [ 0, 1, 2 ]
    }, {
      "vertices" : [ 0, 2, 3 ]
    }, {
      "vertices" : [ 0, 3, 2 ]
    }, {
      "vertices" : [ 0, 2, 1 ]
    } ]
  }, {
    "id" : "ec0bfc12-3274-4cb7-bde6-5ad7fe24bdf2",
    "vertices" : [ {
      "x" : -48.00877,
      "y" : -22.592363,
      "z" : -14.120227
    }, {
      "x" : -42.36068,
      "y" : -16.944271,
      "z" : -16.944271
    }, {
      "x" : -45.184727,
      "y" : -11.296182,
      "z" : -11.296182
    }, {
      "x" : -50.832817,
      "y" : -16.944271,
      "z" : -8.472136
    } ],
    "faces" : [ {
      "vertices" : [ 0, 1, 2 ]
    }, {
      "vertices" : [ 0, 2, 3 ]
    }, {
      "vertices" : [ 0, 3, 2 ]
    }, {
      "vertices" : [ 0, 2, 1 ]
    } ]
  }, {
    "id" : "65dd4f9b-2f96-4730-b441-98fd3c77514b",
    "vertices" : [ {
      "x" : 5.648091,
      "y" : -19.768318,
      "z" : 5.648091
    }, {
      "x" : 11.296182,
      "y" : -14.120227,
      "z" : 2.8240454
    }, {
      "x" : 19.768318,
      "y" : -14.120227,
      "z" : 2.8240454
    }, {
      "x" : 14.120227,
      "y" : -19.768318,
      "z" : 5.648091
    } ],
    "faces" : [ {
      "vertices" : [ 0, 1, 2 ]
    }, {
      "vertices" : [ 0, 2, 3 ]
    }, {
      "vertices" : [ 0, 3, 2 ]
    }, {
      "vertices" : [ 0, 2, 1 ]
    } ]
  }, {
    "id" : "7d52e421-261f-433a-b68a-3be2c39206dd",
    "vertices" : [ {
      "x" : 0.0,
      "y" : 0.0,
      "z" : -25.416409
    }, {
      "x" : 0.0,
      "y" : 0.0,
      "z" : -16.944271
    }, {
      "x" : 5.648091,
      "y" : 5.648091,
      "z" : -19.768318
    }, {
      "x" : 5.648091,
      "y" : 5.648091,
      "z" : -28.240454
    } ],
    "faces" : [ {
      "vertices" : [ 0, 1, 2 ]
    }, {
      "vertices" : [ 0, 2, 3 ]
    }, {
      "vertices" : [ 0, 3, 2 ]
    }, {
      "vertices" : [ 0, 2, 1 ]
    } ]
  }, {
    "id" : "f8fc28bb-6813-4840-b57d-dc6dbc43d2df",
    "vertices" : [ {
      "x" : -8.472136,
      "y" : 8.472136,
      "z" : 16.944271
    }, {
      "x" : -14.120227,
      "y" : 2.8240454,
      "z" : 19.768318
    }, {
      "x" : -14.120227,
      "y" : 2.8240454,
      "z" : 11.296182
    }, {
      "x" : -8.472136,
      "y" : 8.472136,
      "z" : 8.472136
    } ],
    "faces" : [ {
      "vertices" : [ 0, 1, 2 ]
    }, {
      "vertices" : [ 0, 2, 3 ]
    }, {
      "vertices" : [ 0, 3, 2 ]
    }, {
      "vertices" : [ 0, 2, 1 ]
    } ]
  }, {
    "id" : "24fdc16d-99c2-48c9-8ec0-60a3b5ea0f37",
    "vertices" : [ {
      "x" : 16.944271,
      "y" : -16.944271,
      "z" : 33.888542
    }, {
      "x" : 14.120227,
      "y" : -11.296182,
      "z" : 39.536636
    }, {
      "x" : 19.768318,
      "y" : -5.648091,
      "z" : 36.71259
    }, {
      "x" : 22.592363,
      "y" : -11.296182,
      "z" : 31.064499
    } ],
    "faces" : [ {
      "vertices" : [ 0, 1, 2 ]
    }, {
      "vertices" : [ 0, 2, 3 ]
    }, {
      "vertices" : [ 0, 3, 2 ]
    }, {
      "vertices" : [ 0, 2, 1 ]
    } ]
  }, {
    "id" : "88782a3a-e493-4e6d-af44-5b909ba98ebe",
    "vertices" : [ {
      "x" : -16.944271,
      "y" : 25.416409,
      "z" : 8.472136
    }, {
      "x" : -16.944271,
      "y" : 33.888542,
      "z" : 8.472136
    }, {
      "x" : -16.944271,
      "y" : 33.888542,
      "z" : 16.944271
    }, {
      "x" : -16.944271,
      "y" : 25.416409,
      "z" : 16.944271
    } ],
    "faces" : [ {
      "vertices" : [ 0, 1, 2 ]
    }, {
      "vertices" : [ 0, 2, 3 ]
    }, {
      "vertices" : [ 0, 3, 2 ]
    }, {
      "vertices" : [ 0, 2, 1 ]
    } ]
  }, {
    "id" : "77a34c7c-4f22-48e5-88bc-cfa62de2f8d4",
    "vertices" : [ {
      "x" : 8.472136,
      "y" : 25.416409,
      "z" : -16.944271
    }, {
      "x" : 16.944271,
      "y" : 25.416409,
      "z" : -16.944271
    }, {
      "x" : 16.944271,
      "y" : 25.416409,
      "z" : -25.416409
    }, {
      "x" : 8.472136,
      "y" : 25.416409,
      "z" : -25.416409
    } ],
    "faces" : [ {
      "vertices" : [ 0, 1, 2 ]
    }, {
      "vertices" : [ 0, 2, 3 ]
    }, {
      "vertices" : [ 0, 3, 2 ]
    }, {
      "vertices" : [ 0, 2, 1 ]
    } ]
  }, {
    "id" : "6be64faf-b966-4f76-bfa5-5c529effd196",
    "vertices" : [ {
      "x" : -31.064499,
      "y" : -22.592363,
      "z" : 2.8240454
    }, {
      "x" : -25.416409,
      "y" : -25.416409,
      "z" : 8.472136
    }, {
      "x" : -31.064499,
      "y" : -31.064499,
      "z" : 11.296182
    }, {
      "x" : -36.71259,
      "y" : -28.240454,
      "z" : 5.648091
    } ],
    "faces" : [ {
      "vertices" : [ 0, 1, 2 ]
    }, {
      "vertices" : [ 0, 2, 3 ]
    }, {
      "vertices" : [ 0, 3, 2 ]
    }, {
      "vertices" : [ 0, 2, 1 ]
    } ]
  }, {
    "id" : "fbe444c7-9815-411c-b90e-dec4e559c46a",
    "vertices" : [ {
      "x" : -16.944271,
      "y" : -16.944271,
      "z" : 16.944271
    }, {
      "x" : -11.296182,
      "y" : -11.296182,
      "z" : 14.120227
    }, {
      "x" : -5.648091,
      "y" : -14.120227,
      "z" : 19.768318
    }, {
      "x" : -11.296182,
      "y" : -19.768318,
      "z" : 22.592363
    } ],
    "faces" : [ {
      "vertices" : [ 0, 1, 2 ]
    }, {
      "vertices" : [ 0, 2, 3 ]
    }, {
      "vertices" : [ 0, 3, 2 ]
    }, {
      "vertices" : [ 0, 2, 1 ]
    } ]
  }, {
    "id" : "fad5a58e-9915-428a-9a6e-ecbc58eaff7b",
    "vertices" : [ {
      "x" : -48.00877,
      "y" : -31.064499,
      "z" : -14.120227
    }, {
      "x" : -42.36068,
      "y" : -25.416409,
      "z" : -16.944271
    }, {
      "x" : -42.36068,
      "y" : -16.944271,
      "z" : -16.944271
    }, {
      "x" : -48.00877,
      "y" : -22.592363,
      "z" : -14.120227
    } ],
    "faces" : [ {
      "vertices" : [ 0, 1, 2 ]
    }, {
      "vertices" : [ 0, 2, 3 ]
    }, {
      "vertices" : [ 0, 3, 2 ]
    }, {
      "vertices" : [ 0, 2, 1 ]
    } ]
  }, {
    "id" : "2d1e8f89-41b3-443a-9d73-36bf958780cf",
    "vertices" : [ {
      "x" : 31.064499,
      "y" : -11.296182,
      "z" : 22.592363
    }, {
      "x" : 31.064499,
      "y" : -2.8240454,
      "z" : 22.592363
    }, {
      "x" : 36.71259,
      "y" : 2.8240454,
      "z" : 19.768318
    }, {
      "x" : 36.71259,
      "y" : -5.648091,
      "z" : 19.768318
    } ],
    "faces" : [ {
      "vertices" : [ 0, 1, 2 ]
    }, {
      "vertices" : [ 0, 2, 3 ]
    }, {
      "vertices" : [ 0, 3, 2 ]
    }, {
      "vertices" : [ 0, 2, 1 ]
    } ]
  }, {
    "id" : "d8ec9d8f-f6e5-4ba4-8970-3def33e98f5b",
    "vertices" : [ {
      "x" : -11.296182,
      "y" : -36.71259,
      "z" : -11.296182
    }, {
      "x" : -11.296182,
      "y" : -36.71259,
      "z" : -2.8240454
    }, {
      "x" : -14.120227,
      "y" : -31.064499,
      "z" : 2.8240454
    }, {
      "x" : -14.120227,
      "y" : -31.064499,
      "z" : -5.648091
    } ],
    "faces" : [ {
      "vertices" : [ 0, 1, 2 ]
    }, {
      "vertices" : [ 0, 2, 3 ]
    }, {
      "vertices" : [ 0, 3, 2 ]
    }, {
      "vertices" : [ 0, 2, 1 ]
    } ]
  }, {
    "id" : "f0ff0e89-792e-44f4-9f79-a9d47eec7480",
    "vertices" : [ {
      "x" : -48.00877,
      "y" : -31.064499,
      "z" : -14.120227
    }, {
      "x" : -50.832817,
      "y" : -25.416409,
      "z" : -8.472136
    }, {
      "x" : -50.832817,
      "y" : -25.416409,
      "z" : 0.0
    }, {
      "x" : -48.00877,
      "y" : -31.064499,
      "z" : -5.648091
    } ],
    "faces" : [ {
      "vertices" : [ 0, 1, 2 ]
    }, {
      "vertices" : [ 0, 2, 3 ]
    }, {
      "vertices" : [ 0, 3, 2 ]
    }, {
      "vertices" : [ 0, 2, 1 ]
    } ]
  }, {
    "id" : "4f6d9312-7c6e-4562-a9f5-89b0f6964991",
    "vertices" : [ {
      "x" : 11.296182,
      "y" : 19.768318,
      "z" : -14.120227
    }, {
      "x" : 14.120227,
      "y" : 14.120227,
      "z" : -19.768318
    }, {
      "x" : 5.648091,
      "y" : 14.120227,
      "z" : -19.768318
    }, {
      "x" : 2.8240454,
      "y" : 19.768318,
      "z" : -14.120227
    } ],
    "faces" : [ {
      "vertices" : [ 0, 1, 2 ]
    }, {
      "vertices" : [ 0, 2, 3 ]
    }, {
      "vertices" : [ 0, 3, 2 ]
    }, {
      "vertices" : [ 0, 2, 1 ]
    } ]
  }, {
    "id" : "083ea7d2-7b03-4583-8196-d25099f7ccd5",
    "vertices" : [ {
      "x" : 8.472136,
      "y" : 25.416409,
      "z" : -16.944271
    }, {
      "x" : 16.944271,
      "y" : 25.416409,
      "z" : -16.944271
    }, {
      "x" : 16.944271,
      "y" : 33.888542,
      "z" : -16.944271
    }, {
      "x" : 8.472136,
      "y" : 33.888542,
      "z" : -16.944271
    } ],
    "faces" : [ {
      "vertices" : [ 0, 1, 2 ]
    }, {
      "vertices" : [ 0, 2, 3 ]
    }, {
      "vertices" : [ 0, 3, 2 ]
    }, {
      "vertices" : [ 0, 2, 1 ]
    } ]
  }, {
    "id" : "63ef6f36-52c0-4acb-941f-96dafbdd12a2",
    "vertices" : [ {
      "x" : -2.8240454,
      "y" : -19.768318,
      "z" : 22.592363
    }, {
      "x" : -2.8240454,
      "y" : -19.768318,
      "z" : 31.064499
    }, {
      "x" : -11.296182,
      "y" : -19.768318,
      "z" : 31.064499
    }, {
      "x" : -11.296182,
      "y" : -19.768318,
      "z" : 22.592363
    } ],
    "faces" : [ {
      "vertices" : [ 0, 1, 2 ]
    }, {
      "vertices" : [ 0, 2, 3 ]
    }, {
      "vertices" : [ 0, 3, 2 ]
    }, {
