{
  "field" : "golden",
  "symmetry" : "icosahedral",
  "orientations" : [ [ 1.0, 0.0, 0.0, 0.0, 0.0, 1.0, 0.0, 0.0, 0.0, 0.0, 1.0, 0.0, 0.0, 0.0, 0.0, 1.0 ], [ 0.0, 0.0, 1.0, 0.0, 1.0, 0.0, 0.0, 0.0, 0.0, 1.0, 0.0, 0.0, 0.0, 0.0, 0.0, 1.0 ], [ 0.0, 1.0, 0.0, 0.0, 0.0, 0.0, 1.0, 0.0, 1.0, 0.0, 0.0, 0.0, 0.0, 0.0, 0.0, 1.0 ], [ 0.809017, 0.309017, 0.5, 0.0, 0.309017, 0.5, -0.809017, 0.0, -0.5, 0.809017, 0.309017, 0.0, 0.0, 0.0, 0.0, 1.0 ], [ -0.5, 0.809017, 0.309017, 0.0, 0.809017, 0.309017, 0.5, 0.0, 0.309017, 0.5, -0.809017, 0.0, 0.0, 0.0, 0.0, 1.0 ], [ 0.309017, 0.5, -0.809017, 0.0, -0.5, 0.809017, 0.309017, 0.0, 0.809017, 0.309017, 0.5, 0.0, 0.0, 0.0, 0.0, 1.0 ], [ 0.5, 0.809017, 0.309017, 0.0, 0.809017, -0.309017, -0.5, 0.0, -0.309017, 0.5, -0.809017, 0.0, 0.0, 0.0, 0.0, 1.0 ], [ -0.309017, 0.5, -0.809017, 0.0, 0.5, 0.809017, 0.309017, 0.0, 0.809017, -0.309017, -0.5, 0.0, 0.0, 0.0, 0.0, 1.0 ], [ 0.809017, -0.309017, -0.5, 0.0, -0.309017, 0.5, -0.809017, 0.0, 0.5, 0.809017, 0.309017, 0.0, 0.0, 0.0, 0.0, 1.0 ], [ 0.5, 0.809017, -0.309017, 0.0, 0.809017, -0.309017, 0.5, 0.0, 0.309017, -0.5, -0.809017, 0.0, 0.0, 0.0, 0.0, 1.0 ], [ 0.309017, -0.5, -0.809017, 0.0, 0.5, 0.809017, -0.309017, 0.0, 0.809017, -0.309017, 0.5, 0.0, 0.0, 0.0, 0.0, 1.0 ], [ 0.809017, -0.309017, 0.5, 0.0, 0.309017, -0.5, -0.809017, 0.0, 0.5, 0.809017, -0.309017, 0.0, 0.0, 0.0, 0.0, 1.0 ], [ 0.809017, 0.309017, -0.5, 0.0, 0.309017, 0.5, 0.809017, 0.0, 0.5, -0.809017, 0.309017, 0.0, 0.0, 0.0, 0.0, 1.0 ], [ 0.5, -0.809017, 0.309017, 0.0, 0.809017, 0.309017, -0.5, 0.0, 0.309017, 0.5, 0.809017, 0.0, 0.0, 0.0, 0.0, 1.0 ], [ 0.309017, 0.5, 0.809017, 0.0, 0.5, -0.809017, 0.309017, 0.0, 0.809017, 0.309017, -0.5, 0.0, 0.0, 0.0, 0.0, 1.0 ], [ 1.0, 0.0, 0.0, 0.0, 0.0, -1.0, 0.0, 0.0, 0.0, 0.0, -1.0, 0.0, 0.0, 0.0, 0.0, 1.0 ], [ 0.0, 0.0, 1.0, 0.0, -1.0, 0.0, 0.0, 0.0, 0.0, -1.0, 0.0, 0.0, 0.0, 0.0, 0.0, 1.0 ], [ 0.0, 1.0, 0.0, 0.0, 0.0, 0.0, -1.0, 0.0, -1.0, 0.0, 0.0, 0.0, 0.0, 0.0, 0.0, 1.0 ], [ 0.809017, 0.309017, 0.5, 0.0, -0.309017, -0.5, 0.809017, 0.0, 0.5, -0.809017, -0.309017, 0.0, 0.0, 0.0, 0.0, 1.0 ], [ -0.5, 0.809017, 0.309017, 0.0, -0.809017, -0.309017, -0.5, 0.0, -0.309017, -0.5, 0.809017, 0.0, 0.0, 0.0, 0.0, 1.0 ], [ 0.309017, 0.5, -0.809017, 0.0, 0.5, -0.809017, -0.309017, 0.0, -0.809017, -0.309017, -0.5, 0.0, 0.0, 0.0, 0.0, 1.0 ], [ 0.5, 0.809017, 0.309017, 0.0, -0.809017, 0.309017, 0.5, 0.0, 0.309017, -0.5, 0.809017, 0.0, 0.0, 0.0, 0.0, 1.0 ], [ -0.309017, 0.5, -0.809017, 0.0, -0.5, -0.809017, -0.309017, 0.0, -0.809017, 0.309017, 0.5, 0.0, 0.0, 0.0, 0.0, 1.0 ], [ 0.809017, -0.309017, -0.5, 0.0, 0.309017, -0.5, 0.809017, 0.0, -0.5, -0.809017, -0.309017, 0.0, 0.0, 0.0, 0.0, 1.0 ], [ 0.5, 0.809017, -0.309017, 0.0, -0.809017, 0.309017, -0.5, 0.0, -0.309017, 0.5, 0.809017, 0.0, 0.0, 0.0, 0.0, 1.0 ], [ 0.309017, -0.5, -0.809017, 0.0, -0.5, -0.809017, 0.309017, 0.0, -0.809017, 0.309017, -0.5, 0.0, 0.0, 0.0, 0.0, 1.0 ], [ 0.809017, -0.309017, 0.5, 0.0, -0.309017, 0.5, 0.809017, 0.0, -0.5, -0.809017, 0.309017, 0.0, 0.0, 0.0, 0.0, 1.0 ], [ 0.809017, 0.309017, -0.5, 0.0, -0.309017, -0.5, -0.809017, 0.0, -0.5, 0.809017, -0.309017, 0.0, 0.0, 0.0, 0.0, 1.0 ], [ 0.5, -0.809017, 0.309017, 0.0, -0.809017, -0.309017, 0.5, 0.0, -0.309017, -0.5, -0.809017, 0.0, 0.0, 0.0, 0.0, 1.0 ], [ 0.309017, 0.5, 0.809017, 0.0, -0.5, 0.809017, -0.309017, 0.0, -0.809017, -0.309017, 0.5, 0.0, 0.0, 0.0, 0.0, 1.0 ], [ -1.0, 0.0, 0.0, 0.0, 0.0, -1.0, 0.0, 0.0, 0.0, 0.0, 1.0, 0.0, 0.0, 0.0, 0.0, 1.0 ], [ 0.0, 0.0, -1.0, 0.0, -1.0, 0.0, 0.0, 0.0, 0.0, 1.0, 0.0, 0.0, 0.0, 0.0, 0.0, 1.0 ], [ 0.0, -1.0, 0.0, 0.0, 0.0, 0.0, -1.0, 0.0, 1.0, 0.0, 0.0, 0.0, 0.0, 0.0, 0.0, 1.0 ], [ -0.809017, -0.309017, -0.5, 0.0, -0.309017, -0.5, 0.809017, 0.0, -0.5, 0.809017, 0.309017, 0.0, 0.0, 0.0, 0.0, 1.0 ], [ 0.5, -0.809017, -0.309017, 0.0, -0.809017, -0.309017, -0.5, 0.0, 0.309017, 0.5, -0.809017, 0.0, 0.0, 0.0, 0.0, 1.0 ], [ -0.309017, -0.5, 0.809017, 0.0, 0.5, -0.809017, -0.309017, 0.0, 0.809017, 0.309017, 0.5, 0.0, 0.0, 0.0, 0.0, 1.0 ], [ -0.5, -0.809017, -0.309017, 0.0, -0.809017, 0.309017, 0.5, 0.0, -0.309017, 0.5, -0.809017, 0.0, 0.0, 0.0, 0.0, 1.0 ], [ 0.309017, -0.5, 0.809017, 0.0, -0.5, -0.809017, -0.309017, 0.0, 0.809017, -0.309017, -0.5, 0.0, 0.0, 0.0, 0.0, 1.0 ], [ -0.809017, 0.309017, 0.5, 0.0, 0.309017, -0.5, 0.809017, 0.0, 0.5, 0.809017, 0.309017, 0.0, 0.0, 0.0, 0.0, 1.0 ], [ -0.5, -0.809017, 0.309017, 0.0, -0.809017, 0.309017, -0.5, 0.0, 0.309017, -0.5, -0.809017, 0.0, 0.0, 0.0, 0.0, 1.0 ], [ -0.309017, 0.5, 0.809017, 0.0, -0.5, -0.809017, 0.309017, 0.0, 0.809017, -0.309017, 0.5, 0.0, 0.0, 0.0, 0.0, 1.0 ], [ -0.809017, 0.309017, -0.5, 0.0, -0.309017, 0.5, 0.809017, 0.0, 0.5, 0.809017, -0.309017, 0.0, 0.0, 0.0, 0.0, 1.0 ], [ -0.809017, -0.309017, 0.5, 0.0, -0.309017, -0.5, -0.809017, 0.0, 0.5, -0.809017, 0.309017, 0.0, 0.0, 0.0, 0.0, 1.0 ], [ -0.5, 0.809017, -0.309017, 0.0, -0.809017, -0.309017, 0.5, 0.0, 0.309017, 0.5, 0.809017, 0.0, 0.0, 0.0, 0.0, 1.0 ], [ -0.309017, -0.5, -0.809017, 0.0, -0.5, 0.809017, -0.309017, 0.0, 0.809017, 0.309017, -0.5, 0.0, 0.0, 0.0, 0.0, 1.0 ], [ -1.0, 0.0, 0.0, 0.0, 0.0, 1.0, 0.0, 0.0, 0.0, 0.0, -1.0, 0.0, 0.0, 0.0, 0.0, 1.0 ], [ 0.0, 0.0, -1.0, 0.0, 1.0, 0.0, 0.0, 0.0, 0.0, -1.0, 0.0, 0.0, 0.0, 0.0, 0.0, 1.0 ], [ 0.0, -1.0, 0.0, 0.0, 0.0, 0.0, 1.0, 0.0, -1.0, 0.0, 0.0, 0.0, 0.0, 0.0, 0.0, 1.0 ], [ -0.809017, -0.309017, -0.5, 0.0, 0.309017, 0.5, -0.809017, 0.0, 0.5, -0.809017, -0.309017, 0.0, 0.0, 0.0, 0.0, 1.0 ], [ 0.5, -0.809017, -0.309017, 0.0, 0.809017, 0.309017, 0.5, 0.0, -0.309017, -0.5, 0.809017, 0.0, 0.0, 0.0, 0.0, 1.0 ], [ -0.309017, -0.5, 0.809017, 0.0, -0.5, 0.809017, 0.309017, 0.0, -0.809017, -0.309017, -0.5, 0.0, 0.0, 0.0, 0.0, 1.0 ], [ -0.5, -0.809017, -0.309017, 0.0, 0.809017, -0.309017, -0.5, 0.0, 0.309017, -0.5, 0.809017, 0.0, 0.0, 0.0, 0.0, 1.0 ], [ 0.309017, -0.5, 0.809017, 0.0, 0.5, 0.809017, 0.309017, 0.0, -0.809017, 0.309017, 0.5, 0.0, 0.0, 0.0, 0.0, 1.0 ], [ -0.809017, 0.309017, 0.5, 0.0, -0.309017, 0.5, -0.809017, 0.0, -0.5, -0.809017, -0.309017, 0.0, 0.0, 0.0, 0.0, 1.0 ], [ -0.5, -0.809017, 0.309017, 0.0, 0.809017, -0.309017, 0.5, 0.0, -0.309017, 0.5, 0.809017, 0.0, 0.0, 0.0, 0.0, 1.0 ], [ -0.309017, 0.5, 0.809017, 0.0, 0.5, 0.809017, -0.309017, 0.0, -0.809017, 0.309017, -0.5, 0.0, 0.0, 0.0, 0.0, 1.0 ], [ -0.809017, 0.309017, -0.5, 0.0, 0.309017, -0.5, -0.809017, 0.0, -0.5, -0.809017, 0.309017, 0.0, 0.0, 0.0, 0.0, 1.0 ], [ -0.809017, -0.309017, 0.5, 0.0, 0.309017, 0.5, 0.809017, 0.0, -0.5, 0.809017, -0.309017, 0.0, 0.0, 0.0, 0.0, 1.0 ], [ -0.5, 0.809017, -0.309017, 0.0, 0.809017, 0.309017, -0.5, 0.0, -0.309017, -0.5, -0.809017, 0.0, 0.0, 0.0, 0.0, 1.0 ], [ -0.309017, -0.5, -0.809017, 0.0, 0.5, -0.809017, 0.309017, 0.0, -0.809017, -0.309017, 0.5, 0.0, 0.0, 0.0, 0.0, 1.0 ] ],
  "lights" : {
    "backgroundColor" : "#AFC8DC",
    "ambientColor" : "#292929",
    "directionalLights" : [ {
      "direction" : {
        "x" : 1.0,
        "y" : -1.0,
        "z" : -1.0
      },
      "color" : "#EBEBE4"
    }, {
      "direction" : {
        "x" : -1.0,
        "y" : 0.0,
        "z" : 0.0
      },
      "color" : "#E4E4EB"
    }, {
      "direction" : {
        "x" : 0.0,
        "y" : 0.0,
        "z" : -1.0
      },
      "color" : "#1E1E1E"
    } ]
  },
  "camera" : {
    "width" : 72.99355,
    "stereo" : false,
    "viewDistance" : 162.208,
    "nearClipDistance" : 0.40552026,
    "farClipDistance" : 324.41556,
    "lookAtPoint" : {
      "x" : 0.0,
      "y" : 0.0,
      "z" : 0.0
    },
    "fieldOfView" : 0.44262862,
    "perspective" : false,
    "lookDirection" : {
      "x" : 0.64966553,
      "y" : -0.6066544,
      "z" : 0.45813197
    },
    "upDirection" : {
      "x" : -0.5032002,
      "y" : -0.79486704,
      "z" : -0.33894154
    },
    "position" : {
      "x" : -105.38094,
      "y" : 98.40419,
      "z" : -74.31267
    }
  },
  "embedding" : [ 1.0, 0.0, 0.0, 0.0, 0.0, 1.0, 0.0, 0.0, 0.0, 0.0, 1.0, 0.0, 0.0, 0.0, 0.0, 1.0 ],
  "shapes" : [ {
    "id" : "2c009658-4f4e-4b67-9f3d-46d32e6a1b34",
    "vertices" : [ {
      "x" : -7.690983,
      "y" : -14.326238,
      "z" : 14.826238
    }, {
      "x" : -5.600813,
      "y" : -17.708204,
      "z" : 13.534442
    }, {
      "x" : -2.982779,
      "y" : -16.708204,
      "z" : 15.152476
    }, {
      "x" : -5.072949,
      "y" : -13.326238,
      "z" : 16.444271
    } ],
    "faces" : [ {
      "vertices" : [ 0, 1, 2 ]
    }, {
      "vertices" : [ 0, 2, 3 ]
    }, {
      "vertices" : [ 0, 3, 2 ]
    }, {
      "vertices" : [ 0, 2, 1 ]
    } ]
  }, {
    "id" : "38e79f15-e892-4340-b5b6-699939afe455",
    "vertices" : [ {
      "x" : -8.072949,
      "y" : -18.326239,
      "z" : 17.916409
    }, {
      "x" : -5.454915,
      "y" : -17.326239,
      "z" : 19.534441
    }, {
      "x" : 5.635255,
      "y" : -17.326239,
      "z" : 1.5901699
    }, {
      "x" : 3.017221,
      "y" : -18.326239,
      "z" : -0.027864045
    } ],
    "faces" : [ {
      "vertices" : [ 0, 1, 2 ]
    }, {
      "vertices" : [ 0, 2, 3 ]
    }, {
      "vertices" : [ 0, 3, 2 ]
    }, {
      "vertices" : [ 0, 2, 1 ]
    } ]
  }, {
    "id" : "cad83a0b-a19e-452b-a462-b3a2ce4a9de5",
    "vertices" : [ {
      "x" : 0.2532889,
      "y" : -17.708204,
      "z" : 4.062306
    }, {
      "x" : 2.6352549,
      "y" : -13.854102,
      "z" : -2.173762
    }, {
      "x" : 5.2532887,
      "y" : -12.854102,
      "z" : -0.5557281
    }, {
      "x" : 2.8713229,
      "y" : -16.708204,
      "z" : 5.68034
    } ],
    "faces" : [ {
      "vertices" : [ 0, 1, 2 ]
    }, {
      "vertices" : [ 0, 2, 3 ]
    }, {
      "vertices" : [ 0, 3, 2 ]
    }, {
      "vertices" : [ 0, 2, 1 ]
    } ]
  }, {
    "id" : "8aab34d6-e100-49b6-a0dc-bcf4ae2aa7cb",
    "vertices" : [ {
      "x" : -7.690983,
      "y" : -1.0,
      "z" : 6.59017
    }, {
      "x" : -5.072949,
      "y" : 0.0,
      "z" : 8.208204
    }, {
      "x" : -5.072949,
      "y" : -16.708204,
      "z" : 18.534441
    }, {
      "x" : -7.690983,
      "y" : -17.708204,
      "z" : 16.916409
    } ],
    "faces" : [ {
      "vertices" : [ 0, 1, 2 ]
    }, {
      "vertices" : [ 0, 2, 3 ]
    }, {
      "vertices" : [ 0, 3, 2 ]
    }, {
      "vertices" : [ 0, 2, 1 ]
    } ]
  }, {
    "id" : "1f9e79c4-7429-4183-96b4-17c94fa8f70f",
    "vertices" : [ {
      "x" : 4.635255,
      "y" : -1.0,
      "z" : -12.118034
    }, {
      "x" : 3.6352549,
      "y" : 0.618034,
      "z" : -12.736068
    }, {
      "x" : 3.6352549,
      "y" : -19.326239,
      "z" : -0.40983006
    }, {
      "x" : 4.635255,
      "y" : -18.944271,
      "z" : -1.0278641
    } ],
    "faces" : [ {
      "vertices" : [ 0, 1, 2 ]
    }, {
      "vertices" : [ 0, 2, 3 ]
    }, {
      "vertices" : [ 0, 3, 2 ]
    }, {
      "vertices" : [ 0, 2, 1 ]
    } ]
  }, {
    "id" : "7f95a357-4fbb-42a4-b1ce-08e9c0337175",
    "vertices" : [ {
      "x" : -5.072949,
      "y" : -16.708204,
      "z" : 18.534441
    }, {
      "x" : -7.690983,
      "y" : -17.708204,
      "z" : 16.916409
    }, {
      "x" : -8.072949,
      "y" : -18.326239,
      "z" : 17.916409
    }, {
      "x" : -5.454915,
      "y" : -17.326239,
      "z" : 19.534441
    } ],
    "faces" : [ {
      "vertices" : [ 0, 1, 2 ]
    }, {
      "vertices" : [ 0, 2, 3 ]
    }, {
      "vertices" : [ 0, 3, 2 ]
    }, {
      "vertices" : [ 0, 2, 1 ]
    } ]
  }, {
    "id" : "ec0d7847-67cf-4fce-8d62-5d045f7a35e8",
    "vertices" : [ {
      "x" : -8.690983,
      "y" : 0.618034,
      "z" : 9.208204
    }, {
      "x" : -5.454915,
      "y" : 0.618034,
      "z" : 9.208204
    }, {
      "x" : -5.454915,
      "y" : -16.09017,
      "z" : 19.534441
    }, {
      "x" : -8.690983,
      "y" : -16.09017,
      "z" : 19.534441
    } ],
    "faces" : [ {
      "vertices" : [ 0, 1, 2 ]
    }, {
      "vertices" : [ 0, 2, 3 ]
    }, {
      "vertices" : [ 0, 3, 2 ]
    }, {
      "vertices" : [ 0, 2, 1 ]
    } ]
  }, {
    "id" : "01ea47f7-d618-47a8-bdd6-38a1e85159d8",
    "vertices" : [ {
      "x" : -8.072949,
      "y" : 19.562305,
      "z" : 17.916409
    }, {
      "x" : -5.454915,
      "y" : 18.562305,
      "z" : 19.534441
    }, {
      "x" : -5.454915,
      "y" : 0.618034,
      "z" : 8.444272
    }, {
      "x" : -8.072949,
      "y" : 1.618034,
      "z" : 6.826238
    } ],
    "faces" : [ {
      "vertices" : [ 0, 1, 2 ]
    }, {
      "vertices" : [ 0, 2, 3 ]
    }, {
      "vertices" : [ 0, 3, 2 ]
    }, {
      "vertices" : [ 0, 2, 1 ]
    } ]
  }, {
    "id" : "3efba5ad-1821-4b95-a77a-12d49e26828d",
    "vertices" : [ {
      "x" : 3.017221,
      "y" : -18.326239,
      "z" : -0.027864045
    }, {
      "x" : 3.6352549,
      "y" : -18.09017,
      "z" : 0.35410196
    }, {
      "x" : 4.107391,
      "y" : -18.854101,
      "z" : 0.062305897
    }, {
      "x" : 3.6352549,
      "y" : -19.326239,
      "z" : -0.40983006
    } ],
    "faces" : [ {
      "vertices" : [ 0, 1, 2 ]
    }, {
      "vertices" : [ 0, 2, 3 ]
    }, {
      "vertices" : [ 0, 3, 2 ]
    }, {
      "vertices" : [ 0, 2, 1 ]
    } ]
  }, {
    "id" : "758c8064-e579-4d33-8b73-2893d87982c4",
    "vertices" : [ {
      "x" : 9.725425,
      "y" : -20.09017,
      "z" : 2.208204
    }, {
      "x" : 8.489357,
      "y" : -19.326239,
      "z" : 2.208204
    }, {
      "x" : 4.2532887,
      "y" : -17.708204,
      "z" : 4.826238
    }, {
      "x" : 3.489357,
      "y" : -17.708204,
      "z" : 6.062306
    } ],
    "faces" : [ {
      "vertices" : [ 0, 1, 2 ]
    }, {
      "vertices" : [ 0, 2, 3 ]
    }, {
      "vertices" : [ 0, 3, 2 ]
    }, {
      "vertices" : [ 0, 2, 1 ]
    } ]
  }, {
    "id" : "8de83190-a7f3-47d5-9db7-2ec8d9999ecb",
    "vertices" : [ {
      "x" : 3.6352549,
      "y" : 19.326239,
      "z" : 0.35410196
    }, {
      "x" : 3.017221,
      "y" : 19.562305,
      "z" : -0.027864045
    }, {
      "x" : 3.6352549,
      "y" : 20.562305,
      "z" : -0.40983006
    }, {
      "x" : 4.107391,
      "y" : 20.09017,
      "z" : 0.062305897
    } ],
    "faces" : [ {
      "vertices" : [ 0, 1, 2 ]
    }, {
      "vertices" : [ 0, 2, 3 ]
    }, {
      "vertices" : [ 0, 3, 2 ]
    }, {
      "vertices" : [ 0, 2, 1 ]
    } ]
  }, {
    "id" : "048ebf39-55fd-4043-bf15-3f966c7f576b",
    "vertices" : [ {
      "x" : 4.635255,
      "y" : -1.0,
      "z" : -12.118034
    }, {
      "x" : 3.6352549,
      "y" : 0.618034,
      "z" : -12.736068
    }, {
      "x" : 23.579527,
      "y" : -11.708204,
      "z" : -12.736068
    }, {
      "x" : 22.579527,
      "y" : -12.09017,
      "z" : -12.118034
    } ],
    "faces" : [ {
      "vertices" : [ 0, 1, 2 ]
    }, {
      "vertices" : [ 0, 2, 3 ]
    }, {
      "vertices" : [ 0, 3, 2 ]
    }, {
      "vertices" : [ 0, 2, 1 ]
    } ]
  }, {
    "id" : "a71d5d42-4c70-49db-bc69-179d4327e2e4",
    "vertices" : [ {
      "x" : -8.690983,
      "y" : -19.326239,
      "z" : 19.534441
    }, {
      "x" : -7.927051,
      "y" : -18.854101,
      "z" : 19.534441
    }, {
      "x" : 4.107391,
      "y" : -18.854101,
      "z" : 0.062305897
    }, {
      "x" : 3.6352549,
      "y" : -19.326239,
      "z" : -0.40983006
    } ],
    "faces" : [ {
      "vertices" : [ 0, 1, 2 ]
    }, {
      "vertices" : [ 0, 2, 3 ]
    }, {
      "vertices" : [ 0, 3, 2 ]
    }, {
      "vertices" : [ 0, 2, 1 ]
    } ]
  }, {
    "id" : "48dfcb88-d05b-4b79-acd0-f2a6f16792a5",
    "vertices" : [ {
      "x" : 2.8713229,
      "y" : -16.708204,
      "z" : 5.68034
    }, {
      "x" : 3.1073909,
      "y" : -16.326239,
      "z" : 5.062306
    }, {
      "x" : -4.836881,
      "y" : -3.472136,
      "z" : 9.972136
    }, {
      "x" : -5.072949,
      "y" : -3.854102,
      "z" : 10.59017
    } ],
    "faces" : [ {
      "vertices" : [ 0, 1, 2 ]
    }, {
      "vertices" : [ 0, 2, 3 ]
    }, {
      "vertices" : [ 0, 3, 2 ]
    }, {
      "vertices" : [ 0, 2, 1 ]
    } ]
  }, {
    "id" : "097f30cc-8e2f-4c90-8d86-1244822d480a",
    "vertices" : [ {
      "x" : -5.072949,
      "y" : -3.854102,
      "z" : 10.59017
    }, {
      "x" : -5.072949,
      "y" : -2.618034,
      "z" : 9.826238
    }, {
      "x" : -3.454915,
      "y" : 0.0,
      "z" : 5.59017
    }, {
      "x" : -2.690983,
      "y" : 0.0,
      "z" : 4.354102
    } ],
    "faces" : [ {
      "vertices" : [ 0, 1, 2 ]
    }, {
      "vertices" : [ 0, 2, 3 ]
    }, {
      "vertices" : [ 0, 3, 2 ]
    }, {
      "vertices" : [ 0, 2, 1 ]
    } ]
  }, {
    "id" : "1ea0fa2e-82cd-48ae-8f9d-9849b19a6baf",
    "vertices" : [ {
      "x" : -5.072949,
      "y" : -8.972136,
      "z" : 13.753289
    }, {
      "x" : -7.690983,
      "y" : -9.972136,
      "z" : 12.135255
    }, {
      "x" : -2.90983,
      "y" : -17.708204,
      "z" : 9.18034
    }, {
      "x" : -0.29179606,
      "y" : -16.708204,
      "z" : 10.798374
    } ],
    "faces" : [ {
      "vertices" : [ 0, 1, 2 ]
    }, {
      "vertices" : [ 0, 2, 3 ]
    }, {
      "vertices" : [ 0, 3, 2 ]
    }, {
      "vertices" : [ 0, 2, 1 ]
    } ]
  }, {
    "id" : "bd51ce4f-4801-49be-a548-a6a44e0933a4",
    "vertices" : [ {
      "x" : 3.6352549,
      "y" : 1.381966,
      "z" : -10.736068
    }, {
      "x" : 4.107391,
      "y" : 0.618034,
      "z" : -11.972136
    }, {
      "x" : 4.107391,
      "y" : 20.09017,
      "z" : 0.062305897
    }, {
      "x" : 3.6352549,
      "y" : 19.326239,
      "z" : 0.35410196
    } ],
    "faces" : [ {
      "vertices" : [ 0, 1, 2 ]
    }, {
      "vertices" : [ 0, 2, 3 ]
    }, {
      "vertices" : [ 0, 3, 2 ]
    }, {
      "vertices" : [ 0, 2, 1 ]
    } ]
  }, {
    "id" : "0af3e604-6787-45c3-9069-2ddc780b0307",
    "vertices" : [ {
      "x" : 5.635255,
      "y" : 18.562305,
      "z" : 1.5901699
    }, {
      "x" : 6.2532887,
      "y" : 18.326239,
      "z" : 1.2082039
    }, {
      "x" : 6.2532887,
      "y" : 1.618034,
      "z" : -9.118034
    }, {
      "x" : 5.635255,
      "y" : 0.618034,
      "z" : -9.5
    } ],
    "faces" : [ {
      "vertices" : [ 0, 1, 2 ]
    }, {
      "vertices" : [ 0, 2, 3 ]
    }, {
      "vertices" : [ 0, 3, 2 ]
    }, {
      "vertices" : [ 0, 2, 1 ]
    } ]
  }, {
    "id" : "c17b9484-811e-42ad-b263-5b61b7f1c153",
    "vertices" : [ {
      "x" : 5.2532887,
      "y" : -2.0,
      "z" : -11.736068
    }, {
      "x" : 4.635255,
      "y" : -1.0,
      "z" : -12.118034
    }, {
      "x" : 4.635255,
      "y" : -18.944271,
      "z" : -1.0278641
    }, {
      "x" : 5.2532887,
      "y" : -18.708204,
      "z" : -1.4098301
    } ],
    "faces" : [ {
      "vertices" : [ 0, 1, 2 ]
    }, {
      "vertices" : [ 0, 2, 3 ]
    }, {
      "vertices" : [ 0, 3, 2 ]
    }, {
      "vertices" : [ 0, 2, 1 ]
    } ]
  }, {
    "id" : "c590a3af-3a82-4002-97ab-aedbbb3fdf6e",
    "vertices" : [ {
      "x" : 23.579527,
      "y" : 11.708204,
      "z" : -9.5
    }, {
      "x" : 23.579527,
      "y" : 10.944272,
      "z" : -9.5
    }, {
      "x" : 6.871323,
      "y" : 0.618034,
      "z" : -9.5
    }, {
      "x" : 5.635255,
      "y" : 0.618034,
      "z" : -9.5
    } ],
    "faces" : [ {
      "vertices" : [ 0, 1, 2 ]
    }, {
      "vertices" : [ 0, 2, 3 ]
    }, {
      "vertices" : [ 0, 3, 2 ]
    }, {
      "vertices" : [ 0, 2, 1 ]
    } ]
  }, {
    "id" : "4896975e-454d-43d7-aeda-5fbb68736dcc",
    "vertices" : [ {
      "x" : 4.871323,
      "y" : 1.854102,
      "z" : -11.5
    }, {
      "x" : 4.107391,
      "y" : 0.618034,
      "z" : -11.972136
    }, {
      "x" : 23.579527,
      "y" : 12.652476,
      "z" : -11.972136
    }, {
      "x" : 22.815596,
      "y" : 12.944272,
      "z" : -11.5
    } ],
    "faces" : [ {
      "vertices" : [ 0, 1, 2 ]
    }, {
      "vertices" : [ 0, 2, 3 ]
    }, {
      "vertices" : [ 0, 3, 2 ]
    }, {
      "vertices" : [ 0, 2, 1 ]
    } ]
  }, {
    "id" : "77162e8f-f19a-499d-a28b-8b7602d84f48",
    "vertices" : [ {
      "x" : 6.2532887,
      "y" : -3.0,
      "z" : -7.5
    }, {
      "x" : 8.871323,
      "y" : -2.0,
      "z" : -9.118034
    }, {
      "x" : 9.635255,
      "y" : -2.472136,
      "z" : -9.118034
    }, {
      "x" : 6.2532887,
      "y" : -3.763932,
      "z" : -7.027864
    } ],
    "faces" : [ {
      "vertices" : [ 0, 1, 2 ]
    }, {
      "vertices" : [ 0, 2, 3 ]
    }, {
      "vertices" : [ 0, 3, 2 ]
    }, {
      "vertices" : [ 0, 2, 1 ]
    } ]
  }, {
    "id" : "79411cfc-f51f-4a04-b7ee-61ead0df1e20",
    "vertices" : [ {
      "x" : 5.635255,
      "y" : 0.618034,
      "z" : -12.736068
    }, {
      "x" : 3.6352549,
      "y" : 0.618034,
      "z" : -12.736068
    }, {
      "x" : 23.579527,
      "y" : -11.708204,
      "z" : -12.736068
    }, {
      "x" : 23.579527,
      "y" : -10.472136,
      "z" : -12.736068
    } ],
    "faces" : [ {
      "vertices" : [ 0, 1, 2 ]
    }, {
      "vertices" : [ 0, 2, 3 ]
    }, {
      "vertices" : [ 0, 3, 2 ]
    }, {
      "vertices" : [ 0, 2, 1 ]
    } ]
  }, {
    "id" : "75f1a176-5abb-4897-b22b-94c732533205",
    "vertices" : [ {
      "x" : -5.454915,
      "y" : 0.618034,
      "z" : 8.444272
    }, {
      "x" : -5.072949,
      "y" : 0.0,
      "z" : 8.208204
    }, {
      "x" : -5.072949,
      "y" : -16.708204,
      "z" : 18.534441
    }, {
      "x" : -5.454915,
      "y" : -17.326239,
      "z" : 19.534441
    } ],
    "faces" : [ {
      "vertices" : [ 0, 1, 2 ]
    }, {
      "vertices" : [ 0, 2, 3 ]
    }, {
      "vertices" : [ 0, 3, 2 ]
    }, {
      "vertices" : [ 0, 2, 1 ]
    } ]
  }, {
    "id" : "a1381535-a5d0-4b41-a92e-de1ae084a85e",
    "vertices" : [ {
      "x" : 20.961493,
      "y" : -30.652475,
      "z" : 1.2082039
    }, {
      "x" : 21.961493,
      "y" : -31.034441,
      "z" : 0.59016997
    }, {
      "x" : 4.017221,
      "y" : -19.944271,
      "z" : 0.59016997
    }, {
      "x" : 4.2532887,
      "y" : -20.326239,
      "z" : 1.2082039
    } ],
    "faces" : [ {
      "vertices" : [ 0, 1, 2 ]
    }, {
      "vertices" : [ 0, 2, 3 ]
    }, {
      "vertices" : [ 0, 3, 2 ]
    }, {
      "vertices" : [ 0, 2, 1 ]
    } ]
  }, {
    "id" : "f6709145-4162-455d-8f17-c0f7eab7a5a9",
    "vertices" : [ {
      "x" : 3.017221,
      "y" : 1.618034,
      "z" : -11.118034
    }, {
      "x" : 3.6352549,
      "y" : 0.618034,
      "z" : -12.736068
    }, {
      "x" : 3.6352549,
      "y" : 20.562305,
      "z" : -0.40983006
    }, {
      "x" : 3.017221,
      "y" : 19.562305,
      "z" : -0.027864045
    } ],
    "faces" : [ {
      "vertices" : [ 0, 1, 2 ]
    }, {
      "vertices" : [ 0, 2, 3 ]
    }, {
      "vertices" : [ 0, 3, 2 ]
    }, {
      "vertices" : [ 0, 2, 1 ]
    } ]
  }, {
    "id" : "31cc298f-8042-42b4-8de5-74093d42b08b",
    "vertices" : [ {
      "x" : -7.454915,
      "y" : -18.09017,
      "z" : 18.298374
    }, {
      "x" : -7.927051,
      "y" : -18.854101,
      "z" : 19.534441
    }, {
      "x" : 4.107391,
      "y" : -18.854101,
      "z" : 0.062305897
    }, {
      "x" : 3.6352549,
      "y" : -18.09017,
      "z" : 0.35410196
    } ],
    "faces" : [ {
      "vertices" : [ 0, 1, 2 ]
    }, {
      "vertices" : [ 0, 2, 3 ]
    }, {
      "vertices" : [ 0, 3, 2 ]
    }, {
      "vertices" : [ 0, 2, 1 ]
    } ]
  }, {
    "id" : "5f75b8f9-f009-4428-8d97-c6fe0d26be74",
    "vertices" : [ {
      "x" : -7.927051,
      "y" : -17.326239,
      "z" : 19.534441
    }, {
      "x" : -7.927051,
      "y" : -18.854101,
      "z" : 19.534441
    }, {
      "x" : -7.927051,
      "y" : 0.618034,
      "z" : 7.5
    }, {
      "x" : -7.927051,
      "y" : 0.618034,
      "z" : 8.444272
    } ],
    "faces" : [ {
      "vertices" : [ 0, 1, 2 ]
    }, {
      "vertices" : [ 0, 2, 3 ]
    }, {
      "vertices" : [ 0, 3, 2 ]
    }, {
      "vertices" : [ 0, 2, 1 ]
    } ]
  }, {
    "id" : "0f3495c2-f46d-4520-8f46-d6eb68d4899f",
    "vertices" : [ {
      "x" : -5.454915,
      "y" : 0.618034,
      "z" : 8.444272
    }, {
      "x" : -5.072949,
      "y" : 0.0,
      "z" : 8.208204
    }, {
      "x" : -7.690983,
      "y" : -1.0,
      "z" : 6.59017
    }, {
      "x" : -8.072949,
      "y" : -0.38196602,
      "z" : 6.826238
    } ],
    "faces" : [ {
      "vertices" : [ 0, 1, 2 ]
    }, {
      "vertices" : [ 0, 2, 3 ]
    }, {
      "vertices" : [ 0, 3, 2 ]
    }, {
      "vertices" : [ 0, 2, 1 ]
    } ]
  }, {
    "id" : "92e93d5c-42c6-4b2e-9838-2b9350dbef7e",
    "vertices" : [ {
      "x" : -5.454915,
      "y" : 0.618034,
      "z" : 8.444272
    }, {
      "x" : -5.072949,
      "y" : 0.0,
      "z" : 8.208204
    }, {
      "x" : 5.2532887,
      "y" : 0.0,
      "z" : -8.5
    }, {
      "x" : 5.635255,
      "y" : 0.618034,
      "z" : -9.5
    } ],
    "faces" : [ {
      "vertices" : [ 0, 1, 2 ]
    }, {
      "vertices" : [ 0, 2, 3 ]
    }, {
      "vertices" : [ 0, 3, 2 ]
    }, {
      "vertices" : [ 0, 2, 1 ]
    } ]
  }, {
    "id" : "9773f37a-73e6-4b65-93d6-0c4506fec32d",
    "vertices" : [ {
      "x" : 0.47213596,
      "y" : 0.0,
      "z" : -0.76393205
    }, {
      "x" : 5.2532887,
      "y" : -7.736068,
      "z" : -3.718847
    }, {
      "x" : 5.2532887,
      "y" : -8.5,
      "z" : -3.246711
    }, {
      "x" : 0.0,
      "y" : 0.0,
      "z" : 0.0
    } ],
    "faces" : [ {
      "vertices" : [ 0, 1, 2 ]
    }, {
      "vertices" : [ 0, 2, 3 ]
    }, {
      "vertices" : [ 0, 3, 2 ]
    }, {
      "vertices" : [ 0, 2, 1 ]
    } ]
  }, {
    "id" : "2869b87b-3d21-4246-b76d-0ea3fce13897",
    "vertices" : [ {
      "x" : -8.690983,
      "y" : 18.562305,
      "z" : 19.534441
    }, {
      "x" : -8.690983,
      "y" : 20.562305,
      "z" : 19.534441
    }, {
      "x" : -8.690983,
      "y" : 0.618034,
      "z" : 7.208204
    }, {
      "x" : -8.690983,
      "y" : 0.618034,
      "z" : 8.444272
    } ],
    "faces" : [ {
      "vertices" : [ 0, 1, 2 ]
    }, {
      "vertices" : [ 0, 2, 3 ]
    }, {
      "vertices" : [ 0, 3, 2 ]
    }, {
      "vertices" : [ 0, 2, 1 ]
    } ]
  }, {
    "id" : "cfda8cfe-d09c-4e41-909d-0cc2c7c926be",
    "vertices" : [ {
      "x" : -8.690983,
      "y" : 3.236068,
      "z" : 10.826238
    }, {
      "x" : -8.690983,
      "y" : -2.0,
      "z" : 10.826238
    }, {
      "x" : -5.454915,
      "y" : -2.0,
      "z" : 10.826238
    }, {
      "x" : -5.454915,
      "y" : 3.236068,
      "z" : 10.826238
    } ],
    "faces" : [ {
      "vertices" : [ 0, 1, 2 ]
    }, {
      "vertices" : [ 0, 2, 3 ]
    }, {
      "vertices" : [ 0, 3, 2 ]
    }, {
      "vertices" : [ 0, 2, 1 ]
    } ]
  }, {
    "id" : "f545e15e-30e2-4cb2-8057-c8254888cf53",
    "vertices" : [ {
      "x" : 6.871323,
      "y" : 0.618034,
      "z" : -12.736068
    }, {
      "x" : 5.635255,
      "y" : 0.618034,
      "z" : -12.736068
    }, {
      "x" : 23.579527,
      "y" : -10.472136,
      "z" : -12.736068
    }, {
      "x" : 23.579527,
      "y" : -9.708204,
      "z" : -12.736068
    } ],
    "faces" : [ {
      "vertices" : [ 0, 1, 2 ]
    }, {
      "vertices" : [ 0, 2, 3 ]
    }, {
      "vertices" : [ 0, 3, 2 ]
    }, {
      "vertices" : [ 0, 2, 1 ]
    } ]
  }, {
    "id" : "cf0bf9b6-273f-4447-a532-d412de09171b",
    "vertices" : [ {
      "x" : -8.690983,
      "y" : 20.562305,
      "z" : 19.534441
    }, {
      "x" : -7.927051,
      "y" : 20.09017,
      "z" : 19.534441
    }, {
      "x" : -7.927051,
      "y" : 0.618034,
      "z" : 7.5
    }, {
      "x" : -8.690983,
      "y" : 0.618034,
      "z" : 7.208204
    } ],
    "faces" : [ {
      "vertices" : [ 0, 1, 2 ]
    }, {
      "vertices" : [ 0, 2, 3 ]
    }, {
      "vertices" : [ 0, 3, 2 ]
    }, {
      "vertices" : [ 0, 2, 1 ]
    } ]
  }, {
    "id" : "b4e4f69a-6fad-4e13-8656-4059c83b1012",
    "vertices" : [ {
      "x" : 9.489357,
      "y" : -1.0,
      "z" : -9.5
    }, {
      "x" : 9.489357,
      "y" : 2.236068,
      "z" : -9.5
    }, {
      "x" : 10.253289,
      "y" : 2.708204,
      "z" : -9.5
    }, {
      "x" : 10.253289,
      "y" : -1.4721359,
      "z" : -9.5
    } ],
    "faces" : [ {
      "vertices" : [ 0, 1, 2 ]
    }, {
      "vertices" : [ 0, 2, 3 ]
    }, {
      "vertices" : [ 0, 3, 2 ]
    }, {
      "vertices" : [ 0, 2, 1 ]
    } ]
  }, {
    "id" : "e70a33fe-0896-43de-ae4b-3846d892abad",
    "vertices" : [ {
      "x" : -7.454915,
      "y" : -4.472136,
      "z" : 8.354102
    }, {
      "x" : -7.690983,
      "y" : -4.854102,
      "z" : 8.972136
    }, {
      "x" : 0.2532889,
      "y" : -17.708204,
      "z" : 4.062306
    }, {
      "x" : 0.48935688,
      "y" : -17.326239,
      "z" : 3.4442718
    } ],
    "faces" : [ {
      "vertices" : [ 0, 1, 2 ]
    }, {
      "vertices" : [ 0, 2, 3 ]
    }, {
      "vertices" : [ 0, 3, 2 ]
    }, {
      "vertices" : [ 0, 2, 1 ]
    } ]
  }, {
    "id" : "b8fd5218-38f7-4d5a-82c0-5a73c4b39d06",
    "vertices" : [ {
      "x" : 2.6352549,
      "y" : -17.708204,
      "z" : 0.20820393
    }, {
      "x" : 5.2532887,
      "y" : -16.708204,
      "z" : 1.8262379
    }, {
      "x" : -5.072949,
      "y" : -16.708204,
      "z" : 18.534441
    }, {
      "x" : -7.690983,
      "y" : -17.708204,
      "z" : 16.916409
    } ],
    "faces" : [ {
      "vertices" : [ 0, 1, 2 ]
    }, {
      "vertices" : [ 0, 2, 3 ]
    }, {
      "vertices" : [ 0, 3, 2 ]
    }, {
      "vertices" : [ 0, 2, 1 ]
    } ]
  }, {
    "id" : "3421dcc8-c736-4a0a-8f50-e4bff674c95a",
    "vertices" : [ {
      "x" : -5.309017,
      "y" : 2.236068,
      "z" : 2.736068
    }, {
      "x" : -7.690983,
      "y" : 6.09017,
      "z" : 8.972136
    }, {
      "x" : -5.072949,
      "y" : 5.09017,
      "z" : 10.59017
    }, {
      "x" : -2.690983,
      "y" : 1.236068,
      "z" : 4.354102
    } ],
    "faces" : [ {
      "vertices" : [ 0, 1, 2 ]
    }, {
      "vertices" : [ 0, 2, 3 ]
    }, {
      "vertices" : [ 0, 3, 2 ]
    }, {
      "vertices" : [ 0, 2, 1 ]
    } ]
  }, {
    "id" : "d17a460e-4142-46f9-a6b7-b5003f5084f9",
    "vertices" : [ {
      "x" : -7.690983,
      "y" : 18.944271,
      "z" : 16.916409
    }, {
      "x" : -8.072949,
      "y" : 19.562305,
      "z" : 17.916409
    }, {
      "x" : -8.072949,
      "y" : 1.618034,
      "z" : 6.826238
    }, {
      "x" : -7.690983,
      "y" : 2.236068,
      "z" : 6.59017
    } ],
    "faces" : [ {
      "vertices" : [ 0, 1, 2 ]
    }, {
      "vertices" : [ 0, 2, 3 ]
    }, {
      "vertices" : [ 0, 3, 2 ]
    }, {
      "vertices" : [ 0, 2, 1 ]
    } ]
  }, {
    "id" : "8b0207d2-342c-443e-80bb-26d065d9b926",
    "vertices" : [ {
      "x" : -8.690983,
      "y" : -19.326239,
      "z" : 19.534441
    }, {
      "x" : -7.927051,
      "y" : -18.854101,
      "z" : 19.534441
    }, {
      "x" : -7.927051,
      "y" : 0.618034,
      "z" : 7.5
    }, {
      "x" : -8.690983,
      "y" : 0.618034,
      "z" : 7.208204
    } ],
    "faces" : [ {
      "vertices" : [ 0, 1, 2 ]
    }, {
      "vertices" : [ 0, 2, 3 ]
    }, {
      "vertices" : [ 0, 3, 2 ]
    }, {
      "vertices" : [ 0, 2, 1 ]
    } ]
  }, {
    "id" : "606924e3-4014-400d-8e20-83dcd0516065",
    "vertices" : [ {
      "x" : 23.579527,
      "y" : -9.708204,
      "z" : -9.5
    }, {
      "x" : 23.579527,
      "y" : -10.472136,
      "z" : -9.5
    }, {
      "x" : 23.579527,
      "y" : -10.472136,
      "z" : -12.736068
    }, {
      "x" : 23.579527,
      "y" : -9.708204,
      "z" : -12.736068
    } ],
    "faces" : [ {
      "vertices" : [ 0, 1, 2 ]
    }, {
      "vertices" : [ 0, 2, 3 ]
    }, {
      "vertices" : [ 0, 3, 2 ]
    }, {
      "vertices" : [ 0, 2, 1 ]
    } ]
  }, {
    "id" : "3c749137-7562-4bfa-83aa-78f096b59f9c",
    "vertices" : [ {
      "x" : 21.961493,
      "y" : -12.326238,
      "z" : -11.736068
    }, {
      "x" : 22.961493,
      "y" : -10.708204,
      "z" : -9.118034
    }, {
      "x" : 6.2532887,
      "y" : -0.38196602,
      "z" : -9.118034
    }, {
      "x" : 5.2532887,
      "y" : -2.0,
      "z" : -11.736068
    } ],
    "faces" : [ {
      "vertices" : [ 0, 1, 2 ]
    }, {
      "vertices" : [ 0, 2, 3 ]
    }, {
      "vertices" : [ 0, 3, 2 ]
    }, {
      "vertices" : [ 0, 2, 1 ]
    } ]
  }, {
    "id" : "be0486e0-5ec3-4adc-8c2f-1c543e8d6c96",
    "vertices" : [ {
      "x" : -7.690983,
      "y" : -17.708204,
      "z" : 16.916409
    }, {
      "x" : -8.072949,
      "y" : -18.326239,
      "z" : 17.916409
    }, {
      "x" : 3.017221,
      "y" : -18.326239,
      "z" : -0.027864045
    }, {
      "x" : 2.6352549,
      "y" : -17.708204,
      "z" : 0.20820393
    } ],
    "faces" : [ {
      "vertices" : [ 0, 1, 2 ]
    }, {
      "vertices" : [ 0, 2, 3 ]
    }, {
      "vertices" : [ 0, 3, 2 ]
    }, {
      "vertices" : [ 0, 2, 1 ]
    } ]
  }, {
    "id" : "ac2a3291-214d-422a-a0e3-404349d42cec",
    "vertices" : [ {
      "x" : -7.690983,
      "y" : -3.618034,
      "z" : 8.208204
    }, {
      "x" : -6.072949,
      "y" : -1.0,
      "z" : 3.972136
    }, {
      "x" : -3.454915,
      "y" : 0.0,
      "z" : 5.59017
    }, {
      "x" : -5.072949,
      "y" : -2.618034,
      "z" : 9.826238
    } ],
    "faces" : [ {
      "vertices" : [ 0, 1, 2 ]
    }, {
      "vertices" : [ 0, 2, 3 ]
    }, {
      "vertices" : [ 0, 3, 2 ]
    }, {
      "vertices" : [ 0, 2, 1 ]
    } ]
  }, {
    "id" : "7612fb44-e9a4-4da4-b527-01ef38615d55",
    "vertices" : [ {
      "x" : -8.690983,
      "y" : -17.326239,
      "z" : 19.534441
    }, {
      "x" : -8.690983,
      "y" : -19.326239,
      "z" : 19.534441
    }, {
      "x" : -8.690983,
      "y" : 0.618034,
      "z" : 7.208204
    }, {
      "x" : -8.690983,
      "y" : 0.618034,
      "z" : 8.444272
    } ],
    "faces" : [ {
      "vertices" : [ 0, 1, 2 ]
    }, {
      "vertices" : [ 0, 2, 3 ]
    }, {
      "vertices" : [ 0, 3, 2 ]
    }, {
      "vertices" : [ 0, 2, 1 ]
    } ]
  }, {
    "id" : "ea57911e-95d2-46b5-b609-b7a7a6fd1ce1",
    "vertices" : [ {
      "x" : 2.8713229,
      "y" : -16.708204,
      "z" : 5.68034
    }, {
      "x" : 3.6352549,
      "y" : -16.708204,
      "z" : 4.444272
    }, {
      "x" : 5.2532887,
      "y" : -14.09017,
      "z" : 0.20820393
    }, {
      "x" : 5.2532887,
      "y" : -12.854102,
      "z" : -0.5557281
    } ],
    "faces" : [ {
      "vertices" : [ 0, 1, 2 ]
    }, {
      "vertices" : [ 0, 2, 3 ]
    }, {
      "vertices" : [ 0, 3, 2 ]
    }, {
      "vertices" : [ 0, 2, 1 ]
    } ]
  }, {
    "id" : "7dff16b4-428a-41e3-8ed7-21dddda9780d",
    "vertices" : [ {
      "x" : 22.579527,
      "y" : -30.034441,
      "z" : -1.0278641
    }, {
      "x" : 23.579527,
      "y" : -31.652475,
      "z" : -0.40983006
    }, {
      "x" : 3.6352549,
      "y" : -19.326239,
      "z" : -0.40983006
    }, {
      "x" : 4.635255,
      "y" : -18.944271,
      "z" : -1.0278641
    } ],
    "faces" : [ {
      "vertices" : [ 0, 1, 2 ]
    }, {
      "vertices" : [ 0, 2, 3 ]
    }, {
      "vertices" : [ 0, 3, 2 ]
    }, {
      "vertices" : [ 0, 2, 1 ]
    } ]
  }, {
    "id" : "2956a7bb-96eb-4995-9dbb-cb49b06a99c3",
    "vertices" : [ {
      "x" : 23.579527,
      "y" : -31.652475,
      "z" : -0.40983006
    }, {
      "x" : 23.579527,
      "y" : -30.888544,
      "z" : 0.062305897
    }, {
      "x" : 4.107391,
      "y" : -18.854101,
      "z" : 0.062305897
    }, {
      "x" : 3.6352549,
      "y" : -19.326239,
      "z" : -0.40983006
    } ],
    "faces" : [ {
      "vertices" : [ 0, 1, 2 ]
    }, {
      "vertices" : [ 0, 2, 3 ]
    }, {
      "vertices" : [ 0, 3, 2 ]
    }, {
      "vertices" : [ 0, 2, 1 ]
    } ]
  }, {
    "id" : "88b7f101-2fda-4410-a457-e94fe1dcab6a",
    "vertices" : [ {
      "x" : -7.690983,
      "y" : -9.208204,
      "z" : 11.663119
    }, {
      "x" : -7.690983,
      "y" : -9.972136,
      "z" : 12.135255
    }, {
      "x" : -2.90983,
      "y" : -17.708204,
      "z" : 9.18034
    }, {
      "x" : -2.437694,
      "y" : -17.708204,
      "z" : 8.416408
    } ],
    "faces" : [ {
      "vertices" : [ 0, 1, 2 ]
    }, {
      "vertices" : [ 0, 2, 3 ]
    }, {
      "vertices" : [ 0, 3, 2 ]
    }, {
      "vertices" : [ 0, 2, 1 ]
    } ]
  }, {
    "id" : "58a2b6ef-932a-4f35-9f0f-8eb96302ff70",
    "vertices" : [ {
      "x" : 21.961493,
      "y" : -31.034441,
      "z" : 0.59016997
    }, {
      "x" : 23.579527,
      "y" : -28.416409,
      "z" : 1.5901699
    }, {
      "x" : 5.635255,
      "y" : -17.326239,
      "z" : 1.5901699
    }, {
      "x" : 4.017221,
      "y" : -19.944271,
      "z" : 0.59016997
    } ],
    "faces" : [ {
      "vertices" : [ 0, 1, 2 ]
    }, {
      "vertices" : [ 0, 2, 3 ]
    }, {
      "vertices" : [ 0, 3, 2 ]
    }, {
      "vertices" : [ 0, 2, 1 ]
    } ]
  }, {
    "id" : "90a71501-4151-4d70-bf51-e980b416f491",
    "vertices" : [ {
      "x" : -7.690983,
      "y" : -4.854102,
      "z" : 8.972136
    }, {
      "x" : -5.309017,
      "y" : -1.0,
      "z" : 2.736068
    }, {
      "x" : -2.690983,
      "y" : 0.0,
      "z" : 4.354102
    }, {
      "x" : -5.072949,
      "y" : -3.854102,
      "z" : 10.59017
    } ],
    "faces" : [ {
      "vertices" : [ 0, 1, 2 ]
    }, {
      "vertices" : [ 0, 2, 3 ]
    }, {
      "vertices" : [ 0, 3, 2 ]
    }, {
      "vertices" : [ 0, 2, 1 ]
    } ]
  }, {
    "id" : "8670f00e-6719-44a9-ad50-6a86bd6e8a12",
    "vertices" : [ {
      "x" : 2.6352549,
      "y" : -1.0,
      "z" : -10.118034
    }, {
      "x" : 3.017221,
      "y" : -0.38196602,
      "z" : -11.118034
    }, {
      "x" : -8.072949,
      "y" : -0.38196602,
      "z" : 6.826238
    }, {
      "x" : -7.690983,
      "y" : -1.0,
      "z" : 6.59017
    } ],
    "faces" : [ {
      "vertices" : [ 0, 1, 2 ]
    }, {
      "vertices" : [ 0, 2, 3 ]
    }, {
      "vertices" : [ 0, 3, 2 ]
    }, {
      "vertices" : [ 0, 2, 1 ]
    } ]
  }, {
    "id" : "17425e53-7461-4358-ba1c-5c0714c477b7",
    "vertices" : [ {
      "x" : -8.690983,
      "y" : -17.326239,
      "z" : 19.534441
    }, {
      "x" : -8.690983,
      "y" : -16.09017,
      "z" : 19.534441
    }, {
      "x" : -5.454915,
      "y" : -16.09017,
      "z" : 19.534441
    }, {
      "x" : -5.454915,
      "y" : -17.326239,
      "z" : 19.534441
    } ],
    "faces" : [ {
      "vertices" : [ 0, 1, 2 ]
    }, {
      "vertices" : [ 0, 2, 3 ]
    }, {
      "vertices" : [ 0, 3, 2 ]
    }, {
      "vertices" : [ 0, 2, 1 ]
    } ]
  }, {
    "id" : "d022e215-f45e-4637-859d-e1bcec224246",
    "vertices" : [ {
      "x" : 23.579527,
      "y" : -10.472136,
      "z" : -9.5
    }, {
      "x" : 22.961493,
      "y" : -10.708204,
      "z" : -9.118034
    }, {
      "x" : 21.961493,
      "y" : -12.326238,
      "z" : -11.736068
    }, {
      "x" : 22.579527,
      "y" : -12.09017,
      "z" : -12.118034
    } ],
    "faces" : [ {
      "vertices" : [ 0, 1, 2 ]
    }, {
      "vertices" : [ 0, 2, 3 ]
    }, {
      "vertices" : [ 0, 3, 2 ]
    }, {
      "vertices" : [ 0, 2, 1 ]
    } ]
  }, {
    "id" : "c2b9e31e-1bd1-47b1-abfa-d07d345fc3e5",
    "vertices" : [ {
      "x" : 3.017221,
      "y" : 1.618034,
      "z" : -11.118034
    }, {
      "x" : 5.635255,
      "y" : 0.618034,
      "z" : -9.5
    }, {
      "x" : 5.635255,
      "y" : 18.562305,
      "z" : 1.5901699
    }, {
      "x" : 3.017221,
      "y" : 19.562305,
      "z" : -0.027864045
    } ],
    "faces" : [ {
      "vertices" : [ 0, 1, 2 ]
    }, {
      "vertices" : [ 0, 2, 3 ]
    }, {
      "vertices" : [ 0, 3, 2 ]
    }, {
      "vertices" : [ 0, 2, 1 ]
    } ]
  }, {
    "id" : "5f737945-77b1-41e2-a38f-342de332e3b4",
    "vertices" : [ {
      "x" : 4.635255,
      "y" : 2.236068,
      "z" : -12.118034
    }, {
      "x" : 3.6352549,
      "y" : 0.618034,
      "z" : -12.736068
    }, {
      "x" : 3.6352549,
      "y" : 20.562305,
      "z" : -0.40983006
    }, {
      "x" : 4.635255,
      "y" : 20.18034,
      "z" : -1.0278641
    } ],
    "faces" : [ {
      "vertices" : [ 0, 1, 2 ]
    }, {
      "vertices" : [ 0, 2, 3 ]
    }, {
      "vertices" : [ 0, 3, 2 ]
    }, {
      "vertices" : [ 0, 2, 1 ]
    } ]
  }, {
    "id" : "824f3bf2-8272-4c18-af0d-89ca2681d082",
    "vertices" : [ {
