{
  "field" : "golden",
  "symmetry" : "icosahedral",
  "orientations" : [ [ 1.0, 0.0, 0.0, 0.0, 0.0, 1.0, 0.0, 0.0, 0.0, 0.0, 1.0, 0.0, 0.0, 0.0, 0.0, 1.0 ], [ 0.0, 0.0, 1.0, 0.0, 1.0, 0.0, 0.0, 0.0, 0.0, 1.0, 0.0, 0.0, 0.0, 0.0, 0.0, 1.0 ], [ 0.0, 1.0, 0.0, 0.0, 0.0, 0.0, 1.0, 0.0, 1.0, 0.0, 0.0, 0.0, 0.0, 0.0, 0.0, 1.0 ], [ 0.809017, 0.309017, 0.5, 0.0, 0.309017, 0.5, -0.809017, 0.0, -0.5, 0.809017, 0.309017, 0.0, 0.0, 0.0, 0.0, 1.0 ], [ -0.5, 0.809017, 0.309017, 0.0, 0.809017, 0.309017, 0.5, 0.0, 0.309017, 0.5, -0.809017, 0.0, 0.0, 0.0, 0.0, 1.0 ], [ 0.309017, 0.5, -0.809017, 0.0, -0.5, 0.809017, 0.309017, 0.0, 0.809017, 0.309017, 0.5, 0.0, 0.0, 0.0, 0.0, 1.0 ], [ 0.5, 0.809017, 0.309017, 0.0, 0.809017, -0.309017, -0.5, 0.0, -0.309017, 0.5, -0.809017, 0.0, 0.0, 0.0, 0.0, 1.0 ], [ -0.309017, 0.5, -0.809017, 0.0, 0.5, 0.809017, 0.309017, 0.0, 0.809017, -0.309017, -0.5, 0.0, 0.0, 0.0, 0.0, 1.0 ], [ 0.809017, -0.309017, -0.5, 0.0, -0.309017, 0.5, -0.809017, 0.0, 0.5, 0.809017, 0.309017, 0.0, 0.0, 0.0, 0.0, 1.0 ], [ 0.5, 0.809017, -0.309017, 0.0, 0.809017, -0.309017, 0.5, 0.0, 0.309017, -0.5, -0.809017, 0.0, 0.0, 0.0, 0.0, 1.0 ], [ 0.309017, -0.5, -0.809017, 0.0, 0.5, 0.809017, -0.309017, 0.0, 0.809017, -0.309017, 0.5, 0.0, 0.0, 0.0, 0.0, 1.0 ], [ 0.809017, -0.309017, 0.5, 0.0, 0.309017, -0.5, -0.809017, 0.0, 0.5, 0.809017, -0.309017, 0.0, 0.0, 0.0, 0.0, 1.0 ], [ 0.809017, 0.309017, -0.5, 0.0, 0.309017, 0.5, 0.809017, 0.0, 0.5, -0.809017, 0.309017, 0.0, 0.0, 0.0, 0.0, 1.0 ], [ 0.5, -0.809017, 0.309017, 0.0, 0.809017, 0.309017, -0.5, 0.0, 0.309017, 0.5, 0.809017, 0.0, 0.0, 0.0, 0.0, 1.0 ], [ 0.309017, 0.5, 0.809017, 0.0, 0.5, -0.809017, 0.309017, 0.0, 0.809017, 0.309017, -0.5, 0.0, 0.0, 0.0, 0.0, 1.0 ], [ 1.0, 0.0, 0.0, 0.0, 0.0, -1.0, 0.0, 0.0, 0.0, 0.0, -1.0, 0.0, 0.0, 0.0, 0.0, 1.0 ], [ 0.0, 0.0, 1.0, 0.0, -1.0, 0.0, 0.0, 0.0, 0.0, -1.0, 0.0, 0.0, 0.0, 0.0, 0.0, 1.0 ], [ 0.0, 1.0, 0.0, 0.0, 0.0, 0.0, -1.0, 0.0, -1.0, 0.0, 0.0, 0.0, 0.0, 0.0, 0.0, 1.0 ], [ 0.809017, 0.309017, 0.5, 0.0, -0.309017, -0.5, 0.809017, 0.0, 0.5, -0.809017, -0.309017, 0.0, 0.0, 0.0, 0.0, 1.0 ], [ -0.5, 0.809017, 0.309017, 0.0, -0.809017, -0.309017, -0.5, 0.0, -0.309017, -0.5, 0.809017, 0.0, 0.0, 0.0, 0.0, 1.0 ], [ 0.309017, 0.5, -0.809017, 0.0, 0.5, -0.809017, -0.309017, 0.0, -0.809017, -0.309017, -0.5, 0.0, 0.0, 0.0, 0.0, 1.0 ], [ 0.5, 0.809017, 0.309017, 0.0, -0.809017, 0.309017, 0.5, 0.0, 0.309017, -0.5, 0.809017, 0.0, 0.0, 0.0, 0.0, 1.0 ], [ -0.309017, 0.5, -0.809017, 0.0, -0.5, -0.809017, -0.309017, 0.0, -0.809017, 0.309017, 0.5, 0.0, 0.0, 0.0, 0.0, 1.0 ], [ 0.809017, -0.309017, -0.5, 0.0, 0.309017, -0.5, 0.809017, 0.0, -0.5, -0.809017, -0.309017, 0.0, 0.0, 0.0, 0.0, 1.0 ], [ 0.5, 0.809017, -0.309017, 0.0, -0.809017, 0.309017, -0.5, 0.0, -0.309017, 0.5, 0.809017, 0.0, 0.0, 0.0, 0.0, 1.0 ], [ 0.309017, -0.5, -0.809017, 0.0, -0.5, -0.809017, 0.309017, 0.0, -0.809017, 0.309017, -0.5, 0.0, 0.0, 0.0, 0.0, 1.0 ], [ 0.809017, -0.309017, 0.5, 0.0, -0.309017, 0.5, 0.809017, 0.0, -0.5, -0.809017, 0.309017, 0.0, 0.0, 0.0, 0.0, 1.0 ], [ 0.809017, 0.309017, -0.5, 0.0, -0.309017, -0.5, -0.809017, 0.0, -0.5, 0.809017, -0.309017, 0.0, 0.0, 0.0, 0.0, 1.0 ], [ 0.5, -0.809017, 0.309017, 0.0, -0.809017, -0.309017, 0.5, 0.0, -0.309017, -0.5, -0.809017, 0.0, 0.0, 0.0, 0.0, 1.0 ], [ 0.309017, 0.5, 0.809017, 0.0, -0.5, 0.809017, -0.309017, 0.0, -0.809017, -0.309017, 0.5, 0.0, 0.0, 0.0, 0.0, 1.0 ], [ -1.0, 0.0, 0.0, 0.0, 0.0, -1.0, 0.0, 0.0, 0.0, 0.0, 1.0, 0.0, 0.0, 0.0, 0.0, 1.0 ], [ 0.0, 0.0, -1.0, 0.0, -1.0, 0.0, 0.0, 0.0, 0.0, 1.0, 0.0, 0.0, 0.0, 0.0, 0.0, 1.0 ], [ 0.0, -1.0, 0.0, 0.0, 0.0, 0.0, -1.0, 0.0, 1.0, 0.0, 0.0, 0.0, 0.0, 0.0, 0.0, 1.0 ], [ -0.809017, -0.309017, -0.5, 0.0, -0.309017, -0.5, 0.809017, 0.0, -0.5, 0.809017, 0.309017, 0.0, 0.0, 0.0, 0.0, 1.0 ], [ 0.5, -0.809017, -0.309017, 0.0, -0.809017, -0.309017, -0.5, 0.0, 0.309017, 0.5, -0.809017, 0.0, 0.0, 0.0, 0.0, 1.0 ], [ -0.309017, -0.5, 0.809017, 0.0, 0.5, -0.809017, -0.309017, 0.0, 0.809017, 0.309017, 0.5, 0.0, 0.0, 0.0, 0.0, 1.0 ], [ -0.5, -0.809017, -0.309017, 0.0, -0.809017, 0.309017, 0.5, 0.0, -0.309017, 0.5, -0.809017, 0.0, 0.0, 0.0, 0.0, 1.0 ], [ 0.309017, -0.5, 0.809017, 0.0, -0.5, -0.809017, -0.309017, 0.0, 0.809017, -0.309017, -0.5, 0.0, 0.0, 0.0, 0.0, 1.0 ], [ -0.809017, 0.309017, 0.5, 0.0, 0.309017, -0.5, 0.809017, 0.0, 0.5, 0.809017, 0.309017, 0.0, 0.0, 0.0, 0.0, 1.0 ], [ -0.5, -0.809017, 0.309017, 0.0, -0.809017, 0.309017, -0.5, 0.0, 0.309017, -0.5, -0.809017, 0.0, 0.0, 0.0, 0.0, 1.0 ], [ -0.309017, 0.5, 0.809017, 0.0, -0.5, -0.809017, 0.309017, 0.0, 0.809017, -0.309017, 0.5, 0.0, 0.0, 0.0, 0.0, 1.0 ], [ -0.809017, 0.309017, -0.5, 0.0, -0.309017, 0.5, 0.809017, 0.0, 0.5, 0.809017, -0.309017, 0.0, 0.0, 0.0, 0.0, 1.0 ], [ -0.809017, -0.309017, 0.5, 0.0, -0.309017, -0.5, -0.809017, 0.0, 0.5, -0.809017, 0.309017, 0.0, 0.0, 0.0, 0.0, 1.0 ], [ -0.5, 0.809017, -0.309017, 0.0, -0.809017, -0.309017, 0.5, 0.0, 0.309017, 0.5, 0.809017, 0.0, 0.0, 0.0, 0.0, 1.0 ], [ -0.309017, -0.5, -0.809017, 0.0, -0.5, 0.809017, -0.309017, 0.0, 0.809017, 0.309017, -0.5, 0.0, 0.0, 0.0, 0.0, 1.0 ], [ -1.0, 0.0, 0.0, 0.0, 0.0, 1.0, 0.0, 0.0, 0.0, 0.0, -1.0, 0.0, 0.0, 0.0, 0.0, 1.0 ], [ 0.0, 0.0, -1.0, 0.0, 1.0, 0.0, 0.0, 0.0, 0.0, -1.0, 0.0, 0.0, 0.0, 0.0, 0.0, 1.0 ], [ 0.0, -1.0, 0.0, 0.0, 0.0, 0.0, 1.0, 0.0, -1.0, 0.0, 0.0, 0.0, 0.0, 0.0, 0.0, 1.0 ], [ -0.809017, -0.309017, -0.5, 0.0, 0.309017, 0.5, -0.809017, 0.0, 0.5, -0.809017, -0.309017, 0.0, 0.0, 0.0, 0.0, 1.0 ], [ 0.5, -0.809017, -0.309017, 0.0, 0.809017, 0.309017, 0.5, 0.0, -0.309017, -0.5, 0.809017, 0.0, 0.0, 0.0, 0.0, 1.0 ], [ -0.309017, -0.5, 0.809017, 0.0, -0.5, 0.809017, 0.309017, 0.0, -0.809017, -0.309017, -0.5, 0.0, 0.0, 0.0, 0.0, 1.0 ], [ -0.5, -0.809017, -0.309017, 0.0, 0.809017, -0.309017, -0.5, 0.0, 0.309017, -0.5, 0.809017, 0.0, 0.0, 0.0, 0.0, 1.0 ], [ 0.309017, -0.5, 0.809017, 0.0, 0.5, 0.809017, 0.309017, 0.0, -0.809017, 0.309017, 0.5, 0.0, 0.0, 0.0, 0.0, 1.0 ], [ -0.809017, 0.309017, 0.5, 0.0, -0.309017, 0.5, -0.809017, 0.0, -0.5, -0.809017, -0.309017, 0.0, 0.0, 0.0, 0.0, 1.0 ], [ -0.5, -0.809017, 0.309017, 0.0, 0.809017, -0.309017, 0.5, 0.0, -0.309017, 0.5, 0.809017, 0.0, 0.0, 0.0, 0.0, 1.0 ], [ -0.309017, 0.5, 0.809017, 0.0, 0.5, 0.809017, -0.309017, 0.0, -0.809017, 0.309017, -0.5, 0.0, 0.0, 0.0, 0.0, 1.0 ], [ -0.809017, 0.309017, -0.5, 0.0, 0.309017, -0.5, -0.809017, 0.0, -0.5, -0.809017, 0.309017, 0.0, 0.0, 0.0, 0.0, 1.0 ], [ -0.809017, -0.309017, 0.5, 0.0, 0.309017, 0.5, 0.809017, 0.0, -0.5, 0.809017, -0.309017, 0.0, 0.0, 0.0, 0.0, 1.0 ], [ -0.5, 0.809017, -0.309017, 0.0, 0.809017, 0.309017, -0.5, 0.0, -0.309017, -0.5, -0.809017, 0.0, 0.0, 0.0, 0.0, 1.0 ], [ -0.309017, -0.5, -0.809017, 0.0, 0.5, -0.809017, 0.309017, 0.0, -0.809017, -0.309017, 0.5, 0.0, 0.0, 0.0, 0.0, 1.0 ] ],
  "lights" : {
    "backgroundColor" : "#E0EFFF",
    "ambientColor" : "#292929",
    "directionalLights" : [ {
      "direction" : {
        "x" : 1.0,
        "y" : -1.0,
        "z" : -1.0
      },
      "color" : "#EBEBE4"
    }, {
      "direction" : {
        "x" : -1.0,
        "y" : 0.0,
        "z" : 0.0
      },
      "color" : "#E4E4EB"
    }, {
      "direction" : {
        "x" : 0.0,
        "y" : 0.0,
        "z" : -1.0
      },
      "color" : "#1E1E1E"
    } ]
  },
  "camera" : {
    "lookDirection" : {
      "x" : 0.0,
      "y" : 0.0,
      "z" : -1.0
    },
    "upDirection" : {
      "x" : 0.0,
      "y" : 1.0,
      "z" : 0.0
    },
    "lookAtPoint" : {
      "x" : 0.0,
      "y" : 0.0,
      "z" : 0.0
    },
    "viewDistance" : 295.56226,
    "nearClipDistance" : 0.7389083,
    "farClipDistance" : 591.1258,
    "fieldOfView" : 0.4426295,
    "perspective" : true,
    "stereo" : false,
    "width" : 133.0032,
    "position" : {
      "x" : 0.0,
      "y" : 0.0,
      "z" : 295.56226
    }
  },
  "embedding" : [ 1.0, 0.0, 0.0, 0.0, 0.0, 1.0, 0.0, 0.0, 0.0, 0.0, 1.0, 0.0, 0.0, 0.0, 0.0, 1.0 ],
  "shapes" : [ {
    "id" : "b8985b35-24db-4cb4-a1cb-2c51fbca41bf",
    "vertices" : [ {
      "x" : -19.74539,
      "y" : 16.230747,
      "z" : -14.888271
    }, {
      "x" : -22.747255,
      "y" : 22.747255,
      "z" : -22.747255
    }, {
      "x" : -14.058577,
      "y" : -36.805832,
      "z" : 0.0
    }, {
      "x" : -13.545797,
      "y" : -26.2619,
      "z" : 1.3424746
    } ],
    "faces" : [ {
      "vertices" : [ 0, 1, 2 ]
    }, {
      "vertices" : [ 0, 2, 3 ]
    }, {
      "vertices" : [ 0, 3, 2 ]
    }, {
      "vertices" : [ 0, 2, 1 ]
    } ]
  }, {
    "id" : "576a2813-aea7-4a7e-a5e2-5c3ce43e48fa",
    "vertices" : [ {
      "x" : 14.888271,
      "y" : -19.74539,
      "z" : -16.230747
    }, {
      "x" : 22.747255,
      "y" : -22.747255,
      "z" : -22.747255
    }, {
      "x" : 0.0,
      "y" : -14.058577,
      "z" : 36.805832
    }, {
      "x" : -1.3424746,
      "y" : -13.545797,
      "z" : 26.2619
    } ],
    "faces" : [ {
      "vertices" : [ 0, 1, 2 ]
    }, {
      "vertices" : [ 0, 2, 3 ]
    }, {
      "vertices" : [ 0, 3, 2 ]
    }, {
      "vertices" : [ 0, 2, 1 ]
    } ]
  }, {
    "id" : "4a05f951-87a0-427a-a2d5-0573e585cf2a",
    "vertices" : [ {
      "x" : -3.5146441,
      "y" : 10.031153,
      "z" : -27.604374
    }, {
      "x" : 0.0,
      "y" : 14.058577,
      "z" : -36.805832
    }, {
      "x" : -22.747255,
      "y" : 22.747255,
      "z" : 22.747255
    }, {
      "x" : -19.74539,
      "y" : 16.230747,
      "z" : 14.888271
    } ],
    "faces" : [ {
      "vertices" : [ 0, 1, 2 ]
    }, {
      "vertices" : [ 0, 2, 3 ]
    }, {
      "vertices" : [ 0, 3, 2 ]
    }, {
      "vertices" : [ 0, 2, 1 ]
    } ]
  }, {
    "id" : "e358d240-668e-4501-a17c-b51219a00b9d",
    "vertices" : [ {
      "x" : 3.5146441,
      "y" : -10.031153,
      "z" : -27.604374
    }, {
      "x" : 0.0,
      "y" : -14.058577,
      "z" : -36.805832
    }, {
      "x" : 22.747255,
      "y" : -22.747255,
      "z" : 22.747255
    }, {
      "x" : 19.74539,
      "y" : -16.230747,
      "z" : 14.888271
    } ],
    "faces" : [ {
      "vertices" : [ 0, 1, 2 ]
    }, {
      "vertices" : [ 0, 2, 3 ]
    }, {
      "vertices" : [ 0, 3, 2 ]
    }, {
      "vertices" : [ 0, 2, 1 ]
    } ]
  }, {
    "id" : "223f04ff-b3f6-40f2-9658-dfd3867308da",
    "vertices" : [ {
      "x" : 27.604374,
      "y" : 3.5146441,
      "z" : -10.031153
    }, {
      "x" : 36.805832,
      "y" : 0.0,
      "z" : -14.058577
    }, {
      "x" : -22.747255,
      "y" : 22.747255,
      "z" : -22.747255
    }, {
      "x" : -14.888271,
      "y" : 19.74539,
      "z" : -16.230747
    } ],
    "faces" : [ {
      "vertices" : [ 0, 1, 2 ]
    }, {
      "vertices" : [ 0, 2, 3 ]
    }, {
      "vertices" : [ 0, 3, 2 ]
    }, {
      "vertices" : [ 0, 2, 1 ]
    } ]
  }, {
    "id" : "bd428138-52ad-4865-a6b1-b909a5c5621b",
    "vertices" : [ {
      "x" : -27.604374,
      "y" : -3.5146441,
      "z" : -10.031153
    }, {
      "x" : -36.805832,
      "y" : 0.0,
      "z" : -14.058577
    }, {
      "x" : 22.747255,
      "y" : -22.747255,
      "z" : -22.747255
    }, {
      "x" : 14.888271,
      "y" : -19.74539,
      "z" : -16.230747
    } ],
    "faces" : [ {
      "vertices" : [ 0, 1, 2 ]
    }, {
      "vertices" : [ 0, 2, 3 ]
    }, {
      "vertices" : [ 0, 3, 2 ]
    }, {
      "vertices" : [ 0, 2, 1 ]
    } ]
  }, {
    "id" : "283cf634-f4de-441a-9ee3-d8651ca6e5fc",
    "vertices" : [ {
      "x" : -18.402916,
      "y" : 18.402916,
      "z" : -14.058577
    }, {
      "x" : -22.747255,
      "y" : 22.747255,
      "z" : -22.747255
    }, {
      "x" : 22.747255,
      "y" : 22.747255,
      "z" : 22.747255
    }, {
      "x" : 14.058577,
      "y" : 18.402916,
      "z" : 18.402916
    } ],
    "faces" : [ {
      "vertices" : [ 0, 1, 2 ]
    }, {
      "vertices" : [ 0, 2, 3 ]
    }, {
      "vertices" : [ 0, 3, 2 ]
    }, {
      "vertices" : [ 0, 2, 1 ]
    } ]
  }, {
    "id" : "7aa2f2d8-3b08-4acf-b1e0-347568637108",
    "vertices" : [ {
      "x" : -27.604374,
      "y" : -3.5146441,
      "z" : 10.031153
    }, {
      "x" : -36.805832,
      "y" : 0.0,
      "z" : 14.058577
    }, {
      "x" : 22.747255,
      "y" : -22.747255,
      "z" : 22.747255
    }, {
      "x" : 14.888271,
      "y" : -19.74539,
      "z" : 16.230747
    } ],
    "faces" : [ {
      "vertices" : [ 0, 1, 2 ]
    }, {
      "vertices" : [ 0, 2, 3 ]
    }, {
      "vertices" : [ 0, 3, 2 ]
    }, {
      "vertices" : [ 0, 2, 1 ]
    } ]
  }, {
    "id" : "d0489215-117d-4e6b-b549-4f92500a8a43",
    "vertices" : [ {
      "x" : 26.2619,
      "y" : -1.3424746,
      "z" : -13.545797
    }, {
      "x" : 36.805832,
      "y" : 0.0,
      "z" : -14.058577
    }, {
      "x" : -14.058577,
      "y" : -36.805832,
      "z" : 0.0
    }, {
      "x" : -10.031153,
      "y" : -27.604374,
      "z" : -3.5146441
    } ],
    "faces" : [ {
      "vertices" : [ 0, 1, 2 ]
    }, {
      "vertices" : [ 0, 2, 3 ]
    }, {
      "vertices" : [ 0, 3, 2 ]
    }, {
      "vertices" : [ 0, 2, 1 ]
    } ]
  }, {
    "id" : "cde043e3-7fad-45d4-ab73-1cbf60ec2b9d",
    "vertices" : [ {
      "x" : -16.230747,
      "y" : 14.888271,
      "z" : -19.74539
    }, {
      "x" : -22.747255,
      "y" : 22.747255,
      "z" : -22.747255
    }, {
      "x" : 36.805832,
      "y" : 0.0,
      "z" : -14.058577
    }, {
      "x" : 26.2619,
      "y" : -1.3424746,
      "z" : -13.545797
    } ],
    "faces" : [ {
      "vertices" : [ 0, 1, 2 ]
    }, {
      "vertices" : [ 0, 2, 3 ]
    }, {
      "vertices" : [ 0, 3, 2 ]
    }, {
      "vertices" : [ 0, 2, 1 ]
    } ]
  }, {
    "id" : "766db309-c88f-4b97-aea0-6a6805a7a000",
    "vertices" : [ {
      "x" : -3.5146441,
      "y" : -10.031153,
      "z" : -27.604374
    }, {
      "x" : 0.0,
      "y" : -14.058577,
      "z" : -36.805832
    }, {
      "x" : -22.747255,
      "y" : -22.747255,
      "z" : 22.747255
    }, {
      "x" : -19.74539,
      "y" : -16.230747,
      "z" : 14.888271
    } ],
    "faces" : [ {
      "vertices" : [ 0, 1, 2 ]
    }, {
      "vertices" : [ 0, 2, 3 ]
    }, {
      "vertices" : [ 0, 3, 2 ]
    }, {
      "vertices" : [ 0, 2, 1 ]
    } ]
  }, {
    "id" : "9dcbfba3-2ce1-4c86-bf77-9628eeef8d22",
    "vertices" : [ {
      "x" : 19.74539,
      "y" : -16.230747,
      "z" : -14.888271
    }, {
      "x" : 22.747255,
      "y" : -22.747255,
      "z" : -22.747255
    }, {
      "x" : 14.058577,
      "y" : 36.805832,
      "z" : 0.0
    }, {
      "x" : 13.545797,
      "y" : 26.2619,
      "z" : 1.3424746
    } ],
    "faces" : [ {
      "vertices" : [ 0, 1, 2 ]
    }, {
      "vertices" : [ 0, 2, 3 ]
    }, {
      "vertices" : [ 0, 3, 2 ]
    }, {
      "vertices" : [ 0, 2, 1 ]
    } ]
  }, {
    "id" : "2deeb289-4ca2-4bbf-8838-42a7504786e7",
    "vertices" : [ {
      "x" : 18.402916,
      "y" : -18.402916,
      "z" : -14.058577
    }, {
      "x" : 22.747255,
      "y" : -22.747255,
      "z" : -22.747255
    }, {
      "x" : -22.747255,
      "y" : -22.747255,
      "z" : 22.747255
    }, {
      "x" : -14.058577,
      "y" : -18.402916,
      "z" : 18.402916
    } ],
    "faces" : [ {
      "vertices" : [ 0, 1, 2 ]
    }, {
      "vertices" : [ 0, 2, 3 ]
    }, {
      "vertices" : [ 0, 3, 2 ]
    }, {
      "vertices" : [ 0, 2, 1 ]
    } ]
  }, {
    "id" : "570c171b-bc40-4b89-9fca-d726a3b1aefc",
    "vertices" : [ {
      "x" : -18.402916,
      "y" : 14.058577,
      "z" : 18.402916
    }, {
      "x" : -22.747255,
      "y" : 22.747255,
      "z" : 22.747255
    }, {
      "x" : -22.747255,
      "y" : -22.747255,
      "z" : -22.747255
    }, {
      "x" : -18.402916,
      "y" : -18.402916,
      "z" : -14.058577
    } ],
    "faces" : [ {
      "vertices" : [ 0, 1, 2 ]
    }, {
      "vertices" : [ 0, 2, 3 ]
    }, {
      "vertices" : [ 0, 3, 2 ]
    }, {
      "vertices" : [ 0, 2, 1 ]
    } ]
  }, {
    "id" : "3289fcc9-0c09-42db-8190-9d1bae368212",
    "vertices" : [ {
      "x" : -1.3424746,
      "y" : -13.545797,
      "z" : 26.2619
    }, {
      "x" : 0.0,
      "y" : -14.058577,
      "z" : 36.805832
    }, {
      "x" : -36.805832,
      "y" : 0.0,
      "z" : -14.058577
    }, {
      "x" : -27.604374,
      "y" : -3.5146441,
      "z" : -10.031153
    } ],
    "faces" : [ {
      "vertices" : [ 0, 1, 2 ]
    }, {
      "vertices" : [ 0, 2, 3 ]
    }, {
      "vertices" : [ 0, 3, 2 ]
    }, {
      "vertices" : [ 0, 2, 1 ]
    } ]
  }, {
    "id" : "31e0ab08-1a11-4c17-a24a-53474ebcc241",
    "vertices" : [ {
      "x" : 10.031153,
      "y" : -27.604374,
      "z" : 3.5146441
    }, {
      "x" : 14.058577,
      "y" : -36.805832,
      "z" : 0.0
    }, {
      "x" : 22.747255,
      "y" : 22.747255,
      "z" : 22.747255
    }, {
      "x" : 16.230747,
      "y" : 14.888271,
      "z" : 19.74539
    } ],
    "faces" : [ {
      "vertices" : [ 0, 1, 2 ]
    }, {
      "vertices" : [ 0, 2, 3 ]
    }, {
      "vertices" : [ 0, 3, 2 ]
    }, {
      "vertices" : [ 0, 2, 1 ]
    } ]
  }, {
    "id" : "07b6d7a7-41e8-43db-a905-9f1c61690618",
    "vertices" : [ {
      "x" : -2.1721697,
      "y" : 7.8589835,
      "z" : 28.434069
    }, {
      "x" : 0.0,
      "y" : 14.058577,
      "z" : 36.805832
    }, {
      "x" : 14.058577,
      "y" : -36.805832,
      "z" : 0.0
    }, {
      "x" : 7.8589835,
      "y" : -28.434069,
      "z" : 2.1721697
    } ],
    "faces" : [ {
      "vertices" : [ 0, 1, 2 ]
    }, {
      "vertices" : [ 0, 2, 3 ]
    }, {
      "vertices" : [ 0, 3, 2 ]
    }, {
      "vertices" : [ 0, 2, 1 ]
    } ]
  }, {
    "id" : "31ba205f-1fd2-47c1-b4a7-e939abb9a086",
    "vertices" : [ {
      "x" : -18.402916,
      "y" : 14.058577,
      "z" : -18.402916
    }, {
      "x" : -22.747255,
      "y" : 22.747255,
      "z" : -22.747255
    }, {
      "x" : -22.747255,
      "y" : -22.747255,
      "z" : 22.747255
    }, {
      "x" : -18.402916,
      "y" : -18.402916,
      "z" : 14.058577
    } ],
    "faces" : [ {
      "vertices" : [ 0, 1, 2 ]
    }, {
      "vertices" : [ 0, 2, 3 ]
    }, {
      "vertices" : [ 0, 3, 2 ]
    }, {
      "vertices" : [ 0, 2, 1 ]
    } ]
  }, {
    "id" : "a26c0e7d-5541-481c-bc0a-76ad84b41d5c",
    "vertices" : [ {
      "x" : 14.058577,
      "y" : 18.402916,
      "z" : -18.402916
    }, {
      "x" : 22.747255,
      "y" : 22.747255,
      "z" : -22.747255
    }, {
      "x" : -22.747255,
      "y" : -22.747255,
      "z" : -22.747255
    }, {
      "x" : -18.402916,
      "y" : -14.058577,
      "z" : -18.402916
    } ],
    "faces" : [ {
      "vertices" : [ 0, 1, 2 ]
    }, {
      "vertices" : [ 0, 2, 3 ]
    }, {
      "vertices" : [ 0, 3, 2 ]
    }, {
      "vertices" : [ 0, 2, 1 ]
    } ]
  }, {
    "id" : "ccc04e66-2313-4ae3-90e4-c7ee15ddb473",
    "vertices" : [ {
      "x" : -1.3424746,
      "y" : -13.545797,
      "z" : -26.2619
    }, {
      "x" : 0.0,
      "y" : -14.058577,
      "z" : -36.805832
    }, {
      "x" : -36.805832,
      "y" : 0.0,
      "z" : 14.058577
    }, {
      "x" : -27.604374,
      "y" : -3.5146441,
      "z" : 10.031153
    } ],
    "faces" : [ {
      "vertices" : [ 0, 1, 2 ]
    }, {
      "vertices" : [ 0, 2, 3 ]
    }, {
      "vertices" : [ 0, 3, 2 ]
    }, {
      "vertices" : [ 0, 2, 1 ]
    } ]
  }, {
    "id" : "6d9fccf9-f872-4072-a39a-60882e04d0c4",
    "vertices" : [ {
      "x" : -19.74539,
      "y" : -16.230747,
      "z" : -14.888271
    }, {
      "x" : -22.747255,
      "y" : -22.747255,
      "z" : -22.747255
    }, {
      "x" : -14.058577,
      "y" : 36.805832,
      "z" : 0.0
    }, {
      "x" : -13.545797,
      "y" : 26.2619,
      "z" : 1.3424746
    } ],
    "faces" : [ {
      "vertices" : [ 0, 1, 2 ]
    }, {
      "vertices" : [ 0, 2, 3 ]
    }, {
      "vertices" : [ 0, 3, 2 ]
    }, {
      "vertices" : [ 0, 2, 1 ]
    } ]
  }, {
    "id" : "46e3f87c-216d-48f0-8c31-54605e4238cb",
    "vertices" : [ {
      "x" : -18.402916,
      "y" : 18.402916,
      "z" : 14.058577
    }, {
      "x" : -22.747255,
      "y" : 22.747255,
      "z" : 22.747255
    }, {
      "x" : 22.747255,
      "y" : 22.747255,
      "z" : -22.747255
    }, {
      "x" : 14.058577,
      "y" : 18.402916,
      "z" : -18.402916
    } ],
    "faces" : [ {
      "vertices" : [ 0, 1, 2 ]
    }, {
      "vertices" : [ 0, 2, 3 ]
    }, {
      "vertices" : [ 0, 3, 2 ]
    }, {
      "vertices" : [ 0, 2, 1 ]
    } ]
  }, {
    "id" : "57e8d47d-b2f9-4d79-b36d-70ec92146b8d",
    "vertices" : [ {
      "x" : 28.434069,
      "y" : 2.1721697,
      "z" : -7.8589835
    }, {
      "x" : 36.805832,
      "y" : 0.0,
      "z" : -14.058577
    }, {
      "x" : 0.0,
      "y" : -14.058577,
      "z" : 36.805832
    }, {
      "x" : 2.1721697,
      "y" : -7.8589835,
      "z" : 28.434069
    } ],
    "faces" : [ {
      "vertices" : [ 0, 1, 2 ]
    }, {
      "vertices" : [ 0, 2, 3 ]
    }, {
      "vertices" : [ 0, 3, 2 ]
    }, {
      "vertices" : [ 0, 2, 1 ]
    } ]
  }, {
    "id" : "9df6fdf4-55bb-4020-8b1c-263b3203260f",
    "vertices" : [ {
      "x" : -7.8589835,
      "y" : -28.434069,
      "z" : -2.1721697
    }, {
      "x" : -14.058577,
      "y" : -36.805832,
      "z" : 0.0
    }, {
      "x" : 36.805832,
      "y" : 0.0,
      "z" : 14.058577
    }, {
      "x" : 28.434069,
      "y" : -2.1721697,
      "z" : 7.8589835
    } ],
    "faces" : [ {
      "vertices" : [ 0, 1, 2 ]
    }, {
      "vertices" : [ 0, 2, 3 ]
    }, {
      "vertices" : [ 0, 3, 2 ]
    }, {
      "vertices" : [ 0, 2, 1 ]
    } ]
  }, {
    "id" : "a8939487-4f77-4340-9466-3bb45a20bd0c",
    "vertices" : [ {
      "x" : -28.434069,
      "y" : -2.1721697,
      "z" : 7.8589835
    }, {
      "x" : -36.805832,
      "y" : 0.0,
      "z" : 14.058577
    }, {
      "x" : 0.0,
      "y" : 14.058577,
      "z" : -36.805832
    }, {
      "x" : -2.1721697,
      "y" : 7.8589835,
      "z" : -28.434069
    } ],
    "faces" : [ {
      "vertices" : [ 0, 1, 2 ]
    }, {
      "vertices" : [ 0, 2, 3 ]
    }, {
      "vertices" : [ 0, 3, 2 ]
    }, {
      "vertices" : [ 0, 2, 1 ]
    } ]
  }, {
    "id" : "45403e93-fc76-4a1a-ac3f-65515a5c72a0",
    "vertices" : [ {
      "x" : 27.604374,
      "y" : -3.5146441,
      "z" : 10.031153
    }, {
      "x" : 36.805832,
      "y" : 0.0,
      "z" : 14.058577
    }, {
      "x" : -22.747255,
      "y" : -22.747255,
      "z" : 22.747255
    }, {
      "x" : -14.888271,
      "y" : -19.74539,
      "z" : 16.230747
    } ],
    "faces" : [ {
      "vertices" : [ 0, 1, 2 ]
    }, {
      "vertices" : [ 0, 2, 3 ]
    }, {
      "vertices" : [ 0, 3, 2 ]
    }, {
      "vertices" : [ 0, 2, 1 ]
    } ]
  }, {
    "id" : "5d84eac2-ccf6-4624-b00e-ecf3b83580c1",
    "vertices" : [ {
      "x" : -7.8589835,
      "y" : 28.434069,
      "z" : 2.1721697
    }, {
      "x" : -14.058577,
      "y" : 36.805832,
      "z" : 0.0
    }, {
      "x" : 36.805832,
      "y" : 0.0,
      "z" : -14.058577
    }, {
      "x" : 28.434069,
      "y" : 2.1721697,
      "z" : -7.8589835
    } ],
    "faces" : [ {
      "vertices" : [ 0, 1, 2 ]
    }, {
      "vertices" : [ 0, 2, 3 ]
    }, {
      "vertices" : [ 0, 3, 2 ]
    }, {
      "vertices" : [ 0, 2, 1 ]
    } ]
  }, {
    "id" : "9ddbe349-9c7e-4139-83fb-b7acb391db35",
    "vertices" : [ {
      "x" : 3.5146441,
      "y" : -10.031153,
      "z" : 27.604374
    }, {
      "x" : 0.0,
      "y" : -14.058577,
      "z" : 36.805832
    }, {
      "x" : 22.747255,
      "y" : -22.747255,
      "z" : -22.747255
    }, {
      "x" : 19.74539,
      "y" : -16.230747,
      "z" : -14.888271
    } ],
    "faces" : [ {
      "vertices" : [ 0, 1, 2 ]
    }, {
      "vertices" : [ 0, 2, 3 ]
    }, {
      "vertices" : [ 0, 3, 2 ]
    }, {
      "vertices" : [ 0, 2, 1 ]
    } ]
  }, {
    "id" : "2269ff0f-b400-4652-bc3a-d269f0e2a68e",
    "vertices" : [ {
      "x" : 14.888271,
      "y" : -19.74539,
      "z" : 16.230747
    }, {
      "x" : 22.747255,
      "y" : -22.747255,
      "z" : 22.747255
    }, {
      "x" : 0.0,
      "y" : -14.058577,
      "z" : -36.805832
    }, {
      "x" : -1.3424746,
      "y" : -13.545797,
      "z" : -26.2619
    } ],
    "faces" : [ {
      "vertices" : [ 0, 1, 2 ]
    }, {
      "vertices" : [ 0, 2, 3 ]
    }, {
      "vertices" : [ 0, 3, 2 ]
    }, {
      "vertices" : [ 0, 2, 1 ]
    } ]
  }, {
    "id" : "10987f79-82a4-4ce3-b45e-82cd448195bc",
    "vertices" : [ {
      "x" : -1.3424746,
      "y" : 13.545797,
      "z" : 26.2619
    }, {
      "x" : 0.0,
      "y" : 14.058577,
      "z" : 36.805832
    }, {
      "x" : -36.805832,
      "y" : 0.0,
      "z" : -14.058577
    }, {
      "x" : -27.604374,
      "y" : 3.5146441,
      "z" : -10.031153
    } ],
    "faces" : [ {
      "vertices" : [ 0, 1, 2 ]
    }, {
      "vertices" : [ 0, 2, 3 ]
    }, {
      "vertices" : [ 0, 3, 2 ]
    }, {
      "vertices" : [ 0, 2, 1 ]
    } ]
  }, {
    "id" : "fb5072ec-c637-4b79-a549-0dc5a834647e",
    "vertices" : [ {
      "x" : -28.434069,
      "y" : -2.1721697,
      "z" : -7.8589835
    }, {
      "x" : -36.805832,
      "y" : 0.0,
      "z" : -14.058577
    }, {
      "x" : 0.0,
      "y" : 14.058577,
      "z" : 36.805832
    }, {
      "x" : -2.1721697,
      "y" : 7.8589835,
      "z" : 28.434069
    } ],
    "faces" : [ {
      "vertices" : [ 0, 1, 2 ]
    }, {
      "vertices" : [ 0, 2, 3 ]
    }, {
      "vertices" : [ 0, 3, 2 ]
    }, {
      "vertices" : [ 0, 2, 1 ]
    } ]
  }, {
    "id" : "dad05ea7-4a57-4f17-8cd5-d31a7e8747dd",
    "vertices" : [ {
      "x" : -10.031153,
      "y" : 27.604374,
      "z" : -3.5146441
    }, {
      "x" : -14.058577,
      "y" : 36.805832,
      "z" : 0.0
    }, {
      "x" : -22.747255,
      "y" : -22.747255,
      "z" : -22.747255
    }, {
      "x" : -16.230747,
      "y" : -14.888271,
      "z" : -19.74539
    } ],
    "faces" : [ {
      "vertices" : [ 0, 1, 2 ]
    }, {
      "vertices" : [ 0, 2, 3 ]
    }, {
      "vertices" : [ 0, 3, 2 ]
    }, {
      "vertices" : [ 0, 2, 1 ]
    } ]
  }, {
    "id" : "a97c2bf6-44b5-437d-a08e-a172b49a2d86",
    "vertices" : [ {
      "x" : -18.402916,
      "y" : -18.402916,
      "z" : -14.058577
    }, {
      "x" : -22.747255,
      "y" : -22.747255,
      "z" : -22.747255
    }, {
      "x" : 22.747255,
      "y" : -22.747255,
      "z" : 22.747255
    }, {
      "x" : 14.058577,
      "y" : -18.402916,
      "z" : 18.402916
    } ],
    "faces" : [ {
      "vertices" : [ 0, 1, 2 ]
    }, {
      "vertices" : [ 0, 2, 3 ]
    }, {
      "vertices" : [ 0, 3, 2 ]
    }, {
      "vertices" : [ 0, 2, 1 ]
    } ]
  }, {
    "id" : "6bd46dc5-87aa-40d1-b03a-6531bda597dc",
    "vertices" : [ {
      "x" : 1.3424746,
      "y" : 13.545797,
      "z" : 26.2619
    }, {
      "x" : 0.0,
      "y" : 14.058577,
      "z" : 36.805832
    }, {
      "x" : 36.805832,
      "y" : 0.0,
      "z" : -14.058577
    }, {
      "x" : 27.604374,
      "y" : 3.5146441,
      "z" : -10.031153
    } ],
    "faces" : [ {
      "vertices" : [ 0, 1, 2 ]
    }, {
      "vertices" : [ 0, 2, 3 ]
    }, {
      "vertices" : [ 0, 3, 2 ]
    }, {
      "vertices" : [ 0, 2, 1 ]
    } ]
  }, {
    "id" : "55aad993-bfce-41a3-abb9-a3c9c52d75b1",
    "vertices" : [ {
      "x" : -1.3424746,
      "y" : 13.545797,
      "z" : -26.2619
    }, {
      "x" : 0.0,
      "y" : 14.058577,
      "z" : -36.805832
    }, {
      "x" : -36.805832,
      "y" : 0.0,
      "z" : 14.058577
    }, {
      "x" : -27.604374,
      "y" : 3.5146441,
      "z" : 10.031153
    } ],
    "faces" : [ {
      "vertices" : [ 0, 1, 2 ]
    }, {
      "vertices" : [ 0, 2, 3 ]
    }, {
      "vertices" : [ 0, 3, 2 ]
    }, {
      "vertices" : [ 0, 2, 1 ]
    } ]
  }, {
    "id" : "325bef88-bfde-47d9-80f7-ae241b1d224f",
    "vertices" : [ {
      "x" : -19.74539,
      "y" : 16.230747,
      "z" : 14.888271
    }, {
      "x" : -22.747255,
      "y" : 22.747255,
      "z" : 22.747255
    }, {
      "x" : -14.058577,
      "y" : -36.805832,
      "z" : 0.0
    }, {
      "x" : -13.545797,
      "y" : -26.2619,
      "z" : -1.3424746
    } ],
    "faces" : [ {
      "vertices" : [ 0, 1, 2 ]
    }, {
      "vertices" : [ 0, 2, 3 ]
    }, {
      "vertices" : [ 0, 3, 2 ]
    }, {
      "vertices" : [ 0, 2, 1 ]
    } ]
  }, {
    "id" : "e116be48-7d31-4e9e-b25e-0c81fcb1c292",
    "vertices" : [ {
      "x" : 2.1721697,
      "y" : 7.8589835,
      "z" : 28.434069
    }, {
      "x" : 0.0,
      "y" : 14.058577,
      "z" : 36.805832
    }, {
      "x" : -14.058577,
      "y" : -36.805832,
      "z" : 0.0
    }, {
      "x" : -7.8589835,
      "y" : -28.434069,
      "z" : 2.1721697
    } ],
    "faces" : [ {
      "vertices" : [ 0, 1, 2 ]
    }, {
      "vertices" : [ 0, 2, 3 ]
    }, {
      "vertices" : [ 0, 3, 2 ]
    }, {
      "vertices" : [ 0, 2, 1 ]
    } ]
  }, {
    "id" : "26f50e68-1e56-4368-8d5b-de1653272555",
    "vertices" : [ {
      "x" : 14.058577,
      "y" : -18.402916,
      "z" : -18.402916
    }, {
      "x" : 22.747255,
      "y" : -22.747255,
      "z" : -22.747255
    }, {
      "x" : -22.747255,
      "y" : 22.747255,
      "z" : -22.747255
    }, {
      "x" : -18.402916,
      "y" : 14.058577,
      "z" : -18.402916
    } ],
    "faces" : [ {
      "vertices" : [ 0, 1, 2 ]
    }, {
      "vertices" : [ 0, 2, 3 ]
    }, {
      "vertices" : [ 0, 3, 2 ]
    }, {
      "vertices" : [ 0, 2, 1 ]
    } ]
  }, {
    "id" : "81ea64d4-4cac-4024-9732-0cc1b190b4d8",
    "vertices" : [ {
      "x" : 26.2619,
      "y" : 1.3424746,
      "z" : 13.545797
    }, {
      "x" : 36.805832,
      "y" : 0.0,
      "z" : 14.058577
    }, {
      "x" : -14.058577,
      "y" : 36.805832,
      "z" : 0.0
    }, {
      "x" : -10.031153,
      "y" : 27.604374,
      "z" : 3.5146441
    } ],
    "faces" : [ {
      "vertices" : [ 0, 1, 2 ]
    }, {
      "vertices" : [ 0, 2, 3 ]
    }, {
      "vertices" : [ 0, 3, 2 ]
    }, {
      "vertices" : [ 0, 2, 1 ]
    } ]
  }, {
    "id" : "1fb3e208-1c6f-47f9-baf0-30d490619159",
    "vertices" : [ {
      "x" : 14.888271,
      "y" : 19.74539,
      "z" : 16.230747
    }, {
      "x" : 22.747255,
      "y" : 22.747255,
      "z" : 22.747255
    }, {
      "x" : 0.0,
      "y" : 14.058577,
      "z" : -36.805832
    }, {
      "x" : -1.3424746,
      "y" : 13.545797,
      "z" : -26.2619
    } ],
    "faces" : [ {
      "vertices" : [ 0, 1, 2 ]
    }, {
      "vertices" : [ 0, 2, 3 ]
    }, {
      "vertices" : [ 0, 3, 2 ]
    }, {
      "vertices" : [ 0, 2, 1 ]
    } ]
  }, {
    "id" : "29476357-bd6b-4628-9109-fa40962e6884",
    "vertices" : [ {
      "x" : -18.402916,
      "y" : -14.058577,
      "z" : -18.402916
    }, {
      "x" : -22.747255,
      "y" : -22.747255,
      "z" : -22.747255
    }, {
      "x" : -22.747255,
      "y" : 22.747255,
      "z" : 22.747255
    }, {
      "x" : -18.402916,
      "y" : 18.402916,
      "z" : 14.058577
    } ],
    "faces" : [ {
      "vertices" : [ 0, 1, 2 ]
    }, {
      "vertices" : [ 0, 2, 3 ]
    }, {
      "vertices" : [ 0, 3, 2 ]
    }, {
      "vertices" : [ 0, 2, 1 ]
    } ]
  }, {
    "id" : "b940d8b3-7546-403f-8810-00de52b2da45",
    "vertices" : [ {
      "x" : 26.2619,
      "y" : 1.3424746,
      "z" : -13.545797
    }, {
      "x" : 36.805832,
      "y" : 0.0,
      "z" : -14.058577
    }, {
      "x" : -14.058577,
      "y" : 36.805832,
      "z" : 0.0
    }, {
      "x" : -10.031153,
      "y" : 27.604374,
      "z" : -3.5146441
    } ],
    "faces" : [ {
      "vertices" : [ 0, 1, 2 ]
    }, {
      "vertices" : [ 0, 2, 3 ]
    }, {
      "vertices" : [ 0, 3, 2 ]
    }, {
      "vertices" : [ 0, 2, 1 ]
    } ]
  }, {
    "id" : "aa402a2e-b586-4615-90d9-24c207038dfa",
    "vertices" : [ {
      "x" : 3.5146441,
      "y" : 10.031153,
      "z" : -27.604374
    }, {
      "x" : 0.0,
      "y" : 14.058577,
      "z" : -36.805832
    }, {
      "x" : 22.747255,
      "y" : 22.747255,
      "z" : 22.747255
    }, {
      "x" : 19.74539,
      "y" : 16.230747,
      "z" : 14.888271
    } ],
    "faces" : [ {
      "vertices" : [ 0, 1, 2 ]
    }, {
      "vertices" : [ 0, 2, 3 ]
    }, {
      "vertices" : [ 0, 3, 2 ]
    }, {
      "vertices" : [ 0, 2, 1 ]
    } ]
  }, {
    "id" : "5324d711-20ae-42a4-8a33-053ed53b49a5",
    "vertices" : [ {
      "x" : -14.058577,
      "y" : 18.402916,
      "z" : -18.402916
    }, {
      "x" : -22.747255,
      "y" : 22.747255,
      "z" : -22.747255
    }, {
      "x" : 22.747255,
      "y" : -22.747255,
      "z" : -22.747255
    }, {
      "x" : 18.402916,
      "y" : -14.058577,
      "z" : -18.402916
    } ],
    "faces" : [ {
      "vertices" : [ 0, 1, 2 ]
    }, {
      "vertices" : [ 0, 2, 3 ]
    }, {
      "vertices" : [ 0, 3, 2 ]
    }, {
      "vertices" : [ 0, 2, 1 ]
    } ]
  }, {
    "id" : "76544e0b-9e5f-4010-b160-6a10a1aed60f",
    "vertices" : [ {
      "x" : -10.031153,
      "y" : -27.604374,
      "z" : -3.5146441
    }, {
      "x" : -14.058577,
      "y" : -36.805832,
      "z" : 0.0
    }, {
      "x" : -22.747255,
      "y" : 22.747255,
      "z" : -22.747255
    }, {
      "x" : -16.230747,
      "y" : 14.888271,
      "z" : -19.74539
    } ],
    "faces" : [ {
      "vertices" : [ 0, 1, 2 ]
    }, {
      "vertices" : [ 0, 2, 3 ]
    }, {
      "vertices" : [ 0, 3, 2 ]
    }, {
      "vertices" : [ 0, 2, 1 ]
    } ]
  }, {
    "id" : "bc3b3d60-840c-46fb-84ad-487859f3bba1",
    "vertices" : [ {
      "x" : -16.230747,
      "y" : -14.888271,
      "z" : 19.74539
    }, {
      "x" : -22.747255,
      "y" : -22.747255,
      "z" : 22.747255
    }, {
      "x" : 36.805832,
      "y" : 0.0,
      "z" : 14.058577
    }, {
      "x" : 26.2619,
      "y" : 1.3424746,
      "z" : 13.545797
    } ],
    "faces" : [ {
      "vertices" : [ 0, 1, 2 ]
    }, {
      "vertices" : [ 0, 2, 3 ]
    }, {
      "vertices" : [ 0, 3, 2 ]
    }, {
      "vertices" : [ 0, 2, 1 ]
    } ]
  }, {
    "id" : "882c74a3-3b06-458a-a1cc-22d8364a7583",
    "vertices" : [ {
      "x" : -27.604374,
      "y" : 3.5146441,
      "z" : 10.031153
    }, {
      "x" : -36.805832,
      "y" : 0.0,
      "z" : 14.058577
    }, {
      "x" : 22.747255,
      "y" : 22.747255,
      "z" : 22.747255
    }, {
      "x" : 14.888271,
      "y" : 19.74539,
      "z" : 16.230747
    } ],
    "faces" : [ {
      "vertices" : [ 0, 1, 2 ]
    }, {
      "vertices" : [ 0, 2, 3 ]
    }, {
      "vertices" : [ 0, 3, 2 ]
    }, {
      "vertices" : [ 0, 2, 1 ]
    } ]
  }, {
    "id" : "41ca764f-66bd-452b-8a68-4ac1c7ee2091",
    "vertices" : [ {
      "x" : -26.2619,
      "y" : 1.3424746,
      "z" : -13.545797
    }, {
      "x" : -36.805832,
      "y" : 0.0,
      "z" : -14.058577
    }, {
      "x" : 14.058577,
      "y" : 36.805832,
      "z" : 0.0
    }, {
      "x" : 10.031153,
      "y" : 27.604374,
      "z" : -3.5146441
    } ],
    "faces" : [ {
      "vertices" : [ 0, 1, 2 ]
    }, {
      "vertices" : [ 0, 2, 3 ]
    }, {
      "vertices" : [ 0, 3, 2 ]
    }, {
      "vertices" : [ 0, 2, 1 ]
    } ]
  }, {
    "id" : "0dd44c11-9d8a-4513-bf42-476ced701967",
    "vertices" : [ {
      "x" : 19.74539,
      "y" : 16.230747,
      "z" : -14.888271
    }, {
      "x" : 22.747255,
      "y" : 22.747255,
      "z" : -22.747255
    }, {
      "x" : 14.058577,
      "y" : -36.805832,
      "z" : 0.0
    }, {
      "x" : 13.545797,
      "y" : -26.2619,
      "z" : 1.3424746
    } ],
    "faces" : [ {
      "vertices" : [ 0, 1, 2 ]
    }, {
      "vertices" : [ 0, 2, 3 ]
    }, {
      "vertices" : [ 0, 3, 2 ]
    }, {
      "vertices" : [ 0, 2, 1 ]
    } ]
  }, {
    "id" : "ecba4234-8341-481c-9dda-889745e1c93b",
    "vertices" : [ {
      "x" : -26.2619,
      "y" : -1.3424746,
      "z" : 13.545797
    }, {
      "x" : -36.805832,
      "y" : 0.0,
      "z" : 14.058577
    }, {
      "x" : 14.058577,
      "y" : -36.805832,
      "z" : 0.0
    }, {
      "x" : 10.031153,
      "y" : -27.604374,
      "z" : 3.5146441
    } ],
    "faces" : [ {
      "vertices" : [ 0, 1, 2 ]
    }, {
      "vertices" : [ 0, 2, 3 ]
    }, {
      "vertices" : [ 0, 3, 2 ]
    }, {
      "vertices" : [ 0, 2, 1 ]
    } ]
  }, {
    "id" : "c55d23df-f820-4860-aa6f-966acbda34d4",
    "vertices" : [ {
      "x" : -10.031153,
      "y" : 27.604374,
      "z" : 3.5146441
    }, {
      "x" : -14.058577,
      "y" : 36.805832,
      "z" : 0.0
    }, {
      "x" : -22.747255,
      "y" : -22.747255,
      "z" : 22.747255
    }, {
      "x" : -16.230747,
      "y" : -14.888271,
      "z" : 19.74539
    } ],
    "faces" : [ {
      "vertices" : [ 0, 1, 2 ]
    }, {
      "vertices" : [ 0, 2, 3 ]
    }, {
      "vertices" : [ 0, 3, 2 ]
    }, {
      "vertices" : [ 0, 2, 1 ]
    } ]
  }, {
    "id" : "c90f0adc-aafc-4331-981d-942f21974f04",
    "vertices" : [ {
      "x" : 16.230747,
      "y" : 14.888271,
      "z" : -19.74539
    }, {
      "x" : 22.747255,
      "y" : 22.747255,
      "z" : -22.747255
    }, {
      "x" : -36.805832,
      "y" : 0.0,
      "z" : -14.058577
    }, {
      "x" : -26.2619,
      "y" : -1.3424746,
      "z" : -13.545797
    } ],
    "faces" : [ {
      "vertices" : [ 0, 1, 2 ]
    }, {
      "vertices" : [ 0, 2, 3 ]
    }, {
      "vertices" : [ 0, 3, 2 ]
    }, {
      "vertices" : [ 0, 2, 1 ]
    } ]
  }, {
    "id" : "3eb384b9-fe8c-4d8d-ab61-53d63b92ba02",
    "vertices" : [ {
      "x" : -13.545797,
      "y" : -26.2619,
      "z" : 1.3424746
    }, {
      "x" : -14.058577,
      "y" : -36.805832,
      "z" : 0.0
    }, {
      "x" : 0.0,
      "y" : 14.058577,
      "z" : 36.805832
    }, {
      "x" : -3.5146441,
      "y" : 10.031153,
      "z" : 27.604374
    } ],
    "faces" : [ {
      "vertices" : [ 0, 1, 2 ]
    }, {
      "vertices" : [ 0, 2, 3 ]
    }, {
      "vertices" : [ 0, 3, 2 ]
    }, {
      "vertices" : [ 0, 2, 1 ]
    } ]
  }, {
    "id" : "d405cf60-8681-4a98-9a69-8b495ab162d9",
    "vertices" : [ {
      "x" : 18.402916,
      "y" : 14.058577,
      "z" : 18.402916
    }, {
      "x" : 22.747255,
      "y" : 22.747255,
      "z" : 22.747255
    }, {
      "x" : 22.747255,
      "y" : -22.747255,
      "z" : -22.747255
    }, {
      "x" : 18.402916,
      "y" : -18.402916,
      "z" : -14.058577
    } ],
    "faces" : [ {
      "vertices" : [ 0, 1, 2 ]
    }, {
      "vertices" : [ 0, 2, 3 ]
    }, {
      "vertices" : [ 0, 3, 2 ]
    }, {
      "vertices" : [ 0, 2, 1 ]
    } ]
  }, {
    "id" : "dcb2cc7f-ec45-47a1-a15a-0a47efffe763",
    "vertices" : [ {
      "x" : -14.058577,
      "y" : -18.402916,
      "z" : 18.402916
    }, {
      "x" : -22.747255,
      "y" : -22.747255,
      "z" : 22.747255
    }, {
      "x" : 22.747255,
      "y" : 22.747255,
      "z" : 22.747255
    }, {
      "x" : 18.402916,
      "y" : 14.058577,
      "z" : 18.402916
    } ],
    "faces" : [ {
      "vertices" : [ 0, 1, 2 ]
    }, {
      "vertices" : [ 0, 2, 3 ]
    }, {
      "vertices" : [ 0, 3, 2 ]
    }, {
      "vertices" : [ 0, 2, 1 ]
    } ]
  }, {
    "id" : "88635994-82a0-4c4a-9248-4aae600c382c",
    "vertices" : [ {
      "x" : 18.402916,
      "y" : -14.058577,
      "z" : -18.402916
    }, {
      "x" : 22.747255,
      "y" : -22.747255,
      "z" : -22.747255
    }, {
      "x" : 22.747255,
      "y" : 22.747255,
      "z" : 22.747255
    }, {
      "x" : 18.402916,
      "y" : 18.402916,
      "z" : 14.058577
    } ],
    "faces" : [ {
      "vertices" : [ 0, 1, 2 ]
    }, {
      "vertices" : [ 0, 2, 3 ]
    }, {
      "vertices" : [ 0, 3, 2 ]
    }, {
      "vertices" : [ 0, 2, 1 ]
    } ]
  }, {
    "id" : "dea5725a-9441-46c8-832b-56b25d7905d4",
    "vertices" : [ {
      "x" : 2.1721697,
      "y" : -7.8589835,
      "z" : 28.434069
    }, {
      "x" : 0.0,
      "y" : -14.058577,
      "z" : 36.805832
    }, {
      "x" : -14.058577,
      "y" : 36.805832,
      "z" : 0.0
    }, {
      "x" : -7.8589835,
      "y" : 28.434069,
      "z" : 2.1721697
    } ],
    "faces" : [ {
      "vertices" : [ 0, 1, 2 ]
    }, {
      "vertices" : [ 0, 2, 3 ]
    }, {
      "vertices" : [ 0, 3, 2 ]
    }, {
      "vertices" : [ 0, 2, 1 ]
    } ]
  }, {
