{
  "polygons" : "true",
  "field" : "sqrtPhi",
  "symmetry" : "pentagonal",
  "orientations" : [ [ 1.0, 0.0, 0.0, 0.0, 0.0, 1.0, 0.0, 0.0, 0.0, 0.0, 1.0, 0.0, 0.0, 0.0, 0.0, 1.0 ], [ 0.618034, 0.0, -0.78615135, 0.0, -0.618034, 0.618034, -0.48586828, 0.0, 0.48586828, 0.78615135, 0.38196602, 0.0, 0.0, 0.0, 0.0, 1.0 ], [ 0.0, -0.618034, -0.78615135, 0.0, -1.0, 0.0, 0.0, 0.0, 0.0, 0.78615135, -0.618034, 0.0, 0.0, 0.0, 0.0, 1.0 ], [ 0.0, -1.0, 0.0, 0.0, -0.618034, 0.0, 0.78615135, 0.0, -0.78615135, 0.0, -0.618034, 0.0, 0.0, 0.0, 0.0, 1.0 ], [ 0.618034, -0.618034, 0.48586828, 0.0, 0.0, 0.618034, 0.78615135, 0.0, -0.78615135, -0.48586828, 0.38196602, 0.0, 0.0, 0.0, 0.0, 1.0 ], [ -1.0, 0.0, 0.0, 0.0, 0.0, -0.618034, -0.78615135, 0.0, 0.0, -0.78615135, 0.618034, 0.0, 0.0, 0.0, 0.0, 1.0 ], [ -0.618034, 0.618034, -0.48586828, 0.0, 0.618034, 0.0, -0.78615135, 0.0, -0.48586828, -0.78615135, -0.38196602, 0.0, 0.0, 0.0, 0.0, 1.0 ], [ 0.0, 1.0, 0.0, 0.0, 1.0, 0.0, 0.0, 0.0, 0.0, 0.0, -1.0, 0.0, 0.0, 0.0, 0.0, 1.0 ], [ 0.0, 0.618034, 0.78615135, 0.0, 0.618034, -0.618034, 0.48586828, 0.0, 0.78615135, 0.48586828, -0.38196602, 0.0, 0.0, 0.0, 0.0, 1.0 ], [ -0.618034, 0.0, 0.78615135, 0.0, 0.0, -1.0, 0.0, 0.0, 0.78615135, 0.0, 0.618034, 0.0, 0.0, 0.0, 0.0, 1.0 ] ],
  "lights" : {
    "ambientColor" : "#292929",
    "backgroundColor" : "#AFC8DC",
    "directionalLights" : [ {
      "direction" : [ 1.0, -1.0, -1.0 ],
      "color" : "#EBEBE4"
    }, {
      "direction" : [ -1.0, 0.0, 0.0 ],
      "color" : "#E4E4EB"
    }, {
      "direction" : [ 0.0, 0.0, -1.0 ],
      "color" : "#1E1E1E"
    } ]
  },
  "camera" : {
    "stereo" : false,
    "width" : 32.798157,
    "lookDirection" : {
      "x" : 0.31369933,
      "y" : 0.9302849,
      "z" : -0.19016449
    },
    "upDirection" : {
      "x" : 0.92487353,
      "y" : -0.34470123,
      "z" : -0.1605857
    },
    "lookAtPoint" : {
      "x" : 0.0,
      "y" : 0.0,
      "z" : 0.0
    },
    "viewDistance" : 72.88475,
    "nearClipDistance" : 0.18221208,
    "farClipDistance" : 145.76958,
    "fieldOfView" : 0.44262913,
    "perspective" : true,
    "position" : {
      "x" : -22.863897,
      "y" : -67.80358,
      "z" : 13.860091
    }
  },
  "embedding" : [ 1.0, 0.0, 0.0, 0.0, 0.0, 1.0, 0.0, 0.0, 0.0, 0.0, 1.0, 0.0, 0.0, 0.0, 0.0, 1.0 ],
  "shapes" : [ {
    "id" : "1f01fb50-074b-4849-b069-bdda06cd8029",
    "name" : "ball",
    "vertices" : [ {
      "x" : -0.85410196,
      "y" : -0.38196602,
      "z" : -0.18558517
    }, {
      "x" : -0.85410196,
      "y" : 0.090169944,
      "z" : 0.41498104
    }, {
      "x" : -0.85410196,
      "y" : 0.38196602,
      "z" : -0.18558517
    }, {
      "x" : -0.85410196,
      "y" : 0.85410196,
      "z" : 0.41498104
    }, {
      "x" : -0.38196602,
      "y" : -0.85410196,
      "z" : 0.18558517
    }, {
      "x" : -0.38196602,
      "y" : -0.38196602,
      "z" : -0.78615135
    }, {
      "x" : -0.38196602,
      "y" : -0.38196602,
      "z" : 0.78615135
    }, {
      "x" : -0.38196602,
      "y" : 0.38196602,
      "z" : -0.78615135
    }, {
      "x" : -0.38196602,
      "y" : 0.38196602,
      "z" : 0.78615135
    }, {
      "x" : -0.38196602,
      "y" : 0.85410196,
      "z" : -0.18558517
    }, {
      "x" : -0.090169944,
      "y" : 0.85410196,
      "z" : 0.41498104
    }, {
      "x" : 0.090169944,
      "y" : -0.85410196,
      "z" : -0.41498104
    }, {
      "x" : 0.38196602,
      "y" : -0.85410196,
      "z" : 0.18558517
    }, {
      "x" : 0.38196602,
      "y" : -0.38196602,
      "z" : -0.78615135
    }, {
      "x" : 0.38196602,
      "y" : -0.38196602,
      "z" : 0.78615135
    }, {
      "x" : 0.38196602,
      "y" : 0.38196602,
      "z" : -0.78615135
    }, {
      "x" : 0.38196602,
      "y" : 0.38196602,
      "z" : 0.78615135
    }, {
      "x" : 0.38196602,
      "y" : 0.85410196,
      "z" : -0.18558517
    }, {
      "x" : 0.85410196,
      "y" : -0.85410196,
      "z" : -0.41498104
    }, {
      "x" : 0.85410196,
      "y" : -0.38196602,
      "z" : 0.18558517
    }, {
      "x" : 0.85410196,
      "y" : -0.090169944,
      "z" : -0.41498104
    }, {
      "x" : 0.85410196,
      "y" : 0.38196602,
      "z" : 0.18558517
    } ],
    "faces" : [ {
      "vertices" : [ 10, 16, 21, 17 ]
    }, {
      "vertices" : [ 13, 15, 20, 18 ]
    }, {
      "vertices" : [ 4, 12, 14, 6 ]
    }, {
      "vertices" : [ 3, 8, 16, 10 ]
    }, {
      "vertices" : [ 0, 1, 3, 2 ]
    }, {
      "vertices" : [ 14, 19, 21, 16 ]
    }, {
      "vertices" : [ 3, 10, 17, 9 ]
    }, {
      "vertices" : [ 5, 7, 15, 13 ]
    }, {
      "vertices" : [ 15, 17, 21, 20 ]
    }, {
      "vertices" : [ 0, 4, 6, 1 ]
    }, {
      "vertices" : [ 6, 14, 16, 8 ]
    }, {
      "vertices" : [ 4, 11, 18, 12 ]
    }, {
      "vertices" : [ 0, 2, 7, 5 ]
    }, {
      "vertices" : [ 18, 20, 21, 19 ]
    }, {
      "vertices" : [ 5, 13, 18, 11 ]
    }, {
      "vertices" : [ 7, 9, 17, 15 ]
    }, {
      "vertices" : [ 1, 6, 8, 3 ]
    }, {
      "vertices" : [ 0, 5, 11, 4 ]
    }, {
      "vertices" : [ 2, 3, 9, 7 ]
    }, {
      "vertices" : [ 12, 18, 19, 14 ]
    } ]
  }, {
    "id" : "da0a9ee1-6e3d-4ba9-98a7-26572672426c",
    "orbit" : "1",
    "name" : " :phi*sqrt(phi)",
    "vertices" : [ {
      "x" : 4.741437,
      "y" : 0.06917081,
      "z" : 4.031724
    }, {
      "x" : 4.832108,
      "y" : -0.32150015,
      "z" : 3.8933227
    }, {
      "x" : 0.64692485,
      "y" : -0.06917081,
      "z" : 0.20434384
    }, {
      "x" : 0.5562539,
      "y" : 0.32150015,
      "z" : 0.3427453
    }, {
      "x" : 5.0131116,
      "y" : -0.06917081,
      "z" : 3.6368277
    }, {
      "x" : 4.922441,
      "y" : 0.32150015,
      "z" : 3.7752292
    }, {
      "x" : 0.37524992,
      "y" : 0.06917081,
      "z" : 0.5992403
    }, {
      "x" : 0.4659209,
      "y" : -0.32150015,
      "z" : 0.46083882
    } ],
    "faces" : [ {
      "vertices" : [ 2, 7, 6, 3 ]
    }, {
      "vertices" : [ 0, 1, 4, 5 ]
    }, {
      "vertices" : [ 2, 3, 5, 4 ]
    }, {
      "vertices" : [ 0, 5, 3, 6 ]
    }, {
      "vertices" : [ 0, 6, 7, 1 ]
    }, {
      "vertices" : [ 1, 7, 2, 4 ]
    } ]
  }, {
    "id" : "8a29a07c-6012-4ce3-bfbc-3cd521b0e46e",
    "orbit" : "blue",
    "name" : "short",
    "vertices" : [ {
      "x" : 7.8644505,
      "y" : 0.40418535,
      "z" : 0.19638084
    }, {
      "x" : 0.85410196,
      "y" : 0.38196602,
      "z" : 0.18558517
    }, {
      "x" : 7.8644505,
      "y" : 0.10390226,
      "z" : -0.18558517
    }, {
      "x" : 0.85410196,
      "y" : 0.081682906,
      "z" : -0.19638084
    }, {
      "x" : 8.718553,
      "y" : 0.0,
      "z" : 0.0
    }, {
      "x" : 7.8644505,
      "y" : -0.081682906,
      "z" : 0.19638084
    }, {
      "x" : 0.85410196,
      "y" : -0.10390226,
      "z" : 0.18558517
    }, {
      "x" : 7.8644505,
      "y" : -0.38196602,
      "z" : -0.18558517
    }, {
      "x" : 0.85410196,
      "y" : -0.40418535,
      "z" : -0.19638084
    } ],
    "faces" : [ {
      "vertices" : [ 2, 7, 8, 3 ]
    }, {
      "vertices" : [ 0, 2, 3, 1 ]
    }, {
      "vertices" : [ 5, 6, 8, 7 ]
    }, {
      "vertices" : [ 0, 1, 6, 5 ]
    } ]
  }, {
    "id" : "1abaacbf-23f2-4b2e-8817-d4e3f9dc7b34",
    "orbit" : "red",
    "name" : "short",
    "vertices" : [ {
      "x" : -0.47213596,
      "y" : 0.85410196,
      "z" : 0.41498104
    }, {
      "x" : -0.618034,
      "y" : 0.618034,
      "z" : 0.6005662
    }, {
      "x" : -0.618034,
      "y" : 0.85410196,
      "z" : 0.11469794
    }, {
      "x" : -0.85410196,
      "y" : 0.47213596,
      "z" : 0.41498104
    }, {
      "x" : -0.85410196,
      "y" : 0.618034,
      "z" : 0.11469794
    }, {
      "x" : -4.53426,
      "y" : 4.7703276,
      "z" : 2.503336
    }, {
      "x" : -4.53426,
      "y" : 4.916226,
      "z" : 2.203053
    }, {
      "x" : -4.7703276,
      "y" : 4.53426,
      "z" : 2.503336
    }, {
      "x" : -4.7703276,
      "y" : 4.7703276,
      "z" : 2.0174677
    }, {
      "x" : -4.916226,
      "y" : 4.53426,
      "z" : 2.203053
    }, {
      "x" : -5.388362,
      "y" : 5.388362,
      "z" : 2.618034
    } ],
    "faces" : [ {
      "vertices" : [ 3, 9, 4 ]
    }, {
      "vertices" : [ 2, 8, 6 ]
    }, {
      "vertices" : [ 3, 7, 9 ]
    }, {
      "vertices" : [ 4, 9, 8 ]
    }, {
      "vertices" : [ 0, 5, 1 ]
    }, {
      "vertices" : [ 0, 2, 6 ]
    }, {
      "vertices" : [ 0, 6, 5 ]
    }, {
      "vertices" : [ 1, 7, 3 ]
    }, {
      "vertices" : [ 1, 5, 7 ]
    }, {
      "vertices" : [ 2, 4, 8 ]
    } ]
  }, {
    "id" : "f984af46-83dd-4c90-bc9f-b5e20a29a19d",
    "orbit" : "blue",
    "name" : " :-1 +phi",
    "vertices" : [ {
      "x" : 4.53426,
      "y" : 0.40418535,
      "z" : 0.19638084
    }, {
      "x" : 0.85410196,
      "y" : 0.38196602,
      "z" : 0.18558517
    }, {
      "x" : 4.53426,
      "y" : 0.10390226,
      "z" : -0.18558517
    }, {
      "x" : 0.85410196,
      "y" : 0.081682906,
      "z" : -0.19638084
    }, {
      "x" : 5.388362,
      "y" : 0.0,
      "z" : 0.0
    }, {
      "x" : 4.53426,
      "y" : -0.081682906,
      "z" : 0.19638084
    }, {
      "x" : 0.85410196,
      "y" : -0.10390226,
      "z" : 0.18558517
    }, {
      "x" : 4.53426,
      "y" : -0.38196602,
      "z" : -0.18558517
    }, {
      "x" : 0.85410196,
      "y" : -0.40418535,
      "z" : -0.19638084
    } ],
    "faces" : [ {
      "vertices" : [ 2, 7, 8, 3 ]
    }, {
      "vertices" : [ 0, 2, 3, 1 ]
    }, {
      "vertices" : [ 5, 6, 8, 7 ]
    }, {
      "vertices" : [ 0, 1, 6, 5 ]
    } ]
  } ],
  "instances" : [ {
    "shape" : "1f01fb50-074b-4849-b069-bdda06cd8029",
    "color" : "#FFFFFF",
    "position" : {
      "x" : -5.388362,
      "y" : 0.0,
      "z" : 0.0
    }
  }, {
    "shape" : "da0a9ee1-6e3d-4ba9-98a7-26572672426c",
    "color" : "#FFFFFF",
    "position" : {
      "x" : -5.388362,
      "y" : 0.0,
      "z" : 6.854102
    },
    "orientation" : 3
  }, {
    "shape" : "1f01fb50-074b-4849-b069-bdda06cd8029",
    "color" : "#FFFFFF",
    "position" : {
      "x" : 0.0,
      "y" : 0.0,
      "z" : 0.0
    }
  }, {
    "shape" : "8a29a07c-6012-4ce3-bfbc-3cd521b0e46e",
    "color" : "#007695",
    "position" : {
      "x" : 0.0,
      "y" : 0.0,
      "z" : 0.0
    },
    "orientation" : 9
  }, {
    "shape" : "1f01fb50-074b-4849-b069-bdda06cd8029",
    "color" : "#FFFFFF",
    "position" : {
      "x" : -5.388362,
      "y" : 0.0,
      "z" : 6.854102
    }
  }, {
    "shape" : "1abaacbf-23f2-4b2e-8817-d4e3f9dc7b34",
    "color" : "#AF0000",
    "position" : {
      "x" : 0.0,
      "y" : 0.0,
      "z" : 0.0
    },
    "orientation" : 5
  }, {
    "shape" : "f984af46-83dd-4c90-bc9f-b5e20a29a19d",
    "color" : "#007695",
    "position" : {
      "x" : 0.0,
      "y" : 0.0,
      "z" : 0.0
    },
    "orientation" : 5
  }, {
    "shape" : "1f01fb50-074b-4849-b069-bdda06cd8029",
    "color" : "#FFFFFF",
    "position" : {
      "x" : 5.388362,
      "y" : -5.388362,
      "z" : -2.618034
    }
  } ],
  "scenes" : [ ],
  "snapshots" : [ ]
}