{
  "field" : "golden",
  "symmetry" : "icosahedral",
  "orientations" : [ [ 1.0, 0.0, 0.0, 0.0, 0.0, 1.0, 0.0, 0.0, 0.0, 0.0, 1.0, 0.0, 0.0, 0.0, 0.0, 1.0 ], [ 0.0, 0.0, 1.0, 0.0, 1.0, 0.0, 0.0, 0.0, 0.0, 1.0, 0.0, 0.0, 0.0, 0.0, 0.0, 1.0 ], [ 0.0, 1.0, 0.0, 0.0, 0.0, 0.0, 1.0, 0.0, 1.0, 0.0, 0.0, 0.0, 0.0, 0.0, 0.0, 1.0 ], [ 0.809017, 0.309017, 0.5, 0.0, 0.309017, 0.5, -0.809017, 0.0, -0.5, 0.809017, 0.309017, 0.0, 0.0, 0.0, 0.0, 1.0 ], [ -0.5, 0.809017, 0.309017, 0.0, 0.809017, 0.309017, 0.5, 0.0, 0.309017, 0.5, -0.809017, 0.0, 0.0, 0.0, 0.0, 1.0 ], [ 0.309017, 0.5, -0.809017, 0.0, -0.5, 0.809017, 0.309017, 0.0, 0.809017, 0.309017, 0.5, 0.0, 0.0, 0.0, 0.0, 1.0 ], [ 0.5, 0.809017, 0.309017, 0.0, 0.809017, -0.309017, -0.5, 0.0, -0.309017, 0.5, -0.809017, 0.0, 0.0, 0.0, 0.0, 1.0 ], [ -0.309017, 0.5, -0.809017, 0.0, 0.5, 0.809017, 0.309017, 0.0, 0.809017, -0.309017, -0.5, 0.0, 0.0, 0.0, 0.0, 1.0 ], [ 0.809017, -0.309017, -0.5, 0.0, -0.309017, 0.5, -0.809017, 0.0, 0.5, 0.809017, 0.309017, 0.0, 0.0, 0.0, 0.0, 1.0 ], [ 0.5, 0.809017, -0.309017, 0.0, 0.809017, -0.309017, 0.5, 0.0, 0.309017, -0.5, -0.809017, 0.0, 0.0, 0.0, 0.0, 1.0 ], [ 0.309017, -0.5, -0.809017, 0.0, 0.5, 0.809017, -0.309017, 0.0, 0.809017, -0.309017, 0.5, 0.0, 0.0, 0.0, 0.0, 1.0 ], [ 0.809017, -0.309017, 0.5, 0.0, 0.309017, -0.5, -0.809017, 0.0, 0.5, 0.809017, -0.309017, 0.0, 0.0, 0.0, 0.0, 1.0 ], [ 0.809017, 0.309017, -0.5, 0.0, 0.309017, 0.5, 0.809017, 0.0, 0.5, -0.809017, 0.309017, 0.0, 0.0, 0.0, 0.0, 1.0 ], [ 0.5, -0.809017, 0.309017, 0.0, 0.809017, 0.309017, -0.5, 0.0, 0.309017, 0.5, 0.809017, 0.0, 0.0, 0.0, 0.0, 1.0 ], [ 0.309017, 0.5, 0.809017, 0.0, 0.5, -0.809017, 0.309017, 0.0, 0.809017, 0.309017, -0.5, 0.0, 0.0, 0.0, 0.0, 1.0 ], [ 1.0, 0.0, 0.0, 0.0, 0.0, -1.0, 0.0, 0.0, 0.0, 0.0, -1.0, 0.0, 0.0, 0.0, 0.0, 1.0 ], [ 0.0, 0.0, 1.0, 0.0, -1.0, 0.0, 0.0, 0.0, 0.0, -1.0, 0.0, 0.0, 0.0, 0.0, 0.0, 1.0 ], [ 0.0, 1.0, 0.0, 0.0, 0.0, 0.0, -1.0, 0.0, -1.0, 0.0, 0.0, 0.0, 0.0, 0.0, 0.0, 1.0 ], [ 0.809017, 0.309017, 0.5, 0.0, -0.309017, -0.5, 0.809017, 0.0, 0.5, -0.809017, -0.309017, 0.0, 0.0, 0.0, 0.0, 1.0 ], [ -0.5, 0.809017, 0.309017, 0.0, -0.809017, -0.309017, -0.5, 0.0, -0.309017, -0.5, 0.809017, 0.0, 0.0, 0.0, 0.0, 1.0 ], [ 0.309017, 0.5, -0.809017, 0.0, 0.5, -0.809017, -0.309017, 0.0, -0.809017, -0.309017, -0.5, 0.0, 0.0, 0.0, 0.0, 1.0 ], [ 0.5, 0.809017, 0.309017, 0.0, -0.809017, 0.309017, 0.5, 0.0, 0.309017, -0.5, 0.809017, 0.0, 0.0, 0.0, 0.0, 1.0 ], [ -0.309017, 0.5, -0.809017, 0.0, -0.5, -0.809017, -0.309017, 0.0, -0.809017, 0.309017, 0.5, 0.0, 0.0, 0.0, 0.0, 1.0 ], [ 0.809017, -0.309017, -0.5, 0.0, 0.309017, -0.5, 0.809017, 0.0, -0.5, -0.809017, -0.309017, 0.0, 0.0, 0.0, 0.0, 1.0 ], [ 0.5, 0.809017, -0.309017, 0.0, -0.809017, 0.309017, -0.5, 0.0, -0.309017, 0.5, 0.809017, 0.0, 0.0, 0.0, 0.0, 1.0 ], [ 0.309017, -0.5, -0.809017, 0.0, -0.5, -0.809017, 0.309017, 0.0, -0.809017, 0.309017, -0.5, 0.0, 0.0, 0.0, 0.0, 1.0 ], [ 0.809017, -0.309017, 0.5, 0.0, -0.309017, 0.5, 0.809017, 0.0, -0.5, -0.809017, 0.309017, 0.0, 0.0, 0.0, 0.0, 1.0 ], [ 0.809017, 0.309017, -0.5, 0.0, -0.309017, -0.5, -0.809017, 0.0, -0.5, 0.809017, -0.309017, 0.0, 0.0, 0.0, 0.0, 1.0 ], [ 0.5, -0.809017, 0.309017, 0.0, -0.809017, -0.309017, 0.5, 0.0, -0.309017, -0.5, -0.809017, 0.0, 0.0, 0.0, 0.0, 1.0 ], [ 0.309017, 0.5, 0.809017, 0.0, -0.5, 0.809017, -0.309017, 0.0, -0.809017, -0.309017, 0.5, 0.0, 0.0, 0.0, 0.0, 1.0 ], [ -1.0, 0.0, 0.0, 0.0, 0.0, -1.0, 0.0, 0.0, 0.0, 0.0, 1.0, 0.0, 0.0, 0.0, 0.0, 1.0 ], [ 0.0, 0.0, -1.0, 0.0, -1.0, 0.0, 0.0, 0.0, 0.0, 1.0, 0.0, 0.0, 0.0, 0.0, 0.0, 1.0 ], [ 0.0, -1.0, 0.0, 0.0, 0.0, 0.0, -1.0, 0.0, 1.0, 0.0, 0.0, 0.0, 0.0, 0.0, 0.0, 1.0 ], [ -0.809017, -0.309017, -0.5, 0.0, -0.309017, -0.5, 0.809017, 0.0, -0.5, 0.809017, 0.309017, 0.0, 0.0, 0.0, 0.0, 1.0 ], [ 0.5, -0.809017, -0.309017, 0.0, -0.809017, -0.309017, -0.5, 0.0, 0.309017, 0.5, -0.809017, 0.0, 0.0, 0.0, 0.0, 1.0 ], [ -0.309017, -0.5, 0.809017, 0.0, 0.5, -0.809017, -0.309017, 0.0, 0.809017, 0.309017, 0.5, 0.0, 0.0, 0.0, 0.0, 1.0 ], [ -0.5, -0.809017, -0.309017, 0.0, -0.809017, 0.309017, 0.5, 0.0, -0.309017, 0.5, -0.809017, 0.0, 0.0, 0.0, 0.0, 1.0 ], [ 0.309017, -0.5, 0.809017, 0.0, -0.5, -0.809017, -0.309017, 0.0, 0.809017, -0.309017, -0.5, 0.0, 0.0, 0.0, 0.0, 1.0 ], [ -0.809017, 0.309017, 0.5, 0.0, 0.309017, -0.5, 0.809017, 0.0, 0.5, 0.809017, 0.309017, 0.0, 0.0, 0.0, 0.0, 1.0 ], [ -0.5, -0.809017, 0.309017, 0.0, -0.809017, 0.309017, -0.5, 0.0, 0.309017, -0.5, -0.809017, 0.0, 0.0, 0.0, 0.0, 1.0 ], [ -0.309017, 0.5, 0.809017, 0.0, -0.5, -0.809017, 0.309017, 0.0, 0.809017, -0.309017, 0.5, 0.0, 0.0, 0.0, 0.0, 1.0 ], [ -0.809017, 0.309017, -0.5, 0.0, -0.309017, 0.5, 0.809017, 0.0, 0.5, 0.809017, -0.309017, 0.0, 0.0, 0.0, 0.0, 1.0 ], [ -0.809017, -0.309017, 0.5, 0.0, -0.309017, -0.5, -0.809017, 0.0, 0.5, -0.809017, 0.309017, 0.0, 0.0, 0.0, 0.0, 1.0 ], [ -0.5, 0.809017, -0.309017, 0.0, -0.809017, -0.309017, 0.5, 0.0, 0.309017, 0.5, 0.809017, 0.0, 0.0, 0.0, 0.0, 1.0 ], [ -0.309017, -0.5, -0.809017, 0.0, -0.5, 0.809017, -0.309017, 0.0, 0.809017, 0.309017, -0.5, 0.0, 0.0, 0.0, 0.0, 1.0 ], [ -1.0, 0.0, 0.0, 0.0, 0.0, 1.0, 0.0, 0.0, 0.0, 0.0, -1.0, 0.0, 0.0, 0.0, 0.0, 1.0 ], [ 0.0, 0.0, -1.0, 0.0, 1.0, 0.0, 0.0, 0.0, 0.0, -1.0, 0.0, 0.0, 0.0, 0.0, 0.0, 1.0 ], [ 0.0, -1.0, 0.0, 0.0, 0.0, 0.0, 1.0, 0.0, -1.0, 0.0, 0.0, 0.0, 0.0, 0.0, 0.0, 1.0 ], [ -0.809017, -0.309017, -0.5, 0.0, 0.309017, 0.5, -0.809017, 0.0, 0.5, -0.809017, -0.309017, 0.0, 0.0, 0.0, 0.0, 1.0 ], [ 0.5, -0.809017, -0.309017, 0.0, 0.809017, 0.309017, 0.5, 0.0, -0.309017, -0.5, 0.809017, 0.0, 0.0, 0.0, 0.0, 1.0 ], [ -0.309017, -0.5, 0.809017, 0.0, -0.5, 0.809017, 0.309017, 0.0, -0.809017, -0.309017, -0.5, 0.0, 0.0, 0.0, 0.0, 1.0 ], [ -0.5, -0.809017, -0.309017, 0.0, 0.809017, -0.309017, -0.5, 0.0, 0.309017, -0.5, 0.809017, 0.0, 0.0, 0.0, 0.0, 1.0 ], [ 0.309017, -0.5, 0.809017, 0.0, 0.5, 0.809017, 0.309017, 0.0, -0.809017, 0.309017, 0.5, 0.0, 0.0, 0.0, 0.0, 1.0 ], [ -0.809017, 0.309017, 0.5, 0.0, -0.309017, 0.5, -0.809017, 0.0, -0.5, -0.809017, -0.309017, 0.0, 0.0, 0.0, 0.0, 1.0 ], [ -0.5, -0.809017, 0.309017, 0.0, 0.809017, -0.309017, 0.5, 0.0, -0.309017, 0.5, 0.809017, 0.0, 0.0, 0.0, 0.0, 1.0 ], [ -0.309017, 0.5, 0.809017, 0.0, 0.5, 0.809017, -0.309017, 0.0, -0.809017, 0.309017, -0.5, 0.0, 0.0, 0.0, 0.0, 1.0 ], [ -0.809017, 0.309017, -0.5, 0.0, 0.309017, -0.5, -0.809017, 0.0, -0.5, -0.809017, 0.309017, 0.0, 0.0, 0.0, 0.0, 1.0 ], [ -0.809017, -0.309017, 0.5, 0.0, 0.309017, 0.5, 0.809017, 0.0, -0.5, 0.809017, -0.309017, 0.0, 0.0, 0.0, 0.0, 1.0 ], [ -0.5, 0.809017, -0.309017, 0.0, 0.809017, 0.309017, -0.5, 0.0, -0.309017, -0.5, -0.809017, 0.0, 0.0, 0.0, 0.0, 1.0 ], [ -0.309017, -0.5, -0.809017, 0.0, 0.5, -0.809017, 0.309017, 0.0, -0.809017, -0.309017, 0.5, 0.0, 0.0, 0.0, 0.0, 1.0 ] ],
  "lights" : {
    "ambientColor" : "#292929",
    "backgroundColor" : "#FFFCFC",
    "directionalLights" : [ {
      "direction" : {
        "x" : 1.0,
        "y" : -1.0,
        "z" : -1.0
      },
      "color" : "#EBEBE4"
    }, {
      "direction" : {
        "x" : -1.0,
        "y" : 0.0,
        "z" : 0.0
      },
      "color" : "#E4E4EB"
    }, {
      "direction" : {
        "x" : 0.0,
        "y" : 0.0,
        "z" : -1.0
      },
      "color" : "#1E1E1E"
    } ]
  },
  "camera" : {
    "viewDistance" : 320.17874,
    "nearClipDistance" : 0.80045164,
    "lookDirection" : {
      "x" : -0.8802022,
      "y" : 0.4745742,
      "z" : 0.00312049
    },
    "upDirection" : {
      "x" : 0.12533335,
      "y" : 0.23878282,
      "z" : -0.9629489
    },
    "lookAtPoint" : {
      "x" : 0.0,
      "y" : 0.0,
      "z" : 0.0
    },
    "perspective" : true,
    "fieldOfView" : 0.44263062,
    "farClipDistance" : 640.3561,
    "stereo" : false,
    "width" : 144.08102,
    "position" : {
      "x" : 281.82202,
      "y" : -151.94858,
      "z" : -0.9991145
    }
  },
  "embedding" : [ 1.0, 0.0, 0.0, 0.0, 0.0, 1.0, 0.0, 0.0, 0.0, 0.0, 1.0, 0.0, 0.0, 0.0, 0.0, 1.0 ],
  "shapes" : [ {
    "id" : "7781310c-e24b-4769-be64-6cc57c625dcb",
    "vertices" : [ {
      "x" : -2.618034,
      "y" : -2.618034,
      "z" : 2.618034
    }, {
      "x" : -5.236068,
      "y" : 0.0,
      "z" : -16.944271
    }, {
      "x" : -2.618034,
      "y" : -2.618034,
      "z" : -36.506577
    }, {
      "x" : 0.0,
      "y" : -5.236068,
      "z" : -16.944271
    } ],
    "faces" : [ {
      "vertices" : [ 0, 1, 2 ]
    }, {
      "vertices" : [ 0, 2, 3 ]
    }, {
      "vertices" : [ 0, 3, 2 ]
    }, {
      "vertices" : [ 0, 2, 1 ]
    } ]
  }, {
    "id" : "ce7d8064-4724-4b88-8c48-11158f961e96",
    "vertices" : [ {
      "x" : 4.145898,
      "y" : 17.562305,
      "z" : 4.145898
    }, {
      "x" : 3.809017,
      "y" : 16.944271,
      "z" : 3.690983
    }, {
      "x" : 3.690983,
      "y" : 17.135256,
      "z" : 4.0
    }, {
      "x" : 0.090169944,
      "y" : 0.38196602,
      "z" : 0.090169944
    }, {
      "x" : -0.072949015,
      "y" : 1.190983,
      "z" : 0.23606798
    }, {
      "x" : 0.045084972,
      "y" : 1.0,
      "z" : -0.072949015
    }, {
      "x" : 4.190983,
      "y" : 16.944271,
      "z" : 4.309017
    }, {
      "x" : 0.54508495,
      "y" : 0.809017,
      "z" : 0.23606798
    }, {
      "x" : 4.309017,
      "y" : 16.753288,
      "z" : 4.0
    }, {
      "x" : 4.236068,
      "y" : 17.944271,
      "z" : 4.236068
    }, {
      "x" : 0.42705098,
      "y" : 1.0,
      "z" : 0.54508495
    } ],
    "faces" : [ {
      "vertices" : [ 3, 10, 4 ]
    }, {
      "vertices" : [ 0, 1, 2 ]
    }, {
      "vertices" : [ 3, 7, 10 ]
    }, {
      "vertices" : [ 1, 8, 7 ]
    }, {
      "vertices" : [ 1, 7, 5 ]
    }, {
      "vertices" : [ 2, 4, 10 ]
    }, {
      "vertices" : [ 2, 10, 6 ]
    }, {
      "vertices" : [ 0, 2, 6 ]
    }, {
      "vertices" : [ 0, 8, 1 ]
    }, {
      "vertices" : [ 3, 4, 5 ]
    }, {
      "vertices" : [ 1, 5, 4 ]
    }, {
      "vertices" : [ 1, 4, 2 ]
    }, {
      "vertices" : [ 0, 6, 8 ]
    }, {
      "vertices" : [ 6, 10, 7 ]
    }, {
      "vertices" : [ 6, 7, 8 ]
    }, {
      "vertices" : [ 3, 5, 7 ]
    } ]
  }, {
    "id" : "e0090321-548e-4ba8-933c-28d22751916f",
    "vertices" : [ {
      "x" : 1.5835922,
      "y" : 4.145898,
      "z" : 21.708204
    }, {
      "x" : 1.218847,
      "y" : 4.190983,
      "z" : 20.944271
    }, {
      "x" : 1.218847,
      "y" : 3.809017,
      "z" : 20.944271
    }, {
      "x" : 0.39918694,
      "y" : 0.045084972,
      "z" : 1.236068
    }, {
      "x" : -0.21884705,
      "y" : 0.045084972,
      "z" : 1.236068
    }, {
      "x" : 0.034441855,
      "y" : 0.090169944,
      "z" : 0.47213596
    }, {
      "x" : -0.21884705,
      "y" : 0.42705098,
      "z" : 1.236068
    }, {
      "x" : 1.836881,
      "y" : 4.190983,
      "z" : 20.944271
    }, {
      "x" : 0.39918694,
      "y" : 0.42705098,
      "z" : 1.236068
    }, {
      "x" : 1.836881,
      "y" : 3.809017,
      "z" : 20.944271
    }, {
      "x" : 1.618034,
      "y" : 4.236068,
      "z" : 22.18034
    } ],
    "faces" : [ {
      "vertices" : [ 3, 5, 8 ]
    }, {
      "vertices" : [ 0, 9, 7 ]
    }, {
      "vertices" : [ 2, 4, 3 ]
    }, {
      "vertices" : [ 2, 3, 9 ]
    }, {
      "vertices" : [ 0, 1, 2 ]
    }, {
      "vertices" : [ 5, 6, 8 ]
    }, {
      "vertices" : [ 1, 7, 8 ]
    }, {
      "vertices" : [ 1, 8, 6 ]
    }, {
      "vertices" : [ 0, 7, 1 ]
    }, {
      "vertices" : [ 3, 8, 7 ]
    }, {
      "vertices" : [ 3, 7, 9 ]
    }, {
      "vertices" : [ 0, 2, 9 ]
    }, {
      "vertices" : [ 3, 4, 5 ]
    }, {
      "vertices" : [ 1, 6, 4 ]
    }, {
      "vertices" : [ 1, 4, 2 ]
    }, {
      "vertices" : [ 4, 6, 5 ]
    } ]
  }, {
    "id" : "64230786-7db4-430d-a79a-04bb26b1cea7",
    "vertices" : [ {
      "x" : 0.05572809,
      "y" : 0.05572809,
      "z" : 0.41640785
    }, {
      "x" : -0.16311896,
      "y" : -0.045084972,
      "z" : 1.0901699
    }, {
      "x" : -0.16311896,
      "y" : 0.33688104,
      "z" : 1.0901699
    }, {
      "x" : 2.781153,
      "y" : 2.663119,
      "z" : 18.472136
    }, {
      "x" : 2.163119,
      "y" : 2.663119,
      "z" : 18.472136
    }, {
      "x" : 2.163119,
      "y" : 2.281153,
      "z" : 18.472136
    }, {
      "x" : 2.562306,
      "y" : 2.562306,
      "z" : 19.145899
    }, {
      "x" : 0.45491502,
      "y" : 0.33688104,
      "z" : 1.0901699
    }, {
      "x" : 0.45491502,
      "y" : -0.045084972,
      "z" : 1.0901699
    }, {
      "x" : 2.781153,
      "y" : 2.281153,
      "z" : 18.472136
    }, {
      "x" : 2.618034,
      "y" : 2.618034,
      "z" : 19.562305
    } ],
    "faces" : [ {
      "vertices" : [ 2, 4, 3 ]
    }, {
      "vertices" : [ 2, 3, 7 ]
    }, {
      "vertices" : [ 3, 6, 9 ]
    }, {
      "vertices" : [ 0, 1, 2 ]
    }, {
      "vertices" : [ 5, 9, 6 ]
    }, {
      "vertices" : [ 1, 8, 9 ]
    }, {
      "vertices" : [ 1, 9, 5 ]
    }, {
      "vertices" : [ 0, 8, 1 ]
    }, {
      "vertices" : [ 0, 2, 7 ]
    }, {
      "vertices" : [ 3, 9, 8 ]
    }, {
      "vertices" : [ 3, 8, 7 ]
    }, {
      "vertices" : [ 1, 5, 4 ]
    }, {
      "vertices" : [ 1, 4, 2 ]
    }, {
      "vertices" : [ 3, 4, 6 ]
    }, {
      "vertices" : [ 4, 5, 6 ]
    }, {
      "vertices" : [ 0, 7, 8 ]
    } ]
  }, {
    "id" : "3a4e7c9c-b09c-4ea7-b3c6-d99f616035db",
    "vertices" : [ {
      "x" : -0.309017,
      "y" : -0.19098301,
      "z" : 0.0
    }, {
      "x" : -0.309017,
      "y" : 0.19098301,
      "z" : 0.0
    }, {
      "x" : -0.19098301,
      "y" : 0.0,
      "z" : -0.309017
    }, {
      "x" : -0.19098301,
      "y" : 0.0,
      "z" : 0.309017
    }, {
      "x" : 0.0,
      "y" : -0.309017,
      "z" : -0.19098301
    }, {
      "x" : 0.0,
      "y" : -0.309017,
      "z" : 0.19098301
    }, {
      "x" : 0.0,
      "y" : 0.309017,
      "z" : -0.19098301
    }, {
      "x" : 0.0,
      "y" : 0.309017,
      "z" : 0.19098301
    }, {
      "x" : 0.19098301,
      "y" : 0.0,
      "z" : -0.309017
    }, {
      "x" : 0.19098301,
      "y" : 0.0,
      "z" : 0.309017
    }, {
      "x" : 0.309017,
      "y" : -0.19098301,
      "z" : 0.0
    }, {
      "x" : 0.309017,
      "y" : 0.19098301,
      "z" : 0.0
    } ],
    "faces" : [ {
      "vertices" : [ 0, 1, 2 ]
    }, {
      "vertices" : [ 0, 3, 1 ]
    }, {
      "vertices" : [ 0, 2, 4 ]
    }, {
      "vertices" : [ 0, 5, 3 ]
    }, {
      "vertices" : [ 0, 4, 5 ]
    }, {
      "vertices" : [ 1, 6, 2 ]
    }, {
      "vertices" : [ 1, 3, 7 ]
    }, {
      "vertices" : [ 1, 7, 6 ]
    }, {
      "vertices" : [ 2, 8, 4 ]
    }, {
      "vertices" : [ 2, 6, 8 ]
    }, {
      "vertices" : [ 3, 5, 9 ]
    }, {
      "vertices" : [ 3, 9, 7 ]
    }, {
      "vertices" : [ 4, 10, 5 ]
    }, {
      "vertices" : [ 4, 8, 10 ]
    }, {
      "vertices" : [ 5, 10, 9 ]
    }, {
      "vertices" : [ 6, 7, 11 ]
    }, {
      "vertices" : [ 6, 11, 8 ]
    }, {
      "vertices" : [ 7, 9, 11 ]
    }, {
      "vertices" : [ 8, 11, 10 ]
    }, {
      "vertices" : [ 9, 10, 11 ]
    } ]
  }, {
    "id" : "32952f27-ec32-48cf-a60a-180621f7e66c",
    "vertices" : [ {
      "x" : 6.663119,
      "y" : 14.472136,
      "z" : -6.163119
    }, {
      "x" : 0.14589803,
      "y" : 0.32623792,
      "z" : -0.14589803
    }, {
      "x" : 0.690983,
      "y" : 0.66311896,
      "z" : -0.38196602
    }, {
      "x" : 0.572949,
      "y" : 0.85410196,
      "z" : -0.072949015
    }, {
      "x" : 6.708204,
      "y" : 15.0,
      "z" : -6.708204
    }, {
      "x" : 6.7811527,
      "y" : 14.281153,
      "z" : -6.472136
    }, {
      "x" : 6.2586102,
      "y" : 14.435661,
      "z" : -6.767221
    }, {
      "x" : 6.1405764,
      "y" : 14.626644,
      "z" : -6.458204
    }, {
      "x" : 0.16844052,
      "y" : 0.81762743,
      "z" : -0.677051
    }, {
      "x" : 0.05040653,
      "y" : 1.0086105,
      "z" : -0.36803398
    }, {
      "x" : 6.854102,
      "y" : 15.326238,
      "z" : -6.854102
    } ],
    "faces" : [ {
      "vertices" : [ 4, 6, 7 ]
    }, {
      "vertices" : [ 1, 9, 8 ]
    }, {
      "vertices" : [ 0, 7, 9 ]
    }, {
      "vertices" : [ 0, 9, 3 ]
    }, {
      "vertices" : [ 2, 8, 6 ]
    }, {
      "vertices" : [ 2, 6, 5 ]
    }, {
      "vertices" : [ 1, 2, 3 ]
    }, {
      "vertices" : [ 0, 5, 4 ]
    }, {
      "vertices" : [ 0, 3, 2 ]
    }, {
      "vertices" : [ 0, 2, 5 ]
    }, {
      "vertices" : [ 0, 4, 7 ]
    }, {
      "vertices" : [ 1, 8, 2 ]
    }, {
      "vertices" : [ 1, 3, 9 ]
    }, {
      "vertices" : [ 6, 8, 9 ]
    }, {
      "vertices" : [ 6, 9, 7 ]
    }, {
      "vertices" : [ 4, 5, 6 ]
    } ]
  }, {
    "id" : "7140e6a2-b9eb-4d66-abec-40c981bc1728",
    "vertices" : [ {
      "x" : 1.236068,
      "y" : 0.54508495,
      "z" : 0.33688104
    }, {
      "x" : 1.236068,
      "y" : -0.072949015,
      "z" : 0.33688104
    }, {
      "x" : 20.944271,
      "y" : 3.690983,
      "z" : 2.663119
    }, {
      "x" : 20.944271,
      "y" : 4.309017,
      "z" : 2.663119
    }, {
      "x" : 22.18034,
      "y" : 4.236068,
      "z" : 2.618034
    }, {
      "x" : 0.295686,
      "y" : 0.056471,
      "z" : 0.034900997
    }, {
      "x" : 1.236068,
      "y" : 0.54508495,
      "z" : -0.045084972
    }, {
      "x" : 20.944271,
      "y" : 3.690983,
      "z" : 2.281153
    }, {
      "x" : 1.236068,
      "y" : -0.072949015,
      "z" : -0.045084972
    }, {
      "x" : 20.944271,
      "y" : 4.309017,
      "z" : 2.281153
    }, {
      "x" : 21.884653,
      "y" : 4.179597,
      "z" : 2.583133
    } ],
    "faces" : [ {
      "vertices" : [ 1, 8, 7 ]
    }, {
      "vertices" : [ 1, 7, 2 ]
    }, {
      "vertices" : [ 0, 3, 9 ]
    }, {
      "vertices" : [ 0, 9, 6 ]
    }, {
      "vertices" : [ 2, 7, 10 ]
    }, {
      "vertices" : [ 5, 6, 8 ]
    }, {
      "vertices" : [ 0, 1, 2 ]
    }, {
      "vertices" : [ 0, 2, 3 ]
    }, {
      "vertices" : [ 0, 5, 1 ]
    }, {
      "vertices" : [ 3, 10, 9 ]
    }, {
      "vertices" : [ 7, 9, 10 ]
    }, {
      "vertices" : [ 0, 6, 5 ]
    }, {
      "vertices" : [ 6, 9, 7 ]
    }, {
      "vertices" : [ 6, 7, 8 ]
    }, {
      "vertices" : [ 1, 5, 8 ]
    }, {
      "vertices" : [ 2, 10, 3 ]
    } ]
  }, {
    "id" : "7ba2f176-8042-4ed2-8870-c111f95c95e3",
    "vertices" : [ {
      "x" : 0.0,
      "y" : 0.0,
      "z" : 22.18034
    }, {
      "x" : -15.326238,
      "y" : 15.326238,
      "z" : 15.326238
    }, {
      "x" : 0.0,
      "y" : 30.652475,
      "z" : 8.472136
    }, {
      "x" : 15.326238,
      "y" : 15.326238,
      "z" : 15.326238
    } ],
    "faces" : [ {
      "vertices" : [ 0, 1, 2 ]
    }, {
      "vertices" : [ 0, 2, 3 ]
    }, {
      "vertices" : [ 0, 3, 2 ]
    }, {
      "vertices" : [ 0, 2, 1 ]
    } ]
  }, {
    "id" : "0da772aa-49f9-4385-9f81-a60d54e145ed",
    "vertices" : [ {
      "x" : -6.854102,
      "y" : -6.854102,
      "z" : 6.854102
    }, {
      "x" : 0.0,
      "y" : -13.708204,
      "z" : -8.472136
    }, {
      "x" : -6.854102,
      "y" : -6.854102,
      "z" : -23.798374
    }, {
      "x" : -13.708204,
      "y" : 0.0,
      "z" : -8.472136
    } ],
    "faces" : [ {
      "vertices" : [ 0, 1, 2 ]
    }, {
      "vertices" : [ 0, 2, 3 ]
    }, {
      "vertices" : [ 0, 3, 2 ]
    }, {
      "vertices" : [ 0, 2, 1 ]
    } ]
  }, {
    "id" : "c5b62f25-3ce3-4d0e-b230-6409dc730024",
    "vertices" : [ {
      "x" : 1.0,
      "y" : 0.309017,
      "z" : 0.19098301
    }, {
      "x" : 1.0,
      "y" : -0.309017,
      "z" : 0.19098301
    }, {
      "x" : 57.068882,
      "y" : -0.309017,
      "z" : 0.19098301
    }, {
      "x" : 57.068882,
      "y" : 0.309017,
      "z" : 0.19098301
    }, {
      "x" : 57.068882,
      "y" : -0.309017,
      "z" : -0.19098301
    }, {
      "x" : 57.068882,
      "y" : 0.309017,
      "z" : -0.19098301
    }, {
      "x" : 57.686916,
      "y" : 0.0,
      "z" : 0.0
    }, {
      "x" : 0.38196602,
      "y" : 0.0,
      "z" : 0.0
    }, {
      "x" : 1.0,
      "y" : 0.309017,
      "z" : -0.19098301
    }, {
      "x" : 1.0,
      "y" : -0.309017,
      "z" : -0.19098301
    }, {
      "x" : 58.068882,
      "y" : 0.0,
      "z" : 0.0
    } ],
    "faces" : [ {
      "vertices" : [ 1, 9, 4 ]
    }, {
      "vertices" : [ 1, 4, 2 ]
    }, {
      "vertices" : [ 0, 3, 5 ]
    }, {
      "vertices" : [ 0, 5, 8 ]
    }, {
      "vertices" : [ 1, 7, 9 ]
    }, {
      "vertices" : [ 0, 1, 2 ]
    }, {
      "vertices" : [ 0, 2, 3 ]
    }, {
      "vertices" : [ 7, 8, 9 ]
    }, {
      "vertices" : [ 0, 7, 1 ]
    }, {
      "vertices" : [ 4, 9, 8 ]
    }, {
      "vertices" : [ 4, 8, 5 ]
    }, {
      "vertices" : [ 2, 6, 3 ]
    }, {
      "vertices" : [ 2, 4, 6 ]
    }, {
      "vertices" : [ 3, 6, 5 ]
    }, {
      "vertices" : [ 4, 5, 6 ]
    }, {
      "vertices" : [ 0, 8, 7 ]
    } ]
  }, {
    "id" : "744750c5-9efb-439a-98f1-d40621bcabd6",
    "vertices" : [ {
      "x" : 0.0,
      "y" : 0.0,
      "z" : 22.18034
    }, {
      "x" : -4.236068,
      "y" : -4.236068,
      "z" : 4.236068
    }, {
      "x" : 0.0,
      "y" : -8.472136,
      "z" : -13.708204
    }, {
      "x" : 4.236068,
      "y" : -4.236068,
      "z" : 4.236068
    } ],
    "faces" : [ {
      "vertices" : [ 0, 1, 2 ]
    }, {
      "vertices" : [ 0, 2, 3 ]
    }, {
      "vertices" : [ 0, 3, 2 ]
    }, {
      "vertices" : [ 0, 2, 1 ]
    } ]
  }, {
    "id" : "6dfa9540-955d-4ae2-bebb-f56d6fd75d66",
    "vertices" : [ {
      "x" : 0.0,
      "y" : 0.0,
      "z" : 22.18034
    }, {
      "x" : 11.09017,
      "y" : -11.09017,
      "z" : 5.854102
    }, {
      "x" : 22.18034,
      "y" : 0.0,
      "z" : -10.472136
    }, {
      "x" : 11.09017,
      "y" : 11.09017,
      "z" : 5.854102
    } ],
    "faces" : [ {
      "vertices" : [ 0, 1, 2 ]
    }, {
      "vertices" : [ 0, 2, 3 ]
    }, {
      "vertices" : [ 0, 3, 2 ]
    }, {
      "vertices" : [ 0, 2, 1 ]
    } ]
  }, {
    "id" : "638673f0-83a7-45cc-a1bd-09ca393d0cba",
    "vertices" : [ {
      "x" : 0.0,
      "y" : 0.0,
      "z" : 22.18034
    }, {
      "x" : 4.236068,
      "y" : -4.236068,
      "z" : 4.236068
    }, {
      "x" : 8.472136,
      "y" : 0.0,
      "z" : -13.708204
    }, {
      "x" : 4.236068,
      "y" : 4.236068,
      "z" : 4.236068
    } ],
    "faces" : [ {
      "vertices" : [ 0, 1, 2 ]
    }, {
      "vertices" : [ 0, 2, 3 ]
    }, {
      "vertices" : [ 0, 3, 2 ]
    }, {
      "vertices" : [ 0, 2, 1 ]
    } ]
  }, {
    "id" : "3fe7fdf0-c46a-49a7-a378-cc2bfc27d2fe",
    "vertices" : [ {
      "x" : 0.0,
      "y" : 0.0,
      "z" : 22.18034
    }, {
      "x" : -2.618034,
      "y" : 2.618034,
      "z" : 2.618034
    }, {
      "x" : -5.236068,
      "y" : 0.0,
      "z" : -16.944271
    }, {
      "x" : -2.618034,
      "y" : -2.618034,
      "z" : 2.618034
    } ],
    "faces" : [ {
      "vertices" : [ 0, 1, 2 ]
    }, {
      "vertices" : [ 0, 2, 3 ]
    }, {
      "vertices" : [ 0, 3, 2 ]
    }, {
      "vertices" : [ 0, 2, 1 ]
    } ]
  }, {
    "id" : "81aa6b5c-53d4-4359-9d70-9170b45efac8",
    "vertices" : [ {
      "x" : 2.618034,
      "y" : 2.618034,
      "z" : 2.618034
    }, {
      "x" : 5.236068,
      "y" : 0.0,
      "z" : -16.944271
    }, {
      "x" : 2.618034,
      "y" : 2.618034,
      "z" : -36.506577
    }, {
      "x" : 0.0,
      "y" : 5.236068,
      "z" : -16.944271
    } ],
    "faces" : [ {
      "vertices" : [ 0, 1, 2 ]
    }, {
      "vertices" : [ 0, 2, 3 ]
    }, {
      "vertices" : [ 0, 3, 2 ]
    }, {
      "vertices" : [ 0, 2, 1 ]
    } ]
  }, {
    "id" : "4557b7d1-d38f-4e9f-b3e5-fb2fbdd86682",
    "vertices" : [ {
      "x" : 4.236068,
      "y" : -4.236068,
      "z" : 4.236068
    }, {
      "x" : 0.0,
      "y" : -8.472136,
      "z" : -13.708204
    }, {
      "x" : 4.236068,
      "y" : -4.236068,
      "z" : -31.652475
    }, {
      "x" : 8.472136,
      "y" : 0.0,
      "z" : -13.708204
    } ],
    "faces" : [ {
      "vertices" : [ 0, 1, 2 ]
    }, {
      "vertices" : [ 0, 2, 3 ]
    }, {
      "vertices" : [ 0, 3, 2 ]
    }, {
      "vertices" : [ 0, 2, 1 ]
    } ]
  }, {
    "id" : "df6bf27e-c5dd-4306-a2c7-a0d3aef386b5",
    "vertices" : [ {
      "x" : 0.0,
      "y" : 0.0,
      "z" : 22.18034
    }, {
      "x" : 2.618034,
      "y" : 2.618034,
      "z" : 2.618034
    }, {
      "x" : 0.0,
      "y" : 5.236068,
      "z" : -16.944271
    }, {
      "x" : -2.618034,
      "y" : 2.618034,
      "z" : 2.618034
    } ],
    "faces" : [ {
      "vertices" : [ 0, 1, 2 ]
    }, {
      "vertices" : [ 0, 2, 3 ]
    }, {
      "vertices" : [ 0, 3, 2 ]
    }, {
      "vertices" : [ 0, 2, 1 ]
    } ]
  }, {
    "id" : "0dcb57c1-1186-4951-a350-607bccd26308",
    "vertices" : [ {
      "x" : 0.0,
      "y" : 0.0,
      "z" : 22.18034
    }, {
      "x" : 15.326238,
      "y" : 15.326238,
      "z" : 15.326238
    }, {
      "x" : 30.652475,
      "y" : 0.0,
      "z" : 8.472136
    }, {
      "x" : 15.326238,
      "y" : -15.326238,
      "z" : 15.326238
    } ],
    "faces" : [ {
      "vertices" : [ 0, 1, 2 ]
    }, {
      "vertices" : [ 0, 2, 3 ]
    }, {
      "vertices" : [ 0, 3, 2 ]
    }, {
      "vertices" : [ 0, 2, 1 ]
    } ]
  }, {
    "id" : "896127ba-3627-42f3-9347-968ee2b1dd17",
    "vertices" : [ {
      "x" : 4.236068,
      "y" : 4.236068,
      "z" : 4.236068
    }, {
      "x" : 8.472136,
      "y" : 0.0,
      "z" : -13.708204
    }, {
      "x" : 4.236068,
      "y" : 4.236068,
      "z" : -31.652475
    }, {
      "x" : 0.0,
      "y" : 8.472136,
      "z" : -13.708204
    } ],
    "faces" : [ {
      "vertices" : [ 0, 1, 2 ]
    }, {
      "vertices" : [ 0, 2, 3 ]
    }, {
      "vertices" : [ 0, 3, 2 ]
    }, {
      "vertices" : [ 0, 2, 1 ]
    } ]
  }, {
    "id" : "de82f23f-21a6-4c57-af8c-2a05705cef28",
    "vertices" : [ {
      "x" : 6.854102,
      "y" : 6.854102,
      "z" : 6.854102
    }, {
      "x" : 0.0,
      "y" : 13.708204,
      "z" : -8.472136
    }, {
      "x" : 6.854102,
      "y" : 6.854102,
      "z" : -23.798374
    }, {
      "x" : 13.708204,
      "y" : 0.0,
      "z" : -8.472136
    } ],
    "faces" : [ {
      "vertices" : [ 0, 1, 2 ]
    }, {
      "vertices" : [ 0, 2, 3 ]
    }, {
      "vertices" : [ 0, 3, 2 ]
    }, {
      "vertices" : [ 0, 2, 1 ]
    } ]
  }, {
    "id" : "6b123d4e-2595-4931-a81f-e52308a06ec4",
    "vertices" : [ {
      "x" : 0.0,
      "y" : 0.0,
      "z" : 22.18034
    }, {
      "x" : 15.326238,
      "y" : -15.326238,
      "z" : 15.326238
    }, {
      "x" : 0.0,
      "y" : -30.652475,
      "z" : 8.472136
    }, {
      "x" : -15.326238,
      "y" : -15.326238,
      "z" : 15.326238
    } ],
    "faces" : [ {
      "vertices" : [ 0, 1, 2 ]
    }, {
      "vertices" : [ 0, 2, 3 ]
    }, {
      "vertices" : [ 0, 3, 2 ]
    }, {
      "vertices" : [ 0, 2, 1 ]
    } ]
  }, {
    "id" : "87c796ee-880a-4c76-a182-7ab447031862",
    "vertices" : [ {
      "x" : 0.0,
      "y" : 0.0,
      "z" : 22.18034
    }, {
      "x" : -6.854102,
      "y" : -6.854102,
      "z" : 6.854102
    }, {
      "x" : -13.708204,
      "y" : 0.0,
      "z" : -8.472136
    }, {
      "x" : -6.854102,
      "y" : 6.854102,
      "z" : 6.854102
    } ],
    "faces" : [ {
      "vertices" : [ 0, 1, 2 ]
    }, {
      "vertices" : [ 0, 2, 3 ]
    }, {
      "vertices" : [ 0, 3, 2 ]
    }, {
      "vertices" : [ 0, 2, 1 ]
    } ]
  }, {
    "id" : "b4d5ede8-342d-4e9e-9ba2-cf662863e82e",
    "vertices" : [ {
      "x" : 0.0,
      "y" : 0.0,
      "z" : 22.18034
    }, {
      "x" : 11.09017,
      "y" : 11.09017,
      "z" : 5.854102
    }, {
      "x" : 0.0,
      "y" : 22.18034,
      "z" : -10.472136
    }, {
      "x" : -11.09017,
      "y" : 11.09017,
      "z" : 5.854102
    } ],
    "faces" : [ {
      "vertices" : [ 0, 1, 2 ]
    }, {
      "vertices" : [ 0, 2, 3 ]
    }, {
      "vertices" : [ 0, 3, 2 ]
    }, {
      "vertices" : [ 0, 2, 1 ]
    } ]
  }, {
    "id" : "0182f8fd-e6d4-4ab5-aba4-c25b00c65b55",
    "vertices" : [ {
      "x" : 0.0,
      "y" : 0.0,
      "z" : 22.18034
    }, {
      "x" : 4.236068,
      "y" : 4.236068,
      "z" : 4.236068
    }, {
      "x" : 0.0,
      "y" : 8.472136,
      "z" : -13.708204
    }, {
      "x" : -4.236068,
      "y" : 4.236068,
      "z" : 4.236068
    } ],
    "faces" : [ {
      "vertices" : [ 0, 1, 2 ]
    }, {
      "vertices" : [ 0, 2, 3 ]
    }, {
      "vertices" : [ 0, 3, 2 ]
    }, {
      "vertices" : [ 0, 2, 1 ]
    } ]
  }, {
    "id" : "77a82610-d434-4b19-9013-4a374048a1e3",
    "vertices" : [ {
      "x" : 0.0,
      "y" : 0.0,
      "z" : 22.18034
    }, {
      "x" : 2.618034,
      "y" : -2.618034,
      "z" : 2.618034
    }, {
      "x" : 5.236068,
      "y" : 0.0,
      "z" : -16.944271
    }, {
      "x" : 2.618034,
      "y" : 2.618034,
      "z" : 2.618034
    } ],
    "faces" : [ {
      "vertices" : [ 0, 1, 2 ]
    }, {
      "vertices" : [ 0, 2, 3 ]
    }, {
      "vertices" : [ 0, 3, 2 ]
    }, {
      "vertices" : [ 0, 2, 1 ]
    } ]
  }, {
    "id" : "93758751-3578-4e2f-888f-63df06611541",
    "vertices" : [ {
      "x" : 0.0,
      "y" : 0.0,
      "z" : 22.18034
    }, {
      "x" : -11.09017,
      "y" : 11.09017,
      "z" : 5.854102
    }, {
      "x" : -22.18034,
      "y" : 0.0,
      "z" : -10.472136
    }, {
      "x" : -11.09017,
      "y" : -11.09017,
      "z" : 5.854102
    } ],
    "faces" : [ {
      "vertices" : [ 0, 1, 2 ]
    }, {
      "vertices" : [ 0, 2, 3 ]
    }, {
      "vertices" : [ 0, 3, 2 ]
    }, {
      "vertices" : [ 0, 2, 1 ]
    } ]
  }, {
    "id" : "11431050-d6f8-46e1-abf7-594811945b73",
    "vertices" : [ {
      "x" : 1.0,
      "y" : 0.309017,
      "z" : 0.19098301
    }, {
      "x" : 1.0,
      "y" : -0.309017,
      "z" : 0.19098301
    }, {
      "x" : 21.18034,
      "y" : -0.309017,
      "z" : 0.19098301
    }, {
      "x" : 21.18034,
      "y" : 0.309017,
      "z" : 0.19098301
    }, {
      "x" : 21.18034,
      "y" : -0.309017,
      "z" : -0.19098301
    }, {
      "x" : 21.18034,
      "y" : 0.309017,
      "z" : -0.19098301
    }, {
      "x" : 21.798374,
      "y" : 0.0,
      "z" : 0.0
    }, {
      "x" : 0.38196602,
      "y" : 0.0,
      "z" : 0.0
    }, {
      "x" : 1.0,
      "y" : 0.309017,
      "z" : -0.19098301
    }, {
      "x" : 1.0,
      "y" : -0.309017,
      "z" : -0.19098301
    }, {
      "x" : 22.18034,
      "y" : 0.0,
      "z" : 0.0
    } ],
    "faces" : [ {
      "vertices" : [ 1, 9, 4 ]
    }, {
      "vertices" : [ 1, 4, 2 ]
    }, {
      "vertices" : [ 0, 3, 5 ]
    }, {
      "vertices" : [ 0, 5, 8 ]
    }, {
      "vertices" : [ 1, 7, 9 ]
    }, {
      "vertices" : [ 0, 1, 2 ]
    }, {
      "vertices" : [ 0, 2, 3 ]
    }, {
      "vertices" : [ 7, 8, 9 ]
    }, {
      "vertices" : [ 0, 7, 1 ]
    }, {
      "vertices" : [ 4, 9, 8 ]
    }, {
      "vertices" : [ 4, 8, 5 ]
    }, {
      "vertices" : [ 2, 6, 3 ]
    }, {
      "vertices" : [ 2, 4, 6 ]
    }, {
      "vertices" : [ 3, 6, 5 ]
    }, {
      "vertices" : [ 4, 5, 6 ]
    }, {
      "vertices" : [ 0, 8, 7 ]
    } ]
  }, {
    "id" : "cf015a8d-79e6-440f-bf4c-16ae6774c2da",
    "vertices" : [ {
      "x" : 2.618034,
      "y" : -2.618034,
      "z" : 2.618034
    }, {
      "x" : 0.0,
      "y" : -5.236068,
      "z" : -16.944271
    }, {
      "x" : 2.618034,
      "y" : -2.618034,
      "z" : -36.506577
    }, {
      "x" : 5.236068,
      "y" : 0.0,
      "z" : -16.944271
    } ],
    "faces" : [ {
      "vertices" : [ 0, 1, 2 ]
    }, {
      "vertices" : [ 0, 2, 3 ]
    }, {
      "vertices" : [ 0, 3, 2 ]
    }, {
      "vertices" : [ 0, 2, 1 ]
    } ]
  }, {
    "id" : "5c5c6643-86f1-4330-bdba-3b134afb0cb4",
    "vertices" : [ {
      "x" : -4.236068,
      "y" : 4.236068,
      "z" : 4.236068
    }, {
      "x" : 0.0,
      "y" : 8.472136,
      "z" : -13.708204
    }, {
      "x" : -4.236068,
      "y" : 4.236068,
      "z" : -31.652475
    }, {
      "x" : -8.472136,
      "y" : 0.0,
      "z" : -13.708204
    } ],
    "faces" : [ {
      "vertices" : [ 0, 1, 2 ]
    }, {
      "vertices" : [ 0, 2, 3 ]
    }, {
      "vertices" : [ 0, 3, 2 ]
    }, {
      "vertices" : [ 0, 2, 1 ]
    } ]
  }, {
    "id" : "a52da2c8-1894-4d6e-aff5-9af75a8b0754",
    "vertices" : [ {
      "x" : 0.0,
      "y" : 0.0,
      "z" : 22.18034
    }, {
      "x" : -6.854102,
      "y" : 6.854102,
      "z" : 6.854102
    }, {
      "x" : 0.0,
      "y" : 13.708204,
      "z" : -8.472136
    }, {
      "x" : 6.854102,
      "y" : 6.854102,
      "z" : 6.854102
    } ],
    "faces" : [ {
      "vertices" : [ 0, 1, 2 ]
    }, {
      "vertices" : [ 0, 2, 3 ]
    }, {
      "vertices" : [ 0, 3, 2 ]
    }, {
      "vertices" : [ 0, 2, 1 ]
    } ]
  }, {
    "id" : "3fd70bcf-0812-4a3d-a465-cffd56b53aca",
    "vertices" : [ {
      "x" : 0.0,
      "y" : 0.0,
      "z" : 22.18034
    }, {
      "x" : -15.326238,
      "y" : -15.326238,
      "z" : 15.326238
    }, {
      "x" : -30.652475,
      "y" : 0.0,
      "z" : 8.472136
    }, {
      "x" : -15.326238,
      "y" : 15.326238,
      "z" : 15.326238
    } ],
    "faces" : [ {
      "vertices" : [ 0, 1, 2 ]
    }, {
      "vertices" : [ 0, 2, 3 ]
    }, {
      "vertices" : [ 0, 3, 2 ]
    }, {
      "vertices" : [ 0, 2, 1 ]
    } ]
  }, {
    "id" : "0fd9c7da-39ea-447e-8e91-10f09f271077",
    "vertices" : [ {
      "x" : 0.0,
      "y" : 0.0,
      "z" : 22.18034
    }, {
      "x" : -2.618034,
      "y" : -2.618034,
      "z" : 2.618034
    }, {
      "x" : 0.0,
      "y" : -5.236068,
      "z" : -16.944271
    }, {
      "x" : 2.618034,
      "y" : -2.618034,
      "z" : 2.618034
    } ],
    "faces" : [ {
      "vertices" : [ 0, 1, 2 ]
    }, {
      "vertices" : [ 0, 2, 3 ]
    }, {
      "vertices" : [ 0, 3, 2 ]
    }, {
      "vertices" : [ 0, 2, 1 ]
    } ]
  }, {
    "id" : "447dab0a-d3c9-45d1-a578-0182b51ad0af",
    "vertices" : [ {
      "x" : -2.618034,
      "y" : 2.618034,
      "z" : 2.618034
    }, {
      "x" : 0.0,
      "y" : 5.236068,
      "z" : -16.944271
    }, {
      "x" : -2.618034,
      "y" : 2.618034,
      "z" : -36.506577
    }, {
      "x" : -5.236068,
      "y" : 0.0,
      "z" : -16.944271
    } ],
    "faces" : [ {
      "vertices" : [ 0, 1, 2 ]
    }, {
      "vertices" : [ 0, 2, 3 ]
    }, {
      "vertices" : [ 0, 3, 2 ]
    }, {
      "vertices" : [ 0, 2, 1 ]
    } ]
  }, {
    "id" : "7d0f60e5-4312-476b-9a4c-3b1314c0aef4",
    "vertices" : [ {
      "x" : -4.236068,
      "y" : -4.236068,
      "z" : 4.236068
    }, {
      "x" : -8.472136,
      "y" : 0.0,
      "z" : -13.708204
    }, {
      "x" : -4.236068,
      "y" : -4.236068,
      "z" : -31.652475
    }, {
      "x" : 0.0,
      "y" : -8.472136,
      "z" : -13.708204
    } ],
    "faces" : [ {
      "vertices" : [ 0, 1, 2 ]
    }, {
      "vertices" : [ 0, 2, 3 ]
    }, {
      "vertices" : [ 0, 3, 2 ]
    }, {
      "vertices" : [ 0, 2, 1 ]
    } ]
  }, {
    "id" : "8e3eee0c-829c-4001-ae0f-53ca65a7a738",
    "vertices" : [ {
      "x" : -6.854102,
      "y" : 6.854102,
      "z" : 6.854102
    }, {
      "x" : -13.708204,
      "y" : 0.0,
      "z" : -8.472136
    }, {
      "x" : -6.854102,
      "y" : 6.854102,
      "z" : -23.798374
    }, {
      "x" : 0.0,
      "y" : 13.708204,
      "z" : -8.472136
    } ],
    "faces" : [ {
      "vertices" : [ 0, 1, 2 ]
    }, {
      "vertices" : [ 0, 2, 3 ]
    }, {
      "vertices" : [ 0, 3, 2 ]
    }, {
      "vertices" : [ 0, 2, 1 ]
    } ]
  }, {
    "id" : "a85223dc-9ca5-466f-84ab-8e98a1299614",
    "vertices" : [ {
      "x" : 0.0,
      "y" : 0.0,
      "z" : 22.18034
    }, {
      "x" : 6.854102,
      "y" : -6.854102,
      "z" : 6.854102
    }, {
      "x" : 0.0,
      "y" : -13.708204,
      "z" : -8.472136
    }, {
      "x" : -6.854102,
      "y" : -6.854102,
      "z" : 6.854102
    } ],
    "faces" : [ {
      "vertices" : [ 0, 1, 2 ]
    }, {
      "vertices" : [ 0, 2, 3 ]
    }, {
      "vertices" : [ 0, 3, 2 ]
    }, {
      "vertices" : [ 0, 2, 1 ]
    } ]
  }, {
    "id" : "f9989f37-3ec8-4392-800b-2dc2d69bed1d",
    "vertices" : [ {
      "x" : 0.0,
      "y" : 0.0,
      "z" : 22.18034
    }, {
      "x" : 6.854102,
      "y" : 6.854102,
      "z" : 6.854102
    }, {
      "x" : 13.708204,
      "y" : 0.0,
      "z" : -8.472136
    }, {
      "x" : 6.854102,
      "y" : -6.854102,
      "z" : 6.854102
    } ],
    "faces" : [ {
      "vertices" : [ 0, 1, 2 ]
    }, {
      "vertices" : [ 0, 2, 3 ]
    }, {
      "vertices" : [ 0, 3, 2 ]
    }, {
      "vertices" : [ 0, 2, 1 ]
    } ]
  }, {
    "id" : "aee415b6-f6dd-4db7-9d86-be38496ef49f",
    "vertices" : [ {
      "x" : 6.854102,
      "y" : -6.854102,
      "z" : 6.854102
    }, {
      "x" : 13.708204,
      "y" : 0.0,
      "z" : -8.472136
    }, {
      "x" : 6.854102,
      "y" : -6.854102,
      "z" : -23.798374
    }, {
      "x" : 0.0,
      "y" : -13.708204,
      "z" : -8.472136
    } ],
    "faces" : [ {
      "vertices" : [ 0, 1, 2 ]
    }, {
      "vertices" : [ 0, 2, 3 ]
    }, {
      "vertices" : [ 0, 3, 2 ]
    }, {
      "vertices" : [ 0, 2, 1 ]
    } ]
  }, {
    "id" : "c9ed61eb-1e33-4e7f-a7f8-295a060daaaa",
    "vertices" : [ {
      "x" : 0.0,
      "y" : 0.0,
      "z" : 22.18034
    }, {
      "x" : -11.09017,
      "y" : -11.09017,
      "z" : 5.854102
    }, {
      "x" : 0.0,
      "y" : -22.18034,
      "z" : -10.472136
    }, {
      "x" : 11.09017,
      "y" : -11.09017,
      "z" : 5.854102
    } ],
    "faces" : [ {
      "vertices" : [ 0, 1, 2 ]
    }, {
      "vertices" : [ 0, 2, 3 ]
    }, {
      "vertices" : [ 0, 3, 2 ]
    }, {
      "vertices" : [ 0, 2, 1 ]
    } ]
  }, {
    "id" : "a7853e4a-22d5-470a-bb45-f95bbecdbb95",
    "vertices" : [ {
      "x" : 0.0,
      "y" : 0.0,
      "z" : 22.18034
    }, {
      "x" : -4.236068,
      "y" : 4.236068,
      "z" : 4.236068
    }, {
      "x" : -8.472136,
      "y" : 0.0,
      "z" : -13.708204
    }, {
      "x" : -4.236068,
      "y" : -4.236068,
      "z" : 4.236068
    } ],
    "faces" : [ {
      "vertices" : [ 0, 1, 2 ]
    }, {
      "vertices" : [ 0, 2, 3 ]
    }, {
      "vertices" : [ 0, 3, 2 ]
    }, {
      "vertices" : [ 0, 2, 1 ]
    } ]
  }, {
    "id" : "e2d618e3-1460-402a-9ec3-4bba4657ec93",
    "vertices" : [ {
      "x" : 4.236068,
      "y" : -4.236068,
      "z" : 17.944271
    }, {
      "x" : 0.0,
      "y" : -8.472136,
      "z" : 0.0
    }, {
      "x" : 4.236068,
      "y" : -4.236068,
      "z" : -17.944271
    }, {
      "x" : 8.472136,
      "y" : 0.0,
      "z" : 0.0
    } ],
    "faces" : [ {
      "vertices" : [ 0, 1, 2 ]
    }, {
      "vertices" : [ 0, 2, 3 ]
    }, {
      "vertices" : [ 0, 3, 2 ]
    }, {
      "vertices" : [ 0, 2, 1 ]
    } ]
  }, {
    "id" : "9f838c8a-5514-41b9-9649-dc0c51902bc6",
    "vertices" : [ {
      "x" : 29.034441,
      "y" : 0.0,
      "z" : -11.09017
    }, {
      "x" : 28.725426,
      "y" : 0.0,
      "z" : -10.972136
    }, {
      "x" : 28.320917,
      "y" : -0.1545085,
      "z" : -10.531153
    }, {
      "x" : 28.129932,
      "y" : -0.1545085,
      "z" : -11.031153
    }, {
      "x" : 0.9045085,
      "y" : -0.1545085,
      "z" : -0.059016995
    }, {
      "x" : 0.809017,
      "y" : 0.309017,
      "z" : -0.309017
    }, {
      "x" : 0.309017,
      "y" : 0.0,
      "z" : -0.11803399
    }, {
      "x" : 28.225426,
      "y" : 0.309017,
      "z" : -10.781153
    }, {
      "x" : 0.7135255,
      "y" : -0.1545085,
      "z" : -0.559017
    } ],
    "faces" : [ {
      "vertices" : [ 2, 4, 8 ]
    }, {
      "vertices" : [ 2, 8, 3 ]
    }, {
      "vertices" : [ 2, 7, 5 ]
    }, {
      "vertices" : [ 2, 5, 4 ]
    }, {
      "vertices" : [ 4, 6, 8 ]
    }, {
      "vertices" : [ 5, 8, 6 ]
    }, {
      "vertices" : [ 1, 2, 3 ]
    }, {
      "vertices" : [ 3, 8, 5 ]
    }, {
      "vertices" : [ 3, 5, 7 ]
    }, {
      "vertices" : [ 1, 7, 2 ]
    }, {
      "vertices" : [ 1, 3, 7 ]
    }, {
      "vertices" : [ 4, 5, 6 ]
    } ]
