{
  "polygons" : "true",
  "field" : "golden",
  "symmetry" : "icosahedral",
  "orientations" : [ [ 1.0, 0.0, 0.0, 0.0, 0.0, 1.0, 0.0, 0.0, 0.0, 0.0, 1.0, 0.0, 0.0, 0.0, 0.0, 1.0 ], [ 0.0, 0.0, 1.0, 0.0, 1.0, 0.0, 0.0, 0.0, 0.0, 1.0, 0.0, 0.0, 0.0, 0.0, 0.0, 1.0 ], [ 0.0, 1.0, 0.0, 0.0, 0.0, 0.0, 1.0, 0.0, 1.0, 0.0, 0.0, 0.0, 0.0, 0.0, 0.0, 1.0 ], [ 0.809017, 0.309017, 0.5, 0.0, 0.309017, 0.5, -0.809017, 0.0, -0.5, 0.809017, 0.309017, 0.0, 0.0, 0.0, 0.0, 1.0 ], [ -0.5, 0.809017, 0.309017, 0.0, 0.809017, 0.309017, 0.5, 0.0, 0.309017, 0.5, -0.809017, 0.0, 0.0, 0.0, 0.0, 1.0 ], [ 0.309017, 0.5, -0.809017, 0.0, -0.5, 0.809017, 0.309017, 0.0, 0.809017, 0.309017, 0.5, 0.0, 0.0, 0.0, 0.0, 1.0 ], [ 0.5, 0.809017, 0.309017, 0.0, 0.809017, -0.309017, -0.5, 0.0, -0.309017, 0.5, -0.809017, 0.0, 0.0, 0.0, 0.0, 1.0 ], [ -0.309017, 0.5, -0.809017, 0.0, 0.5, 0.809017, 0.309017, 0.0, 0.809017, -0.309017, -0.5, 0.0, 0.0, 0.0, 0.0, 1.0 ], [ 0.809017, -0.309017, -0.5, 0.0, -0.309017, 0.5, -0.809017, 0.0, 0.5, 0.809017, 0.309017, 0.0, 0.0, 0.0, 0.0, 1.0 ], [ 0.5, 0.809017, -0.309017, 0.0, 0.809017, -0.309017, 0.5, 0.0, 0.309017, -0.5, -0.809017, 0.0, 0.0, 0.0, 0.0, 1.0 ], [ 0.309017, -0.5, -0.809017, 0.0, 0.5, 0.809017, -0.309017, 0.0, 0.809017, -0.309017, 0.5, 0.0, 0.0, 0.0, 0.0, 1.0 ], [ 0.809017, -0.309017, 0.5, 0.0, 0.309017, -0.5, -0.809017, 0.0, 0.5, 0.809017, -0.309017, 0.0, 0.0, 0.0, 0.0, 1.0 ], [ 0.809017, 0.309017, -0.5, 0.0, 0.309017, 0.5, 0.809017, 0.0, 0.5, -0.809017, 0.309017, 0.0, 0.0, 0.0, 0.0, 1.0 ], [ 0.5, -0.809017, 0.309017, 0.0, 0.809017, 0.309017, -0.5, 0.0, 0.309017, 0.5, 0.809017, 0.0, 0.0, 0.0, 0.0, 1.0 ], [ 0.309017, 0.5, 0.809017, 0.0, 0.5, -0.809017, 0.309017, 0.0, 0.809017, 0.309017, -0.5, 0.0, 0.0, 0.0, 0.0, 1.0 ], [ 1.0, 0.0, 0.0, 0.0, 0.0, -1.0, 0.0, 0.0, 0.0, 0.0, -1.0, 0.0, 0.0, 0.0, 0.0, 1.0 ], [ 0.0, 0.0, 1.0, 0.0, -1.0, 0.0, 0.0, 0.0, 0.0, -1.0, 0.0, 0.0, 0.0, 0.0, 0.0, 1.0 ], [ 0.0, 1.0, 0.0, 0.0, 0.0, 0.0, -1.0, 0.0, -1.0, 0.0, 0.0, 0.0, 0.0, 0.0, 0.0, 1.0 ], [ 0.809017, 0.309017, 0.5, 0.0, -0.309017, -0.5, 0.809017, 0.0, 0.5, -0.809017, -0.309017, 0.0, 0.0, 0.0, 0.0, 1.0 ], [ -0.5, 0.809017, 0.309017, 0.0, -0.809017, -0.309017, -0.5, 0.0, -0.309017, -0.5, 0.809017, 0.0, 0.0, 0.0, 0.0, 1.0 ], [ 0.309017, 0.5, -0.809017, 0.0, 0.5, -0.809017, -0.309017, 0.0, -0.809017, -0.309017, -0.5, 0.0, 0.0, 0.0, 0.0, 1.0 ], [ 0.5, 0.809017, 0.309017, 0.0, -0.809017, 0.309017, 0.5, 0.0, 0.309017, -0.5, 0.809017, 0.0, 0.0, 0.0, 0.0, 1.0 ], [ -0.309017, 0.5, -0.809017, 0.0, -0.5, -0.809017, -0.309017, 0.0, -0.809017, 0.309017, 0.5, 0.0, 0.0, 0.0, 0.0, 1.0 ], [ 0.809017, -0.309017, -0.5, 0.0, 0.309017, -0.5, 0.809017, 0.0, -0.5, -0.809017, -0.309017, 0.0, 0.0, 0.0, 0.0, 1.0 ], [ 0.5, 0.809017, -0.309017, 0.0, -0.809017, 0.309017, -0.5, 0.0, -0.309017, 0.5, 0.809017, 0.0, 0.0, 0.0, 0.0, 1.0 ], [ 0.309017, -0.5, -0.809017, 0.0, -0.5, -0.809017, 0.309017, 0.0, -0.809017, 0.309017, -0.5, 0.0, 0.0, 0.0, 0.0, 1.0 ], [ 0.809017, -0.309017, 0.5, 0.0, -0.309017, 0.5, 0.809017, 0.0, -0.5, -0.809017, 0.309017, 0.0, 0.0, 0.0, 0.0, 1.0 ], [ 0.809017, 0.309017, -0.5, 0.0, -0.309017, -0.5, -0.809017, 0.0, -0.5, 0.809017, -0.309017, 0.0, 0.0, 0.0, 0.0, 1.0 ], [ 0.5, -0.809017, 0.309017, 0.0, -0.809017, -0.309017, 0.5, 0.0, -0.309017, -0.5, -0.809017, 0.0, 0.0, 0.0, 0.0, 1.0 ], [ 0.309017, 0.5, 0.809017, 0.0, -0.5, 0.809017, -0.309017, 0.0, -0.809017, -0.309017, 0.5, 0.0, 0.0, 0.0, 0.0, 1.0 ], [ -1.0, 0.0, 0.0, 0.0, 0.0, -1.0, 0.0, 0.0, 0.0, 0.0, 1.0, 0.0, 0.0, 0.0, 0.0, 1.0 ], [ 0.0, 0.0, -1.0, 0.0, -1.0, 0.0, 0.0, 0.0, 0.0, 1.0, 0.0, 0.0, 0.0, 0.0, 0.0, 1.0 ], [ 0.0, -1.0, 0.0, 0.0, 0.0, 0.0, -1.0, 0.0, 1.0, 0.0, 0.0, 0.0, 0.0, 0.0, 0.0, 1.0 ], [ -0.809017, -0.309017, -0.5, 0.0, -0.309017, -0.5, 0.809017, 0.0, -0.5, 0.809017, 0.309017, 0.0, 0.0, 0.0, 0.0, 1.0 ], [ 0.5, -0.809017, -0.309017, 0.0, -0.809017, -0.309017, -0.5, 0.0, 0.309017, 0.5, -0.809017, 0.0, 0.0, 0.0, 0.0, 1.0 ], [ -0.309017, -0.5, 0.809017, 0.0, 0.5, -0.809017, -0.309017, 0.0, 0.809017, 0.309017, 0.5, 0.0, 0.0, 0.0, 0.0, 1.0 ], [ -0.5, -0.809017, -0.309017, 0.0, -0.809017, 0.309017, 0.5, 0.0, -0.309017, 0.5, -0.809017, 0.0, 0.0, 0.0, 0.0, 1.0 ], [ 0.309017, -0.5, 0.809017, 0.0, -0.5, -0.809017, -0.309017, 0.0, 0.809017, -0.309017, -0.5, 0.0, 0.0, 0.0, 0.0, 1.0 ], [ -0.809017, 0.309017, 0.5, 0.0, 0.309017, -0.5, 0.809017, 0.0, 0.5, 0.809017, 0.309017, 0.0, 0.0, 0.0, 0.0, 1.0 ], [ -0.5, -0.809017, 0.309017, 0.0, -0.809017, 0.309017, -0.5, 0.0, 0.309017, -0.5, -0.809017, 0.0, 0.0, 0.0, 0.0, 1.0 ], [ -0.309017, 0.5, 0.809017, 0.0, -0.5, -0.809017, 0.309017, 0.0, 0.809017, -0.309017, 0.5, 0.0, 0.0, 0.0, 0.0, 1.0 ], [ -0.809017, 0.309017, -0.5, 0.0, -0.309017, 0.5, 0.809017, 0.0, 0.5, 0.809017, -0.309017, 0.0, 0.0, 0.0, 0.0, 1.0 ], [ -0.809017, -0.309017, 0.5, 0.0, -0.309017, -0.5, -0.809017, 0.0, 0.5, -0.809017, 0.309017, 0.0, 0.0, 0.0, 0.0, 1.0 ], [ -0.5, 0.809017, -0.309017, 0.0, -0.809017, -0.309017, 0.5, 0.0, 0.309017, 0.5, 0.809017, 0.0, 0.0, 0.0, 0.0, 1.0 ], [ -0.309017, -0.5, -0.809017, 0.0, -0.5, 0.809017, -0.309017, 0.0, 0.809017, 0.309017, -0.5, 0.0, 0.0, 0.0, 0.0, 1.0 ], [ -1.0, 0.0, 0.0, 0.0, 0.0, 1.0, 0.0, 0.0, 0.0, 0.0, -1.0, 0.0, 0.0, 0.0, 0.0, 1.0 ], [ 0.0, 0.0, -1.0, 0.0, 1.0, 0.0, 0.0, 0.0, 0.0, -1.0, 0.0, 0.0, 0.0, 0.0, 0.0, 1.0 ], [ 0.0, -1.0, 0.0, 0.0, 0.0, 0.0, 1.0, 0.0, -1.0, 0.0, 0.0, 0.0, 0.0, 0.0, 0.0, 1.0 ], [ -0.809017, -0.309017, -0.5, 0.0, 0.309017, 0.5, -0.809017, 0.0, 0.5, -0.809017, -0.309017, 0.0, 0.0, 0.0, 0.0, 1.0 ], [ 0.5, -0.809017, -0.309017, 0.0, 0.809017, 0.309017, 0.5, 0.0, -0.309017, -0.5, 0.809017, 0.0, 0.0, 0.0, 0.0, 1.0 ], [ -0.309017, -0.5, 0.809017, 0.0, -0.5, 0.809017, 0.309017, 0.0, -0.809017, -0.309017, -0.5, 0.0, 0.0, 0.0, 0.0, 1.0 ], [ -0.5, -0.809017, -0.309017, 0.0, 0.809017, -0.309017, -0.5, 0.0, 0.309017, -0.5, 0.809017, 0.0, 0.0, 0.0, 0.0, 1.0 ], [ 0.309017, -0.5, 0.809017, 0.0, 0.5, 0.809017, 0.309017, 0.0, -0.809017, 0.309017, 0.5, 0.0, 0.0, 0.0, 0.0, 1.0 ], [ -0.809017, 0.309017, 0.5, 0.0, -0.309017, 0.5, -0.809017, 0.0, -0.5, -0.809017, -0.309017, 0.0, 0.0, 0.0, 0.0, 1.0 ], [ -0.5, -0.809017, 0.309017, 0.0, 0.809017, -0.309017, 0.5, 0.0, -0.309017, 0.5, 0.809017, 0.0, 0.0, 0.0, 0.0, 1.0 ], [ -0.309017, 0.5, 0.809017, 0.0, 0.5, 0.809017, -0.309017, 0.0, -0.809017, 0.309017, -0.5, 0.0, 0.0, 0.0, 0.0, 1.0 ], [ -0.809017, 0.309017, -0.5, 0.0, 0.309017, -0.5, -0.809017, 0.0, -0.5, -0.809017, 0.309017, 0.0, 0.0, 0.0, 0.0, 1.0 ], [ -0.809017, -0.309017, 0.5, 0.0, 0.309017, 0.5, 0.809017, 0.0, -0.5, 0.809017, -0.309017, 0.0, 0.0, 0.0, 0.0, 1.0 ], [ -0.5, 0.809017, -0.309017, 0.0, 0.809017, 0.309017, -0.5, 0.0, -0.309017, -0.5, -0.809017, 0.0, 0.0, 0.0, 0.0, 1.0 ], [ -0.309017, -0.5, -0.809017, 0.0, 0.5, -0.809017, 0.309017, 0.0, -0.809017, -0.309017, 0.5, 0.0, 0.0, 0.0, 0.0, 1.0 ] ],
  "lights" : {
    "ambientColor" : "#292929",
    "backgroundColor" : "#999999",
    "directionalLights" : [ {
      "direction" : [ 1.0, -1.0, -1.0 ],
      "color" : "#EBEBE4"
    }, {
      "direction" : [ -1.0, 0.0, 0.0 ],
      "color" : "#E4E4EB"
    }, {
      "direction" : [ 0.0, 0.0, -1.0 ],
      "color" : "#1E1E1E"
    } ]
  },
  "camera" : {
    "viewDistance" : 155.84773,
    "nearClipDistance" : 0.3896196,
    "farClipDistance" : 311.6961,
    "lookAtPoint" : {
      "x" : 0.0,
      "y" : 0.0,
      "z" : 0.0
    },
    "fieldOfView" : 0.44262904,
    "perspective" : true,
    "lookDirection" : {
      "x" : 0.0,
      "y" : 0.3568221,
      "z" : -0.93417233
    },
    "upDirection" : {
      "x" : 0.0,
      "y" : 0.9341724,
      "z" : 0.3568221
    },
    "width" : 70.13151,
    "stereo" : false,
    "position" : {
      "x" : 0.0,
      "y" : -55.609917,
      "z" : 145.58864
    }
  },
  "embedding" : [ 1.0, 0.0, 0.0, 0.0, 0.0, 1.0, 0.0, 0.0, 0.0, 0.0, 1.0, 0.0, 0.0, 0.0, 0.0, 1.0 ],
  "shapes" : [ {
    "id" : "815af07f-c2cb-42aa-9c24-7fb03d5873df",
    "orbit" : "red",
    "name" : " :-2 +2*phi",
    "vertices" : [ {
      "x" : 0.9045085,
      "y" : 0.3454915,
      "z" : 0.25
    }, {
      "x" : 7.7586102,
      "y" : 4.5815597,
      "z" : 0.25
    }, {
      "x" : 7.5676274,
      "y" : 4.8905764,
      "z" : 0.25
    }, {
      "x" : 0.7135255,
      "y" : 0.6545085,
      "z" : 0.25
    }, {
      "x" : 0.809017,
      "y" : 0.5,
      "z" : -0.309017
    }, {
      "x" : 0.9635255,
      "y" : 0.25,
      "z" : -0.095491506
    }, {
      "x" : 0.309017,
      "y" : 0.19098301,
      "z" : 0.0
    }, {
      "x" : 8.163119,
      "y" : 5.045085,
      "z" : 0.0
    }, {
      "x" : 7.5086102,
      "y" : 4.986068,
      "z" : -0.095491506
    }, {
      "x" : 7.663119,
      "y" : 4.736068,
      "z" : -0.309017
    }, {
      "x" : 8.472136,
      "y" : 5.236068,
      "z" : 0.0
    }, {
      "x" : 0.6545085,
      "y" : 0.75,
      "z" : -0.095491506
    }, {
      "x" : 7.8176274,
      "y" : 4.486068,
      "z" : -0.095491506
    } ],
    "faces" : [ {
      "vertices" : [ 4, 11, 8, 9 ]
    }, {
      "vertices" : [ 0, 1, 2, 3 ]
    }, {
      "vertices" : [ 0, 3, 6 ]
    }, {
      "vertices" : [ 1, 7, 2 ]
    }, {
      "vertices" : [ 0, 6, 5 ]
    }, {
      "vertices" : [ 4, 5, 6 ]
    }, {
      "vertices" : [ 2, 7, 8 ]
    }, {
      "vertices" : [ 0, 5, 12, 1 ]
    }, {
      "vertices" : [ 1, 12, 7 ]
    }, {
      "vertices" : [ 3, 11, 6 ]
    }, {
      "vertices" : [ 4, 6, 11 ]
    }, {
      "vertices" : [ 7, 9, 8 ]
    }, {
      "vertices" : [ 2, 8, 11, 3 ]
    }, {
      "vertices" : [ 7, 12, 9 ]
    }, {
      "vertices" : [ 4, 9, 12, 5 ]
    } ]
  }, {
    "id" : "4dcb7d3d-de75-49a5-8ca1-81fba9225d64",
    "orbit" : "blue",
    "name" : "b0",
    "vertices" : [ {
      "x" : 1.0,
      "y" : 0.309017,
      "z" : 0.19098301
    }, {
      "x" : 1.0,
      "y" : -0.309017,
      "z" : 0.19098301
    }, {
      "x" : 4.236068,
      "y" : -0.309017,
      "z" : 0.19098301
    }, {
      "x" : 4.236068,
      "y" : 0.309017,
      "z" : 0.19098301
    }, {
      "x" : 4.236068,
      "y" : -0.309017,
      "z" : -0.19098301
    }, {
      "x" : 4.236068,
      "y" : 0.309017,
      "z" : -0.19098301
    }, {
      "x" : 4.854102,
      "y" : 0.0,
      "z" : 0.0
    }, {
      "x" : 0.38196602,
      "y" : 0.0,
      "z" : 0.0
    }, {
      "x" : 1.0,
      "y" : 0.309017,
      "z" : -0.19098301
    }, {
      "x" : 1.0,
      "y" : -0.309017,
      "z" : -0.19098301
    }, {
      "x" : 5.236068,
      "y" : 0.0,
      "z" : 0.0
    } ],
    "faces" : [ {
      "vertices" : [ 1, 9, 4, 2 ]
    }, {
      "vertices" : [ 0, 3, 5, 8 ]
    }, {
      "vertices" : [ 1, 7, 9 ]
    }, {
      "vertices" : [ 0, 1, 2, 3 ]
    }, {
      "vertices" : [ 7, 8, 9 ]
    }, {
      "vertices" : [ 0, 7, 1 ]
    }, {
      "vertices" : [ 4, 9, 8, 5 ]
    }, {
      "vertices" : [ 2, 6, 3 ]
    }, {
      "vertices" : [ 2, 4, 6 ]
    }, {
      "vertices" : [ 3, 6, 5 ]
    }, {
      "vertices" : [ 4, 5, 6 ]
    }, {
      "vertices" : [ 0, 8, 7 ]
    } ]
  }, {
    "id" : "21156d6c-ca38-4a87-bc38-ecf7a6885153",
    "vertices" : [ {
      "x" : 0.0,
      "y" : 0.0,
      "z" : 0.0
    }, {
      "x" : 2.9953237,
      "y" : -1.1441119,
      "z" : -1.8512118
    }, {
      "x" : -1.2407444,
      "y" : -3.9830809,
      "z" : -3.2483108
    } ],
    "faces" : [ {
      "vertices" : [ 0, 1, 2 ]
    }, {
      "vertices" : [ 0, 2, 1 ]
    } ]
  }, {
    "id" : "fe9f1d2a-04ae-4484-869d-05c588349fd9",
    "name" : "ball",
    "vertices" : [ {
      "x" : 0.309017,
      "y" : -0.309017,
      "z" : -0.309017
    }, {
      "x" : 0.5,
      "y" : 0.0,
      "z" : -0.19098301
    }, {
      "x" : 0.5,
      "y" : 0.0,
      "z" : 0.19098301
    }, {
      "x" : 0.309017,
      "y" : -0.309017,
      "z" : 0.309017
    }, {
      "x" : 0.19098301,
      "y" : -0.5,
      "z" : 0.0
    }, {
      "x" : 0.0,
      "y" : 0.19098301,
      "z" : 0.5
    }, {
      "x" : 0.0,
      "y" : -0.19098301,
      "z" : 0.5
    }, {
      "x" : 0.309017,
      "y" : 0.309017,
      "z" : 0.309017
    }, {
      "x" : -0.309017,
      "y" : -0.309017,
      "z" : 0.309017
    }, {
      "x" : -0.309017,
      "y" : 0.309017,
      "z" : 0.309017
    }, {
      "x" : -0.5,
      "y" : 0.0,
      "z" : 0.19098301
    }, {
      "x" : 0.0,
      "y" : -0.19098301,
      "z" : -0.5
    }, {
      "x" : 0.0,
      "y" : 0.19098301,
      "z" : -0.5
    }, {
      "x" : 0.309017,
      "y" : 0.309017,
      "z" : -0.309017
    }, {
      "x" : -0.309017,
      "y" : -0.309017,
      "z" : -0.309017
    }, {
      "x" : -0.19098301,
      "y" : -0.5,
      "z" : 0.0
    }, {
      "x" : -0.5,
      "y" : 0.0,
      "z" : -0.19098301
    }, {
      "x" : 0.19098301,
      "y" : 0.5,
      "z" : 0.0
    }, {
      "x" : -0.309017,
      "y" : 0.309017,
      "z" : -0.309017
    }, {
      "x" : 0.0,
      "y" : 0.0,
      "z" : 0.0
    }, {
      "x" : -0.19098301,
      "y" : 0.5,
      "z" : 0.0
    } ],
    "faces" : [ {
      "vertices" : [ 12, 18, 20, 17, 13 ]
    }, {
      "vertices" : [ 3, 6, 8, 15, 4 ]
    }, {
      "vertices" : [ 0, 11, 12, 13, 1 ]
    }, {
      "vertices" : [ 5, 9, 10, 8, 6 ]
    }, {
      "vertices" : [ 2, 7, 5, 6, 3 ]
    }, {
      "vertices" : [ 11, 14, 16, 18, 12 ]
    }, {
      "vertices" : [ 1, 13, 17, 7, 2 ]
    }, {
      "vertices" : [ 9, 20, 18, 16, 10 ]
    }, {
      "vertices" : [ 0, 1, 2, 3, 4 ]
    }, {
      "vertices" : [ 5, 7, 17, 20, 9 ]
    }, {
      "vertices" : [ 0, 4, 15, 14, 11 ]
    }, {
      "vertices" : [ 8, 10, 16, 14, 15 ]
    } ]
  }, {
    "id" : "4f99f043-ad09-4b75-8047-424a2c521039",
    "vertices" : [ {
      "x" : 0.0,
      "y" : 0.0,
      "z" : 0.0
    }, {
      "x" : 0.0,
      "y" : -1.9682426,
      "z" : -2.485983
    }, {
      "x" : -2.9953237,
      "y" : -0.82413083,
      "z" : -0.63477093
    } ],
    "faces" : [ {
      "vertices" : [ 0, 1, 2 ]
    }, {
      "vertices" : [ 0, 2, 1 ]
    } ]
  }, {
    "id" : "3e273e8f-0e8d-408c-89b9-bc391d981647",
    "orbit" : "yellow",
    "name" : " :2 -11547/10000*phi",
    "vertices" : [ {
      "x" : 0.9023847,
      "y" : 0.0,
      "z" : -0.34468028
    }, {
      "x" : 0.5933677,
      "y" : 0.0,
      "z" : -0.22664629
    }, {
      "x" : 0.18885921,
      "y" : -0.1545085,
      "z" : 0.21433671
    }, {
      "x" : -0.0021237987,
      "y" : -0.1545085,
      "z" : -0.28566328
    }, {
      "x" : 0.9045085,
      "y" : -0.1545085,
      "z" : -0.059016995
    }, {
      "x" : 0.809017,
      "y" : 0.309017,
      "z" : -0.309017
    }, {
      "x" : 0.309017,
      "y" : 0.0,
      "z" : -0.11803399
    }, {
      "x" : 0.0933677,
      "y" : 0.309017,
      "z" : -0.035663288
    }, {
      "x" : 0.7135255,
      "y" : -0.1545085,
      "z" : -0.559017
    } ],
    "faces" : [ {
      "vertices" : [ 2, 4, 8, 3 ]
    }, {
      "vertices" : [ 2, 7, 5, 4 ]
    }, {
      "vertices" : [ 4, 6, 8 ]
    }, {
      "vertices" : [ 5, 8, 6 ]
    }, {
      "vertices" : [ 1, 2, 3 ]
    }, {
      "vertices" : [ 3, 8, 5, 7 ]
    }, {
      "vertices" : [ 1, 7, 2 ]
    }, {
      "vertices" : [ 1, 3, 7 ]
    }, {
      "vertices" : [ 4, 5, 6 ]
    } ]
  }, {
    "id" : "2426a08a-9505-4e9c-be34-5e1e50771c37",
    "vertices" : [ {
      "x" : 0.0,
      "y" : 0.0,
      "z" : 0.0
    }, {
      "x" : 4.236068,
      "y" : 2.838969,
      "z" : 1.3970989
    }, {
      "x" : 4.236068,
      "y" : -1.9627143,
      "z" : -1.7156492
    } ],
    "faces" : [ {
      "vertices" : [ 0, 1, 2 ]
    }, {
      "vertices" : [ 0, 2, 1 ]
    } ]
  }, {
    "id" : "05afeadb-89db-4ca9-b1f7-65b49104b86d",
    "vertices" : [ {
      "x" : 0.0,
      "y" : 0.0,
      "z" : 0.0
    }, {
      "x" : -4.236068,
      "y" : 1.9627143,
      "z" : 1.7156492
    }, {
      "x" : -4.236068,
      "y" : -2.838969,
      "z" : -1.3970989
    } ],
    "faces" : [ {
      "vertices" : [ 0, 1, 2 ]
    }, {
      "vertices" : [ 0, 2, 1 ]
    } ]
  }, {
    "id" : "225ff53d-d1e8-4843-9e02-533d23e2fbee",
    "vertices" : [ {
      "x" : 0.0,
      "y" : 0.0,
      "z" : 0.0
    }, {
      "x" : 1.2407444,
      "y" : 3.9830809,
      "z" : 3.2483108
    }, {
      "x" : 4.236068,
      "y" : 2.838969,
      "z" : 1.3970989
    } ],
    "faces" : [ {
      "vertices" : [ 0, 1, 2 ]
    }, {
      "vertices" : [ 0, 2, 1 ]
    } ]
  }, {
    "id" : "58ef237d-ee1b-44b5-bff5-e5e7dd56262b",
    "vertices" : [ {
      "x" : 0.0,
      "y" : 0.0,
      "z" : 0.0
    }, {
      "x" : -4.236068,
      "y" : 1.9627143,
      "z" : 1.7156492
    }, {
      "x" : 0.0,
      "y" : 4.8016834,
      "z" : 3.1127481
    } ],
    "faces" : [ {
      "vertices" : [ 0, 1, 2 ]
    }, {
      "vertices" : [ 0, 2, 1 ]
    } ]
  }, {
    "id" : "78b07945-95b1-4ff9-9847-204f0f023662",
    "vertices" : [ {
      "x" : 0.0,
      "y" : 0.0,
      "z" : 0.0
    }, {
      "x" : 2.9953237,
      "y" : 0.82413083,
      "z" : 0.63477093
    }, {
      "x" : 2.9953237,
      "y" : -1.1441119,
      "z" : -1.8512118
    } ],
    "faces" : [ {
      "vertices" : [ 0, 1, 2 ]
    }, {
      "vertices" : [ 0, 2, 1 ]
    } ]
  }, {
    "id" : "198b5f00-ea05-499b-8689-bf5839e11fc5",
    "vertices" : [ {
      "x" : 0.0,
      "y" : 0.0,
      "z" : 0.0
    }, {
      "x" : 4.236068,
      "y" : 2.838969,
      "z" : 1.3970989
    }, {
      "x" : 0.0,
      "y" : 4.8016834,
      "z" : 3.1127481
    } ],
    "faces" : [ {
      "vertices" : [ 0, 1, 2 ]
    }, {
      "vertices" : [ 0, 2, 1 ]
    } ]
  }, {
    "id" : "bcee18b2-fcdb-4970-88e7-e24748874746",
    "vertices" : [ {
      "x" : 0.0,
      "y" : 0.0,
      "z" : 0.0
    }, {
      "x" : 0.0,
      "y" : -4.8016834,
      "z" : -3.1127481
    }, {
      "x" : 4.236068,
      "y" : -1.9627143,
      "z" : -1.7156492
    } ],
    "faces" : [ {
      "vertices" : [ 0, 1, 2 ]
    }, {
      "vertices" : [ 0, 2, 1 ]
    } ]
  }, {
    "id" : "3ec73b36-2404-4a7f-91c6-b37fea351e88",
    "vertices" : [ {
      "x" : 0.0,
      "y" : 0.0,
      "z" : 0.0
    }, {
      "x" : -2.9953237,
      "y" : 1.1441119,
      "z" : 1.8512118
    }, {
      "x" : 0.0,
      "y" : 1.9682426,
      "z" : 2.485983
    } ],
    "faces" : [ {
      "vertices" : [ 0, 1, 2 ]
    }, {
      "vertices" : [ 0, 2, 1 ]
    } ]
  }, {
    "id" : "f2f849c0-2234-4009-b477-c5a0def287dd",
    "vertices" : [ {
      "x" : 0.0,
      "y" : 0.0,
      "z" : 0.0
    }, {
      "x" : -4.236068,
      "y" : -2.838969,
      "z" : -1.3970989
    }, {
      "x" : -2.9953237,
      "y" : 1.1441119,
      "z" : 1.8512118
    } ],
    "faces" : [ {
      "vertices" : [ 0, 1, 2 ]
    }, {
      "vertices" : [ 0, 2, 1 ]
    } ]
  }, {
    "id" : "7546928a-0ac5-4ff0-8f15-a7eb2c5ff730",
    "vertices" : [ {
      "x" : 0.0,
      "y" : 0.0,
      "z" : 0.0
    }, {
      "x" : 0.0,
      "y" : -4.8016834,
      "z" : -3.1127481
    }, {
      "x" : -4.236068,
      "y" : -2.838969,
      "z" : -1.3970989
    } ],
    "faces" : [ {
      "vertices" : [ 0, 1, 2 ]
    }, {
      "vertices" : [ 0, 2, 1 ]
    } ]
  }, {
    "id" : "5952e8bc-d9a6-41d2-812d-10a4844c58bd",
    "orbit" : "yellow",
    "name" : "y1",
    "vertices" : [ {
      "x" : 6.854102,
      "y" : 0.0,
      "z" : -2.618034
    }, {
      "x" : 6.545085,
      "y" : 0.0,
      "z" : -2.5
    }, {
      "x" : 6.1405764,
      "y" : -0.1545085,
      "z" : -2.059017
    }, {
      "x" : 5.9495935,
      "y" : -0.1545085,
      "z" : -2.559017
    }, {
      "x" : 0.9045085,
      "y" : -0.1545085,
      "z" : -0.059016995
    }, {
      "x" : 0.809017,
      "y" : 0.309017,
      "z" : -0.309017
    }, {
      "x" : 0.309017,
      "y" : 0.0,
      "z" : -0.11803399
    }, {
      "x" : 6.045085,
      "y" : 0.309017,
      "z" : -2.309017
    }, {
      "x" : 0.7135255,
      "y" : -0.1545085,
      "z" : -0.559017
    } ],
    "faces" : [ {
      "vertices" : [ 2, 4, 8, 3 ]
    }, {
      "vertices" : [ 2, 7, 5, 4 ]
    }, {
      "vertices" : [ 4, 6, 8 ]
    }, {
      "vertices" : [ 5, 8, 6 ]
    }, {
      "vertices" : [ 1, 2, 3 ]
    }, {
      "vertices" : [ 3, 8, 5, 7 ]
    }, {
      "vertices" : [ 1, 7, 2 ]
    }, {
      "vertices" : [ 1, 3, 7 ]
    }, {
      "vertices" : [ 4, 5, 6 ]
    } ]
  }, {
    "id" : "d601b6b0-05af-4d51-abb5-c5565afe90b8",
    "vertices" : [ {
      "x" : 0.0,
      "y" : 0.0,
      "z" : 0.0
    }, {
      "x" : -3.8211226,
      "y" : -2.5608768,
      "z" : -1.2602457
    }, {
      "x" : -2.7019157,
      "y" : 1.03204,
      "z" : 1.6698759
    } ],
    "faces" : [ {
      "vertices" : [ 0, 1, 2 ]
    }, {
      "vertices" : [ 0, 2, 1 ]
    } ]
  }, {
    "id" : "fac164b3-519f-431d-be9d-23d92e46603e",
    "vertices" : [ {
      "x" : 0.0,
      "y" : 0.0,
      "z" : 0.0
    }, {
      "x" : 2.7019157,
      "y" : 0.7434029,
      "z" : 0.5725918
    }, {
      "x" : 2.7019157,
      "y" : -1.03204,
      "z" : -1.6698759
    } ],
    "faces" : [ {
      "vertices" : [ 0, 1, 2 ]
    }, {
      "vertices" : [ 0, 2, 1 ]
    } ]
  }, {
    "id" : "b89c2b4f-e7eb-4573-bff2-6e15bd0b7cd1",
    "vertices" : [ {
      "x" : 0.0,
      "y" : 0.0,
      "z" : 0.0
    }, {
      "x" : 0.0,
      "y" : -4.331333,
      "z" : -2.807838
    }, {
      "x" : -3.8211226,
      "y" : -2.5608768,
      "z" : -1.2602457
    } ],
    "faces" : [ {
      "vertices" : [ 0, 1, 2 ]
    }, {
      "vertices" : [ 0, 2, 1 ]
    } ]
  }, {
    "id" : "b6860887-4378-4c7c-b9d9-965848d5b732",
    "vertices" : [ {
      "x" : 0.0,
      "y" : 0.0,
      "z" : 0.0
    }, {
      "x" : 0.0,
      "y" : -1.7754428,
      "z" : -2.2424676
    }, {
      "x" : -2.7019157,
      "y" : -0.7434029,
      "z" : -0.5725918
    } ],
    "faces" : [ {
      "vertices" : [ 0, 1, 2 ]
    }, {
      "vertices" : [ 0, 2, 1 ]
    } ]
  }, {
    "id" : "12403671-a217-4ec1-b082-ef1785e658cc",
    "vertices" : [ {
      "x" : 0.0,
      "y" : 0.0,
      "z" : 0.0
    }, {
      "x" : 1.1192068,
      "y" : 3.592917,
      "z" : 2.9301214
    }, {
      "x" : 3.8211226,
      "y" : 2.5608768,
      "z" : 1.2602457
    } ],
    "faces" : [ {
      "vertices" : [ 0, 1, 2 ]
    }, {
      "vertices" : [ 0, 2, 1 ]
    } ]
  }, {
    "id" : "d4716576-2eda-48f8-818b-18f92c170667",
    "vertices" : [ {
      "x" : 0.0,
      "y" : 0.0,
      "z" : 0.0
    }, {
      "x" : 3.8211226,
      "y" : 2.5608768,
      "z" : 1.2602457
    }, {
      "x" : 3.8211226,
      "y" : -1.770456,
      "z" : -1.5475924
    } ],
    "faces" : [ {
      "vertices" : [ 0, 1, 2 ]
    }, {
      "vertices" : [ 0, 2, 1 ]
    } ]
  }, {
    "id" : "c985dd0c-0bed-4314-8918-995cbe95a20d",
    "vertices" : [ {
      "x" : 0.0,
      "y" : 0.0,
      "z" : 0.0
    }, {
      "x" : -3.8211226,
      "y" : 1.770456,
      "z" : 1.5475924
    }, {
      "x" : 0.0,
      "y" : 4.331333,
      "z" : 2.807838
    } ],
    "faces" : [ {
      "vertices" : [ 0, 1, 2 ]
    }, {
      "vertices" : [ 0, 2, 1 ]
    } ]
  }, {
    "id" : "6cc622e1-e7cf-4d0e-9979-108977090f54",
    "vertices" : [ {
      "x" : 0.0,
      "y" : 0.0,
      "z" : 0.0
    }, {
      "x" : -3.8211226,
      "y" : 1.770456,
      "z" : 1.5475924
    }, {
      "x" : -3.8211226,
      "y" : -2.5608768,
      "z" : -1.2602457
    } ],
    "faces" : [ {
      "vertices" : [ 0, 1, 2 ]
    }, {
      "vertices" : [ 0, 2, 1 ]
    } ]
  }, {
    "id" : "5a726082-a0fa-4bb1-9317-2606b9c0da25",
    "vertices" : [ {
      "x" : 0.0,
      "y" : 0.0,
      "z" : 0.0
    }, {
      "x" : 2.7019157,
      "y" : -1.03204,
      "z" : -1.6698759
    }, {
      "x" : -1.1192068,
      "y" : -3.592917,
      "z" : -2.9301214
    } ],
    "faces" : [ {
      "vertices" : [ 0, 1, 2 ]
    }, {
      "vertices" : [ 0, 2, 1 ]
    } ]
  }, {
    "id" : "dc883623-0f8c-454f-9236-3df1a7f63799",
    "vertices" : [ {
      "x" : 0.0,
      "y" : 0.0,
      "z" : 0.0
    }, {
      "x" : 0.0,
      "y" : -4.331333,
      "z" : -2.807838
    }, {
      "x" : 3.8211226,
      "y" : -1.770456,
      "z" : -1.5475924
    } ],
    "faces" : [ {
      "vertices" : [ 0, 1, 2 ]
    }, {
      "vertices" : [ 0, 2, 1 ]
    } ]
  }, {
    "id" : "e41142e7-8e9d-400c-a86c-d7704a403689",
    "vertices" : [ {
      "x" : 0.0,
      "y" : 0.0,
      "z" : 0.0
    }, {
      "x" : -2.7019157,
      "y" : 1.03204,
      "z" : 1.6698759
    }, {
      "x" : 0.0,
      "y" : 1.7754428,
      "z" : 2.2424676
    } ],
    "faces" : [ {
      "vertices" : [ 0, 1, 2 ]
    }, {
      "vertices" : [ 0, 2, 1 ]
    } ]
  }, {
    "id" : "ff6fc7e7-55e2-44f2-a0be-85a31fc07e76",
    "vertices" : [ {
      "x" : 0.0,
      "y" : 0.0,
      "z" : 0.0
    }, {
      "x" : 3.8211226,
      "y" : 2.5608768,
      "z" : 1.2602457
    }, {
      "x" : 0.0,
      "y" : 4.331333,
      "z" : 2.807838
    } ],
    "faces" : [ {
      "vertices" : [ 0, 1, 2 ]
    }, {
      "vertices" : [ 0, 2, 1 ]
    } ]
  } ],
  "instances" : [ {
    "shape" : "815af07f-c2cb-42aa-9c24-7fb03d5873df",
    "color" : "#AF0000",
    "position" : {
      "x" : 5.236068,
      "y" : 13.708204,
      "z" : 0.0
    },
    "orientation" : 47
  }, {
    "shape" : "4dcb7d3d-de75-49a5-8ca1-81fba9225d64",
    "color" : "#007695",
    "position" : {
      "x" : 8.472136,
      "y" : -8.472136,
      "z" : 8.472136
    },
    "orientation" : 22
  }, {
    "shape" : "21156d6c-ca38-4a87-bc38-ecf7a6885153",
    "color" : "#FFFFFF",
    "position" : {
      "x" : 0.0,
      "y" : -9.693071,
      "z" : -9.693071
    },
    "orientation" : 40
  }, {
    "shape" : "fe9f1d2a-04ae-4484-869d-05c588349fd9",
    "color" : "#FFFFFF",
    "position" : {
      "x" : -7.8418593,
      "y" : 2.9953237,
      "z" : -10.837183
    }
  }, {
    "shape" : "fe9f1d2a-04ae-4484-869d-05c588349fd9",
    "color" : "#FFFFFF",
    "position" : {
      "x" : -1.8512118,
      "y" : 12.688395,
      "z" : -4.8465357
    }
  }, {
    "shape" : "fe9f1d2a-04ae-4484-869d-05c588349fd9",
    "color" : "#FFFFFF",
    "position" : {
      "x" : 4.236068,
      "y" : -6.854102,
      "z" : 11.09017
    }
  }, {
    "shape" : "4f99f043-ad09-4b75-8047-424a2c521039",
    "color" : "#FFFFFF",
    "position" : {
      "x" : 0.0,
      "y" : -11.661314,
      "z" : -7.207088
    },
    "orientation" : 23
  }, {
    "shape" : "21156d6c-ca38-4a87-bc38-ecf7a6885153",
    "color" : "#FFFFFF",
    "position" : {
      "x" : -9.693071,
      "y" : 0.0,
      "z" : 9.693071
    },
    "orientation" : 11
  }, {
    "shape" : "3e273e8f-0e8d-408c-89b9-bc391d981647",
    "color" : "#F0A000",
    "position" : {
      "x" : -12.8058195,
      "y" : 0.0,
      "z" : -4.8913875
    },
    "orientation" : 30
  }, {
    "shape" : "2426a08a-9505-4e9c-be34-5e1e50771c37",
    "color" : "#FFFFFF",
    "position" : {
      "x" : -4.236068,
      "y" : 6.854102,
      "z" : -11.09017
    },
    "orientation" : 0
  }, {
    "shape" : "05afeadb-89db-4ca9-b1f7-65b49104b86d",
    "color" : "#FFFFFF",
    "position" : {
      "x" : -6.854102,
      "y" : -11.09017,
      "z" : 4.236068
    },
    "orientation" : 48
  }, {
    "shape" : "fe9f1d2a-04ae-4484-869d-05c588349fd9",
    "color" : "#FFFFFF",
    "position" : {
      "x" : -6.854102,
      "y" : -11.09017,
      "z" : 4.236068
    }
  }, {
    "shape" : "fe9f1d2a-04ae-4484-869d-05c588349fd9",
    "color" : "#FFFFFF",
    "position" : {
      "x" : 2.9953237,
      "y" : -10.837183,
      "z" : -7.8418593
    }
  }, {
    "shape" : "4f99f043-ad09-4b75-8047-424a2c521039",
    "color" : "#FFFFFF",
    "position" : {
      "x" : 0.0,
      "y" : -11.661314,
      "z" : -7.207088
    },
    "orientation" : 30
  }, {
    "shape" : "05afeadb-89db-4ca9-b1f7-65b49104b86d",
    "color" : "#FFFFFF",
    "position" : {
      "x" : 4.236068,
      "y" : 6.854102,
      "z" : -11.09017
    },
    "orientation" : 57
  }, {
    "shape" : "fe9f1d2a-04ae-4484-869d-05c588349fd9",
    "color" : "#FFFFFF",
    "position" : {
      "x" : -13.708204,
      "y" : 0.0,
      "z" : 5.236068
    }
  }, {
    "shape" : "fe9f1d2a-04ae-4484-869d-05c588349fd9",
    "color" : "#FFFFFF",
    "position" : {
      "x" : -11.09017,
      "y" : 4.236068,
      "z" : -6.854102
    }
  }, {
    "shape" : "fe9f1d2a-04ae-4484-869d-05c588349fd9",
    "color" : "#FFFFFF",
    "position" : {
      "x" : 7.8418593,
      "y" : -2.9953237,
      "z" : -10.837183
    }
  }, {
    "shape" : "fe9f1d2a-04ae-4484-869d-05c588349fd9",
    "color" : "#FFFFFF",
    "position" : {
      "x" : -4.8465357,
      "y" : -1.8512118,
      "z" : -12.688395
    }
  }, {
    "shape" : "225ff53d-d1e8-4843-9e02-533d23e2fbee",
    "color" : "#FFFFFF",
    "position" : {
      "x" : 4.236068,
      "y" : 6.854102,
      "z" : -11.09017
    },
    "orientation" : 10
  }, {
    "shape" : "fe9f1d2a-04ae-4484-869d-05c588349fd9",
    "color" : "#FFFFFF",
    "position" : {
      "x" : -11.09017,
      "y" : 4.236068,
      "z" : 6.854102
    }
  }, {
    "shape" : "225ff53d-d1e8-4843-9e02-533d23e2fbee",
    "color" : "#FFFFFF",
    "position" : {
      "x" : -11.09017,
      "y" : -4.236068,
      "z" : 6.854102
    },
    "orientation" : 28
  }, {
    "shape" : "4f99f043-ad09-4b75-8047-424a2c521039",
    "color" : "#FFFFFF",
    "position" : {
      "x" : 7.207088,
      "y" : 0.0,
      "z" : 11.661314
    },
    "orientation" : 4
  }, {
    "shape" : "58ef237d-ee1b-44b5-bff5-e5e7dd56262b",
    "color" : "#FFFFFF",
    "position" : {
      "x" : 7.9144316,
      "y" : -7.9144316,
      "z" : -7.9144316
    },
    "orientation" : 43
  }, {
    "shape" : "78b07945-95b1-4ff9-9847-204f0f023662",
    "color" : "#FFFFFF",
    "position" : {
      "x" : -2.9953237,
      "y" : 10.837183,
      "z" : 7.8418593
    },
    "orientation" : 3
  }, {
    "shape" : "3e273e8f-0e8d-408c-89b9-bc391d981647",
    "color" : "#F0A000",
    "position" : {
      "x" : 4.8913875,
      "y" : 12.8058195,
      "z" : 0.0
    },
    "orientation" : 6
  }, {
    "shape" : "05afeadb-89db-4ca9-b1f7-65b49104b86d",
    "color" : "#FFFFFF",
    "position" : {
      "x" : 4.236068,
      "y" : 6.854102,
      "z" : -11.09017
    },
    "orientation" : 15
  }, {
    "shape" : "198b5f00-ea05-499b-8689-bf5839e11fc5",
    "color" : "#FFFFFF",
    "position" : {
      "x" : -12.688395,
      "y" : 4.8465357,
      "z" : 1.8512118
    },
    "orientation" : 22
  }, {
    "shape" : "815af07f-c2cb-42aa-9c24-7fb03d5873df",
    "color" : "#AF0000",
    "position" : {
      "x" : 8.472136,
      "y" : 8.472136,
      "z" : -8.472136
    },
    "orientation" : 2
  }, {
    "shape" : "05afeadb-89db-4ca9-b1f7-65b49104b86d",
    "color" : "#FFFFFF",
    "position" : {
      "x" : 0.0,
      "y" : 0.0,
      "z" : -13.708204
    },
    "orientation" : 6
  }, {
    "shape" : "fe9f1d2a-04ae-4484-869d-05c588349fd9",
    "color" : "#FFFFFF",
    "position" : {
      "x" : -1.8512118,
      "y" : 12.688395,
      "z" : 4.8465357
    }
  }, {
    "shape" : "fe9f1d2a-04ae-4484-869d-05c588349fd9",
    "color" : "#FFFFFF",
    "position" : {
      "x" : 6.854102,
      "y" : 11.09017,
      "z" : -4.236068
    }
  }, {
    "shape" : "fe9f1d2a-04ae-4484-869d-05c588349fd9",
    "color" : "#FFFFFF",
    "position" : {
      "x" : 1.8512118,
      "y" : 12.688395,
      "z" : -4.8465357
    }
  }, {
    "shape" : "fe9f1d2a-04ae-4484-869d-05c588349fd9",
    "color" : "#FFFFFF",
    "position" : {
      "x" : -7.8418593,
      "y" : -2.9953237,
      "z" : -10.837183
    }
  }, {
    "shape" : "4dcb7d3d-de75-49a5-8ca1-81fba9225d64",
    "color" : "#007695",
    "position" : {
      "x" : 0.0,
      "y" : -5.236068,
      "z" : -13.708204
    },
    "orientation" : 1
  }, {
    "shape" : "bcee18b2-fcdb-4970-88e7-e24748874746",
    "color" : "#FFFFFF",
    "position" : {
      "x" : 7.9144316,
      "y" : 7.9144316,
      "z" : -7.9144316
    },
    "orientation" : 28
  }, {
    "shape" : "4f99f043-ad09-4b75-8047-424a2c521039",
    "color" : "#FFFFFF",
    "position" : {
      "x" : -11.661314,
      "y" : 7.207088,
      "z" : 0.0
    },
    "orientation" : 39
  }, {
    "shape" : "58ef237d-ee1b-44b5-bff5-e5e7dd56262b",
    "color" : "#FFFFFF",
    "position" : {
      "x" : 12.8058195,
      "y" : 0.0,
      "z" : -4.8913875
    },
    "orientation" : 22
  }, {
    "shape" : "4dcb7d3d-de75-49a5-8ca1-81fba9225d64",
    "color" : "#007695",
    "position" : {
      "x" : -8.472136,
      "y" : 8.472136,
      "z" : 8.472136
    },
    "orientation" : 52
  }, {
    "shape" : "4dcb7d3d-de75-49a5-8ca1-81fba9225d64",
    "color" : "#007695",
    "position" : {
      "x" : 8.472136,
      "y" : -8.472136,
      "z" : -8.472136
    },
    "orientation" : 9
  }, {
    "shape" : "fe9f1d2a-04ae-4484-869d-05c588349fd9",
    "color" : "#FFFFFF",
    "position" : {
      "x" : 7.9144316,
      "y" : 7.9144316,
      "z" : 7.9144316
    }
  }, {
    "shape" : "3e273e8f-0e8d-408c-89b9-bc391d981647",
    "color" : "#F0A000",
    "position" : {
      "x" : -4.8913875,
      "y" : 12.8058195,
      "z" : 0.0
    },
    "orientation" : 1
  }, {
    "shape" : "21156d6c-ca38-4a87-bc38-ecf7a6885153",
    "color" : "#FFFFFF",
    "position" : {
      "x" : 12.688395,
      "y" : -4.8465357,
      "z" : 1.8512118
    },
    "orientation" : 22
  }, {
    "shape" : "4dcb7d3d-de75-49a5-8ca1-81fba9225d64",
    "color" : "#007695",
    "position" : {
      "x" : 5.236068,
      "y" : 13.708204,
      "z" : 0.0
    },
    "orientation" : 45
  }, {
    "shape" : "225ff53d-d1e8-4843-9e02-533d23e2fbee",
    "color" : "#FFFFFF",
    "position" : {
      "x" : -11.09017,
      "y" : 4.236068,
      "z" : -6.854102
    },
    "orientation" : 13
  }, {
    "shape" : "fe9f1d2a-04ae-4484-869d-05c588349fd9",
    "color" : "#FFFFFF",
    "position" : {
      "x" : -8.472136,
      "y" : -8.472136,
      "z" : -8.472136
    }
  }, {
    "shape" : "3ec73b36-2404-4a7f-91c6-b37fea351e88",
    "color" : "#FFFFFF",
    "position" : {
      "x" : 0.0,
      "y" : 9.693071,
      "z" : 9.693071
    },
    "orientation" : 45
  }, {
    "shape" : "fe9f1d2a-04ae-4484-869d-05c588349fd9",
    "color" : "#FFFFFF",
    "position" : {
      "x" : -12.688395,
      "y" : -4.8465357,
      "z" : 1.8512118
    }
  }, {
    "shape" : "4dcb7d3d-de75-49a5-8ca1-81fba9225d64",
    "color" : "#007695",
    "position" : {
      "x" : 13.708204,
      "y" : 0.0,
      "z" : -5.236068
    },
    "orientation" : 36
  }, {
    "shape" : "fe9f1d2a-04ae-4484-869d-05c588349fd9",
    "color" : "#FFFFFF",
    "position" : {
      "x" : 0.0,
      "y" : 4.8913875,
      "z" : -12.8058195
    }
  }, {
    "shape" : "fe9f1d2a-04ae-4484-869d-05c588349fd9",
    "color" : "#FFFFFF",
    "position" : {
      "x" : 7.8418593,
      "y" : 2.9953237,
      "z" : -10.837183
    }
  }, {
    "shape" : "815af07f-c2cb-42aa-9c24-7fb03d5873df",
    "color" : "#AF0000",
    "position" : {
      "x" : -13.708204,
      "y" : 0.0,
      "z" : -5.236068
    },
    "orientation" : 31
  }, {
    "shape" : "4dcb7d3d-de75-49a5-8ca1-81fba9225d64",
    "color" : "#007695",
    "position" : {
      "x" : 5.236068,
      "y" : 13.708204,
      "z" : 0.0
    },
    "orientation" : 25
  }, {
    "shape" : "4f99f043-ad09-4b75-8047-424a2c521039",
    "color" : "#FFFFFF",
    "position" : {
      "x" : 0.0,
      "y" : -11.661314,
      "z" : -7.207088
    },
    "orientation" : 18
  }, {
    "shape" : "4f99f043-ad09-4b75-8047-424a2c521039",
    "color" : "#FFFFFF",
    "position" : {
      "x" : 7.207088,
      "y" : 0.0,
      "z" : -11.661314
    },
    "orientation" : 19
  }, {
    "shape" : "fe9f1d2a-04ae-4484-869d-05c588349fd9",
    "color" : "#FFFFFF",
    "position" : {
      "x" : 4.8465357,
      "y" : -1.8512118,
      "z" : -12.688395
    }
  }, {
    "shape" : "f2f849c0-2234-4009-b477-c5a0def287dd",
    "color" : "#FFFFFF",
    "position" : {
      "x" : 12.688395,
      "y" : -4.8465357,
      "z" : 1.8512118
    },
    "orientation" : 20
  }, {
    "shape" : "fe9f1d2a-04ae-4484-869d-05c588349fd9",
    "color" : "#FFFFFF",
    "position" : {
      "x" : -1.8512118,
      "y" : -12.688395,
      "z" : -4.8465357
    }
  }, {
    "shape" : "4f99f043-ad09-4b75-8047-424a2c521039",
    "color" : "#FFFFFF",
    "position" : {
      "x" : -7.207088,
      "y" : 0.0,
      "z" : -11.661314
    },
    "orientation" : 16
  }, {
    "shape" : "bcee18b2-fcdb-4970-88e7-e24748874746",
    "color" : "#FFFFFF",
    "position" : {
      "x" : -7.9144316,
      "y" : 7.9144316,
      "z" : -7.9144316
    },
    "orientation" : 25
  }, {
    "shape" : "fe9f1d2a-04ae-4484-869d-05c588349fd9",
    "color" : "#FFFFFF",
    "position" : {
      "x" : 0.0,
      "y" : 0.0,
      "z" : -13.708204
    }
  }, {
    "shape" : "4dcb7d3d-de75-49a5-8ca1-81fba9225d64",
    "color" : "#007695",
    "position" : {
      "x" : 8.472136,
      "y" : 8.472136,
      "z" : -8.472136
    },
    "orientation" : 7
  }, {
    "shape" : "4dcb7d3d-de75-49a5-8ca1-81fba9225d64",
    "color" : "#007695",
    "position" : {
      "x" : -5.236068,
      "y" : 13.708204,
      "z" : 0.0
    },
    "orientation" : 22
  }, {
    "shape" : "fe9f1d2a-04ae-4484-869d-05c588349fd9",
    "color" : "#FFFFFF",
    "position" : {
      "x" : 9.693071,
      "y" : 9.693071,
      "z" : 0.0
    }
  }, {
    "shape" : "2426a08a-9505-4e9c-be34-5e1e50771c37",
    "color" : "#FFFFFF",
    "position" : {
      "x" : -11.09017,
      "y" : -4.236068,
      "z" : 6.854102
    },
    "orientation" : 28
  }, {
    "shape" : "05afeadb-89db-4ca9-b1f7-65b49104b86d",
    "color" : "#FFFFFF",
    "position" : {
      "x" : -6.854102,
      "y" : -11.09017,
      "z" : -4.236068
    },
    "orientation" : 17
  }, {
    "shape" : "225ff53d-d1e8-4843-9e02-533d23e2fbee",
    "color" : "#FFFFFF",
    "position" : {
      "x" : -11.09017,
      "y" : -4.236068,
      "z" : 6.854102
    },
    "orientation" : 1
  }, {
    "shape" : "fe9f1d2a-04ae-4484-869d-05c588349fd9",
    "color" : "#FFFFFF",
    "position" : {
      "x" : -10.837183,
      "y" : -7.8418593,
      "z" : 2.9953237
    }
  }, {
    "shape" : "7546928a-0ac5-4ff0-8f15-a7eb2c5ff730",
    "color" : "#FFFFFF",
    "position" : {
      "x" : 1.8512118,
      "y" : 12.688395,
      "z" : 4.8465357
    },
    "orientation" : 8
  }, {
    "shape" : "225ff53d-d1e8-4843-9e02-533d23e2fbee",
    "color" : "#FFFFFF",
    "position" : {
      "x" : 4.236068,
      "y" : 6.854102,
      "z" : 11.09017
    },
    "orientation" : 45
  }, {
    "shape" : "fe9f1d2a-04ae-4484-869d-05c588349fd9",
    "color" : "#FFFFFF",
    "position" : {
      "x" : -13.708204,
      "y" : 0.0,
      "z" : 0.0
    }
  }, {
    "shape" : "4f99f043-ad09-4b75-8047-424a2c521039",
    "color" : "#FFFFFF",
    "position" : {
      "x" : 0.0,
      "y" : -11.661314,
      "z" : 7.207088
    },
    "orientation" : 33
  }, {
    "shape" : "198b5f00-ea05-499b-8689-bf5839e11fc5",
    "color" : "#FFFFFF",
    "position" : {
      "x" : 1.8512118,
      "y" : 12.688395,
      "z" : 4.8465357
    },
    "orientation" : 18
  }, {
    "shape" : "fe9f1d2a-04ae-4484-869d-05c588349fd9",
    "color" : "#FFFFFF",
    "position" : {
      "x" : 13.708204,
      "y" : 0.0,
      "z" : -5.236068
    }
  }, {
    "shape" : "4dcb7d3d-de75-49a5-8ca1-81fba9225d64",
    "color" : "#007695",
    "position" : {
      "x" : 0.0,
      "y" : 5.236068,
      "z" : 13.708204
    },
    "orientation" : 23
  }, {
    "shape" : "4f99f043-ad09-4b75-8047-424a2c521039",
    "color" : "#FFFFFF",
    "position" : {
      "x" : -7.207088,
      "y" : 0.0,
      "z" : 11.661314
    },
    "orientation" : 57
  }, {
    "shape" : "fe9f1d2a-04ae-4484-869d-05c588349fd9",
    "color" : "#FFFFFF",
    "position" : {
      "x" : 12.688395,
      "y" : -4.8465357,
      "z" : 1.8512118
    }
  }, {
    "shape" : "3e273e8f-0e8d-408c-89b9-bc391d981647",
    "color" : "#F0A000",
    "position" : {
      "x" : -12.8058195,
      "y" : 0.0,
      "z" : 4.8913875
    },
    "orientation" : 38
  }, {
    "shape" : "225ff53d-d1e8-4843-9e02-533d23e2fbee",
    "color" : "#FFFFFF",
    "position" : {
      "x" : 4.236068,
      "y" : -6.854102,
