{
  "field" : "golden",
  "symmetry" : "icosahedral",
  "orientations" : [ [ 1.0, 0.0, 0.0, 0.0, 0.0, 1.0, 0.0, 0.0, 0.0, 0.0, 1.0, 0.0, 0.0, 0.0, 0.0, 1.0 ], [ 0.0, 0.0, 1.0, 0.0, 1.0, 0.0, 0.0, 0.0, 0.0, 1.0, 0.0, 0.0, 0.0, 0.0, 0.0, 1.0 ], [ 0.0, 1.0, 0.0, 0.0, 0.0, 0.0, 1.0, 0.0, 1.0, 0.0, 0.0, 0.0, 0.0, 0.0, 0.0, 1.0 ], [ 0.809017, 0.309017, 0.5, 0.0, 0.309017, 0.5, -0.809017, 0.0, -0.5, 0.809017, 0.309017, 0.0, 0.0, 0.0, 0.0, 1.0 ], [ -0.5, 0.809017, 0.309017, 0.0, 0.809017, 0.309017, 0.5, 0.0, 0.309017, 0.5, -0.809017, 0.0, 0.0, 0.0, 0.0, 1.0 ], [ 0.309017, 0.5, -0.809017, 0.0, -0.5, 0.809017, 0.309017, 0.0, 0.809017, 0.309017, 0.5, 0.0, 0.0, 0.0, 0.0, 1.0 ], [ 0.5, 0.809017, 0.309017, 0.0, 0.809017, -0.309017, -0.5, 0.0, -0.309017, 0.5, -0.809017, 0.0, 0.0, 0.0, 0.0, 1.0 ], [ -0.309017, 0.5, -0.809017, 0.0, 0.5, 0.809017, 0.309017, 0.0, 0.809017, -0.309017, -0.5, 0.0, 0.0, 0.0, 0.0, 1.0 ], [ 0.809017, -0.309017, -0.5, 0.0, -0.309017, 0.5, -0.809017, 0.0, 0.5, 0.809017, 0.309017, 0.0, 0.0, 0.0, 0.0, 1.0 ], [ 0.5, 0.809017, -0.309017, 0.0, 0.809017, -0.309017, 0.5, 0.0, 0.309017, -0.5, -0.809017, 0.0, 0.0, 0.0, 0.0, 1.0 ], [ 0.309017, -0.5, -0.809017, 0.0, 0.5, 0.809017, -0.309017, 0.0, 0.809017, -0.309017, 0.5, 0.0, 0.0, 0.0, 0.0, 1.0 ], [ 0.809017, -0.309017, 0.5, 0.0, 0.309017, -0.5, -0.809017, 0.0, 0.5, 0.809017, -0.309017, 0.0, 0.0, 0.0, 0.0, 1.0 ], [ 0.809017, 0.309017, -0.5, 0.0, 0.309017, 0.5, 0.809017, 0.0, 0.5, -0.809017, 0.309017, 0.0, 0.0, 0.0, 0.0, 1.0 ], [ 0.5, -0.809017, 0.309017, 0.0, 0.809017, 0.309017, -0.5, 0.0, 0.309017, 0.5, 0.809017, 0.0, 0.0, 0.0, 0.0, 1.0 ], [ 0.309017, 0.5, 0.809017, 0.0, 0.5, -0.809017, 0.309017, 0.0, 0.809017, 0.309017, -0.5, 0.0, 0.0, 0.0, 0.0, 1.0 ], [ 1.0, 0.0, 0.0, 0.0, 0.0, -1.0, 0.0, 0.0, 0.0, 0.0, -1.0, 0.0, 0.0, 0.0, 0.0, 1.0 ], [ 0.0, 0.0, 1.0, 0.0, -1.0, 0.0, 0.0, 0.0, 0.0, -1.0, 0.0, 0.0, 0.0, 0.0, 0.0, 1.0 ], [ 0.0, 1.0, 0.0, 0.0, 0.0, 0.0, -1.0, 0.0, -1.0, 0.0, 0.0, 0.0, 0.0, 0.0, 0.0, 1.0 ], [ 0.809017, 0.309017, 0.5, 0.0, -0.309017, -0.5, 0.809017, 0.0, 0.5, -0.809017, -0.309017, 0.0, 0.0, 0.0, 0.0, 1.0 ], [ -0.5, 0.809017, 0.309017, 0.0, -0.809017, -0.309017, -0.5, 0.0, -0.309017, -0.5, 0.809017, 0.0, 0.0, 0.0, 0.0, 1.0 ], [ 0.309017, 0.5, -0.809017, 0.0, 0.5, -0.809017, -0.309017, 0.0, -0.809017, -0.309017, -0.5, 0.0, 0.0, 0.0, 0.0, 1.0 ], [ 0.5, 0.809017, 0.309017, 0.0, -0.809017, 0.309017, 0.5, 0.0, 0.309017, -0.5, 0.809017, 0.0, 0.0, 0.0, 0.0, 1.0 ], [ -0.309017, 0.5, -0.809017, 0.0, -0.5, -0.809017, -0.309017, 0.0, -0.809017, 0.309017, 0.5, 0.0, 0.0, 0.0, 0.0, 1.0 ], [ 0.809017, -0.309017, -0.5, 0.0, 0.309017, -0.5, 0.809017, 0.0, -0.5, -0.809017, -0.309017, 0.0, 0.0, 0.0, 0.0, 1.0 ], [ 0.5, 0.809017, -0.309017, 0.0, -0.809017, 0.309017, -0.5, 0.0, -0.309017, 0.5, 0.809017, 0.0, 0.0, 0.0, 0.0, 1.0 ], [ 0.309017, -0.5, -0.809017, 0.0, -0.5, -0.809017, 0.309017, 0.0, -0.809017, 0.309017, -0.5, 0.0, 0.0, 0.0, 0.0, 1.0 ], [ 0.809017, -0.309017, 0.5, 0.0, -0.309017, 0.5, 0.809017, 0.0, -0.5, -0.809017, 0.309017, 0.0, 0.0, 0.0, 0.0, 1.0 ], [ 0.809017, 0.309017, -0.5, 0.0, -0.309017, -0.5, -0.809017, 0.0, -0.5, 0.809017, -0.309017, 0.0, 0.0, 0.0, 0.0, 1.0 ], [ 0.5, -0.809017, 0.309017, 0.0, -0.809017, -0.309017, 0.5, 0.0, -0.309017, -0.5, -0.809017, 0.0, 0.0, 0.0, 0.0, 1.0 ], [ 0.309017, 0.5, 0.809017, 0.0, -0.5, 0.809017, -0.309017, 0.0, -0.809017, -0.309017, 0.5, 0.0, 0.0, 0.0, 0.0, 1.0 ], [ -1.0, 0.0, 0.0, 0.0, 0.0, -1.0, 0.0, 0.0, 0.0, 0.0, 1.0, 0.0, 0.0, 0.0, 0.0, 1.0 ], [ 0.0, 0.0, -1.0, 0.0, -1.0, 0.0, 0.0, 0.0, 0.0, 1.0, 0.0, 0.0, 0.0, 0.0, 0.0, 1.0 ], [ 0.0, -1.0, 0.0, 0.0, 0.0, 0.0, -1.0, 0.0, 1.0, 0.0, 0.0, 0.0, 0.0, 0.0, 0.0, 1.0 ], [ -0.809017, -0.309017, -0.5, 0.0, -0.309017, -0.5, 0.809017, 0.0, -0.5, 0.809017, 0.309017, 0.0, 0.0, 0.0, 0.0, 1.0 ], [ 0.5, -0.809017, -0.309017, 0.0, -0.809017, -0.309017, -0.5, 0.0, 0.309017, 0.5, -0.809017, 0.0, 0.0, 0.0, 0.0, 1.0 ], [ -0.309017, -0.5, 0.809017, 0.0, 0.5, -0.809017, -0.309017, 0.0, 0.809017, 0.309017, 0.5, 0.0, 0.0, 0.0, 0.0, 1.0 ], [ -0.5, -0.809017, -0.309017, 0.0, -0.809017, 0.309017, 0.5, 0.0, -0.309017, 0.5, -0.809017, 0.0, 0.0, 0.0, 0.0, 1.0 ], [ 0.309017, -0.5, 0.809017, 0.0, -0.5, -0.809017, -0.309017, 0.0, 0.809017, -0.309017, -0.5, 0.0, 0.0, 0.0, 0.0, 1.0 ], [ -0.809017, 0.309017, 0.5, 0.0, 0.309017, -0.5, 0.809017, 0.0, 0.5, 0.809017, 0.309017, 0.0, 0.0, 0.0, 0.0, 1.0 ], [ -0.5, -0.809017, 0.309017, 0.0, -0.809017, 0.309017, -0.5, 0.0, 0.309017, -0.5, -0.809017, 0.0, 0.0, 0.0, 0.0, 1.0 ], [ -0.309017, 0.5, 0.809017, 0.0, -0.5, -0.809017, 0.309017, 0.0, 0.809017, -0.309017, 0.5, 0.0, 0.0, 0.0, 0.0, 1.0 ], [ -0.809017, 0.309017, -0.5, 0.0, -0.309017, 0.5, 0.809017, 0.0, 0.5, 0.809017, -0.309017, 0.0, 0.0, 0.0, 0.0, 1.0 ], [ -0.809017, -0.309017, 0.5, 0.0, -0.309017, -0.5, -0.809017, 0.0, 0.5, -0.809017, 0.309017, 0.0, 0.0, 0.0, 0.0, 1.0 ], [ -0.5, 0.809017, -0.309017, 0.0, -0.809017, -0.309017, 0.5, 0.0, 0.309017, 0.5, 0.809017, 0.0, 0.0, 0.0, 0.0, 1.0 ], [ -0.309017, -0.5, -0.809017, 0.0, -0.5, 0.809017, -0.309017, 0.0, 0.809017, 0.309017, -0.5, 0.0, 0.0, 0.0, 0.0, 1.0 ], [ -1.0, 0.0, 0.0, 0.0, 0.0, 1.0, 0.0, 0.0, 0.0, 0.0, -1.0, 0.0, 0.0, 0.0, 0.0, 1.0 ], [ 0.0, 0.0, -1.0, 0.0, 1.0, 0.0, 0.0, 0.0, 0.0, -1.0, 0.0, 0.0, 0.0, 0.0, 0.0, 1.0 ], [ 0.0, -1.0, 0.0, 0.0, 0.0, 0.0, 1.0, 0.0, -1.0, 0.0, 0.0, 0.0, 0.0, 0.0, 0.0, 1.0 ], [ -0.809017, -0.309017, -0.5, 0.0, 0.309017, 0.5, -0.809017, 0.0, 0.5, -0.809017, -0.309017, 0.0, 0.0, 0.0, 0.0, 1.0 ], [ 0.5, -0.809017, -0.309017, 0.0, 0.809017, 0.309017, 0.5, 0.0, -0.309017, -0.5, 0.809017, 0.0, 0.0, 0.0, 0.0, 1.0 ], [ -0.309017, -0.5, 0.809017, 0.0, -0.5, 0.809017, 0.309017, 0.0, -0.809017, -0.309017, -0.5, 0.0, 0.0, 0.0, 0.0, 1.0 ], [ -0.5, -0.809017, -0.309017, 0.0, 0.809017, -0.309017, -0.5, 0.0, 0.309017, -0.5, 0.809017, 0.0, 0.0, 0.0, 0.0, 1.0 ], [ 0.309017, -0.5, 0.809017, 0.0, 0.5, 0.809017, 0.309017, 0.0, -0.809017, 0.309017, 0.5, 0.0, 0.0, 0.0, 0.0, 1.0 ], [ -0.809017, 0.309017, 0.5, 0.0, -0.309017, 0.5, -0.809017, 0.0, -0.5, -0.809017, -0.309017, 0.0, 0.0, 0.0, 0.0, 1.0 ], [ -0.5, -0.809017, 0.309017, 0.0, 0.809017, -0.309017, 0.5, 0.0, -0.309017, 0.5, 0.809017, 0.0, 0.0, 0.0, 0.0, 1.0 ], [ -0.309017, 0.5, 0.809017, 0.0, 0.5, 0.809017, -0.309017, 0.0, -0.809017, 0.309017, -0.5, 0.0, 0.0, 0.0, 0.0, 1.0 ], [ -0.809017, 0.309017, -0.5, 0.0, 0.309017, -0.5, -0.809017, 0.0, -0.5, -0.809017, 0.309017, 0.0, 0.0, 0.0, 0.0, 1.0 ], [ -0.809017, -0.309017, 0.5, 0.0, 0.309017, 0.5, 0.809017, 0.0, -0.5, 0.809017, -0.309017, 0.0, 0.0, 0.0, 0.0, 1.0 ], [ -0.5, 0.809017, -0.309017, 0.0, 0.809017, 0.309017, -0.5, 0.0, -0.309017, -0.5, -0.809017, 0.0, 0.0, 0.0, 0.0, 1.0 ], [ -0.309017, -0.5, -0.809017, 0.0, 0.5, -0.809017, 0.309017, 0.0, -0.809017, -0.309017, 0.5, 0.0, 0.0, 0.0, 0.0, 1.0 ] ],
  "lights" : {
    "ambientColor" : "#292929",
    "backgroundColor" : "#E0EFFF",
    "directionalLights" : [ {
      "direction" : {
        "x" : 1.0,
        "y" : -1.0,
        "z" : -1.0
      },
      "color" : "#EBEBE4"
    }, {
      "direction" : {
        "x" : -1.0,
        "y" : 0.0,
        "z" : 0.0
      },
      "color" : "#E4E4EB"
    }, {
      "direction" : {
        "x" : 0.0,
        "y" : 0.0,
        "z" : -1.0
      },
      "color" : "#1E1E1E"
    } ]
  },
  "camera" : {
    "viewDistance" : 165.48482,
    "nearClipDistance" : 0.41371208,
    "farClipDistance" : 330.96906,
    "lookAtPoint" : {
      "x" : 0.0,
      "y" : 0.0,
      "z" : 0.0
    },
    "fieldOfView" : 0.44262853,
    "perspective" : false,
    "lookDirection" : {
      "x" : 0.0,
      "y" : 0.0,
      "z" : -1.0
    },
    "upDirection" : {
      "x" : 0.0,
      "y" : 1.0,
      "z" : 0.0
    },
    "width" : 74.46811,
    "stereo" : false,
    "position" : {
      "x" : 0.0,
      "y" : 0.0,
      "z" : 165.48482
    }
  },
  "embedding" : [ 1.0, 0.0, 0.0, 0.0, 0.0, 1.0, 0.0, 0.0, 0.0, 0.0, 1.0, 0.0, 0.0, 0.0, 0.0, 1.0 ],
  "shapes" : [ {
    "id" : "ea24cebf-f5d9-42c3-baa8-950b962625ec",
    "vertices" : [ {
      "x" : 0.309017,
      "y" : -0.309017,
      "z" : -0.309017
    }, {
      "x" : 0.5,
      "y" : 0.0,
      "z" : -0.19098301
    }, {
      "x" : 0.5,
      "y" : 0.0,
      "z" : 0.19098301
    }, {
      "x" : 0.309017,
      "y" : -0.309017,
      "z" : 0.309017
    }, {
      "x" : 0.19098301,
      "y" : -0.5,
      "z" : 0.0
    }, {
      "x" : 0.0,
      "y" : 0.19098301,
      "z" : 0.5
    }, {
      "x" : 0.0,
      "y" : -0.19098301,
      "z" : 0.5
    }, {
      "x" : 0.309017,
      "y" : 0.309017,
      "z" : 0.309017
    }, {
      "x" : -0.309017,
      "y" : -0.309017,
      "z" : 0.309017
    }, {
      "x" : -0.309017,
      "y" : 0.309017,
      "z" : 0.309017
    }, {
      "x" : -0.5,
      "y" : 0.0,
      "z" : 0.19098301
    }, {
      "x" : 0.0,
      "y" : -0.19098301,
      "z" : -0.5
    }, {
      "x" : 0.0,
      "y" : 0.19098301,
      "z" : -0.5
    }, {
      "x" : 0.309017,
      "y" : 0.309017,
      "z" : -0.309017
    }, {
      "x" : -0.309017,
      "y" : -0.309017,
      "z" : -0.309017
    }, {
      "x" : -0.19098301,
      "y" : -0.5,
      "z" : 0.0
    }, {
      "x" : -0.5,
      "y" : 0.0,
      "z" : -0.19098301
    }, {
      "x" : 0.19098301,
      "y" : 0.5,
      "z" : 0.0
    }, {
      "x" : -0.309017,
      "y" : 0.309017,
      "z" : -0.309017
    }, {
      "x" : 0.0,
      "y" : 0.0,
      "z" : 0.0
    }, {
      "x" : -0.19098301,
      "y" : 0.5,
      "z" : 0.0
    } ],
    "faces" : [ {
      "vertices" : [ 12, 18, 20 ]
    }, {
      "vertices" : [ 12, 20, 17 ]
    }, {
      "vertices" : [ 12, 17, 13 ]
    }, {
      "vertices" : [ 3, 6, 8 ]
    }, {
      "vertices" : [ 3, 8, 15 ]
    }, {
      "vertices" : [ 3, 15, 4 ]
    }, {
      "vertices" : [ 0, 11, 12 ]
    }, {
      "vertices" : [ 0, 12, 13 ]
    }, {
      "vertices" : [ 0, 13, 1 ]
    }, {
      "vertices" : [ 5, 9, 10 ]
    }, {
      "vertices" : [ 5, 10, 8 ]
    }, {
      "vertices" : [ 5, 8, 6 ]
    }, {
      "vertices" : [ 2, 7, 5 ]
    }, {
      "vertices" : [ 2, 5, 6 ]
    }, {
      "vertices" : [ 2, 6, 3 ]
    }, {
      "vertices" : [ 11, 14, 16 ]
    }, {
      "vertices" : [ 11, 16, 18 ]
    }, {
      "vertices" : [ 11, 18, 12 ]
    }, {
      "vertices" : [ 1, 13, 17 ]
    }, {
      "vertices" : [ 1, 17, 7 ]
    }, {
      "vertices" : [ 1, 7, 2 ]
    }, {
      "vertices" : [ 9, 20, 18 ]
    }, {
      "vertices" : [ 9, 18, 16 ]
    }, {
      "vertices" : [ 9, 16, 10 ]
    }, {
      "vertices" : [ 0, 1, 2 ]
    }, {
      "vertices" : [ 0, 2, 3 ]
    }, {
      "vertices" : [ 0, 3, 4 ]
    }, {
      "vertices" : [ 5, 7, 17 ]
    }, {
      "vertices" : [ 5, 17, 20 ]
    }, {
      "vertices" : [ 5, 20, 9 ]
    }, {
      "vertices" : [ 0, 4, 15 ]
    }, {
      "vertices" : [ 0, 15, 14 ]
    }, {
      "vertices" : [ 0, 14, 11 ]
    }, {
      "vertices" : [ 8, 10, 16 ]
    }, {
      "vertices" : [ 8, 16, 14 ]
    }, {
      "vertices" : [ 8, 14, 15 ]
    } ]
  }, {
    "id" : "1743506b-35df-4bfe-b507-8c01da02174c",
    "vertices" : [ {
      "x" : 1.0,
      "y" : 0.309017,
      "z" : 0.19098301
    }, {
      "x" : 1.0,
      "y" : -0.309017,
      "z" : 0.19098301
    }, {
      "x" : 5.854102,
      "y" : -0.309017,
      "z" : 0.19098301
    }, {
      "x" : 5.854102,
      "y" : 0.309017,
      "z" : 0.19098301
    }, {
      "x" : 5.854102,
      "y" : -0.309017,
      "z" : -0.19098301
    }, {
      "x" : 5.854102,
      "y" : 0.309017,
      "z" : -0.19098301
    }, {
      "x" : 6.472136,
      "y" : 0.0,
      "z" : 0.0
    }, {
      "x" : 0.38196602,
      "y" : 0.0,
      "z" : 0.0
    }, {
      "x" : 1.0,
      "y" : 0.309017,
      "z" : -0.19098301
    }, {
      "x" : 1.0,
      "y" : -0.309017,
      "z" : -0.19098301
    }, {
      "x" : 6.854102,
      "y" : 0.0,
      "z" : 0.0
    } ],
    "faces" : [ {
      "vertices" : [ 1, 9, 4 ]
    }, {
      "vertices" : [ 1, 4, 2 ]
    }, {
      "vertices" : [ 0, 3, 5 ]
    }, {
      "vertices" : [ 0, 5, 8 ]
    }, {
      "vertices" : [ 1, 7, 9 ]
    }, {
      "vertices" : [ 0, 1, 2 ]
    }, {
      "vertices" : [ 0, 2, 3 ]
    }, {
      "vertices" : [ 7, 8, 9 ]
    }, {
      "vertices" : [ 0, 7, 1 ]
    }, {
      "vertices" : [ 4, 9, 8 ]
    }, {
      "vertices" : [ 4, 8, 5 ]
    }, {
      "vertices" : [ 2, 6, 3 ]
    }, {
      "vertices" : [ 2, 4, 6 ]
    }, {
      "vertices" : [ 3, 6, 5 ]
    }, {
      "vertices" : [ 4, 5, 6 ]
    }, {
      "vertices" : [ 0, 8, 7 ]
    } ]
  }, {
    "id" : "72c5fcb6-1798-42de-a86c-88aa9434189c",
    "vertices" : [ {
      "x" : 1.0,
      "y" : 0.309017,
      "z" : 0.19098301
    }, {
      "x" : 1.0,
      "y" : -0.309017,
      "z" : 0.19098301
    }, {
      "x" : 10.09017,
      "y" : -0.309017,
      "z" : 0.19098301
    }, {
      "x" : 10.09017,
      "y" : 0.309017,
      "z" : 0.19098301
    }, {
      "x" : 10.09017,
      "y" : -0.309017,
      "z" : -0.19098301
    }, {
      "x" : 10.09017,
      "y" : 0.309017,
      "z" : -0.19098301
    }, {
      "x" : 10.708204,
      "y" : 0.0,
      "z" : 0.0
    }, {
      "x" : 0.38196602,
      "y" : 0.0,
      "z" : 0.0
    }, {
      "x" : 1.0,
      "y" : 0.309017,
      "z" : -0.19098301
    }, {
      "x" : 1.0,
      "y" : -0.309017,
      "z" : -0.19098301
    }, {
      "x" : 11.09017,
      "y" : 0.0,
      "z" : 0.0
    } ],
    "faces" : [ {
      "vertices" : [ 1, 9, 4 ]
    }, {
      "vertices" : [ 1, 4, 2 ]
    }, {
      "vertices" : [ 0, 3, 5 ]
    }, {
      "vertices" : [ 0, 5, 8 ]
    }, {
      "vertices" : [ 1, 7, 9 ]
    }, {
      "vertices" : [ 0, 1, 2 ]
    }, {
      "vertices" : [ 0, 2, 3 ]
    }, {
      "vertices" : [ 7, 8, 9 ]
    }, {
      "vertices" : [ 0, 7, 1 ]
    }, {
      "vertices" : [ 4, 9, 8 ]
    }, {
      "vertices" : [ 4, 8, 5 ]
    }, {
      "vertices" : [ 2, 6, 3 ]
    }, {
      "vertices" : [ 2, 4, 6 ]
    }, {
      "vertices" : [ 3, 6, 5 ]
    }, {
      "vertices" : [ 4, 5, 6 ]
    }, {
      "vertices" : [ 0, 8, 7 ]
    } ]
  }, {
    "id" : "0a819771-b2dd-4e6d-aba0-71b27ab63785",
    "vertices" : [ {
      "x" : 0.42705098,
      "y" : 1.381966,
      "z" : -0.309017
    }, {
      "x" : 1.1257354,
      "y" : 5.472136,
      "z" : -0.309017
    }, {
      "x" : 1.1257354,
      "y" : 5.472136,
      "z" : 0.309017
    }, {
      "x" : 0.42705098,
      "y" : 1.381966,
      "z" : 0.309017
    }, {
      "x" : 0.045084972,
      "y" : 1.381966,
      "z" : -0.309017
    }, {
      "x" : 0.7437694,
      "y" : 5.472136,
      "z" : -0.309017
    }, {
      "x" : 0.090169944,
      "y" : 0.52786404,
      "z" : 0.0
    }, {
      "x" : 0.045084972,
      "y" : 1.381966,
      "z" : 0.309017
    }, {
      "x" : 0.7437694,
      "y" : 5.472136,
      "z" : 0.309017
    }, {
      "x" : 1.0806504,
      "y" : 6.326238,
      "z" : 0.0
    }, {
      "x" : 1.1708204,
      "y" : 6.854102,
      "z" : 0.0
    } ],
    "faces" : [ {
      "vertices" : [ 3, 7, 6 ]
    }, {
      "vertices" : [ 4, 6, 7 ]
    }, {
      "vertices" : [ 2, 9, 8 ]
    }, {
      "vertices" : [ 2, 8, 7 ]
    }, {
      "vertices" : [ 2, 7, 3 ]
    }, {
      "vertices" : [ 0, 1, 2 ]
    }, {
      "vertices" : [ 0, 2, 3 ]
    }, {
      "vertices" : [ 5, 8, 9 ]
    }, {
      "vertices" : [ 4, 7, 8 ]
    }, {
      "vertices" : [ 4, 8, 5 ]
    }, {
      "vertices" : [ 0, 3, 6 ]
    }, {
      "vertices" : [ 0, 4, 5 ]
    }, {
      "vertices" : [ 0, 5, 1 ]
    }, {
      "vertices" : [ 0, 6, 4 ]
    }, {
      "vertices" : [ 1, 9, 2 ]
    }, {
      "vertices" : [ 1, 5, 9 ]
    } ]
  }, {
    "id" : "ddbbfeda-82da-452d-ab9b-1ffb033cc045",
    "vertices" : [ {
      "x" : 1.8042573,
      "y" : 7.6429563,
      "z" : 1.8042573
    }, {
      "x" : 1.4673762,
      "y" : 7.0249224,
      "z" : 1.3493422
    }, {
      "x" : 1.3493422,
      "y" : 7.215905,
      "z" : 1.6583592
    }, {
      "x" : 0.090169944,
      "y" : 0.38196602,
      "z" : 0.090169944
    }, {
      "x" : -0.072949015,
      "y" : 1.190983,
      "z" : 0.23606798
    }, {
      "x" : 0.045084972,
      "y" : 1.0,
      "z" : -0.072949015
    }, {
      "x" : 1.8493422,
      "y" : 7.0249224,
      "z" : 1.9673762
    }, {
      "x" : 0.54508495,
      "y" : 0.809017,
      "z" : 0.23606798
    }, {
      "x" : 1.9673762,
      "y" : 6.8339396,
      "z" : 1.6583592
    }, {
      "x" : 1.8944272,
      "y" : 8.024922,
      "z" : 1.8944272
    }, {
      "x" : 0.42705098,
      "y" : 1.0,
      "z" : 0.54508495
    } ],
    "faces" : [ {
      "vertices" : [ 3, 10, 4 ]
    }, {
      "vertices" : [ 0, 1, 2 ]
    }, {
      "vertices" : [ 3, 7, 10 ]
    }, {
      "vertices" : [ 1, 8, 7 ]
    }, {
      "vertices" : [ 1, 7, 5 ]
    }, {
      "vertices" : [ 2, 4, 10 ]
    }, {
      "vertices" : [ 2, 10, 6 ]
    }, {
      "vertices" : [ 0, 2, 6 ]
    }, {
      "vertices" : [ 0, 8, 1 ]
    }, {
      "vertices" : [ 3, 4, 5 ]
    }, {
      "vertices" : [ 1, 5, 4 ]
    }, {
      "vertices" : [ 1, 4, 2 ]
    }, {
      "vertices" : [ 0, 6, 8 ]
    }, {
      "vertices" : [ 6, 10, 7 ]
    }, {
      "vertices" : [ 6, 7, 8 ]
    }, {
      "vertices" : [ 3, 5, 7 ]
    } ]
  }, {
    "id" : "690169f1-14ca-483e-af7b-669229dace8a",
    "vertices" : [ {
      "x" : 7.4068885,
      "y" : 7.215905,
      "z" : 1.3944272
    }, {
      "x" : 1.0,
      "y" : 0.809017,
      "z" : -0.11803399
    }, {
      "x" : 0.5,
      "y" : 1.0,
      "z" : 0.19098301
    }, {
      "x" : 6.9068885,
      "y" : 7.4068885,
      "z" : 1.7034442
    }, {
      "x" : 1.118034,
      "y" : 0.618034,
      "z" : 0.19098301
    }, {
      "x" : 7.5249224,
      "y" : 7.0249224,
      "z" : 1.7034442
    }, {
      "x" : 7.715905,
      "y" : 7.715905,
      "z" : 1.8214781
    }, {
      "x" : 7.0249224,
      "y" : 7.215905,
      "z" : 2.0124612
    }, {
      "x" : 0.618034,
      "y" : 0.809017,
      "z" : 0.5
    }, {
      "x" : 0.309017,
      "y" : 0.309017,
      "z" : 0.072949015
    }, {
      "x" : 8.024922,
      "y" : 8.024922,
      "z" : 1.8944272
    } ],
    "faces" : [ {
      "vertices" : [ 3, 7, 6 ]
    }, {
      "vertices" : [ 5, 6, 7 ]
    }, {
      "vertices" : [ 2, 9, 8 ]
    }, {
      "vertices" : [ 2, 8, 7 ]
    }, {
      "vertices" : [ 2, 7, 3 ]
    }, {
      "vertices" : [ 4, 8, 9 ]
    }, {
      "vertices" : [ 0, 1, 2 ]
    }, {
      "vertices" : [ 0, 2, 3 ]
    }, {
      "vertices" : [ 4, 5, 7 ]
    }, {
      "vertices" : [ 4, 7, 8 ]
    }, {
      "vertices" : [ 0, 3, 6 ]
    }, {
      "vertices" : [ 0, 5, 4 ]
    }, {
      "vertices" : [ 0, 4, 1 ]
    }, {
      "vertices" : [ 0, 6, 5 ]
    }, {
      "vertices" : [ 1, 9, 2 ]
    }, {
      "vertices" : [ 1, 4, 9 ]
    } ]
  }, {
    "id" : "373e0696-ef4d-45fd-9a36-3ee48a03a781",
    "vertices" : [ {
      "x" : 8.663119,
      "y" : 3.309017,
      "z" : -1.263932
    }, {
      "x" : 8.281153,
      "y" : 2.854102,
      "z" : -1.072949
    }, {
      "x" : 8.118034,
      "y" : 3.118034,
      "z" : -1.5
    }, {
      "x" : 8.045085,
      "y" : 3.381966,
      "z" : -1.309017
    }, {
      "x" : 0.85410196,
      "y" : 0.309017,
      "z" : 0.19098301
    }, {
      "x" : 0.690983,
      "y" : 0.572949,
      "z" : -0.23606798
    }, {
      "x" : 0.309017,
      "y" : 0.11803399,
      "z" : -0.045084972
    }, {
      "x" : 0.76393205,
      "y" : 0.309017,
      "z" : -0.42705098
    }, {
      "x" : 0.927051,
      "y" : 0.045084972,
      "z" : 0.0
    }, {
      "x" : 8.208204,
      "y" : 3.118034,
      "z" : -0.881966
    }, {
      "x" : 8.972136,
      "y" : 3.427051,
      "z" : -1.309017
    } ],
    "faces" : [ {
      "vertices" : [ 2, 7, 5 ]
    }, {
      "vertices" : [ 2, 5, 3 ]
    }, {
      "vertices" : [ 1, 8, 7 ]
    }, {
      "vertices" : [ 1, 7, 2 ]
    }, {
      "vertices" : [ 4, 6, 8 ]
    }, {
      "vertices" : [ 5, 7, 6 ]
    }, {
      "vertices" : [ 0, 1, 2 ]
    }, {
      "vertices" : [ 0, 2, 3 ]
    }, {
      "vertices" : [ 6, 7, 8 ]
    }, {
      "vertices" : [ 3, 5, 4 ]
    }, {
      "vertices" : [ 3, 4, 9 ]
    }, {
      "vertices" : [ 1, 9, 4 ]
    }, {
      "vertices" : [ 1, 4, 8 ]
    }, {
      "vertices" : [ 0, 9, 1 ]
    }, {
      "vertices" : [ 0, 3, 9 ]
    }, {
      "vertices" : [ 4, 5, 6 ]
    } ]
  }, {
    "id" : "ac2273ba-f179-46a0-aa0a-26fa9583c922",
    "vertices" : [ {
      "x" : 6.854102,
      "y" : 0.0,
      "z" : -2.618034
    }, {
      "x" : 6.545085,
      "y" : 0.0,
      "z" : -2.5
    }, {
      "x" : 6.1405764,
      "y" : -0.1545085,
      "z" : -2.059017
    }, {
      "x" : 5.9495935,
      "y" : -0.1545085,
      "z" : -2.559017
    }, {
      "x" : 0.9045085,
      "y" : -0.1545085,
      "z" : -0.059016995
    }, {
      "x" : 0.809017,
      "y" : 0.309017,
      "z" : -0.309017
    }, {
      "x" : 0.309017,
      "y" : 0.0,
      "z" : -0.11803399
    }, {
      "x" : 6.045085,
      "y" : 0.309017,
      "z" : -2.309017
    }, {
      "x" : 0.7135255,
      "y" : -0.1545085,
      "z" : -0.559017
    } ],
    "faces" : [ {
      "vertices" : [ 2, 4, 8 ]
    }, {
      "vertices" : [ 2, 8, 3 ]
    }, {
      "vertices" : [ 2, 7, 5 ]
    }, {
      "vertices" : [ 2, 5, 4 ]
    }, {
      "vertices" : [ 4, 6, 8 ]
    }, {
      "vertices" : [ 5, 8, 6 ]
    }, {
      "vertices" : [ 1, 2, 3 ]
    }, {
      "vertices" : [ 3, 8, 5 ]
    }, {
      "vertices" : [ 3, 5, 7 ]
    }, {
      "vertices" : [ 1, 7, 2 ]
    }, {
      "vertices" : [ 1, 3, 7 ]
    }, {
      "vertices" : [ 4, 5, 6 ]
    } ]
  }, {
    "id" : "00f9ce4f-8969-445f-b714-693b17e243c9",
    "vertices" : [ {
      "x" : 1.145898,
      "y" : -0.072949015,
      "z" : 0.19098301
    }, {
      "x" : 1.145898,
      "y" : 0.54508495,
      "z" : 0.19098301
    }, {
      "x" : 0.4376941,
      "y" : 0.090169944,
      "z" : 0.0
    }, {
      "x" : 1.145898,
      "y" : 0.54508495,
      "z" : -0.19098301
    }, {
      "x" : 9.5065775,
      "y" : 2.2674797,
      "z" : -0.19098301
    }, {
      "x" : 9.5065775,
      "y" : 1.6494458,
      "z" : -0.19098301
    }, {
      "x" : 1.145898,
      "y" : -0.072949015,
      "z" : -0.19098301
    }, {
      "x" : 9.5065775,
      "y" : 1.6494458,
      "z" : 0.19098301
    }, {
      "x" : 9.5065775,
      "y" : 2.2674797,
      "z" : 0.19098301
    }, {
      "x" : 10.214782,
      "y" : 2.1043608,
      "z" : 0.0
    }, {
      "x" : 11.09017,
      "y" : 2.2847006,
      "z" : 0.0
    } ],
    "faces" : [ {
      "vertices" : [ 0, 7, 8 ]
    }, {
      "vertices" : [ 0, 8, 1 ]
    }, {
      "vertices" : [ 1, 8, 4 ]
    }, {
      "vertices" : [ 1, 4, 3 ]
    }, {
      "vertices" : [ 3, 4, 5 ]
    }, {
      "vertices" : [ 3, 5, 6 ]
    }, {
      "vertices" : [ 4, 9, 5 ]
    }, {
      "vertices" : [ 0, 6, 5 ]
    }, {
      "vertices" : [ 0, 5, 7 ]
    }, {
      "vertices" : [ 0, 1, 2 ]
    }, {
      "vertices" : [ 5, 9, 7 ]
    }, {
      "vertices" : [ 4, 8, 9 ]
    }, {
      "vertices" : [ 1, 3, 2 ]
    }, {
      "vertices" : [ 7, 9, 8 ]
    }, {
      "vertices" : [ 0, 2, 6 ]
    }, {
      "vertices" : [ 2, 3, 6 ]
    } ]
  }, {
    "id" : "83e2aedc-5b62-4001-a318-672d97c0becc",
    "vertices" : [ {
      "x" : 6.9495935,
      "y" : 1.1545085,
      "z" : -1.559017
    }, {
      "x" : 7.3176274,
      "y" : 1.25,
      "z" : -2.0225425
    }, {
      "x" : 1.0954915,
      "y" : 0.1545085,
      "z" : 0.059016995
    }, {
      "x" : 6.7586102,
      "y" : 1.4635255,
      "z" : -2.059017
    }, {
      "x" : 0.9045085,
      "y" : 0.4635255,
      "z" : -0.440983
    }, {
      "x" : 6.7586102,
      "y" : 0.8454915,
      "z" : -1.677051
    }, {
      "x" : 0.9045085,
      "y" : -0.1545085,
      "z" : -0.059016995
    }, {
      "x" : 6.5676274,
      "y" : 1.1545085,
      "z" : -2.177051
    }, {
      "x" : 7.663119,
      "y" : 1.309017,
      "z" : -2.118034
    }, {
      "x" : 0.3454915,
      "y" : 0.059016995,
      "z" : -0.095491506
    }, {
      "x" : 0.7135255,
      "y" : 0.1545085,
      "z" : -0.559017
    } ],
    "faces" : [ {
      "vertices" : [ 2, 9, 6 ]
    }, {
      "vertices" : [ 0, 1, 3 ]
    }, {
      "vertices" : [ 0, 5, 1 ]
    }, {
      "vertices" : [ 4, 10, 9 ]
    }, {
      "vertices" : [ 3, 7, 10 ]
    }, {
      "vertices" : [ 3, 10, 4 ]
    }, {
      "vertices" : [ 0, 3, 4 ]
    }, {
      "vertices" : [ 0, 4, 2 ]
    }, {
      "vertices" : [ 6, 9, 10 ]
    }, {
      "vertices" : [ 1, 7, 3 ]
    }, {
      "vertices" : [ 5, 6, 10 ]
    }, {
      "vertices" : [ 5, 10, 7 ]
    }, {
      "vertices" : [ 0, 2, 6 ]
    }, {
      "vertices" : [ 0, 6, 5 ]
    }, {
      "vertices" : [ 1, 5, 7 ]
    }, {
      "vertices" : [ 2, 4, 9 ]
    } ]
  }, {
    "id" : "618c1cfb-32c7-49cc-8ece-eb38edad5500",
    "vertices" : [ {
      "x" : 0.9045085,
      "y" : 0.3454915,
      "z" : 0.25
    }, {
      "x" : 10.376644,
      "y" : 6.1995935,
      "z" : 0.25
    }, {
      "x" : 10.185661,
      "y" : 6.5086102,
      "z" : 0.25
    }, {
      "x" : 0.7135255,
      "y" : 0.6545085,
      "z" : 0.25
    }, {
      "x" : 0.809017,
      "y" : 0.5,
      "z" : -0.309017
    }, {
      "x" : 0.9635255,
      "y" : 0.25,
      "z" : -0.095491506
    }, {
      "x" : 0.309017,
      "y" : 0.19098301,
      "z" : 0.0
    }, {
      "x" : 10.781153,
      "y" : 6.663119,
      "z" : 0.0
    }, {
      "x" : 10.126644,
      "y" : 6.604102,
      "z" : -0.095491506
    }, {
      "x" : 10.281153,
      "y" : 6.354102,
      "z" : -0.309017
    }, {
      "x" : 11.09017,
      "y" : 6.854102,
      "z" : 0.0
    }, {
      "x" : 0.6545085,
      "y" : 0.75,
      "z" : -0.095491506
    }, {
      "x" : 10.435661,
      "y" : 6.104102,
      "z" : -0.095491506
    } ],
    "faces" : [ {
      "vertices" : [ 4, 11, 8 ]
    }, {
      "vertices" : [ 4, 8, 9 ]
    }, {
      "vertices" : [ 0, 1, 2 ]
    }, {
      "vertices" : [ 0, 2, 3 ]
    }, {
      "vertices" : [ 0, 3, 6 ]
    }, {
      "vertices" : [ 1, 7, 2 ]
    }, {
      "vertices" : [ 0, 6, 5 ]
    }, {
      "vertices" : [ 4, 5, 6 ]
    }, {
      "vertices" : [ 2, 7, 8 ]
    }, {
      "vertices" : [ 0, 5, 12 ]
    }, {
      "vertices" : [ 0, 12, 1 ]
    }, {
      "vertices" : [ 1, 12, 7 ]
    }, {
      "vertices" : [ 3, 11, 6 ]
    }, {
      "vertices" : [ 4, 6, 11 ]
    }, {
      "vertices" : [ 7, 9, 8 ]
    }, {
      "vertices" : [ 2, 8, 11 ]
    }, {
      "vertices" : [ 2, 11, 3 ]
    }, {
      "vertices" : [ 7, 12, 9 ]
    }, {
      "vertices" : [ 4, 9, 12 ]
    }, {
      "vertices" : [ 4, 12, 5 ]
    } ]
  }, {
    "id" : "13b8c670-ef1e-467e-aba2-9545fd63b118",
    "vertices" : [ {
      "x" : 0.809017,
      "y" : 0.618034,
      "z" : -0.19098301
    }, {
      "x" : 0.809017,
      "y" : 0.0,
      "z" : -0.19098301
    }, {
      "x" : 0.309017,
      "y" : 0.11803399,
      "z" : 0.0
    }, {
      "x" : 10.281153,
      "y" : 4.236068,
      "z" : 0.19098301
    }, {
      "x" : 0.809017,
      "y" : 0.618034,
      "z" : 0.19098301
    }, {
      "x" : 0.809017,
      "y" : 0.0,
      "z" : 0.19098301
    }, {
      "x" : 10.281153,
      "y" : 3.618034,
      "z" : 0.19098301
    }, {
      "x" : 10.781153,
      "y" : 4.118034,
      "z" : 0.0
    }, {
      "x" : 10.281153,
      "y" : 4.236068,
      "z" : -0.19098301
    }, {
      "x" : 11.09017,
      "y" : 4.236068,
      "z" : 0.0
    }, {
      "x" : 10.281153,
      "y" : 3.618034,
      "z" : -0.19098301
    } ],
    "faces" : [ {
      "vertices" : [ 3, 6, 7 ]
    }, {
      "vertices" : [ 3, 4, 5 ]
    }, {
      "vertices" : [ 3, 5, 6 ]
    }, {
      "vertices" : [ 3, 7, 8 ]
    }, {
      "vertices" : [ 0, 1, 2 ]
    }, {
      "vertices" : [ 0, 8, 10 ]
    }, {
      "vertices" : [ 0, 10, 1 ]
    }, {
      "vertices" : [ 1, 10, 6 ]
    }, {
      "vertices" : [ 1, 6, 5 ]
    }, {
      "vertices" : [ 0, 2, 4 ]
    }, {
      "vertices" : [ 6, 10, 7 ]
    }, {
      "vertices" : [ 1, 5, 2 ]
    }, {
      "vertices" : [ 7, 10, 8 ]
    }, {
      "vertices" : [ 2, 5, 4 ]
    }, {
      "vertices" : [ 0, 4, 3 ]
    }, {
      "vertices" : [ 0, 3, 8 ]
    } ]
  }, {
    "id" : "772d5d8f-5ea4-4209-a0a1-03a99ec2cd9b",
    "vertices" : [ {
      "x" : 4.045085,
      "y" : 8.618034,
      "z" : -3.545085
    }, {
      "x" : 0.14589803,
      "y" : 0.32623792,
      "z" : -0.14589803
    }, {
      "x" : 0.690983,
      "y" : 0.66311896,
      "z" : -0.38196602
    }, {
      "x" : 0.572949,
      "y" : 0.85410196,
      "z" : -0.072949015
    }, {
      "x" : 4.09017,
      "y" : 9.145898,
      "z" : -4.09017
    }, {
      "x" : 4.163119,
      "y" : 8.427051,
      "z" : -3.854102
    }, {
      "x" : 3.6405764,
      "y" : 8.581559,
      "z" : -4.149187
    }, {
      "x" : 3.5225425,
      "y" : 8.772543,
      "z" : -3.84017
    }, {
      "x" : 0.16844052,
      "y" : 0.81762743,
      "z" : -0.677051
    }, {
      "x" : 0.05040653,
      "y" : 1.0086105,
      "z" : -0.36803398
    }, {
      "x" : 4.236068,
      "y" : 9.472136,
      "z" : -4.236068
    } ],
    "faces" : [ {
      "vertices" : [ 4, 6, 7 ]
    }, {
      "vertices" : [ 1, 9, 8 ]
    }, {
      "vertices" : [ 0, 7, 9 ]
    }, {
      "vertices" : [ 0, 9, 3 ]
    }, {
      "vertices" : [ 2, 8, 6 ]
    }, {
      "vertices" : [ 2, 6, 5 ]
    }, {
      "vertices" : [ 1, 2, 3 ]
    }, {
      "vertices" : [ 0, 5, 4 ]
    }, {
      "vertices" : [ 0, 3, 2 ]
    }, {
      "vertices" : [ 0, 2, 5 ]
    }, {
      "vertices" : [ 0, 4, 7 ]
    }, {
      "vertices" : [ 1, 8, 2 ]
    }, {
      "vertices" : [ 1, 3, 9 ]
    }, {
      "vertices" : [ 6, 8, 9 ]
    }, {
      "vertices" : [ 6, 9, 7 ]
    }, {
      "vertices" : [ 4, 5, 6 ]
    } ]
  } ],
  "instances" : [ {
    "shape" : "ea24cebf-f5d9-42c3-baa8-950b962625ec",
    "color" : "#FFFFFF",
    "position" : {
      "x" : 0.0,
      "y" : -17.944271,
      "z" : -11.09017
    }
  }, {
    "shape" : "ea24cebf-f5d9-42c3-baa8-950b962625ec",
    "color" : "#FFFFFF",
    "position" : {
      "x" : 11.09017,
      "y" : 4.236068,
      "z" : 17.944271
    }
  }, {
    "shape" : "ea24cebf-f5d9-42c3-baa8-950b962625ec",
    "color" : "#FFFFFF",
    "position" : {
      "x" : 11.09017,
      "y" : 6.854102,
      "z" : 17.944271
    }
  }, {
    "shape" : "ea24cebf-f5d9-42c3-baa8-950b962625ec",
    "color" : "#FFFFFF",
    "position" : {
      "x" : 5.545085,
      "y" : 8.972136,
      "z" : 14.5172205
    }
  }, {
    "shape" : "1743506b-35df-4bfe-b507-8c01da02174c",
    "color" : "#007695",
    "position" : {
      "x" : -8.972136,
      "y" : -14.5172205,
      "z" : 5.545085
    },
    "orientation" : 7
  }, {
    "shape" : "ea24cebf-f5d9-42c3-baa8-950b962625ec",
    "color" : "#FFFFFF",
    "position" : {
      "x" : 8.972136,
      "y" : -14.5172205,
      "z" : 5.545085
    }
  }, {
    "shape" : "1743506b-35df-4bfe-b507-8c01da02174c",
    "color" : "#007695",
    "position" : {
      "x" : 8.972136,
      "y" : 14.5172205,
      "z" : 5.545085
    },
    "orientation" : 37
  }, {
    "shape" : "1743506b-35df-4bfe-b507-8c01da02174c",
    "color" : "#007695",
    "position" : {
      "x" : 0.0,
      "y" : -17.944271,
      "z" : 0.0
    },
    "orientation" : 0
  }, {
    "shape" : "72c5fcb6-1798-42de-a86c-88aa9434189c",
    "color" : "#007695",
    "position" : {
      "x" : 17.944271,
      "y" : -11.09017,
      "z" : 0.0
    },
    "orientation" : 55
  }, {
    "shape" : "72c5fcb6-1798-42de-a86c-88aa9434189c",
    "color" : "#007695",
    "position" : {
      "x" : 0.0,
      "y" : -17.944271,
      "z" : -11.09017
    },
    "orientation" : 6
  }, {
    "shape" : "ea24cebf-f5d9-42c3-baa8-950b962625ec",
    "color" : "#FFFFFF",
    "position" : {
      "x" : 0.0,
      "y" : -17.944271,
      "z" : 11.09017
    }
  }, {
    "shape" : "ea24cebf-f5d9-42c3-baa8-950b962625ec",
    "color" : "#FFFFFF",
    "position" : {
      "x" : 11.09017,
      "y" : 11.09017,
      "z" : -11.09017
    }
  }, {
    "shape" : "ea24cebf-f5d9-42c3-baa8-950b962625ec",
    "color" : "#FFFFFF",
    "position" : {
      "x" : -14.5172205,
      "y" : 5.545085,
      "z" : 8.972136
    }
  }, {
    "shape" : "ea24cebf-f5d9-42c3-baa8-950b962625ec",
    "color" : "#FFFFFF",
    "position" : {
      "x" : -2.618034,
      "y" : -6.854102,
      "z" : 17.944271
    }
  }, {
    "shape" : "ea24cebf-f5d9-42c3-baa8-950b962625ec",
    "color" : "#FFFFFF",
    "position" : {
      "x" : -4.236068,
      "y" : -6.854102,
      "z" : 17.944271
    }
  }, {
    "shape" : "72c5fcb6-1798-42de-a86c-88aa9434189c",
    "color" : "#007695",
    "position" : {
      "x" : 0.0,
      "y" : -17.944271,
      "z" : 11.09017
    },
    "orientation" : 56
  }, {
    "shape" : "1743506b-35df-4bfe-b507-8c01da02174c",
    "color" : "#007695",
    "position" : {
      "x" : 14.5172205,
      "y" : -5.545085,
      "z" : 8.972136
    },
    "orientation" : 39
  }, {
    "shape" : "ea24cebf-f5d9-42c3-baa8-950b962625ec",
    "color" : "#FFFFFF",
    "position" : {
      "x" : 5.545085,
      "y" : -8.972136,
      "z" : 14.5172205
    }
  }, {
    "shape" : "72c5fcb6-1798-42de-a86c-88aa9434189c",
    "color" : "#007695",
    "position" : {
      "x" : -17.944271,
      "y" : 11.09017,
      "z" : 0.0
    },
    "orientation" : 11
  }, {
    "shape" : "ea24cebf-f5d9-42c3-baa8-950b962625ec",
    "color" : "#FFFFFF",
    "position" : {
      "x" : 6.854102,
      "y" : 17.944271,
      "z" : 0.0
    }
  }, {
    "shape" : "1743506b-35df-4bfe-b507-8c01da02174c",
    "color" : "#007695",
    "position" : {
      "x" : -5.545085,
      "y" : -8.972136,
      "z" : 14.5172205
    },
    "orientation" : 53
  }, {
    "shape" : "1743506b-35df-4bfe-b507-8c01da02174c",
    "color" : "#007695",
    "position" : {
      "x" : 5.545085,
      "y" : 8.972136,
      "z" : 14.5172205
    },
    "orientation" : 23
  }, {
    "shape" : "1743506b-35df-4bfe-b507-8c01da02174c",
    "color" : "#007695",
    "position" : {
      "x" : -14.5172205,
      "y" : 5.545085,
      "z" : -8.972136
    },
    "orientation" : 6
  }, {
    "shape" : "ea24cebf-f5d9-42c3-baa8-950b962625ec",
    "color" : "#FFFFFF",
    "position" : {
      "x" : 4.959675,
      "y" : 6.854102,
      "z" : 17.944271
    }
  }, {
    "shape" : "1743506b-35df-4bfe-b507-8c01da02174c",
    "color" : "#007695",
    "position" : {
      "x" : -5.545085,
      "y" : -8.972136,
      "z" : 14.5172205
    },
    "orientation" : 11
  }, {
    "shape" : "0a819771-b2dd-4e6d-aba0-71b27ab63785",
    "color" : "#FF338F",
    "position" : {
      "x" : -1.1708204,
      "y" : -6.854102,
      "z" : 17.944271
    },
    "orientation" : 0
  }, {
    "shape" : "ea24cebf-f5d9-42c3-baa8-950b962625ec",
    "color" : "#FFFFFF",
    "position" : {
      "x" : -8.972136,
      "y" : 14.5172205,
      "z" : -5.545085
    }
  }, {
    "shape" : "1743506b-35df-4bfe-b507-8c01da02174c",
    "color" : "#007695",
    "position" : {
      "x" : -14.5172205,
      "y" : 5.545085,
      "z" : -8.972136
    },
    "orientation" : 39
  }, {
    "shape" : "ea24cebf-f5d9-42c3-baa8-950b962625ec",
    "color" : "#FFFFFF",
    "position" : {
      "x" : 17.944271,
      "y" : 0.0,
      "z" : 6.854102
    }
  }, {
    "shape" : "72c5fcb6-1798-42de-a86c-88aa9434189c",
    "color" : "#007695",
    "position" : {
      "x" : 0.0,
      "y" : 17.944271,
      "z" : 11.09017
    },
    "orientation" : 53
  }, {
    "shape" : "ddbbfeda-82da-452d-ab9b-1ffb033cc045",
    "color" : "#AF87FF",
    "position" : {
      "x" : 4.959675,
      "y" : 6.854102,
      "z" : 17.944271
    },
    "orientation" : 25
  }, {
    "shape" : "ea24cebf-f5d9-42c3-baa8-950b962625ec",
    "color" : "#FFFFFF",
    "position" : {
      "x" : 11.09017,
      "y" : 3.0652475,
      "z" : 17.944271
    }
  }, {
    "shape" : "ea24cebf-f5d9-42c3-baa8-950b962625ec",
    "color" : "#FFFFFF",
    "position" : {
      "x" : -8.972136,
      "y" : 14.5172205,
      "z" : 5.545085
    }
  }, {
    "shape" : "72c5fcb6-1798-42de-a86c-88aa9434189c",
    "color" : "#007695",
    "position" : {
      "x" : 11.09017,
      "y" : 0.0,
      "z" : 17.944271
    },
    "orientation" : 52
  }, {
    "shape" : "1743506b-35df-4bfe-b507-8c01da02174c",
    "color" : "#007695",
    "position" : {
      "x" : -5.545085,
      "y" : 8.972136,
      "z" : 14.5172205
    },
    "orientation" : 56
  }, {
    "shape" : "ea24cebf-f5d9-42c3-baa8-950b962625ec",
    "color" : "#FFFFFF",
    "position" : {
      "x" : -5.545085,
      "y" : 8.972136,
      "z" : 14.5172205
    }
  }, {
    "shape" : "ea24cebf-f5d9-42c3-baa8-950b962625ec",
    "color" : "#FFFFFF",
    "position" : {
      "x" : -11.09017,
      "y" : -2.2847006,
      "z" : 17.944271
    }
  }, {
    "shape" : "1743506b-35df-4bfe-b507-8c01da02174c",
    "color" : "#007695",
    "position" : {
      "x" : -14.5172205,
      "y" : -5.545085,
      "z" : -8.972136
    },
    "orientation" : 51
  }, {
    "shape" : "1743506b-35df-4bfe-b507-8c01da02174c",
    "color" : "#007695",
    "position" : {
      "x" : 5.545085,
      "y" : -8.972136,
      "z" : 14.5172205
    },
    "orientation" : 38
  }, {
    "shape" : "690169f1-14ca-483e-af7b-669229dace8a",
    "color" : "#647100",
    "position" : {
      "x" : 0.0,
      "y" : 0.0,
      "z" : 17.944271
    },
    "orientation" : 36
  }, {
    "shape" : "1743506b-35df-4bfe-b507-8c01da02174c",
    "color" : "#007695",
    "position" : {
      "x" : 8.972136,
      "y" : 14.5172205,
      "z" : 5.545085
    },
    "orientation" : 55
  }, {
    "shape" : "ea24cebf-f5d9-42c3-baa8-950b962625ec",
    "color" : "#FFFFFF",
    "position" : {
      "x" : -11.09017,
      "y" : -6.854102,
      "z" : 17.944271
    }
  }, {
    "shape" : "1743506b-35df-4bfe-b507-8c01da02174c",
    "color" : "#007695",
    "position" : {
      "x" : 14.5172205,
      "y" : 5.545085,
      "z" : -8.972136
    },
    "orientation" : 54
  }, {
    "shape" : "1743506b-35df-4bfe-b507-8c01da02174c",
    "color" : "#007695",
    "position" : {
      "x" : 8.972136,
      "y" : -14.5172205,
      "z" : -5.545085
    },
    "orientation" : 52
  }, {
    "shape" : "1743506b-35df-4bfe-b507-8c01da02174c",
    "color" : "#007695",
    "position" : {
      "x" : 5.545085,
      "y" : -8.972136,
      "z" : 14.5172205
    },
    "orientation" : 26
  }, {
    "shape" : "72c5fcb6-1798-42de-a86c-88aa9434189c",
    "color" : "#007695",
    "position" : {
      "x" : -17.944271,
      "y" : 11.09017,
      "z" : 0.0
    },
    "orientation" : 16
  }, {
    "shape" : "373e0696-ef4d-45fd-9a36-3ee48a03a781",
    "color" : "#008D36",
    "position" : {
      "x" : 0.0,
      "y" : 0.0,
      "z" : 17.944271
    },
    "orientation" : 36
  }, {
    "shape" : "72c5fcb6-1798-42de-a86c-88aa9434189c",
    "color" : "#007695",
    "position" : {
      "x" : 0.0,
      "y" : -17.944271,
      "z" : 11.09017
    },
    "orientation" : 51
  }, {
    "shape" : "1743506b-35df-4bfe-b507-8c01da02174c",
    "color" : "#007695",
    "position" : {
      "x" : -17.944271,
      "y" : 0.0,
      "z" : 0.0
    },
    "orientation" : 47
  }, {
    "shape" : "ea24cebf-f5d9-42c3-baa8-950b962625ec",
    "color" : "#FFFFFF",
    "position" : {
      "x" : 2.618034,
      "y" : 6.854102,
      "z" : 17.944271
    }
  }, {
    "shape" : "1743506b-35df-4bfe-b507-8c01da02174c",
    "color" : "#007695",
    "position" : {
      "x" : 8.972136,
      "y" : -14.5172205,
      "z" : 5.545085
    },
    "orientation" : 10
  }, {
    "shape" : "ea24cebf-f5d9-42c3-baa8-950b962625ec",
    "color" : "#FFFFFF",
    "position" : {
      "x" : -11.09017,
      "y" : 11.09017,
      "z" : 11.09017
    }
  }, {
    "shape" : "72c5fcb6-1798-42de-a86c-88aa9434189c",
    "color" : "#007695",
    "position" : {
      "x" : 17.944271,
      "y" : 11.09017,
      "z" : 0.0
    },
    "orientation" : 40
  }, {
    "shape" : "ea24cebf-f5d9-42c3-baa8-950b962625ec",
    "color" : "#FFFFFF",
    "position" : {
      "x" : 11.09017,
      "y" : 0.0,
