{
  "field" : "golden",
  "symmetry" : "icosahedral",
  "orientations" : [ [ 1.0, 0.0, 0.0, 0.0, 0.0, 1.0, 0.0, 0.0, 0.0, 0.0, 1.0, 0.0, 0.0, 0.0, 0.0, 1.0 ], [ 0.0, 0.0, 1.0, 0.0, 1.0, 0.0, 0.0, 0.0, 0.0, 1.0, 0.0, 0.0, 0.0, 0.0, 0.0, 1.0 ], [ 0.0, 1.0, 0.0, 0.0, 0.0, 0.0, 1.0, 0.0, 1.0, 0.0, 0.0, 0.0, 0.0, 0.0, 0.0, 1.0 ], [ 0.809017, 0.309017, 0.5, 0.0, 0.309017, 0.5, -0.809017, 0.0, -0.5, 0.809017, 0.309017, 0.0, 0.0, 0.0, 0.0, 1.0 ], [ -0.5, 0.809017, 0.309017, 0.0, 0.809017, 0.309017, 0.5, 0.0, 0.309017, 0.5, -0.809017, 0.0, 0.0, 0.0, 0.0, 1.0 ], [ 0.309017, 0.5, -0.809017, 0.0, -0.5, 0.809017, 0.309017, 0.0, 0.809017, 0.309017, 0.5, 0.0, 0.0, 0.0, 0.0, 1.0 ], [ 0.5, 0.809017, 0.309017, 0.0, 0.809017, -0.309017, -0.5, 0.0, -0.309017, 0.5, -0.809017, 0.0, 0.0, 0.0, 0.0, 1.0 ], [ -0.309017, 0.5, -0.809017, 0.0, 0.5, 0.809017, 0.309017, 0.0, 0.809017, -0.309017, -0.5, 0.0, 0.0, 0.0, 0.0, 1.0 ], [ 0.809017, -0.309017, -0.5, 0.0, -0.309017, 0.5, -0.809017, 0.0, 0.5, 0.809017, 0.309017, 0.0, 0.0, 0.0, 0.0, 1.0 ], [ 0.5, 0.809017, -0.309017, 0.0, 0.809017, -0.309017, 0.5, 0.0, 0.309017, -0.5, -0.809017, 0.0, 0.0, 0.0, 0.0, 1.0 ], [ 0.309017, -0.5, -0.809017, 0.0, 0.5, 0.809017, -0.309017, 0.0, 0.809017, -0.309017, 0.5, 0.0, 0.0, 0.0, 0.0, 1.0 ], [ 0.809017, -0.309017, 0.5, 0.0, 0.309017, -0.5, -0.809017, 0.0, 0.5, 0.809017, -0.309017, 0.0, 0.0, 0.0, 0.0, 1.0 ], [ 0.809017, 0.309017, -0.5, 0.0, 0.309017, 0.5, 0.809017, 0.0, 0.5, -0.809017, 0.309017, 0.0, 0.0, 0.0, 0.0, 1.0 ], [ 0.5, -0.809017, 0.309017, 0.0, 0.809017, 0.309017, -0.5, 0.0, 0.309017, 0.5, 0.809017, 0.0, 0.0, 0.0, 0.0, 1.0 ], [ 0.309017, 0.5, 0.809017, 0.0, 0.5, -0.809017, 0.309017, 0.0, 0.809017, 0.309017, -0.5, 0.0, 0.0, 0.0, 0.0, 1.0 ], [ 1.0, 0.0, 0.0, 0.0, 0.0, -1.0, 0.0, 0.0, 0.0, 0.0, -1.0, 0.0, 0.0, 0.0, 0.0, 1.0 ], [ 0.0, 0.0, 1.0, 0.0, -1.0, 0.0, 0.0, 0.0, 0.0, -1.0, 0.0, 0.0, 0.0, 0.0, 0.0, 1.0 ], [ 0.0, 1.0, 0.0, 0.0, 0.0, 0.0, -1.0, 0.0, -1.0, 0.0, 0.0, 0.0, 0.0, 0.0, 0.0, 1.0 ], [ 0.809017, 0.309017, 0.5, 0.0, -0.309017, -0.5, 0.809017, 0.0, 0.5, -0.809017, -0.309017, 0.0, 0.0, 0.0, 0.0, 1.0 ], [ -0.5, 0.809017, 0.309017, 0.0, -0.809017, -0.309017, -0.5, 0.0, -0.309017, -0.5, 0.809017, 0.0, 0.0, 0.0, 0.0, 1.0 ], [ 0.309017, 0.5, -0.809017, 0.0, 0.5, -0.809017, -0.309017, 0.0, -0.809017, -0.309017, -0.5, 0.0, 0.0, 0.0, 0.0, 1.0 ], [ 0.5, 0.809017, 0.309017, 0.0, -0.809017, 0.309017, 0.5, 0.0, 0.309017, -0.5, 0.809017, 0.0, 0.0, 0.0, 0.0, 1.0 ], [ -0.309017, 0.5, -0.809017, 0.0, -0.5, -0.809017, -0.309017, 0.0, -0.809017, 0.309017, 0.5, 0.0, 0.0, 0.0, 0.0, 1.0 ], [ 0.809017, -0.309017, -0.5, 0.0, 0.309017, -0.5, 0.809017, 0.0, -0.5, -0.809017, -0.309017, 0.0, 0.0, 0.0, 0.0, 1.0 ], [ 0.5, 0.809017, -0.309017, 0.0, -0.809017, 0.309017, -0.5, 0.0, -0.309017, 0.5, 0.809017, 0.0, 0.0, 0.0, 0.0, 1.0 ], [ 0.309017, -0.5, -0.809017, 0.0, -0.5, -0.809017, 0.309017, 0.0, -0.809017, 0.309017, -0.5, 0.0, 0.0, 0.0, 0.0, 1.0 ], [ 0.809017, -0.309017, 0.5, 0.0, -0.309017, 0.5, 0.809017, 0.0, -0.5, -0.809017, 0.309017, 0.0, 0.0, 0.0, 0.0, 1.0 ], [ 0.809017, 0.309017, -0.5, 0.0, -0.309017, -0.5, -0.809017, 0.0, -0.5, 0.809017, -0.309017, 0.0, 0.0, 0.0, 0.0, 1.0 ], [ 0.5, -0.809017, 0.309017, 0.0, -0.809017, -0.309017, 0.5, 0.0, -0.309017, -0.5, -0.809017, 0.0, 0.0, 0.0, 0.0, 1.0 ], [ 0.309017, 0.5, 0.809017, 0.0, -0.5, 0.809017, -0.309017, 0.0, -0.809017, -0.309017, 0.5, 0.0, 0.0, 0.0, 0.0, 1.0 ], [ -1.0, 0.0, 0.0, 0.0, 0.0, -1.0, 0.0, 0.0, 0.0, 0.0, 1.0, 0.0, 0.0, 0.0, 0.0, 1.0 ], [ 0.0, 0.0, -1.0, 0.0, -1.0, 0.0, 0.0, 0.0, 0.0, 1.0, 0.0, 0.0, 0.0, 0.0, 0.0, 1.0 ], [ 0.0, -1.0, 0.0, 0.0, 0.0, 0.0, -1.0, 0.0, 1.0, 0.0, 0.0, 0.0, 0.0, 0.0, 0.0, 1.0 ], [ -0.809017, -0.309017, -0.5, 0.0, -0.309017, -0.5, 0.809017, 0.0, -0.5, 0.809017, 0.309017, 0.0, 0.0, 0.0, 0.0, 1.0 ], [ 0.5, -0.809017, -0.309017, 0.0, -0.809017, -0.309017, -0.5, 0.0, 0.309017, 0.5, -0.809017, 0.0, 0.0, 0.0, 0.0, 1.0 ], [ -0.309017, -0.5, 0.809017, 0.0, 0.5, -0.809017, -0.309017, 0.0, 0.809017, 0.309017, 0.5, 0.0, 0.0, 0.0, 0.0, 1.0 ], [ -0.5, -0.809017, -0.309017, 0.0, -0.809017, 0.309017, 0.5, 0.0, -0.309017, 0.5, -0.809017, 0.0, 0.0, 0.0, 0.0, 1.0 ], [ 0.309017, -0.5, 0.809017, 0.0, -0.5, -0.809017, -0.309017, 0.0, 0.809017, -0.309017, -0.5, 0.0, 0.0, 0.0, 0.0, 1.0 ], [ -0.809017, 0.309017, 0.5, 0.0, 0.309017, -0.5, 0.809017, 0.0, 0.5, 0.809017, 0.309017, 0.0, 0.0, 0.0, 0.0, 1.0 ], [ -0.5, -0.809017, 0.309017, 0.0, -0.809017, 0.309017, -0.5, 0.0, 0.309017, -0.5, -0.809017, 0.0, 0.0, 0.0, 0.0, 1.0 ], [ -0.309017, 0.5, 0.809017, 0.0, -0.5, -0.809017, 0.309017, 0.0, 0.809017, -0.309017, 0.5, 0.0, 0.0, 0.0, 0.0, 1.0 ], [ -0.809017, 0.309017, -0.5, 0.0, -0.309017, 0.5, 0.809017, 0.0, 0.5, 0.809017, -0.309017, 0.0, 0.0, 0.0, 0.0, 1.0 ], [ -0.809017, -0.309017, 0.5, 0.0, -0.309017, -0.5, -0.809017, 0.0, 0.5, -0.809017, 0.309017, 0.0, 0.0, 0.0, 0.0, 1.0 ], [ -0.5, 0.809017, -0.309017, 0.0, -0.809017, -0.309017, 0.5, 0.0, 0.309017, 0.5, 0.809017, 0.0, 0.0, 0.0, 0.0, 1.0 ], [ -0.309017, -0.5, -0.809017, 0.0, -0.5, 0.809017, -0.309017, 0.0, 0.809017, 0.309017, -0.5, 0.0, 0.0, 0.0, 0.0, 1.0 ], [ -1.0, 0.0, 0.0, 0.0, 0.0, 1.0, 0.0, 0.0, 0.0, 0.0, -1.0, 0.0, 0.0, 0.0, 0.0, 1.0 ], [ 0.0, 0.0, -1.0, 0.0, 1.0, 0.0, 0.0, 0.0, 0.0, -1.0, 0.0, 0.0, 0.0, 0.0, 0.0, 1.0 ], [ 0.0, -1.0, 0.0, 0.0, 0.0, 0.0, 1.0, 0.0, -1.0, 0.0, 0.0, 0.0, 0.0, 0.0, 0.0, 1.0 ], [ -0.809017, -0.309017, -0.5, 0.0, 0.309017, 0.5, -0.809017, 0.0, 0.5, -0.809017, -0.309017, 0.0, 0.0, 0.0, 0.0, 1.0 ], [ 0.5, -0.809017, -0.309017, 0.0, 0.809017, 0.309017, 0.5, 0.0, -0.309017, -0.5, 0.809017, 0.0, 0.0, 0.0, 0.0, 1.0 ], [ -0.309017, -0.5, 0.809017, 0.0, -0.5, 0.809017, 0.309017, 0.0, -0.809017, -0.309017, -0.5, 0.0, 0.0, 0.0, 0.0, 1.0 ], [ -0.5, -0.809017, -0.309017, 0.0, 0.809017, -0.309017, -0.5, 0.0, 0.309017, -0.5, 0.809017, 0.0, 0.0, 0.0, 0.0, 1.0 ], [ 0.309017, -0.5, 0.809017, 0.0, 0.5, 0.809017, 0.309017, 0.0, -0.809017, 0.309017, 0.5, 0.0, 0.0, 0.0, 0.0, 1.0 ], [ -0.809017, 0.309017, 0.5, 0.0, -0.309017, 0.5, -0.809017, 0.0, -0.5, -0.809017, -0.309017, 0.0, 0.0, 0.0, 0.0, 1.0 ], [ -0.5, -0.809017, 0.309017, 0.0, 0.809017, -0.309017, 0.5, 0.0, -0.309017, 0.5, 0.809017, 0.0, 0.0, 0.0, 0.0, 1.0 ], [ -0.309017, 0.5, 0.809017, 0.0, 0.5, 0.809017, -0.309017, 0.0, -0.809017, 0.309017, -0.5, 0.0, 0.0, 0.0, 0.0, 1.0 ], [ -0.809017, 0.309017, -0.5, 0.0, 0.309017, -0.5, -0.809017, 0.0, -0.5, -0.809017, 0.309017, 0.0, 0.0, 0.0, 0.0, 1.0 ], [ -0.809017, -0.309017, 0.5, 0.0, 0.309017, 0.5, 0.809017, 0.0, -0.5, 0.809017, -0.309017, 0.0, 0.0, 0.0, 0.0, 1.0 ], [ -0.5, 0.809017, -0.309017, 0.0, 0.809017, 0.309017, -0.5, 0.0, -0.309017, -0.5, -0.809017, 0.0, 0.0, 0.0, 0.0, 1.0 ], [ -0.309017, -0.5, -0.809017, 0.0, 0.5, -0.809017, 0.309017, 0.0, -0.809017, -0.309017, 0.5, 0.0, 0.0, 0.0, 0.0, 1.0 ] ],
  "lights" : {
    "ambientColor" : "#292929",
    "backgroundColor" : "#FFFFFF",
    "directionalLights" : [ {
      "direction" : {
        "x" : 1.0,
        "y" : -1.0,
        "z" : -1.0
      },
      "color" : "#EBEBE4"
    }, {
      "direction" : {
        "x" : -1.0,
        "y" : 0.0,
        "z" : 0.0
      },
      "color" : "#E4E4EB"
    }, {
      "direction" : {
        "x" : 0.0,
        "y" : 0.0,
        "z" : -1.0
      },
      "color" : "#1E1E1E"
    } ]
  },
  "camera" : {
    "lookDirection" : {
      "x" : 0.0,
      "y" : 0.0,
      "z" : -1.0
    },
    "upDirection" : {
      "x" : 0.0,
      "y" : 1.0,
      "z" : 0.0
    },
    "lookAtPoint" : {
      "x" : 0.0,
      "y" : 0.0,
      "z" : 0.0
    },
    "perspective" : false,
    "viewDistance" : 120.16664,
    "nearClipDistance" : 0.30041698,
    "farClipDistance" : 240.33386,
    "fieldOfView" : 0.44262993,
    "stereo" : false,
    "width" : 54.07512,
    "position" : {
      "x" : 0.0,
      "y" : 0.0,
      "z" : 120.16664
    }
  },
  "embedding" : [ 1.0, 0.0, 0.0, 0.0, 0.0, 1.0, 0.0, 0.0, 0.0, 0.0, 1.0, 0.0, 0.0, 0.0, 0.0, 1.0 ],
  "shapes" : [ {
    "id" : "61ef87a1-ccef-40fd-940d-d75720a093af",
    "vertices" : [ {
      "x" : 17.944271,
      "y" : 0.0,
      "z" : -6.854102
    }, {
      "x" : 17.635256,
      "y" : 0.0,
      "z" : -6.736068
    }, {
      "x" : 17.230747,
      "y" : -0.1545085,
      "z" : -6.295085
    }, {
      "x" : 17.039762,
      "y" : -0.1545085,
      "z" : -6.795085
    }, {
      "x" : 0.9045085,
      "y" : -0.1545085,
      "z" : -0.059016995
    }, {
      "x" : 0.809017,
      "y" : 0.309017,
      "z" : -0.309017
    }, {
      "x" : 0.309017,
      "y" : 0.0,
      "z" : -0.11803399
    }, {
      "x" : 17.135256,
      "y" : 0.309017,
      "z" : -6.545085
    }, {
      "x" : 0.7135255,
      "y" : -0.1545085,
      "z" : -0.559017
    } ],
    "faces" : [ {
      "vertices" : [ 2, 4, 8 ]
    }, {
      "vertices" : [ 2, 8, 3 ]
    }, {
      "vertices" : [ 2, 7, 5 ]
    }, {
      "vertices" : [ 2, 5, 4 ]
    }, {
      "vertices" : [ 4, 6, 8 ]
    }, {
      "vertices" : [ 5, 8, 6 ]
    }, {
      "vertices" : [ 1, 2, 3 ]
    }, {
      "vertices" : [ 3, 8, 5 ]
    }, {
      "vertices" : [ 3, 5, 7 ]
    }, {
      "vertices" : [ 1, 7, 2 ]
    }, {
      "vertices" : [ 1, 3, 7 ]
    }, {
      "vertices" : [ 4, 5, 6 ]
    } ]
  }, {
    "id" : "b7f6455a-73ff-4e55-aa1c-7f8a50f7dafd",
    "vertices" : [ {
      "x" : -0.309017,
      "y" : -0.19098301,
      "z" : 0.0
    }, {
      "x" : -0.309017,
      "y" : 0.19098301,
      "z" : 0.0
    }, {
      "x" : -0.19098301,
      "y" : 0.0,
      "z" : -0.309017
    }, {
      "x" : -0.19098301,
      "y" : 0.0,
      "z" : 0.309017
    }, {
      "x" : 0.0,
      "y" : -0.309017,
      "z" : -0.19098301
    }, {
      "x" : 0.0,
      "y" : -0.309017,
      "z" : 0.19098301
    }, {
      "x" : 0.0,
      "y" : 0.309017,
      "z" : -0.19098301
    }, {
      "x" : 0.0,
      "y" : 0.309017,
      "z" : 0.19098301
    }, {
      "x" : 0.19098301,
      "y" : 0.0,
      "z" : -0.309017
    }, {
      "x" : 0.19098301,
      "y" : 0.0,
      "z" : 0.309017
    }, {
      "x" : 0.309017,
      "y" : -0.19098301,
      "z" : 0.0
    }, {
      "x" : 0.309017,
      "y" : 0.19098301,
      "z" : 0.0
    } ],
    "faces" : [ {
      "vertices" : [ 0, 1, 2 ]
    }, {
      "vertices" : [ 0, 3, 1 ]
    }, {
      "vertices" : [ 0, 2, 4 ]
    }, {
      "vertices" : [ 0, 5, 3 ]
    }, {
      "vertices" : [ 0, 4, 5 ]
    }, {
      "vertices" : [ 1, 6, 2 ]
    }, {
      "vertices" : [ 1, 3, 7 ]
    }, {
      "vertices" : [ 1, 7, 6 ]
    }, {
      "vertices" : [ 2, 8, 4 ]
    }, {
      "vertices" : [ 2, 6, 8 ]
    }, {
      "vertices" : [ 3, 5, 9 ]
    }, {
      "vertices" : [ 3, 9, 7 ]
    }, {
      "vertices" : [ 4, 10, 5 ]
    }, {
      "vertices" : [ 4, 8, 10 ]
    }, {
      "vertices" : [ 5, 10, 9 ]
    }, {
      "vertices" : [ 6, 7, 11 ]
    }, {
      "vertices" : [ 6, 11, 8 ]
    }, {
      "vertices" : [ 7, 9, 11 ]
    }, {
      "vertices" : [ 8, 11, 10 ]
    }, {
      "vertices" : [ 9, 10, 11 ]
    } ]
  }, {
    "id" : "056b6db7-2945-4ad5-a1d4-ba4e8467bc1f",
    "vertices" : [ {
      "x" : 1.0,
      "y" : 0.309017,
      "z" : 0.19098301
    }, {
      "x" : 1.0,
      "y" : -0.309017,
      "z" : 0.19098301
    }, {
      "x" : 26.416409,
      "y" : -0.309017,
      "z" : 0.19098301
    }, {
      "x" : 26.416409,
      "y" : 0.309017,
      "z" : 0.19098301
    }, {
      "x" : 26.416409,
      "y" : -0.309017,
      "z" : -0.19098301
    }, {
      "x" : 26.416409,
      "y" : 0.309017,
      "z" : -0.19098301
    }, {
      "x" : 27.034441,
      "y" : 0.0,
      "z" : 0.0
    }, {
      "x" : 0.38196602,
      "y" : 0.0,
      "z" : 0.0
    }, {
      "x" : 1.0,
      "y" : 0.309017,
      "z" : -0.19098301
    }, {
      "x" : 1.0,
      "y" : -0.309017,
      "z" : -0.19098301
    }, {
      "x" : 27.416409,
      "y" : 0.0,
      "z" : 0.0
    } ],
    "faces" : [ {
      "vertices" : [ 1, 9, 4 ]
    }, {
      "vertices" : [ 1, 4, 2 ]
    }, {
      "vertices" : [ 0, 3, 5 ]
    }, {
      "vertices" : [ 0, 5, 8 ]
    }, {
      "vertices" : [ 1, 7, 9 ]
    }, {
      "vertices" : [ 0, 1, 2 ]
    }, {
      "vertices" : [ 0, 2, 3 ]
    }, {
      "vertices" : [ 7, 8, 9 ]
    }, {
      "vertices" : [ 0, 7, 1 ]
    }, {
      "vertices" : [ 4, 9, 8 ]
    }, {
      "vertices" : [ 4, 8, 5 ]
    }, {
      "vertices" : [ 2, 6, 3 ]
    }, {
      "vertices" : [ 2, 4, 6 ]
    }, {
      "vertices" : [ 3, 6, 5 ]
    }, {
      "vertices" : [ 4, 5, 6 ]
    }, {
      "vertices" : [ 0, 8, 7 ]
    } ]
  }, {
    "id" : "26c8db95-34c3-4b6c-9e02-b680ccca533e",
    "vertices" : [ {
      "x" : 31.652475,
      "y" : 0.0,
      "z" : -12.09017
    }, {
      "x" : 31.343458,
      "y" : 0.0,
      "z" : -11.972136
    }, {
      "x" : 30.93895,
      "y" : -0.1545085,
      "z" : -11.531153
    }, {
      "x" : 30.747967,
      "y" : -0.1545085,
      "z" : -12.031153
    }, {
      "x" : 0.9045085,
      "y" : -0.1545085,
      "z" : -0.059016995
    }, {
      "x" : 0.809017,
      "y" : 0.309017,
      "z" : -0.309017
    }, {
      "x" : 0.309017,
      "y" : 0.0,
      "z" : -0.11803399
    }, {
      "x" : 30.843458,
      "y" : 0.309017,
      "z" : -11.781153
    }, {
      "x" : 0.7135255,
      "y" : -0.1545085,
      "z" : -0.559017
    } ],
    "faces" : [ {
      "vertices" : [ 2, 4, 8 ]
    }, {
      "vertices" : [ 2, 8, 3 ]
    }, {
      "vertices" : [ 2, 7, 5 ]
    }, {
      "vertices" : [ 2, 5, 4 ]
    }, {
      "vertices" : [ 4, 6, 8 ]
    }, {
      "vertices" : [ 5, 8, 6 ]
    }, {
      "vertices" : [ 1, 2, 3 ]
    }, {
      "vertices" : [ 3, 8, 5 ]
    }, {
      "vertices" : [ 3, 5, 7 ]
    }, {
      "vertices" : [ 1, 7, 2 ]
    }, {
      "vertices" : [ 1, 3, 7 ]
    }, {
      "vertices" : [ 4, 5, 6 ]
    } ]
  }, {
    "id" : "e6e0690b-37b1-4bcf-84db-da2d0552f72c",
    "vertices" : [ {
      "x" : 0.309017,
      "y" : 0.11803399,
      "z" : -0.045084972
    }, {
      "x" : -0.072949015,
      "y" : -0.33688104,
      "z" : 0.14589803
    }, {
      "x" : -0.23606798,
      "y" : -0.072949015,
      "z" : -0.28115296
    }, {
      "x" : -0.309017,
      "y" : 0.19098301,
      "z" : -0.090169944
    }, {
      "x" : 0.85410196,
      "y" : 0.309017,
      "z" : 0.19098301
    }, {
      "x" : 0.690983,
      "y" : 0.572949,
      "z" : -0.23606798
    }, {
      "x" : 0.309017,
      "y" : 0.11803399,
      "z" : -0.045084972
    }, {
      "x" : 0.76393205,
      "y" : 0.309017,
      "z" : -0.42705098
    }, {
      "x" : 0.927051,
      "y" : 0.045084972,
      "z" : 0.0
    }, {
      "x" : -0.14589803,
      "y" : -0.072949015,
      "z" : 0.33688104
    }, {
      "x" : 0.618034,
      "y" : 0.23606798,
      "z" : -0.090169944
    } ],
    "faces" : [ {
      "vertices" : [ 2, 7, 5 ]
    }, {
      "vertices" : [ 2, 5, 3 ]
    }, {
      "vertices" : [ 1, 8, 7 ]
    }, {
      "vertices" : [ 1, 7, 2 ]
    }, {
      "vertices" : [ 4, 6, 8 ]
    }, {
      "vertices" : [ 5, 7, 6 ]
    }, {
      "vertices" : [ 0, 1, 2 ]
    }, {
      "vertices" : [ 0, 2, 3 ]
    }, {
      "vertices" : [ 6, 7, 8 ]
    }, {
      "vertices" : [ 3, 5, 4 ]
    }, {
      "vertices" : [ 3, 4, 9 ]
    }, {
      "vertices" : [ 1, 9, 4 ]
    }, {
      "vertices" : [ 1, 4, 8 ]
    }, {
      "vertices" : [ 0, 9, 1 ]
    }, {
      "vertices" : [ 0, 3, 9 ]
    }, {
      "vertices" : [ 4, 5, 6 ]
    } ]
  }, {
    "id" : "8795cbf5-17e9-466f-84f3-dfdaabe3e843",
    "vertices" : [ {
      "x" : 0.690983,
      "y" : 0.26393202,
      "z" : -0.10081306
    }, {
      "x" : 0.309017,
      "y" : -0.19098301,
      "z" : 0.090169944
    }, {
      "x" : 0.14589803,
      "y" : 0.072949015,
      "z" : -0.33688104
    }, {
      "x" : 0.072949015,
      "y" : 0.33688104,
      "z" : -0.14589803
    }, {
      "x" : 0.85410196,
      "y" : 0.309017,
      "z" : 0.19098301
    }, {
      "x" : 0.690983,
      "y" : 0.572949,
      "z" : -0.23606798
    }, {
      "x" : 0.309017,
      "y" : 0.11803399,
      "z" : -0.045084972
    }, {
      "x" : 0.76393205,
      "y" : 0.309017,
      "z" : -0.42705098
    }, {
      "x" : 0.927051,
      "y" : 0.045084972,
      "z" : 0.0
    }, {
      "x" : 0.23606798,
      "y" : 0.072949015,
      "z" : 0.28115296
    }, {
      "x" : 1.0,
      "y" : 0.38196602,
      "z" : -0.14589803
    } ],
    "faces" : [ {
      "vertices" : [ 2, 7, 5 ]
    }, {
      "vertices" : [ 2, 5, 3 ]
    }, {
      "vertices" : [ 1, 8, 7 ]
    }, {
      "vertices" : [ 1, 7, 2 ]
    }, {
      "vertices" : [ 4, 6, 8 ]
    }, {
      "vertices" : [ 5, 7, 6 ]
    }, {
      "vertices" : [ 0, 1, 2 ]
    }, {
      "vertices" : [ 0, 2, 3 ]
    }, {
      "vertices" : [ 6, 7, 8 ]
    }, {
      "vertices" : [ 3, 5, 4 ]
    }, {
      "vertices" : [ 3, 4, 9 ]
    }, {
      "vertices" : [ 1, 9, 4 ]
    }, {
      "vertices" : [ 1, 4, 8 ]
    }, {
      "vertices" : [ 0, 9, 1 ]
    }, {
      "vertices" : [ 0, 3, 9 ]
    }, {
      "vertices" : [ 4, 5, 6 ]
    } ]
  } ],
  "instances" : [ {
    "shape" : "61ef87a1-ccef-40fd-940d-d75720a093af",
    "color" : "#F0A000",
    "position" : {
      "x" : 5.854102,
      "y" : 7.09017,
      "z" : -4.326238
    },
    "orientation" : 39
  }, {
    "shape" : "b7f6455a-73ff-4e55-aa1c-7f8a50f7dafd",
    "color" : "#FFCC33",
    "position" : {
      "x" : 8.236068,
      "y" : 11.0,
      "z" : 9.472136
    }
  }, {
    "shape" : "056b6db7-2945-4ad5-a1d4-ba4e8467bc1f",
    "color" : "#007695",
    "position" : {
      "x" : 2.6666667,
      "y" : -13.708204,
      "z" : -3.3333333
    },
    "orientation" : 1
  }, {
    "shape" : "b7f6455a-73ff-4e55-aa1c-7f8a50f7dafd",
    "color" : "#3366FF",
    "position" : {
      "x" : 2.6666667,
      "y" : -13.708204,
      "z" : -3.3333333
    }
  }, {
    "shape" : "26c8db95-34c3-4b6c-9e02-b680ccca533e",
    "color" : "#F0A000",
    "position" : {
      "x" : 8.562305,
      "y" : -10.09017,
      "z" : 11.326238
    },
    "orientation" : 54
  }, {
    "shape" : "26c8db95-34c3-4b6c-9e02-b680ccca533e",
    "color" : "#F0A000",
    "position" : {
      "x" : 11.326238,
      "y" : 8.562305,
      "z" : -10.09017
    },
    "orientation" : 39
  }, {
    "shape" : "b7f6455a-73ff-4e55-aa1c-7f8a50f7dafd",
    "color" : "#FFCC33",
    "position" : {
      "x" : 10.09017,
      "y" : -11.326238,
      "z" : 8.562305
    }
  }, {
    "shape" : "b7f6455a-73ff-4e55-aa1c-7f8a50f7dafd",
    "color" : "#FFCC33",
    "position" : {
      "x" : -10.09017,
      "y" : 11.326238,
      "z" : 8.562305
    }
  }, {
    "shape" : "056b6db7-2945-4ad5-a1d4-ba4e8467bc1f",
    "color" : "#007695",
    "position" : {
      "x" : 13.708204,
      "y" : -3.3333333,
      "z" : -2.6666667
    },
    "orientation" : 45
  }, {
    "shape" : "26c8db95-34c3-4b6c-9e02-b680ccca533e",
    "color" : "#F0A000",
    "position" : {
      "x" : -10.09017,
      "y" : -11.326238,
      "z" : -8.562305
    },
    "orientation" : 9
  }, {
    "shape" : "26c8db95-34c3-4b6c-9e02-b680ccca533e",
    "color" : "#F0A000",
    "position" : {
      "x" : -8.562305,
      "y" : 10.09017,
      "z" : 11.326238
    },
    "orientation" : 24
  }, {
    "shape" : "b7f6455a-73ff-4e55-aa1c-7f8a50f7dafd",
    "color" : "#3366FF",
    "position" : {
      "x" : -3.3333333,
      "y" : -2.6666667,
      "z" : -13.708204
    }
  }, {
    "shape" : "b7f6455a-73ff-4e55-aa1c-7f8a50f7dafd",
    "color" : "#FFCC33",
    "position" : {
      "x" : -11.326238,
      "y" : 8.562305,
      "z" : 10.09017
    }
  }, {
    "shape" : "26c8db95-34c3-4b6c-9e02-b680ccca533e",
    "color" : "#F0A000",
    "position" : {
      "x" : 10.09017,
      "y" : 11.326238,
      "z" : -8.562305
    },
    "orientation" : 39
  }, {
    "shape" : "e6e0690b-37b1-4bcf-84db-da2d0552f72c",
    "color" : "#008D36",
    "position" : {
      "x" : 4.0,
      "y" : -6.0,
      "z" : -6.0
    },
    "orientation" : 43
  }, {
    "shape" : "b7f6455a-73ff-4e55-aa1c-7f8a50f7dafd",
    "color" : "#FFCC33",
    "position" : {
      "x" : 11.326238,
      "y" : -8.562305,
      "z" : 10.09017
    }
  }, {
    "shape" : "b7f6455a-73ff-4e55-aa1c-7f8a50f7dafd",
    "color" : "#FFCC33",
    "position" : {
      "x" : -8.562305,
      "y" : -10.09017,
      "z" : -11.326238
    }
  }, {
    "shape" : "b7f6455a-73ff-4e55-aa1c-7f8a50f7dafd",
    "color" : "#3366FF",
    "position" : {
      "x" : -13.708204,
      "y" : -3.3333333,
      "z" : 2.6666667
    }
  }, {
    "shape" : "056b6db7-2945-4ad5-a1d4-ba4e8467bc1f",
    "color" : "#007695",
    "position" : {
      "x" : -3.3333333,
      "y" : -2.6666667,
      "z" : 13.708204
    },
    "orientation" : 47
  }, {
    "shape" : "056b6db7-2945-4ad5-a1d4-ba4e8467bc1f",
    "color" : "#007695",
    "position" : {
      "x" : -3.3333333,
      "y" : 2.6666667,
      "z" : -13.708204
    },
    "orientation" : 2
  }, {
    "shape" : "b7f6455a-73ff-4e55-aa1c-7f8a50f7dafd",
    "color" : "#FFCC33",
    "position" : {
      "x" : 11.0,
      "y" : 9.472136,
      "z" : 8.236068
    }
  }, {
    "shape" : "8795cbf5-17e9-466f-84f3-dfdaabe3e843",
    "color" : "#008D36",
    "position" : {
      "x" : 4.0,
      "y" : -6.0,
      "z" : -6.0
    },
    "orientation" : 37
  }, {
    "shape" : "b7f6455a-73ff-4e55-aa1c-7f8a50f7dafd",
    "color" : "#3366FF",
    "position" : {
      "x" : 2.6666667,
      "y" : 13.708204,
      "z" : 3.3333333
    }
  }, {
    "shape" : "26c8db95-34c3-4b6c-9e02-b680ccca533e",
    "color" : "#F0A000",
    "position" : {
      "x" : -11.326238,
      "y" : -8.562305,
      "z" : -10.09017
    },
    "orientation" : 9
  }, {
    "shape" : "b7f6455a-73ff-4e55-aa1c-7f8a50f7dafd",
    "color" : "#FFCC33",
    "position" : {
      "x" : -10.09017,
      "y" : -11.326238,
      "z" : -8.562305
    }
  }, {
    "shape" : "b7f6455a-73ff-4e55-aa1c-7f8a50f7dafd",
    "color" : "#3366FF",
    "position" : {
      "x" : -3.3333333,
      "y" : -2.6666667,
      "z" : 13.708204
    }
  }, {
    "shape" : "61ef87a1-ccef-40fd-940d-d75720a093af",
    "color" : "#F0A000",
    "position" : {
      "x" : 5.854102,
      "y" : -7.09017,
      "z" : 4.326238
    },
    "orientation" : 54
  }, {
    "shape" : "b7f6455a-73ff-4e55-aa1c-7f8a50f7dafd",
    "color" : "#FFCC33",
    "position" : {
      "x" : 9.472136,
      "y" : 8.236068,
      "z" : 11.0
    }
  }, {
    "shape" : "b7f6455a-73ff-4e55-aa1c-7f8a50f7dafd",
    "color" : "#3366FF",
    "position" : {
      "x" : 13.708204,
      "y" : -3.3333333,
      "z" : -2.6666667
    }
  }, {
    "shape" : "b7f6455a-73ff-4e55-aa1c-7f8a50f7dafd",
    "color" : "#FFCC33",
    "position" : {
      "x" : 8.236068,
      "y" : -11.0,
      "z" : -9.472136
    }
  }, {
    "shape" : "b7f6455a-73ff-4e55-aa1c-7f8a50f7dafd",
    "color" : "#FFCC33",
    "position" : {
      "x" : 8.562305,
      "y" : 10.09017,
      "z" : -11.326238
    }
  }, {
    "shape" : "056b6db7-2945-4ad5-a1d4-ba4e8467bc1f",
    "color" : "#007695",
    "position" : {
      "x" : -13.708204,
      "y" : -3.3333333,
      "z" : 2.6666667
    },
    "orientation" : 0
  }, {
    "shape" : "056b6db7-2945-4ad5-a1d4-ba4e8467bc1f",
    "color" : "#007695",
    "position" : {
      "x" : 3.3333333,
      "y" : -2.6666667,
      "z" : -13.708204
    },
    "orientation" : 2
  }, {
    "shape" : "b7f6455a-73ff-4e55-aa1c-7f8a50f7dafd",
    "color" : "#FFCC33",
    "position" : {
      "x" : -1.854102,
      "y" : -2.708204,
      "z" : -8.854102
    }
  }, {
    "shape" : "61ef87a1-ccef-40fd-940d-d75720a093af",
    "color" : "#F0A000",
    "position" : {
      "x" : -4.326238,
      "y" : -5.854102,
      "z" : -7.09017
    },
    "orientation" : 9
  }, {
    "shape" : "61ef87a1-ccef-40fd-940d-d75720a093af",
    "color" : "#F0A000",
    "position" : {
      "x" : 4.326238,
      "y" : -5.854102,
      "z" : 7.09017
    },
    "orientation" : 54
  }, {
    "shape" : "b7f6455a-73ff-4e55-aa1c-7f8a50f7dafd",
    "color" : "#3366FF",
    "position" : {
      "x" : -2.6666667,
      "y" : -13.708204,
      "z" : -3.3333333
    }
  }, {
    "shape" : "26c8db95-34c3-4b6c-9e02-b680ccca533e",
    "color" : "#F0A000",
    "position" : {
      "x" : 8.562305,
      "y" : 10.09017,
      "z" : -11.326238
    },
    "orientation" : 39
  }, {
    "shape" : "b7f6455a-73ff-4e55-aa1c-7f8a50f7dafd",
    "color" : "#FFCC33",
    "position" : {
      "x" : 8.562305,
      "y" : -10.09017,
      "z" : 11.326238
    }
  }, {
    "shape" : "b7f6455a-73ff-4e55-aa1c-7f8a50f7dafd",
    "color" : "#3366FF",
    "position" : {
      "x" : -13.708204,
      "y" : 3.3333333,
      "z" : 2.6666667
    }
  }, {
    "shape" : "b7f6455a-73ff-4e55-aa1c-7f8a50f7dafd",
    "color" : "#3366FF",
    "position" : {
      "x" : 3.3333333,
      "y" : 2.6666667,
      "z" : 13.708204
    }
  }, {
    "shape" : "61ef87a1-ccef-40fd-940d-d75720a093af",
    "color" : "#F0A000",
    "position" : {
      "x" : 7.09017,
      "y" : 4.326238,
      "z" : -5.854102
    },
    "orientation" : 39
  }, {
    "shape" : "056b6db7-2945-4ad5-a1d4-ba4e8467bc1f",
    "color" : "#007695",
    "position" : {
      "x" : 3.3333333,
      "y" : 2.6666667,
      "z" : 13.708204
    },
    "orientation" : 47
  }, {
    "shape" : "61ef87a1-ccef-40fd-940d-d75720a093af",
    "color" : "#F0A000",
    "position" : {
      "x" : -7.09017,
      "y" : 4.326238,
      "z" : 5.854102
    },
    "orientation" : 24
  }, {
    "shape" : "b7f6455a-73ff-4e55-aa1c-7f8a50f7dafd",
    "color" : "#FFCC33",
    "position" : {
      "x" : -9.472136,
      "y" : 8.236068,
      "z" : -11.0
    }
  }, {
    "shape" : "b7f6455a-73ff-4e55-aa1c-7f8a50f7dafd",
    "color" : "#3366FF",
    "position" : {
      "x" : -13.708204,
      "y" : 3.3333333,
      "z" : -2.6666667
    }
  }, {
    "shape" : "b7f6455a-73ff-4e55-aa1c-7f8a50f7dafd",
    "color" : "#3366FF",
    "position" : {
      "x" : -2.6666667,
      "y" : -13.708204,
      "z" : 3.3333333
    }
  }, {
    "shape" : "61ef87a1-ccef-40fd-940d-d75720a093af",
    "color" : "#F0A000",
    "position" : {
      "x" : -4.326238,
      "y" : 5.854102,
      "z" : 7.09017
    },
    "orientation" : 24
  }, {
    "shape" : "26c8db95-34c3-4b6c-9e02-b680ccca533e",
    "color" : "#F0A000",
    "position" : {
      "x" : -8.562305,
      "y" : -10.09017,
      "z" : -11.326238
    },
    "orientation" : 9
  }, {
    "shape" : "b7f6455a-73ff-4e55-aa1c-7f8a50f7dafd",
    "color" : "#3366FF",
    "position" : {
      "x" : -2.6666667,
      "y" : 13.708204,
      "z" : -3.3333333
    }
  }, {
    "shape" : "b7f6455a-73ff-4e55-aa1c-7f8a50f7dafd",
    "color" : "#FFCC33",
    "position" : {
      "x" : -9.472136,
      "y" : -8.236068,
      "z" : 11.0
    }
  }, {
    "shape" : "b7f6455a-73ff-4e55-aa1c-7f8a50f7dafd",
    "color" : "#FFCC33",
    "position" : {
      "x" : 11.326238,
      "y" : 8.562305,
      "z" : -10.09017
    }
  }, {
    "shape" : "056b6db7-2945-4ad5-a1d4-ba4e8467bc1f",
    "color" : "#007695",
    "position" : {
      "x" : -2.6666667,
      "y" : -13.708204,
      "z" : 3.3333333
    },
    "orientation" : 1
  }, {
    "shape" : "056b6db7-2945-4ad5-a1d4-ba4e8467bc1f",
    "color" : "#007695",
    "position" : {
      "x" : 2.6666667,
      "y" : 13.708204,
      "z" : 3.3333333
    },
    "orientation" : 16
  }, {
    "shape" : "b7f6455a-73ff-4e55-aa1c-7f8a50f7dafd",
    "color" : "#FFCC33",
    "position" : {
      "x" : -11.326238,
      "y" : -8.562305,
      "z" : -10.09017
    }
  }, {
    "shape" : "b7f6455a-73ff-4e55-aa1c-7f8a50f7dafd",
    "color" : "#3366FF",
    "position" : {
      "x" : -3.3333333,
      "y" : 2.6666667,
      "z" : -13.708204
    }
  }, {
    "shape" : "b7f6455a-73ff-4e55-aa1c-7f8a50f7dafd",
    "color" : "#3366FF",
    "position" : {
      "x" : -13.708204,
      "y" : -3.3333333,
      "z" : -2.6666667
    }
  }, {
    "shape" : "b7f6455a-73ff-4e55-aa1c-7f8a50f7dafd",
    "color" : "#3366FF",
    "position" : {
      "x" : 2.6666667,
      "y" : 13.708204,
      "z" : -3.3333333
    }
  }, {
    "shape" : "26c8db95-34c3-4b6c-9e02-b680ccca533e",
    "color" : "#F0A000",
    "position" : {
      "x" : -11.326238,
      "y" : 8.562305,
      "z" : 10.09017
    },
    "orientation" : 24
  }, {
    "shape" : "b7f6455a-73ff-4e55-aa1c-7f8a50f7dafd",
    "color" : "#3366FF",
    "position" : {
      "x" : 3.3333333,
      "y" : -2.6666667,
      "z" : -13.708204
    }
  }, {
    "shape" : "b7f6455a-73ff-4e55-aa1c-7f8a50f7dafd",
    "color" : "#3366FF",
    "position" : {
      "x" : 3.3333333,
      "y" : 2.6666667,
      "z" : -13.708204
    }
  }, {
    "shape" : "61ef87a1-ccef-40fd-940d-d75720a093af",
    "color" : "#F0A000",
    "position" : {
      "x" : 4.326238,
      "y" : 5.854102,
      "z" : -7.09017
    },
    "orientation" : 39
  }, {
    "shape" : "b7f6455a-73ff-4e55-aa1c-7f8a50f7dafd",
    "color" : "#3366FF",
    "position" : {
      "x" : 3.3333333,
      "y" : -2.6666667,
      "z" : 13.708204
    }
  }, {
    "shape" : "b7f6455a-73ff-4e55-aa1c-7f8a50f7dafd",
    "color" : "#3366FF",
    "position" : {
      "x" : 2.6666667,
      "y" : -13.708204,
      "z" : 3.3333333
    }
  }, {
    "shape" : "056b6db7-2945-4ad5-a1d4-ba4e8467bc1f",
    "color" : "#007695",
    "position" : {
      "x" : -13.708204,
      "y" : 3.3333333,
      "z" : -2.6666667
    },
    "orientation" : 0
  }, {
    "shape" : "b7f6455a-73ff-4e55-aa1c-7f8a50f7dafd",
    "color" : "#FFCC33",
    "position" : {
      "x" : 9.472136,
      "y" : -8.236068,
      "z" : -11.0
    }
  }, {
    "shape" : "056b6db7-2945-4ad5-a1d4-ba4e8467bc1f",
    "color" : "#007695",
    "position" : {
      "x" : 13.708204,
      "y" : 3.3333333,
      "z" : 2.6666667
    },
    "orientation" : 45
  }, {
    "shape" : "b7f6455a-73ff-4e55-aa1c-7f8a50f7dafd",
    "color" : "#FFCC33",
    "position" : {
      "x" : -8.562305,
      "y" : 10.09017,
      "z" : 11.326238
    }
  }, {
    "shape" : "b7f6455a-73ff-4e55-aa1c-7f8a50f7dafd",
    "color" : "#FFCC33",
    "position" : {
      "x" : 10.09017,
      "y" : 11.326238,
      "z" : -8.562305
    }
  }, {
    "shape" : "056b6db7-2945-4ad5-a1d4-ba4e8467bc1f",
    "color" : "#007695",
    "position" : {
      "x" : -2.6666667,
      "y" : 13.708204,
      "z" : -3.3333333
    },
    "orientation" : 16
  }, {
    "shape" : "b7f6455a-73ff-4e55-aa1c-7f8a50f7dafd",
    "color" : "#FFCC33",
    "position" : {
      "x" : -8.236068,
      "y" : 11.0,
      "z" : -9.472136
    }
  }, {
    "shape" : "61ef87a1-ccef-40fd-940d-d75720a093af",
    "color" : "#F0A000",
    "position" : {
      "x" : -7.09017,
      "y" : -4.326238,
      "z" : -5.854102
    },
    "orientation" : 9
  }, {
    "shape" : "b7f6455a-73ff-4e55-aa1c-7f8a50f7dafd",
    "color" : "#3366FF",
    "position" : {
      "x" : 13.708204,
      "y" : -3.3333333,
      "z" : 2.6666667
    }
  }, {
    "shape" : "b7f6455a-73ff-4e55-aa1c-7f8a50f7dafd",
    "color" : "#FFCC33",
    "position" : {
      "x" : 11.0,
      "y" : -9.472136,
      "z" : -8.236068
    }
  }, {
    "shape" : "61ef87a1-ccef-40fd-940d-d75720a093af",
    "color" : "#F0A000",
    "position" : {
      "x" : 7.09017,
      "y" : -4.326238,
      "z" : 5.854102
    },
    "orientation" : 54
  }, {
    "shape" : "26c8db95-34c3-4b6c-9e02-b680ccca533e",
    "color" : "#F0A000",
    "position" : {
      "x" : -10.09017,
      "y" : 11.326238,
      "z" : 8.562305
    },
    "orientation" : 24
  }, {
    "shape" : "b7f6455a-73ff-4e55-aa1c-7f8a50f7dafd",
    "color" : "#3366FF",
    "position" : {
      "x" : -2.6666667,
      "y" : 13.708204,
      "z" : 3.3333333
    }
  }, {
    "shape" : "26c8db95-34c3-4b6c-9e02-b680ccca533e",
    "color" : "#F0A000",
    "position" : {
      "x" : 10.09017,
      "y" : -11.326238,
      "z" : 8.562305
    },
    "orientation" : 54
  }, {
    "shape" : "b7f6455a-73ff-4e55-aa1c-7f8a50f7dafd",
    "color" : "#3366FF",
    "position" : {
      "x" : 13.708204,
      "y" : 3.3333333,
      "z" : -2.6666667
    }
  }, {
    "shape" : "b7f6455a-73ff-4e55-aa1c-7f8a50f7dafd",
    "color" : "#FFCC33",
    "position" : {
      "x" : -11.0,
      "y" : -9.472136,
      "z" : 8.236068
    }
  }, {
    "shape" : "b7f6455a-73ff-4e55-aa1c-7f8a50f7dafd",
    "color" : "#3366FF",
    "position" : {
      "x" : 13.708204,
      "y" : 3.3333333,
      "z" : 2.6666667
    }
  }, {
    "shape" : "26c8db95-34c3-4b6c-9e02-b680ccca533e",
    "color" : "#F0A000",
    "position" : {
      "x" : 11.326238,
      "y" : -8.562305,
      "z" : 10.09017
    },
    "orientation" : 54
  }, {
    "shape" : "b7f6455a-73ff-4e55-aa1c-7f8a50f7dafd",
    "color" : "#FFCC33",
    "position" : {
      "x" : -8.236068,
      "y" : -11.0,
      "z" : 9.472136
    }
  }, {
    "shape" : "b7f6455a-73ff-4e55-aa1c-7f8a50f7dafd",
    "color" : "#3366FF",
    "position" : {
      "x" : -3.3333333,
      "y" : 2.6666667,
      "z" : 13.708204
    }
  }, {
    "shape" : "61ef87a1-ccef-40fd-940d-d75720a093af",
    "color" : "#F0A000",
    "position" : {
      "x" : -5.854102,
      "y" : -7.09017,
      "z" : -4.326238
    },
    "orientation" : 9
  }, {
    "shape" : "b7f6455a-73ff-4e55-aa1c-7f8a50f7dafd",
    "color" : "#FFCC33",
    "position" : {
      "x" : -11.0,
      "y" : 9.472136,
      "z" : -8.236068
    }
  } ]
}