{
  "field" : "golden",
  "symmetry" : "icosahedral",
  "orientations" : [ [ 1.0, 0.0, 0.0, 0.0, 0.0, 1.0, 0.0, 0.0, 0.0, 0.0, 1.0, 0.0, 0.0, 0.0, 0.0, 1.0 ], [ 0.0, 0.0, 1.0, 0.0, 1.0, 0.0, 0.0, 0.0, 0.0, 1.0, 0.0, 0.0, 0.0, 0.0, 0.0, 1.0 ], [ 0.0, 1.0, 0.0, 0.0, 0.0, 0.0, 1.0, 0.0, 1.0, 0.0, 0.0, 0.0, 0.0, 0.0, 0.0, 1.0 ], [ 0.809017, 0.309017, 0.5, 0.0, 0.309017, 0.5, -0.809017, 0.0, -0.5, 0.809017, 0.309017, 0.0, 0.0, 0.0, 0.0, 1.0 ], [ -0.5, 0.809017, 0.309017, 0.0, 0.809017, 0.309017, 0.5, 0.0, 0.309017, 0.5, -0.809017, 0.0, 0.0, 0.0, 0.0, 1.0 ], [ 0.309017, 0.5, -0.809017, 0.0, -0.5, 0.809017, 0.309017, 0.0, 0.809017, 0.309017, 0.5, 0.0, 0.0, 0.0, 0.0, 1.0 ], [ 0.5, 0.809017, 0.309017, 0.0, 0.809017, -0.309017, -0.5, 0.0, -0.309017, 0.5, -0.809017, 0.0, 0.0, 0.0, 0.0, 1.0 ], [ -0.309017, 0.5, -0.809017, 0.0, 0.5, 0.809017, 0.309017, 0.0, 0.809017, -0.309017, -0.5, 0.0, 0.0, 0.0, 0.0, 1.0 ], [ 0.809017, -0.309017, -0.5, 0.0, -0.309017, 0.5, -0.809017, 0.0, 0.5, 0.809017, 0.309017, 0.0, 0.0, 0.0, 0.0, 1.0 ], [ 0.5, 0.809017, -0.309017, 0.0, 0.809017, -0.309017, 0.5, 0.0, 0.309017, -0.5, -0.809017, 0.0, 0.0, 0.0, 0.0, 1.0 ], [ 0.309017, -0.5, -0.809017, 0.0, 0.5, 0.809017, -0.309017, 0.0, 0.809017, -0.309017, 0.5, 0.0, 0.0, 0.0, 0.0, 1.0 ], [ 0.809017, -0.309017, 0.5, 0.0, 0.309017, -0.5, -0.809017, 0.0, 0.5, 0.809017, -0.309017, 0.0, 0.0, 0.0, 0.0, 1.0 ], [ 0.809017, 0.309017, -0.5, 0.0, 0.309017, 0.5, 0.809017, 0.0, 0.5, -0.809017, 0.309017, 0.0, 0.0, 0.0, 0.0, 1.0 ], [ 0.5, -0.809017, 0.309017, 0.0, 0.809017, 0.309017, -0.5, 0.0, 0.309017, 0.5, 0.809017, 0.0, 0.0, 0.0, 0.0, 1.0 ], [ 0.309017, 0.5, 0.809017, 0.0, 0.5, -0.809017, 0.309017, 0.0, 0.809017, 0.309017, -0.5, 0.0, 0.0, 0.0, 0.0, 1.0 ], [ 1.0, 0.0, 0.0, 0.0, 0.0, -1.0, 0.0, 0.0, 0.0, 0.0, -1.0, 0.0, 0.0, 0.0, 0.0, 1.0 ], [ 0.0, 0.0, 1.0, 0.0, -1.0, 0.0, 0.0, 0.0, 0.0, -1.0, 0.0, 0.0, 0.0, 0.0, 0.0, 1.0 ], [ 0.0, 1.0, 0.0, 0.0, 0.0, 0.0, -1.0, 0.0, -1.0, 0.0, 0.0, 0.0, 0.0, 0.0, 0.0, 1.0 ], [ 0.809017, 0.309017, 0.5, 0.0, -0.309017, -0.5, 0.809017, 0.0, 0.5, -0.809017, -0.309017, 0.0, 0.0, 0.0, 0.0, 1.0 ], [ -0.5, 0.809017, 0.309017, 0.0, -0.809017, -0.309017, -0.5, 0.0, -0.309017, -0.5, 0.809017, 0.0, 0.0, 0.0, 0.0, 1.0 ], [ 0.309017, 0.5, -0.809017, 0.0, 0.5, -0.809017, -0.309017, 0.0, -0.809017, -0.309017, -0.5, 0.0, 0.0, 0.0, 0.0, 1.0 ], [ 0.5, 0.809017, 0.309017, 0.0, -0.809017, 0.309017, 0.5, 0.0, 0.309017, -0.5, 0.809017, 0.0, 0.0, 0.0, 0.0, 1.0 ], [ -0.309017, 0.5, -0.809017, 0.0, -0.5, -0.809017, -0.309017, 0.0, -0.809017, 0.309017, 0.5, 0.0, 0.0, 0.0, 0.0, 1.0 ], [ 0.809017, -0.309017, -0.5, 0.0, 0.309017, -0.5, 0.809017, 0.0, -0.5, -0.809017, -0.309017, 0.0, 0.0, 0.0, 0.0, 1.0 ], [ 0.5, 0.809017, -0.309017, 0.0, -0.809017, 0.309017, -0.5, 0.0, -0.309017, 0.5, 0.809017, 0.0, 0.0, 0.0, 0.0, 1.0 ], [ 0.309017, -0.5, -0.809017, 0.0, -0.5, -0.809017, 0.309017, 0.0, -0.809017, 0.309017, -0.5, 0.0, 0.0, 0.0, 0.0, 1.0 ], [ 0.809017, -0.309017, 0.5, 0.0, -0.309017, 0.5, 0.809017, 0.0, -0.5, -0.809017, 0.309017, 0.0, 0.0, 0.0, 0.0, 1.0 ], [ 0.809017, 0.309017, -0.5, 0.0, -0.309017, -0.5, -0.809017, 0.0, -0.5, 0.809017, -0.309017, 0.0, 0.0, 0.0, 0.0, 1.0 ], [ 0.5, -0.809017, 0.309017, 0.0, -0.809017, -0.309017, 0.5, 0.0, -0.309017, -0.5, -0.809017, 0.0, 0.0, 0.0, 0.0, 1.0 ], [ 0.309017, 0.5, 0.809017, 0.0, -0.5, 0.809017, -0.309017, 0.0, -0.809017, -0.309017, 0.5, 0.0, 0.0, 0.0, 0.0, 1.0 ], [ -1.0, 0.0, 0.0, 0.0, 0.0, -1.0, 0.0, 0.0, 0.0, 0.0, 1.0, 0.0, 0.0, 0.0, 0.0, 1.0 ], [ 0.0, 0.0, -1.0, 0.0, -1.0, 0.0, 0.0, 0.0, 0.0, 1.0, 0.0, 0.0, 0.0, 0.0, 0.0, 1.0 ], [ 0.0, -1.0, 0.0, 0.0, 0.0, 0.0, -1.0, 0.0, 1.0, 0.0, 0.0, 0.0, 0.0, 0.0, 0.0, 1.0 ], [ -0.809017, -0.309017, -0.5, 0.0, -0.309017, -0.5, 0.809017, 0.0, -0.5, 0.809017, 0.309017, 0.0, 0.0, 0.0, 0.0, 1.0 ], [ 0.5, -0.809017, -0.309017, 0.0, -0.809017, -0.309017, -0.5, 0.0, 0.309017, 0.5, -0.809017, 0.0, 0.0, 0.0, 0.0, 1.0 ], [ -0.309017, -0.5, 0.809017, 0.0, 0.5, -0.809017, -0.309017, 0.0, 0.809017, 0.309017, 0.5, 0.0, 0.0, 0.0, 0.0, 1.0 ], [ -0.5, -0.809017, -0.309017, 0.0, -0.809017, 0.309017, 0.5, 0.0, -0.309017, 0.5, -0.809017, 0.0, 0.0, 0.0, 0.0, 1.0 ], [ 0.309017, -0.5, 0.809017, 0.0, -0.5, -0.809017, -0.309017, 0.0, 0.809017, -0.309017, -0.5, 0.0, 0.0, 0.0, 0.0, 1.0 ], [ -0.809017, 0.309017, 0.5, 0.0, 0.309017, -0.5, 0.809017, 0.0, 0.5, 0.809017, 0.309017, 0.0, 0.0, 0.0, 0.0, 1.0 ], [ -0.5, -0.809017, 0.309017, 0.0, -0.809017, 0.309017, -0.5, 0.0, 0.309017, -0.5, -0.809017, 0.0, 0.0, 0.0, 0.0, 1.0 ], [ -0.309017, 0.5, 0.809017, 0.0, -0.5, -0.809017, 0.309017, 0.0, 0.809017, -0.309017, 0.5, 0.0, 0.0, 0.0, 0.0, 1.0 ], [ -0.809017, 0.309017, -0.5, 0.0, -0.309017, 0.5, 0.809017, 0.0, 0.5, 0.809017, -0.309017, 0.0, 0.0, 0.0, 0.0, 1.0 ], [ -0.809017, -0.309017, 0.5, 0.0, -0.309017, -0.5, -0.809017, 0.0, 0.5, -0.809017, 0.309017, 0.0, 0.0, 0.0, 0.0, 1.0 ], [ -0.5, 0.809017, -0.309017, 0.0, -0.809017, -0.309017, 0.5, 0.0, 0.309017, 0.5, 0.809017, 0.0, 0.0, 0.0, 0.0, 1.0 ], [ -0.309017, -0.5, -0.809017, 0.0, -0.5, 0.809017, -0.309017, 0.0, 0.809017, 0.309017, -0.5, 0.0, 0.0, 0.0, 0.0, 1.0 ], [ -1.0, 0.0, 0.0, 0.0, 0.0, 1.0, 0.0, 0.0, 0.0, 0.0, -1.0, 0.0, 0.0, 0.0, 0.0, 1.0 ], [ 0.0, 0.0, -1.0, 0.0, 1.0, 0.0, 0.0, 0.0, 0.0, -1.0, 0.0, 0.0, 0.0, 0.0, 0.0, 1.0 ], [ 0.0, -1.0, 0.0, 0.0, 0.0, 0.0, 1.0, 0.0, -1.0, 0.0, 0.0, 0.0, 0.0, 0.0, 0.0, 1.0 ], [ -0.809017, -0.309017, -0.5, 0.0, 0.309017, 0.5, -0.809017, 0.0, 0.5, -0.809017, -0.309017, 0.0, 0.0, 0.0, 0.0, 1.0 ], [ 0.5, -0.809017, -0.309017, 0.0, 0.809017, 0.309017, 0.5, 0.0, -0.309017, -0.5, 0.809017, 0.0, 0.0, 0.0, 0.0, 1.0 ], [ -0.309017, -0.5, 0.809017, 0.0, -0.5, 0.809017, 0.309017, 0.0, -0.809017, -0.309017, -0.5, 0.0, 0.0, 0.0, 0.0, 1.0 ], [ -0.5, -0.809017, -0.309017, 0.0, 0.809017, -0.309017, -0.5, 0.0, 0.309017, -0.5, 0.809017, 0.0, 0.0, 0.0, 0.0, 1.0 ], [ 0.309017, -0.5, 0.809017, 0.0, 0.5, 0.809017, 0.309017, 0.0, -0.809017, 0.309017, 0.5, 0.0, 0.0, 0.0, 0.0, 1.0 ], [ -0.809017, 0.309017, 0.5, 0.0, -0.309017, 0.5, -0.809017, 0.0, -0.5, -0.809017, -0.309017, 0.0, 0.0, 0.0, 0.0, 1.0 ], [ -0.5, -0.809017, 0.309017, 0.0, 0.809017, -0.309017, 0.5, 0.0, -0.309017, 0.5, 0.809017, 0.0, 0.0, 0.0, 0.0, 1.0 ], [ -0.309017, 0.5, 0.809017, 0.0, 0.5, 0.809017, -0.309017, 0.0, -0.809017, 0.309017, -0.5, 0.0, 0.0, 0.0, 0.0, 1.0 ], [ -0.809017, 0.309017, -0.5, 0.0, 0.309017, -0.5, -0.809017, 0.0, -0.5, -0.809017, 0.309017, 0.0, 0.0, 0.0, 0.0, 1.0 ], [ -0.809017, -0.309017, 0.5, 0.0, 0.309017, 0.5, 0.809017, 0.0, -0.5, 0.809017, -0.309017, 0.0, 0.0, 0.0, 0.0, 1.0 ], [ -0.5, 0.809017, -0.309017, 0.0, 0.809017, 0.309017, -0.5, 0.0, -0.309017, -0.5, -0.809017, 0.0, 0.0, 0.0, 0.0, 1.0 ], [ -0.309017, -0.5, -0.809017, 0.0, 0.5, -0.809017, 0.309017, 0.0, -0.809017, -0.309017, 0.5, 0.0, 0.0, 0.0, 0.0, 1.0 ] ],
  "lights" : {
    "backgroundColor" : "#AFC8DC",
    "ambientColor" : "#292929",
    "directionalLights" : [ {
      "direction" : {
        "x" : 1.0,
        "y" : -1.0,
        "z" : -1.0
      },
      "color" : "#EBEBE4"
    }, {
      "direction" : {
        "x" : -1.0,
        "y" : 0.0,
        "z" : 0.0
      },
      "color" : "#E4E4EB"
    }, {
      "direction" : {
        "x" : 0.0,
        "y" : 0.0,
        "z" : -1.0
      },
      "color" : "#1E1E1E"
    } ]
  },
  "camera" : {
    "stereo" : false,
    "width" : 135.69003,
    "lookDirection" : {
      "x" : 0.6862498,
      "y" : 0.022949621,
      "z" : -0.7270125
    },
    "upDirection" : {
      "x" : -0.57387465,
      "y" : -0.5970129,
      "z" : -0.5605698
    },
    "lookAtPoint" : {
      "x" : 0.0,
      "y" : 0.0,
      "z" : 0.0
    },
    "perspective" : false,
    "viewDistance" : 301.533,
    "nearClipDistance" : 0.7538331,
    "fieldOfView" : 0.44262946,
    "farClipDistance" : 603.0647,
    "position" : {
      "x" : -206.92696,
      "y" : -6.920068,
      "z" : 219.21826
    }
  },
  "embedding" : [ 1.0, 0.0, 0.0, 0.0, 0.0, 1.0, 0.0, 0.0, 0.0, 0.0, 1.0, 0.0, 0.0, 0.0, 0.0, 1.0 ],
  "shapes" : [ {
    "id" : "fd8d3fb6-a1a4-4184-b4ab-d34145ed6a60",
    "vertices" : [ {
      "x" : 1.0,
      "y" : 0.309017,
      "z" : 0.19098301
    }, {
      "x" : 1.0,
      "y" : -0.309017,
      "z" : 0.19098301
    }, {
      "x" : 7.472136,
      "y" : -0.309017,
      "z" : 0.19098301
    }, {
      "x" : 7.472136,
      "y" : 0.309017,
      "z" : 0.19098301
    }, {
      "x" : 7.472136,
      "y" : -0.309017,
      "z" : -0.19098301
    }, {
      "x" : 7.472136,
      "y" : 0.309017,
      "z" : -0.19098301
    }, {
      "x" : 8.09017,
      "y" : 0.0,
      "z" : 0.0
    }, {
      "x" : 0.38196602,
      "y" : 0.0,
      "z" : 0.0
    }, {
      "x" : 1.0,
      "y" : 0.309017,
      "z" : -0.19098301
    }, {
      "x" : 1.0,
      "y" : -0.309017,
      "z" : -0.19098301
    }, {
      "x" : 8.472136,
      "y" : 0.0,
      "z" : 0.0
    } ],
    "faces" : [ {
      "vertices" : [ 1, 9, 4 ]
    }, {
      "vertices" : [ 1, 4, 2 ]
    }, {
      "vertices" : [ 0, 3, 5 ]
    }, {
      "vertices" : [ 0, 5, 8 ]
    }, {
      "vertices" : [ 1, 7, 9 ]
    }, {
      "vertices" : [ 0, 1, 2 ]
    }, {
      "vertices" : [ 0, 2, 3 ]
    }, {
      "vertices" : [ 7, 8, 9 ]
    }, {
      "vertices" : [ 0, 7, 1 ]
    }, {
      "vertices" : [ 4, 9, 8 ]
    }, {
      "vertices" : [ 4, 8, 5 ]
    }, {
      "vertices" : [ 2, 6, 3 ]
    }, {
      "vertices" : [ 2, 4, 6 ]
    }, {
      "vertices" : [ 3, 6, 5 ]
    }, {
      "vertices" : [ 4, 5, 6 ]
    }, {
      "vertices" : [ 0, 8, 7 ]
    } ]
  }, {
    "id" : "4251b3b4-fe1d-408e-b654-85ab6341a156",
    "vertices" : [ {
      "x" : 0.309017,
      "y" : -0.309017,
      "z" : -0.309017
    }, {
      "x" : 0.5,
      "y" : 0.0,
      "z" : -0.19098301
    }, {
      "x" : 0.5,
      "y" : 0.0,
      "z" : 0.19098301
    }, {
      "x" : 0.309017,
      "y" : -0.309017,
      "z" : 0.309017
    }, {
      "x" : 0.19098301,
      "y" : -0.5,
      "z" : 0.0
    }, {
      "x" : 0.0,
      "y" : 0.19098301,
      "z" : 0.5
    }, {
      "x" : 0.0,
      "y" : -0.19098301,
      "z" : 0.5
    }, {
      "x" : 0.309017,
      "y" : 0.309017,
      "z" : 0.309017
    }, {
      "x" : -0.309017,
      "y" : -0.309017,
      "z" : 0.309017
    }, {
      "x" : -0.309017,
      "y" : 0.309017,
      "z" : 0.309017
    }, {
      "x" : -0.5,
      "y" : 0.0,
      "z" : 0.19098301
    }, {
      "x" : 0.0,
      "y" : -0.19098301,
      "z" : -0.5
    }, {
      "x" : 0.0,
      "y" : 0.19098301,
      "z" : -0.5
    }, {
      "x" : 0.309017,
      "y" : 0.309017,
      "z" : -0.309017
    }, {
      "x" : -0.309017,
      "y" : -0.309017,
      "z" : -0.309017
    }, {
      "x" : -0.19098301,
      "y" : -0.5,
      "z" : 0.0
    }, {
      "x" : -0.5,
      "y" : 0.0,
      "z" : -0.19098301
    }, {
      "x" : 0.19098301,
      "y" : 0.5,
      "z" : 0.0
    }, {
      "x" : -0.309017,
      "y" : 0.309017,
      "z" : -0.309017
    }, {
      "x" : 0.0,
      "y" : 0.0,
      "z" : 0.0
    }, {
      "x" : -0.19098301,
      "y" : 0.5,
      "z" : 0.0
    } ],
    "faces" : [ {
      "vertices" : [ 12, 18, 20 ]
    }, {
      "vertices" : [ 12, 20, 17 ]
    }, {
      "vertices" : [ 12, 17, 13 ]
    }, {
      "vertices" : [ 3, 6, 8 ]
    }, {
      "vertices" : [ 3, 8, 15 ]
    }, {
      "vertices" : [ 3, 15, 4 ]
    }, {
      "vertices" : [ 0, 11, 12 ]
    }, {
      "vertices" : [ 0, 12, 13 ]
    }, {
      "vertices" : [ 0, 13, 1 ]
    }, {
      "vertices" : [ 5, 9, 10 ]
    }, {
      "vertices" : [ 5, 10, 8 ]
    }, {
      "vertices" : [ 5, 8, 6 ]
    }, {
      "vertices" : [ 2, 7, 5 ]
    }, {
      "vertices" : [ 2, 5, 6 ]
    }, {
      "vertices" : [ 2, 6, 3 ]
    }, {
      "vertices" : [ 11, 14, 16 ]
    }, {
      "vertices" : [ 11, 16, 18 ]
    }, {
      "vertices" : [ 11, 18, 12 ]
    }, {
      "vertices" : [ 1, 13, 17 ]
    }, {
      "vertices" : [ 1, 17, 7 ]
    }, {
      "vertices" : [ 1, 7, 2 ]
    }, {
      "vertices" : [ 9, 20, 18 ]
    }, {
      "vertices" : [ 9, 18, 16 ]
    }, {
      "vertices" : [ 9, 16, 10 ]
    }, {
      "vertices" : [ 0, 1, 2 ]
    }, {
      "vertices" : [ 0, 2, 3 ]
    }, {
      "vertices" : [ 0, 3, 4 ]
    }, {
      "vertices" : [ 5, 7, 17 ]
    }, {
      "vertices" : [ 5, 17, 20 ]
    }, {
      "vertices" : [ 5, 20, 9 ]
    }, {
      "vertices" : [ 0, 4, 15 ]
    }, {
      "vertices" : [ 0, 15, 14 ]
    }, {
      "vertices" : [ 0, 14, 11 ]
    }, {
      "vertices" : [ 8, 10, 16 ]
    }, {
      "vertices" : [ 8, 16, 14 ]
    }, {
      "vertices" : [ 8, 14, 15 ]
    } ]
  }, {
    "id" : "45306f52-b56d-4f84-9ae3-c52dfc334cd5",
    "vertices" : [ {
      "x" : 2.3351564,
      "y" : -5.3703127,
      "z" : -5.1036463
    }, {
      "x" : 2.7351565,
      "y" : -5.270313,
      "z" : -5.0036464
    }, {
      "x" : 0.4888889,
      "y" : -0.2777778,
      "z" : -0.54444444
    }, {
      "x" : 0.08888889,
      "y" : -0.37777779,
      "z" : -0.64444447
    }, {
      "x" : 2.8684897,
      "y" : -5.0369797,
      "z" : -5.303646
    }, {
      "x" : 2.4684896,
      "y" : -5.1369796,
      "z" : -5.403646
    }, {
      "x" : -0.044444446,
      "y" : -0.6111111,
      "z" : -0.34444445
    }, {
      "x" : 0.35555556,
      "y" : -0.51111114,
      "z" : -0.24444444
    } ],
    "faces" : [ {
      "vertices" : [ 2, 3, 6 ]
    }, {
      "vertices" : [ 2, 6, 7 ]
    }, {
      "vertices" : [ 0, 5, 4 ]
    }, {
      "vertices" : [ 0, 4, 1 ]
    }, {
      "vertices" : [ 2, 4, 5 ]
    }, {
      "vertices" : [ 2, 5, 3 ]
    }, {
      "vertices" : [ 0, 6, 3 ]
    }, {
      "vertices" : [ 0, 3, 5 ]
    }, {
      "vertices" : [ 0, 1, 7 ]
    }, {
      "vertices" : [ 0, 7, 6 ]
    }, {
      "vertices" : [ 1, 4, 2 ]
    }, {
      "vertices" : [ 1, 2, 7 ]
    } ]
  }, {
    "id" : "84514b4f-f076-44c5-92fe-2d7c4651682a",
    "vertices" : [ {
      "x" : -9.678147,
      "y" : 3.0300567,
      "z" : 23.592363
    }, {
      "x" : -9.678147,
      "y" : -5.4420795,
      "z" : 23.592363
    }, {
      "x" : -16.53225,
      "y" : -2.8240454,
      "z" : 19.356295
    }, {
      "x" : -16.53225,
      "y" : 5.648091,
      "z" : 19.356295
    } ],
    "faces" : [ {
      "vertices" : [ 0, 1, 2 ]
    }, {
      "vertices" : [ 0, 2, 3 ]
    }, {
      "vertices" : [ 0, 3, 2 ]
    }, {
      "vertices" : [ 0, 2, 1 ]
    } ]
  }, {
    "id" : "3de5bdac-23ba-4bb1-919f-7b05c17140e2",
    "vertices" : [ {
      "x" : 11.296182,
      "y" : 11.296182,
      "z" : 19.768318
    }, {
      "x" : 7.0601134,
      "y" : 4.4420795,
      "z" : 22.38635
    }, {
      "x" : -1.2060113,
      "y" : 3.0300567,
      "z" : 23.592363
    }, {
      "x" : 3.0300567,
      "y" : 9.884159,
      "z" : 20.974329
    } ],
    "faces" : [ {
      "vertices" : [ 0, 1, 2 ]
    }, {
      "vertices" : [ 0, 2, 3 ]
    }, {
      "vertices" : [ 0, 3, 2 ]
    }, {
      "vertices" : [ 0, 2, 1 ]
    } ]
  }, {
    "id" : "ad4a8a11-a68d-4419-94bc-96b393bc3206",
    "vertices" : [ {
      "x" : -4.4420795,
      "y" : -22.38635,
      "z" : -7.0601134
    }, {
      "x" : -10.09017,
      "y" : -19.562305,
      "z" : -12.708204
    }, {
      "x" : -16.944271,
      "y" : -16.944271,
      "z" : -16.944271
    }, {
      "x" : -11.296182,
      "y" : -19.768318,
      "z" : -11.296182
    } ],
    "faces" : [ {
      "vertices" : [ 0, 1, 2 ]
    }, {
      "vertices" : [ 0, 2, 3 ]
    }, {
      "vertices" : [ 0, 3, 2 ]
    }, {
      "vertices" : [ 0, 2, 1 ]
    } ]
  }, {
    "id" : "2a48ab18-2af0-45f8-ac79-2eb8cd352311",
    "vertices" : [ {
      "x" : 19.562305,
      "y" : 12.708204,
      "z" : 10.09017
    }, {
      "x" : 19.562305,
      "y" : 12.708204,
      "z" : 1.618034
    }, {
      "x" : 22.38635,
      "y" : 7.0601134,
      "z" : -4.0300565
    }, {
      "x" : 22.38635,
      "y" : 7.0601134,
      "z" : 4.4420795
    } ],
    "faces" : [ {
      "vertices" : [ 0, 1, 2 ]
    }, {
      "vertices" : [ 0, 2, 3 ]
    }, {
      "vertices" : [ 0, 3, 2 ]
    }, {
      "vertices" : [ 0, 2, 1 ]
    } ]
  }, {
    "id" : "9027a28e-41a9-4b54-bbbf-3256722ca0e6",
    "vertices" : [ {
      "x" : 22.18034,
      "y" : -8.472136,
      "z" : -13.708204
    }, {
      "x" : 16.53225,
      "y" : -5.648091,
      "z" : -19.356295
    }, {
      "x" : 12.296182,
      "y" : -12.5021925,
      "z" : -16.73826
    }, {
      "x" : 17.944271,
      "y" : -15.326238,
      "z" : -11.09017
    } ],
    "faces" : [ {
      "vertices" : [ 0, 1, 2 ]
    }, {
      "vertices" : [ 0, 2, 3 ]
    }, {
      "vertices" : [ 0, 3, 2 ]
    }, {
      "vertices" : [ 0, 2, 1 ]
    } ]
  }, {
    "id" : "9859d4cc-2751-406b-b054-7299f0f1812a",
    "vertices" : [ {
      "x" : 16.944271,
      "y" : 16.944271,
      "z" : 16.944271
    }, {
      "x" : 11.296182,
      "y" : 19.768318,
      "z" : 11.296182
    }, {
      "x" : 9.884159,
      "y" : 20.974329,
      "z" : 3.0300567
    }, {
      "x" : 15.532249,
      "y" : 18.150284,
      "z" : 8.678147
    } ],
    "faces" : [ {
      "vertices" : [ 0, 1, 2 ]
    }, {
      "vertices" : [ 0, 2, 3 ]
    }, {
      "vertices" : [ 0, 3, 2 ]
    }, {
      "vertices" : [ 0, 2, 1 ]
    } ]
  }, {
    "id" : "85467171-e950-40ac-9030-20a7a333a79a",
    "vertices" : [ {
      "x" : -8.266125,
      "y" : 12.296182,
      "z" : -20.974329
    }, {
      "x" : -13.914215,
      "y" : 6.648091,
      "z" : -18.150284
    }, {
      "x" : -12.708204,
      "y" : -1.618034,
      "z" : -19.562305
    }, {
      "x" : -7.0601134,
      "y" : 4.0300565,
      "z" : -22.38635
    } ],
    "faces" : [ {
      "vertices" : [ 0, 1, 2 ]
    }, {
      "vertices" : [ 0, 2, 3 ]
    }, {
      "vertices" : [ 0, 3, 2 ]
    }, {
      "vertices" : [ 0, 2, 1 ]
    } ]
  }, {
    "id" : "e8f96c12-6146-47d0-85b3-8f78656095fb",
    "vertices" : [ {
      "x" : 15.532249,
      "y" : 18.150284,
      "z" : 0.20601133
    }, {
      "x" : 9.884159,
      "y" : 20.974329,
      "z" : -5.4420795
    }, {
      "x" : 12.5021925,
      "y" : 16.73826,
      "z" : -12.296182
    }, {
      "x" : 18.150284,
      "y" : 13.914215,
      "z" : -6.648091
    } ],
    "faces" : [ {
      "vertices" : [ 0, 1, 2 ]
    }, {
      "vertices" : [ 0, 2, 3 ]
    }, {
      "vertices" : [ 0, 3, 2 ]
    }, {
      "vertices" : [ 0, 2, 1 ]
    } ]
  }, {
    "id" : "6f026978-3f41-4205-be56-06930882dfa2",
    "vertices" : [ {
      "x" : 10.09017,
      "y" : 19.562305,
      "z" : 12.708204
    }, {
      "x" : 1.618034,
      "y" : 19.562305,
      "z" : 12.708204
    }, {
      "x" : -4.0300565,
      "y" : 22.38635,
      "z" : 7.0601134
    }, {
      "x" : 4.4420795,
      "y" : 22.38635,
      "z" : 7.0601134
    } ],
    "faces" : [ {
      "vertices" : [ 0, 1, 2 ]
    }, {
      "vertices" : [ 0, 2, 3 ]
    }, {
      "vertices" : [ 0, 3, 2 ]
    }, {
      "vertices" : [ 0, 2, 1 ]
    } ]
  }, {
    "id" : "04a2ecba-bb06-4471-b631-8b687e6209f0",
    "vertices" : [ {
      "x" : 23.592363,
      "y" : -9.678147,
      "z" : 3.0300567
    }, {
      "x" : 23.592363,
      "y" : -9.678147,
      "z" : -5.4420795
    }, {
      "x" : 19.356295,
      "y" : -16.53225,
      "z" : -2.8240454
    }, {
      "x" : 19.356295,
      "y" : -16.53225,
      "z" : 5.648091
    } ],
    "faces" : [ {
      "vertices" : [ 0, 1, 2 ]
    }, {
      "vertices" : [ 0, 2, 3 ]
    }, {
      "vertices" : [ 0, 3, 2 ]
    }, {
      "vertices" : [ 0, 2, 1 ]
    } ]
  }, {
    "id" : "6184feab-a8c5-4b10-bdc6-b6c74088c24f",
    "vertices" : [ {
      "x" : 23.592363,
      "y" : -9.678147,
      "z" : -5.4420795
    }, {
      "x" : 22.18034,
      "y" : -8.472136,
      "z" : -13.708204
    }, {
      "x" : 17.944271,
      "y" : -15.326238,
      "z" : -11.09017
    }, {
      "x" : 19.356295,
      "y" : -16.53225,
      "z" : -2.8240454
    } ],
    "faces" : [ {
      "vertices" : [ 0, 1, 2 ]
    }, {
      "vertices" : [ 0, 2, 3 ]
    }, {
      "vertices" : [ 0, 3, 2 ]
    }, {
      "vertices" : [ 0, 2, 1 ]
    } ]
  }, {
    "id" : "c315e3fe-7fa3-478a-86f8-946eee364760",
    "vertices" : [ {
      "x" : 5.4420795,
      "y" : -9.884159,
      "z" : -20.974329
    }, {
      "x" : -3.0300567,
      "y" : -9.884159,
      "z" : -20.974329
    }, {
      "x" : -8.678147,
      "y" : -15.532249,
      "z" : -18.150284
    }, {
      "x" : -0.20601133,
      "y" : -15.532249,
      "z" : -18.150284
    } ],
    "faces" : [ {
      "vertices" : [ 0, 1, 2 ]
    }, {
      "vertices" : [ 0, 2, 3 ]
    }, {
      "vertices" : [ 0, 3, 2 ]
    }, {
      "vertices" : [ 0, 2, 1 ]
    } ]
  }, {
    "id" : "7ec1ab52-26ac-4812-9e2d-625bce03e352",
    "vertices" : [ {
      "x" : -19.356295,
      "y" : 16.53225,
      "z" : -5.648091
    }, {
      "x" : -23.592363,
      "y" : 9.678147,
      "z" : -3.0300567
    }, {
      "x" : -20.974329,
      "y" : 5.4420795,
      "z" : -9.884159
    }, {
      "x" : -16.73826,
      "y" : 12.296182,
      "z" : -12.5021925
    } ],
    "faces" : [ {
      "vertices" : [ 0, 1, 2 ]
    }, {
      "vertices" : [ 0, 2, 3 ]
    }, {
      "vertices" : [ 0, 3, 2 ]
    }, {
      "vertices" : [ 0, 2, 1 ]
    } ]
  }, {
    "id" : "3f010867-4811-48a8-9b70-08920637e44f",
    "vertices" : [ {
      "x" : 5.648091,
      "y" : 19.356295,
      "z" : -16.53225
    }, {
      "x" : -2.8240454,
      "y" : 19.356295,
      "z" : -16.53225
    }, {
      "x" : 0.0,
      "y" : 13.708204,
      "z" : -22.18034
    }, {
      "x" : 8.472136,
      "y" : 13.708204,
      "z" : -22.18034
    } ],
    "faces" : [ {
      "vertices" : [ 0, 1, 2 ]
    }, {
      "vertices" : [ 0, 2, 3 ]
    }, {
      "vertices" : [ 0, 3, 2 ]
    }, {
      "vertices" : [ 0, 2, 1 ]
    } ]
  }, {
    "id" : "321bd709-dc9f-48d4-b569-8e1bc79ce353",
    "vertices" : [ {
      "x" : 20.974329,
      "y" : 8.266125,
      "z" : -12.296182
    }, {
      "x" : 15.326238,
      "y" : 11.09017,
      "z" : -17.944271
    }, {
      "x" : 16.53225,
      "y" : 2.8240454,
      "z" : -19.356295
    }, {
      "x" : 22.18034,
      "y" : 0.0,
      "z" : -13.708204
    } ],
    "faces" : [ {
      "vertices" : [ 0, 1, 2 ]
    }, {
      "vertices" : [ 0, 2, 3 ]
    }, {
      "vertices" : [ 0, 3, 2 ]
    }, {
      "vertices" : [ 0, 2, 1 ]
    } ]
  }, {
    "id" : "d791ec3b-ec6b-40bf-b8f1-605f225138ec",
    "vertices" : [ {
      "x" : 9.678147,
      "y" : -3.0300567,
      "z" : -23.592363
    }, {
      "x" : 1.2060113,
      "y" : -3.0300567,
      "z" : -23.592363
    }, {
      "x" : -3.0300567,
      "y" : -9.884159,
      "z" : -20.974329
    }, {
      "x" : 5.4420795,
      "y" : -9.884159,
      "z" : -20.974329
    } ],
    "faces" : [ {
      "vertices" : [ 0, 1, 2 ]
    }, {
      "vertices" : [ 0, 2, 3 ]
    }, {
      "vertices" : [ 0, 3, 2 ]
    }, {
      "vertices" : [ 0, 2, 1 ]
    } ]
  }, {
    "id" : "eba0bfae-9e41-44e2-a8f9-b986d73e30e0",
    "vertices" : [ {
      "x" : 1.2060113,
      "y" : -3.0300567,
      "z" : -23.592363
    }, {
      "x" : -7.0601134,
      "y" : -4.4420795,
      "z" : -22.38635
    }, {
      "x" : -11.296182,
      "y" : -11.296182,
      "z" : -19.768318
    }, {
      "x" : -3.0300567,
      "y" : -9.884159,
      "z" : -20.974329
    } ],
    "faces" : [ {
      "vertices" : [ 0, 1, 2 ]
    }, {
      "vertices" : [ 0, 2, 3 ]
    }, {
      "vertices" : [ 0, 3, 2 ]
    }, {
      "vertices" : [ 0, 2, 1 ]
    } ]
  }, {
    "id" : "6431582b-e763-438b-9dcc-f83542f80c8c",
    "vertices" : [ {
      "x" : -13.708204,
      "y" : 22.18034,
      "z" : -8.472136
    }, {
      "x" : -19.356295,
      "y" : 16.53225,
      "z" : -5.648091
    }, {
      "x" : -16.73826,
      "y" : 12.296182,
      "z" : -12.5021925
    }, {
      "x" : -11.09017,
      "y" : 17.944271,
      "z" : -15.326238
    } ],
    "faces" : [ {
      "vertices" : [ 0, 1, 2 ]
    }, {
      "vertices" : [ 0, 2, 3 ]
    }, {
      "vertices" : [ 0, 3, 2 ]
    }, {
      "vertices" : [ 0, 2, 1 ]
    } ]
  }, {
    "id" : "0daf4667-d626-4035-9dad-fe77f4ebc40f",
    "vertices" : [ {
      "x" : 3.0300567,
      "y" : 23.592363,
      "z" : -1.2060113
    }, {
      "x" : -5.4420795,
      "y" : 23.592363,
      "z" : -1.2060113
    }, {
      "x" : -5.4420795,
      "y" : 23.592363,
      "z" : -9.678147
    }, {
      "x" : 3.0300567,
      "y" : 23.592363,
      "z" : -9.678147
    } ],
    "faces" : [ {
      "vertices" : [ 0, 1, 2 ]
    }, {
      "vertices" : [ 0, 2, 3 ]
    }, {
      "vertices" : [ 0, 3, 2 ]
    }, {
      "vertices" : [ 0, 2, 1 ]
    } ]
  }, {
    "id" : "c854203b-ea16-49ce-9a19-2d45072e630a",
    "vertices" : [ {
      "x" : 13.914215,
      "y" : -6.648091,
      "z" : 18.150284
    }, {
      "x" : 16.73826,
      "y" : -12.296182,
      "z" : 12.5021925
    }, {
      "x" : 11.09017,
      "y" : -17.944271,
      "z" : 15.326238
    }, {
      "x" : 8.266125,
      "y" : -12.296182,
      "z" : 20.974329
    } ],
    "faces" : [ {
      "vertices" : [ 0, 1, 2 ]
    }, {
      "vertices" : [ 0, 2, 3 ]
    }, {
      "vertices" : [ 0, 3, 2 ]
    }, {
      "vertices" : [ 0, 2, 1 ]
    } ]
  }, {
    "id" : "9c2315f1-d553-42b2-98a7-fb58db011ce6",
    "vertices" : [ {
      "x" : 4.0300565,
      "y" : -22.38635,
      "z" : -7.0601134
    }, {
      "x" : -1.618034,
      "y" : -19.562305,
      "z" : -12.708204
    }, {
      "x" : -10.09017,
      "y" : -19.562305,
      "z" : -12.708204
    }, {
      "x" : -4.4420795,
      "y" : -22.38635,
      "z" : -7.0601134
    } ],
    "faces" : [ {
      "vertices" : [ 0, 1, 2 ]
    }, {
      "vertices" : [ 0, 2, 3 ]
    }, {
      "vertices" : [ 0, 3, 2 ]
    }, {
      "vertices" : [ 0, 2, 1 ]
    } ]
  }, {
    "id" : "3ae09767-621b-4944-9bc7-a453cdf60dfd",
    "vertices" : [ {
      "x" : -15.532249,
      "y" : -18.150284,
      "z" : -0.20601133
    }, {
      "x" : -15.532249,
      "y" : -18.150284,
      "z" : -8.678147
    }, {
      "x" : -16.944271,
      "y" : -16.944271,
      "z" : -16.944271
    }, {
      "x" : -16.944271,
      "y" : -16.944271,
      "z" : -8.472136
    } ],
    "faces" : [ {
      "vertices" : [ 0, 1, 2 ]
    }, {
      "vertices" : [ 0, 2, 3 ]
    }, {
      "vertices" : [ 0, 3, 2 ]
    }, {
      "vertices" : [ 0, 2, 1 ]
    } ]
  }, {
    "id" : "6077514e-ed8a-4b3c-b500-1d0336d6a6b7",
    "vertices" : [ {
      "x" : 23.592363,
      "y" : -1.2060113,
      "z" : 3.0300567
    }, {
      "x" : 23.592363,
      "y" : -1.2060113,
      "z" : -5.4420795
    }, {
      "x" : 23.592363,
      "y" : -9.678147,
      "z" : -5.4420795
    }, {
      "x" : 23.592363,
      "y" : -9.678147,
      "z" : 3.0300567
    } ],
    "faces" : [ {
      "vertices" : [ 0, 1, 2 ]
    }, {
      "vertices" : [ 0, 2, 3 ]
    }, {
      "vertices" : [ 0, 3, 2 ]
    }, {
      "vertices" : [ 0, 2, 1 ]
    } ]
  }, {
    "id" : "308f13b8-f7fc-4f20-aad4-e76a89fa77a5",
    "vertices" : [ {
      "x" : 20.974329,
      "y" : -5.4420795,
      "z" : 9.884159
    }, {
      "x" : 23.592363,
      "y" : -9.678147,
      "z" : 3.0300567
    }, {
      "x" : 19.356295,
      "y" : -16.53225,
      "z" : 5.648091
    }, {
      "x" : 16.73826,
      "y" : -12.296182,
      "z" : 12.5021925
    } ],
    "faces" : [ {
      "vertices" : [ 0, 1, 2 ]
    }, {
      "vertices" : [ 0, 2, 3 ]
    }, {
      "vertices" : [ 0, 3, 2 ]
    }, {
      "vertices" : [ 0, 2, 1 ]
    } ]
  }, {
    "id" : "a2baf67d-c693-48a0-b868-118f2c473ef0",
    "vertices" : [ {
      "x" : -12.708204,
      "y" : -1.618034,
      "z" : -19.562305
    }, {
      "x" : -16.944271,
      "y" : -8.472136,
      "z" : -16.944271
    }, {
      "x" : -16.944271,
      "y" : -16.944271,
      "z" : -16.944271
    }, {
      "x" : -12.708204,
      "y" : -10.09017,
      "z" : -19.562305
    } ],
    "faces" : [ {
      "vertices" : [ 0, 1, 2 ]
    }, {
      "vertices" : [ 0, 2, 3 ]
    }, {
      "vertices" : [ 0, 3, 2 ]
    }, {
      "vertices" : [ 0, 2, 1 ]
    } ]
  }, {
    "id" : "70fe024f-bf9e-4577-a1ec-9711d414932c",
    "vertices" : [ {
      "x" : -23.592363,
      "y" : 1.2060113,
      "z" : 5.4420795
    }, {
      "x" : -22.38635,
      "y" : -7.0601134,
      "z" : 4.0300565
    }, {
      "x" : -22.38635,
      "y" : -7.0601134,
      "z" : -4.4420795
    }, {
      "x" : -23.592363,
      "y" : 1.2060113,
      "z" : -3.0300567
    } ],
    "faces" : [ {
      "vertices" : [ 0, 1, 2 ]
    }, {
      "vertices" : [ 0, 2, 3 ]
    }, {
      "vertices" : [ 0, 3, 2 ]
    }, {
      "vertices" : [ 0, 2, 1 ]
    } ]
  }, {
    "id" : "cf6c2aeb-0f3f-4fd8-96f0-c5f31af24bc3",
    "vertices" : [ {
      "x" : -3.0300567,
      "y" : -23.592363,
      "z" : 1.2060113
    }, {
      "x" : -4.4420795,
      "y" : -22.38635,
      "z" : -7.0601134
    }, {
      "x" : -11.296182,
      "y" : -19.768318,
      "z" : -11.296182
    }, {
      "x" : -9.884159,
      "y" : -20.974329,
      "z" : -3.0300567
    } ],
    "faces" : [ {
      "vertices" : [ 0, 1, 2 ]
    }, {
      "vertices" : [ 0, 2, 3 ]
    }, {
      "vertices" : [ 0, 3, 2 ]
    }, {
      "vertices" : [ 0, 2, 1 ]
    } ]
  }, {
    "id" : "e6db5929-bb3c-4a8b-a832-e990c895fd3d",
    "vertices" : [ {
      "x" : -1.2060113,
      "y" : 3.0300567,
      "z" : 23.592363
    }, {
      "x" : -1.2060113,
      "y" : -5.4420795,
      "z" : 23.592363
    }, {
      "x" : -9.678147,
      "y" : -5.4420795,
      "z" : 23.592363
    }, {
      "x" : -9.678147,
      "y" : 3.0300567,
      "z" : 23.592363
    } ],
    "faces" : [ {
      "vertices" : [ 0, 1, 2 ]
    }, {
      "vertices" : [ 0, 2, 3 ]
    }, {
      "vertices" : [ 0, 3, 2 ]
    }, {
      "vertices" : [ 0, 2, 1 ]
    } ]
  }, {
    "id" : "64fac495-03c0-487e-aec2-67c43223d3fd",
    "vertices" : [ {
      "x" : 16.944271,
      "y" : 16.944271,
      "z" : 16.944271
    }, {
      "x" : 16.944271,
      "y" : 8.472136,
      "z" : 16.944271
    }, {
      "x" : 12.708204,
      "y" : 1.618034,
      "z" : 19.562305
    }, {
      "x" : 12.708204,
      "y" : 10.09017,
      "z" : 19.562305
    } ],
    "faces" : [ {
      "vertices" : [ 0, 1, 2 ]
    }, {
      "vertices" : [ 0, 2, 3 ]
    }, {
      "vertices" : [ 0, 3, 2 ]
    }, {
      "vertices" : [ 0, 2, 1 ]
    } ]
  }, {
    "id" : "82390f67-84d0-44b9-89b6-672c79fd7abd",
    "vertices" : [ {
      "x" : 12.296182,
      "y" : -12.5021925,
      "z" : -16.73826
    }, {
      "x" : 5.4420795,
      "y" : -9.884159,
      "z" : -20.974329
    }, {
      "x" : -0.20601133,
      "y" : -15.532249,
      "z" : -18.150284
    }, {
      "x" : 6.648091,
      "y" : -18.150284,
      "z" : -13.914215
    } ],
    "faces" : [ {
      "vertices" : [ 0, 1, 2 ]
    }, {
      "vertices" : [ 0, 2, 3 ]
    }, {
      "vertices" : [ 0, 3, 2 ]
    }, {
      "vertices" : [ 0, 2, 1 ]
    } ]
  }, {
    "id" : "93bea58c-0050-4034-8596-7987883cbf03",
    "vertices" : [ {
      "x" : 15.532249,
      "y" : 18.150284,
      "z" : 8.678147
    }, {
      "x" : 9.884159,
      "y" : 20.974329,
      "z" : 3.0300567
    }, {
      "x" : 9.884159,
      "y" : 20.974329,
      "z" : -5.4420795
    }, {
      "x" : 15.532249,
      "y" : 18.150284,
      "z" : 0.20601133
    } ],
    "faces" : [ {
      "vertices" : [ 0, 1, 2 ]
    }, {
      "vertices" : [ 0, 2, 3 ]
    }, {
      "vertices" : [ 0, 3, 2 ]
    }, {
      "vertices" : [ 0, 2, 1 ]
    } ]
  }, {
    "id" : "5626d8a1-0405-492c-b345-d7543591cc00",
    "vertices" : [ {
      "x" : -7.0601134,
      "y" : 4.0300565,
      "z" : -22.38635
    }, {
      "x" : -12.708204,
      "y" : -1.618034,
      "z" : -19.562305
    }, {
      "x" : -12.708204,
      "y" : -10.09017,
      "z" : -19.562305
    }, {
      "x" : -7.0601134,
      "y" : -4.4420795,
      "z" : -22.38635
    } ],
    "faces" : [ {
      "vertices" : [ 0, 1, 2 ]
    }, {
      "vertices" : [ 0, 2, 3 ]
    }, {
      "vertices" : [ 0, 3, 2 ]
    }, {
      "vertices" : [ 0, 2, 1 ]
    } ]
  }, {
    "id" : "93cf00ec-6071-446c-a2f8-8b019f55bd72",
    "vertices" : [ {
      "x" : 4.4420795,
      "y" : 22.38635,
      "z" : 7.0601134
    }, {
      "x" : -4.0300565,
      "y" : 22.38635,
      "z" : 7.0601134
    }, {
      "x" : -5.4420795,
      "y" : 23.592363,
      "z" : -1.2060113
    }, {
      "x" : 3.0300567,
      "y" : 23.592363,
      "z" : -1.2060113
    } ],
    "faces" : [ {
      "vertices" : [ 0, 1, 2 ]
    }, {
      "vertices" : [ 0, 2, 3 ]
    }, {
      "vertices" : [ 0, 3, 2 ]
    }, {
      "vertices" : [ 0, 2, 1 ]
    } ]
  }, {
    "id" : "ab28d219-a3d8-4731-bbd5-e90a25e5c62a",
    "vertices" : [ {
      "x" : 9.678147,
      "y" : 5.4420795,
      "z" : -23.592363
    }, {
      "x" : 1.2060113,
      "y" : 5.4420795,
      "z" : -23.592363
    }, {
      "x" : 1.2060113,
      "y" : -3.0300567,
      "z" : -23.592363
    }, {
      "x" : 9.678147,
      "y" : -3.0300567,
      "z" : -23.592363
    } ],
    "faces" : [ {
      "vertices" : [ 0, 1, 2 ]
    }, {
      "vertices" : [ 0, 2, 3 ]
    }, {
      "vertices" : [ 0, 3, 2 ]
    }, {
      "vertices" : [ 0, 2, 1 ]
    } ]
  }, {
    "id" : "6563f509-3584-4995-98cb-f795bd42d8a1",
    "vertices" : [ {
      "x" : 15.326238,
      "y" : 11.09017,
      "z" : -17.944271
    }, {
      "x" : 8.472136,
      "y" : 13.708204,
      "z" : -22.18034
    }, {
      "x" : 9.678147,
      "y" : 5.4420795,
      "z" : -23.592363
    }, {
      "x" : 16.53225,
      "y" : 2.8240454,
      "z" : -19.356295
    } ],
    "faces" : [ {
      "vertices" : [ 0, 1, 2 ]
    }, {
      "vertices" : [ 0, 2, 3 ]
    }, {
      "vertices" : [ 0, 3, 2 ]
    }, {
      "vertices" : [ 0, 2, 1 ]
    } ]
  }, {
    "id" : "22f07456-94c0-4550-b2ae-d703d66358d2",
    "vertices" : [ {
      "x" : 22.38635,
      "y" : 7.0601134,
      "z" : -4.0300565
    }, {
      "x" : 20.974329,
      "y" : 8.266125,
      "z" : -12.296182
    }, {
      "x" : 22.18034,
      "y" : 0.0,
      "z" : -13.708204
    }, {
      "x" : 23.592363,
      "y" : -1.2060113,
      "z" : -5.4420795
    } ],
    "faces" : [ {
      "vertices" : [ 0, 1, 2 ]
    }, {
      "vertices" : [ 0, 2, 3 ]
    }, {
      "vertices" : [ 0, 3, 2 ]
    }, {
      "vertices" : [ 0, 2, 1 ]
    } ]
  }, {
    "id" : "e2d419d4-218a-4546-8080-44694627ad1a",
    "vertices" : [ {
      "x" : -23.592363,
      "y" : 9.678147,
      "z" : -3.0300567
    }, {
      "x" : -23.592363,
      "y" : 1.2060113,
      "z" : -3.0300567
    }, {
      "x" : -20.974329,
      "y" : -3.0300567,
      "z" : -9.884159
    }, {
      "x" : -20.974329,
      "y" : 5.4420795,
      "z" : -9.884159
    } ],
    "faces" : [ {
      "vertices" : [ 0, 1, 2 ]
    }, {
      "vertices" : [ 0, 2, 3 ]
    }, {
      "vertices" : [ 0, 3, 2 ]
    }, {
      "vertices" : [ 0, 2, 1 ]
    } ]
  }, {
    "id" : "c837635b-0631-4e92-a568-0703ebbb3633",
    "vertices" : [ {
      "x" : 16.944271,
      "y" : 16.944271,
      "z" : 16.944271
    }, {
      "x" : 18.150284,
      "y" : 8.678147,
      "z" : 15.532249
    }, {
      "x" : 18.150284,
      "y" : 0.20601133,
      "z" : 15.532249
    }, {
      "x" : 16.944271,
      "y" : 8.472136,
      "z" : 16.944271
    } ],
    "faces" : [ {
      "vertices" : [ 0, 1, 2 ]
    }, {
      "vertices" : [ 0, 2, 3 ]
    }, {
      "vertices" : [ 0, 3, 2 ]
    }, {
      "vertices" : [ 0, 2, 1 ]
    } ]
  }, {
    "id" : "d24acf13-bb95-4ef9-afd8-d1c3c1a755fd",
    "vertices" : [ {
      "x" : 3.0300567,
      "y" : 9.884159,
      "z" : 20.974329
    }, {
      "x" : -1.2060113,
      "y" : 3.0300567,
      "z" : 23.592363
    }, {
      "x" : -9.678147,
      "y" : 3.0300567,
      "z" : 23.592363
    }, {
      "x" : -5.4420795,
      "y" : 9.884159,
      "z" : 20.974329
    } ],
    "faces" : [ {
      "vertices" : [ 0, 1, 2 ]
    }, {
      "vertices" : [ 0, 2, 3 ]
    }, {
      "vertices" : [ 0, 3, 2 ]
    }, {
      "vertices" : [ 0, 2, 1 ]
    } ]
  }, {
    "id" : "9b67a09c-57a6-41bf-b391-d980344c1771",
    "vertices" : [ {
      "x" : -22.18034,
      "y" : 0.0,
      "z" : 13.708204
    }, {
      "x" : -20.974329,
      "y" : -8.266125,
      "z" : 12.296182
    }, {
      "x" : -22.38635,
      "y" : -7.0601134,
      "z" : 4.0300565
    }, {
      "x" : -23.592363,
      "y" : 1.2060113,
      "z" : 5.4420795
    } ],
    "faces" : [ {
      "vertices" : [ 0, 1, 2 ]
    }, {
      "vertices" : [ 0, 2, 3 ]
    }, {
      "vertices" : [ 0, 3, 2 ]
    }, {
      "vertices" : [ 0, 2, 1 ]
    } ]
  }, {
    "id" : "76c5a33a-a502-4e52-bb91-238f8a2c052e",
    "vertices" : [ {
      "x" : 16.944271,
      "y" : 16.944271,
      "z" : 16.944271
    }, {
      "x" : 19.768318,
      "y" : 11.296182,
      "z" : 11.296182
    }, {
      "x" : 20.974329,
      "y" : 3.0300567,
      "z" : 9.884159
    }, {
      "x" : 18.150284,
      "y" : 8.678147,
      "z" : 15.532249
    } ],
    "faces" : [ {
      "vertices" : [ 0, 1, 2 ]
    }, {
      "vertices" : [ 0, 2, 3 ]
    }, {
      "vertices" : [ 0, 3, 2 ]
    }, {
      "vertices" : [ 0, 2, 1 ]
    } ]
  }, {
    "id" : "c4215993-c7f8-4c78-9207-13bb3a2ed4f3",
    "vertices" : [ {
      "x" : 1.618034,
      "y" : 19.562305,
      "z" : 12.708204
    }, {
      "x" : -6.648091,
      "y" : 18.150284,
      "z" : 13.914215
    }, {
      "x" : -12.296182,
      "y" : 20.974329,
      "z" : 8.266125
    }, {
      "x" : -4.0300565,
      "y" : 22.38635,
      "z" : 7.0601134
    } ],
    "faces" : [ {
      "vertices" : [ 0, 1, 2 ]
    }, {
      "vertices" : [ 0, 2, 3 ]
    }, {
      "vertices" : [ 0, 3, 2 ]
    }, {
      "vertices" : [ 0, 2, 1 ]
    } ]
  }, {
    "id" : "aff18e68-0d39-40bc-aa6c-e1b235f7f3d2",
    "vertices" : [ {
      "x" : -18.150284,
      "y" : -13.914215,
      "z" : 6.648091
    }, {
      "x" : -15.532249,
      "y" : -18.150284,
      "z" : -0.20601133
    }, {
      "x" : -16.944271,
      "y" : -16.944271,
      "z" : -8.472136
    }, {
      "x" : -19.562305,
      "y" : -12.708204,
      "z" : -1.618034
    } ],
    "faces" : [ {
      "vertices" : [ 0, 1, 2 ]
    }, {
      "vertices" : [ 0, 2, 3 ]
    }, {
      "vertices" : [ 0, 3, 2 ]
    }, {
      "vertices" : [ 0, 2, 1 ]
    } ]
  }, {
    "id" : "7b17d0d1-bbc6-42e7-bdcb-0f48f35f3008",
    "vertices" : [ {
      "x" : 9.884159,
      "y" : 20.974329,
      "z" : 3.0300567
    }, {
      "x" : 3.0300567,
      "y" : 23.592363,
      "z" : -1.2060113
    }, {
      "x" : 3.0300567,
      "y" : 23.592363,
      "z" : -9.678147
    }, {
      "x" : 9.884159,
      "y" : 20.974329,
      "z" : -5.4420795
    } ],
    "faces" : [ {
      "vertices" : [ 0, 1, 2 ]
    }, {
      "vertices" : [ 0, 2, 3 ]
    }, {
      "vertices" : [ 0, 3, 2 ]
    }, {
      "vertices" : [ 0, 2, 1 ]
    } ]
  }, {
    "id" : "f4321aca-2a6c-45a3-9ed6-e10b91b05730",
    "vertices" : [ {
      "x" : 3.0300567,
      "y" : 23.592363,
      "z" : -9.678147
    }, {
      "x" : -5.4420795,
      "y" : 23.592363,
      "z" : -9.678147
    }, {
      "x" : -2.8240454,
      "y" : 19.356295,
      "z" : -16.53225
    }, {
      "x" : 5.648091,
      "y" : 19.356295,
      "z" : -16.53225
    } ],
    "faces" : [ {
      "vertices" : [ 0, 1, 2 ]
    }, {
      "vertices" : [ 0, 2, 3 ]
    }, {
      "vertices" : [ 0, 3, 2 ]
    }, {
      "vertices" : [ 0, 2, 1 ]
    } ]
  }, {
    "id" : "ddaf48ac-0fcc-4c12-af20-5e308b40f9d6",
    "vertices" : [ {
      "x" : -1.618034,
      "y" : -19.562305,
      "z" : -12.708204
    }, {
      "x" : -8.472136,
      "y" : -16.944271,
      "z" : -16.944271
    }, {
      "x" : -16.944271,
      "y" : -16.944271,
      "z" : -16.944271
    }, {
      "x" : -10.09017,
      "y" : -19.562305,
      "z" : -12.708204
    } ],
    "faces" : [ {
      "vertices" : [ 0, 1, 2 ]
    }, {
      "vertices" : [ 0, 2, 3 ]
    }, {
      "vertices" : [ 0, 3, 2 ]
    }, {
      "vertices" : [ 0, 2, 1 ]
    } ]
  }, {
    "id" : "20faa65e-4684-445b-87b4-cdc2889d065c",
    "vertices" : [ {
      "x" : -20.974329,
      "y" : 5.4420795,
      "z" : -9.884159
