{
  "field" : "golden",
  "symmetry" : "icosahedral",
  "orientations" : [ [ 1.0, 0.0, 0.0, 0.0, 0.0, 1.0, 0.0, 0.0, 0.0, 0.0, 1.0, 0.0, 0.0, 0.0, 0.0, 1.0 ], [ 0.0, 0.0, 1.0, 0.0, 1.0, 0.0, 0.0, 0.0, 0.0, 1.0, 0.0, 0.0, 0.0, 0.0, 0.0, 1.0 ], [ 0.0, 1.0, 0.0, 0.0, 0.0, 0.0, 1.0, 0.0, 1.0, 0.0, 0.0, 0.0, 0.0, 0.0, 0.0, 1.0 ], [ 0.809017, 0.309017, 0.5, 0.0, 0.309017, 0.5, -0.809017, 0.0, -0.5, 0.809017, 0.309017, 0.0, 0.0, 0.0, 0.0, 1.0 ], [ -0.5, 0.809017, 0.309017, 0.0, 0.809017, 0.309017, 0.5, 0.0, 0.309017, 0.5, -0.809017, 0.0, 0.0, 0.0, 0.0, 1.0 ], [ 0.309017, 0.5, -0.809017, 0.0, -0.5, 0.809017, 0.309017, 0.0, 0.809017, 0.309017, 0.5, 0.0, 0.0, 0.0, 0.0, 1.0 ], [ 0.5, 0.809017, 0.309017, 0.0, 0.809017, -0.309017, -0.5, 0.0, -0.309017, 0.5, -0.809017, 0.0, 0.0, 0.0, 0.0, 1.0 ], [ -0.309017, 0.5, -0.809017, 0.0, 0.5, 0.809017, 0.309017, 0.0, 0.809017, -0.309017, -0.5, 0.0, 0.0, 0.0, 0.0, 1.0 ], [ 0.809017, -0.309017, -0.5, 0.0, -0.309017, 0.5, -0.809017, 0.0, 0.5, 0.809017, 0.309017, 0.0, 0.0, 0.0, 0.0, 1.0 ], [ 0.5, 0.809017, -0.309017, 0.0, 0.809017, -0.309017, 0.5, 0.0, 0.309017, -0.5, -0.809017, 0.0, 0.0, 0.0, 0.0, 1.0 ], [ 0.309017, -0.5, -0.809017, 0.0, 0.5, 0.809017, -0.309017, 0.0, 0.809017, -0.309017, 0.5, 0.0, 0.0, 0.0, 0.0, 1.0 ], [ 0.809017, -0.309017, 0.5, 0.0, 0.309017, -0.5, -0.809017, 0.0, 0.5, 0.809017, -0.309017, 0.0, 0.0, 0.0, 0.0, 1.0 ], [ 0.809017, 0.309017, -0.5, 0.0, 0.309017, 0.5, 0.809017, 0.0, 0.5, -0.809017, 0.309017, 0.0, 0.0, 0.0, 0.0, 1.0 ], [ 0.5, -0.809017, 0.309017, 0.0, 0.809017, 0.309017, -0.5, 0.0, 0.309017, 0.5, 0.809017, 0.0, 0.0, 0.0, 0.0, 1.0 ], [ 0.309017, 0.5, 0.809017, 0.0, 0.5, -0.809017, 0.309017, 0.0, 0.809017, 0.309017, -0.5, 0.0, 0.0, 0.0, 0.0, 1.0 ], [ 1.0, 0.0, 0.0, 0.0, 0.0, -1.0, 0.0, 0.0, 0.0, 0.0, -1.0, 0.0, 0.0, 0.0, 0.0, 1.0 ], [ 0.0, 0.0, 1.0, 0.0, -1.0, 0.0, 0.0, 0.0, 0.0, -1.0, 0.0, 0.0, 0.0, 0.0, 0.0, 1.0 ], [ 0.0, 1.0, 0.0, 0.0, 0.0, 0.0, -1.0, 0.0, -1.0, 0.0, 0.0, 0.0, 0.0, 0.0, 0.0, 1.0 ], [ 0.809017, 0.309017, 0.5, 0.0, -0.309017, -0.5, 0.809017, 0.0, 0.5, -0.809017, -0.309017, 0.0, 0.0, 0.0, 0.0, 1.0 ], [ -0.5, 0.809017, 0.309017, 0.0, -0.809017, -0.309017, -0.5, 0.0, -0.309017, -0.5, 0.809017, 0.0, 0.0, 0.0, 0.0, 1.0 ], [ 0.309017, 0.5, -0.809017, 0.0, 0.5, -0.809017, -0.309017, 0.0, -0.809017, -0.309017, -0.5, 0.0, 0.0, 0.0, 0.0, 1.0 ], [ 0.5, 0.809017, 0.309017, 0.0, -0.809017, 0.309017, 0.5, 0.0, 0.309017, -0.5, 0.809017, 0.0, 0.0, 0.0, 0.0, 1.0 ], [ -0.309017, 0.5, -0.809017, 0.0, -0.5, -0.809017, -0.309017, 0.0, -0.809017, 0.309017, 0.5, 0.0, 0.0, 0.0, 0.0, 1.0 ], [ 0.809017, -0.309017, -0.5, 0.0, 0.309017, -0.5, 0.809017, 0.0, -0.5, -0.809017, -0.309017, 0.0, 0.0, 0.0, 0.0, 1.0 ], [ 0.5, 0.809017, -0.309017, 0.0, -0.809017, 0.309017, -0.5, 0.0, -0.309017, 0.5, 0.809017, 0.0, 0.0, 0.0, 0.0, 1.0 ], [ 0.309017, -0.5, -0.809017, 0.0, -0.5, -0.809017, 0.309017, 0.0, -0.809017, 0.309017, -0.5, 0.0, 0.0, 0.0, 0.0, 1.0 ], [ 0.809017, -0.309017, 0.5, 0.0, -0.309017, 0.5, 0.809017, 0.0, -0.5, -0.809017, 0.309017, 0.0, 0.0, 0.0, 0.0, 1.0 ], [ 0.809017, 0.309017, -0.5, 0.0, -0.309017, -0.5, -0.809017, 0.0, -0.5, 0.809017, -0.309017, 0.0, 0.0, 0.0, 0.0, 1.0 ], [ 0.5, -0.809017, 0.309017, 0.0, -0.809017, -0.309017, 0.5, 0.0, -0.309017, -0.5, -0.809017, 0.0, 0.0, 0.0, 0.0, 1.0 ], [ 0.309017, 0.5, 0.809017, 0.0, -0.5, 0.809017, -0.309017, 0.0, -0.809017, -0.309017, 0.5, 0.0, 0.0, 0.0, 0.0, 1.0 ], [ -1.0, 0.0, 0.0, 0.0, 0.0, -1.0, 0.0, 0.0, 0.0, 0.0, 1.0, 0.0, 0.0, 0.0, 0.0, 1.0 ], [ 0.0, 0.0, -1.0, 0.0, -1.0, 0.0, 0.0, 0.0, 0.0, 1.0, 0.0, 0.0, 0.0, 0.0, 0.0, 1.0 ], [ 0.0, -1.0, 0.0, 0.0, 0.0, 0.0, -1.0, 0.0, 1.0, 0.0, 0.0, 0.0, 0.0, 0.0, 0.0, 1.0 ], [ -0.809017, -0.309017, -0.5, 0.0, -0.309017, -0.5, 0.809017, 0.0, -0.5, 0.809017, 0.309017, 0.0, 0.0, 0.0, 0.0, 1.0 ], [ 0.5, -0.809017, -0.309017, 0.0, -0.809017, -0.309017, -0.5, 0.0, 0.309017, 0.5, -0.809017, 0.0, 0.0, 0.0, 0.0, 1.0 ], [ -0.309017, -0.5, 0.809017, 0.0, 0.5, -0.809017, -0.309017, 0.0, 0.809017, 0.309017, 0.5, 0.0, 0.0, 0.0, 0.0, 1.0 ], [ -0.5, -0.809017, -0.309017, 0.0, -0.809017, 0.309017, 0.5, 0.0, -0.309017, 0.5, -0.809017, 0.0, 0.0, 0.0, 0.0, 1.0 ], [ 0.309017, -0.5, 0.809017, 0.0, -0.5, -0.809017, -0.309017, 0.0, 0.809017, -0.309017, -0.5, 0.0, 0.0, 0.0, 0.0, 1.0 ], [ -0.809017, 0.309017, 0.5, 0.0, 0.309017, -0.5, 0.809017, 0.0, 0.5, 0.809017, 0.309017, 0.0, 0.0, 0.0, 0.0, 1.0 ], [ -0.5, -0.809017, 0.309017, 0.0, -0.809017, 0.309017, -0.5, 0.0, 0.309017, -0.5, -0.809017, 0.0, 0.0, 0.0, 0.0, 1.0 ], [ -0.309017, 0.5, 0.809017, 0.0, -0.5, -0.809017, 0.309017, 0.0, 0.809017, -0.309017, 0.5, 0.0, 0.0, 0.0, 0.0, 1.0 ], [ -0.809017, 0.309017, -0.5, 0.0, -0.309017, 0.5, 0.809017, 0.0, 0.5, 0.809017, -0.309017, 0.0, 0.0, 0.0, 0.0, 1.0 ], [ -0.809017, -0.309017, 0.5, 0.0, -0.309017, -0.5, -0.809017, 0.0, 0.5, -0.809017, 0.309017, 0.0, 0.0, 0.0, 0.0, 1.0 ], [ -0.5, 0.809017, -0.309017, 0.0, -0.809017, -0.309017, 0.5, 0.0, 0.309017, 0.5, 0.809017, 0.0, 0.0, 0.0, 0.0, 1.0 ], [ -0.309017, -0.5, -0.809017, 0.0, -0.5, 0.809017, -0.309017, 0.0, 0.809017, 0.309017, -0.5, 0.0, 0.0, 0.0, 0.0, 1.0 ], [ -1.0, 0.0, 0.0, 0.0, 0.0, 1.0, 0.0, 0.0, 0.0, 0.0, -1.0, 0.0, 0.0, 0.0, 0.0, 1.0 ], [ 0.0, 0.0, -1.0, 0.0, 1.0, 0.0, 0.0, 0.0, 0.0, -1.0, 0.0, 0.0, 0.0, 0.0, 0.0, 1.0 ], [ 0.0, -1.0, 0.0, 0.0, 0.0, 0.0, 1.0, 0.0, -1.0, 0.0, 0.0, 0.0, 0.0, 0.0, 0.0, 1.0 ], [ -0.809017, -0.309017, -0.5, 0.0, 0.309017, 0.5, -0.809017, 0.0, 0.5, -0.809017, -0.309017, 0.0, 0.0, 0.0, 0.0, 1.0 ], [ 0.5, -0.809017, -0.309017, 0.0, 0.809017, 0.309017, 0.5, 0.0, -0.309017, -0.5, 0.809017, 0.0, 0.0, 0.0, 0.0, 1.0 ], [ -0.309017, -0.5, 0.809017, 0.0, -0.5, 0.809017, 0.309017, 0.0, -0.809017, -0.309017, -0.5, 0.0, 0.0, 0.0, 0.0, 1.0 ], [ -0.5, -0.809017, -0.309017, 0.0, 0.809017, -0.309017, -0.5, 0.0, 0.309017, -0.5, 0.809017, 0.0, 0.0, 0.0, 0.0, 1.0 ], [ 0.309017, -0.5, 0.809017, 0.0, 0.5, 0.809017, 0.309017, 0.0, -0.809017, 0.309017, 0.5, 0.0, 0.0, 0.0, 0.0, 1.0 ], [ -0.809017, 0.309017, 0.5, 0.0, -0.309017, 0.5, -0.809017, 0.0, -0.5, -0.809017, -0.309017, 0.0, 0.0, 0.0, 0.0, 1.0 ], [ -0.5, -0.809017, 0.309017, 0.0, 0.809017, -0.309017, 0.5, 0.0, -0.309017, 0.5, 0.809017, 0.0, 0.0, 0.0, 0.0, 1.0 ], [ -0.309017, 0.5, 0.809017, 0.0, 0.5, 0.809017, -0.309017, 0.0, -0.809017, 0.309017, -0.5, 0.0, 0.0, 0.0, 0.0, 1.0 ], [ -0.809017, 0.309017, -0.5, 0.0, 0.309017, -0.5, -0.809017, 0.0, -0.5, -0.809017, 0.309017, 0.0, 0.0, 0.0, 0.0, 1.0 ], [ -0.809017, -0.309017, 0.5, 0.0, 0.309017, 0.5, 0.809017, 0.0, -0.5, 0.809017, -0.309017, 0.0, 0.0, 0.0, 0.0, 1.0 ], [ -0.5, 0.809017, -0.309017, 0.0, 0.809017, 0.309017, -0.5, 0.0, -0.309017, -0.5, -0.809017, 0.0, 0.0, 0.0, 0.0, 1.0 ], [ -0.309017, -0.5, -0.809017, 0.0, 0.5, -0.809017, 0.309017, 0.0, -0.809017, -0.309017, 0.5, 0.0, 0.0, 0.0, 0.0, 1.0 ] ],
  "lights" : {
    "backgroundColor" : "#AFC8DC",
    "ambientColor" : "#292929",
    "directionalLights" : [ {
      "direction" : {
        "x" : 1.0,
        "y" : -1.0,
        "z" : -1.0
      },
      "color" : "#EBEBE4"
    }, {
      "direction" : {
        "x" : -1.0,
        "y" : 0.0,
        "z" : 0.0
      },
      "color" : "#E4E4EB"
    }, {
      "direction" : {
        "x" : 0.0,
        "y" : 0.0,
        "z" : -1.0
      },
      "color" : "#1E1E1E"
    } ]
  },
  "camera" : {
    "width" : 135.68994,
    "stereo" : false,
    "viewDistance" : 301.533,
    "nearClipDistance" : 0.7538325,
    "farClipDistance" : 603.06665,
    "fieldOfView" : 0.4426292,
    "perspective" : false,
    "lookAtPoint" : {
      "x" : 0.0,
      "y" : 0.0,
      "z" : 0.0
    },
    "lookDirection" : {
      "x" : -0.81936485,
      "y" : -0.29220605,
      "z" : 0.4932107
    },
    "upDirection" : {
      "x" : -0.2989915,
      "y" : -0.5162365,
      "z" : -0.8025602
    },
    "position" : {
      "x" : 247.06554,
      "y" : 88.109764,
      "z" : -148.7193
    }
  },
  "embedding" : [ 1.0, 0.0, 0.0, 0.0, 0.0, 1.0, 0.0, 0.0, 0.0, 0.0, 1.0, 0.0, 0.0, 0.0, 0.0, 1.0 ],
  "shapes" : [ {
    "id" : "8e10ea45-11c3-454b-951c-a29c1262ca17",
    "vertices" : [ {
      "x" : 11.09017,
      "y" : 0.0,
      "z" : -4.236068
    }, {
      "x" : 10.781153,
      "y" : 0.0,
      "z" : -4.118034
    }, {
      "x" : 10.376644,
      "y" : -0.1545085,
      "z" : -3.677051
    }, {
      "x" : 10.185661,
      "y" : -0.1545085,
      "z" : -4.177051
    }, {
      "x" : 0.9045085,
      "y" : -0.1545085,
      "z" : -0.059016995
    }, {
      "x" : 0.809017,
      "y" : 0.309017,
      "z" : -0.309017
    }, {
      "x" : 0.309017,
      "y" : 0.0,
      "z" : -0.11803399
    }, {
      "x" : 10.281153,
      "y" : 0.309017,
      "z" : -3.927051
    }, {
      "x" : 0.7135255,
      "y" : -0.1545085,
      "z" : -0.559017
    } ],
    "faces" : [ {
      "vertices" : [ 2, 4, 8 ]
    }, {
      "vertices" : [ 2, 8, 3 ]
    }, {
      "vertices" : [ 2, 7, 5 ]
    }, {
      "vertices" : [ 2, 5, 4 ]
    }, {
      "vertices" : [ 4, 6, 8 ]
    }, {
      "vertices" : [ 5, 8, 6 ]
    }, {
      "vertices" : [ 1, 2, 3 ]
    }, {
      "vertices" : [ 3, 8, 5 ]
    }, {
      "vertices" : [ 3, 5, 7 ]
    }, {
      "vertices" : [ 1, 7, 2 ]
    }, {
      "vertices" : [ 1, 3, 7 ]
    }, {
      "vertices" : [ 4, 5, 6 ]
    } ]
  }, {
    "id" : "f19f4151-4e35-4f33-bada-05cd22b83deb",
    "vertices" : [ {
      "x" : -0.309017,
      "y" : -0.19098301,
      "z" : 0.0
    }, {
      "x" : -0.309017,
      "y" : 0.19098301,
      "z" : 0.0
    }, {
      "x" : -0.19098301,
      "y" : 0.0,
      "z" : -0.309017
    }, {
      "x" : -0.19098301,
      "y" : 0.0,
      "z" : 0.309017
    }, {
      "x" : 0.0,
      "y" : -0.309017,
      "z" : -0.19098301
    }, {
      "x" : 0.0,
      "y" : -0.309017,
      "z" : 0.19098301
    }, {
      "x" : 0.0,
      "y" : 0.309017,
      "z" : -0.19098301
    }, {
      "x" : 0.0,
      "y" : 0.309017,
      "z" : 0.19098301
    }, {
      "x" : 0.19098301,
      "y" : 0.0,
      "z" : -0.309017
    }, {
      "x" : 0.19098301,
      "y" : 0.0,
      "z" : 0.309017
    }, {
      "x" : 0.309017,
      "y" : -0.19098301,
      "z" : 0.0
    }, {
      "x" : 0.309017,
      "y" : 0.19098301,
      "z" : 0.0
    } ],
    "faces" : [ {
      "vertices" : [ 0, 1, 2 ]
    }, {
      "vertices" : [ 0, 3, 1 ]
    }, {
      "vertices" : [ 0, 2, 4 ]
    }, {
      "vertices" : [ 0, 5, 3 ]
    }, {
      "vertices" : [ 0, 4, 5 ]
    }, {
      "vertices" : [ 1, 6, 2 ]
    }, {
      "vertices" : [ 1, 3, 7 ]
    }, {
      "vertices" : [ 1, 7, 6 ]
    }, {
      "vertices" : [ 2, 8, 4 ]
    }, {
      "vertices" : [ 2, 6, 8 ]
    }, {
      "vertices" : [ 3, 5, 9 ]
    }, {
      "vertices" : [ 3, 9, 7 ]
    }, {
      "vertices" : [ 4, 10, 5 ]
    }, {
      "vertices" : [ 4, 8, 10 ]
    }, {
      "vertices" : [ 5, 10, 9 ]
    }, {
      "vertices" : [ 6, 7, 11 ]
    }, {
      "vertices" : [ 6, 11, 8 ]
    }, {
      "vertices" : [ 7, 9, 11 ]
    }, {
      "vertices" : [ 8, 11, 10 ]
    }, {
      "vertices" : [ 9, 10, 11 ]
    } ]
  }, {
    "id" : "8825a985-a33c-4744-9f7e-6c6de34dd78f",
    "vertices" : [ {
      "x" : 4.236068,
      "y" : 0.0,
      "z" : -1.618034
    }, {
      "x" : 3.927051,
      "y" : 0.0,
      "z" : -1.5
    }, {
      "x" : 3.5225425,
      "y" : -0.1545085,
      "z" : -1.059017
    }, {
      "x" : 3.3315594,
      "y" : -0.1545085,
      "z" : -1.559017
    }, {
      "x" : 0.9045085,
      "y" : -0.1545085,
      "z" : -0.059016995
    }, {
      "x" : 0.809017,
      "y" : 0.309017,
      "z" : -0.309017
    }, {
      "x" : 0.309017,
      "y" : 0.0,
      "z" : -0.11803399
    }, {
      "x" : 3.427051,
      "y" : 0.309017,
      "z" : -1.309017
    }, {
      "x" : 0.7135255,
      "y" : -0.1545085,
      "z" : -0.559017
    } ],
    "faces" : [ {
      "vertices" : [ 2, 4, 8 ]
    }, {
      "vertices" : [ 2, 8, 3 ]
    }, {
      "vertices" : [ 2, 7, 5 ]
    }, {
      "vertices" : [ 2, 5, 4 ]
    }, {
      "vertices" : [ 4, 6, 8 ]
    }, {
      "vertices" : [ 5, 8, 6 ]
    }, {
      "vertices" : [ 1, 2, 3 ]
    }, {
      "vertices" : [ 3, 8, 5 ]
    }, {
      "vertices" : [ 3, 5, 7 ]
    }, {
      "vertices" : [ 1, 7, 2 ]
    }, {
      "vertices" : [ 1, 3, 7 ]
    }, {
      "vertices" : [ 4, 5, 6 ]
    } ]
  }, {
    "id" : "530cd277-75a9-416a-82ee-d715e4cb45c7",
    "vertices" : [ {
      "x" : 17.944271,
      "y" : 11.09017,
      "z" : 22.18034
    }, {
      "x" : 17.944271,
      "y" : 13.708204,
      "z" : 15.326238
    }, {
      "x" : 24.798374,
      "y" : 6.854102,
      "z" : 8.472136
    }, {
      "x" : 24.798374,
      "y" : 4.236068,
      "z" : 15.326238
    } ],
    "faces" : [ {
      "vertices" : [ 0, 1, 2 ]
    }, {
      "vertices" : [ 0, 2, 3 ]
    }, {
      "vertices" : [ 0, 3, 2 ]
    }, {
      "vertices" : [ 0, 2, 1 ]
    } ]
  }, {
    "id" : "47f3c0ce-5678-4766-8b58-25c520d3bb49",
    "vertices" : [ {
      "x" : 26.416409,
      "y" : -4.236068,
      "z" : 4.236068
    }, {
      "x" : 22.18034,
      "y" : 0.0,
      "z" : 8.472136
    }, {
      "x" : 17.944271,
      "y" : 0.0,
      "z" : 6.854102
    }, {
      "x" : 22.18034,
      "y" : -4.236068,
      "z" : 2.618034
    } ],
    "faces" : [ {
      "vertices" : [ 0, 1, 2 ]
    }, {
      "vertices" : [ 0, 2, 3 ]
    }, {
      "vertices" : [ 0, 3, 2 ]
    }, {
      "vertices" : [ 0, 2, 1 ]
    } ]
  }, {
    "id" : "cb06ca74-40ea-4517-8ca8-cd42ff540db6",
    "vertices" : [ {
      "x" : 6.854102,
      "y" : 6.854102,
      "z" : 29.034441
    }, {
      "x" : 2.618034,
      "y" : -4.236068,
      "z" : 29.034441
    }, {
      "x" : -4.236068,
      "y" : -4.236068,
      "z" : 26.416409
    }, {
      "x" : 0.0,
      "y" : 6.854102,
      "z" : 26.416409
    } ],
    "faces" : [ {
      "vertices" : [ 0, 1, 2 ]
    }, {
      "vertices" : [ 0, 2, 3 ]
    }, {
      "vertices" : [ 0, 3, 2 ]
    }, {
      "vertices" : [ 0, 2, 1 ]
    } ]
  }, {
    "id" : "466b1cf5-c34f-466a-bdac-988299b897e3",
    "vertices" : [ {
      "x" : 6.854102,
      "y" : 0.0,
      "z" : -2.618034
    }, {
      "x" : 6.545085,
      "y" : 0.0,
      "z" : -2.5
    }, {
      "x" : 6.1405764,
      "y" : -0.1545085,
      "z" : -2.059017
    }, {
      "x" : 5.9495935,
      "y" : -0.1545085,
      "z" : -2.559017
    }, {
      "x" : 0.9045085,
      "y" : -0.1545085,
      "z" : -0.059016995
    }, {
      "x" : 0.809017,
      "y" : 0.309017,
      "z" : -0.309017
    }, {
      "x" : 0.309017,
      "y" : 0.0,
      "z" : -0.11803399
    }, {
      "x" : 6.045085,
      "y" : 0.309017,
      "z" : -2.309017
    }, {
      "x" : 0.7135255,
      "y" : -0.1545085,
      "z" : -0.559017
    } ],
    "faces" : [ {
      "vertices" : [ 2, 4, 8 ]
    }, {
      "vertices" : [ 2, 8, 3 ]
    }, {
      "vertices" : [ 2, 7, 5 ]
    }, {
      "vertices" : [ 2, 5, 4 ]
    }, {
      "vertices" : [ 4, 6, 8 ]
    }, {
      "vertices" : [ 5, 8, 6 ]
    }, {
      "vertices" : [ 1, 2, 3 ]
    }, {
      "vertices" : [ 3, 8, 5 ]
    }, {
      "vertices" : [ 3, 5, 7 ]
    }, {
      "vertices" : [ 1, 7, 2 ]
    }, {
      "vertices" : [ 1, 3, 7 ]
    }, {
      "vertices" : [ 4, 5, 6 ]
    } ]
  }, {
    "id" : "6cab21e9-687f-44d7-8783-55930164d93c",
    "vertices" : [ {
      "x" : 9.472136,
      "y" : 17.944271,
      "z" : 17.944271
    }, {
      "x" : 9.472136,
      "y" : 15.326238,
      "z" : 24.798374
    }, {
      "x" : 13.708204,
      "y" : 11.09017,
      "z" : 20.562305
    }, {
      "x" : 13.708204,
      "y" : 13.708204,
      "z" : 13.708204
    } ],
    "faces" : [ {
      "vertices" : [ 0, 1, 2 ]
    }, {
      "vertices" : [ 0, 2, 3 ]
    }, {
      "vertices" : [ 0, 3, 2 ]
    }, {
      "vertices" : [ 0, 2, 1 ]
    } ]
  }, {
    "id" : "314396e3-6b66-4138-9c9f-6853a26b0309",
    "vertices" : [ {
      "x" : 0.0,
      "y" : 8.472136,
      "z" : 22.18034
    }, {
      "x" : -4.236068,
      "y" : -2.618034,
      "z" : 22.18034
    }, {
      "x" : -15.326238,
      "y" : -2.618034,
      "z" : 17.944271
    }, {
      "x" : -11.09017,
      "y" : 8.472136,
      "z" : 17.944271
    } ],
    "faces" : [ {
      "vertices" : [ 0, 1, 2 ]
    }, {
      "vertices" : [ 0, 2, 3 ]
    }, {
      "vertices" : [ 0, 3, 2 ]
    }, {
      "vertices" : [ 0, 2, 1 ]
    } ]
  }, {
    "id" : "21126468-70c0-4fc5-9816-b9f80309fde3",
    "vertices" : [ {
      "x" : -17.944271,
      "y" : 20.562305,
      "z" : 11.09017
    }, {
      "x" : -20.562305,
      "y" : 13.708204,
      "z" : 11.09017
    }, {
      "x" : -13.708204,
      "y" : 13.708204,
      "z" : 13.708204
    }, {
      "x" : -11.09017,
      "y" : 20.562305,
      "z" : 13.708204
    } ],
    "faces" : [ {
      "vertices" : [ 0, 1, 2 ]
    }, {
      "vertices" : [ 0, 2, 3 ]
    }, {
      "vertices" : [ 0, 3, 2 ]
    }, {
      "vertices" : [ 0, 2, 1 ]
    } ]
  }, {
    "id" : "39ac794e-87c5-45ce-b649-7155c41d26f0",
    "vertices" : [ {
      "x" : -17.944271,
      "y" : 15.326238,
      "z" : -19.562305
    }, {
      "x" : -22.18034,
      "y" : 4.236068,
      "z" : -19.562305
    }, {
      "x" : -15.326238,
      "y" : -2.618034,
      "z" : -26.416409
    }, {
      "x" : -11.09017,
      "y" : 8.472136,
      "z" : -26.416409
    } ],
    "faces" : [ {
      "vertices" : [ 0, 1, 2 ]
    }, {
      "vertices" : [ 0, 2, 3 ]
    }, {
      "vertices" : [ 0, 3, 2 ]
    }, {
      "vertices" : [ 0, 2, 1 ]
    } ]
  }, {
    "id" : "7b4a6a78-9fee-40e7-a40e-839a1fbabd77",
    "vertices" : [ {
      "x" : -13.708204,
      "y" : 15.326238,
      "z" : -17.944271
    }, {
      "x" : -17.944271,
      "y" : 15.326238,
      "z" : -19.562305
    }, {
      "x" : -11.09017,
      "y" : 8.472136,
      "z" : -26.416409
    }, {
      "x" : -6.854102,
      "y" : 8.472136,
      "z" : -24.798374
    } ],
    "faces" : [ {
      "vertices" : [ 0, 1, 2 ]
    }, {
      "vertices" : [ 0, 2, 3 ]
    }, {
      "vertices" : [ 0, 3, 2 ]
    }, {
      "vertices" : [ 0, 2, 1 ]
    } ]
  }, {
    "id" : "3df5c119-16b8-4c1f-8080-e2d93559c545",
    "vertices" : [ {
      "x" : -22.18034,
      "y" : -2.618034,
      "z" : 15.326238
    }, {
      "x" : -24.798374,
      "y" : -9.472136,
      "z" : 15.326238
    }, {
      "x" : -17.944271,
      "y" : -9.472136,
      "z" : 17.944271
    }, {
      "x" : -15.326238,
      "y" : -2.618034,
      "z" : 17.944271
    } ],
    "faces" : [ {
      "vertices" : [ 0, 1, 2 ]
    }, {
      "vertices" : [ 0, 2, 3 ]
    }, {
      "vertices" : [ 0, 3, 2 ]
    }, {
      "vertices" : [ 0, 2, 1 ]
    } ]
  }, {
    "id" : "90797ce2-7fc4-42ed-b62e-bf19cc3addac",
    "vertices" : [ {
      "x" : -20.562305,
      "y" : 17.944271,
      "z" : 0.0
    }, {
      "x" : -20.562305,
      "y" : 13.708204,
      "z" : 11.09017
    }, {
      "x" : -24.798374,
      "y" : 13.708204,
      "z" : 9.472136
    }, {
      "x" : -24.798374,
      "y" : 17.944271,
      "z" : -1.618034
    } ],
    "faces" : [ {
      "vertices" : [ 0, 1, 2 ]
    }, {
      "vertices" : [ 0, 2, 3 ]
    }, {
      "vertices" : [ 0, 3, 2 ]
    }, {
      "vertices" : [ 0, 2, 1 ]
    } ]
  }, {
    "id" : "4374076b-2c25-4607-bd67-a8b027c13b81",
    "vertices" : [ {
      "x" : 22.18034,
      "y" : 0.0,
      "z" : -8.472136
    }, {
      "x" : 17.944271,
      "y" : 4.236068,
      "z" : -4.236068
    }, {
      "x" : 17.944271,
      "y" : 0.0,
      "z" : 6.854102
    }, {
      "x" : 22.18034,
      "y" : -4.236068,
      "z" : 2.618034
    } ],
    "faces" : [ {
      "vertices" : [ 0, 1, 2 ]
    }, {
      "vertices" : [ 0, 2, 3 ]
    }, {
      "vertices" : [ 0, 3, 2 ]
    }, {
      "vertices" : [ 0, 2, 1 ]
    } ]
  }, {
    "id" : "badbec38-dd66-42d3-8510-6e9da6edc26d",
    "vertices" : [ {
      "x" : -4.236068,
      "y" : 22.18034,
      "z" : -15.326238
    }, {
      "x" : -4.236068,
      "y" : 20.562305,
      "z" : -11.09017
    }, {
      "x" : 2.618034,
      "y" : 13.708204,
      "z" : -17.944271
    }, {
      "x" : 2.618034,
      "y" : 15.326238,
      "z" : -22.18034
    } ],
    "faces" : [ {
      "vertices" : [ 0, 1, 2 ]
    }, {
      "vertices" : [ 0, 2, 3 ]
    }, {
      "vertices" : [ 0, 3, 2 ]
    }, {
      "vertices" : [ 0, 2, 1 ]
    } ]
  }, {
    "id" : "45972da7-320e-4b1b-a713-5eb245d5fc8e",
    "vertices" : [ {
      "x" : 51.214783,
      "y" : 2.618034,
      "z" : 12.708204
    }, {
      "x" : 46.978714,
      "y" : 2.618034,
      "z" : 11.09017
    }, {
      "x" : 44.36068,
      "y" : -4.236068,
      "z" : 11.09017
    }, {
      "x" : 48.59675,
      "y" : -4.236068,
      "z" : 12.708204
    } ],
    "faces" : [ {
      "vertices" : [ 0, 1, 2 ]
    }, {
      "vertices" : [ 0, 2, 3 ]
    }, {
      "vertices" : [ 0, 3, 2 ]
    }, {
      "vertices" : [ 0, 2, 1 ]
    } ]
  }, {
    "id" : "5db07dec-01e3-445d-a0bd-1b4739ceca3a",
    "vertices" : [ {
      "x" : -15.326238,
      "y" : -24.798374,
      "z" : 4.236068
    }, {
      "x" : -8.472136,
      "y" : -24.798374,
      "z" : 6.854102
    }, {
      "x" : -8.472136,
      "y" : -22.18034,
      "z" : 0.0
    }, {
      "x" : -15.326238,
      "y" : -22.18034,
      "z" : -2.618034
    } ],
    "faces" : [ {
      "vertices" : [ 0, 1, 2 ]
    }, {
      "vertices" : [ 0, 2, 3 ]
    }, {
      "vertices" : [ 0, 3, 2 ]
    }, {
      "vertices" : [ 0, 2, 1 ]
    } ]
  }, {
    "id" : "0a6906b0-a1f5-4dec-98a0-56df700f95fa",
    "vertices" : [ {
      "x" : -17.944271,
      "y" : -11.09017,
      "z" : -22.18034
    }, {
      "x" : -13.708204,
      "y" : -11.09017,
      "z" : -20.562305
    }, {
      "x" : -11.09017,
      "y" : -4.236068,
      "z" : -20.562305
    }, {
      "x" : -15.326238,
      "y" : -4.236068,
      "z" : -22.18034
    } ],
    "faces" : [ {
      "vertices" : [ 0, 1, 2 ]
    }, {
      "vertices" : [ 0, 2, 3 ]
    }, {
      "vertices" : [ 0, 3, 2 ]
    }, {
      "vertices" : [ 0, 2, 1 ]
    } ]
  }, {
    "id" : "21187ce4-aead-4dba-ae29-42e60e773b5c",
    "vertices" : [ {
      "x" : 11.09017,
      "y" : -20.562305,
      "z" : -13.708204
    }, {
      "x" : 13.708204,
      "y" : -13.708204,
      "z" : -13.708204
    }, {
      "x" : 11.09017,
      "y" : -11.09017,
      "z" : -11.09017
    }, {
      "x" : 8.472136,
      "y" : -17.944271,
      "z" : -11.09017
    } ],
    "faces" : [ {
      "vertices" : [ 0, 1, 2 ]
    }, {
      "vertices" : [ 0, 2, 3 ]
    }, {
      "vertices" : [ 0, 3, 2 ]
    }, {
      "vertices" : [ 0, 2, 1 ]
    } ]
  }, {
    "id" : "d59f97c5-bff4-408f-b149-45294a75a216",
    "vertices" : [ {
      "x" : 13.708204,
      "y" : 11.09017,
      "z" : 20.562305
    }, {
      "x" : 13.708204,
      "y" : 13.708204,
      "z" : 13.708204
    }, {
      "x" : 11.09017,
      "y" : 6.854102,
      "z" : 13.708204
    }, {
      "x" : 11.09017,
      "y" : 4.236068,
      "z" : 20.562305
    } ],
    "faces" : [ {
      "vertices" : [ 0, 1, 2 ]
    }, {
      "vertices" : [ 0, 2, 3 ]
    }, {
      "vertices" : [ 0, 3, 2 ]
    }, {
      "vertices" : [ 0, 2, 1 ]
    } ]
  }, {
    "id" : "85133eac-9984-4d4c-b9da-30ea9aa63ace",
    "vertices" : [ {
      "x" : 29.034441,
      "y" : 2.618034,
      "z" : 4.236068
    }, {
      "x" : 26.416409,
      "y" : -4.236068,
      "z" : 4.236068
    }, {
      "x" : 22.18034,
      "y" : 0.0,
      "z" : 8.472136
    }, {
      "x" : 24.798374,
      "y" : 6.854102,
      "z" : 8.472136
    } ],
    "faces" : [ {
      "vertices" : [ 0, 1, 2 ]
    }, {
      "vertices" : [ 0, 2, 3 ]
    }, {
      "vertices" : [ 0, 3, 2 ]
    }, {
      "vertices" : [ 0, 2, 1 ]
    } ]
  }, {
    "id" : "7d354626-cb0a-4558-86e4-206a6142a2c9",
    "vertices" : [ {
      "x" : 11.09017,
      "y" : -24.798374,
      "z" : -2.618034
    }, {
      "x" : 11.09017,
      "y" : -20.562305,
      "z" : -13.708204
    }, {
      "x" : 8.472136,
      "y" : -17.944271,
      "z" : -11.09017
    }, {
      "x" : 8.472136,
      "y" : -22.18034,
      "z" : 0.0
    } ],
    "faces" : [ {
      "vertices" : [ 0, 1, 2 ]
    }, {
      "vertices" : [ 0, 2, 3 ]
    }, {
      "vertices" : [ 0, 3, 2 ]
    }, {
      "vertices" : [ 0, 2, 1 ]
    } ]
  }, {
    "id" : "c0f9f9dd-9682-4759-9012-39b4db86204c",
    "vertices" : [ {
      "x" : -20.562305,
      "y" : -11.09017,
      "z" : 4.236068
    }, {
      "x" : -13.708204,
      "y" : -17.944271,
      "z" : -2.618034
    }, {
      "x" : -6.854102,
      "y" : -17.944271,
      "z" : 0.0
    }, {
      "x" : -13.708204,
      "y" : -11.09017,
      "z" : 6.854102
    } ],
    "faces" : [ {
      "vertices" : [ 0, 1, 2 ]
    }, {
      "vertices" : [ 0, 2, 3 ]
    }, {
      "vertices" : [ 0, 3, 2 ]
    }, {
      "vertices" : [ 0, 2, 1 ]
    } ]
  }, {
    "id" : "bf2a87bd-7c0c-48d9-a80e-33d2cc1a1a51",
    "vertices" : [ {
      "x" : 8.472136,
      "y" : -22.18034,
      "z" : 0.0
    }, {
      "x" : 11.09017,
      "y" : -15.326238,
      "z" : 0.0
    }, {
      "x" : 6.854102,
      "y" : -11.09017,
      "z" : 4.236068
    }, {
      "x" : 4.236068,
      "y" : -17.944271,
      "z" : 4.236068
    } ],
    "faces" : [ {
      "vertices" : [ 0, 1, 2 ]
    }, {
      "vertices" : [ 0, 2, 3 ]
    }, {
      "vertices" : [ 0, 3, 2 ]
    }, {
      "vertices" : [ 0, 2, 1 ]
    } ]
  }, {
    "id" : "e27a17b2-de8a-4ea5-b5d8-ab505a96f79b",
    "vertices" : [ {
      "x" : 11.09017,
      "y" : 4.236068,
      "z" : 20.562305
    }, {
      "x" : 11.09017,
      "y" : 6.854102,
      "z" : 13.708204
    }, {
      "x" : 17.944271,
      "y" : 0.0,
      "z" : 6.854102
    }, {
      "x" : 17.944271,
      "y" : -2.618034,
      "z" : 13.708204
    } ],
    "faces" : [ {
      "vertices" : [ 0, 1, 2 ]
    }, {
      "vertices" : [ 0, 2, 3 ]
    }, {
      "vertices" : [ 0, 3, 2 ]
    }, {
      "vertices" : [ 0, 2, 1 ]
    } ]
  }, {
    "id" : "be45a470-0559-4944-a7ce-3a2979dad949",
    "vertices" : [ {
      "x" : 4.236068,
      "y" : -20.562305,
      "z" : 11.09017
    }, {
      "x" : -6.854102,
      "y" : -20.562305,
      "z" : 6.854102
    }, {
      "x" : -13.708204,
      "y" : -13.708204,
      "z" : 13.708204
    }, {
      "x" : -2.618034,
      "y" : -13.708204,
      "z" : 17.944271
    } ],
    "faces" : [ {
      "vertices" : [ 0, 1, 2 ]
    }, {
      "vertices" : [ 0, 2, 3 ]
    }, {
      "vertices" : [ 0, 3, 2 ]
    }, {
      "vertices" : [ 0, 2, 1 ]
    } ]
  }, {
    "id" : "9d399c01-1b77-497e-8476-629ba828fed3",
    "vertices" : [ {
      "x" : -15.326238,
      "y" : -2.618034,
      "z" : 17.944271
    }, {
      "x" : -17.944271,
      "y" : -9.472136,
      "z" : 17.944271
    }, {
      "x" : -13.708204,
      "y" : -13.708204,
      "z" : 13.708204
    }, {
      "x" : -11.09017,
      "y" : -6.854102,
      "z" : 13.708204
    } ],
    "faces" : [ {
      "vertices" : [ 0, 1, 2 ]
    }, {
      "vertices" : [ 0, 2, 3 ]
    }, {
      "vertices" : [ 0, 3, 2 ]
    }, {
      "vertices" : [ 0, 2, 1 ]
    } ]
  }, {
    "id" : "ce9eb45d-2b4b-47af-b3fd-f5cfa90d8641",
    "vertices" : [ {
      "x" : -6.854102,
      "y" : -6.854102,
      "z" : -29.034441
    }, {
      "x" : -11.09017,
      "y" : -2.618034,
      "z" : -24.798374
    }, {
      "x" : -11.09017,
      "y" : -4.236068,
      "z" : -20.562305
    }, {
      "x" : -6.854102,
      "y" : -8.472136,
      "z" : -24.798374
    } ],
    "faces" : [ {
      "vertices" : [ 0, 1, 2 ]
    }, {
      "vertices" : [ 0, 2, 3 ]
    }, {
      "vertices" : [ 0, 3, 2 ]
    }, {
      "vertices" : [ 0, 2, 1 ]
    } ]
  }, {
    "id" : "2b56831c-06b4-4207-83d5-518bf9f2a86d",
    "vertices" : [ {
      "x" : 22.18034,
      "y" : 17.944271,
      "z" : -11.09017
    }, {
      "x" : 20.562305,
      "y" : 13.708204,
      "z" : -11.09017
    }, {
      "x" : 13.708204,
      "y" : 13.708204,
      "z" : -13.708204
    }, {
      "x" : 15.326238,
      "y" : 17.944271,
      "z" : -13.708204
    } ],
    "faces" : [ {
      "vertices" : [ 0, 1, 2 ]
    }, {
      "vertices" : [ 0, 2, 3 ]
    }, {
      "vertices" : [ 0, 3, 2 ]
    }, {
      "vertices" : [ 0, 2, 1 ]
    } ]
  }, {
    "id" : "0623af4e-88a6-4950-b81a-a5984a32d473",
    "vertices" : [ {
      "x" : 20.562305,
      "y" : -17.944271,
      "z" : 0.0
    }, {
      "x" : 20.562305,
      "y" : -13.708204,
      "z" : -11.09017
    }, {
      "x" : 24.798374,
      "y" : -13.708204,
      "z" : -9.472136
    }, {
      "x" : 24.798374,
      "y" : -17.944271,
      "z" : 1.618034
    } ],
    "faces" : [ {
      "vertices" : [ 0, 1, 2 ]
    }, {
      "vertices" : [ 0, 2, 3 ]
    }, {
      "vertices" : [ 0, 3, 2 ]
    }, {
      "vertices" : [ 0, 2, 1 ]
    } ]
  }, {
    "id" : "73ee47b7-2bd5-4fef-929e-82cbf86238d7",
    "vertices" : [ {
      "x" : -26.416409,
      "y" : -15.326238,
      "z" : 2.618034
    }, {
      "x" : -22.18034,
      "y" : -15.326238,
      "z" : 4.236068
    }, {
      "x" : -20.562305,
      "y" : -11.09017,
      "z" : 4.236068
    }, {
      "x" : -24.798374,
      "y" : -11.09017,
      "z" : 2.618034
    } ],
    "faces" : [ {
      "vertices" : [ 0, 1, 2 ]
    }, {
      "vertices" : [ 0, 2, 3 ]
    }, {
      "vertices" : [ 0, 3, 2 ]
    }, {
      "vertices" : [ 0, 2, 1 ]
    } ]
  }, {
    "id" : "a1da1824-0854-48da-a385-8cd649633fcd",
    "vertices" : [ {
      "x" : 13.708204,
      "y" : -13.708204,
      "z" : 13.708204
    }, {
      "x" : 6.854102,
      "y" : -13.708204,
      "z" : 11.09017
    }, {
      "x" : 6.854102,
      "y" : -11.09017,
      "z" : 4.236068
    }, {
      "x" : 13.708204,
      "y" : -11.09017,
      "z" : 6.854102
    } ],
    "faces" : [ {
      "vertices" : [ 0, 1, 2 ]
    }, {
      "vertices" : [ 0, 2, 3 ]
    }, {
      "vertices" : [ 0, 3, 2 ]
    }, {
      "vertices" : [ 0, 2, 1 ]
    } ]
  }, {
    "id" : "05c347d7-fdbf-4d05-a346-a28251ab739d",
    "vertices" : [ {
      "x" : 0.0,
      "y" : 17.944271,
      "z" : 24.798374
    }, {
      "x" : 2.618034,
      "y" : 15.326238,
      "z" : 22.18034
    }, {
      "x" : 0.0,
      "y" : 8.472136,
      "z" : 22.18034
    }, {
      "x" : -2.618034,
      "y" : 11.09017,
      "z" : 24.798374
    } ],
    "faces" : [ {
      "vertices" : [ 0, 1, 2 ]
    }, {
      "vertices" : [ 0, 2, 3 ]
    }, {
      "vertices" : [ 0, 3, 2 ]
    }, {
      "vertices" : [ 0, 2, 1 ]
    } ]
  }, {
    "id" : "4fdb219f-215c-4792-a24e-6253cd06af5d",
    "vertices" : [ {
      "x" : 2.618034,
      "y" : 17.944271,
      "z" : 15.326238
    }, {
      "x" : -8.472136,
      "y" : 17.944271,
      "z" : 11.09017
    }, {
      "x" : -11.09017,
      "y" : 11.09017,
      "z" : 11.09017
    }, {
      "x" : 0.0,
      "y" : 11.09017,
      "z" : 15.326238
    } ],
    "faces" : [ {
      "vertices" : [ 0, 1, 2 ]
    }, {
      "vertices" : [ 0, 2, 3 ]
    }, {
      "vertices" : [ 0, 3, 2 ]
    }, {
      "vertices" : [ 0, 2, 1 ]
    } ]
  }, {
    "id" : "355d3790-e1f6-4fdf-90de-447ed30902ad",
    "vertices" : [ {
      "x" : -22.18034,
      "y" : 2.618034,
      "z" : -15.326238
    }, {
      "x" : -17.944271,
      "y" : 2.618034,
      "z" : -13.708204
    }, {
      "x" : -17.944271,
      "y" : 0.0,
      "z" : -6.854102
    }, {
      "x" : -22.18034,
      "y" : 0.0,
      "z" : -8.472136
    } ],
    "faces" : [ {
      "vertices" : [ 0, 1, 2 ]
    }, {
      "vertices" : [ 0, 2, 3 ]
    }, {
      "vertices" : [ 0, 3, 2 ]
    }, {
      "vertices" : [ 0, 2, 1 ]
    } ]
  }, {
    "id" : "4270917b-a410-4f49-9046-642a5b03c6e7",
    "vertices" : [ {
      "x" : -20.562305,
      "y" : 13.708204,
      "z" : 11.09017
    }, {
      "x" : -24.798374,
      "y" : 2.618034,
      "z" : 11.09017
    }, {
      "x" : -29.034441,
      "y" : 2.618034,
      "z" : 9.472136
    }, {
      "x" : -24.798374,
      "y" : 13.708204,
      "z" : 9.472136
    } ],
    "faces" : [ {
      "vertices" : [ 0, 1, 2 ]
    }, {
      "vertices" : [ 0, 2, 3 ]
    }, {
      "vertices" : [ 0, 3, 2 ]
    }, {
      "vertices" : [ 0, 2, 1 ]
    } ]
  }, {
    "id" : "a982134c-a0eb-4ff8-a59d-eeb295ecabb4",
    "vertices" : [ {
      "x" : 24.798374,
      "y" : 0.0,
      "z" : -17.944271
    }, {
      "x" : 22.18034,
      "y" : 2.618034,
      "z" : -15.326238
    }, {
      "x" : 15.326238,
      "y" : 2.618034,
      "z" : -17.944271
    }, {
      "x" : 17.944271,
      "y" : 0.0,
      "z" : -20.562305
    } ],
    "faces" : [ {
      "vertices" : [ 0, 1, 2 ]
    }, {
      "vertices" : [ 0, 2, 3 ]
    }, {
      "vertices" : [ 0, 3, 2 ]
    }, {
      "vertices" : [ 0, 2, 1 ]
    } ]
  }, {
    "id" : "68292ce4-eaa9-465a-8aa9-bdd8573fd3fe",
    "vertices" : [ {
      "x" : 0.0,
      "y" : -8.472136,
      "z" : -22.18034
    }, {
      "x" : 11.09017,
      "y" : -8.472136,
      "z" : -17.944271
    }, {
      "x" : 15.326238,
      "y" : 2.618034,
      "z" : -17.944271
    }, {
      "x" : 4.236068,
      "y" : 2.618034,
      "z" : -22.18034
    } ],
    "faces" : [ {
      "vertices" : [ 0, 1, 2 ]
    }, {
      "vertices" : [ 0, 2, 3 ]
    }, {
      "vertices" : [ 0, 3, 2 ]
    }, {
      "vertices" : [ 0, 2, 1 ]
    } ]
  }, {
    "id" : "99aa12ef-6d2e-4fa0-9013-baf8cd9faead",
    "vertices" : [ {
      "x" : 41.742645,
      "y" : -29.034441,
      "z" : 13.708204
    }, {
      "x" : 37.506577,
      "y" : -29.034441,
      "z" : 12.09017
    }, {
      "x" : 33.27051,
      "y" : -40.12461,
      "z" : 12.09017
    }, {
      "x" : 37.506577,
      "y" : -40.12461,
      "z" : 13.708204
    } ],
    "faces" : [ {
      "vertices" : [ 0, 1, 2 ]
    }, {
      "vertices" : [ 0, 2, 3 ]
    }, {
      "vertices" : [ 0, 3, 2 ]
    }, {
      "vertices" : [ 0, 2, 1 ]
    } ]
  }, {
    "id" : "2d9691f3-a548-4934-925c-8776ab373242",
    "vertices" : [ {
      "x" : -22.18034,
      "y" : 2.618034,
      "z" : -15.326238
    }, {
      "x" : -15.326238,
      "y" : -4.236068,
      "z" : -22.18034
    }, {
      "x" : -15.326238,
      "y" : -2.618034,
      "z" : -26.416409
    }, {
      "x" : -22.18034,
      "y" : 4.236068,
      "z" : -19.562305
    } ],
    "faces" : [ {
      "vertices" : [ 0, 1, 2 ]
    }, {
      "vertices" : [ 0, 2, 3 ]
    }, {
      "vertices" : [ 0, 3, 2 ]
    }, {
      "vertices" : [ 0, 2, 1 ]
    } ]
  }, {
    "id" : "bace5ef8-6a71-45ca-9122-83cccf06ff55",
    "vertices" : [ {
      "x" : 13.708204,
      "y" : -9.472136,
      "z" : -24.798374
    }, {
      "x" : 17.944271,
      "y" : 1.618034,
      "z" : -24.798374
    }, {
      "x" : 17.944271,
      "y" : 0.0,
      "z" : -20.562305
    }, {
      "x" : 13.708204,
      "y" : -11.09017,
      "z" : -20.562305
    } ],
    "faces" : [ {
      "vertices" : [ 0, 1, 2 ]
    }, {
      "vertices" : [ 0, 2, 3 ]
    }, {
      "vertices" : [ 0, 3, 2 ]
    }, {
      "vertices" : [ 0, 2, 1 ]
    } ]
  }, {
    "id" : "57a8ea26-b4ee-41fa-907d-e094f489a3c5",
    "vertices" : [ {
      "x" : -9.472136,
      "y" : 29.034441,
      "z" : 2.618034
    }, {
      "x" : 1.618034,
      "y" : 29.034441,
      "z" : 6.854102
    }, {
      "x" : 1.618034,
      "y" : 24.798374,
      "z" : 17.944271
    }, {
      "x" : -9.472136,
      "y" : 24.798374,
      "z" : 13.708204
    } ],
    "faces" : [ {
      "vertices" : [ 0, 1, 2 ]
    }, {
      "vertices" : [ 0, 2, 3 ]
    }, {
      "vertices" : [ 0, 3, 2 ]
    }, {
      "vertices" : [ 0, 2, 1 ]
    } ]
  }, {
    "id" : "c9b06d03-2038-4875-b8fa-8d8ea3db336f",
    "vertices" : [ {
      "x" : 24.798374,
      "y" : 4.236068,
      "z" : 15.326238
    }, {
      "x" : 24.798374,
      "y" : 6.854102,
      "z" : 8.472136
    }, {
      "x" : 22.18034,
      "y" : 0.0,
      "z" : 8.472136
    }, {
      "x" : 22.18034,
      "y" : -2.618034,
      "z" : 15.326238
    } ],
    "faces" : [ {
      "vertices" : [ 0, 1, 2 ]
    }, {
      "vertices" : [ 0, 2, 3 ]
    }, {
      "vertices" : [ 0, 3, 2 ]
    }, {
      "vertices" : [ 0, 2, 1 ]
    } ]
  }, {
    "id" : "ca29e125-ce73-4cf3-9641-536026057ac0",
    "vertices" : [ {
      "x" : -9.472136,
      "y" : -17.944271,
      "z" : -17.944271
    }, {
      "x" : -13.708204,
      "y" : -13.708204,
      "z" : -13.708204
    }, {
      "x" : -6.854102,
      "y" : -13.708204,
      "z" : -11.09017
    }, {
      "x" : -2.618034,
      "y" : -17.944271,
      "z" : -15.326238
    } ],
    "faces" : [ {
      "vertices" : [ 0, 1, 2 ]
    }, {
      "vertices" : [ 0, 2, 3 ]
    }, {
      "vertices" : [ 0, 3, 2 ]
    }, {
      "vertices" : [ 0, 2, 1 ]
    } ]
  }, {
    "id" : "1828aefe-6a1f-4adc-a7ac-892ee201f23b",
    "vertices" : [ {
      "x" : -22.18034,
      "y" : 4.236068,
      "z" : -2.618034
    }, {
      "x" : -26.416409,
      "y" : 4.236068,
      "z" : -4.236068
    }, {
      "x" : -26.416409,
      "y" : 0.0,
      "z" : 6.854102
    }, {
      "x" : -22.18034,
      "y" : 0.0,
      "z" : 8.472136
    } ],
    "faces" : [ {
      "vertices" : [ 0, 1, 2 ]
    }, {
      "vertices" : [ 0, 2, 3 ]
    }, {
      "vertices" : [ 0, 3, 2 ]
    }, {
      "vertices" : [ 0, 2, 1 ]
    } ]
  }, {
    "id" : "04f9ff84-de57-413f-b12a-18b78ec09f28",
    "vertices" : [ {
      "x" : 13.708204,
      "y" : -13.708204,
      "z" : 13.708204
    }, {
      "x" : 6.854102,
      "y" : -6.854102,
      "z" : 20.562305
    }, {
      "x" : 11.09017,
      "y" : 4.236068,
      "z" : 20.562305
    }, {
      "x" : 17.944271,
      "y" : -2.618034,
      "z" : 13.708204
    } ],
    "faces" : [ {
      "vertices" : [ 0, 1, 2 ]
    }, {
      "vertices" : [ 0, 2, 3 ]
    }, {
      "vertices" : [ 0, 3, 2 ]
    }, {
      "vertices" : [ 0, 2, 1 ]
    } ]
  }, {
    "id" : "f773a23d-eef6-45c8-9ea6-e3e108ee6f4e",
    "vertices" : [ {
      "x" : 20.562305,
      "y" : 11.09017,
      "z" : -4.236068
    }, {
      "x" : 20.562305,
      "y" : 6.854102,
      "z" : 6.854102
    }, {
      "x" : 13.708204,
      "y" : 13.708204,
      "z" : 13.708204
    }, {
      "x" : 13.708204,
      "y" : 17.944271,
      "z" : 2.618034
    } ],
    "faces" : [ {
      "vertices" : [ 0, 1, 2 ]
    }, {
      "vertices" : [ 0, 2, 3 ]
    }, {
      "vertices" : [ 0, 3, 2 ]
    }, {
      "vertices" : [ 0, 2, 1 ]
    } ]
  }, {
    "id" : "d8cee05a-bcfd-45aa-9fef-d6e8a5723517",
    "vertices" : [ {
      "x" : 6.854102,
      "y" : -26.416409,
      "z" : 0.0
    }, {
      "x" : -4.236068,
      "y" : -26.416409,
      "z" : -4.236068
    }, {
      "x" : -1.618034,
      "y" : -29.034441,
      "z" : -6.854102
    }, {
      "x" : 9.472136,
      "y" : -29.034441,
      "z" : -2.618034
    } ],
    "faces" : [ {
      "vertices" : [ 0, 1, 2 ]
    }, {
      "vertices" : [ 0, 2, 3 ]
    }, {
      "vertices" : [ 0, 3, 2 ]
    }, {
      "vertices" : [ 0, 2, 1 ]
    } ]
  }, {
    "id" : "408f3112-5708-4053-b2e1-8f0133a331ae",
    "vertices" : [ {
      "x" : 17.944271,
      "y" : -15.326238,
      "z" : 2.618034
    }, {
      "x" : 22.18034,
      "y" : -15.326238,
      "z" : 4.236068
    }, {
      "x" : 24.798374,
      "y" : -17.944271,
      "z" : 1.618034
    }, {
      "x" : 20.562305,
      "y" : -17.944271,
      "z" : 0.0
    } ],
    "faces" : [ {
      "vertices" : [ 0, 1, 2 ]
    }, {
      "vertices" : [ 0, 2, 3 ]
    }, {
      "vertices" : [ 0, 3, 2 ]
    }, {
      "vertices" : [ 0, 2, 1 ]
    } ]
  }, {
    "id" : "b69228c0-46ed-4cc5-ad7b-4bdfccbc1d2f",
    "vertices" : [ {
      "x" : -13.708204,
      "y" : 11.09017,
      "z" : 20.562305
    }, {
      "x" : -13.708204,
      "y" : 13.708204,
      "z" : 13.708204
    }, {
      "x" : -11.09017,
      "y" : 11.09017,
      "z" : 11.09017
    }, {
      "x" : -11.09017,
      "y" : 8.472136,
      "z" : 17.944271
    } ],
    "faces" : [ {
      "vertices" : [ 0, 1, 2 ]
    }, {
      "vertices" : [ 0, 2, 3 ]
    }, {
      "vertices" : [ 0, 3, 2 ]
    }, {
      "vertices" : [ 0, 2, 1 ]
    } ]
  }, {
    "id" : "69014e50-962b-4546-9fa5-2839f6b9d88f",
    "vertices" : [ {
      "x" : -24.798374,
      "y" : 0.0,
      "z" : 17.944271
    }, {
      "x" : -17.944271,
