{
  "polygons" : "true",
  "field" : "golden",
  "symmetry" : "icosahedral",
  "orientations" : [ [ 1.0, 0.0, 0.0, 0.0, 0.0, 1.0, 0.0, 0.0, 0.0, 0.0, 1.0, 0.0, 0.0, 0.0, 0.0, 1.0 ], [ 0.0, 0.0, 1.0, 0.0, 1.0, 0.0, 0.0, 0.0, 0.0, 1.0, 0.0, 0.0, 0.0, 0.0, 0.0, 1.0 ], [ 0.0, 1.0, 0.0, 0.0, 0.0, 0.0, 1.0, 0.0, 1.0, 0.0, 0.0, 0.0, 0.0, 0.0, 0.0, 1.0 ], [ 0.809017, 0.309017, 0.5, 0.0, 0.309017, 0.5, -0.809017, 0.0, -0.5, 0.809017, 0.309017, 0.0, 0.0, 0.0, 0.0, 1.0 ], [ -0.5, 0.809017, 0.309017, 0.0, 0.809017, 0.309017, 0.5, 0.0, 0.309017, 0.5, -0.809017, 0.0, 0.0, 0.0, 0.0, 1.0 ], [ 0.309017, 0.5, -0.809017, 0.0, -0.5, 0.809017, 0.309017, 0.0, 0.809017, 0.309017, 0.5, 0.0, 0.0, 0.0, 0.0, 1.0 ], [ 0.5, 0.809017, 0.309017, 0.0, 0.809017, -0.309017, -0.5, 0.0, -0.309017, 0.5, -0.809017, 0.0, 0.0, 0.0, 0.0, 1.0 ], [ -0.309017, 0.5, -0.809017, 0.0, 0.5, 0.809017, 0.309017, 0.0, 0.809017, -0.309017, -0.5, 0.0, 0.0, 0.0, 0.0, 1.0 ], [ 0.809017, -0.309017, -0.5, 0.0, -0.309017, 0.5, -0.809017, 0.0, 0.5, 0.809017, 0.309017, 0.0, 0.0, 0.0, 0.0, 1.0 ], [ 0.5, 0.809017, -0.309017, 0.0, 0.809017, -0.309017, 0.5, 0.0, 0.309017, -0.5, -0.809017, 0.0, 0.0, 0.0, 0.0, 1.0 ], [ 0.309017, -0.5, -0.809017, 0.0, 0.5, 0.809017, -0.309017, 0.0, 0.809017, -0.309017, 0.5, 0.0, 0.0, 0.0, 0.0, 1.0 ], [ 0.809017, -0.309017, 0.5, 0.0, 0.309017, -0.5, -0.809017, 0.0, 0.5, 0.809017, -0.309017, 0.0, 0.0, 0.0, 0.0, 1.0 ], [ 0.809017, 0.309017, -0.5, 0.0, 0.309017, 0.5, 0.809017, 0.0, 0.5, -0.809017, 0.309017, 0.0, 0.0, 0.0, 0.0, 1.0 ], [ 0.5, -0.809017, 0.309017, 0.0, 0.809017, 0.309017, -0.5, 0.0, 0.309017, 0.5, 0.809017, 0.0, 0.0, 0.0, 0.0, 1.0 ], [ 0.309017, 0.5, 0.809017, 0.0, 0.5, -0.809017, 0.309017, 0.0, 0.809017, 0.309017, -0.5, 0.0, 0.0, 0.0, 0.0, 1.0 ], [ 1.0, 0.0, 0.0, 0.0, 0.0, -1.0, 0.0, 0.0, 0.0, 0.0, -1.0, 0.0, 0.0, 0.0, 0.0, 1.0 ], [ 0.0, 0.0, 1.0, 0.0, -1.0, 0.0, 0.0, 0.0, 0.0, -1.0, 0.0, 0.0, 0.0, 0.0, 0.0, 1.0 ], [ 0.0, 1.0, 0.0, 0.0, 0.0, 0.0, -1.0, 0.0, -1.0, 0.0, 0.0, 0.0, 0.0, 0.0, 0.0, 1.0 ], [ 0.809017, 0.309017, 0.5, 0.0, -0.309017, -0.5, 0.809017, 0.0, 0.5, -0.809017, -0.309017, 0.0, 0.0, 0.0, 0.0, 1.0 ], [ -0.5, 0.809017, 0.309017, 0.0, -0.809017, -0.309017, -0.5, 0.0, -0.309017, -0.5, 0.809017, 0.0, 0.0, 0.0, 0.0, 1.0 ], [ 0.309017, 0.5, -0.809017, 0.0, 0.5, -0.809017, -0.309017, 0.0, -0.809017, -0.309017, -0.5, 0.0, 0.0, 0.0, 0.0, 1.0 ], [ 0.5, 0.809017, 0.309017, 0.0, -0.809017, 0.309017, 0.5, 0.0, 0.309017, -0.5, 0.809017, 0.0, 0.0, 0.0, 0.0, 1.0 ], [ -0.309017, 0.5, -0.809017, 0.0, -0.5, -0.809017, -0.309017, 0.0, -0.809017, 0.309017, 0.5, 0.0, 0.0, 0.0, 0.0, 1.0 ], [ 0.809017, -0.309017, -0.5, 0.0, 0.309017, -0.5, 0.809017, 0.0, -0.5, -0.809017, -0.309017, 0.0, 0.0, 0.0, 0.0, 1.0 ], [ 0.5, 0.809017, -0.309017, 0.0, -0.809017, 0.309017, -0.5, 0.0, -0.309017, 0.5, 0.809017, 0.0, 0.0, 0.0, 0.0, 1.0 ], [ 0.309017, -0.5, -0.809017, 0.0, -0.5, -0.809017, 0.309017, 0.0, -0.809017, 0.309017, -0.5, 0.0, 0.0, 0.0, 0.0, 1.0 ], [ 0.809017, -0.309017, 0.5, 0.0, -0.309017, 0.5, 0.809017, 0.0, -0.5, -0.809017, 0.309017, 0.0, 0.0, 0.0, 0.0, 1.0 ], [ 0.809017, 0.309017, -0.5, 0.0, -0.309017, -0.5, -0.809017, 0.0, -0.5, 0.809017, -0.309017, 0.0, 0.0, 0.0, 0.0, 1.0 ], [ 0.5, -0.809017, 0.309017, 0.0, -0.809017, -0.309017, 0.5, 0.0, -0.309017, -0.5, -0.809017, 0.0, 0.0, 0.0, 0.0, 1.0 ], [ 0.309017, 0.5, 0.809017, 0.0, -0.5, 0.809017, -0.309017, 0.0, -0.809017, -0.309017, 0.5, 0.0, 0.0, 0.0, 0.0, 1.0 ], [ -1.0, 0.0, 0.0, 0.0, 0.0, -1.0, 0.0, 0.0, 0.0, 0.0, 1.0, 0.0, 0.0, 0.0, 0.0, 1.0 ], [ 0.0, 0.0, -1.0, 0.0, -1.0, 0.0, 0.0, 0.0, 0.0, 1.0, 0.0, 0.0, 0.0, 0.0, 0.0, 1.0 ], [ 0.0, -1.0, 0.0, 0.0, 0.0, 0.0, -1.0, 0.0, 1.0, 0.0, 0.0, 0.0, 0.0, 0.0, 0.0, 1.0 ], [ -0.809017, -0.309017, -0.5, 0.0, -0.309017, -0.5, 0.809017, 0.0, -0.5, 0.809017, 0.309017, 0.0, 0.0, 0.0, 0.0, 1.0 ], [ 0.5, -0.809017, -0.309017, 0.0, -0.809017, -0.309017, -0.5, 0.0, 0.309017, 0.5, -0.809017, 0.0, 0.0, 0.0, 0.0, 1.0 ], [ -0.309017, -0.5, 0.809017, 0.0, 0.5, -0.809017, -0.309017, 0.0, 0.809017, 0.309017, 0.5, 0.0, 0.0, 0.0, 0.0, 1.0 ], [ -0.5, -0.809017, -0.309017, 0.0, -0.809017, 0.309017, 0.5, 0.0, -0.309017, 0.5, -0.809017, 0.0, 0.0, 0.0, 0.0, 1.0 ], [ 0.309017, -0.5, 0.809017, 0.0, -0.5, -0.809017, -0.309017, 0.0, 0.809017, -0.309017, -0.5, 0.0, 0.0, 0.0, 0.0, 1.0 ], [ -0.809017, 0.309017, 0.5, 0.0, 0.309017, -0.5, 0.809017, 0.0, 0.5, 0.809017, 0.309017, 0.0, 0.0, 0.0, 0.0, 1.0 ], [ -0.5, -0.809017, 0.309017, 0.0, -0.809017, 0.309017, -0.5, 0.0, 0.309017, -0.5, -0.809017, 0.0, 0.0, 0.0, 0.0, 1.0 ], [ -0.309017, 0.5, 0.809017, 0.0, -0.5, -0.809017, 0.309017, 0.0, 0.809017, -0.309017, 0.5, 0.0, 0.0, 0.0, 0.0, 1.0 ], [ -0.809017, 0.309017, -0.5, 0.0, -0.309017, 0.5, 0.809017, 0.0, 0.5, 0.809017, -0.309017, 0.0, 0.0, 0.0, 0.0, 1.0 ], [ -0.809017, -0.309017, 0.5, 0.0, -0.309017, -0.5, -0.809017, 0.0, 0.5, -0.809017, 0.309017, 0.0, 0.0, 0.0, 0.0, 1.0 ], [ -0.5, 0.809017, -0.309017, 0.0, -0.809017, -0.309017, 0.5, 0.0, 0.309017, 0.5, 0.809017, 0.0, 0.0, 0.0, 0.0, 1.0 ], [ -0.309017, -0.5, -0.809017, 0.0, -0.5, 0.809017, -0.309017, 0.0, 0.809017, 0.309017, -0.5, 0.0, 0.0, 0.0, 0.0, 1.0 ], [ -1.0, 0.0, 0.0, 0.0, 0.0, 1.0, 0.0, 0.0, 0.0, 0.0, -1.0, 0.0, 0.0, 0.0, 0.0, 1.0 ], [ 0.0, 0.0, -1.0, 0.0, 1.0, 0.0, 0.0, 0.0, 0.0, -1.0, 0.0, 0.0, 0.0, 0.0, 0.0, 1.0 ], [ 0.0, -1.0, 0.0, 0.0, 0.0, 0.0, 1.0, 0.0, -1.0, 0.0, 0.0, 0.0, 0.0, 0.0, 0.0, 1.0 ], [ -0.809017, -0.309017, -0.5, 0.0, 0.309017, 0.5, -0.809017, 0.0, 0.5, -0.809017, -0.309017, 0.0, 0.0, 0.0, 0.0, 1.0 ], [ 0.5, -0.809017, -0.309017, 0.0, 0.809017, 0.309017, 0.5, 0.0, -0.309017, -0.5, 0.809017, 0.0, 0.0, 0.0, 0.0, 1.0 ], [ -0.309017, -0.5, 0.809017, 0.0, -0.5, 0.809017, 0.309017, 0.0, -0.809017, -0.309017, -0.5, 0.0, 0.0, 0.0, 0.0, 1.0 ], [ -0.5, -0.809017, -0.309017, 0.0, 0.809017, -0.309017, -0.5, 0.0, 0.309017, -0.5, 0.809017, 0.0, 0.0, 0.0, 0.0, 1.0 ], [ 0.309017, -0.5, 0.809017, 0.0, 0.5, 0.809017, 0.309017, 0.0, -0.809017, 0.309017, 0.5, 0.0, 0.0, 0.0, 0.0, 1.0 ], [ -0.809017, 0.309017, 0.5, 0.0, -0.309017, 0.5, -0.809017, 0.0, -0.5, -0.809017, -0.309017, 0.0, 0.0, 0.0, 0.0, 1.0 ], [ -0.5, -0.809017, 0.309017, 0.0, 0.809017, -0.309017, 0.5, 0.0, -0.309017, 0.5, 0.809017, 0.0, 0.0, 0.0, 0.0, 1.0 ], [ -0.309017, 0.5, 0.809017, 0.0, 0.5, 0.809017, -0.309017, 0.0, -0.809017, 0.309017, -0.5, 0.0, 0.0, 0.0, 0.0, 1.0 ], [ -0.809017, 0.309017, -0.5, 0.0, 0.309017, -0.5, -0.809017, 0.0, -0.5, -0.809017, 0.309017, 0.0, 0.0, 0.0, 0.0, 1.0 ], [ -0.809017, -0.309017, 0.5, 0.0, 0.309017, 0.5, 0.809017, 0.0, -0.5, 0.809017, -0.309017, 0.0, 0.0, 0.0, 0.0, 1.0 ], [ -0.5, 0.809017, -0.309017, 0.0, 0.809017, 0.309017, -0.5, 0.0, -0.309017, -0.5, -0.809017, 0.0, 0.0, 0.0, 0.0, 1.0 ], [ -0.309017, -0.5, -0.809017, 0.0, 0.5, -0.809017, 0.309017, 0.0, -0.809017, -0.309017, 0.5, 0.0, 0.0, 0.0, 0.0, 1.0 ] ],
  "lights" : {
    "ambientColor" : "#292929",
    "backgroundColor" : "#AFC8DC",
    "directionalLights" : [ {
      "direction" : [ 1.0, -1.0, -1.0 ],
      "color" : "#EBEBE4"
    }, {
      "direction" : [ -1.0, 0.0, 0.0 ],
      "color" : "#E4E4EB"
    }, {
      "direction" : [ 0.0, 0.0, -1.0 ],
      "color" : "#1E1E1E"
    } ]
  },
  "camera" : {
    "viewDistance" : 135.48752,
    "lookAtPointRV" : {
      "x" : 0.0,
      "y" : 0.0,
      "z" : 0.0,
      "zero" : true
    },
    "lookDirectionRV" : {
      "x" : 1.0,
      "y" : 0.0,
      "z" : 0.0,
      "zero" : false
    },
    "upDirectionRV" : {
      "x" : -0.0,
      "y" : 0.70710677,
      "z" : 0.70710677,
      "zero" : false
    },
    "lookDirection" : {
      "x" : 1.0,
      "y" : 0.0,
      "z" : 0.0
    },
    "nearClipDistance" : 0.3387217,
    "farClipDistance" : 270.9757,
    "perspective" : true,
    "fieldOfView" : 0.44263265,
    "width" : 60.969917,
    "lookAtPoint" : {
      "x" : 0.0,
      "y" : 0.0,
      "z" : 0.0
    },
    "upDirection" : {
      "x" : -0.0,
      "y" : 0.70710677,
      "z" : 0.70710677
    },
    "stereo" : false,
    "position" : {
      "x" : -135.48752,
      "y" : 0.0,
      "z" : 0.0
    }
  },
  "embedding" : [ 1.0, 0.0, 0.0, 0.0, 0.0, 1.0, 0.0, 0.0, 0.0, 0.0, 1.0, 0.0, 0.0, 0.0, 0.0, 1.0 ],
  "shapes" : [ {
    "id" : "7a4a00a2-c622-4cdb-9b70-171d7198e632",
    "vertices" : [ {
      "x" : 0.0,
      "y" : 0.0,
      "z" : 0.0
    }, {
      "x" : -0.11803399,
      "y" : 0.309017,
      "z" : 0.0
    }, {
      "x" : -0.11803399,
      "y" : 2.927051,
      "z" : 6.854102
    }, {
      "x" : 0.0,
      "y" : 2.736068,
      "z" : 7.163119
    } ],
    "faces" : [ {
      "vertices" : [ 0, 1, 2, 3 ]
    }, {
      "vertices" : [ 0, 3, 2, 1 ]
    } ]
  }, {
    "id" : "ba57e9ee-810a-4f79-9724-3e5eee1c169e",
    "name" : "ball",
    "vertices" : [ {
      "x" : -0.309017,
      "y" : -0.19098301,
      "z" : 0.0
    }, {
      "x" : -0.309017,
      "y" : 0.19098301,
      "z" : 0.0
    }, {
      "x" : -0.19098301,
      "y" : 0.0,
      "z" : -0.309017
    }, {
      "x" : -0.19098301,
      "y" : 0.0,
      "z" : 0.309017
    }, {
      "x" : 0.0,
      "y" : -0.309017,
      "z" : -0.19098301
    }, {
      "x" : 0.0,
      "y" : -0.309017,
      "z" : 0.19098301
    }, {
      "x" : 0.0,
      "y" : 0.309017,
      "z" : -0.19098301
    }, {
      "x" : 0.0,
      "y" : 0.309017,
      "z" : 0.19098301
    }, {
      "x" : 0.19098301,
      "y" : 0.0,
      "z" : -0.309017
    }, {
      "x" : 0.19098301,
      "y" : 0.0,
      "z" : 0.309017
    }, {
      "x" : 0.309017,
      "y" : -0.19098301,
      "z" : 0.0
    }, {
      "x" : 0.309017,
      "y" : 0.19098301,
      "z" : 0.0
    } ],
    "faces" : [ {
      "vertices" : [ 0, 1, 2 ]
    }, {
      "vertices" : [ 0, 3, 1 ]
    }, {
      "vertices" : [ 0, 2, 4 ]
    }, {
      "vertices" : [ 0, 5, 3 ]
    }, {
      "vertices" : [ 0, 4, 5 ]
    }, {
      "vertices" : [ 1, 6, 2 ]
    }, {
      "vertices" : [ 1, 3, 7 ]
    }, {
      "vertices" : [ 1, 7, 6 ]
    }, {
      "vertices" : [ 2, 8, 4 ]
    }, {
      "vertices" : [ 2, 6, 8 ]
    }, {
      "vertices" : [ 3, 5, 9 ]
    }, {
      "vertices" : [ 3, 9, 7 ]
    }, {
      "vertices" : [ 4, 10, 5 ]
    }, {
      "vertices" : [ 4, 8, 10 ]
    }, {
      "vertices" : [ 5, 10, 9 ]
    }, {
      "vertices" : [ 6, 7, 11 ]
    }, {
      "vertices" : [ 6, 11, 8 ]
    }, {
      "vertices" : [ 7, 9, 11 ]
    }, {
      "vertices" : [ 8, 11, 10 ]
    }, {
      "vertices" : [ 9, 10, 11 ]
    } ]
  }, {
    "id" : "24305116-1b0c-40b2-83c4-1ae2ed95bbb1",
    "vertices" : [ {
      "x" : 0.0,
      "y" : 0.0,
      "z" : 0.0
    }, {
      "x" : -2.736068,
      "y" : 4.427051,
      "z" : -7.163119
    }, {
      "x" : -5.472136,
      "y" : 11.59017,
      "z" : -7.163119
    } ],
    "faces" : [ {
      "vertices" : [ 0, 1, 2 ]
    }, {
      "vertices" : [ 0, 2, 1 ]
    } ]
  }, {
    "id" : "8a125613-508f-4438-84e5-28678b88fca2",
    "vertices" : [ {
      "x" : 0.0,
      "y" : 0.0,
      "z" : 0.0
    }, {
      "x" : -5.9027348,
      "y" : 17.708204,
      "z" : -5.9027348
    }, {
      "x" : -11.8054695,
      "y" : 11.8054695,
      "z" : 0.0
    } ],
    "faces" : [ {
      "vertices" : [ 0, 1, 2 ]
    }, {
      "vertices" : [ 0, 2, 1 ]
    } ]
  }, {
    "id" : "cbcb7756-612a-46f7-8aaf-3692453f3e7c",
    "vertices" : [ {
      "x" : 0.0,
      "y" : 0.0,
      "z" : 0.0
    }, {
      "x" : 7.3784184,
      "y" : 1.4756837,
      "z" : -4.427051
    }, {
      "x" : 4.427051,
      "y" : 4.427051,
      "z" : -4.427051
    } ],
    "faces" : [ {
      "vertices" : [ 0, 1, 2 ]
    }, {
      "vertices" : [ 0, 2, 1 ]
    } ]
  }, {
    "id" : "a6ac752e-e6a4-4e90-a65e-c40ca29e3ff4",
    "vertices" : [ {
      "x" : 0.0,
      "y" : 0.0,
      "z" : 0.0
    }, {
      "x" : -4.427051,
      "y" : 1.4756837,
      "z" : 1.4756837
    }, {
      "x" : 1.4756837,
      "y" : 7.3784184,
      "z" : -4.427051
    }, {
      "x" : 4.427051,
      "y" : 4.427051,
      "z" : -4.427051
    } ],
    "faces" : [ {
      "vertices" : [ 0, 1, 2, 3 ]
    }, {
      "vertices" : [ 0, 3, 2, 1 ]
    } ]
  }, {
    "id" : "eb9ec0f9-b976-46b8-a1c6-d971ce13a4d2",
    "vertices" : [ {
      "x" : 0.0,
      "y" : 0.0,
      "z" : 0.0
    }, {
      "x" : -2.9513674,
      "y" : 8.854102,
      "z" : -2.9513674
    }, {
      "x" : -7.3784184,
      "y" : 4.427051,
      "z" : 1.4756837
    } ],
    "faces" : [ {
      "vertices" : [ 0, 1, 2 ]
    }, {
      "vertices" : [ 0, 2, 1 ]
    } ]
  }, {
    "id" : "f92736c0-5e71-4b0d-a43a-be87feb72867",
    "vertices" : [ {
      "x" : 0.0,
      "y" : 0.0,
      "z" : 0.0
    }, {
      "x" : -0.91202265,
      "y" : 0.563661,
      "z" : -4.7754126
    }, {
      "x" : -3.6480906,
      "y" : 7.72678,
      "z" : -4.7754126
    } ],
    "faces" : [ {
      "vertices" : [ 0, 1, 2 ]
    }, {
      "vertices" : [ 0, 2, 1 ]
    } ]
  }, {
    "id" : "479db646-a437-4ffc-a095-c7afb5644278",
    "vertices" : [ {
      "x" : 0.0,
      "y" : 0.0,
      "z" : 0.0
    }, {
      "x" : 0.91202265,
      "y" : -0.563661,
      "z" : 4.7754126
    }, {
      "x" : 3.6480906,
      "y" : -7.72678,
      "z" : 4.7754126
    } ],
    "faces" : [ {
      "vertices" : [ 0, 1, 2 ]
    }, {
      "vertices" : [ 0, 2, 1 ]
    } ]
  }, {
    "id" : "48d0696e-079b-4861-bc03-fe7a49947136",
    "vertices" : [ {
      "x" : 0.0,
      "y" : 0.0,
      "z" : 0.0
    }, {
      "x" : 11.8054695,
      "y" : 0.0,
      "z" : -5.9027348
    }, {
      "x" : 4.427051,
      "y" : 4.427051,
      "z" : -4.427051
    } ],
    "faces" : [ {
      "vertices" : [ 0, 1, 2 ]
    }, {
      "vertices" : [ 0, 2, 1 ]
    } ]
  }, {
    "id" : "4d18bb74-896a-4154-a6d0-5b61b193564b",
    "vertices" : [ {
      "x" : 0.0,
      "y" : 0.0,
      "z" : 0.0
    }, {
      "x" : -5.9027348,
      "y" : -5.9027348,
      "z" : 5.9027348
    }, {
      "x" : 0.0,
      "y" : -5.9027348,
      "z" : 2.9513674
    }, {
      "x" : 4.427051,
      "y" : -1.4756837,
      "z" : -1.4756837
    } ],
    "faces" : [ {
      "vertices" : [ 0, 1, 2, 3 ]
    }, {
      "vertices" : [ 0, 3, 2, 1 ]
    } ]
  }, {
    "id" : "d6a2679b-082d-49c3-acae-90c351057810",
    "vertices" : [ {
      "x" : 0.0,
      "y" : 0.0,
      "z" : 0.0
    }, {
      "x" : -2.9513674,
      "y" : 2.9513674,
      "z" : 0.0
    }, {
      "x" : 4.427051,
      "y" : 4.427051,
      "z" : -4.427051
    } ],
    "faces" : [ {
      "vertices" : [ 0, 1, 2 ]
    }, {
      "vertices" : [ 0, 2, 1 ]
    } ]
  }, {
    "id" : "70c2b7ed-b1c8-487b-83e1-802b5202fdcb",
    "vertices" : [ {
      "x" : 0.0,
      "y" : 0.0,
      "z" : 0.0
    }, {
      "x" : 0.0,
      "y" : -5.472136,
      "z" : -14.326238
    }, {
      "x" : -3.6480906,
      "y" : 7.72678,
      "z" : -4.7754126
    } ],
    "faces" : [ {
      "vertices" : [ 0, 1, 2 ]
    }, {
      "vertices" : [ 0, 2, 1 ]
    } ]
  }, {
    "id" : "d9a91b2d-8079-4bf9-b75e-2aee9e788df9",
    "vertices" : [ {
      "x" : 0.0,
      "y" : 0.0,
      "z" : 0.0
    }, {
      "x" : -11.8054695,
      "y" : 0.0,
      "z" : 5.9027348
    }, {
      "x" : -17.708204,
      "y" : 5.9027348,
      "z" : 5.9027348
    } ],
    "faces" : [ {
      "vertices" : [ 0, 1, 2 ]
    }, {
      "vertices" : [ 0, 2, 1 ]
    } ]
  }, {
    "id" : "6301b7a1-1815-45db-9747-3b54aa6b2a59",
    "vertices" : [ {
      "x" : 0.0,
      "y" : 0.0,
      "z" : 0.0
    }, {
      "x" : -1.4756837,
      "y" : 4.427051,
      "z" : -1.4756837
    }, {
      "x" : -7.3784184,
      "y" : -1.4756837,
      "z" : 4.427051
    }, {
      "x" : -4.427051,
      "y" : -4.427051,
      "z" : 4.427051
    } ],
    "faces" : [ {
      "vertices" : [ 0, 1, 2, 3 ]
    }, {
      "vertices" : [ 0, 3, 2, 1 ]
    } ]
  }, {
    "id" : "6069a27e-e77e-4ae2-892f-274e0410606b",
    "vertices" : [ {
      "x" : 0.0,
      "y" : 0.0,
      "z" : 0.0
    }, {
      "x" : 2.736068,
      "y" : -4.427051,
      "z" : 7.163119
    }, {
      "x" : 5.472136,
      "y" : -11.59017,
      "z" : 7.163119
    } ],
    "faces" : [ {
      "vertices" : [ 0, 1, 2 ]
    }, {
      "vertices" : [ 0, 2, 1 ]
    } ]
  }, {
    "id" : "9e2ea6f4-c118-4943-a88e-df845e1ecca7",
    "vertices" : [ {
      "x" : 0.0,
      "y" : 0.0,
      "z" : 0.0
    }, {
      "x" : 17.708204,
      "y" : 0.0,
      "z" : -8.854102
    }, {
      "x" : 8.854102,
      "y" : 8.854102,
      "z" : -8.854102
    } ],
    "faces" : [ {
      "vertices" : [ 0, 1, 2 ]
    }, {
      "vertices" : [ 0, 2, 1 ]
    } ]
  }, {
    "id" : "71ffd3c4-2470-4aac-839c-ecc2bb8158b9",
    "vertices" : [ {
      "x" : 0.0,
      "y" : 0.0,
      "z" : 0.0
    }, {
      "x" : -2.9513674,
      "y" : 2.9513674,
      "z" : 0.0
    }, {
      "x" : -4.427051,
      "y" : -4.427051,
      "z" : 4.427051
    } ],
    "faces" : [ {
      "vertices" : [ 0, 1, 2 ]
    }, {
      "vertices" : [ 0, 2, 1 ]
    } ]
  }, {
    "id" : "62828d13-9b43-47e3-a87d-bbaf3133cd59",
    "vertices" : [ {
      "x" : 0.0,
      "y" : 0.0,
      "z" : 0.0
    }, {
      "x" : 0.0,
      "y" : 5.472136,
      "z" : 14.326238
    }, {
      "x" : 3.6480906,
      "y" : -7.72678,
      "z" : 4.7754126
    } ],
    "faces" : [ {
      "vertices" : [ 0, 1, 2 ]
    }, {
      "vertices" : [ 0, 2, 1 ]
    } ]
  }, {
    "id" : "63130630-fc3f-4a2c-b113-68f5cea9b91e",
    "vertices" : [ {
      "x" : 0.0,
      "y" : 0.0,
      "z" : 0.0
    }, {
      "x" : 0.91202265,
      "y" : -0.563661,
      "z" : 4.7754126
    }, {
      "x" : 2.736068,
      "y" : -7.163119,
      "z" : 0.0
    } ],
    "faces" : [ {
      "vertices" : [ 0, 1, 2 ]
    }, {
      "vertices" : [ 0, 2, 1 ]
    } ]
  }, {
    "id" : "20805dc8-678b-44a7-adec-482c958149b5",
    "vertices" : [ {
      "x" : 0.0,
      "y" : 0.0,
      "z" : 0.0
    }, {
      "x" : -1.4756837,
      "y" : -7.3784184,
      "z" : 4.427051
    }, {
      "x" : -4.427051,
      "y" : -4.427051,
      "z" : 4.427051
    } ],
    "faces" : [ {
      "vertices" : [ 0, 1, 2 ]
    }, {
      "vertices" : [ 0, 2, 1 ]
    } ]
  }, {
    "id" : "df82dd47-0275-4a69-ba66-dde780114c69",
    "vertices" : [ {
      "x" : 0.0,
      "y" : 0.0,
      "z" : 0.0
    }, {
      "x" : -4.427051,
      "y" : -4.427051,
      "z" : 4.427051
    }, {
      "x" : -13.281153,
      "y" : 4.427051,
      "z" : 4.427051
    } ],
    "faces" : [ {
      "vertices" : [ 0, 1, 2 ]
    }, {
      "vertices" : [ 0, 2, 1 ]
    } ]
  }, {
    "id" : "bf41d05b-59e3-4842-971c-dd7f0e240d47",
    "vertices" : [ {
      "x" : 0.0,
      "y" : 0.0,
      "z" : 0.0
    }, {
      "x" : 0.0,
      "y" : -11.8054695,
      "z" : 5.9027348
    }, {
      "x" : -4.427051,
      "y" : -4.427051,
      "z" : 4.427051
    } ],
    "faces" : [ {
      "vertices" : [ 0, 1, 2 ]
    }, {
      "vertices" : [ 0, 2, 1 ]
    } ]
  }, {
    "id" : "252d41ee-563c-4938-a9e2-af8d0bcebc9e",
    "vertices" : [ {
      "x" : 0.0,
      "y" : 0.0,
      "z" : 0.0
    }, {
      "x" : -5.9027348,
      "y" : -5.9027348,
      "z" : 5.9027348
    }, {
      "x" : -5.9027348,
      "y" : 5.9027348,
      "z" : 0.0
    } ],
    "faces" : [ {
      "vertices" : [ 0, 1, 2 ]
    }, {
      "vertices" : [ 0, 2, 1 ]
    } ]
  }, {
    "id" : "a0bddb63-5402-4fd7-ba26-3ce2a793d6e3",
    "vertices" : [ {
      "x" : 0.0,
      "y" : 0.0,
      "z" : 0.0
    }, {
      "x" : -17.708204,
      "y" : 5.9027348,
      "z" : 5.9027348
    }, {
      "x" : -11.8054695,
      "y" : 11.8054695,
      "z" : 0.0
    } ],
    "faces" : [ {
      "vertices" : [ 0, 1, 2 ]
    }, {
      "vertices" : [ 0, 2, 1 ]
    } ]
  }, {
    "id" : "4a8f0377-7497-4cfe-86ff-ea4b77a0ccca",
    "vertices" : [ {
      "x" : 0.0,
      "y" : 0.0,
      "z" : 0.0
    }, {
      "x" : 5.9027348,
      "y" : 5.9027348,
      "z" : -5.9027348
    }, {
      "x" : 5.9027348,
      "y" : 0.0,
      "z" : -2.9513674
    }, {
      "x" : 1.4756837,
      "y" : -4.427051,
      "z" : 1.4756837
    } ],
    "faces" : [ {
      "vertices" : [ 0, 1, 2, 3 ]
    }, {
      "vertices" : [ 0, 3, 2, 1 ]
    } ]
  }, {
    "id" : "f1b68369-9836-4767-96d9-17214b9e6c21",
    "vertices" : [ {
      "x" : 0.0,
      "y" : 0.0,
      "z" : 0.0
    }, {
      "x" : 3.6480906,
      "y" : -7.72678,
      "z" : 4.7754126
    }, {
      "x" : 2.736068,
      "y" : -7.163119,
      "z" : 0.0
    } ],
    "faces" : [ {
      "vertices" : [ 0, 1, 2 ]
    }, {
      "vertices" : [ 0, 2, 1 ]
    } ]
  }, {
    "id" : "1ae61ba8-1210-4284-88d1-a3dcc62cbc1e",
    "vertices" : [ {
      "x" : 0.0,
      "y" : 0.0,
      "z" : 0.0
    }, {
      "x" : 2.618034,
      "y" : -6.854102,
      "z" : 0.0
    }, {
      "x" : 2.618034,
      "y" : -9.472136,
      "z" : -6.854102
    }, {
      "x" : 0.0,
      "y" : -2.618034,
      "z" : -6.854102
    } ],
    "faces" : [ {
      "vertices" : [ 0, 1, 2, 3 ]
    }, {
      "vertices" : [ 0, 3, 2, 1 ]
    } ]
  }, {
    "id" : "daf5c2e5-fc12-4069-992a-e4b5d01dfd8d",
    "vertices" : [ {
      "x" : 0.0,
      "y" : 0.0,
      "z" : 0.0
    }, {
      "x" : 5.9027348,
      "y" : 5.9027348,
      "z" : -5.9027348
    }, {
      "x" : -2.9513674,
      "y" : 8.854102,
      "z" : -2.9513674
    } ],
    "faces" : [ {
      "vertices" : [ 0, 1, 2 ]
    }, {
      "vertices" : [ 0, 2, 1 ]
    } ]
  }, {
    "id" : "4463a62e-8367-4471-8454-5af2e446c9ca",
    "vertices" : [ {
      "x" : 0.0,
      "y" : 0.0,
      "z" : 0.0
    }, {
      "x" : 0.0,
      "y" : 11.8054695,
      "z" : -5.9027348
    }, {
      "x" : -5.9027348,
      "y" : 17.708204,
      "z" : -5.9027348
    } ],
    "faces" : [ {
      "vertices" : [ 0, 1, 2 ]
    }, {
      "vertices" : [ 0, 2, 1 ]
    } ]
  }, {
    "id" : "8fcaa35c-6f45-4c7f-867c-16affc8e6d4a",
    "vertices" : [ {
      "x" : 0.0,
      "y" : 0.0,
      "z" : 0.0
    }, {
      "x" : -3.6480906,
      "y" : 7.72678,
      "z" : -4.7754126
    }, {
      "x" : -2.736068,
      "y" : 7.163119,
      "z" : 0.0
    } ],
    "faces" : [ {
      "vertices" : [ 0, 1, 2 ]
    }, {
      "vertices" : [ 0, 2, 1 ]
    } ]
  }, {
    "id" : "52452b68-a4de-41af-a883-74a8b4a32d15",
    "vertices" : [ {
      "x" : 0.0,
      "y" : 0.0,
      "z" : 0.0
    }, {
      "x" : 0.0,
      "y" : -17.708204,
      "z" : 8.854102
    }, {
      "x" : -8.854102,
      "y" : -8.854102,
      "z" : 8.854102
    } ],
    "faces" : [ {
      "vertices" : [ 0, 1, 2 ]
    }, {
      "vertices" : [ 0, 2, 1 ]
    } ]
  }, {
    "id" : "7643f11a-1b64-47df-9d39-d08513afffc8",
    "vertices" : [ {
      "x" : 0.0,
      "y" : 0.0,
      "z" : 0.0
    }, {
      "x" : -5.9027348,
      "y" : 0.0,
      "z" : 2.9513674
    }, {
      "x" : -2.9513674,
      "y" : 2.9513674,
      "z" : 0.0
    } ],
    "faces" : [ {
      "vertices" : [ 0, 1, 2 ]
    }, {
      "vertices" : [ 0, 2, 1 ]
    } ]
  }, {
    "id" : "97a54fd4-72ed-4313-bd59-4fdad991f6de",
    "vertices" : [ {
      "x" : 0.0,
      "y" : 0.0,
      "z" : 0.0
    }, {
      "x" : 0.11803399,
      "y" : -0.309017,
      "z" : 0.0
    }, {
      "x" : 0.11803399,
      "y" : -2.927051,
      "z" : -6.854102
    }, {
      "x" : 0.0,
      "y" : -2.736068,
      "z" : -7.163119
    } ],
    "faces" : [ {
      "vertices" : [ 0, 1, 2, 3 ]
    }, {
      "vertices" : [ 0, 3, 2, 1 ]
    } ]
  }, {
    "id" : "82ff5740-614a-45d6-abdc-c88f35cc50d5",
    "vertices" : [ {
      "x" : 0.0,
      "y" : 0.0,
      "z" : 0.0
    }, {
      "x" : -5.9027348,
      "y" : 0.0,
      "z" : 2.9513674
    }, {
      "x" : -2.9513674,
      "y" : -2.9513674,
      "z" : 2.9513674
    } ],
    "faces" : [ {
      "vertices" : [ 0, 1, 2 ]
    }, {
      "vertices" : [ 0, 2, 1 ]
    } ]
  }, {
    "id" : "84610c5f-0cc4-43d7-bd4a-dba2f08980f2",
    "vertices" : [ {
      "x" : 0.0,
      "y" : 0.0,
      "z" : 0.0
    }, {
      "x" : 0.0,
      "y" : 2.736068,
      "z" : 7.163119
    }, {
      "x" : 2.736068,
      "y" : -4.427051,
      "z" : 7.163119
    } ],
    "faces" : [ {
      "vertices" : [ 0, 1, 2 ]
    }, {
      "vertices" : [ 0, 2, 1 ]
    } ]
  }, {
    "id" : "50674d51-0dd3-4575-817e-cbee95c0d65a",
    "vertices" : [ {
      "x" : 0.0,
      "y" : 0.0,
      "z" : 0.0
    }, {
      "x" : 4.427051,
      "y" : 4.427051,
      "z" : -4.427051
    }, {
      "x" : -4.427051,
      "y" : 13.281153,
      "z" : -4.427051
    } ],
    "faces" : [ {
      "vertices" : [ 0, 1, 2 ]
    }, {
      "vertices" : [ 0, 2, 1 ]
    } ]
  }, {
    "id" : "7e7ad896-f350-40b1-bed0-cf0472749a36",
    "vertices" : [ {
      "x" : 0.0,
      "y" : 0.0,
      "z" : 0.0
    }, {
      "x" : -5.9027348,
      "y" : -5.9027348,
      "z" : 5.9027348
    }, {
      "x" : -8.854102,
      "y" : 2.9513674,
      "z" : 2.9513674
    } ],
    "faces" : [ {
      "vertices" : [ 0, 1, 2 ]
    }, {
      "vertices" : [ 0, 2, 1 ]
    } ]
  }, {
    "id" : "821eb1af-be07-4767-b1c9-f46c00e4168e",
    "vertices" : [ {
      "x" : 0.0,
      "y" : 0.0,
      "z" : 0.0
    }, {
      "x" : 0.0,
      "y" : -2.736068,
      "z" : -7.163119
    }, {
      "x" : -2.736068,
      "y" : 4.427051,
      "z" : -7.163119
    }, {
      "x" : -2.736068,
      "y" : 7.163119,
      "z" : 0.0
    } ],
    "faces" : [ {
      "vertices" : [ 0, 1, 2, 3 ]
    }, {
      "vertices" : [ 0, 3, 2, 1 ]
    } ]
  }, {
    "id" : "6d9a6138-0355-4929-972b-a2ccc681b0ff",
    "vertices" : [ {
      "x" : 0.0,
      "y" : 0.0,
      "z" : 0.0
    }, {
      "x" : 0.0,
      "y" : -2.736068,
      "z" : -7.163119
    }, {
      "x" : -2.736068,
      "y" : 4.427051,
      "z" : -7.163119
    } ],
    "faces" : [ {
      "vertices" : [ 0, 1, 2 ]
    }, {
      "vertices" : [ 0, 2, 1 ]
    } ]
  }, {
    "id" : "2a980e06-78a0-4e74-94dc-2437e0489227",
    "vertices" : [ {
      "x" : 0.0,
      "y" : 0.0,
      "z" : 0.0
    }, {
      "x" : -2.736068,
      "y" : 7.163119,
      "z" : 0.0
    }, {
      "x" : -2.736068,
      "y" : 9.899187,
      "z" : 7.163119
    }, {
      "x" : 0.0,
      "y" : 2.736068,
      "z" : 7.163119
    } ],
    "faces" : [ {
      "vertices" : [ 0, 1, 2, 3 ]
    }, {
      "vertices" : [ 0, 3, 2, 1 ]
    } ]
  }, {
    "id" : "19cefe23-02d9-4592-8a3d-c0a858842755",
    "vertices" : [ {
      "x" : 0.0,
      "y" : 0.0,
      "z" : 0.0
    }, {
      "x" : 0.0,
      "y" : 5.9027348,
      "z" : -2.9513674
    }, {
      "x" : 2.9513674,
      "y" : 2.9513674,
      "z" : -2.9513674
    } ],
    "faces" : [ {
      "vertices" : [ 0, 1, 2 ]
    }, {
      "vertices" : [ 0, 2, 1 ]
    } ]
  }, {
    "id" : "f84e07fa-a266-4cb6-8246-57ca27ad6da8",
    "vertices" : [ {
      "x" : 0.0,
      "y" : 0.0,
      "z" : 0.0
    }, {
      "x" : 5.9027348,
      "y" : 5.9027348,
      "z" : -5.9027348
    }, {
      "x" : -5.9027348,
      "y" : 5.9027348,
      "z" : 0.0
    } ],
    "faces" : [ {
      "vertices" : [ 0, 1, 2 ]
    }, {
      "vertices" : [ 0, 2, 1 ]
    } ]
  }, {
    "id" : "e9a66dbb-ae53-447f-997d-5b0db0bd2fda",
    "vertices" : [ {
      "x" : 0.0,
      "y" : 0.0,
      "z" : 0.0
    }, {
      "x" : -0.91202265,
      "y" : 0.563661,
      "z" : -4.7754126
    }, {
      "x" : -2.736068,
      "y" : 7.163119,
      "z" : 0.0
    } ],
    "faces" : [ {
      "vertices" : [ 0, 1, 2 ]
    }, {
      "vertices" : [ 0, 2, 1 ]
    } ]
  }, {
    "id" : "56385ff5-74d5-4e34-a7f8-e34b0db87c02",
    "vertices" : [ {
      "x" : 0.0,
      "y" : 0.0,
      "z" : 0.0
    }, {
      "x" : -8.854102,
      "y" : 2.9513674,
      "z" : 2.9513674
    }, {
      "x" : -4.427051,
      "y" : 7.3784184,
      "z" : -1.4756837
    } ],
    "faces" : [ {
      "vertices" : [ 0, 1, 2 ]
    }, {
      "vertices" : [ 0, 2, 1 ]
    } ]
  }, {
    "id" : "dbd43f03-dbab-465d-900c-d82a8b14df03",
    "vertices" : [ {
      "x" : 0.0,
      "y" : 0.0,
      "z" : 0.0
    }, {
      "x" : 0.0,
      "y" : 2.736068,
      "z" : 7.163119
    }, {
      "x" : 2.736068,
      "y" : -4.427051,
      "z" : 7.163119
    }, {
      "x" : 2.736068,
      "y" : -7.163119,
      "z" : 0.0
    } ],
    "faces" : [ {
      "vertices" : [ 0, 1, 2, 3 ]
    }, {
      "vertices" : [ 0, 3, 2, 1 ]
    } ]
  }, {
    "id" : "e12e8416-05a5-4f4a-924c-c4f53834663f",
    "vertices" : [ {
      "x" : 0.0,
      "y" : 0.0,
      "z" : 0.0
    }, {
      "x" : 0.0,
      "y" : 0.11803399,
      "z" : 0.309017
    }, {
      "x" : 2.736068,
      "y" : -7.045085,
      "z" : 0.309017
    }, {
      "x" : 2.618034,
      "y" : -6.854102,
      "z" : 0.0
    } ],
    "faces" : [ {
      "vertices" : [ 0, 1, 2, 3 ]
    }, {
      "vertices" : [ 0, 3, 2, 1 ]
    } ]
  }, {
    "id" : "5a4d197a-7857-4ea7-b840-b564c44e0c78",
    "vertices" : [ {
      "x" : 0.0,
      "y" : 0.0,
      "z" : 0.0
    }, {
      "x" : 0.0,
      "y" : 5.9027348,
      "z" : -2.9513674
    }, {
      "x" : -2.9513674,
      "y" : 2.9513674,
      "z" : 0.0
    } ],
    "faces" : [ {
      "vertices" : [ 0, 1, 2 ]
    }, {
      "vertices" : [ 0, 2, 1 ]
    } ]
  }, {
    "id" : "fe285188-d702-4e6f-9e40-1d07ea107975",
    "vertices" : [ {
      "x" : 0.0,
      "y" : 0.0,
      "z" : 0.0
    }, {
      "x" : 2.736068,
      "y" : -7.163119,
      "z" : 0.0
    }, {
      "x" : 2.736068,
      "y" : -9.899187,
      "z" : -7.163119
    }, {
      "x" : 0.0,
      "y" : -2.736068,
      "z" : -7.163119
    } ],
    "faces" : [ {
      "vertices" : [ 0, 1, 2, 3 ]
    }, {
      "vertices" : [ 0, 3, 2, 1 ]
    } ]
  }, {
    "id" : "6e409095-f0cf-4963-81ce-31770e9c64bd",
    "vertices" : [ {
      "x" : 0.0,
      "y" : 0.0,
      "z" : 0.0
    }, {
      "x" : 0.0,
      "y" : -0.11803399,
      "z" : -0.309017
    }, {
      "x" : -2.736068,
      "y" : 7.045085,
      "z" : -0.309017
    }, {
      "x" : -2.618034,
      "y" : 6.854102,
      "z" : 0.0
    } ],
    "faces" : [ {
      "vertices" : [ 0, 1, 2, 3 ]
    }, {
      "vertices" : [ 0, 3, 2, 1 ]
    } ]
  }, {
    "id" : "ec567651-0dcd-4207-88f0-7df810dd68f2",
    "orbit" : "green",
    "orbitC" : "[[2,-1,1],[5,-3,1]]",
    "length" : "[-6,5,3]",
    "name" : " :-2 +5/3*phi",
    "vertices" : [ {
      "x" : 7.4177628,
      "y" : 2.8333333,
      "z" : -1.082237
    }, {
      "x" : 7.035797,
      "y" : 2.3784182,
      "z" : -0.891254
    }, {
      "x" : 6.872678,
      "y" : 2.6423504,
      "z" : -1.318305
    }, {
      "x" : 6.799729,
      "y" : 2.9062824,
      "z" : -1.127322
    }, {
      "x" : 0.85410196,
      "y" : 0.309017,
      "z" : 0.19098301
    }, {
      "x" : 0.690983,
      "y" : 0.572949,
      "z" : -0.23606798
    }, {
      "x" : 0.309017,
      "y" : 0.11803399,
      "z" : -0.045084972
    }, {
      "x" : 0.76393205,
      "y" : 0.309017,
      "z" : -0.42705098
    }, {
      "x" : 0.927051,
      "y" : 0.045084972,
      "z" : 0.0
    }, {
      "x" : 6.9628477,
      "y" : 2.6423504,
      "z" : -0.700271
    }, {
      "x" : 7.72678,
      "y" : 2.9513674,
      "z" : -1.127322
    } ],
    "faces" : [ {
      "vertices" : [ 2, 7, 5, 3 ]
    }, {
      "vertices" : [ 1, 8, 7, 2 ]
    }, {
      "vertices" : [ 4, 6, 8 ]
    }, {
      "vertices" : [ 5, 7, 6 ]
    }, {
      "vertices" : [ 0, 1, 2 ]
    }, {
      "vertices" : [ 0, 2, 3 ]
    }, {
      "vertices" : [ 6, 7, 8 ]
    }, {
      "vertices" : [ 3, 5, 4, 9 ]
    }, {
      "vertices" : [ 1, 9, 4, 8 ]
    }, {
      "vertices" : [ 0, 9, 1 ]
    }, {
      "vertices" : [ 0, 3, 9 ]
    }, {
      "vertices" : [ 4, 5, 6 ]
    } ]
  }, {
    "id" : "9b4aa326-7d44-4350-bfb7-8a84f964292d",
    "vertices" : [ {
      "x" : 0.0,
      "y" : 0.0,
      "z" : 0.0
    }, {
      "x" : 1.4756837,
      "y" : 7.3784184,
      "z" : -4.427051
    }, {
      "x" : -10.329785,
      "y" : -4.427051,
      "z" : 7.3784184
    }, {
      "x" : -4.427051,
      "y" : -4.427051,
      "z" : 4.427051
    } ],
    "faces" : [ {
      "vertices" : [ 0, 1, 2, 3 ]
    }, {
      "vertices" : [ 0, 3, 2, 1 ]
    } ]
  }, {
    "id" : "7dbd3f64-b0b3-438a-913f-291bc8cf73f1",
    "vertices" : [ {
      "x" : 0.0,
      "y" : 0.0,
      "z" : 0.0
    }, {
      "x" : -7.3784184,
      "y" : -1.4756837,
      "z" : 4.427051
    }, {
      "x" : 4.427051,
      "y" : 10.329785,
      "z" : -7.3784184
    }, {
      "x" : 4.427051,
      "y" : 4.427051,
      "z" : -4.427051
    } ],
    "faces" : [ {
      "vertices" : [ 0, 1, 2, 3 ]
    }, {
      "vertices" : [ 0, 3, 2, 1 ]
    } ]
  } ],
  "instances" : [ {
    "shape" : "7a4a00a2-c622-4cdb-9b70-171d7198e632",
    "color" : "#7FCC9F",
    "position" : {
      "x" : -4.427051,
      "y" : 4.427051,
      "z" : -4.427051
    },
    "orientation" : 22
  }, {
    "shape" : "ba57e9ee-810a-4f79-9724-3e5eee1c169e",
    "color" : "#F2F2F2",
    "position" : {
      "x" : -4.427051,
      "y" : 13.281153,
      "z" : -13.281153
    }
  }, {
    "shape" : "24305116-1b0c-40b2-83c4-1ae2ed95bbb1",
    "color" : "#7FCC9F",
    "position" : {
      "x" : 8.854102,
      "y" : 8.854102,
      "z" : 8.854102
    },
    "orientation" : 51
  }, {
    "shape" : "8a125613-508f-4438-84e5-28678b88fca2",
    "color" : "#B59A8C",
    "position" : {
      "x" : 0.0,
      "y" : -17.708204,
      "z" : -17.708204
    },
    "orientation" : 45
  }, {
    "shape" : "cbcb7756-612a-46f7-8aaf-3692453f3e7c",
    "color" : "#B59A8C",
    "position" : {
      "x" : 13.281153,
      "y" : 4.427051,
      "z" : 13.281153
    },
    "orientation" : 47
  }, {
    "shape" : "a6ac752e-e6a4-4e90-a65e-c40ca29e3ff4",
    "color" : "#B59A8C",
    "position" : {
      "x" : -4.427051,
      "y" : -13.281153,
      "z" : 13.281153
    },
    "orientation" : 46
  }, {
    "shape" : "eb9ec0f9-b976-46b8-a1c6-d971ce13a4d2",
    "color" : "#B59A8C",
    "position" : {
      "x" : -5.9027348,
      "y" : 0.0,
      "z" : 11.8054695
    },
    "orientation" : 0
  }, {
    "shape" : "ba57e9ee-810a-4f79-9724-3e5eee1c169e",
    "color" : "#F2F2F2",
    "position" : {
      "x" : -4.427051,
      "y" : 13.281153,
      "z" : 13.281153
    }
  }, {
    "shape" : "f92736c0-5e71-4b0d-a43a-be87feb72867",
    "color" : "#7FCC9F",
    "position" : {
      "x" : -5.9027348,
      "y" : 5.9027348,
      "z" : 0.0
    },
    "orientation" : 36
  }, {
    "shape" : "ba57e9ee-810a-4f79-9724-3e5eee1c169e",
    "color" : "#F2F2F2",
    "position" : {
      "x" : 8.854102,
      "y" : 8.854102,
      "z" : 8.854102
    }
  }, {
    "shape" : "479db646-a437-4ffc-a095-c7afb5644278",
    "color" : "#7FCC9F",
    "position" : {
      "x" : -5.9027348,
      "y" : 5.9027348,
      "z" : 0.0
    },
    "orientation" : 6
  }, {
    "shape" : "48d0696e-079b-4861-bc03-fe7a49947136",
    "color" : "#B59A8C",
    "position" : {
      "x" : 0.0,
      "y" : 17.708204,
      "z" : -17.708204
    },
    "orientation" : 2
  }, {
    "shape" : "4d18bb74-896a-4154-a6d0-5b61b193564b",
    "color" : "#B59A8C",
    "position" : {
      "x" : 5.9027348,
      "y" : 0.0,
      "z" : -5.9027348
    },
    "orientation" : 16
  }, {
    "shape" : "d6a2679b-082d-49c3-acae-90c351057810",
    "color" : "#B59A8C",
    "position" : {
      "x" : -8.854102,
      "y" : -8.854102,
      "z" : 0.0
    },
    "orientation" : 0
  }, {
    "shape" : "70c2b7ed-b1c8-487b-83e1-802b5202fdcb",
    "color" : "#7FCC9F",
    "position" : {
      "x" : -8.854102,
      "y" : 8.854102,
      "z" : -8.854102
    },
    "orientation" : 53
  }, {
    "shape" : "d9a91b2d-8079-4bf9-b75e-2aee9e788df9",
    "color" : "#B59A8C",
    "position" : {
      "x" : -17.708204,
      "y" : 0.0,
      "z" : 17.708204
    },
    "orientation" : 45
  }, {
    "shape" : "6301b7a1-1815-45db-9747-3b54aa6b2a59",
    "color" : "#B59A8C",
    "position" : {
      "x" : 13.281153,
      "y" : -4.427051,
      "z" : 13.281153
    },
    "orientation" : 2
  }, {
    "shape" : "6301b7a1-1815-45db-9747-3b54aa6b2a59",
    "color" : "#B59A8C",
    "position" : {
      "x" : 4.427051,
      "y" : 13.281153,
      "z" : -13.281153
    },
    "orientation" : 46
  }, {
    "shape" : "ba57e9ee-810a-4f79-9724-3e5eee1c169e",
    "color" : "#F2F2F2",
    "position" : {
      "x" : -17.708204,
      "y" : -11.8054695,
      "z" : 5.9027348
    }
  }, {
    "shape" : "6069a27e-e77e-4ae2-892f-274e0410606b",
    "color" : "#7FCC9F",
    "position" : {
      "x" : -8.854102,
      "y" : -8.854102,
      "z" : -8.854102
    },
    "orientation" : 37
  }, {
    "shape" : "9e2ea6f4-c118-4943-a88e-df845e1ecca7",
    "color" : "#B59A8C",
    "position" : {
      "x" : 0.0,
      "y" : 17.708204,
      "z" : -17.708204
    },
    "orientation" : 2
  }, {
    "shape" : "48d0696e-079b-4861-bc03-fe7a49947136",
    "color" : "#B59A8C",
    "position" : {
      "x" : -17.708204,
      "y" : -17.708204,
      "z" : 0.0
    },
    "orientation" : 46
  }, {
    "shape" : "71ffd3c4-2470-4aac-839c-ecc2bb8158b9",
    "color" : "#B59A8C",
    "position" : {
      "x" : 8.854102,
      "y" : -8.854102,
      "z" : 0.0
    },
    "orientation" : 15
  }, {
    "shape" : "62828d13-9b43-47e3-a87d-bbaf3133cd59",
    "color" : "#7FCC9F",
    "position" : {
      "x" : 8.854102,
      "y" : 8.854102,
      "z" : -8.854102
    },
    "orientation" : 23
  }, {
    "shape" : "63130630-fc3f-4a2c-b113-68f5cea9b91e",
    "color" : "#7FCC9F",
    "position" : {
      "x" : -13.281153,
      "y" : 4.427051,
      "z" : 13.281153
    },
    "orientation" : 7
  }, {
    "shape" : "20805dc8-678b-44a7-adec-482c958149b5",
    "color" : "#B59A8C",
    "position" : {
      "x" : -13.281153,
      "y" : -4.427051,
      "z" : -13.281153
    },
    "orientation" : 47
  }, {
    "shape" : "df82dd47-0275-4a69-ba66-dde780114c69",
    "color" : "#B59A8C",
    "position" : {
      "x" : -4.427051,
      "y" : 4.427051,
      "z" : -4.427051
    },
    "orientation" : 45
  }, {
    "shape" : "ba57e9ee-810a-4f79-9724-3e5eee1c169e",
    "color" : "#F2F2F2",
    "position" : {
      "x" : -17.708204,
      "y" : 0.0,
      "z" : -17.708204
    }
  }, {
    "shape" : "bf41d05b-59e3-4842-971c-dd7f0e240d47",
    "color" : "#B59A8C",
    "position" : {
      "x" : 17.708204,
      "y" : 0.0,
      "z" : 17.708204
    },
    "orientation" : 31
  }, {
    "shape" : "d9a91b2d-8079-4bf9-b75e-2aee9e788df9",
    "color" : "#B59A8C",
    "position" : {
      "x" : -17.708204,
      "y" : -17.708204,
      "z" : 0.0
    },
    "orientation" : 16
  }, {
    "shape" : "252d41ee-563c-4938-a9e2-af8d0bcebc9e",
    "color" : "#B59A8C",
    "position" : {
      "x" : 5.9027348,
      "y" : 11.8054695,
      "z" : -17.708204
    },
    "orientation" : 0
  }, {
    "shape" : "a0bddb63-5402-4fd7-ba26-3ce2a793d6e3",
    "color" : "#B59A8C",
    "position" : {
      "x" : -17.708204,
      "y" : -17.708204,
      "z" : 0.0
    },
    "orientation" : 16
  }, {
    "shape" : "4a8f0377-7497-4cfe-86ff-ea4b77a0ccca",
    "color" : "#B59A8C",
    "position" : {
      "x" : 0.0,
      "y" : -5.9027348,
      "z" : -5.9027348
    },
    "orientation" : 2
  }, {
    "shape" : "4a8f0377-7497-4cfe-86ff-ea4b77a0ccca",
    "color" : "#B59A8C",
    "position" : {
      "x" : 5.9027348,
      "y" : 0.0,
      "z" : 5.9027348
    },
    "orientation" : 45
  }, {
    "shape" : "df82dd47-0275-4a69-ba66-dde780114c69",
    "color" : "#B59A8C",
    "position" : {
      "x" : 4.427051,
      "y" : -4.427051,
      "z" : -4.427051
    },
    "orientation" : 15
  }, {
    "shape" : "ba57e9ee-810a-4f79-9724-3e5eee1c169e",
    "color" : "#F2F2F2",
    "position" : {
      "x" : 8.854102,
      "y" : -8.854102,
      "z" : 8.854102
    }
  }, {
    "shape" : "f1b68369-9836-4767-96d9-17214b9e6c21",
    "color" : "#7FCC9F",
    "position" : {
      "x" : 8.854102,
      "y" : -8.854102,
      "z" : 8.854102
    },
    "orientation" : 8
  }, {
    "shape" : "1ae61ba8-1210-4284-88d1-a3dcc62cbc1e",
    "color" : "#7FCC9F",
    "position" : {
      "x" : 0.0,
      "y" : 8.472136,
      "z" : 0.0
    },
    "orientation" : 21
  }, {
    "shape" : "bf41d05b-59e3-4842-971c-dd7f0e240d47",
    "color" : "#B59A8C",
    "position" : {
      "x" : -17.708204,
      "y" : 0.0,
      "z" : -17.708204
    },
    "orientation" : 16
  }, {
