{
  "field" : "golden",
  "symmetry" : "icosahedral",
  "orientations" : [ [ 1.0, 0.0, 0.0, 0.0, 0.0, 1.0, 0.0, 0.0, 0.0, 0.0, 1.0, 0.0, 0.0, 0.0, 0.0, 1.0 ], [ 0.0, 0.0, 1.0, 0.0, 1.0, 0.0, 0.0, 0.0, 0.0, 1.0, 0.0, 0.0, 0.0, 0.0, 0.0, 1.0 ], [ 0.0, 1.0, 0.0, 0.0, 0.0, 0.0, 1.0, 0.0, 1.0, 0.0, 0.0, 0.0, 0.0, 0.0, 0.0, 1.0 ], [ 0.809017, 0.309017, 0.5, 0.0, 0.309017, 0.5, -0.809017, 0.0, -0.5, 0.809017, 0.309017, 0.0, 0.0, 0.0, 0.0, 1.0 ], [ -0.5, 0.809017, 0.309017, 0.0, 0.809017, 0.309017, 0.5, 0.0, 0.309017, 0.5, -0.809017, 0.0, 0.0, 0.0, 0.0, 1.0 ], [ 0.309017, 0.5, -0.809017, 0.0, -0.5, 0.809017, 0.309017, 0.0, 0.809017, 0.309017, 0.5, 0.0, 0.0, 0.0, 0.0, 1.0 ], [ 0.5, 0.809017, 0.309017, 0.0, 0.809017, -0.309017, -0.5, 0.0, -0.309017, 0.5, -0.809017, 0.0, 0.0, 0.0, 0.0, 1.0 ], [ -0.309017, 0.5, -0.809017, 0.0, 0.5, 0.809017, 0.309017, 0.0, 0.809017, -0.309017, -0.5, 0.0, 0.0, 0.0, 0.0, 1.0 ], [ 0.809017, -0.309017, -0.5, 0.0, -0.309017, 0.5, -0.809017, 0.0, 0.5, 0.809017, 0.309017, 0.0, 0.0, 0.0, 0.0, 1.0 ], [ 0.5, 0.809017, -0.309017, 0.0, 0.809017, -0.309017, 0.5, 0.0, 0.309017, -0.5, -0.809017, 0.0, 0.0, 0.0, 0.0, 1.0 ], [ 0.309017, -0.5, -0.809017, 0.0, 0.5, 0.809017, -0.309017, 0.0, 0.809017, -0.309017, 0.5, 0.0, 0.0, 0.0, 0.0, 1.0 ], [ 0.809017, -0.309017, 0.5, 0.0, 0.309017, -0.5, -0.809017, 0.0, 0.5, 0.809017, -0.309017, 0.0, 0.0, 0.0, 0.0, 1.0 ], [ 0.809017, 0.309017, -0.5, 0.0, 0.309017, 0.5, 0.809017, 0.0, 0.5, -0.809017, 0.309017, 0.0, 0.0, 0.0, 0.0, 1.0 ], [ 0.5, -0.809017, 0.309017, 0.0, 0.809017, 0.309017, -0.5, 0.0, 0.309017, 0.5, 0.809017, 0.0, 0.0, 0.0, 0.0, 1.0 ], [ 0.309017, 0.5, 0.809017, 0.0, 0.5, -0.809017, 0.309017, 0.0, 0.809017, 0.309017, -0.5, 0.0, 0.0, 0.0, 0.0, 1.0 ], [ 1.0, 0.0, 0.0, 0.0, 0.0, -1.0, 0.0, 0.0, 0.0, 0.0, -1.0, 0.0, 0.0, 0.0, 0.0, 1.0 ], [ 0.0, 0.0, 1.0, 0.0, -1.0, 0.0, 0.0, 0.0, 0.0, -1.0, 0.0, 0.0, 0.0, 0.0, 0.0, 1.0 ], [ 0.0, 1.0, 0.0, 0.0, 0.0, 0.0, -1.0, 0.0, -1.0, 0.0, 0.0, 0.0, 0.0, 0.0, 0.0, 1.0 ], [ 0.809017, 0.309017, 0.5, 0.0, -0.309017, -0.5, 0.809017, 0.0, 0.5, -0.809017, -0.309017, 0.0, 0.0, 0.0, 0.0, 1.0 ], [ -0.5, 0.809017, 0.309017, 0.0, -0.809017, -0.309017, -0.5, 0.0, -0.309017, -0.5, 0.809017, 0.0, 0.0, 0.0, 0.0, 1.0 ], [ 0.309017, 0.5, -0.809017, 0.0, 0.5, -0.809017, -0.309017, 0.0, -0.809017, -0.309017, -0.5, 0.0, 0.0, 0.0, 0.0, 1.0 ], [ 0.5, 0.809017, 0.309017, 0.0, -0.809017, 0.309017, 0.5, 0.0, 0.309017, -0.5, 0.809017, 0.0, 0.0, 0.0, 0.0, 1.0 ], [ -0.309017, 0.5, -0.809017, 0.0, -0.5, -0.809017, -0.309017, 0.0, -0.809017, 0.309017, 0.5, 0.0, 0.0, 0.0, 0.0, 1.0 ], [ 0.809017, -0.309017, -0.5, 0.0, 0.309017, -0.5, 0.809017, 0.0, -0.5, -0.809017, -0.309017, 0.0, 0.0, 0.0, 0.0, 1.0 ], [ 0.5, 0.809017, -0.309017, 0.0, -0.809017, 0.309017, -0.5, 0.0, -0.309017, 0.5, 0.809017, 0.0, 0.0, 0.0, 0.0, 1.0 ], [ 0.309017, -0.5, -0.809017, 0.0, -0.5, -0.809017, 0.309017, 0.0, -0.809017, 0.309017, -0.5, 0.0, 0.0, 0.0, 0.0, 1.0 ], [ 0.809017, -0.309017, 0.5, 0.0, -0.309017, 0.5, 0.809017, 0.0, -0.5, -0.809017, 0.309017, 0.0, 0.0, 0.0, 0.0, 1.0 ], [ 0.809017, 0.309017, -0.5, 0.0, -0.309017, -0.5, -0.809017, 0.0, -0.5, 0.809017, -0.309017, 0.0, 0.0, 0.0, 0.0, 1.0 ], [ 0.5, -0.809017, 0.309017, 0.0, -0.809017, -0.309017, 0.5, 0.0, -0.309017, -0.5, -0.809017, 0.0, 0.0, 0.0, 0.0, 1.0 ], [ 0.309017, 0.5, 0.809017, 0.0, -0.5, 0.809017, -0.309017, 0.0, -0.809017, -0.309017, 0.5, 0.0, 0.0, 0.0, 0.0, 1.0 ], [ -1.0, 0.0, 0.0, 0.0, 0.0, -1.0, 0.0, 0.0, 0.0, 0.0, 1.0, 0.0, 0.0, 0.0, 0.0, 1.0 ], [ 0.0, 0.0, -1.0, 0.0, -1.0, 0.0, 0.0, 0.0, 0.0, 1.0, 0.0, 0.0, 0.0, 0.0, 0.0, 1.0 ], [ 0.0, -1.0, 0.0, 0.0, 0.0, 0.0, -1.0, 0.0, 1.0, 0.0, 0.0, 0.0, 0.0, 0.0, 0.0, 1.0 ], [ -0.809017, -0.309017, -0.5, 0.0, -0.309017, -0.5, 0.809017, 0.0, -0.5, 0.809017, 0.309017, 0.0, 0.0, 0.0, 0.0, 1.0 ], [ 0.5, -0.809017, -0.309017, 0.0, -0.809017, -0.309017, -0.5, 0.0, 0.309017, 0.5, -0.809017, 0.0, 0.0, 0.0, 0.0, 1.0 ], [ -0.309017, -0.5, 0.809017, 0.0, 0.5, -0.809017, -0.309017, 0.0, 0.809017, 0.309017, 0.5, 0.0, 0.0, 0.0, 0.0, 1.0 ], [ -0.5, -0.809017, -0.309017, 0.0, -0.809017, 0.309017, 0.5, 0.0, -0.309017, 0.5, -0.809017, 0.0, 0.0, 0.0, 0.0, 1.0 ], [ 0.309017, -0.5, 0.809017, 0.0, -0.5, -0.809017, -0.309017, 0.0, 0.809017, -0.309017, -0.5, 0.0, 0.0, 0.0, 0.0, 1.0 ], [ -0.809017, 0.309017, 0.5, 0.0, 0.309017, -0.5, 0.809017, 0.0, 0.5, 0.809017, 0.309017, 0.0, 0.0, 0.0, 0.0, 1.0 ], [ -0.5, -0.809017, 0.309017, 0.0, -0.809017, 0.309017, -0.5, 0.0, 0.309017, -0.5, -0.809017, 0.0, 0.0, 0.0, 0.0, 1.0 ], [ -0.309017, 0.5, 0.809017, 0.0, -0.5, -0.809017, 0.309017, 0.0, 0.809017, -0.309017, 0.5, 0.0, 0.0, 0.0, 0.0, 1.0 ], [ -0.809017, 0.309017, -0.5, 0.0, -0.309017, 0.5, 0.809017, 0.0, 0.5, 0.809017, -0.309017, 0.0, 0.0, 0.0, 0.0, 1.0 ], [ -0.809017, -0.309017, 0.5, 0.0, -0.309017, -0.5, -0.809017, 0.0, 0.5, -0.809017, 0.309017, 0.0, 0.0, 0.0, 0.0, 1.0 ], [ -0.5, 0.809017, -0.309017, 0.0, -0.809017, -0.309017, 0.5, 0.0, 0.309017, 0.5, 0.809017, 0.0, 0.0, 0.0, 0.0, 1.0 ], [ -0.309017, -0.5, -0.809017, 0.0, -0.5, 0.809017, -0.309017, 0.0, 0.809017, 0.309017, -0.5, 0.0, 0.0, 0.0, 0.0, 1.0 ], [ -1.0, 0.0, 0.0, 0.0, 0.0, 1.0, 0.0, 0.0, 0.0, 0.0, -1.0, 0.0, 0.0, 0.0, 0.0, 1.0 ], [ 0.0, 0.0, -1.0, 0.0, 1.0, 0.0, 0.0, 0.0, 0.0, -1.0, 0.0, 0.0, 0.0, 0.0, 0.0, 1.0 ], [ 0.0, -1.0, 0.0, 0.0, 0.0, 0.0, 1.0, 0.0, -1.0, 0.0, 0.0, 0.0, 0.0, 0.0, 0.0, 1.0 ], [ -0.809017, -0.309017, -0.5, 0.0, 0.309017, 0.5, -0.809017, 0.0, 0.5, -0.809017, -0.309017, 0.0, 0.0, 0.0, 0.0, 1.0 ], [ 0.5, -0.809017, -0.309017, 0.0, 0.809017, 0.309017, 0.5, 0.0, -0.309017, -0.5, 0.809017, 0.0, 0.0, 0.0, 0.0, 1.0 ], [ -0.309017, -0.5, 0.809017, 0.0, -0.5, 0.809017, 0.309017, 0.0, -0.809017, -0.309017, -0.5, 0.0, 0.0, 0.0, 0.0, 1.0 ], [ -0.5, -0.809017, -0.309017, 0.0, 0.809017, -0.309017, -0.5, 0.0, 0.309017, -0.5, 0.809017, 0.0, 0.0, 0.0, 0.0, 1.0 ], [ 0.309017, -0.5, 0.809017, 0.0, 0.5, 0.809017, 0.309017, 0.0, -0.809017, 0.309017, 0.5, 0.0, 0.0, 0.0, 0.0, 1.0 ], [ -0.809017, 0.309017, 0.5, 0.0, -0.309017, 0.5, -0.809017, 0.0, -0.5, -0.809017, -0.309017, 0.0, 0.0, 0.0, 0.0, 1.0 ], [ -0.5, -0.809017, 0.309017, 0.0, 0.809017, -0.309017, 0.5, 0.0, -0.309017, 0.5, 0.809017, 0.0, 0.0, 0.0, 0.0, 1.0 ], [ -0.309017, 0.5, 0.809017, 0.0, 0.5, 0.809017, -0.309017, 0.0, -0.809017, 0.309017, -0.5, 0.0, 0.0, 0.0, 0.0, 1.0 ], [ -0.809017, 0.309017, -0.5, 0.0, 0.309017, -0.5, -0.809017, 0.0, -0.5, -0.809017, 0.309017, 0.0, 0.0, 0.0, 0.0, 1.0 ], [ -0.809017, -0.309017, 0.5, 0.0, 0.309017, 0.5, 0.809017, 0.0, -0.5, 0.809017, -0.309017, 0.0, 0.0, 0.0, 0.0, 1.0 ], [ -0.5, 0.809017, -0.309017, 0.0, 0.809017, 0.309017, -0.5, 0.0, -0.309017, -0.5, -0.809017, 0.0, 0.0, 0.0, 0.0, 1.0 ], [ -0.309017, -0.5, -0.809017, 0.0, 0.5, -0.809017, 0.309017, 0.0, -0.809017, -0.309017, 0.5, 0.0, 0.0, 0.0, 0.0, 1.0 ] ],
  "lights" : {
    "ambientColor" : "#292929",
    "backgroundColor" : "#CCCCCC",
    "directionalLights" : [ {
      "direction" : {
        "x" : 1.0,
        "y" : -1.0,
        "z" : -1.0
      },
      "color" : "#EBEBE4"
    }, {
      "direction" : {
        "x" : -1.0,
        "y" : 0.0,
        "z" : 0.0
      },
      "color" : "#E4E4EB"
    }, {
      "direction" : {
        "x" : 0.0,
        "y" : 0.0,
        "z" : -1.0
      },
      "color" : "#1E1E1E"
    } ]
  },
  "camera" : {
    "perspective" : true,
    "viewDistance" : 92.654686,
    "nearClipDistance" : 0.23163691,
    "farClipDistance" : 185.30957,
    "lookAtPoint" : {
      "x" : 0.0,
      "y" : 0.0,
      "z" : 0.0
    },
    "fieldOfView" : 0.4426289,
    "lookDirection" : {
      "x" : 0.0,
      "y" : 0.0,
      "z" : -1.0
    },
    "upDirection" : {
      "x" : 0.0,
      "y" : 1.0,
      "z" : 0.0
    },
    "stereo" : false,
    "width" : 41.69461,
    "position" : {
      "x" : 0.0,
      "y" : 0.0,
      "z" : 92.654686
    }
  },
  "embedding" : [ 1.0, 0.0, 0.0, 0.0, 0.0, 1.0, 0.0, 0.0, 0.0, 0.0, 1.0, 0.0, 0.0, 0.0, 0.0, 1.0 ],
  "shapes" : [ {
    "id" : "0d7c8cd5-72b1-4b72-90df-5c38ed166d7b",
    "vertices" : [ {
      "x" : 0.309017,
      "y" : -0.309017,
      "z" : -0.309017
    }, {
      "x" : 0.5,
      "y" : 0.0,
      "z" : -0.19098301
    }, {
      "x" : 0.5,
      "y" : 0.0,
      "z" : 0.19098301
    }, {
      "x" : 0.309017,
      "y" : -0.309017,
      "z" : 0.309017
    }, {
      "x" : 0.19098301,
      "y" : -0.5,
      "z" : 0.0
    }, {
      "x" : 0.0,
      "y" : 0.19098301,
      "z" : 0.5
    }, {
      "x" : 0.0,
      "y" : -0.19098301,
      "z" : 0.5
    }, {
      "x" : 0.309017,
      "y" : 0.309017,
      "z" : 0.309017
    }, {
      "x" : -0.309017,
      "y" : -0.309017,
      "z" : 0.309017
    }, {
      "x" : -0.309017,
      "y" : 0.309017,
      "z" : 0.309017
    }, {
      "x" : -0.5,
      "y" : 0.0,
      "z" : 0.19098301
    }, {
      "x" : 0.0,
      "y" : -0.19098301,
      "z" : -0.5
    }, {
      "x" : 0.0,
      "y" : 0.19098301,
      "z" : -0.5
    }, {
      "x" : 0.309017,
      "y" : 0.309017,
      "z" : -0.309017
    }, {
      "x" : -0.309017,
      "y" : -0.309017,
      "z" : -0.309017
    }, {
      "x" : -0.19098301,
      "y" : -0.5,
      "z" : 0.0
    }, {
      "x" : -0.5,
      "y" : 0.0,
      "z" : -0.19098301
    }, {
      "x" : 0.19098301,
      "y" : 0.5,
      "z" : 0.0
    }, {
      "x" : -0.309017,
      "y" : 0.309017,
      "z" : -0.309017
    }, {
      "x" : 0.0,
      "y" : 0.0,
      "z" : 0.0
    }, {
      "x" : -0.19098301,
      "y" : 0.5,
      "z" : 0.0
    } ],
    "faces" : [ {
      "vertices" : [ 12, 18, 20 ]
    }, {
      "vertices" : [ 12, 20, 17 ]
    }, {
      "vertices" : [ 12, 17, 13 ]
    }, {
      "vertices" : [ 3, 6, 8 ]
    }, {
      "vertices" : [ 3, 8, 15 ]
    }, {
      "vertices" : [ 3, 15, 4 ]
    }, {
      "vertices" : [ 0, 11, 12 ]
    }, {
      "vertices" : [ 0, 12, 13 ]
    }, {
      "vertices" : [ 0, 13, 1 ]
    }, {
      "vertices" : [ 5, 9, 10 ]
    }, {
      "vertices" : [ 5, 10, 8 ]
    }, {
      "vertices" : [ 5, 8, 6 ]
    }, {
      "vertices" : [ 2, 7, 5 ]
    }, {
      "vertices" : [ 2, 5, 6 ]
    }, {
      "vertices" : [ 2, 6, 3 ]
    }, {
      "vertices" : [ 11, 14, 16 ]
    }, {
      "vertices" : [ 11, 16, 18 ]
    }, {
      "vertices" : [ 11, 18, 12 ]
    }, {
      "vertices" : [ 1, 13, 17 ]
    }, {
      "vertices" : [ 1, 17, 7 ]
    }, {
      "vertices" : [ 1, 7, 2 ]
    }, {
      "vertices" : [ 9, 20, 18 ]
    }, {
      "vertices" : [ 9, 18, 16 ]
    }, {
      "vertices" : [ 9, 16, 10 ]
    }, {
      "vertices" : [ 0, 1, 2 ]
    }, {
      "vertices" : [ 0, 2, 3 ]
    }, {
      "vertices" : [ 0, 3, 4 ]
    }, {
      "vertices" : [ 5, 7, 17 ]
    }, {
      "vertices" : [ 5, 17, 20 ]
    }, {
      "vertices" : [ 5, 20, 9 ]
    }, {
      "vertices" : [ 0, 4, 15 ]
    }, {
      "vertices" : [ 0, 15, 14 ]
    }, {
      "vertices" : [ 0, 14, 11 ]
    }, {
      "vertices" : [ 8, 10, 16 ]
    }, {
      "vertices" : [ 8, 16, 14 ]
    }, {
      "vertices" : [ 8, 14, 15 ]
    } ]
  }, {
    "id" : "f89bc5fa-fc56-437b-a37f-03618638532b",
    "vertices" : [ {
      "x" : -2.358034,
      "y" : -2.1913674,
      "z" : 9.998802
    }, {
      "x" : -2.258034,
      "y" : -2.5913672,
      "z" : 9.898803
    }, {
      "x" : -0.26,
      "y" : -0.42666668,
      "z" : 0.47333333
    }, {
      "x" : -0.36,
      "y" : -0.026666667,
      "z" : 0.5733333
    }, {
      "x" : -2.558034,
      "y" : -2.7247007,
      "z" : 9.665469
    }, {
      "x" : -2.658034,
      "y" : -2.3247006,
      "z" : 9.76547
    }, {
      "x" : -0.06,
      "y" : 0.10666667,
      "z" : 0.8066667
    }, {
      "x" : 0.04,
      "y" : -0.29333332,
      "z" : 0.70666665
    } ],
    "faces" : [ {
      "vertices" : [ 2, 3, 6 ]
    }, {
      "vertices" : [ 2, 6, 7 ]
    }, {
      "vertices" : [ 0, 5, 4 ]
    }, {
      "vertices" : [ 0, 4, 1 ]
    }, {
      "vertices" : [ 2, 4, 5 ]
    }, {
      "vertices" : [ 2, 5, 3 ]
    }, {
      "vertices" : [ 0, 6, 3 ]
    }, {
      "vertices" : [ 0, 3, 5 ]
    }, {
      "vertices" : [ 0, 1, 7 ]
    }, {
      "vertices" : [ 0, 7, 6 ]
    }, {
      "vertices" : [ 1, 4, 2 ]
    }, {
      "vertices" : [ 1, 2, 7 ]
    } ]
  }, {
    "id" : "4be69037-ceb7-48eb-8c8a-8b7463b6f6df",
    "vertices" : [ {
      "x" : 9.972136,
      "y" : 3.809017,
      "z" : -1.454915
    }, {
      "x" : 9.59017,
      "y" : 3.354102,
      "z" : -1.263932
    }, {
      "x" : 9.427051,
      "y" : 3.618034,
      "z" : -1.690983
    }, {
      "x" : 9.354102,
      "y" : 3.881966,
      "z" : -1.5
    }, {
      "x" : 0.85410196,
      "y" : 0.309017,
      "z" : 0.19098301
    }, {
      "x" : 0.690983,
      "y" : 0.572949,
      "z" : -0.23606798
    }, {
      "x" : 0.309017,
      "y" : 0.11803399,
      "z" : -0.045084972
    }, {
      "x" : 0.76393205,
      "y" : 0.309017,
      "z" : -0.42705098
    }, {
      "x" : 0.927051,
      "y" : 0.045084972,
      "z" : 0.0
    }, {
      "x" : 9.5172205,
      "y" : 3.618034,
      "z" : -1.072949
    }, {
      "x" : 10.281153,
      "y" : 3.927051,
      "z" : -1.5
    } ],
    "faces" : [ {
      "vertices" : [ 2, 7, 5 ]
    }, {
      "vertices" : [ 2, 5, 3 ]
    }, {
      "vertices" : [ 1, 8, 7 ]
    }, {
      "vertices" : [ 1, 7, 2 ]
    }, {
      "vertices" : [ 4, 6, 8 ]
    }, {
      "vertices" : [ 5, 7, 6 ]
    }, {
      "vertices" : [ 0, 1, 2 ]
    }, {
      "vertices" : [ 0, 2, 3 ]
    }, {
      "vertices" : [ 6, 7, 8 ]
    }, {
      "vertices" : [ 3, 5, 4 ]
    }, {
      "vertices" : [ 3, 4, 9 ]
    }, {
      "vertices" : [ 1, 9, 4 ]
    }, {
      "vertices" : [ 1, 4, 8 ]
    }, {
      "vertices" : [ 0, 9, 1 ]
    }, {
      "vertices" : [ 0, 3, 9 ]
    }, {
      "vertices" : [ 4, 5, 6 ]
    } ]
  }, {
    "id" : "7dc266e4-dea6-4db7-b929-ef75544d85a9",
    "vertices" : [ {
      "x" : 2.618034,
      "y" : 2.618034,
      "z" : 10.472136
    }, {
      "x" : 7.854102,
      "y" : 7.854102,
      "z" : 0.0
    }, {
      "x" : 0.0,
      "y" : 0.0,
      "z" : 0.0
    } ],
    "faces" : [ {
      "vertices" : [ 0, 1, 2 ]
    }, {
      "vertices" : [ 0, 2, 1 ]
    } ]
  }, {
    "id" : "23fc19da-0fae-4013-a0fd-f441d861dfe0",
    "vertices" : [ {
      "x" : 6.545085,
      "y" : 2.5,
      "z" : -0.95491505
    }, {
      "x" : 6.163119,
      "y" : 2.045085,
      "z" : -0.76393205
    }, {
      "x" : 6.0,
      "y" : 2.309017,
      "z" : -1.190983
    }, {
      "x" : 5.927051,
      "y" : 2.572949,
      "z" : -1.0
    }, {
      "x" : 0.85410196,
      "y" : 0.309017,
      "z" : 0.19098301
    }, {
      "x" : 0.690983,
      "y" : 0.572949,
      "z" : -0.23606798
    }, {
      "x" : 0.309017,
      "y" : 0.11803399,
      "z" : -0.045084972
    }, {
      "x" : 0.76393205,
      "y" : 0.309017,
      "z" : -0.42705098
    }, {
      "x" : 0.927051,
      "y" : 0.045084972,
      "z" : 0.0
    }, {
      "x" : 6.09017,
      "y" : 2.309017,
      "z" : -0.572949
    }, {
      "x" : 6.854102,
      "y" : 2.618034,
      "z" : -1.0
    } ],
    "faces" : [ {
      "vertices" : [ 2, 7, 5 ]
    }, {
      "vertices" : [ 2, 5, 3 ]
    }, {
      "vertices" : [ 1, 8, 7 ]
    }, {
      "vertices" : [ 1, 7, 2 ]
    }, {
      "vertices" : [ 4, 6, 8 ]
    }, {
      "vertices" : [ 5, 7, 6 ]
    }, {
      "vertices" : [ 0, 1, 2 ]
    }, {
      "vertices" : [ 0, 2, 3 ]
    }, {
      "vertices" : [ 6, 7, 8 ]
    }, {
      "vertices" : [ 3, 5, 4 ]
    }, {
      "vertices" : [ 3, 4, 9 ]
    }, {
      "vertices" : [ 1, 9, 4 ]
    }, {
      "vertices" : [ 1, 4, 8 ]
    }, {
      "vertices" : [ 0, 9, 1 ]
    }, {
      "vertices" : [ 0, 3, 9 ]
    }, {
      "vertices" : [ 4, 5, 6 ]
    } ]
  }, {
    "id" : "4c4dd658-e7ee-48b0-bae3-e0b010cba665",
    "vertices" : [ {
      "x" : -10.023418,
      "y" : -0.26666668,
      "z" : 4.828376
    }, {
      "x" : -9.923418,
      "y" : 0.13333334,
      "z" : 4.7283754
    }, {
      "x" : -0.44871795,
      "y" : 0.26666668,
      "z" : 0.4076923
    }, {
      "x" : -0.548718,
      "y" : -0.13333334,
      "z" : 0.50769234
    }, {
      "x" : -9.690084,
      "y" : 0.26666668,
      "z" : 5.0283756
    }, {
      "x" : -9.790085,
      "y" : -0.13333334,
      "z" : 5.1283755
    }, {
      "x" : -0.78205127,
      "y" : -0.26666668,
      "z" : 0.20769231
    }, {
      "x" : -0.6820513,
      "y" : 0.13333334,
      "z" : 0.10769231
    } ],
    "faces" : [ {
      "vertices" : [ 2, 3, 6 ]
    }, {
      "vertices" : [ 2, 6, 7 ]
    }, {
      "vertices" : [ 0, 5, 4 ]
    }, {
      "vertices" : [ 0, 4, 1 ]
    }, {
      "vertices" : [ 2, 4, 5 ]
    }, {
      "vertices" : [ 2, 5, 3 ]
    }, {
      "vertices" : [ 0, 6, 3 ]
    }, {
      "vertices" : [ 0, 3, 5 ]
    }, {
      "vertices" : [ 0, 1, 7 ]
    }, {
      "vertices" : [ 0, 7, 6 ]
    }, {
      "vertices" : [ 1, 4, 2 ]
    }, {
      "vertices" : [ 1, 2, 7 ]
    } ]
  }, {
    "id" : "6fef0fee-322c-4cf0-bffb-9e03112ea194",
    "vertices" : [ {
      "x" : -10.023418,
      "y" : -4.828376,
      "z" : -0.26666668
    }, {
      "x" : -9.923418,
      "y" : -4.7283754,
      "z" : 0.13333334
    }, {
      "x" : -0.44871795,
      "y" : -0.4076923,
      "z" : 0.26666668
    }, {
      "x" : -0.548718,
      "y" : -0.50769234,
      "z" : -0.13333334
    }, {
      "x" : -9.690084,
      "y" : -5.0283756,
      "z" : 0.26666668
    }, {
      "x" : -9.790085,
      "y" : -5.1283755,
      "z" : -0.13333334
    }, {
      "x" : -0.78205127,
      "y" : -0.20769231,
      "z" : -0.26666668
    }, {
      "x" : -0.6820513,
      "y" : -0.10769231,
      "z" : 0.13333334
    } ],
    "faces" : [ {
      "vertices" : [ 2, 3, 6 ]
    }, {
      "vertices" : [ 2, 6, 7 ]
    }, {
      "vertices" : [ 0, 5, 4 ]
    }, {
      "vertices" : [ 0, 4, 1 ]
    }, {
      "vertices" : [ 2, 4, 5 ]
    }, {
      "vertices" : [ 2, 5, 3 ]
    }, {
      "vertices" : [ 0, 6, 3 ]
    }, {
      "vertices" : [ 0, 3, 5 ]
    }, {
      "vertices" : [ 0, 1, 7 ]
    }, {
      "vertices" : [ 0, 7, 6 ]
    }, {
      "vertices" : [ 1, 4, 2 ]
    }, {
      "vertices" : [ 1, 2, 7 ]
    } ]
  } ],
  "instances" : [ {
    "shape" : "0d7c8cd5-72b1-4b72-90df-5c38ed166d7b",
    "color" : "#FFFFFF",
    "position" : {
      "x" : 2.618034,
      "y" : -2.618034,
      "z" : -10.472136
    }
  }, {
    "shape" : "0d7c8cd5-72b1-4b72-90df-5c38ed166d7b",
    "color" : "#FFFFFF",
    "position" : {
      "x" : 5.236068,
      "y" : 0.0,
      "z" : -10.472136
    }
  }, {
    "shape" : "f89bc5fa-fc56-437b-a37f-03618638532b",
    "color" : "#FFFFFF",
    "position" : {
      "x" : 2.618034,
      "y" : 2.618034,
      "z" : -10.472136
    },
    "orientation" : 0
  }, {
    "shape" : "0d7c8cd5-72b1-4b72-90df-5c38ed166d7b",
    "color" : "#FFFFFF",
    "position" : {
      "x" : 10.472136,
      "y" : 0.0,
      "z" : -5.236068
    }
  }, {
    "shape" : "0d7c8cd5-72b1-4b72-90df-5c38ed166d7b",
    "color" : "#FFFFFF",
    "position" : {
      "x" : 7.854102,
      "y" : -7.854102,
      "z" : 0.0
    }
  }, {
    "shape" : "4be69037-ceb7-48eb-8c8a-8b7463b6f6df",
    "color" : "#008D36",
    "position" : {
      "x" : -7.854102,
      "y" : 0.0,
      "z" : 7.854102
    },
    "orientation" : 23
  }, {
    "shape" : "0d7c8cd5-72b1-4b72-90df-5c38ed166d7b",
    "color" : "#FFFFFF",
    "position" : {
      "x" : 2.618034,
      "y" : -2.618034,
      "z" : 10.472136
    }
  }, {
    "shape" : "0d7c8cd5-72b1-4b72-90df-5c38ed166d7b",
    "color" : "#FFFFFF",
    "position" : {
      "x" : 5.236068,
      "y" : 0.0,
      "z" : 10.472136
    }
  }, {
    "shape" : "0d7c8cd5-72b1-4b72-90df-5c38ed166d7b",
    "color" : "#FFFFFF",
    "position" : {
      "x" : -7.854102,
      "y" : 7.854102,
      "z" : 0.0
    }
  }, {
    "shape" : "0d7c8cd5-72b1-4b72-90df-5c38ed166d7b",
    "color" : "#FFFFFF",
    "position" : {
      "x" : 2.618034,
      "y" : 10.472136,
      "z" : -2.618034
    }
  }, {
    "shape" : "7dc266e4-dea6-4db7-b929-ef75544d85a9",
    "color" : "#7FC69A",
    "position" : {
      "x" : 0.0,
      "y" : 0.0,
      "z" : 0.0
    }
  }, {
    "shape" : "0d7c8cd5-72b1-4b72-90df-5c38ed166d7b",
    "color" : "#FFFFFF",
    "position" : {
      "x" : -10.472136,
      "y" : 2.618034,
      "z" : 2.618034
    }
  }, {
    "shape" : "f89bc5fa-fc56-437b-a37f-03618638532b",
    "color" : "#FFFFFF",
    "position" : {
      "x" : 0.0,
      "y" : 0.0,
      "z" : 0.0
    },
    "orientation" : 0
  }, {
    "shape" : "23fc19da-0fae-4013-a0fd-f441d861dfe0",
    "color" : "#008D36",
    "position" : {
      "x" : -10.472136,
      "y" : 5.236068,
      "z" : 0.0
    },
    "orientation" : 37
  }, {
    "shape" : "0d7c8cd5-72b1-4b72-90df-5c38ed166d7b",
    "color" : "#FFFFFF",
    "position" : {
      "x" : 10.472136,
      "y" : -2.618034,
      "z" : -2.618034
    }
  }, {
    "shape" : "23fc19da-0fae-4013-a0fd-f441d861dfe0",
    "color" : "#008D36",
    "position" : {
      "x" : -5.236068,
      "y" : 0.0,
      "z" : 10.472136
    },
    "orientation" : 6
  }, {
    "shape" : "0d7c8cd5-72b1-4b72-90df-5c38ed166d7b",
    "color" : "#FFFFFF",
    "position" : {
      "x" : 10.472136,
      "y" : 2.618034,
      "z" : 2.618034
    }
  }, {
    "shape" : "23fc19da-0fae-4013-a0fd-f441d861dfe0",
    "color" : "#008D36",
    "position" : {
      "x" : -5.236068,
      "y" : 0.0,
      "z" : -10.472136
    },
    "orientation" : 38
  }, {
    "shape" : "4c4dd658-e7ee-48b0-bae3-e0b010cba665",
    "color" : "#B0E0E6",
    "position" : {
      "x" : 0.0,
      "y" : 5.236068,
      "z" : 10.472136
    },
    "orientation" : 32
  }, {
    "shape" : "0d7c8cd5-72b1-4b72-90df-5c38ed166d7b",
    "color" : "#FFFFFF",
    "position" : {
      "x" : -5.236068,
      "y" : 10.472136,
      "z" : 0.0
    }
  }, {
    "shape" : "23fc19da-0fae-4013-a0fd-f441d861dfe0",
    "color" : "#008D36",
    "position" : {
      "x" : 10.472136,
      "y" : 0.0,
      "z" : -5.236068
    },
    "orientation" : 37
  }, {
    "shape" : "0d7c8cd5-72b1-4b72-90df-5c38ed166d7b",
    "color" : "#FFFFFF",
    "position" : {
      "x" : -7.854102,
      "y" : -7.854102,
      "z" : 0.0
    }
  }, {
    "shape" : "23fc19da-0fae-4013-a0fd-f441d861dfe0",
    "color" : "#008D36",
    "position" : {
      "x" : 0.0,
      "y" : 5.236068,
      "z" : -10.472136
    },
    "orientation" : 36
  }, {
    "shape" : "4be69037-ceb7-48eb-8c8a-8b7463b6f6df",
    "color" : "#008D36",
    "position" : {
      "x" : 0.0,
      "y" : 7.854102,
      "z" : 7.854102
    },
    "orientation" : 22
  }, {
    "shape" : "23fc19da-0fae-4013-a0fd-f441d861dfe0",
    "color" : "#008D36",
    "position" : {
      "x" : 10.472136,
      "y" : 0.0,
      "z" : 5.236068
    },
    "orientation" : 52
  }, {
    "shape" : "0d7c8cd5-72b1-4b72-90df-5c38ed166d7b",
    "color" : "#FFFFFF",
    "position" : {
      "x" : 10.472136,
      "y" : -2.618034,
      "z" : 2.618034
    }
  }, {
    "shape" : "0d7c8cd5-72b1-4b72-90df-5c38ed166d7b",
    "color" : "#FFFFFF",
    "position" : {
      "x" : 10.472136,
      "y" : 0.0,
      "z" : 5.236068
    }
  }, {
    "shape" : "0d7c8cd5-72b1-4b72-90df-5c38ed166d7b",
    "color" : "#FFFFFF",
    "position" : {
      "x" : 2.618034,
      "y" : 2.618034,
      "z" : -10.472136
    }
  }, {
    "shape" : "4c4dd658-e7ee-48b0-bae3-e0b010cba665",
    "color" : "#B0E0E6",
    "position" : {
      "x" : 10.472136,
      "y" : 0.0,
      "z" : -5.236068
    },
    "orientation" : 0
  }, {
    "shape" : "4be69037-ceb7-48eb-8c8a-8b7463b6f6df",
    "color" : "#008D36",
    "position" : {
      "x" : -7.854102,
      "y" : 0.0,
      "z" : -7.854102
    },
    "orientation" : 8
  }, {
    "shape" : "f89bc5fa-fc56-437b-a37f-03618638532b",
    "color" : "#FFFFFF",
    "position" : {
      "x" : 0.0,
      "y" : 0.0,
      "z" : 0.0
    },
    "orientation" : 45
  }, {
    "shape" : "0d7c8cd5-72b1-4b72-90df-5c38ed166d7b",
    "color" : "#FFFFFF",
    "position" : {
      "x" : -7.854102,
      "y" : 0.0,
      "z" : -7.854102
    }
  }, {
    "shape" : "0d7c8cd5-72b1-4b72-90df-5c38ed166d7b",
    "color" : "#FFFFFF",
    "position" : {
      "x" : 0.0,
      "y" : 5.236068,
      "z" : 10.472136
    }
  }, {
    "shape" : "f89bc5fa-fc56-437b-a37f-03618638532b",
    "color" : "#FFFFFF",
    "position" : {
      "x" : -2.618034,
      "y" : -2.618034,
      "z" : -10.472136
    },
    "orientation" : 30
  }, {
    "shape" : "23fc19da-0fae-4013-a0fd-f441d861dfe0",
    "color" : "#008D36",
    "position" : {
      "x" : 0.0,
      "y" : -10.472136,
      "z" : 5.236068
    },
    "orientation" : 23
  }, {
    "shape" : "f89bc5fa-fc56-437b-a37f-03618638532b",
    "color" : "#FFFFFF",
    "position" : {
      "x" : 0.0,
      "y" : 0.0,
      "z" : 0.0
    },
    "orientation" : 2
  }, {
    "shape" : "4c4dd658-e7ee-48b0-bae3-e0b010cba665",
    "color" : "#B0E0E6",
    "position" : {
      "x" : 0.0,
      "y" : -5.236068,
      "z" : -10.472136
    },
    "orientation" : 47
  }, {
    "shape" : "0d7c8cd5-72b1-4b72-90df-5c38ed166d7b",
    "color" : "#FFFFFF",
    "position" : {
      "x" : 2.618034,
      "y" : 10.472136,
      "z" : 2.618034
    }
  }, {
    "shape" : "6fef0fee-322c-4cf0-bffb-9e03112ea194",
    "color" : "#B8860B",
    "position" : {
      "x" : 5.236068,
      "y" : 0.0,
      "z" : -10.472136
    },
    "orientation" : 17
  }, {
    "shape" : "4c4dd658-e7ee-48b0-bae3-e0b010cba665",
    "color" : "#B0E0E6",
    "position" : {
      "x" : 5.236068,
      "y" : 10.472136,
      "z" : 0.0
    },
    "orientation" : 46
  }, {
    "shape" : "0d7c8cd5-72b1-4b72-90df-5c38ed166d7b",
    "color" : "#FFFFFF",
    "position" : {
      "x" : -10.472136,
      "y" : -2.618034,
      "z" : 2.618034
    }
  }, {
    "shape" : "4be69037-ceb7-48eb-8c8a-8b7463b6f6df",
    "color" : "#008D36",
    "position" : {
      "x" : -7.854102,
      "y" : -7.854102,
      "z" : 0.0
    },
    "orientation" : 6
  }, {
    "shape" : "4c4dd658-e7ee-48b0-bae3-e0b010cba665",
    "color" : "#B0E0E6",
    "position" : {
      "x" : 5.236068,
      "y" : -10.472136,
      "z" : 0.0
    },
    "orientation" : 31
  }, {
    "shape" : "23fc19da-0fae-4013-a0fd-f441d861dfe0",
    "color" : "#008D36",
    "position" : {
      "x" : 0.0,
      "y" : 10.472136,
      "z" : 5.236068
    },
    "orientation" : 53
  }, {
    "shape" : "4c4dd658-e7ee-48b0-bae3-e0b010cba665",
    "color" : "#B0E0E6",
    "position" : {
      "x" : 0.0,
      "y" : 5.236068,
      "z" : -10.472136
    },
    "orientation" : 17
  }, {
    "shape" : "23fc19da-0fae-4013-a0fd-f441d861dfe0",
    "color" : "#008D36",
    "position" : {
      "x" : -5.236068,
      "y" : 0.0,
      "z" : -10.472136
    },
    "orientation" : 21
  }, {
    "shape" : "23fc19da-0fae-4013-a0fd-f441d861dfe0",
    "color" : "#008D36",
    "position" : {
      "x" : 5.236068,
      "y" : 0.0,
      "z" : 10.472136
    },
    "orientation" : 36
  }, {
    "shape" : "0d7c8cd5-72b1-4b72-90df-5c38ed166d7b",
    "color" : "#FFFFFF",
    "position" : {
      "x" : -2.618034,
      "y" : -10.472136,
      "z" : 2.618034
    }
  }, {
    "shape" : "4be69037-ceb7-48eb-8c8a-8b7463b6f6df",
    "color" : "#008D36",
    "position" : {
      "x" : 7.854102,
      "y" : 0.0,
      "z" : 7.854102
    },
    "orientation" : 53
  }, {
    "shape" : "f89bc5fa-fc56-437b-a37f-03618638532b",
    "color" : "#FFFFFF",
    "position" : {
      "x" : 2.618034,
      "y" : 10.472136,
      "z" : -2.618034
    },
    "orientation" : 17
  }, {
    "shape" : "23fc19da-0fae-4013-a0fd-f441d861dfe0",
    "color" : "#008D36",
    "position" : {
      "x" : 5.236068,
      "y" : -10.472136,
      "z" : 0.0
    },
    "orientation" : 53
  }, {
    "shape" : "23fc19da-0fae-4013-a0fd-f441d861dfe0",
    "color" : "#008D36",
    "position" : {
      "x" : 10.472136,
      "y" : -5.236068,
      "z" : 0.0
    },
    "orientation" : 36
  }, {
    "shape" : "0d7c8cd5-72b1-4b72-90df-5c38ed166d7b",
    "color" : "#FFFFFF",
    "position" : {
      "x" : 0.0,
      "y" : 5.236068,
      "z" : -10.472136
    }
  }, {
    "shape" : "23fc19da-0fae-4013-a0fd-f441d861dfe0",
    "color" : "#008D36",
    "position" : {
      "x" : -10.472136,
      "y" : 5.236068,
      "z" : 0.0
    },
    "orientation" : 6
  }, {
    "shape" : "4c4dd658-e7ee-48b0-bae3-e0b010cba665",
    "color" : "#B0E0E6",
    "position" : {
      "x" : -10.472136,
      "y" : 0.0,
      "z" : -5.236068
    },
    "orientation" : 30
  }, {
    "shape" : "0d7c8cd5-72b1-4b72-90df-5c38ed166d7b",
    "color" : "#FFFFFF",
    "position" : {
      "x" : -2.618034,
      "y" : 10.472136,
      "z" : 2.618034
    }
  }, {
    "shape" : "f89bc5fa-fc56-437b-a37f-03618638532b",
    "color" : "#FFFFFF",
    "position" : {
      "x" : -2.618034,
      "y" : -10.472136,
      "z" : -2.618034
    },
    "orientation" : 47
  }, {
    "shape" : "0d7c8cd5-72b1-4b72-90df-5c38ed166d7b",
    "color" : "#FFFFFF",
    "position" : {
      "x" : -2.618034,
      "y" : 2.618034,
      "z" : 10.472136
    }
  }, {
    "shape" : "f89bc5fa-fc56-437b-a37f-03618638532b",
    "color" : "#FFFFFF",
    "position" : {
      "x" : 0.0,
      "y" : 0.0,
      "z" : 0.0
    },
    "orientation" : 31
  }, {
    "shape" : "23fc19da-0fae-4013-a0fd-f441d861dfe0",
    "color" : "#008D36",
    "position" : {
      "x" : 0.0,
      "y" : -5.236068,
      "z" : -10.472136
    },
    "orientation" : 6
  }, {
    "shape" : "0d7c8cd5-72b1-4b72-90df-5c38ed166d7b",
    "color" : "#FFFFFF",
    "position" : {
      "x" : -5.236068,
      "y" : 0.0,
      "z" : 10.472136
    }
  }, {
    "shape" : "4c4dd658-e7ee-48b0-bae3-e0b010cba665",
    "color" : "#B0E0E6",
    "position" : {
      "x" : 10.472136,
      "y" : 0.0,
      "z" : 5.236068
    },
    "orientation" : 15
  }, {
    "shape" : "0d7c8cd5-72b1-4b72-90df-5c38ed166d7b",
    "color" : "#FFFFFF",
    "position" : {
      "x" : -10.472136,
      "y" : 0.0,
      "z" : 5.236068
    }
  }, {
    "shape" : "0d7c8cd5-72b1-4b72-90df-5c38ed166d7b",
    "color" : "#FFFFFF",
    "position" : {
      "x" : 7.854102,
      "y" : 7.854102,
      "z" : 0.0
    }
  }, {
    "shape" : "f89bc5fa-fc56-437b-a37f-03618638532b",
    "color" : "#FFFFFF",
    "position" : {
      "x" : 0.0,
      "y" : 0.0,
      "z" : 0.0
    },
    "orientation" : 47
  }, {
    "shape" : "0d7c8cd5-72b1-4b72-90df-5c38ed166d7b",
    "color" : "#FFFFFF",
    "position" : {
      "x" : 0.0,
      "y" : -10.472136,
      "z" : -5.236068
    }
  }, {
    "shape" : "6fef0fee-322c-4cf0-bffb-9e03112ea194",
    "color" : "#B8860B",
    "position" : {
      "x" : 0.0,
      "y" : -10.472136,
      "z" : 5.236068
    },
    "orientation" : 31
  }, {
    "shape" : "0d7c8cd5-72b1-4b72-90df-5c38ed166d7b",
    "color" : "#FFFFFF",
    "position" : {
      "x" : -5.236068,
      "y" : -10.472136,
      "z" : 0.0
    }
  }, {
    "shape" : "6fef0fee-322c-4cf0-bffb-9e03112ea194",
    "color" : "#B8860B",
    "position" : {
      "x" : 10.472136,
      "y" : -5.236068,
      "z" : 0.0
    },
    "orientation" : 15
  }, {
    "shape" : "0d7c8cd5-72b1-4b72-90df-5c38ed166d7b",
    "color" : "#FFFFFF",
    "position" : {
      "x" : 2.618034,
      "y" : -10.472136,
      "z" : 2.618034
    }
  }, {
    "shape" : "4c4dd658-e7ee-48b0-bae3-e0b010cba665",
    "color" : "#B0E0E6",
    "position" : {
      "x" : -5.236068,
      "y" : 10.472136,
      "z" : 0.0
    },
    "orientation" : 1
  }, {
    "shape" : "4be69037-ceb7-48eb-8c8a-8b7463b6f6df",
    "color" : "#008D36",
    "position" : {
      "x" : 7.854102,
      "y" : -7.854102,
      "z" : 0.0
    },
    "orientation" : 51
  }, {
    "shape" : "4c4dd658-e7ee-48b0-bae3-e0b010cba665",
    "color" : "#B8860B",
    "position" : {
      "x" : -5.236068,
      "y" : -10.472136,
      "z" : 0.0
    },
    "orientation" : 16
  }, {
    "shape" : "f89bc5fa-fc56-437b-a37f-03618638532b",
    "color" : "#FFFFFF",
    "position" : {
      "x" : 0.0,
      "y" : 0.0,
      "z" : 0.0
    },
    "orientation" : 46
  }, {
    "shape" : "23fc19da-0fae-4013-a0fd-f441d861dfe0",
    "color" : "#008D36",
    "position" : {
      "x" : -10.472136,
      "y" : -5.236068,
      "z" : 0.0
    },
    "orientation" : 52
  }, {
    "shape" : "23fc19da-0fae-4013-a0fd-f441d861dfe0",
    "color" : "#008D36",
    "position" : {
      "x" : 10.472136,
      "y" : 0.0,
      "z" : -5.236068
    },
    "orientation" : 7
  }, {
    "shape" : "0d7c8cd5-72b1-4b72-90df-5c38ed166d7b",
    "color" : "#FFFFFF",
    "position" : {
      "x" : 0.0,
      "y" : -7.854102,
      "z" : 7.854102
    }
  }, {
    "shape" : "23fc19da-0fae-4013-a0fd-f441d861dfe0",
    "color" : "#008D36",
    "position" : {
      "x" : -5.236068,
      "y" : 10.472136,
      "z" : 0.0
    },
    "orientation" : 23
  }, {
    "shape" : "0d7c8cd5-72b1-4b72-90df-5c38ed166d7b",
    "color" : "#FFFFFF",
    "position" : {
      "x" : 0.0,
      "y" : -5.236068,
      "z" : -10.472136
    }
  }, {
    "shape" : "6fef0fee-322c-4cf0-bffb-9e03112ea194",
    "color" : "#B8860B",
    "position" : {
      "x" : 10.472136,
      "y" : 5.236068,
      "z" : 0.0
    },
    "orientation" : 0
  }, {
    "shape" : "f89bc5fa-fc56-437b-a37f-03618638532b",
    "color" : "#FFFFFF",
    "position" : {
      "x" : -2.618034,
      "y" : 10.472136,
      "z" : 2.618034
    },
    "orientation" : 32
  }, {
    "shape" : "6fef0fee-322c-4cf0-bffb-9e03112ea194",
    "color" : "#B8860B",
    "position" : {
      "x" : 0.0,
      "y" : 10.472136,
      "z" : 5.236068
    },
    "orientation" : 1
  }, {
    "shape" : "0d7c8cd5-72b1-4b72-90df-5c38ed166d7b",
    "color" : "#FFFFFF",
    "position" : {
      "x" : -2.618034,
      "y" : -2.618034,
      "z" : -10.472136
    }
  }, {
    "shape" : "4be69037-ceb7-48eb-8c8a-8b7463b6f6df",
    "color" : "#008D36",
    "position" : {
      "x" : 7.854102,
      "y" : 0.0,
      "z" : -7.854102
    },
    "orientation" : 38
  }, {
    "shape" : "23fc19da-0fae-4013-a0fd-f441d861dfe0",
    "color" : "#008D36",
    "position" : {
      "x" : 5.236068,
      "y" : 0.0,
      "z" : 10.472136
    },
    "orientation" : 23
  }, {
    "shape" : "0d7c8cd5-72b1-4b72-90df-5c38ed166d7b",
    "color" : "#FFFFFF",
    "position" : {
      "x" : 0.0,
      "y" : 0.0,
      "z" : 0.0
    }
  }, {
    "shape" : "23fc19da-0fae-4013-a0fd-f441d861dfe0",
    "color" : "#008D36",
    "position" : {
      "x" : 5.236068,
      "y" : 0.0,
      "z" : -10.472136
    },
    "orientation" : 8
  }, {
    "shape" : "f89bc5fa-fc56-437b-a37f-03618638532b",
    "color" : "#FFFFFF",
    "position" : {
      "x" : 0.0,
      "y" : 0.0,
      "z" : 0.0
    },
    "orientation" : 32
  }, {
    "shape" : "6fef0fee-322c-4cf0-bffb-9e03112ea194",
    "color" : "#B8860B",
    "position" : {
      "x" : 0.0,
      "y" : 10.472136,
      "z" : -5.236068
    },
    "orientation" : 46
  }, {
    "shape" : "0d7c8cd5-72b1-4b72-90df-5c38ed166d7b",
    "color" : "#FFFFFF",
    "position" : {
      "x" : 0.0,
      "y" : -7.854102,
      "z" : -7.854102
    }
  }, {
    "shape" : "23fc19da-0fae-4013-a0fd-f441d861dfe0",
    "color" : "#008D36",
    "position" : {
      "x" : 0.0,
      "y" : -10.472136,
      "z" : -5.236068
    },
    "orientation" : 52
  }, {
    "shape" : "0d7c8cd5-72b1-4b72-90df-5c38ed166d7b",
    "color" : "#FFFFFF",
    "position" : {
      "x" : 0.0,
      "y" : 7.854102,
      "z" : 7.854102
    }
  }, {
    "shape" : "f89bc5fa-fc56-437b-a37f-03618638532b",
    "color" : "#FFFFFF",
    "position" : {
      "x" : 10.472136,
      "y" : 2.618034,
      "z" : -2.618034
    },
    "orientation" : 46
  }, {
    "shape" : "23fc19da-0fae-4013-a0fd-f441d861dfe0",
    "color" : "#008D36",
    "position" : {
      "x" : 10.472136,
      "y" : -5.236068,
      "z" : 0.0
    },
    "orientation" : 7
  }, {
    "shape" : "f89bc5fa-fc56-437b-a37f-03618638532b",
    "color" : "#FFFFFF",
    "position" : {
      "x" : 0.0,
      "y" : 0.0,
      "z" : 0.0
    },
    "orientation" : 16
  }, {
    "shape" : "23fc19da-0fae-4013-a0fd-f441d861dfe0",
    "color" : "#008D36",
    "position" : {
      "x" : 0.0,
      "y" : -10.472136,
      "z" : 5.236068
    },
    "orientation" : 7
  }, {
    "shape" : "f89bc5fa-fc56-437b-a37f-03618638532b",
    "color" : "#FFFFFF",
    "position" : {
      "x" : -10.472136,
      "y" : 2.618034,
      "z" : 2.618034
    },
    "orientation" : 1
  }, {
    "shape" : "0d7c8cd5-72b1-4b72-90df-5c38ed166d7b",
    "color" : "#FFFFFF",
    "position" : {
      "x" : -2.618034,
      "y" : 2.618034,
      "z" : -10.472136
    }
  }, {
    "shape" : "4be69037-ceb7-48eb-8c8a-8b7463b6f6df",
    "color" : "#008D36",
    "position" : {
      "x" : -7.854102,
      "y" : 7.854102,
      "z" : 0.0
    },
    "orientation" : 21
  }, {
    "shape" : "0d7c8cd5-72b1-4b72-90df-5c38ed166d7b",
    "color" : "#FFFFFF",
    "position" : {
      "x" : 0.0,
      "y" : 10.472136,
      "z" : 5.236068
    }
  }, {
    "shape" : "0d7c8cd5-72b1-4b72-90df-5c38ed166d7b",
    "color" : "#FFFFFF",
    "position" : {
      "x" : 2.618034,
      "y" : -10.472136,
      "z" : -2.618034
    }
  }, {
    "shape" : "0d7c8cd5-72b1-4b72-90df-5c38ed166d7b",
    "color" : "#FFFFFF",
    "position" : {
      "x" : -7.854102,
      "y" : 0.0,
      "z" : 7.854102
    }
  }, {
    "shape" : "0d7c8cd5-72b1-4b72-90df-5c38ed166d7b",
    "color" : "#FFFFFF",
    "position" : {
      "x" : -2.618034,
      "y" : -2.618034,
      "z" : 10.472136
    }
  }, {
    "shape" : "0d7c8cd5-72b1-4b72-90df-5c38ed166d7b",
    "color" : "#FFFFFF",
    "position" : {
      "x" : 10.472136,
      "y" : 5.236068,
      "z" : 0.0
    }
  }, {
    "shape" : "23fc19da-0fae-4013-a0fd-f441d861dfe0",
    "color" : "#008D36",
    "position" : {
      "x" : 0.0,
      "y" : 10.472136,
      "z" : -5.236068
    },
    "orientation" : 8
  }, {
    "shape" : "23fc19da-0fae-4013-a0fd-f441d861dfe0",
    "color" : "#008D36",
    "position" : {
      "x" : 0.0,
      "y" : -5.236068,
      "z" : 10.472136
    },
    "orientation" : 51
  }, {
    "shape" : "23fc19da-0fae-4013-a0fd-f441d861dfe0",
    "color" : "#008D36",
    "position" : {
      "x" : 5.236068,
      "y" : 10.472136,
      "z" : 0.0
    },
    "orientation" : 38
  }, {
    "shape" : "0d7c8cd5-72b1-4b72-90df-5c38ed166d7b",
    "color" : "#FFFFFF",
    "position" : {
      "x" : -10.472136,
      "y" : 0.0,
      "z" : -5.236068
    }
  }, {
    "shape" : "6fef0fee-322c-4cf0-bffb-9e03112ea194",
    "color" : "#B8860B",
    "position" : {
      "x" : -10.472136,
      "y" : 5.236068,
      "z" : 0.0
    },
    "orientation" : 45
  }, {
    "shape" : "0d7c8cd5-72b1-4b72-90df-5c38ed166d7b",
    "color" : "#FFFFFF",
    "position" : {
      "x" : -10.472136,
      "y" : 5.236068,
      "z" : 0.0
    }
  }, {
    "shape" : "6fef0fee-322c-4cf0-bffb-9e03112ea194",
    "color" : "#B8860B",
    "position" : {
      "x" : -5.236068,
      "y" : 0.0,
      "z" : 10.472136
    },
    "orientation" : 32
  }, {
    "shape" : "4be69037-ceb7-48eb-8c8a-8b7463b6f6df",
    "color" : "#008D36",
    "position" : {
      "x" : 0.0,
      "y" : -7.854102,
      "z" : 7.854102
    },
    "orientation" : 52
  }, {
    "shape" : "f89bc5fa-fc56-437b-a37f-03618638532b",
    "color" : "#FFFFFF",
    "position" : {
      "x" : 2.618034,
      "y" : -2.618034,
      "z" : 10.472136
    },
    "orientation" : 15
  }, {
    "shape" : "0d7c8cd5-72b1-4b72-90df-5c38ed166d7b",
    "color" : "#FFFFFF",
    "position" : {
      "x" : -10.472136,
      "y" : -5.236068,
      "z" : 0.0
    }
  }, {
    "shape" : "0d7c8cd5-72b1-4b72-90df-5c38ed166d7b",
    "color" : "#FFFFFF",
    "position" : {
      "x" : 0.0,
      "y" : -10.472136,
      "z" : 5.236068
    }
  }, {
    "shape" : "0d7c8cd5-72b1-4b72-90df-5c38ed166d7b",
    "color" : "#FFFFFF",
    "position" : {
      "x" : 0.0,
      "y" : -5.236068,
      "z" : 10.472136
    }
  }, {
    "shape" : "4be69037-ceb7-48eb-8c8a-8b7463b6f6df",
    "color" : "#008D36",
    "position" : {
      "x" : 0.0,
      "y" : -7.854102,
      "z" : -7.854102
    },
