{
  "polygons" : "true",
  "field" : "golden",
  "symmetry" : "icosahedral",
  "orientations" : [ [ 1.0, 0.0, 0.0, 0.0, 0.0, 1.0, 0.0, 0.0, 0.0, 0.0, 1.0, 0.0, 0.0, 0.0, 0.0, 1.0 ], [ 0.0, 0.0, 1.0, 0.0, 1.0, 0.0, 0.0, 0.0, 0.0, 1.0, 0.0, 0.0, 0.0, 0.0, 0.0, 1.0 ], [ 0.0, 1.0, 0.0, 0.0, 0.0, 0.0, 1.0, 0.0, 1.0, 0.0, 0.0, 0.0, 0.0, 0.0, 0.0, 1.0 ], [ 0.809017, 0.309017, 0.5, 0.0, 0.309017, 0.5, -0.809017, 0.0, -0.5, 0.809017, 0.309017, 0.0, 0.0, 0.0, 0.0, 1.0 ], [ -0.5, 0.809017, 0.309017, 0.0, 0.809017, 0.309017, 0.5, 0.0, 0.309017, 0.5, -0.809017, 0.0, 0.0, 0.0, 0.0, 1.0 ], [ 0.309017, 0.5, -0.809017, 0.0, -0.5, 0.809017, 0.309017, 0.0, 0.809017, 0.309017, 0.5, 0.0, 0.0, 0.0, 0.0, 1.0 ], [ 0.5, 0.809017, 0.309017, 0.0, 0.809017, -0.309017, -0.5, 0.0, -0.309017, 0.5, -0.809017, 0.0, 0.0, 0.0, 0.0, 1.0 ], [ -0.309017, 0.5, -0.809017, 0.0, 0.5, 0.809017, 0.309017, 0.0, 0.809017, -0.309017, -0.5, 0.0, 0.0, 0.0, 0.0, 1.0 ], [ 0.809017, -0.309017, -0.5, 0.0, -0.309017, 0.5, -0.809017, 0.0, 0.5, 0.809017, 0.309017, 0.0, 0.0, 0.0, 0.0, 1.0 ], [ 0.5, 0.809017, -0.309017, 0.0, 0.809017, -0.309017, 0.5, 0.0, 0.309017, -0.5, -0.809017, 0.0, 0.0, 0.0, 0.0, 1.0 ], [ 0.309017, -0.5, -0.809017, 0.0, 0.5, 0.809017, -0.309017, 0.0, 0.809017, -0.309017, 0.5, 0.0, 0.0, 0.0, 0.0, 1.0 ], [ 0.809017, -0.309017, 0.5, 0.0, 0.309017, -0.5, -0.809017, 0.0, 0.5, 0.809017, -0.309017, 0.0, 0.0, 0.0, 0.0, 1.0 ], [ 0.809017, 0.309017, -0.5, 0.0, 0.309017, 0.5, 0.809017, 0.0, 0.5, -0.809017, 0.309017, 0.0, 0.0, 0.0, 0.0, 1.0 ], [ 0.5, -0.809017, 0.309017, 0.0, 0.809017, 0.309017, -0.5, 0.0, 0.309017, 0.5, 0.809017, 0.0, 0.0, 0.0, 0.0, 1.0 ], [ 0.309017, 0.5, 0.809017, 0.0, 0.5, -0.809017, 0.309017, 0.0, 0.809017, 0.309017, -0.5, 0.0, 0.0, 0.0, 0.0, 1.0 ], [ 1.0, 0.0, 0.0, 0.0, 0.0, -1.0, 0.0, 0.0, 0.0, 0.0, -1.0, 0.0, 0.0, 0.0, 0.0, 1.0 ], [ 0.0, 0.0, 1.0, 0.0, -1.0, 0.0, 0.0, 0.0, 0.0, -1.0, 0.0, 0.0, 0.0, 0.0, 0.0, 1.0 ], [ 0.0, 1.0, 0.0, 0.0, 0.0, 0.0, -1.0, 0.0, -1.0, 0.0, 0.0, 0.0, 0.0, 0.0, 0.0, 1.0 ], [ 0.809017, 0.309017, 0.5, 0.0, -0.309017, -0.5, 0.809017, 0.0, 0.5, -0.809017, -0.309017, 0.0, 0.0, 0.0, 0.0, 1.0 ], [ -0.5, 0.809017, 0.309017, 0.0, -0.809017, -0.309017, -0.5, 0.0, -0.309017, -0.5, 0.809017, 0.0, 0.0, 0.0, 0.0, 1.0 ], [ 0.309017, 0.5, -0.809017, 0.0, 0.5, -0.809017, -0.309017, 0.0, -0.809017, -0.309017, -0.5, 0.0, 0.0, 0.0, 0.0, 1.0 ], [ 0.5, 0.809017, 0.309017, 0.0, -0.809017, 0.309017, 0.5, 0.0, 0.309017, -0.5, 0.809017, 0.0, 0.0, 0.0, 0.0, 1.0 ], [ -0.309017, 0.5, -0.809017, 0.0, -0.5, -0.809017, -0.309017, 0.0, -0.809017, 0.309017, 0.5, 0.0, 0.0, 0.0, 0.0, 1.0 ], [ 0.809017, -0.309017, -0.5, 0.0, 0.309017, -0.5, 0.809017, 0.0, -0.5, -0.809017, -0.309017, 0.0, 0.0, 0.0, 0.0, 1.0 ], [ 0.5, 0.809017, -0.309017, 0.0, -0.809017, 0.309017, -0.5, 0.0, -0.309017, 0.5, 0.809017, 0.0, 0.0, 0.0, 0.0, 1.0 ], [ 0.309017, -0.5, -0.809017, 0.0, -0.5, -0.809017, 0.309017, 0.0, -0.809017, 0.309017, -0.5, 0.0, 0.0, 0.0, 0.0, 1.0 ], [ 0.809017, -0.309017, 0.5, 0.0, -0.309017, 0.5, 0.809017, 0.0, -0.5, -0.809017, 0.309017, 0.0, 0.0, 0.0, 0.0, 1.0 ], [ 0.809017, 0.309017, -0.5, 0.0, -0.309017, -0.5, -0.809017, 0.0, -0.5, 0.809017, -0.309017, 0.0, 0.0, 0.0, 0.0, 1.0 ], [ 0.5, -0.809017, 0.309017, 0.0, -0.809017, -0.309017, 0.5, 0.0, -0.309017, -0.5, -0.809017, 0.0, 0.0, 0.0, 0.0, 1.0 ], [ 0.309017, 0.5, 0.809017, 0.0, -0.5, 0.809017, -0.309017, 0.0, -0.809017, -0.309017, 0.5, 0.0, 0.0, 0.0, 0.0, 1.0 ], [ -1.0, 0.0, 0.0, 0.0, 0.0, -1.0, 0.0, 0.0, 0.0, 0.0, 1.0, 0.0, 0.0, 0.0, 0.0, 1.0 ], [ 0.0, 0.0, -1.0, 0.0, -1.0, 0.0, 0.0, 0.0, 0.0, 1.0, 0.0, 0.0, 0.0, 0.0, 0.0, 1.0 ], [ 0.0, -1.0, 0.0, 0.0, 0.0, 0.0, -1.0, 0.0, 1.0, 0.0, 0.0, 0.0, 0.0, 0.0, 0.0, 1.0 ], [ -0.809017, -0.309017, -0.5, 0.0, -0.309017, -0.5, 0.809017, 0.0, -0.5, 0.809017, 0.309017, 0.0, 0.0, 0.0, 0.0, 1.0 ], [ 0.5, -0.809017, -0.309017, 0.0, -0.809017, -0.309017, -0.5, 0.0, 0.309017, 0.5, -0.809017, 0.0, 0.0, 0.0, 0.0, 1.0 ], [ -0.309017, -0.5, 0.809017, 0.0, 0.5, -0.809017, -0.309017, 0.0, 0.809017, 0.309017, 0.5, 0.0, 0.0, 0.0, 0.0, 1.0 ], [ -0.5, -0.809017, -0.309017, 0.0, -0.809017, 0.309017, 0.5, 0.0, -0.309017, 0.5, -0.809017, 0.0, 0.0, 0.0, 0.0, 1.0 ], [ 0.309017, -0.5, 0.809017, 0.0, -0.5, -0.809017, -0.309017, 0.0, 0.809017, -0.309017, -0.5, 0.0, 0.0, 0.0, 0.0, 1.0 ], [ -0.809017, 0.309017, 0.5, 0.0, 0.309017, -0.5, 0.809017, 0.0, 0.5, 0.809017, 0.309017, 0.0, 0.0, 0.0, 0.0, 1.0 ], [ -0.5, -0.809017, 0.309017, 0.0, -0.809017, 0.309017, -0.5, 0.0, 0.309017, -0.5, -0.809017, 0.0, 0.0, 0.0, 0.0, 1.0 ], [ -0.309017, 0.5, 0.809017, 0.0, -0.5, -0.809017, 0.309017, 0.0, 0.809017, -0.309017, 0.5, 0.0, 0.0, 0.0, 0.0, 1.0 ], [ -0.809017, 0.309017, -0.5, 0.0, -0.309017, 0.5, 0.809017, 0.0, 0.5, 0.809017, -0.309017, 0.0, 0.0, 0.0, 0.0, 1.0 ], [ -0.809017, -0.309017, 0.5, 0.0, -0.309017, -0.5, -0.809017, 0.0, 0.5, -0.809017, 0.309017, 0.0, 0.0, 0.0, 0.0, 1.0 ], [ -0.5, 0.809017, -0.309017, 0.0, -0.809017, -0.309017, 0.5, 0.0, 0.309017, 0.5, 0.809017, 0.0, 0.0, 0.0, 0.0, 1.0 ], [ -0.309017, -0.5, -0.809017, 0.0, -0.5, 0.809017, -0.309017, 0.0, 0.809017, 0.309017, -0.5, 0.0, 0.0, 0.0, 0.0, 1.0 ], [ -1.0, 0.0, 0.0, 0.0, 0.0, 1.0, 0.0, 0.0, 0.0, 0.0, -1.0, 0.0, 0.0, 0.0, 0.0, 1.0 ], [ 0.0, 0.0, -1.0, 0.0, 1.0, 0.0, 0.0, 0.0, 0.0, -1.0, 0.0, 0.0, 0.0, 0.0, 0.0, 1.0 ], [ 0.0, -1.0, 0.0, 0.0, 0.0, 0.0, 1.0, 0.0, -1.0, 0.0, 0.0, 0.0, 0.0, 0.0, 0.0, 1.0 ], [ -0.809017, -0.309017, -0.5, 0.0, 0.309017, 0.5, -0.809017, 0.0, 0.5, -0.809017, -0.309017, 0.0, 0.0, 0.0, 0.0, 1.0 ], [ 0.5, -0.809017, -0.309017, 0.0, 0.809017, 0.309017, 0.5, 0.0, -0.309017, -0.5, 0.809017, 0.0, 0.0, 0.0, 0.0, 1.0 ], [ -0.309017, -0.5, 0.809017, 0.0, -0.5, 0.809017, 0.309017, 0.0, -0.809017, -0.309017, -0.5, 0.0, 0.0, 0.0, 0.0, 1.0 ], [ -0.5, -0.809017, -0.309017, 0.0, 0.809017, -0.309017, -0.5, 0.0, 0.309017, -0.5, 0.809017, 0.0, 0.0, 0.0, 0.0, 1.0 ], [ 0.309017, -0.5, 0.809017, 0.0, 0.5, 0.809017, 0.309017, 0.0, -0.809017, 0.309017, 0.5, 0.0, 0.0, 0.0, 0.0, 1.0 ], [ -0.809017, 0.309017, 0.5, 0.0, -0.309017, 0.5, -0.809017, 0.0, -0.5, -0.809017, -0.309017, 0.0, 0.0, 0.0, 0.0, 1.0 ], [ -0.5, -0.809017, 0.309017, 0.0, 0.809017, -0.309017, 0.5, 0.0, -0.309017, 0.5, 0.809017, 0.0, 0.0, 0.0, 0.0, 1.0 ], [ -0.309017, 0.5, 0.809017, 0.0, 0.5, 0.809017, -0.309017, 0.0, -0.809017, 0.309017, -0.5, 0.0, 0.0, 0.0, 0.0, 1.0 ], [ -0.809017, 0.309017, -0.5, 0.0, 0.309017, -0.5, -0.809017, 0.0, -0.5, -0.809017, 0.309017, 0.0, 0.0, 0.0, 0.0, 1.0 ], [ -0.809017, -0.309017, 0.5, 0.0, 0.309017, 0.5, 0.809017, 0.0, -0.5, 0.809017, -0.309017, 0.0, 0.0, 0.0, 0.0, 1.0 ], [ -0.5, 0.809017, -0.309017, 0.0, 0.809017, 0.309017, -0.5, 0.0, -0.309017, -0.5, -0.809017, 0.0, 0.0, 0.0, 0.0, 1.0 ], [ -0.309017, -0.5, -0.809017, 0.0, 0.5, -0.809017, 0.309017, 0.0, -0.809017, -0.309017, 0.5, 0.0, 0.0, 0.0, 0.0, 1.0 ] ],
  "lights" : {
    "ambientColor" : "#292929",
    "backgroundColor" : "#AFC8DC",
    "directionalLights" : [ {
      "direction" : [ 1.0, -1.0, -1.0 ],
      "color" : "#EBEBE4"
    }, {
      "direction" : [ -1.0, 0.0, 0.0 ],
      "color" : "#E4E4EB"
    }, {
      "direction" : [ 0.0, 0.0, -1.0 ],
      "color" : "#1E1E1E"
    } ]
  },
  "camera" : {
    "stereo" : false,
    "width" : 57.418797,
    "lookAtPoint" : {
      "x" : 0.0,
      "y" : 0.0,
      "z" : 0.0
    },
    "lookDirection" : {
      "x" : 0.0,
      "y" : 0.0,
      "z" : -1.0
    },
    "upDirection" : {
      "x" : 0.0,
      "y" : 1.0,
      "z" : 0.0
    },
    "nearClipDistance" : 0.31899333,
    "farClipDistance" : 255.19458,
    "perspective" : true,
    "fieldOfView" : 0.44262886,
    "viewDistance" : 127.59733,
    "lookAtPointRV" : {
      "x" : 0.0,
      "y" : 0.0,
      "z" : 0.0,
      "zero" : true
    },
    "lookDirectionRV" : {
      "x" : 0.0,
      "y" : 0.0,
      "z" : -1.0,
      "zero" : false
    },
    "upDirectionRV" : {
      "x" : 0.0,
      "y" : 1.0,
      "z" : 0.0,
      "zero" : false
    },
    "position" : {
      "x" : 0.0,
      "y" : 0.0,
      "z" : 127.59733
    }
  },
  "embedding" : [ 1.0, 0.0, 0.0, 0.0, 0.0, 1.0, 0.0, 0.0, 0.0, 0.0, 1.0, 0.0, 0.0, 0.0, 0.0, 1.0 ],
  "shapes" : [ {
    "id" : "6003d850-e633-4706-b2bb-1ca24f3ce828",
    "name" : "ball",
    "vertices" : [ {
      "x" : 0.309017,
      "y" : -0.309017,
      "z" : -0.309017
    }, {
      "x" : 0.5,
      "y" : 0.0,
      "z" : -0.19098301
    }, {
      "x" : 0.5,
      "y" : 0.0,
      "z" : 0.19098301
    }, {
      "x" : 0.309017,
      "y" : -0.309017,
      "z" : 0.309017
    }, {
      "x" : 0.19098301,
      "y" : -0.5,
      "z" : 0.0
    }, {
      "x" : 0.0,
      "y" : 0.19098301,
      "z" : 0.5
    }, {
      "x" : 0.0,
      "y" : -0.19098301,
      "z" : 0.5
    }, {
      "x" : 0.309017,
      "y" : 0.309017,
      "z" : 0.309017
    }, {
      "x" : -0.309017,
      "y" : -0.309017,
      "z" : 0.309017
    }, {
      "x" : -0.309017,
      "y" : 0.309017,
      "z" : 0.309017
    }, {
      "x" : -0.5,
      "y" : 0.0,
      "z" : 0.19098301
    }, {
      "x" : 0.0,
      "y" : -0.19098301,
      "z" : -0.5
    }, {
      "x" : 0.0,
      "y" : 0.19098301,
      "z" : -0.5
    }, {
      "x" : 0.309017,
      "y" : 0.309017,
      "z" : -0.309017
    }, {
      "x" : -0.309017,
      "y" : -0.309017,
      "z" : -0.309017
    }, {
      "x" : -0.19098301,
      "y" : -0.5,
      "z" : 0.0
    }, {
      "x" : -0.5,
      "y" : 0.0,
      "z" : -0.19098301
    }, {
      "x" : 0.19098301,
      "y" : 0.5,
      "z" : 0.0
    }, {
      "x" : -0.309017,
      "y" : 0.309017,
      "z" : -0.309017
    }, {
      "x" : 0.0,
      "y" : 0.0,
      "z" : 0.0
    }, {
      "x" : -0.19098301,
      "y" : 0.5,
      "z" : 0.0
    } ],
    "faces" : [ {
      "vertices" : [ 12, 18, 20, 17, 13 ]
    }, {
      "vertices" : [ 3, 6, 8, 15, 4 ]
    }, {
      "vertices" : [ 0, 11, 12, 13, 1 ]
    }, {
      "vertices" : [ 5, 9, 10, 8, 6 ]
    }, {
      "vertices" : [ 2, 7, 5, 6, 3 ]
    }, {
      "vertices" : [ 11, 14, 16, 18, 12 ]
    }, {
      "vertices" : [ 1, 13, 17, 7, 2 ]
    }, {
      "vertices" : [ 9, 20, 18, 16, 10 ]
    }, {
      "vertices" : [ 0, 1, 2, 3, 4 ]
    }, {
      "vertices" : [ 5, 7, 17, 20, 9 ]
    }, {
      "vertices" : [ 0, 4, 15, 14, 11 ]
    }, {
      "vertices" : [ 8, 10, 16, 14, 15 ]
    } ]
  }, {
    "id" : "03677233-18b9-4f3f-b996-1f5c62850712",
    "orbit" : "red",
    "orbitC" : "[[-1,1,1],[0,0,1]]",
    "length" : "[-52573,52573,50000]",
    "name" : " :-52573/50000 +52573/50000*phi",
    "vertices" : [ {
      "x" : 0.9045085,
      "y" : 0.3454915,
      "z" : 0.25
    }, {
      "x" : 3.7405305,
      "y" : 2.0982494,
      "z" : 0.25
    }, {
      "x" : 3.5495474,
      "y" : 2.4072666,
      "z" : 0.25
    }, {
      "x" : 0.7135255,
      "y" : 0.6545085,
      "z" : 0.25
    }, {
      "x" : 0.809017,
      "y" : 0.5,
      "z" : -0.309017
    }, {
      "x" : 0.9635255,
      "y" : 0.25,
      "z" : -0.095491506
    }, {
      "x" : 0.309017,
      "y" : 0.19098301,
      "z" : 0.0
    }, {
      "x" : 4.145039,
      "y" : 2.561775,
      "z" : 0.0
    }, {
      "x" : 3.4905305,
      "y" : 2.502758,
      "z" : -0.095491506
    }, {
      "x" : 3.645039,
      "y" : 2.252758,
      "z" : -0.309017
    }, {
      "x" : 4.4540563,
      "y" : 2.752758,
      "z" : 0.0
    }, {
      "x" : 0.6545085,
      "y" : 0.75,
      "z" : -0.095491506
    }, {
      "x" : 3.7995474,
      "y" : 2.002758,
      "z" : -0.095491506
    } ],
    "faces" : [ {
      "vertices" : [ 4, 11, 8, 9 ]
    }, {
      "vertices" : [ 0, 1, 2, 3 ]
    }, {
      "vertices" : [ 0, 3, 6 ]
    }, {
      "vertices" : [ 1, 7, 2 ]
    }, {
      "vertices" : [ 0, 6, 5 ]
    }, {
      "vertices" : [ 4, 5, 6 ]
    }, {
      "vertices" : [ 2, 7, 8 ]
    }, {
      "vertices" : [ 0, 5, 12, 1 ]
    }, {
      "vertices" : [ 1, 12, 7 ]
    }, {
      "vertices" : [ 3, 11, 6 ]
    }, {
      "vertices" : [ 4, 6, 11 ]
    }, {
      "vertices" : [ 7, 9, 8 ]
    }, {
      "vertices" : [ 2, 8, 11, 3 ]
    }, {
      "vertices" : [ 7, 12, 9 ]
    }, {
      "vertices" : [ 4, 9, 12, 5 ]
    } ]
  }, {
    "id" : "6292c3d1-8b86-43f0-bb3f-4bc455095f5e",
    "orbit" : "blue",
    "orbitC" : "[[0,0,1],[0,0,1]]",
    "length" : "[-1,1,1]",
    "name" : "b0",
    "vertices" : [ {
      "x" : 1.0,
      "y" : 0.309017,
      "z" : 0.19098301
    }, {
      "x" : 1.0,
      "y" : -0.309017,
      "z" : 0.19098301
    }, {
      "x" : 4.236068,
      "y" : -0.309017,
      "z" : 0.19098301
    }, {
      "x" : 4.236068,
      "y" : 0.309017,
      "z" : 0.19098301
    }, {
      "x" : 4.236068,
      "y" : -0.309017,
      "z" : -0.19098301
    }, {
      "x" : 4.236068,
      "y" : 0.309017,
      "z" : -0.19098301
    }, {
      "x" : 4.854102,
      "y" : 0.0,
      "z" : 0.0
    }, {
      "x" : 0.38196602,
      "y" : 0.0,
      "z" : 0.0
    }, {
      "x" : 1.0,
      "y" : 0.309017,
      "z" : -0.19098301
    }, {
      "x" : 1.0,
      "y" : -0.309017,
      "z" : -0.19098301
    }, {
      "x" : 5.236068,
      "y" : 0.0,
      "z" : 0.0
    } ],
    "faces" : [ {
      "vertices" : [ 1, 9, 4, 2 ]
    }, {
      "vertices" : [ 0, 3, 5, 8 ]
    }, {
      "vertices" : [ 1, 7, 9 ]
    }, {
      "vertices" : [ 0, 1, 2, 3 ]
    }, {
      "vertices" : [ 7, 8, 9 ]
    }, {
      "vertices" : [ 0, 7, 1 ]
    }, {
      "vertices" : [ 4, 9, 8, 5 ]
    }, {
      "vertices" : [ 2, 6, 3 ]
    }, {
      "vertices" : [ 2, 4, 6 ]
    }, {
      "vertices" : [ 3, 6, 5 ]
    }, {
      "vertices" : [ 4, 5, 6 ]
    }, {
      "vertices" : [ 0, 8, 7 ]
    } ]
  }, {
    "id" : "ab2212c0-ad35-4792-a8db-e6d06bc533bb",
    "vertices" : [ {
      "x" : 0.0,
      "y" : 0.0,
      "z" : 0.0
    }, {
      "x" : -2.618034,
      "y" : 4.236068,
      "z" : -1.618034
    }, {
      "x" : -4.236068,
      "y" : 6.854102,
      "z" : 2.618034
    }, {
      "x" : -2.618034,
      "y" : 4.236068,
      "z" : 6.854102
    }, {
      "x" : 0.0,
      "y" : 0.0,
      "z" : 5.236068
    } ],
    "faces" : [ {
      "vertices" : [ 0, 1, 2, 3, 4 ]
    }, {
      "vertices" : [ 0, 4, 3, 2, 1 ]
    } ]
  }, {
    "id" : "d818fd4e-960e-4939-a9dc-0cb82013d326",
    "vertices" : [ {
      "x" : 0.0,
      "y" : 0.0,
      "z" : 0.0
    }, {
      "x" : 0.0,
      "y" : 4.4540563,
      "z" : -2.752758
    }, {
      "x" : 0.0,
      "y" : 8.908113,
      "z" : 0.0
    }, {
      "x" : 0.0,
      "y" : 8.908113,
      "z" : 5.236068
    }, {
      "x" : 0.0,
      "y" : 4.4540563,
      "z" : 7.988826
    }, {
      "x" : 0.0,
      "y" : 0.0,
      "z" : 5.236068
    } ],
    "faces" : [ {
      "vertices" : [ 0, 1, 2, 3, 4, 5 ]
    }, {
      "vertices" : [ 0, 5, 4, 3, 2, 1 ]
    } ]
  }, {
    "id" : "7d56f195-f8d7-41a2-a490-f5ac0378b06a",
    "vertices" : [ {
      "x" : 0.0,
      "y" : 0.0,
      "z" : 0.0
    }, {
      "x" : -1.618034,
      "y" : 2.618034,
      "z" : 4.236068
    }, {
      "x" : 0.0,
      "y" : 0.0,
      "z" : 8.472136
    }, {
      "x" : 2.618034,
      "y" : -4.236068,
      "z" : 6.854102
    }, {
      "x" : 2.618034,
      "y" : -4.236068,
      "z" : 1.618034
    } ],
    "faces" : [ {
      "vertices" : [ 0, 1, 2, 3, 4 ]
    }, {
      "vertices" : [ 0, 4, 3, 2, 1 ]
    } ]
  }, {
    "id" : "dbe6ca87-2b93-4fe7-a509-1488c4c224bf",
    "vertices" : [ {
      "x" : 0.0,
      "y" : 0.0,
      "z" : 0.0
    }, {
      "x" : 2.618034,
      "y" : -4.236068,
      "z" : -1.618034
    }, {
      "x" : 2.618034,
      "y" : -4.236068,
      "z" : -6.854102
    }, {
      "x" : 0.0,
      "y" : 0.0,
      "z" : -8.472136
    }, {
      "x" : -1.618034,
      "y" : 2.618034,
      "z" : -4.236068
    } ],
    "faces" : [ {
      "vertices" : [ 0, 1, 2, 3, 4 ]
    }, {
      "vertices" : [ 0, 4, 3, 2, 1 ]
    } ]
  }, {
    "id" : "a80ef6de-4f38-4491-8e11-2b029b52d166",
    "vertices" : [ {
      "x" : 0.0,
      "y" : 0.0,
      "z" : 0.0
    }, {
      "x" : 0.0,
      "y" : 0.0,
      "z" : 5.236068
    }, {
      "x" : 0.0,
      "y" : -4.4540563,
      "z" : 7.988826
    }, {
      "x" : 0.0,
      "y" : -8.908113,
      "z" : 5.236068
    }, {
      "x" : 0.0,
      "y" : -8.908113,
      "z" : 0.0
    }, {
      "x" : 0.0,
      "y" : -4.4540563,
      "z" : -2.752758
    } ],
    "faces" : [ {
      "vertices" : [ 0, 1, 2, 3, 4, 5 ]
    }, {
      "vertices" : [ 0, 5, 4, 3, 2, 1 ]
    } ]
  }, {
    "id" : "81e5dbc1-5cdc-4662-b94b-9b6004614e32",
    "vertices" : [ {
      "x" : 0.0,
      "y" : 0.0,
      "z" : 0.0
    }, {
      "x" : 0.0,
      "y" : -4.4540563,
      "z" : -2.752758
    }, {
      "x" : 0.0,
      "y" : -4.4540563,
      "z" : -7.988826
    }, {
      "x" : 0.0,
      "y" : 0.0,
      "z" : -10.741584
    }, {
      "x" : 0.0,
      "y" : 4.4540563,
      "z" : -7.988826
    }, {
      "x" : 0.0,
      "y" : 4.4540563,
      "z" : -2.752758
    } ],
    "faces" : [ {
      "vertices" : [ 0, 1, 2, 3, 4, 5 ]
    }, {
      "vertices" : [ 0, 5, 4, 3, 2, 1 ]
    } ]
  }, {
    "id" : "8f7fd536-7a5f-4d5f-b0c5-d7e7084fc2d9",
    "vertices" : [ {
      "x" : 0.0,
      "y" : 0.0,
      "z" : 0.0
    }, {
      "x" : 0.0,
      "y" : -4.4540563,
      "z" : 2.752758
    }, {
      "x" : 0.0,
      "y" : -8.908113,
      "z" : 0.0
    }, {
      "x" : 0.0,
      "y" : -8.908113,
      "z" : -5.236068
    }, {
      "x" : 0.0,
      "y" : -4.4540563,
      "z" : -7.988826
    }, {
      "x" : 0.0,
      "y" : 0.0,
      "z" : -5.236068
    } ],
    "faces" : [ {
      "vertices" : [ 0, 1, 2, 3, 4, 5 ]
    }, {
      "vertices" : [ 0, 5, 4, 3, 2, 1 ]
    } ]
  }, {
    "id" : "924a007a-705d-466c-ab3b-80d9a23df7d1",
    "vertices" : [ {
      "x" : 0.0,
      "y" : 0.0,
      "z" : 0.0
    }, {
      "x" : 0.0,
      "y" : 0.0,
      "z" : -5.236068
    }, {
      "x" : 0.0,
      "y" : 4.4540563,
      "z" : -7.988826
    }, {
      "x" : 0.0,
      "y" : 8.908113,
      "z" : -5.236068
    }, {
      "x" : 0.0,
      "y" : 8.908113,
      "z" : 0.0
    }, {
      "x" : 0.0,
      "y" : 4.4540563,
      "z" : 2.752758
    } ],
    "faces" : [ {
      "vertices" : [ 0, 1, 2, 3, 4, 5 ]
    }, {
      "vertices" : [ 0, 5, 4, 3, 2, 1 ]
    } ]
  }, {
    "id" : "7bb375e5-c33a-4d5c-99f5-e5f3ca6d90bc",
    "vertices" : [ {
      "x" : 0.0,
      "y" : 0.0,
      "z" : 0.0
    }, {
      "x" : 1.618034,
      "y" : -2.618034,
      "z" : 4.236068
    }, {
      "x" : 4.236068,
      "y" : -6.854102,
      "z" : 2.618034
    }, {
      "x" : 4.236068,
      "y" : -6.854102,
      "z" : -2.618034
    }, {
      "x" : 1.618034,
      "y" : -2.618034,
      "z" : -4.236068
    } ],
    "faces" : [ {
      "vertices" : [ 0, 1, 2, 3, 4 ]
    }, {
      "vertices" : [ 0, 4, 3, 2, 1 ]
    } ]
  }, {
    "id" : "92712b48-3e59-4359-bc66-285d6761e0cd",
    "vertices" : [ {
      "x" : 0.0,
      "y" : 0.0,
      "z" : 0.0
    }, {
      "x" : -2.685396,
      "y" : -4.345062,
      "z" : -7.030458
    }, {
      "x" : -2.685396,
      "y" : 4.345062,
      "z" : -7.030458
    } ],
    "faces" : [ {
      "vertices" : [ 0, 1, 2 ]
    }, {
      "vertices" : [ 0, 2, 1 ]
    } ]
  }, {
    "id" : "fa3f05f3-0185-4364-9472-ddb933375236",
    "orbit" : "blue",
    "orbitC" : "[[0,0,1],[0,0,1]]",
    "length" : "[102573,0,100000]",
    "name" : " :102573/100000",
    "vertices" : [ {
      "x" : 1.0,
      "y" : 0.309017,
      "z" : 0.19098301
    }, {
      "x" : 1.0,
      "y" : -0.309017,
      "z" : 0.19098301
    }, {
      "x" : 7.690124,
      "y" : -0.309017,
      "z" : 0.19098301
    }, {
      "x" : 7.690124,
      "y" : 0.309017,
      "z" : 0.19098301
    }, {
      "x" : 7.690124,
      "y" : -0.309017,
      "z" : -0.19098301
    }, {
      "x" : 7.690124,
      "y" : 0.309017,
      "z" : -0.19098301
    }, {
      "x" : 8.308158,
      "y" : 0.0,
      "z" : 0.0
    }, {
      "x" : 0.38196602,
      "y" : 0.0,
      "z" : 0.0
    }, {
      "x" : 1.0,
      "y" : 0.309017,
      "z" : -0.19098301
    }, {
      "x" : 1.0,
      "y" : -0.309017,
      "z" : -0.19098301
    }, {
      "x" : 8.690124,
      "y" : 0.0,
      "z" : 0.0
    } ],
    "faces" : [ {
      "vertices" : [ 1, 9, 4, 2 ]
    }, {
      "vertices" : [ 0, 3, 5, 8 ]
    }, {
      "vertices" : [ 1, 7, 9 ]
    }, {
      "vertices" : [ 0, 1, 2, 3 ]
    }, {
      "vertices" : [ 7, 8, 9 ]
    }, {
      "vertices" : [ 0, 7, 1 ]
    }, {
      "vertices" : [ 4, 9, 8, 5 ]
    }, {
      "vertices" : [ 2, 6, 3 ]
    }, {
      "vertices" : [ 2, 4, 6 ]
    }, {
      "vertices" : [ 3, 6, 5 ]
    }, {
      "vertices" : [ 4, 5, 6 ]
    }, {
      "vertices" : [ 0, 8, 7 ]
    } ]
  }, {
    "id" : "9189996b-369f-4324-b2bb-2f6435d6ab39",
    "orbit" : "5",
    "orbitC" : "[[0,0,1],[-1025730000,1551460000,1597603033]]",
    "length" : "[1,0,1]",
    "name" : "short",
    "vertices" : [ {
      "x" : 0.4559043,
      "y" : 2.799754,
      "z" : -6.5891767
    }, {
      "x" : 0.85590434,
      "y" : 2.6997538,
      "z" : -6.4891763
    }, {
      "x" : 0.3350645,
      "y" : 0.37448773,
      "z" : -0.44128156
    }, {
      "x" : -0.064935505,
      "y" : 0.47448775,
      "z" : -0.5412816
    }, {
      "x" : 0.98923767,
      "y" : 2.999754,
      "z" : -6.255843
    }, {
      "x" : 0.58923763,
      "y" : 3.0997539,
      "z" : -6.355843
    }, {
      "x" : -0.19826883,
      "y" : 0.17448774,
      "z" : -0.7746149
    }, {
      "x" : 0.20173116,
      "y" : 0.074487746,
      "z" : -0.6746149
    } ],
    "faces" : [ {
      "vertices" : [ 2, 3, 6, 7 ]
    }, {
      "vertices" : [ 0, 5, 4, 1 ]
    }, {
      "vertices" : [ 2, 4, 5, 3 ]
    }, {
      "vertices" : [ 0, 6, 3, 5 ]
    }, {
      "vertices" : [ 0, 1, 7, 6 ]
    }, {
      "vertices" : [ 1, 4, 2, 7 ]
    } ]
  }, {
    "id" : "006f3173-6a0b-4f15-a8bf-ea2cf953a13a",
    "vertices" : [ {
      "x" : 0.0,
      "y" : 0.0,
      "z" : 0.0
    }, {
      "x" : -3.1742415,
      "y" : -7.030458,
      "z" : 0.79096884
    }, {
      "x" : 4.345062,
      "y" : -7.030458,
      "z" : 2.685396
    } ],
    "faces" : [ {
      "vertices" : [ 0, 1, 2 ]
    }, {
      "vertices" : [ 0, 2, 1 ]
    } ]
  }, {
    "id" : "4d4485d1-11ad-454b-a951-77500d647df5",
    "vertices" : [ {
      "x" : 0.0,
      "y" : 0.0,
      "z" : 0.0
    }, {
      "x" : -4.345062,
      "y" : 7.030458,
      "z" : -2.685396
    }, {
      "x" : -7.519304,
      "y" : 0.0,
      "z" : -1.8944272
    } ],
    "faces" : [ {
      "vertices" : [ 0, 1, 2 ]
    }, {
      "vertices" : [ 0, 2, 1 ]
    } ]
  }, {
    "id" : "ebaaeb7b-5f78-4d82-bd38-c87c50181995",
    "vertices" : [ {
      "x" : 0.0,
      "y" : 0.0,
      "z" : 0.0
    }, {
      "x" : 7.519304,
      "y" : 0.0,
      "z" : 1.8944272
    }, {
      "x" : 3.1742415,
      "y" : 7.030458,
      "z" : -0.79096884
    } ],
    "faces" : [ {
      "vertices" : [ 0, 1, 2 ]
    }, {
      "vertices" : [ 0, 2, 1 ]
    } ]
  }, {
    "id" : "96045e3d-e863-4c97-a8b2-849fc1c0faef",
    "vertices" : [ {
      "x" : 0.0,
      "y" : 0.0,
      "z" : 0.0
    }, {
      "x" : 2.685396,
      "y" : -4.345062,
      "z" : 7.030458
    }, {
      "x" : 0.0,
      "y" : -8.690124,
      "z" : 0.0
    } ],
    "faces" : [ {
      "vertices" : [ 0, 1, 2 ]
    }, {
      "vertices" : [ 0, 2, 1 ]
    } ]
  }, {
    "id" : "2429f9e1-fd2b-454a-82bf-55f9831389d8",
    "vertices" : [ {
      "x" : 0.0,
      "y" : 0.0,
      "z" : 0.0
    }, {
      "x" : 0.0,
      "y" : 8.690124,
      "z" : 0.0
    }, {
      "x" : 2.685396,
      "y" : 4.345062,
      "z" : 7.030458
    } ],
    "faces" : [ {
      "vertices" : [ 0, 1, 2 ]
    }, {
      "vertices" : [ 0, 2, 1 ]
    } ]
  }, {
    "id" : "7cc69c80-b30f-420a-9fd9-844f979de4a7",
    "orbit" : "0",
    "orbitC" : "[[0,0,1],[100000,-52573,52573]]",
    "length" : "[1,0,1]",
    "name" : "short",
    "vertices" : [ {
      "x" : 0.6525311,
      "y" : -2.5026534,
      "z" : -6.302225
    }, {
      "x" : 0.25253105,
      "y" : -2.6026533,
      "z" : -6.4022255
    }, {
      "x" : -0.08183092,
      "y" : -0.46809277,
      "z" : -0.5518767
    }, {
      "x" : 0.3181691,
      "y" : -0.36809278,
      "z" : -0.4518767
    }, {
      "x" : 0.3858644,
      "y" : -2.9026532,
      "z" : -6.168892
    }, {
      "x" : 0.7858644,
      "y" : -2.8026533,
      "z" : -6.068892
    }, {
      "x" : 0.18483575,
      "y" : -0.068092786,
      "z" : -0.68521005
    }, {
      "x" : -0.21516426,
      "y" : -0.16809279,
      "z" : -0.78521
    } ],
    "faces" : [ {
      "vertices" : [ 2, 3, 6, 7 ]
    }, {
      "vertices" : [ 0, 5, 4, 1 ]
    }, {
      "vertices" : [ 2, 4, 5, 3 ]
    }, {
      "vertices" : [ 0, 6, 3, 5 ]
    }, {
      "vertices" : [ 0, 1, 7, 6 ]
    }, {
      "vertices" : [ 1, 4, 2, 7 ]
    } ]
  }, {
    "id" : "6a036c61-d7ec-4c4e-8ef4-7e062d213cfa",
    "vertices" : [ {
      "x" : 0.0,
      "y" : 0.0,
      "z" : 0.0
    }, {
      "x" : 0.0,
      "y" : 8.472136,
      "z" : 0.0
    }, {
      "x" : 2.618034,
      "y" : 4.236068,
      "z" : 6.854102
    } ],
    "faces" : [ {
      "vertices" : [ 0, 1, 2 ]
    }, {
      "vertices" : [ 0, 2, 1 ]
    } ]
  }, {
    "id" : "c3e06855-171c-4053-b66e-320824c05eb7",
    "orbit" : "blue",
    "orbitC" : "[[0,0,1],[0,0,1]]",
    "length" : "[1,0,1]",
    "name" : "b1",
    "vertices" : [ {
      "x" : 1.0,
      "y" : 0.309017,
      "z" : 0.19098301
    }, {
      "x" : 1.0,
      "y" : -0.309017,
      "z" : 0.19098301
    }, {
      "x" : 7.472136,
      "y" : -0.309017,
      "z" : 0.19098301
    }, {
      "x" : 7.472136,
      "y" : 0.309017,
      "z" : 0.19098301
    }, {
      "x" : 7.472136,
      "y" : -0.309017,
      "z" : -0.19098301
    }, {
      "x" : 7.472136,
      "y" : 0.309017,
      "z" : -0.19098301
    }, {
      "x" : 8.09017,
      "y" : 0.0,
      "z" : 0.0
    }, {
      "x" : 0.38196602,
      "y" : 0.0,
      "z" : 0.0
    }, {
      "x" : 1.0,
      "y" : 0.309017,
      "z" : -0.19098301
    }, {
      "x" : 1.0,
      "y" : -0.309017,
      "z" : -0.19098301
    }, {
      "x" : 8.472136,
      "y" : 0.0,
      "z" : 0.0
    } ],
    "faces" : [ {
      "vertices" : [ 1, 9, 4, 2 ]
    }, {
      "vertices" : [ 0, 3, 5, 8 ]
    }, {
      "vertices" : [ 1, 7, 9 ]
    }, {
      "vertices" : [ 0, 1, 2, 3 ]
    }, {
      "vertices" : [ 7, 8, 9 ]
    }, {
      "vertices" : [ 0, 7, 1 ]
    }, {
      "vertices" : [ 4, 9, 8, 5 ]
    }, {
      "vertices" : [ 2, 6, 3 ]
    }, {
      "vertices" : [ 2, 4, 6 ]
    }, {
      "vertices" : [ 3, 6, 5 ]
    }, {
      "vertices" : [ 4, 5, 6 ]
    }, {
      "vertices" : [ 0, 8, 7 ]
    } ]
  }, {
    "id" : "dc26fbf0-d9d7-45a8-abc7-803102f841be",
    "orbit" : "red",
    "orbitC" : "[[-1,1,1],[0,0,1]]",
    "length" : "[0,52573,50000]",
    "name" : " :52573/50000*phi",
    "vertices" : [ {
      "x" : 0.9045085,
      "y" : 0.3454915,
      "z" : 0.25
    }, {
      "x" : 10.947345,
      "y" : 6.5523057,
      "z" : 0.25
    }, {
      "x" : 10.756362,
      "y" : 6.8613224,
      "z" : 0.25
    }, {
      "x" : 0.7135255,
      "y" : 0.6545085,
      "z" : 0.25
    }, {
      "x" : 0.809017,
      "y" : 0.5,
      "z" : -0.309017
    }, {
      "x" : 0.9635255,
      "y" : 0.25,
      "z" : -0.095491506
    }, {
      "x" : 0.309017,
      "y" : 0.19098301,
      "z" : 0.0
    }, {
      "x" : 11.351853,
      "y" : 7.015831,
      "z" : 0.0
    }, {
      "x" : 10.697345,
      "y" : 6.9568143,
      "z" : -0.095491506
    }, {
      "x" : 10.851853,
      "y" : 6.7068143,
      "z" : -0.309017
    }, {
      "x" : 11.660871,
      "y" : 7.2068143,
      "z" : 0.0
    }, {
      "x" : 0.6545085,
      "y" : 0.75,
      "z" : -0.095491506
    }, {
      "x" : 11.006362,
      "y" : 6.4568143,
      "z" : -0.095491506
    } ],
    "faces" : [ {
      "vertices" : [ 4, 11, 8, 9 ]
    }, {
      "vertices" : [ 0, 1, 2, 3 ]
    }, {
      "vertices" : [ 0, 3, 6 ]
    }, {
      "vertices" : [ 1, 7, 2 ]
    }, {
      "vertices" : [ 0, 6, 5 ]
    }, {
      "vertices" : [ 4, 5, 6 ]
    }, {
      "vertices" : [ 2, 7, 8 ]
    }, {
      "vertices" : [ 0, 5, 12, 1 ]
    }, {
      "vertices" : [ 1, 12, 7 ]
    }, {
      "vertices" : [ 3, 11, 6 ]
    }, {
      "vertices" : [ 4, 6, 11 ]
    }, {
      "vertices" : [ 7, 9, 8 ]
    }, {
      "vertices" : [ 2, 8, 11, 3 ]
    }, {
      "vertices" : [ 7, 12, 9 ]
    }, {
      "vertices" : [ 4, 9, 12, 5 ]
    } ]
  }, {
    "id" : "a03e3eb5-1b84-4623-b7de-0b6ad09ab24c",
    "vertices" : [ {
      "x" : 0.0,
      "y" : 0.0,
      "z" : 0.0
    }, {
      "x" : -6.854102,
      "y" : 2.618034,
      "z" : 4.236068
    }, {
      "x" : -2.970746,
      "y" : 6.854102,
      "z" : -0.57070017
    } ],
    "faces" : [ {
      "vertices" : [ 0, 1, 2 ]
    }, {
      "vertices" : [ 0, 2, 1 ]
    } ]
  }, {
    "id" : "54ff6325-a489-42be-8648-3cc5c9664b58",
    "vertices" : [ {
      "x" : 0.0,
      "y" : 0.0,
      "z" : 0.0
    }, {
      "x" : 2.970746,
      "y" : -6.854102,
      "z" : 0.57070017
    }, {
      "x" : -3.8833559,
      "y" : -4.236068,
      "z" : 4.806768
    } ],
    "faces" : [ {
      "vertices" : [ 0, 1, 2 ]
    }, {
      "vertices" : [ 0, 2, 1 ]
    } ]
  }, {
    "id" : "ffa54ed1-80d2-465e-8e14-c8426af7e408",
    "vertices" : [ {
      "x" : 0.0,
      "y" : 0.0,
      "z" : 0.0
    }, {
      "x" : 2.618034,
      "y" : -4.236068,
      "z" : 6.854102
    }, {
      "x" : 0.0,
      "y" : -8.472136,
      "z" : 0.0
    } ],
    "faces" : [ {
      "vertices" : [ 0, 1, 2 ]
    }, {
      "vertices" : [ 0, 2, 1 ]
    } ]
  }, {
    "id" : "c69bf5ec-d0ea-4929-8b37-2ce9f900ca3c",
    "orbit" : "blue",
    "orbitC" : "[[0,0,1],[0,0,1]]",
    "length" : "[0,1,1]",
    "name" : "b2",
    "vertices" : [ {
      "x" : 1.0,
      "y" : 0.309017,
      "z" : 0.19098301
    }, {
      "x" : 1.0,
      "y" : -0.309017,
      "z" : 0.19098301
    }, {
      "x" : 12.708204,
      "y" : -0.309017,
      "z" : 0.19098301
    }, {
      "x" : 12.708204,
      "y" : 0.309017,
      "z" : 0.19098301
    }, {
      "x" : 12.708204,
      "y" : -0.309017,
      "z" : -0.19098301
    }, {
      "x" : 12.708204,
      "y" : 0.309017,
      "z" : -0.19098301
    }, {
      "x" : 13.326238,
      "y" : 0.0,
      "z" : 0.0
    }, {
      "x" : 0.38196602,
      "y" : 0.0,
      "z" : 0.0
    }, {
      "x" : 1.0,
      "y" : 0.309017,
      "z" : -0.19098301
    }, {
      "x" : 1.0,
      "y" : -0.309017,
      "z" : -0.19098301
    }, {
      "x" : 13.708204,
      "y" : 0.0,
      "z" : 0.0
    } ],
    "faces" : [ {
      "vertices" : [ 1, 9, 4, 2 ]
    }, {
      "vertices" : [ 0, 3, 5, 8 ]
    }, {
      "vertices" : [ 1, 7, 9 ]
    }, {
      "vertices" : [ 0, 1, 2, 3 ]
    }, {
      "vertices" : [ 7, 8, 9 ]
    }, {
      "vertices" : [ 0, 7, 1 ]
    }, {
      "vertices" : [ 4, 9, 8, 5 ]
    }, {
      "vertices" : [ 2, 6, 3 ]
    }, {
      "vertices" : [ 2, 4, 6 ]
    }, {
      "vertices" : [ 3, 6, 5 ]
    }, {
      "vertices" : [ 4, 5, 6 ]
    }, {
      "vertices" : [ 0, 8, 7 ]
    } ]
  }, {
    "id" : "5e12867f-e70b-4665-965c-3358a2774d73",
    "vertices" : [ {
      "x" : 0.0,
      "y" : 0.0,
      "z" : 0.0
    }, {
      "x" : -2.618034,
      "y" : -4.236068,
      "z" : -6.854102
    }, {
      "x" : -2.618034,
      "y" : 4.236068,
      "z" : -6.854102
    } ],
    "faces" : [ {
      "vertices" : [ 0, 1, 2 ]
    }, {
      "vertices" : [ 0, 2, 1 ]
    } ]
  }, {
    "id" : "59863eb5-89ea-4847-afb2-1def9723875a",
    "vertices" : [ {
      "x" : 0.0,
      "y" : 0.0,
      "z" : 0.0
    }, {
      "x" : 3.8833559,
      "y" : 4.236068,
      "z" : -4.806768
    }, {
      "x" : 6.854102,
      "y" : -2.618034,
      "z" : -4.236068
    } ],
    "faces" : [ {
      "vertices" : [ 0, 1, 2 ]
    }, {
      "vertices" : [ 0, 2, 1 ]
    } ]
  } ],
  "instances" : [ {
    "shape" : "6003d850-e633-4706-b2bb-1ca24f3ce828",
    "color" : "#F2F2F2",
    "position" : {
      "x" : 4.4540563,
      "y" : -2.618034,
      "z" : 14.060916
    }
  }, {
    "shape" : "6003d850-e633-4706-b2bb-1ca24f3ce828",
    "color" : "#F2F2F2",
    "position" : {
      "x" : -8.690124,
      "y" : 4.236068,
      "z" : 11.442882
    }
  }, {
    "shape" : "03677233-18b9-4f3f-b996-1f5c62850712",
    "color" : "#D91218",
    "position" : {
      "x" : -9.824848,
      "y" : -11.308158,
      "z" : 0.0
    },
    "orientation" : 15
  }, {
    "shape" : "6003d850-e633-4706-b2bb-1ca24f3ce828",
    "color" : "#F2F2F2",
    "position" : {
      "x" : 9.824848,
      "y" : -11.308158,
      "z" : 0.0
    }
  }, {
    "shape" : "6292c3d1-8b86-43f0-bb3f-4bc455095f5e",
    "color" : "#008EC2",
    "position" : {
      "x" : 4.236068,
      "y" : 11.442882,
      "z" : -8.690124
    },
    "orientation" : 7
  }, {
    "shape" : "ab2212c0-ad35-4792-a8db-e6d06bc533bb",
    "color" : "#EC888B",
    "position" : {
      "x" : -2.618034,
      "y" : 14.060916,
      "z" : 4.4540563
    },
    "orientation" : 1
  }, {
    "shape" : "d818fd4e-960e-4939-a9dc-0cb82013d326",
    "color" : "#7FC6E0",
    "position" : {
      "x" : 8.690124,
      "y" : 4.236068,
      "z" : 11.442882
    },
    "orientation" : 10
  }, {
    "shape" : "6292c3d1-8b86-43f0-bb3f-4bc455095f5e",
    "color" : "#008EC2",
    "position" : {
      "x" : 9.824848,
      "y" : -11.308158,
      "z" : 0.0
    },
    "orientation" : 10
  }, {
    "shape" : "6003d850-e633-4706-b2bb-1ca24f3ce828",
    "color" : "#F2F2F2",
    "position" : {
      "x" : 8.690124,
      "y" : 4.236068,
      "z" : -11.442882
    }
  }, {
    "shape" : "7d56f195-f8d7-41a2-a490-f5ac0378b06a",
    "color" : "#EC888B",
    "position" : {
      "x" : 4.236068,
      "y" : 11.442882,
      "z" : -8.690124
    },
    "orientation" : 46
  }, {
    "shape" : "03677233-18b9-4f3f-b996-1f5c62850712",
    "color" : "#D91218",
    "position" : {
      "x" : 11.442882,
      "y" : -8.690124,
      "z" : 4.236068
    },
    "orientation" : 32
  }, {
    "shape" : "7d56f195-f8d7-41a2-a490-f5ac0378b06a",
    "color" : "#EC888B",
    "position" : {
      "x" : 8.690124,
      "y" : 4.236068,
      "z" : -11.442882
    },
    "orientation" : 17
  }, {
    "shape" : "03677233-18b9-4f3f-b996-1f5c62850712",
    "color" : "#D91218",
    "position" : {
      "x" : -4.236068,
      "y" : 11.442882,
      "z" : 8.690124
    },
    "orientation" : 30
  }, {
    "shape" : "6003d850-e633-4706-b2bb-1ca24f3ce828",
    "color" : "#F2F2F2",
    "position" : {
      "x" : -4.236068,
      "y" : -11.442882,
      "z" : 8.690124
    }
  }, {
    "shape" : "6003d850-e633-4706-b2bb-1ca24f3ce828",
    "color" : "#F2F2F2",
    "position" : {
      "x" : -14.060916,
      "y" : -4.4540563,
      "z" : 2.618034
    }
  }, {
    "shape" : "6003d850-e633-4706-b2bb-1ca24f3ce828",
    "color" : "#F2F2F2",
    "position" : {
      "x" : 14.060916,
      "y" : 4.4540563,
      "z" : -2.618034
    }
  }, {
    "shape" : "03677233-18b9-4f3f-b996-1f5c62850712",
    "color" : "#D91218",
    "position" : {
      "x" : -11.308158,
      "y" : 0.0,
      "z" : 9.824848
    },
    "orientation" : 47
  }, {
    "shape" : "03677233-18b9-4f3f-b996-1f5c62850712",
    "color" : "#D91218",
    "position" : {
      "x" : 0.0,
      "y" : -9.824848,
      "z" : 11.308158
    },
    "orientation" : 1
  }, {
    "shape" : "6292c3d1-8b86-43f0-bb3f-4bc455095f5e",
    "color" : "#008EC2",
    "position" : {
      "x" : 14.060916,
      "y" : -4.4540563,
      "z" : 2.618034
    },
    "orientation" : 47
  }, {
    "shape" : "03677233-18b9-4f3f-b996-1f5c62850712",
    "color" : "#D91218",
    "position" : {
      "x" : 4.4540563,
      "y" : 2.618034,
      "z" : -14.060916
    },
    "orientation" : 45
  }, {
    "shape" : "03677233-18b9-4f3f-b996-1f5c62850712",
    "color" : "#D91218",
    "position" : {
      "x" : -4.4540563,
      "y" : 2.618034,
      "z" : 14.060916
    },
    "orientation" : 0
  }, {
    "shape" : "03677233-18b9-4f3f-b996-1f5c62850712",
    "color" : "#D91218",
    "position" : {
      "x" : 4.236068,
      "y" : -11.442882,
      "z" : 8.690124
    },
    "orientation" : 0
  }, {
    "shape" : "6003d850-e633-4706-b2bb-1ca24f3ce828",
    "color" : "#F2F2F2",
    "position" : {
      "x" : -8.690124,
      "y" : -8.690124,
      "z" : -8.690124
    }
  }, {
    "shape" : "03677233-18b9-4f3f-b996-1f5c62850712",
    "color" : "#D91218",
    "position" : {
      "x" : 8.690124,
      "y" : 4.236068,
      "z" : -11.442882
    },
    "orientation" : 1
  }, {
    "shape" : "03677233-18b9-4f3f-b996-1f5c62850712",
    "color" : "#D91218",
    "position" : {
      "x" : -9.824848,
      "y" : 11.308158,
      "z" : 0.0
    },
    "orientation" : 0
  }, {
    "shape" : "6003d850-e633-4706-b2bb-1ca24f3ce828",
    "color" : "#F2F2F2",
    "position" : {
      "x" : -4.4540563,
      "y" : 2.618034,
      "z" : 14.060916
    }
  }, {
    "shape" : "03677233-18b9-4f3f-b996-1f5c62850712",
    "color" : "#D91218",
    "position" : {
      "x" : 4.236068,
      "y" : 11.442882,
      "z" : 8.690124
    },
    "orientation" : 15
  }, {
    "shape" : "7d56f195-f8d7-41a2-a490-f5ac0378b06a",
    "color" : "#EC888B",
    "position" : {
      "x" : -4.236068,
      "y" : -11.442882,
      "z" : -8.690124
    },
    "orientation" : 16
  }, {
    "shape" : "6003d850-e633-4706-b2bb-1ca24f3ce828",
    "color" : "#F2F2F2",
    "position" : {
      "x" : -11.308158,
      "y" : 0.0,
      "z" : -9.824848
    }
  }, {
    "shape" : "dbe6ca87-2b93-4fe7-a509-1488c4c224bf",
    "color" : "#EC888B",
    "position" : {
      "x" : -8.690124,
      "y" : -4.236068,
      "z" : 11.442882
    },
    "orientation" : 32
  }, {
    "shape" : "a80ef6de-4f38-4491-8e11-2b029b52d166",
    "color" : "#7FC6E0",
    "position" : {
      "x" : 4.4540563,
      "y" : -2.618034,
      "z" : 14.060916
    },
    "orientation" : 2
  }, {
    "shape" : "81e5dbc1-5cdc-4662-b94b-9b6004614e32",
    "color" : "#7FC6E0",
    "position" : {
      "x" : -8.690124,
      "y" : 8.690124,
      "z" : 8.690124
    },
    "orientation" : 7
  }, {
    "shape" : "6003d850-e633-4706-b2bb-1ca24f3ce828",
    "color" : "#F2F2F2",
    "position" : {
      "x" : -14.060916,
      "y" : -4.4540563,
      "z" : -2.618034
    }
  }, {
    "shape" : "6003d850-e633-4706-b2bb-1ca24f3ce828",
    "color" : "#F2F2F2",
    "position" : {
      "x" : 14.060916,
      "y" : 0.0,
      "z" : -5.370792
    }
  }, {
    "shape" : "6003d850-e633-4706-b2bb-1ca24f3ce828",
    "color" : "#F2F2F2",
    "position" : {
      "x" : -2.618034,
      "y" : 14.060916,
      "z" : -4.4540563
    }
  }, {
    "shape" : "6292c3d1-8b86-43f0-bb3f-4bc455095f5e",
    "color" : "#008EC2",
    "position" : {
      "x" : 4.4540563,
      "y" : -2.618034,
      "z" : -14.060916
    },
    "orientation" : 8
  }, {
    "shape" : "dbe6ca87-2b93-4fe7-a509-1488c4c224bf",
    "color" : "#EC888B",
    "position" : {
      "x" : -4.236068,
      "y" : -11.442882,
      "z" : 8.690124
    },
    "orientation" : 31
  }, {
    "shape" : "03677233-18b9-4f3f-b996-1f5c62850712",
    "color" : "#D91218",
    "position" : {
      "x" : 11.442882,
      "y" : 8.690124,
      "z" : 4.236068
    },
    "orientation" : 32
  }, {
    "shape" : "a80ef6de-4f38-4491-8e11-2b029b52d166",
    "color" : "#7FC6E0",
    "position" : {
      "x" : 11.442882,
      "y" : -8.690124,
      "z" : -4.236068
    },
    "orientation" : 24
  }, {
    "shape" : "03677233-18b9-4f3f-b996-1f5c62850712",
    "color" : "#D91218",
    "position" : {
      "x" : -4.4540563,
      "y" : -2.618034,
      "z" : -14.060916
    },
    "orientation" : 15
  }, {
    "shape" : "03677233-18b9-4f3f-b996-1f5c62850712",
    "color" : "#D91218",
    "position" : {
      "x" : -11.442882,
      "y" : 8.690124,
      "z" : 4.236068
    },
    "orientation" : 2
  }, {
    "shape" : "03677233-18b9-4f3f-b996-1f5c62850712",
    "color" : "#D91218",
    "position" : {
      "x" : 9.824848,
      "y" : 11.308158,
      "z" : 0.0
    },
    "orientation" : 45
  }, {
