{
  "field" : "golden",
  "symmetry" : "icosahedral",
  "orientations" : [ [ 1.0, 0.0, 0.0, 0.0, 0.0, 1.0, 0.0, 0.0, 0.0, 0.0, 1.0, 0.0, 0.0, 0.0, 0.0, 1.0 ], [ 0.0, 0.0, 1.0, 0.0, 1.0, 0.0, 0.0, 0.0, 0.0, 1.0, 0.0, 0.0, 0.0, 0.0, 0.0, 1.0 ], [ 0.0, 1.0, 0.0, 0.0, 0.0, 0.0, 1.0, 0.0, 1.0, 0.0, 0.0, 0.0, 0.0, 0.0, 0.0, 1.0 ], [ 0.809017, 0.309017, 0.5, 0.0, 0.309017, 0.5, -0.809017, 0.0, -0.5, 0.809017, 0.309017, 0.0, 0.0, 0.0, 0.0, 1.0 ], [ -0.5, 0.809017, 0.309017, 0.0, 0.809017, 0.309017, 0.5, 0.0, 0.309017, 0.5, -0.809017, 0.0, 0.0, 0.0, 0.0, 1.0 ], [ 0.309017, 0.5, -0.809017, 0.0, -0.5, 0.809017, 0.309017, 0.0, 0.809017, 0.309017, 0.5, 0.0, 0.0, 0.0, 0.0, 1.0 ], [ 0.5, 0.809017, 0.309017, 0.0, 0.809017, -0.309017, -0.5, 0.0, -0.309017, 0.5, -0.809017, 0.0, 0.0, 0.0, 0.0, 1.0 ], [ -0.309017, 0.5, -0.809017, 0.0, 0.5, 0.809017, 0.309017, 0.0, 0.809017, -0.309017, -0.5, 0.0, 0.0, 0.0, 0.0, 1.0 ], [ 0.809017, -0.309017, -0.5, 0.0, -0.309017, 0.5, -0.809017, 0.0, 0.5, 0.809017, 0.309017, 0.0, 0.0, 0.0, 0.0, 1.0 ], [ 0.5, 0.809017, -0.309017, 0.0, 0.809017, -0.309017, 0.5, 0.0, 0.309017, -0.5, -0.809017, 0.0, 0.0, 0.0, 0.0, 1.0 ], [ 0.309017, -0.5, -0.809017, 0.0, 0.5, 0.809017, -0.309017, 0.0, 0.809017, -0.309017, 0.5, 0.0, 0.0, 0.0, 0.0, 1.0 ], [ 0.809017, -0.309017, 0.5, 0.0, 0.309017, -0.5, -0.809017, 0.0, 0.5, 0.809017, -0.309017, 0.0, 0.0, 0.0, 0.0, 1.0 ], [ 0.809017, 0.309017, -0.5, 0.0, 0.309017, 0.5, 0.809017, 0.0, 0.5, -0.809017, 0.309017, 0.0, 0.0, 0.0, 0.0, 1.0 ], [ 0.5, -0.809017, 0.309017, 0.0, 0.809017, 0.309017, -0.5, 0.0, 0.309017, 0.5, 0.809017, 0.0, 0.0, 0.0, 0.0, 1.0 ], [ 0.309017, 0.5, 0.809017, 0.0, 0.5, -0.809017, 0.309017, 0.0, 0.809017, 0.309017, -0.5, 0.0, 0.0, 0.0, 0.0, 1.0 ], [ 1.0, 0.0, 0.0, 0.0, 0.0, -1.0, 0.0, 0.0, 0.0, 0.0, -1.0, 0.0, 0.0, 0.0, 0.0, 1.0 ], [ 0.0, 0.0, 1.0, 0.0, -1.0, 0.0, 0.0, 0.0, 0.0, -1.0, 0.0, 0.0, 0.0, 0.0, 0.0, 1.0 ], [ 0.0, 1.0, 0.0, 0.0, 0.0, 0.0, -1.0, 0.0, -1.0, 0.0, 0.0, 0.0, 0.0, 0.0, 0.0, 1.0 ], [ 0.809017, 0.309017, 0.5, 0.0, -0.309017, -0.5, 0.809017, 0.0, 0.5, -0.809017, -0.309017, 0.0, 0.0, 0.0, 0.0, 1.0 ], [ -0.5, 0.809017, 0.309017, 0.0, -0.809017, -0.309017, -0.5, 0.0, -0.309017, -0.5, 0.809017, 0.0, 0.0, 0.0, 0.0, 1.0 ], [ 0.309017, 0.5, -0.809017, 0.0, 0.5, -0.809017, -0.309017, 0.0, -0.809017, -0.309017, -0.5, 0.0, 0.0, 0.0, 0.0, 1.0 ], [ 0.5, 0.809017, 0.309017, 0.0, -0.809017, 0.309017, 0.5, 0.0, 0.309017, -0.5, 0.809017, 0.0, 0.0, 0.0, 0.0, 1.0 ], [ -0.309017, 0.5, -0.809017, 0.0, -0.5, -0.809017, -0.309017, 0.0, -0.809017, 0.309017, 0.5, 0.0, 0.0, 0.0, 0.0, 1.0 ], [ 0.809017, -0.309017, -0.5, 0.0, 0.309017, -0.5, 0.809017, 0.0, -0.5, -0.809017, -0.309017, 0.0, 0.0, 0.0, 0.0, 1.0 ], [ 0.5, 0.809017, -0.309017, 0.0, -0.809017, 0.309017, -0.5, 0.0, -0.309017, 0.5, 0.809017, 0.0, 0.0, 0.0, 0.0, 1.0 ], [ 0.309017, -0.5, -0.809017, 0.0, -0.5, -0.809017, 0.309017, 0.0, -0.809017, 0.309017, -0.5, 0.0, 0.0, 0.0, 0.0, 1.0 ], [ 0.809017, -0.309017, 0.5, 0.0, -0.309017, 0.5, 0.809017, 0.0, -0.5, -0.809017, 0.309017, 0.0, 0.0, 0.0, 0.0, 1.0 ], [ 0.809017, 0.309017, -0.5, 0.0, -0.309017, -0.5, -0.809017, 0.0, -0.5, 0.809017, -0.309017, 0.0, 0.0, 0.0, 0.0, 1.0 ], [ 0.5, -0.809017, 0.309017, 0.0, -0.809017, -0.309017, 0.5, 0.0, -0.309017, -0.5, -0.809017, 0.0, 0.0, 0.0, 0.0, 1.0 ], [ 0.309017, 0.5, 0.809017, 0.0, -0.5, 0.809017, -0.309017, 0.0, -0.809017, -0.309017, 0.5, 0.0, 0.0, 0.0, 0.0, 1.0 ], [ -1.0, 0.0, 0.0, 0.0, 0.0, -1.0, 0.0, 0.0, 0.0, 0.0, 1.0, 0.0, 0.0, 0.0, 0.0, 1.0 ], [ 0.0, 0.0, -1.0, 0.0, -1.0, 0.0, 0.0, 0.0, 0.0, 1.0, 0.0, 0.0, 0.0, 0.0, 0.0, 1.0 ], [ 0.0, -1.0, 0.0, 0.0, 0.0, 0.0, -1.0, 0.0, 1.0, 0.0, 0.0, 0.0, 0.0, 0.0, 0.0, 1.0 ], [ -0.809017, -0.309017, -0.5, 0.0, -0.309017, -0.5, 0.809017, 0.0, -0.5, 0.809017, 0.309017, 0.0, 0.0, 0.0, 0.0, 1.0 ], [ 0.5, -0.809017, -0.309017, 0.0, -0.809017, -0.309017, -0.5, 0.0, 0.309017, 0.5, -0.809017, 0.0, 0.0, 0.0, 0.0, 1.0 ], [ -0.309017, -0.5, 0.809017, 0.0, 0.5, -0.809017, -0.309017, 0.0, 0.809017, 0.309017, 0.5, 0.0, 0.0, 0.0, 0.0, 1.0 ], [ -0.5, -0.809017, -0.309017, 0.0, -0.809017, 0.309017, 0.5, 0.0, -0.309017, 0.5, -0.809017, 0.0, 0.0, 0.0, 0.0, 1.0 ], [ 0.309017, -0.5, 0.809017, 0.0, -0.5, -0.809017, -0.309017, 0.0, 0.809017, -0.309017, -0.5, 0.0, 0.0, 0.0, 0.0, 1.0 ], [ -0.809017, 0.309017, 0.5, 0.0, 0.309017, -0.5, 0.809017, 0.0, 0.5, 0.809017, 0.309017, 0.0, 0.0, 0.0, 0.0, 1.0 ], [ -0.5, -0.809017, 0.309017, 0.0, -0.809017, 0.309017, -0.5, 0.0, 0.309017, -0.5, -0.809017, 0.0, 0.0, 0.0, 0.0, 1.0 ], [ -0.309017, 0.5, 0.809017, 0.0, -0.5, -0.809017, 0.309017, 0.0, 0.809017, -0.309017, 0.5, 0.0, 0.0, 0.0, 0.0, 1.0 ], [ -0.809017, 0.309017, -0.5, 0.0, -0.309017, 0.5, 0.809017, 0.0, 0.5, 0.809017, -0.309017, 0.0, 0.0, 0.0, 0.0, 1.0 ], [ -0.809017, -0.309017, 0.5, 0.0, -0.309017, -0.5, -0.809017, 0.0, 0.5, -0.809017, 0.309017, 0.0, 0.0, 0.0, 0.0, 1.0 ], [ -0.5, 0.809017, -0.309017, 0.0, -0.809017, -0.309017, 0.5, 0.0, 0.309017, 0.5, 0.809017, 0.0, 0.0, 0.0, 0.0, 1.0 ], [ -0.309017, -0.5, -0.809017, 0.0, -0.5, 0.809017, -0.309017, 0.0, 0.809017, 0.309017, -0.5, 0.0, 0.0, 0.0, 0.0, 1.0 ], [ -1.0, 0.0, 0.0, 0.0, 0.0, 1.0, 0.0, 0.0, 0.0, 0.0, -1.0, 0.0, 0.0, 0.0, 0.0, 1.0 ], [ 0.0, 0.0, -1.0, 0.0, 1.0, 0.0, 0.0, 0.0, 0.0, -1.0, 0.0, 0.0, 0.0, 0.0, 0.0, 1.0 ], [ 0.0, -1.0, 0.0, 0.0, 0.0, 0.0, 1.0, 0.0, -1.0, 0.0, 0.0, 0.0, 0.0, 0.0, 0.0, 1.0 ], [ -0.809017, -0.309017, -0.5, 0.0, 0.309017, 0.5, -0.809017, 0.0, 0.5, -0.809017, -0.309017, 0.0, 0.0, 0.0, 0.0, 1.0 ], [ 0.5, -0.809017, -0.309017, 0.0, 0.809017, 0.309017, 0.5, 0.0, -0.309017, -0.5, 0.809017, 0.0, 0.0, 0.0, 0.0, 1.0 ], [ -0.309017, -0.5, 0.809017, 0.0, -0.5, 0.809017, 0.309017, 0.0, -0.809017, -0.309017, -0.5, 0.0, 0.0, 0.0, 0.0, 1.0 ], [ -0.5, -0.809017, -0.309017, 0.0, 0.809017, -0.309017, -0.5, 0.0, 0.309017, -0.5, 0.809017, 0.0, 0.0, 0.0, 0.0, 1.0 ], [ 0.309017, -0.5, 0.809017, 0.0, 0.5, 0.809017, 0.309017, 0.0, -0.809017, 0.309017, 0.5, 0.0, 0.0, 0.0, 0.0, 1.0 ], [ -0.809017, 0.309017, 0.5, 0.0, -0.309017, 0.5, -0.809017, 0.0, -0.5, -0.809017, -0.309017, 0.0, 0.0, 0.0, 0.0, 1.0 ], [ -0.5, -0.809017, 0.309017, 0.0, 0.809017, -0.309017, 0.5, 0.0, -0.309017, 0.5, 0.809017, 0.0, 0.0, 0.0, 0.0, 1.0 ], [ -0.309017, 0.5, 0.809017, 0.0, 0.5, 0.809017, -0.309017, 0.0, -0.809017, 0.309017, -0.5, 0.0, 0.0, 0.0, 0.0, 1.0 ], [ -0.809017, 0.309017, -0.5, 0.0, 0.309017, -0.5, -0.809017, 0.0, -0.5, -0.809017, 0.309017, 0.0, 0.0, 0.0, 0.0, 1.0 ], [ -0.809017, -0.309017, 0.5, 0.0, 0.309017, 0.5, 0.809017, 0.0, -0.5, 0.809017, -0.309017, 0.0, 0.0, 0.0, 0.0, 1.0 ], [ -0.5, 0.809017, -0.309017, 0.0, 0.809017, 0.309017, -0.5, 0.0, -0.309017, -0.5, -0.809017, 0.0, 0.0, 0.0, 0.0, 1.0 ], [ -0.309017, -0.5, -0.809017, 0.0, 0.5, -0.809017, 0.309017, 0.0, -0.809017, -0.309017, 0.5, 0.0, 0.0, 0.0, 0.0, 1.0 ] ],
  "lights" : {
    "ambientColor" : "#292929",
    "backgroundColor" : "#AFC8DC",
    "directionalLights" : [ {
      "direction" : [ 1.0, -1.0, -1.0 ],
      "color" : "#EBEBE4"
    }, {
      "direction" : [ -1.0, 0.0, 0.0 ],
      "color" : "#E4E4EB"
    }, {
      "direction" : [ 0.0, 0.0, -1.0 ],
      "color" : "#1E1E1E"
    } ]
  },
  "camera" : {
    "width" : 68.74307,
    "stereo" : false,
    "perspective" : false,
    "viewDistance" : 152.76175,
    "nearClipDistance" : 0.3819045,
    "farClipDistance" : 305.52298,
    "lookAtPoint" : {
      "x" : 0.0,
      "y" : 0.0,
      "z" : 0.0
    },
    "fieldOfView" : 0.44263065,
    "lookDirection" : {
      "x" : 0.0,
      "y" : 0.0,
      "z" : -1.0
    },
    "upDirection" : {
      "x" : 0.0,
      "y" : 1.0,
      "z" : 0.0
    },
    "position" : {
      "x" : 0.0,
      "y" : 0.0,
      "z" : 152.76175
    }
  },
  "embedding" : [ 1.0, 0.0, 0.0, 0.0, 0.0, 1.0, 0.0, 0.0, 0.0, 0.0, 1.0, 0.0, 0.0, 0.0, 0.0, 1.0 ],
  "shapes" : [ {
    "id" : "5f039733-195a-4c86-957b-d092575661dc",
    "vertices" : [ {
      "x" : 6.404761,
      "y" : -0.2958219,
      "z" : 2.6303768
    }, {
      "x" : 6.3047605,
      "y" : -0.69582194,
      "z" : 2.530377
    }, {
      "x" : 0.44934133,
      "y" : -0.32221207,
      "z" : 0.36962306
    }, {
      "x" : 0.5493413,
      "y" : 0.07778793,
      "z" : 0.46962306
    }, {
      "x" : 6.0714273,
      "y" : -0.82915527,
      "z" : 2.8303769
    }, {
      "x" : 6.1714272,
      "y" : -0.42915526,
      "z" : 2.930377
    }, {
      "x" : 0.7826747,
      "y" : 0.21112126,
      "z" : 0.16962306
    }, {
      "x" : 0.68267465,
      "y" : -0.18887874,
      "z" : 0.06962307
    } ],
    "faces" : [ {
      "vertices" : [ 2, 3, 6 ]
    }, {
      "vertices" : [ 2, 6, 7 ]
    }, {
      "vertices" : [ 0, 5, 4 ]
    }, {
      "vertices" : [ 0, 4, 1 ]
    }, {
      "vertices" : [ 2, 4, 5 ]
    }, {
      "vertices" : [ 2, 5, 3 ]
    }, {
      "vertices" : [ 0, 6, 3 ]
    }, {
      "vertices" : [ 0, 3, 5 ]
    }, {
      "vertices" : [ 0, 1, 7 ]
    }, {
      "vertices" : [ 0, 7, 6 ]
    }, {
      "vertices" : [ 1, 4, 2 ]
    }, {
      "vertices" : [ 1, 2, 7 ]
    } ]
  }, {
    "id" : "10fa74f0-0f9c-4b83-a363-7e1deaae39b7",
    "vertices" : [ {
      "x" : 4.236068,
      "y" : -6.854102,
      "z" : 11.09017
    }, {
      "x" : 6.130495,
      "y" : -7.5777087,
      "z" : 9.91935
    }, {
      "x" : 4.4420795,
      "y" : -6.981424,
      "z" : 11.09017
    } ],
    "faces" : [ {
      "vertices" : [ 0, 1, 2 ]
    }, {
      "vertices" : [ 0, 2, 1 ]
    } ]
  }, {
    "id" : "f6cdb0ee-575a-4f72-be89-b2b68bbb042b",
    "vertices" : [ {
      "x" : 0.309017,
      "y" : -0.309017,
      "z" : -0.309017
    }, {
      "x" : 0.5,
      "y" : 0.0,
      "z" : -0.19098301
    }, {
      "x" : 0.5,
      "y" : 0.0,
      "z" : 0.19098301
    }, {
      "x" : 0.309017,
      "y" : -0.309017,
      "z" : 0.309017
    }, {
      "x" : 0.19098301,
      "y" : -0.5,
      "z" : 0.0
    }, {
      "x" : 0.0,
      "y" : 0.19098301,
      "z" : 0.5
    }, {
      "x" : 0.0,
      "y" : -0.19098301,
      "z" : 0.5
    }, {
      "x" : 0.309017,
      "y" : 0.309017,
      "z" : 0.309017
    }, {
      "x" : -0.309017,
      "y" : -0.309017,
      "z" : 0.309017
    }, {
      "x" : -0.309017,
      "y" : 0.309017,
      "z" : 0.309017
    }, {
      "x" : -0.5,
      "y" : 0.0,
      "z" : 0.19098301
    }, {
      "x" : 0.0,
      "y" : -0.19098301,
      "z" : -0.5
    }, {
      "x" : 0.0,
      "y" : 0.19098301,
      "z" : -0.5
    }, {
      "x" : 0.309017,
      "y" : 0.309017,
      "z" : -0.309017
    }, {
      "x" : -0.309017,
      "y" : -0.309017,
      "z" : -0.309017
    }, {
      "x" : -0.19098301,
      "y" : -0.5,
      "z" : 0.0
    }, {
      "x" : -0.5,
      "y" : 0.0,
      "z" : -0.19098301
    }, {
      "x" : 0.19098301,
      "y" : 0.5,
      "z" : 0.0
    }, {
      "x" : -0.309017,
      "y" : 0.309017,
      "z" : -0.309017
    }, {
      "x" : 0.0,
      "y" : 0.0,
      "z" : 0.0
    }, {
      "x" : -0.19098301,
      "y" : 0.5,
      "z" : 0.0
    } ],
    "faces" : [ {
      "vertices" : [ 12, 18, 20 ]
    }, {
      "vertices" : [ 12, 20, 17 ]
    }, {
      "vertices" : [ 12, 17, 13 ]
    }, {
      "vertices" : [ 3, 6, 8 ]
    }, {
      "vertices" : [ 3, 8, 15 ]
    }, {
      "vertices" : [ 3, 15, 4 ]
    }, {
      "vertices" : [ 0, 11, 12 ]
    }, {
      "vertices" : [ 0, 12, 13 ]
    }, {
      "vertices" : [ 0, 13, 1 ]
    }, {
      "vertices" : [ 5, 9, 10 ]
    }, {
      "vertices" : [ 5, 10, 8 ]
    }, {
      "vertices" : [ 5, 8, 6 ]
    }, {
      "vertices" : [ 2, 7, 5 ]
    }, {
      "vertices" : [ 2, 5, 6 ]
    }, {
      "vertices" : [ 2, 6, 3 ]
    }, {
      "vertices" : [ 11, 14, 16 ]
    }, {
      "vertices" : [ 11, 16, 18 ]
    }, {
      "vertices" : [ 11, 18, 12 ]
    }, {
      "vertices" : [ 1, 13, 17 ]
    }, {
      "vertices" : [ 1, 17, 7 ]
    }, {
      "vertices" : [ 1, 7, 2 ]
    }, {
      "vertices" : [ 9, 20, 18 ]
    }, {
      "vertices" : [ 9, 18, 16 ]
    }, {
      "vertices" : [ 9, 16, 10 ]
    }, {
      "vertices" : [ 0, 1, 2 ]
    }, {
      "vertices" : [ 0, 2, 3 ]
    }, {
      "vertices" : [ 0, 3, 4 ]
    }, {
      "vertices" : [ 5, 7, 17 ]
    }, {
      "vertices" : [ 5, 17, 20 ]
    }, {
      "vertices" : [ 5, 20, 9 ]
    }, {
      "vertices" : [ 0, 4, 15 ]
    }, {
      "vertices" : [ 0, 15, 14 ]
    }, {
      "vertices" : [ 0, 14, 11 ]
    }, {
      "vertices" : [ 8, 10, 16 ]
    }, {
      "vertices" : [ 8, 16, 14 ]
    }, {
      "vertices" : [ 8, 14, 15 ]
    } ]
  }, {
    "id" : "70563ede-6704-456c-9538-bbb491e59bcb",
    "vertices" : [ {
      "x" : -6.130495,
      "y" : 0.0,
      "z" : 9.91935
    }, {
      "x" : -4.236068,
      "y" : 6.854102,
      "z" : 11.09017
    }, {
      "x" : -2.3416407,
      "y" : 6.130495,
      "z" : 12.26099
    } ],
    "faces" : [ {
      "vertices" : [ 0, 1, 2 ]
    }, {
      "vertices" : [ 0, 2, 1 ]
    } ]
  }, {
    "id" : "2e4f3d21-95af-4427-b670-b3929858036c",
    "vertices" : [ {
      "x" : 11.09017,
      "y" : 4.4420795,
      "z" : 6.981424
    }, {
      "x" : 11.09017,
      "y" : 11.09017,
      "z" : 11.09017
    }, {
      "x" : 15.798374,
      "y" : 7.351909,
      "z" : 6.981424
    } ],
    "faces" : [ {
      "vertices" : [ 0, 1, 2 ]
    }, {
      "vertices" : [ 0, 2, 1 ]
    } ]
  }, {
    "id" : "5cd6a6d0-2c4d-4ee8-9dca-f49516b182fc",
    "vertices" : [ {
      "x" : -11.296182,
      "y" : 4.108746,
      "z" : 6.854102
    }, {
      "x" : -17.944271,
      "y" : 0.0,
      "z" : 6.854102
    }, {
      "x" : -16.004385,
      "y" : 7.018576,
      "z" : 6.854102
    } ],
    "faces" : [ {
      "vertices" : [ 0, 1, 2 ]
    }, {
      "vertices" : [ 0, 2, 1 ]
    } ]
  }, {
    "id" : "a5048a7b-3911-4bdf-869c-661963a65538",
    "vertices" : [ {
      "x" : -9.91935,
      "y" : -6.130495,
      "z" : 7.5777087
    }, {
      "x" : -9.91935,
      "y" : -9.91935,
      "z" : 9.91935
    }, {
      "x" : -11.09017,
      "y" : -11.09017,
      "z" : 11.09017
    }, {
      "x" : -11.09017,
      "y" : -4.4420795,
      "z" : 6.981424
    } ],
    "faces" : [ {
      "vertices" : [ 0, 1, 2 ]
    }, {
      "vertices" : [ 0, 2, 3 ]
    }, {
      "vertices" : [ 0, 3, 2 ]
    }, {
      "vertices" : [ 0, 2, 1 ]
    } ]
  }, {
    "id" : "1bc6de26-5216-43d8-af3a-1772374b5e63",
    "vertices" : [ {
      "x" : 1.0,
      "y" : 0.309017,
      "z" : 0.19098301
    }, {
      "x" : 1.0,
      "y" : -0.309017,
      "z" : 0.19098301
    }, {
      "x" : 5.0,
      "y" : -0.309017,
      "z" : 0.19098301
    }, {
      "x" : 5.0,
      "y" : 0.309017,
      "z" : 0.19098301
    }, {
      "x" : 5.0,
      "y" : -0.309017,
      "z" : -0.19098301
    }, {
      "x" : 5.0,
      "y" : 0.309017,
      "z" : -0.19098301
    }, {
      "x" : 5.618034,
      "y" : 0.0,
      "z" : 0.0
    }, {
      "x" : 0.38196602,
      "y" : 0.0,
      "z" : 0.0
    }, {
      "x" : 1.0,
      "y" : 0.309017,
      "z" : -0.19098301
    }, {
      "x" : 1.0,
      "y" : -0.309017,
      "z" : -0.19098301
    }, {
      "x" : 6.0,
      "y" : 0.0,
      "z" : 0.0
    } ],
    "faces" : [ {
      "vertices" : [ 1, 9, 4 ]
    }, {
      "vertices" : [ 1, 4, 2 ]
    }, {
      "vertices" : [ 0, 3, 5 ]
    }, {
      "vertices" : [ 0, 5, 8 ]
    }, {
      "vertices" : [ 1, 7, 9 ]
    }, {
      "vertices" : [ 0, 1, 2 ]
    }, {
      "vertices" : [ 0, 2, 3 ]
    }, {
      "vertices" : [ 7, 8, 9 ]
    }, {
      "vertices" : [ 0, 7, 1 ]
    }, {
      "vertices" : [ 4, 9, 8 ]
    }, {
      "vertices" : [ 4, 8, 5 ]
    }, {
      "vertices" : [ 2, 6, 3 ]
    }, {
      "vertices" : [ 2, 4, 6 ]
    }, {
      "vertices" : [ 3, 6, 5 ]
    }, {
      "vertices" : [ 4, 5, 6 ]
    }, {
      "vertices" : [ 0, 8, 7 ]
    } ]
  }, {
    "id" : "e5802025-605e-4d20-b6f5-c323bf36a57b",
    "vertices" : [ {
      "x" : 11.18034,
      "y" : 4.236068,
      "z" : 7.0
    }, {
      "x" : 14.09017,
      "y" : 4.236068,
      "z" : 11.708204
    }, {
      "x" : 17.944271,
      "y" : 0.0,
      "z" : 6.854102
    } ],
    "faces" : [ {
      "vertices" : [ 0, 1, 2 ]
    }, {
      "vertices" : [ 0, 2, 1 ]
    } ]
  }, {
    "id" : "a529def6-5e16-464e-b69d-742e2d6cde55",
    "vertices" : [ {
      "x" : 6.130495,
      "y" : 0.0,
      "z" : 9.91935
    }, {
      "x" : 2.3416407,
      "y" : -6.130495,
      "z" : 12.26099
    }, {
      "x" : 0.0,
      "y" : -2.3416407,
      "z" : 13.708204
    } ],
    "faces" : [ {
      "vertices" : [ 0, 1, 2 ]
    }, {
      "vertices" : [ 0, 2, 1 ]
    } ]
  }, {
    "id" : "899b7f5f-6cc9-4fff-9fbc-6fcfb4de20cc",
    "vertices" : [ {
      "x" : 6.130495,
      "y" : 0.0,
      "z" : 9.91935
    }, {
      "x" : 0.0,
      "y" : 2.3416407,
      "z" : 13.708204
    }, {
      "x" : 2.3416407,
      "y" : 6.130495,
      "z" : 12.26099
    } ],
    "faces" : [ {
      "vertices" : [ 0, 1, 2 ]
    }, {
      "vertices" : [ 0, 2, 1 ]
    } ]
  }, {
    "id" : "79fc5fcd-b5db-4456-959c-1edecacb0780",
    "vertices" : [ {
      "x" : 9.91935,
      "y" : -6.130495,
      "z" : 7.5777087
    }, {
      "x" : 9.91935,
      "y" : -9.91935,
      "z" : 9.91935
    }, {
      "x" : 6.130495,
      "y" : -7.5777087,
      "z" : 9.91935
    } ],
    "faces" : [ {
      "vertices" : [ 0, 1, 2 ]
    }, {
      "vertices" : [ 0, 2, 1 ]
    } ]
  }, {
    "id" : "772729b2-6190-4b83-ab4e-2ed86fd896c1",
    "vertices" : [ {
      "x" : -11.18034,
      "y" : 4.236068,
      "z" : 7.0
    }, {
      "x" : -11.296182,
      "y" : 4.108746,
      "z" : 6.854102
    }, {
      "x" : -16.004385,
      "y" : 7.018576,
      "z" : 6.854102
    }, {
      "x" : -15.888544,
      "y" : 7.145898,
      "z" : 7.0
    } ],
    "faces" : [ {
      "vertices" : [ 0, 1, 2 ]
    }, {
      "vertices" : [ 0, 2, 3 ]
    }, {
      "vertices" : [ 0, 3, 2 ]
    }, {
      "vertices" : [ 0, 2, 1 ]
    } ]
  }, {
    "id" : "3c4887bc-c17a-4e49-ae98-0230219d78dd",
    "vertices" : [ {
      "x" : 11.09017,
      "y" : -4.236068,
      "z" : 6.854102
    }, {
      "x" : 12.26099,
      "y" : -2.3416407,
      "z" : 6.130495
    }, {
      "x" : 11.296182,
      "y" : -4.108746,
      "z" : 6.854102
    } ],
    "faces" : [ {
      "vertices" : [ 0, 1, 2 ]
    }, {
      "vertices" : [ 0, 2, 1 ]
    } ]
  }, {
    "id" : "6422f8b9-1f50-407e-a6e1-7e0decd0e343",
    "vertices" : [ {
      "x" : 6.130495,
      "y" : 0.0,
      "z" : 9.91935
    }, {
      "x" : 0.0,
      "y" : 0.0,
      "z" : 13.708204
    }, {
      "x" : 0.0,
      "y" : 2.3416407,
      "z" : 13.708204
    } ],
    "faces" : [ {
      "vertices" : [ 0, 1, 2 ]
    }, {
      "vertices" : [ 0, 2, 1 ]
    } ]
  }, {
    "id" : "b7297ea0-db35-4901-9dbe-9e2416e9d247",
    "vertices" : [ {
      "x" : -2.3416407,
      "y" : -6.130495,
      "z" : 12.26099
    }, {
      "x" : 0.0,
      "y" : -6.130495,
      "z" : 16.049845
    }, {
      "x" : 0.0,
      "y" : -6.854102,
      "z" : 17.944271
    }, {
      "x" : -4.108746,
      "y" : -6.854102,
      "z" : 11.296182
    } ],
    "faces" : [ {
      "vertices" : [ 0, 1, 2 ]
    }, {
      "vertices" : [ 0, 2, 3 ]
    }, {
      "vertices" : [ 0, 3, 2 ]
    }, {
      "vertices" : [ 0, 2, 1 ]
    } ]
  }, {
    "id" : "e8dac7de-39a9-4179-95e6-3fa956ab8918",
    "vertices" : [ {
      "x" : -15.888544,
      "y" : -7.145898,
      "z" : 7.0
    }, {
      "x" : -15.798374,
      "y" : -7.351909,
      "z" : 6.981424
    }, {
      "x" : -11.09017,
      "y" : -11.09017,
      "z" : 11.09017
    }, {
      "x" : -14.09017,
      "y" : -4.236068,
      "z" : 11.708204
    } ],
    "faces" : [ {
      "vertices" : [ 0, 1, 2 ]
    }, {
      "vertices" : [ 0, 2, 3 ]
    }, {
      "vertices" : [ 0, 3, 2 ]
    }, {
      "vertices" : [ 0, 2, 1 ]
    } ]
  }, {
    "id" : "ef719981-8e7b-4f99-9a58-3a09666ffaaa",
    "vertices" : [ {
      "x" : -11.09017,
      "y" : -4.236068,
      "z" : 6.854102
    }, {
      "x" : -11.18034,
      "y" : -4.236068,
      "z" : 7.0
    }, {
      "x" : -17.944271,
      "y" : 0.0,
      "z" : 6.854102
    } ],
    "faces" : [ {
      "vertices" : [ 0, 1, 2 ]
    }, {
      "vertices" : [ 0, 2, 1 ]
    } ]
  }, {
    "id" : "a4a6e589-048f-460a-a9da-eca4c7e8be88",
    "vertices" : [ {
      "x" : 2.3416407,
      "y" : 6.130495,
      "z" : 12.26099
    }, {
      "x" : 0.0,
      "y" : 6.130495,
      "z" : 16.049845
    }, {
      "x" : 0.0,
      "y" : 6.854102,
      "z" : 17.944271
    }, {
      "x" : 4.108746,
      "y" : 6.854102,
      "z" : 11.296182
    } ],
    "faces" : [ {
      "vertices" : [ 0, 1, 2 ]
    }, {
      "vertices" : [ 0, 2, 3 ]
    }, {
      "vertices" : [ 0, 3, 2 ]
    }, {
      "vertices" : [ 0, 2, 1 ]
    } ]
  }, {
    "id" : "ab3a8349-0ab3-44bb-b647-ec43e89bd501",
    "vertices" : [ {
      "x" : -9.91935,
      "y" : -6.130495,
      "z" : 7.5777087
    }, {
      "x" : -11.09017,
      "y" : -4.236068,
      "z" : 6.854102
    }, {
      "x" : -6.130495,
      "y" : 0.0,
      "z" : 9.91935
    } ],
    "faces" : [ {
      "vertices" : [ 0, 1, 2 ]
    }, {
      "vertices" : [ 0, 2, 1 ]
    } ]
  }, {
    "id" : "ec0c00b8-0562-47a3-90dd-11529f917666",
    "vertices" : [ {
      "x" : -11.09017,
      "y" : -4.236068,
      "z" : 6.854102
    }, {
      "x" : -9.91935,
      "y" : -6.130495,
      "z" : 7.5777087
    }, {
      "x" : -11.09017,
      "y" : -4.4420795,
      "z" : 6.981424
    } ],
    "faces" : [ {
      "vertices" : [ 0, 1, 2 ]
    }, {
      "vertices" : [ 0, 2, 1 ]
    } ]
  }, {
    "id" : "dca48242-77c9-46b6-bc60-317fb3bd75a7",
    "vertices" : [ {
      "x" : 0.0,
      "y" : -2.3416407,
      "z" : 13.708204
    }, {
      "x" : 0.0,
      "y" : -6.130495,
      "z" : 16.049845
    }, {
      "x" : -2.3416407,
      "y" : -6.130495,
      "z" : 12.26099
    } ],
    "faces" : [ {
      "vertices" : [ 0, 1, 2 ]
    }, {
      "vertices" : [ 0, 2, 1 ]
    } ]
  }, {
    "id" : "b859b6f9-8217-43b6-aa54-3464e3608cbe",
    "vertices" : [ {
      "x" : 4.236068,
      "y" : -6.854102,
      "z" : 11.09017
    }, {
      "x" : 0.0,
      "y" : -6.854102,
      "z" : 17.944271
    }, {
      "x" : 0.0,
      "y" : -6.130495,
      "z" : 16.049845
    }, {
      "x" : 2.3416407,
      "y" : -6.130495,
      "z" : 12.26099
    } ],
    "faces" : [ {
      "vertices" : [ 0, 1, 2 ]
    }, {
      "vertices" : [ 0, 2, 3 ]
    }, {
      "vertices" : [ 0, 3, 2 ]
    }, {
      "vertices" : [ 0, 2, 1 ]
    } ]
  }, {
    "id" : "bc16e5c3-1d44-4980-b6ed-1c1200072349",
    "vertices" : [ {
      "x" : 2.3416407,
      "y" : -6.130495,
      "z" : 12.26099
    }, {
      "x" : 0.0,
      "y" : -6.130495,
      "z" : 16.049845
    }, {
      "x" : 0.0,
      "y" : -2.3416407,
      "z" : 13.708204
    } ],
    "faces" : [ {
      "vertices" : [ 0, 1, 2 ]
    }, {
      "vertices" : [ 0, 2, 1 ]
    } ]
  }, {
    "id" : "34725715-7f1b-44e1-89f9-209a56ec63bb",
    "vertices" : [ {
      "x" : -11.18034,
      "y" : 4.236068,
      "z" : 7.0
    }, {
      "x" : -15.888544,
      "y" : 7.145898,
      "z" : 7.0
    }, {
      "x" : -14.09017,
      "y" : 4.236068,
      "z" : 11.708204
    } ],
    "faces" : [ {
      "vertices" : [ 0, 1, 2 ]
    }, {
      "vertices" : [ 0, 2, 1 ]
    } ]
  }, {
    "id" : "07309365-1e16-4345-a69c-f4abce283bd1",
    "vertices" : [ {
      "x" : -6.130495,
      "y" : 0.0,
      "z" : 9.91935
    }, {
      "x" : -11.09017,
      "y" : 4.236068,
      "z" : 6.854102
    }, {
      "x" : -9.91935,
      "y" : 6.130495,
      "z" : 7.5777087
    } ],
    "faces" : [ {
      "vertices" : [ 0, 1, 2 ]
    }, {
      "vertices" : [ 0, 2, 1 ]
    } ]
  }, {
    "id" : "7edc4766-2ecb-4c89-9cff-566d39347ab6",
    "vertices" : [ {
      "x" : 11.18034,
      "y" : -4.236068,
      "z" : 7.0
    }, {
      "x" : 15.888544,
      "y" : -7.145898,
      "z" : 7.0
    }, {
      "x" : 14.09017,
      "y" : -4.236068,
      "z" : 11.708204
    } ],
    "faces" : [ {
      "vertices" : [ 0, 1, 2 ]
    }, {
      "vertices" : [ 0, 2, 1 ]
    } ]
  }, {
    "id" : "3fc941d4-1f8e-4009-bf00-bcfd8aeb4afe",
    "vertices" : [ {
      "x" : -11.18034,
      "y" : 4.236068,
      "z" : 7.0
    }, {
      "x" : -14.09017,
      "y" : 4.236068,
      "z" : 11.708204
    }, {
      "x" : -11.09017,
      "y" : 11.09017,
      "z" : 11.09017
    } ],
    "faces" : [ {
      "vertices" : [ 0, 1, 2 ]
    }, {
      "vertices" : [ 0, 2, 1 ]
    } ]
  }, {
    "id" : "e88a3196-8000-494f-a699-ae42d53814bf",
    "vertices" : [ {
      "x" : 17.944271,
      "y" : 0.0,
      "z" : 6.854102
    }, {
      "x" : 14.09017,
      "y" : 4.236068,
      "z" : 11.708204
    }, {
      "x" : 10.236068,
      "y" : 0.0,
      "z" : 16.562305
    }, {
      "x" : 14.09017,
      "y" : -4.236068,
      "z" : 11.708204
    } ],
    "faces" : [ {
      "vertices" : [ 0, 1, 2 ]
    }, {
      "vertices" : [ 0, 2, 3 ]
    }, {
      "vertices" : [ 0, 3, 2 ]
    }, {
      "vertices" : [ 0, 2, 1 ]
    } ]
  }, {
    "id" : "2fef479e-c671-47ed-a345-7d3f3a3d4492",
    "vertices" : [ {
      "x" : 4.326238,
      "y" : -6.854102,
      "z" : 11.236068
    }, {
      "x" : 4.4420795,
      "y" : -6.981424,
      "z" : 11.09017
    }, {
      "x" : 4.4420795,
      "y" : -11.689628,
      "z" : 14.0
    }, {
      "x" : 4.326238,
      "y" : -11.562305,
      "z" : 14.145898
    } ],
    "faces" : [ {
      "vertices" : [ 0, 1, 2 ]
    }, {
      "vertices" : [ 0, 2, 3 ]
    }, {
      "vertices" : [ 0, 3, 2 ]
    }, {
      "vertices" : [ 0, 2, 1 ]
    } ]
  }, {
    "id" : "a2aa0c91-61b3-47c5-8fc2-13a2e243d741",
    "vertices" : [ {
      "x" : 6.130495,
      "y" : 0.0,
      "z" : 9.91935
    }, {
      "x" : 11.09017,
      "y" : -4.236068,
      "z" : 6.854102
    }, {
      "x" : 9.91935,
      "y" : -6.130495,
      "z" : 7.5777087
    } ],
    "faces" : [ {
      "vertices" : [ 0, 1, 2 ]
    }, {
      "vertices" : [ 0, 2, 1 ]
    } ]
  }, {
    "id" : "0fd46648-078f-479e-b1e4-42eda920872a",
    "vertices" : [ {
      "x" : -4.326238,
      "y" : 6.854102,
      "z" : 11.236068
    }, {
      "x" : -7.236068,
      "y" : 6.854102,
      "z" : 15.944272
    }, {
      "x" : 0.0,
      "y" : 6.854102,
      "z" : 17.944271
    } ],
    "faces" : [ {
      "vertices" : [ 0, 1, 2 ]
    }, {
      "vertices" : [ 0, 2, 1 ]
    } ]
  }, {
    "id" : "cde2d8a4-c8f6-463e-a066-dec58bd00382",
    "vertices" : [ {
      "x" : -6.130495,
      "y" : 0.0,
      "z" : 9.91935
    }, {
      "x" : -9.91935,
      "y" : 6.130495,
      "z" : 7.5777087
    }, {
      "x" : -6.130495,
      "y" : 7.5777087,
      "z" : 9.91935
    } ],
    "faces" : [ {
      "vertices" : [ 0, 1, 2 ]
    }, {
      "vertices" : [ 0, 2, 1 ]
    } ]
  }, {
    "id" : "08e03d04-5537-4a8e-9fea-67629c5e90d4",
    "vertices" : [ {
      "x" : 11.18034,
      "y" : -4.236068,
      "z" : 7.0
    }, {
      "x" : 14.09017,
      "y" : -4.236068,
      "z" : 11.708204
    }, {
      "x" : 11.09017,
      "y" : -11.09017,
      "z" : 11.09017
    } ],
    "faces" : [ {
      "vertices" : [ 0, 1, 2 ]
    }, {
      "vertices" : [ 0, 2, 1 ]
    } ]
  }, {
    "id" : "278ec002-293a-49e6-b1f0-7fcaad097891",
    "vertices" : [ {
      "x" : 15.888544,
      "y" : 7.145898,
      "z" : 7.0
    }, {
      "x" : 15.798374,
      "y" : 7.351909,
      "z" : 6.981424
    }, {
      "x" : 11.09017,
      "y" : 11.09017,
      "z" : 11.09017
    }, {
      "x" : 14.09017,
      "y" : 4.236068,
      "z" : 11.708204
    } ],
    "faces" : [ {
      "vertices" : [ 0, 1, 2 ]
    }, {
      "vertices" : [ 0, 2, 3 ]
    }, {
      "vertices" : [ 0, 3, 2 ]
    }, {
      "vertices" : [ 0, 2, 1 ]
    } ]
  }, {
    "id" : "3a60ea2e-a872-4073-83c1-e6a15da228f8",
    "vertices" : [ {
      "x" : -6.130495,
      "y" : 0.0,
      "z" : 9.91935
    }, {
      "x" : -4.236068,
      "y" : -6.854102,
      "z" : 11.09017
    }, {
      "x" : -6.130495,
      "y" : -7.5777087,
      "z" : 9.91935
    } ],
    "faces" : [ {
      "vertices" : [ 0, 1, 2 ]
    }, {
      "vertices" : [ 0, 2, 1 ]
    } ]
  }, {
    "id" : "8cb6bd7a-b181-419d-afc8-425c8c40f0fc",
    "vertices" : [ {
      "x" : -4.326238,
      "y" : -6.854102,
      "z" : 11.236068
    }, {
      "x" : -4.108746,
      "y" : -6.854102,
      "z" : 11.296182
    }, {
      "x" : -4.108746,
      "y" : -11.562305,
      "z" : 14.206012
    }, {
      "x" : -4.326238,
      "y" : -11.562305,
      "z" : 14.145898
    } ],
    "faces" : [ {
      "vertices" : [ 0, 1, 2 ]
    }, {
      "vertices" : [ 0, 2, 3 ]
    }, {
      "vertices" : [ 0, 3, 2 ]
    }, {
      "vertices" : [ 0, 2, 1 ]
    } ]
  }, {
    "id" : "685bef72-2ca3-4f0d-b929-6abe987195ee",
    "vertices" : [ {
      "x" : -11.09017,
      "y" : -4.4420795,
      "z" : 6.981424
    }, {
      "x" : -11.09017,
      "y" : -11.09017,
      "z" : 11.09017
    }, {
      "x" : -15.798374,
      "y" : -7.351909,
      "z" : 6.981424
    } ],
    "faces" : [ {
      "vertices" : [ 0, 1, 2 ]
    }, {
      "vertices" : [ 0, 2, 1 ]
    } ]
  }, {
    "id" : "993f1d15-f2c3-4b4b-83b6-23ff782c44cd",
    "vertices" : [ {
      "x" : 4.326238,
      "y" : 6.854102,
      "z" : 11.236068
    }, {
      "x" : 7.236068,
      "y" : 6.854102,
      "z" : 15.944272
    }, {
      "x" : 11.09017,
      "y" : 11.09017,
      "z" : 11.09017
    } ],
    "faces" : [ {
      "vertices" : [ 0, 1, 2 ]
    }, {
      "vertices" : [ 0, 2, 1 ]
    } ]
  }, {
    "id" : "ebe40001-bb89-4bd5-912e-fb723ad62c58",
    "vertices" : [ {
      "x" : 4.326238,
      "y" : -6.854102,
      "z" : 11.236068
    }, {
      "x" : 4.326238,
      "y" : -11.562305,
      "z" : 14.145898
    }, {
      "x" : 7.236068,
      "y" : -6.854102,
      "z" : 15.944272
    } ],
    "faces" : [ {
      "vertices" : [ 0, 1, 2 ]
    }, {
      "vertices" : [ 0, 2, 1 ]
    } ]
  }, {
    "id" : "5daf1d01-1754-47ff-8efb-526b36cc3e0a",
    "vertices" : [ {
      "x" : 4.236068,
      "y" : -6.854102,
      "z" : 11.09017
    }, {
      "x" : 4.4420795,
      "y" : -6.981424,
      "z" : 11.09017
    }, {
      "x" : 4.326238,
      "y" : -6.854102,
      "z" : 11.236068
    } ],
    "faces" : [ {
      "vertices" : [ 0, 1, 2 ]
    }, {
      "vertices" : [ 0, 2, 1 ]
    } ]
  }, {
    "id" : "d669c851-d235-442e-a3c6-186340c2ea6e",
    "vertices" : [ {
      "x" : -6.130495,
      "y" : 0.0,
      "z" : 9.91935
    }, {
      "x" : 0.0,
      "y" : 0.0,
      "z" : 13.708204
    }, {
      "x" : 0.0,
      "y" : -2.3416407,
      "z" : 13.708204
    } ],
    "faces" : [ {
      "vertices" : [ 0, 1, 2 ]
    }, {
      "vertices" : [ 0, 2, 1 ]
    } ]
  }, {
    "id" : "ad350acd-0967-4d6c-9d92-b5d3a4eb7e51",
    "vertices" : [ {
      "x" : 0.0,
      "y" : 2.3416407,
      "z" : 13.708204
    }, {
      "x" : 0.0,
      "y" : 0.0,
      "z" : 13.708204
    }, {
      "x" : -6.130495,
      "y" : 0.0,
      "z" : 9.91935
    } ],
    "faces" : [ {
      "vertices" : [ 0, 1, 2 ]
    }, {
      "vertices" : [ 0, 2, 1 ]
    } ]
  }, {
    "id" : "c20fab53-86b3-4a38-9e59-bfc7c387e827",
    "vertices" : [ {
      "x" : -4.236068,
      "y" : -6.854102,
      "z" : 11.09017
    }, {
      "x" : -11.09017,
      "y" : -11.09017,
      "z" : 11.09017
    }, {
      "x" : -9.91935,
      "y" : -9.91935,
      "z" : 9.91935
    }, {
      "x" : -6.130495,
      "y" : -7.5777087,
      "z" : 9.91935
    } ],
    "faces" : [ {
      "vertices" : [ 0, 1, 2 ]
    }, {
      "vertices" : [ 0, 2, 3 ]
    }, {
      "vertices" : [ 0, 3, 2 ]
    }, {
      "vertices" : [ 0, 2, 1 ]
    } ]
  }, {
    "id" : "24184fc8-97fe-4313-89cf-2a57af569303",
    "vertices" : [ {
      "x" : -4.236068,
      "y" : 6.854102,
      "z" : 11.09017
    }, {
      "x" : -4.4420795,
      "y" : 6.981424,
      "z" : 11.09017
    }, {
      "x" : -4.326238,
      "y" : 6.854102,
      "z" : 11.236068
    } ],
    "faces" : [ {
      "vertices" : [ 0, 1, 2 ]
    }, {
      "vertices" : [ 0, 2, 1 ]
    } ]
  }, {
    "id" : "d0087bbc-343d-40a3-91c8-a8bdf1900e3e",
    "vertices" : [ {
      "x" : 4.236068,
      "y" : 6.854102,
      "z" : 11.09017
    }, {
      "x" : 11.09017,
      "y" : 11.09017,
      "z" : 11.09017
    }, {
      "x" : 9.91935,
      "y" : 9.91935,
      "z" : 9.91935
    }, {
      "x" : 6.130495,
      "y" : 7.5777087,
      "z" : 9.91935
    } ],
    "faces" : [ {
      "vertices" : [ 0, 1, 2 ]
    }, {
      "vertices" : [ 0, 2, 3 ]
    }, {
      "vertices" : [ 0, 3, 2 ]
    }, {
      "vertices" : [ 0, 2, 1 ]
    } ]
  }, {
    "id" : "0cf93083-0b6c-448d-a517-c2b434dbda5f",
    "vertices" : [ {
      "x" : 4.326238,
      "y" : -6.854102,
      "z" : 11.236068
    }, {
      "x" : 7.236068,
      "y" : -6.854102,
      "z" : 15.944272
    }, {
      "x" : 0.0,
      "y" : -6.854102,
      "z" : 17.944271
    } ],
    "faces" : [ {
      "vertices" : [ 0, 1, 2 ]
    }, {
      "vertices" : [ 0, 2, 1 ]
    } ]
  }, {
    "id" : "9cf1800b-b0db-47bc-a867-3218b325b8fa",
    "vertices" : [ {
      "x" : 4.4420795,
      "y" : -6.981424,
      "z" : 11.09017
    }, {
      "x" : 11.09017,
      "y" : -11.09017,
      "z" : 11.09017
    }, {
      "x" : 4.4420795,
      "y" : -11.689628,
      "z" : 14.0
    } ],
    "faces" : [ {
      "vertices" : [ 0, 1, 2 ]
    }, {
      "vertices" : [ 0, 2, 1 ]
    } ]
  }, {
    "id" : "52aa1479-cf00-44bb-93e0-0069eb8ceb29",
    "vertices" : [ {
      "x" : -4.326238,
      "y" : -6.854102,
      "z" : 11.236068
    }, {
      "x" : -7.236068,
      "y" : -6.854102,
      "z" : 15.944272
    }, {
      "x" : -11.09017,
      "y" : -11.09017,
      "z" : 11.09017
    } ],
    "faces" : [ {
      "vertices" : [ 0, 1, 2 ]
    }, {
      "vertices" : [ 0, 2, 1 ]
    } ]
  }, {
    "id" : "41383378-3aae-44c6-81e3-4f2906847919",
    "vertices" : [ {
      "x" : 6.130495,
      "y" : 0.0,
      "z" : 9.91935
    }, {
      "x" : 11.09017,
      "y" : 4.236068,
      "z" : 6.854102
    }, {
      "x" : 12.26099,
      "y" : 2.3416407,
      "z" : 6.130495
    } ],
    "faces" : [ {
      "vertices" : [ 0, 1, 2 ]
    }, {
      "vertices" : [ 0, 2, 1 ]
    } ]
  }, {
    "id" : "4074e5a8-b9d4-46c5-8100-5efe76c82009",
    "vertices" : [ {
      "x" : 0.0,
      "y" : 2.3416407,
      "z" : 13.708204
    }, {
      "x" : 0.0,
      "y" : 6.130495,
      "z" : 16.049845
    }, {
      "x" : 2.3416407,
      "y" : 6.130495,
      "z" : 12.26099
    } ],
    "faces" : [ {
      "vertices" : [ 0, 1, 2 ]
    }, {
      "vertices" : [ 0, 2, 1 ]
    } ]
  }, {
    "id" : "44edb15f-3887-41b5-93f3-92fafdc978a3",
    "vertices" : [ {
      "x" : 11.09017,
      "y" : 4.236068,
      "z" : 6.854102
    }, {
      "x" : 11.18034,
      "y" : 4.236068,
      "z" : 7.0
    }, {
      "x" : 17.944271,
      "y" : 0.0,
      "z" : 6.854102
    } ],
    "faces" : [ {
      "vertices" : [ 0, 1, 2 ]
    }, {
      "vertices" : [ 0, 2, 1 ]
    } ]
  }, {
    "id" : "1d4db59e-76bc-4735-a635-ebc8ccd1e343",
    "vertices" : [ {
      "x" : -4.236068,
      "y" : -6.854102,
      "z" : 11.09017
    }, {
      "x" : -4.108746,
      "y" : -6.854102,
      "z" : 11.296182
    }, {
      "x" : -4.326238,
      "y" : -6.854102,
      "z" : 11.236068
    } ],
    "faces" : [ {
      "vertices" : [ 0, 1, 2 ]
    }, {
      "vertices" : [ 0, 2, 1 ]
    } ]
  }, {
    "id" : "237edfb6-acb9-4fd1-a390-f6d606873032",
    "vertices" : [ {
      "x" : -11.18034,
      "y" : -4.236068,
      "z" : 7.0
    }, {
      "x" : -15.888544,
      "y" : -7.145898,
      "z" : 7.0
    }, {
      "x" : -14.09017,
      "y" : -4.236068,
      "z" : 11.708204
    } ],
    "faces" : [ {
      "vertices" : [ 0, 1, 2 ]
    }, {
      "vertices" : [ 0, 2, 1 ]
    } ]
  }, {
    "id" : "b94f73f3-f1ce-4eae-ac42-ea6d491e4543",
    "vertices" : [ {
      "x" : 11.09017,
      "y" : -4.236068,
      "z" : 6.854102
    }, {
      "x" : 11.18034,
      "y" : -4.236068,
      "z" : 7.0
    }, {
      "x" : 11.09017,
      "y" : -11.09017,
      "z" : 11.09017
    } ],
    "faces" : [ {
      "vertices" : [ 0, 1, 2 ]
    }, {
      "vertices" : [ 0, 2, 1 ]
    } ]
  }, {
    "id" : "a7093b06-190b-405f-b50d-d9913ea3409b",
    "vertices" : [ {
      "x" : 12.26099,
      "y" : 2.3416407,
      "z" : 6.130495
    }, {
      "x" : 16.049845,
      "y" : 0.0,
      "z" : 6.130495
    }, {
      "x" : 12.26099,
      "y" : -2.3416407,
      "z" : 6.130495
    } ],
    "faces" : [ {
      "vertices" : [ 0, 1, 2 ]
    }, {
      "vertices" : [ 0, 2, 1 ]
    } ]
  }, {
    "id" : "bbfd6e80-2307-4683-af53-c9448f9297dd",
    "vertices" : [ {
      "x" : 12.26099,
      "y" : -2.3416407,
      "z" : 6.130495
    }, {
      "x" : 16.049845,
      "y" : 0.0,
      "z" : 6.130495
    }, {
      "x" : 17.944271,
      "y" : 0.0,
      "z" : 6.854102
    }, {
      "x" : 11.296182,
      "y" : -4.108746,
      "z" : 6.854102
    } ],
    "faces" : [ {
      "vertices" : [ 0, 1, 2 ]
    }, {
      "vertices" : [ 0, 2, 3 ]
    }, {
      "vertices" : [ 0, 3, 2 ]
    }, {
      "vertices" : [ 0, 2, 1 ]
    } ]
  }, {
    "id" : "418e50f1-e0c6-4fb0-bfc8-f3cc7312de54",
    "vertices" : [ {
      "x" : 4.326238,
      "y" : 6.854102,
      "z" : 11.236068
    }, {
      "x" : 4.108746,
      "y" : 6.854102,
      "z" : 11.296182
    }, {
      "x" : 4.108746,
      "y" : 11.562305,
      "z" : 14.206012
    }, {
      "x" : 4.326238,
      "y" : 11.562305,
      "z" : 14.145898
    } ],
    "faces" : [ {
      "vertices" : [ 0, 1, 2 ]
    }, {
      "vertices" : [ 0, 2, 3 ]
    }, {
      "vertices" : [ 0, 3, 2 ]
    }, {
      "vertices" : [ 0, 2, 1 ]
    } ]
  }, {
    "id" : "c1b28a09-b9a6-4124-b3b9-ac40b3a79da8",
    "vertices" : [ {
      "x" : 6.130495,
      "y" : 0.0,
      "z" : 9.91935
    }, {
      "x" : 4.236068,
      "y" : 6.854102,
      "z" : 11.09017
    }, {
      "x" : 6.130495,
      "y" : 7.5777087,
      "z" : 9.91935
    } ],
    "faces" : [ {
      "vertices" : [ 0, 1, 2 ]
    }, {
      "vertices" : [ 0, 2, 1 ]
    } ]
  }, {
    "id" : "59542a04-2ec2-448e-a60e-518200d0e7c3",
    "vertices" : [ {
      "x" : -4.236068,
      "y" : -6.854102,
      "z" : 11.09017
    }, {
      "x" : -4.326238,
      "y" : -6.854102,
      "z" : 11.236068
    }, {
      "x" : -11.09017,
      "y" : -11.09017,
      "z" : 11.09017
    } ],
    "faces" : [ {
      "vertices" : [ 0, 1, 2 ]
    }, {
      "vertices" : [ 0, 2, 1 ]
    } ]
  }, {
    "id" : "8f22f3e1-d6ac-4744-b653-c126d49c59dd",
    "vertices" : [ {
      "x" : 12.26099,
      "y" : -2.3416407,
      "z" : 6.130495
    }, {
      "x" : 11.09017,
      "y" : -4.236068,
      "z" : 6.854102
    }, {
      "x" : 6.130495,
      "y" : 0.0,
      "z" : 9.91935
    } ],
    "faces" : [ {
      "vertices" : [ 0, 1, 2 ]
    }, {
      "vertices" : [ 0, 2, 1 ]
    } ]
  }, {
    "id" : "c6cedeef-124a-4636-8df5-cb3750928752",
    "vertices" : [ {
      "x" : -4.236068,
      "y" : -6.854102,
      "z" : 11.09017
    }, {
      "x" : -2.3416407,
      "y" : -6.130495,
      "z" : 12.26099
    }, {
      "x" : -4.108746,
      "y" : -6.854102,
      "z" : 11.296182
    } ],
    "faces" : [ {
      "vertices" : [ 0, 1, 2 ]
    }, {
      "vertices" : [ 0, 2, 1 ]
    } ]
  }, {
    "id" : "673dd86f-e6a6-4123-bc28-0ab9730a4974",
    "vertices" : [ {
      "x" : -6.130495,
      "y" : 0.0,
      "z" : 9.91935
    }, {
      "x" : -11.09017,
      "y" : -4.236068,
      "z" : 6.854102
    }, {
      "x" : -12.26099,
      "y" : -2.3416407,
      "z" : 6.130495
    } ],
    "faces" : [ {
      "vertices" : [ 0, 1, 2 ]
    }, {
      "vertices" : [ 0, 2, 1 ]
    } ]
  }, {
    "id" : "80e1bd09-23c6-4704-9c12-cbcfb6a0b875",
    "vertices" : [ {
      "x" : -6.130495,
      "y" : 0.0,
      "z" : 9.91935
    }, {
      "x" : -12.26099,
      "y" : -2.3416407,
      "z" : 6.130495
    }, {
      "x" : -12.26099,
      "y" : 2.3416407,
      "z" : 6.130495
    } ],
    "faces" : [ {
      "vertices" : [ 0, 1, 2 ]
    }, {
      "vertices" : [ 0, 2, 1 ]
    } ]
  }, {
