{
  "polygons" : "true",
  "field" : "golden",
  "symmetry" : "icosahedral",
  "orientations" : [ [ 1.0, 0.0, 0.0, 0.0, 0.0, 1.0, 0.0, 0.0, 0.0, 0.0, 1.0, 0.0, 0.0, 0.0, 0.0, 1.0 ], [ 0.0, 0.0, 1.0, 0.0, 1.0, 0.0, 0.0, 0.0, 0.0, 1.0, 0.0, 0.0, 0.0, 0.0, 0.0, 1.0 ], [ 0.0, 1.0, 0.0, 0.0, 0.0, 0.0, 1.0, 0.0, 1.0, 0.0, 0.0, 0.0, 0.0, 0.0, 0.0, 1.0 ], [ 0.809017, 0.309017, 0.5, 0.0, 0.309017, 0.5, -0.809017, 0.0, -0.5, 0.809017, 0.309017, 0.0, 0.0, 0.0, 0.0, 1.0 ], [ -0.5, 0.809017, 0.309017, 0.0, 0.809017, 0.309017, 0.5, 0.0, 0.309017, 0.5, -0.809017, 0.0, 0.0, 0.0, 0.0, 1.0 ], [ 0.309017, 0.5, -0.809017, 0.0, -0.5, 0.809017, 0.309017, 0.0, 0.809017, 0.309017, 0.5, 0.0, 0.0, 0.0, 0.0, 1.0 ], [ 0.5, 0.809017, 0.309017, 0.0, 0.809017, -0.309017, -0.5, 0.0, -0.309017, 0.5, -0.809017, 0.0, 0.0, 0.0, 0.0, 1.0 ], [ -0.309017, 0.5, -0.809017, 0.0, 0.5, 0.809017, 0.309017, 0.0, 0.809017, -0.309017, -0.5, 0.0, 0.0, 0.0, 0.0, 1.0 ], [ 0.809017, -0.309017, -0.5, 0.0, -0.309017, 0.5, -0.809017, 0.0, 0.5, 0.809017, 0.309017, 0.0, 0.0, 0.0, 0.0, 1.0 ], [ 0.5, 0.809017, -0.309017, 0.0, 0.809017, -0.309017, 0.5, 0.0, 0.309017, -0.5, -0.809017, 0.0, 0.0, 0.0, 0.0, 1.0 ], [ 0.309017, -0.5, -0.809017, 0.0, 0.5, 0.809017, -0.309017, 0.0, 0.809017, -0.309017, 0.5, 0.0, 0.0, 0.0, 0.0, 1.0 ], [ 0.809017, -0.309017, 0.5, 0.0, 0.309017, -0.5, -0.809017, 0.0, 0.5, 0.809017, -0.309017, 0.0, 0.0, 0.0, 0.0, 1.0 ], [ 0.809017, 0.309017, -0.5, 0.0, 0.309017, 0.5, 0.809017, 0.0, 0.5, -0.809017, 0.309017, 0.0, 0.0, 0.0, 0.0, 1.0 ], [ 0.5, -0.809017, 0.309017, 0.0, 0.809017, 0.309017, -0.5, 0.0, 0.309017, 0.5, 0.809017, 0.0, 0.0, 0.0, 0.0, 1.0 ], [ 0.309017, 0.5, 0.809017, 0.0, 0.5, -0.809017, 0.309017, 0.0, 0.809017, 0.309017, -0.5, 0.0, 0.0, 0.0, 0.0, 1.0 ], [ 1.0, 0.0, 0.0, 0.0, 0.0, -1.0, 0.0, 0.0, 0.0, 0.0, -1.0, 0.0, 0.0, 0.0, 0.0, 1.0 ], [ 0.0, 0.0, 1.0, 0.0, -1.0, 0.0, 0.0, 0.0, 0.0, -1.0, 0.0, 0.0, 0.0, 0.0, 0.0, 1.0 ], [ 0.0, 1.0, 0.0, 0.0, 0.0, 0.0, -1.0, 0.0, -1.0, 0.0, 0.0, 0.0, 0.0, 0.0, 0.0, 1.0 ], [ 0.809017, 0.309017, 0.5, 0.0, -0.309017, -0.5, 0.809017, 0.0, 0.5, -0.809017, -0.309017, 0.0, 0.0, 0.0, 0.0, 1.0 ], [ -0.5, 0.809017, 0.309017, 0.0, -0.809017, -0.309017, -0.5, 0.0, -0.309017, -0.5, 0.809017, 0.0, 0.0, 0.0, 0.0, 1.0 ], [ 0.309017, 0.5, -0.809017, 0.0, 0.5, -0.809017, -0.309017, 0.0, -0.809017, -0.309017, -0.5, 0.0, 0.0, 0.0, 0.0, 1.0 ], [ 0.5, 0.809017, 0.309017, 0.0, -0.809017, 0.309017, 0.5, 0.0, 0.309017, -0.5, 0.809017, 0.0, 0.0, 0.0, 0.0, 1.0 ], [ -0.309017, 0.5, -0.809017, 0.0, -0.5, -0.809017, -0.309017, 0.0, -0.809017, 0.309017, 0.5, 0.0, 0.0, 0.0, 0.0, 1.0 ], [ 0.809017, -0.309017, -0.5, 0.0, 0.309017, -0.5, 0.809017, 0.0, -0.5, -0.809017, -0.309017, 0.0, 0.0, 0.0, 0.0, 1.0 ], [ 0.5, 0.809017, -0.309017, 0.0, -0.809017, 0.309017, -0.5, 0.0, -0.309017, 0.5, 0.809017, 0.0, 0.0, 0.0, 0.0, 1.0 ], [ 0.309017, -0.5, -0.809017, 0.0, -0.5, -0.809017, 0.309017, 0.0, -0.809017, 0.309017, -0.5, 0.0, 0.0, 0.0, 0.0, 1.0 ], [ 0.809017, -0.309017, 0.5, 0.0, -0.309017, 0.5, 0.809017, 0.0, -0.5, -0.809017, 0.309017, 0.0, 0.0, 0.0, 0.0, 1.0 ], [ 0.809017, 0.309017, -0.5, 0.0, -0.309017, -0.5, -0.809017, 0.0, -0.5, 0.809017, -0.309017, 0.0, 0.0, 0.0, 0.0, 1.0 ], [ 0.5, -0.809017, 0.309017, 0.0, -0.809017, -0.309017, 0.5, 0.0, -0.309017, -0.5, -0.809017, 0.0, 0.0, 0.0, 0.0, 1.0 ], [ 0.309017, 0.5, 0.809017, 0.0, -0.5, 0.809017, -0.309017, 0.0, -0.809017, -0.309017, 0.5, 0.0, 0.0, 0.0, 0.0, 1.0 ], [ -1.0, 0.0, 0.0, 0.0, 0.0, -1.0, 0.0, 0.0, 0.0, 0.0, 1.0, 0.0, 0.0, 0.0, 0.0, 1.0 ], [ 0.0, 0.0, -1.0, 0.0, -1.0, 0.0, 0.0, 0.0, 0.0, 1.0, 0.0, 0.0, 0.0, 0.0, 0.0, 1.0 ], [ 0.0, -1.0, 0.0, 0.0, 0.0, 0.0, -1.0, 0.0, 1.0, 0.0, 0.0, 0.0, 0.0, 0.0, 0.0, 1.0 ], [ -0.809017, -0.309017, -0.5, 0.0, -0.309017, -0.5, 0.809017, 0.0, -0.5, 0.809017, 0.309017, 0.0, 0.0, 0.0, 0.0, 1.0 ], [ 0.5, -0.809017, -0.309017, 0.0, -0.809017, -0.309017, -0.5, 0.0, 0.309017, 0.5, -0.809017, 0.0, 0.0, 0.0, 0.0, 1.0 ], [ -0.309017, -0.5, 0.809017, 0.0, 0.5, -0.809017, -0.309017, 0.0, 0.809017, 0.309017, 0.5, 0.0, 0.0, 0.0, 0.0, 1.0 ], [ -0.5, -0.809017, -0.309017, 0.0, -0.809017, 0.309017, 0.5, 0.0, -0.309017, 0.5, -0.809017, 0.0, 0.0, 0.0, 0.0, 1.0 ], [ 0.309017, -0.5, 0.809017, 0.0, -0.5, -0.809017, -0.309017, 0.0, 0.809017, -0.309017, -0.5, 0.0, 0.0, 0.0, 0.0, 1.0 ], [ -0.809017, 0.309017, 0.5, 0.0, 0.309017, -0.5, 0.809017, 0.0, 0.5, 0.809017, 0.309017, 0.0, 0.0, 0.0, 0.0, 1.0 ], [ -0.5, -0.809017, 0.309017, 0.0, -0.809017, 0.309017, -0.5, 0.0, 0.309017, -0.5, -0.809017, 0.0, 0.0, 0.0, 0.0, 1.0 ], [ -0.309017, 0.5, 0.809017, 0.0, -0.5, -0.809017, 0.309017, 0.0, 0.809017, -0.309017, 0.5, 0.0, 0.0, 0.0, 0.0, 1.0 ], [ -0.809017, 0.309017, -0.5, 0.0, -0.309017, 0.5, 0.809017, 0.0, 0.5, 0.809017, -0.309017, 0.0, 0.0, 0.0, 0.0, 1.0 ], [ -0.809017, -0.309017, 0.5, 0.0, -0.309017, -0.5, -0.809017, 0.0, 0.5, -0.809017, 0.309017, 0.0, 0.0, 0.0, 0.0, 1.0 ], [ -0.5, 0.809017, -0.309017, 0.0, -0.809017, -0.309017, 0.5, 0.0, 0.309017, 0.5, 0.809017, 0.0, 0.0, 0.0, 0.0, 1.0 ], [ -0.309017, -0.5, -0.809017, 0.0, -0.5, 0.809017, -0.309017, 0.0, 0.809017, 0.309017, -0.5, 0.0, 0.0, 0.0, 0.0, 1.0 ], [ -1.0, 0.0, 0.0, 0.0, 0.0, 1.0, 0.0, 0.0, 0.0, 0.0, -1.0, 0.0, 0.0, 0.0, 0.0, 1.0 ], [ 0.0, 0.0, -1.0, 0.0, 1.0, 0.0, 0.0, 0.0, 0.0, -1.0, 0.0, 0.0, 0.0, 0.0, 0.0, 1.0 ], [ 0.0, -1.0, 0.0, 0.0, 0.0, 0.0, 1.0, 0.0, -1.0, 0.0, 0.0, 0.0, 0.0, 0.0, 0.0, 1.0 ], [ -0.809017, -0.309017, -0.5, 0.0, 0.309017, 0.5, -0.809017, 0.0, 0.5, -0.809017, -0.309017, 0.0, 0.0, 0.0, 0.0, 1.0 ], [ 0.5, -0.809017, -0.309017, 0.0, 0.809017, 0.309017, 0.5, 0.0, -0.309017, -0.5, 0.809017, 0.0, 0.0, 0.0, 0.0, 1.0 ], [ -0.309017, -0.5, 0.809017, 0.0, -0.5, 0.809017, 0.309017, 0.0, -0.809017, -0.309017, -0.5, 0.0, 0.0, 0.0, 0.0, 1.0 ], [ -0.5, -0.809017, -0.309017, 0.0, 0.809017, -0.309017, -0.5, 0.0, 0.309017, -0.5, 0.809017, 0.0, 0.0, 0.0, 0.0, 1.0 ], [ 0.309017, -0.5, 0.809017, 0.0, 0.5, 0.809017, 0.309017, 0.0, -0.809017, 0.309017, 0.5, 0.0, 0.0, 0.0, 0.0, 1.0 ], [ -0.809017, 0.309017, 0.5, 0.0, -0.309017, 0.5, -0.809017, 0.0, -0.5, -0.809017, -0.309017, 0.0, 0.0, 0.0, 0.0, 1.0 ], [ -0.5, -0.809017, 0.309017, 0.0, 0.809017, -0.309017, 0.5, 0.0, -0.309017, 0.5, 0.809017, 0.0, 0.0, 0.0, 0.0, 1.0 ], [ -0.309017, 0.5, 0.809017, 0.0, 0.5, 0.809017, -0.309017, 0.0, -0.809017, 0.309017, -0.5, 0.0, 0.0, 0.0, 0.0, 1.0 ], [ -0.809017, 0.309017, -0.5, 0.0, 0.309017, -0.5, -0.809017, 0.0, -0.5, -0.809017, 0.309017, 0.0, 0.0, 0.0, 0.0, 1.0 ], [ -0.809017, -0.309017, 0.5, 0.0, 0.309017, 0.5, 0.809017, 0.0, -0.5, 0.809017, -0.309017, 0.0, 0.0, 0.0, 0.0, 1.0 ], [ -0.5, 0.809017, -0.309017, 0.0, 0.809017, 0.309017, -0.5, 0.0, -0.309017, -0.5, -0.809017, 0.0, 0.0, 0.0, 0.0, 1.0 ], [ -0.309017, -0.5, -0.809017, 0.0, 0.5, -0.809017, 0.309017, 0.0, -0.809017, -0.309017, 0.5, 0.0, 0.0, 0.0, 0.0, 1.0 ] ],
  "lights" : {
    "ambientColor" : "#292929",
    "backgroundColor" : "#CCCCCC",
    "directionalLights" : [ {
      "direction" : [ 1.0, -1.0, -1.0 ],
      "color" : "#EBEBE4"
    }, {
      "direction" : [ -1.0, 0.0, 0.0 ],
      "color" : "#E4E4EB"
    }, {
      "direction" : [ 0.0, 0.0, -1.0 ],
      "color" : "#1E1E1E"
    } ]
  },
  "camera" : {
    "lookDirection" : {
      "x" : 0.0,
      "y" : 0.0,
      "z" : -1.0
    },
    "upDirection" : {
      "x" : 0.0,
      "y" : 1.0,
      "z" : 0.0
    },
    "lookAtPoint" : {
      "x" : 0.0,
      "y" : 0.0,
      "z" : 0.0
    },
    "perspective" : true,
    "viewDistance" : 72.88475,
    "nearClipDistance" : 0.18221202,
    "farClipDistance" : 145.76953,
    "fieldOfView" : 0.44262934,
    "width" : 32.798172,
    "stereo" : false,
    "position" : {
      "x" : 0.0,
      "y" : 0.0,
      "z" : 72.88475
    }
  },
  "embedding" : [ 1.0, 0.0, 0.0, 0.0, 0.0, 1.0, 0.0, 0.0, 0.0, 0.0, 1.0, 0.0, 0.0, 0.0, 0.0, 1.0 ],
  "shapes" : [ {
    "id" : "a5273599-8561-4cf5-9d8a-e81e5b937e6d",
    "orbit" : "yellow",
    "name" : "y1",
    "vertices" : [ {
      "x" : 6.854102,
      "y" : 0.0,
      "z" : -2.618034
    }, {
      "x" : 6.545085,
      "y" : 0.0,
      "z" : -2.5
    }, {
      "x" : 6.1405764,
      "y" : -0.1545085,
      "z" : -2.059017
    }, {
      "x" : 5.9495935,
      "y" : -0.1545085,
      "z" : -2.559017
    }, {
      "x" : 0.9045085,
      "y" : -0.1545085,
      "z" : -0.059016995
    }, {
      "x" : 0.809017,
      "y" : 0.309017,
      "z" : -0.309017
    }, {
      "x" : 0.309017,
      "y" : 0.0,
      "z" : -0.11803399
    }, {
      "x" : 6.045085,
      "y" : 0.309017,
      "z" : -2.309017
    }, {
      "x" : 0.7135255,
      "y" : -0.1545085,
      "z" : -0.559017
    } ],
    "faces" : [ {
      "vertices" : [ 2, 4, 8, 3 ]
    }, {
      "vertices" : [ 2, 7, 5, 4 ]
    }, {
      "vertices" : [ 4, 6, 8 ]
    }, {
      "vertices" : [ 5, 8, 6 ]
    }, {
      "vertices" : [ 1, 2, 3 ]
    }, {
      "vertices" : [ 3, 8, 5, 7 ]
    }, {
      "vertices" : [ 1, 7, 2 ]
    }, {
      "vertices" : [ 1, 3, 7 ]
    }, {
      "vertices" : [ 4, 5, 6 ]
    } ]
  }, {
    "id" : "2e449a29-497c-4fdc-a1e3-fe98c0c6b6cf",
    "orbit" : "green",
    "name" : "g1",
    "vertices" : [ {
      "x" : 10.781153,
      "y" : 4.118034,
      "z" : -1.572949
    }, {
      "x" : 10.399187,
      "y" : 3.663119,
      "z" : -1.381966
    }, {
      "x" : 10.236068,
      "y" : 3.927051,
      "z" : -1.809017
    }, {
      "x" : 10.163119,
      "y" : 4.190983,
      "z" : -1.618034
    }, {
      "x" : 0.85410196,
      "y" : 0.309017,
      "z" : 0.19098301
    }, {
      "x" : 0.690983,
      "y" : 0.572949,
      "z" : -0.23606798
    }, {
      "x" : 0.309017,
      "y" : 0.11803399,
      "z" : -0.045084972
    }, {
      "x" : 0.76393205,
      "y" : 0.309017,
      "z" : -0.42705098
    }, {
      "x" : 0.927051,
      "y" : 0.045084972,
      "z" : 0.0
    }, {
      "x" : 10.326238,
      "y" : 3.927051,
      "z" : -1.190983
    }, {
      "x" : 11.09017,
      "y" : 4.236068,
      "z" : -1.618034
    } ],
    "faces" : [ {
      "vertices" : [ 2, 7, 5, 3 ]
    }, {
      "vertices" : [ 1, 8, 7, 2 ]
    }, {
      "vertices" : [ 4, 6, 8 ]
    }, {
      "vertices" : [ 5, 7, 6 ]
    }, {
      "vertices" : [ 0, 1, 2 ]
    }, {
      "vertices" : [ 0, 2, 3 ]
    }, {
      "vertices" : [ 6, 7, 8 ]
    }, {
      "vertices" : [ 3, 5, 4, 9 ]
    }, {
      "vertices" : [ 1, 9, 4, 8 ]
    }, {
      "vertices" : [ 0, 9, 1 ]
    }, {
      "vertices" : [ 0, 3, 9 ]
    }, {
      "vertices" : [ 4, 5, 6 ]
    } ]
  }, {
    "id" : "d44cc506-e345-4d8f-9705-93385a69f4bb",
    "orbit" : "blue",
    "name" : "b1",
    "vertices" : [ {
      "x" : 1.0,
      "y" : 0.309017,
      "z" : 0.19098301
    }, {
      "x" : 1.0,
      "y" : -0.309017,
      "z" : 0.19098301
    }, {
      "x" : 7.472136,
      "y" : -0.309017,
      "z" : 0.19098301
    }, {
      "x" : 7.472136,
      "y" : 0.309017,
      "z" : 0.19098301
    }, {
      "x" : 7.472136,
      "y" : -0.309017,
      "z" : -0.19098301
    }, {
      "x" : 7.472136,
      "y" : 0.309017,
      "z" : -0.19098301
    }, {
      "x" : 8.09017,
      "y" : 0.0,
      "z" : 0.0
    }, {
      "x" : 0.38196602,
      "y" : 0.0,
      "z" : 0.0
    }, {
      "x" : 1.0,
      "y" : 0.309017,
      "z" : -0.19098301
    }, {
      "x" : 1.0,
      "y" : -0.309017,
      "z" : -0.19098301
    }, {
      "x" : 8.472136,
      "y" : 0.0,
      "z" : 0.0
    } ],
    "faces" : [ {
      "vertices" : [ 1, 9, 4, 2 ]
    }, {
      "vertices" : [ 0, 3, 5, 8 ]
    }, {
      "vertices" : [ 1, 7, 9 ]
    }, {
      "vertices" : [ 0, 1, 2, 3 ]
    }, {
      "vertices" : [ 7, 8, 9 ]
    }, {
      "vertices" : [ 0, 7, 1 ]
    }, {
      "vertices" : [ 4, 9, 8, 5 ]
    }, {
      "vertices" : [ 2, 6, 3 ]
    }, {
      "vertices" : [ 2, 4, 6 ]
    }, {
      "vertices" : [ 3, 6, 5 ]
    }, {
      "vertices" : [ 4, 5, 6 ]
    }, {
      "vertices" : [ 0, 8, 7 ]
    } ]
  }, {
    "id" : "8240738e-f4e7-42d7-95d1-190756e46fe0",
    "name" : "ball",
    "vertices" : [ {
      "x" : 0.309017,
      "y" : -0.309017,
      "z" : -0.309017
    }, {
      "x" : 0.5,
      "y" : 0.0,
      "z" : -0.19098301
    }, {
      "x" : 0.5,
      "y" : 0.0,
      "z" : 0.19098301
    }, {
      "x" : 0.309017,
      "y" : -0.309017,
      "z" : 0.309017
    }, {
      "x" : 0.19098301,
      "y" : -0.5,
      "z" : 0.0
    }, {
      "x" : 0.0,
      "y" : 0.19098301,
      "z" : 0.5
    }, {
      "x" : 0.0,
      "y" : -0.19098301,
      "z" : 0.5
    }, {
      "x" : 0.309017,
      "y" : 0.309017,
      "z" : 0.309017
    }, {
      "x" : -0.309017,
      "y" : -0.309017,
      "z" : 0.309017
    }, {
      "x" : -0.309017,
      "y" : 0.309017,
      "z" : 0.309017
    }, {
      "x" : -0.5,
      "y" : 0.0,
      "z" : 0.19098301
    }, {
      "x" : 0.0,
      "y" : -0.19098301,
      "z" : -0.5
    }, {
      "x" : 0.0,
      "y" : 0.19098301,
      "z" : -0.5
    }, {
      "x" : 0.309017,
      "y" : 0.309017,
      "z" : -0.309017
    }, {
      "x" : -0.309017,
      "y" : -0.309017,
      "z" : -0.309017
    }, {
      "x" : -0.19098301,
      "y" : -0.5,
      "z" : 0.0
    }, {
      "x" : -0.5,
      "y" : 0.0,
      "z" : -0.19098301
    }, {
      "x" : 0.19098301,
      "y" : 0.5,
      "z" : 0.0
    }, {
      "x" : -0.309017,
      "y" : 0.309017,
      "z" : -0.309017
    }, {
      "x" : 0.0,
      "y" : 0.0,
      "z" : 0.0
    }, {
      "x" : -0.19098301,
      "y" : 0.5,
      "z" : 0.0
    } ],
    "faces" : [ {
      "vertices" : [ 12, 18, 20, 17, 13 ]
    }, {
      "vertices" : [ 3, 6, 8, 15, 4 ]
    }, {
      "vertices" : [ 0, 11, 12, 13, 1 ]
    }, {
      "vertices" : [ 5, 9, 10, 8, 6 ]
    }, {
      "vertices" : [ 2, 7, 5, 6, 3 ]
    }, {
      "vertices" : [ 11, 14, 16, 18, 12 ]
    }, {
      "vertices" : [ 1, 13, 17, 7, 2 ]
    }, {
      "vertices" : [ 9, 20, 18, 16, 10 ]
    }, {
      "vertices" : [ 0, 1, 2, 3, 4 ]
    }, {
      "vertices" : [ 5, 7, 17, 20, 9 ]
    }, {
      "vertices" : [ 0, 4, 15, 14, 11 ]
    }, {
      "vertices" : [ 8, 10, 16, 14, 15 ]
    } ]
  }, {
    "id" : "95e179fa-1f55-4c97-9e4c-11ab8f8cd62d",
    "orbit" : "red",
    "name" : "r1",
    "vertices" : [ {
      "x" : 0.9045085,
      "y" : 0.3454915,
      "z" : 0.25
    }, {
      "x" : 6.1405764,
      "y" : 3.5815594,
      "z" : 0.25
    }, {
      "x" : 5.9495935,
      "y" : 3.8905764,
      "z" : 0.25
    }, {
      "x" : 0.7135255,
      "y" : 0.6545085,
      "z" : 0.25
    }, {
      "x" : 0.809017,
      "y" : 0.5,
      "z" : -0.309017
    }, {
      "x" : 0.9635255,
      "y" : 0.25,
      "z" : -0.095491506
    }, {
      "x" : 0.309017,
      "y" : 0.19098301,
      "z" : 0.0
    }, {
      "x" : 6.545085,
      "y" : 4.045085,
      "z" : 0.0
    }, {
      "x" : 5.8905764,
      "y" : 3.986068,
      "z" : -0.095491506
    }, {
      "x" : 6.045085,
      "y" : 3.736068,
      "z" : -0.309017
    }, {
      "x" : 6.854102,
      "y" : 4.236068,
      "z" : 0.0
    }, {
      "x" : 0.6545085,
      "y" : 0.75,
      "z" : -0.095491506
    }, {
      "x" : 6.1995935,
      "y" : 3.486068,
      "z" : -0.095491506
    } ],
    "faces" : [ {
      "vertices" : [ 4, 11, 8, 9 ]
    }, {
      "vertices" : [ 0, 1, 2, 3 ]
    }, {
      "vertices" : [ 0, 3, 6 ]
    }, {
      "vertices" : [ 1, 7, 2 ]
    }, {
      "vertices" : [ 0, 6, 5 ]
    }, {
      "vertices" : [ 4, 5, 6 ]
    }, {
      "vertices" : [ 2, 7, 8 ]
    }, {
      "vertices" : [ 0, 5, 12, 1 ]
    }, {
      "vertices" : [ 1, 12, 7 ]
    }, {
      "vertices" : [ 3, 11, 6 ]
    }, {
      "vertices" : [ 4, 6, 11 ]
    }, {
      "vertices" : [ 7, 9, 8 ]
    }, {
      "vertices" : [ 2, 8, 11, 3 ]
    }, {
      "vertices" : [ 7, 12, 9 ]
    }, {
      "vertices" : [ 4, 9, 12, 5 ]
    } ]
  }, {
    "id" : "7da241ff-c50c-4d89-bd5a-7bcbfd4c3622",
    "orbit" : "blue",
    "name" : "b0",
    "vertices" : [ {
      "x" : 1.0,
      "y" : 0.309017,
      "z" : 0.19098301
    }, {
      "x" : 1.0,
      "y" : -0.309017,
      "z" : 0.19098301
    }, {
      "x" : 4.236068,
      "y" : -0.309017,
      "z" : 0.19098301
    }, {
      "x" : 4.236068,
      "y" : 0.309017,
      "z" : 0.19098301
    }, {
      "x" : 4.236068,
      "y" : -0.309017,
      "z" : -0.19098301
    }, {
      "x" : 4.236068,
      "y" : 0.309017,
      "z" : -0.19098301
    }, {
      "x" : 4.854102,
      "y" : 0.0,
      "z" : 0.0
    }, {
      "x" : 0.38196602,
      "y" : 0.0,
      "z" : 0.0
    }, {
      "x" : 1.0,
      "y" : 0.309017,
      "z" : -0.19098301
    }, {
      "x" : 1.0,
      "y" : -0.309017,
      "z" : -0.19098301
    }, {
      "x" : 5.236068,
      "y" : 0.0,
      "z" : 0.0
    } ],
    "faces" : [ {
      "vertices" : [ 1, 9, 4, 2 ]
    }, {
      "vertices" : [ 0, 3, 5, 8 ]
    }, {
      "vertices" : [ 1, 7, 9 ]
    }, {
      "vertices" : [ 0, 1, 2, 3 ]
    }, {
      "vertices" : [ 7, 8, 9 ]
    }, {
      "vertices" : [ 0, 7, 1 ]
    }, {
      "vertices" : [ 4, 9, 8, 5 ]
    }, {
      "vertices" : [ 2, 6, 3 ]
    }, {
      "vertices" : [ 2, 4, 6 ]
    }, {
      "vertices" : [ 3, 6, 5 ]
    }, {
      "vertices" : [ 4, 5, 6 ]
    }, {
      "vertices" : [ 0, 8, 7 ]
    } ]
  }, {
    "id" : "4ea86e81-3683-4ae8-939e-0a129d0d39bd",
    "orbit" : "blue",
    "name" : "b2",
    "vertices" : [ {
      "x" : 1.0,
      "y" : 0.309017,
      "z" : 0.19098301
    }, {
      "x" : 1.0,
      "y" : -0.309017,
      "z" : 0.19098301
    }, {
      "x" : 12.708204,
      "y" : -0.309017,
      "z" : 0.19098301
    }, {
      "x" : 12.708204,
      "y" : 0.309017,
      "z" : 0.19098301
    }, {
      "x" : 12.708204,
      "y" : -0.309017,
      "z" : -0.19098301
    }, {
      "x" : 12.708204,
      "y" : 0.309017,
      "z" : -0.19098301
    }, {
      "x" : 13.326238,
      "y" : 0.0,
      "z" : 0.0
    }, {
      "x" : 0.38196602,
      "y" : 0.0,
      "z" : 0.0
    }, {
      "x" : 1.0,
      "y" : 0.309017,
      "z" : -0.19098301
    }, {
      "x" : 1.0,
      "y" : -0.309017,
      "z" : -0.19098301
    }, {
      "x" : 13.708204,
      "y" : 0.0,
      "z" : 0.0
    } ],
    "faces" : [ {
      "vertices" : [ 1, 9, 4, 2 ]
    }, {
      "vertices" : [ 0, 3, 5, 8 ]
    }, {
      "vertices" : [ 1, 7, 9 ]
    }, {
      "vertices" : [ 0, 1, 2, 3 ]
    }, {
      "vertices" : [ 7, 8, 9 ]
    }, {
      "vertices" : [ 0, 7, 1 ]
    }, {
      "vertices" : [ 4, 9, 8, 5 ]
    }, {
      "vertices" : [ 2, 6, 3 ]
    }, {
      "vertices" : [ 2, 4, 6 ]
    }, {
      "vertices" : [ 3, 6, 5 ]
    }, {
      "vertices" : [ 4, 5, 6 ]
    }, {
      "vertices" : [ 0, 8, 7 ]
    } ]
  } ],
  "instances" : [ {
    "shape" : "a5273599-8561-4cf5-9d8a-e81e5b937e6d",
    "color" : "#F0A000",
    "position" : {
      "x" : 0.0,
      "y" : 0.0,
      "z" : 0.0
    },
    "orientation" : 5
  }, {
    "shape" : "2e449a29-497c-4fdc-a1e3-fe98c0c6b6cf",
    "color" : "#008D36",
    "position" : {
      "x" : -4.236068,
      "y" : 4.236068,
      "z" : 4.236068
    },
    "orientation" : 21
  }, {
    "shape" : "d44cc506-e345-4d8f-9705-93385a69f4bb",
    "color" : "#007695",
    "position" : {
      "x" : -4.236068,
      "y" : 4.236068,
      "z" : 4.236068
    },
    "orientation" : 47
  }, {
    "shape" : "d44cc506-e345-4d8f-9705-93385a69f4bb",
    "color" : "#007695",
    "position" : {
      "x" : -4.236068,
      "y" : 4.236068,
      "z" : 4.236068
    },
    "orientation" : 16
  }, {
    "shape" : "d44cc506-e345-4d8f-9705-93385a69f4bb",
    "color" : "#007695",
    "position" : {
      "x" : -4.236068,
      "y" : 4.236068,
      "z" : 4.236068
    },
    "orientation" : 0
  }, {
    "shape" : "a5273599-8561-4cf5-9d8a-e81e5b937e6d",
    "color" : "#F0A000",
    "position" : {
      "x" : 0.0,
      "y" : 0.0,
      "z" : 0.0
    },
    "orientation" : 54
  }, {
    "shape" : "d44cc506-e345-4d8f-9705-93385a69f4bb",
    "color" : "#007695",
    "position" : {
      "x" : 4.236068,
      "y" : -4.236068,
      "z" : 4.236068
    },
    "orientation" : 1
  }, {
    "shape" : "a5273599-8561-4cf5-9d8a-e81e5b937e6d",
    "color" : "#F0A000",
    "position" : {
      "x" : 0.0,
      "y" : 0.0,
      "z" : 0.0
    },
    "orientation" : 9
  }, {
    "shape" : "8240738e-f4e7-42d7-95d1-190756e46fe0",
    "color" : "#FFFFFF",
    "position" : {
      "x" : 4.236068,
      "y" : -4.236068,
      "z" : -4.236068
    }
  }, {
    "shape" : "d44cc506-e345-4d8f-9705-93385a69f4bb",
    "color" : "#007695",
    "position" : {
      "x" : 4.236068,
      "y" : 4.236068,
      "z" : -4.236068
    },
    "orientation" : 16
  }, {
    "shape" : "2e449a29-497c-4fdc-a1e3-fe98c0c6b6cf",
    "color" : "#008D36",
    "position" : {
      "x" : -4.236068,
      "y" : -4.236068,
      "z" : -4.236068
    },
    "orientation" : 6
  }, {
    "shape" : "a5273599-8561-4cf5-9d8a-e81e5b937e6d",
    "color" : "#F0A000",
    "position" : {
      "x" : 0.0,
      "y" : 0.0,
      "z" : 0.0
    },
    "orientation" : 3
  }, {
    "shape" : "8240738e-f4e7-42d7-95d1-190756e46fe0",
    "color" : "#FFFFFF",
    "position" : {
      "x" : -4.236068,
      "y" : 4.236068,
      "z" : -4.236068
    }
  }, {
    "shape" : "d44cc506-e345-4d8f-9705-93385a69f4bb",
    "color" : "#007695",
    "position" : {
      "x" : -4.236068,
      "y" : -4.236068,
      "z" : -4.236068
    },
    "orientation" : 1
  }, {
    "shape" : "8240738e-f4e7-42d7-95d1-190756e46fe0",
    "color" : "#FFFFFF",
    "position" : {
      "x" : -4.236068,
      "y" : 4.236068,
      "z" : 4.236068
    }
  }, {
    "shape" : "d44cc506-e345-4d8f-9705-93385a69f4bb",
    "color" : "#007695",
    "position" : {
      "x" : 4.236068,
      "y" : -4.236068,
      "z" : 4.236068
    },
    "orientation" : 47
  }, {
    "shape" : "2e449a29-497c-4fdc-a1e3-fe98c0c6b6cf",
    "color" : "#008D36",
    "position" : {
      "x" : 4.236068,
      "y" : -4.236068,
      "z" : 4.236068
    },
    "orientation" : 53
  }, {
    "shape" : "8240738e-f4e7-42d7-95d1-190756e46fe0",
    "color" : "#FFFFFF",
    "position" : {
      "x" : 0.0,
      "y" : 0.0,
      "z" : 0.0
    }
  }, {
    "shape" : "d44cc506-e345-4d8f-9705-93385a69f4bb",
    "color" : "#007695",
    "position" : {
      "x" : -4.236068,
      "y" : -4.236068,
      "z" : -4.236068
    },
    "orientation" : 2
  }, {
    "shape" : "8240738e-f4e7-42d7-95d1-190756e46fe0",
    "color" : "#FFFFFF",
    "position" : {
      "x" : -4.236068,
      "y" : -4.236068,
      "z" : 4.236068
    }
  }, {
    "shape" : "2e449a29-497c-4fdc-a1e3-fe98c0c6b6cf",
    "color" : "#008D36",
    "position" : {
      "x" : 4.236068,
      "y" : -4.236068,
      "z" : 4.236068
    },
    "orientation" : 52
  }, {
    "shape" : "2e449a29-497c-4fdc-a1e3-fe98c0c6b6cf",
    "color" : "#008D36",
    "position" : {
      "x" : 4.236068,
      "y" : 4.236068,
      "z" : -4.236068
    },
    "orientation" : 38
  }, {
    "shape" : "d44cc506-e345-4d8f-9705-93385a69f4bb",
    "color" : "#007695",
    "position" : {
      "x" : 4.236068,
      "y" : -4.236068,
      "z" : 4.236068
    },
    "orientation" : 45
  }, {
    "shape" : "a5273599-8561-4cf5-9d8a-e81e5b937e6d",
    "color" : "#F0A000",
    "position" : {
      "x" : 0.0,
      "y" : 0.0,
      "z" : 0.0
    },
    "orientation" : 4
  }, {
    "shape" : "8240738e-f4e7-42d7-95d1-190756e46fe0",
    "color" : "#FFFFFF",
    "position" : {
      "x" : 4.236068,
      "y" : 4.236068,
      "z" : 4.236068
    }
  }, {
    "shape" : "8240738e-f4e7-42d7-95d1-190756e46fe0",
    "color" : "#FFFFFF",
    "position" : {
      "x" : 4.236068,
      "y" : 4.236068,
      "z" : -4.236068
    }
  }, {
    "shape" : "a5273599-8561-4cf5-9d8a-e81e5b937e6d",
    "color" : "#F0A000",
    "position" : {
      "x" : 0.0,
      "y" : 0.0,
      "z" : 0.0
    },
    "orientation" : 24
  }, {
    "shape" : "d44cc506-e345-4d8f-9705-93385a69f4bb",
    "color" : "#007695",
    "position" : {
      "x" : -4.236068,
      "y" : -4.236068,
      "z" : -4.236068
    },
    "orientation" : 0
  }, {
    "shape" : "a5273599-8561-4cf5-9d8a-e81e5b937e6d",
    "color" : "#F0A000",
    "position" : {
      "x" : 0.0,
      "y" : 0.0,
      "z" : 0.0
    },
    "orientation" : 19
  }, {
    "shape" : "8240738e-f4e7-42d7-95d1-190756e46fe0",
    "color" : "#FFFFFF",
    "position" : {
      "x" : 4.236068,
      "y" : -4.236068,
      "z" : 4.236068
    }
  }, {
    "shape" : "2e449a29-497c-4fdc-a1e3-fe98c0c6b6cf",
    "color" : "#008D36",
    "position" : {
      "x" : -4.236068,
      "y" : 4.236068,
      "z" : 4.236068
    },
    "orientation" : 22
  }, {
    "shape" : "d44cc506-e345-4d8f-9705-93385a69f4bb",
    "color" : "#007695",
    "position" : {
      "x" : 4.236068,
      "y" : 4.236068,
      "z" : -4.236068
    },
    "orientation" : 45
  }, {
    "shape" : "8240738e-f4e7-42d7-95d1-190756e46fe0",
    "color" : "#FFFFFF",
    "position" : {
      "x" : -4.236068,
      "y" : -4.236068,
      "z" : -4.236068
    }
  }, {
    "shape" : "d44cc506-e345-4d8f-9705-93385a69f4bb",
    "color" : "#007695",
    "position" : {
      "x" : 4.236068,
      "y" : 4.236068,
      "z" : -4.236068
    },
    "orientation" : 2
  }, {
    "shape" : "a5273599-8561-4cf5-9d8a-e81e5b937e6d",
    "color" : "#F0A000",
    "position" : {
      "x" : 0.0,
      "y" : 0.0,
      "z" : 0.0
    },
    "orientation" : 39
  } ],
  "scenes" : [ {
    "title" : "Octahedron-3-axis",
    "content" : "",
    "view" : {
      "lookDirection" : {
        "x" : 0.0,
        "y" : 0.0,
        "z" : -1.0
      },
      "upDirection" : {
        "x" : 0.0,
        "y" : 1.0,
        "z" : 0.0
      },
      "lookAtPoint" : {
        "x" : 0.0,
        "y" : 0.0,
        "z" : 0.0
      },
      "perspective" : true,
      "viewDistance" : 72.88475,
      "nearClipDistance" : 0.18221202,
      "farClipDistance" : 145.76953,
      "fieldOfView" : 0.44262934,
      "width" : 32.798172,
      "stereo" : false,
      "position" : {
        "x" : 0.0,
        "y" : 0.0,
        "z" : 72.88475
      }
    },
    "snapshot" : 1
  }, {
    "title" : "Cube & Tetrahedron- 4-axis",
    "content" : "",
    "view" : {
      "lookDirection" : {
        "x" : 0.0,
        "y" : 0.0,
        "z" : -1.0
      },
      "upDirection" : {
        "x" : 0.0,
        "y" : 1.0,
        "z" : 0.0
      },
      "lookAtPoint" : {
        "x" : 0.0,
        "y" : 0.0,
        "z" : 0.0
      },
      "perspective" : true,
      "viewDistance" : 53.994354,
      "nearClipDistance" : 0.13498601,
      "farClipDistance" : 107.98873,
      "fieldOfView" : 0.4426293,
      "width" : 24.297483,
      "stereo" : false,
      "position" : {
        "x" : 0.0,
        "y" : 0.0,
        "z" : 53.994354
      }
    },
    "snapshot" : 2
  }, {
    "title" : "Icosahedron- 6-axis",
    "content" : "",
    "view" : {
      "lookDirection" : {
        "x" : 0.0,
        "y" : 0.0,
        "z" : -1.0
      },
      "upDirection" : {
        "x" : 0.0,
        "y" : 1.0,
        "z" : 0.0
      },
      "lookAtPoint" : {
        "x" : 0.0,
        "y" : 0.0,
        "z" : 0.0
      },
      "perspective" : true,
      "viewDistance" : 64.642975,
      "nearClipDistance" : 0.16160762,
      "farClipDistance" : 129.28603,
      "fieldOfView" : 0.44262937,
      "width" : 29.08937,
      "stereo" : false,
      "position" : {
        "x" : 0.0,
        "y" : 0.0,
        "z" : 64.642975
      }
    },
    "snapshot" : 3
  }, {
    "title" : "Dodecahedron- 10-axis",
    "content" : "",
    "view" : {
      "lookDirection" : {
        "x" : 0.0,
        "y" : 0.0,
        "z" : -1.0
      },
      "upDirection" : {
        "x" : 0.0,
        "y" : 1.0,
        "z" : 0.0
      },
      "lookAtPoint" : {
        "x" : 0.0,
        "y" : 0.0,
        "z" : 0.0
      },
      "perspective" : true,
      "viewDistance" : 59.672985,
      "nearClipDistance" : 0.14918265,
      "farClipDistance" : 119.34605,
      "fieldOfView" : 0.4426294,
      "width" : 26.852875,
      "stereo" : false,
      "position" : {
        "x" : 0.0,
        "y" : 0.0,
        "z" : 59.672985
      }
    },
    "snapshot" : 5
  }, {
    "title" : "Cuboctahedron- Alternate 6-axis",
    "content" : "",
    "view" : {
      "lookDirection" : {
        "x" : 0.0,
        "y" : 0.0,
        "z" : -1.0
      },
      "upDirection" : {
        "x" : 0.0,
        "y" : 1.0,
        "z" : 0.0
      },
      "lookAtPoint" : {
        "x" : 0.0,
        "y" : 0.0,
        "z" : 0.0
      },
      "perspective" : true,
      "viewDistance" : 96.43599,
      "nearClipDistance" : 0.24109028,
      "farClipDistance" : 192.87216,
      "fieldOfView" : 0.44262955,
      "width" : 43.396263,
      "stereo" : false,
      "position" : {
        "x" : 0.0,
        "y" : 0.0,
        "z" : 96.43599
      }
    },
    "snapshot" : 6
  }, {
    "title" : "Icosidodecahedron- 15-axis",
    "content" : "",
    "view" : {
      "lookDirection" : {
        "x" : 0.0,
        "y" : 0.0,
        "z" : -1.0
      },
      "upDirection" : {
        "x" : 0.0,
        "y" : 1.0,
        "z" : 0.0
      },
      "lookAtPoint" : {
        "x" : 0.0,
        "y" : 0.0,
        "z" : 0.0
      },
      "perspective" : true,
      "viewDistance" : 115.454834,
      "nearClipDistance" : 0.28863743,
      "farClipDistance" : 230.90982,
      "fieldOfView" : 0.44262943,
      "width" : 51.954742,
      "stereo" : false,
      "position" : {
        "x" : 0.0,
        "y" : 0.0,
        "z" : 115.454834
      }
    },
    "snapshot" : 7
  } ],
  "snapshots" : [ [ {
    "shape" : "d44cc506-e345-4d8f-9705-93385a69f4bb",
    "color" : "#007695",
    "position" : {
      "x" : 0.0,
      "y" : 0.0,
      "z" : 0.0
    },
    "orientation" : 16
  }, {
    "shape" : "2e449a29-497c-4fdc-a1e3-fe98c0c6b6cf",
    "color" : "#008D36",
    "position" : {
      "x" : 0.0,
      "y" : -8.472136,
      "z" : 0.0
    },
    "orientation" : 6
  }, {
    "shape" : "8240738e-f4e7-42d7-95d1-190756e46fe0",
    "color" : "#FFFFFF",
    "position" : {
      "x" : 0.0,
      "y" : -8.472136,
      "z" : 0.0
    },
    "orientation" : 0
  }, {
    "shape" : "d44cc506-e345-4d8f-9705-93385a69f4bb",
    "color" : "#007695",
    "position" : {
      "x" : 0.0,
      "y" : 0.0,
      "z" : 0.0
    },
    "orientation" : 1
  }, {
    "shape" : "2e449a29-497c-4fdc-a1e3-fe98c0c6b6cf",
    "color" : "#008D36",
    "position" : {
      "x" : 0.0,
      "y" : 0.0,
      "z" : 8.472136
    },
    "orientation" : 22
  }, {
    "shape" : "d44cc506-e345-4d8f-9705-93385a69f4bb",
    "color" : "#007695",
    "position" : {
      "x" : 0.0,
      "y" : 0.0,
      "z" : 0.0
    },
    "orientation" : 0
  }, {
    "shape" : "8240738e-f4e7-42d7-95d1-190756e46fe0",
    "color" : "#FFFFFF",
    "position" : {
      "x" : 8.472136,
      "y" : 0.0,
      "z" : 0.0
    },
    "orientation" : 0
  }, {
    "shape" : "2e449a29-497c-4fdc-a1e3-fe98c0c6b6cf",
    "color" : "#008D36",
    "position" : {
      "x" : 0.0,
      "y" : 8.472136,
      "z" : 0.0
    },
    "orientation" : 21
  }, {
    "shape" : "2e449a29-497c-4fdc-a1e3-fe98c0c6b6cf",
    "color" : "#008D36",
    "position" : {
      "x" : 0.0,
      "y" : 8.472136,
      "z" : 0.0
    },
    "orientation" : 36
  }, {
    "shape" : "d44cc506-e345-4d8f-9705-93385a69f4bb",
    "color" : "#007695",
    "position" : {
      "x" : 0.0,
      "y" : 0.0,
      "z" : 0.0
    },
    "orientation" : 2
  }, {
    "shape" : "8240738e-f4e7-42d7-95d1-190756e46fe0",
    "color" : "#FFFFFF",
    "position" : {
      "x" : 0.0,
      "y" : 0.0,
      "z" : 8.472136
    },
    "orientation" : 0
  }, {
    "shape" : "2e449a29-497c-4fdc-a1e3-fe98c0c6b6cf",
    "color" : "#008D36",
    "position" : {
      "x" : 0.0,
      "y" : -8.472136,
      "z" : 0.0
    },
    "orientation" : 51
  }, {
    "shape" : "2e449a29-497c-4fdc-a1e3-fe98c0c6b6cf",
    "color" : "#008D36",
    "position" : {
      "x" : 0.0,
      "y" : 0.0,
      "z" : -8.472136
    },
    "orientation" : 7
  }, {
    "shape" : "d44cc506-e345-4d8f-9705-93385a69f4bb",
    "color" : "#007695",
    "position" : {
      "x" : 0.0,
      "y" : 0.0,
      "z" : 0.0
    },
    "orientation" : 47
  }, {
    "shape" : "2e449a29-497c-4fdc-a1e3-fe98c0c6b6cf",
    "color" : "#008D36",
    "position" : {
      "x" : 8.472136,
      "y" : 0.0,
      "z" : 0.0
    },
    "orientation" : 53
  }, {
    "shape" : "8240738e-f4e7-42d7-95d1-190756e46fe0",
    "color" : "#FFFFFF",
    "position" : {
      "x" : -8.472136,
      "y" : 0.0,
      "z" : 0.0
    },
    "orientation" : 0
  }, {
    "shape" : "2e449a29-497c-4fdc-a1e3-fe98c0c6b6cf",
    "color" : "#008D36",
    "position" : {
      "x" : 0.0,
      "y" : 0.0,
      "z" : 8.472136
    },
    "orientation" : 52
  }, {
    "shape" : "8240738e-f4e7-42d7-95d1-190756e46fe0",
    "color" : "#FFFFFF",
    "position" : {
      "x" : 0.0,
      "y" : 0.0,
      "z" : 0.0
    },
    "orientation" : 0
  }, {
    "shape" : "d44cc506-e345-4d8f-9705-93385a69f4bb",
    "color" : "#007695",
    "position" : {
      "x" : 0.0,
      "y" : 0.0,
      "z" : 0.0
    },
    "orientation" : 45
  }, {
    "shape" : "8240738e-f4e7-42d7-95d1-190756e46fe0",
    "color" : "#FFFFFF",
    "position" : {
      "x" : 0.0,
      "y" : 0.0,
      "z" : -8.472136
    },
    "orientation" : 0
  }, {
    "shape" : "8240738e-f4e7-42d7-95d1-190756e46fe0",
    "color" : "#FFFFFF",
    "position" : {
      "x" : 0.0,
      "y" : 8.472136,
      "z" : 0.0
    },
    "orientation" : 0
  }, {
    "shape" : "2e449a29-497c-4fdc-a1e3-fe98c0c6b6cf",
    "color" : "#008D36",
    "position" : {
      "x" : 8.472136,
      "y" : 0.0,
      "z" : 0.0
    },
    "orientation" : 38
  }, {
    "shape" : "2e449a29-497c-4fdc-a1e3-fe98c0c6b6cf",
    "color" : "#008D36",
    "position" : {
      "x" : -8.472136,
      "y" : 0.0,
      "z" : 0.0
    },
    "orientation" : 8
  }, {
    "shape" : "2e449a29-497c-4fdc-a1e3-fe98c0c6b6cf",
    "color" : "#008D36",
    "position" : {
      "x" : 0.0,
      "y" : 0.0,
      "z" : -8.472136
    },
    "orientation" : 37
  }, {
    "shape" : "2e449a29-497c-4fdc-a1e3-fe98c0c6b6cf",
    "color" : "#008D36",
    "position" : {
      "x" : -8.472136,
      "y" : 0.0,
      "z" : 0.0
    },
    "orientation" : 23
  } ], [ {
    "shape" : "2e449a29-497c-4fdc-a1e3-fe98c0c6b6cf",
    "color" : "#008D36",
    "position" : {
      "x" : 8.472136,
      "y" : 0.0,
      "z" : 0.0
    },
    "orientation" : 53
  }, {
    "shape" : "8240738e-f4e7-42d7-95d1-190756e46fe0",
    "color" : "#FFFFFF",
    "position" : {
      "x" : 0.0,
      "y" : -8.472136,
      "z" : 0.0
    },
    "orientation" : 0
  }, {
    "shape" : "2e449a29-497c-4fdc-a1e3-fe98c0c6b6cf",
    "color" : "#008D36",
    "position" : {
      "x" : 0.0,
      "y" : 0.0,
      "z" : 8.472136
    },
    "orientation" : 22
  }, {
    "shape" : "2e449a29-497c-4fdc-a1e3-fe98c0c6b6cf",
    "color" : "#008D36",
    "position" : {
      "x" : 0.0,
      "y" : 0.0,
      "z" : -8.472136
    },
    "orientation" : 7
  }, {
    "shape" : "2e449a29-497c-4fdc-a1e3-fe98c0c6b6cf",
    "color" : "#008D36",
    "position" : {
      "x" : -8.472136,
      "y" : 0.0,
      "z" : 0.0
    },
    "orientation" : 8
  }, {
    "shape" : "d44cc506-e345-4d8f-9705-93385a69f4bb",
    "color" : "#007695",
    "position" : {
      "x" : 0.0,
      "y" : 0.0,
      "z" : 0.0
    },
    "orientation" : 0
  }, {
    "shape" : "8240738e-f4e7-42d7-95d1-190756e46fe0",
    "color" : "#FFFFFF",
    "position" : {
      "x" : 0.0,
      "y" : 0.0,
      "z" : -8.472136
    },
    "orientation" : 0
  }, {
    "shape" : "8240738e-f4e7-42d7-95d1-190756e46fe0",
    "color" : "#FFFFFF",
    "position" : {
      "x" : 8.472136,
      "y" : 0.0,
      "z" : 0.0
    },
    "orientation" : 0
  }, {
    "shape" : "2e449a29-497c-4fdc-a1e3-fe98c0c6b6cf",
    "color" : "#008D36",
    "position" : {
      "x" : -8.472136,
      "y" : 0.0,
      "z" : 0.0
    },
    "orientation" : 23
  }, {
    "shape" : "8240738e-f4e7-42d7-95d1-190756e46fe0",
    "color" : "#FFFFFF",
    "position" : {
      "x" : 0.0,
      "y" : 0.0,
      "z" : 8.472136
    },
    "orientation" : 0
  }, {
    "shape" : "d44cc506-e345-4d8f-9705-93385a69f4bb",
    "color" : "#007695",
    "position" : {
      "x" : 0.0,
      "y" : 0.0,
      "z" : 0.0
    },
    "orientation" : 1
  }, {
    "shape" : "2e449a29-497c-4fdc-a1e3-fe98c0c6b6cf",
    "color" : "#008D36",
    "position" : {
      "x" : 0.0,
      "y" : 8.472136,
      "z" : 0.0
    },
    "orientation" : 21
  }, {
    "shape" : "8240738e-f4e7-42d7-95d1-190756e46fe0",
    "color" : "#FFFFFF",
    "position" : {
      "x" : 0.0,
      "y" : 0.0,
      "z" : 0.0
    },
    "orientation" : 0
  }, {
    "shape" : "8240738e-f4e7-42d7-95d1-190756e46fe0",
    "color" : "#FFFFFF",
    "position" : {
      "x" : -8.472136,
      "y" : 0.0,
      "z" : 0.0
    },
    "orientation" : 0
  }, {
    "shape" : "2e449a29-497c-4fdc-a1e3-fe98c0c6b6cf",
    "color" : "#008D36",
    "position" : {
      "x" : 0.0,
      "y" : 8.472136,
      "z" : 0.0
    },
    "orientation" : 36
  }, {
    "shape" : "2e449a29-497c-4fdc-a1e3-fe98c0c6b6cf",
    "color" : "#008D36",
    "position" : {
      "x" : 0.0,
      "y" : -8.472136,
      "z" : 0.0
    },
    "orientation" : 6
  }, {
    "shape" : "d44cc506-e345-4d8f-9705-93385a69f4bb",
    "color" : "#007695",
    "position" : {
      "x" : 0.0,
      "y" : 0.0,
      "z" : 0.0
    },
    "orientation" : 16
  }, {
    "shape" : "8240738e-f4e7-42d7-95d1-190756e46fe0",
    "color" : "#FFFFFF",
    "position" : {
      "x" : 0.0,
      "y" : 8.472136,
      "z" : 0.0
    },
    "orientation" : 0
  }, {
    "shape" : "2e449a29-497c-4fdc-a1e3-fe98c0c6b6cf",
    "color" : "#008D36",
    "position" : {
      "x" : 0.0,
      "y" : -8.472136,
      "z" : 0.0
    },
    "orientation" : 51
  }, {
    "shape" : "d44cc506-e345-4d8f-9705-93385a69f4bb",
    "color" : "#007695",
    "position" : {
      "x" : 0.0,
      "y" : 0.0,
      "z" : 0.0
    },
    "orientation" : 45
  }, {
    "shape" : "2e449a29-497c-4fdc-a1e3-fe98c0c6b6cf",
    "color" : "#008D36",
    "position" : {
      "x" : 8.472136,
      "y" : 0.0,
      "z" : 0.0
    },
    "orientation" : 38
  }, {
    "shape" : "d44cc506-e345-4d8f-9705-93385a69f4bb",
    "color" : "#007695",
    "position" : {
      "x" : 0.0,
      "y" : 0.0,
      "z" : 0.0
    },
    "orientation" : 2
  }, {
    "shape" : "2e449a29-497c-4fdc-a1e3-fe98c0c6b6cf",
    "color" : "#008D36",
    "position" : {
      "x" : 0.0,
      "y" : 0.0,
      "z" : 8.472136
    },
    "orientation" : 52
  }, {
    "shape" : "d44cc506-e345-4d8f-9705-93385a69f4bb",
    "color" : "#007695",
    "position" : {
      "x" : 0.0,
      "y" : 0.0,
      "z" : 0.0
    },
    "orientation" : 47
  }, {
    "shape" : "2e449a29-497c-4fdc-a1e3-fe98c0c6b6cf",
    "color" : "#008D36",
    "position" : {
      "x" : 0.0,
      "y" : 0.0,
      "z" : -8.472136
    },
    "orientation" : 37
  } ], [ {
    "shape" : "8240738e-f4e7-42d7-95d1-190756e46fe0",
    "color" : "#FFFFFF",
    "position" : {
      "x" : 0.0,
      "y" : 0.0,
      "z" : 0.0
    },
    "orientation" : 0
  }, {
    "shape" : "a5273599-8561-4cf5-9d8a-e81e5b937e6d",
    "color" : "#F0A000",
    "position" : {
      "x" : 0.0,
      "y" : 0.0,
      "z" : 0.0
    },
    "orientation" : 5
  }, {
    "shape" : "2e449a29-497c-4fdc-a1e3-fe98c0c6b6cf",
    "color" : "#008D36",
    "position" : {
      "x" : -4.236068,
      "y" : 4.236068,
      "z" : 4.236068
    },
    "orientation" : 21
  }, {
    "shape" : "a5273599-8561-4cf5-9d8a-e81e5b937e6d",
    "color" : "#F0A000",
    "position" : {
      "x" : 0.0,
      "y" : 0.0,
      "z" : 0.0
    },
    "orientation" : 39
  }, {
    "shape" : "d44cc506-e345-4d8f-9705-93385a69f4bb",
    "color" : "#007695",
    "position" : {
      "x" : -4.236068,
      "y" : 4.236068,
      "z" : 4.236068
    },
    "orientation" : 0
  }, {
    "shape" : "a5273599-8561-4cf5-9d8a-e81e5b937e6d",
    "color" : "#F0A000",
    "position" : {
      "x" : 0.0,
