{
  "field" : "golden",
  "symmetry" : "icosahedral",
  "orientations" : [ [ 1.0, 0.0, 0.0, 0.0, 0.0, 1.0, 0.0, 0.0, 0.0, 0.0, 1.0, 0.0, 0.0, 0.0, 0.0, 1.0 ], [ 0.0, 0.0, 1.0, 0.0, 1.0, 0.0, 0.0, 0.0, 0.0, 1.0, 0.0, 0.0, 0.0, 0.0, 0.0, 1.0 ], [ 0.0, 1.0, 0.0, 0.0, 0.0, 0.0, 1.0, 0.0, 1.0, 0.0, 0.0, 0.0, 0.0, 0.0, 0.0, 1.0 ], [ 0.809017, 0.309017, 0.5, 0.0, 0.309017, 0.5, -0.809017, 0.0, -0.5, 0.809017, 0.309017, 0.0, 0.0, 0.0, 0.0, 1.0 ], [ -0.5, 0.809017, 0.309017, 0.0, 0.809017, 0.309017, 0.5, 0.0, 0.309017, 0.5, -0.809017, 0.0, 0.0, 0.0, 0.0, 1.0 ], [ 0.309017, 0.5, -0.809017, 0.0, -0.5, 0.809017, 0.309017, 0.0, 0.809017, 0.309017, 0.5, 0.0, 0.0, 0.0, 0.0, 1.0 ], [ 0.5, 0.809017, 0.309017, 0.0, 0.809017, -0.309017, -0.5, 0.0, -0.309017, 0.5, -0.809017, 0.0, 0.0, 0.0, 0.0, 1.0 ], [ -0.309017, 0.5, -0.809017, 0.0, 0.5, 0.809017, 0.309017, 0.0, 0.809017, -0.309017, -0.5, 0.0, 0.0, 0.0, 0.0, 1.0 ], [ 0.809017, -0.309017, -0.5, 0.0, -0.309017, 0.5, -0.809017, 0.0, 0.5, 0.809017, 0.309017, 0.0, 0.0, 0.0, 0.0, 1.0 ], [ 0.5, 0.809017, -0.309017, 0.0, 0.809017, -0.309017, 0.5, 0.0, 0.309017, -0.5, -0.809017, 0.0, 0.0, 0.0, 0.0, 1.0 ], [ 0.309017, -0.5, -0.809017, 0.0, 0.5, 0.809017, -0.309017, 0.0, 0.809017, -0.309017, 0.5, 0.0, 0.0, 0.0, 0.0, 1.0 ], [ 0.809017, -0.309017, 0.5, 0.0, 0.309017, -0.5, -0.809017, 0.0, 0.5, 0.809017, -0.309017, 0.0, 0.0, 0.0, 0.0, 1.0 ], [ 0.809017, 0.309017, -0.5, 0.0, 0.309017, 0.5, 0.809017, 0.0, 0.5, -0.809017, 0.309017, 0.0, 0.0, 0.0, 0.0, 1.0 ], [ 0.5, -0.809017, 0.309017, 0.0, 0.809017, 0.309017, -0.5, 0.0, 0.309017, 0.5, 0.809017, 0.0, 0.0, 0.0, 0.0, 1.0 ], [ 0.309017, 0.5, 0.809017, 0.0, 0.5, -0.809017, 0.309017, 0.0, 0.809017, 0.309017, -0.5, 0.0, 0.0, 0.0, 0.0, 1.0 ], [ 1.0, 0.0, 0.0, 0.0, 0.0, -1.0, 0.0, 0.0, 0.0, 0.0, -1.0, 0.0, 0.0, 0.0, 0.0, 1.0 ], [ 0.0, 0.0, 1.0, 0.0, -1.0, 0.0, 0.0, 0.0, 0.0, -1.0, 0.0, 0.0, 0.0, 0.0, 0.0, 1.0 ], [ 0.0, 1.0, 0.0, 0.0, 0.0, 0.0, -1.0, 0.0, -1.0, 0.0, 0.0, 0.0, 0.0, 0.0, 0.0, 1.0 ], [ 0.809017, 0.309017, 0.5, 0.0, -0.309017, -0.5, 0.809017, 0.0, 0.5, -0.809017, -0.309017, 0.0, 0.0, 0.0, 0.0, 1.0 ], [ -0.5, 0.809017, 0.309017, 0.0, -0.809017, -0.309017, -0.5, 0.0, -0.309017, -0.5, 0.809017, 0.0, 0.0, 0.0, 0.0, 1.0 ], [ 0.309017, 0.5, -0.809017, 0.0, 0.5, -0.809017, -0.309017, 0.0, -0.809017, -0.309017, -0.5, 0.0, 0.0, 0.0, 0.0, 1.0 ], [ 0.5, 0.809017, 0.309017, 0.0, -0.809017, 0.309017, 0.5, 0.0, 0.309017, -0.5, 0.809017, 0.0, 0.0, 0.0, 0.0, 1.0 ], [ -0.309017, 0.5, -0.809017, 0.0, -0.5, -0.809017, -0.309017, 0.0, -0.809017, 0.309017, 0.5, 0.0, 0.0, 0.0, 0.0, 1.0 ], [ 0.809017, -0.309017, -0.5, 0.0, 0.309017, -0.5, 0.809017, 0.0, -0.5, -0.809017, -0.309017, 0.0, 0.0, 0.0, 0.0, 1.0 ], [ 0.5, 0.809017, -0.309017, 0.0, -0.809017, 0.309017, -0.5, 0.0, -0.309017, 0.5, 0.809017, 0.0, 0.0, 0.0, 0.0, 1.0 ], [ 0.309017, -0.5, -0.809017, 0.0, -0.5, -0.809017, 0.309017, 0.0, -0.809017, 0.309017, -0.5, 0.0, 0.0, 0.0, 0.0, 1.0 ], [ 0.809017, -0.309017, 0.5, 0.0, -0.309017, 0.5, 0.809017, 0.0, -0.5, -0.809017, 0.309017, 0.0, 0.0, 0.0, 0.0, 1.0 ], [ 0.809017, 0.309017, -0.5, 0.0, -0.309017, -0.5, -0.809017, 0.0, -0.5, 0.809017, -0.309017, 0.0, 0.0, 0.0, 0.0, 1.0 ], [ 0.5, -0.809017, 0.309017, 0.0, -0.809017, -0.309017, 0.5, 0.0, -0.309017, -0.5, -0.809017, 0.0, 0.0, 0.0, 0.0, 1.0 ], [ 0.309017, 0.5, 0.809017, 0.0, -0.5, 0.809017, -0.309017, 0.0, -0.809017, -0.309017, 0.5, 0.0, 0.0, 0.0, 0.0, 1.0 ], [ -1.0, 0.0, 0.0, 0.0, 0.0, -1.0, 0.0, 0.0, 0.0, 0.0, 1.0, 0.0, 0.0, 0.0, 0.0, 1.0 ], [ 0.0, 0.0, -1.0, 0.0, -1.0, 0.0, 0.0, 0.0, 0.0, 1.0, 0.0, 0.0, 0.0, 0.0, 0.0, 1.0 ], [ 0.0, -1.0, 0.0, 0.0, 0.0, 0.0, -1.0, 0.0, 1.0, 0.0, 0.0, 0.0, 0.0, 0.0, 0.0, 1.0 ], [ -0.809017, -0.309017, -0.5, 0.0, -0.309017, -0.5, 0.809017, 0.0, -0.5, 0.809017, 0.309017, 0.0, 0.0, 0.0, 0.0, 1.0 ], [ 0.5, -0.809017, -0.309017, 0.0, -0.809017, -0.309017, -0.5, 0.0, 0.309017, 0.5, -0.809017, 0.0, 0.0, 0.0, 0.0, 1.0 ], [ -0.309017, -0.5, 0.809017, 0.0, 0.5, -0.809017, -0.309017, 0.0, 0.809017, 0.309017, 0.5, 0.0, 0.0, 0.0, 0.0, 1.0 ], [ -0.5, -0.809017, -0.309017, 0.0, -0.809017, 0.309017, 0.5, 0.0, -0.309017, 0.5, -0.809017, 0.0, 0.0, 0.0, 0.0, 1.0 ], [ 0.309017, -0.5, 0.809017, 0.0, -0.5, -0.809017, -0.309017, 0.0, 0.809017, -0.309017, -0.5, 0.0, 0.0, 0.0, 0.0, 1.0 ], [ -0.809017, 0.309017, 0.5, 0.0, 0.309017, -0.5, 0.809017, 0.0, 0.5, 0.809017, 0.309017, 0.0, 0.0, 0.0, 0.0, 1.0 ], [ -0.5, -0.809017, 0.309017, 0.0, -0.809017, 0.309017, -0.5, 0.0, 0.309017, -0.5, -0.809017, 0.0, 0.0, 0.0, 0.0, 1.0 ], [ -0.309017, 0.5, 0.809017, 0.0, -0.5, -0.809017, 0.309017, 0.0, 0.809017, -0.309017, 0.5, 0.0, 0.0, 0.0, 0.0, 1.0 ], [ -0.809017, 0.309017, -0.5, 0.0, -0.309017, 0.5, 0.809017, 0.0, 0.5, 0.809017, -0.309017, 0.0, 0.0, 0.0, 0.0, 1.0 ], [ -0.809017, -0.309017, 0.5, 0.0, -0.309017, -0.5, -0.809017, 0.0, 0.5, -0.809017, 0.309017, 0.0, 0.0, 0.0, 0.0, 1.0 ], [ -0.5, 0.809017, -0.309017, 0.0, -0.809017, -0.309017, 0.5, 0.0, 0.309017, 0.5, 0.809017, 0.0, 0.0, 0.0, 0.0, 1.0 ], [ -0.309017, -0.5, -0.809017, 0.0, -0.5, 0.809017, -0.309017, 0.0, 0.809017, 0.309017, -0.5, 0.0, 0.0, 0.0, 0.0, 1.0 ], [ -1.0, 0.0, 0.0, 0.0, 0.0, 1.0, 0.0, 0.0, 0.0, 0.0, -1.0, 0.0, 0.0, 0.0, 0.0, 1.0 ], [ 0.0, 0.0, -1.0, 0.0, 1.0, 0.0, 0.0, 0.0, 0.0, -1.0, 0.0, 0.0, 0.0, 0.0, 0.0, 1.0 ], [ 0.0, -1.0, 0.0, 0.0, 0.0, 0.0, 1.0, 0.0, -1.0, 0.0, 0.0, 0.0, 0.0, 0.0, 0.0, 1.0 ], [ -0.809017, -0.309017, -0.5, 0.0, 0.309017, 0.5, -0.809017, 0.0, 0.5, -0.809017, -0.309017, 0.0, 0.0, 0.0, 0.0, 1.0 ], [ 0.5, -0.809017, -0.309017, 0.0, 0.809017, 0.309017, 0.5, 0.0, -0.309017, -0.5, 0.809017, 0.0, 0.0, 0.0, 0.0, 1.0 ], [ -0.309017, -0.5, 0.809017, 0.0, -0.5, 0.809017, 0.309017, 0.0, -0.809017, -0.309017, -0.5, 0.0, 0.0, 0.0, 0.0, 1.0 ], [ -0.5, -0.809017, -0.309017, 0.0, 0.809017, -0.309017, -0.5, 0.0, 0.309017, -0.5, 0.809017, 0.0, 0.0, 0.0, 0.0, 1.0 ], [ 0.309017, -0.5, 0.809017, 0.0, 0.5, 0.809017, 0.309017, 0.0, -0.809017, 0.309017, 0.5, 0.0, 0.0, 0.0, 0.0, 1.0 ], [ -0.809017, 0.309017, 0.5, 0.0, -0.309017, 0.5, -0.809017, 0.0, -0.5, -0.809017, -0.309017, 0.0, 0.0, 0.0, 0.0, 1.0 ], [ -0.5, -0.809017, 0.309017, 0.0, 0.809017, -0.309017, 0.5, 0.0, -0.309017, 0.5, 0.809017, 0.0, 0.0, 0.0, 0.0, 1.0 ], [ -0.309017, 0.5, 0.809017, 0.0, 0.5, 0.809017, -0.309017, 0.0, -0.809017, 0.309017, -0.5, 0.0, 0.0, 0.0, 0.0, 1.0 ], [ -0.809017, 0.309017, -0.5, 0.0, 0.309017, -0.5, -0.809017, 0.0, -0.5, -0.809017, 0.309017, 0.0, 0.0, 0.0, 0.0, 1.0 ], [ -0.809017, -0.309017, 0.5, 0.0, 0.309017, 0.5, 0.809017, 0.0, -0.5, 0.809017, -0.309017, 0.0, 0.0, 0.0, 0.0, 1.0 ], [ -0.5, 0.809017, -0.309017, 0.0, 0.809017, 0.309017, -0.5, 0.0, -0.309017, -0.5, -0.809017, 0.0, 0.0, 0.0, 0.0, 1.0 ], [ -0.309017, -0.5, -0.809017, 0.0, 0.5, -0.809017, 0.309017, 0.0, -0.809017, -0.309017, 0.5, 0.0, 0.0, 0.0, 0.0, 1.0 ] ],
  "lights" : {
    "ambientColor" : "#292929",
    "backgroundColor" : "#AFC8DC",
    "directionalLights" : [ {
      "direction" : {
        "x" : 1.0,
        "y" : -1.0,
        "z" : -1.0
      },
      "color" : "#EBEBE4"
    }, {
      "direction" : {
        "x" : -1.0,
        "y" : 0.0,
        "z" : 0.0
      },
      "color" : "#E4E4EB"
    }, {
      "direction" : {
        "x" : 0.0,
        "y" : 0.0,
        "z" : -1.0
      },
      "color" : "#1E1E1E"
    } ]
  },
  "camera" : {
    "lookDirection" : {
      "x" : -0.309017,
      "y" : -0.5,
      "z" : 0.809017
    },
    "upDirection" : {
      "x" : 0.809017,
      "y" : 0.30901697,
      "z" : 0.49999997
    },
    "lookAtPoint" : {
      "x" : 0.0,
      "y" : 0.0,
      "z" : 0.0
    },
    "viewDistance" : 251.86151,
    "nearClipDistance" : 0.6296537,
    "farClipDistance" : 503.72302,
    "fieldOfView" : 0.44262895,
    "perspective" : false,
    "width" : 113.3377,
    "stereo" : false,
    "position" : {
      "x" : 77.82949,
      "y" : 125.930756,
      "z" : -203.76024
    }
  },
  "embedding" : [ 1.0, 0.0, 0.0, 0.0, 0.0, 1.0, 0.0, 0.0, 0.0, 0.0, 1.0, 0.0, 0.0, 0.0, 0.0, 1.0 ],
  "shapes" : [ {
    "id" : "36e73e9d-488e-4091-abb3-c7802b84fd39",
    "vertices" : [ {
      "x" : 1.0,
      "y" : 0.309017,
      "z" : 0.19098301
    }, {
      "x" : 1.0,
      "y" : -0.309017,
      "z" : 0.19098301
    }, {
      "x" : 7.472136,
      "y" : -0.309017,
      "z" : 0.19098301
    }, {
      "x" : 7.472136,
      "y" : 0.309017,
      "z" : 0.19098301
    }, {
      "x" : 7.472136,
      "y" : -0.309017,
      "z" : -0.19098301
    }, {
      "x" : 7.472136,
      "y" : 0.309017,
      "z" : -0.19098301
    }, {
      "x" : 8.09017,
      "y" : 0.0,
      "z" : 0.0
    }, {
      "x" : 0.38196602,
      "y" : 0.0,
      "z" : 0.0
    }, {
      "x" : 1.0,
      "y" : 0.309017,
      "z" : -0.19098301
    }, {
      "x" : 1.0,
      "y" : -0.309017,
      "z" : -0.19098301
    }, {
      "x" : 8.472136,
      "y" : 0.0,
      "z" : 0.0
    } ],
    "faces" : [ {
      "vertices" : [ 1, 9, 4 ]
    }, {
      "vertices" : [ 1, 4, 2 ]
    }, {
      "vertices" : [ 0, 3, 5 ]
    }, {
      "vertices" : [ 0, 5, 8 ]
    }, {
      "vertices" : [ 1, 7, 9 ]
    }, {
      "vertices" : [ 0, 1, 2 ]
    }, {
      "vertices" : [ 0, 2, 3 ]
    }, {
      "vertices" : [ 7, 8, 9 ]
    }, {
      "vertices" : [ 0, 7, 1 ]
    }, {
      "vertices" : [ 4, 9, 8 ]
    }, {
      "vertices" : [ 4, 8, 5 ]
    }, {
      "vertices" : [ 2, 6, 3 ]
    }, {
      "vertices" : [ 2, 4, 6 ]
    }, {
      "vertices" : [ 3, 6, 5 ]
    }, {
      "vertices" : [ 4, 5, 6 ]
    }, {
      "vertices" : [ 0, 8, 7 ]
    } ]
  }, {
    "id" : "3d1594a7-23ef-494a-b532-7926307d3a1a",
    "vertices" : [ {
      "x" : 0.309017,
      "y" : -0.309017,
      "z" : -0.309017
    }, {
      "x" : 0.5,
      "y" : 0.0,
      "z" : -0.19098301
    }, {
      "x" : 0.5,
      "y" : 0.0,
      "z" : 0.19098301
    }, {
      "x" : 0.309017,
      "y" : -0.309017,
      "z" : 0.309017
    }, {
      "x" : 0.19098301,
      "y" : -0.5,
      "z" : 0.0
    }, {
      "x" : 0.0,
      "y" : 0.19098301,
      "z" : 0.5
    }, {
      "x" : 0.0,
      "y" : -0.19098301,
      "z" : 0.5
    }, {
      "x" : 0.309017,
      "y" : 0.309017,
      "z" : 0.309017
    }, {
      "x" : -0.309017,
      "y" : -0.309017,
      "z" : 0.309017
    }, {
      "x" : -0.309017,
      "y" : 0.309017,
      "z" : 0.309017
    }, {
      "x" : -0.5,
      "y" : 0.0,
      "z" : 0.19098301
    }, {
      "x" : 0.0,
      "y" : -0.19098301,
      "z" : -0.5
    }, {
      "x" : 0.0,
      "y" : 0.19098301,
      "z" : -0.5
    }, {
      "x" : 0.309017,
      "y" : 0.309017,
      "z" : -0.309017
    }, {
      "x" : -0.309017,
      "y" : -0.309017,
      "z" : -0.309017
    }, {
      "x" : -0.19098301,
      "y" : -0.5,
      "z" : 0.0
    }, {
      "x" : -0.5,
      "y" : 0.0,
      "z" : -0.19098301
    }, {
      "x" : 0.19098301,
      "y" : 0.5,
      "z" : 0.0
    }, {
      "x" : -0.309017,
      "y" : 0.309017,
      "z" : -0.309017
    }, {
      "x" : 0.0,
      "y" : 0.0,
      "z" : 0.0
    }, {
      "x" : -0.19098301,
      "y" : 0.5,
      "z" : 0.0
    } ],
    "faces" : [ {
      "vertices" : [ 12, 18, 20 ]
    }, {
      "vertices" : [ 12, 20, 17 ]
    }, {
      "vertices" : [ 12, 17, 13 ]
    }, {
      "vertices" : [ 3, 6, 8 ]
    }, {
      "vertices" : [ 3, 8, 15 ]
    }, {
      "vertices" : [ 3, 15, 4 ]
    }, {
      "vertices" : [ 0, 11, 12 ]
    }, {
      "vertices" : [ 0, 12, 13 ]
    }, {
      "vertices" : [ 0, 13, 1 ]
    }, {
      "vertices" : [ 5, 9, 10 ]
    }, {
      "vertices" : [ 5, 10, 8 ]
    }, {
      "vertices" : [ 5, 8, 6 ]
    }, {
      "vertices" : [ 2, 7, 5 ]
    }, {
      "vertices" : [ 2, 5, 6 ]
    }, {
      "vertices" : [ 2, 6, 3 ]
    }, {
      "vertices" : [ 11, 14, 16 ]
    }, {
      "vertices" : [ 11, 16, 18 ]
    }, {
      "vertices" : [ 11, 18, 12 ]
    }, {
      "vertices" : [ 1, 13, 17 ]
    }, {
      "vertices" : [ 1, 17, 7 ]
    }, {
      "vertices" : [ 1, 7, 2 ]
    }, {
      "vertices" : [ 9, 20, 18 ]
    }, {
      "vertices" : [ 9, 18, 16 ]
    }, {
      "vertices" : [ 9, 16, 10 ]
    }, {
      "vertices" : [ 0, 1, 2 ]
    }, {
      "vertices" : [ 0, 2, 3 ]
    }, {
      "vertices" : [ 0, 3, 4 ]
    }, {
      "vertices" : [ 5, 7, 17 ]
    }, {
      "vertices" : [ 5, 17, 20 ]
    }, {
      "vertices" : [ 5, 20, 9 ]
    }, {
      "vertices" : [ 0, 4, 15 ]
    }, {
      "vertices" : [ 0, 15, 14 ]
    }, {
      "vertices" : [ 0, 14, 11 ]
    }, {
      "vertices" : [ 8, 10, 16 ]
    }, {
      "vertices" : [ 8, 16, 14 ]
    }, {
      "vertices" : [ 8, 14, 15 ]
    } ]
  }, {
    "id" : "d1901c89-9440-4875-83c9-fa1c7a84fff5",
    "vertices" : [ {
      "x" : 15.326238,
      "y" : 19.562305,
      "z" : 4.236068
    }, {
      "x" : 8.472136,
      "y" : 22.18034,
      "z" : 8.472136
    }, {
      "x" : 11.09017,
      "y" : 17.944271,
      "z" : 15.326238
    }, {
      "x" : 17.944271,
      "y" : 15.326238,
      "z" : 11.09017
    } ],
    "faces" : [ {
      "vertices" : [ 0, 1, 2 ]
    }, {
      "vertices" : [ 0, 2, 3 ]
    }, {
      "vertices" : [ 0, 3, 2 ]
    }, {
      "vertices" : [ 0, 2, 1 ]
    } ]
  }, {
    "id" : "95a6d6ce-498f-4810-8bb5-fcbc840cecec",
    "vertices" : [ {
      "x" : -16.326239,
      "y" : 17.944271,
      "z" : -6.854102
    }, {
      "x" : -20.562305,
      "y" : 11.09017,
      "z" : -9.472136
    }, {
      "x" : -17.944271,
      "y" : 6.854102,
      "z" : -16.326239
    }, {
      "x" : -11.09017,
      "y" : 9.472136,
      "z" : -20.562305
    }, {
      "x" : -6.854102,
      "y" : 16.326239,
      "z" : -17.944271
    }, {
      "x" : -9.472136,
      "y" : 20.562305,
      "z" : -11.09017
    } ],
    "faces" : [ {
      "vertices" : [ 0, 1, 2 ]
    }, {
      "vertices" : [ 0, 2, 3 ]
    }, {
      "vertices" : [ 0, 3, 4 ]
    }, {
      "vertices" : [ 0, 4, 5 ]
    }, {
      "vertices" : [ 0, 5, 4 ]
    }, {
      "vertices" : [ 0, 4, 3 ]
    }, {
      "vertices" : [ 0, 3, 2 ]
    }, {
      "vertices" : [ 0, 2, 1 ]
    } ]
  }, {
    "id" : "877e2c8b-e21e-4126-87c3-4a2acca83ae4",
    "vertices" : [ {
      "x" : 15.326238,
      "y" : -11.09017,
      "z" : -17.944271
    }, {
      "x" : 17.944271,
      "y" : -15.326238,
      "z" : -11.09017
    }, {
      "x" : 22.18034,
      "y" : -8.472136,
      "z" : -8.472136
    }, {
      "x" : 19.562305,
      "y" : -4.236068,
      "z" : -15.326238
    } ],
    "faces" : [ {
      "vertices" : [ 0, 1, 2 ]
    }, {
      "vertices" : [ 0, 2, 3 ]
    }, {
      "vertices" : [ 0, 3, 2 ]
    }, {
      "vertices" : [ 0, 2, 1 ]
    } ]
  }, {
    "id" : "4eff564e-3004-43d0-9b1a-317d8abb1063",
    "vertices" : [ {
      "x" : -15.326238,
      "y" : -11.09017,
      "z" : -17.944271
    }, {
      "x" : -22.18034,
      "y" : -8.472136,
      "z" : -13.708204
    }, {
      "x" : -17.944271,
      "y" : -15.326238,
      "z" : -11.09017
    }, {
      "x" : -11.09017,
      "y" : -17.944271,
      "z" : -15.326238
    } ],
    "faces" : [ {
      "vertices" : [ 0, 1, 2 ]
    }, {
      "vertices" : [ 0, 2, 3 ]
    }, {
      "vertices" : [ 0, 3, 2 ]
    }, {
      "vertices" : [ 0, 2, 1 ]
    } ]
  }, {
    "id" : "270a0676-dfc6-40e1-b63b-4fed02482a90",
    "vertices" : [ {
      "x" : 22.18034,
      "y" : 0.0,
      "z" : 13.708204
    }, {
      "x" : 24.798374,
      "y" : -4.236068,
      "z" : 6.854102
    }, {
      "x" : 24.798374,
      "y" : 4.236068,
      "z" : 6.854102
    }, {
      "x" : 22.18034,
      "y" : 8.472136,
      "z" : 13.708204
    } ],
    "faces" : [ {
      "vertices" : [ 0, 1, 2 ]
    }, {
      "vertices" : [ 0, 2, 3 ]
    }, {
      "vertices" : [ 0, 3, 2 ]
    }, {
      "vertices" : [ 0, 2, 1 ]
    } ]
  }, {
    "id" : "db431155-2a88-4332-a4c3-1ca72401129f",
    "vertices" : [ {
      "x" : 4.236068,
      "y" : -6.854102,
      "z" : 24.798374
    }, {
      "x" : -4.236068,
      "y" : -6.854102,
      "z" : 24.798374
    }, {
      "x" : -4.236068,
      "y" : 1.618034,
      "z" : 24.798374
    }, {
      "x" : 4.236068,
      "y" : 1.618034,
      "z" : 24.798374
    } ],
    "faces" : [ {
      "vertices" : [ 0, 1, 2 ]
    }, {
      "vertices" : [ 0, 2, 3 ]
    }, {
      "vertices" : [ 0, 3, 2 ]
    }, {
      "vertices" : [ 0, 2, 1 ]
    } ]
  }, {
    "id" : "803dadd1-45d9-433d-85c0-4782db780f83",
    "vertices" : [ {
      "x" : 19.562305,
      "y" : 4.236068,
      "z" : -15.326238
    }, {
      "x" : 19.562305,
      "y" : -4.236068,
      "z" : -15.326238
    }, {
      "x" : 22.18034,
      "y" : -8.472136,
      "z" : -8.472136
    }, {
      "x" : 24.798374,
      "y" : -4.236068,
      "z" : -1.618034
    }, {
      "x" : 24.798374,
      "y" : 4.236068,
      "z" : -1.618034
    }, {
      "x" : 22.18034,
      "y" : 8.472136,
      "z" : -8.472136
    } ],
    "faces" : [ {
      "vertices" : [ 0, 1, 2 ]
    }, {
      "vertices" : [ 0, 2, 3 ]
    }, {
      "vertices" : [ 0, 3, 4 ]
    }, {
      "vertices" : [ 0, 4, 5 ]
    }, {
      "vertices" : [ 0, 5, 4 ]
    }, {
      "vertices" : [ 0, 4, 3 ]
    }, {
      "vertices" : [ 0, 3, 2 ]
    }, {
      "vertices" : [ 0, 2, 1 ]
    } ]
  }, {
    "id" : "75ad4086-9452-4bf6-8ff0-bec0230d7ae3",
    "vertices" : [ {
      "x" : -15.326238,
      "y" : -11.09017,
      "z" : 17.944271
    }, {
      "x" : -17.944271,
      "y" : -15.326238,
      "z" : 11.09017
    }, {
      "x" : -22.18034,
      "y" : -8.472136,
      "z" : 8.472136
    }, {
      "x" : -19.562305,
      "y" : -4.236068,
      "z" : 15.326238
    } ],
    "faces" : [ {
      "vertices" : [ 0, 1, 2 ]
    }, {
      "vertices" : [ 0, 2, 3 ]
    }, {
      "vertices" : [ 0, 3, 2 ]
    }, {
      "vertices" : [ 0, 2, 1 ]
    } ]
  }, {
    "id" : "fcd371ab-69a2-4568-9fab-af58e1e0cab7",
    "vertices" : [ {
      "x" : 16.326239,
      "y" : -17.944271,
      "z" : 6.854102
    }, {
      "x" : 20.562305,
      "y" : -11.09017,
      "z" : 9.472136
    }, {
      "x" : 17.944271,
      "y" : -6.854102,
      "z" : 16.326239
    }, {
      "x" : 11.09017,
      "y" : -9.472136,
      "z" : 20.562305
    }, {
      "x" : 6.854102,
      "y" : -16.326239,
      "z" : 17.944271
    }, {
      "x" : 9.472136,
      "y" : -20.562305,
      "z" : 11.09017
    } ],
    "faces" : [ {
      "vertices" : [ 0, 1, 2 ]
    }, {
      "vertices" : [ 0, 2, 3 ]
    }, {
      "vertices" : [ 0, 3, 4 ]
    }, {
      "vertices" : [ 0, 4, 5 ]
    }, {
      "vertices" : [ 0, 5, 4 ]
    }, {
      "vertices" : [ 0, 4, 3 ]
    }, {
      "vertices" : [ 0, 3, 2 ]
    }, {
      "vertices" : [ 0, 2, 1 ]
    } ]
  }, {
    "id" : "1535b577-6255-49d0-832a-11985b2a4140",
    "vertices" : [ {
      "x" : -22.18034,
      "y" : 0.0,
      "z" : -13.708204
    }, {
      "x" : -24.798374,
      "y" : 4.236068,
      "z" : -6.854102
    }, {
      "x" : -20.562305,
      "y" : 11.09017,
      "z" : -9.472136
    }, {
      "x" : -17.944271,
      "y" : 6.854102,
      "z" : -16.326239
    } ],
    "faces" : [ {
      "vertices" : [ 0, 1, 2 ]
    }, {
      "vertices" : [ 0, 2, 3 ]
    }, {
      "vertices" : [ 0, 3, 2 ]
    }, {
      "vertices" : [ 0, 2, 1 ]
    } ]
  }, {
    "id" : "d3227950-2631-4a3a-9fc6-c63602f69f7c",
    "vertices" : [ {
      "x" : 15.326238,
      "y" : 11.09017,
      "z" : -17.944271
    }, {
      "x" : 17.944271,
      "y" : 15.326238,
      "z" : -11.09017
    }, {
      "x" : 11.09017,
      "y" : 17.944271,
      "z" : -15.326238
    }, {
      "x" : 8.472136,
      "y" : 13.708204,
      "z" : -22.18034
    } ],
    "faces" : [ {
      "vertices" : [ 0, 1, 2 ]
    }, {
      "vertices" : [ 0, 2, 3 ]
    }, {
      "vertices" : [ 0, 3, 2 ]
    }, {
      "vertices" : [ 0, 2, 1 ]
    } ]
  }, {
    "id" : "fea5862e-e728-4579-9768-ad73338362af",
    "vertices" : [ {
      "x" : 13.708204,
      "y" : -22.18034,
      "z" : -8.472136
    }, {
      "x" : 11.09017,
      "y" : -17.944271,
      "z" : -15.326238
    }, {
      "x" : 4.236068,
      "y" : -15.326238,
      "z" : -19.562305
    }, {
      "x" : -4.236068,
      "y" : -15.326238,
      "z" : -19.562305
    }, {
      "x" : -11.09017,
      "y" : -17.944271,
      "z" : -15.326238
    }, {
      "x" : -8.472136,
      "y" : -22.18034,
      "z" : -8.472136
    }, {
      "x" : -1.618034,
      "y" : -24.798374,
      "z" : -4.236068
    }, {
      "x" : 6.854102,
      "y" : -24.798374,
      "z" : -4.236068
    } ],
    "faces" : [ {
      "vertices" : [ 0, 1, 2 ]
    }, {
      "vertices" : [ 0, 2, 3 ]
    }, {
      "vertices" : [ 0, 3, 4 ]
    }, {
      "vertices" : [ 0, 4, 5 ]
    }, {
      "vertices" : [ 0, 5, 6 ]
    }, {
      "vertices" : [ 0, 6, 7 ]
    }, {
      "vertices" : [ 0, 7, 6 ]
    }, {
      "vertices" : [ 0, 6, 5 ]
    }, {
      "vertices" : [ 0, 5, 4 ]
    }, {
      "vertices" : [ 0, 4, 3 ]
    }, {
      "vertices" : [ 0, 3, 2 ]
    }, {
      "vertices" : [ 0, 2, 1 ]
    } ]
  }, {
    "id" : "5905f624-ef73-49a7-b1ec-47be9e1ef4c0",
    "vertices" : [ {
      "x" : -6.854102,
      "y" : 24.798374,
      "z" : -4.236068
    }, {
      "x" : -6.854102,
      "y" : 24.798374,
      "z" : 4.236068
    }, {
      "x" : 1.618034,
      "y" : 24.798374,
      "z" : 4.236068
    }, {
      "x" : 1.618034,
      "y" : 24.798374,
      "z" : -4.236068
    } ],
    "faces" : [ {
      "vertices" : [ 0, 1, 2 ]
    }, {
      "vertices" : [ 0, 2, 3 ]
    }, {
      "vertices" : [ 0, 3, 2 ]
    }, {
      "vertices" : [ 0, 2, 1 ]
    } ]
  }, {
    "id" : "81931a05-c0c3-4afe-ad8f-da467e502261",
    "vertices" : [ {
      "x" : 24.798374,
      "y" : -4.236068,
      "z" : -1.618034
    }, {
      "x" : 24.798374,
      "y" : -4.236068,
      "z" : 6.854102
    }, {
      "x" : 24.798374,
      "y" : 4.236068,
      "z" : 6.854102
    }, {
      "x" : 24.798374,
      "y" : 4.236068,
      "z" : -1.618034
    } ],
    "faces" : [ {
      "vertices" : [ 0, 1, 2 ]
    }, {
      "vertices" : [ 0, 2, 3 ]
    }, {
      "vertices" : [ 0, 3, 2 ]
    }, {
      "vertices" : [ 0, 2, 1 ]
    } ]
  }, {
    "id" : "4fededee-241e-42c4-b1b6-d4da031214fa",
    "vertices" : [ {
      "x" : 15.326238,
      "y" : 19.562305,
      "z" : 4.236068
    }, {
      "x" : 8.472136,
      "y" : 22.18034,
      "z" : 8.472136
    }, {
      "x" : 1.618034,
      "y" : 24.798374,
      "z" : 4.236068
    }, {
      "x" : 1.618034,
      "y" : 24.798374,
      "z" : -4.236068
    }, {
      "x" : 8.472136,
      "y" : 22.18034,
      "z" : -8.472136
    }, {
      "x" : 15.326238,
      "y" : 19.562305,
      "z" : -4.236068
    } ],
    "faces" : [ {
      "vertices" : [ 0, 1, 2 ]
    }, {
      "vertices" : [ 0, 2, 3 ]
    }, {
      "vertices" : [ 0, 3, 4 ]
    }, {
      "vertices" : [ 0, 4, 5 ]
    }, {
      "vertices" : [ 0, 5, 4 ]
    }, {
      "vertices" : [ 0, 4, 3 ]
    }, {
      "vertices" : [ 0, 3, 2 ]
    }, {
      "vertices" : [ 0, 2, 1 ]
    } ]
  }, {
    "id" : "b4928d0c-fbd6-4b61-8133-c5ed99faf2ca",
    "vertices" : [ {
      "x" : 22.18034,
      "y" : 0.0,
      "z" : 13.708204
    }, {
      "x" : 24.798374,
      "y" : -4.236068,
      "z" : 6.854102
    }, {
      "x" : 20.562305,
      "y" : -11.09017,
      "z" : 9.472136
    }, {
      "x" : 17.944271,
      "y" : -6.854102,
      "z" : 16.326239
    } ],
    "faces" : [ {
      "vertices" : [ 0, 1, 2 ]
    }, {
      "vertices" : [ 0, 2, 3 ]
    }, {
      "vertices" : [ 0, 3, 2 ]
    }, {
      "vertices" : [ 0, 2, 1 ]
    } ]
  }, {
    "id" : "14f5bae2-2d6e-488d-9131-a4864bea3fb1",
    "vertices" : [ {
      "x" : -17.944271,
      "y" : -15.326238,
      "z" : 11.09017
    }, {
      "x" : -11.09017,
      "y" : -17.944271,
      "z" : 15.326238
    }, {
      "x" : -8.472136,
      "y" : -22.18034,
      "z" : 8.472136
    }, {
      "x" : -15.326238,
      "y" : -19.562305,
      "z" : 4.236068
    } ],
    "faces" : [ {
      "vertices" : [ 0, 1, 2 ]
    }, {
      "vertices" : [ 0, 2, 3 ]
    }, {
      "vertices" : [ 0, 3, 2 ]
    }, {
      "vertices" : [ 0, 2, 1 ]
    } ]
  }, {
    "id" : "3e08fb9e-65fb-4444-acfd-ba6aac108698",
    "vertices" : [ {
      "x" : 15.326238,
      "y" : 11.09017,
      "z" : 17.944271
    }, {
      "x" : 22.18034,
      "y" : 8.472136,
      "z" : 13.708204
    }, {
      "x" : 17.944271,
      "y" : 15.326238,
      "z" : 11.09017
    }, {
      "x" : 11.09017,
      "y" : 17.944271,
      "z" : 15.326238
    } ],
    "faces" : [ {
      "vertices" : [ 0, 1, 2 ]
    }, {
      "vertices" : [ 0, 2, 3 ]
    }, {
      "vertices" : [ 0, 3, 2 ]
    }, {
      "vertices" : [ 0, 2, 1 ]
    } ]
  }, {
    "id" : "5be852fb-8bf9-44af-bb51-f9ac25fb9bd8",
    "vertices" : [ {
      "x" : 8.472136,
      "y" : 8.472136,
      "z" : 22.18034
    }, {
      "x" : 4.236068,
      "y" : 15.326238,
      "z" : 19.562305
    }, {
      "x" : 11.09017,
      "y" : 17.944271,
      "z" : 15.326238
    }, {
      "x" : 15.326238,
      "y" : 11.09017,
      "z" : 17.944271
    } ],
    "faces" : [ {
      "vertices" : [ 0, 1, 2 ]
    }, {
      "vertices" : [ 0, 2, 3 ]
    }, {
      "vertices" : [ 0, 3, 2 ]
    }, {
      "vertices" : [ 0, 2, 1 ]
    } ]
  }, {
    "id" : "0fb2e44c-1a76-4c56-b225-ca339cc123f1",
    "vertices" : [ {
      "x" : 8.472136,
      "y" : 13.708204,
      "z" : -22.18034
    }, {
      "x" : 0.0,
      "y" : 13.708204,
      "z" : -22.18034
    }, {
      "x" : -6.854102,
      "y" : 16.326239,
      "z" : -17.944271
    }, {
      "x" : -9.472136,
      "y" : 20.562305,
      "z" : -11.09017
    }, {
      "x" : -6.854102,
      "y" : 24.798374,
      "z" : -4.236068
    }, {
      "x" : 1.618034,
      "y" : 24.798374,
      "z" : -4.236068
    }, {
      "x" : 8.472136,
      "y" : 22.18034,
      "z" : -8.472136
    }, {
      "x" : 11.09017,
      "y" : 17.944271,
      "z" : -15.326238
    } ],
    "faces" : [ {
      "vertices" : [ 0, 1, 2 ]
    }, {
      "vertices" : [ 0, 2, 3 ]
    }, {
      "vertices" : [ 0, 3, 4 ]
    }, {
      "vertices" : [ 0, 4, 5 ]
    }, {
      "vertices" : [ 0, 5, 6 ]
    }, {
      "vertices" : [ 0, 6, 7 ]
    }, {
      "vertices" : [ 0, 7, 6 ]
    }, {
      "vertices" : [ 0, 6, 5 ]
    }, {
      "vertices" : [ 0, 5, 4 ]
    }, {
      "vertices" : [ 0, 4, 3 ]
    }, {
      "vertices" : [ 0, 3, 2 ]
    }, {
      "vertices" : [ 0, 2, 1 ]
    } ]
  }, {
    "id" : "cc6b54a0-8653-480e-b9f5-80d514ed2654",
    "vertices" : [ {
      "x" : -22.18034,
      "y" : -8.472136,
      "z" : -13.708204
    }, {
      "x" : -17.944271,
      "y" : -15.326238,
      "z" : -11.09017
    }, {
      "x" : -15.326238,
      "y" : -19.562305,
      "z" : -4.236068
    }, {
      "x" : -15.326238,
      "y" : -19.562305,
      "z" : 4.236068
    }, {
      "x" : -17.944271,
      "y" : -15.326238,
      "z" : 11.09017
    }, {
      "x" : -22.18034,
      "y" : -8.472136,
      "z" : 8.472136
    }, {
      "x" : -24.798374,
      "y" : -4.236068,
      "z" : 1.618034
    }, {
      "x" : -24.798374,
      "y" : -4.236068,
      "z" : -6.854102
    } ],
    "faces" : [ {
      "vertices" : [ 0, 1, 2 ]
    }, {
      "vertices" : [ 0, 2, 3 ]
    }, {
      "vertices" : [ 0, 3, 4 ]
    }, {
      "vertices" : [ 0, 4, 5 ]
    }, {
      "vertices" : [ 0, 5, 6 ]
    }, {
      "vertices" : [ 0, 6, 7 ]
    }, {
      "vertices" : [ 0, 7, 6 ]
    }, {
      "vertices" : [ 0, 6, 5 ]
    }, {
      "vertices" : [ 0, 5, 4 ]
    }, {
      "vertices" : [ 0, 4, 3 ]
    }, {
      "vertices" : [ 0, 3, 2 ]
    }, {
      "vertices" : [ 0, 2, 1 ]
    } ]
  }, {
    "id" : "c3f08d5e-3fff-40b3-b895-980c7919588b",
    "vertices" : [ {
      "x" : -8.472136,
      "y" : -13.708204,
      "z" : 22.18034
    }, {
      "x" : -15.326238,
      "y" : -11.09017,
      "z" : 17.944271
    }, {
      "x" : -19.562305,
      "y" : -4.236068,
      "z" : 15.326238
    }, {
      "x" : -19.562305,
      "y" : 4.236068,
      "z" : 15.326238
    }, {
      "x" : -15.326238,
      "y" : 11.09017,
      "z" : 17.944271
    }, {
      "x" : -8.472136,
      "y" : 8.472136,
      "z" : 22.18034
    }, {
      "x" : -4.236068,
      "y" : 1.618034,
      "z" : 24.798374
    }, {
      "x" : -4.236068,
      "y" : -6.854102,
      "z" : 24.798374
    } ],
    "faces" : [ {
      "vertices" : [ 0, 1, 2 ]
    }, {
      "vertices" : [ 0, 2, 3 ]
    }, {
      "vertices" : [ 0, 3, 4 ]
    }, {
      "vertices" : [ 0, 4, 5 ]
    }, {
      "vertices" : [ 0, 5, 6 ]
    }, {
      "vertices" : [ 0, 6, 7 ]
    }, {
      "vertices" : [ 0, 7, 6 ]
    }, {
      "vertices" : [ 0, 6, 5 ]
    }, {
      "vertices" : [ 0, 5, 4 ]
    }, {
      "vertices" : [ 0, 4, 3 ]
    }, {
      "vertices" : [ 0, 3, 2 ]
    }, {
      "vertices" : [ 0, 2, 1 ]
    } ]
  }, {
    "id" : "9230b680-ee28-4cf3-be2e-0b6738e731f0",
    "vertices" : [ {
      "x" : -8.472136,
      "y" : -8.472136,
      "z" : -22.18034
    }, {
      "x" : -4.236068,
      "y" : -15.326238,
      "z" : -19.562305
    }, {
      "x" : -11.09017,
      "y" : -17.944271,
      "z" : -15.326238
    }, {
      "x" : -15.326238,
      "y" : -11.09017,
      "z" : -17.944271
    } ],
    "faces" : [ {
      "vertices" : [ 0, 1, 2 ]
    }, {
      "vertices" : [ 0, 2, 3 ]
    }, {
      "vertices" : [ 0, 3, 2 ]
    }, {
      "vertices" : [ 0, 2, 1 ]
    } ]
  }, {
    "id" : "d7d7c478-e106-40e3-b742-abf0520db941",
    "vertices" : [ {
      "x" : -4.236068,
      "y" : 6.854102,
      "z" : -24.798374
    }, {
      "x" : -4.236068,
      "y" : -1.618034,
      "z" : -24.798374
    }, {
      "x" : -8.472136,
      "y" : -8.472136,
      "z" : -22.18034
    }, {
      "x" : -15.326238,
      "y" : -11.09017,
      "z" : -17.944271
    }, {
      "x" : -22.18034,
      "y" : -8.472136,
      "z" : -13.708204
    }, {
      "x" : -22.18034,
      "y" : 0.0,
      "z" : -13.708204
    }, {
      "x" : -17.944271,
      "y" : 6.854102,
      "z" : -16.326239
    }, {
      "x" : -11.09017,
      "y" : 9.472136,
      "z" : -20.562305
    } ],
    "faces" : [ {
      "vertices" : [ 0, 1, 2 ]
    }, {
      "vertices" : [ 0, 2, 3 ]
    }, {
      "vertices" : [ 0, 3, 4 ]
    }, {
      "vertices" : [ 0, 4, 5 ]
    }, {
      "vertices" : [ 0, 5, 6 ]
    }, {
      "vertices" : [ 0, 6, 7 ]
    }, {
      "vertices" : [ 0, 7, 6 ]
    }, {
      "vertices" : [ 0, 6, 5 ]
    }, {
      "vertices" : [ 0, 5, 4 ]
    }, {
      "vertices" : [ 0, 4, 3 ]
    }, {
      "vertices" : [ 0, 3, 2 ]
    }, {
      "vertices" : [ 0, 2, 1 ]
    } ]
  }, {
    "id" : "dd2cc872-0085-4fe0-bdbe-0eca06fa857c",
    "vertices" : [ {
      "x" : 4.236068,
      "y" : -6.854102,
      "z" : 24.798374
    }, {
      "x" : 4.236068,
      "y" : 1.618034,
      "z" : 24.798374
    }, {
      "x" : 8.472136,
      "y" : 8.472136,
      "z" : 22.18034
    }, {
      "x" : 15.326238,
      "y" : 11.09017,
      "z" : 17.944271
    }, {
      "x" : 22.18034,
      "y" : 8.472136,
      "z" : 13.708204
    }, {
      "x" : 22.18034,
      "y" : 0.0,
      "z" : 13.708204
    }, {
      "x" : 17.944271,
      "y" : -6.854102,
      "z" : 16.326239
    }, {
      "x" : 11.09017,
      "y" : -9.472136,
      "z" : 20.562305
    } ],
    "faces" : [ {
      "vertices" : [ 0, 1, 2 ]
    }, {
      "vertices" : [ 0, 2, 3 ]
    }, {
      "vertices" : [ 0, 3, 4 ]
    }, {
      "vertices" : [ 0, 4, 5 ]
    }, {
      "vertices" : [ 0, 5, 6 ]
    }, {
      "vertices" : [ 0, 6, 7 ]
    }, {
      "vertices" : [ 0, 7, 6 ]
    }, {
      "vertices" : [ 0, 6, 5 ]
    }, {
      "vertices" : [ 0, 5, 4 ]
    }, {
      "vertices" : [ 0, 4, 3 ]
    }, {
      "vertices" : [ 0, 3, 2 ]
    }, {
      "vertices" : [ 0, 2, 1 ]
    } ]
  }, {
    "id" : "4cf2a341-e583-4cee-8e95-30d3ca69f0b2",
    "vertices" : [ {
      "x" : 22.18034,
      "y" : 8.472136,
      "z" : 13.708204
    }, {
      "x" : 17.944271,
      "y" : 15.326238,
      "z" : 11.09017
    }, {
      "x" : 15.326238,
      "y" : 19.562305,
      "z" : 4.236068
    }, {
      "x" : 15.326238,
      "y" : 19.562305,
      "z" : -4.236068
    }, {
      "x" : 17.944271,
      "y" : 15.326238,
      "z" : -11.09017
    }, {
      "x" : 22.18034,
      "y" : 8.472136,
      "z" : -8.472136
    }, {
      "x" : 24.798374,
      "y" : 4.236068,
      "z" : -1.618034
    }, {
      "x" : 24.798374,
      "y" : 4.236068,
      "z" : 6.854102
    } ],
    "faces" : [ {
      "vertices" : [ 0, 1, 2 ]
    }, {
      "vertices" : [ 0, 2, 3 ]
    }, {
      "vertices" : [ 0, 3, 4 ]
    }, {
      "vertices" : [ 0, 4, 5 ]
    }, {
      "vertices" : [ 0, 5, 6 ]
    }, {
      "vertices" : [ 0, 6, 7 ]
    }, {
      "vertices" : [ 0, 7, 6 ]
    }, {
      "vertices" : [ 0, 6, 5 ]
    }, {
      "vertices" : [ 0, 5, 4 ]
    }, {
      "vertices" : [ 0, 4, 3 ]
    }, {
      "vertices" : [ 0, 3, 2 ]
    }, {
      "vertices" : [ 0, 2, 1 ]
    } ]
  }, {
    "id" : "0b72831d-8529-4957-b611-22fb834364bb",
    "vertices" : [ {
      "x" : -4.236068,
      "y" : 1.618034,
      "z" : 24.798374
    }, {
      "x" : 4.236068,
      "y" : 1.618034,
      "z" : 24.798374
    }, {
      "x" : 8.472136,
      "y" : 8.472136,
      "z" : 22.18034
    }, {
      "x" : 4.236068,
      "y" : 15.326238,
      "z" : 19.562305
    }, {
      "x" : -4.236068,
      "y" : 15.326238,
      "z" : 19.562305
    }, {
      "x" : -8.472136,
      "y" : 8.472136,
      "z" : 22.18034
    } ],
    "faces" : [ {
      "vertices" : [ 0, 1, 2 ]
    }, {
      "vertices" : [ 0, 2, 3 ]
    }, {
      "vertices" : [ 0, 3, 4 ]
    }, {
      "vertices" : [ 0, 4, 5 ]
    }, {
      "vertices" : [ 0, 5, 4 ]
    }, {
      "vertices" : [ 0, 4, 3 ]
    }, {
      "vertices" : [ 0, 3, 2 ]
    }, {
      "vertices" : [ 0, 2, 1 ]
    } ]
  }, {
    "id" : "9cb9cd88-d02f-49d9-930d-e507136124ca",
    "vertices" : [ {
      "x" : 13.708204,
      "y" : -22.18034,
      "z" : 0.0
    }, {
      "x" : 6.854102,
      "y" : -24.798374,
      "z" : 4.236068
    }, {
      "x" : 9.472136,
      "y" : -20.562305,
      "z" : 11.09017
    }, {
      "x" : 16.326239,
      "y" : -17.944271,
      "z" : 6.854102
    } ],
    "faces" : [ {
      "vertices" : [ 0, 1, 2 ]
    }, {
      "vertices" : [ 0, 2, 3 ]
    }, {
      "vertices" : [ 0, 3, 2 ]
    }, {
      "vertices" : [ 0, 2, 1 ]
    } ]
  }, {
    "id" : "6b255751-35b8-4ab7-9519-4ea7750716af",
    "vertices" : [ {
      "x" : -15.326238,
      "y" : 11.09017,
      "z" : 17.944271
    }, {
      "x" : -17.944271,
      "y" : 15.326238,
      "z" : 11.09017
    }, {
      "x" : -22.18034,
      "y" : 8.472136,
      "z" : 8.472136
    }, {
      "x" : -19.562305,
      "y" : 4.236068,
      "z" : 15.326238
    } ],
    "faces" : [ {
      "vertices" : [ 0, 1, 2 ]
    }, {
      "vertices" : [ 0, 2, 3 ]
    }, {
      "vertices" : [ 0, 3, 2 ]
    }, {
      "vertices" : [ 0, 2, 1 ]
    } ]
  }, {
    "id" : "d23e5dbe-13f1-483a-b579-075429deb232",
    "vertices" : [ {
      "x" : -6.854102,
      "y" : 24.798374,
      "z" : -4.236068
    }, {
      "x" : -6.854102,
      "y" : 24.798374,
      "z" : 4.236068
    }, {
      "x" : -13.708204,
      "y" : 22.18034,
      "z" : 8.472136
    }, {
      "x" : -13.708204,
      "y" : 22.18034,
      "z" : 0.0
    } ],
    "faces" : [ {
      "vertices" : [ 0, 1, 2 ]
    }, {
      "vertices" : [ 0, 2, 3 ]
    }, {
      "vertices" : [ 0, 3, 2 ]
    }, {
      "vertices" : [ 0, 2, 1 ]
    } ]
  }, {
    "id" : "d6d16c49-8944-4359-aad7-86d19051abbb",
    "vertices" : [ {
      "x" : -15.326238,
      "y" : -19.562305,
      "z" : -4.236068
    }, {
      "x" : -8.472136,
      "y" : -22.18034,
      "z" : -8.472136
    }, {
      "x" : -1.618034,
      "y" : -24.798374,
      "z" : -4.236068
    }, {
      "x" : -1.618034,
      "y" : -24.798374,
      "z" : 4.236068
    }, {
      "x" : -8.472136,
      "y" : -22.18034,
      "z" : 8.472136
    }, {
      "x" : -15.326238,
      "y" : -19.562305,
      "z" : 4.236068
    } ],
    "faces" : [ {
      "vertices" : [ 0, 1, 2 ]
    }, {
      "vertices" : [ 0, 2, 3 ]
    }, {
      "vertices" : [ 0, 3, 4 ]
    }, {
      "vertices" : [ 0, 4, 5 ]
    }, {
      "vertices" : [ 0, 5, 4 ]
    }, {
      "vertices" : [ 0, 4, 3 ]
    }, {
      "vertices" : [ 0, 3, 2 ]
    }, {
      "vertices" : [ 0, 2, 1 ]
    } ]
  }, {
    "id" : "1843e705-c119-4ce7-bb0f-0dbdbc9ab69e",
    "vertices" : [ {
      "x" : -24.798374,
      "y" : 4.236068,
      "z" : 1.618034
    }, {
      "x" : -24.798374,
      "y" : 4.236068,
      "z" : -6.854102
    }, {
      "x" : -24.798374,
      "y" : -4.236068,
      "z" : -6.854102
    }, {
      "x" : -24.798374,
      "y" : -4.236068,
      "z" : 1.618034
    } ],
    "faces" : [ {
      "vertices" : [ 0, 1, 2 ]
    }, {
      "vertices" : [ 0, 2, 3 ]
    }, {
      "vertices" : [ 0, 3, 2 ]
    }, {
      "vertices" : [ 0, 2, 1 ]
    } ]
  }, {
    "id" : "b13d0fbd-240d-4075-87ec-d214b70bd8ff",
    "vertices" : [ {
      "x" : -13.708204,
      "y" : 22.18034,
      "z" : 8.472136
    }, {
      "x" : -11.09017,
      "y" : 17.944271,
      "z" : 15.326238
    }, {
      "x" : -15.326238,
      "y" : 11.09017,
      "z" : 17.944271
    }, {
      "x" : -17.944271,
      "y" : 15.326238,
      "z" : 11.09017
    } ],
    "faces" : [ {
      "vertices" : [ 0, 1, 2 ]
    }, {
      "vertices" : [ 0, 2, 3 ]
    }, {
      "vertices" : [ 0, 3, 2 ]
    }, {
      "vertices" : [ 0, 2, 1 ]
    } ]
  }, {
    "id" : "731538c5-266b-467e-b00e-63fb67ea57ae",
    "vertices" : [ {
      "x" : 15.326238,
      "y" : 11.09017,
      "z" : -17.944271
    }, {
      "x" : 17.944271,
      "y" : 15.326238,
      "z" : -11.09017
    }, {
      "x" : 22.18034,
      "y" : 8.472136,
      "z" : -8.472136
    }, {
      "x" : 19.562305,
      "y" : 4.236068,
      "z" : -15.326238
    } ],
    "faces" : [ {
      "vertices" : [ 0, 1, 2 ]
    }, {
      "vertices" : [ 0, 2, 3 ]
    }, {
      "vertices" : [ 0, 3, 2 ]
    }, {
      "vertices" : [ 0, 2, 1 ]
    } ]
  }, {
    "id" : "b695ae78-fd1c-4121-b104-0b16e470f867",
    "vertices" : [ {
      "x" : -19.562305,
      "y" : -4.236068,
      "z" : 15.326238
    }, {
      "x" : -19.562305,
      "y" : 4.236068,
      "z" : 15.326238
    }, {
      "x" : -22.18034,
      "y" : 8.472136,
      "z" : 8.472136
    }, {
      "x" : -24.798374,
      "y" : 4.236068,
      "z" : 1.618034
    }, {
      "x" : -24.798374,
      "y" : -4.236068,
      "z" : 1.618034
    }, {
      "x" : -22.18034,
      "y" : -8.472136,
      "z" : 8.472136
    } ],
    "faces" : [ {
      "vertices" : [ 0, 1, 2 ]
    }, {
      "vertices" : [ 0, 2, 3 ]
    }, {
      "vertices" : [ 0, 3, 4 ]
    }, {
      "vertices" : [ 0, 4, 5 ]
    }, {
      "vertices" : [ 0, 5, 4 ]
    }, {
      "vertices" : [ 0, 4, 3 ]
    }, {
      "vertices" : [ 0, 3, 2 ]
    }, {
      "vertices" : [ 0, 2, 1 ]
    } ]
  }, {
    "id" : "dbc85788-557c-4212-a6a2-e9ca005c736d",
    "vertices" : [ {
      "x" : -8.472136,
      "y" : -13.708204,
      "z" : 22.18034
    }, {
      "x" : 0.0,
      "y" : -13.708204,
      "z" : 22.18034
    }, {
      "x" : 6.854102,
      "y" : -16.326239,
      "z" : 17.944271
    }, {
      "x" : 9.472136,
      "y" : -20.562305,
      "z" : 11.09017
    }, {
      "x" : 6.854102,
      "y" : -24.798374,
      "z" : 4.236068
    }, {
      "x" : -1.618034,
      "y" : -24.798374,
      "z" : 4.236068
    }, {
      "x" : -8.472136,
      "y" : -22.18034,
      "z" : 8.472136
    }, {
      "x" : -11.09017,
      "y" : -17.944271,
      "z" : 15.326238
    } ],
    "faces" : [ {
      "vertices" : [ 0, 1, 2 ]
    }, {
      "vertices" : [ 0, 2, 3 ]
    }, {
      "vertices" : [ 0, 3, 4 ]
    }, {
      "vertices" : [ 0, 4, 5 ]
    }, {
      "vertices" : [ 0, 5, 6 ]
    }, {
      "vertices" : [ 0, 6, 7 ]
    }, {
      "vertices" : [ 0, 7, 6 ]
    }, {
      "vertices" : [ 0, 6, 5 ]
    }, {
      "vertices" : [ 0, 5, 4 ]
    }, {
      "vertices" : [ 0, 4, 3 ]
    }, {
      "vertices" : [ 0, 3, 2 ]
    }, {
      "vertices" : [ 0, 2, 1 ]
    } ]
  }, {
