{
  "polygons" : "true",
  "field" : "golden",
  "symmetry" : "icosahedral",
  "orientations" : [ [ 1.0, 0.0, 0.0, 0.0, 0.0, 1.0, 0.0, 0.0, 0.0, 0.0, 1.0, 0.0, 0.0, 0.0, 0.0, 1.0 ], [ 0.0, 0.0, 1.0, 0.0, 1.0, 0.0, 0.0, 0.0, 0.0, 1.0, 0.0, 0.0, 0.0, 0.0, 0.0, 1.0 ], [ 0.0, 1.0, 0.0, 0.0, 0.0, 0.0, 1.0, 0.0, 1.0, 0.0, 0.0, 0.0, 0.0, 0.0, 0.0, 1.0 ], [ 0.809017, 0.309017, 0.5, 0.0, 0.309017, 0.5, -0.809017, 0.0, -0.5, 0.809017, 0.309017, 0.0, 0.0, 0.0, 0.0, 1.0 ], [ -0.5, 0.809017, 0.309017, 0.0, 0.809017, 0.309017, 0.5, 0.0, 0.309017, 0.5, -0.809017, 0.0, 0.0, 0.0, 0.0, 1.0 ], [ 0.309017, 0.5, -0.809017, 0.0, -0.5, 0.809017, 0.309017, 0.0, 0.809017, 0.309017, 0.5, 0.0, 0.0, 0.0, 0.0, 1.0 ], [ 0.5, 0.809017, 0.309017, 0.0, 0.809017, -0.309017, -0.5, 0.0, -0.309017, 0.5, -0.809017, 0.0, 0.0, 0.0, 0.0, 1.0 ], [ -0.309017, 0.5, -0.809017, 0.0, 0.5, 0.809017, 0.309017, 0.0, 0.809017, -0.309017, -0.5, 0.0, 0.0, 0.0, 0.0, 1.0 ], [ 0.809017, -0.309017, -0.5, 0.0, -0.309017, 0.5, -0.809017, 0.0, 0.5, 0.809017, 0.309017, 0.0, 0.0, 0.0, 0.0, 1.0 ], [ 0.5, 0.809017, -0.309017, 0.0, 0.809017, -0.309017, 0.5, 0.0, 0.309017, -0.5, -0.809017, 0.0, 0.0, 0.0, 0.0, 1.0 ], [ 0.309017, -0.5, -0.809017, 0.0, 0.5, 0.809017, -0.309017, 0.0, 0.809017, -0.309017, 0.5, 0.0, 0.0, 0.0, 0.0, 1.0 ], [ 0.809017, -0.309017, 0.5, 0.0, 0.309017, -0.5, -0.809017, 0.0, 0.5, 0.809017, -0.309017, 0.0, 0.0, 0.0, 0.0, 1.0 ], [ 0.809017, 0.309017, -0.5, 0.0, 0.309017, 0.5, 0.809017, 0.0, 0.5, -0.809017, 0.309017, 0.0, 0.0, 0.0, 0.0, 1.0 ], [ 0.5, -0.809017, 0.309017, 0.0, 0.809017, 0.309017, -0.5, 0.0, 0.309017, 0.5, 0.809017, 0.0, 0.0, 0.0, 0.0, 1.0 ], [ 0.309017, 0.5, 0.809017, 0.0, 0.5, -0.809017, 0.309017, 0.0, 0.809017, 0.309017, -0.5, 0.0, 0.0, 0.0, 0.0, 1.0 ], [ 1.0, 0.0, 0.0, 0.0, 0.0, -1.0, 0.0, 0.0, 0.0, 0.0, -1.0, 0.0, 0.0, 0.0, 0.0, 1.0 ], [ 0.0, 0.0, 1.0, 0.0, -1.0, 0.0, 0.0, 0.0, 0.0, -1.0, 0.0, 0.0, 0.0, 0.0, 0.0, 1.0 ], [ 0.0, 1.0, 0.0, 0.0, 0.0, 0.0, -1.0, 0.0, -1.0, 0.0, 0.0, 0.0, 0.0, 0.0, 0.0, 1.0 ], [ 0.809017, 0.309017, 0.5, 0.0, -0.309017, -0.5, 0.809017, 0.0, 0.5, -0.809017, -0.309017, 0.0, 0.0, 0.0, 0.0, 1.0 ], [ -0.5, 0.809017, 0.309017, 0.0, -0.809017, -0.309017, -0.5, 0.0, -0.309017, -0.5, 0.809017, 0.0, 0.0, 0.0, 0.0, 1.0 ], [ 0.309017, 0.5, -0.809017, 0.0, 0.5, -0.809017, -0.309017, 0.0, -0.809017, -0.309017, -0.5, 0.0, 0.0, 0.0, 0.0, 1.0 ], [ 0.5, 0.809017, 0.309017, 0.0, -0.809017, 0.309017, 0.5, 0.0, 0.309017, -0.5, 0.809017, 0.0, 0.0, 0.0, 0.0, 1.0 ], [ -0.309017, 0.5, -0.809017, 0.0, -0.5, -0.809017, -0.309017, 0.0, -0.809017, 0.309017, 0.5, 0.0, 0.0, 0.0, 0.0, 1.0 ], [ 0.809017, -0.309017, -0.5, 0.0, 0.309017, -0.5, 0.809017, 0.0, -0.5, -0.809017, -0.309017, 0.0, 0.0, 0.0, 0.0, 1.0 ], [ 0.5, 0.809017, -0.309017, 0.0, -0.809017, 0.309017, -0.5, 0.0, -0.309017, 0.5, 0.809017, 0.0, 0.0, 0.0, 0.0, 1.0 ], [ 0.309017, -0.5, -0.809017, 0.0, -0.5, -0.809017, 0.309017, 0.0, -0.809017, 0.309017, -0.5, 0.0, 0.0, 0.0, 0.0, 1.0 ], [ 0.809017, -0.309017, 0.5, 0.0, -0.309017, 0.5, 0.809017, 0.0, -0.5, -0.809017, 0.309017, 0.0, 0.0, 0.0, 0.0, 1.0 ], [ 0.809017, 0.309017, -0.5, 0.0, -0.309017, -0.5, -0.809017, 0.0, -0.5, 0.809017, -0.309017, 0.0, 0.0, 0.0, 0.0, 1.0 ], [ 0.5, -0.809017, 0.309017, 0.0, -0.809017, -0.309017, 0.5, 0.0, -0.309017, -0.5, -0.809017, 0.0, 0.0, 0.0, 0.0, 1.0 ], [ 0.309017, 0.5, 0.809017, 0.0, -0.5, 0.809017, -0.309017, 0.0, -0.809017, -0.309017, 0.5, 0.0, 0.0, 0.0, 0.0, 1.0 ], [ -1.0, 0.0, 0.0, 0.0, 0.0, -1.0, 0.0, 0.0, 0.0, 0.0, 1.0, 0.0, 0.0, 0.0, 0.0, 1.0 ], [ 0.0, 0.0, -1.0, 0.0, -1.0, 0.0, 0.0, 0.0, 0.0, 1.0, 0.0, 0.0, 0.0, 0.0, 0.0, 1.0 ], [ 0.0, -1.0, 0.0, 0.0, 0.0, 0.0, -1.0, 0.0, 1.0, 0.0, 0.0, 0.0, 0.0, 0.0, 0.0, 1.0 ], [ -0.809017, -0.309017, -0.5, 0.0, -0.309017, -0.5, 0.809017, 0.0, -0.5, 0.809017, 0.309017, 0.0, 0.0, 0.0, 0.0, 1.0 ], [ 0.5, -0.809017, -0.309017, 0.0, -0.809017, -0.309017, -0.5, 0.0, 0.309017, 0.5, -0.809017, 0.0, 0.0, 0.0, 0.0, 1.0 ], [ -0.309017, -0.5, 0.809017, 0.0, 0.5, -0.809017, -0.309017, 0.0, 0.809017, 0.309017, 0.5, 0.0, 0.0, 0.0, 0.0, 1.0 ], [ -0.5, -0.809017, -0.309017, 0.0, -0.809017, 0.309017, 0.5, 0.0, -0.309017, 0.5, -0.809017, 0.0, 0.0, 0.0, 0.0, 1.0 ], [ 0.309017, -0.5, 0.809017, 0.0, -0.5, -0.809017, -0.309017, 0.0, 0.809017, -0.309017, -0.5, 0.0, 0.0, 0.0, 0.0, 1.0 ], [ -0.809017, 0.309017, 0.5, 0.0, 0.309017, -0.5, 0.809017, 0.0, 0.5, 0.809017, 0.309017, 0.0, 0.0, 0.0, 0.0, 1.0 ], [ -0.5, -0.809017, 0.309017, 0.0, -0.809017, 0.309017, -0.5, 0.0, 0.309017, -0.5, -0.809017, 0.0, 0.0, 0.0, 0.0, 1.0 ], [ -0.309017, 0.5, 0.809017, 0.0, -0.5, -0.809017, 0.309017, 0.0, 0.809017, -0.309017, 0.5, 0.0, 0.0, 0.0, 0.0, 1.0 ], [ -0.809017, 0.309017, -0.5, 0.0, -0.309017, 0.5, 0.809017, 0.0, 0.5, 0.809017, -0.309017, 0.0, 0.0, 0.0, 0.0, 1.0 ], [ -0.809017, -0.309017, 0.5, 0.0, -0.309017, -0.5, -0.809017, 0.0, 0.5, -0.809017, 0.309017, 0.0, 0.0, 0.0, 0.0, 1.0 ], [ -0.5, 0.809017, -0.309017, 0.0, -0.809017, -0.309017, 0.5, 0.0, 0.309017, 0.5, 0.809017, 0.0, 0.0, 0.0, 0.0, 1.0 ], [ -0.309017, -0.5, -0.809017, 0.0, -0.5, 0.809017, -0.309017, 0.0, 0.809017, 0.309017, -0.5, 0.0, 0.0, 0.0, 0.0, 1.0 ], [ -1.0, 0.0, 0.0, 0.0, 0.0, 1.0, 0.0, 0.0, 0.0, 0.0, -1.0, 0.0, 0.0, 0.0, 0.0, 1.0 ], [ 0.0, 0.0, -1.0, 0.0, 1.0, 0.0, 0.0, 0.0, 0.0, -1.0, 0.0, 0.0, 0.0, 0.0, 0.0, 1.0 ], [ 0.0, -1.0, 0.0, 0.0, 0.0, 0.0, 1.0, 0.0, -1.0, 0.0, 0.0, 0.0, 0.0, 0.0, 0.0, 1.0 ], [ -0.809017, -0.309017, -0.5, 0.0, 0.309017, 0.5, -0.809017, 0.0, 0.5, -0.809017, -0.309017, 0.0, 0.0, 0.0, 0.0, 1.0 ], [ 0.5, -0.809017, -0.309017, 0.0, 0.809017, 0.309017, 0.5, 0.0, -0.309017, -0.5, 0.809017, 0.0, 0.0, 0.0, 0.0, 1.0 ], [ -0.309017, -0.5, 0.809017, 0.0, -0.5, 0.809017, 0.309017, 0.0, -0.809017, -0.309017, -0.5, 0.0, 0.0, 0.0, 0.0, 1.0 ], [ -0.5, -0.809017, -0.309017, 0.0, 0.809017, -0.309017, -0.5, 0.0, 0.309017, -0.5, 0.809017, 0.0, 0.0, 0.0, 0.0, 1.0 ], [ 0.309017, -0.5, 0.809017, 0.0, 0.5, 0.809017, 0.309017, 0.0, -0.809017, 0.309017, 0.5, 0.0, 0.0, 0.0, 0.0, 1.0 ], [ -0.809017, 0.309017, 0.5, 0.0, -0.309017, 0.5, -0.809017, 0.0, -0.5, -0.809017, -0.309017, 0.0, 0.0, 0.0, 0.0, 1.0 ], [ -0.5, -0.809017, 0.309017, 0.0, 0.809017, -0.309017, 0.5, 0.0, -0.309017, 0.5, 0.809017, 0.0, 0.0, 0.0, 0.0, 1.0 ], [ -0.309017, 0.5, 0.809017, 0.0, 0.5, 0.809017, -0.309017, 0.0, -0.809017, 0.309017, -0.5, 0.0, 0.0, 0.0, 0.0, 1.0 ], [ -0.809017, 0.309017, -0.5, 0.0, 0.309017, -0.5, -0.809017, 0.0, -0.5, -0.809017, 0.309017, 0.0, 0.0, 0.0, 0.0, 1.0 ], [ -0.809017, -0.309017, 0.5, 0.0, 0.309017, 0.5, 0.809017, 0.0, -0.5, 0.809017, -0.309017, 0.0, 0.0, 0.0, 0.0, 1.0 ], [ -0.5, 0.809017, -0.309017, 0.0, 0.809017, 0.309017, -0.5, 0.0, -0.309017, -0.5, -0.809017, 0.0, 0.0, 0.0, 0.0, 1.0 ], [ -0.309017, -0.5, -0.809017, 0.0, 0.5, -0.809017, 0.309017, 0.0, -0.809017, -0.309017, 0.5, 0.0, 0.0, 0.0, 0.0, 1.0 ] ],
  "lights" : {
    "backgroundColor" : "#CCCCCC",
    "ambientColor" : "#292929",
    "directionalLights" : [ {
      "direction" : [ 1.0, -1.0, -1.0 ],
      "color" : "#EBEBE4"
    }, {
      "direction" : [ -1.0, 0.0, 0.0 ],
      "color" : "#E4E4EB"
    }, {
      "direction" : [ 0.0, 0.0, -1.0 ],
      "color" : "#1E1E1E"
    } ]
  },
  "camera" : {
    "lookDirection" : {
      "x" : -0.12852634,
      "y" : 0.85328686,
      "z" : -0.50533986
    },
    "upDirection" : {
      "x" : 0.9915894,
      "y" : 0.10324768,
      "z" : -0.07786007
    },
    "lookAtPoint" : {
      "x" : 0.0,
      "y" : 0.0,
      "z" : 0.0
    },
    "perspective" : true,
    "viewDistance" : 74.357124,
    "nearClipDistance" : 0.18589291,
    "farClipDistance" : 148.71413,
    "fieldOfView" : 0.44262886,
    "stereo" : false,
    "width" : 33.460705,
    "position" : {
      "x" : 9.5568495,
      "y" : -63.447956,
      "z" : 37.57562
    }
  },
  "embedding" : [ 1.0, 0.0, 0.0, 0.0, 0.0, 1.0, 0.0, 0.0, 0.0, 0.0, 1.0, 0.0, 0.0, 0.0, 0.0, 1.0 ],
  "shapes" : [ {
    "id" : "41663d77-bcf2-40f6-a75d-26b775712787",
    "name" : "ball",
    "vertices" : [ {
      "x" : 0.309017,
      "y" : -0.309017,
      "z" : -0.309017
    }, {
      "x" : 0.5,
      "y" : 0.0,
      "z" : -0.19098301
    }, {
      "x" : 0.5,
      "y" : 0.0,
      "z" : 0.19098301
    }, {
      "x" : 0.309017,
      "y" : -0.309017,
      "z" : 0.309017
    }, {
      "x" : 0.19098301,
      "y" : -0.5,
      "z" : 0.0
    }, {
      "x" : 0.0,
      "y" : 0.19098301,
      "z" : 0.5
    }, {
      "x" : 0.0,
      "y" : -0.19098301,
      "z" : 0.5
    }, {
      "x" : 0.309017,
      "y" : 0.309017,
      "z" : 0.309017
    }, {
      "x" : -0.309017,
      "y" : -0.309017,
      "z" : 0.309017
    }, {
      "x" : -0.309017,
      "y" : 0.309017,
      "z" : 0.309017
    }, {
      "x" : -0.5,
      "y" : 0.0,
      "z" : 0.19098301
    }, {
      "x" : 0.0,
      "y" : -0.19098301,
      "z" : -0.5
    }, {
      "x" : 0.0,
      "y" : 0.19098301,
      "z" : -0.5
    }, {
      "x" : 0.309017,
      "y" : 0.309017,
      "z" : -0.309017
    }, {
      "x" : -0.309017,
      "y" : -0.309017,
      "z" : -0.309017
    }, {
      "x" : -0.19098301,
      "y" : -0.5,
      "z" : 0.0
    }, {
      "x" : -0.5,
      "y" : 0.0,
      "z" : -0.19098301
    }, {
      "x" : 0.19098301,
      "y" : 0.5,
      "z" : 0.0
    }, {
      "x" : -0.309017,
      "y" : 0.309017,
      "z" : -0.309017
    }, {
      "x" : 0.0,
      "y" : 0.0,
      "z" : 0.0
    }, {
      "x" : -0.19098301,
      "y" : 0.5,
      "z" : 0.0
    } ],
    "faces" : [ {
      "vertices" : [ 12, 18, 20, 17, 13 ]
    }, {
      "vertices" : [ 3, 6, 8, 15, 4 ]
    }, {
      "vertices" : [ 0, 11, 12, 13, 1 ]
    }, {
      "vertices" : [ 5, 9, 10, 8, 6 ]
    }, {
      "vertices" : [ 2, 7, 5, 6, 3 ]
    }, {
      "vertices" : [ 11, 14, 16, 18, 12 ]
    }, {
      "vertices" : [ 1, 13, 17, 7, 2 ]
    }, {
      "vertices" : [ 9, 20, 18, 16, 10 ]
    }, {
      "vertices" : [ 0, 1, 2, 3, 4 ]
    }, {
      "vertices" : [ 5, 7, 17, 20, 9 ]
    }, {
      "vertices" : [ 0, 4, 15, 14, 11 ]
    }, {
      "vertices" : [ 8, 10, 16, 14, 15 ]
    } ]
  }, {
    "id" : "79a91d58-7cbf-40e3-b4e3-e60c2434d5fb",
    "orbit" : "yellow",
    "orbitC" : "[[0,0,1],[2,-1,1]]",
    "length" : "[1,0,1]",
    "name" : "y1",
    "vertices" : [ {
      "x" : 6.854102,
      "y" : 0.0,
      "z" : -2.618034
    }, {
      "x" : 6.545085,
      "y" : 0.0,
      "z" : -2.5
    }, {
      "x" : 6.1405764,
      "y" : -0.1545085,
      "z" : -2.059017
    }, {
      "x" : 5.9495935,
      "y" : -0.1545085,
      "z" : -2.559017
    }, {
      "x" : 0.9045085,
      "y" : -0.1545085,
      "z" : -0.059016995
    }, {
      "x" : 0.809017,
      "y" : 0.309017,
      "z" : -0.309017
    }, {
      "x" : 0.309017,
      "y" : 0.0,
      "z" : -0.11803399
    }, {
      "x" : 6.045085,
      "y" : 0.309017,
      "z" : -2.309017
    }, {
      "x" : 0.7135255,
      "y" : -0.1545085,
      "z" : -0.559017
    } ],
    "faces" : [ {
      "vertices" : [ 2, 4, 8, 3 ]
    }, {
      "vertices" : [ 2, 7, 5, 4 ]
    }, {
      "vertices" : [ 4, 6, 8 ]
    }, {
      "vertices" : [ 5, 8, 6 ]
    }, {
      "vertices" : [ 1, 2, 3 ]
    }, {
      "vertices" : [ 3, 8, 5, 7 ]
    }, {
      "vertices" : [ 1, 7, 2 ]
    }, {
      "vertices" : [ 1, 3, 7 ]
    }, {
      "vertices" : [ 4, 5, 6 ]
    } ]
  }, {
    "id" : "af68e138-2869-40c8-aad1-b87058b964e7",
    "vertices" : [ {
      "x" : 0.0,
      "y" : 0.0,
      "z" : 0.0
    }, {
      "x" : 2.618034,
      "y" : -6.854102,
      "z" : 0.0
    }, {
      "x" : 2.618034,
      "y" : -9.472136,
      "z" : -6.854102
    }, {
      "x" : 0.0,
      "y" : -2.618034,
      "z" : -6.854102
    } ],
    "faces" : [ {
      "vertices" : [ 0, 1, 2, 3 ]
    }, {
      "vertices" : [ 0, 3, 2, 1 ]
    } ]
  }, {
    "id" : "5326222e-210a-4c89-a4b6-93ae099300ce",
    "orbit" : "blue",
    "orbitC" : "[[0,0,1],[0,0,1]]",
    "length" : "[1,0,1]",
    "name" : "b1",
    "vertices" : [ {
      "x" : 1.0,
      "y" : 0.309017,
      "z" : 0.19098301
    }, {
      "x" : 1.0,
      "y" : -0.309017,
      "z" : 0.19098301
    }, {
      "x" : 7.472136,
      "y" : -0.309017,
      "z" : 0.19098301
    }, {
      "x" : 7.472136,
      "y" : 0.309017,
      "z" : 0.19098301
    }, {
      "x" : 7.472136,
      "y" : -0.309017,
      "z" : -0.19098301
    }, {
      "x" : 7.472136,
      "y" : 0.309017,
      "z" : -0.19098301
    }, {
      "x" : 8.09017,
      "y" : 0.0,
      "z" : 0.0
    }, {
      "x" : 0.38196602,
      "y" : 0.0,
      "z" : 0.0
    }, {
      "x" : 1.0,
      "y" : 0.309017,
      "z" : -0.19098301
    }, {
      "x" : 1.0,
      "y" : -0.309017,
      "z" : -0.19098301
    }, {
      "x" : 8.472136,
      "y" : 0.0,
      "z" : 0.0
    } ],
    "faces" : [ {
      "vertices" : [ 1, 9, 4, 2 ]
    }, {
      "vertices" : [ 0, 3, 5, 8 ]
    }, {
      "vertices" : [ 1, 7, 9 ]
    }, {
      "vertices" : [ 0, 1, 2, 3 ]
    }, {
      "vertices" : [ 7, 8, 9 ]
    }, {
      "vertices" : [ 0, 7, 1 ]
    }, {
      "vertices" : [ 4, 9, 8, 5 ]
    }, {
      "vertices" : [ 2, 6, 3 ]
    }, {
      "vertices" : [ 2, 4, 6 ]
    }, {
      "vertices" : [ 3, 6, 5 ]
    }, {
      "vertices" : [ 4, 5, 6 ]
    }, {
      "vertices" : [ 0, 8, 7 ]
    } ]
  }, {
    "id" : "876b2a91-655e-4035-ad44-d7b2ab8cbd2c",
    "orbit" : "turquoise",
    "orbitC" : "[[2,-1,2],[-3,2,2]]",
    "length" : "[0,1,2]",
    "name" : " :1/2*phi",
    "vertices" : [ {
      "x" : 1.236068,
      "y" : 0.54508495,
      "z" : 0.33688104
    }, {
      "x" : 1.236068,
      "y" : -0.072949015,
      "z" : 0.33688104
    }, {
      "x" : 5.618034,
      "y" : 0.76393205,
      "z" : 0.85410196
    }, {
      "x" : 5.618034,
      "y" : 1.381966,
      "z" : 0.85410196
    }, {
      "x" : 6.854102,
      "y" : 1.309017,
      "z" : 0.809017
    }, {
      "x" : 0.295686,
      "y" : 0.056471,
      "z" : 0.034900997
    }, {
      "x" : 1.236068,
      "y" : 0.54508495,
      "z" : -0.045084972
    }, {
      "x" : 5.618034,
      "y" : 0.76393205,
      "z" : 0.47213596
    }, {
      "x" : 1.236068,
      "y" : -0.072949015,
      "z" : -0.045084972
    }, {
      "x" : 5.618034,
      "y" : 1.381966,
      "z" : 0.47213596
    }, {
      "x" : 6.558416,
      "y" : 1.252546,
      "z" : 0.774116
    } ],
    "faces" : [ {
      "vertices" : [ 1, 8, 7, 2 ]
    }, {
      "vertices" : [ 0, 3, 9, 6 ]
    }, {
      "vertices" : [ 2, 7, 10 ]
    }, {
      "vertices" : [ 5, 6, 8 ]
    }, {
      "vertices" : [ 0, 1, 2, 3 ]
    }, {
      "vertices" : [ 0, 5, 1 ]
    }, {
      "vertices" : [ 3, 10, 9 ]
    }, {
      "vertices" : [ 7, 9, 10 ]
    }, {
      "vertices" : [ 0, 6, 5 ]
    }, {
      "vertices" : [ 6, 9, 7, 8 ]
    }, {
      "vertices" : [ 1, 5, 8 ]
    }, {
      "vertices" : [ 2, 10, 3 ]
    } ]
  }, {
    "id" : "8c108977-df83-42e9-95b0-b0834fe5ab51",
    "orbit" : "yellow",
    "orbitC" : "[[0,0,1],[2,-1,1]]",
    "length" : "[3,0,2]",
    "name" : " :3/2",
    "vertices" : [ {
      "x" : 10.281153,
      "y" : 0.0,
      "z" : -3.927051
    }, {
      "x" : 9.972136,
      "y" : 0.0,
      "z" : -3.809017
    }, {
      "x" : 9.567628,
      "y" : -0.1545085,
      "z" : -3.368034
    }, {
      "x" : 9.376644,
      "y" : -0.1545085,
      "z" : -3.868034
    }, {
      "x" : 0.9045085,
      "y" : -0.1545085,
      "z" : -0.059016995
    }, {
      "x" : 0.809017,
      "y" : 0.309017,
      "z" : -0.309017
    }, {
      "x" : 0.309017,
      "y" : 0.0,
      "z" : -0.11803399
    }, {
      "x" : 9.472136,
      "y" : 0.309017,
      "z" : -3.618034
    }, {
      "x" : 0.7135255,
      "y" : -0.1545085,
      "z" : -0.559017
    } ],
    "faces" : [ {
      "vertices" : [ 2, 4, 8, 3 ]
    }, {
      "vertices" : [ 2, 7, 5, 4 ]
    }, {
      "vertices" : [ 4, 6, 8 ]
    }, {
      "vertices" : [ 5, 8, 6 ]
    }, {
      "vertices" : [ 1, 2, 3 ]
    }, {
      "vertices" : [ 3, 8, 5, 7 ]
    }, {
      "vertices" : [ 1, 7, 2 ]
    }, {
      "vertices" : [ 1, 3, 7 ]
    }, {
      "vertices" : [ 4, 5, 6 ]
    } ]
  }, {
    "id" : "5c34534f-4803-49bd-8853-517eda0e5323",
    "orbit" : "0",
    "orbitC" : "[[-3,2,1],[13,-8,1]]",
    "length" : "[0,1,1]",
    "name" : "medium",
    "vertices" : [ {
      "x" : -5.95923,
      "y" : 2.097521,
      "z" : -5.6925635
    }, {
      "x" : -6.0592303,
      "y" : 1.6975212,
      "z" : -5.7925634
    }, {
      "x" : -0.3948718,
      "y" : 0.020512821,
      "z" : -0.6615385
    }, {
      "x" : -0.2948718,
      "y" : 0.42051283,
      "z" : -0.56153846
    }, {
      "x" : -5.8258967,
      "y" : 1.8308545,
      "z" : -6.0925636
    }, {
      "x" : -5.725897,
      "y" : 2.2308545,
      "z" : -5.9925637
    }, {
      "x" : -0.52820516,
      "y" : 0.2871795,
      "z" : -0.26153848
    }, {
      "x" : -0.6282051,
      "y" : -0.11282051,
      "z" : -0.36153847
    } ],
    "faces" : [ {
      "vertices" : [ 2, 3, 6, 7 ]
    }, {
      "vertices" : [ 0, 5, 4, 1 ]
    }, {
      "vertices" : [ 2, 4, 5, 3 ]
    }, {
      "vertices" : [ 0, 6, 3, 5 ]
    }, {
      "vertices" : [ 0, 1, 7, 6 ]
    }, {
      "vertices" : [ 1, 4, 2, 7 ]
    } ]
  }, {
    "id" : "3622397c-6ba2-4caf-ae12-108bec07fb77",
    "orbit" : "orange",
    "orbitC" : "[[-4,3,5],[3,-1,5]]",
    "length" : "[1,0,1]",
    "name" : "short",
    "vertices" : [ {
      "x" : 6.9495935,
      "y" : 1.1545085,
      "z" : -1.559017
    }, {
      "x" : 7.3176274,
      "y" : 1.25,
      "z" : -2.0225425
    }, {
      "x" : 1.0954915,
      "y" : 0.1545085,
      "z" : 0.059016995
    }, {
      "x" : 6.7586102,
      "y" : 1.4635255,
      "z" : -2.059017
    }, {
      "x" : 0.9045085,
      "y" : 0.4635255,
      "z" : -0.440983
    }, {
      "x" : 6.7586102,
      "y" : 0.8454915,
      "z" : -1.677051
    }, {
      "x" : 0.9045085,
      "y" : -0.1545085,
      "z" : -0.059016995
    }, {
      "x" : 6.5676274,
      "y" : 1.1545085,
      "z" : -2.177051
    }, {
      "x" : 7.663119,
      "y" : 1.309017,
      "z" : -2.118034
    }, {
      "x" : 0.3454915,
      "y" : 0.059016995,
      "z" : -0.095491506
    }, {
      "x" : 0.7135255,
      "y" : 0.1545085,
      "z" : -0.559017
    } ],
    "faces" : [ {
      "vertices" : [ 2, 9, 6 ]
    }, {
      "vertices" : [ 0, 1, 3 ]
    }, {
      "vertices" : [ 0, 5, 1 ]
    }, {
      "vertices" : [ 4, 10, 9 ]
    }, {
      "vertices" : [ 3, 7, 10, 4 ]
    }, {
      "vertices" : [ 0, 3, 4, 2 ]
    }, {
      "vertices" : [ 6, 9, 10 ]
    }, {
      "vertices" : [ 1, 7, 3 ]
    }, {
      "vertices" : [ 5, 6, 10, 7 ]
    }, {
      "vertices" : [ 0, 2, 6, 5 ]
    }, {
      "vertices" : [ 1, 5, 7 ]
    }, {
      "vertices" : [ 2, 4, 9 ]
    } ]
  }, {
    "id" : "56065491-b00d-4752-8581-390337f9c325",
    "orbit" : "red",
    "orbitC" : "[[-1,1,1],[0,0,1]]",
    "length" : "[1,0,1]",
    "name" : "r1",
    "vertices" : [ {
      "x" : 0.9045085,
      "y" : 0.3454915,
      "z" : 0.25
    }, {
      "x" : 6.1405764,
      "y" : 3.5815594,
      "z" : 0.25
    }, {
      "x" : 5.9495935,
      "y" : 3.8905764,
      "z" : 0.25
    }, {
      "x" : 0.7135255,
      "y" : 0.6545085,
      "z" : 0.25
    }, {
      "x" : 0.809017,
      "y" : 0.5,
      "z" : -0.309017
    }, {
      "x" : 0.9635255,
      "y" : 0.25,
      "z" : -0.095491506
    }, {
      "x" : 0.309017,
      "y" : 0.19098301,
      "z" : 0.0
    }, {
      "x" : 6.545085,
      "y" : 4.045085,
      "z" : 0.0
    }, {
      "x" : 5.8905764,
      "y" : 3.986068,
      "z" : -0.095491506
    }, {
      "x" : 6.045085,
      "y" : 3.736068,
      "z" : -0.309017
    }, {
      "x" : 6.854102,
      "y" : 4.236068,
      "z" : 0.0
    }, {
      "x" : 0.6545085,
      "y" : 0.75,
      "z" : -0.095491506
    }, {
      "x" : 6.1995935,
      "y" : 3.486068,
      "z" : -0.095491506
    } ],
    "faces" : [ {
      "vertices" : [ 4, 11, 8, 9 ]
    }, {
      "vertices" : [ 0, 1, 2, 3 ]
    }, {
      "vertices" : [ 0, 3, 6 ]
    }, {
      "vertices" : [ 1, 7, 2 ]
    }, {
      "vertices" : [ 0, 6, 5 ]
    }, {
      "vertices" : [ 4, 5, 6 ]
    }, {
      "vertices" : [ 2, 7, 8 ]
    }, {
      "vertices" : [ 0, 5, 12, 1 ]
    }, {
      "vertices" : [ 1, 12, 7 ]
    }, {
      "vertices" : [ 3, 11, 6 ]
    }, {
      "vertices" : [ 4, 6, 11 ]
    }, {
      "vertices" : [ 7, 9, 8 ]
    }, {
      "vertices" : [ 2, 8, 11, 3 ]
    }, {
      "vertices" : [ 7, 12, 9 ]
    }, {
      "vertices" : [ 4, 9, 12, 5 ]
    } ]
  }, {
    "id" : "059e5469-f948-4bdc-bd4f-e44ec0aecb63",
    "vertices" : [ {
      "x" : 0.0,
      "y" : 0.0,
      "z" : 0.0
    }, {
      "x" : 0.0,
      "y" : 6.854102,
      "z" : -4.236068
    }, {
      "x" : 6.854102,
      "y" : 6.854102,
      "z" : -8.472136
    }, {
      "x" : 6.854102,
      "y" : 0.0,
      "z" : -4.236068
    } ],
    "faces" : [ {
      "vertices" : [ 0, 1, 2, 3 ]
    }, {
      "vertices" : [ 0, 3, 2, 1 ]
    } ]
  }, {
    "id" : "3df331f3-c8f9-48e2-ae73-cf474dcef639",
    "vertices" : [ {
      "x" : 0.0,
      "y" : 0.0,
      "z" : 0.0
    }, {
      "x" : -6.854102,
      "y" : 0.0,
      "z" : 4.236068
    }, {
      "x" : -6.854102,
      "y" : -6.854102,
      "z" : 8.472136
    }, {
      "x" : 0.0,
      "y" : -6.854102,
      "z" : 4.236068
    } ],
    "faces" : [ {
      "vertices" : [ 0, 1, 2, 3 ]
    }, {
      "vertices" : [ 0, 3, 2, 1 ]
    } ]
  }, {
    "id" : "433d0bf6-3446-4ebf-b570-8b1e226d5bf9",
    "vertices" : [ {
      "x" : 0.0,
      "y" : 0.0,
      "z" : 0.0
    }, {
      "x" : 0.0,
      "y" : -6.854102,
      "z" : 4.236068
    }, {
      "x" : -6.854102,
      "y" : -6.854102,
      "z" : 8.472136
    }, {
      "x" : -6.854102,
      "y" : 0.0,
      "z" : 4.236068
    } ],
    "faces" : [ {
      "vertices" : [ 0, 1, 2, 3 ]
    }, {
      "vertices" : [ 0, 3, 2, 1 ]
    } ]
  }, {
    "id" : "5b24b220-4b66-4656-9689-8a4135d8ac85",
    "vertices" : [ {
      "x" : 0.0,
      "y" : 0.0,
      "z" : 0.0
    }, {
      "x" : 0.0,
      "y" : 6.854102,
      "z" : 4.236068
    }, {
      "x" : 0.0,
      "y" : 0.0,
      "z" : 8.472136
    }, {
      "x" : 0.0,
      "y" : -6.854102,
      "z" : 4.236068
    } ],
    "faces" : [ {
      "vertices" : [ 0, 1, 2, 3 ]
    }, {
      "vertices" : [ 0, 3, 2, 1 ]
    } ]
  }, {
    "id" : "587f97df-1f77-4a79-9c81-a5986b770b46",
    "vertices" : [ {
      "x" : 0.0,
      "y" : 0.0,
      "z" : 0.0
    }, {
      "x" : 0.0,
      "y" : -4.236068,
      "z" : 6.854102
    }, {
      "x" : 0.0,
      "y" : -8.472136,
      "z" : 0.0
    }, {
      "x" : 0.0,
      "y" : -4.236068,
      "z" : -6.854102
    } ],
    "faces" : [ {
      "vertices" : [ 0, 1, 2, 3 ]
    }, {
      "vertices" : [ 0, 3, 2, 1 ]
    } ]
  }, {
    "id" : "c22acc57-977e-495b-b012-60dcb7107dfc",
    "vertices" : [ {
      "x" : 0.0,
      "y" : 0.0,
      "z" : 0.0
    }, {
      "x" : 0.0,
      "y" : 4.236068,
      "z" : -6.854102
    }, {
      "x" : 0.0,
      "y" : 8.472136,
      "z" : 0.0
    }, {
      "x" : 0.0,
      "y" : 4.236068,
      "z" : 6.854102
    } ],
    "faces" : [ {
      "vertices" : [ 0, 1, 2, 3 ]
    }, {
      "vertices" : [ 0, 3, 2, 1 ]
    } ]
  }, {
    "id" : "39ddaa7e-fc1c-4fab-b787-e0b3989c8f9c",
    "vertices" : [ {
      "x" : 0.0,
      "y" : 0.0,
      "z" : 0.0
    }, {
      "x" : 6.854102,
      "y" : 0.0,
      "z" : -4.236068
    }, {
      "x" : 6.854102,
      "y" : 6.854102,
      "z" : -8.472136
    }, {
      "x" : 0.0,
      "y" : 6.854102,
      "z" : -4.236068
    } ],
    "faces" : [ {
      "vertices" : [ 0, 1, 2, 3 ]
    }, {
      "vertices" : [ 0, 3, 2, 1 ]
    } ]
  }, {
    "id" : "56b1b380-e309-4cbb-a5b1-d06a1328b401",
    "vertices" : [ {
      "x" : 0.0,
      "y" : 0.0,
      "z" : 0.0
    }, {
      "x" : -0.809017,
      "y" : -5.545085,
      "z" : -6.354102
    }, {
      "x" : -1.618034,
      "y" : 2.618034,
      "z" : -4.236068
    }, {
      "x" : -0.809017,
      "y" : 8.163119,
      "z" : 2.118034
    } ],
    "faces" : [ {
      "vertices" : [ 0, 1, 2, 3 ]
    }, {
      "vertices" : [ 0, 3, 2, 1 ]
    } ]
  }, {
    "id" : "1c609c1d-9c21-4097-8de0-1f86ce4d3d4a",
    "vertices" : [ {
      "x" : 0.0,
      "y" : 0.0,
      "z" : 0.0
    }, {
      "x" : 2.618034,
      "y" : 4.236068,
      "z" : 6.854102
    }, {
      "x" : 5.236068,
      "y" : 11.09017,
      "z" : 2.618034
    }, {
      "x" : 2.618034,
      "y" : 6.854102,
      "z" : -4.236068
    } ],
    "faces" : [ {
      "vertices" : [ 0, 1, 2, 3 ]
    }, {
      "vertices" : [ 0, 3, 2, 1 ]
    } ]
  }, {
    "id" : "f8282824-da7d-4d2c-8899-079a02d53250",
    "orbit" : "black",
    "orbitC" : "[[-2,3,11],[-7,5,11]]",
    "length" : "[1,0,1]",
    "name" : "short",
    "vertices" : [ {
      "x" : 6.972136,
      "y" : 1.5,
      "z" : -0.5
    }, {
      "x" : 1.190983,
      "y" : 0.0,
      "z" : 0.072949015
    }, {
      "x" : 1.190983,
      "y" : 0.0,
      "z" : -0.309017
    }, {
      "x" : 6.972136,
      "y" : 1.5,
      "z" : -0.881966
    }, {
      "x" : 7.708204,
      "y" : 2.0,
      "z" : -0.76393205
    }, {
      "x" : 1.190983,
      "y" : 0.618034,
      "z" : -0.309017
    }, {
      "x" : 6.972136,
      "y" : 2.118034,
      "z" : -0.881966
    }, {
      "x" : 6.972136,
      "y" : 2.118034,
      "z" : -0.5
    }, {
      "x" : 1.190983,
      "y" : 0.618034,
      "z" : 0.072949015
    }, {
      "x" : 0.45491502,
      "y" : 0.11803399,
      "z" : -0.045084972
    }, {
      "x" : 8.163119,
      "y" : 2.118034,
      "z" : -0.809017
    } ],
    "faces" : [ {
      "vertices" : [ 2, 5, 6, 3 ]
    }, {
      "vertices" : [ 0, 7, 8, 1 ]
    }, {
      "vertices" : [ 2, 9, 5 ]
    }, {
      "vertices" : [ 4, 6, 7 ]
    }, {
      "vertices" : [ 1, 8, 9 ]
    }, {
      "vertices" : [ 0, 1, 2, 3 ]
    }, {
      "vertices" : [ 5, 9, 8 ]
    }, {
      "vertices" : [ 0, 3, 4 ]
    }, {
      "vertices" : [ 5, 8, 7, 6 ]
    }, {
      "vertices" : [ 0, 4, 7 ]
    }, {
      "vertices" : [ 1, 9, 2 ]
    }, {
      "vertices" : [ 3, 6, 4 ]
    } ]
  }, {
    "id" : "fddff069-7251-4155-b643-844293a00c86",
    "vertices" : [ {
      "x" : 0.0,
      "y" : 0.0,
      "z" : 0.0
    }, {
      "x" : 4.236068,
      "y" : -6.854102,
      "z" : -2.618034
    }, {
      "x" : 0.0,
      "y" : 0.0,
      "z" : -5.236068
    }, {
      "x" : -4.236068,
      "y" : 6.854102,
      "z" : -2.618034
    } ],
    "faces" : [ {
      "vertices" : [ 0, 1, 2, 3 ]
    }, {
      "vertices" : [ 0, 3, 2, 1 ]
    } ]
  }, {
    "id" : "2f116552-e412-45c7-a4c2-4eda1065256b",
    "vertices" : [ {
      "x" : 0.0,
      "y" : 0.0,
      "z" : 0.0
    }, {
      "x" : -2.118034,
      "y" : -6.045085,
      "z" : 5.545085
    }, {
      "x" : 0.5,
      "y" : -1.809017,
      "z" : 12.399187
    }, {
      "x" : 2.618034,
      "y" : 4.236068,
      "z" : 6.854102
    } ],
    "faces" : [ {
      "vertices" : [ 0, 1, 2, 3 ]
    }, {
      "vertices" : [ 0, 3, 2, 1 ]
    } ]
  }, {
    "id" : "9594b759-c15f-4a4c-bb9f-be9c90f11cb7",
    "vertices" : [ {
      "x" : 0.0,
      "y" : 0.0,
      "z" : 0.0
    }, {
      "x" : 2.618034,
      "y" : 4.236068,
      "z" : 6.854102
    }, {
      "x" : 5.236068,
      "y" : -2.618034,
      "z" : 11.09017
    }, {
      "x" : 2.618034,
      "y" : -6.854102,
      "z" : 4.236068
    } ],
    "faces" : [ {
      "vertices" : [ 0, 1, 2, 3 ]
    }, {
      "vertices" : [ 0, 3, 2, 1 ]
    } ]
  }, {
    "id" : "c1798360-986d-4feb-a6c4-93b4ff4a1347",
    "vertices" : [ {
      "x" : 0.0,
      "y" : 0.0,
      "z" : 0.0
    }, {
      "x" : -2.118034,
      "y" : 7.663119,
      "z" : -2.927051
    }, {
      "x" : 0.5,
      "y" : 11.899187,
      "z" : 3.927051
    }, {
      "x" : 2.618034,
      "y" : 4.236068,
      "z" : 6.854102
    } ],
    "faces" : [ {
      "vertices" : [ 0, 1, 2, 3 ]
    }, {
      "vertices" : [ 0, 3, 2, 1 ]
    } ]
  }, {
    "id" : "dbf63a3c-ec89-404c-8106-1fd8a332dadb",
    "vertices" : [ {
      "x" : 0.0,
      "y" : 0.0,
      "z" : 0.0
    }, {
      "x" : 4.236068,
      "y" : 2.618034,
      "z" : 6.854102
    }, {
      "x" : 8.472136,
      "y" : -4.236068,
      "z" : 9.472136
    }, {
      "x" : 4.236068,
      "y" : -6.854102,
      "z" : 2.618034
    } ],
    "faces" : [ {
      "vertices" : [ 0, 1, 2, 3 ]
    }, {
      "vertices" : [ 0, 3, 2, 1 ]
    } ]
  }, {
    "id" : "ba9a5fd6-a27e-434f-95e3-0d65793b66db",
    "vertices" : [ {
      "x" : 0.0,
      "y" : 0.0,
      "z" : 0.0
    }, {
      "x" : 4.236068,
      "y" : 6.854102,
      "z" : -2.618034
    }, {
      "x" : 8.472136,
      "y" : 9.472136,
      "z" : 4.236068
    }, {
      "x" : 4.236068,
      "y" : 2.618034,
      "z" : 6.854102
    } ],
    "faces" : [ {
      "vertices" : [ 0, 1, 2, 3 ]
    }, {
      "vertices" : [ 0, 3, 2, 1 ]
    } ]
  }, {
    "id" : "f8ab9405-ad2f-4096-81bb-95e39223c515",
    "vertices" : [ {
      "x" : 0.0,
      "y" : 0.0,
      "z" : 0.0
    }, {
      "x" : -2.618034,
      "y" : -4.236068,
      "z" : -6.854102
    }, {
      "x" : -2.618034,
      "y" : 4.236068,
      "z" : -6.854102
    }, {
      "x" : 0.0,
      "y" : 8.472136,
      "z" : 0.0
    } ],
    "faces" : [ {
      "vertices" : [ 0, 1, 2, 3 ]
    }, {
      "vertices" : [ 0, 3, 2, 1 ]
    } ]
  }, {
    "id" : "19871dca-a7a8-4660-9184-774f92944c63",
    "vertices" : [ {
      "x" : 0.0,
      "y" : 0.0,
      "z" : 0.0
    }, {
      "x" : 2.618034,
      "y" : -6.854102,
      "z" : -4.236068
    }, {
      "x" : 0.0,
      "y" : 0.0,
      "z" : -8.472136
    }, {
      "x" : -2.618034,
      "y" : 6.854102,
      "z" : -4.236068
    } ],
    "faces" : [ {
      "vertices" : [ 0, 1, 2, 3 ]
    }, {
      "vertices" : [ 0, 3, 2, 1 ]
    } ]
  }, {
    "id" : "8dae2f3d-0c37-49b9-9b67-5e22c77c4416",
    "vertices" : [ {
      "x" : 0.0,
      "y" : 0.0,
      "z" : 0.0
    }, {
      "x" : 4.236068,
      "y" : -6.854102,
      "z" : 2.618034
    }, {
      "x" : 2.118034,
      "y" : -12.899187,
      "z" : -2.927051
    }, {
      "x" : -2.118034,
      "y" : -6.045085,
      "z" : -5.545085
    } ],
    "faces" : [ {
      "vertices" : [ 0, 1, 2, 3 ]
    }, {
      "vertices" : [ 0, 3, 2, 1 ]
    } ]
  }, {
    "id" : "7d852748-ce63-4ece-b008-0517c6c47720",
    "vertices" : [ {
      "x" : 0.0,
      "y" : 0.0,
      "z" : 0.0
    }, {
      "x" : -2.118034,
      "y" : 0.809017,
      "z" : -8.163119
    }, {
      "x" : 2.118034,
      "y" : 7.663119,
      "z" : -10.781153
    }, {
      "x" : 4.236068,
      "y" : 6.854102,
      "z" : -2.618034
    } ],
    "faces" : [ {
      "vertices" : [ 0, 1, 2, 3 ]
    }, {
      "vertices" : [ 0, 3, 2, 1 ]
    } ]
  }, {
    "id" : "1b2994b0-98ad-482c-ad3d-bc567f6bb0a8",
    "orbit" : "green",
    "orbitC" : "[[2,-1,1],[5,-3,1]]",
    "length" : "[1,0,1]",
    "name" : "g1",
    "vertices" : [ {
      "x" : 10.781153,
      "y" : 4.118034,
      "z" : -1.572949
    }, {
      "x" : 10.399187,
      "y" : 3.663119,
      "z" : -1.381966
    }, {
      "x" : 10.236068,
      "y" : 3.927051,
      "z" : -1.809017
    }, {
      "x" : 10.163119,
      "y" : 4.190983,
      "z" : -1.618034
    }, {
      "x" : 0.85410196,
      "y" : 0.309017,
      "z" : 0.19098301
    }, {
      "x" : 0.690983,
      "y" : 0.572949,
      "z" : -0.23606798
    }, {
      "x" : 0.309017,
      "y" : 0.11803399,
      "z" : -0.045084972
    }, {
      "x" : 0.76393205,
      "y" : 0.309017,
      "z" : -0.42705098
    }, {
      "x" : 0.927051,
      "y" : 0.045084972,
      "z" : 0.0
    }, {
      "x" : 10.326238,
      "y" : 3.927051,
      "z" : -1.190983
    }, {
      "x" : 11.09017,
      "y" : 4.236068,
      "z" : -1.618034
    } ],
    "faces" : [ {
      "vertices" : [ 2, 7, 5, 3 ]
    }, {
      "vertices" : [ 1, 8, 7, 2 ]
    }, {
      "vertices" : [ 4, 6, 8 ]
    }, {
      "vertices" : [ 5, 7, 6 ]
    }, {
      "vertices" : [ 0, 1, 2 ]
    }, {
      "vertices" : [ 0, 2, 3 ]
    }, {
      "vertices" : [ 6, 7, 8 ]
    }, {
      "vertices" : [ 3, 5, 4, 9 ]
    }, {
      "vertices" : [ 1, 9, 4, 8 ]
    }, {
      "vertices" : [ 0, 9, 1 ]
    }, {
      "vertices" : [ 0, 3, 9 ]
    }, {
      "vertices" : [ 4, 5, 6 ]
    } ]
  }, {
    "id" : "5f51aa25-f78d-4f90-b79c-b6aff309a608",
    "vertices" : [ {
      "x" : 0.0,
      "y" : 0.0,
      "z" : 0.0
    }, {
      "x" : -2.618034,
      "y" : -9.472136,
      "z" : -6.854102
    }, {
      "x" : -6.854102,
      "y" : -7.854102,
      "z" : -17.944271
    }, {
      "x" : -4.236068,
      "y" : 1.618034,
      "z" : -11.09017
    } ],
    "faces" : [ {
      "vertices" : [ 0, 1, 2, 3 ]
    }, {
      "vertices" : [ 0, 3, 2, 1 ]
    } ]
  }, {
    "id" : "7c644fe7-e4f4-4094-a57a-6f07124e145d",
    "vertices" : [ {
      "x" : 0.0,
      "y" : 0.0,
      "z" : 0.0
    }, {
      "x" : 0.0,
      "y" : 8.472136,
      "z" : -8.472136
    }, {
      "x" : 0.0,
      "y" : 16.944271,
      "z" : 0.0
    }, {
      "x" : 0.0,
      "y" : 8.472136,
      "z" : 8.472136
    } ],
    "faces" : [ {
      "vertices" : [ 0, 1, 2, 3 ]
    }, {
      "vertices" : [ 0, 3, 2, 1 ]
    } ]
  }, {
    "id" : "c47b2ff9-7010-4b63-9ebf-cd9c029e91c1",
    "vertices" : [ {
      "x" : 0.0,
      "y" : 0.0,
      "z" : 0.0
    }, {
      "x" : 0.0,
      "y" : -8.472136,
      "z" : 8.472136
    }, {
      "x" : 0.0,
      "y" : -16.944271,
      "z" : 0.0
    }, {
      "x" : 0.0,
      "y" : -8.472136,
      "z" : -8.472136
    } ],
    "faces" : [ {
      "vertices" : [ 0, 1, 2, 3 ]
    }, {
      "vertices" : [ 0, 3, 2, 1 ]
    } ]
  }, {
    "id" : "d63198ec-d84d-4bca-ac41-6a607b5e79c2",
    "vertices" : [ {
      "x" : 0.0,
      "y" : 0.0,
      "z" : 0.0
    }, {
      "x" : 1.618034,
      "y" : -11.09017,
      "z" : 4.236068
    }, {
      "x" : -1.0,
      "y" : -20.562305,
      "z" : -2.618034
    }, {
      "x" : -2.618034,
      "y" : -9.472136,
      "z" : -6.854102
    } ],
    "faces" : [ {
      "vertices" : [ 0, 1, 2, 3 ]
    }, {
      "vertices" : [ 0, 3, 2, 1 ]
    } ]
  }, {
    "id" : "d9f70aff-ed7f-42b3-912f-6794b59dae74",
    "vertices" : [ {
      "x" : 0.0,
      "y" : 0.0,
      "z" : 0.0
    }, {
      "x" : 4.236068,
      "y" : -1.618034,
      "z" : 11.09017
    }, {
      "x" : 5.854102,
      "y" : -12.708204,
      "z" : 15.326238
    }, {
      "x" : 1.618034,
      "y" : -11.09017,
      "z" : 4.236068
    } ],
    "faces" : [ {
      "vertices" : [ 0, 1, 2, 3 ]
    }, {
      "vertices" : [ 0, 3, 2, 1 ]
    } ]
  }, {
    "id" : "7f31d02f-74e2-459c-bb26-f9ce643a27d7",
    "vertices" : [ {
      "x" : 0.0,
      "y" : 0.0,
      "z" : 0.0
    }, {
      "x" : 2.618034,
      "y" : -9.472136,
      "z" : 6.854102
    }, {
      "x" : 1.0,
      "y" : -20.562305,
      "z" : 2.618034
    }, {
      "x" : -1.618034,
      "y" : -11.09017,
      "z" : -4.236068
    } ],
    "faces" : [ {
      "vertices" : [ 0, 1, 2, 3 ]
    }, {
      "vertices" : [ 0, 3, 2, 1 ]
    } ]
  }, {
    "id" : "4e62eaf5-f686-42c1-8c45-02e00c21c6ac",
    "vertices" : [ {
      "x" : 0.0,
      "y" : 0.0,
      "z" : 0.0
    }, {
      "x" : -2.618034,
      "y" : 9.472136,
      "z" : -6.854102
    }, {
      "x" : -1.0,
      "y" : 20.562305,
      "z" : -2.618034
    }, {
      "x" : 1.618034,
      "y" : 11.09017,
      "z" : 4.236068
    } ],
    "faces" : [ {
      "vertices" : [ 0, 1, 2, 3 ]
    }, {
      "vertices" : [ 0, 3, 2, 1 ]
    } ]
  }, {
    "id" : "40c75a2b-aea7-4366-9cea-7ccefa953e71",
    "vertices" : [ {
      "x" : 0.0,
      "y" : 0.0,
      "z" : 0.0
    }, {
      "x" : 0.0,
      "y" : -8.472136,
      "z" : -8.472136
    }, {
      "x" : 0.0,
      "y" : 0.0,
      "z" : -16.944271
    }, {
      "x" : 0.0,
      "y" : 8.472136,
      "z" : -8.472136
    } ],
    "faces" : [ {
      "vertices" : [ 0, 1, 2, 3 ]
    }, {
      "vertices" : [ 0, 3, 2, 1 ]
    } ]
  } ],
  "instances" : [ {
    "shape" : "41663d77-bcf2-40f6-a75d-26b775712787",
    "color" : "#F2F2F2",
    "position" : {
      "x" : -4.236068,
      "y" : 4.236068,
      "z" : -4.236068
    }
  }, {
    "shape" : "79a91d58-7cbf-40e3-b4e3-e60c2434d5fb",
    "color" : "#F0A000",
    "position" : {
      "x" : 0.0,
      "y" : -8.472136,
      "z" : 0.0
    },
    "orientation" : 4
  }, {
    "shape" : "41663d77-bcf2-40f6-a75d-26b775712787",
    "color" : "#F2F2F2",
    "position" : {
      "x" : -4.236068,
      "y" : 4.236068,
      "z" : 4.236068
    }
  }, {
    "shape" : "41663d77-bcf2-40f6-a75d-26b775712787",
    "color" : "#F2F2F2",
    "position" : {
      "x" : 4.236068,
      "y" : -4.236068,
      "z" : -4.236068
    }
  }, {
    "shape" : "af68e138-2869-40c8-aad1-b87058b964e7",
    "color" : "#7FC69A",
    "position" : {
      "x" : 0.0,
      "y" : -8.472136,
      "z" : 0.0
    },
    "orientation" : 37
  }, {
    "shape" : "41663d77-bcf2-40f6-a75d-26b775712787",
    "color" : "#F2F2F2",
    "position" : {
      "x" : 0.0,
      "y" : -8.472136,
      "z" : 0.0
    }
  }, {
    "shape" : "41663d77-bcf2-40f6-a75d-26b775712787",
    "color" : "#F2F2F2",
    "position" : {
      "x" : 4.236068,
      "y" : 4.236068,
      "z" : 4.236068
    }
  }, {
    "shape" : "41663d77-bcf2-40f6-a75d-26b775712787",
    "color" : "#F2F2F2",
    "position" : {
      "x" : 0.0,
      "y" : 0.0,
      "z" : -8.472136
    }
  }, {
    "shape" : "79a91d58-7cbf-40e3-b4e3-e60c2434d5fb",
    "color" : "#F0A000",
    "position" : {
      "x" : 4.236068,
      "y" : 4.236068,
      "z" : -4.236068
    },
    "orientation" : 4
  }, {
    "shape" : "79a91d58-7cbf-40e3-b4e3-e60c2434d5fb",
    "color" : "#F0A000",
    "position" : {
      "x" : 0.0,
      "y" : 0.0,
      "z" : 8.472136
    },
    "orientation" : 19
  }, {
    "shape" : "79a91d58-7cbf-40e3-b4e3-e60c2434d5fb",
    "color" : "#F0A000",
    "position" : {
      "x" : 4.236068,
      "y" : 4.236068,
      "z" : -4.236068
    },
    "orientation" : 19
  }, {
    "shape" : "79a91d58-7cbf-40e3-b4e3-e60c2434d5fb",
    "color" : "#F0A000",
    "position" : {
      "x" : -8.472136,
      "y" : 0.0,
      "z" : 0.0
    },
    "orientation" : 3
  }, {
    "shape" : "79a91d58-7cbf-40e3-b4e3-e60c2434d5fb",
    "color" : "#F0A000",
    "position" : {
      "x" : -4.236068,
      "y" : 4.236068,
      "z" : 4.236068
    },
    "orientation" : 5
  }, {
    "shape" : "af68e138-2869-40c8-aad1-b87058b964e7",
    "color" : "#7FC69A",
    "position" : {
      "x" : 0.0,
      "y" : 8.472136,
      "z" : 0.0
    },
    "orientation" : 52
  }, {
    "shape" : "41663d77-bcf2-40f6-a75d-26b775712787",
    "color" : "#F2F2F2",
    "position" : {
      "x" : -4.236068,
      "y" : -4.236068,
      "z" : 4.236068
    }
  }, {
    "shape" : "79a91d58-7cbf-40e3-b4e3-e60c2434d5fb",
    "color" : "#F0A000",
    "position" : {
      "x" : 0.0,
      "y" : 0.0,
      "z" : 8.472136
    },
    "orientation" : 3
  }, {
    "shape" : "79a91d58-7cbf-40e3-b4e3-e60c2434d5fb",
    "color" : "#F0A000",
    "position" : {
      "x" : 4.236068,
      "y" : -4.236068,
      "z" : 4.236068
    },
    "orientation" : 19
  }, {
    "shape" : "41663d77-bcf2-40f6-a75d-26b775712787",
    "color" : "#F2F2F2",
    "position" : {
      "x" : -8.472136,
      "y" : 0.0,
      "z" : 0.0
    }
  }, {
    "shape" : "79a91d58-7cbf-40e3-b4e3-e60c2434d5fb",
    "color" : "#F0A000",
    "position" : {
      "x" : 4.236068,
      "y" : -4.236068,
      "z" : 4.236068
    },
    "orientation" : 4
  }, {
    "shape" : "79a91d58-7cbf-40e3-b4e3-e60c2434d5fb",
    "color" : "#F0A000",
    "position" : {
      "x" : 8.472136,
      "y" : 0.0,
      "z" : 0.0
    },
    "orientation" : 19
  }, {
    "shape" : "79a91d58-7cbf-40e3-b4e3-e60c2434d5fb",
    "color" : "#F0A000",
    "position" : {
      "x" : -4.236068,
      "y" : 4.236068,
      "z" : 4.236068
    },
    "orientation" : 3
  }, {
    "shape" : "af68e138-2869-40c8-aad1-b87058b964e7",
    "color" : "#7FC69A",
    "position" : {
      "x" : 0.0,
      "y" : 8.472136,
      "z" : 0.0
    },
