{
  "field" : "golden",
  "symmetry" : "icosahedral",
  "orientations" : [ [ 1.0, 0.0, 0.0, 0.0, 0.0, 1.0, 0.0, 0.0, 0.0, 0.0, 1.0, 0.0, 0.0, 0.0, 0.0, 1.0 ], [ 0.0, 0.0, 1.0, 0.0, 1.0, 0.0, 0.0, 0.0, 0.0, 1.0, 0.0, 0.0, 0.0, 0.0, 0.0, 1.0 ], [ 0.0, 1.0, 0.0, 0.0, 0.0, 0.0, 1.0, 0.0, 1.0, 0.0, 0.0, 0.0, 0.0, 0.0, 0.0, 1.0 ], [ 0.809017, 0.309017, 0.5, 0.0, 0.309017, 0.5, -0.809017, 0.0, -0.5, 0.809017, 0.309017, 0.0, 0.0, 0.0, 0.0, 1.0 ], [ -0.5, 0.809017, 0.309017, 0.0, 0.809017, 0.309017, 0.5, 0.0, 0.309017, 0.5, -0.809017, 0.0, 0.0, 0.0, 0.0, 1.0 ], [ 0.309017, 0.5, -0.809017, 0.0, -0.5, 0.809017, 0.309017, 0.0, 0.809017, 0.309017, 0.5, 0.0, 0.0, 0.0, 0.0, 1.0 ], [ 0.5, 0.809017, 0.309017, 0.0, 0.809017, -0.309017, -0.5, 0.0, -0.309017, 0.5, -0.809017, 0.0, 0.0, 0.0, 0.0, 1.0 ], [ -0.309017, 0.5, -0.809017, 0.0, 0.5, 0.809017, 0.309017, 0.0, 0.809017, -0.309017, -0.5, 0.0, 0.0, 0.0, 0.0, 1.0 ], [ 0.809017, -0.309017, -0.5, 0.0, -0.309017, 0.5, -0.809017, 0.0, 0.5, 0.809017, 0.309017, 0.0, 0.0, 0.0, 0.0, 1.0 ], [ 0.5, 0.809017, -0.309017, 0.0, 0.809017, -0.309017, 0.5, 0.0, 0.309017, -0.5, -0.809017, 0.0, 0.0, 0.0, 0.0, 1.0 ], [ 0.309017, -0.5, -0.809017, 0.0, 0.5, 0.809017, -0.309017, 0.0, 0.809017, -0.309017, 0.5, 0.0, 0.0, 0.0, 0.0, 1.0 ], [ 0.809017, -0.309017, 0.5, 0.0, 0.309017, -0.5, -0.809017, 0.0, 0.5, 0.809017, -0.309017, 0.0, 0.0, 0.0, 0.0, 1.0 ], [ 0.809017, 0.309017, -0.5, 0.0, 0.309017, 0.5, 0.809017, 0.0, 0.5, -0.809017, 0.309017, 0.0, 0.0, 0.0, 0.0, 1.0 ], [ 0.5, -0.809017, 0.309017, 0.0, 0.809017, 0.309017, -0.5, 0.0, 0.309017, 0.5, 0.809017, 0.0, 0.0, 0.0, 0.0, 1.0 ], [ 0.309017, 0.5, 0.809017, 0.0, 0.5, -0.809017, 0.309017, 0.0, 0.809017, 0.309017, -0.5, 0.0, 0.0, 0.0, 0.0, 1.0 ], [ 1.0, 0.0, 0.0, 0.0, 0.0, -1.0, 0.0, 0.0, 0.0, 0.0, -1.0, 0.0, 0.0, 0.0, 0.0, 1.0 ], [ 0.0, 0.0, 1.0, 0.0, -1.0, 0.0, 0.0, 0.0, 0.0, -1.0, 0.0, 0.0, 0.0, 0.0, 0.0, 1.0 ], [ 0.0, 1.0, 0.0, 0.0, 0.0, 0.0, -1.0, 0.0, -1.0, 0.0, 0.0, 0.0, 0.0, 0.0, 0.0, 1.0 ], [ 0.809017, 0.309017, 0.5, 0.0, -0.309017, -0.5, 0.809017, 0.0, 0.5, -0.809017, -0.309017, 0.0, 0.0, 0.0, 0.0, 1.0 ], [ -0.5, 0.809017, 0.309017, 0.0, -0.809017, -0.309017, -0.5, 0.0, -0.309017, -0.5, 0.809017, 0.0, 0.0, 0.0, 0.0, 1.0 ], [ 0.309017, 0.5, -0.809017, 0.0, 0.5, -0.809017, -0.309017, 0.0, -0.809017, -0.309017, -0.5, 0.0, 0.0, 0.0, 0.0, 1.0 ], [ 0.5, 0.809017, 0.309017, 0.0, -0.809017, 0.309017, 0.5, 0.0, 0.309017, -0.5, 0.809017, 0.0, 0.0, 0.0, 0.0, 1.0 ], [ -0.309017, 0.5, -0.809017, 0.0, -0.5, -0.809017, -0.309017, 0.0, -0.809017, 0.309017, 0.5, 0.0, 0.0, 0.0, 0.0, 1.0 ], [ 0.809017, -0.309017, -0.5, 0.0, 0.309017, -0.5, 0.809017, 0.0, -0.5, -0.809017, -0.309017, 0.0, 0.0, 0.0, 0.0, 1.0 ], [ 0.5, 0.809017, -0.309017, 0.0, -0.809017, 0.309017, -0.5, 0.0, -0.309017, 0.5, 0.809017, 0.0, 0.0, 0.0, 0.0, 1.0 ], [ 0.309017, -0.5, -0.809017, 0.0, -0.5, -0.809017, 0.309017, 0.0, -0.809017, 0.309017, -0.5, 0.0, 0.0, 0.0, 0.0, 1.0 ], [ 0.809017, -0.309017, 0.5, 0.0, -0.309017, 0.5, 0.809017, 0.0, -0.5, -0.809017, 0.309017, 0.0, 0.0, 0.0, 0.0, 1.0 ], [ 0.809017, 0.309017, -0.5, 0.0, -0.309017, -0.5, -0.809017, 0.0, -0.5, 0.809017, -0.309017, 0.0, 0.0, 0.0, 0.0, 1.0 ], [ 0.5, -0.809017, 0.309017, 0.0, -0.809017, -0.309017, 0.5, 0.0, -0.309017, -0.5, -0.809017, 0.0, 0.0, 0.0, 0.0, 1.0 ], [ 0.309017, 0.5, 0.809017, 0.0, -0.5, 0.809017, -0.309017, 0.0, -0.809017, -0.309017, 0.5, 0.0, 0.0, 0.0, 0.0, 1.0 ], [ -1.0, 0.0, 0.0, 0.0, 0.0, -1.0, 0.0, 0.0, 0.0, 0.0, 1.0, 0.0, 0.0, 0.0, 0.0, 1.0 ], [ 0.0, 0.0, -1.0, 0.0, -1.0, 0.0, 0.0, 0.0, 0.0, 1.0, 0.0, 0.0, 0.0, 0.0, 0.0, 1.0 ], [ 0.0, -1.0, 0.0, 0.0, 0.0, 0.0, -1.0, 0.0, 1.0, 0.0, 0.0, 0.0, 0.0, 0.0, 0.0, 1.0 ], [ -0.809017, -0.309017, -0.5, 0.0, -0.309017, -0.5, 0.809017, 0.0, -0.5, 0.809017, 0.309017, 0.0, 0.0, 0.0, 0.0, 1.0 ], [ 0.5, -0.809017, -0.309017, 0.0, -0.809017, -0.309017, -0.5, 0.0, 0.309017, 0.5, -0.809017, 0.0, 0.0, 0.0, 0.0, 1.0 ], [ -0.309017, -0.5, 0.809017, 0.0, 0.5, -0.809017, -0.309017, 0.0, 0.809017, 0.309017, 0.5, 0.0, 0.0, 0.0, 0.0, 1.0 ], [ -0.5, -0.809017, -0.309017, 0.0, -0.809017, 0.309017, 0.5, 0.0, -0.309017, 0.5, -0.809017, 0.0, 0.0, 0.0, 0.0, 1.0 ], [ 0.309017, -0.5, 0.809017, 0.0, -0.5, -0.809017, -0.309017, 0.0, 0.809017, -0.309017, -0.5, 0.0, 0.0, 0.0, 0.0, 1.0 ], [ -0.809017, 0.309017, 0.5, 0.0, 0.309017, -0.5, 0.809017, 0.0, 0.5, 0.809017, 0.309017, 0.0, 0.0, 0.0, 0.0, 1.0 ], [ -0.5, -0.809017, 0.309017, 0.0, -0.809017, 0.309017, -0.5, 0.0, 0.309017, -0.5, -0.809017, 0.0, 0.0, 0.0, 0.0, 1.0 ], [ -0.309017, 0.5, 0.809017, 0.0, -0.5, -0.809017, 0.309017, 0.0, 0.809017, -0.309017, 0.5, 0.0, 0.0, 0.0, 0.0, 1.0 ], [ -0.809017, 0.309017, -0.5, 0.0, -0.309017, 0.5, 0.809017, 0.0, 0.5, 0.809017, -0.309017, 0.0, 0.0, 0.0, 0.0, 1.0 ], [ -0.809017, -0.309017, 0.5, 0.0, -0.309017, -0.5, -0.809017, 0.0, 0.5, -0.809017, 0.309017, 0.0, 0.0, 0.0, 0.0, 1.0 ], [ -0.5, 0.809017, -0.309017, 0.0, -0.809017, -0.309017, 0.5, 0.0, 0.309017, 0.5, 0.809017, 0.0, 0.0, 0.0, 0.0, 1.0 ], [ -0.309017, -0.5, -0.809017, 0.0, -0.5, 0.809017, -0.309017, 0.0, 0.809017, 0.309017, -0.5, 0.0, 0.0, 0.0, 0.0, 1.0 ], [ -1.0, 0.0, 0.0, 0.0, 0.0, 1.0, 0.0, 0.0, 0.0, 0.0, -1.0, 0.0, 0.0, 0.0, 0.0, 1.0 ], [ 0.0, 0.0, -1.0, 0.0, 1.0, 0.0, 0.0, 0.0, 0.0, -1.0, 0.0, 0.0, 0.0, 0.0, 0.0, 1.0 ], [ 0.0, -1.0, 0.0, 0.0, 0.0, 0.0, 1.0, 0.0, -1.0, 0.0, 0.0, 0.0, 0.0, 0.0, 0.0, 1.0 ], [ -0.809017, -0.309017, -0.5, 0.0, 0.309017, 0.5, -0.809017, 0.0, 0.5, -0.809017, -0.309017, 0.0, 0.0, 0.0, 0.0, 1.0 ], [ 0.5, -0.809017, -0.309017, 0.0, 0.809017, 0.309017, 0.5, 0.0, -0.309017, -0.5, 0.809017, 0.0, 0.0, 0.0, 0.0, 1.0 ], [ -0.309017, -0.5, 0.809017, 0.0, -0.5, 0.809017, 0.309017, 0.0, -0.809017, -0.309017, -0.5, 0.0, 0.0, 0.0, 0.0, 1.0 ], [ -0.5, -0.809017, -0.309017, 0.0, 0.809017, -0.309017, -0.5, 0.0, 0.309017, -0.5, 0.809017, 0.0, 0.0, 0.0, 0.0, 1.0 ], [ 0.309017, -0.5, 0.809017, 0.0, 0.5, 0.809017, 0.309017, 0.0, -0.809017, 0.309017, 0.5, 0.0, 0.0, 0.0, 0.0, 1.0 ], [ -0.809017, 0.309017, 0.5, 0.0, -0.309017, 0.5, -0.809017, 0.0, -0.5, -0.809017, -0.309017, 0.0, 0.0, 0.0, 0.0, 1.0 ], [ -0.5, -0.809017, 0.309017, 0.0, 0.809017, -0.309017, 0.5, 0.0, -0.309017, 0.5, 0.809017, 0.0, 0.0, 0.0, 0.0, 1.0 ], [ -0.309017, 0.5, 0.809017, 0.0, 0.5, 0.809017, -0.309017, 0.0, -0.809017, 0.309017, -0.5, 0.0, 0.0, 0.0, 0.0, 1.0 ], [ -0.809017, 0.309017, -0.5, 0.0, 0.309017, -0.5, -0.809017, 0.0, -0.5, -0.809017, 0.309017, 0.0, 0.0, 0.0, 0.0, 1.0 ], [ -0.809017, -0.309017, 0.5, 0.0, 0.309017, 0.5, 0.809017, 0.0, -0.5, 0.809017, -0.309017, 0.0, 0.0, 0.0, 0.0, 1.0 ], [ -0.5, 0.809017, -0.309017, 0.0, 0.809017, 0.309017, -0.5, 0.0, -0.309017, -0.5, -0.809017, 0.0, 0.0, 0.0, 0.0, 1.0 ], [ -0.309017, -0.5, -0.809017, 0.0, 0.5, -0.809017, 0.309017, 0.0, -0.809017, -0.309017, 0.5, 0.0, 0.0, 0.0, 0.0, 1.0 ] ],
  "lights" : {
    "backgroundColor" : "#E0EFFF",
    "ambientColor" : "#292929",
    "directionalLights" : [ {
      "direction" : {
        "x" : 1.0,
        "y" : -1.0,
        "z" : -1.0
      },
      "color" : "#EBEBE4"
    }, {
      "direction" : {
        "x" : -1.0,
        "y" : 0.0,
        "z" : 0.0
      },
      "color" : "#E4E4EB"
    }, {
      "direction" : {
        "x" : 0.0,
        "y" : 0.0,
        "z" : -1.0
      },
      "color" : "#1E1E1E"
    } ]
  },
  "camera" : {
    "lookDirection" : {
      "x" : 0.0,
      "y" : 0.0,
      "z" : -1.0
    },
    "upDirection" : {
      "x" : 0.0,
      "y" : 1.0,
      "z" : 0.0
    },
    "lookAtPoint" : {
      "x" : 0.0,
      "y" : 0.0,
      "z" : 0.0
    },
    "viewDistance" : 295.56226,
    "nearClipDistance" : 0.7389052,
    "farClipDistance" : 591.12366,
    "fieldOfView" : 0.44262835,
    "perspective" : false,
    "stereo" : false,
    "width" : 133.00285,
    "position" : {
      "x" : 0.0,
      "y" : 0.0,
      "z" : 295.56226
    }
  },
  "embedding" : [ 1.0, 0.0, 0.0, 0.0, 0.0, 1.0, 0.0, 0.0, 0.0, 0.0, 1.0, 0.0, 0.0, 0.0, 0.0, 1.0 ],
  "shapes" : [ {
    "id" : "71a34080-ac85-4f0e-bfbe-081454d983b5",
    "vertices" : [ {
      "x" : -41.12461,
      "y" : 0.0,
      "z" : 0.0
    }, {
      "x" : -34.27051,
      "y" : -2.618034,
      "z" : 4.236068
    }, {
      "x" : -34.27051,
      "y" : -11.09017,
      "z" : 4.236068
    }, {
      "x" : -41.12461,
      "y" : -13.708204,
      "z" : 0.0
    } ],
    "faces" : [ {
      "vertices" : [ 0, 1, 2 ]
    }, {
      "vertices" : [ 0, 2, 3 ]
    }, {
      "vertices" : [ 0, 3, 2 ]
    }, {
      "vertices" : [ 0, 2, 1 ]
    } ]
  }, {
    "id" : "7edd2edd-706a-44e6-a3db-3f91454f9846",
    "vertices" : [ {
      "x" : 1.0,
      "y" : 0.309017,
      "z" : 0.19098301
    }, {
      "x" : 1.0,
      "y" : -0.309017,
      "z" : 0.19098301
    }, {
      "x" : 12.708204,
      "y" : -0.309017,
      "z" : 0.19098301
    }, {
      "x" : 12.708204,
      "y" : 0.309017,
      "z" : 0.19098301
    }, {
      "x" : 12.708204,
      "y" : -0.309017,
      "z" : -0.19098301
    }, {
      "x" : 12.708204,
      "y" : 0.309017,
      "z" : -0.19098301
    }, {
      "x" : 13.326238,
      "y" : 0.0,
      "z" : 0.0
    }, {
      "x" : 0.38196602,
      "y" : 0.0,
      "z" : 0.0
    }, {
      "x" : 1.0,
      "y" : 0.309017,
      "z" : -0.19098301
    }, {
      "x" : 1.0,
      "y" : -0.309017,
      "z" : -0.19098301
    }, {
      "x" : 13.708204,
      "y" : 0.0,
      "z" : 0.0
    } ],
    "faces" : [ {
      "vertices" : [ 1, 9, 4 ]
    }, {
      "vertices" : [ 1, 4, 2 ]
    }, {
      "vertices" : [ 0, 3, 5 ]
    }, {
      "vertices" : [ 0, 5, 8 ]
    }, {
      "vertices" : [ 1, 7, 9 ]
    }, {
      "vertices" : [ 0, 1, 2 ]
    }, {
      "vertices" : [ 0, 2, 3 ]
    }, {
      "vertices" : [ 7, 8, 9 ]
    }, {
      "vertices" : [ 0, 7, 1 ]
    }, {
      "vertices" : [ 4, 9, 8 ]
    }, {
      "vertices" : [ 4, 8, 5 ]
    }, {
      "vertices" : [ 2, 6, 3 ]
    }, {
      "vertices" : [ 2, 4, 6 ]
    }, {
      "vertices" : [ 3, 6, 5 ]
    }, {
      "vertices" : [ 4, 5, 6 ]
    }, {
      "vertices" : [ 0, 8, 7 ]
    } ]
  }, {
    "id" : "c601b1bf-5753-4674-b4f4-5c6c169aedcc",
    "vertices" : [ {
      "x" : 1.0,
      "y" : 0.309017,
      "z" : 0.19098301
    }, {
      "x" : 1.0,
      "y" : -0.309017,
      "z" : 0.19098301
    }, {
      "x" : 7.472136,
      "y" : -0.309017,
      "z" : 0.19098301
    }, {
      "x" : 7.472136,
      "y" : 0.309017,
      "z" : 0.19098301
    }, {
      "x" : 7.472136,
      "y" : -0.309017,
      "z" : -0.19098301
    }, {
      "x" : 7.472136,
      "y" : 0.309017,
      "z" : -0.19098301
    }, {
      "x" : 8.09017,
      "y" : 0.0,
      "z" : 0.0
    }, {
      "x" : 0.38196602,
      "y" : 0.0,
      "z" : 0.0
    }, {
      "x" : 1.0,
      "y" : 0.309017,
      "z" : -0.19098301
    }, {
      "x" : 1.0,
      "y" : -0.309017,
      "z" : -0.19098301
    }, {
      "x" : 8.472136,
      "y" : 0.0,
      "z" : 0.0
    } ],
    "faces" : [ {
      "vertices" : [ 1, 9, 4 ]
    }, {
      "vertices" : [ 1, 4, 2 ]
    }, {
      "vertices" : [ 0, 3, 5 ]
    }, {
      "vertices" : [ 0, 5, 8 ]
    }, {
      "vertices" : [ 1, 7, 9 ]
    }, {
      "vertices" : [ 0, 1, 2 ]
    }, {
      "vertices" : [ 0, 2, 3 ]
    }, {
      "vertices" : [ 7, 8, 9 ]
    }, {
      "vertices" : [ 0, 7, 1 ]
    }, {
      "vertices" : [ 4, 9, 8 ]
    }, {
      "vertices" : [ 4, 8, 5 ]
    }, {
      "vertices" : [ 2, 6, 3 ]
    }, {
      "vertices" : [ 2, 4, 6 ]
    }, {
      "vertices" : [ 3, 6, 5 ]
    }, {
      "vertices" : [ 4, 5, 6 ]
    }, {
      "vertices" : [ 0, 8, 7 ]
    } ]
  }, {
    "id" : "eaced34d-6ba9-4d01-9513-ad5d7d735895",
    "vertices" : [ {
      "x" : -13.708204,
      "y" : -27.416409,
      "z" : 6.854102
    }, {
      "x" : -13.708204,
      "y" : -27.416409,
      "z" : -6.854102
    }, {
      "x" : -17.944271,
      "y" : -24.798374,
      "z" : 0.0
    } ],
    "faces" : [ {
      "vertices" : [ 0, 1, 2 ]
    }, {
      "vertices" : [ 0, 2, 1 ]
    } ]
  }, {
    "id" : "e0946d6d-4d08-49db-9138-e5a35d6bb533",
    "vertices" : [ {
      "x" : 0.309017,
      "y" : -0.309017,
      "z" : -0.309017
    }, {
      "x" : 0.5,
      "y" : 0.0,
      "z" : -0.19098301
    }, {
      "x" : 0.5,
      "y" : 0.0,
      "z" : 0.19098301
    }, {
      "x" : 0.309017,
      "y" : -0.309017,
      "z" : 0.309017
    }, {
      "x" : 0.19098301,
      "y" : -0.5,
      "z" : 0.0
    }, {
      "x" : 0.0,
      "y" : 0.19098301,
      "z" : 0.5
    }, {
      "x" : 0.0,
      "y" : -0.19098301,
      "z" : 0.5
    }, {
      "x" : 0.309017,
      "y" : 0.309017,
      "z" : 0.309017
    }, {
      "x" : -0.309017,
      "y" : -0.309017,
      "z" : 0.309017
    }, {
      "x" : -0.309017,
      "y" : 0.309017,
      "z" : 0.309017
    }, {
      "x" : -0.5,
      "y" : 0.0,
      "z" : 0.19098301
    }, {
      "x" : 0.0,
      "y" : -0.19098301,
      "z" : -0.5
    }, {
      "x" : 0.0,
      "y" : 0.19098301,
      "z" : -0.5
    }, {
      "x" : 0.309017,
      "y" : 0.309017,
      "z" : -0.309017
    }, {
      "x" : -0.309017,
      "y" : -0.309017,
      "z" : -0.309017
    }, {
      "x" : -0.19098301,
      "y" : -0.5,
      "z" : 0.0
    }, {
      "x" : -0.5,
      "y" : 0.0,
      "z" : -0.19098301
    }, {
      "x" : 0.19098301,
      "y" : 0.5,
      "z" : 0.0
    }, {
      "x" : -0.309017,
      "y" : 0.309017,
      "z" : -0.309017
    }, {
      "x" : 0.0,
      "y" : 0.0,
      "z" : 0.0
    }, {
      "x" : -0.19098301,
      "y" : 0.5,
      "z" : 0.0
    } ],
    "faces" : [ {
      "vertices" : [ 12, 18, 20 ]
    }, {
      "vertices" : [ 12, 20, 17 ]
    }, {
      "vertices" : [ 12, 17, 13 ]
    }, {
      "vertices" : [ 3, 6, 8 ]
    }, {
      "vertices" : [ 3, 8, 15 ]
    }, {
      "vertices" : [ 3, 15, 4 ]
    }, {
      "vertices" : [ 0, 11, 12 ]
    }, {
      "vertices" : [ 0, 12, 13 ]
    }, {
      "vertices" : [ 0, 13, 1 ]
    }, {
      "vertices" : [ 5, 9, 10 ]
    }, {
      "vertices" : [ 5, 10, 8 ]
    }, {
      "vertices" : [ 5, 8, 6 ]
    }, {
      "vertices" : [ 2, 7, 5 ]
    }, {
      "vertices" : [ 2, 5, 6 ]
    }, {
      "vertices" : [ 2, 6, 3 ]
    }, {
      "vertices" : [ 11, 14, 16 ]
    }, {
      "vertices" : [ 11, 16, 18 ]
    }, {
      "vertices" : [ 11, 18, 12 ]
    }, {
      "vertices" : [ 1, 13, 17 ]
    }, {
      "vertices" : [ 1, 17, 7 ]
    }, {
      "vertices" : [ 1, 7, 2 ]
    }, {
      "vertices" : [ 9, 20, 18 ]
    }, {
      "vertices" : [ 9, 18, 16 ]
    }, {
      "vertices" : [ 9, 16, 10 ]
    }, {
      "vertices" : [ 0, 1, 2 ]
    }, {
      "vertices" : [ 0, 2, 3 ]
    }, {
      "vertices" : [ 0, 3, 4 ]
    }, {
      "vertices" : [ 5, 7, 17 ]
    }, {
      "vertices" : [ 5, 17, 20 ]
    }, {
      "vertices" : [ 5, 20, 9 ]
    }, {
      "vertices" : [ 0, 4, 15 ]
    }, {
      "vertices" : [ 0, 15, 14 ]
    }, {
      "vertices" : [ 0, 14, 11 ]
    }, {
      "vertices" : [ 8, 10, 16 ]
    }, {
      "vertices" : [ 8, 16, 14 ]
    }, {
      "vertices" : [ 8, 14, 15 ]
    } ]
  }, {
    "id" : "2ef0a71c-52da-4079-aed9-071e25919c7f",
    "vertices" : [ {
      "x" : 1.618034,
      "y" : 25.798374,
      "z" : 6.854102
    }, {
      "x" : 8.472136,
      "y" : 18.944271,
      "z" : 13.708204
    }, {
      "x" : 1.618034,
      "y" : 12.09017,
      "z" : 6.854102
    } ],
    "faces" : [ {
      "vertices" : [ 0, 1, 2 ]
    }, {
      "vertices" : [ 0, 2, 1 ]
    } ]
  }, {
    "id" : "a25e1b5c-4972-4aa9-b068-ba810822f48d",
    "vertices" : [ {
      "x" : 6.972136,
      "y" : 1.5,
      "z" : -0.5
    }, {
      "x" : 1.190983,
      "y" : 0.0,
      "z" : 0.072949015
    }, {
      "x" : 1.190983,
      "y" : 0.0,
      "z" : -0.309017
    }, {
      "x" : 6.972136,
      "y" : 1.5,
      "z" : -0.881966
    }, {
      "x" : 7.708204,
      "y" : 2.0,
      "z" : -0.76393205
    }, {
      "x" : 1.190983,
      "y" : 0.618034,
      "z" : -0.309017
    }, {
      "x" : 6.972136,
      "y" : 2.118034,
      "z" : -0.881966
    }, {
      "x" : 6.972136,
      "y" : 2.118034,
      "z" : -0.5
    }, {
      "x" : 1.190983,
      "y" : 0.618034,
      "z" : 0.072949015
    }, {
      "x" : 0.45491502,
      "y" : 0.11803399,
      "z" : -0.045084972
    }, {
      "x" : 8.163119,
      "y" : 2.118034,
      "z" : -0.809017
    } ],
    "faces" : [ {
      "vertices" : [ 2, 5, 6 ]
    }, {
      "vertices" : [ 2, 6, 3 ]
    }, {
      "vertices" : [ 0, 7, 8 ]
    }, {
      "vertices" : [ 0, 8, 1 ]
    }, {
      "vertices" : [ 2, 9, 5 ]
    }, {
      "vertices" : [ 4, 6, 7 ]
    }, {
      "vertices" : [ 1, 8, 9 ]
    }, {
      "vertices" : [ 0, 1, 2 ]
    }, {
      "vertices" : [ 0, 2, 3 ]
    }, {
      "vertices" : [ 5, 9, 8 ]
    }, {
      "vertices" : [ 0, 3, 4 ]
    }, {
      "vertices" : [ 5, 8, 7 ]
    }, {
      "vertices" : [ 5, 7, 6 ]
    }, {
      "vertices" : [ 0, 4, 7 ]
    }, {
      "vertices" : [ 1, 9, 2 ]
    }, {
      "vertices" : [ 3, 6, 4 ]
    } ]
  }, {
    "id" : "d3d2ee12-cc02-4d49-adc3-084b02ca0e0f",
    "vertices" : [ {
      "x" : 27.416409,
      "y" : -13.708204,
      "z" : 0.0
    }, {
      "x" : 13.708204,
      "y" : -13.708204,
      "z" : 0.0
    }, {
      "x" : 16.326239,
      "y" : -20.562305,
      "z" : -4.236068
    }, {
      "x" : 24.798374,
      "y" : -20.562305,
      "z" : -4.236068
    } ],
    "faces" : [ {
      "vertices" : [ 0, 1, 2 ]
    }, {
      "vertices" : [ 0, 2, 3 ]
    }, {
      "vertices" : [ 0, 3, 2 ]
    }, {
      "vertices" : [ 0, 2, 1 ]
    } ]
  }, {
    "id" : "3c4ceeef-d69e-446a-99ac-d4913d0f40f0",
    "vertices" : [ {
      "x" : -41.12461,
      "y" : -13.708204,
      "z" : 0.0
    }, {
      "x" : -34.27051,
      "y" : -11.09017,
      "z" : 4.236068
    }, {
      "x" : -27.416409,
      "y" : -13.708204,
      "z" : 0.0
    } ],
    "faces" : [ {
      "vertices" : [ 0, 1, 2 ]
    }, {
      "vertices" : [ 0, 2, 1 ]
    } ]
  }, {
    "id" : "dd742a06-056b-414d-a8d7-38a4f0bfd129",
    "vertices" : [ {
      "x" : 11.09017,
      "y" : 0.0,
      "z" : -4.236068
    }, {
      "x" : 10.781153,
      "y" : 0.0,
      "z" : -4.118034
    }, {
      "x" : 10.376644,
      "y" : -0.1545085,
      "z" : -3.677051
    }, {
      "x" : 10.185661,
      "y" : -0.1545085,
      "z" : -4.177051
    }, {
      "x" : 0.9045085,
      "y" : -0.1545085,
      "z" : -0.059016995
    }, {
      "x" : 0.809017,
      "y" : 0.309017,
      "z" : -0.309017
    }, {
      "x" : 0.309017,
      "y" : 0.0,
      "z" : -0.11803399
    }, {
      "x" : 10.281153,
      "y" : 0.309017,
      "z" : -3.927051
    }, {
      "x" : 0.7135255,
      "y" : -0.1545085,
      "z" : -0.559017
    } ],
    "faces" : [ {
      "vertices" : [ 2, 4, 8 ]
    }, {
      "vertices" : [ 2, 8, 3 ]
    }, {
      "vertices" : [ 2, 7, 5 ]
    }, {
      "vertices" : [ 2, 5, 4 ]
    }, {
      "vertices" : [ 4, 6, 8 ]
    }, {
      "vertices" : [ 5, 8, 6 ]
    }, {
      "vertices" : [ 1, 2, 3 ]
    }, {
      "vertices" : [ 3, 8, 5 ]
    }, {
      "vertices" : [ 3, 5, 7 ]
    }, {
      "vertices" : [ 1, 7, 2 ]
    }, {
      "vertices" : [ 1, 3, 7 ]
    }, {
      "vertices" : [ 4, 5, 6 ]
    } ]
  }, {
    "id" : "ffad955e-05fb-43e4-8b71-e3782956fc69",
    "vertices" : [ {
      "x" : 34.27051,
      "y" : 6.854102,
      "z" : 6.854102
    }, {
      "x" : 41.12461,
      "y" : 13.708204,
      "z" : 0.0
    }, {
      "x" : 41.12461,
      "y" : 0.0,
      "z" : 0.0
    } ],
    "faces" : [ {
      "vertices" : [ 0, 1, 2 ]
    }, {
      "vertices" : [ 0, 2, 1 ]
    } ]
  }, {
    "id" : "1172aab0-b354-42ae-af6d-fd1266363258",
    "vertices" : [ {
      "x" : 27.416409,
      "y" : 0.0,
      "z" : 0.0
    }, {
      "x" : 27.416409,
      "y" : 13.708204,
      "z" : 0.0
    }, {
      "x" : 34.27051,
      "y" : 6.854102,
      "z" : 6.854102
    } ],
    "faces" : [ {
      "vertices" : [ 0, 1, 2 ]
    }, {
      "vertices" : [ 0, 2, 1 ]
    } ]
  }, {
    "id" : "e14cf3ea-1602-46a1-a4ba-ce84368fa602",
    "vertices" : [ {
      "x" : 41.12461,
      "y" : 0.0,
      "z" : 0.0
    }, {
      "x" : 27.416409,
      "y" : 0.0,
      "z" : 0.0
    }, {
      "x" : 34.27051,
      "y" : 2.618034,
      "z" : -4.236068
    } ],
    "faces" : [ {
      "vertices" : [ 0, 1, 2 ]
    }, {
      "vertices" : [ 0, 2, 1 ]
    } ]
  }, {
    "id" : "022e1cc4-1b49-4268-ba74-9d7a69e3dab2",
    "vertices" : [ {
      "x" : 41.12461,
      "y" : 13.708204,
      "z" : 0.0
    }, {
      "x" : 54.832817,
      "y" : 13.708204,
      "z" : 0.0
    }, {
      "x" : 47.978714,
      "y" : 6.854102,
      "z" : 6.854102
    } ],
    "faces" : [ {
      "vertices" : [ 0, 1, 2 ]
    }, {
      "vertices" : [ 0, 2, 1 ]
    } ]
  }, {
    "id" : "76f14036-11fc-491b-8151-b5cb89dac876",
    "vertices" : [ {
      "x" : -27.416409,
      "y" : 13.708204,
      "z" : 0.0
    }, {
      "x" : -27.416409,
      "y" : 0.0,
      "z" : 0.0
    }, {
      "x" : -20.562305,
      "y" : 6.854102,
      "z" : -6.854102
    } ],
    "faces" : [ {
      "vertices" : [ 0, 1, 2 ]
    }, {
      "vertices" : [ 0, 2, 1 ]
    } ]
  }, {
    "id" : "1e8f59bc-0b90-4651-b55e-9f4d737fc3dd",
    "vertices" : [ {
      "x" : -54.832817,
      "y" : 13.708204,
      "z" : 0.0
    }, {
      "x" : -47.978714,
      "y" : 11.09017,
      "z" : 4.236068
    }, {
      "x" : -47.978714,
      "y" : 2.618034,
      "z" : 4.236068
    }, {
      "x" : -54.832817,
      "y" : 0.0,
      "z" : 0.0
    } ],
    "faces" : [ {
      "vertices" : [ 0, 1, 2 ]
    }, {
      "vertices" : [ 0, 2, 3 ]
    }, {
      "vertices" : [ 0, 3, 2 ]
    }, {
      "vertices" : [ 0, 2, 1 ]
    } ]
  }, {
    "id" : "1ec73a84-6daa-4508-847e-3bf945c9cf6d",
    "vertices" : [ {
      "x" : 15.326238,
      "y" : 12.09017,
      "z" : -6.854102
    }, {
      "x" : 22.18034,
      "y" : 18.944271,
      "z" : 0.0
    }, {
      "x" : 15.326238,
      "y" : 25.798374,
      "z" : -6.854102
    } ],
    "faces" : [ {
      "vertices" : [ 0, 1, 2 ]
    }, {
      "vertices" : [ 0, 2, 1 ]
    } ]
  }, {
    "id" : "a8458865-ba20-4cc6-acf8-a0b4055f1023",
    "vertices" : [ {
      "x" : -27.416409,
      "y" : 13.708204,
      "z" : 0.0
    }, {
      "x" : -27.416409,
      "y" : 27.416409,
      "z" : 0.0
    }, {
      "x" : -34.27051,
      "y" : 20.562305,
      "z" : -6.854102
    } ],
    "faces" : [ {
      "vertices" : [ 0, 1, 2 ]
    }, {
      "vertices" : [ 0, 2, 1 ]
    } ]
  }, {
    "id" : "e9618f66-5647-457b-94c0-f17be4d4345f",
    "vertices" : [ {
      "x" : 20.562305,
      "y" : -2.618034,
      "z" : -4.236068
    }, {
      "x" : 13.708204,
      "y" : 0.0,
      "z" : 0.0
    }, {
      "x" : 13.708204,
      "y" : -13.708204,
      "z" : 0.0
    }, {
      "x" : 20.562305,
      "y" : -11.09017,
      "z" : -4.236068
    } ],
    "faces" : [ {
      "vertices" : [ 0, 1, 2 ]
    }, {
      "vertices" : [ 0, 2, 3 ]
    }, {
      "vertices" : [ 0, 3, 2 ]
    }, {
      "vertices" : [ 0, 2, 1 ]
    } ]
  }, {
    "id" : "9bf4914b-e51e-46dd-b0f9-2995171bf361",
    "vertices" : [ {
      "x" : 8.472136,
      "y" : 32.652477,
      "z" : 0.0
    }, {
      "x" : 15.326238,
      "y" : 25.798374,
      "z" : 6.854102
    }, {
      "x" : 1.618034,
      "y" : 25.798374,
      "z" : 6.854102
    } ],
    "faces" : [ {
      "vertices" : [ 0, 1, 2 ]
    }, {
      "vertices" : [ 0, 2, 1 ]
    } ]
  }, {
    "id" : "3423f48c-2b08-4ab4-8fff-95c2e26a0aac",
    "vertices" : [ {
      "x" : 41.12461,
      "y" : 27.416409,
      "z" : 0.0
    }, {
      "x" : 54.832817,
      "y" : 27.416409,
      "z" : 0.0
    }, {
      "x" : 47.978714,
      "y" : 20.562305,
      "z" : 6.854102
    } ],
    "faces" : [ {
      "vertices" : [ 0, 1, 2 ]
    }, {
      "vertices" : [ 0, 2, 1 ]
    } ]
  }, {
    "id" : "46b9a07b-e430-47f3-86eb-c9616fb9862f",
    "vertices" : [ {
      "x" : 1.618034,
      "y" : 12.09017,
      "z" : 6.854102
    }, {
      "x" : 8.472136,
      "y" : 5.236068,
      "z" : 0.0
    }, {
      "x" : 1.618034,
      "y" : 12.09017,
      "z" : -6.854102
    } ],
    "faces" : [ {
      "vertices" : [ 0, 1, 2 ]
    }, {
      "vertices" : [ 0, 2, 1 ]
    } ]
  }, {
    "id" : "25bea118-a687-40a3-81bb-270d9e496413",
    "vertices" : [ {
      "x" : -47.978714,
      "y" : 11.09017,
      "z" : 4.236068
    }, {
      "x" : -41.12461,
      "y" : 13.708204,
      "z" : 0.0
    }, {
      "x" : -41.12461,
      "y" : 0.0,
      "z" : 0.0
    }, {
      "x" : -47.978714,
      "y" : 2.618034,
      "z" : 4.236068
    } ],
    "faces" : [ {
      "vertices" : [ 0, 1, 2 ]
    }, {
      "vertices" : [ 0, 2, 3 ]
    }, {
      "vertices" : [ 0, 3, 2 ]
    }, {
      "vertices" : [ 0, 2, 1 ]
    } ]
  }, {
    "id" : "4cb97d49-af3f-49d9-90a4-d3efed70bc1c",
    "vertices" : [ {
      "x" : -5.236068,
      "y" : 18.944271,
      "z" : 0.0
    }, {
      "x" : 1.618034,
      "y" : 25.798374,
      "z" : 6.854102
    }, {
      "x" : 1.618034,
      "y" : 25.798374,
      "z" : -6.854102
    } ],
    "faces" : [ {
      "vertices" : [ 0, 1, 2 ]
    }, {
      "vertices" : [ 0, 2, 1 ]
    } ]
  }, {
    "id" : "f3f29326-aeac-4854-b88f-bc0752e0b09d",
    "vertices" : [ {
      "x" : 22.18034,
      "y" : 18.944271,
      "z" : 0.0
    }, {
      "x" : 15.326238,
      "y" : 12.09017,
      "z" : 6.854102
    }, {
      "x" : 15.326238,
      "y" : 25.798374,
      "z" : 6.854102
    } ],
    "faces" : [ {
      "vertices" : [ 0, 1, 2 ]
    }, {
      "vertices" : [ 0, 2, 1 ]
    } ]
  }, {
    "id" : "a9516bd8-5f83-4af7-be83-ce0b7c4a5fb9",
    "vertices" : [ {
      "x" : 54.832817,
      "y" : 13.708204,
      "z" : 0.0
    }, {
      "x" : 41.12461,
      "y" : 13.708204,
      "z" : 0.0
    }, {
      "x" : 47.978714,
      "y" : 20.562305,
      "z" : 6.854102
    } ],
    "faces" : [ {
      "vertices" : [ 0, 1, 2 ]
    }, {
      "vertices" : [ 0, 2, 1 ]
    } ]
  }, {
    "id" : "bcca0c05-faa0-44b0-8c55-cc84da129b94",
    "vertices" : [ {
      "x" : 27.416409,
      "y" : -13.708204,
      "z" : 0.0
    }, {
      "x" : 27.416409,
      "y" : 0.0,
      "z" : 0.0
    }, {
      "x" : 34.27051,
      "y" : -6.854102,
      "z" : 6.854102
    } ],
    "faces" : [ {
      "vertices" : [ 0, 1, 2 ]
    }, {
      "vertices" : [ 0, 2, 1 ]
    } ]
  }, {
    "id" : "57dcaca4-3c6d-4757-94ba-0bf6a238f07c",
    "vertices" : [ {
      "x" : 34.27051,
      "y" : -6.854102,
      "z" : 6.854102
    }, {
      "x" : 41.12461,
      "y" : 0.0,
      "z" : 0.0
    }, {
      "x" : 41.12461,
      "y" : -13.708204,
      "z" : 0.0
    } ],
    "faces" : [ {
      "vertices" : [ 0, 1, 2 ]
    }, {
      "vertices" : [ 0, 2, 1 ]
    } ]
  }, {
    "id" : "a66f3e11-cad7-4321-849c-78bfb3b333a5",
    "vertices" : [ {
      "x" : -6.854102,
      "y" : -9.472136,
      "z" : 4.236068
    }, {
      "x" : -6.854102,
      "y" : -9.472136,
      "z" : -4.236068
    }, {
      "x" : 0.0,
      "y" : -13.708204,
      "z" : -6.854102
    }, {
      "x" : 0.0,
      "y" : -13.708204,
      "z" : 6.854102
    } ],
    "faces" : [ {
      "vertices" : [ 0, 1, 2 ]
    }, {
      "vertices" : [ 0, 2, 3 ]
    }, {
      "vertices" : [ 0, 3, 2 ]
    }, {
      "vertices" : [ 0, 2, 1 ]
    } ]
  }, {
    "id" : "61e17bd7-c76f-40d1-b681-1f67aaeca303",
    "vertices" : [ {
      "x" : 30.034441,
      "y" : -6.854102,
      "z" : -4.236068
    }, {
      "x" : 27.416409,
      "y" : 0.0,
      "z" : 0.0
    }, {
      "x" : 27.416409,
      "y" : -13.708204,
      "z" : 0.0
    } ],
    "faces" : [ {
      "vertices" : [ 0, 1, 2 ]
    }, {
      "vertices" : [ 0, 2, 1 ]
    } ]
  }, {
    "id" : "01132498-a356-40a1-8a7a-ebf1a7ac6fc3",
    "vertices" : [ {
      "x" : 54.832817,
      "y" : 13.708204,
      "z" : 0.0
    }, {
      "x" : 41.12461,
      "y" : 13.708204,
      "z" : 0.0
    }, {
      "x" : 43.742645,
      "y" : 6.854102,
      "z" : -4.236068
    }, {
      "x" : 52.214783,
      "y" : 6.854102,
      "z" : -4.236068
    } ],
    "faces" : [ {
      "vertices" : [ 0, 1, 2 ]
    }, {
      "vertices" : [ 0, 2, 3 ]
    }, {
      "vertices" : [ 0, 3, 2 ]
    }, {
      "vertices" : [ 0, 2, 1 ]
    } ]
  }, {
    "id" : "0eee8de3-dd62-48ca-9c8a-51f6e6362432",
    "vertices" : [ {
      "x" : -41.12461,
      "y" : 27.416409,
      "z" : 0.0
    }, {
      "x" : -41.12461,
      "y" : 13.708204,
      "z" : 0.0
    }, {
      "x" : -34.27051,
      "y" : 20.562305,
      "z" : -6.854102
    } ],
    "faces" : [ {
      "vertices" : [ 0, 1, 2 ]
    }, {
      "vertices" : [ 0, 2, 1 ]
    } ]
  }, {
    "id" : "5e4a1fe9-2763-4514-af59-d0364e30f41e",
    "vertices" : [ {
      "x" : 54.832817,
      "y" : 13.708204,
      "z" : 0.0
    }, {
      "x" : 52.214783,
      "y" : 6.854102,
      "z" : -4.236068
    }, {
      "x" : 54.832817,
      "y" : 0.0,
      "z" : 0.0
    } ],
    "faces" : [ {
      "vertices" : [ 0, 1, 2 ]
    }, {
      "vertices" : [ 0, 2, 1 ]
    } ]
  }, {
    "id" : "d9bd8f89-0d1f-4e72-b992-1c2a52787ea6",
    "vertices" : [ {
      "x" : -30.034441,
      "y" : 6.854102,
      "z" : 4.236068
    }, {
      "x" : -27.416409,
      "y" : 13.708204,
      "z" : 0.0
    }, {
      "x" : -27.416409,
      "y" : 0.0,
      "z" : 0.0
    } ],
    "faces" : [ {
      "vertices" : [ 0, 1, 2 ]
    }, {
      "vertices" : [ 0, 2, 1 ]
    } ]
  }, {
    "id" : "c7656a27-bf8f-48c4-8a30-ca2179bd10ff",
    "vertices" : [ {
      "x" : -41.12461,
      "y" : -13.708204,
      "z" : 0.0
    }, {
      "x" : -27.416409,
      "y" : -13.708204,
      "z" : 0.0
    }, {
      "x" : -30.034441,
      "y" : -20.562305,
      "z" : 4.236068
    }, {
      "x" : -38.506577,
      "y" : -20.562305,
      "z" : 4.236068
    } ],
    "faces" : [ {
      "vertices" : [ 0, 1, 2 ]
    }, {
      "vertices" : [ 0, 2, 3 ]
    }, {
      "vertices" : [ 0, 3, 2 ]
    }, {
      "vertices" : [ 0, 2, 1 ]
    } ]
  }, {
    "id" : "3c245b2d-3d6a-4f15-aea9-85b2085f9f73",
    "vertices" : [ {
      "x" : 13.708204,
      "y" : 0.0,
      "z" : 0.0
    }, {
      "x" : 27.416409,
      "y" : 0.0,
      "z" : 0.0
    }, {
      "x" : 20.562305,
      "y" : -6.854102,
      "z" : 6.854102
    } ],
    "faces" : [ {
      "vertices" : [ 0, 1, 2 ]
    }, {
      "vertices" : [ 0, 2, 1 ]
    } ]
  }, {
    "id" : "37004f7d-9174-4b1a-b8e5-1d135a14e711",
    "vertices" : [ {
      "x" : 54.832817,
      "y" : 13.708204,
      "z" : 0.0
    }, {
      "x" : 54.832817,
      "y" : 27.416409,
      "z" : 0.0
    }, {
      "x" : 47.978714,
      "y" : 24.798374,
      "z" : -4.236068
    }, {
      "x" : 47.978714,
      "y" : 16.326239,
      "z" : -4.236068
    } ],
    "faces" : [ {
      "vertices" : [ 0, 1, 2 ]
    }, {
      "vertices" : [ 0, 2, 3 ]
    }, {
      "vertices" : [ 0, 3, 2 ]
    }, {
      "vertices" : [ 0, 2, 1 ]
    } ]
  }, {
    "id" : "15d7fc11-06ef-488e-b46b-a8a494f88bee",
    "vertices" : [ {
      "x" : 41.12461,
      "y" : 13.708204,
      "z" : 0.0
    }, {
      "x" : 43.742645,
      "y" : 6.854102,
      "z" : -4.236068
    }, {
      "x" : 41.12461,
      "y" : 0.0,
      "z" : 0.0
    } ],
    "faces" : [ {
      "vertices" : [ 0, 1, 2 ]
    }, {
      "vertices" : [ 0, 2, 1 ]
    } ]
  }, {
    "id" : "dffe754e-90b0-46a8-903a-f533bcec3c16",
    "vertices" : [ {
      "x" : -27.416409,
      "y" : -13.708204,
      "z" : 0.0
    }, {
      "x" : -27.416409,
      "y" : 0.0,
      "z" : 0.0
    }, {
      "x" : -34.27051,
      "y" : -6.854102,
      "z" : -6.854102
    } ],
    "faces" : [ {
      "vertices" : [ 0, 1, 2 ]
    }, {
      "vertices" : [ 0, 2, 1 ]
    } ]
  }, {
    "id" : "2bed2048-f4f1-4efd-b698-2e1a74412b83",
    "vertices" : [ {
      "x" : 8.472136,
      "y" : 18.944271,
      "z" : 13.708204
    }, {
      "x" : 15.326238,
      "y" : 12.09017,
      "z" : 6.854102
    }, {
      "x" : 1.618034,
      "y" : 12.09017,
      "z" : 6.854102
    } ],
    "faces" : [ {
      "vertices" : [ 0, 1, 2 ]
    }, {
      "vertices" : [ 0, 2, 1 ]
    } ]
  }, {
    "id" : "efe54f0e-f6d5-45ec-ab82-944b02754f3b",
    "vertices" : [ {
      "x" : -5.236068,
      "y" : 18.944271,
      "z" : 0.0
    }, {
      "x" : 1.618034,
      "y" : 12.09017,
      "z" : 6.854102
    }, {
      "x" : 1.618034,
      "y" : 12.09017,
      "z" : -6.854102
    } ],
    "faces" : [ {
      "vertices" : [ 0, 1, 2 ]
    }, {
      "vertices" : [ 0, 2, 1 ]
    } ]
  }, {
    "id" : "54b9ccc1-48ad-4bde-9b77-f48147686491",
    "vertices" : [ {
      "x" : -41.12461,
      "y" : 0.0,
      "z" : 0.0
    }, {
      "x" : -27.416409,
      "y" : 0.0,
      "z" : 0.0
    }, {
      "x" : -34.27051,
      "y" : -2.618034,
      "z" : 4.236068
    } ],
    "faces" : [ {
      "vertices" : [ 0, 1, 2 ]
    }, {
      "vertices" : [ 0, 2, 1 ]
    } ]
  }, {
    "id" : "36eaf355-ac26-4df8-9a33-9375e72d5998",
    "vertices" : [ {
      "x" : 1.618034,
      "y" : 12.09017,
      "z" : -6.854102
    }, {
      "x" : 1.618034,
      "y" : 25.798374,
      "z" : -6.854102
    }, {
      "x" : -5.236068,
      "y" : 18.944271,
      "z" : 0.0
    } ],
    "faces" : [ {
      "vertices" : [ 0, 1, 2 ]
    }, {
      "vertices" : [ 0, 2, 1 ]
    } ]
  }, {
    "id" : "6b23adb3-f744-4058-9f1a-a70e850a4cba",
    "vertices" : [ {
      "x" : 54.832817,
      "y" : 13.708204,
      "z" : 0.0
    }, {
      "x" : 41.12461,
      "y" : 13.708204,
      "z" : 0.0
    }, {
      "x" : 47.978714,
      "y" : 16.326239,
      "z" : -4.236068
    } ],
    "faces" : [ {
      "vertices" : [ 0, 1, 2 ]
    }, {
      "vertices" : [ 0, 2, 1 ]
    } ]
  }, {
    "id" : "1f7456f3-0696-415a-97c6-7c5839eb78fc",
    "vertices" : [ {
      "x" : 15.326238,
      "y" : 25.798374,
      "z" : -6.854102
    }, {
      "x" : 15.326238,
      "y" : 25.798374,
      "z" : 6.854102
    }, {
      "x" : 8.472136,
      "y" : 32.652477,
      "z" : 0.0
    } ],
    "faces" : [ {
      "vertices" : [ 0, 1, 2 ]
    }, {
      "vertices" : [ 0, 2, 1 ]
    } ]
  }, {
    "id" : "b9afcd1e-e68e-40d7-964d-afe48885d03c",
    "vertices" : [ {
      "x" : 13.708204,
      "y" : -13.708204,
      "z" : 0.0
    }, {
      "x" : 13.708204,
      "y" : -27.416409,
      "z" : 0.0
    }, {
      "x" : 16.326239,
      "y" : -20.562305,
      "z" : -4.236068
    } ],
    "faces" : [ {
      "vertices" : [ 0, 1, 2 ]
    }, {
      "vertices" : [ 0, 2, 1 ]
    } ]
  }, {
    "id" : "325a5536-78f3-4f76-89da-2a802ce438ea",
    "vertices" : [ {
      "x" : -27.416409,
      "y" : -27.416409,
      "z" : 0.0
    }, {
      "x" : -34.27051,
      "y" : -20.562305,
      "z" : -6.854102
    }, {
      "x" : -41.12461,
      "y" : -27.416409,
      "z" : 0.0
    } ],
    "faces" : [ {
      "vertices" : [ 0, 1, 2 ]
    }, {
      "vertices" : [ 0, 2, 1 ]
    } ]
  }, {
    "id" : "d91b2e3c-0de8-412d-b644-490ac676da3c",
    "vertices" : [ {
      "x" : 15.326238,
      "y" : 12.09017,
      "z" : 6.854102
    }, {
      "x" : 22.18034,
      "y" : 18.944271,
      "z" : 0.0
    }, {
      "x" : 15.326238,
      "y" : 12.09017,
      "z" : -6.854102
    } ],
    "faces" : [ {
      "vertices" : [ 0, 1, 2 ]
    }, {
      "vertices" : [ 0, 2, 1 ]
    } ]
  }, {
    "id" : "e5ddd131-3267-4fa9-a031-2102d7db3f6e",
    "vertices" : [ {
      "x" : -54.832817,
      "y" : 13.708204,
      "z" : 0.0
    }, {
      "x" : -41.12461,
      "y" : 13.708204,
      "z" : 0.0
    }, {
      "x" : -47.978714,
      "y" : 11.09017,
      "z" : 4.236068
    } ],
    "faces" : [ {
      "vertices" : [ 0, 1, 2 ]
    }, {
      "vertices" : [ 0, 2, 1 ]
    } ]
  }, {
    "id" : "57e95442-a3ea-49f2-94be-03303bd9be08",
    "vertices" : [ {
      "x" : -34.27051,
      "y" : 6.854102,
      "z" : -6.854102
    }, {
      "x" : -27.416409,
      "y" : 13.708204,
      "z" : 0.0
    }, {
      "x" : -41.12461,
      "y" : 13.708204,
      "z" : 0.0
    } ],
    "faces" : [ {
      "vertices" : [ 0, 1, 2 ]
    }, {
      "vertices" : [ 0, 2, 1 ]
    } ]
  }, {
    "id" : "82dbae90-9ae4-4323-82dc-5317e811ea53",
    "vertices" : [ {
      "x" : 0.0,
      "y" : -13.708204,
      "z" : 6.854102
    }, {
      "x" : 4.236068,
      "y" : -16.326239,
      "z" : 0.0
    }, {
      "x" : 4.236068,
      "y" : -24.798374,
      "z" : 0.0
    }, {
      "x" : 0.0,
      "y" : -27.416409,
      "z" : 6.854102
    } ],
    "faces" : [ {
      "vertices" : [ 0, 1, 2 ]
    }, {
      "vertices" : [ 0, 2, 3 ]
    }, {
      "vertices" : [ 0, 3, 2 ]
    }, {
      "vertices" : [ 0, 2, 1 ]
    } ]
  }, {
    "id" : "51b4f9b7-35a6-40e8-bb35-98a8899fe44d",
    "vertices" : [ {
      "x" : 27.416409,
      "y" : -13.708204,
      "z" : 0.0
    }, {
      "x" : 27.416409,
      "y" : 0.0,
      "z" : 0.0
    }, {
      "x" : 20.562305,
      "y" : -2.618034,
      "z" : -4.236068
    }, {
      "x" : 20.562305,
      "y" : -11.09017,
      "z" : -4.236068
    } ],
    "faces" : [ {
      "vertices" : [ 0, 1, 2 ]
    }, {
      "vertices" : [ 0, 2, 3 ]
    }, {
      "vertices" : [ 0, 3, 2 ]
    }, {
      "vertices" : [ 0, 2, 1 ]
    } ]
  }, {
    "id" : "7a37a293-06bd-4f3e-860b-8cd8cbe431e1",
    "vertices" : [ {
      "x" : -41.12461,
      "y" : 27.416409,
      "z" : 0.0
    }, {
      "x" : -34.27051,
      "y" : 24.798374,
      "z" : 4.236068
    }, {
      "x" : -34.27051,
      "y" : 16.326239,
      "z" : 4.236068
    }, {
      "x" : -41.12461,
      "y" : 13.708204,
      "z" : 0.0
    } ],
    "faces" : [ {
      "vertices" : [ 0, 1, 2 ]
    }, {
      "vertices" : [ 0, 2, 3 ]
    }, {
      "vertices" : [ 0, 3, 2 ]
    }, {
      "vertices" : [ 0, 2, 1 ]
    } ]
  }, {
    "id" : "a1d4a1ec-bb4c-4d4b-bd9f-481b01b36b11",
    "vertices" : [ {
      "x" : 27.416409,
      "y" : -27.416409,
      "z" : 0.0
    }, {
      "x" : 13.708204,
      "y" : -27.416409,
      "z" : 0.0
    }, {
      "x" : 20.562305,
      "y" : -20.562305,
      "z" : 6.854102
    } ],
    "faces" : [ {
      "vertices" : [ 0, 1, 2 ]
    }, {
      "vertices" : [ 0, 2, 1 ]
    } ]
  }, {
    "id" : "4b2d3df7-4747-463d-80d7-340f3eaebbfc",
    "vertices" : [ {
      "x" : -20.562305,
      "y" : 6.854102,
      "z" : -6.854102
    }, {
      "x" : -13.708204,
      "y" : 13.708204,
      "z" : 0.0
    }, {
      "x" : -27.416409,
      "y" : 13.708204,
      "z" : 0.0
    } ],
    "faces" : [ {
      "vertices" : [ 0, 1, 2 ]
    }, {
      "vertices" : [ 0, 2, 1 ]
    } ]
  }, {
    "id" : "b47a70df-febe-4fb1-980f-307c80631c9c",
    "vertices" : [ {
      "x" : 15.326238,
      "y" : 12.09017,
      "z" : 6.854102
    }, {
      "x" : 8.472136,
      "y" : 18.944271,
      "z" : 13.708204
    }, {
      "x" : 15.326238,
      "y" : 25.798374,
      "z" : 6.854102
    } ],
    "faces" : [ {
      "vertices" : [ 0, 1, 2 ]
    }, {
      "vertices" : [ 0, 2, 1 ]
    } ]
  }, {
    "id" : "31948929-630a-4821-833b-b54135ac4333",
    "vertices" : [ {
      "x" : -41.12461,
      "y" : 27.416409,
      "z" : 0.0
    }, {
      "x" : -27.416409,
      "y" : 27.416409,
      "z" : 0.0
    }, {
      "x" : -34.27051,
      "y" : 24.798374,
      "z" : 4.236068
    } ],
    "faces" : [ {
      "vertices" : [ 0, 1, 2 ]
    }, {
      "vertices" : [ 0, 2, 1 ]
    } ]
  }, {
    "id" : "4f3f74c6-acf1-46a6-ada7-46d06f07b212",
    "vertices" : [ {
      "x" : 47.978714,
      "y" : 24.798374,
      "z" : -4.236068
    }, {
      "x" : 41.12461,
      "y" : 27.416409,
      "z" : 0.0
    }, {
      "x" : 41.12461,
      "y" : 13.708204,
      "z" : 0.0
    }, {
      "x" : 47.978714,
      "y" : 16.326239,
      "z" : -4.236068
    } ],
    "faces" : [ {
      "vertices" : [ 0, 1, 2 ]
    }, {
      "vertices" : [ 0, 2, 3 ]
    }, {
      "vertices" : [ 0, 3, 2 ]
    }, {
      "vertices" : [ 0, 2, 1 ]
    } ]
  }, {
    "id" : "cf65e17c-66d9-4891-8440-2b09ccbb4ae8",
    "vertices" : [ {
      "x" : -34.27051,
      "y" : 24.798374,
      "z" : 4.236068
    }, {
      "x" : -34.27051,
      "y" : 16.326239,
      "z" : 4.236068
    }, {
      "x" : -27.416409,
