{
  "field" : "golden",
  "symmetry" : "icosahedral",
  "orientations" : [ [ 1.0, 0.0, 0.0, 0.0, 0.0, 1.0, 0.0, 0.0, 0.0, 0.0, 1.0, 0.0, 0.0, 0.0, 0.0, 1.0 ], [ 0.0, 0.0, 1.0, 0.0, 1.0, 0.0, 0.0, 0.0, 0.0, 1.0, 0.0, 0.0, 0.0, 0.0, 0.0, 1.0 ], [ 0.0, 1.0, 0.0, 0.0, 0.0, 0.0, 1.0, 0.0, 1.0, 0.0, 0.0, 0.0, 0.0, 0.0, 0.0, 1.0 ], [ 0.809017, 0.309017, 0.5, 0.0, 0.309017, 0.5, -0.809017, 0.0, -0.5, 0.809017, 0.309017, 0.0, 0.0, 0.0, 0.0, 1.0 ], [ -0.5, 0.809017, 0.309017, 0.0, 0.809017, 0.309017, 0.5, 0.0, 0.309017, 0.5, -0.809017, 0.0, 0.0, 0.0, 0.0, 1.0 ], [ 0.309017, 0.5, -0.809017, 0.0, -0.5, 0.809017, 0.309017, 0.0, 0.809017, 0.309017, 0.5, 0.0, 0.0, 0.0, 0.0, 1.0 ], [ 0.5, 0.809017, 0.309017, 0.0, 0.809017, -0.309017, -0.5, 0.0, -0.309017, 0.5, -0.809017, 0.0, 0.0, 0.0, 0.0, 1.0 ], [ -0.309017, 0.5, -0.809017, 0.0, 0.5, 0.809017, 0.309017, 0.0, 0.809017, -0.309017, -0.5, 0.0, 0.0, 0.0, 0.0, 1.0 ], [ 0.809017, -0.309017, -0.5, 0.0, -0.309017, 0.5, -0.809017, 0.0, 0.5, 0.809017, 0.309017, 0.0, 0.0, 0.0, 0.0, 1.0 ], [ 0.5, 0.809017, -0.309017, 0.0, 0.809017, -0.309017, 0.5, 0.0, 0.309017, -0.5, -0.809017, 0.0, 0.0, 0.0, 0.0, 1.0 ], [ 0.309017, -0.5, -0.809017, 0.0, 0.5, 0.809017, -0.309017, 0.0, 0.809017, -0.309017, 0.5, 0.0, 0.0, 0.0, 0.0, 1.0 ], [ 0.809017, -0.309017, 0.5, 0.0, 0.309017, -0.5, -0.809017, 0.0, 0.5, 0.809017, -0.309017, 0.0, 0.0, 0.0, 0.0, 1.0 ], [ 0.809017, 0.309017, -0.5, 0.0, 0.309017, 0.5, 0.809017, 0.0, 0.5, -0.809017, 0.309017, 0.0, 0.0, 0.0, 0.0, 1.0 ], [ 0.5, -0.809017, 0.309017, 0.0, 0.809017, 0.309017, -0.5, 0.0, 0.309017, 0.5, 0.809017, 0.0, 0.0, 0.0, 0.0, 1.0 ], [ 0.309017, 0.5, 0.809017, 0.0, 0.5, -0.809017, 0.309017, 0.0, 0.809017, 0.309017, -0.5, 0.0, 0.0, 0.0, 0.0, 1.0 ], [ 1.0, 0.0, 0.0, 0.0, 0.0, -1.0, 0.0, 0.0, 0.0, 0.0, -1.0, 0.0, 0.0, 0.0, 0.0, 1.0 ], [ 0.0, 0.0, 1.0, 0.0, -1.0, 0.0, 0.0, 0.0, 0.0, -1.0, 0.0, 0.0, 0.0, 0.0, 0.0, 1.0 ], [ 0.0, 1.0, 0.0, 0.0, 0.0, 0.0, -1.0, 0.0, -1.0, 0.0, 0.0, 0.0, 0.0, 0.0, 0.0, 1.0 ], [ 0.809017, 0.309017, 0.5, 0.0, -0.309017, -0.5, 0.809017, 0.0, 0.5, -0.809017, -0.309017, 0.0, 0.0, 0.0, 0.0, 1.0 ], [ -0.5, 0.809017, 0.309017, 0.0, -0.809017, -0.309017, -0.5, 0.0, -0.309017, -0.5, 0.809017, 0.0, 0.0, 0.0, 0.0, 1.0 ], [ 0.309017, 0.5, -0.809017, 0.0, 0.5, -0.809017, -0.309017, 0.0, -0.809017, -0.309017, -0.5, 0.0, 0.0, 0.0, 0.0, 1.0 ], [ 0.5, 0.809017, 0.309017, 0.0, -0.809017, 0.309017, 0.5, 0.0, 0.309017, -0.5, 0.809017, 0.0, 0.0, 0.0, 0.0, 1.0 ], [ -0.309017, 0.5, -0.809017, 0.0, -0.5, -0.809017, -0.309017, 0.0, -0.809017, 0.309017, 0.5, 0.0, 0.0, 0.0, 0.0, 1.0 ], [ 0.809017, -0.309017, -0.5, 0.0, 0.309017, -0.5, 0.809017, 0.0, -0.5, -0.809017, -0.309017, 0.0, 0.0, 0.0, 0.0, 1.0 ], [ 0.5, 0.809017, -0.309017, 0.0, -0.809017, 0.309017, -0.5, 0.0, -0.309017, 0.5, 0.809017, 0.0, 0.0, 0.0, 0.0, 1.0 ], [ 0.309017, -0.5, -0.809017, 0.0, -0.5, -0.809017, 0.309017, 0.0, -0.809017, 0.309017, -0.5, 0.0, 0.0, 0.0, 0.0, 1.0 ], [ 0.809017, -0.309017, 0.5, 0.0, -0.309017, 0.5, 0.809017, 0.0, -0.5, -0.809017, 0.309017, 0.0, 0.0, 0.0, 0.0, 1.0 ], [ 0.809017, 0.309017, -0.5, 0.0, -0.309017, -0.5, -0.809017, 0.0, -0.5, 0.809017, -0.309017, 0.0, 0.0, 0.0, 0.0, 1.0 ], [ 0.5, -0.809017, 0.309017, 0.0, -0.809017, -0.309017, 0.5, 0.0, -0.309017, -0.5, -0.809017, 0.0, 0.0, 0.0, 0.0, 1.0 ], [ 0.309017, 0.5, 0.809017, 0.0, -0.5, 0.809017, -0.309017, 0.0, -0.809017, -0.309017, 0.5, 0.0, 0.0, 0.0, 0.0, 1.0 ], [ -1.0, 0.0, 0.0, 0.0, 0.0, -1.0, 0.0, 0.0, 0.0, 0.0, 1.0, 0.0, 0.0, 0.0, 0.0, 1.0 ], [ 0.0, 0.0, -1.0, 0.0, -1.0, 0.0, 0.0, 0.0, 0.0, 1.0, 0.0, 0.0, 0.0, 0.0, 0.0, 1.0 ], [ 0.0, -1.0, 0.0, 0.0, 0.0, 0.0, -1.0, 0.0, 1.0, 0.0, 0.0, 0.0, 0.0, 0.0, 0.0, 1.0 ], [ -0.809017, -0.309017, -0.5, 0.0, -0.309017, -0.5, 0.809017, 0.0, -0.5, 0.809017, 0.309017, 0.0, 0.0, 0.0, 0.0, 1.0 ], [ 0.5, -0.809017, -0.309017, 0.0, -0.809017, -0.309017, -0.5, 0.0, 0.309017, 0.5, -0.809017, 0.0, 0.0, 0.0, 0.0, 1.0 ], [ -0.309017, -0.5, 0.809017, 0.0, 0.5, -0.809017, -0.309017, 0.0, 0.809017, 0.309017, 0.5, 0.0, 0.0, 0.0, 0.0, 1.0 ], [ -0.5, -0.809017, -0.309017, 0.0, -0.809017, 0.309017, 0.5, 0.0, -0.309017, 0.5, -0.809017, 0.0, 0.0, 0.0, 0.0, 1.0 ], [ 0.309017, -0.5, 0.809017, 0.0, -0.5, -0.809017, -0.309017, 0.0, 0.809017, -0.309017, -0.5, 0.0, 0.0, 0.0, 0.0, 1.0 ], [ -0.809017, 0.309017, 0.5, 0.0, 0.309017, -0.5, 0.809017, 0.0, 0.5, 0.809017, 0.309017, 0.0, 0.0, 0.0, 0.0, 1.0 ], [ -0.5, -0.809017, 0.309017, 0.0, -0.809017, 0.309017, -0.5, 0.0, 0.309017, -0.5, -0.809017, 0.0, 0.0, 0.0, 0.0, 1.0 ], [ -0.309017, 0.5, 0.809017, 0.0, -0.5, -0.809017, 0.309017, 0.0, 0.809017, -0.309017, 0.5, 0.0, 0.0, 0.0, 0.0, 1.0 ], [ -0.809017, 0.309017, -0.5, 0.0, -0.309017, 0.5, 0.809017, 0.0, 0.5, 0.809017, -0.309017, 0.0, 0.0, 0.0, 0.0, 1.0 ], [ -0.809017, -0.309017, 0.5, 0.0, -0.309017, -0.5, -0.809017, 0.0, 0.5, -0.809017, 0.309017, 0.0, 0.0, 0.0, 0.0, 1.0 ], [ -0.5, 0.809017, -0.309017, 0.0, -0.809017, -0.309017, 0.5, 0.0, 0.309017, 0.5, 0.809017, 0.0, 0.0, 0.0, 0.0, 1.0 ], [ -0.309017, -0.5, -0.809017, 0.0, -0.5, 0.809017, -0.309017, 0.0, 0.809017, 0.309017, -0.5, 0.0, 0.0, 0.0, 0.0, 1.0 ], [ -1.0, 0.0, 0.0, 0.0, 0.0, 1.0, 0.0, 0.0, 0.0, 0.0, -1.0, 0.0, 0.0, 0.0, 0.0, 1.0 ], [ 0.0, 0.0, -1.0, 0.0, 1.0, 0.0, 0.0, 0.0, 0.0, -1.0, 0.0, 0.0, 0.0, 0.0, 0.0, 1.0 ], [ 0.0, -1.0, 0.0, 0.0, 0.0, 0.0, 1.0, 0.0, -1.0, 0.0, 0.0, 0.0, 0.0, 0.0, 0.0, 1.0 ], [ -0.809017, -0.309017, -0.5, 0.0, 0.309017, 0.5, -0.809017, 0.0, 0.5, -0.809017, -0.309017, 0.0, 0.0, 0.0, 0.0, 1.0 ], [ 0.5, -0.809017, -0.309017, 0.0, 0.809017, 0.309017, 0.5, 0.0, -0.309017, -0.5, 0.809017, 0.0, 0.0, 0.0, 0.0, 1.0 ], [ -0.309017, -0.5, 0.809017, 0.0, -0.5, 0.809017, 0.309017, 0.0, -0.809017, -0.309017, -0.5, 0.0, 0.0, 0.0, 0.0, 1.0 ], [ -0.5, -0.809017, -0.309017, 0.0, 0.809017, -0.309017, -0.5, 0.0, 0.309017, -0.5, 0.809017, 0.0, 0.0, 0.0, 0.0, 1.0 ], [ 0.309017, -0.5, 0.809017, 0.0, 0.5, 0.809017, 0.309017, 0.0, -0.809017, 0.309017, 0.5, 0.0, 0.0, 0.0, 0.0, 1.0 ], [ -0.809017, 0.309017, 0.5, 0.0, -0.309017, 0.5, -0.809017, 0.0, -0.5, -0.809017, -0.309017, 0.0, 0.0, 0.0, 0.0, 1.0 ], [ -0.5, -0.809017, 0.309017, 0.0, 0.809017, -0.309017, 0.5, 0.0, -0.309017, 0.5, 0.809017, 0.0, 0.0, 0.0, 0.0, 1.0 ], [ -0.309017, 0.5, 0.809017, 0.0, 0.5, 0.809017, -0.309017, 0.0, -0.809017, 0.309017, -0.5, 0.0, 0.0, 0.0, 0.0, 1.0 ], [ -0.809017, 0.309017, -0.5, 0.0, 0.309017, -0.5, -0.809017, 0.0, -0.5, -0.809017, 0.309017, 0.0, 0.0, 0.0, 0.0, 1.0 ], [ -0.809017, -0.309017, 0.5, 0.0, 0.309017, 0.5, 0.809017, 0.0, -0.5, 0.809017, -0.309017, 0.0, 0.0, 0.0, 0.0, 1.0 ], [ -0.5, 0.809017, -0.309017, 0.0, 0.809017, 0.309017, -0.5, 0.0, -0.309017, -0.5, -0.809017, 0.0, 0.0, 0.0, 0.0, 1.0 ], [ -0.309017, -0.5, -0.809017, 0.0, 0.5, -0.809017, 0.309017, 0.0, -0.809017, -0.309017, 0.5, 0.0, 0.0, 0.0, 0.0, 1.0 ] ],
  "lights" : {
    "ambientColor" : "#292929",
    "backgroundColor" : "#D8EBFF",
    "directionalLights" : [ {
      "direction" : {
        "x" : 1.0,
        "y" : -1.0,
        "z" : -1.0
      },
      "color" : "#EBEBE4"
    }, {
      "direction" : {
        "x" : -1.0,
        "y" : 0.0,
        "z" : 0.0
      },
      "color" : "#E4E4EB"
    }, {
      "direction" : {
        "x" : 0.0,
        "y" : 0.0,
        "z" : -1.0
      },
      "color" : "#1E1E1E"
    } ]
  },
  "camera" : {
    "width" : 70.13185,
    "stereo" : false,
    "lookDirection" : {
      "x" : 0.0020334274,
      "y" : -0.019594481,
      "z" : -0.99980545
    },
    "upDirection" : {
      "x" : -0.024705645,
      "y" : 0.99949896,
      "z" : -0.019638633
    },
    "lookAtPoint" : {
      "x" : 0.0,
      "y" : 0.0,
      "z" : 0.0
    },
    "viewDistance" : 155.84773,
    "nearClipDistance" : 0.38962126,
    "farClipDistance" : 311.69623,
    "fieldOfView" : 0.44263116,
    "perspective" : true,
    "position" : {
      "x" : -0.31690505,
      "y" : 3.0537555,
      "z" : 155.81741
    }
  },
  "embedding" : [ 1.0, 0.0, 0.0, 0.0, 0.0, 1.0, 0.0, 0.0, 0.0, 0.0, 1.0, 0.0, 0.0, 0.0, 0.0, 1.0 ],
  "shapes" : [ {
    "id" : "fe28916d-ab9b-4203-a6fb-3660f5952bcc",
    "vertices" : [ {
      "x" : -11.09017,
      "y" : 17.944271,
      "z" : -6.854102
    }, {
      "x" : -12.170223,
      "y" : 13.798971,
      "z" : -5.892864
    }, {
      "x" : -2.6353688,
      "y" : -1.6287476,
      "z" : -19.069708
    }, {
      "x" : 0.0,
      "y" : 0.0,
      "z" : -22.18034
    } ],
    "faces" : [ {
      "vertices" : [ 0, 1, 2 ]
    }, {
      "vertices" : [ 0, 2, 3 ]
    }, {
      "vertices" : [ 0, 3, 2 ]
    }, {
      "vertices" : [ 0, 2, 1 ]
    } ]
  }, {
    "id" : "ca977249-1837-4fca-9dff-80c5b5699cd8",
    "vertices" : [ {
      "x" : 22.18034,
      "y" : 0.0,
      "z" : 0.0
    }, {
      "x" : 19.069708,
      "y" : 2.6353688,
      "z" : -1.6287476
    }, {
      "x" : 5.892864,
      "y" : -6.8994856,
      "z" : -17.056465
    }, {
      "x" : 6.854102,
      "y" : -11.09017,
      "z" : -17.944271
    } ],
    "faces" : [ {
      "vertices" : [ 0, 1, 2 ]
    }, {
      "vertices" : [ 0, 2, 3 ]
    }, {
      "vertices" : [ 0, 3, 2 ]
    }, {
      "vertices" : [ 0, 2, 1 ]
    } ]
  }, {
    "id" : "e1caa7c1-ac0c-45de-9ef4-ae81aefb9122",
    "vertices" : [ {
      "x" : 17.944271,
      "y" : 0.0,
      "z" : 0.0
    }, {
      "x" : 19.069708,
      "y" : 2.6353688,
      "z" : -1.6287476
    }, {
      "x" : 5.892864,
      "y" : 12.170223,
      "z" : 13.798971
    }, {
      "x" : 5.545085,
      "y" : 8.972136,
      "z" : 14.5172205
    } ],
    "faces" : [ {
      "vertices" : [ 0, 1, 2 ]
    }, {
      "vertices" : [ 0, 2, 3 ]
    }, {
      "vertices" : [ 0, 3, 2 ]
    }, {
      "vertices" : [ 0, 2, 1 ]
    } ]
  }, {
    "id" : "e301a941-7cda-4ed9-ae82-6c273f7f7444",
    "vertices" : [ {
      "x" : -11.09017,
      "y" : 17.944271,
      "z" : 6.854102
    }, {
      "x" : -7.906107,
      "y" : 15.427718,
      "z" : 8.528233
    }, {
      "x" : -13.798971,
      "y" : -5.892864,
      "z" : 12.170223
    }, {
      "x" : -17.944271,
      "y" : -6.854102,
      "z" : 11.09017
    } ],
    "faces" : [ {
      "vertices" : [ 0, 1, 2 ]
    }, {
      "vertices" : [ 0, 2, 3 ]
    }, {
      "vertices" : [ 0, 3, 2 ]
    }, {
      "vertices" : [ 0, 2, 1 ]
    } ]
  }, {
    "id" : "cf65bf7c-fa19-47eb-83a1-97b516cb2f96",
    "vertices" : [ {
      "x" : 8.972136,
      "y" : -14.5172205,
      "z" : -5.545085
    }, {
      "x" : 11.163602,
      "y" : -15.427718,
      "z" : -3.2574952
    }, {
      "x" : 17.056465,
      "y" : 5.892864,
      "z" : -6.8994856
    }, {
      "x" : 14.5172205,
      "y" : 5.545085,
      "z" : -8.972136
    } ],
    "faces" : [ {
      "vertices" : [ 0, 1, 2 ]
    }, {
      "vertices" : [ 0, 2, 3 ]
    }, {
      "vertices" : [ 0, 3, 2 ]
    }, {
      "vertices" : [ 0, 2, 1 ]
    } ]
  }, {
    "id" : "1420137e-4b66-4f1e-b99f-2e9e1728558d",
    "vertices" : [ {
      "x" : -11.09017,
      "y" : 17.944271,
      "z" : -6.854102
    }, {
      "x" : -11.163602,
      "y" : 15.427718,
      "z" : -3.2574952
    }, {
      "x" : 7.906107,
      "y" : 15.427718,
      "z" : 8.528233
    }, {
      "x" : 11.09017,
      "y" : 17.944271,
      "z" : 6.854102
    } ],
    "faces" : [ {
      "vertices" : [ 0, 1, 2 ]
    }, {
      "vertices" : [ 0, 2, 3 ]
    }, {
      "vertices" : [ 0, 3, 2 ]
    }, {
      "vertices" : [ 0, 2, 1 ]
    } ]
  }, {
    "id" : "af4b02f9-518b-4ae6-a630-d976933807e3",
    "vertices" : [ {
      "x" : -17.944271,
      "y" : -6.854102,
      "z" : 11.09017
    }, {
      "x" : -17.056465,
      "y" : -5.892864,
      "z" : 6.8994856
    }, {
      "x" : -11.163602,
      "y" : 15.427718,
      "z" : 3.2574952
    }, {
      "x" : -11.09017,
      "y" : 17.944271,
      "z" : 6.854102
    } ],
    "faces" : [ {
      "vertices" : [ 0, 1, 2 ]
    }, {
      "vertices" : [ 0, 2, 3 ]
    }, {
      "vertices" : [ 0, 3, 2 ]
    }, {
      "vertices" : [ 0, 2, 1 ]
    } ]
  }, {
    "id" : "08f3ee9f-2570-4474-a31d-92c0f1e1840a",
    "vertices" : [ {
      "x" : -17.944271,
      "y" : 6.854102,
      "z" : 11.09017
    }, {
      "x" : -17.056465,
      "y" : 5.892864,
      "z" : 6.8994856
    }, {
      "x" : -11.163602,
      "y" : -15.427718,
      "z" : 3.2574952
    }, {
      "x" : -11.09017,
      "y" : -17.944271,
      "z" : 6.854102
    } ],
    "faces" : [ {
      "vertices" : [ 0, 1, 2 ]
    }, {
      "vertices" : [ 0, 2, 3 ]
    }, {
      "vertices" : [ 0, 3, 2 ]
    }, {
      "vertices" : [ 0, 2, 1 ]
    } ]
  }, {
    "id" : "1c538a79-23d8-4e6d-878b-c3ca26bb96bf",
    "vertices" : [ {
      "x" : 6.854102,
      "y" : -11.09017,
      "z" : -17.944271
    }, {
      "x" : 5.892864,
      "y" : -12.170223,
      "z" : -13.798971
    }, {
      "x" : 19.069708,
      "y" : -2.6353688,
      "z" : 1.6287476
    }, {
      "x" : 22.18034,
      "y" : 0.0,
      "z" : 0.0
    } ],
    "faces" : [ {
      "vertices" : [ 0, 1, 2 ]
    }, {
      "vertices" : [ 0, 2, 3 ]
    }, {
      "vertices" : [ 0, 3, 2 ]
    }, {
      "vertices" : [ 0, 2, 1 ]
    } ]
  }, {
    "id" : "470586f6-3f2c-41a6-b1bf-9d3ff5ab91aa",
    "vertices" : [ {
      "x" : -6.854102,
      "y" : -11.09017,
      "z" : 17.944271
    }, {
      "x" : -8.528233,
      "y" : -7.906107,
      "z" : 15.427718
    }, {
      "x" : -12.170223,
      "y" : -13.798971,
      "z" : -5.892864
    }, {
      "x" : -11.09017,
      "y" : -17.944271,
      "z" : -6.854102
    } ],
    "faces" : [ {
      "vertices" : [ 0, 1, 2 ]
    }, {
      "vertices" : [ 0, 2, 3 ]
    }, {
      "vertices" : [ 0, 3, 2 ]
    }, {
      "vertices" : [ 0, 2, 1 ]
    } ]
  }, {
    "id" : "f1b596e6-9a16-4175-9a1a-925c30913c0e",
    "vertices" : [ {
      "x" : 22.18034,
      "y" : 0.0,
      "z" : 0.0
    }, {
      "x" : 19.069708,
      "y" : -2.6353688,
      "z" : 1.6287476
    }, {
      "x" : 5.892864,
      "y" : 6.8994856,
      "z" : 17.056465
    }, {
      "x" : 6.854102,
      "y" : 11.09017,
      "z" : 17.944271
    } ],
    "faces" : [ {
      "vertices" : [ 0, 1, 2 ]
    }, {
      "vertices" : [ 0, 2, 3 ]
    }, {
      "vertices" : [ 0, 3, 2 ]
    }, {
      "vertices" : [ 0, 2, 1 ]
    } ]
  }, {
    "id" : "075062a3-f07a-4c61-acd3-44ae9897d45b",
    "vertices" : [ {
      "x" : -5.545085,
      "y" : -8.972136,
      "z" : 14.5172205
    }, {
      "x" : -3.2574952,
      "y" : -11.163602,
      "z" : 15.427718
    }, {
      "x" : -6.8994856,
      "y" : -17.056465,
      "z" : -5.892864
    }, {
      "x" : -8.972136,
      "y" : -14.5172205,
      "z" : -5.545085
    } ],
    "faces" : [ {
      "vertices" : [ 0, 1, 2 ]
    }, {
      "vertices" : [ 0, 2, 3 ]
    }, {
      "vertices" : [ 0, 3, 2 ]
    }, {
      "vertices" : [ 0, 2, 1 ]
    } ]
  }, {
    "id" : "3cc14daa-2c4f-4ef1-8591-e6f8ebe5c132",
    "vertices" : [ {
      "x" : -14.5172205,
      "y" : 5.545085,
      "z" : 8.972136
    }, {
      "x" : -15.427718,
      "y" : 3.2574952,
      "z" : 11.163602
    }, {
      "x" : 5.892864,
      "y" : 6.8994856,
      "z" : 17.056465
    }, {
      "x" : 5.545085,
      "y" : 8.972136,
      "z" : 14.5172205
    } ],
    "faces" : [ {
      "vertices" : [ 0, 1, 2 ]
    }, {
      "vertices" : [ 0, 2, 3 ]
    }, {
      "vertices" : [ 0, 3, 2 ]
    }, {
      "vertices" : [ 0, 2, 1 ]
    } ]
  }, {
    "id" : "b8d3c65d-fa77-4303-8d98-6fba8dd5f29c",
    "vertices" : [ {
      "x" : -5.545085,
      "y" : 8.972136,
      "z" : 14.5172205
    }, {
      "x" : -8.528233,
      "y" : 7.906107,
      "z" : 15.427718
    }, {
      "x" : 3.2574952,
      "y" : -11.163602,
      "z" : 15.427718
    }, {
      "x" : 5.545085,
      "y" : -8.972136,
      "z" : 14.5172205
    } ],
    "faces" : [ {
      "vertices" : [ 0, 1, 2 ]
    }, {
      "vertices" : [ 0, 2, 3 ]
    }, {
      "vertices" : [ 0, 3, 2 ]
    }, {
      "vertices" : [ 0, 2, 1 ]
    } ]
  }, {
    "id" : "7dba2b0e-dfdd-4482-aad9-9b7d08cc5efe",
    "vertices" : [ {
      "x" : 22.18034,
      "y" : 0.0,
      "z" : 0.0
    }, {
      "x" : 19.069708,
      "y" : -2.6353688,
      "z" : -1.6287476
    }, {
      "x" : 5.892864,
      "y" : 6.8994856,
      "z" : -17.056465
    }, {
      "x" : 6.854102,
      "y" : 11.09017,
      "z" : -17.944271
    } ],
    "faces" : [ {
      "vertices" : [ 0, 1, 2 ]
    }, {
      "vertices" : [ 0, 2, 3 ]
    }, {
      "vertices" : [ 0, 3, 2 ]
    }, {
      "vertices" : [ 0, 2, 1 ]
    } ]
  }, {
    "id" : "5d11d02f-622e-49e1-9a69-3d190410cac6",
    "vertices" : [ {
      "x" : 17.944271,
      "y" : 0.0,
      "z" : 0.0
    }, {
      "x" : 19.069708,
      "y" : -2.6353688,
      "z" : 1.6287476
    }, {
      "x" : 5.892864,
      "y" : -12.170223,
      "z" : -13.798971
    }, {
      "x" : 5.545085,
      "y" : -8.972136,
      "z" : -14.5172205
    } ],
    "faces" : [ {
      "vertices" : [ 0, 1, 2 ]
    }, {
      "vertices" : [ 0, 2, 3 ]
    }, {
      "vertices" : [ 0, 3, 2 ]
    }, {
      "vertices" : [ 0, 2, 1 ]
    } ]
  }, {
    "id" : "55828d04-1739-4904-b86f-b88bcf549f69",
    "vertices" : [ {
      "x" : -8.972136,
      "y" : 14.5172205,
      "z" : 5.545085
    }, {
      "x" : -6.8994856,
      "y" : 17.056465,
      "z" : 5.892864
    }, {
      "x" : 2.6353688,
      "y" : 1.6287476,
      "z" : 19.069708
    }, {
      "x" : 0.0,
      "y" : 0.0,
      "z" : 17.944271
    } ],
    "faces" : [ {
      "vertices" : [ 0, 1, 2 ]
    }, {
      "vertices" : [ 0, 2, 3 ]
    }, {
      "vertices" : [ 0, 3, 2 ]
    }, {
      "vertices" : [ 0, 2, 1 ]
    } ]
  }, {
    "id" : "85ed264a-1771-427b-a7bd-b8bb30063a15",
    "vertices" : [ {
      "x" : -11.09017,
      "y" : 17.944271,
      "z" : 6.854102
    }, {
      "x" : -12.170223,
      "y" : 13.798971,
      "z" : 5.892864
    }, {
      "x" : -2.6353688,
      "y" : -1.6287476,
      "z" : 19.069708
    }, {
      "x" : 0.0,
      "y" : 0.0,
      "z" : 22.18034
    } ],
    "faces" : [ {
      "vertices" : [ 0, 1, 2 ]
    }, {
      "vertices" : [ 0, 2, 3 ]
    }, {
      "vertices" : [ 0, 3, 2 ]
    }, {
      "vertices" : [ 0, 2, 1 ]
    } ]
  }, {
    "id" : "6773fa6a-b0e1-4cb0-a5f7-cf35c6ff1868",
    "vertices" : [ {
      "x" : 14.5172205,
      "y" : -5.545085,
      "z" : 8.972136
    }, {
      "x" : 17.056465,
      "y" : -5.892864,
      "z" : 6.8994856
    }, {
      "x" : 1.6287476,
      "y" : -19.069708,
      "z" : -2.6353688
    }, {
      "x" : 0.0,
      "y" : -17.944271,
      "z" : 0.0
    } ],
    "faces" : [ {
      "vertices" : [ 0, 1, 2 ]
    }, {
      "vertices" : [ 0, 2, 3 ]
    }, {
      "vertices" : [ 0, 3, 2 ]
    }, {
      "vertices" : [ 0, 2, 1 ]
    } ]
  }, {
    "id" : "d32de487-15d8-4a3d-9006-3f9375d31f57",
    "vertices" : [ {
      "x" : -17.944271,
      "y" : -6.854102,
      "z" : -11.09017
    }, {
      "x" : -15.427718,
      "y" : -3.2574952,
      "z" : -11.163602
    }, {
      "x" : -15.427718,
      "y" : 8.528233,
      "z" : 7.906107
    }, {
      "x" : -17.944271,
      "y" : 6.854102,
      "z" : 11.09017
    } ],
    "faces" : [ {
      "vertices" : [ 0, 1, 2 ]
    }, {
      "vertices" : [ 0, 2, 3 ]
    }, {
      "vertices" : [ 0, 3, 2 ]
    }, {
      "vertices" : [ 0, 2, 1 ]
    } ]
  }, {
    "id" : "1c32fe10-d989-4312-addd-483e9f7a61cf",
    "vertices" : [ {
      "x" : -14.5172205,
      "y" : -5.545085,
      "z" : 8.972136
    }, {
      "x" : -15.427718,
      "y" : -8.528233,
      "z" : 7.906107
    }, {
      "x" : -15.427718,
      "y" : 3.2574952,
      "z" : -11.163602
    }, {
      "x" : -14.5172205,
      "y" : 5.545085,
      "z" : -8.972136
    } ],
    "faces" : [ {
      "vertices" : [ 0, 1, 2 ]
    }, {
      "vertices" : [ 0, 2, 3 ]
    }, {
      "vertices" : [ 0, 3, 2 ]
    }, {
      "vertices" : [ 0, 2, 1 ]
    } ]
  }, {
    "id" : "255145e5-86bc-4ced-a33c-b8d8244dd3f2",
    "vertices" : [ {
      "x" : -8.972136,
      "y" : -14.5172205,
      "z" : 5.545085
    }, {
      "x" : -11.163602,
      "y" : -15.427718,
      "z" : 3.2574952
    }, {
      "x" : -17.056465,
      "y" : 5.892864,
      "z" : 6.8994856
    }, {
      "x" : -14.5172205,
      "y" : 5.545085,
      "z" : 8.972136
    } ],
    "faces" : [ {
      "vertices" : [ 0, 1, 2 ]
    }, {
      "vertices" : [ 0, 2, 3 ]
    }, {
      "vertices" : [ 0, 3, 2 ]
    }, {
      "vertices" : [ 0, 2, 1 ]
    } ]
  }, {
    "id" : "17762df0-a05a-4e24-bb8f-7aca35314e5e",
    "vertices" : [ {
      "x" : 5.545085,
      "y" : 8.972136,
      "z" : -14.5172205
    }, {
      "x" : 8.528233,
      "y" : 7.906107,
      "z" : -15.427718
    }, {
      "x" : -3.2574952,
      "y" : -11.163602,
      "z" : -15.427718
    }, {
      "x" : -5.545085,
      "y" : -8.972136,
      "z" : -14.5172205
    } ],
    "faces" : [ {
      "vertices" : [ 0, 1, 2 ]
    }, {
      "vertices" : [ 0, 2, 3 ]
    }, {
      "vertices" : [ 0, 3, 2 ]
    }, {
      "vertices" : [ 0, 2, 1 ]
    } ]
  }, {
    "id" : "36db5ae7-cf89-4fef-99f5-d817013fed12",
    "vertices" : [ {
      "x" : -5.545085,
      "y" : -8.972136,
      "z" : 14.5172205
    }, {
      "x" : -5.892864,
      "y" : -12.170223,
      "z" : 13.798971
    }, {
      "x" : 15.427718,
      "y" : -8.528233,
      "z" : 7.906107
    }, {
      "x" : 14.5172205,
      "y" : -5.545085,
      "z" : 8.972136
    } ],
    "faces" : [ {
      "vertices" : [ 0, 1, 2 ]
    }, {
      "vertices" : [ 0, 2, 3 ]
    }, {
      "vertices" : [ 0, 3, 2 ]
    }, {
      "vertices" : [ 0, 2, 1 ]
    } ]
  }, {
    "id" : "cdba9307-138e-4632-a8ab-5d654020efd5",
    "vertices" : [ {
      "x" : -6.854102,
      "y" : 11.09017,
      "z" : -17.944271
    }, {
      "x" : -3.2574952,
      "y" : 11.163602,
      "z" : -15.427718
    }, {
      "x" : 8.528233,
      "y" : -7.906107,
      "z" : -15.427718
    }, {
      "x" : 6.854102,
      "y" : -11.09017,
      "z" : -17.944271
    } ],
    "faces" : [ {
      "vertices" : [ 0, 1, 2 ]
    }, {
      "vertices" : [ 0, 2, 3 ]
    }, {
      "vertices" : [ 0, 3, 2 ]
    }, {
      "vertices" : [ 0, 2, 1 ]
    } ]
  }, {
    "id" : "c24d9bed-722b-4784-a0e0-9f992cfc57a4",
    "vertices" : [ {
      "x" : 6.854102,
      "y" : 11.09017,
      "z" : -17.944271
    }, {
      "x" : 5.892864,
      "y" : 6.8994856,
      "z" : -17.056465
    }, {
      "x" : -15.427718,
      "y" : 3.2574952,
      "z" : -11.163602
    }, {
      "x" : -17.944271,
      "y" : 6.854102,
      "z" : -11.09017
    } ],
    "faces" : [ {
      "vertices" : [ 0, 1, 2 ]
    }, {
      "vertices" : [ 0, 2, 3 ]
    }, {
      "vertices" : [ 0, 3, 2 ]
    }, {
      "vertices" : [ 0, 2, 1 ]
    } ]
  }, {
    "id" : "aaaa8463-4fb1-4b14-9754-c3c7708508f7",
    "vertices" : [ {
      "x" : -17.944271,
      "y" : 6.854102,
      "z" : 11.09017
    }, {
      "x" : -13.798971,
      "y" : 5.892864,
      "z" : 12.170223
    }, {
      "x" : 1.6287476,
      "y" : 19.069708,
      "z" : 2.6353688
    }, {
      "x" : 0.0,
      "y" : 22.18034,
      "z" : 0.0
    } ],
    "faces" : [ {
      "vertices" : [ 0, 1, 2 ]
    }, {
      "vertices" : [ 0, 2, 3 ]
    }, {
      "vertices" : [ 0, 3, 2 ]
    }, {
      "vertices" : [ 0, 2, 1 ]
    } ]
  }, {
    "id" : "4a0d1285-c077-4554-9728-7e7f13156095",
    "vertices" : [ {
      "x" : 0.0,
      "y" : -17.944271,
      "z" : 0.0
    }, {
      "x" : 1.6287476,
      "y" : -19.069708,
      "z" : 2.6353688
    }, {
      "x" : -13.798971,
      "y" : -5.892864,
      "z" : 12.170223
    }, {
      "x" : -14.5172205,
      "y" : -5.545085,
      "z" : 8.972136
    } ],
    "faces" : [ {
      "vertices" : [ 0, 1, 2 ]
    }, {
      "vertices" : [ 0, 2, 3 ]
    }, {
      "vertices" : [ 0, 3, 2 ]
    }, {
      "vertices" : [ 0, 2, 1 ]
    } ]
  }, {
    "id" : "adecbdb1-df8d-4732-be02-db558e20ce4c",
    "vertices" : [ {
      "x" : -17.944271,
      "y" : 6.854102,
      "z" : -11.09017
    }, {
      "x" : -15.427718,
      "y" : 8.528233,
      "z" : -7.906107
    }, {
      "x" : 5.892864,
      "y" : 12.170223,
      "z" : -13.798971
    }, {
      "x" : 6.854102,
      "y" : 11.09017,
      "z" : -17.944271
    } ],
    "faces" : [ {
      "vertices" : [ 0, 1, 2 ]
    }, {
      "vertices" : [ 0, 2, 3 ]
    }, {
      "vertices" : [ 0, 3, 2 ]
    }, {
      "vertices" : [ 0, 2, 1 ]
    } ]
  }, {
    "id" : "ba7cc27d-7213-4113-ae25-358af523dd09",
    "vertices" : [ {
      "x" : 6.854102,
      "y" : -11.09017,
      "z" : -17.944271
    }, {
      "x" : 8.528233,
      "y" : -7.906107,
      "z" : -15.427718
    }, {
      "x" : 12.170223,
      "y" : -13.798971,
      "z" : 5.892864
    }, {
      "x" : 11.09017,
      "y" : -17.944271,
      "z" : 6.854102
    } ],
    "faces" : [ {
      "vertices" : [ 0, 1, 2 ]
    }, {
      "vertices" : [ 0, 2, 3 ]
    }, {
      "vertices" : [ 0, 3, 2 ]
    }, {
      "vertices" : [ 0, 2, 1 ]
    } ]
  }, {
    "id" : "4948b2af-0315-4ca1-a4d6-d7cf45c07163",
    "vertices" : [ {
      "x" : 11.09017,
      "y" : -17.944271,
      "z" : -6.854102
    }, {
      "x" : 7.906107,
      "y" : -15.427718,
      "z" : -8.528233
    }, {
      "x" : 13.798971,
      "y" : 5.892864,
      "z" : -12.170223
    }, {
      "x" : 17.944271,
      "y" : 6.854102,
      "z" : -11.09017
    } ],
    "faces" : [ {
      "vertices" : [ 0, 1, 2 ]
    }, {
      "vertices" : [ 0, 2, 3 ]
    }, {
      "vertices" : [ 0, 3, 2 ]
    }, {
      "vertices" : [ 0, 2, 1 ]
    } ]
  }, {
    "id" : "07408387-b0cb-49ee-b487-cd29e76cdfcb",
    "vertices" : [ {
      "x" : -11.09017,
      "y" : -17.944271,
      "z" : -6.854102
    }, {
      "x" : -12.170223,
      "y" : -13.798971,
      "z" : -5.892864
    }, {
      "x" : -2.6353688,
      "y" : 1.6287476,
      "z" : -19.069708
    }, {
      "x" : 0.0,
      "y" : 0.0,
      "z" : -22.18034
    } ],
    "faces" : [ {
      "vertices" : [ 0, 1, 2 ]
    }, {
      "vertices" : [ 0, 2, 3 ]
    }, {
      "vertices" : [ 0, 3, 2 ]
    }, {
      "vertices" : [ 0, 2, 1 ]
    } ]
  }, {
    "id" : "f9d942f5-2075-4a8e-8e7b-93c58278dfa9",
    "vertices" : [ {
      "x" : 14.5172205,
      "y" : 5.545085,
      "z" : 8.972136
    }, {
      "x" : 13.798971,
      "y" : 5.892864,
      "z" : 12.170223
    }, {
      "x" : 7.906107,
      "y" : -15.427718,
      "z" : 8.528233
    }, {
      "x" : 8.972136,
      "y" : -14.5172205,
      "z" : 5.545085
    } ],
    "faces" : [ {
      "vertices" : [ 0, 1, 2 ]
    }, {
      "vertices" : [ 0, 2, 3 ]
    }, {
      "vertices" : [ 0, 3, 2 ]
    }, {
      "vertices" : [ 0, 2, 1 ]
    } ]
  }, {
    "id" : "e6a9cb5f-82fb-4f73-8cab-3771e7a175c3",
    "vertices" : [ {
      "x" : -8.972136,
      "y" : 14.5172205,
      "z" : -5.545085
    }, {
      "x" : -7.906107,
      "y" : 15.427718,
      "z" : -8.528233
    }, {
      "x" : 11.163602,
      "y" : 15.427718,
      "z" : 3.2574952
    }, {
      "x" : 8.972136,
      "y" : 14.5172205,
      "z" : 5.545085
    } ],
    "faces" : [ {
      "vertices" : [ 0, 1, 2 ]
    }, {
      "vertices" : [ 0, 2, 3 ]
    }, {
      "vertices" : [ 0, 3, 2 ]
    }, {
      "vertices" : [ 0, 2, 1 ]
    } ]
  }, {
    "id" : "49bc0022-0e08-49b1-b121-e78ee6b056b5",
    "vertices" : [ {
      "x" : 0.0,
      "y" : 0.0,
      "z" : -22.18034
    }, {
      "x" : 2.6353688,
      "y" : -1.6287476,
      "z" : -19.069708
    }, {
      "x" : -6.8994856,
      "y" : -17.056465,
      "z" : -5.892864
    }, {
      "x" : -11.09017,
      "y" : -17.944271,
      "z" : -6.854102
    } ],
    "faces" : [ {
      "vertices" : [ 0, 1, 2 ]
    }, {
      "vertices" : [ 0, 2, 3 ]
    }, {
      "vertices" : [ 0, 3, 2 ]
    }, {
      "vertices" : [ 0, 2, 1 ]
    } ]
  }, {
    "id" : "3e545767-a4c9-4b5e-bfe9-dea96229fce2",
    "vertices" : [ {
      "x" : -17.944271,
      "y" : 6.854102,
      "z" : -11.09017
    }, {
      "x" : -13.798971,
      "y" : 5.892864,
      "z" : -12.170223
    }, {
      "x" : 1.6287476,
      "y" : 19.069708,
      "z" : -2.6353688
    }, {
      "x" : 0.0,
      "y" : 22.18034,
      "z" : 0.0
    } ],
    "faces" : [ {
      "vertices" : [ 0, 1, 2 ]
    }, {
      "vertices" : [ 0, 2, 3 ]
    }, {
      "vertices" : [ 0, 3, 2 ]
    }, {
      "vertices" : [ 0, 2, 1 ]
    } ]
  }, {
    "id" : "dd166059-be5d-43b2-9bec-5b1ec725d5b1",
    "vertices" : [ {
      "x" : -8.972136,
      "y" : 14.5172205,
      "z" : 5.545085
    }, {
      "x" : -12.170223,
      "y" : 13.798971,
      "z" : 5.892864
    }, {
      "x" : -8.528233,
      "y" : 7.906107,
      "z" : -15.427718
    }, {
      "x" : -5.545085,
      "y" : 8.972136,
      "z" : -14.5172205
    } ],
    "faces" : [ {
      "vertices" : [ 0, 1, 2 ]
    }, {
      "vertices" : [ 0, 2, 3 ]
    }, {
      "vertices" : [ 0, 3, 2 ]
    }, {
      "vertices" : [ 0, 2, 1 ]
    } ]
  }, {
    "id" : "52cf17f5-a98f-49df-8be5-e354cf708449",
    "vertices" : [ {
      "x" : -6.854102,
      "y" : 11.09017,
      "z" : 17.944271
    }, {
      "x" : -5.892864,
      "y" : 12.170223,
      "z" : 13.798971
    }, {
      "x" : -19.069708,
      "y" : 2.6353688,
      "z" : -1.6287476
    }, {
      "x" : -22.18034,
      "y" : 0.0,
      "z" : 0.0
    } ],
    "faces" : [ {
      "vertices" : [ 0, 1, 2 ]
    }, {
      "vertices" : [ 0, 2, 3 ]
    }, {
      "vertices" : [ 0, 3, 2 ]
    }, {
      "vertices" : [ 0, 2, 1 ]
    } ]
  }, {
    "id" : "e730be07-e612-4881-8795-e35e00206813",
    "vertices" : [ {
      "x" : 8.972136,
      "y" : 14.5172205,
      "z" : -5.545085
    }, {
      "x" : 7.906107,
      "y" : 15.427718,
      "z" : -8.528233
    }, {
      "x" : -11.163602,
      "y" : 15.427718,
      "z" : 3.2574952
    }, {
      "x" : -8.972136,
      "y" : 14.5172205,
      "z" : 5.545085
    } ],
    "faces" : [ {
      "vertices" : [ 0, 1, 2 ]
    }, {
      "vertices" : [ 0, 2, 3 ]
    }, {
      "vertices" : [ 0, 3, 2 ]
    }, {
      "vertices" : [ 0, 2, 1 ]
    } ]
  }, {
    "id" : "3d50da93-5e93-414a-a3fb-64431201eb5a",
    "vertices" : [ {
      "x" : -5.545085,
      "y" : 8.972136,
      "z" : -14.5172205
    }, {
      "x" : -8.528233,
      "y" : 7.906107,
      "z" : -15.427718
    }, {
      "x" : 3.2574952,
      "y" : -11.163602,
      "z" : -15.427718
    }, {
      "x" : 5.545085,
      "y" : -8.972136,
      "z" : -14.5172205
    } ],
    "faces" : [ {
      "vertices" : [ 0, 1, 2 ]
    }, {
      "vertices" : [ 0, 2, 3 ]
    }, {
      "vertices" : [ 0, 3, 2 ]
    }, {
      "vertices" : [ 0, 2, 1 ]
    } ]
  }, {
    "id" : "0ad68693-bbdb-454d-b16d-792c0ff5fc80",
    "vertices" : [ {
      "x" : -6.854102,
      "y" : 11.09017,
      "z" : -17.944271
    }, {
      "x" : -5.892864,
      "y" : 6.8994856,
      "z" : -17.056465
    }, {
      "x" : 15.427718,
      "y" : 3.2574952,
      "z" : -11.163602
    }, {
      "x" : 17.944271,
      "y" : 6.854102,
      "z" : -11.09017
    } ],
    "faces" : [ {
      "vertices" : [ 0, 1, 2 ]
    }, {
      "vertices" : [ 0, 2, 3 ]
    }, {
      "vertices" : [ 0, 3, 2 ]
    }, {
      "vertices" : [ 0, 2, 1 ]
    } ]
  }, {
    "id" : "01e77b35-ec4a-4f3b-9d3e-234bf88fb55f",
    "vertices" : [ {
      "x" : 17.944271,
      "y" : -6.854102,
      "z" : 11.09017
    }, {
      "x" : 15.427718,
      "y" : -3.2574952,
      "z" : 11.163602
    }, {
      "x" : 15.427718,
      "y" : 8.528233,
      "z" : -7.906107
    }, {
      "x" : 17.944271,
      "y" : 6.854102,
      "z" : -11.09017
    } ],
    "faces" : [ {
      "vertices" : [ 0, 1, 2 ]
    }, {
      "vertices" : [ 0, 2, 3 ]
    }, {
      "vertices" : [ 0, 3, 2 ]
    }, {
      "vertices" : [ 0, 2, 1 ]
    } ]
  }, {
    "id" : "bd5b7a57-8d9b-4204-ba1e-b9448b455544",
    "vertices" : [ {
      "x" : -5.545085,
      "y" : -8.972136,
      "z" : 14.5172205
    }, {
      "x" : -5.892864,
      "y" : -6.8994856,
      "z" : 17.056465
    }, {
      "x" : -19.069708,
      "y" : 2.6353688,
      "z" : 1.6287476
    }, {
      "x" : -17.944271,
      "y" : 0.0,
      "z" : 0.0
    } ],
    "faces" : [ {
      "vertices" : [ 0, 1, 2 ]
    }, {
      "vertices" : [ 0, 2, 3 ]
    }, {
      "vertices" : [ 0, 3, 2 ]
    }, {
      "vertices" : [ 0, 2, 1 ]
    } ]
  }, {
    "id" : "dc6bec50-bc0b-466d-81bb-9a2a0814f080",
    "vertices" : [ {
      "x" : 17.944271,
      "y" : -6.854102,
      "z" : -11.09017
    }, {
      "x" : 13.798971,
      "y" : -5.892864,
      "z" : -12.170223
    }, {
      "x" : -1.6287476,
      "y" : -19.069708,
      "z" : -2.6353688
    }, {
      "x" : 0.0,
      "y" : -22.18034,
      "z" : 0.0
    } ],
    "faces" : [ {
      "vertices" : [ 0, 1, 2 ]
    }, {
      "vertices" : [ 0, 2, 3 ]
    }, {
      "vertices" : [ 0, 3, 2 ]
    }, {
      "vertices" : [ 0, 2, 1 ]
    } ]
  }, {
    "id" : "a1676775-0adf-43eb-bb0b-064a86088a80",
    "vertices" : [ {
      "x" : 14.5172205,
      "y" : 5.545085,
      "z" : -8.972136
    }, {
      "x" : 15.427718,
      "y" : 3.2574952,
      "z" : -11.163602
    }, {
      "x" : -5.892864,
      "y" : 6.8994856,
      "z" : -17.056465
    }, {
      "x" : -5.545085,
      "y" : 8.972136,
      "z" : -14.5172205
    } ],
    "faces" : [ {
      "vertices" : [ 0, 1, 2 ]
    }, {
      "vertices" : [ 0, 2, 3 ]
    }, {
      "vertices" : [ 0, 3, 2 ]
    }, {
      "vertices" : [ 0, 2, 1 ]
    } ]
  }, {
    "id" : "b6472382-261d-48f8-9a86-3dfd4efabd13",
    "vertices" : [ {
      "x" : 11.09017,
      "y" : -17.944271,
      "z" : -6.854102
    }, {
      "x" : 12.170223,
      "y" : -13.798971,
      "z" : -5.892864
    }, {
      "x" : 2.6353688,
      "y" : 1.6287476,
      "z" : -19.069708
    }, {
      "x" : 0.0,
      "y" : 0.0,
      "z" : -22.18034
    } ],
    "faces" : [ {
      "vertices" : [ 0, 1, 2 ]
    }, {
      "vertices" : [ 0, 2, 3 ]
    }, {
      "vertices" : [ 0, 3, 2 ]
    }, {
      "vertices" : [ 0, 2, 1 ]
    } ]
  }, {
    "id" : "4a2c588a-ef24-462e-b9c6-bc77d2ce51b6",
    "vertices" : [ {
      "x" : 0.0,
      "y" : -22.18034,
      "z" : 0.0
    }, {
      "x" : 1.6287476,
      "y" : -19.069708,
      "z" : -2.6353688
    }, {
      "x" : 17.056465,
      "y" : -5.892864,
      "z" : 6.8994856
    }, {
      "x" : 17.944271,
      "y" : -6.854102,
      "z" : 11.09017
    } ],
    "faces" : [ {
      "vertices" : [ 0, 1, 2 ]
    }, {
      "vertices" : [ 0, 2, 3 ]
    }, {
      "vertices" : [ 0, 3, 2 ]
    }, {
      "vertices" : [ 0, 2, 1 ]
    } ]
  }, {
    "id" : "703b36ff-2c16-4a0c-afc9-ef82a0720d8a",
    "vertices" : [ {
      "x" : -14.5172205,
      "y" : -5.545085,
      "z" : -8.972136
    }, {
      "x" : -15.427718,
      "y" : -8.528233,
      "z" : -7.906107
    }, {
      "x" : -15.427718,
      "y" : 3.2574952,
      "z" : 11.163602
    }, {
      "x" : -14.5172205,
      "y" : 5.545085,
      "z" : 8.972136
    } ],
    "faces" : [ {
      "vertices" : [ 0, 1, 2 ]
    }, {
      "vertices" : [ 0, 2, 3 ]
    }, {
      "vertices" : [ 0, 3, 2 ]
    }, {
      "vertices" : [ 0, 2, 1 ]
    } ]
  }, {
    "id" : "6f0f6e18-8d7e-4cca-aa8f-34646c909064",
    "vertices" : [ {
      "x" : 11.09017,
      "y" : -17.944271,
      "z" : -6.854102
    }, {
      "x" : 6.8994856,
      "y" : -17.056465,
      "z" : -5.892864
    }, {
      "x" : 3.2574952,
      "y" : -11.163602,
      "z" : 15.427718
    }, {
      "x" : 6.854102,
      "y" : -11.09017,
      "z" : 17.944271
    } ],
    "faces" : [ {
      "vertices" : [ 0, 1, 2 ]
    }, {
      "vertices" : [ 0, 2, 3 ]
    }, {
      "vertices" : [ 0, 3, 2 ]
    }, {
      "vertices" : [ 0, 2, 1 ]
    } ]
  }, {
    "id" : "22e88954-85c5-435a-a9e5-6027554197ed",
    "vertices" : [ {
      "x" : 0.0,
      "y" : -22.18034,
      "z" : 0.0
    }, {
      "x" : -1.6287476,
      "y" : -19.069708,
      "z" : -2.6353688
    }, {
      "x" : -17.056465,
      "y" : -5.892864,
      "z" : 6.8994856
    }, {
      "x" : -17.944271,
      "y" : -6.854102,
      "z" : 11.09017
    } ],
    "faces" : [ {
      "vertices" : [ 0, 1, 2 ]
    }, {
      "vertices" : [ 0, 2, 3 ]
    }, {
      "vertices" : [ 0, 3, 2 ]
    }, {
      "vertices" : [ 0, 2, 1 ]
    } ]
  }, {
    "id" : "3bf2f892-5331-4fa6-b4f8-e0e63b917ede",
    "vertices" : [ {
      "x" : 5.545085,
      "y" : 8.972136,
      "z" : 14.5172205
    }, {
      "x" : 8.528233,
      "y" : 7.906107,
      "z" : 15.427718
    }, {
      "x" : -3.2574952,
      "y" : -11.163602,
      "z" : 15.427718
    }, {
      "x" : -5.545085,
      "y" : -8.972136,
      "z" : 14.5172205
    } ],
    "faces" : [ {
      "vertices" : [ 0, 1, 2 ]
    }, {
      "vertices" : [ 0, 2, 3 ]
    }, {
      "vertices" : [ 0, 3, 2 ]
    }, {
      "vertices" : [ 0, 2, 1 ]
    } ]
  }, {
    "id" : "fa824d7d-f3b3-4daa-a9c2-b9f94ee86e87",
    "vertices" : [ {
      "x" : 14.5172205,
      "y" : -5.545085,
      "z" : 8.972136
    }, {
      "x" : 15.427718,
      "y" : -8.528233,
      "z" : 7.906107
    }, {
      "x" : 15.427718,
      "y" : 3.2574952,
      "z" : -11.163602
    }, {
      "x" : 14.5172205,
      "y" : 5.545085,
      "z" : -8.972136
    } ],
    "faces" : [ {
      "vertices" : [ 0, 1, 2 ]
    }, {
      "vertices" : [ 0, 2, 3 ]
    }, {
      "vertices" : [ 0, 3, 2 ]
    }, {
      "vertices" : [ 0, 2, 1 ]
    } ]
  }, {
    "id" : "40c9249c-546a-4424-bf5e-62fa83a3a8df",
    "vertices" : [ {
      "x" : 17.944271,
      "y" : -6.854102,
      "z" : 11.09017
    }, {
      "x" : 17.056465,
      "y" : -5.892864,
      "z" : 6.8994856
    }, {
      "x" : 11.163602,
      "y" : 15.427718,
      "z" : 3.2574952
    }, {
      "x" : 11.09017,
      "y" : 17.944271,
      "z" : 6.854102
    } ],
    "faces" : [ {
      "vertices" : [ 0, 1, 2 ]
    }, {
      "vertices" : [ 0, 2, 3 ]
    }, {
      "vertices" : [ 0, 3, 2 ]
    }, {
      "vertices" : [ 0, 2, 1 ]
    } ]
  }, {
    "id" : "d6dec284-104e-491f-b41a-f9835fc20eff",
    "vertices" : [ {
      "x" : 17.944271,
      "y" : 6.854102,
      "z" : -11.09017
    }, {
      "x" : 13.798971,
      "y" : 5.892864,
      "z" : -12.170223
    }, {
      "x" : -1.6287476,
      "y" : 19.069708,
      "z" : -2.6353688
    }, {
      "x" : 0.0,
      "y" : 22.18034,
      "z" : 0.0
    } ],
    "faces" : [ {
      "vertices" : [ 0, 1, 2 ]
    }, {
      "vertices" : [ 0, 2, 3 ]
    }, {
      "vertices" : [ 0, 3, 2 ]
    }, {
      "vertices" : [ 0, 2, 1 ]
    } ]
  }, {
    "id" : "787a71da-d0dd-4a98-ad0f-447b95f7c7b2",
    "vertices" : [ {
      "x" : 11.09017,
      "y" : 17.944271,
      "z" : -6.854102
    }, {
      "x" : 7.906107,
      "y" : 15.427718,
      "z" : -8.528233
    }, {
      "x" : 13.798971,
      "y" : -5.892864,
      "z" : -12.170223
    }, {
      "x" : 17.944271,
      "y" : -6.854102,
      "z" : -11.09017
    } ],
    "faces" : [ {
      "vertices" : [ 0, 1, 2 ]
    }, {
      "vertices" : [ 0, 2, 3 ]
    }, {
      "vertices" : [ 0, 3, 2 ]
    }, {
      "vertices" : [ 0, 2, 1 ]
    } ]
  }, {
    "id" : "86bddb13-601c-4fa2-bfb1-071e476dcfcd",
    "vertices" : [ {
      "x" : -11.09017,
      "y" : 17.944271,
      "z" : -6.854102
    }, {
      "x" : -7.906107,
      "y" : 15.427718,
      "z" : -8.528233
    }, {
      "x" : -13.798971,
      "y" : -5.892864,
      "z" : -12.170223
    }, {
      "x" : -17.944271,
      "y" : -6.854102,
      "z" : -11.09017
    } ],
    "faces" : [ {
      "vertices" : [ 0, 1, 2 ]
    }, {
      "vertices" : [ 0, 2, 3 ]
    }, {
      "vertices" : [ 0, 3, 2 ]
    }, {
      "vertices" : [ 0, 2, 1 ]
    } ]
  }, {
    "id" : "7e25dfa1-7597-4ed3-846e-eada0ca99214",
    "vertices" : [ {
      "x" : -8.972136,
      "y" : -14.5172205,
      "z" : -5.545085
    }, {
      "x" : -6.8994856,
      "y" : -17.056465,
      "z" : -5.892864
    }, {
      "x" : 2.6353688,
      "y" : -1.6287476,
      "z" : -19.069708
    }, {
      "x" : 0.0,
      "y" : 0.0,
      "z" : -17.944271
    } ],
    "faces" : [ {
      "vertices" : [ 0, 1, 2 ]
    }, {
      "vertices" : [ 0, 2, 3 ]
    }, {
      "vertices" : [ 0, 3, 2 ]
    }, {
      "vertices" : [ 0, 2, 1 ]
    } ]
  }, {
