{
  "field" : "polygon36",
  "symmetry" : "antiprism36",
  "orientations" : [ [ 1.0, 0.0, 0.0, 0.0, 0.0, 1.0, 0.0, 0.0, 0.0, 0.0, 1.0, 0.0, 0.0, 0.0, 0.0, 1.0 ], [ 0.9848077, -0.17364818, 0.0, 0.0, 0.17364818, 0.9848077, 0.0, 0.0, 0.0, 0.0, 1.0, 0.0, 0.0, 0.0, 0.0, 1.0 ], [ 0.9396926, -0.34202015, 0.0, 0.0, 0.34202015, 0.9396926, 0.0, 0.0, 0.0, 0.0, 1.0, 0.0, 0.0, 0.0, 0.0, 1.0 ], [ 0.8660254, -0.5, 0.0, 0.0, 0.5, 0.8660254, 0.0, 0.0, 0.0, 0.0, 1.0, 0.0, 0.0, 0.0, 0.0, 1.0 ], [ 0.76604444, -0.64278764, 0.0, 0.0, 0.64278764, 0.76604444, 0.0, 0.0, 0.0, 0.0, 1.0, 0.0, 0.0, 0.0, 0.0, 1.0 ], [ 0.64278764, -0.76604444, 0.0, 0.0, 0.76604444, 0.64278764, 0.0, 0.0, 0.0, 0.0, 1.0, 0.0, 0.0, 0.0, 0.0, 1.0 ], [ 0.5, -0.8660254, 0.0, 0.0, 0.8660254, 0.5, 0.0, 0.0, 0.0, 0.0, 1.0, 0.0, 0.0, 0.0, 0.0, 1.0 ], [ 0.34202015, -0.9396926, 0.0, 0.0, 0.9396926, 0.34202015, 0.0, 0.0, 0.0, 0.0, 1.0, 0.0, 0.0, 0.0, 0.0, 1.0 ], [ 0.17364818, -0.9848077, 0.0, 0.0, 0.9848077, 0.17364818, 0.0, 0.0, 0.0, 0.0, 1.0, 0.0, 0.0, 0.0, 0.0, 1.0 ], [ 0.0, -1.0, 0.0, 0.0, 1.0, 0.0, 0.0, 0.0, 0.0, 0.0, 1.0, 0.0, 0.0, 0.0, 0.0, 1.0 ], [ -0.17364818, -0.9848077, 0.0, 0.0, 0.9848077, -0.17364818, 0.0, 0.0, 0.0, 0.0, 1.0, 0.0, 0.0, 0.0, 0.0, 1.0 ], [ -0.34202015, -0.9396926, 0.0, 0.0, 0.9396926, -0.34202015, 0.0, 0.0, 0.0, 0.0, 1.0, 0.0, 0.0, 0.0, 0.0, 1.0 ], [ -0.5, -0.8660254, 0.0, 0.0, 0.8660254, -0.5, 0.0, 0.0, 0.0, 0.0, 1.0, 0.0, 0.0, 0.0, 0.0, 1.0 ], [ -0.64278764, -0.76604444, 0.0, 0.0, 0.76604444, -0.64278764, 0.0, 0.0, 0.0, 0.0, 1.0, 0.0, 0.0, 0.0, 0.0, 1.0 ], [ -0.76604444, -0.64278764, 0.0, 0.0, 0.64278764, -0.76604444, 0.0, 0.0, 0.0, 0.0, 1.0, 0.0, 0.0, 0.0, 0.0, 1.0 ], [ -0.8660254, -0.5, 0.0, 0.0, 0.5, -0.8660254, 0.0, 0.0, 0.0, 0.0, 1.0, 0.0, 0.0, 0.0, 0.0, 1.0 ], [ -0.9396926, -0.34202015, 0.0, 0.0, 0.34202015, -0.9396926, 0.0, 0.0, 0.0, 0.0, 1.0, 0.0, 0.0, 0.0, 0.0, 1.0 ], [ -0.9848077, -0.17364818, 0.0, 0.0, 0.17364818, -0.9848077, 0.0, 0.0, 0.0, 0.0, 1.0, 0.0, 0.0, 0.0, 0.0, 1.0 ], [ -1.0, 0.0, 0.0, 0.0, 0.0, -1.0, 0.0, 0.0, 0.0, 0.0, 1.0, 0.0, 0.0, 0.0, 0.0, 1.0 ], [ -0.9848077, 0.17364818, 0.0, 0.0, -0.17364818, -0.9848077, 0.0, 0.0, 0.0, 0.0, 1.0, 0.0, 0.0, 0.0, 0.0, 1.0 ], [ -0.9396926, 0.34202015, 0.0, 0.0, -0.34202015, -0.9396926, 0.0, 0.0, 0.0, 0.0, 1.0, 0.0, 0.0, 0.0, 0.0, 1.0 ], [ -0.8660254, 0.5, 0.0, 0.0, -0.5, -0.8660254, 0.0, 0.0, 0.0, 0.0, 1.0, 0.0, 0.0, 0.0, 0.0, 1.0 ], [ -0.76604444, 0.64278764, 0.0, 0.0, -0.64278764, -0.76604444, 0.0, 0.0, 0.0, 0.0, 1.0, 0.0, 0.0, 0.0, 0.0, 1.0 ], [ -0.64278764, 0.76604444, 0.0, 0.0, -0.76604444, -0.64278764, 0.0, 0.0, 0.0, 0.0, 1.0, 0.0, 0.0, 0.0, 0.0, 1.0 ], [ -0.5, 0.8660254, 0.0, 0.0, -0.8660254, -0.5, 0.0, 0.0, 0.0, 0.0, 1.0, 0.0, 0.0, 0.0, 0.0, 1.0 ], [ -0.34202015, 0.9396926, 0.0, 0.0, -0.9396926, -0.34202015, 0.0, 0.0, 0.0, 0.0, 1.0, 0.0, 0.0, 0.0, 0.0, 1.0 ], [ -0.17364818, 0.9848077, 0.0, 0.0, -0.9848077, -0.17364818, 0.0, 0.0, 0.0, 0.0, 1.0, 0.0, 0.0, 0.0, 0.0, 1.0 ], [ 0.0, 1.0, 0.0, 0.0, -1.0, 0.0, 0.0, 0.0, 0.0, 0.0, 1.0, 0.0, 0.0, 0.0, 0.0, 1.0 ], [ 0.17364818, 0.9848077, 0.0, 0.0, -0.9848077, 0.17364818, 0.0, 0.0, 0.0, 0.0, 1.0, 0.0, 0.0, 0.0, 0.0, 1.0 ], [ 0.34202015, 0.9396926, 0.0, 0.0, -0.9396926, 0.34202015, 0.0, 0.0, 0.0, 0.0, 1.0, 0.0, 0.0, 0.0, 0.0, 1.0 ], [ 0.5, 0.8660254, 0.0, 0.0, -0.8660254, 0.5, 0.0, 0.0, 0.0, 0.0, 1.0, 0.0, 0.0, 0.0, 0.0, 1.0 ], [ 0.64278764, 0.76604444, 0.0, 0.0, -0.76604444, 0.64278764, 0.0, 0.0, 0.0, 0.0, 1.0, 0.0, 0.0, 0.0, 0.0, 1.0 ], [ 0.76604444, 0.64278764, 0.0, 0.0, -0.64278764, 0.76604444, 0.0, 0.0, 0.0, 0.0, 1.0, 0.0, 0.0, 0.0, 0.0, 1.0 ], [ 0.8660254, 0.5, 0.0, 0.0, -0.5, 0.8660254, 0.0, 0.0, 0.0, 0.0, 1.0, 0.0, 0.0, 0.0, 0.0, 1.0 ], [ 0.9396926, 0.34202015, 0.0, 0.0, -0.34202015, 0.9396926, 0.0, 0.0, 0.0, 0.0, 1.0, 0.0, 0.0, 0.0, 0.0, 1.0 ], [ 0.9848077, 0.17364818, 0.0, 0.0, -0.17364818, 0.9848077, 0.0, 0.0, 0.0, 0.0, 1.0, 0.0, 0.0, 0.0, 0.0, 1.0 ], [ 1.0, 0.0, 0.0, 0.0, 0.0, -1.0, 0.0, 0.0, 0.0, 0.0, -1.0, 0.0, 0.0, 0.0, 0.0, 1.0 ], [ 0.9848077, 0.17364818, 0.0, 0.0, 0.17364818, -0.9848077, 0.0, 0.0, 0.0, 0.0, -1.0, 0.0, 0.0, 0.0, 0.0, 1.0 ], [ 0.9396926, 0.34202015, 0.0, 0.0, 0.34202015, -0.9396926, 0.0, 0.0, 0.0, 0.0, -1.0, 0.0, 0.0, 0.0, 0.0, 1.0 ], [ 0.8660254, 0.5, 0.0, 0.0, 0.5, -0.8660254, 0.0, 0.0, 0.0, 0.0, -1.0, 0.0, 0.0, 0.0, 0.0, 1.0 ], [ 0.76604444, 0.64278764, 0.0, 0.0, 0.64278764, -0.76604444, 0.0, 0.0, 0.0, 0.0, -1.0, 0.0, 0.0, 0.0, 0.0, 1.0 ], [ 0.64278764, 0.76604444, 0.0, 0.0, 0.76604444, -0.64278764, 0.0, 0.0, 0.0, 0.0, -1.0, 0.0, 0.0, 0.0, 0.0, 1.0 ], [ 0.5, 0.8660254, 0.0, 0.0, 0.8660254, -0.5, 0.0, 0.0, 0.0, 0.0, -1.0, 0.0, 0.0, 0.0, 0.0, 1.0 ], [ 0.34202015, 0.9396926, 0.0, 0.0, 0.9396926, -0.34202015, 0.0, 0.0, 0.0, 0.0, -1.0, 0.0, 0.0, 0.0, 0.0, 1.0 ], [ 0.17364818, 0.9848077, 0.0, 0.0, 0.9848077, -0.17364818, 0.0, 0.0, 0.0, 0.0, -1.0, 0.0, 0.0, 0.0, 0.0, 1.0 ], [ 0.0, 1.0, 0.0, 0.0, 1.0, 0.0, 0.0, 0.0, 0.0, 0.0, -1.0, 0.0, 0.0, 0.0, 0.0, 1.0 ], [ -0.17364818, 0.9848077, 0.0, 0.0, 0.9848077, 0.17364818, 0.0, 0.0, 0.0, 0.0, -1.0, 0.0, 0.0, 0.0, 0.0, 1.0 ], [ -0.34202015, 0.9396926, 0.0, 0.0, 0.9396926, 0.34202015, 0.0, 0.0, 0.0, 0.0, -1.0, 0.0, 0.0, 0.0, 0.0, 1.0 ], [ -0.5, 0.8660254, 0.0, 0.0, 0.8660254, 0.5, 0.0, 0.0, 0.0, 0.0, -1.0, 0.0, 0.0, 0.0, 0.0, 1.0 ], [ -0.64278764, 0.76604444, 0.0, 0.0, 0.76604444, 0.64278764, 0.0, 0.0, 0.0, 0.0, -1.0, 0.0, 0.0, 0.0, 0.0, 1.0 ], [ -0.76604444, 0.64278764, 0.0, 0.0, 0.64278764, 0.76604444, 0.0, 0.0, 0.0, 0.0, -1.0, 0.0, 0.0, 0.0, 0.0, 1.0 ], [ -0.8660254, 0.5, 0.0, 0.0, 0.5, 0.8660254, 0.0, 0.0, 0.0, 0.0, -1.0, 0.0, 0.0, 0.0, 0.0, 1.0 ], [ -0.9396926, 0.34202015, 0.0, 0.0, 0.34202015, 0.9396926, 0.0, 0.0, 0.0, 0.0, -1.0, 0.0, 0.0, 0.0, 0.0, 1.0 ], [ -0.9848077, 0.17364818, 0.0, 0.0, 0.17364818, 0.9848077, 0.0, 0.0, 0.0, 0.0, -1.0, 0.0, 0.0, 0.0, 0.0, 1.0 ], [ -1.0, 0.0, 0.0, 0.0, 0.0, 1.0, 0.0, 0.0, 0.0, 0.0, -1.0, 0.0, 0.0, 0.0, 0.0, 1.0 ], [ -0.9848077, -0.17364818, 0.0, 0.0, -0.17364818, 0.9848077, 0.0, 0.0, 0.0, 0.0, -1.0, 0.0, 0.0, 0.0, 0.0, 1.0 ], [ -0.9396926, -0.34202015, 0.0, 0.0, -0.34202015, 0.9396926, 0.0, 0.0, 0.0, 0.0, -1.0, 0.0, 0.0, 0.0, 0.0, 1.0 ], [ -0.8660254, -0.5, 0.0, 0.0, -0.5, 0.8660254, 0.0, 0.0, 0.0, 0.0, -1.0, 0.0, 0.0, 0.0, 0.0, 1.0 ], [ -0.76604444, -0.64278764, 0.0, 0.0, -0.64278764, 0.76604444, 0.0, 0.0, 0.0, 0.0, -1.0, 0.0, 0.0, 0.0, 0.0, 1.0 ], [ -0.64278764, -0.76604444, 0.0, 0.0, -0.76604444, 0.64278764, 0.0, 0.0, 0.0, 0.0, -1.0, 0.0, 0.0, 0.0, 0.0, 1.0 ], [ -0.5, -0.8660254, 0.0, 0.0, -0.8660254, 0.5, 0.0, 0.0, 0.0, 0.0, -1.0, 0.0, 0.0, 0.0, 0.0, 1.0 ], [ -0.34202015, -0.9396926, 0.0, 0.0, -0.9396926, 0.34202015, 0.0, 0.0, 0.0, 0.0, -1.0, 0.0, 0.0, 0.0, 0.0, 1.0 ], [ -0.17364818, -0.9848077, 0.0, 0.0, -0.9848077, 0.17364818, 0.0, 0.0, 0.0, 0.0, -1.0, 0.0, 0.0, 0.0, 0.0, 1.0 ], [ 0.0, -1.0, 0.0, 0.0, -1.0, 0.0, 0.0, 0.0, 0.0, 0.0, -1.0, 0.0, 0.0, 0.0, 0.0, 1.0 ], [ 0.17364818, -0.9848077, 0.0, 0.0, -0.9848077, -0.17364818, 0.0, 0.0, 0.0, 0.0, -1.0, 0.0, 0.0, 0.0, 0.0, 1.0 ], [ 0.34202015, -0.9396926, 0.0, 0.0, -0.9396926, -0.34202015, 0.0, 0.0, 0.0, 0.0, -1.0, 0.0, 0.0, 0.0, 0.0, 1.0 ], [ 0.5, -0.8660254, 0.0, 0.0, -0.8660254, -0.5, 0.0, 0.0, 0.0, 0.0, -1.0, 0.0, 0.0, 0.0, 0.0, 1.0 ], [ 0.64278764, -0.76604444, 0.0, 0.0, -0.76604444, -0.64278764, 0.0, 0.0, 0.0, 0.0, -1.0, 0.0, 0.0, 0.0, 0.0, 1.0 ], [ 0.76604444, -0.64278764, 0.0, 0.0, -0.64278764, -0.76604444, 0.0, 0.0, 0.0, 0.0, -1.0, 0.0, 0.0, 0.0, 0.0, 1.0 ], [ 0.8660254, -0.5, 0.0, 0.0, -0.5, -0.8660254, 0.0, 0.0, 0.0, 0.0, -1.0, 0.0, 0.0, 0.0, 0.0, 1.0 ], [ 0.9396926, -0.34202015, 0.0, 0.0, -0.34202015, -0.9396926, 0.0, 0.0, 0.0, 0.0, -1.0, 0.0, 0.0, 0.0, 0.0, 1.0 ], [ 0.9848077, -0.17364818, 0.0, 0.0, -0.17364818, -0.9848077, 0.0, 0.0, 0.0, 0.0, -1.0, 0.0, 0.0, 0.0, 0.0, 1.0 ] ],
  "lights" : {
    "ambientColor" : "#292929",
    "backgroundColor" : "#AFC8DC",
    "directionalLights" : [ {
      "direction" : {
        "x" : 1.0,
        "y" : -1.0,
        "z" : -1.0
      },
      "color" : "#EBEBE4"
    }, {
      "direction" : {
        "x" : -1.0,
        "y" : 0.0,
        "z" : 0.0
      },
      "color" : "#E4E4EB"
    }, {
      "direction" : {
        "x" : 0.0,
        "y" : 0.0,
        "z" : -1.0
      },
      "color" : "#1E1E1E"
    } ]
  },
  "camera" : {
    "lookDirection" : {
      "x" : 0.70710677,
      "y" : 0.70710677,
      "z" : 0.0
    },
    "upDirection" : {
      "x" : -0.0,
      "y" : 0.0,
      "z" : 1.0
    },
    "lookAtPoint" : {
      "x" : 0.0,
      "y" : 0.0,
      "z" : 0.0
    },
    "viewDistance" : 223.38115,
    "nearClipDistance" : 0.5584527,
    "farClipDistance" : 446.762,
    "fieldOfView" : 0.4426287,
    "perspective" : true,
    "width" : 100.52148,
    "stereo" : false,
    "position" : {
      "x" : -157.95432,
      "y" : -157.95432,
      "z" : 0.0
    }
  },
  "embedding" : [ 1.0, 0.0, 0.0, 0.0, 0.0, 1.0, 0.0, 0.0, 0.0, 0.0, 1.0, 0.0, 0.0, 0.0, 0.0, 1.0 ],
  "shapes" : [ {
    "id" : "dc0d3caf-a2aa-4283-8b2a-d18ea9194f7c",
    "vertices" : [ {
      "x" : -18.175982,
      "y" : -15.25146,
      "z" : -8.3887825
    }, {
      "x" : -22.296143,
      "y" : 8.115132,
      "z" : 8.3887825
    }, {
      "x" : -4.1201606,
      "y" : 23.366592,
      "z" : -8.3887825
    }, {
      "x" : 0.0,
      "y" : 0.0,
      "z" : -25.166348
    } ],
    "faces" : [ {
      "vertices" : [ 0, 1, 2 ]
    }, {
      "vertices" : [ 0, 2, 3 ]
    }, {
      "vertices" : [ 0, 3, 2 ]
    }, {
      "vertices" : [ 0, 2, 1 ]
    } ]
  }, {
    "id" : "9401ce1a-b639-434e-8b51-f6b398ecfa1f",
    "vertices" : [ {
      "x" : -23.72706,
      "y" : 0.0,
      "z" : -8.3887825
    }, {
      "x" : -11.86353,
      "y" : -20.548237,
      "z" : 8.3887825
    }, {
      "x" : 0.0,
      "y" : 0.0,
      "z" : 25.166348
    }, {
      "x" : -11.86353,
      "y" : 20.548237,
      "z" : 8.3887825
    } ],
    "faces" : [ {
      "vertices" : [ 0, 1, 2 ]
    }, {
      "vertices" : [ 0, 2, 3 ]
    }, {
      "vertices" : [ 0, 3, 2 ]
    }, {
      "vertices" : [ 0, 2, 1 ]
    } ]
  }, {
    "id" : "f6b3c5da-8e47-4cf7-9be9-c8202d73baee",
    "vertices" : [ {
      "x" : -23.72706,
      "y" : 0.0,
      "z" : -8.3887825
    }, {
      "x" : -11.86353,
      "y" : 20.548237,
      "z" : 8.3887825
    }, {
      "x" : 11.86353,
      "y" : 20.548237,
      "z" : -8.3887825
    }, {
      "x" : 0.0,
      "y" : 0.0,
      "z" : -25.166348
    } ],
    "faces" : [ {
      "vertices" : [ 0, 1, 2 ]
    }, {
      "vertices" : [ 0, 2, 3 ]
    }, {
      "vertices" : [ 0, 3, 2 ]
    }, {
      "vertices" : [ 0, 2, 1 ]
    } ]
  }, {
    "id" : "d4f6ae46-1107-49ce-9fe0-6b1650ae036b",
    "vertices" : [ {
      "x" : -4.1201606,
      "y" : -23.366592,
      "z" : -8.3887825
    }, {
      "x" : -22.296143,
      "y" : -8.115132,
      "z" : 8.3887825
    }, {
      "x" : -18.175982,
      "y" : 15.25146,
      "z" : -8.3887825
    }, {
      "x" : 0.0,
      "y" : 0.0,
      "z" : -25.166348
    } ],
    "faces" : [ {
      "vertices" : [ 0, 1, 2 ]
    }, {
      "vertices" : [ 0, 2, 3 ]
    }, {
      "vertices" : [ 0, 3, 2 ]
    }, {
      "vertices" : [ 0, 2, 1 ]
    } ]
  }, {
    "id" : "175a09e5-0879-41af-865b-ebc382ebd0e7",
    "vertices" : [ {
      "x" : 11.86353,
      "y" : -20.548237,
      "z" : -8.3887825
    }, {
      "x" : 23.72706,
      "y" : 0.0,
      "z" : 8.3887825
    }, {
      "x" : 0.0,
      "y" : 0.0,
      "z" : 25.166348
    }, {
      "x" : -11.86353,
      "y" : -20.548237,
      "z" : 8.3887825
    } ],
    "faces" : [ {
      "vertices" : [ 0, 1, 2 ]
    }, {
      "vertices" : [ 0, 2, 3 ]
    }, {
      "vertices" : [ 0, 3, 2 ]
    }, {
      "vertices" : [ 0, 2, 1 ]
    } ]
  }, {
    "id" : "1644d45c-db1a-4016-bbe0-435f3ef7e71f",
    "vertices" : [ {
      "x" : -4.1201606,
      "y" : -23.366592,
      "z" : -8.3887825
    }, {
      "x" : 18.175982,
      "y" : -15.25146,
      "z" : 8.3887825
    }, {
      "x" : 0.0,
      "y" : 0.0,
      "z" : 25.166348
    }, {
      "x" : -22.296143,
      "y" : -8.115132,
      "z" : 8.3887825
    } ],
    "faces" : [ {
      "vertices" : [ 0, 1, 2 ]
    }, {
      "vertices" : [ 0, 2, 3 ]
    }, {
      "vertices" : [ 0, 3, 2 ]
    }, {
      "vertices" : [ 0, 2, 1 ]
    } ]
  }, {
    "id" : "dfd04d59-d567-4a34-b76e-c3a57fd1339b",
    "vertices" : [ {
      "x" : -4.1201606,
      "y" : 23.366592,
      "z" : -8.3887825
    }, {
      "x" : 18.175982,
      "y" : 15.25146,
      "z" : 8.3887825
    }, {
      "x" : 22.296143,
      "y" : -8.115132,
      "z" : -8.3887825
    }, {
      "x" : 0.0,
      "y" : 0.0,
      "z" : -25.166348
    } ],
    "faces" : [ {
      "vertices" : [ 0, 1, 2 ]
    }, {
      "vertices" : [ 0, 2, 3 ]
    }, {
      "vertices" : [ 0, 3, 2 ]
    }, {
      "vertices" : [ 0, 2, 1 ]
    } ]
  }, {
    "id" : "72162ec7-177b-4e3b-9d3a-4a9b40ed187a",
    "vertices" : [ {
      "x" : -4.1201606,
      "y" : 23.366592,
      "z" : -8.3887825
    }, {
      "x" : -22.296143,
      "y" : 8.115132,
      "z" : 8.3887825
    }, {
      "x" : 0.0,
      "y" : 0.0,
      "z" : 25.166348
    }, {
      "x" : 18.175982,
      "y" : 15.25146,
      "z" : 8.3887825
    } ],
    "faces" : [ {
      "vertices" : [ 0, 1, 2 ]
    }, {
      "vertices" : [ 0, 2, 3 ]
    }, {
      "vertices" : [ 0, 3, 2 ]
    }, {
      "vertices" : [ 0, 2, 1 ]
    } ]
  }, {
    "id" : "9d047503-a737-4e39-ba52-a85b44adf533",
    "vertices" : [ {
      "x" : -18.175982,
      "y" : 15.25146,
      "z" : -8.3887825
    }, {
      "x" : -22.296143,
      "y" : -8.115132,
      "z" : 8.3887825
    }, {
      "x" : 0.0,
      "y" : 0.0,
      "z" : 25.166348
    }, {
      "x" : 4.1201606,
      "y" : 23.366592,
      "z" : 8.3887825
    } ],
    "faces" : [ {
      "vertices" : [ 0, 1, 2 ]
    }, {
      "vertices" : [ 0, 2, 3 ]
    }, {
      "vertices" : [ 0, 3, 2 ]
    }, {
      "vertices" : [ 0, 2, 1 ]
    } ]
  }, {
    "id" : "41562a70-abe1-472e-8c8e-87e0f81bc4b6",
    "vertices" : [ {
      "x" : 22.296143,
      "y" : 8.115132,
      "z" : -8.3887825
    }, {
      "x" : 4.1201606,
      "y" : 23.366592,
      "z" : 8.3887825
    }, {
      "x" : 0.0,
      "y" : 0.0,
      "z" : 25.166348
    }, {
      "x" : 18.175982,
      "y" : -15.25146,
      "z" : 8.3887825
    } ],
    "faces" : [ {
      "vertices" : [ 0, 1, 2 ]
    }, {
      "vertices" : [ 0, 2, 3 ]
    }, {
      "vertices" : [ 0, 3, 2 ]
    }, {
      "vertices" : [ 0, 2, 1 ]
    } ]
  }, {
    "id" : "c6864bc8-ef81-4dba-9c9e-820605181241",
    "vertices" : [ {
      "x" : 11.86353,
      "y" : 20.548237,
      "z" : -8.3887825
    }, {
      "x" : -11.86353,
      "y" : 20.548237,
      "z" : 8.3887825
    }, {
      "x" : 0.0,
      "y" : 0.0,
      "z" : 25.166348
    }, {
      "x" : 23.72706,
      "y" : 0.0,
      "z" : 8.3887825
    } ],
    "faces" : [ {
      "vertices" : [ 0, 1, 2 ]
    }, {
      "vertices" : [ 0, 2, 3 ]
    }, {
      "vertices" : [ 0, 3, 2 ]
    }, {
      "vertices" : [ 0, 2, 1 ]
    } ]
  }, {
    "id" : "8520439c-6ac3-40c3-a703-59720818516d",
    "vertices" : [ {
      "x" : -18.175982,
      "y" : -15.25146,
      "z" : -8.3887825
    }, {
      "x" : 4.1201606,
      "y" : -23.366592,
      "z" : 8.3887825
    }, {
      "x" : 0.0,
      "y" : 0.0,
      "z" : 25.166348
    }, {
      "x" : -22.296143,
      "y" : 8.115132,
      "z" : 8.3887825
    } ],
    "faces" : [ {
      "vertices" : [ 0, 1, 2 ]
    }, {
      "vertices" : [ 0, 2, 3 ]
    }, {
      "vertices" : [ 0, 3, 2 ]
    }, {
      "vertices" : [ 0, 2, 1 ]
    } ]
  }, {
    "id" : "44c69c29-9a93-4455-ab35-76a1e5c51a97",
    "vertices" : [ {
      "x" : 11.86353,
      "y" : 20.548237,
      "z" : -8.3887825
    }, {
      "x" : 23.72706,
      "y" : 0.0,
      "z" : 8.3887825
    }, {
      "x" : 11.86353,
      "y" : -20.548237,
      "z" : -8.3887825
    }, {
      "x" : 0.0,
      "y" : 0.0,
      "z" : -25.166348
    } ],
    "faces" : [ {
      "vertices" : [ 0, 1, 2 ]
    }, {
      "vertices" : [ 0, 2, 3 ]
    }, {
      "vertices" : [ 0, 3, 2 ]
    }, {
      "vertices" : [ 0, 2, 1 ]
    } ]
  }, {
    "id" : "415bfdc9-04b0-4313-ae2c-1dc1c50b4a39",
    "vertices" : [ {
      "x" : -18.175982,
      "y" : -15.25146,
      "z" : -8.3887825
    }, {
      "x" : 0.0,
      "y" : 0.0,
      "z" : -25.166348
    }, {
      "x" : 22.296143,
      "y" : -8.115132,
      "z" : -8.3887825
    }, {
      "x" : 4.1201606,
      "y" : -23.366592,
      "z" : 8.3887825
    } ],
    "faces" : [ {
      "vertices" : [ 0, 1, 2 ]
    }, {
      "vertices" : [ 0, 2, 3 ]
    }, {
      "vertices" : [ 0, 3, 2 ]
    }, {
      "vertices" : [ 0, 2, 1 ]
    } ]
  }, {
    "id" : "f2ca27b2-1aa8-468e-9c6b-dedeb6391655",
    "vertices" : [ {
      "x" : -4.1201606,
      "y" : -23.366592,
      "z" : -8.3887825
    }, {
      "x" : 0.0,
      "y" : 0.0,
      "z" : -25.166348
    }, {
      "x" : 22.296143,
      "y" : 8.115132,
      "z" : -8.3887825
    }, {
      "x" : 18.175982,
      "y" : -15.25146,
      "z" : 8.3887825
    } ],
    "faces" : [ {
      "vertices" : [ 0, 1, 2 ]
    }, {
      "vertices" : [ 0, 2, 3 ]
    }, {
      "vertices" : [ 0, 3, 2 ]
    }, {
      "vertices" : [ 0, 2, 1 ]
    } ]
  }, {
    "id" : "a8a7bf8b-3e85-41a4-95fa-9b17c3a0e9dc",
    "vertices" : [ {
      "x" : -18.175982,
      "y" : 15.25146,
      "z" : -8.3887825
    }, {
      "x" : 4.1201606,
      "y" : 23.366592,
      "z" : 8.3887825
    }, {
      "x" : 22.296143,
      "y" : 8.115132,
      "z" : -8.3887825
    }, {
      "x" : 0.0,
      "y" : 0.0,
      "z" : -25.166348
    } ],
    "faces" : [ {
      "vertices" : [ 0, 1, 2 ]
    }, {
      "vertices" : [ 0, 2, 3 ]
    }, {
      "vertices" : [ 0, 3, 2 ]
    }, {
      "vertices" : [ 0, 2, 1 ]
    } ]
  }, {
    "id" : "e0ad4f8e-d038-4f32-b926-4f9b529b1eba",
    "vertices" : [ {
      "x" : 22.296143,
      "y" : -8.115132,
      "z" : -8.3887825
    }, {
      "x" : 18.175982,
      "y" : 15.25146,
      "z" : 8.3887825
    }, {
      "x" : 0.0,
      "y" : 0.0,
      "z" : 25.166348
    }, {
      "x" : 4.1201606,
      "y" : -23.366592,
      "z" : 8.3887825
    } ],
    "faces" : [ {
      "vertices" : [ 0, 1, 2 ]
    }, {
      "vertices" : [ 0, 2, 3 ]
    }, {
      "vertices" : [ 0, 3, 2 ]
    }, {
      "vertices" : [ 0, 2, 1 ]
    } ]
  }, {
    "id" : "12d11f50-33cb-4665-9526-39e9c58d1f3a",
    "vertices" : [ {
      "x" : -23.72706,
      "y" : 0.0,
      "z" : -8.3887825
    }, {
      "x" : 0.0,
      "y" : 0.0,
      "z" : -25.166348
    }, {
      "x" : 11.86353,
      "y" : -20.548237,
      "z" : -8.3887825
    }, {
      "x" : -11.86353,
      "y" : -20.548237,
      "z" : 8.3887825
    } ],
    "faces" : [ {
      "vertices" : [ 0, 1, 2 ]
    }, {
      "vertices" : [ 0, 2, 3 ]
    }, {
      "vertices" : [ 0, 3, 2 ]
    }, {
      "vertices" : [ 0, 2, 1 ]
    } ]
  } ],
  "instances" : [ {
    "shape" : "dc0d3caf-a2aa-4283-8b2a-d18ea9194f7c",
    "color" : "#00FF00",
    "position" : {
      "x" : 0.0,
      "y" : 0.0,
      "z" : 0.0
    }
  }, {
    "shape" : "9401ce1a-b639-434e-8b51-f6b398ecfa1f",
    "color" : "#0000FF",
    "position" : {
      "x" : 0.0,
      "y" : 0.0,
      "z" : 0.0
    }
  }, {
    "shape" : "f6b3c5da-8e47-4cf7-9be9-c8202d73baee",
    "color" : "#0000FF",
    "position" : {
      "x" : 0.0,
      "y" : 0.0,
      "z" : 0.0
    }
  }, {
    "shape" : "d4f6ae46-1107-49ce-9fe0-6b1650ae036b",
    "color" : "#FF0000",
    "position" : {
      "x" : 0.0,
      "y" : 0.0,
      "z" : 0.0
    }
  }, {
    "shape" : "175a09e5-0879-41af-865b-ebc382ebd0e7",
    "color" : "#0000FF",
    "position" : {
      "x" : 0.0,
      "y" : 0.0,
      "z" : 0.0
    }
  }, {
    "shape" : "1644d45c-db1a-4016-bbe0-435f3ef7e71f",
    "color" : "#FF0000",
    "position" : {
      "x" : 0.0,
      "y" : 0.0,
      "z" : 0.0
    }
  }, {
    "shape" : "dfd04d59-d567-4a34-b76e-c3a57fd1339b",
    "color" : "#00FF00",
    "position" : {
      "x" : 0.0,
      "y" : 0.0,
      "z" : 0.0
    }
  }, {
    "shape" : "72162ec7-177b-4e3b-9d3a-4a9b40ed187a",
    "color" : "#00FF00",
    "position" : {
      "x" : 0.0,
      "y" : 0.0,
      "z" : 0.0
    }
  }, {
    "shape" : "9d047503-a737-4e39-ba52-a85b44adf533",
    "color" : "#FF0000",
    "position" : {
      "x" : 0.0,
      "y" : 0.0,
      "z" : 0.0
    }
  }, {
    "shape" : "41562a70-abe1-472e-8c8e-87e0f81bc4b6",
    "color" : "#FF0000",
    "position" : {
      "x" : 0.0,
      "y" : 0.0,
      "z" : 0.0
    }
  }, {
    "shape" : "c6864bc8-ef81-4dba-9c9e-820605181241",
    "color" : "#0000FF",
    "position" : {
      "x" : 0.0,
      "y" : 0.0,
      "z" : 0.0
    }
  }, {
    "shape" : "8520439c-6ac3-40c3-a703-59720818516d",
    "color" : "#00FF00",
    "position" : {
      "x" : 0.0,
      "y" : 0.0,
      "z" : 0.0
    }
  }, {
    "shape" : "44c69c29-9a93-4455-ab35-76a1e5c51a97",
    "color" : "#0000FF",
    "position" : {
      "x" : 0.0,
      "y" : 0.0,
      "z" : 0.0
    }
  }, {
    "shape" : "415bfdc9-04b0-4313-ae2c-1dc1c50b4a39",
    "color" : "#00FF00",
    "position" : {
      "x" : 0.0,
      "y" : 0.0,
      "z" : 0.0
    }
  }, {
    "shape" : "f2ca27b2-1aa8-468e-9c6b-dedeb6391655",
    "color" : "#FF0000",
    "position" : {
      "x" : 0.0,
      "y" : 0.0,
      "z" : 0.0
    }
  }, {
    "shape" : "a8a7bf8b-3e85-41a4-95fa-9b17c3a0e9dc",
    "color" : "#FF0000",
    "position" : {
      "x" : 0.0,
      "y" : 0.0,
      "z" : 0.0
    }
  }, {
    "shape" : "e0ad4f8e-d038-4f32-b926-4f9b529b1eba",
    "color" : "#00FF00",
    "position" : {
      "x" : 0.0,
      "y" : 0.0,
      "z" : 0.0
    }
  }, {
    "shape" : "12d11f50-33cb-4665-9526-39e9c58d1f3a",
    "color" : "#0000FF",
    "position" : {
      "x" : 0.0,
      "y" : 0.0,
      "z" : 0.0
    }
  } ]
}