{
  "field" : "snubDodec",
  "symmetry" : "icosahedral",
  "orientations" : [ [ 1.0, 0.0, 0.0, 0.0, 0.0, 1.0, 0.0, 0.0, 0.0, 0.0, 1.0, 0.0, 0.0, 0.0, 0.0, 1.0 ], [ 0.0, 0.0, 1.0, 0.0, 1.0, 0.0, 0.0, 0.0, 0.0, 1.0, 0.0, 0.0, 0.0, 0.0, 0.0, 1.0 ], [ 0.0, 1.0, 0.0, 0.0, 0.0, 0.0, 1.0, 0.0, 1.0, 0.0, 0.0, 0.0, 0.0, 0.0, 0.0, 1.0 ], [ 0.809017, 0.309017, 0.5, 0.0, 0.309017, 0.5, -0.809017, 0.0, -0.5, 0.809017, 0.309017, 0.0, 0.0, 0.0, 0.0, 1.0 ], [ -0.5, 0.809017, 0.309017, 0.0, 0.809017, 0.309017, 0.5, 0.0, 0.309017, 0.5, -0.809017, 0.0, 0.0, 0.0, 0.0, 1.0 ], [ 0.309017, 0.5, -0.809017, 0.0, -0.5, 0.809017, 0.309017, 0.0, 0.809017, 0.309017, 0.5, 0.0, 0.0, 0.0, 0.0, 1.0 ], [ 0.5, 0.809017, 0.309017, 0.0, 0.809017, -0.309017, -0.5, 0.0, -0.309017, 0.5, -0.809017, 0.0, 0.0, 0.0, 0.0, 1.0 ], [ -0.309017, 0.5, -0.809017, 0.0, 0.5, 0.809017, 0.309017, 0.0, 0.809017, -0.309017, -0.5, 0.0, 0.0, 0.0, 0.0, 1.0 ], [ 0.809017, -0.309017, -0.5, 0.0, -0.309017, 0.5, -0.809017, 0.0, 0.5, 0.809017, 0.309017, 0.0, 0.0, 0.0, 0.0, 1.0 ], [ 0.5, 0.809017, -0.309017, 0.0, 0.809017, -0.309017, 0.5, 0.0, 0.309017, -0.5, -0.809017, 0.0, 0.0, 0.0, 0.0, 1.0 ], [ 0.309017, -0.5, -0.809017, 0.0, 0.5, 0.809017, -0.309017, 0.0, 0.809017, -0.309017, 0.5, 0.0, 0.0, 0.0, 0.0, 1.0 ], [ 0.809017, -0.309017, 0.5, 0.0, 0.309017, -0.5, -0.809017, 0.0, 0.5, 0.809017, -0.309017, 0.0, 0.0, 0.0, 0.0, 1.0 ], [ 0.809017, 0.309017, -0.5, 0.0, 0.309017, 0.5, 0.809017, 0.0, 0.5, -0.809017, 0.309017, 0.0, 0.0, 0.0, 0.0, 1.0 ], [ 0.5, -0.809017, 0.309017, 0.0, 0.809017, 0.309017, -0.5, 0.0, 0.309017, 0.5, 0.809017, 0.0, 0.0, 0.0, 0.0, 1.0 ], [ 0.309017, 0.5, 0.809017, 0.0, 0.5, -0.809017, 0.309017, 0.0, 0.809017, 0.309017, -0.5, 0.0, 0.0, 0.0, 0.0, 1.0 ], [ 1.0, 0.0, 0.0, 0.0, 0.0, -1.0, 0.0, 0.0, 0.0, 0.0, -1.0, 0.0, 0.0, 0.0, 0.0, 1.0 ], [ 0.0, 0.0, 1.0, 0.0, -1.0, 0.0, 0.0, 0.0, 0.0, -1.0, 0.0, 0.0, 0.0, 0.0, 0.0, 1.0 ], [ 0.0, 1.0, 0.0, 0.0, 0.0, 0.0, -1.0, 0.0, -1.0, 0.0, 0.0, 0.0, 0.0, 0.0, 0.0, 1.0 ], [ 0.809017, 0.309017, 0.5, 0.0, -0.309017, -0.5, 0.809017, 0.0, 0.5, -0.809017, -0.309017, 0.0, 0.0, 0.0, 0.0, 1.0 ], [ -0.5, 0.809017, 0.309017, 0.0, -0.809017, -0.309017, -0.5, 0.0, -0.309017, -0.5, 0.809017, 0.0, 0.0, 0.0, 0.0, 1.0 ], [ 0.309017, 0.5, -0.809017, 0.0, 0.5, -0.809017, -0.309017, 0.0, -0.809017, -0.309017, -0.5, 0.0, 0.0, 0.0, 0.0, 1.0 ], [ 0.5, 0.809017, 0.309017, 0.0, -0.809017, 0.309017, 0.5, 0.0, 0.309017, -0.5, 0.809017, 0.0, 0.0, 0.0, 0.0, 1.0 ], [ -0.309017, 0.5, -0.809017, 0.0, -0.5, -0.809017, -0.309017, 0.0, -0.809017, 0.309017, 0.5, 0.0, 0.0, 0.0, 0.0, 1.0 ], [ 0.809017, -0.309017, -0.5, 0.0, 0.309017, -0.5, 0.809017, 0.0, -0.5, -0.809017, -0.309017, 0.0, 0.0, 0.0, 0.0, 1.0 ], [ 0.5, 0.809017, -0.309017, 0.0, -0.809017, 0.309017, -0.5, 0.0, -0.309017, 0.5, 0.809017, 0.0, 0.0, 0.0, 0.0, 1.0 ], [ 0.309017, -0.5, -0.809017, 0.0, -0.5, -0.809017, 0.309017, 0.0, -0.809017, 0.309017, -0.5, 0.0, 0.0, 0.0, 0.0, 1.0 ], [ 0.809017, -0.309017, 0.5, 0.0, -0.309017, 0.5, 0.809017, 0.0, -0.5, -0.809017, 0.309017, 0.0, 0.0, 0.0, 0.0, 1.0 ], [ 0.809017, 0.309017, -0.5, 0.0, -0.309017, -0.5, -0.809017, 0.0, -0.5, 0.809017, -0.309017, 0.0, 0.0, 0.0, 0.0, 1.0 ], [ 0.5, -0.809017, 0.309017, 0.0, -0.809017, -0.309017, 0.5, 0.0, -0.309017, -0.5, -0.809017, 0.0, 0.0, 0.0, 0.0, 1.0 ], [ 0.309017, 0.5, 0.809017, 0.0, -0.5, 0.809017, -0.309017, 0.0, -0.809017, -0.309017, 0.5, 0.0, 0.0, 0.0, 0.0, 1.0 ], [ -1.0, 0.0, 0.0, 0.0, 0.0, -1.0, 0.0, 0.0, 0.0, 0.0, 1.0, 0.0, 0.0, 0.0, 0.0, 1.0 ], [ 0.0, 0.0, -1.0, 0.0, -1.0, 0.0, 0.0, 0.0, 0.0, 1.0, 0.0, 0.0, 0.0, 0.0, 0.0, 1.0 ], [ 0.0, -1.0, 0.0, 0.0, 0.0, 0.0, -1.0, 0.0, 1.0, 0.0, 0.0, 0.0, 0.0, 0.0, 0.0, 1.0 ], [ -0.809017, -0.309017, -0.5, 0.0, -0.309017, -0.5, 0.809017, 0.0, -0.5, 0.809017, 0.309017, 0.0, 0.0, 0.0, 0.0, 1.0 ], [ 0.5, -0.809017, -0.309017, 0.0, -0.809017, -0.309017, -0.5, 0.0, 0.309017, 0.5, -0.809017, 0.0, 0.0, 0.0, 0.0, 1.0 ], [ -0.309017, -0.5, 0.809017, 0.0, 0.5, -0.809017, -0.309017, 0.0, 0.809017, 0.309017, 0.5, 0.0, 0.0, 0.0, 0.0, 1.0 ], [ -0.5, -0.809017, -0.309017, 0.0, -0.809017, 0.309017, 0.5, 0.0, -0.309017, 0.5, -0.809017, 0.0, 0.0, 0.0, 0.0, 1.0 ], [ 0.309017, -0.5, 0.809017, 0.0, -0.5, -0.809017, -0.309017, 0.0, 0.809017, -0.309017, -0.5, 0.0, 0.0, 0.0, 0.0, 1.0 ], [ -0.809017, 0.309017, 0.5, 0.0, 0.309017, -0.5, 0.809017, 0.0, 0.5, 0.809017, 0.309017, 0.0, 0.0, 0.0, 0.0, 1.0 ], [ -0.5, -0.809017, 0.309017, 0.0, -0.809017, 0.309017, -0.5, 0.0, 0.309017, -0.5, -0.809017, 0.0, 0.0, 0.0, 0.0, 1.0 ], [ -0.309017, 0.5, 0.809017, 0.0, -0.5, -0.809017, 0.309017, 0.0, 0.809017, -0.309017, 0.5, 0.0, 0.0, 0.0, 0.0, 1.0 ], [ -0.809017, 0.309017, -0.5, 0.0, -0.309017, 0.5, 0.809017, 0.0, 0.5, 0.809017, -0.309017, 0.0, 0.0, 0.0, 0.0, 1.0 ], [ -0.809017, -0.309017, 0.5, 0.0, -0.309017, -0.5, -0.809017, 0.0, 0.5, -0.809017, 0.309017, 0.0, 0.0, 0.0, 0.0, 1.0 ], [ -0.5, 0.809017, -0.309017, 0.0, -0.809017, -0.309017, 0.5, 0.0, 0.309017, 0.5, 0.809017, 0.0, 0.0, 0.0, 0.0, 1.0 ], [ -0.309017, -0.5, -0.809017, 0.0, -0.5, 0.809017, -0.309017, 0.0, 0.809017, 0.309017, -0.5, 0.0, 0.0, 0.0, 0.0, 1.0 ], [ -1.0, 0.0, 0.0, 0.0, 0.0, 1.0, 0.0, 0.0, 0.0, 0.0, -1.0, 0.0, 0.0, 0.0, 0.0, 1.0 ], [ 0.0, 0.0, -1.0, 0.0, 1.0, 0.0, 0.0, 0.0, 0.0, -1.0, 0.0, 0.0, 0.0, 0.0, 0.0, 1.0 ], [ 0.0, -1.0, 0.0, 0.0, 0.0, 0.0, 1.0, 0.0, -1.0, 0.0, 0.0, 0.0, 0.0, 0.0, 0.0, 1.0 ], [ -0.809017, -0.309017, -0.5, 0.0, 0.309017, 0.5, -0.809017, 0.0, 0.5, -0.809017, -0.309017, 0.0, 0.0, 0.0, 0.0, 1.0 ], [ 0.5, -0.809017, -0.309017, 0.0, 0.809017, 0.309017, 0.5, 0.0, -0.309017, -0.5, 0.809017, 0.0, 0.0, 0.0, 0.0, 1.0 ], [ -0.309017, -0.5, 0.809017, 0.0, -0.5, 0.809017, 0.309017, 0.0, -0.809017, -0.309017, -0.5, 0.0, 0.0, 0.0, 0.0, 1.0 ], [ -0.5, -0.809017, -0.309017, 0.0, 0.809017, -0.309017, -0.5, 0.0, 0.309017, -0.5, 0.809017, 0.0, 0.0, 0.0, 0.0, 1.0 ], [ 0.309017, -0.5, 0.809017, 0.0, 0.5, 0.809017, 0.309017, 0.0, -0.809017, 0.309017, 0.5, 0.0, 0.0, 0.0, 0.0, 1.0 ], [ -0.809017, 0.309017, 0.5, 0.0, -0.309017, 0.5, -0.809017, 0.0, -0.5, -0.809017, -0.309017, 0.0, 0.0, 0.0, 0.0, 1.0 ], [ -0.5, -0.809017, 0.309017, 0.0, 0.809017, -0.309017, 0.5, 0.0, -0.309017, 0.5, 0.809017, 0.0, 0.0, 0.0, 0.0, 1.0 ], [ -0.309017, 0.5, 0.809017, 0.0, 0.5, 0.809017, -0.309017, 0.0, -0.809017, 0.309017, -0.5, 0.0, 0.0, 0.0, 0.0, 1.0 ], [ -0.809017, 0.309017, -0.5, 0.0, 0.309017, -0.5, -0.809017, 0.0, -0.5, -0.809017, 0.309017, 0.0, 0.0, 0.0, 0.0, 1.0 ], [ -0.809017, -0.309017, 0.5, 0.0, 0.309017, 0.5, 0.809017, 0.0, -0.5, 0.809017, -0.309017, 0.0, 0.0, 0.0, 0.0, 1.0 ], [ -0.5, 0.809017, -0.309017, 0.0, 0.809017, 0.309017, -0.5, 0.0, -0.309017, -0.5, -0.809017, 0.0, 0.0, 0.0, 0.0, 1.0 ], [ -0.309017, -0.5, -0.809017, 0.0, 0.5, -0.809017, 0.309017, 0.0, -0.809017, -0.309017, 0.5, 0.0, 0.0, 0.0, 0.0, 1.0 ] ],
  "lights" : {
    "backgroundColor" : "#AFC8DC",
    "ambientColor" : "#292929",
    "directionalLights" : [ {
      "direction" : {
        "x" : 1.0,
        "y" : -1.0,
        "z" : -1.0
      },
      "color" : "#EBEBE4"
    }, {
      "direction" : {
        "x" : -1.0,
        "y" : 0.0,
        "z" : 0.0
      },
      "color" : "#E4E4EB"
    }, {
      "direction" : {
        "x" : 0.0,
        "y" : 0.0,
        "z" : -1.0
      },
      "color" : "#1E1E1E"
    } ]
  },
  "camera" : {
    "width" : 74.46831,
    "stereo" : false,
    "lookDirection" : {
      "x" : 0.0073961015,
      "y" : 0.86025757,
      "z" : -0.50980395
    },
    "upDirection" : {
      "x" : -0.37021834,
      "y" : 0.47594774,
      "z" : 0.79775727
    },
    "lookAtPoint" : {
      "x" : 0.0,
      "y" : 0.0,
      "z" : 0.0
    },
    "perspective" : false,
    "viewDistance" : 165.48482,
    "nearClipDistance" : 0.41371214,
    "farClipDistance" : 330.9705,
    "fieldOfView" : 0.4426297,
    "position" : {
      "x" : -1.2239425,
      "y" : -142.35957,
      "z" : 84.364815
    }
  },
  "embedding" : [ 1.0, 0.0, 0.0, 0.0, 0.0, 1.0, 0.0, 0.0, 0.0, 0.0, 1.0, 0.0, 0.0, 0.0, 0.0, 1.0 ],
  "shapes" : [ {
    "id" : "32bce368-fa8a-4e4e-abe9-8370e6c7ed35",
    "vertices" : [ {
      "x" : 1.1519688,
      "y" : 1.448187,
      "z" : 8.388621
    }, {
      "x" : 0.7519689,
      "y" : 1.548187,
      "z" : 8.488622
    }, {
      "x" : -0.04948053,
      "y" : 0.33567667,
      "z" : 0.6183862
    }, {
      "x" : 0.35051948,
      "y" : 0.23567668,
      "z" : 0.5183862
    }, {
      "x" : 0.88530225,
      "y" : 1.848187,
      "z" : 8.255288
    }, {
      "x" : 1.2853023,
      "y" : 1.748187,
      "z" : 8.155288
    }, {
      "x" : 0.21718614,
      "y" : -0.06432332,
      "z" : 0.75171953
    }, {
      "x" : -0.18281387,
      "y" : 0.035676684,
      "z" : 0.85171956
    } ],
    "faces" : [ {
      "vertices" : [ 2, 3, 6 ]
    }, {
      "vertices" : [ 2, 6, 7 ]
    }, {
      "vertices" : [ 0, 5, 4 ]
    }, {
      "vertices" : [ 0, 4, 1 ]
    }, {
      "vertices" : [ 2, 4, 5 ]
    }, {
      "vertices" : [ 2, 5, 3 ]
    }, {
      "vertices" : [ 0, 6, 3 ]
    }, {
      "vertices" : [ 0, 3, 5 ]
    }, {
      "vertices" : [ 0, 1, 7 ]
    }, {
      "vertices" : [ 0, 7, 6 ]
    }, {
      "vertices" : [ 1, 4, 2 ]
    }, {
      "vertices" : [ 1, 2, 7 ]
    } ]
  }, {
    "id" : "bad38d28-97e9-41bf-84af-b0f9e615b6fe",
    "vertices" : [ {
      "x" : 0.15663984,
      "y" : -1.8500273,
      "z" : -2.2267208
    }, {
      "x" : -0.24336015,
      "y" : -1.7500274,
      "z" : -2.126721
    }, {
      "x" : -0.293551,
      "y" : -0.5764762,
      "z" : -0.33669388
    }, {
      "x" : 0.106449015,
      "y" : -0.67647624,
      "z" : -0.43669388
    }, {
      "x" : -0.3766935,
      "y" : -2.0500274,
      "z" : -1.8933876
    }, {
      "x" : 0.023306519,
      "y" : -2.1500273,
      "z" : -1.9933876
    }, {
      "x" : 0.23978235,
      "y" : -0.37647623,
      "z" : -0.6700272
    }, {
      "x" : -0.16021766,
      "y" : -0.27647623,
      "z" : -0.57002723
    } ],
    "faces" : [ {
      "vertices" : [ 2, 3, 6 ]
    }, {
      "vertices" : [ 2, 6, 7 ]
    }, {
      "vertices" : [ 0, 5, 4 ]
    }, {
      "vertices" : [ 0, 4, 1 ]
    }, {
      "vertices" : [ 2, 4, 5 ]
    }, {
      "vertices" : [ 2, 5, 3 ]
    }, {
      "vertices" : [ 0, 6, 3 ]
    }, {
      "vertices" : [ 0, 3, 5 ]
    }, {
      "vertices" : [ 0, 1, 7 ]
    }, {
      "vertices" : [ 0, 7, 6 ]
    }, {
      "vertices" : [ 1, 4, 2 ]
    }, {
      "vertices" : [ 1, 2, 7 ]
    } ]
  }, {
    "id" : "92f7a073-ba93-41e5-9d2e-d5d994d4f0f9",
    "vertices" : [ {
      "x" : 1.0,
      "y" : 0.309017,
      "z" : 0.19098301
    }, {
      "x" : 1.0,
      "y" : -0.309017,
      "z" : 0.19098301
    }, {
      "x" : 5.472136,
      "y" : -0.309017,
      "z" : 0.19098301
    }, {
      "x" : 5.472136,
      "y" : 0.309017,
      "z" : 0.19098301
    }, {
      "x" : 5.472136,
      "y" : -0.309017,
      "z" : -0.19098301
    }, {
      "x" : 5.472136,
      "y" : 0.309017,
      "z" : -0.19098301
    }, {
      "x" : 6.09017,
      "y" : 0.0,
      "z" : 0.0
    }, {
      "x" : 0.38196602,
      "y" : 0.0,
      "z" : 0.0
    }, {
      "x" : 1.0,
      "y" : 0.309017,
      "z" : -0.19098301
    }, {
      "x" : 1.0,
      "y" : -0.309017,
      "z" : -0.19098301
    }, {
      "x" : 6.472136,
      "y" : 0.0,
      "z" : 0.0
    } ],
    "faces" : [ {
      "vertices" : [ 1, 9, 4 ]
    }, {
      "vertices" : [ 1, 4, 2 ]
    }, {
      "vertices" : [ 0, 3, 5 ]
    }, {
      "vertices" : [ 0, 5, 8 ]
    }, {
      "vertices" : [ 1, 7, 9 ]
    }, {
      "vertices" : [ 0, 1, 2 ]
    }, {
      "vertices" : [ 0, 2, 3 ]
    }, {
      "vertices" : [ 7, 8, 9 ]
    }, {
      "vertices" : [ 0, 7, 1 ]
    }, {
      "vertices" : [ 4, 9, 8 ]
    }, {
      "vertices" : [ 4, 8, 5 ]
    }, {
      "vertices" : [ 2, 6, 3 ]
    }, {
      "vertices" : [ 2, 4, 6 ]
    }, {
      "vertices" : [ 3, 6, 5 ]
    }, {
      "vertices" : [ 4, 5, 6 ]
    }, {
      "vertices" : [ 0, 8, 7 ]
    } ]
  }, {
    "id" : "d0eb983c-d7e1-494e-b850-e4e2738fc963",
    "vertices" : [ {
      "x" : 0.4705936,
      "y" : 0.3456986,
      "z" : 2.8219845
    }, {
      "x" : 0.07059362,
      "y" : 0.4456986,
      "z" : 2.9219847
    }, {
      "x" : -0.04948053,
      "y" : 0.33567667,
      "z" : 0.6183862
    }, {
      "x" : 0.35051948,
      "y" : 0.23567668,
      "z" : 0.5183862
    }, {
      "x" : 0.20392695,
      "y" : 0.7456986,
      "z" : 2.6886513
    }, {
      "x" : 0.60392696,
      "y" : 0.6456986,
      "z" : 2.5886512
    }, {
      "x" : 0.21718614,
      "y" : -0.06432332,
      "z" : 0.75171953
    }, {
      "x" : -0.18281387,
      "y" : 0.035676684,
      "z" : 0.85171956
    } ],
    "faces" : [ {
      "vertices" : [ 2, 3, 6 ]
    }, {
      "vertices" : [ 2, 6, 7 ]
    }, {
      "vertices" : [ 0, 5, 4 ]
    }, {
      "vertices" : [ 0, 4, 1 ]
    }, {
      "vertices" : [ 2, 4, 5 ]
    }, {
      "vertices" : [ 2, 5, 3 ]
    }, {
      "vertices" : [ 0, 6, 3 ]
    }, {
      "vertices" : [ 0, 3, 5 ]
    }, {
      "vertices" : [ 0, 1, 7 ]
    }, {
      "vertices" : [ 0, 7, 6 ]
    }, {
      "vertices" : [ 1, 4, 2 ]
    }, {
      "vertices" : [ 1, 2, 7 ]
    } ]
  }, {
    "id" : "8c5b2289-41c5-491f-9315-0b2b04c67c91",
    "vertices" : [ {
      "x" : 0.309017,
      "y" : -0.309017,
      "z" : -0.309017
    }, {
      "x" : 0.5,
      "y" : 0.0,
      "z" : -0.19098301
    }, {
      "x" : 0.5,
      "y" : 0.0,
      "z" : 0.19098301
    }, {
      "x" : 0.309017,
      "y" : -0.309017,
      "z" : 0.309017
    }, {
      "x" : 0.19098301,
      "y" : -0.5,
      "z" : 0.0
    }, {
      "x" : 0.0,
      "y" : 0.19098301,
      "z" : 0.5
    }, {
      "x" : 0.0,
      "y" : -0.19098301,
      "z" : 0.5
    }, {
      "x" : 0.309017,
      "y" : 0.309017,
      "z" : 0.309017
    }, {
      "x" : -0.309017,
      "y" : -0.309017,
      "z" : 0.309017
    }, {
      "x" : -0.309017,
      "y" : 0.309017,
      "z" : 0.309017
    }, {
      "x" : -0.5,
      "y" : 0.0,
      "z" : 0.19098301
    }, {
      "x" : 0.0,
      "y" : -0.19098301,
      "z" : -0.5
    }, {
      "x" : 0.0,
      "y" : 0.19098301,
      "z" : -0.5
    }, {
      "x" : 0.309017,
      "y" : 0.309017,
      "z" : -0.309017
    }, {
      "x" : -0.309017,
      "y" : -0.309017,
      "z" : -0.309017
    }, {
      "x" : -0.19098301,
      "y" : -0.5,
      "z" : 0.0
    }, {
      "x" : -0.5,
      "y" : 0.0,
      "z" : -0.19098301
    }, {
      "x" : 0.19098301,
      "y" : 0.5,
      "z" : 0.0
    }, {
      "x" : -0.309017,
      "y" : 0.309017,
      "z" : -0.309017
    }, {
      "x" : 0.0,
      "y" : 0.0,
      "z" : 0.0
    }, {
      "x" : -0.19098301,
      "y" : 0.5,
      "z" : 0.0
    } ],
    "faces" : [ {
      "vertices" : [ 12, 18, 20 ]
    }, {
      "vertices" : [ 12, 20, 17 ]
    }, {
      "vertices" : [ 12, 17, 13 ]
    }, {
      "vertices" : [ 3, 6, 8 ]
    }, {
      "vertices" : [ 3, 8, 15 ]
    }, {
      "vertices" : [ 3, 15, 4 ]
    }, {
      "vertices" : [ 0, 11, 12 ]
    }, {
      "vertices" : [ 0, 12, 13 ]
    }, {
      "vertices" : [ 0, 13, 1 ]
    }, {
      "vertices" : [ 5, 9, 10 ]
    }, {
      "vertices" : [ 5, 10, 8 ]
    }, {
      "vertices" : [ 5, 8, 6 ]
    }, {
      "vertices" : [ 2, 7, 5 ]
    }, {
      "vertices" : [ 2, 5, 6 ]
    }, {
      "vertices" : [ 2, 6, 3 ]
    }, {
      "vertices" : [ 11, 14, 16 ]
    }, {
      "vertices" : [ 11, 16, 18 ]
    }, {
      "vertices" : [ 11, 18, 12 ]
    }, {
      "vertices" : [ 1, 13, 17 ]
    }, {
      "vertices" : [ 1, 17, 7 ]
    }, {
      "vertices" : [ 1, 7, 2 ]
    }, {
      "vertices" : [ 9, 20, 18 ]
    }, {
      "vertices" : [ 9, 18, 16 ]
    }, {
      "vertices" : [ 9, 16, 10 ]
    }, {
      "vertices" : [ 0, 1, 2 ]
    }, {
      "vertices" : [ 0, 2, 3 ]
    }, {
      "vertices" : [ 0, 3, 4 ]
    }, {
      "vertices" : [ 5, 7, 17 ]
    }, {
      "vertices" : [ 5, 17, 20 ]
    }, {
      "vertices" : [ 5, 20, 9 ]
    }, {
      "vertices" : [ 0, 4, 15 ]
    }, {
      "vertices" : [ 0, 15, 14 ]
    }, {
      "vertices" : [ 0, 14, 11 ]
    }, {
      "vertices" : [ 8, 10, 16 ]
    }, {
      "vertices" : [ 8, 16, 14 ]
    }, {
      "vertices" : [ 8, 14, 15 ]
    } ]
  }, {
    "id" : "483b94f5-c23d-468b-b12e-38096cf6432f",
    "vertices" : [ {
      "x" : -0.06488702,
      "y" : -5.7761927,
      "z" : -6.374413
    }, {
      "x" : -0.46488702,
      "y" : -5.6761928,
      "z" : -6.274413
    }, {
      "x" : -0.293551,
      "y" : -0.5764762,
      "z" : -0.33669388
    }, {
      "x" : 0.106449015,
      "y" : -0.67647624,
      "z" : -0.43669388
    }, {
      "x" : -0.59822035,
      "y" : -5.9761925,
      "z" : -6.0410795
    }, {
      "x" : -0.19822036,
      "y" : -6.076193,
      "z" : -6.14108
    }, {
      "x" : 0.23978235,
      "y" : -0.37647623,
      "z" : -0.6700272
    }, {
      "x" : -0.16021766,
      "y" : -0.27647623,
      "z" : -0.57002723
    } ],
    "faces" : [ {
      "vertices" : [ 2, 3, 6 ]
    }, {
      "vertices" : [ 2, 6, 7 ]
    }, {
      "vertices" : [ 0, 5, 4 ]
    }, {
      "vertices" : [ 0, 4, 1 ]
    }, {
      "vertices" : [ 2, 4, 5 ]
    }, {
      "vertices" : [ 2, 5, 3 ]
    }, {
      "vertices" : [ 0, 6, 3 ]
    }, {
      "vertices" : [ 0, 3, 5 ]
    }, {
      "vertices" : [ 0, 1, 7 ]
    }, {
      "vertices" : [ 0, 7, 6 ]
    }, {
      "vertices" : [ 1, 4, 2 ]
    }, {
      "vertices" : [ 1, 2, 7 ]
    } ]
  }, {
    "id" : "a71ce0e7-c0d0-4095-af43-f4db6172e0bb",
    "vertices" : [ {
      "x" : -2.301476,
      "y" : -4.2267013,
      "z" : -1.5177435
    }, {
      "x" : -2.201476,
      "y" : -4.1267014,
      "z" : -1.9177434
    }, {
      "x" : -0.4091357,
      "y" : -0.35597095,
      "z" : -0.4963691
    }, {
      "x" : -0.5091357,
      "y" : -0.45597094,
      "z" : -0.09636909
    }, {
      "x" : -2.501476,
      "y" : -3.8933682,
      "z" : -2.051077
    }, {
      "x" : -2.6014762,
      "y" : -3.9933681,
      "z" : -1.6510768
    }, {
      "x" : -0.20913571,
      "y" : -0.6893043,
      "z" : 0.03696424
    }, {
      "x" : -0.10913571,
      "y" : -0.58930427,
      "z" : -0.36303577
    } ],
    "faces" : [ {
      "vertices" : [ 2, 3, 6 ]
    }, {
      "vertices" : [ 2, 6, 7 ]
    }, {
      "vertices" : [ 0, 5, 4 ]
    }, {
      "vertices" : [ 0, 4, 1 ]
    }, {
      "vertices" : [ 2, 4, 5 ]
    }, {
      "vertices" : [ 2, 5, 3 ]
    }, {
      "vertices" : [ 0, 6, 3 ]
    }, {
      "vertices" : [ 0, 3, 5 ]
    }, {
      "vertices" : [ 0, 1, 7 ]
    }, {
      "vertices" : [ 0, 7, 6 ]
    }, {
      "vertices" : [ 1, 4, 2 ]
    }, {
      "vertices" : [ 1, 2, 7 ]
    } ]
  }, {
    "id" : "10ab42d9-36b9-401a-85ff-a1d89d351da4",
    "vertices" : [ {
      "x" : -1.7680223,
      "y" : -5.8603945,
      "z" : -1.4612182
    }, {
      "x" : -1.6680223,
      "y" : -5.760394,
      "z" : -1.8612182
    }, {
      "x" : -0.2991045,
      "y" : -0.44020346,
      "z" : -0.45083454
    }, {
      "x" : -0.39910454,
      "y" : -0.54020345,
      "z" : -0.050834544
    }, {
      "x" : -1.9680222,
      "y" : -5.527061,
      "z" : -1.9945515
    }, {
      "x" : -2.0680223,
      "y" : -5.627061,
      "z" : -1.5945516
    }, {
      "x" : -0.09910452,
      "y" : -0.7735368,
      "z" : 0.08249879
    }, {
      "x" : 8.954776E-4,
      "y" : -0.6735368,
      "z" : -0.31750122
    } ],
    "faces" : [ {
      "vertices" : [ 2, 3, 6 ]
    }, {
      "vertices" : [ 2, 6, 7 ]
    }, {
      "vertices" : [ 0, 5, 4 ]
    }, {
      "vertices" : [ 0, 4, 1 ]
    }, {
      "vertices" : [ 2, 4, 5 ]
    }, {
      "vertices" : [ 2, 5, 3 ]
    }, {
      "vertices" : [ 0, 6, 3 ]
    }, {
      "vertices" : [ 0, 3, 5 ]
    }, {
      "vertices" : [ 0, 1, 7 ]
    }, {
      "vertices" : [ 0, 7, 6 ]
    }, {
      "vertices" : [ 1, 4, 2 ]
    }, {
      "vertices" : [ 1, 2, 7 ]
    } ]
  }, {
    "id" : "6b41d19e-5383-4cd1-b2d2-18a7860ba590",
    "vertices" : [ {
      "x" : 3.927051,
      "y" : 1.5,
      "z" : -0.572949
    }, {
      "x" : 3.545085,
      "y" : 1.045085,
      "z" : -0.38196602
    }, {
      "x" : 3.381966,
      "y" : 1.309017,
      "z" : -0.809017
    }, {
      "x" : 3.309017,
      "y" : 1.572949,
      "z" : -0.618034
    }, {
      "x" : 0.85410196,
      "y" : 0.309017,
      "z" : 0.19098301
    }, {
      "x" : 0.690983,
      "y" : 0.572949,
      "z" : -0.23606798
    }, {
      "x" : 0.309017,
      "y" : 0.11803399,
      "z" : -0.045084972
    }, {
      "x" : 0.76393205,
      "y" : 0.309017,
      "z" : -0.42705098
    }, {
      "x" : 0.927051,
      "y" : 0.045084972,
      "z" : 0.0
    }, {
      "x" : 3.472136,
      "y" : 1.309017,
      "z" : -0.19098301
    }, {
      "x" : 4.236068,
      "y" : 1.618034,
      "z" : -0.618034
    } ],
    "faces" : [ {
      "vertices" : [ 2, 7, 5 ]
    }, {
      "vertices" : [ 2, 5, 3 ]
    }, {
      "vertices" : [ 1, 8, 7 ]
    }, {
      "vertices" : [ 1, 7, 2 ]
    }, {
      "vertices" : [ 4, 6, 8 ]
    }, {
      "vertices" : [ 5, 7, 6 ]
    }, {
      "vertices" : [ 0, 1, 2 ]
    }, {
      "vertices" : [ 0, 2, 3 ]
    }, {
      "vertices" : [ 6, 7, 8 ]
    }, {
      "vertices" : [ 3, 5, 4 ]
    }, {
      "vertices" : [ 3, 4, 9 ]
    }, {
      "vertices" : [ 1, 9, 4 ]
    }, {
      "vertices" : [ 1, 4, 8 ]
    }, {
      "vertices" : [ 0, 9, 1 ]
    }, {
      "vertices" : [ 0, 3, 9 ]
    }, {
      "vertices" : [ 4, 5, 6 ]
    } ]
  } ],
  "instances" : [ {
    "shape" : "32bce368-fa8a-4e4e-abe9-8370e6c7ed35",
    "color" : "#BB3930",
    "position" : {
      "x" : -6.735578,
      "y" : -13.446685,
      "z" : -13.088247
    },
    "orientation" : 14
  }, {
    "shape" : "bad38d28-97e9-41bf-84af-b0f9e615b6fe",
    "color" : "#57BC30",
    "position" : {
      "x" : -2.5727618,
      "y" : -5.1361766,
      "z" : 4.9992657
    },
    "orientation" : 17
  }, {
    "shape" : "92f7a073-ba93-41e5-9d2e-d5d994d4f0f9",
    "color" : "#007695",
    "position" : {
      "x" : -8.472136,
      "y" : 5.236068,
      "z" : 10.472136
    },
    "orientation" : 6
  }, {
    "shape" : "92f7a073-ba93-41e5-9d2e-d5d994d4f0f9",
    "color" : "#007695",
    "position" : {
      "x" : 3.236068,
      "y" : 3.236068,
      "z" : 13.708204
    },
    "orientation" : 23
  }, {
    "shape" : "d0eb983c-d7e1-494e-b850-e4e2738fc963",
    "color" : "#BB3930",
    "position" : {
      "x" : 2.2714295,
      "y" : -6.986493,
      "z" : -2.0053904
    },
    "orientation" : 31
  }, {
    "shape" : "8c5b2289-41c5-491f-9315-0b2b04c67c91",
    "color" : "#FFFFFF",
    "position" : {
      "x" : 3.8967772,
      "y" : 2.993875,
      "z" : -5.817552
    }
  }, {
    "shape" : "d0eb983c-d7e1-494e-b850-e4e2738fc963",
    "color" : "#BB3930",
    "position" : {
      "x" : 4.9992657,
      "y" : -2.5727618,
      "z" : -5.1361766
    },
    "orientation" : 25
  }, {
    "shape" : "8c5b2289-41c5-491f-9315-0b2b04c67c91",
    "color" : "#FFFFFF",
    "position" : {
      "x" : -19.393364,
      "y" : -3.466317,
      "z" : 3.0603278
    }
  }, {
    "shape" : "92f7a073-ba93-41e5-9d2e-d5d994d4f0f9",
    "color" : "#007695",
    "position" : {
      "x" : 3.236068,
      "y" : 13.708204,
      "z" : 3.236068
    },
    "orientation" : 45
  }, {
    "shape" : "483b94f5-c23d-468b-b12e-38096cf6432f",
    "color" : "#57BC30",
    "position" : {
      "x" : -10.201895,
      "y" : 7.8380666,
      "z" : -15.230549
    },
    "orientation" : 53
  }, {
    "shape" : "a71ce0e7-c0d0-4095-af43-f4db6172e0bb",
    "color" : "#FFFFFF",
    "position" : {
      "x" : -3.236068,
      "y" : 3.236068,
      "z" : 13.708204
    },
    "orientation" : 16
  }, {
    "shape" : "8c5b2289-41c5-491f-9315-0b2b04c67c91",
    "color" : "#FFFFFF",
    "position" : {
      "x" : 1.7838637,
      "y" : -11.555298,
      "z" : -16.148575
    }
  }, {
    "shape" : "92f7a073-ba93-41e5-9d2e-d5d994d4f0f9",
    "color" : "#007695",
    "position" : {
      "x" : 13.708204,
      "y" : -3.236068,
      "z" : 3.236068
    },
    "orientation" : 1
  }, {
    "shape" : "a71ce0e7-c0d0-4095-af43-f4db6172e0bb",
    "color" : "#FFFFFF",
    "position" : {
      "x" : -5.236068,
      "y" : -10.472136,
      "z" : 8.472136
    },
    "orientation" : 12
  }, {
    "shape" : "32bce368-fa8a-4e4e-abe9-8370e6c7ed35",
    "color" : "#BB3930",
    "position" : {
      "x" : 1.7838637,
      "y" : 11.555298,
      "z" : 16.148575
    },
    "orientation" : 50
  }, {
    "shape" : "32bce368-fa8a-4e4e-abe9-8370e6c7ed35",
    "color" : "#BB3930",
    "position" : {
      "x" : -3.0603278,
      "y" : -19.393364,
      "z" : 3.466317
    },
    "orientation" : 1
  }, {
    "shape" : "92f7a073-ba93-41e5-9d2e-d5d994d4f0f9",
    "color" : "#007695",
    "position" : {
      "x" : -3.236068,
      "y" : 3.236068,
      "z" : 13.708204
    },
    "orientation" : 0
  }, {
    "shape" : "8c5b2289-41c5-491f-9315-0b2b04c67c91",
    "color" : "#FFFFFF",
    "position" : {
      "x" : 3.236068,
      "y" : 3.236068,
      "z" : -13.708204
    }
  }, {
    "shape" : "d0eb983c-d7e1-494e-b850-e4e2738fc963",
    "color" : "#BB3930",
    "position" : {
      "x" : -1.1689411,
      "y" : 7.407606,
      "z" : 1.3240153
    },
    "orientation" : 51
  }, {
    "shape" : "32bce368-fa8a-4e4e-abe9-8370e6c7ed35",
    "color" : "#BB3930",
    "position" : {
      "x" : 16.148575,
      "y" : -1.7838637,
      "z" : -11.555298
    },
    "orientation" : 48
  }, {
    "shape" : "10ab42d9-36b9-401a-85ff-a1d89d351da4",
    "color" : "#FFFFFF",
    "position" : {
      "x" : -0.68137527,
      "y" : -4.413731,
      "z" : -6.1682067
    },
    "orientation" : 41
  }, {
    "shape" : "10ab42d9-36b9-401a-85ff-a1d89d351da4",
    "color" : "#FFFFFF",
    "position" : {
      "x" : 3.8967772,
      "y" : -2.993875,
      "z" : 5.817552
    },
    "orientation" : 48
  }, {
    "shape" : "483b94f5-c23d-468b-b12e-38096cf6432f",
    "color" : "#57BC30",
    "position" : {
      "x" : -19.393364,
      "y" : -3.466317,
      "z" : 3.0603278
    },
    "orientation" : 39
  }, {
    "shape" : "bad38d28-97e9-41bf-84af-b0f9e615b6fe",
    "color" : "#57BC30",
    "position" : {
      "x" : -6.1682067,
      "y" : -0.68137527,
      "z" : -4.413731
    },
    "orientation" : 9
  }, {
    "shape" : "483b94f5-c23d-468b-b12e-38096cf6432f",
    "color" : "#57BC30",
    "position" : {
      "x" : -7.8380666,
      "y" : 15.230549,
      "z" : -10.201895
    },
    "orientation" : 52
  }, {
    "shape" : "483b94f5-c23d-468b-b12e-38096cf6432f",
    "color" : "#57BC30",
    "position" : {
      "x" : -16.148575,
      "y" : 1.7838637,
      "z" : -11.555298
    },
    "orientation" : 50
  }, {
    "shape" : "483b94f5-c23d-468b-b12e-38096cf6432f",
    "color" : "#57BC30",
    "position" : {
      "x" : -10.201895,
      "y" : -7.8380666,
      "z" : 15.230549
    },
    "orientation" : 38
  }, {
    "shape" : "92f7a073-ba93-41e5-9d2e-d5d994d4f0f9",
    "color" : "#007695",
    "position" : {
      "x" : 8.472136,
      "y" : -5.236068,
      "z" : -10.472136
    },
    "orientation" : 9
  }, {
    "shape" : "8c5b2289-41c5-491f-9315-0b2b04c67c91",
    "color" : "#FFFFFF",
    "position" : {
      "x" : -6.1682067,
      "y" : 0.68137527,
      "z" : 4.413731
    }
  }, {
    "shape" : "8c5b2289-41c5-491f-9315-0b2b04c67c91",
    "color" : "#FFFFFF",
    "position" : {
      "x" : 3.236068,
      "y" : -3.236068,
      "z" : -13.708204
    }
  }, {
    "shape" : "8c5b2289-41c5-491f-9315-0b2b04c67c91",
    "color" : "#FFFFFF",
    "position" : {
      "x" : 6.1682067,
      "y" : 0.68137527,
      "z" : -4.413731
    }
  }, {
    "shape" : "483b94f5-c23d-468b-b12e-38096cf6432f",
    "color" : "#57BC30",
    "position" : {
      "x" : -6.735578,
      "y" : 13.446685,
      "z" : 13.088247
    },
    "orientation" : 1
  }, {
    "shape" : "d0eb983c-d7e1-494e-b850-e4e2738fc963",
    "color" : "#BB3930",
    "position" : {
      "x" : 6.1682067,
      "y" : -0.68137527,
      "z" : 4.413731
    },
    "orientation" : 12
  }, {
    "shape" : "a71ce0e7-c0d0-4095-af43-f4db6172e0bb",
    "color" : "#FFFFFF",
    "position" : {
      "x" : 5.236068,
      "y" : 10.472136,
      "z" : -8.472136
    },
    "orientation" : 35
  }, {
    "shape" : "10ab42d9-36b9-401a-85ff-a1d89d351da4",
    "color" : "#FFFFFF",
    "position" : {
      "x" : 2.993875,
      "y" : 5.817552,
      "z" : -3.8967772
    },
    "orientation" : 35
  }, {
    "shape" : "8c5b2289-41c5-491f-9315-0b2b04c67c91",
    "color" : "#FFFFFF",
    "position" : {
      "x" : 1.1689411,
      "y" : -7.407606,
      "z" : 1.3240153
    }
  }, {
    "shape" : "8c5b2289-41c5-491f-9315-0b2b04c67c91",
    "color" : "#FFFFFF",
    "position" : {
      "x" : 3.466317,
      "y" : -3.0603278,
      "z" : -19.393364
    }
  }, {
    "shape" : "8c5b2289-41c5-491f-9315-0b2b04c67c91",
    "color" : "#FFFFFF",
    "position" : {
      "x" : -2.2714295,
      "y" : -6.986493,
      "z" : 2.0053904
    }
  }, {
    "shape" : "d0eb983c-d7e1-494e-b850-e4e2738fc963",
    "color" : "#BB3930",
    "position" : {
      "x" : -7.407606,
      "y" : -1.3240153,
      "z" : -1.1689411
    },
    "orientation" : 53
  }, {
    "shape" : "92f7a073-ba93-41e5-9d2e-d5d994d4f0f9",
    "color" : "#007695",
    "position" : {
      "x" : -10.472136,
      "y" : -8.472136,
      "z" : -5.236068
    },
    "orientation" : 51
  }, {
    "shape" : "8c5b2289-41c5-491f-9315-0b2b04c67c91",
    "color" : "#FFFFFF",
    "position" : {
      "x" : 8.472136,
      "y" : 11.708204,
      "z" : 0.0
    }
  }, {
    "shape" : "bad38d28-97e9-41bf-84af-b0f9e615b6fe",
    "color" : "#57BC30",
    "position" : {
      "x" : 1.3240153,
      "y" : 1.1689411,
      "z" : -7.407606
    },
    "orientation" : 14
  }, {
    "shape" : "8c5b2289-41c5-491f-9315-0b2b04c67c91",
    "color" : "#FFFFFF",
    "position" : {
      "x" : -3.236068,
      "y" : 13.708204,
      "z" : 3.236068
    }
  }, {
    "shape" : "92f7a073-ba93-41e5-9d2e-d5d994d4f0f9",
    "color" : "#007695",
    "position" : {
      "x" : -5.236068,
      "y" : -10.472136,
      "z" : 8.472136
    },
    "orientation" : 11
  }, {
    "shape" : "bad38d28-97e9-41bf-84af-b0f9e615b6fe",
    "color" : "#57BC30",
    "position" : {
      "x" : 6.986493,
      "y" : 2.0053904,
      "z" : 2.2714295
    },
    "orientation" : 50
  }, {
    "shape" : "8c5b2289-41c5-491f-9315-0b2b04c67c91",
    "color" : "#FFFFFF",
    "position" : {
      "x" : -10.472136,
      "y" : -8.472136,
      "z" : -5.236068
    }
  }, {
    "shape" : "92f7a073-ba93-41e5-9d2e-d5d994d4f0f9",
    "color" : "#007695",
    "position" : {
      "x" : -10.472136,
      "y" : -8.472136,
      "z" : 5.236068
    },
    "orientation" : 8
  }, {
    "shape" : "d0eb983c-d7e1-494e-b850-e4e2738fc963",
    "color" : "#BB3930",
    "position" : {
      "x" : 0.68137527,
      "y" : 4.413731,
      "z" : -6.1682067
    },
    "orientation" : 59
  }, {
    "shape" : "10ab42d9-36b9-401a-85ff-a1d89d351da4",
    "color" : "#FFFFFF",
    "position" : {
      "x" : 1.1689411,
      "y" : -7.407606,
      "z" : 1.3240153
    },
    "orientation" : 45
  }, {
    "shape" : "92f7a073-ba93-41e5-9d2e-d5d994d4f0f9",
    "color" : "#007695",
    "position" : {
      "x" : 11.708204,
      "y" : 0.0,
      "z" : 8.472136
    },
    "orientation" : 39
  }, {
    "shape" : "92f7a073-ba93-41e5-9d2e-d5d994d4f0f9",
    "color" : "#007695",
    "position" : {
      "x" : 0.0,
      "y" : -8.472136,
      "z" : -11.708204
    },
    "orientation" : 54
  }, {
    "shape" : "bad38d28-97e9-41bf-84af-b0f9e615b6fe",
    "color" : "#57BC30",
    "position" : {
      "x" : -2.0053904,
      "y" : -2.2714295,
      "z" : 6.986493
    },
    "orientation" : 49
  }, {
    "shape" : "8c5b2289-41c5-491f-9315-0b2b04c67c91",
    "color" : "#FFFFFF",
    "position" : {
      "x" : -15.230549,
      "y" : -10.201895,
      "z" : 7.8380666
    }
  }, {
    "shape" : "8c5b2289-41c5-491f-9315-0b2b04c67c91",
    "color" : "#FFFFFF",
    "position" : {
      "x" : 18.290876,
      "y" : 5.2501807,
      "z" : -5.9466796
    }
  }, {
    "shape" : "92f7a073-ba93-41e5-9d2e-d5d994d4f0f9",
    "color" : "#007695",
    "position" : {
      "x" : 8.472136,
      "y" : -5.236068,
      "z" : 10.472136
    },
    "orientation" : 36
  }, {
    "shape" : "8c5b2289-41c5-491f-9315-0b2b04c67c91",
    "color" : "#FFFFFF",
    "position" : {
      "x" : -2.0053904,
      "y" : 2.2714295,
      "z" : -6.986493
    }
  }, {
    "shape" : "8c5b2289-41c5-491f-9315-0b2b04c67c91",
    "color" : "#FFFFFF",
    "position" : {
      "x" : -19.393364,
      "y" : 3.466317,
      "z" : -3.0603278
    }
  }, {
    "shape" : "92f7a073-ba93-41e5-9d2e-d5d994d4f0f9",
    "color" : "#007695",
    "position" : {
      "x" : -10.472136,
      "y" : 8.472136,
      "z" : 5.236068
    },
    "orientation" : 37
  }, {
    "shape" : "92f7a073-ba93-41e5-9d2e-d5d994d4f0f9",
    "color" : "#007695",
    "position" : {
      "x" : 10.472136,
      "y" : 8.472136,
      "z" : -5.236068
    },
    "orientation" : 21
  }, {
    "shape" : "8c5b2289-41c5-491f-9315-0b2b04c67c91",
    "color" : "#FFFFFF",
    "position" : {
      "x" : 5.2501807,
      "y" : -5.9466796,
      "z" : 18.290876
    }
  }, {
    "shape" : "d0eb983c-d7e1-494e-b850-e4e2738fc963",
    "color" : "#BB3930",
    "position" : {
      "x" : -2.993875,
      "y" : -5.817552,
      "z" : -3.8967772
    },
    "orientation" : 50
  }, {
    "shape" : "483b94f5-c23d-468b-b12e-38096cf6432f",
    "color" : "#57BC30",
    "position" : {
      "x" : -1.7838637,
      "y" : 11.555298,
      "z" : -16.148575
    },
    "orientation" : 49
  }, {
    "shape" : "483b94f5-c23d-468b-b12e-38096cf6432f",
    "color" : "#57BC30",
    "position" : {
      "x" : 1.7838637,
      "y" : -11.555298,
      "z" : -16.148575
    },
    "orientation" : 19
  }, {
    "shape" : "8c5b2289-41c5-491f-9315-0b2b04c67c91",
    "color" : "#FFFFFF",
    "position" : {
      "x" : 7.8380666,
      "y" : -15.230549,
      "z" : -10.201895
    }
  }, {
    "shape" : "8c5b2289-41c5-491f-9315-0b2b04c67c91",
    "color" : "#FFFFFF",
    "position" : {
      "x" : -15.230549,
      "y" : 10.201895,
      "z" : -7.8380666
    }
  }, {
    "shape" : "32bce368-fa8a-4e4e-abe9-8370e6c7ed35",
    "color" : "#BB3930",
    "position" : {
      "x" : 19.393364,
      "y" : 3.466317,
      "z" : 3.0603278
    },
    "orientation" : 45
  }, {
    "shape" : "10ab42d9-36b9-401a-85ff-a1d89d351da4",
    "color" : "#FFFFFF",
    "position" : {
      "x" : 6.986493,
      "y" : 2.0053904,
      "z" : 2.2714295
    },
    "orientation" : 51
  }, {
    "shape" : "bad38d28-97e9-41bf-84af-b0f9e615b6fe",
    "color" : "#57BC30",
    "position" : {
      "x" : 5.817552,
      "y" : 3.8967772,
      "z" : -2.993875
    },
    "orientation" : 38
  }, {
    "shape" : "483b94f5-c23d-468b-b12e-38096cf6432f",
    "color" : "#57BC30",
    "position" : {
      "x" : 19.393364,
      "y" : 3.466317,
      "z" : 3.0603278
    },
    "orientation" : 9
  }, {
    "shape" : "8c5b2289-41c5-491f-9315-0b2b04c67c91",
    "color" : "#FFFFFF",
    "position" : {
      "x" : 4.413731,
      "y" : -6.1682067,
      "z" : 0.68137527
    }
  }, {
    "shape" : "483b94f5-c23d-468b-b12e-38096cf6432f",
    "color" : "#57BC30",
    "position" : {
      "x" : 7.8380666,
      "y" : -15.230549,
      "z" : -10.201895
    },
    "orientation" : 22
  }, {
    "shape" : "483b94f5-c23d-468b-b12e-38096cf6432f",
    "color" : "#57BC30",
    "position" : {
      "x" : 5.9466796,
      "y" : -18.290876,
      "z" : 5.2501807
    },
    "orientation" : 43
  }, {
    "shape" : "d0eb983c-d7e1-494e-b850-e4e2738fc963",
    "color" : "#BB3930",
    "position" : {
      "x" : 1.3240153,
      "y" : 1.1689411,
      "z" : -7.407606
    },
    "orientation" : 52
  }, {
    "shape" : "92f7a073-ba93-41e5-9d2e-d5d994d4f0f9",
    "color" : "#007695",
    "position" : {
      "x" : 3.236068,
      "y" : 3.236068,
      "z" : 13.708204
    },
    "orientation" : 54
  }, {
    "shape" : "d0eb983c-d7e1-494e-b850-e4e2738fc963",
    "color" : "#BB3930",
    "position" : {
      "x" : 2.993875,
      "y" : -5.817552,
      "z" : 3.8967772
    },
    "orientation" : 5
  }, {
    "shape" : "92f7a073-ba93-41e5-9d2e-d5d994d4f0f9",
    "color" : "#007695",
    "position" : {
      "x" : 3.236068,
      "y" : -3.236068,
      "z" : -13.708204
    },
    "orientation" : 39
  }, {
    "shape" : "8c5b2289-41c5-491f-9315-0b2b04c67c91",
    "color" : "#FFFFFF",
    "position" : {
      "x" : 5.9466796,
      "y" : -18.290876,
      "z" : 5.2501807
    }
  }, {
    "shape" : "92f7a073-ba93-41e5-9d2e-d5d994d4f0f9",
    "color" : "#007695",
    "position" : {
      "x" : 5.236068,
      "y" : 10.472136,
      "z" : 8.472136
    },
    "orientation" : 41
  }, {
    "shape" : "a71ce0e7-c0d0-4095-af43-f4db6172e0bb",
    "color" : "#FFFFFF",
    "position" : {
      "x" : -3.236068,
      "y" : 3.236068,
      "z" : -13.708204
    },
    "orientation" : 38
  }, {
    "shape" : "8c5b2289-41c5-491f-9315-0b2b04c67c91",
    "color" : "#FFFFFF",
    "position" : {
      "x" : -13.088247,
      "y" : -6.735578,
      "z" : -13.446685
    }
  }, {
    "shape" : "8c5b2289-41c5-491f-9315-0b2b04c67c91",
    "color" : "#FFFFFF",
    "position" : {
      "x" : 0.0,
      "y" : 8.472136,
      "z" : -11.708204
    }
  }, {
    "shape" : "92f7a073-ba93-41e5-9d2e-d5d994d4f0f9",
    "color" : "#007695",
    "position" : {
      "x" : -5.236068,
      "y" : 10.472136,
      "z" : -8.472136
    },
    "orientation" : 36
  }, {
    "shape" : "bad38d28-97e9-41bf-84af-b0f9e615b6fe",
    "color" : "#57BC30",
    "position" : {
      "x" : -2.2714295,
      "y" : 6.986493,
      "z" : -2.0053904
    },
    "orientation" : 18
  }, {
    "shape" : "a71ce0e7-c0d0-4095-af43-f4db6172e0bb",
    "color" : "#FFFFFF",
    "position" : {
      "x" : -3.236068,
      "y" : 13.708204,
      "z" : 3.236068
    },
    "orientation" : 15
  }, {
    "shape" : "92f7a073-ba93-41e5-9d2e-d5d994d4f0f9",
    "color" : "#007695",
    "position" : {
      "x" : 5.236068,
      "y" : -10.472136,
      "z" : 8.472136
    },
    "orientation" : 23
  }, {
    "shape" : "92f7a073-ba93-41e5-9d2e-d5d994d4f0f9",
    "color" : "#007695",
    "position" : {
      "x" : 8.472136,
      "y" : 11.708204,
      "z" : 0.0
    },
    "orientation" : 56
  }, {
    "shape" : "10ab42d9-36b9-401a-85ff-a1d89d351da4",
    "color" : "#FFFFFF",
    "position" : {
      "x" : 7.407606,
      "y" : -1.3240153,
      "z" : 1.1689411
    },
    "orientation" : 47
  }, {
    "shape" : "8c5b2289-41c5-491f-9315-0b2b04c67c91",
    "color" : "#FFFFFF",
    "position" : {
      "x" : 13.446685,
      "y" : 13.088247,
      "z" : -6.735578
    }
  }, {
    "shape" : "d0eb983c-d7e1-494e-b850-e4e2738fc963",
    "color" : "#BB3930",
    "position" : {
      "x" : 6.986493,
      "y" : -2.0053904,
      "z" : -2.2714295
    },
    "orientation" : 0
  }, {
    "shape" : "8c5b2289-41c5-491f-9315-0b2b04c67c91",
    "color" : "#FFFFFF",
    "position" : {
      "x" : 7.8380666,
      "y" : 15.230549,
      "z" : 10.201895
    }
  }, {
    "shape" : "8c5b2289-41c5-491f-9315-0b2b04c67c91",
    "color" : "#FFFFFF",
    "position" : {
      "x" : -13.088247,
      "y" : 6.735578,
      "z" : 13.446685
    }
  }, {
    "shape" : "bad38d28-97e9-41bf-84af-b0f9e615b6fe",
    "color" : "#57BC30",
    "position" : {
      "x" : 2.0053904,
      "y" : -2.2714295,
      "z" : -6.986493
    },
    "orientation" : 4
  }, {
    "shape" : "a71ce0e7-c0d0-4095-af43-f4db6172e0bb",
    "color" : "#FFFFFF",
    "position" : {
      "x" : 8.472136,
      "y" : 11.708204,
      "z" : 0.0
    },
    "orientation" : 25
  }, {
    "shape" : "d0eb983c-d7e1-494e-b850-e4e2738fc963",
    "color" : "#BB3930",
    "position" : {
      "x" : -4.9992657,
      "y" : -2.5727618,
      "z" : 5.1361766
    },
    "orientation" : 40
  }, {
    "shape" : "92f7a073-ba93-41e5-9d2e-d5d994d4f0f9",
    "color" : "#007695",
    "position" : {
