{
  "polygons" : "true",
  "field" : "golden",
  "symmetry" : "icosahedral",
  "orientations" : [ [ 1.0, 0.0, 0.0, 0.0, 0.0, 1.0, 0.0, 0.0, 0.0, 0.0, 1.0, 0.0, 0.0, 0.0, 0.0, 1.0 ], [ 0.0, 0.0, 1.0, 0.0, 1.0, 0.0, 0.0, 0.0, 0.0, 1.0, 0.0, 0.0, 0.0, 0.0, 0.0, 1.0 ], [ 0.0, 1.0, 0.0, 0.0, 0.0, 0.0, 1.0, 0.0, 1.0, 0.0, 0.0, 0.0, 0.0, 0.0, 0.0, 1.0 ], [ 0.809017, 0.309017, 0.5, 0.0, 0.309017, 0.5, -0.809017, 0.0, -0.5, 0.809017, 0.309017, 0.0, 0.0, 0.0, 0.0, 1.0 ], [ -0.5, 0.809017, 0.309017, 0.0, 0.809017, 0.309017, 0.5, 0.0, 0.309017, 0.5, -0.809017, 0.0, 0.0, 0.0, 0.0, 1.0 ], [ 0.309017, 0.5, -0.809017, 0.0, -0.5, 0.809017, 0.309017, 0.0, 0.809017, 0.309017, 0.5, 0.0, 0.0, 0.0, 0.0, 1.0 ], [ 0.5, 0.809017, 0.309017, 0.0, 0.809017, -0.309017, -0.5, 0.0, -0.309017, 0.5, -0.809017, 0.0, 0.0, 0.0, 0.0, 1.0 ], [ -0.309017, 0.5, -0.809017, 0.0, 0.5, 0.809017, 0.309017, 0.0, 0.809017, -0.309017, -0.5, 0.0, 0.0, 0.0, 0.0, 1.0 ], [ 0.809017, -0.309017, -0.5, 0.0, -0.309017, 0.5, -0.809017, 0.0, 0.5, 0.809017, 0.309017, 0.0, 0.0, 0.0, 0.0, 1.0 ], [ 0.5, 0.809017, -0.309017, 0.0, 0.809017, -0.309017, 0.5, 0.0, 0.309017, -0.5, -0.809017, 0.0, 0.0, 0.0, 0.0, 1.0 ], [ 0.309017, -0.5, -0.809017, 0.0, 0.5, 0.809017, -0.309017, 0.0, 0.809017, -0.309017, 0.5, 0.0, 0.0, 0.0, 0.0, 1.0 ], [ 0.809017, -0.309017, 0.5, 0.0, 0.309017, -0.5, -0.809017, 0.0, 0.5, 0.809017, -0.309017, 0.0, 0.0, 0.0, 0.0, 1.0 ], [ 0.809017, 0.309017, -0.5, 0.0, 0.309017, 0.5, 0.809017, 0.0, 0.5, -0.809017, 0.309017, 0.0, 0.0, 0.0, 0.0, 1.0 ], [ 0.5, -0.809017, 0.309017, 0.0, 0.809017, 0.309017, -0.5, 0.0, 0.309017, 0.5, 0.809017, 0.0, 0.0, 0.0, 0.0, 1.0 ], [ 0.309017, 0.5, 0.809017, 0.0, 0.5, -0.809017, 0.309017, 0.0, 0.809017, 0.309017, -0.5, 0.0, 0.0, 0.0, 0.0, 1.0 ], [ 1.0, 0.0, 0.0, 0.0, 0.0, -1.0, 0.0, 0.0, 0.0, 0.0, -1.0, 0.0, 0.0, 0.0, 0.0, 1.0 ], [ 0.0, 0.0, 1.0, 0.0, -1.0, 0.0, 0.0, 0.0, 0.0, -1.0, 0.0, 0.0, 0.0, 0.0, 0.0, 1.0 ], [ 0.0, 1.0, 0.0, 0.0, 0.0, 0.0, -1.0, 0.0, -1.0, 0.0, 0.0, 0.0, 0.0, 0.0, 0.0, 1.0 ], [ 0.809017, 0.309017, 0.5, 0.0, -0.309017, -0.5, 0.809017, 0.0, 0.5, -0.809017, -0.309017, 0.0, 0.0, 0.0, 0.0, 1.0 ], [ -0.5, 0.809017, 0.309017, 0.0, -0.809017, -0.309017, -0.5, 0.0, -0.309017, -0.5, 0.809017, 0.0, 0.0, 0.0, 0.0, 1.0 ], [ 0.309017, 0.5, -0.809017, 0.0, 0.5, -0.809017, -0.309017, 0.0, -0.809017, -0.309017, -0.5, 0.0, 0.0, 0.0, 0.0, 1.0 ], [ 0.5, 0.809017, 0.309017, 0.0, -0.809017, 0.309017, 0.5, 0.0, 0.309017, -0.5, 0.809017, 0.0, 0.0, 0.0, 0.0, 1.0 ], [ -0.309017, 0.5, -0.809017, 0.0, -0.5, -0.809017, -0.309017, 0.0, -0.809017, 0.309017, 0.5, 0.0, 0.0, 0.0, 0.0, 1.0 ], [ 0.809017, -0.309017, -0.5, 0.0, 0.309017, -0.5, 0.809017, 0.0, -0.5, -0.809017, -0.309017, 0.0, 0.0, 0.0, 0.0, 1.0 ], [ 0.5, 0.809017, -0.309017, 0.0, -0.809017, 0.309017, -0.5, 0.0, -0.309017, 0.5, 0.809017, 0.0, 0.0, 0.0, 0.0, 1.0 ], [ 0.309017, -0.5, -0.809017, 0.0, -0.5, -0.809017, 0.309017, 0.0, -0.809017, 0.309017, -0.5, 0.0, 0.0, 0.0, 0.0, 1.0 ], [ 0.809017, -0.309017, 0.5, 0.0, -0.309017, 0.5, 0.809017, 0.0, -0.5, -0.809017, 0.309017, 0.0, 0.0, 0.0, 0.0, 1.0 ], [ 0.809017, 0.309017, -0.5, 0.0, -0.309017, -0.5, -0.809017, 0.0, -0.5, 0.809017, -0.309017, 0.0, 0.0, 0.0, 0.0, 1.0 ], [ 0.5, -0.809017, 0.309017, 0.0, -0.809017, -0.309017, 0.5, 0.0, -0.309017, -0.5, -0.809017, 0.0, 0.0, 0.0, 0.0, 1.0 ], [ 0.309017, 0.5, 0.809017, 0.0, -0.5, 0.809017, -0.309017, 0.0, -0.809017, -0.309017, 0.5, 0.0, 0.0, 0.0, 0.0, 1.0 ], [ -1.0, 0.0, 0.0, 0.0, 0.0, -1.0, 0.0, 0.0, 0.0, 0.0, 1.0, 0.0, 0.0, 0.0, 0.0, 1.0 ], [ 0.0, 0.0, -1.0, 0.0, -1.0, 0.0, 0.0, 0.0, 0.0, 1.0, 0.0, 0.0, 0.0, 0.0, 0.0, 1.0 ], [ 0.0, -1.0, 0.0, 0.0, 0.0, 0.0, -1.0, 0.0, 1.0, 0.0, 0.0, 0.0, 0.0, 0.0, 0.0, 1.0 ], [ -0.809017, -0.309017, -0.5, 0.0, -0.309017, -0.5, 0.809017, 0.0, -0.5, 0.809017, 0.309017, 0.0, 0.0, 0.0, 0.0, 1.0 ], [ 0.5, -0.809017, -0.309017, 0.0, -0.809017, -0.309017, -0.5, 0.0, 0.309017, 0.5, -0.809017, 0.0, 0.0, 0.0, 0.0, 1.0 ], [ -0.309017, -0.5, 0.809017, 0.0, 0.5, -0.809017, -0.309017, 0.0, 0.809017, 0.309017, 0.5, 0.0, 0.0, 0.0, 0.0, 1.0 ], [ -0.5, -0.809017, -0.309017, 0.0, -0.809017, 0.309017, 0.5, 0.0, -0.309017, 0.5, -0.809017, 0.0, 0.0, 0.0, 0.0, 1.0 ], [ 0.309017, -0.5, 0.809017, 0.0, -0.5, -0.809017, -0.309017, 0.0, 0.809017, -0.309017, -0.5, 0.0, 0.0, 0.0, 0.0, 1.0 ], [ -0.809017, 0.309017, 0.5, 0.0, 0.309017, -0.5, 0.809017, 0.0, 0.5, 0.809017, 0.309017, 0.0, 0.0, 0.0, 0.0, 1.0 ], [ -0.5, -0.809017, 0.309017, 0.0, -0.809017, 0.309017, -0.5, 0.0, 0.309017, -0.5, -0.809017, 0.0, 0.0, 0.0, 0.0, 1.0 ], [ -0.309017, 0.5, 0.809017, 0.0, -0.5, -0.809017, 0.309017, 0.0, 0.809017, -0.309017, 0.5, 0.0, 0.0, 0.0, 0.0, 1.0 ], [ -0.809017, 0.309017, -0.5, 0.0, -0.309017, 0.5, 0.809017, 0.0, 0.5, 0.809017, -0.309017, 0.0, 0.0, 0.0, 0.0, 1.0 ], [ -0.809017, -0.309017, 0.5, 0.0, -0.309017, -0.5, -0.809017, 0.0, 0.5, -0.809017, 0.309017, 0.0, 0.0, 0.0, 0.0, 1.0 ], [ -0.5, 0.809017, -0.309017, 0.0, -0.809017, -0.309017, 0.5, 0.0, 0.309017, 0.5, 0.809017, 0.0, 0.0, 0.0, 0.0, 1.0 ], [ -0.309017, -0.5, -0.809017, 0.0, -0.5, 0.809017, -0.309017, 0.0, 0.809017, 0.309017, -0.5, 0.0, 0.0, 0.0, 0.0, 1.0 ], [ -1.0, 0.0, 0.0, 0.0, 0.0, 1.0, 0.0, 0.0, 0.0, 0.0, -1.0, 0.0, 0.0, 0.0, 0.0, 1.0 ], [ 0.0, 0.0, -1.0, 0.0, 1.0, 0.0, 0.0, 0.0, 0.0, -1.0, 0.0, 0.0, 0.0, 0.0, 0.0, 1.0 ], [ 0.0, -1.0, 0.0, 0.0, 0.0, 0.0, 1.0, 0.0, -1.0, 0.0, 0.0, 0.0, 0.0, 0.0, 0.0, 1.0 ], [ -0.809017, -0.309017, -0.5, 0.0, 0.309017, 0.5, -0.809017, 0.0, 0.5, -0.809017, -0.309017, 0.0, 0.0, 0.0, 0.0, 1.0 ], [ 0.5, -0.809017, -0.309017, 0.0, 0.809017, 0.309017, 0.5, 0.0, -0.309017, -0.5, 0.809017, 0.0, 0.0, 0.0, 0.0, 1.0 ], [ -0.309017, -0.5, 0.809017, 0.0, -0.5, 0.809017, 0.309017, 0.0, -0.809017, -0.309017, -0.5, 0.0, 0.0, 0.0, 0.0, 1.0 ], [ -0.5, -0.809017, -0.309017, 0.0, 0.809017, -0.309017, -0.5, 0.0, 0.309017, -0.5, 0.809017, 0.0, 0.0, 0.0, 0.0, 1.0 ], [ 0.309017, -0.5, 0.809017, 0.0, 0.5, 0.809017, 0.309017, 0.0, -0.809017, 0.309017, 0.5, 0.0, 0.0, 0.0, 0.0, 1.0 ], [ -0.809017, 0.309017, 0.5, 0.0, -0.309017, 0.5, -0.809017, 0.0, -0.5, -0.809017, -0.309017, 0.0, 0.0, 0.0, 0.0, 1.0 ], [ -0.5, -0.809017, 0.309017, 0.0, 0.809017, -0.309017, 0.5, 0.0, -0.309017, 0.5, 0.809017, 0.0, 0.0, 0.0, 0.0, 1.0 ], [ -0.309017, 0.5, 0.809017, 0.0, 0.5, 0.809017, -0.309017, 0.0, -0.809017, 0.309017, -0.5, 0.0, 0.0, 0.0, 0.0, 1.0 ], [ -0.809017, 0.309017, -0.5, 0.0, 0.309017, -0.5, -0.809017, 0.0, -0.5, -0.809017, 0.309017, 0.0, 0.0, 0.0, 0.0, 1.0 ], [ -0.809017, -0.309017, 0.5, 0.0, 0.309017, 0.5, 0.809017, 0.0, -0.5, 0.809017, -0.309017, 0.0, 0.0, 0.0, 0.0, 1.0 ], [ -0.5, 0.809017, -0.309017, 0.0, 0.809017, 0.309017, -0.5, 0.0, -0.309017, -0.5, -0.809017, 0.0, 0.0, 0.0, 0.0, 1.0 ], [ -0.309017, -0.5, -0.809017, 0.0, 0.5, -0.809017, 0.309017, 0.0, -0.809017, -0.309017, 0.5, 0.0, 0.0, 0.0, 0.0, 1.0 ] ],
  "lights" : {
    "ambientColor" : "#292929",
    "backgroundColor" : "#AFC8DC",
    "directionalLights" : [ {
      "direction" : [ 1.0, -1.0, -1.0 ],
      "color" : "#EBEBE4"
    }, {
      "direction" : [ -1.0, 0.0, 0.0 ],
      "color" : "#E4E4EB"
    }, {
      "direction" : [ 0.0, 0.0, -1.0 ],
      "color" : "#1E1E1E"
    } ]
  },
  "camera" : {
    "perspective" : true,
    "fieldOfView" : 0.44262874,
    "viewDistance" : 122.59417,
    "lookAtPointRV" : {
      "x" : 0.0,
      "y" : 0.0,
      "z" : 0.0,
      "zero" : true
    },
    "lookDirectionRV" : {
      "x" : 0.03953263,
      "y" : 0.97617054,
      "z" : -0.21337439,
      "zero" : false
    },
    "upDirectionRV" : {
      "x" : 0.057825733,
      "y" : 0.21094812,
      "z" : 0.97578496,
      "zero" : false
    },
    "lookAtPoint" : {
      "x" : 0.0,
      "y" : 0.0,
      "z" : 0.0
    },
    "lookDirection" : {
      "x" : 0.03953263,
      "y" : 0.97617054,
      "z" : -0.21337439
    },
    "upDirection" : {
      "x" : 0.057825733,
      "y" : 0.21094812,
      "z" : 0.97578496
    },
    "nearClipDistance" : 0.30648544,
    "farClipDistance" : 245.18834,
    "width" : 55.16736,
    "stereo" : false,
    "position" : {
      "x" : -4.8464704,
      "y" : -119.67281,
      "z" : 26.158457
    }
  },
  "embedding" : [ 1.0, 0.0, 0.0, 0.0, 0.0, 1.0, 0.0, 0.0, 0.0, 0.0, 1.0, 0.0, 0.0, 0.0, 0.0, 1.0 ],
  "shapes" : [ {
    "id" : "2ae2b8fc-d2a6-4774-9e5a-dabba3a9aba0",
    "vertices" : [ {
      "x" : 0.0,
      "y" : 0.0,
      "z" : 0.0
    }, {
      "x" : -0.74535596,
      "y" : 1.618034,
      "z" : -1.9513674
    }, {
      "x" : 0.127322,
      "y" : 4.7754126,
      "z" : 0.33333334
    }, {
      "x" : 1.5393447,
      "y" : 4.236068,
      "z" : 4.0300565
    }, {
      "x" : 1.4120227,
      "y" : 1.618034,
      "z" : 3.6967232
    } ],
    "faces" : [ {
      "vertices" : [ 0, 1, 2, 3, 4 ]
    }, {
      "vertices" : [ 0, 4, 3, 2, 1 ]
    } ]
  }, {
    "id" : "5dd2abf8-6429-4831-9409-43c83ff37deb",
    "vertices" : [ {
      "x" : 0.0,
      "y" : 0.0,
      "z" : 0.0
    }, {
      "x" : 0.14589803,
      "y" : 0.14589803,
      "z" : -0.14589803
    }, {
      "x" : -3.09017,
      "y" : 3.381966,
      "z" : -0.14589803
    } ],
    "faces" : [ {
      "vertices" : [ 0, 1, 2 ]
    }, {
      "vertices" : [ 0, 2, 1 ]
    } ]
  }, {
    "id" : "802ee15a-d0e5-4b9f-a164-ecc69ac1728c",
    "vertices" : [ {
      "x" : 0.0,
      "y" : 0.0,
      "z" : 0.0
    }, {
      "x" : -0.19453071,
      "y" : 0.097265355,
      "z" : 0.048632678
    }, {
      "x" : -3.3846762,
      "y" : 2.2634144,
      "z" : 0.5606309
    }, {
      "x" : -0.021286236,
      "y" : 5.6268044,
      "z" : -2.8027592
    }, {
      "x" : 2.8027592,
      "y" : 2.8027592,
      "z" : -2.8027592
    } ],
    "faces" : [ {
      "vertices" : [ 0, 1, 2, 3, 4 ]
    }, {
      "vertices" : [ 0, 4, 3, 2, 1 ]
    } ]
  }, {
    "id" : "046e1421-ba98-44d8-8d26-33bacd4dc86f",
    "vertices" : [ {
      "x" : 0.0,
      "y" : 0.0,
      "z" : 0.0
    }, {
      "x" : -3.9442718,
      "y" : -3.9442718,
      "z" : 3.9442718
    }, {
      "x" : -7.326238,
      "y" : -0.85410196,
      "z" : 4.09017
    }, {
      "x" : -4.708204,
      "y" : 1.763932,
      "z" : 1.4721359
    } ],
    "faces" : [ {
      "vertices" : [ 0, 1, 2, 3 ]
    }, {
      "vertices" : [ 0, 3, 2, 1 ]
    } ]
  }, {
    "id" : "b976343f-91fd-4020-a473-03b938cf4fa5",
    "vertices" : [ {
      "x" : 0.0,
      "y" : 0.0,
      "z" : 0.0
    }, {
      "x" : -4.1901455,
      "y" : 1.166149,
      "z" : 1.5119982
    }, {
      "x" : -3.1901455,
      "y" : 2.1661491,
      "z" : 0.51199824
    } ],
    "faces" : [ {
      "vertices" : [ 0, 1, 2 ]
    }, {
      "vertices" : [ 0, 2, 1 ]
    } ]
  }, {
    "id" : "c8a8d6ce-5cd5-48d4-98f1-b85065199d96",
    "vertices" : [ {
      "x" : 0.0,
      "y" : 0.0,
      "z" : 0.0
    }, {
      "x" : 0.23343685,
      "y" : -0.058359213,
      "z" : -0.11671843
    }, {
      "x" : 0.29179606,
      "y" : 0.0,
      "z" : 0.0
    }, {
      "x" : 0.048632678,
      "y" : 0.048632678,
      "z" : 0.097265355
    } ],
    "faces" : [ {
      "vertices" : [ 0, 1, 2, 3 ]
    }, {
      "vertices" : [ 0, 3, 2, 1 ]
    } ]
  }, {
    "id" : "adbd87b8-456c-4d42-ba4e-dffcb92b0d4c",
    "vertices" : [ {
      "x" : 0.0,
      "y" : 0.0,
      "z" : 0.0
    }, {
      "x" : 1.3951216,
      "y" : -2.6524758,
      "z" : 2.618034
    }, {
      "x" : 1.9098301,
      "y" : -4.0,
      "z" : 2.618034
    }, {
      "x" : 1.8917961,
      "y" : -4.0068884,
      "z" : 2.4763932
    } ],
    "faces" : [ {
      "vertices" : [ 0, 1, 2, 3 ]
    }, {
      "vertices" : [ 0, 3, 2, 1 ]
    } ]
  }, {
    "id" : "37163bd0-14ef-4a95-80c9-6f7053f17f75",
    "vertices" : [ {
      "x" : 0.0,
      "y" : 0.0,
      "z" : 0.0
    }, {
      "x" : -0.097265355,
      "y" : 0.19453071,
      "z" : -0.048632678
    }, {
      "x" : -2.2634144,
      "y" : 3.3846762,
      "z" : -0.5606309
    }, {
      "x" : -5.6268044,
      "y" : 0.021286236,
      "z" : 2.8027592
    }, {
      "x" : -2.8027592,
      "y" : -2.8027592,
      "z" : 2.8027592
    } ],
    "faces" : [ {
      "vertices" : [ 0, 1, 2, 3, 4 ]
    }, {
      "vertices" : [ 0, 4, 3, 2, 1 ]
    } ]
  }, {
    "id" : "32363050-960e-4021-b872-fc3d4061a391",
    "vertices" : [ {
      "x" : 0.0,
      "y" : 0.0,
      "z" : 0.0
    }, {
      "x" : 2.8753881,
      "y" : -2.4809062,
      "z" : -0.19724092
    }, {
      "x" : 3.9513674,
      "y" : -1.6967233,
      "z" : -1.127322
    }, {
      "x" : 1.0,
      "y" : 1.0,
      "z" : -1.0
    } ],
    "faces" : [ {
      "vertices" : [ 0, 1, 2, 3 ]
    }, {
      "vertices" : [ 0, 3, 2, 1 ]
    } ]
  }, {
    "id" : "5fcaf0d3-72b8-419f-bd3d-3764059e7348",
    "vertices" : [ {
      "x" : 0.0,
      "y" : 0.0,
      "z" : 0.0
    }, {
      "x" : 1.618034,
      "y" : -4.236068,
      "z" : 0.0
    }, {
      "x" : 1.618034,
      "y" : -4.634935,
      "z" : -1.0442475
    }, {
      "x" : 0.0,
      "y" : -0.9382117,
      "z" : -2.4562702
    } ],
    "faces" : [ {
      "vertices" : [ 0, 1, 2, 3 ]
    }, {
      "vertices" : [ 0, 3, 2, 1 ]
    } ]
  }, {
    "id" : "8641b75e-a46e-4c9d-9e1b-b0baf2d6fbb7",
    "vertices" : [ {
      "x" : 0.0,
      "y" : 0.0,
      "z" : 0.0
    }, {
      "x" : 3.9442718,
      "y" : 3.9442718,
      "z" : -3.9442718
    }, {
      "x" : 0.85410196,
      "y" : 7.326238,
      "z" : -4.09017
    }, {
      "x" : -1.763932,
      "y" : 4.708204,
      "z" : -1.4721359
    } ],
    "faces" : [ {
      "vertices" : [ 0, 1, 2, 3 ]
    }, {
      "vertices" : [ 0, 3, 2, 1 ]
    } ]
  }, {
    "id" : "2a58477b-f4e1-480b-8ba4-ee29e71fe0c0",
    "vertices" : [ {
      "x" : 0.0,
      "y" : 0.0,
      "z" : 0.0
    }, {
      "x" : -1.166149,
      "y" : 4.1901455,
      "z" : -1.5119982
    }, {
      "x" : -2.1661491,
      "y" : 3.1901455,
      "z" : -0.51199824
    } ],
    "faces" : [ {
      "vertices" : [ 0, 1, 2 ]
    }, {
      "vertices" : [ 0, 2, 1 ]
    } ]
  }, {
    "id" : "ac2736f7-9745-4001-9287-e216f6224a2f",
    "vertices" : [ {
      "x" : 0.0,
      "y" : 0.0,
      "z" : 0.0
    }, {
      "x" : -0.097265355,
      "y" : 0.048632678,
      "z" : -0.048632678
    }, {
      "x" : -0.14589803,
      "y" : 0.14589803,
      "z" : 0.14589803
    } ],
    "faces" : [ {
      "vertices" : [ 0, 1, 2 ]
    }, {
      "vertices" : [ 0, 2, 1 ]
    } ]
  }, {
    "id" : "629a0a40-0c34-4aa3-94c8-cfe8f85d8aea",
    "vertices" : [ {
      "x" : 0.0,
      "y" : 0.0,
      "z" : 0.0
    }, {
      "x" : 2.5694013,
      "y" : 2.5694013,
      "z" : -2.5694013
    }, {
      "x" : 6.7595468,
      "y" : 1.4032522,
      "z" : -4.0813994
    }, {
      "x" : 2.4809062,
      "y" : -2.8753881,
      "z" : 0.19724092
    } ],
    "faces" : [ {
      "vertices" : [ 0, 1, 2, 3 ]
    }, {
      "vertices" : [ 0, 3, 2, 1 ]
    } ]
  }, {
    "id" : "a38b213e-fa6d-48f7-aa42-7c6fb09c0ceb",
    "vertices" : [ {
      "x" : 0.0,
      "y" : 0.0,
      "z" : 0.0
    }, {
      "x" : 1.7322004,
      "y" : -4.5349593,
      "z" : 0.0
    }, {
      "x" : 1.398867,
      "y" : -4.6622815,
      "z" : -2.618034
    }, {
      "x" : 1.0,
      "y" : -3.618034,
      "z" : -2.618034
    } ],
    "faces" : [ {
      "vertices" : [ 0, 1, 2, 3 ]
    }, {
      "vertices" : [ 0, 3, 2, 1 ]
    } ]
  }, {
    "id" : "2ad47ac8-e002-4b85-b765-21df1bd4cafa",
    "vertices" : [ {
      "x" : 0.0,
      "y" : 0.0,
      "z" : 0.0
    }, {
      "x" : -0.23343685,
      "y" : 0.11671843,
      "z" : 0.058359213
    }, {
      "x" : -0.29179606,
      "y" : 0.0,
      "z" : 0.0
    }, {
      "x" : -0.048632678,
      "y" : -0.097265355,
      "z" : -0.048632678
    } ],
    "faces" : [ {
      "vertices" : [ 0, 1, 2, 3 ]
    }, {
      "vertices" : [ 0, 3, 2, 1 ]
    } ]
  }, {
    "id" : "3962c064-9943-46a6-9adf-06a54f680430",
    "vertices" : [ {
      "x" : 0.0,
      "y" : 0.0,
      "z" : 0.0
    }, {
      "x" : -2.5694013,
      "y" : -2.5694013,
      "z" : 2.5694013
    }, {
      "x" : -1.4032522,
      "y" : -6.7595468,
      "z" : 4.0813994
    }, {
      "x" : 2.8753881,
      "y" : -2.4809062,
      "z" : -0.19724092
    } ],
    "faces" : [ {
      "vertices" : [ 0, 1, 2, 3 ]
    }, {
      "vertices" : [ 0, 3, 2, 1 ]
    } ]
  }, {
    "id" : "a21e9d65-28e7-4f1b-b5de-b87964433a97",
    "vertices" : [ {
      "x" : 0.0,
      "y" : 0.0,
      "z" : 0.0
    }, {
      "x" : -0.14589803,
      "y" : -0.14589803,
      "z" : 0.14589803
    }, {
      "x" : -3.381966,
      "y" : 3.09017,
      "z" : 0.14589803
    } ],
    "faces" : [ {
      "vertices" : [ 0, 1, 2 ]
    }, {
      "vertices" : [ 0, 2, 1 ]
    } ]
  }, {
    "id" : "1ce79ebf-108a-4d2f-bffa-319a59774d73",
    "vertices" : [ {
      "x" : 0.0,
      "y" : 0.0,
      "z" : 0.0
    }, {
      "x" : -2.8240454,
      "y" : 2.8240454,
      "z" : 0.0
    }, {
      "x" : 0.53934467,
      "y" : 6.187435,
      "z" : -3.36339
    }, {
      "x" : 3.236068,
      "y" : 3.236068,
      "z" : -3.236068
    } ],
    "faces" : [ {
      "vertices" : [ 0, 1, 2, 3 ]
    }, {
      "vertices" : [ 0, 3, 2, 1 ]
    } ]
  }, {
    "id" : "6ae18c32-46db-4ca3-9075-5fe3ef2c038f",
    "vertices" : [ {
      "x" : 0.0,
      "y" : 0.0,
      "z" : 0.0
    }, {
      "x" : -2.6443453,
      "y" : 6.9229856,
      "z" : 0.0
    }, {
      "x" : -2.6293168,
      "y" : 6.928726,
      "z" : 0.11803399
    }, {
      "x" : 0.015028324,
      "y" : 0.005740309,
      "z" : 0.11803399
    } ],
    "faces" : [ {
      "vertices" : [ 0, 1, 2, 3 ]
    }, {
      "vertices" : [ 0, 3, 2, 1 ]
    } ]
  }, {
    "id" : "3456312a-c2c1-46df-9d12-07245f7a36f8",
    "vertices" : [ {
      "x" : 0.0,
      "y" : 0.0,
      "z" : 0.0
    }, {
      "x" : -0.74535596,
      "y" : -1.618034,
      "z" : -1.9513674
    }, {
      "x" : -1.618034,
      "y" : 1.5393447,
      "z" : -4.236068
    }, {
      "x" : -1.0786893,
      "y" : 5.236068,
      "z" : -2.8240454
    }, {
      "x" : -0.20601133,
      "y" : 4.236068,
      "z" : -0.53934467
    } ],
    "faces" : [ {
      "vertices" : [ 0, 1, 2, 3, 4 ]
    }, {
      "vertices" : [ 0, 4, 3, 2, 1 ]
    } ]
  }, {
    "id" : "50d4cdd7-e030-4987-ae05-3e19c60e3402",
    "vertices" : [ {
      "x" : 0.0,
      "y" : 0.0,
      "z" : 0.0
    }, {
      "x" : 2.6443453,
      "y" : -6.9229856,
      "z" : 0.0
    }, {
      "x" : 2.6293168,
      "y" : -6.928726,
      "z" : -0.11803399
    }, {
      "x" : -0.015028324,
      "y" : -0.005740309,
      "z" : -0.11803399
    } ],
    "faces" : [ {
      "vertices" : [ 0, 1, 2, 3 ]
    }, {
      "vertices" : [ 0, 3, 2, 1 ]
    } ]
  }, {
    "id" : "fb89f2d6-bf94-4f1d-9bd2-13118fa729b0",
    "vertices" : [ {
      "x" : 0.0,
      "y" : 0.0,
      "z" : 0.0
    }, {
      "x" : -2.8240454,
      "y" : 2.8240454,
      "z" : 0.0
    }, {
      "x" : -6.187435,
      "y" : -0.53934467,
      "z" : 3.36339
    }, {
      "x" : -3.236068,
      "y" : -3.236068,
      "z" : 3.236068
    } ],
    "faces" : [ {
      "vertices" : [ 0, 1, 2, 3 ]
    }, {
      "vertices" : [ 0, 3, 2, 1 ]
    } ]
  }, {
    "id" : "851d4e0b-cf74-49a7-b3c9-f5b464fb747d",
    "vertices" : [ {
      "x" : 0.0,
      "y" : 0.0,
      "z" : 0.0
    }, {
      "x" : 0.11671843,
      "y" : -0.23343685,
      "z" : 0.058359213
    }, {
      "x" : -4.5914855,
      "y" : 1.5304952,
      "z" : 1.5304952
    } ],
    "faces" : [ {
      "vertices" : [ 0, 1, 2 ]
    }, {
      "vertices" : [ 0, 2, 1 ]
    } ]
  }, {
    "id" : "1ea3ca9b-b82c-474b-966e-8f70d4cbd531",
    "vertices" : [ {
      "x" : 0.0,
      "y" : 0.0,
      "z" : 0.0
    }, {
      "x" : -2.437694,
      "y" : 6.381966,
      "z" : 0.0
    }, {
      "x" : -2.437694,
      "y" : 9.026311,
      "z" : 6.9229856
    }, {
      "x" : 0.0,
      "y" : 2.6443453,
      "z" : 6.9229856
    } ],
    "faces" : [ {
      "vertices" : [ 0, 1, 2, 3 ]
    }, {
      "vertices" : [ 0, 3, 2, 1 ]
    } ]
  }, {
    "id" : "2ec645b9-e74a-4294-88e9-0678564f2422",
    "vertices" : [ {
      "x" : 0.0,
      "y" : 0.0,
      "z" : 0.0
    }, {
      "x" : 0.9382117,
      "y" : -2.4562702,
      "z" : 0.0
    }, {
      "x" : 0.60487837,
      "y" : -2.5835922,
      "z" : -2.618034
    }, {
      "x" : -1.3951216,
      "y" : 2.6524758,
      "z" : -2.618034
    } ],
    "faces" : [ {
      "vertices" : [ 0, 1, 2, 3 ]
    }, {
      "vertices" : [ 0, 3, 2, 1 ]
    } ]
  }, {
    "id" : "39cadf2d-df83-4545-abd2-8fe21f2047f4",
    "vertices" : [ {
      "x" : 0.0,
      "y" : 0.0,
      "z" : 0.0
    }, {
      "x" : 0.24316339,
      "y" : -0.048632678,
      "z" : -0.097265355
    }, {
      "x" : 1.0759791,
      "y" : 0.784183,
      "z" : -0.93008107
    } ],
    "faces" : [ {
      "vertices" : [ 0, 1, 2 ]
    }, {
      "vertices" : [ 0, 2, 1 ]
    } ]
  }, {
    "id" : "03b2e478-e8f8-421e-8b4a-6ed5bf6e9c94",
    "vertices" : [ {
      "x" : 0.0,
      "y" : 0.0,
      "z" : 0.0
    }, {
      "x" : 0.048632678,
      "y" : -0.24316339,
      "z" : 0.097265355
    }, {
      "x" : -0.784183,
      "y" : -1.0759791,
      "z" : 0.93008107
    } ],
    "faces" : [ {
      "vertices" : [ 0, 1, 2 ]
    }, {
      "vertices" : [ 0, 2, 1 ]
    } ]
  }, {
    "id" : "9a7bf7aa-e51d-4447-946a-599a231bbae2",
    "vertices" : [ {
      "x" : 0.0,
      "y" : 0.0,
      "z" : 0.0
    }, {
      "x" : -1.618034,
      "y" : 4.236068,
      "z" : 0.0
    }, {
      "x" : -1.618034,
      "y" : 4.634935,
      "z" : 1.0442475
    }, {
      "x" : 0.0,
      "y" : 0.9382117,
      "z" : 2.4562702
    } ],
    "faces" : [ {
      "vertices" : [ 0, 1, 2, 3 ]
    }, {
      "vertices" : [ 0, 3, 2, 1 ]
    } ]
  }, {
    "id" : "47cbaa6f-d02d-40aa-95f0-dbe2699d4375",
    "vertices" : [ {
      "x" : 0.0,
      "y" : 0.0,
      "z" : 0.0
    }, {
      "x" : 2.4809062,
      "y" : -2.8753881,
      "z" : 0.19724092
    }, {
      "x" : 1.6967233,
      "y" : -3.9513674,
      "z" : 1.127322
    }, {
      "x" : -1.0,
      "y" : -1.0,
      "z" : 1.0
    } ],
    "faces" : [ {
      "vertices" : [ 0, 1, 2, 3 ]
    }, {
      "vertices" : [ 0, 3, 2, 1 ]
    } ]
  }, {
    "id" : "cc8337ea-73bd-4369-8f87-582a4b0a69dc",
    "vertices" : [ {
      "x" : 0.0,
      "y" : 0.0,
      "z" : 0.0
    }, {
      "x" : -1.7322004,
      "y" : 4.5349593,
      "z" : 0.0
    }, {
      "x" : -1.398867,
      "y" : 4.6622815,
      "z" : 2.618034
    }, {
      "x" : -1.0,
      "y" : 3.618034,
      "z" : 2.618034
    } ],
    "faces" : [ {
      "vertices" : [ 0, 1, 2, 3 ]
    }, {
      "vertices" : [ 0, 3, 2, 1 ]
    } ]
  }, {
    "id" : "6f2d6619-a4e3-4537-ac5f-984dd96f9e70",
    "vertices" : [ {
      "x" : 0.0,
      "y" : 0.0,
      "z" : 0.0
    }, {
      "x" : -1.3951216,
      "y" : 2.6524758,
      "z" : -2.618034
    }, {
      "x" : -1.9098301,
      "y" : 4.0,
      "z" : -2.618034
    }, {
      "x" : -1.8917961,
      "y" : 4.0068884,
      "z" : -2.4763932
    } ],
    "faces" : [ {
      "vertices" : [ 0, 1, 2, 3 ]
    }, {
      "vertices" : [ 0, 3, 2, 1 ]
    } ]
  }, {
    "id" : "d9f870b1-4e45-450a-bb5b-c271f2e50706",
    "vertices" : [ {
      "x" : 0.0,
      "y" : 0.0,
      "z" : 0.0
    }, {
      "x" : -0.9382117,
      "y" : 2.4562702,
      "z" : 0.0
    }, {
      "x" : -0.60487837,
      "y" : 2.5835922,
      "z" : 2.618034
    }, {
      "x" : 1.3951216,
      "y" : -2.6524758,
      "z" : 2.618034
    } ],
    "faces" : [ {
      "vertices" : [ 0, 1, 2, 3 ]
    }, {
      "vertices" : [ 0, 3, 2, 1 ]
    } ]
  }, {
    "id" : "642efd4e-c750-4b3e-92af-767d26b5f8d9",
    "vertices" : [ {
      "x" : 0.0,
      "y" : 0.0,
      "z" : 0.0
    }, {
      "x" : 0.23343685,
      "y" : -0.11671843,
      "z" : -0.058359213
    }, {
      "x" : -1.5304952,
      "y" : 4.5914855,
      "z" : -1.5304952
    } ],
    "faces" : [ {
      "vertices" : [ 0, 1, 2 ]
    }, {
      "vertices" : [ 0, 2, 1 ]
    } ]
  }, {
    "id" : "14dc335c-ee08-44a9-b65f-436b3827bf11",
    "vertices" : [ {
      "x" : 0.0,
      "y" : 0.0,
      "z" : 0.0
    }, {
      "x" : 0.048632678,
      "y" : 0.048632678,
      "z" : -0.097265355
    }, {
      "x" : -0.14589803,
      "y" : 0.14589803,
      "z" : -0.14589803
    } ],
    "faces" : [ {
      "vertices" : [ 0, 1, 2 ]
    }, {
      "vertices" : [ 0, 2, 1 ]
    } ]
  }, {
    "id" : "4b31d876-79aa-4814-97da-d62f286ca2c5",
    "vertices" : [ {
      "x" : 0.0,
      "y" : 0.0,
      "z" : 0.0
    }, {
      "x" : -0.127322,
      "y" : -2.618034,
      "z" : -0.33333334
    }, {
      "x" : -1.5393447,
      "y" : -2.0786893,
      "z" : -4.0300565
    }, {
      "x" : -2.0786893,
      "y" : 1.618034,
      "z" : -5.4420795
    }, {
      "x" : -1.2060113,
      "y" : 2.618034,
      "z" : -3.1573787
    } ],
    "faces" : [ {
      "vertices" : [ 0, 1, 2, 3, 4 ]
    }, {
      "vertices" : [ 0, 4, 3, 2, 1 ]
    } ]
  }, {
    "id" : "cc9ce1a2-e115-4628-942a-1602ee5b0b7d",
    "vertices" : [ {
      "x" : 0.0,
      "y" : 0.0,
      "z" : 0.0
    }, {
      "x" : 0.872678,
      "y" : 1.0,
      "z" : 2.2847006
    }, {
      "x" : 1.4120227,
      "y" : -2.6967232,
      "z" : 3.6967232
    }, {
      "x" : 0.53934467,
      "y" : -5.854102,
      "z" : 1.4120227
    }, {
      "x" : -0.20601133,
      "y" : -4.236068,
      "z" : -0.53934467
    } ],
    "faces" : [ {
      "vertices" : [ 0, 1, 2, 3, 4 ]
    }, {
      "vertices" : [ 0, 4, 3, 2, 1 ]
    } ]
  }, {
    "id" : "1055318f-00e4-4b3e-8b2b-4a57b21fe21d",
    "vertices" : [ {
      "x" : 0.0,
      "y" : 0.0,
      "z" : 0.0
    }, {
      "x" : 0.872678,
      "y" : -1.0,
      "z" : 2.2847006
    }, {
      "x" : 0.33333334,
      "y" : -4.6967235,
      "z" : 0.872678
    }, {
      "x" : -1.0786893,
      "y" : -5.236068,
      "z" : -2.8240454
    }, {
      "x" : -1.2060113,
      "y" : -2.618034,
      "z" : -3.1573787
    } ],
    "faces" : [ {
      "vertices" : [ 0, 1, 2, 3, 4 ]
    }, {
      "vertices" : [ 0, 4, 3, 2, 1 ]
    } ]
  }, {
    "id" : "1564846e-c40a-4535-b3cb-bd4c4524b973",
    "vertices" : [ {
      "x" : 0.0,
      "y" : 0.0,
      "z" : 0.0
    }, {
      "x" : -0.127322,
      "y" : 2.618034,
      "z" : -0.33333334
    }, {
      "x" : 1.2847006,
      "y" : 3.1573787,
      "z" : 3.36339
    }, {
      "x" : 2.1573787,
      "y" : 0.0,
      "z" : 5.648091
    }, {
      "x" : 1.4120227,
      "y" : -1.618034,
      "z" : 3.6967232
    } ],
    "faces" : [ {
      "vertices" : [ 0, 1, 2, 3, 4 ]
    }, {
      "vertices" : [ 0, 4, 3, 2, 1 ]
    } ]
  }, {
    "id" : "c3fee55f-1659-476a-b831-15590a2d2eb5",
    "orbit" : "green",
    "orbitC" : "[[2,-1,1],[5,-3,1]]",
    "length" : "[2,0,3]",
    "name" : " :2/3",
    "vertices" : [ {
      "x" : 7.0844297,
      "y" : 2.7060113,
      "z" : -1.0336044
    }, {
      "x" : 6.7024636,
      "y" : 2.2510962,
      "z" : -0.8426213
    }, {
      "x" : 6.539345,
      "y" : 2.5150282,
      "z" : -1.2696723
    }, {
      "x" : 6.466396,
      "y" : 2.7789602,
      "z" : -1.0786893
    }, {
      "x" : 0.85410196,
      "y" : 0.309017,
      "z" : 0.19098301
    }, {
      "x" : 0.690983,
      "y" : 0.572949,
      "z" : -0.23606798
    }, {
      "x" : 0.309017,
      "y" : 0.11803399,
      "z" : -0.045084972
    }, {
      "x" : 0.76393205,
      "y" : 0.309017,
      "z" : -0.42705098
    }, {
      "x" : 0.927051,
      "y" : 0.045084972,
      "z" : 0.0
    }, {
      "x" : 6.6295147,
      "y" : 2.5150282,
      "z" : -0.6516383
    }, {
      "x" : 7.3934464,
      "y" : 2.8240454,
      "z" : -1.0786893
    } ],
    "faces" : [ {
      "vertices" : [ 2, 7, 5, 3 ]
    }, {
      "vertices" : [ 1, 8, 7, 2 ]
    }, {
      "vertices" : [ 4, 6, 8 ]
    }, {
      "vertices" : [ 5, 7, 6 ]
    }, {
      "vertices" : [ 0, 1, 2 ]
    }, {
      "vertices" : [ 0, 2, 3 ]
    }, {
      "vertices" : [ 6, 7, 8 ]
    }, {
      "vertices" : [ 3, 5, 4, 9 ]
    }, {
      "vertices" : [ 1, 9, 4, 8 ]
    }, {
      "vertices" : [ 0, 9, 1 ]
    }, {
      "vertices" : [ 0, 3, 9 ]
    }, {
      "vertices" : [ 4, 5, 6 ]
    } ]
  }, {
    "id" : "dc19213b-ef1f-47a1-a810-69914e40ecac",
    "name" : "ball",
    "vertices" : [ {
      "x" : -0.309017,
      "y" : -0.19098301,
      "z" : 0.0
    }, {
      "x" : -0.309017,
      "y" : 0.19098301,
      "z" : 0.0
    }, {
      "x" : -0.19098301,
      "y" : 0.0,
      "z" : -0.309017
    }, {
      "x" : -0.19098301,
      "y" : 0.0,
      "z" : 0.309017
    }, {
      "x" : 0.0,
      "y" : -0.309017,
      "z" : -0.19098301
    }, {
      "x" : 0.0,
      "y" : -0.309017,
      "z" : 0.19098301
    }, {
      "x" : 0.0,
      "y" : 0.309017,
      "z" : -0.19098301
    }, {
      "x" : 0.0,
      "y" : 0.309017,
      "z" : 0.19098301
    }, {
      "x" : 0.19098301,
      "y" : 0.0,
      "z" : -0.309017
    }, {
      "x" : 0.19098301,
      "y" : 0.0,
      "z" : 0.309017
    }, {
      "x" : 0.309017,
      "y" : -0.19098301,
      "z" : 0.0
    }, {
      "x" : 0.309017,
      "y" : 0.19098301,
      "z" : 0.0
    } ],
    "faces" : [ {
      "vertices" : [ 0, 1, 2 ]
    }, {
      "vertices" : [ 0, 3, 1 ]
    }, {
      "vertices" : [ 0, 2, 4 ]
    }, {
      "vertices" : [ 0, 5, 3 ]
    }, {
      "vertices" : [ 0, 4, 5 ]
    }, {
      "vertices" : [ 1, 6, 2 ]
    }, {
      "vertices" : [ 1, 3, 7 ]
    }, {
      "vertices" : [ 1, 7, 6 ]
    }, {
      "vertices" : [ 2, 8, 4 ]
    }, {
      "vertices" : [ 2, 6, 8 ]
    }, {
      "vertices" : [ 3, 5, 9 ]
    }, {
      "vertices" : [ 3, 9, 7 ]
    }, {
      "vertices" : [ 4, 10, 5 ]
    }, {
      "vertices" : [ 4, 8, 10 ]
    }, {
      "vertices" : [ 5, 10, 9 ]
    }, {
      "vertices" : [ 6, 7, 11 ]
    }, {
      "vertices" : [ 6, 11, 8 ]
    }, {
      "vertices" : [ 7, 9, 11 ]
    }, {
      "vertices" : [ 8, 11, 10 ]
    }, {
      "vertices" : [ 9, 10, 11 ]
    } ]
  } ],
  "instances" : [ {
    "shape" : "2ae2b8fc-d2a6-4774-9e5a-dabba3a9aba0",
    "color" : "#FFD98C",
    "position" : {
      "x" : 3.9027348,
      "y" : 9.138803,
      "z" : -3.9027348
    },
    "orientation" : 3
  }, {
    "shape" : "5dd2abf8-6429-4831-9409-43c83ff37deb",
    "color" : "#B59A8C",
    "position" : {
      "x" : -0.16718426,
      "y" : 0.124611795,
      "z" : 8.347524
    },
    "orientation" : 15
  }, {
    "shape" : "802ee15a-d0e5-4b9f-a164-ecc69ac1728c",
    "color" : "#B59A8C",
    "position" : {
      "x" : 0.021286236,
      "y" : 8.4934225,
      "z" : -0.021286236
    },
    "orientation" : 17
  }, {
    "shape" : "046e1421-ba98-44d8-8d26-33bacd4dc86f",
    "color" : "#B59A8C",
    "position" : {
      "x" : 4.1114564,
      "y" : 4.403252,
      "z" : 4.068884
    },
    "orientation" : 2
  }, {
    "shape" : "b976343f-91fd-4020-a473-03b938cf4fa5",
    "color" : "#B59A8C",
    "position" : {
      "x" : 0.11855159,
      "y" : 8.44479,
      "z" : 0.17324448
    },
    "orientation" : 17
  }, {
    "shape" : "c8a8d6ce-5cd5-48d4-98f1-b85065199d96",
    "color" : "#DBC285",
    "position" : {
      "x" : 4.1114564,
      "y" : 4.403252,
      "z" : 4.068884
    },
    "orientation" : 0
  }, {
    "shape" : "adbd87b8-456c-4d42-ba4e-dffcb92b0d4c",
    "color" : "#7FCC9F",
    "position" : {
      "x" : 5.875388,
      "y" : 5.875388,
      "z" : -0.63932025
    },
    "orientation" : 21
  }, {
    "shape" : "37163bd0-14ef-4a95-80c9-6f7053f17f75",
    "color" : "#B59A8C",
    "position" : {
      "x" : -0.021286236,
      "y" : -0.021286236,
      "z" : 8.4934225
    },
    "orientation" : 0
  }, {
    "shape" : "32363050-960e-4021-b872-fc3d4061a391",
    "color" : "#B59A8C",
    "position" : {
      "x" : 1.2847006,
      "y" : 6.932791,
      "z" : 4.36339
    },
    "orientation" : 0
  }, {
    "shape" : "5fcaf0d3-72b8-419f-bd3d-3764059e7348",
    "color" : "#7FCC9F",
    "position" : {
      "x" : 5.875388,
      "y" : 5.875388,
      "z" : -0.63932025
    },
    "orientation" : 22
  }, {
    "shape" : "8641b75e-a46e-4c9d-9e1b-b0baf2d6fbb7",
    "color" : "#B59A8C",
    "position" : {
      "x" : -4.1114564,
      "y" : 4.068884,
      "z" : 4.403252
    },
    "orientation" : 15
  }, {
    "shape" : "2a58477b-f4e1-480b-8ba4-ee29e71fe0c0",
    "color" : "#B59A8C",
    "position" : {
      "x" : -0.11855159,
      "y" : 0.17324448,
      "z" : 8.44479
    },
    "orientation" : 0
  }, {
    "shape" : "ac2736f7-9745-4001-9287-e216f6224a2f",
    "color" : "#FFFFFF",
    "position" : {
      "x" : -0.16718426,
      "y" : 0.124611795,
      "z" : 8.347524
    },
    "orientation" : 17
  }, {
    "shape" : "629a0a40-0c34-4aa3-94c8-cfe8f85d8aea",
    "color" : "#B59A8C",
    "position" : {
      "x" : -1.2847006,
      "y" : 4.36339,
      "z" : 6.932791
    },
    "orientation" : 17
  }, {
    "shape" : "a38b213e-fa6d-48f7-aa42-7c6fb09c0ceb",
    "color" : "#7FCC9F",
    "position" : {
      "x" : -0.021286236,
      "y" : -0.021286236,
      "z" : 8.4934225
    },
    "orientation" : 21
  }, {
    "shape" : "2ad47ac8-e002-4b85-b765-21df1bd4cafa",
    "color" : "#D7EFF2",
    "position" : {
      "x" : -4.1114564,
      "y" : 4.068884,
      "z" : 4.403252
    },
    "orientation" : 15
  }, {
    "shape" : "3962c064-9943-46a6-9adf-06a54f680430",
    "color" : "#B59A8C",
    "position" : {
      "x" : 1.2847006,
      "y" : 6.932791,
      "z" : 4.36339
    },
    "orientation" : 0
  }, {
    "shape" : "a21e9d65-28e7-4f1b-b5de-b87964433a97",
    "color" : "#B59A8C",
    "position" : {
      "x" : 0.16718426,
      "y" : 8.347524,
      "z" : 0.124611795
    },
    "orientation" : 2
  }, {
    "shape" : "1ce79ebf-108a-4d2f-bffa-319a59774d73",
    "color" : "#B59A8C",
    "position" : {
      "x" : -8.472136,
      "y" : 0.0,
      "z" : 8.472136
    },
    "orientation" : 17
  }, {
    "shape" : "6ae18c32-46db-4ca3-9075-5fe3ef2c038f",
    "color" : "#7FCC9F",
    "position" : {
      "x" : -4.160089,
      "y" : 4.166149,
      "z" : 4.4518847
    },
    "orientation" : 53
  }, {
    "shape" : "3456312a-c2c1-46df-9d12-07245f7a36f8",
    "color" : "#FFD98C",
    "position" : {
      "x" : -3.9027348,
      "y" : -3.9027348,
      "z" : 9.138803
    },
    "orientation" : 39
  }, {
    "shape" : "50d4cdd7-e030-4987-ae05-3e19c60e3402",
    "color" : "#7FCC9F",
    "position" : {
      "x" : 4.160089,
      "y" : 4.4518847,
      "z" : 4.166149
    },
    "orientation" : 21
  }, {
    "shape" : "fb89f2d6-bf94-4f1d-9bd2-13118fa729b0",
    "color" : "#B59A8C",
    "position" : {
      "x" : 8.472136,
      "y" : 8.472136,
      "z" : 0.0
    },
    "orientation" : 0
  }, {
    "shape" : "851d4e0b-cf74-49a7-b3c9-f5b464fb747d",
    "color" : "#B59A8C",
    "position" : {
      "x" : 4.344893,
      "y" : 4.344893,
      "z" : 3.9521654
    },
    "orientation" : 2
  }, {
    "shape" : "1ea3ca9b-b82c-474b-966e-8f70d4cbd531",
    "color" : "#7FCC9F",
    "position" : {
      "x" : 0.16718426,
      "y" : 8.347524,
      "z" : 0.124611795
    },
    "orientation" : 22
  }, {
    "shape" : "2ec645b9-e74a-4294-88e9-0678564f2422",
    "color" : "#7FCC9F",
    "position" : {
      "x" : -5.875388,
      "y" : -0.63932025,
      "z" : 5.875388
    },
    "orientation" : 53
  }, {
    "shape" : "39cadf2d-df83-4545-abd2-8fe21f2047f4",
    "color" : "#B59A8C",
    "position" : {
      "x" : 4.160089,
      "y" : 4.4518847,
      "z" : 4.166149
    },
    "orientation" : 0
  }, {
    "shape" : "03b2e478-e8f8-421e-8b4a-6ed5bf6e9c94",
    "color" : "#B59A8C",
    "position" : {
      "x" : -4.160089,
      "y" : 4.166149,
      "z" : 4.4518847
    },
    "orientation" : 17
  }, {
    "shape" : "9a7bf7aa-e51d-4447-946a-599a231bbae2",
    "color" : "#7FCC9F",
    "position" : {
      "x" : -5.875388,
      "y" : -0.63932025,
      "z" : 5.875388
    },
    "orientation" : 22
  }, {
    "shape" : "47cbaa6f-d02d-40aa-95f0-dbe2699d4375",
    "color" : "#B59A8C",
    "position" : {
      "x" : -1.2847006,
      "y" : 4.36339,
      "z" : 6.932791
    },
    "orientation" : 17
  }, {
    "shape" : "cc8337ea-73bd-4369-8f87-582a4b0a69dc",
    "color" : "#7FCC9F",
    "position" : {
      "x" : 0.021286236,
      "y" : 8.4934225,
      "z" : -0.021286236
    },
    "orientation" : 53
  }, {
    "shape" : "6f2d6619-a4e3-4537-ac5f-984dd96f9e70",
    "color" : "#7FCC9F",
    "position" : {
      "x" : -5.875388,
      "y" : -0.63932025,
      "z" : 5.875388
    },
    "orientation" : 53
  }, {
    "shape" : "d9f870b1-4e45-450a-bb5b-c271f2e50706",
    "color" : "#7FCC9F",
    "position" : {
      "x" : 5.875388,
      "y" : 5.875388,
      "z" : -0.63932025
    },
    "orientation" : 21
  }, {
    "shape" : "642efd4e-c750-4b3e-92af-767d26b5f8d9",
    "color" : "#B59A8C",
    "position" : {
      "x" : -4.344893,
      "y" : 3.9521654,
      "z" : 4.344893
    },
    "orientation" : 15
  }, {
    "shape" : "14dc335c-ee08-44a9-b65f-436b3827bf11",
    "color" : "#FFFFFF",
    "position" : {
      "x" : 0.16718426,
      "y" : 8.347524,
      "z" : 0.124611795
    },
    "orientation" : 32
  } ],
  "scenes" : [ {
    "title" : "Stick",
    "content" : "",
    "view" : {
      "perspective" : false,
      "fieldOfView" : 0.44263026,
      "viewDistance" : 120.16664,
      "lookAtPointRV" : {
        "x" : 0.0,
        "y" : 0.0,
        "z" : 0.0,
        "zero" : true
      },
      "lookDirectionRV" : {
        "x" : -0.5257311,
        "y" : 0.0,
        "z" : -0.8506508,
        "zero" : false
      },
      "upDirectionRV" : {
        "x" : 0.0,
        "y" : 1.0,
        "z" : 0.0,
        "zero" : false
      },
      "lookAtPoint" : {
        "x" : 0.0,
        "y" : 0.0,
        "z" : 0.0
      },
      "lookDirection" : {
        "x" : -0.5257311,
        "y" : 0.0,
        "z" : -0.8506508
      },
      "upDirection" : {
        "x" : 0.0,
        "y" : 1.0,
        "z" : 0.0
      },
      "nearClipDistance" : 0.30041775,
      "farClipDistance" : 240.33293,
      "width" : 54.07516,
      "stereo" : false,
      "position" : {
        "x" : 63.17534,
        "y" : 0.0,
        "z" : 102.21985
      }
    },
    "snapshot" : 52
  }, {
    "title" : "Closed",
    "content" : "",
    "view" : {
      "perspective" : false,
      "fieldOfView" : 0.44263026,
      "viewDistance" : 120.16664,
      "lookAtPointRV" : {
        "x" : 0.0,
        "y" : 0.0,
        "z" : 0.0,
        "zero" : true
      },
      "lookDirectionRV" : {
        "x" : 0.0,
        "y" : 0.0,
        "z" : -1.0,
        "zero" : false
      },
      "upDirectionRV" : {
        "x" : 0.0,
        "y" : 1.0,
        "z" : 0.0,
        "zero" : false
      },
      "lookAtPoint" : {
        "x" : 0.0,
        "y" : 0.0,
        "z" : 0.0
      },
      "lookDirection" : {
        "x" : 0.0,
        "y" : 0.0,
        "z" : -1.0
      },
      "upDirection" : {
        "x" : 0.0,
        "y" : 1.0,
        "z" : 0.0
      },
      "nearClipDistance" : 0.30041775,
      "farClipDistance" : 240.33293,
      "width" : 54.07516,
      "stereo" : false,
      "position" : {
        "x" : 0.0,
        "y" : 0.0,
        "z" : 120.16664
      }
    },
    "snapshot" : 48
  }, {
    "title" : "Expanded",
    "content" : "",
    "view" : {
      "perspective" : false,
      "fieldOfView" : 0.4426303,
      "viewDistance" : 132.80469,
      "lookAtPointRV" : {
        "x" : 0.0,
        "y" : 0.0,
        "z" : 0.0,
        "zero" : true
      },
      "lookDirectionRV" : {
        "x" : -0.0036102894,
        "y" : -0.007699488,
        "z" : -0.99996424,
        "zero" : false
      },
      "upDirectionRV" : {
        "x" : -0.026509024,
        "y" : 0.9996184,
        "z" : -0.0075961533,
        "zero" : false
      },
      "lookAtPoint" : {
        "x" : 0.0,
        "y" : 0.0,
        "z" : 0.0
      },
      "lookDirection" : {
        "x" : -0.0036102894,
        "y" : -0.007699488,
        "z" : -0.99996424
      },
      "upDirection" : {
        "x" : -0.026509024,
        "y" : 0.9996184,
        "z" : -0.0075961533
      },
      "nearClipDistance" : 0.33201295,
      "farClipDistance" : 265.60898,
