{
  "polygons" : "true",
  "field" : "golden",
  "symmetry" : "icosahedral",
  "orientations" : [ [ 1.0, 0.0, 0.0, 0.0, 0.0, 1.0, 0.0, 0.0, 0.0, 0.0, 1.0, 0.0, 0.0, 0.0, 0.0, 1.0 ], [ 0.0, 0.0, 1.0, 0.0, 1.0, 0.0, 0.0, 0.0, 0.0, 1.0, 0.0, 0.0, 0.0, 0.0, 0.0, 1.0 ], [ 0.0, 1.0, 0.0, 0.0, 0.0, 0.0, 1.0, 0.0, 1.0, 0.0, 0.0, 0.0, 0.0, 0.0, 0.0, 1.0 ], [ 0.809017, 0.309017, 0.5, 0.0, 0.309017, 0.5, -0.809017, 0.0, -0.5, 0.809017, 0.309017, 0.0, 0.0, 0.0, 0.0, 1.0 ], [ -0.5, 0.809017, 0.309017, 0.0, 0.809017, 0.309017, 0.5, 0.0, 0.309017, 0.5, -0.809017, 0.0, 0.0, 0.0, 0.0, 1.0 ], [ 0.309017, 0.5, -0.809017, 0.0, -0.5, 0.809017, 0.309017, 0.0, 0.809017, 0.309017, 0.5, 0.0, 0.0, 0.0, 0.0, 1.0 ], [ 0.5, 0.809017, 0.309017, 0.0, 0.809017, -0.309017, -0.5, 0.0, -0.309017, 0.5, -0.809017, 0.0, 0.0, 0.0, 0.0, 1.0 ], [ -0.309017, 0.5, -0.809017, 0.0, 0.5, 0.809017, 0.309017, 0.0, 0.809017, -0.309017, -0.5, 0.0, 0.0, 0.0, 0.0, 1.0 ], [ 0.809017, -0.309017, -0.5, 0.0, -0.309017, 0.5, -0.809017, 0.0, 0.5, 0.809017, 0.309017, 0.0, 0.0, 0.0, 0.0, 1.0 ], [ 0.5, 0.809017, -0.309017, 0.0, 0.809017, -0.309017, 0.5, 0.0, 0.309017, -0.5, -0.809017, 0.0, 0.0, 0.0, 0.0, 1.0 ], [ 0.309017, -0.5, -0.809017, 0.0, 0.5, 0.809017, -0.309017, 0.0, 0.809017, -0.309017, 0.5, 0.0, 0.0, 0.0, 0.0, 1.0 ], [ 0.809017, -0.309017, 0.5, 0.0, 0.309017, -0.5, -0.809017, 0.0, 0.5, 0.809017, -0.309017, 0.0, 0.0, 0.0, 0.0, 1.0 ], [ 0.809017, 0.309017, -0.5, 0.0, 0.309017, 0.5, 0.809017, 0.0, 0.5, -0.809017, 0.309017, 0.0, 0.0, 0.0, 0.0, 1.0 ], [ 0.5, -0.809017, 0.309017, 0.0, 0.809017, 0.309017, -0.5, 0.0, 0.309017, 0.5, 0.809017, 0.0, 0.0, 0.0, 0.0, 1.0 ], [ 0.309017, 0.5, 0.809017, 0.0, 0.5, -0.809017, 0.309017, 0.0, 0.809017, 0.309017, -0.5, 0.0, 0.0, 0.0, 0.0, 1.0 ], [ 1.0, 0.0, 0.0, 0.0, 0.0, -1.0, 0.0, 0.0, 0.0, 0.0, -1.0, 0.0, 0.0, 0.0, 0.0, 1.0 ], [ 0.0, 0.0, 1.0, 0.0, -1.0, 0.0, 0.0, 0.0, 0.0, -1.0, 0.0, 0.0, 0.0, 0.0, 0.0, 1.0 ], [ 0.0, 1.0, 0.0, 0.0, 0.0, 0.0, -1.0, 0.0, -1.0, 0.0, 0.0, 0.0, 0.0, 0.0, 0.0, 1.0 ], [ 0.809017, 0.309017, 0.5, 0.0, -0.309017, -0.5, 0.809017, 0.0, 0.5, -0.809017, -0.309017, 0.0, 0.0, 0.0, 0.0, 1.0 ], [ -0.5, 0.809017, 0.309017, 0.0, -0.809017, -0.309017, -0.5, 0.0, -0.309017, -0.5, 0.809017, 0.0, 0.0, 0.0, 0.0, 1.0 ], [ 0.309017, 0.5, -0.809017, 0.0, 0.5, -0.809017, -0.309017, 0.0, -0.809017, -0.309017, -0.5, 0.0, 0.0, 0.0, 0.0, 1.0 ], [ 0.5, 0.809017, 0.309017, 0.0, -0.809017, 0.309017, 0.5, 0.0, 0.309017, -0.5, 0.809017, 0.0, 0.0, 0.0, 0.0, 1.0 ], [ -0.309017, 0.5, -0.809017, 0.0, -0.5, -0.809017, -0.309017, 0.0, -0.809017, 0.309017, 0.5, 0.0, 0.0, 0.0, 0.0, 1.0 ], [ 0.809017, -0.309017, -0.5, 0.0, 0.309017, -0.5, 0.809017, 0.0, -0.5, -0.809017, -0.309017, 0.0, 0.0, 0.0, 0.0, 1.0 ], [ 0.5, 0.809017, -0.309017, 0.0, -0.809017, 0.309017, -0.5, 0.0, -0.309017, 0.5, 0.809017, 0.0, 0.0, 0.0, 0.0, 1.0 ], [ 0.309017, -0.5, -0.809017, 0.0, -0.5, -0.809017, 0.309017, 0.0, -0.809017, 0.309017, -0.5, 0.0, 0.0, 0.0, 0.0, 1.0 ], [ 0.809017, -0.309017, 0.5, 0.0, -0.309017, 0.5, 0.809017, 0.0, -0.5, -0.809017, 0.309017, 0.0, 0.0, 0.0, 0.0, 1.0 ], [ 0.809017, 0.309017, -0.5, 0.0, -0.309017, -0.5, -0.809017, 0.0, -0.5, 0.809017, -0.309017, 0.0, 0.0, 0.0, 0.0, 1.0 ], [ 0.5, -0.809017, 0.309017, 0.0, -0.809017, -0.309017, 0.5, 0.0, -0.309017, -0.5, -0.809017, 0.0, 0.0, 0.0, 0.0, 1.0 ], [ 0.309017, 0.5, 0.809017, 0.0, -0.5, 0.809017, -0.309017, 0.0, -0.809017, -0.309017, 0.5, 0.0, 0.0, 0.0, 0.0, 1.0 ], [ -1.0, 0.0, 0.0, 0.0, 0.0, -1.0, 0.0, 0.0, 0.0, 0.0, 1.0, 0.0, 0.0, 0.0, 0.0, 1.0 ], [ 0.0, 0.0, -1.0, 0.0, -1.0, 0.0, 0.0, 0.0, 0.0, 1.0, 0.0, 0.0, 0.0, 0.0, 0.0, 1.0 ], [ 0.0, -1.0, 0.0, 0.0, 0.0, 0.0, -1.0, 0.0, 1.0, 0.0, 0.0, 0.0, 0.0, 0.0, 0.0, 1.0 ], [ -0.809017, -0.309017, -0.5, 0.0, -0.309017, -0.5, 0.809017, 0.0, -0.5, 0.809017, 0.309017, 0.0, 0.0, 0.0, 0.0, 1.0 ], [ 0.5, -0.809017, -0.309017, 0.0, -0.809017, -0.309017, -0.5, 0.0, 0.309017, 0.5, -0.809017, 0.0, 0.0, 0.0, 0.0, 1.0 ], [ -0.309017, -0.5, 0.809017, 0.0, 0.5, -0.809017, -0.309017, 0.0, 0.809017, 0.309017, 0.5, 0.0, 0.0, 0.0, 0.0, 1.0 ], [ -0.5, -0.809017, -0.309017, 0.0, -0.809017, 0.309017, 0.5, 0.0, -0.309017, 0.5, -0.809017, 0.0, 0.0, 0.0, 0.0, 1.0 ], [ 0.309017, -0.5, 0.809017, 0.0, -0.5, -0.809017, -0.309017, 0.0, 0.809017, -0.309017, -0.5, 0.0, 0.0, 0.0, 0.0, 1.0 ], [ -0.809017, 0.309017, 0.5, 0.0, 0.309017, -0.5, 0.809017, 0.0, 0.5, 0.809017, 0.309017, 0.0, 0.0, 0.0, 0.0, 1.0 ], [ -0.5, -0.809017, 0.309017, 0.0, -0.809017, 0.309017, -0.5, 0.0, 0.309017, -0.5, -0.809017, 0.0, 0.0, 0.0, 0.0, 1.0 ], [ -0.309017, 0.5, 0.809017, 0.0, -0.5, -0.809017, 0.309017, 0.0, 0.809017, -0.309017, 0.5, 0.0, 0.0, 0.0, 0.0, 1.0 ], [ -0.809017, 0.309017, -0.5, 0.0, -0.309017, 0.5, 0.809017, 0.0, 0.5, 0.809017, -0.309017, 0.0, 0.0, 0.0, 0.0, 1.0 ], [ -0.809017, -0.309017, 0.5, 0.0, -0.309017, -0.5, -0.809017, 0.0, 0.5, -0.809017, 0.309017, 0.0, 0.0, 0.0, 0.0, 1.0 ], [ -0.5, 0.809017, -0.309017, 0.0, -0.809017, -0.309017, 0.5, 0.0, 0.309017, 0.5, 0.809017, 0.0, 0.0, 0.0, 0.0, 1.0 ], [ -0.309017, -0.5, -0.809017, 0.0, -0.5, 0.809017, -0.309017, 0.0, 0.809017, 0.309017, -0.5, 0.0, 0.0, 0.0, 0.0, 1.0 ], [ -1.0, 0.0, 0.0, 0.0, 0.0, 1.0, 0.0, 0.0, 0.0, 0.0, -1.0, 0.0, 0.0, 0.0, 0.0, 1.0 ], [ 0.0, 0.0, -1.0, 0.0, 1.0, 0.0, 0.0, 0.0, 0.0, -1.0, 0.0, 0.0, 0.0, 0.0, 0.0, 1.0 ], [ 0.0, -1.0, 0.0, 0.0, 0.0, 0.0, 1.0, 0.0, -1.0, 0.0, 0.0, 0.0, 0.0, 0.0, 0.0, 1.0 ], [ -0.809017, -0.309017, -0.5, 0.0, 0.309017, 0.5, -0.809017, 0.0, 0.5, -0.809017, -0.309017, 0.0, 0.0, 0.0, 0.0, 1.0 ], [ 0.5, -0.809017, -0.309017, 0.0, 0.809017, 0.309017, 0.5, 0.0, -0.309017, -0.5, 0.809017, 0.0, 0.0, 0.0, 0.0, 1.0 ], [ -0.309017, -0.5, 0.809017, 0.0, -0.5, 0.809017, 0.309017, 0.0, -0.809017, -0.309017, -0.5, 0.0, 0.0, 0.0, 0.0, 1.0 ], [ -0.5, -0.809017, -0.309017, 0.0, 0.809017, -0.309017, -0.5, 0.0, 0.309017, -0.5, 0.809017, 0.0, 0.0, 0.0, 0.0, 1.0 ], [ 0.309017, -0.5, 0.809017, 0.0, 0.5, 0.809017, 0.309017, 0.0, -0.809017, 0.309017, 0.5, 0.0, 0.0, 0.0, 0.0, 1.0 ], [ -0.809017, 0.309017, 0.5, 0.0, -0.309017, 0.5, -0.809017, 0.0, -0.5, -0.809017, -0.309017, 0.0, 0.0, 0.0, 0.0, 1.0 ], [ -0.5, -0.809017, 0.309017, 0.0, 0.809017, -0.309017, 0.5, 0.0, -0.309017, 0.5, 0.809017, 0.0, 0.0, 0.0, 0.0, 1.0 ], [ -0.309017, 0.5, 0.809017, 0.0, 0.5, 0.809017, -0.309017, 0.0, -0.809017, 0.309017, -0.5, 0.0, 0.0, 0.0, 0.0, 1.0 ], [ -0.809017, 0.309017, -0.5, 0.0, 0.309017, -0.5, -0.809017, 0.0, -0.5, -0.809017, 0.309017, 0.0, 0.0, 0.0, 0.0, 1.0 ], [ -0.809017, -0.309017, 0.5, 0.0, 0.309017, 0.5, 0.809017, 0.0, -0.5, 0.809017, -0.309017, 0.0, 0.0, 0.0, 0.0, 1.0 ], [ -0.5, 0.809017, -0.309017, 0.0, 0.809017, 0.309017, -0.5, 0.0, -0.309017, -0.5, -0.809017, 0.0, 0.0, 0.0, 0.0, 1.0 ], [ -0.309017, -0.5, -0.809017, 0.0, 0.5, -0.809017, 0.309017, 0.0, -0.809017, -0.309017, 0.5, 0.0, 0.0, 0.0, 0.0, 1.0 ] ],
  "lights" : {
    "ambientColor" : "#292929",
    "backgroundColor" : "#AFC8DC",
    "directionalLights" : [ {
      "direction" : [ 1.0, -1.0, -1.0 ],
      "color" : "#EBEBE4"
    }, {
      "direction" : [ -1.0, 0.0, 0.0 ],
      "color" : "#E4E4EB"
    }, {
      "direction" : [ 0.0, 0.0, -1.0 ],
      "color" : "#1E1E1E"
    } ]
  },
  "camera" : {
    "lookDirection" : {
      "x" : -0.01852984,
      "y" : -0.07277389,
      "z" : -0.9971262
    },
    "nearClipDistance" : 0.5365558,
    "farClipDistance" : 429.24554,
    "viewDistance" : 214.62225,
    "lookAtPointRV" : {
      "x" : 0.0,
      "y" : 0.0,
      "z" : 0.0,
      "zero" : true
    },
    "lookDirectionRV" : {
      "x" : -0.01852984,
      "y" : -0.07277389,
      "z" : -0.9971262,
      "zero" : false
    },
    "upDirectionRV" : {
      "x" : 0.048575725,
      "y" : 0.9959857,
      "z" : -0.07359354,
      "zero" : false
    },
    "perspective" : false,
    "lookAtPoint" : {
      "x" : 0.0,
      "y" : 0.0,
      "z" : 0.0
    },
    "upDirection" : {
      "x" : 0.048575725,
      "y" : 0.9959857,
      "z" : -0.07359354
    },
    "stereo" : false,
    "fieldOfView" : 0.44262987,
    "width" : 96.58024,
    "position" : {
      "x" : 3.976916,
      "y" : 15.618896,
      "z" : 214.00548
    }
  },
  "embedding" : [ 1.0, 0.0, 0.0, 0.0, 0.0, 1.0, 0.0, 0.0, 0.0, 0.0, 1.0, 0.0, 0.0, 0.0, 0.0, 1.0 ],
  "shapes" : [ {
    "id" : "4526d0a0-6948-4b64-bfed-cddac3ddc08f",
    "orbit" : "yellow",
    "orbitC" : "[[0,0,1],[2,-1,1]]",
    "length" : "[\"1\",\"0\",\"1\"]",
    "name" : "y1",
    "vertices" : [ {
      "x" : 6.854102,
      "y" : 0.0,
      "z" : -2.618034
    }, {
      "x" : 6.545085,
      "y" : 0.0,
      "z" : -2.5
    }, {
      "x" : 6.1405764,
      "y" : -0.1545085,
      "z" : -2.059017
    }, {
      "x" : 5.9495935,
      "y" : -0.1545085,
      "z" : -2.559017
    }, {
      "x" : 0.9045085,
      "y" : -0.1545085,
      "z" : -0.059016995
    }, {
      "x" : 0.809017,
      "y" : 0.309017,
      "z" : -0.309017
    }, {
      "x" : 0.309017,
      "y" : 0.0,
      "z" : -0.11803399
    }, {
      "x" : 6.045085,
      "y" : 0.309017,
      "z" : -2.309017
    }, {
      "x" : 0.7135255,
      "y" : -0.1545085,
      "z" : -0.559017
    } ],
    "faces" : [ {
      "vertices" : [ 2, 4, 8, 3 ]
    }, {
      "vertices" : [ 2, 7, 5, 4 ]
    }, {
      "vertices" : [ 4, 6, 8 ]
    }, {
      "vertices" : [ 5, 8, 6 ]
    }, {
      "vertices" : [ 1, 2, 3 ]
    }, {
      "vertices" : [ 3, 8, 5, 7 ]
    }, {
      "vertices" : [ 1, 7, 2 ]
    }, {
      "vertices" : [ 1, 3, 7 ]
    }, {
      "vertices" : [ 4, 5, 6 ]
    } ]
  }, {
    "id" : "d99aa322-cd14-43d4-b1e6-85572531b4a8",
    "vertices" : [ {
      "x" : 0.0,
      "y" : 0.0,
      "z" : 0.0
    }, {
      "x" : 0.0,
      "y" : -2.618034,
      "z" : -6.854102
    }, {
      "x" : -2.618034,
      "y" : 4.236068,
      "z" : -6.854102
    }, {
      "x" : -2.618034,
      "y" : 6.854102,
      "z" : 0.0
    } ],
    "faces" : [ {
      "vertices" : [ 0, 1, 2, 3 ]
    }, {
      "vertices" : [ 0, 3, 2, 1 ]
    } ]
  }, {
    "id" : "60523a82-3392-472b-8cf1-8deaaa3d38d9",
    "name" : "ball",
    "vertices" : [ {
      "x" : 0.309017,
      "y" : -0.309017,
      "z" : -0.309017
    }, {
      "x" : 0.5,
      "y" : 0.0,
      "z" : -0.19098301
    }, {
      "x" : 0.5,
      "y" : 0.0,
      "z" : 0.19098301
    }, {
      "x" : 0.309017,
      "y" : -0.309017,
      "z" : 0.309017
    }, {
      "x" : 0.19098301,
      "y" : -0.5,
      "z" : 0.0
    }, {
      "x" : 0.0,
      "y" : 0.19098301,
      "z" : 0.5
    }, {
      "x" : 0.0,
      "y" : -0.19098301,
      "z" : 0.5
    }, {
      "x" : 0.309017,
      "y" : 0.309017,
      "z" : 0.309017
    }, {
      "x" : -0.309017,
      "y" : -0.309017,
      "z" : 0.309017
    }, {
      "x" : -0.309017,
      "y" : 0.309017,
      "z" : 0.309017
    }, {
      "x" : -0.5,
      "y" : 0.0,
      "z" : 0.19098301
    }, {
      "x" : 0.0,
      "y" : -0.19098301,
      "z" : -0.5
    }, {
      "x" : 0.0,
      "y" : 0.19098301,
      "z" : -0.5
    }, {
      "x" : 0.309017,
      "y" : 0.309017,
      "z" : -0.309017
    }, {
      "x" : -0.309017,
      "y" : -0.309017,
      "z" : -0.309017
    }, {
      "x" : -0.19098301,
      "y" : -0.5,
      "z" : 0.0
    }, {
      "x" : -0.5,
      "y" : 0.0,
      "z" : -0.19098301
    }, {
      "x" : 0.19098301,
      "y" : 0.5,
      "z" : 0.0
    }, {
      "x" : -0.309017,
      "y" : 0.309017,
      "z" : -0.309017
    }, {
      "x" : 0.0,
      "y" : 0.0,
      "z" : 0.0
    }, {
      "x" : -0.19098301,
      "y" : 0.5,
      "z" : 0.0
    } ],
    "faces" : [ {
      "vertices" : [ 12, 18, 20, 17, 13 ]
    }, {
      "vertices" : [ 3, 6, 8, 15, 4 ]
    }, {
      "vertices" : [ 0, 11, 12, 13, 1 ]
    }, {
      "vertices" : [ 5, 9, 10, 8, 6 ]
    }, {
      "vertices" : [ 2, 7, 5, 6, 3 ]
    }, {
      "vertices" : [ 11, 14, 16, 18, 12 ]
    }, {
      "vertices" : [ 1, 13, 17, 7, 2 ]
    }, {
      "vertices" : [ 9, 20, 18, 16, 10 ]
    }, {
      "vertices" : [ 0, 1, 2, 3, 4 ]
    }, {
      "vertices" : [ 5, 7, 17, 20, 9 ]
    }, {
      "vertices" : [ 0, 4, 15, 14, 11 ]
    }, {
      "vertices" : [ 8, 10, 16, 14, 15 ]
    } ]
  }, {
    "id" : "5a0e7983-2a5b-4fd1-8fe8-714b9e8595c3",
    "vertices" : [ {
      "x" : 0.0,
      "y" : 0.0,
      "z" : 0.0
    }, {
      "x" : 0.0,
      "y" : 2.618034,
      "z" : 6.854102
    }, {
      "x" : 2.618034,
      "y" : -4.236068,
      "z" : 6.854102
    }, {
      "x" : 2.618034,
      "y" : -6.854102,
      "z" : 0.0
    } ],
    "faces" : [ {
      "vertices" : [ 0, 1, 2, 3 ]
    }, {
      "vertices" : [ 0, 3, 2, 1 ]
    } ]
  }, {
    "id" : "c9d49a1d-76b6-4e68-9719-b5a266e44e02",
    "vertices" : [ {
      "x" : 0.0,
      "y" : 0.0,
      "z" : 0.0
    }, {
      "x" : 2.618034,
      "y" : -6.854102,
      "z" : 0.0
    }, {
      "x" : 2.618034,
      "y" : -9.472136,
      "z" : -6.854102
    }, {
      "x" : 0.0,
      "y" : -2.618034,
      "z" : -6.854102
    } ],
    "faces" : [ {
      "vertices" : [ 0, 1, 2, 3 ]
    }, {
      "vertices" : [ 0, 3, 2, 1 ]
    } ]
  }, {
    "id" : "f8e1662d-9865-4b4c-9031-486ac7dc144d",
    "vertices" : [ {
      "x" : 0.0,
      "y" : 0.0,
      "z" : 0.0
    }, {
      "x" : -2.618034,
      "y" : 6.854102,
      "z" : 0.0
    }, {
      "x" : -2.618034,
      "y" : 9.472136,
      "z" : 6.854102
    }, {
      "x" : 0.0,
      "y" : 2.618034,
      "z" : 6.854102
    } ],
    "faces" : [ {
      "vertices" : [ 0, 1, 2, 3 ]
    }, {
      "vertices" : [ 0, 3, 2, 1 ]
    } ]
  }, {
    "id" : "bf03aab4-6aa2-4366-9364-ab5f77ca98f6",
    "vertices" : [ {
      "x" : 0.0,
      "y" : 0.0,
      "z" : 0.0
    }, {
      "x" : 0.0,
      "y" : -2.618034,
      "z" : -6.854102
    }, {
      "x" : -7.854102,
      "y" : 17.944271,
      "z" : -6.854102
    }, {
      "x" : -7.854102,
      "y" : 20.562305,
      "z" : 0.0
    } ],
    "faces" : [ {
      "vertices" : [ 0, 1, 2, 3 ]
    }, {
      "vertices" : [ 0, 3, 2, 1 ]
    } ]
  }, {
    "id" : "b3d8c80b-66ab-4e44-aa37-eb732e5d6441",
    "vertices" : [ {
      "x" : 0.0,
      "y" : 0.0,
      "z" : 0.0
    }, {
      "x" : 5.236068,
      "y" : -13.708204,
      "z" : 0.0
    }, {
      "x" : 5.236068,
      "y" : -16.326239,
      "z" : -6.854102
    }, {
      "x" : 0.0,
      "y" : -2.618034,
      "z" : -6.854102
    } ],
    "faces" : [ {
      "vertices" : [ 0, 1, 2, 3 ]
    }, {
      "vertices" : [ 0, 3, 2, 1 ]
    } ]
  }, {
    "id" : "5476652a-e84f-40a7-a479-e43f70275396",
    "vertices" : [ {
      "x" : 0.0,
      "y" : 0.0,
      "z" : 0.0
    }, {
      "x" : -5.236068,
      "y" : 13.708204,
      "z" : 0.0
    }, {
      "x" : -5.236068,
      "y" : 16.326239,
      "z" : 6.854102
    }, {
      "x" : 0.0,
      "y" : 2.618034,
      "z" : 6.854102
    } ],
    "faces" : [ {
      "vertices" : [ 0, 1, 2, 3 ]
    }, {
      "vertices" : [ 0, 3, 2, 1 ]
    } ]
  }, {
    "id" : "1e15056c-bd37-46c3-ba2a-c513316a3454",
    "vertices" : [ {
      "x" : 0.0,
      "y" : 0.0,
      "z" : 0.0
    }, {
      "x" : 0.0,
      "y" : -5.236068,
      "z" : -13.708204
    }, {
      "x" : -2.618034,
      "y" : 1.618034,
      "z" : -13.708204
    }, {
      "x" : -2.618034,
      "y" : 6.854102,
      "z" : 0.0
    } ],
    "faces" : [ {
      "vertices" : [ 0, 1, 2, 3 ]
    }, {
      "vertices" : [ 0, 3, 2, 1 ]
    } ]
  }, {
    "id" : "f8409af4-f438-4961-a7f3-58380cab393e",
    "vertices" : [ {
      "x" : 0.0,
      "y" : 0.0,
      "z" : 0.0
    }, {
      "x" : -2.618034,
      "y" : 6.854102,
      "z" : 0.0
    }, {
      "x" : -2.618034,
      "y" : 12.09017,
      "z" : 13.708204
    }, {
      "x" : 0.0,
      "y" : 5.236068,
      "z" : 13.708204
    } ],
    "faces" : [ {
      "vertices" : [ 0, 1, 2, 3 ]
    }, {
      "vertices" : [ 0, 3, 2, 1 ]
    } ]
  }, {
    "id" : "606a2219-59a0-4979-b020-331032cad517",
    "vertices" : [ {
      "x" : 0.0,
      "y" : 0.0,
      "z" : 0.0
    }, {
      "x" : 7.854102,
      "y" : -20.562305,
      "z" : 0.0
    }, {
      "x" : 7.854102,
      "y" : -23.18034,
      "z" : -6.854102
    }, {
      "x" : 0.0,
      "y" : -2.618034,
      "z" : -6.854102
    } ],
    "faces" : [ {
      "vertices" : [ 0, 1, 2, 3 ]
    }, {
      "vertices" : [ 0, 3, 2, 1 ]
    } ]
  }, {
    "id" : "b1d75da1-d0e3-4b55-9abc-ba312587ad95",
    "vertices" : [ {
      "x" : 0.0,
      "y" : 0.0,
      "z" : 0.0
    }, {
      "x" : 0.0,
      "y" : 0.38196602,
      "z" : 1.0
    }, {
      "x" : 6.472136,
      "y" : -16.562305,
      "z" : 1.0
    }, {
      "x" : 6.09017,
      "y" : -15.944272,
      "z" : 0.0
    } ],
    "faces" : [ {
      "vertices" : [ 0, 1, 2, 3 ]
    }, {
      "vertices" : [ 0, 3, 2, 1 ]
    } ]
  }, {
    "id" : "58c7b1f3-5ee3-458c-9e60-ad4182187034",
    "vertices" : [ {
      "x" : 0.0,
      "y" : 0.0,
      "z" : 0.0
    }, {
      "x" : 0.0,
      "y" : 6.09017,
      "z" : 15.944272
    }, {
      "x" : 0.38196602,
      "y" : 5.472136,
      "z" : 16.944271
    }, {
      "x" : 0.38196602,
      "y" : -0.618034,
      "z" : 1.0
    } ],
    "faces" : [ {
      "vertices" : [ 0, 1, 2, 3 ]
    }, {
      "vertices" : [ 0, 3, 2, 1 ]
    } ]
  }, {
    "id" : "f0e4418a-58a5-42d6-a9fb-1c727c0c0f99",
    "vertices" : [ {
      "x" : 0.0,
      "y" : 0.0,
      "z" : 0.0
    }, {
      "x" : -0.38196602,
      "y" : 0.618034,
      "z" : -1.0
    }, {
      "x" : -0.38196602,
      "y" : 7.09017,
      "z" : 15.944272
    }, {
      "x" : 0.0,
      "y" : 6.09017,
      "z" : 15.944272
    } ],
    "faces" : [ {
      "vertices" : [ 0, 1, 2, 3 ]
    }, {
      "vertices" : [ 0, 3, 2, 1 ]
    } ]
  }, {
    "id" : "dbb2f25c-92a9-430e-8425-947ec33c4c4c",
    "vertices" : [ {
      "x" : 0.0,
      "y" : 0.0,
      "z" : 0.0
    }, {
      "x" : 0.38196602,
      "y" : -0.618034,
      "z" : 1.0
    }, {
      "x" : 6.472136,
      "y" : -16.562305,
      "z" : 1.0
    }, {
      "x" : 6.09017,
      "y" : -15.944272,
      "z" : 0.0
    } ],
    "faces" : [ {
      "vertices" : [ 0, 1, 2, 3 ]
    }, {
      "vertices" : [ 0, 3, 2, 1 ]
    } ]
  }, {
    "id" : "6a0968f4-8df9-40d3-a6b4-5415cc544b74",
    "vertices" : [ {
      "x" : 0.0,
      "y" : 0.0,
      "z" : 0.0
    }, {
      "x" : 0.0,
      "y" : -0.38196602,
      "z" : -1.0
    }, {
      "x" : -6.472136,
      "y" : 16.562305,
      "z" : -1.0
    }, {
      "x" : -6.09017,
      "y" : 15.944272,
      "z" : 0.0
    } ],
    "faces" : [ {
      "vertices" : [ 0, 1, 2, 3 ]
    }, {
      "vertices" : [ 0, 3, 2, 1 ]
    } ]
  }, {
    "id" : "97409d3b-dbb8-4bbf-80a3-aef051103956",
    "vertices" : [ {
      "x" : 0.0,
      "y" : 0.0,
      "z" : 0.0
    }, {
      "x" : -6.09017,
      "y" : 15.944272,
      "z" : 0.0
    }, {
      "x" : -6.09017,
      "y" : 22.034441,
      "z" : 15.944272
    }, {
      "x" : 0.0,
      "y" : 6.09017,
      "z" : 15.944272
    } ],
    "faces" : [ {
      "vertices" : [ 0, 1, 2, 3 ]
    }, {
      "vertices" : [ 0, 3, 2, 1 ]
    } ]
  }, {
    "id" : "a269e921-05ec-4be2-9dda-c2a94daaf8c7",
    "vertices" : [ {
      "x" : 0.0,
      "y" : 0.0,
      "z" : 0.0
    }, {
      "x" : 6.09017,
      "y" : -15.944272,
      "z" : 0.0
    }, {
      "x" : 6.09017,
      "y" : -22.034441,
      "z" : -15.944272
    }, {
      "x" : 0.0,
      "y" : -6.09017,
      "z" : -15.944272
    } ],
    "faces" : [ {
      "vertices" : [ 0, 1, 2, 3 ]
    }, {
      "vertices" : [ 0, 3, 2, 1 ]
    } ]
  }, {
    "id" : "bf8a1e1d-db04-4b25-bb64-42ae1afe58a1",
    "orbit" : "yellow",
    "orbitC" : "[[0,0,1],[2,-1,1]]",
    "length" : "[\"5\",\"-3\",\"1\"]",
    "name" : " :5 -3*phi",
    "vertices" : [ {
      "x" : 0.51582605,
      "y" : -0.26666668,
      "z" : -0.033367023
    }, {
      "x" : 0.41582605,
      "y" : 0.13333334,
      "z" : 0.06663298
    }, {
      "x" : 0.48417395,
      "y" : 0.26666668,
      "z" : -0.348599
    }, {
      "x" : 0.5841739,
      "y" : -0.13333334,
      "z" : -0.44859898
    }, {
      "x" : 0.18249273,
      "y" : 0.26666668,
      "z" : -0.23336703
    }, {
      "x" : 0.28249273,
      "y" : -0.13333334,
      "z" : -0.33336702
    }, {
      "x" : 0.81750727,
      "y" : -0.26666668,
      "z" : -0.14859898
    }, {
      "x" : 0.71750724,
      "y" : 0.13333334,
      "z" : -0.04859899
    } ],
    "faces" : [ {
      "vertices" : [ 2, 3, 6, 7 ]
    }, {
      "vertices" : [ 0, 5, 4, 1 ]
    }, {
      "vertices" : [ 2, 4, 5, 3 ]
    }, {
      "vertices" : [ 0, 6, 3, 5 ]
    }, {
      "vertices" : [ 0, 1, 7, 6 ]
    }, {
      "vertices" : [ 1, 4, 2, 7 ]
    } ]
  }, {
    "id" : "9bb41ada-ae94-4636-a28d-27238a21da44",
    "vertices" : [ {
      "x" : 0.0,
      "y" : 0.0,
      "z" : 0.0
    }, {
      "x" : 0.38196602,
      "y" : -0.618034,
      "z" : 1.0
    }, {
      "x" : 0.38196602,
      "y" : -7.09017,
      "z" : -15.944272
    }, {
      "x" : 0.0,
      "y" : -6.09017,
      "z" : -15.944272
    } ],
    "faces" : [ {
      "vertices" : [ 0, 1, 2, 3 ]
    }, {
      "vertices" : [ 0, 3, 2, 1 ]
    } ]
  }, {
    "id" : "a95bf7f5-e06f-44c9-a24c-23c386dec285",
    "orbit" : "yellow",
    "orbitC" : "[[0,0,1],[2,-1,1]]",
    "length" : "[\"1\",\"1\",\"1\"]",
    "name" : "y3",
    "vertices" : [ {
      "x" : 17.944271,
      "y" : 0.0,
      "z" : -6.854102
    }, {
      "x" : 17.635256,
      "y" : 0.0,
      "z" : -6.736068
    }, {
      "x" : 17.230747,
      "y" : -0.1545085,
      "z" : -6.295085
    }, {
      "x" : 17.039762,
      "y" : -0.1545085,
      "z" : -6.795085
    }, {
      "x" : 0.9045085,
      "y" : -0.1545085,
      "z" : -0.059016995
    }, {
      "x" : 0.809017,
      "y" : 0.309017,
      "z" : -0.309017
    }, {
      "x" : 0.309017,
      "y" : 0.0,
      "z" : -0.11803399
    }, {
      "x" : 17.135256,
      "y" : 0.309017,
      "z" : -6.545085
    }, {
      "x" : 0.7135255,
      "y" : -0.1545085,
      "z" : -0.559017
    } ],
    "faces" : [ {
      "vertices" : [ 2, 4, 8, 3 ]
    }, {
      "vertices" : [ 2, 7, 5, 4 ]
    }, {
      "vertices" : [ 4, 6, 8 ]
    }, {
      "vertices" : [ 5, 8, 6 ]
    }, {
      "vertices" : [ 1, 2, 3 ]
    }, {
      "vertices" : [ 3, 8, 5, 7 ]
    }, {
      "vertices" : [ 1, 7, 2 ]
    }, {
      "vertices" : [ 1, 3, 7 ]
    }, {
      "vertices" : [ 4, 5, 6 ]
    } ]
  }, {
    "id" : "4cd62578-2985-4dc9-befa-170d4eb31b42",
    "orbit" : "11",
    "orbitC" : "[[7,-4,15],[1,0,3]]",
    "length" : "[\"1\",\"1\",\"1\"]",
    "name" : "long",
    "vertices" : [ {
      "x" : 9.223914,
      "y" : -10.847717,
      "z" : -10.58105
    }, {
      "x" : 9.623915,
      "y" : -10.747717,
      "z" : -10.4810505
    }, {
      "x" : 0.6301875,
      "y" : -0.24245311,
      "z" : -0.5091198
    }, {
      "x" : 0.23018752,
      "y" : -0.34245312,
      "z" : -0.6091198
    }, {
      "x" : 9.757248,
      "y" : -10.514383,
      "z" : -10.78105
    }, {
      "x" : 9.357247,
      "y" : -10.614384,
      "z" : -10.88105
    }, {
      "x" : 0.09685419,
      "y" : -0.5757865,
      "z" : -0.3091198
    }, {
      "x" : 0.4968542,
      "y" : -0.47578645,
      "z" : -0.20911978
    } ],
    "faces" : [ {
      "vertices" : [ 2, 3, 6, 7 ]
    }, {
      "vertices" : [ 0, 5, 4, 1 ]
    }, {
      "vertices" : [ 2, 4, 5, 3 ]
    }, {
      "vertices" : [ 0, 6, 3, 5 ]
    }, {
      "vertices" : [ 0, 1, 7, 6 ]
    }, {
      "vertices" : [ 1, 4, 2, 7 ]
    } ]
  } ],
  "instances" : [ {
    "shape" : "4526d0a0-6948-4b64-bfed-cddac3ddc08f",
    "color" : "#FFB31A",
    "position" : {
      "x" : -8.472136,
      "y" : -16.944271,
      "z" : 8.472136
    },
    "orientation" : 24
  }, {
    "shape" : "4526d0a0-6948-4b64-bfed-cddac3ddc08f",
    "color" : "#FFB31A",
    "position" : {
      "x" : 4.236068,
      "y" : 4.236068,
      "z" : -12.708204
    },
    "orientation" : 3
  }, {
    "shape" : "d99aa322-cd14-43d4-b1e6-85572531b4a8",
    "color" : "#9999FF",
    "position" : {
      "x" : 0.0,
      "y" : 8.472136,
      "z" : -8.472136
    },
    "orientation" : 37
  }, {
    "shape" : "4526d0a0-6948-4b64-bfed-cddac3ddc08f",
    "color" : "#FFB31A",
    "position" : {
      "x" : -21.18034,
      "y" : -4.236068,
      "z" : -4.236068
    },
    "orientation" : 5
  }, {
    "shape" : "60523a82-3392-472b-8cf1-8deaaa3d38d9",
    "color" : "#F2F2F2",
    "position" : {
      "x" : 12.708204,
      "y" : 12.708204,
      "z" : 4.236068
    }
  }, {
    "shape" : "4526d0a0-6948-4b64-bfed-cddac3ddc08f",
    "color" : "#FFB31A",
    "position" : {
      "x" : 8.472136,
      "y" : -16.944271,
      "z" : 8.472136
    },
    "orientation" : 19
  }, {
    "shape" : "60523a82-3392-472b-8cf1-8deaaa3d38d9",
    "color" : "#F2F2F2",
    "position" : {
      "x" : 0.0,
      "y" : 8.472136,
      "z" : 16.944271
    }
  }, {
    "shape" : "4526d0a0-6948-4b64-bfed-cddac3ddc08f",
    "color" : "#FFB31A",
    "position" : {
      "x" : -4.236068,
      "y" : -12.708204,
      "z" : 4.236068
    },
    "orientation" : 19
  }, {
    "shape" : "4526d0a0-6948-4b64-bfed-cddac3ddc08f",
    "color" : "#FFB31A",
    "position" : {
      "x" : -4.236068,
      "y" : -12.708204,
      "z" : -4.236068
    },
    "orientation" : 3
  }, {
    "shape" : "60523a82-3392-472b-8cf1-8deaaa3d38d9",
    "color" : "#F2F2F2",
    "position" : {
      "x" : 4.236068,
      "y" : 4.236068,
      "z" : 21.18034
    }
  }, {
    "shape" : "4526d0a0-6948-4b64-bfed-cddac3ddc08f",
    "color" : "#FFB31A",
    "position" : {
      "x" : -4.236068,
      "y" : -12.708204,
      "z" : -4.236068
    },
    "orientation" : 4
  }, {
    "shape" : "60523a82-3392-472b-8cf1-8deaaa3d38d9",
    "color" : "#F2F2F2",
    "position" : {
      "x" : 4.236068,
      "y" : -21.18034,
      "z" : -4.236068
    }
  }, {
    "shape" : "4526d0a0-6948-4b64-bfed-cddac3ddc08f",
    "color" : "#FFB31A",
    "position" : {
      "x" : -12.708204,
      "y" : 12.708204,
      "z" : 4.236068
    },
    "orientation" : 39
  }, {
    "shape" : "60523a82-3392-472b-8cf1-8deaaa3d38d9",
    "color" : "#F2F2F2",
    "position" : {
      "x" : 21.18034,
      "y" : 4.236068,
      "z" : 4.236068
    }
  }, {
    "shape" : "4526d0a0-6948-4b64-bfed-cddac3ddc08f",
    "color" : "#FFB31A",
    "position" : {
      "x" : -12.708204,
      "y" : 12.708204,
      "z" : -12.708204
    },
    "orientation" : 24
  }, {
    "shape" : "4526d0a0-6948-4b64-bfed-cddac3ddc08f",
    "color" : "#FFB31A",
    "position" : {
      "x" : 0.0,
      "y" : 0.0,
      "z" : -16.944271
    },
    "orientation" : 19
  }, {
    "shape" : "4526d0a0-6948-4b64-bfed-cddac3ddc08f",
    "color" : "#FFB31A",
    "position" : {
      "x" : 0.0,
      "y" : -8.472136,
      "z" : 16.944271
    },
    "orientation" : 4
  }, {
    "shape" : "60523a82-3392-472b-8cf1-8deaaa3d38d9",
    "color" : "#F2F2F2",
    "position" : {
      "x" : 8.472136,
      "y" : -16.944271,
      "z" : -8.472136
    }
  }, {
    "shape" : "4526d0a0-6948-4b64-bfed-cddac3ddc08f",
    "color" : "#FFB31A",
    "position" : {
      "x" : 12.708204,
      "y" : -4.236068,
      "z" : -4.236068
    },
    "orientation" : 19
  }, {
    "shape" : "4526d0a0-6948-4b64-bfed-cddac3ddc08f",
    "color" : "#FFB31A",
    "position" : {
      "x" : 4.236068,
      "y" : 4.236068,
      "z" : -12.708204
    },
    "orientation" : 4
  }, {
    "shape" : "4526d0a0-6948-4b64-bfed-cddac3ddc08f",
    "color" : "#FFB31A",
    "position" : {
      "x" : -8.472136,
      "y" : 16.944271,
      "z" : -8.472136
    },
    "orientation" : 9
  }, {
    "shape" : "4526d0a0-6948-4b64-bfed-cddac3ddc08f",
    "color" : "#FFB31A",
    "position" : {
      "x" : 8.472136,
      "y" : -8.472136,
      "z" : -8.472136
    },
    "orientation" : 3
  }, {
    "shape" : "5a0e7983-2a5b-4fd1-8fe8-714b9e8595c3",
    "color" : "#9999FF",
    "position" : {
      "x" : -8.472136,
      "y" : -8.472136,
      "z" : 0.0
    },
    "orientation" : 36
  }, {
    "shape" : "d99aa322-cd14-43d4-b1e6-85572531b4a8",
    "color" : "#9999FF",
    "position" : {
      "x" : 0.0,
      "y" : 8.472136,
      "z" : 8.472136
    },
    "orientation" : 22
  }, {
    "shape" : "d99aa322-cd14-43d4-b1e6-85572531b4a8",
    "color" : "#9999FF",
    "position" : {
      "x" : -8.472136,
      "y" : -8.472136,
      "z" : 0.0
    },
    "orientation" : 6
  }, {
    "shape" : "60523a82-3392-472b-8cf1-8deaaa3d38d9",
    "color" : "#F2F2F2",
    "position" : {
      "x" : -4.236068,
      "y" : -21.18034,
      "z" : 4.236068
    }
  }, {
    "shape" : "4526d0a0-6948-4b64-bfed-cddac3ddc08f",
    "color" : "#FFB31A",
    "position" : {
      "x" : -4.236068,
      "y" : -12.708204,
      "z" : 4.236068
    },
    "orientation" : 4
  }, {
    "shape" : "4526d0a0-6948-4b64-bfed-cddac3ddc08f",
    "color" : "#FFB31A",
    "position" : {
      "x" : -4.236068,
      "y" : -12.708204,
      "z" : -4.236068
    },
    "orientation" : 5
  }, {
    "shape" : "4526d0a0-6948-4b64-bfed-cddac3ddc08f",
    "color" : "#FFB31A",
    "position" : {
      "x" : 0.0,
      "y" : 8.472136,
      "z" : 16.944271
    },
    "orientation" : 39
  }, {
    "shape" : "4526d0a0-6948-4b64-bfed-cddac3ddc08f",
    "color" : "#FFB31A",
    "position" : {
      "x" : 16.944271,
      "y" : 0.0,
      "z" : -8.472136
    },
    "orientation" : 9
  }, {
    "shape" : "4526d0a0-6948-4b64-bfed-cddac3ddc08f",
    "color" : "#FFB31A",
    "position" : {
      "x" : 12.708204,
      "y" : -12.708204,
      "z" : 12.708204
    },
    "orientation" : 3
  }, {
    "shape" : "4526d0a0-6948-4b64-bfed-cddac3ddc08f",
    "color" : "#FFB31A",
    "position" : {
      "x" : 8.472136,
      "y" : 8.472136,
      "z" : 16.944271
    },
    "orientation" : 54
  }, {
    "shape" : "4526d0a0-6948-4b64-bfed-cddac3ddc08f",
    "color" : "#FFB31A",
    "position" : {
      "x" : -12.708204,
      "y" : -4.236068,
      "z" : 4.236068
    },
    "orientation" : 4
  }, {
    "shape" : "4526d0a0-6948-4b64-bfed-cddac3ddc08f",
    "color" : "#FFB31A",
    "position" : {
      "x" : 8.472136,
      "y" : 8.472136,
      "z" : 8.472136
    },
    "orientation" : 4
  }, {
    "shape" : "4526d0a0-6948-4b64-bfed-cddac3ddc08f",
    "color" : "#FFB31A",
    "position" : {
      "x" : 8.472136,
      "y" : 0.0,
      "z" : 8.472136
    },
    "orientation" : 5
  }, {
    "shape" : "4526d0a0-6948-4b64-bfed-cddac3ddc08f",
    "color" : "#FFB31A",
    "position" : {
      "x" : -12.708204,
      "y" : -4.236068,
      "z" : 4.236068
    },
    "orientation" : 54
  }, {
    "shape" : "4526d0a0-6948-4b64-bfed-cddac3ddc08f",
    "color" : "#FFB31A",
    "position" : {
      "x" : 16.944271,
      "y" : -8.472136,
      "z" : -8.472136
    },
    "orientation" : 9
  }, {
    "shape" : "4526d0a0-6948-4b64-bfed-cddac3ddc08f",
    "color" : "#FFB31A",
    "position" : {
      "x" : -4.236068,
      "y" : -4.236068,
      "z" : 12.708204
    },
    "orientation" : 24
  }, {
    "shape" : "4526d0a0-6948-4b64-bfed-cddac3ddc08f",
    "color" : "#FFB31A",
    "position" : {
      "x" : -12.708204,
      "y" : -4.236068,
      "z" : 4.236068
    },
    "orientation" : 5
  }, {
    "shape" : "4526d0a0-6948-4b64-bfed-cddac3ddc08f",
    "color" : "#FFB31A",
    "position" : {
      "x" : 12.708204,
      "y" : -4.236068,
      "z" : 4.236068
    },
    "orientation" : 39
  }, {
    "shape" : "c9d49a1d-76b6-4e68-9719-b5a266e44e02",
    "color" : "#9999FF",
    "position" : {
      "x" : 8.472136,
      "y" : 0.0,
      "z" : -8.472136
    },
    "orientation" : 23
  }, {
    "shape" : "60523a82-3392-472b-8cf1-8deaaa3d38d9",
    "color" : "#F2F2F2",
    "position" : {
      "x" : 4.236068,
      "y" : -12.708204,
      "z" : 12.708204
    }
  }, {
    "shape" : "4526d0a0-6948-4b64-bfed-cddac3ddc08f",
    "color" : "#FFB31A",
    "position" : {
      "x" : 12.708204,
      "y" : 12.708204,
      "z" : 4.236068
    },
    "orientation" : 5
  }, {
    "shape" : "60523a82-3392-472b-8cf1-8deaaa3d38d9",
    "color" : "#F2F2F2",
    "position" : {
      "x" : -12.708204,
      "y" : 4.236068,
      "z" : -12.708204
    }
  }, {
    "shape" : "60523a82-3392-472b-8cf1-8deaaa3d38d9",
    "color" : "#F2F2F2",
    "position" : {
      "x" : 4.236068,
      "y" : 12.708204,
      "z" : 4.236068
    }
  }, {
    "shape" : "60523a82-3392-472b-8cf1-8deaaa3d38d9",
    "color" : "#F2F2F2",
    "position" : {
      "x" : 16.944271,
      "y" : -8.472136,
      "z" : 0.0
    }
  }, {
    "shape" : "4526d0a0-6948-4b64-bfed-cddac3ddc08f",
    "color" : "#FFB31A",
    "position" : {
      "x" : -4.236068,
      "y" : 4.236068,
      "z" : -12.708204
    },
    "orientation" : 19
  }, {
    "shape" : "4526d0a0-6948-4b64-bfed-cddac3ddc08f",
    "color" : "#FFB31A",
    "position" : {
      "x" : -12.708204,
      "y" : 4.236068,
      "z" : 4.236068
    },
    "orientation" : 4
  }, {
    "shape" : "5a0e7983-2a5b-4fd1-8fe8-714b9e8595c3",
    "color" : "#9999FF",
    "position" : {
      "x" : 0.0,
      "y" : -8.472136,
      "z" : 8.472136
    },
    "orientation" : 37
  }, {
    "shape" : "4526d0a0-6948-4b64-bfed-cddac3ddc08f",
    "color" : "#FFB31A",
    "position" : {
      "x" : 8.472136,
      "y" : -8.472136,
      "z" : 16.944271
    },
    "orientation" : 4
  }, {
    "shape" : "60523a82-3392-472b-8cf1-8deaaa3d38d9",
    "color" : "#F2F2F2",
    "position" : {
      "x" : -16.944271,
      "y" : 8.472136,
      "z" : -8.472136
    }
  }, {
    "shape" : "4526d0a0-6948-4b64-bfed-cddac3ddc08f",
    "color" : "#FFB31A",
    "position" : {
      "x" : 0.0,
      "y" : 0.0,
      "z" : 16.944271
    },
    "orientation" : 4
  }, {
    "shape" : "4526d0a0-6948-4b64-bfed-cddac3ddc08f",
    "color" : "#FFB31A",
    "position" : {
      "x" : -8.472136,
      "y" : 0.0,
      "z" : -8.472136
    },
    "orientation" : 19
  }, {
    "shape" : "4526d0a0-6948-4b64-bfed-cddac3ddc08f",
    "color" : "#FFB31A",
    "position" : {
      "x" : 4.236068,
      "y" : -12.708204,
      "z" : 4.236068
    },
    "orientation" : 9
  }, {
    "shape" : "4526d0a0-6948-4b64-bfed-cddac3ddc08f",
    "color" : "#FFB31A",
    "position" : {
      "x" : 16.944271,
      "y" : -8.472136,
      "z" : 0.0
    },
    "orientation" : 3
  }, {
    "shape" : "4526d0a0-6948-4b64-bfed-cddac3ddc08f",
    "color" : "#FFB31A",
    "position" : {
      "x" : -12.708204,
      "y" : 12.708204,
      "z" : 12.708204
    },
    "orientation" : 19
  }, {
    "shape" : "4526d0a0-6948-4b64-bfed-cddac3ddc08f",
    "color" : "#FFB31A",
    "position" : {
      "x" : -4.236068,
      "y" : 12.708204,
      "z" : -4.236068
    },
    "orientation" : 19
  }, {
    "shape" : "4526d0a0-6948-4b64-bfed-cddac3ddc08f",
    "color" : "#FFB31A",
    "position" : {
      "x" : -16.944271,
      "y" : -8.472136,
      "z" : 8.472136
    },
    "orientation" : 9
  }, {
    "shape" : "60523a82-3392-472b-8cf1-8deaaa3d38d9",
    "color" : "#F2F2F2",
    "position" : {
      "x" : 4.236068,
      "y" : -4.236068,
      "z" : -12.708204
    }
  }, {
    "shape" : "4526d0a0-6948-4b64-bfed-cddac3ddc08f",
    "color" : "#FFB31A",
    "position" : {
      "x" : -4.236068,
      "y" : -4.236068,
      "z" : -12.708204
    },
    "orientation" : 19
  }, {
    "shape" : "4526d0a0-6948-4b64-bfed-cddac3ddc08f",
    "color" : "#FFB31A",
    "position" : {
      "x" : 8.472136,
      "y" : 16.944271,
      "z" : -8.472136
    },
    "orientation" : 5
  }, {
    "shape" : "4526d0a0-6948-4b64-bfed-cddac3ddc08f",
    "color" : "#FFB31A",
    "position" : {
      "x" : -16.944271,
      "y" : 0.0,
      "z" : 8.472136
    },
    "orientation" : 19
  }, {
    "shape" : "60523a82-3392-472b-8cf1-8deaaa3d38d9",
    "color" : "#F2F2F2",
    "position" : {
      "x" : 12.708204,
      "y" : -4.236068,
      "z" : 12.708204
    }
  }, {
    "shape" : "4526d0a0-6948-4b64-bfed-cddac3ddc08f",
    "color" : "#FFB31A",
    "position" : {
      "x" : 8.472136,
      "y" : 8.472136,
      "z" : 0.0
    },
    "orientation" : 3
  }, {
    "shape" : "60523a82-3392-472b-8cf1-8deaaa3d38d9",
    "color" : "#F2F2F2",
    "position" : {
      "x" : 12.708204,
      "y" : 12.708204,
      "z" : -4.236068
    }
  }, {
    "shape" : "4526d0a0-6948-4b64-bfed-cddac3ddc08f",
    "color" : "#FFB31A",
    "position" : {
      "x" : -16.944271,
      "y" : 0.0,
      "z" : 8.472136
    },
    "orientation" : 54
  }, {
    "shape" : "60523a82-3392-472b-8cf1-8deaaa3d38d9",
    "color" : "#F2F2F2",
    "position" : {
      "x" : 0.0,
      "y" : 16.944271,
      "z" : 0.0
    }
  }, {
    "shape" : "d99aa322-cd14-43d4-b1e6-85572531b4a8",
    "color" : "#9999FF",
    "position" : {
      "x" : 0.0,
      "y" : -8.472136,
      "z" : -8.472136
    },
    "orientation" : 7
  }, {
    "shape" : "4526d0a0-6948-4b64-bfed-cddac3ddc08f",
    "color" : "#FFB31A",
    "position" : {
      "x" : 4.236068,
      "y" : -12.708204,
      "z" : 4.236068
    },
    "orientation" : 5
  }, {
    "shape" : "4526d0a0-6948-4b64-bfed-cddac3ddc08f",
    "color" : "#FFB31A",
    "position" : {
      "x" : 12.708204,
      "y" : -4.236068,
      "z" : -4.236068
    },
    "orientation" : 9
  }, {
    "shape" : "60523a82-3392-472b-8cf1-8deaaa3d38d9",
    "color" : "#F2F2F2",
    "position" : {
      "x" : 0.0,
      "y" : -8.472136,
      "z" : 16.944271
    }
  }, {
    "shape" : "d99aa322-cd14-43d4-b1e6-85572531b4a8",
    "color" : "#7FCC9F",
    "position" : {
      "x" : 8.472136,
      "y" : 8.472136,
      "z" : 8.472136
    },
    "orientation" : 6
  }, {
    "shape" : "4526d0a0-6948-4b64-bfed-cddac3ddc08f",
    "color" : "#FFB31A",
    "position" : {
      "x" : 12.708204,
      "y" : 12.708204,
      "z" : -12.708204
    },
    "orientation" : 19
  }, {
    "shape" : "60523a82-3392-472b-8cf1-8deaaa3d38d9",
    "color" : "#F2F2F2",
    "position" : {
      "x" : -8.472136,
      "y" : 8.472136,
      "z" : -16.944271
    }
  }, {
    "shape" : "60523a82-3392-472b-8cf1-8deaaa3d38d9",
    "color" : "#F2F2F2",
    "position" : {
      "x" : -21.18034,
      "y" : 4.236068,
      "z" : 4.236068
    }
  }, {
    "shape" : "60523a82-3392-472b-8cf1-8deaaa3d38d9",
    "color" : "#F2F2F2",
    "position" : {
      "x" : 4.236068,
      "y" : 4.236068,
      "z" : 12.708204
    }
  }, {
    "shape" : "4526d0a0-6948-4b64-bfed-cddac3ddc08f",
    "color" : "#FFB31A",
    "position" : {
      "x" : -8.472136,
      "y" : 8.472136,
      "z" : 0.0
    },
    "orientation" : 19
  }, {
    "shape" : "4526d0a0-6948-4b64-bfed-cddac3ddc08f",
    "color" : "#FFB31A",
    "position" : {
      "x" : -4.236068,
      "y" : 4.236068,
      "z" : 12.708204
    },
    "orientation" : 5
  }, {
    "shape" : "c9d49a1d-76b6-4e68-9719-b5a266e44e02",
    "color" : "#9999FF",
    "position" : {
      "x" : 8.472136,
      "y" : 8.472136,
      "z" : 0.0
    },
    "orientation" : 6
  }, {
    "shape" : "4526d0a0-6948-4b64-bfed-cddac3ddc08f",
    "color" : "#FFB31A",
    "position" : {
      "x" : 12.708204,
      "y" : 12.708204,
      "z" : 12.708204
    },
    "orientation" : 24
  }, {
    "shape" : "4526d0a0-6948-4b64-bfed-cddac3ddc08f",
    "color" : "#FFB31A",
    "position" : {
      "x" : 8.472136,
      "y" : -8.472136,
      "z" : 8.472136
    },
    "orientation" : 5
  }, {
    "shape" : "4526d0a0-6948-4b64-bfed-cddac3ddc08f",
    "color" : "#FFB31A",
    "position" : {
      "x" : -8.472136,
      "y" : -8.472136,
      "z" : 0.0
    },
    "orientation" : 4
  }, {
    "shape" : "60523a82-3392-472b-8cf1-8deaaa3d38d9",
    "color" : "#F2F2F2",
    "position" : {
      "x" : 4.236068,
      "y" : -12.708204,
      "z" : -4.236068
    }
  }, {
    "shape" : "4526d0a0-6948-4b64-bfed-cddac3ddc08f",
    "color" : "#FFB31A",
    "position" : {
      "x" : 12.708204,
      "y" : -12.708204,
      "z" : -4.236068
    },
    "orientation" : 3
  }, {
    "shape" : "60523a82-3392-472b-8cf1-8deaaa3d38d9",
    "color" : "#F2F2F2",
    "position" : {
      "x" : -4.236068,
      "y" : -4.236068,
      "z" : 12.708204
    }
  }, {
    "shape" : "4526d0a0-6948-4b64-bfed-cddac3ddc08f",
    "color" : "#FFB31A",
    "position" : {
