{
  "field" : "golden",
  "symmetry" : "icosahedral",
  "orientations" : [ [ 1.0, 0.0, 0.0, 0.0, 0.0, 1.0, 0.0, 0.0, 0.0, 0.0, 1.0, 0.0, 0.0, 0.0, 0.0, 1.0 ], [ 0.0, 0.0, 1.0, 0.0, 1.0, 0.0, 0.0, 0.0, 0.0, 1.0, 0.0, 0.0, 0.0, 0.0, 0.0, 1.0 ], [ 0.0, 1.0, 0.0, 0.0, 0.0, 0.0, 1.0, 0.0, 1.0, 0.0, 0.0, 0.0, 0.0, 0.0, 0.0, 1.0 ], [ 0.809017, 0.309017, 0.5, 0.0, 0.309017, 0.5, -0.809017, 0.0, -0.5, 0.809017, 0.309017, 0.0, 0.0, 0.0, 0.0, 1.0 ], [ -0.5, 0.809017, 0.309017, 0.0, 0.809017, 0.309017, 0.5, 0.0, 0.309017, 0.5, -0.809017, 0.0, 0.0, 0.0, 0.0, 1.0 ], [ 0.309017, 0.5, -0.809017, 0.0, -0.5, 0.809017, 0.309017, 0.0, 0.809017, 0.309017, 0.5, 0.0, 0.0, 0.0, 0.0, 1.0 ], [ 0.5, 0.809017, 0.309017, 0.0, 0.809017, -0.309017, -0.5, 0.0, -0.309017, 0.5, -0.809017, 0.0, 0.0, 0.0, 0.0, 1.0 ], [ -0.309017, 0.5, -0.809017, 0.0, 0.5, 0.809017, 0.309017, 0.0, 0.809017, -0.309017, -0.5, 0.0, 0.0, 0.0, 0.0, 1.0 ], [ 0.809017, -0.309017, -0.5, 0.0, -0.309017, 0.5, -0.809017, 0.0, 0.5, 0.809017, 0.309017, 0.0, 0.0, 0.0, 0.0, 1.0 ], [ 0.5, 0.809017, -0.309017, 0.0, 0.809017, -0.309017, 0.5, 0.0, 0.309017, -0.5, -0.809017, 0.0, 0.0, 0.0, 0.0, 1.0 ], [ 0.309017, -0.5, -0.809017, 0.0, 0.5, 0.809017, -0.309017, 0.0, 0.809017, -0.309017, 0.5, 0.0, 0.0, 0.0, 0.0, 1.0 ], [ 0.809017, -0.309017, 0.5, 0.0, 0.309017, -0.5, -0.809017, 0.0, 0.5, 0.809017, -0.309017, 0.0, 0.0, 0.0, 0.0, 1.0 ], [ 0.809017, 0.309017, -0.5, 0.0, 0.309017, 0.5, 0.809017, 0.0, 0.5, -0.809017, 0.309017, 0.0, 0.0, 0.0, 0.0, 1.0 ], [ 0.5, -0.809017, 0.309017, 0.0, 0.809017, 0.309017, -0.5, 0.0, 0.309017, 0.5, 0.809017, 0.0, 0.0, 0.0, 0.0, 1.0 ], [ 0.309017, 0.5, 0.809017, 0.0, 0.5, -0.809017, 0.309017, 0.0, 0.809017, 0.309017, -0.5, 0.0, 0.0, 0.0, 0.0, 1.0 ], [ 1.0, 0.0, 0.0, 0.0, 0.0, -1.0, 0.0, 0.0, 0.0, 0.0, -1.0, 0.0, 0.0, 0.0, 0.0, 1.0 ], [ 0.0, 0.0, 1.0, 0.0, -1.0, 0.0, 0.0, 0.0, 0.0, -1.0, 0.0, 0.0, 0.0, 0.0, 0.0, 1.0 ], [ 0.0, 1.0, 0.0, 0.0, 0.0, 0.0, -1.0, 0.0, -1.0, 0.0, 0.0, 0.0, 0.0, 0.0, 0.0, 1.0 ], [ 0.809017, 0.309017, 0.5, 0.0, -0.309017, -0.5, 0.809017, 0.0, 0.5, -0.809017, -0.309017, 0.0, 0.0, 0.0, 0.0, 1.0 ], [ -0.5, 0.809017, 0.309017, 0.0, -0.809017, -0.309017, -0.5, 0.0, -0.309017, -0.5, 0.809017, 0.0, 0.0, 0.0, 0.0, 1.0 ], [ 0.309017, 0.5, -0.809017, 0.0, 0.5, -0.809017, -0.309017, 0.0, -0.809017, -0.309017, -0.5, 0.0, 0.0, 0.0, 0.0, 1.0 ], [ 0.5, 0.809017, 0.309017, 0.0, -0.809017, 0.309017, 0.5, 0.0, 0.309017, -0.5, 0.809017, 0.0, 0.0, 0.0, 0.0, 1.0 ], [ -0.309017, 0.5, -0.809017, 0.0, -0.5, -0.809017, -0.309017, 0.0, -0.809017, 0.309017, 0.5, 0.0, 0.0, 0.0, 0.0, 1.0 ], [ 0.809017, -0.309017, -0.5, 0.0, 0.309017, -0.5, 0.809017, 0.0, -0.5, -0.809017, -0.309017, 0.0, 0.0, 0.0, 0.0, 1.0 ], [ 0.5, 0.809017, -0.309017, 0.0, -0.809017, 0.309017, -0.5, 0.0, -0.309017, 0.5, 0.809017, 0.0, 0.0, 0.0, 0.0, 1.0 ], [ 0.309017, -0.5, -0.809017, 0.0, -0.5, -0.809017, 0.309017, 0.0, -0.809017, 0.309017, -0.5, 0.0, 0.0, 0.0, 0.0, 1.0 ], [ 0.809017, -0.309017, 0.5, 0.0, -0.309017, 0.5, 0.809017, 0.0, -0.5, -0.809017, 0.309017, 0.0, 0.0, 0.0, 0.0, 1.0 ], [ 0.809017, 0.309017, -0.5, 0.0, -0.309017, -0.5, -0.809017, 0.0, -0.5, 0.809017, -0.309017, 0.0, 0.0, 0.0, 0.0, 1.0 ], [ 0.5, -0.809017, 0.309017, 0.0, -0.809017, -0.309017, 0.5, 0.0, -0.309017, -0.5, -0.809017, 0.0, 0.0, 0.0, 0.0, 1.0 ], [ 0.309017, 0.5, 0.809017, 0.0, -0.5, 0.809017, -0.309017, 0.0, -0.809017, -0.309017, 0.5, 0.0, 0.0, 0.0, 0.0, 1.0 ], [ -1.0, 0.0, 0.0, 0.0, 0.0, -1.0, 0.0, 0.0, 0.0, 0.0, 1.0, 0.0, 0.0, 0.0, 0.0, 1.0 ], [ 0.0, 0.0, -1.0, 0.0, -1.0, 0.0, 0.0, 0.0, 0.0, 1.0, 0.0, 0.0, 0.0, 0.0, 0.0, 1.0 ], [ 0.0, -1.0, 0.0, 0.0, 0.0, 0.0, -1.0, 0.0, 1.0, 0.0, 0.0, 0.0, 0.0, 0.0, 0.0, 1.0 ], [ -0.809017, -0.309017, -0.5, 0.0, -0.309017, -0.5, 0.809017, 0.0, -0.5, 0.809017, 0.309017, 0.0, 0.0, 0.0, 0.0, 1.0 ], [ 0.5, -0.809017, -0.309017, 0.0, -0.809017, -0.309017, -0.5, 0.0, 0.309017, 0.5, -0.809017, 0.0, 0.0, 0.0, 0.0, 1.0 ], [ -0.309017, -0.5, 0.809017, 0.0, 0.5, -0.809017, -0.309017, 0.0, 0.809017, 0.309017, 0.5, 0.0, 0.0, 0.0, 0.0, 1.0 ], [ -0.5, -0.809017, -0.309017, 0.0, -0.809017, 0.309017, 0.5, 0.0, -0.309017, 0.5, -0.809017, 0.0, 0.0, 0.0, 0.0, 1.0 ], [ 0.309017, -0.5, 0.809017, 0.0, -0.5, -0.809017, -0.309017, 0.0, 0.809017, -0.309017, -0.5, 0.0, 0.0, 0.0, 0.0, 1.0 ], [ -0.809017, 0.309017, 0.5, 0.0, 0.309017, -0.5, 0.809017, 0.0, 0.5, 0.809017, 0.309017, 0.0, 0.0, 0.0, 0.0, 1.0 ], [ -0.5, -0.809017, 0.309017, 0.0, -0.809017, 0.309017, -0.5, 0.0, 0.309017, -0.5, -0.809017, 0.0, 0.0, 0.0, 0.0, 1.0 ], [ -0.309017, 0.5, 0.809017, 0.0, -0.5, -0.809017, 0.309017, 0.0, 0.809017, -0.309017, 0.5, 0.0, 0.0, 0.0, 0.0, 1.0 ], [ -0.809017, 0.309017, -0.5, 0.0, -0.309017, 0.5, 0.809017, 0.0, 0.5, 0.809017, -0.309017, 0.0, 0.0, 0.0, 0.0, 1.0 ], [ -0.809017, -0.309017, 0.5, 0.0, -0.309017, -0.5, -0.809017, 0.0, 0.5, -0.809017, 0.309017, 0.0, 0.0, 0.0, 0.0, 1.0 ], [ -0.5, 0.809017, -0.309017, 0.0, -0.809017, -0.309017, 0.5, 0.0, 0.309017, 0.5, 0.809017, 0.0, 0.0, 0.0, 0.0, 1.0 ], [ -0.309017, -0.5, -0.809017, 0.0, -0.5, 0.809017, -0.309017, 0.0, 0.809017, 0.309017, -0.5, 0.0, 0.0, 0.0, 0.0, 1.0 ], [ -1.0, 0.0, 0.0, 0.0, 0.0, 1.0, 0.0, 0.0, 0.0, 0.0, -1.0, 0.0, 0.0, 0.0, 0.0, 1.0 ], [ 0.0, 0.0, -1.0, 0.0, 1.0, 0.0, 0.0, 0.0, 0.0, -1.0, 0.0, 0.0, 0.0, 0.0, 0.0, 1.0 ], [ 0.0, -1.0, 0.0, 0.0, 0.0, 0.0, 1.0, 0.0, -1.0, 0.0, 0.0, 0.0, 0.0, 0.0, 0.0, 1.0 ], [ -0.809017, -0.309017, -0.5, 0.0, 0.309017, 0.5, -0.809017, 0.0, 0.5, -0.809017, -0.309017, 0.0, 0.0, 0.0, 0.0, 1.0 ], [ 0.5, -0.809017, -0.309017, 0.0, 0.809017, 0.309017, 0.5, 0.0, -0.309017, -0.5, 0.809017, 0.0, 0.0, 0.0, 0.0, 1.0 ], [ -0.309017, -0.5, 0.809017, 0.0, -0.5, 0.809017, 0.309017, 0.0, -0.809017, -0.309017, -0.5, 0.0, 0.0, 0.0, 0.0, 1.0 ], [ -0.5, -0.809017, -0.309017, 0.0, 0.809017, -0.309017, -0.5, 0.0, 0.309017, -0.5, 0.809017, 0.0, 0.0, 0.0, 0.0, 1.0 ], [ 0.309017, -0.5, 0.809017, 0.0, 0.5, 0.809017, 0.309017, 0.0, -0.809017, 0.309017, 0.5, 0.0, 0.0, 0.0, 0.0, 1.0 ], [ -0.809017, 0.309017, 0.5, 0.0, -0.309017, 0.5, -0.809017, 0.0, -0.5, -0.809017, -0.309017, 0.0, 0.0, 0.0, 0.0, 1.0 ], [ -0.5, -0.809017, 0.309017, 0.0, 0.809017, -0.309017, 0.5, 0.0, -0.309017, 0.5, 0.809017, 0.0, 0.0, 0.0, 0.0, 1.0 ], [ -0.309017, 0.5, 0.809017, 0.0, 0.5, 0.809017, -0.309017, 0.0, -0.809017, 0.309017, -0.5, 0.0, 0.0, 0.0, 0.0, 1.0 ], [ -0.809017, 0.309017, -0.5, 0.0, 0.309017, -0.5, -0.809017, 0.0, -0.5, -0.809017, 0.309017, 0.0, 0.0, 0.0, 0.0, 1.0 ], [ -0.809017, -0.309017, 0.5, 0.0, 0.309017, 0.5, 0.809017, 0.0, -0.5, 0.809017, -0.309017, 0.0, 0.0, 0.0, 0.0, 1.0 ], [ -0.5, 0.809017, -0.309017, 0.0, 0.809017, 0.309017, -0.5, 0.0, -0.309017, -0.5, -0.809017, 0.0, 0.0, 0.0, 0.0, 1.0 ], [ -0.309017, -0.5, -0.809017, 0.0, 0.5, -0.809017, 0.309017, 0.0, -0.809017, -0.309017, 0.5, 0.0, 0.0, 0.0, 0.0, 1.0 ] ],
  "lights" : {
    "ambientColor" : "#292929",
    "backgroundColor" : "#E0EFFF",
    "directionalLights" : [ {
      "direction" : {
        "x" : 1.0,
        "y" : -1.0,
        "z" : -1.0
      },
      "color" : "#EBEBE4"
    }, {
      "direction" : {
        "x" : -1.0,
        "y" : 0.0,
        "z" : 0.0
      },
      "color" : "#E4E4EB"
    }, {
      "direction" : {
        "x" : 0.0,
        "y" : 0.0,
        "z" : -1.0
      },
      "color" : "#1E1E1E"
    } ]
  },
  "camera" : {
    "width" : 156.08069,
    "stereo" : false,
    "lookDirection" : {
      "x" : 0.012220643,
      "y" : 0.036633685,
      "z" : -0.99925363
    },
    "upDirection" : {
      "x" : -4.4557964E-8,
      "y" : 0.9993289,
      "z" : 0.036636412
    },
    "lookAtPoint" : {
      "x" : 0.0,
      "y" : 0.0,
      "z" : 0.0
    },
    "viewDistance" : 346.84546,
    "nearClipDistance" : 0.86711675,
    "farClipDistance" : 693.69226,
    "fieldOfView" : 0.44262952,
    "perspective" : true,
    "position" : {
      "x" : -4.2386746,
      "y" : -12.706227,
      "z" : 346.58658
    }
  },
  "embedding" : [ 1.0, 0.0, 0.0, 0.0, 0.0, 1.0, 0.0, 0.0, 0.0, 0.0, 1.0, 0.0, 0.0, 0.0, 0.0, 1.0 ],
  "shapes" : [ {
    "id" : "0d5d8773-3811-4130-85af-17617c49e977",
    "vertices" : [ {
      "x" : 25.76678,
      "y" : -25.76678,
      "z" : 25.76678
    }, {
      "x" : 17.562305,
      "y" : -22.798374,
      "z" : 22.798374
    }, {
      "x" : -22.798374,
      "y" : -22.798374,
      "z" : -17.562305
    }, {
      "x" : -25.76678,
      "y" : -25.76678,
      "z" : -25.76678
    } ],
    "faces" : [ {
      "vertices" : [ 0, 1, 2 ]
    }, {
      "vertices" : [ 0, 2, 3 ]
    }, {
      "vertices" : [ 0, 3, 2 ]
    }, {
      "vertices" : [ 0, 2, 1 ]
    } ]
  }, {
    "id" : "d52bee46-e31e-4782-84de-45d2dfea527e",
    "vertices" : [ {
      "x" : -20.456734,
      "y" : 20.456734,
      "z" : -20.456734
    }, {
      "x" : -20.963797,
      "y" : 16.160814,
      "z" : -20.963797
    }, {
      "x" : 16.160814,
      "y" : -20.963797,
      "z" : -20.963797
    }, {
      "x" : 20.456734,
      "y" : -20.456734,
      "z" : -20.456734
    } ],
    "faces" : [ {
      "vertices" : [ 0, 1, 2 ]
    }, {
      "vertices" : [ 0, 2, 3 ]
    }, {
      "vertices" : [ 0, 3, 2 ]
    }, {
      "vertices" : [ 0, 2, 1 ]
    } ]
  }, {
    "id" : "1ed53e56-5e23-4c2e-a647-3ca7e7caa9d7",
    "vertices" : [ {
      "x" : -33.09969,
      "y" : 0.0,
      "z" : -12.642957
    }, {
      "x" : -32.435932,
      "y" : -2.4014916,
      "z" : -9.070644
    }, {
      "x" : 9.070644,
      "y" : -32.435932,
      "z" : 2.4014916
    }, {
      "x" : 12.642957,
      "y" : -33.09969,
      "z" : 0.0
    } ],
    "faces" : [ {
      "vertices" : [ 0, 1, 2 ]
    }, {
      "vertices" : [ 0, 2, 3 ]
    }, {
      "vertices" : [ 0, 3, 2 ]
    }, {
      "vertices" : [ 0, 2, 1 ]
    } ]
  }, {
    "id" : "c9a47b83-edc2-4988-bfcf-963463c177d5",
    "vertices" : [ {
      "x" : 20.963797,
      "y" : -16.160814,
      "z" : -20.963797
    }, {
      "x" : 22.798374,
      "y" : -17.562305,
      "z" : -22.798374
    }, {
      "x" : -17.562305,
      "y" : 22.798374,
      "z" : -22.798374
    }, {
      "x" : -16.160814,
      "y" : 20.963797,
      "z" : -20.963797
    } ],
    "faces" : [ {
      "vertices" : [ 0, 1, 2 ]
    }, {
      "vertices" : [ 0, 2, 3 ]
    }, {
      "vertices" : [ 0, 3, 2 ]
    }, {
      "vertices" : [ 0, 2, 1 ]
    } ]
  }, {
    "id" : "e7225dfe-397b-4266-9e10-60bb94227050",
    "vertices" : [ {
      "x" : 33.09969,
      "y" : 0.0,
      "z" : -12.642957
    }, {
      "x" : 32.435932,
      "y" : -2.4014916,
      "z" : -9.070644
    }, {
      "x" : -9.070644,
      "y" : -32.435932,
      "z" : 2.4014916
    }, {
      "x" : -12.642957,
      "y" : -33.09969,
      "z" : 0.0
    } ],
    "faces" : [ {
      "vertices" : [ 0, 1, 2 ]
    }, {
      "vertices" : [ 0, 2, 3 ]
    }, {
      "vertices" : [ 0, 3, 2 ]
    }, {
      "vertices" : [ 0, 2, 1 ]
    } ]
  }, {
    "id" : "468c86aa-7899-430c-83f6-df8da8961c6b",
    "vertices" : [ {
      "x" : -9.070644,
      "y" : 32.435932,
      "z" : 2.4014916
    }, {
      "x" : -9.854102,
      "y" : 35.27051,
      "z" : 2.618034
    }, {
      "x" : 2.618034,
      "y" : -9.854102,
      "z" : 35.27051
    }, {
      "x" : 2.4014916,
      "y" : -9.070644,
      "z" : 32.435932
    } ],
    "faces" : [ {
      "vertices" : [ 0, 1, 2 ]
    }, {
      "vertices" : [ 0, 2, 3 ]
    }, {
      "vertices" : [ 0, 3, 2 ]
    }, {
      "vertices" : [ 0, 2, 1 ]
    } ]
  }, {
    "id" : "4c87a8a6-7040-44b1-bcc1-260f22cf76e7",
    "vertices" : [ {
      "x" : -12.642957,
      "y" : -33.09969,
      "z" : 0.0
    }, {
      "x" : -15.357831,
      "y" : -30.034441,
      "z" : 1.4842035
    }, {
      "x" : -22.448002,
      "y" : 18.562305,
      "z" : -17.078102
    }, {
      "x" : -20.456734,
      "y" : 20.456734,
      "z" : -20.456734
    } ],
    "faces" : [ {
      "vertices" : [ 0, 1, 2 ]
    }, {
      "vertices" : [ 0, 2, 3 ]
    }, {
      "vertices" : [ 0, 3, 2 ]
    }, {
      "vertices" : [ 0, 2, 1 ]
    } ]
  }, {
    "id" : "495ba483-1313-4a99-945b-db6ad45c0bbf",
    "vertices" : [ {
      "x" : 41.69153,
      "y" : 0.0,
      "z" : 15.9247465
    }, {
      "x" : 34.27051,
      "y" : -4.236068,
      "z" : 12.472136
    }, {
      "x" : 1.618034,
      "y" : -16.708204,
      "z" : -32.652477
    }, {
      "x" : 0.0,
      "y" : -15.9247465,
      "z" : -41.69153
    } ],
    "faces" : [ {
      "vertices" : [ 0, 1, 2 ]
    }, {
      "vertices" : [ 0, 2, 3 ]
    }, {
      "vertices" : [ 0, 3, 2 ]
    }, {
      "vertices" : [ 0, 2, 1 ]
    } ]
  }, {
    "id" : "630bd54e-b046-47ce-bb27-27864b63f5fb",
    "vertices" : [ {
      "x" : -25.76678,
      "y" : 25.76678,
      "z" : -25.76678
    }, {
      "x" : -20.18034,
      "y" : 18.562305,
      "z" : -24.416409
    }, {
      "x" : -12.472136,
      "y" : -34.27051,
      "z" : -4.236068
    }, {
      "x" : -15.9247465,
      "y" : -41.69153,
      "z" : 0.0
    } ],
    "faces" : [ {
      "vertices" : [ 0, 1, 2 ]
    }, {
      "vertices" : [ 0, 2, 3 ]
    }, {
      "vertices" : [ 0, 3, 2 ]
    }, {
      "vertices" : [ 0, 2, 1 ]
    } ]
  }, {
    "id" : "ca9959aa-f193-46e4-ab65-db8ce3f5ce90",
    "vertices" : [ {
      "x" : 20.456734,
      "y" : -20.456734,
      "z" : 20.456734
    }, {
      "x" : 16.160814,
      "y" : -20.963797,
      "z" : 20.963797
    }, {
      "x" : -20.963797,
      "y" : -20.963797,
      "z" : -16.160814
    }, {
      "x" : -20.456734,
      "y" : -20.456734,
      "z" : -20.456734
    } ],
    "faces" : [ {
      "vertices" : [ 0, 1, 2 ]
    }, {
      "vertices" : [ 0, 2, 3 ]
    }, {
      "vertices" : [ 0, 3, 2 ]
    }, {
      "vertices" : [ 0, 2, 1 ]
    } ]
  }, {
    "id" : "c6d6bbf4-3d1f-4893-8715-85bf2612076a",
    "vertices" : [ {
      "x" : 25.76678,
      "y" : 25.76678,
      "z" : -25.76678
    }, {
      "x" : 17.562305,
      "y" : 22.798374,
      "z" : -22.798374
    }, {
      "x" : -22.798374,
      "y" : 22.798374,
      "z" : 17.562305
    }, {
      "x" : -25.76678,
      "y" : 25.76678,
      "z" : 25.76678
    } ],
    "faces" : [ {
      "vertices" : [ 0, 1, 2 ]
    }, {
      "vertices" : [ 0, 2, 3 ]
    }, {
      "vertices" : [ 0, 3, 2 ]
    }, {
      "vertices" : [ 0, 2, 1 ]
    } ]
  }, {
    "id" : "742a168a-2807-42c8-acd9-75738810be16",
    "vertices" : [ {
      "x" : 12.642957,
      "y" : 33.09969,
      "z" : 0.0
    }, {
      "x" : 11.472136,
      "y" : 31.518646,
      "z" : 3.885695
    }, {
      "x" : -30.034441,
      "y" : 1.4842035,
      "z" : 15.357831
    }, {
      "x" : -33.09969,
      "y" : 0.0,
      "z" : 12.642957
    } ],
    "faces" : [ {
      "vertices" : [ 0, 1, 2 ]
    }, {
      "vertices" : [ 0, 2, 3 ]
    }, {
      "vertices" : [ 0, 3, 2 ]
    }, {
      "vertices" : [ 0, 2, 1 ]
    } ]
  }, {
    "id" : "cf6a0f78-3b69-4d3a-80ce-d761a7ba86a9",
    "vertices" : [ {
      "x" : 20.456734,
      "y" : -20.456734,
      "z" : -20.456734
    }, {
      "x" : 16.160814,
      "y" : -20.963797,
      "z" : -20.963797
    }, {
      "x" : -20.963797,
      "y" : -20.963797,
      "z" : 16.160814
    }, {
      "x" : -20.456734,
      "y" : -20.456734,
      "z" : 20.456734
    } ],
    "faces" : [ {
      "vertices" : [ 0, 1, 2 ]
    }, {
      "vertices" : [ 0, 2, 3 ]
    }, {
      "vertices" : [ 0, 3, 2 ]
    }, {
      "vertices" : [ 0, 2, 1 ]
    } ]
  }, {
    "id" : "caf805b9-9f5b-4cbc-81ae-676af47dfd21",
    "vertices" : [ {
      "x" : 20.456734,
      "y" : -20.456734,
      "z" : 20.456734
    }, {
      "x" : 20.963797,
      "y" : -16.160814,
      "z" : 20.963797
    }, {
      "x" : -16.160814,
      "y" : 20.963797,
      "z" : 20.963797
    }, {
      "x" : -20.456734,
      "y" : 20.456734,
      "z" : 20.456734
    } ],
    "faces" : [ {
      "vertices" : [ 0, 1, 2 ]
    }, {
      "vertices" : [ 0, 2, 3 ]
    }, {
      "vertices" : [ 0, 3, 2 ]
    }, {
      "vertices" : [ 0, 2, 1 ]
    } ]
  }, {
    "id" : "a3c977e9-76b7-477a-bcf1-69ddfde2f10d",
    "vertices" : [ {
      "x" : 0.0,
      "y" : -12.642957,
      "z" : -33.09969
    }, {
      "x" : -2.4014916,
      "y" : -9.070644,
      "z" : -32.435932
    }, {
      "x" : -32.435932,
      "y" : 2.4014916,
      "z" : 9.070644
    }, {
      "x" : -33.09969,
      "y" : 0.0,
      "z" : 12.642957
    } ],
    "faces" : [ {
      "vertices" : [ 0, 1, 2 ]
    }, {
      "vertices" : [ 0, 2, 3 ]
    }, {
      "vertices" : [ 0, 3, 2 ]
    }, {
      "vertices" : [ 0, 2, 1 ]
    } ]
  }, {
    "id" : "2c13d168-fc2d-4197-b19f-6ebe9ff82421",
    "vertices" : [ {
      "x" : -1.4842035,
      "y" : -15.357831,
      "z" : -30.034441
    }, {
      "x" : -1.618034,
      "y" : -16.708204,
      "z" : -32.652477
    }, {
      "x" : 18.562305,
      "y" : -24.416409,
      "z" : 20.18034
    }, {
      "x" : 17.078102,
      "y" : -22.448002,
      "z" : 18.562305
    } ],
    "faces" : [ {
      "vertices" : [ 0, 1, 2 ]
    }, {
      "vertices" : [ 0, 2, 3 ]
    }, {
      "vertices" : [ 0, 3, 2 ]
    }, {
      "vertices" : [ 0, 2, 1 ]
    } ]
  }, {
    "id" : "795d55f4-da7b-41b1-b93e-70a1e1ae5aec",
    "vertices" : [ {
      "x" : 0.0,
      "y" : -12.642957,
      "z" : -33.09969
    }, {
      "x" : 1.4842035,
      "y" : -15.357831,
      "z" : -30.034441
    }, {
      "x" : -17.078102,
      "y" : -22.448002,
      "z" : 18.562305
    }, {
      "x" : -20.456734,
      "y" : -20.456734,
      "z" : 20.456734
    } ],
    "faces" : [ {
      "vertices" : [ 0, 1, 2 ]
    }, {
      "vertices" : [ 0, 2, 3 ]
    }, {
      "vertices" : [ 0, 3, 2 ]
    }, {
      "vertices" : [ 0, 2, 1 ]
    } ]
  }, {
    "id" : "67a12ba2-1c95-45a9-b8e3-95133df54ebf",
    "vertices" : [ {
      "x" : -11.472136,
      "y" : 31.518646,
      "z" : -3.885695
    }, {
      "x" : -12.472136,
      "y" : 34.27051,
      "z" : -4.236068
    }, {
      "x" : 32.652477,
      "y" : 1.618034,
      "z" : -16.708204
    }, {
      "x" : 30.034441,
      "y" : 1.4842035,
      "z" : -15.357831
    } ],
    "faces" : [ {
      "vertices" : [ 0, 1, 2 ]
    }, {
      "vertices" : [ 0, 2, 3 ]
    }, {
      "vertices" : [ 0, 3, 2 ]
    }, {
      "vertices" : [ 0, 2, 1 ]
    } ]
  }, {
    "id" : "7c8310af-ddf2-46aa-a439-36be471a24cd",
    "vertices" : [ {
      "x" : -2.4014916,
      "y" : 9.070644,
      "z" : -32.435932
    }, {
      "x" : -2.618034,
      "y" : 9.854102,
      "z" : -35.27051
    }, {
      "x" : -35.27051,
      "y" : -2.618034,
      "z" : 9.854102
    }, {
      "x" : -32.435932,
      "y" : -2.4014916,
      "z" : 9.070644
    } ],
    "faces" : [ {
      "vertices" : [ 0, 1, 2 ]
    }, {
      "vertices" : [ 0, 2, 3 ]
    }, {
      "vertices" : [ 0, 3, 2 ]
    }, {
      "vertices" : [ 0, 2, 1 ]
    } ]
  }, {
    "id" : "f8cab916-9b46-4b62-9226-e05901a7af5c",
    "vertices" : [ {
      "x" : 41.69153,
      "y" : 0.0,
      "z" : 15.9247465
    }, {
      "x" : 35.27051,
      "y" : 2.618034,
      "z" : 9.854102
    }, {
      "x" : -9.854102,
      "y" : 35.27051,
      "z" : -2.618034
    }, {
      "x" : -15.9247465,
      "y" : 41.69153,
      "z" : 0.0
    } ],
    "faces" : [ {
      "vertices" : [ 0, 1, 2 ]
    }, {
      "vertices" : [ 0, 2, 3 ]
    }, {
      "vertices" : [ 0, 3, 2 ]
    }, {
      "vertices" : [ 0, 2, 1 ]
    } ]
  }, {
    "id" : "e183f6ec-ac6f-45ce-b497-e84983d4c262",
    "vertices" : [ {
      "x" : -25.76678,
      "y" : -25.76678,
      "z" : 25.76678
    }, {
      "x" : -20.18034,
      "y" : -18.562305,
      "z" : 24.416409
    }, {
      "x" : -12.472136,
      "y" : 34.27051,
      "z" : 4.236068
    }, {
      "x" : -15.9247465,
      "y" : 41.69153,
      "z" : 0.0
    } ],
    "faces" : [ {
      "vertices" : [ 0, 1, 2 ]
    }, {
      "vertices" : [ 0, 2, 3 ]
    }, {
      "vertices" : [ 0, 3, 2 ]
    }, {
      "vertices" : [ 0, 2, 1 ]
    } ]
  }, {
    "id" : "3c4ae9a2-4e21-4f92-ab39-149b7d93f02c",
    "vertices" : [ {
      "x" : 0.0,
      "y" : 15.9247465,
      "z" : -41.69153
    }, {
      "x" : -1.618034,
      "y" : 16.708204,
      "z" : -32.652477
    }, {
      "x" : 18.562305,
      "y" : 24.416409,
      "z" : 20.18034
    }, {
      "x" : 25.76678,
      "y" : 25.76678,
      "z" : 25.76678
    } ],
    "faces" : [ {
      "vertices" : [ 0, 1, 2 ]
    }, {
      "vertices" : [ 0, 2, 3 ]
    }, {
      "vertices" : [ 0, 3, 2 ]
    }, {
      "vertices" : [ 0, 2, 1 ]
    } ]
  }, {
    "id" : "7bf65d83-c7c5-43a6-8db4-fa51125dab8d",
    "vertices" : [ {
      "x" : -20.963797,
      "y" : -16.160814,
      "z" : 20.963797
    }, {
      "x" : -22.798374,
      "y" : -17.562305,
      "z" : 22.798374
    }, {
      "x" : 17.562305,
      "y" : 22.798374,
      "z" : 22.798374
    }, {
      "x" : 16.160814,
      "y" : 20.963797,
      "z" : 20.963797
    } ],
    "faces" : [ {
      "vertices" : [ 0, 1, 2 ]
    }, {
      "vertices" : [ 0, 2, 3 ]
    }, {
      "vertices" : [ 0, 3, 2 ]
    }, {
      "vertices" : [ 0, 2, 1 ]
    } ]
  }, {
    "id" : "cb95d0c1-1066-4926-994a-3458331ff89d",
    "vertices" : [ {
      "x" : 41.69153,
      "y" : 0.0,
      "z" : 15.9247465
    }, {
      "x" : 32.652477,
      "y" : 1.618034,
      "z" : 16.708204
    }, {
      "x" : -20.18034,
      "y" : -18.562305,
      "z" : 24.416409
    }, {
      "x" : -25.76678,
      "y" : -25.76678,
      "z" : 25.76678
    } ],
    "faces" : [ {
      "vertices" : [ 0, 1, 2 ]
    }, {
      "vertices" : [ 0, 2, 3 ]
    }, {
      "vertices" : [ 0, 3, 2 ]
    }, {
      "vertices" : [ 0, 2, 1 ]
    } ]
  }, {
    "id" : "3b810392-e82f-41b3-8992-9d0d0eac7392",
    "vertices" : [ {
      "x" : -18.562305,
      "y" : -17.078102,
      "z" : 22.448002
    }, {
      "x" : -20.18034,
      "y" : -18.562305,
      "z" : 24.416409
    }, {
      "x" : -12.472136,
      "y" : 34.27051,
      "z" : 4.236068
    }, {
      "x" : -11.472136,
      "y" : 31.518646,
      "z" : 3.885695
    } ],
    "faces" : [ {
      "vertices" : [ 0, 1, 2 ]
    }, {
      "vertices" : [ 0, 2, 3 ]
    }, {
      "vertices" : [ 0, 3, 2 ]
    }, {
      "vertices" : [ 0, 2, 1 ]
    } ]
  }, {
    "id" : "2b7d91ec-ba5a-4931-b25e-f31fd2358362",
    "vertices" : [ {
      "x" : 20.456734,
      "y" : 20.456734,
      "z" : -20.456734
    }, {
      "x" : 20.963797,
      "y" : 16.160814,
      "z" : -20.963797
    }, {
      "x" : -16.160814,
      "y" : -20.963797,
      "z" : -20.963797
    }, {
      "x" : -20.456734,
      "y" : -20.456734,
      "z" : -20.456734
    } ],
    "faces" : [ {
      "vertices" : [ 0, 1, 2 ]
    }, {
      "vertices" : [ 0, 2, 3 ]
    }, {
      "vertices" : [ 0, 3, 2 ]
    }, {
      "vertices" : [ 0, 2, 1 ]
    } ]
  }, {
    "id" : "44397bd5-38c6-4432-a5a5-9a4e4e15ffc2",
    "vertices" : [ {
      "x" : 25.76678,
      "y" : 25.76678,
      "z" : -25.76678
    }, {
      "x" : 20.18034,
      "y" : 18.562305,
      "z" : -24.416409
    }, {
      "x" : 12.472136,
      "y" : -34.27051,
      "z" : -4.236068
    }, {
      "x" : 15.9247465,
      "y" : -41.69153,
      "z" : 0.0
    } ],
    "faces" : [ {
      "vertices" : [ 0, 1, 2 ]
    }, {
      "vertices" : [ 0, 2, 3 ]
    }, {
      "vertices" : [ 0, 3, 2 ]
    }, {
      "vertices" : [ 0, 2, 1 ]
    } ]
  }, {
    "id" : "c0a636e3-0e40-4056-8dae-7df9f23d34c2",
    "vertices" : [ {
      "x" : 20.963797,
      "y" : -20.963797,
      "z" : -16.160814
    }, {
      "x" : 22.798374,
      "y" : -22.798374,
      "z" : -17.562305
    }, {
      "x" : 22.798374,
      "y" : 17.562305,
      "z" : 22.798374
    }, {
      "x" : 20.963797,
      "y" : 16.160814,
      "z" : 20.963797
    } ],
    "faces" : [ {
      "vertices" : [ 0, 1, 2 ]
    }, {
      "vertices" : [ 0, 2, 3 ]
    }, {
      "vertices" : [ 0, 3, 2 ]
    }, {
      "vertices" : [ 0, 2, 1 ]
    } ]
  }, {
    "id" : "a1c14f64-dacb-479a-99de-b3fdb87dc156",
    "vertices" : [ {
      "x" : -25.76678,
      "y" : 25.76678,
      "z" : 25.76678
    }, {
      "x" : -22.798374,
      "y" : 22.798374,
      "z" : 17.562305
    }, {
      "x" : -22.798374,
      "y" : -17.562305,
      "z" : -22.798374
    }, {
      "x" : -25.76678,
      "y" : -25.76678,
      "z" : -25.76678
    } ],
    "faces" : [ {
      "vertices" : [ 0, 1, 2 ]
    }, {
      "vertices" : [ 0, 2, 3 ]
    }, {
      "vertices" : [ 0, 3, 2 ]
    }, {
      "vertices" : [ 0, 2, 1 ]
    } ]
  }, {
    "id" : "6f8a7e4c-64e8-4d0a-b2fa-09ba03bb31ca",
    "vertices" : [ {
      "x" : -20.456734,
      "y" : 20.456734,
      "z" : -20.456734
    }, {
      "x" : -16.160814,
      "y" : 20.963797,
      "z" : -20.963797
    }, {
      "x" : 20.963797,
      "y" : 20.963797,
      "z" : 16.160814
    }, {
      "x" : 20.456734,
      "y" : 20.456734,
      "z" : 20.456734
    } ],
    "faces" : [ {
      "vertices" : [ 0, 1, 2 ]
    }, {
      "vertices" : [ 0, 2, 3 ]
    }, {
      "vertices" : [ 0, 3, 2 ]
    }, {
      "vertices" : [ 0, 2, 1 ]
    } ]
  }, {
    "id" : "99a63642-9e6b-4cd7-88a1-8557f7d0364e",
    "vertices" : [ {
      "x" : -33.09969,
      "y" : 0.0,
      "z" : 12.642957
    }, {
      "x" : -32.435932,
      "y" : 2.4014916,
      "z" : 9.070644
    }, {
      "x" : 9.070644,
      "y" : 32.435932,
      "z" : -2.4014916
    }, {
      "x" : 12.642957,
      "y" : 33.09969,
      "z" : 0.0
    } ],
    "faces" : [ {
      "vertices" : [ 0, 1, 2 ]
    }, {
      "vertices" : [ 0, 2, 3 ]
    }, {
      "vertices" : [ 0, 3, 2 ]
    }, {
      "vertices" : [ 0, 2, 1 ]
    } ]
  }, {
    "id" : "c5350bf1-ad3b-4c2f-9f69-50892247cc8d",
    "vertices" : [ {
      "x" : 33.09969,
      "y" : 0.0,
      "z" : -12.642957
    }, {
      "x" : 31.518646,
      "y" : 3.885695,
      "z" : -11.472136
    }, {
      "x" : 1.4842035,
      "y" : 15.357831,
      "z" : 30.034441
    }, {
      "x" : 0.0,
      "y" : 12.642957,
      "z" : 33.09969
    } ],
    "faces" : [ {
      "vertices" : [ 0, 1, 2 ]
    }, {
      "vertices" : [ 0, 2, 3 ]
    }, {
      "vertices" : [ 0, 3, 2 ]
    }, {
      "vertices" : [ 0, 2, 1 ]
    } ]
  }, {
    "id" : "72ab7ba5-e564-48f5-aeb9-5d09b047126c",
    "vertices" : [ {
      "x" : -20.456734,
      "y" : -20.456734,
      "z" : -20.456734
    }, {
      "x" : -20.963797,
      "y" : -20.963797,
      "z" : -16.160814
    }, {
      "x" : -20.963797,
      "y" : 16.160814,
      "z" : 20.963797
    }, {
      "x" : -20.456734,
      "y" : 20.456734,
      "z" : 20.456734
    } ],
    "faces" : [ {
      "vertices" : [ 0, 1, 2 ]
    }, {
      "vertices" : [ 0, 2, 3 ]
    }, {
      "vertices" : [ 0, 3, 2 ]
    }, {
      "vertices" : [ 0, 2, 1 ]
    } ]
  }, {
    "id" : "9bb1edd0-e990-4228-8f13-b23ce5ad36a0",
    "vertices" : [ {
      "x" : 25.76678,
      "y" : -25.76678,
      "z" : -25.76678
    }, {
      "x" : 22.798374,
      "y" : -22.798374,
      "z" : -17.562305
    }, {
      "x" : 22.798374,
      "y" : 17.562305,
      "z" : 22.798374
    }, {
      "x" : 25.76678,
      "y" : 25.76678,
      "z" : 25.76678
    } ],
    "faces" : [ {
      "vertices" : [ 0, 1, 2 ]
    }, {
      "vertices" : [ 0, 2, 3 ]
    }, {
      "vertices" : [ 0, 3, 2 ]
    }, {
      "vertices" : [ 0, 2, 1 ]
    } ]
  }, {
    "id" : "ea822f8c-5538-4b38-b442-625a35fa41a4",
    "vertices" : [ {
      "x" : 25.76678,
      "y" : 25.76678,
      "z" : 25.76678
    }, {
      "x" : 17.562305,
      "y" : 22.798374,
      "z" : 22.798374
    }, {
      "x" : -22.798374,
      "y" : 22.798374,
      "z" : -17.562305
    }, {
      "x" : -25.76678,
      "y" : 25.76678,
      "z" : -25.76678
    } ],
    "faces" : [ {
      "vertices" : [ 0, 1, 2 ]
    }, {
      "vertices" : [ 0, 2, 3 ]
    }, {
      "vertices" : [ 0, 3, 2 ]
    }, {
      "vertices" : [ 0, 2, 1 ]
    } ]
  }, {
    "id" : "e7f6b446-5a92-4489-8425-318cea72df30",
    "vertices" : [ {
      "x" : 11.472136,
      "y" : -31.518646,
      "z" : 3.885695
    }, {
      "x" : 12.472136,
      "y" : -34.27051,
      "z" : 4.236068
    }, {
      "x" : -32.652477,
      "y" : -1.618034,
      "z" : 16.708204
    }, {
      "x" : -30.034441,
      "y" : -1.4842035,
      "z" : 15.357831
    } ],
    "faces" : [ {
      "vertices" : [ 0, 1, 2 ]
    }, {
      "vertices" : [ 0, 2, 3 ]
    }, {
      "vertices" : [ 0, 3, 2 ]
    }, {
      "vertices" : [ 0, 2, 1 ]
    } ]
  }, {
    "id" : "a660f010-acc5-4ad9-bddb-60651ff5dbe9",
    "vertices" : [ {
      "x" : -41.69153,
      "y" : 0.0,
      "z" : -15.9247465
    }, {
      "x" : -32.652477,
      "y" : 1.618034,
      "z" : -16.708204
    }, {
      "x" : 20.18034,
      "y" : -18.562305,
      "z" : -24.416409
    }, {
      "x" : 25.76678,
      "y" : -25.76678,
      "z" : -25.76678
    } ],
    "faces" : [ {
      "vertices" : [ 0, 1, 2 ]
    }, {
      "vertices" : [ 0, 2, 3 ]
    }, {
      "vertices" : [ 0, 3, 2 ]
    }, {
      "vertices" : [ 0, 2, 1 ]
    } ]
  }, {
    "id" : "ed157f24-8d21-4b7b-b796-65e708955a5f",
    "vertices" : [ {
      "x" : 33.09969,
      "y" : 0.0,
      "z" : 12.642957
    }, {
      "x" : 31.518646,
      "y" : -3.885695,
      "z" : 11.472136
    }, {
      "x" : 1.4842035,
      "y" : -15.357831,
      "z" : -30.034441
    }, {
      "x" : 0.0,
      "y" : -12.642957,
      "z" : -33.09969
    } ],
    "faces" : [ {
      "vertices" : [ 0, 1, 2 ]
    }, {
      "vertices" : [ 0, 2, 3 ]
    }, {
      "vertices" : [ 0, 3, 2 ]
    }, {
      "vertices" : [ 0, 2, 1 ]
    } ]
  }, {
    "id" : "c240bd2f-07c9-494c-a4ee-4979e96150df",
    "vertices" : [ {
      "x" : -12.642957,
      "y" : 33.09969,
      "z" : 0.0
    }, {
      "x" : -11.472136,
      "y" : 31.518646,
      "z" : 3.885695
    }, {
      "x" : 30.034441,
      "y" : 1.4842035,
      "z" : 15.357831
    }, {
      "x" : 33.09969,
      "y" : 0.0,
      "z" : 12.642957
    } ],
    "faces" : [ {
      "vertices" : [ 0, 1, 2 ]
    }, {
      "vertices" : [ 0, 2, 3 ]
    }, {
      "vertices" : [ 0, 3, 2 ]
    }, {
      "vertices" : [ 0, 2, 1 ]
    } ]
  }, {
    "id" : "7b94c941-cdea-4938-9917-8b0d14b7e42b",
    "vertices" : [ {
      "x" : -12.642957,
      "y" : 33.09969,
      "z" : 0.0
    }, {
      "x" : -15.357831,
      "y" : 30.034441,
      "z" : 1.4842035
    }, {
      "x" : -22.448002,
      "y" : -18.562305,
      "z" : -17.078102
    }, {
      "x" : -20.456734,
      "y" : -20.456734,
      "z" : -20.456734
    } ],
    "faces" : [ {
      "vertices" : [ 0, 1, 2 ]
    }, {
      "vertices" : [ 0, 2, 3 ]
    }, {
      "vertices" : [ 0, 3, 2 ]
    }, {
      "vertices" : [ 0, 2, 1 ]
    } ]
  }, {
    "id" : "bc800f4f-0efa-495c-8dd9-8cd8228da435",
    "vertices" : [ {
      "x" : -20.456734,
      "y" : -20.456734,
      "z" : -20.456734
    }, {
      "x" : -20.963797,
      "y" : -16.160814,
      "z" : -20.963797
    }, {
      "x" : -20.963797,
      "y" : 20.963797,
      "z" : 16.160814
    }, {
      "x" : -20.456734,
      "y" : 20.456734,
      "z" : 20.456734
    } ],
    "faces" : [ {
      "vertices" : [ 0, 1, 2 ]
    }, {
      "vertices" : [ 0, 2, 3 ]
    }, {
      "vertices" : [ 0, 3, 2 ]
    }, {
      "vertices" : [ 0, 2, 1 ]
    } ]
  }, {
    "id" : "9c687aac-8757-42f8-8e37-78c8c8a94d37",
    "vertices" : [ {
      "x" : 20.456734,
      "y" : 20.456734,
      "z" : -20.456734
    }, {
      "x" : 17.078102,
      "y" : 22.448002,
      "z" : -18.562305
    }, {
      "x" : -31.518646,
      "y" : 3.885695,
      "z" : -11.472136
    }, {
      "x" : -33.09969,
      "y" : 0.0,
      "z" : -12.642957
    } ],
    "faces" : [ {
      "vertices" : [ 0, 1, 2 ]
    }, {
      "vertices" : [ 0, 2, 3 ]
    }, {
      "vertices" : [ 0, 3, 2 ]
    }, {
      "vertices" : [ 0, 2, 1 ]
    } ]
  }, {
    "id" : "87a91ae1-22fd-41c7-8f4a-587f4a97d84a",
    "vertices" : [ {
      "x" : -15.9247465,
      "y" : -41.69153,
      "z" : 0.0
    }, {
      "x" : -16.708204,
      "y" : -32.652477,
      "z" : -1.618034
    }, {
      "x" : -24.416409,
      "y" : 20.18034,
      "z" : 18.562305
    }, {
      "x" : -25.76678,
      "y" : 25.76678,
      "z" : 25.76678
    } ],
    "faces" : [ {
      "vertices" : [ 0, 1, 2 ]
    }, {
      "vertices" : [ 0, 2, 3 ]
    }, {
      "vertices" : [ 0, 3, 2 ]
    }, {
      "vertices" : [ 0, 2, 1 ]
    } ]
  }, {
    "id" : "1f745347-747a-4095-845b-5f554df6abc4",
    "vertices" : [ {
      "x" : 30.034441,
      "y" : -1.4842035,
      "z" : 15.357831
    }, {
      "x" : 32.652477,
      "y" : -1.618034,
      "z" : 16.708204
    }, {
      "x" : -20.18034,
      "y" : 18.562305,
      "z" : 24.416409
    }, {
      "x" : -18.562305,
      "y" : 17.078102,
      "z" : 22.448002
    } ],
    "faces" : [ {
      "vertices" : [ 0, 1, 2 ]
    }, {
      "vertices" : [ 0, 2, 3 ]
    }, {
      "vertices" : [ 0, 3, 2 ]
    }, {
      "vertices" : [ 0, 2, 1 ]
    } ]
  }, {
    "id" : "aac4354e-5075-45eb-8ba6-a7deb7e1de53",
    "vertices" : [ {
      "x" : 16.160814,
      "y" : -20.963797,
      "z" : 20.963797
    }, {
      "x" : 17.562305,
      "y" : -22.798374,
      "z" : 22.798374
    }, {
      "x" : -22.798374,
      "y" : -22.798374,
      "z" : -17.562305
    }, {
      "x" : -20.963797,
      "y" : -20.963797,
      "z" : -16.160814
    } ],
    "faces" : [ {
      "vertices" : [ 0, 1, 2 ]
    }, {
      "vertices" : [ 0, 2, 3 ]
    }, {
      "vertices" : [ 0, 3, 2 ]
    }, {
      "vertices" : [ 0, 2, 1 ]
    } ]
  }, {
    "id" : "1e821ad5-f7d2-4e00-9a3f-40d578c06d5c",
    "vertices" : [ {
      "x" : 25.76678,
      "y" : 25.76678,
      "z" : 25.76678
    }, {
      "x" : 20.18034,
      "y" : 18.562305,
      "z" : 24.416409
    }, {
      "x" : 12.472136,
      "y" : -34.27051,
      "z" : 4.236068
    }, {
      "x" : 15.9247465,
      "y" : -41.69153,
      "z" : 0.0
    } ],
    "faces" : [ {
      "vertices" : [ 0, 1, 2 ]
    }, {
      "vertices" : [ 0, 2, 3 ]
    }, {
      "vertices" : [ 0, 3, 2 ]
    }, {
      "vertices" : [ 0, 2, 1 ]
    } ]
  }, {
    "id" : "79451b9f-9040-459f-9aac-2e834c219af3",
    "vertices" : [ {
      "x" : -9.070644,
      "y" : -32.435932,
      "z" : 2.4014916
    }, {
      "x" : -9.854102,
      "y" : -35.27051,
      "z" : 2.618034
    }, {
      "x" : 2.618034,
      "y" : 9.854102,
      "z" : 35.27051
    }, {
      "x" : 2.4014916,
      "y" : 9.070644,
      "z" : 32.435932
    } ],
    "faces" : [ {
      "vertices" : [ 0, 1, 2 ]
    }, {
      "vertices" : [ 0, 2, 3 ]
    }, {
      "vertices" : [ 0, 3, 2 ]
    }, {
      "vertices" : [ 0, 2, 1 ]
    } ]
  }, {
    "id" : "56a32a7c-ff6b-4cb3-b68b-615212b6607c",
    "vertices" : [ {
      "x" : -20.963797,
      "y" : 16.160814,
      "z" : -20.963797
    }, {
      "x" : -22.798374,
      "y" : 17.562305,
      "z" : -22.798374
    }, {
      "x" : 17.562305,
      "y" : -22.798374,
      "z" : -22.798374
    }, {
      "x" : 16.160814,
      "y" : -20.963797,
      "z" : -20.963797
    } ],
    "faces" : [ {
      "vertices" : [ 0, 1, 2 ]
    }, {
      "vertices" : [ 0, 2, 3 ]
    }, {
      "vertices" : [ 0, 3, 2 ]
    }, {
      "vertices" : [ 0, 2, 1 ]
    } ]
  }, {
    "id" : "89750866-9fe1-4ea7-b8a4-87878d4870a1",
    "vertices" : [ {
      "x" : 31.518646,
      "y" : -3.885695,
      "z" : 11.472136
    }, {
      "x" : 34.27051,
      "y" : -4.236068,
      "z" : 12.472136
    }, {
      "x" : 1.618034,
      "y" : -16.708204,
      "z" : -32.652477
    }, {
      "x" : 1.4842035,
      "y" : -15.357831,
      "z" : -30.034441
    } ],
    "faces" : [ {
      "vertices" : [ 0, 1, 2 ]
    }, {
      "vertices" : [ 0, 2, 3 ]
    }, {
      "vertices" : [ 0, 3, 2 ]
    }, {
      "vertices" : [ 0, 2, 1 ]
    } ]
  }, {
    "id" : "85ee2a61-89ea-4e3f-b106-d02813bcdfff",
    "vertices" : [ {
      "x" : 0.0,
      "y" : 12.642957,
      "z" : 33.09969
    }, {
      "x" : 1.4842035,
      "y" : 15.357831,
      "z" : 30.034441
    }, {
      "x" : -17.078102,
      "y" : 22.448002,
      "z" : -18.562305
    }, {
      "x" : -20.456734,
      "y" : 20.456734,
      "z" : -20.456734
    } ],
    "faces" : [ {
      "vertices" : [ 0, 1, 2 ]
    }, {
      "vertices" : [ 0, 2, 3 ]
    }, {
      "vertices" : [ 0, 3, 2 ]
    }, {
      "vertices" : [ 0, 2, 1 ]
    } ]
  }, {
    "id" : "e8d18c4d-26ca-4716-9f8f-fbe77fc7fc10",
    "vertices" : [ {
      "x" : -15.9247465,
      "y" : 41.69153,
      "z" : 0.0
    }, {
      "x" : -16.708204,
      "y" : 32.652477,
      "z" : 1.618034
    }, {
      "x" : -24.416409,
      "y" : -20.18034,
      "z" : -18.562305
    }, {
      "x" : -25.76678,
      "y" : -25.76678,
      "z" : -25.76678
    } ],
    "faces" : [ {
      "vertices" : [ 0, 1, 2 ]
    }, {
      "vertices" : [ 0, 2, 3 ]
    }, {
      "vertices" : [ 0, 3, 2 ]
    }, {
      "vertices" : [ 0, 2, 1 ]
    } ]
  }, {
    "id" : "b0fafb35-97eb-49ee-933b-0252aa81a590",
    "vertices" : [ {
      "x" : -20.456734,
      "y" : -20.456734,
      "z" : 20.456734
    }, {
      "x" : -16.160814,
      "y" : -20.963797,
      "z" : 20.963797
    }, {
      "x" : 20.963797,
      "y" : -20.963797,
      "z" : -16.160814
    }, {
      "x" : 20.456734,
      "y" : -20.456734,
      "z" : -20.456734
    } ],
    "faces" : [ {
      "vertices" : [ 0, 1, 2 ]
    }, {
      "vertices" : [ 0, 2, 3 ]
    }, {
      "vertices" : [ 0, 3, 2 ]
    }, {
      "vertices" : [ 0, 2, 1 ]
    } ]
  }, {
    "id" : "e14dd84d-d86b-4bfe-9e9c-d27fa7c427d1",
    "vertices" : [ {
      "x" : -33.09969,
      "y" : 0.0,
      "z" : -12.642957
    }, {
      "x" : -30.034441,
      "y" : -1.4842035,
      "z" : -15.357831
    }, {
      "x" : 18.562305,
      "y" : 17.078102,
      "z" : -22.448002
    }, {
      "x" : 20.456734,
      "y" : 20.456734,
      "z" : -20.456734
    } ],
    "faces" : [ {
      "vertices" : [ 0, 1, 2 ]
    }, {
      "vertices" : [ 0, 2, 3 ]
    }, {
      "vertices" : [ 0, 3, 2 ]
    }, {
      "vertices" : [ 0, 2, 1 ]
    } ]
  }, {
    "id" : "dc23f1d1-671c-4ba8-82ef-680afdf32972",
    "vertices" : [ {
      "x" : 20.963797,
      "y" : -16.160814,
      "z" : 20.963797
    }, {
      "x" : 22.798374,
      "y" : -17.562305,
      "z" : 22.798374
    }, {
      "x" : -17.562305,
      "y" : 22.798374,
      "z" : 22.798374
    }, {
      "x" : -16.160814,
      "y" : 20.963797,
      "z" : 20.963797
    } ],
    "faces" : [ {
      "vertices" : [ 0, 1, 2 ]
    }, {
      "vertices" : [ 0, 2, 3 ]
    }, {
      "vertices" : [ 0, 3, 2 ]
    }, {
      "vertices" : [ 0, 2, 1 ]
    } ]
  }, {
    "id" : "6ec19911-c944-4065-a6cd-030647ba2671",
    "vertices" : [ {
      "x" : -25.76678,
      "y" : 25.76678,
      "z" : 25.76678
    }, {
      "x" : -24.416409,
      "y" : 20.18034,
      "z" : 18.562305
    }, {
      "x" : -4.236068,
      "y" : 12.472136,
      "z" : -34.27051
    }, {
      "x" : 0.0,
      "y" : 15.9247465,
      "z" : -41.69153
    } ],
    "faces" : [ {
      "vertices" : [ 0, 1, 2 ]
    }, {
      "vertices" : [ 0, 2, 3 ]
    }, {
      "vertices" : [ 0, 3, 2 ]
    }, {
      "vertices" : [ 0, 2, 1 ]
    } ]
  }, {
    "id" : "6e789973-8933-4002-a5da-68bde94b96f8",
    "vertices" : [ {
      "x" : 0.0,
      "y" : 15.9247465,
      "z" : -41.69153
    }, {
      "x" : 4.236068,
      "y" : 12.472136,
      "z" : -34.27051
    }, {
      "x" : 16.708204,
      "y" : -32.652477,
      "z" : -1.618034
    }, {
      "x" : 15.9247465,
      "y" : -41.69153,
      "z" : 0.0
    } ],
    "faces" : [ {
      "vertices" : [ 0, 1, 2 ]
    }, {
      "vertices" : [ 0, 2, 3 ]
    }, {
      "vertices" : [ 0, 3, 2 ]
    }, {
      "vertices" : [ 0, 2, 1 ]
    } ]
  }, {
    "id" : "81139124-9dc7-4a26-8103-287a859bfdeb",
    "vertices" : [ {
      "x" : 0.0,
      "y" : -12.642957,
      "z" : -33.09969
    }, {
      "x" : -1.4842035,
      "y" : -15.357831,
      "z" : -30.034441
    }, {
      "x" : 17.078102,
      "y" : -22.448002,
      "z" : 18.562305
    }, {
      "x" : 20.456734,
      "y" : -20.456734,
      "z" : 20.456734
    } ],
    "faces" : [ {
      "vertices" : [ 0, 1, 2 ]
    }, {
      "vertices" : [ 0, 2, 3 ]
    }, {
