{
  "field" : "golden",
  "symmetry" : "icosahedral",
  "orientations" : [ [ 1.0, 0.0, 0.0, 0.0, 0.0, 1.0, 0.0, 0.0, 0.0, 0.0, 1.0, 0.0, 0.0, 0.0, 0.0, 1.0 ], [ 0.0, 0.0, 1.0, 0.0, 1.0, 0.0, 0.0, 0.0, 0.0, 1.0, 0.0, 0.0, 0.0, 0.0, 0.0, 1.0 ], [ 0.0, 1.0, 0.0, 0.0, 0.0, 0.0, 1.0, 0.0, 1.0, 0.0, 0.0, 0.0, 0.0, 0.0, 0.0, 1.0 ], [ 0.809017, 0.309017, 0.5, 0.0, 0.309017, 0.5, -0.809017, 0.0, -0.5, 0.809017, 0.309017, 0.0, 0.0, 0.0, 0.0, 1.0 ], [ -0.5, 0.809017, 0.309017, 0.0, 0.809017, 0.309017, 0.5, 0.0, 0.309017, 0.5, -0.809017, 0.0, 0.0, 0.0, 0.0, 1.0 ], [ 0.309017, 0.5, -0.809017, 0.0, -0.5, 0.809017, 0.309017, 0.0, 0.809017, 0.309017, 0.5, 0.0, 0.0, 0.0, 0.0, 1.0 ], [ 0.5, 0.809017, 0.309017, 0.0, 0.809017, -0.309017, -0.5, 0.0, -0.309017, 0.5, -0.809017, 0.0, 0.0, 0.0, 0.0, 1.0 ], [ -0.309017, 0.5, -0.809017, 0.0, 0.5, 0.809017, 0.309017, 0.0, 0.809017, -0.309017, -0.5, 0.0, 0.0, 0.0, 0.0, 1.0 ], [ 0.809017, -0.309017, -0.5, 0.0, -0.309017, 0.5, -0.809017, 0.0, 0.5, 0.809017, 0.309017, 0.0, 0.0, 0.0, 0.0, 1.0 ], [ 0.5, 0.809017, -0.309017, 0.0, 0.809017, -0.309017, 0.5, 0.0, 0.309017, -0.5, -0.809017, 0.0, 0.0, 0.0, 0.0, 1.0 ], [ 0.309017, -0.5, -0.809017, 0.0, 0.5, 0.809017, -0.309017, 0.0, 0.809017, -0.309017, 0.5, 0.0, 0.0, 0.0, 0.0, 1.0 ], [ 0.809017, -0.309017, 0.5, 0.0, 0.309017, -0.5, -0.809017, 0.0, 0.5, 0.809017, -0.309017, 0.0, 0.0, 0.0, 0.0, 1.0 ], [ 0.809017, 0.309017, -0.5, 0.0, 0.309017, 0.5, 0.809017, 0.0, 0.5, -0.809017, 0.309017, 0.0, 0.0, 0.0, 0.0, 1.0 ], [ 0.5, -0.809017, 0.309017, 0.0, 0.809017, 0.309017, -0.5, 0.0, 0.309017, 0.5, 0.809017, 0.0, 0.0, 0.0, 0.0, 1.0 ], [ 0.309017, 0.5, 0.809017, 0.0, 0.5, -0.809017, 0.309017, 0.0, 0.809017, 0.309017, -0.5, 0.0, 0.0, 0.0, 0.0, 1.0 ], [ 1.0, 0.0, 0.0, 0.0, 0.0, -1.0, 0.0, 0.0, 0.0, 0.0, -1.0, 0.0, 0.0, 0.0, 0.0, 1.0 ], [ 0.0, 0.0, 1.0, 0.0, -1.0, 0.0, 0.0, 0.0, 0.0, -1.0, 0.0, 0.0, 0.0, 0.0, 0.0, 1.0 ], [ 0.0, 1.0, 0.0, 0.0, 0.0, 0.0, -1.0, 0.0, -1.0, 0.0, 0.0, 0.0, 0.0, 0.0, 0.0, 1.0 ], [ 0.809017, 0.309017, 0.5, 0.0, -0.309017, -0.5, 0.809017, 0.0, 0.5, -0.809017, -0.309017, 0.0, 0.0, 0.0, 0.0, 1.0 ], [ -0.5, 0.809017, 0.309017, 0.0, -0.809017, -0.309017, -0.5, 0.0, -0.309017, -0.5, 0.809017, 0.0, 0.0, 0.0, 0.0, 1.0 ], [ 0.309017, 0.5, -0.809017, 0.0, 0.5, -0.809017, -0.309017, 0.0, -0.809017, -0.309017, -0.5, 0.0, 0.0, 0.0, 0.0, 1.0 ], [ 0.5, 0.809017, 0.309017, 0.0, -0.809017, 0.309017, 0.5, 0.0, 0.309017, -0.5, 0.809017, 0.0, 0.0, 0.0, 0.0, 1.0 ], [ -0.309017, 0.5, -0.809017, 0.0, -0.5, -0.809017, -0.309017, 0.0, -0.809017, 0.309017, 0.5, 0.0, 0.0, 0.0, 0.0, 1.0 ], [ 0.809017, -0.309017, -0.5, 0.0, 0.309017, -0.5, 0.809017, 0.0, -0.5, -0.809017, -0.309017, 0.0, 0.0, 0.0, 0.0, 1.0 ], [ 0.5, 0.809017, -0.309017, 0.0, -0.809017, 0.309017, -0.5, 0.0, -0.309017, 0.5, 0.809017, 0.0, 0.0, 0.0, 0.0, 1.0 ], [ 0.309017, -0.5, -0.809017, 0.0, -0.5, -0.809017, 0.309017, 0.0, -0.809017, 0.309017, -0.5, 0.0, 0.0, 0.0, 0.0, 1.0 ], [ 0.809017, -0.309017, 0.5, 0.0, -0.309017, 0.5, 0.809017, 0.0, -0.5, -0.809017, 0.309017, 0.0, 0.0, 0.0, 0.0, 1.0 ], [ 0.809017, 0.309017, -0.5, 0.0, -0.309017, -0.5, -0.809017, 0.0, -0.5, 0.809017, -0.309017, 0.0, 0.0, 0.0, 0.0, 1.0 ], [ 0.5, -0.809017, 0.309017, 0.0, -0.809017, -0.309017, 0.5, 0.0, -0.309017, -0.5, -0.809017, 0.0, 0.0, 0.0, 0.0, 1.0 ], [ 0.309017, 0.5, 0.809017, 0.0, -0.5, 0.809017, -0.309017, 0.0, -0.809017, -0.309017, 0.5, 0.0, 0.0, 0.0, 0.0, 1.0 ], [ -1.0, 0.0, 0.0, 0.0, 0.0, -1.0, 0.0, 0.0, 0.0, 0.0, 1.0, 0.0, 0.0, 0.0, 0.0, 1.0 ], [ 0.0, 0.0, -1.0, 0.0, -1.0, 0.0, 0.0, 0.0, 0.0, 1.0, 0.0, 0.0, 0.0, 0.0, 0.0, 1.0 ], [ 0.0, -1.0, 0.0, 0.0, 0.0, 0.0, -1.0, 0.0, 1.0, 0.0, 0.0, 0.0, 0.0, 0.0, 0.0, 1.0 ], [ -0.809017, -0.309017, -0.5, 0.0, -0.309017, -0.5, 0.809017, 0.0, -0.5, 0.809017, 0.309017, 0.0, 0.0, 0.0, 0.0, 1.0 ], [ 0.5, -0.809017, -0.309017, 0.0, -0.809017, -0.309017, -0.5, 0.0, 0.309017, 0.5, -0.809017, 0.0, 0.0, 0.0, 0.0, 1.0 ], [ -0.309017, -0.5, 0.809017, 0.0, 0.5, -0.809017, -0.309017, 0.0, 0.809017, 0.309017, 0.5, 0.0, 0.0, 0.0, 0.0, 1.0 ], [ -0.5, -0.809017, -0.309017, 0.0, -0.809017, 0.309017, 0.5, 0.0, -0.309017, 0.5, -0.809017, 0.0, 0.0, 0.0, 0.0, 1.0 ], [ 0.309017, -0.5, 0.809017, 0.0, -0.5, -0.809017, -0.309017, 0.0, 0.809017, -0.309017, -0.5, 0.0, 0.0, 0.0, 0.0, 1.0 ], [ -0.809017, 0.309017, 0.5, 0.0, 0.309017, -0.5, 0.809017, 0.0, 0.5, 0.809017, 0.309017, 0.0, 0.0, 0.0, 0.0, 1.0 ], [ -0.5, -0.809017, 0.309017, 0.0, -0.809017, 0.309017, -0.5, 0.0, 0.309017, -0.5, -0.809017, 0.0, 0.0, 0.0, 0.0, 1.0 ], [ -0.309017, 0.5, 0.809017, 0.0, -0.5, -0.809017, 0.309017, 0.0, 0.809017, -0.309017, 0.5, 0.0, 0.0, 0.0, 0.0, 1.0 ], [ -0.809017, 0.309017, -0.5, 0.0, -0.309017, 0.5, 0.809017, 0.0, 0.5, 0.809017, -0.309017, 0.0, 0.0, 0.0, 0.0, 1.0 ], [ -0.809017, -0.309017, 0.5, 0.0, -0.309017, -0.5, -0.809017, 0.0, 0.5, -0.809017, 0.309017, 0.0, 0.0, 0.0, 0.0, 1.0 ], [ -0.5, 0.809017, -0.309017, 0.0, -0.809017, -0.309017, 0.5, 0.0, 0.309017, 0.5, 0.809017, 0.0, 0.0, 0.0, 0.0, 1.0 ], [ -0.309017, -0.5, -0.809017, 0.0, -0.5, 0.809017, -0.309017, 0.0, 0.809017, 0.309017, -0.5, 0.0, 0.0, 0.0, 0.0, 1.0 ], [ -1.0, 0.0, 0.0, 0.0, 0.0, 1.0, 0.0, 0.0, 0.0, 0.0, -1.0, 0.0, 0.0, 0.0, 0.0, 1.0 ], [ 0.0, 0.0, -1.0, 0.0, 1.0, 0.0, 0.0, 0.0, 0.0, -1.0, 0.0, 0.0, 0.0, 0.0, 0.0, 1.0 ], [ 0.0, -1.0, 0.0, 0.0, 0.0, 0.0, 1.0, 0.0, -1.0, 0.0, 0.0, 0.0, 0.0, 0.0, 0.0, 1.0 ], [ -0.809017, -0.309017, -0.5, 0.0, 0.309017, 0.5, -0.809017, 0.0, 0.5, -0.809017, -0.309017, 0.0, 0.0, 0.0, 0.0, 1.0 ], [ 0.5, -0.809017, -0.309017, 0.0, 0.809017, 0.309017, 0.5, 0.0, -0.309017, -0.5, 0.809017, 0.0, 0.0, 0.0, 0.0, 1.0 ], [ -0.309017, -0.5, 0.809017, 0.0, -0.5, 0.809017, 0.309017, 0.0, -0.809017, -0.309017, -0.5, 0.0, 0.0, 0.0, 0.0, 1.0 ], [ -0.5, -0.809017, -0.309017, 0.0, 0.809017, -0.309017, -0.5, 0.0, 0.309017, -0.5, 0.809017, 0.0, 0.0, 0.0, 0.0, 1.0 ], [ 0.309017, -0.5, 0.809017, 0.0, 0.5, 0.809017, 0.309017, 0.0, -0.809017, 0.309017, 0.5, 0.0, 0.0, 0.0, 0.0, 1.0 ], [ -0.809017, 0.309017, 0.5, 0.0, -0.309017, 0.5, -0.809017, 0.0, -0.5, -0.809017, -0.309017, 0.0, 0.0, 0.0, 0.0, 1.0 ], [ -0.5, -0.809017, 0.309017, 0.0, 0.809017, -0.309017, 0.5, 0.0, -0.309017, 0.5, 0.809017, 0.0, 0.0, 0.0, 0.0, 1.0 ], [ -0.309017, 0.5, 0.809017, 0.0, 0.5, 0.809017, -0.309017, 0.0, -0.809017, 0.309017, -0.5, 0.0, 0.0, 0.0, 0.0, 1.0 ], [ -0.809017, 0.309017, -0.5, 0.0, 0.309017, -0.5, -0.809017, 0.0, -0.5, -0.809017, 0.309017, 0.0, 0.0, 0.0, 0.0, 1.0 ], [ -0.809017, -0.309017, 0.5, 0.0, 0.309017, 0.5, 0.809017, 0.0, -0.5, 0.809017, -0.309017, 0.0, 0.0, 0.0, 0.0, 1.0 ], [ -0.5, 0.809017, -0.309017, 0.0, 0.809017, 0.309017, -0.5, 0.0, -0.309017, -0.5, -0.809017, 0.0, 0.0, 0.0, 0.0, 1.0 ], [ -0.309017, -0.5, -0.809017, 0.0, 0.5, -0.809017, 0.309017, 0.0, -0.809017, -0.309017, 0.5, 0.0, 0.0, 0.0, 0.0, 1.0 ] ],
  "lights" : {
    "backgroundColor" : "#E0EFFF",
    "ambientColor" : "#292929",
    "directionalLights" : [ {
      "direction" : {
        "x" : 1.0,
        "y" : -1.0,
        "z" : -1.0
      },
      "color" : "#EBEBE4"
    }, {
      "direction" : {
        "x" : -1.0,
        "y" : 0.0,
        "z" : 0.0
      },
      "color" : "#E4E4EB"
    }, {
      "direction" : {
        "x" : 0.0,
        "y" : 0.0,
        "z" : -1.0
      },
      "color" : "#1E1E1E"
    } ]
  },
  "camera" : {
    "lookDirection" : {
      "x" : 0.0,
      "y" : 0.0,
      "z" : -1.0
    },
    "upDirection" : {
      "x" : 0.0,
      "y" : 1.0,
      "z" : 0.0
    },
    "lookAtPoint" : {
      "x" : 0.0,
      "y" : 0.0,
      "z" : 0.0
    },
    "viewDistance" : 313.83878,
    "nearClipDistance" : 0.78459966,
    "farClipDistance" : 627.67865,
    "fieldOfView" : 0.44262952,
    "perspective" : true,
    "stereo" : false,
    "width" : 141.22766,
    "position" : {
      "x" : 0.0,
      "y" : 0.0,
      "z" : 313.83878
    }
  },
  "embedding" : [ 1.0, 0.0, 0.0, 0.0, 0.0, 1.0, 0.0, 0.0, 0.0, 0.0, 1.0, 0.0, 0.0, 0.0, 0.0, 1.0 ],
  "shapes" : [ {
    "id" : "1168abda-c522-4c71-b4e7-6e13b921d9ba",
    "vertices" : [ {
      "x" : 28.434069,
      "y" : 2.1721697,
      "z" : -7.8589835
    }, {
      "x" : 36.805832,
      "y" : 0.0,
      "z" : -14.058577
    }, {
      "x" : 0.0,
      "y" : -14.058577,
      "z" : 36.805832
    }, {
      "x" : 2.1721697,
      "y" : -7.8589835,
      "z" : 28.434069
    } ],
    "faces" : [ {
      "vertices" : [ 0, 1, 2 ]
    }, {
      "vertices" : [ 0, 2, 3 ]
    }, {
      "vertices" : [ 0, 3, 2 ]
    }, {
      "vertices" : [ 0, 2, 1 ]
    } ]
  }, {
    "id" : "a07521d0-e2d6-4263-9657-c6bc3fc8edb7",
    "vertices" : [ {
      "x" : 3.5146441,
      "y" : 10.031153,
      "z" : -27.604374
    }, {
      "x" : 0.0,
      "y" : 14.058577,
      "z" : -36.805832
    }, {
      "x" : 22.747255,
      "y" : 22.747255,
      "z" : 22.747255
    }, {
      "x" : 19.74539,
      "y" : 16.230747,
      "z" : 14.888271
    } ],
    "faces" : [ {
      "vertices" : [ 0, 1, 2 ]
    }, {
      "vertices" : [ 0, 2, 3 ]
    }, {
      "vertices" : [ 0, 3, 2 ]
    }, {
      "vertices" : [ 0, 2, 1 ]
    } ]
  }, {
    "id" : "4470d740-4f91-487d-a09a-4a46203eb4a1",
    "vertices" : [ {
      "x" : 3.5146441,
      "y" : -10.031153,
      "z" : -27.604374
    }, {
      "x" : 0.0,
      "y" : -14.058577,
      "z" : -36.805832
    }, {
      "x" : 22.747255,
      "y" : -22.747255,
      "z" : 22.747255
    }, {
      "x" : 19.74539,
      "y" : -16.230747,
      "z" : 14.888271
    } ],
    "faces" : [ {
      "vertices" : [ 0, 1, 2 ]
    }, {
      "vertices" : [ 0, 2, 3 ]
    }, {
      "vertices" : [ 0, 3, 2 ]
    }, {
      "vertices" : [ 0, 2, 1 ]
    } ]
  }, {
    "id" : "ae429d41-81c2-4e8a-8e30-18f9dbecee7a",
    "vertices" : [ {
      "x" : 18.402916,
      "y" : 14.058577,
      "z" : 18.402916
    }, {
      "x" : 22.747255,
      "y" : 22.747255,
      "z" : 22.747255
    }, {
      "x" : 22.747255,
      "y" : -22.747255,
      "z" : -22.747255
    }, {
      "x" : 18.402916,
      "y" : -18.402916,
      "z" : -14.058577
    } ],
    "faces" : [ {
      "vertices" : [ 0, 1, 2 ]
    }, {
      "vertices" : [ 0, 2, 3 ]
    }, {
      "vertices" : [ 0, 3, 2 ]
    }, {
      "vertices" : [ 0, 2, 1 ]
    } ]
  }, {
    "id" : "f209a2e6-9673-4df7-8cf5-dc86b8421a69",
    "vertices" : [ {
      "x" : 14.058577,
      "y" : -18.402916,
      "z" : -18.402916
    }, {
      "x" : 22.747255,
      "y" : -22.747255,
      "z" : -22.747255
    }, {
      "x" : -22.747255,
      "y" : 22.747255,
      "z" : -22.747255
    }, {
      "x" : -18.402916,
      "y" : 14.058577,
      "z" : -18.402916
    } ],
    "faces" : [ {
      "vertices" : [ 0, 1, 2 ]
    }, {
      "vertices" : [ 0, 2, 3 ]
    }, {
      "vertices" : [ 0, 3, 2 ]
    }, {
      "vertices" : [ 0, 2, 1 ]
    } ]
  }, {
    "id" : "18a02e8a-7c2f-4d57-b6a5-1cdaaf4bf3a3",
    "vertices" : [ {
      "x" : 27.604374,
      "y" : -3.5146441,
      "z" : 10.031153
    }, {
      "x" : 36.805832,
      "y" : 0.0,
      "z" : 14.058577
    }, {
      "x" : -22.747255,
      "y" : -22.747255,
      "z" : 22.747255
    }, {
      "x" : -14.888271,
      "y" : -19.74539,
      "z" : 16.230747
    } ],
    "faces" : [ {
      "vertices" : [ 0, 1, 2 ]
    }, {
      "vertices" : [ 0, 2, 3 ]
    }, {
      "vertices" : [ 0, 3, 2 ]
    }, {
      "vertices" : [ 0, 2, 1 ]
    } ]
  }, {
    "id" : "75710359-e537-48cd-8c0f-e4e1f711d809",
    "vertices" : [ {
      "x" : -18.402916,
      "y" : -14.058577,
      "z" : -18.402916
    }, {
      "x" : -22.747255,
      "y" : -22.747255,
      "z" : -22.747255
    }, {
      "x" : -22.747255,
      "y" : 22.747255,
      "z" : 22.747255
    }, {
      "x" : -18.402916,
      "y" : 18.402916,
      "z" : 14.058577
    } ],
    "faces" : [ {
      "vertices" : [ 0, 1, 2 ]
    }, {
      "vertices" : [ 0, 2, 3 ]
    }, {
      "vertices" : [ 0, 3, 2 ]
    }, {
      "vertices" : [ 0, 2, 1 ]
    } ]
  }, {
    "id" : "213f8e9c-e8ef-4e23-a730-94202fcacec9",
    "vertices" : [ {
      "x" : -26.2619,
      "y" : -1.3424746,
      "z" : 13.545797
    }, {
      "x" : -36.805832,
      "y" : 0.0,
      "z" : 14.058577
    }, {
      "x" : 14.058577,
      "y" : -36.805832,
      "z" : 0.0
    }, {
      "x" : 10.031153,
      "y" : -27.604374,
      "z" : 3.5146441
    } ],
    "faces" : [ {
      "vertices" : [ 0, 1, 2 ]
    }, {
      "vertices" : [ 0, 2, 3 ]
    }, {
      "vertices" : [ 0, 3, 2 ]
    }, {
      "vertices" : [ 0, 2, 1 ]
    } ]
  }, {
    "id" : "6442eead-c85f-4419-8858-5f0d0e20bca6",
    "vertices" : [ {
      "x" : 18.402916,
      "y" : -18.402916,
      "z" : 14.058577
    }, {
      "x" : 22.747255,
      "y" : -22.747255,
      "z" : 22.747255
    }, {
      "x" : -22.747255,
      "y" : -22.747255,
      "z" : -22.747255
    }, {
      "x" : -14.058577,
      "y" : -18.402916,
      "z" : -18.402916
    } ],
    "faces" : [ {
      "vertices" : [ 0, 1, 2 ]
    }, {
      "vertices" : [ 0, 2, 3 ]
    }, {
      "vertices" : [ 0, 3, 2 ]
    }, {
      "vertices" : [ 0, 2, 1 ]
    } ]
  }, {
    "id" : "0c7cec01-3929-4ff6-ad5e-9628bd003202",
    "vertices" : [ {
      "x" : -13.545797,
      "y" : -26.2619,
      "z" : -1.3424746
    }, {
      "x" : -14.058577,
      "y" : -36.805832,
      "z" : 0.0
    }, {
      "x" : 0.0,
      "y" : 14.058577,
      "z" : -36.805832
    }, {
      "x" : -3.5146441,
      "y" : 10.031153,
      "z" : -27.604374
    } ],
    "faces" : [ {
      "vertices" : [ 0, 1, 2 ]
    }, {
      "vertices" : [ 0, 2, 3 ]
    }, {
      "vertices" : [ 0, 3, 2 ]
    }, {
      "vertices" : [ 0, 2, 1 ]
    } ]
  }, {
    "id" : "2b543cc9-599f-430e-9e64-31d84959e2d6",
    "vertices" : [ {
      "x" : 26.2619,
      "y" : 1.3424746,
      "z" : -13.545797
    }, {
      "x" : 36.805832,
      "y" : 0.0,
      "z" : -14.058577
    }, {
      "x" : -14.058577,
      "y" : 36.805832,
      "z" : 0.0
    }, {
      "x" : -10.031153,
      "y" : 27.604374,
      "z" : -3.5146441
    } ],
    "faces" : [ {
      "vertices" : [ 0, 1, 2 ]
    }, {
      "vertices" : [ 0, 2, 3 ]
    }, {
      "vertices" : [ 0, 3, 2 ]
    }, {
      "vertices" : [ 0, 2, 1 ]
    } ]
  }, {
    "id" : "13b5c171-817b-44b9-adf6-77ed9da0f69d",
    "vertices" : [ {
      "x" : -27.604374,
      "y" : 3.5146441,
      "z" : 10.031153
    }, {
      "x" : -36.805832,
      "y" : 0.0,
      "z" : 14.058577
    }, {
      "x" : 22.747255,
      "y" : 22.747255,
      "z" : 22.747255
    }, {
      "x" : 14.888271,
      "y" : 19.74539,
      "z" : 16.230747
    } ],
    "faces" : [ {
      "vertices" : [ 0, 1, 2 ]
    }, {
      "vertices" : [ 0, 2, 3 ]
    }, {
      "vertices" : [ 0, 3, 2 ]
    }, {
      "vertices" : [ 0, 2, 1 ]
    } ]
  }, {
    "id" : "e8104e8b-b3bf-452f-b638-5fbe83522683",
    "vertices" : [ {
      "x" : -3.5146441,
      "y" : 10.031153,
      "z" : 27.604374
    }, {
      "x" : 0.0,
      "y" : 14.058577,
      "z" : 36.805832
    }, {
      "x" : -22.747255,
      "y" : 22.747255,
      "z" : -22.747255
    }, {
      "x" : -19.74539,
      "y" : 16.230747,
      "z" : -14.888271
    } ],
    "faces" : [ {
      "vertices" : [ 0, 1, 2 ]
    }, {
      "vertices" : [ 0, 2, 3 ]
    }, {
      "vertices" : [ 0, 3, 2 ]
    }, {
      "vertices" : [ 0, 2, 1 ]
    } ]
  }, {
    "id" : "272f91ab-5e37-41c6-8c96-4c03ce3c8eec",
    "vertices" : [ {
      "x" : 1.3424746,
      "y" : 13.545797,
      "z" : -26.2619
    }, {
      "x" : 0.0,
      "y" : 14.058577,
      "z" : -36.805832
    }, {
      "x" : 36.805832,
      "y" : 0.0,
      "z" : 14.058577
    }, {
      "x" : 27.604374,
      "y" : 3.5146441,
      "z" : 10.031153
    } ],
    "faces" : [ {
      "vertices" : [ 0, 1, 2 ]
    }, {
      "vertices" : [ 0, 2, 3 ]
    }, {
      "vertices" : [ 0, 3, 2 ]
    }, {
      "vertices" : [ 0, 2, 1 ]
    } ]
  }, {
    "id" : "b95c78bd-57a3-4374-a5ad-59c65a73705c",
    "vertices" : [ {
      "x" : 18.402916,
      "y" : 18.402916,
      "z" : -14.058577
    }, {
      "x" : 22.747255,
      "y" : 22.747255,
      "z" : -22.747255
    }, {
      "x" : -22.747255,
      "y" : 22.747255,
      "z" : 22.747255
    }, {
      "x" : -14.058577,
      "y" : 18.402916,
      "z" : 18.402916
    } ],
    "faces" : [ {
      "vertices" : [ 0, 1, 2 ]
    }, {
      "vertices" : [ 0, 2, 3 ]
    }, {
      "vertices" : [ 0, 3, 2 ]
    }, {
      "vertices" : [ 0, 2, 1 ]
    } ]
  }, {
    "id" : "22e23e23-4423-4128-8171-1a6a76299625",
    "vertices" : [ {
      "x" : 16.230747,
      "y" : 14.888271,
      "z" : -19.74539
    }, {
      "x" : 22.747255,
      "y" : 22.747255,
      "z" : -22.747255
    }, {
      "x" : -36.805832,
      "y" : 0.0,
      "z" : -14.058577
    }, {
      "x" : -26.2619,
      "y" : -1.3424746,
      "z" : -13.545797
    } ],
    "faces" : [ {
      "vertices" : [ 0, 1, 2 ]
    }, {
      "vertices" : [ 0, 2, 3 ]
    }, {
      "vertices" : [ 0, 3, 2 ]
    }, {
      "vertices" : [ 0, 2, 1 ]
    } ]
  }, {
    "id" : "52355006-2307-4ec9-a4a0-8ed3ed00ef69",
    "vertices" : [ {
      "x" : -13.545797,
      "y" : -26.2619,
      "z" : 1.3424746
    }, {
      "x" : -14.058577,
      "y" : -36.805832,
      "z" : 0.0
    }, {
      "x" : 0.0,
      "y" : 14.058577,
      "z" : 36.805832
    }, {
      "x" : -3.5146441,
      "y" : 10.031153,
      "z" : 27.604374
    } ],
    "faces" : [ {
      "vertices" : [ 0, 1, 2 ]
    }, {
      "vertices" : [ 0, 2, 3 ]
    }, {
      "vertices" : [ 0, 3, 2 ]
    }, {
      "vertices" : [ 0, 2, 1 ]
    } ]
  }, {
    "id" : "ec7ff21f-b28d-40f3-a211-1d0e7db9bc93",
    "vertices" : [ {
      "x" : 16.230747,
      "y" : 14.888271,
      "z" : 19.74539
    }, {
      "x" : 22.747255,
      "y" : 22.747255,
      "z" : 22.747255
    }, {
      "x" : -36.805832,
      "y" : 0.0,
      "z" : 14.058577
    }, {
      "x" : -26.2619,
      "y" : -1.3424746,
      "z" : 13.545797
    } ],
    "faces" : [ {
      "vertices" : [ 0, 1, 2 ]
    }, {
      "vertices" : [ 0, 2, 3 ]
    }, {
      "vertices" : [ 0, 3, 2 ]
    }, {
      "vertices" : [ 0, 2, 1 ]
    } ]
  }, {
    "id" : "7c13f024-29c9-472c-816e-e4bdaf454aae",
    "vertices" : [ {
      "x" : -26.2619,
      "y" : -1.3424746,
      "z" : -13.545797
    }, {
      "x" : -36.805832,
      "y" : 0.0,
      "z" : -14.058577
    }, {
      "x" : 14.058577,
      "y" : -36.805832,
      "z" : 0.0
    }, {
      "x" : 10.031153,
      "y" : -27.604374,
      "z" : -3.5146441
    } ],
    "faces" : [ {
      "vertices" : [ 0, 1, 2 ]
    }, {
      "vertices" : [ 0, 2, 3 ]
    }, {
      "vertices" : [ 0, 3, 2 ]
    }, {
      "vertices" : [ 0, 2, 1 ]
    } ]
  }, {
    "id" : "602b33c7-92e2-4e52-8a8c-95b9c282463d",
    "vertices" : [ {
      "x" : 19.74539,
      "y" : 16.230747,
      "z" : 14.888271
    }, {
      "x" : 22.747255,
      "y" : 22.747255,
      "z" : 22.747255
    }, {
      "x" : 14.058577,
      "y" : -36.805832,
      "z" : 0.0
    }, {
      "x" : 13.545797,
      "y" : -26.2619,
      "z" : -1.3424746
    } ],
    "faces" : [ {
      "vertices" : [ 0, 1, 2 ]
    }, {
      "vertices" : [ 0, 2, 3 ]
    }, {
      "vertices" : [ 0, 3, 2 ]
    }, {
      "vertices" : [ 0, 2, 1 ]
    } ]
  }, {
    "id" : "c32b5853-0ad2-4cda-b25e-5d08f0eac685",
    "vertices" : [ {
      "x" : 10.031153,
      "y" : 27.604374,
      "z" : 3.5146441
    }, {
      "x" : 14.058577,
      "y" : 36.805832,
      "z" : 0.0
    }, {
      "x" : 22.747255,
      "y" : -22.747255,
      "z" : 22.747255
    }, {
      "x" : 16.230747,
      "y" : -14.888271,
      "z" : 19.74539
    } ],
    "faces" : [ {
      "vertices" : [ 0, 1, 2 ]
    }, {
      "vertices" : [ 0, 2, 3 ]
    }, {
      "vertices" : [ 0, 3, 2 ]
    }, {
      "vertices" : [ 0, 2, 1 ]
    } ]
  }, {
    "id" : "67419856-80fe-467c-9866-e2f38e452261",
    "vertices" : [ {
      "x" : -1.3424746,
      "y" : -13.545797,
      "z" : -26.2619
    }, {
      "x" : 0.0,
      "y" : -14.058577,
      "z" : -36.805832
    }, {
      "x" : -36.805832,
      "y" : 0.0,
      "z" : 14.058577
    }, {
      "x" : -27.604374,
      "y" : -3.5146441,
      "z" : 10.031153
    } ],
    "faces" : [ {
      "vertices" : [ 0, 1, 2 ]
    }, {
      "vertices" : [ 0, 2, 3 ]
    }, {
      "vertices" : [ 0, 3, 2 ]
    }, {
      "vertices" : [ 0, 2, 1 ]
    } ]
  }, {
    "id" : "cdac7a93-8cb8-41f5-bae3-f9e026ec8796",
    "vertices" : [ {
      "x" : 10.031153,
      "y" : 27.604374,
      "z" : -3.5146441
    }, {
      "x" : 14.058577,
      "y" : 36.805832,
      "z" : 0.0
    }, {
      "x" : 22.747255,
      "y" : -22.747255,
      "z" : -22.747255
    }, {
      "x" : 16.230747,
      "y" : -14.888271,
      "z" : -19.74539
    } ],
    "faces" : [ {
      "vertices" : [ 0, 1, 2 ]
    }, {
      "vertices" : [ 0, 2, 3 ]
    }, {
      "vertices" : [ 0, 3, 2 ]
    }, {
      "vertices" : [ 0, 2, 1 ]
    } ]
  }, {
    "id" : "2a278535-8619-4b36-8760-f4d0355e34fd",
    "vertices" : [ {
      "x" : 26.2619,
      "y" : 1.3424746,
      "z" : 13.545797
    }, {
      "x" : 36.805832,
      "y" : 0.0,
      "z" : 14.058577
    }, {
      "x" : -14.058577,
      "y" : 36.805832,
      "z" : 0.0
    }, {
      "x" : -10.031153,
      "y" : 27.604374,
      "z" : 3.5146441
    } ],
    "faces" : [ {
      "vertices" : [ 0, 1, 2 ]
    }, {
      "vertices" : [ 0, 2, 3 ]
    }, {
      "vertices" : [ 0, 3, 2 ]
    }, {
      "vertices" : [ 0, 2, 1 ]
    } ]
  }, {
    "id" : "605d4cdd-fe3a-44f2-9901-31aff47b28ad",
    "vertices" : [ {
      "x" : -7.8589835,
      "y" : 28.434069,
      "z" : -2.1721697
    }, {
      "x" : -14.058577,
      "y" : 36.805832,
      "z" : 0.0
    }, {
      "x" : 36.805832,
      "y" : 0.0,
      "z" : 14.058577
    }, {
      "x" : 28.434069,
      "y" : 2.1721697,
      "z" : 7.8589835
    } ],
    "faces" : [ {
      "vertices" : [ 0, 1, 2 ]
    }, {
      "vertices" : [ 0, 2, 3 ]
    }, {
      "vertices" : [ 0, 3, 2 ]
    }, {
      "vertices" : [ 0, 2, 1 ]
    } ]
  }, {
    "id" : "fc83c906-e273-4c19-89cf-0a0b541ec60a",
    "vertices" : [ {
      "x" : -7.8589835,
      "y" : 28.434069,
      "z" : 2.1721697
    }, {
      "x" : -14.058577,
      "y" : 36.805832,
      "z" : 0.0
    }, {
      "x" : 36.805832,
      "y" : 0.0,
      "z" : -14.058577
    }, {
      "x" : 28.434069,
      "y" : 2.1721697,
      "z" : -7.8589835
    } ],
    "faces" : [ {
      "vertices" : [ 0, 1, 2 ]
    }, {
      "vertices" : [ 0, 2, 3 ]
    }, {
      "vertices" : [ 0, 3, 2 ]
    }, {
      "vertices" : [ 0, 2, 1 ]
    } ]
  }, {
    "id" : "f2c5a623-9eda-416c-95ba-619f66a689a4",
    "vertices" : [ {
      "x" : -28.434069,
      "y" : -2.1721697,
      "z" : 7.8589835
    }, {
      "x" : -36.805832,
      "y" : 0.0,
      "z" : 14.058577
    }, {
      "x" : 0.0,
      "y" : 14.058577,
      "z" : -36.805832
    }, {
      "x" : -2.1721697,
      "y" : 7.8589835,
      "z" : -28.434069
    } ],
    "faces" : [ {
      "vertices" : [ 0, 1, 2 ]
    }, {
      "vertices" : [ 0, 2, 3 ]
    }, {
      "vertices" : [ 0, 3, 2 ]
    }, {
      "vertices" : [ 0, 2, 1 ]
    } ]
  }, {
    "id" : "8fd7b73b-4f22-47b4-9883-4d8b8abe1c1d",
    "vertices" : [ {
      "x" : 14.058577,
      "y" : 18.402916,
      "z" : -18.402916
    }, {
      "x" : 22.747255,
      "y" : 22.747255,
      "z" : -22.747255
    }, {
      "x" : -22.747255,
      "y" : -22.747255,
      "z" : -22.747255
    }, {
      "x" : -18.402916,
      "y" : -14.058577,
      "z" : -18.402916
    } ],
    "faces" : [ {
      "vertices" : [ 0, 1, 2 ]
    }, {
      "vertices" : [ 0, 2, 3 ]
    }, {
      "vertices" : [ 0, 3, 2 ]
    }, {
      "vertices" : [ 0, 2, 1 ]
    } ]
  }, {
    "id" : "7e155dfc-e110-4b2b-8fab-d8f14c639767",
    "vertices" : [ {
      "x" : 7.8589835,
      "y" : 28.434069,
      "z" : 2.1721697
    }, {
      "x" : 14.058577,
      "y" : 36.805832,
      "z" : 0.0
    }, {
      "x" : -36.805832,
      "y" : 0.0,
      "z" : -14.058577
    }, {
      "x" : -28.434069,
      "y" : 2.1721697,
      "z" : -7.8589835
    } ],
    "faces" : [ {
      "vertices" : [ 0, 1, 2 ]
    }, {
      "vertices" : [ 0, 2, 3 ]
    }, {
      "vertices" : [ 0, 3, 2 ]
    }, {
      "vertices" : [ 0, 2, 1 ]
    } ]
  }, {
    "id" : "4e41aeb7-6d18-495e-9644-1743f7948c6d",
    "vertices" : [ {
      "x" : -27.604374,
      "y" : 3.5146441,
      "z" : -10.031153
    }, {
      "x" : -36.805832,
      "y" : 0.0,
      "z" : -14.058577
    }, {
      "x" : 22.747255,
      "y" : 22.747255,
      "z" : -22.747255
    }, {
      "x" : 14.888271,
      "y" : 19.74539,
      "z" : -16.230747
    } ],
    "faces" : [ {
      "vertices" : [ 0, 1, 2 ]
    }, {
      "vertices" : [ 0, 2, 3 ]
    }, {
      "vertices" : [ 0, 3, 2 ]
    }, {
      "vertices" : [ 0, 2, 1 ]
    } ]
  }, {
    "id" : "550903ab-c9ca-47e1-9ec5-96a279282bb3",
    "vertices" : [ {
      "x" : -3.5146441,
      "y" : -10.031153,
      "z" : -27.604374
    }, {
      "x" : 0.0,
      "y" : -14.058577,
      "z" : -36.805832
    }, {
      "x" : -22.747255,
      "y" : -22.747255,
      "z" : 22.747255
    }, {
      "x" : -19.74539,
      "y" : -16.230747,
      "z" : 14.888271
    } ],
    "faces" : [ {
      "vertices" : [ 0, 1, 2 ]
    }, {
      "vertices" : [ 0, 2, 3 ]
    }, {
      "vertices" : [ 0, 3, 2 ]
    }, {
      "vertices" : [ 0, 2, 1 ]
    } ]
  }, {
    "id" : "31c0394c-9dc7-41a8-9932-a6ac6b8f454b",
    "vertices" : [ {
      "x" : 2.1721697,
      "y" : -7.8589835,
      "z" : 28.434069
    }, {
      "x" : 0.0,
      "y" : -14.058577,
      "z" : 36.805832
    }, {
      "x" : -14.058577,
      "y" : 36.805832,
      "z" : 0.0
    }, {
      "x" : -7.8589835,
      "y" : 28.434069,
      "z" : 2.1721697
    } ],
    "faces" : [ {
      "vertices" : [ 0, 1, 2 ]
    }, {
      "vertices" : [ 0, 2, 3 ]
    }, {
      "vertices" : [ 0, 3, 2 ]
    }, {
      "vertices" : [ 0, 2, 1 ]
    } ]
  }, {
    "id" : "704e9607-7142-44c4-97f6-e8b8954faf07",
    "vertices" : [ {
      "x" : -14.888271,
      "y" : -19.74539,
      "z" : -16.230747
    }, {
      "x" : -22.747255,
      "y" : -22.747255,
      "z" : -22.747255
    }, {
      "x" : 0.0,
      "y" : -14.058577,
      "z" : 36.805832
    }, {
      "x" : 1.3424746,
      "y" : -13.545797,
      "z" : 26.2619
    } ],
    "faces" : [ {
      "vertices" : [ 0, 1, 2 ]
    }, {
      "vertices" : [ 0, 2, 3 ]
    }, {
      "vertices" : [ 0, 3, 2 ]
    }, {
      "vertices" : [ 0, 2, 1 ]
    } ]
  }, {
    "id" : "82313ea6-61c5-42fe-95e3-18da3e1f8008",
    "vertices" : [ {
      "x" : 18.402916,
      "y" : -14.058577,
      "z" : 18.402916
    }, {
      "x" : 22.747255,
      "y" : -22.747255,
      "z" : 22.747255
    }, {
      "x" : 22.747255,
      "y" : 22.747255,
      "z" : -22.747255
    }, {
      "x" : 18.402916,
      "y" : 18.402916,
      "z" : -14.058577
    } ],
    "faces" : [ {
      "vertices" : [ 0, 1, 2 ]
    }, {
      "vertices" : [ 0, 2, 3 ]
    }, {
      "vertices" : [ 0, 3, 2 ]
    }, {
      "vertices" : [ 0, 2, 1 ]
    } ]
  }, {
    "id" : "8873f450-1071-44ce-b9e5-5aa8acf4d266",
    "vertices" : [ {
      "x" : -18.402916,
      "y" : 14.058577,
      "z" : 18.402916
    }, {
      "x" : -22.747255,
      "y" : 22.747255,
      "z" : 22.747255
    }, {
      "x" : -22.747255,
      "y" : -22.747255,
      "z" : -22.747255
    }, {
      "x" : -18.402916,
      "y" : -18.402916,
      "z" : -14.058577
    } ],
    "faces" : [ {
      "vertices" : [ 0, 1, 2 ]
    }, {
      "vertices" : [ 0, 2, 3 ]
    }, {
      "vertices" : [ 0, 3, 2 ]
    }, {
      "vertices" : [ 0, 2, 1 ]
    } ]
  }, {
    "id" : "ae0c3da4-30dc-4566-a36b-f3c2c8eaface",
    "vertices" : [ {
      "x" : -13.545797,
      "y" : 26.2619,
      "z" : -1.3424746
    }, {
      "x" : -14.058577,
      "y" : 36.805832,
      "z" : 0.0
    }, {
      "x" : 0.0,
      "y" : -14.058577,
      "z" : -36.805832
    }, {
      "x" : -3.5146441,
      "y" : -10.031153,
      "z" : -27.604374
    } ],
    "faces" : [ {
      "vertices" : [ 0, 1, 2 ]
    }, {
      "vertices" : [ 0, 2, 3 ]
    }, {
      "vertices" : [ 0, 3, 2 ]
    }, {
      "vertices" : [ 0, 2, 1 ]
    } ]
  }, {
    "id" : "acfbb787-b330-48c3-b630-a539074f840e",
    "vertices" : [ {
      "x" : 10.031153,
      "y" : -27.604374,
      "z" : 3.5146441
    }, {
      "x" : 14.058577,
      "y" : -36.805832,
      "z" : 0.0
    }, {
      "x" : 22.747255,
      "y" : 22.747255,
      "z" : 22.747255
    }, {
      "x" : 16.230747,
      "y" : 14.888271,
      "z" : 19.74539
    } ],
    "faces" : [ {
      "vertices" : [ 0, 1, 2 ]
    }, {
      "vertices" : [ 0, 2, 3 ]
    }, {
      "vertices" : [ 0, 3, 2 ]
    }, {
      "vertices" : [ 0, 2, 1 ]
    } ]
  }, {
    "id" : "c683ac2d-01ee-4ccb-877f-b861fdcec3ac",
    "vertices" : [ {
      "x" : 3.5146441,
      "y" : 10.031153,
      "z" : 27.604374
    }, {
      "x" : 0.0,
      "y" : 14.058577,
      "z" : 36.805832
    }, {
      "x" : 22.747255,
      "y" : 22.747255,
      "z" : -22.747255
    }, {
      "x" : 19.74539,
      "y" : 16.230747,
      "z" : -14.888271
    } ],
    "faces" : [ {
      "vertices" : [ 0, 1, 2 ]
    }, {
      "vertices" : [ 0, 2, 3 ]
    }, {
      "vertices" : [ 0, 3, 2 ]
    }, {
      "vertices" : [ 0, 2, 1 ]
    } ]
  }, {
    "id" : "3cd597a3-7e1c-4526-aad3-55add7865e6e",
    "vertices" : [ {
      "x" : 13.545797,
      "y" : 26.2619,
      "z" : -1.3424746
    }, {
      "x" : 14.058577,
      "y" : 36.805832,
      "z" : 0.0
    }, {
      "x" : 0.0,
      "y" : -14.058577,
      "z" : -36.805832
    }, {
      "x" : 3.5146441,
      "y" : -10.031153,
      "z" : -27.604374
    } ],
    "faces" : [ {
      "vertices" : [ 0, 1, 2 ]
    }, {
      "vertices" : [ 0, 2, 3 ]
    }, {
      "vertices" : [ 0, 3, 2 ]
    }, {
      "vertices" : [ 0, 2, 1 ]
    } ]
  }, {
    "id" : "954d0dd2-2c68-4490-8ccf-2e83d0567434",
    "vertices" : [ {
      "x" : 1.3424746,
      "y" : 13.545797,
      "z" : 26.2619
    }, {
      "x" : 0.0,
      "y" : 14.058577,
      "z" : 36.805832
    }, {
      "x" : 36.805832,
      "y" : 0.0,
      "z" : -14.058577
    }, {
      "x" : 27.604374,
      "y" : 3.5146441,
      "z" : -10.031153
    } ],
    "faces" : [ {
      "vertices" : [ 0, 1, 2 ]
    }, {
      "vertices" : [ 0, 2, 3 ]
    }, {
      "vertices" : [ 0, 3, 2 ]
    }, {
      "vertices" : [ 0, 2, 1 ]
    } ]
  }, {
    "id" : "034bee92-fd31-44dd-a27f-23f85a83be4f",
    "vertices" : [ {
      "x" : -10.031153,
      "y" : -27.604374,
      "z" : 3.5146441
    }, {
      "x" : -14.058577,
      "y" : -36.805832,
      "z" : 0.0
    }, {
      "x" : -22.747255,
      "y" : 22.747255,
      "z" : 22.747255
    }, {
      "x" : -16.230747,
      "y" : 14.888271,
      "z" : 19.74539
    } ],
    "faces" : [ {
      "vertices" : [ 0, 1, 2 ]
    }, {
      "vertices" : [ 0, 2, 3 ]
    }, {
      "vertices" : [ 0, 3, 2 ]
    }, {
      "vertices" : [ 0, 2, 1 ]
    } ]
  }, {
    "id" : "620cab09-6cd4-469c-8946-bb0e19a04d73",
    "vertices" : [ {
      "x" : 14.058577,
      "y" : 18.402916,
      "z" : 18.402916
    }, {
      "x" : 22.747255,
      "y" : 22.747255,
      "z" : 22.747255
    }, {
      "x" : -22.747255,
      "y" : -22.747255,
      "z" : 22.747255
    }, {
      "x" : -18.402916,
      "y" : -14.058577,
      "z" : 18.402916
    } ],
    "faces" : [ {
      "vertices" : [ 0, 1, 2 ]
    }, {
      "vertices" : [ 0, 2, 3 ]
    }, {
      "vertices" : [ 0, 3, 2 ]
    }, {
      "vertices" : [ 0, 2, 1 ]
    } ]
  }, {
    "id" : "ebfef92e-d7cc-4122-9ab8-03fde6ff2e6a",
    "vertices" : [ {
      "x" : -14.058577,
      "y" : 18.402916,
      "z" : -18.402916
    }, {
      "x" : -22.747255,
      "y" : 22.747255,
      "z" : -22.747255
    }, {
      "x" : 22.747255,
      "y" : -22.747255,
      "z" : -22.747255
    }, {
      "x" : 18.402916,
      "y" : -14.058577,
      "z" : -18.402916
    } ],
    "faces" : [ {
      "vertices" : [ 0, 1, 2 ]
    }, {
      "vertices" : [ 0, 2, 3 ]
    }, {
      "vertices" : [ 0, 3, 2 ]
    }, {
      "vertices" : [ 0, 2, 1 ]
    } ]
  }, {
    "id" : "d3ffa6ea-36b3-4737-8c96-8c8abe56cb34",
    "vertices" : [ {
      "x" : -18.402916,
      "y" : 14.058577,
      "z" : -18.402916
    }, {
      "x" : -22.747255,
      "y" : 22.747255,
      "z" : -22.747255
    }, {
      "x" : -22.747255,
      "y" : -22.747255,
      "z" : 22.747255
    }, {
      "x" : -18.402916,
      "y" : -18.402916,
      "z" : 14.058577
    } ],
    "faces" : [ {
      "vertices" : [ 0, 1, 2 ]
    }, {
      "vertices" : [ 0, 2, 3 ]
    }, {
      "vertices" : [ 0, 3, 2 ]
    }, {
      "vertices" : [ 0, 2, 1 ]
    } ]
  }, {
    "id" : "04a2b0eb-ddaf-4b3f-aa51-918d7bb04746",
    "vertices" : [ {
      "x" : 2.1721697,
      "y" : 7.8589835,
      "z" : 28.434069
    }, {
      "x" : 0.0,
      "y" : 14.058577,
      "z" : 36.805832
    }, {
      "x" : -14.058577,
      "y" : -36.805832,
      "z" : 0.0
    }, {
      "x" : -7.8589835,
      "y" : -28.434069,
      "z" : 2.1721697
    } ],
    "faces" : [ {
      "vertices" : [ 0, 1, 2 ]
    }, {
      "vertices" : [ 0, 2, 3 ]
    }, {
      "vertices" : [ 0, 3, 2 ]
    }, {
      "vertices" : [ 0, 2, 1 ]
    } ]
  }, {
    "id" : "e0458f5c-699f-4200-a820-addd7c783875",
    "vertices" : [ {
      "x" : 2.1721697,
      "y" : -7.8589835,
      "z" : -28.434069
    }, {
      "x" : 0.0,
      "y" : -14.058577,
      "z" : -36.805832
    }, {
      "x" : -14.058577,
      "y" : 36.805832,
      "z" : 0.0
    }, {
      "x" : -7.8589835,
      "y" : 28.434069,
      "z" : -2.1721697
    } ],
    "faces" : [ {
      "vertices" : [ 0, 1, 2 ]
    }, {
      "vertices" : [ 0, 2, 3 ]
    }, {
      "vertices" : [ 0, 3, 2 ]
    }, {
      "vertices" : [ 0, 2, 1 ]
    } ]
  }, {
    "id" : "5812fbe2-5e07-4a49-9642-56abc5946dbf",
    "vertices" : [ {
      "x" : -14.058577,
      "y" : -18.402916,
      "z" : 18.402916
    }, {
      "x" : -22.747255,
      "y" : -22.747255,
      "z" : 22.747255
    }, {
      "x" : 22.747255,
      "y" : 22.747255,
      "z" : 22.747255
    }, {
      "x" : 18.402916,
      "y" : 14.058577,
      "z" : 18.402916
    } ],
    "faces" : [ {
      "vertices" : [ 0, 1, 2 ]
    }, {
      "vertices" : [ 0, 2, 3 ]
    }, {
      "vertices" : [ 0, 3, 2 ]
    }, {
      "vertices" : [ 0, 2, 1 ]
    } ]
  }, {
    "id" : "c53b5f36-ccd4-4b42-9d7e-103e88e380c5",
    "vertices" : [ {
      "x" : -3.5146441,
      "y" : 10.031153,
      "z" : -27.604374
    }, {
      "x" : 0.0,
      "y" : 14.058577,
      "z" : -36.805832
    }, {
      "x" : -22.747255,
      "y" : 22.747255,
      "z" : 22.747255
    }, {
      "x" : -19.74539,
      "y" : 16.230747,
      "z" : 14.888271
    } ],
    "faces" : [ {
      "vertices" : [ 0, 1, 2 ]
    }, {
      "vertices" : [ 0, 2, 3 ]
    }, {
      "vertices" : [ 0, 3, 2 ]
    }, {
      "vertices" : [ 0, 2, 1 ]
    } ]
  }, {
    "id" : "971053b5-ccde-47fc-9b45-b0bbfb43d90f",
    "vertices" : [ {
      "x" : -16.230747,
      "y" : -14.888271,
      "z" : -19.74539
    }, {
      "x" : -22.747255,
      "y" : -22.747255,
      "z" : -22.747255
    }, {
      "x" : 36.805832,
      "y" : 0.0,
      "z" : -14.058577
    }, {
      "x" : 26.2619,
      "y" : 1.3424746,
      "z" : -13.545797
    } ],
    "faces" : [ {
      "vertices" : [ 0, 1, 2 ]
    }, {
      "vertices" : [ 0, 2, 3 ]
    }, {
      "vertices" : [ 0, 3, 2 ]
    }, {
      "vertices" : [ 0, 2, 1 ]
    } ]
  }, {
    "id" : "f8ab60ea-1b01-4008-a92b-38587fba6a3e",
    "vertices" : [ {
      "x" : -19.74539,
      "y" : 16.230747,
      "z" : 14.888271
    }, {
      "x" : -22.747255,
      "y" : 22.747255,
      "z" : 22.747255
    }, {
      "x" : -14.058577,
      "y" : -36.805832,
      "z" : 0.0
    }, {
      "x" : -13.545797,
      "y" : -26.2619,
      "z" : -1.3424746
    } ],
    "faces" : [ {
      "vertices" : [ 0, 1, 2 ]
    }, {
      "vertices" : [ 0, 2, 3 ]
    }, {
      "vertices" : [ 0, 3, 2 ]
    }, {
      "vertices" : [ 0, 2, 1 ]
    } ]
  }, {
    "id" : "c132a404-3311-411c-b68a-c0899664e0c9",
    "vertices" : [ {
      "x" : 27.604374,
      "y" : -3.5146441,
      "z" : -10.031153
    }, {
      "x" : 36.805832,
      "y" : 0.0,
      "z" : -14.058577
    }, {
      "x" : -22.747255,
      "y" : -22.747255,
      "z" : -22.747255
    }, {
      "x" : -14.888271,
      "y" : -19.74539,
      "z" : -16.230747
    } ],
    "faces" : [ {
      "vertices" : [ 0, 1, 2 ]
    }, {
      "vertices" : [ 0, 2, 3 ]
    }, {
      "vertices" : [ 0, 3, 2 ]
    }, {
      "vertices" : [ 0, 2, 1 ]
    } ]
  }, {
    "id" : "7a2e60f7-0448-421e-a829-5805126dbcd5",
    "vertices" : [ {
      "x" : -3.5146441,
      "y" : -10.031153,
      "z" : 27.604374
    }, {
      "x" : 0.0,
      "y" : -14.058577,
      "z" : 36.805832
    }, {
      "x" : -22.747255,
      "y" : -22.747255,
      "z" : -22.747255
    }, {
      "x" : -19.74539,
      "y" : -16.230747,
      "z" : -14.888271
    } ],
    "faces" : [ {
      "vertices" : [ 0, 1, 2 ]
    }, {
      "vertices" : [ 0, 2, 3 ]
    }, {
      "vertices" : [ 0, 3, 2 ]
    }, {
      "vertices" : [ 0, 2, 1 ]
    } ]
  }, {
    "id" : "040de239-0038-4b73-8625-a6f731234c36",
    "vertices" : [ {
      "x" : -2.1721697,
      "y" : 7.8589835,
      "z" : -28.434069
    }, {
      "x" : 0.0,
      "y" : 14.058577,
      "z" : -36.805832
    }, {
      "x" : 14.058577,
      "y" : -36.805832,
      "z" : 0.0
    }, {
      "x" : 7.8589835,
      "y" : -28.434069,
      "z" : -2.1721697
    } ],
    "faces" : [ {
      "vertices" : [ 0, 1, 2 ]
    }, {
      "vertices" : [ 0, 2, 3 ]
    }, {
      "vertices" : [ 0, 3, 2 ]
    }, {
      "vertices" : [ 0, 2, 1 ]
    } ]
  }, {
    "id" : "0a494165-3b21-414b-bb52-2de7a6c3c4d6",
    "vertices" : [ {
      "x" : -18.402916,
      "y" : -18.402916,
      "z" : 14.058577
    }, {
      "x" : -22.747255,
      "y" : -22.747255,
      "z" : 22.747255
    }, {
      "x" : 22.747255,
      "y" : -22.747255,
      "z" : -22.747255
    }, {
      "x" : 14.058577,
      "y" : -18.402916,
      "z" : -18.402916
    } ],
    "faces" : [ {
      "vertices" : [ 0, 1, 2 ]
    }, {
      "vertices" : [ 0, 2, 3 ]
    }, {
      "vertices" : [ 0, 3, 2 ]
    }, {
      "vertices" : [ 0, 2, 1 ]
    } ]
  }, {
    "id" : "4889c507-4350-4cf0-8e03-ec8b06fa83d5",
    "vertices" : [ {
      "x" : 13.545797,
      "y" : -26.2619,
      "z" : -1.3424746
    }, {
      "x" : 14.058577,
      "y" : -36.805832,
      "z" : 0.0
    }, {
      "x" : 0.0,
      "y" : 14.058577,
      "z" : -36.805832
    }, {
      "x" : 3.5146441,
      "y" : 10.031153,
      "z" : -27.604374
    } ],
    "faces" : [ {
      "vertices" : [ 0, 1, 2 ]
    }, {
      "vertices" : [ 0, 2, 3 ]
    }, {
      "vertices" : [ 0, 3, 2 ]
    }, {
      "vertices" : [ 0, 2, 1 ]
    } ]
  }, {
    "id" : "0bc5faf0-f5c1-40ef-9fa0-c1006eac897a",
    "vertices" : [ {
      "x" : -19.74539,
      "y" : 16.230747,
      "z" : -14.888271
    }, {
      "x" : -22.747255,
      "y" : 22.747255,
      "z" : -22.747255
    }, {
      "x" : -14.058577,
      "y" : -36.805832,
      "z" : 0.0
    }, {
      "x" : -13.545797,
      "y" : -26.2619,
      "z" : 1.3424746
    } ],
    "faces" : [ {
      "vertices" : [ 0, 1, 2 ]
    }, {
      "vertices" : [ 0, 2, 3 ]
    }, {
      "vertices" : [ 0, 3, 2 ]
    }, {
      "vertices" : [ 0, 2, 1 ]
    } ]
  }, {
    "id" : "4bb717e1-d777-4891-91c2-36e80434d026",
    "vertices" : [ {
      "x" : 26.2619,
      "y" : -1.3424746,
      "z" : -13.545797
    }, {
      "x" : 36.805832,
      "y" : 0.0,
      "z" : -14.058577
    }, {
      "x" : -14.058577,
      "y" : -36.805832,
      "z" : 0.0
    }, {
      "x" : -10.031153,
      "y" : -27.604374,
      "z" : -3.5146441
    } ],
    "faces" : [ {
      "vertices" : [ 0, 1, 2 ]
    }, {
      "vertices" : [ 0, 2, 3 ]
    }, {
      "vertices" : [ 0, 3, 2 ]
    }, {
      "vertices" : [ 0, 2, 1 ]
    } ]
  }, {
