{
  "field" : "golden",
  "symmetry" : "icosahedral",
  "orientations" : [ [ 1.0, 0.0, 0.0, 0.0, 0.0, 1.0, 0.0, 0.0, 0.0, 0.0, 1.0, 0.0, 0.0, 0.0, 0.0, 1.0 ], [ 0.0, 0.0, 1.0, 0.0, 1.0, 0.0, 0.0, 0.0, 0.0, 1.0, 0.0, 0.0, 0.0, 0.0, 0.0, 1.0 ], [ 0.0, 1.0, 0.0, 0.0, 0.0, 0.0, 1.0, 0.0, 1.0, 0.0, 0.0, 0.0, 0.0, 0.0, 0.0, 1.0 ], [ 0.809017, 0.309017, 0.5, 0.0, 0.309017, 0.5, -0.809017, 0.0, -0.5, 0.809017, 0.309017, 0.0, 0.0, 0.0, 0.0, 1.0 ], [ -0.5, 0.809017, 0.309017, 0.0, 0.809017, 0.309017, 0.5, 0.0, 0.309017, 0.5, -0.809017, 0.0, 0.0, 0.0, 0.0, 1.0 ], [ 0.309017, 0.5, -0.809017, 0.0, -0.5, 0.809017, 0.309017, 0.0, 0.809017, 0.309017, 0.5, 0.0, 0.0, 0.0, 0.0, 1.0 ], [ 0.5, 0.809017, 0.309017, 0.0, 0.809017, -0.309017, -0.5, 0.0, -0.309017, 0.5, -0.809017, 0.0, 0.0, 0.0, 0.0, 1.0 ], [ -0.309017, 0.5, -0.809017, 0.0, 0.5, 0.809017, 0.309017, 0.0, 0.809017, -0.309017, -0.5, 0.0, 0.0, 0.0, 0.0, 1.0 ], [ 0.809017, -0.309017, -0.5, 0.0, -0.309017, 0.5, -0.809017, 0.0, 0.5, 0.809017, 0.309017, 0.0, 0.0, 0.0, 0.0, 1.0 ], [ 0.5, 0.809017, -0.309017, 0.0, 0.809017, -0.309017, 0.5, 0.0, 0.309017, -0.5, -0.809017, 0.0, 0.0, 0.0, 0.0, 1.0 ], [ 0.309017, -0.5, -0.809017, 0.0, 0.5, 0.809017, -0.309017, 0.0, 0.809017, -0.309017, 0.5, 0.0, 0.0, 0.0, 0.0, 1.0 ], [ 0.809017, -0.309017, 0.5, 0.0, 0.309017, -0.5, -0.809017, 0.0, 0.5, 0.809017, -0.309017, 0.0, 0.0, 0.0, 0.0, 1.0 ], [ 0.809017, 0.309017, -0.5, 0.0, 0.309017, 0.5, 0.809017, 0.0, 0.5, -0.809017, 0.309017, 0.0, 0.0, 0.0, 0.0, 1.0 ], [ 0.5, -0.809017, 0.309017, 0.0, 0.809017, 0.309017, -0.5, 0.0, 0.309017, 0.5, 0.809017, 0.0, 0.0, 0.0, 0.0, 1.0 ], [ 0.309017, 0.5, 0.809017, 0.0, 0.5, -0.809017, 0.309017, 0.0, 0.809017, 0.309017, -0.5, 0.0, 0.0, 0.0, 0.0, 1.0 ], [ 1.0, 0.0, 0.0, 0.0, 0.0, -1.0, 0.0, 0.0, 0.0, 0.0, -1.0, 0.0, 0.0, 0.0, 0.0, 1.0 ], [ 0.0, 0.0, 1.0, 0.0, -1.0, 0.0, 0.0, 0.0, 0.0, -1.0, 0.0, 0.0, 0.0, 0.0, 0.0, 1.0 ], [ 0.0, 1.0, 0.0, 0.0, 0.0, 0.0, -1.0, 0.0, -1.0, 0.0, 0.0, 0.0, 0.0, 0.0, 0.0, 1.0 ], [ 0.809017, 0.309017, 0.5, 0.0, -0.309017, -0.5, 0.809017, 0.0, 0.5, -0.809017, -0.309017, 0.0, 0.0, 0.0, 0.0, 1.0 ], [ -0.5, 0.809017, 0.309017, 0.0, -0.809017, -0.309017, -0.5, 0.0, -0.309017, -0.5, 0.809017, 0.0, 0.0, 0.0, 0.0, 1.0 ], [ 0.309017, 0.5, -0.809017, 0.0, 0.5, -0.809017, -0.309017, 0.0, -0.809017, -0.309017, -0.5, 0.0, 0.0, 0.0, 0.0, 1.0 ], [ 0.5, 0.809017, 0.309017, 0.0, -0.809017, 0.309017, 0.5, 0.0, 0.309017, -0.5, 0.809017, 0.0, 0.0, 0.0, 0.0, 1.0 ], [ -0.309017, 0.5, -0.809017, 0.0, -0.5, -0.809017, -0.309017, 0.0, -0.809017, 0.309017, 0.5, 0.0, 0.0, 0.0, 0.0, 1.0 ], [ 0.809017, -0.309017, -0.5, 0.0, 0.309017, -0.5, 0.809017, 0.0, -0.5, -0.809017, -0.309017, 0.0, 0.0, 0.0, 0.0, 1.0 ], [ 0.5, 0.809017, -0.309017, 0.0, -0.809017, 0.309017, -0.5, 0.0, -0.309017, 0.5, 0.809017, 0.0, 0.0, 0.0, 0.0, 1.0 ], [ 0.309017, -0.5, -0.809017, 0.0, -0.5, -0.809017, 0.309017, 0.0, -0.809017, 0.309017, -0.5, 0.0, 0.0, 0.0, 0.0, 1.0 ], [ 0.809017, -0.309017, 0.5, 0.0, -0.309017, 0.5, 0.809017, 0.0, -0.5, -0.809017, 0.309017, 0.0, 0.0, 0.0, 0.0, 1.0 ], [ 0.809017, 0.309017, -0.5, 0.0, -0.309017, -0.5, -0.809017, 0.0, -0.5, 0.809017, -0.309017, 0.0, 0.0, 0.0, 0.0, 1.0 ], [ 0.5, -0.809017, 0.309017, 0.0, -0.809017, -0.309017, 0.5, 0.0, -0.309017, -0.5, -0.809017, 0.0, 0.0, 0.0, 0.0, 1.0 ], [ 0.309017, 0.5, 0.809017, 0.0, -0.5, 0.809017, -0.309017, 0.0, -0.809017, -0.309017, 0.5, 0.0, 0.0, 0.0, 0.0, 1.0 ], [ -1.0, 0.0, 0.0, 0.0, 0.0, -1.0, 0.0, 0.0, 0.0, 0.0, 1.0, 0.0, 0.0, 0.0, 0.0, 1.0 ], [ 0.0, 0.0, -1.0, 0.0, -1.0, 0.0, 0.0, 0.0, 0.0, 1.0, 0.0, 0.0, 0.0, 0.0, 0.0, 1.0 ], [ 0.0, -1.0, 0.0, 0.0, 0.0, 0.0, -1.0, 0.0, 1.0, 0.0, 0.0, 0.0, 0.0, 0.0, 0.0, 1.0 ], [ -0.809017, -0.309017, -0.5, 0.0, -0.309017, -0.5, 0.809017, 0.0, -0.5, 0.809017, 0.309017, 0.0, 0.0, 0.0, 0.0, 1.0 ], [ 0.5, -0.809017, -0.309017, 0.0, -0.809017, -0.309017, -0.5, 0.0, 0.309017, 0.5, -0.809017, 0.0, 0.0, 0.0, 0.0, 1.0 ], [ -0.309017, -0.5, 0.809017, 0.0, 0.5, -0.809017, -0.309017, 0.0, 0.809017, 0.309017, 0.5, 0.0, 0.0, 0.0, 0.0, 1.0 ], [ -0.5, -0.809017, -0.309017, 0.0, -0.809017, 0.309017, 0.5, 0.0, -0.309017, 0.5, -0.809017, 0.0, 0.0, 0.0, 0.0, 1.0 ], [ 0.309017, -0.5, 0.809017, 0.0, -0.5, -0.809017, -0.309017, 0.0, 0.809017, -0.309017, -0.5, 0.0, 0.0, 0.0, 0.0, 1.0 ], [ -0.809017, 0.309017, 0.5, 0.0, 0.309017, -0.5, 0.809017, 0.0, 0.5, 0.809017, 0.309017, 0.0, 0.0, 0.0, 0.0, 1.0 ], [ -0.5, -0.809017, 0.309017, 0.0, -0.809017, 0.309017, -0.5, 0.0, 0.309017, -0.5, -0.809017, 0.0, 0.0, 0.0, 0.0, 1.0 ], [ -0.309017, 0.5, 0.809017, 0.0, -0.5, -0.809017, 0.309017, 0.0, 0.809017, -0.309017, 0.5, 0.0, 0.0, 0.0, 0.0, 1.0 ], [ -0.809017, 0.309017, -0.5, 0.0, -0.309017, 0.5, 0.809017, 0.0, 0.5, 0.809017, -0.309017, 0.0, 0.0, 0.0, 0.0, 1.0 ], [ -0.809017, -0.309017, 0.5, 0.0, -0.309017, -0.5, -0.809017, 0.0, 0.5, -0.809017, 0.309017, 0.0, 0.0, 0.0, 0.0, 1.0 ], [ -0.5, 0.809017, -0.309017, 0.0, -0.809017, -0.309017, 0.5, 0.0, 0.309017, 0.5, 0.809017, 0.0, 0.0, 0.0, 0.0, 1.0 ], [ -0.309017, -0.5, -0.809017, 0.0, -0.5, 0.809017, -0.309017, 0.0, 0.809017, 0.309017, -0.5, 0.0, 0.0, 0.0, 0.0, 1.0 ], [ -1.0, 0.0, 0.0, 0.0, 0.0, 1.0, 0.0, 0.0, 0.0, 0.0, -1.0, 0.0, 0.0, 0.0, 0.0, 1.0 ], [ 0.0, 0.0, -1.0, 0.0, 1.0, 0.0, 0.0, 0.0, 0.0, -1.0, 0.0, 0.0, 0.0, 0.0, 0.0, 1.0 ], [ 0.0, -1.0, 0.0, 0.0, 0.0, 0.0, 1.0, 0.0, -1.0, 0.0, 0.0, 0.0, 0.0, 0.0, 0.0, 1.0 ], [ -0.809017, -0.309017, -0.5, 0.0, 0.309017, 0.5, -0.809017, 0.0, 0.5, -0.809017, -0.309017, 0.0, 0.0, 0.0, 0.0, 1.0 ], [ 0.5, -0.809017, -0.309017, 0.0, 0.809017, 0.309017, 0.5, 0.0, -0.309017, -0.5, 0.809017, 0.0, 0.0, 0.0, 0.0, 1.0 ], [ -0.309017, -0.5, 0.809017, 0.0, -0.5, 0.809017, 0.309017, 0.0, -0.809017, -0.309017, -0.5, 0.0, 0.0, 0.0, 0.0, 1.0 ], [ -0.5, -0.809017, -0.309017, 0.0, 0.809017, -0.309017, -0.5, 0.0, 0.309017, -0.5, 0.809017, 0.0, 0.0, 0.0, 0.0, 1.0 ], [ 0.309017, -0.5, 0.809017, 0.0, 0.5, 0.809017, 0.309017, 0.0, -0.809017, 0.309017, 0.5, 0.0, 0.0, 0.0, 0.0, 1.0 ], [ -0.809017, 0.309017, 0.5, 0.0, -0.309017, 0.5, -0.809017, 0.0, -0.5, -0.809017, -0.309017, 0.0, 0.0, 0.0, 0.0, 1.0 ], [ -0.5, -0.809017, 0.309017, 0.0, 0.809017, -0.309017, 0.5, 0.0, -0.309017, 0.5, 0.809017, 0.0, 0.0, 0.0, 0.0, 1.0 ], [ -0.309017, 0.5, 0.809017, 0.0, 0.5, 0.809017, -0.309017, 0.0, -0.809017, 0.309017, -0.5, 0.0, 0.0, 0.0, 0.0, 1.0 ], [ -0.809017, 0.309017, -0.5, 0.0, 0.309017, -0.5, -0.809017, 0.0, -0.5, -0.809017, 0.309017, 0.0, 0.0, 0.0, 0.0, 1.0 ], [ -0.809017, -0.309017, 0.5, 0.0, 0.309017, 0.5, 0.809017, 0.0, -0.5, 0.809017, -0.309017, 0.0, 0.0, 0.0, 0.0, 1.0 ], [ -0.5, 0.809017, -0.309017, 0.0, 0.809017, 0.309017, -0.5, 0.0, -0.309017, -0.5, -0.809017, 0.0, 0.0, 0.0, 0.0, 1.0 ], [ -0.309017, -0.5, -0.809017, 0.0, 0.5, -0.809017, 0.309017, 0.0, -0.809017, -0.309017, 0.5, 0.0, 0.0, 0.0, 0.0, 1.0 ] ],
  "lights" : {
    "backgroundColor" : "#FFF9F9",
    "ambientColor" : "#292929",
    "directionalLights" : [ {
      "direction" : {
        "x" : 1.0,
        "y" : -1.0,
        "z" : -1.0
      },
      "color" : "#EBEBE4"
    }, {
      "direction" : {
        "x" : -1.0,
        "y" : 0.0,
        "z" : 0.0
      },
      "color" : "#E4E4EB"
    }, {
      "direction" : {
        "x" : 0.0,
        "y" : 0.0,
        "z" : -1.0
      },
      "color" : "#1E1E1E"
    } ]
  },
  "camera" : {
    "stereo" : false,
    "width" : 120.346245,
    "viewDistance" : 267.43576,
    "nearClipDistance" : 0.6685922,
    "farClipDistance" : 534.8704,
    "lookAtPoint" : {
      "x" : 0.0,
      "y" : 0.0,
      "z" : 0.0
    },
    "fieldOfView" : 0.44262943,
    "perspective" : false,
    "lookDirection" : {
      "x" : 0.0,
      "y" : 0.0,
      "z" : -1.0
    },
    "upDirection" : {
      "x" : 0.0,
      "y" : 1.0,
      "z" : 0.0
    },
    "position" : {
      "x" : 0.0,
      "y" : 0.0,
      "z" : 267.43576
    }
  },
  "embedding" : [ 1.0, 0.0, 0.0, 0.0, 0.0, 1.0, 0.0, 0.0, 0.0, 0.0, 1.0, 0.0, 0.0, 0.0, 0.0, 1.0 ],
  "shapes" : [ {
    "id" : "58d91e8f-9dcd-4af3-8c0a-d9852bb11657",
    "vertices" : [ {
      "x" : -0.309017,
      "y" : -0.19098301,
      "z" : 0.0
    }, {
      "x" : -0.309017,
      "y" : 0.19098301,
      "z" : 0.0
    }, {
      "x" : -0.19098301,
      "y" : 0.0,
      "z" : -0.309017
    }, {
      "x" : -0.19098301,
      "y" : 0.0,
      "z" : 0.309017
    }, {
      "x" : 0.0,
      "y" : -0.309017,
      "z" : -0.19098301
    }, {
      "x" : 0.0,
      "y" : -0.309017,
      "z" : 0.19098301
    }, {
      "x" : 0.0,
      "y" : 0.309017,
      "z" : -0.19098301
    }, {
      "x" : 0.0,
      "y" : 0.309017,
      "z" : 0.19098301
    }, {
      "x" : 0.19098301,
      "y" : 0.0,
      "z" : -0.309017
    }, {
      "x" : 0.19098301,
      "y" : 0.0,
      "z" : 0.309017
    }, {
      "x" : 0.309017,
      "y" : -0.19098301,
      "z" : 0.0
    }, {
      "x" : 0.309017,
      "y" : 0.19098301,
      "z" : 0.0
    } ],
    "faces" : [ {
      "vertices" : [ 0, 1, 2 ]
    }, {
      "vertices" : [ 0, 3, 1 ]
    }, {
      "vertices" : [ 0, 2, 4 ]
    }, {
      "vertices" : [ 0, 5, 3 ]
    }, {
      "vertices" : [ 0, 4, 5 ]
    }, {
      "vertices" : [ 1, 6, 2 ]
    }, {
      "vertices" : [ 1, 3, 7 ]
    }, {
      "vertices" : [ 1, 7, 6 ]
    }, {
      "vertices" : [ 2, 8, 4 ]
    }, {
      "vertices" : [ 2, 6, 8 ]
    }, {
      "vertices" : [ 3, 5, 9 ]
    }, {
      "vertices" : [ 3, 9, 7 ]
    }, {
      "vertices" : [ 4, 10, 5 ]
    }, {
      "vertices" : [ 4, 8, 10 ]
    }, {
      "vertices" : [ 5, 10, 9 ]
    }, {
      "vertices" : [ 6, 7, 11 ]
    }, {
      "vertices" : [ 6, 11, 8 ]
    }, {
      "vertices" : [ 7, 9, 11 ]
    }, {
      "vertices" : [ 8, 11, 10 ]
    }, {
      "vertices" : [ 9, 10, 11 ]
    } ]
  }, {
    "id" : "9e83b0c4-69bf-405d-b099-628f3dd13d09",
    "vertices" : [ {
      "x" : 13.708204,
      "y" : 0.0,
      "z" : -5.236068
    }, {
      "x" : 13.399187,
      "y" : 0.0,
      "z" : -5.118034
    }, {
      "x" : 12.9946785,
      "y" : -0.1545085,
      "z" : -4.677051
    }, {
      "x" : 12.803696,
      "y" : -0.1545085,
      "z" : -5.177051
    }, {
      "x" : 0.9045085,
      "y" : -0.1545085,
      "z" : -0.059016995
    }, {
      "x" : 0.809017,
      "y" : 0.309017,
      "z" : -0.309017
    }, {
      "x" : 0.309017,
      "y" : 0.0,
      "z" : -0.11803399
    }, {
      "x" : 12.899187,
      "y" : 0.309017,
      "z" : -4.927051
    }, {
      "x" : 0.7135255,
      "y" : -0.1545085,
      "z" : -0.559017
    } ],
    "faces" : [ {
      "vertices" : [ 2, 4, 8 ]
    }, {
      "vertices" : [ 2, 8, 3 ]
    }, {
      "vertices" : [ 2, 7, 5 ]
    }, {
      "vertices" : [ 2, 5, 4 ]
    }, {
      "vertices" : [ 4, 6, 8 ]
    }, {
      "vertices" : [ 5, 8, 6 ]
    }, {
      "vertices" : [ 1, 2, 3 ]
    }, {
      "vertices" : [ 3, 8, 5 ]
    }, {
      "vertices" : [ 3, 5, 7 ]
    }, {
      "vertices" : [ 1, 7, 2 ]
    }, {
      "vertices" : [ 1, 3, 7 ]
    }, {
      "vertices" : [ 4, 5, 6 ]
    } ]
  }, {
    "id" : "83986efc-197e-40b5-a1ee-fe53d15fb87d",
    "vertices" : [ {
      "x" : 1.0,
      "y" : 0.309017,
      "z" : 0.19098301
    }, {
      "x" : 1.0,
      "y" : -0.309017,
      "z" : 0.19098301
    }, {
      "x" : 4.236068,
      "y" : -0.309017,
      "z" : 0.19098301
    }, {
      "x" : 4.236068,
      "y" : 0.309017,
      "z" : 0.19098301
    }, {
      "x" : 4.236068,
      "y" : -0.309017,
      "z" : -0.19098301
    }, {
      "x" : 4.236068,
      "y" : 0.309017,
      "z" : -0.19098301
    }, {
      "x" : 4.854102,
      "y" : 0.0,
      "z" : 0.0
    }, {
      "x" : 0.38196602,
      "y" : 0.0,
      "z" : 0.0
    }, {
      "x" : 1.0,
      "y" : 0.309017,
      "z" : -0.19098301
    }, {
      "x" : 1.0,
      "y" : -0.309017,
      "z" : -0.19098301
    }, {
      "x" : 5.236068,
      "y" : 0.0,
      "z" : 0.0
    } ],
    "faces" : [ {
      "vertices" : [ 1, 9, 4 ]
    }, {
      "vertices" : [ 1, 4, 2 ]
    }, {
      "vertices" : [ 0, 3, 5 ]
    }, {
      "vertices" : [ 0, 5, 8 ]
    }, {
      "vertices" : [ 1, 7, 9 ]
    }, {
      "vertices" : [ 0, 1, 2 ]
    }, {
      "vertices" : [ 0, 2, 3 ]
    }, {
      "vertices" : [ 7, 8, 9 ]
    }, {
      "vertices" : [ 0, 7, 1 ]
    }, {
      "vertices" : [ 4, 9, 8 ]
    }, {
      "vertices" : [ 4, 8, 5 ]
    }, {
      "vertices" : [ 2, 6, 3 ]
    }, {
      "vertices" : [ 2, 4, 6 ]
    }, {
      "vertices" : [ 3, 6, 5 ]
    }, {
      "vertices" : [ 4, 5, 6 ]
    }, {
      "vertices" : [ 0, 8, 7 ]
    } ]
  }, {
    "id" : "abbdc493-8858-43a1-8506-0fd918f0acfe",
    "vertices" : [ {
      "x" : 1.0,
      "y" : 0.309017,
      "z" : 0.19098301
    }, {
      "x" : 1.0,
      "y" : -0.309017,
      "z" : 0.19098301
    }, {
      "x" : 21.18034,
      "y" : -0.309017,
      "z" : 0.19098301
    }, {
      "x" : 21.18034,
      "y" : 0.309017,
      "z" : 0.19098301
    }, {
      "x" : 21.18034,
      "y" : -0.309017,
      "z" : -0.19098301
    }, {
      "x" : 21.18034,
      "y" : 0.309017,
      "z" : -0.19098301
    }, {
      "x" : 21.798374,
      "y" : 0.0,
      "z" : 0.0
    }, {
      "x" : 0.38196602,
      "y" : 0.0,
      "z" : 0.0
    }, {
      "x" : 1.0,
      "y" : 0.309017,
      "z" : -0.19098301
    }, {
      "x" : 1.0,
      "y" : -0.309017,
      "z" : -0.19098301
    }, {
      "x" : 22.18034,
      "y" : 0.0,
      "z" : 0.0
    } ],
    "faces" : [ {
      "vertices" : [ 1, 9, 4 ]
    }, {
      "vertices" : [ 1, 4, 2 ]
    }, {
      "vertices" : [ 0, 3, 5 ]
    }, {
      "vertices" : [ 0, 5, 8 ]
    }, {
      "vertices" : [ 1, 7, 9 ]
    }, {
      "vertices" : [ 0, 1, 2 ]
    }, {
      "vertices" : [ 0, 2, 3 ]
    }, {
      "vertices" : [ 7, 8, 9 ]
    }, {
      "vertices" : [ 0, 7, 1 ]
    }, {
      "vertices" : [ 4, 9, 8 ]
    }, {
      "vertices" : [ 4, 8, 5 ]
    }, {
      "vertices" : [ 2, 6, 3 ]
    }, {
      "vertices" : [ 2, 4, 6 ]
    }, {
      "vertices" : [ 3, 6, 5 ]
    }, {
      "vertices" : [ 4, 5, 6 ]
    }, {
      "vertices" : [ 0, 8, 7 ]
    } ]
  }, {
    "id" : "320fc095-a306-4edf-bd8b-b94cbb28a552",
    "vertices" : [ {
      "x" : 29.034441,
      "y" : 0.0,
      "z" : -11.09017
    }, {
      "x" : 28.725426,
      "y" : 0.0,
      "z" : -10.972136
    }, {
      "x" : 28.320917,
      "y" : -0.1545085,
      "z" : -10.531153
    }, {
      "x" : 28.129932,
      "y" : -0.1545085,
      "z" : -11.031153
    }, {
      "x" : 0.9045085,
      "y" : -0.1545085,
      "z" : -0.059016995
    }, {
      "x" : 0.809017,
      "y" : 0.309017,
      "z" : -0.309017
    }, {
      "x" : 0.309017,
      "y" : 0.0,
      "z" : -0.11803399
    }, {
      "x" : 28.225426,
      "y" : 0.309017,
      "z" : -10.781153
    }, {
      "x" : 0.7135255,
      "y" : -0.1545085,
      "z" : -0.559017
    } ],
    "faces" : [ {
      "vertices" : [ 2, 4, 8 ]
    }, {
      "vertices" : [ 2, 8, 3 ]
    }, {
      "vertices" : [ 2, 7, 5 ]
    }, {
      "vertices" : [ 2, 5, 4 ]
    }, {
      "vertices" : [ 4, 6, 8 ]
    }, {
      "vertices" : [ 5, 8, 6 ]
    }, {
      "vertices" : [ 1, 2, 3 ]
    }, {
      "vertices" : [ 3, 8, 5 ]
    }, {
      "vertices" : [ 3, 5, 7 ]
    }, {
      "vertices" : [ 1, 7, 2 ]
    }, {
      "vertices" : [ 1, 3, 7 ]
    }, {
      "vertices" : [ 4, 5, 6 ]
    } ]
  } ],
  "instances" : [ {
    "shape" : "58d91e8f-9dcd-4af3-8c0a-d9852bb11657",
    "color" : "#FFFFFF",
    "position" : {
      "x" : 13.708204,
      "y" : 2.618034,
      "z" : 6.854102
    }
  }, {
    "shape" : "9e83b0c4-69bf-405d-b099-628f3dd13d09",
    "color" : "#F0A000",
    "position" : {
      "x" : 8.472136,
      "y" : -11.09017,
      "z" : -6.854102
    },
    "orientation" : 6
  }, {
    "shape" : "83986efc-197e-40b5-a1ee-fe53d15fb87d",
    "color" : "#007695",
    "position" : {
      "x" : -6.854102,
      "y" : 8.472136,
      "z" : -11.09017
    },
    "orientation" : 26
  }, {
    "shape" : "83986efc-197e-40b5-a1ee-fe53d15fb87d",
    "color" : "#007695",
    "position" : {
      "x" : -6.854102,
      "y" : -13.708204,
      "z" : -2.618034
    },
    "orientation" : 8
  }, {
    "shape" : "9e83b0c4-69bf-405d-b099-628f3dd13d09",
    "color" : "#F0A000",
    "position" : {
      "x" : 13.708204,
      "y" : -2.618034,
      "z" : -6.854102
    },
    "orientation" : 7
  }, {
    "shape" : "83986efc-197e-40b5-a1ee-fe53d15fb87d",
    "color" : "#007695",
    "position" : {
      "x" : 0.0,
      "y" : -2.618034,
      "z" : 15.326238
    },
    "orientation" : 36
  }, {
    "shape" : "83986efc-197e-40b5-a1ee-fe53d15fb87d",
    "color" : "#007695",
    "position" : {
      "x" : 6.854102,
      "y" : 13.708204,
      "z" : -2.618034
    },
    "orientation" : 38
  }, {
    "shape" : "83986efc-197e-40b5-a1ee-fe53d15fb87d",
    "color" : "#007695",
    "position" : {
      "x" : 2.618034,
      "y" : -15.326238,
      "z" : 0.0
    },
    "orientation" : 23
  }, {
    "shape" : "83986efc-197e-40b5-a1ee-fe53d15fb87d",
    "color" : "#007695",
    "position" : {
      "x" : 11.09017,
      "y" : -6.854102,
      "z" : -8.472136
    },
    "orientation" : 9
  }, {
    "shape" : "83986efc-197e-40b5-a1ee-fe53d15fb87d",
    "color" : "#007695",
    "position" : {
      "x" : -6.854102,
      "y" : -13.708204,
      "z" : 2.618034
    },
    "orientation" : 47
  }, {
    "shape" : "83986efc-197e-40b5-a1ee-fe53d15fb87d",
    "color" : "#007695",
    "position" : {
      "x" : 6.854102,
      "y" : -13.708204,
      "z" : -2.618034
    },
    "orientation" : 2
  }, {
    "shape" : "abbdc493-8858-43a1-8506-0fd918f0acfe",
    "color" : "#007695",
    "position" : {
      "x" : -17.944271,
      "y" : 17.944271,
      "z" : 17.944271
    },
    "orientation" : 8
  }, {
    "shape" : "58d91e8f-9dcd-4af3-8c0a-d9852bb11657",
    "color" : "#FFFFFF",
    "position" : {
      "x" : -11.09017,
      "y" : -29.034441,
      "z" : 0.0
    }
  }, {
    "shape" : "83986efc-197e-40b5-a1ee-fe53d15fb87d",
    "color" : "#007695",
    "position" : {
      "x" : -13.708204,
      "y" : -2.618034,
      "z" : -6.854102
    },
    "orientation" : 7
  }, {
    "shape" : "abbdc493-8858-43a1-8506-0fd918f0acfe",
    "color" : "#007695",
    "position" : {
      "x" : -11.09017,
      "y" : -29.034441,
      "z" : 0.0
    },
    "orientation" : 0
  }, {
    "shape" : "83986efc-197e-40b5-a1ee-fe53d15fb87d",
    "color" : "#007695",
    "position" : {
      "x" : 2.618034,
      "y" : -6.854102,
      "z" : 13.708204
    },
    "orientation" : 26
  }, {
    "shape" : "abbdc493-8858-43a1-8506-0fd918f0acfe",
    "color" : "#007695",
    "position" : {
      "x" : -17.944271,
      "y" : -17.944271,
      "z" : 17.944271
    },
    "orientation" : 25
  }, {
    "shape" : "58d91e8f-9dcd-4af3-8c0a-d9852bb11657",
    "color" : "#FFFFFF",
    "position" : {
      "x" : 17.944271,
      "y" : -17.944271,
      "z" : 17.944271
    }
  }, {
    "shape" : "83986efc-197e-40b5-a1ee-fe53d15fb87d",
    "color" : "#007695",
    "position" : {
      "x" : -2.618034,
      "y" : -15.326238,
      "z" : 0.0
    },
    "orientation" : 0
  }, {
    "shape" : "58d91e8f-9dcd-4af3-8c0a-d9852bb11657",
    "color" : "#FFFFFF",
    "position" : {
      "x" : 13.708204,
      "y" : -2.618034,
      "z" : 6.854102
    }
  }, {
    "shape" : "83986efc-197e-40b5-a1ee-fe53d15fb87d",
    "color" : "#007695",
    "position" : {
      "x" : -2.618034,
      "y" : -6.854102,
      "z" : 13.708204
    },
    "orientation" : 0
  }, {
    "shape" : "58d91e8f-9dcd-4af3-8c0a-d9852bb11657",
    "color" : "#FFFFFF",
    "position" : {
      "x" : 0.0,
      "y" : 2.618034,
      "z" : -15.326238
    }
  }, {
    "shape" : "83986efc-197e-40b5-a1ee-fe53d15fb87d",
    "color" : "#007695",
    "position" : {
      "x" : 15.326238,
      "y" : 0.0,
      "z" : 2.618034
    },
    "orientation" : 7
  }, {
    "shape" : "83986efc-197e-40b5-a1ee-fe53d15fb87d",
    "color" : "#007695",
    "position" : {
      "x" : 8.472136,
      "y" : -11.09017,
      "z" : 6.854102
    },
    "orientation" : 9
  }, {
    "shape" : "83986efc-197e-40b5-a1ee-fe53d15fb87d",
    "color" : "#007695",
    "position" : {
      "x" : 6.854102,
      "y" : 8.472136,
      "z" : 11.09017
    },
    "orientation" : 41
  }, {
    "shape" : "9e83b0c4-69bf-405d-b099-628f3dd13d09",
    "color" : "#F0A000",
    "position" : {
      "x" : -13.708204,
      "y" : 2.618034,
      "z" : -6.854102
    },
    "orientation" : 2
  }, {
    "shape" : "58d91e8f-9dcd-4af3-8c0a-d9852bb11657",
    "color" : "#FFFFFF",
    "position" : {
      "x" : -2.618034,
      "y" : -6.854102,
      "z" : -13.708204
    }
  }, {
    "shape" : "58d91e8f-9dcd-4af3-8c0a-d9852bb11657",
    "color" : "#FFFFFF",
    "position" : {
      "x" : 8.472136,
      "y" : 11.09017,
      "z" : -6.854102
    }
  }, {
    "shape" : "58d91e8f-9dcd-4af3-8c0a-d9852bb11657",
    "color" : "#FFFFFF",
    "position" : {
      "x" : 6.854102,
      "y" : -13.708204,
      "z" : 2.618034
    }
  }, {
    "shape" : "abbdc493-8858-43a1-8506-0fd918f0acfe",
    "color" : "#007695",
    "position" : {
      "x" : -11.09017,
      "y" : 29.034441,
      "z" : 0.0
    },
    "orientation" : 40
  }, {
    "shape" : "abbdc493-8858-43a1-8506-0fd918f0acfe",
    "color" : "#007695",
    "position" : {
      "x" : -17.944271,
      "y" : 17.944271,
      "z" : -17.944271
    },
    "orientation" : 10
  }, {
    "shape" : "58d91e8f-9dcd-4af3-8c0a-d9852bb11657",
    "color" : "#FFFFFF",
    "position" : {
      "x" : -2.618034,
      "y" : -15.326238,
      "z" : 0.0
    }
  }, {
    "shape" : "abbdc493-8858-43a1-8506-0fd918f0acfe",
    "color" : "#007695",
    "position" : {
      "x" : -29.034441,
      "y" : 0.0,
      "z" : -11.09017
    },
    "orientation" : 24
  }, {
    "shape" : "58d91e8f-9dcd-4af3-8c0a-d9852bb11657",
    "color" : "#FFFFFF",
    "position" : {
      "x" : -6.854102,
      "y" : 13.708204,
      "z" : 2.618034
    }
  }, {
    "shape" : "58d91e8f-9dcd-4af3-8c0a-d9852bb11657",
    "color" : "#FFFFFF",
    "position" : {
      "x" : 13.708204,
      "y" : -2.618034,
      "z" : -6.854102
    }
  }, {
    "shape" : "58d91e8f-9dcd-4af3-8c0a-d9852bb11657",
    "color" : "#FFFFFF",
    "position" : {
      "x" : 8.472136,
      "y" : -11.09017,
      "z" : -6.854102
    }
  }, {
    "shape" : "83986efc-197e-40b5-a1ee-fe53d15fb87d",
    "color" : "#007695",
    "position" : {
      "x" : 6.854102,
      "y" : 8.472136,
      "z" : 11.09017
    },
    "orientation" : 26
  }, {
    "shape" : "58d91e8f-9dcd-4af3-8c0a-d9852bb11657",
    "color" : "#FFFFFF",
    "position" : {
      "x" : 11.09017,
      "y" : -29.034441,
      "z" : 0.0
    }
  }, {
    "shape" : "320fc095-a306-4edf-bd8b-b94cbb28a552",
    "color" : "#F0A000",
    "position" : {
      "x" : 0.0,
      "y" : 0.0,
      "z" : 0.0
    },
    "orientation" : 17
  }, {
    "shape" : "83986efc-197e-40b5-a1ee-fe53d15fb87d",
    "color" : "#007695",
    "position" : {
      "x" : 2.618034,
      "y" : -6.854102,
      "z" : 13.708204
    },
    "orientation" : 51
  }, {
    "shape" : "83986efc-197e-40b5-a1ee-fe53d15fb87d",
    "color" : "#007695",
    "position" : {
      "x" : -8.472136,
      "y" : 11.09017,
      "z" : -6.854102
    },
    "orientation" : 25
  }, {
    "shape" : "83986efc-197e-40b5-a1ee-fe53d15fb87d",
    "color" : "#007695",
    "position" : {
      "x" : 6.854102,
      "y" : 8.472136,
      "z" : -11.09017
    },
    "orientation" : 10
  }, {
    "shape" : "9e83b0c4-69bf-405d-b099-628f3dd13d09",
    "color" : "#F0A000",
    "position" : {
      "x" : 6.854102,
      "y" : 8.472136,
      "z" : -11.09017
    },
    "orientation" : 5
  }, {
    "shape" : "320fc095-a306-4edf-bd8b-b94cbb28a552",
    "color" : "#F0A000",
    "position" : {
      "x" : 0.0,
      "y" : 0.0,
      "z" : 0.0
    },
    "orientation" : 0
  }, {
    "shape" : "9e83b0c4-69bf-405d-b099-628f3dd13d09",
    "color" : "#F0A000",
    "position" : {
      "x" : -2.618034,
      "y" : -6.854102,
      "z" : -13.708204
    },
    "orientation" : 8
  }, {
    "shape" : "9e83b0c4-69bf-405d-b099-628f3dd13d09",
    "color" : "#F0A000",
    "position" : {
      "x" : -6.854102,
      "y" : 13.708204,
      "z" : -2.618034
    },
    "orientation" : 8
  }, {
    "shape" : "320fc095-a306-4edf-bd8b-b94cbb28a552",
    "color" : "#F0A000",
    "position" : {
      "x" : 0.0,
      "y" : 0.0,
      "z" : 0.0
    },
    "orientation" : 7
  }, {
    "shape" : "58d91e8f-9dcd-4af3-8c0a-d9852bb11657",
    "color" : "#FFFFFF",
    "position" : {
      "x" : -6.854102,
      "y" : 13.708204,
      "z" : -2.618034
    }
  }, {
    "shape" : "58d91e8f-9dcd-4af3-8c0a-d9852bb11657",
    "color" : "#FFFFFF",
    "position" : {
      "x" : -13.708204,
      "y" : -2.618034,
      "z" : 6.854102
    }
  }, {
    "shape" : "83986efc-197e-40b5-a1ee-fe53d15fb87d",
    "color" : "#007695",
    "position" : {
      "x" : -2.618034,
      "y" : 6.854102,
      "z" : -13.708204
    },
    "orientation" : 0
  }, {
    "shape" : "9e83b0c4-69bf-405d-b099-628f3dd13d09",
    "color" : "#F0A000",
    "position" : {
      "x" : -8.472136,
      "y" : 11.09017,
      "z" : 6.854102
    },
    "orientation" : 5
  }, {
    "shape" : "9e83b0c4-69bf-405d-b099-628f3dd13d09",
    "color" : "#F0A000",
    "position" : {
      "x" : -11.09017,
      "y" : -6.854102,
      "z" : -8.472136
    },
    "orientation" : 5
  }, {
    "shape" : "58d91e8f-9dcd-4af3-8c0a-d9852bb11657",
    "color" : "#FFFFFF",
    "position" : {
      "x" : -8.472136,
      "y" : 11.09017,
      "z" : -6.854102
    }
  }, {
    "shape" : "58d91e8f-9dcd-4af3-8c0a-d9852bb11657",
    "color" : "#FFFFFF",
    "position" : {
      "x" : 8.472136,
      "y" : -11.09017,
      "z" : 6.854102
    }
  }, {
    "shape" : "58d91e8f-9dcd-4af3-8c0a-d9852bb11657",
    "color" : "#FFFFFF",
    "position" : {
      "x" : 2.618034,
      "y" : 15.326238,
      "z" : 0.0
    }
  }, {
    "shape" : "9e83b0c4-69bf-405d-b099-628f3dd13d09",
    "color" : "#F0A000",
    "position" : {
      "x" : 2.618034,
      "y" : 6.854102,
      "z" : 13.708204
    },
    "orientation" : 16
  }, {
    "shape" : "58d91e8f-9dcd-4af3-8c0a-d9852bb11657",
    "color" : "#FFFFFF",
    "position" : {
      "x" : 15.326238,
      "y" : 0.0,
      "z" : 2.618034
    }
  }, {
    "shape" : "abbdc493-8858-43a1-8506-0fd918f0acfe",
    "color" : "#007695",
    "position" : {
      "x" : 29.034441,
      "y" : 0.0,
      "z" : -11.09017
    },
    "orientation" : 2
  }, {
    "shape" : "83986efc-197e-40b5-a1ee-fe53d15fb87d",
    "color" : "#007695",
    "position" : {
      "x" : -11.09017,
      "y" : 6.854102,
      "z" : -8.472136
    },
    "orientation" : 39
  }, {
    "shape" : "320fc095-a306-4edf-bd8b-b94cbb28a552",
    "color" : "#F0A000",
    "position" : {
      "x" : 0.0,
      "y" : 0.0,
      "z" : 0.0
    },
    "orientation" : 2
  }, {
    "shape" : "83986efc-197e-40b5-a1ee-fe53d15fb87d",
    "color" : "#007695",
    "position" : {
      "x" : 6.854102,
      "y" : 13.708204,
      "z" : 2.618034
    },
    "orientation" : 47
  }, {
    "shape" : "58d91e8f-9dcd-4af3-8c0a-d9852bb11657",
    "color" : "#FFFFFF",
    "position" : {
      "x" : -8.472136,
      "y" : -11.09017,
      "z" : 6.854102
    }
  }, {
    "shape" : "83986efc-197e-40b5-a1ee-fe53d15fb87d",
    "color" : "#007695",
    "position" : {
      "x" : -15.326238,
      "y" : 0.0,
      "z" : -2.618034
    },
    "orientation" : 52
  }, {
    "shape" : "abbdc493-8858-43a1-8506-0fd918f0acfe",
    "color" : "#007695",
    "position" : {
      "x" : 0.0,
      "y" : 11.09017,
      "z" : 29.034441
    },
    "orientation" : 16
  }, {
    "shape" : "abbdc493-8858-43a1-8506-0fd918f0acfe",
    "color" : "#007695",
    "position" : {
      "x" : 17.944271,
      "y" : -17.944271,
      "z" : -17.944271
    },
    "orientation" : 9
  }, {
    "shape" : "58d91e8f-9dcd-4af3-8c0a-d9852bb11657",
    "color" : "#FFFFFF",
    "position" : {
      "x" : 0.0,
      "y" : -2.618034,
      "z" : -15.326238
    }
  }, {
    "shape" : "9e83b0c4-69bf-405d-b099-628f3dd13d09",
    "color" : "#F0A000",
    "position" : {
      "x" : -13.708204,
      "y" : -2.618034,
      "z" : -6.854102
    },
    "orientation" : 6
  }, {
    "shape" : "abbdc493-8858-43a1-8506-0fd918f0acfe",
    "color" : "#007695",
    "position" : {
      "x" : 0.0,
      "y" : 11.09017,
      "z" : -29.034441
    },
    "orientation" : 38
  }, {
    "shape" : "83986efc-197e-40b5-a1ee-fe53d15fb87d",
    "color" : "#007695",
    "position" : {
      "x" : -11.09017,
      "y" : 6.854102,
      "z" : 8.472136
    },
    "orientation" : 11
  }, {
    "shape" : "83986efc-197e-40b5-a1ee-fe53d15fb87d",
    "color" : "#007695",
    "position" : {
      "x" : -11.09017,
      "y" : -6.854102,
      "z" : -8.472136
    },
    "orientation" : 26
  }, {
    "shape" : "320fc095-a306-4edf-bd8b-b94cbb28a552",
    "color" : "#F0A000",
    "position" : {
      "x" : 0.0,
      "y" : 0.0,
      "z" : 0.0
    },
    "orientation" : 16
  }, {
    "shape" : "9e83b0c4-69bf-405d-b099-628f3dd13d09",
    "color" : "#F0A000",
    "position" : {
      "x" : 0.0,
      "y" : 2.618034,
      "z" : -15.326238
    },
    "orientation" : 9
  }, {
    "shape" : "abbdc493-8858-43a1-8506-0fd918f0acfe",
    "color" : "#007695",
    "position" : {
      "x" : -11.09017,
      "y" : 29.034441,
      "z" : 0.0
    },
    "orientation" : 0
  }, {
    "shape" : "83986efc-197e-40b5-a1ee-fe53d15fb87d",
    "color" : "#007695",
    "position" : {
      "x" : 8.472136,
      "y" : 11.09017,
      "z" : 6.854102
    },
    "orientation" : 40
  }, {
    "shape" : "83986efc-197e-40b5-a1ee-fe53d15fb87d",
    "color" : "#007695",
    "position" : {
      "x" : -13.708204,
      "y" : -2.618034,
      "z" : 6.854102
    },
    "orientation" : 1
  }, {
    "shape" : "58d91e8f-9dcd-4af3-8c0a-d9852bb11657",
    "color" : "#FFFFFF",
    "position" : {
      "x" : 0.0,
      "y" : 0.0,
      "z" : 0.0
    }
  }, {
    "shape" : "58d91e8f-9dcd-4af3-8c0a-d9852bb11657",
    "color" : "#FFFFFF",
    "position" : {
      "x" : -17.944271,
      "y" : -17.944271,
      "z" : 17.944271
    }
  }, {
    "shape" : "58d91e8f-9dcd-4af3-8c0a-d9852bb11657",
    "color" : "#FFFFFF",
    "position" : {
      "x" : -13.708204,
      "y" : 2.618034,
      "z" : -6.854102
    }
  }, {
    "shape" : "83986efc-197e-40b5-a1ee-fe53d15fb87d",
    "color" : "#007695",
    "position" : {
      "x" : 0.0,
      "y" : -2.618034,
      "z" : -15.326238
    },
    "orientation" : 21
  }, {
    "shape" : "320fc095-a306-4edf-bd8b-b94cbb28a552",
    "color" : "#F0A000",
    "position" : {
      "x" : 0.0,
      "y" : 0.0,
      "z" : 0.0
    },
    "orientation" : 30
  }, {
    "shape" : "58d91e8f-9dcd-4af3-8c0a-d9852bb11657",
    "color" : "#FFFFFF",
    "position" : {
      "x" : -6.854102,
      "y" : 8.472136,
      "z" : 11.09017
    }
  }, {
    "shape" : "9e83b0c4-69bf-405d-b099-628f3dd13d09",
    "color" : "#F0A000",
    "position" : {
      "x" : -6.854102,
      "y" : 8.472136,
      "z" : -11.09017
    },
    "orientation" : 7
  }, {
    "shape" : "320fc095-a306-4edf-bd8b-b94cbb28a552",
    "color" : "#F0A000",
    "position" : {
      "x" : 0.0,
      "y" : 0.0,
      "z" : 0.0
    },
    "orientation" : 19
  }, {
    "shape" : "83986efc-197e-40b5-a1ee-fe53d15fb87d",
    "color" : "#007695",
    "position" : {
      "x" : 8.472136,
      "y" : -11.09017,
      "z" : -6.854102
    },
    "orientation" : 55
  }, {
    "shape" : "83986efc-197e-40b5-a1ee-fe53d15fb87d",
    "color" : "#007695",
    "position" : {
      "x" : -8.472136,
      "y" : -11.09017,
      "z" : 6.854102
    },
    "orientation" : 25
  }, {
    "shape" : "9e83b0c4-69bf-405d-b099-628f3dd13d09",
    "color" : "#F0A000",
    "position" : {
      "x" : -11.09017,
      "y" : 6.854102,
      "z" : -8.472136
    },
    "orientation" : 0
  }, {
    "shape" : "58d91e8f-9dcd-4af3-8c0a-d9852bb11657",
    "color" : "#FFFFFF",
    "position" : {
      "x" : -17.944271,
      "y" : 17.944271,
      "z" : 17.944271
    }
  }, {
    "shape" : "58d91e8f-9dcd-4af3-8c0a-d9852bb11657",
    "color" : "#FFFFFF",
    "position" : {
      "x" : 11.09017,
      "y" : -6.854102,
      "z" : -8.472136
    }
  }, {
    "shape" : "83986efc-197e-40b5-a1ee-fe53d15fb87d",
    "color" : "#007695",
    "position" : {
      "x" : -2.618034,
      "y" : -15.326238,
      "z" : 0.0
    },
    "orientation" : 38
  }, {
    "shape" : "abbdc493-8858-43a1-8506-0fd918f0acfe",
    "color" : "#007695",
    "position" : {
      "x" : -29.034441,
      "y" : 0.0,
      "z" : -11.09017
    },
    "orientation" : 2
  }, {
    "shape" : "83986efc-197e-40b5-a1ee-fe53d15fb87d",
    "color" : "#007695",
    "position" : {
      "x" : 2.618034,
      "y" : 6.854102,
      "z" : -13.708204
    },
    "orientation" : 36
  }, {
    "shape" : "abbdc493-8858-43a1-8506-0fd918f0acfe",
    "color" : "#007695",
    "position" : {
      "x" : -17.944271,
      "y" : 17.944271,
      "z" : 17.944271
    },
    "orientation" : 36
  }, {
    "shape" : "83986efc-197e-40b5-a1ee-fe53d15fb87d",
    "color" : "#007695",
    "position" : {
      "x" : -8.472136,
      "y" : -11.09017,
      "z" : -6.854102
    },
    "orientation" : 37
  }, {
    "shape" : "83986efc-197e-40b5-a1ee-fe53d15fb87d",
    "color" : "#007695",
    "position" : {
      "x" : 6.854102,
      "y" : -8.472136,
      "z" : -11.09017
    },
    "orientation" : 56
  }, {
    "shape" : "320fc095-a306-4edf-bd8b-b94cbb28a552",
    "color" : "#F0A000",
    "position" : {
      "x" : 0.0,
      "y" : 0.0,
      "z" : 0.0
    },
    "orientation" : 1
  }, {
    "shape" : "58d91e8f-9dcd-4af3-8c0a-d9852bb11657",
    "color" : "#FFFFFF",
    "position" : {
      "x" : 11.09017,
      "y" : 6.854102,
      "z" : 8.472136
    }
  }, {
    "shape" : "9e83b0c4-69bf-405d-b099-628f3dd13d09",
    "color" : "#F0A000",
    "position" : {
      "x" : -8.472136,
      "y" : -11.09017,
      "z" : -6.854102
    },
    "orientation" : 3
  }, {
    "shape" : "58d91e8f-9dcd-4af3-8c0a-d9852bb11657",
    "color" : "#FFFFFF",
    "position" : {
      "x" : 2.618034,
      "y" : -6.854102,
      "z" : -13.708204
    }
  }, {
    "shape" : "83986efc-197e-40b5-a1ee-fe53d15fb87d",
    "color" : "#007695",
    "position" : {
      "x" : -11.09017,
      "y" : -6.854102,
      "z" : 8.472136
    },
    "orientation" : 54
  }, {
    "shape" : "58d91e8f-9dcd-4af3-8c0a-d9852bb11657",
    "color" : "#FFFFFF",
    "position" : {
      "x" : -2.618034,
      "y" : 15.326238,
      "z" : 0.0
    }
  }, {
    "shape" : "9e83b0c4-69bf-405d-b099-628f3dd13d09",
    "color" : "#F0A000",
    "position" : {
      "x" : 6.854102,
      "y" : 13.708204,
      "z" : -2.618034
    },
    "orientation" : 2
  }, {
    "shape" : "83986efc-197e-40b5-a1ee-fe53d15fb87d",
    "color" : "#007695",
    "position" : {
      "x" : 6.854102,
      "y" : 13.708204,
      "z" : -2.618034
    },
    "orientation" : 25
  }, {
    "shape" : "58d91e8f-9dcd-4af3-8c0a-d9852bb11657",
    "color" : "#FFFFFF",
    "position" : {
      "x" : -13.708204,
      "y" : -2.618034,
      "z" : -6.854102
    }
  }, {
    "shape" : "58d91e8f-9dcd-4af3-8c0a-d9852bb11657",
    "color" : "#FFFFFF",
    "position" : {
      "x" : 0.0,
      "y" : 11.09017,
      "z" : -29.034441
    }
  }, {
    "shape" : "9e83b0c4-69bf-405d-b099-628f3dd13d09",
    "color" : "#F0A000",
    "position" : {
      "x" : -11.09017,
      "y" : 6.854102,
      "z" : 8.472136
    },
    "orientation" : 3
  }, {
    "shape" : "83986efc-197e-40b5-a1ee-fe53d15fb87d",
    "color" : "#007695",
    "position" : {
      "x" : 0.0,
      "y" : 2.618034,
      "z" : 15.326238
    },
    "orientation" : 16
  }, {
    "shape" : "abbdc493-8858-43a1-8506-0fd918f0acfe",
    "color" : "#007695",
    "position" : {
      "x" : 0.0,
      "y" : -11.09017,
      "z" : 29.034441
    },
    "orientation" : 26
  }, {
    "shape" : "83986efc-197e-40b5-a1ee-fe53d15fb87d",
    "color" : "#007695",
    "position" : {
      "x" : -6.854102,
      "y" : -8.472136,
      "z" : -11.09017
    },
    "orientation" : 23
  }, {
    "shape" : "58d91e8f-9dcd-4af3-8c0a-d9852bb11657",
    "color" : "#FFFFFF",
    "position" : {
      "x" : -2.618034,
      "y" : 6.854102,
      "z" : 13.708204
    }
  }, {
    "shape" : "83986efc-197e-40b5-a1ee-fe53d15fb87d",
    "color" : "#007695",
    "position" : {
      "x" : 8.472136,
      "y" : -11.09017,
      "z" : -6.854102
    },
    "orientation" : 40
  }, {
    "shape" : "83986efc-197e-40b5-a1ee-fe53d15fb87d",
    "color" : "#007695",
    "position" : {
      "x" : 2.618034,
      "y" : 6.854102,
      "z" : 13.708204
    },
    "orientation" : 45
  }, {
    "shape" : "58d91e8f-9dcd-4af3-8c0a-d9852bb11657",
    "color" : "#FFFFFF",
    "position" : {
      "x" : -11.09017,
      "y" : 6.854102,
      "z" : 8.472136
    }
  }, {
    "shape" : "abbdc493-8858-43a1-8506-0fd918f0acfe",
    "color" : "#007695",
    "position" : {
      "x" : -29.034441,
      "y" : 0.0,
      "z" : 11.09017
    },
    "orientation" : 21
  }, {
    "shape" : "58d91e8f-9dcd-4af3-8c0a-d9852bb11657",
    "color" : "#FFFFFF",
    "position" : {
      "x" : 6.854102,
      "y" : 8.472136,
      "z" : 11.09017
    }
  }, {
    "shape" : "320fc095-a306-4edf-bd8b-b94cbb28a552",
    "color" : "#F0A000",
    "position" : {
      "x" : 0.0,
      "y" : 0.0,
      "z" : 0.0
    },
    "orientation" : 5
  }, {
    "shape" : "58d91e8f-9dcd-4af3-8c0a-d9852bb11657",
    "color" : "#FFFFFF",
    "position" : {
      "x" : 0.0,
      "y" : 2.618034,
      "z" : 15.326238
    }
  }, {
    "shape" : "58d91e8f-9dcd-4af3-8c0a-d9852bb11657",
    "color" : "#FFFFFF",
    "position" : {
      "x" : -8.472136,
      "y" : -11.09017,
      "z" : -6.854102
    }
  }, {
    "shape" : "58d91e8f-9dcd-4af3-8c0a-d9852bb11657",
    "color" : "#FFFFFF",
    "position" : {
      "x" : 11.09017,
      "y" : 29.034441,
      "z" : 0.0
    }
  }, {
    "shape" : "58d91e8f-9dcd-4af3-8c0a-d9852bb11657",
    "color" : "#FFFFFF",
    "position" : {
      "x" : 0.0,
      "y" : -11.09017,
      "z" : 29.034441
    }
  }, {
    "shape" : "9e83b0c4-69bf-405d-b099-628f3dd13d09",
    "color" : "#F0A000",
    "position" : {
      "x" : 0.0,
      "y" : -2.618034,
      "z" : 15.326238
    },
    "orientation" : 24
  }, {
    "shape" : "83986efc-197e-40b5-a1ee-fe53d15fb87d",
    "color" : "#007695",
    "position" : {
      "x" : -11.09017,
      "y" : -6.854102,
      "z" : 8.472136
    },
    "orientation" : 24
  }, {
    "shape" : "83986efc-197e-40b5-a1ee-fe53d15fb87d",
    "color" : "#007695",
    "position" : {
      "x" : -6.854102,
      "y" : 13.708204,
      "z" : 2.618034
    },
    "orientation" : 23
  }, {
    "shape" : "320fc095-a306-4edf-bd8b-b94cbb28a552",
    "color" : "#F0A000",
    "position" : {
      "x" : 0.0,
      "y" : 0.0,
      "z" : 0.0
    },
    "orientation" : 38
  }, {
    "shape" : "83986efc-197e-40b5-a1ee-fe53d15fb87d",
    "color" : "#007695",
    "position" : {
      "x" : 11.09017,
      "y" : 6.854102,
      "z" : 8.472136
    },
    "orientation" : 24
  }, {
    "shape" : "58d91e8f-9dcd-4af3-8c0a-d9852bb11657",
    "color" : "#FFFFFF",
    "position" : {
      "x" : -29.034441,
      "y" : 0.0,
      "z" : 11.09017
    }
  }, {
    "shape" : "58d91e8f-9dcd-4af3-8c0a-d9852bb11657",
    "color" : "#FFFFFF",
    "position" : {
      "x" : -15.326238,
      "y" : 0.0,
      "z" : 2.618034
    }
  }, {
    "shape" : "58d91e8f-9dcd-4af3-8c0a-d9852bb11657",
    "color" : "#FFFFFF",
    "position" : {
      "x" : -15.326238,
      "y" : 0.0,
      "z" : -2.618034
    }
  }, {
    "shape" : "58d91e8f-9dcd-4af3-8c0a-d9852bb11657",
    "color" : "#FFFFFF",
    "position" : {
      "x" : -11.09017,
      "y" : -6.854102,
      "z" : 8.472136
    }
  }, {
    "shape" : "83986efc-197e-40b5-a1ee-fe53d15fb87d",
    "color" : "#007695",
    "position" : {
      "x" : 8.472136,
      "y" : 11.09017,
      "z" : 6.854102
    },
    "orientation" : 55
  }, {
