{
  "field" : "golden",
  "symmetry" : "icosahedral",
  "orientations" : [ [ 1.0, 0.0, 0.0, 0.0, 0.0, 1.0, 0.0, 0.0, 0.0, 0.0, 1.0, 0.0, 0.0, 0.0, 0.0, 1.0 ], [ 0.0, 0.0, 1.0, 0.0, 1.0, 0.0, 0.0, 0.0, 0.0, 1.0, 0.0, 0.0, 0.0, 0.0, 0.0, 1.0 ], [ 0.0, 1.0, 0.0, 0.0, 0.0, 0.0, 1.0, 0.0, 1.0, 0.0, 0.0, 0.0, 0.0, 0.0, 0.0, 1.0 ], [ 0.809017, 0.309017, 0.5, 0.0, 0.309017, 0.5, -0.809017, 0.0, -0.5, 0.809017, 0.309017, 0.0, 0.0, 0.0, 0.0, 1.0 ], [ -0.5, 0.809017, 0.309017, 0.0, 0.809017, 0.309017, 0.5, 0.0, 0.309017, 0.5, -0.809017, 0.0, 0.0, 0.0, 0.0, 1.0 ], [ 0.309017, 0.5, -0.809017, 0.0, -0.5, 0.809017, 0.309017, 0.0, 0.809017, 0.309017, 0.5, 0.0, 0.0, 0.0, 0.0, 1.0 ], [ 0.5, 0.809017, 0.309017, 0.0, 0.809017, -0.309017, -0.5, 0.0, -0.309017, 0.5, -0.809017, 0.0, 0.0, 0.0, 0.0, 1.0 ], [ -0.309017, 0.5, -0.809017, 0.0, 0.5, 0.809017, 0.309017, 0.0, 0.809017, -0.309017, -0.5, 0.0, 0.0, 0.0, 0.0, 1.0 ], [ 0.809017, -0.309017, -0.5, 0.0, -0.309017, 0.5, -0.809017, 0.0, 0.5, 0.809017, 0.309017, 0.0, 0.0, 0.0, 0.0, 1.0 ], [ 0.5, 0.809017, -0.309017, 0.0, 0.809017, -0.309017, 0.5, 0.0, 0.309017, -0.5, -0.809017, 0.0, 0.0, 0.0, 0.0, 1.0 ], [ 0.309017, -0.5, -0.809017, 0.0, 0.5, 0.809017, -0.309017, 0.0, 0.809017, -0.309017, 0.5, 0.0, 0.0, 0.0, 0.0, 1.0 ], [ 0.809017, -0.309017, 0.5, 0.0, 0.309017, -0.5, -0.809017, 0.0, 0.5, 0.809017, -0.309017, 0.0, 0.0, 0.0, 0.0, 1.0 ], [ 0.809017, 0.309017, -0.5, 0.0, 0.309017, 0.5, 0.809017, 0.0, 0.5, -0.809017, 0.309017, 0.0, 0.0, 0.0, 0.0, 1.0 ], [ 0.5, -0.809017, 0.309017, 0.0, 0.809017, 0.309017, -0.5, 0.0, 0.309017, 0.5, 0.809017, 0.0, 0.0, 0.0, 0.0, 1.0 ], [ 0.309017, 0.5, 0.809017, 0.0, 0.5, -0.809017, 0.309017, 0.0, 0.809017, 0.309017, -0.5, 0.0, 0.0, 0.0, 0.0, 1.0 ], [ 1.0, 0.0, 0.0, 0.0, 0.0, -1.0, 0.0, 0.0, 0.0, 0.0, -1.0, 0.0, 0.0, 0.0, 0.0, 1.0 ], [ 0.0, 0.0, 1.0, 0.0, -1.0, 0.0, 0.0, 0.0, 0.0, -1.0, 0.0, 0.0, 0.0, 0.0, 0.0, 1.0 ], [ 0.0, 1.0, 0.0, 0.0, 0.0, 0.0, -1.0, 0.0, -1.0, 0.0, 0.0, 0.0, 0.0, 0.0, 0.0, 1.0 ], [ 0.809017, 0.309017, 0.5, 0.0, -0.309017, -0.5, 0.809017, 0.0, 0.5, -0.809017, -0.309017, 0.0, 0.0, 0.0, 0.0, 1.0 ], [ -0.5, 0.809017, 0.309017, 0.0, -0.809017, -0.309017, -0.5, 0.0, -0.309017, -0.5, 0.809017, 0.0, 0.0, 0.0, 0.0, 1.0 ], [ 0.309017, 0.5, -0.809017, 0.0, 0.5, -0.809017, -0.309017, 0.0, -0.809017, -0.309017, -0.5, 0.0, 0.0, 0.0, 0.0, 1.0 ], [ 0.5, 0.809017, 0.309017, 0.0, -0.809017, 0.309017, 0.5, 0.0, 0.309017, -0.5, 0.809017, 0.0, 0.0, 0.0, 0.0, 1.0 ], [ -0.309017, 0.5, -0.809017, 0.0, -0.5, -0.809017, -0.309017, 0.0, -0.809017, 0.309017, 0.5, 0.0, 0.0, 0.0, 0.0, 1.0 ], [ 0.809017, -0.309017, -0.5, 0.0, 0.309017, -0.5, 0.809017, 0.0, -0.5, -0.809017, -0.309017, 0.0, 0.0, 0.0, 0.0, 1.0 ], [ 0.5, 0.809017, -0.309017, 0.0, -0.809017, 0.309017, -0.5, 0.0, -0.309017, 0.5, 0.809017, 0.0, 0.0, 0.0, 0.0, 1.0 ], [ 0.309017, -0.5, -0.809017, 0.0, -0.5, -0.809017, 0.309017, 0.0, -0.809017, 0.309017, -0.5, 0.0, 0.0, 0.0, 0.0, 1.0 ], [ 0.809017, -0.309017, 0.5, 0.0, -0.309017, 0.5, 0.809017, 0.0, -0.5, -0.809017, 0.309017, 0.0, 0.0, 0.0, 0.0, 1.0 ], [ 0.809017, 0.309017, -0.5, 0.0, -0.309017, -0.5, -0.809017, 0.0, -0.5, 0.809017, -0.309017, 0.0, 0.0, 0.0, 0.0, 1.0 ], [ 0.5, -0.809017, 0.309017, 0.0, -0.809017, -0.309017, 0.5, 0.0, -0.309017, -0.5, -0.809017, 0.0, 0.0, 0.0, 0.0, 1.0 ], [ 0.309017, 0.5, 0.809017, 0.0, -0.5, 0.809017, -0.309017, 0.0, -0.809017, -0.309017, 0.5, 0.0, 0.0, 0.0, 0.0, 1.0 ], [ -1.0, 0.0, 0.0, 0.0, 0.0, -1.0, 0.0, 0.0, 0.0, 0.0, 1.0, 0.0, 0.0, 0.0, 0.0, 1.0 ], [ 0.0, 0.0, -1.0, 0.0, -1.0, 0.0, 0.0, 0.0, 0.0, 1.0, 0.0, 0.0, 0.0, 0.0, 0.0, 1.0 ], [ 0.0, -1.0, 0.0, 0.0, 0.0, 0.0, -1.0, 0.0, 1.0, 0.0, 0.0, 0.0, 0.0, 0.0, 0.0, 1.0 ], [ -0.809017, -0.309017, -0.5, 0.0, -0.309017, -0.5, 0.809017, 0.0, -0.5, 0.809017, 0.309017, 0.0, 0.0, 0.0, 0.0, 1.0 ], [ 0.5, -0.809017, -0.309017, 0.0, -0.809017, -0.309017, -0.5, 0.0, 0.309017, 0.5, -0.809017, 0.0, 0.0, 0.0, 0.0, 1.0 ], [ -0.309017, -0.5, 0.809017, 0.0, 0.5, -0.809017, -0.309017, 0.0, 0.809017, 0.309017, 0.5, 0.0, 0.0, 0.0, 0.0, 1.0 ], [ -0.5, -0.809017, -0.309017, 0.0, -0.809017, 0.309017, 0.5, 0.0, -0.309017, 0.5, -0.809017, 0.0, 0.0, 0.0, 0.0, 1.0 ], [ 0.309017, -0.5, 0.809017, 0.0, -0.5, -0.809017, -0.309017, 0.0, 0.809017, -0.309017, -0.5, 0.0, 0.0, 0.0, 0.0, 1.0 ], [ -0.809017, 0.309017, 0.5, 0.0, 0.309017, -0.5, 0.809017, 0.0, 0.5, 0.809017, 0.309017, 0.0, 0.0, 0.0, 0.0, 1.0 ], [ -0.5, -0.809017, 0.309017, 0.0, -0.809017, 0.309017, -0.5, 0.0, 0.309017, -0.5, -0.809017, 0.0, 0.0, 0.0, 0.0, 1.0 ], [ -0.309017, 0.5, 0.809017, 0.0, -0.5, -0.809017, 0.309017, 0.0, 0.809017, -0.309017, 0.5, 0.0, 0.0, 0.0, 0.0, 1.0 ], [ -0.809017, 0.309017, -0.5, 0.0, -0.309017, 0.5, 0.809017, 0.0, 0.5, 0.809017, -0.309017, 0.0, 0.0, 0.0, 0.0, 1.0 ], [ -0.809017, -0.309017, 0.5, 0.0, -0.309017, -0.5, -0.809017, 0.0, 0.5, -0.809017, 0.309017, 0.0, 0.0, 0.0, 0.0, 1.0 ], [ -0.5, 0.809017, -0.309017, 0.0, -0.809017, -0.309017, 0.5, 0.0, 0.309017, 0.5, 0.809017, 0.0, 0.0, 0.0, 0.0, 1.0 ], [ -0.309017, -0.5, -0.809017, 0.0, -0.5, 0.809017, -0.309017, 0.0, 0.809017, 0.309017, -0.5, 0.0, 0.0, 0.0, 0.0, 1.0 ], [ -1.0, 0.0, 0.0, 0.0, 0.0, 1.0, 0.0, 0.0, 0.0, 0.0, -1.0, 0.0, 0.0, 0.0, 0.0, 1.0 ], [ 0.0, 0.0, -1.0, 0.0, 1.0, 0.0, 0.0, 0.0, 0.0, -1.0, 0.0, 0.0, 0.0, 0.0, 0.0, 1.0 ], [ 0.0, -1.0, 0.0, 0.0, 0.0, 0.0, 1.0, 0.0, -1.0, 0.0, 0.0, 0.0, 0.0, 0.0, 0.0, 1.0 ], [ -0.809017, -0.309017, -0.5, 0.0, 0.309017, 0.5, -0.809017, 0.0, 0.5, -0.809017, -0.309017, 0.0, 0.0, 0.0, 0.0, 1.0 ], [ 0.5, -0.809017, -0.309017, 0.0, 0.809017, 0.309017, 0.5, 0.0, -0.309017, -0.5, 0.809017, 0.0, 0.0, 0.0, 0.0, 1.0 ], [ -0.309017, -0.5, 0.809017, 0.0, -0.5, 0.809017, 0.309017, 0.0, -0.809017, -0.309017, -0.5, 0.0, 0.0, 0.0, 0.0, 1.0 ], [ -0.5, -0.809017, -0.309017, 0.0, 0.809017, -0.309017, -0.5, 0.0, 0.309017, -0.5, 0.809017, 0.0, 0.0, 0.0, 0.0, 1.0 ], [ 0.309017, -0.5, 0.809017, 0.0, 0.5, 0.809017, 0.309017, 0.0, -0.809017, 0.309017, 0.5, 0.0, 0.0, 0.0, 0.0, 1.0 ], [ -0.809017, 0.309017, 0.5, 0.0, -0.309017, 0.5, -0.809017, 0.0, -0.5, -0.809017, -0.309017, 0.0, 0.0, 0.0, 0.0, 1.0 ], [ -0.5, -0.809017, 0.309017, 0.0, 0.809017, -0.309017, 0.5, 0.0, -0.309017, 0.5, 0.809017, 0.0, 0.0, 0.0, 0.0, 1.0 ], [ -0.309017, 0.5, 0.809017, 0.0, 0.5, 0.809017, -0.309017, 0.0, -0.809017, 0.309017, -0.5, 0.0, 0.0, 0.0, 0.0, 1.0 ], [ -0.809017, 0.309017, -0.5, 0.0, 0.309017, -0.5, -0.809017, 0.0, -0.5, -0.809017, 0.309017, 0.0, 0.0, 0.0, 0.0, 1.0 ], [ -0.809017, -0.309017, 0.5, 0.0, 0.309017, 0.5, 0.809017, 0.0, -0.5, 0.809017, -0.309017, 0.0, 0.0, 0.0, 0.0, 1.0 ], [ -0.5, 0.809017, -0.309017, 0.0, 0.809017, 0.309017, -0.5, 0.0, -0.309017, -0.5, -0.809017, 0.0, 0.0, 0.0, 0.0, 1.0 ], [ -0.309017, -0.5, -0.809017, 0.0, 0.5, -0.809017, 0.309017, 0.0, -0.809017, -0.309017, 0.5, 0.0, 0.0, 0.0, 0.0, 1.0 ] ],
  "lights" : {
    "ambientColor" : "#292929",
    "backgroundColor" : "#FFFFEF",
    "directionalLights" : [ {
      "direction" : {
        "x" : 1.0,
        "y" : -1.0,
        "z" : -1.0
      },
      "color" : "#EBEBE4"
    }, {
      "direction" : {
        "x" : -1.0,
        "y" : 0.0,
        "z" : 0.0
      },
      "color" : "#E4E4EB"
    }, {
      "direction" : {
        "x" : 0.0,
        "y" : 0.0,
        "z" : -1.0
      },
      "color" : "#1E1E1E"
    } ]
  },
  "camera" : {
    "width" : 206.51506,
    "stereo" : false,
    "lookDirection" : {
      "x" : 0.0,
      "y" : 0.0,
      "z" : -1.0
    },
    "upDirection" : {
      "x" : 0.0,
      "y" : 1.0,
      "z" : 0.0
    },
    "lookAtPoint" : {
      "x" : 0.0,
      "y" : 0.0,
      "z" : 0.0
    },
    "perspective" : false,
    "viewDistance" : 458.92166,
    "nearClipDistance" : 1.1473029,
    "farClipDistance" : 917.84534,
    "fieldOfView" : 0.44262952,
    "position" : {
      "x" : 0.0,
      "y" : 0.0,
      "z" : 458.92166
    }
  },
  "embedding" : [ 1.0, 0.0, 0.0, 0.0, 0.0, 1.0, 0.0, 0.0, 0.0, 0.0, 1.0, 0.0, 0.0, 0.0, 0.0, 1.0 ],
  "shapes" : [ {
    "id" : "c09e528c-9d6f-4836-b863-c03e850b977a",
    "vertices" : [ {
      "x" : 4.236068,
      "y" : -8.472136,
      "z" : -6.854102
    }, {
      "x" : 11.09017,
      "y" : -12.708204,
      "z" : -15.326238
    }, {
      "x" : 19.562305,
      "y" : -19.562305,
      "z" : -19.562305
    }, {
      "x" : 12.708204,
      "y" : -15.326238,
      "z" : -11.09017
    } ],
    "faces" : [ {
      "vertices" : [ 0, 1, 2 ]
    }, {
      "vertices" : [ 0, 2, 3 ]
    }, {
      "vertices" : [ 0, 3, 2 ]
    }, {
      "vertices" : [ 0, 2, 1 ]
    } ]
  }, {
    "id" : "51b35f66-07d4-407a-9124-df89f61bb0bd",
    "vertices" : [ {
      "x" : 2.527864,
      "y" : 10.708204,
      "z" : 2.527864
    }, {
      "x" : 2.190983,
      "y" : 10.09017,
      "z" : 2.072949
    }, {
      "x" : 2.072949,
      "y" : 10.281153,
      "z" : 2.381966
    }, {
      "x" : 0.090169944,
      "y" : 0.38196602,
      "z" : 0.090169944
    }, {
      "x" : -0.072949015,
      "y" : 1.190983,
      "z" : 0.23606798
    }, {
      "x" : 0.045084972,
      "y" : 1.0,
      "z" : -0.072949015
    }, {
      "x" : 2.572949,
      "y" : 10.09017,
      "z" : 2.690983
    }, {
      "x" : 0.54508495,
      "y" : 0.809017,
      "z" : 0.23606798
    }, {
      "x" : 2.690983,
      "y" : 9.899187,
      "z" : 2.381966
    }, {
      "x" : 2.618034,
      "y" : 11.09017,
      "z" : 2.618034
    }, {
      "x" : 0.42705098,
      "y" : 1.0,
      "z" : 0.54508495
    } ],
    "faces" : [ {
      "vertices" : [ 3, 10, 4 ]
    }, {
      "vertices" : [ 0, 1, 2 ]
    }, {
      "vertices" : [ 3, 7, 10 ]
    }, {
      "vertices" : [ 1, 8, 7 ]
    }, {
      "vertices" : [ 1, 7, 5 ]
    }, {
      "vertices" : [ 2, 4, 10 ]
    }, {
      "vertices" : [ 2, 10, 6 ]
    }, {
      "vertices" : [ 0, 2, 6 ]
    }, {
      "vertices" : [ 0, 8, 1 ]
    }, {
      "vertices" : [ 3, 4, 5 ]
    }, {
      "vertices" : [ 1, 5, 4 ]
    }, {
      "vertices" : [ 1, 4, 2 ]
    }, {
      "vertices" : [ 0, 6, 8 ]
    }, {
      "vertices" : [ 6, 10, 7 ]
    }, {
      "vertices" : [ 6, 7, 8 ]
    }, {
      "vertices" : [ 3, 5, 7 ]
    } ]
  }, {
    "id" : "9be346d3-2439-42d5-ba32-8213e5c80807",
    "vertices" : [ {
      "x" : 0.309017,
      "y" : -0.309017,
      "z" : -0.309017
    }, {
      "x" : 0.5,
      "y" : 0.0,
      "z" : -0.19098301
    }, {
      "x" : 0.5,
      "y" : 0.0,
      "z" : 0.19098301
    }, {
      "x" : 0.309017,
      "y" : -0.309017,
      "z" : 0.309017
    }, {
      "x" : 0.19098301,
      "y" : -0.5,
      "z" : 0.0
    }, {
      "x" : 0.0,
      "y" : 0.19098301,
      "z" : 0.5
    }, {
      "x" : 0.0,
      "y" : -0.19098301,
      "z" : 0.5
    }, {
      "x" : 0.309017,
      "y" : 0.309017,
      "z" : 0.309017
    }, {
      "x" : -0.309017,
      "y" : -0.309017,
      "z" : 0.309017
    }, {
      "x" : -0.309017,
      "y" : 0.309017,
      "z" : 0.309017
    }, {
      "x" : -0.5,
      "y" : 0.0,
      "z" : 0.19098301
    }, {
      "x" : 0.0,
      "y" : -0.19098301,
      "z" : -0.5
    }, {
      "x" : 0.0,
      "y" : 0.19098301,
      "z" : -0.5
    }, {
      "x" : 0.309017,
      "y" : 0.309017,
      "z" : -0.309017
    }, {
      "x" : -0.309017,
      "y" : -0.309017,
      "z" : -0.309017
    }, {
      "x" : -0.19098301,
      "y" : -0.5,
      "z" : 0.0
    }, {
      "x" : -0.5,
      "y" : 0.0,
      "z" : -0.19098301
    }, {
      "x" : 0.19098301,
      "y" : 0.5,
      "z" : 0.0
    }, {
      "x" : -0.309017,
      "y" : 0.309017,
      "z" : -0.309017
    }, {
      "x" : 0.0,
      "y" : 0.0,
      "z" : 0.0
    }, {
      "x" : -0.19098301,
      "y" : 0.5,
      "z" : 0.0
    } ],
    "faces" : [ {
      "vertices" : [ 12, 18, 20 ]
    }, {
      "vertices" : [ 12, 20, 17 ]
    }, {
      "vertices" : [ 12, 17, 13 ]
    }, {
      "vertices" : [ 3, 6, 8 ]
    }, {
      "vertices" : [ 3, 8, 15 ]
    }, {
      "vertices" : [ 3, 15, 4 ]
    }, {
      "vertices" : [ 0, 11, 12 ]
    }, {
      "vertices" : [ 0, 12, 13 ]
    }, {
      "vertices" : [ 0, 13, 1 ]
    }, {
      "vertices" : [ 5, 9, 10 ]
    }, {
      "vertices" : [ 5, 10, 8 ]
    }, {
      "vertices" : [ 5, 8, 6 ]
    }, {
      "vertices" : [ 2, 7, 5 ]
    }, {
      "vertices" : [ 2, 5, 6 ]
    }, {
      "vertices" : [ 2, 6, 3 ]
    }, {
      "vertices" : [ 11, 14, 16 ]
    }, {
      "vertices" : [ 11, 16, 18 ]
    }, {
      "vertices" : [ 11, 18, 12 ]
    }, {
      "vertices" : [ 1, 13, 17 ]
    }, {
      "vertices" : [ 1, 17, 7 ]
    }, {
      "vertices" : [ 1, 7, 2 ]
    }, {
      "vertices" : [ 9, 20, 18 ]
    }, {
      "vertices" : [ 9, 18, 16 ]
    }, {
      "vertices" : [ 9, 16, 10 ]
    }, {
      "vertices" : [ 0, 1, 2 ]
    }, {
      "vertices" : [ 0, 2, 3 ]
    }, {
      "vertices" : [ 0, 3, 4 ]
    }, {
      "vertices" : [ 5, 7, 17 ]
    }, {
      "vertices" : [ 5, 17, 20 ]
    }, {
      "vertices" : [ 5, 20, 9 ]
    }, {
      "vertices" : [ 0, 4, 15 ]
    }, {
      "vertices" : [ 0, 15, 14 ]
    }, {
      "vertices" : [ 0, 14, 11 ]
    }, {
      "vertices" : [ 8, 10, 16 ]
    }, {
      "vertices" : [ 8, 16, 14 ]
    }, {
      "vertices" : [ 8, 14, 15 ]
    } ]
  }, {
    "id" : "60f785bc-5af6-4089-9be3-b8d728055599",
    "vertices" : [ {
      "x" : -19.562305,
      "y" : -9.472136,
      "z" : 6.854102
    }, {
      "x" : -26.416409,
      "y" : -18.944271,
      "z" : 6.854102
    }, {
      "x" : -35.888542,
      "y" : -18.944271,
      "z" : 13.708204
    }, {
      "x" : -29.034441,
      "y" : -9.472136,
      "z" : 13.708204
    } ],
    "faces" : [ {
      "vertices" : [ 0, 1, 2 ]
    }, {
      "vertices" : [ 0, 2, 3 ]
    }, {
      "vertices" : [ 0, 3, 2 ]
    }, {
      "vertices" : [ 0, 2, 1 ]
    } ]
  }, {
    "id" : "14f216c8-bde3-44dd-9674-0e430f0b4894",
    "vertices" : [ {
      "x" : 22.18034,
      "y" : 22.18034,
      "z" : 30.652475
    }, {
      "x" : 31.652475,
      "y" : 22.18034,
      "z" : 37.506577
    }, {
      "x" : 31.652475,
      "y" : 29.034441,
      "z" : 46.978714
    }, {
      "x" : 22.18034,
      "y" : 29.034441,
      "z" : 40.12461
    } ],
    "faces" : [ {
      "vertices" : [ 0, 1, 2 ]
    }, {
      "vertices" : [ 0, 2, 3 ]
    }, {
      "vertices" : [ 0, 3, 2 ]
    }, {
      "vertices" : [ 0, 2, 1 ]
    } ]
  }, {
    "id" : "36736917-b6c1-4321-b247-434d7864633e",
    "vertices" : [ {
      "x" : -18.944271,
      "y" : 6.854102,
      "z" : -26.416409
    }, {
      "x" : -12.09017,
      "y" : 2.618034,
      "z" : -17.944271
    }, {
      "x" : -12.09017,
      "y" : 9.472136,
      "z" : -27.416409
    }, {
      "x" : -18.944271,
      "y" : 13.708204,
      "z" : -35.888542
    } ],
    "faces" : [ {
      "vertices" : [ 0, 1, 2 ]
    }, {
      "vertices" : [ 0, 2, 3 ]
    }, {
      "vertices" : [ 0, 3, 2 ]
    }, {
      "vertices" : [ 0, 2, 1 ]
    } ]
  }, {
    "id" : "62083720-f595-4b30-a870-95dc6f7995e6",
    "vertices" : [ {
      "x" : -16.326239,
      "y" : -4.236068,
      "z" : 15.326238
    }, {
      "x" : -27.416409,
      "y" : -6.854102,
      "z" : 17.944271
    }, {
      "x" : -30.034441,
      "y" : -9.472136,
      "z" : 29.034441
    }, {
      "x" : -18.944271,
      "y" : -6.854102,
      "z" : 26.416409
    } ],
    "faces" : [ {
      "vertices" : [ 0, 1, 2 ]
    }, {
      "vertices" : [ 0, 2, 3 ]
    }, {
      "vertices" : [ 0, 3, 2 ]
    }, {
      "vertices" : [ 0, 2, 1 ]
    } ]
  }, {
    "id" : "eace2c59-e31e-4415-b3e2-15b18fa3ed74",
    "vertices" : [ {
      "x" : 2.618034,
      "y" : -11.09017,
      "z" : -2.618034
    }, {
      "x" : 2.618034,
      "y" : -17.944271,
      "z" : -12.09017
    }, {
      "x" : 6.854102,
      "y" : -26.416409,
      "z" : -18.944271
    }, {
      "x" : 6.854102,
      "y" : -19.562305,
      "z" : -9.472136
    } ],
    "faces" : [ {
      "vertices" : [ 0, 1, 2 ]
    }, {
      "vertices" : [ 0, 2, 3 ]
    }, {
      "vertices" : [ 0, 3, 2 ]
    }, {
      "vertices" : [ 0, 2, 1 ]
    } ]
  }, {
    "id" : "aa801862-678f-4c23-bac7-086b4de280dd",
    "vertices" : [ {
      "x" : -11.09017,
      "y" : -2.618034,
      "z" : 2.618034
    }, {
      "x" : -17.944271,
      "y" : -12.09017,
      "z" : 2.618034
    }, {
      "x" : -26.416409,
      "y" : -18.944271,
      "z" : 6.854102
    }, {
      "x" : -19.562305,
      "y" : -9.472136,
      "z" : 6.854102
    } ],
    "faces" : [ {
      "vertices" : [ 0, 1, 2 ]
    }, {
      "vertices" : [ 0, 2, 3 ]
    }, {
      "vertices" : [ 0, 3, 2 ]
    }, {
      "vertices" : [ 0, 2, 1 ]
    } ]
  }, {
    "id" : "7194aa84-6b59-4b3b-8bfd-b2aeaa31e2fa",
    "vertices" : [ {
      "x" : 33.27051,
      "y" : 38.506577,
      "z" : 16.326239
    }, {
      "x" : 29.034441,
      "y" : 30.034441,
      "z" : 9.472136
    }, {
      "x" : 38.506577,
      "y" : 30.034441,
      "z" : 16.326239
    }, {
      "x" : 42.742645,
      "y" : 38.506577,
      "z" : 23.18034
    } ],
    "faces" : [ {
      "vertices" : [ 0, 1, 2 ]
    }, {
      "vertices" : [ 0, 2, 3 ]
    }, {
      "vertices" : [ 0, 3, 2 ]
    }, {
      "vertices" : [ 0, 2, 1 ]
    } ]
  }, {
    "id" : "95e05d91-e92a-464a-8ad3-a55f497f3edf",
    "vertices" : [ {
      "x" : 19.562305,
      "y" : -26.416409,
      "z" : -29.034441
    }, {
      "x" : 22.18034,
      "y" : -29.034441,
      "z" : -40.12461
    }, {
      "x" : 24.798374,
      "y" : -40.12461,
      "z" : -42.742645
    }, {
      "x" : 22.18034,
      "y" : -37.506577,
      "z" : -31.652475
    } ],
    "faces" : [ {
      "vertices" : [ 0, 1, 2 ]
    }, {
      "vertices" : [ 0, 2, 3 ]
    }, {
      "vertices" : [ 0, 3, 2 ]
    }, {
      "vertices" : [ 0, 2, 1 ]
    } ]
  }, {
    "id" : "8de57705-711a-434f-95c2-06c7b8080071",
    "vertices" : [ {
      "x" : 4.236068,
      "y" : 8.472136,
      "z" : 6.854102
    }, {
      "x" : 4.236068,
      "y" : 15.326238,
      "z" : 16.326239
    }, {
      "x" : 11.09017,
      "y" : 19.562305,
      "z" : 24.798374
    }, {
      "x" : 11.09017,
      "y" : 12.708204,
      "z" : 15.326238
    } ],
    "faces" : [ {
      "vertices" : [ 0, 1, 2 ]
    }, {
      "vertices" : [ 0, 2, 3 ]
    }, {
      "vertices" : [ 0, 3, 2 ]
    }, {
      "vertices" : [ 0, 2, 1 ]
    } ]
  }, {
    "id" : "edf92ac4-7f7f-4407-ae7b-a5e550095a58",
    "vertices" : [ {
      "x" : 0.0,
      "y" : 6.854102,
      "z" : -9.472136
    }, {
      "x" : -2.618034,
      "y" : 17.944271,
      "z" : -12.09017
    }, {
      "x" : -5.236068,
      "y" : 20.562305,
      "z" : -23.18034
    }, {
      "x" : -2.618034,
      "y" : 9.472136,
      "z" : -20.562305
    } ],
    "faces" : [ {
      "vertices" : [ 0, 1, 2 ]
    }, {
      "vertices" : [ 0, 2, 3 ]
    }, {
      "vertices" : [ 0, 3, 2 ]
    }, {
      "vertices" : [ 0, 2, 1 ]
    } ]
  }, {
    "id" : "bd04bf8c-f998-4a13-9c51-0694d6642c47",
    "vertices" : [ {
      "x" : -18.944271,
      "y" : 6.854102,
      "z" : -26.416409
    }, {
      "x" : -23.18034,
      "y" : 15.326238,
      "z" : -33.27051
    }, {
      "x" : -31.652475,
      "y" : 22.18034,
      "z" : -37.506577
    }, {
      "x" : -27.416409,
      "y" : 13.708204,
      "z" : -30.652475
    } ],
    "faces" : [ {
      "vertices" : [ 0, 1, 2 ]
    }, {
      "vertices" : [ 0, 2, 3 ]
    }, {
      "vertices" : [ 0, 3, 2 ]
    }, {
      "vertices" : [ 0, 2, 1 ]
    } ]
  }, {
    "id" : "4957be4c-41da-4d96-be27-a7f55e304aa2",
    "vertices" : [ {
      "x" : 6.854102,
      "y" : 26.416409,
      "z" : 18.944271
    }, {
      "x" : 9.472136,
      "y" : 29.034441,
      "z" : 30.034441
    }, {
      "x" : 5.236068,
      "y" : 20.562305,
      "z" : 23.18034
    }, {
      "x" : 2.618034,
      "y" : 17.944271,
      "z" : 12.09017
    } ],
    "faces" : [ {
      "vertices" : [ 0, 1, 2 ]
    }, {
      "vertices" : [ 0, 2, 3 ]
    }, {
      "vertices" : [ 0, 3, 2 ]
    }, {
      "vertices" : [ 0, 2, 1 ]
    } ]
  }, {
    "id" : "e6b5c9ec-4461-4625-9994-dfe3444d7c02",
    "vertices" : [ {
      "x" : 24.798374,
      "y" : 11.09017,
      "z" : 19.562305
    }, {
      "x" : 27.416409,
      "y" : 13.708204,
      "z" : 30.652475
    }, {
      "x" : 31.652475,
      "y" : 22.18034,
      "z" : 37.506577
    }, {
      "x" : 29.034441,
      "y" : 19.562305,
      "z" : 26.416409
    } ],
    "faces" : [ {
      "vertices" : [ 0, 1, 2 ]
    }, {
      "vertices" : [ 0, 2, 3 ]
    }, {
      "vertices" : [ 0, 3, 2 ]
    }, {
      "vertices" : [ 0, 2, 1 ]
    } ]
  }, {
    "id" : "7cb84747-3f93-4e6e-b3b2-1c5c8f2e78dc",
    "vertices" : [ {
      "x" : 17.944271,
      "y" : -27.416409,
      "z" : -6.854102
    }, {
      "x" : 22.18034,
      "y" : -35.888542,
      "z" : -13.708204
    }, {
      "x" : 33.27051,
      "y" : -38.506577,
      "z" : -16.326239
    }, {
      "x" : 29.034441,
      "y" : -30.034441,
      "z" : -9.472136
    } ],
    "faces" : [ {
      "vertices" : [ 0, 1, 2 ]
    }, {
      "vertices" : [ 0, 2, 3 ]
    }, {
      "vertices" : [ 0, 3, 2 ]
    }, {
      "vertices" : [ 0, 2, 1 ]
    } ]
  }, {
    "id" : "3ccb05ee-69f4-4053-afe1-3cb9b6eeff53",
    "vertices" : [ {
      "x" : -9.472136,
      "y" : 13.708204,
      "z" : -29.034441
    }, {
      "x" : -18.944271,
      "y" : 13.708204,
      "z" : -35.888542
    }, {
      "x" : -12.09017,
      "y" : 9.472136,
      "z" : -27.416409
    }, {
      "x" : -2.618034,
      "y" : 9.472136,
      "z" : -20.562305
    } ],
    "faces" : [ {
      "vertices" : [ 0, 1, 2 ]
    }, {
      "vertices" : [ 0, 2, 3 ]
    }, {
      "vertices" : [ 0, 3, 2 ]
    }, {
      "vertices" : [ 0, 2, 1 ]
    } ]
  }, {
    "id" : "942a3e74-0fbc-44b1-9727-9b828568b362",
    "vertices" : [ {
      "x" : -49.59675,
      "y" : -42.742645,
      "z" : 31.652475
    }, {
      "x" : -49.59675,
      "y" : -49.59675,
      "z" : 41.12461
    }, {
      "x" : -52.214783,
      "y" : -52.214783,
      "z" : 52.214783
    }, {
      "x" : -52.214783,
      "y" : -45.36068,
      "z" : 42.742645
    } ],
    "faces" : [ {
      "vertices" : [ 0, 1, 2 ]
    }, {
      "vertices" : [ 0, 2, 3 ]
    }, {
      "vertices" : [ 0, 3, 2 ]
    }, {
      "vertices" : [ 0, 2, 1 ]
    } ]
  }, {
    "id" : "d37ab17a-caf0-47ae-9649-baf17a476a96",
    "vertices" : [ {
      "x" : -31.652475,
      "y" : -22.18034,
      "z" : 37.506577
    }, {
      "x" : -31.652475,
      "y" : -29.034441,
      "z" : 46.978714
    }, {
      "x" : -23.18034,
      "y" : -22.18034,
      "z" : 42.742645
    }, {
      "x" : -23.18034,
      "y" : -15.326238,
      "z" : 33.27051
    } ],
    "faces" : [ {
      "vertices" : [ 0, 1, 2 ]
    }, {
      "vertices" : [ 0, 2, 3 ]
    }, {
      "vertices" : [ 0, 3, 2 ]
    }, {
      "vertices" : [ 0, 2, 1 ]
    } ]
  }, {
    "id" : "3d770df3-1ded-4ba3-b603-3c28fff16cd6",
    "vertices" : [ {
      "x" : -8.472136,
      "y" : 6.854102,
      "z" : -4.236068
    }, {
      "x" : -15.326238,
      "y" : 11.09017,
      "z" : -12.708204
    }, {
      "x" : -26.416409,
      "y" : 13.708204,
      "z" : -15.326238
    }, {
      "x" : -19.562305,
      "y" : 9.472136,
      "z" : -6.854102
    } ],
    "faces" : [ {
      "vertices" : [ 0, 1, 2 ]
    }, {
      "vertices" : [ 0, 2, 3 ]
    }, {
      "vertices" : [ 0, 3, 2 ]
    }, {
      "vertices" : [ 0, 2, 1 ]
    } ]
  }, {
    "id" : "aded1d6b-f36a-4ed9-87fd-1851a3efc288",
    "vertices" : [ {
      "x" : 33.27051,
      "y" : -23.18034,
      "z" : -15.326238
    }, {
      "x" : 42.742645,
      "y" : -23.18034,
      "z" : -22.18034
    }, {
      "x" : 35.888542,
      "y" : -18.944271,
      "z" : -13.708204
    }, {
      "x" : 26.416409,
      "y" : -18.944271,
      "z" : -6.854102
    } ],
    "faces" : [ {
      "vertices" : [ 0, 1, 2 ]
    }, {
      "vertices" : [ 0, 2, 3 ]
    }, {
      "vertices" : [ 0, 3, 2 ]
    }, {
      "vertices" : [ 0, 2, 1 ]
    } ]
  }, {
    "id" : "2427abbd-d7ef-4d8c-ba78-c4155aaa669c",
    "vertices" : [ {
      "x" : 0.0,
      "y" : 0.0,
      "z" : 0.0
    }, {
      "x" : -8.472136,
      "y" : 6.854102,
      "z" : -4.236068
    }, {
      "x" : -12.708204,
      "y" : 15.326238,
      "z" : -11.09017
    }, {
      "x" : -4.236068,
      "y" : 8.472136,
      "z" : -6.854102
    } ],
    "faces" : [ {
      "vertices" : [ 0, 1, 2 ]
    }, {
      "vertices" : [ 0, 2, 3 ]
    }, {
      "vertices" : [ 0, 3, 2 ]
    }, {
      "vertices" : [ 0, 2, 1 ]
    } ]
  }, {
    "id" : "0e713fa9-2379-4df9-8636-b19a77299273",
    "vertices" : [ {
      "x" : 0.0,
      "y" : 0.0,
      "z" : 0.0
    }, {
      "x" : -4.236068,
      "y" : -8.472136,
      "z" : 6.854102
    }, {
      "x" : -6.854102,
      "y" : -19.562305,
      "z" : 9.472136
    }, {
      "x" : -2.618034,
      "y" : -11.09017,
      "z" : 2.618034
    } ],
    "faces" : [ {
      "vertices" : [ 0, 1, 2 ]
    }, {
      "vertices" : [ 0, 2, 3 ]
    }, {
      "vertices" : [ 0, 3, 2 ]
    }, {
      "vertices" : [ 0, 2, 1 ]
    } ]
  }, {
    "id" : "136d0d53-f1b8-400a-aed2-3e2847ff6ce9",
    "vertices" : [ {
      "x" : -24.798374,
      "y" : 11.09017,
      "z" : -19.562305
    }, {
      "x" : -27.416409,
      "y" : 13.708204,
      "z" : -30.652475
    }, {
      "x" : -31.652475,
      "y" : 22.18034,
      "z" : -37.506577
    }, {
      "x" : -29.034441,
      "y" : 19.562305,
      "z" : -26.416409
    } ],
    "faces" : [ {
      "vertices" : [ 0, 1, 2 ]
    }, {
      "vertices" : [ 0, 2, 3 ]
    }, {
      "vertices" : [ 0, 3, 2 ]
    }, {
      "vertices" : [ 0, 2, 1 ]
    } ]
  }, {
    "id" : "ff694dfb-91ed-49c2-a778-7644f7a6c929",
    "vertices" : [ {
      "x" : 29.034441,
      "y" : 9.472136,
      "z" : 13.708204
    }, {
      "x" : 35.888542,
      "y" : 18.944271,
      "z" : 13.708204
    }, {
      "x" : 27.416409,
      "y" : 12.09017,
      "z" : 9.472136
    }, {
      "x" : 20.562305,
      "y" : 2.618034,
      "z" : 9.472136
    } ],
    "faces" : [ {
      "vertices" : [ 0, 1, 2 ]
    }, {
      "vertices" : [ 0, 2, 3 ]
    }, {
      "vertices" : [ 0, 3, 2 ]
    }, {
      "vertices" : [ 0, 2, 1 ]
    } ]
  }, {
    "id" : "cb5674b5-9fa5-4ddf-b1f6-d98bdcc3713c",
    "vertices" : [ {
      "x" : -15.326238,
      "y" : -11.09017,
      "z" : 12.708204
    }, {
      "x" : -24.798374,
      "y" : -11.09017,
      "z" : 19.562305
    }, {
      "x" : -35.888542,
      "y" : -13.708204,
      "z" : 22.18034
    }, {
      "x" : -26.416409,
      "y" : -13.708204,
      "z" : 15.326238
    } ],
    "faces" : [ {
      "vertices" : [ 0, 1, 2 ]
    }, {
      "vertices" : [ 0, 2, 3 ]
    }, {
      "vertices" : [ 0, 3, 2 ]
    }, {
      "vertices" : [ 0, 2, 1 ]
    } ]
  }, {
    "id" : "8d2dd4b5-0dec-4b20-85bc-ec74b10bba01",
    "vertices" : [ {
      "x" : -9.472136,
      "y" : -6.854102,
      "z" : 19.562305
    }, {
      "x" : -13.708204,
      "y" : -15.326238,
      "z" : 26.416409
    }, {
      "x" : -13.708204,
      "y" : -22.18034,
      "z" : 35.888542
    }, {
      "x" : -9.472136,
      "y" : -13.708204,
      "z" : 29.034441
    } ],
    "faces" : [ {
      "vertices" : [ 0, 1, 2 ]
    }, {
      "vertices" : [ 0, 2, 3 ]
    }, {
      "vertices" : [ 0, 3, 2 ]
    }, {
      "vertices" : [ 0, 2, 1 ]
    } ]
  }, {
    "id" : "bf4c5941-cfc3-42d9-8ad2-ab0dea899518",
    "vertices" : [ {
      "x" : 37.506577,
      "y" : -31.652475,
      "z" : -22.18034
    }, {
      "x" : 30.652475,
      "y" : -27.416409,
      "z" : -13.708204
    }, {
      "x" : 33.27051,
      "y" : -38.506577,
      "z" : -16.326239
    }, {
      "x" : 40.12461,
      "y" : -42.742645,
      "z" : -24.798374
    } ],
    "faces" : [ {
      "vertices" : [ 0, 1, 2 ]
    }, {
      "vertices" : [ 0, 2, 3 ]
    }, {
      "vertices" : [ 0, 3, 2 ]
    }, {
      "vertices" : [ 0, 2, 1 ]
    } ]
  }, {
    "id" : "be88b968-6ccc-4206-9b07-48a97e14f75e",
    "vertices" : [ {
      "x" : 9.472136,
      "y" : -13.708204,
      "z" : -29.034441
    }, {
      "x" : 18.944271,
      "y" : -13.708204,
      "z" : -35.888542
    }, {
      "x" : 12.09017,
      "y" : -9.472136,
      "z" : -27.416409
    }, {
      "x" : 2.618034,
      "y" : -9.472136,
      "z" : -20.562305
    } ],
    "faces" : [ {
      "vertices" : [ 0, 1, 2 ]
    }, {
      "vertices" : [ 0, 2, 3 ]
    }, {
      "vertices" : [ 0, 3, 2 ]
    }, {
      "vertices" : [ 0, 2, 1 ]
    } ]
  }, {
    "id" : "5fc5e051-20df-4345-807b-bf3a2ec96af7",
    "vertices" : [ {
      "x" : -11.09017,
      "y" : 2.618034,
      "z" : -2.618034
    }, {
      "x" : -17.944271,
      "y" : 12.09017,
      "z" : -2.618034
    }, {
      "x" : -26.416409,
      "y" : 18.944271,
      "z" : -6.854102
    }, {
      "x" : -19.562305,
      "y" : 9.472136,
      "z" : -6.854102
    } ],
    "faces" : [ {
      "vertices" : [ 0, 1, 2 ]
    }, {
      "vertices" : [ 0, 2, 3 ]
    }, {
      "vertices" : [ 0, 3, 2 ]
    }, {
      "vertices" : [ 0, 2, 1 ]
    } ]
  }, {
    "id" : "123d0ba5-3ba9-4f64-b784-980675815a62",
    "vertices" : [ {
      "x" : 0.0,
      "y" : 0.0,
      "z" : 0.0
    }, {
      "x" : 11.09017,
      "y" : -2.618034,
      "z" : -2.618034
    }, {
      "x" : 20.562305,
      "y" : -2.618034,
      "z" : -9.472136
    }, {
      "x" : 9.472136,
      "y" : 0.0,
      "z" : -6.854102
    } ],
    "faces" : [ {
      "vertices" : [ 0, 1, 2 ]
    }, {
      "vertices" : [ 0, 2, 3 ]
    }, {
      "vertices" : [ 0, 3, 2 ]
    }, {
      "vertices" : [ 0, 2, 1 ]
    } ]
  }, {
    "id" : "0c5ba2a1-2436-451e-a04f-93038bc83c21",
    "vertices" : [ {
      "x" : 6.854102,
      "y" : -19.562305,
      "z" : -9.472136
    }, {
      "x" : 15.326238,
      "y" : -26.416409,
      "z" : -13.708204
    }, {
      "x" : 22.18034,
      "y" : -35.888542,
      "z" : -13.708204
    }, {
      "x" : 13.708204,
      "y" : -29.034441,
      "z" : -9.472136
    } ],
    "faces" : [ {
      "vertices" : [ 0, 1, 2 ]
    }, {
      "vertices" : [ 0, 2, 3 ]
    }, {
      "vertices" : [ 0, 3, 2 ]
    }, {
      "vertices" : [ 0, 2, 1 ]
    } ]
  }, {
    "id" : "c1a0b7ab-f1fa-479a-91cb-ea1db63be88b",
    "vertices" : [ {
      "x" : -31.652475,
      "y" : -49.59675,
      "z" : 42.742645
    }, {
      "x" : -23.18034,
      "y" : -42.742645,
      "z" : 38.506577
    }, {
      "x" : -16.326239,
      "y" : -38.506577,
      "z" : 30.034441
    }, {
      "x" : -24.798374,
      "y" : -45.36068,
      "z" : 34.27051
    } ],
    "faces" : [ {
      "vertices" : [ 0, 1, 2 ]
    }, {
      "vertices" : [ 0, 2, 3 ]
    }, {
      "vertices" : [ 0, 3, 2 ]
    }, {
      "vertices" : [ 0, 2, 1 ]
    } ]
  }, {
    "id" : "b8b21a24-59a3-435a-b34a-d6f9dfb55e20",
    "vertices" : [ {
      "x" : 31.652475,
      "y" : -29.034441,
      "z" : -46.978714
    }, {
      "x" : 42.742645,
      "y" : -31.652475,
      "z" : -49.59675
    }, {
      "x" : 45.36068,
      "y" : -42.742645,
      "z" : -52.214783
    }, {
      "x" : 34.27051,
      "y" : -40.12461,
      "z" : -49.59675
    } ],
    "faces" : [ {
      "vertices" : [ 0, 1, 2 ]
    }, {
      "vertices" : [ 0, 2, 3 ]
    }, {
      "vertices" : [ 0, 3, 2 ]
    }, {
      "vertices" : [ 0, 2, 1 ]
    } ]
  }, {
    "id" : "415d6471-c495-4257-958c-2e717eb39d89",
    "vertices" : [ {
      "x" : -31.652475,
      "y" : 49.59675,
      "z" : -42.742645
    }, {
      "x" : -41.12461,
      "y" : 49.59675,
      "z" : -49.59675
    }, {
      "x" : -52.214783,
      "y" : 52.214783,
      "z" : -52.214783
    }, {
      "x" : -42.742645,
      "y" : 52.214783,
      "z" : -45.36068
    } ],
    "faces" : [ {
      "vertices" : [ 0, 1, 2 ]
    }, {
      "vertices" : [ 0, 2, 3 ]
    }, {
      "vertices" : [ 0, 3, 2 ]
    }, {
      "vertices" : [ 0, 2, 1 ]
    } ]
  }, {
    "id" : "086cccbb-887c-475d-8098-424b897525e6",
    "vertices" : [ {
      "x" : -9.472136,
      "y" : 0.0,
      "z" : 6.854102
    }, {
      "x" : -12.09017,
      "y" : -2.618034,
      "z" : 17.944271
    }, {
      "x" : -23.18034,
      "y" : -5.236068,
      "z" : 20.562305
    }, {
      "x" : -20.562305,
      "y" : -2.618034,
      "z" : 9.472136
    } ],
    "faces" : [ {
      "vertices" : [ 0, 1, 2 ]
    }, {
      "vertices" : [ 0, 2, 3 ]
    }, {
      "vertices" : [ 0, 3, 2 ]
    }, {
      "vertices" : [ 0, 2, 1 ]
    } ]
  }, {
    "id" : "30899ea9-c804-4239-ac34-2c45386980d4",
    "vertices" : [ {
      "x" : -29.034441,
      "y" : 40.12461,
      "z" : -22.18034
    }, {
      "x" : -22.18034,
      "y" : 35.888542,
      "z" : -13.708204
    }, {
      "x" : -33.27051,
      "y" : 38.506577,
      "z" : -16.326239
    }, {
      "x" : -40.12461,
      "y" : 42.742645,
      "z" : -24.798374
    } ],
    "faces" : [ {
      "vertices" : [ 0, 1, 2 ]
    }, {
      "vertices" : [ 0, 2, 3 ]
    }, {
      "vertices" : [ 0, 3, 2 ]
    }, {
      "vertices" : [ 0, 2, 1 ]
    } ]
  }, {
    "id" : "a81022e9-15d7-4dfd-9393-de37a6a0340b",
    "vertices" : [ {
      "x" : -40.12461,
      "y" : 42.742645,
      "z" : -24.798374
    }, {
      "x" : -33.27051,
      "y" : 38.506577,
      "z" : -16.326239
    }, {
      "x" : -42.742645,
      "y" : 38.506577,
      "z" : -23.18034
    }, {
      "x" : -49.59675,
      "y" : 42.742645,
      "z" : -31.652475
    } ],
    "faces" : [ {
      "vertices" : [ 0, 1, 2 ]
    }, {
      "vertices" : [ 0, 2, 3 ]
    }, {
      "vertices" : [ 0, 3, 2 ]
    }, {
      "vertices" : [ 0, 2, 1 ]
    } ]
  }, {
    "id" : "146b8c53-01ec-41d3-9220-63c52f756771",
    "vertices" : [ {
      "x" : 0.0,
      "y" : -6.854102,
      "z" : -9.472136
    }, {
      "x" : 2.618034,
      "y" : -9.472136,
      "z" : -20.562305
    }, {
      "x" : 6.854102,
      "y" : -17.944271,
      "z" : -27.416409
    }, {
      "x" : 4.236068,
      "y" : -15.326238,
      "z" : -16.326239
    } ],
    "faces" : [ {
      "vertices" : [ 0, 1, 2 ]
    }, {
      "vertices" : [ 0, 2, 3 ]
    }, {
      "vertices" : [ 0, 3, 2 ]
    }, {
      "vertices" : [ 0, 2, 1 ]
    } ]
  }, {
    "id" : "77703051-b51f-416b-810c-569910304882",
    "vertices" : [ {
      "x" : 37.506577,
      "y" : 31.652475,
      "z" : 22.18034
    }, {
      "x" : 30.652475,
      "y" : 27.416409,
      "z" : 13.708204
    }, {
      "x" : 33.27051,
      "y" : 38.506577,
      "z" : 16.326239
    }, {
      "x" : 40.12461,
      "y" : 42.742645,
      "z" : 24.798374
    } ],
    "faces" : [ {
      "vertices" : [ 0, 1, 2 ]
    }, {
      "vertices" : [ 0, 2, 3 ]
    }, {
      "vertices" : [ 0, 3, 2 ]
    }, {
      "vertices" : [ 0, 2, 1 ]
    } ]
  }, {
    "id" : "b42699b2-823e-47dd-bfb7-f180dc611dbf",
    "vertices" : [ {
      "x" : 0.0,
      "y" : 0.0,
      "z" : 0.0
    }, {
      "x" : 4.236068,
      "y" : 8.472136,
      "z" : 6.854102
    }, {
      "x" : 6.854102,
      "y" : 19.562305,
      "z" : 9.472136
    }, {
      "x" : 2.618034,
      "y" : 11.09017,
      "z" : 2.618034
    } ],
    "faces" : [ {
      "vertices" : [ 0, 1, 2 ]
    }, {
      "vertices" : [ 0, 2, 3 ]
    }, {
      "vertices" : [ 0, 3, 2 ]
    }, {
      "vertices" : [ 0, 2, 1 ]
    } ]
  }, {
    "id" : "fd94c697-b2f1-4f7c-9d2a-547a2e30dcdd",
    "vertices" : [ {
      "x" : 15.326238,
      "y" : -33.27051,
      "z" : -23.18034
    }, {
      "x" : 22.18034,
      "y" : -42.742645,
      "z" : -23.18034
    }, {
      "x" : 13.708204,
      "y" : -35.888542,
      "z" : -18.944271
    }, {
      "x" : 6.854102,
      "y" : -26.416409,
      "z" : -18.944271
    } ],
    "faces" : [ {
      "vertices" : [ 0, 1, 2 ]
    }, {
      "vertices" : [ 0, 2, 3 ]
    }, {
      "vertices" : [ 0, 3, 2 ]
    }, {
      "vertices" : [ 0, 2, 1 ]
    } ]
  }, {
    "id" : "274ac3da-4d31-4cf9-a2db-5092d845062f",
    "vertices" : [ {
      "x" : 27.416409,
      "y" : 6.854102,
      "z" : 17.944271
    }, {
      "x" : 35.888542,
      "y" : 13.708204,
      "z" : 22.18034
    }, {
      "x" : 38.506577,
      "y" : 16.326239,
      "z" : 33.27051
    }, {
      "x" : 30.034441,
      "y" : 9.472136,
      "z" : 29.034441
    } ],
    "faces" : [ {
      "vertices" : [ 0, 1, 2 ]
    }, {
      "vertices" : [ 0, 2, 3 ]
    }, {
      "vertices" : [ 0, 3, 2 ]
    }, {
      "vertices" : [ 0, 2, 1 ]
    } ]
  }, {
    "id" : "c55e3e0b-7289-4eca-bd0d-c74b5342faf9",
    "vertices" : [ {
      "x" : 40.12461,
      "y" : -42.742645,
      "z" : -24.798374
    }, {
      "x" : 33.27051,
      "y" : -38.506577,
      "z" : -16.326239
    }, {
      "x" : 42.742645,
      "y" : -38.506577,
      "z" : -23.18034
    }, {
      "x" : 49.59675,
      "y" : -42.742645,
      "z" : -31.652475
    } ],
    "faces" : [ {
      "vertices" : [ 0, 1, 2 ]
    }, {
      "vertices" : [ 0, 2, 3 ]
    }, {
      "vertices" : [ 0, 3, 2 ]
    }, {
      "vertices" : [ 0, 2, 1 ]
    } ]
  }, {
    "id" : "5f37399d-4f0a-4e1c-907d-7c459a3e9b83",
    "vertices" : [ {
      "x" : 0.0,
      "y" : 0.0,
      "z" : 0.0
    }, {
      "x" : 0.0,
      "y" : 6.854102,
      "z" : 9.472136
    }, {
      "x" : 2.618034,
      "y" : 17.944271,
      "z" : 12.09017
    }, {
      "x" : 2.618034,
      "y" : 11.09017,
      "z" : 2.618034
    } ],
    "faces" : [ {
      "vertices" : [ 0, 1, 2 ]
    }, {
      "vertices" : [ 0, 2, 3 ]
    }, {
      "vertices" : [ 0, 3, 2 ]
    }, {
      "vertices" : [ 0, 2, 1 ]
    } ]
  }, {
    "id" : "0ad9d461-1452-4cef-8b9a-1b64f85db8e3",
    "vertices" : [ {
      "x" : -42.742645,
      "y" : -31.652475,
      "z" : 49.59675
    }, {
      "x" : -38.506577,
      "y" : -23.18034,
      "z" : 42.742645
    }, {
      "x" : -30.034441,
      "y" : -16.326239,
      "z" : 38.506577
    }, {
      "x" : -34.27051,
      "y" : -24.798374,
      "z" : 45.36068
    } ],
    "faces" : [ {
      "vertices" : [ 0, 1, 2 ]
    }, {
      "vertices" : [ 0, 2, 3 ]
    }, {
      "vertices" : [ 0, 3, 2 ]
    }, {
      "vertices" : [ 0, 2, 1 ]
    } ]
  }, {
    "id" : "1b5def6a-d4c2-41cb-89f4-3b7ffb54ac47",
    "vertices" : [ {
      "x" : 38.506577,
      "y" : 16.326239,
      "z" : 33.27051
    }, {
      "x" : 42.742645,
      "y" : 24.798374,
      "z" : 40.12461
    }, {
      "x" : 49.59675,
      "y" : 34.27051,
      "z" : 40.12461
    }, {
      "x" : 45.36068,
      "y" : 25.798374,
      "z" : 33.27051
    } ],
    "faces" : [ {
      "vertices" : [ 0, 1, 2 ]
    }, {
      "vertices" : [ 0, 2, 3 ]
    }, {
      "vertices" : [ 0, 3, 2 ]
    }, {
      "vertices" : [ 0, 2, 1 ]
    } ]
  }, {
    "id" : "7fb8d959-e740-4957-955d-579e3099e8c3",
    "vertices" : [ {
      "x" : 0.0,
      "y" : 0.0,
      "z" : 0.0
    }, {
      "x" : 0.0,
      "y" : 6.854102,
      "z" : -9.472136
    }, {
      "x" : -2.618034,
      "y" : 17.944271,
      "z" : -12.09017
    }, {
      "x" : -2.618034,
      "y" : 11.09017,
      "z" : -2.618034
    } ],
    "faces" : [ {
      "vertices" : [ 0, 1, 2 ]
    }, {
      "vertices" : [ 0, 2, 3 ]
    }, {
      "vertices" : [ 0, 3, 2 ]
    }, {
      "vertices" : [ 0, 2, 1 ]
    } ]
  }, {
    "id" : "f5d79987-210d-4285-898c-fe3472064dec",
    "vertices" : [ {
      "x" : -37.506577,
      "y" : 31.652475,
      "z" : -22.18034
    }, {
      "x" : -40.12461,
      "y" : 42.742645,
      "z" : -24.798374
    }, {
      "x" : -49.59675,
      "y" : 42.742645,
      "z" : -31.652475
    }, {
      "x" : -46.978714,
      "y" : 31.652475,
      "z" : -29.034441
    } ],
    "faces" : [ {
      "vertices" : [ 0, 1, 2 ]
    }, {
      "vertices" : [ 0, 2, 3 ]
    }, {
      "vertices" : [ 0, 3, 2 ]
    }, {
      "vertices" : [ 0, 2, 1 ]
    } ]
  }, {
    "id" : "3ac61464-00fc-49f6-a36d-42c6d6aba080",
    "vertices" : [ {
      "x" : 4.236068,
      "y" : 8.472136,
      "z" : -6.854102
    }, {
      "x" : 12.708204,
      "y" : 15.326238,
      "z" : -11.09017
    }, {
      "x" : 19.562305,
      "y" : 19.562305,
      "z" : -19.562305
    }, {
      "x" : 11.09017,
      "y" : 12.708204,
      "z" : -15.326238
    } ],
    "faces" : [ {
      "vertices" : [ 0, 1, 2 ]
    }, {
