{
  "polygons" : "true",
  "field" : "golden",
  "symmetry" : "icosahedral",
  "orientations" : [ [ 1.0, 0.0, 0.0, 0.0, 0.0, 1.0, 0.0, 0.0, 0.0, 0.0, 1.0, 0.0, 0.0, 0.0, 0.0, 1.0 ], [ 0.0, 0.0, 1.0, 0.0, 1.0, 0.0, 0.0, 0.0, 0.0, 1.0, 0.0, 0.0, 0.0, 0.0, 0.0, 1.0 ], [ 0.0, 1.0, 0.0, 0.0, 0.0, 0.0, 1.0, 0.0, 1.0, 0.0, 0.0, 0.0, 0.0, 0.0, 0.0, 1.0 ], [ 0.809017, 0.309017, 0.5, 0.0, 0.309017, 0.5, -0.809017, 0.0, -0.5, 0.809017, 0.309017, 0.0, 0.0, 0.0, 0.0, 1.0 ], [ -0.5, 0.809017, 0.309017, 0.0, 0.809017, 0.309017, 0.5, 0.0, 0.309017, 0.5, -0.809017, 0.0, 0.0, 0.0, 0.0, 1.0 ], [ 0.309017, 0.5, -0.809017, 0.0, -0.5, 0.809017, 0.309017, 0.0, 0.809017, 0.309017, 0.5, 0.0, 0.0, 0.0, 0.0, 1.0 ], [ 0.5, 0.809017, 0.309017, 0.0, 0.809017, -0.309017, -0.5, 0.0, -0.309017, 0.5, -0.809017, 0.0, 0.0, 0.0, 0.0, 1.0 ], [ -0.309017, 0.5, -0.809017, 0.0, 0.5, 0.809017, 0.309017, 0.0, 0.809017, -0.309017, -0.5, 0.0, 0.0, 0.0, 0.0, 1.0 ], [ 0.809017, -0.309017, -0.5, 0.0, -0.309017, 0.5, -0.809017, 0.0, 0.5, 0.809017, 0.309017, 0.0, 0.0, 0.0, 0.0, 1.0 ], [ 0.5, 0.809017, -0.309017, 0.0, 0.809017, -0.309017, 0.5, 0.0, 0.309017, -0.5, -0.809017, 0.0, 0.0, 0.0, 0.0, 1.0 ], [ 0.309017, -0.5, -0.809017, 0.0, 0.5, 0.809017, -0.309017, 0.0, 0.809017, -0.309017, 0.5, 0.0, 0.0, 0.0, 0.0, 1.0 ], [ 0.809017, -0.309017, 0.5, 0.0, 0.309017, -0.5, -0.809017, 0.0, 0.5, 0.809017, -0.309017, 0.0, 0.0, 0.0, 0.0, 1.0 ], [ 0.809017, 0.309017, -0.5, 0.0, 0.309017, 0.5, 0.809017, 0.0, 0.5, -0.809017, 0.309017, 0.0, 0.0, 0.0, 0.0, 1.0 ], [ 0.5, -0.809017, 0.309017, 0.0, 0.809017, 0.309017, -0.5, 0.0, 0.309017, 0.5, 0.809017, 0.0, 0.0, 0.0, 0.0, 1.0 ], [ 0.309017, 0.5, 0.809017, 0.0, 0.5, -0.809017, 0.309017, 0.0, 0.809017, 0.309017, -0.5, 0.0, 0.0, 0.0, 0.0, 1.0 ], [ 1.0, 0.0, 0.0, 0.0, 0.0, -1.0, 0.0, 0.0, 0.0, 0.0, -1.0, 0.0, 0.0, 0.0, 0.0, 1.0 ], [ 0.0, 0.0, 1.0, 0.0, -1.0, 0.0, 0.0, 0.0, 0.0, -1.0, 0.0, 0.0, 0.0, 0.0, 0.0, 1.0 ], [ 0.0, 1.0, 0.0, 0.0, 0.0, 0.0, -1.0, 0.0, -1.0, 0.0, 0.0, 0.0, 0.0, 0.0, 0.0, 1.0 ], [ 0.809017, 0.309017, 0.5, 0.0, -0.309017, -0.5, 0.809017, 0.0, 0.5, -0.809017, -0.309017, 0.0, 0.0, 0.0, 0.0, 1.0 ], [ -0.5, 0.809017, 0.309017, 0.0, -0.809017, -0.309017, -0.5, 0.0, -0.309017, -0.5, 0.809017, 0.0, 0.0, 0.0, 0.0, 1.0 ], [ 0.309017, 0.5, -0.809017, 0.0, 0.5, -0.809017, -0.309017, 0.0, -0.809017, -0.309017, -0.5, 0.0, 0.0, 0.0, 0.0, 1.0 ], [ 0.5, 0.809017, 0.309017, 0.0, -0.809017, 0.309017, 0.5, 0.0, 0.309017, -0.5, 0.809017, 0.0, 0.0, 0.0, 0.0, 1.0 ], [ -0.309017, 0.5, -0.809017, 0.0, -0.5, -0.809017, -0.309017, 0.0, -0.809017, 0.309017, 0.5, 0.0, 0.0, 0.0, 0.0, 1.0 ], [ 0.809017, -0.309017, -0.5, 0.0, 0.309017, -0.5, 0.809017, 0.0, -0.5, -0.809017, -0.309017, 0.0, 0.0, 0.0, 0.0, 1.0 ], [ 0.5, 0.809017, -0.309017, 0.0, -0.809017, 0.309017, -0.5, 0.0, -0.309017, 0.5, 0.809017, 0.0, 0.0, 0.0, 0.0, 1.0 ], [ 0.309017, -0.5, -0.809017, 0.0, -0.5, -0.809017, 0.309017, 0.0, -0.809017, 0.309017, -0.5, 0.0, 0.0, 0.0, 0.0, 1.0 ], [ 0.809017, -0.309017, 0.5, 0.0, -0.309017, 0.5, 0.809017, 0.0, -0.5, -0.809017, 0.309017, 0.0, 0.0, 0.0, 0.0, 1.0 ], [ 0.809017, 0.309017, -0.5, 0.0, -0.309017, -0.5, -0.809017, 0.0, -0.5, 0.809017, -0.309017, 0.0, 0.0, 0.0, 0.0, 1.0 ], [ 0.5, -0.809017, 0.309017, 0.0, -0.809017, -0.309017, 0.5, 0.0, -0.309017, -0.5, -0.809017, 0.0, 0.0, 0.0, 0.0, 1.0 ], [ 0.309017, 0.5, 0.809017, 0.0, -0.5, 0.809017, -0.309017, 0.0, -0.809017, -0.309017, 0.5, 0.0, 0.0, 0.0, 0.0, 1.0 ], [ -1.0, 0.0, 0.0, 0.0, 0.0, -1.0, 0.0, 0.0, 0.0, 0.0, 1.0, 0.0, 0.0, 0.0, 0.0, 1.0 ], [ 0.0, 0.0, -1.0, 0.0, -1.0, 0.0, 0.0, 0.0, 0.0, 1.0, 0.0, 0.0, 0.0, 0.0, 0.0, 1.0 ], [ 0.0, -1.0, 0.0, 0.0, 0.0, 0.0, -1.0, 0.0, 1.0, 0.0, 0.0, 0.0, 0.0, 0.0, 0.0, 1.0 ], [ -0.809017, -0.309017, -0.5, 0.0, -0.309017, -0.5, 0.809017, 0.0, -0.5, 0.809017, 0.309017, 0.0, 0.0, 0.0, 0.0, 1.0 ], [ 0.5, -0.809017, -0.309017, 0.0, -0.809017, -0.309017, -0.5, 0.0, 0.309017, 0.5, -0.809017, 0.0, 0.0, 0.0, 0.0, 1.0 ], [ -0.309017, -0.5, 0.809017, 0.0, 0.5, -0.809017, -0.309017, 0.0, 0.809017, 0.309017, 0.5, 0.0, 0.0, 0.0, 0.0, 1.0 ], [ -0.5, -0.809017, -0.309017, 0.0, -0.809017, 0.309017, 0.5, 0.0, -0.309017, 0.5, -0.809017, 0.0, 0.0, 0.0, 0.0, 1.0 ], [ 0.309017, -0.5, 0.809017, 0.0, -0.5, -0.809017, -0.309017, 0.0, 0.809017, -0.309017, -0.5, 0.0, 0.0, 0.0, 0.0, 1.0 ], [ -0.809017, 0.309017, 0.5, 0.0, 0.309017, -0.5, 0.809017, 0.0, 0.5, 0.809017, 0.309017, 0.0, 0.0, 0.0, 0.0, 1.0 ], [ -0.5, -0.809017, 0.309017, 0.0, -0.809017, 0.309017, -0.5, 0.0, 0.309017, -0.5, -0.809017, 0.0, 0.0, 0.0, 0.0, 1.0 ], [ -0.309017, 0.5, 0.809017, 0.0, -0.5, -0.809017, 0.309017, 0.0, 0.809017, -0.309017, 0.5, 0.0, 0.0, 0.0, 0.0, 1.0 ], [ -0.809017, 0.309017, -0.5, 0.0, -0.309017, 0.5, 0.809017, 0.0, 0.5, 0.809017, -0.309017, 0.0, 0.0, 0.0, 0.0, 1.0 ], [ -0.809017, -0.309017, 0.5, 0.0, -0.309017, -0.5, -0.809017, 0.0, 0.5, -0.809017, 0.309017, 0.0, 0.0, 0.0, 0.0, 1.0 ], [ -0.5, 0.809017, -0.309017, 0.0, -0.809017, -0.309017, 0.5, 0.0, 0.309017, 0.5, 0.809017, 0.0, 0.0, 0.0, 0.0, 1.0 ], [ -0.309017, -0.5, -0.809017, 0.0, -0.5, 0.809017, -0.309017, 0.0, 0.809017, 0.309017, -0.5, 0.0, 0.0, 0.0, 0.0, 1.0 ], [ -1.0, 0.0, 0.0, 0.0, 0.0, 1.0, 0.0, 0.0, 0.0, 0.0, -1.0, 0.0, 0.0, 0.0, 0.0, 1.0 ], [ 0.0, 0.0, -1.0, 0.0, 1.0, 0.0, 0.0, 0.0, 0.0, -1.0, 0.0, 0.0, 0.0, 0.0, 0.0, 1.0 ], [ 0.0, -1.0, 0.0, 0.0, 0.0, 0.0, 1.0, 0.0, -1.0, 0.0, 0.0, 0.0, 0.0, 0.0, 0.0, 1.0 ], [ -0.809017, -0.309017, -0.5, 0.0, 0.309017, 0.5, -0.809017, 0.0, 0.5, -0.809017, -0.309017, 0.0, 0.0, 0.0, 0.0, 1.0 ], [ 0.5, -0.809017, -0.309017, 0.0, 0.809017, 0.309017, 0.5, 0.0, -0.309017, -0.5, 0.809017, 0.0, 0.0, 0.0, 0.0, 1.0 ], [ -0.309017, -0.5, 0.809017, 0.0, -0.5, 0.809017, 0.309017, 0.0, -0.809017, -0.309017, -0.5, 0.0, 0.0, 0.0, 0.0, 1.0 ], [ -0.5, -0.809017, -0.309017, 0.0, 0.809017, -0.309017, -0.5, 0.0, 0.309017, -0.5, 0.809017, 0.0, 0.0, 0.0, 0.0, 1.0 ], [ 0.309017, -0.5, 0.809017, 0.0, 0.5, 0.809017, 0.309017, 0.0, -0.809017, 0.309017, 0.5, 0.0, 0.0, 0.0, 0.0, 1.0 ], [ -0.809017, 0.309017, 0.5, 0.0, -0.309017, 0.5, -0.809017, 0.0, -0.5, -0.809017, -0.309017, 0.0, 0.0, 0.0, 0.0, 1.0 ], [ -0.5, -0.809017, 0.309017, 0.0, 0.809017, -0.309017, 0.5, 0.0, -0.309017, 0.5, 0.809017, 0.0, 0.0, 0.0, 0.0, 1.0 ], [ -0.309017, 0.5, 0.809017, 0.0, 0.5, 0.809017, -0.309017, 0.0, -0.809017, 0.309017, -0.5, 0.0, 0.0, 0.0, 0.0, 1.0 ], [ -0.809017, 0.309017, -0.5, 0.0, 0.309017, -0.5, -0.809017, 0.0, -0.5, -0.809017, 0.309017, 0.0, 0.0, 0.0, 0.0, 1.0 ], [ -0.809017, -0.309017, 0.5, 0.0, 0.309017, 0.5, 0.809017, 0.0, -0.5, 0.809017, -0.309017, 0.0, 0.0, 0.0, 0.0, 1.0 ], [ -0.5, 0.809017, -0.309017, 0.0, 0.809017, 0.309017, -0.5, 0.0, -0.309017, -0.5, -0.809017, 0.0, 0.0, 0.0, 0.0, 1.0 ], [ -0.309017, -0.5, -0.809017, 0.0, 0.5, -0.809017, 0.309017, 0.0, -0.809017, -0.309017, 0.5, 0.0, 0.0, 0.0, 0.0, 1.0 ] ],
  "lights" : {
    "ambientColor" : "#292929",
    "backgroundColor" : "#AFC8DC",
    "directionalLights" : [ {
      "direction" : [ 1.0, -1.0, -1.0 ],
      "color" : "#EBEBE4"
    }, {
      "direction" : [ -1.0, 0.0, 0.0 ],
      "color" : "#E4E4EB"
    }, {
      "direction" : [ 0.0, 0.0, -1.0 ],
      "color" : "#1E1E1E"
    } ]
  },
  "camera" : {
    "lookDirection" : {
      "x" : 0.0,
      "y" : 0.0,
      "z" : -1.0
    },
    "upDirection" : {
      "x" : 0.0,
      "y" : 1.0,
      "z" : 0.0
    },
    "lookAtPoint" : {
      "x" : 0.0,
      "y" : 0.0,
      "z" : 0.0
    },
    "viewDistance" : 50.849968,
    "nearClipDistance" : 0.12712501,
    "farClipDistance" : 101.70018,
    "fieldOfView" : 0.44262975,
    "perspective" : false,
    "width" : 22.882532,
    "stereo" : false,
    "position" : {
      "x" : 0.0,
      "y" : 0.0,
      "z" : 50.849968
    }
  },
  "embedding" : [ 1.0, 0.0, 0.0, 0.0, 0.0, 1.0, 0.0, 0.0, 0.0, 0.0, 1.0, 0.0, 0.0, 0.0, 0.0, 1.0 ],
  "shapes" : [ {
    "id" : "34546485-ed71-4287-87b8-9ee7ab1ed2d0",
    "orbit" : "blue",
    "name" : " :-5 +4*phi",
    "vertices" : [ {
      "x" : 1.0,
      "y" : 0.309017,
      "z" : 0.19098301
    }, {
      "x" : 1.0,
      "y" : -0.309017,
      "z" : 0.19098301
    }, {
      "x" : 11.472136,
      "y" : -0.309017,
      "z" : 0.19098301
    }, {
      "x" : 11.472136,
      "y" : 0.309017,
      "z" : 0.19098301
    }, {
      "x" : 11.472136,
      "y" : -0.309017,
      "z" : -0.19098301
    }, {
      "x" : 11.472136,
      "y" : 0.309017,
      "z" : -0.19098301
    }, {
      "x" : 12.09017,
      "y" : 0.0,
      "z" : 0.0
    }, {
      "x" : 0.38196602,
      "y" : 0.0,
      "z" : 0.0
    }, {
      "x" : 1.0,
      "y" : 0.309017,
      "z" : -0.19098301
    }, {
      "x" : 1.0,
      "y" : -0.309017,
      "z" : -0.19098301
    }, {
      "x" : 12.472136,
      "y" : 0.0,
      "z" : 0.0
    } ],
    "faces" : [ {
      "vertices" : [ 1, 9, 4, 2 ]
    }, {
      "vertices" : [ 0, 3, 5, 8 ]
    }, {
      "vertices" : [ 1, 7, 9 ]
    }, {
      "vertices" : [ 0, 1, 2, 3 ]
    }, {
      "vertices" : [ 7, 8, 9 ]
    }, {
      "vertices" : [ 0, 7, 1 ]
    }, {
      "vertices" : [ 4, 9, 8, 5 ]
    }, {
      "vertices" : [ 2, 6, 3 ]
    }, {
      "vertices" : [ 2, 4, 6 ]
    }, {
      "vertices" : [ 3, 6, 5 ]
    }, {
      "vertices" : [ 4, 5, 6 ]
    }, {
      "vertices" : [ 0, 8, 7 ]
    } ]
  }, {
    "id" : "8ded1e88-ed88-47b4-8047-0b1c37a05495",
    "name" : "ball",
    "vertices" : [ {
      "x" : -0.309017,
      "y" : -0.19098301,
      "z" : 0.0
    }, {
      "x" : -0.309017,
      "y" : 0.19098301,
      "z" : 0.0
    }, {
      "x" : -0.19098301,
      "y" : 0.0,
      "z" : -0.309017
    }, {
      "x" : -0.19098301,
      "y" : 0.0,
      "z" : 0.309017
    }, {
      "x" : 0.0,
      "y" : -0.309017,
      "z" : -0.19098301
    }, {
      "x" : 0.0,
      "y" : -0.309017,
      "z" : 0.19098301
    }, {
      "x" : 0.0,
      "y" : 0.309017,
      "z" : -0.19098301
    }, {
      "x" : 0.0,
      "y" : 0.309017,
      "z" : 0.19098301
    }, {
      "x" : 0.19098301,
      "y" : 0.0,
      "z" : -0.309017
    }, {
      "x" : 0.19098301,
      "y" : 0.0,
      "z" : 0.309017
    }, {
      "x" : 0.309017,
      "y" : -0.19098301,
      "z" : 0.0
    }, {
      "x" : 0.309017,
      "y" : 0.19098301,
      "z" : 0.0
    } ],
    "faces" : [ {
      "vertices" : [ 0, 1, 2 ]
    }, {
      "vertices" : [ 0, 3, 1 ]
    }, {
      "vertices" : [ 0, 2, 4 ]
    }, {
      "vertices" : [ 0, 5, 3 ]
    }, {
      "vertices" : [ 0, 4, 5 ]
    }, {
      "vertices" : [ 1, 6, 2 ]
    }, {
      "vertices" : [ 1, 3, 7 ]
    }, {
      "vertices" : [ 1, 7, 6 ]
    }, {
      "vertices" : [ 2, 8, 4 ]
    }, {
      "vertices" : [ 2, 6, 8 ]
    }, {
      "vertices" : [ 3, 5, 9 ]
    }, {
      "vertices" : [ 3, 9, 7 ]
    }, {
      "vertices" : [ 4, 10, 5 ]
    }, {
      "vertices" : [ 4, 8, 10 ]
    }, {
      "vertices" : [ 5, 10, 9 ]
    }, {
      "vertices" : [ 6, 7, 11 ]
    }, {
      "vertices" : [ 6, 11, 8 ]
    }, {
      "vertices" : [ 7, 9, 11 ]
    }, {
      "vertices" : [ 8, 11, 10 ]
    }, {
      "vertices" : [ 9, 10, 11 ]
    } ]
  }, {
    "id" : "2b5c05a5-7ace-4660-b1e1-fb173b1d479e",
    "orbit" : "red",
    "name" : " :-6 +6*phi",
    "vertices" : [ {
      "x" : 0.9045085,
      "y" : 0.3454915,
      "z" : 0.25
    }, {
      "x" : 24.702883,
      "y" : 15.053696,
      "z" : 0.25
    }, {
      "x" : 24.5119,
      "y" : 15.362713,
      "z" : 0.25
    }, {
      "x" : 0.7135255,
      "y" : 0.6545085,
      "z" : 0.25
    }, {
      "x" : 0.809017,
      "y" : 0.5,
      "z" : -0.309017
    }, {
      "x" : 0.9635255,
      "y" : 0.25,
      "z" : -0.095491506
    }, {
      "x" : 0.309017,
      "y" : 0.19098301,
      "z" : 0.0
    }, {
      "x" : 25.107391,
      "y" : 15.5172205,
      "z" : 0.0
    }, {
      "x" : 24.452883,
      "y" : 15.458204,
      "z" : -0.095491506
    }, {
      "x" : 24.607391,
      "y" : 15.208204,
      "z" : -0.309017
    }, {
      "x" : 25.416409,
      "y" : 15.708204,
      "z" : 0.0
    }, {
      "x" : 0.6545085,
      "y" : 0.75,
      "z" : -0.095491506
    }, {
      "x" : 24.7619,
      "y" : 14.958204,
      "z" : -0.095491506
    } ],
    "faces" : [ {
      "vertices" : [ 4, 11, 8, 9 ]
    }, {
      "vertices" : [ 0, 1, 2, 3 ]
    }, {
      "vertices" : [ 0, 3, 6 ]
    }, {
      "vertices" : [ 1, 7, 2 ]
    }, {
      "vertices" : [ 0, 6, 5 ]
    }, {
      "vertices" : [ 4, 5, 6 ]
    }, {
      "vertices" : [ 2, 7, 8 ]
    }, {
      "vertices" : [ 0, 5, 12, 1 ]
    }, {
      "vertices" : [ 1, 12, 7 ]
    }, {
      "vertices" : [ 3, 11, 6 ]
    }, {
      "vertices" : [ 4, 6, 11 ]
    }, {
      "vertices" : [ 7, 9, 8 ]
    }, {
      "vertices" : [ 2, 8, 11, 3 ]
    }, {
      "vertices" : [ 7, 12, 9 ]
    }, {
      "vertices" : [ 4, 9, 12, 5 ]
    } ]
  }, {
    "id" : "83b86939-05f2-48a7-99e4-bb61026f480f",
    "orbit" : "yellow",
    "name" : " :-34 +22*phi",
    "vertices" : [ {
      "x" : 10.944272,
      "y" : 0.0,
      "z" : -4.18034
    }, {
      "x" : 10.635255,
      "y" : 0.0,
      "z" : -4.062306
    }, {
      "x" : 10.230746,
      "y" : -0.1545085,
      "z" : -3.6213229
    }, {
      "x" : 10.039763,
      "y" : -0.1545085,
      "z" : -4.121323
    }, {
      "x" : 0.9045085,
      "y" : -0.1545085,
      "z" : -0.059016995
    }, {
      "x" : 0.809017,
      "y" : 0.309017,
      "z" : -0.309017
    }, {
      "x" : 0.309017,
      "y" : 0.0,
      "z" : -0.11803399
    }, {
      "x" : 10.135255,
      "y" : 0.309017,
      "z" : -3.8713229
    }, {
      "x" : 0.7135255,
      "y" : -0.1545085,
      "z" : -0.559017
    } ],
    "faces" : [ {
      "vertices" : [ 2, 4, 8, 3 ]
    }, {
      "vertices" : [ 2, 7, 5, 4 ]
    }, {
      "vertices" : [ 4, 6, 8 ]
    }, {
      "vertices" : [ 5, 8, 6 ]
    }, {
      "vertices" : [ 1, 2, 3 ]
    }, {
      "vertices" : [ 3, 8, 5, 7 ]
    }, {
      "vertices" : [ 1, 7, 2 ]
    }, {
      "vertices" : [ 1, 3, 7 ]
    }, {
      "vertices" : [ 4, 5, 6 ]
    } ]
  }, {
    "id" : "5c503a5d-6e66-4ccb-8005-7ac1920afd10",
    "orbit" : "yellow",
    "name" : " :-6 +6*phi",
    "vertices" : [ {
      "x" : 25.416409,
      "y" : 0.0,
      "z" : -9.708204
    }, {
      "x" : 25.107391,
      "y" : 0.0,
      "z" : -9.59017
    }, {
      "x" : 24.702883,
      "y" : -0.1545085,
      "z" : -9.149187
    }, {
      "x" : 24.5119,
      "y" : -0.1545085,
      "z" : -9.649187
    }, {
      "x" : 0.9045085,
      "y" : -0.1545085,
      "z" : -0.059016995
    }, {
      "x" : 0.809017,
      "y" : 0.309017,
      "z" : -0.309017
    }, {
      "x" : 0.309017,
      "y" : 0.0,
      "z" : -0.11803399
    }, {
      "x" : 24.607391,
      "y" : 0.309017,
      "z" : -9.399187
    }, {
      "x" : 0.7135255,
      "y" : -0.1545085,
      "z" : -0.559017
    } ],
    "faces" : [ {
      "vertices" : [ 2, 4, 8, 3 ]
    }, {
      "vertices" : [ 2, 7, 5, 4 ]
    }, {
      "vertices" : [ 4, 6, 8 ]
    }, {
      "vertices" : [ 5, 8, 6 ]
    }, {
      "vertices" : [ 1, 2, 3 ]
    }, {
      "vertices" : [ 3, 8, 5, 7 ]
    }, {
      "vertices" : [ 1, 7, 2 ]
    }, {
      "vertices" : [ 1, 3, 7 ]
    }, {
      "vertices" : [ 4, 5, 6 ]
    } ]
  } ],
  "instances" : [ {
    "shape" : "34546485-ed71-4287-87b8-9ee7ab1ed2d0",
    "color" : "#007695",
    "position" : {
      "x" : 0.618034,
      "y" : 0.0,
      "z" : 6.236068
    },
    "orientation" : 47
  }, {
    "shape" : "8ded1e88-ed88-47b4-8047-0b1c37a05495",
    "color" : "#FFFFFF",
    "position" : {
      "x" : -6.236068,
      "y" : 0.618034,
      "z" : 0.0
    }
  }, {
    "shape" : "8ded1e88-ed88-47b4-8047-0b1c37a05495",
    "color" : "#FFFFFF",
    "position" : {
      "x" : -6.236068,
      "y" : -0.618034,
      "z" : 0.0
    }
  }, {
    "shape" : "8ded1e88-ed88-47b4-8047-0b1c37a05495",
    "color" : "#FFFFFF",
    "position" : {
      "x" : 0.0,
      "y" : -6.236068,
      "z" : 0.618034
    }
  }, {
    "shape" : "8ded1e88-ed88-47b4-8047-0b1c37a05495",
    "color" : "#FFFFFF",
    "position" : {
      "x" : 6.236068,
      "y" : 0.618034,
      "z" : 0.0
    }
  }, {
    "shape" : "8ded1e88-ed88-47b4-8047-0b1c37a05495",
    "color" : "#FFFFFF",
    "position" : {
      "x" : 0.0,
      "y" : 6.236068,
      "z" : 0.618034
    }
  }, {
    "shape" : "8ded1e88-ed88-47b4-8047-0b1c37a05495",
    "color" : "#FFFFFF",
    "position" : {
      "x" : 0.618034,
      "y" : 0.0,
      "z" : 6.236068
    }
  }, {
    "shape" : "8ded1e88-ed88-47b4-8047-0b1c37a05495",
    "color" : "#FFFFFF",
    "position" : {
      "x" : 0.0,
      "y" : 6.236068,
      "z" : -0.618034
    }
  }, {
    "shape" : "8ded1e88-ed88-47b4-8047-0b1c37a05495",
    "color" : "#FFFFFF",
    "position" : {
      "x" : 6.236068,
      "y" : -0.618034,
      "z" : 0.0
    }
  }, {
    "shape" : "8ded1e88-ed88-47b4-8047-0b1c37a05495",
    "color" : "#FFFFFF",
    "position" : {
      "x" : -0.618034,
      "y" : 0.0,
      "z" : -6.236068
    }
  }, {
    "shape" : "34546485-ed71-4287-87b8-9ee7ab1ed2d0",
    "color" : "#007695",
    "position" : {
      "x" : 6.236068,
      "y" : -0.618034,
      "z" : 0.0
    },
    "orientation" : 45
  }, {
    "shape" : "8ded1e88-ed88-47b4-8047-0b1c37a05495",
    "color" : "#FFFFFF",
    "position" : {
      "x" : 0.618034,
      "y" : 0.0,
      "z" : -6.236068
    }
  }, {
    "shape" : "34546485-ed71-4287-87b8-9ee7ab1ed2d0",
    "color" : "#007695",
    "position" : {
      "x" : 0.0,
      "y" : 6.236068,
      "z" : 0.618034
    },
    "orientation" : 16
  }, {
    "shape" : "34546485-ed71-4287-87b8-9ee7ab1ed2d0",
    "color" : "#007695",
    "position" : {
      "x" : 6.236068,
      "y" : 0.618034,
      "z" : 0.0
    },
    "orientation" : 45
  }, {
    "shape" : "8ded1e88-ed88-47b4-8047-0b1c37a05495",
    "color" : "#FFFFFF",
    "position" : {
      "x" : -0.618034,
      "y" : 0.0,
      "z" : 6.236068
    }
  }, {
    "shape" : "8ded1e88-ed88-47b4-8047-0b1c37a05495",
    "color" : "#FFFFFF",
    "position" : {
      "x" : 0.0,
      "y" : -6.236068,
      "z" : -0.618034
    }
  }, {
    "shape" : "34546485-ed71-4287-87b8-9ee7ab1ed2d0",
    "color" : "#007695",
    "position" : {
      "x" : 0.0,
      "y" : -6.236068,
      "z" : -0.618034
    },
    "orientation" : 1
  }, {
    "shape" : "34546485-ed71-4287-87b8-9ee7ab1ed2d0",
    "color" : "#007695",
    "position" : {
      "x" : -0.618034,
      "y" : 0.0,
      "z" : 6.236068
    },
    "orientation" : 47
  } ],
  "scenes" : [ {
    "title" : "Interleaving of 3 beams",
    "content" : "",
    "view" : {
      "lookDirection" : {
        "x" : 0.0,
        "y" : 0.0,
        "z" : -1.0
      },
      "upDirection" : {
        "x" : 0.0,
        "y" : 1.0,
        "z" : 0.0
      },
      "lookAtPoint" : {
        "x" : 0.0,
        "y" : 0.0,
        "z" : 0.0
      },
      "viewDistance" : 51.8772,
      "nearClipDistance" : 0.12969315,
      "farClipDistance" : 103.75469,
      "fieldOfView" : 0.44263002,
      "perspective" : false,
      "width" : 23.344803,
      "stereo" : false,
      "position" : {
        "x" : 0.0,
        "y" : 0.0,
        "z" : 51.8772
      }
    },
    "snapshot" : 10
  }, {
    "title" : "Interleaving of 4 beams",
    "content" : "",
    "view" : {
      "lookDirection" : {
        "x" : -0.70710677,
        "y" : -0.70710677,
        "z" : 0.0
      },
      "upDirection" : {
        "x" : 0.0,
        "y" : -0.0,
        "z" : -1.0
      },
      "lookAtPoint" : {
        "x" : 0.0,
        "y" : 0.0,
        "z" : 0.0
      },
      "viewDistance" : 35.476818,
      "nearClipDistance" : 0.08869214,
      "farClipDistance" : 70.95379,
      "fieldOfView" : 0.44263032,
      "perspective" : false,
      "width" : 15.964622,
      "stereo" : false,
      "position" : {
        "x" : 25.085897,
        "y" : 25.085897,
        "z" : 0.0
      }
    },
    "snapshot" : 14
  }, {
    "title" : " 2 beams of 4 interleaved",
    "content" : "",
    "view" : {
      "lookDirection" : {
        "x" : -0.70710677,
        "y" : 0.0,
        "z" : -0.70710677
      },
      "upDirection" : {
        "x" : 0.0,
        "y" : 1.0,
        "z" : 0.0
      },
      "lookAtPoint" : {
        "x" : 0.0,
        "y" : 0.0,
        "z" : 0.0
      },
      "viewDistance" : 38.43158,
      "nearClipDistance" : 0.096079014,
      "farClipDistance" : 76.86336,
      "fieldOfView" : 0.44262987,
      "perspective" : false,
      "width" : 17.29425,
      "stereo" : false,
      "position" : {
        "x" : 27.17523,
        "y" : 0.0,
        "z" : 27.17523
      }
    },
    "snapshot" : 9
  }, {
    "title" : "Interlaving of six beams",
    "content" : "",
    "view" : {
      "lookDirection" : {
        "x" : 0.5,
        "y" : -0.809017,
        "z" : -0.309017
      },
      "upDirection" : {
        "x" : 0.30901697,
        "y" : 0.49999997,
        "z" : -0.809017
      },
      "lookAtPoint" : {
        "x" : 0.0,
        "y" : 0.0,
        "z" : 0.0
      },
      "viewDistance" : 104.46786,
      "nearClipDistance" : 0.26116976,
      "farClipDistance" : 208.9361,
      "fieldOfView" : 0.44262943,
      "perspective" : false,
      "width" : 47.010597,
      "stereo" : false,
      "position" : {
        "x" : -52.23393,
        "y" : 84.51627,
        "z" : 32.282345
      }
    },
    "snapshot" : 7
  }, {
    "title" : "2 beams of 6 interleaved",
    "content" : "",
    "view" : {
      "lookDirection" : {
        "x" : 0.5,
        "y" : -0.809017,
        "z" : -0.309017
      },
      "upDirection" : {
        "x" : 0.30901697,
        "y" : 0.49999997,
        "z" : -0.809017
      },
      "lookAtPoint" : {
        "x" : 0.0,
        "y" : 0.0,
        "z" : 0.0
      },
      "viewDistance" : 87.25889,
      "nearClipDistance" : 0.21814735,
      "farClipDistance" : 174.51814,
      "fieldOfView" : 0.44262952,
      "perspective" : false,
      "width" : 39.26656,
      "stereo" : false,
      "position" : {
        "x" : -43.629444,
        "y" : 70.593925,
        "z" : 26.96448
      }
    },
    "snapshot" : 5
  }, {
    "title" : "10 beams interleaved",
    "content" : "",
    "view" : {
      "lookDirection" : {
        "x" : 0.0,
        "y" : -1.0,
        "z" : 0.0
      },
      "upDirection" : {
        "x" : 0.0,
        "y" : 0.0,
        "z" : -1.0
      },
      "lookAtPoint" : {
        "x" : 0.0,
        "y" : 0.0,
        "z" : 0.0
      },
      "viewDistance" : 104.46786,
      "nearClipDistance" : 0.26116988,
      "farClipDistance" : 208.93622,
      "fieldOfView" : 0.44263035,
      "perspective" : false,
      "width" : 47.010696,
      "stereo" : false,
      "position" : {
        "x" : 0.0,
        "y" : 104.46786,
        "z" : 0.0
      }
    },
    "snapshot" : 13
  }, {
    "title" : "2 of 10 beams interleaved",
    "content" : "",
    "view" : {
      "lookDirection" : {
        "x" : 0.0,
        "y" : -1.0,
        "z" : 0.0
      },
      "upDirection" : {
        "x" : 0.0,
        "y" : 0.0,
        "z" : -1.0
      },
      "lookAtPoint" : {
        "x" : 0.0,
        "y" : 0.0,
        "z" : 0.0
      },
      "viewDistance" : 87.25889,
      "nearClipDistance" : 0.21814747,
      "farClipDistance" : 174.51822,
      "fieldOfView" : 0.44263038,
      "perspective" : false,
      "width" : 39.266636,
      "stereo" : false,
      "position" : {
        "x" : 0.0,
        "y" : 87.25889,
        "z" : 0.0
      }
    },
    "snapshot" : 12
  } ],
  "snapshots" : [ [ {
    "shape" : "8ded1e88-ed88-47b4-8047-0b1c37a05495",
    "color" : "#FFFFFF",
    "position" : {
      "x" : 6.236068,
      "y" : 2.618034,
      "z" : 13.708204
    },
    "orientation" : 0
  }, {
    "shape" : "8ded1e88-ed88-47b4-8047-0b1c37a05495",
    "color" : "#FFFFFF",
    "position" : {
      "x" : 9.472136,
      "y" : 2.618034,
      "z" : 11.708204
    },
    "orientation" : 0
  }, {
    "shape" : "2b5c05a5-7ace-4660-b1e1-fb173b1d479e",
    "color" : "#AF0000",
    "position" : {
      "x" : 12.708204,
      "y" : 7.854102,
      "z" : -3.236068
    },
    "orientation" : 30
  }, {
    "shape" : "8ded1e88-ed88-47b4-8047-0b1c37a05495",
    "color" : "#FFFFFF",
    "position" : {
      "x" : 11.708204,
      "y" : 9.472136,
      "z" : 2.618034
    },
    "orientation" : 0
  }, {
    "shape" : "2b5c05a5-7ace-4660-b1e1-fb173b1d479e",
    "color" : "#AF0000",
    "position" : {
      "x" : 7.854102,
      "y" : -3.236068,
      "z" : 12.708204
    },
    "orientation" : 47
  }, {
    "shape" : "8ded1e88-ed88-47b4-8047-0b1c37a05495",
    "color" : "#FFFFFF",
    "position" : {
      "x" : 11.09017,
      "y" : 10.472136,
      "z" : -1.0
    },
    "orientation" : 0
  }, {
    "shape" : "8ded1e88-ed88-47b4-8047-0b1c37a05495",
    "color" : "#FFFFFF",
    "position" : {
      "x" : -5.236068,
      "y" : -1.0,
      "z" : -14.326238
    },
    "orientation" : 0
  }, {
    "shape" : "2b5c05a5-7ace-4660-b1e1-fb173b1d479e",
    "color" : "#AF0000",
    "position" : {
      "x" : 13.708204,
      "y" : 6.236068,
      "z" : 2.618034
    },
    "orientation" : 30
  }, {
    "shape" : "2b5c05a5-7ace-4660-b1e1-fb173b1d479e",
    "color" : "#AF0000",
    "position" : {
      "x" : 14.326238,
      "y" : 5.236068,
      "z" : -1.0
    },
    "orientation" : 30
  }, {
    "shape" : "8ded1e88-ed88-47b4-8047-0b1c37a05495",
    "color" : "#FFFFFF",
    "position" : {
      "x" : 5.236068,
      "y" : -1.0,
      "z" : 14.326238
    },
    "orientation" : 0
  }, {
    "shape" : "2b5c05a5-7ace-4660-b1e1-fb173b1d479e",
    "color" : "#AF0000",
    "position" : {
      "x" : 11.708204,
      "y" : 9.472136,
      "z" : 2.618034
    },
    "orientation" : 30
  }, {
    "shape" : "8ded1e88-ed88-47b4-8047-0b1c37a05495",
    "color" : "#FFFFFF",
    "position" : {
      "x" : -7.854102,
      "y" : -3.236068,
      "z" : -12.708204
    },
    "orientation" : 0
  }, {
    "shape" : "8ded1e88-ed88-47b4-8047-0b1c37a05495",
    "color" : "#FFFFFF",
    "position" : {
      "x" : -13.708204,
      "y" : -6.236068,
      "z" : 2.618034
    },
    "orientation" : 0
  }, {
    "shape" : "2b5c05a5-7ace-4660-b1e1-fb173b1d479e",
    "color" : "#AF0000",
    "position" : {
      "x" : 10.472136,
      "y" : -1.0,
      "z" : 11.09017
    },
    "orientation" : 47
  }, {
    "shape" : "2b5c05a5-7ace-4660-b1e1-fb173b1d479e",
    "color" : "#AF0000",
    "position" : {
      "x" : 9.472136,
      "y" : 2.618034,
      "z" : 11.708204
    },
    "orientation" : 47
  }, {
    "shape" : "8ded1e88-ed88-47b4-8047-0b1c37a05495",
    "color" : "#FFFFFF",
    "position" : {
      "x" : -14.326238,
      "y" : -5.236068,
      "z" : -1.0
    },
    "orientation" : 0
  }, {
    "shape" : "8ded1e88-ed88-47b4-8047-0b1c37a05495",
    "color" : "#FFFFFF",
    "position" : {
      "x" : -9.472136,
      "y" : 2.618034,
      "z" : -11.708204
    },
    "orientation" : 0
  }, {
    "shape" : "8ded1e88-ed88-47b4-8047-0b1c37a05495",
    "color" : "#FFFFFF",
    "position" : {
      "x" : 13.708204,
      "y" : 6.236068,
      "z" : 2.618034
    },
    "orientation" : 0
  }, {
    "shape" : "8ded1e88-ed88-47b4-8047-0b1c37a05495",
    "color" : "#FFFFFF",
    "position" : {
      "x" : -11.708204,
      "y" : -9.472136,
      "z" : 2.618034
    },
    "orientation" : 0
  }, {
    "shape" : "2b5c05a5-7ace-4660-b1e1-fb173b1d479e",
    "color" : "#AF0000",
    "position" : {
      "x" : 5.236068,
      "y" : -1.0,
      "z" : 14.326238
    },
    "orientation" : 47
  }, {
    "shape" : "8ded1e88-ed88-47b4-8047-0b1c37a05495",
    "color" : "#FFFFFF",
    "position" : {
      "x" : -12.708204,
      "y" : -7.854102,
      "z" : -3.236068
    },
    "orientation" : 0
  }, {
    "shape" : "8ded1e88-ed88-47b4-8047-0b1c37a05495",
    "color" : "#FFFFFF",
    "position" : {
      "x" : -11.09017,
      "y" : -10.472136,
      "z" : -1.0
    },
    "orientation" : 0
  }, {
    "shape" : "8ded1e88-ed88-47b4-8047-0b1c37a05495",
    "color" : "#FFFFFF",
    "position" : {
      "x" : 12.708204,
      "y" : 7.854102,
      "z" : -3.236068
    },
    "orientation" : 0
  }, {
    "shape" : "8ded1e88-ed88-47b4-8047-0b1c37a05495",
    "color" : "#FFFFFF",
    "position" : {
      "x" : -6.236068,
      "y" : 2.618034,
      "z" : -13.708204
    },
    "orientation" : 0
  }, {
    "shape" : "2b5c05a5-7ace-4660-b1e1-fb173b1d479e",
    "color" : "#AF0000",
    "position" : {
      "x" : 6.236068,
      "y" : 2.618034,
      "z" : 13.708204
    },
    "orientation" : 47
  }, {
    "shape" : "8ded1e88-ed88-47b4-8047-0b1c37a05495",
    "color" : "#FFFFFF",
    "position" : {
      "x" : 14.326238,
      "y" : 5.236068,
      "z" : -1.0
    },
    "orientation" : 0
  }, {
    "shape" : "2b5c05a5-7ace-4660-b1e1-fb173b1d479e",
    "color" : "#AF0000",
    "position" : {
      "x" : 11.09017,
      "y" : 10.472136,
      "z" : -1.0
    },
    "orientation" : 30
  }, {
    "shape" : "8ded1e88-ed88-47b4-8047-0b1c37a05495",
    "color" : "#FFFFFF",
    "position" : {
      "x" : 7.854102,
      "y" : -3.236068,
      "z" : 12.708204
    },
    "orientation" : 0
  }, {
    "shape" : "8ded1e88-ed88-47b4-8047-0b1c37a05495",
    "color" : "#FFFFFF",
    "position" : {
      "x" : 10.472136,
      "y" : -1.0,
      "z" : 11.09017
    },
    "orientation" : 0
  }, {
    "shape" : "8ded1e88-ed88-47b4-8047-0b1c37a05495",
    "color" : "#FFFFFF",
    "position" : {
      "x" : -10.472136,
      "y" : -1.0,
      "z" : -11.09017
    },
    "orientation" : 0
  } ], [ {
    "shape" : "8ded1e88-ed88-47b4-8047-0b1c37a05495",
    "color" : "#FFFFFF",
    "position" : {
      "x" : 12.708204,
      "y" : -7.854102,
      "z" : 3.236068
    },
    "orientation" : 0
  }, {
    "shape" : "2b5c05a5-7ace-4660-b1e1-fb173b1d479e",
    "color" : "#AF0000",
    "position" : {
      "x" : -1.0,
      "y" : 11.09017,
      "z" : 10.472136
    },
    "orientation" : 16
  }, {
    "shape" : "8ded1e88-ed88-47b4-8047-0b1c37a05495",
    "color" : "#FFFFFF",
    "position" : {
      "x" : 2.618034,
      "y" : -13.708204,
      "z" : -6.236068
    },
    "orientation" : 0
  }, {
    "shape" : "8ded1e88-ed88-47b4-8047-0b1c37a05495",
    "color" : "#FFFFFF",
    "position" : {
      "x" : -11.708204,
      "y" : -9.472136,
      "z" : 2.618034
    },
    "orientation" : 0
  }, {
    "shape" : "2b5c05a5-7ace-4660-b1e1-fb173b1d479e",
    "color" : "#AF0000",
    "position" : {
      "x" : 13.708204,
      "y" : -6.236068,
      "z" : -2.618034
    },
    "orientation" : 45
  }, {
    "shape" : "2b5c05a5-7ace-4660-b1e1-fb173b1d479e",
    "color" : "#AF0000",
    "position" : {
      "x" : 11.708204,
      "y" : -9.472136,
      "z" : -2.618034
    },
    "orientation" : 45
  }, {
    "shape" : "8ded1e88-ed88-47b4-8047-0b1c37a05495",
    "color" : "#FFFFFF",
    "position" : {
      "x" : 5.236068,
      "y" : -1.0,
      "z" : 14.326238
    },
    "orientation" : 0
  }, {
    "shape" : "2b5c05a5-7ace-4660-b1e1-fb173b1d479e",
    "color" : "#AF0000",
    "position" : {
      "x" : 7.854102,
      "y" : -3.236068,
      "z" : 12.708204
    },
    "orientation" : 47
  }, {
    "shape" : "8ded1e88-ed88-47b4-8047-0b1c37a05495",
    "color" : "#FFFFFF",
    "position" : {
      "x" : 11.708204,
      "y" : -9.472136,
      "z" : -2.618034
    },
    "orientation" : 0
  }, {
    "shape" : "8ded1e88-ed88-47b4-8047-0b1c37a05495",
    "color" : "#FFFFFF",
    "position" : {
      "x" : 10.472136,
      "y" : -1.0,
      "z" : 11.09017
    },
    "orientation" : 0
  }, {
    "shape" : "2b5c05a5-7ace-4660-b1e1-fb173b1d479e",
    "color" : "#AF0000",
    "position" : {
      "x" : 1.0,
      "y" : -11.09017,
      "z" : 10.472136
    },
    "orientation" : 46
  }, {
    "shape" : "8ded1e88-ed88-47b4-8047-0b1c37a05495",
    "color" : "#FFFFFF",
    "position" : {
      "x" : 14.326238,
      "y" : -5.236068,
      "z" : 1.0
    },
    "orientation" : 0
  }, {
    "shape" : "8ded1e88-ed88-47b4-8047-0b1c37a05495",
    "color" : "#FFFFFF",
    "position" : {
      "x" : 1.0,
      "y" : -11.09017,
      "z" : 10.472136
    },
    "orientation" : 0
  }, {
    "shape" : "8ded1e88-ed88-47b4-8047-0b1c37a05495",
    "color" : "#FFFFFF",
    "position" : {
      "x" : 11.708204,
      "y" : 9.472136,
      "z" : 2.618034
    },
    "orientation" : 0
  }, {
    "shape" : "8ded1e88-ed88-47b4-8047-0b1c37a05495",
    "color" : "#FFFFFF",
    "position" : {
      "x" : 9.472136,
      "y" : -2.618034,
      "z" : -11.708204
    },
    "orientation" : 0
  }, {
    "shape" : "8ded1e88-ed88-47b4-8047-0b1c37a05495",
    "color" : "#FFFFFF",
    "position" : {
      "x" : -5.236068,
      "y" : 1.0,
      "z" : 14.326238
    },
    "orientation" : 0
  }, {
    "shape" : "8ded1e88-ed88-47b4-8047-0b1c37a05495",
    "color" : "#FFFFFF",
    "position" : {
      "x" : -1.0,
      "y" : 14.326238,
      "z" : 5.236068
    },
    "orientation" : 0
  }, {
    "shape" : "2b5c05a5-7ace-4660-b1e1-fb173b1d479e",
    "color" : "#AF0000",
    "position" : {
      "x" : 14.326238,
      "y" : -5.236068,
      "z" : 1.0
    },
    "orientation" : 45
  }, {
    "shape" : "8ded1e88-ed88-47b4-8047-0b1c37a05495",
    "color" : "#FFFFFF",
    "position" : {
      "x" : 5.236068,
      "y" : 1.0,
      "z" : -14.326238
    },
    "orientation" : 0
  }, {
    "shape" : "8ded1e88-ed88-47b4-8047-0b1c37a05495",
    "color" : "#FFFFFF",
    "position" : {
      "x" : -3.236068,
      "y" : -12.708204,
      "z" : -7.854102
    },
    "orientation" : 0
  }, {
    "shape" : "8ded1e88-ed88-47b4-8047-0b1c37a05495",
    "color" : "#FFFFFF",
    "position" : {
      "x" : -10.472136,
      "y" : 1.0,
      "z" : 11.09017
    },
    "orientation" : 0
  }, {
    "shape" : "2b5c05a5-7ace-4660-b1e1-fb173b1d479e",
    "color" : "#AF0000",
    "position" : {
      "x" : 14.326238,
      "y" : 5.236068,
      "z" : -1.0
    },
    "orientation" : 30
  }, {
    "shape" : "8ded1e88-ed88-47b4-8047-0b1c37a05495",
    "color" : "#FFFFFF",
    "position" : {
      "x" : -2.618034,
      "y" : -11.708204,
      "z" : 9.472136
    },
    "orientation" : 0
  }, {
    "shape" : "2b5c05a5-7ace-4660-b1e1-fb173b1d479e",
    "color" : "#AF0000",
    "position" : {
      "x" : 5.236068,
      "y" : 1.0,
      "z" : -14.326238
    },
    "orientation" : 32
  }, {
    "shape" : "8ded1e88-ed88-47b4-8047-0b1c37a05495",
    "color" : "#FFFFFF",
    "position" : {
      "x" : -11.09017,
      "y" : -10.472136,
      "z" : -1.0
    },
    "orientation" : 0
  }, {
    "shape" : "8ded1e88-ed88-47b4-8047-0b1c37a05495",
    "color" : "#FFFFFF",
    "position" : {
      "x" : -1.0,
      "y" : 11.09017,
      "z" : 10.472136
    },
    "orientation" : 0
  }, {
    "shape" : "8ded1e88-ed88-47b4-8047-0b1c37a05495",
    "color" : "#FFFFFF",
    "position" : {
      "x" : -13.708204,
      "y" : -6.236068,
      "z" : 2.618034
    },
    "orientation" : 0
  }, {
    "shape" : "8ded1e88-ed88-47b4-8047-0b1c37a05495",
    "color" : "#FFFFFF",
    "position" : {
      "x" : -2.618034,
      "y" : 11.708204,
      "z" : -9.472136
    },
    "orientation" : 0
  }, {
    "shape" : "2b5c05a5-7ace-4660-b1e1-fb173b1d479e",
    "color" : "#AF0000",
    "position" : {
      "x" : 9.472136,
      "y" : 2.618034,
      "z" : 11.708204
    },
    "orientation" : 47
  }, {
    "shape" : "8ded1e88-ed88-47b4-8047-0b1c37a05495",
    "color" : "#FFFFFF",
    "position" : {
      "x" : -14.326238,
      "y" : -5.236068,
      "z" : -1.0
    },
    "orientation" : 0
  }, {
    "shape" : "8ded1e88-ed88-47b4-8047-0b1c37a05495",
    "color" : "#FFFFFF",
    "position" : {
      "x" : -3.236068,
      "y" : 12.708204,
      "z" : 7.854102
    },
    "orientation" : 0
  }, {
    "shape" : "8ded1e88-ed88-47b4-8047-0b1c37a05495",
    "color" : "#FFFFFF",
    "position" : {
      "x" : 1.0,
      "y" : 14.326238,
      "z" : -5.236068
    },
    "orientation" : 0
  }, {
    "shape" : "2b5c05a5-7ace-4660-b1e1-fb173b1d479e",
    "color" : "#AF0000",
    "position" : {
      "x" : 5.236068,
      "y" : -1.0,
      "z" : 14.326238
    },
    "orientation" : 47
  }, {
    "shape" : "8ded1e88-ed88-47b4-8047-0b1c37a05495",
    "color" : "#FFFFFF",
    "position" : {
      "x" : 1.0,
      "y" : -14.326238,
      "z" : 5.236068
    },
    "orientation" : 0
  }, {
    "shape" : "8ded1e88-ed88-47b4-8047-0b1c37a05495",
    "color" : "#FFFFFF",
    "position" : {
      "x" : -7.854102,
      "y" : 3.236068,
      "z" : 12.708204
    },
    "orientation" : 0
  }, {
    "shape" : "8ded1e88-ed88-47b4-8047-0b1c37a05495",
    "color" : "#FFFFFF",
    "position" : {
      "x" : 6.236068,
      "y" : -2.618034,
      "z" : -13.708204
    },
    "orientation" : 0
  }, {
    "shape" : "8ded1e88-ed88-47b4-8047-0b1c37a05495",
    "color" : "#FFFFFF",
    "position" : {
      "x" : -1.0,
      "y" : -11.09017,
      "z" : -10.472136
    },
    "orientation" : 0
  }, {
    "shape" : "8ded1e88-ed88-47b4-8047-0b1c37a05495",
    "color" : "#FFFFFF",
    "position" : {
      "x" : 7.854102,
      "y" : 3.236068,
      "z" : -12.708204
    },
    "orientation" : 0
  }, {
    "shape" : "2b5c05a5-7ace-4660-b1e1-fb173b1d479e",
    "color" : "#AF0000",
    "position" : {
      "x" : 3.236068,
      "y" : -12.708204,
      "z" : 7.854102
    },
    "orientation" : 46
  }, {
    "shape" : "8ded1e88-ed88-47b4-8047-0b1c37a05495",
    "color" : "#FFFFFF",
    "position" : {
      "x" : 2.618034,
      "y" : 13.708204,
      "z" : 6.236068
    },
    "orientation" : 0
  }, {
    "shape" : "2b5c05a5-7ace-4660-b1e1-fb173b1d479e",
    "color" : "#AF0000",
    "position" : {
      "x" : 10.472136,
      "y" : 1.0,
      "z" : -11.09017
    },
    "orientation" : 32
  }, {
    "shape" : "2b5c05a5-7ace-4660-b1e1-fb173b1d479e",
    "color" : "#AF0000",
    "position" : {
      "x" : 13.708204,
      "y" : 6.236068,
      "z" : 2.618034
    },
    "orientation" : 30
  }, {
    "shape" : "8ded1e88-ed88-47b4-8047-0b1c37a05495",
    "color" : "#FFFFFF",
    "position" : {
      "x" : -10.472136,
      "y" : -1.0,
      "z" : -11.09017
    },
    "orientation" : 0
  }, {
    "shape" : "2b5c05a5-7ace-4660-b1e1-fb173b1d479e",
    "color" : "#AF0000",
    "position" : {
      "x" : -2.618034,
      "y" : -13.708204,
      "z" : 6.236068
    },
    "orientation" : 46
  }, {
    "shape" : "2b5c05a5-7ace-4660-b1e1-fb173b1d479e",
    "color" : "#AF0000",
    "position" : {
      "x" : 11.09017,
      "y" : 10.472136,
      "z" : -1.0
    },
    "orientation" : 30
  }, {
    "shape" : "2b5c05a5-7ace-4660-b1e1-fb173b1d479e",
    "color" : "#AF0000",
    "position" : {
      "x" : 6.236068,
      "y" : 2.618034,
      "z" : 13.708204
    },
    "orientation" : 47
  }, {
    "shape" : "8ded1e88-ed88-47b4-8047-0b1c37a05495",
    "color" : "#FFFFFF",
    "position" : {
      "x" : 12.708204,
      "y" : 7.854102,
      "z" : -3.236068
    },
    "orientation" : 0
  }, {
    "shape" : "8ded1e88-ed88-47b4-8047-0b1c37a05495",
    "color" : "#FFFFFF",
    "position" : {
      "x" : -12.708204,
      "y" : -7.854102,
      "z" : -3.236068
    },
    "orientation" : 0
  }, {
    "shape" : "8ded1e88-ed88-47b4-8047-0b1c37a05495",
    "color" : "#FFFFFF",
    "position" : {
      "x" : -2.618034,
      "y" : 13.708204,
      "z" : -6.236068
    },
    "orientation" : 0
  }, {
    "shape" : "8ded1e88-ed88-47b4-8047-0b1c37a05495",
    "color" : "#FFFFFF",
    "position" : {
      "x" : 10.472136,
      "y" : 1.0,
      "z" : -11.09017
    },
    "orientation" : 0
  }, {
    "shape" : "8ded1e88-ed88-47b4-8047-0b1c37a05495",
    "color" : "#FFFFFF",
    "position" : {
      "x" : 13.708204,
      "y" : -6.236068,
      "z" : -2.618034
    },
    "orientation" : 0
  }, {
    "shape" : "8ded1e88-ed88-47b4-8047-0b1c37a05495",
    "color" : "#FFFFFF",
    "position" : {
      "x" : 1.0,
      "y" : 11.09017,
      "z" : -10.472136
    },
    "orientation" : 0
  }, {
    "shape" : "8ded1e88-ed88-47b4-8047-0b1c37a05495",
    "color" : "#FFFFFF",
    "position" : {
      "x" : 7.854102,
      "y" : -3.236068,
      "z" : 12.708204
    },
    "orientation" : 0
  }, {
