{
  "field" : "snubDodec",
  "symmetry" : "icosahedral",
  "orientations" : [ [ 1.0, 0.0, 0.0, 0.0, 0.0, 1.0, 0.0, 0.0, 0.0, 0.0, 1.0, 0.0, 0.0, 0.0, 0.0, 1.0 ], [ 0.0, 0.0, 1.0, 0.0, 1.0, 0.0, 0.0, 0.0, 0.0, 1.0, 0.0, 0.0, 0.0, 0.0, 0.0, 1.0 ], [ 0.0, 1.0, 0.0, 0.0, 0.0, 0.0, 1.0, 0.0, 1.0, 0.0, 0.0, 0.0, 0.0, 0.0, 0.0, 1.0 ], [ 0.809017, 0.309017, 0.5, 0.0, 0.309017, 0.5, -0.809017, 0.0, -0.5, 0.809017, 0.309017, 0.0, 0.0, 0.0, 0.0, 1.0 ], [ -0.5, 0.809017, 0.309017, 0.0, 0.809017, 0.309017, 0.5, 0.0, 0.309017, 0.5, -0.809017, 0.0, 0.0, 0.0, 0.0, 1.0 ], [ 0.309017, 0.5, -0.809017, 0.0, -0.5, 0.809017, 0.309017, 0.0, 0.809017, 0.309017, 0.5, 0.0, 0.0, 0.0, 0.0, 1.0 ], [ 0.5, 0.809017, 0.309017, 0.0, 0.809017, -0.309017, -0.5, 0.0, -0.309017, 0.5, -0.809017, 0.0, 0.0, 0.0, 0.0, 1.0 ], [ -0.309017, 0.5, -0.809017, 0.0, 0.5, 0.809017, 0.309017, 0.0, 0.809017, -0.309017, -0.5, 0.0, 0.0, 0.0, 0.0, 1.0 ], [ 0.809017, -0.309017, -0.5, 0.0, -0.309017, 0.5, -0.809017, 0.0, 0.5, 0.809017, 0.309017, 0.0, 0.0, 0.0, 0.0, 1.0 ], [ 0.5, 0.809017, -0.309017, 0.0, 0.809017, -0.309017, 0.5, 0.0, 0.309017, -0.5, -0.809017, 0.0, 0.0, 0.0, 0.0, 1.0 ], [ 0.309017, -0.5, -0.809017, 0.0, 0.5, 0.809017, -0.309017, 0.0, 0.809017, -0.309017, 0.5, 0.0, 0.0, 0.0, 0.0, 1.0 ], [ 0.809017, -0.309017, 0.5, 0.0, 0.309017, -0.5, -0.809017, 0.0, 0.5, 0.809017, -0.309017, 0.0, 0.0, 0.0, 0.0, 1.0 ], [ 0.809017, 0.309017, -0.5, 0.0, 0.309017, 0.5, 0.809017, 0.0, 0.5, -0.809017, 0.309017, 0.0, 0.0, 0.0, 0.0, 1.0 ], [ 0.5, -0.809017, 0.309017, 0.0, 0.809017, 0.309017, -0.5, 0.0, 0.309017, 0.5, 0.809017, 0.0, 0.0, 0.0, 0.0, 1.0 ], [ 0.309017, 0.5, 0.809017, 0.0, 0.5, -0.809017, 0.309017, 0.0, 0.809017, 0.309017, -0.5, 0.0, 0.0, 0.0, 0.0, 1.0 ], [ 1.0, 0.0, 0.0, 0.0, 0.0, -1.0, 0.0, 0.0, 0.0, 0.0, -1.0, 0.0, 0.0, 0.0, 0.0, 1.0 ], [ 0.0, 0.0, 1.0, 0.0, -1.0, 0.0, 0.0, 0.0, 0.0, -1.0, 0.0, 0.0, 0.0, 0.0, 0.0, 1.0 ], [ 0.0, 1.0, 0.0, 0.0, 0.0, 0.0, -1.0, 0.0, -1.0, 0.0, 0.0, 0.0, 0.0, 0.0, 0.0, 1.0 ], [ 0.809017, 0.309017, 0.5, 0.0, -0.309017, -0.5, 0.809017, 0.0, 0.5, -0.809017, -0.309017, 0.0, 0.0, 0.0, 0.0, 1.0 ], [ -0.5, 0.809017, 0.309017, 0.0, -0.809017, -0.309017, -0.5, 0.0, -0.309017, -0.5, 0.809017, 0.0, 0.0, 0.0, 0.0, 1.0 ], [ 0.309017, 0.5, -0.809017, 0.0, 0.5, -0.809017, -0.309017, 0.0, -0.809017, -0.309017, -0.5, 0.0, 0.0, 0.0, 0.0, 1.0 ], [ 0.5, 0.809017, 0.309017, 0.0, -0.809017, 0.309017, 0.5, 0.0, 0.309017, -0.5, 0.809017, 0.0, 0.0, 0.0, 0.0, 1.0 ], [ -0.309017, 0.5, -0.809017, 0.0, -0.5, -0.809017, -0.309017, 0.0, -0.809017, 0.309017, 0.5, 0.0, 0.0, 0.0, 0.0, 1.0 ], [ 0.809017, -0.309017, -0.5, 0.0, 0.309017, -0.5, 0.809017, 0.0, -0.5, -0.809017, -0.309017, 0.0, 0.0, 0.0, 0.0, 1.0 ], [ 0.5, 0.809017, -0.309017, 0.0, -0.809017, 0.309017, -0.5, 0.0, -0.309017, 0.5, 0.809017, 0.0, 0.0, 0.0, 0.0, 1.0 ], [ 0.309017, -0.5, -0.809017, 0.0, -0.5, -0.809017, 0.309017, 0.0, -0.809017, 0.309017, -0.5, 0.0, 0.0, 0.0, 0.0, 1.0 ], [ 0.809017, -0.309017, 0.5, 0.0, -0.309017, 0.5, 0.809017, 0.0, -0.5, -0.809017, 0.309017, 0.0, 0.0, 0.0, 0.0, 1.0 ], [ 0.809017, 0.309017, -0.5, 0.0, -0.309017, -0.5, -0.809017, 0.0, -0.5, 0.809017, -0.309017, 0.0, 0.0, 0.0, 0.0, 1.0 ], [ 0.5, -0.809017, 0.309017, 0.0, -0.809017, -0.309017, 0.5, 0.0, -0.309017, -0.5, -0.809017, 0.0, 0.0, 0.0, 0.0, 1.0 ], [ 0.309017, 0.5, 0.809017, 0.0, -0.5, 0.809017, -0.309017, 0.0, -0.809017, -0.309017, 0.5, 0.0, 0.0, 0.0, 0.0, 1.0 ], [ -1.0, 0.0, 0.0, 0.0, 0.0, -1.0, 0.0, 0.0, 0.0, 0.0, 1.0, 0.0, 0.0, 0.0, 0.0, 1.0 ], [ 0.0, 0.0, -1.0, 0.0, -1.0, 0.0, 0.0, 0.0, 0.0, 1.0, 0.0, 0.0, 0.0, 0.0, 0.0, 1.0 ], [ 0.0, -1.0, 0.0, 0.0, 0.0, 0.0, -1.0, 0.0, 1.0, 0.0, 0.0, 0.0, 0.0, 0.0, 0.0, 1.0 ], [ -0.809017, -0.309017, -0.5, 0.0, -0.309017, -0.5, 0.809017, 0.0, -0.5, 0.809017, 0.309017, 0.0, 0.0, 0.0, 0.0, 1.0 ], [ 0.5, -0.809017, -0.309017, 0.0, -0.809017, -0.309017, -0.5, 0.0, 0.309017, 0.5, -0.809017, 0.0, 0.0, 0.0, 0.0, 1.0 ], [ -0.309017, -0.5, 0.809017, 0.0, 0.5, -0.809017, -0.309017, 0.0, 0.809017, 0.309017, 0.5, 0.0, 0.0, 0.0, 0.0, 1.0 ], [ -0.5, -0.809017, -0.309017, 0.0, -0.809017, 0.309017, 0.5, 0.0, -0.309017, 0.5, -0.809017, 0.0, 0.0, 0.0, 0.0, 1.0 ], [ 0.309017, -0.5, 0.809017, 0.0, -0.5, -0.809017, -0.309017, 0.0, 0.809017, -0.309017, -0.5, 0.0, 0.0, 0.0, 0.0, 1.0 ], [ -0.809017, 0.309017, 0.5, 0.0, 0.309017, -0.5, 0.809017, 0.0, 0.5, 0.809017, 0.309017, 0.0, 0.0, 0.0, 0.0, 1.0 ], [ -0.5, -0.809017, 0.309017, 0.0, -0.809017, 0.309017, -0.5, 0.0, 0.309017, -0.5, -0.809017, 0.0, 0.0, 0.0, 0.0, 1.0 ], [ -0.309017, 0.5, 0.809017, 0.0, -0.5, -0.809017, 0.309017, 0.0, 0.809017, -0.309017, 0.5, 0.0, 0.0, 0.0, 0.0, 1.0 ], [ -0.809017, 0.309017, -0.5, 0.0, -0.309017, 0.5, 0.809017, 0.0, 0.5, 0.809017, -0.309017, 0.0, 0.0, 0.0, 0.0, 1.0 ], [ -0.809017, -0.309017, 0.5, 0.0, -0.309017, -0.5, -0.809017, 0.0, 0.5, -0.809017, 0.309017, 0.0, 0.0, 0.0, 0.0, 1.0 ], [ -0.5, 0.809017, -0.309017, 0.0, -0.809017, -0.309017, 0.5, 0.0, 0.309017, 0.5, 0.809017, 0.0, 0.0, 0.0, 0.0, 1.0 ], [ -0.309017, -0.5, -0.809017, 0.0, -0.5, 0.809017, -0.309017, 0.0, 0.809017, 0.309017, -0.5, 0.0, 0.0, 0.0, 0.0, 1.0 ], [ -1.0, 0.0, 0.0, 0.0, 0.0, 1.0, 0.0, 0.0, 0.0, 0.0, -1.0, 0.0, 0.0, 0.0, 0.0, 1.0 ], [ 0.0, 0.0, -1.0, 0.0, 1.0, 0.0, 0.0, 0.0, 0.0, -1.0, 0.0, 0.0, 0.0, 0.0, 0.0, 1.0 ], [ 0.0, -1.0, 0.0, 0.0, 0.0, 0.0, 1.0, 0.0, -1.0, 0.0, 0.0, 0.0, 0.0, 0.0, 0.0, 1.0 ], [ -0.809017, -0.309017, -0.5, 0.0, 0.309017, 0.5, -0.809017, 0.0, 0.5, -0.809017, -0.309017, 0.0, 0.0, 0.0, 0.0, 1.0 ], [ 0.5, -0.809017, -0.309017, 0.0, 0.809017, 0.309017, 0.5, 0.0, -0.309017, -0.5, 0.809017, 0.0, 0.0, 0.0, 0.0, 1.0 ], [ -0.309017, -0.5, 0.809017, 0.0, -0.5, 0.809017, 0.309017, 0.0, -0.809017, -0.309017, -0.5, 0.0, 0.0, 0.0, 0.0, 1.0 ], [ -0.5, -0.809017, -0.309017, 0.0, 0.809017, -0.309017, -0.5, 0.0, 0.309017, -0.5, 0.809017, 0.0, 0.0, 0.0, 0.0, 1.0 ], [ 0.309017, -0.5, 0.809017, 0.0, 0.5, 0.809017, 0.309017, 0.0, -0.809017, 0.309017, 0.5, 0.0, 0.0, 0.0, 0.0, 1.0 ], [ -0.809017, 0.309017, 0.5, 0.0, -0.309017, 0.5, -0.809017, 0.0, -0.5, -0.809017, -0.309017, 0.0, 0.0, 0.0, 0.0, 1.0 ], [ -0.5, -0.809017, 0.309017, 0.0, 0.809017, -0.309017, 0.5, 0.0, -0.309017, 0.5, 0.809017, 0.0, 0.0, 0.0, 0.0, 1.0 ], [ -0.309017, 0.5, 0.809017, 0.0, 0.5, 0.809017, -0.309017, 0.0, -0.809017, 0.309017, -0.5, 0.0, 0.0, 0.0, 0.0, 1.0 ], [ -0.809017, 0.309017, -0.5, 0.0, 0.309017, -0.5, -0.809017, 0.0, -0.5, -0.809017, 0.309017, 0.0, 0.0, 0.0, 0.0, 1.0 ], [ -0.809017, -0.309017, 0.5, 0.0, 0.309017, 0.5, 0.809017, 0.0, -0.5, 0.809017, -0.309017, 0.0, 0.0, 0.0, 0.0, 1.0 ], [ -0.5, 0.809017, -0.309017, 0.0, 0.809017, 0.309017, -0.5, 0.0, -0.309017, -0.5, -0.809017, 0.0, 0.0, 0.0, 0.0, 1.0 ], [ -0.309017, -0.5, -0.809017, 0.0, 0.5, -0.809017, 0.309017, 0.0, -0.809017, -0.309017, 0.5, 0.0, 0.0, 0.0, 0.0, 1.0 ] ],
  "lights" : {
    "ambientColor" : "#292929",
    "backgroundColor" : "#E0EFFF",
    "directionalLights" : [ {
      "direction" : {
        "x" : 1.0,
        "y" : -1.0,
        "z" : -1.0
      },
      "color" : "#EBEBE4"
    }, {
      "direction" : {
        "x" : -1.0,
        "y" : 0.0,
        "z" : 0.0
      },
      "color" : "#E4E4EB"
    }, {
      "direction" : {
        "x" : 0.0,
        "y" : 0.0,
        "z" : -1.0
      },
      "color" : "#1E1E1E"
    } ]
  },
  "camera" : {
    "viewDistance" : 102.399254,
    "nearClipDistance" : 0.25599834,
    "farClipDistance" : 204.79892,
    "lookAtPoint" : {
      "x" : 0.0,
      "y" : 0.0,
      "z" : 0.0
    },
    "fieldOfView" : 0.44262943,
    "perspective" : false,
    "lookDirection" : {
      "x" : 0.0,
      "y" : 0.0,
      "z" : -1.0
    },
    "upDirection" : {
      "x" : 0.0,
      "y" : 1.0,
      "z" : 0.0
    },
    "width" : 46.07972,
    "stereo" : false,
    "position" : {
      "x" : 0.0,
      "y" : 0.0,
      "z" : 102.399254
    }
  },
  "embedding" : [ 1.0, 0.0, 0.0, 0.0, 0.0, 1.0, 0.0, 0.0, 0.0, 0.0, 1.0, 0.0, 0.0, 0.0, 0.0, 1.0 ],
  "shapes" : [ {
    "id" : "bf1f0d3d-733b-4499-ad20-77a539d824dd",
    "vertices" : [ {
      "x" : 0.7308558,
      "y" : 0.76681167,
      "z" : 4.948251
    }, {
      "x" : 0.33085582,
      "y" : 0.8668117,
      "z" : 5.0482507
    }, {
      "x" : -0.04948053,
      "y" : 0.33567667,
      "z" : 0.6183862
    }, {
      "x" : 0.35051948,
      "y" : 0.23567668,
      "z" : 0.5183862
    }, {
      "x" : 0.46418914,
      "y" : 1.1668117,
      "z" : 4.814917
    }, {
      "x" : 0.86418915,
      "y" : 1.0668117,
      "z" : 4.714917
    }, {
      "x" : 0.21718614,
      "y" : -0.06432332,
      "z" : 0.75171953
    }, {
      "x" : -0.18281387,
      "y" : 0.035676684,
      "z" : 0.85171956
    } ],
    "faces" : [ {
      "vertices" : [ 2, 3, 6 ]
    }, {
      "vertices" : [ 2, 6, 7 ]
    }, {
      "vertices" : [ 0, 5, 4 ]
    }, {
      "vertices" : [ 0, 4, 1 ]
    }, {
      "vertices" : [ 2, 4, 5 ]
    }, {
      "vertices" : [ 2, 5, 3 ]
    }, {
      "vertices" : [ 0, 6, 3 ]
    }, {
      "vertices" : [ 0, 3, 5 ]
    }, {
      "vertices" : [ 0, 1, 7 ]
    }, {
      "vertices" : [ 0, 7, 6 ]
    }, {
      "vertices" : [ 1, 4, 2 ]
    }, {
      "vertices" : [ 1, 2, 7 ]
    } ]
  }, {
    "id" : "4b582325-53c2-47a6-ae5c-12457eab8c67",
    "vertices" : [ {
      "x" : 0.309017,
      "y" : -0.309017,
      "z" : -0.309017
    }, {
      "x" : 0.5,
      "y" : 0.0,
      "z" : -0.19098301
    }, {
      "x" : 0.5,
      "y" : 0.0,
      "z" : 0.19098301
    }, {
      "x" : 0.309017,
      "y" : -0.309017,
      "z" : 0.309017
    }, {
      "x" : 0.19098301,
      "y" : -0.5,
      "z" : 0.0
    }, {
      "x" : 0.0,
      "y" : 0.19098301,
      "z" : 0.5
    }, {
      "x" : 0.0,
      "y" : -0.19098301,
      "z" : 0.5
    }, {
      "x" : 0.309017,
      "y" : 0.309017,
      "z" : 0.309017
    }, {
      "x" : -0.309017,
      "y" : -0.309017,
      "z" : 0.309017
    }, {
      "x" : -0.309017,
      "y" : 0.309017,
      "z" : 0.309017
    }, {
      "x" : -0.5,
      "y" : 0.0,
      "z" : 0.19098301
    }, {
      "x" : 0.0,
      "y" : -0.19098301,
      "z" : -0.5
    }, {
      "x" : 0.0,
      "y" : 0.19098301,
      "z" : -0.5
    }, {
      "x" : 0.309017,
      "y" : 0.309017,
      "z" : -0.309017
    }, {
      "x" : -0.309017,
      "y" : -0.309017,
      "z" : -0.309017
    }, {
      "x" : -0.19098301,
      "y" : -0.5,
      "z" : 0.0
    }, {
      "x" : -0.5,
      "y" : 0.0,
      "z" : -0.19098301
    }, {
      "x" : 0.19098301,
      "y" : 0.5,
      "z" : 0.0
    }, {
      "x" : -0.309017,
      "y" : 0.309017,
      "z" : -0.309017
    }, {
      "x" : 0.0,
      "y" : 0.0,
      "z" : 0.0
    }, {
      "x" : -0.19098301,
      "y" : 0.5,
      "z" : 0.0
    } ],
    "faces" : [ {
      "vertices" : [ 12, 18, 20 ]
    }, {
      "vertices" : [ 12, 20, 17 ]
    }, {
      "vertices" : [ 12, 17, 13 ]
    }, {
      "vertices" : [ 3, 6, 8 ]
    }, {
      "vertices" : [ 3, 8, 15 ]
    }, {
      "vertices" : [ 3, 15, 4 ]
    }, {
      "vertices" : [ 0, 11, 12 ]
    }, {
      "vertices" : [ 0, 12, 13 ]
    }, {
      "vertices" : [ 0, 13, 1 ]
    }, {
      "vertices" : [ 5, 9, 10 ]
    }, {
      "vertices" : [ 5, 10, 8 ]
    }, {
      "vertices" : [ 5, 8, 6 ]
    }, {
      "vertices" : [ 2, 7, 5 ]
    }, {
      "vertices" : [ 2, 5, 6 ]
    }, {
      "vertices" : [ 2, 6, 3 ]
    }, {
      "vertices" : [ 11, 14, 16 ]
    }, {
      "vertices" : [ 11, 16, 18 ]
    }, {
      "vertices" : [ 11, 18, 12 ]
    }, {
      "vertices" : [ 1, 13, 17 ]
    }, {
      "vertices" : [ 1, 17, 7 ]
    }, {
      "vertices" : [ 1, 7, 2 ]
    }, {
      "vertices" : [ 9, 20, 18 ]
    }, {
      "vertices" : [ 9, 18, 16 ]
    }, {
      "vertices" : [ 9, 16, 10 ]
    }, {
      "vertices" : [ 0, 1, 2 ]
    }, {
      "vertices" : [ 0, 2, 3 ]
    }, {
      "vertices" : [ 0, 3, 4 ]
    }, {
      "vertices" : [ 5, 7, 17 ]
    }, {
      "vertices" : [ 5, 17, 20 ]
    }, {
      "vertices" : [ 5, 20, 9 ]
    }, {
      "vertices" : [ 0, 4, 15 ]
    }, {
      "vertices" : [ 0, 15, 14 ]
    }, {
      "vertices" : [ 0, 14, 11 ]
    }, {
      "vertices" : [ 8, 10, 16 ]
    }, {
      "vertices" : [ 8, 16, 14 ]
    }, {
      "vertices" : [ 8, 14, 15 ]
    } ]
  }, {
    "id" : "1428b470-2c20-44ae-bb92-62574d8c9005",
    "vertices" : [ {
      "x" : 0.072024114,
      "y" : -3.349689,
      "z" : -3.8109982
    }, {
      "x" : -0.32797587,
      "y" : -3.249689,
      "z" : -3.7109983
    }, {
      "x" : -0.293551,
      "y" : -0.5764762,
      "z" : -0.33669388
    }, {
      "x" : 0.106449015,
      "y" : -0.67647624,
      "z" : -0.43669388
    }, {
      "x" : -0.46130922,
      "y" : -3.549689,
      "z" : -3.477665
    }, {
      "x" : -0.06130922,
      "y" : -3.649689,
      "z" : -3.5776649
    }, {
      "x" : 0.23978235,
      "y" : -0.37647623,
      "z" : -0.6700272
    }, {
      "x" : -0.16021766,
      "y" : -0.27647623,
      "z" : -0.57002723
    } ],
    "faces" : [ {
      "vertices" : [ 2, 3, 6 ]
    }, {
      "vertices" : [ 2, 6, 7 ]
    }, {
      "vertices" : [ 0, 5, 4 ]
    }, {
      "vertices" : [ 0, 4, 1 ]
    }, {
      "vertices" : [ 2, 4, 5 ]
    }, {
      "vertices" : [ 2, 5, 3 ]
    }, {
      "vertices" : [ 0, 6, 3 ]
    }, {
      "vertices" : [ 0, 3, 5 ]
    }, {
      "vertices" : [ 0, 1, 7 ]
    }, {
      "vertices" : [ 0, 7, 6 ]
    }, {
      "vertices" : [ 1, 4, 2 ]
    }, {
      "vertices" : [ 1, 2, 7 ]
    } ]
  }, {
    "id" : "80552350-9ec8-438c-a901-5d28f4ab4544",
    "vertices" : [ {
      "x" : 5.8278627,
      "y" : 6.8941975,
      "z" : 0.13333334
    }, {
      "x" : 5.9278626,
      "y" : 6.9941974,
      "z" : -0.26666668
    }, {
      "x" : 0.6617173,
      "y" : 0.45630294,
      "z" : -0.13333334
    }, {
      "x" : 0.5617173,
      "y" : 0.35630295,
      "z" : 0.26666668
    }, {
      "x" : 6.227863,
      "y" : 6.7608643,
      "z" : -0.13333334
    }, {
      "x" : 6.127863,
      "y" : 6.6608644,
      "z" : 0.26666668
    }, {
      "x" : 0.2617173,
      "y" : 0.58963627,
      "z" : 0.13333334
    }, {
      "x" : 0.36171728,
      "y" : 0.6896363,
      "z" : -0.26666668
    } ],
    "faces" : [ {
      "vertices" : [ 2, 3, 6 ]
    }, {
      "vertices" : [ 2, 6, 7 ]
    }, {
      "vertices" : [ 0, 5, 4 ]
    }, {
      "vertices" : [ 0, 4, 1 ]
    }, {
      "vertices" : [ 2, 4, 5 ]
    }, {
      "vertices" : [ 2, 5, 3 ]
    }, {
      "vertices" : [ 0, 6, 3 ]
    }, {
      "vertices" : [ 0, 3, 5 ]
    }, {
      "vertices" : [ 0, 1, 7 ]
    }, {
      "vertices" : [ 0, 7, 6 ]
    }, {
      "vertices" : [ 1, 4, 2 ]
    }, {
      "vertices" : [ 1, 2, 7 ]
    } ]
  } ],
  "instances" : [ {
    "shape" : "bf1f0d3d-733b-4499-ad20-77a539d824dd",
    "color" : "#BB3930",
    "position" : {
      "x" : -8.088982,
      "y" : -4.162816,
      "z" : 8.310509
    },
    "orientation" : 40
  }, {
    "shape" : "4b582325-53c2-47a6-ae5c-12457eab8c67",
    "color" : "#FFFFFF",
    "position" : {
      "x" : -9.980368,
      "y" : -1.1024884,
      "z" : -7.141567
    }
  }, {
    "shape" : "4b582325-53c2-47a6-ae5c-12457eab8c67",
    "color" : "#FFFFFF",
    "position" : {
      "x" : 8.310509,
      "y" : -8.088982,
      "z" : -4.162816
    }
  }, {
    "shape" : "bf1f0d3d-733b-4499-ad20-77a539d824dd",
    "color" : "#BB3930",
    "position" : {
      "x" : 11.304383,
      "y" : -3.24479,
      "z" : -3.6752503
    },
    "orientation" : 0
  }, {
    "shape" : "4b582325-53c2-47a6-ae5c-12457eab8c67",
    "color" : "#FFFFFF",
    "position" : {
      "x" : -4.162816,
      "y" : 8.310509,
      "z" : -8.088982
    }
  }, {
    "shape" : "4b582325-53c2-47a6-ae5c-12457eab8c67",
    "color" : "#FFFFFF",
    "position" : {
      "x" : 9.980368,
      "y" : 1.1024884,
      "z" : -7.141567
    }
  }, {
    "shape" : "1428b470-2c20-44ae-bb92-62574d8c9005",
    "color" : "#57BC30",
    "position" : {
      "x" : 11.304383,
      "y" : 3.24479,
      "z" : 3.6752503
    },
    "orientation" : 50
  }, {
    "shape" : "4b582325-53c2-47a6-ae5c-12457eab8c67",
    "color" : "#FFFFFF",
    "position" : {
      "x" : 6.3051176,
      "y" : 4.8441916,
      "z" : -9.412996
    }
  }, {
    "shape" : "1428b470-2c20-44ae-bb92-62574d8c9005",
    "color" : "#57BC30",
    "position" : {
      "x" : 1.1024884,
      "y" : -7.141567,
      "z" : 9.980368
    },
    "orientation" : 56
  }, {
    "shape" : "1428b470-2c20-44ae-bb92-62574d8c9005",
    "color" : "#57BC30",
    "position" : {
      "x" : 1.8913866,
      "y" : 11.985759,
      "z" : -2.1423016
    },
    "orientation" : 28
  }, {
    "shape" : "4b582325-53c2-47a6-ae5c-12457eab8c67",
    "color" : "#FFFFFF",
    "position" : {
      "x" : 3.24479,
      "y" : 3.6752503,
      "z" : 11.304383
    }
  }, {
    "shape" : "80552350-9ec8-438c-a901-5d28f4ab4544",
    "color" : "#FFFFFF",
    "position" : {
      "x" : 3.24479,
      "y" : 3.6752503,
      "z" : 11.304383
    },
    "orientation" : 30
  }, {
    "shape" : "bf1f0d3d-733b-4499-ad20-77a539d824dd",
    "color" : "#BB3930",
    "position" : {
      "x" : -11.304383,
      "y" : -3.24479,
      "z" : 3.6752503
    },
    "orientation" : 45
  }, {
    "shape" : "4b582325-53c2-47a6-ae5c-12457eab8c67",
    "color" : "#FFFFFF",
    "position" : {
      "x" : -3.6752503,
      "y" : 11.304383,
      "z" : -3.24479
    }
  }, {
    "shape" : "1428b470-2c20-44ae-bb92-62574d8c9005",
    "color" : "#57BC30",
    "position" : {
      "x" : -3.24479,
      "y" : -3.6752503,
      "z" : 11.304383
    },
    "orientation" : 49
  }, {
    "shape" : "1428b470-2c20-44ae-bb92-62574d8c9005",
    "color" : "#57BC30",
    "position" : {
      "x" : 2.1423016,
      "y" : -1.8913866,
      "z" : 11.985759
    },
    "orientation" : 29
  }, {
    "shape" : "4b582325-53c2-47a6-ae5c-12457eab8c67",
    "color" : "#FFFFFF",
    "position" : {
      "x" : -1.8913866,
      "y" : 11.985759,
      "z" : 2.1423016
    }
  }, {
    "shape" : "bf1f0d3d-733b-4499-ad20-77a539d824dd",
    "color" : "#BB3930",
    "position" : {
      "x" : 3.6752503,
      "y" : -11.304383,
      "z" : -3.24479
    },
    "orientation" : 31
  }, {
    "shape" : "bf1f0d3d-733b-4499-ad20-77a539d824dd",
    "color" : "#BB3930",
    "position" : {
      "x" : 6.3051176,
      "y" : -4.8441916,
      "z" : 9.412996
    },
    "orientation" : 18
  }, {
    "shape" : "80552350-9ec8-438c-a901-5d28f4ab4544",
    "color" : "#FFFFFF",
    "position" : {
      "x" : 11.304383,
      "y" : 3.24479,
      "z" : 3.6752503
    },
    "orientation" : 16
  }, {
    "shape" : "1428b470-2c20-44ae-bb92-62574d8c9005",
    "color" : "#57BC30",
    "position" : {
      "x" : -2.1423016,
      "y" : -1.8913866,
      "z" : -11.985759
    },
    "orientation" : 44
  }, {
    "shape" : "4b582325-53c2-47a6-ae5c-12457eab8c67",
    "color" : "#FFFFFF",
    "position" : {
      "x" : 11.985759,
      "y" : -2.1423016,
      "z" : 1.8913866
    }
  }, {
    "shape" : "1428b470-2c20-44ae-bb92-62574d8c9005",
    "color" : "#57BC30",
    "position" : {
      "x" : 6.3051176,
      "y" : 4.8441916,
      "z" : -9.412996
    },
    "orientation" : 37
  }, {
    "shape" : "1428b470-2c20-44ae-bb92-62574d8c9005",
    "color" : "#57BC30",
    "position" : {
      "x" : 11.304383,
      "y" : -3.24479,
      "z" : -3.6752503
    },
    "orientation" : 35
  }, {
    "shape" : "1428b470-2c20-44ae-bb92-62574d8c9005",
    "color" : "#57BC30",
    "position" : {
      "x" : 7.141567,
      "y" : -9.980368,
      "z" : 1.1024884
    },
    "orientation" : 55
  }, {
    "shape" : "4b582325-53c2-47a6-ae5c-12457eab8c67",
    "color" : "#FFFFFF",
    "position" : {
      "x" : -3.24479,
      "y" : 3.6752503,
      "z" : -11.304383
    }
  }, {
    "shape" : "bf1f0d3d-733b-4499-ad20-77a539d824dd",
    "color" : "#BB3930",
    "position" : {
      "x" : -11.985759,
      "y" : -2.1423016,
      "z" : -1.8913866
    },
    "orientation" : 53
  }, {
    "shape" : "bf1f0d3d-733b-4499-ad20-77a539d824dd",
    "color" : "#BB3930",
    "position" : {
      "x" : 7.141567,
      "y" : -9.980368,
      "z" : 1.1024884
    },
    "orientation" : 28
  }, {
    "shape" : "4b582325-53c2-47a6-ae5c-12457eab8c67",
    "color" : "#FFFFFF",
    "position" : {
      "x" : 11.304383,
      "y" : -3.24479,
      "z" : -3.6752503
    }
  }, {
    "shape" : "4b582325-53c2-47a6-ae5c-12457eab8c67",
    "color" : "#FFFFFF",
    "position" : {
      "x" : 3.6752503,
      "y" : -11.304383,
      "z" : -3.24479
    }
  }, {
    "shape" : "80552350-9ec8-438c-a901-5d28f4ab4544",
    "color" : "#FFFFFF",
    "position" : {
      "x" : 4.8441916,
      "y" : 9.412996,
      "z" : -6.3051176
    },
    "orientation" : 28
  }, {
    "shape" : "1428b470-2c20-44ae-bb92-62574d8c9005",
    "color" : "#57BC30",
    "position" : {
      "x" : -4.8441916,
      "y" : -9.412996,
      "z" : -6.3051176
    },
    "orientation" : 6
  }, {
    "shape" : "1428b470-2c20-44ae-bb92-62574d8c9005",
    "color" : "#57BC30",
    "position" : {
      "x" : -2.1423016,
      "y" : 1.8913866,
      "z" : 11.985759
    },
    "orientation" : 59
  }, {
    "shape" : "4b582325-53c2-47a6-ae5c-12457eab8c67",
    "color" : "#FFFFFF",
    "position" : {
      "x" : 9.980368,
      "y" : -1.1024884,
      "z" : 7.141567
    }
  }, {
    "shape" : "80552350-9ec8-438c-a901-5d28f4ab4544",
    "color" : "#FFFFFF",
    "position" : {
      "x" : 11.985759,
      "y" : -2.1423016,
      "z" : 1.8913866
    },
    "orientation" : 35
  }, {
    "shape" : "bf1f0d3d-733b-4499-ad20-77a539d824dd",
    "color" : "#BB3930",
    "position" : {
      "x" : 6.3051176,
      "y" : 4.8441916,
      "z" : -9.412996
    },
    "orientation" : 3
  }, {
    "shape" : "1428b470-2c20-44ae-bb92-62574d8c9005",
    "color" : "#57BC30",
    "position" : {
      "x" : -11.304383,
      "y" : -3.24479,
      "z" : 3.6752503
    },
    "orientation" : 20
  }, {
    "shape" : "80552350-9ec8-438c-a901-5d28f4ab4544",
    "color" : "#FFFFFF",
    "position" : {
      "x" : 1.1024884,
      "y" : 7.141567,
      "z" : -9.980368
    },
    "orientation" : 36
  }, {
    "shape" : "bf1f0d3d-733b-4499-ad20-77a539d824dd",
    "color" : "#BB3930",
    "position" : {
      "x" : -9.412996,
      "y" : -6.3051176,
      "z" : -4.8441916
    },
    "orientation" : 19
  }, {
    "shape" : "bf1f0d3d-733b-4499-ad20-77a539d824dd",
    "color" : "#BB3930",
    "position" : {
      "x" : 7.141567,
      "y" : 9.980368,
      "z" : -1.1024884
    },
    "orientation" : 13
  }, {
    "shape" : "1428b470-2c20-44ae-bb92-62574d8c9005",
    "color" : "#57BC30",
    "position" : {
      "x" : -1.1024884,
      "y" : -7.141567,
      "z" : -9.980368
    },
    "orientation" : 11
  }, {
    "shape" : "80552350-9ec8-438c-a901-5d28f4ab4544",
    "color" : "#FFFFFF",
    "position" : {
      "x" : 1.8913866,
      "y" : 11.985759,
      "z" : -2.1423016
    },
    "orientation" : 18
  }, {
    "shape" : "80552350-9ec8-438c-a901-5d28f4ab4544",
    "color" : "#FFFFFF",
    "position" : {
      "x" : -7.141567,
      "y" : -9.980368,
      "z" : -1.1024884
    },
    "orientation" : 8
  }, {
    "shape" : "4b582325-53c2-47a6-ae5c-12457eab8c67",
    "color" : "#FFFFFF",
    "position" : {
      "x" : -9.412996,
      "y" : -6.3051176,
      "z" : -4.8441916
    }
  }, {
    "shape" : "4b582325-53c2-47a6-ae5c-12457eab8c67",
    "color" : "#FFFFFF",
    "position" : {
      "x" : -8.310509,
      "y" : 8.088982,
      "z" : -4.162816
    }
  }, {
    "shape" : "80552350-9ec8-438c-a901-5d28f4ab4544",
    "color" : "#FFFFFF",
    "position" : {
      "x" : -9.980368,
      "y" : -1.1024884,
      "z" : -7.141567
    },
    "orientation" : 7
  }, {
    "shape" : "bf1f0d3d-733b-4499-ad20-77a539d824dd",
    "color" : "#BB3930",
    "position" : {
      "x" : 8.088982,
      "y" : -4.162816,
      "z" : -8.310509
    },
    "orientation" : 25
  }, {
    "shape" : "4b582325-53c2-47a6-ae5c-12457eab8c67",
    "color" : "#FFFFFF",
    "position" : {
      "x" : 4.162816,
      "y" : -8.310509,
      "z" : -8.088982
    }
  }, {
    "shape" : "4b582325-53c2-47a6-ae5c-12457eab8c67",
    "color" : "#FFFFFF",
    "position" : {
      "x" : -2.1423016,
      "y" : 1.8913866,
      "z" : 11.985759
    }
  }, {
    "shape" : "1428b470-2c20-44ae-bb92-62574d8c9005",
    "color" : "#57BC30",
    "position" : {
      "x" : -6.3051176,
      "y" : -4.8441916,
      "z" : -9.412996
    },
    "orientation" : 7
  }, {
    "shape" : "80552350-9ec8-438c-a901-5d28f4ab4544",
    "color" : "#FFFFFF",
    "position" : {
      "x" : 8.088982,
      "y" : 4.162816,
      "z" : 8.310509
    },
    "orientation" : 54
  }, {
    "shape" : "bf1f0d3d-733b-4499-ad20-77a539d824dd",
    "color" : "#BB3930",
    "position" : {
      "x" : 3.24479,
      "y" : 3.6752503,
      "z" : 11.304383
    },
    "orientation" : 32
  }, {
    "shape" : "bf1f0d3d-733b-4499-ad20-77a539d824dd",
    "color" : "#BB3930",
    "position" : {
      "x" : 11.985759,
      "y" : -2.1423016,
      "z" : 1.8913866
    },
    "orientation" : 8
  }, {
    "shape" : "80552350-9ec8-438c-a901-5d28f4ab4544",
    "color" : "#FFFFFF",
    "position" : {
      "x" : 4.8441916,
      "y" : -9.412996,
      "z" : 6.3051176
    },
    "orientation" : 13
  }, {
    "shape" : "bf1f0d3d-733b-4499-ad20-77a539d824dd",
    "color" : "#BB3930",
    "position" : {
      "x" : -2.1423016,
      "y" : 1.8913866,
      "z" : 11.985759
    },
    "orientation" : 7
  }, {
    "shape" : "1428b470-2c20-44ae-bb92-62574d8c9005",
    "color" : "#57BC30",
    "position" : {
      "x" : 11.985759,
      "y" : -2.1423016,
      "z" : 1.8913866
    },
    "orientation" : 42
  }, {
    "shape" : "4b582325-53c2-47a6-ae5c-12457eab8c67",
    "color" : "#FFFFFF",
    "position" : {
      "x" : 4.162816,
      "y" : 8.310509,
      "z" : 8.088982
    }
  }, {
    "shape" : "4b582325-53c2-47a6-ae5c-12457eab8c67",
    "color" : "#FFFFFF",
    "position" : {
      "x" : 4.8441916,
      "y" : -9.412996,
      "z" : 6.3051176
    }
  }, {
    "shape" : "1428b470-2c20-44ae-bb92-62574d8c9005",
    "color" : "#57BC30",
    "position" : {
      "x" : -1.8913866,
      "y" : 11.985759,
      "z" : 2.1423016
    },
    "orientation" : 43
  }, {
    "shape" : "bf1f0d3d-733b-4499-ad20-77a539d824dd",
    "color" : "#BB3930",
    "position" : {
      "x" : -3.6752503,
      "y" : 11.304383,
      "z" : -3.24479
    },
    "orientation" : 1
  }, {
    "shape" : "80552350-9ec8-438c-a901-5d28f4ab4544",
    "color" : "#FFFFFF",
    "position" : {
      "x" : -7.141567,
      "y" : 9.980368,
      "z" : 1.1024884
    },
    "orientation" : 23
  }, {
    "shape" : "4b582325-53c2-47a6-ae5c-12457eab8c67",
    "color" : "#FFFFFF",
    "position" : {
      "x" : -6.3051176,
      "y" : 4.8441916,
      "z" : 9.412996
    }
  }, {
    "shape" : "1428b470-2c20-44ae-bb92-62574d8c9005",
    "color" : "#57BC30",
    "position" : {
      "x" : 2.1423016,
      "y" : 1.8913866,
      "z" : -11.985759
    },
    "orientation" : 14
  }, {
    "shape" : "bf1f0d3d-733b-4499-ad20-77a539d824dd",
    "color" : "#BB3930",
    "position" : {
      "x" : 9.980368,
      "y" : 1.1024884,
      "z" : -7.141567
    },
    "orientation" : 27
  }, {
    "shape" : "80552350-9ec8-438c-a901-5d28f4ab4544",
    "color" : "#FFFFFF",
    "position" : {
      "x" : -11.304383,
      "y" : -3.24479,
      "z" : 3.6752503
    },
    "orientation" : 46
  }, {
    "shape" : "4b582325-53c2-47a6-ae5c-12457eab8c67",
    "color" : "#FFFFFF",
    "position" : {
      "x" : -8.088982,
      "y" : -4.162816,
      "z" : 8.310509
    }
  }, {
    "shape" : "80552350-9ec8-438c-a901-5d28f4ab4544",
    "color" : "#FFFFFF",
    "position" : {
      "x" : -6.3051176,
      "y" : -4.8441916,
      "z" : -9.412996
    },
    "orientation" : 44
  }, {
    "shape" : "80552350-9ec8-438c-a901-5d28f4ab4544",
    "color" : "#FFFFFF",
    "position" : {
      "x" : 3.24479,
      "y" : -3.6752503,
      "z" : -11.304383
    },
    "orientation" : 45
  }, {
    "shape" : "1428b470-2c20-44ae-bb92-62574d8c9005",
    "color" : "#57BC30",
    "position" : {
      "x" : 8.310509,
      "y" : -8.088982,
      "z" : -4.162816
    },
    "orientation" : 1
  }, {
    "shape" : "4b582325-53c2-47a6-ae5c-12457eab8c67",
    "color" : "#FFFFFF",
    "position" : {
      "x" : -1.8913866,
      "y" : -11.985759,
      "z" : -2.1423016
    }
  }, {
    "shape" : "4b582325-53c2-47a6-ae5c-12457eab8c67",
    "color" : "#FFFFFF",
    "position" : {
      "x" : 8.088982,
      "y" : 4.162816,
      "z" : 8.310509
    }
  }, {
    "shape" : "bf1f0d3d-733b-4499-ad20-77a539d824dd",
    "color" : "#BB3930",
    "position" : {
      "x" : -8.088982,
      "y" : 4.162816,
      "z" : -8.310509
    },
    "orientation" : 55
  }, {
    "shape" : "bf1f0d3d-733b-4499-ad20-77a539d824dd",
    "color" : "#BB3930",
    "position" : {
      "x" : -1.1024884,
      "y" : -7.141567,
      "z" : -9.980368
    },
    "orientation" : 29
  }, {
    "shape" : "1428b470-2c20-44ae-bb92-62574d8c9005",
    "color" : "#57BC30",
    "position" : {
      "x" : -6.3051176,
      "y" : 4.8441916,
      "z" : 9.412996
    },
    "orientation" : 22
  }, {
    "shape" : "bf1f0d3d-733b-4499-ad20-77a539d824dd",
    "color" : "#BB3930",
    "position" : {
      "x" : -11.985759,
      "y" : 2.1423016,
      "z" : 1.8913866
    },
    "orientation" : 38
  }, {
    "shape" : "4b582325-53c2-47a6-ae5c-12457eab8c67",
    "color" : "#FFFFFF",
    "position" : {
      "x" : 2.1423016,
      "y" : -1.8913866,
      "z" : 11.985759
    }
  }, {
    "shape" : "4b582325-53c2-47a6-ae5c-12457eab8c67",
    "color" : "#FFFFFF",
    "position" : {
      "x" : -9.412996,
      "y" : 6.3051176,
      "z" : 4.8441916
    }
  }, {
    "shape" : "bf1f0d3d-733b-4499-ad20-77a539d824dd",
    "color" : "#BB3930",
    "position" : {
      "x" : 4.8441916,
      "y" : 9.412996,
      "z" : -6.3051176
    },
    "orientation" : 20
  }, {
    "shape" : "1428b470-2c20-44ae-bb92-62574d8c9005",
    "color" : "#57BC30",
    "position" : {
      "x" : -9.980368,
      "y" : -1.1024884,
      "z" : -7.141567
    },
    "orientation" : 9
  }, {
    "shape" : "bf1f0d3d-733b-4499-ad20-77a539d824dd",
    "color" : "#BB3930",
    "position" : {
      "x" : -2.1423016,
      "y" : -1.8913866,
      "z" : -11.985759
    },
    "orientation" : 22
  }, {
    "shape" : "4b582325-53c2-47a6-ae5c-12457eab8c67",
    "color" : "#FFFFFF",
    "position" : {
      "x" : 11.985759,
      "y" : 2.1423016,
      "z" : -1.8913866
    }
  }, {
    "shape" : "4b582325-53c2-47a6-ae5c-12457eab8c67",
    "color" : "#FFFFFF",
    "position" : {
      "x" : 3.6752503,
      "y" : 11.304383,
      "z" : 3.24479
    }
  }, {
    "shape" : "1428b470-2c20-44ae-bb92-62574d8c9005",
    "color" : "#57BC30",
    "position" : {
      "x" : 9.412996,
      "y" : -6.3051176,
      "z" : 4.8441916
    },
    "orientation" : 53
  }, {
    "shape" : "1428b470-2c20-44ae-bb92-62574d8c9005",
    "color" : "#57BC30",
    "position" : {
      "x" : -1.1024884,
      "y" : 7.141567,
      "z" : 9.980368
    },
    "orientation" : 26
  }, {
    "shape" : "80552350-9ec8-438c-a901-5d28f4ab4544",
    "color" : "#FFFFFF",
    "position" : {
      "x" : 9.980368,
      "y" : 1.1024884,
      "z" : -7.141567
    },
    "orientation" : 37
  }, {
    "shape" : "80552350-9ec8-438c-a901-5d28f4ab4544",
    "color" : "#FFFFFF",
    "position" : {
      "x" : 4.162816,
      "y" : 8.310509,
      "z" : 8.088982
    },
    "orientation" : 26
  }, {
    "shape" : "1428b470-2c20-44ae-bb92-62574d8c9005",
    "color" : "#57BC30",
    "position" : {
      "x" : -3.6752503,
      "y" : -11.304383,
      "z" : 3.24479
    },
    "orientation" : 3
  }, {
    "shape" : "80552350-9ec8-438c-a901-5d28f4ab4544",
    "color" : "#FFFFFF",
    "position" : {
      "x" : 3.6752503,
      "y" : -11.304383,
      "z" : -3.24479
    },
    "orientation" : 32
  }, {
    "shape" : "bf1f0d3d-733b-4499-ad20-77a539d824dd",
    "color" : "#BB3930",
    "position" : {
      "x" : -9.980368,
      "y" : 1.1024884,
      "z" : 7.141567
    },
    "orientation" : 42
  }, {
    "shape" : "4b582325-53c2-47a6-ae5c-12457eab8c67",
    "color" : "#FFFFFF",
    "position" : {
      "x" : -4.8441916,
      "y" : -9.412996,
      "z" : 6.3051176
    }
  }, {
    "shape" : "1428b470-2c20-44ae-bb92-62574d8c9005",
    "color" : "#57BC30",
    "position" : {
      "x" : -8.088982,
      "y" : 4.162816,
      "z" : -8.310509
    },
    "orientation" : 15
  }, {
    "shape" : "80552350-9ec8-438c-a901-5d28f4ab4544",
    "color" : "#FFFFFF",
    "position" : {
      "x" : -9.412996,
      "y" : 6.3051176,
      "z" : 4.8441916
    },
    "orientation" : 12
  }, {
    "shape" : "4b582325-53c2-47a6-ae5c-12457eab8c67",
    "color" : "#FFFFFF",
    "position" : {
      "x" : -1.1024884,
      "y" : -7.141567,
      "z" : -9.980368
    }
  }, {
    "shape" : "bf1f0d3d-733b-4499-ad20-77a539d824dd",
    "color" : "#BB3930",
    "position" : {
      "x" : 1.8913866,
      "y" : 11.985759,
      "z" : -2.1423016
    },
    "orientation" : 6
  }, {
    "shape" : "bf1f0d3d-733b-4499-ad20-77a539d824dd",
    "color" : "#BB3930",
    "position" : {
      "x" : -3.24479,
      "y" : 3.6752503,
      "z" : -11.304383
    },
    "orientation" : 17
  }, {
    "shape" : "bf1f0d3d-733b-4499-ad20-77a539d824dd",
    "color" : "#BB3930",
    "position" : {
      "x" : -6.3051176,
      "y" : 4.8441916,
      "z" : 9.412996
    },
    "orientation" : 48
  }, {
    "shape" : "1428b470-2c20-44ae-bb92-62574d8c9005",
    "color" : "#57BC30",
    "position" : {
      "x" : 4.8441916,
      "y" : -9.412996,
      "z" : 6.3051176
    },
    "orientation" : 51
  }, {
    "shape" : "bf1f0d3d-733b-4499-ad20-77a539d824dd",
    "color" : "#BB3930",
    "position" : {
      "x" : 2.1423016,
      "y" : 1.8913866,
      "z" : -11.985759
    },
    "orientation" : 52
  }, {
    "shape" : "4b582325-53c2-47a6-ae5c-12457eab8c67",
    "color" : "#FFFFFF",
    "position" : {
      "x" : 9.412996,
      "y" : 6.3051176,
      "z" : -4.8441916
    }
  }, {
    "shape" : "1428b470-2c20-44ae-bb92-62574d8c9005",
    "color" : "#57BC30",
    "position" : {
      "x" : -7.141567,
      "y" : -9.980368,
      "z" : -1.1024884
    },
    "orientation" : 10
  }, {
    "shape" : "80552350-9ec8-438c-a901-5d28f4ab4544",
    "color" : "#FFFFFF",
    "position" : {
      "x" : -6.3051176,
      "y" : 4.8441916,
      "z" : 9.412996
    },
    "orientation" : 59
  }, {
    "shape" : "80552350-9ec8-438c-a901-5d28f4ab4544",
    "color" : "#FFFFFF",
    "position" : {
      "x" : 11.985759,
      "y" : 2.1423016,
      "z" : -1.8913866
    },
    "orientation" : 50
  }, {
    "shape" : "4b582325-53c2-47a6-ae5c-12457eab8c67",
    "color" : "#FFFFFF",
    "position" : {
      "x" : 1.1024884,
      "y" : -7.141567,
      "z" : 9.980368
    }
  }, {
    "shape" : "1428b470-2c20-44ae-bb92-62574d8c9005",
    "color" : "#57BC30",
    "position" : {
      "x" : -9.412996,
      "y" : -6.3051176,
      "z" : -4.8441916
    },
    "orientation" : 8
  }, {
    "shape" : "4b582325-53c2-47a6-ae5c-12457eab8c67",
    "color" : "#FFFFFF",
    "position" : {
      "x" : 2.1423016,
      "y" : 1.8913866,
      "z" : -11.985759
    }
  }, {
    "shape" : "bf1f0d3d-733b-4499-ad20-77a539d824dd",
    "color" : "#BB3930",
    "position" : {
      "x" : 1.1024884,
      "y" : 7.141567,
      "z" : -9.980368
    },
    "orientation" : 59
  }, {
    "shape" : "1428b470-2c20-44ae-bb92-62574d8c9005",
    "color" : "#57BC30",
    "position" : {
      "x" : 8.310509,
      "y" : 8.088982,
      "z" : 4.162816
    },
    "orientation" : 16
  }, {
    "shape" : "bf1f0d3d-733b-4499-ad20-77a539d824dd",
    "color" : "#BB3930",
    "position" : {
      "x" : 11.985759,
      "y" : 2.1423016,
      "z" : -1.8913866
    },
    "orientation" : 23
  }, {
    "shape" : "4b582325-53c2-47a6-ae5c-12457eab8c67",
    "color" : "#FFFFFF",
    "position" : {
      "x" : 7.141567,
      "y" : 9.980368,
      "z" : -1.1024884
    }
  }, {
    "shape" : "bf1f0d3d-733b-4499-ad20-77a539d824dd",
    "color" : "#BB3930",
    "position" : {
      "x" : -7.141567,
      "y" : 9.980368,
      "z" : 1.1024884
    },
    "orientation" : 58
  }, {
    "shape" : "bf1f0d3d-733b-4499-ad20-77a539d824dd",
    "color" : "#BB3930",
    "position" : {
      "x" : -8.310509,
      "y" : 8.088982,
      "z" : -4.162816
    },
    "orientation" : 56
  }, {
    "shape" : "bf1f0d3d-733b-4499-ad20-77a539d824dd",
    "color" : "#BB3930",
    "position" : {
      "x" : -9.412996,
      "y" : 6.3051176,
      "z" : 4.8441916
    },
    "orientation" : 4
  }, {
    "shape" : "4b582325-53c2-47a6-ae5c-12457eab8c67",
    "color" : "#FFFFFF",
    "position" : {
      "x" : 4.8441916,
      "y" : 9.412996,
      "z" : -6.3051176
    }
  }, {
    "shape" : "1428b470-2c20-44ae-bb92-62574d8c9005",
    "color" : "#57BC30",
    "position" : {
      "x" : 9.980368,
      "y" : -1.1024884,
      "z" : 7.141567
    },
    "orientation" : 54
  }, {
    "shape" : "bf1f0d3d-733b-4499-ad20-77a539d824dd",
    "color" : "#BB3930",
    "position" : {
      "x" : 9.412996,
      "y" : 6.3051176,
      "z" : -4.8441916
    },
    "orientation" : 49
  }, {
    "shape" : "1428b470-2c20-44ae-bb92-62574d8c9005",
    "color" : "#57BC30",
    "position" : {
      "x" : 3.24479,
      "y" : 3.6752503,
      "z" : 11.304383
    },
    "orientation" : 19
  }, {
    "shape" : "4b582325-53c2-47a6-ae5c-12457eab8c67",
    "color" : "#FFFFFF",
    "position" : {
      "x" : -2.1423016,
      "y" : -1.8913866,
      "z" : -11.985759
    }
  }, {
    "shape" : "4b582325-53c2-47a6-ae5c-12457eab8c67",
    "color" : "#FFFFFF",
    "position" : {
      "x" : -1.1024884,
      "y" : 7.141567,
      "z" : 9.980368
    }
  }, {
    "shape" : "1428b470-2c20-44ae-bb92-62574d8c9005",
    "color" : "#57BC30",
    "position" : {
      "x" : 8.088982,
      "y" : 4.162816,
      "z" : 8.310509
    },
    "orientation" : 30
  }, {
    "shape" : "1428b470-2c20-44ae-bb92-62574d8c9005",
    "color" : "#57BC30",
    "position" : {
      "x" : 1.1024884,
      "y" : 7.141567,
      "z" : -9.980368
    },
    "orientation" : 41
  }, {
    "shape" : "1428b470-2c20-44ae-bb92-62574d8c9005",
    "color" : "#57BC30",
    "position" : {
      "x" : -8.088982,
      "y" : -4.162816,
      "z" : 8.310509
    },
    "orientation" : 0
  }, {
    "shape" : "1428b470-2c20-44ae-bb92-62574d8c9005",
    "color" : "#57BC30",
    "position" : {
      "x" : -3.6752503,
      "y" : 11.304383,
      "z" : -3.24479
    },
    "orientation" : 18
  }, {
    "shape" : "4b582325-53c2-47a6-ae5c-12457eab8c67",
    "color" : "#FFFFFF",
    "position" : {
      "x" : 9.412996,
      "y" : -6.3051176,
      "z" : 4.8441916
    }
  }, {
    "shape" : "1428b470-2c20-44ae-bb92-62574d8c9005",
    "color" : "#57BC30",
    "position" : {
      "x" : -11.304383,
      "y" : 3.24479,
      "z" : -3.6752503
    },
    "orientation" : 5
  }, {
    "shape" : "bf1f0d3d-733b-4499-ad20-77a539d824dd",
    "color" : "#BB3930",
    "position" : {
      "x" : -1.1024884,
      "y" : 7.141567,
      "z" : 9.980368
    },
    "orientation" : 14
  }, {
    "shape" : "bf1f0d3d-733b-4499-ad20-77a539d824dd",
    "color" : "#BB3930",
    "position" : {
      "x" : 1.8913866,
      "y" : -11.985759,
      "z" : 2.1423016
    },
    "orientation" : 21
  }, {
    "shape" : "4b582325-53c2-47a6-ae5c-12457eab8c67",
    "color" : "#FFFFFF",
    "position" : {
      "x" : -6.3051176,
      "y" : -4.8441916,
      "z" : -9.412996
    }
  }, {
    "shape" : "4b582325-53c2-47a6-ae5c-12457eab8c67",
    "color" : "#FFFFFF",
    "position" : {
      "x" : -7.141567,
      "y" : 9.980368,
      "z" : 1.1024884
    }
  }, {
    "shape" : "1428b470-2c20-44ae-bb92-62574d8c9005",
    "color" : "#57BC30",
    "position" : {
      "x" : 3.24479,
      "y" : -3.6752503,
      "z" : -11.304383
    },
    "orientation" : 4
  }, {
    "shape" : "1428b470-2c20-44ae-bb92-62574d8c9005",
    "color" : "#57BC30",
    "position" : {
