{
  "field" : "golden",
  "symmetry" : "icosahedral",
  "orientations" : [ [ 1.0, 0.0, 0.0, 0.0, 0.0, 1.0, 0.0, 0.0, 0.0, 0.0, 1.0, 0.0, 0.0, 0.0, 0.0, 1.0 ], [ 0.0, 0.0, 1.0, 0.0, 1.0, 0.0, 0.0, 0.0, 0.0, 1.0, 0.0, 0.0, 0.0, 0.0, 0.0, 1.0 ], [ 0.0, 1.0, 0.0, 0.0, 0.0, 0.0, 1.0, 0.0, 1.0, 0.0, 0.0, 0.0, 0.0, 0.0, 0.0, 1.0 ], [ 0.809017, 0.309017, 0.5, 0.0, 0.309017, 0.5, -0.809017, 0.0, -0.5, 0.809017, 0.309017, 0.0, 0.0, 0.0, 0.0, 1.0 ], [ -0.5, 0.809017, 0.309017, 0.0, 0.809017, 0.309017, 0.5, 0.0, 0.309017, 0.5, -0.809017, 0.0, 0.0, 0.0, 0.0, 1.0 ], [ 0.309017, 0.5, -0.809017, 0.0, -0.5, 0.809017, 0.309017, 0.0, 0.809017, 0.309017, 0.5, 0.0, 0.0, 0.0, 0.0, 1.0 ], [ 0.5, 0.809017, 0.309017, 0.0, 0.809017, -0.309017, -0.5, 0.0, -0.309017, 0.5, -0.809017, 0.0, 0.0, 0.0, 0.0, 1.0 ], [ -0.309017, 0.5, -0.809017, 0.0, 0.5, 0.809017, 0.309017, 0.0, 0.809017, -0.309017, -0.5, 0.0, 0.0, 0.0, 0.0, 1.0 ], [ 0.809017, -0.309017, -0.5, 0.0, -0.309017, 0.5, -0.809017, 0.0, 0.5, 0.809017, 0.309017, 0.0, 0.0, 0.0, 0.0, 1.0 ], [ 0.5, 0.809017, -0.309017, 0.0, 0.809017, -0.309017, 0.5, 0.0, 0.309017, -0.5, -0.809017, 0.0, 0.0, 0.0, 0.0, 1.0 ], [ 0.309017, -0.5, -0.809017, 0.0, 0.5, 0.809017, -0.309017, 0.0, 0.809017, -0.309017, 0.5, 0.0, 0.0, 0.0, 0.0, 1.0 ], [ 0.809017, -0.309017, 0.5, 0.0, 0.309017, -0.5, -0.809017, 0.0, 0.5, 0.809017, -0.309017, 0.0, 0.0, 0.0, 0.0, 1.0 ], [ 0.809017, 0.309017, -0.5, 0.0, 0.309017, 0.5, 0.809017, 0.0, 0.5, -0.809017, 0.309017, 0.0, 0.0, 0.0, 0.0, 1.0 ], [ 0.5, -0.809017, 0.309017, 0.0, 0.809017, 0.309017, -0.5, 0.0, 0.309017, 0.5, 0.809017, 0.0, 0.0, 0.0, 0.0, 1.0 ], [ 0.309017, 0.5, 0.809017, 0.0, 0.5, -0.809017, 0.309017, 0.0, 0.809017, 0.309017, -0.5, 0.0, 0.0, 0.0, 0.0, 1.0 ], [ 1.0, 0.0, 0.0, 0.0, 0.0, -1.0, 0.0, 0.0, 0.0, 0.0, -1.0, 0.0, 0.0, 0.0, 0.0, 1.0 ], [ 0.0, 0.0, 1.0, 0.0, -1.0, 0.0, 0.0, 0.0, 0.0, -1.0, 0.0, 0.0, 0.0, 0.0, 0.0, 1.0 ], [ 0.0, 1.0, 0.0, 0.0, 0.0, 0.0, -1.0, 0.0, -1.0, 0.0, 0.0, 0.0, 0.0, 0.0, 0.0, 1.0 ], [ 0.809017, 0.309017, 0.5, 0.0, -0.309017, -0.5, 0.809017, 0.0, 0.5, -0.809017, -0.309017, 0.0, 0.0, 0.0, 0.0, 1.0 ], [ -0.5, 0.809017, 0.309017, 0.0, -0.809017, -0.309017, -0.5, 0.0, -0.309017, -0.5, 0.809017, 0.0, 0.0, 0.0, 0.0, 1.0 ], [ 0.309017, 0.5, -0.809017, 0.0, 0.5, -0.809017, -0.309017, 0.0, -0.809017, -0.309017, -0.5, 0.0, 0.0, 0.0, 0.0, 1.0 ], [ 0.5, 0.809017, 0.309017, 0.0, -0.809017, 0.309017, 0.5, 0.0, 0.309017, -0.5, 0.809017, 0.0, 0.0, 0.0, 0.0, 1.0 ], [ -0.309017, 0.5, -0.809017, 0.0, -0.5, -0.809017, -0.309017, 0.0, -0.809017, 0.309017, 0.5, 0.0, 0.0, 0.0, 0.0, 1.0 ], [ 0.809017, -0.309017, -0.5, 0.0, 0.309017, -0.5, 0.809017, 0.0, -0.5, -0.809017, -0.309017, 0.0, 0.0, 0.0, 0.0, 1.0 ], [ 0.5, 0.809017, -0.309017, 0.0, -0.809017, 0.309017, -0.5, 0.0, -0.309017, 0.5, 0.809017, 0.0, 0.0, 0.0, 0.0, 1.0 ], [ 0.309017, -0.5, -0.809017, 0.0, -0.5, -0.809017, 0.309017, 0.0, -0.809017, 0.309017, -0.5, 0.0, 0.0, 0.0, 0.0, 1.0 ], [ 0.809017, -0.309017, 0.5, 0.0, -0.309017, 0.5, 0.809017, 0.0, -0.5, -0.809017, 0.309017, 0.0, 0.0, 0.0, 0.0, 1.0 ], [ 0.809017, 0.309017, -0.5, 0.0, -0.309017, -0.5, -0.809017, 0.0, -0.5, 0.809017, -0.309017, 0.0, 0.0, 0.0, 0.0, 1.0 ], [ 0.5, -0.809017, 0.309017, 0.0, -0.809017, -0.309017, 0.5, 0.0, -0.309017, -0.5, -0.809017, 0.0, 0.0, 0.0, 0.0, 1.0 ], [ 0.309017, 0.5, 0.809017, 0.0, -0.5, 0.809017, -0.309017, 0.0, -0.809017, -0.309017, 0.5, 0.0, 0.0, 0.0, 0.0, 1.0 ], [ -1.0, 0.0, 0.0, 0.0, 0.0, -1.0, 0.0, 0.0, 0.0, 0.0, 1.0, 0.0, 0.0, 0.0, 0.0, 1.0 ], [ 0.0, 0.0, -1.0, 0.0, -1.0, 0.0, 0.0, 0.0, 0.0, 1.0, 0.0, 0.0, 0.0, 0.0, 0.0, 1.0 ], [ 0.0, -1.0, 0.0, 0.0, 0.0, 0.0, -1.0, 0.0, 1.0, 0.0, 0.0, 0.0, 0.0, 0.0, 0.0, 1.0 ], [ -0.809017, -0.309017, -0.5, 0.0, -0.309017, -0.5, 0.809017, 0.0, -0.5, 0.809017, 0.309017, 0.0, 0.0, 0.0, 0.0, 1.0 ], [ 0.5, -0.809017, -0.309017, 0.0, -0.809017, -0.309017, -0.5, 0.0, 0.309017, 0.5, -0.809017, 0.0, 0.0, 0.0, 0.0, 1.0 ], [ -0.309017, -0.5, 0.809017, 0.0, 0.5, -0.809017, -0.309017, 0.0, 0.809017, 0.309017, 0.5, 0.0, 0.0, 0.0, 0.0, 1.0 ], [ -0.5, -0.809017, -0.309017, 0.0, -0.809017, 0.309017, 0.5, 0.0, -0.309017, 0.5, -0.809017, 0.0, 0.0, 0.0, 0.0, 1.0 ], [ 0.309017, -0.5, 0.809017, 0.0, -0.5, -0.809017, -0.309017, 0.0, 0.809017, -0.309017, -0.5, 0.0, 0.0, 0.0, 0.0, 1.0 ], [ -0.809017, 0.309017, 0.5, 0.0, 0.309017, -0.5, 0.809017, 0.0, 0.5, 0.809017, 0.309017, 0.0, 0.0, 0.0, 0.0, 1.0 ], [ -0.5, -0.809017, 0.309017, 0.0, -0.809017, 0.309017, -0.5, 0.0, 0.309017, -0.5, -0.809017, 0.0, 0.0, 0.0, 0.0, 1.0 ], [ -0.309017, 0.5, 0.809017, 0.0, -0.5, -0.809017, 0.309017, 0.0, 0.809017, -0.309017, 0.5, 0.0, 0.0, 0.0, 0.0, 1.0 ], [ -0.809017, 0.309017, -0.5, 0.0, -0.309017, 0.5, 0.809017, 0.0, 0.5, 0.809017, -0.309017, 0.0, 0.0, 0.0, 0.0, 1.0 ], [ -0.809017, -0.309017, 0.5, 0.0, -0.309017, -0.5, -0.809017, 0.0, 0.5, -0.809017, 0.309017, 0.0, 0.0, 0.0, 0.0, 1.0 ], [ -0.5, 0.809017, -0.309017, 0.0, -0.809017, -0.309017, 0.5, 0.0, 0.309017, 0.5, 0.809017, 0.0, 0.0, 0.0, 0.0, 1.0 ], [ -0.309017, -0.5, -0.809017, 0.0, -0.5, 0.809017, -0.309017, 0.0, 0.809017, 0.309017, -0.5, 0.0, 0.0, 0.0, 0.0, 1.0 ], [ -1.0, 0.0, 0.0, 0.0, 0.0, 1.0, 0.0, 0.0, 0.0, 0.0, -1.0, 0.0, 0.0, 0.0, 0.0, 1.0 ], [ 0.0, 0.0, -1.0, 0.0, 1.0, 0.0, 0.0, 0.0, 0.0, -1.0, 0.0, 0.0, 0.0, 0.0, 0.0, 1.0 ], [ 0.0, -1.0, 0.0, 0.0, 0.0, 0.0, 1.0, 0.0, -1.0, 0.0, 0.0, 0.0, 0.0, 0.0, 0.0, 1.0 ], [ -0.809017, -0.309017, -0.5, 0.0, 0.309017, 0.5, -0.809017, 0.0, 0.5, -0.809017, -0.309017, 0.0, 0.0, 0.0, 0.0, 1.0 ], [ 0.5, -0.809017, -0.309017, 0.0, 0.809017, 0.309017, 0.5, 0.0, -0.309017, -0.5, 0.809017, 0.0, 0.0, 0.0, 0.0, 1.0 ], [ -0.309017, -0.5, 0.809017, 0.0, -0.5, 0.809017, 0.309017, 0.0, -0.809017, -0.309017, -0.5, 0.0, 0.0, 0.0, 0.0, 1.0 ], [ -0.5, -0.809017, -0.309017, 0.0, 0.809017, -0.309017, -0.5, 0.0, 0.309017, -0.5, 0.809017, 0.0, 0.0, 0.0, 0.0, 1.0 ], [ 0.309017, -0.5, 0.809017, 0.0, 0.5, 0.809017, 0.309017, 0.0, -0.809017, 0.309017, 0.5, 0.0, 0.0, 0.0, 0.0, 1.0 ], [ -0.809017, 0.309017, 0.5, 0.0, -0.309017, 0.5, -0.809017, 0.0, -0.5, -0.809017, -0.309017, 0.0, 0.0, 0.0, 0.0, 1.0 ], [ -0.5, -0.809017, 0.309017, 0.0, 0.809017, -0.309017, 0.5, 0.0, -0.309017, 0.5, 0.809017, 0.0, 0.0, 0.0, 0.0, 1.0 ], [ -0.309017, 0.5, 0.809017, 0.0, 0.5, 0.809017, -0.309017, 0.0, -0.809017, 0.309017, -0.5, 0.0, 0.0, 0.0, 0.0, 1.0 ], [ -0.809017, 0.309017, -0.5, 0.0, 0.309017, -0.5, -0.809017, 0.0, -0.5, -0.809017, 0.309017, 0.0, 0.0, 0.0, 0.0, 1.0 ], [ -0.809017, -0.309017, 0.5, 0.0, 0.309017, 0.5, 0.809017, 0.0, -0.5, 0.809017, -0.309017, 0.0, 0.0, 0.0, 0.0, 1.0 ], [ -0.5, 0.809017, -0.309017, 0.0, 0.809017, 0.309017, -0.5, 0.0, -0.309017, -0.5, -0.809017, 0.0, 0.0, 0.0, 0.0, 1.0 ], [ -0.309017, -0.5, -0.809017, 0.0, 0.5, -0.809017, 0.309017, 0.0, -0.809017, -0.309017, 0.5, 0.0, 0.0, 0.0, 0.0, 1.0 ] ],
  "lights" : {
    "backgroundColor" : "#E5E5FF",
    "ambientColor" : "#292929",
    "directionalLights" : [ {
      "direction" : {
        "x" : 1.0,
        "y" : -1.0,
        "z" : -1.0
      },
      "color" : "#EBEBE4"
    }, {
      "direction" : {
        "x" : -1.0,
        "y" : 0.0,
        "z" : 0.0
      },
      "color" : "#E4E4EB"
    }, {
      "direction" : {
        "x" : 0.0,
        "y" : 0.0,
        "z" : -1.0
      },
      "color" : "#1E1E1E"
    } ]
  },
  "camera" : {
    "width" : 56.28182,
    "stereo" : false,
    "lookDirection" : {
      "x" : -0.6106179,
      "y" : 0.7405878,
      "z" : -0.28048763
    },
    "upDirection" : {
      "x" : -0.013731935,
      "y" : 0.3442298,
      "z" : 0.93878573
    },
    "lookAtPoint" : {
      "x" : 0.0,
      "y" : 0.0,
      "z" : 0.0
    },
    "viewDistance" : 125.07073,
    "nearClipDistance" : 0.31267697,
    "farClipDistance" : 250.14114,
    "fieldOfView" : 0.4426288,
    "perspective" : false,
    "position" : {
      "x" : 76.37042,
      "y" : -92.625854,
      "z" : 35.08079
    }
  },
  "embedding" : [ 1.0, 0.0, 0.0, 0.0, 0.0, 1.0, 0.0, 0.0, 0.0, 0.0, 1.0, 0.0, 0.0, 0.0, 0.0, 1.0 ],
  "shapes" : [ {
    "id" : "0ac0f636-ca73-4c2f-910e-ee058fb8edb6",
    "vertices" : [ {
      "x" : 10.781153,
      "y" : 4.118034,
      "z" : -1.572949
    }, {
      "x" : 10.399187,
      "y" : 3.663119,
      "z" : -1.381966
    }, {
      "x" : 10.236068,
      "y" : 3.927051,
      "z" : -1.809017
    }, {
      "x" : 10.163119,
      "y" : 4.190983,
      "z" : -1.618034
    }, {
      "x" : 0.85410196,
      "y" : 0.309017,
      "z" : 0.19098301
    }, {
      "x" : 0.690983,
      "y" : 0.572949,
      "z" : -0.23606798
    }, {
      "x" : 0.309017,
      "y" : 0.11803399,
      "z" : -0.045084972
    }, {
      "x" : 0.76393205,
      "y" : 0.309017,
      "z" : -0.42705098
    }, {
      "x" : 0.927051,
      "y" : 0.045084972,
      "z" : 0.0
    }, {
      "x" : 10.326238,
      "y" : 3.927051,
      "z" : -1.190983
    }, {
      "x" : 11.09017,
      "y" : 4.236068,
      "z" : -1.618034
    } ],
    "faces" : [ {
      "vertices" : [ 2, 7, 5 ]
    }, {
      "vertices" : [ 2, 5, 3 ]
    }, {
      "vertices" : [ 1, 8, 7 ]
    }, {
      "vertices" : [ 1, 7, 2 ]
    }, {
      "vertices" : [ 4, 6, 8 ]
    }, {
      "vertices" : [ 5, 7, 6 ]
    }, {
      "vertices" : [ 0, 1, 2 ]
    }, {
      "vertices" : [ 0, 2, 3 ]
    }, {
      "vertices" : [ 6, 7, 8 ]
    }, {
      "vertices" : [ 3, 5, 4 ]
    }, {
      "vertices" : [ 3, 4, 9 ]
    }, {
      "vertices" : [ 1, 9, 4 ]
    }, {
      "vertices" : [ 1, 4, 8 ]
    }, {
      "vertices" : [ 0, 9, 1 ]
    }, {
      "vertices" : [ 0, 3, 9 ]
    }, {
      "vertices" : [ 4, 5, 6 ]
    } ]
  }, {
    "id" : "27def93a-e051-42a2-96a4-b2bbf3723f83",
    "vertices" : [ {
      "x" : 2.2129288,
      "y" : 7.188106,
      "z" : 2.2390432
    }, {
      "x" : 2.312929,
      "y" : 7.288106,
      "z" : 1.8390433
    }, {
      "x" : 0.40510514,
      "y" : 0.53867394,
      "z" : 0.04565741
    }, {
      "x" : 0.30510515,
      "y" : 0.43867394,
      "z" : 0.4456574
    }, {
      "x" : 2.6129289,
      "y" : 7.054773,
      "z" : 1.9723766
    }, {
      "x" : 2.512929,
      "y" : 6.9547725,
      "z" : 2.3723767
    }, {
      "x" : 0.005105143,
      "y" : 0.67200726,
      "z" : 0.31232408
    }, {
      "x" : 0.10510514,
      "y" : 0.7720073,
      "z" : -0.08767592
    } ],
    "faces" : [ {
      "vertices" : [ 2, 3, 6 ]
    }, {
      "vertices" : [ 2, 6, 7 ]
    }, {
      "vertices" : [ 0, 5, 4 ]
    }, {
      "vertices" : [ 0, 4, 1 ]
    }, {
      "vertices" : [ 2, 4, 5 ]
    }, {
      "vertices" : [ 2, 5, 3 ]
    }, {
      "vertices" : [ 0, 6, 3 ]
    }, {
      "vertices" : [ 0, 3, 5 ]
    }, {
      "vertices" : [ 0, 1, 7 ]
    }, {
      "vertices" : [ 0, 7, 6 ]
    }, {
      "vertices" : [ 1, 4, 2 ]
    }, {
      "vertices" : [ 1, 2, 7 ]
    } ]
  }, {
    "id" : "577aec5a-6ee0-4a5e-afe2-3f906231ce27",
    "vertices" : [ {
      "x" : 1.0,
      "y" : 0.309017,
      "z" : 0.19098301
    }, {
      "x" : 1.0,
      "y" : -0.309017,
      "z" : 0.19098301
    }, {
      "x" : 7.472136,
      "y" : -0.309017,
      "z" : 0.19098301
    }, {
      "x" : 7.472136,
      "y" : 0.309017,
      "z" : 0.19098301
    }, {
      "x" : 7.472136,
      "y" : -0.309017,
      "z" : -0.19098301
    }, {
      "x" : 7.472136,
      "y" : 0.309017,
      "z" : -0.19098301
    }, {
      "x" : 8.09017,
      "y" : 0.0,
      "z" : 0.0
    }, {
      "x" : 0.38196602,
      "y" : 0.0,
      "z" : 0.0
    }, {
      "x" : 1.0,
      "y" : 0.309017,
      "z" : -0.19098301
    }, {
      "x" : 1.0,
      "y" : -0.309017,
      "z" : -0.19098301
    }, {
      "x" : 8.472136,
      "y" : 0.0,
      "z" : 0.0
    } ],
    "faces" : [ {
      "vertices" : [ 1, 9, 4 ]
    }, {
      "vertices" : [ 1, 4, 2 ]
    }, {
      "vertices" : [ 0, 3, 5 ]
    }, {
      "vertices" : [ 0, 5, 8 ]
    }, {
      "vertices" : [ 1, 7, 9 ]
    }, {
      "vertices" : [ 0, 1, 2 ]
    }, {
      "vertices" : [ 0, 2, 3 ]
    }, {
      "vertices" : [ 7, 8, 9 ]
    }, {
      "vertices" : [ 0, 7, 1 ]
    }, {
      "vertices" : [ 4, 9, 8 ]
    }, {
      "vertices" : [ 4, 8, 5 ]
    }, {
      "vertices" : [ 2, 6, 3 ]
    }, {
      "vertices" : [ 2, 4, 6 ]
    }, {
      "vertices" : [ 3, 6, 5 ]
    }, {
      "vertices" : [ 4, 5, 6 ]
    }, {
      "vertices" : [ 0, 8, 7 ]
    } ]
  }, {
    "id" : "1dad70d8-4e69-4410-863d-240341b5b897",
    "vertices" : [ {
      "x" : 0.309017,
      "y" : -0.309017,
      "z" : -0.309017
    }, {
      "x" : 0.5,
      "y" : 0.0,
      "z" : -0.19098301
    }, {
      "x" : 0.5,
      "y" : 0.0,
      "z" : 0.19098301
    }, {
      "x" : 0.309017,
      "y" : -0.309017,
      "z" : 0.309017
    }, {
      "x" : 0.19098301,
      "y" : -0.5,
      "z" : 0.0
    }, {
      "x" : 0.0,
      "y" : 0.19098301,
      "z" : 0.5
    }, {
      "x" : 0.0,
      "y" : -0.19098301,
      "z" : 0.5
    }, {
      "x" : 0.309017,
      "y" : 0.309017,
      "z" : 0.309017
    }, {
      "x" : -0.309017,
      "y" : -0.309017,
      "z" : 0.309017
    }, {
      "x" : -0.309017,
      "y" : 0.309017,
      "z" : 0.309017
    }, {
      "x" : -0.5,
      "y" : 0.0,
      "z" : 0.19098301
    }, {
      "x" : 0.0,
      "y" : -0.19098301,
      "z" : -0.5
    }, {
      "x" : 0.0,
      "y" : 0.19098301,
      "z" : -0.5
    }, {
      "x" : 0.309017,
      "y" : 0.309017,
      "z" : -0.309017
    }, {
      "x" : -0.309017,
      "y" : -0.309017,
      "z" : -0.309017
    }, {
      "x" : -0.19098301,
      "y" : -0.5,
      "z" : 0.0
    }, {
      "x" : -0.5,
      "y" : 0.0,
      "z" : -0.19098301
    }, {
      "x" : 0.19098301,
      "y" : 0.5,
      "z" : 0.0
    }, {
      "x" : -0.309017,
      "y" : 0.309017,
      "z" : -0.309017
    }, {
      "x" : 0.0,
      "y" : 0.0,
      "z" : 0.0
    }, {
      "x" : -0.19098301,
      "y" : 0.5,
      "z" : 0.0
    } ],
    "faces" : [ {
      "vertices" : [ 12, 18, 20 ]
    }, {
      "vertices" : [ 12, 20, 17 ]
    }, {
      "vertices" : [ 12, 17, 13 ]
    }, {
      "vertices" : [ 3, 6, 8 ]
    }, {
      "vertices" : [ 3, 8, 15 ]
    }, {
      "vertices" : [ 3, 15, 4 ]
    }, {
      "vertices" : [ 0, 11, 12 ]
    }, {
      "vertices" : [ 0, 12, 13 ]
    }, {
      "vertices" : [ 0, 13, 1 ]
    }, {
      "vertices" : [ 5, 9, 10 ]
    }, {
      "vertices" : [ 5, 10, 8 ]
    }, {
      "vertices" : [ 5, 8, 6 ]
    }, {
      "vertices" : [ 2, 7, 5 ]
    }, {
      "vertices" : [ 2, 5, 6 ]
    }, {
      "vertices" : [ 2, 6, 3 ]
    }, {
      "vertices" : [ 11, 14, 16 ]
    }, {
      "vertices" : [ 11, 16, 18 ]
    }, {
      "vertices" : [ 11, 18, 12 ]
    }, {
      "vertices" : [ 1, 13, 17 ]
    }, {
      "vertices" : [ 1, 17, 7 ]
    }, {
      "vertices" : [ 1, 7, 2 ]
    }, {
      "vertices" : [ 9, 20, 18 ]
    }, {
      "vertices" : [ 9, 18, 16 ]
    }, {
      "vertices" : [ 9, 16, 10 ]
    }, {
      "vertices" : [ 0, 1, 2 ]
    }, {
      "vertices" : [ 0, 2, 3 ]
    }, {
      "vertices" : [ 0, 3, 4 ]
    }, {
      "vertices" : [ 5, 7, 17 ]
    }, {
      "vertices" : [ 5, 17, 20 ]
    }, {
      "vertices" : [ 5, 20, 9 ]
    }, {
      "vertices" : [ 0, 4, 15 ]
    }, {
      "vertices" : [ 0, 15, 14 ]
    }, {
      "vertices" : [ 0, 14, 11 ]
    }, {
      "vertices" : [ 8, 10, 16 ]
    }, {
      "vertices" : [ 8, 16, 14 ]
    }, {
      "vertices" : [ 8, 14, 15 ]
    } ]
  }, {
    "id" : "c3bf66cd-fe72-426b-9e14-0df1a404ff78",
    "vertices" : [ {
      "x" : 6.3801556,
      "y" : 3.8586655,
      "z" : 8.491727
    }, {
      "x" : 6.2801557,
      "y" : 4.2586656,
      "z" : 8.3917265
    }, {
      "x" : 0.4739463,
      "y" : 0.5047246,
      "z" : 0.31374237
    }, {
      "x" : 0.5739463,
      "y" : 0.10472462,
      "z" : 0.41374236
    }, {
      "x" : 6.580156,
      "y" : 4.391999,
      "z" : 8.158394
    }, {
      "x" : 6.6801558,
      "y" : 3.9919987,
      "z" : 8.258393
    }, {
      "x" : 0.2739463,
      "y" : -0.028608711,
      "z" : 0.6470757
    }, {
      "x" : 0.17394629,
      "y" : 0.3713913,
      "z" : 0.5470757
    } ],
    "faces" : [ {
      "vertices" : [ 2, 3, 6 ]
    }, {
      "vertices" : [ 2, 6, 7 ]
    }, {
      "vertices" : [ 0, 5, 4 ]
    }, {
      "vertices" : [ 0, 4, 1 ]
    }, {
      "vertices" : [ 2, 4, 5 ]
    }, {
      "vertices" : [ 2, 5, 3 ]
    }, {
      "vertices" : [ 0, 6, 3 ]
    }, {
      "vertices" : [ 0, 3, 5 ]
    }, {
      "vertices" : [ 0, 1, 7 ]
    }, {
      "vertices" : [ 0, 7, 6 ]
    }, {
      "vertices" : [ 1, 4, 2 ]
    }, {
      "vertices" : [ 1, 2, 7 ]
    } ]
  } ],
  "instances" : [ {
    "shape" : "0ac0f636-ca73-4c2f-910e-ee058fb8edb6",
    "color" : "#008D36",
    "position" : {
      "x" : 0.0,
      "y" : 0.0,
      "z" : 0.0
    },
    "orientation" : 2
  }, {
    "shape" : "27def93a-e051-42a2-96a4-b2bbf3723f83",
    "color" : "#FFFFFF",
    "position" : {
      "x" : 0.0,
      "y" : -5.236068,
      "z" : -13.708204
    },
    "orientation" : 43
  }, {
    "shape" : "27def93a-e051-42a2-96a4-b2bbf3723f83",
    "color" : "#FFFFFF",
    "position" : {
      "x" : -11.09017,
      "y" : 5.981424,
      "z" : 2.9513674
    },
    "orientation" : 43
  }, {
    "shape" : "27def93a-e051-42a2-96a4-b2bbf3723f83",
    "color" : "#FFFFFF",
    "position" : {
      "x" : 0.0,
      "y" : -5.236068,
      "z" : -13.708204
    },
    "orientation" : 0
  }, {
    "shape" : "0ac0f636-ca73-4c2f-910e-ee058fb8edb6",
    "color" : "#008D36",
    "position" : {
      "x" : -11.09017,
      "y" : 4.236068,
      "z" : -1.618034
    },
    "orientation" : 15
  }, {
    "shape" : "577aec5a-6ee0-4a5e-afe2-3f906231ce27",
    "color" : "#007695",
    "position" : {
      "x" : 0.0,
      "y" : 5.236068,
      "z" : 13.708204
    },
    "orientation" : 52
  }, {
    "shape" : "0ac0f636-ca73-4c2f-910e-ee058fb8edb6",
    "color" : "#008D36",
    "position" : {
      "x" : 0.0,
      "y" : 0.0,
      "z" : 0.0
    },
    "orientation" : 58
  }, {
    "shape" : "1dad70d8-4e69-4410-863d-240341b5b897",
    "color" : "#FFFFFF",
    "position" : {
      "x" : 1.618034,
      "y" : -12.8355255,
      "z" : -0.33333334
    }
  }, {
    "shape" : "577aec5a-6ee0-4a5e-afe2-3f906231ce27",
    "color" : "#007695",
    "position" : {
      "x" : 4.236068,
      "y" : -8.599458,
      "z" : -7.187435
    },
    "orientation" : 11
  }, {
    "shape" : "0ac0f636-ca73-4c2f-910e-ee058fb8edb6",
    "color" : "#008D36",
    "position" : {
      "x" : 0.0,
      "y" : 0.0,
      "z" : 0.0
    },
    "orientation" : 39
  }, {
    "shape" : "27def93a-e051-42a2-96a4-b2bbf3723f83",
    "color" : "#FFFFFF",
    "position" : {
      "x" : -13.708204,
      "y" : -1.745356,
      "z" : 0.6666667
    },
    "orientation" : 0
  }, {
    "shape" : "0ac0f636-ca73-4c2f-910e-ee058fb8edb6",
    "color" : "#008D36",
    "position" : {
      "x" : 0.0,
      "y" : 0.0,
      "z" : 0.0
    },
    "orientation" : 35
  }, {
    "shape" : "1dad70d8-4e69-4410-863d-240341b5b897",
    "color" : "#FFFFFF",
    "position" : {
      "x" : -6.854102,
      "y" : 2.618034,
      "z" : 9.472136
    }
  }, {
    "shape" : "27def93a-e051-42a2-96a4-b2bbf3723f83",
    "color" : "#FFFFFF",
    "position" : {
      "x" : -4.236068,
      "y" : 8.599458,
      "z" : 7.187435
    },
    "orientation" : 43
  }, {
    "shape" : "27def93a-e051-42a2-96a4-b2bbf3723f83",
    "color" : "#FFFFFF",
    "position" : {
      "x" : 0.0,
      "y" : -5.236068,
      "z" : -13.708204
    },
    "orientation" : 54
  }, {
    "shape" : "0ac0f636-ca73-4c2f-910e-ee058fb8edb6",
    "color" : "#008D36",
    "position" : {
      "x" : 0.0,
      "y" : 0.0,
      "z" : 0.0
    },
    "orientation" : 15
  }, {
    "shape" : "c3bf66cd-fe72-426b-9e14-0df1a404ff78",
    "color" : "#FFFFFF",
    "position" : {
      "x" : 0.0,
      "y" : 0.0,
      "z" : 0.0
    },
    "orientation" : 43
  }, {
    "shape" : "577aec5a-6ee0-4a5e-afe2-3f906231ce27",
    "color" : "#007695",
    "position" : {
      "x" : -4.236068,
      "y" : 1.618034,
      "z" : -11.09017
    },
    "orientation" : 24
  }, {
    "shape" : "577aec5a-6ee0-4a5e-afe2-3f906231ce27",
    "color" : "#007695",
    "position" : {
      "x" : -13.708204,
      "y" : -1.745356,
      "z" : 0.6666667
    },
    "orientation" : 24
  }, {
    "shape" : "1dad70d8-4e69-4410-863d-240341b5b897",
    "color" : "#FFFFFF",
    "position" : {
      "x" : 4.236068,
      "y" : -8.599458,
      "z" : -7.187435
    }
  }, {
    "shape" : "577aec5a-6ee0-4a5e-afe2-3f906231ce27",
    "color" : "#007695",
    "position" : {
      "x" : 9.472136,
      "y" : 5.108746,
      "z" : -7.187435
    },
    "orientation" : 53
  }, {
    "shape" : "577aec5a-6ee0-4a5e-afe2-3f906231ce27",
    "color" : "#007695",
    "position" : {
      "x" : -5.236068,
      "y" : -11.962848,
      "z" : 4.5694013
    },
    "orientation" : 11
  }, {
    "shape" : "27def93a-e051-42a2-96a4-b2bbf3723f83",
    "color" : "#FFFFFF",
    "position" : {
      "x" : 11.09017,
      "y" : -5.981424,
      "z" : -2.9513674
    },
    "orientation" : 0
  }, {
    "shape" : "1dad70d8-4e69-4410-863d-240341b5b897",
    "color" : "#FFFFFF",
    "position" : {
      "x" : -4.236068,
      "y" : 1.618034,
      "z" : -11.09017
    }
  }, {
    "shape" : "27def93a-e051-42a2-96a4-b2bbf3723f83",
    "color" : "#FFFFFF",
    "position" : {
      "x" : 1.618034,
      "y" : -12.8355255,
      "z" : -0.33333334
    },
    "orientation" : 54
  }, {
    "shape" : "577aec5a-6ee0-4a5e-afe2-3f906231ce27",
    "color" : "#007695",
    "position" : {
      "x" : 1.618034,
      "y" : -12.8355255,
      "z" : -0.33333334
    },
    "orientation" : 11
  }, {
    "shape" : "27def93a-e051-42a2-96a4-b2bbf3723f83",
    "color" : "#FFFFFF",
    "position" : {
      "x" : -2.618034,
      "y" : -9.472136,
      "z" : -6.854102
    },
    "orientation" : 43
  }, {
    "shape" : "577aec5a-6ee0-4a5e-afe2-3f906231ce27",
    "color" : "#007695",
    "position" : {
      "x" : -9.472136,
      "y" : -5.108746,
      "z" : 7.187435
    },
    "orientation" : 11
  }, {
    "shape" : "577aec5a-6ee0-4a5e-afe2-3f906231ce27",
    "color" : "#007695",
    "position" : {
      "x" : -9.472136,
      "y" : -5.108746,
      "z" : 7.187435
    },
    "orientation" : 24
  }, {
    "shape" : "27def93a-e051-42a2-96a4-b2bbf3723f83",
    "color" : "#FFFFFF",
    "position" : {
      "x" : 5.236068,
      "y" : 11.962848,
      "z" : -4.5694013
    },
    "orientation" : 43
  }, {
    "shape" : "c3bf66cd-fe72-426b-9e14-0df1a404ff78",
    "color" : "#FFFFFF",
    "position" : {
      "x" : 4.236068,
      "y" : -8.599458,
      "z" : -7.187435
    },
    "orientation" : 54
  }, {
    "shape" : "27def93a-e051-42a2-96a4-b2bbf3723f83",
    "color" : "#FFFFFF",
    "position" : {
      "x" : -4.236068,
      "y" : 1.618034,
      "z" : -11.09017
    },
    "orientation" : 0
  }, {
    "shape" : "0ac0f636-ca73-4c2f-910e-ee058fb8edb6",
    "color" : "#008D36",
    "position" : {
      "x" : 0.0,
      "y" : 0.0,
      "z" : 0.0
    },
    "orientation" : 59
  }, {
    "shape" : "577aec5a-6ee0-4a5e-afe2-3f906231ce27",
    "color" : "#007695",
    "position" : {
      "x" : 6.854102,
      "y" : 4.36339,
      "z" : 8.8054695
    },
    "orientation" : 52
  }, {
    "shape" : "27def93a-e051-42a2-96a4-b2bbf3723f83",
    "color" : "#FFFFFF",
    "position" : {
      "x" : -1.618034,
      "y" : 9.344814,
      "z" : -8.8054695
    },
    "orientation" : 54
  }, {
    "shape" : "1dad70d8-4e69-4410-863d-240341b5b897",
    "color" : "#FFFFFF",
    "position" : {
      "x" : 6.854102,
      "y" : -2.618034,
      "z" : -9.472136
    }
  }, {
    "shape" : "c3bf66cd-fe72-426b-9e14-0df1a404ff78",
    "color" : "#FFFFFF",
    "position" : {
      "x" : 2.618034,
      "y" : 2.490712,
      "z" : -11.423503
    },
    "orientation" : 43
  }, {
    "shape" : "1dad70d8-4e69-4410-863d-240341b5b897",
    "color" : "#FFFFFF",
    "position" : {
      "x" : -1.618034,
      "y" : 12.8355255,
      "z" : 0.33333334
    }
  }, {
    "shape" : "0ac0f636-ca73-4c2f-910e-ee058fb8edb6",
    "color" : "#008D36",
    "position" : {
      "x" : 0.0,
      "y" : 0.0,
      "z" : 0.0
    },
    "orientation" : 10
  }, {
    "shape" : "1dad70d8-4e69-4410-863d-240341b5b897",
    "color" : "#FFFFFF",
    "position" : {
      "x" : -6.854102,
      "y" : -4.36339,
      "z" : -8.8054695
    }
  }, {
    "shape" : "27def93a-e051-42a2-96a4-b2bbf3723f83",
    "color" : "#FFFFFF",
    "position" : {
      "x" : -2.618034,
      "y" : -2.490712,
      "z" : 11.423503
    },
    "orientation" : 0
  }, {
    "shape" : "27def93a-e051-42a2-96a4-b2bbf3723f83",
    "color" : "#FFFFFF",
    "position" : {
      "x" : 9.472136,
      "y" : 8.599458,
      "z" : 1.9513674
    },
    "orientation" : 54
  }, {
    "shape" : "1dad70d8-4e69-4410-863d-240341b5b897",
    "color" : "#FFFFFF",
    "position" : {
      "x" : -9.472136,
      "y" : -6.854102,
      "z" : 2.618034
    }
  }, {
    "shape" : "1dad70d8-4e69-4410-863d-240341b5b897",
    "color" : "#FFFFFF",
    "position" : {
      "x" : 0.0,
      "y" : 5.236068,
      "z" : 13.708204
    }
  }, {
    "shape" : "27def93a-e051-42a2-96a4-b2bbf3723f83",
    "color" : "#FFFFFF",
    "position" : {
      "x" : -9.472136,
      "y" : -8.599458,
      "z" : -1.9513674
    },
    "orientation" : 43
  }, {
    "shape" : "577aec5a-6ee0-4a5e-afe2-3f906231ce27",
    "color" : "#007695",
    "position" : {
      "x" : -8.472136,
      "y" : 10.217492,
      "z" : -3.9027348
    },
    "orientation" : 40
  }, {
    "shape" : "577aec5a-6ee0-4a5e-afe2-3f906231ce27",
    "color" : "#007695",
    "position" : {
      "x" : 11.09017,
      "y" : -2.490712,
      "z" : 6.187435
    },
    "orientation" : 52
  }, {
    "shape" : "1dad70d8-4e69-4410-863d-240341b5b897",
    "color" : "#FFFFFF",
    "position" : {
      "x" : -1.618034,
      "y" : 11.09017,
      "z" : -4.236068
    }
  }, {
    "shape" : "1dad70d8-4e69-4410-863d-240341b5b897",
    "color" : "#FFFFFF",
    "position" : {
      "x" : 11.09017,
      "y" : -5.981424,
      "z" : -2.9513674
    }
  }, {
    "shape" : "c3bf66cd-fe72-426b-9e14-0df1a404ff78",
    "color" : "#FFFFFF",
    "position" : {
      "x" : -6.854102,
      "y" : -4.36339,
      "z" : -8.8054695
    },
    "orientation" : 0
  }, {
    "shape" : "1dad70d8-4e69-4410-863d-240341b5b897",
    "color" : "#FFFFFF",
    "position" : {
      "x" : 2.618034,
      "y" : 2.490712,
      "z" : -11.423503
    }
  }, {
    "shape" : "1dad70d8-4e69-4410-863d-240341b5b897",
    "color" : "#FFFFFF",
    "position" : {
      "x" : -11.09017,
      "y" : 2.490712,
      "z" : -6.187435
    }
  }, {
    "shape" : "27def93a-e051-42a2-96a4-b2bbf3723f83",
    "color" : "#FFFFFF",
    "position" : {
      "x" : -2.618034,
      "y" : -9.472136,
      "z" : -6.854102
    },
    "orientation" : 54
  }, {
    "shape" : "577aec5a-6ee0-4a5e-afe2-3f906231ce27",
    "color" : "#007695",
    "position" : {
      "x" : -1.618034,
      "y" : 12.8355255,
      "z" : 0.33333334
    },
    "orientation" : 40
  }, {
    "shape" : "1dad70d8-4e69-4410-863d-240341b5b897",
    "color" : "#FFFFFF",
    "position" : {
      "x" : -9.472136,
      "y" : -5.108746,
      "z" : 7.187435
    }
  }, {
    "shape" : "577aec5a-6ee0-4a5e-afe2-3f906231ce27",
    "color" : "#007695",
    "position" : {
      "x" : 0.0,
      "y" : -5.236068,
      "z" : -13.708204
    },
    "orientation" : 40
  }, {
    "shape" : "0ac0f636-ca73-4c2f-910e-ee058fb8edb6",
    "color" : "#008D36",
    "position" : {
      "x" : 0.0,
      "y" : 0.0,
      "z" : 0.0
    },
    "orientation" : 19
  }, {
    "shape" : "577aec5a-6ee0-4a5e-afe2-3f906231ce27",
    "color" : "#007695",
    "position" : {
      "x" : 1.618034,
      "y" : -12.8355255,
      "z" : -0.33333334
    },
    "orientation" : 52
  }, {
    "shape" : "27def93a-e051-42a2-96a4-b2bbf3723f83",
    "color" : "#FFFFFF",
    "position" : {
      "x" : -13.708204,
      "y" : -1.745356,
      "z" : 0.6666667
    },
    "orientation" : 43
  }, {
    "shape" : "577aec5a-6ee0-4a5e-afe2-3f906231ce27",
    "color" : "#007695",
    "position" : {
      "x" : 11.09017,
      "y" : -2.490712,
      "z" : 6.187435
    },
    "orientation" : 51
  }, {
    "shape" : "1dad70d8-4e69-4410-863d-240341b5b897",
    "color" : "#FFFFFF",
    "position" : {
      "x" : -5.236068,
      "y" : -11.962848,
      "z" : 4.5694013
    }
  }, {
    "shape" : "1dad70d8-4e69-4410-863d-240341b5b897",
    "color" : "#FFFFFF",
    "position" : {
      "x" : 4.236068,
      "y" : -1.618034,
      "z" : 11.09017
    }
  }, {
    "shape" : "27def93a-e051-42a2-96a4-b2bbf3723f83",
    "color" : "#FFFFFF",
    "position" : {
      "x" : 11.09017,
      "y" : -2.490712,
      "z" : 6.187435
    },
    "orientation" : 54
  }, {
    "shape" : "27def93a-e051-42a2-96a4-b2bbf3723f83",
    "color" : "#FFFFFF",
    "position" : {
      "x" : 8.472136,
      "y" : -10.217492,
      "z" : 3.9027348
    },
    "orientation" : 54
  }, {
    "shape" : "577aec5a-6ee0-4a5e-afe2-3f906231ce27",
    "color" : "#007695",
    "position" : {
      "x" : -4.236068,
      "y" : 8.599458,
      "z" : 7.187435
    },
    "orientation" : 53
  }, {
    "shape" : "1dad70d8-4e69-4410-863d-240341b5b897",
    "color" : "#FFFFFF",
    "position" : {
      "x" : -11.09017,
      "y" : 4.236068,
      "z" : -1.618034
    }
  }, {
    "shape" : "1dad70d8-4e69-4410-863d-240341b5b897",
    "color" : "#FFFFFF",
    "position" : {
      "x" : 0.0,
      "y" : -5.236068,
      "z" : -13.708204
    }
  }, {
    "shape" : "577aec5a-6ee0-4a5e-afe2-3f906231ce27",
    "color" : "#007695",
    "position" : {
      "x" : 2.618034,
      "y" : 2.490712,
      "z" : -11.423503
    },
    "orientation" : 51
  }, {
    "shape" : "1dad70d8-4e69-4410-863d-240341b5b897",
    "color" : "#FFFFFF",
    "position" : {
      "x" : 11.09017,
      "y" : -4.236068,
      "z" : 1.618034
    }
  }, {
    "shape" : "1dad70d8-4e69-4410-863d-240341b5b897",
    "color" : "#FFFFFF",
    "position" : {
      "x" : 13.708204,
      "y" : 1.745356,
      "z" : -0.6666667
    }
  }, {
    "shape" : "27def93a-e051-42a2-96a4-b2bbf3723f83",
    "color" : "#FFFFFF",
    "position" : {
      "x" : 9.472136,
      "y" : 5.108746,
      "z" : -7.187435
    },
    "orientation" : 43
  }, {
    "shape" : "27def93a-e051-42a2-96a4-b2bbf3723f83",
    "color" : "#FFFFFF",
    "position" : {
      "x" : 6.854102,
      "y" : 4.36339,
      "z" : 8.8054695
    },
    "orientation" : 54
  }, {
    "shape" : "1dad70d8-4e69-4410-863d-240341b5b897",
    "color" : "#FFFFFF",
    "position" : {
      "x" : -4.236068,
      "y" : 8.599458,
      "z" : 7.187435
    }
  }, {
    "shape" : "27def93a-e051-42a2-96a4-b2bbf3723f83",
    "color" : "#FFFFFF",
    "position" : {
      "x" : -4.236068,
      "y" : 1.618034,
      "z" : -11.09017
    },
    "orientation" : 54
  }, {
    "shape" : "1dad70d8-4e69-4410-863d-240341b5b897",
    "color" : "#FFFFFF",
    "position" : {
      "x" : -2.618034,
      "y" : -9.472136,
      "z" : -6.854102
    }
  }, {
    "shape" : "1dad70d8-4e69-4410-863d-240341b5b897",
    "color" : "#FFFFFF",
    "position" : {
      "x" : -13.708204,
      "y" : -1.745356,
      "z" : 0.6666667
    }
  }, {
    "shape" : "0ac0f636-ca73-4c2f-910e-ee058fb8edb6",
    "color" : "#008D36",
    "position" : {
      "x" : 0.0,
      "y" : 0.0,
      "z" : 0.0
    },
    "orientation" : 26
  }, {
    "shape" : "1dad70d8-4e69-4410-863d-240341b5b897",
    "color" : "#FFFFFF",
    "position" : {
      "x" : 8.472136,
      "y" : -10.217492,
      "z" : 3.9027348
    }
  }, {
    "shape" : "577aec5a-6ee0-4a5e-afe2-3f906231ce27",
    "color" : "#007695",
    "position" : {
      "x" : 13.708204,
      "y" : 1.745356,
      "z" : -0.6666667
    },
    "orientation" : 51
  }, {
    "shape" : "577aec5a-6ee0-4a5e-afe2-3f906231ce27",
    "color" : "#007695",
    "position" : {
      "x" : -6.854102,
      "y" : -4.36339,
      "z" : -8.8054695
    },
    "orientation" : 40
  }, {
    "shape" : "577aec5a-6ee0-4a5e-afe2-3f906231ce27",
    "color" : "#007695",
    "position" : {
      "x" : -1.618034,
      "y" : 12.8355255,
      "z" : 0.33333334
    },
    "orientation" : 53
  }, {
    "shape" : "577aec5a-6ee0-4a5e-afe2-3f906231ce27",
    "color" : "#007695",
    "position" : {
      "x" : 5.236068,
      "y" : 11.962848,
      "z" : -4.5694013
    },
    "orientation" : 53
  }, {
    "shape" : "577aec5a-6ee0-4a5e-afe2-3f906231ce27",
    "color" : "#007695",
    "position" : {
      "x" : -11.09017,
      "y" : 2.490712,
      "z" : -6.187435
    },
    "orientation" : 24
  }, {
    "shape" : "27def93a-e051-42a2-96a4-b2bbf3723f83",
    "color" : "#FFFFFF",
    "position" : {
      "x" : -9.472136,
      "y" : -5.108746,
      "z" : 7.187435
    },
    "orientation" : 0
  }, {
    "shape" : "0ac0f636-ca73-4c2f-910e-ee058fb8edb6",
    "color" : "#008D36",
    "position" : {
      "x" : 1.618034,
      "y" : -11.09017,
      "z" : 4.236068
    },
    "orientation" : 58
  }, {
    "shape" : "27def93a-e051-42a2-96a4-b2bbf3723f83",
    "color" : "#FFFFFF",
    "position" : {
      "x" : 6.854102,
      "y" : -2.618034,
      "z" : -9.472136
    },
    "orientation" : 43
  }, {
    "shape" : "577aec5a-6ee0-4a5e-afe2-3f906231ce27",
    "color" : "#007695",
    "position" : {
      "x" : 8.472136,
      "y" : -10.217492,
      "z" : 3.9027348
    },
    "orientation" : 52
  }, {
    "shape" : "1dad70d8-4e69-4410-863d-240341b5b897",
    "color" : "#FFFFFF",
    "position" : {
      "x" : 1.618034,
      "y" : -11.09017,
      "z" : 4.236068
    }
  }, {
    "shape" : "27def93a-e051-42a2-96a4-b2bbf3723f83",
    "color" : "#FFFFFF",
    "position" : {
      "x" : 5.236068,
      "y" : 11.962848,
      "z" : -4.5694013
    },
    "orientation" : 54
  }, {
    "shape" : "1dad70d8-4e69-4410-863d-240341b5b897",
    "color" : "#FFFFFF",
    "position" : {
      "x" : -1.618034,
      "y" : 9.344814,
      "z" : -8.8054695
    }
  }, {
    "shape" : "577aec5a-6ee0-4a5e-afe2-3f906231ce27",
    "color" : "#007695",
    "position" : {
      "x" : 0.0,
      "y" : 5.236068,
      "z" : 13.708204
    },
    "orientation" : 24
  }, {
    "shape" : "1dad70d8-4e69-4410-863d-240341b5b897",
    "color" : "#FFFFFF",
    "position" : {
      "x" : 6.854102,
      "y" : 4.36339,
      "z" : 8.8054695
    }
  }, {
    "shape" : "577aec5a-6ee0-4a5e-afe2-3f906231ce27",
    "color" : "#007695",
    "position" : {
      "x" : -11.09017,
      "y" : 2.490712,
      "z" : -6.187435
    },
    "orientation" : 40
  }, {
    "shape" : "1dad70d8-4e69-4410-863d-240341b5b897",
    "color" : "#FFFFFF",
    "position" : {
      "x" : 0.0,
      "y" : 0.0,
      "z" : 0.0
    }
  }, {
    "shape" : "1dad70d8-4e69-4410-863d-240341b5b897",
    "color" : "#FFFFFF",
    "position" : {
      "x" : 11.09017,
      "y" : -2.490712,
      "z" : 6.187435
    }
  }, {
    "shape" : "27def93a-e051-42a2-96a4-b2bbf3723f83",
    "color" : "#FFFFFF",
    "position" : {
      "x" : 8.472136,
      "y" : -10.217492,
      "z" : 3.9027348
    },
    "orientation" : 0
  }, {
    "shape" : "1dad70d8-4e69-4410-863d-240341b5b897",
    "color" : "#FFFFFF",
    "position" : {
      "x" : 9.472136,
      "y" : 5.108746,
      "z" : -7.187435
    }
  }, {
    "shape" : "577aec5a-6ee0-4a5e-afe2-3f906231ce27",
    "color" : "#007695",
    "position" : {
      "x" : -2.618034,
      "y" : -2.490712,
      "z" : 11.423503
    },
    "orientation" : 24
  }, {
    "shape" : "1dad70d8-4e69-4410-863d-240341b5b897",
    "color" : "#FFFFFF",
    "position" : {
      "x" : 9.472136,
      "y" : 6.854102,
      "z" : -2.618034
    }
  }, {
    "shape" : "1dad70d8-4e69-4410-863d-240341b5b897",
    "color" : "#FFFFFF",
    "position" : {
      "x" : 1.618034,
      "y" : -9.344814,
      "z" : 8.8054695
    }
  }, {
    "shape" : "27def93a-e051-42a2-96a4-b2bbf3723f83",
    "color" : "#FFFFFF",
    "position" : {
      "x" : 6.854102,
      "y" : -2.618034,
      "z" : -9.472136
    },
    "orientation" : 0
  }, {
    "shape" : "1dad70d8-4e69-4410-863d-240341b5b897",
    "color" : "#FFFFFF",
    "position" : {
      "x" : -8.472136,
      "y" : 10.217492,
      "z" : -3.9027348
    }
  }, {
    "shape" : "577aec5a-6ee0-4a5e-afe2-3f906231ce27",
    "color" : "#007695",
    "position" : {
      "x" : 0.0,
      "y" : 5.236068,
      "z" : 13.708204
    },
    "orientation" : 53
  }, {
    "shape" : "0ac0f636-ca73-4c2f-910e-ee058fb8edb6",
    "color" : "#008D36",
    "position" : {
      "x" : 9.472136,
      "y" : 6.854102,
      "z" : -2.618034
    },
    "orientation" : 39
  }, {
    "shape" : "27def93a-e051-42a2-96a4-b2bbf3723f83",
    "color" : "#FFFFFF",
    "position" : {
      "x" : -11.09017,
      "y" : 2.490712,
      "z" : -6.187435
    },
    "orientation" : 0
  }, {
    "shape" : "1dad70d8-4e69-4410-863d-240341b5b897",
    "color" : "#FFFFFF",
    "position" : {
      "x" : -11.09017,
      "y" : 5.981424,
      "z" : 2.9513674
    }
  }, {
    "shape" : "577aec5a-6ee0-4a5e-afe2-3f906231ce27",
    "color" : "#007695",
    "position" : {
      "x" : 9.472136,
      "y" : 5.108746,
      "z" : -7.187435
    },
    "orientation" : 51
  }, {
    "shape" : "27def93a-e051-42a2-96a4-b2bbf3723f83",
    "color" : "#FFFFFF",
    "position" : {
      "x" : -1.618034,
      "y" : 12.8355255,
      "z" : 0.33333334
    },
    "orientation" : 43
  }, {
    "shape" : "1dad70d8-4e69-4410-863d-240341b5b897",
    "color" : "#FFFFFF",
    "position" : {
      "x" : -2.618034,
      "y" : -2.490712,
      "z" : 11.423503
    }
  }, {
    "shape" : "577aec5a-6ee0-4a5e-afe2-3f906231ce27",
    "color" : "#007695",
    "position" : {
      "x" : 0.0,
      "y" : -5.236068,
      "z" : -13.708204
    },
    "orientation" : 11
  }, {
    "shape" : "1dad70d8-4e69-4410-863d-240341b5b897",
    "color" : "#FFFFFF",
    "position" : {
      "x" : 2.618034,
      "y" : 9.472136,
      "z" : 6.854102
    }
  }, {
    "shape" : "27def93a-e051-42a2-96a4-b2bbf3723f83",
    "color" : "#FFFFFF",
    "position" : {
      "x" : 1.618034,
      "y" : -9.344814,
      "z" : 8.8054695
    },
    "orientation" : 0
  }, {
    "shape" : "c3bf66cd-fe72-426b-9e14-0df1a404ff78",
    "color" : "#FFFFFF",
    "position" : {
      "x" : 0.0,
      "y" : 0.0,
      "z" : 0.0
    },
    "orientation" : 0
  }, {
    "shape" : "c3bf66cd-fe72-426b-9e14-0df1a404ff78",
    "color" : "#FFFFFF",
    "position" : {
      "x" : 0.0,
      "y" : 0.0,
      "z" : 0.0
    },
    "orientation" : 54
  }, {
    "shape" : "1dad70d8-4e69-4410-863d-240341b5b897",
    "color" : "#FFFFFF",
    "position" : {
      "x" : -9.472136,
      "y" : -8.599458,
      "z" : -1.9513674
    }
  }, {
    "shape" : "1dad70d8-4e69-4410-863d-240341b5b897",
    "color" : "#FFFFFF",
    "position" : {
      "x" : 9.472136,
      "y" : 8.599458,
      "z" : 1.9513674
    }
  }, {
    "shape" : "1dad70d8-4e69-4410-863d-240341b5b897",
    "color" : "#FFFFFF",
    "position" : {
      "x" : 5.236068,
      "y" : 11.962848,
      "z" : -4.5694013
    }
  } ]
}