{
  "field" : "golden",
  "symmetry" : "icosahedral",
  "orientations" : [ [ 1.0, 0.0, 0.0, 0.0, 0.0, 1.0, 0.0, 0.0, 0.0, 0.0, 1.0, 0.0, 0.0, 0.0, 0.0, 1.0 ], [ 0.0, 0.0, 1.0, 0.0, 1.0, 0.0, 0.0, 0.0, 0.0, 1.0, 0.0, 0.0, 0.0, 0.0, 0.0, 1.0 ], [ 0.0, 1.0, 0.0, 0.0, 0.0, 0.0, 1.0, 0.0, 1.0, 0.0, 0.0, 0.0, 0.0, 0.0, 0.0, 1.0 ], [ 0.809017, 0.309017, 0.5, 0.0, 0.309017, 0.5, -0.809017, 0.0, -0.5, 0.809017, 0.309017, 0.0, 0.0, 0.0, 0.0, 1.0 ], [ -0.5, 0.809017, 0.309017, 0.0, 0.809017, 0.309017, 0.5, 0.0, 0.309017, 0.5, -0.809017, 0.0, 0.0, 0.0, 0.0, 1.0 ], [ 0.309017, 0.5, -0.809017, 0.0, -0.5, 0.809017, 0.309017, 0.0, 0.809017, 0.309017, 0.5, 0.0, 0.0, 0.0, 0.0, 1.0 ], [ 0.5, 0.809017, 0.309017, 0.0, 0.809017, -0.309017, -0.5, 0.0, -0.309017, 0.5, -0.809017, 0.0, 0.0, 0.0, 0.0, 1.0 ], [ -0.309017, 0.5, -0.809017, 0.0, 0.5, 0.809017, 0.309017, 0.0, 0.809017, -0.309017, -0.5, 0.0, 0.0, 0.0, 0.0, 1.0 ], [ 0.809017, -0.309017, -0.5, 0.0, -0.309017, 0.5, -0.809017, 0.0, 0.5, 0.809017, 0.309017, 0.0, 0.0, 0.0, 0.0, 1.0 ], [ 0.5, 0.809017, -0.309017, 0.0, 0.809017, -0.309017, 0.5, 0.0, 0.309017, -0.5, -0.809017, 0.0, 0.0, 0.0, 0.0, 1.0 ], [ 0.309017, -0.5, -0.809017, 0.0, 0.5, 0.809017, -0.309017, 0.0, 0.809017, -0.309017, 0.5, 0.0, 0.0, 0.0, 0.0, 1.0 ], [ 0.809017, -0.309017, 0.5, 0.0, 0.309017, -0.5, -0.809017, 0.0, 0.5, 0.809017, -0.309017, 0.0, 0.0, 0.0, 0.0, 1.0 ], [ 0.809017, 0.309017, -0.5, 0.0, 0.309017, 0.5, 0.809017, 0.0, 0.5, -0.809017, 0.309017, 0.0, 0.0, 0.0, 0.0, 1.0 ], [ 0.5, -0.809017, 0.309017, 0.0, 0.809017, 0.309017, -0.5, 0.0, 0.309017, 0.5, 0.809017, 0.0, 0.0, 0.0, 0.0, 1.0 ], [ 0.309017, 0.5, 0.809017, 0.0, 0.5, -0.809017, 0.309017, 0.0, 0.809017, 0.309017, -0.5, 0.0, 0.0, 0.0, 0.0, 1.0 ], [ 1.0, 0.0, 0.0, 0.0, 0.0, -1.0, 0.0, 0.0, 0.0, 0.0, -1.0, 0.0, 0.0, 0.0, 0.0, 1.0 ], [ 0.0, 0.0, 1.0, 0.0, -1.0, 0.0, 0.0, 0.0, 0.0, -1.0, 0.0, 0.0, 0.0, 0.0, 0.0, 1.0 ], [ 0.0, 1.0, 0.0, 0.0, 0.0, 0.0, -1.0, 0.0, -1.0, 0.0, 0.0, 0.0, 0.0, 0.0, 0.0, 1.0 ], [ 0.809017, 0.309017, 0.5, 0.0, -0.309017, -0.5, 0.809017, 0.0, 0.5, -0.809017, -0.309017, 0.0, 0.0, 0.0, 0.0, 1.0 ], [ -0.5, 0.809017, 0.309017, 0.0, -0.809017, -0.309017, -0.5, 0.0, -0.309017, -0.5, 0.809017, 0.0, 0.0, 0.0, 0.0, 1.0 ], [ 0.309017, 0.5, -0.809017, 0.0, 0.5, -0.809017, -0.309017, 0.0, -0.809017, -0.309017, -0.5, 0.0, 0.0, 0.0, 0.0, 1.0 ], [ 0.5, 0.809017, 0.309017, 0.0, -0.809017, 0.309017, 0.5, 0.0, 0.309017, -0.5, 0.809017, 0.0, 0.0, 0.0, 0.0, 1.0 ], [ -0.309017, 0.5, -0.809017, 0.0, -0.5, -0.809017, -0.309017, 0.0, -0.809017, 0.309017, 0.5, 0.0, 0.0, 0.0, 0.0, 1.0 ], [ 0.809017, -0.309017, -0.5, 0.0, 0.309017, -0.5, 0.809017, 0.0, -0.5, -0.809017, -0.309017, 0.0, 0.0, 0.0, 0.0, 1.0 ], [ 0.5, 0.809017, -0.309017, 0.0, -0.809017, 0.309017, -0.5, 0.0, -0.309017, 0.5, 0.809017, 0.0, 0.0, 0.0, 0.0, 1.0 ], [ 0.309017, -0.5, -0.809017, 0.0, -0.5, -0.809017, 0.309017, 0.0, -0.809017, 0.309017, -0.5, 0.0, 0.0, 0.0, 0.0, 1.0 ], [ 0.809017, -0.309017, 0.5, 0.0, -0.309017, 0.5, 0.809017, 0.0, -0.5, -0.809017, 0.309017, 0.0, 0.0, 0.0, 0.0, 1.0 ], [ 0.809017, 0.309017, -0.5, 0.0, -0.309017, -0.5, -0.809017, 0.0, -0.5, 0.809017, -0.309017, 0.0, 0.0, 0.0, 0.0, 1.0 ], [ 0.5, -0.809017, 0.309017, 0.0, -0.809017, -0.309017, 0.5, 0.0, -0.309017, -0.5, -0.809017, 0.0, 0.0, 0.0, 0.0, 1.0 ], [ 0.309017, 0.5, 0.809017, 0.0, -0.5, 0.809017, -0.309017, 0.0, -0.809017, -0.309017, 0.5, 0.0, 0.0, 0.0, 0.0, 1.0 ], [ -1.0, 0.0, 0.0, 0.0, 0.0, -1.0, 0.0, 0.0, 0.0, 0.0, 1.0, 0.0, 0.0, 0.0, 0.0, 1.0 ], [ 0.0, 0.0, -1.0, 0.0, -1.0, 0.0, 0.0, 0.0, 0.0, 1.0, 0.0, 0.0, 0.0, 0.0, 0.0, 1.0 ], [ 0.0, -1.0, 0.0, 0.0, 0.0, 0.0, -1.0, 0.0, 1.0, 0.0, 0.0, 0.0, 0.0, 0.0, 0.0, 1.0 ], [ -0.809017, -0.309017, -0.5, 0.0, -0.309017, -0.5, 0.809017, 0.0, -0.5, 0.809017, 0.309017, 0.0, 0.0, 0.0, 0.0, 1.0 ], [ 0.5, -0.809017, -0.309017, 0.0, -0.809017, -0.309017, -0.5, 0.0, 0.309017, 0.5, -0.809017, 0.0, 0.0, 0.0, 0.0, 1.0 ], [ -0.309017, -0.5, 0.809017, 0.0, 0.5, -0.809017, -0.309017, 0.0, 0.809017, 0.309017, 0.5, 0.0, 0.0, 0.0, 0.0, 1.0 ], [ -0.5, -0.809017, -0.309017, 0.0, -0.809017, 0.309017, 0.5, 0.0, -0.309017, 0.5, -0.809017, 0.0, 0.0, 0.0, 0.0, 1.0 ], [ 0.309017, -0.5, 0.809017, 0.0, -0.5, -0.809017, -0.309017, 0.0, 0.809017, -0.309017, -0.5, 0.0, 0.0, 0.0, 0.0, 1.0 ], [ -0.809017, 0.309017, 0.5, 0.0, 0.309017, -0.5, 0.809017, 0.0, 0.5, 0.809017, 0.309017, 0.0, 0.0, 0.0, 0.0, 1.0 ], [ -0.5, -0.809017, 0.309017, 0.0, -0.809017, 0.309017, -0.5, 0.0, 0.309017, -0.5, -0.809017, 0.0, 0.0, 0.0, 0.0, 1.0 ], [ -0.309017, 0.5, 0.809017, 0.0, -0.5, -0.809017, 0.309017, 0.0, 0.809017, -0.309017, 0.5, 0.0, 0.0, 0.0, 0.0, 1.0 ], [ -0.809017, 0.309017, -0.5, 0.0, -0.309017, 0.5, 0.809017, 0.0, 0.5, 0.809017, -0.309017, 0.0, 0.0, 0.0, 0.0, 1.0 ], [ -0.809017, -0.309017, 0.5, 0.0, -0.309017, -0.5, -0.809017, 0.0, 0.5, -0.809017, 0.309017, 0.0, 0.0, 0.0, 0.0, 1.0 ], [ -0.5, 0.809017, -0.309017, 0.0, -0.809017, -0.309017, 0.5, 0.0, 0.309017, 0.5, 0.809017, 0.0, 0.0, 0.0, 0.0, 1.0 ], [ -0.309017, -0.5, -0.809017, 0.0, -0.5, 0.809017, -0.309017, 0.0, 0.809017, 0.309017, -0.5, 0.0, 0.0, 0.0, 0.0, 1.0 ], [ -1.0, 0.0, 0.0, 0.0, 0.0, 1.0, 0.0, 0.0, 0.0, 0.0, -1.0, 0.0, 0.0, 0.0, 0.0, 1.0 ], [ 0.0, 0.0, -1.0, 0.0, 1.0, 0.0, 0.0, 0.0, 0.0, -1.0, 0.0, 0.0, 0.0, 0.0, 0.0, 1.0 ], [ 0.0, -1.0, 0.0, 0.0, 0.0, 0.0, 1.0, 0.0, -1.0, 0.0, 0.0, 0.0, 0.0, 0.0, 0.0, 1.0 ], [ -0.809017, -0.309017, -0.5, 0.0, 0.309017, 0.5, -0.809017, 0.0, 0.5, -0.809017, -0.309017, 0.0, 0.0, 0.0, 0.0, 1.0 ], [ 0.5, -0.809017, -0.309017, 0.0, 0.809017, 0.309017, 0.5, 0.0, -0.309017, -0.5, 0.809017, 0.0, 0.0, 0.0, 0.0, 1.0 ], [ -0.309017, -0.5, 0.809017, 0.0, -0.5, 0.809017, 0.309017, 0.0, -0.809017, -0.309017, -0.5, 0.0, 0.0, 0.0, 0.0, 1.0 ], [ -0.5, -0.809017, -0.309017, 0.0, 0.809017, -0.309017, -0.5, 0.0, 0.309017, -0.5, 0.809017, 0.0, 0.0, 0.0, 0.0, 1.0 ], [ 0.309017, -0.5, 0.809017, 0.0, 0.5, 0.809017, 0.309017, 0.0, -0.809017, 0.309017, 0.5, 0.0, 0.0, 0.0, 0.0, 1.0 ], [ -0.809017, 0.309017, 0.5, 0.0, -0.309017, 0.5, -0.809017, 0.0, -0.5, -0.809017, -0.309017, 0.0, 0.0, 0.0, 0.0, 1.0 ], [ -0.5, -0.809017, 0.309017, 0.0, 0.809017, -0.309017, 0.5, 0.0, -0.309017, 0.5, 0.809017, 0.0, 0.0, 0.0, 0.0, 1.0 ], [ -0.309017, 0.5, 0.809017, 0.0, 0.5, 0.809017, -0.309017, 0.0, -0.809017, 0.309017, -0.5, 0.0, 0.0, 0.0, 0.0, 1.0 ], [ -0.809017, 0.309017, -0.5, 0.0, 0.309017, -0.5, -0.809017, 0.0, -0.5, -0.809017, 0.309017, 0.0, 0.0, 0.0, 0.0, 1.0 ], [ -0.809017, -0.309017, 0.5, 0.0, 0.309017, 0.5, 0.809017, 0.0, -0.5, 0.809017, -0.309017, 0.0, 0.0, 0.0, 0.0, 1.0 ], [ -0.5, 0.809017, -0.309017, 0.0, 0.809017, 0.309017, -0.5, 0.0, -0.309017, -0.5, -0.809017, 0.0, 0.0, 0.0, 0.0, 1.0 ], [ -0.309017, -0.5, -0.809017, 0.0, 0.5, -0.809017, 0.309017, 0.0, -0.809017, -0.309017, 0.5, 0.0, 0.0, 0.0, 0.0, 1.0 ] ],
  "lights" : {
    "ambientColor" : "#292929",
    "backgroundColor" : "#FFFFFF",
    "directionalLights" : [ {
      "direction" : {
        "x" : 1.0,
        "y" : -1.0,
        "z" : -1.0
      },
      "color" : "#EBEBE4"
    }, {
      "direction" : {
        "x" : -1.0,
        "y" : 0.0,
        "z" : 0.0
      },
      "color" : "#E4E4EB"
    }, {
      "direction" : {
        "x" : 0.0,
        "y" : 0.0,
        "z" : -1.0
      },
      "color" : "#1E1E1E"
    } ]
  },
  "camera" : {
    "lookDirection" : {
      "x" : 0.0144091565,
      "y" : 9.4900694E-4,
      "z" : -0.9998949
    },
    "upDirection" : {
      "x" : -0.0015969326,
      "y" : 0.9999993,
      "z" : 9.19379E-4
    },
    "lookAtPoint" : {
      "x" : 0.0,
      "y" : 0.0,
      "z" : 0.0
    },
    "viewDistance" : 146.77187,
    "nearClipDistance" : 0.36692983,
    "farClipDistance" : 293.5433,
    "fieldOfView" : 0.44262892,
    "perspective" : false,
    "stereo" : false,
    "width" : 66.04735,
    "position" : {
      "x" : -2.1148589,
      "y" : -0.13928752,
      "z" : 146.75644
    }
  },
  "embedding" : [ 1.0, 0.0, 0.0, 0.0, 0.0, 1.0, 0.0, 0.0, 0.0, 0.0, 1.0, 0.0, 0.0, 0.0, 0.0, 1.0 ],
  "shapes" : [ {
    "id" : "174d964b-0db9-43f5-be8a-c7cfc5f6ed2c",
    "vertices" : [ {
      "x" : 6.545085,
      "y" : 2.5,
      "z" : -0.95491505
    }, {
      "x" : 6.163119,
      "y" : 2.045085,
      "z" : -0.76393205
    }, {
      "x" : 6.0,
      "y" : 2.309017,
      "z" : -1.190983
    }, {
      "x" : 5.927051,
      "y" : 2.572949,
      "z" : -1.0
    }, {
      "x" : 0.85410196,
      "y" : 0.309017,
      "z" : 0.19098301
    }, {
      "x" : 0.690983,
      "y" : 0.572949,
      "z" : -0.23606798
    }, {
      "x" : 0.309017,
      "y" : 0.11803399,
      "z" : -0.045084972
    }, {
      "x" : 0.76393205,
      "y" : 0.309017,
      "z" : -0.42705098
    }, {
      "x" : 0.927051,
      "y" : 0.045084972,
      "z" : 0.0
    }, {
      "x" : 6.09017,
      "y" : 2.309017,
      "z" : -0.572949
    }, {
      "x" : 6.854102,
      "y" : 2.618034,
      "z" : -1.0
    } ],
    "faces" : [ {
      "vertices" : [ 2, 7, 5 ]
    }, {
      "vertices" : [ 2, 5, 3 ]
    }, {
      "vertices" : [ 1, 8, 7 ]
    }, {
      "vertices" : [ 1, 7, 2 ]
    }, {
      "vertices" : [ 4, 6, 8 ]
    }, {
      "vertices" : [ 5, 7, 6 ]
    }, {
      "vertices" : [ 0, 1, 2 ]
    }, {
      "vertices" : [ 0, 2, 3 ]
    }, {
      "vertices" : [ 6, 7, 8 ]
    }, {
      "vertices" : [ 3, 5, 4 ]
    }, {
      "vertices" : [ 3, 4, 9 ]
    }, {
      "vertices" : [ 1, 9, 4 ]
    }, {
      "vertices" : [ 1, 4, 8 ]
    }, {
      "vertices" : [ 0, 9, 1 ]
    }, {
      "vertices" : [ 0, 3, 9 ]
    }, {
      "vertices" : [ 4, 5, 6 ]
    } ]
  }, {
    "id" : "fb4a9246-87ea-4db8-851a-2f11bcaab27c",
    "vertices" : [ {
      "x" : 9.472136,
      "y" : -1.618034,
      "z" : 11.09017
    }, {
      "x" : 13.708204,
      "y" : 0.0,
      "z" : 5.236068
    }, {
      "x" : 15.326238,
      "y" : -5.854102,
      "z" : 9.472136
    } ],
    "faces" : [ {
      "vertices" : [ 0, 1, 2 ]
    }, {
      "vertices" : [ 0, 2, 1 ]
    } ]
  }, {
    "id" : "3411e008-5ae5-4cc3-bab2-a0837aa11a3e",
    "vertices" : [ {
      "x" : 11.09017,
      "y" : -9.472136,
      "z" : -1.618034
    }, {
      "x" : 8.472136,
      "y" : -8.472136,
      "z" : -8.472136
    }, {
      "x" : 9.472136,
      "y" : -15.326238,
      "z" : -5.854102
    } ],
    "faces" : [ {
      "vertices" : [ 0, 1, 2 ]
    }, {
      "vertices" : [ 0, 2, 1 ]
    } ]
  }, {
    "id" : "737a806e-3611-49cc-b391-cef2ad5840fc",
    "vertices" : [ {
      "x" : -12.708204,
      "y" : -6.854102,
      "z" : 2.618034
    }, {
      "x" : -13.708204,
      "y" : 0.0,
      "z" : 5.236068
    }, {
      "x" : -15.326238,
      "y" : -5.854102,
      "z" : 9.472136
    } ],
    "faces" : [ {
      "vertices" : [ 0, 1, 2 ]
    }, {
      "vertices" : [ 0, 2, 1 ]
    } ]
  }, {
    "id" : "bfe1bf04-af48-4a92-adb3-54e799f640d0",
    "vertices" : [ {
      "x" : 13.708204,
      "y" : -5.236068,
      "z" : 0.0
    }, {
      "x" : 18.944271,
      "y" : 0.0,
      "z" : 0.0
    }, {
      "x" : 13.708204,
      "y" : 0.0,
      "z" : -5.236068
    } ],
    "faces" : [ {
      "vertices" : [ 0, 1, 2 ]
    }, {
      "vertices" : [ 0, 2, 1 ]
    } ]
  }, {
    "id" : "055d9745-4d43-42ce-9f4a-b88b4a7f54ea",
    "vertices" : [ {
      "x" : 0.309017,
      "y" : -0.309017,
      "z" : -0.309017
    }, {
      "x" : 0.5,
      "y" : 0.0,
      "z" : -0.19098301
    }, {
      "x" : 0.5,
      "y" : 0.0,
      "z" : 0.19098301
    }, {
      "x" : 0.309017,
      "y" : -0.309017,
      "z" : 0.309017
    }, {
      "x" : 0.19098301,
      "y" : -0.5,
      "z" : 0.0
    }, {
      "x" : 0.0,
      "y" : 0.19098301,
      "z" : 0.5
    }, {
      "x" : 0.0,
      "y" : -0.19098301,
      "z" : 0.5
    }, {
      "x" : 0.309017,
      "y" : 0.309017,
      "z" : 0.309017
    }, {
      "x" : -0.309017,
      "y" : -0.309017,
      "z" : 0.309017
    }, {
      "x" : -0.309017,
      "y" : 0.309017,
      "z" : 0.309017
    }, {
      "x" : -0.5,
      "y" : 0.0,
      "z" : 0.19098301
    }, {
      "x" : 0.0,
      "y" : -0.19098301,
      "z" : -0.5
    }, {
      "x" : 0.0,
      "y" : 0.19098301,
      "z" : -0.5
    }, {
      "x" : 0.309017,
      "y" : 0.309017,
      "z" : -0.309017
    }, {
      "x" : -0.309017,
      "y" : -0.309017,
      "z" : -0.309017
    }, {
      "x" : -0.19098301,
      "y" : -0.5,
      "z" : 0.0
    }, {
      "x" : -0.5,
      "y" : 0.0,
      "z" : -0.19098301
    }, {
      "x" : 0.19098301,
      "y" : 0.5,
      "z" : 0.0
    }, {
      "x" : -0.309017,
      "y" : 0.309017,
      "z" : -0.309017
    }, {
      "x" : 0.0,
      "y" : 0.0,
      "z" : 0.0
    }, {
      "x" : -0.19098301,
      "y" : 0.5,
      "z" : 0.0
    } ],
    "faces" : [ {
      "vertices" : [ 12, 18, 20 ]
    }, {
      "vertices" : [ 12, 20, 17 ]
    }, {
      "vertices" : [ 12, 17, 13 ]
    }, {
      "vertices" : [ 3, 6, 8 ]
    }, {
      "vertices" : [ 3, 8, 15 ]
    }, {
      "vertices" : [ 3, 15, 4 ]
    }, {
      "vertices" : [ 0, 11, 12 ]
    }, {
      "vertices" : [ 0, 12, 13 ]
    }, {
      "vertices" : [ 0, 13, 1 ]
    }, {
      "vertices" : [ 5, 9, 10 ]
    }, {
      "vertices" : [ 5, 10, 8 ]
    }, {
      "vertices" : [ 5, 8, 6 ]
    }, {
      "vertices" : [ 2, 7, 5 ]
    }, {
      "vertices" : [ 2, 5, 6 ]
    }, {
      "vertices" : [ 2, 6, 3 ]
    }, {
      "vertices" : [ 11, 14, 16 ]
    }, {
      "vertices" : [ 11, 16, 18 ]
    }, {
      "vertices" : [ 11, 18, 12 ]
    }, {
      "vertices" : [ 1, 13, 17 ]
    }, {
      "vertices" : [ 1, 17, 7 ]
    }, {
      "vertices" : [ 1, 7, 2 ]
    }, {
      "vertices" : [ 9, 20, 18 ]
    }, {
      "vertices" : [ 9, 18, 16 ]
    }, {
      "vertices" : [ 9, 16, 10 ]
    }, {
      "vertices" : [ 0, 1, 2 ]
    }, {
      "vertices" : [ 0, 2, 3 ]
    }, {
      "vertices" : [ 0, 3, 4 ]
    }, {
      "vertices" : [ 5, 7, 17 ]
    }, {
      "vertices" : [ 5, 17, 20 ]
    }, {
      "vertices" : [ 5, 20, 9 ]
    }, {
      "vertices" : [ 0, 4, 15 ]
    }, {
      "vertices" : [ 0, 15, 14 ]
    }, {
      "vertices" : [ 0, 14, 11 ]
    }, {
      "vertices" : [ 8, 10, 16 ]
    }, {
      "vertices" : [ 8, 16, 14 ]
    }, {
      "vertices" : [ 8, 14, 15 ]
    } ]
  }, {
    "id" : "c7e89c41-4d3c-4eeb-888b-c180550779c8",
    "vertices" : [ {
      "x" : -11.09017,
      "y" : -9.472136,
      "z" : 1.618034
    }, {
      "x" : -8.472136,
      "y" : -8.472136,
      "z" : 8.472136
    }, {
      "x" : -9.472136,
      "y" : -15.326238,
      "z" : 5.854102
    } ],
    "faces" : [ {
      "vertices" : [ 0, 1, 2 ]
    }, {
      "vertices" : [ 0, 2, 1 ]
    } ]
  }, {
    "id" : "728fdab4-3c58-4847-9250-0c74eec83a21",
    "vertices" : [ {
      "x" : 5.236068,
      "y" : 0.0,
      "z" : -13.708204
    }, {
      "x" : 0.0,
      "y" : 5.236068,
      "z" : -13.708204
    }, {
      "x" : 0.0,
      "y" : 0.0,
      "z" : -18.944271
    } ],
    "faces" : [ {
      "vertices" : [ 0, 1, 2 ]
    }, {
      "vertices" : [ 0, 2, 1 ]
    } ]
  }, {
    "id" : "8d29f56a-3010-4943-80c8-99fd3cf5fce0",
    "vertices" : [ {
      "x" : -4.236068,
      "y" : -6.854102,
      "z" : 2.618034
    }, {
      "x" : -11.09017,
      "y" : -9.472136,
      "z" : 1.618034
    }, {
      "x" : -8.472136,
      "y" : -8.472136,
      "z" : 8.472136
    } ],
    "faces" : [ {
      "vertices" : [ 0, 1, 2 ]
    }, {
      "vertices" : [ 0, 2, 1 ]
    } ]
  }, {
    "id" : "4692d84b-4740-4e19-884c-ac2fdca870b4",
    "vertices" : [ {
      "x" : 6.854102,
      "y" : 2.618034,
      "z" : -12.708204
    }, {
      "x" : 5.854102,
      "y" : 9.472136,
      "z" : -15.326238
    }, {
      "x" : 0.0,
      "y" : 5.236068,
      "z" : -13.708204
    } ],
    "faces" : [ {
      "vertices" : [ 0, 1, 2 ]
    }, {
      "vertices" : [ 0, 2, 1 ]
    } ]
  }, {
    "id" : "69ccf59a-8bfe-4f36-8d49-27dc395b61ba",
    "vertices" : [ {
      "x" : 0.0,
      "y" : 8.472136,
      "z" : 0.0
    }, {
      "x" : 0.0,
      "y" : 13.708204,
      "z" : -5.236068
    }, {
      "x" : 5.236068,
      "y" : 13.708204,
      "z" : 0.0
    } ],
    "faces" : [ {
      "vertices" : [ 0, 1, 2 ]
    }, {
      "vertices" : [ 0, 2, 1 ]
    } ]
  }, {
    "id" : "eaf683e6-d8f1-4c79-8015-1960c43d2401",
    "vertices" : [ {
      "x" : -11.09017,
      "y" : -9.472136,
      "z" : 1.618034
    }, {
      "x" : -8.472136,
      "y" : -8.472136,
      "z" : 8.472136
    }, {
      "x" : -2.618034,
      "y" : -12.708204,
      "z" : 6.854102
    }, {
      "x" : -5.236068,
      "y" : -13.708204,
      "z" : 0.0
    } ],
    "faces" : [ {
      "vertices" : [ 0, 1, 2 ]
    }, {
      "vertices" : [ 0, 2, 3 ]
    }, {
      "vertices" : [ 0, 3, 2 ]
    }, {
      "vertices" : [ 0, 2, 1 ]
    } ]
  }, {
    "id" : "2cf50ddc-be98-43f7-8e84-f61d91b046c9",
    "vertices" : [ {
      "x" : -1.618034,
      "y" : 11.09017,
      "z" : 9.472136
    }, {
      "x" : 0.0,
      "y" : 5.236068,
      "z" : 13.708204
    }, {
      "x" : 1.618034,
      "y" : 11.09017,
      "z" : 9.472136
    } ],
    "faces" : [ {
      "vertices" : [ 0, 1, 2 ]
    }, {
      "vertices" : [ 0, 2, 1 ]
    } ]
  }, {
    "id" : "5a5e3084-99d8-4a9f-b617-e826050ac7e6",
    "vertices" : [ {
      "x" : 0.0,
      "y" : 13.708204,
      "z" : 5.236068
    }, {
      "x" : -2.618034,
      "y" : 12.708204,
      "z" : 6.854102
    }, {
      "x" : -1.618034,
      "y" : 11.09017,
      "z" : 9.472136
    }, {
      "x" : 1.618034,
      "y" : 11.09017,
      "z" : 9.472136
    }, {
      "x" : 2.618034,
      "y" : 12.708204,
      "z" : 6.854102
    } ],
    "faces" : [ {
      "vertices" : [ 0, 1, 2 ]
    }, {
      "vertices" : [ 0, 2, 3 ]
    }, {
      "vertices" : [ 0, 3, 4 ]
    }, {
      "vertices" : [ 0, 4, 3 ]
    }, {
      "vertices" : [ 0, 3, 2 ]
    }, {
      "vertices" : [ 0, 2, 1 ]
    } ]
  }, {
    "id" : "4d0e4033-8cf4-4a7e-a95f-4111cc343d6f",
    "vertices" : [ {
      "x" : 4.236068,
      "y" : -6.854102,
      "z" : -2.618034
    }, {
      "x" : 2.618034,
      "y" : -12.708204,
      "z" : -6.854102
    }, {
      "x" : 5.236068,
      "y" : -13.708204,
      "z" : 0.0
    } ],
    "faces" : [ {
      "vertices" : [ 0, 1, 2 ]
    }, {
      "vertices" : [ 0, 2, 1 ]
    } ]
  }, {
    "id" : "a027770d-b41a-45a9-a22f-dc7d9fce4b29",
    "vertices" : [ {
      "x" : -2.618034,
      "y" : 12.708204,
      "z" : -6.854102
    }, {
      "x" : -5.236068,
      "y" : 13.708204,
      "z" : 0.0
    }, {
      "x" : 0.0,
      "y" : 13.708204,
      "z" : -5.236068
    } ],
    "faces" : [ {
      "vertices" : [ 0, 1, 2 ]
    }, {
      "vertices" : [ 0, 2, 1 ]
    } ]
  }, {
    "id" : "076fbf59-cbd5-4b56-9e59-76e556c5cacf",
    "vertices" : [ {
      "x" : 6.854102,
      "y" : 2.618034,
      "z" : 4.236068
    }, {
      "x" : 12.708204,
      "y" : 6.854102,
      "z" : 2.618034
    }, {
      "x" : 13.708204,
      "y" : 0.0,
      "z" : 5.236068
    } ],
    "faces" : [ {
      "vertices" : [ 0, 1, 2 ]
    }, {
      "vertices" : [ 0, 2, 1 ]
    } ]
  }, {
    "id" : "44377a4e-a34d-40f7-bf93-18e67f469df4",
    "vertices" : [ {
      "x" : 12.708204,
      "y" : 6.854102,
      "z" : 2.618034
    }, {
      "x" : 13.708204,
      "y" : 0.0,
      "z" : 5.236068
    }, {
      "x" : 15.326238,
      "y" : 5.854102,
      "z" : 9.472136
    } ],
    "faces" : [ {
      "vertices" : [ 0, 1, 2 ]
    }, {
      "vertices" : [ 0, 2, 1 ]
    } ]
  }, {
    "id" : "aefe8688-abb9-4b55-b753-558cb8ffd9fb",
    "vertices" : [ {
      "x" : -4.236068,
      "y" : -6.854102,
      "z" : 2.618034
    }, {
      "x" : -2.618034,
      "y" : -12.708204,
      "z" : 6.854102
    }, {
      "x" : -5.236068,
      "y" : -13.708204,
      "z" : 0.0
    } ],
    "faces" : [ {
      "vertices" : [ 0, 1, 2 ]
    }, {
      "vertices" : [ 0, 2, 1 ]
    } ]
  }, {
    "id" : "231580a5-5506-43c7-a627-56dac858452c",
    "vertices" : [ {
      "x" : -5.236068,
      "y" : 0.0,
      "z" : 13.708204
    }, {
      "x" : 0.0,
      "y" : 5.236068,
      "z" : 13.708204
    }, {
      "x" : -6.854102,
      "y" : 2.618034,
      "z" : 12.708204
    } ],
    "faces" : [ {
      "vertices" : [ 0, 1, 2 ]
    }, {
      "vertices" : [ 0, 2, 1 ]
    } ]
  }, {
    "id" : "138c9c20-2fc6-495d-a1ba-35846097f80a",
    "vertices" : [ {
      "x" : 0.0,
      "y" : -5.236068,
      "z" : -13.708204
    }, {
      "x" : 0.0,
      "y" : 0.0,
      "z" : -8.472136
    }, {
      "x" : 5.236068,
      "y" : 0.0,
      "z" : -13.708204
    } ],
    "faces" : [ {
      "vertices" : [ 0, 1, 2 ]
    }, {
      "vertices" : [ 0, 2, 1 ]
    } ]
  }, {
    "id" : "d542b18e-8ef5-42ef-a9a9-e584196aa9a3",
    "vertices" : [ {
      "x" : 4.236068,
      "y" : 6.854102,
      "z" : -2.618034
    }, {
      "x" : 2.618034,
      "y" : 12.708204,
      "z" : -6.854102
    }, {
      "x" : 8.472136,
      "y" : 8.472136,
      "z" : -8.472136
    } ],
    "faces" : [ {
      "vertices" : [ 0, 1, 2 ]
    }, {
      "vertices" : [ 0, 2, 1 ]
    } ]
  }, {
    "id" : "718ebacf-9165-4363-a26d-d42ebe0a511f",
    "vertices" : [ {
      "x" : -4.236068,
      "y" : 6.854102,
      "z" : -2.618034
    }, {
      "x" : -2.618034,
      "y" : 12.708204,
      "z" : -6.854102
    }, {
      "x" : -5.236068,
      "y" : 13.708204,
      "z" : 0.0
    } ],
    "faces" : [ {
      "vertices" : [ 0, 1, 2 ]
    }, {
      "vertices" : [ 0, 2, 1 ]
    } ]
  }, {
    "id" : "80ca2bef-b3b2-4a46-a7cb-f57ec331efc5",
    "vertices" : [ {
      "x" : 9.472136,
      "y" : 1.618034,
      "z" : 11.09017
    }, {
      "x" : 9.472136,
      "y" : -1.618034,
      "z" : 11.09017
    }, {
      "x" : 13.708204,
      "y" : 0.0,
      "z" : 5.236068
    } ],
    "faces" : [ {
      "vertices" : [ 0, 1, 2 ]
    }, {
      "vertices" : [ 0, 2, 1 ]
    } ]
  }, {
    "id" : "dc8c52bb-1346-4e86-9675-9e7236edd317",
    "vertices" : [ {
      "x" : -12.708204,
      "y" : -6.854102,
      "z" : -2.618034
    }, {
      "x" : -8.472136,
      "y" : -8.472136,
      "z" : -8.472136
    }, {
      "x" : -11.09017,
      "y" : -9.472136,
      "z" : -1.618034
    } ],
    "faces" : [ {
      "vertices" : [ 0, 1, 2 ]
    }, {
      "vertices" : [ 0, 2, 1 ]
    } ]
  }, {
    "id" : "7fccfbbf-10d9-4f7b-a75e-ff6e83d961d8",
    "vertices" : [ {
      "x" : -6.854102,
      "y" : -2.618034,
      "z" : -12.708204
    }, {
      "x" : -5.236068,
      "y" : 0.0,
      "z" : -13.708204
    }, {
      "x" : 0.0,
      "y" : -5.236068,
      "z" : -13.708204
    } ],
    "faces" : [ {
      "vertices" : [ 0, 1, 2 ]
    }, {
      "vertices" : [ 0, 2, 1 ]
    } ]
  }, {
    "id" : "7c8601aa-e527-4182-b2a0-9872dedefead",
    "vertices" : [ {
      "x" : 2.618034,
      "y" : -4.236068,
      "z" : 6.854102
    }, {
      "x" : 1.618034,
      "y" : -11.09017,
      "z" : 9.472136
    }, {
      "x" : 0.0,
      "y" : -5.236068,
      "z" : 13.708204
    } ],
    "faces" : [ {
      "vertices" : [ 0, 1, 2 ]
    }, {
      "vertices" : [ 0, 2, 1 ]
    } ]
  }, {
    "id" : "d1785edf-312e-41f7-a462-c60b12126818",
    "vertices" : [ {
      "x" : 6.854102,
      "y" : 2.618034,
      "z" : 12.708204
    }, {
      "x" : 5.236068,
      "y" : 0.0,
      "z" : 13.708204
    }, {
      "x" : 6.854102,
      "y" : -2.618034,
      "z" : 12.708204
    }, {
      "x" : 9.472136,
      "y" : -1.618034,
      "z" : 11.09017
    }, {
      "x" : 9.472136,
      "y" : 1.618034,
      "z" : 11.09017
    } ],
    "faces" : [ {
      "vertices" : [ 0, 1, 2 ]
    }, {
      "vertices" : [ 0, 2, 3 ]
    }, {
      "vertices" : [ 0, 3, 4 ]
    }, {
      "vertices" : [ 0, 4, 3 ]
    }, {
      "vertices" : [ 0, 3, 2 ]
    }, {
      "vertices" : [ 0, 2, 1 ]
    } ]
  }, {
    "id" : "ea98c289-9c3f-4e30-a93f-a06a6c381ca5",
    "vertices" : [ {
      "x" : 2.618034,
      "y" : 4.236068,
      "z" : -6.854102
    }, {
      "x" : 1.618034,
      "y" : 11.09017,
      "z" : -9.472136
    }, {
      "x" : 0.0,
      "y" : 5.236068,
      "z" : -13.708204
    } ],
    "faces" : [ {
      "vertices" : [ 0, 1, 2 ]
    }, {
      "vertices" : [ 0, 2, 1 ]
    } ]
  }, {
    "id" : "83ad7c7a-45b9-4a00-bffc-87407052bd05",
    "vertices" : [ {
      "x" : 11.09017,
      "y" : -9.472136,
      "z" : 1.618034
    }, {
      "x" : 9.472136,
      "y" : -15.326238,
      "z" : 5.854102
    }, {
      "x" : 8.472136,
      "y" : -8.472136,
      "z" : 8.472136
    } ],
    "faces" : [ {
      "vertices" : [ 0, 1, 2 ]
    }, {
      "vertices" : [ 0, 2, 1 ]
    } ]
  }, {
    "id" : "2b433866-3ae3-43c6-8ebd-127ea6e5033e",
    "vertices" : [ {
      "x" : 0.0,
      "y" : 0.0,
      "z" : 8.472136
    }, {
      "x" : 5.236068,
      "y" : 0.0,
      "z" : 13.708204
    }, {
      "x" : 0.0,
      "y" : -5.236068,
      "z" : 13.708204
    } ],
    "faces" : [ {
      "vertices" : [ 0, 1, 2 ]
    }, {
      "vertices" : [ 0, 2, 1 ]
    } ]
  }, {
    "id" : "b0e26b2c-b9e3-45a0-a6be-418e9f2a3e63",
    "vertices" : [ {
      "x" : 1.618034,
      "y" : -11.09017,
      "z" : -9.472136
    }, {
      "x" : 8.472136,
      "y" : -8.472136,
      "z" : -8.472136
    }, {
      "x" : 6.854102,
      "y" : -2.618034,
      "z" : -12.708204
    }, {
      "x" : 0.0,
      "y" : -5.236068,
      "z" : -13.708204
    } ],
    "faces" : [ {
      "vertices" : [ 0, 1, 2 ]
    }, {
      "vertices" : [ 0, 2, 3 ]
    }, {
      "vertices" : [ 0, 3, 2 ]
    }, {
      "vertices" : [ 0, 2, 1 ]
    } ]
  }, {
    "id" : "88ca0b0b-ef81-46af-ae7b-3539b27d1723",
    "vertices" : [ {
      "x" : 12.708204,
      "y" : 6.854102,
      "z" : -2.618034
    }, {
      "x" : 8.472136,
      "y" : 8.472136,
      "z" : -8.472136
    }, {
      "x" : 15.326238,
      "y" : 5.854102,
      "z" : -9.472136
    } ],
    "faces" : [ {
      "vertices" : [ 0, 1, 2 ]
    }, {
      "vertices" : [ 0, 2, 1 ]
    } ]
  }, {
    "id" : "4ba4b7c6-37bb-4c1f-8fcd-fe189289862b",
    "vertices" : [ {
      "x" : 0.0,
      "y" : -5.236068,
      "z" : 13.708204
    }, {
      "x" : 2.618034,
      "y" : -4.236068,
      "z" : 6.854102
    }, {
      "x" : 6.854102,
      "y" : -2.618034,
      "z" : 12.708204
    } ],
    "faces" : [ {
      "vertices" : [ 0, 1, 2 ]
    }, {
      "vertices" : [ 0, 2, 1 ]
    } ]
  }, {
    "id" : "39be1086-5151-4455-b749-4dd70de3f6f9",
    "vertices" : [ {
      "x" : -8.472136,
      "y" : -8.472136,
      "z" : 8.472136
    }, {
      "x" : -2.618034,
      "y" : -4.236068,
      "z" : 6.854102
    }, {
      "x" : -6.854102,
      "y" : -2.618034,
      "z" : 12.708204
    } ],
    "faces" : [ {
      "vertices" : [ 0, 1, 2 ]
    }, {
      "vertices" : [ 0, 2, 1 ]
    } ]
  }, {
    "id" : "930a8411-56ba-4b20-a47b-2e6932ba2532",
    "vertices" : [ {
      "x" : -2.618034,
      "y" : 12.708204,
      "z" : -6.854102
    }, {
      "x" : -9.472136,
      "y" : 15.326238,
      "z" : -5.854102
    }, {
      "x" : -8.472136,
      "y" : 8.472136,
      "z" : -8.472136
    } ],
    "faces" : [ {
      "vertices" : [ 0, 1, 2 ]
    }, {
      "vertices" : [ 0, 2, 1 ]
    } ]
  }, {
    "id" : "8bb905db-a14c-4b6a-ba04-43e1517b7717",
    "vertices" : [ {
      "x" : -6.854102,
      "y" : 2.618034,
      "z" : 12.708204
    }, {
      "x" : -8.472136,
      "y" : 8.472136,
      "z" : 8.472136
    }, {
      "x" : -5.854102,
      "y" : 9.472136,
      "z" : 15.326238
    } ],
    "faces" : [ {
      "vertices" : [ 0, 1, 2 ]
    }, {
      "vertices" : [ 0, 2, 1 ]
    } ]
  }, {
    "id" : "bc96570e-d64b-41a2-9304-e5ddb2249adf",
    "vertices" : [ {
      "x" : 6.854102,
      "y" : 2.618034,
      "z" : 12.708204
    }, {
      "x" : 0.0,
      "y" : 5.236068,
      "z" : 13.708204
    }, {
      "x" : 5.236068,
      "y" : 0.0,
      "z" : 13.708204
    } ],
    "faces" : [ {
      "vertices" : [ 0, 1, 2 ]
    }, {
      "vertices" : [ 0, 2, 1 ]
    } ]
  }, {
    "id" : "34fc815b-7d28-4863-ba9e-ebe79268361b",
    "vertices" : [ {
      "x" : 8.472136,
      "y" : 0.0,
      "z" : 0.0
    }, {
      "x" : 13.708204,
      "y" : 5.236068,
      "z" : 0.0
    }, {
      "x" : 13.708204,
      "y" : 0.0,
      "z" : -5.236068
    } ],
    "faces" : [ {
      "vertices" : [ 0, 1, 2 ]
    }, {
      "vertices" : [ 0, 2, 1 ]
    } ]
  }, {
    "id" : "79d47b9c-2392-4506-8605-8cbd1ab54415",
    "vertices" : [ {
      "x" : -11.09017,
      "y" : 9.472136,
      "z" : 1.618034
    }, {
      "x" : -5.236068,
      "y" : 13.708204,
      "z" : 0.0
    }, {
      "x" : -2.618034,
      "y" : 12.708204,
      "z" : 6.854102
    }, {
      "x" : -8.472136,
      "y" : 8.472136,
      "z" : 8.472136
    } ],
    "faces" : [ {
      "vertices" : [ 0, 1, 2 ]
    }, {
      "vertices" : [ 0, 2, 3 ]
    }, {
      "vertices" : [ 0, 3, 2 ]
    }, {
      "vertices" : [ 0, 2, 1 ]
    } ]
  }, {
    "id" : "cd64c3e1-4659-4419-a8c5-7d3774a5676a",
    "vertices" : [ {
      "x" : 6.854102,
      "y" : -2.618034,
      "z" : 12.708204
    }, {
      "x" : 5.236068,
      "y" : 0.0,
      "z" : 13.708204
    }, {
      "x" : 0.0,
      "y" : -5.236068,
      "z" : 13.708204
    } ],
    "faces" : [ {
      "vertices" : [ 0, 1, 2 ]
    }, {
      "vertices" : [ 0, 2, 1 ]
    } ]
  }, {
    "id" : "32588775-da44-4f1c-a7af-f377b28118de",
    "vertices" : [ {
      "x" : -13.708204,
      "y" : -5.236068,
      "z" : 0.0
    }, {
      "x" : -18.944271,
      "y" : 0.0,
      "z" : 0.0
    }, {
      "x" : -13.708204,
      "y" : 0.0,
      "z" : 5.236068
    } ],
    "faces" : [ {
      "vertices" : [ 0, 1, 2 ]
    }, {
      "vertices" : [ 0, 2, 1 ]
    } ]
  }, {
    "id" : "8cd4d0d4-420b-40de-b8a1-cf1d58f924bc",
    "vertices" : [ {
      "x" : -9.472136,
      "y" : 1.618034,
      "z" : 11.09017
    }, {
      "x" : -15.326238,
      "y" : 5.854102,
      "z" : 9.472136
    }, {
      "x" : -8.472136,
      "y" : 8.472136,
      "z" : 8.472136
    } ],
    "faces" : [ {
      "vertices" : [ 0, 1, 2 ]
    }, {
      "vertices" : [ 0, 2, 1 ]
    } ]
  }, {
    "id" : "b270cef2-921f-471c-bb81-b55bce330468",
    "vertices" : [ {
      "x" : 2.618034,
      "y" : 12.708204,
      "z" : -6.854102
    }, {
      "x" : 0.0,
      "y" : 13.708204,
      "z" : -5.236068
    }, {
      "x" : 5.236068,
      "y" : 13.708204,
      "z" : 0.0
    } ],
    "faces" : [ {
      "vertices" : [ 0, 1, 2 ]
    }, {
      "vertices" : [ 0, 2, 1 ]
    } ]
  }, {
    "id" : "97092b61-69ac-441d-ac27-36e5984eb7c1",
    "vertices" : [ {
      "x" : -8.472136,
      "y" : 8.472136,
      "z" : 8.472136
    }, {
      "x" : -4.236068,
      "y" : 6.854102,
      "z" : 2.618034
    }, {
      "x" : -11.09017,
      "y" : 9.472136,
      "z" : 1.618034
    } ],
    "faces" : [ {
      "vertices" : [ 0, 1, 2 ]
    }, {
      "vertices" : [ 0, 2, 1 ]
    } ]
  }, {
    "id" : "a11075d4-1b4b-490c-b83e-0718c4e3956e",
    "vertices" : [ {
      "x" : -2.618034,
      "y" : 4.236068,
      "z" : -6.854102
    }, {
      "x" : -6.854102,
      "y" : 2.618034,
      "z" : -12.708204
    }, {
      "x" : 0.0,
      "y" : 5.236068,
      "z" : -13.708204
    } ],
    "faces" : [ {
      "vertices" : [ 0, 1, 2 ]
    }, {
      "vertices" : [ 0, 2, 1 ]
    } ]
  }, {
    "id" : "ce740318-5ba0-432b-8364-0ad9445b2aff",
    "vertices" : [ {
      "x" : 9.472136,
      "y" : 1.618034,
      "z" : -11.09017
    }, {
      "x" : 15.326238,
      "y" : 5.854102,
      "z" : -9.472136
    }, {
      "x" : 8.472136,
      "y" : 8.472136,
      "z" : -8.472136
    } ],
    "faces" : [ {
      "vertices" : [ 0, 1, 2 ]
    }, {
      "vertices" : [ 0, 2, 1 ]
    } ]
  }, {
    "id" : "c48e9346-3f53-492d-a380-896c67747ceb",
    "vertices" : [ {
      "x" : 12.708204,
      "y" : -6.854102,
      "z" : 2.618034
    }, {
      "x" : 15.326238,
      "y" : -5.854102,
      "z" : 9.472136
    }, {
      "x" : 13.708204,
      "y" : 0.0,
      "z" : 5.236068
    } ],
    "faces" : [ {
      "vertices" : [ 0, 1, 2 ]
    }, {
      "vertices" : [ 0, 2, 1 ]
    } ]
  }, {
    "id" : "a7da3838-0f7e-4be9-bbad-710afe3b51b9",
    "vertices" : [ {
      "x" : -4.236068,
      "y" : 6.854102,
      "z" : -2.618034
    }, {
      "x" : -11.09017,
      "y" : 9.472136,
      "z" : -1.618034
    }, {
      "x" : -8.472136,
      "y" : 8.472136,
      "z" : -8.472136
    } ],
    "faces" : [ {
      "vertices" : [ 0, 1, 2 ]
    }, {
      "vertices" : [ 0, 2, 1 ]
    } ]
  }, {
    "id" : "25ae364a-c815-478a-9315-e617e7282e97",
    "vertices" : [ {
      "x" : -6.854102,
      "y" : -2.618034,
      "z" : -12.708204
    }, {
      "x" : -5.854102,
      "y" : -9.472136,
      "z" : -15.326238
    }, {
      "x" : 0.0,
      "y" : -5.236068,
      "z" : -13.708204
    } ],
    "faces" : [ {
      "vertices" : [ 0, 1, 2 ]
    }, {
      "vertices" : [ 0, 2, 1 ]
    } ]
  }, {
    "id" : "e13e5ae3-2dc4-4199-97fb-1a3734f13652",
    "vertices" : [ {
      "x" : 2.618034,
      "y" : 12.708204,
      "z" : -6.854102
    }, {
      "x" : 9.472136,
      "y" : 15.326238,
      "z" : -5.854102
    }, {
      "x" : 5.236068,
      "y" : 13.708204,
      "z" : 0.0
    } ],
    "faces" : [ {
      "vertices" : [ 0, 1, 2 ]
    }, {
      "vertices" : [ 0, 2, 1 ]
    } ]
  }, {
    "id" : "d317e17c-af71-4bc5-8972-4e4294f97e51",
    "vertices" : [ {
      "x" : 9.472136,
      "y" : 1.618034,
      "z" : -11.09017
    }, {
      "x" : 13.708204,
      "y" : 0.0,
      "z" : -5.236068
    }, {
      "x" : 15.326238,
      "y" : 5.854102,
      "z" : -9.472136
    } ],
    "faces" : [ {
      "vertices" : [ 0, 1, 2 ]
    }, {
      "vertices" : [ 0, 2, 1 ]
    } ]
  }, {
    "id" : "8e797669-ab6a-440c-9d88-b4b8fe08b372",
    "vertices" : [ {
      "x" : -13.708204,
      "y" : 5.236068,
      "z" : 0.0
    }, {
      "x" : -13.708204,
      "y" : 0.0,
      "z" : 5.236068
    }, {
      "x" : -18.944271,
      "y" : 0.0,
      "z" : 0.0
    } ],
    "faces" : [ {
      "vertices" : [ 0, 1, 2 ]
    }, {
      "vertices" : [ 0, 2, 1 ]
    } ]
  }, {
    "id" : "b49c4902-9288-4e78-8c21-a9e612cd6f90",
    "vertices" : [ {
      "x" : 9.472136,
      "y" : -1.618034,
      "z" : 11.09017
    }, {
      "x" : 13.708204,
      "y" : 0.0,
      "z" : 5.236068
    }, {
      "x" : 12.708204,
      "y" : -6.854102,
      "z" : 2.618034
    }, {
      "x" : 8.472136,
      "y" : -8.472136,
      "z" : 8.472136
    } ],
    "faces" : [ {
      "vertices" : [ 0, 1, 2 ]
    }, {
      "vertices" : [ 0, 2, 3 ]
    }, {
      "vertices" : [ 0, 3, 2 ]
    }, {
      "vertices" : [ 0, 2, 1 ]
    } ]
  }, {
    "id" : "7eb7903f-8464-4480-95c7-a83c0f38006c",
    "vertices" : [ {
      "x" : -4.236068,
      "y" : 6.854102,
      "z" : 2.618034
    }, {
      "x" : -11.09017,
      "y" : 9.472136,
      "z" : 1.618034
    }, {
      "x" : -5.236068,
      "y" : 13.708204,
      "z" : 0.0
    } ],
    "faces" : [ {
      "vertices" : [ 0, 1, 2 ]
    }, {
      "vertices" : [ 0, 2, 1 ]
    } ]
  }, {
    "id" : "6b979eaa-d421-42c4-b0fe-c1f8e1047a97",
    "vertices" : [ {
      "x" : 0.0,
      "y" : 13.708204,
      "z" : 5.236068
    }, {
      "x" : -5.236068,
      "y" : 13.708204,
      "z" : 0.0
    }, {
      "x" : 0.0,
      "y" : 18.944271,
      "z" : 0.0
    } ],
    "faces" : [ {
      "vertices" : [ 0, 1, 2 ]
    }, {
      "vertices" : [ 0, 2, 1 ]
    } ]
  }, {
    "id" : "1d3265a2-df8a-4c61-b77d-46349fb03993",
    "vertices" : [ {
      "x" : 1.618034,
      "y" : 11.09017,
      "z" : 9.472136
    }, {
      "x" : 8.472136,
      "y" : 8.472136,
      "z" : 8.472136
    }, {
      "x" : 5.854102,
      "y" : 9.472136,
      "z" : 15.326238
    } ],
    "faces" : [ {
      "vertices" : [ 0, 1, 2 ]
    }, {
      "vertices" : [ 0, 2, 1 ]
    } ]
  }, {
    "id" : "bd4cc811-193f-4535-95b2-ce58abd8e052",
    "vertices" : [ {
      "x" : 12.708204,
      "y" : 6.854102,
      "z" : 2.618034
    }, {
      "x" : 13.708204,
      "y" : 0.0,
      "z" : 5.236068
    }, {
      "x" : 13.708204,
      "y" : 5.236068,
      "z" : 0.0
    } ],
    "faces" : [ {
      "vertices" : [ 0, 1, 2 ]
    }, {
      "vertices" : [ 0, 2, 1 ]
    } ]
  }, {
    "id" : "d2ac1c43-5608-4205-8a2e-e76daf4ab104",
    "vertices" : [ {
      "x" : 0.0,
      "y" : 0.0,
      "z" : -8.472136
    }, {
      "x" : 5.236068,
      "y" : 0.0,
      "z" : -13.708204
    }, {
      "x" : 0.0,
      "y" : 5.236068,
      "z" : -13.708204
    } ],
    "faces" : [ {
      "vertices" : [ 0, 1, 2 ]
    }, {
      "vertices" : [ 0, 2, 1 ]
    } ]
  }, {
    "id" : "514ba9f4-2127-44de-a8bc-1ad8f89948fe",
    "vertices" : [ {
      "x" : 0.0,
      "y" : -13.708204,
      "z" : -5.236068
    }, {
      "x" : 2.618034,
      "y" : -12.708204,
      "z" : -6.854102
    }, {
      "x" : 5.236068,
      "y" : -13.708204,
      "z" : 0.0
    } ],
    "faces" : [ {
      "vertices" : [ 0, 1, 2 ]
    }, {
      "vertices" : [ 0, 2, 1 ]
    } ]
  }, {
    "id" : "550310a9-9015-4e6b-8936-1d1b02ce4b82",
    "vertices" : [ {
      "x" : 11.09017,
      "y" : -9.472136,
      "z" : 1.618034
    }, {
      "x" : 5.236068,
      "y" : -13.708204,
      "z" : 0.0
    }, {
      "x" : 11.09017,
      "y" : -9.472136,
      "z" : -1.618034
    } ],
    "faces" : [ {
      "vertices" : [ 0, 1, 2 ]
    }, {
      "vertices" : [ 0, 2, 1 ]
    } ]
  }, {
    "id" : "96116a2e-dd7a-4398-b6a4-b73bf398f27a",
    "vertices" : [ {
      "x" : 11.09017,
      "y" : -9.472136,
      "z" : 1.618034
    }, {
      "x" : 5.236068,
      "y" : -13.708204,
      "z" : 0.0
    }, {
      "x" : 9.472136,
      "y" : -15.326238,
      "z" : 5.854102
    } ],
    "faces" : [ {
      "vertices" : [ 0, 1, 2 ]
    }, {
      "vertices" : [ 0, 2, 1 ]
    } ]
  }, {
    "id" : "9771f050-b019-4210-b2b4-de5e8bf683ec",
    "vertices" : [ {
      "x" : 13.708204,
      "y" : 0.0,
      "z" : 5.236068
    }, {
      "x" : 6.854102,
      "y" : -2.618034,
      "z" : 4.236068
    }, {
      "x" : 12.708204,
      "y" : -6.854102,
      "z" : 2.618034
    } ],
    "faces" : [ {
      "vertices" : [ 0, 1, 2 ]
    }, {
      "vertices" : [ 0, 2, 1 ]
    } ]
  }, {
    "id" : "7c3bacd7-3ea5-49b6-8963-6139ea35b5b1",
    "vertices" : [ {
      "x" : 0.0,
      "y" : -13.708204,
      "z" : -5.236068
    }, {
      "x" : 0.0,
      "y" : -18.944271,
      "z" : 0.0
    }, {
      "x" : 5.236068,
      "y" : -13.708204,
      "z" : 0.0
    } ],
    "faces" : [ {
      "vertices" : [ 0, 1, 2 ]
    }, {
      "vertices" : [ 0, 2, 1 ]
    } ]
  }, {
    "id" : "3a7f1732-ffd9-4292-9c28-679157a70288",
    "vertices" : [ {
      "x" : -13.708204,
      "y" : 0.0,
      "z" : -5.236068
    }, {
      "x" : -6.854102,
      "y" : 2.618034,
      "z" : -4.236068
    }, {
      "x" : -9.472136,
      "y" : 1.618034,
      "z" : -11.09017
    } ],
    "faces" : [ {
      "vertices" : [ 0, 1, 2 ]
    }, {
      "vertices" : [ 0, 2, 1 ]
    } ]
  }, {
    "id" : "e9447d7f-a5f1-40a0-bc7e-3a95ae555ffc",
    "vertices" : [ {
      "x" : -8.472136,
      "y" : -8.472136,
      "z" : -8.472136
    }, {
      "x" : -4.236068,
      "y" : -6.854102,
      "z" : -2.618034
    }, {
      "x" : -11.09017,
      "y" : -9.472136,
      "z" : -1.618034
    } ],
    "faces" : [ {
      "vertices" : [ 0, 1, 2 ]
    }, {
      "vertices" : [ 0, 2, 1 ]
    } ]
  }, {
    "id" : "d9000105-42fe-477f-a3e5-598c11b4e0cf",
    "vertices" : [ {
      "x" : -6.854102,
      "y" : -2.618034,
      "z" : -12.708204
    }, {
      "x" : -8.472136,
      "y" : -8.472136,
      "z" : -8.472136
    }, {
      "x" : -5.854102,
      "y" : -9.472136,
      "z" : -15.326238
    } ],
    "faces" : [ {
      "vertices" : [ 0, 1, 2 ]
    }, {
      "vertices" : [ 0, 2, 1 ]
    } ]
  }, {
    "id" : "91728900-ab90-4d8a-a54d-28d2984bd72a",
    "vertices" : [ {
      "x" : 6.854102,
      "y" : -2.618034,
      "z" : 12.708204
    }, {
      "x" : 8.472136,
      "y" : -8.472136,
      "z" : 8.472136
    }, {
      "x" : 5.854102,
      "y" : -9.472136,
      "z" : 15.326238
    } ],
    "faces" : [ {
      "vertices" : [ 0, 1, 2 ]
    }, {
