{
  "polygons" : "true",
  "field" : "golden",
  "symmetry" : "icosahedral",
  "orientations" : [ [ 1.0, 0.0, 0.0, 0.0, 0.0, 1.0, 0.0, 0.0, 0.0, 0.0, 1.0, 0.0, 0.0, 0.0, 0.0, 1.0 ], [ 0.0, 0.0, 1.0, 0.0, 1.0, 0.0, 0.0, 0.0, 0.0, 1.0, 0.0, 0.0, 0.0, 0.0, 0.0, 1.0 ], [ 0.0, 1.0, 0.0, 0.0, 0.0, 0.0, 1.0, 0.0, 1.0, 0.0, 0.0, 0.0, 0.0, 0.0, 0.0, 1.0 ], [ 0.809017, 0.309017, 0.5, 0.0, 0.309017, 0.5, -0.809017, 0.0, -0.5, 0.809017, 0.309017, 0.0, 0.0, 0.0, 0.0, 1.0 ], [ -0.5, 0.809017, 0.309017, 0.0, 0.809017, 0.309017, 0.5, 0.0, 0.309017, 0.5, -0.809017, 0.0, 0.0, 0.0, 0.0, 1.0 ], [ 0.309017, 0.5, -0.809017, 0.0, -0.5, 0.809017, 0.309017, 0.0, 0.809017, 0.309017, 0.5, 0.0, 0.0, 0.0, 0.0, 1.0 ], [ 0.5, 0.809017, 0.309017, 0.0, 0.809017, -0.309017, -0.5, 0.0, -0.309017, 0.5, -0.809017, 0.0, 0.0, 0.0, 0.0, 1.0 ], [ -0.309017, 0.5, -0.809017, 0.0, 0.5, 0.809017, 0.309017, 0.0, 0.809017, -0.309017, -0.5, 0.0, 0.0, 0.0, 0.0, 1.0 ], [ 0.809017, -0.309017, -0.5, 0.0, -0.309017, 0.5, -0.809017, 0.0, 0.5, 0.809017, 0.309017, 0.0, 0.0, 0.0, 0.0, 1.0 ], [ 0.5, 0.809017, -0.309017, 0.0, 0.809017, -0.309017, 0.5, 0.0, 0.309017, -0.5, -0.809017, 0.0, 0.0, 0.0, 0.0, 1.0 ], [ 0.309017, -0.5, -0.809017, 0.0, 0.5, 0.809017, -0.309017, 0.0, 0.809017, -0.309017, 0.5, 0.0, 0.0, 0.0, 0.0, 1.0 ], [ 0.809017, -0.309017, 0.5, 0.0, 0.309017, -0.5, -0.809017, 0.0, 0.5, 0.809017, -0.309017, 0.0, 0.0, 0.0, 0.0, 1.0 ], [ 0.809017, 0.309017, -0.5, 0.0, 0.309017, 0.5, 0.809017, 0.0, 0.5, -0.809017, 0.309017, 0.0, 0.0, 0.0, 0.0, 1.0 ], [ 0.5, -0.809017, 0.309017, 0.0, 0.809017, 0.309017, -0.5, 0.0, 0.309017, 0.5, 0.809017, 0.0, 0.0, 0.0, 0.0, 1.0 ], [ 0.309017, 0.5, 0.809017, 0.0, 0.5, -0.809017, 0.309017, 0.0, 0.809017, 0.309017, -0.5, 0.0, 0.0, 0.0, 0.0, 1.0 ], [ 1.0, 0.0, 0.0, 0.0, 0.0, -1.0, 0.0, 0.0, 0.0, 0.0, -1.0, 0.0, 0.0, 0.0, 0.0, 1.0 ], [ 0.0, 0.0, 1.0, 0.0, -1.0, 0.0, 0.0, 0.0, 0.0, -1.0, 0.0, 0.0, 0.0, 0.0, 0.0, 1.0 ], [ 0.0, 1.0, 0.0, 0.0, 0.0, 0.0, -1.0, 0.0, -1.0, 0.0, 0.0, 0.0, 0.0, 0.0, 0.0, 1.0 ], [ 0.809017, 0.309017, 0.5, 0.0, -0.309017, -0.5, 0.809017, 0.0, 0.5, -0.809017, -0.309017, 0.0, 0.0, 0.0, 0.0, 1.0 ], [ -0.5, 0.809017, 0.309017, 0.0, -0.809017, -0.309017, -0.5, 0.0, -0.309017, -0.5, 0.809017, 0.0, 0.0, 0.0, 0.0, 1.0 ], [ 0.309017, 0.5, -0.809017, 0.0, 0.5, -0.809017, -0.309017, 0.0, -0.809017, -0.309017, -0.5, 0.0, 0.0, 0.0, 0.0, 1.0 ], [ 0.5, 0.809017, 0.309017, 0.0, -0.809017, 0.309017, 0.5, 0.0, 0.309017, -0.5, 0.809017, 0.0, 0.0, 0.0, 0.0, 1.0 ], [ -0.309017, 0.5, -0.809017, 0.0, -0.5, -0.809017, -0.309017, 0.0, -0.809017, 0.309017, 0.5, 0.0, 0.0, 0.0, 0.0, 1.0 ], [ 0.809017, -0.309017, -0.5, 0.0, 0.309017, -0.5, 0.809017, 0.0, -0.5, -0.809017, -0.309017, 0.0, 0.0, 0.0, 0.0, 1.0 ], [ 0.5, 0.809017, -0.309017, 0.0, -0.809017, 0.309017, -0.5, 0.0, -0.309017, 0.5, 0.809017, 0.0, 0.0, 0.0, 0.0, 1.0 ], [ 0.309017, -0.5, -0.809017, 0.0, -0.5, -0.809017, 0.309017, 0.0, -0.809017, 0.309017, -0.5, 0.0, 0.0, 0.0, 0.0, 1.0 ], [ 0.809017, -0.309017, 0.5, 0.0, -0.309017, 0.5, 0.809017, 0.0, -0.5, -0.809017, 0.309017, 0.0, 0.0, 0.0, 0.0, 1.0 ], [ 0.809017, 0.309017, -0.5, 0.0, -0.309017, -0.5, -0.809017, 0.0, -0.5, 0.809017, -0.309017, 0.0, 0.0, 0.0, 0.0, 1.0 ], [ 0.5, -0.809017, 0.309017, 0.0, -0.809017, -0.309017, 0.5, 0.0, -0.309017, -0.5, -0.809017, 0.0, 0.0, 0.0, 0.0, 1.0 ], [ 0.309017, 0.5, 0.809017, 0.0, -0.5, 0.809017, -0.309017, 0.0, -0.809017, -0.309017, 0.5, 0.0, 0.0, 0.0, 0.0, 1.0 ], [ -1.0, 0.0, 0.0, 0.0, 0.0, -1.0, 0.0, 0.0, 0.0, 0.0, 1.0, 0.0, 0.0, 0.0, 0.0, 1.0 ], [ 0.0, 0.0, -1.0, 0.0, -1.0, 0.0, 0.0, 0.0, 0.0, 1.0, 0.0, 0.0, 0.0, 0.0, 0.0, 1.0 ], [ 0.0, -1.0, 0.0, 0.0, 0.0, 0.0, -1.0, 0.0, 1.0, 0.0, 0.0, 0.0, 0.0, 0.0, 0.0, 1.0 ], [ -0.809017, -0.309017, -0.5, 0.0, -0.309017, -0.5, 0.809017, 0.0, -0.5, 0.809017, 0.309017, 0.0, 0.0, 0.0, 0.0, 1.0 ], [ 0.5, -0.809017, -0.309017, 0.0, -0.809017, -0.309017, -0.5, 0.0, 0.309017, 0.5, -0.809017, 0.0, 0.0, 0.0, 0.0, 1.0 ], [ -0.309017, -0.5, 0.809017, 0.0, 0.5, -0.809017, -0.309017, 0.0, 0.809017, 0.309017, 0.5, 0.0, 0.0, 0.0, 0.0, 1.0 ], [ -0.5, -0.809017, -0.309017, 0.0, -0.809017, 0.309017, 0.5, 0.0, -0.309017, 0.5, -0.809017, 0.0, 0.0, 0.0, 0.0, 1.0 ], [ 0.309017, -0.5, 0.809017, 0.0, -0.5, -0.809017, -0.309017, 0.0, 0.809017, -0.309017, -0.5, 0.0, 0.0, 0.0, 0.0, 1.0 ], [ -0.809017, 0.309017, 0.5, 0.0, 0.309017, -0.5, 0.809017, 0.0, 0.5, 0.809017, 0.309017, 0.0, 0.0, 0.0, 0.0, 1.0 ], [ -0.5, -0.809017, 0.309017, 0.0, -0.809017, 0.309017, -0.5, 0.0, 0.309017, -0.5, -0.809017, 0.0, 0.0, 0.0, 0.0, 1.0 ], [ -0.309017, 0.5, 0.809017, 0.0, -0.5, -0.809017, 0.309017, 0.0, 0.809017, -0.309017, 0.5, 0.0, 0.0, 0.0, 0.0, 1.0 ], [ -0.809017, 0.309017, -0.5, 0.0, -0.309017, 0.5, 0.809017, 0.0, 0.5, 0.809017, -0.309017, 0.0, 0.0, 0.0, 0.0, 1.0 ], [ -0.809017, -0.309017, 0.5, 0.0, -0.309017, -0.5, -0.809017, 0.0, 0.5, -0.809017, 0.309017, 0.0, 0.0, 0.0, 0.0, 1.0 ], [ -0.5, 0.809017, -0.309017, 0.0, -0.809017, -0.309017, 0.5, 0.0, 0.309017, 0.5, 0.809017, 0.0, 0.0, 0.0, 0.0, 1.0 ], [ -0.309017, -0.5, -0.809017, 0.0, -0.5, 0.809017, -0.309017, 0.0, 0.809017, 0.309017, -0.5, 0.0, 0.0, 0.0, 0.0, 1.0 ], [ -1.0, 0.0, 0.0, 0.0, 0.0, 1.0, 0.0, 0.0, 0.0, 0.0, -1.0, 0.0, 0.0, 0.0, 0.0, 1.0 ], [ 0.0, 0.0, -1.0, 0.0, 1.0, 0.0, 0.0, 0.0, 0.0, -1.0, 0.0, 0.0, 0.0, 0.0, 0.0, 1.0 ], [ 0.0, -1.0, 0.0, 0.0, 0.0, 0.0, 1.0, 0.0, -1.0, 0.0, 0.0, 0.0, 0.0, 0.0, 0.0, 1.0 ], [ -0.809017, -0.309017, -0.5, 0.0, 0.309017, 0.5, -0.809017, 0.0, 0.5, -0.809017, -0.309017, 0.0, 0.0, 0.0, 0.0, 1.0 ], [ 0.5, -0.809017, -0.309017, 0.0, 0.809017, 0.309017, 0.5, 0.0, -0.309017, -0.5, 0.809017, 0.0, 0.0, 0.0, 0.0, 1.0 ], [ -0.309017, -0.5, 0.809017, 0.0, -0.5, 0.809017, 0.309017, 0.0, -0.809017, -0.309017, -0.5, 0.0, 0.0, 0.0, 0.0, 1.0 ], [ -0.5, -0.809017, -0.309017, 0.0, 0.809017, -0.309017, -0.5, 0.0, 0.309017, -0.5, 0.809017, 0.0, 0.0, 0.0, 0.0, 1.0 ], [ 0.309017, -0.5, 0.809017, 0.0, 0.5, 0.809017, 0.309017, 0.0, -0.809017, 0.309017, 0.5, 0.0, 0.0, 0.0, 0.0, 1.0 ], [ -0.809017, 0.309017, 0.5, 0.0, -0.309017, 0.5, -0.809017, 0.0, -0.5, -0.809017, -0.309017, 0.0, 0.0, 0.0, 0.0, 1.0 ], [ -0.5, -0.809017, 0.309017, 0.0, 0.809017, -0.309017, 0.5, 0.0, -0.309017, 0.5, 0.809017, 0.0, 0.0, 0.0, 0.0, 1.0 ], [ -0.309017, 0.5, 0.809017, 0.0, 0.5, 0.809017, -0.309017, 0.0, -0.809017, 0.309017, -0.5, 0.0, 0.0, 0.0, 0.0, 1.0 ], [ -0.809017, 0.309017, -0.5, 0.0, 0.309017, -0.5, -0.809017, 0.0, -0.5, -0.809017, 0.309017, 0.0, 0.0, 0.0, 0.0, 1.0 ], [ -0.809017, -0.309017, 0.5, 0.0, 0.309017, 0.5, 0.809017, 0.0, -0.5, 0.809017, -0.309017, 0.0, 0.0, 0.0, 0.0, 1.0 ], [ -0.5, 0.809017, -0.309017, 0.0, 0.809017, 0.309017, -0.5, 0.0, -0.309017, -0.5, -0.809017, 0.0, 0.0, 0.0, 0.0, 1.0 ], [ -0.309017, -0.5, -0.809017, 0.0, 0.5, -0.809017, 0.309017, 0.0, -0.809017, -0.309017, 0.5, 0.0, 0.0, 0.0, 0.0, 1.0 ] ],
  "lights" : {
    "ambientColor" : "#292929",
    "backgroundColor" : "#AFC8DC",
    "directionalLights" : [ {
      "direction" : [ 1.0, -1.0, -1.0 ],
      "color" : "#EBEBE4"
    }, {
      "direction" : [ -1.0, 0.0, 0.0 ],
      "color" : "#E4E4EB"
    }, {
      "direction" : [ 0.0, 0.0, -1.0 ],
      "color" : "#1E1E1E"
    } ]
  },
  "camera" : {
    "viewDistance" : 135.48752,
    "lookAtPointRV" : {
      "x" : 0.0,
      "y" : 0.0,
      "z" : 0.0,
      "zero" : true
    },
    "lookDirectionRV" : {
      "x" : 1.0,
      "y" : 0.0,
      "z" : 0.0,
      "zero" : false
    },
    "upDirectionRV" : {
      "x" : -0.0,
      "y" : 0.70710677,
      "z" : 0.70710677,
      "zero" : false
    },
    "lookDirection" : {
      "x" : 1.0,
      "y" : 0.0,
      "z" : 0.0
    },
    "nearClipDistance" : 0.3387217,
    "farClipDistance" : 270.9757,
    "perspective" : true,
    "fieldOfView" : 0.44263265,
    "width" : 60.969917,
    "lookAtPoint" : {
      "x" : 0.0,
      "y" : 0.0,
      "z" : 0.0
    },
    "upDirection" : {
      "x" : -0.0,
      "y" : 0.70710677,
      "z" : 0.70710677
    },
    "stereo" : false,
    "position" : {
      "x" : -135.48752,
      "y" : 0.0,
      "z" : 0.0
    }
  },
  "embedding" : [ 1.0, 0.0, 0.0, 0.0, 0.0, 1.0, 0.0, 0.0, 0.0, 0.0, 1.0, 0.0, 0.0, 0.0, 0.0, 1.0 ],
  "shapes" : [ {
    "id" : "308f01b9-c26d-4da9-ac14-d140b547a56a",
    "vertices" : [ {
      "x" : 0.0,
      "y" : 0.0,
      "z" : 0.0
    }, {
      "x" : 0.018599106,
      "y" : -0.01149488,
      "z" : 0.09738618
    }, {
      "x" : 0.018599106,
      "y" : -2.747563,
      "z" : -7.065733
    }, {
      "x" : 0.0,
      "y" : -2.6802707,
      "z" : -7.01704
    } ],
    "faces" : [ {
      "vertices" : [ 0, 1, 2, 3 ]
    }, {
      "vertices" : [ 0, 3, 2, 1 ]
    } ]
  }, {
    "id" : "ec567651-0dcd-4207-88f0-7df810dd68f2",
    "orbit" : "green",
    "orbitC" : "[[2,-1,1],[5,-3,1]]",
    "length" : "[-6,5,3]",
    "name" : " :-2 +5/3*phi",
    "vertices" : [ {
      "x" : 7.4177628,
      "y" : 2.8333333,
      "z" : -1.082237
    }, {
      "x" : 7.035797,
      "y" : 2.3784182,
      "z" : -0.891254
    }, {
      "x" : 6.872678,
      "y" : 2.6423504,
      "z" : -1.318305
    }, {
      "x" : 6.799729,
      "y" : 2.9062824,
      "z" : -1.127322
    }, {
      "x" : 0.85410196,
      "y" : 0.309017,
      "z" : 0.19098301
    }, {
      "x" : 0.690983,
      "y" : 0.572949,
      "z" : -0.23606798
    }, {
      "x" : 0.309017,
      "y" : 0.11803399,
      "z" : -0.045084972
    }, {
      "x" : 0.76393205,
      "y" : 0.309017,
      "z" : -0.42705098
    }, {
      "x" : 0.927051,
      "y" : 0.045084972,
      "z" : 0.0
    }, {
      "x" : 6.9628477,
      "y" : 2.6423504,
      "z" : -0.700271
    }, {
      "x" : 7.72678,
      "y" : 2.9513674,
      "z" : -1.127322
    } ],
    "faces" : [ {
      "vertices" : [ 2, 7, 5, 3 ]
    }, {
      "vertices" : [ 1, 8, 7, 2 ]
    }, {
      "vertices" : [ 4, 6, 8 ]
    }, {
      "vertices" : [ 5, 7, 6 ]
    }, {
      "vertices" : [ 0, 1, 2 ]
    }, {
      "vertices" : [ 0, 2, 3 ]
    }, {
      "vertices" : [ 6, 7, 8 ]
    }, {
      "vertices" : [ 3, 5, 4, 9 ]
    }, {
      "vertices" : [ 1, 9, 4, 8 ]
    }, {
      "vertices" : [ 0, 9, 1 ]
    }, {
      "vertices" : [ 0, 3, 9 ]
    }, {
      "vertices" : [ 4, 5, 6 ]
    } ]
  }, {
    "id" : "1fb60633-62cd-4b21-bc69-6f4f1a49d5a9",
    "vertices" : [ {
      "x" : 0.0,
      "y" : 0.0,
      "z" : 0.0
    }, {
      "x" : -2.3877063,
      "y" : 2.736068,
      "z" : -6.2510962
    }, {
      "x" : -0.212688,
      "y" : 3.651996,
      "z" : -0.5568244
    }, {
      "x" : 0.81573784,
      "y" : 1.7708204,
      "z" : 2.1356294
    } ],
    "faces" : [ {
      "vertices" : [ 0, 1, 2, 3 ]
    }, {
      "vertices" : [ 0, 3, 2, 1 ]
    } ]
  }, {
    "id" : "8079ad40-dd03-4420-a194-9be2b2779d7f",
    "vertices" : [ {
      "x" : 0.0,
      "y" : 0.0,
      "z" : 0.0
    }, {
      "x" : -0.8907364,
      "y" : 3.2227147,
      "z" : 2.3319783
    }, {
      "x" : 0.0,
      "y" : 1.7814728,
      "z" : 4.6639566
    } ],
    "faces" : [ {
      "vertices" : [ 0, 1, 2 ]
    }, {
      "vertices" : [ 0, 2, 1 ]
    } ]
  }, {
    "id" : "efb2c56e-6ae1-41ee-8bc6-cf498990913e",
    "vertices" : [ {
      "x" : 0.0,
      "y" : 0.0,
      "z" : 0.0
    }, {
      "x" : -0.018599106,
      "y" : 0.01149488,
      "z" : -0.09738618
    }, {
      "x" : -0.018599106,
      "y" : 2.747563,
      "z" : 7.065733
    }, {
      "x" : 0.0,
      "y" : 2.6802707,
      "z" : 7.01704
    } ],
    "faces" : [ {
      "vertices" : [ 0, 1, 2, 3 ]
    }, {
      "vertices" : [ 0, 3, 2, 1 ]
    } ]
  }, {
    "id" : "694a8fbd-0242-4769-895a-fe2573ee7754",
    "vertices" : [ {
      "x" : 0.0,
      "y" : 0.0,
      "z" : 0.0
    }, {
      "x" : 0.0,
      "y" : 0.037198212,
      "z" : 0.09738618
    }, {
      "x" : 0.037198212,
      "y" : -0.060187973,
      "z" : 0.09738618
    } ],
    "faces" : [ {
      "vertices" : [ 0, 1, 2 ]
    }, {
      "vertices" : [ 0, 2, 1 ]
    } ]
  }, {
    "id" : "a6b2a7fe-3301-447c-b561-6165fb2f7a0a",
    "vertices" : [ {
      "x" : 0.0,
      "y" : 0.0,
      "z" : 0.0
    }, {
      "x" : 3.2386436,
      "y" : -6.8595576,
      "z" : 4.2394395
    }, {
      "x" : 2.6988697,
      "y" : -7.065733,
      "z" : 0.0
    } ],
    "faces" : [ {
      "vertices" : [ 0, 1, 2 ]
    }, {
      "vertices" : [ 0, 2, 1 ]
    } ]
  }, {
    "id" : "da032d40-dda3-454c-ba6f-9a6f21b56094",
    "vertices" : [ {
      "x" : 0.0,
      "y" : 0.0,
      "z" : 0.0
    }, {
      "x" : 2.8824837,
      "y" : -2.8824837,
      "z" : 0.0
    }, {
      "x" : -1.5746614,
      "y" : -7.35702,
      "z" : 4.465841
    }, {
      "x" : -3.020251,
      "y" : -3.020251,
      "z" : 3.020251
    } ],
    "faces" : [ {
      "vertices" : [ 0, 1, 2, 3 ]
    }, {
      "vertices" : [ 0, 3, 2, 1 ]
    } ]
  }, {
    "id" : "36b809f8-1375-4892-aa2a-23af221ad256",
    "vertices" : [ {
      "x" : 0.0,
      "y" : 0.0,
      "z" : 0.0
    }, {
      "x" : -2.3877063,
      "y" : -2.736068,
      "z" : -6.2510962
    }, {
      "x" : -1.0647573,
      "y" : 2.188174,
      "z" : -2.7875707
    }, {
      "x" : 0.13934466,
      "y" : 2.8652475,
      "z" : 0.36480907
    } ],
    "faces" : [ {
      "vertices" : [ 0, 1, 2, 3 ]
    }, {
      "vertices" : [ 0, 3, 2, 1 ]
    } ]
  }, {
    "id" : "37b8bb39-669f-4b56-8c45-7b43ae29bb5b",
    "vertices" : [ {
      "x" : 0.0,
      "y" : 0.0,
      "z" : 0.0
    }, {
      "x" : -1.7868471,
      "y" : 4.6780267,
      "z" : 0.0
    }, {
      "x" : -1.3401353,
      "y" : 4.848655,
      "z" : 3.50852
    } ],
    "faces" : [ {
      "vertices" : [ 0, 1, 2 ]
    }, {
      "vertices" : [ 0, 2, 1 ]
    } ]
  }, {
    "id" : "647b9c21-b3d6-4b52-987e-43aba51135b3",
    "vertices" : [ {
      "x" : 0.0,
      "y" : 0.0,
      "z" : 0.0
    }, {
      "x" : 0.91202265,
      "y" : -3.2997289,
      "z" : 2.3877063
    }, {
      "x" : -0.80447185,
      "y" : -5.7368445,
      "z" : -2.1061347
    } ],
    "faces" : [ {
      "vertices" : [ 0, 1, 2 ]
    }, {
      "vertices" : [ 0, 2, 1 ]
    } ]
  }, {
    "id" : "001791d4-3b7f-4a66-8e4e-f51aae03ea92",
    "vertices" : [ {
      "x" : 0.0,
      "y" : 0.0,
      "z" : 0.0
    }, {
      "x" : 0.4453682,
      "y" : -1.6113573,
      "z" : -1.1659892
    }, {
      "x" : -0.8907364,
      "y" : 1.4412419,
      "z" : -2.3319783
    } ],
    "faces" : [ {
      "vertices" : [ 0, 1, 2 ]
    }, {
      "vertices" : [ 0, 2, 1 ]
    } ]
  }, {
    "id" : "1db1debe-f5ab-4e9d-acbd-4da875f3f522",
    "vertices" : [ {
      "x" : 0.0,
      "y" : 0.0,
      "z" : 0.0
    }, {
      "x" : 1.4756837,
      "y" : -0.563661,
      "z" : 3.86339
    }, {
      "x" : 0.8601999,
      "y" : -5.6729856,
      "z" : 2.2520328
    } ],
    "faces" : [ {
      "vertices" : [ 0, 1, 2 ]
    }, {
      "vertices" : [ 0, 2, 1 ]
    } ]
  }, {
    "id" : "a7e8695d-e25e-4d79-b89b-500518a5a3d5",
    "vertices" : [ {
      "x" : 0.0,
      "y" : 0.0,
      "z" : 0.0
    }, {
      "x" : -0.030093987,
      "y" : 0.090281956,
      "z" : -0.030093987
    }, {
      "x" : -0.090281956,
      "y" : 0.030093987,
      "z" : 0.030093987
    } ],
    "faces" : [ {
      "vertices" : [ 0, 1, 2 ]
    }, {
      "vertices" : [ 0, 2, 1 ]
    } ]
  }, {
    "id" : "7a4a00a2-c622-4cdb-9b70-171d7198e632",
    "vertices" : [ {
      "x" : 0.0,
      "y" : 0.0,
      "z" : 0.0
    }, {
      "x" : -0.11803399,
      "y" : 0.309017,
      "z" : 0.0
    }, {
      "x" : -0.11803399,
      "y" : 2.927051,
      "z" : 6.854102
    }, {
      "x" : 0.0,
      "y" : 2.736068,
      "z" : 7.163119
    } ],
    "faces" : [ {
      "vertices" : [ 0, 1, 2, 3 ]
    }, {
      "vertices" : [ 0, 3, 2, 1 ]
    } ]
  }, {
    "id" : "d16d9ee5-96f6-4115-840c-4d23a3437c1b",
    "vertices" : [ {
      "x" : 0.0,
      "y" : 0.0,
      "z" : 0.0
    }, {
      "x" : 1.4412419,
      "y" : 0.5505054,
      "z" : 3.77322
    }, {
      "x" : 1.6113573,
      "y" : -2.9474618,
      "z" : 4.2185884
    } ],
    "faces" : [ {
      "vertices" : [ 0, 1, 2 ]
    }, {
      "vertices" : [ 0, 2, 1 ]
    } ]
  }, {
    "id" : "00f5769f-d9cd-42cf-b4c9-0c891cea06db",
    "vertices" : [ {
      "x" : 0.0,
      "y" : 0.0,
      "z" : 0.0
    }, {
      "x" : 2.736068,
      "y" : -6.2510962,
      "z" : 2.3877063
    }, {
      "x" : 2.736068,
      "y" : -7.14452,
      "z" : 0.04869309
    }, {
      "x" : 2.6988697,
      "y" : -7.065733,
      "z" : 0.0
    } ],
    "faces" : [ {
      "vertices" : [ 0, 1, 2, 3 ]
    }, {
      "vertices" : [ 0, 3, 2, 1 ]
    } ]
  }, {
    "id" : "a403f39b-2f97-4693-807f-bec8a3aa1870",
    "vertices" : [ {
      "x" : 0.0,
      "y" : 0.0,
      "z" : 0.0
    }, {
      "x" : 0.8907364,
      "y" : -3.2227147,
      "z" : -2.3319783
    }, {
      "x" : 0.0,
      "y" : -1.7814728,
      "z" : -4.6639566
    } ],
    "faces" : [ {
      "vertices" : [ 0, 1, 2 ]
    }, {
      "vertices" : [ 0, 2, 1 ]
    } ]
  }, {
    "id" : "a71885d4-4a3b-489e-8127-7ba708c4fcfe",
    "vertices" : [ {
      "x" : 0.0,
      "y" : 0.0,
      "z" : 0.0
    }, {
      "x" : 0.037198212,
      "y" : -0.060187973,
      "z" : 0.09738618
    }, {
      "x" : 0.93062174,
      "y" : -2.3992012,
      "z" : 0.09738618
    } ],
    "faces" : [ {
      "vertices" : [ 0, 1, 2 ]
    }, {
      "vertices" : [ 0, 2, 1 ]
    } ]
  }, {
    "id" : "bab8bd8a-eaf3-48d8-967b-b3cb2c5932f7",
    "vertices" : [ {
      "x" : 0.0,
      "y" : 0.0,
      "z" : 0.0
    }, {
      "x" : 0.93062174,
      "y" : -2.3992012,
      "z" : 0.09738618
    }, {
      "x" : 0.5658127,
      "y" : -2.5385458,
      "z" : -2.7678614
    }, {
      "x" : -0.89342356,
      "y" : 0.5521661,
      "z" : -4.6780267
    } ],
    "faces" : [ {
      "vertices" : [ 0, 1, 2, 3 ]
    }, {
      "vertices" : [ 0, 3, 2, 1 ]
    } ]
  }, {
    "id" : "0e45abc4-5efc-4281-8985-cdc102aa3c51",
    "vertices" : [ {
      "x" : 0.0,
      "y" : 0.0,
      "z" : 0.0
    }, {
      "x" : -0.030093987,
      "y" : 0.090281956,
      "z" : -0.030093987
    }, {
      "x" : 0.060187973,
      "y" : 0.060187973,
      "z" : -0.060187973
    } ],
    "faces" : [ {
      "vertices" : [ 0, 1, 2 ]
    }, {
      "vertices" : [ 0, 2, 1 ]
    } ]
  }, {
    "id" : "58379dd6-2835-4cbd-b5d2-16952d9225c4",
    "vertices" : [ {
      "x" : 0.0,
      "y" : 0.0,
      "z" : 0.0
    }, {
      "x" : 0.5505054,
      "y" : -3.77322,
      "z" : 1.4412419
    }, {
      "x" : -0.6154837,
      "y" : -5.1093245,
      "z" : -1.6113573
    } ],
    "faces" : [ {
      "vertices" : [ 0, 1, 2 ]
    }, {
      "vertices" : [ 0, 2, 1 ]
    } ]
  }, {
    "id" : "ba57e9ee-810a-4f79-9724-3e5eee1c169e",
    "name" : "ball",
    "vertices" : [ {
      "x" : -0.309017,
      "y" : -0.19098301,
      "z" : 0.0
    }, {
      "x" : -0.309017,
      "y" : 0.19098301,
      "z" : 0.0
    }, {
      "x" : -0.19098301,
      "y" : 0.0,
      "z" : -0.309017
    }, {
      "x" : -0.19098301,
      "y" : 0.0,
      "z" : 0.309017
    }, {
      "x" : 0.0,
      "y" : -0.309017,
      "z" : -0.19098301
    }, {
      "x" : 0.0,
      "y" : -0.309017,
      "z" : 0.19098301
    }, {
      "x" : 0.0,
      "y" : 0.309017,
      "z" : -0.19098301
    }, {
      "x" : 0.0,
      "y" : 0.309017,
      "z" : 0.19098301
    }, {
      "x" : 0.19098301,
      "y" : 0.0,
      "z" : -0.309017
    }, {
      "x" : 0.19098301,
      "y" : 0.0,
      "z" : 0.309017
    }, {
      "x" : 0.309017,
      "y" : -0.19098301,
      "z" : 0.0
    }, {
      "x" : 0.309017,
      "y" : 0.19098301,
      "z" : 0.0
    } ],
    "faces" : [ {
      "vertices" : [ 0, 1, 2 ]
    }, {
      "vertices" : [ 0, 3, 1 ]
    }, {
      "vertices" : [ 0, 2, 4 ]
    }, {
      "vertices" : [ 0, 5, 3 ]
    }, {
      "vertices" : [ 0, 4, 5 ]
    }, {
      "vertices" : [ 1, 6, 2 ]
    }, {
      "vertices" : [ 1, 3, 7 ]
    }, {
      "vertices" : [ 1, 7, 6 ]
    }, {
      "vertices" : [ 2, 8, 4 ]
    }, {
      "vertices" : [ 2, 6, 8 ]
    }, {
      "vertices" : [ 3, 5, 9 ]
    }, {
      "vertices" : [ 3, 9, 7 ]
    }, {
      "vertices" : [ 4, 10, 5 ]
    }, {
      "vertices" : [ 4, 8, 10 ]
    }, {
      "vertices" : [ 5, 10, 9 ]
    }, {
      "vertices" : [ 6, 7, 11 ]
    }, {
      "vertices" : [ 6, 11, 8 ]
    }, {
      "vertices" : [ 7, 9, 11 ]
    }, {
      "vertices" : [ 8, 11, 10 ]
    }, {
      "vertices" : [ 9, 10, 11 ]
    } ]
  }, {
    "id" : "b356e53f-d0c6-4427-b5fc-e5d304259573",
    "vertices" : [ {
      "x" : 0.0,
      "y" : 0.0,
      "z" : 0.0
    }, {
      "x" : 0.34836167,
      "y" : 7.163119,
      "z" : 0.91202265
    }, {
      "x" : 1.2085615,
      "y" : 1.4901333,
      "z" : 3.1640553
    }, {
      "x" : 0.81573784,
      "y" : -1.7708204,
      "z" : 2.1356294
    } ],
    "faces" : [ {
      "vertices" : [ 0, 1, 2, 3 ]
    }, {
      "vertices" : [ 0, 3, 2, 1 ]
    } ]
  }, {
    "id" : "10c882d0-aaa6-475a-8bc3-178ab98bc8b2",
    "vertices" : [ {
      "x" : 0.0,
      "y" : 0.0,
      "z" : 0.0
    }, {
      "x" : 0.060187973,
      "y" : -0.077579446,
      "z" : 0.008695736
    }, {
      "x" : -0.060187973,
      "y" : -0.077579446,
      "z" : 0.06888371
    } ],
    "faces" : [ {
      "vertices" : [ 0, 1, 2 ]
    }, {
      "vertices" : [ 0, 2, 1 ]
    } ]
  }, {
    "id" : "286b0f40-b0c2-4d88-8e62-560a770f36a5",
    "vertices" : [ {
      "x" : 0.0,
      "y" : 0.0,
      "z" : 0.0
    }, {
      "x" : 0.077579446,
      "y" : -0.060187973,
      "z" : -0.008695736
    }, {
      "x" : 0.077579446,
      "y" : 0.060187973,
      "z" : -0.06888371
    } ],
    "faces" : [ {
      "vertices" : [ 0, 1, 2 ]
    }, {
      "vertices" : [ 0, 2, 1 ]
    } ]
  }, {
    "id" : "8410fe21-ff56-47ed-a5d8-d81286ffe8c9",
    "vertices" : [ {
      "x" : 0.0,
      "y" : 0.0,
      "z" : 0.0
    }, {
      "x" : 0.030093987,
      "y" : -0.090281956,
      "z" : 0.030093987
    }, {
      "x" : -7.8603535,
      "y" : 2.620118,
      "z" : 2.620118
    } ],
    "faces" : [ {
      "vertices" : [ 0, 1, 2 ]
    }, {
      "vertices" : [ 0, 2, 1 ]
    } ]
  }, {
    "id" : "3e169d3b-de4a-49ef-bd05-ff534b0f5ce0",
    "vertices" : [ {
      "x" : 0.0,
      "y" : 0.0,
      "z" : 0.0
    }, {
      "x" : 0.090281956,
      "y" : -0.030093987,
      "z" : -0.030093987
    }, {
      "x" : -2.620118,
      "y" : 7.8603535,
      "z" : -2.620118
    } ],
    "faces" : [ {
      "vertices" : [ 0, 1, 2 ]
    }, {
      "vertices" : [ 0, 2, 1 ]
    } ]
  }, {
    "id" : "6eb018b1-f293-4782-93e9-e973330ea923",
    "vertices" : [ {
      "x" : 0.0,
      "y" : 0.0,
      "z" : 0.0
    }, {
      "x" : -0.8907364,
      "y" : 3.2227147,
      "z" : -2.3319783
    }, {
      "x" : 0.10513717,
      "y" : 5.3845773,
      "z" : 0.2752527
    } ],
    "faces" : [ {
      "vertices" : [ 0, 1, 2 ]
    }, {
      "vertices" : [ 0, 2, 1 ]
    } ]
  }, {
    "id" : "5b309139-aac6-4db7-bb74-69218a43f0f5",
    "vertices" : [ {
      "x" : 0.0,
      "y" : 0.0,
      "z" : 0.0
    }, {
      "x" : 0.34836167,
      "y" : -7.163119,
      "z" : 0.91202265
    }, {
      "x" : -1.0221848,
      "y" : -2.3422027,
      "z" : -2.6761146
    }, {
      "x" : -0.95508254,
      "y" : 1.0944272,
      "z" : -2.5004385
    } ],
    "faces" : [ {
      "vertices" : [ 0, 1, 2, 3 ]
    }, {
      "vertices" : [ 0, 3, 2, 1 ]
    } ]
  }, {
    "id" : "da1cce5b-9305-40d4-922d-8af44b26f842",
    "vertices" : [ {
      "x" : 0.0,
      "y" : 0.0,
      "z" : 0.0
    }, {
      "x" : 2.8911793,
      "y" : 2.8911793,
      "z" : -2.8911793
    }, {
      "x" : 2.8135998,
      "y" : 2.9513674,
      "z" : -2.8824837
    }, {
      "x" : -2.9513674,
      "y" : 2.9513674,
      "z" : 0.0
    } ],
    "faces" : [ {
      "vertices" : [ 0, 1, 2, 3 ]
    }, {
      "vertices" : [ 0, 3, 2, 1 ]
    } ]
  }, {
    "id" : "80cb0a78-06ae-4ed9-bccf-fa00f3137cf0",
    "vertices" : [ {
      "x" : 0.0,
      "y" : 0.0,
      "z" : 0.0
    }, {
      "x" : 2.0393445,
      "y" : 4.427051,
      "z" : 5.3390737
    }, {
      "x" : 1.2348728,
      "y" : -1.3097934,
      "z" : 3.232939
    }, {
      "x" : 0.13934466,
      "y" : -2.8652475,
      "z" : 0.36480907
    } ],
    "faces" : [ {
      "vertices" : [ 0, 1, 2, 3 ]
    }, {
      "vertices" : [ 0, 3, 2, 1 ]
    } ]
  }, {
    "id" : "54fa3b3e-2551-4224-bca7-eb551de51465",
    "vertices" : [ {
      "x" : 0.0,
      "y" : 0.0,
      "z" : 0.0
    }, {
      "x" : 1.1695067,
      "y" : 1.3401353,
      "z" : 3.061808
    }, {
      "x" : 1.7331676,
      "y" : -2.5232546,
      "z" : 4.537492
    }, {
      "x" : 0.82114494,
      "y" : -5.8229837,
      "z" : 2.1497855
    }, {
      "x" : -0.3858263,
      "y" : -3.2028658,
      "z" : -1.0101063
    } ],
    "faces" : [ {
      "vertices" : [ 0, 1, 2, 3, 4 ]
    }, {
      "vertices" : [ 0, 4, 3, 2, 1 ]
    } ]
  }, {
    "id" : "d3a0437d-f540-4c7b-87ed-359914708ac2",
    "vertices" : [ {
      "x" : 0.0,
      "y" : 0.0,
      "z" : 0.0
    }, {
      "x" : 0.0,
      "y" : -0.037198212,
      "z" : -0.09738618
    }, {
      "x" : -0.037198212,
      "y" : 0.060187973,
      "z" : -0.09738618
    } ],
    "faces" : [ {
      "vertices" : [ 0, 1, 2 ]
    }, {
      "vertices" : [ 0, 2, 1 ]
    } ]
  }, {
    "id" : "b13dd33f-d25d-4da1-9cd7-36a69bf97f8e",
    "vertices" : [ {
      "x" : 0.0,
      "y" : 0.0,
      "z" : 0.0
    }, {
      "x" : -0.090281956,
      "y" : 0.030093987,
      "z" : 0.030093987
    }, {
      "x" : -0.060187973,
      "y" : -0.060187973,
      "z" : 0.060187973
    } ],
    "faces" : [ {
      "vertices" : [ 0, 1, 2 ]
    }, {
      "vertices" : [ 0, 2, 1 ]
    } ]
  }, {
    "id" : "a077795b-dee4-449e-b8fa-10ad8f3e3b0e",
    "vertices" : [ {
      "x" : 0.0,
      "y" : 0.0,
      "z" : 0.0
    }, {
      "x" : 0.077579446,
      "y" : 0.060187973,
      "z" : -0.06888371
    }, {
      "x" : 4.4745364,
      "y" : 4.4571447,
      "z" : -4.465841
    } ],
    "faces" : [ {
      "vertices" : [ 0, 1, 2 ]
    }, {
      "vertices" : [ 0, 2, 1 ]
    } ]
  }, {
    "id" : "89676565-72b2-410c-ba64-ccd2ae25476f",
    "vertices" : [ {
      "x" : 0.0,
      "y" : 0.0,
      "z" : 0.0
    }, {
      "x" : -0.090281956,
      "y" : 0.030093987,
      "z" : 0.030093987
    }, {
      "x" : -0.030093987,
      "y" : 0.090281956,
      "z" : -0.030093987
    } ],
    "faces" : [ {
      "vertices" : [ 0, 1, 2 ]
    }, {
      "vertices" : [ 0, 2, 1 ]
    } ]
  }, {
    "id" : "a620319a-5f00-4cc4-8ce6-8ef6d1bc3969",
    "vertices" : [ {
      "x" : 0.0,
      "y" : 0.0,
      "z" : 0.0
    }, {
      "x" : 4.336769,
      "y" : -4.4571447,
      "z" : 0.060187973
    }, {
      "x" : 4.336769,
      "y" : -4.336769,
      "z" : 0.0
    } ],
    "faces" : [ {
      "vertices" : [ 0, 1, 2 ]
    }, {
      "vertices" : [ 0, 2, 1 ]
    } ]
  }, {
    "id" : "af3d5ea0-6db3-4c43-adb5-0a71ab6fa3f1",
    "vertices" : [ {
      "x" : 0.0,
      "y" : 0.0,
      "z" : 0.0
    }, {
      "x" : -0.030093987,
      "y" : 0.090281956,
      "z" : -0.030093987
    }, {
      "x" : 4.366863,
      "y" : 4.487239,
      "z" : -4.427051
    }, {
      "x" : 4.427051,
      "y" : 4.427051,
      "z" : -4.427051
    } ],
    "faces" : [ {
      "vertices" : [ 0, 1, 2, 3 ]
    }, {
      "vertices" : [ 0, 3, 2, 1 ]
    } ]
  }, {
    "id" : "22262d5c-ed68-471e-aa31-cb2394bc6efb",
    "vertices" : [ {
      "x" : 0.0,
      "y" : 0.0,
      "z" : 0.0
    }, {
      "x" : 4.4571447,
      "y" : -4.336769,
      "z" : -0.060187973
    }, {
      "x" : 4.336769,
      "y" : -4.336769,
      "z" : 0.0
    } ],
    "faces" : [ {
      "vertices" : [ 0, 1, 2 ]
    }, {
      "vertices" : [ 0, 2, 1 ]
    } ]
  }, {
    "id" : "1ae61ba8-1210-4284-88d1-a3dcc62cbc1e",
    "vertices" : [ {
      "x" : 0.0,
      "y" : 0.0,
      "z" : 0.0
    }, {
      "x" : 2.618034,
      "y" : -6.854102,
      "z" : 0.0
    }, {
      "x" : 2.618034,
      "y" : -9.472136,
      "z" : -6.854102
    }, {
      "x" : 0.0,
      "y" : -2.618034,
      "z" : -6.854102
    } ],
    "faces" : [ {
      "vertices" : [ 0, 1, 2, 3 ]
    }, {
      "vertices" : [ 0, 3, 2, 1 ]
    } ]
  }, {
    "id" : "31c71668-d13b-4cc7-91d4-6acc00905ead",
    "vertices" : [ {
      "x" : 0.0,
      "y" : 0.0,
      "z" : 0.0
    }, {
      "x" : -0.090281956,
      "y" : 0.030093987,
      "z" : 0.030093987
    }, {
      "x" : -4.487239,
      "y" : -4.366863,
      "z" : 4.427051
    }, {
      "x" : -4.427051,
      "y" : -4.427051,
      "z" : 4.427051
    } ],
    "faces" : [ {
      "vertices" : [ 0, 1, 2, 3 ]
    }, {
      "vertices" : [ 0, 3, 2, 1 ]
    } ]
  }, {
    "id" : "3112d2f7-a4c9-4874-b21b-c58121d04fc3",
    "vertices" : [ {
      "x" : 0.0,
      "y" : 0.0,
      "z" : 0.0
    }, {
      "x" : -0.4453682,
      "y" : 1.6113573,
      "z" : 1.1659892
    }, {
      "x" : 0.8907364,
      "y" : -1.4412419,
      "z" : 2.3319783
    } ],
    "faces" : [ {
      "vertices" : [ 0, 1, 2 ]
    }, {
      "vertices" : [ 0, 2, 1 ]
    } ]
  }, {
    "id" : "1e2ef217-bfa3-44d0-ba16-2297dd914098",
    "vertices" : [ {
      "x" : 0.0,
      "y" : 0.0,
      "z" : 0.0
    }, {
      "x" : 2.8824837,
      "y" : -2.8824837,
      "z" : 0.0
    }, {
      "x" : 7.35702,
      "y" : 1.5746614,
      "z" : -4.465841
    }, {
      "x" : 3.020251,
      "y" : 3.020251,
      "z" : -3.020251
    } ],
    "faces" : [ {
      "vertices" : [ 0, 1, 2, 3 ]
    }, {
      "vertices" : [ 0, 3, 2, 1 ]
    } ]
  }, {
    "id" : "da4b79ae-b05e-4d8c-b3b6-0432c1365da6",
    "vertices" : [ {
      "x" : 0.0,
      "y" : 0.0,
      "z" : 0.0
    }, {
      "x" : 1.1695067,
      "y" : -1.3401353,
      "z" : 3.061808
    }, {
      "x" : 0.60584563,
      "y" : -5.2035255,
      "z" : 1.5861244
    }, {
      "x" : -0.86983806,
      "y" : -5.767186,
      "z" : -2.2772655
    }, {
      "x" : -1.0760133,
      "y" : -1.5277467,
      "z" : -2.8170395
    } ],
    "faces" : [ {
      "vertices" : [ 0, 1, 2, 3, 4 ]
    }, {
      "vertices" : [ 0, 4, 3, 2, 1 ]
    } ]
  }, {
    "id" : "2172732b-d45e-4c47-a218-24bd80f1e0c2",
    "vertices" : [ {
      "x" : 0.0,
      "y" : 0.0,
      "z" : 0.0
    }, {
      "x" : -0.5505054,
      "y" : -3.77322,
      "z" : -1.4412419
    }, {
      "x" : -1.7164944,
      "y" : -2.4371154,
      "z" : -4.493841
    } ],
    "faces" : [ {
      "vertices" : [ 0, 1, 2 ]
    }, {
      "vertices" : [ 0, 2, 1 ]
    } ]
  }, {
    "id" : "a104fb65-2c2b-4c12-acb8-16fab371161d",
    "vertices" : [ {
      "x" : 0.0,
      "y" : 0.0,
      "z" : 0.0
    }, {
      "x" : 7.8904476,
      "y" : -2.7103999,
      "z" : -2.5900238
    }, {
      "x" : 3.5536783,
      "y" : -7.0471687,
      "z" : 1.7467452
    }, {
      "x" : -0.9034666,
      "y" : -2.7103999,
      "z" : 1.8069332
    } ],
    "faces" : [ {
      "vertices" : [ 0, 1, 2, 3 ]
    }, {
      "vertices" : [ 0, 3, 2, 1 ]
    } ]
  }, {
    "id" : "5ba04f8e-7ae2-462d-92a9-e8ecf95d9929",
    "vertices" : [ {
      "x" : 0.0,
      "y" : 0.0,
      "z" : 0.0
    }, {
      "x" : -3.2386436,
      "y" : 6.8595576,
      "z" : -4.2394395
    }, {
      "x" : -2.6988697,
      "y" : 7.065733,
      "z" : 0.0
    } ],
    "faces" : [ {
      "vertices" : [ 0, 1, 2 ]
    }, {
      "vertices" : [ 0, 2, 1 ]
    } ]
  }, {
    "id" : "946d6f91-ba79-457c-94be-0a62787b1ecf",
    "vertices" : [ {
      "x" : 0.0,
      "y" : 0.0,
      "z" : 0.0
    }, {
      "x" : 0.8907364,
      "y" : 3.2227147,
      "z" : 2.3319783
    }, {
      "x" : 1.88661,
      "y" : 1.0608519,
      "z" : 4.939209
    } ],
    "faces" : [ {
      "vertices" : [ 0, 1, 2 ]
    }, {
      "vertices" : [ 0, 2, 1 ]
    } ]
  }, {
    "id" : "38e69635-6114-42d5-bef9-8cdb7044d5e7",
    "vertices" : [ {
      "x" : 0.0,
      "y" : 0.0,
      "z" : 0.0
    }, {
      "x" : -2.8911793,
      "y" : -2.8911793,
      "z" : 2.8911793
    }, {
      "x" : -2.9513674,
      "y" : -2.8135998,
      "z" : 2.8824837
    }, {
      "x" : -2.9513674,
      "y" : 2.9513674,
      "z" : 0.0
    } ],
    "faces" : [ {
      "vertices" : [ 0, 1, 2, 3 ]
    }, {
      "vertices" : [ 0, 3, 2, 1 ]
    } ]
  }, {
    "id" : "a32158e0-37a8-4375-86fc-47cb2120048f",
    "vertices" : [ {
      "x" : 0.0,
      "y" : 0.0,
      "z" : 0.0
    }, {
      "x" : -2.736068,
      "y" : 6.2510962,
      "z" : -2.3877063
    }, {
      "x" : -2.736068,
      "y" : 7.14452,
      "z" : -0.04869309
    }, {
      "x" : -2.6988697,
      "y" : 7.065733,
      "z" : 0.0
    } ],
    "faces" : [ {
      "vertices" : [ 0, 1, 2, 3 ]
    }, {
      "vertices" : [ 0, 3, 2, 1 ]
    } ]
  }, {
    "id" : "b658e93e-a1a2-4370-8f41-94eabbf8dd95",
    "vertices" : [ {
      "x" : 0.0,
      "y" : 0.0,
      "z" : 0.0
    }, {
      "x" : 1.4412419,
      "y" : -1.4412419,
      "z" : 0.0
    }, {
      "x" : -1.5790092,
      "y" : -4.461493,
      "z" : 3.020251
    }, {
      "x" : -2.759556,
      "y" : -0.9198521,
      "z" : 1.8397042
    } ],
    "faces" : [ {
      "vertices" : [ 0, 1, 2, 3 ]
    }, {
      "vertices" : [ 0, 3, 2, 1 ]
    } ]
  }, {
    "id" : "6dda0f93-6c94-4ec3-9daa-fb74d95e6d06",
    "vertices" : [ {
      "x" : 0.0,
      "y" : 0.0,
      "z" : 0.0
    }, {
      "x" : 2.8824837,
      "y" : 2.8824837,
      "z" : -2.8824837
    }, {
      "x" : 5.7649674,
      "y" : 0.0,
      "z" : -2.8824837
    } ],
    "faces" : [ {
      "vertices" : [ 0, 1, 2 ]
    }, {
      "vertices" : [ 0, 2, 1 ]
    } ]
  }, {
    "id" : "0b0d182b-b41d-422c-ab4a-ad4d5a85424c",
    "vertices" : [ {
      "x" : 0.0,
      "y" : 0.0,
      "z" : 0.0
    }, {
      "x" : -0.060187973,
      "y" : -0.077579446,
      "z" : 0.06888371
    }, {
      "x" : -4.4571447,
      "y" : -4.4745364,
      "z" : 4.465841
    } ],
    "faces" : [ {
      "vertices" : [ 0, 1, 2 ]
    }, {
      "vertices" : [ 0, 2, 1 ]
    } ]
  }, {
    "id" : "904ace4b-4b8e-4419-a2b0-c66826e1d1c1",
    "vertices" : [ {
      "x" : 0.0,
      "y" : 0.0,
      "z" : 0.0
    }, {
      "x" : 0.563661,
      "y" : 3.86339,
      "z" : 1.4756837
    }, {
      "x" : 2.1750183,
      "y" : 0.915928,
      "z" : 5.694272
    } ],
    "faces" : [ {
      "vertices" : [ 0, 1, 2 ]
    }, {
      "vertices" : [ 0, 2, 1 ]
    } ]
  }, {
    "id" : "fae71c7e-21ea-4285-a155-2e1070e08984",
    "vertices" : [ {
      "x" : 0.0,
      "y" : 0.0,
      "z" : 0.0
    }, {
      "x" : -0.93062174,
      "y" : 2.3992012,
      "z" : -0.09738618
    }, {
      "x" : -0.5658127,
      "y" : 2.5385458,
      "z" : 2.7678614
    }, {
      "x" : 0.89342356,
      "y" : -0.5521661,
      "z" : 4.6780267
    } ],
    "faces" : [ {
      "vertices" : [ 0, 1, 2, 3 ]
    }, {
      "vertices" : [ 0, 3, 2, 1 ]
    } ]
  }, {
    "id" : "1d1ecb93-9e1d-4eab-ac58-7f09e8fa2343",
    "vertices" : [ {
      "x" : 0.0,
      "y" : 0.0,
      "z" : 0.0
    }, {
      "x" : -0.9988779,
      "y" : -2.1683846,
      "z" : -2.6150963
    }, {
      "x" : -1.9109006,
      "y" : 1.1313444,
      "z" : -5.0028024
    }, {
      "x" : -1.3472396,
      "y" : 4.9947343,
      "z" : -3.527119
    }, {
      "x" : 0.065907,
      "y" : 3.3754127,
      "z" : 0.17254676
    } ],
    "faces" : [ {
      "vertices" : [ 0, 1, 2, 3, 4 ]
    }, {
      "vertices" : [ 0, 4, 3, 2, 1 ]
    } ]
  }, {
    "id" : "4b620677-2b5d-46bb-805f-ddc83e8394c2",
    "vertices" : [ {
      "x" : 0.0,
      "y" : 0.0,
      "z" : 0.0
    }, {
      "x" : -0.037198212,
      "y" : 0.060187973,
      "z" : -0.09738618
    }, {
      "x" : -0.93062174,
      "y" : 2.3992012,
      "z" : -0.09738618
    } ],
    "faces" : [ {
      "vertices" : [ 0, 1, 2 ]
    }, {
      "vertices" : [ 0, 2, 1 ]
    } ]
  }, {
    "id" : "f9bb9bfb-7f06-4067-bef2-5d8398a2d3ce",
    "vertices" : [ {
      "x" : 0.0,
      "y" : 0.0,
      "z" : 0.0
    }, {
      "x" : 2.7103999,
      "y" : -7.8904476,
      "z" : 2.5900238
    }, {
      "x" : 7.0471687,
      "y" : -3.5536783,
      "z" : -1.7467452
    }, {
      "x" : 2.7103999,
      "y" : 0.9034666,
      "z" : -1.8069332
    } ],
    "faces" : [ {
      "vertices" : [ 0, 1, 2, 3 ]
    }, {
      "vertices" : [ 0, 3, 2, 1 ]
    } ]
  }, {
    "id" : "aca87037-3b43-4d00-a1e8-4cc1e2386479",
    "vertices" : [ {
      "x" : 0.0,
      "y" : 0.0,
      "z" : 0.0
    }, {
      "x" : 1.7868471,
      "y" : -4.6780267,
      "z" : 0.0
    }, {
      "x" : 1.3401353,
      "y" : -4.848655,
      "z" : -3.50852
    } ],
    "faces" : [ {
      "vertices" : [ 0, 1, 2 ]
    }, {
      "vertices" : [ 0, 2, 1 ]
    } ]
  }, {
    "id" : "bcba43c0-1420-4f89-9526-49731a1a7fbf",
    "vertices" : [ {
      "x" : 0.0,
      "y" : 0.0,
      "z" : 0.0
    }, {
      "x" : -2.8824837,
      "y" : -2.8824837,
      "z" : 2.8824837
    }, {
      "x" : 0.0,
      "y" : -5.7649674,
      "z" : 2.8824837
    } ],
    "faces" : [ {
      "vertices" : [ 0, 1, 2 ]
    }, {
      "vertices" : [ 0, 2, 1 ]
    } ]
  }, {
    "id" : "3ca57590-dec5-452c-98e2-9bf6817a70d4",
    "vertices" : [ {
      "x" : 0.0,
      "y" : 0.0,
      "z" : 0.0
    }, {
      "x" : 1.4412419,
      "y" : -1.4412419,
      "z" : 0.0
    }, {
      "x" : 4.461493,
      "y" : 1.5790092,
      "z" : -3.020251
    }, {
      "x" : 0.9198521,
      "y" : 2.759556,
      "z" : -1.8397042
    } ],
    "faces" : [ {
      "vertices" : [ 0, 1, 2, 3 ]
    }, {
      "vertices" : [ 0, 3, 2, 1 ]
    } ]
  }, {
    "id" : "3280d733-23ce-4bcc-badc-85ee757283d6",
    "vertices" : [ {
      "x" : 0.0,
      "y" : 0.0,
      "z" : 0.0
    }, {
      "x" : -0.17062871,
      "y" : -3.50852,
      "z" : -0.44671178
    }, {
      "x" : -1.6463124,
      "y" : -2.9448588,
      "z" : -4.310102
    }, {
      "x" : -2.2099733,
      "y" : 0.9185311,
      "z" : -5.785785
    }, {
      "x" : -0.79682684,
      "y" : 2.537853,
      "z" : -2.0861197
    } ],
    "faces" : [ {
      "vertices" : [ 0, 1, 2, 3, 4 ]
    }, {
      "vertices" : [ 0, 4, 3, 2, 1 ]
    } ]
  }, {
    "id" : "24664103-1f28-4df6-add5-f51dc0c3dafb",
    "vertices" : [ {
      "x" : 0.0,
      "y" : 0.0,
      "z" : 0.0
    }, {
      "x" : -0.91202265,
      "y" : -3.2997289,
      "z" : -2.3877063
    }, {
      "x" : -2.1831489,
      "y" : 0.7487438,
      "z" : -5.715558
    } ],
    "faces" : [ {
      "vertices" : [ 0, 1, 2 ]
    }, {
      "vertices" : [ 0, 2, 1 ]
    } ]
  }, {
    "id" : "97a54fd4-72ed-4313-bd59-4fdad991f6de",
    "vertices" : [ {
      "x" : 0.0,
      "y" : 0.0,
      "z" : 0.0
    }, {
      "x" : 0.11803399,
      "y" : -0.309017,
      "z" : 0.0
    }, {
      "x" : 0.11803399,
      "y" : -2.927051,
      "z" : -6.854102
    }, {
      "x" : 0.0,
      "y" : -2.736068,
      "z" : -7.163119
    } ],
    "faces" : [ {
      "vertices" : [ 0, 1, 2, 3 ]
    }, {
      "vertices" : [ 0, 3, 2, 1 ]
    } ]
  }, {
    "id" : "de218ed4-d7df-4bff-9bc2-eed17eff2f6d",
    "vertices" : [ {
      "x" : 0.0,
      "y" : 0.0,
      "z" : 0.0
    }, {
      "x" : -0.17062871,
      "y" : 3.50852,
      "z" : -0.44671178
    }, {
      "x" : 1.3050549,
      "y" : 4.0721807,
      "z" : 3.4166782
    }, {
      "x" : 2.2170775,
      "y" : 0.7724519,
      "z" : 5.8043847
    }, {
      "x" : 1.0101063,
      "y" : -1.8476659,
      "z" : 2.6444929
    } ],
    "faces" : [ {
      "vertices" : [ 0, 1, 2, 3, 4 ]
    }, {
      "vertices" : [ 0, 4, 3, 2, 1 ]
    } ]
  }, {
    "id" : "89c7b2b5-000e-4069-9cdf-81d7e37d111c",
    "vertices" : [ {
      "x" : 0.0,
      "y" : 0.0,
      "z" : 0.0
    }, {
      "x" : -0.563661,
      "y" : 3.86339,
      "z" : -1.4756837
    }, {
      "x" : 1.322949,
      "y" : 4.924242,
      "z" : 3.4635255
    } ],
    "faces" : [ {
      "vertices" : [ 0, 1, 2 ]
    }, {
      "vertices" : [ 0, 2, 1 ]
    } ]
  }, {
    "id" : "cdd9c2e2-0ce7-4d4a-9709-2f811f79d9f9",
    "vertices" : [ {
      "x" : 0.0,
      "y" : 0.0,
      "z" : 0.0
    }, {
      "x" : -1.4412419,
      "y" : 0.5505054,
      "z" : -3.77322
    }, {
      "x" : -1.2711263,
      "y" : 4.048473,
      "z" : -3.3278518
