{
  "polygons" : "true",
  "field" : "golden",
  "symmetry" : "icosahedral",
  "orientations" : [ [ 1.0, 0.0, 0.0, 0.0, 0.0, 1.0, 0.0, 0.0, 0.0, 0.0, 1.0, 0.0, 0.0, 0.0, 0.0, 1.0 ], [ 0.0, 0.0, 1.0, 0.0, 1.0, 0.0, 0.0, 0.0, 0.0, 1.0, 0.0, 0.0, 0.0, 0.0, 0.0, 1.0 ], [ 0.0, 1.0, 0.0, 0.0, 0.0, 0.0, 1.0, 0.0, 1.0, 0.0, 0.0, 0.0, 0.0, 0.0, 0.0, 1.0 ], [ 0.809017, 0.309017, 0.5, 0.0, 0.309017, 0.5, -0.809017, 0.0, -0.5, 0.809017, 0.309017, 0.0, 0.0, 0.0, 0.0, 1.0 ], [ -0.5, 0.809017, 0.309017, 0.0, 0.809017, 0.309017, 0.5, 0.0, 0.309017, 0.5, -0.809017, 0.0, 0.0, 0.0, 0.0, 1.0 ], [ 0.309017, 0.5, -0.809017, 0.0, -0.5, 0.809017, 0.309017, 0.0, 0.809017, 0.309017, 0.5, 0.0, 0.0, 0.0, 0.0, 1.0 ], [ 0.5, 0.809017, 0.309017, 0.0, 0.809017, -0.309017, -0.5, 0.0, -0.309017, 0.5, -0.809017, 0.0, 0.0, 0.0, 0.0, 1.0 ], [ -0.309017, 0.5, -0.809017, 0.0, 0.5, 0.809017, 0.309017, 0.0, 0.809017, -0.309017, -0.5, 0.0, 0.0, 0.0, 0.0, 1.0 ], [ 0.809017, -0.309017, -0.5, 0.0, -0.309017, 0.5, -0.809017, 0.0, 0.5, 0.809017, 0.309017, 0.0, 0.0, 0.0, 0.0, 1.0 ], [ 0.5, 0.809017, -0.309017, 0.0, 0.809017, -0.309017, 0.5, 0.0, 0.309017, -0.5, -0.809017, 0.0, 0.0, 0.0, 0.0, 1.0 ], [ 0.309017, -0.5, -0.809017, 0.0, 0.5, 0.809017, -0.309017, 0.0, 0.809017, -0.309017, 0.5, 0.0, 0.0, 0.0, 0.0, 1.0 ], [ 0.809017, -0.309017, 0.5, 0.0, 0.309017, -0.5, -0.809017, 0.0, 0.5, 0.809017, -0.309017, 0.0, 0.0, 0.0, 0.0, 1.0 ], [ 0.809017, 0.309017, -0.5, 0.0, 0.309017, 0.5, 0.809017, 0.0, 0.5, -0.809017, 0.309017, 0.0, 0.0, 0.0, 0.0, 1.0 ], [ 0.5, -0.809017, 0.309017, 0.0, 0.809017, 0.309017, -0.5, 0.0, 0.309017, 0.5, 0.809017, 0.0, 0.0, 0.0, 0.0, 1.0 ], [ 0.309017, 0.5, 0.809017, 0.0, 0.5, -0.809017, 0.309017, 0.0, 0.809017, 0.309017, -0.5, 0.0, 0.0, 0.0, 0.0, 1.0 ], [ 1.0, 0.0, 0.0, 0.0, 0.0, -1.0, 0.0, 0.0, 0.0, 0.0, -1.0, 0.0, 0.0, 0.0, 0.0, 1.0 ], [ 0.0, 0.0, 1.0, 0.0, -1.0, 0.0, 0.0, 0.0, 0.0, -1.0, 0.0, 0.0, 0.0, 0.0, 0.0, 1.0 ], [ 0.0, 1.0, 0.0, 0.0, 0.0, 0.0, -1.0, 0.0, -1.0, 0.0, 0.0, 0.0, 0.0, 0.0, 0.0, 1.0 ], [ 0.809017, 0.309017, 0.5, 0.0, -0.309017, -0.5, 0.809017, 0.0, 0.5, -0.809017, -0.309017, 0.0, 0.0, 0.0, 0.0, 1.0 ], [ -0.5, 0.809017, 0.309017, 0.0, -0.809017, -0.309017, -0.5, 0.0, -0.309017, -0.5, 0.809017, 0.0, 0.0, 0.0, 0.0, 1.0 ], [ 0.309017, 0.5, -0.809017, 0.0, 0.5, -0.809017, -0.309017, 0.0, -0.809017, -0.309017, -0.5, 0.0, 0.0, 0.0, 0.0, 1.0 ], [ 0.5, 0.809017, 0.309017, 0.0, -0.809017, 0.309017, 0.5, 0.0, 0.309017, -0.5, 0.809017, 0.0, 0.0, 0.0, 0.0, 1.0 ], [ -0.309017, 0.5, -0.809017, 0.0, -0.5, -0.809017, -0.309017, 0.0, -0.809017, 0.309017, 0.5, 0.0, 0.0, 0.0, 0.0, 1.0 ], [ 0.809017, -0.309017, -0.5, 0.0, 0.309017, -0.5, 0.809017, 0.0, -0.5, -0.809017, -0.309017, 0.0, 0.0, 0.0, 0.0, 1.0 ], [ 0.5, 0.809017, -0.309017, 0.0, -0.809017, 0.309017, -0.5, 0.0, -0.309017, 0.5, 0.809017, 0.0, 0.0, 0.0, 0.0, 1.0 ], [ 0.309017, -0.5, -0.809017, 0.0, -0.5, -0.809017, 0.309017, 0.0, -0.809017, 0.309017, -0.5, 0.0, 0.0, 0.0, 0.0, 1.0 ], [ 0.809017, -0.309017, 0.5, 0.0, -0.309017, 0.5, 0.809017, 0.0, -0.5, -0.809017, 0.309017, 0.0, 0.0, 0.0, 0.0, 1.0 ], [ 0.809017, 0.309017, -0.5, 0.0, -0.309017, -0.5, -0.809017, 0.0, -0.5, 0.809017, -0.309017, 0.0, 0.0, 0.0, 0.0, 1.0 ], [ 0.5, -0.809017, 0.309017, 0.0, -0.809017, -0.309017, 0.5, 0.0, -0.309017, -0.5, -0.809017, 0.0, 0.0, 0.0, 0.0, 1.0 ], [ 0.309017, 0.5, 0.809017, 0.0, -0.5, 0.809017, -0.309017, 0.0, -0.809017, -0.309017, 0.5, 0.0, 0.0, 0.0, 0.0, 1.0 ], [ -1.0, 0.0, 0.0, 0.0, 0.0, -1.0, 0.0, 0.0, 0.0, 0.0, 1.0, 0.0, 0.0, 0.0, 0.0, 1.0 ], [ 0.0, 0.0, -1.0, 0.0, -1.0, 0.0, 0.0, 0.0, 0.0, 1.0, 0.0, 0.0, 0.0, 0.0, 0.0, 1.0 ], [ 0.0, -1.0, 0.0, 0.0, 0.0, 0.0, -1.0, 0.0, 1.0, 0.0, 0.0, 0.0, 0.0, 0.0, 0.0, 1.0 ], [ -0.809017, -0.309017, -0.5, 0.0, -0.309017, -0.5, 0.809017, 0.0, -0.5, 0.809017, 0.309017, 0.0, 0.0, 0.0, 0.0, 1.0 ], [ 0.5, -0.809017, -0.309017, 0.0, -0.809017, -0.309017, -0.5, 0.0, 0.309017, 0.5, -0.809017, 0.0, 0.0, 0.0, 0.0, 1.0 ], [ -0.309017, -0.5, 0.809017, 0.0, 0.5, -0.809017, -0.309017, 0.0, 0.809017, 0.309017, 0.5, 0.0, 0.0, 0.0, 0.0, 1.0 ], [ -0.5, -0.809017, -0.309017, 0.0, -0.809017, 0.309017, 0.5, 0.0, -0.309017, 0.5, -0.809017, 0.0, 0.0, 0.0, 0.0, 1.0 ], [ 0.309017, -0.5, 0.809017, 0.0, -0.5, -0.809017, -0.309017, 0.0, 0.809017, -0.309017, -0.5, 0.0, 0.0, 0.0, 0.0, 1.0 ], [ -0.809017, 0.309017, 0.5, 0.0, 0.309017, -0.5, 0.809017, 0.0, 0.5, 0.809017, 0.309017, 0.0, 0.0, 0.0, 0.0, 1.0 ], [ -0.5, -0.809017, 0.309017, 0.0, -0.809017, 0.309017, -0.5, 0.0, 0.309017, -0.5, -0.809017, 0.0, 0.0, 0.0, 0.0, 1.0 ], [ -0.309017, 0.5, 0.809017, 0.0, -0.5, -0.809017, 0.309017, 0.0, 0.809017, -0.309017, 0.5, 0.0, 0.0, 0.0, 0.0, 1.0 ], [ -0.809017, 0.309017, -0.5, 0.0, -0.309017, 0.5, 0.809017, 0.0, 0.5, 0.809017, -0.309017, 0.0, 0.0, 0.0, 0.0, 1.0 ], [ -0.809017, -0.309017, 0.5, 0.0, -0.309017, -0.5, -0.809017, 0.0, 0.5, -0.809017, 0.309017, 0.0, 0.0, 0.0, 0.0, 1.0 ], [ -0.5, 0.809017, -0.309017, 0.0, -0.809017, -0.309017, 0.5, 0.0, 0.309017, 0.5, 0.809017, 0.0, 0.0, 0.0, 0.0, 1.0 ], [ -0.309017, -0.5, -0.809017, 0.0, -0.5, 0.809017, -0.309017, 0.0, 0.809017, 0.309017, -0.5, 0.0, 0.0, 0.0, 0.0, 1.0 ], [ -1.0, 0.0, 0.0, 0.0, 0.0, 1.0, 0.0, 0.0, 0.0, 0.0, -1.0, 0.0, 0.0, 0.0, 0.0, 1.0 ], [ 0.0, 0.0, -1.0, 0.0, 1.0, 0.0, 0.0, 0.0, 0.0, -1.0, 0.0, 0.0, 0.0, 0.0, 0.0, 1.0 ], [ 0.0, -1.0, 0.0, 0.0, 0.0, 0.0, 1.0, 0.0, -1.0, 0.0, 0.0, 0.0, 0.0, 0.0, 0.0, 1.0 ], [ -0.809017, -0.309017, -0.5, 0.0, 0.309017, 0.5, -0.809017, 0.0, 0.5, -0.809017, -0.309017, 0.0, 0.0, 0.0, 0.0, 1.0 ], [ 0.5, -0.809017, -0.309017, 0.0, 0.809017, 0.309017, 0.5, 0.0, -0.309017, -0.5, 0.809017, 0.0, 0.0, 0.0, 0.0, 1.0 ], [ -0.309017, -0.5, 0.809017, 0.0, -0.5, 0.809017, 0.309017, 0.0, -0.809017, -0.309017, -0.5, 0.0, 0.0, 0.0, 0.0, 1.0 ], [ -0.5, -0.809017, -0.309017, 0.0, 0.809017, -0.309017, -0.5, 0.0, 0.309017, -0.5, 0.809017, 0.0, 0.0, 0.0, 0.0, 1.0 ], [ 0.309017, -0.5, 0.809017, 0.0, 0.5, 0.809017, 0.309017, 0.0, -0.809017, 0.309017, 0.5, 0.0, 0.0, 0.0, 0.0, 1.0 ], [ -0.809017, 0.309017, 0.5, 0.0, -0.309017, 0.5, -0.809017, 0.0, -0.5, -0.809017, -0.309017, 0.0, 0.0, 0.0, 0.0, 1.0 ], [ -0.5, -0.809017, 0.309017, 0.0, 0.809017, -0.309017, 0.5, 0.0, -0.309017, 0.5, 0.809017, 0.0, 0.0, 0.0, 0.0, 1.0 ], [ -0.309017, 0.5, 0.809017, 0.0, 0.5, 0.809017, -0.309017, 0.0, -0.809017, 0.309017, -0.5, 0.0, 0.0, 0.0, 0.0, 1.0 ], [ -0.809017, 0.309017, -0.5, 0.0, 0.309017, -0.5, -0.809017, 0.0, -0.5, -0.809017, 0.309017, 0.0, 0.0, 0.0, 0.0, 1.0 ], [ -0.809017, -0.309017, 0.5, 0.0, 0.309017, 0.5, 0.809017, 0.0, -0.5, 0.809017, -0.309017, 0.0, 0.0, 0.0, 0.0, 1.0 ], [ -0.5, 0.809017, -0.309017, 0.0, 0.809017, 0.309017, -0.5, 0.0, -0.309017, -0.5, -0.809017, 0.0, 0.0, 0.0, 0.0, 1.0 ], [ -0.309017, -0.5, -0.809017, 0.0, 0.5, -0.809017, 0.309017, 0.0, -0.809017, -0.309017, 0.5, 0.0, 0.0, 0.0, 0.0, 1.0 ] ],
  "lights" : {
    "backgroundColor" : "#CCCCCC",
    "ambientColor" : "#292929",
    "directionalLights" : [ {
      "direction" : [ 1.0, -1.0, -1.0 ],
      "color" : "#EBEBE4"
    }, {
      "direction" : [ -1.0, 0.0, 0.0 ],
      "color" : "#E4E4EB"
    }, {
      "direction" : [ 0.0, 0.0, -1.0 ],
      "color" : "#1E1E1E"
    } ]
  },
  "camera" : {
    "lookDirectionRV" : {
      "x" : 0.0020826226,
      "y" : 0.7089688,
      "z" : -0.7052336,
      "zero" : false
    },
    "lookAtPointRV" : {
      "x" : 0.0,
      "y" : 0.0,
      "z" : 0.0,
      "zero" : true
    },
    "upDirectionRV" : {
      "x" : 0.0027962,
      "y" : 0.7052309,
      "z" : 0.7089735,
      "zero" : false
    },
    "viewDistance" : 168.82784,
    "perspective" : true,
    "fieldOfView" : 0.44262862,
    "lookAtPoint" : {
      "x" : 0.0,
      "y" : 0.0,
      "z" : 0.0
    },
    "lookDirection" : {
      "x" : 0.0020826226,
      "y" : 0.7089688,
      "z" : -0.7052336
    },
    "upDirection" : {
      "x" : 0.0027962,
      "y" : 0.7052309,
      "z" : 0.7089735
    },
    "nearClipDistance" : 0.4220697,
    "farClipDistance" : 337.65506,
    "width" : 75.97248,
    "stereo" : false,
    "position" : {
      "x" : -0.35160467,
      "y" : -119.69367,
      "z" : 119.06306
    }
  },
  "embedding" : [ 1.0, 0.0, 0.0, 0.0, 0.0, 1.0, 0.0, 0.0, 0.0, 0.0, 1.0, 0.0, 0.0, 0.0, 0.0, 1.0 ],
  "shapes" : [ {
    "id" : "aa6bddb3-77ce-48ce-80a4-53703fc01f18",
    "name" : "ball",
    "vertices" : [ {
      "x" : 0.309017,
      "y" : -0.309017,
      "z" : -0.309017
    }, {
      "x" : 0.5,
      "y" : 0.0,
      "z" : -0.19098301
    }, {
      "x" : 0.5,
      "y" : 0.0,
      "z" : 0.19098301
    }, {
      "x" : 0.309017,
      "y" : -0.309017,
      "z" : 0.309017
    }, {
      "x" : 0.19098301,
      "y" : -0.5,
      "z" : 0.0
    }, {
      "x" : 0.0,
      "y" : 0.19098301,
      "z" : 0.5
    }, {
      "x" : 0.0,
      "y" : -0.19098301,
      "z" : 0.5
    }, {
      "x" : 0.309017,
      "y" : 0.309017,
      "z" : 0.309017
    }, {
      "x" : -0.309017,
      "y" : -0.309017,
      "z" : 0.309017
    }, {
      "x" : -0.309017,
      "y" : 0.309017,
      "z" : 0.309017
    }, {
      "x" : -0.5,
      "y" : 0.0,
      "z" : 0.19098301
    }, {
      "x" : 0.0,
      "y" : -0.19098301,
      "z" : -0.5
    }, {
      "x" : 0.0,
      "y" : 0.19098301,
      "z" : -0.5
    }, {
      "x" : 0.309017,
      "y" : 0.309017,
      "z" : -0.309017
    }, {
      "x" : -0.309017,
      "y" : -0.309017,
      "z" : -0.309017
    }, {
      "x" : -0.19098301,
      "y" : -0.5,
      "z" : 0.0
    }, {
      "x" : -0.5,
      "y" : 0.0,
      "z" : -0.19098301
    }, {
      "x" : 0.19098301,
      "y" : 0.5,
      "z" : 0.0
    }, {
      "x" : -0.309017,
      "y" : 0.309017,
      "z" : -0.309017
    }, {
      "x" : 0.0,
      "y" : 0.0,
      "z" : 0.0
    }, {
      "x" : -0.19098301,
      "y" : 0.5,
      "z" : 0.0
    } ],
    "faces" : [ {
      "vertices" : [ 12, 18, 20, 17, 13 ]
    }, {
      "vertices" : [ 3, 6, 8, 15, 4 ]
    }, {
      "vertices" : [ 0, 11, 12, 13, 1 ]
    }, {
      "vertices" : [ 5, 9, 10, 8, 6 ]
    }, {
      "vertices" : [ 2, 7, 5, 6, 3 ]
    }, {
      "vertices" : [ 11, 14, 16, 18, 12 ]
    }, {
      "vertices" : [ 1, 13, 17, 7, 2 ]
    }, {
      "vertices" : [ 9, 20, 18, 16, 10 ]
    }, {
      "vertices" : [ 0, 1, 2, 3, 4 ]
    }, {
      "vertices" : [ 5, 7, 17, 20, 9 ]
    }, {
      "vertices" : [ 0, 4, 15, 14, 11 ]
    }, {
      "vertices" : [ 8, 10, 16, 14, 15 ]
    } ]
  }, {
    "id" : "13f76a3e-2b53-46c5-87e6-c627b100b2f4",
    "vertices" : [ {
      "x" : 0.0,
      "y" : 0.0,
      "z" : 0.0
    }, {
      "x" : 0.0,
      "y" : 0.76393205,
      "z" : 0.0
    }, {
      "x" : 0.0,
      "y" : 0.76393205,
      "z" : 50.832817
    }, {
      "x" : 0.0,
      "y" : 0.0,
      "z" : 50.832817
    } ],
    "faces" : [ {
      "vertices" : [ 0, 1, 2, 3 ]
    }, {
      "vertices" : [ 0, 3, 2, 1 ]
    } ]
  }, {
    "id" : "040305a6-a166-4d2d-bb1e-5c57a349b4df",
    "vertices" : [ {
      "x" : 0.0,
      "y" : 0.0,
      "z" : 0.0
    }, {
      "x" : 0.0,
      "y" : 0.0,
      "z" : 3.236068
    }, {
      "x" : 0.0,
      "y" : -17.708204,
      "z" : 3.236068
    }, {
      "x" : 0.0,
      "y" : -17.708204,
      "z" : 0.0
    } ],
    "faces" : [ {
      "vertices" : [ 0, 1, 2, 3 ]
    }, {
      "vertices" : [ 0, 3, 2, 1 ]
    } ]
  }, {
    "id" : "623617e9-f053-4a0f-b537-fe420dcbb132",
    "vertices" : [ {
      "x" : 0.0,
      "y" : 0.0,
      "z" : 0.0
    }, {
      "x" : 0.0,
      "y" : 0.0,
      "z" : -3.236068
    }, {
      "x" : 0.0,
      "y" : 51.59675,
      "z" : -3.236068
    }, {
      "x" : 0.0,
      "y" : 51.59675,
      "z" : 0.0
    } ],
    "faces" : [ {
      "vertices" : [ 0, 1, 2, 3 ]
    }, {
      "vertices" : [ 0, 3, 2, 1 ]
    } ]
  }, {
    "id" : "3d51a055-2480-461e-88f9-fdad9354af3a",
    "orbit" : "blue",
    "orbitC" : "[[0,0,1],[0,0,1]]",
    "length" : "[-1,1,1]",
    "name" : "b0",
    "vertices" : [ {
      "x" : 1.0,
      "y" : 0.309017,
      "z" : 0.19098301
    }, {
      "x" : 1.0,
      "y" : -0.309017,
      "z" : 0.19098301
    }, {
      "x" : 4.236068,
      "y" : -0.309017,
      "z" : 0.19098301
    }, {
      "x" : 4.236068,
      "y" : 0.309017,
      "z" : 0.19098301
    }, {
      "x" : 4.236068,
      "y" : -0.309017,
      "z" : -0.19098301
    }, {
      "x" : 4.236068,
      "y" : 0.309017,
      "z" : -0.19098301
    }, {
      "x" : 4.854102,
      "y" : 0.0,
      "z" : 0.0
    }, {
      "x" : 0.38196602,
      "y" : 0.0,
      "z" : 0.0
    }, {
      "x" : 1.0,
      "y" : 0.309017,
      "z" : -0.19098301
    }, {
      "x" : 1.0,
      "y" : -0.309017,
      "z" : -0.19098301
    }, {
      "x" : 5.236068,
      "y" : 0.0,
      "z" : 0.0
    } ],
    "faces" : [ {
      "vertices" : [ 1, 9, 4, 2 ]
    }, {
      "vertices" : [ 0, 3, 5, 8 ]
    }, {
      "vertices" : [ 1, 7, 9 ]
    }, {
      "vertices" : [ 0, 1, 2, 3 ]
    }, {
      "vertices" : [ 7, 8, 9 ]
    }, {
      "vertices" : [ 0, 7, 1 ]
    }, {
      "vertices" : [ 4, 9, 8, 5 ]
    }, {
      "vertices" : [ 2, 6, 3 ]
    }, {
      "vertices" : [ 2, 4, 6 ]
    }, {
      "vertices" : [ 3, 6, 5 ]
    }, {
      "vertices" : [ 4, 5, 6 ]
    }, {
      "vertices" : [ 0, 8, 7 ]
    } ]
  }, {
    "id" : "1df3eb47-cf48-4a17-8db7-161cd16a130d",
    "vertices" : [ {
      "x" : 0.0,
      "y" : 0.0,
      "z" : 0.0
    }, {
      "x" : 0.0,
      "y" : 0.618034,
      "z" : 4.236068
    }, {
      "x" : 0.0,
      "y" : -28.416409,
      "z" : 8.472136
    }, {
      "x" : 0.0,
      "y" : -29.034441,
      "z" : 4.236068
    } ],
    "faces" : [ {
      "vertices" : [ 0, 1, 2, 3 ]
    }, {
      "vertices" : [ 0, 3, 2, 1 ]
    } ]
  }, {
    "id" : "c3d516df-89a3-42c0-90ff-07729ea289f6",
    "vertices" : [ {
      "x" : 0.0,
      "y" : 0.0,
      "z" : 0.0
    }, {
      "x" : 0.0,
      "y" : 50.832817,
      "z" : 0.0
    }, {
      "x" : 0.0,
      "y" : 50.832817,
      "z" : 5.236068
    }, {
      "x" : 0.0,
      "y" : 0.0,
      "z" : 5.236068
    } ],
    "faces" : [ {
      "vertices" : [ 0, 1, 2, 3 ]
    }, {
      "vertices" : [ 0, 3, 2, 1 ]
    } ]
  }, {
    "id" : "d58af758-08bc-4de1-a8a7-8a6c1ead89e9",
    "vertices" : [ {
      "x" : 0.0,
      "y" : 0.0,
      "z" : 0.0
    }, {
      "x" : 0.0,
      "y" : 0.47213596,
      "z" : 0.0
    }, {
      "x" : 0.0,
      "y" : 0.47213596,
      "z" : 51.59675
    }, {
      "x" : 0.0,
      "y" : 0.0,
      "z" : 51.59675
    } ],
    "faces" : [ {
      "vertices" : [ 0, 1, 2, 3 ]
    }, {
      "vertices" : [ 0, 3, 2, 1 ]
    } ]
  }, {
    "id" : "b9464afe-6d36-461c-a2e8-2c3c09fe1f7e",
    "vertices" : [ {
      "x" : 0.0,
      "y" : 0.0,
      "z" : 0.0
    }, {
      "x" : 0.0,
      "y" : -17.708204,
      "z" : 0.0
    }, {
      "x" : 0.0,
      "y" : -17.708204,
      "z" : -3.236068
    }, {
      "x" : 0.0,
      "y" : 0.0,
      "z" : -3.236068
    } ],
    "faces" : [ {
      "vertices" : [ 0, 1, 2, 3 ]
    }, {
      "vertices" : [ 0, 3, 2, 1 ]
    } ]
  }, {
    "id" : "3ca5f589-b4d3-445d-9025-31ea686653b3",
    "vertices" : [ {
      "x" : 0.0,
      "y" : 0.0,
      "z" : 0.0
    }, {
      "x" : 0.0,
      "y" : 0.0,
      "z" : -0.47213596
    }, {
      "x" : 0.0,
      "y" : 3.236068,
      "z" : -0.47213596
    }, {
      "x" : 0.0,
      "y" : 3.236068,
      "z" : 0.0
    } ],
    "faces" : [ {
      "vertices" : [ 0, 1, 2, 3 ]
    }, {
      "vertices" : [ 0, 3, 2, 1 ]
    } ]
  }, {
    "id" : "317cfe55-03fe-4eb6-9b73-301f7d95dbdb",
    "vertices" : [ {
      "x" : 0.0,
      "y" : 0.0,
      "z" : 0.0
    }, {
      "x" : 0.0,
      "y" : 0.0,
      "z" : 0.47213596
    }, {
      "x" : -29.034441,
      "y" : 4.236068,
      "z" : 0.47213596
    }, {
      "x" : -29.034441,
      "y" : 4.236068,
      "z" : 0.0
    } ],
    "faces" : [ {
      "vertices" : [ 0, 1, 2, 3 ]
    }, {
      "vertices" : [ 0, 3, 2, 1 ]
    } ]
  }, {
    "id" : "78aea97d-6a57-458a-b422-601e6865e70d",
    "vertices" : [ {
      "x" : 0.0,
      "y" : 0.0,
      "z" : 0.0
    }, {
      "x" : 0.0,
      "y" : 0.47213596,
      "z" : 0.0
    }, {
      "x" : 0.0,
      "y" : 0.47213596,
      "z" : 17.708204
    }, {
      "x" : 0.0,
      "y" : 0.0,
      "z" : 17.708204
    } ],
    "faces" : [ {
      "vertices" : [ 0, 1, 2, 3 ]
    }, {
      "vertices" : [ 0, 3, 2, 1 ]
    } ]
  }, {
    "id" : "4cf4594b-dd8a-4799-88f5-41209d8a4b61",
    "vertices" : [ {
      "x" : 0.0,
      "y" : 0.0,
      "z" : 0.0
    }, {
      "x" : 0.0,
      "y" : 0.0,
      "z" : 0.47213596
    }, {
      "x" : 0.0,
      "y" : -3.236068,
      "z" : 0.47213596
    }, {
      "x" : 0.0,
      "y" : -3.236068,
      "z" : 0.0
    } ],
    "faces" : [ {
      "vertices" : [ 0, 1, 2, 3 ]
    }, {
      "vertices" : [ 0, 3, 2, 1 ]
    } ]
  }, {
    "id" : "d5a665b1-70ac-4e1b-84bf-a1aad04c4605",
    "vertices" : [ {
      "x" : 0.0,
      "y" : 0.0,
      "z" : 0.0
    }, {
      "x" : 29.034441,
      "y" : -4.236068,
      "z" : 0.0
    }, {
      "x" : 29.034441,
      "y" : -4.236068,
      "z" : 0.47213596
    }, {
      "x" : 0.0,
      "y" : 0.0,
      "z" : 0.47213596
    } ],
    "faces" : [ {
      "vertices" : [ 0, 1, 2, 3 ]
    }, {
      "vertices" : [ 0, 3, 2, 1 ]
    } ]
  }, {
    "id" : "c2580803-318e-4491-8885-ade72c2f6d7d",
    "vertices" : [ {
      "x" : 0.0,
      "y" : 0.0,
      "z" : 0.0
    }, {
      "x" : 0.0,
      "y" : 0.0,
      "z" : -17.708204
    }, {
      "x" : 0.0,
      "y" : 0.47213596,
      "z" : -17.708204
    }, {
      "x" : 0.0,
      "y" : 0.47213596,
      "z" : 0.0
    } ],
    "faces" : [ {
      "vertices" : [ 0, 1, 2, 3 ]
    }, {
      "vertices" : [ 0, 3, 2, 1 ]
    } ]
  } ],
  "instances" : [ {
    "shape" : "aa6bddb3-77ce-48ce-80a4-53703fc01f18",
    "color" : "#F2F2F2",
    "position" : {
      "x" : 8.472136,
      "y" : 18.472136,
      "z" : 0.47213596
    }
  }, {
    "shape" : "aa6bddb3-77ce-48ce-80a4-53703fc01f18",
    "color" : "#F2F2F2",
    "position" : {
      "x" : -25.416409,
      "y" : -8.472136,
      "z" : -5.236068
    }
  }, {
    "shape" : "aa6bddb3-77ce-48ce-80a4-53703fc01f18",
    "color" : "#F2F2F2",
    "position" : {
      "x" : 26.18034,
      "y" : 25.416409,
      "z" : 0.47213596
    }
  }, {
    "shape" : "aa6bddb3-77ce-48ce-80a4-53703fc01f18",
    "color" : "#F2F2F2",
    "position" : {
      "x" : 8.472136,
      "y" : -8.472136,
      "z" : 0.0
    }
  }, {
    "shape" : "13f76a3e-2b53-46c5-87e6-c627b100b2f4",
    "color" : "#663300",
    "position" : {
      "x" : -8.472136,
      "y" : -25.416409,
      "z" : 0.0
    },
    "orientation" : 2
  }, {
    "shape" : "aa6bddb3-77ce-48ce-80a4-53703fc01f18",
    "color" : "#F2F2F2",
    "position" : {
      "x" : -25.416409,
      "y" : 25.416409,
      "z" : 0.47213596
    }
  }, {
    "shape" : "aa6bddb3-77ce-48ce-80a4-53703fc01f18",
    "color" : "#F2F2F2",
    "position" : {
      "x" : -7.708204,
      "y" : 8.472136,
      "z" : 0.0
    }
  }, {
    "shape" : "aa6bddb3-77ce-48ce-80a4-53703fc01f18",
    "color" : "#F2F2F2",
    "position" : {
      "x" : 26.18034,
      "y" : -25.416409,
      "z" : 0.0
    }
  }, {
    "shape" : "aa6bddb3-77ce-48ce-80a4-53703fc01f18",
    "color" : "#F2F2F2",
    "position" : {
      "x" : 15.326238,
      "y" : 7.472136,
      "z" : 0.47213596
    }
  }, {
    "shape" : "aa6bddb3-77ce-48ce-80a4-53703fc01f18",
    "color" : "#F2F2F2",
    "position" : {
      "x" : 26.18034,
      "y" : 22.18034,
      "z" : 0.47213596
    }
  }, {
    "shape" : "aa6bddb3-77ce-48ce-80a4-53703fc01f18",
    "color" : "#F2F2F2",
    "position" : {
      "x" : -8.472136,
      "y" : 8.472136,
      "z" : -5.236068
    }
  }, {
    "shape" : "aa6bddb3-77ce-48ce-80a4-53703fc01f18",
    "color" : "#F2F2F2",
    "position" : {
      "x" : 8.472136,
      "y" : 25.416409,
      "z" : -5.236068
    }
  }, {
    "shape" : "aa6bddb3-77ce-48ce-80a4-53703fc01f18",
    "color" : "#F2F2F2",
    "position" : {
      "x" : 8.472136,
      "y" : 8.472136,
      "z" : 0.0
    }
  }, {
    "shape" : "aa6bddb3-77ce-48ce-80a4-53703fc01f18",
    "color" : "#F2F2F2",
    "position" : {
      "x" : -25.416409,
      "y" : 25.416409,
      "z" : 0.0
    }
  }, {
    "shape" : "aa6bddb3-77ce-48ce-80a4-53703fc01f18",
    "color" : "#F2F2F2",
    "position" : {
      "x" : -25.416409,
      "y" : 8.472136,
      "z" : -5.236068
    }
  }, {
    "shape" : "aa6bddb3-77ce-48ce-80a4-53703fc01f18",
    "color" : "#F2F2F2",
    "position" : {
      "x" : -8.472136,
      "y" : 25.416409,
      "z" : -5.236068
    }
  }, {
    "shape" : "040305a6-a166-4d2d-bb1e-5c57a349b4df",
    "color" : "#663300",
    "position" : {
      "x" : 8.472136,
      "y" : 15.236068,
      "z" : 0.0
    },
    "orientation" : 2
  }, {
    "shape" : "aa6bddb3-77ce-48ce-80a4-53703fc01f18",
    "color" : "#F2F2F2",
    "position" : {
      "x" : -25.416409,
      "y" : 8.472136,
      "z" : 0.0
    }
  }, {
    "shape" : "13f76a3e-2b53-46c5-87e6-c627b100b2f4",
    "color" : "#663300",
    "position" : {
      "x" : 25.416409,
      "y" : -25.416409,
      "z" : 0.0
    },
    "orientation" : 2
  }, {
    "shape" : "aa6bddb3-77ce-48ce-80a4-53703fc01f18",
    "color" : "#F2F2F2",
    "position" : {
      "x" : 25.416409,
      "y" : 25.416409,
      "z" : -5.236068
    }
  }, {
    "shape" : "aa6bddb3-77ce-48ce-80a4-53703fc01f18",
    "color" : "#F2F2F2",
    "position" : {
      "x" : -25.416409,
      "y" : 22.18034,
      "z" : 0.0
    }
  }, {
    "shape" : "623617e9-f053-4a0f-b537-fe420dcbb132",
    "color" : "#663300",
    "position" : {
      "x" : -25.416409,
      "y" : 25.416409,
      "z" : 0.47213596
    },
    "orientation" : 2
  }, {
    "shape" : "aa6bddb3-77ce-48ce-80a4-53703fc01f18",
    "color" : "#F2F2F2",
    "position" : {
      "x" : -13.708204,
      "y" : 11.708204,
      "z" : 0.47213596
    }
  }, {
    "shape" : "3d51a055-2480-461e-88f9-fdad9354af3a",
    "color" : "#008EC2",
    "position" : {
      "x" : 26.18034,
      "y" : 25.416409,
      "z" : 0.0
    },
    "orientation" : 47
  }, {
    "shape" : "1df3eb47-cf48-4a17-8db7-161cd16a130d",
    "color" : "#663300",
    "position" : {
      "x" : 15.326238,
      "y" : 7.472136,
      "z" : 0.47213596
    },
    "orientation" : 2
  }, {
    "shape" : "1df3eb47-cf48-4a17-8db7-161cd16a130d",
    "color" : "#663300",
    "position" : {
      "x" : 15.326238,
      "y" : 7.472136,
      "z" : 0.0
    },
    "orientation" : 2
  }, {
    "shape" : "aa6bddb3-77ce-48ce-80a4-53703fc01f18",
    "color" : "#F2F2F2",
    "position" : {
      "x" : 9.236068,
      "y" : 8.472136,
      "z" : 0.0
    }
  }, {
    "shape" : "aa6bddb3-77ce-48ce-80a4-53703fc01f18",
    "color" : "#F2F2F2",
    "position" : {
      "x" : -24.652475,
      "y" : -8.472136,
      "z" : 0.0
    }
  }, {
    "shape" : "aa6bddb3-77ce-48ce-80a4-53703fc01f18",
    "color" : "#F2F2F2",
    "position" : {
      "x" : -25.416409,
      "y" : 25.416409,
      "z" : -5.236068
    }
  }, {
    "shape" : "aa6bddb3-77ce-48ce-80a4-53703fc01f18",
    "color" : "#F2F2F2",
    "position" : {
      "x" : 26.18034,
      "y" : 25.416409,
      "z" : 0.0
    }
  }, {
    "shape" : "aa6bddb3-77ce-48ce-80a4-53703fc01f18",
    "color" : "#F2F2F2",
    "position" : {
      "x" : -25.416409,
      "y" : -25.416409,
      "z" : 0.0
    }
  }, {
    "shape" : "aa6bddb3-77ce-48ce-80a4-53703fc01f18",
    "color" : "#F2F2F2",
    "position" : {
      "x" : 9.236068,
      "y" : -25.416409,
      "z" : 0.0
    }
  }, {
    "shape" : "aa6bddb3-77ce-48ce-80a4-53703fc01f18",
    "color" : "#F2F2F2",
    "position" : {
      "x" : 9.236068,
      "y" : -25.416409,
      "z" : -5.236068
    }
  }, {
    "shape" : "aa6bddb3-77ce-48ce-80a4-53703fc01f18",
    "color" : "#F2F2F2",
    "position" : {
      "x" : -24.652475,
      "y" : -8.472136,
      "z" : -5.236068
    }
  }, {
    "shape" : "c3d516df-89a3-42c0-90ff-07729ea289f6",
    "color" : "#663300",
    "position" : {
      "x" : -8.472136,
      "y" : -25.416409,
      "z" : -5.236068
    },
    "orientation" : 0
  }, {
    "shape" : "c3d516df-89a3-42c0-90ff-07729ea289f6",
    "color" : "#663300",
    "position" : {
      "x" : 25.416409,
      "y" : -25.416409,
      "z" : -5.236068
    },
    "orientation" : 0
  }, {
    "shape" : "13f76a3e-2b53-46c5-87e6-c627b100b2f4",
    "color" : "#663300",
    "position" : {
      "x" : 8.472136,
      "y" : -25.416409,
      "z" : 0.0
    },
    "orientation" : 2
  }, {
    "shape" : "aa6bddb3-77ce-48ce-80a4-53703fc01f18",
    "color" : "#F2F2F2",
    "position" : {
      "x" : -8.472136,
      "y" : -25.416409,
      "z" : -5.236068
    }
  }, {
    "shape" : "aa6bddb3-77ce-48ce-80a4-53703fc01f18",
    "color" : "#F2F2F2",
    "position" : {
      "x" : -9.236068,
      "y" : 15.236068,
      "z" : 0.0
    }
  }, {
    "shape" : "aa6bddb3-77ce-48ce-80a4-53703fc01f18",
    "color" : "#F2F2F2",
    "position" : {
      "x" : -8.472136,
      "y" : -8.472136,
      "z" : 0.0
    }
  }, {
    "shape" : "d58af758-08bc-4de1-a8a7-8a6c1ead89e9",
    "color" : "#663300",
    "position" : {
      "x" : -25.416409,
      "y" : 18.763931,
      "z" : 0.0
    },
    "orientation" : 1
  }, {
    "shape" : "aa6bddb3-77ce-48ce-80a4-53703fc01f18",
    "color" : "#F2F2F2",
    "position" : {
      "x" : 9.236068,
      "y" : 25.416409,
      "z" : -5.236068
    }
  }, {
    "shape" : "c3d516df-89a3-42c0-90ff-07729ea289f6",
    "color" : "#663300",
    "position" : {
      "x" : -25.416409,
      "y" : -25.416409,
      "z" : -5.236068
    },
    "orientation" : 0
  }, {
    "shape" : "aa6bddb3-77ce-48ce-80a4-53703fc01f18",
    "color" : "#F2F2F2",
    "position" : {
      "x" : -7.708204,
      "y" : 25.416409,
      "z" : -5.236068
    }
  }, {
    "shape" : "aa6bddb3-77ce-48ce-80a4-53703fc01f18",
    "color" : "#F2F2F2",
    "position" : {
      "x" : 16.135256,
      "y" : 13.0172205,
      "z" : 5.208204
    }
  }, {
    "shape" : "aa6bddb3-77ce-48ce-80a4-53703fc01f18",
    "color" : "#F2F2F2",
    "position" : {
      "x" : 26.18034,
      "y" : 8.472136,
      "z" : -5.236068
    }
  }, {
    "shape" : "aa6bddb3-77ce-48ce-80a4-53703fc01f18",
    "color" : "#F2F2F2",
    "position" : {
      "x" : 8.472136,
      "y" : 15.236068,
      "z" : 0.47213596
    }
  }, {
    "shape" : "c3d516df-89a3-42c0-90ff-07729ea289f6",
    "color" : "#663300",
    "position" : {
      "x" : 9.236068,
      "y" : -25.416409,
      "z" : -5.236068
    },
    "orientation" : 0
  }, {
    "shape" : "aa6bddb3-77ce-48ce-80a4-53703fc01f18",
    "color" : "#F2F2F2",
    "position" : {
      "x" : 25.416409,
      "y" : -8.472136,
      "z" : 0.0
    }
  }, {
    "shape" : "aa6bddb3-77ce-48ce-80a4-53703fc01f18",
    "color" : "#F2F2F2",
    "position" : {
      "x" : -7.708204,
      "y" : -8.472136,
      "z" : 0.0
    }
  }, {
    "shape" : "13f76a3e-2b53-46c5-87e6-c627b100b2f4",
    "color" : "#663300",
    "position" : {
      "x" : -25.416409,
      "y" : -25.416409,
      "z" : -5.236068
    },
    "orientation" : 2
  }, {
    "shape" : "aa6bddb3-77ce-48ce-80a4-53703fc01f18",
    "color" : "#F2F2F2",
    "position" : {
      "x" : -8.472136,
      "y" : 25.416409,
      "z" : 0.0
    }
  }, {
    "shape" : "aa6bddb3-77ce-48ce-80a4-53703fc01f18",
    "color" : "#F2F2F2",
    "position" : {
      "x" : 25.416409,
      "y" : 8.472136,
      "z" : 0.0
    }
  }, {
    "shape" : "aa6bddb3-77ce-48ce-80a4-53703fc01f18",
    "color" : "#F2F2F2",
    "position" : {
      "x" : 8.472136,
      "y" : 25.416409,
      "z" : 0.0
    }
  }, {
    "shape" : "aa6bddb3-77ce-48ce-80a4-53703fc01f18",
    "color" : "#F2F2F2",
    "position" : {
      "x" : 8.472136,
      "y" : -25.416409,
      "z" : 0.0
    }
  }, {
    "shape" : "aa6bddb3-77ce-48ce-80a4-53703fc01f18",
    "color" : "#F2F2F2",
    "position" : {
      "x" : 9.236068,
      "y" : 25.416409,
      "z" : 0.0
    }
  }, {
    "shape" : "aa6bddb3-77ce-48ce-80a4-53703fc01f18",
    "color" : "#F2F2F2",
    "position" : {
      "x" : -9.236068,
      "y" : 15.236068,
      "z" : 0.47213596
    }
  }, {
    "shape" : "b9464afe-6d36-461c-a2e8-2c3c09fe1f7e",
    "color" : "#663300",
    "position" : {
      "x" : 8.472136,
      "y" : 18.472136,
      "z" : 0.47213596
    },
    "orientation" : 2
  }, {
    "shape" : "aa6bddb3-77ce-48ce-80a4-53703fc01f18",
    "color" : "#F2F2F2",
    "position" : {
      "x" : 25.416409,
      "y" : 25.416409,
      "z" : 0.0
    }
  }, {
    "shape" : "13f76a3e-2b53-46c5-87e6-c627b100b2f4",
    "color" : "#663300",
    "position" : {
      "x" : -8.472136,
      "y" : -25.416409,
      "z" : -5.236068
    },
    "orientation" : 2
  }, {
    "shape" : "d58af758-08bc-4de1-a8a7-8a6c1ead89e9",
    "color" : "#663300",
    "position" : {
      "x" : -25.416409,
      "y" : 22.18034,
      "z" : 0.0
    },
    "orientation" : 1
  }, {
    "shape" : "aa6bddb3-77ce-48ce-80a4-53703fc01f18",
    "color" : "#F2F2F2",
    "position" : {
      "x" : -7.708204,
      "y" : -25.416409,
      "z" : -5.236068
    }
  }, {
    "shape" : "13f76a3e-2b53-46c5-87e6-c627b100b2f4",
    "color" : "#663300",
    "position" : {
      "x" : 25.416409,
      "y" : -25.416409,
      "z" : -5.236068
    },
    "orientation" : 2
  }, {
    "shape" : "c3d516df-89a3-42c0-90ff-07729ea289f6",
    "color" : "#663300",
    "position" : {
      "x" : -24.652475,
      "y" : -25.416409,
      "z" : -5.236068
    },
    "orientation" : 0
  }, {
    "shape" : "aa6bddb3-77ce-48ce-80a4-53703fc01f18",
    "color" : "#F2F2F2",
    "position" : {
      "x" : 15.326238,
      "y" : 7.472136,
      "z" : 0.0
    }
  }, {
    "shape" : "aa6bddb3-77ce-48ce-80a4-53703fc01f18",
    "color" : "#F2F2F2",
    "position" : {
      "x" : 9.236068,
      "y" : 8.472136,
      "z" : -5.236068
    }
  }, {
    "shape" : "aa6bddb3-77ce-48ce-80a4-53703fc01f18",
    "color" : "#F2F2F2",
    "position" : {
      "x" : -9.236068,
      "y" : 18.472136,
      "z" : 0.0
    }
  }, {
    "shape" : "aa6bddb3-77ce-48ce-80a4-53703fc01f18",
    "color" : "#F2F2F2",
    "position" : {
      "x" : -13.708204,
      "y" : 11.708204,
      "z" : 0.0
    }
  }, {
    "shape" : "aa6bddb3-77ce-48ce-80a4-53703fc01f18",
    "color" : "#F2F2F2",
    "position" : {
      "x" : -9.236068,
      "y" : 18.472136,
      "z" : 0.47213596
    }
  }, {
    "shape" : "aa6bddb3-77ce-48ce-80a4-53703fc01f18",
    "color" : "#F2F2F2",
    "position" : {
      "x" : 8.472136,
      "y" : 15.236068,
      "z" : 0.0
    }
  }, {
    "shape" : "623617e9-f053-4a0f-b537-fe420dcbb132",
    "color" : "#663300",
    "position" : {
      "x" : -25.416409,
      "y" : 22.0,
      "z" : 0.47213596
    },
    "orientation" : 2
  }, {
    "shape" : "aa6bddb3-77ce-48ce-80a4-53703fc01f18",
    "color" : "#F2F2F2",
    "position" : {
      "x" : -7.708204,
      "y" : -8.472136,
      "z" : -5.236068
    }
  }, {
    "shape" : "aa6bddb3-77ce-48ce-80a4-53703fc01f18",
    "color" : "#F2F2F2",
    "position" : {
      "x" : 26.18034,
      "y" : -8.472136,
      "z" : -5.236068
    }
  }, {
    "shape" : "623617e9-f053-4a0f-b537-fe420dcbb132",
    "color" : "#663300",
    "position" : {
      "x" : -25.416409,
      "y" : 22.0,
      "z" : 0.0
    },
    "orientation" : 2
  }, {
    "shape" : "c3d516df-89a3-42c0-90ff-07729ea289f6",
    "color" : "#663300",
    "position" : {
      "x" : -7.708204,
      "y" : -25.416409,
      "z" : -5.236068
    },
    "orientation" : 0
  }, {
    "shape" : "aa6bddb3-77ce-48ce-80a4-53703fc01f18",
    "color" : "#F2F2F2",
    "position" : {
      "x" : -25.416409,
      "y" : -8.472136,
      "z" : 0.0
    }
  }, {
    "shape" : "aa6bddb3-77ce-48ce-80a4-53703fc01f18",
    "color" : "#F2F2F2",
    "position" : {
      "x" : -7.708204,
      "y" : 25.416409,
      "z" : 0.0
    }
  }, {
    "shape" : "aa6bddb3-77ce-48ce-80a4-53703fc01f18",
    "color" : "#F2F2F2",
    "position" : {
      "x" : 26.18034,
      "y" : 22.0,
      "z" : 0.47213596
    }
  }, {
    "shape" : "aa6bddb3-77ce-48ce-80a4-53703fc01f18",
    "color" : "#F2F2F2",
    "position" : {
      "x" : 8.472136,
      "y" : 8.472136,
      "z" : -5.236068
    }
  }, {
    "shape" : "aa6bddb3-77ce-48ce-80a4-53703fc01f18",
    "color" : "#F2F2F2",
    "position" : {
      "x" : 25.416409,
      "y" : 8.472136,
      "z" : -5.236068
    }
  }, {
    "shape" : "aa6bddb3-77ce-48ce-80a4-53703fc01f18",
    "color" : "#F2F2F2",
    "position" : {
      "x" : -24.652475,
      "y" : -25.416409,
      "z" : -5.236068
    }
  }, {
    "shape" : "d58af758-08bc-4de1-a8a7-8a6c1ead89e9",
    "color" : "#663300",
    "position" : {
      "x" : -25.416409,
      "y" : 25.416409,
      "z" : 0.0
    },
    "orientation" : 1
  }, {
    "shape" : "c3d516df-89a3-42c0-90ff-07729ea289f6",
    "color" : "#663300",
    "position" : {
      "x" : 26.18034,
      "y" : -25.416409,
      "z" : -5.236068
    },
    "orientation" : 0
  }, {
    "shape" : "3ca5f589-b4d3-445d-9025-31ea686653b3",
    "color" : "#663300",
    "position" : {
      "x" : 8.472136,
      "y" : 15.236068,
      "z" : 0.47213596
    },
    "orientation" : 0
  }, {
    "shape" : "aa6bddb3-77ce-48ce-80a4-53703fc01f18",
    "color" : "#F2F2F2",
    "position" : {
      "x" : -24.652475,
      "y" : 8.472136,
      "z" : -5.236068
    }
  }, {
    "shape" : "aa6bddb3-77ce-48ce-80a4-53703fc01f18",
    "color" : "#F2F2F2",
    "position" : {
      "x" : -8.472136,
      "y" : -8.472136,
      "z" : -5.236068
    }
  }, {
    "shape" : "aa6bddb3-77ce-48ce-80a4-53703fc01f18",
    "color" : "#F2F2F2",
    "position" : {
      "x" : -25.416409,
      "y" : 22.18034,
      "z" : 0.47213596
    }
  }, {
    "shape" : "aa6bddb3-77ce-48ce-80a4-53703fc01f18",
    "color" : "#F2F2F2",
    "position" : {
      "x" : -8.472136,
      "y" : 8.472136,
      "z" : 0.0
    }
  }, {
    "shape" : "aa6bddb3-77ce-48ce-80a4-53703fc01f18",
    "color" : "#F2F2F2",
    "position" : {
      "x" : 15.944272,
      "y" : 11.708204,
      "z" : 0.0
    }
  }, {
    "shape" : "aa6bddb3-77ce-48ce-80a4-53703fc01f18",
    "color" : "#F2F2F2",
    "position" : {
      "x" : -25.416409,
      "y" : -25.416409,
      "z" : -5.236068
    }
  }, {
    "shape" : "aa6bddb3-77ce-48ce-80a4-53703fc01f18",
    "color" : "#F2F2F2",
    "position" : {
      "x" : 8.472136,
      "y" : 18.472136,
      "z" : 0.0
    }
  }, {
    "shape" : "aa6bddb3-77ce-48ce-80a4-53703fc01f18",
    "color" : "#F2F2F2",
    "position" : {
      "x" : -7.708204,
      "y" : 8.472136,
      "z" : -5.236068
    }
  }, {
    "shape" : "aa6bddb3-77ce-48ce-80a4-53703fc01f18",
    "color" : "#F2F2F2",
    "position" : {
      "x" : -7.708204,
      "y" : -25.416409,
      "z" : 0.0
    }
  }, {
    "shape" : "aa6bddb3-77ce-48ce-80a4-53703fc01f18",
    "color" : "#F2F2F2",
    "position" : {
      "x" : 26.18034,
      "y" : 8.472136,
      "z" : 0.0
    }
  }, {
    "shape" : "aa6bddb3-77ce-48ce-80a4-53703fc01f18",
    "color" : "#F2F2F2",
    "position" : {
      "x" : -24.652475,
      "y" : 25.416409,
      "z" : 0.0
    }
  }, {
    "shape" : "aa6bddb3-77ce-48ce-80a4-53703fc01f18",
    "color" : "#F2F2F2",
    "position" : {
      "x" : -24.652475,
      "y" : 8.472136,
      "z" : 0.0
    }
  }, {
    "shape" : "aa6bddb3-77ce-48ce-80a4-53703fc01f18",
    "color" : "#F2F2F2",
    "position" : {
      "x" : 8.472136,
      "y" : -25.416409,
      "z" : -5.236068
    }
  }, {
    "shape" : "aa6bddb3-77ce-48ce-80a4-53703fc01f18",
    "color" : "#F2F2F2",
    "position" : {
      "x" : -24.652475,
      "y" : 25.416409,
      "z" : -5.236068
    }
  }, {
    "shape" : "aa6bddb3-77ce-48ce-80a4-53703fc01f18",
    "color" : "#F2F2F2",
    "position" : {
      "x" : -13.09017,
      "y" : 15.944272,
      "z" : 0.0
    }
  }, {
    "shape" : "317cfe55-03fe-4eb6-9b73-301f7d95dbdb",
    "color" : "#663300",
    "position" : {
      "x" : -13.708204,
      "y" : 11.708204,
      "z" : 0.0
    },
    "orientation" : 30
  }, {
    "shape" : "d58af758-08bc-4de1-a8a7-8a6c1ead89e9",
    "color" : "#663300",
    "position" : {
      "x" : -25.416409,
      "y" : 22.0,
      "z" : 0.0
    },
    "orientation" : 1
  }, {
    "shape" : "aa6bddb3-77ce-48ce-80a4-53703fc01f18",
    "color" : "#F2F2F2",
    "position" : {
      "x" : 25.416409,
      "y" : -8.472136,
      "z" : -5.236068
    }
  }, {
    "shape" : "aa6bddb3-77ce-48ce-80a4-53703fc01f18",
    "color" : "#F2F2F2",
    "position" : {
      "x" : 26.18034,
      "y" : -8.472136,
      "z" : 0.0
    }
  }, {
    "shape" : "aa6bddb3-77ce-48ce-80a4-53703fc01f18",
    "color" : "#F2F2F2",
    "position" : {
      "x" : 25.416409,
      "y" : -25.416409,
      "z" : -5.236068
    }
  }, {
    "shape" : "78aea97d-6a57-458a-b422-601e6865e70d",
    "color" : "#663300",
    "position" : {
      "x" : -9.236068,
      "y" : 15.236068,
      "z" : 0.47213596
    },
    "orientation" : 16
  }, {
    "shape" : "4cf4594b-dd8a-4799-88f5-41209d8a4b61",
    "color" : "#663300",
    "position" : {
      "x" : -9.236068,
      "y" : 18.472136,
      "z" : 0.0
    },
    "orientation" : 0
  }, {
    "shape" : "d5a665b1-70ac-4e1b-84bf-a1aad04c4605",
    "color" : "#663300",
    "position" : {
      "x" : 15.944272,
      "y" : 11.708204,
      "z" : 0.0
    },
    "orientation" : 30
  }, {
    "shape" : "aa6bddb3-77ce-48ce-80a4-53703fc01f18",
    "color" : "#F2F2F2",
    "position" : {
      "x" : 26.18034,
      "y" : -25.416409,
      "z" : -5.236068
    }
  }, {
    "shape" : "aa6bddb3-77ce-48ce-80a4-53703fc01f18",
    "color" : "#F2F2F2",
    "position" : {
      "x" : -24.652475,
      "y" : -25.416409,
      "z" : 0.0
    }
  }, {
    "shape" : "aa6bddb3-77ce-48ce-80a4-53703fc01f18",
    "color" : "#F2F2F2",
    "position" : {
      "x" : 26.18034,
      "y" : 22.18034,
      "z" : 0.0
    }
  }, {
    "shape" : "aa6bddb3-77ce-48ce-80a4-53703fc01f18",
    "color" : "#F2F2F2",
    "position" : {
      "x" : 9.236068,
      "y" : -8.472136,
      "z" : -5.236068
    }
  }, {
    "shape" : "c3d516df-89a3-42c0-90ff-07729ea289f6",
    "color" : "#663300",
    "position" : {
      "x" : 8.472136,
      "y" : -25.416409,
      "z" : -5.236068
    },
    "orientation" : 0
  }, {
    "shape" : "aa6bddb3-77ce-48ce-80a4-53703fc01f18",
    "color" : "#F2F2F2",
    "position" : {
      "x" : 15.944272,
      "y" : 11.708204,
      "z" : 0.47213596
    }
  }, {
    "shape" : "623617e9-f053-4a0f-b537-fe420dcbb132",
    "color" : "#663300",
    "position" : {
      "x" : -25.416409,
      "y" : 25.416409,
      "z" : 0.0
    },
    "orientation" : 2
  }, {
    "shape" : "aa6bddb3-77ce-48ce-80a4-53703fc01f18",
    "color" : "#F2F2F2",
    "position" : {
      "x" : -8.472136,
      "y" : -25.416409,
      "z" : 0.0
    }
  }, {
    "shape" : "aa6bddb3-77ce-48ce-80a4-53703fc01f18",
    "color" : "#F2F2F2",
    "position" : {
      "x" : 25.416409,
      "y" : -25.416409,
      "z" : 0.0
    }
  }, {
    "shape" : "aa6bddb3-77ce-48ce-80a4-53703fc01f18",
    "color" : "#F2F2F2",
    "position" : {
      "x" : 8.472136,
      "y" : -8.472136,
      "z" : -5.236068
    }
  }, {
    "shape" : "13f76a3e-2b53-46c5-87e6-c627b100b2f4",
    "color" : "#663300",
    "position" : {
      "x" : 8.472136,
      "y" : -25.416409,
      "z" : -5.236068
    },
    "orientation" : 2
  }, {
    "shape" : "aa6bddb3-77ce-48ce-80a4-53703fc01f18",
    "color" : "#F2F2F2",
    "position" : {
      "x" : -13.09017,
      "y" : 15.944272,
      "z" : 0.47213596
    }
  }, {
    "shape" : "13f76a3e-2b53-46c5-87e6-c627b100b2f4",
    "color" : "#663300",
    "position" : {
      "x" : -25.416409,
      "y" : -25.416409,
      "z" : 0.0
    },
    "orientation" : 2
  }, {
    "shape" : "c2580803-318e-4491-8885-ade72c2f6d7d",
    "color" : "#663300",
    "position" : {
      "x" : 8.472136,
      "y" : 18.472136,
      "z" : 0.47213596
    },
    "orientation" : 16
  }, {
    "shape" : "aa6bddb3-77ce-48ce-80a4-53703fc01f18",
    "color" : "#F2F2F2",
    "position" : {
      "x" : 9.236068,
      "y" : -8.472136,
      "z" : 0.0
    }
  }, {
