{
  "field" : "golden",
  "symmetry" : "icosahedral",
  "orientations" : [ [ 1.0, 0.0, 0.0, 0.0, 0.0, 1.0, 0.0, 0.0, 0.0, 0.0, 1.0, 0.0, 0.0, 0.0, 0.0, 1.0 ], [ 0.0, 0.0, 1.0, 0.0, 1.0, 0.0, 0.0, 0.0, 0.0, 1.0, 0.0, 0.0, 0.0, 0.0, 0.0, 1.0 ], [ 0.0, 1.0, 0.0, 0.0, 0.0, 0.0, 1.0, 0.0, 1.0, 0.0, 0.0, 0.0, 0.0, 0.0, 0.0, 1.0 ], [ 0.809017, 0.309017, 0.5, 0.0, 0.309017, 0.5, -0.809017, 0.0, -0.5, 0.809017, 0.309017, 0.0, 0.0, 0.0, 0.0, 1.0 ], [ -0.5, 0.809017, 0.309017, 0.0, 0.809017, 0.309017, 0.5, 0.0, 0.309017, 0.5, -0.809017, 0.0, 0.0, 0.0, 0.0, 1.0 ], [ 0.309017, 0.5, -0.809017, 0.0, -0.5, 0.809017, 0.309017, 0.0, 0.809017, 0.309017, 0.5, 0.0, 0.0, 0.0, 0.0, 1.0 ], [ 0.5, 0.809017, 0.309017, 0.0, 0.809017, -0.309017, -0.5, 0.0, -0.309017, 0.5, -0.809017, 0.0, 0.0, 0.0, 0.0, 1.0 ], [ -0.309017, 0.5, -0.809017, 0.0, 0.5, 0.809017, 0.309017, 0.0, 0.809017, -0.309017, -0.5, 0.0, 0.0, 0.0, 0.0, 1.0 ], [ 0.809017, -0.309017, -0.5, 0.0, -0.309017, 0.5, -0.809017, 0.0, 0.5, 0.809017, 0.309017, 0.0, 0.0, 0.0, 0.0, 1.0 ], [ 0.5, 0.809017, -0.309017, 0.0, 0.809017, -0.309017, 0.5, 0.0, 0.309017, -0.5, -0.809017, 0.0, 0.0, 0.0, 0.0, 1.0 ], [ 0.309017, -0.5, -0.809017, 0.0, 0.5, 0.809017, -0.309017, 0.0, 0.809017, -0.309017, 0.5, 0.0, 0.0, 0.0, 0.0, 1.0 ], [ 0.809017, -0.309017, 0.5, 0.0, 0.309017, -0.5, -0.809017, 0.0, 0.5, 0.809017, -0.309017, 0.0, 0.0, 0.0, 0.0, 1.0 ], [ 0.809017, 0.309017, -0.5, 0.0, 0.309017, 0.5, 0.809017, 0.0, 0.5, -0.809017, 0.309017, 0.0, 0.0, 0.0, 0.0, 1.0 ], [ 0.5, -0.809017, 0.309017, 0.0, 0.809017, 0.309017, -0.5, 0.0, 0.309017, 0.5, 0.809017, 0.0, 0.0, 0.0, 0.0, 1.0 ], [ 0.309017, 0.5, 0.809017, 0.0, 0.5, -0.809017, 0.309017, 0.0, 0.809017, 0.309017, -0.5, 0.0, 0.0, 0.0, 0.0, 1.0 ], [ 1.0, 0.0, 0.0, 0.0, 0.0, -1.0, 0.0, 0.0, 0.0, 0.0, -1.0, 0.0, 0.0, 0.0, 0.0, 1.0 ], [ 0.0, 0.0, 1.0, 0.0, -1.0, 0.0, 0.0, 0.0, 0.0, -1.0, 0.0, 0.0, 0.0, 0.0, 0.0, 1.0 ], [ 0.0, 1.0, 0.0, 0.0, 0.0, 0.0, -1.0, 0.0, -1.0, 0.0, 0.0, 0.0, 0.0, 0.0, 0.0, 1.0 ], [ 0.809017, 0.309017, 0.5, 0.0, -0.309017, -0.5, 0.809017, 0.0, 0.5, -0.809017, -0.309017, 0.0, 0.0, 0.0, 0.0, 1.0 ], [ -0.5, 0.809017, 0.309017, 0.0, -0.809017, -0.309017, -0.5, 0.0, -0.309017, -0.5, 0.809017, 0.0, 0.0, 0.0, 0.0, 1.0 ], [ 0.309017, 0.5, -0.809017, 0.0, 0.5, -0.809017, -0.309017, 0.0, -0.809017, -0.309017, -0.5, 0.0, 0.0, 0.0, 0.0, 1.0 ], [ 0.5, 0.809017, 0.309017, 0.0, -0.809017, 0.309017, 0.5, 0.0, 0.309017, -0.5, 0.809017, 0.0, 0.0, 0.0, 0.0, 1.0 ], [ -0.309017, 0.5, -0.809017, 0.0, -0.5, -0.809017, -0.309017, 0.0, -0.809017, 0.309017, 0.5, 0.0, 0.0, 0.0, 0.0, 1.0 ], [ 0.809017, -0.309017, -0.5, 0.0, 0.309017, -0.5, 0.809017, 0.0, -0.5, -0.809017, -0.309017, 0.0, 0.0, 0.0, 0.0, 1.0 ], [ 0.5, 0.809017, -0.309017, 0.0, -0.809017, 0.309017, -0.5, 0.0, -0.309017, 0.5, 0.809017, 0.0, 0.0, 0.0, 0.0, 1.0 ], [ 0.309017, -0.5, -0.809017, 0.0, -0.5, -0.809017, 0.309017, 0.0, -0.809017, 0.309017, -0.5, 0.0, 0.0, 0.0, 0.0, 1.0 ], [ 0.809017, -0.309017, 0.5, 0.0, -0.309017, 0.5, 0.809017, 0.0, -0.5, -0.809017, 0.309017, 0.0, 0.0, 0.0, 0.0, 1.0 ], [ 0.809017, 0.309017, -0.5, 0.0, -0.309017, -0.5, -0.809017, 0.0, -0.5, 0.809017, -0.309017, 0.0, 0.0, 0.0, 0.0, 1.0 ], [ 0.5, -0.809017, 0.309017, 0.0, -0.809017, -0.309017, 0.5, 0.0, -0.309017, -0.5, -0.809017, 0.0, 0.0, 0.0, 0.0, 1.0 ], [ 0.309017, 0.5, 0.809017, 0.0, -0.5, 0.809017, -0.309017, 0.0, -0.809017, -0.309017, 0.5, 0.0, 0.0, 0.0, 0.0, 1.0 ], [ -1.0, 0.0, 0.0, 0.0, 0.0, -1.0, 0.0, 0.0, 0.0, 0.0, 1.0, 0.0, 0.0, 0.0, 0.0, 1.0 ], [ 0.0, 0.0, -1.0, 0.0, -1.0, 0.0, 0.0, 0.0, 0.0, 1.0, 0.0, 0.0, 0.0, 0.0, 0.0, 1.0 ], [ 0.0, -1.0, 0.0, 0.0, 0.0, 0.0, -1.0, 0.0, 1.0, 0.0, 0.0, 0.0, 0.0, 0.0, 0.0, 1.0 ], [ -0.809017, -0.309017, -0.5, 0.0, -0.309017, -0.5, 0.809017, 0.0, -0.5, 0.809017, 0.309017, 0.0, 0.0, 0.0, 0.0, 1.0 ], [ 0.5, -0.809017, -0.309017, 0.0, -0.809017, -0.309017, -0.5, 0.0, 0.309017, 0.5, -0.809017, 0.0, 0.0, 0.0, 0.0, 1.0 ], [ -0.309017, -0.5, 0.809017, 0.0, 0.5, -0.809017, -0.309017, 0.0, 0.809017, 0.309017, 0.5, 0.0, 0.0, 0.0, 0.0, 1.0 ], [ -0.5, -0.809017, -0.309017, 0.0, -0.809017, 0.309017, 0.5, 0.0, -0.309017, 0.5, -0.809017, 0.0, 0.0, 0.0, 0.0, 1.0 ], [ 0.309017, -0.5, 0.809017, 0.0, -0.5, -0.809017, -0.309017, 0.0, 0.809017, -0.309017, -0.5, 0.0, 0.0, 0.0, 0.0, 1.0 ], [ -0.809017, 0.309017, 0.5, 0.0, 0.309017, -0.5, 0.809017, 0.0, 0.5, 0.809017, 0.309017, 0.0, 0.0, 0.0, 0.0, 1.0 ], [ -0.5, -0.809017, 0.309017, 0.0, -0.809017, 0.309017, -0.5, 0.0, 0.309017, -0.5, -0.809017, 0.0, 0.0, 0.0, 0.0, 1.0 ], [ -0.309017, 0.5, 0.809017, 0.0, -0.5, -0.809017, 0.309017, 0.0, 0.809017, -0.309017, 0.5, 0.0, 0.0, 0.0, 0.0, 1.0 ], [ -0.809017, 0.309017, -0.5, 0.0, -0.309017, 0.5, 0.809017, 0.0, 0.5, 0.809017, -0.309017, 0.0, 0.0, 0.0, 0.0, 1.0 ], [ -0.809017, -0.309017, 0.5, 0.0, -0.309017, -0.5, -0.809017, 0.0, 0.5, -0.809017, 0.309017, 0.0, 0.0, 0.0, 0.0, 1.0 ], [ -0.5, 0.809017, -0.309017, 0.0, -0.809017, -0.309017, 0.5, 0.0, 0.309017, 0.5, 0.809017, 0.0, 0.0, 0.0, 0.0, 1.0 ], [ -0.309017, -0.5, -0.809017, 0.0, -0.5, 0.809017, -0.309017, 0.0, 0.809017, 0.309017, -0.5, 0.0, 0.0, 0.0, 0.0, 1.0 ], [ -1.0, 0.0, 0.0, 0.0, 0.0, 1.0, 0.0, 0.0, 0.0, 0.0, -1.0, 0.0, 0.0, 0.0, 0.0, 1.0 ], [ 0.0, 0.0, -1.0, 0.0, 1.0, 0.0, 0.0, 0.0, 0.0, -1.0, 0.0, 0.0, 0.0, 0.0, 0.0, 1.0 ], [ 0.0, -1.0, 0.0, 0.0, 0.0, 0.0, 1.0, 0.0, -1.0, 0.0, 0.0, 0.0, 0.0, 0.0, 0.0, 1.0 ], [ -0.809017, -0.309017, -0.5, 0.0, 0.309017, 0.5, -0.809017, 0.0, 0.5, -0.809017, -0.309017, 0.0, 0.0, 0.0, 0.0, 1.0 ], [ 0.5, -0.809017, -0.309017, 0.0, 0.809017, 0.309017, 0.5, 0.0, -0.309017, -0.5, 0.809017, 0.0, 0.0, 0.0, 0.0, 1.0 ], [ -0.309017, -0.5, 0.809017, 0.0, -0.5, 0.809017, 0.309017, 0.0, -0.809017, -0.309017, -0.5, 0.0, 0.0, 0.0, 0.0, 1.0 ], [ -0.5, -0.809017, -0.309017, 0.0, 0.809017, -0.309017, -0.5, 0.0, 0.309017, -0.5, 0.809017, 0.0, 0.0, 0.0, 0.0, 1.0 ], [ 0.309017, -0.5, 0.809017, 0.0, 0.5, 0.809017, 0.309017, 0.0, -0.809017, 0.309017, 0.5, 0.0, 0.0, 0.0, 0.0, 1.0 ], [ -0.809017, 0.309017, 0.5, 0.0, -0.309017, 0.5, -0.809017, 0.0, -0.5, -0.809017, -0.309017, 0.0, 0.0, 0.0, 0.0, 1.0 ], [ -0.5, -0.809017, 0.309017, 0.0, 0.809017, -0.309017, 0.5, 0.0, -0.309017, 0.5, 0.809017, 0.0, 0.0, 0.0, 0.0, 1.0 ], [ -0.309017, 0.5, 0.809017, 0.0, 0.5, 0.809017, -0.309017, 0.0, -0.809017, 0.309017, -0.5, 0.0, 0.0, 0.0, 0.0, 1.0 ], [ -0.809017, 0.309017, -0.5, 0.0, 0.309017, -0.5, -0.809017, 0.0, -0.5, -0.809017, 0.309017, 0.0, 0.0, 0.0, 0.0, 1.0 ], [ -0.809017, -0.309017, 0.5, 0.0, 0.309017, 0.5, 0.809017, 0.0, -0.5, 0.809017, -0.309017, 0.0, 0.0, 0.0, 0.0, 1.0 ], [ -0.5, 0.809017, -0.309017, 0.0, 0.809017, 0.309017, -0.5, 0.0, -0.309017, -0.5, -0.809017, 0.0, 0.0, 0.0, 0.0, 1.0 ], [ -0.309017, -0.5, -0.809017, 0.0, 0.5, -0.809017, 0.309017, 0.0, -0.809017, -0.309017, 0.5, 0.0, 0.0, 0.0, 0.0, 1.0 ] ],
  "lights" : {
    "backgroundColor" : "#AFC8DC",
    "ambientColor" : "#292929",
    "directionalLights" : [ {
      "direction" : {
        "x" : 1.0,
        "y" : -1.0,
        "z" : -1.0
      },
      "color" : "#EBEBE4"
    }, {
      "direction" : {
        "x" : -1.0,
        "y" : 0.0,
        "z" : 0.0
      },
      "color" : "#E4E4EB"
    }, {
      "direction" : {
        "x" : 0.0,
        "y" : 0.0,
        "z" : -1.0
      },
      "color" : "#1E1E1E"
    } ]
  },
  "camera" : {
    "stereo" : false,
    "width" : 54.074993,
    "lookDirection" : {
      "x" : -0.57735026,
      "y" : -0.57735026,
      "z" : 0.57735026
    },
    "upDirection" : {
      "x" : -0.11026409,
      "y" : 0.7557613,
      "z" : 0.6454972
    },
    "lookAtPoint" : {
      "x" : 0.0,
      "y" : 0.0,
      "z" : 0.0
    },
    "perspective" : false,
    "viewDistance" : 120.16664,
    "nearClipDistance" : 0.30041668,
    "fieldOfView" : 0.44262892,
    "farClipDistance" : 240.33337,
    "position" : {
      "x" : 69.37824,
      "y" : 69.37824,
      "z" : -69.37824
    }
  },
  "embedding" : [ 1.0, 0.0, 0.0, 0.0, 0.0, 1.0, 0.0, 0.0, 0.0, 0.0, 1.0, 0.0, 0.0, 0.0, 0.0, 1.0 ],
  "shapes" : [ {
    "id" : "db7e5dc3-beb7-4be3-9756-aa076ad9ab0d",
    "vertices" : [ {
      "x" : -6.354102,
      "y" : 10.59017,
      "z" : -2.118034
    }, {
      "x" : -10.59017,
      "y" : 6.354102,
      "z" : -6.354102
    }, {
      "x" : -10.59017,
      "y" : -2.118034,
      "z" : -6.354102
    }, {
      "x" : -6.354102,
      "y" : 2.118034,
      "z" : -2.118034
    } ],
    "faces" : [ {
      "vertices" : [ 0, 1, 2 ]
    }, {
      "vertices" : [ 0, 2, 3 ]
    }, {
      "vertices" : [ 0, 3, 2 ]
    }, {
      "vertices" : [ 0, 2, 1 ]
    } ]
  }, {
    "id" : "2e1a09da-7bb3-4d0b-9e87-83e8205f66d8",
    "vertices" : [ {
      "x" : 0.309017,
      "y" : -0.309017,
      "z" : -0.309017
    }, {
      "x" : 0.5,
      "y" : 0.0,
      "z" : -0.19098301
    }, {
      "x" : 0.5,
      "y" : 0.0,
      "z" : 0.19098301
    }, {
      "x" : 0.309017,
      "y" : -0.309017,
      "z" : 0.309017
    }, {
      "x" : 0.19098301,
      "y" : -0.5,
      "z" : 0.0
    }, {
      "x" : 0.0,
      "y" : 0.19098301,
      "z" : 0.5
    }, {
      "x" : 0.0,
      "y" : -0.19098301,
      "z" : 0.5
    }, {
      "x" : 0.309017,
      "y" : 0.309017,
      "z" : 0.309017
    }, {
      "x" : -0.309017,
      "y" : -0.309017,
      "z" : 0.309017
    }, {
      "x" : -0.309017,
      "y" : 0.309017,
      "z" : 0.309017
    }, {
      "x" : -0.5,
      "y" : 0.0,
      "z" : 0.19098301
    }, {
      "x" : 0.0,
      "y" : -0.19098301,
      "z" : -0.5
    }, {
      "x" : 0.0,
      "y" : 0.19098301,
      "z" : -0.5
    }, {
      "x" : 0.309017,
      "y" : 0.309017,
      "z" : -0.309017
    }, {
      "x" : -0.309017,
      "y" : -0.309017,
      "z" : -0.309017
    }, {
      "x" : -0.19098301,
      "y" : -0.5,
      "z" : 0.0
    }, {
      "x" : -0.5,
      "y" : 0.0,
      "z" : -0.19098301
    }, {
      "x" : 0.19098301,
      "y" : 0.5,
      "z" : 0.0
    }, {
      "x" : -0.309017,
      "y" : 0.309017,
      "z" : -0.309017
    }, {
      "x" : 0.0,
      "y" : 0.0,
      "z" : 0.0
    }, {
      "x" : -0.19098301,
      "y" : 0.5,
      "z" : 0.0
    } ],
    "faces" : [ {
      "vertices" : [ 12, 18, 20 ]
    }, {
      "vertices" : [ 12, 20, 17 ]
    }, {
      "vertices" : [ 12, 17, 13 ]
    }, {
      "vertices" : [ 3, 6, 8 ]
    }, {
      "vertices" : [ 3, 8, 15 ]
    }, {
      "vertices" : [ 3, 15, 4 ]
    }, {
      "vertices" : [ 0, 11, 12 ]
    }, {
      "vertices" : [ 0, 12, 13 ]
    }, {
      "vertices" : [ 0, 13, 1 ]
    }, {
      "vertices" : [ 5, 9, 10 ]
    }, {
      "vertices" : [ 5, 10, 8 ]
    }, {
      "vertices" : [ 5, 8, 6 ]
    }, {
      "vertices" : [ 2, 7, 5 ]
    }, {
      "vertices" : [ 2, 5, 6 ]
    }, {
      "vertices" : [ 2, 6, 3 ]
    }, {
      "vertices" : [ 11, 14, 16 ]
    }, {
      "vertices" : [ 11, 16, 18 ]
    }, {
      "vertices" : [ 11, 18, 12 ]
    }, {
      "vertices" : [ 1, 13, 17 ]
    }, {
      "vertices" : [ 1, 17, 7 ]
    }, {
      "vertices" : [ 1, 7, 2 ]
    }, {
      "vertices" : [ 9, 20, 18 ]
    }, {
      "vertices" : [ 9, 18, 16 ]
    }, {
      "vertices" : [ 9, 16, 10 ]
    }, {
      "vertices" : [ 0, 1, 2 ]
    }, {
      "vertices" : [ 0, 2, 3 ]
    }, {
      "vertices" : [ 0, 3, 4 ]
    }, {
      "vertices" : [ 5, 7, 17 ]
    }, {
      "vertices" : [ 5, 17, 20 ]
    }, {
      "vertices" : [ 5, 20, 9 ]
    }, {
      "vertices" : [ 0, 4, 15 ]
    }, {
      "vertices" : [ 0, 15, 14 ]
    }, {
      "vertices" : [ 0, 14, 11 ]
    }, {
      "vertices" : [ 8, 10, 16 ]
    }, {
      "vertices" : [ 8, 16, 14 ]
    }, {
      "vertices" : [ 8, 14, 15 ]
    } ]
  }, {
    "id" : "afa2da08-f1b1-49b3-8de9-40d9fdb0733d",
    "vertices" : [ {
      "x" : 1.0,
      "y" : 0.309017,
      "z" : 0.19098301
    }, {
      "x" : 1.0,
      "y" : -0.309017,
      "z" : 0.19098301
    }, {
      "x" : 7.472136,
      "y" : -0.309017,
      "z" : 0.19098301
    }, {
      "x" : 7.472136,
      "y" : 0.309017,
      "z" : 0.19098301
    }, {
      "x" : 7.472136,
      "y" : -0.309017,
      "z" : -0.19098301
    }, {
      "x" : 7.472136,
      "y" : 0.309017,
      "z" : -0.19098301
    }, {
      "x" : 8.09017,
      "y" : 0.0,
      "z" : 0.0
    }, {
      "x" : 0.38196602,
      "y" : 0.0,
      "z" : 0.0
    }, {
      "x" : 1.0,
      "y" : 0.309017,
      "z" : -0.19098301
    }, {
      "x" : 1.0,
      "y" : -0.309017,
      "z" : -0.19098301
    }, {
      "x" : 8.472136,
      "y" : 0.0,
      "z" : 0.0
    } ],
    "faces" : [ {
      "vertices" : [ 1, 9, 4 ]
    }, {
      "vertices" : [ 1, 4, 2 ]
    }, {
      "vertices" : [ 0, 3, 5 ]
    }, {
      "vertices" : [ 0, 5, 8 ]
    }, {
      "vertices" : [ 1, 7, 9 ]
    }, {
      "vertices" : [ 0, 1, 2 ]
    }, {
      "vertices" : [ 0, 2, 3 ]
    }, {
      "vertices" : [ 7, 8, 9 ]
    }, {
      "vertices" : [ 0, 7, 1 ]
    }, {
      "vertices" : [ 4, 9, 8 ]
    }, {
      "vertices" : [ 4, 8, 5 ]
    }, {
      "vertices" : [ 2, 6, 3 ]
    }, {
      "vertices" : [ 2, 4, 6 ]
    }, {
      "vertices" : [ 3, 6, 5 ]
    }, {
      "vertices" : [ 4, 5, 6 ]
    }, {
      "vertices" : [ 0, 8, 7 ]
    } ]
  }, {
    "id" : "de708088-ce1d-4f6d-8d49-7ba2502a7909",
    "vertices" : [ {
      "x" : 6.854102,
      "y" : 0.0,
      "z" : -2.618034
    }, {
      "x" : 6.545085,
      "y" : 0.0,
      "z" : -2.5
    }, {
      "x" : 6.1405764,
      "y" : -0.1545085,
      "z" : -2.059017
    }, {
      "x" : 5.9495935,
      "y" : -0.1545085,
      "z" : -2.559017
    }, {
      "x" : 0.9045085,
      "y" : -0.1545085,
      "z" : -0.059016995
    }, {
      "x" : 0.809017,
      "y" : 0.309017,
      "z" : -0.309017
    }, {
      "x" : 0.309017,
      "y" : 0.0,
      "z" : -0.11803399
    }, {
      "x" : 6.045085,
      "y" : 0.309017,
      "z" : -2.309017
    }, {
      "x" : 0.7135255,
      "y" : -0.1545085,
      "z" : -0.559017
    } ],
    "faces" : [ {
      "vertices" : [ 2, 4, 8 ]
    }, {
      "vertices" : [ 2, 8, 3 ]
    }, {
      "vertices" : [ 2, 7, 5 ]
    }, {
      "vertices" : [ 2, 5, 4 ]
    }, {
      "vertices" : [ 4, 6, 8 ]
    }, {
      "vertices" : [ 5, 8, 6 ]
    }, {
      "vertices" : [ 1, 2, 3 ]
    }, {
      "vertices" : [ 3, 8, 5 ]
    }, {
      "vertices" : [ 3, 5, 7 ]
    }, {
      "vertices" : [ 1, 7, 2 ]
    }, {
      "vertices" : [ 1, 3, 7 ]
    }, {
      "vertices" : [ 4, 5, 6 ]
    } ]
  }, {
    "id" : "7fa28953-4250-448e-9f77-f6f8d61a1192",
    "vertices" : [ {
      "x" : 6.354102,
      "y" : 6.354102,
      "z" : -6.354102
    }, {
      "x" : 6.354102,
      "y" : 6.354102,
      "z" : 2.118034
    }, {
      "x" : 6.354102,
      "y" : -2.118034,
      "z" : 2.118034
    }, {
      "x" : 6.354102,
      "y" : -2.118034,
      "z" : -6.354102
    } ],
    "faces" : [ {
      "vertices" : [ 0, 1, 2 ]
    }, {
      "vertices" : [ 0, 2, 3 ]
    }, {
      "vertices" : [ 0, 3, 2 ]
    }, {
      "vertices" : [ 0, 2, 1 ]
    } ]
  }, {
    "id" : "644214b8-de60-44d5-99e5-a408cbdcb6c0",
    "vertices" : [ {
      "x" : -2.118034,
      "y" : 6.354102,
      "z" : 2.118034
    }, {
      "x" : -6.354102,
      "y" : 10.59017,
      "z" : 6.354102
    }, {
      "x" : -6.354102,
      "y" : 2.118034,
      "z" : 6.354102
    }, {
      "x" : -2.118034,
      "y" : -2.118034,
      "z" : 2.118034
    } ],
    "faces" : [ {
      "vertices" : [ 0, 1, 2 ]
    }, {
      "vertices" : [ 0, 2, 3 ]
    }, {
      "vertices" : [ 0, 3, 2 ]
    }, {
      "vertices" : [ 0, 2, 1 ]
    } ]
  }, {
    "id" : "307a6c1c-3776-442d-9cd4-2dd0161f0783",
    "vertices" : [ {
      "x" : 6.354102,
      "y" : 6.354102,
      "z" : -6.354102
    }, {
      "x" : 6.354102,
      "y" : 6.354102,
      "z" : 2.118034
    }, {
      "x" : 10.59017,
      "y" : 2.118034,
      "z" : 6.354102
    }, {
      "x" : 10.59017,
      "y" : 2.118034,
      "z" : -2.118034
    } ],
    "faces" : [ {
      "vertices" : [ 0, 1, 2 ]
    }, {
      "vertices" : [ 0, 2, 3 ]
    }, {
      "vertices" : [ 0, 3, 2 ]
    }, {
      "vertices" : [ 0, 2, 1 ]
    } ]
  }, {
    "id" : "91642198-17d9-4ccf-9c53-1fb486ab055d",
    "vertices" : [ {
      "x" : 2.118034,
      "y" : 10.59017,
      "z" : 6.354102
    }, {
      "x" : -6.354102,
      "y" : 10.59017,
      "z" : 6.354102
    }, {
      "x" : -2.118034,
      "y" : 6.354102,
      "z" : 10.59017
    }, {
      "x" : 6.354102,
      "y" : 6.354102,
      "z" : 10.59017
    } ],
    "faces" : [ {
      "vertices" : [ 0, 1, 2 ]
    }, {
      "vertices" : [ 0, 2, 3 ]
    }, {
      "vertices" : [ 0, 3, 2 ]
    }, {
      "vertices" : [ 0, 2, 1 ]
    } ]
  }, {
    "id" : "312b7a6e-aa82-4d66-845e-8587a9e5c0ff",
    "vertices" : [ {
      "x" : 6.354102,
      "y" : 6.354102,
      "z" : 2.118034
    }, {
      "x" : 6.354102,
      "y" : -2.118034,
      "z" : 2.118034
    }, {
      "x" : -2.118034,
      "y" : -2.118034,
      "z" : 2.118034
    }, {
      "x" : -2.118034,
      "y" : 6.354102,
      "z" : 2.118034
    } ],
    "faces" : [ {
      "vertices" : [ 0, 1, 2 ]
    }, {
      "vertices" : [ 0, 2, 3 ]
    }, {
      "vertices" : [ 0, 3, 2 ]
    }, {
      "vertices" : [ 0, 2, 1 ]
    } ]
  }, {
    "id" : "b485502c-6d06-4524-beb9-5e5108dd8fe1",
    "vertices" : [ {
      "x" : 2.118034,
      "y" : -6.354102,
      "z" : -10.59017
    }, {
      "x" : 6.354102,
      "y" : -10.59017,
      "z" : -6.354102
    }, {
      "x" : -2.118034,
      "y" : -10.59017,
      "z" : -6.354102
    }, {
      "x" : -6.354102,
      "y" : -6.354102,
      "z" : -10.59017
    } ],
    "faces" : [ {
      "vertices" : [ 0, 1, 2 ]
    }, {
      "vertices" : [ 0, 2, 3 ]
    }, {
      "vertices" : [ 0, 3, 2 ]
    }, {
      "vertices" : [ 0, 2, 1 ]
    } ]
  }, {
    "id" : "c0bf08d4-81e3-4c9d-a98c-b3f7e4c2f601",
    "vertices" : [ {
      "x" : 2.118034,
      "y" : 10.59017,
      "z" : -2.118034
    }, {
      "x" : -6.354102,
      "y" : 10.59017,
      "z" : -2.118034
    }, {
      "x" : -6.354102,
      "y" : 10.59017,
      "z" : 6.354102
    }, {
      "x" : 2.118034,
      "y" : 10.59017,
      "z" : 6.354102
    } ],
    "faces" : [ {
      "vertices" : [ 0, 1, 2 ]
    }, {
      "vertices" : [ 0, 2, 3 ]
    }, {
      "vertices" : [ 0, 3, 2 ]
    }, {
      "vertices" : [ 0, 2, 1 ]
    } ]
  }, {
    "id" : "7dec8518-0ce6-435b-906a-d691c9519abc",
    "vertices" : [ {
      "x" : 2.118034,
      "y" : -6.354102,
      "z" : -10.59017
    }, {
      "x" : 2.118034,
      "y" : -6.354102,
      "z" : -2.118034
    }, {
      "x" : -6.354102,
      "y" : -6.354102,
      "z" : -2.118034
    }, {
      "x" : -6.354102,
      "y" : -6.354102,
      "z" : -10.59017
    } ],
    "faces" : [ {
      "vertices" : [ 0, 1, 2 ]
    }, {
      "vertices" : [ 0, 2, 3 ]
    }, {
      "vertices" : [ 0, 3, 2 ]
    }, {
      "vertices" : [ 0, 2, 1 ]
    } ]
  }, {
    "id" : "6bac2c72-29ce-4aa4-a023-92f8e4bb4f2c",
    "vertices" : [ {
      "x" : -2.118034,
      "y" : -2.118034,
      "z" : -6.354102
    }, {
      "x" : -6.354102,
      "y" : 2.118034,
      "z" : -2.118034
    }, {
      "x" : -10.59017,
      "y" : -2.118034,
      "z" : -6.354102
    }, {
      "x" : -6.354102,
      "y" : -6.354102,
      "z" : -10.59017
    } ],
    "faces" : [ {
      "vertices" : [ 0, 1, 2 ]
    }, {
      "vertices" : [ 0, 2, 3 ]
    }, {
      "vertices" : [ 0, 3, 2 ]
    }, {
      "vertices" : [ 0, 2, 1 ]
    } ]
  }, {
    "id" : "468fdede-411b-40de-a521-68b734d87a4d",
    "vertices" : [ {
      "x" : 6.354102,
      "y" : -2.118034,
      "z" : -6.354102
    }, {
      "x" : -2.118034,
      "y" : -2.118034,
      "z" : -6.354102
    }, {
      "x" : -2.118034,
      "y" : -2.118034,
      "z" : 2.118034
    }, {
      "x" : 6.354102,
      "y" : -2.118034,
      "z" : 2.118034
    } ],
    "faces" : [ {
      "vertices" : [ 0, 1, 2 ]
    }, {
      "vertices" : [ 0, 2, 3 ]
    }, {
      "vertices" : [ 0, 3, 2 ]
    }, {
      "vertices" : [ 0, 2, 1 ]
    } ]
  }, {
    "id" : "3c756ffb-41d9-4b7b-b56f-899eae049af5",
    "vertices" : [ {
      "x" : 6.354102,
      "y" : 6.354102,
      "z" : -6.354102
    }, {
      "x" : -2.118034,
      "y" : 6.354102,
      "z" : -6.354102
    }, {
      "x" : -6.354102,
      "y" : 10.59017,
      "z" : -2.118034
    }, {
      "x" : 2.118034,
      "y" : 10.59017,
      "z" : -2.118034
    } ],
    "faces" : [ {
      "vertices" : [ 0, 1, 2 ]
    }, {
      "vertices" : [ 0, 2, 3 ]
    }, {
      "vertices" : [ 0, 3, 2 ]
    }, {
      "vertices" : [ 0, 2, 1 ]
    } ]
  }, {
    "id" : "00e8c6d7-ef2d-4896-85a2-995a149fa613",
    "vertices" : [ {
      "x" : 6.354102,
      "y" : 6.354102,
      "z" : -6.354102
    }, {
      "x" : 6.354102,
      "y" : -2.118034,
      "z" : -6.354102
    }, {
      "x" : 2.118034,
      "y" : -6.354102,
      "z" : -10.59017
    }, {
      "x" : 2.118034,
      "y" : 2.118034,
      "z" : -10.59017
    } ],
    "faces" : [ {
      "vertices" : [ 0, 1, 2 ]
    }, {
      "vertices" : [ 0, 2, 3 ]
    }, {
      "vertices" : [ 0, 3, 2 ]
    }, {
      "vertices" : [ 0, 2, 1 ]
    } ]
  }, {
    "id" : "9e87a9a4-b453-4bb8-8bc7-94068e36927f",
    "vertices" : [ {
      "x" : 6.354102,
      "y" : 6.354102,
      "z" : -6.354102
    }, {
      "x" : 6.354102,
      "y" : -2.118034,
      "z" : -6.354102
    }, {
      "x" : -2.118034,
      "y" : -2.118034,
      "z" : -6.354102
    }, {
      "x" : -2.118034,
      "y" : 6.354102,
      "z" : -6.354102
    } ],
    "faces" : [ {
      "vertices" : [ 0, 1, 2 ]
    }, {
      "vertices" : [ 0, 2, 3 ]
    }, {
      "vertices" : [ 0, 3, 2 ]
    }, {
      "vertices" : [ 0, 2, 1 ]
    } ]
  }, {
    "id" : "1af1b039-7ae0-472a-ba38-c1e85ce313e8",
    "vertices" : [ {
      "x" : 6.354102,
      "y" : -2.118034,
      "z" : -6.354102
    }, {
      "x" : 10.59017,
      "y" : -6.354102,
      "z" : -2.118034
    }, {
      "x" : 6.354102,
      "y" : -10.59017,
      "z" : -6.354102
    }, {
      "x" : 2.118034,
      "y" : -6.354102,
      "z" : -10.59017
    } ],
    "faces" : [ {
      "vertices" : [ 0, 1, 2 ]
    }, {
      "vertices" : [ 0, 2, 3 ]
    }, {
      "vertices" : [ 0, 3, 2 ]
    }, {
      "vertices" : [ 0, 2, 1 ]
    } ]
  }, {
    "id" : "48483fe5-c332-4434-8609-e6eea481f674",
    "vertices" : [ {
      "x" : 6.354102,
      "y" : -2.118034,
      "z" : -6.354102
    }, {
      "x" : 2.118034,
      "y" : -6.354102,
      "z" : -10.59017
    }, {
      "x" : 2.118034,
      "y" : -6.354102,
      "z" : -2.118034
    }, {
      "x" : 6.354102,
      "y" : -2.118034,
      "z" : 2.118034
    } ],
    "faces" : [ {
      "vertices" : [ 0, 1, 2 ]
    }, {
      "vertices" : [ 0, 2, 3 ]
    }, {
      "vertices" : [ 0, 3, 2 ]
    }, {
      "vertices" : [ 0, 2, 1 ]
    } ]
  }, {
    "id" : "05424bce-e65c-4eee-961d-a2590f3ae477",
    "vertices" : [ {
      "x" : -2.118034,
      "y" : 6.354102,
      "z" : -6.354102
    }, {
      "x" : -6.354102,
      "y" : 2.118034,
      "z" : -10.59017
    }, {
      "x" : -10.59017,
      "y" : 6.354102,
      "z" : -6.354102
    }, {
      "x" : -6.354102,
      "y" : 10.59017,
      "z" : -2.118034
    } ],
    "faces" : [ {
      "vertices" : [ 0, 1, 2 ]
    }, {
      "vertices" : [ 0, 2, 3 ]
    }, {
      "vertices" : [ 0, 3, 2 ]
    }, {
      "vertices" : [ 0, 2, 1 ]
    } ]
  }, {
    "id" : "faa5b6b2-c744-4136-808f-476bf492db37",
    "vertices" : [ {
      "x" : 10.59017,
      "y" : 2.118034,
      "z" : 6.354102
    }, {
      "x" : 6.354102,
      "y" : 6.354102,
      "z" : 10.59017
    }, {
      "x" : -2.118034,
      "y" : 6.354102,
      "z" : 10.59017
    }, {
      "x" : 2.118034,
      "y" : 2.118034,
      "z" : 6.354102
    } ],
    "faces" : [ {
      "vertices" : [ 0, 1, 2 ]
    }, {
      "vertices" : [ 0, 2, 3 ]
    }, {
      "vertices" : [ 0, 3, 2 ]
    }, {
      "vertices" : [ 0, 2, 1 ]
    } ]
  }, {
    "id" : "b4e55008-5b2f-479c-8414-ef1bd0715294",
    "vertices" : [ {
      "x" : 10.59017,
      "y" : 2.118034,
      "z" : 6.354102
    }, {
      "x" : 2.118034,
      "y" : 2.118034,
      "z" : 6.354102
    }, {
      "x" : 2.118034,
      "y" : -6.354102,
      "z" : 6.354102
    }, {
      "x" : 10.59017,
      "y" : -6.354102,
      "z" : 6.354102
    } ],
    "faces" : [ {
      "vertices" : [ 0, 1, 2 ]
    }, {
      "vertices" : [ 0, 2, 3 ]
    }, {
      "vertices" : [ 0, 3, 2 ]
    }, {
      "vertices" : [ 0, 2, 1 ]
    } ]
  }, {
    "id" : "887aa2b1-7bc9-4131-bb09-eca83897a727",
    "vertices" : [ {
      "x" : -2.118034,
      "y" : 6.354102,
      "z" : 10.59017
    }, {
      "x" : 2.118034,
      "y" : 2.118034,
      "z" : 6.354102
    }, {
      "x" : 2.118034,
      "y" : -6.354102,
      "z" : 6.354102
    }, {
      "x" : -2.118034,
      "y" : -2.118034,
      "z" : 10.59017
    } ],
    "faces" : [ {
      "vertices" : [ 0, 1, 2 ]
    }, {
      "vertices" : [ 0, 2, 3 ]
    }, {
      "vertices" : [ 0, 3, 2 ]
    }, {
      "vertices" : [ 0, 2, 1 ]
    } ]
  }, {
    "id" : "cd5dfdc7-f07b-486c-b64b-6724dffc77e9",
    "vertices" : [ {
      "x" : 6.354102,
      "y" : 6.354102,
      "z" : -6.354102
    }, {
      "x" : -2.118034,
      "y" : 6.354102,
      "z" : -6.354102
    }, {
      "x" : -2.118034,
      "y" : 6.354102,
      "z" : 2.118034
    }, {
      "x" : 6.354102,
      "y" : 6.354102,
      "z" : 2.118034
    } ],
    "faces" : [ {
      "vertices" : [ 0, 1, 2 ]
    }, {
      "vertices" : [ 0, 2, 3 ]
    }, {
      "vertices" : [ 0, 3, 2 ]
    }, {
      "vertices" : [ 0, 2, 1 ]
    } ]
  }, {
    "id" : "4c7a281e-3225-49da-8a36-dc33139311a0",
    "vertices" : [ {
      "x" : -6.354102,
      "y" : 10.59017,
      "z" : -2.118034
    }, {
      "x" : -10.59017,
      "y" : 6.354102,
      "z" : -6.354102
    }, {
      "x" : -10.59017,
      "y" : 6.354102,
      "z" : 2.118034
    }, {
      "x" : -6.354102,
      "y" : 10.59017,
      "z" : 6.354102
    } ],
    "faces" : [ {
      "vertices" : [ 0, 1, 2 ]
    }, {
      "vertices" : [ 0, 2, 3 ]
    }, {
      "vertices" : [ 0, 3, 2 ]
    }, {
      "vertices" : [ 0, 2, 1 ]
    } ]
  }, {
    "id" : "f63f5abb-0625-41f1-945c-a0e7acdf6292",
    "vertices" : [ {
      "x" : -6.354102,
      "y" : 10.59017,
      "z" : -2.118034
    }, {
      "x" : -6.354102,
      "y" : 2.118034,
      "z" : -2.118034
    }, {
      "x" : -6.354102,
      "y" : 2.118034,
      "z" : 6.354102
    }, {
      "x" : -6.354102,
      "y" : 10.59017,
      "z" : 6.354102
    } ],
    "faces" : [ {
      "vertices" : [ 0, 1, 2 ]
    }, {
      "vertices" : [ 0, 2, 3 ]
    }, {
      "vertices" : [ 0, 3, 2 ]
    }, {
      "vertices" : [ 0, 2, 1 ]
    } ]
  }, {
    "id" : "eb4b1b68-fbe3-4c10-9af5-2c50f87bd62f",
    "vertices" : [ {
      "x" : -2.118034,
      "y" : -2.118034,
      "z" : -6.354102
    }, {
      "x" : -6.354102,
      "y" : -6.354102,
      "z" : -10.59017
    }, {
      "x" : -6.354102,
      "y" : -6.354102,
      "z" : -2.118034
    }, {
      "x" : -2.118034,
      "y" : -2.118034,
      "z" : 2.118034
    } ],
    "faces" : [ {
      "vertices" : [ 0, 1, 2 ]
    }, {
      "vertices" : [ 0, 2, 3 ]
    }, {
      "vertices" : [ 0, 3, 2 ]
    }, {
      "vertices" : [ 0, 2, 1 ]
    } ]
  }, {
    "id" : "d4585730-a27c-4f6b-8278-47d0b5c10374",
    "vertices" : [ {
      "x" : -6.354102,
      "y" : 2.118034,
      "z" : -10.59017
    }, {
      "x" : -6.354102,
      "y" : -6.354102,
      "z" : -10.59017
    }, {
      "x" : -10.59017,
      "y" : -2.118034,
      "z" : -6.354102
    }, {
      "x" : -10.59017,
      "y" : 6.354102,
      "z" : -6.354102
    } ],
    "faces" : [ {
      "vertices" : [ 0, 1, 2 ]
    }, {
      "vertices" : [ 0, 2, 3 ]
    }, {
      "vertices" : [ 0, 3, 2 ]
    }, {
      "vertices" : [ 0, 2, 1 ]
    } ]
  }, {
    "id" : "83c67fbe-806f-4b8c-87fb-c432dbc923b7",
    "vertices" : [ {
      "x" : 10.59017,
      "y" : 2.118034,
      "z" : 6.354102
    }, {
      "x" : 6.354102,
      "y" : 6.354102,
      "z" : 10.59017
    }, {
      "x" : 6.354102,
      "y" : -2.118034,
      "z" : 10.59017
    }, {
      "x" : 10.59017,
      "y" : -6.354102,
      "z" : 6.354102
    } ],
    "faces" : [ {
      "vertices" : [ 0, 1, 2 ]
    }, {
      "vertices" : [ 0, 2, 3 ]
    }, {
      "vertices" : [ 0, 3, 2 ]
    }, {
      "vertices" : [ 0, 2, 1 ]
    } ]
  }, {
    "id" : "26a24d07-5f56-4d35-8919-034c240c6f18",
    "vertices" : [ {
      "x" : 6.354102,
      "y" : 6.354102,
      "z" : -6.354102
    }, {
      "x" : 2.118034,
      "y" : 10.59017,
      "z" : -2.118034
    }, {
      "x" : 2.118034,
      "y" : 10.59017,
      "z" : 6.354102
    }, {
      "x" : 6.354102,
      "y" : 6.354102,
      "z" : 2.118034
    } ],
    "faces" : [ {
      "vertices" : [ 0, 1, 2 ]
    }, {
      "vertices" : [ 0, 2, 3 ]
    }, {
      "vertices" : [ 0, 3, 2 ]
    }, {
      "vertices" : [ 0, 2, 1 ]
    } ]
  }, {
    "id" : "1c9c7dc4-7e90-4e12-b956-0c3efe3e9755",
    "vertices" : [ {
      "x" : 6.354102,
      "y" : 6.354102,
      "z" : -6.354102
    }, {
      "x" : 10.59017,
      "y" : 2.118034,
      "z" : -2.118034
    }, {
      "x" : 10.59017,
      "y" : -6.354102,
      "z" : -2.118034
    }, {
      "x" : 6.354102,
      "y" : -2.118034,
      "z" : -6.354102
    } ],
    "faces" : [ {
      "vertices" : [ 0, 1, 2 ]
    }, {
      "vertices" : [ 0, 2, 3 ]
    }, {
      "vertices" : [ 0, 3, 2 ]
    }, {
      "vertices" : [ 0, 2, 1 ]
    } ]
  }, {
    "id" : "412f243e-394d-4fc5-aa68-7d14acc5d125",
    "vertices" : [ {
      "x" : 6.354102,
      "y" : -2.118034,
      "z" : 2.118034
    }, {
      "x" : 10.59017,
      "y" : -6.354102,
      "z" : 6.354102
    }, {
      "x" : 2.118034,
      "y" : -6.354102,
      "z" : 6.354102
    }, {
      "x" : -2.118034,
      "y" : -2.118034,
      "z" : 2.118034
    } ],
    "faces" : [ {
      "vertices" : [ 0, 1, 2 ]
    }, {
      "vertices" : [ 0, 2, 3 ]
    }, {
      "vertices" : [ 0, 3, 2 ]
    }, {
      "vertices" : [ 0, 2, 1 ]
    } ]
  }, {
    "id" : "eb8b3020-28da-443c-8072-1a25dc69d201",
    "vertices" : [ {
      "x" : 2.118034,
      "y" : -6.354102,
      "z" : -10.59017
    }, {
      "x" : -6.354102,
      "y" : -6.354102,
      "z" : -10.59017
    }, {
      "x" : -2.118034,
      "y" : -2.118034,
      "z" : -6.354102
    }, {
      "x" : 6.354102,
      "y" : -2.118034,
      "z" : -6.354102
    } ],
    "faces" : [ {
      "vertices" : [ 0, 1, 2 ]
    }, {
      "vertices" : [ 0, 2, 3 ]
    }, {
      "vertices" : [ 0, 3, 2 ]
    }, {
      "vertices" : [ 0, 2, 1 ]
    } ]
  }, {
    "id" : "44af27b4-a4f6-431e-afed-ed8d9dbad4d9",
    "vertices" : [ {
      "x" : -6.354102,
      "y" : 2.118034,
      "z" : -10.59017
    }, {
      "x" : -2.118034,
      "y" : 6.354102,
      "z" : -6.354102
    }, {
      "x" : -2.118034,
      "y" : -2.118034,
      "z" : -6.354102
    }, {
      "x" : -6.354102,
      "y" : -6.354102,
      "z" : -10.59017
    } ],
    "faces" : [ {
      "vertices" : [ 0, 1, 2 ]
    }, {
      "vertices" : [ 0, 2, 3 ]
    }, {
      "vertices" : [ 0, 3, 2 ]
    }, {
      "vertices" : [ 0, 2, 1 ]
    } ]
  }, {
    "id" : "8d321673-c5a4-4a89-9d9e-8a81a3dd0e57",
    "vertices" : [ {
      "x" : -2.118034,
      "y" : 6.354102,
      "z" : -6.354102
    }, {
      "x" : -6.354102,
      "y" : 10.59017,
      "z" : -2.118034
    }, {
      "x" : -6.354102,
      "y" : 2.118034,
      "z" : -2.118034
    }, {
      "x" : -2.118034,
      "y" : -2.118034,
      "z" : -6.354102
    } ],
    "faces" : [ {
      "vertices" : [ 0, 1, 2 ]
    }, {
      "vertices" : [ 0, 2, 3 ]
    }, {
      "vertices" : [ 0, 3, 2 ]
    }, {
      "vertices" : [ 0, 2, 1 ]
    } ]
  }, {
    "id" : "72a056ad-5a7f-401f-8cfa-9a85c538f4a6",
    "vertices" : [ {
      "x" : 6.354102,
      "y" : -2.118034,
      "z" : 2.118034
    }, {
      "x" : 2.118034,
      "y" : -6.354102,
      "z" : -2.118034
    }, {
      "x" : 6.354102,
      "y" : -10.59017,
      "z" : 2.118034
    }, {
      "x" : 10.59017,
      "y" : -6.354102,
      "z" : 6.354102
    } ],
    "faces" : [ {
      "vertices" : [ 0, 1, 2 ]
    }, {
      "vertices" : [ 0, 2, 3 ]
    }, {
      "vertices" : [ 0, 3, 2 ]
    }, {
      "vertices" : [ 0, 2, 1 ]
    } ]
  }, {
    "id" : "5927fcab-1d8e-4f62-b93d-210948e7fae3",
    "vertices" : [ {
      "x" : 10.59017,
      "y" : 2.118034,
      "z" : 6.354102
    }, {
      "x" : 10.59017,
      "y" : -6.354102,
      "z" : 6.354102
    }, {
      "x" : 6.354102,
      "y" : -2.118034,
      "z" : 2.118034
    }, {
      "x" : 6.354102,
      "y" : 6.354102,
      "z" : 2.118034
    } ],
    "faces" : [ {
      "vertices" : [ 0, 1, 2 ]
    }, {
      "vertices" : [ 0, 2, 3 ]
    }, {
      "vertices" : [ 0, 3, 2 ]
    }, {
      "vertices" : [ 0, 2, 1 ]
    } ]
  }, {
    "id" : "d3209abe-58e7-4163-838a-766a58602598",
    "vertices" : [ {
      "x" : 6.354102,
      "y" : 6.354102,
      "z" : 2.118034
    }, {
      "x" : 2.118034,
      "y" : 10.59017,
      "z" : 6.354102
    }, {
      "x" : 6.354102,
      "y" : 6.354102,
      "z" : 10.59017
    }, {
      "x" : 10.59017,
      "y" : 2.118034,
      "z" : 6.354102
    } ],
    "faces" : [ {
      "vertices" : [ 0, 1, 2 ]
    }, {
      "vertices" : [ 0, 2, 3 ]
    }, {
      "vertices" : [ 0, 3, 2 ]
    }, {
      "vertices" : [ 0, 2, 1 ]
    } ]
  }, {
    "id" : "355daccf-6bc4-4e46-89c4-6f4d95db1505",
    "vertices" : [ {
      "x" : 2.118034,
      "y" : 2.118034,
      "z" : -10.59017
    }, {
      "x" : 2.118034,
      "y" : -6.354102,
      "z" : -10.59017
    }, {
      "x" : -6.354102,
      "y" : -6.354102,
      "z" : -10.59017
    }, {
      "x" : -6.354102,
      "y" : 2.118034,
      "z" : -10.59017
    } ],
    "faces" : [ {
      "vertices" : [ 0, 1, 2 ]
    }, {
      "vertices" : [ 0, 2, 3 ]
    }, {
      "vertices" : [ 0, 3, 2 ]
    }, {
      "vertices" : [ 0, 2, 1 ]
    } ]
  }, {
    "id" : "5ce190ea-7e5e-486d-90f6-c9992f856978",
    "vertices" : [ {
      "x" : 2.118034,
      "y" : -6.354102,
      "z" : -10.59017
    }, {
      "x" : 6.354102,
      "y" : -10.59017,
      "z" : -6.354102
    }, {
      "x" : 6.354102,
      "y" : -10.59017,
      "z" : 2.118034
    }, {
      "x" : 2.118034,
      "y" : -6.354102,
      "z" : -2.118034
    } ],
    "faces" : [ {
      "vertices" : [ 0, 1, 2 ]
    }, {
      "vertices" : [ 0, 2, 3 ]
    }, {
      "vertices" : [ 0, 3, 2 ]
    }, {
      "vertices" : [ 0, 2, 1 ]
    } ]
  }, {
    "id" : "b3a9b4ba-53ee-4834-a53a-a5546c53b9a2",
    "vertices" : [ {
      "x" : 10.59017,
      "y" : -6.354102,
      "z" : -2.118034
    }, {
      "x" : 6.354102,
      "y" : -2.118034,
      "z" : -6.354102
    }, {
      "x" : 6.354102,
      "y" : -2.118034,
      "z" : 2.118034
    }, {
      "x" : 10.59017,
      "y" : -6.354102,
      "z" : 6.354102
    } ],
    "faces" : [ {
      "vertices" : [ 0, 1, 2 ]
    }, {
      "vertices" : [ 0, 2, 3 ]
    }, {
      "vertices" : [ 0, 3, 2 ]
    }, {
      "vertices" : [ 0, 2, 1 ]
    } ]
  }, {
    "id" : "bdd8691b-c1a8-47d7-9472-a879c6f29bad",
    "vertices" : [ {
      "x" : 10.59017,
      "y" : -6.354102,
      "z" : -2.118034
    }, {
      "x" : 10.59017,
      "y" : -6.354102,
      "z" : 6.354102
    }, {
      "x" : 6.354102,
      "y" : -10.59017,
      "z" : 2.118034
    }, {
      "x" : 6.354102,
      "y" : -10.59017,
      "z" : -6.354102
    } ],
    "faces" : [ {
      "vertices" : [ 0, 1, 2 ]
    }, {
      "vertices" : [ 0, 2, 3 ]
    }, {
      "vertices" : [ 0, 3, 2 ]
    }, {
      "vertices" : [ 0, 2, 1 ]
    } ]
  }, {
    "id" : "16fb5060-5196-4cf1-a3c3-cb77b2d3618b",
    "vertices" : [ {
      "x" : 6.354102,
      "y" : -10.59017,
      "z" : 2.118034
    }, {
      "x" : 2.118034,
      "y" : -6.354102,
      "z" : -2.118034
    }, {
      "x" : -6.354102,
      "y" : -6.354102,
      "z" : -2.118034
    }, {
      "x" : -2.118034,
      "y" : -10.59017,
      "z" : 2.118034
    } ],
    "faces" : [ {
      "vertices" : [ 0, 1, 2 ]
    }, {
      "vertices" : [ 0, 2, 3 ]
    }, {
      "vertices" : [ 0, 3, 2 ]
    }, {
      "vertices" : [ 0, 2, 1 ]
    } ]
  }, {
    "id" : "85538097-9f31-4100-805c-5ce0236b06f2",
    "vertices" : [ {
      "x" : -10.59017,
      "y" : -2.118034,
      "z" : -6.354102
    }, {
      "x" : -6.354102,
      "y" : 2.118034,
      "z" : -2.118034
    }, {
      "x" : -6.354102,
      "y" : 2.118034,
      "z" : 6.354102
    }, {
      "x" : -10.59017,
      "y" : -2.118034,
      "z" : 2.118034
    } ],
    "faces" : [ {
      "vertices" : [ 0, 1, 2 ]
    }, {
      "vertices" : [ 0, 2, 3 ]
    }, {
      "vertices" : [ 0, 3, 2 ]
    }, {
      "vertices" : [ 0, 2, 1 ]
    } ]
  }, {
    "id" : "cedcf567-7437-4fe5-8bfb-fbca4e66f74a",
    "vertices" : [ {
      "x" : 2.118034,
      "y" : 10.59017,
      "z" : 6.354102
    }, {
      "x" : 6.354102,
      "y" : 6.354102,
      "z" : 2.118034
    }, {
      "x" : -2.118034,
      "y" : 6.354102,
      "z" : 2.118034
    }, {
      "x" : -6.354102,
      "y" : 10.59017,
      "z" : 6.354102
    } ],
    "faces" : [ {
      "vertices" : [ 0, 1, 2 ]
    }, {
      "vertices" : [ 0, 2, 3 ]
    }, {
      "vertices" : [ 0, 3, 2 ]
    }, {
      "vertices" : [ 0, 2, 1 ]
    } ]
  }, {
    "id" : "b1eb5bac-bcbf-4a12-89c7-fd0883ddc15a",
    "vertices" : [ {
      "x" : -6.354102,
      "y" : 10.59017,
      "z" : -2.118034
    }, {
      "x" : -6.354102,
      "y" : 10.59017,
      "z" : 6.354102
    }, {
      "x" : -2.118034,
      "y" : 6.354102,
      "z" : 2.118034
    }, {
      "x" : -2.118034,
      "y" : 6.354102,
      "z" : -6.354102
    } ],
    "faces" : [ {
      "vertices" : [ 0, 1, 2 ]
    }, {
      "vertices" : [ 0, 2, 3 ]
    }, {
      "vertices" : [ 0, 3, 2 ]
    }, {
      "vertices" : [ 0, 2, 1 ]
    } ]
  }, {
    "id" : "4233c3cc-0efa-4012-80d9-54e47a32847d",
    "vertices" : [ {
      "x" : 6.354102,
      "y" : 6.354102,
      "z" : -6.354102
    }, {
      "x" : 2.118034,
      "y" : 2.118034,
      "z" : -10.59017
    }, {
      "x" : -6.354102,
      "y" : 2.118034,
      "z" : -10.59017
    }, {
      "x" : -2.118034,
      "y" : 6.354102,
      "z" : -6.354102
    } ],
    "faces" : [ {
      "vertices" : [ 0, 1, 2 ]
    }, {
      "vertices" : [ 0, 2, 3 ]
    }, {
      "vertices" : [ 0, 3, 2 ]
    }, {
      "vertices" : [ 0, 2, 1 ]
    } ]
  }, {
    "id" : "c002d110-7317-493b-afcb-38d5d231f1d8",
    "vertices" : [ {
      "x" : -2.118034,
      "y" : 6.354102,
      "z" : 2.118034
    }, {
      "x" : 2.118034,
      "y" : 2.118034,
      "z" : 6.354102
    }, {
      "x" : -2.118034,
      "y" : 6.354102,
      "z" : 10.59017
    }, {
      "x" : -6.354102,
      "y" : 10.59017,
      "z" : 6.354102
    } ],
    "faces" : [ {
      "vertices" : [ 0, 1, 2 ]
    }, {
      "vertices" : [ 0, 2, 3 ]
    }, {
      "vertices" : [ 0, 3, 2 ]
    }, {
      "vertices" : [ 0, 2, 1 ]
    } ]
  }, {
    "id" : "9ad308f2-05f8-476a-ab34-8ead7bb6bc23",
    "vertices" : [ {
      "x" : 10.59017,
      "y" : 2.118034,
      "z" : -2.118034
    }, {
      "x" : 10.59017,
      "y" : 2.118034,
      "z" : 6.354102
    }, {
      "x" : 10.59017,
      "y" : -6.354102,
      "z" : 6.354102
    }, {
      "x" : 10.59017,
      "y" : -6.354102,
      "z" : -2.118034
    } ],
    "faces" : [ {
      "vertices" : [ 0, 1, 2 ]
    }, {
      "vertices" : [ 0, 2, 3 ]
    }, {
      "vertices" : [ 0, 3, 2 ]
    }, {
      "vertices" : [ 0, 2, 1 ]
    } ]
  }, {
    "id" : "f541448b-8f13-4c6e-9ccc-a3ed4ae597a5",
    "vertices" : [ {
      "x" : -2.118034,
      "y" : 6.354102,
      "z" : -6.354102
    }, {
      "x" : -2.118034,
      "y" : 6.354102,
      "z" : 2.118034
    }, {
      "x" : -2.118034,
      "y" : -2.118034,
      "z" : 2.118034
    }, {
      "x" : -2.118034,
      "y" : -2.118034,
      "z" : -6.354102
    } ],
    "faces" : [ {
      "vertices" : [ 0, 1, 2 ]
    }, {
      "vertices" : [ 0, 2, 3 ]
    }, {
      "vertices" : [ 0, 3, 2 ]
