{
  "field" : "golden",
  "symmetry" : "icosahedral",
  "orientations" : [ [ 1.0, 0.0, 0.0, 0.0, 0.0, 1.0, 0.0, 0.0, 0.0, 0.0, 1.0, 0.0, 0.0, 0.0, 0.0, 1.0 ], [ 0.0, 0.0, 1.0, 0.0, 1.0, 0.0, 0.0, 0.0, 0.0, 1.0, 0.0, 0.0, 0.0, 0.0, 0.0, 1.0 ], [ 0.0, 1.0, 0.0, 0.0, 0.0, 0.0, 1.0, 0.0, 1.0, 0.0, 0.0, 0.0, 0.0, 0.0, 0.0, 1.0 ], [ 0.809017, 0.309017, 0.5, 0.0, 0.309017, 0.5, -0.809017, 0.0, -0.5, 0.809017, 0.309017, 0.0, 0.0, 0.0, 0.0, 1.0 ], [ -0.5, 0.809017, 0.309017, 0.0, 0.809017, 0.309017, 0.5, 0.0, 0.309017, 0.5, -0.809017, 0.0, 0.0, 0.0, 0.0, 1.0 ], [ 0.309017, 0.5, -0.809017, 0.0, -0.5, 0.809017, 0.309017, 0.0, 0.809017, 0.309017, 0.5, 0.0, 0.0, 0.0, 0.0, 1.0 ], [ 0.5, 0.809017, 0.309017, 0.0, 0.809017, -0.309017, -0.5, 0.0, -0.309017, 0.5, -0.809017, 0.0, 0.0, 0.0, 0.0, 1.0 ], [ -0.309017, 0.5, -0.809017, 0.0, 0.5, 0.809017, 0.309017, 0.0, 0.809017, -0.309017, -0.5, 0.0, 0.0, 0.0, 0.0, 1.0 ], [ 0.809017, -0.309017, -0.5, 0.0, -0.309017, 0.5, -0.809017, 0.0, 0.5, 0.809017, 0.309017, 0.0, 0.0, 0.0, 0.0, 1.0 ], [ 0.5, 0.809017, -0.309017, 0.0, 0.809017, -0.309017, 0.5, 0.0, 0.309017, -0.5, -0.809017, 0.0, 0.0, 0.0, 0.0, 1.0 ], [ 0.309017, -0.5, -0.809017, 0.0, 0.5, 0.809017, -0.309017, 0.0, 0.809017, -0.309017, 0.5, 0.0, 0.0, 0.0, 0.0, 1.0 ], [ 0.809017, -0.309017, 0.5, 0.0, 0.309017, -0.5, -0.809017, 0.0, 0.5, 0.809017, -0.309017, 0.0, 0.0, 0.0, 0.0, 1.0 ], [ 0.809017, 0.309017, -0.5, 0.0, 0.309017, 0.5, 0.809017, 0.0, 0.5, -0.809017, 0.309017, 0.0, 0.0, 0.0, 0.0, 1.0 ], [ 0.5, -0.809017, 0.309017, 0.0, 0.809017, 0.309017, -0.5, 0.0, 0.309017, 0.5, 0.809017, 0.0, 0.0, 0.0, 0.0, 1.0 ], [ 0.309017, 0.5, 0.809017, 0.0, 0.5, -0.809017, 0.309017, 0.0, 0.809017, 0.309017, -0.5, 0.0, 0.0, 0.0, 0.0, 1.0 ], [ 1.0, 0.0, 0.0, 0.0, 0.0, -1.0, 0.0, 0.0, 0.0, 0.0, -1.0, 0.0, 0.0, 0.0, 0.0, 1.0 ], [ 0.0, 0.0, 1.0, 0.0, -1.0, 0.0, 0.0, 0.0, 0.0, -1.0, 0.0, 0.0, 0.0, 0.0, 0.0, 1.0 ], [ 0.0, 1.0, 0.0, 0.0, 0.0, 0.0, -1.0, 0.0, -1.0, 0.0, 0.0, 0.0, 0.0, 0.0, 0.0, 1.0 ], [ 0.809017, 0.309017, 0.5, 0.0, -0.309017, -0.5, 0.809017, 0.0, 0.5, -0.809017, -0.309017, 0.0, 0.0, 0.0, 0.0, 1.0 ], [ -0.5, 0.809017, 0.309017, 0.0, -0.809017, -0.309017, -0.5, 0.0, -0.309017, -0.5, 0.809017, 0.0, 0.0, 0.0, 0.0, 1.0 ], [ 0.309017, 0.5, -0.809017, 0.0, 0.5, -0.809017, -0.309017, 0.0, -0.809017, -0.309017, -0.5, 0.0, 0.0, 0.0, 0.0, 1.0 ], [ 0.5, 0.809017, 0.309017, 0.0, -0.809017, 0.309017, 0.5, 0.0, 0.309017, -0.5, 0.809017, 0.0, 0.0, 0.0, 0.0, 1.0 ], [ -0.309017, 0.5, -0.809017, 0.0, -0.5, -0.809017, -0.309017, 0.0, -0.809017, 0.309017, 0.5, 0.0, 0.0, 0.0, 0.0, 1.0 ], [ 0.809017, -0.309017, -0.5, 0.0, 0.309017, -0.5, 0.809017, 0.0, -0.5, -0.809017, -0.309017, 0.0, 0.0, 0.0, 0.0, 1.0 ], [ 0.5, 0.809017, -0.309017, 0.0, -0.809017, 0.309017, -0.5, 0.0, -0.309017, 0.5, 0.809017, 0.0, 0.0, 0.0, 0.0, 1.0 ], [ 0.309017, -0.5, -0.809017, 0.0, -0.5, -0.809017, 0.309017, 0.0, -0.809017, 0.309017, -0.5, 0.0, 0.0, 0.0, 0.0, 1.0 ], [ 0.809017, -0.309017, 0.5, 0.0, -0.309017, 0.5, 0.809017, 0.0, -0.5, -0.809017, 0.309017, 0.0, 0.0, 0.0, 0.0, 1.0 ], [ 0.809017, 0.309017, -0.5, 0.0, -0.309017, -0.5, -0.809017, 0.0, -0.5, 0.809017, -0.309017, 0.0, 0.0, 0.0, 0.0, 1.0 ], [ 0.5, -0.809017, 0.309017, 0.0, -0.809017, -0.309017, 0.5, 0.0, -0.309017, -0.5, -0.809017, 0.0, 0.0, 0.0, 0.0, 1.0 ], [ 0.309017, 0.5, 0.809017, 0.0, -0.5, 0.809017, -0.309017, 0.0, -0.809017, -0.309017, 0.5, 0.0, 0.0, 0.0, 0.0, 1.0 ], [ -1.0, 0.0, 0.0, 0.0, 0.0, -1.0, 0.0, 0.0, 0.0, 0.0, 1.0, 0.0, 0.0, 0.0, 0.0, 1.0 ], [ 0.0, 0.0, -1.0, 0.0, -1.0, 0.0, 0.0, 0.0, 0.0, 1.0, 0.0, 0.0, 0.0, 0.0, 0.0, 1.0 ], [ 0.0, -1.0, 0.0, 0.0, 0.0, 0.0, -1.0, 0.0, 1.0, 0.0, 0.0, 0.0, 0.0, 0.0, 0.0, 1.0 ], [ -0.809017, -0.309017, -0.5, 0.0, -0.309017, -0.5, 0.809017, 0.0, -0.5, 0.809017, 0.309017, 0.0, 0.0, 0.0, 0.0, 1.0 ], [ 0.5, -0.809017, -0.309017, 0.0, -0.809017, -0.309017, -0.5, 0.0, 0.309017, 0.5, -0.809017, 0.0, 0.0, 0.0, 0.0, 1.0 ], [ -0.309017, -0.5, 0.809017, 0.0, 0.5, -0.809017, -0.309017, 0.0, 0.809017, 0.309017, 0.5, 0.0, 0.0, 0.0, 0.0, 1.0 ], [ -0.5, -0.809017, -0.309017, 0.0, -0.809017, 0.309017, 0.5, 0.0, -0.309017, 0.5, -0.809017, 0.0, 0.0, 0.0, 0.0, 1.0 ], [ 0.309017, -0.5, 0.809017, 0.0, -0.5, -0.809017, -0.309017, 0.0, 0.809017, -0.309017, -0.5, 0.0, 0.0, 0.0, 0.0, 1.0 ], [ -0.809017, 0.309017, 0.5, 0.0, 0.309017, -0.5, 0.809017, 0.0, 0.5, 0.809017, 0.309017, 0.0, 0.0, 0.0, 0.0, 1.0 ], [ -0.5, -0.809017, 0.309017, 0.0, -0.809017, 0.309017, -0.5, 0.0, 0.309017, -0.5, -0.809017, 0.0, 0.0, 0.0, 0.0, 1.0 ], [ -0.309017, 0.5, 0.809017, 0.0, -0.5, -0.809017, 0.309017, 0.0, 0.809017, -0.309017, 0.5, 0.0, 0.0, 0.0, 0.0, 1.0 ], [ -0.809017, 0.309017, -0.5, 0.0, -0.309017, 0.5, 0.809017, 0.0, 0.5, 0.809017, -0.309017, 0.0, 0.0, 0.0, 0.0, 1.0 ], [ -0.809017, -0.309017, 0.5, 0.0, -0.309017, -0.5, -0.809017, 0.0, 0.5, -0.809017, 0.309017, 0.0, 0.0, 0.0, 0.0, 1.0 ], [ -0.5, 0.809017, -0.309017, 0.0, -0.809017, -0.309017, 0.5, 0.0, 0.309017, 0.5, 0.809017, 0.0, 0.0, 0.0, 0.0, 1.0 ], [ -0.309017, -0.5, -0.809017, 0.0, -0.5, 0.809017, -0.309017, 0.0, 0.809017, 0.309017, -0.5, 0.0, 0.0, 0.0, 0.0, 1.0 ], [ -1.0, 0.0, 0.0, 0.0, 0.0, 1.0, 0.0, 0.0, 0.0, 0.0, -1.0, 0.0, 0.0, 0.0, 0.0, 1.0 ], [ 0.0, 0.0, -1.0, 0.0, 1.0, 0.0, 0.0, 0.0, 0.0, -1.0, 0.0, 0.0, 0.0, 0.0, 0.0, 1.0 ], [ 0.0, -1.0, 0.0, 0.0, 0.0, 0.0, 1.0, 0.0, -1.0, 0.0, 0.0, 0.0, 0.0, 0.0, 0.0, 1.0 ], [ -0.809017, -0.309017, -0.5, 0.0, 0.309017, 0.5, -0.809017, 0.0, 0.5, -0.809017, -0.309017, 0.0, 0.0, 0.0, 0.0, 1.0 ], [ 0.5, -0.809017, -0.309017, 0.0, 0.809017, 0.309017, 0.5, 0.0, -0.309017, -0.5, 0.809017, 0.0, 0.0, 0.0, 0.0, 1.0 ], [ -0.309017, -0.5, 0.809017, 0.0, -0.5, 0.809017, 0.309017, 0.0, -0.809017, -0.309017, -0.5, 0.0, 0.0, 0.0, 0.0, 1.0 ], [ -0.5, -0.809017, -0.309017, 0.0, 0.809017, -0.309017, -0.5, 0.0, 0.309017, -0.5, 0.809017, 0.0, 0.0, 0.0, 0.0, 1.0 ], [ 0.309017, -0.5, 0.809017, 0.0, 0.5, 0.809017, 0.309017, 0.0, -0.809017, 0.309017, 0.5, 0.0, 0.0, 0.0, 0.0, 1.0 ], [ -0.809017, 0.309017, 0.5, 0.0, -0.309017, 0.5, -0.809017, 0.0, -0.5, -0.809017, -0.309017, 0.0, 0.0, 0.0, 0.0, 1.0 ], [ -0.5, -0.809017, 0.309017, 0.0, 0.809017, -0.309017, 0.5, 0.0, -0.309017, 0.5, 0.809017, 0.0, 0.0, 0.0, 0.0, 1.0 ], [ -0.309017, 0.5, 0.809017, 0.0, 0.5, 0.809017, -0.309017, 0.0, -0.809017, 0.309017, -0.5, 0.0, 0.0, 0.0, 0.0, 1.0 ], [ -0.809017, 0.309017, -0.5, 0.0, 0.309017, -0.5, -0.809017, 0.0, -0.5, -0.809017, 0.309017, 0.0, 0.0, 0.0, 0.0, 1.0 ], [ -0.809017, -0.309017, 0.5, 0.0, 0.309017, 0.5, 0.809017, 0.0, -0.5, 0.809017, -0.309017, 0.0, 0.0, 0.0, 0.0, 1.0 ], [ -0.5, 0.809017, -0.309017, 0.0, 0.809017, 0.309017, -0.5, 0.0, -0.309017, -0.5, -0.809017, 0.0, 0.0, 0.0, 0.0, 1.0 ], [ -0.309017, -0.5, -0.809017, 0.0, 0.5, -0.809017, 0.309017, 0.0, -0.809017, -0.309017, 0.5, 0.0, 0.0, 0.0, 0.0, 1.0 ] ],
  "lights" : {
    "ambientColor" : "#292929",
    "backgroundColor" : "#AFC8DC",
    "directionalLights" : [ {
      "direction" : {
        "x" : 1.0,
        "y" : -1.0,
        "z" : -1.0
      },
      "color" : "#EBEBE4"
    }, {
      "direction" : {
        "x" : -1.0,
        "y" : 0.0,
        "z" : 0.0
      },
      "color" : "#E4E4EB"
    }, {
      "direction" : {
        "x" : 0.0,
        "y" : 0.0,
        "z" : -1.0
      },
      "color" : "#1E1E1E"
    } ]
  },
  "camera" : {
    "lookDirection" : {
      "x" : 0.0,
      "y" : 0.0,
      "z" : -1.0
    },
    "upDirection" : {
      "x" : 0.0,
      "y" : 1.0,
      "z" : 0.0
    },
    "lookAtPoint" : {
      "x" : 0.0,
      "y" : 0.0,
      "z" : 0.0
    },
    "perspective" : false,
    "viewDistance" : 122.59417,
    "nearClipDistance" : 0.30648577,
    "farClipDistance" : 245.18896,
    "fieldOfView" : 0.4426295,
    "stereo" : false,
    "width" : 55.167454,
    "position" : {
      "x" : 0.0,
      "y" : 0.0,
      "z" : 122.59417
    }
  },
  "embedding" : [ 1.0, 0.0, 0.0, 0.0, 0.0, 1.0, 0.0, 0.0, 0.0, 0.0, 1.0, 0.0, 0.0, 0.0, 0.0, 1.0 ],
  "shapes" : [ {
    "id" : "4d944785-8ea2-44ec-b48e-523113e25394",
    "vertices" : [ {
      "x" : -3.8315594,
      "y" : 9.626644,
      "z" : -5.795085
    }, {
      "x" : -6.1995935,
      "y" : 8.722136,
      "z" : -5.1405764
    }, {
      "x" : -5.1405764,
      "y" : 10.435661,
      "z" : -2.368034
    }, {
      "x" : -3.177051,
      "y" : 10.685661,
      "z" : -4.0815597
    } ],
    "faces" : [ {
      "vertices" : [ 0, 1, 2 ]
    }, {
      "vertices" : [ 0, 2, 3 ]
    }, {
      "vertices" : [ 0, 3, 2 ]
    }, {
      "vertices" : [ 0, 2, 1 ]
    } ]
  }, {
    "id" : "41561cf8-65b3-4cc8-81a3-859b1c666acb",
    "vertices" : [ {
      "x" : -0.309017,
      "y" : -0.19098301,
      "z" : 0.0
    }, {
      "x" : -0.309017,
      "y" : 0.19098301,
      "z" : 0.0
    }, {
      "x" : -0.19098301,
      "y" : 0.0,
      "z" : -0.309017
    }, {
      "x" : -0.19098301,
      "y" : 0.0,
      "z" : 0.309017
    }, {
      "x" : 0.0,
      "y" : -0.309017,
      "z" : -0.19098301
    }, {
      "x" : 0.0,
      "y" : -0.309017,
      "z" : 0.19098301
    }, {
      "x" : 0.0,
      "y" : 0.309017,
      "z" : -0.19098301
    }, {
      "x" : 0.0,
      "y" : 0.309017,
      "z" : 0.19098301
    }, {
      "x" : 0.19098301,
      "y" : 0.0,
      "z" : -0.309017
    }, {
      "x" : 0.19098301,
      "y" : 0.0,
      "z" : 0.309017
    }, {
      "x" : 0.309017,
      "y" : -0.19098301,
      "z" : 0.0
    }, {
      "x" : 0.309017,
      "y" : 0.19098301,
      "z" : 0.0
    } ],
    "faces" : [ {
      "vertices" : [ 0, 1, 2 ]
    }, {
      "vertices" : [ 0, 3, 1 ]
    }, {
      "vertices" : [ 0, 2, 4 ]
    }, {
      "vertices" : [ 0, 5, 3 ]
    }, {
      "vertices" : [ 0, 4, 5 ]
    }, {
      "vertices" : [ 1, 6, 2 ]
    }, {
      "vertices" : [ 1, 3, 7 ]
    }, {
      "vertices" : [ 1, 7, 6 ]
    }, {
      "vertices" : [ 2, 8, 4 ]
    }, {
      "vertices" : [ 2, 6, 8 ]
    }, {
      "vertices" : [ 3, 5, 9 ]
    }, {
      "vertices" : [ 3, 9, 7 ]
    }, {
      "vertices" : [ 4, 10, 5 ]
    }, {
      "vertices" : [ 4, 8, 10 ]
    }, {
      "vertices" : [ 5, 10, 9 ]
    }, {
      "vertices" : [ 6, 7, 11 ]
    }, {
      "vertices" : [ 6, 11, 8 ]
    }, {
      "vertices" : [ 7, 9, 11 ]
    }, {
      "vertices" : [ 8, 11, 10 ]
    }, {
      "vertices" : [ 9, 10, 11 ]
    } ]
  }, {
    "id" : "01469720-6658-403a-b4f0-37441869a17b",
    "vertices" : [ {
      "x" : 11.4946785,
      "y" : 2.7725425,
      "z" : 1.059017
    }, {
      "x" : 11.7446785,
      "y" : 0.25,
      "z" : 1.7135255
    }, {
      "x" : 11.7446785,
      "y" : 0.25,
      "z" : -1.7135255
    }, {
      "x" : 11.4946785,
      "y" : 2.7725425,
      "z" : -1.059017
    } ],
    "faces" : [ {
      "vertices" : [ 0, 1, 2 ]
    }, {
      "vertices" : [ 0, 2, 3 ]
    }, {
      "vertices" : [ 0, 3, 2 ]
    }, {
      "vertices" : [ 0, 2, 1 ]
    } ]
  }, {
    "id" : "c9b68d9a-c797-4409-aa29-da97c6fe8965",
    "vertices" : [ {
      "x" : 1.7135255,
      "y" : -11.7446785,
      "z" : -0.25
    }, {
      "x" : 1.7135255,
      "y" : -11.7446785,
      "z" : 0.25
    }, {
      "x" : -1.7135255,
      "y" : -11.7446785,
      "z" : 0.25
    }, {
      "x" : -1.7135255,
      "y" : -11.7446785,
      "z" : -0.25
    } ],
    "faces" : [ {
      "vertices" : [ 0, 1, 2 ]
    }, {
      "vertices" : [ 0, 2, 3 ]
    }, {
      "vertices" : [ 0, 3, 2 ]
    }, {
      "vertices" : [ 0, 2, 1 ]
    } ]
  }, {
    "id" : "fffbe9c7-b922-4118-b22b-1fc578f759e3",
    "vertices" : [ {
      "x" : -3.177051,
      "y" : 10.685661,
      "z" : 4.0815597
    }, {
      "x" : -3.8315594,
      "y" : 9.626644,
      "z" : 5.795085
    }, {
      "x" : -2.118034,
      "y" : 10.281153,
      "z" : 5.545085
    } ],
    "faces" : [ {
      "vertices" : [ 0, 1, 2 ]
    }, {
      "vertices" : [ 0, 2, 1 ]
    } ]
  }, {
    "id" : "965384a0-8c1b-4d65-84c4-0653852a21ab",
    "vertices" : [ {
      "x" : 2.118034,
      "y" : -5.545085,
      "z" : 10.281153
    }, {
      "x" : 4.8905764,
      "y" : -6.604102,
      "z" : 8.567628
    }, {
      "x" : 5.1405764,
      "y" : -6.1995935,
      "z" : 8.722136
    }, {
      "x" : 2.368034,
      "y" : -5.1405764,
      "z" : 10.435661
    } ],
    "faces" : [ {
      "vertices" : [ 0, 1, 2 ]
    }, {
      "vertices" : [ 0, 2, 3 ]
    }, {
      "vertices" : [ 0, 3, 2 ]
    }, {
      "vertices" : [ 0, 2, 1 ]
    } ]
  }, {
    "id" : "2c64c9b0-1090-48d9-8ed5-49e9c80c37bb",
    "vertices" : [ {
      "x" : 2.118034,
      "y" : -5.545085,
      "z" : 10.281153
    }, {
      "x" : 0.0,
      "y" : -4.236068,
      "z" : 11.09017
    }, {
      "x" : -2.118034,
      "y" : -5.545085,
      "z" : 10.281153
    }, {
      "x" : -1.309017,
      "y" : -7.663119,
      "z" : 8.972136
    }, {
      "x" : 1.309017,
      "y" : -7.663119,
      "z" : 8.972136
    } ],
    "faces" : [ {
      "vertices" : [ 0, 1, 2 ]
    }, {
      "vertices" : [ 0, 2, 3 ]
    }, {
      "vertices" : [ 0, 3, 4 ]
    }, {
      "vertices" : [ 0, 4, 3 ]
    }, {
      "vertices" : [ 0, 3, 2 ]
    }, {
      "vertices" : [ 0, 2, 1 ]
    } ]
  }, {
    "id" : "7fa5bdc2-d981-4fca-ae6b-f97f392b62e7",
    "vertices" : [ {
      "x" : -5.545085,
      "y" : 2.118034,
      "z" : 10.281153
    }, {
      "x" : -4.236068,
      "y" : 0.0,
      "z" : 11.09017
    }, {
      "x" : -2.7725425,
      "y" : 1.059017,
      "z" : 11.4946785
    }, {
      "x" : -4.0815597,
      "y" : 3.177051,
      "z" : 10.685661
    } ],
    "faces" : [ {
      "vertices" : [ 0, 1, 2 ]
    }, {
      "vertices" : [ 0, 2, 3 ]
    }, {
      "vertices" : [ 0, 3, 2 ]
    }, {
      "vertices" : [ 0, 2, 1 ]
    } ]
  }, {
    "id" : "68a25e87-a72f-4c89-b62e-33952527a8ea",
    "vertices" : [ {
      "x" : 9.626644,
      "y" : -5.795085,
      "z" : -3.8315594
    }, {
      "x" : 10.685661,
      "y" : -4.0815597,
      "z" : -3.177051
    }, {
      "x" : 10.281153,
      "y" : -5.545085,
      "z" : -2.118034
    } ],
    "faces" : [ {
      "vertices" : [ 0, 1, 2 ]
    }, {
      "vertices" : [ 0, 2, 1 ]
    } ]
  }, {
    "id" : "924c92a3-236e-4e70-8dcf-df014c56f284",
    "vertices" : [ {
      "x" : -9.626644,
      "y" : 5.795085,
      "z" : -3.8315594
    }, {
      "x" : -8.722136,
      "y" : 5.1405764,
      "z" : -6.1995935
    }, {
      "x" : -10.435661,
      "y" : 2.368034,
      "z" : -5.1405764
    }, {
      "x" : -10.685661,
      "y" : 4.0815597,
      "z" : -3.177051
    } ],
    "faces" : [ {
      "vertices" : [ 0, 1, 2 ]
    }, {
      "vertices" : [ 0, 2, 3 ]
    }, {
      "vertices" : [ 0, 3, 2 ]
    }, {
      "vertices" : [ 0, 2, 1 ]
    } ]
  }, {
    "id" : "40ecd5a3-5712-4937-b5f0-806b83d3dae2",
    "vertices" : [ {
      "x" : 4.8905764,
      "y" : -6.604102,
      "z" : -8.567628
    }, {
      "x" : 5.1405764,
      "y" : -6.1995935,
      "z" : -8.722136
    }, {
      "x" : 6.854102,
      "y" : -6.854102,
      "z" : -6.854102
    } ],
    "faces" : [ {
      "vertices" : [ 0, 1, 2 ]
    }, {
      "vertices" : [ 0, 2, 1 ]
    } ]
  }, {
    "id" : "00776d28-1f29-48d0-8d51-c17ce49cae84",
    "vertices" : [ {
      "x" : -8.317628,
      "y" : 7.913119,
      "z" : 3.0225425
    }, {
      "x" : -6.604102,
      "y" : 8.567628,
      "z" : 4.8905764
    }, {
      "x" : -5.545085,
      "y" : 10.281153,
      "z" : 2.118034
    }, {
      "x" : -7.663119,
      "y" : 8.972136,
      "z" : 1.309017
    } ],
    "faces" : [ {
      "vertices" : [ 0, 1, 2 ]
    }, {
      "vertices" : [ 0, 2, 3 ]
    }, {
      "vertices" : [ 0, 3, 2 ]
    }, {
      "vertices" : [ 0, 2, 1 ]
    } ]
  }, {
    "id" : "abba5dca-f0e2-412b-b512-622eb15aad68",
    "vertices" : [ {
      "x" : -6.604102,
      "y" : 8.567628,
      "z" : -4.8905764
    }, {
      "x" : -5.545085,
      "y" : 10.281153,
      "z" : -2.118034
    }, {
      "x" : -5.1405764,
      "y" : 10.435661,
      "z" : -2.368034
    }, {
      "x" : -6.1995935,
      "y" : 8.722136,
      "z" : -5.1405764
    } ],
    "faces" : [ {
      "vertices" : [ 0, 1, 2 ]
    }, {
      "vertices" : [ 0, 2, 3 ]
    }, {
      "vertices" : [ 0, 3, 2 ]
    }, {
      "vertices" : [ 0, 2, 1 ]
    } ]
  }, {
    "id" : "6a7257e8-fbf1-41e3-b6b2-b0064eee25ef",
    "vertices" : [ {
      "x" : 4.236068,
      "y" : 11.09017,
      "z" : 0.0
    }, {
      "x" : 1.7135255,
      "y" : 11.7446785,
      "z" : 0.25
    }, {
      "x" : 1.059017,
      "y" : 11.4946785,
      "z" : 2.7725425
    }, {
      "x" : 3.177051,
      "y" : 10.685661,
      "z" : 4.0815597
    }, {
      "x" : 5.1405764,
      "y" : 10.435661,
      "z" : 2.368034
    } ],
    "faces" : [ {
      "vertices" : [ 0, 1, 2 ]
    }, {
      "vertices" : [ 0, 2, 3 ]
    }, {
      "vertices" : [ 0, 3, 4 ]
    }, {
      "vertices" : [ 0, 4, 3 ]
    }, {
      "vertices" : [ 0, 3, 2 ]
    }, {
      "vertices" : [ 0, 2, 1 ]
    } ]
  }, {
    "id" : "e62eb2f7-f022-40ca-a244-487855cac4ea",
    "vertices" : [ {
      "x" : -6.854102,
      "y" : -6.854102,
      "z" : 6.854102
    }, {
      "x" : -6.1995935,
      "y" : -8.722136,
      "z" : 5.1405764
    }, {
      "x" : -3.8315594,
      "y" : -9.626644,
      "z" : 5.795085
    }, {
      "x" : -3.0225425,
      "y" : -8.317628,
      "z" : 7.913119
    }, {
      "x" : -4.8905764,
      "y" : -6.604102,
      "z" : 8.567628
    } ],
    "faces" : [ {
      "vertices" : [ 0, 1, 2 ]
    }, {
      "vertices" : [ 0, 2, 3 ]
    }, {
      "vertices" : [ 0, 3, 4 ]
    }, {
      "vertices" : [ 0, 4, 3 ]
    }, {
      "vertices" : [ 0, 3, 2 ]
    }, {
      "vertices" : [ 0, 2, 1 ]
    } ]
  }, {
    "id" : "a69db0eb-f3c6-4f29-a457-dd29f97ae834",
    "vertices" : [ {
      "x" : 8.567628,
      "y" : 4.8905764,
      "z" : 6.604102
    }, {
      "x" : 7.913119,
      "y" : 3.0225425,
      "z" : 8.317628
    }, {
      "x" : 8.972136,
      "y" : 1.309017,
      "z" : 7.663119
    }, {
      "x" : 10.281153,
      "y" : 2.118034,
      "z" : 5.545085
    } ],
    "faces" : [ {
      "vertices" : [ 0, 1, 2 ]
    }, {
      "vertices" : [ 0, 2, 3 ]
    }, {
      "vertices" : [ 0, 3, 2 ]
    }, {
      "vertices" : [ 0, 2, 1 ]
    } ]
  }, {
    "id" : "ea2bd51f-d31a-462b-a3a2-754798891a68",
    "vertices" : [ {
      "x" : -8.972136,
      "y" : -7.663119,
      "z" : 1.309017
    }, {
      "x" : -8.317628,
      "y" : -7.913119,
      "z" : 3.0225425
    }, {
      "x" : -9.626644,
      "y" : -5.795085,
      "z" : 3.8315594
    }, {
      "x" : -10.281153,
      "y" : -5.545085,
      "z" : 2.118034
    } ],
    "faces" : [ {
      "vertices" : [ 0, 1, 2 ]
    }, {
      "vertices" : [ 0, 2, 3 ]
    }, {
      "vertices" : [ 0, 3, 2 ]
    }, {
      "vertices" : [ 0, 2, 1 ]
    } ]
  }, {
    "id" : "0175bc78-1740-49c2-9423-4b224a455282",
    "vertices" : [ {
      "x" : 6.1995935,
      "y" : -8.722136,
      "z" : 5.1405764
    }, {
      "x" : 6.604102,
      "y" : -8.567628,
      "z" : 4.8905764
    }, {
      "x" : 6.854102,
      "y" : -6.854102,
      "z" : 6.854102
    } ],
    "faces" : [ {
      "vertices" : [ 0, 1, 2 ]
    }, {
      "vertices" : [ 0, 2, 1 ]
    } ]
  }, {
    "id" : "167d0205-c2ea-41b4-8274-f72719ef9685",
    "vertices" : [ {
      "x" : -9.626644,
      "y" : -5.795085,
      "z" : 3.8315594
    }, {
      "x" : -10.685661,
      "y" : -4.0815597,
      "z" : 3.177051
    }, {
      "x" : -10.281153,
      "y" : -5.545085,
      "z" : 2.118034
    } ],
    "faces" : [ {
      "vertices" : [ 0, 1, 2 ]
    }, {
      "vertices" : [ 0, 2, 1 ]
    } ]
  }, {
    "id" : "86133a37-4ab4-412e-bf07-03afc77ba39a",
    "vertices" : [ {
      "x" : -3.177051,
      "y" : 10.685661,
      "z" : -4.0815597
    }, {
      "x" : -5.1405764,
      "y" : 10.435661,
      "z" : -2.368034
    }, {
      "x" : -4.236068,
      "y" : 11.09017,
      "z" : 0.0
    }, {
      "x" : -1.7135255,
      "y" : 11.7446785,
      "z" : -0.25
    }, {
      "x" : -1.059017,
      "y" : 11.4946785,
      "z" : -2.7725425
    } ],
    "faces" : [ {
      "vertices" : [ 0, 1, 2 ]
    }, {
      "vertices" : [ 0, 2, 3 ]
    }, {
      "vertices" : [ 0, 3, 4 ]
    }, {
      "vertices" : [ 0, 4, 3 ]
    }, {
      "vertices" : [ 0, 3, 2 ]
    }, {
      "vertices" : [ 0, 2, 1 ]
    } ]
  }, {
    "id" : "bff3dfe4-924f-4e12-9afb-532d35175ffb",
    "vertices" : [ {
      "x" : 0.0,
      "y" : -11.09017,
      "z" : -4.236068
    }, {
      "x" : 1.059017,
      "y" : -11.4946785,
      "z" : -2.7725425
    }, {
      "x" : -1.059017,
      "y" : -11.4946785,
      "z" : -2.7725425
    } ],
    "faces" : [ {
      "vertices" : [ 0, 1, 2 ]
    }, {
      "vertices" : [ 0, 2, 1 ]
    } ]
  }, {
    "id" : "ca761166-3450-4d52-ab89-8d1887713d6e",
    "vertices" : [ {
      "x" : -10.685661,
      "y" : -4.0815597,
      "z" : -3.177051
    }, {
      "x" : -9.626644,
      "y" : -5.795085,
      "z" : -3.8315594
    }, {
      "x" : -10.281153,
      "y" : -5.545085,
      "z" : -2.118034
    } ],
    "faces" : [ {
      "vertices" : [ 0, 1, 2 ]
    }, {
      "vertices" : [ 0, 2, 1 ]
    } ]
  }, {
    "id" : "004dee63-c7a0-403c-b70d-95c7d76812ea",
    "vertices" : [ {
      "x" : -6.854102,
      "y" : -6.854102,
      "z" : 6.854102
    }, {
      "x" : -8.722136,
      "y" : -5.1405764,
      "z" : 6.1995935
    }, {
      "x" : -9.626644,
      "y" : -5.795085,
      "z" : 3.8315594
    }, {
      "x" : -8.317628,
      "y" : -7.913119,
      "z" : 3.0225425
    }, {
      "x" : -6.604102,
      "y" : -8.567628,
      "z" : 4.8905764
    } ],
    "faces" : [ {
      "vertices" : [ 0, 1, 2 ]
    }, {
      "vertices" : [ 0, 2, 3 ]
    }, {
      "vertices" : [ 0, 3, 4 ]
    }, {
      "vertices" : [ 0, 4, 3 ]
    }, {
      "vertices" : [ 0, 3, 2 ]
    }, {
      "vertices" : [ 0, 2, 1 ]
    } ]
  }, {
    "id" : "b4edd454-7ee6-4bf2-960f-df5f16fc7307",
    "vertices" : [ {
      "x" : -2.118034,
      "y" : 5.545085,
      "z" : -10.281153
    }, {
      "x" : -4.8905764,
      "y" : 6.604102,
      "z" : -8.567628
    }, {
      "x" : -3.0225425,
      "y" : 8.317628,
      "z" : -7.913119
    }, {
      "x" : -1.309017,
      "y" : 7.663119,
      "z" : -8.972136
    } ],
    "faces" : [ {
      "vertices" : [ 0, 1, 2 ]
    }, {
      "vertices" : [ 0, 2, 3 ]
    }, {
      "vertices" : [ 0, 3, 2 ]
    }, {
      "vertices" : [ 0, 2, 1 ]
    } ]
  }, {
    "id" : "b46a4618-21c6-4ef5-8403-153552e7e6fc",
    "vertices" : [ {
      "x" : 4.0815597,
      "y" : 3.177051,
      "z" : -10.685661
    }, {
      "x" : 2.368034,
      "y" : 5.1405764,
      "z" : -10.435661
    }, {
      "x" : 5.1405764,
      "y" : 6.1995935,
      "z" : -8.722136
    }, {
      "x" : 5.795085,
      "y" : 3.8315594,
      "z" : -9.626644
    } ],
    "faces" : [ {
      "vertices" : [ 0, 1, 2 ]
    }, {
      "vertices" : [ 0, 2, 3 ]
    }, {
      "vertices" : [ 0, 3, 2 ]
    }, {
      "vertices" : [ 0, 2, 1 ]
    } ]
  }, {
    "id" : "03763188-6c50-4ff2-af08-618b989800e2",
    "vertices" : [ {
      "x" : -10.685661,
      "y" : -4.0815597,
      "z" : -3.177051
    }, {
      "x" : -10.435661,
      "y" : -2.368034,
      "z" : -5.1405764
    }, {
      "x" : -8.722136,
      "y" : -5.1405764,
      "z" : -6.1995935
    }, {
      "x" : -9.626644,
      "y" : -5.795085,
      "z" : -3.8315594
    } ],
    "faces" : [ {
      "vertices" : [ 0, 1, 2 ]
    }, {
      "vertices" : [ 0, 2, 3 ]
    }, {
      "vertices" : [ 0, 3, 2 ]
    }, {
      "vertices" : [ 0, 2, 1 ]
    } ]
  }, {
    "id" : "938773d0-4201-4213-a109-a9b1e5e87f02",
    "vertices" : [ {
      "x" : 11.7446785,
      "y" : -0.25,
      "z" : -1.7135255
    }, {
      "x" : 11.4946785,
      "y" : -2.7725425,
      "z" : -1.059017
    }, {
      "x" : 10.685661,
      "y" : -4.0815597,
      "z" : -3.177051
    }, {
      "x" : 10.435661,
      "y" : -2.368034,
      "z" : -5.1405764
    }, {
      "x" : 11.09017,
      "y" : 0.0,
      "z" : -4.236068
    } ],
    "faces" : [ {
      "vertices" : [ 0, 1, 2 ]
    }, {
      "vertices" : [ 0, 2, 3 ]
    }, {
      "vertices" : [ 0, 3, 4 ]
    }, {
      "vertices" : [ 0, 4, 3 ]
    }, {
      "vertices" : [ 0, 3, 2 ]
    }, {
      "vertices" : [ 0, 2, 1 ]
    } ]
  }, {
    "id" : "f8a86bba-2668-4d48-8cbb-d681741fe5c5",
    "vertices" : [ {
      "x" : 5.545085,
      "y" : -10.281153,
      "z" : -2.118034
    }, {
      "x" : 4.236068,
      "y" : -11.09017,
      "z" : 0.0
    }, {
      "x" : 5.1405764,
      "y" : -10.435661,
      "z" : -2.368034
    } ],
    "faces" : [ {
      "vertices" : [ 0, 1, 2 ]
    }, {
      "vertices" : [ 0, 2, 1 ]
    } ]
  }, {
    "id" : "b0a8232e-24f4-40fd-b589-3460e97e0516",
    "vertices" : [ {
      "x" : -2.118034,
      "y" : -5.545085,
      "z" : -10.281153
    }, {
      "x" : -1.309017,
      "y" : -7.663119,
      "z" : -8.972136
    }, {
      "x" : -3.0225425,
      "y" : -8.317628,
      "z" : -7.913119
    }, {
      "x" : -4.8905764,
      "y" : -6.604102,
      "z" : -8.567628
    } ],
    "faces" : [ {
      "vertices" : [ 0, 1, 2 ]
    }, {
      "vertices" : [ 0, 2, 3 ]
    }, {
      "vertices" : [ 0, 3, 2 ]
    }, {
      "vertices" : [ 0, 2, 1 ]
    } ]
  }, {
    "id" : "bc3367ab-5a35-41ad-b728-c2f4178037f4",
    "vertices" : [ {
      "x" : 11.09017,
      "y" : 4.236068,
      "z" : 0.0
    }, {
      "x" : 11.4946785,
      "y" : 2.7725425,
      "z" : -1.059017
    }, {
      "x" : 10.685661,
      "y" : 4.0815597,
      "z" : -3.177051
    }, {
      "x" : 10.281153,
      "y" : 5.545085,
      "z" : -2.118034
    } ],
    "faces" : [ {
      "vertices" : [ 0, 1, 2 ]
    }, {
      "vertices" : [ 0, 2, 3 ]
    }, {
      "vertices" : [ 0, 3, 2 ]
    }, {
      "vertices" : [ 0, 2, 1 ]
    } ]
  }, {
    "id" : "758543b8-ce03-438c-a9c6-c66b0c487f78",
    "vertices" : [ {
      "x" : 4.236068,
      "y" : 11.09017,
      "z" : 0.0
    }, {
      "x" : 1.7135255,
      "y" : 11.7446785,
      "z" : -0.25
    }, {
      "x" : 1.7135255,
      "y" : 11.7446785,
      "z" : 0.25
    } ],
    "faces" : [ {
      "vertices" : [ 0, 1, 2 ]
    }, {
      "vertices" : [ 0, 2, 1 ]
    } ]
  }, {
    "id" : "f91f7403-55e6-412e-a4dd-ab1548a66a96",
    "vertices" : [ {
      "x" : 7.663119,
      "y" : -8.972136,
      "z" : 1.309017
    }, {
      "x" : 8.317628,
      "y" : -7.913119,
      "z" : 3.0225425
    }, {
      "x" : 6.604102,
      "y" : -8.567628,
      "z" : 4.8905764
    }, {
      "x" : 5.545085,
      "y" : -10.281153,
      "z" : 2.118034
    } ],
    "faces" : [ {
      "vertices" : [ 0, 1, 2 ]
    }, {
      "vertices" : [ 0, 2, 3 ]
    }, {
      "vertices" : [ 0, 3, 2 ]
    }, {
      "vertices" : [ 0, 2, 1 ]
    } ]
  }, {
    "id" : "25b82089-6916-45d8-86c8-2a16661d8e64",
    "vertices" : [ {
      "x" : -3.8315594,
      "y" : 9.626644,
      "z" : -5.795085
    }, {
      "x" : -2.118034,
      "y" : 10.281153,
      "z" : -5.545085
    }, {
      "x" : -1.309017,
      "y" : 8.972136,
      "z" : -7.663119
    }, {
      "x" : -3.0225425,
      "y" : 8.317628,
      "z" : -7.913119
    } ],
    "faces" : [ {
      "vertices" : [ 0, 1, 2 ]
    }, {
      "vertices" : [ 0, 2, 3 ]
    }, {
      "vertices" : [ 0, 3, 2 ]
    }, {
      "vertices" : [ 0, 2, 1 ]
    } ]
  }, {
    "id" : "32fd40fd-c2dc-4914-9cdc-4faf25b11c14",
    "vertices" : [ {
      "x" : -10.685661,
      "y" : 4.0815597,
      "z" : 3.177051
    }, {
      "x" : -11.4946785,
      "y" : 2.7725425,
      "z" : 1.059017
    }, {
      "x" : -11.7446785,
      "y" : 0.25,
      "z" : 1.7135255
    }, {
      "x" : -11.09017,
      "y" : 0.0,
      "z" : 4.236068
    }, {
      "x" : -10.435661,
      "y" : 2.368034,
      "z" : 5.1405764
    } ],
    "faces" : [ {
      "vertices" : [ 0, 1, 2 ]
    }, {
      "vertices" : [ 0, 2, 3 ]
    }, {
      "vertices" : [ 0, 3, 4 ]
    }, {
      "vertices" : [ 0, 4, 3 ]
    }, {
      "vertices" : [ 0, 3, 2 ]
    }, {
      "vertices" : [ 0, 2, 1 ]
    } ]
  }, {
    "id" : "a9ca0c7d-82e7-4434-a2ab-dc08f53df941",
    "vertices" : [ {
      "x" : 1.7135255,
      "y" : -11.7446785,
      "z" : -0.25
    }, {
      "x" : 1.059017,
      "y" : -11.4946785,
      "z" : -2.7725425
    }, {
      "x" : 3.177051,
      "y" : -10.685661,
      "z" : -4.0815597
    }, {
      "x" : 5.1405764,
      "y" : -10.435661,
      "z" : -2.368034
    }, {
      "x" : 4.236068,
      "y" : -11.09017,
      "z" : 0.0
    } ],
    "faces" : [ {
      "vertices" : [ 0, 1, 2 ]
    }, {
      "vertices" : [ 0, 2, 3 ]
    }, {
      "vertices" : [ 0, 3, 4 ]
    }, {
      "vertices" : [ 0, 4, 3 ]
    }, {
      "vertices" : [ 0, 3, 2 ]
    }, {
      "vertices" : [ 0, 2, 1 ]
    } ]
  }, {
    "id" : "2bdabbbb-c8cf-4f8b-883f-4037bc70e794",
    "vertices" : [ {
      "x" : 10.281153,
      "y" : 5.545085,
      "z" : -2.118034
    }, {
      "x" : 10.685661,
      "y" : 4.0815597,
      "z" : -3.177051
    }, {
      "x" : 9.626644,
      "y" : 5.795085,
      "z" : -3.8315594
    } ],
    "faces" : [ {
      "vertices" : [ 0, 1, 2 ]
    }, {
      "vertices" : [ 0, 2, 1 ]
    } ]
  }, {
    "id" : "6243922d-0ecf-4d1c-a4b5-6b5281543ca2",
    "vertices" : [ {
      "x" : -0.25,
      "y" : 1.7135255,
      "z" : -11.7446785
    }, {
      "x" : 0.0,
      "y" : 4.236068,
      "z" : -11.09017
    }, {
      "x" : 0.25,
      "y" : 1.7135255,
      "z" : -11.7446785
    } ],
    "faces" : [ {
      "vertices" : [ 0, 1, 2 ]
    }, {
      "vertices" : [ 0, 2, 1 ]
    } ]
  }, {
    "id" : "f860ced4-4e5a-4348-af45-350bbad1268e",
    "vertices" : [ {
      "x" : 5.795085,
      "y" : -3.8315594,
      "z" : 9.626644
    }, {
      "x" : 5.1405764,
      "y" : -6.1995935,
      "z" : 8.722136
    }, {
      "x" : 6.854102,
      "y" : -6.854102,
      "z" : 6.854102
    }, {
      "x" : 8.567628,
      "y" : -4.8905764,
      "z" : 6.604102
    }, {
      "x" : 7.913119,
      "y" : -3.0225425,
      "z" : 8.317628
    } ],
    "faces" : [ {
      "vertices" : [ 0, 1, 2 ]
    }, {
      "vertices" : [ 0, 2, 3 ]
    }, {
      "vertices" : [ 0, 3, 4 ]
    }, {
      "vertices" : [ 0, 4, 3 ]
    }, {
      "vertices" : [ 0, 3, 2 ]
    }, {
      "vertices" : [ 0, 2, 1 ]
    } ]
  }, {
    "id" : "23407dad-6694-497f-81f3-5efdd15b91b8",
    "vertices" : [ {
      "x" : -1.7135255,
      "y" : 11.7446785,
      "z" : -0.25
    }, {
      "x" : -1.7135255,
      "y" : 11.7446785,
      "z" : 0.25
    }, {
      "x" : 1.7135255,
      "y" : 11.7446785,
      "z" : 0.25
    }, {
      "x" : 1.7135255,
      "y" : 11.7446785,
      "z" : -0.25
    } ],
    "faces" : [ {
      "vertices" : [ 0, 1, 2 ]
    }, {
      "vertices" : [ 0, 2, 3 ]
    }, {
      "vertices" : [ 0, 3, 2 ]
    }, {
      "vertices" : [ 0, 2, 1 ]
    } ]
  }, {
    "id" : "42e336f8-58b3-45a8-9e52-c4d494d9a8b5",
    "vertices" : [ {
      "x" : 7.663119,
      "y" : 1.309017,
      "z" : 8.972136
    }, {
      "x" : 7.663119,
      "y" : -1.309017,
      "z" : 8.972136
    }, {
      "x" : 8.972136,
      "y" : -1.309017,
      "z" : 7.663119
    }, {
      "x" : 8.972136,
      "y" : 1.309017,
      "z" : 7.663119
    } ],
    "faces" : [ {
      "vertices" : [ 0, 1, 2 ]
    }, {
      "vertices" : [ 0, 2, 3 ]
    }, {
      "vertices" : [ 0, 3, 2 ]
    }, {
      "vertices" : [ 0, 2, 1 ]
    } ]
  }, {
    "id" : "3ff72f28-5e19-431d-bc87-01ea50463c1f",
    "vertices" : [ {
      "x" : 3.0225425,
      "y" : 8.317628,
      "z" : -7.913119
    }, {
      "x" : 1.309017,
      "y" : 7.663119,
      "z" : -8.972136
    }, {
      "x" : 1.309017,
      "y" : 8.972136,
      "z" : -7.663119
    } ],
    "faces" : [ {
      "vertices" : [ 0, 1, 2 ]
    }, {
      "vertices" : [ 0, 2, 1 ]
    } ]
  }, {
    "id" : "5d3c0a66-f3aa-4faf-b6ea-21182d8b747e",
    "vertices" : [ {
      "x" : -6.1995935,
      "y" : 8.722136,
      "z" : 5.1405764
    }, {
      "x" : -3.8315594,
      "y" : 9.626644,
      "z" : 5.795085
    }, {
      "x" : -3.177051,
      "y" : 10.685661,
      "z" : 4.0815597
    }, {
      "x" : -5.1405764,
      "y" : 10.435661,
      "z" : 2.368034
    } ],
    "faces" : [ {
      "vertices" : [ 0, 1, 2 ]
    }, {
      "vertices" : [ 0, 2, 3 ]
    }, {
      "vertices" : [ 0, 3, 2 ]
    }, {
      "vertices" : [ 0, 2, 1 ]
    } ]
  }, {
    "id" : "9296326b-a1aa-41fe-9b4f-a807c6254869",
    "vertices" : [ {
      "x" : 8.972136,
      "y" : -1.309017,
      "z" : -7.663119
    }, {
      "x" : 10.281153,
      "y" : -2.118034,
      "z" : -5.545085
    }, {
      "x" : 8.567628,
      "y" : -4.8905764,
      "z" : -6.604102
    }, {
      "x" : 7.913119,
      "y" : -3.0225425,
      "z" : -8.317628
    } ],
    "faces" : [ {
      "vertices" : [ 0, 1, 2 ]
    }, {
      "vertices" : [ 0, 2, 3 ]
    }, {
      "vertices" : [ 0, 3, 2 ]
    }, {
      "vertices" : [ 0, 2, 1 ]
    } ]
  }, {
    "id" : "eebb5ae4-4746-4464-8be8-decb19c183b3",
    "vertices" : [ {
      "x" : 4.236068,
      "y" : 11.09017,
      "z" : 0.0
    }, {
      "x" : 5.545085,
      "y" : 10.281153,
      "z" : 2.118034
    }, {
      "x" : 7.663119,
      "y" : 8.972136,
      "z" : 1.309017
    }, {
      "x" : 7.663119,
      "y" : 8.972136,
      "z" : -1.309017
    }, {
      "x" : 5.545085,
      "y" : 10.281153,
      "z" : -2.118034
    } ],
    "faces" : [ {
      "vertices" : [ 0, 1, 2 ]
    }, {
      "vertices" : [ 0, 2, 3 ]
    }, {
      "vertices" : [ 0, 3, 4 ]
    }, {
      "vertices" : [ 0, 4, 3 ]
    }, {
      "vertices" : [ 0, 3, 2 ]
    }, {
      "vertices" : [ 0, 2, 1 ]
    } ]
  }, {
    "id" : "0c92a5b4-53a3-4d75-9548-bf2347be7825",
    "vertices" : [ {
      "x" : 5.1405764,
      "y" : -10.435661,
      "z" : 2.368034
    }, {
      "x" : 3.177051,
      "y" : -10.685661,
      "z" : 4.0815597
    }, {
      "x" : 1.059017,
      "y" : -11.4946785,
      "z" : 2.7725425
    }, {
      "x" : 1.7135255,
      "y" : -11.7446785,
      "z" : 0.25
    }, {
      "x" : 4.236068,
      "y" : -11.09017,
      "z" : 0.0
    } ],
    "faces" : [ {
      "vertices" : [ 0, 1, 2 ]
    }, {
      "vertices" : [ 0, 2, 3 ]
    }, {
      "vertices" : [ 0, 3, 4 ]
    }, {
      "vertices" : [ 0, 4, 3 ]
    }, {
      "vertices" : [ 0, 3, 2 ]
    }, {
      "vertices" : [ 0, 2, 1 ]
    } ]
  }, {
    "id" : "5677b916-520d-4b41-bb39-59fb76367094",
    "vertices" : [ {
      "x" : -5.545085,
      "y" : 2.118034,
      "z" : 10.281153
    }, {
      "x" : -5.795085,
      "y" : 3.8315594,
      "z" : 9.626644
    }, {
      "x" : -7.913119,
      "y" : 3.0225425,
      "z" : 8.317628
    }, {
      "x" : -7.663119,
      "y" : 1.309017,
      "z" : 8.972136
    } ],
    "faces" : [ {
      "vertices" : [ 0, 1, 2 ]
    }, {
      "vertices" : [ 0, 2, 3 ]
    }, {
      "vertices" : [ 0, 3, 2 ]
    }, {
      "vertices" : [ 0, 2, 1 ]
    } ]
  }, {
    "id" : "3a5c7cd4-9614-4536-b37b-71bc20c02548",
    "vertices" : [ {
      "x" : 10.685661,
      "y" : 4.0815597,
      "z" : 3.177051
    }, {
      "x" : 10.281153,
      "y" : 5.545085,
      "z" : 2.118034
    }, {
      "x" : 9.626644,
      "y" : 5.795085,
      "z" : 3.8315594
    } ],
    "faces" : [ {
      "vertices" : [ 0, 1, 2 ]
    }, {
      "vertices" : [ 0, 2, 1 ]
    } ]
  }, {
    "id" : "3d3eeedc-ee9f-4c73-a731-52b19c01c1b8",
    "vertices" : [ {
      "x" : 5.545085,
      "y" : 2.118034,
      "z" : 10.281153
    }, {
      "x" : 7.663119,
      "y" : 1.309017,
      "z" : 8.972136
    }, {
      "x" : 7.913119,
      "y" : 3.0225425,
      "z" : 8.317628
    }, {
      "x" : 5.795085,
      "y" : 3.8315594,
      "z" : 9.626644
    } ],
    "faces" : [ {
      "vertices" : [ 0, 1, 2 ]
    }, {
      "vertices" : [ 0, 2, 3 ]
    }, {
      "vertices" : [ 0, 3, 2 ]
    }, {
      "vertices" : [ 0, 2, 1 ]
    } ]
  }, {
    "id" : "3c85831c-556d-4dcb-83dd-02d41acb417e",
    "vertices" : [ {
      "x" : -1.309017,
      "y" : -8.972136,
      "z" : -7.663119
    }, {
      "x" : -3.0225425,
      "y" : -8.317628,
      "z" : -7.913119
    }, {
      "x" : -1.309017,
      "y" : -7.663119,
      "z" : -8.972136
    } ],
    "faces" : [ {
      "vertices" : [ 0, 1, 2 ]
    }, {
      "vertices" : [ 0, 2, 1 ]
    } ]
  }, {
    "id" : "ff778a6c-425a-4f00-be0c-131a00ea84cf",
    "vertices" : [ {
      "x" : 11.09017,
      "y" : -4.236068,
      "z" : 0.0
    }, {
      "x" : 10.281153,
      "y" : -5.545085,
      "z" : 2.118034
    }, {
      "x" : 8.972136,
      "y" : -7.663119,
      "z" : 1.309017
    }, {
      "x" : 8.972136,
      "y" : -7.663119,
      "z" : -1.309017
    }, {
      "x" : 10.281153,
      "y" : -5.545085,
      "z" : -2.118034
    } ],
    "faces" : [ {
      "vertices" : [ 0, 1, 2 ]
    }, {
      "vertices" : [ 0, 2, 3 ]
    }, {
      "vertices" : [ 0, 3, 4 ]
    }, {
      "vertices" : [ 0, 4, 3 ]
    }, {
      "vertices" : [ 0, 3, 2 ]
    }, {
      "vertices" : [ 0, 2, 1 ]
    } ]
  }, {
    "id" : "474d6a85-baa8-4b68-83a7-7d5659801289",
    "vertices" : [ {
      "x" : -4.8905764,
      "y" : 6.604102,
      "z" : -8.567628
    }, {
      "x" : -5.1405764,
      "y" : 6.1995935,
      "z" : -8.722136
    }, {
      "x" : -6.854102,
      "y" : 6.854102,
      "z" : -6.854102
    } ],
    "faces" : [ {
      "vertices" : [ 0, 1, 2 ]
    }, {
      "vertices" : [ 0, 2, 1 ]
    } ]
  }, {
    "id" : "21f356fd-1ee0-4070-9c42-0a99e0f8d077",
    "vertices" : [ {
      "x" : 5.545085,
      "y" : -2.118034,
      "z" : -10.281153
    }, {
      "x" : 4.236068,
      "y" : 0.0,
      "z" : -11.09017
    }, {
      "x" : 5.545085,
      "y" : 2.118034,
      "z" : -10.281153
    }, {
      "x" : 7.663119,
      "y" : 1.309017,
      "z" : -8.972136
    }, {
      "x" : 7.663119,
      "y" : -1.309017,
      "z" : -8.972136
    } ],
    "faces" : [ {
      "vertices" : [ 0, 1, 2 ]
    }, {
      "vertices" : [ 0, 2, 3 ]
    }, {
      "vertices" : [ 0, 3, 4 ]
    }, {
      "vertices" : [ 0, 4, 3 ]
    }, {
      "vertices" : [ 0, 3, 2 ]
    }, {
      "vertices" : [ 0, 2, 1 ]
    } ]
  }, {
    "id" : "69339dc1-ae1e-44dd-9a10-4bab020c3745",
    "vertices" : [ {
      "x" : 5.795085,
      "y" : -3.8315594,
      "z" : -9.626644
    }, {
      "x" : 5.545085,
      "y" : -2.118034,
      "z" : -10.281153
    }, {
      "x" : 7.663119,
      "y" : -1.309017,
      "z" : -8.972136
    }, {
      "x" : 7.913119,
      "y" : -3.0225425,
      "z" : -8.317628
    } ],
    "faces" : [ {
      "vertices" : [ 0, 1, 2 ]
    }, {
      "vertices" : [ 0, 2, 3 ]
    }, {
      "vertices" : [ 0, 3, 2 ]
    }, {
      "vertices" : [ 0, 2, 1 ]
    } ]
  }, {
    "id" : "e62b14d6-99fb-4d23-9993-fe3e28725915",
    "vertices" : [ {
      "x" : -11.7446785,
      "y" : 0.25,
      "z" : 1.7135255
    }, {
      "x" : -11.7446785,
      "y" : -0.25,
      "z" : 1.7135255
    }, {
      "x" : -11.09017,
      "y" : 0.0,
      "z" : 4.236068
    } ],
    "faces" : [ {
      "vertices" : [ 0, 1, 2 ]
    }, {
      "vertices" : [ 0, 2, 1 ]
    } ]
  }, {
    "id" : "eb92faff-d261-4315-8fbc-6c43dea6e818",
    "vertices" : [ {
      "x" : -7.663119,
      "y" : -1.309017,
      "z" : 8.972136
    }, {
      "x" : -5.545085,
      "y" : -2.118034,
      "z" : 10.281153
    }, {
      "x" : -4.236068,
      "y" : 0.0,
      "z" : 11.09017
    }, {
      "x" : -5.545085,
      "y" : 2.118034,
      "z" : 10.281153
    }, {
      "x" : -7.663119,
      "y" : 1.309017,
      "z" : 8.972136
    } ],
    "faces" : [ {
      "vertices" : [ 0, 1, 2 ]
    }, {
      "vertices" : [ 0, 2, 3 ]
    }, {
      "vertices" : [ 0, 3, 4 ]
    }, {
      "vertices" : [ 0, 4, 3 ]
    }, {
      "vertices" : [ 0, 3, 2 ]
    }, {
      "vertices" : [ 0, 2, 1 ]
    } ]
  }, {
    "id" : "303b606a-3362-4f91-aec0-d255c99a5fd5",
    "vertices" : [ {
      "x" : 11.09017,
      "y" : -4.236068,
      "z" : 0.0
    }, {
      "x" : 10.281153,
      "y" : -5.545085,
      "z" : -2.118034
    }, {
      "x" : 10.685661,
      "y" : -4.0815597,
      "z" : -3.177051
    }, {
      "x" : 11.4946785,
      "y" : -2.7725425,
      "z" : -1.059017
    } ],
