{
  "field" : "golden",
  "symmetry" : "icosahedral",
  "orientations" : [ [ 1.0, 0.0, 0.0, 0.0, 0.0, 1.0, 0.0, 0.0, 0.0, 0.0, 1.0, 0.0, 0.0, 0.0, 0.0, 1.0 ], [ 0.0, 0.0, 1.0, 0.0, 1.0, 0.0, 0.0, 0.0, 0.0, 1.0, 0.0, 0.0, 0.0, 0.0, 0.0, 1.0 ], [ 0.0, 1.0, 0.0, 0.0, 0.0, 0.0, 1.0, 0.0, 1.0, 0.0, 0.0, 0.0, 0.0, 0.0, 0.0, 1.0 ], [ 0.809017, 0.309017, 0.5, 0.0, 0.309017, 0.5, -0.809017, 0.0, -0.5, 0.809017, 0.309017, 0.0, 0.0, 0.0, 0.0, 1.0 ], [ -0.5, 0.809017, 0.309017, 0.0, 0.809017, 0.309017, 0.5, 0.0, 0.309017, 0.5, -0.809017, 0.0, 0.0, 0.0, 0.0, 1.0 ], [ 0.309017, 0.5, -0.809017, 0.0, -0.5, 0.809017, 0.309017, 0.0, 0.809017, 0.309017, 0.5, 0.0, 0.0, 0.0, 0.0, 1.0 ], [ 0.5, 0.809017, 0.309017, 0.0, 0.809017, -0.309017, -0.5, 0.0, -0.309017, 0.5, -0.809017, 0.0, 0.0, 0.0, 0.0, 1.0 ], [ -0.309017, 0.5, -0.809017, 0.0, 0.5, 0.809017, 0.309017, 0.0, 0.809017, -0.309017, -0.5, 0.0, 0.0, 0.0, 0.0, 1.0 ], [ 0.809017, -0.309017, -0.5, 0.0, -0.309017, 0.5, -0.809017, 0.0, 0.5, 0.809017, 0.309017, 0.0, 0.0, 0.0, 0.0, 1.0 ], [ 0.5, 0.809017, -0.309017, 0.0, 0.809017, -0.309017, 0.5, 0.0, 0.309017, -0.5, -0.809017, 0.0, 0.0, 0.0, 0.0, 1.0 ], [ 0.309017, -0.5, -0.809017, 0.0, 0.5, 0.809017, -0.309017, 0.0, 0.809017, -0.309017, 0.5, 0.0, 0.0, 0.0, 0.0, 1.0 ], [ 0.809017, -0.309017, 0.5, 0.0, 0.309017, -0.5, -0.809017, 0.0, 0.5, 0.809017, -0.309017, 0.0, 0.0, 0.0, 0.0, 1.0 ], [ 0.809017, 0.309017, -0.5, 0.0, 0.309017, 0.5, 0.809017, 0.0, 0.5, -0.809017, 0.309017, 0.0, 0.0, 0.0, 0.0, 1.0 ], [ 0.5, -0.809017, 0.309017, 0.0, 0.809017, 0.309017, -0.5, 0.0, 0.309017, 0.5, 0.809017, 0.0, 0.0, 0.0, 0.0, 1.0 ], [ 0.309017, 0.5, 0.809017, 0.0, 0.5, -0.809017, 0.309017, 0.0, 0.809017, 0.309017, -0.5, 0.0, 0.0, 0.0, 0.0, 1.0 ], [ 1.0, 0.0, 0.0, 0.0, 0.0, -1.0, 0.0, 0.0, 0.0, 0.0, -1.0, 0.0, 0.0, 0.0, 0.0, 1.0 ], [ 0.0, 0.0, 1.0, 0.0, -1.0, 0.0, 0.0, 0.0, 0.0, -1.0, 0.0, 0.0, 0.0, 0.0, 0.0, 1.0 ], [ 0.0, 1.0, 0.0, 0.0, 0.0, 0.0, -1.0, 0.0, -1.0, 0.0, 0.0, 0.0, 0.0, 0.0, 0.0, 1.0 ], [ 0.809017, 0.309017, 0.5, 0.0, -0.309017, -0.5, 0.809017, 0.0, 0.5, -0.809017, -0.309017, 0.0, 0.0, 0.0, 0.0, 1.0 ], [ -0.5, 0.809017, 0.309017, 0.0, -0.809017, -0.309017, -0.5, 0.0, -0.309017, -0.5, 0.809017, 0.0, 0.0, 0.0, 0.0, 1.0 ], [ 0.309017, 0.5, -0.809017, 0.0, 0.5, -0.809017, -0.309017, 0.0, -0.809017, -0.309017, -0.5, 0.0, 0.0, 0.0, 0.0, 1.0 ], [ 0.5, 0.809017, 0.309017, 0.0, -0.809017, 0.309017, 0.5, 0.0, 0.309017, -0.5, 0.809017, 0.0, 0.0, 0.0, 0.0, 1.0 ], [ -0.309017, 0.5, -0.809017, 0.0, -0.5, -0.809017, -0.309017, 0.0, -0.809017, 0.309017, 0.5, 0.0, 0.0, 0.0, 0.0, 1.0 ], [ 0.809017, -0.309017, -0.5, 0.0, 0.309017, -0.5, 0.809017, 0.0, -0.5, -0.809017, -0.309017, 0.0, 0.0, 0.0, 0.0, 1.0 ], [ 0.5, 0.809017, -0.309017, 0.0, -0.809017, 0.309017, -0.5, 0.0, -0.309017, 0.5, 0.809017, 0.0, 0.0, 0.0, 0.0, 1.0 ], [ 0.309017, -0.5, -0.809017, 0.0, -0.5, -0.809017, 0.309017, 0.0, -0.809017, 0.309017, -0.5, 0.0, 0.0, 0.0, 0.0, 1.0 ], [ 0.809017, -0.309017, 0.5, 0.0, -0.309017, 0.5, 0.809017, 0.0, -0.5, -0.809017, 0.309017, 0.0, 0.0, 0.0, 0.0, 1.0 ], [ 0.809017, 0.309017, -0.5, 0.0, -0.309017, -0.5, -0.809017, 0.0, -0.5, 0.809017, -0.309017, 0.0, 0.0, 0.0, 0.0, 1.0 ], [ 0.5, -0.809017, 0.309017, 0.0, -0.809017, -0.309017, 0.5, 0.0, -0.309017, -0.5, -0.809017, 0.0, 0.0, 0.0, 0.0, 1.0 ], [ 0.309017, 0.5, 0.809017, 0.0, -0.5, 0.809017, -0.309017, 0.0, -0.809017, -0.309017, 0.5, 0.0, 0.0, 0.0, 0.0, 1.0 ], [ -1.0, 0.0, 0.0, 0.0, 0.0, -1.0, 0.0, 0.0, 0.0, 0.0, 1.0, 0.0, 0.0, 0.0, 0.0, 1.0 ], [ 0.0, 0.0, -1.0, 0.0, -1.0, 0.0, 0.0, 0.0, 0.0, 1.0, 0.0, 0.0, 0.0, 0.0, 0.0, 1.0 ], [ 0.0, -1.0, 0.0, 0.0, 0.0, 0.0, -1.0, 0.0, 1.0, 0.0, 0.0, 0.0, 0.0, 0.0, 0.0, 1.0 ], [ -0.809017, -0.309017, -0.5, 0.0, -0.309017, -0.5, 0.809017, 0.0, -0.5, 0.809017, 0.309017, 0.0, 0.0, 0.0, 0.0, 1.0 ], [ 0.5, -0.809017, -0.309017, 0.0, -0.809017, -0.309017, -0.5, 0.0, 0.309017, 0.5, -0.809017, 0.0, 0.0, 0.0, 0.0, 1.0 ], [ -0.309017, -0.5, 0.809017, 0.0, 0.5, -0.809017, -0.309017, 0.0, 0.809017, 0.309017, 0.5, 0.0, 0.0, 0.0, 0.0, 1.0 ], [ -0.5, -0.809017, -0.309017, 0.0, -0.809017, 0.309017, 0.5, 0.0, -0.309017, 0.5, -0.809017, 0.0, 0.0, 0.0, 0.0, 1.0 ], [ 0.309017, -0.5, 0.809017, 0.0, -0.5, -0.809017, -0.309017, 0.0, 0.809017, -0.309017, -0.5, 0.0, 0.0, 0.0, 0.0, 1.0 ], [ -0.809017, 0.309017, 0.5, 0.0, 0.309017, -0.5, 0.809017, 0.0, 0.5, 0.809017, 0.309017, 0.0, 0.0, 0.0, 0.0, 1.0 ], [ -0.5, -0.809017, 0.309017, 0.0, -0.809017, 0.309017, -0.5, 0.0, 0.309017, -0.5, -0.809017, 0.0, 0.0, 0.0, 0.0, 1.0 ], [ -0.309017, 0.5, 0.809017, 0.0, -0.5, -0.809017, 0.309017, 0.0, 0.809017, -0.309017, 0.5, 0.0, 0.0, 0.0, 0.0, 1.0 ], [ -0.809017, 0.309017, -0.5, 0.0, -0.309017, 0.5, 0.809017, 0.0, 0.5, 0.809017, -0.309017, 0.0, 0.0, 0.0, 0.0, 1.0 ], [ -0.809017, -0.309017, 0.5, 0.0, -0.309017, -0.5, -0.809017, 0.0, 0.5, -0.809017, 0.309017, 0.0, 0.0, 0.0, 0.0, 1.0 ], [ -0.5, 0.809017, -0.309017, 0.0, -0.809017, -0.309017, 0.5, 0.0, 0.309017, 0.5, 0.809017, 0.0, 0.0, 0.0, 0.0, 1.0 ], [ -0.309017, -0.5, -0.809017, 0.0, -0.5, 0.809017, -0.309017, 0.0, 0.809017, 0.309017, -0.5, 0.0, 0.0, 0.0, 0.0, 1.0 ], [ -1.0, 0.0, 0.0, 0.0, 0.0, 1.0, 0.0, 0.0, 0.0, 0.0, -1.0, 0.0, 0.0, 0.0, 0.0, 1.0 ], [ 0.0, 0.0, -1.0, 0.0, 1.0, 0.0, 0.0, 0.0, 0.0, -1.0, 0.0, 0.0, 0.0, 0.0, 0.0, 1.0 ], [ 0.0, -1.0, 0.0, 0.0, 0.0, 0.0, 1.0, 0.0, -1.0, 0.0, 0.0, 0.0, 0.0, 0.0, 0.0, 1.0 ], [ -0.809017, -0.309017, -0.5, 0.0, 0.309017, 0.5, -0.809017, 0.0, 0.5, -0.809017, -0.309017, 0.0, 0.0, 0.0, 0.0, 1.0 ], [ 0.5, -0.809017, -0.309017, 0.0, 0.809017, 0.309017, 0.5, 0.0, -0.309017, -0.5, 0.809017, 0.0, 0.0, 0.0, 0.0, 1.0 ], [ -0.309017, -0.5, 0.809017, 0.0, -0.5, 0.809017, 0.309017, 0.0, -0.809017, -0.309017, -0.5, 0.0, 0.0, 0.0, 0.0, 1.0 ], [ -0.5, -0.809017, -0.309017, 0.0, 0.809017, -0.309017, -0.5, 0.0, 0.309017, -0.5, 0.809017, 0.0, 0.0, 0.0, 0.0, 1.0 ], [ 0.309017, -0.5, 0.809017, 0.0, 0.5, 0.809017, 0.309017, 0.0, -0.809017, 0.309017, 0.5, 0.0, 0.0, 0.0, 0.0, 1.0 ], [ -0.809017, 0.309017, 0.5, 0.0, -0.309017, 0.5, -0.809017, 0.0, -0.5, -0.809017, -0.309017, 0.0, 0.0, 0.0, 0.0, 1.0 ], [ -0.5, -0.809017, 0.309017, 0.0, 0.809017, -0.309017, 0.5, 0.0, -0.309017, 0.5, 0.809017, 0.0, 0.0, 0.0, 0.0, 1.0 ], [ -0.309017, 0.5, 0.809017, 0.0, 0.5, 0.809017, -0.309017, 0.0, -0.809017, 0.309017, -0.5, 0.0, 0.0, 0.0, 0.0, 1.0 ], [ -0.809017, 0.309017, -0.5, 0.0, 0.309017, -0.5, -0.809017, 0.0, -0.5, -0.809017, 0.309017, 0.0, 0.0, 0.0, 0.0, 1.0 ], [ -0.809017, -0.309017, 0.5, 0.0, 0.309017, 0.5, 0.809017, 0.0, -0.5, 0.809017, -0.309017, 0.0, 0.0, 0.0, 0.0, 1.0 ], [ -0.5, 0.809017, -0.309017, 0.0, 0.809017, 0.309017, -0.5, 0.0, -0.309017, -0.5, -0.809017, 0.0, 0.0, 0.0, 0.0, 1.0 ], [ -0.309017, -0.5, -0.809017, 0.0, 0.5, -0.809017, 0.309017, 0.0, -0.809017, -0.309017, 0.5, 0.0, 0.0, 0.0, 0.0, 1.0 ] ],
  "lights" : {
    "ambientColor" : "#292929",
    "backgroundColor" : "#AFC8DC",
    "directionalLights" : [ {
      "direction" : {
        "x" : 1.0,
        "y" : -1.0,
        "z" : -1.0
      },
      "color" : "#EBEBE4"
    }, {
      "direction" : {
        "x" : -1.0,
        "y" : 0.0,
        "z" : 0.0
      },
      "color" : "#E4E4EB"
    }, {
      "direction" : {
        "x" : 0.0,
        "y" : 0.0,
        "z" : -1.0
      },
      "color" : "#1E1E1E"
    } ]
  },
  "camera" : {
    "lookDirection" : {
      "x" : 0.0,
      "y" : 0.0,
      "z" : -1.0
    },
    "upDirection" : {
      "x" : 0.0,
      "y" : 1.0,
      "z" : 0.0
    },
    "lookAtPoint" : {
      "x" : 0.0,
      "y" : 0.0,
      "z" : 0.0
    },
    "perspective" : false,
    "viewDistance" : 168.82784,
    "nearClipDistance" : 0.42206958,
    "farClipDistance" : 337.6555,
    "fieldOfView" : 0.4426287,
    "stereo" : false,
    "width" : 75.972496,
    "position" : {
      "x" : 0.0,
      "y" : 0.0,
      "z" : 168.82784
    }
  },
  "embedding" : [ 1.0, 0.0, 0.0, 0.0, 0.0, 1.0, 0.0, 0.0, 0.0, 0.0, 1.0, 0.0, 0.0, 0.0, 0.0, 1.0 ],
  "shapes" : [ {
    "id" : "34eb3d3c-1d09-4e08-bff2-5012849f3826",
    "vertices" : [ {
      "x" : 0.309017,
      "y" : -0.309017,
      "z" : -0.309017
    }, {
      "x" : 0.5,
      "y" : 0.0,
      "z" : -0.19098301
    }, {
      "x" : 0.5,
      "y" : 0.0,
      "z" : 0.19098301
    }, {
      "x" : 0.309017,
      "y" : -0.309017,
      "z" : 0.309017
    }, {
      "x" : 0.19098301,
      "y" : -0.5,
      "z" : 0.0
    }, {
      "x" : 0.0,
      "y" : 0.19098301,
      "z" : 0.5
    }, {
      "x" : 0.0,
      "y" : -0.19098301,
      "z" : 0.5
    }, {
      "x" : 0.309017,
      "y" : 0.309017,
      "z" : 0.309017
    }, {
      "x" : -0.309017,
      "y" : -0.309017,
      "z" : 0.309017
    }, {
      "x" : -0.309017,
      "y" : 0.309017,
      "z" : 0.309017
    }, {
      "x" : -0.5,
      "y" : 0.0,
      "z" : 0.19098301
    }, {
      "x" : 0.0,
      "y" : -0.19098301,
      "z" : -0.5
    }, {
      "x" : 0.0,
      "y" : 0.19098301,
      "z" : -0.5
    }, {
      "x" : 0.309017,
      "y" : 0.309017,
      "z" : -0.309017
    }, {
      "x" : -0.309017,
      "y" : -0.309017,
      "z" : -0.309017
    }, {
      "x" : -0.19098301,
      "y" : -0.5,
      "z" : 0.0
    }, {
      "x" : -0.5,
      "y" : 0.0,
      "z" : -0.19098301
    }, {
      "x" : 0.19098301,
      "y" : 0.5,
      "z" : 0.0
    }, {
      "x" : -0.309017,
      "y" : 0.309017,
      "z" : -0.309017
    }, {
      "x" : 0.0,
      "y" : 0.0,
      "z" : 0.0
    }, {
      "x" : -0.19098301,
      "y" : 0.5,
      "z" : 0.0
    } ],
    "faces" : [ {
      "vertices" : [ 12, 18, 20 ]
    }, {
      "vertices" : [ 12, 20, 17 ]
    }, {
      "vertices" : [ 12, 17, 13 ]
    }, {
      "vertices" : [ 3, 6, 8 ]
    }, {
      "vertices" : [ 3, 8, 15 ]
    }, {
      "vertices" : [ 3, 15, 4 ]
    }, {
      "vertices" : [ 0, 11, 12 ]
    }, {
      "vertices" : [ 0, 12, 13 ]
    }, {
      "vertices" : [ 0, 13, 1 ]
    }, {
      "vertices" : [ 5, 9, 10 ]
    }, {
      "vertices" : [ 5, 10, 8 ]
    }, {
      "vertices" : [ 5, 8, 6 ]
    }, {
      "vertices" : [ 2, 7, 5 ]
    }, {
      "vertices" : [ 2, 5, 6 ]
    }, {
      "vertices" : [ 2, 6, 3 ]
    }, {
      "vertices" : [ 11, 14, 16 ]
    }, {
      "vertices" : [ 11, 16, 18 ]
    }, {
      "vertices" : [ 11, 18, 12 ]
    }, {
      "vertices" : [ 1, 13, 17 ]
    }, {
      "vertices" : [ 1, 17, 7 ]
    }, {
      "vertices" : [ 1, 7, 2 ]
    }, {
      "vertices" : [ 9, 20, 18 ]
    }, {
      "vertices" : [ 9, 18, 16 ]
    }, {
      "vertices" : [ 9, 16, 10 ]
    }, {
      "vertices" : [ 0, 1, 2 ]
    }, {
      "vertices" : [ 0, 2, 3 ]
    }, {
      "vertices" : [ 0, 3, 4 ]
    }, {
      "vertices" : [ 5, 7, 17 ]
    }, {
      "vertices" : [ 5, 17, 20 ]
    }, {
      "vertices" : [ 5, 20, 9 ]
    }, {
      "vertices" : [ 0, 4, 15 ]
    }, {
      "vertices" : [ 0, 15, 14 ]
    }, {
      "vertices" : [ 0, 14, 11 ]
    }, {
      "vertices" : [ 8, 10, 16 ]
    }, {
      "vertices" : [ 8, 16, 14 ]
    }, {
      "vertices" : [ 8, 14, 15 ]
    } ]
  }, {
    "id" : "39d48e9e-82e2-44a0-a617-89b38ea60134",
    "vertices" : [ {
      "x" : 20.18034,
      "y" : 4.927051,
      "z" : -1.809017
    }, {
      "x" : 1.190983,
      "y" : 0.0,
      "z" : 0.072949015
    }, {
      "x" : 1.190983,
      "y" : 0.0,
      "z" : -0.309017
    }, {
      "x" : 20.18034,
      "y" : 4.927051,
      "z" : -2.190983
    }, {
      "x" : 20.916409,
      "y" : 5.427051,
      "z" : -2.072949
    }, {
      "x" : 1.190983,
      "y" : 0.618034,
      "z" : -0.309017
    }, {
      "x" : 20.18034,
      "y" : 5.545085,
      "z" : -2.190983
    }, {
      "x" : 20.18034,
      "y" : 5.545085,
      "z" : -1.809017
    }, {
      "x" : 1.190983,
      "y" : 0.618034,
      "z" : 0.072949015
    }, {
      "x" : 0.45491502,
      "y" : 0.11803399,
      "z" : -0.045084972
    }, {
      "x" : 21.371323,
      "y" : 5.545085,
      "z" : -2.118034
    } ],
    "faces" : [ {
      "vertices" : [ 2, 5, 6 ]
    }, {
      "vertices" : [ 2, 6, 3 ]
    }, {
      "vertices" : [ 0, 7, 8 ]
    }, {
      "vertices" : [ 0, 8, 1 ]
    }, {
      "vertices" : [ 2, 9, 5 ]
    }, {
      "vertices" : [ 4, 6, 7 ]
    }, {
      "vertices" : [ 1, 8, 9 ]
    }, {
      "vertices" : [ 0, 1, 2 ]
    }, {
      "vertices" : [ 0, 2, 3 ]
    }, {
      "vertices" : [ 5, 9, 8 ]
    }, {
      "vertices" : [ 0, 3, 4 ]
    }, {
      "vertices" : [ 5, 8, 7 ]
    }, {
      "vertices" : [ 5, 7, 6 ]
    }, {
      "vertices" : [ 0, 4, 7 ]
    }, {
      "vertices" : [ 1, 9, 2 ]
    }, {
      "vertices" : [ 3, 6, 4 ]
    } ]
  }, {
    "id" : "c70ab5c9-8b4a-40f9-a800-3ae6424e307b",
    "vertices" : [ {
      "x" : 1.0,
      "y" : 0.309017,
      "z" : 0.19098301
    }, {
      "x" : 1.0,
      "y" : -0.309017,
      "z" : 0.19098301
    }, {
      "x" : 21.18034,
      "y" : -0.309017,
      "z" : 0.19098301
    }, {
      "x" : 21.18034,
      "y" : 0.309017,
      "z" : 0.19098301
    }, {
      "x" : 21.18034,
      "y" : -0.309017,
      "z" : -0.19098301
    }, {
      "x" : 21.18034,
      "y" : 0.309017,
      "z" : -0.19098301
    }, {
      "x" : 21.798374,
      "y" : 0.0,
      "z" : 0.0
    }, {
      "x" : 0.38196602,
      "y" : 0.0,
      "z" : 0.0
    }, {
      "x" : 1.0,
      "y" : 0.309017,
      "z" : -0.19098301
    }, {
      "x" : 1.0,
      "y" : -0.309017,
      "z" : -0.19098301
    }, {
      "x" : 22.18034,
      "y" : 0.0,
      "z" : 0.0
    } ],
    "faces" : [ {
      "vertices" : [ 1, 9, 4 ]
    }, {
      "vertices" : [ 1, 4, 2 ]
    }, {
      "vertices" : [ 0, 3, 5 ]
    }, {
      "vertices" : [ 0, 5, 8 ]
    }, {
      "vertices" : [ 1, 7, 9 ]
    }, {
      "vertices" : [ 0, 1, 2 ]
    }, {
      "vertices" : [ 0, 2, 3 ]
    }, {
      "vertices" : [ 7, 8, 9 ]
    }, {
      "vertices" : [ 0, 7, 1 ]
    }, {
      "vertices" : [ 4, 9, 8 ]
    }, {
      "vertices" : [ 4, 8, 5 ]
    }, {
      "vertices" : [ 2, 6, 3 ]
    }, {
      "vertices" : [ 2, 4, 6 ]
    }, {
      "vertices" : [ 3, 6, 5 ]
    }, {
      "vertices" : [ 4, 5, 6 ]
    }, {
      "vertices" : [ 0, 8, 7 ]
    } ]
  }, {
    "id" : "c24afcdb-227a-426b-9463-2abe0c0fdec6",
    "vertices" : [ {
      "x" : -11.09017,
      "y" : -17.944271,
      "z" : 0.0
    }, {
      "x" : -12.984597,
      "y" : -12.984597,
      "z" : 3.0652475
    }, {
      "x" : -6.854102,
      "y" : -15.326238,
      "z" : 6.854102
    } ],
    "faces" : [ {
      "vertices" : [ 0, 1, 2 ]
    }, {
      "vertices" : [ 0, 2, 1 ]
    } ]
  }, {
    "id" : "4ae10cea-ee4e-407d-a42a-3b2e4819703a",
    "vertices" : [ {
      "x" : 0.0,
      "y" : 11.09017,
      "z" : -17.944271
    }, {
      "x" : 3.0652475,
      "y" : 12.984597,
      "z" : -12.984597
    }, {
      "x" : 6.854102,
      "y" : 6.854102,
      "z" : -15.326238
    } ],
    "faces" : [ {
      "vertices" : [ 0, 1, 2 ]
    }, {
      "vertices" : [ 0, 2, 1 ]
    } ]
  }, {
    "id" : "e6462e62-6a48-4651-8aee-b065a231a022",
    "vertices" : [ {
      "x" : 0.0,
      "y" : 11.09017,
      "z" : 17.944271
    }, {
      "x" : 17.944271,
      "y" : 0.0,
      "z" : 11.09017
    }, {
      "x" : 0.0,
      "y" : -11.09017,
      "z" : 17.944271
    } ],
    "faces" : [ {
      "vertices" : [ 0, 1, 2 ]
    }, {
      "vertices" : [ 0, 2, 1 ]
    } ]
  }, {
    "id" : "ab529d7c-8c16-4a62-844d-fd9fa6a74867",
    "vertices" : [ {
      "x" : 0.0,
      "y" : -17.944271,
      "z" : 11.09017
    }, {
      "x" : 0.0,
      "y" : -17.944271,
      "z" : -11.09017
    }, {
      "x" : -17.944271,
      "y" : -11.09017,
      "z" : 0.0
    } ],
    "faces" : [ {
      "vertices" : [ 0, 1, 2 ]
    }, {
      "vertices" : [ 0, 2, 1 ]
    } ]
  }, {
    "id" : "814065ec-26e7-47b9-b48c-5874abafbeb8",
    "vertices" : [ {
      "x" : 11.09017,
      "y" : 17.944271,
      "z" : 0.0
    }, {
      "x" : 12.984597,
      "y" : 12.984597,
      "z" : -3.0652475
    }, {
      "x" : 6.854102,
      "y" : 15.326238,
      "z" : -6.854102
    } ],
    "faces" : [ {
      "vertices" : [ 0, 1, 2 ]
    }, {
      "vertices" : [ 0, 2, 1 ]
    } ]
  }, {
    "id" : "8fd82630-382f-41ef-bcc3-d4f1e8fa975c",
    "vertices" : [ {
      "x" : 17.944271,
      "y" : 0.0,
      "z" : 11.09017
    }, {
      "x" : 11.09017,
      "y" : 17.944271,
      "z" : 0.0
    }, {
      "x" : 17.944271,
      "y" : 0.0,
      "z" : -11.09017
    } ],
    "faces" : [ {
      "vertices" : [ 0, 1, 2 ]
    }, {
      "vertices" : [ 0, 2, 1 ]
    } ]
  }, {
    "id" : "4aaed380-f5b5-457f-8a5d-5c51d6392ad4",
    "vertices" : [ {
      "x" : 0.0,
      "y" : -11.09017,
      "z" : 17.944271
    }, {
      "x" : 3.0652475,
      "y" : -12.984597,
      "z" : 12.984597
    }, {
      "x" : 6.854102,
      "y" : -6.854102,
      "z" : 15.326238
    } ],
    "faces" : [ {
      "vertices" : [ 0, 1, 2 ]
    }, {
      "vertices" : [ 0, 2, 1 ]
    } ]
  }, {
    "id" : "01ab0681-14c0-4b88-b41f-03d1924b7d1c",
    "vertices" : [ {
      "x" : 17.944271,
      "y" : 11.09017,
      "z" : 0.0
    }, {
      "x" : 0.0,
      "y" : 17.944271,
      "z" : -11.09017
    }, {
      "x" : 11.09017,
      "y" : 0.0,
      "z" : -17.944271
    } ],
    "faces" : [ {
      "vertices" : [ 0, 1, 2 ]
    }, {
      "vertices" : [ 0, 2, 1 ]
    } ]
  }, {
    "id" : "d482008a-6e6d-4584-a1ce-087e2becc6c2",
    "vertices" : [ {
      "x" : 11.09017,
      "y" : 17.944271,
      "z" : 0.0
    }, {
      "x" : 0.0,
      "y" : 11.09017,
      "z" : 17.944271
    }, {
      "x" : -11.09017,
      "y" : 17.944271,
      "z" : 0.0
    } ],
    "faces" : [ {
      "vertices" : [ 0, 1, 2 ]
    }, {
      "vertices" : [ 0, 2, 1 ]
    } ]
  }, {
    "id" : "e7ea7fb1-0f62-45f3-8788-cf022c10a162",
    "vertices" : [ {
      "x" : 0.0,
      "y" : -11.09017,
      "z" : -17.944271
    }, {
      "x" : 17.944271,
      "y" : 0.0,
      "z" : -11.09017
    }, {
      "x" : 0.0,
      "y" : 11.09017,
      "z" : -17.944271
    } ],
    "faces" : [ {
      "vertices" : [ 0, 1, 2 ]
    }, {
      "vertices" : [ 0, 2, 1 ]
    } ]
  }, {
    "id" : "734dec7d-9da7-4b06-83bd-b24ac024af88",
    "vertices" : [ {
      "x" : 11.09017,
      "y" : 0.0,
      "z" : -17.944271
    }, {
      "x" : 0.0,
      "y" : 17.944271,
      "z" : -11.09017
    }, {
      "x" : -11.09017,
      "y" : 0.0,
      "z" : -17.944271
    } ],
    "faces" : [ {
      "vertices" : [ 0, 1, 2 ]
    }, {
      "vertices" : [ 0, 2, 1 ]
    } ]
  }, {
    "id" : "d4b93053-76e7-4340-9b8c-eceee43f86b0",
    "vertices" : [ {
      "x" : 17.944271,
      "y" : 11.09017,
      "z" : 0.0
    }, {
      "x" : 11.09017,
      "y" : 0.0,
      "z" : 17.944271
    }, {
      "x" : 0.0,
      "y" : 17.944271,
      "z" : 11.09017
    } ],
    "faces" : [ {
      "vertices" : [ 0, 1, 2 ]
    }, {
      "vertices" : [ 0, 2, 1 ]
    } ]
  }, {
    "id" : "2f3ca966-39de-46fc-9329-ee9defe088e2",
    "vertices" : [ {
      "x" : -17.944271,
      "y" : 0.0,
      "z" : 11.09017
    }, {
      "x" : -12.984597,
      "y" : -3.0652475,
      "z" : 12.984597
    }, {
      "x" : -15.326238,
      "y" : -6.854102,
      "z" : 6.854102
    } ],
    "faces" : [ {
      "vertices" : [ 0, 1, 2 ]
    }, {
      "vertices" : [ 0, 2, 1 ]
    } ]
  }, {
    "id" : "b14f86c0-5e39-4543-b52d-afd4274447f9",
    "vertices" : [ {
      "x" : 17.944271,
      "y" : -11.09017,
      "z" : 0.0
    }, {
      "x" : 11.09017,
      "y" : 0.0,
      "z" : -17.944271
    }, {
      "x" : 0.0,
      "y" : -17.944271,
      "z" : -11.09017
    } ],
    "faces" : [ {
      "vertices" : [ 0, 1, 2 ]
    }, {
      "vertices" : [ 0, 2, 1 ]
    } ]
  }, {
    "id" : "a69512b2-d23c-4570-a599-e7c8385c0a79",
    "vertices" : [ {
      "x" : 0.0,
      "y" : 11.09017,
      "z" : 17.944271
    }, {
      "x" : -3.0652475,
      "y" : 12.984597,
      "z" : 12.984597
    }, {
      "x" : -6.854102,
      "y" : 6.854102,
      "z" : 15.326238
    } ],
    "faces" : [ {
      "vertices" : [ 0, 1, 2 ]
    }, {
      "vertices" : [ 0, 2, 1 ]
    } ]
  }, {
    "id" : "c2e03fa4-822f-4235-b926-ea20ac4a1f4a",
    "vertices" : [ {
      "x" : -11.09017,
      "y" : 0.0,
      "z" : 17.944271
    }, {
      "x" : 0.0,
      "y" : -17.944271,
      "z" : 11.09017
    }, {
      "x" : -17.944271,
      "y" : -11.09017,
      "z" : 0.0
    } ],
    "faces" : [ {
      "vertices" : [ 0, 1, 2 ]
    }, {
      "vertices" : [ 0, 2, 1 ]
    } ]
  }, {
    "id" : "0ee9eb21-db23-40db-90a6-765ba268a40f",
    "vertices" : [ {
      "x" : 17.944271,
      "y" : 0.0,
      "z" : 11.09017
    }, {
      "x" : 12.984597,
      "y" : -3.0652475,
      "z" : 12.984597
    }, {
      "x" : 15.326238,
      "y" : -6.854102,
      "z" : 6.854102
    } ],
    "faces" : [ {
      "vertices" : [ 0, 1, 2 ]
    }, {
      "vertices" : [ 0, 2, 1 ]
    } ]
  }, {
    "id" : "5d0609a8-0afe-41d6-bc63-56ef49e38eec",
    "vertices" : [ {
      "x" : 0.0,
      "y" : 17.944271,
      "z" : 11.09017
    }, {
      "x" : 11.09017,
      "y" : 0.0,
      "z" : 17.944271
    }, {
      "x" : -11.09017,
      "y" : 0.0,
      "z" : 17.944271
    } ],
    "faces" : [ {
      "vertices" : [ 0, 1, 2 ]
    }, {
      "vertices" : [ 0, 2, 1 ]
    } ]
  }, {
    "id" : "a970030e-38e2-48ea-827a-254e940a9a32",
    "vertices" : [ {
      "x" : 0.0,
      "y" : 11.09017,
      "z" : 17.944271
    }, {
      "x" : 3.0652475,
      "y" : 12.984597,
      "z" : 12.984597
    }, {
      "x" : 6.854102,
      "y" : 6.854102,
      "z" : 15.326238
    } ],
    "faces" : [ {
      "vertices" : [ 0, 1, 2 ]
    }, {
      "vertices" : [ 0, 2, 1 ]
    } ]
  }, {
    "id" : "6953eeb5-0427-4c4f-b463-9d7f76729b50",
    "vertices" : [ {
      "x" : 0.0,
      "y" : -11.09017,
      "z" : 17.944271
    }, {
      "x" : -3.0652475,
      "y" : -12.984597,
      "z" : 12.984597
    }, {
      "x" : -6.854102,
      "y" : -6.854102,
      "z" : 15.326238
    } ],
    "faces" : [ {
      "vertices" : [ 0, 1, 2 ]
    }, {
      "vertices" : [ 0, 2, 1 ]
    } ]
  }, {
    "id" : "f5a4f13d-c677-4a8c-881a-43a513fc2bd4",
    "vertices" : [ {
      "x" : -17.944271,
      "y" : 0.0,
      "z" : -11.09017
    }, {
      "x" : -12.984597,
      "y" : -3.0652475,
      "z" : -12.984597
    }, {
      "x" : -15.326238,
      "y" : -6.854102,
      "z" : -6.854102
    } ],
    "faces" : [ {
      "vertices" : [ 0, 1, 2 ]
    }, {
      "vertices" : [ 0, 2, 1 ]
    } ]
  }, {
    "id" : "8a83cb43-c764-45f6-be54-53236c5696a7",
    "vertices" : [ {
      "x" : 17.944271,
      "y" : 0.0,
      "z" : -11.09017
    }, {
      "x" : 12.984597,
      "y" : -3.0652475,
      "z" : -12.984597
    }, {
      "x" : 15.326238,
      "y" : -6.854102,
      "z" : -6.854102
    } ],
    "faces" : [ {
      "vertices" : [ 0, 1, 2 ]
    }, {
      "vertices" : [ 0, 2, 1 ]
    } ]
  }, {
    "id" : "fa2ea5a1-5860-4c27-84a9-b9fe3a0e6b30",
    "vertices" : [ {
      "x" : -11.09017,
      "y" : 0.0,
      "z" : 17.944271
    }, {
      "x" : 11.09017,
      "y" : 0.0,
      "z" : 17.944271
    }, {
      "x" : 0.0,
      "y" : -17.944271,
      "z" : 11.09017
    } ],
    "faces" : [ {
      "vertices" : [ 0, 1, 2 ]
    }, {
      "vertices" : [ 0, 2, 1 ]
    } ]
  }, {
    "id" : "da723b49-087c-4f87-85ed-10a013fc1408",
    "vertices" : [ {
      "x" : 11.09017,
      "y" : -17.944271,
      "z" : 0.0
    }, {
      "x" : 12.984597,
      "y" : -12.984597,
      "z" : -3.0652475
    }, {
      "x" : 6.854102,
      "y" : -15.326238,
      "z" : -6.854102
    } ],
    "faces" : [ {
      "vertices" : [ 0, 1, 2 ]
    }, {
      "vertices" : [ 0, 2, 1 ]
    } ]
  }, {
    "id" : "20c315c5-2ad4-4b5a-ac7b-5b79b4c270a4",
    "vertices" : [ {
      "x" : -11.09017,
      "y" : -17.944271,
      "z" : 0.0
    }, {
      "x" : -12.984597,
      "y" : -12.984597,
      "z" : -3.0652475
    }, {
      "x" : -6.854102,
      "y" : -15.326238,
      "z" : -6.854102
    } ],
    "faces" : [ {
      "vertices" : [ 0, 1, 2 ]
    }, {
      "vertices" : [ 0, 2, 1 ]
    } ]
  }, {
    "id" : "6fe62f8f-a742-494d-b1c2-8ab6c3c3fdf6",
    "vertices" : [ {
      "x" : 17.944271,
      "y" : 0.0,
      "z" : 11.09017
    }, {
      "x" : 12.984597,
      "y" : 3.0652475,
      "z" : 12.984597
    }, {
      "x" : 15.326238,
      "y" : 6.854102,
      "z" : 6.854102
    } ],
    "faces" : [ {
      "vertices" : [ 0, 1, 2 ]
    }, {
      "vertices" : [ 0, 2, 1 ]
    } ]
  }, {
    "id" : "a08cd696-1f04-4476-8c45-5c8bdc6afe0c",
    "vertices" : [ {
      "x" : 0.0,
      "y" : -17.944271,
      "z" : -11.09017
    }, {
      "x" : 11.09017,
      "y" : 0.0,
      "z" : -17.944271
    }, {
      "x" : -11.09017,
      "y" : 0.0,
      "z" : -17.944271
    } ],
    "faces" : [ {
      "vertices" : [ 0, 1, 2 ]
    }, {
      "vertices" : [ 0, 2, 1 ]
    } ]
  }, {
    "id" : "a9fa7394-0ba6-4d41-ad17-2a5885db6b85",
    "vertices" : [ {
      "x" : 11.09017,
      "y" : -17.944271,
      "z" : 0.0
    }, {
      "x" : 0.0,
      "y" : -11.09017,
      "z" : -17.944271
    }, {
      "x" : -11.09017,
      "y" : -17.944271,
      "z" : 0.0
    } ],
    "faces" : [ {
      "vertices" : [ 0, 1, 2 ]
    }, {
      "vertices" : [ 0, 2, 1 ]
    } ]
  }, {
    "id" : "dc7488b1-a5c7-4aba-98b8-7d5fe1d7d6ee",
    "vertices" : [ {
      "x" : -11.09017,
      "y" : 17.944271,
      "z" : 0.0
    }, {
      "x" : 0.0,
      "y" : 11.09017,
      "z" : -17.944271
    }, {
      "x" : 11.09017,
      "y" : 17.944271,
      "z" : 0.0
    } ],
    "faces" : [ {
      "vertices" : [ 0, 1, 2 ]
    }, {
      "vertices" : [ 0, 2, 1 ]
    } ]
  }, {
    "id" : "383fffe8-b11a-4c10-a072-2961866fa668",
    "vertices" : [ {
      "x" : -17.944271,
      "y" : 0.0,
      "z" : 11.09017
    }, {
      "x" : -11.09017,
      "y" : -17.944271,
      "z" : 0.0
    }, {
      "x" : -17.944271,
      "y" : 0.0,
      "z" : -11.09017
    } ],
    "faces" : [ {
      "vertices" : [ 0, 1, 2 ]
    }, {
      "vertices" : [ 0, 2, 1 ]
    } ]
  }, {
    "id" : "3992351c-53a6-4971-b5b3-70ab96d68068",
    "vertices" : [ {
      "x" : 0.0,
      "y" : 11.09017,
      "z" : -17.944271
    }, {
      "x" : -17.944271,
      "y" : 0.0,
      "z" : -11.09017
    }, {
      "x" : 0.0,
      "y" : -11.09017,
      "z" : -17.944271
    } ],
    "faces" : [ {
      "vertices" : [ 0, 1, 2 ]
    }, {
      "vertices" : [ 0, 2, 1 ]
    } ]
  }, {
    "id" : "82994a41-c158-4411-adf7-aeb16bab3fe0",
    "vertices" : [ {
      "x" : 0.0,
      "y" : -11.09017,
      "z" : 17.944271
    }, {
      "x" : -17.944271,
      "y" : 0.0,
      "z" : 11.09017
    }, {
      "x" : 0.0,
      "y" : 11.09017,
      "z" : 17.944271
    } ],
    "faces" : [ {
      "vertices" : [ 0, 1, 2 ]
    }, {
      "vertices" : [ 0, 2, 1 ]
    } ]
  }, {
    "id" : "19276cfd-eca7-4d9b-82dd-f7422776d878",
    "vertices" : [ {
      "x" : 0.0,
      "y" : 17.944271,
      "z" : -11.09017
    }, {
      "x" : -17.944271,
      "y" : 11.09017,
      "z" : 0.0
    }, {
      "x" : -11.09017,
      "y" : 0.0,
      "z" : -17.944271
    } ],
    "faces" : [ {
      "vertices" : [ 0, 1, 2 ]
    }, {
      "vertices" : [ 0, 2, 1 ]
    } ]
  }, {
    "id" : "54a5be96-c8d1-423e-af8e-0aadb652b9b9",
    "vertices" : [ {
      "x" : -17.944271,
      "y" : 0.0,
      "z" : 11.09017
    }, {
      "x" : -12.984597,
      "y" : 3.0652475,
      "z" : 12.984597
    }, {
      "x" : -15.326238,
      "y" : 6.854102,
      "z" : 6.854102
    } ],
    "faces" : [ {
      "vertices" : [ 0, 1, 2 ]
    }, {
      "vertices" : [ 0, 2, 1 ]
    } ]
  }, {
    "id" : "cd75563c-7f9e-459e-a2a6-2a0ee3f70c1f",
    "vertices" : [ {
      "x" : -17.944271,
      "y" : 0.0,
      "z" : -11.09017
    }, {
      "x" : -12.984597,
      "y" : 3.0652475,
      "z" : -12.984597
    }, {
      "x" : -15.326238,
      "y" : 6.854102,
      "z" : -6.854102
    } ],
    "faces" : [ {
      "vertices" : [ 0, 1, 2 ]
    }, {
      "vertices" : [ 0, 2, 1 ]
    } ]
  }, {
    "id" : "7b6ea5e1-883b-47da-b153-d0e9491ed4a1",
    "vertices" : [ {
      "x" : -17.944271,
      "y" : 0.0,
      "z" : -11.09017
    }, {
      "x" : -11.09017,
      "y" : 17.944271,
      "z" : 0.0
    }, {
      "x" : -17.944271,
      "y" : 0.0,
      "z" : 11.09017
    } ],
    "faces" : [ {
      "vertices" : [ 0, 1, 2 ]
    }, {
      "vertices" : [ 0, 2, 1 ]
    } ]
  }, {
    "id" : "6ba519ca-4539-4f3f-bd47-507c45e18d14",
    "vertices" : [ {
      "x" : 17.944271,
      "y" : 0.0,
      "z" : -11.09017
    }, {
      "x" : 11.09017,
      "y" : -17.944271,
      "z" : 0.0
    }, {
      "x" : 17.944271,
      "y" : 0.0,
      "z" : 11.09017
    } ],
    "faces" : [ {
      "vertices" : [ 0, 1, 2 ]
    }, {
      "vertices" : [ 0, 2, 1 ]
    } ]
  }, {
    "id" : "e58c7b6e-3482-44c0-a3f6-0286fc304b2f",
    "vertices" : [ {
      "x" : 11.09017,
      "y" : 0.0,
      "z" : 17.944271
    }, {
      "x" : 17.944271,
      "y" : 11.09017,
      "z" : 0.0
    }, {
      "x" : 17.944271,
      "y" : -11.09017,
      "z" : 0.0
    } ],
    "faces" : [ {
      "vertices" : [ 0, 1, 2 ]
    }, {
      "vertices" : [ 0, 2, 1 ]
    } ]
  }, {
    "id" : "f4a0b8cb-6855-4e68-b9a0-91c6cf83fd1b",
    "vertices" : [ {
      "x" : -11.09017,
      "y" : -17.944271,
      "z" : 0.0
    }, {
      "x" : 0.0,
      "y" : -11.09017,
      "z" : 17.944271
    }, {
      "x" : 11.09017,
      "y" : -17.944271,
      "z" : 0.0
    } ],
    "faces" : [ {
      "vertices" : [ 0, 1, 2 ]
    }, {
      "vertices" : [ 0, 2, 1 ]
    } ]
  }, {
    "id" : "8237cb65-f8ad-45ee-8d55-532e2b7c2eb4",
    "vertices" : [ {
      "x" : 17.944271,
      "y" : 11.09017,
      "z" : 0.0
    }, {
      "x" : 0.0,
      "y" : 17.944271,
      "z" : 11.09017
    }, {
      "x" : 0.0,
      "y" : 17.944271,
      "z" : -11.09017
    } ],
    "faces" : [ {
      "vertices" : [ 0, 1, 2 ]
    }, {
      "vertices" : [ 0, 2, 1 ]
    } ]
  }, {
    "id" : "6064b32b-b31f-4922-a657-c09c6be2b61e",
    "vertices" : [ {
      "x" : 0.0,
      "y" : 17.944271,
      "z" : -11.09017
    }, {
      "x" : 0.0,
      "y" : 17.944271,
      "z" : 11.09017
    }, {
      "x" : -17.944271,
      "y" : 11.09017,
      "z" : 0.0
    } ],
    "faces" : [ {
      "vertices" : [ 0, 1, 2 ]
    }, {
      "vertices" : [ 0, 2, 1 ]
    } ]
  }, {
    "id" : "c6ff0450-6069-46b3-9b8b-3eddf7e8ba6d",
    "vertices" : [ {
      "x" : 11.09017,
      "y" : 17.944271,
      "z" : 0.0
    }, {
      "x" : 12.984597,
      "y" : 12.984597,
      "z" : 3.0652475
    }, {
      "x" : 6.854102,
      "y" : 15.326238,
      "z" : 6.854102
    } ],
    "faces" : [ {
      "vertices" : [ 0, 1, 2 ]
    }, {
      "vertices" : [ 0, 2, 1 ]
    } ]
  }, {
    "id" : "35ab75bd-4b6f-4bf8-ad7c-c6777ac281e8",
    "vertices" : [ {
      "x" : -17.944271,
      "y" : -11.09017,
      "z" : 0.0
    }, {
      "x" : -11.09017,
      "y" : 0.0,
      "z" : -17.944271
    }, {
      "x" : -17.944271,
      "y" : 11.09017,
      "z" : 0.0
    } ],
    "faces" : [ {
      "vertices" : [ 0, 1, 2 ]
    }, {
      "vertices" : [ 0, 2, 1 ]
    } ]
  }, {
    "id" : "9378f939-3517-4da6-992f-196ea89d438a",
    "vertices" : [ {
      "x" : -11.09017,
      "y" : 17.944271,
      "z" : 0.0
    }, {
      "x" : -12.984597,
      "y" : 12.984597,
      "z" : 3.0652475
    }, {
      "x" : -6.854102,
      "y" : 15.326238,
      "z" : 6.854102
    } ],
    "faces" : [ {
      "vertices" : [ 0, 1, 2 ]
    }, {
      "vertices" : [ 0, 2, 1 ]
    } ]
  }, {
    "id" : "ccb3265e-6cf5-407b-9f6e-c358d2eb2828",
    "vertices" : [ {
      "x" : 17.944271,
      "y" : 0.0,
      "z" : -11.09017
    }, {
      "x" : 12.984597,
      "y" : 3.0652475,
      "z" : -12.984597
    }, {
      "x" : 15.326238,
      "y" : 6.854102,
      "z" : -6.854102
    } ],
    "faces" : [ {
      "vertices" : [ 0, 1, 2 ]
    }, {
      "vertices" : [ 0, 2, 1 ]
    } ]
  }, {
    "id" : "29c86801-c453-4965-941a-e2b5be1396c3",
    "vertices" : [ {
      "x" : 0.0,
      "y" : -17.944271,
      "z" : -11.09017
    }, {
      "x" : -11.09017,
      "y" : 0.0,
      "z" : -17.944271
    }, {
      "x" : -17.944271,
      "y" : -11.09017,
      "z" : 0.0
    } ],
    "faces" : [ {
      "vertices" : [ 0, 1, 2 ]
    }, {
      "vertices" : [ 0, 2, 1 ]
    } ]
  }, {
    "id" : "2586c012-1bd9-4572-a42c-9ce8d20d1a08",
    "vertices" : [ {
      "x" : 11.09017,
      "y" : -17.944271,
      "z" : 0.0
    }, {
      "x" : 12.984597,
      "y" : -12.984597,
      "z" : 3.0652475
    }, {
      "x" : 6.854102,
      "y" : -15.326238,
      "z" : 6.854102
    } ],
    "faces" : [ {
      "vertices" : [ 0, 1, 2 ]
    }, {
      "vertices" : [ 0, 2, 1 ]
    } ]
  }, {
    "id" : "3894b093-84a9-43c7-8092-e3a7b979edfd",
    "vertices" : [ {
      "x" : -17.944271,
      "y" : 11.09017,
      "z" : 0.0
    }, {
      "x" : -11.09017,
      "y" : 0.0,
      "z" : 17.944271
    }, {
      "x" : -17.944271,
      "y" : -11.09017,
      "z" : 0.0
    } ],
    "faces" : [ {
      "vertices" : [ 0, 1, 2 ]
    }, {
      "vertices" : [ 0, 2, 1 ]
    } ]
  }, {
    "id" : "3711ecbf-c7a0-44be-a895-c8c6d135191c",
    "vertices" : [ {
      "x" : 0.0,
      "y" : -17.944271,
      "z" : 11.09017
    }, {
      "x" : 17.944271,
      "y" : -11.09017,
      "z" : 0.0
    }, {
      "x" : 0.0,
      "y" : -17.944271,
      "z" : -11.09017
    } ],
    "faces" : [ {
      "vertices" : [ 0, 1, 2 ]
    }, {
      "vertices" : [ 0, 2, 1 ]
    } ]
  }, {
    "id" : "a27ecda9-4292-4b71-9406-bc86f788c4a2",
    "vertices" : [ {
      "x" : -11.09017,
      "y" : 17.944271,
      "z" : 0.0
    }, {
      "x" : -12.984597,
      "y" : 12.984597,
      "z" : -3.0652475
    }, {
      "x" : -6.854102,
      "y" : 15.326238,
      "z" : -6.854102
    } ],
    "faces" : [ {
      "vertices" : [ 0, 1, 2 ]
    }, {
      "vertices" : [ 0, 2, 1 ]
    } ]
  }, {
    "id" : "5a5556ad-be1a-49bc-80c0-2bea79bce410",
    "vertices" : [ {
      "x" : 17.944271,
      "y" : -11.09017,
      "z" : 0.0
    }, {
      "x" : 17.944271,
      "y" : 11.09017,
      "z" : 0.0
    }, {
      "x" : 11.09017,
      "y" : 0.0,
      "z" : -17.944271
    } ],
    "faces" : [ {
      "vertices" : [ 0, 1, 2 ]
    }, {
      "vertices" : [ 0, 2, 1 ]
    } ]
  }, {
    "id" : "973c4df2-e22c-4325-95d4-6e0d93487b7b",
    "vertices" : [ {
      "x" : 0.0,
      "y" : 17.944271,
      "z" : 11.09017
    }, {
      "x" : -11.09017,
      "y" : 0.0,
      "z" : 17.944271
    }, {
      "x" : -17.944271,
      "y" : 11.09017,
      "z" : 0.0
    } ],
    "faces" : [ {
      "vertices" : [ 0, 1, 2 ]
    }, {
      "vertices" : [ 0, 2, 1 ]
    } ]
  }, {
    "id" : "ec8ffc29-b527-4549-bbd6-c4b626ab8a52",
    "vertices" : [ {
      "x" : 0.0,
      "y" : -11.09017,
      "z" : -17.944271
    }, {
      "x" : 3.0652475,
      "y" : -12.984597,
      "z" : -12.984597
    }, {
      "x" : 6.854102,
      "y" : -6.854102,
      "z" : -15.326238
    } ],
    "faces" : [ {
      "vertices" : [ 0, 1, 2 ]
    }, {
      "vertices" : [ 0, 2, 1 ]
    } ]
  }, {
    "id" : "07c942a8-4043-47e4-9e6c-efb77a648227",
    "vertices" : [ {
      "x" : 0.0,
      "y" : -11.09017,
      "z" : -17.944271
    }, {
      "x" : -3.0652475,
      "y" : -12.984597,
      "z" : -12.984597
    }, {
      "x" : -6.854102,
      "y" : -6.854102,
      "z" : -15.326238
    } ],
    "faces" : [ {
      "vertices" : [ 0, 1, 2 ]
    }, {
      "vertices" : [ 0, 2, 1 ]
    } ]
  }, {
    "id" : "a2e05b38-2ac8-4af2-988f-5dfc34223dc5",
    "vertices" : [ {
      "x" : 0.0,
      "y" : 11.09017,
      "z" : -17.944271
    }, {
      "x" : -3.0652475,
      "y" : 12.984597,
      "z" : -12.984597
    }, {
      "x" : -6.854102,
      "y" : 6.854102,
      "z" : -15.326238
    } ],
    "faces" : [ {
      "vertices" : [ 0, 1, 2 ]
    }, {
      "vertices" : [ 0, 2, 1 ]
    } ]
  }, {
    "id" : "8e3ae449-6b57-4c4a-95e4-04b8a037ad87",
    "vertices" : [ {
      "x" : 11.09017,
      "y" : 0.0,
      "z" : 17.944271
    }, {
      "x" : 17.944271,
      "y" : -11.09017,
      "z" : 0.0
    }, {
      "x" : 0.0,
      "y" : -17.944271,
      "z" : 11.09017
    } ],
    "faces" : [ {
      "vertices" : [ 0, 1, 2 ]
    }, {
      "vertices" : [ 0, 2, 1 ]
    } ]
  } ],
  "instances" : [ {
    "shape" : "34eb3d3c-1d09-4e08-bff2-5012849f3826",
    "color" : "#FFFFFF",
    "position" : {
      "x" : 15.326238,
      "y" : 6.854102,
      "z" : 6.854102
    }
  }, {
    "shape" : "34eb3d3c-1d09-4e08-bff2-5012849f3826",
    "color" : "#FFFFFF",
    "position" : {
      "x" : 0.0,
      "y" : 11.09017,
      "z" : -17.944271
    }
  }, {
    "shape" : "39d48e9e-82e2-44a0-a617-89b38ea60134",
    "color" : "#1E1E1E",
    "position" : {
      "x" : 0.0,
      "y" : -11.09017,
      "z" : -17.944271
    },
    "orientation" : 5
  }, {
    "shape" : "39d48e9e-82e2-44a0-a617-89b38ea60134",
    "color" : "#1E1E1E",
    "position" : {
      "x" : 17.944271,
      "y" : 0.0,
      "z" : -11.09017
    },
    "orientation" : 33
  }, {
    "shape" : "c70ab5c9-8b4a-40f9-a800-3ae6424e307b",
    "color" : "#007695",
    "position" : {
      "x" : 17.944271,
      "y" : 0.0,
      "z" : -11.09017
    },
    "orientation" : 2
  }, {
    "shape" : "34eb3d3c-1d09-4e08-bff2-5012849f3826",
    "color" : "#FFFFFF",
    "position" : {
      "x" : 3.0652475,
      "y" : -12.984597,
      "z" : 12.984597
    }
  }, {
    "shape" : "34eb3d3c-1d09-4e08-bff2-5012849f3826",
    "color" : "#FFFFFF",
    "position" : {
      "x" : -12.984597,
      "y" : -3.0652475,
      "z" : 12.984597
    }
  }, {
    "shape" : "34eb3d3c-1d09-4e08-bff2-5012849f3826",
    "color" : "#FFFFFF",
    "position" : {
      "x" : 11.09017,
      "y" : 0.0,
      "z" : -17.944271
    }
  }, {
    "shape" : "34eb3d3c-1d09-4e08-bff2-5012849f3826",
    "color" : "#FFFFFF",
    "position" : {
      "x" : -12.984597,
      "y" : 12.984597,
      "z" : -3.0652475
    }
  }, {
    "shape" : "c24afcdb-227a-426b-9463-2abe0c0fdec6",
    "color" : "#B57FE2",
    "position" : {
      "x" : 0.0,
      "y" : 0.0,
      "z" : 0.0
    }
  }, {
    "shape" : "4ae10cea-ee4e-407d-a42a-3b2e4819703a",
    "color" : "#B57FE2",
    "position" : {
      "x" : 0.0,
      "y" : 0.0,
      "z" : 0.0
    }
  }, {
    "shape" : "34eb3d3c-1d09-4e08-bff2-5012849f3826",
    "color" : "#FFFFFF",
    "position" : {
      "x" : -17.944271,
      "y" : 0.0,
      "z" : 0.0
    }
  }, {
    "shape" : "e6462e62-6a48-4651-8aee-b065a231a022",
    "color" : "#B57FE2",
    "position" : {
      "x" : 0.0,
      "y" : 0.0,
      "z" : 0.0
    }
  }, {
    "shape" : "34eb3d3c-1d09-4e08-bff2-5012849f3826",
    "color" : "#FFFFFF",
    "position" : {
      "x" : -17.944271,
      "y" : -11.09017,
      "z" : 0.0
    }
  }, {
    "shape" : "ab529d7c-8c16-4a62-844d-fd9fa6a74867",
    "color" : "#F7CF7F",
    "position" : {
      "x" : 0.0,
      "y" : 0.0,
      "z" : 0.0
    }
  }, {
    "shape" : "34eb3d3c-1d09-4e08-bff2-5012849f3826",
    "color" : "#FFFFFF",
    "position" : {
      "x" : -3.0652475,
      "y" : -12.984597,
      "z" : -12.984597
    }
  }, {
    "shape" : "814065ec-26e7-47b9-b48c-5874abafbeb8",
    "color" : "#B57FE2",
    "position" : {
      "x" : 0.0,
      "y" : 0.0,
      "z" : 0.0
    }
  }, {
    "shape" : "c70ab5c9-8b4a-40f9-a800-3ae6424e307b",
    "color" : "#007695",
    "position" : {
      "x" : 0.0,
      "y" : -17.944271,
      "z" : 11.09017
    },
    "orientation" : 56
  }, {
    "shape" : "8fd82630-382f-41ef-bcc3-d4f1e8fa975c",
    "color" : "#B57FE2",
    "position" : {
      "x" : 0.0,
      "y" : 0.0,
      "z" : 0.0
    }
  }, {
    "shape" : "4aaed380-f5b5-457f-8a5d-5c51d6392ad4",
    "color" : "#B57FE2",
    "position" : {
      "x" : 0.0,
      "y" : 0.0,
      "z" : 0.0
    }
  }, {
    "shape" : "34eb3d3c-1d09-4e08-bff2-5012849f3826",
    "color" : "#FFFFFF",
    "position" : {
      "x" : 12.984597,
      "y" : 12.984597,
      "z" : 3.0652475
    }
  }, {
    "shape" : "c70ab5c9-8b4a-40f9-a800-3ae6424e307b",
    "color" : "#007695",
    "position" : {
