{
  "field" : "golden",
  "symmetry" : "icosahedral",
  "orientations" : [ [ 1.0, 0.0, 0.0, 0.0, 0.0, 1.0, 0.0, 0.0, 0.0, 0.0, 1.0, 0.0, 0.0, 0.0, 0.0, 1.0 ], [ 0.0, 0.0, 1.0, 0.0, 1.0, 0.0, 0.0, 0.0, 0.0, 1.0, 0.0, 0.0, 0.0, 0.0, 0.0, 1.0 ], [ 0.0, 1.0, 0.0, 0.0, 0.0, 0.0, 1.0, 0.0, 1.0, 0.0, 0.0, 0.0, 0.0, 0.0, 0.0, 1.0 ], [ 0.809017, 0.309017, 0.5, 0.0, 0.309017, 0.5, -0.809017, 0.0, -0.5, 0.809017, 0.309017, 0.0, 0.0, 0.0, 0.0, 1.0 ], [ -0.5, 0.809017, 0.309017, 0.0, 0.809017, 0.309017, 0.5, 0.0, 0.309017, 0.5, -0.809017, 0.0, 0.0, 0.0, 0.0, 1.0 ], [ 0.309017, 0.5, -0.809017, 0.0, -0.5, 0.809017, 0.309017, 0.0, 0.809017, 0.309017, 0.5, 0.0, 0.0, 0.0, 0.0, 1.0 ], [ 0.5, 0.809017, 0.309017, 0.0, 0.809017, -0.309017, -0.5, 0.0, -0.309017, 0.5, -0.809017, 0.0, 0.0, 0.0, 0.0, 1.0 ], [ -0.309017, 0.5, -0.809017, 0.0, 0.5, 0.809017, 0.309017, 0.0, 0.809017, -0.309017, -0.5, 0.0, 0.0, 0.0, 0.0, 1.0 ], [ 0.809017, -0.309017, -0.5, 0.0, -0.309017, 0.5, -0.809017, 0.0, 0.5, 0.809017, 0.309017, 0.0, 0.0, 0.0, 0.0, 1.0 ], [ 0.5, 0.809017, -0.309017, 0.0, 0.809017, -0.309017, 0.5, 0.0, 0.309017, -0.5, -0.809017, 0.0, 0.0, 0.0, 0.0, 1.0 ], [ 0.309017, -0.5, -0.809017, 0.0, 0.5, 0.809017, -0.309017, 0.0, 0.809017, -0.309017, 0.5, 0.0, 0.0, 0.0, 0.0, 1.0 ], [ 0.809017, -0.309017, 0.5, 0.0, 0.309017, -0.5, -0.809017, 0.0, 0.5, 0.809017, -0.309017, 0.0, 0.0, 0.0, 0.0, 1.0 ], [ 0.809017, 0.309017, -0.5, 0.0, 0.309017, 0.5, 0.809017, 0.0, 0.5, -0.809017, 0.309017, 0.0, 0.0, 0.0, 0.0, 1.0 ], [ 0.5, -0.809017, 0.309017, 0.0, 0.809017, 0.309017, -0.5, 0.0, 0.309017, 0.5, 0.809017, 0.0, 0.0, 0.0, 0.0, 1.0 ], [ 0.309017, 0.5, 0.809017, 0.0, 0.5, -0.809017, 0.309017, 0.0, 0.809017, 0.309017, -0.5, 0.0, 0.0, 0.0, 0.0, 1.0 ], [ 1.0, 0.0, 0.0, 0.0, 0.0, -1.0, 0.0, 0.0, 0.0, 0.0, -1.0, 0.0, 0.0, 0.0, 0.0, 1.0 ], [ 0.0, 0.0, 1.0, 0.0, -1.0, 0.0, 0.0, 0.0, 0.0, -1.0, 0.0, 0.0, 0.0, 0.0, 0.0, 1.0 ], [ 0.0, 1.0, 0.0, 0.0, 0.0, 0.0, -1.0, 0.0, -1.0, 0.0, 0.0, 0.0, 0.0, 0.0, 0.0, 1.0 ], [ 0.809017, 0.309017, 0.5, 0.0, -0.309017, -0.5, 0.809017, 0.0, 0.5, -0.809017, -0.309017, 0.0, 0.0, 0.0, 0.0, 1.0 ], [ -0.5, 0.809017, 0.309017, 0.0, -0.809017, -0.309017, -0.5, 0.0, -0.309017, -0.5, 0.809017, 0.0, 0.0, 0.0, 0.0, 1.0 ], [ 0.309017, 0.5, -0.809017, 0.0, 0.5, -0.809017, -0.309017, 0.0, -0.809017, -0.309017, -0.5, 0.0, 0.0, 0.0, 0.0, 1.0 ], [ 0.5, 0.809017, 0.309017, 0.0, -0.809017, 0.309017, 0.5, 0.0, 0.309017, -0.5, 0.809017, 0.0, 0.0, 0.0, 0.0, 1.0 ], [ -0.309017, 0.5, -0.809017, 0.0, -0.5, -0.809017, -0.309017, 0.0, -0.809017, 0.309017, 0.5, 0.0, 0.0, 0.0, 0.0, 1.0 ], [ 0.809017, -0.309017, -0.5, 0.0, 0.309017, -0.5, 0.809017, 0.0, -0.5, -0.809017, -0.309017, 0.0, 0.0, 0.0, 0.0, 1.0 ], [ 0.5, 0.809017, -0.309017, 0.0, -0.809017, 0.309017, -0.5, 0.0, -0.309017, 0.5, 0.809017, 0.0, 0.0, 0.0, 0.0, 1.0 ], [ 0.309017, -0.5, -0.809017, 0.0, -0.5, -0.809017, 0.309017, 0.0, -0.809017, 0.309017, -0.5, 0.0, 0.0, 0.0, 0.0, 1.0 ], [ 0.809017, -0.309017, 0.5, 0.0, -0.309017, 0.5, 0.809017, 0.0, -0.5, -0.809017, 0.309017, 0.0, 0.0, 0.0, 0.0, 1.0 ], [ 0.809017, 0.309017, -0.5, 0.0, -0.309017, -0.5, -0.809017, 0.0, -0.5, 0.809017, -0.309017, 0.0, 0.0, 0.0, 0.0, 1.0 ], [ 0.5, -0.809017, 0.309017, 0.0, -0.809017, -0.309017, 0.5, 0.0, -0.309017, -0.5, -0.809017, 0.0, 0.0, 0.0, 0.0, 1.0 ], [ 0.309017, 0.5, 0.809017, 0.0, -0.5, 0.809017, -0.309017, 0.0, -0.809017, -0.309017, 0.5, 0.0, 0.0, 0.0, 0.0, 1.0 ], [ -1.0, 0.0, 0.0, 0.0, 0.0, -1.0, 0.0, 0.0, 0.0, 0.0, 1.0, 0.0, 0.0, 0.0, 0.0, 1.0 ], [ 0.0, 0.0, -1.0, 0.0, -1.0, 0.0, 0.0, 0.0, 0.0, 1.0, 0.0, 0.0, 0.0, 0.0, 0.0, 1.0 ], [ 0.0, -1.0, 0.0, 0.0, 0.0, 0.0, -1.0, 0.0, 1.0, 0.0, 0.0, 0.0, 0.0, 0.0, 0.0, 1.0 ], [ -0.809017, -0.309017, -0.5, 0.0, -0.309017, -0.5, 0.809017, 0.0, -0.5, 0.809017, 0.309017, 0.0, 0.0, 0.0, 0.0, 1.0 ], [ 0.5, -0.809017, -0.309017, 0.0, -0.809017, -0.309017, -0.5, 0.0, 0.309017, 0.5, -0.809017, 0.0, 0.0, 0.0, 0.0, 1.0 ], [ -0.309017, -0.5, 0.809017, 0.0, 0.5, -0.809017, -0.309017, 0.0, 0.809017, 0.309017, 0.5, 0.0, 0.0, 0.0, 0.0, 1.0 ], [ -0.5, -0.809017, -0.309017, 0.0, -0.809017, 0.309017, 0.5, 0.0, -0.309017, 0.5, -0.809017, 0.0, 0.0, 0.0, 0.0, 1.0 ], [ 0.309017, -0.5, 0.809017, 0.0, -0.5, -0.809017, -0.309017, 0.0, 0.809017, -0.309017, -0.5, 0.0, 0.0, 0.0, 0.0, 1.0 ], [ -0.809017, 0.309017, 0.5, 0.0, 0.309017, -0.5, 0.809017, 0.0, 0.5, 0.809017, 0.309017, 0.0, 0.0, 0.0, 0.0, 1.0 ], [ -0.5, -0.809017, 0.309017, 0.0, -0.809017, 0.309017, -0.5, 0.0, 0.309017, -0.5, -0.809017, 0.0, 0.0, 0.0, 0.0, 1.0 ], [ -0.309017, 0.5, 0.809017, 0.0, -0.5, -0.809017, 0.309017, 0.0, 0.809017, -0.309017, 0.5, 0.0, 0.0, 0.0, 0.0, 1.0 ], [ -0.809017, 0.309017, -0.5, 0.0, -0.309017, 0.5, 0.809017, 0.0, 0.5, 0.809017, -0.309017, 0.0, 0.0, 0.0, 0.0, 1.0 ], [ -0.809017, -0.309017, 0.5, 0.0, -0.309017, -0.5, -0.809017, 0.0, 0.5, -0.809017, 0.309017, 0.0, 0.0, 0.0, 0.0, 1.0 ], [ -0.5, 0.809017, -0.309017, 0.0, -0.809017, -0.309017, 0.5, 0.0, 0.309017, 0.5, 0.809017, 0.0, 0.0, 0.0, 0.0, 1.0 ], [ -0.309017, -0.5, -0.809017, 0.0, -0.5, 0.809017, -0.309017, 0.0, 0.809017, 0.309017, -0.5, 0.0, 0.0, 0.0, 0.0, 1.0 ], [ -1.0, 0.0, 0.0, 0.0, 0.0, 1.0, 0.0, 0.0, 0.0, 0.0, -1.0, 0.0, 0.0, 0.0, 0.0, 1.0 ], [ 0.0, 0.0, -1.0, 0.0, 1.0, 0.0, 0.0, 0.0, 0.0, -1.0, 0.0, 0.0, 0.0, 0.0, 0.0, 1.0 ], [ 0.0, -1.0, 0.0, 0.0, 0.0, 0.0, 1.0, 0.0, -1.0, 0.0, 0.0, 0.0, 0.0, 0.0, 0.0, 1.0 ], [ -0.809017, -0.309017, -0.5, 0.0, 0.309017, 0.5, -0.809017, 0.0, 0.5, -0.809017, -0.309017, 0.0, 0.0, 0.0, 0.0, 1.0 ], [ 0.5, -0.809017, -0.309017, 0.0, 0.809017, 0.309017, 0.5, 0.0, -0.309017, -0.5, 0.809017, 0.0, 0.0, 0.0, 0.0, 1.0 ], [ -0.309017, -0.5, 0.809017, 0.0, -0.5, 0.809017, 0.309017, 0.0, -0.809017, -0.309017, -0.5, 0.0, 0.0, 0.0, 0.0, 1.0 ], [ -0.5, -0.809017, -0.309017, 0.0, 0.809017, -0.309017, -0.5, 0.0, 0.309017, -0.5, 0.809017, 0.0, 0.0, 0.0, 0.0, 1.0 ], [ 0.309017, -0.5, 0.809017, 0.0, 0.5, 0.809017, 0.309017, 0.0, -0.809017, 0.309017, 0.5, 0.0, 0.0, 0.0, 0.0, 1.0 ], [ -0.809017, 0.309017, 0.5, 0.0, -0.309017, 0.5, -0.809017, 0.0, -0.5, -0.809017, -0.309017, 0.0, 0.0, 0.0, 0.0, 1.0 ], [ -0.5, -0.809017, 0.309017, 0.0, 0.809017, -0.309017, 0.5, 0.0, -0.309017, 0.5, 0.809017, 0.0, 0.0, 0.0, 0.0, 1.0 ], [ -0.309017, 0.5, 0.809017, 0.0, 0.5, 0.809017, -0.309017, 0.0, -0.809017, 0.309017, -0.5, 0.0, 0.0, 0.0, 0.0, 1.0 ], [ -0.809017, 0.309017, -0.5, 0.0, 0.309017, -0.5, -0.809017, 0.0, -0.5, -0.809017, 0.309017, 0.0, 0.0, 0.0, 0.0, 1.0 ], [ -0.809017, -0.309017, 0.5, 0.0, 0.309017, 0.5, 0.809017, 0.0, -0.5, 0.809017, -0.309017, 0.0, 0.0, 0.0, 0.0, 1.0 ], [ -0.5, 0.809017, -0.309017, 0.0, 0.809017, 0.309017, -0.5, 0.0, -0.309017, -0.5, -0.809017, 0.0, 0.0, 0.0, 0.0, 1.0 ], [ -0.309017, -0.5, -0.809017, 0.0, 0.5, -0.809017, 0.309017, 0.0, -0.809017, -0.309017, 0.5, 0.0, 0.0, 0.0, 0.0, 1.0 ] ],
  "lights" : {
    "ambientColor" : "#292929",
    "backgroundColor" : "#AFC8DC",
    "directionalLights" : [ {
      "direction" : {
        "x" : 1.0,
        "y" : -1.0,
        "z" : -1.0
      },
      "color" : "#EBEBE4"
    }, {
      "direction" : {
        "x" : -1.0,
        "y" : 0.0,
        "z" : 0.0
      },
      "color" : "#E4E4EB"
    }, {
      "direction" : {
        "x" : 0.0,
        "y" : 0.0,
        "z" : -1.0
      },
      "color" : "#1E1E1E"
    } ]
  },
  "camera" : {
    "lookDirection" : {
      "x" : -0.028243147,
      "y" : -0.015786598,
      "z" : -0.9994726
    },
    "upDirection" : {
      "x" : -0.007024071,
      "y" : 0.99984884,
      "z" : -0.015594512
    },
    "lookAtPoint" : {
      "x" : 0.0,
      "y" : 0.0,
      "z" : 0.0
    },
    "perspective" : false,
    "viewDistance" : 104.46786,
    "nearClipDistance" : 0.26116994,
    "farClipDistance" : 208.93619,
    "fieldOfView" : 0.44263002,
    "stereo" : false,
    "width" : 47.01066,
    "position" : {
      "x" : 2.950501,
      "y" : 1.649192,
      "z" : 104.412766
    }
  },
  "embedding" : [ 1.0, 0.0, 0.0, 0.0, 0.0, 1.0, 0.0, 0.0, 0.0, 0.0, 1.0, 0.0, 0.0, 0.0, 0.0, 1.0 ],
  "shapes" : [ {
    "id" : "682611af-90fa-48b0-bf6e-6fe74e5ad704",
    "vertices" : [ {
      "x" : -0.309017,
      "y" : -0.19098301,
      "z" : 0.0
    }, {
      "x" : -0.309017,
      "y" : 0.19098301,
      "z" : 0.0
    }, {
      "x" : -0.19098301,
      "y" : 0.0,
      "z" : -0.309017
    }, {
      "x" : -0.19098301,
      "y" : 0.0,
      "z" : 0.309017
    }, {
      "x" : 0.0,
      "y" : -0.309017,
      "z" : -0.19098301
    }, {
      "x" : 0.0,
      "y" : -0.309017,
      "z" : 0.19098301
    }, {
      "x" : 0.0,
      "y" : 0.309017,
      "z" : -0.19098301
    }, {
      "x" : 0.0,
      "y" : 0.309017,
      "z" : 0.19098301
    }, {
      "x" : 0.19098301,
      "y" : 0.0,
      "z" : -0.309017
    }, {
      "x" : 0.19098301,
      "y" : 0.0,
      "z" : 0.309017
    }, {
      "x" : 0.309017,
      "y" : -0.19098301,
      "z" : 0.0
    }, {
      "x" : 0.309017,
      "y" : 0.19098301,
      "z" : 0.0
    } ],
    "faces" : [ {
      "vertices" : [ 0, 1, 2 ]
    }, {
      "vertices" : [ 0, 3, 1 ]
    }, {
      "vertices" : [ 0, 2, 4 ]
    }, {
      "vertices" : [ 0, 5, 3 ]
    }, {
      "vertices" : [ 0, 4, 5 ]
    }, {
      "vertices" : [ 1, 6, 2 ]
    }, {
      "vertices" : [ 1, 3, 7 ]
    }, {
      "vertices" : [ 1, 7, 6 ]
    }, {
      "vertices" : [ 2, 8, 4 ]
    }, {
      "vertices" : [ 2, 6, 8 ]
    }, {
      "vertices" : [ 3, 5, 9 ]
    }, {
      "vertices" : [ 3, 9, 7 ]
    }, {
      "vertices" : [ 4, 10, 5 ]
    }, {
      "vertices" : [ 4, 8, 10 ]
    }, {
      "vertices" : [ 5, 10, 9 ]
    }, {
      "vertices" : [ 6, 7, 11 ]
    }, {
      "vertices" : [ 6, 11, 8 ]
    }, {
      "vertices" : [ 7, 9, 11 ]
    }, {
      "vertices" : [ 8, 11, 10 ]
    }, {
      "vertices" : [ 9, 10, 11 ]
    } ]
  }, {
    "id" : "ce2b796f-a6cd-4895-a719-4d0032aeb37a",
    "vertices" : [ {
      "x" : -4.8905764,
      "y" : -6.604102,
      "z" : -8.567628
    }, {
      "x" : -3.0225425,
      "y" : -8.317628,
      "z" : -7.913119
    }, {
      "x" : -3.8315594,
      "y" : -9.626644,
      "z" : -5.795085
    }, {
      "x" : -6.1995935,
      "y" : -8.722136,
      "z" : -5.1405764
    }, {
      "x" : -6.854102,
      "y" : -6.854102,
      "z" : -6.854102
    } ],
    "faces" : [ {
      "vertices" : [ 0, 1, 2 ]
    }, {
      "vertices" : [ 0, 2, 3 ]
    }, {
      "vertices" : [ 0, 3, 4 ]
    }, {
      "vertices" : [ 0, 4, 3 ]
    }, {
      "vertices" : [ 0, 3, 2 ]
    }, {
      "vertices" : [ 0, 2, 1 ]
    } ]
  }, {
    "id" : "c01246e4-76a3-4689-85da-1a587f0175ae",
    "vertices" : [ {
      "x" : -5.545085,
      "y" : -10.281153,
      "z" : 2.118034
    }, {
      "x" : -7.663119,
      "y" : -8.972136,
      "z" : 1.309017
    }, {
      "x" : -7.663119,
      "y" : -8.972136,
      "z" : -1.309017
    }, {
      "x" : -5.545085,
      "y" : -10.281153,
      "z" : -2.118034
    }, {
      "x" : -4.236068,
      "y" : -11.09017,
      "z" : 0.0
    } ],
    "faces" : [ {
      "vertices" : [ 0, 1, 2 ]
    }, {
      "vertices" : [ 0, 2, 3 ]
    }, {
      "vertices" : [ 0, 3, 4 ]
    }, {
      "vertices" : [ 0, 4, 3 ]
    }, {
      "vertices" : [ 0, 3, 2 ]
    }, {
      "vertices" : [ 0, 2, 1 ]
    } ]
  }, {
    "id" : "be1eac39-4922-49a5-826d-a4fe05252d00",
    "vertices" : [ {
      "x" : -8.567628,
      "y" : -4.8905764,
      "z" : 6.604102
    }, {
      "x" : -10.281153,
      "y" : -2.118034,
      "z" : 5.545085
    }, {
      "x" : -10.435661,
      "y" : -2.368034,
      "z" : 5.1405764
    }, {
      "x" : -8.722136,
      "y" : -5.1405764,
      "z" : 6.1995935
    } ],
    "faces" : [ {
      "vertices" : [ 0, 1, 2 ]
    }, {
      "vertices" : [ 0, 2, 3 ]
    }, {
      "vertices" : [ 0, 3, 2 ]
    }, {
      "vertices" : [ 0, 2, 1 ]
    } ]
  }, {
    "id" : "63aa2382-17a1-45d8-9249-d0d482fbe308",
    "vertices" : [ {
      "x" : 11.7446785,
      "y" : -0.25,
      "z" : -1.7135255
    }, {
      "x" : 11.7446785,
      "y" : 0.25,
      "z" : -1.7135255
    }, {
      "x" : 11.7446785,
      "y" : 0.25,
      "z" : 1.7135255
    }, {
      "x" : 11.7446785,
      "y" : -0.25,
      "z" : 1.7135255
    } ],
    "faces" : [ {
      "vertices" : [ 0, 1, 2 ]
    }, {
      "vertices" : [ 0, 2, 3 ]
    }, {
      "vertices" : [ 0, 3, 2 ]
    }, {
      "vertices" : [ 0, 2, 1 ]
    } ]
  }, {
    "id" : "e58ce6a3-60d1-488b-8ee2-b190504da70e",
    "vertices" : [ {
      "x" : -3.8315594,
      "y" : -9.626644,
      "z" : 5.795085
    }, {
      "x" : -3.177051,
      "y" : -10.685661,
      "z" : 4.0815597
    }, {
      "x" : -2.118034,
      "y" : -10.281153,
      "z" : 5.545085
    } ],
    "faces" : [ {
      "vertices" : [ 0, 1, 2 ]
    }, {
      "vertices" : [ 0, 2, 1 ]
    } ]
  }, {
    "id" : "9d03ddf5-ee00-4174-bcc4-dd457cb1cd7f",
    "vertices" : [ {
      "x" : -10.685661,
      "y" : -4.0815597,
      "z" : -3.177051
    }, {
      "x" : -10.435661,
      "y" : -2.368034,
      "z" : -5.1405764
    }, {
      "x" : -8.722136,
      "y" : -5.1405764,
      "z" : -6.1995935
    }, {
      "x" : -9.626644,
      "y" : -5.795085,
      "z" : -3.8315594
    } ],
    "faces" : [ {
      "vertices" : [ 0, 1, 2 ]
    }, {
      "vertices" : [ 0, 2, 3 ]
    }, {
      "vertices" : [ 0, 3, 2 ]
    }, {
      "vertices" : [ 0, 2, 1 ]
    } ]
  }, {
    "id" : "f8d341f0-c9e1-43de-a13e-5cc64283e7d2",
    "vertices" : [ {
      "x" : 8.972136,
      "y" : 7.663119,
      "z" : -1.309017
    }, {
      "x" : 7.663119,
      "y" : 8.972136,
      "z" : -1.309017
    }, {
      "x" : 7.663119,
      "y" : 8.972136,
      "z" : 1.309017
    }, {
      "x" : 8.972136,
      "y" : 7.663119,
      "z" : 1.309017
    } ],
    "faces" : [ {
      "vertices" : [ 0, 1, 2 ]
    }, {
      "vertices" : [ 0, 2, 3 ]
    }, {
      "vertices" : [ 0, 3, 2 ]
    }, {
      "vertices" : [ 0, 2, 1 ]
    } ]
  }, {
    "id" : "664b971a-83c9-4127-b919-a77d3542ceda",
    "vertices" : [ {
      "x" : -6.604102,
      "y" : -8.567628,
      "z" : -4.8905764
    }, {
      "x" : -6.1995935,
      "y" : -8.722136,
      "z" : -5.1405764
    }, {
      "x" : -5.1405764,
      "y" : -10.435661,
      "z" : -2.368034
    }, {
      "x" : -5.545085,
      "y" : -10.281153,
      "z" : -2.118034
    } ],
    "faces" : [ {
      "vertices" : [ 0, 1, 2 ]
    }, {
      "vertices" : [ 0, 2, 3 ]
    }, {
      "vertices" : [ 0, 3, 2 ]
    }, {
      "vertices" : [ 0, 2, 1 ]
    } ]
  }, {
    "id" : "b414958d-5fb7-45ec-a77c-12d8af8b237e",
    "vertices" : [ {
      "x" : 0.0,
      "y" : -11.09017,
      "z" : -4.236068
    }, {
      "x" : 2.118034,
      "y" : -10.281153,
      "z" : -5.545085
    }, {
      "x" : 3.177051,
      "y" : -10.685661,
      "z" : -4.0815597
    }, {
      "x" : 1.059017,
      "y" : -11.4946785,
      "z" : -2.7725425
    } ],
    "faces" : [ {
      "vertices" : [ 0, 1, 2 ]
    }, {
      "vertices" : [ 0, 2, 3 ]
    }, {
      "vertices" : [ 0, 3, 2 ]
    }, {
      "vertices" : [ 0, 2, 1 ]
    } ]
  }, {
    "id" : "cb9c41ba-31d8-4b82-ba13-af52331999ae",
    "vertices" : [ {
      "x" : -6.604102,
      "y" : 8.567628,
      "z" : -4.8905764
    }, {
      "x" : -5.545085,
      "y" : 10.281153,
      "z" : -2.118034
    }, {
      "x" : -5.1405764,
      "y" : 10.435661,
      "z" : -2.368034
    }, {
      "x" : -6.1995935,
      "y" : 8.722136,
      "z" : -5.1405764
    } ],
    "faces" : [ {
      "vertices" : [ 0, 1, 2 ]
    }, {
      "vertices" : [ 0, 2, 3 ]
    }, {
      "vertices" : [ 0, 3, 2 ]
    }, {
      "vertices" : [ 0, 2, 1 ]
    } ]
  }, {
    "id" : "f7aece32-5168-40f9-95bb-3f35e02c2ffb",
    "vertices" : [ {
      "x" : 2.368034,
      "y" : -5.1405764,
      "z" : -10.435661
    }, {
      "x" : 0.0,
      "y" : -4.236068,
      "z" : -11.09017
    }, {
      "x" : 0.25,
      "y" : -1.7135255,
      "z" : -11.7446785
    }, {
      "x" : 2.7725425,
      "y" : -1.059017,
      "z" : -11.4946785
    }, {
      "x" : 4.0815597,
      "y" : -3.177051,
      "z" : -10.685661
    } ],
    "faces" : [ {
      "vertices" : [ 0, 1, 2 ]
    }, {
      "vertices" : [ 0, 2, 3 ]
    }, {
      "vertices" : [ 0, 3, 4 ]
    }, {
      "vertices" : [ 0, 4, 3 ]
    }, {
      "vertices" : [ 0, 3, 2 ]
    }, {
      "vertices" : [ 0, 2, 1 ]
    } ]
  }, {
    "id" : "6dd13899-8fb4-4c9d-8116-dc75200c452f",
    "vertices" : [ {
      "x" : 2.7725425,
      "y" : 1.059017,
      "z" : 11.4946785
    }, {
      "x" : 2.7725425,
      "y" : -1.059017,
      "z" : 11.4946785
    }, {
      "x" : 4.236068,
      "y" : 0.0,
      "z" : 11.09017
    } ],
    "faces" : [ {
      "vertices" : [ 0, 1, 2 ]
    }, {
      "vertices" : [ 0, 2, 1 ]
    } ]
  }, {
    "id" : "2d25d845-b957-4097-a2aa-faf7f54ae7b9",
    "vertices" : [ {
      "x" : 6.854102,
      "y" : 6.854102,
      "z" : 6.854102
    }, {
      "x" : 6.1995935,
      "y" : 8.722136,
      "z" : 5.1405764
    }, {
      "x" : 3.8315594,
      "y" : 9.626644,
      "z" : 5.795085
    }, {
      "x" : 3.0225425,
      "y" : 8.317628,
      "z" : 7.913119
    }, {
      "x" : 4.8905764,
      "y" : 6.604102,
      "z" : 8.567628
    } ],
    "faces" : [ {
      "vertices" : [ 0, 1, 2 ]
    }, {
      "vertices" : [ 0, 2, 3 ]
    }, {
      "vertices" : [ 0, 3, 4 ]
    }, {
      "vertices" : [ 0, 4, 3 ]
    }, {
      "vertices" : [ 0, 3, 2 ]
    }, {
      "vertices" : [ 0, 2, 1 ]
    } ]
  }, {
    "id" : "48d6189a-dfdb-464b-876e-550c426a10da",
    "vertices" : [ {
      "x" : 2.118034,
      "y" : 10.281153,
      "z" : 5.545085
    }, {
      "x" : 3.177051,
      "y" : 10.685661,
      "z" : 4.0815597
    }, {
      "x" : 1.059017,
      "y" : 11.4946785,
      "z" : 2.7725425
    }, {
      "x" : 0.0,
      "y" : 11.09017,
      "z" : 4.236068
    } ],
    "faces" : [ {
      "vertices" : [ 0, 1, 2 ]
    }, {
      "vertices" : [ 0, 2, 3 ]
    }, {
      "vertices" : [ 0, 3, 2 ]
    }, {
      "vertices" : [ 0, 2, 1 ]
    } ]
  }, {
    "id" : "04c434b1-3b80-4eda-a330-558712a1090c",
    "vertices" : [ {
      "x" : -0.25,
      "y" : 1.7135255,
      "z" : -11.7446785
    }, {
      "x" : 0.0,
      "y" : 4.236068,
      "z" : -11.09017
    }, {
      "x" : 0.25,
      "y" : 1.7135255,
      "z" : -11.7446785
    } ],
    "faces" : [ {
      "vertices" : [ 0, 1, 2 ]
    }, {
      "vertices" : [ 0, 2, 1 ]
    } ]
  }, {
    "id" : "9e6c5147-7b0c-4e49-9438-dd68cade48b5",
    "vertices" : [ {
      "x" : 5.1405764,
      "y" : -10.435661,
      "z" : 2.368034
    }, {
      "x" : 6.1995935,
      "y" : -8.722136,
      "z" : 5.1405764
    }, {
      "x" : 3.8315594,
      "y" : -9.626644,
      "z" : 5.795085
    }, {
      "x" : 3.177051,
      "y" : -10.685661,
      "z" : 4.0815597
    } ],
    "faces" : [ {
      "vertices" : [ 0, 1, 2 ]
    }, {
      "vertices" : [ 0, 2, 3 ]
    }, {
      "vertices" : [ 0, 3, 2 ]
    }, {
      "vertices" : [ 0, 2, 1 ]
    } ]
  }, {
    "id" : "1cc392a5-a474-4a88-bc42-21880b9bf9ae",
    "vertices" : [ {
      "x" : 5.795085,
      "y" : -3.8315594,
      "z" : 9.626644
    }, {
      "x" : 5.545085,
      "y" : -2.118034,
      "z" : 10.281153
    }, {
      "x" : 4.0815597,
      "y" : -3.177051,
      "z" : 10.685661
    } ],
    "faces" : [ {
      "vertices" : [ 0, 1, 2 ]
    }, {
      "vertices" : [ 0, 2, 1 ]
    } ]
  }, {
    "id" : "a6c8d720-2d3f-4fa7-83c4-63986b18e66e",
    "vertices" : [ {
      "x" : 0.25,
      "y" : -1.7135255,
      "z" : -11.7446785
    }, {
      "x" : 0.0,
      "y" : -4.236068,
      "z" : -11.09017
    }, {
      "x" : -0.25,
      "y" : -1.7135255,
      "z" : -11.7446785
    } ],
    "faces" : [ {
      "vertices" : [ 0, 1, 2 ]
    }, {
      "vertices" : [ 0, 2, 1 ]
    } ]
  }, {
    "id" : "1e154b52-e878-41b8-914d-a1aa6a00214a",
    "vertices" : [ {
      "x" : -1.7135255,
      "y" : 11.7446785,
      "z" : -0.25
    }, {
      "x" : -1.7135255,
      "y" : 11.7446785,
      "z" : 0.25
    }, {
      "x" : 1.7135255,
      "y" : 11.7446785,
      "z" : 0.25
    }, {
      "x" : 1.7135255,
      "y" : 11.7446785,
      "z" : -0.25
    } ],
    "faces" : [ {
      "vertices" : [ 0, 1, 2 ]
    }, {
      "vertices" : [ 0, 2, 3 ]
    }, {
      "vertices" : [ 0, 3, 2 ]
    }, {
      "vertices" : [ 0, 2, 1 ]
    } ]
  }, {
    "id" : "2e6c758f-6a2e-4a7c-a994-d2d6af490b9b",
    "vertices" : [ {
      "x" : 4.0815597,
      "y" : 3.177051,
      "z" : -10.685661
    }, {
      "x" : 2.368034,
      "y" : 5.1405764,
      "z" : -10.435661
    }, {
      "x" : 5.1405764,
      "y" : 6.1995935,
      "z" : -8.722136
    }, {
      "x" : 5.795085,
      "y" : 3.8315594,
      "z" : -9.626644
    } ],
    "faces" : [ {
      "vertices" : [ 0, 1, 2 ]
    }, {
      "vertices" : [ 0, 2, 3 ]
    }, {
      "vertices" : [ 0, 3, 2 ]
    }, {
      "vertices" : [ 0, 2, 1 ]
    } ]
  }, {
    "id" : "b109e3c7-a4b6-4f5e-87b8-e3e96ff117ae",
    "vertices" : [ {
      "x" : 3.8315594,
      "y" : 9.626644,
      "z" : -5.795085
    }, {
      "x" : 3.177051,
      "y" : 10.685661,
      "z" : -4.0815597
    }, {
      "x" : 5.1405764,
      "y" : 10.435661,
      "z" : -2.368034
    }, {
      "x" : 6.1995935,
      "y" : 8.722136,
      "z" : -5.1405764
    } ],
    "faces" : [ {
      "vertices" : [ 0, 1, 2 ]
    }, {
      "vertices" : [ 0, 2, 3 ]
    }, {
      "vertices" : [ 0, 3, 2 ]
    }, {
      "vertices" : [ 0, 2, 1 ]
    } ]
  }, {
    "id" : "b9b7c7c5-1950-42e0-bff9-baed8139212b",
    "vertices" : [ {
      "x" : 5.1405764,
      "y" : -10.435661,
      "z" : 2.368034
    }, {
      "x" : 5.545085,
      "y" : -10.281153,
      "z" : 2.118034
    }, {
      "x" : 6.604102,
      "y" : -8.567628,
      "z" : 4.8905764
    }, {
      "x" : 6.1995935,
      "y" : -8.722136,
      "z" : 5.1405764
    } ],
    "faces" : [ {
      "vertices" : [ 0, 1, 2 ]
    }, {
      "vertices" : [ 0, 2, 3 ]
    }, {
      "vertices" : [ 0, 3, 2 ]
    }, {
      "vertices" : [ 0, 2, 1 ]
    } ]
  }, {
    "id" : "f7e42d9a-0465-49e4-88c1-bab3928eca37",
    "vertices" : [ {
      "x" : 6.854102,
      "y" : 6.854102,
      "z" : 6.854102
    }, {
      "x" : 8.722136,
      "y" : 5.1405764,
      "z" : 6.1995935
    }, {
      "x" : 9.626644,
      "y" : 5.795085,
      "z" : 3.8315594
    }, {
      "x" : 8.317628,
      "y" : 7.913119,
      "z" : 3.0225425
    }, {
      "x" : 6.604102,
      "y" : 8.567628,
      "z" : 4.8905764
    } ],
    "faces" : [ {
      "vertices" : [ 0, 1, 2 ]
    }, {
      "vertices" : [ 0, 2, 3 ]
    }, {
      "vertices" : [ 0, 3, 4 ]
    }, {
      "vertices" : [ 0, 4, 3 ]
    }, {
      "vertices" : [ 0, 3, 2 ]
    }, {
      "vertices" : [ 0, 2, 1 ]
    } ]
  }, {
    "id" : "bc8ff715-b930-4995-819e-92f935405f2d",
    "vertices" : [ {
      "x" : 11.09017,
      "y" : -4.236068,
      "z" : 0.0
    }, {
      "x" : 10.281153,
      "y" : -5.545085,
      "z" : -2.118034
    }, {
      "x" : 10.685661,
      "y" : -4.0815597,
      "z" : -3.177051
    }, {
      "x" : 11.4946785,
      "y" : -2.7725425,
      "z" : -1.059017
    } ],
    "faces" : [ {
      "vertices" : [ 0, 1, 2 ]
    }, {
      "vertices" : [ 0, 2, 3 ]
    }, {
      "vertices" : [ 0, 3, 2 ]
    }, {
      "vertices" : [ 0, 2, 1 ]
    } ]
  }, {
    "id" : "fa2c6a92-5cf8-4bc2-ae87-16008c2ff797",
    "vertices" : [ {
      "x" : 10.281153,
      "y" : -2.118034,
      "z" : 5.545085
    }, {
      "x" : 10.435661,
      "y" : -2.368034,
      "z" : 5.1405764
    }, {
      "x" : 11.09017,
      "y" : 0.0,
      "z" : 4.236068
    } ],
    "faces" : [ {
      "vertices" : [ 0, 1, 2 ]
    }, {
      "vertices" : [ 0, 2, 1 ]
    } ]
  }, {
    "id" : "df2fe4fc-56b1-42ff-97e1-6d177a741b22",
    "vertices" : [ {
      "x" : -6.1995935,
      "y" : 8.722136,
      "z" : 5.1405764
    }, {
      "x" : -3.8315594,
      "y" : 9.626644,
      "z" : 5.795085
    }, {
      "x" : -3.177051,
      "y" : 10.685661,
      "z" : 4.0815597
    }, {
      "x" : -5.1405764,
      "y" : 10.435661,
      "z" : 2.368034
    } ],
    "faces" : [ {
      "vertices" : [ 0, 1, 2 ]
    }, {
      "vertices" : [ 0, 2, 3 ]
    }, {
      "vertices" : [ 0, 3, 2 ]
    }, {
      "vertices" : [ 0, 2, 1 ]
    } ]
  }, {
    "id" : "39d69ea3-1505-492f-89d3-2940005b1f0e",
    "vertices" : [ {
      "x" : 8.722136,
      "y" : -5.1405764,
      "z" : -6.1995935
    }, {
      "x" : 8.567628,
      "y" : -4.8905764,
      "z" : -6.604102
    }, {
      "x" : 10.281153,
      "y" : -2.118034,
      "z" : -5.545085
    }, {
      "x" : 10.435661,
      "y" : -2.368034,
      "z" : -5.1405764
    } ],
    "faces" : [ {
      "vertices" : [ 0, 1, 2 ]
    }, {
      "vertices" : [ 0, 2, 3 ]
    }, {
      "vertices" : [ 0, 3, 2 ]
    }, {
      "vertices" : [ 0, 2, 1 ]
    } ]
  }, {
    "id" : "ff6fedb8-6341-4964-8019-b384f174b049",
    "vertices" : [ {
      "x" : -6.1995935,
      "y" : 8.722136,
      "z" : 5.1405764
    }, {
      "x" : -6.604102,
      "y" : 8.567628,
      "z" : 4.8905764
    }, {
      "x" : -6.854102,
      "y" : 6.854102,
      "z" : 6.854102
    } ],
    "faces" : [ {
      "vertices" : [ 0, 1, 2 ]
    }, {
      "vertices" : [ 0, 2, 1 ]
    } ]
  }, {
    "id" : "008e0799-dcd8-4a2e-8036-bbf1341bd862",
    "vertices" : [ {
      "x" : 2.7725425,
      "y" : 1.059017,
      "z" : 11.4946785
    }, {
      "x" : 4.236068,
      "y" : 0.0,
      "z" : 11.09017
    }, {
      "x" : 5.545085,
      "y" : 2.118034,
      "z" : 10.281153
    }, {
      "x" : 4.0815597,
      "y" : 3.177051,
      "z" : 10.685661
    } ],
    "faces" : [ {
      "vertices" : [ 0, 1, 2 ]
    }, {
      "vertices" : [ 0, 2, 3 ]
    }, {
      "vertices" : [ 0, 3, 2 ]
    }, {
      "vertices" : [ 0, 2, 1 ]
    } ]
  }, {
    "id" : "1eb62f03-80a9-4ddd-a545-4019d21ce631",
    "vertices" : [ {
      "x" : -8.317628,
      "y" : 7.913119,
      "z" : 3.0225425
    }, {
      "x" : -8.972136,
      "y" : 7.663119,
      "z" : 1.309017
    }, {
      "x" : -10.281153,
      "y" : 5.545085,
      "z" : 2.118034
    }, {
      "x" : -9.626644,
      "y" : 5.795085,
      "z" : 3.8315594
    } ],
    "faces" : [ {
      "vertices" : [ 0, 1, 2 ]
    }, {
      "vertices" : [ 0, 2, 3 ]
    }, {
      "vertices" : [ 0, 3, 2 ]
    }, {
      "vertices" : [ 0, 2, 1 ]
    } ]
  }, {
    "id" : "297f231d-f908-4439-89bb-a5fda88b4c81",
    "vertices" : [ {
      "x" : 5.1405764,
      "y" : 6.1995935,
      "z" : -8.722136
    }, {
      "x" : 6.854102,
      "y" : 6.854102,
      "z" : -6.854102
    }, {
      "x" : 8.567628,
      "y" : 4.8905764,
      "z" : -6.604102
    }, {
      "x" : 7.913119,
      "y" : 3.0225425,
      "z" : -8.317628
    }, {
      "x" : 5.795085,
      "y" : 3.8315594,
      "z" : -9.626644
    } ],
    "faces" : [ {
      "vertices" : [ 0, 1, 2 ]
    }, {
      "vertices" : [ 0, 2, 3 ]
    }, {
      "vertices" : [ 0, 3, 4 ]
    }, {
      "vertices" : [ 0, 4, 3 ]
    }, {
      "vertices" : [ 0, 3, 2 ]
    }, {
      "vertices" : [ 0, 2, 1 ]
    } ]
  }, {
    "id" : "773f67d6-0365-4f04-be8d-8b1e9316f579",
    "vertices" : [ {
      "x" : -7.663119,
      "y" : 8.972136,
      "z" : -1.309017
    }, {
      "x" : -8.972136,
      "y" : 7.663119,
      "z" : -1.309017
    }, {
      "x" : -8.972136,
      "y" : 7.663119,
      "z" : 1.309017
    }, {
      "x" : -7.663119,
      "y" : 8.972136,
      "z" : 1.309017
    } ],
    "faces" : [ {
      "vertices" : [ 0, 1, 2 ]
    }, {
      "vertices" : [ 0, 2, 3 ]
    }, {
      "vertices" : [ 0, 3, 2 ]
    }, {
      "vertices" : [ 0, 2, 1 ]
    } ]
  }, {
    "id" : "809b877a-dc44-49ba-8e4d-89c3dff75644",
    "vertices" : [ {
      "x" : -0.25,
      "y" : 1.7135255,
      "z" : -11.7446785
    }, {
      "x" : -0.25,
      "y" : -1.7135255,
      "z" : -11.7446785
    }, {
      "x" : -2.7725425,
      "y" : -1.059017,
      "z" : -11.4946785
    }, {
      "x" : -2.7725425,
      "y" : 1.059017,
      "z" : -11.4946785
    } ],
    "faces" : [ {
      "vertices" : [ 0, 1, 2 ]
    }, {
      "vertices" : [ 0, 2, 3 ]
    }, {
      "vertices" : [ 0, 3, 2 ]
    }, {
      "vertices" : [ 0, 2, 1 ]
    } ]
  }, {
    "id" : "0bced1c7-81e3-4e44-9344-b4924bffdfeb",
    "vertices" : [ {
      "x" : 11.09017,
      "y" : -4.236068,
      "z" : 0.0
    }, {
      "x" : 11.4946785,
      "y" : -2.7725425,
      "z" : 1.059017
    }, {
      "x" : 10.685661,
      "y" : -4.0815597,
      "z" : 3.177051
    }, {
      "x" : 10.281153,
      "y" : -5.545085,
      "z" : 2.118034
    } ],
    "faces" : [ {
      "vertices" : [ 0, 1, 2 ]
    }, {
      "vertices" : [ 0, 2, 3 ]
    }, {
      "vertices" : [ 0, 3, 2 ]
    }, {
      "vertices" : [ 0, 2, 1 ]
    } ]
  }, {
    "id" : "7c08cc5b-d004-4c17-889c-86d151f918ca",
    "vertices" : [ {
      "x" : 5.795085,
      "y" : -3.8315594,
      "z" : 9.626644
    }, {
      "x" : 5.1405764,
      "y" : -6.1995935,
      "z" : 8.722136
    }, {
      "x" : 6.854102,
      "y" : -6.854102,
      "z" : 6.854102
    }, {
      "x" : 8.567628,
      "y" : -4.8905764,
      "z" : 6.604102
    }, {
      "x" : 7.913119,
      "y" : -3.0225425,
      "z" : 8.317628
    } ],
    "faces" : [ {
      "vertices" : [ 0, 1, 2 ]
    }, {
      "vertices" : [ 0, 2, 3 ]
    }, {
      "vertices" : [ 0, 3, 4 ]
    }, {
      "vertices" : [ 0, 4, 3 ]
    }, {
      "vertices" : [ 0, 3, 2 ]
    }, {
      "vertices" : [ 0, 2, 1 ]
    } ]
  }, {
    "id" : "9dc42258-ac3d-4496-86ad-77fddb65eafc",
    "vertices" : [ {
      "x" : -1.309017,
      "y" : -8.972136,
      "z" : -7.663119
    }, {
      "x" : -3.0225425,
      "y" : -8.317628,
      "z" : -7.913119
    }, {
      "x" : -1.309017,
      "y" : -7.663119,
      "z" : -8.972136
    } ],
    "faces" : [ {
      "vertices" : [ 0, 1, 2 ]
    }, {
      "vertices" : [ 0, 2, 1 ]
    } ]
  }, {
    "id" : "32350c18-9336-4fae-95cc-b2f7caab8e89",
    "vertices" : [ {
      "x" : 11.09017,
      "y" : 0.0,
      "z" : 4.236068
    }, {
      "x" : 11.7446785,
      "y" : -0.25,
      "z" : 1.7135255
    }, {
      "x" : 11.7446785,
      "y" : 0.25,
      "z" : 1.7135255
    } ],
    "faces" : [ {
      "vertices" : [ 0, 1, 2 ]
    }, {
      "vertices" : [ 0, 2, 1 ]
    } ]
  }, {
    "id" : "c6fcf88d-c427-405d-8099-0a082e7ea992",
    "vertices" : [ {
      "x" : 11.09017,
      "y" : 0.0,
      "z" : -4.236068
    }, {
      "x" : 10.281153,
      "y" : 2.118034,
      "z" : -5.545085
    }, {
      "x" : 10.435661,
      "y" : 2.368034,
      "z" : -5.1405764
    } ],
    "faces" : [ {
      "vertices" : [ 0, 1, 2 ]
    }, {
      "vertices" : [ 0, 2, 1 ]
    } ]
  }, {
    "id" : "88ad3bd5-1f03-4885-be9c-5ac6a2eebbe9",
    "vertices" : [ {
      "x" : 8.567628,
      "y" : 4.8905764,
      "z" : 6.604102
    }, {
      "x" : 7.913119,
      "y" : 3.0225425,
      "z" : 8.317628
    }, {
      "x" : 8.972136,
      "y" : 1.309017,
      "z" : 7.663119
    }, {
      "x" : 10.281153,
      "y" : 2.118034,
      "z" : 5.545085
    } ],
    "faces" : [ {
      "vertices" : [ 0, 1, 2 ]
    }, {
      "vertices" : [ 0, 2, 3 ]
    }, {
      "vertices" : [ 0, 3, 2 ]
    }, {
      "vertices" : [ 0, 2, 1 ]
    } ]
  }, {
    "id" : "08743b85-49cd-431b-98d6-d81339aea999",
    "vertices" : [ {
      "x" : -1.309017,
      "y" : 7.663119,
      "z" : -8.972136
    }, {
      "x" : -3.0225425,
      "y" : 8.317628,
      "z" : -7.913119
    }, {
      "x" : -1.309017,
      "y" : 8.972136,
      "z" : -7.663119
    } ],
    "faces" : [ {
      "vertices" : [ 0, 1, 2 ]
    }, {
      "vertices" : [ 0, 2, 1 ]
    } ]
  }, {
    "id" : "de6dbf0b-e79c-4471-8acc-dc9c2ad4ce01",
    "vertices" : [ {
      "x" : 2.118034,
      "y" : -5.545085,
      "z" : 10.281153
    }, {
      "x" : 1.309017,
      "y" : -7.663119,
      "z" : 8.972136
    }, {
      "x" : 3.0225425,
      "y" : -8.317628,
      "z" : 7.913119
    }, {
      "x" : 4.8905764,
      "y" : -6.604102,
      "z" : 8.567628
    } ],
    "faces" : [ {
      "vertices" : [ 0, 1, 2 ]
    }, {
      "vertices" : [ 0, 2, 3 ]
    }, {
      "vertices" : [ 0, 3, 2 ]
    }, {
      "vertices" : [ 0, 2, 1 ]
    } ]
  }, {
    "id" : "6d310f38-640f-4859-884b-541ab7caacf5",
    "vertices" : [ {
      "x" : -5.1405764,
      "y" : -10.435661,
      "z" : -2.368034
    }, {
      "x" : -6.1995935,
      "y" : -8.722136,
      "z" : -5.1405764
    }, {
      "x" : -3.8315594,
      "y" : -9.626644,
      "z" : -5.795085
    }, {
      "x" : -3.177051,
      "y" : -10.685661,
      "z" : -4.0815597
    } ],
    "faces" : [ {
      "vertices" : [ 0, 1, 2 ]
    }, {
      "vertices" : [ 0, 2, 3 ]
    }, {
      "vertices" : [ 0, 3, 2 ]
    }, {
      "vertices" : [ 0, 2, 1 ]
    } ]
  }, {
    "id" : "0f2f13ce-c018-4fb5-a6b7-65f127a638e6",
    "vertices" : [ {
      "x" : 1.309017,
      "y" : -8.972136,
      "z" : -7.663119
    }, {
      "x" : 1.309017,
      "y" : -7.663119,
      "z" : -8.972136
    }, {
      "x" : 3.0225425,
      "y" : -8.317628,
      "z" : -7.913119
    } ],
    "faces" : [ {
      "vertices" : [ 0, 1, 2 ]
    }, {
      "vertices" : [ 0, 2, 1 ]
    } ]
  }, {
    "id" : "26eb3f74-c8c1-4165-8d3e-aecaa36145ff",
    "vertices" : [ {
      "x" : -2.118034,
      "y" : -5.545085,
      "z" : -10.281153
    }, {
      "x" : -2.368034,
      "y" : -5.1405764,
      "z" : -10.435661
    }, {
      "x" : 0.0,
      "y" : -4.236068,
      "z" : -11.09017
    } ],
    "faces" : [ {
      "vertices" : [ 0, 1, 2 ]
    }, {
      "vertices" : [ 0, 2, 1 ]
    } ]
  }, {
    "id" : "ec242aa8-2e1b-4276-9d44-6a63f92dd008",
    "vertices" : [ {
      "x" : -2.118034,
      "y" : -10.281153,
      "z" : -5.545085
    }, {
      "x" : 0.0,
      "y" : -11.09017,
      "z" : -4.236068
    }, {
      "x" : -1.059017,
      "y" : -11.4946785,
      "z" : -2.7725425
    }, {
      "x" : -3.177051,
      "y" : -10.685661,
      "z" : -4.0815597
    } ],
    "faces" : [ {
      "vertices" : [ 0, 1, 2 ]
    }, {
      "vertices" : [ 0, 2, 3 ]
    }, {
      "vertices" : [ 0, 3, 2 ]
    }, {
      "vertices" : [ 0, 2, 1 ]
    } ]
  }, {
    "id" : "778c4135-6dcb-4659-908d-5bae83f513bd",
    "vertices" : [ {
      "x" : 5.795085,
      "y" : -3.8315594,
      "z" : 9.626644
    }, {
      "x" : 4.0815597,
      "y" : -3.177051,
      "z" : 10.685661
    }, {
      "x" : 2.368034,
      "y" : -5.1405764,
      "z" : 10.435661
    }, {
      "x" : 5.1405764,
      "y" : -6.1995935,
      "z" : 8.722136
    } ],
    "faces" : [ {
      "vertices" : [ 0, 1, 2 ]
    }, {
      "vertices" : [ 0, 2, 3 ]
    }, {
      "vertices" : [ 0, 3, 2 ]
    }, {
      "vertices" : [ 0, 2, 1 ]
    } ]
  }, {
    "id" : "4d2386ee-c2ba-427c-8a0c-f7eab1e137da",
    "vertices" : [ {
      "x" : -6.854102,
      "y" : -6.854102,
      "z" : 6.854102
    }, {
      "x" : -5.1405764,
      "y" : -6.1995935,
      "z" : 8.722136
    }, {
      "x" : -5.795085,
      "y" : -3.8315594,
      "z" : 9.626644
    }, {
      "x" : -7.913119,
      "y" : -3.0225425,
      "z" : 8.317628
    }, {
      "x" : -8.567628,
      "y" : -4.8905764,
      "z" : 6.604102
    } ],
    "faces" : [ {
      "vertices" : [ 0, 1, 2 ]
    }, {
      "vertices" : [ 0, 2, 3 ]
    }, {
      "vertices" : [ 0, 3, 4 ]
    }, {
      "vertices" : [ 0, 4, 3 ]
    }, {
      "vertices" : [ 0, 3, 2 ]
    }, {
      "vertices" : [ 0, 2, 1 ]
    } ]
  }, {
    "id" : "b36fa88f-aea4-4eb2-a509-96fa220d5822",
    "vertices" : [ {
      "x" : -2.118034,
      "y" : -5.545085,
      "z" : -10.281153
    }, {
      "x" : -1.309017,
      "y" : -7.663119,
      "z" : -8.972136
    }, {
      "x" : -3.0225425,
      "y" : -8.317628,
      "z" : -7.913119
    }, {
      "x" : -4.8905764,
      "y" : -6.604102,
      "z" : -8.567628
    } ],
    "faces" : [ {
      "vertices" : [ 0, 1, 2 ]
    }, {
      "vertices" : [ 0, 2, 3 ]
    }, {
      "vertices" : [ 0, 3, 2 ]
    }, {
      "vertices" : [ 0, 2, 1 ]
    } ]
  }, {
    "id" : "9dc240d7-c47b-4d38-8d14-81ea21294465",
    "vertices" : [ {
      "x" : 6.854102,
      "y" : 6.854102,
      "z" : 6.854102
    }, {
      "x" : 4.8905764,
      "y" : 6.604102,
      "z" : 8.567628
    }, {
      "x" : 5.1405764,
      "y" : 6.1995935,
      "z" : 8.722136
    } ],
    "faces" : [ {
      "vertices" : [ 0, 1, 2 ]
    }, {
      "vertices" : [ 0, 2, 1 ]
    } ]
  }, {
    "id" : "7ebb2f38-014b-4c73-8724-eb54a9afa994",
    "vertices" : [ {
      "x" : 0.0,
      "y" : -11.09017,
      "z" : 4.236068
    }, {
      "x" : 1.059017,
      "y" : -11.4946785,
      "z" : 2.7725425
    }, {
      "x" : 3.177051,
      "y" : -10.685661,
      "z" : 4.0815597
    }, {
      "x" : 2.118034,
      "y" : -10.281153,
      "z" : 5.545085
    } ],
    "faces" : [ {
      "vertices" : [ 0, 1, 2 ]
    }, {
      "vertices" : [ 0, 2, 3 ]
    }, {
      "vertices" : [ 0, 3, 2 ]
    }, {
      "vertices" : [ 0, 2, 1 ]
    } ]
  }, {
    "id" : "219ad7d0-ffec-4521-8d62-386e8e75d87b",
    "vertices" : [ {
      "x" : 2.7725425,
      "y" : 1.059017,
      "z" : 11.4946785
    }, {
      "x" : 0.25,
      "y" : 1.7135255,
      "z" : 11.7446785
    }, {
      "x" : 0.25,
      "y" : -1.7135255,
      "z" : 11.7446785
    }, {
      "x" : 2.7725425,
      "y" : -1.059017,
      "z" : 11.4946785
    } ],
    "faces" : [ {
      "vertices" : [ 0, 1, 2 ]
    }, {
      "vertices" : [ 0, 2, 3 ]
    }, {
      "vertices" : [ 0, 3, 2 ]
    }, {
      "vertices" : [ 0, 2, 1 ]
    } ]
  }, {
    "id" : "0eddc059-edcc-4cc0-96fe-c6d36281a2dc",
    "vertices" : [ {
      "x" : 10.281153,
      "y" : -2.118034,
      "z" : 5.545085
    }, {
      "x" : 11.09017,
      "y" : 0.0,
      "z" : 4.236068
    }, {
      "x" : 10.281153,
      "y" : 2.118034,
      "z" : 5.545085
    }, {
      "x" : 8.972136,
      "y" : 1.309017,
      "z" : 7.663119
    }, {
      "x" : 8.972136,
      "y" : -1.309017,
      "z" : 7.663119
    } ],
    "faces" : [ {
      "vertices" : [ 0, 1, 2 ]
    }, {
      "vertices" : [ 0, 2, 3 ]
    }, {
      "vertices" : [ 0, 3, 4 ]
    }, {
      "vertices" : [ 0, 4, 3 ]
    }, {
      "vertices" : [ 0, 3, 2 ]
    }, {
      "vertices" : [ 0, 2, 1 ]
    } ]
  }, {
    "id" : "acaff2d9-1a69-4358-aa08-152bc1b924ef",
    "vertices" : [ {
      "x" : 1.309017,
      "y" : 8.972136,
      "z" : -7.663119
    }, {
      "x" : 1.309017,
      "y" : 7.663119,
      "z" : -8.972136
    }, {
      "x" : -1.309017,
      "y" : 7.663119,
      "z" : -8.972136
    }, {
      "x" : -1.309017,
      "y" : 8.972136,
      "z" : -7.663119
    } ],
    "faces" : [ {
      "vertices" : [ 0, 1, 2 ]
    }, {
      "vertices" : [ 0, 2, 3 ]
    }, {
      "vertices" : [ 0, 3, 2 ]
    }, {
      "vertices" : [ 0, 2, 1 ]
    } ]
  }, {
    "id" : "b7cf9900-a4b2-48b6-99a7-2384536d3c26",
    "vertices" : [ {
      "x" : -2.368034,
      "y" : 5.1405764,
      "z" : 10.435661
    }, {
      "x" : -4.0815597,
      "y" : 3.177051,
      "z" : 10.685661
    }, {
      "x" : -2.7725425,
      "y" : 1.059017,
      "z" : 11.4946785
    }, {
      "x" : -0.25,
      "y" : 1.7135255,
      "z" : 11.7446785
    }, {
      "x" : 0.0,
      "y" : 4.236068,
      "z" : 11.09017
    } ],
    "faces" : [ {
      "vertices" : [ 0, 1, 2 ]
    }, {
      "vertices" : [ 0, 2, 3 ]
    }, {
      "vertices" : [ 0, 3, 4 ]
    }, {
      "vertices" : [ 0, 4, 3 ]
    }, {
      "vertices" : [ 0, 3, 2 ]
    }, {
      "vertices" : [ 0, 2, 1 ]
    } ]
  }, {
    "id" : "4dc54668-7c37-49e3-9b4a-89b8564c1b6f",
    "vertices" : [ {
      "x" : -7.663119,
      "y" : -8.972136,
      "z" : -1.309017
    }, {
      "x" : -8.972136,
      "y" : -7.663119,
      "z" : -1.309017
    }, {
      "x" : -8.317628,
      "y" : -7.913119,
      "z" : -3.0225425
    } ],
    "faces" : [ {
      "vertices" : [ 0, 1, 2 ]
    }, {
      "vertices" : [ 0, 2, 1 ]
    } ]
  }, {
    "id" : "62d3bdbc-1042-43bc-99cd-1388f14bbf64",
    "vertices" : [ {
      "x" : -5.545085,
      "y" : 10.281153,
      "z" : -2.118034
    }, {
      "x" : -7.663119,
      "y" : 8.972136,
      "z" : -1.309017
