{
  "field" : "golden",
  "symmetry" : "icosahedral",
  "orientations" : [ [ 1.0, 0.0, 0.0, 0.0, 0.0, 1.0, 0.0, 0.0, 0.0, 0.0, 1.0, 0.0, 0.0, 0.0, 0.0, 1.0 ], [ 0.0, 0.0, 1.0, 0.0, 1.0, 0.0, 0.0, 0.0, 0.0, 1.0, 0.0, 0.0, 0.0, 0.0, 0.0, 1.0 ], [ 0.0, 1.0, 0.0, 0.0, 0.0, 0.0, 1.0, 0.0, 1.0, 0.0, 0.0, 0.0, 0.0, 0.0, 0.0, 1.0 ], [ 0.809017, 0.309017, 0.5, 0.0, 0.309017, 0.5, -0.809017, 0.0, -0.5, 0.809017, 0.309017, 0.0, 0.0, 0.0, 0.0, 1.0 ], [ -0.5, 0.809017, 0.309017, 0.0, 0.809017, 0.309017, 0.5, 0.0, 0.309017, 0.5, -0.809017, 0.0, 0.0, 0.0, 0.0, 1.0 ], [ 0.309017, 0.5, -0.809017, 0.0, -0.5, 0.809017, 0.309017, 0.0, 0.809017, 0.309017, 0.5, 0.0, 0.0, 0.0, 0.0, 1.0 ], [ 0.5, 0.809017, 0.309017, 0.0, 0.809017, -0.309017, -0.5, 0.0, -0.309017, 0.5, -0.809017, 0.0, 0.0, 0.0, 0.0, 1.0 ], [ -0.309017, 0.5, -0.809017, 0.0, 0.5, 0.809017, 0.309017, 0.0, 0.809017, -0.309017, -0.5, 0.0, 0.0, 0.0, 0.0, 1.0 ], [ 0.809017, -0.309017, -0.5, 0.0, -0.309017, 0.5, -0.809017, 0.0, 0.5, 0.809017, 0.309017, 0.0, 0.0, 0.0, 0.0, 1.0 ], [ 0.5, 0.809017, -0.309017, 0.0, 0.809017, -0.309017, 0.5, 0.0, 0.309017, -0.5, -0.809017, 0.0, 0.0, 0.0, 0.0, 1.0 ], [ 0.309017, -0.5, -0.809017, 0.0, 0.5, 0.809017, -0.309017, 0.0, 0.809017, -0.309017, 0.5, 0.0, 0.0, 0.0, 0.0, 1.0 ], [ 0.809017, -0.309017, 0.5, 0.0, 0.309017, -0.5, -0.809017, 0.0, 0.5, 0.809017, -0.309017, 0.0, 0.0, 0.0, 0.0, 1.0 ], [ 0.809017, 0.309017, -0.5, 0.0, 0.309017, 0.5, 0.809017, 0.0, 0.5, -0.809017, 0.309017, 0.0, 0.0, 0.0, 0.0, 1.0 ], [ 0.5, -0.809017, 0.309017, 0.0, 0.809017, 0.309017, -0.5, 0.0, 0.309017, 0.5, 0.809017, 0.0, 0.0, 0.0, 0.0, 1.0 ], [ 0.309017, 0.5, 0.809017, 0.0, 0.5, -0.809017, 0.309017, 0.0, 0.809017, 0.309017, -0.5, 0.0, 0.0, 0.0, 0.0, 1.0 ], [ 1.0, 0.0, 0.0, 0.0, 0.0, -1.0, 0.0, 0.0, 0.0, 0.0, -1.0, 0.0, 0.0, 0.0, 0.0, 1.0 ], [ 0.0, 0.0, 1.0, 0.0, -1.0, 0.0, 0.0, 0.0, 0.0, -1.0, 0.0, 0.0, 0.0, 0.0, 0.0, 1.0 ], [ 0.0, 1.0, 0.0, 0.0, 0.0, 0.0, -1.0, 0.0, -1.0, 0.0, 0.0, 0.0, 0.0, 0.0, 0.0, 1.0 ], [ 0.809017, 0.309017, 0.5, 0.0, -0.309017, -0.5, 0.809017, 0.0, 0.5, -0.809017, -0.309017, 0.0, 0.0, 0.0, 0.0, 1.0 ], [ -0.5, 0.809017, 0.309017, 0.0, -0.809017, -0.309017, -0.5, 0.0, -0.309017, -0.5, 0.809017, 0.0, 0.0, 0.0, 0.0, 1.0 ], [ 0.309017, 0.5, -0.809017, 0.0, 0.5, -0.809017, -0.309017, 0.0, -0.809017, -0.309017, -0.5, 0.0, 0.0, 0.0, 0.0, 1.0 ], [ 0.5, 0.809017, 0.309017, 0.0, -0.809017, 0.309017, 0.5, 0.0, 0.309017, -0.5, 0.809017, 0.0, 0.0, 0.0, 0.0, 1.0 ], [ -0.309017, 0.5, -0.809017, 0.0, -0.5, -0.809017, -0.309017, 0.0, -0.809017, 0.309017, 0.5, 0.0, 0.0, 0.0, 0.0, 1.0 ], [ 0.809017, -0.309017, -0.5, 0.0, 0.309017, -0.5, 0.809017, 0.0, -0.5, -0.809017, -0.309017, 0.0, 0.0, 0.0, 0.0, 1.0 ], [ 0.5, 0.809017, -0.309017, 0.0, -0.809017, 0.309017, -0.5, 0.0, -0.309017, 0.5, 0.809017, 0.0, 0.0, 0.0, 0.0, 1.0 ], [ 0.309017, -0.5, -0.809017, 0.0, -0.5, -0.809017, 0.309017, 0.0, -0.809017, 0.309017, -0.5, 0.0, 0.0, 0.0, 0.0, 1.0 ], [ 0.809017, -0.309017, 0.5, 0.0, -0.309017, 0.5, 0.809017, 0.0, -0.5, -0.809017, 0.309017, 0.0, 0.0, 0.0, 0.0, 1.0 ], [ 0.809017, 0.309017, -0.5, 0.0, -0.309017, -0.5, -0.809017, 0.0, -0.5, 0.809017, -0.309017, 0.0, 0.0, 0.0, 0.0, 1.0 ], [ 0.5, -0.809017, 0.309017, 0.0, -0.809017, -0.309017, 0.5, 0.0, -0.309017, -0.5, -0.809017, 0.0, 0.0, 0.0, 0.0, 1.0 ], [ 0.309017, 0.5, 0.809017, 0.0, -0.5, 0.809017, -0.309017, 0.0, -0.809017, -0.309017, 0.5, 0.0, 0.0, 0.0, 0.0, 1.0 ], [ -1.0, 0.0, 0.0, 0.0, 0.0, -1.0, 0.0, 0.0, 0.0, 0.0, 1.0, 0.0, 0.0, 0.0, 0.0, 1.0 ], [ 0.0, 0.0, -1.0, 0.0, -1.0, 0.0, 0.0, 0.0, 0.0, 1.0, 0.0, 0.0, 0.0, 0.0, 0.0, 1.0 ], [ 0.0, -1.0, 0.0, 0.0, 0.0, 0.0, -1.0, 0.0, 1.0, 0.0, 0.0, 0.0, 0.0, 0.0, 0.0, 1.0 ], [ -0.809017, -0.309017, -0.5, 0.0, -0.309017, -0.5, 0.809017, 0.0, -0.5, 0.809017, 0.309017, 0.0, 0.0, 0.0, 0.0, 1.0 ], [ 0.5, -0.809017, -0.309017, 0.0, -0.809017, -0.309017, -0.5, 0.0, 0.309017, 0.5, -0.809017, 0.0, 0.0, 0.0, 0.0, 1.0 ], [ -0.309017, -0.5, 0.809017, 0.0, 0.5, -0.809017, -0.309017, 0.0, 0.809017, 0.309017, 0.5, 0.0, 0.0, 0.0, 0.0, 1.0 ], [ -0.5, -0.809017, -0.309017, 0.0, -0.809017, 0.309017, 0.5, 0.0, -0.309017, 0.5, -0.809017, 0.0, 0.0, 0.0, 0.0, 1.0 ], [ 0.309017, -0.5, 0.809017, 0.0, -0.5, -0.809017, -0.309017, 0.0, 0.809017, -0.309017, -0.5, 0.0, 0.0, 0.0, 0.0, 1.0 ], [ -0.809017, 0.309017, 0.5, 0.0, 0.309017, -0.5, 0.809017, 0.0, 0.5, 0.809017, 0.309017, 0.0, 0.0, 0.0, 0.0, 1.0 ], [ -0.5, -0.809017, 0.309017, 0.0, -0.809017, 0.309017, -0.5, 0.0, 0.309017, -0.5, -0.809017, 0.0, 0.0, 0.0, 0.0, 1.0 ], [ -0.309017, 0.5, 0.809017, 0.0, -0.5, -0.809017, 0.309017, 0.0, 0.809017, -0.309017, 0.5, 0.0, 0.0, 0.0, 0.0, 1.0 ], [ -0.809017, 0.309017, -0.5, 0.0, -0.309017, 0.5, 0.809017, 0.0, 0.5, 0.809017, -0.309017, 0.0, 0.0, 0.0, 0.0, 1.0 ], [ -0.809017, -0.309017, 0.5, 0.0, -0.309017, -0.5, -0.809017, 0.0, 0.5, -0.809017, 0.309017, 0.0, 0.0, 0.0, 0.0, 1.0 ], [ -0.5, 0.809017, -0.309017, 0.0, -0.809017, -0.309017, 0.5, 0.0, 0.309017, 0.5, 0.809017, 0.0, 0.0, 0.0, 0.0, 1.0 ], [ -0.309017, -0.5, -0.809017, 0.0, -0.5, 0.809017, -0.309017, 0.0, 0.809017, 0.309017, -0.5, 0.0, 0.0, 0.0, 0.0, 1.0 ], [ -1.0, 0.0, 0.0, 0.0, 0.0, 1.0, 0.0, 0.0, 0.0, 0.0, -1.0, 0.0, 0.0, 0.0, 0.0, 1.0 ], [ 0.0, 0.0, -1.0, 0.0, 1.0, 0.0, 0.0, 0.0, 0.0, -1.0, 0.0, 0.0, 0.0, 0.0, 0.0, 1.0 ], [ 0.0, -1.0, 0.0, 0.0, 0.0, 0.0, 1.0, 0.0, -1.0, 0.0, 0.0, 0.0, 0.0, 0.0, 0.0, 1.0 ], [ -0.809017, -0.309017, -0.5, 0.0, 0.309017, 0.5, -0.809017, 0.0, 0.5, -0.809017, -0.309017, 0.0, 0.0, 0.0, 0.0, 1.0 ], [ 0.5, -0.809017, -0.309017, 0.0, 0.809017, 0.309017, 0.5, 0.0, -0.309017, -0.5, 0.809017, 0.0, 0.0, 0.0, 0.0, 1.0 ], [ -0.309017, -0.5, 0.809017, 0.0, -0.5, 0.809017, 0.309017, 0.0, -0.809017, -0.309017, -0.5, 0.0, 0.0, 0.0, 0.0, 1.0 ], [ -0.5, -0.809017, -0.309017, 0.0, 0.809017, -0.309017, -0.5, 0.0, 0.309017, -0.5, 0.809017, 0.0, 0.0, 0.0, 0.0, 1.0 ], [ 0.309017, -0.5, 0.809017, 0.0, 0.5, 0.809017, 0.309017, 0.0, -0.809017, 0.309017, 0.5, 0.0, 0.0, 0.0, 0.0, 1.0 ], [ -0.809017, 0.309017, 0.5, 0.0, -0.309017, 0.5, -0.809017, 0.0, -0.5, -0.809017, -0.309017, 0.0, 0.0, 0.0, 0.0, 1.0 ], [ -0.5, -0.809017, 0.309017, 0.0, 0.809017, -0.309017, 0.5, 0.0, -0.309017, 0.5, 0.809017, 0.0, 0.0, 0.0, 0.0, 1.0 ], [ -0.309017, 0.5, 0.809017, 0.0, 0.5, 0.809017, -0.309017, 0.0, -0.809017, 0.309017, -0.5, 0.0, 0.0, 0.0, 0.0, 1.0 ], [ -0.809017, 0.309017, -0.5, 0.0, 0.309017, -0.5, -0.809017, 0.0, -0.5, -0.809017, 0.309017, 0.0, 0.0, 0.0, 0.0, 1.0 ], [ -0.809017, -0.309017, 0.5, 0.0, 0.309017, 0.5, 0.809017, 0.0, -0.5, 0.809017, -0.309017, 0.0, 0.0, 0.0, 0.0, 1.0 ], [ -0.5, 0.809017, -0.309017, 0.0, 0.809017, 0.309017, -0.5, 0.0, -0.309017, -0.5, -0.809017, 0.0, 0.0, 0.0, 0.0, 1.0 ], [ -0.309017, -0.5, -0.809017, 0.0, 0.5, -0.809017, 0.309017, 0.0, -0.809017, -0.309017, 0.5, 0.0, 0.0, 0.0, 0.0, 1.0 ] ],
  "lights" : {
    "ambientColor" : "#292929",
    "backgroundColor" : "#E0EFFF",
    "directionalLights" : [ {
      "direction" : {
        "x" : 1.0,
        "y" : -1.0,
        "z" : -1.0
      },
      "color" : "#EBEBE4"
    }, {
      "direction" : {
        "x" : -1.0,
        "y" : 0.0,
        "z" : 0.0
      },
      "color" : "#E4E4EB"
    }, {
      "direction" : {
        "x" : 0.0,
        "y" : 0.0,
        "z" : -1.0
      },
      "color" : "#1E1E1E"
    } ]
  },
  "camera" : {
    "lookDirection" : {
      "x" : 0.0,
      "y" : 0.0,
      "z" : -1.0
    },
    "upDirection" : {
      "x" : 0.0,
      "y" : 1.0,
      "z" : 0.0
    },
    "lookAtPoint" : {
      "x" : 0.0,
      "y" : 0.0,
      "z" : 0.0
    },
    "perspective" : false,
    "viewDistance" : 179.26756,
    "nearClipDistance" : 0.44816896,
    "farClipDistance" : 358.53445,
    "fieldOfView" : 0.4426285,
    "stereo" : false,
    "width" : 80.670334,
    "position" : {
      "x" : 0.0,
      "y" : 0.0,
      "z" : 179.26756
    }
  },
  "embedding" : [ 1.0, 0.0, 0.0, 0.0, 0.0, 1.0, 0.0, 0.0, 0.0, 0.0, 1.0, 0.0, 0.0, 0.0, 0.0, 1.0 ],
  "shapes" : [ {
    "id" : "8118624c-262b-45c2-b60a-2756f64894ae",
    "vertices" : [ {
      "x" : 6.972136,
      "y" : 1.5,
      "z" : -0.5
    }, {
      "x" : 1.190983,
      "y" : 0.0,
      "z" : 0.072949015
    }, {
      "x" : 1.190983,
      "y" : 0.0,
      "z" : -0.309017
    }, {
      "x" : 6.972136,
      "y" : 1.5,
      "z" : -0.881966
    }, {
      "x" : 7.708204,
      "y" : 2.0,
      "z" : -0.76393205
    }, {
      "x" : 1.190983,
      "y" : 0.618034,
      "z" : -0.309017
    }, {
      "x" : 6.972136,
      "y" : 2.118034,
      "z" : -0.881966
    }, {
      "x" : 6.972136,
      "y" : 2.118034,
      "z" : -0.5
    }, {
      "x" : 1.190983,
      "y" : 0.618034,
      "z" : 0.072949015
    }, {
      "x" : 0.45491502,
      "y" : 0.11803399,
      "z" : -0.045084972
    }, {
      "x" : 8.163119,
      "y" : 2.118034,
      "z" : -0.809017
    } ],
    "faces" : [ {
      "vertices" : [ 2, 5, 6 ]
    }, {
      "vertices" : [ 2, 6, 3 ]
    }, {
      "vertices" : [ 0, 7, 8 ]
    }, {
      "vertices" : [ 0, 8, 1 ]
    }, {
      "vertices" : [ 2, 9, 5 ]
    }, {
      "vertices" : [ 4, 6, 7 ]
    }, {
      "vertices" : [ 1, 8, 9 ]
    }, {
      "vertices" : [ 0, 1, 2 ]
    }, {
      "vertices" : [ 0, 2, 3 ]
    }, {
      "vertices" : [ 5, 9, 8 ]
    }, {
      "vertices" : [ 0, 3, 4 ]
    }, {
      "vertices" : [ 5, 8, 7 ]
    }, {
      "vertices" : [ 5, 7, 6 ]
    }, {
      "vertices" : [ 0, 4, 7 ]
    }, {
      "vertices" : [ 1, 9, 2 ]
    }, {
      "vertices" : [ 3, 6, 4 ]
    } ]
  }, {
    "id" : "06fc16d6-75b7-40e9-a01d-46d34f4c2e8d",
    "vertices" : [ {
      "x" : 0.309017,
      "y" : -0.309017,
      "z" : -0.309017
    }, {
      "x" : 0.5,
      "y" : 0.0,
      "z" : -0.19098301
    }, {
      "x" : 0.5,
      "y" : 0.0,
      "z" : 0.19098301
    }, {
      "x" : 0.309017,
      "y" : -0.309017,
      "z" : 0.309017
    }, {
      "x" : 0.19098301,
      "y" : -0.5,
      "z" : 0.0
    }, {
      "x" : 0.0,
      "y" : 0.19098301,
      "z" : 0.5
    }, {
      "x" : 0.0,
      "y" : -0.19098301,
      "z" : 0.5
    }, {
      "x" : 0.309017,
      "y" : 0.309017,
      "z" : 0.309017
    }, {
      "x" : -0.309017,
      "y" : -0.309017,
      "z" : 0.309017
    }, {
      "x" : -0.309017,
      "y" : 0.309017,
      "z" : 0.309017
    }, {
      "x" : -0.5,
      "y" : 0.0,
      "z" : 0.19098301
    }, {
      "x" : 0.0,
      "y" : -0.19098301,
      "z" : -0.5
    }, {
      "x" : 0.0,
      "y" : 0.19098301,
      "z" : -0.5
    }, {
      "x" : 0.309017,
      "y" : 0.309017,
      "z" : -0.309017
    }, {
      "x" : -0.309017,
      "y" : -0.309017,
      "z" : -0.309017
    }, {
      "x" : -0.19098301,
      "y" : -0.5,
      "z" : 0.0
    }, {
      "x" : -0.5,
      "y" : 0.0,
      "z" : -0.19098301
    }, {
      "x" : 0.19098301,
      "y" : 0.5,
      "z" : 0.0
    }, {
      "x" : -0.309017,
      "y" : 0.309017,
      "z" : -0.309017
    }, {
      "x" : 0.0,
      "y" : 0.0,
      "z" : 0.0
    }, {
      "x" : -0.19098301,
      "y" : 0.5,
      "z" : 0.0
    } ],
    "faces" : [ {
      "vertices" : [ 12, 18, 20 ]
    }, {
      "vertices" : [ 12, 20, 17 ]
    }, {
      "vertices" : [ 12, 17, 13 ]
    }, {
      "vertices" : [ 3, 6, 8 ]
    }, {
      "vertices" : [ 3, 8, 15 ]
    }, {
      "vertices" : [ 3, 15, 4 ]
    }, {
      "vertices" : [ 0, 11, 12 ]
    }, {
      "vertices" : [ 0, 12, 13 ]
    }, {
      "vertices" : [ 0, 13, 1 ]
    }, {
      "vertices" : [ 5, 9, 10 ]
    }, {
      "vertices" : [ 5, 10, 8 ]
    }, {
      "vertices" : [ 5, 8, 6 ]
    }, {
      "vertices" : [ 2, 7, 5 ]
    }, {
      "vertices" : [ 2, 5, 6 ]
    }, {
      "vertices" : [ 2, 6, 3 ]
    }, {
      "vertices" : [ 11, 14, 16 ]
    }, {
      "vertices" : [ 11, 16, 18 ]
    }, {
      "vertices" : [ 11, 18, 12 ]
    }, {
      "vertices" : [ 1, 13, 17 ]
    }, {
      "vertices" : [ 1, 17, 7 ]
    }, {
      "vertices" : [ 1, 7, 2 ]
    }, {
      "vertices" : [ 9, 20, 18 ]
    }, {
      "vertices" : [ 9, 18, 16 ]
    }, {
      "vertices" : [ 9, 16, 10 ]
    }, {
      "vertices" : [ 0, 1, 2 ]
    }, {
      "vertices" : [ 0, 2, 3 ]
    }, {
      "vertices" : [ 0, 3, 4 ]
    }, {
      "vertices" : [ 5, 7, 17 ]
    }, {
      "vertices" : [ 5, 17, 20 ]
    }, {
      "vertices" : [ 5, 20, 9 ]
    }, {
      "vertices" : [ 0, 4, 15 ]
    }, {
      "vertices" : [ 0, 15, 14 ]
    }, {
      "vertices" : [ 0, 14, 11 ]
    }, {
      "vertices" : [ 8, 10, 16 ]
    }, {
      "vertices" : [ 8, 16, 14 ]
    }, {
      "vertices" : [ 8, 14, 15 ]
    } ]
  }, {
    "id" : "0dc68c53-69e6-472a-8647-752301ce58df",
    "vertices" : [ {
      "x" : 6.854102,
      "y" : -11.09017,
      "z" : -13.708204
    }, {
      "x" : 11.09017,
      "y" : -13.708204,
      "z" : -6.854102
    }, {
      "x" : 13.708204,
      "y" : -6.854102,
      "z" : -11.09017
    } ],
    "faces" : [ {
      "vertices" : [ 0, 1, 2 ]
    }, {
      "vertices" : [ 0, 2, 1 ]
    } ]
  }, {
    "id" : "a12478cf-6c71-49be-90f3-ae6d54e1a37f",
    "vertices" : [ {
      "x" : 6.854102,
      "y" : 11.09017,
      "z" : 13.708204
    }, {
      "x" : 11.09017,
      "y" : 13.708204,
      "z" : 6.854102
    }, {
      "x" : 13.708204,
      "y" : 6.854102,
      "z" : 11.09017
    } ],
    "faces" : [ {
      "vertices" : [ 0, 1, 2 ]
    }, {
      "vertices" : [ 0, 2, 1 ]
    } ]
  }, {
    "id" : "03d7015d-1bee-46ad-952b-a66116135a83",
    "vertices" : [ {
      "x" : 0.0,
      "y" : -6.854102,
      "z" : -16.326239
    }, {
      "x" : 6.854102,
      "y" : -2.618034,
      "z" : -13.708204
    }, {
      "x" : 2.618034,
      "y" : 0.0,
      "z" : -20.562305
    } ],
    "faces" : [ {
      "vertices" : [ 0, 1, 2 ]
    }, {
      "vertices" : [ 0, 2, 1 ]
    } ]
  }, {
    "id" : "6d8af454-7c5f-46e3-b5d6-522e173798cd",
    "vertices" : [ {
      "x" : -6.854102,
      "y" : -11.09017,
      "z" : -13.708204
    }, {
      "x" : -11.09017,
      "y" : -13.708204,
      "z" : -6.854102
    }, {
      "x" : -13.708204,
      "y" : -6.854102,
      "z" : -11.09017
    } ],
    "faces" : [ {
      "vertices" : [ 0, 1, 2 ]
    }, {
      "vertices" : [ 0, 2, 1 ]
    } ]
  }, {
    "id" : "c4677071-3077-41a3-960f-f058f23cbb28",
    "vertices" : [ {
      "x" : 6.854102,
      "y" : -11.09017,
      "z" : 0.0
    }, {
      "x" : 13.708204,
      "y" : -6.854102,
      "z" : -2.618034
    }, {
      "x" : 11.09017,
      "y" : -13.708204,
      "z" : -6.854102
    } ],
    "faces" : [ {
      "vertices" : [ 0, 1, 2 ]
    }, {
      "vertices" : [ 0, 2, 1 ]
    } ]
  }, {
    "id" : "484b4f77-f1cc-478b-8fe4-72e34e6a6b3d",
    "vertices" : [ {
      "x" : 0.0,
      "y" : -6.854102,
      "z" : -16.326239
    }, {
      "x" : -6.854102,
      "y" : -2.618034,
      "z" : -13.708204
    }, {
      "x" : -2.618034,
      "y" : 0.0,
      "z" : -20.562305
    } ],
    "faces" : [ {
      "vertices" : [ 0, 1, 2 ]
    }, {
      "vertices" : [ 0, 2, 1 ]
    } ]
  }, {
    "id" : "0053be65-1b94-40a6-b31c-bf4e8b898328",
    "vertices" : [ {
      "x" : 0.0,
      "y" : -6.854102,
      "z" : 11.09017
    }, {
      "x" : -2.618034,
      "y" : -13.708204,
      "z" : 6.854102
    }, {
      "x" : -6.854102,
      "y" : -11.09017,
      "z" : 13.708204
    } ],
    "faces" : [ {
      "vertices" : [ 0, 1, 2 ]
    }, {
      "vertices" : [ 0, 2, 1 ]
    } ]
  }, {
    "id" : "925c3bfb-ad6e-4071-91a2-2ca0215e35f5",
    "vertices" : [ {
      "x" : -6.854102,
      "y" : 16.326239,
      "z" : 0.0
    }, {
      "x" : -2.618034,
      "y" : 13.708204,
      "z" : -6.854102
    }, {
      "x" : 0.0,
      "y" : 20.562305,
      "z" : -2.618034
    } ],
    "faces" : [ {
      "vertices" : [ 0, 1, 2 ]
    }, {
      "vertices" : [ 0, 2, 1 ]
    } ]
  }, {
    "id" : "784ca804-94b8-45e8-8149-d16104e0aec4",
    "vertices" : [ {
      "x" : 0.0,
      "y" : 6.854102,
      "z" : 11.09017
    }, {
      "x" : -2.618034,
      "y" : 13.708204,
      "z" : 6.854102
    }, {
      "x" : -6.854102,
      "y" : 11.09017,
      "z" : 13.708204
    } ],
    "faces" : [ {
      "vertices" : [ 0, 1, 2 ]
    }, {
      "vertices" : [ 0, 2, 1 ]
    } ]
  }, {
    "id" : "3f6c6e7e-f162-44ce-bac3-3af9585aeab6",
    "vertices" : [ {
      "x" : -11.09017,
      "y" : 0.0,
      "z" : 6.854102
    }, {
      "x" : -6.854102,
      "y" : 2.618034,
      "z" : 13.708204
    }, {
      "x" : -13.708204,
      "y" : 6.854102,
      "z" : 11.09017
    } ],
    "faces" : [ {
      "vertices" : [ 0, 1, 2 ]
    }, {
      "vertices" : [ 0, 2, 1 ]
    } ]
  }, {
    "id" : "0f1b27ac-76ab-4d8b-a7ff-bd179ad11552",
    "vertices" : [ {
      "x" : 11.09017,
      "y" : 0.0,
      "z" : -6.854102
    }, {
      "x" : 13.708204,
      "y" : -6.854102,
      "z" : -2.618034
    }, {
      "x" : 6.854102,
      "y" : -2.618034,
      "z" : 0.0
    } ],
    "faces" : [ {
      "vertices" : [ 0, 1, 2 ]
    }, {
      "vertices" : [ 0, 2, 1 ]
    } ]
  }, {
    "id" : "7120ca85-ccf8-4157-8aa5-fb7dee7f4da9",
    "vertices" : [ {
      "x" : 6.854102,
      "y" : -16.326239,
      "z" : 0.0
    }, {
      "x" : 2.618034,
      "y" : -13.708204,
      "z" : 6.854102
    }, {
      "x" : 0.0,
      "y" : -20.562305,
      "z" : 2.618034
    } ],
    "faces" : [ {
      "vertices" : [ 0, 1, 2 ]
    }, {
      "vertices" : [ 0, 2, 1 ]
    } ]
  }, {
    "id" : "6c30601c-dfe5-4402-91e6-1f7f45eea357",
    "vertices" : [ {
      "x" : -2.618034,
      "y" : 0.0,
      "z" : -6.854102
    }, {
      "x" : 0.0,
      "y" : -6.854102,
      "z" : -2.618034
    }, {
      "x" : -6.854102,
      "y" : -2.618034,
      "z" : 0.0
    } ],
    "faces" : [ {
      "vertices" : [ 0, 1, 2 ]
    }, {
      "vertices" : [ 0, 2, 1 ]
    } ]
  }, {
    "id" : "b2b0c7f3-708b-4ea1-b20a-3cb11c8dd3cb",
    "vertices" : [ {
      "x" : 0.0,
      "y" : 6.854102,
      "z" : 16.326239
    }, {
      "x" : 6.854102,
      "y" : 2.618034,
      "z" : 13.708204
    }, {
      "x" : 2.618034,
      "y" : 0.0,
      "z" : 20.562305
    } ],
    "faces" : [ {
      "vertices" : [ 0, 1, 2 ]
    }, {
      "vertices" : [ 0, 2, 1 ]
    } ]
  }, {
    "id" : "4762a2ba-5be0-44d5-bf39-23f803c4bddc",
    "vertices" : [ {
      "x" : -6.854102,
      "y" : -16.326239,
      "z" : 0.0
    }, {
      "x" : -2.618034,
      "y" : -13.708204,
      "z" : 6.854102
    }, {
      "x" : 0.0,
      "y" : -20.562305,
      "z" : 2.618034
    } ],
    "faces" : [ {
      "vertices" : [ 0, 1, 2 ]
    }, {
      "vertices" : [ 0, 2, 1 ]
    } ]
  }, {
    "id" : "0be27b75-a9eb-4067-b1a6-1e88d7ca2536",
    "vertices" : [ {
      "x" : 6.854102,
      "y" : -11.09017,
      "z" : 0.0
    }, {
      "x" : 13.708204,
      "y" : -6.854102,
      "z" : 2.618034
    }, {
      "x" : 11.09017,
      "y" : -13.708204,
      "z" : 6.854102
    } ],
    "faces" : [ {
      "vertices" : [ 0, 1, 2 ]
    }, {
      "vertices" : [ 0, 2, 1 ]
    } ]
  }, {
    "id" : "9bce1b51-1c95-4df5-b877-06d74dc792e8",
    "vertices" : [ {
      "x" : 0.0,
      "y" : -6.854102,
      "z" : -11.09017
    }, {
      "x" : -2.618034,
      "y" : -13.708204,
      "z" : -6.854102
    }, {
      "x" : -6.854102,
      "y" : -11.09017,
      "z" : -13.708204
    } ],
    "faces" : [ {
      "vertices" : [ 0, 1, 2 ]
    }, {
      "vertices" : [ 0, 2, 1 ]
    } ]
  }, {
    "id" : "f502e0f5-ad9a-482f-b9c8-a005807d295f",
    "vertices" : [ {
      "x" : 2.618034,
      "y" : 0.0,
      "z" : -6.854102
    }, {
      "x" : 0.0,
      "y" : -6.854102,
      "z" : -2.618034
    }, {
      "x" : 6.854102,
      "y" : -2.618034,
      "z" : 0.0
    } ],
    "faces" : [ {
      "vertices" : [ 0, 1, 2 ]
    }, {
      "vertices" : [ 0, 2, 1 ]
    } ]
  }, {
    "id" : "ffe5b01d-4b78-4e10-8ace-d11dc72fe16e",
    "vertices" : [ {
      "x" : -16.326239,
      "y" : 0.0,
      "z" : -6.854102
    }, {
      "x" : -13.708204,
      "y" : 6.854102,
      "z" : -2.618034
    }, {
      "x" : -20.562305,
      "y" : 2.618034,
      "z" : 0.0
    } ],
    "faces" : [ {
      "vertices" : [ 0, 1, 2 ]
    }, {
      "vertices" : [ 0, 2, 1 ]
    } ]
  }, {
    "id" : "e50a335f-b750-4da3-94e4-7251c929360d",
    "vertices" : [ {
      "x" : 11.09017,
      "y" : 0.0,
      "z" : 6.854102
    }, {
      "x" : 6.854102,
      "y" : 2.618034,
      "z" : 13.708204
    }, {
      "x" : 13.708204,
      "y" : 6.854102,
      "z" : 11.09017
    } ],
    "faces" : [ {
      "vertices" : [ 0, 1, 2 ]
    }, {
      "vertices" : [ 0, 2, 1 ]
    } ]
  }, {
    "id" : "0dacf66a-dd72-489e-bf56-8692885cc452",
    "vertices" : [ {
      "x" : -6.854102,
      "y" : 11.09017,
      "z" : 0.0
    }, {
      "x" : -2.618034,
      "y" : 13.708204,
      "z" : 6.854102
    }, {
      "x" : 0.0,
      "y" : 6.854102,
      "z" : 2.618034
    } ],
    "faces" : [ {
      "vertices" : [ 0, 1, 2 ]
    }, {
      "vertices" : [ 0, 2, 1 ]
    } ]
  }, {
    "id" : "93177f2c-282a-494c-b7f5-deca77d59fe5",
    "vertices" : [ {
      "x" : 2.618034,
      "y" : 0.0,
      "z" : 6.854102
    }, {
      "x" : 0.0,
      "y" : 6.854102,
      "z" : 2.618034
    }, {
      "x" : 6.854102,
      "y" : 2.618034,
      "z" : 0.0
    } ],
    "faces" : [ {
      "vertices" : [ 0, 1, 2 ]
    }, {
      "vertices" : [ 0, 2, 1 ]
    } ]
  }, {
    "id" : "5079c49b-de98-4113-834e-35a10ad99912",
    "vertices" : [ {
      "x" : 11.09017,
      "y" : 0.0,
      "z" : 6.854102
    }, {
      "x" : 13.708204,
      "y" : 6.854102,
      "z" : 2.618034
    }, {
      "x" : 6.854102,
      "y" : 2.618034,
      "z" : 0.0
    } ],
    "faces" : [ {
      "vertices" : [ 0, 1, 2 ]
    }, {
      "vertices" : [ 0, 2, 1 ]
    } ]
  }, {
    "id" : "83b9b025-0e82-46c7-a771-531f0853247f",
    "vertices" : [ {
      "x" : -6.854102,
      "y" : 11.09017,
      "z" : 0.0
    }, {
      "x" : -13.708204,
      "y" : 6.854102,
      "z" : -2.618034
    }, {
      "x" : -11.09017,
      "y" : 13.708204,
      "z" : -6.854102
    } ],
    "faces" : [ {
      "vertices" : [ 0, 1, 2 ]
    }, {
      "vertices" : [ 0, 2, 1 ]
    } ]
  }, {
    "id" : "84f52b74-ce75-4221-81bd-b42a55589f0c",
    "vertices" : [ {
      "x" : -6.854102,
      "y" : 11.09017,
      "z" : -13.708204
    }, {
      "x" : -11.09017,
      "y" : 13.708204,
      "z" : -6.854102
    }, {
      "x" : -13.708204,
      "y" : 6.854102,
      "z" : -11.09017
    } ],
    "faces" : [ {
      "vertices" : [ 0, 1, 2 ]
    }, {
      "vertices" : [ 0, 2, 1 ]
    } ]
  }, {
    "id" : "a29961ba-9ed1-415d-b4b4-3915a9995843",
    "vertices" : [ {
      "x" : 6.854102,
      "y" : -16.326239,
      "z" : 0.0
    }, {
      "x" : 2.618034,
      "y" : -13.708204,
      "z" : -6.854102
    }, {
      "x" : 0.0,
      "y" : -20.562305,
      "z" : -2.618034
    } ],
    "faces" : [ {
      "vertices" : [ 0, 1, 2 ]
    }, {
      "vertices" : [ 0, 2, 1 ]
    } ]
  }, {
    "id" : "31e91a02-75c2-4550-b047-922a12da65dd",
    "vertices" : [ {
      "x" : 0.0,
      "y" : 6.854102,
      "z" : -11.09017
    }, {
      "x" : 6.854102,
      "y" : 2.618034,
      "z" : -13.708204
    }, {
      "x" : 2.618034,
      "y" : 0.0,
      "z" : -6.854102
    } ],
    "faces" : [ {
      "vertices" : [ 0, 1, 2 ]
    }, {
      "vertices" : [ 0, 2, 1 ]
    } ]
  }, {
    "id" : "f98f69b6-4e9b-467a-93b8-0b9abd3a0475",
    "vertices" : [ {
      "x" : 6.854102,
      "y" : 16.326239,
      "z" : 0.0
    }, {
      "x" : 2.618034,
      "y" : 13.708204,
      "z" : -6.854102
    }, {
      "x" : 0.0,
      "y" : 20.562305,
      "z" : -2.618034
    } ],
    "faces" : [ {
      "vertices" : [ 0, 1, 2 ]
    }, {
      "vertices" : [ 0, 2, 1 ]
    } ]
  }, {
    "id" : "e6c4db12-e9fa-4966-9803-ad9a1416fa00",
    "vertices" : [ {
      "x" : 6.854102,
      "y" : 11.09017,
      "z" : -13.708204
    }, {
      "x" : 11.09017,
      "y" : 13.708204,
      "z" : -6.854102
    }, {
      "x" : 13.708204,
      "y" : 6.854102,
      "z" : -11.09017
    } ],
    "faces" : [ {
      "vertices" : [ 0, 1, 2 ]
    }, {
      "vertices" : [ 0, 2, 1 ]
    } ]
  }, {
    "id" : "9cde2289-9020-4f65-9a31-cf123c9315b2",
    "vertices" : [ {
      "x" : -6.854102,
      "y" : -16.326239,
      "z" : 0.0
    }, {
      "x" : -2.618034,
      "y" : -13.708204,
      "z" : -6.854102
    }, {
      "x" : 0.0,
      "y" : -20.562305,
      "z" : -2.618034
    } ],
    "faces" : [ {
      "vertices" : [ 0, 1, 2 ]
    }, {
      "vertices" : [ 0, 2, 1 ]
    } ]
  }, {
    "id" : "88550bf1-9aa9-46dc-8eff-49d2b1ef6f0b",
    "vertices" : [ {
      "x" : -2.618034,
      "y" : 0.0,
      "z" : 6.854102
    }, {
      "x" : 0.0,
      "y" : 6.854102,
      "z" : 2.618034
    }, {
      "x" : -6.854102,
      "y" : 2.618034,
      "z" : 0.0
    } ],
    "faces" : [ {
      "vertices" : [ 0, 1, 2 ]
    }, {
      "vertices" : [ 0, 2, 1 ]
    } ]
  }, {
    "id" : "3ca64643-a29b-4b51-8af8-8133ca660cfa",
    "vertices" : [ {
      "x" : 0.0,
      "y" : -6.854102,
      "z" : 11.09017
    }, {
      "x" : 2.618034,
      "y" : -13.708204,
      "z" : 6.854102
    }, {
      "x" : 6.854102,
      "y" : -11.09017,
      "z" : 13.708204
    } ],
    "faces" : [ {
      "vertices" : [ 0, 1, 2 ]
    }, {
      "vertices" : [ 0, 2, 1 ]
    } ]
  }, {
    "id" : "6b0fdfc0-be56-4846-8af9-41c21d1efdb1",
    "vertices" : [ {
      "x" : 6.854102,
      "y" : 11.09017,
      "z" : 0.0
    }, {
      "x" : 2.618034,
      "y" : 13.708204,
      "z" : -6.854102
    }, {
      "x" : 0.0,
      "y" : 6.854102,
      "z" : -2.618034
    } ],
    "faces" : [ {
      "vertices" : [ 0, 1, 2 ]
    }, {
      "vertices" : [ 0, 2, 1 ]
    } ]
  }, {
    "id" : "183d673c-ed04-4dcb-bc53-94fb5f1dcf9f",
    "vertices" : [ {
      "x" : 0.0,
      "y" : 6.854102,
      "z" : 11.09017
    }, {
      "x" : -6.854102,
      "y" : 2.618034,
      "z" : 13.708204
    }, {
      "x" : -2.618034,
      "y" : 0.0,
      "z" : 6.854102
    } ],
    "faces" : [ {
      "vertices" : [ 0, 1, 2 ]
    }, {
      "vertices" : [ 0, 2, 1 ]
    } ]
  }, {
    "id" : "183016ed-9c5b-4d2e-a698-60eff2e6cfc8",
    "vertices" : [ {
      "x" : 0.0,
      "y" : 6.854102,
      "z" : -11.09017
    }, {
      "x" : -6.854102,
      "y" : 2.618034,
      "z" : -13.708204
    }, {
      "x" : -2.618034,
      "y" : 0.0,
      "z" : -6.854102
    } ],
    "faces" : [ {
      "vertices" : [ 0, 1, 2 ]
    }, {
      "vertices" : [ 0, 2, 1 ]
    } ]
  }, {
    "id" : "08550b52-fdf1-4d7d-a44a-11634cd130c1",
    "vertices" : [ {
      "x" : 0.0,
      "y" : 6.854102,
      "z" : 11.09017
    }, {
      "x" : 6.854102,
      "y" : 2.618034,
      "z" : 13.708204
    }, {
      "x" : 2.618034,
      "y" : 0.0,
      "z" : 6.854102
    } ],
    "faces" : [ {
      "vertices" : [ 0, 1, 2 ]
    }, {
      "vertices" : [ 0, 2, 1 ]
    } ]
  }, {
    "id" : "11d48266-028e-4ee4-9573-0e080512eec4",
    "vertices" : [ {
      "x" : 6.854102,
      "y" : 16.326239,
      "z" : 0.0
    }, {
      "x" : 2.618034,
      "y" : 13.708204,
      "z" : 6.854102
    }, {
      "x" : 0.0,
      "y" : 20.562305,
      "z" : 2.618034
    } ],
    "faces" : [ {
      "vertices" : [ 0, 1, 2 ]
    }, {
      "vertices" : [ 0, 2, 1 ]
    } ]
  }, {
    "id" : "25ce481f-f79c-4a2d-9cd6-5fa678ec50f4",
    "vertices" : [ {
      "x" : -11.09017,
      "y" : 0.0,
      "z" : -6.854102
    }, {
      "x" : -6.854102,
      "y" : -2.618034,
      "z" : -13.708204
    }, {
      "x" : -13.708204,
      "y" : -6.854102,
      "z" : -11.09017
    } ],
    "faces" : [ {
      "vertices" : [ 0, 1, 2 ]
    }, {
      "vertices" : [ 0, 2, 1 ]
    } ]
  }, {
    "id" : "e4b38e8a-d503-46a7-8f29-e5e7534d3d8b",
    "vertices" : [ {
      "x" : -11.09017,
      "y" : 0.0,
      "z" : 6.854102
    }, {
      "x" : -6.854102,
      "y" : -2.618034,
      "z" : 13.708204
    }, {
      "x" : -13.708204,
      "y" : -6.854102,
      "z" : 11.09017
    } ],
    "faces" : [ {
      "vertices" : [ 0, 1, 2 ]
    }, {
      "vertices" : [ 0, 2, 1 ]
    } ]
  }, {
    "id" : "2d7c6d24-f4e2-4640-b60a-eb64b8144a50",
    "vertices" : [ {
      "x" : 16.326239,
      "y" : 0.0,
      "z" : 6.854102
    }, {
      "x" : 13.708204,
      "y" : -6.854102,
      "z" : 2.618034
    }, {
      "x" : 20.562305,
      "y" : -2.618034,
      "z" : 0.0
    } ],
    "faces" : [ {
      "vertices" : [ 0, 1, 2 ]
    }, {
      "vertices" : [ 0, 2, 1 ]
    } ]
  }, {
    "id" : "e16bbe49-bbc1-40ab-900a-e72c73d06ec2",
    "vertices" : [ {
      "x" : 0.0,
      "y" : 6.854102,
      "z" : -16.326239
    }, {
      "x" : -6.854102,
      "y" : 2.618034,
      "z" : -13.708204
    }, {
      "x" : -2.618034,
      "y" : 0.0,
      "z" : -20.562305
    } ],
    "faces" : [ {
      "vertices" : [ 0, 1, 2 ]
    }, {
      "vertices" : [ 0, 2, 1 ]
    } ]
  }, {
    "id" : "8b6a5a7b-6fc4-472c-94af-6492e64319d3",
    "vertices" : [ {
      "x" : 2.618034,
      "y" : 0.0,
      "z" : -6.854102
    }, {
      "x" : 0.0,
      "y" : 6.854102,
      "z" : -2.618034
    }, {
      "x" : 6.854102,
      "y" : 2.618034,
      "z" : 0.0
    } ],
    "faces" : [ {
      "vertices" : [ 0, 1, 2 ]
    }, {
      "vertices" : [ 0, 2, 1 ]
    } ]
  }, {
    "id" : "d99e238a-2920-4a67-9427-8bcb6fd80ff2",
    "vertices" : [ {
      "x" : 0.0,
      "y" : -6.854102,
      "z" : 11.09017
    }, {
      "x" : 6.854102,
      "y" : -2.618034,
      "z" : 13.708204
    }, {
      "x" : 2.618034,
      "y" : 0.0,
      "z" : 6.854102
    } ],
    "faces" : [ {
      "vertices" : [ 0, 1, 2 ]
    }, {
      "vertices" : [ 0, 2, 1 ]
    } ]
  }, {
    "id" : "e82dfe35-b9a5-407c-8cc9-5e01309e2da3",
    "vertices" : [ {
      "x" : 2.618034,
      "y" : 0.0,
      "z" : 6.854102
    }, {
      "x" : 0.0,
      "y" : -6.854102,
      "z" : 2.618034
    }, {
      "x" : 6.854102,
      "y" : -2.618034,
      "z" : 0.0
    } ],
    "faces" : [ {
      "vertices" : [ 0, 1, 2 ]
    }, {
      "vertices" : [ 0, 2, 1 ]
    } ]
  }, {
    "id" : "fcec240a-f6e6-421c-8c4f-5d1d9ee017cc",
    "vertices" : [ {
      "x" : 0.0,
      "y" : -6.854102,
      "z" : 11.09017
    }, {
      "x" : -6.854102,
      "y" : -2.618034,
      "z" : 13.708204
    }, {
      "x" : -2.618034,
      "y" : 0.0,
      "z" : 6.854102
    } ],
    "faces" : [ {
      "vertices" : [ 0, 1, 2 ]
    }, {
      "vertices" : [ 0, 2, 1 ]
    } ]
  }, {
    "id" : "0b09142e-3d5f-4960-8585-13e8ce325535",
    "vertices" : [ {
      "x" : -6.854102,
      "y" : -11.09017,
      "z" : 0.0
    }, {
      "x" : -2.618034,
      "y" : -13.708204,
      "z" : -6.854102
    }, {
      "x" : 0.0,
      "y" : -6.854102,
      "z" : -2.618034
    } ],
    "faces" : [ {
      "vertices" : [ 0, 1, 2 ]
    }, {
      "vertices" : [ 0, 2, 1 ]
    } ]
  }, {
    "id" : "a9dd55da-e48e-46d4-95e0-ee742bcd07d1",
    "vertices" : [ {
      "x" : -16.326239,
      "y" : 0.0,
      "z" : -6.854102
    }, {
      "x" : -13.708204,
      "y" : -6.854102,
      "z" : -2.618034
    }, {
      "x" : -20.562305,
      "y" : -2.618034,
      "z" : 0.0
    } ],
    "faces" : [ {
      "vertices" : [ 0, 1, 2 ]
    }, {
      "vertices" : [ 0, 2, 1 ]
    } ]
  }, {
    "id" : "1d368d83-f19f-4178-bbd8-a48fc790c6c0",
    "vertices" : [ {
      "x" : 16.326239,
      "y" : 0.0,
      "z" : -6.854102
    }, {
      "x" : 13.708204,
      "y" : 6.854102,
      "z" : -2.618034
    }, {
      "x" : 20.562305,
      "y" : 2.618034,
      "z" : 0.0
    } ],
    "faces" : [ {
      "vertices" : [ 0, 1, 2 ]
    }, {
      "vertices" : [ 0, 2, 1 ]
    } ]
  }, {
    "id" : "e6f23c4a-7224-4b20-97bf-c8edb9e47ab6",
    "vertices" : [ {
      "x" : 11.09017,
      "y" : 0.0,
      "z" : -6.854102
    }, {
      "x" : 6.854102,
      "y" : 2.618034,
      "z" : -13.708204
    }, {
      "x" : 13.708204,
      "y" : 6.854102,
      "z" : -11.09017
    } ],
    "faces" : [ {
      "vertices" : [ 0, 1, 2 ]
    }, {
      "vertices" : [ 0, 2, 1 ]
    } ]
  }, {
    "id" : "935b3e83-199c-4396-a4f8-3628416f1b37",
    "vertices" : [ {
      "x" : 16.326239,
      "y" : 0.0,
      "z" : -6.854102
    }, {
      "x" : 13.708204,
      "y" : -6.854102,
      "z" : -2.618034
    }, {
      "x" : 20.562305,
      "y" : -2.618034,
      "z" : 0.0
    } ],
    "faces" : [ {
      "vertices" : [ 0, 1, 2 ]
    }, {
      "vertices" : [ 0, 2, 1 ]
    } ]
  }, {
    "id" : "83bf65fe-c810-4de0-be2d-fd155c5af7d1",
    "vertices" : [ {
      "x" : -16.326239,
      "y" : 0.0,
      "z" : 6.854102
    }, {
      "x" : -13.708204,
      "y" : 6.854102,
      "z" : 2.618034
    }, {
      "x" : -20.562305,
      "y" : 2.618034,
      "z" : 0.0
    } ],
    "faces" : [ {
      "vertices" : [ 0, 1, 2 ]
    }, {
      "vertices" : [ 0, 2, 1 ]
    } ]
  }, {
    "id" : "d1b1a6d1-640f-4428-9b24-bc385b07a1c6",
    "vertices" : [ {
      "x" : 6.854102,
      "y" : -11.09017,
      "z" : 0.0
    }, {
      "x" : 2.618034,
      "y" : -13.708204,
      "z" : -6.854102
    }, {
      "x" : 0.0,
      "y" : -6.854102,
      "z" : -2.618034
    } ],
    "faces" : [ {
      "vertices" : [ 0, 1, 2 ]
    }, {
      "vertices" : [ 0, 2, 1 ]
    } ]
  }, {
    "id" : "1f4e3a72-bd98-4754-928a-36029dda0fdf",
    "vertices" : [ {
      "x" : 0.0,
      "y" : -6.854102,
      "z" : -11.09017
    }, {
      "x" : -6.854102,
      "y" : -2.618034,
      "z" : -13.708204
    }, {
      "x" : -2.618034,
      "y" : 0.0,
      "z" : -6.854102
    } ],
    "faces" : [ {
      "vertices" : [ 0, 1, 2 ]
    }, {
      "vertices" : [ 0, 2, 1 ]
    } ]
  }, {
    "id" : "f5f166a1-e9a1-46de-8a8b-fc874442f0f8",
    "vertices" : [ {
      "x" : 11.09017,
      "y" : 0.0,
      "z" : -6.854102
    }, {
      "x" : 13.708204,
      "y" : 6.854102,
      "z" : -2.618034
    }, {
      "x" : 6.854102,
      "y" : 2.618034,
      "z" : 0.0
    } ],
    "faces" : [ {
      "vertices" : [ 0, 1, 2 ]
    }, {
      "vertices" : [ 0, 2, 1 ]
    } ]
  }, {
    "id" : "5f371396-0f92-4264-a0f0-af75b07df3cc",
    "vertices" : [ {
      "x" : 16.326239,
      "y" : 0.0,
      "z" : 6.854102
    }, {
      "x" : 13.708204,
      "y" : 6.854102,
      "z" : 2.618034
    }, {
      "x" : 20.562305,
      "y" : 2.618034,
      "z" : 0.0
    } ],
    "faces" : [ {
      "vertices" : [ 0, 1, 2 ]
    }, {
      "vertices" : [ 0, 2, 1 ]
    } ]
  }, {
    "id" : "08f2d6db-7ca4-4042-823f-119b658a04fb",
    "vertices" : [ {
      "x" : 0.0,
      "y" : 6.854102,
      "z" : -16.326239
    }, {
      "x" : 6.854102,
      "y" : 2.618034,
      "z" : -13.708204
    }, {
      "x" : 2.618034,
      "y" : 0.0,
      "z" : -20.562305
    } ],
    "faces" : [ {
      "vertices" : [ 0, 1, 2 ]
    }, {
      "vertices" : [ 0, 2, 1 ]
    } ]
  }, {
    "id" : "b9821c36-6775-4c4c-aead-d9aa4ae7d04f",
    "vertices" : [ {
      "x" : 0.0,
      "y" : 6.854102,
      "z" : 11.09017
    }, {
      "x" : 2.618034,
      "y" : 13.708204,
      "z" : 6.854102
    }, {
      "x" : 6.854102,
      "y" : 11.09017,
      "z" : 13.708204
    } ],
    "faces" : [ {
      "vertices" : [ 0, 1, 2 ]
    }, {
      "vertices" : [ 0, 2, 1 ]
    } ]
  }, {
    "id" : "15244de1-4486-49ee-89db-d53c18f302b5",
    "vertices" : [ {
      "x" : -6.854102,
      "y" : 16.326239,
      "z" : 0.0
    }, {
      "x" : -2.618034,
      "y" : 13.708204,
      "z" : 6.854102
    }, {
      "x" : 0.0,
      "y" : 20.562305,
      "z" : 2.618034
    } ],
    "faces" : [ {
      "vertices" : [ 0, 1, 2 ]
    }, {
      "vertices" : [ 0, 2, 1 ]
    } ]
  }, {
    "id" : "94fa1fa2-cd18-405c-922d-d8a967289403",
    "vertices" : [ {
      "x" : 6.854102,
      "y" : 11.09017,
      "z" : 0.0
    }, {
      "x" : 13.708204,
      "y" : 6.854102,
      "z" : 2.618034
    }, {
      "x" : 11.09017,
      "y" : 13.708204,
      "z" : 6.854102
    } ],
    "faces" : [ {
      "vertices" : [ 0, 1, 2 ]
    }, {
      "vertices" : [ 0, 2, 1 ]
    } ]
  }, {
    "id" : "9b35ec72-db21-4d9e-9c8e-aa06c71792ca",
    "vertices" : [ {
      "x" : 0.0,
      "y" : -6.854102,
      "z" : 16.326239
    }, {
      "x" : 6.854102,
      "y" : -2.618034,
      "z" : 13.708204
    }, {
      "x" : 2.618034,
      "y" : 0.0,
      "z" : 20.562305
    } ],
    "faces" : [ {
      "vertices" : [ 0, 1, 2 ]
    }, {
      "vertices" : [ 0, 2, 1 ]
    } ]
  }, {
    "id" : "bdbed641-f657-4e56-8e54-42896dffca36",
    "vertices" : [ {
      "x" : -11.09017,
      "y" : 0.0,
      "z" : -6.854102
    }, {
      "x" : -6.854102,
      "y" : 2.618034,
      "z" : -13.708204
    }, {
      "x" : -13.708204,
      "y" : 6.854102,
      "z" : -11.09017
    } ],
    "faces" : [ {
      "vertices" : [ 0, 1, 2 ]
    }, {
      "vertices" : [ 0, 2, 1 ]
    } ]
  }, {
    "id" : "e0db8502-2428-4504-b99f-9d64ed8d87ad",
    "vertices" : [ {
      "x" : 6.854102,
      "y" : 11.09017,
      "z" : 0.0
    }, {
      "x" : 13.708204,
      "y" : 6.854102,
      "z" : -2.618034
    }, {
      "x" : 11.09017,
      "y" : 13.708204,
      "z" : -6.854102
    } ],
    "faces" : [ {
      "vertices" : [ 0, 1, 2 ]
    }, {
      "vertices" : [ 0, 2, 1 ]
    } ]
  }, {
    "id" : "6fb958db-b1b9-4cdc-9298-f3722d42273a",
    "vertices" : [ {
      "x" : -6.854102,
      "y" : 11.09017,
      "z" : 0.0
    }, {
      "x" : -2.618034,
      "y" : 13.708204,
      "z" : -6.854102
    }, {
      "x" : 0.0,
      "y" : 6.854102,
      "z" : -2.618034
    } ],
    "faces" : [ {
      "vertices" : [ 0, 1, 2 ]
    }, {
      "vertices" : [ 0, 2, 1 ]
    } ]
  }, {
    "id" : "92eeeafa-4a4b-4ab3-9686-2a6c42ea3bda",
    "vertices" : [ {
      "x" : -11.09017,
      "y" : 0.0,
      "z" : 6.854102
    }, {
      "x" : -13.708204,
      "y" : 6.854102,
      "z" : 2.618034
    }, {
      "x" : -6.854102,
      "y" : 2.618034,
      "z" : 0.0
    } ],
    "faces" : [ {
      "vertices" : [ 0, 1, 2 ]
    }, {
      "vertices" : [ 0, 2, 1 ]
    } ]
  }, {
    "id" : "ce7a1661-fb05-49e5-99e7-3338f896d8e5",
    "vertices" : [ {
      "x" : 0.0,
      "y" : -6.854102,
      "z" : 16.326239
    }, {
      "x" : -6.854102,
      "y" : -2.618034,
      "z" : 13.708204
    }, {
      "x" : -2.618034,
      "y" : 0.0,
      "z" : 20.562305
    } ],
    "faces" : [ {
      "vertices" : [ 0, 1, 2 ]
    }, {
      "vertices" : [ 0, 2, 1 ]
    } ]
  }, {
    "id" : "507216a9-efd7-451d-8dd5-fd972ae45641",
    "vertices" : [ {
      "x" : -6.854102,
      "y" : -11.09017,
      "z" : 0.0
    }, {
      "x" : -13.708204,
      "y" : -6.854102,
      "z" : -2.618034
    }, {
      "x" : -11.09017,
      "y" : -13.708204,
      "z" : -6.854102
    } ],
    "faces" : [ {
      "vertices" : [ 0, 1, 2 ]
    }, {
      "vertices" : [ 0, 2, 1 ]
    } ]
  }, {
    "id" : "790bc3b0-9aee-4cd3-957d-7fb0bc038f99",
    "vertices" : [ {
      "x" : 0.0,
      "y" : -6.854102,
      "z" : -11.09017
    }, {
      "x" : 2.618034,
      "y" : -13.708204,
      "z" : -6.854102
    }, {
      "x" : 6.854102,
      "y" : -11.09017,
      "z" : -13.708204
    } ],
    "faces" : [ {
      "vertices" : [ 0, 1, 2 ]
    }, {
      "vertices" : [ 0, 2, 1 ]
    } ]
  }, {
    "id" : "9c7f26f6-321d-4660-b6a7-1504e2eeca80",
    "vertices" : [ {
      "x" : -2.618034,
      "y" : 0.0,
      "z" : 6.854102
    }, {
      "x" : 0.0,
      "y" : -6.854102,
      "z" : 2.618034
    }, {
      "x" : -6.854102,
      "y" : -2.618034,
      "z" : 0.0
    } ],
    "faces" : [ {
      "vertices" : [ 0, 1, 2 ]
    }, {
      "vertices" : [ 0, 2, 1 ]
    } ]
  }, {
    "id" : "76cdb105-93af-47f1-8032-4838b7e7b542",
    "vertices" : [ {
      "x" : 11.09017,
      "y" : 0.0,
      "z" : 6.854102
    }, {
      "x" : 13.708204,
      "y" : -6.854102,
      "z" : 2.618034
    }, {
      "x" : 6.854102,
      "y" : -2.618034,
      "z" : 0.0
    } ],
    "faces" : [ {
      "vertices" : [ 0, 1, 2 ]
    }, {
      "vertices" : [ 0, 2, 1 ]
    } ]
  }, {
    "id" : "e0d4c84c-dd77-48ee-beb2-d4957dfde61c",
    "vertices" : [ {
      "x" : -6.854102,
      "y" : 11.09017,
      "z" : 0.0
    }, {
      "x" : -13.708204,
      "y" : 6.854102,
