{
  "field" : "golden",
  "symmetry" : "icosahedral",
  "orientations" : [ [ 1.0, 0.0, 0.0, 0.0, 0.0, 1.0, 0.0, 0.0, 0.0, 0.0, 1.0, 0.0, 0.0, 0.0, 0.0, 1.0 ], [ 0.0, 0.0, 1.0, 0.0, 1.0, 0.0, 0.0, 0.0, 0.0, 1.0, 0.0, 0.0, 0.0, 0.0, 0.0, 1.0 ], [ 0.0, 1.0, 0.0, 0.0, 0.0, 0.0, 1.0, 0.0, 1.0, 0.0, 0.0, 0.0, 0.0, 0.0, 0.0, 1.0 ], [ 0.809017, 0.309017, 0.5, 0.0, 0.309017, 0.5, -0.809017, 0.0, -0.5, 0.809017, 0.309017, 0.0, 0.0, 0.0, 0.0, 1.0 ], [ -0.5, 0.809017, 0.309017, 0.0, 0.809017, 0.309017, 0.5, 0.0, 0.309017, 0.5, -0.809017, 0.0, 0.0, 0.0, 0.0, 1.0 ], [ 0.309017, 0.5, -0.809017, 0.0, -0.5, 0.809017, 0.309017, 0.0, 0.809017, 0.309017, 0.5, 0.0, 0.0, 0.0, 0.0, 1.0 ], [ 0.5, 0.809017, 0.309017, 0.0, 0.809017, -0.309017, -0.5, 0.0, -0.309017, 0.5, -0.809017, 0.0, 0.0, 0.0, 0.0, 1.0 ], [ -0.309017, 0.5, -0.809017, 0.0, 0.5, 0.809017, 0.309017, 0.0, 0.809017, -0.309017, -0.5, 0.0, 0.0, 0.0, 0.0, 1.0 ], [ 0.809017, -0.309017, -0.5, 0.0, -0.309017, 0.5, -0.809017, 0.0, 0.5, 0.809017, 0.309017, 0.0, 0.0, 0.0, 0.0, 1.0 ], [ 0.5, 0.809017, -0.309017, 0.0, 0.809017, -0.309017, 0.5, 0.0, 0.309017, -0.5, -0.809017, 0.0, 0.0, 0.0, 0.0, 1.0 ], [ 0.309017, -0.5, -0.809017, 0.0, 0.5, 0.809017, -0.309017, 0.0, 0.809017, -0.309017, 0.5, 0.0, 0.0, 0.0, 0.0, 1.0 ], [ 0.809017, -0.309017, 0.5, 0.0, 0.309017, -0.5, -0.809017, 0.0, 0.5, 0.809017, -0.309017, 0.0, 0.0, 0.0, 0.0, 1.0 ], [ 0.809017, 0.309017, -0.5, 0.0, 0.309017, 0.5, 0.809017, 0.0, 0.5, -0.809017, 0.309017, 0.0, 0.0, 0.0, 0.0, 1.0 ], [ 0.5, -0.809017, 0.309017, 0.0, 0.809017, 0.309017, -0.5, 0.0, 0.309017, 0.5, 0.809017, 0.0, 0.0, 0.0, 0.0, 1.0 ], [ 0.309017, 0.5, 0.809017, 0.0, 0.5, -0.809017, 0.309017, 0.0, 0.809017, 0.309017, -0.5, 0.0, 0.0, 0.0, 0.0, 1.0 ], [ 1.0, 0.0, 0.0, 0.0, 0.0, -1.0, 0.0, 0.0, 0.0, 0.0, -1.0, 0.0, 0.0, 0.0, 0.0, 1.0 ], [ 0.0, 0.0, 1.0, 0.0, -1.0, 0.0, 0.0, 0.0, 0.0, -1.0, 0.0, 0.0, 0.0, 0.0, 0.0, 1.0 ], [ 0.0, 1.0, 0.0, 0.0, 0.0, 0.0, -1.0, 0.0, -1.0, 0.0, 0.0, 0.0, 0.0, 0.0, 0.0, 1.0 ], [ 0.809017, 0.309017, 0.5, 0.0, -0.309017, -0.5, 0.809017, 0.0, 0.5, -0.809017, -0.309017, 0.0, 0.0, 0.0, 0.0, 1.0 ], [ -0.5, 0.809017, 0.309017, 0.0, -0.809017, -0.309017, -0.5, 0.0, -0.309017, -0.5, 0.809017, 0.0, 0.0, 0.0, 0.0, 1.0 ], [ 0.309017, 0.5, -0.809017, 0.0, 0.5, -0.809017, -0.309017, 0.0, -0.809017, -0.309017, -0.5, 0.0, 0.0, 0.0, 0.0, 1.0 ], [ 0.5, 0.809017, 0.309017, 0.0, -0.809017, 0.309017, 0.5, 0.0, 0.309017, -0.5, 0.809017, 0.0, 0.0, 0.0, 0.0, 1.0 ], [ -0.309017, 0.5, -0.809017, 0.0, -0.5, -0.809017, -0.309017, 0.0, -0.809017, 0.309017, 0.5, 0.0, 0.0, 0.0, 0.0, 1.0 ], [ 0.809017, -0.309017, -0.5, 0.0, 0.309017, -0.5, 0.809017, 0.0, -0.5, -0.809017, -0.309017, 0.0, 0.0, 0.0, 0.0, 1.0 ], [ 0.5, 0.809017, -0.309017, 0.0, -0.809017, 0.309017, -0.5, 0.0, -0.309017, 0.5, 0.809017, 0.0, 0.0, 0.0, 0.0, 1.0 ], [ 0.309017, -0.5, -0.809017, 0.0, -0.5, -0.809017, 0.309017, 0.0, -0.809017, 0.309017, -0.5, 0.0, 0.0, 0.0, 0.0, 1.0 ], [ 0.809017, -0.309017, 0.5, 0.0, -0.309017, 0.5, 0.809017, 0.0, -0.5, -0.809017, 0.309017, 0.0, 0.0, 0.0, 0.0, 1.0 ], [ 0.809017, 0.309017, -0.5, 0.0, -0.309017, -0.5, -0.809017, 0.0, -0.5, 0.809017, -0.309017, 0.0, 0.0, 0.0, 0.0, 1.0 ], [ 0.5, -0.809017, 0.309017, 0.0, -0.809017, -0.309017, 0.5, 0.0, -0.309017, -0.5, -0.809017, 0.0, 0.0, 0.0, 0.0, 1.0 ], [ 0.309017, 0.5, 0.809017, 0.0, -0.5, 0.809017, -0.309017, 0.0, -0.809017, -0.309017, 0.5, 0.0, 0.0, 0.0, 0.0, 1.0 ], [ -1.0, 0.0, 0.0, 0.0, 0.0, -1.0, 0.0, 0.0, 0.0, 0.0, 1.0, 0.0, 0.0, 0.0, 0.0, 1.0 ], [ 0.0, 0.0, -1.0, 0.0, -1.0, 0.0, 0.0, 0.0, 0.0, 1.0, 0.0, 0.0, 0.0, 0.0, 0.0, 1.0 ], [ 0.0, -1.0, 0.0, 0.0, 0.0, 0.0, -1.0, 0.0, 1.0, 0.0, 0.0, 0.0, 0.0, 0.0, 0.0, 1.0 ], [ -0.809017, -0.309017, -0.5, 0.0, -0.309017, -0.5, 0.809017, 0.0, -0.5, 0.809017, 0.309017, 0.0, 0.0, 0.0, 0.0, 1.0 ], [ 0.5, -0.809017, -0.309017, 0.0, -0.809017, -0.309017, -0.5, 0.0, 0.309017, 0.5, -0.809017, 0.0, 0.0, 0.0, 0.0, 1.0 ], [ -0.309017, -0.5, 0.809017, 0.0, 0.5, -0.809017, -0.309017, 0.0, 0.809017, 0.309017, 0.5, 0.0, 0.0, 0.0, 0.0, 1.0 ], [ -0.5, -0.809017, -0.309017, 0.0, -0.809017, 0.309017, 0.5, 0.0, -0.309017, 0.5, -0.809017, 0.0, 0.0, 0.0, 0.0, 1.0 ], [ 0.309017, -0.5, 0.809017, 0.0, -0.5, -0.809017, -0.309017, 0.0, 0.809017, -0.309017, -0.5, 0.0, 0.0, 0.0, 0.0, 1.0 ], [ -0.809017, 0.309017, 0.5, 0.0, 0.309017, -0.5, 0.809017, 0.0, 0.5, 0.809017, 0.309017, 0.0, 0.0, 0.0, 0.0, 1.0 ], [ -0.5, -0.809017, 0.309017, 0.0, -0.809017, 0.309017, -0.5, 0.0, 0.309017, -0.5, -0.809017, 0.0, 0.0, 0.0, 0.0, 1.0 ], [ -0.309017, 0.5, 0.809017, 0.0, -0.5, -0.809017, 0.309017, 0.0, 0.809017, -0.309017, 0.5, 0.0, 0.0, 0.0, 0.0, 1.0 ], [ -0.809017, 0.309017, -0.5, 0.0, -0.309017, 0.5, 0.809017, 0.0, 0.5, 0.809017, -0.309017, 0.0, 0.0, 0.0, 0.0, 1.0 ], [ -0.809017, -0.309017, 0.5, 0.0, -0.309017, -0.5, -0.809017, 0.0, 0.5, -0.809017, 0.309017, 0.0, 0.0, 0.0, 0.0, 1.0 ], [ -0.5, 0.809017, -0.309017, 0.0, -0.809017, -0.309017, 0.5, 0.0, 0.309017, 0.5, 0.809017, 0.0, 0.0, 0.0, 0.0, 1.0 ], [ -0.309017, -0.5, -0.809017, 0.0, -0.5, 0.809017, -0.309017, 0.0, 0.809017, 0.309017, -0.5, 0.0, 0.0, 0.0, 0.0, 1.0 ], [ -1.0, 0.0, 0.0, 0.0, 0.0, 1.0, 0.0, 0.0, 0.0, 0.0, -1.0, 0.0, 0.0, 0.0, 0.0, 1.0 ], [ 0.0, 0.0, -1.0, 0.0, 1.0, 0.0, 0.0, 0.0, 0.0, -1.0, 0.0, 0.0, 0.0, 0.0, 0.0, 1.0 ], [ 0.0, -1.0, 0.0, 0.0, 0.0, 0.0, 1.0, 0.0, -1.0, 0.0, 0.0, 0.0, 0.0, 0.0, 0.0, 1.0 ], [ -0.809017, -0.309017, -0.5, 0.0, 0.309017, 0.5, -0.809017, 0.0, 0.5, -0.809017, -0.309017, 0.0, 0.0, 0.0, 0.0, 1.0 ], [ 0.5, -0.809017, -0.309017, 0.0, 0.809017, 0.309017, 0.5, 0.0, -0.309017, -0.5, 0.809017, 0.0, 0.0, 0.0, 0.0, 1.0 ], [ -0.309017, -0.5, 0.809017, 0.0, -0.5, 0.809017, 0.309017, 0.0, -0.809017, -0.309017, -0.5, 0.0, 0.0, 0.0, 0.0, 1.0 ], [ -0.5, -0.809017, -0.309017, 0.0, 0.809017, -0.309017, -0.5, 0.0, 0.309017, -0.5, 0.809017, 0.0, 0.0, 0.0, 0.0, 1.0 ], [ 0.309017, -0.5, 0.809017, 0.0, 0.5, 0.809017, 0.309017, 0.0, -0.809017, 0.309017, 0.5, 0.0, 0.0, 0.0, 0.0, 1.0 ], [ -0.809017, 0.309017, 0.5, 0.0, -0.309017, 0.5, -0.809017, 0.0, -0.5, -0.809017, -0.309017, 0.0, 0.0, 0.0, 0.0, 1.0 ], [ -0.5, -0.809017, 0.309017, 0.0, 0.809017, -0.309017, 0.5, 0.0, -0.309017, 0.5, 0.809017, 0.0, 0.0, 0.0, 0.0, 1.0 ], [ -0.309017, 0.5, 0.809017, 0.0, 0.5, 0.809017, -0.309017, 0.0, -0.809017, 0.309017, -0.5, 0.0, 0.0, 0.0, 0.0, 1.0 ], [ -0.809017, 0.309017, -0.5, 0.0, 0.309017, -0.5, -0.809017, 0.0, -0.5, -0.809017, 0.309017, 0.0, 0.0, 0.0, 0.0, 1.0 ], [ -0.809017, -0.309017, 0.5, 0.0, 0.309017, 0.5, 0.809017, 0.0, -0.5, 0.809017, -0.309017, 0.0, 0.0, 0.0, 0.0, 1.0 ], [ -0.5, 0.809017, -0.309017, 0.0, 0.809017, 0.309017, -0.5, 0.0, -0.309017, -0.5, -0.809017, 0.0, 0.0, 0.0, 0.0, 1.0 ], [ -0.309017, -0.5, -0.809017, 0.0, 0.5, -0.809017, 0.309017, 0.0, -0.809017, -0.309017, 0.5, 0.0, 0.0, 0.0, 0.0, 1.0 ] ],
  "lights" : {
    "ambientColor" : "#292929",
    "backgroundColor" : "#AFC8DC",
    "directionalLights" : [ {
      "direction" : {
        "x" : 1.0,
        "y" : -1.0,
        "z" : -1.0
      },
      "color" : "#EBEBE4"
    }, {
      "direction" : {
        "x" : -1.0,
        "y" : 0.0,
        "z" : 0.0
      },
      "color" : "#E4E4EB"
    }, {
      "direction" : {
        "x" : 0.0,
        "y" : 0.0,
        "z" : -1.0
      },
      "color" : "#1E1E1E"
    } ]
  },
  "camera" : {
    "lookDirection" : {
      "x" : -0.9998697,
      "y" : 0.0079047475,
      "z" : 0.0115293795
    },
    "upDirection" : {
      "x" : 0.007846733,
      "y" : 0.9998392,
      "z" : -0.0036385667
    },
    "lookAtPoint" : {
      "x" : 0.0,
      "y" : 0.0,
      "z" : 0.0
    },
    "viewDistance" : 158.99606,
    "nearClipDistance" : 0.3974902,
    "farClipDistance" : 317.9928,
    "fieldOfView" : 0.44262946,
    "perspective" : false,
    "width" : 71.548325,
    "stereo" : false,
    "position" : {
      "x" : 158.97534,
      "y" : -1.2568238,
      "z" : -1.833126
    }
  },
  "embedding" : [ 1.0, 0.0, 0.0, 0.0, 0.0, 1.0, 0.0, 0.0, 0.0, 0.0, 1.0, 0.0, 0.0, 0.0, 0.0, 1.0 ],
  "shapes" : [ {
    "id" : "f461fc93-d95b-45c5-bd35-8d26864e9764",
    "vertices" : [ {
      "x" : 0.309017,
      "y" : -0.309017,
      "z" : -0.309017
    }, {
      "x" : 0.5,
      "y" : 0.0,
      "z" : -0.19098301
    }, {
      "x" : 0.5,
      "y" : 0.0,
      "z" : 0.19098301
    }, {
      "x" : 0.309017,
      "y" : -0.309017,
      "z" : 0.309017
    }, {
      "x" : 0.19098301,
      "y" : -0.5,
      "z" : 0.0
    }, {
      "x" : 0.0,
      "y" : 0.19098301,
      "z" : 0.5
    }, {
      "x" : 0.0,
      "y" : -0.19098301,
      "z" : 0.5
    }, {
      "x" : 0.309017,
      "y" : 0.309017,
      "z" : 0.309017
    }, {
      "x" : -0.309017,
      "y" : -0.309017,
      "z" : 0.309017
    }, {
      "x" : -0.309017,
      "y" : 0.309017,
      "z" : 0.309017
    }, {
      "x" : -0.5,
      "y" : 0.0,
      "z" : 0.19098301
    }, {
      "x" : 0.0,
      "y" : -0.19098301,
      "z" : -0.5
    }, {
      "x" : 0.0,
      "y" : 0.19098301,
      "z" : -0.5
    }, {
      "x" : 0.309017,
      "y" : 0.309017,
      "z" : -0.309017
    }, {
      "x" : -0.309017,
      "y" : -0.309017,
      "z" : -0.309017
    }, {
      "x" : -0.19098301,
      "y" : -0.5,
      "z" : 0.0
    }, {
      "x" : -0.5,
      "y" : 0.0,
      "z" : -0.19098301
    }, {
      "x" : 0.19098301,
      "y" : 0.5,
      "z" : 0.0
    }, {
      "x" : -0.309017,
      "y" : 0.309017,
      "z" : -0.309017
    }, {
      "x" : 0.0,
      "y" : 0.0,
      "z" : 0.0
    }, {
      "x" : -0.19098301,
      "y" : 0.5,
      "z" : 0.0
    } ],
    "faces" : [ {
      "vertices" : [ 12, 18, 20 ]
    }, {
      "vertices" : [ 12, 20, 17 ]
    }, {
      "vertices" : [ 12, 17, 13 ]
    }, {
      "vertices" : [ 3, 6, 8 ]
    }, {
      "vertices" : [ 3, 8, 15 ]
    }, {
      "vertices" : [ 3, 15, 4 ]
    }, {
      "vertices" : [ 0, 11, 12 ]
    }, {
      "vertices" : [ 0, 12, 13 ]
    }, {
      "vertices" : [ 0, 13, 1 ]
    }, {
      "vertices" : [ 5, 9, 10 ]
    }, {
      "vertices" : [ 5, 10, 8 ]
    }, {
      "vertices" : [ 5, 8, 6 ]
    }, {
      "vertices" : [ 2, 7, 5 ]
    }, {
      "vertices" : [ 2, 5, 6 ]
    }, {
      "vertices" : [ 2, 6, 3 ]
    }, {
      "vertices" : [ 11, 14, 16 ]
    }, {
      "vertices" : [ 11, 16, 18 ]
    }, {
      "vertices" : [ 11, 18, 12 ]
    }, {
      "vertices" : [ 1, 13, 17 ]
    }, {
      "vertices" : [ 1, 17, 7 ]
    }, {
      "vertices" : [ 1, 7, 2 ]
    }, {
      "vertices" : [ 9, 20, 18 ]
    }, {
      "vertices" : [ 9, 18, 16 ]
    }, {
      "vertices" : [ 9, 16, 10 ]
    }, {
      "vertices" : [ 0, 1, 2 ]
    }, {
      "vertices" : [ 0, 2, 3 ]
    }, {
      "vertices" : [ 0, 3, 4 ]
    }, {
      "vertices" : [ 5, 7, 17 ]
    }, {
      "vertices" : [ 5, 17, 20 ]
    }, {
      "vertices" : [ 5, 20, 9 ]
    }, {
      "vertices" : [ 0, 4, 15 ]
    }, {
      "vertices" : [ 0, 15, 14 ]
    }, {
      "vertices" : [ 0, 14, 11 ]
    }, {
      "vertices" : [ 8, 10, 16 ]
    }, {
      "vertices" : [ 8, 16, 14 ]
    }, {
      "vertices" : [ 8, 14, 15 ]
    } ]
  }, {
    "id" : "92a1c26c-8776-436e-9000-3035d416c90c",
    "vertices" : [ {
      "x" : 14.5172205,
      "y" : 0.0,
      "z" : -5.545085
    }, {
      "x" : 14.208204,
      "y" : 0.0,
      "z" : -5.427051
    }, {
      "x" : 13.803696,
      "y" : -0.1545085,
      "z" : -4.986068
    }, {
      "x" : 13.612713,
      "y" : -0.1545085,
      "z" : -5.486068
    }, {
      "x" : 0.9045085,
      "y" : -0.1545085,
      "z" : -0.059016995
    }, {
      "x" : 0.809017,
      "y" : 0.309017,
      "z" : -0.309017
    }, {
      "x" : 0.309017,
      "y" : 0.0,
      "z" : -0.11803399
    }, {
      "x" : 13.708204,
      "y" : 0.309017,
      "z" : -5.236068
    }, {
      "x" : 0.7135255,
      "y" : -0.1545085,
      "z" : -0.559017
    } ],
    "faces" : [ {
      "vertices" : [ 2, 4, 8 ]
    }, {
      "vertices" : [ 2, 8, 3 ]
    }, {
      "vertices" : [ 2, 7, 5 ]
    }, {
      "vertices" : [ 2, 5, 4 ]
    }, {
      "vertices" : [ 4, 6, 8 ]
    }, {
      "vertices" : [ 5, 8, 6 ]
    }, {
      "vertices" : [ 1, 2, 3 ]
    }, {
      "vertices" : [ 3, 8, 5 ]
    }, {
      "vertices" : [ 3, 5, 7 ]
    }, {
      "vertices" : [ 1, 7, 2 ]
    }, {
      "vertices" : [ 1, 3, 7 ]
    }, {
      "vertices" : [ 4, 5, 6 ]
    } ]
  }, {
    "id" : "f9eb7a74-a4d8-4192-8cba-d7dccb17d854",
    "vertices" : [ {
      "x" : 9.704915,
      "y" : 11.362713,
      "z" : 0.0
    }, {
      "x" : 8.986068,
      "y" : 10.7446785,
      "z" : 0.309017
    }, {
      "x" : 9.486068,
      "y" : 10.553696,
      "z" : 0.0
    }, {
      "x" : 9.368034,
      "y" : 10.7446785,
      "z" : -0.309017
    }, {
      "x" : 8.868034,
      "y" : 10.935661,
      "z" : 0.0
    }, {
      "x" : 0.54508495,
      "y" : 1.190983,
      "z" : 0.0
    }, {
      "x" : 0.66311896,
      "y" : 1.0,
      "z" : 0.309017
    }, {
      "x" : 1.163119,
      "y" : 0.809017,
      "z" : 0.0
    }, {
      "x" : 1.045085,
      "y" : 1.0,
      "z" : -0.309017
    }, {
      "x" : 0.32623792,
      "y" : 0.38196602,
      "z" : 0.0
    }, {
      "x" : 10.031153,
      "y" : 11.7446785,
      "z" : 0.0
    } ],
    "faces" : [ {
      "vertices" : [ 1, 4, 5 ]
    }, {
      "vertices" : [ 1, 5, 6 ]
    }, {
      "vertices" : [ 1, 6, 7 ]
    }, {
      "vertices" : [ 1, 7, 2 ]
    }, {
      "vertices" : [ 0, 1, 2 ]
    }, {
      "vertices" : [ 2, 7, 8 ]
    }, {
      "vertices" : [ 2, 8, 3 ]
    }, {
      "vertices" : [ 5, 9, 6 ]
    }, {
      "vertices" : [ 3, 8, 5 ]
    }, {
      "vertices" : [ 3, 5, 4 ]
    }, {
      "vertices" : [ 0, 2, 3 ]
    }, {
      "vertices" : [ 0, 4, 1 ]
    }, {
      "vertices" : [ 6, 9, 7 ]
    }, {
      "vertices" : [ 5, 8, 9 ]
    }, {
      "vertices" : [ 0, 3, 4 ]
    }, {
      "vertices" : [ 7, 9, 8 ]
    } ]
  }, {
    "id" : "15972171-a9da-43d5-a8ed-b84348b2ee25",
    "vertices" : [ {
      "x" : 1.0,
      "y" : 0.309017,
      "z" : 0.19098301
    }, {
      "x" : 1.0,
      "y" : -0.309017,
      "z" : 0.19098301
    }, {
      "x" : 21.18034,
      "y" : -0.309017,
      "z" : 0.19098301
    }, {
      "x" : 21.18034,
      "y" : 0.309017,
      "z" : 0.19098301
    }, {
      "x" : 21.18034,
      "y" : -0.309017,
      "z" : -0.19098301
    }, {
      "x" : 21.18034,
      "y" : 0.309017,
      "z" : -0.19098301
    }, {
      "x" : 21.798374,
      "y" : 0.0,
      "z" : 0.0
    }, {
      "x" : 0.38196602,
      "y" : 0.0,
      "z" : 0.0
    }, {
      "x" : 1.0,
      "y" : 0.309017,
      "z" : -0.19098301
    }, {
      "x" : 1.0,
      "y" : -0.309017,
      "z" : -0.19098301
    }, {
      "x" : 22.18034,
      "y" : 0.0,
      "z" : 0.0
    } ],
    "faces" : [ {
      "vertices" : [ 1, 9, 4 ]
    }, {
      "vertices" : [ 1, 4, 2 ]
    }, {
      "vertices" : [ 0, 3, 5 ]
    }, {
      "vertices" : [ 0, 5, 8 ]
    }, {
      "vertices" : [ 1, 7, 9 ]
    }, {
      "vertices" : [ 0, 1, 2 ]
    }, {
      "vertices" : [ 0, 2, 3 ]
    }, {
      "vertices" : [ 7, 8, 9 ]
    }, {
      "vertices" : [ 0, 7, 1 ]
    }, {
      "vertices" : [ 4, 9, 8 ]
    }, {
      "vertices" : [ 4, 8, 5 ]
    }, {
      "vertices" : [ 2, 6, 3 ]
    }, {
      "vertices" : [ 2, 4, 6 ]
    }, {
      "vertices" : [ 3, 6, 5 ]
    }, {
      "vertices" : [ 4, 5, 6 ]
    }, {
      "vertices" : [ 0, 8, 7 ]
    } ]
  }, {
    "id" : "8ab4be48-df9f-4cfa-be11-83db276dd70f",
    "vertices" : [ {
      "x" : 6.763932,
      "y" : 28.652475,
      "z" : 6.763932
    }, {
      "x" : 6.427051,
      "y" : 28.034441,
      "z" : 6.309017
    }, {
      "x" : 6.309017,
      "y" : 28.225426,
      "z" : 6.618034
    }, {
      "x" : 0.090169944,
      "y" : 0.38196602,
      "z" : 0.090169944
    }, {
      "x" : -0.072949015,
      "y" : 1.190983,
      "z" : 0.23606798
    }, {
      "x" : 0.045084972,
      "y" : 1.0,
      "z" : -0.072949015
    }, {
      "x" : 6.809017,
      "y" : 28.034441,
      "z" : 6.927051
    }, {
      "x" : 0.54508495,
      "y" : 0.809017,
      "z" : 0.23606798
    }, {
      "x" : 6.927051,
      "y" : 27.843458,
      "z" : 6.618034
    }, {
      "x" : 6.854102,
      "y" : 29.034441,
      "z" : 6.854102
    }, {
      "x" : 0.42705098,
      "y" : 1.0,
      "z" : 0.54508495
    } ],
    "faces" : [ {
      "vertices" : [ 3, 10, 4 ]
    }, {
      "vertices" : [ 0, 1, 2 ]
    }, {
      "vertices" : [ 3, 7, 10 ]
    }, {
      "vertices" : [ 1, 8, 7 ]
    }, {
      "vertices" : [ 1, 7, 5 ]
    }, {
      "vertices" : [ 2, 4, 10 ]
    }, {
      "vertices" : [ 2, 10, 6 ]
    }, {
      "vertices" : [ 0, 2, 6 ]
    }, {
      "vertices" : [ 0, 8, 1 ]
    }, {
      "vertices" : [ 3, 4, 5 ]
    }, {
      "vertices" : [ 1, 5, 4 ]
    }, {
      "vertices" : [ 1, 4, 2 ]
    }, {
      "vertices" : [ 0, 6, 8 ]
    }, {
      "vertices" : [ 6, 10, 7 ]
    }, {
      "vertices" : [ 6, 7, 8 ]
    }, {
      "vertices" : [ 3, 5, 7 ]
    } ]
  }, {
    "id" : "3eb9e1cd-7005-4405-afc0-9f3c553dce3f",
    "vertices" : [ {
      "x" : 12.503289,
      "y" : 0.0,
      "z" : 6.3315597
    }, {
      "x" : 13.02051,
      "y" : 0.0,
      "z" : 7.0225425
    }, {
      "x" : 12.312305,
      "y" : -0.309017,
      "z" : 6.8315597
    }, {
      "x" : 0.95491505,
      "y" : 0.0,
      "z" : 0.927051
    }, {
      "x" : 12.121323,
      "y" : 0.0,
      "z" : 6.9495935
    }, {
      "x" : 12.312305,
      "y" : 0.309017,
      "z" : 6.4495935
    }, {
      "x" : 1.145898,
      "y" : 0.309017,
      "z" : 0.42705098
    }, {
      "x" : 1.336881,
      "y" : 0.0,
      "z" : 0.309017
    }, {
      "x" : 1.145898,
      "y" : -0.309017,
      "z" : 0.809017
    }, {
      "x" : 0.4376941,
      "y" : 0.0,
      "z" : 0.23606798
    }, {
      "x" : 13.458204,
      "y" : 0.0,
      "z" : 7.2586102
    } ],
    "faces" : [ {
      "vertices" : [ 0, 2, 8 ]
    }, {
      "vertices" : [ 0, 8, 7 ]
    }, {
      "vertices" : [ 2, 4, 3 ]
    }, {
      "vertices" : [ 2, 3, 8 ]
    }, {
      "vertices" : [ 3, 4, 5 ]
    }, {
      "vertices" : [ 3, 5, 6 ]
    }, {
      "vertices" : [ 0, 7, 6 ]
    }, {
      "vertices" : [ 0, 6, 5 ]
    }, {
      "vertices" : [ 3, 6, 9 ]
    }, {
      "vertices" : [ 0, 1, 2 ]
    }, {
      "vertices" : [ 3, 9, 8 ]
    }, {
      "vertices" : [ 0, 5, 1 ]
    }, {
      "vertices" : [ 6, 7, 9 ]
    }, {
      "vertices" : [ 1, 4, 2 ]
    }, {
      "vertices" : [ 7, 8, 9 ]
    }, {
      "vertices" : [ 1, 5, 4 ]
    } ]
  }, {
    "id" : "9396b48a-59ef-460a-9cfc-36dbe585c516",
    "vertices" : [ {
      "x" : 0.9045085,
      "y" : 0.3454915,
      "z" : 0.25
    }, {
      "x" : 10.376644,
      "y" : 6.1995935,
      "z" : 0.25
    }, {
      "x" : 10.185661,
      "y" : 6.5086102,
      "z" : 0.25
    }, {
      "x" : 0.7135255,
      "y" : 0.6545085,
      "z" : 0.25
    }, {
      "x" : 0.809017,
      "y" : 0.5,
      "z" : -0.309017
    }, {
      "x" : 0.9635255,
      "y" : 0.25,
      "z" : -0.095491506
    }, {
      "x" : 0.309017,
      "y" : 0.19098301,
      "z" : 0.0
    }, {
      "x" : 10.781153,
      "y" : 6.663119,
      "z" : 0.0
    }, {
      "x" : 10.126644,
      "y" : 6.604102,
      "z" : -0.095491506
    }, {
      "x" : 10.281153,
      "y" : 6.354102,
      "z" : -0.309017
    }, {
      "x" : 11.09017,
      "y" : 6.854102,
      "z" : 0.0
    }, {
      "x" : 0.6545085,
      "y" : 0.75,
      "z" : -0.095491506
    }, {
      "x" : 10.435661,
      "y" : 6.104102,
      "z" : -0.095491506
    } ],
    "faces" : [ {
      "vertices" : [ 4, 11, 8 ]
    }, {
      "vertices" : [ 4, 8, 9 ]
    }, {
      "vertices" : [ 0, 1, 2 ]
    }, {
      "vertices" : [ 0, 2, 3 ]
    }, {
      "vertices" : [ 0, 3, 6 ]
    }, {
      "vertices" : [ 1, 7, 2 ]
    }, {
      "vertices" : [ 0, 6, 5 ]
    }, {
      "vertices" : [ 4, 5, 6 ]
    }, {
      "vertices" : [ 2, 7, 8 ]
    }, {
      "vertices" : [ 0, 5, 12 ]
    }, {
      "vertices" : [ 0, 12, 1 ]
    }, {
      "vertices" : [ 1, 12, 7 ]
    }, {
      "vertices" : [ 3, 11, 6 ]
    }, {
      "vertices" : [ 4, 6, 11 ]
    }, {
      "vertices" : [ 7, 9, 8 ]
    }, {
      "vertices" : [ 2, 8, 11 ]
    }, {
      "vertices" : [ 2, 11, 3 ]
    }, {
      "vertices" : [ 7, 12, 9 ]
    }, {
      "vertices" : [ 4, 9, 12 ]
    }, {
      "vertices" : [ 4, 12, 5 ]
    } ]
  }, {
    "id" : "3edc6c1c-6912-48fc-af2a-f6dc5536f42c",
    "vertices" : [ {
      "x" : 8.082474,
      "y" : 30.03294,
      "z" : 0.13333334
    }, {
      "x" : 8.182474,
      "y" : 30.13294,
      "z" : -0.26666668
    }, {
      "x" : 0.38966182,
      "y" : 0.6195362,
      "z" : -0.13333334
    }, {
      "x" : 0.28966182,
      "y" : 0.51953626,
      "z" : 0.26666668
    }, {
      "x" : 8.482474,
      "y" : 29.899607,
      "z" : -0.13333334
    }, {
      "x" : 8.382474,
      "y" : 29.799606,
      "z" : 0.26666668
    }, {
      "x" : -0.010338181,
      "y" : 0.75286955,
      "z" : 0.13333334
    }, {
      "x" : 0.08966182,
      "y" : 0.8528696,
      "z" : -0.26666668
    } ],
    "faces" : [ {
      "vertices" : [ 2, 3, 6 ]
    }, {
      "vertices" : [ 2, 6, 7 ]
    }, {
      "vertices" : [ 0, 5, 4 ]
    }, {
      "vertices" : [ 0, 4, 1 ]
    }, {
      "vertices" : [ 2, 4, 5 ]
    }, {
      "vertices" : [ 2, 5, 3 ]
    }, {
      "vertices" : [ 0, 6, 3 ]
    }, {
      "vertices" : [ 0, 3, 5 ]
    }, {
      "vertices" : [ 0, 1, 7 ]
    }, {
      "vertices" : [ 0, 7, 6 ]
    }, {
      "vertices" : [ 1, 4, 2 ]
    }, {
      "vertices" : [ 1, 2, 7 ]
    } ]
  }, {
    "id" : "33c890c9-0de8-4ffb-b68c-cd0c792f8fe1",
    "vertices" : [ {
      "x" : 1.0,
      "y" : 0.309017,
      "z" : 0.19098301
    }, {
      "x" : 1.0,
      "y" : -0.309017,
      "z" : 0.19098301
    }, {
      "x" : 34.888542,
      "y" : -0.309017,
      "z" : 0.19098301
    }, {
      "x" : 34.888542,
      "y" : 0.309017,
      "z" : 0.19098301
    }, {
      "x" : 34.888542,
      "y" : -0.309017,
      "z" : -0.19098301
    }, {
      "x" : 34.888542,
      "y" : 0.309017,
      "z" : -0.19098301
    }, {
      "x" : 35.506577,
      "y" : 0.0,
      "z" : 0.0
    }, {
      "x" : 0.38196602,
      "y" : 0.0,
      "z" : 0.0
    }, {
      "x" : 1.0,
      "y" : 0.309017,
      "z" : -0.19098301
    }, {
      "x" : 1.0,
      "y" : -0.309017,
      "z" : -0.19098301
    }, {
      "x" : 35.888542,
      "y" : 0.0,
      "z" : 0.0
    } ],
    "faces" : [ {
      "vertices" : [ 1, 9, 4 ]
    }, {
      "vertices" : [ 1, 4, 2 ]
    }, {
      "vertices" : [ 0, 3, 5 ]
    }, {
      "vertices" : [ 0, 5, 8 ]
    }, {
      "vertices" : [ 1, 7, 9 ]
    }, {
      "vertices" : [ 0, 1, 2 ]
    }, {
      "vertices" : [ 0, 2, 3 ]
    }, {
      "vertices" : [ 7, 8, 9 ]
    }, {
      "vertices" : [ 0, 7, 1 ]
    }, {
      "vertices" : [ 4, 9, 8 ]
    }, {
      "vertices" : [ 4, 8, 5 ]
    }, {
      "vertices" : [ 2, 6, 3 ]
    }, {
      "vertices" : [ 2, 4, 6 ]
    }, {
      "vertices" : [ 3, 6, 5 ]
    }, {
      "vertices" : [ 4, 5, 6 ]
    }, {
      "vertices" : [ 0, 8, 7 ]
    } ]
  }, {
    "id" : "3e2237fd-de04-4e5e-9777-aeddc3830fdf",
    "vertices" : [ {
      "x" : 3.9414394,
      "y" : 32.593952,
      "z" : 0.13333334
    }, {
      "x" : 4.0414395,
      "y" : 32.693954,
      "z" : -0.26666668
    }, {
      "x" : 0.29462862,
      "y" : 0.67655617,
      "z" : -0.13333334
    }, {
      "x" : 0.19462863,
      "y" : 0.57655615,
      "z" : 0.26666668
    }, {
      "x" : 4.3414392,
      "y" : 32.46062,
      "z" : -0.13333334
    }, {
      "x" : 4.2414393,
      "y" : 32.36062,
      "z" : 0.26666668
    }, {
      "x" : -0.10537138,
      "y" : 0.8098895,
      "z" : 0.13333334
    }, {
      "x" : -0.00537138,
      "y" : 0.9098895,
      "z" : -0.26666668
    } ],
    "faces" : [ {
      "vertices" : [ 2, 3, 6 ]
    }, {
      "vertices" : [ 2, 6, 7 ]
    }, {
      "vertices" : [ 0, 5, 4 ]
    }, {
      "vertices" : [ 0, 4, 1 ]
    }, {
      "vertices" : [ 2, 4, 5 ]
    }, {
      "vertices" : [ 2, 5, 3 ]
    }, {
      "vertices" : [ 0, 6, 3 ]
    }, {
      "vertices" : [ 0, 3, 5 ]
    }, {
      "vertices" : [ 0, 1, 7 ]
    }, {
      "vertices" : [ 0, 7, 6 ]
    }, {
      "vertices" : [ 1, 4, 2 ]
    }, {
      "vertices" : [ 1, 2, 7 ]
    } ]
  }, {
    "id" : "b1745269-b39a-409f-9922-4e77c6770d74",
    "vertices" : [ {
      "x" : 28.725426,
      "y" : 10.972136,
      "z" : -4.190983
    }, {
      "x" : 28.343458,
      "y" : 10.5172205,
      "z" : -4.0
    }, {
      "x" : 28.18034,
      "y" : 10.781153,
      "z" : -4.427051
    }, {
      "x" : 28.107391,
      "y" : 11.045085,
      "z" : -4.236068
    }, {
      "x" : 0.85410196,
      "y" : 0.309017,
      "z" : 0.19098301
    }, {
      "x" : 0.690983,
      "y" : 0.572949,
      "z" : -0.23606798
    }, {
      "x" : 0.309017,
      "y" : 0.11803399,
      "z" : -0.045084972
    }, {
      "x" : 0.76393205,
      "y" : 0.309017,
      "z" : -0.42705098
    }, {
      "x" : 0.927051,
      "y" : 0.045084972,
      "z" : 0.0
    }, {
      "x" : 28.27051,
      "y" : 10.781153,
      "z" : -3.809017
    }, {
      "x" : 29.034441,
      "y" : 11.09017,
      "z" : -4.236068
    } ],
    "faces" : [ {
      "vertices" : [ 2, 7, 5 ]
    }, {
      "vertices" : [ 2, 5, 3 ]
    }, {
      "vertices" : [ 1, 8, 7 ]
    }, {
      "vertices" : [ 1, 7, 2 ]
    }, {
      "vertices" : [ 4, 6, 8 ]
    }, {
      "vertices" : [ 5, 7, 6 ]
    }, {
      "vertices" : [ 0, 1, 2 ]
    }, {
      "vertices" : [ 0, 2, 3 ]
    }, {
      "vertices" : [ 6, 7, 8 ]
    }, {
      "vertices" : [ 3, 5, 4 ]
    }, {
      "vertices" : [ 3, 4, 9 ]
    }, {
      "vertices" : [ 1, 9, 4 ]
    }, {
      "vertices" : [ 1, 4, 8 ]
    }, {
      "vertices" : [ 0, 9, 1 ]
    }, {
      "vertices" : [ 0, 3, 9 ]
    }, {
      "vertices" : [ 4, 5, 6 ]
    } ]
  } ],
  "instances" : [ {
    "shape" : "f461fc93-d95b-45c5-bd35-8d26864e9764",
    "color" : "#FFFFFF",
    "position" : {
      "x" : 8.972136,
      "y" : -12.399187,
      "z" : -11.09017
    }
  }, {
    "shape" : "92a1c26c-8776-436e-9000-3035d416c90c",
    "color" : "#F0A000",
    "position" : {
      "x" : -14.5172205,
      "y" : -11.09017,
      "z" : 5.545085
    },
    "orientation" : 0
  }, {
    "shape" : "f9eb7a74-a4d8-4192-8cba-d7dccb17d854",
    "color" : "#000099",
    "position" : {
      "x" : 0.0,
      "y" : -11.09017,
      "z" : 0.0
    },
    "orientation" : 47
  }, {
    "shape" : "15972171-a9da-43d5-a8ed-b84348b2ee25",
    "color" : "#007695",
    "position" : {
      "x" : 11.09017,
      "y" : 0.0,
      "z" : 17.944271
    },
    "orientation" : 25
  }, {
    "shape" : "8ab4be48-df9f-4cfa-be11-83db276dd70f",
    "color" : "#AF87FF",
    "position" : {
      "x" : 8.972136,
      "y" : 12.399187,
      "z" : -11.09017
    },
    "orientation" : 25
  }, {
    "shape" : "f461fc93-d95b-45c5-bd35-8d26864e9764",
    "color" : "#FFFFFF",
    "position" : {
      "x" : 0.0,
      "y" : 0.0,
      "z" : 11.09017
    }
  }, {
    "shape" : "92a1c26c-8776-436e-9000-3035d416c90c",
    "color" : "#F0A000",
    "position" : {
      "x" : 5.545085,
      "y" : 14.5172205,
      "z" : -11.09017
    },
    "orientation" : 16
  }, {
    "shape" : "3eb9e1cd-7005-4405-afc0-9f3c553dce3f",
    "color" : "#FF7E6A",
    "position" : {
      "x" : -11.09017,
      "y" : 0.0,
      "z" : 0.0
    },
    "orientation" : 47
  }, {
    "shape" : "9396b48a-59ef-460a-9cfc-36dbe585c516",
    "color" : "#AF0000",
    "position" : {
      "x" : 11.09017,
      "y" : -11.09017,
      "z" : 11.09017
    },
    "orientation" : 30
  }, {
    "shape" : "9396b48a-59ef-460a-9cfc-36dbe585c516",
    "color" : "#AF0000",
    "position" : {
      "x" : -11.09017,
      "y" : 11.09017,
      "z" : -11.09017
    },
    "orientation" : 16
  }, {
    "shape" : "9396b48a-59ef-460a-9cfc-36dbe585c516",
    "color" : "#AF0000",
    "position" : {
      "x" : -11.09017,
      "y" : 11.09017,
      "z" : 11.09017
    },
    "orientation" : 47
  }, {
    "shape" : "f461fc93-d95b-45c5-bd35-8d26864e9764",
    "color" : "#FFFFFF",
    "position" : {
      "x" : 11.09017,
      "y" : 10.031153,
      "z" : 11.7446785
    }
  }, {
    "shape" : "8ab4be48-df9f-4cfa-be11-83db276dd70f",
    "color" : "#AF87FF",
    "position" : {
      "x" : 11.09017,
      "y" : -8.972136,
      "z" : 12.399187
    },
    "orientation" : 26
  }, {
    "shape" : "f461fc93-d95b-45c5-bd35-8d26864e9764",
    "color" : "#FFFFFF",
    "position" : {
      "x" : 11.09017,
      "y" : -2.118034,
      "z" : -16.635256
    }
  }, {
    "shape" : "f9eb7a74-a4d8-4192-8cba-d7dccb17d854",
    "color" : "#000099",
    "position" : {
      "x" : -11.09017,
      "y" : 0.0,
      "z" : 0.0
    },
    "orientation" : 46
  }, {
    "shape" : "f461fc93-d95b-45c5-bd35-8d26864e9764",
    "color" : "#FFFFFF",
    "position" : {
      "x" : -11.09017,
      "y" : 2.118034,
      "z" : -16.635256
    }
  }, {
    "shape" : "f461fc93-d95b-45c5-bd35-8d26864e9764",
    "color" : "#FFFFFF",
    "position" : {
      "x" : -14.5172205,
      "y" : -11.09017,
      "z" : 5.545085
    }
  }, {
    "shape" : "3edc6c1c-6912-48fc-af2a-f6dc5536f42c",
    "color" : "#FFFFFF",
    "position" : {
      "x" : 4.236068,
      "y" : -15.326238,
      "z" : 11.09017
    },
    "orientation" : 45
  }, {
    "shape" : "f9eb7a74-a4d8-4192-8cba-d7dccb17d854",
    "color" : "#000099",
    "position" : {
      "x" : 0.0,
      "y" : 0.0,
      "z" : 11.09017
    },
    "orientation" : 30
  }, {
    "shape" : "f461fc93-d95b-45c5-bd35-8d26864e9764",
    "color" : "#FFFFFF",
    "position" : {
      "x" : -12.399187,
      "y" : -11.09017,
      "z" : 8.972136
    }
  }, {
    "shape" : "9396b48a-59ef-460a-9cfc-36dbe585c516",
    "color" : "#AF0000",
    "position" : {
      "x" : -11.09017,
      "y" : 11.09017,
      "z" : 11.09017
    },
    "orientation" : 0
  }, {
    "shape" : "f461fc93-d95b-45c5-bd35-8d26864e9764",
    "color" : "#FFFFFF",
    "position" : {
      "x" : -15.326238,
      "y" : -11.09017,
      "z" : -4.236068
    }
  }, {
    "shape" : "f461fc93-d95b-45c5-bd35-8d26864e9764",
    "color" : "#FFFFFF",
    "position" : {
      "x" : 2.118034,
      "y" : 16.635256,
      "z" : 11.09017
    }
  }, {
    "shape" : "f461fc93-d95b-45c5-bd35-8d26864e9764",
    "color" : "#FFFFFF",
    "position" : {
      "x" : -11.7446785,
      "y" : 11.09017,
      "z" : -10.031153
    }
  }, {
    "shape" : "f9eb7a74-a4d8-4192-8cba-d7dccb17d854",
    "color" : "#000099",
    "position" : {
      "x" : 0.0,
      "y" : 11.09017,
      "z" : 0.0
    },
    "orientation" : 2
  }, {
    "shape" : "f461fc93-d95b-45c5-bd35-8d26864e9764",
    "color" : "#FFFFFF",
    "position" : {
      "x" : -11.09017,
      "y" : -10.031153,
      "z" : 11.7446785
    }
  }, {
    "shape" : "f461fc93-d95b-45c5-bd35-8d26864e9764",
    "color" : "#FFFFFF",
    "position" : {
      "x" : -11.09017,
      "y" : 10.031153,
      "z" : -11.7446785
    }
  }, {
    "shape" : "8ab4be48-df9f-4cfa-be11-83db276dd70f",
    "color" : "#AF87FF",
    "position" : {
      "x" : 12.399187,
      "y" : -11.09017,
      "z" : 8.972136
    },
    "orientation" : 39
  }, {
    "shape" : "f461fc93-d95b-45c5-bd35-8d26864e9764",
    "color" : "#FFFFFF",
    "position" : {
      "x" : -13.458204,
      "y" : -11.09017,
      "z" : 7.2586102
    }
  }, {
    "shape" : "9396b48a-59ef-460a-9cfc-36dbe585c516",
    "color" : "#AF0000",
    "position" : {
      "x" : -11.09017,
      "y" : -11.09017,
      "z" : -11.09017
    },
    "orientation" : 46
  }, {
    "shape" : "92a1c26c-8776-436e-9000-3035d416c90c",
    "color" : "#F0A000",
    "position" : {
      "x" : -5.545085,
      "y" : -14.5172205,
      "z" : -11.09017
    },
    "orientation" : 6
  }, {
    "shape" : "f461fc93-d95b-45c5-bd35-8d26864e9764",
    "color" : "#FFFFFF",
    "position" : {
      "x" : 11.09017,
      "y" : -7.2586102,
      "z" : -13.458204
    }
  }, {
    "shape" : "33c890c9-0de8-4ffb-b68c-cd0c792f8fe1",
    "color" : "#0099FF",
    "position" : {
      "x" : 11.09017,
      "y" : 0.0,
      "z" : -17.944271
    },
    "orientation" : 2
  }, {
    "shape" : "f461fc93-d95b-45c5-bd35-8d26864e9764",
    "color" : "#FFFFFF",
    "position" : {
      "x" : 12.399187,
      "y" : 11.09017,
      "z" : -8.972136
    }
  }, {
    "shape" : "92a1c26c-8776-436e-9000-3035d416c90c",
    "color" : "#F0A000",
    "position" : {
      "x" : -14.5172205,
      "y" : -11.09017,
      "z" : -5.545085
    },
    "orientation" : 8
  }, {
    "shape" : "f461fc93-d95b-45c5-bd35-8d26864e9764",
    "color" : "#FFFFFF",
    "position" : {
      "x" : -16.635256,
      "y" : 11.09017,
      "z" : 2.118034
    }
  }, {
    "shape" : "f461fc93-d95b-45c5-bd35-8d26864e9764",
    "color" : "#FFFFFF",
    "position" : {
      "x" : -2.118034,
      "y" : 16.635256,
      "z" : -11.09017
    }
  }, {
    "shape" : "f461fc93-d95b-45c5-bd35-8d26864e9764",
    "color" : "#FFFFFF",
    "position" : {
      "x" : -16.635256,
      "y" : 11.09017,
      "z" : -2.118034
    }
  }, {
    "shape" : "f461fc93-d95b-45c5-bd35-8d26864e9764",
    "color" : "#FFFFFF",
    "position" : {
      "x" : 15.326238,
      "y" : -11.09017,
      "z" : 4.236068
    }
  }, {
    "shape" : "3e2237fd-de04-4e5e-9777-aeddc3830fdf",
    "color" : "#FFFFFF",
    "position" : {
      "x" : 16.635256,
      "y" : -11.09017,
      "z" : 2.118034
    },
    "orientation" : 47
  }, {
    "shape" : "9396b48a-59ef-460a-9cfc-36dbe585c516",
    "color" : "#AF0000",
    "position" : {
      "x" : -11.09017,
      "y" : 11.09017,
      "z" : 11.09017
    },
    "orientation" : 31
  }, {
    "shape" : "3eb9e1cd-7005-4405-afc0-9f3c553dce3f",
    "color" : "#FF7E6A",
    "position" : {
      "x" : 0.0,
      "y" : 0.0,
      "z" : -11.09017
    },
    "orientation" : 16
  }, {
    "shape" : "f461fc93-d95b-45c5-bd35-8d26864e9764",
    "color" : "#FFFFFF",
    "position" : {
      "x" : 11.09017,
      "y" : -10.031153,
      "z" : -11.7446785
    }
  }, {
    "shape" : "92a1c26c-8776-436e-9000-3035d416c90c",
    "color" : "#F0A000",
    "position" : {
      "x" : 5.545085,
      "y" : 14.5172205,
      "z" : 11.09017
    },
    "orientation" : 16
  }, {
    "shape" : "f461fc93-d95b-45c5-bd35-8d26864e9764",
    "color" : "#FFFFFF",
    "position" : {
      "x" : 11.09017,
      "y" : 5.545085,
      "z" : 14.5172205
    }
  }, {
    "shape" : "f461fc93-d95b-45c5-bd35-8d26864e9764",
    "color" : "#FFFFFF",
    "position" : {
      "x" : 12.399187,
      "y" : 11.09017,
      "z" : 8.972136
    }
  }, {
    "shape" : "f461fc93-d95b-45c5-bd35-8d26864e9764",
    "color" : "#FFFFFF",
    "position" : {
      "x" : 11.09017,
      "y" : -5.545085,
      "z" : -14.5172205
    }
  }, {
    "shape" : "f461fc93-d95b-45c5-bd35-8d26864e9764",
    "color" : "#FFFFFF",
    "position" : {
      "x" : 14.5172205,
      "y" : 11.09017,
      "z" : 5.545085
    }
  }, {
    "shape" : "f461fc93-d95b-45c5-bd35-8d26864e9764",
    "color" : "#FFFFFF",
    "position" : {
      "x" : 13.458204,
      "y" : 11.09017,
      "z" : -7.2586102
    }
  }, {
    "shape" : "f461fc93-d95b-45c5-bd35-8d26864e9764",
    "color" : "#FFFFFF",
    "position" : {
      "x" : -15.326238,
      "y" : 11.09017,
      "z" : 4.236068
    }
  }, {
    "shape" : "15972171-a9da-43d5-a8ed-b84348b2ee25",
    "color" : "#007695",
    "position" : {
      "x" : 0.0,
      "y" : 17.944271,
      "z" : 11.09017
    },
    "orientation" : 21
  }, {
    "shape" : "f461fc93-d95b-45c5-bd35-8d26864e9764",
    "color" : "#FFFFFF",
    "position" : {
      "x" : -4.236068,
      "y" : 15.326238,
      "z" : 11.09017
    }
  }, {
    "shape" : "15972171-a9da-43d5-a8ed-b84348b2ee25",
    "color" : "#007695",
    "position" : {
      "x" : 17.944271,
      "y" : 11.09017,
      "z" : 0.0
    },
    "orientation" : 56
  }, {
    "shape" : "9396b48a-59ef-460a-9cfc-36dbe585c516",
    "color" : "#AF0000",
    "position" : {
      "x" : 11.09017,
      "y" : 11.09017,
      "z" : 11.09017
    },
    "orientation" : 17
  }, {
    "shape" : "f9eb7a74-a4d8-4192-8cba-d7dccb17d854",
    "color" : "#000099",
    "position" : {
      "x" : -11.09017,
      "y" : 0.0,
      "z" : 0.0
    },
    "orientation" : 16
  }, {
    "shape" : "3eb9e1cd-7005-4405-afc0-9f3c553dce3f",
    "color" : "#FF7E6A",
    "position" : {
      "x" : 0.0,
      "y" : 0.0,
      "z" : -11.09017
    },
    "orientation" : 1
  }, {
    "shape" : "f461fc93-d95b-45c5-bd35-8d26864e9764",
    "color" : "#FFFFFF",
    "position" : {
      "x" : 11.09017,
      "y" : 0.0,
      "z" : -17.944271
    }
  }, {
    "shape" : "15972171-a9da-43d5-a8ed-b84348b2ee25",
    "color" : "#007695",
    "position" : {
      "x" : 0.0,
      "y" : 17.944271,
      "z" : -11.09017
    },
    "orientation" : 24
  }, {
    "shape" : "f461fc93-d95b-45c5-bd35-8d26864e9764",
    "color" : "#FFFFFF",
    "position" : {
      "x" : -11.09017,
      "y" : -11.09017,
      "z" : 11.09017
    }
  }, {
    "shape" : "3eb9e1cd-7005-4405-afc0-9f3c553dce3f",
    "color" : "#FF7E6A",
    "position" : {
      "x" : 0.0,
      "y" : 11.09017,
      "z" : 0.0
    },
    "orientation" : 15
  }, {
    "shape" : "f461fc93-d95b-45c5-bd35-8d26864e9764",
    "color" : "#FFFFFF",
    "position" : {
      "x" : -11.09017,
      "y" : -8.972136,
      "z" : -12.399187
    }
  }, {
    "shape" : "f461fc93-d95b-45c5-bd35-8d26864e9764",
    "color" : "#FFFFFF",
    "position" : {
      "x" : -11.09017,
      "y" : 0.0,
      "z" : 17.944271
    }
  }, {
    "shape" : "33c890c9-0de8-4ffb-b68c-cd0c792f8fe1",
    "color" : "#0099FF",
    "position" : {
      "x" : -17.944271,
      "y" : 11.09017,
      "z" : 0.0
    },
    "orientation" : 0
  }, {
    "shape" : "f461fc93-d95b-45c5-bd35-8d26864e9764",
    "color" : "#FFFFFF",
    "position" : {
      "x" : 11.09017,
      "y" : -5.545085,
      "z" : 14.5172205
    }
  }, {
    "shape" : "3eb9e1cd-7005-4405-afc0-9f3c553dce3f",
    "color" : "#FF7E6A",
    "position" : {
      "x" : 0.0,
      "y" : 0.0,
      "z" : -11.09017
    },
    "orientation" : 31
  }, {
    "shape" : "f461fc93-d95b-45c5-bd35-8d26864e9764",
    "color" : "#FFFFFF",
    "position" : {
      "x" : 11.09017,
      "y" : 8.972136,
      "z" : -12.399187
    }
  }, {
    "shape" : "f461fc93-d95b-45c5-bd35-8d26864e9764",
    "color" : "#FFFFFF",
    "position" : {
      "x" : 12.399187,
      "y" : -11.09017,
      "z" : 8.972136
    }
  }, {
    "shape" : "f461fc93-d95b-45c5-bd35-8d26864e9764",
    "color" : "#FFFFFF",
    "position" : {
      "x" : -15.326238,
      "y" : 11.09017,
      "z" : -4.236068
    }
  }, {
    "shape" : "3e2237fd-de04-4e5e-9777-aeddc3830fdf",
    "color" : "#FFFFFF",
    "position" : {
      "x" : 11.09017,
      "y" : -2.118034,
      "z" : 16.635256
    },
    "orientation" : 46
  }, {
    "shape" : "f461fc93-d95b-45c5-bd35-8d26864e9764",
    "color" : "#FFFFFF",
    "position" : {
      "x" : 15.326238,
      "y" : 11.09017,
      "z" : -4.236068
    }
  }, {
    "shape" : "f461fc93-d95b-45c5-bd35-8d26864e9764",
    "color" : "#FFFFFF",
    "position" : {
      "x" : 11.09017,
      "y" : 0.0,
      "z" : 0.0
    }
  }, {
    "shape" : "f461fc93-d95b-45c5-bd35-8d26864e9764",
    "color" : "#FFFFFF",
    "position" : {
      "x" : -8.972136,
      "y" : -12.399187,
      "z" : -11.09017
    }
  }, {
    "shape" : "92a1c26c-8776-436e-9000-3035d416c90c",
    "color" : "#F0A000",
    "position" : {
      "x" : 11.09017,
      "y" : -5.545085,
      "z" : 14.5172205
    },
    "orientation" : 17
  }, {
    "shape" : "3edc6c1c-6912-48fc-af2a-f6dc5536f42c",
    "color" : "#FFFFFF",
    "position" : {
      "x" : 11.09017,
      "y" : -4.236068,
      "z" : -15.326238
    },
    "orientation" : 1
  }, {
    "shape" : "33c890c9-0de8-4ffb-b68c-cd0c792f8fe1",
    "color" : "#0099FF",
    "position" : {
      "x" : 0.0,
      "y" : -17.944271,
      "z" : 11.09017
    },
    "orientation" : 1
  }, {
