{
  "field" : "golden",
  "symmetry" : "icosahedral",
  "orientations" : [ [ 1.0, 0.0, 0.0, 0.0, 0.0, 1.0, 0.0, 0.0, 0.0, 0.0, 1.0, 0.0, 0.0, 0.0, 0.0, 1.0 ], [ 0.0, 0.0, 1.0, 0.0, 1.0, 0.0, 0.0, 0.0, 0.0, 1.0, 0.0, 0.0, 0.0, 0.0, 0.0, 1.0 ], [ 0.0, 1.0, 0.0, 0.0, 0.0, 0.0, 1.0, 0.0, 1.0, 0.0, 0.0, 0.0, 0.0, 0.0, 0.0, 1.0 ], [ 0.809017, 0.309017, 0.5, 0.0, 0.309017, 0.5, -0.809017, 0.0, -0.5, 0.809017, 0.309017, 0.0, 0.0, 0.0, 0.0, 1.0 ], [ -0.5, 0.809017, 0.309017, 0.0, 0.809017, 0.309017, 0.5, 0.0, 0.309017, 0.5, -0.809017, 0.0, 0.0, 0.0, 0.0, 1.0 ], [ 0.309017, 0.5, -0.809017, 0.0, -0.5, 0.809017, 0.309017, 0.0, 0.809017, 0.309017, 0.5, 0.0, 0.0, 0.0, 0.0, 1.0 ], [ 0.5, 0.809017, 0.309017, 0.0, 0.809017, -0.309017, -0.5, 0.0, -0.309017, 0.5, -0.809017, 0.0, 0.0, 0.0, 0.0, 1.0 ], [ -0.309017, 0.5, -0.809017, 0.0, 0.5, 0.809017, 0.309017, 0.0, 0.809017, -0.309017, -0.5, 0.0, 0.0, 0.0, 0.0, 1.0 ], [ 0.809017, -0.309017, -0.5, 0.0, -0.309017, 0.5, -0.809017, 0.0, 0.5, 0.809017, 0.309017, 0.0, 0.0, 0.0, 0.0, 1.0 ], [ 0.5, 0.809017, -0.309017, 0.0, 0.809017, -0.309017, 0.5, 0.0, 0.309017, -0.5, -0.809017, 0.0, 0.0, 0.0, 0.0, 1.0 ], [ 0.309017, -0.5, -0.809017, 0.0, 0.5, 0.809017, -0.309017, 0.0, 0.809017, -0.309017, 0.5, 0.0, 0.0, 0.0, 0.0, 1.0 ], [ 0.809017, -0.309017, 0.5, 0.0, 0.309017, -0.5, -0.809017, 0.0, 0.5, 0.809017, -0.309017, 0.0, 0.0, 0.0, 0.0, 1.0 ], [ 0.809017, 0.309017, -0.5, 0.0, 0.309017, 0.5, 0.809017, 0.0, 0.5, -0.809017, 0.309017, 0.0, 0.0, 0.0, 0.0, 1.0 ], [ 0.5, -0.809017, 0.309017, 0.0, 0.809017, 0.309017, -0.5, 0.0, 0.309017, 0.5, 0.809017, 0.0, 0.0, 0.0, 0.0, 1.0 ], [ 0.309017, 0.5, 0.809017, 0.0, 0.5, -0.809017, 0.309017, 0.0, 0.809017, 0.309017, -0.5, 0.0, 0.0, 0.0, 0.0, 1.0 ], [ 1.0, 0.0, 0.0, 0.0, 0.0, -1.0, 0.0, 0.0, 0.0, 0.0, -1.0, 0.0, 0.0, 0.0, 0.0, 1.0 ], [ 0.0, 0.0, 1.0, 0.0, -1.0, 0.0, 0.0, 0.0, 0.0, -1.0, 0.0, 0.0, 0.0, 0.0, 0.0, 1.0 ], [ 0.0, 1.0, 0.0, 0.0, 0.0, 0.0, -1.0, 0.0, -1.0, 0.0, 0.0, 0.0, 0.0, 0.0, 0.0, 1.0 ], [ 0.809017, 0.309017, 0.5, 0.0, -0.309017, -0.5, 0.809017, 0.0, 0.5, -0.809017, -0.309017, 0.0, 0.0, 0.0, 0.0, 1.0 ], [ -0.5, 0.809017, 0.309017, 0.0, -0.809017, -0.309017, -0.5, 0.0, -0.309017, -0.5, 0.809017, 0.0, 0.0, 0.0, 0.0, 1.0 ], [ 0.309017, 0.5, -0.809017, 0.0, 0.5, -0.809017, -0.309017, 0.0, -0.809017, -0.309017, -0.5, 0.0, 0.0, 0.0, 0.0, 1.0 ], [ 0.5, 0.809017, 0.309017, 0.0, -0.809017, 0.309017, 0.5, 0.0, 0.309017, -0.5, 0.809017, 0.0, 0.0, 0.0, 0.0, 1.0 ], [ -0.309017, 0.5, -0.809017, 0.0, -0.5, -0.809017, -0.309017, 0.0, -0.809017, 0.309017, 0.5, 0.0, 0.0, 0.0, 0.0, 1.0 ], [ 0.809017, -0.309017, -0.5, 0.0, 0.309017, -0.5, 0.809017, 0.0, -0.5, -0.809017, -0.309017, 0.0, 0.0, 0.0, 0.0, 1.0 ], [ 0.5, 0.809017, -0.309017, 0.0, -0.809017, 0.309017, -0.5, 0.0, -0.309017, 0.5, 0.809017, 0.0, 0.0, 0.0, 0.0, 1.0 ], [ 0.309017, -0.5, -0.809017, 0.0, -0.5, -0.809017, 0.309017, 0.0, -0.809017, 0.309017, -0.5, 0.0, 0.0, 0.0, 0.0, 1.0 ], [ 0.809017, -0.309017, 0.5, 0.0, -0.309017, 0.5, 0.809017, 0.0, -0.5, -0.809017, 0.309017, 0.0, 0.0, 0.0, 0.0, 1.0 ], [ 0.809017, 0.309017, -0.5, 0.0, -0.309017, -0.5, -0.809017, 0.0, -0.5, 0.809017, -0.309017, 0.0, 0.0, 0.0, 0.0, 1.0 ], [ 0.5, -0.809017, 0.309017, 0.0, -0.809017, -0.309017, 0.5, 0.0, -0.309017, -0.5, -0.809017, 0.0, 0.0, 0.0, 0.0, 1.0 ], [ 0.309017, 0.5, 0.809017, 0.0, -0.5, 0.809017, -0.309017, 0.0, -0.809017, -0.309017, 0.5, 0.0, 0.0, 0.0, 0.0, 1.0 ], [ -1.0, 0.0, 0.0, 0.0, 0.0, -1.0, 0.0, 0.0, 0.0, 0.0, 1.0, 0.0, 0.0, 0.0, 0.0, 1.0 ], [ 0.0, 0.0, -1.0, 0.0, -1.0, 0.0, 0.0, 0.0, 0.0, 1.0, 0.0, 0.0, 0.0, 0.0, 0.0, 1.0 ], [ 0.0, -1.0, 0.0, 0.0, 0.0, 0.0, -1.0, 0.0, 1.0, 0.0, 0.0, 0.0, 0.0, 0.0, 0.0, 1.0 ], [ -0.809017, -0.309017, -0.5, 0.0, -0.309017, -0.5, 0.809017, 0.0, -0.5, 0.809017, 0.309017, 0.0, 0.0, 0.0, 0.0, 1.0 ], [ 0.5, -0.809017, -0.309017, 0.0, -0.809017, -0.309017, -0.5, 0.0, 0.309017, 0.5, -0.809017, 0.0, 0.0, 0.0, 0.0, 1.0 ], [ -0.309017, -0.5, 0.809017, 0.0, 0.5, -0.809017, -0.309017, 0.0, 0.809017, 0.309017, 0.5, 0.0, 0.0, 0.0, 0.0, 1.0 ], [ -0.5, -0.809017, -0.309017, 0.0, -0.809017, 0.309017, 0.5, 0.0, -0.309017, 0.5, -0.809017, 0.0, 0.0, 0.0, 0.0, 1.0 ], [ 0.309017, -0.5, 0.809017, 0.0, -0.5, -0.809017, -0.309017, 0.0, 0.809017, -0.309017, -0.5, 0.0, 0.0, 0.0, 0.0, 1.0 ], [ -0.809017, 0.309017, 0.5, 0.0, 0.309017, -0.5, 0.809017, 0.0, 0.5, 0.809017, 0.309017, 0.0, 0.0, 0.0, 0.0, 1.0 ], [ -0.5, -0.809017, 0.309017, 0.0, -0.809017, 0.309017, -0.5, 0.0, 0.309017, -0.5, -0.809017, 0.0, 0.0, 0.0, 0.0, 1.0 ], [ -0.309017, 0.5, 0.809017, 0.0, -0.5, -0.809017, 0.309017, 0.0, 0.809017, -0.309017, 0.5, 0.0, 0.0, 0.0, 0.0, 1.0 ], [ -0.809017, 0.309017, -0.5, 0.0, -0.309017, 0.5, 0.809017, 0.0, 0.5, 0.809017, -0.309017, 0.0, 0.0, 0.0, 0.0, 1.0 ], [ -0.809017, -0.309017, 0.5, 0.0, -0.309017, -0.5, -0.809017, 0.0, 0.5, -0.809017, 0.309017, 0.0, 0.0, 0.0, 0.0, 1.0 ], [ -0.5, 0.809017, -0.309017, 0.0, -0.809017, -0.309017, 0.5, 0.0, 0.309017, 0.5, 0.809017, 0.0, 0.0, 0.0, 0.0, 1.0 ], [ -0.309017, -0.5, -0.809017, 0.0, -0.5, 0.809017, -0.309017, 0.0, 0.809017, 0.309017, -0.5, 0.0, 0.0, 0.0, 0.0, 1.0 ], [ -1.0, 0.0, 0.0, 0.0, 0.0, 1.0, 0.0, 0.0, 0.0, 0.0, -1.0, 0.0, 0.0, 0.0, 0.0, 1.0 ], [ 0.0, 0.0, -1.0, 0.0, 1.0, 0.0, 0.0, 0.0, 0.0, -1.0, 0.0, 0.0, 0.0, 0.0, 0.0, 1.0 ], [ 0.0, -1.0, 0.0, 0.0, 0.0, 0.0, 1.0, 0.0, -1.0, 0.0, 0.0, 0.0, 0.0, 0.0, 0.0, 1.0 ], [ -0.809017, -0.309017, -0.5, 0.0, 0.309017, 0.5, -0.809017, 0.0, 0.5, -0.809017, -0.309017, 0.0, 0.0, 0.0, 0.0, 1.0 ], [ 0.5, -0.809017, -0.309017, 0.0, 0.809017, 0.309017, 0.5, 0.0, -0.309017, -0.5, 0.809017, 0.0, 0.0, 0.0, 0.0, 1.0 ], [ -0.309017, -0.5, 0.809017, 0.0, -0.5, 0.809017, 0.309017, 0.0, -0.809017, -0.309017, -0.5, 0.0, 0.0, 0.0, 0.0, 1.0 ], [ -0.5, -0.809017, -0.309017, 0.0, 0.809017, -0.309017, -0.5, 0.0, 0.309017, -0.5, 0.809017, 0.0, 0.0, 0.0, 0.0, 1.0 ], [ 0.309017, -0.5, 0.809017, 0.0, 0.5, 0.809017, 0.309017, 0.0, -0.809017, 0.309017, 0.5, 0.0, 0.0, 0.0, 0.0, 1.0 ], [ -0.809017, 0.309017, 0.5, 0.0, -0.309017, 0.5, -0.809017, 0.0, -0.5, -0.809017, -0.309017, 0.0, 0.0, 0.0, 0.0, 1.0 ], [ -0.5, -0.809017, 0.309017, 0.0, 0.809017, -0.309017, 0.5, 0.0, -0.309017, 0.5, 0.809017, 0.0, 0.0, 0.0, 0.0, 1.0 ], [ -0.309017, 0.5, 0.809017, 0.0, 0.5, 0.809017, -0.309017, 0.0, -0.809017, 0.309017, -0.5, 0.0, 0.0, 0.0, 0.0, 1.0 ], [ -0.809017, 0.309017, -0.5, 0.0, 0.309017, -0.5, -0.809017, 0.0, -0.5, -0.809017, 0.309017, 0.0, 0.0, 0.0, 0.0, 1.0 ], [ -0.809017, -0.309017, 0.5, 0.0, 0.309017, 0.5, 0.809017, 0.0, -0.5, 0.809017, -0.309017, 0.0, 0.0, 0.0, 0.0, 1.0 ], [ -0.5, 0.809017, -0.309017, 0.0, 0.809017, 0.309017, -0.5, 0.0, -0.309017, -0.5, -0.809017, 0.0, 0.0, 0.0, 0.0, 1.0 ], [ -0.309017, -0.5, -0.809017, 0.0, 0.5, -0.809017, 0.309017, 0.0, -0.809017, -0.309017, 0.5, 0.0, 0.0, 0.0, 0.0, 1.0 ] ],
  "lights" : {
    "backgroundColor" : "#CCE4FF",
    "ambientColor" : "#292929",
    "directionalLights" : [ {
      "direction" : {
        "x" : 1.0,
        "y" : -1.0,
        "z" : -1.0
      },
      "color" : "#EBEBE4"
    }, {
      "direction" : {
        "x" : -1.0,
        "y" : 0.0,
        "z" : 0.0
      },
      "color" : "#E4E4EB"
    }, {
      "direction" : {
        "x" : 0.0,
        "y" : 0.0,
        "z" : -1.0
      },
      "color" : "#1E1E1E"
    } ]
  },
  "camera" : {
    "lookDirection" : {
      "x" : 0.0,
      "y" : 0.0,
      "z" : -1.0
    },
    "upDirection" : {
      "x" : 0.0,
      "y" : 1.0,
      "z" : 0.0
    },
    "lookAtPoint" : {
      "x" : 0.0,
      "y" : 0.0,
      "z" : 0.0
    },
    "viewDistance" : 92.654686,
    "nearClipDistance" : 0.23163687,
    "farClipDistance" : 185.30952,
    "fieldOfView" : 0.44262907,
    "perspective" : false,
    "stereo" : false,
    "width" : 41.694626,
    "position" : {
      "x" : 0.0,
      "y" : 0.0,
      "z" : 92.654686
    }
  },
  "embedding" : [ 1.0, 0.0, 0.0, 0.0, 0.0, 1.0, 0.0, 0.0, 0.0, 0.0, 1.0, 0.0, 0.0, 0.0, 0.0, 1.0 ],
  "shapes" : [ {
    "id" : "92497b12-95fd-4703-9b5b-14dea6c929ea",
    "vertices" : [ {
      "x" : -2.618034,
      "y" : 5.236068,
      "z" : -1.0
    }, {
      "x" : -1.618034,
      "y" : 6.854102,
      "z" : -1.618034
    }, {
      "x" : -1.618034,
      "y" : 6.854102,
      "z" : -3.618034
    }, {
      "x" : -2.618034,
      "y" : 5.236068,
      "z" : -4.236068
    }, {
      "x" : -3.236068,
      "y" : 4.236068,
      "z" : -2.618034
    } ],
    "faces" : [ {
      "vertices" : [ 0, 1, 2 ]
    }, {
      "vertices" : [ 0, 2, 3 ]
    }, {
      "vertices" : [ 0, 3, 4 ]
    }, {
      "vertices" : [ 0, 4, 3 ]
    }, {
      "vertices" : [ 0, 3, 2 ]
    }, {
      "vertices" : [ 0, 2, 1 ]
    } ]
  }, {
    "id" : "911bbee1-c785-4b93-9aec-9bfbd5f90192",
    "vertices" : [ {
      "x" : 6.236068,
      "y" : 2.618034,
      "z" : 8.472136
    }, {
      "x" : 6.854102,
      "y" : 1.618034,
      "z" : 6.854102
    }, {
      "x" : 7.854102,
      "y" : 0.0,
      "z" : 7.472136
    }, {
      "x" : 7.854102,
      "y" : 0.0,
      "z" : 9.472136
    }, {
      "x" : 6.854102,
      "y" : 1.618034,
      "z" : 10.09017
    } ],
    "faces" : [ {
      "vertices" : [ 0, 1, 2 ]
    }, {
      "vertices" : [ 0, 2, 3 ]
    }, {
      "vertices" : [ 0, 3, 4 ]
    }, {
      "vertices" : [ 0, 4, 3 ]
    }, {
      "vertices" : [ 0, 3, 2 ]
    }, {
      "vertices" : [ 0, 2, 1 ]
    } ]
  }, {
    "id" : "3e72da29-a2b4-495f-968c-a88c495a7383",
    "vertices" : [ {
      "x" : 0.0,
      "y" : 7.472136,
      "z" : 2.618034
    }, {
      "x" : -1.618034,
      "y" : 6.854102,
      "z" : 3.618034
    }, {
      "x" : -1.0,
      "y" : 5.854102,
      "z" : 5.236068
    }, {
      "x" : 1.0,
      "y" : 5.854102,
      "z" : 5.236068
    }, {
      "x" : 1.618034,
      "y" : 6.854102,
      "z" : 3.618034
    } ],
    "faces" : [ {
      "vertices" : [ 0, 1, 2 ]
    }, {
      "vertices" : [ 0, 2, 3 ]
    }, {
      "vertices" : [ 0, 3, 4 ]
    }, {
      "vertices" : [ 0, 4, 3 ]
    }, {
      "vertices" : [ 0, 3, 2 ]
    }, {
      "vertices" : [ 0, 2, 1 ]
    } ]
  }, {
    "id" : "3a8759f4-89a0-46d8-b643-2fe85bbc0f0d",
    "vertices" : [ {
      "x" : -9.472136,
      "y" : -2.618034,
      "z" : 0.0
    }, {
      "x" : -10.09017,
      "y" : -1.618034,
      "z" : -1.618034
    }, {
      "x" : -11.09017,
      "y" : 0.0,
      "z" : -1.0
    }, {
      "x" : -11.09017,
      "y" : 0.0,
      "z" : 1.0
    }, {
      "x" : -10.09017,
      "y" : -1.618034,
      "z" : 1.618034
    } ],
    "faces" : [ {
      "vertices" : [ 0, 1, 2 ]
    }, {
      "vertices" : [ 0, 2, 3 ]
    }, {
      "vertices" : [ 0, 3, 4 ]
    }, {
      "vertices" : [ 0, 4, 3 ]
    }, {
      "vertices" : [ 0, 3, 2 ]
    }, {
      "vertices" : [ 0, 2, 1 ]
    } ]
  }, {
    "id" : "f3b596dd-52b5-47d5-a2f6-bd5809a8ce01",
    "vertices" : [ {
      "x" : 4.236068,
      "y" : -5.854102,
      "z" : -5.236068
    }, {
      "x" : 4.236068,
      "y" : -7.854102,
      "z" : -5.236068
    }, {
      "x" : 5.854102,
      "y" : -8.472136,
      "z" : -4.236068
    }, {
      "x" : 6.854102,
      "y" : -6.854102,
      "z" : -3.618034
    }, {
      "x" : 5.854102,
      "y" : -5.236068,
      "z" : -4.236068
    } ],
    "faces" : [ {
      "vertices" : [ 0, 1, 2 ]
    }, {
      "vertices" : [ 0, 2, 3 ]
    }, {
      "vertices" : [ 0, 3, 4 ]
    }, {
      "vertices" : [ 0, 4, 3 ]
    }, {
      "vertices" : [ 0, 3, 2 ]
    }, {
      "vertices" : [ 0, 2, 1 ]
    } ]
  }, {
    "id" : "4ef37301-6635-4aec-9a72-b79987cb5d1b",
    "vertices" : [ {
      "x" : 4.236068,
      "y" : 5.854102,
      "z" : 5.236068
    }, {
      "x" : 2.618034,
      "y" : 5.236068,
      "z" : 4.236068
    }, {
      "x" : 1.618034,
      "y" : 6.854102,
      "z" : 3.618034
    }, {
      "x" : 2.618034,
      "y" : 8.472136,
      "z" : 4.236068
    }, {
      "x" : 4.236068,
      "y" : 7.854102,
      "z" : 5.236068
    } ],
    "faces" : [ {
      "vertices" : [ 0, 1, 2 ]
    }, {
      "vertices" : [ 0, 2, 3 ]
    }, {
      "vertices" : [ 0, 3, 4 ]
    }, {
      "vertices" : [ 0, 4, 3 ]
    }, {
      "vertices" : [ 0, 3, 2 ]
    }, {
      "vertices" : [ 0, 2, 1 ]
    } ]
  }, {
    "id" : "dcaa061e-9d56-4077-a28c-021e4b170c88",
    "vertices" : [ {
      "x" : 0.0,
      "y" : -9.472136,
      "z" : 2.618034
    }, {
      "x" : 0.0,
      "y" : -7.472136,
      "z" : 2.618034
    }, {
      "x" : 1.618034,
      "y" : -6.854102,
      "z" : 1.618034
    }, {
      "x" : 2.618034,
      "y" : -8.472136,
      "z" : 1.0
    }, {
      "x" : 1.618034,
      "y" : -10.09017,
      "z" : 1.618034
    } ],
    "faces" : [ {
      "vertices" : [ 0, 1, 2 ]
    }, {
      "vertices" : [ 0, 2, 3 ]
    }, {
      "vertices" : [ 0, 3, 4 ]
    }, {
      "vertices" : [ 0, 4, 3 ]
    }, {
      "vertices" : [ 0, 3, 2 ]
    }, {
      "vertices" : [ 0, 2, 1 ]
    } ]
  }, {
    "id" : "1676dc68-8f69-4fc9-93d8-5d27fffb3d52",
    "vertices" : [ {
      "x" : -8.472136,
      "y" : -4.236068,
      "z" : 2.618034
    }, {
      "x" : -6.854102,
      "y" : -3.618034,
      "z" : 1.618034
    }, {
      "x" : -6.854102,
      "y" : -1.618034,
      "z" : 1.618034
    }, {
      "x" : -8.472136,
      "y" : -1.0,
      "z" : 2.618034
    }, {
      "x" : -9.472136,
      "y" : -2.618034,
      "z" : 3.236068
    } ],
    "faces" : [ {
      "vertices" : [ 0, 1, 2 ]
    }, {
      "vertices" : [ 0, 2, 3 ]
    }, {
      "vertices" : [ 0, 3, 4 ]
    }, {
      "vertices" : [ 0, 4, 3 ]
    }, {
      "vertices" : [ 0, 3, 2 ]
    }, {
      "vertices" : [ 0, 2, 1 ]
    } ]
  }, {
    "id" : "9e844391-2c27-431d-86ed-c12a6f4158c4",
    "vertices" : [ {
      "x" : -1.0,
      "y" : 11.09017,
      "z" : 0.0
    }, {
      "x" : -1.618034,
      "y" : 10.09017,
      "z" : 1.618034
    }, {
      "x" : -2.618034,
      "y" : 8.472136,
      "z" : 1.0
    }, {
      "x" : -2.618034,
      "y" : 8.472136,
      "z" : -1.0
    }, {
      "x" : -1.618034,
      "y" : 10.09017,
      "z" : -1.618034
    } ],
    "faces" : [ {
      "vertices" : [ 0, 1, 2 ]
    }, {
      "vertices" : [ 0, 2, 3 ]
    }, {
      "vertices" : [ 0, 3, 4 ]
    }, {
      "vertices" : [ 0, 4, 3 ]
    }, {
      "vertices" : [ 0, 3, 2 ]
    }, {
      "vertices" : [ 0, 2, 1 ]
    } ]
  }, {
    "id" : "0d927954-c459-4651-b016-26a69db2f000",
    "vertices" : [ {
      "x" : 5.854102,
      "y" : 5.236068,
      "z" : 4.236068
    }, {
      "x" : 5.236068,
      "y" : 4.236068,
      "z" : 5.854102
    }, {
      "x" : 4.236068,
      "y" : 2.618034,
      "z" : 5.236068
    }, {
      "x" : 4.236068,
      "y" : 2.618034,
      "z" : 3.236068
    }, {
      "x" : 5.236068,
      "y" : 4.236068,
      "z" : 2.618034
    } ],
    "faces" : [ {
      "vertices" : [ 0, 1, 2 ]
    }, {
      "vertices" : [ 0, 2, 3 ]
    }, {
      "vertices" : [ 0, 3, 4 ]
    }, {
      "vertices" : [ 0, 4, 3 ]
    }, {
      "vertices" : [ 0, 3, 2 ]
    }, {
      "vertices" : [ 0, 2, 1 ]
    } ]
  }, {
    "id" : "e83cab81-0bf0-4f66-be82-8cdb2732ab08",
    "vertices" : [ {
      "x" : 0.0,
      "y" : -1.0,
      "z" : -5.854102
    }, {
      "x" : -1.618034,
      "y" : -1.618034,
      "z" : -6.854102
    }, {
      "x" : -2.618034,
      "y" : 0.0,
      "z" : -7.472136
    }, {
      "x" : -1.618034,
      "y" : 1.618034,
      "z" : -6.854102
    }, {
      "x" : 0.0,
      "y" : 1.0,
      "z" : -5.854102
    } ],
    "faces" : [ {
      "vertices" : [ 0, 1, 2 ]
    }, {
      "vertices" : [ 0, 2, 3 ]
    }, {
      "vertices" : [ 0, 3, 4 ]
    }, {
      "vertices" : [ 0, 4, 3 ]
    }, {
      "vertices" : [ 0, 3, 2 ]
    }, {
      "vertices" : [ 0, 2, 1 ]
    } ]
  }, {
    "id" : "d008c157-5500-4313-ab71-867d44472dba",
    "vertices" : [ {
      "x" : -1.0,
      "y" : 2.618034,
      "z" : 5.236068
    }, {
      "x" : 0.0,
      "y" : 4.236068,
      "z" : 5.854102
    }, {
      "x" : -1.0,
      "y" : 5.854102,
      "z" : 5.236068
    }, {
      "x" : -2.618034,
      "y" : 5.236068,
      "z" : 4.236068
    }, {
      "x" : -2.618034,
      "y" : 3.236068,
      "z" : 4.236068
    } ],
    "faces" : [ {
      "vertices" : [ 0, 1, 2 ]
    }, {
      "vertices" : [ 0, 2, 3 ]
    }, {
      "vertices" : [ 0, 3, 4 ]
    }, {
      "vertices" : [ 0, 4, 3 ]
    }, {
      "vertices" : [ 0, 3, 2 ]
    }, {
      "vertices" : [ 0, 2, 1 ]
    } ]
  }, {
    "id" : "f3a6fc85-0140-44c9-9001-d04f3a6fbaa1",
    "vertices" : [ {
      "x" : -5.854102,
      "y" : -5.236068,
      "z" : 1.0
    }, {
      "x" : -6.854102,
      "y" : -3.618034,
      "z" : 1.618034
    }, {
      "x" : -7.472136,
      "y" : -2.618034,
      "z" : 0.0
    }, {
      "x" : -6.854102,
      "y" : -3.618034,
      "z" : -1.618034
    }, {
      "x" : -5.854102,
      "y" : -5.236068,
      "z" : -1.0
    } ],
    "faces" : [ {
      "vertices" : [ 0, 1, 2 ]
    }, {
      "vertices" : [ 0, 2, 3 ]
    }, {
      "vertices" : [ 0, 3, 4 ]
    }, {
      "vertices" : [ 0, 4, 3 ]
    }, {
      "vertices" : [ 0, 3, 2 ]
    }, {
      "vertices" : [ 0, 2, 1 ]
    } ]
  }, {
    "id" : "c1cf1012-eccf-45e9-8f53-632c7f6ef83d",
    "vertices" : [ {
      "x" : -7.854102,
      "y" : 0.0,
      "z" : -4.236068
    }, {
      "x" : -8.472136,
      "y" : 1.0,
      "z" : -2.618034
    }, {
      "x" : -6.854102,
      "y" : 1.618034,
      "z" : -1.618034
    }, {
      "x" : -5.236068,
      "y" : 1.0,
      "z" : -2.618034
    }, {
      "x" : -5.854102,
      "y" : 0.0,
      "z" : -4.236068
    } ],
    "faces" : [ {
      "vertices" : [ 0, 1, 2 ]
    }, {
      "vertices" : [ 0, 2, 3 ]
    }, {
      "vertices" : [ 0, 3, 4 ]
    }, {
      "vertices" : [ 0, 4, 3 ]
    }, {
      "vertices" : [ 0, 3, 2 ]
    }, {
      "vertices" : [ 0, 2, 1 ]
    } ]
  }, {
    "id" : "395533dc-a66c-475f-9702-bf608f0fdb5c",
    "vertices" : [ {
      "x" : -1.618034,
      "y" : 6.854102,
      "z" : 6.854102
    }, {
      "x" : -1.0,
      "y" : 5.854102,
      "z" : 5.236068
    }, {
      "x" : 0.0,
      "y" : 4.236068,
      "z" : 5.854102
    }, {
      "x" : 0.0,
      "y" : 4.236068,
      "z" : 7.854102
    }, {
      "x" : -1.0,
      "y" : 5.854102,
      "z" : 8.472136
    } ],
    "faces" : [ {
      "vertices" : [ 0, 1, 2 ]
    }, {
      "vertices" : [ 0, 2, 3 ]
    }, {
      "vertices" : [ 0, 3, 4 ]
    }, {
      "vertices" : [ 0, 4, 3 ]
    }, {
      "vertices" : [ 0, 3, 2 ]
    }, {
      "vertices" : [ 0, 2, 1 ]
    } ]
  }, {
    "id" : "d33e5fbd-917c-4fb5-bc66-4120c19b7956",
    "vertices" : [ {
      "x" : -2.618034,
      "y" : -5.236068,
      "z" : -1.0
    }, {
      "x" : -4.236068,
      "y" : -5.854102,
      "z" : 0.0
    }, {
      "x" : -5.854102,
      "y" : -5.236068,
      "z" : -1.0
    }, {
      "x" : -5.236068,
      "y" : -4.236068,
      "z" : -2.618034
    }, {
      "x" : -3.236068,
      "y" : -4.236068,
      "z" : -2.618034
    } ],
    "faces" : [ {
      "vertices" : [ 0, 1, 2 ]
    }, {
      "vertices" : [ 0, 2, 3 ]
    }, {
      "vertices" : [ 0, 3, 4 ]
    }, {
      "vertices" : [ 0, 4, 3 ]
    }, {
      "vertices" : [ 0, 3, 2 ]
    }, {
      "vertices" : [ 0, 2, 1 ]
    } ]
  }, {
    "id" : "dafdc461-7932-4d4e-b691-31015d4d0c43",
    "vertices" : [ {
      "x" : 2.618034,
      "y" : -8.472136,
      "z" : 1.0
    }, {
      "x" : 1.618034,
      "y" : -6.854102,
      "z" : 1.618034
    }, {
      "x" : 1.618034,
      "y" : -6.854102,
      "z" : 3.618034
    }, {
      "x" : 2.618034,
      "y" : -8.472136,
      "z" : 4.236068
    }, {
      "x" : 3.236068,
      "y" : -9.472136,
      "z" : 2.618034
    } ],
    "faces" : [ {
      "vertices" : [ 0, 1, 2 ]
    }, {
      "vertices" : [ 0, 2, 3 ]
    }, {
      "vertices" : [ 0, 3, 4 ]
    }, {
      "vertices" : [ 0, 4, 3 ]
    }, {
      "vertices" : [ 0, 3, 2 ]
    }, {
      "vertices" : [ 0, 2, 1 ]
    } ]
  }, {
    "id" : "88156f69-f613-466b-adc8-9bfff447bfbc",
    "vertices" : [ {
      "x" : 2.618034,
      "y" : 0.0,
      "z" : -9.472136
    }, {
      "x" : 2.618034,
      "y" : 0.0,
      "z" : -7.472136
    }, {
      "x" : 1.618034,
      "y" : 1.618034,
      "z" : -6.854102
    }, {
      "x" : 1.0,
      "y" : 2.618034,
      "z" : -8.472136
    }, {
      "x" : 1.618034,
      "y" : 1.618034,
      "z" : -10.09017
    } ],
    "faces" : [ {
      "vertices" : [ 0, 1, 2 ]
    }, {
      "vertices" : [ 0, 2, 3 ]
    }, {
      "vertices" : [ 0, 3, 4 ]
    }, {
      "vertices" : [ 0, 4, 3 ]
    }, {
      "vertices" : [ 0, 3, 2 ]
    }, {
      "vertices" : [ 0, 2, 1 ]
    } ]
  }, {
    "id" : "8a8d6735-2508-4c59-a77d-77f8ee1f3114",
    "vertices" : [ {
      "x" : -5.854102,
      "y" : -5.236068,
      "z" : 4.236068
    }, {
      "x" : -5.236068,
      "y" : -4.236068,
      "z" : 2.618034
    }, {
      "x" : -6.854102,
      "y" : -3.618034,
      "z" : 1.618034
    }, {
      "x" : -8.472136,
      "y" : -4.236068,
      "z" : 2.618034
    }, {
      "x" : -7.854102,
      "y" : -5.236068,
      "z" : 4.236068
    } ],
    "faces" : [ {
      "vertices" : [ 0, 1, 2 ]
    }, {
      "vertices" : [ 0, 2, 3 ]
    }, {
      "vertices" : [ 0, 3, 4 ]
    }, {
      "vertices" : [ 0, 4, 3 ]
    }, {
      "vertices" : [ 0, 3, 2 ]
    }, {
      "vertices" : [ 0, 2, 1 ]
    } ]
  }, {
    "id" : "e2dedabb-1cc4-4e30-8927-e32267411ae9",
    "vertices" : [ {
      "x" : 2.618034,
      "y" : -8.472136,
      "z" : -1.0
    }, {
      "x" : 2.618034,
      "y" : -8.472136,
      "z" : 1.0
    }, {
      "x" : 1.618034,
      "y" : -6.854102,
      "z" : 1.618034
    }, {
      "x" : 1.0,
      "y" : -5.854102,
      "z" : 0.0
    }, {
      "x" : 1.618034,
      "y" : -6.854102,
      "z" : -1.618034
    } ],
    "faces" : [ {
      "vertices" : [ 0, 1, 2 ]
    }, {
      "vertices" : [ 0, 2, 3 ]
    }, {
      "vertices" : [ 0, 3, 4 ]
    }, {
      "vertices" : [ 0, 4, 3 ]
    }, {
      "vertices" : [ 0, 3, 2 ]
    }, {
      "vertices" : [ 0, 2, 1 ]
    } ]
  }, {
    "id" : "aec7ad6c-986a-4332-9690-2bde7c26146f",
    "vertices" : [ {
      "x" : 1.0,
      "y" : 11.09017,
      "z" : 0.0
    }, {
      "x" : 1.618034,
      "y" : 10.09017,
      "z" : -1.618034
    }, {
      "x" : 2.618034,
      "y" : 8.472136,
      "z" : -1.0
    }, {
      "x" : 2.618034,
      "y" : 8.472136,
      "z" : 1.0
    }, {
      "x" : 1.618034,
      "y" : 10.09017,
      "z" : 1.618034
    } ],
    "faces" : [ {
      "vertices" : [ 0, 1, 2 ]
    }, {
      "vertices" : [ 0, 2, 3 ]
    }, {
      "vertices" : [ 0, 3, 4 ]
    }, {
      "vertices" : [ 0, 4, 3 ]
    }, {
      "vertices" : [ 0, 3, 2 ]
    }, {
      "vertices" : [ 0, 2, 1 ]
    } ]
  }, {
    "id" : "89aabe9f-44f0-4603-99c8-4dc77bab0748",
    "vertices" : [ {
      "x" : 2.618034,
      "y" : 5.236068,
      "z" : 1.0
    }, {
      "x" : 1.618034,
      "y" : 6.854102,
      "z" : 1.618034
    }, {
      "x" : 1.618034,
      "y" : 6.854102,
      "z" : 3.618034
    }, {
      "x" : 2.618034,
      "y" : 5.236068,
      "z" : 4.236068
    }, {
      "x" : 3.236068,
      "y" : 4.236068,
      "z" : 2.618034
    } ],
    "faces" : [ {
      "vertices" : [ 0, 1, 2 ]
    }, {
      "vertices" : [ 0, 2, 3 ]
    }, {
      "vertices" : [ 0, 3, 4 ]
    }, {
      "vertices" : [ 0, 4, 3 ]
    }, {
      "vertices" : [ 0, 3, 2 ]
    }, {
      "vertices" : [ 0, 2, 1 ]
    } ]
  }, {
    "id" : "6e005c70-afbe-46fd-bcfa-55036dc23660",
    "vertices" : [ {
      "x" : 0.0,
      "y" : -4.236068,
      "z" : 7.854102
    }, {
      "x" : 0.0,
      "y" : -4.236068,
      "z" : 5.854102
    }, {
      "x" : -1.0,
      "y" : -5.854102,
      "z" : 5.236068
    }, {
      "x" : -1.618034,
      "y" : -6.854102,
      "z" : 6.854102
    }, {
      "x" : -1.0,
      "y" : -5.854102,
      "z" : 8.472136
    } ],
    "faces" : [ {
      "vertices" : [ 0, 1, 2 ]
    }, {
      "vertices" : [ 0, 2, 3 ]
    }, {
      "vertices" : [ 0, 3, 4 ]
    }, {
      "vertices" : [ 0, 4, 3 ]
    }, {
      "vertices" : [ 0, 3, 2 ]
    }, {
      "vertices" : [ 0, 2, 1 ]
    } ]
  }, {
    "id" : "41e7c895-d767-4219-9aba-684eddc65e1d",
    "vertices" : [ {
      "x" : -8.472136,
      "y" : -4.236068,
      "z" : -5.854102
    }, {
      "x" : -7.854102,
      "y" : -5.236068,
      "z" : -4.236068
    }, {
      "x" : -5.854102,
      "y" : -5.236068,
      "z" : -4.236068
    }, {
      "x" : -5.236068,
      "y" : -4.236068,
      "z" : -5.854102
    }, {
      "x" : -6.854102,
      "y" : -3.618034,
      "z" : -6.854102
    } ],
    "faces" : [ {
      "vertices" : [ 0, 1, 2 ]
    }, {
      "vertices" : [ 0, 2, 3 ]
    }, {
      "vertices" : [ 0, 3, 4 ]
    }, {
      "vertices" : [ 0, 4, 3 ]
    }, {
      "vertices" : [ 0, 3, 2 ]
    }, {
      "vertices" : [ 0, 2, 1 ]
    } ]
  }, {
    "id" : "901d38f3-ae55-4891-be96-14248069abc1",
    "vertices" : [ {
      "x" : -6.854102,
      "y" : -1.618034,
      "z" : 6.854102
    }, {
      "x" : -5.236068,
      "y" : -1.0,
      "z" : 5.854102
    }, {
      "x" : -4.236068,
      "y" : -2.618034,
      "z" : 5.236068
    }, {
      "x" : -5.236068,
      "y" : -4.236068,
      "z" : 5.854102
    }, {
      "x" : -6.854102,
      "y" : -3.618034,
      "z" : 6.854102
    } ],
    "faces" : [ {
      "vertices" : [ 0, 1, 2 ]
    }, {
      "vertices" : [ 0, 2, 3 ]
    }, {
      "vertices" : [ 0, 3, 4 ]
    }, {
      "vertices" : [ 0, 4, 3 ]
    }, {
      "vertices" : [ 0, 3, 2 ]
    }, {
      "vertices" : [ 0, 2, 1 ]
    } ]
  }, {
    "id" : "a1d6edd7-b5ba-4062-b4a9-e46d0ddf4854",
    "vertices" : [ {
      "x" : -2.618034,
      "y" : 8.472136,
      "z" : -4.236068
    }, {
      "x" : -1.618034,
      "y" : 6.854102,
      "z" : -3.618034
    }, {
      "x" : -1.618034,
      "y" : 6.854102,
      "z" : -1.618034
    }, {
      "x" : -2.618034,
      "y" : 8.472136,
      "z" : -1.0
    }, {
      "x" : -3.236068,
      "y" : 9.472136,
      "z" : -2.618034
    } ],
    "faces" : [ {
      "vertices" : [ 0, 1, 2 ]
    }, {
      "vertices" : [ 0, 2, 3 ]
    }, {
      "vertices" : [ 0, 3, 4 ]
    }, {
      "vertices" : [ 0, 4, 3 ]
    }, {
      "vertices" : [ 0, 3, 2 ]
    }, {
      "vertices" : [ 0, 2, 1 ]
    } ]
  }, {
    "id" : "3f2fbf1a-7cf0-4970-95c4-af0141749134",
    "vertices" : [ {
      "x" : -5.854102,
      "y" : -5.236068,
      "z" : 4.236068
    }, {
      "x" : -5.236068,
      "y" : -4.236068,
      "z" : 5.854102
    }, {
      "x" : -4.236068,
      "y" : -2.618034,
      "z" : 5.236068
    }, {
      "x" : -4.236068,
      "y" : -2.618034,
      "z" : 3.236068
    }, {
      "x" : -5.236068,
      "y" : -4.236068,
      "z" : 2.618034
    } ],
    "faces" : [ {
      "vertices" : [ 0, 1, 2 ]
    }, {
      "vertices" : [ 0, 2, 3 ]
    }, {
      "vertices" : [ 0, 3, 4 ]
    }, {
      "vertices" : [ 0, 4, 3 ]
    }, {
      "vertices" : [ 0, 3, 2 ]
    }, {
      "vertices" : [ 0, 2, 1 ]
    } ]
  }, {
    "id" : "3ceae58a-3c68-427a-b07a-7b0a8943a8d4",
    "vertices" : [ {
      "x" : 6.854102,
      "y" : 6.854102,
      "z" : 1.618034
    }, {
      "x" : 6.854102,
      "y" : 6.854102,
      "z" : 3.618034
    }, {
      "x" : 5.854102,
      "y" : 8.472136,
      "z" : 4.236068
    }, {
      "x" : 5.236068,
      "y" : 9.472136,
      "z" : 2.618034
    }, {
      "x" : 5.854102,
      "y" : 8.472136,
      "z" : 1.0
    } ],
    "faces" : [ {
      "vertices" : [ 0, 1, 2 ]
    }, {
      "vertices" : [ 0, 2, 3 ]
    }, {
      "vertices" : [ 0, 3, 4 ]
    }, {
      "vertices" : [ 0, 4, 3 ]
    }, {
      "vertices" : [ 0, 3, 2 ]
    }, {
      "vertices" : [ 0, 2, 1 ]
    } ]
  }, {
    "id" : "f7aa5b40-1fc0-4c75-8392-fbb92678d9cb",
    "vertices" : [ {
      "x" : -6.854102,
      "y" : 1.618034,
      "z" : -6.854102
    }, {
      "x" : -6.854102,
      "y" : 3.618034,
      "z" : -6.854102
    }, {
      "x" : -8.472136,
      "y" : 4.236068,
      "z" : -5.854102
    }, {
      "x" : -9.472136,
      "y" : 2.618034,
      "z" : -5.236068
    }, {
      "x" : -8.472136,
      "y" : 1.0,
      "z" : -5.854102
    } ],
    "faces" : [ {
      "vertices" : [ 0, 1, 2 ]
    }, {
      "vertices" : [ 0, 2, 3 ]
    }, {
      "vertices" : [ 0, 3, 4 ]
    }, {
      "vertices" : [ 0, 4, 3 ]
    }, {
      "vertices" : [ 0, 3, 2 ]
    }, {
      "vertices" : [ 0, 2, 1 ]
    } ]
  }, {
    "id" : "b165c37d-bfba-4a10-a767-788fe62f4071",
    "vertices" : [ {
      "x" : 5.854102,
      "y" : 0.0,
      "z" : -1.0
    }, {
      "x" : 6.854102,
      "y" : 1.618034,
      "z" : -1.618034
    }, {
      "x" : 7.472136,
      "y" : 2.618034,
      "z" : 0.0
    }, {
      "x" : 6.854102,
      "y" : 1.618034,
      "z" : 1.618034
    }, {
      "x" : 5.854102,
      "y" : 0.0,
      "z" : 1.0
    } ],
    "faces" : [ {
      "vertices" : [ 0, 1, 2 ]
    }, {
      "vertices" : [ 0, 2, 3 ]
    }, {
      "vertices" : [ 0, 3, 4 ]
    }, {
      "vertices" : [ 0, 4, 3 ]
    }, {
      "vertices" : [ 0, 3, 2 ]
    }, {
      "vertices" : [ 0, 2, 1 ]
    } ]
  }, {
    "id" : "c72bf4c1-5119-4e34-bac8-fc77711aedf5",
    "vertices" : [ {
      "x" : 4.236068,
      "y" : -2.618034,
      "z" : -3.236068
    }, {
      "x" : 4.236068,
      "y" : -2.618034,
      "z" : -5.236068
    }, {
      "x" : 5.236068,
      "y" : -1.0,
      "z" : -5.854102
    }, {
      "x" : 5.854102,
      "y" : 0.0,
      "z" : -4.236068
    }, {
      "x" : 5.236068,
      "y" : -1.0,
      "z" : -2.618034
    } ],
    "faces" : [ {
      "vertices" : [ 0, 1, 2 ]
    }, {
      "vertices" : [ 0, 2, 3 ]
    }, {
      "vertices" : [ 0, 3, 4 ]
    }, {
      "vertices" : [ 0, 4, 3 ]
    }, {
      "vertices" : [ 0, 3, 2 ]
    }, {
      "vertices" : [ 0, 2, 1 ]
    } ]
  }, {
    "id" : "bf405ced-f766-44c5-bba9-3a522ca3dfc6",
    "vertices" : [ {
      "x" : 2.618034,
      "y" : 8.472136,
      "z" : -4.236068
    }, {
      "x" : 4.236068,
      "y" : 7.854102,
      "z" : -5.236068
    }, {
      "x" : 5.854102,
      "y" : 8.472136,
      "z" : -4.236068
    }, {
      "x" : 5.236068,
      "y" : 9.472136,
      "z" : -2.618034
    }, {
      "x" : 3.236068,
      "y" : 9.472136,
      "z" : -2.618034
    } ],
    "faces" : [ {
      "vertices" : [ 0, 1, 2 ]
    }, {
      "vertices" : [ 0, 2, 3 ]
    }, {
      "vertices" : [ 0, 3, 4 ]
    }, {
      "vertices" : [ 0, 4, 3 ]
    }, {
      "vertices" : [ 0, 3, 2 ]
    }, {
      "vertices" : [ 0, 2, 1 ]
    } ]
  }, {
    "id" : "823a9d86-e9e6-4ba6-b52d-5aeae1055aa8",
    "vertices" : [ {
      "x" : 1.0,
      "y" : 5.854102,
      "z" : 0.0
    }, {
      "x" : 1.618034,
      "y" : 6.854102,
      "z" : -1.618034
    }, {
      "x" : 0.0,
      "y" : 7.472136,
      "z" : -2.618034
    }, {
      "x" : -1.618034,
      "y" : 6.854102,
      "z" : -1.618034
    }, {
      "x" : -1.0,
      "y" : 5.854102,
      "z" : 0.0
    } ],
    "faces" : [ {
      "vertices" : [ 0, 1, 2 ]
    }, {
      "vertices" : [ 0, 2, 3 ]
    }, {
      "vertices" : [ 0, 3, 4 ]
    }, {
      "vertices" : [ 0, 4, 3 ]
    }, {
      "vertices" : [ 0, 3, 2 ]
    }, {
      "vertices" : [ 0, 2, 1 ]
    } ]
  }, {
    "id" : "b36f64e4-b5a3-445a-b824-dd6622ba5e03",
    "vertices" : [ {
      "x" : -8.472136,
      "y" : 6.236068,
      "z" : 2.618034
    }, {
      "x" : -8.472136,
      "y" : 4.236068,
      "z" : 2.618034
    }, {
      "x" : -10.09017,
      "y" : 3.618034,
      "z" : 1.618034
    }, {
      "x" : -11.09017,
      "y" : 5.236068,
      "z" : 1.0
    }, {
      "x" : -10.09017,
      "y" : 6.854102,
      "z" : 1.618034
    } ],
    "faces" : [ {
      "vertices" : [ 0, 1, 2 ]
    }, {
      "vertices" : [ 0, 2, 3 ]
    }, {
      "vertices" : [ 0, 3, 4 ]
    }, {
      "vertices" : [ 0, 4, 3 ]
    }, {
      "vertices" : [ 0, 3, 2 ]
    }, {
      "vertices" : [ 0, 2, 1 ]
    } ]
  }, {
    "id" : "55ae4193-bf0e-4d2a-a271-ab55b45dd9ae",
    "vertices" : [ {
      "x" : -6.854102,
      "y" : -6.854102,
      "z" : -1.618034
    }, {
      "x" : -5.854102,
      "y" : -5.236068,
      "z" : -1.0
    }, {
      "x" : -4.236068,
      "y" : -5.854102,
      "z" : 0.0
    }, {
      "x" : -4.236068,
      "y" : -7.854102,
      "z" : 0.0
    }, {
      "x" : -5.854102,
      "y" : -8.472136,
      "z" : -1.0
    } ],
    "faces" : [ {
      "vertices" : [ 0, 1, 2 ]
    }, {
      "vertices" : [ 0, 2, 3 ]
    }, {
      "vertices" : [ 0, 3, 4 ]
    }, {
      "vertices" : [ 0, 4, 3 ]
    }, {
      "vertices" : [ 0, 3, 2 ]
    }, {
      "vertices" : [ 0, 2, 1 ]
    } ]
  }, {
    "id" : "cd2158ee-07d9-4d45-b3d1-d89e0dc33a0c",
    "vertices" : [ {
      "x" : -1.618034,
      "y" : 6.854102,
      "z" : 3.618034
    }, {
      "x" : -2.618034,
      "y" : 8.472136,
      "z" : 4.236068
    }, {
      "x" : -2.618034,
      "y" : 8.472136,
      "z" : 6.236068
    }, {
      "x" : -1.618034,
      "y" : 6.854102,
      "z" : 6.854102
    }, {
      "x" : -1.0,
      "y" : 5.854102,
      "z" : 5.236068
    } ],
    "faces" : [ {
      "vertices" : [ 0, 1, 2 ]
    }, {
      "vertices" : [ 0, 2, 3 ]
    }, {
      "vertices" : [ 0, 3, 4 ]
    }, {
      "vertices" : [ 0, 4, 3 ]
    }, {
      "vertices" : [ 0, 3, 2 ]
    }, {
      "vertices" : [ 0, 2, 1 ]
    } ]
  }, {
    "id" : "d34aaa5d-7e56-4d56-9072-2ac704456598",
    "vertices" : [ {
      "x" : 2.618034,
      "y" : 0.0,
      "z" : -7.472136
    }, {
      "x" : 2.618034,
      "y" : 0.0,
      "z" : -9.472136
    }, {
      "x" : 3.618034,
      "y" : 1.618034,
      "z" : -10.09017
    }, {
      "x" : 4.236068,
      "y" : 2.618034,
      "z" : -8.472136
    }, {
      "x" : 3.618034,
      "y" : 1.618034,
      "z" : -6.854102
    } ],
    "faces" : [ {
      "vertices" : [ 0, 1, 2 ]
    }, {
      "vertices" : [ 0, 2, 3 ]
    }, {
      "vertices" : [ 0, 3, 4 ]
    }, {
      "vertices" : [ 0, 4, 3 ]
    }, {
      "vertices" : [ 0, 3, 2 ]
    }, {
      "vertices" : [ 0, 2, 1 ]
    } ]
  }, {
    "id" : "7e5e8db2-63ab-42f5-a147-1dbf8a198471",
    "vertices" : [ {
      "x" : 8.472136,
      "y" : 4.236068,
      "z" : 2.618034
    }, {
      "x" : 6.854102,
      "y" : 3.618034,
      "z" : 1.618034
    }, {
      "x" : 6.854102,
      "y" : 1.618034,
      "z" : 1.618034
    }, {
      "x" : 8.472136,
      "y" : 1.0,
      "z" : 2.618034
    }, {
      "x" : 9.472136,
      "y" : 2.618034,
      "z" : 3.236068
    } ],
    "faces" : [ {
      "vertices" : [ 0, 1, 2 ]
    }, {
      "vertices" : [ 0, 2, 3 ]
    }, {
      "vertices" : [ 0, 3, 4 ]
    }, {
      "vertices" : [ 0, 4, 3 ]
    }, {
      "vertices" : [ 0, 3, 2 ]
    }, {
      "vertices" : [ 0, 2, 1 ]
    } ]
  }, {
    "id" : "f3681882-73a3-4f9a-a75b-c8df3bc67c4d",
    "vertices" : [ {
      "x" : 8.472136,
      "y" : 4.236068,
      "z" : -2.618034
    }, {
      "x" : 6.854102,
      "y" : 3.618034,
      "z" : -1.618034
    }, {
      "x" : 5.236068,
      "y" : 4.236068,
      "z" : -2.618034
    }, {
      "x" : 5.854102,
      "y" : 5.236068,
      "z" : -4.236068
    }, {
      "x" : 7.854102,
      "y" : 5.236068,
      "z" : -4.236068
    } ],
    "faces" : [ {
      "vertices" : [ 0, 1, 2 ]
    }, {
      "vertices" : [ 0, 2, 3 ]
    }, {
      "vertices" : [ 0, 3, 4 ]
    }, {
      "vertices" : [ 0, 4, 3 ]
    }, {
      "vertices" : [ 0, 3, 2 ]
    }, {
      "vertices" : [ 0, 2, 1 ]
    } ]
  }, {
    "id" : "d35b7cb4-ab53-43a8-8401-bd336348cc3a",
    "vertices" : [ {
      "x" : -1.0,
      "y" : -2.618034,
      "z" : -8.472136
    }, {
      "x" : 0.0,
      "y" : -4.236068,
      "z" : -7.854102
    }, {
      "x" : 0.0,
      "y" : -4.236068,
      "z" : -5.854102
    }, {
      "x" : -1.0,
      "y" : -2.618034,
      "z" : -5.236068
    }, {
      "x" : -1.618034,
      "y" : -1.618034,
      "z" : -6.854102
    } ],
    "faces" : [ {
      "vertices" : [ 0, 1, 2 ]
    }, {
      "vertices" : [ 0, 2, 3 ]
    }, {
      "vertices" : [ 0, 3, 4 ]
    }, {
      "vertices" : [ 0, 4, 3 ]
    }, {
      "vertices" : [ 0, 3, 2 ]
    }, {
      "vertices" : [ 0, 2, 1 ]
    } ]
  }, {
    "id" : "ddb0e5dd-3bf7-4bbe-a063-13c552ad5fc6",
    "vertices" : [ {
      "x" : -8.472136,
      "y" : -4.236068,
      "z" : 2.618034
    }, {
      "x" : -9.472136,
      "y" : -2.618034,
      "z" : 3.236068
    }, {
      "x" : -9.472136,
      "y" : -2.618034,
      "z" : 5.236068
    }, {
      "x" : -8.472136,
      "y" : -4.236068,
      "z" : 5.854102
    }, {
      "x" : -7.854102,
      "y" : -5.236068,
      "z" : 4.236068
    } ],
    "faces" : [ {
      "vertices" : [ 0, 1, 2 ]
    }, {
      "vertices" : [ 0, 2, 3 ]
    }, {
      "vertices" : [ 0, 3, 4 ]
    }, {
      "vertices" : [ 0, 4, 3 ]
    }, {
      "vertices" : [ 0, 3, 2 ]
    }, {
      "vertices" : [ 0, 2, 1 ]
    } ]
  }, {
    "id" : "7f09eed7-938c-44c7-a4f3-070861550652",
    "vertices" : [ {
      "x" : -8.472136,
      "y" : 1.0,
      "z" : -2.618034
    }, {
      "x" : -6.854102,
      "y" : 1.618034,
      "z" : -1.618034
    }, {
      "x" : -7.472136,
      "y" : 2.618034,
      "z" : 0.0
    }, {
      "x" : -9.472136,
      "y" : 2.618034,
      "z" : 0.0
    }, {
      "x" : -10.09017,
      "y" : 1.618034,
      "z" : -1.618034
    } ],
    "faces" : [ {
      "vertices" : [ 0, 1, 2 ]
    }, {
      "vertices" : [ 0, 2, 3 ]
    }, {
      "vertices" : [ 0, 3, 4 ]
    }, {
      "vertices" : [ 0, 4, 3 ]
    }, {
      "vertices" : [ 0, 3, 2 ]
    }, {
      "vertices" : [ 0, 2, 1 ]
    } ]
  }, {
    "id" : "4b9d35db-69d1-4362-b256-9ba3a939f1b3",
    "vertices" : [ {
      "x" : 1.0,
      "y" : 2.618034,
      "z" : -5.236068
    }, {
      "x" : 0.0,
      "y" : 4.236068,
      "z" : -5.854102
    }, {
      "x" : 1.0,
      "y" : 5.854102,
      "z" : -5.236068
    }, {
      "x" : 2.618034,
      "y" : 5.236068,
      "z" : -4.236068
    }, {
      "x" : 2.618034,
      "y" : 3.236068,
      "z" : -4.236068
    } ],
    "faces" : [ {
      "vertices" : [ 0, 1, 2 ]
    }, {
      "vertices" : [ 0, 2, 3 ]
    }, {
      "vertices" : [ 0, 3, 4 ]
    }, {
      "vertices" : [ 0, 4, 3 ]
    }, {
      "vertices" : [ 0, 3, 2 ]
    }, {
      "vertices" : [ 0, 2, 1 ]
    } ]
  }, {
    "id" : "bc4d6b64-3488-4d03-b7bb-36fa8d206253",
    "vertices" : [ {
      "x" : 0.0,
      "y" : 4.236068,
      "z" : -7.854102
    }, {
      "x" : -1.0,
      "y" : 2.618034,
      "z" : -8.472136
    }, {
      "x" : -1.618034,
      "y" : 1.618034,
      "z" : -6.854102
    }, {
      "x" : -1.0,
      "y" : 2.618034,
      "z" : -5.236068
    }, {
      "x" : 0.0,
      "y" : 4.236068,
      "z" : -5.854102
    } ],
    "faces" : [ {
      "vertices" : [ 0, 1, 2 ]
    }, {
      "vertices" : [ 0, 2, 3 ]
    }, {
      "vertices" : [ 0, 3, 4 ]
    }, {
      "vertices" : [ 0, 4, 3 ]
    }, {
      "vertices" : [ 0, 3, 2 ]
    }, {
      "vertices" : [ 0, 2, 1 ]
    } ]
  }, {
    "id" : "6c3d8e35-95d3-480c-9e46-0a820ae511e1",
    "vertices" : [ {
      "x" : -9.472136,
      "y" : 2.618034,
      "z" : 5.236068
    }, {
      "x" : -8.472136,
      "y" : 1.0,
      "z" : 5.854102
    }, {
      "x" : -7.854102,
      "y" : 0.0,
      "z" : 4.236068
    }, {
      "x" : -8.472136,
      "y" : 1.0,
      "z" : 2.618034
    }, {
      "x" : -9.472136,
      "y" : 2.618034,
      "z" : 3.236068
    } ],
    "faces" : [ {
      "vertices" : [ 0, 1, 2 ]
    }, {
      "vertices" : [ 0, 2, 3 ]
    }, {
      "vertices" : [ 0, 3, 4 ]
    }, {
      "vertices" : [ 0, 4, 3 ]
    }, {
      "vertices" : [ 0, 3, 2 ]
    }, {
      "vertices" : [ 0, 2, 1 ]
    } ]
  }, {
    "id" : "981a43d8-e493-423f-9b22-0f8bc7e2c119",
    "vertices" : [ {
      "x" : 4.236068,
      "y" : 5.854102,
      "z" : 8.472136
    }, {
      "x" : 3.618034,
      "y" : 6.854102,
      "z" : 6.854102
    }, {
      "x" : 4.236068,
      "y" : 5.854102,
      "z" : 5.236068
    }, {
      "x" : 5.236068,
      "y" : 4.236068,
      "z" : 5.854102
    }, {
      "x" : 5.236068,
      "y" : 4.236068,
      "z" : 7.854102
    } ],
    "faces" : [ {
