{
  "polygons" : "true",
  "field" : "golden",
  "symmetry" : "icosahedral",
  "orientations" : [ [ 1.0, 0.0, 0.0, 0.0, 0.0, 1.0, 0.0, 0.0, 0.0, 0.0, 1.0, 0.0, 0.0, 0.0, 0.0, 1.0 ], [ 0.0, 0.0, 1.0, 0.0, 1.0, 0.0, 0.0, 0.0, 0.0, 1.0, 0.0, 0.0, 0.0, 0.0, 0.0, 1.0 ], [ 0.0, 1.0, 0.0, 0.0, 0.0, 0.0, 1.0, 0.0, 1.0, 0.0, 0.0, 0.0, 0.0, 0.0, 0.0, 1.0 ], [ 0.809017, 0.309017, 0.5, 0.0, 0.309017, 0.5, -0.809017, 0.0, -0.5, 0.809017, 0.309017, 0.0, 0.0, 0.0, 0.0, 1.0 ], [ -0.5, 0.809017, 0.309017, 0.0, 0.809017, 0.309017, 0.5, 0.0, 0.309017, 0.5, -0.809017, 0.0, 0.0, 0.0, 0.0, 1.0 ], [ 0.309017, 0.5, -0.809017, 0.0, -0.5, 0.809017, 0.309017, 0.0, 0.809017, 0.309017, 0.5, 0.0, 0.0, 0.0, 0.0, 1.0 ], [ 0.5, 0.809017, 0.309017, 0.0, 0.809017, -0.309017, -0.5, 0.0, -0.309017, 0.5, -0.809017, 0.0, 0.0, 0.0, 0.0, 1.0 ], [ -0.309017, 0.5, -0.809017, 0.0, 0.5, 0.809017, 0.309017, 0.0, 0.809017, -0.309017, -0.5, 0.0, 0.0, 0.0, 0.0, 1.0 ], [ 0.809017, -0.309017, -0.5, 0.0, -0.309017, 0.5, -0.809017, 0.0, 0.5, 0.809017, 0.309017, 0.0, 0.0, 0.0, 0.0, 1.0 ], [ 0.5, 0.809017, -0.309017, 0.0, 0.809017, -0.309017, 0.5, 0.0, 0.309017, -0.5, -0.809017, 0.0, 0.0, 0.0, 0.0, 1.0 ], [ 0.309017, -0.5, -0.809017, 0.0, 0.5, 0.809017, -0.309017, 0.0, 0.809017, -0.309017, 0.5, 0.0, 0.0, 0.0, 0.0, 1.0 ], [ 0.809017, -0.309017, 0.5, 0.0, 0.309017, -0.5, -0.809017, 0.0, 0.5, 0.809017, -0.309017, 0.0, 0.0, 0.0, 0.0, 1.0 ], [ 0.809017, 0.309017, -0.5, 0.0, 0.309017, 0.5, 0.809017, 0.0, 0.5, -0.809017, 0.309017, 0.0, 0.0, 0.0, 0.0, 1.0 ], [ 0.5, -0.809017, 0.309017, 0.0, 0.809017, 0.309017, -0.5, 0.0, 0.309017, 0.5, 0.809017, 0.0, 0.0, 0.0, 0.0, 1.0 ], [ 0.309017, 0.5, 0.809017, 0.0, 0.5, -0.809017, 0.309017, 0.0, 0.809017, 0.309017, -0.5, 0.0, 0.0, 0.0, 0.0, 1.0 ], [ 1.0, 0.0, 0.0, 0.0, 0.0, -1.0, 0.0, 0.0, 0.0, 0.0, -1.0, 0.0, 0.0, 0.0, 0.0, 1.0 ], [ 0.0, 0.0, 1.0, 0.0, -1.0, 0.0, 0.0, 0.0, 0.0, -1.0, 0.0, 0.0, 0.0, 0.0, 0.0, 1.0 ], [ 0.0, 1.0, 0.0, 0.0, 0.0, 0.0, -1.0, 0.0, -1.0, 0.0, 0.0, 0.0, 0.0, 0.0, 0.0, 1.0 ], [ 0.809017, 0.309017, 0.5, 0.0, -0.309017, -0.5, 0.809017, 0.0, 0.5, -0.809017, -0.309017, 0.0, 0.0, 0.0, 0.0, 1.0 ], [ -0.5, 0.809017, 0.309017, 0.0, -0.809017, -0.309017, -0.5, 0.0, -0.309017, -0.5, 0.809017, 0.0, 0.0, 0.0, 0.0, 1.0 ], [ 0.309017, 0.5, -0.809017, 0.0, 0.5, -0.809017, -0.309017, 0.0, -0.809017, -0.309017, -0.5, 0.0, 0.0, 0.0, 0.0, 1.0 ], [ 0.5, 0.809017, 0.309017, 0.0, -0.809017, 0.309017, 0.5, 0.0, 0.309017, -0.5, 0.809017, 0.0, 0.0, 0.0, 0.0, 1.0 ], [ -0.309017, 0.5, -0.809017, 0.0, -0.5, -0.809017, -0.309017, 0.0, -0.809017, 0.309017, 0.5, 0.0, 0.0, 0.0, 0.0, 1.0 ], [ 0.809017, -0.309017, -0.5, 0.0, 0.309017, -0.5, 0.809017, 0.0, -0.5, -0.809017, -0.309017, 0.0, 0.0, 0.0, 0.0, 1.0 ], [ 0.5, 0.809017, -0.309017, 0.0, -0.809017, 0.309017, -0.5, 0.0, -0.309017, 0.5, 0.809017, 0.0, 0.0, 0.0, 0.0, 1.0 ], [ 0.309017, -0.5, -0.809017, 0.0, -0.5, -0.809017, 0.309017, 0.0, -0.809017, 0.309017, -0.5, 0.0, 0.0, 0.0, 0.0, 1.0 ], [ 0.809017, -0.309017, 0.5, 0.0, -0.309017, 0.5, 0.809017, 0.0, -0.5, -0.809017, 0.309017, 0.0, 0.0, 0.0, 0.0, 1.0 ], [ 0.809017, 0.309017, -0.5, 0.0, -0.309017, -0.5, -0.809017, 0.0, -0.5, 0.809017, -0.309017, 0.0, 0.0, 0.0, 0.0, 1.0 ], [ 0.5, -0.809017, 0.309017, 0.0, -0.809017, -0.309017, 0.5, 0.0, -0.309017, -0.5, -0.809017, 0.0, 0.0, 0.0, 0.0, 1.0 ], [ 0.309017, 0.5, 0.809017, 0.0, -0.5, 0.809017, -0.309017, 0.0, -0.809017, -0.309017, 0.5, 0.0, 0.0, 0.0, 0.0, 1.0 ], [ -1.0, 0.0, 0.0, 0.0, 0.0, -1.0, 0.0, 0.0, 0.0, 0.0, 1.0, 0.0, 0.0, 0.0, 0.0, 1.0 ], [ 0.0, 0.0, -1.0, 0.0, -1.0, 0.0, 0.0, 0.0, 0.0, 1.0, 0.0, 0.0, 0.0, 0.0, 0.0, 1.0 ], [ 0.0, -1.0, 0.0, 0.0, 0.0, 0.0, -1.0, 0.0, 1.0, 0.0, 0.0, 0.0, 0.0, 0.0, 0.0, 1.0 ], [ -0.809017, -0.309017, -0.5, 0.0, -0.309017, -0.5, 0.809017, 0.0, -0.5, 0.809017, 0.309017, 0.0, 0.0, 0.0, 0.0, 1.0 ], [ 0.5, -0.809017, -0.309017, 0.0, -0.809017, -0.309017, -0.5, 0.0, 0.309017, 0.5, -0.809017, 0.0, 0.0, 0.0, 0.0, 1.0 ], [ -0.309017, -0.5, 0.809017, 0.0, 0.5, -0.809017, -0.309017, 0.0, 0.809017, 0.309017, 0.5, 0.0, 0.0, 0.0, 0.0, 1.0 ], [ -0.5, -0.809017, -0.309017, 0.0, -0.809017, 0.309017, 0.5, 0.0, -0.309017, 0.5, -0.809017, 0.0, 0.0, 0.0, 0.0, 1.0 ], [ 0.309017, -0.5, 0.809017, 0.0, -0.5, -0.809017, -0.309017, 0.0, 0.809017, -0.309017, -0.5, 0.0, 0.0, 0.0, 0.0, 1.0 ], [ -0.809017, 0.309017, 0.5, 0.0, 0.309017, -0.5, 0.809017, 0.0, 0.5, 0.809017, 0.309017, 0.0, 0.0, 0.0, 0.0, 1.0 ], [ -0.5, -0.809017, 0.309017, 0.0, -0.809017, 0.309017, -0.5, 0.0, 0.309017, -0.5, -0.809017, 0.0, 0.0, 0.0, 0.0, 1.0 ], [ -0.309017, 0.5, 0.809017, 0.0, -0.5, -0.809017, 0.309017, 0.0, 0.809017, -0.309017, 0.5, 0.0, 0.0, 0.0, 0.0, 1.0 ], [ -0.809017, 0.309017, -0.5, 0.0, -0.309017, 0.5, 0.809017, 0.0, 0.5, 0.809017, -0.309017, 0.0, 0.0, 0.0, 0.0, 1.0 ], [ -0.809017, -0.309017, 0.5, 0.0, -0.309017, -0.5, -0.809017, 0.0, 0.5, -0.809017, 0.309017, 0.0, 0.0, 0.0, 0.0, 1.0 ], [ -0.5, 0.809017, -0.309017, 0.0, -0.809017, -0.309017, 0.5, 0.0, 0.309017, 0.5, 0.809017, 0.0, 0.0, 0.0, 0.0, 1.0 ], [ -0.309017, -0.5, -0.809017, 0.0, -0.5, 0.809017, -0.309017, 0.0, 0.809017, 0.309017, -0.5, 0.0, 0.0, 0.0, 0.0, 1.0 ], [ -1.0, 0.0, 0.0, 0.0, 0.0, 1.0, 0.0, 0.0, 0.0, 0.0, -1.0, 0.0, 0.0, 0.0, 0.0, 1.0 ], [ 0.0, 0.0, -1.0, 0.0, 1.0, 0.0, 0.0, 0.0, 0.0, -1.0, 0.0, 0.0, 0.0, 0.0, 0.0, 1.0 ], [ 0.0, -1.0, 0.0, 0.0, 0.0, 0.0, 1.0, 0.0, -1.0, 0.0, 0.0, 0.0, 0.0, 0.0, 0.0, 1.0 ], [ -0.809017, -0.309017, -0.5, 0.0, 0.309017, 0.5, -0.809017, 0.0, 0.5, -0.809017, -0.309017, 0.0, 0.0, 0.0, 0.0, 1.0 ], [ 0.5, -0.809017, -0.309017, 0.0, 0.809017, 0.309017, 0.5, 0.0, -0.309017, -0.5, 0.809017, 0.0, 0.0, 0.0, 0.0, 1.0 ], [ -0.309017, -0.5, 0.809017, 0.0, -0.5, 0.809017, 0.309017, 0.0, -0.809017, -0.309017, -0.5, 0.0, 0.0, 0.0, 0.0, 1.0 ], [ -0.5, -0.809017, -0.309017, 0.0, 0.809017, -0.309017, -0.5, 0.0, 0.309017, -0.5, 0.809017, 0.0, 0.0, 0.0, 0.0, 1.0 ], [ 0.309017, -0.5, 0.809017, 0.0, 0.5, 0.809017, 0.309017, 0.0, -0.809017, 0.309017, 0.5, 0.0, 0.0, 0.0, 0.0, 1.0 ], [ -0.809017, 0.309017, 0.5, 0.0, -0.309017, 0.5, -0.809017, 0.0, -0.5, -0.809017, -0.309017, 0.0, 0.0, 0.0, 0.0, 1.0 ], [ -0.5, -0.809017, 0.309017, 0.0, 0.809017, -0.309017, 0.5, 0.0, -0.309017, 0.5, 0.809017, 0.0, 0.0, 0.0, 0.0, 1.0 ], [ -0.309017, 0.5, 0.809017, 0.0, 0.5, 0.809017, -0.309017, 0.0, -0.809017, 0.309017, -0.5, 0.0, 0.0, 0.0, 0.0, 1.0 ], [ -0.809017, 0.309017, -0.5, 0.0, 0.309017, -0.5, -0.809017, 0.0, -0.5, -0.809017, 0.309017, 0.0, 0.0, 0.0, 0.0, 1.0 ], [ -0.809017, -0.309017, 0.5, 0.0, 0.309017, 0.5, 0.809017, 0.0, -0.5, 0.809017, -0.309017, 0.0, 0.0, 0.0, 0.0, 1.0 ], [ -0.5, 0.809017, -0.309017, 0.0, 0.809017, 0.309017, -0.5, 0.0, -0.309017, -0.5, -0.809017, 0.0, 0.0, 0.0, 0.0, 1.0 ], [ -0.309017, -0.5, -0.809017, 0.0, 0.5, -0.809017, 0.309017, 0.0, -0.809017, -0.309017, 0.5, 0.0, 0.0, 0.0, 0.0, 1.0 ] ],
  "lights" : {
    "ambientColor" : "#292929",
    "backgroundColor" : "#AFC8DC",
    "directionalLights" : [ {
      "direction" : [ 1.0, -1.0, -1.0 ],
      "color" : "#EBEBE4"
    }, {
      "direction" : [ -1.0, 0.0, 0.0 ],
      "color" : "#E4E4EB"
    }, {
      "direction" : [ 0.0, 0.0, -1.0 ],
      "color" : "#1E1E1E"
    } ]
  },
  "camera" : {
    "viewDistance" : 162.208,
    "nearClipDistance" : 0.40552014,
    "farClipDistance" : 324.4154,
    "lookAtPoint" : {
      "x" : 0.0,
      "y" : 0.0,
      "z" : 0.0
    },
    "fieldOfView" : 0.44262844,
    "perspective" : false,
    "lookDirection" : {
      "x" : 0.52280116,
      "y" : 0.022841632,
      "z" : -0.8521478
    },
    "upDirection" : {
      "x" : -0.85023886,
      "y" : 0.08609823,
      "z" : -0.51931614
    },
    "width" : 72.99352,
    "stereo" : false,
    "position" : {
      "x" : -84.80253,
      "y" : -3.7050953,
      "z" : 138.22519
    }
  },
  "embedding" : [ 1.0, 0.0, 0.0, 0.0, 0.0, 1.0, 0.0, 0.0, 0.0, 0.0, 1.0, 0.0, 0.0, 0.0, 0.0, 1.0 ],
  "shapes" : [ {
    "id" : "5a5de380-ec32-4a31-9577-44dfc64f038a",
    "orbit" : "red",
    "name" : " :2 +2*phi",
    "vertices" : [ {
      "x" : 0.9045085,
      "y" : 0.3454915,
      "z" : 0.25
    }, {
      "x" : 35.17502,
      "y" : 21.525831,
      "z" : 0.25
    }, {
      "x" : 34.984035,
      "y" : 21.834848,
      "z" : 0.25
    }, {
      "x" : 0.7135255,
      "y" : 0.6545085,
      "z" : 0.25
    }, {
      "x" : 0.809017,
      "y" : 0.5,
      "z" : -0.309017
    }, {
      "x" : 0.9635255,
      "y" : 0.25,
      "z" : -0.095491506
    }, {
      "x" : 0.309017,
      "y" : 0.19098301,
      "z" : 0.0
    }, {
      "x" : 35.579525,
      "y" : 21.989357,
      "z" : 0.0
    }, {
      "x" : 34.92502,
      "y" : 21.93034,
      "z" : -0.095491506
    }, {
      "x" : 35.079525,
      "y" : 21.68034,
      "z" : -0.309017
    }, {
      "x" : 35.888542,
      "y" : 22.18034,
      "z" : 0.0
    }, {
      "x" : 0.6545085,
      "y" : 0.75,
      "z" : -0.095491506
    }, {
      "x" : 35.234035,
      "y" : 21.43034,
      "z" : -0.095491506
    } ],
    "faces" : [ {
      "vertices" : [ 4, 11, 8, 9 ]
    }, {
      "vertices" : [ 0, 1, 2, 3 ]
    }, {
      "vertices" : [ 0, 3, 6 ]
    }, {
      "vertices" : [ 1, 7, 2 ]
    }, {
      "vertices" : [ 0, 6, 5 ]
    }, {
      "vertices" : [ 4, 5, 6 ]
    }, {
      "vertices" : [ 2, 7, 8 ]
    }, {
      "vertices" : [ 0, 5, 12, 1 ]
    }, {
      "vertices" : [ 1, 12, 7 ]
    }, {
      "vertices" : [ 3, 11, 6 ]
    }, {
      "vertices" : [ 4, 6, 11 ]
    }, {
      "vertices" : [ 7, 9, 8 ]
    }, {
      "vertices" : [ 2, 8, 11, 3 ]
    }, {
      "vertices" : [ 7, 12, 9 ]
    }, {
      "vertices" : [ 4, 9, 12, 5 ]
    } ]
  }, {
    "id" : "78cf7e59-b2ea-46af-a70f-f2a268868a71",
    "name" : "ball",
    "vertices" : [ {
      "x" : -0.309017,
      "y" : -0.19098301,
      "z" : 0.0
    }, {
      "x" : -0.309017,
      "y" : 0.19098301,
      "z" : 0.0
    }, {
      "x" : -0.19098301,
      "y" : 0.0,
      "z" : -0.309017
    }, {
      "x" : -0.19098301,
      "y" : 0.0,
      "z" : 0.309017
    }, {
      "x" : 0.0,
      "y" : -0.309017,
      "z" : -0.19098301
    }, {
      "x" : 0.0,
      "y" : -0.309017,
      "z" : 0.19098301
    }, {
      "x" : 0.0,
      "y" : 0.309017,
      "z" : -0.19098301
    }, {
      "x" : 0.0,
      "y" : 0.309017,
      "z" : 0.19098301
    }, {
      "x" : 0.19098301,
      "y" : 0.0,
      "z" : -0.309017
    }, {
      "x" : 0.19098301,
      "y" : 0.0,
      "z" : 0.309017
    }, {
      "x" : 0.309017,
      "y" : -0.19098301,
      "z" : 0.0
    }, {
      "x" : 0.309017,
      "y" : 0.19098301,
      "z" : 0.0
    } ],
    "faces" : [ {
      "vertices" : [ 0, 1, 2 ]
    }, {
      "vertices" : [ 0, 3, 1 ]
    }, {
      "vertices" : [ 0, 2, 4 ]
    }, {
      "vertices" : [ 0, 5, 3 ]
    }, {
      "vertices" : [ 0, 4, 5 ]
    }, {
      "vertices" : [ 1, 6, 2 ]
    }, {
      "vertices" : [ 1, 3, 7 ]
    }, {
      "vertices" : [ 1, 7, 6 ]
    }, {
      "vertices" : [ 2, 8, 4 ]
    }, {
      "vertices" : [ 2, 6, 8 ]
    }, {
      "vertices" : [ 3, 5, 9 ]
    }, {
      "vertices" : [ 3, 9, 7 ]
    }, {
      "vertices" : [ 4, 10, 5 ]
    }, {
      "vertices" : [ 4, 8, 10 ]
    }, {
      "vertices" : [ 5, 10, 9 ]
    }, {
      "vertices" : [ 6, 7, 11 ]
    }, {
      "vertices" : [ 6, 11, 8 ]
    }, {
      "vertices" : [ 7, 9, 11 ]
    }, {
      "vertices" : [ 8, 11, 10 ]
    }, {
      "vertices" : [ 9, 10, 11 ]
    } ]
  }, {
    "id" : "53287122-bfc2-4679-93f5-188806950aa0",
    "orbit" : "yellow",
    "name" : " :2 +2*phi",
    "vertices" : [ {
      "x" : 35.888542,
      "y" : 0.0,
      "z" : -13.708204
    }, {
      "x" : 35.579525,
      "y" : 0.0,
      "z" : -13.59017
    }, {
      "x" : 35.17502,
      "y" : -0.1545085,
      "z" : -13.149187
    }, {
      "x" : 34.984035,
      "y" : -0.1545085,
      "z" : -13.649187
    }, {
      "x" : 0.9045085,
      "y" : -0.1545085,
      "z" : -0.059016995
    }, {
      "x" : 0.809017,
      "y" : 0.309017,
      "z" : -0.309017
    }, {
      "x" : 0.309017,
      "y" : 0.0,
      "z" : -0.11803399
    }, {
      "x" : 35.079525,
      "y" : 0.309017,
      "z" : -13.399187
    }, {
      "x" : 0.7135255,
      "y" : -0.1545085,
      "z" : -0.559017
    } ],
    "faces" : [ {
      "vertices" : [ 2, 4, 8, 3 ]
    }, {
      "vertices" : [ 2, 7, 5, 4 ]
    }, {
      "vertices" : [ 4, 6, 8 ]
    }, {
      "vertices" : [ 5, 8, 6 ]
    }, {
      "vertices" : [ 1, 2, 3 ]
    }, {
      "vertices" : [ 3, 8, 5, 7 ]
    }, {
      "vertices" : [ 1, 7, 2 ]
    }, {
      "vertices" : [ 1, 3, 7 ]
    }, {
      "vertices" : [ 4, 5, 6 ]
    } ]
  } ],
  "instances" : [ {
    "shape" : "5a5de380-ec32-4a31-9577-44dfc64f038a",
    "color" : "#AF0000",
    "position" : {
      "x" : 17.135256,
      "y" : 12.399187,
      "z" : 2.118034
    },
    "orientation" : 30
  }, {
    "shape" : "5a5de380-ec32-4a31-9577-44dfc64f038a",
    "color" : "#AF0000",
    "position" : {
      "x" : -12.399187,
      "y" : 2.118034,
      "z" : -17.135256
    },
    "orientation" : 2
  }, {
    "shape" : "78cf7e59-b2ea-46af-a70f-f2a268868a71",
    "color" : "#FFFFFF",
    "position" : {
      "x" : 9.281153,
      "y" : 17.017221,
      "z" : -1.5
    }
  }, {
    "shape" : "78cf7e59-b2ea-46af-a70f-f2a268868a71",
    "color" : "#FFFFFF",
    "position" : {
      "x" : 17.135256,
      "y" : -12.399187,
      "z" : -2.118034
    }
  }, {
    "shape" : "78cf7e59-b2ea-46af-a70f-f2a268868a71",
    "color" : "#FFFFFF",
    "position" : {
      "x" : 2.618034,
      "y" : -17.944271,
      "z" : 11.09017
    }
  }, {
    "shape" : "53287122-bfc2-4679-93f5-188806950aa0",
    "color" : "#F0A000",
    "position" : {
      "x" : -3.0,
      "y" : 6.854102,
      "z" : -17.944271
    },
    "orientation" : 2
  }, {
    "shape" : "78cf7e59-b2ea-46af-a70f-f2a268868a71",
    "color" : "#FFFFFF",
    "position" : {
      "x" : 2.118034,
      "y" : 17.135256,
      "z" : 12.399187
    }
  }, {
    "shape" : "78cf7e59-b2ea-46af-a70f-f2a268868a71",
    "color" : "#FFFFFF",
    "position" : {
      "x" : -17.944271,
      "y" : -11.09017,
      "z" : -2.618034
    }
  }, {
    "shape" : "5a5de380-ec32-4a31-9577-44dfc64f038a",
    "color" : "#AF0000",
    "position" : {
      "x" : -0.809017,
      "y" : -16.635256,
      "z" : -13.208204
    },
    "orientation" : 1
  }, {
    "shape" : "53287122-bfc2-4679-93f5-188806950aa0",
    "color" : "#F0A000",
    "position" : {
      "x" : -1.5,
      "y" : -9.281153,
      "z" : -17.017221
    },
    "orientation" : 7
  }, {
    "shape" : "78cf7e59-b2ea-46af-a70f-f2a268868a71",
    "color" : "#FFFFFF",
    "position" : {
      "x" : -0.809017,
      "y" : 19.253288,
      "z" : 8.972136
    }
  }, {
    "shape" : "5a5de380-ec32-4a31-9577-44dfc64f038a",
    "color" : "#AF0000",
    "position" : {
      "x" : 12.399187,
      "y" : -2.118034,
      "z" : -17.135256
    },
    "orientation" : 32
  }, {
    "shape" : "5a5de380-ec32-4a31-9577-44dfc64f038a",
    "color" : "#AF0000",
    "position" : {
      "x" : -0.809017,
      "y" : 16.635256,
      "z" : 13.208204
    },
    "orientation" : 16
  }, {
    "shape" : "78cf7e59-b2ea-46af-a70f-f2a268868a71",
    "color" : "#FFFFFF",
    "position" : {
      "x" : -3.0,
      "y" : -6.854102,
      "z" : 17.944271
    }
  }, {
    "shape" : "53287122-bfc2-4679-93f5-188806950aa0",
    "color" : "#F0A000",
    "position" : {
      "x" : -1.5,
      "y" : 9.281153,
      "z" : 17.017221
    },
    "orientation" : 22
  }, {
    "shape" : "5a5de380-ec32-4a31-9577-44dfc64f038a",
    "color" : "#AF0000",
    "position" : {
      "x" : -17.135256,
      "y" : -12.399187,
      "z" : 2.118034
    },
    "orientation" : 0
  }, {
    "shape" : "53287122-bfc2-4679-93f5-188806950aa0",
    "color" : "#F0A000",
    "position" : {
      "x" : 3.0,
      "y" : -6.854102,
      "z" : -17.944271
    },
    "orientation" : 7
  }, {
    "shape" : "78cf7e59-b2ea-46af-a70f-f2a268868a71",
    "color" : "#FFFFFF",
    "position" : {
      "x" : 10.163119,
      "y" : 9.59017,
      "z" : -13.5172205
    }
  }, {
    "shape" : "53287122-bfc2-4679-93f5-188806950aa0",
    "color" : "#F0A000",
    "position" : {
      "x" : -9.281153,
      "y" : -17.017221,
      "z" : -1.5
    },
    "orientation" : 6
  }, {
    "shape" : "78cf7e59-b2ea-46af-a70f-f2a268868a71",
    "color" : "#FFFFFF",
    "position" : {
      "x" : -18.753288,
      "y" : -9.781153,
      "z" : 2.118034
    }
  }, {
    "shape" : "78cf7e59-b2ea-46af-a70f-f2a268868a71",
    "color" : "#FFFFFF",
    "position" : {
      "x" : 11.09017,
      "y" : 2.618034,
      "z" : -17.944271
    }
  }, {
    "shape" : "78cf7e59-b2ea-46af-a70f-f2a268868a71",
    "color" : "#FFFFFF",
    "position" : {
      "x" : -2.118034,
      "y" : -18.753288,
      "z" : 9.781153
    }
  }, {
    "shape" : "78cf7e59-b2ea-46af-a70f-f2a268868a71",
    "color" : "#FFFFFF",
    "position" : {
      "x" : 8.663119,
      "y" : -12.0172205,
      "z" : -12.59017
    }
  }, {
    "shape" : "78cf7e59-b2ea-46af-a70f-f2a268868a71",
    "color" : "#FFFFFF",
    "position" : {
      "x" : -17.017221,
      "y" : 1.5,
      "z" : 9.281153
    }
  }, {
    "shape" : "5a5de380-ec32-4a31-9577-44dfc64f038a",
    "color" : "#AF0000",
    "position" : {
      "x" : -2.118034,
      "y" : -17.135256,
      "z" : 12.399187
    },
    "orientation" : 46
  }, {
    "shape" : "78cf7e59-b2ea-46af-a70f-f2a268868a71",
    "color" : "#FFFFFF",
    "position" : {
      "x" : 13.5172205,
      "y" : 10.163119,
      "z" : -9.59017
    }
  }, {
    "shape" : "5a5de380-ec32-4a31-9577-44dfc64f038a",
    "color" : "#AF0000",
    "position" : {
      "x" : -8.972136,
      "y" : -0.809017,
      "z" : -19.253288
    },
    "orientation" : 2
  }, {
    "shape" : "5a5de380-ec32-4a31-9577-44dfc64f038a",
    "color" : "#AF0000",
    "position" : {
      "x" : -16.635256,
      "y" : 13.208204,
      "z" : 0.809017
    },
    "orientation" : 15
  }, {
    "shape" : "53287122-bfc2-4679-93f5-188806950aa0",
    "color" : "#F0A000",
    "position" : {
      "x" : -9.59017,
      "y" : -13.5172205,
      "z" : -10.163119
    },
    "orientation" : 9
  }, {
    "shape" : "78cf7e59-b2ea-46af-a70f-f2a268868a71",
    "color" : "#FFFFFF",
    "position" : {
      "x" : -9.59017,
      "y" : -13.5172205,
      "z" : -10.163119
    }
  }, {
    "shape" : "78cf7e59-b2ea-46af-a70f-f2a268868a71",
    "color" : "#FFFFFF",
    "position" : {
      "x" : 12.0172205,
      "y" : -12.59017,
      "z" : -8.663119
    }
  }, {
    "shape" : "78cf7e59-b2ea-46af-a70f-f2a268868a71",
    "color" : "#FFFFFF",
    "position" : {
      "x" : 0.809017,
      "y" : 16.635256,
      "z" : -13.208204
    }
  }, {
    "shape" : "78cf7e59-b2ea-46af-a70f-f2a268868a71",
    "color" : "#FFFFFF",
    "position" : {
      "x" : 4.427051,
      "y" : -18.871323,
      "z" : 1.5
    }
  }, {
    "shape" : "78cf7e59-b2ea-46af-a70f-f2a268868a71",
    "color" : "#FFFFFF",
    "position" : {
      "x" : -0.809017,
      "y" : -16.635256,
      "z" : -13.208204
    }
  }, {
    "shape" : "78cf7e59-b2ea-46af-a70f-f2a268868a71",
    "color" : "#FFFFFF",
    "position" : {
      "x" : 17.017221,
      "y" : 1.5,
      "z" : -9.281153
    }
  }, {
    "shape" : "78cf7e59-b2ea-46af-a70f-f2a268868a71",
    "color" : "#FFFFFF",
    "position" : {
      "x" : -2.618034,
      "y" : -17.944271,
      "z" : -11.09017
    }
  }, {
    "shape" : "78cf7e59-b2ea-46af-a70f-f2a268868a71",
    "color" : "#FFFFFF",
    "position" : {
      "x" : 8.972136,
      "y" : -0.809017,
      "z" : 19.253288
    }
  }, {
    "shape" : "78cf7e59-b2ea-46af-a70f-f2a268868a71",
    "color" : "#FFFFFF",
    "position" : {
      "x" : 9.281153,
      "y" : -17.017221,
      "z" : 1.5
    }
  }, {
    "shape" : "5a5de380-ec32-4a31-9577-44dfc64f038a",
    "color" : "#AF0000",
    "position" : {
      "x" : 2.118034,
      "y" : -17.135256,
      "z" : -12.399187
    },
    "orientation" : 1
  }, {
    "shape" : "53287122-bfc2-4679-93f5-188806950aa0",
    "color" : "#F0A000",
    "position" : {
      "x" : -12.59017,
      "y" : 8.663119,
      "z" : -12.0172205
    },
    "orientation" : 5
  }, {
    "shape" : "78cf7e59-b2ea-46af-a70f-f2a268868a71",
    "color" : "#FFFFFF",
    "position" : {
      "x" : -6.854102,
      "y" : -17.944271,
      "z" : 3.0
    }
  }, {
    "shape" : "53287122-bfc2-4679-93f5-188806950aa0",
    "color" : "#F0A000",
    "position" : {
      "x" : -17.017221,
      "y" : 1.5,
      "z" : 9.281153
    },
    "orientation" : 0
  }, {
    "shape" : "53287122-bfc2-4679-93f5-188806950aa0",
    "color" : "#F0A000",
    "position" : {
      "x" : 1.5,
      "y" : 4.427051,
      "z" : -18.871323
    },
    "orientation" : 2
  }, {
    "shape" : "78cf7e59-b2ea-46af-a70f-f2a268868a71",
    "color" : "#FFFFFF",
    "position" : {
      "x" : -8.663119,
      "y" : 12.0172205,
      "z" : -12.59017
    }
  }, {
    "shape" : "78cf7e59-b2ea-46af-a70f-f2a268868a71",
    "color" : "#FFFFFF",
    "position" : {
      "x" : -9.781153,
      "y" : -2.118034,
      "z" : 18.753288
    }
  }, {
    "shape" : "5a5de380-ec32-4a31-9577-44dfc64f038a",
    "color" : "#AF0000",
    "position" : {
      "x" : 13.208204,
      "y" : 0.809017,
      "z" : -16.635256
    },
    "orientation" : 32
  }, {
    "shape" : "53287122-bfc2-4679-93f5-188806950aa0",
    "color" : "#F0A000",
    "position" : {
      "x" : 1.5,
      "y" : -4.427051,
      "z" : 18.871323
    },
    "orientation" : 17
  }, {
    "shape" : "78cf7e59-b2ea-46af-a70f-f2a268868a71",
    "color" : "#FFFFFF",
    "position" : {
      "x" : -12.59017,
      "y" : 8.663119,
      "z" : -12.0172205
    }
  }, {
    "shape" : "5a5de380-ec32-4a31-9577-44dfc64f038a",
    "color" : "#AF0000",
    "position" : {
      "x" : -2.618034,
      "y" : -17.944271,
      "z" : -11.09017
    },
    "orientation" : 1
  }, {
    "shape" : "78cf7e59-b2ea-46af-a70f-f2a268868a71",
    "color" : "#FFFFFF",
    "position" : {
      "x" : -6.854102,
      "y" : 17.944271,
      "z" : -3.0
    }
  }, {
    "shape" : "5a5de380-ec32-4a31-9577-44dfc64f038a",
    "color" : "#AF0000",
    "position" : {
      "x" : -12.399187,
      "y" : -2.118034,
      "z" : 17.135256
    },
    "orientation" : 17
  }, {
    "shape" : "78cf7e59-b2ea-46af-a70f-f2a268868a71",
    "color" : "#FFFFFF",
    "position" : {
      "x" : 6.854102,
      "y" : 17.944271,
      "z" : 3.0
    }
  }, {
    "shape" : "53287122-bfc2-4679-93f5-188806950aa0",
    "color" : "#F0A000",
    "position" : {
      "x" : -10.163119,
      "y" : -9.59017,
      "z" : -13.5172205
    },
    "orientation" : 9
  }, {
    "shape" : "78cf7e59-b2ea-46af-a70f-f2a268868a71",
    "color" : "#FFFFFF",
    "position" : {
      "x" : 19.253288,
      "y" : 8.972136,
      "z" : -0.809017
    }
  }, {
    "shape" : "78cf7e59-b2ea-46af-a70f-f2a268868a71",
    "color" : "#FFFFFF",
    "position" : {
      "x" : -17.135256,
      "y" : 12.399187,
      "z" : -2.118034
    }
  }, {
    "shape" : "5a5de380-ec32-4a31-9577-44dfc64f038a",
    "color" : "#AF0000",
    "position" : {
      "x" : -17.944271,
      "y" : 11.09017,
      "z" : 2.618034
    },
    "orientation" : 15
  }, {
    "shape" : "78cf7e59-b2ea-46af-a70f-f2a268868a71",
    "color" : "#FFFFFF",
    "position" : {
      "x" : 11.09017,
      "y" : -2.618034,
      "z" : 17.944271
    }
  }, {
    "shape" : "53287122-bfc2-4679-93f5-188806950aa0",
    "color" : "#F0A000",
    "position" : {
      "x" : 10.163119,
      "y" : 9.59017,
      "z" : -13.5172205
    },
    "orientation" : 39
  }, {
    "shape" : "78cf7e59-b2ea-46af-a70f-f2a268868a71",
    "color" : "#FFFFFF",
    "position" : {
      "x" : 13.208204,
      "y" : -0.809017,
      "z" : 16.635256
    }
  }, {
    "shape" : "53287122-bfc2-4679-93f5-188806950aa0",
    "color" : "#F0A000",
    "position" : {
      "x" : -17.944271,
      "y" : 3.0,
      "z" : -6.854102
    },
    "orientation" : 8
  }, {
    "shape" : "78cf7e59-b2ea-46af-a70f-f2a268868a71",
    "color" : "#FFFFFF",
    "position" : {
      "x" : -12.0172205,
      "y" : -12.59017,
      "z" : 8.663119
    }
  }, {
    "shape" : "5a5de380-ec32-4a31-9577-44dfc64f038a",
    "color" : "#AF0000",
    "position" : {
      "x" : -2.118034,
      "y" : 17.135256,
      "z" : -12.399187
    },
    "orientation" : 31
  }, {
    "shape" : "78cf7e59-b2ea-46af-a70f-f2a268868a71",
    "color" : "#FFFFFF",
    "position" : {
      "x" : -17.135256,
      "y" : -12.399187,
      "z" : 2.118034
    }
  }, {
    "shape" : "78cf7e59-b2ea-46af-a70f-f2a268868a71",
    "color" : "#FFFFFF",
    "position" : {
      "x" : -10.163119,
      "y" : 9.59017,
      "z" : 13.5172205
    }
  }, {
    "shape" : "78cf7e59-b2ea-46af-a70f-f2a268868a71",
    "color" : "#FFFFFF",
    "position" : {
      "x" : -1.5,
      "y" : 4.427051,
      "z" : 18.871323
    }
  }, {
    "shape" : "78cf7e59-b2ea-46af-a70f-f2a268868a71",
    "color" : "#FFFFFF",
    "position" : {
      "x" : 2.118034,
      "y" : 18.753288,
      "z" : 9.781153
    }
  }, {
    "shape" : "78cf7e59-b2ea-46af-a70f-f2a268868a71",
    "color" : "#FFFFFF",
    "position" : {
      "x" : 12.59017,
      "y" : 8.663119,
      "z" : 12.0172205
    }
  }, {
    "shape" : "78cf7e59-b2ea-46af-a70f-f2a268868a71",
    "color" : "#FFFFFF",
    "position" : {
      "x" : 4.427051,
      "y" : 18.871323,
      "z" : -1.5
    }
  }, {
    "shape" : "78cf7e59-b2ea-46af-a70f-f2a268868a71",
    "color" : "#FFFFFF",
    "position" : {
      "x" : 17.944271,
      "y" : -3.0,
      "z" : -6.854102
    }
  }, {
    "shape" : "78cf7e59-b2ea-46af-a70f-f2a268868a71",
    "color" : "#FFFFFF",
    "position" : {
      "x" : 9.59017,
      "y" : -13.5172205,
      "z" : 10.163119
    }
  }, {
    "shape" : "78cf7e59-b2ea-46af-a70f-f2a268868a71",
    "color" : "#FFFFFF",
    "position" : {
      "x" : 6.854102,
      "y" : -17.944271,
      "z" : -3.0
    }
  }, {
    "shape" : "78cf7e59-b2ea-46af-a70f-f2a268868a71",
    "color" : "#FFFFFF",
    "position" : {
      "x" : 9.781153,
      "y" : -2.118034,
      "z" : -18.753288
    }
  }, {
    "shape" : "53287122-bfc2-4679-93f5-188806950aa0",
    "color" : "#F0A000",
    "position" : {
      "x" : 9.281153,
      "y" : 17.017221,
      "z" : -1.5
    },
    "orientation" : 16
  }, {
    "shape" : "78cf7e59-b2ea-46af-a70f-f2a268868a71",
    "color" : "#FFFFFF",
    "position" : {
      "x" : -12.399187,
      "y" : -2.118034,
      "z" : 17.135256
    }
  }, {
    "shape" : "78cf7e59-b2ea-46af-a70f-f2a268868a71",
    "color" : "#FFFFFF",
    "position" : {
      "x" : 8.972136,
      "y" : 0.809017,
      "z" : -19.253288
    }
  }, {
    "shape" : "78cf7e59-b2ea-46af-a70f-f2a268868a71",
    "color" : "#FFFFFF",
    "position" : {
      "x" : -13.208204,
      "y" : 0.809017,
      "z" : 16.635256
    }
  }, {
    "shape" : "5a5de380-ec32-4a31-9577-44dfc64f038a",
    "color" : "#AF0000",
    "position" : {
      "x" : -19.253288,
      "y" : 8.972136,
      "z" : 0.809017
    },
    "orientation" : 15
  }, {
    "shape" : "78cf7e59-b2ea-46af-a70f-f2a268868a71",
    "color" : "#FFFFFF",
    "position" : {
      "x" : 0.0,
      "y" : 0.0,
      "z" : 0.0
    }
  }, {
    "shape" : "78cf7e59-b2ea-46af-a70f-f2a268868a71",
    "color" : "#FFFFFF",
    "position" : {
      "x" : 17.135256,
      "y" : 12.399187,
      "z" : 2.118034
    }
  }, {
    "shape" : "78cf7e59-b2ea-46af-a70f-f2a268868a71",
    "color" : "#FFFFFF",
    "position" : {
      "x" : -18.871323,
      "y" : -1.5,
      "z" : -4.427051
    }
  }, {
    "shape" : "5a5de380-ec32-4a31-9577-44dfc64f038a",
    "color" : "#AF0000",
    "position" : {
      "x" : -17.944271,
      "y" : -11.09017,
      "z" : -2.618034
    },
    "orientation" : 0
  }, {
    "shape" : "78cf7e59-b2ea-46af-a70f-f2a268868a71",
    "color" : "#FFFFFF",
    "position" : {
      "x" : -9.281153,
      "y" : 17.017221,
      "z" : 1.5
    }
  }, {
    "shape" : "53287122-bfc2-4679-93f5-188806950aa0",
    "color" : "#F0A000",
    "position" : {
      "x" : 12.0172205,
      "y" : -12.59017,
      "z" : -8.663119
    },
    "orientation" : 4
  }, {
    "shape" : "53287122-bfc2-4679-93f5-188806950aa0",
    "color" : "#F0A000",
    "position" : {
      "x" : -8.663119,
      "y" : -12.0172205,
      "z" : 12.59017
    },
    "orientation" : 3
  }, {
    "shape" : "78cf7e59-b2ea-46af-a70f-f2a268868a71",
    "color" : "#FFFFFF",
    "position" : {
      "x" : 17.944271,
      "y" : 3.0,
      "z" : 6.854102
    }
  }, {
    "shape" : "78cf7e59-b2ea-46af-a70f-f2a268868a71",
    "color" : "#FFFFFF",
    "position" : {
      "x" : 18.753288,
      "y" : 9.781153,
      "z" : 2.118034
    }
  }, {
    "shape" : "53287122-bfc2-4679-93f5-188806950aa0",
    "color" : "#F0A000",
    "position" : {
      "x" : -12.0172205,
      "y" : 12.59017,
      "z" : -8.663119
    },
    "orientation" : 5
  }, {
    "shape" : "78cf7e59-b2ea-46af-a70f-f2a268868a71",
    "color" : "#FFFFFF",
    "position" : {
      "x" : -16.635256,
      "y" : -13.208204,
      "z" : -0.809017
    }
  }, {
    "shape" : "78cf7e59-b2ea-46af-a70f-f2a268868a71",
    "color" : "#FFFFFF",
    "position" : {
      "x" : 3.0,
      "y" : 6.854102,
      "z" : 17.944271
    }
  }, {
    "shape" : "5a5de380-ec32-4a31-9577-44dfc64f038a",
    "color" : "#AF0000",
    "position" : {
      "x" : 2.618034,
      "y" : 17.944271,
      "z" : -11.09017
    },
    "orientation" : 31
  }, {
    "shape" : "78cf7e59-b2ea-46af-a70f-f2a268868a71",
    "color" : "#FFFFFF",
    "position" : {
      "x" : 2.618034,
      "y" : 17.944271,
      "z" : -11.09017
    }
  }, {
    "shape" : "53287122-bfc2-4679-93f5-188806950aa0",
    "color" : "#F0A000",
    "position" : {
      "x" : 4.427051,
      "y" : -18.871323,
      "z" : 1.5
    },
    "orientation" : 1
  }, {
    "shape" : "53287122-bfc2-4679-93f5-188806950aa0",
    "color" : "#F0A000",
    "position" : {
      "x" : -12.59017,
      "y" : -8.663119,
      "z" : 12.0172205
    },
    "orientation" : 3
  }, {
    "shape" : "78cf7e59-b2ea-46af-a70f-f2a268868a71",
    "color" : "#FFFFFF",
    "position" : {
      "x" : -17.944271,
      "y" : 3.0,
      "z" : -6.854102
    }
  }, {
    "shape" : "5a5de380-ec32-4a31-9577-44dfc64f038a",
    "color" : "#AF0000",
    "position" : {
      "x" : -11.09017,
      "y" : 2.618034,
      "z" : 17.944271
    },
    "orientation" : 17
  }, {
    "shape" : "78cf7e59-b2ea-46af-a70f-f2a268868a71",
    "color" : "#FFFFFF",
    "position" : {
      "x" : 9.781153,
      "y" : 2.118034,
      "z" : 18.753288
    }
  }, {
    "shape" : "78cf7e59-b2ea-46af-a70f-f2a268868a71",
    "color" : "#FFFFFF",
    "position" : {
      "x" : 13.208204,
      "y" : 0.809017,
      "z" : -16.635256
    }
  }, {
    "shape" : "5a5de380-ec32-4a31-9577-44dfc64f038a",
    "color" : "#AF0000",
    "position" : {
      "x" : 0.809017,
      "y" : 19.253288,
      "z" : -8.972136
    },
    "orientation" : 31
  }, {
    "shape" : "78cf7e59-b2ea-46af-a70f-f2a268868a71",
    "color" : "#FFFFFF",
    "position" : {
      "x" : 2.118034,
      "y" : -17.135256,
      "z" : -12.399187
    }
  }, {
    "shape" : "78cf7e59-b2ea-46af-a70f-f2a268868a71",
    "color" : "#FFFFFF",
    "position" : {
      "x" : 12.399187,
      "y" : -2.118034,
      "z" : -17.135256
    }
  }, {
    "shape" : "78cf7e59-b2ea-46af-a70f-f2a268868a71",
    "color" : "#FFFFFF",
    "position" : {
      "x" : 12.399187,
      "y" : 2.118034,
      "z" : 17.135256
    }
  }, {
    "shape" : "53287122-bfc2-4679-93f5-188806950aa0",
    "color" : "#F0A000",
    "position" : {
      "x" : -17.944271,
      "y" : -3.0,
      "z" : 6.854102
    },
    "orientation" : 0
  }, {
    "shape" : "78cf7e59-b2ea-46af-a70f-f2a268868a71",
    "color" : "#FFFFFF",
    "position" : {
      "x" : 17.017221,
      "y" : -1.5,
      "z" : 9.281153
    }
  }, {
    "shape" : "53287122-bfc2-4679-93f5-188806950aa0",
    "color" : "#F0A000",
    "position" : {
      "x" : -17.017221,
      "y" : -1.5,
      "z" : -9.281153
    },
    "orientation" : 8
  }, {
    "shape" : "5a5de380-ec32-4a31-9577-44dfc64f038a",
    "color" : "#AF0000",
    "position" : {
      "x" : -11.09017,
      "y" : -2.618034,
      "z" : -17.944271
    },
    "orientation" : 2
  }, {
    "shape" : "53287122-bfc2-4679-93f5-188806950aa0",
    "color" : "#F0A000",
    "position" : {
      "x" : -18.871323,
      "y" : -1.5,
      "z" : -4.427051
    },
    "orientation" : 8
  }, {
    "shape" : "78cf7e59-b2ea-46af-a70f-f2a268868a71",
    "color" : "#FFFFFF",
    "position" : {
      "x" : 1.5,
      "y" : 9.281153,
      "z" : -17.017221
    }
  }, {
    "shape" : "78cf7e59-b2ea-46af-a70f-f2a268868a71",
    "color" : "#FFFFFF",
    "position" : {
      "x" : -19.253288,
      "y" : 8.972136,
      "z" : 0.809017
    }
  }, {
    "shape" : "78cf7e59-b2ea-46af-a70f-f2a268868a71",
    "color" : "#FFFFFF",
    "position" : {
      "x" : -2.118034,
      "y" : 18.753288,
      "z" : -9.781153
    }
  }, {
    "shape" : "78cf7e59-b2ea-46af-a70f-f2a268868a71",
    "color" : "#FFFFFF",
    "position" : {
      "x" : -8.972136,
      "y" : -0.809017,
      "z" : -19.253288
    }
  }, {
    "shape" : "53287122-bfc2-4679-93f5-188806950aa0",
    "color" : "#F0A000",
    "position" : {
      "x" : -9.59017,
      "y" : 13.5172205,
      "z" : 10.163119
    },
    "orientation" : 24
  }, {
    "shape" : "78cf7e59-b2ea-46af-a70f-f2a268868a71",
    "color" : "#FFFFFF",
    "position" : {
      "x" : -1.5,
      "y" : 9.281153,
      "z" : 17.017221
    }
  }, {
    "shape" : "5a5de380-ec32-4a31-9577-44dfc64f038a",
    "color" : "#AF0000",
    "position" : {
      "x" : -16.635256,
      "y" : -13.208204,
      "z" : -0.809017
    },
    "orientation" : 0
  }, {
    "shape" : "78cf7e59-b2ea-46af-a70f-f2a268868a71",
    "color" : "#FFFFFF",
    "position" : {
      "x" : 3.0,
      "y" : -6.854102,
      "z" : -17.944271
    }
  }, {
    "shape" : "78cf7e59-b2ea-46af-a70f-f2a268868a71",
    "color" : "#FFFFFF",
    "position" : {
      "x" : -2.118034,
      "y" : -17.135256,
      "z" : 12.399187
    }
  }, {
    "shape" : "78cf7e59-b2ea-46af-a70f-f2a268868a71",
    "color" : "#FFFFFF",
    "position" : {
      "x" : -16.635256,
      "y" : 13.208204,
      "z" : 0.809017
    }
  }, {
    "shape" : "5a5de380-ec32-4a31-9577-44dfc64f038a",
    "color" : "#AF0000",
    "position" : {
      "x" : -17.135256,
      "y" : 12.399187,
      "z" : -2.118034
    },
    "orientation" : 15
  }, {
    "shape" : "78cf7e59-b2ea-46af-a70f-f2a268868a71",
    "color" : "#FFFFFF",
    "position" : {
      "x" : 9.59017,
      "y" : 13.5172205,
      "z" : -10.163119
    }
  }, {
    "shape" : "78cf7e59-b2ea-46af-a70f-f2a268868a71",
    "color" : "#FFFFFF",
    "position" : {
      "x" : -10.163119,
      "y" : -9.59017,
      "z" : -13.5172205
    }
  }, {
    "shape" : "5a5de380-ec32-4a31-9577-44dfc64f038a",
    "color" : "#AF0000",
    "position" : {
      "x" : 0.809017,
      "y" : -19.253288,
      "z" : 8.972136
    },
    "orientation" : 46
  }, {
    "shape" : "78cf7e59-b2ea-46af-a70f-f2a268868a71",
    "color" : "#FFFFFF",
    "position" : {
      "x" : -9.781153,
      "y" : 2.118034,
      "z" : -18.753288
    }
  }, {
    "shape" : "53287122-bfc2-4679-93f5-188806950aa0",
    "color" : "#F0A000",
    "position" : {
      "x" : -18.871323,
      "y" : 1.5,
      "z" : 4.427051
    },
    "orientation" : 0
  }, {
    "shape" : "5a5de380-ec32-4a31-9577-44dfc64f038a",
    "color" : "#AF0000",
    "position" : {
      "x" : -19.253288,
      "y" : -8.972136,
      "z" : -0.809017
    },
    "orientation" : 0
  }, {
    "shape" : "78cf7e59-b2ea-46af-a70f-f2a268868a71",
    "color" : "#FFFFFF",
    "position" : {
      "x" : -12.0172205,
      "y" : 12.59017,
      "z" : -8.663119
    }
  }, {
    "shape" : "78cf7e59-b2ea-46af-a70f-f2a268868a71",
    "color" : "#FFFFFF",
    "position" : {
      "x" : -0.809017,
      "y" : 16.635256,
      "z" : 13.208204
    }
  }, {
    "shape" : "78cf7e59-b2ea-46af-a70f-f2a268868a71",
    "color" : "#FFFFFF",
    "position" : {
      "x" : 1.5,
      "y" : 4.427051,
      "z" : -18.871323
    }
  }, {
    "shape" : "78cf7e59-b2ea-46af-a70f-f2a268868a71",
    "color" : "#FFFFFF",
    "position" : {
      "x" : -12.59017,
      "y" : -8.663119,
      "z" : 12.0172205
    }
  }, {
    "shape" : "5a5de380-ec32-4a31-9577-44dfc64f038a",
    "color" : "#AF0000",
    "position" : {
      "x" : -13.208204,
      "y" : -0.809017,
      "z" : -16.635256
    },
    "orientation" : 2
  }, {
    "shape" : "5a5de380-ec32-4a31-9577-44dfc64f038a",
    "color" : "#AF0000",
    "position" : {
      "x" : 8.972136,
      "y" : 0.809017,
      "z" : -19.253288
    },
    "orientation" : 32
  }, {
    "shape" : "78cf7e59-b2ea-46af-a70f-f2a268868a71",
    "color" : "#FFFFFF",
    "position" : {
      "x" : 18.871323,
      "y" : -1.5,
      "z" : 4.427051
    }
  }, {
    "shape" : "78cf7e59-b2ea-46af-a70f-f2a268868a71",
    "color" : "#FFFFFF",
    "position" : {
      "x" : -8.972136,
      "y" : 0.809017,
      "z" : 19.253288
    }
  }, {
    "shape" : "53287122-bfc2-4679-93f5-188806950aa0",
    "color" : "#F0A000",
    "position" : {
      "x" : -8.663119,
      "y" : 12.0172205,
      "z" : -12.59017
    },
    "orientation" : 5
  }, {
    "shape" : "78cf7e59-b2ea-46af-a70f-f2a268868a71",
    "color" : "#FFFFFF",
    "position" : {
      "x" : -19.253288,
      "y" : -8.972136,
      "z" : -0.809017
    }
  }, {
    "shape" : "78cf7e59-b2ea-46af-a70f-f2a268868a71",
    "color" : "#FFFFFF",
    "position" : {
      "x" : 13.5172205,
      "y" : -10.163119,
      "z" : 9.59017
    }
  }, {
    "shape" : "5a5de380-ec32-4a31-9577-44dfc64f038a",
    "color" : "#AF0000",
    "position" : {
      "x" : 12.399187,
      "y" : 2.118034,
      "z" : 17.135256
    },
    "orientation" : 47
  }, {
    "shape" : "78cf7e59-b2ea-46af-a70f-f2a268868a71",
    "color" : "#FFFFFF",
    "position" : {
      "x" : -9.281153,
      "y" : -17.017221,
      "z" : -1.5
    }
  }, {
    "shape" : "78cf7e59-b2ea-46af-a70f-f2a268868a71",
    "color" : "#FFFFFF",
    "position" : {
      "x" : 10.163119,
      "y" : -9.59017,
      "z" : 13.5172205
    }
  }, {
    "shape" : "78cf7e59-b2ea-46af-a70f-f2a268868a71",
    "color" : "#FFFFFF",
    "position" : {
      "x" : -2.118034,
      "y" : 17.135256,
      "z" : -12.399187
    }
  }, {
    "shape" : "78cf7e59-b2ea-46af-a70f-f2a268868a71",
    "color" : "#FFFFFF",
    "position" : {
      "x" : -1.5,
      "y" : -4.427051,
      "z" : -18.871323
    }
  }, {
    "shape" : "78cf7e59-b2ea-46af-a70f-f2a268868a71",
    "color" : "#FFFFFF",
    "position" : {
      "x" : -1.5,
      "y" : -9.281153,
      "z" : -17.017221
    }
  }, {
    "shape" : "78cf7e59-b2ea-46af-a70f-f2a268868a71",
    "color" : "#FFFFFF",
    "position" : {
      "x" : -17.944271,
      "y" : 11.09017,
      "z" : 2.618034
    }
  }, {
    "shape" : "78cf7e59-b2ea-46af-a70f-f2a268868a71",
    "color" : "#FFFFFF",
    "position" : {
      "x" : 17.944271,
      "y" : 11.09017,
      "z" : -2.618034
    }
  }, {
    "shape" : "5a5de380-ec32-4a31-9577-44dfc64f038a",
    "color" : "#AF0000",
    "position" : {
      "x" : 17.135256,
      "y" : -12.399187,
      "z" : -2.118034
    },
    "orientation" : 45
  }, {
    "shape" : "78cf7e59-b2ea-46af-a70f-f2a268868a71",
    "color" : "#FFFFFF",
    "position" : {
      "x" : 12.59017,
      "y" : -8.663119,
      "z" : -12.0172205
    }
  }, {
    "shape" : "78cf7e59-b2ea-46af-a70f-f2a268868a71",
    "color" : "#FFFFFF",
    "position" : {
      "x" : 18.871323,
      "y" : 1.5,
      "z" : -4.427051
    }
  }, {
    "shape" : "78cf7e59-b2ea-46af-a70f-f2a268868a71",
    "color" : "#FFFFFF",
    "position" : {
      "x" : -13.5172205,
      "y" : 10.163119,
      "z" : 9.59017
    }
  }, {
    "shape" : "53287122-bfc2-4679-93f5-188806950aa0",
    "color" : "#F0A000",
    "position" : {
      "x" : -6.854102,
      "y" : 17.944271,
      "z" : -3.0
    },
    "orientation" : 21
  }, {
