{
  "field" : "golden",
  "symmetry" : "icosahedral",
  "orientations" : [ [ 1.0, 0.0, 0.0, 0.0, 0.0, 1.0, 0.0, 0.0, 0.0, 0.0, 1.0, 0.0, 0.0, 0.0, 0.0, 1.0 ], [ 0.0, 0.0, 1.0, 0.0, 1.0, 0.0, 0.0, 0.0, 0.0, 1.0, 0.0, 0.0, 0.0, 0.0, 0.0, 1.0 ], [ 0.0, 1.0, 0.0, 0.0, 0.0, 0.0, 1.0, 0.0, 1.0, 0.0, 0.0, 0.0, 0.0, 0.0, 0.0, 1.0 ], [ 0.809017, 0.309017, 0.5, 0.0, 0.309017, 0.5, -0.809017, 0.0, -0.5, 0.809017, 0.309017, 0.0, 0.0, 0.0, 0.0, 1.0 ], [ -0.5, 0.809017, 0.309017, 0.0, 0.809017, 0.309017, 0.5, 0.0, 0.309017, 0.5, -0.809017, 0.0, 0.0, 0.0, 0.0, 1.0 ], [ 0.309017, 0.5, -0.809017, 0.0, -0.5, 0.809017, 0.309017, 0.0, 0.809017, 0.309017, 0.5, 0.0, 0.0, 0.0, 0.0, 1.0 ], [ 0.5, 0.809017, 0.309017, 0.0, 0.809017, -0.309017, -0.5, 0.0, -0.309017, 0.5, -0.809017, 0.0, 0.0, 0.0, 0.0, 1.0 ], [ -0.309017, 0.5, -0.809017, 0.0, 0.5, 0.809017, 0.309017, 0.0, 0.809017, -0.309017, -0.5, 0.0, 0.0, 0.0, 0.0, 1.0 ], [ 0.809017, -0.309017, -0.5, 0.0, -0.309017, 0.5, -0.809017, 0.0, 0.5, 0.809017, 0.309017, 0.0, 0.0, 0.0, 0.0, 1.0 ], [ 0.5, 0.809017, -0.309017, 0.0, 0.809017, -0.309017, 0.5, 0.0, 0.309017, -0.5, -0.809017, 0.0, 0.0, 0.0, 0.0, 1.0 ], [ 0.309017, -0.5, -0.809017, 0.0, 0.5, 0.809017, -0.309017, 0.0, 0.809017, -0.309017, 0.5, 0.0, 0.0, 0.0, 0.0, 1.0 ], [ 0.809017, -0.309017, 0.5, 0.0, 0.309017, -0.5, -0.809017, 0.0, 0.5, 0.809017, -0.309017, 0.0, 0.0, 0.0, 0.0, 1.0 ], [ 0.809017, 0.309017, -0.5, 0.0, 0.309017, 0.5, 0.809017, 0.0, 0.5, -0.809017, 0.309017, 0.0, 0.0, 0.0, 0.0, 1.0 ], [ 0.5, -0.809017, 0.309017, 0.0, 0.809017, 0.309017, -0.5, 0.0, 0.309017, 0.5, 0.809017, 0.0, 0.0, 0.0, 0.0, 1.0 ], [ 0.309017, 0.5, 0.809017, 0.0, 0.5, -0.809017, 0.309017, 0.0, 0.809017, 0.309017, -0.5, 0.0, 0.0, 0.0, 0.0, 1.0 ], [ 1.0, 0.0, 0.0, 0.0, 0.0, -1.0, 0.0, 0.0, 0.0, 0.0, -1.0, 0.0, 0.0, 0.0, 0.0, 1.0 ], [ 0.0, 0.0, 1.0, 0.0, -1.0, 0.0, 0.0, 0.0, 0.0, -1.0, 0.0, 0.0, 0.0, 0.0, 0.0, 1.0 ], [ 0.0, 1.0, 0.0, 0.0, 0.0, 0.0, -1.0, 0.0, -1.0, 0.0, 0.0, 0.0, 0.0, 0.0, 0.0, 1.0 ], [ 0.809017, 0.309017, 0.5, 0.0, -0.309017, -0.5, 0.809017, 0.0, 0.5, -0.809017, -0.309017, 0.0, 0.0, 0.0, 0.0, 1.0 ], [ -0.5, 0.809017, 0.309017, 0.0, -0.809017, -0.309017, -0.5, 0.0, -0.309017, -0.5, 0.809017, 0.0, 0.0, 0.0, 0.0, 1.0 ], [ 0.309017, 0.5, -0.809017, 0.0, 0.5, -0.809017, -0.309017, 0.0, -0.809017, -0.309017, -0.5, 0.0, 0.0, 0.0, 0.0, 1.0 ], [ 0.5, 0.809017, 0.309017, 0.0, -0.809017, 0.309017, 0.5, 0.0, 0.309017, -0.5, 0.809017, 0.0, 0.0, 0.0, 0.0, 1.0 ], [ -0.309017, 0.5, -0.809017, 0.0, -0.5, -0.809017, -0.309017, 0.0, -0.809017, 0.309017, 0.5, 0.0, 0.0, 0.0, 0.0, 1.0 ], [ 0.809017, -0.309017, -0.5, 0.0, 0.309017, -0.5, 0.809017, 0.0, -0.5, -0.809017, -0.309017, 0.0, 0.0, 0.0, 0.0, 1.0 ], [ 0.5, 0.809017, -0.309017, 0.0, -0.809017, 0.309017, -0.5, 0.0, -0.309017, 0.5, 0.809017, 0.0, 0.0, 0.0, 0.0, 1.0 ], [ 0.309017, -0.5, -0.809017, 0.0, -0.5, -0.809017, 0.309017, 0.0, -0.809017, 0.309017, -0.5, 0.0, 0.0, 0.0, 0.0, 1.0 ], [ 0.809017, -0.309017, 0.5, 0.0, -0.309017, 0.5, 0.809017, 0.0, -0.5, -0.809017, 0.309017, 0.0, 0.0, 0.0, 0.0, 1.0 ], [ 0.809017, 0.309017, -0.5, 0.0, -0.309017, -0.5, -0.809017, 0.0, -0.5, 0.809017, -0.309017, 0.0, 0.0, 0.0, 0.0, 1.0 ], [ 0.5, -0.809017, 0.309017, 0.0, -0.809017, -0.309017, 0.5, 0.0, -0.309017, -0.5, -0.809017, 0.0, 0.0, 0.0, 0.0, 1.0 ], [ 0.309017, 0.5, 0.809017, 0.0, -0.5, 0.809017, -0.309017, 0.0, -0.809017, -0.309017, 0.5, 0.0, 0.0, 0.0, 0.0, 1.0 ], [ -1.0, 0.0, 0.0, 0.0, 0.0, -1.0, 0.0, 0.0, 0.0, 0.0, 1.0, 0.0, 0.0, 0.0, 0.0, 1.0 ], [ 0.0, 0.0, -1.0, 0.0, -1.0, 0.0, 0.0, 0.0, 0.0, 1.0, 0.0, 0.0, 0.0, 0.0, 0.0, 1.0 ], [ 0.0, -1.0, 0.0, 0.0, 0.0, 0.0, -1.0, 0.0, 1.0, 0.0, 0.0, 0.0, 0.0, 0.0, 0.0, 1.0 ], [ -0.809017, -0.309017, -0.5, 0.0, -0.309017, -0.5, 0.809017, 0.0, -0.5, 0.809017, 0.309017, 0.0, 0.0, 0.0, 0.0, 1.0 ], [ 0.5, -0.809017, -0.309017, 0.0, -0.809017, -0.309017, -0.5, 0.0, 0.309017, 0.5, -0.809017, 0.0, 0.0, 0.0, 0.0, 1.0 ], [ -0.309017, -0.5, 0.809017, 0.0, 0.5, -0.809017, -0.309017, 0.0, 0.809017, 0.309017, 0.5, 0.0, 0.0, 0.0, 0.0, 1.0 ], [ -0.5, -0.809017, -0.309017, 0.0, -0.809017, 0.309017, 0.5, 0.0, -0.309017, 0.5, -0.809017, 0.0, 0.0, 0.0, 0.0, 1.0 ], [ 0.309017, -0.5, 0.809017, 0.0, -0.5, -0.809017, -0.309017, 0.0, 0.809017, -0.309017, -0.5, 0.0, 0.0, 0.0, 0.0, 1.0 ], [ -0.809017, 0.309017, 0.5, 0.0, 0.309017, -0.5, 0.809017, 0.0, 0.5, 0.809017, 0.309017, 0.0, 0.0, 0.0, 0.0, 1.0 ], [ -0.5, -0.809017, 0.309017, 0.0, -0.809017, 0.309017, -0.5, 0.0, 0.309017, -0.5, -0.809017, 0.0, 0.0, 0.0, 0.0, 1.0 ], [ -0.309017, 0.5, 0.809017, 0.0, -0.5, -0.809017, 0.309017, 0.0, 0.809017, -0.309017, 0.5, 0.0, 0.0, 0.0, 0.0, 1.0 ], [ -0.809017, 0.309017, -0.5, 0.0, -0.309017, 0.5, 0.809017, 0.0, 0.5, 0.809017, -0.309017, 0.0, 0.0, 0.0, 0.0, 1.0 ], [ -0.809017, -0.309017, 0.5, 0.0, -0.309017, -0.5, -0.809017, 0.0, 0.5, -0.809017, 0.309017, 0.0, 0.0, 0.0, 0.0, 1.0 ], [ -0.5, 0.809017, -0.309017, 0.0, -0.809017, -0.309017, 0.5, 0.0, 0.309017, 0.5, 0.809017, 0.0, 0.0, 0.0, 0.0, 1.0 ], [ -0.309017, -0.5, -0.809017, 0.0, -0.5, 0.809017, -0.309017, 0.0, 0.809017, 0.309017, -0.5, 0.0, 0.0, 0.0, 0.0, 1.0 ], [ -1.0, 0.0, 0.0, 0.0, 0.0, 1.0, 0.0, 0.0, 0.0, 0.0, -1.0, 0.0, 0.0, 0.0, 0.0, 1.0 ], [ 0.0, 0.0, -1.0, 0.0, 1.0, 0.0, 0.0, 0.0, 0.0, -1.0, 0.0, 0.0, 0.0, 0.0, 0.0, 1.0 ], [ 0.0, -1.0, 0.0, 0.0, 0.0, 0.0, 1.0, 0.0, -1.0, 0.0, 0.0, 0.0, 0.0, 0.0, 0.0, 1.0 ], [ -0.809017, -0.309017, -0.5, 0.0, 0.309017, 0.5, -0.809017, 0.0, 0.5, -0.809017, -0.309017, 0.0, 0.0, 0.0, 0.0, 1.0 ], [ 0.5, -0.809017, -0.309017, 0.0, 0.809017, 0.309017, 0.5, 0.0, -0.309017, -0.5, 0.809017, 0.0, 0.0, 0.0, 0.0, 1.0 ], [ -0.309017, -0.5, 0.809017, 0.0, -0.5, 0.809017, 0.309017, 0.0, -0.809017, -0.309017, -0.5, 0.0, 0.0, 0.0, 0.0, 1.0 ], [ -0.5, -0.809017, -0.309017, 0.0, 0.809017, -0.309017, -0.5, 0.0, 0.309017, -0.5, 0.809017, 0.0, 0.0, 0.0, 0.0, 1.0 ], [ 0.309017, -0.5, 0.809017, 0.0, 0.5, 0.809017, 0.309017, 0.0, -0.809017, 0.309017, 0.5, 0.0, 0.0, 0.0, 0.0, 1.0 ], [ -0.809017, 0.309017, 0.5, 0.0, -0.309017, 0.5, -0.809017, 0.0, -0.5, -0.809017, -0.309017, 0.0, 0.0, 0.0, 0.0, 1.0 ], [ -0.5, -0.809017, 0.309017, 0.0, 0.809017, -0.309017, 0.5, 0.0, -0.309017, 0.5, 0.809017, 0.0, 0.0, 0.0, 0.0, 1.0 ], [ -0.309017, 0.5, 0.809017, 0.0, 0.5, 0.809017, -0.309017, 0.0, -0.809017, 0.309017, -0.5, 0.0, 0.0, 0.0, 0.0, 1.0 ], [ -0.809017, 0.309017, -0.5, 0.0, 0.309017, -0.5, -0.809017, 0.0, -0.5, -0.809017, 0.309017, 0.0, 0.0, 0.0, 0.0, 1.0 ], [ -0.809017, -0.309017, 0.5, 0.0, 0.309017, 0.5, 0.809017, 0.0, -0.5, 0.809017, -0.309017, 0.0, 0.0, 0.0, 0.0, 1.0 ], [ -0.5, 0.809017, -0.309017, 0.0, 0.809017, 0.309017, -0.5, 0.0, -0.309017, -0.5, -0.809017, 0.0, 0.0, 0.0, 0.0, 1.0 ], [ -0.309017, -0.5, -0.809017, 0.0, 0.5, -0.809017, 0.309017, 0.0, -0.809017, -0.309017, 0.5, 0.0, 0.0, 0.0, 0.0, 1.0 ] ],
  "lights" : {
    "ambientColor" : "#292929",
    "backgroundColor" : "#CCCCCC",
    "directionalLights" : [ {
      "direction" : {
        "x" : 1.0,
        "y" : -1.0,
        "z" : -1.0
      },
      "color" : "#EBEBE4"
    }, {
      "direction" : {
        "x" : -1.0,
        "y" : 0.0,
        "z" : 0.0
      },
      "color" : "#E4E4EB"
    }, {
      "direction" : {
        "x" : 0.0,
        "y" : 0.0,
        "z" : -1.0
      },
      "color" : "#1E1E1E"
    } ]
  },
  "camera" : {
    "viewDistance" : 507.18683,
    "nearClipDistance" : 1.2679663,
    "farClipDistance" : 1014.372,
    "lookAtPoint" : {
      "x" : 0.0,
      "y" : 0.0,
      "z" : 0.0
    },
    "fieldOfView" : 0.44262907,
    "perspective" : false,
    "lookDirection" : {
      "x" : 0.013231447,
      "y" : -0.30620995,
      "z" : -0.9518714
    },
    "upDirection" : {
      "x" : -0.61037,
      "y" : 0.75154626,
      "z" : -0.2502509
    },
    "width" : 228.23418,
    "stereo" : false,
    "position" : {
      "x" : -6.7108154,
      "y" : 155.30565,
      "z" : 482.77664
    }
  },
  "embedding" : [ 1.0, 0.0, 0.0, 0.0, 0.0, 1.0, 0.0, 0.0, 0.0, 0.0, 1.0, 0.0, 0.0, 0.0, 0.0, 1.0 ],
  "shapes" : [ {
    "id" : "3a12872d-fdc2-4a60-9a75-fbbf47da675a",
    "vertices" : [ {
      "x" : 8.449798,
      "y" : 15.423626,
      "z" : 2.4352574
    }, {
      "x" : 8.549797,
      "y" : 15.523626,
      "z" : 2.0352573
    }, {
      "x" : 0.52233857,
      "y" : 0.5056173,
      "z" : -0.047551103
    }, {
      "x" : 0.42233858,
      "y" : 0.4056173,
      "z" : 0.3524489
    }, {
      "x" : 8.849797,
      "y" : 15.290293,
      "z" : 2.1685908
    }, {
      "x" : 8.749798,
      "y" : 15.190293,
      "z" : 2.5685906
    }, {
      "x" : 0.12233857,
      "y" : 0.63895065,
      "z" : 0.21911557
    }, {
      "x" : 0.22233857,
      "y" : 0.7389506,
      "z" : -0.18088444
    } ],
    "faces" : [ {
      "vertices" : [ 2, 3, 6 ]
    }, {
      "vertices" : [ 2, 6, 7 ]
    }, {
      "vertices" : [ 0, 5, 4 ]
    }, {
      "vertices" : [ 0, 4, 1 ]
    }, {
      "vertices" : [ 2, 4, 5 ]
    }, {
      "vertices" : [ 2, 5, 3 ]
    }, {
      "vertices" : [ 0, 6, 3 ]
    }, {
      "vertices" : [ 0, 3, 5 ]
    }, {
      "vertices" : [ 0, 1, 7 ]
    }, {
      "vertices" : [ 0, 7, 6 ]
    }, {
      "vertices" : [ 1, 4, 2 ]
    }, {
      "vertices" : [ 1, 2, 7 ]
    } ]
  }, {
    "id" : "1fae3ce8-8b99-4a2f-90d0-6648dc0371d6",
    "vertices" : [ {
      "x" : -15.322007,
      "y" : -2.0756738,
      "z" : 8.708429
    }, {
      "x" : -15.422007,
      "y" : -1.6756738,
      "z" : 8.80843
    }, {
      "x" : -0.5042311,
      "y" : 0.060645487,
      "z" : 0.5333785
    }, {
      "x" : -0.4042311,
      "y" : -0.33935452,
      "z" : 0.43337852
    }, {
      "x" : -15.188674,
      "y" : -1.8090072,
      "z" : 9.10843
    }, {
      "x" : -15.088674,
      "y" : -2.2090073,
      "z" : 9.00843
    }, {
      "x" : -0.6375644,
      "y" : -0.20602117,
      "z" : 0.1333785
    }, {
      "x" : -0.73756444,
      "y" : 0.19397882,
      "z" : 0.23337851
    } ],
    "faces" : [ {
      "vertices" : [ 2, 3, 6 ]
    }, {
      "vertices" : [ 2, 6, 7 ]
    }, {
      "vertices" : [ 0, 5, 4 ]
    }, {
      "vertices" : [ 0, 4, 1 ]
    }, {
      "vertices" : [ 2, 4, 5 ]
    }, {
      "vertices" : [ 2, 5, 3 ]
    }, {
      "vertices" : [ 0, 6, 3 ]
    }, {
      "vertices" : [ 0, 3, 5 ]
    }, {
      "vertices" : [ 0, 1, 7 ]
    }, {
      "vertices" : [ 0, 7, 6 ]
    }, {
      "vertices" : [ 1, 4, 2 ]
    }, {
      "vertices" : [ 1, 2, 7 ]
    } ]
  }, {
    "id" : "5276fc19-09be-42bf-ae51-d8757f761fb9",
    "vertices" : [ {
      "x" : 0.309017,
      "y" : -0.309017,
      "z" : -0.309017
    }, {
      "x" : 0.5,
      "y" : 0.0,
      "z" : -0.19098301
    }, {
      "x" : 0.5,
      "y" : 0.0,
      "z" : 0.19098301
    }, {
      "x" : 0.309017,
      "y" : -0.309017,
      "z" : 0.309017
    }, {
      "x" : 0.19098301,
      "y" : -0.5,
      "z" : 0.0
    }, {
      "x" : 0.0,
      "y" : 0.19098301,
      "z" : 0.5
    }, {
      "x" : 0.0,
      "y" : -0.19098301,
      "z" : 0.5
    }, {
      "x" : 0.309017,
      "y" : 0.309017,
      "z" : 0.309017
    }, {
      "x" : -0.309017,
      "y" : -0.309017,
      "z" : 0.309017
    }, {
      "x" : -0.309017,
      "y" : 0.309017,
      "z" : 0.309017
    }, {
      "x" : -0.5,
      "y" : 0.0,
      "z" : 0.19098301
    }, {
      "x" : 0.0,
      "y" : -0.19098301,
      "z" : -0.5
    }, {
      "x" : 0.0,
      "y" : 0.19098301,
      "z" : -0.5
    }, {
      "x" : 0.309017,
      "y" : 0.309017,
      "z" : -0.309017
    }, {
      "x" : -0.309017,
      "y" : -0.309017,
      "z" : -0.309017
    }, {
      "x" : -0.19098301,
      "y" : -0.5,
      "z" : 0.0
    }, {
      "x" : -0.5,
      "y" : 0.0,
      "z" : -0.19098301
    }, {
      "x" : 0.19098301,
      "y" : 0.5,
      "z" : 0.0
    }, {
      "x" : -0.309017,
      "y" : 0.309017,
      "z" : -0.309017
    }, {
      "x" : 0.0,
      "y" : 0.0,
      "z" : 0.0
    }, {
      "x" : -0.19098301,
      "y" : 0.5,
      "z" : 0.0
    } ],
    "faces" : [ {
      "vertices" : [ 12, 18, 20 ]
    }, {
      "vertices" : [ 12, 20, 17 ]
    }, {
      "vertices" : [ 12, 17, 13 ]
    }, {
      "vertices" : [ 3, 6, 8 ]
    }, {
      "vertices" : [ 3, 8, 15 ]
    }, {
      "vertices" : [ 3, 15, 4 ]
    }, {
      "vertices" : [ 0, 11, 12 ]
    }, {
      "vertices" : [ 0, 12, 13 ]
    }, {
      "vertices" : [ 0, 13, 1 ]
    }, {
      "vertices" : [ 5, 9, 10 ]
    }, {
      "vertices" : [ 5, 10, 8 ]
    }, {
      "vertices" : [ 5, 8, 6 ]
    }, {
      "vertices" : [ 2, 7, 5 ]
    }, {
      "vertices" : [ 2, 5, 6 ]
    }, {
      "vertices" : [ 2, 6, 3 ]
    }, {
      "vertices" : [ 11, 14, 16 ]
    }, {
      "vertices" : [ 11, 16, 18 ]
    }, {
      "vertices" : [ 11, 18, 12 ]
    }, {
      "vertices" : [ 1, 13, 17 ]
    }, {
      "vertices" : [ 1, 17, 7 ]
    }, {
      "vertices" : [ 1, 7, 2 ]
    }, {
      "vertices" : [ 9, 20, 18 ]
    }, {
      "vertices" : [ 9, 18, 16 ]
    }, {
      "vertices" : [ 9, 16, 10 ]
    }, {
      "vertices" : [ 0, 1, 2 ]
    }, {
      "vertices" : [ 0, 2, 3 ]
    }, {
      "vertices" : [ 0, 3, 4 ]
    }, {
      "vertices" : [ 5, 7, 17 ]
    }, {
      "vertices" : [ 5, 17, 20 ]
    }, {
      "vertices" : [ 5, 20, 9 ]
    }, {
      "vertices" : [ 0, 4, 15 ]
    }, {
      "vertices" : [ 0, 15, 14 ]
    }, {
      "vertices" : [ 0, 14, 11 ]
    }, {
      "vertices" : [ 8, 10, 16 ]
    }, {
      "vertices" : [ 8, 16, 14 ]
    }, {
      "vertices" : [ 8, 14, 15 ]
    } ]
  }, {
    "id" : "5f966b2d-3af0-401a-bd87-3bcbc9f72e75",
    "vertices" : [ {
      "x" : -11.09017,
      "y" : -37.300568,
      "z" : 5.7754126
    }, {
      "x" : -26.916409,
      "y" : -44.963684,
      "z" : 0.23032767
    }, {
      "x" : -20.062305,
      "y" : -50.405766,
      "z" : 10.781153
    }, {
      "x" : -4.236068,
      "y" : -42.742645,
      "z" : 16.326239
    } ],
    "faces" : [ {
      "vertices" : [ 0, 1, 2 ]
    }, {
      "vertices" : [ 0, 2, 3 ]
    }, {
      "vertices" : [ 0, 3, 2 ]
    }, {
      "vertices" : [ 0, 2, 1 ]
    } ]
  }, {
    "id" : "257c25c5-c159-4db4-84a3-600c77d3de20",
    "vertices" : [ {
      "x" : -15.333727,
      "y" : -7.192363,
      "z" : -5.4824977
    }, {
      "x" : -15.433726,
      "y" : -7.292363,
      "z" : -5.0824976
    }, {
      "x" : -0.49251142,
      "y" : -0.47075596,
      "z" : -0.062587515
    }, {
      "x" : -0.39251143,
      "y" : -0.37075597,
      "z" : -0.4625875
    }, {
      "x" : -15.200393,
      "y" : -7.592363,
      "z" : -5.215831
    }, {
      "x" : -15.100393,
      "y" : -7.492363,
      "z" : -5.615831
    }, {
      "x" : -0.6258448,
      "y" : -0.07075596,
      "z" : -0.32925418
    }, {
      "x" : -0.72584474,
      "y" : -0.17075595,
      "z" : 0.07074582
    } ],
    "faces" : [ {
      "vertices" : [ 2, 3, 6 ]
    }, {
      "vertices" : [ 2, 6, 7 ]
    }, {
      "vertices" : [ 0, 5, 4 ]
    }, {
      "vertices" : [ 0, 4, 1 ]
    }, {
      "vertices" : [ 2, 4, 5 ]
    }, {
      "vertices" : [ 2, 5, 3 ]
    }, {
      "vertices" : [ 0, 6, 3 ]
    }, {
      "vertices" : [ 0, 3, 5 ]
    }, {
      "vertices" : [ 0, 1, 7 ]
    }, {
      "vertices" : [ 0, 7, 6 ]
    }, {
      "vertices" : [ 1, 4, 2 ]
    }, {
      "vertices" : [ 1, 2, 7 ]
    } ]
  }, {
    "id" : "60af5df6-15c7-4c4d-af9a-a05b29586c0a",
    "vertices" : [ {
      "x" : -2.618034,
      "y" : 48.184727,
      "z" : -26.877064
    }, {
      "x" : 6.354102,
      "y" : 58.465878,
      "z" : -39.27625
    }, {
      "x" : -9.472136,
      "y" : 50.802757,
      "z" : -44.821335
    }, {
      "x" : -18.444271,
      "y" : 40.521606,
      "z" : -32.42215
    } ],
    "faces" : [ {
      "vertices" : [ 0, 1, 2 ]
    }, {
      "vertices" : [ 0, 2, 3 ]
    }, {
      "vertices" : [ 0, 3, 2 ]
    }, {
      "vertices" : [ 0, 2, 1 ]
    } ]
  }, {
    "id" : "29f9e636-0181-4a5e-95e4-ccb88446978e",
    "vertices" : [ {
      "x" : -2.118034,
      "y" : -27.019413,
      "z" : -6.6237745
    }, {
      "x" : -11.09017,
      "y" : -37.300568,
      "z" : 5.7754126
    }, {
      "x" : -4.236068,
      "y" : -42.742645,
      "z" : 16.326239
    }, {
      "x" : 4.736068,
      "y" : -32.461494,
      "z" : 3.927051
    } ],
    "faces" : [ {
      "vertices" : [ 0, 1, 2 ]
    }, {
      "vertices" : [ 0, 2, 3 ]
    }, {
      "vertices" : [ 0, 3, 2 ]
    }, {
      "vertices" : [ 0, 2, 1 ]
    } ]
  }, {
    "id" : "eb6530bd-30b5-42b9-b4a5-623b61bac78d",
    "vertices" : [ {
      "x" : 8.381517,
      "y" : 9.8099375,
      "z" : -12.118163
    }, {
      "x" : 8.781518,
      "y" : 9.709937,
      "z" : -12.018164
    }, {
      "x" : 0.59061825,
      "y" : 0.4712155,
      "z" : -0.2810234
    }, {
      "x" : 0.19061825,
      "y" : 0.5712155,
      "z" : -0.3810234
    }, {
      "x" : 8.914851,
      "y" : 10.009937,
      "z" : -11.78483
    }, {
      "x" : 8.514851,
      "y" : 10.109938,
      "z" : -11.88483
    }, {
      "x" : 0.057284918,
      "y" : 0.27121547,
      "z" : -0.61435676
    }, {
      "x" : 0.45728493,
      "y" : 0.17121549,
      "z" : -0.51435673
    } ],
    "faces" : [ {
      "vertices" : [ 2, 3, 6 ]
    }, {
      "vertices" : [ 2, 6, 7 ]
    }, {
      "vertices" : [ 0, 5, 4 ]
    }, {
      "vertices" : [ 0, 4, 1 ]
    }, {
      "vertices" : [ 2, 4, 5 ]
    }, {
      "vertices" : [ 2, 5, 3 ]
    }, {
      "vertices" : [ 0, 6, 3 ]
    }, {
      "vertices" : [ 0, 3, 5 ]
    }, {
      "vertices" : [ 0, 1, 7 ]
    }, {
      "vertices" : [ 0, 7, 6 ]
    }, {
      "vertices" : [ 1, 4, 2 ]
    }, {
      "vertices" : [ 1, 2, 7 ]
    } ]
  }, {
    "id" : "a5c7d080-889e-4572-98d0-b323a0531e20",
    "vertices" : [ {
      "x" : -22.68034,
      "y" : 9.075142,
      "z" : 13.477877
    }, {
      "x" : -15.826238,
      "y" : -2.0150282,
      "z" : 9.241808
    }, {
      "x" : 0.0,
      "y" : 0.0,
      "z" : 0.0
    }, {
      "x" : -6.854102,
      "y" : 11.09017,
      "z" : 4.236068
    } ],
    "faces" : [ {
      "vertices" : [ 0, 1, 2 ]
    }, {
      "vertices" : [ 0, 2, 3 ]
    }, {
      "vertices" : [ 0, 3, 2 ]
    }, {
      "vertices" : [ 0, 2, 1 ]
    } ]
  }, {
    "id" : "7d0f0226-f77b-4656-b1ab-2b7d09461d85",
    "vertices" : [ {
      "x" : 31.652475,
      "y" : 9.678147,
      "z" : -3.6967232
    }, {
      "x" : 40.62461,
      "y" : 19.959301,
      "z" : -16.095911
    }, {
      "x" : 49.59675,
      "y" : 35.888542,
      "z" : -13.708204
    }, {
      "x" : 40.62461,
      "y" : 25.607391,
      "z" : -1.309017
    } ],
    "faces" : [ {
      "vertices" : [ 0, 1, 2 ]
    }, {
      "vertices" : [ 0, 2, 3 ]
    }, {
      "vertices" : [ 0, 3, 2 ]
    }, {
      "vertices" : [ 0, 2, 1 ]
    } ]
  }, {
    "id" : "efabfa4e-4d84-489e-9490-db71613eca93",
    "vertices" : [ {
      "x" : 6.3284936,
      "y" : -5.3168836,
      "z" : 10.116268
    }, {
      "x" : 6.4284935,
      "y" : -4.9168835,
      "z" : 10.216269
    }, {
      "x" : 0.52560824,
      "y" : -0.12519594,
      "z" : 0.43455666
    }, {
      "x" : 0.42560825,
      "y" : -0.52519596,
      "z" : 0.33455667
    }, {
      "x" : 6.7284937,
      "y" : -5.0502167,
      "z" : 9.982935
    }, {
      "x" : 6.628494,
      "y" : -5.450217,
      "z" : 9.882936
    }, {
      "x" : 0.12560827,
      "y" : -0.3918626,
      "z" : 0.56789
    }, {
      "x" : 0.22560826,
      "y" : 0.0081373975,
      "z" : 0.66789
    } ],
    "faces" : [ {
      "vertices" : [ 2, 3, 6 ]
    }, {
      "vertices" : [ 2, 6, 7 ]
    }, {
      "vertices" : [ 0, 5, 4 ]
    }, {
      "vertices" : [ 0, 4, 1 ]
    }, {
      "vertices" : [ 2, 4, 5 ]
    }, {
      "vertices" : [ 2, 5, 3 ]
    }, {
      "vertices" : [ 0, 6, 3 ]
    }, {
      "vertices" : [ 0, 3, 5 ]
    }, {
      "vertices" : [ 0, 1, 7 ]
    }, {
      "vertices" : [ 0, 7, 6 ]
    }, {
      "vertices" : [ 1, 4, 2 ]
    }, {
      "vertices" : [ 1, 2, 7 ]
    } ]
  }, {
    "id" : "a43ae34c-3e73-4b2e-9468-0fb568fa60e3",
    "vertices" : [ {
      "x" : -4.736068,
      "y" : 26.813402,
      "z" : -18.713943
    }, {
      "x" : 4.236068,
      "y" : 42.742645,
      "z" : -16.326239
    }, {
      "x" : -11.59017,
      "y" : 35.079525,
      "z" : -21.871323
    }, {
      "x" : -20.562305,
      "y" : 19.150284,
      "z" : -24.25903
    } ],
    "faces" : [ {
      "vertices" : [ 0, 1, 2 ]
    }, {
      "vertices" : [ 0, 2, 3 ]
    }, {
      "vertices" : [ 0, 3, 2 ]
    }, {
      "vertices" : [ 0, 2, 1 ]
    } ]
  }, {
    "id" : "4dc7926a-e61a-454b-8ad3-2ec67a56b5e4",
    "vertices" : [ {
      "x" : 40.62461,
      "y" : 25.607391,
      "z" : -1.309017
    }, {
      "x" : 47.478714,
      "y" : 20.165312,
      "z" : 9.241808
    }, {
      "x" : 56.45085,
      "y" : 30.446465,
      "z" : -3.1573787
    }, {
      "x" : 49.59675,
      "y" : 35.888542,
      "z" : -13.708204
    } ],
    "faces" : [ {
      "vertices" : [ 0, 1, 2 ]
    }, {
      "vertices" : [ 0, 2, 3 ]
    }, {
      "vertices" : [ 0, 3, 2 ]
    }, {
      "vertices" : [ 0, 2, 1 ]
    } ]
  }, {
    "id" : "c0e300ed-9219-4242-a888-f0a5a314b9fe",
    "vertices" : [ {
      "x" : 1.0,
      "y" : 0.309017,
      "z" : 0.19098301
    }, {
      "x" : 1.0,
      "y" : -0.309017,
      "z" : 0.19098301
    }, {
      "x" : 12.708204,
      "y" : -0.309017,
      "z" : 0.19098301
    }, {
      "x" : 12.708204,
      "y" : 0.309017,
      "z" : 0.19098301
    }, {
      "x" : 12.708204,
      "y" : -0.309017,
      "z" : -0.19098301
    }, {
      "x" : 12.708204,
      "y" : 0.309017,
      "z" : -0.19098301
    }, {
      "x" : 13.326238,
      "y" : 0.0,
      "z" : 0.0
    }, {
      "x" : 0.38196602,
      "y" : 0.0,
      "z" : 0.0
    }, {
      "x" : 1.0,
      "y" : 0.309017,
      "z" : -0.19098301
    }, {
      "x" : 1.0,
      "y" : -0.309017,
      "z" : -0.19098301
    }, {
      "x" : 13.708204,
      "y" : 0.0,
      "z" : 0.0
    } ],
    "faces" : [ {
      "vertices" : [ 1, 9, 4 ]
    }, {
      "vertices" : [ 1, 4, 2 ]
    }, {
      "vertices" : [ 0, 3, 5 ]
    }, {
      "vertices" : [ 0, 5, 8 ]
    }, {
      "vertices" : [ 1, 7, 9 ]
    }, {
      "vertices" : [ 0, 1, 2 ]
    }, {
      "vertices" : [ 0, 2, 3 ]
    }, {
      "vertices" : [ 7, 8, 9 ]
    }, {
      "vertices" : [ 0, 7, 1 ]
    }, {
      "vertices" : [ 4, 9, 8 ]
    }, {
      "vertices" : [ 4, 8, 5 ]
    }, {
      "vertices" : [ 2, 6, 3 ]
    }, {
      "vertices" : [ 2, 4, 6 ]
    }, {
      "vertices" : [ 3, 6, 5 ]
    }, {
      "vertices" : [ 4, 5, 6 ]
    }, {
      "vertices" : [ 0, 8, 7 ]
    } ]
  }, {
    "id" : "9537e1b9-399a-4aa0-baca-26bb91e3122f",
    "vertices" : [ {
      "x" : -17.944271,
      "y" : -34.682533,
      "z" : -12.1688595
    }, {
      "x" : -26.916409,
      "y" : -50.611774,
      "z" : -14.556565
    }, {
      "x" : -33.77051,
      "y" : -45.169697,
      "z" : -25.107391
    }, {
      "x" : -24.798374,
      "y" : -29.240454,
      "z" : -22.719685
    } ],
    "faces" : [ {
      "vertices" : [ 0, 1, 2 ]
    }, {
      "vertices" : [ 0, 2, 3 ]
    }, {
      "vertices" : [ 0, 3, 2 ]
    }, {
      "vertices" : [ 0, 2, 1 ]
    } ]
  }, {
    "id" : "8ae6f104-2c10-4cc8-b0d8-c3a5aceb2c76",
    "vertices" : [ {
      "x" : -36.388542,
      "y" : 17.135256,
      "z" : -15.0172205
    }, {
      "x" : -43.242645,
      "y" : 22.577333,
      "z" : -25.568047
    }, {
      "x" : -27.416409,
      "y" : 24.592363,
      "z" : -34.809853
    }, {
      "x" : -20.562305,
      "y" : 19.150284,
      "z" : -24.25903
    } ],
    "faces" : [ {
      "vertices" : [ 0, 1, 2 ]
    }, {
      "vertices" : [ 0, 2, 3 ]
    }, {
      "vertices" : [ 0, 3, 2 ]
    }, {
      "vertices" : [ 0, 2, 1 ]
    } ]
  }, {
    "id" : "c3a04235-1476-425e-852b-5b00916f1365",
    "vertices" : [ {
      "x" : -81.24922,
      "y" : -54.038826,
      "z" : -4.7754126
    }, {
      "x" : -72.277084,
      "y" : -43.757675,
      "z" : -17.174599
    }, {
      "x" : -65.42299,
      "y" : -54.847843,
      "z" : -21.410667
    }, {
      "x" : -74.39512,
      "y" : -65.129,
      "z" : -9.01148
    } ],
    "faces" : [ {
      "vertices" : [ 0, 1, 2 ]
    }, {
      "vertices" : [ 0, 2, 3 ]
    }, {
      "vertices" : [ 0, 3, 2 ]
    }, {
      "vertices" : [ 0, 2, 1 ]
    } ]
  }, {
    "id" : "9b49ccc4-268c-4278-86ac-f10b76ca197d",
    "vertices" : [ {
      "x" : 29.534441,
      "y" : -14.5172205,
      "z" : -2.927051
    }, {
      "x" : 20.562305,
      "y" : -30.446465,
      "z" : -5.3147573
    }, {
      "x" : 13.708204,
      "y" : -25.004385,
      "z" : -15.865582
    }, {
      "x" : 22.68034,
      "y" : -9.075142,
      "z" : -13.477877
    } ],
    "faces" : [ {
      "vertices" : [ 0, 1, 2 ]
    }, {
      "vertices" : [ 0, 2, 3 ]
    }, {
      "vertices" : [ 0, 3, 2 ]
    }, {
      "vertices" : [ 0, 2, 1 ]
    } ]
  }, {
    "id" : "5103813b-cfd9-4793-9536-b0efc41b7793",
    "vertices" : [ {
      "x" : -24.798374,
      "y" : -23.592363,
      "z" : -7.932791
    }, {
      "x" : -17.944271,
      "y" : -34.682533,
      "z" : -12.1688595
    }, {
      "x" : -24.798374,
      "y" : -29.240454,
      "z" : -22.719685
    }, {
      "x" : -31.652475,
      "y" : -18.150284,
      "z" : -18.483616
    } ],
    "faces" : [ {
      "vertices" : [ 0, 1, 2 ]
    }, {
      "vertices" : [ 0, 2, 3 ]
    }, {
      "vertices" : [ 0, 3, 2 ]
    }, {
      "vertices" : [ 0, 2, 1 ]
    } ]
  }, {
    "id" : "7931b1eb-3fdc-435b-b576-46e3b1cfc319",
    "vertices" : [ {
      "x" : -15.826238,
      "y" : -7.663119,
      "z" : -5.545085
    }, {
      "x" : -31.652475,
      "y" : -9.678147,
      "z" : 3.6967232
    }, {
      "x" : -38.506577,
      "y" : -4.236068,
      "z" : -6.854102
    }, {
      "x" : -22.68034,
      "y" : -2.2210398,
      "z" : -16.095911
    } ],
    "faces" : [ {
      "vertices" : [ 0, 1, 2 ]
    }, {
      "vertices" : [ 0, 2, 3 ]
    }, {
      "vertices" : [ 0, 3, 2 ]
    }, {
      "vertices" : [ 0, 2, 1 ]
    } ]
  }, {
    "id" : "5ebff414-31b5-4ef5-ab85-480cba4a48ac",
    "vertices" : [ {
      "x" : 0.0,
      "y" : 0.0,
      "z" : 0.0
    }, {
      "x" : -8.972136,
      "y" : -10.281153,
      "z" : 12.399187
    }, {
      "x" : -17.944271,
      "y" : -26.210396,
      "z" : 10.01148
    }, {
      "x" : -8.972136,
      "y" : -15.929244,
      "z" : -2.3877063
    } ],
    "faces" : [ {
      "vertices" : [ 0, 1, 2 ]
    }, {
      "vertices" : [ 0, 2, 3 ]
    }, {
      "vertices" : [ 0, 3, 2 ]
    }, {
      "vertices" : [ 0, 2, 1 ]
    } ]
  }, {
    "id" : "7c8896dc-2432-48c1-a56a-942741529184",
    "vertices" : [ {
      "x" : -24.798374,
      "y" : -29.240454,
      "z" : -22.719685
    }, {
      "x" : -8.972136,
      "y" : -27.225426,
      "z" : -31.961493
    }, {
      "x" : 0.0,
      "y" : -16.944271,
      "z" : -44.36068
    }, {
      "x" : -15.826238,
      "y" : -18.959301,
      "z" : -35.11887
    } ],
    "faces" : [ {
      "vertices" : [ 0, 1, 2 ]
    }, {
      "vertices" : [ 0, 2, 3 ]
    }, {
      "vertices" : [ 0, 3, 2 ]
    }, {
      "vertices" : [ 0, 2, 1 ]
    } ]
  }, {
    "id" : "d968a81c-0afd-4b2b-bd3e-46147326b957",
    "vertices" : [ {
      "x" : -8.972136,
      "y" : -15.929244,
      "z" : -2.3877063
    }, {
      "x" : -24.798374,
      "y" : -23.592363,
      "z" : -7.932791
    }, {
      "x" : -33.77051,
      "y" : -33.873516,
      "z" : 4.466396
    }, {
      "x" : -17.944271,
      "y" : -26.210396,
      "z" : 10.01148
    } ],
    "faces" : [ {
      "vertices" : [ 0, 1, 2 ]
    }, {
      "vertices" : [ 0, 2, 3 ]
    }, {
      "vertices" : [ 0, 3, 2 ]
    }, {
      "vertices" : [ 0, 2, 1 ]
    } ]
  }, {
    "id" : "7ec821d2-09c0-41f4-af02-650c3f16d9b7",
    "vertices" : [ {
      "x" : -72.277084,
      "y" : -43.757675,
      "z" : -17.174599
    }, {
      "x" : -56.45085,
      "y" : -41.742645,
      "z" : -26.416409
    }, {
      "x" : -49.59675,
      "y" : -52.832817,
      "z" : -30.652475
    }, {
      "x" : -65.42299,
      "y" : -54.847843,
      "z" : -21.410667
    } ],
    "faces" : [ {
      "vertices" : [ 0, 1, 2 ]
    }, {
      "vertices" : [ 0, 2, 3 ]
    }, {
      "vertices" : [ 0, 3, 2 ]
    }, {
      "vertices" : [ 0, 2, 1 ]
    } ]
  }, {
    "id" : "2cc881e6-ab8c-4e5d-aebb-7353a0130e45",
    "vertices" : [ {
      "x" : -6.854102,
      "y" : 22.38635,
      "z" : 33.809853
    }, {
      "x" : -22.68034,
      "y" : 14.723232,
      "z" : 28.264769
    }, {
      "x" : -13.708204,
      "y" : 25.004385,
      "z" : 15.865582
    }, {
      "x" : 2.118034,
      "y" : 32.667503,
      "z" : 21.410667
    } ],
    "faces" : [ {
      "vertices" : [ 0, 1, 2 ]
    }, {
      "vertices" : [ 0, 2, 3 ]
    }, {
      "vertices" : [ 0, 3, 2 ]
    }, {
      "vertices" : [ 0, 2, 1 ]
    } ]
  }, {
    "id" : "5e47f430-6130-4296-9819-c522d69dea55",
    "vertices" : [ {
      "x" : 4.236068,
      "y" : 42.742645,
      "z" : -16.326239
    }, {
      "x" : 20.062305,
      "y" : 44.757675,
      "z" : -25.568047
    }, {
      "x" : 29.034441,
      "y" : 55.038826,
      "z" : -37.96723
    }, {
      "x" : 13.208204,
      "y" : 53.0238,
      "z" : -28.725426
    } ],
    "faces" : [ {
      "vertices" : [ 0, 1, 2 ]
    }, {
      "vertices" : [ 0, 2, 3 ]
    }, {
      "vertices" : [ 0, 3, 2 ]
    }, {
      "vertices" : [ 0, 2, 1 ]
    } ]
  }, {
    "id" : "923726c1-b501-4672-a06e-df95ba0477d4",
    "vertices" : [ {
      "x" : 77.01315,
      "y" : -5.648091,
      "z" : -23.25903
    }, {
      "x" : 70.15905,
      "y" : -0.20601133,
      "z" : -33.809853
    }, {
      "x" : 61.186916,
      "y" : -16.135256,
      "z" : -36.19756
    }, {
      "x" : 68.04102,
      "y" : -21.577333,
      "z" : -25.646736
    } ],
    "faces" : [ {
      "vertices" : [ 0, 1, 2 ]
    }, {
      "vertices" : [ 0, 2, 3 ]
    }, {
      "vertices" : [ 0, 3, 2 ]
    }, {
      "vertices" : [ 0, 2, 1 ]
    } ]
  }, {
    "id" : "2e3125d0-0807-4799-8ca9-1e4d08cc05b7",
    "vertices" : [ {
      "x" : 22.68034,
      "y" : -14.723232,
      "z" : -28.264769
    }, {
      "x" : 15.826238,
      "y" : -9.281153,
      "z" : -38.815594
    }, {
      "x" : 0.0,
      "y" : -16.944271,
      "z" : -44.36068
    }, {
      "x" : 6.854102,
      "y" : -22.38635,
      "z" : -33.809853
    } ],
    "faces" : [ {
      "vertices" : [ 0, 1, 2 ]
    }, {
      "vertices" : [ 0, 2, 3 ]
    }, {
      "vertices" : [ 0, 3, 2 ]
    }, {
      "vertices" : [ 0, 2, 1 ]
    } ]
  }, {
    "id" : "2b90be94-4a2a-452e-8316-8c85207b80b6",
    "vertices" : [ {
      "x" : -43.242645,
      "y" : 22.577333,
      "z" : -25.568047
    }, {
      "x" : -59.068882,
      "y" : 14.914215,
      "z" : -31.11313
    }, {
      "x" : -43.242645,
      "y" : 16.929243,
      "z" : -40.35494
    }, {
      "x" : -27.416409,
      "y" : 24.592363,
      "z" : -34.809853
    } ],
    "faces" : [ {
      "vertices" : [ 0, 1, 2 ]
    }, {
      "vertices" : [ 0, 2, 3 ]
    }, {
      "vertices" : [ 0, 3, 2 ]
    }, {
      "vertices" : [ 0, 2, 1 ]
    } ]
  }, {
    "id" : "26b65928-e219-4c08-b9e2-ea91ca67453a",
    "vertices" : [ {
      "x" : 45.36068,
      "y" : -6.854102,
      "z" : 2.618034
    }, {
      "x" : 54.332817,
      "y" : 3.427051,
      "z" : -9.781153
    }, {
      "x" : 70.15905,
      "y" : 5.4420795,
      "z" : -19.02296
    }, {
      "x" : 61.186916,
      "y" : -4.8390737,
      "z" : -6.6237745
    } ],
    "faces" : [ {
      "vertices" : [ 0, 1, 2 ]
    }, {
      "vertices" : [ 0, 2, 3 ]
    }, {
      "vertices" : [ 0, 3, 2 ]
    }, {
      "vertices" : [ 0, 2, 1 ]
    } ]
  }, {
    "id" : "0bd60863-ab03-40dd-8964-aba76ebdf8ad",
    "vertices" : [ {
      "x" : 17.944271,
      "y" : 17.73826,
      "z" : -32.191822
    }, {
      "x" : 2.118034,
      "y" : 10.075142,
      "z" : -37.736904
    }, {
      "x" : 8.972136,
      "y" : -1.0150284,
      "z" : -41.972973
    }, {
      "x" : 24.798374,
      "y" : 6.648091,
      "z" : -36.427887
    } ],
    "faces" : [ {
      "vertices" : [ 0, 1, 2 ]
    }, {
      "vertices" : [ 0, 2, 3 ]
    }, {
      "vertices" : [ 0, 3, 2 ]
    }, {
      "vertices" : [ 0, 2, 1 ]
    } ]
  }, {
    "id" : "f1c892d5-589a-4621-9bae-098ca3a67311",
    "vertices" : [ {
      "x" : -6.854102,
      "y" : 5.4420795,
      "z" : -10.550825
    }, {
      "x" : -22.68034,
      "y" : -2.2210398,
      "z" : -16.095911
    }, {
      "x" : -13.708204,
      "y" : 8.060113,
      "z" : -28.495098
    }, {
      "x" : 2.118034,
      "y" : 15.723232,
      "z" : -22.950012
    } ],
    "faces" : [ {
      "vertices" : [ 0, 1, 2 ]
    }, {
      "vertices" : [ 0, 2, 3 ]
    }, {
      "vertices" : [ 0, 3, 2 ]
    }, {
      "vertices" : [ 0, 2, 1 ]
    } ]
  }, {
    "id" : "792e849b-f6f4-4382-9572-97bb798f3d0c",
    "vertices" : [ {
      "x" : 6.854102,
      "y" : -5.4420795,
      "z" : 10.550825
    }, {
      "x" : 13.708204,
      "y" : -16.53225,
      "z" : 6.3147573
    }, {
      "x" : 4.736068,
      "y" : -26.813402,
      "z" : 18.713943
    }, {
      "x" : -2.118034,
      "y" : -15.723232,
      "z" : 22.950012
    } ],
    "faces" : [ {
      "vertices" : [ 0, 1, 2 ]
    }, {
      "vertices" : [ 0, 2, 3 ]
    }, {
      "vertices" : [ 0, 3, 2 ]
    }, {
      "vertices" : [ 0, 2, 1 ]
    } ]
  }, {
    "id" : "44ba6ae4-e2af-4bb1-b92a-ce154817b148",
    "vertices" : [ {
      "x" : -2.118034,
      "y" : -32.667503,
      "z" : -21.410667
    }, {
      "x" : 4.736068,
      "y" : -43.757675,
      "z" : -25.646736
    }, {
      "x" : -4.236068,
      "y" : -59.686916,
      "z" : -28.034441
    }, {
      "x" : -11.09017,
      "y" : -48.59675,
      "z" : -23.798374
    } ],
    "faces" : [ {
      "vertices" : [ 0, 1, 2 ]
    }, {
      "vertices" : [ 0, 2, 3 ]
    }, {
      "vertices" : [ 0, 3, 2 ]
    }, {
      "vertices" : [ 0, 2, 1 ]
    } ]
  }, {
    "id" : "9aa19aab-06ae-41b9-bb0d-5eb857cce76f",
    "vertices" : [ {
      "x" : 13.708204,
      "y" : -16.53225,
      "z" : 6.3147573
    }, {
      "x" : 29.534441,
      "y" : -14.5172205,
      "z" : -2.927051
    }, {
      "x" : 20.562305,
      "y" : -30.446465,
      "z" : -5.3147573
    }, {
      "x" : 4.736068,
      "y" : -32.461494,
      "z" : 3.927051
    } ],
    "faces" : [ {
      "vertices" : [ 0, 1, 2 ]
    }, {
      "vertices" : [ 0, 2, 3 ]
    }, {
      "vertices" : [ 0, 3, 2 ]
    }, {
      "vertices" : [ 0, 2, 1 ]
    } ]
  }, {
    "id" : "02a6879b-0a21-49c1-9dfb-2398282eaa67",
    "vertices" : [ {
      "x" : 72.277084,
      "y" : 21.165312,
      "z" : -41.972973
    }, {
      "x" : 65.42299,
      "y" : 26.607391,
      "z" : -52.5238
    }, {
      "x" : 49.59675,
      "y" : 18.944271,
      "z" : -58.068882
    }, {
      "x" : 56.45085,
      "y" : 13.5021925,
      "z" : -47.51806
    } ],
    "faces" : [ {
      "vertices" : [ 0, 1, 2 ]
    }, {
      "vertices" : [ 0, 2, 3 ]
    }, {
      "vertices" : [ 0, 3, 2 ]
    }, {
      "vertices" : [ 0, 2, 1 ]
    } ]
  }, {
    "id" : "1aa0d71a-9156-49f0-ac59-a0097843321d",
    "vertices" : [ {
      "x" : 42.742645,
      "y" : 41.330624,
      "z" : -24.25903
    }, {
      "x" : 26.916409,
      "y" : 33.667503,
      "z" : -29.804113
    }, {
      "x" : 35.888542,
      "y" : 43.948658,
      "z" : -42.2033
    }, {
      "x" : 51.714783,
      "y" : 51.611774,
      "z" : -36.658215
    } ],
    "faces" : [ {
      "vertices" : [ 0, 1, 2 ]
    }, {
      "vertices" : [ 0, 2, 3 ]
    }, {
      "vertices" : [ 0, 3, 2 ]
    }, {
      "vertices" : [ 0, 2, 1 ]
    } ]
  }, {
    "id" : "8292d8ce-3140-4976-a55c-07de58c9b283",
    "vertices" : [ {
      "x" : 4.736068,
      "y" : -32.461494,
      "z" : 3.927051
    }, {
      "x" : 20.562305,
      "y" : -30.446465,
      "z" : -5.3147573
    }, {
      "x" : 11.59017,
      "y" : -40.72762,
      "z" : 7.0844297
    }, {
      "x" : -4.236068,
      "y" : -42.742645,
      "z" : 16.326239
    } ],
    "faces" : [ {
      "vertices" : [ 0, 1, 2 ]
    }, {
      "vertices" : [ 0, 2, 3 ]
    }, {
      "vertices" : [ 0, 3, 2 ]
    }, {
      "vertices" : [ 0, 2, 1 ]
    } ]
  }, {
    "id" : "93d9735d-13ff-4b68-84b1-1c2da1048088",
    "vertices" : [ {
      "x" : -26.916409,
      "y" : -50.611774,
      "z" : -14.556565
    }, {
      "x" : -42.742645,
      "y" : -58.274895,
      "z" : -20.10165
    }, {
      "x" : -49.59675,
      "y" : -52.832817,
      "z" : -30.652475
    }, {
      "x" : -33.77051,
      "y" : -45.169697,
      "z" : -25.107391
    } ],
    "faces" : [ {
      "vertices" : [ 0, 1, 2 ]
    }, {
      "vertices" : [ 0, 2, 3 ]
    }, {
      "vertices" : [ 0, 3, 2 ]
    }, {
      "vertices" : [ 0, 2, 1 ]
    } ]
  }, {
    "id" : "c67e4a04-cbd1-47f7-8b06-10c581c821a5",
    "vertices" : [ {
      "x" : -13.708204,
      "y" : 16.53225,
      "z" : -6.3147573
    }, {
      "x" : -4.736068,
      "y" : 26.813402,
      "z" : -18.713943
    }, {
      "x" : 4.236068,
      "y" : 42.742645,
      "z" : -16.326239
    }, {
      "x" : -4.736068,
      "y" : 32.461494,
      "z" : -3.927051
    } ],
    "faces" : [ {
      "vertices" : [ 0, 1, 2 ]
    }, {
      "vertices" : [ 0, 2, 3 ]
    }, {
      "vertices" : [ 0, 3, 2 ]
    }, {
      "vertices" : [ 0, 2, 1 ]
    } ]
  }, {
    "id" : "12f07704-0de6-4092-ba59-b086f7e47ca5",
    "vertices" : [ {
      "x" : -20.562305,
      "y" : 19.150284,
      "z" : -24.25903
    }, {
      "x" : -27.416409,
      "y" : 24.592363,
      "z" : -34.809853
    }, {
      "x" : -20.562305,
      "y" : 13.5021925,
      "z" : -39.04592
    }, {
      "x" : -13.708204,
      "y" : 8.060113,
      "z" : -28.495098
    } ],
    "faces" : [ {
      "vertices" : [ 0, 1, 2 ]
    }, {
      "vertices" : [ 0, 2, 3 ]
    }, {
      "vertices" : [ 0, 3, 2 ]
    }, {
      "vertices" : [ 0, 2, 1 ]
    } ]
  }, {
    "id" : "759d151e-d316-4065-8587-b3447d9d83de",
    "vertices" : [ {
      "x" : -13.708204,
      "y" : 25.004385,
      "z" : 15.865582
    }, {
      "x" : -22.68034,
      "y" : 9.075142,
      "z" : 13.477877
    }, {
      "x" : -6.854102,
      "y" : 11.09017,
      "z" : 4.236068
    }, {
      "x" : 2.118034,
      "y" : 27.019413,
      "z" : 6.6237745
    } ],
    "faces" : [ {
      "vertices" : [ 0, 1, 2 ]
    }, {
      "vertices" : [ 0, 2, 3 ]
    }, {
      "vertices" : [ 0, 3, 2 ]
    }, {
      "vertices" : [ 0, 2, 1 ]
    } ]
  }, {
    "id" : "1fa8a4b6-0b44-4fd8-adbe-182d1d4b8e88",
    "vertices" : [ {
      "x" : -4.236068,
      "y" : -42.742645,
      "z" : 16.326239
    }, {
      "x" : -20.062305,
      "y" : -50.405766,
      "z" : 10.781153
    }, {
      "x" : -35.888542,
      "y" : -52.42079,
      "z" : 20.02296
    }, {
      "x" : -20.062305,
      "y" : -44.757675,
      "z" : 25.568047
    } ],
    "faces" : [ {
      "vertices" : [ 0, 1, 2 ]
    }, {
      "vertices" : [ 0, 2, 3 ]
    }, {
      "vertices" : [ 0, 3, 2 ]
    }, {
      "vertices" : [ 0, 2, 1 ]
    } ]
  }, {
    "id" : "b1b0198f-59fe-4f60-ae5a-775c5018798a",
    "vertices" : [ {
      "x" : 0.0,
      "y" : 16.944271,
      "z" : 44.36068
    }, {
      "x" : -6.854102,
      "y" : 22.38635,
      "z" : 33.809853
    }, {
      "x" : 2.118034,
      "y" : 32.667503,
      "z" : 21.410667
    }, {
      "x" : 8.972136,
      "y" : 27.225426,
      "z" : 31.961493
    } ],
    "faces" : [ {
      "vertices" : [ 0, 1, 2 ]
    }, {
      "vertices" : [ 0, 2, 3 ]
    }, {
      "vertices" : [ 0, 3, 2 ]
    }, {
      "vertices" : [ 0, 2, 1 ]
    } ]
  }, {
    "id" : "4fbb2201-e326-4ca5-9495-4981d817e351",
    "vertices" : [ {
      "x" : 0.0,
      "y" : 0.0,
      "z" : 0.0
    }, {
      "x" : 15.826238,
      "y" : 2.0150282,
      "z" : -9.241808
    }, {
      "x" : 22.68034,
      "y" : -9.075142,
      "z" : -13.477877
    }, {
      "x" : 6.854102,
      "y" : -11.09017,
      "z" : -4.236068
    } ],
    "faces" : [ {
      "vertices" : [ 0, 1, 2 ]
    }, {
      "vertices" : [ 0, 2, 3 ]
