{
  "field" : "golden",
  "symmetry" : "icosahedral",
  "orientations" : [ [ 1.0, 0.0, 0.0, 0.0, 0.0, 1.0, 0.0, 0.0, 0.0, 0.0, 1.0, 0.0, 0.0, 0.0, 0.0, 1.0 ], [ 0.0, 0.0, 1.0, 0.0, 1.0, 0.0, 0.0, 0.0, 0.0, 1.0, 0.0, 0.0, 0.0, 0.0, 0.0, 1.0 ], [ 0.0, 1.0, 0.0, 0.0, 0.0, 0.0, 1.0, 0.0, 1.0, 0.0, 0.0, 0.0, 0.0, 0.0, 0.0, 1.0 ], [ 0.809017, 0.309017, 0.5, 0.0, 0.309017, 0.5, -0.809017, 0.0, -0.5, 0.809017, 0.309017, 0.0, 0.0, 0.0, 0.0, 1.0 ], [ -0.5, 0.809017, 0.309017, 0.0, 0.809017, 0.309017, 0.5, 0.0, 0.309017, 0.5, -0.809017, 0.0, 0.0, 0.0, 0.0, 1.0 ], [ 0.309017, 0.5, -0.809017, 0.0, -0.5, 0.809017, 0.309017, 0.0, 0.809017, 0.309017, 0.5, 0.0, 0.0, 0.0, 0.0, 1.0 ], [ 0.5, 0.809017, 0.309017, 0.0, 0.809017, -0.309017, -0.5, 0.0, -0.309017, 0.5, -0.809017, 0.0, 0.0, 0.0, 0.0, 1.0 ], [ -0.309017, 0.5, -0.809017, 0.0, 0.5, 0.809017, 0.309017, 0.0, 0.809017, -0.309017, -0.5, 0.0, 0.0, 0.0, 0.0, 1.0 ], [ 0.809017, -0.309017, -0.5, 0.0, -0.309017, 0.5, -0.809017, 0.0, 0.5, 0.809017, 0.309017, 0.0, 0.0, 0.0, 0.0, 1.0 ], [ 0.5, 0.809017, -0.309017, 0.0, 0.809017, -0.309017, 0.5, 0.0, 0.309017, -0.5, -0.809017, 0.0, 0.0, 0.0, 0.0, 1.0 ], [ 0.309017, -0.5, -0.809017, 0.0, 0.5, 0.809017, -0.309017, 0.0, 0.809017, -0.309017, 0.5, 0.0, 0.0, 0.0, 0.0, 1.0 ], [ 0.809017, -0.309017, 0.5, 0.0, 0.309017, -0.5, -0.809017, 0.0, 0.5, 0.809017, -0.309017, 0.0, 0.0, 0.0, 0.0, 1.0 ], [ 0.809017, 0.309017, -0.5, 0.0, 0.309017, 0.5, 0.809017, 0.0, 0.5, -0.809017, 0.309017, 0.0, 0.0, 0.0, 0.0, 1.0 ], [ 0.5, -0.809017, 0.309017, 0.0, 0.809017, 0.309017, -0.5, 0.0, 0.309017, 0.5, 0.809017, 0.0, 0.0, 0.0, 0.0, 1.0 ], [ 0.309017, 0.5, 0.809017, 0.0, 0.5, -0.809017, 0.309017, 0.0, 0.809017, 0.309017, -0.5, 0.0, 0.0, 0.0, 0.0, 1.0 ], [ 1.0, 0.0, 0.0, 0.0, 0.0, -1.0, 0.0, 0.0, 0.0, 0.0, -1.0, 0.0, 0.0, 0.0, 0.0, 1.0 ], [ 0.0, 0.0, 1.0, 0.0, -1.0, 0.0, 0.0, 0.0, 0.0, -1.0, 0.0, 0.0, 0.0, 0.0, 0.0, 1.0 ], [ 0.0, 1.0, 0.0, 0.0, 0.0, 0.0, -1.0, 0.0, -1.0, 0.0, 0.0, 0.0, 0.0, 0.0, 0.0, 1.0 ], [ 0.809017, 0.309017, 0.5, 0.0, -0.309017, -0.5, 0.809017, 0.0, 0.5, -0.809017, -0.309017, 0.0, 0.0, 0.0, 0.0, 1.0 ], [ -0.5, 0.809017, 0.309017, 0.0, -0.809017, -0.309017, -0.5, 0.0, -0.309017, -0.5, 0.809017, 0.0, 0.0, 0.0, 0.0, 1.0 ], [ 0.309017, 0.5, -0.809017, 0.0, 0.5, -0.809017, -0.309017, 0.0, -0.809017, -0.309017, -0.5, 0.0, 0.0, 0.0, 0.0, 1.0 ], [ 0.5, 0.809017, 0.309017, 0.0, -0.809017, 0.309017, 0.5, 0.0, 0.309017, -0.5, 0.809017, 0.0, 0.0, 0.0, 0.0, 1.0 ], [ -0.309017, 0.5, -0.809017, 0.0, -0.5, -0.809017, -0.309017, 0.0, -0.809017, 0.309017, 0.5, 0.0, 0.0, 0.0, 0.0, 1.0 ], [ 0.809017, -0.309017, -0.5, 0.0, 0.309017, -0.5, 0.809017, 0.0, -0.5, -0.809017, -0.309017, 0.0, 0.0, 0.0, 0.0, 1.0 ], [ 0.5, 0.809017, -0.309017, 0.0, -0.809017, 0.309017, -0.5, 0.0, -0.309017, 0.5, 0.809017, 0.0, 0.0, 0.0, 0.0, 1.0 ], [ 0.309017, -0.5, -0.809017, 0.0, -0.5, -0.809017, 0.309017, 0.0, -0.809017, 0.309017, -0.5, 0.0, 0.0, 0.0, 0.0, 1.0 ], [ 0.809017, -0.309017, 0.5, 0.0, -0.309017, 0.5, 0.809017, 0.0, -0.5, -0.809017, 0.309017, 0.0, 0.0, 0.0, 0.0, 1.0 ], [ 0.809017, 0.309017, -0.5, 0.0, -0.309017, -0.5, -0.809017, 0.0, -0.5, 0.809017, -0.309017, 0.0, 0.0, 0.0, 0.0, 1.0 ], [ 0.5, -0.809017, 0.309017, 0.0, -0.809017, -0.309017, 0.5, 0.0, -0.309017, -0.5, -0.809017, 0.0, 0.0, 0.0, 0.0, 1.0 ], [ 0.309017, 0.5, 0.809017, 0.0, -0.5, 0.809017, -0.309017, 0.0, -0.809017, -0.309017, 0.5, 0.0, 0.0, 0.0, 0.0, 1.0 ], [ -1.0, 0.0, 0.0, 0.0, 0.0, -1.0, 0.0, 0.0, 0.0, 0.0, 1.0, 0.0, 0.0, 0.0, 0.0, 1.0 ], [ 0.0, 0.0, -1.0, 0.0, -1.0, 0.0, 0.0, 0.0, 0.0, 1.0, 0.0, 0.0, 0.0, 0.0, 0.0, 1.0 ], [ 0.0, -1.0, 0.0, 0.0, 0.0, 0.0, -1.0, 0.0, 1.0, 0.0, 0.0, 0.0, 0.0, 0.0, 0.0, 1.0 ], [ -0.809017, -0.309017, -0.5, 0.0, -0.309017, -0.5, 0.809017, 0.0, -0.5, 0.809017, 0.309017, 0.0, 0.0, 0.0, 0.0, 1.0 ], [ 0.5, -0.809017, -0.309017, 0.0, -0.809017, -0.309017, -0.5, 0.0, 0.309017, 0.5, -0.809017, 0.0, 0.0, 0.0, 0.0, 1.0 ], [ -0.309017, -0.5, 0.809017, 0.0, 0.5, -0.809017, -0.309017, 0.0, 0.809017, 0.309017, 0.5, 0.0, 0.0, 0.0, 0.0, 1.0 ], [ -0.5, -0.809017, -0.309017, 0.0, -0.809017, 0.309017, 0.5, 0.0, -0.309017, 0.5, -0.809017, 0.0, 0.0, 0.0, 0.0, 1.0 ], [ 0.309017, -0.5, 0.809017, 0.0, -0.5, -0.809017, -0.309017, 0.0, 0.809017, -0.309017, -0.5, 0.0, 0.0, 0.0, 0.0, 1.0 ], [ -0.809017, 0.309017, 0.5, 0.0, 0.309017, -0.5, 0.809017, 0.0, 0.5, 0.809017, 0.309017, 0.0, 0.0, 0.0, 0.0, 1.0 ], [ -0.5, -0.809017, 0.309017, 0.0, -0.809017, 0.309017, -0.5, 0.0, 0.309017, -0.5, -0.809017, 0.0, 0.0, 0.0, 0.0, 1.0 ], [ -0.309017, 0.5, 0.809017, 0.0, -0.5, -0.809017, 0.309017, 0.0, 0.809017, -0.309017, 0.5, 0.0, 0.0, 0.0, 0.0, 1.0 ], [ -0.809017, 0.309017, -0.5, 0.0, -0.309017, 0.5, 0.809017, 0.0, 0.5, 0.809017, -0.309017, 0.0, 0.0, 0.0, 0.0, 1.0 ], [ -0.809017, -0.309017, 0.5, 0.0, -0.309017, -0.5, -0.809017, 0.0, 0.5, -0.809017, 0.309017, 0.0, 0.0, 0.0, 0.0, 1.0 ], [ -0.5, 0.809017, -0.309017, 0.0, -0.809017, -0.309017, 0.5, 0.0, 0.309017, 0.5, 0.809017, 0.0, 0.0, 0.0, 0.0, 1.0 ], [ -0.309017, -0.5, -0.809017, 0.0, -0.5, 0.809017, -0.309017, 0.0, 0.809017, 0.309017, -0.5, 0.0, 0.0, 0.0, 0.0, 1.0 ], [ -1.0, 0.0, 0.0, 0.0, 0.0, 1.0, 0.0, 0.0, 0.0, 0.0, -1.0, 0.0, 0.0, 0.0, 0.0, 1.0 ], [ 0.0, 0.0, -1.0, 0.0, 1.0, 0.0, 0.0, 0.0, 0.0, -1.0, 0.0, 0.0, 0.0, 0.0, 0.0, 1.0 ], [ 0.0, -1.0, 0.0, 0.0, 0.0, 0.0, 1.0, 0.0, -1.0, 0.0, 0.0, 0.0, 0.0, 0.0, 0.0, 1.0 ], [ -0.809017, -0.309017, -0.5, 0.0, 0.309017, 0.5, -0.809017, 0.0, 0.5, -0.809017, -0.309017, 0.0, 0.0, 0.0, 0.0, 1.0 ], [ 0.5, -0.809017, -0.309017, 0.0, 0.809017, 0.309017, 0.5, 0.0, -0.309017, -0.5, 0.809017, 0.0, 0.0, 0.0, 0.0, 1.0 ], [ -0.309017, -0.5, 0.809017, 0.0, -0.5, 0.809017, 0.309017, 0.0, -0.809017, -0.309017, -0.5, 0.0, 0.0, 0.0, 0.0, 1.0 ], [ -0.5, -0.809017, -0.309017, 0.0, 0.809017, -0.309017, -0.5, 0.0, 0.309017, -0.5, 0.809017, 0.0, 0.0, 0.0, 0.0, 1.0 ], [ 0.309017, -0.5, 0.809017, 0.0, 0.5, 0.809017, 0.309017, 0.0, -0.809017, 0.309017, 0.5, 0.0, 0.0, 0.0, 0.0, 1.0 ], [ -0.809017, 0.309017, 0.5, 0.0, -0.309017, 0.5, -0.809017, 0.0, -0.5, -0.809017, -0.309017, 0.0, 0.0, 0.0, 0.0, 1.0 ], [ -0.5, -0.809017, 0.309017, 0.0, 0.809017, -0.309017, 0.5, 0.0, -0.309017, 0.5, 0.809017, 0.0, 0.0, 0.0, 0.0, 1.0 ], [ -0.309017, 0.5, 0.809017, 0.0, 0.5, 0.809017, -0.309017, 0.0, -0.809017, 0.309017, -0.5, 0.0, 0.0, 0.0, 0.0, 1.0 ], [ -0.809017, 0.309017, -0.5, 0.0, 0.309017, -0.5, -0.809017, 0.0, -0.5, -0.809017, 0.309017, 0.0, 0.0, 0.0, 0.0, 1.0 ], [ -0.809017, -0.309017, 0.5, 0.0, 0.309017, 0.5, 0.809017, 0.0, -0.5, 0.809017, -0.309017, 0.0, 0.0, 0.0, 0.0, 1.0 ], [ -0.5, 0.809017, -0.309017, 0.0, 0.809017, 0.309017, -0.5, 0.0, -0.309017, -0.5, -0.809017, 0.0, 0.0, 0.0, 0.0, 1.0 ], [ -0.309017, -0.5, -0.809017, 0.0, 0.5, -0.809017, 0.309017, 0.0, -0.809017, -0.309017, 0.5, 0.0, 0.0, 0.0, 0.0, 1.0 ] ],
  "lights" : {
    "ambientColor" : "#292929",
    "backgroundColor" : "#FFFFEF",
    "directionalLights" : [ {
      "direction" : {
        "x" : 1.0,
        "y" : -1.0,
        "z" : -1.0
      },
      "color" : "#EBEBE4"
    }, {
      "direction" : {
        "x" : -1.0,
        "y" : 0.0,
        "z" : 0.0
      },
      "color" : "#E4E4EB"
    }, {
      "direction" : {
        "x" : 0.0,
        "y" : 0.0,
        "z" : -1.0
      },
      "color" : "#1E1E1E"
    } ]
  },
  "camera" : {
    "viewDistance" : 179.26756,
    "nearClipDistance" : 0.44816887,
    "farClipDistance" : 358.5351,
    "lookAtPoint" : {
      "x" : 0.0,
      "y" : 0.0,
      "z" : 0.0
    },
    "fieldOfView" : 0.44262892,
    "perspective" : true,
    "lookDirection" : {
      "x" : 0.0,
      "y" : 0.0,
      "z" : -1.0
    },
    "upDirection" : {
      "x" : 0.0,
      "y" : 1.0,
      "z" : 0.0
    },
    "width" : 80.67041,
    "stereo" : false,
    "position" : {
      "x" : 0.0,
      "y" : 0.0,
      "z" : 179.26756
    }
  },
  "embedding" : [ 1.0, 0.0, 0.0, 0.0, 0.0, 1.0, 0.0, 0.0, 0.0, 0.0, 1.0, 0.0, 0.0, 0.0, 0.0, 1.0 ],
  "shapes" : [ {
    "id" : "c9ec1548-3609-4eff-a0ec-90bc21bb9939",
    "vertices" : [ {
      "x" : 8.985181,
      "y" : -1.7721397,
      "z" : -2.4516442
    }, {
      "x" : 9.08518,
      "y" : -1.3721396,
      "z" : -2.5516443
    }, {
      "x" : 0.5723657,
      "y" : 0.015909031,
      "z" : -0.3899965
    }, {
      "x" : 0.4723657,
      "y" : -0.38409096,
      "z" : -0.2899965
    }, {
      "x" : 8.851847,
      "y" : -1.5054729,
      "z" : -2.8516443
    }, {
      "x" : 8.751847,
      "y" : -1.905473,
      "z" : -2.7516444
    }, {
      "x" : 0.705699,
      "y" : -0.25075763,
      "z" : 0.010003487
    }, {
      "x" : 0.80569905,
      "y" : 0.14924236,
      "z" : -0.08999652
    } ],
    "faces" : [ {
      "vertices" : [ 2, 3, 6 ]
    }, {
      "vertices" : [ 2, 6, 7 ]
    }, {
      "vertices" : [ 0, 5, 4 ]
    }, {
      "vertices" : [ 0, 4, 1 ]
    }, {
      "vertices" : [ 2, 4, 5 ]
    }, {
      "vertices" : [ 2, 5, 3 ]
    }, {
      "vertices" : [ 0, 6, 3 ]
    }, {
      "vertices" : [ 0, 3, 5 ]
    }, {
      "vertices" : [ 0, 1, 7 ]
    }, {
      "vertices" : [ 0, 7, 6 ]
    }, {
      "vertices" : [ 1, 4, 2 ]
    }, {
      "vertices" : [ 1, 2, 7 ]
    } ]
  }, {
    "id" : "bbeffd8b-2169-4558-aa60-d563561db7e4",
    "vertices" : [ {
      "x" : 0.809017,
      "y" : 0.618034,
      "z" : -0.19098301
    }, {
      "x" : 0.809017,
      "y" : 0.0,
      "z" : -0.19098301
    }, {
      "x" : 0.309017,
      "y" : 0.11803399,
      "z" : 0.0
    }, {
      "x" : 7.215905,
      "y" : 3.0652475,
      "z" : 0.19098301
    }, {
      "x" : 0.809017,
      "y" : 0.618034,
      "z" : 0.19098301
    }, {
      "x" : 0.809017,
      "y" : 0.0,
      "z" : 0.19098301
    }, {
      "x" : 7.215905,
      "y" : 2.4472136,
      "z" : 0.19098301
    }, {
      "x" : 7.715905,
      "y" : 2.9472136,
      "z" : 0.0
    }, {
      "x" : 7.215905,
      "y" : 3.0652475,
      "z" : -0.19098301
    }, {
      "x" : 8.024922,
      "y" : 3.0652475,
      "z" : 0.0
    }, {
      "x" : 7.215905,
      "y" : 2.4472136,
      "z" : -0.19098301
    } ],
    "faces" : [ {
      "vertices" : [ 3, 6, 7 ]
    }, {
      "vertices" : [ 3, 4, 5 ]
    }, {
      "vertices" : [ 3, 5, 6 ]
    }, {
      "vertices" : [ 3, 7, 8 ]
    }, {
      "vertices" : [ 0, 1, 2 ]
    }, {
      "vertices" : [ 0, 8, 10 ]
    }, {
      "vertices" : [ 0, 10, 1 ]
    }, {
      "vertices" : [ 1, 10, 6 ]
    }, {
      "vertices" : [ 1, 6, 5 ]
    }, {
      "vertices" : [ 0, 2, 4 ]
    }, {
      "vertices" : [ 6, 10, 7 ]
    }, {
      "vertices" : [ 1, 5, 2 ]
    }, {
      "vertices" : [ 7, 10, 8 ]
    }, {
      "vertices" : [ 2, 5, 4 ]
    }, {
      "vertices" : [ 0, 4, 3 ]
    }, {
      "vertices" : [ 0, 3, 8 ]
    } ]
  }, {
    "id" : "3997b2fb-24c0-4803-8225-dae72ce39cc3",
    "vertices" : [ {
      "x" : 0.309017,
      "y" : -0.309017,
      "z" : -0.309017
    }, {
      "x" : 0.5,
      "y" : 0.0,
      "z" : -0.19098301
    }, {
      "x" : 0.5,
      "y" : 0.0,
      "z" : 0.19098301
    }, {
      "x" : 0.309017,
      "y" : -0.309017,
      "z" : 0.309017
    }, {
      "x" : 0.19098301,
      "y" : -0.5,
      "z" : 0.0
    }, {
      "x" : 0.0,
      "y" : 0.19098301,
      "z" : 0.5
    }, {
      "x" : 0.0,
      "y" : -0.19098301,
      "z" : 0.5
    }, {
      "x" : 0.309017,
      "y" : 0.309017,
      "z" : 0.309017
    }, {
      "x" : -0.309017,
      "y" : -0.309017,
      "z" : 0.309017
    }, {
      "x" : -0.309017,
      "y" : 0.309017,
      "z" : 0.309017
    }, {
      "x" : -0.5,
      "y" : 0.0,
      "z" : 0.19098301
    }, {
      "x" : 0.0,
      "y" : -0.19098301,
      "z" : -0.5
    }, {
      "x" : 0.0,
      "y" : 0.19098301,
      "z" : -0.5
    }, {
      "x" : 0.309017,
      "y" : 0.309017,
      "z" : -0.309017
    }, {
      "x" : -0.309017,
      "y" : -0.309017,
      "z" : -0.309017
    }, {
      "x" : -0.19098301,
      "y" : -0.5,
      "z" : 0.0
    }, {
      "x" : -0.5,
      "y" : 0.0,
      "z" : -0.19098301
    }, {
      "x" : 0.19098301,
      "y" : 0.5,
      "z" : 0.0
    }, {
      "x" : -0.309017,
      "y" : 0.309017,
      "z" : -0.309017
    }, {
      "x" : 0.0,
      "y" : 0.0,
      "z" : 0.0
    }, {
      "x" : -0.19098301,
      "y" : 0.5,
      "z" : 0.0
    } ],
    "faces" : [ {
      "vertices" : [ 12, 18, 20 ]
    }, {
      "vertices" : [ 12, 20, 17 ]
    }, {
      "vertices" : [ 12, 17, 13 ]
    }, {
      "vertices" : [ 3, 6, 8 ]
    }, {
      "vertices" : [ 3, 8, 15 ]
    }, {
      "vertices" : [ 3, 15, 4 ]
    }, {
      "vertices" : [ 0, 11, 12 ]
    }, {
      "vertices" : [ 0, 12, 13 ]
    }, {
      "vertices" : [ 0, 13, 1 ]
    }, {
      "vertices" : [ 5, 9, 10 ]
    }, {
      "vertices" : [ 5, 10, 8 ]
    }, {
      "vertices" : [ 5, 8, 6 ]
    }, {
      "vertices" : [ 2, 7, 5 ]
    }, {
      "vertices" : [ 2, 5, 6 ]
    }, {
      "vertices" : [ 2, 6, 3 ]
    }, {
      "vertices" : [ 11, 14, 16 ]
    }, {
      "vertices" : [ 11, 16, 18 ]
    }, {
      "vertices" : [ 11, 18, 12 ]
    }, {
      "vertices" : [ 1, 13, 17 ]
    }, {
      "vertices" : [ 1, 17, 7 ]
    }, {
      "vertices" : [ 1, 7, 2 ]
    }, {
      "vertices" : [ 9, 20, 18 ]
    }, {
      "vertices" : [ 9, 18, 16 ]
    }, {
      "vertices" : [ 9, 16, 10 ]
    }, {
      "vertices" : [ 0, 1, 2 ]
    }, {
      "vertices" : [ 0, 2, 3 ]
    }, {
      "vertices" : [ 0, 3, 4 ]
    }, {
      "vertices" : [ 5, 7, 17 ]
    }, {
      "vertices" : [ 5, 17, 20 ]
    }, {
      "vertices" : [ 5, 20, 9 ]
    }, {
      "vertices" : [ 0, 4, 15 ]
    }, {
      "vertices" : [ 0, 15, 14 ]
    }, {
      "vertices" : [ 0, 14, 11 ]
    }, {
      "vertices" : [ 8, 10, 16 ]
    }, {
      "vertices" : [ 8, 16, 14 ]
    }, {
      "vertices" : [ 8, 14, 15 ]
    } ]
  }, {
    "id" : "7f2edbbe-d7a7-43a9-9981-d689f11b13fe",
    "vertices" : [ {
      "x" : 1.0,
      "y" : 0.309017,
      "z" : 0.19098301
    }, {
      "x" : 1.0,
      "y" : -0.309017,
      "z" : 0.19098301
    }, {
      "x" : 5.854102,
      "y" : -0.309017,
      "z" : 0.19098301
    }, {
      "x" : 5.854102,
      "y" : 0.309017,
      "z" : 0.19098301
    }, {
      "x" : 5.854102,
      "y" : -0.309017,
      "z" : -0.19098301
    }, {
      "x" : 5.854102,
      "y" : 0.309017,
      "z" : -0.19098301
    }, {
      "x" : 6.472136,
      "y" : 0.0,
      "z" : 0.0
    }, {
      "x" : 0.38196602,
      "y" : 0.0,
      "z" : 0.0
    }, {
      "x" : 1.0,
      "y" : 0.309017,
      "z" : -0.19098301
    }, {
      "x" : 1.0,
      "y" : -0.309017,
      "z" : -0.19098301
    }, {
      "x" : 6.854102,
      "y" : 0.0,
      "z" : 0.0
    } ],
    "faces" : [ {
      "vertices" : [ 1, 9, 4 ]
    }, {
      "vertices" : [ 1, 4, 2 ]
    }, {
      "vertices" : [ 0, 3, 5 ]
    }, {
      "vertices" : [ 0, 5, 8 ]
    }, {
      "vertices" : [ 1, 7, 9 ]
    }, {
      "vertices" : [ 0, 1, 2 ]
    }, {
      "vertices" : [ 0, 2, 3 ]
    }, {
      "vertices" : [ 7, 8, 9 ]
    }, {
      "vertices" : [ 0, 7, 1 ]
    }, {
      "vertices" : [ 4, 9, 8 ]
    }, {
      "vertices" : [ 4, 8, 5 ]
    }, {
      "vertices" : [ 2, 6, 3 ]
    }, {
      "vertices" : [ 2, 4, 6 ]
    }, {
      "vertices" : [ 3, 6, 5 ]
    }, {
      "vertices" : [ 4, 5, 6 ]
    }, {
      "vertices" : [ 0, 8, 7 ]
    } ]
  }, {
    "id" : "54702b66-b11e-4b74-adee-8a9bef3d482d",
    "vertices" : [ {
      "x" : 1.8042573,
      "y" : 7.6429563,
      "z" : 1.8042573
    }, {
      "x" : 1.4673762,
      "y" : 7.0249224,
      "z" : 1.3493422
    }, {
      "x" : 1.3493422,
      "y" : 7.215905,
      "z" : 1.6583592
    }, {
      "x" : 0.090169944,
      "y" : 0.38196602,
      "z" : 0.090169944
    }, {
      "x" : -0.072949015,
      "y" : 1.190983,
      "z" : 0.23606798
    }, {
      "x" : 0.045084972,
      "y" : 1.0,
      "z" : -0.072949015
    }, {
      "x" : 1.8493422,
      "y" : 7.0249224,
      "z" : 1.9673762
    }, {
      "x" : 0.54508495,
      "y" : 0.809017,
      "z" : 0.23606798
    }, {
      "x" : 1.9673762,
      "y" : 6.8339396,
      "z" : 1.6583592
    }, {
      "x" : 1.8944272,
      "y" : 8.024922,
      "z" : 1.8944272
    }, {
      "x" : 0.42705098,
      "y" : 1.0,
      "z" : 0.54508495
    } ],
    "faces" : [ {
      "vertices" : [ 3, 10, 4 ]
    }, {
      "vertices" : [ 0, 1, 2 ]
    }, {
      "vertices" : [ 3, 7, 10 ]
    }, {
      "vertices" : [ 1, 8, 7 ]
    }, {
      "vertices" : [ 1, 7, 5 ]
    }, {
      "vertices" : [ 2, 4, 10 ]
    }, {
      "vertices" : [ 2, 10, 6 ]
    }, {
      "vertices" : [ 0, 2, 6 ]
    }, {
      "vertices" : [ 0, 8, 1 ]
    }, {
      "vertices" : [ 3, 4, 5 ]
    }, {
      "vertices" : [ 1, 5, 4 ]
    }, {
      "vertices" : [ 1, 4, 2 ]
    }, {
      "vertices" : [ 0, 6, 8 ]
    }, {
      "vertices" : [ 6, 10, 7 ]
    }, {
      "vertices" : [ 6, 7, 8 ]
    }, {
      "vertices" : [ 3, 5, 7 ]
    } ]
  } ],
  "instances" : [ {
    "shape" : "c9ec1548-3609-4eff-a0ec-90bc21bb9939",
    "color" : "#FFFFFF",
    "position" : {
      "x" : -6.854102,
      "y" : -17.944271,
      "z" : 4.959675
    },
    "orientation" : 14
  }, {
    "shape" : "bbeffd8b-2169-4558-aa60-d563561db7e4",
    "color" : "#6C00C6",
    "position" : {
      "x" : 6.854102,
      "y" : 17.944271,
      "z" : 4.959675
    },
    "orientation" : 59
  }, {
    "shape" : "3997b2fb-24c0-4803-8225-dae72ce39cc3",
    "color" : "#FFFFFF",
    "position" : {
      "x" : -14.5172205,
      "y" : -5.545085,
      "z" : -8.972136
    }
  }, {
    "shape" : "bbeffd8b-2169-4558-aa60-d563561db7e4",
    "color" : "#6C00C6",
    "position" : {
      "x" : 19.476896,
      "y" : -2.4798374,
      "z" : 2.8416407
    },
    "orientation" : 32
  }, {
    "shape" : "c9ec1548-3609-4eff-a0ec-90bc21bb9939",
    "color" : "#FFFFFF",
    "position" : {
      "x" : -10.866563,
      "y" : 16.411648,
      "z" : 2.4798374
    },
    "orientation" : 39
  }, {
    "shape" : "c9ec1548-3609-4eff-a0ec-90bc21bb9939",
    "color" : "#FFFFFF",
    "position" : {
      "x" : -2.4798374,
      "y" : 2.8416407,
      "z" : 19.476896
    },
    "orientation" : 36
  }, {
    "shape" : "bbeffd8b-2169-4558-aa60-d563561db7e4",
    "color" : "#6C00C6",
    "position" : {
      "x" : -19.476896,
      "y" : -2.4798374,
      "z" : -2.8416407
    },
    "orientation" : 17
  }, {
    "shape" : "bbeffd8b-2169-4558-aa60-d563561db7e4",
    "color" : "#6C00C6",
    "position" : {
      "x" : -2.8416407,
      "y" : 19.476896,
      "z" : 2.4798374
    },
    "orientation" : 30
  }, {
    "shape" : "7f2edbbe-d7a7-43a9-9981-d689f11b13fe",
    "color" : "#007695",
    "position" : {
      "x" : 14.5172205,
      "y" : 5.545085,
      "z" : 8.972136
    },
    "orientation" : 51
  }, {
    "shape" : "3997b2fb-24c0-4803-8225-dae72ce39cc3",
    "color" : "#FFFFFF",
    "position" : {
      "x" : -2.4798374,
      "y" : -10.866563,
      "z" : -16.411648
    }
  }, {
    "shape" : "3997b2fb-24c0-4803-8225-dae72ce39cc3",
    "color" : "#FFFFFF",
    "position" : {
      "x" : -17.944271,
      "y" : 0.0,
      "z" : -6.854102
    }
  }, {
    "shape" : "54702b66-b11e-4b74-adee-8a9bef3d482d",
    "color" : "#AF87FF",
    "position" : {
      "x" : 2.4798374,
      "y" : 2.8416407,
      "z" : -19.476896
    },
    "orientation" : 5
  }, {
    "shape" : "7f2edbbe-d7a7-43a9-9981-d689f11b13fe",
    "color" : "#007695",
    "position" : {
      "x" : -8.972136,
      "y" : 14.5172205,
      "z" : -5.545085
    },
    "orientation" : 10
  }, {
    "shape" : "54702b66-b11e-4b74-adee-8a9bef3d482d",
    "color" : "#AF87FF",
    "position" : {
      "x" : -4.959675,
      "y" : 6.854102,
      "z" : -17.944271
    },
    "orientation" : 40
  }, {
    "shape" : "7f2edbbe-d7a7-43a9-9981-d689f11b13fe",
    "color" : "#007695",
    "position" : {
      "x" : -17.944271,
      "y" : 0.0,
      "z" : 0.0
    },
    "orientation" : 47
  }, {
    "shape" : "3997b2fb-24c0-4803-8225-dae72ce39cc3",
    "color" : "#FFFFFF",
    "position" : {
      "x" : -6.854102,
      "y" : -17.944271,
      "z" : 0.0
    }
  }, {
    "shape" : "3997b2fb-24c0-4803-8225-dae72ce39cc3",
    "color" : "#FFFFFF",
    "position" : {
      "x" : 14.5172205,
      "y" : 5.545085,
      "z" : 8.972136
    }
  }, {
    "shape" : "7f2edbbe-d7a7-43a9-9981-d689f11b13fe",
    "color" : "#007695",
    "position" : {
      "x" : -5.545085,
      "y" : -8.972136,
      "z" : 14.5172205
    },
    "orientation" : 53
  }, {
    "shape" : "54702b66-b11e-4b74-adee-8a9bef3d482d",
    "color" : "#AF87FF",
    "position" : {
      "x" : -8.6103325,
      "y" : -15.102632,
      "z" : -9.557547
    },
    "orientation" : 12
  }, {
    "shape" : "3997b2fb-24c0-4803-8225-dae72ce39cc3",
    "color" : "#FFFFFF",
    "position" : {
      "x" : -11.09017,
      "y" : -11.09017,
      "z" : -11.09017
    }
  }, {
    "shape" : "7f2edbbe-d7a7-43a9-9981-d689f11b13fe",
    "color" : "#007695",
    "position" : {
      "x" : -17.944271,
      "y" : 0.0,
      "z" : 0.0
    },
    "orientation" : 2
  }, {
    "shape" : "54702b66-b11e-4b74-adee-8a9bef3d482d",
    "color" : "#AF87FF",
    "position" : {
      "x" : 15.102632,
      "y" : 9.557547,
      "z" : -8.6103325
    },
    "orientation" : 44
  }, {
    "shape" : "54702b66-b11e-4b74-adee-8a9bef3d482d",
    "color" : "#AF87FF",
    "position" : {
      "x" : 10.866563,
      "y" : -16.411648,
      "z" : 2.4798374
    },
    "orientation" : 46
  }, {
    "shape" : "c9ec1548-3609-4eff-a0ec-90bc21bb9939",
    "color" : "#FFFFFF",
    "position" : {
      "x" : 2.4798374,
      "y" : -2.8416407,
      "z" : 19.476896
    },
    "orientation" : 6
  }, {
    "shape" : "54702b66-b11e-4b74-adee-8a9bef3d482d",
    "color" : "#AF87FF",
    "position" : {
      "x" : 8.6103325,
      "y" : 15.102632,
      "z" : -9.557547
    },
    "orientation" : 42
  }, {
    "shape" : "54702b66-b11e-4b74-adee-8a9bef3d482d",
    "color" : "#AF87FF",
    "position" : {
      "x" : 17.944271,
      "y" : -4.959675,
      "z" : -6.854102
    },
    "orientation" : 41
  }, {
    "shape" : "c9ec1548-3609-4eff-a0ec-90bc21bb9939",
    "color" : "#FFFFFF",
    "position" : {
      "x" : -9.557547,
      "y" : 8.6103325,
      "z" : 15.102632
    },
    "orientation" : 34
  }, {
    "shape" : "3997b2fb-24c0-4803-8225-dae72ce39cc3",
    "color" : "#FFFFFF",
    "position" : {
      "x" : -9.557547,
      "y" : -8.6103325,
      "z" : -15.102632
    }
  }, {
    "shape" : "bbeffd8b-2169-4558-aa60-d563561db7e4",
    "color" : "#6C00C6",
    "position" : {
      "x" : 13.570007,
      "y" : 7.0777087,
      "z" : 12.622794
    },
    "orientation" : 51
  }, {
    "shape" : "bbeffd8b-2169-4558-aa60-d563561db7e4",
    "color" : "#6C00C6",
    "position" : {
      "x" : 2.4798374,
      "y" : -10.866563,
      "z" : 16.411648
    },
    "orientation" : 48
  }, {
    "shape" : "54702b66-b11e-4b74-adee-8a9bef3d482d",
    "color" : "#AF87FF",
    "position" : {
      "x" : -15.102632,
      "y" : 9.557547,
      "z" : 8.6103325
    },
    "orientation" : 29
  }, {
    "shape" : "54702b66-b11e-4b74-adee-8a9bef3d482d",
    "color" : "#AF87FF",
    "position" : {
      "x" : -2.4798374,
      "y" : 10.866563,
      "z" : 16.411648
    },
    "orientation" : 17
  }, {
    "shape" : "bbeffd8b-2169-4558-aa60-d563561db7e4",
    "color" : "#6C00C6",
    "position" : {
      "x" : -9.557547,
      "y" : 8.6103325,
      "z" : 15.102632
    },
    "orientation" : 56
  }, {
    "shape" : "54702b66-b11e-4b74-adee-8a9bef3d482d",
    "color" : "#AF87FF",
    "position" : {
      "x" : -19.476896,
      "y" : 2.4798374,
      "z" : 2.8416407
    },
    "orientation" : 3
  }, {
    "shape" : "54702b66-b11e-4b74-adee-8a9bef3d482d",
    "color" : "#AF87FF",
    "position" : {
      "x" : -6.854102,
      "y" : 17.944271,
      "z" : -4.959675
    },
    "orientation" : 24
  }, {
    "shape" : "c9ec1548-3609-4eff-a0ec-90bc21bb9939",
    "color" : "#FFFFFF",
    "position" : {
      "x" : -16.411648,
      "y" : 2.4798374,
      "z" : 10.866563
    },
    "orientation" : 11
  }, {
    "shape" : "bbeffd8b-2169-4558-aa60-d563561db7e4",
    "color" : "#6C00C6",
    "position" : {
      "x" : 15.102632,
      "y" : -9.557547,
      "z" : 8.6103325
    },
    "orientation" : 39
  }, {
    "shape" : "c9ec1548-3609-4eff-a0ec-90bc21bb9939",
    "color" : "#FFFFFF",
    "position" : {
      "x" : 15.102632,
      "y" : 9.557547,
      "z" : -8.6103325
    },
    "orientation" : 5
  }, {
    "shape" : "c9ec1548-3609-4eff-a0ec-90bc21bb9939",
    "color" : "#FFFFFF",
    "position" : {
      "x" : 4.959675,
      "y" : 6.854102,
      "z" : 17.944271
    },
    "orientation" : 27
  }, {
    "shape" : "3997b2fb-24c0-4803-8225-dae72ce39cc3",
    "color" : "#FFFFFF",
    "position" : {
      "x" : 16.411648,
      "y" : 2.4798374,
      "z" : -10.866563
    }
  }, {
    "shape" : "7f2edbbe-d7a7-43a9-9981-d689f11b13fe",
    "color" : "#007695",
    "position" : {
      "x" : -14.5172205,
      "y" : -5.545085,
      "z" : 8.972136
    },
    "orientation" : 54
  }, {
    "shape" : "54702b66-b11e-4b74-adee-8a9bef3d482d",
    "color" : "#AF87FF",
    "position" : {
      "x" : -13.570007,
      "y" : -7.0777087,
      "z" : 12.622794
    },
    "orientation" : 6
  }, {
    "shape" : "3997b2fb-24c0-4803-8225-dae72ce39cc3",
    "color" : "#FFFFFF",
    "position" : {
      "x" : -6.854102,
      "y" : -17.944271,
      "z" : 4.959675
    }
  }, {
    "shape" : "3997b2fb-24c0-4803-8225-dae72ce39cc3",
    "color" : "#FFFFFF",
    "position" : {
      "x" : -17.944271,
      "y" : 4.959675,
      "z" : -6.854102
    }
  }, {
    "shape" : "c9ec1548-3609-4eff-a0ec-90bc21bb9939",
    "color" : "#FFFFFF",
    "position" : {
      "x" : -8.6103325,
      "y" : -15.102632,
      "z" : -9.557547
    },
    "orientation" : 18
  }, {
    "shape" : "3997b2fb-24c0-4803-8225-dae72ce39cc3",
    "color" : "#FFFFFF",
    "position" : {
      "x" : -13.570007,
      "y" : -7.0777087,
      "z" : 12.622794
    }
  }, {
    "shape" : "bbeffd8b-2169-4558-aa60-d563561db7e4",
    "color" : "#6C00C6",
    "position" : {
      "x" : -4.959675,
      "y" : 6.854102,
      "z" : -17.944271
    },
    "orientation" : 27
  }, {
    "shape" : "7f2edbbe-d7a7-43a9-9981-d689f11b13fe",
    "color" : "#007695",
    "position" : {
      "x" : 0.0,
      "y" : 0.0,
      "z" : 17.944271
    },
    "orientation" : 16
  }, {
    "shape" : "3997b2fb-24c0-4803-8225-dae72ce39cc3",
    "color" : "#FFFFFF",
    "position" : {
      "x" : 11.09017,
      "y" : -11.09017,
      "z" : -11.09017
    }
  }, {
    "shape" : "7f2edbbe-d7a7-43a9-9981-d689f11b13fe",
    "color" : "#007695",
    "position" : {
      "x" : 5.545085,
      "y" : 8.972136,
      "z" : 14.5172205
    },
    "orientation" : 23
  }, {
    "shape" : "54702b66-b11e-4b74-adee-8a9bef3d482d",
    "color" : "#AF87FF",
    "position" : {
      "x" : -2.4798374,
      "y" : -2.8416407,
      "z" : -19.476896
    },
    "orientation" : 35
  }, {
    "shape" : "bbeffd8b-2169-4558-aa60-d563561db7e4",
    "color" : "#6C00C6",
    "position" : {
      "x" : 6.854102,
      "y" : -17.944271,
      "z" : -4.959675
    },
    "orientation" : 44
  }, {
    "shape" : "54702b66-b11e-4b74-adee-8a9bef3d482d",
    "color" : "#AF87FF",
    "position" : {
      "x" : 8.6103325,
      "y" : -15.102632,
      "z" : 9.557547
    },
    "orientation" : 57
  }, {
    "shape" : "3997b2fb-24c0-4803-8225-dae72ce39cc3",
    "color" : "#FFFFFF",
    "position" : {
      "x" : 2.4798374,
      "y" : -10.866563,
      "z" : 16.411648
    }
  }, {
    "shape" : "3997b2fb-24c0-4803-8225-dae72ce39cc3",
    "color" : "#FFFFFF",
    "position" : {
      "x" : 10.866563,
      "y" : 16.411648,
      "z" : -2.4798374
    }
  }, {
    "shape" : "3997b2fb-24c0-4803-8225-dae72ce39cc3",
    "color" : "#FFFFFF",
    "position" : {
      "x" : 0.0,
      "y" : 0.0,
      "z" : 17.944271
    }
  }, {
    "shape" : "c9ec1548-3609-4eff-a0ec-90bc21bb9939",
    "color" : "#FFFFFF",
    "position" : {
      "x" : 4.959675,
      "y" : -6.854102,
      "z" : -17.944271
    },
    "orientation" : 12
  }, {
    "shape" : "7f2edbbe-d7a7-43a9-9981-d689f11b13fe",
    "color" : "#007695",
    "position" : {
      "x" : -8.972136,
      "y" : 14.5172205,
      "z" : 5.545085
    },
    "orientation" : 40
  }, {
    "shape" : "c9ec1548-3609-4eff-a0ec-90bc21bb9939",
    "color" : "#FFFFFF",
    "position" : {
      "x" : -9.557547,
      "y" : -8.6103325,
      "z" : -15.102632
    },
    "orientation" : 49
  }, {
    "shape" : "54702b66-b11e-4b74-adee-8a9bef3d482d",
    "color" : "#AF87FF",
    "position" : {
      "x" : 7.0777087,
      "y" : 12.622794,
      "z" : 13.570007
    },
    "orientation" : 53
  }, {
    "shape" : "3997b2fb-24c0-4803-8225-dae72ce39cc3",
    "color" : "#FFFFFF",
    "position" : {
      "x" : -13.570007,
      "y" : 7.0777087,
      "z" : -12.622794
    }
  }, {
    "shape" : "3997b2fb-24c0-4803-8225-dae72ce39cc3",
    "color" : "#FFFFFF",
    "position" : {
      "x" : -2.8416407,
      "y" : 19.476896,
      "z" : 2.4798374
    }
  }, {
    "shape" : "bbeffd8b-2169-4558-aa60-d563561db7e4",
    "color" : "#6C00C6",
    "position" : {
      "x" : 13.570007,
      "y" : -7.0777087,
      "z" : -12.622794
    },
    "orientation" : 36
  }, {
    "shape" : "c9ec1548-3609-4eff-a0ec-90bc21bb9939",
    "color" : "#FFFFFF",
    "position" : {
      "x" : -15.102632,
      "y" : -9.557547,
      "z" : -8.6103325
    },
    "orientation" : 35
  }, {
    "shape" : "3997b2fb-24c0-4803-8225-dae72ce39cc3",
    "color" : "#FFFFFF",
    "position" : {
      "x" : 0.0,
      "y" : -6.854102,
      "z" : 17.944271
    }
  }, {
    "shape" : "54702b66-b11e-4b74-adee-8a9bef3d482d",
    "color" : "#AF87FF",
    "position" : {
      "x" : -7.0777087,
      "y" : 12.622794,
      "z" : -13.570007
    },
    "orientation" : 8
  }, {
    "shape" : "3997b2fb-24c0-4803-8225-dae72ce39cc3",
    "color" : "#FFFFFF",
    "position" : {
      "x" : -8.6103325,
      "y" : 15.102632,
      "z" : 9.557547
    }
  }, {
    "shape" : "bbeffd8b-2169-4558-aa60-d563561db7e4",
    "color" : "#6C00C6",
    "position" : {
      "x" : -7.0777087,
      "y" : 12.622794,
      "z" : -13.570007
    },
    "orientation" : 38
  }, {
    "shape" : "c9ec1548-3609-4eff-a0ec-90bc21bb9939",
    "color" : "#FFFFFF",
    "position" : {
      "x" : -4.959675,
      "y" : -6.854102,
      "z" : 17.944271
    },
    "orientation" : 57
  }, {
    "shape" : "bbeffd8b-2169-4558-aa60-d563561db7e4",
    "color" : "#6C00C6",
    "position" : {
      "x" : 2.4798374,
      "y" : -2.8416407,
      "z" : 19.476896
    },
    "orientation" : 16
  }, {
    "shape" : "3997b2fb-24c0-4803-8225-dae72ce39cc3",
    "color" : "#FFFFFF",
    "position" : {
      "x" : 6.854102,
      "y" : 17.944271,
      "z" : 0.0
    }
  }, {
    "shape" : "c9ec1548-3609-4eff-a0ec-90bc21bb9939",
    "color" : "#FFFFFF",
    "position" : {
      "x" : -4.959675,
      "y" : 6.854102,
      "z" : -17.944271
    },
    "orientation" : 42
  }, {
    "shape" : "3997b2fb-24c0-4803-8225-dae72ce39cc3",
    "color" : "#FFFFFF",
    "position" : {
      "x" : 0.0,
      "y" : 6.854102,
      "z" : -17.944271
    }
  }, {
    "shape" : "7f2edbbe-d7a7-43a9-9981-d689f11b13fe",
    "color" : "#007695",
    "position" : {
      "x" : -5.545085,
      "y" : 8.972136,
      "z" : 14.5172205
    },
    "orientation" : 8
  }, {
    "shape" : "bbeffd8b-2169-4558-aa60-d563561db7e4",
    "color" : "#6C00C6",
    "position" : {
      "x" : 4.959675,
      "y" : -6.854102,
      "z" : -17.944271
    },
    "orientation" : 57
  }, {
    "shape" : "3997b2fb-24c0-4803-8225-dae72ce39cc3",
    "color" : "#FFFFFF",
    "position" : {
      "x" : -5.545085,
      "y" : -8.972136,
      "z" : -14.5172205
    }
  }, {
    "shape" : "bbeffd8b-2169-4558-aa60-d563561db7e4",
    "color" : "#6C00C6",
    "position" : {
      "x" : -2.4798374,
      "y" : 10.866563,
      "z" : 16.411648
    },
    "orientation" : 18
  }, {
    "shape" : "7f2edbbe-d7a7-43a9-9981-d689f11b13fe",
    "color" : "#007695",
    "position" : {
      "x" : 14.5172205,
      "y" : -5.545085,
      "z" : 8.972136
    },
    "orientation" : 6
  }, {
    "shape" : "7f2edbbe-d7a7-43a9-9981-d689f11b13fe",
    "color" : "#007695",
    "position" : {
      "x" : 14.5172205,
      "y" : 5.545085,
      "z" : -8.972136
    },
    "orientation" : 54
  }, {
    "shape" : "7f2edbbe-d7a7-43a9-9981-d689f11b13fe",
    "color" : "#007695",
    "position" : {
      "x" : -14.5172205,
      "y" : 5.545085,
      "z" : 8.972136
    },
    "orientation" : 36
  }, {
    "shape" : "7f2edbbe-d7a7-43a9-9981-d689f11b13fe",
    "color" : "#007695",
    "position" : {
      "x" : -5.545085,
      "y" : 8.972136,
      "z" : 14.5172205
    },
    "orientation" : 56
  }, {
    "shape" : "3997b2fb-24c0-4803-8225-dae72ce39cc3",
    "color" : "#FFFFFF",
    "position" : {
      "x" : -14.5172205,
      "y" : 5.545085,
      "z" : 8.972136
    }
  }, {
    "shape" : "bbeffd8b-2169-4558-aa60-d563561db7e4",
    "color" : "#6C00C6",
    "position" : {
      "x" : 12.622794,
      "y" : -13.570007,
      "z" : -7.0777087
    },
    "orientation" : 52
  }, {
    "shape" : "7f2edbbe-d7a7-43a9-9981-d689f11b13fe",
    "color" : "#007695",
    "position" : {
      "x" : -14.5172205,
      "y" : -5.545085,
      "z" : -8.972136
    },
    "orientation" : 24
  }, {
    "shape" : "3997b2fb-24c0-4803-8225-dae72ce39cc3",
    "color" : "#FFFFFF",
    "position" : {
      "x" : 10.866563,
      "y" : -16.411648,
      "z" : 2.4798374
    }
  }, {
    "shape" : "7f2edbbe-d7a7-43a9-9981-d689f11b13fe",
    "color" : "#007695",
    "position" : {
      "x" : -14.5172205,
      "y" : -5.545085,
      "z" : -8.972136
    },
    "orientation" : 51
  }, {
    "shape" : "54702b66-b11e-4b74-adee-8a9bef3d482d",
    "color" : "#AF87FF",
    "position" : {
      "x" : 6.854102,
      "y" : 17.944271,
      "z" : 4.959675
    },
    "orientation" : 39
  }, {
    "shape" : "3997b2fb-24c0-4803-8225-dae72ce39cc3",
    "color" : "#FFFFFF",
    "position" : {
      "x" : 0.0,
      "y" : 6.854102,
      "z" : 17.944271
    }
  }, {
    "shape" : "3997b2fb-24c0-4803-8225-dae72ce39cc3",
    "color" : "#FFFFFF",
    "position" : {
      "x" : 11.09017,
      "y" : 11.09017,
      "z" : -11.09017
    }
  }, {
    "shape" : "3997b2fb-24c0-4803-8225-dae72ce39cc3",
    "color" : "#FFFFFF",
    "position" : {
      "x" : 11.09017,
      "y" : 11.09017,
      "z" : 11.09017
    }
  }, {
    "shape" : "bbeffd8b-2169-4558-aa60-d563561db7e4",
    "color" : "#6C00C6",
    "position" : {
      "x" : 7.0777087,
      "y" : -12.622794,
      "z" : -13.570007
    },
    "orientation" : 8
  }, {
    "shape" : "bbeffd8b-2169-4558-aa60-d563561db7e4",
    "color" : "#6C00C6",
    "position" : {
      "x" : 17.944271,
      "y" : -4.959675,
      "z" : -6.854102
    },
    "orientation" : 13
  }, {
    "shape" : "c9ec1548-3609-4eff-a0ec-90bc21bb9939",
    "color" : "#FFFFFF",
    "position" : {
      "x" : -17.944271,
      "y" : 4.959675,
      "z" : -6.854102
    },
    "orientation" : 13
  }, {
    "shape" : "3997b2fb-24c0-4803-8225-dae72ce39cc3",
    "color" : "#FFFFFF",
    "position" : {
      "x" : 2.8416407,
      "y" : 19.476896,
      "z" : -2.4798374
    }
  }, {
    "shape" : "bbeffd8b-2169-4558-aa60-d563561db7e4",
    "color" : "#6C00C6",
    "position" : {
      "x" : -2.8416407,
      "y" : -19.476896,
      "z" : -2.4798374
    },
    "orientation" : 45
  }, {
    "shape" : "54702b66-b11e-4b74-adee-8a9bef3d482d",
    "color" : "#AF87FF",
    "position" : {
      "x" : 4.959675,
      "y" : 6.854102,
      "z" : 17.944271
    },
    "orientation" : 25
  }, {
    "shape" : "c9ec1548-3609-4eff-a0ec-90bc21bb9939",
    "color" : "#FFFFFF",
    "position" : {
      "x" : 2.8416407,
      "y" : -19.476896,
      "z" : 2.4798374
    },
    "orientation" : 38
  }, {
    "shape" : "c9ec1548-3609-4eff-a0ec-90bc21bb9939",
    "color" : "#FFFFFF",
    "position" : {
      "x" : -7.0777087,
      "y" : -12.622794,
      "z" : 13.570007
    },
    "orientation" : 15
  }, {
    "shape" : "54702b66-b11e-4b74-adee-8a9bef3d482d",
    "color" : "#AF87FF",
    "position" : {
      "x" : 2.8416407,
      "y" : -19.476896,
      "z" : 2.4798374
    },
    "orientation" : 4
  }, {
    "shape" : "bbeffd8b-2169-4558-aa60-d563561db7e4",
    "color" : "#6C00C6",
    "position" : {
      "x" : -7.0777087,
      "y" : -12.622794,
      "z" : 13.570007
    },
    "orientation" : 53
  }, {
    "shape" : "3997b2fb-24c0-4803-8225-dae72ce39cc3",
    "color" : "#FFFFFF",
    "position" : {
      "x" : -11.09017,
      "y" : 11.09017,
      "z" : 11.09017
    }
  }, {
    "shape" : "bbeffd8b-2169-4558-aa60-d563561db7e4",
    "color" : "#6C00C6",
    "position" : {
      "x" : 7.0777087,
      "y" : 12.622794,
      "z" : 13.570007
    },
    "orientation" : 23
  }, {
    "shape" : "c9ec1548-3609-4eff-a0ec-90bc21bb9939",
    "color" : "#FFFFFF",
    "position" : {
      "x" : 2.8416407,
      "y" : 19.476896,
      "z" : -2.4798374
    },
    "orientation" : 53
  }, {
    "shape" : "54702b66-b11e-4b74-adee-8a9bef3d482d",
    "color" : "#AF87FF",
    "position" : {
      "x" : -2.8416407,
      "y" : -19.476896,
      "z" : -2.4798374
    },
    "orientation" : 49
  }, {
    "shape" : "7f2edbbe-d7a7-43a9-9981-d689f11b13fe",
    "color" : "#007695",
    "position" : {
      "x" : -8.972136,
      "y" : 14.5172205,
      "z" : 5.545085
    },
    "orientation" : 52
  }, {
    "shape" : "3997b2fb-24c0-4803-8225-dae72ce39cc3",
    "color" : "#FFFFFF",
    "position" : {
      "x" : -2.4798374,
      "y" : 10.866563,
      "z" : 16.411648
    }
  }, {
    "shape" : "3997b2fb-24c0-4803-8225-dae72ce39cc3",
    "color" : "#FFFFFF",
    "position" : {
      "x" : -7.0777087,
      "y" : -12.622794,
      "z" : 13.570007
    }
  }, {
    "shape" : "3997b2fb-24c0-4803-8225-dae72ce39cc3",
    "color" : "#FFFFFF",
    "position" : {
      "x" : -10.866563,
      "y" : -16.411648,
      "z" : -2.4798374
    }
  }, {
    "shape" : "3997b2fb-24c0-4803-8225-dae72ce39cc3",
    "color" : "#FFFFFF",
    "position" : {
      "x" : -8.972136,
      "y" : -14.5172205,
      "z" : -5.545085
    }
  }, {
    "shape" : "bbeffd8b-2169-4558-aa60-d563561db7e4",
    "color" : "#6C00C6",
    "position" : {
      "x" : 2.8416407,
      "y" : 19.476896,
      "z" : -2.4798374
    },
    "orientation" : 15
  }, {
    "shape" : "54702b66-b11e-4b74-adee-8a9bef3d482d",
    "color" : "#AF87FF",
    "position" : {
      "x" : -13.570007,
      "y" : 7.0777087,
      "z" : -12.622794
    },
    "orientation" : 21
  }, {
    "shape" : "7f2edbbe-d7a7-43a9-9981-d689f11b13fe",
    "color" : "#007695",
    "position" : {
      "x" : -8.972136,
      "y" : 14.5172205,
      "z" : -5.545085
    },
    "orientation" : 22
  }, {
    "shape" : "3997b2fb-24c0-4803-8225-dae72ce39cc3",
    "color" : "#FFFFFF",
    "position" : {
      "x" : -11.09017,
      "y" : 11.09017,
      "z" : -11.09017
    }
  }, {
    "shape" : "54702b66-b11e-4b74-adee-8a9bef3d482d",
    "color" : "#AF87FF",
    "position" : {
      "x" : -16.411648,
      "y" : -2.4798374,
      "z" : -10.866563
    },
    "orientation" : 0
  }, {
    "shape" : "bbeffd8b-2169-4558-aa60-d563561db7e4",
    "color" : "#6C00C6",
    "position" : {
      "x" : 15.102632,
      "y" : 9.557547,
      "z" : -8.6103325
    },
    "orientation" : 54
  }, {
    "shape" : "c9ec1548-3609-4eff-a0ec-90bc21bb9939",
    "color" : "#FFFFFF",
    "position" : {
      "x" : 10.866563,
      "y" : -16.411648,
      "z" : 2.4798374
    },
    "orientation" : 9
  }, {
    "shape" : "54702b66-b11e-4b74-adee-8a9bef3d482d",
    "color" : "#AF87FF",
    "position" : {
      "x" : 15.102632,
      "y" : -9.557547,
      "z" : 8.6103325
    },
    "orientation" : 59
  }, {
    "shape" : "3997b2fb-24c0-4803-8225-dae72ce39cc3",
    "color" : "#FFFFFF",
    "position" : {
      "x" : -2.4798374,
      "y" : 2.8416407,
      "z" : 19.476896
    }
  }, {
