{
  "polygons" : "true",
  "field" : "golden",
  "symmetry" : "icosahedral",
  "orientations" : [ [ 1.0, 0.0, 0.0, 0.0, 0.0, 1.0, 0.0, 0.0, 0.0, 0.0, 1.0, 0.0, 0.0, 0.0, 0.0, 1.0 ], [ 0.0, 0.0, 1.0, 0.0, 1.0, 0.0, 0.0, 0.0, 0.0, 1.0, 0.0, 0.0, 0.0, 0.0, 0.0, 1.0 ], [ 0.0, 1.0, 0.0, 0.0, 0.0, 0.0, 1.0, 0.0, 1.0, 0.0, 0.0, 0.0, 0.0, 0.0, 0.0, 1.0 ], [ 0.809017, 0.309017, 0.5, 0.0, 0.309017, 0.5, -0.809017, 0.0, -0.5, 0.809017, 0.309017, 0.0, 0.0, 0.0, 0.0, 1.0 ], [ -0.5, 0.809017, 0.309017, 0.0, 0.809017, 0.309017, 0.5, 0.0, 0.309017, 0.5, -0.809017, 0.0, 0.0, 0.0, 0.0, 1.0 ], [ 0.309017, 0.5, -0.809017, 0.0, -0.5, 0.809017, 0.309017, 0.0, 0.809017, 0.309017, 0.5, 0.0, 0.0, 0.0, 0.0, 1.0 ], [ 0.5, 0.809017, 0.309017, 0.0, 0.809017, -0.309017, -0.5, 0.0, -0.309017, 0.5, -0.809017, 0.0, 0.0, 0.0, 0.0, 1.0 ], [ -0.309017, 0.5, -0.809017, 0.0, 0.5, 0.809017, 0.309017, 0.0, 0.809017, -0.309017, -0.5, 0.0, 0.0, 0.0, 0.0, 1.0 ], [ 0.809017, -0.309017, -0.5, 0.0, -0.309017, 0.5, -0.809017, 0.0, 0.5, 0.809017, 0.309017, 0.0, 0.0, 0.0, 0.0, 1.0 ], [ 0.5, 0.809017, -0.309017, 0.0, 0.809017, -0.309017, 0.5, 0.0, 0.309017, -0.5, -0.809017, 0.0, 0.0, 0.0, 0.0, 1.0 ], [ 0.309017, -0.5, -0.809017, 0.0, 0.5, 0.809017, -0.309017, 0.0, 0.809017, -0.309017, 0.5, 0.0, 0.0, 0.0, 0.0, 1.0 ], [ 0.809017, -0.309017, 0.5, 0.0, 0.309017, -0.5, -0.809017, 0.0, 0.5, 0.809017, -0.309017, 0.0, 0.0, 0.0, 0.0, 1.0 ], [ 0.809017, 0.309017, -0.5, 0.0, 0.309017, 0.5, 0.809017, 0.0, 0.5, -0.809017, 0.309017, 0.0, 0.0, 0.0, 0.0, 1.0 ], [ 0.5, -0.809017, 0.309017, 0.0, 0.809017, 0.309017, -0.5, 0.0, 0.309017, 0.5, 0.809017, 0.0, 0.0, 0.0, 0.0, 1.0 ], [ 0.309017, 0.5, 0.809017, 0.0, 0.5, -0.809017, 0.309017, 0.0, 0.809017, 0.309017, -0.5, 0.0, 0.0, 0.0, 0.0, 1.0 ], [ 1.0, 0.0, 0.0, 0.0, 0.0, -1.0, 0.0, 0.0, 0.0, 0.0, -1.0, 0.0, 0.0, 0.0, 0.0, 1.0 ], [ 0.0, 0.0, 1.0, 0.0, -1.0, 0.0, 0.0, 0.0, 0.0, -1.0, 0.0, 0.0, 0.0, 0.0, 0.0, 1.0 ], [ 0.0, 1.0, 0.0, 0.0, 0.0, 0.0, -1.0, 0.0, -1.0, 0.0, 0.0, 0.0, 0.0, 0.0, 0.0, 1.0 ], [ 0.809017, 0.309017, 0.5, 0.0, -0.309017, -0.5, 0.809017, 0.0, 0.5, -0.809017, -0.309017, 0.0, 0.0, 0.0, 0.0, 1.0 ], [ -0.5, 0.809017, 0.309017, 0.0, -0.809017, -0.309017, -0.5, 0.0, -0.309017, -0.5, 0.809017, 0.0, 0.0, 0.0, 0.0, 1.0 ], [ 0.309017, 0.5, -0.809017, 0.0, 0.5, -0.809017, -0.309017, 0.0, -0.809017, -0.309017, -0.5, 0.0, 0.0, 0.0, 0.0, 1.0 ], [ 0.5, 0.809017, 0.309017, 0.0, -0.809017, 0.309017, 0.5, 0.0, 0.309017, -0.5, 0.809017, 0.0, 0.0, 0.0, 0.0, 1.0 ], [ -0.309017, 0.5, -0.809017, 0.0, -0.5, -0.809017, -0.309017, 0.0, -0.809017, 0.309017, 0.5, 0.0, 0.0, 0.0, 0.0, 1.0 ], [ 0.809017, -0.309017, -0.5, 0.0, 0.309017, -0.5, 0.809017, 0.0, -0.5, -0.809017, -0.309017, 0.0, 0.0, 0.0, 0.0, 1.0 ], [ 0.5, 0.809017, -0.309017, 0.0, -0.809017, 0.309017, -0.5, 0.0, -0.309017, 0.5, 0.809017, 0.0, 0.0, 0.0, 0.0, 1.0 ], [ 0.309017, -0.5, -0.809017, 0.0, -0.5, -0.809017, 0.309017, 0.0, -0.809017, 0.309017, -0.5, 0.0, 0.0, 0.0, 0.0, 1.0 ], [ 0.809017, -0.309017, 0.5, 0.0, -0.309017, 0.5, 0.809017, 0.0, -0.5, -0.809017, 0.309017, 0.0, 0.0, 0.0, 0.0, 1.0 ], [ 0.809017, 0.309017, -0.5, 0.0, -0.309017, -0.5, -0.809017, 0.0, -0.5, 0.809017, -0.309017, 0.0, 0.0, 0.0, 0.0, 1.0 ], [ 0.5, -0.809017, 0.309017, 0.0, -0.809017, -0.309017, 0.5, 0.0, -0.309017, -0.5, -0.809017, 0.0, 0.0, 0.0, 0.0, 1.0 ], [ 0.309017, 0.5, 0.809017, 0.0, -0.5, 0.809017, -0.309017, 0.0, -0.809017, -0.309017, 0.5, 0.0, 0.0, 0.0, 0.0, 1.0 ], [ -1.0, 0.0, 0.0, 0.0, 0.0, -1.0, 0.0, 0.0, 0.0, 0.0, 1.0, 0.0, 0.0, 0.0, 0.0, 1.0 ], [ 0.0, 0.0, -1.0, 0.0, -1.0, 0.0, 0.0, 0.0, 0.0, 1.0, 0.0, 0.0, 0.0, 0.0, 0.0, 1.0 ], [ 0.0, -1.0, 0.0, 0.0, 0.0, 0.0, -1.0, 0.0, 1.0, 0.0, 0.0, 0.0, 0.0, 0.0, 0.0, 1.0 ], [ -0.809017, -0.309017, -0.5, 0.0, -0.309017, -0.5, 0.809017, 0.0, -0.5, 0.809017, 0.309017, 0.0, 0.0, 0.0, 0.0, 1.0 ], [ 0.5, -0.809017, -0.309017, 0.0, -0.809017, -0.309017, -0.5, 0.0, 0.309017, 0.5, -0.809017, 0.0, 0.0, 0.0, 0.0, 1.0 ], [ -0.309017, -0.5, 0.809017, 0.0, 0.5, -0.809017, -0.309017, 0.0, 0.809017, 0.309017, 0.5, 0.0, 0.0, 0.0, 0.0, 1.0 ], [ -0.5, -0.809017, -0.309017, 0.0, -0.809017, 0.309017, 0.5, 0.0, -0.309017, 0.5, -0.809017, 0.0, 0.0, 0.0, 0.0, 1.0 ], [ 0.309017, -0.5, 0.809017, 0.0, -0.5, -0.809017, -0.309017, 0.0, 0.809017, -0.309017, -0.5, 0.0, 0.0, 0.0, 0.0, 1.0 ], [ -0.809017, 0.309017, 0.5, 0.0, 0.309017, -0.5, 0.809017, 0.0, 0.5, 0.809017, 0.309017, 0.0, 0.0, 0.0, 0.0, 1.0 ], [ -0.5, -0.809017, 0.309017, 0.0, -0.809017, 0.309017, -0.5, 0.0, 0.309017, -0.5, -0.809017, 0.0, 0.0, 0.0, 0.0, 1.0 ], [ -0.309017, 0.5, 0.809017, 0.0, -0.5, -0.809017, 0.309017, 0.0, 0.809017, -0.309017, 0.5, 0.0, 0.0, 0.0, 0.0, 1.0 ], [ -0.809017, 0.309017, -0.5, 0.0, -0.309017, 0.5, 0.809017, 0.0, 0.5, 0.809017, -0.309017, 0.0, 0.0, 0.0, 0.0, 1.0 ], [ -0.809017, -0.309017, 0.5, 0.0, -0.309017, -0.5, -0.809017, 0.0, 0.5, -0.809017, 0.309017, 0.0, 0.0, 0.0, 0.0, 1.0 ], [ -0.5, 0.809017, -0.309017, 0.0, -0.809017, -0.309017, 0.5, 0.0, 0.309017, 0.5, 0.809017, 0.0, 0.0, 0.0, 0.0, 1.0 ], [ -0.309017, -0.5, -0.809017, 0.0, -0.5, 0.809017, -0.309017, 0.0, 0.809017, 0.309017, -0.5, 0.0, 0.0, 0.0, 0.0, 1.0 ], [ -1.0, 0.0, 0.0, 0.0, 0.0, 1.0, 0.0, 0.0, 0.0, 0.0, -1.0, 0.0, 0.0, 0.0, 0.0, 1.0 ], [ 0.0, 0.0, -1.0, 0.0, 1.0, 0.0, 0.0, 0.0, 0.0, -1.0, 0.0, 0.0, 0.0, 0.0, 0.0, 1.0 ], [ 0.0, -1.0, 0.0, 0.0, 0.0, 0.0, 1.0, 0.0, -1.0, 0.0, 0.0, 0.0, 0.0, 0.0, 0.0, 1.0 ], [ -0.809017, -0.309017, -0.5, 0.0, 0.309017, 0.5, -0.809017, 0.0, 0.5, -0.809017, -0.309017, 0.0, 0.0, 0.0, 0.0, 1.0 ], [ 0.5, -0.809017, -0.309017, 0.0, 0.809017, 0.309017, 0.5, 0.0, -0.309017, -0.5, 0.809017, 0.0, 0.0, 0.0, 0.0, 1.0 ], [ -0.309017, -0.5, 0.809017, 0.0, -0.5, 0.809017, 0.309017, 0.0, -0.809017, -0.309017, -0.5, 0.0, 0.0, 0.0, 0.0, 1.0 ], [ -0.5, -0.809017, -0.309017, 0.0, 0.809017, -0.309017, -0.5, 0.0, 0.309017, -0.5, 0.809017, 0.0, 0.0, 0.0, 0.0, 1.0 ], [ 0.309017, -0.5, 0.809017, 0.0, 0.5, 0.809017, 0.309017, 0.0, -0.809017, 0.309017, 0.5, 0.0, 0.0, 0.0, 0.0, 1.0 ], [ -0.809017, 0.309017, 0.5, 0.0, -0.309017, 0.5, -0.809017, 0.0, -0.5, -0.809017, -0.309017, 0.0, 0.0, 0.0, 0.0, 1.0 ], [ -0.5, -0.809017, 0.309017, 0.0, 0.809017, -0.309017, 0.5, 0.0, -0.309017, 0.5, 0.809017, 0.0, 0.0, 0.0, 0.0, 1.0 ], [ -0.309017, 0.5, 0.809017, 0.0, 0.5, 0.809017, -0.309017, 0.0, -0.809017, 0.309017, -0.5, 0.0, 0.0, 0.0, 0.0, 1.0 ], [ -0.809017, 0.309017, -0.5, 0.0, 0.309017, -0.5, -0.809017, 0.0, -0.5, -0.809017, 0.309017, 0.0, 0.0, 0.0, 0.0, 1.0 ], [ -0.809017, -0.309017, 0.5, 0.0, 0.309017, 0.5, 0.809017, 0.0, -0.5, 0.809017, -0.309017, 0.0, 0.0, 0.0, 0.0, 1.0 ], [ -0.5, 0.809017, -0.309017, 0.0, 0.809017, 0.309017, -0.5, 0.0, -0.309017, -0.5, -0.809017, 0.0, 0.0, 0.0, 0.0, 1.0 ], [ -0.309017, -0.5, -0.809017, 0.0, 0.5, -0.809017, 0.309017, 0.0, -0.809017, -0.309017, 0.5, 0.0, 0.0, 0.0, 0.0, 1.0 ] ],
  "lights" : {
    "backgroundColor" : "#AFC8DC",
    "ambientColor" : "#292929",
    "directionalLights" : [ {
      "direction" : [ 1.0, -1.0, -1.0 ],
      "color" : "#EBEBE4"
    }, {
      "direction" : [ -1.0, 0.0, 0.0 ],
      "color" : "#E4E4EB"
    }, {
      "direction" : [ 0.0, 0.0, -1.0 ],
      "color" : "#1E1E1E"
    } ]
  },
  "camera" : {
    "width" : 51.954704,
    "stereo" : false,
    "perspective" : true,
    "farClipDistance" : 230.90956,
    "nearClipDistance" : 0.28863722,
    "fieldOfView" : 0.44262913,
    "viewDistance" : 115.454834,
    "lookAtPointRV" : {
      "x" : 0.0,
      "y" : 0.0,
      "z" : 0.0,
      "zero" : true
    },
    "lookDirectionRV" : {
      "x" : 0.0,
      "y" : 0.0,
      "z" : -1.0,
      "zero" : false
    },
    "upDirectionRV" : {
      "x" : 0.0,
      "y" : 1.0,
      "z" : 0.0,
      "zero" : false
    },
    "lookAtPoint" : {
      "x" : 0.0,
      "y" : 0.0,
      "z" : 0.0
    },
    "lookDirection" : {
      "x" : 0.0,
      "y" : 0.0,
      "z" : -1.0
    },
    "upDirection" : {
      "x" : 0.0,
      "y" : 1.0,
      "z" : 0.0
    },
    "position" : {
      "x" : 0.0,
      "y" : 0.0,
      "z" : 115.454834
    }
  },
  "embedding" : [ 1.0, 0.0, 0.0, 0.0, 0.0, 1.0, 0.0, 0.0, 0.0, 0.0, 1.0, 0.0, 0.0, 0.0, 0.0, 1.0 ],
  "shapes" : [ {
    "id" : "4ce1a0bc-3b4a-4432-8d52-d0a9f48599cf",
    "orbit" : "green",
    "orbitC" : "[[2,-1,1],[5,-3,1]]",
    "length" : "[-1,1,1]",
    "name" : "g0",
    "vertices" : [ {
      "x" : 6.545085,
      "y" : 2.5,
      "z" : -0.95491505
    }, {
      "x" : 6.163119,
      "y" : 2.045085,
      "z" : -0.76393205
    }, {
      "x" : 6.0,
      "y" : 2.309017,
      "z" : -1.190983
    }, {
      "x" : 5.927051,
      "y" : 2.572949,
      "z" : -1.0
    }, {
      "x" : 0.85410196,
      "y" : 0.309017,
      "z" : 0.19098301
    }, {
      "x" : 0.690983,
      "y" : 0.572949,
      "z" : -0.23606798
    }, {
      "x" : 0.309017,
      "y" : 0.11803399,
      "z" : -0.045084972
    }, {
      "x" : 0.76393205,
      "y" : 0.309017,
      "z" : -0.42705098
    }, {
      "x" : 0.927051,
      "y" : 0.045084972,
      "z" : 0.0
    }, {
      "x" : 6.09017,
      "y" : 2.309017,
      "z" : -0.572949
    }, {
      "x" : 6.854102,
      "y" : 2.618034,
      "z" : -1.0
    } ],
    "faces" : [ {
      "vertices" : [ 2, 7, 5, 3 ]
    }, {
      "vertices" : [ 1, 8, 7, 2 ]
    }, {
      "vertices" : [ 4, 6, 8 ]
    }, {
      "vertices" : [ 5, 7, 6 ]
    }, {
      "vertices" : [ 0, 1, 2 ]
    }, {
      "vertices" : [ 0, 2, 3 ]
    }, {
      "vertices" : [ 6, 7, 8 ]
    }, {
      "vertices" : [ 3, 5, 4, 9 ]
    }, {
      "vertices" : [ 1, 9, 4, 8 ]
    }, {
      "vertices" : [ 0, 9, 1 ]
    }, {
      "vertices" : [ 0, 3, 9 ]
    }, {
      "vertices" : [ 4, 5, 6 ]
    } ]
  }, {
    "id" : "4d7fb3bf-a1dd-4c13-85e5-90713c4d7187",
    "orbit" : "blue",
    "orbitC" : "[[0,0,1],[0,0,1]]",
    "length" : "[-1,1,1]",
    "name" : "b0",
    "vertices" : [ {
      "x" : 1.0,
      "y" : 0.309017,
      "z" : 0.19098301
    }, {
      "x" : 1.0,
      "y" : -0.309017,
      "z" : 0.19098301
    }, {
      "x" : 4.236068,
      "y" : -0.309017,
      "z" : 0.19098301
    }, {
      "x" : 4.236068,
      "y" : 0.309017,
      "z" : 0.19098301
    }, {
      "x" : 4.236068,
      "y" : -0.309017,
      "z" : -0.19098301
    }, {
      "x" : 4.236068,
      "y" : 0.309017,
      "z" : -0.19098301
    }, {
      "x" : 4.854102,
      "y" : 0.0,
      "z" : 0.0
    }, {
      "x" : 0.38196602,
      "y" : 0.0,
      "z" : 0.0
    }, {
      "x" : 1.0,
      "y" : 0.309017,
      "z" : -0.19098301
    }, {
      "x" : 1.0,
      "y" : -0.309017,
      "z" : -0.19098301
    }, {
      "x" : 5.236068,
      "y" : 0.0,
      "z" : 0.0
    } ],
    "faces" : [ {
      "vertices" : [ 1, 9, 4, 2 ]
    }, {
      "vertices" : [ 0, 3, 5, 8 ]
    }, {
      "vertices" : [ 1, 7, 9 ]
    }, {
      "vertices" : [ 0, 1, 2, 3 ]
    }, {
      "vertices" : [ 7, 8, 9 ]
    }, {
      "vertices" : [ 0, 7, 1 ]
    }, {
      "vertices" : [ 4, 9, 8, 5 ]
    }, {
      "vertices" : [ 2, 6, 3 ]
    }, {
      "vertices" : [ 2, 4, 6 ]
    }, {
      "vertices" : [ 3, 6, 5 ]
    }, {
      "vertices" : [ 4, 5, 6 ]
    }, {
      "vertices" : [ 0, 8, 7 ]
    } ]
  }, {
    "id" : "3e7f4db0-04e7-40bd-8280-52eed382a49a",
    "name" : "ball",
    "vertices" : [ {
      "x" : 0.309017,
      "y" : -0.309017,
      "z" : -0.309017
    }, {
      "x" : 0.5,
      "y" : 0.0,
      "z" : -0.19098301
    }, {
      "x" : 0.5,
      "y" : 0.0,
      "z" : 0.19098301
    }, {
      "x" : 0.309017,
      "y" : -0.309017,
      "z" : 0.309017
    }, {
      "x" : 0.19098301,
      "y" : -0.5,
      "z" : 0.0
    }, {
      "x" : 0.0,
      "y" : 0.19098301,
      "z" : 0.5
    }, {
      "x" : 0.0,
      "y" : -0.19098301,
      "z" : 0.5
    }, {
      "x" : 0.309017,
      "y" : 0.309017,
      "z" : 0.309017
    }, {
      "x" : -0.309017,
      "y" : -0.309017,
      "z" : 0.309017
    }, {
      "x" : -0.309017,
      "y" : 0.309017,
      "z" : 0.309017
    }, {
      "x" : -0.5,
      "y" : 0.0,
      "z" : 0.19098301
    }, {
      "x" : 0.0,
      "y" : -0.19098301,
      "z" : -0.5
    }, {
      "x" : 0.0,
      "y" : 0.19098301,
      "z" : -0.5
    }, {
      "x" : 0.309017,
      "y" : 0.309017,
      "z" : -0.309017
    }, {
      "x" : -0.309017,
      "y" : -0.309017,
      "z" : -0.309017
    }, {
      "x" : -0.19098301,
      "y" : -0.5,
      "z" : 0.0
    }, {
      "x" : -0.5,
      "y" : 0.0,
      "z" : -0.19098301
    }, {
      "x" : 0.19098301,
      "y" : 0.5,
      "z" : 0.0
    }, {
      "x" : -0.309017,
      "y" : 0.309017,
      "z" : -0.309017
    }, {
      "x" : 0.0,
      "y" : 0.0,
      "z" : 0.0
    }, {
      "x" : -0.19098301,
      "y" : 0.5,
      "z" : 0.0
    } ],
    "faces" : [ {
      "vertices" : [ 12, 18, 20, 17, 13 ]
    }, {
      "vertices" : [ 3, 6, 8, 15, 4 ]
    }, {
      "vertices" : [ 0, 11, 12, 13, 1 ]
    }, {
      "vertices" : [ 5, 9, 10, 8, 6 ]
    }, {
      "vertices" : [ 2, 7, 5, 6, 3 ]
    }, {
      "vertices" : [ 11, 14, 16, 18, 12 ]
    }, {
      "vertices" : [ 1, 13, 17, 7, 2 ]
    }, {
      "vertices" : [ 9, 20, 18, 16, 10 ]
    }, {
      "vertices" : [ 0, 1, 2, 3, 4 ]
    }, {
      "vertices" : [ 5, 7, 17, 20, 9 ]
    }, {
      "vertices" : [ 0, 4, 15, 14, 11 ]
    }, {
      "vertices" : [ 8, 10, 16, 14, 15 ]
    } ]
  }, {
    "id" : "59bf60f5-b56c-4acb-b6ef-be61709f9b95",
    "vertices" : [ {
      "x" : 0.0,
      "y" : 0.0,
      "z" : 0.0
    }, {
      "x" : -3.8948016,
      "y" : 7.8598423,
      "z" : -6.118034
    }, {
      "x" : -1.5579207,
      "y" : 5.63661,
      "z" : 4.078689
    } ],
    "faces" : [ {
      "vertices" : [ 0, 1, 2 ]
    }, {
      "vertices" : [ 0, 2, 1 ]
    } ]
  }, {
    "id" : "c4cca2e0-3d30-4e1a-a38b-fd80908bfaab",
    "vertices" : [ {
      "x" : 0.0,
      "y" : 0.0,
      "z" : 0.0
    }, {
      "x" : 2.5207686,
      "y" : -2.5207686,
      "z" : 10.083075
    }, {
      "x" : 2.5207686,
      "y" : -7.562306,
      "z" : 5.0415373
    } ],
    "faces" : [ {
      "vertices" : [ 0, 1, 2 ]
    }, {
      "vertices" : [ 0, 2, 1 ]
    } ]
  }, {
    "id" : "153e1546-6d38-4301-ac9e-5cc6e2179ae2",
    "vertices" : [ {
      "x" : 0.0,
      "y" : 0.0,
      "z" : 0.0
    }, {
      "x" : 2.5207686,
      "y" : -5.0415373,
      "z" : 7.562306
    }, {
      "x" : 0.0,
      "y" : 5.0415373,
      "z" : 5.0415373
    } ],
    "faces" : [ {
      "vertices" : [ 0, 1, 2 ]
    }, {
      "vertices" : [ 0, 2, 1 ]
    } ]
  }, {
    "id" : "cfd01dad-bd3f-4081-8124-9df429757cbc",
    "vertices" : [ {
      "x" : 0.0,
      "y" : 0.0,
      "z" : 0.0
    }, {
      "x" : -0.96284795,
      "y" : 6.5994577,
      "z" : -2.5207686
    }, {
      "x" : -1.0114806,
      "y" : 6.7382607,
      "z" : -2.3333333
    }, {
      "x" : -0.048632678,
      "y" : 0.13880262,
      "z" : 0.1874353
    } ],
    "faces" : [ {
      "vertices" : [ 0, 1, 2, 3 ]
    }, {
      "vertices" : [ 0, 3, 2, 1 ]
    } ]
  }, {
    "id" : "a9061603-3fbc-43cc-ba71-a1ff32b02641",
    "vertices" : [ {
      "x" : 0.0,
      "y" : 0.0,
      "z" : 0.0
    }, {
      "x" : 1.5579207,
      "y" : -5.63661,
      "z" : -4.078689
    }, {
      "x" : 1.4677508,
      "y" : -5.4305987,
      "z" : -4.1573787
    }, {
      "x" : -0.090169944,
      "y" : 0.20601133,
      "z" : -0.07868933
    } ],
    "faces" : [ {
      "vertices" : [ 0, 1, 2, 3 ]
    }, {
      "vertices" : [ 0, 3, 2, 1 ]
    } ]
  }, {
    "id" : "78036336-5370-486f-a0e7-d70696c3ce07",
    "vertices" : [ {
      "x" : 0.0,
      "y" : 0.0,
      "z" : 0.0
    }, {
      "x" : 2.2232323,
      "y" : 7.080882,
      "z" : 5.8204975
    }, {
      "x" : 3.781153,
      "y" : 1.4442719,
      "z" : 9.899187
    } ],
    "faces" : [ {
      "vertices" : [ 0, 1, 2 ]
    }, {
      "vertices" : [ 0, 2, 1 ]
    } ]
  }, {
    "id" : "93e05cf2-2edd-49f7-9ec6-340ac2fa9580",
    "vertices" : [ {
      "x" : 0.0,
      "y" : 0.0,
      "z" : 0.0
    }, {
      "x" : 3.781153,
      "y" : -1.4442719,
      "z" : 9.899187
    }, {
      "x" : 0.96284795,
      "y" : -6.5994577,
      "z" : 2.5207686
    } ],
    "faces" : [ {
      "vertices" : [ 0, 1, 2 ]
    }, {
      "vertices" : [ 0, 2, 1 ]
    } ]
  }, {
    "id" : "d9510da5-e820-4888-9baf-3c824c675ad7",
    "vertices" : [ {
      "x" : 0.0,
      "y" : 0.0,
      "z" : 0.0
    }, {
      "x" : -2.5207686,
      "y" : 0.96284795,
      "z" : -6.5994577
    }, {
      "x" : -1.4442719,
      "y" : 9.899187,
      "z" : -3.781153
    } ],
    "faces" : [ {
      "vertices" : [ 0, 1, 2 ]
    }, {
      "vertices" : [ 0, 2, 1 ]
    } ]
  }, {
    "id" : "aee9642b-ae50-40d5-8549-ba07490128ab",
    "vertices" : [ {
      "x" : 0.0,
      "y" : 0.0,
      "z" : 0.0
    }, {
      "x" : -2.336881,
      "y" : 8.454915,
      "z" : -6.118034
    }, {
      "x" : 0.1838876,
      "y" : 9.417763,
      "z" : 0.48142397
    } ],
    "faces" : [ {
      "vertices" : [ 0, 1, 2 ]
    }, {
      "vertices" : [ 0, 2, 1 ]
    } ]
  }, {
    "id" : "9b8d19d5-cd39-42ca-ab72-9b50b6948145",
    "vertices" : [ {
      "x" : 0.0,
      "y" : 0.0,
      "z" : 0.0
    }, {
      "x" : 0.030056648,
      "y" : -0.011480618,
      "z" : -0.23606798
    }, {
      "x" : 0.9929046,
      "y" : -6.6109385,
      "z" : 2.2847006
    }, {
      "x" : 0.96284795,
      "y" : -6.5994577,
      "z" : 2.5207686
    } ],
    "faces" : [ {
      "vertices" : [ 0, 1, 2, 3 ]
    }, {
      "vertices" : [ 0, 3, 2, 1 ]
    } ]
  }, {
    "id" : "87c343db-3934-472d-99e6-a27aba80bd4a",
    "vertices" : [ {
      "x" : 0.0,
      "y" : 0.0,
      "z" : 0.0
    }, {
      "x" : 0.0,
      "y" : 5.0415373,
      "z" : 5.0415373
    }, {
      "x" : -2.5207686,
      "y" : 7.562306,
      "z" : -5.0415373
    } ],
    "faces" : [ {
      "vertices" : [ 0, 1, 2 ]
    }, {
      "vertices" : [ 0, 2, 1 ]
    } ]
  }, {
    "id" : "0d957d85-964e-4764-81e8-73a8203c0681",
    "vertices" : [ {
      "x" : 0.0,
      "y" : 0.0,
      "z" : 0.0
    }, {
      "x" : -0.030056648,
      "y" : 0.10874598,
      "z" : -0.07868933
    }, {
      "x" : -0.011480618,
      "y" : 0.23606798,
      "z" : -0.030056648
    }, {
      "x" : 2.509288,
      "y" : 1.198916,
      "z" : 6.5694013
    }, {
      "x" : 2.5207686,
      "y" : 0.96284795,
      "z" : 6.5994577
    } ],
    "faces" : [ {
      "vertices" : [ 0, 1, 2, 3, 4 ]
    }, {
      "vertices" : [ 0, 4, 3, 2, 1 ]
    } ]
  }, {
    "id" : "cc73adcb-2bf9-4625-bcfe-8db8d674a4ae",
    "vertices" : [ {
      "x" : 0.0,
      "y" : 0.0,
      "z" : 0.0
    }, {
      "x" : -2.5207686,
      "y" : 5.0415373,
      "z" : -7.562306
    }, {
      "x" : -2.5207686,
      "y" : 10.083075,
      "z" : -2.5207686
    } ],
    "faces" : [ {
      "vertices" : [ 0, 1, 2 ]
    }, {
      "vertices" : [ 0, 2, 1 ]
    } ]
  }, {
    "id" : "fe7a9a1d-2c77-4e20-b8ef-c131971b904f",
    "vertices" : [ {
      "x" : 0.0,
      "y" : 0.0,
      "z" : 0.0
    }, {
      "x" : -2.336881,
      "y" : 2.2232323,
      "z" : -10.196723
    }, {
      "x" : -3.8948016,
      "y" : 7.8598423,
      "z" : -6.118034
    } ],
    "faces" : [ {
      "vertices" : [ 0, 1, 2 ]
    }, {
      "vertices" : [ 0, 2, 1 ]
    } ]
  }, {
    "id" : "c23e489b-351c-4b01-9a43-0acbf4578544",
    "vertices" : [ {
      "x" : 0.0,
      "y" : 0.0,
      "z" : 0.0
    }, {
      "x" : -1.4442719,
      "y" : 9.899187,
      "z" : -3.781153
    }, {
      "x" : 1.5579207,
      "y" : 5.63661,
      "z" : 4.078689
    } ],
    "faces" : [ {
      "vertices" : [ 0, 1, 2 ]
    }, {
      "vertices" : [ 0, 2, 1 ]
    } ]
  }, {
    "id" : "d92d7401-3f86-40ec-aa5d-fa6e82d1ae37",
    "vertices" : [ {
      "x" : 0.0,
      "y" : 0.0,
      "z" : 0.0
    }, {
      "x" : -0.048632678,
      "y" : 0.01857603,
      "z" : -0.127322
    }, {
      "x" : -0.06720871,
      "y" : 0.14589803,
      "z" : -0.17595468
    }, {
      "x" : 1.4907119,
      "y" : 5.782508,
      "z" : 3.9027348
    }, {
      "x" : 1.5579207,
      "y" : 5.63661,
      "z" : 4.078689
    } ],
    "faces" : [ {
      "vertices" : [ 0, 1, 2, 3, 4 ]
    }, {
      "vertices" : [ 0, 4, 3, 2, 1 ]
    } ]
  }, {
    "id" : "a3837f64-51be-4da8-ba00-2d5dd787e01e",
    "vertices" : [ {
      "x" : 0.0,
      "y" : 0.0,
      "z" : 0.0
    }, {
      "x" : 3.781153,
      "y" : 1.4442719,
      "z" : 9.899187
    }, {
      "x" : 2.818305,
      "y" : -5.155186,
      "z" : 7.3784184
    } ],
    "faces" : [ {
      "vertices" : [ 0, 1, 2 ]
    }, {
      "vertices" : [ 0, 2, 1 ]
    } ]
  }, {
    "id" : "25bc0467-27ae-472d-9abb-3b87c8120382",
    "vertices" : [ {
      "x" : 0.0,
      "y" : 0.0,
      "z" : 0.0
    }, {
      "x" : 1.0764967,
      "y" : -8.936339,
      "z" : 2.818305
    }, {
      "x" : -1.4442719,
      "y" : -9.899187,
      "z" : -3.781153
    } ],
    "faces" : [ {
      "vertices" : [ 0, 1, 2 ]
    }, {
      "vertices" : [ 0, 2, 1 ]
    } ]
  }, {
    "id" : "154d0a89-0922-4593-ba30-6dfaafe5282d",
    "vertices" : [ {
      "x" : 0.0,
      "y" : 0.0,
      "z" : 0.0
    }, {
      "x" : -1.4442719,
      "y" : -9.899187,
      "z" : -3.781153
    }, {
      "x" : -3.0021925,
      "y" : -4.262577,
      "z" : -7.8598423
    } ],
    "faces" : [ {
      "vertices" : [ 0, 1, 2 ]
    }, {
      "vertices" : [ 0, 2, 1 ]
    } ]
  }, {
    "id" : "fd6145d7-78a9-4c9f-9096-1ef2602bbe54",
    "vertices" : [ {
      "x" : 0.0,
      "y" : 0.0,
      "z" : 0.0
    }, {
      "x" : 1.5579207,
      "y" : 5.63661,
      "z" : 4.078689
    }, {
      "x" : 3.781153,
      "y" : -1.4442719,
      "z" : 9.899187
    } ],
    "faces" : [ {
      "vertices" : [ 0, 1, 2 ]
    }, {
      "vertices" : [ 0, 2, 1 ]
    } ]
  }, {
    "id" : "ee663700-09e2-4255-820d-592a0104e2ee",
    "vertices" : [ {
      "x" : 0.0,
      "y" : 0.0,
      "z" : 0.0
    }, {
      "x" : 0.01857603,
      "y" : -0.127322,
      "z" : 0.048632678
    }, {
      "x" : -0.011480618,
      "y" : -0.23606798,
      "z" : -0.030056648
    }, {
      "x" : -2.5322492,
      "y" : 0.72677994,
      "z" : -6.6295147
    }, {
      "x" : -2.5207686,
      "y" : 0.96284795,
      "z" : -6.5994577
    } ],
    "faces" : [ {
      "vertices" : [ 0, 1, 2, 3, 4 ]
    }, {
      "vertices" : [ 0, 4, 3, 2, 1 ]
    } ]
  }, {
    "id" : "35c70ed5-b222-4470-9751-5d17edde4012",
    "vertices" : [ {
      "x" : 0.0,
      "y" : 0.0,
      "z" : 0.0
    }, {
      "x" : 0.030056648,
      "y" : 0.10874598,
      "z" : 0.07868933
    }, {
      "x" : 0.07868933,
      "y" : 0.090169944,
      "z" : 0.20601133
    }, {
      "x" : 1.0415373,
      "y" : -6.509288,
      "z" : 2.72678
    }, {
      "x" : 0.96284795,
      "y" : -6.5994577,
      "z" : 2.5207686
    } ],
    "faces" : [ {
      "vertices" : [ 0, 1, 2, 3, 4 ]
    }, {
      "vertices" : [ 0, 4, 3, 2, 1 ]
    } ]
  }, {
    "id" : "2cd5b797-232c-46a1-b0e9-193993fecd9e",
    "vertices" : [ {
      "x" : 0.0,
      "y" : 0.0,
      "z" : 0.0
    }, {
      "x" : -0.01857603,
      "y" : -0.127322,
      "z" : -0.048632678
    }, {
      "x" : -0.06720871,
      "y" : -0.14589803,
      "z" : -0.17595468
    }, {
      "x" : -1.6251293,
      "y" : 5.490712,
      "z" : -4.254644
    }, {
      "x" : -1.5579207,
      "y" : 5.63661,
      "z" : -4.078689
    } ],
    "faces" : [ {
      "vertices" : [ 0, 1, 2, 3, 4 ]
    }, {
      "vertices" : [ 0, 4, 3, 2, 1 ]
    } ]
  }, {
    "id" : "f1e5cc90-897a-4b4e-9cb3-cfa332c21406",
    "vertices" : [ {
      "x" : 0.0,
      "y" : 0.0,
      "z" : 0.0
    }, {
      "x" : -3.2997289,
      "y" : 1.8554571,
      "z" : -8.638803
    }, {
      "x" : -2.336881,
      "y" : 8.454915,
      "z" : -6.118034
    } ],
    "faces" : [ {
      "vertices" : [ 0, 1, 2 ]
    }, {
      "vertices" : [ 0, 2, 1 ]
    } ]
  }, {
    "id" : "7a5e86c7-9b11-4788-b628-10a7e913c86d",
    "vertices" : [ {
      "x" : 0.0,
      "y" : 0.0,
      "z" : 0.0
    }, {
      "x" : 0.048632678,
      "y" : 0.01857603,
      "z" : 0.127322
    }, {
      "x" : 0.07868933,
      "y" : -0.090169944,
      "z" : 0.20601133
    }, {
      "x" : -0.8841586,
      "y" : -6.689628,
      "z" : -2.3147573
    }, {
      "x" : -0.96284795,
      "y" : -6.5994577,
      "z" : -2.5207686
    } ],
    "faces" : [ {
      "vertices" : [ 0, 1, 2, 3, 4 ]
    }, {
      "vertices" : [ 0, 4, 3, 2, 1 ]
    } ]
  } ],
  "instances" : [ {
    "shape" : "4ce1a0bc-3b4a-4432-8d52-d0a9f48599cf",
    "color" : "#00993F",
    "position" : {
      "x" : 5.236068,
      "y" : 5.236068,
      "z" : -10.472136
    },
    "orientation" : 6
  }, {
    "shape" : "4d7fb3bf-a1dd-4c13-85e5-90713c4d7187",
    "color" : "#008EC2",
    "position" : {
      "x" : 10.472136,
      "y" : 0.0,
      "z" : 10.472136
    },
    "orientation" : 16
  }, {
    "shape" : "4ce1a0bc-3b4a-4432-8d52-d0a9f48599cf",
    "color" : "#00993F",
    "position" : {
      "x" : -5.236068,
      "y" : -5.236068,
      "z" : 0.0
    },
    "orientation" : 6
  }, {
    "shape" : "4d7fb3bf-a1dd-4c13-85e5-90713c4d7187",
    "color" : "#008EC2",
    "position" : {
      "x" : -10.472136,
      "y" : 10.472136,
      "z" : 0.0
    },
    "orientation" : 2
  }, {
    "shape" : "3e7f4db0-04e7-40bd-8280-52eed382a49a",
    "color" : "#F2F2F2",
    "position" : {
      "x" : -10.472136,
      "y" : 5.236068,
      "z" : 0.0
    }
  }, {
    "shape" : "3e7f4db0-04e7-40bd-8280-52eed382a49a",
    "color" : "#F2F2F2",
    "position" : {
      "x" : -10.472136,
      "y" : -5.236068,
      "z" : 0.0
    }
  }, {
    "shape" : "4d7fb3bf-a1dd-4c13-85e5-90713c4d7187",
    "color" : "#008EC2",
    "position" : {
      "x" : 0.0,
      "y" : -10.472136,
      "z" : -10.472136
    },
    "orientation" : 0
  }, {
    "shape" : "3e7f4db0-04e7-40bd-8280-52eed382a49a",
    "color" : "#F2F2F2",
    "position" : {
      "x" : 0.0,
      "y" : 0.0,
      "z" : 0.0
    }
  }, {
    "shape" : "4d7fb3bf-a1dd-4c13-85e5-90713c4d7187",
    "color" : "#008EC2",
    "position" : {
      "x" : -10.472136,
      "y" : -10.472136,
      "z" : -5.236068
    },
    "orientation" : 47
  }, {
    "shape" : "3e7f4db0-04e7-40bd-8280-52eed382a49a",
    "color" : "#F2F2F2",
    "position" : {
      "x" : -5.236068,
      "y" : -10.472136,
      "z" : -10.472136
    }
  }, {
    "shape" : "3e7f4db0-04e7-40bd-8280-52eed382a49a",
    "color" : "#F2F2F2",
    "position" : {
      "x" : -10.472136,
      "y" : 10.472136,
      "z" : 0.0
    }
  }, {
    "shape" : "4d7fb3bf-a1dd-4c13-85e5-90713c4d7187",
    "color" : "#008EC2",
    "position" : {
      "x" : 0.0,
      "y" : 10.472136,
      "z" : -10.472136
    },
    "orientation" : 45
  }, {
    "shape" : "4d7fb3bf-a1dd-4c13-85e5-90713c4d7187",
    "color" : "#008EC2",
    "position" : {
      "x" : 0.0,
      "y" : 10.472136,
      "z" : 0.0
    },
    "orientation" : 47
  }, {
    "shape" : "4ce1a0bc-3b4a-4432-8d52-d0a9f48599cf",
    "color" : "#00993F",
    "position" : {
      "x" : 5.236068,
      "y" : 5.236068,
      "z" : 10.472136
    },
    "orientation" : 53
  }, {
    "shape" : "3e7f4db0-04e7-40bd-8280-52eed382a49a",
    "color" : "#F2F2F2",
    "position" : {
      "x" : -10.472136,
      "y" : 0.0,
      "z" : -10.472136
    }
  }, {
    "shape" : "3e7f4db0-04e7-40bd-8280-52eed382a49a",
    "color" : "#F2F2F2",
    "position" : {
      "x" : -10.472136,
      "y" : -10.472136,
      "z" : -10.472136
    }
  }, {
    "shape" : "4ce1a0bc-3b4a-4432-8d52-d0a9f48599cf",
    "color" : "#00993F",
    "position" : {
      "x" : 5.236068,
      "y" : 5.236068,
      "z" : 10.472136
    },
    "orientation" : 6
  }, {
    "shape" : "3e7f4db0-04e7-40bd-8280-52eed382a49a",
    "color" : "#F2F2F2",
    "position" : {
      "x" : 0.0,
      "y" : -10.472136,
      "z" : 0.0
    }
  }, {
    "shape" : "4d7fb3bf-a1dd-4c13-85e5-90713c4d7187",
    "color" : "#008EC2",
    "position" : {
      "x" : 0.0,
      "y" : -10.472136,
      "z" : -5.236068
    },
    "orientation" : 47
  }, {
    "shape" : "4d7fb3bf-a1dd-4c13-85e5-90713c4d7187",
    "color" : "#008EC2",
    "position" : {
      "x" : -10.472136,
      "y" : 5.236068,
      "z" : 0.0
    },
    "orientation" : 1
  }, {
    "shape" : "4ce1a0bc-3b4a-4432-8d52-d0a9f48599cf",
    "color" : "#00993F",
    "position" : {
      "x" : 5.236068,
      "y" : 0.0,
      "z" : -5.236068
    },
    "orientation" : 21
  }, {
    "shape" : "4d7fb3bf-a1dd-4c13-85e5-90713c4d7187",
    "color" : "#008EC2",
    "position" : {
      "x" : 5.236068,
      "y" : 10.472136,
      "z" : -10.472136
    },
    "orientation" : 0
  }, {
    "shape" : "3e7f4db0-04e7-40bd-8280-52eed382a49a",
    "color" : "#F2F2F2",
    "position" : {
      "x" : -10.472136,
      "y" : 0.0,
      "z" : 10.472136
    }
  }, {
    "shape" : "4d7fb3bf-a1dd-4c13-85e5-90713c4d7187",
    "color" : "#008EC2",
    "position" : {
      "x" : 10.472136,
      "y" : -10.472136,
      "z" : -5.236068
    },
    "orientation" : 47
  }, {
    "shape" : "3e7f4db0-04e7-40bd-8280-52eed382a49a",
    "color" : "#F2F2F2",
    "position" : {
      "x" : 0.0,
      "y" : 10.472136,
      "z" : 10.472136
    }
  }, {
    "shape" : "3e7f4db0-04e7-40bd-8280-52eed382a49a",
    "color" : "#F2F2F2",
    "position" : {
      "x" : 0.0,
      "y" : 10.472136,
      "z" : 5.236068
    }
  }, {
    "shape" : "4d7fb3bf-a1dd-4c13-85e5-90713c4d7187",
    "color" : "#008EC2",
    "position" : {
      "x" : 0.0,
      "y" : 0.0,
      "z" : -10.472136
    },
    "orientation" : 45
  }, {
    "shape" : "4ce1a0bc-3b4a-4432-8d52-d0a9f48599cf",
    "color" : "#00993F",
    "position" : {
      "x" : -5.236068,
      "y" : -10.472136,
      "z" : 5.236068
    },
    "orientation" : 52
  }, {
    "shape" : "3e7f4db0-04e7-40bd-8280-52eed382a49a",
    "color" : "#F2F2F2",
    "position" : {
      "x" : -5.236068,
      "y" : -10.472136,
      "z" : 0.0
    }
  }, {
    "shape" : "4d7fb3bf-a1dd-4c13-85e5-90713c4d7187",
    "color" : "#008EC2",
    "position" : {
      "x" : 10.472136,
      "y" : -10.472136,
      "z" : 5.236068
    },
    "orientation" : 2
  }, {
    "shape" : "3e7f4db0-04e7-40bd-8280-52eed382a49a",
    "color" : "#F2F2F2",
    "position" : {
      "x" : 0.0,
      "y" : 5.236068,
      "z" : 10.472136
    }
  }, {
    "shape" : "4d7fb3bf-a1dd-4c13-85e5-90713c4d7187",
    "color" : "#008EC2",
    "position" : {
      "x" : 0.0,
      "y" : -10.472136,
      "z" : 0.0
    },
    "orientation" : 47
  }, {
    "shape" : "4d7fb3bf-a1dd-4c13-85e5-90713c4d7187",
    "color" : "#008EC2",
    "position" : {
      "x" : -10.472136,
      "y" : -10.472136,
      "z" : 0.0
    },
    "orientation" : 47
  }, {
    "shape" : "4d7fb3bf-a1dd-4c13-85e5-90713c4d7187",
    "color" : "#008EC2",
    "position" : {
      "x" : -10.472136,
      "y" : 0.0,
      "z" : 0.0
    },
    "orientation" : 47
  }, {
    "shape" : "4d7fb3bf-a1dd-4c13-85e5-90713c4d7187",
    "color" : "#008EC2",
    "position" : {
      "x" : -10.472136,
      "y" : 10.472136,
      "z" : -5.236068
    },
    "orientation" : 47
  }, {
    "shape" : "3e7f4db0-04e7-40bd-8280-52eed382a49a",
    "color" : "#F2F2F2",
    "position" : {
      "x" : -10.472136,
      "y" : -5.236068,
      "z" : -5.236068
    }
  }, {
    "shape" : "3e7f4db0-04e7-40bd-8280-52eed382a49a",
    "color" : "#F2F2F2",
    "position" : {
      "x" : 10.472136,
      "y" : 0.0,
      "z" : -5.236068
    }
  }, {
    "shape" : "4d7fb3bf-a1dd-4c13-85e5-90713c4d7187",
    "color" : "#008EC2",
    "position" : {
      "x" : 0.0,
      "y" : -5.236068,
      "z" : -10.472136
    },
    "orientation" : 16
  }, {
    "shape" : "4d7fb3bf-a1dd-4c13-85e5-90713c4d7187",
    "color" : "#008EC2",
    "position" : {
      "x" : -10.472136,
      "y" : 10.472136,
      "z" : 0.0
    },
    "orientation" : 47
  }, {
    "shape" : "3e7f4db0-04e7-40bd-8280-52eed382a49a",
    "color" : "#F2F2F2",
    "position" : {
      "x" : 0.0,
      "y" : 5.236068,
      "z" : -10.472136
    }
  }, {
    "shape" : "4d7fb3bf-a1dd-4c13-85e5-90713c4d7187",
    "color" : "#008EC2",
    "position" : {
      "x" : 0.0,
      "y" : -10.472136,
      "z" : 10.472136
    },
    "orientation" : 45
  }, {
    "shape" : "3e7f4db0-04e7-40bd-8280-52eed382a49a",
    "color" : "#F2F2F2",
    "position" : {
      "x" : -10.472136,
      "y" : 10.472136,
      "z" : -10.472136
    }
  }, {
    "shape" : "4d7fb3bf-a1dd-4c13-85e5-90713c4d7187",
    "color" : "#008EC2",
    "position" : {
      "x" : 10.472136,
      "y" : -5.236068,
      "z" : -10.472136
    },
    "orientation" : 16
  }, {
    "shape" : "4d7fb3bf-a1dd-4c13-85e5-90713c4d7187",
    "color" : "#008EC2",
    "position" : {
      "x" : -10.472136,
      "y" : 0.0,
      "z" : -10.472136
    },
    "orientation" : 16
  }, {
    "shape" : "3e7f4db0-04e7-40bd-8280-52eed382a49a",
    "color" : "#F2F2F2",
    "position" : {
      "x" : -5.236068,
      "y" : 10.472136,
      "z" : 10.472136
    }
  }, {
    "shape" : "4d7fb3bf-a1dd-4c13-85e5-90713c4d7187",
    "color" : "#008EC2",
    "position" : {
      "x" : 10.472136,
      "y" : -10.472136,
      "z" : 0.0
    },
    "orientation" : 2
  }, {
    "shape" : "3e7f4db0-04e7-40bd-8280-52eed382a49a",
    "color" : "#F2F2F2",
    "position" : {
      "x" : 10.472136,
      "y" : -5.236068,
      "z" : 10.472136
    }
  }, {
    "shape" : "4d7fb3bf-a1dd-4c13-85e5-90713c4d7187",
    "color" : "#008EC2",
    "position" : {
      "x" : 0.0,
      "y" : 0.0,
      "z" : 10.472136
    },
    "orientation" : 16
  }, {
    "shape" : "3e7f4db0-04e7-40bd-8280-52eed382a49a",
    "color" : "#F2F2F2",
    "position" : {
      "x" : 0.0,
      "y" : 10.472136,
      "z" : 0.0
    }
  }, {
    "shape" : "4d7fb3bf-a1dd-4c13-85e5-90713c4d7187",
    "color" : "#008EC2",
    "position" : {
      "x" : 5.236068,
      "y" : 0.0,
      "z" : -10.472136
    },
    "orientation" : 0
  }, {
    "shape" : "4d7fb3bf-a1dd-4c13-85e5-90713c4d7187",
    "color" : "#008EC2",
    "position" : {
      "x" : 5.236068,
      "y" : 10.472136,
      "z" : 0.0
    },
    "orientation" : 0
  }, {
    "shape" : "4ce1a0bc-3b4a-4432-8d52-d0a9f48599cf",
    "color" : "#00993F",
    "position" : {
      "x" : 5.236068,
      "y" : 0.0,
      "z" : -5.236068
    },
    "orientation" : 52
  }, {
    "shape" : "3e7f4db0-04e7-40bd-8280-52eed382a49a",
    "color" : "#F2F2F2",
    "position" : {
      "x" : 10.472136,
      "y" : 0.0,
      "z" : 0.0
    }
  }, {
    "shape" : "3e7f4db0-04e7-40bd-8280-52eed382a49a",
    "color" : "#F2F2F2",
    "position" : {
      "x" : 5.236068,
      "y" : 10.472136,
      "z" : 10.472136
    }
  }, {
    "shape" : "4d7fb3bf-a1dd-4c13-85e5-90713c4d7187",
    "color" : "#008EC2",
    "position" : {
      "x" : 5.236068,
      "y" : 10.472136,
      "z" : 10.472136
    },
    "orientation" : 0
  }, {
    "shape" : "3e7f4db0-04e7-40bd-8280-52eed382a49a",
    "color" : "#F2F2F2",
    "position" : {
      "x" : -5.236068,
      "y" : -5.236068,
      "z" : 0.0
    }
  }, {
    "shape" : "4d7fb3bf-a1dd-4c13-85e5-90713c4d7187",
    "color" : "#008EC2",
    "position" : {
      "x" : -10.472136,
      "y" : 0.0,
      "z" : 0.0
    },
    "orientation" : 1
  }, {
    "shape" : "4d7fb3bf-a1dd-4c13-85e5-90713c4d7187",
    "color" : "#008EC2",
    "position" : {
      "x" : 0.0,
      "y" : 10.472136,
      "z" : 5.236068
    },
    "orientation" : 2
  }, {
    "shape" : "4d7fb3bf-a1dd-4c13-85e5-90713c4d7187",
    "color" : "#008EC2",
    "position" : {
      "x" : 10.472136,
      "y" : 10.472136,
      "z" : 0.0
    },
    "orientation" : 2
  }, {
    "shape" : "4d7fb3bf-a1dd-4c13-85e5-90713c4d7187",
    "color" : "#008EC2",
    "position" : {
      "x" : 10.472136,
      "y" : -5.236068,
      "z" : 0.0
    },
    "orientation" : 16
  }, {
    "shape" : "3e7f4db0-04e7-40bd-8280-52eed382a49a",
    "color" : "#F2F2F2",
    "position" : {
      "x" : -10.472136,
      "y" : 0.0,
      "z" : 5.236068
    }
  }, {
    "shape" : "3e7f4db0-04e7-40bd-8280-52eed382a49a",
    "color" : "#F2F2F2",
    "position" : {
      "x" : 10.472136,
      "y" : 10.472136,
      "z" : 0.0
    }
  }, {
    "shape" : "3e7f4db0-04e7-40bd-8280-52eed382a49a",
    "color" : "#F2F2F2",
    "position" : {
      "x" : -10.472136,
      "y" : -5.236068,
      "z" : -10.472136
    }
  }, {
    "shape" : "3e7f4db0-04e7-40bd-8280-52eed382a49a",
    "color" : "#F2F2F2",
    "position" : {
      "x" : 10.472136,
      "y" : -10.472136,
      "z" : -5.236068
    }
  }, {
    "shape" : "4d7fb3bf-a1dd-4c13-85e5-90713c4d7187",
    "color" : "#008EC2",
    "position" : {
      "x" : -5.236068,
      "y" : 10.472136,
      "z" : 10.472136
    },
    "orientation" : 45
  }, {
    "shape" : "3e7f4db0-04e7-40bd-8280-52eed382a49a",
    "color" : "#F2F2F2",
    "position" : {
      "x" : 5.236068,
      "y" : 10.472136,
      "z" : -10.472136
    }
  }, {
    "shape" : "4d7fb3bf-a1dd-4c13-85e5-90713c4d7187",
    "color" : "#008EC2",
    "position" : {
      "x" : -10.472136,
      "y" : 0.0,
      "z" : 5.236068
    },
    "orientation" : 2
  }, {
    "shape" : "3e7f4db0-04e7-40bd-8280-52eed382a49a",
    "color" : "#F2F2F2",
    "position" : {
      "x" : 10.472136,
      "y" : -5.236068,
      "z" : -5.236068
    }
  }, {
    "shape" : "4d7fb3bf-a1dd-4c13-85e5-90713c4d7187",
    "color" : "#008EC2",
    "position" : {
      "x" : 0.0,
      "y" : -10.472136,
      "z" : -10.472136
    },
    "orientation" : 45
  }, {
    "shape" : "4d7fb3bf-a1dd-4c13-85e5-90713c4d7187",
    "color" : "#008EC2",
    "position" : {
      "x" : 10.472136,
      "y" : 5.236068,
      "z" : 10.472136
    },
    "orientation" : 1
  }, {
    "shape" : "4ce1a0bc-3b4a-4432-8d52-d0a9f48599cf",
    "color" : "#00993F",
    "position" : {
      "x" : -5.236068,
      "y" : 10.472136,
      "z" : 5.236068
    },
    "orientation" : 21
  }, {
    "shape" : "3e7f4db0-04e7-40bd-8280-52eed382a49a",
    "color" : "#F2F2F2",
    "position" : {
      "x" : 0.0,
      "y" : 0.0,
      "z" : 10.472136
    }
  }, {
    "shape" : "4d7fb3bf-a1dd-4c13-85e5-90713c4d7187",
    "color" : "#008EC2",
    "position" : {
      "x" : 0.0,
      "y" : -10.472136,
      "z" : 10.472136
    },
    "orientation" : 0
  }, {
    "shape" : "4ce1a0bc-3b4a-4432-8d52-d0a9f48599cf",
    "color" : "#00993F",
    "position" : {
      "x" : -10.472136,
      "y" : -5.236068,
      "z" : -5.236068
    },
    "orientation" : 8
  }, {
    "shape" : "4d7fb3bf-a1dd-4c13-85e5-90713c4d7187",
    "color" : "#008EC2",
    "position" : {
      "x" : 10.472136,
      "y" : 0.0,
      "z" : 10.472136
    },
    "orientation" : 1
  }, {
    "shape" : "4d7fb3bf-a1dd-4c13-85e5-90713c4d7187",
    "color" : "#008EC2",
    "position" : {
      "x" : 10.472136,
      "y" : 10.472136,
      "z" : 0.0
    },
    "orientation" : 47
  }, {
    "shape" : "3e7f4db0-04e7-40bd-8280-52eed382a49a",
    "color" : "#F2F2F2",
    "position" : {
      "x" : 5.236068,
      "y" : -10.472136,
      "z" : 10.472136
    }
  }, {
    "shape" : "3e7f4db0-04e7-40bd-8280-52eed382a49a",
    "color" : "#F2F2F2",
    "position" : {
      "x" : -5.236068,
      "y" : 0.0,
      "z" : -10.472136
    }
  }, {
    "shape" : "3e7f4db0-04e7-40bd-8280-52eed382a49a",
    "color" : "#F2F2F2",
    "position" : {
      "x" : 0.0,
      "y" : -10.472136,
      "z" : 5.236068
    }
  }, {
    "shape" : "3e7f4db0-04e7-40bd-8280-52eed382a49a",
    "color" : "#F2F2F2",
    "position" : {
      "x" : 5.236068,
      "y" : 0.0,
      "z" : 10.472136
    }
  }, {
    "shape" : "4d7fb3bf-a1dd-4c13-85e5-90713c4d7187",
    "color" : "#008EC2",
    "position" : {
      "x" : -10.472136,
      "y" : 0.0,
      "z" : -5.236068
    },
    "orientation" : 47
  }, {
    "shape" : "4d7fb3bf-a1dd-4c13-85e5-90713c4d7187",
    "color" : "#008EC2",
    "position" : {
      "x" : 0.0,
      "y" : 10.472136,
      "z" : 10.472136
    },
    "orientation" : 45
  }, {
    "shape" : "4d7fb3bf-a1dd-4c13-85e5-90713c4d7187",
    "color" : "#008EC2",
    "position" : {
      "x" : 0.0,
      "y" : 0.0,
      "z" : -10.472136
    },
    "orientation" : 1
  }, {
