{
  "field" : "golden",
  "symmetry" : "icosahedral",
  "orientations" : [ [ 1.0, 0.0, 0.0, 0.0, 0.0, 1.0, 0.0, 0.0, 0.0, 0.0, 1.0, 0.0, 0.0, 0.0, 0.0, 1.0 ], [ 0.0, 0.0, 1.0, 0.0, 1.0, 0.0, 0.0, 0.0, 0.0, 1.0, 0.0, 0.0, 0.0, 0.0, 0.0, 1.0 ], [ 0.0, 1.0, 0.0, 0.0, 0.0, 0.0, 1.0, 0.0, 1.0, 0.0, 0.0, 0.0, 0.0, 0.0, 0.0, 1.0 ], [ 0.809017, 0.309017, 0.5, 0.0, 0.309017, 0.5, -0.809017, 0.0, -0.5, 0.809017, 0.309017, 0.0, 0.0, 0.0, 0.0, 1.0 ], [ -0.5, 0.809017, 0.309017, 0.0, 0.809017, 0.309017, 0.5, 0.0, 0.309017, 0.5, -0.809017, 0.0, 0.0, 0.0, 0.0, 1.0 ], [ 0.309017, 0.5, -0.809017, 0.0, -0.5, 0.809017, 0.309017, 0.0, 0.809017, 0.309017, 0.5, 0.0, 0.0, 0.0, 0.0, 1.0 ], [ 0.5, 0.809017, 0.309017, 0.0, 0.809017, -0.309017, -0.5, 0.0, -0.309017, 0.5, -0.809017, 0.0, 0.0, 0.0, 0.0, 1.0 ], [ -0.309017, 0.5, -0.809017, 0.0, 0.5, 0.809017, 0.309017, 0.0, 0.809017, -0.309017, -0.5, 0.0, 0.0, 0.0, 0.0, 1.0 ], [ 0.809017, -0.309017, -0.5, 0.0, -0.309017, 0.5, -0.809017, 0.0, 0.5, 0.809017, 0.309017, 0.0, 0.0, 0.0, 0.0, 1.0 ], [ 0.5, 0.809017, -0.309017, 0.0, 0.809017, -0.309017, 0.5, 0.0, 0.309017, -0.5, -0.809017, 0.0, 0.0, 0.0, 0.0, 1.0 ], [ 0.309017, -0.5, -0.809017, 0.0, 0.5, 0.809017, -0.309017, 0.0, 0.809017, -0.309017, 0.5, 0.0, 0.0, 0.0, 0.0, 1.0 ], [ 0.809017, -0.309017, 0.5, 0.0, 0.309017, -0.5, -0.809017, 0.0, 0.5, 0.809017, -0.309017, 0.0, 0.0, 0.0, 0.0, 1.0 ], [ 0.809017, 0.309017, -0.5, 0.0, 0.309017, 0.5, 0.809017, 0.0, 0.5, -0.809017, 0.309017, 0.0, 0.0, 0.0, 0.0, 1.0 ], [ 0.5, -0.809017, 0.309017, 0.0, 0.809017, 0.309017, -0.5, 0.0, 0.309017, 0.5, 0.809017, 0.0, 0.0, 0.0, 0.0, 1.0 ], [ 0.309017, 0.5, 0.809017, 0.0, 0.5, -0.809017, 0.309017, 0.0, 0.809017, 0.309017, -0.5, 0.0, 0.0, 0.0, 0.0, 1.0 ], [ 1.0, 0.0, 0.0, 0.0, 0.0, -1.0, 0.0, 0.0, 0.0, 0.0, -1.0, 0.0, 0.0, 0.0, 0.0, 1.0 ], [ 0.0, 0.0, 1.0, 0.0, -1.0, 0.0, 0.0, 0.0, 0.0, -1.0, 0.0, 0.0, 0.0, 0.0, 0.0, 1.0 ], [ 0.0, 1.0, 0.0, 0.0, 0.0, 0.0, -1.0, 0.0, -1.0, 0.0, 0.0, 0.0, 0.0, 0.0, 0.0, 1.0 ], [ 0.809017, 0.309017, 0.5, 0.0, -0.309017, -0.5, 0.809017, 0.0, 0.5, -0.809017, -0.309017, 0.0, 0.0, 0.0, 0.0, 1.0 ], [ -0.5, 0.809017, 0.309017, 0.0, -0.809017, -0.309017, -0.5, 0.0, -0.309017, -0.5, 0.809017, 0.0, 0.0, 0.0, 0.0, 1.0 ], [ 0.309017, 0.5, -0.809017, 0.0, 0.5, -0.809017, -0.309017, 0.0, -0.809017, -0.309017, -0.5, 0.0, 0.0, 0.0, 0.0, 1.0 ], [ 0.5, 0.809017, 0.309017, 0.0, -0.809017, 0.309017, 0.5, 0.0, 0.309017, -0.5, 0.809017, 0.0, 0.0, 0.0, 0.0, 1.0 ], [ -0.309017, 0.5, -0.809017, 0.0, -0.5, -0.809017, -0.309017, 0.0, -0.809017, 0.309017, 0.5, 0.0, 0.0, 0.0, 0.0, 1.0 ], [ 0.809017, -0.309017, -0.5, 0.0, 0.309017, -0.5, 0.809017, 0.0, -0.5, -0.809017, -0.309017, 0.0, 0.0, 0.0, 0.0, 1.0 ], [ 0.5, 0.809017, -0.309017, 0.0, -0.809017, 0.309017, -0.5, 0.0, -0.309017, 0.5, 0.809017, 0.0, 0.0, 0.0, 0.0, 1.0 ], [ 0.309017, -0.5, -0.809017, 0.0, -0.5, -0.809017, 0.309017, 0.0, -0.809017, 0.309017, -0.5, 0.0, 0.0, 0.0, 0.0, 1.0 ], [ 0.809017, -0.309017, 0.5, 0.0, -0.309017, 0.5, 0.809017, 0.0, -0.5, -0.809017, 0.309017, 0.0, 0.0, 0.0, 0.0, 1.0 ], [ 0.809017, 0.309017, -0.5, 0.0, -0.309017, -0.5, -0.809017, 0.0, -0.5, 0.809017, -0.309017, 0.0, 0.0, 0.0, 0.0, 1.0 ], [ 0.5, -0.809017, 0.309017, 0.0, -0.809017, -0.309017, 0.5, 0.0, -0.309017, -0.5, -0.809017, 0.0, 0.0, 0.0, 0.0, 1.0 ], [ 0.309017, 0.5, 0.809017, 0.0, -0.5, 0.809017, -0.309017, 0.0, -0.809017, -0.309017, 0.5, 0.0, 0.0, 0.0, 0.0, 1.0 ], [ -1.0, 0.0, 0.0, 0.0, 0.0, -1.0, 0.0, 0.0, 0.0, 0.0, 1.0, 0.0, 0.0, 0.0, 0.0, 1.0 ], [ 0.0, 0.0, -1.0, 0.0, -1.0, 0.0, 0.0, 0.0, 0.0, 1.0, 0.0, 0.0, 0.0, 0.0, 0.0, 1.0 ], [ 0.0, -1.0, 0.0, 0.0, 0.0, 0.0, -1.0, 0.0, 1.0, 0.0, 0.0, 0.0, 0.0, 0.0, 0.0, 1.0 ], [ -0.809017, -0.309017, -0.5, 0.0, -0.309017, -0.5, 0.809017, 0.0, -0.5, 0.809017, 0.309017, 0.0, 0.0, 0.0, 0.0, 1.0 ], [ 0.5, -0.809017, -0.309017, 0.0, -0.809017, -0.309017, -0.5, 0.0, 0.309017, 0.5, -0.809017, 0.0, 0.0, 0.0, 0.0, 1.0 ], [ -0.309017, -0.5, 0.809017, 0.0, 0.5, -0.809017, -0.309017, 0.0, 0.809017, 0.309017, 0.5, 0.0, 0.0, 0.0, 0.0, 1.0 ], [ -0.5, -0.809017, -0.309017, 0.0, -0.809017, 0.309017, 0.5, 0.0, -0.309017, 0.5, -0.809017, 0.0, 0.0, 0.0, 0.0, 1.0 ], [ 0.309017, -0.5, 0.809017, 0.0, -0.5, -0.809017, -0.309017, 0.0, 0.809017, -0.309017, -0.5, 0.0, 0.0, 0.0, 0.0, 1.0 ], [ -0.809017, 0.309017, 0.5, 0.0, 0.309017, -0.5, 0.809017, 0.0, 0.5, 0.809017, 0.309017, 0.0, 0.0, 0.0, 0.0, 1.0 ], [ -0.5, -0.809017, 0.309017, 0.0, -0.809017, 0.309017, -0.5, 0.0, 0.309017, -0.5, -0.809017, 0.0, 0.0, 0.0, 0.0, 1.0 ], [ -0.309017, 0.5, 0.809017, 0.0, -0.5, -0.809017, 0.309017, 0.0, 0.809017, -0.309017, 0.5, 0.0, 0.0, 0.0, 0.0, 1.0 ], [ -0.809017, 0.309017, -0.5, 0.0, -0.309017, 0.5, 0.809017, 0.0, 0.5, 0.809017, -0.309017, 0.0, 0.0, 0.0, 0.0, 1.0 ], [ -0.809017, -0.309017, 0.5, 0.0, -0.309017, -0.5, -0.809017, 0.0, 0.5, -0.809017, 0.309017, 0.0, 0.0, 0.0, 0.0, 1.0 ], [ -0.5, 0.809017, -0.309017, 0.0, -0.809017, -0.309017, 0.5, 0.0, 0.309017, 0.5, 0.809017, 0.0, 0.0, 0.0, 0.0, 1.0 ], [ -0.309017, -0.5, -0.809017, 0.0, -0.5, 0.809017, -0.309017, 0.0, 0.809017, 0.309017, -0.5, 0.0, 0.0, 0.0, 0.0, 1.0 ], [ -1.0, 0.0, 0.0, 0.0, 0.0, 1.0, 0.0, 0.0, 0.0, 0.0, -1.0, 0.0, 0.0, 0.0, 0.0, 1.0 ], [ 0.0, 0.0, -1.0, 0.0, 1.0, 0.0, 0.0, 0.0, 0.0, -1.0, 0.0, 0.0, 0.0, 0.0, 0.0, 1.0 ], [ 0.0, -1.0, 0.0, 0.0, 0.0, 0.0, 1.0, 0.0, -1.0, 0.0, 0.0, 0.0, 0.0, 0.0, 0.0, 1.0 ], [ -0.809017, -0.309017, -0.5, 0.0, 0.309017, 0.5, -0.809017, 0.0, 0.5, -0.809017, -0.309017, 0.0, 0.0, 0.0, 0.0, 1.0 ], [ 0.5, -0.809017, -0.309017, 0.0, 0.809017, 0.309017, 0.5, 0.0, -0.309017, -0.5, 0.809017, 0.0, 0.0, 0.0, 0.0, 1.0 ], [ -0.309017, -0.5, 0.809017, 0.0, -0.5, 0.809017, 0.309017, 0.0, -0.809017, -0.309017, -0.5, 0.0, 0.0, 0.0, 0.0, 1.0 ], [ -0.5, -0.809017, -0.309017, 0.0, 0.809017, -0.309017, -0.5, 0.0, 0.309017, -0.5, 0.809017, 0.0, 0.0, 0.0, 0.0, 1.0 ], [ 0.309017, -0.5, 0.809017, 0.0, 0.5, 0.809017, 0.309017, 0.0, -0.809017, 0.309017, 0.5, 0.0, 0.0, 0.0, 0.0, 1.0 ], [ -0.809017, 0.309017, 0.5, 0.0, -0.309017, 0.5, -0.809017, 0.0, -0.5, -0.809017, -0.309017, 0.0, 0.0, 0.0, 0.0, 1.0 ], [ -0.5, -0.809017, 0.309017, 0.0, 0.809017, -0.309017, 0.5, 0.0, -0.309017, 0.5, 0.809017, 0.0, 0.0, 0.0, 0.0, 1.0 ], [ -0.309017, 0.5, 0.809017, 0.0, 0.5, 0.809017, -0.309017, 0.0, -0.809017, 0.309017, -0.5, 0.0, 0.0, 0.0, 0.0, 1.0 ], [ -0.809017, 0.309017, -0.5, 0.0, 0.309017, -0.5, -0.809017, 0.0, -0.5, -0.809017, 0.309017, 0.0, 0.0, 0.0, 0.0, 1.0 ], [ -0.809017, -0.309017, 0.5, 0.0, 0.309017, 0.5, 0.809017, 0.0, -0.5, 0.809017, -0.309017, 0.0, 0.0, 0.0, 0.0, 1.0 ], [ -0.5, 0.809017, -0.309017, 0.0, 0.809017, 0.309017, -0.5, 0.0, -0.309017, -0.5, -0.809017, 0.0, 0.0, 0.0, 0.0, 1.0 ], [ -0.309017, -0.5, -0.809017, 0.0, 0.5, -0.809017, 0.309017, 0.0, -0.809017, -0.309017, 0.5, 0.0, 0.0, 0.0, 0.0, 1.0 ] ],
  "lights" : {
    "backgroundColor" : "#AFC8DC",
    "ambientColor" : "#292929",
    "directionalLights" : [ {
      "direction" : {
        "x" : 1.0,
        "y" : -1.0,
        "z" : -1.0
      },
      "color" : "#EBEBE4"
    }, {
      "direction" : {
        "x" : -1.0,
        "y" : 0.0,
        "z" : 0.0
      },
      "color" : "#E4E4EB"
    }, {
      "direction" : {
        "x" : 0.0,
        "y" : 0.0,
        "z" : -1.0
      },
      "color" : "#1E1E1E"
    } ]
  },
  "camera" : {
    "stereo" : false,
    "width" : 40.86909,
    "perspective" : false,
    "viewDistance" : 90.81999,
    "nearClipDistance" : 0.22705022,
    "farClipDistance" : 181.64044,
    "lookAtPoint" : {
      "x" : 0.0,
      "y" : 0.0,
      "z" : 0.0
    },
    "fieldOfView" : 0.44262987,
    "lookDirection" : {
      "x" : 0.0,
      "y" : 0.0,
      "z" : -1.0
    },
    "upDirection" : {
      "x" : 0.0,
      "y" : 1.0,
      "z" : 0.0
    },
    "position" : {
      "x" : 0.0,
      "y" : 0.0,
      "z" : 90.81999
    }
  },
  "embedding" : [ 1.0, 0.0, 0.0, 0.0, 0.0, 1.0, 0.0, 0.0, 0.0, 0.0, 1.0, 0.0, 0.0, 0.0, 0.0, 1.0 ],
  "shapes" : [ {
    "id" : "9e21474b-1c0b-4753-8c6a-4e402f30d656",
    "vertices" : [ {
      "x" : 1.8772932,
      "y" : 5.1774163,
      "z" : -6.437951
    }, {
      "x" : 2.0395882,
      "y" : 5.2394075,
      "z" : -6.3376474
    }, {
      "x" : 2.618034,
      "y" : 4.236068,
      "z" : -6.854102
    } ],
    "faces" : [ {
      "vertices" : [ 0, 1, 2 ]
    }, {
      "vertices" : [ 0, 2, 1 ]
    } ]
  }, {
    "id" : "c2e85054-e8fc-4375-b86c-ce0f9ea1bc18",
    "vertices" : [ {
      "x" : -0.309017,
      "y" : -0.19098301,
      "z" : 0.0
    }, {
      "x" : -0.309017,
      "y" : 0.19098301,
      "z" : 0.0
    }, {
      "x" : -0.19098301,
      "y" : 0.0,
      "z" : -0.309017
    }, {
      "x" : -0.19098301,
      "y" : 0.0,
      "z" : 0.309017
    }, {
      "x" : 0.0,
      "y" : -0.309017,
      "z" : -0.19098301
    }, {
      "x" : 0.0,
      "y" : -0.309017,
      "z" : 0.19098301
    }, {
      "x" : 0.0,
      "y" : 0.309017,
      "z" : -0.19098301
    }, {
      "x" : 0.0,
      "y" : 0.309017,
      "z" : 0.19098301
    }, {
      "x" : 0.19098301,
      "y" : 0.0,
      "z" : -0.309017
    }, {
      "x" : 0.19098301,
      "y" : 0.0,
      "z" : 0.309017
    }, {
      "x" : 0.309017,
      "y" : -0.19098301,
      "z" : 0.0
    }, {
      "x" : 0.309017,
      "y" : 0.19098301,
      "z" : 0.0
    } ],
    "faces" : [ {
      "vertices" : [ 0, 1, 2 ]
    }, {
      "vertices" : [ 0, 3, 1 ]
    }, {
      "vertices" : [ 0, 2, 4 ]
    }, {
      "vertices" : [ 0, 5, 3 ]
    }, {
      "vertices" : [ 0, 4, 5 ]
    }, {
      "vertices" : [ 1, 6, 2 ]
    }, {
      "vertices" : [ 1, 3, 7 ]
    }, {
      "vertices" : [ 1, 7, 6 ]
    }, {
      "vertices" : [ 2, 8, 4 ]
    }, {
      "vertices" : [ 2, 6, 8 ]
    }, {
      "vertices" : [ 3, 5, 9 ]
    }, {
      "vertices" : [ 3, 9, 7 ]
    }, {
      "vertices" : [ 4, 10, 5 ]
    }, {
      "vertices" : [ 4, 8, 10 ]
    }, {
      "vertices" : [ 5, 10, 9 ]
    }, {
      "vertices" : [ 6, 7, 11 ]
    }, {
      "vertices" : [ 6, 11, 8 ]
    }, {
      "vertices" : [ 7, 9, 11 ]
    }, {
      "vertices" : [ 8, 11, 10 ]
    }, {
      "vertices" : [ 9, 10, 11 ]
    } ]
  }, {
    "id" : "d254b173-c694-42bd-ae66-676ce1b94376",
    "vertices" : [ {
      "x" : 2.5640454,
      "y" : -2.3973787,
      "z" : -10.822848
    }, {
      "x" : 2.4640453,
      "y" : -2.7973785,
      "z" : -10.722848
    }, {
      "x" : 0.26,
      "y" : -0.42666668,
      "z" : -0.47333333
    }, {
      "x" : 0.36,
      "y" : -0.026666667,
      "z" : -0.5733333
    }, {
      "x" : 2.7640452,
      "y" : -2.930712,
      "z" : -10.489514
    }, {
      "x" : 2.8640454,
      "y" : -2.530712,
      "z" : -10.589515
    }, {
      "x" : 0.06,
      "y" : 0.10666667,
      "z" : -0.8066667
    }, {
      "x" : -0.04,
      "y" : -0.29333332,
      "z" : -0.70666665
    } ],
    "faces" : [ {
      "vertices" : [ 2, 3, 6 ]
    }, {
      "vertices" : [ 2, 6, 7 ]
    }, {
      "vertices" : [ 0, 5, 4 ]
    }, {
      "vertices" : [ 0, 4, 1 ]
    }, {
      "vertices" : [ 2, 4, 5 ]
    }, {
      "vertices" : [ 2, 5, 3 ]
    }, {
      "vertices" : [ 0, 6, 3 ]
    }, {
      "vertices" : [ 0, 3, 5 ]
    }, {
      "vertices" : [ 0, 1, 7 ]
    }, {
      "vertices" : [ 0, 7, 6 ]
    }, {
      "vertices" : [ 1, 4, 2 ]
    }, {
      "vertices" : [ 1, 2, 7 ]
    } ]
  }, {
    "id" : "f905137f-8744-4a9a-9027-b059d103c659",
    "vertices" : [ {
      "x" : -3.293599,
      "y" : -4.350332,
      "z" : -9.9573965
    }, {
      "x" : -3.693599,
      "y" : -4.250332,
      "z" : -9.857397
    }, {
      "x" : -0.47179487,
      "y" : -0.35641026,
      "z" : -0.3974359
    }, {
      "x" : -0.071794875,
      "y" : -0.45641026,
      "z" : -0.4974359
    }, {
      "x" : -3.8269322,
      "y" : -4.550332,
      "z" : -9.6240635
    }, {
      "x" : -3.4269323,
      "y" : -4.650332,
      "z" : -9.724064
    }, {
      "x" : 0.06153846,
      "y" : -0.15641026,
      "z" : -0.7307692
    }, {
      "x" : -0.33846155,
      "y" : -0.056410257,
      "z" : -0.63076925
    } ],
    "faces" : [ {
      "vertices" : [ 2, 3, 6 ]
    }, {
      "vertices" : [ 2, 6, 7 ]
    }, {
      "vertices" : [ 0, 5, 4 ]
    }, {
      "vertices" : [ 0, 4, 1 ]
    }, {
      "vertices" : [ 2, 4, 5 ]
    }, {
      "vertices" : [ 2, 5, 3 ]
    }, {
      "vertices" : [ 0, 6, 3 ]
    }, {
      "vertices" : [ 0, 3, 5 ]
    }, {
      "vertices" : [ 0, 1, 7 ]
    }, {
      "vertices" : [ 0, 7, 6 ]
    }, {
      "vertices" : [ 1, 4, 2 ]
    }, {
      "vertices" : [ 1, 2, 7 ]
    } ]
  }, {
    "id" : "e28028d4-453f-449c-8d30-bb7483f5e3d4",
    "vertices" : [ {
      "x" : -2.1044655,
      "y" : 10.540369,
      "z" : -3.7530897
    }, {
      "x" : -2.5044653,
      "y" : 10.44037,
      "z" : -3.6530895
    }, {
      "x" : -0.4057971,
      "y" : 0.442029,
      "z" : -0.32608697
    }, {
      "x" : -0.0057971017,
      "y" : 0.54202896,
      "z" : -0.42608696
    }, {
      "x" : -2.6377988,
      "y" : 10.207036,
      "z" : -3.9530897
    }, {
      "x" : -2.2377987,
      "y" : 10.307036,
      "z" : -4.0530896
    }, {
      "x" : 0.12753624,
      "y" : 0.7753623,
      "z" : -0.12608695
    }, {
      "x" : -0.27246377,
      "y" : 0.67536235,
      "z" : -0.026086956
    } ],
    "faces" : [ {
      "vertices" : [ 2, 3, 6 ]
    }, {
      "vertices" : [ 2, 6, 7 ]
    }, {
      "vertices" : [ 0, 5, 4 ]
    }, {
      "vertices" : [ 0, 4, 1 ]
    }, {
      "vertices" : [ 2, 4, 5 ]
    }, {
      "vertices" : [ 2, 5, 3 ]
    }, {
      "vertices" : [ 0, 6, 3 ]
    }, {
      "vertices" : [ 0, 3, 5 ]
    }, {
      "vertices" : [ 0, 1, 7 ]
    }, {
      "vertices" : [ 0, 7, 6 ]
    }, {
      "vertices" : [ 1, 4, 2 ]
    }, {
      "vertices" : [ 1, 2, 7 ]
    } ]
  }, {
    "id" : "4953a59e-fa5b-497c-965f-0d7f0f2bdce6",
    "vertices" : [ {
      "x" : -0.6275656,
      "y" : 3.137828,
      "z" : -7.84457
    }, {
      "x" : -2.2847006,
      "y" : 2.618034,
      "z" : -7.72678
    }, {
      "x" : -1.1898004,
      "y" : 3.36339,
      "z" : -7.6843395
    } ],
    "faces" : [ {
      "vertices" : [ 0, 1, 2 ]
    }, {
      "vertices" : [ 0, 2, 1 ]
    } ]
  }, {
    "id" : "23db45c6-1627-4cfe-8c6c-72dbb2f3be1c",
    "vertices" : [ {
      "x" : -6.854102,
      "y" : 2.618034,
      "z" : -4.236068
    }, {
      "x" : -7.5045576,
      "y" : 2.2847006,
      "z" : -3.1998193
    }, {
      "x" : -7.217005,
      "y" : 3.137828,
      "z" : -3.137828
    } ],
    "faces" : [ {
      "vertices" : [ 0, 1, 2 ]
    }, {
      "vertices" : [ 0, 2, 1 ]
    } ]
  }, {
    "id" : "22e34c37-daf2-4465-a302-e4204d57cb21",
    "vertices" : [ {
      "x" : -3.7653937,
      "y" : 7.5307875,
      "z" : 0.94134843
    }, {
      "x" : -3.460354,
      "y" : 7.7213764,
      "z" : 0.42823356
    }, {
      "x" : -4.9027348,
      "y" : 6.854102,
      "z" : 0.872678
    } ],
    "faces" : [ {
      "vertices" : [ 0, 1, 2 ]
    }, {
      "vertices" : [ 0, 2, 1 ]
    } ]
  }, {
    "id" : "bc05271b-fce1-4ced-b365-07c1f0283f45",
    "vertices" : [ {
      "x" : 10.781153,
      "y" : 4.118034,
      "z" : -1.572949
    }, {
      "x" : 10.399187,
      "y" : 3.663119,
      "z" : -1.381966
    }, {
      "x" : 10.236068,
      "y" : 3.927051,
      "z" : -1.809017
    }, {
      "x" : 10.163119,
      "y" : 4.190983,
      "z" : -1.618034
    }, {
      "x" : 0.85410196,
      "y" : 0.309017,
      "z" : 0.19098301
    }, {
      "x" : 0.690983,
      "y" : 0.572949,
      "z" : -0.23606798
    }, {
      "x" : 0.309017,
      "y" : 0.11803399,
      "z" : -0.045084972
    }, {
      "x" : 0.76393205,
      "y" : 0.309017,
      "z" : -0.42705098
    }, {
      "x" : 0.927051,
      "y" : 0.045084972,
      "z" : 0.0
    }, {
      "x" : 10.326238,
      "y" : 3.927051,
      "z" : -1.190983
    }, {
      "x" : 11.09017,
      "y" : 4.236068,
      "z" : -1.618034
    } ],
    "faces" : [ {
      "vertices" : [ 2, 7, 5 ]
    }, {
      "vertices" : [ 2, 5, 3 ]
    }, {
      "vertices" : [ 1, 8, 7 ]
    }, {
      "vertices" : [ 1, 7, 2 ]
    }, {
      "vertices" : [ 4, 6, 8 ]
    }, {
      "vertices" : [ 5, 7, 6 ]
    }, {
      "vertices" : [ 0, 1, 2 ]
    }, {
      "vertices" : [ 0, 2, 3 ]
    }, {
      "vertices" : [ 6, 7, 8 ]
    }, {
      "vertices" : [ 3, 5, 4 ]
    }, {
      "vertices" : [ 3, 4, 9 ]
    }, {
      "vertices" : [ 1, 9, 4 ]
    }, {
      "vertices" : [ 1, 4, 8 ]
    }, {
      "vertices" : [ 0, 9, 1 ]
    }, {
      "vertices" : [ 0, 3, 9 ]
    }, {
      "vertices" : [ 4, 5, 6 ]
    } ]
  }, {
    "id" : "8dc04e7c-38a5-407e-af7a-3eee7830e0df",
    "vertices" : [ {
      "x" : 0.6275656,
      "y" : 7.84457,
      "z" : 3.137828
    }, {
      "x" : 1.2060113,
      "y" : 8.266125,
      "z" : 1.4120227
    }, {
      "x" : 0.10030385,
      "y" : 8.377235,
      "z" : 1.2605349
    } ],
    "faces" : [ {
      "vertices" : [ 0, 1, 2 ]
    }, {
      "vertices" : [ 0, 2, 1 ]
    } ]
  }, {
    "id" : "31a16cbf-150e-4568-b778-2076d3e7338e",
    "vertices" : [ {
      "x" : 4.250332,
      "y" : 3.693599,
      "z" : -9.857397
    }, {
      "x" : 4.350332,
      "y" : 3.293599,
      "z" : -9.9573965
    }, {
      "x" : 0.45641026,
      "y" : 0.071794875,
      "z" : -0.4974359
    }, {
      "x" : 0.35641026,
      "y" : 0.47179487,
      "z" : -0.3974359
    }, {
      "x" : 4.650332,
      "y" : 3.4269323,
      "z" : -9.724064
    }, {
      "x" : 4.550332,
      "y" : 3.8269322,
      "z" : -9.6240635
    }, {
      "x" : 0.056410257,
      "y" : 0.33846155,
      "z" : -0.63076925
    }, {
      "x" : 0.15641026,
      "y" : -0.06153846,
      "z" : -0.7307692
    } ],
    "faces" : [ {
      "vertices" : [ 2, 3, 6 ]
    }, {
      "vertices" : [ 2, 6, 7 ]
    }, {
      "vertices" : [ 0, 5, 4 ]
    }, {
      "vertices" : [ 0, 4, 1 ]
    }, {
      "vertices" : [ 2, 4, 5 ]
    }, {
      "vertices" : [ 2, 5, 3 ]
    }, {
      "vertices" : [ 0, 6, 3 ]
    }, {
      "vertices" : [ 0, 3, 5 ]
    }, {
      "vertices" : [ 0, 1, 7 ]
    }, {
      "vertices" : [ 0, 7, 6 ]
    }, {
      "vertices" : [ 1, 4, 2 ]
    }, {
      "vertices" : [ 1, 2, 7 ]
    } ]
  }, {
    "id" : "77ecf28b-1a91-48a0-acd7-b57d151bfcc6",
    "vertices" : [ {
      "x" : -10.44037,
      "y" : 2.5044653,
      "z" : -3.6530895
    }, {
      "x" : -10.540369,
      "y" : 2.1044655,
      "z" : -3.7530897
    }, {
      "x" : -0.54202896,
      "y" : 0.0057971017,
      "z" : -0.42608696
    }, {
      "x" : -0.442029,
      "y" : 0.4057971,
      "z" : -0.32608697
    }, {
      "x" : -10.307036,
      "y" : 2.2377987,
      "z" : -4.0530896
    }, {
      "x" : -10.207036,
      "y" : 2.6377988,
      "z" : -3.9530897
    }, {
      "x" : -0.67536235,
      "y" : 0.27246377,
      "z" : -0.026086956
    }, {
      "x" : -0.7753623,
      "y" : -0.12753624,
      "z" : -0.12608695
    } ],
    "faces" : [ {
      "vertices" : [ 2, 3, 6 ]
    }, {
      "vertices" : [ 2, 6, 7 ]
    }, {
      "vertices" : [ 0, 5, 4 ]
    }, {
      "vertices" : [ 0, 4, 1 ]
    }, {
      "vertices" : [ 2, 4, 5 ]
    }, {
      "vertices" : [ 2, 5, 3 ]
    }, {
      "vertices" : [ 0, 6, 3 ]
    }, {
      "vertices" : [ 0, 3, 5 ]
    }, {
      "vertices" : [ 0, 1, 7 ]
    }, {
      "vertices" : [ 0, 7, 6 ]
    }, {
      "vertices" : [ 1, 4, 2 ]
    }, {
      "vertices" : [ 1, 2, 7 ]
    } ]
  }, {
    "id" : "f170f2d0-5796-4192-8a5b-f06285b8156c",
    "vertices" : [ {
      "x" : -4.236068,
      "y" : 6.854102,
      "z" : -2.618034
    }, {
      "x" : -3.137828,
      "y" : 7.217005,
      "z" : -3.137828
    }, {
      "x" : -3.1998193,
      "y" : 7.1167006,
      "z" : -3.3001232
    } ],
    "faces" : [ {
      "vertices" : [ 0, 1, 2 ]
    }, {
      "vertices" : [ 0, 2, 1 ]
    } ]
  }, {
    "id" : "477a8106-8647-4f8c-92ae-0b762c00783a",
    "vertices" : [ {
      "x" : 6.5207686,
      "y" : 5.3996387,
      "z" : 0.31712243
    }, {
      "x" : 6.266913,
      "y" : 5.6905313,
      "z" : 0.34748024
    }, {
      "x" : 6.65477,
      "y" : 5.062966,
      "z" : 1.3629028
    }, {
      "x" : 6.7854314,
      "y" : 4.971405,
      "z" : 1.0100188
    } ],
    "faces" : [ {
      "vertices" : [ 0, 1, 2 ]
    }, {
      "vertices" : [ 0, 2, 3 ]
    }, {
      "vertices" : [ 0, 3, 2 ]
    }, {
      "vertices" : [ 0, 2, 1 ]
    } ]
  }, {
    "id" : "eecb0861-c4b7-4832-adf8-dbb7d639a50c",
    "vertices" : [ {
      "x" : -6.65477,
      "y" : 5.062966,
      "z" : -1.3629028
    }, {
      "x" : -6.266913,
      "y" : 5.6905313,
      "z" : -0.34748024
    }, {
      "x" : -5.1774163,
      "y" : 6.437951,
      "z" : -1.8772932
    }, {
      "x" : -5.2394075,
      "y" : 6.3376474,
      "z" : -2.0395882
    } ],
    "faces" : [ {
      "vertices" : [ 0, 1, 2 ]
    }, {
      "vertices" : [ 0, 2, 3 ]
    }, {
      "vertices" : [ 0, 3, 2 ]
    }, {
      "vertices" : [ 0, 2, 1 ]
    } ]
  }, {
    "id" : "6eade7d6-834c-4970-88c7-4a5003e45165",
    "vertices" : [ {
      "x" : 8.266125,
      "y" : 1.4120227,
      "z" : 1.2060113
    }, {
      "x" : 7.84457,
      "y" : 3.137828,
      "z" : 0.6275656
    }, {
      "x" : 7.6298156,
      "y" : 3.4853084,
      "z" : 1.1898004
    }, {
      "x" : 7.72678,
      "y" : 2.2847006,
      "z" : 2.618034
    } ],
    "faces" : [ {
      "vertices" : [ 0, 1, 2 ]
    }, {
      "vertices" : [ 0, 2, 3 ]
    }, {
      "vertices" : [ 0, 3, 2 ]
    }, {
      "vertices" : [ 0, 2, 1 ]
    } ]
  }, {
    "id" : "d96fe783-887e-4df0-a101-20daf5ac0bb8",
    "vertices" : [ {
      "x" : -6.65477,
      "y" : 5.062966,
      "z" : -1.3629028
    }, {
      "x" : -5.648091,
      "y" : 5.648091,
      "z" : -2.8240454
    }, {
      "x" : -6.5207686,
      "y" : 4.236068,
      "z" : -3.36339
    }, {
      "x" : -7.00225,
      "y" : 4.500731,
      "z" : -1.5776573
    } ],
    "faces" : [ {
      "vertices" : [ 0, 1, 2 ]
    }, {
      "vertices" : [ 0, 2, 3 ]
    }, {
      "vertices" : [ 0, 3, 2 ]
    }, {
      "vertices" : [ 0, 2, 1 ]
    } ]
  }, {
    "id" : "c5a2e18e-c00e-4f79-ab4a-65a462b5f31f",
    "vertices" : [ {
      "x" : -6.872957,
      "y" : 6.6062903,
      "z" : 6.0518465
    }, {
      "x" : -6.972957,
      "y" : 6.7062902,
      "z" : 5.651847
    }, {
      "x" : -0.3440476,
      "y" : 0.61071426,
      "z" : 0.22380953
    }, {
      "x" : -0.24404761,
      "y" : 0.5107143,
      "z" : 0.6238095
    }, {
      "x" : -6.7396235,
      "y" : 7.0062904,
      "z" : 5.78518
    }, {
      "x" : -6.6396236,
      "y" : 6.9062905,
      "z" : 6.18518
    }, {
      "x" : -0.47738096,
      "y" : 0.21071428,
      "z" : 0.4904762
    }, {
      "x" : -0.57738096,
      "y" : 0.31071427,
      "z" : 0.09047619
    } ],
    "faces" : [ {
      "vertices" : [ 2, 3, 6 ]
    }, {
      "vertices" : [ 2, 6, 7 ]
    }, {
      "vertices" : [ 0, 5, 4 ]
    }, {
      "vertices" : [ 0, 4, 1 ]
    }, {
      "vertices" : [ 2, 4, 5 ]
    }, {
      "vertices" : [ 2, 5, 3 ]
    }, {
      "vertices" : [ 0, 6, 3 ]
    }, {
      "vertices" : [ 0, 3, 5 ]
    }, {
      "vertices" : [ 0, 1, 7 ]
    }, {
      "vertices" : [ 0, 7, 6 ]
    }, {
      "vertices" : [ 1, 4, 2 ]
    }, {
      "vertices" : [ 1, 2, 7 ]
    } ]
  }, {
    "id" : "ddea39cc-51bb-4bdf-aed1-32cbc56405d9",
    "vertices" : [ {
      "x" : -5.648091,
      "y" : 2.8240454,
      "z" : 5.648091
    }, {
      "x" : -6.3376474,
      "y" : 2.0395882,
      "z" : 5.2394075
    }, {
      "x" : -5.062966,
      "y" : 1.3629028,
      "z" : 6.65477
    } ],
    "faces" : [ {
      "vertices" : [ 0, 1, 2 ]
    }, {
      "vertices" : [ 0, 2, 1 ]
    } ]
  }, {
    "id" : "f2f87ef4-8a76-4cff-be75-f9ce55792503",
    "vertices" : [ {
      "x" : 0.94134843,
      "y" : -3.7653937,
      "z" : -7.5307875
    }, {
      "x" : 1.4120227,
      "y" : -4.611842,
      "z" : -6.9652133
    }, {
      "x" : 0.872678,
      "y" : -4.9027348,
      "z" : -6.854102
    } ],
    "faces" : [ {
      "vertices" : [ 0, 1, 2 ]
    }, {
      "vertices" : [ 0, 2, 1 ]
    } ]
  }, {
    "id" : "a04edf1b-8513-4287-9ec4-700b83e6ad2f",
    "vertices" : [ {
      "x" : 0.872678,
      "y" : 4.9027348,
      "z" : -6.854102
    }, {
      "x" : 1.4120227,
      "y" : 4.611842,
      "z" : -6.9652133
    }, {
      "x" : 0.94134843,
      "y" : 3.7653937,
      "z" : -7.5307875
    } ],
    "faces" : [ {
      "vertices" : [ 0, 1, 2 ]
    }, {
      "vertices" : [ 0, 2, 1 ]
    } ]
  }, {
    "id" : "dce2b9b3-c65a-471c-9293-dcc6eb4b044f",
    "vertices" : [ {
      "x" : 6.0161057,
      "y" : -6.349439,
      "z" : 7.1707873
    }, {
      "x" : 6.1161056,
      "y" : -5.949439,
      "z" : 7.2707877
    }, {
      "x" : 0.5733333,
      "y" : -0.24,
      "z" : 0.36
    }, {
      "x" : 0.47333333,
      "y" : -0.64,
      "z" : 0.26
    }, {
      "x" : 6.4161057,
      "y" : -6.0827723,
      "z" : 7.037454
    }, {
      "x" : 6.316106,
      "y" : -6.4827724,
      "z" : 6.937454
    }, {
      "x" : 0.17333333,
      "y" : -0.50666666,
      "z" : 0.49333334
    }, {
      "x" : 0.27333334,
      "y" : -0.10666667,
      "z" : 0.5933333
    } ],
    "faces" : [ {
      "vertices" : [ 2, 3, 6 ]
    }, {
      "vertices" : [ 2, 6, 7 ]
    }, {
      "vertices" : [ 0, 5, 4 ]
    }, {
      "vertices" : [ 0, 4, 1 ]
    }, {
      "vertices" : [ 2, 4, 5 ]
    }, {
      "vertices" : [ 2, 5, 3 ]
    }, {
      "vertices" : [ 0, 6, 3 ]
    }, {
      "vertices" : [ 0, 3, 5 ]
    }, {
      "vertices" : [ 0, 1, 7 ]
    }, {
      "vertices" : [ 0, 7, 6 ]
    }, {
      "vertices" : [ 1, 4, 2 ]
    }, {
      "vertices" : [ 1, 2, 7 ]
    } ]
  }, {
    "id" : "f287bb11-2c51-464a-89da-f6e9bfb0671b",
    "vertices" : [ {
      "x" : 8.266125,
      "y" : -0.248452,
      "z" : 1.8402562
    }, {
      "x" : 8.377235,
      "y" : -0.872678,
      "z" : 0.91511863
    }, {
      "x" : 8.377235,
      "y" : 0.872678,
      "z" : 0.91511863
    }, {
      "x" : 8.266125,
      "y" : 0.248452,
      "z" : 1.8402562
    } ],
    "faces" : [ {
      "vertices" : [ 0, 1, 2 ]
    }, {
      "vertices" : [ 0, 2, 3 ]
    }, {
      "vertices" : [ 0, 3, 2 ]
    }, {
      "vertices" : [ 0, 2, 1 ]
    } ]
  }, {
    "id" : "10c3fa08-f550-4bce-ac86-e94f592a14de",
    "vertices" : [ {
      "x" : 7.102554,
      "y" : 4.45829,
      "z" : -1.2060113
    }, {
      "x" : 6.7854314,
      "y" : 4.971405,
      "z" : -1.0100188
    }, {
      "x" : 6.5207686,
      "y" : 5.3996387,
      "z" : -0.31712243
    }, {
      "x" : 6.5207686,
      "y" : 5.3996387,
      "z" : 0.31712243
    }, {
      "x" : 6.7854314,
      "y" : 4.971405,
      "z" : 1.0100188
    }, {
      "x" : 7.102554,
      "y" : 4.45829,
      "z" : 1.2060113
    }, {
      "x" : 7.5307875,
      "y" : 3.7653937,
      "z" : 0.94134843
    }, {
      "x" : 7.72678,
      "y" : 3.4482713,
      "z" : 0.42823356
    }, {
      "x" : 7.72678,
      "y" : 3.4482713,
      "z" : -0.42823356
    }, {
      "x" : 7.5307875,
      "y" : 3.7653937,
      "z" : -0.94134843
    } ],
    "faces" : [ {
      "vertices" : [ 0, 1, 2 ]
    }, {
      "vertices" : [ 0, 2, 3 ]
    }, {
      "vertices" : [ 0, 3, 4 ]
    }, {
      "vertices" : [ 0, 4, 5 ]
    }, {
      "vertices" : [ 0, 5, 6 ]
    }, {
      "vertices" : [ 0, 6, 7 ]
    }, {
      "vertices" : [ 0, 7, 8 ]
    }, {
      "vertices" : [ 0, 8, 9 ]
    }, {
      "vertices" : [ 0, 9, 8 ]
    }, {
      "vertices" : [ 0, 8, 7 ]
    }, {
      "vertices" : [ 0, 7, 6 ]
    }, {
      "vertices" : [ 0, 6, 5 ]
    }, {
      "vertices" : [ 0, 5, 4 ]
    }, {
      "vertices" : [ 0, 4, 3 ]
    }, {
      "vertices" : [ 0, 3, 2 ]
    }, {
      "vertices" : [ 0, 2, 1 ]
    } ]
  }, {
    "id" : "35b643bd-82a8-4f5b-bea3-f7fa8ca24739",
    "vertices" : [ {
      "x" : -2.8927157,
      "y" : -5.1774163,
      "z" : -6.0500946
    }, {
      "x" : -2.618034,
      "y" : -4.236068,
      "z" : -6.854102
    }, {
      "x" : -2.0395882,
      "y" : -5.2394075,
      "z" : -6.3376474
    } ],
    "faces" : [ {
      "vertices" : [ 0, 1, 2 ]
    }, {
      "vertices" : [ 0, 2, 1 ]
    } ]
  }, {
    "id" : "3c432990-5279-47ff-b89a-c4e55a67d3ff",
    "vertices" : [ {
      "x" : -1.3629028,
      "y" : 6.65477,
      "z" : -5.062966
    }, {
      "x" : -2.0395882,
      "y" : 5.2394075,
      "z" : -6.3376474
    }, {
      "x" : -2.8240454,
      "y" : 5.648091,
      "z" : -5.648091
    } ],
    "faces" : [ {
      "vertices" : [ 0, 1, 2 ]
    }, {
      "vertices" : [ 0, 2, 1 ]
    } ]
  }, {
    "id" : "90045fe7-a06f-47ac-ae0d-920221c7945f",
    "vertices" : [ {
      "x" : -1.8772932,
      "y" : -5.1774163,
      "z" : -6.437951
    }, {
      "x" : -2.618034,
      "y" : -4.236068,
      "z" : -6.854102
    }, {
      "x" : -1.4120227,
      "y" : -4.611842,
      "z" : -6.9652133
    } ],
    "faces" : [ {
      "vertices" : [ 0, 1, 2 ]
    }, {
      "vertices" : [ 0, 2, 1 ]
    } ]
  }, {
    "id" : "aec97002-de9c-4c13-8701-48794058e089",
    "vertices" : [ {
      "x" : 7.1167006,
      "y" : 3.3001232,
      "z" : 3.1998193
    }, {
      "x" : 6.589439,
      "y" : 3.7653937,
      "z" : 3.7653937
    }, {
      "x" : 6.854102,
      "y" : 2.618034,
      "z" : 4.236068
    } ],
    "faces" : [ {
      "vertices" : [ 0, 1, 2 ]
    }, {
      "vertices" : [ 0, 2, 1 ]
    } ]
  }, {
    "id" : "8f0800ea-d83c-4c3e-b64d-c2ae942614e1",
    "vertices" : [ {
      "x" : -4.236068,
      "y" : 6.854102,
      "z" : 2.618034
    }, {
      "x" : -5.2394075,
      "y" : 6.3376474,
      "z" : 2.0395882
    }, {
      "x" : -5.1774163,
      "y" : 6.0500946,
      "z" : 2.8927157
    } ],
    "faces" : [ {
      "vertices" : [ 0, 1, 2 ]
    }, {
      "vertices" : [ 0, 2, 1 ]
    } ]
  }, {
    "id" : "3988ceeb-7340-4da8-a337-508ad09b2ff3",
    "vertices" : [ {
      "x" : 0.19933207,
      "y" : -2.4449317,
      "z" : 8.109233
    }, {
      "x" : 0.6275656,
      "y" : -3.137828,
      "z" : 7.84457
    }, {
      "x" : 2.2847006,
      "y" : -2.618034,
      "z" : 7.72678
    }, {
      "x" : 1.4120227,
      "y" : -1.2060113,
      "z" : 8.266125
    } ],
    "faces" : [ {
      "vertices" : [ 0, 1, 2 ]
    }, {
      "vertices" : [ 0, 2, 3 ]
    }, {
      "vertices" : [ 0, 3, 2 ]
    }, {
      "vertices" : [ 0, 2, 1 ]
    } ]
  }, {
    "id" : "35eb81ab-db0c-4956-806b-83ca6ea40ce3",
    "vertices" : [ {
      "x" : 6.7854314,
      "y" : 4.971405,
      "z" : -1.0100188
    }, {
      "x" : 6.65477,
      "y" : 5.062966,
      "z" : -1.3629028
    }, {
      "x" : 6.266913,
      "y" : 5.6905313,
      "z" : -0.34748024
    }, {
      "x" : 6.5207686,
      "y" : 5.3996387,
      "z" : -0.31712243
    } ],
    "faces" : [ {
      "vertices" : [ 0, 1, 2 ]
    }, {
      "vertices" : [ 0, 2, 3 ]
    }, {
      "vertices" : [ 0, 3, 2 ]
    }, {
      "vertices" : [ 0, 2, 1 ]
    } ]
  }, {
    "id" : "a8e55ad7-3acf-441c-8ae3-46be26706232",
    "vertices" : [ {
      "x" : -0.248452,
      "y" : -1.8402562,
      "z" : 8.266125
    }, {
      "x" : -1.4120227,
      "y" : -1.2060113,
      "z" : 8.266125
    }, {
      "x" : -0.19933207,
      "y" : -2.4449317,
      "z" : 8.109233
    } ],
    "faces" : [ {
      "vertices" : [ 0, 1, 2 ]
    }, {
      "vertices" : [ 0, 2, 1 ]
    } ]
  }, {
    "id" : "05ae42ab-33f6-41f0-a630-909fa03c49d8",
    "vertices" : [ {
      "x" : 4.971405,
      "y" : 5.2764444,
      "z" : -4.3842163
    }, {
      "x" : 4.9027348,
      "y" : 5.6905313,
      "z" : -3.9189456
    }, {
      "x" : 5.648091,
      "y" : 5.648091,
      "z" : -2.8240454
    } ],
    "faces" : [ {
      "vertices" : [ 0, 1, 2 ]
    }, {
      "vertices" : [ 0, 2, 1 ]
    } ]
  }, {
    "id" : "25f16338-4448-4968-ac51-4ab4c031de59",
    "vertices" : [ {
      "x" : 3.137828,
      "y" : -0.6275656,
      "z" : -7.84457
    }, {
      "x" : 1.2605349,
      "y" : -0.10030385,
      "z" : -8.377235
    }, {
      "x" : 1.2605349,
      "y" : 0.10030385,
      "z" : -8.377235
    }, {
      "x" : 3.137828,
      "y" : 0.6275656,
      "z" : -7.84457
    } ],
    "faces" : [ {
      "vertices" : [ 0, 1, 2 ]
    }, {
      "vertices" : [ 0, 2, 3 ]
    }, {
      "vertices" : [ 0, 3, 2 ]
    }, {
      "vertices" : [ 0, 2, 1 ]
    } ]
  }, {
    "id" : "826a46cf-3eb6-46e4-b4e8-938d35a567aa",
    "vertices" : [ {
      "x" : -3.137828,
      "y" : 7.84457,
      "z" : 0.6275656
    }, {
      "x" : -3.36339,
      "y" : 7.6843395,
      "z" : 1.1898004
    }, {
      "x" : -2.618034,
      "y" : 7.72678,
      "z" : 2.2847006
    } ],
    "faces" : [ {
      "vertices" : [ 0, 1, 2 ]
    }, {
      "vertices" : [ 0, 2, 1 ]
    } ]
  }, {
    "id" : "ac358dd6-72a6-4e77-975c-1b322d64e415",
    "vertices" : [ {
      "x" : 7.7213764,
      "y" : -0.42823356,
      "z" : 3.460354
    }, {
      "x" : 7.5307875,
      "y" : -0.94134843,
      "z" : 3.7653937
    }, {
      "x" : 7.6843395,
      "y" : -1.1898004,
      "z" : 3.36339
    }, {
      "x" : 7.84457,
      "y" : -0.6275656,
      "z" : 3.137828
    } ],
    "faces" : [ {
      "vertices" : [ 0, 1, 2 ]
    }, {
      "vertices" : [ 0, 2, 3 ]
    }, {
      "vertices" : [ 0, 3, 2 ]
    }, {
      "vertices" : [ 0, 2, 1 ]
    } ]
  }, {
    "id" : "395923b6-31b5-423e-8d7e-af53c2bf9145",
    "vertices" : [ {
      "x" : -7.1167006,
      "y" : 3.3001232,
      "z" : 3.1998193
    }, {
      "x" : -7.217005,
      "y" : 3.137828,
      "z" : 3.137828
    }, {
      "x" : -6.854102,
      "y" : 2.618034,
      "z" : 4.236068
    } ],
    "faces" : [ {
      "vertices" : [ 0, 1, 2 ]
    }, {
      "vertices" : [ 0, 2, 1 ]
    } ]
  }, {
    "id" : "033de1a8-04e1-4398-84ca-72b5cf268ee6",
    "vertices" : [ {
      "x" : -1.2605349,
      "y" : 0.10030385,
      "z" : 8.377235
    }, {
      "x" : -1.4120227,
      "y" : 1.2060113,
      "z" : 8.266125
    }, {
      "x" : -3.137828,
      "y" : 0.6275656,
      "z" : 7.84457
    } ],
    "faces" : [ {
      "vertices" : [ 0, 1, 2 ]
    }, {
      "vertices" : [ 0, 2, 1 ]
    } ]
  }, {
    "id" : "035d9e49-7c04-47ba-8ba4-030906fe29fe",
    "vertices" : [ {
      "x" : 7.7213764,
      "y" : -0.42823356,
      "z" : -3.460354
    }, {
      "x" : 6.854102,
      "y" : -0.872678,
      "z" : -4.9027348
    }, {
      "x" : 6.854102,
      "y" : 0.872678,
      "z" : -4.9027348
    }, {
      "x" : 7.7213764,
      "y" : 0.42823356,
      "z" : -3.460354
    } ],
    "faces" : [ {
      "vertices" : [ 0, 1, 2 ]
    }, {
      "vertices" : [ 0, 2, 3 ]
    }, {
      "vertices" : [ 0, 3, 2 ]
    }, {
      "vertices" : [ 0, 2, 1 ]
    } ]
  }, {
    "id" : "e71e15ba-c548-4e70-8d64-83ab0b3e1317",
    "vertices" : [ {
      "x" : 2.618034,
      "y" : -7.72678,
      "z" : -2.2847006
    }, {
      "x" : 3.1998193,
      "y" : -7.5045576,
      "z" : -2.2847006
    }, {
      "x" : 3.36339,
      "y" : -7.6843395,
      "z" : -1.1898004
    } ],
    "faces" : [ {
      "vertices" : [ 0, 1, 2 ]
    }, {
      "vertices" : [ 0, 2, 1 ]
    } ]
  }, {
    "id" : "62a4e7ec-9eeb-48e8-a772-5c3e3083c64d",
    "vertices" : [ {
      "x" : -8.109233,
      "y" : 0.19933207,
      "z" : -2.4449317
    }, {
      "x" : -8.266125,
      "y" : 1.4120227,
      "z" : -1.2060113
    }, {
      "x" : -7.72678,
      "y" : 2.2847006,
      "z" : -2.618034
    }, {
      "x" : -7.84457,
      "y" : 0.6275656,
      "z" : -3.137828
    } ],
    "faces" : [ {
      "vertices" : [ 0, 1, 2 ]
    }, {
      "vertices" : [ 0, 2, 3 ]
    }, {
      "vertices" : [ 0, 3, 2 ]
    }, {
      "vertices" : [ 0, 2, 1 ]
    } ]
  }, {
    "id" : "8dcab748-1610-4381-a38a-707f27a4b357",
    "vertices" : [ {
      "x" : 6.437951,
      "y" : 1.8772932,
      "z" : -5.1774163
    }, {
      "x" : 6.9652133,
      "y" : 1.4120227,
      "z" : -4.611842
    }, {
      "x" : 6.854102,
      "y" : 0.872678,
      "z" : -4.9027348
    } ],
    "faces" : [ {
      "vertices" : [ 0, 1, 2 ]
    }, {
      "vertices" : [ 0, 2, 1 ]
    } ]
  }, {
    "id" : "3ca5397c-23b3-41b7-be5b-2bd56cf46c41",
    "vertices" : [ {
      "x" : 8.109233,
      "y" : -0.19933207,
      "z" : 2.4449317
    }, {
      "x" : 7.84457,
      "y" : -0.6275656,
      "z" : 3.137828
    }, {
      "x" : 7.72678,
      "y" : -2.2847006,
      "z" : 2.618034
    }, {
      "x" : 8.266125,
      "y" : -1.4120227,
      "z" : 1.2060113
    } ],
    "faces" : [ {
      "vertices" : [ 0, 1, 2 ]
    }, {
      "vertices" : [ 0, 2, 3 ]
    }, {
      "vertices" : [ 0, 3, 2 ]
    }, {
      "vertices" : [ 0, 2, 1 ]
    } ]
  }, {
    "id" : "199db3a3-aa6a-44c5-af2b-7bd6c917886e",
    "vertices" : [ {
      "x" : 4.3842163,
      "y" : 4.971405,
      "z" : -5.2764444
    }, {
      "x" : 4.583548,
      "y" : 4.648879,
      "z" : -5.3996387
    }, {
      "x" : 4.1673975,
      "y" : 4.500731,
      "z" : -5.8440833
    }, {
      "x" : 3.9189456,
      "y" : 4.9027348,
      "z" : -5.6905313
    } ],
    "faces" : [ {
      "vertices" : [ 0, 1, 2 ]
    }, {
      "vertices" : [ 0, 2, 3 ]
    }, {
      "vertices" : [ 0, 3, 2 ]
    }, {
      "vertices" : [ 0, 2, 1 ]
    } ]
  }, {
    "id" : "acf51364-8135-43f2-9cb7-887c66992213",
    "vertices" : [ {
      "x" : -6.3376474,
      "y" : -2.0395882,
      "z" : 5.2394075
    }, {
      "x" : -6.0500946,
      "y" : -2.8927157,
      "z" : 5.1774163
    }, {
      "x" : -5.648091,
      "y" : -2.8240454,
      "z" : 5.648091
    } ],
    "faces" : [ {
      "vertices" : [ 0, 1, 2 ]
    }, {
      "vertices" : [ 0, 2, 1 ]
    } ]
  }, {
    "id" : "9afffcd6-4849-4fe2-bdb2-f6aa7d5d7ced",
    "vertices" : [ {
      "x" : -5.3996387,
      "y" : -4.583548,
      "z" : 4.648879
    }, {
      "x" : -5.8440833,
      "y" : -4.1673975,
      "z" : 4.500731
    }, {
      "x" : -6.5207686,
      "y" : -4.236068,
      "z" : 3.36339
    } ],
    "faces" : [ {
      "vertices" : [ 0, 1, 2 ]
    }, {
      "vertices" : [ 0, 2, 1 ]
    } ]
  }, {
    "id" : "7d67870b-792d-4f93-b4c5-8586d037ed4d",
    "vertices" : [ {
      "x" : -2.618034,
      "y" : 7.72678,
      "z" : 2.2847006
    }, {
      "x" : -1.1898004,
      "y" : 7.6298156,
      "z" : 3.4853084
    }, {
      "x" : -0.6275656,
      "y" : 7.84457,
      "z" : 3.137828
    }, {
      "x" : -1.2060113,
      "y" : 8.266125,
      "z" : 1.4120227
    } ],
    "faces" : [ {
      "vertices" : [ 0, 1, 2 ]
    }, {
      "vertices" : [ 0, 2, 3 ]
    }, {
      "vertices" : [ 0, 3, 2 ]
    }, {
      "vertices" : [ 0, 2, 1 ]
    } ]
  }, {
    "id" : "aeeaf12e-c83d-4191-89da-4149f00ed77c",
    "vertices" : [ {
      "x" : 7.7213764,
      "y" : -0.42823356,
      "z" : -3.460354
    }, {
      "x" : 7.84457,
      "y" : -0.6275656,
      "z" : -3.137828
    }, {
      "x" : 7.6843395,
      "y" : -1.1898004,
      "z" : -3.36339
    }, {
      "x" : 7.5307875,
      "y" : -0.94134843,
      "z" : -3.7653937
    } ],
    "faces" : [ {
      "vertices" : [ 0, 1, 2 ]
    }, {
      "vertices" : [ 0, 2, 3 ]
    }, {
      "vertices" : [ 0, 3, 2 ]
    }, {
      "vertices" : [ 0, 2, 1 ]
    } ]
  }, {
    "id" : "a043255e-5fc7-408a-af06-0a61d24f4619",
    "vertices" : [ {
      "x" : 6.266913,
      "y" : 5.6905313,
      "z" : -0.34748024
    }, {
      "x" : 6.266913,
      "y" : 5.6905313,
      "z" : 0.34748024
    }, {
      "x" : 6.5207686,
      "y" : 5.3996387,
      "z" : 0.31712243
    }, {
      "x" : 6.5207686,
      "y" : 5.3996387,
      "z" : -0.31712243
    } ],
    "faces" : [ {
      "vertices" : [ 0, 1, 2 ]
    }, {
      "vertices" : [ 0, 2, 3 ]
    }, {
      "vertices" : [ 0, 3, 2 ]
    }, {
      "vertices" : [ 0, 2, 1 ]
    } ]
  }, {
    "id" : "42e5cd33-3cfb-4913-92f5-6a54b393eefb",
    "vertices" : [ {
      "x" : -1.2605349,
      "y" : 0.10030385,
      "z" : 8.377235
    }, {
      "x" : -1.2605349,
      "y" : -0.10030385,
      "z" : 8.377235
    }, {
      "x" : 0.0,
      "y" : 0.0,
      "z" : 8.472136
    } ],
    "faces" : [ {
      "vertices" : [ 0, 1, 2 ]
    }, {
      "vertices" : [ 0, 2, 1 ]
    } ]
