{
  "field" : "golden",
  "symmetry" : "icosahedral",
  "orientations" : [ [ 1.0, 0.0, 0.0, 0.0, 0.0, 1.0, 0.0, 0.0, 0.0, 0.0, 1.0, 0.0, 0.0, 0.0, 0.0, 1.0 ], [ 0.0, 0.0, 1.0, 0.0, 1.0, 0.0, 0.0, 0.0, 0.0, 1.0, 0.0, 0.0, 0.0, 0.0, 0.0, 1.0 ], [ 0.0, 1.0, 0.0, 0.0, 0.0, 0.0, 1.0, 0.0, 1.0, 0.0, 0.0, 0.0, 0.0, 0.0, 0.0, 1.0 ], [ 0.809017, 0.309017, 0.5, 0.0, 0.309017, 0.5, -0.809017, 0.0, -0.5, 0.809017, 0.309017, 0.0, 0.0, 0.0, 0.0, 1.0 ], [ -0.5, 0.809017, 0.309017, 0.0, 0.809017, 0.309017, 0.5, 0.0, 0.309017, 0.5, -0.809017, 0.0, 0.0, 0.0, 0.0, 1.0 ], [ 0.309017, 0.5, -0.809017, 0.0, -0.5, 0.809017, 0.309017, 0.0, 0.809017, 0.309017, 0.5, 0.0, 0.0, 0.0, 0.0, 1.0 ], [ 0.5, 0.809017, 0.309017, 0.0, 0.809017, -0.309017, -0.5, 0.0, -0.309017, 0.5, -0.809017, 0.0, 0.0, 0.0, 0.0, 1.0 ], [ -0.309017, 0.5, -0.809017, 0.0, 0.5, 0.809017, 0.309017, 0.0, 0.809017, -0.309017, -0.5, 0.0, 0.0, 0.0, 0.0, 1.0 ], [ 0.809017, -0.309017, -0.5, 0.0, -0.309017, 0.5, -0.809017, 0.0, 0.5, 0.809017, 0.309017, 0.0, 0.0, 0.0, 0.0, 1.0 ], [ 0.5, 0.809017, -0.309017, 0.0, 0.809017, -0.309017, 0.5, 0.0, 0.309017, -0.5, -0.809017, 0.0, 0.0, 0.0, 0.0, 1.0 ], [ 0.309017, -0.5, -0.809017, 0.0, 0.5, 0.809017, -0.309017, 0.0, 0.809017, -0.309017, 0.5, 0.0, 0.0, 0.0, 0.0, 1.0 ], [ 0.809017, -0.309017, 0.5, 0.0, 0.309017, -0.5, -0.809017, 0.0, 0.5, 0.809017, -0.309017, 0.0, 0.0, 0.0, 0.0, 1.0 ], [ 0.809017, 0.309017, -0.5, 0.0, 0.309017, 0.5, 0.809017, 0.0, 0.5, -0.809017, 0.309017, 0.0, 0.0, 0.0, 0.0, 1.0 ], [ 0.5, -0.809017, 0.309017, 0.0, 0.809017, 0.309017, -0.5, 0.0, 0.309017, 0.5, 0.809017, 0.0, 0.0, 0.0, 0.0, 1.0 ], [ 0.309017, 0.5, 0.809017, 0.0, 0.5, -0.809017, 0.309017, 0.0, 0.809017, 0.309017, -0.5, 0.0, 0.0, 0.0, 0.0, 1.0 ], [ 1.0, 0.0, 0.0, 0.0, 0.0, -1.0, 0.0, 0.0, 0.0, 0.0, -1.0, 0.0, 0.0, 0.0, 0.0, 1.0 ], [ 0.0, 0.0, 1.0, 0.0, -1.0, 0.0, 0.0, 0.0, 0.0, -1.0, 0.0, 0.0, 0.0, 0.0, 0.0, 1.0 ], [ 0.0, 1.0, 0.0, 0.0, 0.0, 0.0, -1.0, 0.0, -1.0, 0.0, 0.0, 0.0, 0.0, 0.0, 0.0, 1.0 ], [ 0.809017, 0.309017, 0.5, 0.0, -0.309017, -0.5, 0.809017, 0.0, 0.5, -0.809017, -0.309017, 0.0, 0.0, 0.0, 0.0, 1.0 ], [ -0.5, 0.809017, 0.309017, 0.0, -0.809017, -0.309017, -0.5, 0.0, -0.309017, -0.5, 0.809017, 0.0, 0.0, 0.0, 0.0, 1.0 ], [ 0.309017, 0.5, -0.809017, 0.0, 0.5, -0.809017, -0.309017, 0.0, -0.809017, -0.309017, -0.5, 0.0, 0.0, 0.0, 0.0, 1.0 ], [ 0.5, 0.809017, 0.309017, 0.0, -0.809017, 0.309017, 0.5, 0.0, 0.309017, -0.5, 0.809017, 0.0, 0.0, 0.0, 0.0, 1.0 ], [ -0.309017, 0.5, -0.809017, 0.0, -0.5, -0.809017, -0.309017, 0.0, -0.809017, 0.309017, 0.5, 0.0, 0.0, 0.0, 0.0, 1.0 ], [ 0.809017, -0.309017, -0.5, 0.0, 0.309017, -0.5, 0.809017, 0.0, -0.5, -0.809017, -0.309017, 0.0, 0.0, 0.0, 0.0, 1.0 ], [ 0.5, 0.809017, -0.309017, 0.0, -0.809017, 0.309017, -0.5, 0.0, -0.309017, 0.5, 0.809017, 0.0, 0.0, 0.0, 0.0, 1.0 ], [ 0.309017, -0.5, -0.809017, 0.0, -0.5, -0.809017, 0.309017, 0.0, -0.809017, 0.309017, -0.5, 0.0, 0.0, 0.0, 0.0, 1.0 ], [ 0.809017, -0.309017, 0.5, 0.0, -0.309017, 0.5, 0.809017, 0.0, -0.5, -0.809017, 0.309017, 0.0, 0.0, 0.0, 0.0, 1.0 ], [ 0.809017, 0.309017, -0.5, 0.0, -0.309017, -0.5, -0.809017, 0.0, -0.5, 0.809017, -0.309017, 0.0, 0.0, 0.0, 0.0, 1.0 ], [ 0.5, -0.809017, 0.309017, 0.0, -0.809017, -0.309017, 0.5, 0.0, -0.309017, -0.5, -0.809017, 0.0, 0.0, 0.0, 0.0, 1.0 ], [ 0.309017, 0.5, 0.809017, 0.0, -0.5, 0.809017, -0.309017, 0.0, -0.809017, -0.309017, 0.5, 0.0, 0.0, 0.0, 0.0, 1.0 ], [ -1.0, 0.0, 0.0, 0.0, 0.0, -1.0, 0.0, 0.0, 0.0, 0.0, 1.0, 0.0, 0.0, 0.0, 0.0, 1.0 ], [ 0.0, 0.0, -1.0, 0.0, -1.0, 0.0, 0.0, 0.0, 0.0, 1.0, 0.0, 0.0, 0.0, 0.0, 0.0, 1.0 ], [ 0.0, -1.0, 0.0, 0.0, 0.0, 0.0, -1.0, 0.0, 1.0, 0.0, 0.0, 0.0, 0.0, 0.0, 0.0, 1.0 ], [ -0.809017, -0.309017, -0.5, 0.0, -0.309017, -0.5, 0.809017, 0.0, -0.5, 0.809017, 0.309017, 0.0, 0.0, 0.0, 0.0, 1.0 ], [ 0.5, -0.809017, -0.309017, 0.0, -0.809017, -0.309017, -0.5, 0.0, 0.309017, 0.5, -0.809017, 0.0, 0.0, 0.0, 0.0, 1.0 ], [ -0.309017, -0.5, 0.809017, 0.0, 0.5, -0.809017, -0.309017, 0.0, 0.809017, 0.309017, 0.5, 0.0, 0.0, 0.0, 0.0, 1.0 ], [ -0.5, -0.809017, -0.309017, 0.0, -0.809017, 0.309017, 0.5, 0.0, -0.309017, 0.5, -0.809017, 0.0, 0.0, 0.0, 0.0, 1.0 ], [ 0.309017, -0.5, 0.809017, 0.0, -0.5, -0.809017, -0.309017, 0.0, 0.809017, -0.309017, -0.5, 0.0, 0.0, 0.0, 0.0, 1.0 ], [ -0.809017, 0.309017, 0.5, 0.0, 0.309017, -0.5, 0.809017, 0.0, 0.5, 0.809017, 0.309017, 0.0, 0.0, 0.0, 0.0, 1.0 ], [ -0.5, -0.809017, 0.309017, 0.0, -0.809017, 0.309017, -0.5, 0.0, 0.309017, -0.5, -0.809017, 0.0, 0.0, 0.0, 0.0, 1.0 ], [ -0.309017, 0.5, 0.809017, 0.0, -0.5, -0.809017, 0.309017, 0.0, 0.809017, -0.309017, 0.5, 0.0, 0.0, 0.0, 0.0, 1.0 ], [ -0.809017, 0.309017, -0.5, 0.0, -0.309017, 0.5, 0.809017, 0.0, 0.5, 0.809017, -0.309017, 0.0, 0.0, 0.0, 0.0, 1.0 ], [ -0.809017, -0.309017, 0.5, 0.0, -0.309017, -0.5, -0.809017, 0.0, 0.5, -0.809017, 0.309017, 0.0, 0.0, 0.0, 0.0, 1.0 ], [ -0.5, 0.809017, -0.309017, 0.0, -0.809017, -0.309017, 0.5, 0.0, 0.309017, 0.5, 0.809017, 0.0, 0.0, 0.0, 0.0, 1.0 ], [ -0.309017, -0.5, -0.809017, 0.0, -0.5, 0.809017, -0.309017, 0.0, 0.809017, 0.309017, -0.5, 0.0, 0.0, 0.0, 0.0, 1.0 ], [ -1.0, 0.0, 0.0, 0.0, 0.0, 1.0, 0.0, 0.0, 0.0, 0.0, -1.0, 0.0, 0.0, 0.0, 0.0, 1.0 ], [ 0.0, 0.0, -1.0, 0.0, 1.0, 0.0, 0.0, 0.0, 0.0, -1.0, 0.0, 0.0, 0.0, 0.0, 0.0, 1.0 ], [ 0.0, -1.0, 0.0, 0.0, 0.0, 0.0, 1.0, 0.0, -1.0, 0.0, 0.0, 0.0, 0.0, 0.0, 0.0, 1.0 ], [ -0.809017, -0.309017, -0.5, 0.0, 0.309017, 0.5, -0.809017, 0.0, 0.5, -0.809017, -0.309017, 0.0, 0.0, 0.0, 0.0, 1.0 ], [ 0.5, -0.809017, -0.309017, 0.0, 0.809017, 0.309017, 0.5, 0.0, -0.309017, -0.5, 0.809017, 0.0, 0.0, 0.0, 0.0, 1.0 ], [ -0.309017, -0.5, 0.809017, 0.0, -0.5, 0.809017, 0.309017, 0.0, -0.809017, -0.309017, -0.5, 0.0, 0.0, 0.0, 0.0, 1.0 ], [ -0.5, -0.809017, -0.309017, 0.0, 0.809017, -0.309017, -0.5, 0.0, 0.309017, -0.5, 0.809017, 0.0, 0.0, 0.0, 0.0, 1.0 ], [ 0.309017, -0.5, 0.809017, 0.0, 0.5, 0.809017, 0.309017, 0.0, -0.809017, 0.309017, 0.5, 0.0, 0.0, 0.0, 0.0, 1.0 ], [ -0.809017, 0.309017, 0.5, 0.0, -0.309017, 0.5, -0.809017, 0.0, -0.5, -0.809017, -0.309017, 0.0, 0.0, 0.0, 0.0, 1.0 ], [ -0.5, -0.809017, 0.309017, 0.0, 0.809017, -0.309017, 0.5, 0.0, -0.309017, 0.5, 0.809017, 0.0, 0.0, 0.0, 0.0, 1.0 ], [ -0.309017, 0.5, 0.809017, 0.0, 0.5, 0.809017, -0.309017, 0.0, -0.809017, 0.309017, -0.5, 0.0, 0.0, 0.0, 0.0, 1.0 ], [ -0.809017, 0.309017, -0.5, 0.0, 0.309017, -0.5, -0.809017, 0.0, -0.5, -0.809017, 0.309017, 0.0, 0.0, 0.0, 0.0, 1.0 ], [ -0.809017, -0.309017, 0.5, 0.0, 0.309017, 0.5, 0.809017, 0.0, -0.5, 0.809017, -0.309017, 0.0, 0.0, 0.0, 0.0, 1.0 ], [ -0.5, 0.809017, -0.309017, 0.0, 0.809017, 0.309017, -0.5, 0.0, -0.309017, -0.5, -0.809017, 0.0, 0.0, 0.0, 0.0, 1.0 ], [ -0.309017, -0.5, -0.809017, 0.0, 0.5, -0.809017, 0.309017, 0.0, -0.809017, -0.309017, 0.5, 0.0, 0.0, 0.0, 0.0, 1.0 ] ],
  "lights" : {
    "backgroundColor" : "#AFC8DC",
    "ambientColor" : "#292929",
    "directionalLights" : [ {
      "direction" : {
        "x" : 1.0,
        "y" : -1.0,
        "z" : -1.0
      },
      "color" : "#EBEBE4"
    }, {
      "direction" : {
        "x" : -1.0,
        "y" : 0.0,
        "z" : 0.0
      },
      "color" : "#E4E4EB"
    }, {
      "direction" : {
        "x" : 0.0,
        "y" : 0.0,
        "z" : -1.0
      },
      "color" : "#1E1E1E"
    } ]
  },
  "camera" : {
    "width" : 66.04735,
    "stereo" : false,
    "viewDistance" : 146.77187,
    "nearClipDistance" : 0.36692977,
    "farClipDistance" : 293.5437,
    "lookAtPoint" : {
      "x" : 0.0,
      "y" : 0.0,
      "z" : 0.0
    },
    "fieldOfView" : 0.44262892,
    "perspective" : false,
    "lookDirection" : {
      "x" : -0.309017,
      "y" : 0.5,
      "z" : -0.809017
    },
    "upDirection" : {
      "x" : 0.49999997,
      "y" : 0.809017,
      "z" : 0.309017
    },
    "position" : {
      "x" : 45.355003,
      "y" : -73.38593,
      "z" : 118.74094
    }
  },
  "embedding" : [ 1.0, 0.0, 0.0, 0.0, 0.0, 1.0, 0.0, 0.0, 0.0, 0.0, 1.0, 0.0, 0.0, 0.0, 0.0, 1.0 ],
  "shapes" : [ {
    "id" : "b98f9a96-0b36-43ca-8dc0-10b5168c4928",
    "vertices" : [ {
      "x" : 1.0,
      "y" : 0.309017,
      "z" : 0.19098301
    }, {
      "x" : 1.0,
      "y" : -0.309017,
      "z" : 0.19098301
    }, {
      "x" : 8.322693,
      "y" : -0.309017,
      "z" : 0.19098301
    }, {
      "x" : 8.322693,
      "y" : 0.309017,
      "z" : 0.19098301
    }, {
      "x" : 8.322693,
      "y" : -0.309017,
      "z" : -0.19098301
    }, {
      "x" : 8.322693,
      "y" : 0.309017,
      "z" : -0.19098301
    }, {
      "x" : 8.940726,
      "y" : 0.0,
      "z" : 0.0
    }, {
      "x" : 0.38196602,
      "y" : 0.0,
      "z" : 0.0
    }, {
      "x" : 1.0,
      "y" : 0.309017,
      "z" : -0.19098301
    }, {
      "x" : 1.0,
      "y" : -0.309017,
      "z" : -0.19098301
    }, {
      "x" : 9.322693,
      "y" : 0.0,
      "z" : 0.0
    } ],
    "faces" : [ {
      "vertices" : [ 1, 9, 4 ]
    }, {
      "vertices" : [ 1, 4, 2 ]
    }, {
      "vertices" : [ 0, 3, 5 ]
    }, {
      "vertices" : [ 0, 5, 8 ]
    }, {
      "vertices" : [ 1, 7, 9 ]
    }, {
      "vertices" : [ 0, 1, 2 ]
    }, {
      "vertices" : [ 0, 2, 3 ]
    }, {
      "vertices" : [ 7, 8, 9 ]
    }, {
      "vertices" : [ 0, 7, 1 ]
    }, {
      "vertices" : [ 4, 9, 8 ]
    }, {
      "vertices" : [ 4, 8, 5 ]
    }, {
      "vertices" : [ 2, 6, 3 ]
    }, {
      "vertices" : [ 2, 4, 6 ]
    }, {
      "vertices" : [ 3, 6, 5 ]
    }, {
      "vertices" : [ 4, 5, 6 ]
    }, {
      "vertices" : [ 0, 8, 7 ]
    } ]
  }, {
    "id" : "1d231610-0ed2-4de6-9e56-46d4a82eeee9",
    "vertices" : [ {
      "x" : 0.309017,
      "y" : -0.309017,
      "z" : -0.309017
    }, {
      "x" : 0.5,
      "y" : 0.0,
      "z" : -0.19098301
    }, {
      "x" : 0.5,
      "y" : 0.0,
      "z" : 0.19098301
    }, {
      "x" : 0.309017,
      "y" : -0.309017,
      "z" : 0.309017
    }, {
      "x" : 0.19098301,
      "y" : -0.5,
      "z" : 0.0
    }, {
      "x" : 0.0,
      "y" : 0.19098301,
      "z" : 0.5
    }, {
      "x" : 0.0,
      "y" : -0.19098301,
      "z" : 0.5
    }, {
      "x" : 0.309017,
      "y" : 0.309017,
      "z" : 0.309017
    }, {
      "x" : -0.309017,
      "y" : -0.309017,
      "z" : 0.309017
    }, {
      "x" : -0.309017,
      "y" : 0.309017,
      "z" : 0.309017
    }, {
      "x" : -0.5,
      "y" : 0.0,
      "z" : 0.19098301
    }, {
      "x" : 0.0,
      "y" : -0.19098301,
      "z" : -0.5
    }, {
      "x" : 0.0,
      "y" : 0.19098301,
      "z" : -0.5
    }, {
      "x" : 0.309017,
      "y" : 0.309017,
      "z" : -0.309017
    }, {
      "x" : -0.309017,
      "y" : -0.309017,
      "z" : -0.309017
    }, {
      "x" : -0.19098301,
      "y" : -0.5,
      "z" : 0.0
    }, {
      "x" : -0.5,
      "y" : 0.0,
      "z" : -0.19098301
    }, {
      "x" : 0.19098301,
      "y" : 0.5,
      "z" : 0.0
    }, {
      "x" : -0.309017,
      "y" : 0.309017,
      "z" : -0.309017
    }, {
      "x" : 0.0,
      "y" : 0.0,
      "z" : 0.0
    }, {
      "x" : -0.19098301,
      "y" : 0.5,
      "z" : 0.0
    } ],
    "faces" : [ {
      "vertices" : [ 12, 18, 20 ]
    }, {
      "vertices" : [ 12, 20, 17 ]
    }, {
      "vertices" : [ 12, 17, 13 ]
    }, {
      "vertices" : [ 3, 6, 8 ]
    }, {
      "vertices" : [ 3, 8, 15 ]
    }, {
      "vertices" : [ 3, 15, 4 ]
    }, {
      "vertices" : [ 0, 11, 12 ]
    }, {
      "vertices" : [ 0, 12, 13 ]
    }, {
      "vertices" : [ 0, 13, 1 ]
    }, {
      "vertices" : [ 5, 9, 10 ]
    }, {
      "vertices" : [ 5, 10, 8 ]
    }, {
      "vertices" : [ 5, 8, 6 ]
    }, {
      "vertices" : [ 2, 7, 5 ]
    }, {
      "vertices" : [ 2, 5, 6 ]
    }, {
      "vertices" : [ 2, 6, 3 ]
    }, {
      "vertices" : [ 11, 14, 16 ]
    }, {
      "vertices" : [ 11, 16, 18 ]
    }, {
      "vertices" : [ 11, 18, 12 ]
    }, {
      "vertices" : [ 1, 13, 17 ]
    }, {
      "vertices" : [ 1, 17, 7 ]
    }, {
      "vertices" : [ 1, 7, 2 ]
    }, {
      "vertices" : [ 9, 20, 18 ]
    }, {
      "vertices" : [ 9, 18, 16 ]
    }, {
      "vertices" : [ 9, 16, 10 ]
    }, {
      "vertices" : [ 0, 1, 2 ]
    }, {
      "vertices" : [ 0, 2, 3 ]
    }, {
      "vertices" : [ 0, 3, 4 ]
    }, {
      "vertices" : [ 5, 7, 17 ]
    }, {
      "vertices" : [ 5, 17, 20 ]
    }, {
      "vertices" : [ 5, 20, 9 ]
    }, {
      "vertices" : [ 0, 4, 15 ]
    }, {
      "vertices" : [ 0, 15, 14 ]
    }, {
      "vertices" : [ 0, 14, 11 ]
    }, {
      "vertices" : [ 8, 10, 16 ]
    }, {
      "vertices" : [ 8, 16, 14 ]
    }, {
      "vertices" : [ 8, 14, 15 ]
    } ]
  }, {
    "id" : "9adbe831-e7e9-4f7f-ac60-aa789ea166ab",
    "vertices" : [ {
      "x" : -0.10975222,
      "y" : -2.7731197,
      "z" : -7.079533
    }, {
      "x" : -0.5097522,
      "y" : -2.6731198,
      "z" : -6.979533
    }, {
      "x" : -0.300936,
      "y" : -0.36157003,
      "z" : -0.4626836
    }, {
      "x" : 0.099064,
      "y" : -0.46157002,
      "z" : -0.5626836
    }, {
      "x" : -0.64308554,
      "y" : -2.9731197,
      "z" : -6.7461996
    }, {
      "x" : -0.24308555,
      "y" : -3.0731196,
      "z" : -6.8462
    }, {
      "x" : 0.23239733,
      "y" : -0.16157001,
      "z" : -0.79601693
    }, {
      "x" : -0.16760267,
      "y" : -0.06157002,
      "z" : -0.6960169
    } ],
    "faces" : [ {
      "vertices" : [ 2, 3, 6 ]
    }, {
      "vertices" : [ 2, 6, 7 ]
    }, {
      "vertices" : [ 0, 5, 4 ]
    }, {
      "vertices" : [ 0, 4, 1 ]
    }, {
      "vertices" : [ 2, 4, 5 ]
    }, {
      "vertices" : [ 2, 5, 3 ]
    }, {
      "vertices" : [ 0, 6, 3 ]
    }, {
      "vertices" : [ 0, 3, 5 ]
    }, {
      "vertices" : [ 0, 1, 7 ]
    }, {
      "vertices" : [ 0, 7, 6 ]
    }, {
      "vertices" : [ 1, 4, 2 ]
    }, {
      "vertices" : [ 1, 2, 7 ]
    } ]
  } ],
  "instances" : [ {
    "shape" : "b98f9a96-0b36-43ca-8dc0-10b5168c4928",
    "color" : "#007695",
    "position" : {
      "x" : 0.0,
      "y" : 0.0,
      "z" : 15.084434
    },
    "orientation" : 54
  }, {
    "shape" : "1d231610-0ed2-4de6-9e56-46d4a82eeee9",
    "color" : "#FFFFFF",
    "position" : {
      "x" : -7.796036,
      "y" : 0.0,
      "z" : -12.614251
    }
  }, {
    "shape" : "b98f9a96-0b36-43ca-8dc0-10b5168c4928",
    "color" : "#007695",
    "position" : {
      "x" : -7.542217,
      "y" : 12.203563,
      "z" : -4.6613464
    },
    "orientation" : 11
  }, {
    "shape" : "9adbe831-e7e9-4f7f-ac60-aa789ea166ab",
    "color" : "#FFFFFF",
    "position" : {
      "x" : 15.084434,
      "y" : 0.0,
      "z" : 0.0
    },
    "orientation" : 42
  }, {
    "shape" : "9adbe831-e7e9-4f7f-ac60-aa789ea166ab",
    "color" : "#FFFFFF",
    "position" : {
      "x" : 12.203563,
      "y" : -4.6613464,
      "z" : -7.542217
    },
    "orientation" : 35
  }, {
    "shape" : "1d231610-0ed2-4de6-9e56-46d4a82eeee9",
    "color" : "#FFFFFF",
    "position" : {
      "x" : 0.0,
      "y" : 12.614251,
      "z" : 7.796036
    }
  }, {
    "shape" : "1d231610-0ed2-4de6-9e56-46d4a82eeee9",
    "color" : "#FFFFFF",
    "position" : {
      "x" : -12.614251,
      "y" : 7.796036,
      "z" : 0.0
    }
  }, {
    "shape" : "b98f9a96-0b36-43ca-8dc0-10b5168c4928",
    "color" : "#007695",
    "position" : {
      "x" : -12.203563,
      "y" : -4.6613464,
      "z" : -7.542217
    },
    "orientation" : 21
  }, {
    "shape" : "b98f9a96-0b36-43ca-8dc0-10b5168c4928",
    "color" : "#007695",
    "position" : {
      "x" : -4.6613464,
      "y" : 7.542217,
      "z" : 12.203563
    },
    "orientation" : 0
  }, {
    "shape" : "b98f9a96-0b36-43ca-8dc0-10b5168c4928",
    "color" : "#007695",
    "position" : {
      "x" : -12.203563,
      "y" : 4.6613464,
      "z" : 7.542217
    },
    "orientation" : 6
  }, {
    "shape" : "9adbe831-e7e9-4f7f-ac60-aa789ea166ab",
    "color" : "#FFFFFF",
    "position" : {
      "x" : 7.542217,
      "y" : 12.203563,
      "z" : 4.6613464
    },
    "orientation" : 33
  }, {
    "shape" : "9adbe831-e7e9-4f7f-ac60-aa789ea166ab",
    "color" : "#FFFFFF",
    "position" : {
      "x" : -12.203563,
      "y" : -4.6613464,
      "z" : 7.542217
    },
    "orientation" : 0
  }, {
    "shape" : "9adbe831-e7e9-4f7f-ac60-aa789ea166ab",
    "color" : "#FFFFFF",
    "position" : {
      "x" : -4.6613464,
      "y" : 7.542217,
      "z" : 12.203563
    },
    "orientation" : 26
  }, {
    "shape" : "9adbe831-e7e9-4f7f-ac60-aa789ea166ab",
    "color" : "#FFFFFF",
    "position" : {
      "x" : 7.542217,
      "y" : 12.203563,
      "z" : 4.6613464
    },
    "orientation" : 16
  }, {
    "shape" : "1d231610-0ed2-4de6-9e56-46d4a82eeee9",
    "color" : "#FFFFFF",
    "position" : {
      "x" : 7.542217,
      "y" : 12.203563,
      "z" : 4.6613464
    }
  }, {
    "shape" : "b98f9a96-0b36-43ca-8dc0-10b5168c4928",
    "color" : "#007695",
    "position" : {
      "x" : 7.542217,
      "y" : 12.203563,
      "z" : 4.6613464
    },
    "orientation" : 56
  }, {
    "shape" : "9adbe831-e7e9-4f7f-ac60-aa789ea166ab",
    "color" : "#FFFFFF",
    "position" : {
      "x" : -4.6613464,
      "y" : 7.542217,
      "z" : -12.203563
    },
    "orientation" : 2
  }, {
    "shape" : "9adbe831-e7e9-4f7f-ac60-aa789ea166ab",
    "color" : "#FFFFFF",
    "position" : {
      "x" : 12.203563,
      "y" : 4.6613464,
      "z" : -7.542217
    },
    "orientation" : 39
  }, {
    "shape" : "b98f9a96-0b36-43ca-8dc0-10b5168c4928",
    "color" : "#007695",
    "position" : {
      "x" : -4.6613464,
      "y" : 7.542217,
      "z" : 12.203563
    },
    "orientation" : 53
  }, {
    "shape" : "1d231610-0ed2-4de6-9e56-46d4a82eeee9",
    "color" : "#FFFFFF",
    "position" : {
      "x" : 12.203563,
      "y" : -4.6613464,
      "z" : -7.542217
    }
  }, {
    "shape" : "b98f9a96-0b36-43ca-8dc0-10b5168c4928",
    "color" : "#007695",
    "position" : {
      "x" : 12.203563,
      "y" : -4.6613464,
      "z" : -7.542217
    },
    "orientation" : 53
  }, {
    "shape" : "9adbe831-e7e9-4f7f-ac60-aa789ea166ab",
    "color" : "#FFFFFF",
    "position" : {
      "x" : -12.203563,
      "y" : -4.6613464,
      "z" : -7.542217
    },
    "orientation" : 8
  }, {
    "shape" : "1d231610-0ed2-4de6-9e56-46d4a82eeee9",
    "color" : "#FFFFFF",
    "position" : {
      "x" : -12.203563,
      "y" : -4.6613464,
      "z" : 7.542217
    }
  }, {
    "shape" : "b98f9a96-0b36-43ca-8dc0-10b5168c4928",
    "color" : "#007695",
    "position" : {
      "x" : -4.6613464,
      "y" : 7.542217,
      "z" : -12.203563
    },
    "orientation" : 24
  }, {
    "shape" : "1d231610-0ed2-4de6-9e56-46d4a82eeee9",
    "color" : "#FFFFFF",
    "position" : {
      "x" : -4.6613464,
      "y" : 7.542217,
      "z" : 12.203563
    }
  }, {
    "shape" : "1d231610-0ed2-4de6-9e56-46d4a82eeee9",
    "color" : "#FFFFFF",
    "position" : {
      "x" : 12.614251,
      "y" : -7.796036,
      "z" : 0.0
    }
  }, {
    "shape" : "9adbe831-e7e9-4f7f-ac60-aa789ea166ab",
    "color" : "#FFFFFF",
    "position" : {
      "x" : -12.203563,
      "y" : 4.6613464,
      "z" : 7.542217
    },
    "orientation" : 23
  }, {
    "shape" : "b98f9a96-0b36-43ca-8dc0-10b5168c4928",
    "color" : "#007695",
    "position" : {
      "x" : 12.203563,
      "y" : 4.6613464,
      "z" : -7.542217
    },
    "orientation" : 51
  }, {
    "shape" : "b98f9a96-0b36-43ca-8dc0-10b5168c4928",
    "color" : "#007695",
    "position" : {
      "x" : 12.203563,
      "y" : -4.6613464,
      "z" : -7.542217
    },
    "orientation" : 10
  }, {
    "shape" : "9adbe831-e7e9-4f7f-ac60-aa789ea166ab",
    "color" : "#FFFFFF",
    "position" : {
      "x" : 7.542217,
      "y" : 12.203563,
      "z" : -4.6613464
    },
    "orientation" : 36
  }, {
    "shape" : "9adbe831-e7e9-4f7f-ac60-aa789ea166ab",
    "color" : "#FFFFFF",
    "position" : {
      "x" : -7.542217,
      "y" : -12.203563,
      "z" : 4.6613464
    },
    "orientation" : 3
  }, {
    "shape" : "9adbe831-e7e9-4f7f-ac60-aa789ea166ab",
    "color" : "#FFFFFF",
    "position" : {
      "x" : -12.203563,
      "y" : -4.6613464,
      "z" : 7.542217
    },
    "orientation" : 20
  }, {
    "shape" : "1d231610-0ed2-4de6-9e56-46d4a82eeee9",
    "color" : "#FFFFFF",
    "position" : {
      "x" : -12.203563,
      "y" : 4.6613464,
      "z" : -7.542217
    }
  }, {
    "shape" : "1d231610-0ed2-4de6-9e56-46d4a82eeee9",
    "color" : "#FFFFFF",
    "position" : {
      "x" : 0.0,
      "y" : 12.614251,
      "z" : -7.796036
    }
  }, {
    "shape" : "b98f9a96-0b36-43ca-8dc0-10b5168c4928",
    "color" : "#007695",
    "position" : {
      "x" : 4.6613464,
      "y" : 7.542217,
      "z" : 12.203563
    },
    "orientation" : 52
  }, {
    "shape" : "b98f9a96-0b36-43ca-8dc0-10b5168c4928",
    "color" : "#007695",
    "position" : {
      "x" : -7.542217,
      "y" : -12.203563,
      "z" : -4.6613464
    },
    "orientation" : 2
  }, {
    "shape" : "1d231610-0ed2-4de6-9e56-46d4a82eeee9",
    "color" : "#FFFFFF",
    "position" : {
      "x" : 0.0,
      "y" : -12.614251,
      "z" : 7.796036
    }
  }, {
    "shape" : "9adbe831-e7e9-4f7f-ac60-aa789ea166ab",
    "color" : "#FFFFFF",
    "position" : {
      "x" : 4.6613464,
      "y" : -7.542217,
      "z" : 12.203563
    },
    "orientation" : 52
  }, {
    "shape" : "1d231610-0ed2-4de6-9e56-46d4a82eeee9",
    "color" : "#FFFFFF",
    "position" : {
      "x" : 0.0,
      "y" : -12.614251,
      "z" : -7.796036
    }
  }, {
    "shape" : "b98f9a96-0b36-43ca-8dc0-10b5168c4928",
    "color" : "#007695",
    "position" : {
      "x" : 4.6613464,
      "y" : -7.542217,
      "z" : -12.203563
    },
    "orientation" : 37
  }, {
    "shape" : "b98f9a96-0b36-43ca-8dc0-10b5168c4928",
    "color" : "#007695",
    "position" : {
      "x" : -12.203563,
      "y" : 4.6613464,
      "z" : -7.542217
    },
    "orientation" : 40
  }, {
    "shape" : "1d231610-0ed2-4de6-9e56-46d4a82eeee9",
    "color" : "#FFFFFF",
    "position" : {
      "x" : 0.0,
      "y" : 0.0,
      "z" : 0.0
    }
  }, {
    "shape" : "b98f9a96-0b36-43ca-8dc0-10b5168c4928",
    "color" : "#007695",
    "position" : {
      "x" : -7.542217,
      "y" : 12.203563,
      "z" : 4.6613464
    },
    "orientation" : 37
  }, {
    "shape" : "b98f9a96-0b36-43ca-8dc0-10b5168c4928",
    "color" : "#007695",
    "position" : {
      "x" : -4.6613464,
      "y" : -7.542217,
      "z" : -12.203563
    },
    "orientation" : 0
  }, {
    "shape" : "9adbe831-e7e9-4f7f-ac60-aa789ea166ab",
    "color" : "#FFFFFF",
    "position" : {
      "x" : -15.084434,
      "y" : 0.0,
      "z" : 0.0
    },
    "orientation" : 27
  }, {
    "shape" : "1d231610-0ed2-4de6-9e56-46d4a82eeee9",
    "color" : "#FFFFFF",
    "position" : {
      "x" : 12.203563,
      "y" : 4.6613464,
      "z" : 7.542217
    }
  }, {
    "shape" : "b98f9a96-0b36-43ca-8dc0-10b5168c4928",
    "color" : "#007695",
    "position" : {
      "x" : -7.542217,
      "y" : 12.203563,
      "z" : -4.6613464
    },
    "orientation" : 36
  }, {
    "shape" : "b98f9a96-0b36-43ca-8dc0-10b5168c4928",
    "color" : "#007695",
    "position" : {
      "x" : 15.084434,
      "y" : 0.0,
      "z" : 0.0
    },
    "orientation" : 40
  }, {
    "shape" : "1d231610-0ed2-4de6-9e56-46d4a82eeee9",
    "color" : "#FFFFFF",
    "position" : {
      "x" : 0.0,
      "y" : 15.084434,
      "z" : 0.0
    }
  }, {
    "shape" : "9adbe831-e7e9-4f7f-ac60-aa789ea166ab",
    "color" : "#FFFFFF",
    "position" : {
      "x" : -4.6613464,
      "y" : -7.542217,
      "z" : -12.203563
    },
    "orientation" : 7
  }, {
    "shape" : "1d231610-0ed2-4de6-9e56-46d4a82eeee9",
    "color" : "#FFFFFF",
    "position" : {
      "x" : 12.203563,
      "y" : -4.6613464,
      "z" : 7.542217
    }
  }, {
    "shape" : "9adbe831-e7e9-4f7f-ac60-aa789ea166ab",
    "color" : "#FFFFFF",
    "position" : {
      "x" : 4.6613464,
      "y" : 7.542217,
      "z" : 12.203563
    },
    "orientation" : 19
  }, {
    "shape" : "9adbe831-e7e9-4f7f-ac60-aa789ea166ab",
    "color" : "#FFFFFF",
    "position" : {
      "x" : 0.0,
      "y" : 0.0,
      "z" : 15.084434
    },
    "orientation" : 59
  }, {
    "shape" : "9adbe831-e7e9-4f7f-ac60-aa789ea166ab",
    "color" : "#FFFFFF",
    "position" : {
      "x" : 0.0,
      "y" : 15.084434,
      "z" : 0.0
    },
    "orientation" : 43
  }, {
    "shape" : "9adbe831-e7e9-4f7f-ac60-aa789ea166ab",
    "color" : "#FFFFFF",
    "position" : {
      "x" : 12.203563,
      "y" : 4.6613464,
      "z" : 7.542217
    },
    "orientation" : 50
  }, {
    "shape" : "1d231610-0ed2-4de6-9e56-46d4a82eeee9",
    "color" : "#FFFFFF",
    "position" : {
      "x" : -12.203563,
      "y" : 4.6613464,
      "z" : 7.542217
    }
  }, {
    "shape" : "b98f9a96-0b36-43ca-8dc0-10b5168c4928",
    "color" : "#007695",
    "position" : {
      "x" : 7.542217,
      "y" : -12.203563,
      "z" : -4.6613464
    },
    "orientation" : 41
  }, {
    "shape" : "b98f9a96-0b36-43ca-8dc0-10b5168c4928",
    "color" : "#007695",
    "position" : {
      "x" : 0.0,
      "y" : 15.084434,
      "z" : 0.0
    },
    "orientation" : 26
  }, {
    "shape" : "b98f9a96-0b36-43ca-8dc0-10b5168c4928",
    "color" : "#007695",
    "position" : {
      "x" : -4.6613464,
      "y" : -7.542217,
      "z" : 12.203563
    },
    "orientation" : 22
  }, {
    "shape" : "b98f9a96-0b36-43ca-8dc0-10b5168c4928",
    "color" : "#007695",
    "position" : {
      "x" : 4.6613464,
      "y" : -7.542217,
      "z" : 12.203563
    },
    "orientation" : 45
  }, {
    "shape" : "9adbe831-e7e9-4f7f-ac60-aa789ea166ab",
    "color" : "#FFFFFF",
    "position" : {
      "x" : 12.203563,
      "y" : 4.6613464,
      "z" : -7.542217
    },
    "orientation" : 38
  }, {
    "shape" : "1d231610-0ed2-4de6-9e56-46d4a82eeee9",
    "color" : "#FFFFFF",
    "position" : {
      "x" : 7.796036,
      "y" : 0.0,
      "z" : 12.614251
    }
  }, {
    "shape" : "b98f9a96-0b36-43ca-8dc0-10b5168c4928",
    "color" : "#007695",
    "position" : {
      "x" : -12.203563,
      "y" : -4.6613464,
      "z" : -7.542217
    },
    "orientation" : 1
  }, {
    "shape" : "9adbe831-e7e9-4f7f-ac60-aa789ea166ab",
    "color" : "#FFFFFF",
    "position" : {
      "x" : 15.084434,
      "y" : 0.0,
      "z" : 0.0
    },
    "orientation" : 57
  }, {
    "shape" : "b98f9a96-0b36-43ca-8dc0-10b5168c4928",
    "color" : "#007695",
    "position" : {
      "x" : -12.203563,
      "y" : -4.6613464,
      "z" : 7.542217
    },
    "orientation" : 55
  }, {
    "shape" : "b98f9a96-0b36-43ca-8dc0-10b5168c4928",
    "color" : "#007695",
    "position" : {
      "x" : -4.6613464,
      "y" : -7.542217,
      "z" : -12.203563
    },
    "orientation" : 38
  }, {
    "shape" : "1d231610-0ed2-4de6-9e56-46d4a82eeee9",
    "color" : "#FFFFFF",
    "position" : {
      "x" : 0.0,
      "y" : 0.0,
      "z" : 15.084434
    }
  }, {
    "shape" : "1d231610-0ed2-4de6-9e56-46d4a82eeee9",
    "color" : "#FFFFFF",
    "position" : {
      "x" : 7.796036,
      "y" : 0.0,
      "z" : -12.614251
    }
  }, {
    "shape" : "9adbe831-e7e9-4f7f-ac60-aa789ea166ab",
    "color" : "#FFFFFF",
    "position" : {
      "x" : -4.6613464,
      "y" : 7.542217,
      "z" : 12.203563
    },
    "orientation" : 22
  }, {
    "shape" : "1d231610-0ed2-4de6-9e56-46d4a82eeee9",
    "color" : "#FFFFFF",
    "position" : {
      "x" : -7.796036,
      "y" : 0.0,
      "z" : 12.614251
    }
  }, {
    "shape" : "9adbe831-e7e9-4f7f-ac60-aa789ea166ab",
    "color" : "#FFFFFF",
    "position" : {
      "x" : 7.542217,
      "y" : -12.203563,
      "z" : -4.6613464
    },
    "orientation" : 1
  }, {
    "shape" : "1d231610-0ed2-4de6-9e56-46d4a82eeee9",
    "color" : "#FFFFFF",
    "position" : {
      "x" : 4.6613464,
      "y" : -7.542217,
      "z" : -12.203563
    }
  }, {
    "shape" : "b98f9a96-0b36-43ca-8dc0-10b5168c4928",
    "color" : "#007695",
    "position" : {
      "x" : 4.6613464,
      "y" : 7.542217,
      "z" : 12.203563
    },
    "orientation" : 39
  }, {
    "shape" : "9adbe831-e7e9-4f7f-ac60-aa789ea166ab",
    "color" : "#FFFFFF",
    "position" : {
      "x" : 4.6613464,
      "y" : 7.542217,
      "z" : -12.203563
    },
    "orientation" : 41
  }, {
    "shape" : "9adbe831-e7e9-4f7f-ac60-aa789ea166ab",
    "color" : "#FFFFFF",
    "position" : {
      "x" : 0.0,
      "y" : 0.0,
      "z" : -15.084434
    },
    "orientation" : 44
  }, {
    "shape" : "b98f9a96-0b36-43ca-8dc0-10b5168c4928",
    "color" : "#007695",
    "position" : {
      "x" : 4.6613464,
      "y" : -7.542217,
      "z" : -12.203563
    },
    "orientation" : 54
  }, {
    "shape" : "b98f9a96-0b36-43ca-8dc0-10b5168c4928",
    "color" : "#007695",
    "position" : {
      "x" : -12.203563,
      "y" : 4.6613464,
      "z" : 7.542217
    },
    "orientation" : 16
  }, {
    "shape" : "b98f9a96-0b36-43ca-8dc0-10b5168c4928",
    "color" : "#007695",
    "position" : {
      "x" : 0.0,
      "y" : 0.0,
      "z" : -15.084434
    },
    "orientation" : 9
  }, {
    "shape" : "9adbe831-e7e9-4f7f-ac60-aa789ea166ab",
    "color" : "#FFFFFF",
    "position" : {
      "x" : 0.0,
      "y" : -15.084434,
      "z" : 0.0
    },
    "orientation" : 58
  }, {
    "shape" : "9adbe831-e7e9-4f7f-ac60-aa789ea166ab",
    "color" : "#FFFFFF",
    "position" : {
      "x" : 0.0,
      "y" : -15.084434,
      "z" : 0.0
    },
    "orientation" : 13
  }, {
    "shape" : "9adbe831-e7e9-4f7f-ac60-aa789ea166ab",
    "color" : "#FFFFFF",
    "position" : {
      "x" : 0.0,
      "y" : 15.084434,
      "z" : 0.0
    },
    "orientation" : 28
  }, {
    "shape" : "9adbe831-e7e9-4f7f-ac60-aa789ea166ab",
    "color" : "#FFFFFF",
    "position" : {
      "x" : -12.203563,
      "y" : 4.6613464,
      "z" : -7.542217
    },
    "orientation" : 5
  }, {
    "shape" : "9adbe831-e7e9-4f7f-ac60-aa789ea166ab",
    "color" : "#FFFFFF",
    "position" : {
      "x" : -4.6613464,
      "y" : -7.542217,
      "z" : -12.203563
    },
    "orientation" : 11
  }, {
    "shape" : "1d231610-0ed2-4de6-9e56-46d4a82eeee9",
    "color" : "#FFFFFF",
    "position" : {
      "x" : 7.542217,
      "y" : -12.203563,
      "z" : 4.6613464
    }
  }, {
    "shape" : "b98f9a96-0b36-43ca-8dc0-10b5168c4928",
    "color" : "#007695",
    "position" : {
      "x" : 7.542217,
      "y" : 12.203563,
      "z" : -4.6613464
    },
    "orientation" : 22
  }, {
    "shape" : "1d231610-0ed2-4de6-9e56-46d4a82eeee9",
    "color" : "#FFFFFF",
    "position" : {
      "x" : 4.6613464,
      "y" : 7.542217,
      "z" : 12.203563
    }
  }, {
    "shape" : "9adbe831-e7e9-4f7f-ac60-aa789ea166ab",
    "color" : "#FFFFFF",
    "position" : {
      "x" : -7.542217,
      "y" : 12.203563,
      "z" : 4.6613464
    },
    "orientation" : 21
  }, {
    "shape" : "1d231610-0ed2-4de6-9e56-46d4a82eeee9",
    "color" : "#FFFFFF",
    "position" : {
      "x" : 7.542217,
      "y" : -12.203563,
      "z" : -4.6613464
    }
  }, {
    "shape" : "9adbe831-e7e9-4f7f-ac60-aa789ea166ab",
    "color" : "#FFFFFF",
    "position" : {
      "x" : 7.542217,
      "y" : 12.203563,
      "z" : -4.6613464
    },
    "orientation" : 40
  }, {
    "shape" : "b98f9a96-0b36-43ca-8dc0-10b5168c4928",
    "color" : "#007695",
    "position" : {
      "x" : 0.0,
      "y" : 0.0,
      "z" : 15.084434
    },
    "orientation" : 24
  }, {
    "shape" : "b98f9a96-0b36-43ca-8dc0-10b5168c4928",
    "color" : "#007695",
    "position" : {
      "x" : -7.542217,
      "y" : -12.203563,
      "z" : -4.6613464
    },
    "orientation" : 52
  }, {
    "shape" : "b98f9a96-0b36-43ca-8dc0-10b5168c4928",
    "color" : "#007695",
    "position" : {
      "x" : 12.203563,
      "y" : 4.6613464,
      "z" : 7.542217
    },
    "orientation" : 38
  }, {
    "shape" : "9adbe831-e7e9-4f7f-ac60-aa789ea166ab",
    "color" : "#FFFFFF",
    "position" : {
      "x" : -7.542217,
      "y" : 12.203563,
      "z" : 4.6613464
    },
    "orientation" : 25
  }, {
    "shape" : "9adbe831-e7e9-4f7f-ac60-aa789ea166ab",
    "color" : "#FFFFFF",
    "position" : {
      "x" : -4.6613464,
      "y" : 7.542217,
      "z" : -12.203563
    },
    "orientation" : 34
  }, {
    "shape" : "b98f9a96-0b36-43ca-8dc0-10b5168c4928",
    "color" : "#007695",
    "position" : {
      "x" : -7.542217,
      "y" : -12.203563,
      "z" : 4.6613464
    },
    "orientation" : 51
  }, {
    "shape" : "1d231610-0ed2-4de6-9e56-46d4a82eeee9",
    "color" : "#FFFFFF",
    "position" : {
      "x" : -7.542217,
      "y" : -12.203563,
      "z" : -4.6613464
    }
  }, {
    "shape" : "b98f9a96-0b36-43ca-8dc0-10b5168c4928",
    "color" : "#007695",
    "position" : {
      "x" : 0.0,
      "y" : -15.084434,
      "z" : 0.0
    },
    "orientation" : 11
  }, {
    "shape" : "1d231610-0ed2-4de6-9e56-46d4a82eeee9",
    "color" : "#FFFFFF",
    "position" : {
      "x" : -15.084434,
      "y" : 0.0,
      "z" : 0.0
    }
  }, {
    "shape" : "1d231610-0ed2-4de6-9e56-46d4a82eeee9",
    "color" : "#FFFFFF",
    "position" : {
      "x" : 0.0,
      "y" : 0.0,
      "z" : -15.084434
    }
  }, {
    "shape" : "1d231610-0ed2-4de6-9e56-46d4a82eeee9",
    "color" : "#FFFFFF",
    "position" : {
      "x" : 7.542217,
      "y" : 12.203563,
      "z" : -4.6613464
    }
  }, {
    "shape" : "9adbe831-e7e9-4f7f-ac60-aa789ea166ab",
    "color" : "#FFFFFF",
    "position" : {
      "x" : 4.6613464,
      "y" : -7.542217,
      "z" : -12.203563
    },
    "orientation" : 4
  }, {
    "shape" : "1d231610-0ed2-4de6-9e56-46d4a82eeee9",
    "color" : "#FFFFFF",
    "position" : {
      "x" : -12.614251,
      "y" : -7.796036,
      "z" : 0.0
    }
  }, {
    "shape" : "b98f9a96-0b36-43ca-8dc0-10b5168c4928",
    "color" : "#007695",
    "position" : {
      "x" : -4.6613464,
      "y" : 7.542217,
      "z" : -12.203563
    },
    "orientation" : 7
  }, {
    "shape" : "b98f9a96-0b36-43ca-8dc0-10b5168c4928",
    "color" : "#007695",
    "position" : {
      "x" : 7.542217,
      "y" : -12.203563,
      "z" : 4.6613464
    },
    "orientation" : 47
  }, {
    "shape" : "9adbe831-e7e9-4f7f-ac60-aa789ea166ab",
    "color" : "#FFFFFF",
    "position" : {
      "x" : -7.542217,
      "y" : -12.203563,
      "z" : -4.6613464
    },
    "orientation" : 6
  }, {
    "shape" : "9adbe831-e7e9-4f7f-ac60-aa789ea166ab",
    "color" : "#FFFFFF",
    "position" : {
      "x" : -12.614251,
      "y" : 7.796036,
      "z" : 0.0
    },
    "orientation" : 54
  }, {
    "shape" : "1d231610-0ed2-4de6-9e56-46d4a82eeee9",
    "color" : "#FFFFFF",
    "position" : {
      "x" : -4.6613464,
      "y" : -7.542217,
      "z" : -12.203563
    }
  }, {
    "shape" : "b98f9a96-0b36-43ca-8dc0-10b5168c4928",
    "color" : "#007695",
    "position" : {
      "x" : 0.0,
      "y" : 15.084434,
      "z" : 0.0
    },
    "orientation" : 41
  }, {
    "shape" : "9adbe831-e7e9-4f7f-ac60-aa789ea166ab",
    "color" : "#FFFFFF",
    "position" : {
      "x" : 4.6613464,
      "y" : 7.542217,
      "z" : -12.203563
    },
    "orientation" : 37
  }, {
    "shape" : "b98f9a96-0b36-43ca-8dc0-10b5168c4928",
    "color" : "#007695",
    "position" : {
      "x" : 7.542217,
      "y" : -12.203563,
      "z" : 4.6613464
    },
    "orientation" : 7
  }, {
    "shape" : "1d231610-0ed2-4de6-9e56-46d4a82eeee9",
    "color" : "#FFFFFF",
    "position" : {
      "x" : 12.614251,
      "y" : 7.796036,
      "z" : 0.0
    }
  }, {
    "shape" : "1d231610-0ed2-4de6-9e56-46d4a82eeee9",
    "color" : "#FFFFFF",
    "position" : {
      "x" : 0.0,
      "y" : -15.084434,
      "z" : 0.0
    }
  }, {
    "shape" : "9adbe831-e7e9-4f7f-ac60-aa789ea166ab",
    "color" : "#FFFFFF",
    "position" : {
      "x" : -7.542217,
      "y" : -12.203563,
      "z" : 4.6613464
    },
    "orientation" : 46
  }, {
    "shape" : "1d231610-0ed2-4de6-9e56-46d4a82eeee9",
    "color" : "#FFFFFF",
    "position" : {
      "x" : -4.6613464,
      "y" : -7.542217,
      "z" : 12.203563
    }
  }, {
    "shape" : "9adbe831-e7e9-4f7f-ac60-aa789ea166ab",
    "color" : "#FFFFFF",
    "position" : {
      "x" : 12.203563,
      "y" : -4.6613464,
      "z" : 7.542217
    },
    "orientation" : 54
  }, {
    "shape" : "b98f9a96-0b36-43ca-8dc0-10b5168c4928",
    "color" : "#007695",
    "position" : {
      "x" : 0.0,
      "y" : 0.0,
      "z" : -15.084434
    },
    "orientation" : 39
  }, {
    "shape" : "b98f9a96-0b36-43ca-8dc0-10b5168c4928",
    "color" : "#007695",
    "position" : {
      "x" : -7.542217,
      "y" : 12.203563,
      "z" : 4.6613464
    },
    "orientation" : 47
  }, {
    "shape" : "1d231610-0ed2-4de6-9e56-46d4a82eeee9",
    "color" : "#FFFFFF",
    "position" : {
      "x" : -7.542217,
      "y" : 12.203563,
      "z" : 4.6613464
    }
  }, {
    "shape" : "b98f9a96-0b36-43ca-8dc0-10b5168c4928",
    "color" : "#007695",
    "position" : {
      "x" : 4.6613464,
      "y" : 7.542217,
      "z" : -12.203563
    },
    "orientation" : 8
  }, {
    "shape" : "b98f9a96-0b36-43ca-8dc0-10b5168c4928",
    "color" : "#007695",
    "position" : {
      "x" : 7.542217,
      "y" : 12.203563,
      "z" : -4.6613464
    },
    "orientation" : 2
  }, {
    "shape" : "b98f9a96-0b36-43ca-8dc0-10b5168c4928",
    "color" : "#007695",
    "position" : {
      "x" : -15.084434,
      "y" : 0.0,
      "z" : 0.0
    },
    "orientation" : 10
  }, {
    "shape" : "9adbe831-e7e9-4f7f-ac60-aa789ea166ab",
    "color" : "#FFFFFF",
    "position" : {
      "x" : 4.6613464,
      "y" : -7.542217,
      "z" : -12.203563
    },
    "orientation" : 32
  }, {
    "shape" : "b98f9a96-0b36-43ca-8dc0-10b5168c4928",
    "color" : "#007695",
    "position" : {
      "x" : 7.542217,
      "y" : -12.203563,
      "z" : -4.6613464
    },
    "orientation" : 6
  }, {
    "shape" : "9adbe831-e7e9-4f7f-ac60-aa789ea166ab",
    "color" : "#FFFFFF",
    "position" : {
      "x" : -7.542217,
      "y" : -12.203563,
      "z" : -4.6613464
    },
    "orientation" : 10
  }, {
    "shape" : "b98f9a96-0b36-43ca-8dc0-10b5168c4928",
    "color" : "#007695",
    "position" : {
      "x" : -12.203563,
      "y" : 4.6613464,
      "z" : -7.542217
    },
    "orientation" : 23
  }, {
    "shape" : "9adbe831-e7e9-4f7f-ac60-aa789ea166ab",
    "color" : "#FFFFFF",
    "position" : {
      "x" : 7.542217,
      "y" : -12.203563,
      "z" : -4.6613464
    },
    "orientation" : 48
  }, {
    "shape" : "9adbe831-e7e9-4f7f-ac60-aa789ea166ab",
    "color" : "#FFFFFF",
    "position" : {
      "x" : -4.6613464,
      "y" : -7.542217,
      "z" : 12.203563
    },
    "orientation" : 17
  }, {
    "shape" : "1d231610-0ed2-4de6-9e56-46d4a82eeee9",
    "color" : "#FFFFFF",
    "position" : {
      "x" : -12.203563,
      "y" : -4.6613464,
      "z" : -7.542217
    }
  }, {
    "shape" : "b98f9a96-0b36-43ca-8dc0-10b5168c4928",
    "color" : "#007695",
    "position" : {
      "x" : -15.084434,
      "y" : 0.0,
      "z" : 0.0
    },
    "orientation" : 25
  }, {
    "shape" : "9adbe831-e7e9-4f7f-ac60-aa789ea166ab",
    "color" : "#FFFFFF",
    "position" : {
      "x" : 0.0,
      "y" : 0.0,
      "z" : -15.084434
    },
    "orientation" : 14
  }, {
    "shape" : "9adbe831-e7e9-4f7f-ac60-aa789ea166ab",
    "color" : "#FFFFFF",
    "position" : {
      "x" : 12.203563,
      "y" : 4.6613464,
      "z" : 7.542217
    },
    "orientation" : 30
  }, {
    "shape" : "b98f9a96-0b36-43ca-8dc0-10b5168c4928",
    "color" : "#007695",
    "position" : {
      "x" : -4.6613464,
      "y" : -7.542217,
      "z" : 12.203563
    },
    "orientation" : 9
  }, {
    "shape" : "9adbe831-e7e9-4f7f-ac60-aa789ea166ab",
    "color" : "#FFFFFF",
    "position" : {
      "x" : -7.542217,
      "y" : 12.203563,
      "z" : -4.6613464
    },
    "orientation" : 18
  }, {
    "shape" : "b98f9a96-0b36-43ca-8dc0-10b5168c4928",
    "color" : "#007695",
    "position" : {
      "x" : 4.6613464,
      "y" : -7.542217,
      "z" : 12.203563
    },
    "orientation" : 23
  }, {
    "shape" : "9adbe831-e7e9-4f7f-ac60-aa789ea166ab",
    "color" : "#FFFFFF",
    "position" : {
      "x" : -4.6613464,
      "y" : -7.542217,
      "z" : 12.203563
    },
    "orientation" : 49
  }, {
