{
  "field" : "golden",
  "symmetry" : "icosahedral",
  "orientations" : [ [ 1.0, 0.0, 0.0, 0.0, 0.0, 1.0, 0.0, 0.0, 0.0, 0.0, 1.0, 0.0, 0.0, 0.0, 0.0, 1.0 ], [ 0.0, 0.0, 1.0, 0.0, 1.0, 0.0, 0.0, 0.0, 0.0, 1.0, 0.0, 0.0, 0.0, 0.0, 0.0, 1.0 ], [ 0.0, 1.0, 0.0, 0.0, 0.0, 0.0, 1.0, 0.0, 1.0, 0.0, 0.0, 0.0, 0.0, 0.0, 0.0, 1.0 ], [ 0.809017, 0.309017, 0.5, 0.0, 0.309017, 0.5, -0.809017, 0.0, -0.5, 0.809017, 0.309017, 0.0, 0.0, 0.0, 0.0, 1.0 ], [ -0.5, 0.809017, 0.309017, 0.0, 0.809017, 0.309017, 0.5, 0.0, 0.309017, 0.5, -0.809017, 0.0, 0.0, 0.0, 0.0, 1.0 ], [ 0.309017, 0.5, -0.809017, 0.0, -0.5, 0.809017, 0.309017, 0.0, 0.809017, 0.309017, 0.5, 0.0, 0.0, 0.0, 0.0, 1.0 ], [ 0.5, 0.809017, 0.309017, 0.0, 0.809017, -0.309017, -0.5, 0.0, -0.309017, 0.5, -0.809017, 0.0, 0.0, 0.0, 0.0, 1.0 ], [ -0.309017, 0.5, -0.809017, 0.0, 0.5, 0.809017, 0.309017, 0.0, 0.809017, -0.309017, -0.5, 0.0, 0.0, 0.0, 0.0, 1.0 ], [ 0.809017, -0.309017, -0.5, 0.0, -0.309017, 0.5, -0.809017, 0.0, 0.5, 0.809017, 0.309017, 0.0, 0.0, 0.0, 0.0, 1.0 ], [ 0.5, 0.809017, -0.309017, 0.0, 0.809017, -0.309017, 0.5, 0.0, 0.309017, -0.5, -0.809017, 0.0, 0.0, 0.0, 0.0, 1.0 ], [ 0.309017, -0.5, -0.809017, 0.0, 0.5, 0.809017, -0.309017, 0.0, 0.809017, -0.309017, 0.5, 0.0, 0.0, 0.0, 0.0, 1.0 ], [ 0.809017, -0.309017, 0.5, 0.0, 0.309017, -0.5, -0.809017, 0.0, 0.5, 0.809017, -0.309017, 0.0, 0.0, 0.0, 0.0, 1.0 ], [ 0.809017, 0.309017, -0.5, 0.0, 0.309017, 0.5, 0.809017, 0.0, 0.5, -0.809017, 0.309017, 0.0, 0.0, 0.0, 0.0, 1.0 ], [ 0.5, -0.809017, 0.309017, 0.0, 0.809017, 0.309017, -0.5, 0.0, 0.309017, 0.5, 0.809017, 0.0, 0.0, 0.0, 0.0, 1.0 ], [ 0.309017, 0.5, 0.809017, 0.0, 0.5, -0.809017, 0.309017, 0.0, 0.809017, 0.309017, -0.5, 0.0, 0.0, 0.0, 0.0, 1.0 ], [ 1.0, 0.0, 0.0, 0.0, 0.0, -1.0, 0.0, 0.0, 0.0, 0.0, -1.0, 0.0, 0.0, 0.0, 0.0, 1.0 ], [ 0.0, 0.0, 1.0, 0.0, -1.0, 0.0, 0.0, 0.0, 0.0, -1.0, 0.0, 0.0, 0.0, 0.0, 0.0, 1.0 ], [ 0.0, 1.0, 0.0, 0.0, 0.0, 0.0, -1.0, 0.0, -1.0, 0.0, 0.0, 0.0, 0.0, 0.0, 0.0, 1.0 ], [ 0.809017, 0.309017, 0.5, 0.0, -0.309017, -0.5, 0.809017, 0.0, 0.5, -0.809017, -0.309017, 0.0, 0.0, 0.0, 0.0, 1.0 ], [ -0.5, 0.809017, 0.309017, 0.0, -0.809017, -0.309017, -0.5, 0.0, -0.309017, -0.5, 0.809017, 0.0, 0.0, 0.0, 0.0, 1.0 ], [ 0.309017, 0.5, -0.809017, 0.0, 0.5, -0.809017, -0.309017, 0.0, -0.809017, -0.309017, -0.5, 0.0, 0.0, 0.0, 0.0, 1.0 ], [ 0.5, 0.809017, 0.309017, 0.0, -0.809017, 0.309017, 0.5, 0.0, 0.309017, -0.5, 0.809017, 0.0, 0.0, 0.0, 0.0, 1.0 ], [ -0.309017, 0.5, -0.809017, 0.0, -0.5, -0.809017, -0.309017, 0.0, -0.809017, 0.309017, 0.5, 0.0, 0.0, 0.0, 0.0, 1.0 ], [ 0.809017, -0.309017, -0.5, 0.0, 0.309017, -0.5, 0.809017, 0.0, -0.5, -0.809017, -0.309017, 0.0, 0.0, 0.0, 0.0, 1.0 ], [ 0.5, 0.809017, -0.309017, 0.0, -0.809017, 0.309017, -0.5, 0.0, -0.309017, 0.5, 0.809017, 0.0, 0.0, 0.0, 0.0, 1.0 ], [ 0.309017, -0.5, -0.809017, 0.0, -0.5, -0.809017, 0.309017, 0.0, -0.809017, 0.309017, -0.5, 0.0, 0.0, 0.0, 0.0, 1.0 ], [ 0.809017, -0.309017, 0.5, 0.0, -0.309017, 0.5, 0.809017, 0.0, -0.5, -0.809017, 0.309017, 0.0, 0.0, 0.0, 0.0, 1.0 ], [ 0.809017, 0.309017, -0.5, 0.0, -0.309017, -0.5, -0.809017, 0.0, -0.5, 0.809017, -0.309017, 0.0, 0.0, 0.0, 0.0, 1.0 ], [ 0.5, -0.809017, 0.309017, 0.0, -0.809017, -0.309017, 0.5, 0.0, -0.309017, -0.5, -0.809017, 0.0, 0.0, 0.0, 0.0, 1.0 ], [ 0.309017, 0.5, 0.809017, 0.0, -0.5, 0.809017, -0.309017, 0.0, -0.809017, -0.309017, 0.5, 0.0, 0.0, 0.0, 0.0, 1.0 ], [ -1.0, 0.0, 0.0, 0.0, 0.0, -1.0, 0.0, 0.0, 0.0, 0.0, 1.0, 0.0, 0.0, 0.0, 0.0, 1.0 ], [ 0.0, 0.0, -1.0, 0.0, -1.0, 0.0, 0.0, 0.0, 0.0, 1.0, 0.0, 0.0, 0.0, 0.0, 0.0, 1.0 ], [ 0.0, -1.0, 0.0, 0.0, 0.0, 0.0, -1.0, 0.0, 1.0, 0.0, 0.0, 0.0, 0.0, 0.0, 0.0, 1.0 ], [ -0.809017, -0.309017, -0.5, 0.0, -0.309017, -0.5, 0.809017, 0.0, -0.5, 0.809017, 0.309017, 0.0, 0.0, 0.0, 0.0, 1.0 ], [ 0.5, -0.809017, -0.309017, 0.0, -0.809017, -0.309017, -0.5, 0.0, 0.309017, 0.5, -0.809017, 0.0, 0.0, 0.0, 0.0, 1.0 ], [ -0.309017, -0.5, 0.809017, 0.0, 0.5, -0.809017, -0.309017, 0.0, 0.809017, 0.309017, 0.5, 0.0, 0.0, 0.0, 0.0, 1.0 ], [ -0.5, -0.809017, -0.309017, 0.0, -0.809017, 0.309017, 0.5, 0.0, -0.309017, 0.5, -0.809017, 0.0, 0.0, 0.0, 0.0, 1.0 ], [ 0.309017, -0.5, 0.809017, 0.0, -0.5, -0.809017, -0.309017, 0.0, 0.809017, -0.309017, -0.5, 0.0, 0.0, 0.0, 0.0, 1.0 ], [ -0.809017, 0.309017, 0.5, 0.0, 0.309017, -0.5, 0.809017, 0.0, 0.5, 0.809017, 0.309017, 0.0, 0.0, 0.0, 0.0, 1.0 ], [ -0.5, -0.809017, 0.309017, 0.0, -0.809017, 0.309017, -0.5, 0.0, 0.309017, -0.5, -0.809017, 0.0, 0.0, 0.0, 0.0, 1.0 ], [ -0.309017, 0.5, 0.809017, 0.0, -0.5, -0.809017, 0.309017, 0.0, 0.809017, -0.309017, 0.5, 0.0, 0.0, 0.0, 0.0, 1.0 ], [ -0.809017, 0.309017, -0.5, 0.0, -0.309017, 0.5, 0.809017, 0.0, 0.5, 0.809017, -0.309017, 0.0, 0.0, 0.0, 0.0, 1.0 ], [ -0.809017, -0.309017, 0.5, 0.0, -0.309017, -0.5, -0.809017, 0.0, 0.5, -0.809017, 0.309017, 0.0, 0.0, 0.0, 0.0, 1.0 ], [ -0.5, 0.809017, -0.309017, 0.0, -0.809017, -0.309017, 0.5, 0.0, 0.309017, 0.5, 0.809017, 0.0, 0.0, 0.0, 0.0, 1.0 ], [ -0.309017, -0.5, -0.809017, 0.0, -0.5, 0.809017, -0.309017, 0.0, 0.809017, 0.309017, -0.5, 0.0, 0.0, 0.0, 0.0, 1.0 ], [ -1.0, 0.0, 0.0, 0.0, 0.0, 1.0, 0.0, 0.0, 0.0, 0.0, -1.0, 0.0, 0.0, 0.0, 0.0, 1.0 ], [ 0.0, 0.0, -1.0, 0.0, 1.0, 0.0, 0.0, 0.0, 0.0, -1.0, 0.0, 0.0, 0.0, 0.0, 0.0, 1.0 ], [ 0.0, -1.0, 0.0, 0.0, 0.0, 0.0, 1.0, 0.0, -1.0, 0.0, 0.0, 0.0, 0.0, 0.0, 0.0, 1.0 ], [ -0.809017, -0.309017, -0.5, 0.0, 0.309017, 0.5, -0.809017, 0.0, 0.5, -0.809017, -0.309017, 0.0, 0.0, 0.0, 0.0, 1.0 ], [ 0.5, -0.809017, -0.309017, 0.0, 0.809017, 0.309017, 0.5, 0.0, -0.309017, -0.5, 0.809017, 0.0, 0.0, 0.0, 0.0, 1.0 ], [ -0.309017, -0.5, 0.809017, 0.0, -0.5, 0.809017, 0.309017, 0.0, -0.809017, -0.309017, -0.5, 0.0, 0.0, 0.0, 0.0, 1.0 ], [ -0.5, -0.809017, -0.309017, 0.0, 0.809017, -0.309017, -0.5, 0.0, 0.309017, -0.5, 0.809017, 0.0, 0.0, 0.0, 0.0, 1.0 ], [ 0.309017, -0.5, 0.809017, 0.0, 0.5, 0.809017, 0.309017, 0.0, -0.809017, 0.309017, 0.5, 0.0, 0.0, 0.0, 0.0, 1.0 ], [ -0.809017, 0.309017, 0.5, 0.0, -0.309017, 0.5, -0.809017, 0.0, -0.5, -0.809017, -0.309017, 0.0, 0.0, 0.0, 0.0, 1.0 ], [ -0.5, -0.809017, 0.309017, 0.0, 0.809017, -0.309017, 0.5, 0.0, -0.309017, 0.5, 0.809017, 0.0, 0.0, 0.0, 0.0, 1.0 ], [ -0.309017, 0.5, 0.809017, 0.0, 0.5, 0.809017, -0.309017, 0.0, -0.809017, 0.309017, -0.5, 0.0, 0.0, 0.0, 0.0, 1.0 ], [ -0.809017, 0.309017, -0.5, 0.0, 0.309017, -0.5, -0.809017, 0.0, -0.5, -0.809017, 0.309017, 0.0, 0.0, 0.0, 0.0, 1.0 ], [ -0.809017, -0.309017, 0.5, 0.0, 0.309017, 0.5, 0.809017, 0.0, -0.5, 0.809017, -0.309017, 0.0, 0.0, 0.0, 0.0, 1.0 ], [ -0.5, 0.809017, -0.309017, 0.0, 0.809017, 0.309017, -0.5, 0.0, -0.309017, -0.5, -0.809017, 0.0, 0.0, 0.0, 0.0, 1.0 ], [ -0.309017, -0.5, -0.809017, 0.0, 0.5, -0.809017, 0.309017, 0.0, -0.809017, -0.309017, 0.5, 0.0, 0.0, 0.0, 0.0, 1.0 ] ],
  "lights" : {
    "ambientColor" : "#292929",
    "backgroundColor" : "#AFC8DC",
    "directionalLights" : [ {
      "direction" : {
        "x" : 1.0,
        "y" : -1.0,
        "z" : -1.0
      },
      "color" : "#EBEBE4"
    }, {
      "direction" : {
        "x" : -1.0,
        "y" : 0.0,
        "z" : 0.0
      },
      "color" : "#E4E4EB"
    }, {
      "direction" : {
        "x" : 0.0,
        "y" : 0.0,
        "z" : -1.0
      },
      "color" : "#1E1E1E"
    } ]
  },
  "camera" : {
    "width" : 90.955574,
    "stereo" : false,
    "lookDirection" : {
      "x" : 0.7287016,
      "y" : -0.33641163,
      "z" : 0.5964865
    },
    "upDirection" : {
      "x" : -0.23334205,
      "y" : -0.9408331,
      "z" : -0.24552576
    },
    "lookAtPoint" : {
      "x" : 0.0,
      "y" : 0.0,
      "z" : 0.0
    },
    "viewDistance" : 202.12361,
    "nearClipDistance" : 0.5053093,
    "farClipDistance" : 404.24667,
    "fieldOfView" : 0.44262865,
    "perspective" : false,
    "position" : {
      "x" : -147.2878,
      "y" : 67.996735,
      "z" : -120.56401
    }
  },
  "embedding" : [ 1.0, 0.0, 0.0, 0.0, 0.0, 1.0, 0.0, 0.0, 0.0, 0.0, 1.0, 0.0, 0.0, 0.0, 0.0, 1.0 ],
  "shapes" : [ {
    "id" : "4641a512-23b5-412e-8fa8-d934cccc5c17",
    "vertices" : [ {
      "x" : 23.579527,
      "y" : -9.708204,
      "z" : -12.736068
    }, {
      "x" : 23.579527,
      "y" : -10.472136,
      "z" : -12.736068
    }, {
      "x" : 5.635255,
      "y" : 0.618034,
      "z" : -12.736068
    }, {
      "x" : 6.871323,
      "y" : 0.618034,
      "z" : -12.736068
    } ],
    "faces" : [ {
      "vertices" : [ 0, 1, 2 ]
    }, {
      "vertices" : [ 0, 2, 3 ]
    }, {
      "vertices" : [ 0, 3, 2 ]
    }, {
      "vertices" : [ 0, 2, 1 ]
    } ]
  }, {
    "id" : "c4018f80-a0d4-4117-92d1-67879e4a3bcb",
    "vertices" : [ {
      "x" : 0.54508495,
      "y" : -1.0,
      "z" : -6.736068
    }, {
      "x" : 2.6352549,
      "y" : -4.381966,
      "z" : -8.027864
    }, {
      "x" : 5.2532887,
      "y" : -3.381966,
      "z" : -6.40983
    }, {
      "x" : 3.163119,
      "y" : 0.0,
      "z" : -5.118034
    } ],
    "faces" : [ {
      "vertices" : [ 0, 1, 2 ]
    }, {
      "vertices" : [ 0, 2, 3 ]
    }, {
      "vertices" : [ 0, 3, 2 ]
    }, {
      "vertices" : [ 0, 2, 1 ]
    } ]
  }, {
    "id" : "08dc135f-a8ea-426e-b896-1921ef8c05ca",
    "vertices" : [ {
      "x" : 5.2532887,
      "y" : -18.708204,
      "z" : -1.4098301
    }, {
      "x" : 6.2532887,
      "y" : -17.09017,
      "z" : 1.2082039
    }, {
      "x" : 6.2532887,
      "y" : -0.38196602,
      "z" : -9.118034
    }, {
      "x" : 5.2532887,
      "y" : -2.0,
      "z" : -11.736068
    } ],
    "faces" : [ {
      "vertices" : [ 0, 1, 2 ]
    }, {
      "vertices" : [ 0, 2, 3 ]
    }, {
      "vertices" : [ 0, 3, 2 ]
    }, {
      "vertices" : [ 0, 2, 1 ]
    } ]
  }, {
    "id" : "07439536-aac8-4334-9011-dc78fbdb8614",
    "vertices" : [ {
      "x" : 23.579527,
      "y" : 11.708204,
      "z" : -9.5
    }, {
      "x" : 23.579527,
      "y" : 10.944272,
      "z" : -9.5
    }, {
      "x" : 6.871323,
      "y" : 0.618034,
      "z" : -9.5
    }, {
      "x" : 5.635255,
      "y" : 0.618034,
      "z" : -9.5
    } ],
    "faces" : [ {
      "vertices" : [ 0, 1, 2 ]
    }, {
      "vertices" : [ 0, 2, 3 ]
    }, {
      "vertices" : [ 0, 3, 2 ]
    }, {
      "vertices" : [ 0, 2, 1 ]
    } ]
  }, {
    "id" : "fff59772-8970-418c-972f-9a2b9f2689ca",
    "vertices" : [ {
      "x" : 1.017221,
      "y" : -1.0,
      "z" : -7.5
    }, {
      "x" : 2.6352549,
      "y" : -3.618034,
      "z" : -8.5
    }, {
      "x" : 2.6352549,
      "y" : -4.381966,
      "z" : -8.027864
    }, {
      "x" : 0.54508495,
      "y" : -1.0,
      "z" : -6.736068
    } ],
    "faces" : [ {
      "vertices" : [ 0, 1, 2 ]
    }, {
      "vertices" : [ 0, 2, 3 ]
    }, {
      "vertices" : [ 0, 3, 2 ]
    }, {
      "vertices" : [ 0, 2, 1 ]
    } ]
  }, {
    "id" : "f044ac75-15db-4d9f-84ab-bb0a23bac3d8",
    "vertices" : [ {
      "x" : -5.454915,
      "y" : 0.618034,
      "z" : 8.444272
    }, {
      "x" : -5.454915,
      "y" : 0.618034,
      "z" : 9.208204
    }, {
      "x" : -5.454915,
      "y" : -16.09017,
      "z" : 19.534441
    }, {
      "x" : -5.454915,
      "y" : -17.326239,
      "z" : 19.534441
    } ],
    "faces" : [ {
      "vertices" : [ 0, 1, 2 ]
    }, {
      "vertices" : [ 0, 2, 3 ]
    }, {
      "vertices" : [ 0, 3, 2 ]
    }, {
      "vertices" : [ 0, 2, 1 ]
    } ]
  }, {
    "id" : "768ccd0d-90a0-40d4-9d57-dec7fb6b484c",
    "vertices" : [ {
      "x" : 22.961493,
      "y" : -27.416409,
      "z" : 1.2082039
    }, {
      "x" : 21.961493,
      "y" : -29.034441,
      "z" : -1.4098301
    }, {
      "x" : 22.579527,
      "y" : -30.034441,
      "z" : -1.0278641
    }, {
      "x" : 23.579527,
      "y" : -28.416409,
      "z" : 1.5901699
    } ],
    "faces" : [ {
      "vertices" : [ 0, 1, 2 ]
    }, {
      "vertices" : [ 0, 2, 3 ]
    }, {
      "vertices" : [ 0, 3, 2 ]
    }, {
      "vertices" : [ 0, 2, 1 ]
    } ]
  }, {
    "id" : "e31b1ce2-9048-4205-84a3-94eed24e2111",
    "vertices" : [ {
      "x" : 0.47213596,
      "y" : 0.0,
      "z" : -0.76393205
    }, {
      "x" : -2.145898,
      "y" : -1.0,
      "z" : -2.381966
    }, {
      "x" : 2.6352549,
      "y" : -8.736068,
      "z" : -5.336881
    }, {
      "x" : 5.2532887,
      "y" : -7.736068,
      "z" : -3.718847
    } ],
    "faces" : [ {
      "vertices" : [ 0, 1, 2 ]
    }, {
      "vertices" : [ 0, 2, 3 ]
    }, {
      "vertices" : [ 0, 3, 2 ]
    }, {
      "vertices" : [ 0, 2, 1 ]
    } ]
  }, {
    "id" : "b157c88d-a335-4b7d-aac6-ead11d7d8f95",
    "vertices" : [ {
      "x" : 23.579527,
      "y" : 10.944272,
      "z" : -12.736068
    }, {
      "x" : 23.579527,
      "y" : 11.708204,
      "z" : -12.736068
    }, {
      "x" : 5.635255,
      "y" : 0.618034,
      "z" : -12.736068
    }, {
      "x" : 6.871323,
      "y" : 0.618034,
      "z" : -12.736068
    } ],
    "faces" : [ {
      "vertices" : [ 0, 1, 2 ]
    }, {
      "vertices" : [ 0, 2, 3 ]
    }, {
      "vertices" : [ 0, 3, 2 ]
    }, {
      "vertices" : [ 0, 2, 1 ]
    } ]
  }, {
    "id" : "4cc9e5a9-5d8f-47ef-ae5e-945196ba6c2d",
    "vertices" : [ {
      "x" : 22.343458,
      "y" : -30.416409,
      "z" : 0.8262379
    }, {
      "x" : 23.579527,
      "y" : -30.888544,
      "z" : 0.062305897
    }, {
      "x" : 4.107391,
      "y" : -18.854101,
      "z" : 0.062305897
    }, {
      "x" : 4.399187,
      "y" : -19.326239,
      "z" : 0.8262379
    } ],
    "faces" : [ {
      "vertices" : [ 0, 1, 2 ]
    }, {
      "vertices" : [ 0, 2, 3 ]
    }, {
      "vertices" : [ 0, 3, 2 ]
    }, {
      "vertices" : [ 0, 2, 1 ]
    } ]
  }, {
    "id" : "a167bd74-f98f-46d8-af96-266afcd711d5",
    "vertices" : [ {
      "x" : 5.2532887,
      "y" : 0.0,
      "z" : -8.5
    }, {
      "x" : 2.6352549,
      "y" : -1.0,
      "z" : -10.118034
    }, {
      "x" : 3.017221,
      "y" : -0.38196602,
      "z" : -11.118034
    }, {
      "x" : 5.635255,
      "y" : 0.618034,
      "z" : -9.5
    } ],
    "faces" : [ {
      "vertices" : [ 0, 1, 2 ]
    }, {
      "vertices" : [ 0, 2, 3 ]
    }, {
      "vertices" : [ 0, 3, 2 ]
    }, {
      "vertices" : [ 0, 2, 1 ]
    } ]
  }, {
    "id" : "045d901a-4018-40d7-b077-ac837cc8b5a5",
    "vertices" : [ {
      "x" : -8.072949,
      "y" : -0.38196602,
      "z" : 6.826238
    }, {
      "x" : -7.690983,
      "y" : -1.0,
      "z" : 6.59017
    }, {
      "x" : -5.072949,
      "y" : 0.0,
      "z" : 8.208204
    }, {
      "x" : -5.454915,
      "y" : 0.618034,
      "z" : 8.444272
    } ],
    "faces" : [ {
      "vertices" : [ 0, 1, 2 ]
    }, {
      "vertices" : [ 0, 2, 3 ]
    }, {
      "vertices" : [ 0, 3, 2 ]
    }, {
      "vertices" : [ 0, 2, 1 ]
    } ]
  }, {
    "id" : "59700f1b-3b41-4279-9451-b09a4dc40f1d",
    "vertices" : [ {
      "x" : -8.690983,
      "y" : -17.326239,
      "z" : 19.534441
    }, {
      "x" : -5.454915,
      "y" : -17.326239,
      "z" : 19.534441
    }, {
      "x" : -5.454915,
      "y" : 0.618034,
      "z" : 8.444272
    }, {
      "x" : -8.690983,
      "y" : 0.618034,
      "z" : 8.444272
    } ],
    "faces" : [ {
      "vertices" : [ 0, 1, 2 ]
    }, {
      "vertices" : [ 0, 2, 3 ]
    }, {
      "vertices" : [ 0, 3, 2 ]
    }, {
      "vertices" : [ 0, 2, 1 ]
    } ]
  }, {
    "id" : "f363efc9-cf28-4eb9-9bff-ed991a175cde",
    "vertices" : [ {
      "x" : 4.871323,
      "y" : -0.618034,
      "z" : -11.5
    }, {
      "x" : 4.107391,
      "y" : 0.618034,
      "z" : -11.972136
    }, {
      "x" : 4.107391,
      "y" : -18.854101,
      "z" : 0.062305897
    }, {
      "x" : 4.871323,
      "y" : -18.562305,
      "z" : -0.40983006
    } ],
    "faces" : [ {
      "vertices" : [ 0, 1, 2 ]
    }, {
      "vertices" : [ 0, 2, 3 ]
    }, {
      "vertices" : [ 0, 3, 2 ]
    }, {
      "vertices" : [ 0, 2, 1 ]
    } ]
  }, {
    "id" : "fd478fea-7550-4a1e-8233-c5217e0ea470",
    "vertices" : [ {
      "x" : -8.690983,
      "y" : -17.326239,
      "z" : 19.534441
    }, {
      "x" : -8.690983,
      "y" : -19.326239,
      "z" : 19.534441
    }, {
      "x" : -8.690983,
      "y" : 0.618034,
      "z" : 7.208204
    }, {
      "x" : -8.690983,
      "y" : 0.618034,
      "z" : 8.444272
    } ],
    "faces" : [ {
      "vertices" : [ 0, 1, 2 ]
    }, {
      "vertices" : [ 0, 2, 3 ]
    }, {
      "vertices" : [ 0, 3, 2 ]
    }, {
      "vertices" : [ 0, 2, 1 ]
    } ]
  }, {
    "id" : "cf5d1232-a576-4812-8b3a-245d59748a16",
    "vertices" : [ {
      "x" : 9.725425,
      "y" : -20.09017,
      "z" : 2.208204
    }, {
      "x" : 8.489357,
      "y" : -19.326239,
      "z" : 2.208204
    }, {
      "x" : 4.2532887,
      "y" : -17.708204,
      "z" : 4.826238
    }, {
      "x" : 3.489357,
      "y" : -17.708204,
      "z" : 6.062306
    } ],
    "faces" : [ {
      "vertices" : [ 0, 1, 2 ]
    }, {
      "vertices" : [ 0, 2, 3 ]
    }, {
      "vertices" : [ 0, 3, 2 ]
    }, {
      "vertices" : [ 0, 2, 1 ]
    } ]
  }, {
    "id" : "aa7f0726-90d6-4747-a00c-e9b8092a4929",
    "vertices" : [ {
      "x" : 3.6352549,
      "y" : -0.14589803,
      "z" : -10.736068
    }, {
      "x" : 4.107391,
      "y" : 0.618034,
      "z" : -11.972136
    }, {
      "x" : 3.6352549,
      "y" : 0.618034,
      "z" : -12.736068
    }, {
      "x" : 3.017221,
      "y" : -0.38196602,
      "z" : -11.118034
    } ],
    "faces" : [ {
      "vertices" : [ 0, 1, 2 ]
    }, {
      "vertices" : [ 0, 2, 3 ]
    }, {
      "vertices" : [ 0, 3, 2 ]
    }, {
      "vertices" : [ 0, 2, 1 ]
    } ]
  }, {
    "id" : "7fec589e-b8f2-4575-8442-18b136d3f447",
    "vertices" : [ {
      "x" : 3.6352549,
      "y" : 0.618034,
      "z" : -12.736068
    }, {
      "x" : 4.107391,
      "y" : 0.618034,
      "z" : -11.972136
    }, {
      "x" : 23.579527,
      "y" : 12.652476,
      "z" : -11.972136
    }, {
      "x" : 23.579527,
      "y" : 12.944272,
      "z" : -12.736068
    } ],
    "faces" : [ {
      "vertices" : [ 0, 1, 2 ]
    }, {
      "vertices" : [ 0, 2, 3 ]
    }, {
      "vertices" : [ 0, 3, 2 ]
    }, {
      "vertices" : [ 0, 2, 1 ]
    } ]
  }, {
    "id" : "b319fca3-86aa-4e58-9600-e3cc5aa2f48a",
    "vertices" : [ {
      "x" : 3.6352549,
      "y" : 0.618034,
      "z" : -12.736068
    }, {
      "x" : 4.635255,
      "y" : 2.236068,
      "z" : -12.118034
    }, {
      "x" : 4.871323,
      "y" : 1.854102,
      "z" : -11.5
    }, {
      "x" : 4.107391,
      "y" : 0.618034,
      "z" : -11.972136
    } ],
    "faces" : [ {
      "vertices" : [ 0, 1, 2 ]
    }, {
      "vertices" : [ 0, 2, 3 ]
    }, {
      "vertices" : [ 0, 3, 2 ]
    }, {
      "vertices" : [ 0, 2, 1 ]
    } ]
  }, {
    "id" : "e9421b82-446c-43ae-8073-36de1f420ba9",
    "vertices" : [ {
      "x" : 21.961493,
      "y" : -12.326238,
      "z" : -11.736068
    }, {
      "x" : 22.961493,
      "y" : -10.708204,
      "z" : -9.118034
    }, {
      "x" : 6.2532887,
      "y" : -0.38196602,
      "z" : -9.118034
    }, {
      "x" : 5.2532887,
      "y" : -2.0,
      "z" : -11.736068
    } ],
    "faces" : [ {
      "vertices" : [ 0, 1, 2 ]
    }, {
      "vertices" : [ 0, 2, 3 ]
    }, {
      "vertices" : [ 0, 3, 2 ]
    }, {
      "vertices" : [ 0, 2, 1 ]
    } ]
  }, {
    "id" : "a73122c4-4d2c-49c6-b566-668bca0c7aa8",
    "vertices" : [ {
      "x" : -8.690983,
      "y" : 4.472136,
      "z" : 11.59017
    }, {
      "x" : -8.690983,
      "y" : -3.236068,
      "z" : 11.59017
    }, {
      "x" : -5.454915,
      "y" : -3.236068,
      "z" : 11.59017
    }, {
      "x" : -5.454915,
      "y" : 4.472136,
      "z" : 11.59017
    } ],
    "faces" : [ {
      "vertices" : [ 0, 1, 2 ]
    }, {
      "vertices" : [ 0, 2, 3 ]
    }, {
      "vertices" : [ 0, 3, 2 ]
    }, {
      "vertices" : [ 0, 2, 1 ]
    } ]
  }, {
    "id" : "6ef259eb-8dc3-495f-8108-582a25c2e954",
    "vertices" : [ {
      "x" : -7.927051,
      "y" : -17.326239,
      "z" : 19.534441
    }, {
      "x" : -7.927051,
      "y" : -18.854101,
      "z" : 19.534441
    }, {
      "x" : -7.927051,
      "y" : 0.618034,
      "z" : 7.5
    }, {
      "x" : -7.927051,
      "y" : 0.618034,
      "z" : 8.444272
    } ],
    "faces" : [ {
      "vertices" : [ 0, 1, 2 ]
    }, {
      "vertices" : [ 0, 2, 3 ]
    }, {
      "vertices" : [ 0, 3, 2 ]
    }, {
      "vertices" : [ 0, 2, 1 ]
    } ]
  }, {
    "id" : "56a74882-fdc9-45b1-9abd-c757d4e50347",
    "vertices" : [ {
      "x" : 5.2532887,
      "y" : -14.854102,
      "z" : -3.791796
    }, {
      "x" : 5.2532887,
      "y" : -16.09017,
      "z" : -3.027864
    }, {
      "x" : 7.871323,
      "y" : -20.326239,
      "z" : -1.4098301
    }, {
      "x" : 9.10739,
      "y" : -21.09017,
      "z" : -1.4098301
    } ],
    "faces" : [ {
      "vertices" : [ 0, 1, 2 ]
    }, {
      "vertices" : [ 0, 2, 3 ]
    }, {
      "vertices" : [ 0, 3, 2 ]
    }, {
      "vertices" : [ 0, 2, 1 ]
    } ]
  }, {
    "id" : "1825bc7c-fd5a-4640-a139-e28ebad821c4",
    "vertices" : [ {
      "x" : 3.6352549,
      "y" : 0.618034,
      "z" : -12.736068
    }, {
      "x" : 4.635255,
      "y" : -1.0,
      "z" : -12.118034
    }, {
      "x" : 4.871323,
      "y" : -0.618034,
      "z" : -11.5
    }, {
      "x" : 4.107391,
      "y" : 0.618034,
      "z" : -11.972136
    } ],
    "faces" : [ {
      "vertices" : [ 0, 1, 2 ]
    }, {
      "vertices" : [ 0, 2, 3 ]
    }, {
      "vertices" : [ 0, 3, 2 ]
    }, {
      "vertices" : [ 0, 2, 1 ]
    } ]
  }, {
    "id" : "ff7e819f-48f1-4d29-9f1c-eecb0371df77",
    "vertices" : [ {
      "x" : 5.2532887,
      "y" : -4.618034,
      "z" : -10.118034
    }, {
      "x" : 7.871323,
      "y" : -3.618034,
      "z" : -11.736068
    }, {
      "x" : 8.635255,
      "y" : -4.09017,
      "z" : -11.736068
    }, {
      "x" : 5.2532887,
      "y" : -5.381966,
      "z" : -9.645898
    } ],
    "faces" : [ {
      "vertices" : [ 0, 1, 2 ]
    }, {
      "vertices" : [ 0, 2, 3 ]
    }, {
      "vertices" : [ 0, 3, 2 ]
    }, {
      "vertices" : [ 0, 2, 1 ]
    } ]
  }, {
    "id" : "cd6053d8-73d6-4277-96db-65e3b7729a68",
    "vertices" : [ {
      "x" : 10.253289,
      "y" : -1.4721359,
      "z" : -12.736068
    }, {
      "x" : 10.253289,
      "y" : 2.708204,
      "z" : -12.736068
    }, {
      "x" : 10.253289,
      "y" : 2.708204,
      "z" : -9.5
    }, {
      "x" : 10.253289,
      "y" : -1.4721359,
      "z" : -9.5
    } ],
    "faces" : [ {
      "vertices" : [ 0, 1, 2 ]
    }, {
      "vertices" : [ 0, 2, 3 ]
    }, {
      "vertices" : [ 0, 3, 2 ]
    }, {
      "vertices" : [ 0, 2, 1 ]
    } ]
  }, {
    "id" : "d5f323c1-2118-4af4-ba78-c2944f07e5a0",
    "vertices" : [ {
      "x" : -7.927051,
      "y" : 0.618034,
      "z" : 8.444272
    }, {
      "x" : -8.690983,
      "y" : 0.618034,
      "z" : 8.444272
    }, {
      "x" : -8.690983,
      "y" : 0.618034,
      "z" : 7.208204
    }, {
      "x" : -7.927051,
      "y" : 0.618034,
      "z" : 7.5
    } ],
    "faces" : [ {
      "vertices" : [ 0, 1, 2 ]
    }, {
      "vertices" : [ 0, 2, 3 ]
    }, {
      "vertices" : [ 0, 3, 2 ]
    }, {
      "vertices" : [ 0, 2, 1 ]
    } ]
  }, {
    "id" : "01d463f7-6fef-44a4-94ac-268c5bd95402",
    "vertices" : [ {
      "x" : 2.6352549,
      "y" : 18.944271,
      "z" : 0.20820393
    }, {
      "x" : 3.017221,
      "y" : 19.562305,
      "z" : -0.027864045
    }, {
      "x" : 3.017221,
      "y" : 1.618034,
      "z" : -11.118034
    }, {
      "x" : 2.6352549,
      "y" : 2.236068,
      "z" : -10.118034
    } ],
    "faces" : [ {
      "vertices" : [ 0, 1, 2 ]
    }, {
      "vertices" : [ 0, 2, 3 ]
    }, {
      "vertices" : [ 0, 3, 2 ]
    }, {
      "vertices" : [ 0, 2, 1 ]
    } ]
  }, {
    "id" : "548f1c21-2d71-44bc-8508-cb7920403c2c",
    "vertices" : [ {
      "x" : 3.017221,
      "y" : -0.38196602,
      "z" : -11.118034
    }, {
      "x" : 3.6352549,
      "y" : 0.618034,
      "z" : -12.736068
    }, {
      "x" : -8.690983,
      "y" : 0.618034,
      "z" : 7.208204
    }, {
      "x" : -8.072949,
      "y" : -0.38196602,
      "z" : 6.826238
    } ],
    "faces" : [ {
      "vertices" : [ 0, 1, 2 ]
    }, {
      "vertices" : [ 0, 2, 3 ]
    }, {
      "vertices" : [ 0, 3, 2 ]
    }, {
      "vertices" : [ 0, 2, 1 ]
    } ]
  }, {
    "id" : "fbf0d0cc-a2fd-481f-9de0-763538adcc22",
    "vertices" : [ {
      "x" : 3.6352549,
      "y" : 0.618034,
      "z" : -12.736068
    }, {
      "x" : 4.107391,
      "y" : 0.618034,
      "z" : -11.972136
    }, {
      "x" : -7.927051,
      "y" : 0.618034,
      "z" : 7.5
    }, {
      "x" : -8.690983,
      "y" : 0.618034,
      "z" : 7.208204
    } ],
    "faces" : [ {
      "vertices" : [ 0, 1, 2 ]
    }, {
      "vertices" : [ 0, 2, 3 ]
    }, {
      "vertices" : [ 0, 3, 2 ]
    }, {
      "vertices" : [ 0, 2, 1 ]
    } ]
  }, {
    "id" : "e512cfc5-d9f6-453c-8370-fb3b4d1ceb15",
    "vertices" : [ {
      "x" : -3.454915,
      "y" : -16.708204,
      "z" : 15.916408
    }, {
      "x" : -6.072949,
      "y" : -17.708204,
      "z" : 14.298374
    }, {
      "x" : -7.690983,
      "y" : -15.09017,
      "z" : 15.298374
    }, {
      "x" : -5.072949,
      "y" : -14.09017,
      "z" : 16.916409
    } ],
    "faces" : [ {
      "vertices" : [ 0, 1, 2 ]
    }, {
      "vertices" : [ 0, 2, 3 ]
    }, {
      "vertices" : [ 0, 3, 2 ]
    }, {
      "vertices" : [ 0, 2, 1 ]
    } ]
  }, {
    "id" : "b88e4a00-43e0-40fd-9aee-ab3b994cf442",
    "vertices" : [ {
      "x" : -8.690983,
      "y" : 0.618034,
      "z" : 9.208204
    }, {
      "x" : -8.690983,
      "y" : 0.618034,
      "z" : 8.444272
    }, {
      "x" : -8.690983,
      "y" : -17.326239,
      "z" : 19.534441
    }, {
      "x" : -8.690983,
      "y" : -16.09017,
      "z" : 19.534441
    } ],
    "faces" : [ {
      "vertices" : [ 0, 1, 2 ]
    }, {
      "vertices" : [ 0, 2, 3 ]
    }, {
      "vertices" : [ 0, 3, 2 ]
    }, {
      "vertices" : [ 0, 2, 1 ]
    } ]
  }, {
    "id" : "1c9b6612-6b8e-4c37-a94c-28d54c23ca31",
    "vertices" : [ {
      "x" : -7.690983,
      "y" : 2.236068,
      "z" : 6.59017
    }, {
      "x" : -8.072949,
      "y" : 1.618034,
      "z" : 6.826238
    }, {
      "x" : -8.072949,
      "y" : 19.562305,
      "z" : 17.916409
    }, {
      "x" : -7.690983,
      "y" : 18.944271,
      "z" : 16.916409
    } ],
    "faces" : [ {
      "vertices" : [ 0, 1, 2 ]
    }, {
      "vertices" : [ 0, 2, 3 ]
    }, {
      "vertices" : [ 0, 3, 2 ]
    }, {
      "vertices" : [ 0, 2, 1 ]
    } ]
  }, {
    "id" : "befe49db-3f3b-40be-ad8d-0eea5cb57b37",
    "vertices" : [ {
      "x" : -7.690983,
      "y" : -4.854102,
      "z" : 8.972136
    }, {
      "x" : -7.690983,
      "y" : -3.618034,
      "z" : 8.208204
    }, {
      "x" : -6.072949,
      "y" : -1.0,
      "z" : 3.972136
    }, {
      "x" : -5.309017,
      "y" : -1.0,
      "z" : 2.736068
    } ],
    "faces" : [ {
      "vertices" : [ 0, 1, 2 ]
    }, {
      "vertices" : [ 0, 2, 3 ]
    }, {
      "vertices" : [ 0, 3, 2 ]
    }, {
      "vertices" : [ 0, 2, 1 ]
    } ]
  }, {
    "id" : "ddd640b9-1d3c-476b-a46e-d5bbaacb67a7",
    "vertices" : [ {
      "x" : 4.635255,
      "y" : 2.236068,
      "z" : -12.118034
    }, {
      "x" : 5.2532887,
      "y" : 3.236068,
      "z" : -11.736068
    }, {
      "x" : 6.2532887,
      "y" : 1.618034,
      "z" : -9.118034
    }, {
      "x" : 5.635255,
      "y" : 0.618034,
      "z" : -9.5
    } ],
    "faces" : [ {
      "vertices" : [ 0, 1, 2 ]
    }, {
      "vertices" : [ 0, 2, 3 ]
    }, {
      "vertices" : [ 0, 3, 2 ]
    }, {
      "vertices" : [ 0, 2, 1 ]
    } ]
  }, {
    "id" : "7736a0df-246b-419e-b95f-87e1a049446a",
    "vertices" : [ {
      "x" : 2.6352549,
      "y" : -17.708204,
      "z" : 0.20820393
    }, {
      "x" : 5.2532887,
      "y" : -16.708204,
      "z" : 1.8262379
    }, {
      "x" : 5.2532887,
      "y" : 0.0,
      "z" : -8.5
    }, {
      "x" : 2.6352549,
      "y" : -1.0,
      "z" : -10.118034
    } ],
    "faces" : [ {
      "vertices" : [ 0, 1, 2 ]
    }, {
      "vertices" : [ 0, 2, 3 ]
    }, {
      "vertices" : [ 0, 3, 2 ]
    }, {
      "vertices" : [ 0, 2, 1 ]
    } ]
  }, {
    "id" : "0a837fd3-87a6-4420-a3b6-8d533586df3c",
    "vertices" : [ {
      "x" : 3.6352549,
      "y" : 0.618034,
      "z" : -12.736068
    }, {
      "x" : 3.017221,
      "y" : 1.618034,
      "z" : -11.118034
    }, {
      "x" : 3.6352549,
      "y" : 1.381966,
      "z" : -10.736068
    }, {
      "x" : 4.107391,
      "y" : 0.618034,
      "z" : -11.972136
    } ],
    "faces" : [ {
      "vertices" : [ 0, 1, 2 ]
    }, {
      "vertices" : [ 0, 2, 3 ]
    }, {
      "vertices" : [ 0, 3, 2 ]
    }, {
      "vertices" : [ 0, 2, 1 ]
    } ]
  }, {
    "id" : "bf9253ec-13de-49a9-ba5e-3083850bd705",
    "vertices" : [ {
      "x" : 3.017221,
      "y" : 1.618034,
      "z" : -11.118034
    }, {
      "x" : 2.6352549,
      "y" : 2.236068,
      "z" : -10.118034
    }, {
      "x" : 5.2532887,
      "y" : 1.236068,
      "z" : -8.5
    }, {
      "x" : 5.635255,
      "y" : 0.618034,
      "z" : -9.5
    } ],
    "faces" : [ {
      "vertices" : [ 0, 1, 2 ]
    }, {
      "vertices" : [ 0, 2, 3 ]
    }, {
      "vertices" : [ 0, 3, 2 ]
    }, {
      "vertices" : [ 0, 2, 1 ]
    } ]
  }, {
    "id" : "1d4d1d32-5fc5-40f9-8a30-1c42956c3421",
    "vertices" : [ {
      "x" : 4.635255,
      "y" : -1.0,
      "z" : -12.118034
    }, {
      "x" : 3.6352549,
      "y" : 0.618034,
      "z" : -12.736068
    }, {
      "x" : 3.6352549,
      "y" : -19.326239,
      "z" : -0.40983006
    }, {
      "x" : 4.635255,
      "y" : -18.944271,
      "z" : -1.0278641
    } ],
    "faces" : [ {
      "vertices" : [ 0, 1, 2 ]
    }, {
      "vertices" : [ 0, 2, 3 ]
    }, {
      "vertices" : [ 0, 3, 2 ]
    }, {
      "vertices" : [ 0, 2, 1 ]
    } ]
  }, {
    "id" : "64ac376e-f847-4b81-98c4-98b130e55809",
    "vertices" : [ {
      "x" : 5.2532887,
      "y" : 19.944271,
      "z" : -1.4098301
    }, {
      "x" : 6.2532887,
      "y" : 18.326239,
      "z" : 1.2082039
    }, {
      "x" : 6.2532887,
      "y" : 1.618034,
      "z" : -9.118034
    }, {
      "x" : 5.2532887,
      "y" : 3.236068,
      "z" : -11.736068
    } ],
    "faces" : [ {
      "vertices" : [ 0, 1, 2 ]
    }, {
      "vertices" : [ 0, 2, 3 ]
    }, {
      "vertices" : [ 0, 3, 2 ]
    }, {
      "vertices" : [ 0, 2, 1 ]
    } ]
  }, {
    "id" : "62bd67b6-41d2-4494-81f7-8d92c574a999",
    "vertices" : [ {
      "x" : 5.635255,
      "y" : 0.618034,
      "z" : -12.736068
    }, {
      "x" : 3.6352549,
      "y" : 0.618034,
      "z" : -12.736068
    }, {
      "x" : 23.579527,
      "y" : 12.944272,
      "z" : -12.736068
    }, {
      "x" : 23.579527,
      "y" : 11.708204,
      "z" : -12.736068
    } ],
    "faces" : [ {
      "vertices" : [ 0, 1, 2 ]
    }, {
      "vertices" : [ 0, 2, 3 ]
    }, {
      "vertices" : [ 0, 3, 2 ]
    }, {
      "vertices" : [ 0, 2, 1 ]
    } ]
  }, {
    "id" : "6fd04ce3-db5c-48a7-b05d-b72d3efe9826",
    "vertices" : [ {
      "x" : 4.871323,
      "y" : -18.562305,
      "z" : -0.40983006
    }, {
      "x" : 4.635255,
      "y" : -18.944271,
      "z" : -1.0278641
    }, {
      "x" : 3.6352549,
      "y" : -19.326239,
      "z" : -0.40983006
    }, {
      "x" : 4.107391,
      "y" : -18.854101,
      "z" : 0.062305897
    } ],
    "faces" : [ {
      "vertices" : [ 0, 1, 2 ]
    }, {
      "vertices" : [ 0, 2, 3 ]
    }, {
      "vertices" : [ 0, 3, 2 ]
    }, {
      "vertices" : [ 0, 2, 1 ]
    } ]
  }, {
    "id" : "65381c1e-44ab-4d83-9803-f1b8d112c426",
    "vertices" : [ {
      "x" : 3.6352549,
      "y" : 19.326239,
      "z" : 0.35410196
    }, {
      "x" : 3.017221,
      "y" : 19.562305,
      "z" : -0.027864045
    }, {
      "x" : 3.6352549,
      "y" : 20.562305,
      "z" : -0.40983006
    }, {
      "x" : 4.107391,
      "y" : 20.09017,
      "z" : 0.062305897
    } ],
    "faces" : [ {
      "vertices" : [ 0, 1, 2 ]
    }, {
      "vertices" : [ 0, 2, 3 ]
    }, {
      "vertices" : [ 0, 3, 2 ]
    }, {
      "vertices" : [ 0, 2, 1 ]
    } ]
  }, {
    "id" : "df3a3988-8523-4d55-b1c5-6af985a3fd6a",
    "vertices" : [ {
      "x" : 4.635255,
      "y" : 2.236068,
      "z" : -12.118034
    }, {
      "x" : 3.6352549,
      "y" : 0.618034,
      "z" : -12.736068
    }, {
      "x" : 23.579527,
      "y" : 12.944272,
      "z" : -12.736068
    }, {
      "x" : 22.579527,
      "y" : 13.326238,
      "z" : -12.118034
    } ],
    "faces" : [ {
      "vertices" : [ 0, 1, 2 ]
    }, {
      "vertices" : [ 0, 2, 3 ]
    }, {
      "vertices" : [ 0, 3, 2 ]
    }, {
      "vertices" : [ 0, 2, 1 ]
    } ]
  }, {
    "id" : "9973aa6a-7f7b-4ec1-934c-9267682844de",
    "vertices" : [ {
      "x" : 4.2532887,
      "y" : -20.326239,
      "z" : 1.2082039
    }, {
      "x" : 5.871323,
      "y" : -17.708204,
      "z" : 2.208204
    }, {
      "x" : -4.454915,
      "y" : -17.708204,
      "z" : 18.916409
    }, {
      "x" : -6.072949,
      "y" : -20.326239,
      "z" : 17.916409
    } ],
    "faces" : [ {
      "vertices" : [ 0, 1, 2 ]
    }, {
      "vertices" : [ 0, 2, 3 ]
    }, {
      "vertices" : [ 0, 3, 2 ]
    }, {
      "vertices" : [ 0, 2, 1 ]
    } ]
  }, {
    "id" : "7301c9e5-4891-4499-9ac8-59d31c94cd46",
    "vertices" : [ {
      "x" : 4.635255,
      "y" : -1.0,
      "z" : -12.118034
    }, {
      "x" : 5.2532887,
      "y" : -2.0,
      "z" : -11.736068
    }, {
      "x" : 6.2532887,
      "y" : -0.38196602,
      "z" : -9.118034
    }, {
      "x" : 5.635255,
      "y" : 0.618034,
      "z" : -9.5
    } ],
    "faces" : [ {
      "vertices" : [ 0, 1, 2 ]
    }, {
      "vertices" : [ 0, 2, 3 ]
    }, {
      "vertices" : [ 0, 3, 2 ]
    }, {
      "vertices" : [ 0, 2, 1 ]
    } ]
  }, {
    "id" : "be1f9f2d-99c3-4048-a9ca-1287c49dbfa1",
    "vertices" : [ {
      "x" : 5.2532887,
      "y" : 3.854102,
      "z" : -6.881966
    }, {
      "x" : 3.6352549,
      "y" : 1.236068,
      "z" : -5.881966
    }, {
      "x" : 3.163119,
      "y" : 1.236068,
      "z" : -5.118034
    }, {
      "x" : 5.2532887,
      "y" : 4.618034,
      "z" : -6.40983
    } ],
    "faces" : [ {
      "vertices" : [ 0, 1, 2 ]
    }, {
      "vertices" : [ 0, 2, 3 ]
    }, {
      "vertices" : [ 0, 3, 2 ]
    }, {
      "vertices" : [ 0, 2, 1 ]
    } ]
  }, {
    "id" : "5112a01f-73ed-4195-9c3b-d65aed83874e",
    "vertices" : [ {
      "x" : -7.454915,
      "y" : 19.326239,
      "z" : 18.298374
    }, {
      "x" : -7.927051,
      "y" : 20.09017,
      "z" : 19.534441
    }, {
      "x" : -7.927051,
      "y" : 0.618034,
      "z" : 7.5
    }, {
      "x" : -7.454915,
      "y" : 1.381966,
      "z" : 7.208204
    } ],
    "faces" : [ {
      "vertices" : [ 0, 1, 2 ]
    }, {
      "vertices" : [ 0, 2, 3 ]
    }, {
      "vertices" : [ 0, 3, 2 ]
    }, {
      "vertices" : [ 0, 2, 1 ]
    } ]
  }, {
    "id" : "948146ba-c447-4aa9-8408-9783be1bbc74",
    "vertices" : [ {
      "x" : -5.309017,
      "y" : 2.236068,
      "z" : 2.736068
    }, {
      "x" : -6.072949,
      "y" : 2.236068,
      "z" : 3.972136
    }, {
      "x" : -7.690983,
      "y" : 4.854102,
      "z" : 8.208204
    }, {
      "x" : -7.690983,
      "y" : 6.09017,
      "z" : 8.972136
    } ],
    "faces" : [ {
      "vertices" : [ 0, 1, 2 ]
    }, {
      "vertices" : [ 0, 2, 3 ]
    }, {
      "vertices" : [ 0, 3, 2 ]
    }, {
      "vertices" : [ 0, 2, 1 ]
    } ]
  }, {
    "id" : "3bd1f250-82af-4ffb-8556-8ffd03b494f8",
    "vertices" : [ {
      "x" : -8.690983,
      "y" : -19.326239,
      "z" : 19.534441
    }, {
      "x" : -8.690983,
      "y" : -17.326239,
      "z" : 19.534441
    }, {
      "x" : -7.927051,
      "y" : -17.326239,
      "z" : 19.534441
    }, {
      "x" : -7.927051,
      "y" : -18.854101,
      "z" : 19.534441
    } ],
    "faces" : [ {
      "vertices" : [ 0, 1, 2 ]
    }, {
      "vertices" : [ 0, 2, 3 ]
    }, {
      "vertices" : [ 0, 3, 2 ]
    }, {
      "vertices" : [ 0, 2, 1 ]
    } ]
  }, {
    "id" : "ea9627a9-4637-4d2c-a4e4-d73aa7683658",
    "vertices" : [ {
      "x" : -7.690983,
      "y" : -4.854102,
      "z" : 8.972136
    }, {
      "x" : -5.309017,
      "y" : -1.0,
      "z" : 2.736068
    }, {
      "x" : -2.690983,
      "y" : 0.0,
      "z" : 4.354102
    }, {
      "x" : -5.072949,
      "y" : -3.854102,
      "z" : 10.59017
    } ],
    "faces" : [ {
      "vertices" : [ 0, 1, 2 ]
    }, {
      "vertices" : [ 0, 2, 3 ]
    }, {
      "vertices" : [ 0, 3, 2 ]
    }, {
      "vertices" : [ 0, 2, 1 ]
    } ]
  }, {
    "id" : "9c1096cf-9169-4df3-944b-1b9fcbe38118",
    "vertices" : [ {
      "x" : -7.454915,
      "y" : -4.472136,
      "z" : 8.354102
    }, {
      "x" : -7.690983,
      "y" : -4.854102,
      "z" : 8.972136
    }, {
      "x" : 0.2532889,
      "y" : -17.708204,
      "z" : 4.062306
    }, {
      "x" : 0.48935688,
      "y" : -17.326239,
      "z" : 3.4442718
    } ],
    "faces" : [ {
      "vertices" : [ 0, 1, 2 ]
    }, {
      "vertices" : [ 0, 2, 3 ]
    }, {
      "vertices" : [ 0, 3, 2 ]
    }, {
      "vertices" : [ 0, 2, 1 ]
    } ]
  }, {
    "id" : "6936a088-2216-4962-8e04-e0255285266c",
    "vertices" : [ {
      "x" : 3.6352549,
      "y" : 1.236068,
      "z" : -5.881966
    }, {
      "x" : 1.017221,
      "y" : 2.236068,
      "z" : -7.5
    }, {
      "x" : 2.6352549,
      "y" : 4.854102,
      "z" : -8.5
    }, {
      "x" : 5.2532887,
      "y" : 3.854102,
      "z" : -6.881966
    } ],
    "faces" : [ {
      "vertices" : [ 0, 1, 2 ]
    }, {
      "vertices" : [ 0, 2, 3 ]
    }, {
      "vertices" : [ 0, 3, 2 ]
    }, {
      "vertices" : [ 0, 2, 1 ]
    } ]
  }, {
    "id" : "4bf28fb0-f11d-44cb-9d2c-42d63297221d",
    "vertices" : [ {
      "x" : 5.635255,
      "y" : -17.326239,
      "z" : 1.5901699
    }, {
      "x" : 6.2532887,
      "y" : -17.09017,
      "z" : 1.2082039
    }, {
      "x" : 6.2532887,
      "y" : -0.38196602,
      "z" : -9.118034
    }, {
      "x" : 5.635255,
      "y" : 0.618034,
      "z" : -9.5
    } ],
    "faces" : [ {
      "vertices" : [ 0, 1, 2 ]
    }, {
      "vertices" : [ 0, 2, 3 ]
    }, {
      "vertices" : [ 0, 3, 2 ]
    }, {
      "vertices" : [ 0, 2, 1 ]
    } ]
  }, {
    "id" : "efcbfe31-c8ac-40ae-98ca-b2bdc283a58c",
    "vertices" : [ {
      "x" : 23.579527,
      "y" : -9.708204,
      "z" : -12.736068
    }, {
      "x" : 23.579527,
      "y" : -9.708204,
      "z" : -9.5
    }, {
      "x" : 6.871323,
      "y" : 0.618034,
      "z" : -9.5
    }, {
      "x" : 6.871323,
      "y" : 0.618034,
      "z" : -12.736068
    } ],
    "faces" : [ {
      "vertices" : [ 0, 1, 2 ]
    }, {
      "vertices" : [ 0, 2, 3 ]
    }, {
      "vertices" : [ 0, 3, 2 ]
    }, {
      "vertices" : [ 0, 2, 1 ]
    } ]
  }, {
    "id" : "1a61af44-55a4-47c4-acd6-dbed70d1ad18",
    "vertices" : [ {
      "x" : -8.690983,
      "y" : -19.326239,
      "z" : 19.534441
    }, {
      "x" : -7.927051,
      "y" : -18.854101,
      "z" : 19.534441
    }, {
      "x" : -7.927051,
      "y" : 0.618034,
      "z" : 7.5
    }, {
      "x" : -8.690983,
      "y" : 0.618034,
      "z" : 7.208204
    } ],
    "faces" : [ {
      "vertices" : [ 0, 1, 2 ]
    }, {
      "vertices" : [ 0, 2, 3 ]
    }, {
      "vertices" : [ 0, 3, 2 ]
    }, {
      "vertices" : [ 0, 2, 1 ]
    } ]
  }, {
    "id" : "94d1f313-850d-4472-a3d3-646d9a3be26b",
    "vertices" : [ {
      "x" : -8.690983,
      "y" : 20.562305,
      "z" : 19.534441
    }, {
      "x" : -8.690983,
      "y" : 18.562305,
      "z" : 19.534441
    }, {
      "x" : -7.927051,
      "y" : 18.562305,
      "z" : 19.534441
    }, {
      "x" : -7.927051,
      "y" : 20.09017,
      "z" : 19.534441
    } ],
    "faces" : [ {
      "vertices" : [ 0, 1, 2 ]
    }, {
      "vertices" : [ 0, 2, 3 ]
    }, {
      "vertices" : [ 0, 3, 2 ]
    }, {
      "vertices" : [ 0, 2, 1 ]
    } ]
  }, {
    "id" : "c20f9d28-f362-47c3-910b-3582e99f181d",
    "vertices" : [ {
      "x" : -8.072949,
      "y" : 19.562305,
