{
  "field" : "golden",
  "symmetry" : "icosahedral",
  "orientations" : [ [ 1.0, 0.0, 0.0, 0.0, 0.0, 1.0, 0.0, 0.0, 0.0, 0.0, 1.0, 0.0, 0.0, 0.0, 0.0, 1.0 ], [ 0.0, 0.0, 1.0, 0.0, 1.0, 0.0, 0.0, 0.0, 0.0, 1.0, 0.0, 0.0, 0.0, 0.0, 0.0, 1.0 ], [ 0.0, 1.0, 0.0, 0.0, 0.0, 0.0, 1.0, 0.0, 1.0, 0.0, 0.0, 0.0, 0.0, 0.0, 0.0, 1.0 ], [ 0.809017, 0.309017, 0.5, 0.0, 0.309017, 0.5, -0.809017, 0.0, -0.5, 0.809017, 0.309017, 0.0, 0.0, 0.0, 0.0, 1.0 ], [ -0.5, 0.809017, 0.309017, 0.0, 0.809017, 0.309017, 0.5, 0.0, 0.309017, 0.5, -0.809017, 0.0, 0.0, 0.0, 0.0, 1.0 ], [ 0.309017, 0.5, -0.809017, 0.0, -0.5, 0.809017, 0.309017, 0.0, 0.809017, 0.309017, 0.5, 0.0, 0.0, 0.0, 0.0, 1.0 ], [ 0.5, 0.809017, 0.309017, 0.0, 0.809017, -0.309017, -0.5, 0.0, -0.309017, 0.5, -0.809017, 0.0, 0.0, 0.0, 0.0, 1.0 ], [ -0.309017, 0.5, -0.809017, 0.0, 0.5, 0.809017, 0.309017, 0.0, 0.809017, -0.309017, -0.5, 0.0, 0.0, 0.0, 0.0, 1.0 ], [ 0.809017, -0.309017, -0.5, 0.0, -0.309017, 0.5, -0.809017, 0.0, 0.5, 0.809017, 0.309017, 0.0, 0.0, 0.0, 0.0, 1.0 ], [ 0.5, 0.809017, -0.309017, 0.0, 0.809017, -0.309017, 0.5, 0.0, 0.309017, -0.5, -0.809017, 0.0, 0.0, 0.0, 0.0, 1.0 ], [ 0.309017, -0.5, -0.809017, 0.0, 0.5, 0.809017, -0.309017, 0.0, 0.809017, -0.309017, 0.5, 0.0, 0.0, 0.0, 0.0, 1.0 ], [ 0.809017, -0.309017, 0.5, 0.0, 0.309017, -0.5, -0.809017, 0.0, 0.5, 0.809017, -0.309017, 0.0, 0.0, 0.0, 0.0, 1.0 ], [ 0.809017, 0.309017, -0.5, 0.0, 0.309017, 0.5, 0.809017, 0.0, 0.5, -0.809017, 0.309017, 0.0, 0.0, 0.0, 0.0, 1.0 ], [ 0.5, -0.809017, 0.309017, 0.0, 0.809017, 0.309017, -0.5, 0.0, 0.309017, 0.5, 0.809017, 0.0, 0.0, 0.0, 0.0, 1.0 ], [ 0.309017, 0.5, 0.809017, 0.0, 0.5, -0.809017, 0.309017, 0.0, 0.809017, 0.309017, -0.5, 0.0, 0.0, 0.0, 0.0, 1.0 ], [ 1.0, 0.0, 0.0, 0.0, 0.0, -1.0, 0.0, 0.0, 0.0, 0.0, -1.0, 0.0, 0.0, 0.0, 0.0, 1.0 ], [ 0.0, 0.0, 1.0, 0.0, -1.0, 0.0, 0.0, 0.0, 0.0, -1.0, 0.0, 0.0, 0.0, 0.0, 0.0, 1.0 ], [ 0.0, 1.0, 0.0, 0.0, 0.0, 0.0, -1.0, 0.0, -1.0, 0.0, 0.0, 0.0, 0.0, 0.0, 0.0, 1.0 ], [ 0.809017, 0.309017, 0.5, 0.0, -0.309017, -0.5, 0.809017, 0.0, 0.5, -0.809017, -0.309017, 0.0, 0.0, 0.0, 0.0, 1.0 ], [ -0.5, 0.809017, 0.309017, 0.0, -0.809017, -0.309017, -0.5, 0.0, -0.309017, -0.5, 0.809017, 0.0, 0.0, 0.0, 0.0, 1.0 ], [ 0.309017, 0.5, -0.809017, 0.0, 0.5, -0.809017, -0.309017, 0.0, -0.809017, -0.309017, -0.5, 0.0, 0.0, 0.0, 0.0, 1.0 ], [ 0.5, 0.809017, 0.309017, 0.0, -0.809017, 0.309017, 0.5, 0.0, 0.309017, -0.5, 0.809017, 0.0, 0.0, 0.0, 0.0, 1.0 ], [ -0.309017, 0.5, -0.809017, 0.0, -0.5, -0.809017, -0.309017, 0.0, -0.809017, 0.309017, 0.5, 0.0, 0.0, 0.0, 0.0, 1.0 ], [ 0.809017, -0.309017, -0.5, 0.0, 0.309017, -0.5, 0.809017, 0.0, -0.5, -0.809017, -0.309017, 0.0, 0.0, 0.0, 0.0, 1.0 ], [ 0.5, 0.809017, -0.309017, 0.0, -0.809017, 0.309017, -0.5, 0.0, -0.309017, 0.5, 0.809017, 0.0, 0.0, 0.0, 0.0, 1.0 ], [ 0.309017, -0.5, -0.809017, 0.0, -0.5, -0.809017, 0.309017, 0.0, -0.809017, 0.309017, -0.5, 0.0, 0.0, 0.0, 0.0, 1.0 ], [ 0.809017, -0.309017, 0.5, 0.0, -0.309017, 0.5, 0.809017, 0.0, -0.5, -0.809017, 0.309017, 0.0, 0.0, 0.0, 0.0, 1.0 ], [ 0.809017, 0.309017, -0.5, 0.0, -0.309017, -0.5, -0.809017, 0.0, -0.5, 0.809017, -0.309017, 0.0, 0.0, 0.0, 0.0, 1.0 ], [ 0.5, -0.809017, 0.309017, 0.0, -0.809017, -0.309017, 0.5, 0.0, -0.309017, -0.5, -0.809017, 0.0, 0.0, 0.0, 0.0, 1.0 ], [ 0.309017, 0.5, 0.809017, 0.0, -0.5, 0.809017, -0.309017, 0.0, -0.809017, -0.309017, 0.5, 0.0, 0.0, 0.0, 0.0, 1.0 ], [ -1.0, 0.0, 0.0, 0.0, 0.0, -1.0, 0.0, 0.0, 0.0, 0.0, 1.0, 0.0, 0.0, 0.0, 0.0, 1.0 ], [ 0.0, 0.0, -1.0, 0.0, -1.0, 0.0, 0.0, 0.0, 0.0, 1.0, 0.0, 0.0, 0.0, 0.0, 0.0, 1.0 ], [ 0.0, -1.0, 0.0, 0.0, 0.0, 0.0, -1.0, 0.0, 1.0, 0.0, 0.0, 0.0, 0.0, 0.0, 0.0, 1.0 ], [ -0.809017, -0.309017, -0.5, 0.0, -0.309017, -0.5, 0.809017, 0.0, -0.5, 0.809017, 0.309017, 0.0, 0.0, 0.0, 0.0, 1.0 ], [ 0.5, -0.809017, -0.309017, 0.0, -0.809017, -0.309017, -0.5, 0.0, 0.309017, 0.5, -0.809017, 0.0, 0.0, 0.0, 0.0, 1.0 ], [ -0.309017, -0.5, 0.809017, 0.0, 0.5, -0.809017, -0.309017, 0.0, 0.809017, 0.309017, 0.5, 0.0, 0.0, 0.0, 0.0, 1.0 ], [ -0.5, -0.809017, -0.309017, 0.0, -0.809017, 0.309017, 0.5, 0.0, -0.309017, 0.5, -0.809017, 0.0, 0.0, 0.0, 0.0, 1.0 ], [ 0.309017, -0.5, 0.809017, 0.0, -0.5, -0.809017, -0.309017, 0.0, 0.809017, -0.309017, -0.5, 0.0, 0.0, 0.0, 0.0, 1.0 ], [ -0.809017, 0.309017, 0.5, 0.0, 0.309017, -0.5, 0.809017, 0.0, 0.5, 0.809017, 0.309017, 0.0, 0.0, 0.0, 0.0, 1.0 ], [ -0.5, -0.809017, 0.309017, 0.0, -0.809017, 0.309017, -0.5, 0.0, 0.309017, -0.5, -0.809017, 0.0, 0.0, 0.0, 0.0, 1.0 ], [ -0.309017, 0.5, 0.809017, 0.0, -0.5, -0.809017, 0.309017, 0.0, 0.809017, -0.309017, 0.5, 0.0, 0.0, 0.0, 0.0, 1.0 ], [ -0.809017, 0.309017, -0.5, 0.0, -0.309017, 0.5, 0.809017, 0.0, 0.5, 0.809017, -0.309017, 0.0, 0.0, 0.0, 0.0, 1.0 ], [ -0.809017, -0.309017, 0.5, 0.0, -0.309017, -0.5, -0.809017, 0.0, 0.5, -0.809017, 0.309017, 0.0, 0.0, 0.0, 0.0, 1.0 ], [ -0.5, 0.809017, -0.309017, 0.0, -0.809017, -0.309017, 0.5, 0.0, 0.309017, 0.5, 0.809017, 0.0, 0.0, 0.0, 0.0, 1.0 ], [ -0.309017, -0.5, -0.809017, 0.0, -0.5, 0.809017, -0.309017, 0.0, 0.809017, 0.309017, -0.5, 0.0, 0.0, 0.0, 0.0, 1.0 ], [ -1.0, 0.0, 0.0, 0.0, 0.0, 1.0, 0.0, 0.0, 0.0, 0.0, -1.0, 0.0, 0.0, 0.0, 0.0, 1.0 ], [ 0.0, 0.0, -1.0, 0.0, 1.0, 0.0, 0.0, 0.0, 0.0, -1.0, 0.0, 0.0, 0.0, 0.0, 0.0, 1.0 ], [ 0.0, -1.0, 0.0, 0.0, 0.0, 0.0, 1.0, 0.0, -1.0, 0.0, 0.0, 0.0, 0.0, 0.0, 0.0, 1.0 ], [ -0.809017, -0.309017, -0.5, 0.0, 0.309017, 0.5, -0.809017, 0.0, 0.5, -0.809017, -0.309017, 0.0, 0.0, 0.0, 0.0, 1.0 ], [ 0.5, -0.809017, -0.309017, 0.0, 0.809017, 0.309017, 0.5, 0.0, -0.309017, -0.5, 0.809017, 0.0, 0.0, 0.0, 0.0, 1.0 ], [ -0.309017, -0.5, 0.809017, 0.0, -0.5, 0.809017, 0.309017, 0.0, -0.809017, -0.309017, -0.5, 0.0, 0.0, 0.0, 0.0, 1.0 ], [ -0.5, -0.809017, -0.309017, 0.0, 0.809017, -0.309017, -0.5, 0.0, 0.309017, -0.5, 0.809017, 0.0, 0.0, 0.0, 0.0, 1.0 ], [ 0.309017, -0.5, 0.809017, 0.0, 0.5, 0.809017, 0.309017, 0.0, -0.809017, 0.309017, 0.5, 0.0, 0.0, 0.0, 0.0, 1.0 ], [ -0.809017, 0.309017, 0.5, 0.0, -0.309017, 0.5, -0.809017, 0.0, -0.5, -0.809017, -0.309017, 0.0, 0.0, 0.0, 0.0, 1.0 ], [ -0.5, -0.809017, 0.309017, 0.0, 0.809017, -0.309017, 0.5, 0.0, -0.309017, 0.5, 0.809017, 0.0, 0.0, 0.0, 0.0, 1.0 ], [ -0.309017, 0.5, 0.809017, 0.0, 0.5, 0.809017, -0.309017, 0.0, -0.809017, 0.309017, -0.5, 0.0, 0.0, 0.0, 0.0, 1.0 ], [ -0.809017, 0.309017, -0.5, 0.0, 0.309017, -0.5, -0.809017, 0.0, -0.5, -0.809017, 0.309017, 0.0, 0.0, 0.0, 0.0, 1.0 ], [ -0.809017, -0.309017, 0.5, 0.0, 0.309017, 0.5, 0.809017, 0.0, -0.5, 0.809017, -0.309017, 0.0, 0.0, 0.0, 0.0, 1.0 ], [ -0.5, 0.809017, -0.309017, 0.0, 0.809017, 0.309017, -0.5, 0.0, -0.309017, -0.5, -0.809017, 0.0, 0.0, 0.0, 0.0, 1.0 ], [ -0.309017, -0.5, -0.809017, 0.0, 0.5, -0.809017, 0.309017, 0.0, -0.809017, -0.309017, 0.5, 0.0, 0.0, 0.0, 0.0, 1.0 ] ],
  "lights" : {
    "ambientColor" : "#292929",
    "backgroundColor" : "#E0EFFF",
    "directionalLights" : [ {
      "direction" : {
        "x" : 1.0,
        "y" : -1.0,
        "z" : -1.0
      },
      "color" : "#EBEBE4"
    }, {
      "direction" : {
        "x" : -1.0,
        "y" : 0.0,
        "z" : 0.0
      },
      "color" : "#E4E4EB"
    }, {
      "direction" : {
        "x" : 0.0,
        "y" : 0.0,
        "z" : -1.0
      },
      "color" : "#1E1E1E"
    } ]
  },
  "camera" : {
    "viewDistance" : 198.1213,
    "nearClipDistance" : 0.4953033,
    "farClipDistance" : 396.2424,
    "lookAtPoint" : {
      "x" : 0.0,
      "y" : 0.0,
      "z" : 0.0
    },
    "fieldOfView" : 0.44262877,
    "perspective" : true,
    "lookDirection" : {
      "x" : 0.0,
      "y" : 0.0,
      "z" : -1.0
    },
    "upDirection" : {
      "x" : 0.0,
      "y" : 1.0,
      "z" : 0.0
    },
    "width" : 89.154564,
    "stereo" : false,
    "position" : {
      "x" : 0.0,
      "y" : 0.0,
      "z" : 198.1213
    }
  },
  "embedding" : [ 1.0, 0.0, 0.0, 0.0, 0.0, 1.0, 0.0, 0.0, 0.0, 0.0, 1.0, 0.0, 0.0, 0.0, 0.0, 1.0 ],
  "shapes" : [ {
    "id" : "ab06459c-38e0-42e1-9386-49253a53bd16",
    "vertices" : [ {
      "x" : 6.9495935,
      "y" : 1.1545085,
      "z" : -1.559017
    }, {
      "x" : 7.3176274,
      "y" : 1.25,
      "z" : -2.0225425
    }, {
      "x" : 1.0954915,
      "y" : 0.1545085,
      "z" : 0.059016995
    }, {
      "x" : 6.7586102,
      "y" : 1.4635255,
      "z" : -2.059017
    }, {
      "x" : 0.9045085,
      "y" : 0.4635255,
      "z" : -0.440983
    }, {
      "x" : 6.7586102,
      "y" : 0.8454915,
      "z" : -1.677051
    }, {
      "x" : 0.9045085,
      "y" : -0.1545085,
      "z" : -0.059016995
    }, {
      "x" : 6.5676274,
      "y" : 1.1545085,
      "z" : -2.177051
    }, {
      "x" : 7.663119,
      "y" : 1.309017,
      "z" : -2.118034
    }, {
      "x" : 0.3454915,
      "y" : 0.059016995,
      "z" : -0.095491506
    }, {
      "x" : 0.7135255,
      "y" : 0.1545085,
      "z" : -0.559017
    } ],
    "faces" : [ {
      "vertices" : [ 2, 9, 6 ]
    }, {
      "vertices" : [ 0, 1, 3 ]
    }, {
      "vertices" : [ 0, 5, 1 ]
    }, {
      "vertices" : [ 4, 10, 9 ]
    }, {
      "vertices" : [ 3, 7, 10 ]
    }, {
      "vertices" : [ 3, 10, 4 ]
    }, {
      "vertices" : [ 0, 3, 4 ]
    }, {
      "vertices" : [ 0, 4, 2 ]
    }, {
      "vertices" : [ 6, 9, 10 ]
    }, {
      "vertices" : [ 1, 7, 3 ]
    }, {
      "vertices" : [ 5, 6, 10 ]
    }, {
      "vertices" : [ 5, 10, 7 ]
    }, {
      "vertices" : [ 0, 2, 6 ]
    }, {
      "vertices" : [ 0, 6, 5 ]
    }, {
      "vertices" : [ 1, 5, 7 ]
    }, {
      "vertices" : [ 2, 4, 9 ]
    } ]
  }, {
    "id" : "c1b60aa6-ac8b-42c0-be53-3628842d0fbe",
    "vertices" : [ {
      "x" : 0.9045085,
      "y" : 0.3454915,
      "z" : 0.25
    }, {
      "x" : 21.466814,
      "y" : 13.053696,
      "z" : 0.25
    }, {
      "x" : 21.275831,
      "y" : 13.362713,
      "z" : 0.25
    }, {
      "x" : 0.7135255,
      "y" : 0.6545085,
      "z" : 0.25
    }, {
      "x" : 0.809017,
      "y" : 0.5,
      "z" : -0.309017
    }, {
      "x" : 0.9635255,
      "y" : 0.25,
      "z" : -0.095491506
    }, {
      "x" : 0.309017,
      "y" : 0.19098301,
      "z" : 0.0
    }, {
      "x" : 21.871323,
      "y" : 13.5172205,
      "z" : 0.0
    }, {
      "x" : 21.216814,
      "y" : 13.458204,
      "z" : -0.095491506
    }, {
      "x" : 21.371323,
      "y" : 13.208204,
      "z" : -0.309017
    }, {
      "x" : 22.18034,
      "y" : 13.708204,
      "z" : 0.0
    }, {
      "x" : 0.6545085,
      "y" : 0.75,
      "z" : -0.095491506
    }, {
      "x" : 21.525831,
      "y" : 12.958204,
      "z" : -0.095491506
    } ],
    "faces" : [ {
      "vertices" : [ 4, 11, 8 ]
    }, {
      "vertices" : [ 4, 8, 9 ]
    }, {
      "vertices" : [ 0, 1, 2 ]
    }, {
      "vertices" : [ 0, 2, 3 ]
    }, {
      "vertices" : [ 0, 3, 6 ]
    }, {
      "vertices" : [ 1, 7, 2 ]
    }, {
      "vertices" : [ 0, 6, 5 ]
    }, {
      "vertices" : [ 4, 5, 6 ]
    }, {
      "vertices" : [ 2, 7, 8 ]
    }, {
      "vertices" : [ 0, 5, 12 ]
    }, {
      "vertices" : [ 0, 12, 1 ]
    }, {
      "vertices" : [ 1, 12, 7 ]
    }, {
      "vertices" : [ 3, 11, 6 ]
    }, {
      "vertices" : [ 4, 6, 11 ]
    }, {
      "vertices" : [ 7, 9, 8 ]
    }, {
      "vertices" : [ 2, 8, 11 ]
    }, {
      "vertices" : [ 2, 11, 3 ]
    }, {
      "vertices" : [ 7, 12, 9 ]
    }, {
      "vertices" : [ 4, 9, 12 ]
    }, {
      "vertices" : [ 4, 12, 5 ]
    } ]
  }, {
    "id" : "66b20f4b-eae8-4887-ba7a-3e6672a73c9f",
    "vertices" : [ {
      "x" : 0.809017,
      "y" : 0.618034,
      "z" : -0.19098301
    }, {
      "x" : 0.809017,
      "y" : 0.0,
      "z" : -0.19098301
    }, {
      "x" : 0.309017,
      "y" : 0.11803399,
      "z" : 0.0
    }, {
      "x" : 17.135256,
      "y" : 6.854102,
      "z" : 0.19098301
    }, {
      "x" : 0.809017,
      "y" : 0.618034,
      "z" : 0.19098301
    }, {
      "x" : 0.809017,
      "y" : 0.0,
      "z" : 0.19098301
    }, {
      "x" : 17.135256,
      "y" : 6.236068,
      "z" : 0.19098301
    }, {
      "x" : 17.635256,
      "y" : 6.736068,
      "z" : 0.0
    }, {
      "x" : 17.135256,
      "y" : 6.854102,
      "z" : -0.19098301
    }, {
      "x" : 17.944271,
      "y" : 6.854102,
      "z" : 0.0
    }, {
      "x" : 17.135256,
      "y" : 6.236068,
      "z" : -0.19098301
    } ],
    "faces" : [ {
      "vertices" : [ 3, 6, 7 ]
    }, {
      "vertices" : [ 3, 4, 5 ]
    }, {
      "vertices" : [ 3, 5, 6 ]
    }, {
      "vertices" : [ 3, 7, 8 ]
    }, {
      "vertices" : [ 0, 1, 2 ]
    }, {
      "vertices" : [ 0, 8, 10 ]
    }, {
      "vertices" : [ 0, 10, 1 ]
    }, {
      "vertices" : [ 1, 10, 6 ]
    }, {
      "vertices" : [ 1, 6, 5 ]
    }, {
      "vertices" : [ 0, 2, 4 ]
    }, {
      "vertices" : [ 6, 10, 7 ]
    }, {
      "vertices" : [ 1, 5, 2 ]
    }, {
      "vertices" : [ 7, 10, 8 ]
    }, {
      "vertices" : [ 2, 5, 4 ]
    }, {
      "vertices" : [ 0, 4, 3 ]
    }, {
      "vertices" : [ 0, 3, 8 ]
    } ]
  }, {
    "id" : "fcf76303-e84d-417a-a0d4-fc11b56d4fe0",
    "vertices" : [ {
      "x" : 1.0,
      "y" : 0.309017,
      "z" : 0.19098301
    }, {
      "x" : 1.0,
      "y" : -0.309017,
      "z" : 0.19098301
    }, {
      "x" : 10.09017,
      "y" : -0.309017,
      "z" : 0.19098301
    }, {
      "x" : 10.09017,
      "y" : 0.309017,
      "z" : 0.19098301
    }, {
      "x" : 10.09017,
      "y" : -0.309017,
      "z" : -0.19098301
    }, {
      "x" : 10.09017,
      "y" : 0.309017,
      "z" : -0.19098301
    }, {
      "x" : 10.708204,
      "y" : 0.0,
      "z" : 0.0
    }, {
      "x" : 0.38196602,
      "y" : 0.0,
      "z" : 0.0
    }, {
      "x" : 1.0,
      "y" : 0.309017,
      "z" : -0.19098301
    }, {
      "x" : 1.0,
      "y" : -0.309017,
      "z" : -0.19098301
    }, {
      "x" : 11.09017,
      "y" : 0.0,
      "z" : 0.0
    } ],
    "faces" : [ {
      "vertices" : [ 1, 9, 4 ]
    }, {
      "vertices" : [ 1, 4, 2 ]
    }, {
      "vertices" : [ 0, 3, 5 ]
    }, {
      "vertices" : [ 0, 5, 8 ]
    }, {
      "vertices" : [ 1, 7, 9 ]
    }, {
      "vertices" : [ 0, 1, 2 ]
    }, {
      "vertices" : [ 0, 2, 3 ]
    }, {
      "vertices" : [ 7, 8, 9 ]
    }, {
      "vertices" : [ 0, 7, 1 ]
    }, {
      "vertices" : [ 4, 9, 8 ]
    }, {
      "vertices" : [ 4, 8, 5 ]
    }, {
      "vertices" : [ 2, 6, 3 ]
    }, {
      "vertices" : [ 2, 4, 6 ]
    }, {
      "vertices" : [ 3, 6, 5 ]
    }, {
      "vertices" : [ 4, 5, 6 ]
    }, {
      "vertices" : [ 0, 8, 7 ]
    } ]
  }, {
    "id" : "2beb1a26-181e-49ba-b515-8789e6053b28",
    "vertices" : [ {
      "x" : 0.309017,
      "y" : -0.309017,
      "z" : -0.309017
    }, {
      "x" : 0.5,
      "y" : 0.0,
      "z" : -0.19098301
    }, {
      "x" : 0.5,
      "y" : 0.0,
      "z" : 0.19098301
    }, {
      "x" : 0.309017,
      "y" : -0.309017,
      "z" : 0.309017
    }, {
      "x" : 0.19098301,
      "y" : -0.5,
      "z" : 0.0
    }, {
      "x" : 0.0,
      "y" : 0.19098301,
      "z" : 0.5
    }, {
      "x" : 0.0,
      "y" : -0.19098301,
      "z" : 0.5
    }, {
      "x" : 0.309017,
      "y" : 0.309017,
      "z" : 0.309017
    }, {
      "x" : -0.309017,
      "y" : -0.309017,
      "z" : 0.309017
    }, {
      "x" : -0.309017,
      "y" : 0.309017,
      "z" : 0.309017
    }, {
      "x" : -0.5,
      "y" : 0.0,
      "z" : 0.19098301
    }, {
      "x" : 0.0,
      "y" : -0.19098301,
      "z" : -0.5
    }, {
      "x" : 0.0,
      "y" : 0.19098301,
      "z" : -0.5
    }, {
      "x" : 0.309017,
      "y" : 0.309017,
      "z" : -0.309017
    }, {
      "x" : -0.309017,
      "y" : -0.309017,
      "z" : -0.309017
    }, {
      "x" : -0.19098301,
      "y" : -0.5,
      "z" : 0.0
    }, {
      "x" : -0.5,
      "y" : 0.0,
      "z" : -0.19098301
    }, {
      "x" : 0.19098301,
      "y" : 0.5,
      "z" : 0.0
    }, {
      "x" : -0.309017,
      "y" : 0.309017,
      "z" : -0.309017
    }, {
      "x" : 0.0,
      "y" : 0.0,
      "z" : 0.0
    }, {
      "x" : -0.19098301,
      "y" : 0.5,
      "z" : 0.0
    } ],
    "faces" : [ {
      "vertices" : [ 12, 18, 20 ]
    }, {
      "vertices" : [ 12, 20, 17 ]
    }, {
      "vertices" : [ 12, 17, 13 ]
    }, {
      "vertices" : [ 3, 6, 8 ]
    }, {
      "vertices" : [ 3, 8, 15 ]
    }, {
      "vertices" : [ 3, 15, 4 ]
    }, {
      "vertices" : [ 0, 11, 12 ]
    }, {
      "vertices" : [ 0, 12, 13 ]
    }, {
      "vertices" : [ 0, 13, 1 ]
    }, {
      "vertices" : [ 5, 9, 10 ]
    }, {
      "vertices" : [ 5, 10, 8 ]
    }, {
      "vertices" : [ 5, 8, 6 ]
    }, {
      "vertices" : [ 2, 7, 5 ]
    }, {
      "vertices" : [ 2, 5, 6 ]
    }, {
      "vertices" : [ 2, 6, 3 ]
    }, {
      "vertices" : [ 11, 14, 16 ]
    }, {
      "vertices" : [ 11, 16, 18 ]
    }, {
      "vertices" : [ 11, 18, 12 ]
    }, {
      "vertices" : [ 1, 13, 17 ]
    }, {
      "vertices" : [ 1, 17, 7 ]
    }, {
      "vertices" : [ 1, 7, 2 ]
    }, {
      "vertices" : [ 9, 20, 18 ]
    }, {
      "vertices" : [ 9, 18, 16 ]
    }, {
      "vertices" : [ 9, 16, 10 ]
    }, {
      "vertices" : [ 0, 1, 2 ]
    }, {
      "vertices" : [ 0, 2, 3 ]
    }, {
      "vertices" : [ 0, 3, 4 ]
    }, {
      "vertices" : [ 5, 7, 17 ]
    }, {
      "vertices" : [ 5, 17, 20 ]
    }, {
      "vertices" : [ 5, 20, 9 ]
    }, {
      "vertices" : [ 0, 4, 15 ]
    }, {
      "vertices" : [ 0, 15, 14 ]
    }, {
      "vertices" : [ 0, 14, 11 ]
    }, {
      "vertices" : [ 8, 10, 16 ]
    }, {
      "vertices" : [ 8, 16, 14 ]
    }, {
      "vertices" : [ 8, 14, 15 ]
    } ]
  } ],
  "instances" : [ {
    "shape" : "ab06459c-38e0-42e1-9386-49253a53bd16",
    "color" : "#DC4C00",
    "position" : {
      "x" : -6.854102,
      "y" : 17.944271,
      "z" : -11.09017
    },
    "orientation" : 11
  }, {
    "shape" : "c1b60aa6-ac8b-42c0-be53-3628842d0fbe",
    "color" : "#AF0000",
    "position" : {
      "x" : -11.09017,
      "y" : -6.854102,
      "z" : 17.944271
    },
    "orientation" : 0
  }, {
    "shape" : "66b20f4b-eae8-4887-ba7a-3e6672a73c9f",
    "color" : "#6C00C6",
    "position" : {
      "x" : -14.5172205,
      "y" : 16.635256,
      "z" : -2.118034
    },
    "orientation" : 22
  }, {
    "shape" : "fcf76303-e84d-417a-a0d4-fc11b56d4fe0",
    "color" : "#007695",
    "position" : {
      "x" : -17.944271,
      "y" : 11.09017,
      "z" : 0.0
    },
    "orientation" : 37
  }, {
    "shape" : "c1b60aa6-ac8b-42c0-be53-3628842d0fbe",
    "color" : "#AF0000",
    "position" : {
      "x" : 5.545085,
      "y" : -2.118034,
      "z" : -21.371323
    },
    "orientation" : 1
  }, {
    "shape" : "2beb1a26-181e-49ba-b515-8789e6053b28",
    "color" : "#FFFFFF",
    "position" : {
      "x" : 0.0,
      "y" : 0.0,
      "z" : 17.944271
    }
  }, {
    "shape" : "2beb1a26-181e-49ba-b515-8789e6053b28",
    "color" : "#FFFFFF",
    "position" : {
      "x" : 17.944271,
      "y" : -11.09017,
      "z" : 0.0
    }
  }, {
    "shape" : "66b20f4b-eae8-4887-ba7a-3e6672a73c9f",
    "color" : "#6C00C6",
    "position" : {
      "x" : -6.854102,
      "y" : 17.944271,
      "z" : -11.09017
    },
    "orientation" : 14
  }, {
    "shape" : "fcf76303-e84d-417a-a0d4-fc11b56d4fe0",
    "color" : "#007695",
    "position" : {
      "x" : 0.0,
      "y" : -17.944271,
      "z" : -11.09017
    },
    "orientation" : 6
  }, {
    "shape" : "fcf76303-e84d-417a-a0d4-fc11b56d4fe0",
    "color" : "#007695",
    "position" : {
      "x" : 17.944271,
      "y" : 11.09017,
      "z" : 0.0
    },
    "orientation" : 56
  }, {
    "shape" : "ab06459c-38e0-42e1-9386-49253a53bd16",
    "color" : "#DC4C00",
    "position" : {
      "x" : 6.854102,
      "y" : -17.944271,
      "z" : -11.09017
    },
    "orientation" : 41
  }, {
    "shape" : "ab06459c-38e0-42e1-9386-49253a53bd16",
    "color" : "#DC4C00",
    "position" : {
      "x" : 14.5172205,
      "y" : 5.545085,
      "z" : -15.826238
    },
    "orientation" : 31
  }, {
    "shape" : "2beb1a26-181e-49ba-b515-8789e6053b28",
    "color" : "#FFFFFF",
    "position" : {
      "x" : 5.545085,
      "y" : 2.118034,
      "z" : 21.371323
    }
  }, {
    "shape" : "2beb1a26-181e-49ba-b515-8789e6053b28",
    "color" : "#FFFFFF",
    "position" : {
      "x" : 20.062305,
      "y" : -7.663119,
      "z" : 5.545085
    }
  }, {
    "shape" : "2beb1a26-181e-49ba-b515-8789e6053b28",
    "color" : "#FFFFFF",
    "position" : {
      "x" : 17.944271,
      "y" : 11.09017,
      "z" : 0.0
    }
  }, {
    "shape" : "fcf76303-e84d-417a-a0d4-fc11b56d4fe0",
    "color" : "#007695",
    "position" : {
      "x" : 0.0,
      "y" : -17.944271,
      "z" : 11.09017
    },
    "orientation" : 51
  }, {
    "shape" : "fcf76303-e84d-417a-a0d4-fc11b56d4fe0",
    "color" : "#007695",
    "position" : {
      "x" : 0.0,
      "y" : 17.944271,
      "z" : 11.09017
    },
    "orientation" : 21
  }, {
    "shape" : "2beb1a26-181e-49ba-b515-8789e6053b28",
    "color" : "#FFFFFF",
    "position" : {
      "x" : -5.545085,
      "y" : 15.826238,
      "z" : 14.5172205
    }
  }, {
    "shape" : "2beb1a26-181e-49ba-b515-8789e6053b28",
    "color" : "#FFFFFF",
    "position" : {
      "x" : 17.944271,
      "y" : -11.09017,
      "z" : -6.854102
    }
  }, {
    "shape" : "fcf76303-e84d-417a-a0d4-fc11b56d4fe0",
    "color" : "#007695",
    "position" : {
      "x" : -17.944271,
      "y" : -11.09017,
      "z" : 0.0
    },
    "orientation" : 1
  }, {
    "shape" : "fcf76303-e84d-417a-a0d4-fc11b56d4fe0",
    "color" : "#007695",
    "position" : {
      "x" : 17.944271,
      "y" : 11.09017,
      "z" : 0.0
    },
    "orientation" : 40
  }, {
    "shape" : "c1b60aa6-ac8b-42c0-be53-3628842d0fbe",
    "color" : "#AF0000",
    "position" : {
      "x" : -21.371323,
      "y" : -5.545085,
      "z" : 2.118034
    },
    "orientation" : 17
  }, {
    "shape" : "ab06459c-38e0-42e1-9386-49253a53bd16",
    "color" : "#DC4C00",
    "position" : {
      "x" : 2.118034,
      "y" : 14.5172205,
      "z" : 16.635256
    },
    "orientation" : 20
  }, {
    "shape" : "66b20f4b-eae8-4887-ba7a-3e6672a73c9f",
    "color" : "#6C00C6",
    "position" : {
      "x" : 5.545085,
      "y" : -20.062305,
      "z" : 7.663119
    },
    "orientation" : 10
  }, {
    "shape" : "2beb1a26-181e-49ba-b515-8789e6053b28",
    "color" : "#FFFFFF",
    "position" : {
      "x" : 7.663119,
      "y" : 5.545085,
      "z" : -20.062305
    }
  }, {
    "shape" : "2beb1a26-181e-49ba-b515-8789e6053b28",
    "color" : "#FFFFFF",
    "position" : {
      "x" : -5.545085,
      "y" : 20.062305,
      "z" : 7.663119
    }
  }, {
    "shape" : "66b20f4b-eae8-4887-ba7a-3e6672a73c9f",
    "color" : "#6C00C6",
    "position" : {
      "x" : -15.826238,
      "y" : -14.5172205,
      "z" : -5.545085
    },
    "orientation" : 5
  }, {
    "shape" : "2beb1a26-181e-49ba-b515-8789e6053b28",
    "color" : "#FFFFFF",
    "position" : {
      "x" : -20.062305,
      "y" : -7.663119,
      "z" : -5.545085
    }
  }, {
    "shape" : "2beb1a26-181e-49ba-b515-8789e6053b28",
    "color" : "#FFFFFF",
    "position" : {
      "x" : -6.854102,
      "y" : -17.944271,
      "z" : 11.09017
    }
  }, {
    "shape" : "fcf76303-e84d-417a-a0d4-fc11b56d4fe0",
    "color" : "#007695",
    "position" : {
      "x" : 11.09017,
      "y" : 0.0,
      "z" : 17.944271
    },
    "orientation" : 45
  }, {
    "shape" : "ab06459c-38e0-42e1-9386-49253a53bd16",
    "color" : "#DC4C00",
    "position" : {
      "x" : -11.09017,
      "y" : -6.854102,
      "z" : 17.944271
    },
    "orientation" : 9
  }, {
    "shape" : "fcf76303-e84d-417a-a0d4-fc11b56d4fe0",
    "color" : "#007695",
    "position" : {
      "x" : -11.09017,
      "y" : 0.0,
      "z" : -17.944271
    },
    "orientation" : 0
  }, {
    "shape" : "2beb1a26-181e-49ba-b515-8789e6053b28",
    "color" : "#FFFFFF",
    "position" : {
      "x" : 14.5172205,
      "y" : -5.545085,
      "z" : 15.826238
    }
  }, {
    "shape" : "fcf76303-e84d-417a-a0d4-fc11b56d4fe0",
    "color" : "#007695",
    "position" : {
      "x" : 11.09017,
      "y" : 0.0,
      "z" : 17.944271
    },
    "orientation" : 36
  }, {
    "shape" : "2beb1a26-181e-49ba-b515-8789e6053b28",
    "color" : "#FFFFFF",
    "position" : {
      "x" : -16.635256,
      "y" : 2.118034,
      "z" : -14.5172205
    }
  }, {
    "shape" : "c1b60aa6-ac8b-42c0-be53-3628842d0fbe",
    "color" : "#AF0000",
    "position" : {
      "x" : -16.635256,
      "y" : 2.118034,
      "z" : -14.5172205
    },
    "orientation" : 0
  }, {
    "shape" : "fcf76303-e84d-417a-a0d4-fc11b56d4fe0",
    "color" : "#007695",
    "position" : {
      "x" : 0.0,
      "y" : -17.944271,
      "z" : 11.09017
    },
    "orientation" : 9
  }, {
    "shape" : "66b20f4b-eae8-4887-ba7a-3e6672a73c9f",
    "color" : "#6C00C6",
    "position" : {
      "x" : 15.826238,
      "y" : 14.5172205,
      "z" : -5.545085
    },
    "orientation" : 35
  }, {
    "shape" : "ab06459c-38e0-42e1-9386-49253a53bd16",
    "color" : "#DC4C00",
    "position" : {
      "x" : 5.545085,
      "y" : -2.118034,
      "z" : -21.371323
    },
    "orientation" : 13
  }, {
    "shape" : "2beb1a26-181e-49ba-b515-8789e6053b28",
    "color" : "#FFFFFF",
    "position" : {
      "x" : 0.0,
      "y" : 17.944271,
      "z" : 0.0
    }
  }, {
    "shape" : "2beb1a26-181e-49ba-b515-8789e6053b28",
    "color" : "#FFFFFF",
    "position" : {
      "x" : 7.663119,
      "y" : -5.545085,
      "z" : 20.062305
    }
  }, {
    "shape" : "2beb1a26-181e-49ba-b515-8789e6053b28",
    "color" : "#FFFFFF",
    "position" : {
      "x" : 5.545085,
      "y" : 15.826238,
      "z" : -14.5172205
    }
  }, {
    "shape" : "2beb1a26-181e-49ba-b515-8789e6053b28",
    "color" : "#FFFFFF",
    "position" : {
      "x" : 0.0,
      "y" : -17.944271,
      "z" : -11.09017
    }
  }, {
    "shape" : "2beb1a26-181e-49ba-b515-8789e6053b28",
    "color" : "#FFFFFF",
    "position" : {
      "x" : -17.944271,
      "y" : -11.09017,
      "z" : 0.0
    }
  }, {
    "shape" : "2beb1a26-181e-49ba-b515-8789e6053b28",
    "color" : "#FFFFFF",
    "position" : {
      "x" : 5.545085,
      "y" : 8.972136,
      "z" : -14.5172205
    }
  }, {
    "shape" : "66b20f4b-eae8-4887-ba7a-3e6672a73c9f",
    "color" : "#6C00C6",
    "position" : {
      "x" : -16.635256,
      "y" : 2.118034,
      "z" : -14.5172205
    },
    "orientation" : 6
  }, {
    "shape" : "2beb1a26-181e-49ba-b515-8789e6053b28",
    "color" : "#FFFFFF",
    "position" : {
      "x" : -14.5172205,
      "y" : -5.545085,
      "z" : -8.972136
    }
  }, {
    "shape" : "66b20f4b-eae8-4887-ba7a-3e6672a73c9f",
    "color" : "#6C00C6",
    "position" : {
      "x" : -5.545085,
      "y" : 2.118034,
      "z" : -21.371323
    },
    "orientation" : 31
  }, {
    "shape" : "2beb1a26-181e-49ba-b515-8789e6053b28",
    "color" : "#FFFFFF",
    "position" : {
      "x" : 6.854102,
      "y" : -17.944271,
      "z" : -11.09017
    }
  }, {
    "shape" : "2beb1a26-181e-49ba-b515-8789e6053b28",
    "color" : "#FFFFFF",
    "position" : {
      "x" : -21.371323,
      "y" : -5.545085,
      "z" : 2.118034
    }
  }, {
    "shape" : "66b20f4b-eae8-4887-ba7a-3e6672a73c9f",
    "color" : "#6C00C6",
    "position" : {
      "x" : 20.062305,
      "y" : -7.663119,
      "z" : 5.545085
    },
    "orientation" : 39
  }, {
    "shape" : "c1b60aa6-ac8b-42c0-be53-3628842d0fbe",
    "color" : "#AF0000",
    "position" : {
      "x" : -16.635256,
      "y" : -2.118034,
      "z" : 14.5172205
    },
    "orientation" : 15
  }, {
    "shape" : "66b20f4b-eae8-4887-ba7a-3e6672a73c9f",
    "color" : "#6C00C6",
    "position" : {
      "x" : 6.854102,
      "y" : 17.944271,
      "z" : 11.09017
    },
    "orientation" : 59
  }, {
    "shape" : "2beb1a26-181e-49ba-b515-8789e6053b28",
    "color" : "#FFFFFF",
    "position" : {
      "x" : 0.0,
      "y" : -17.944271,
      "z" : 0.0
    }
  }, {
    "shape" : "2beb1a26-181e-49ba-b515-8789e6053b28",
    "color" : "#FFFFFF",
    "position" : {
      "x" : -8.972136,
      "y" : 14.5172205,
      "z" : -5.545085
    }
  }, {
    "shape" : "ab06459c-38e0-42e1-9386-49253a53bd16",
    "color" : "#DC4C00",
    "position" : {
      "x" : -16.635256,
      "y" : 2.118034,
      "z" : -14.5172205
    },
    "orientation" : 3
  }, {
    "shape" : "fcf76303-e84d-417a-a0d4-fc11b56d4fe0",
    "color" : "#007695",
    "position" : {
      "x" : -11.09017,
      "y" : 0.0,
      "z" : -17.944271
    },
    "orientation" : 7
  }, {
    "shape" : "2beb1a26-181e-49ba-b515-8789e6053b28",
    "color" : "#FFFFFF",
    "position" : {
      "x" : -5.545085,
      "y" : -20.062305,
      "z" : -7.663119
    }
  }, {
    "shape" : "c1b60aa6-ac8b-42c0-be53-3628842d0fbe",
    "color" : "#AF0000",
    "position" : {
      "x" : 16.635256,
      "y" : -2.118034,
      "z" : -14.5172205
    },
    "orientation" : 30
  }, {
    "shape" : "66b20f4b-eae8-4887-ba7a-3e6672a73c9f",
    "color" : "#6C00C6",
    "position" : {
      "x" : 16.635256,
      "y" : -2.118034,
      "z" : -14.5172205
    },
    "orientation" : 36
  }, {
    "shape" : "2beb1a26-181e-49ba-b515-8789e6053b28",
    "color" : "#FFFFFF",
    "position" : {
      "x" : 0.0,
      "y" : 0.0,
      "z" : 0.0
    }
  }, {
    "shape" : "ab06459c-38e0-42e1-9386-49253a53bd16",
    "color" : "#DC4C00",
    "position" : {
      "x" : 21.371323,
      "y" : 5.545085,
      "z" : 2.118034
    },
    "orientation" : 59
  }, {
    "shape" : "2beb1a26-181e-49ba-b515-8789e6053b28",
    "color" : "#FFFFFF",
    "position" : {
      "x" : 11.09017,
      "y" : 0.0,
      "z" : -17.944271
    }
  }, {
    "shape" : "66b20f4b-eae8-4887-ba7a-3e6672a73c9f",
    "color" : "#6C00C6",
    "position" : {
      "x" : -16.635256,
      "y" : -2.118034,
      "z" : 14.5172205
    },
    "orientation" : 21
  }, {
    "shape" : "ab06459c-38e0-42e1-9386-49253a53bd16",
    "color" : "#DC4C00",
    "position" : {
      "x" : 7.663119,
      "y" : -5.545085,
      "z" : 20.062305
    },
    "orientation" : 23
  }, {
    "shape" : "fcf76303-e84d-417a-a0d4-fc11b56d4fe0",
    "color" : "#007695",
    "position" : {
      "x" : -17.944271,
      "y" : 11.09017,
      "z" : 0.0
    },
    "orientation" : 25
  }, {
    "shape" : "fcf76303-e84d-417a-a0d4-fc11b56d4fe0",
    "color" : "#007695",
    "position" : {
      "x" : -11.09017,
      "y" : 0.0,
      "z" : 17.944271
    },
    "orientation" : 22
  }, {
    "shape" : "66b20f4b-eae8-4887-ba7a-3e6672a73c9f",
    "color" : "#6C00C6",
    "position" : {
      "x" : 14.5172205,
      "y" : 5.545085,
      "z" : -15.826238
    },
    "orientation" : 34
  }, {
    "shape" : "2beb1a26-181e-49ba-b515-8789e6053b28",
    "color" : "#FFFFFF",
    "position" : {
      "x" : -21.371323,
      "y" : 5.545085,
      "z" : -2.118034
    }
  }, {
    "shape" : "2beb1a26-181e-49ba-b515-8789e6053b28",
    "color" : "#FFFFFF",
    "position" : {
      "x" : -14.5172205,
      "y" : 5.545085,
      "z" : 8.972136
    }
  }, {
    "shape" : "c1b60aa6-ac8b-42c0-be53-3628842d0fbe",
    "color" : "#AF0000",
    "position" : {
      "x" : -21.371323,
      "y" : 5.545085,
      "z" : -2.118034
    },
    "orientation" : 2
  }, {
    "shape" : "66b20f4b-eae8-4887-ba7a-3e6672a73c9f",
    "color" : "#6C00C6",
    "position" : {
      "x" : -5.545085,
      "y" : 20.062305,
      "z" : 7.663119
    },
    "orientation" : 40
  }, {
    "shape" : "2beb1a26-181e-49ba-b515-8789e6053b28",
    "color" : "#FFFFFF",
    "position" : {
      "x" : 15.826238,
      "y" : 14.5172205,
      "z" : -5.545085
    }
  }, {
    "shape" : "ab06459c-38e0-42e1-9386-49253a53bd16",
    "color" : "#DC4C00",
    "position" : {
      "x" : 5.545085,
      "y" : -20.062305,
      "z" : 7.663119
    },
    "orientation" : 7
  }, {
    "shape" : "ab06459c-38e0-42e1-9386-49253a53bd16",
    "color" : "#DC4C00",
    "position" : {
      "x" : -14.5172205,
      "y" : -5.545085,
      "z" : -15.826238
    },
    "orientation" : 1
  }, {
    "shape" : "c1b60aa6-ac8b-42c0-be53-3628842d0fbe",
    "color" : "#AF0000",
    "position" : {
      "x" : -14.5172205,
      "y" : -16.635256,
      "z" : 2.118034
    },
    "orientation" : 1
  }, {
    "shape" : "66b20f4b-eae8-4887-ba7a-3e6672a73c9f",
    "color" : "#6C00C6",
    "position" : {
      "x" : 7.663119,
      "y" : -5.545085,
      "z" : 20.062305
    },
    "orientation" : 26
  }, {
    "shape" : "ab06459c-38e0-42e1-9386-49253a53bd16",
    "color" : "#DC4C00",
    "position" : {
      "x" : -7.663119,
      "y" : 5.545085,
      "z" : 20.062305
    },
    "orientation" : 53
  }, {
    "shape" : "2beb1a26-181e-49ba-b515-8789e6053b28",
    "color" : "#FFFFFF",
    "position" : {
      "x" : 11.09017,
      "y" : 0.0,
      "z" : 17.944271
    }
  }, {
    "shape" : "66b20f4b-eae8-4887-ba7a-3e6672a73c9f",
    "color" : "#6C00C6",
    "position" : {
      "x" : 15.826238,
      "y" : -14.5172205,
      "z" : 5.545085
    },
    "orientation" : 50
  }, {
    "shape" : "66b20f4b-eae8-4887-ba7a-3e6672a73c9f",
    "color" : "#6C00C6",
    "position" : {
      "x" : -14.5172205,
      "y" : 5.545085,
      "z" : 15.826238
    },
    "orientation" : 19
  }, {
    "shape" : "c1b60aa6-ac8b-42c0-be53-3628842d0fbe",
    "color" : "#AF0000",
    "position" : {
      "x" : 2.118034,
      "y" : -14.5172205,
      "z" : -16.635256
    },
    "orientation" : 2
  }, {
    "shape" : "66b20f4b-eae8-4887-ba7a-3e6672a73c9f",
    "color" : "#6C00C6",
    "position" : {
      "x" : -2.118034,
      "y" : -14.5172205,
      "z" : 16.635256
    },
    "orientation" : 53
  }, {
    "shape" : "2beb1a26-181e-49ba-b515-8789e6053b28",
    "color" : "#FFFFFF",
    "position" : {
      "x" : 2.118034,
      "y" : -21.371323,
      "z" : -5.545085
    }
  }, {
    "shape" : "fcf76303-e84d-417a-a0d4-fc11b56d4fe0",
    "color" : "#007695",
    "position" : {
      "x" : 0.0,
      "y" : 17.944271,
      "z" : -11.09017
    },
    "orientation" : 2
  }, {
    "shape" : "2beb1a26-181e-49ba-b515-8789e6053b28",
    "color" : "#FFFFFF",
    "position" : {
      "x" : -8.972136,
      "y" : 14.5172205,
      "z" : 5.545085
    }
  }, {
    "shape" : "66b20f4b-eae8-4887-ba7a-3e6672a73c9f",
    "color" : "#6C00C6",
    "position" : {
      "x" : -5.545085,
      "y" : -2.118034,
      "z" : 21.371323
    },
    "orientation" : 46
  }, {
    "shape" : "ab06459c-38e0-42e1-9386-49253a53bd16",
    "color" : "#DC4C00",
    "position" : {
      "x" : 2.118034,
      "y" : -21.371323,
      "z" : -5.545085
    },
    "orientation" : 57
  }, {
    "shape" : "2beb1a26-181e-49ba-b515-8789e6053b28",
    "color" : "#FFFFFF",
    "position" : {
      "x" : -17.944271,
      "y" : 0.0,
      "z" : 0.0
    }
  }, {
    "shape" : "c1b60aa6-ac8b-42c0-be53-3628842d0fbe",
    "color" : "#AF0000",
    "position" : {
      "x" : -5.545085,
      "y" : 2.118034,
      "z" : -21.371323
    },
    "orientation" : 31
  }, {
    "shape" : "66b20f4b-eae8-4887-ba7a-3e6672a73c9f",
    "color" : "#6C00C6",
    "position" : {
      "x" : -14.5172205,
      "y" : -16.635256,
      "z" : 2.118034
    },
    "orientation" : 7
  }, {
    "shape" : "ab06459c-38e0-42e1-9386-49253a53bd16",
    "color" : "#DC4C00",
    "position" : {
      "x" : 5.545085,
      "y" : 15.826238,
      "z" : -14.5172205
    },
    "orientation" : 30
  }, {
    "shape" : "2beb1a26-181e-49ba-b515-8789e6053b28",
    "color" : "#FFFFFF",
    "position" : {
      "x" : -2.118034,
      "y" : 21.371323,
      "z" : -5.545085
    }
  }, {
    "shape" : "fcf76303-e84d-417a-a0d4-fc11b56d4fe0",
    "color" : "#007695",
    "position" : {
      "x" : -11.09017,
      "y" : 0.0,
      "z" : 17.944271
    },
    "orientation" : 24
  }, {
    "shape" : "ab06459c-38e0-42e1-9386-49253a53bd16",
    "color" : "#DC4C00",
    "position" : {
      "x" : 21.371323,
      "y" : -5.545085,
      "z" : -2.118034
    },
    "orientation" : 44
  }, {
    "shape" : "ab06459c-38e0-42e1-9386-49253a53bd16",
    "color" : "#DC4C00",
    "position" : {
      "x" : -5.545085,
      "y" : 20.062305,
      "z" : 7.663119
    },
    "orientation" : 37
  }, {
    "shape" : "fcf76303-e84d-417a-a0d4-fc11b56d4fe0",
    "color" : "#007695",
    "position" : {
      "x" : 17.944271,
      "y" : -11.09017,
      "z" : 0.0
    },
    "orientation" : 1
  }, {
    "shape" : "2beb1a26-181e-49ba-b515-8789e6053b28",
    "color" : "#FFFFFF",
    "position" : {
      "x" : -17.944271,
      "y" : 11.09017,
      "z" : -6.854102
    }
  }, {
    "shape" : "2beb1a26-181e-49ba-b515-8789e6053b28",
    "color" : "#FFFFFF",
    "position" : {
      "x" : -16.635256,
      "y" : -2.118034,
      "z" : 14.5172205
    }
  }, {
    "shape" : "2beb1a26-181e-49ba-b515-8789e6053b28",
    "color" : "#FFFFFF",
    "position" : {
      "x" : 2.118034,
      "y" : 14.5172205,
      "z" : 16.635256
    }
  }, {
    "shape" : "ab06459c-38e0-42e1-9386-49253a53bd16",
    "color" : "#DC4C00",
    "position" : {
      "x" : 5.545085,
      "y" : 2.118034,
      "z" : 21.371323
    },
    "orientation" : 28
  }, {
    "shape" : "66b20f4b-eae8-4887-ba7a-3e6672a73c9f",
    "color" : "#6C00C6",
    "position" : {
      "x" : 2.118034,
      "y" : 21.371323,
      "z" : 5.545085
    },
    "orientation" : 30
  }, {
    "shape" : "fcf76303-e84d-417a-a0d4-fc11b56d4fe0",
    "color" : "#007695",
    "position" : {
      "x" : 11.09017,
      "y" : 0.0,
      "z" : -17.944271
    },
    "orientation" : 39
  }, {
    "shape" : "2beb1a26-181e-49ba-b515-8789e6053b28",
    "color" : "#FFFFFF",
    "position" : {
      "x" : 11.09017,
      "y" : 6.854102,
      "z" : 17.944271
    }
  }, {
    "shape" : "66b20f4b-eae8-4887-ba7a-3e6672a73c9f",
    "color" : "#6C00C6",
    "position" : {
      "x" : 14.5172205,
      "y" : -5.545085,
      "z" : 15.826238
    },
    "orientation" : 49
  }, {
    "shape" : "66b20f4b-eae8-4887-ba7a-3e6672a73c9f",
    "color" : "#6C00C6",
    "position" : {
      "x" : 11.09017,
      "y" : 6.854102,
      "z" : 17.944271
    },
    "orientation" : 42
  }, {
    "shape" : "fcf76303-e84d-417a-a0d4-fc11b56d4fe0",
    "color" : "#007695",
    "position" : {
      "x" : 0.0,
      "y" : 17.944271,
      "z" : 11.09017
    },
    "orientation" : 39
  }, {
    "shape" : "2beb1a26-181e-49ba-b515-8789e6053b28",
    "color" : "#FFFFFF",
    "position" : {
      "x" : 20.062305,
      "y" : 7.663119,
      "z" : -5.545085
    }
  }, {
    "shape" : "ab06459c-38e0-42e1-9386-49253a53bd16",
    "color" : "#DC4C00",
    "position" : {
      "x" : -5.545085,
      "y" : 15.826238,
      "z" : 14.5172205
    },
    "orientation" : 15
  }, {
    "shape" : "2beb1a26-181e-49ba-b515-8789e6053b28",
    "color" : "#FFFFFF",
    "position" : {
      "x" : -11.09017,
      "y" : 0.0,
      "z" : 17.944271
    }
  }, {
    "shape" : "fcf76303-e84d-417a-a0d4-fc11b56d4fe0",
    "color" : "#007695",
    "position" : {
      "x" : 11.09017,
      "y" : 0.0,
      "z" : 17.944271
    },
    "orientation" : 52
  }, {
    "shape" : "ab06459c-38e0-42e1-9386-49253a53bd16",
    "color" : "#DC4C00",
    "position" : {
      "x" : -5.545085,
      "y" : 2.118034,
      "z" : -21.371323
    },
    "orientation" : 43
  }, {
    "shape" : "fcf76303-e84d-417a-a0d4-fc11b56d4fe0",
    "color" : "#007695",
    "position" : {
      "x" : 0.0,
      "y" : -17.944271,
      "z" : 11.09017
    },
    "orientation" : 23
  }, {
    "shape" : "66b20f4b-eae8-4887-ba7a-3e6672a73c9f",
    "color" : "#6C00C6",
    "position" : {
      "x" : 5.545085,
      "y" : 2.118034,
      "z" : 21.371323
    },
    "orientation" : 16
  }, {
    "shape" : "c1b60aa6-ac8b-42c0-be53-3628842d0fbe",
    "color" : "#AF0000",
    "position" : {
      "x" : -6.854102,
      "y" : 17.944271,
      "z" : -11.09017
    },
    "orientation" : 2
  }, {
    "shape" : "2beb1a26-181e-49ba-b515-8789e6053b28",
    "color" : "#FFFFFF",
    "position" : {
      "x" : -2.118034,
      "y" : 14.5172205,
      "z" : -16.635256
    }
  }, {
    "shape" : "2beb1a26-181e-49ba-b515-8789e6053b28",
    "color" : "#FFFFFF",
    "position" : {
      "x" : -7.663119,
