{
  "field" : "golden",
  "symmetry" : "icosahedral",
  "orientations" : [ [ 1.0, 0.0, 0.0, 0.0, 0.0, 1.0, 0.0, 0.0, 0.0, 0.0, 1.0, 0.0, 0.0, 0.0, 0.0, 1.0 ], [ 0.0, 0.0, 1.0, 0.0, 1.0, 0.0, 0.0, 0.0, 0.0, 1.0, 0.0, 0.0, 0.0, 0.0, 0.0, 1.0 ], [ 0.0, 1.0, 0.0, 0.0, 0.0, 0.0, 1.0, 0.0, 1.0, 0.0, 0.0, 0.0, 0.0, 0.0, 0.0, 1.0 ], [ 0.809017, 0.309017, 0.5, 0.0, 0.309017, 0.5, -0.809017, 0.0, -0.5, 0.809017, 0.309017, 0.0, 0.0, 0.0, 0.0, 1.0 ], [ -0.5, 0.809017, 0.309017, 0.0, 0.809017, 0.309017, 0.5, 0.0, 0.309017, 0.5, -0.809017, 0.0, 0.0, 0.0, 0.0, 1.0 ], [ 0.309017, 0.5, -0.809017, 0.0, -0.5, 0.809017, 0.309017, 0.0, 0.809017, 0.309017, 0.5, 0.0, 0.0, 0.0, 0.0, 1.0 ], [ 0.5, 0.809017, 0.309017, 0.0, 0.809017, -0.309017, -0.5, 0.0, -0.309017, 0.5, -0.809017, 0.0, 0.0, 0.0, 0.0, 1.0 ], [ -0.309017, 0.5, -0.809017, 0.0, 0.5, 0.809017, 0.309017, 0.0, 0.809017, -0.309017, -0.5, 0.0, 0.0, 0.0, 0.0, 1.0 ], [ 0.809017, -0.309017, -0.5, 0.0, -0.309017, 0.5, -0.809017, 0.0, 0.5, 0.809017, 0.309017, 0.0, 0.0, 0.0, 0.0, 1.0 ], [ 0.5, 0.809017, -0.309017, 0.0, 0.809017, -0.309017, 0.5, 0.0, 0.309017, -0.5, -0.809017, 0.0, 0.0, 0.0, 0.0, 1.0 ], [ 0.309017, -0.5, -0.809017, 0.0, 0.5, 0.809017, -0.309017, 0.0, 0.809017, -0.309017, 0.5, 0.0, 0.0, 0.0, 0.0, 1.0 ], [ 0.809017, -0.309017, 0.5, 0.0, 0.309017, -0.5, -0.809017, 0.0, 0.5, 0.809017, -0.309017, 0.0, 0.0, 0.0, 0.0, 1.0 ], [ 0.809017, 0.309017, -0.5, 0.0, 0.309017, 0.5, 0.809017, 0.0, 0.5, -0.809017, 0.309017, 0.0, 0.0, 0.0, 0.0, 1.0 ], [ 0.5, -0.809017, 0.309017, 0.0, 0.809017, 0.309017, -0.5, 0.0, 0.309017, 0.5, 0.809017, 0.0, 0.0, 0.0, 0.0, 1.0 ], [ 0.309017, 0.5, 0.809017, 0.0, 0.5, -0.809017, 0.309017, 0.0, 0.809017, 0.309017, -0.5, 0.0, 0.0, 0.0, 0.0, 1.0 ], [ 1.0, 0.0, 0.0, 0.0, 0.0, -1.0, 0.0, 0.0, 0.0, 0.0, -1.0, 0.0, 0.0, 0.0, 0.0, 1.0 ], [ 0.0, 0.0, 1.0, 0.0, -1.0, 0.0, 0.0, 0.0, 0.0, -1.0, 0.0, 0.0, 0.0, 0.0, 0.0, 1.0 ], [ 0.0, 1.0, 0.0, 0.0, 0.0, 0.0, -1.0, 0.0, -1.0, 0.0, 0.0, 0.0, 0.0, 0.0, 0.0, 1.0 ], [ 0.809017, 0.309017, 0.5, 0.0, -0.309017, -0.5, 0.809017, 0.0, 0.5, -0.809017, -0.309017, 0.0, 0.0, 0.0, 0.0, 1.0 ], [ -0.5, 0.809017, 0.309017, 0.0, -0.809017, -0.309017, -0.5, 0.0, -0.309017, -0.5, 0.809017, 0.0, 0.0, 0.0, 0.0, 1.0 ], [ 0.309017, 0.5, -0.809017, 0.0, 0.5, -0.809017, -0.309017, 0.0, -0.809017, -0.309017, -0.5, 0.0, 0.0, 0.0, 0.0, 1.0 ], [ 0.5, 0.809017, 0.309017, 0.0, -0.809017, 0.309017, 0.5, 0.0, 0.309017, -0.5, 0.809017, 0.0, 0.0, 0.0, 0.0, 1.0 ], [ -0.309017, 0.5, -0.809017, 0.0, -0.5, -0.809017, -0.309017, 0.0, -0.809017, 0.309017, 0.5, 0.0, 0.0, 0.0, 0.0, 1.0 ], [ 0.809017, -0.309017, -0.5, 0.0, 0.309017, -0.5, 0.809017, 0.0, -0.5, -0.809017, -0.309017, 0.0, 0.0, 0.0, 0.0, 1.0 ], [ 0.5, 0.809017, -0.309017, 0.0, -0.809017, 0.309017, -0.5, 0.0, -0.309017, 0.5, 0.809017, 0.0, 0.0, 0.0, 0.0, 1.0 ], [ 0.309017, -0.5, -0.809017, 0.0, -0.5, -0.809017, 0.309017, 0.0, -0.809017, 0.309017, -0.5, 0.0, 0.0, 0.0, 0.0, 1.0 ], [ 0.809017, -0.309017, 0.5, 0.0, -0.309017, 0.5, 0.809017, 0.0, -0.5, -0.809017, 0.309017, 0.0, 0.0, 0.0, 0.0, 1.0 ], [ 0.809017, 0.309017, -0.5, 0.0, -0.309017, -0.5, -0.809017, 0.0, -0.5, 0.809017, -0.309017, 0.0, 0.0, 0.0, 0.0, 1.0 ], [ 0.5, -0.809017, 0.309017, 0.0, -0.809017, -0.309017, 0.5, 0.0, -0.309017, -0.5, -0.809017, 0.0, 0.0, 0.0, 0.0, 1.0 ], [ 0.309017, 0.5, 0.809017, 0.0, -0.5, 0.809017, -0.309017, 0.0, -0.809017, -0.309017, 0.5, 0.0, 0.0, 0.0, 0.0, 1.0 ], [ -1.0, 0.0, 0.0, 0.0, 0.0, -1.0, 0.0, 0.0, 0.0, 0.0, 1.0, 0.0, 0.0, 0.0, 0.0, 1.0 ], [ 0.0, 0.0, -1.0, 0.0, -1.0, 0.0, 0.0, 0.0, 0.0, 1.0, 0.0, 0.0, 0.0, 0.0, 0.0, 1.0 ], [ 0.0, -1.0, 0.0, 0.0, 0.0, 0.0, -1.0, 0.0, 1.0, 0.0, 0.0, 0.0, 0.0, 0.0, 0.0, 1.0 ], [ -0.809017, -0.309017, -0.5, 0.0, -0.309017, -0.5, 0.809017, 0.0, -0.5, 0.809017, 0.309017, 0.0, 0.0, 0.0, 0.0, 1.0 ], [ 0.5, -0.809017, -0.309017, 0.0, -0.809017, -0.309017, -0.5, 0.0, 0.309017, 0.5, -0.809017, 0.0, 0.0, 0.0, 0.0, 1.0 ], [ -0.309017, -0.5, 0.809017, 0.0, 0.5, -0.809017, -0.309017, 0.0, 0.809017, 0.309017, 0.5, 0.0, 0.0, 0.0, 0.0, 1.0 ], [ -0.5, -0.809017, -0.309017, 0.0, -0.809017, 0.309017, 0.5, 0.0, -0.309017, 0.5, -0.809017, 0.0, 0.0, 0.0, 0.0, 1.0 ], [ 0.309017, -0.5, 0.809017, 0.0, -0.5, -0.809017, -0.309017, 0.0, 0.809017, -0.309017, -0.5, 0.0, 0.0, 0.0, 0.0, 1.0 ], [ -0.809017, 0.309017, 0.5, 0.0, 0.309017, -0.5, 0.809017, 0.0, 0.5, 0.809017, 0.309017, 0.0, 0.0, 0.0, 0.0, 1.0 ], [ -0.5, -0.809017, 0.309017, 0.0, -0.809017, 0.309017, -0.5, 0.0, 0.309017, -0.5, -0.809017, 0.0, 0.0, 0.0, 0.0, 1.0 ], [ -0.309017, 0.5, 0.809017, 0.0, -0.5, -0.809017, 0.309017, 0.0, 0.809017, -0.309017, 0.5, 0.0, 0.0, 0.0, 0.0, 1.0 ], [ -0.809017, 0.309017, -0.5, 0.0, -0.309017, 0.5, 0.809017, 0.0, 0.5, 0.809017, -0.309017, 0.0, 0.0, 0.0, 0.0, 1.0 ], [ -0.809017, -0.309017, 0.5, 0.0, -0.309017, -0.5, -0.809017, 0.0, 0.5, -0.809017, 0.309017, 0.0, 0.0, 0.0, 0.0, 1.0 ], [ -0.5, 0.809017, -0.309017, 0.0, -0.809017, -0.309017, 0.5, 0.0, 0.309017, 0.5, 0.809017, 0.0, 0.0, 0.0, 0.0, 1.0 ], [ -0.309017, -0.5, -0.809017, 0.0, -0.5, 0.809017, -0.309017, 0.0, 0.809017, 0.309017, -0.5, 0.0, 0.0, 0.0, 0.0, 1.0 ], [ -1.0, 0.0, 0.0, 0.0, 0.0, 1.0, 0.0, 0.0, 0.0, 0.0, -1.0, 0.0, 0.0, 0.0, 0.0, 1.0 ], [ 0.0, 0.0, -1.0, 0.0, 1.0, 0.0, 0.0, 0.0, 0.0, -1.0, 0.0, 0.0, 0.0, 0.0, 0.0, 1.0 ], [ 0.0, -1.0, 0.0, 0.0, 0.0, 0.0, 1.0, 0.0, -1.0, 0.0, 0.0, 0.0, 0.0, 0.0, 0.0, 1.0 ], [ -0.809017, -0.309017, -0.5, 0.0, 0.309017, 0.5, -0.809017, 0.0, 0.5, -0.809017, -0.309017, 0.0, 0.0, 0.0, 0.0, 1.0 ], [ 0.5, -0.809017, -0.309017, 0.0, 0.809017, 0.309017, 0.5, 0.0, -0.309017, -0.5, 0.809017, 0.0, 0.0, 0.0, 0.0, 1.0 ], [ -0.309017, -0.5, 0.809017, 0.0, -0.5, 0.809017, 0.309017, 0.0, -0.809017, -0.309017, -0.5, 0.0, 0.0, 0.0, 0.0, 1.0 ], [ -0.5, -0.809017, -0.309017, 0.0, 0.809017, -0.309017, -0.5, 0.0, 0.309017, -0.5, 0.809017, 0.0, 0.0, 0.0, 0.0, 1.0 ], [ 0.309017, -0.5, 0.809017, 0.0, 0.5, 0.809017, 0.309017, 0.0, -0.809017, 0.309017, 0.5, 0.0, 0.0, 0.0, 0.0, 1.0 ], [ -0.809017, 0.309017, 0.5, 0.0, -0.309017, 0.5, -0.809017, 0.0, -0.5, -0.809017, -0.309017, 0.0, 0.0, 0.0, 0.0, 1.0 ], [ -0.5, -0.809017, 0.309017, 0.0, 0.809017, -0.309017, 0.5, 0.0, -0.309017, 0.5, 0.809017, 0.0, 0.0, 0.0, 0.0, 1.0 ], [ -0.309017, 0.5, 0.809017, 0.0, 0.5, 0.809017, -0.309017, 0.0, -0.809017, 0.309017, -0.5, 0.0, 0.0, 0.0, 0.0, 1.0 ], [ -0.809017, 0.309017, -0.5, 0.0, 0.309017, -0.5, -0.809017, 0.0, -0.5, -0.809017, 0.309017, 0.0, 0.0, 0.0, 0.0, 1.0 ], [ -0.809017, -0.309017, 0.5, 0.0, 0.309017, 0.5, 0.809017, 0.0, -0.5, 0.809017, -0.309017, 0.0, 0.0, 0.0, 0.0, 1.0 ], [ -0.5, 0.809017, -0.309017, 0.0, 0.809017, 0.309017, -0.5, 0.0, -0.309017, -0.5, -0.809017, 0.0, 0.0, 0.0, 0.0, 1.0 ], [ -0.309017, -0.5, -0.809017, 0.0, 0.5, -0.809017, 0.309017, 0.0, -0.809017, -0.309017, 0.5, 0.0, 0.0, 0.0, 0.0, 1.0 ] ],
  "lights" : {
    "ambientColor" : "#292929",
    "backgroundColor" : "#666666",
    "directionalLights" : [ {
      "direction" : {
        "x" : 1.0,
        "y" : -1.0,
        "z" : -1.0
      },
      "color" : "#EBEBE4"
    }, {
      "direction" : {
        "x" : -1.0,
        "y" : 0.0,
        "z" : 0.0
      },
      "color" : "#E4E4EB"
    }, {
      "direction" : {
        "x" : 0.0,
        "y" : 0.0,
        "z" : -1.0
      },
      "color" : "#1E1E1E"
    } ]
  },
  "camera" : {
    "perspective" : true,
    "viewDistance" : 194.19821,
    "nearClipDistance" : 0.4854954,
    "farClipDistance" : 388.39545,
    "lookAtPoint" : {
      "x" : 0.0,
      "y" : 0.0,
      "z" : 0.0
    },
    "fieldOfView" : 0.44262868,
    "lookDirection" : {
      "x" : -0.6717794,
      "y" : 0.024227623,
      "z" : -0.740355
    },
    "upDirection" : {
      "x" : 0.014631081,
      "y" : 0.9997041,
      "z" : 0.01943877
    },
    "stereo" : false,
    "width" : 87.38915,
    "position" : {
      "x" : 130.45836,
      "y" : -4.704961,
      "z" : 143.77562
    }
  },
  "embedding" : [ 1.0, 0.0, 0.0, 0.0, 0.0, 1.0, 0.0, 0.0, 0.0, 0.0, 1.0, 0.0, 0.0, 0.0, 0.0, 1.0 ],
  "shapes" : [ {
    "id" : "bcbf8e43-cdc7-4eb3-83ff-b3c30aabb610",
    "vertices" : [ {
      "x" : -1.5124359,
      "y" : 1.4662788,
      "z" : 4.8893085
    }, {
      "x" : -1.6124358,
      "y" : 1.0662788,
      "z" : 4.9893084
    }, {
      "x" : -0.41461512,
      "y" : 0.033721235,
      "z" : 0.53774244
    }, {
      "x" : -0.3146151,
      "y" : 0.43372124,
      "z" : 0.43774244
    }, {
      "x" : -1.9124359,
      "y" : 1.1996121,
      "z" : 4.7559752
    }, {
      "x" : -1.8124359,
      "y" : 1.5996121,
      "z" : 4.6559753
    }, {
      "x" : -0.014615113,
      "y" : 0.3003879,
      "z" : 0.67107576
    }, {
      "x" : -0.11461511,
      "y" : -0.0996121,
      "z" : 0.7710758
    } ],
    "faces" : [ {
      "vertices" : [ 2, 3, 6 ]
    }, {
      "vertices" : [ 2, 6, 7 ]
    }, {
      "vertices" : [ 0, 5, 4 ]
    }, {
      "vertices" : [ 0, 4, 1 ]
    }, {
      "vertices" : [ 2, 4, 5 ]
    }, {
      "vertices" : [ 2, 5, 3 ]
    }, {
      "vertices" : [ 0, 6, 3 ]
    }, {
      "vertices" : [ 0, 3, 5 ]
    }, {
      "vertices" : [ 0, 1, 7 ]
    }, {
      "vertices" : [ 0, 7, 6 ]
    }, {
      "vertices" : [ 1, 4, 2 ]
    }, {
      "vertices" : [ 1, 2, 7 ]
    } ]
  }, {
    "id" : "6f3a26d4-f70c-4d2f-95a5-d9b443b0b660",
    "vertices" : [ {
      "x" : -2.0490096,
      "y" : 4.529278,
      "z" : 1.0614944
    }, {
      "x" : -1.9490097,
      "y" : 4.429278,
      "z" : 1.4614943
    }, {
      "x" : -0.37804133,
      "y" : 0.39777294,
      "z" : 0.43850565
    }, {
      "x" : -0.47804132,
      "y" : 0.49777296,
      "z" : 0.038505647
    }, {
      "x" : -2.2490096,
      "y" : 4.195945,
      "z" : 1.5948277
    }, {
      "x" : -2.3490098,
      "y" : 4.2959447,
      "z" : 1.1948277
    }, {
      "x" : -0.17804131,
      "y" : 0.7311063,
      "z" : -0.09482768
    }, {
      "x" : -0.078041315,
      "y" : 0.63110626,
      "z" : 0.30517232
    } ],
    "faces" : [ {
      "vertices" : [ 2, 3, 6 ]
    }, {
      "vertices" : [ 2, 6, 7 ]
    }, {
      "vertices" : [ 0, 5, 4 ]
    }, {
      "vertices" : [ 0, 4, 1 ]
    }, {
      "vertices" : [ 2, 4, 5 ]
    }, {
      "vertices" : [ 2, 5, 3 ]
    }, {
      "vertices" : [ 0, 6, 3 ]
    }, {
      "vertices" : [ 0, 3, 5 ]
    }, {
      "vertices" : [ 0, 1, 7 ]
    }, {
      "vertices" : [ 0, 7, 6 ]
    }, {
      "vertices" : [ 1, 4, 2 ]
    }, {
      "vertices" : [ 1, 2, 7 ]
    } ]
  }, {
    "id" : "425325d3-b22f-4a32-a58d-92d7f3be1d0c",
    "vertices" : [ {
      "x" : 0.309017,
      "y" : -0.309017,
      "z" : -0.309017
    }, {
      "x" : 0.5,
      "y" : 0.0,
      "z" : -0.19098301
    }, {
      "x" : 0.5,
      "y" : 0.0,
      "z" : 0.19098301
    }, {
      "x" : 0.309017,
      "y" : -0.309017,
      "z" : 0.309017
    }, {
      "x" : 0.19098301,
      "y" : -0.5,
      "z" : 0.0
    }, {
      "x" : 0.0,
      "y" : 0.19098301,
      "z" : 0.5
    }, {
      "x" : 0.0,
      "y" : -0.19098301,
      "z" : 0.5
    }, {
      "x" : 0.309017,
      "y" : 0.309017,
      "z" : 0.309017
    }, {
      "x" : -0.309017,
      "y" : -0.309017,
      "z" : 0.309017
    }, {
      "x" : -0.309017,
      "y" : 0.309017,
      "z" : 0.309017
    }, {
      "x" : -0.5,
      "y" : 0.0,
      "z" : 0.19098301
    }, {
      "x" : 0.0,
      "y" : -0.19098301,
      "z" : -0.5
    }, {
      "x" : 0.0,
      "y" : 0.19098301,
      "z" : -0.5
    }, {
      "x" : 0.309017,
      "y" : 0.309017,
      "z" : -0.309017
    }, {
      "x" : -0.309017,
      "y" : -0.309017,
      "z" : -0.309017
    }, {
      "x" : -0.19098301,
      "y" : -0.5,
      "z" : 0.0
    }, {
      "x" : -0.5,
      "y" : 0.0,
      "z" : -0.19098301
    }, {
      "x" : 0.19098301,
      "y" : 0.5,
      "z" : 0.0
    }, {
      "x" : -0.309017,
      "y" : 0.309017,
      "z" : -0.309017
    }, {
      "x" : 0.0,
      "y" : 0.0,
      "z" : 0.0
    }, {
      "x" : -0.19098301,
      "y" : 0.5,
      "z" : 0.0
    } ],
    "faces" : [ {
      "vertices" : [ 12, 18, 20 ]
    }, {
      "vertices" : [ 12, 20, 17 ]
    }, {
      "vertices" : [ 12, 17, 13 ]
    }, {
      "vertices" : [ 3, 6, 8 ]
    }, {
      "vertices" : [ 3, 8, 15 ]
    }, {
      "vertices" : [ 3, 15, 4 ]
    }, {
      "vertices" : [ 0, 11, 12 ]
    }, {
      "vertices" : [ 0, 12, 13 ]
    }, {
      "vertices" : [ 0, 13, 1 ]
    }, {
      "vertices" : [ 5, 9, 10 ]
    }, {
      "vertices" : [ 5, 10, 8 ]
    }, {
      "vertices" : [ 5, 8, 6 ]
    }, {
      "vertices" : [ 2, 7, 5 ]
    }, {
      "vertices" : [ 2, 5, 6 ]
    }, {
      "vertices" : [ 2, 6, 3 ]
    }, {
      "vertices" : [ 11, 14, 16 ]
    }, {
      "vertices" : [ 11, 16, 18 ]
    }, {
      "vertices" : [ 11, 18, 12 ]
    }, {
      "vertices" : [ 1, 13, 17 ]
    }, {
      "vertices" : [ 1, 17, 7 ]
    }, {
      "vertices" : [ 1, 7, 2 ]
    }, {
      "vertices" : [ 9, 20, 18 ]
    }, {
      "vertices" : [ 9, 18, 16 ]
    }, {
      "vertices" : [ 9, 16, 10 ]
    }, {
      "vertices" : [ 0, 1, 2 ]
    }, {
      "vertices" : [ 0, 2, 3 ]
    }, {
      "vertices" : [ 0, 3, 4 ]
    }, {
      "vertices" : [ 5, 7, 17 ]
    }, {
      "vertices" : [ 5, 17, 20 ]
    }, {
      "vertices" : [ 5, 20, 9 ]
    }, {
      "vertices" : [ 0, 4, 15 ]
    }, {
      "vertices" : [ 0, 15, 14 ]
    }, {
      "vertices" : [ 0, 14, 11 ]
    }, {
      "vertices" : [ 8, 10, 16 ]
    }, {
      "vertices" : [ 8, 16, 14 ]
    }, {
      "vertices" : [ 8, 14, 15 ]
    } ]
  }, {
    "id" : "8e06d3a5-87ea-4a65-b4e9-b470be08f529",
    "vertices" : [ {
      "x" : 2.0499334,
      "y" : -1.4176413,
      "z" : 5.4008546
    }, {
      "x" : 2.1499336,
      "y" : -1.0176412,
      "z" : 5.500855
    }, {
      "x" : 0.45006654,
      "y" : -0.009409746,
      "z" : 0.5261962
    }, {
      "x" : 0.35006654,
      "y" : -0.40940973,
      "z" : 0.4261962
    }, {
      "x" : 2.4499335,
      "y" : -1.1509745,
      "z" : 5.2675214
    }, {
      "x" : 2.3499334,
      "y" : -1.5509746,
      "z" : 5.1675215
    }, {
      "x" : 0.05006654,
      "y" : -0.2760764,
      "z" : 0.6595295
    }, {
      "x" : 0.15006654,
      "y" : 0.123923585,
      "z" : 0.75952953
    } ],
    "faces" : [ {
      "vertices" : [ 2, 3, 6 ]
    }, {
      "vertices" : [ 2, 6, 7 ]
    }, {
      "vertices" : [ 0, 5, 4 ]
    }, {
      "vertices" : [ 0, 4, 1 ]
    }, {
      "vertices" : [ 2, 4, 5 ]
    }, {
      "vertices" : [ 2, 5, 3 ]
    }, {
      "vertices" : [ 0, 6, 3 ]
    }, {
      "vertices" : [ 0, 3, 5 ]
    }, {
      "vertices" : [ 0, 1, 7 ]
    }, {
      "vertices" : [ 0, 7, 6 ]
    }, {
      "vertices" : [ 1, 4, 2 ]
    }, {
      "vertices" : [ 1, 2, 7 ]
    } ]
  }, {
    "id" : "761422d3-db7a-4794-a837-2f90318ee406",
    "vertices" : [ {
      "x" : -4.038887,
      "y" : 2.4602113,
      "z" : -0.17066965
    }, {
      "x" : -3.938887,
      "y" : 2.3602114,
      "z" : -0.57066965
    }, {
      "x" : -0.38816407,
      "y" : 0.46683964,
      "z" : -0.32933035
    }, {
      "x" : -0.48816407,
      "y" : 0.56683964,
      "z" : 0.070669636
    }, {
      "x" : -3.7055535,
      "y" : 2.6602113,
      "z" : -0.704003
    }, {
      "x" : -3.8055537,
      "y" : 2.7602112,
      "z" : -0.30400297
    }, {
      "x" : -0.7214974,
      "y" : 0.26683965,
      "z" : 0.20400298
    }, {
      "x" : -0.6214974,
      "y" : 0.16683964,
      "z" : -0.19599703
    } ],
    "faces" : [ {
      "vertices" : [ 2, 3, 6 ]
    }, {
      "vertices" : [ 2, 6, 7 ]
    }, {
      "vertices" : [ 0, 5, 4 ]
    }, {
      "vertices" : [ 0, 4, 1 ]
    }, {
      "vertices" : [ 2, 4, 5 ]
    }, {
      "vertices" : [ 2, 5, 3 ]
    }, {
      "vertices" : [ 0, 6, 3 ]
    }, {
      "vertices" : [ 0, 3, 5 ]
    }, {
      "vertices" : [ 0, 1, 7 ]
    }, {
      "vertices" : [ 0, 7, 6 ]
    }, {
      "vertices" : [ 1, 4, 2 ]
    }, {
      "vertices" : [ 1, 2, 7 ]
    } ]
  }, {
    "id" : "44412326-34be-45ee-bede-e24093705683",
    "vertices" : [ {
      "x" : 3.854102,
      "y" : 0.690983,
      "z" : -0.19098301
    }, {
      "x" : 1.190983,
      "y" : 0.0,
      "z" : 0.072949015
    }, {
      "x" : 1.190983,
      "y" : 0.0,
      "z" : -0.309017
    }, {
      "x" : 3.854102,
      "y" : 0.690983,
      "z" : -0.572949
    }, {
      "x" : 4.59017,
      "y" : 1.190983,
      "z" : -0.45491502
    }, {
      "x" : 1.190983,
      "y" : 0.618034,
      "z" : -0.309017
    }, {
      "x" : 3.854102,
      "y" : 1.309017,
      "z" : -0.572949
    }, {
      "x" : 3.854102,
      "y" : 1.309017,
      "z" : -0.19098301
    }, {
      "x" : 1.190983,
      "y" : 0.618034,
      "z" : 0.072949015
    }, {
      "x" : 0.45491502,
      "y" : 0.11803399,
      "z" : -0.045084972
    }, {
      "x" : 5.045085,
      "y" : 1.309017,
      "z" : -0.5
    } ],
    "faces" : [ {
      "vertices" : [ 2, 5, 6 ]
    }, {
      "vertices" : [ 2, 6, 3 ]
    }, {
      "vertices" : [ 0, 7, 8 ]
    }, {
      "vertices" : [ 0, 8, 1 ]
    }, {
      "vertices" : [ 2, 9, 5 ]
    }, {
      "vertices" : [ 4, 6, 7 ]
    }, {
      "vertices" : [ 1, 8, 9 ]
    }, {
      "vertices" : [ 0, 1, 2 ]
    }, {
      "vertices" : [ 0, 2, 3 ]
    }, {
      "vertices" : [ 5, 9, 8 ]
    }, {
      "vertices" : [ 0, 3, 4 ]
    }, {
      "vertices" : [ 5, 8, 7 ]
    }, {
      "vertices" : [ 5, 7, 6 ]
    }, {
      "vertices" : [ 0, 4, 7 ]
    }, {
      "vertices" : [ 1, 9, 2 ]
    }, {
      "vertices" : [ 3, 6, 4 ]
    } ]
  }, {
    "id" : "77819604-6b01-4daa-9a75-1a44e6d4e852",
    "vertices" : [ {
      "x" : -13.06555,
      "y" : 15.469235,
      "z" : 1.7696059
    }, {
      "x" : -12.96555,
      "y" : 15.369235,
      "z" : 2.169606
    }, {
      "x" : -0.53855187,
      "y" : 0.34307048,
      "z" : 0.33449605
    }, {
      "x" : -0.63855183,
      "y" : 0.44307047,
      "z" : -0.065503955
    }, {
      "x" : -13.26555,
      "y" : 15.135902,
      "z" : 2.3029392
    }, {
      "x" : -13.36555,
      "y" : 15.235902,
      "z" : 1.9029392
    }, {
      "x" : -0.33855185,
      "y" : 0.6764038,
      "z" : -0.19883728
    }, {
      "x" : -0.23855186,
      "y" : 0.5764038,
      "z" : 0.20116271
    } ],
    "faces" : [ {
      "vertices" : [ 2, 3, 6 ]
    }, {
      "vertices" : [ 2, 6, 7 ]
    }, {
      "vertices" : [ 0, 5, 4 ]
    }, {
      "vertices" : [ 0, 4, 1 ]
    }, {
      "vertices" : [ 2, 4, 5 ]
    }, {
      "vertices" : [ 2, 5, 3 ]
    }, {
      "vertices" : [ 0, 6, 3 ]
    }, {
      "vertices" : [ 0, 3, 5 ]
    }, {
      "vertices" : [ 0, 1, 7 ]
    }, {
      "vertices" : [ 0, 7, 6 ]
    }, {
      "vertices" : [ 1, 4, 2 ]
    }, {
      "vertices" : [ 1, 2, 7 ]
    } ]
  }, {
    "id" : "f602f93e-fc6d-426f-b49d-2b5160b129ea",
    "vertices" : [ {
      "x" : -0.5710071,
      "y" : 2.1589744,
      "z" : 5.974084
    }, {
      "x" : -0.9710071,
      "y" : 2.0589743,
      "z" : 5.874084
    }, {
      "x" : -0.3560439,
      "y" : 0.34102568,
      "z" : 0.45296705
    }, {
      "x" : 0.0439561,
      "y" : 0.44102567,
      "z" : 0.552967
    }, {
      "x" : -1.1043404,
      "y" : 2.3589742,
      "z" : 5.6407504
    }, {
      "x" : -0.7043404,
      "y" : 2.4589744,
      "z" : 5.740751
    }, {
      "x" : 0.17728943,
      "y" : 0.14102566,
      "z" : 0.78630036
    }, {
      "x" : -0.22271056,
      "y" : 0.04102567,
      "z" : 0.6863004
    } ],
    "faces" : [ {
      "vertices" : [ 2, 3, 6 ]
    }, {
      "vertices" : [ 2, 6, 7 ]
    }, {
      "vertices" : [ 0, 5, 4 ]
    }, {
      "vertices" : [ 0, 4, 1 ]
    }, {
      "vertices" : [ 2, 4, 5 ]
    }, {
      "vertices" : [ 2, 5, 3 ]
    }, {
      "vertices" : [ 0, 6, 3 ]
    }, {
      "vertices" : [ 0, 3, 5 ]
    }, {
      "vertices" : [ 0, 1, 7 ]
    }, {
      "vertices" : [ 0, 7, 6 ]
    }, {
      "vertices" : [ 1, 4, 2 ]
    }, {
      "vertices" : [ 1, 2, 7 ]
    } ]
  }, {
    "id" : "89a3bbf9-0ceb-4d11-b7d6-b7e296388be1",
    "vertices" : [ {
      "x" : -1.3996046,
      "y" : 4.7598963,
      "z" : 12.504886
    }, {
      "x" : -1.7996047,
      "y" : 4.6598964,
      "z" : 12.404885
    }, {
      "x" : -0.35039538,
      "y" : 0.34420568,
      "z" : 0.45331842
    }, {
      "x" : 0.049604606,
      "y" : 0.4442057,
      "z" : 0.55331844
    }, {
      "x" : -1.932938,
      "y" : 4.959896,
      "z" : 12.171552
    }, {
      "x" : -1.5329379,
      "y" : 5.0598965,
      "z" : 12.271552
    }, {
      "x" : 0.18293793,
      "y" : 0.14420569,
      "z" : 0.7866518
    }, {
      "x" : -0.21706206,
      "y" : 0.04420569,
      "z" : 0.68665177
    } ],
    "faces" : [ {
      "vertices" : [ 2, 3, 6 ]
    }, {
      "vertices" : [ 2, 6, 7 ]
    }, {
      "vertices" : [ 0, 5, 4 ]
    }, {
      "vertices" : [ 0, 4, 1 ]
    }, {
      "vertices" : [ 2, 4, 5 ]
    }, {
      "vertices" : [ 2, 5, 3 ]
    }, {
      "vertices" : [ 0, 6, 3 ]
    }, {
      "vertices" : [ 0, 3, 5 ]
    }, {
      "vertices" : [ 0, 1, 7 ]
    }, {
      "vertices" : [ 0, 7, 6 ]
    }, {
      "vertices" : [ 1, 4, 2 ]
    }, {
      "vertices" : [ 1, 2, 7 ]
    } ]
  }, {
    "id" : "17eea3bb-c374-4119-8ae5-707539cc1ee4",
    "vertices" : [ {
      "x" : 29.034441,
      "y" : 0.0,
      "z" : -11.09017
    }, {
      "x" : 28.725426,
      "y" : 0.0,
      "z" : -10.972136
    }, {
      "x" : 28.320917,
      "y" : -0.1545085,
      "z" : -10.531153
    }, {
      "x" : 28.129932,
      "y" : -0.1545085,
      "z" : -11.031153
    }, {
      "x" : 0.9045085,
      "y" : -0.1545085,
      "z" : -0.059016995
    }, {
      "x" : 0.809017,
      "y" : 0.309017,
      "z" : -0.309017
    }, {
      "x" : 0.309017,
      "y" : 0.0,
      "z" : -0.11803399
    }, {
      "x" : 28.225426,
      "y" : 0.309017,
      "z" : -10.781153
    }, {
      "x" : 0.7135255,
      "y" : -0.1545085,
      "z" : -0.559017
    } ],
    "faces" : [ {
      "vertices" : [ 2, 4, 8 ]
    }, {
      "vertices" : [ 2, 8, 3 ]
    }, {
      "vertices" : [ 2, 7, 5 ]
    }, {
      "vertices" : [ 2, 5, 4 ]
    }, {
      "vertices" : [ 4, 6, 8 ]
    }, {
      "vertices" : [ 5, 8, 6 ]
    }, {
      "vertices" : [ 1, 2, 3 ]
    }, {
      "vertices" : [ 3, 8, 5 ]
    }, {
      "vertices" : [ 3, 5, 7 ]
    }, {
      "vertices" : [ 1, 7, 2 ]
    }, {
      "vertices" : [ 1, 3, 7 ]
    }, {
      "vertices" : [ 4, 5, 6 ]
    } ]
  }, {
    "id" : "22384a01-6b05-4a02-b477-b8b8df1edda6",
    "vertices" : [ {
      "x" : 9.665113,
      "y" : 6.15339,
      "z" : 2.268219
    }, {
      "x" : 9.565113,
      "y" : 6.0533895,
      "z" : 2.6682189
    }, {
      "x" : 0.36603984,
      "y" : 0.45071223,
      "z" : 0.40883204
    }, {
      "x" : 0.46603984,
      "y" : 0.5507122,
      "z" : 0.008832029
    }, {
      "x" : 9.3317795,
      "y" : 6.3533897,
      "z" : 2.8015523
    }, {
      "x" : 9.43178,
      "y" : 6.4533896,
      "z" : 2.4015522
    }, {
      "x" : 0.6993732,
      "y" : 0.25071225,
      "z" : -0.1245013
    }, {
      "x" : 0.59937316,
      "y" : 0.15071224,
      "z" : 0.2754987
    } ],
    "faces" : [ {
      "vertices" : [ 2, 3, 6 ]
    }, {
      "vertices" : [ 2, 6, 7 ]
    }, {
      "vertices" : [ 0, 5, 4 ]
    }, {
      "vertices" : [ 0, 4, 1 ]
    }, {
      "vertices" : [ 2, 4, 5 ]
    }, {
      "vertices" : [ 2, 5, 3 ]
    }, {
      "vertices" : [ 0, 6, 3 ]
    }, {
      "vertices" : [ 0, 3, 5 ]
    }, {
      "vertices" : [ 0, 1, 7 ]
    }, {
      "vertices" : [ 0, 7, 6 ]
    }, {
      "vertices" : [ 1, 4, 2 ]
    }, {
      "vertices" : [ 1, 2, 7 ]
    } ]
  }, {
    "id" : "558f0204-e22c-4579-8f2e-45d9c11967f6",
    "vertices" : [ {
      "x" : 11.4946785,
      "y" : 0.0,
      "z" : -4.3905764
    }, {
      "x" : 11.185661,
      "y" : 0.0,
      "z" : -4.2725425
    }, {
      "x" : 10.781153,
      "y" : -0.1545085,
      "z" : -3.8315594
    }, {
      "x" : 10.59017,
      "y" : -0.1545085,
      "z" : -4.3315597
    }, {
      "x" : 0.9045085,
      "y" : -0.1545085,
      "z" : -0.059016995
    }, {
      "x" : 0.809017,
      "y" : 0.309017,
      "z" : -0.309017
    }, {
      "x" : 0.309017,
      "y" : 0.0,
      "z" : -0.11803399
    }, {
      "x" : 10.685661,
      "y" : 0.309017,
      "z" : -4.0815597
    }, {
      "x" : 0.7135255,
      "y" : -0.1545085,
      "z" : -0.559017
    } ],
    "faces" : [ {
      "vertices" : [ 2, 4, 8 ]
    }, {
      "vertices" : [ 2, 8, 3 ]
    }, {
      "vertices" : [ 2, 7, 5 ]
    }, {
      "vertices" : [ 2, 5, 4 ]
    }, {
      "vertices" : [ 4, 6, 8 ]
    }, {
      "vertices" : [ 5, 8, 6 ]
    }, {
      "vertices" : [ 1, 2, 3 ]
    }, {
      "vertices" : [ 3, 8, 5 ]
    }, {
      "vertices" : [ 3, 5, 7 ]
    }, {
      "vertices" : [ 1, 7, 2 ]
    }, {
      "vertices" : [ 1, 3, 7 ]
    }, {
      "vertices" : [ 4, 5, 6 ]
    } ]
  }, {
    "id" : "ee96489e-c63f-470e-9435-ded9d854d1fa",
    "vertices" : [ {
      "x" : 1.25,
      "y" : -9.531153,
      "z" : -10.031153
    }, {
      "x" : -3.177051,
      "y" : -6.604102,
      "z" : -10.531153
    }, {
      "x" : -2.677051,
      "y" : -2.177051,
      "z" : -13.458204
    }, {
      "x" : 2.25,
      "y" : -0.677051,
      "z" : -15.885255
    }, {
      "x" : 6.677051,
      "y" : -3.604102,
      "z" : -15.385255
    }, {
      "x" : 6.177051,
      "y" : -8.031153,
      "z" : -12.458204
    } ],
    "faces" : [ {
      "vertices" : [ 0, 1, 2 ]
    }, {
      "vertices" : [ 0, 2, 3 ]
    }, {
      "vertices" : [ 0, 3, 4 ]
    }, {
      "vertices" : [ 0, 4, 5 ]
    }, {
      "vertices" : [ 0, 5, 4 ]
    }, {
      "vertices" : [ 0, 4, 3 ]
    }, {
      "vertices" : [ 0, 3, 2 ]
    }, {
      "vertices" : [ 0, 2, 1 ]
    } ]
  }, {
    "id" : "f9577c6d-fe43-4d8d-953e-0380ccd32ba5",
    "vertices" : [ {
      "x" : -9.531153,
      "y" : -10.031153,
      "z" : 1.25
    }, {
      "x" : -12.958204,
      "y" : -6.104102,
      "z" : 1.75
    }, {
      "x" : -13.458204,
      "y" : -2.677051,
      "z" : -2.177051
    }, {
      "x" : -10.531153,
      "y" : -3.177051,
      "z" : -6.604102
    }, {
      "x" : -7.104102,
      "y" : -7.104102,
      "z" : -7.104102
    }, {
      "x" : -6.604102,
      "y" : -10.531153,
      "z" : -3.177051
    } ],
    "faces" : [ {
      "vertices" : [ 0, 1, 2 ]
    }, {
      "vertices" : [ 0, 2, 3 ]
    }, {
      "vertices" : [ 0, 3, 4 ]
    }, {
      "vertices" : [ 0, 4, 5 ]
    }, {
      "vertices" : [ 0, 5, 4 ]
    }, {
      "vertices" : [ 0, 4, 3 ]
    }, {
      "vertices" : [ 0, 3, 2 ]
    }, {
      "vertices" : [ 0, 2, 1 ]
    } ]
  }, {
    "id" : "ad87b526-0482-4f3b-9ce0-7b711355ec6a",
    "vertices" : [ {
      "x" : 8.677051,
      "y" : -17.312305,
      "z" : 0.32294902
    }, {
      "x" : 7.177051,
      "y" : -14.885255,
      "z" : -4.604102
    }, {
      "x" : 12.104102,
      "y" : -13.385255,
      "z" : -7.0311527
    }, {
      "x" : 18.531153,
      "y" : -14.312305,
      "z" : -4.5311527
    }, {
      "x" : 20.031153,
      "y" : -16.739357,
      "z" : 0.39589804
    }, {
      "x" : 15.104102,
      "y" : -18.239357,
      "z" : 2.822949
    } ],
    "faces" : [ {
      "vertices" : [ 0, 1, 2 ]
    }, {
      "vertices" : [ 0, 2, 3 ]
    }, {
      "vertices" : [ 0, 3, 4 ]
    }, {
      "vertices" : [ 0, 4, 5 ]
    }, {
      "vertices" : [ 0, 5, 4 ]
    }, {
      "vertices" : [ 0, 4, 3 ]
    }, {
      "vertices" : [ 0, 3, 2 ]
    }, {
      "vertices" : [ 0, 2, 1 ]
    } ]
  } ],
  "instances" : [ {
    "shape" : "bcbf8e43-cdc7-4eb3-83ff-b3c30aabb610",
    "color" : "#FFFFFF",
    "position" : {
      "x" : -0.677051,
      "y" : -15.885255,
      "z" : 2.25
    },
    "orientation" : 1
  }, {
    "shape" : "6f3a26d4-f70c-4d2f-95a5-d9b443b0b660",
    "color" : "#FFFFFF",
    "position" : {
      "x" : 1.25,
      "y" : -9.531153,
      "z" : -10.031153
    },
    "orientation" : 2
  }, {
    "shape" : "425325d3-b22f-4a32-a58d-92d7f3be1d0c",
    "color" : "#FFFFFF",
    "position" : {
      "x" : -4.5311527,
      "y" : 18.531153,
      "z" : -14.312305
    }
  }, {
    "shape" : "8e06d3a5-87ea-4a65-b4e9-b470be08f529",
    "color" : "#FFFFFF",
    "position" : {
      "x" : -18.239357,
      "y" : 2.822949,
      "z" : 15.104102
    },
    "orientation" : 2
  }, {
    "shape" : "425325d3-b22f-4a32-a58d-92d7f3be1d0c",
    "color" : "#FFFFFF",
    "position" : {
      "x" : 1.25,
      "y" : -9.531153,
      "z" : -10.031153
    }
  }, {
    "shape" : "761422d3-db7a-4794-a837-2f90318ee406",
    "color" : "#FFFFFF",
    "position" : {
      "x" : -15.385255,
      "y" : 6.677051,
      "z" : -3.604102
    },
    "orientation" : 2
  }, {
    "shape" : "425325d3-b22f-4a32-a58d-92d7f3be1d0c",
    "color" : "#FFFFFF",
    "position" : {
      "x" : 14.104102,
      "y" : 4.322949,
      "z" : -18.739357
    }
  }, {
    "shape" : "6f3a26d4-f70c-4d2f-95a5-d9b443b0b660",
    "color" : "#FFFFFF",
    "position" : {
      "x" : -2.177051,
      "y" : -13.458204,
      "z" : -2.677051
    },
    "orientation" : 1
  }, {
    "shape" : "425325d3-b22f-4a32-a58d-92d7f3be1d0c",
    "color" : "#FFFFFF",
    "position" : {
      "x" : -18.739357,
      "y" : 14.104102,
      "z" : 4.322949
    }
  }, {
    "shape" : "425325d3-b22f-4a32-a58d-92d7f3be1d0c",
    "color" : "#FFFFFF",
    "position" : {
      "x" : 23.958204,
      "y" : -8.385255,
      "z" : -9.885255
    }
  }, {
    "shape" : "bcbf8e43-cdc7-4eb3-83ff-b3c30aabb610",
    "color" : "#FFFFFF",
    "position" : {
      "x" : 2.25,
      "y" : -0.677051,
      "z" : -15.885255
    },
    "orientation" : 2
  }, {
    "shape" : "425325d3-b22f-4a32-a58d-92d7f3be1d0c",
    "color" : "#FFFFFF",
    "position" : {
      "x" : -13.385255,
      "y" : -7.0311527,
      "z" : 12.104102
    }
  }, {
    "shape" : "425325d3-b22f-4a32-a58d-92d7f3be1d0c",
    "color" : "#FFFFFF",
    "position" : {
      "x" : -5.958204,
      "y" : 24.458204,
      "z" : -11.812305
    }
  }, {
    "shape" : "44412326-34be-45ee-bede-e24093705683",
    "color" : "#1E1E1E",
    "position" : {
      "x" : 1.25,
      "y" : -9.531153,
      "z" : -10.031153
    },
    "orientation" : 37
  }, {
    "shape" : "77819604-6b01-4daa-9a75-1a44e6d4e852",
    "color" : "#FFFFFF",
    "position" : {
      "x" : -2.104102,
      "y" : 13.604102,
      "z" : -15.812305
    },
    "orientation" : 1
  }, {
    "shape" : "425325d3-b22f-4a32-a58d-92d7f3be1d0c",
    "color" : "#FFFFFF",
    "position" : {
      "x" : 0.39589804,
      "y" : 20.031153,
      "z" : -16.739357
    }
  }, {
    "shape" : "f602f93e-fc6d-426f-b49d-2b5160b129ea",
    "color" : "#FFFFFF",
    "position" : {
      "x" : 8.677051,
      "y" : -17.312305,
      "z" : 0.32294902
    },
    "orientation" : 1
  }, {
    "shape" : "761422d3-db7a-4794-a837-2f90318ee406",
    "color" : "#FFFFFF",
    "position" : {
      "x" : 6.677051,
      "y" : -3.604102,
      "z" : -15.385255
    },
    "orientation" : 1
  }, {
    "shape" : "8e06d3a5-87ea-4a65-b4e9-b470be08f529",
    "color" : "#FFFFFF",
    "position" : {
      "x" : -3.604102,
      "y" : -15.385255,
      "z" : 6.677051
    },
    "orientation" : 0
  }, {
    "shape" : "761422d3-db7a-4794-a837-2f90318ee406",
    "color" : "#FFFFFF",
    "position" : {
      "x" : -10.531153,
      "y" : -3.177051,
      "z" : -6.604102
    },
    "orientation" : 5
  }, {
    "shape" : "44412326-34be-45ee-bede-e24093705683",
    "color" : "#1E1E1E",
    "position" : {
      "x" : -8.385255,
      "y" : -9.885255,
      "z" : 23.958204
    },
    "orientation" : 51
  }, {
    "shape" : "761422d3-db7a-4794-a837-2f90318ee406",
    "color" : "#FFFFFF",
    "position" : {
      "x" : 18.031153,
      "y" : -3.031153,
      "z" : -15.312305
    },
    "orientation" : 1
  }, {
    "shape" : "425325d3-b22f-4a32-a58d-92d7f3be1d0c",
    "color" : "#FFFFFF",
    "position" : {
      "x" : 4.75,
      "y" : -17.812305,
      "z" : 3.75
    }
  }, {
    "shape" : "425325d3-b22f-4a32-a58d-92d7f3be1d0c",
    "color" : "#FFFFFF",
    "position" : {
      "x" : 12.604102,
      "y" : -1.104102,
      "z" : -16.812305
    }
  }, {
    "shape" : "425325d3-b22f-4a32-a58d-92d7f3be1d0c",
    "color" : "#FFFFFF",
    "position" : {
      "x" : -9.531153,
      "y" : -10.031153,
      "z" : 1.25
    }
  }, {
    "shape" : "89a3bbf9-0ceb-4d11-b7d6-b7e296388be1",
    "color" : "#FFFFFF",
    "position" : {
      "x" : -12.958204,
      "y" : 1.75,
      "z" : -5.104102
    },
    "orientation" : 1
  }, {
    "shape" : "425325d3-b22f-4a32-a58d-92d7f3be1d0c",
    "color" : "#FFFFFF",
    "position" : {
      "x" : -12.958204,
      "y" : 1.75,
      "z" : -5.104102
    }
  }, {
    "shape" : "bcbf8e43-cdc7-4eb3-83ff-b3c30aabb610",
    "color" : "#FFFFFF",
    "position" : {
      "x" : -6.104102,
      "y" : 1.75,
      "z" : -12.958204
    },
    "orientation" : 2
  }, {
    "shape" : "425325d3-b22f-4a32-a58d-92d7f3be1d0c",
    "color" : "#FFFFFF",
    "position" : {
      "x" : -6.604102,
      "y" : -10.531153,
      "z" : -3.177051
    }
  }, {
    "shape" : "425325d3-b22f-4a32-a58d-92d7f3be1d0c",
    "color" : "#FFFFFF",
    "position" : {
      "x" : -19.666409,
      "y" : 8.75,
      "z" : 17.604101
    }
  }, {
    "shape" : "425325d3-b22f-4a32-a58d-92d7f3be1d0c",
    "color" : "#FFFFFF",
    "position" : {
      "x" : -4.604102,
      "y" : 7.177051,
      "z" : -14.885255
    }
  }, {
    "shape" : "6f3a26d4-f70c-4d2f-95a5-d9b443b0b660",
    "color" : "#FFFFFF",
    "position" : {
      "x" : -3.177051,
      "y" : -6.604102,
      "z" : -10.531153
    },
    "orientation" : 2
  }, {
    "shape" : "425325d3-b22f-4a32-a58d-92d7f3be1d0c",
    "color" : "#FFFFFF",
    "position" : {
      "x" : -3.031153,
      "y" : -15.312305,
      "z" : 18.031153
    }
  }, {
    "shape" : "425325d3-b22f-4a32-a58d-92d7f3be1d0c",
    "color" : "#FFFFFF",
    "position" : {
      "x" : 19.694271,
      "y" : 12.84017,
      "z" : 4.986068
    }
  }, {
    "shape" : "f602f93e-fc6d-426f-b49d-2b5160b129ea",
    "color" : "#FFFFFF",
    "position" : {
      "x" : 17.531153,
      "y" : -7.458204,
      "z" : -12.385255
    },
    "orientation" : 1
  }, {
    "shape" : "761422d3-db7a-4794-a837-2f90318ee406",
    "color" : "#FFFFFF",
    "position" : {
      "x" : -2.677051,
      "y" : -2.177051,
      "z" : -13.458204
    },
    "orientation" : 1
  }, {
    "shape" : "425325d3-b22f-4a32-a58d-92d7f3be1d0c",
    "color" : "#FF9900",
    "position" : {
      "x" : 0.0,
      "y" : 0.0,
      "z" : 0.0
    }
  }, {
    "shape" : "17eea3bb-c374-4119-8ae5-707539cc1ee4",
    "color" : "#F0A000",
    "position" : {
      "x" : -10.031153,
      "y" : -6.604102,
      "z" : -2.677051
    },
    "orientation" : 9
  }, {
    "shape" : "8e06d3a5-87ea-4a65-b4e9-b470be08f529",
    "color" : "#FFFFFF",
    "position" : {
      "x" : -17.812305,
      "y" : 3.75,
      "z" : 4.75
    },
    "orientation" : 2
  }, {
    "shape" : "425325d3-b22f-4a32-a58d-92d7f3be1d0c",
    "color" : "#FFFFFF",
    "position" : {
      "x" : 12.177051,
      "y" : 13.677051,
      "z" : -20.166409
    }
  }, {
    "shape" : "6f3a26d4-f70c-4d2f-95a5-d9b443b0b660",
    "color" : "#FFFFFF",
    "position" : {
      "x" : 18.531153,
      "y" : -14.312305,
      "z" : -4.5311527
    },
    "orientation" : 1
  }, {
    "shape" : "8e06d3a5-87ea-4a65-b4e9-b470be08f529",
    "color" : "#FFFFFF",
    "position" : {
      "x" : -15.385255,
      "y" : 6.677051,
      "z" : -3.604102
    },
    "orientation" : 2
  }, {
    "shape" : "425325d3-b22f-4a32-a58d-92d7f3be1d0c",
    "color" : "#FFFFFF",
    "position" : {
      "x" : 13.604102,
      "y" : -15.812305,
      "z" : -2.104102
    }
  }, {
    "shape" : "425325d3-b22f-4a32-a58d-92d7f3be1d0c",
    "color" : "#FFFFFF",
    "position" : {
      "x" : -15.385255,
      "y" : 6.677051,
      "z" : -3.604102
    }
  }, {
    "shape" : "425325d3-b22f-4a32-a58d-92d7f3be1d0c",
    "color" : "#FFFFFF",
    "position" : {
      "x" : -10.958204,
      "y" : 11.604102,
      "z" : -9.958204
    }
  }, {
    "shape" : "425325d3-b22f-4a32-a58d-92d7f3be1d0c",
    "color" : "#FFFFFF",
    "position" : {
      "x" : 2.25,
      "y" : -0.677051,
      "z" : -15.885255
    }
  }, {
    "shape" : "425325d3-b22f-4a32-a58d-92d7f3be1d0c",
    "color" : "#FFFFFF",
    "position" : {
      "x" : -10.031153,
      "y" : 1.25,
      "z" : -9.531153
    }
  }, {
    "shape" : "bcbf8e43-cdc7-4eb3-83ff-b3c30aabb610",
    "color" : "#FFFFFF",
    "position" : {
      "x" : 1.75,
      "y" : -12.958204,
      "z" : -6.104102
    },
    "orientation" : 1
  }, {
    "shape" : "6f3a26d4-f70c-4d2f-95a5-d9b443b0b660",
    "color" : "#FFFFFF",
    "position" : {
      "x" : -18.239357,
      "y" : 2.822949,
      "z" : 15.104102
    },
    "orientation" : 1
  }, {
    "shape" : "44412326-34be-45ee-bede-e24093705683",
    "color" : "#1E1E1E",
    "position" : {
      "x" : -7.104102,
      "y" : -7.104102,
      "z" : -7.104102
    },
    "orientation" : 51
  }, {
    "shape" : "6f3a26d4-f70c-4d2f-95a5-d9b443b0b660",
    "color" : "#FFFFFF",
    "position" : {
      "x" : -10.031153,
      "y" : 1.25,
      "z" : -9.531153
    },
    "orientation" : 0
  }, {
    "shape" : "425325d3-b22f-4a32-a58d-92d7f3be1d0c",
    "color" : "#FFFFFF",
    "position" : {
      "x" : 1.75,
      "y" : -12.958204,
      "z" : -6.104102
    }
  }, {
    "shape" : "22384a01-6b05-4a02-b477-b8b8df1edda6",
    "color" : "#FFFFFF",
    "position" : {
      "x" : -2.677051,
      "y" : -10.031153,
      "z" : -6.604102
    },
    "orientation" : 1
  }, {
    "shape" : "761422d3-db7a-4794-a837-2f90318ee406",
    "color" : "#FFFFFF",
    "position" : {
      "x" : -10.031153,
      "y" : -6.604102,
      "z" : -2.677051
    },
    "orientation" : 3
  }, {
    "shape" : "8e06d3a5-87ea-4a65-b4e9-b470be08f529",
    "color" : "#FFFFFF",
    "position" : {
      "x" : 11.604102,
      "y" : -9.958204,
      "z" : -10.958204
    },
    "orientation" : 1
  }, {
    "shape" : "425325d3-b22f-4a32-a58d-92d7f3be1d0c",
    "color" : "#FFFFFF",
    "position" : {
      "x" : 7.25,
      "y" : -19.239357,
      "z" : 9.677051
    }
  }, {
    "shape" : "44412326-34be-45ee-bede-e24093705683",
    "color" : "#1E1E1E",
    "position" : {
      "x" : 11.604102,
      "y" : -9.958204,
      "z" : -10.958204
    },
    "orientation" : 37
  }, {
    "shape" : "bcbf8e43-cdc7-4eb3-83ff-b3c30aabb610",
    "color" : "#FFFFFF",
    "position" : {
      "x" : -12.458204,
      "y" : 6.177051,
      "z" : -8.031153
    },
    "orientation" : 2
  }, {
    "shape" : "44412326-34be-45ee-bede-e24093705683",
    "color" : "#1E1E1E",
    "position" : {
      "x" : -17.812305,
      "y" : 3.75,
      "z" : 4.75
    },
    "orientation" : 37
  }, {
    "shape" : "44412326-34be-45ee-bede-e24093705683",
    "color" : "#1E1E1E",
    "position" : {
      "x" : -10.031153,
      "y" : 1.25,
      "z" : -9.531153
    },
    "orientation" : 23
  }, {
    "shape" : "44412326-34be-45ee-bede-e24093705683",
    "color" : "#1E1E1E",
    "position" : {
      "x" : -9.885255,
      "y" : 23.958204,
      "z" : -8.385255
    },
    "orientation" : 23
  }, {
    "shape" : "425325d3-b22f-4a32-a58d-92d7f3be1d0c",
    "color" : "#FFFFFF",
    "position" : {
      "x" : -9.885255,
      "y" : 23.958204,
      "z" : -8.385255
    }
  }, {
    "shape" : "425325d3-b22f-4a32-a58d-92d7f3be1d0c",
    "color" : "#FFFFFF",
    "position" : {
      "x" : -1.104102,
      "y" : -16.812305,
      "z" : 12.604102
    }
  }, {
    "shape" : "6f3a26d4-f70c-4d2f-95a5-d9b443b0b660",
    "color" : "#FFFFFF",
    "position" : {
      "x" : -14.885255,
      "y" : -4.604102,
      "z" : 7.177051
    },
    "orientation" : 0
  }, {
    "shape" : "425325d3-b22f-4a32-a58d-92d7f3be1d0c",
    "color" : "#FFFFFF",
    "position" : {
      "x" : -5.104102,
      "y" : -12.958204,
      "z" : 1.75
    }
  }, {
    "shape" : "425325d3-b22f-4a32-a58d-92d7f3be1d0c",
    "color" : "#FFFFFF",
    "position" : {
      "x" : -15.312305,
      "y" : 18.031153,
      "z" : -3.031153
    }
  }, {
