{
  "field" : "golden",
  "symmetry" : "icosahedral",
  "orientations" : [ [ 1.0, 0.0, 0.0, 0.0, 0.0, 1.0, 0.0, 0.0, 0.0, 0.0, 1.0, 0.0, 0.0, 0.0, 0.0, 1.0 ], [ 0.0, 0.0, 1.0, 0.0, 1.0, 0.0, 0.0, 0.0, 0.0, 1.0, 0.0, 0.0, 0.0, 0.0, 0.0, 1.0 ], [ 0.0, 1.0, 0.0, 0.0, 0.0, 0.0, 1.0, 0.0, 1.0, 0.0, 0.0, 0.0, 0.0, 0.0, 0.0, 1.0 ], [ 0.809017, 0.309017, 0.5, 0.0, 0.309017, 0.5, -0.809017, 0.0, -0.5, 0.809017, 0.309017, 0.0, 0.0, 0.0, 0.0, 1.0 ], [ -0.5, 0.809017, 0.309017, 0.0, 0.809017, 0.309017, 0.5, 0.0, 0.309017, 0.5, -0.809017, 0.0, 0.0, 0.0, 0.0, 1.0 ], [ 0.309017, 0.5, -0.809017, 0.0, -0.5, 0.809017, 0.309017, 0.0, 0.809017, 0.309017, 0.5, 0.0, 0.0, 0.0, 0.0, 1.0 ], [ 0.5, 0.809017, 0.309017, 0.0, 0.809017, -0.309017, -0.5, 0.0, -0.309017, 0.5, -0.809017, 0.0, 0.0, 0.0, 0.0, 1.0 ], [ -0.309017, 0.5, -0.809017, 0.0, 0.5, 0.809017, 0.309017, 0.0, 0.809017, -0.309017, -0.5, 0.0, 0.0, 0.0, 0.0, 1.0 ], [ 0.809017, -0.309017, -0.5, 0.0, -0.309017, 0.5, -0.809017, 0.0, 0.5, 0.809017, 0.309017, 0.0, 0.0, 0.0, 0.0, 1.0 ], [ 0.5, 0.809017, -0.309017, 0.0, 0.809017, -0.309017, 0.5, 0.0, 0.309017, -0.5, -0.809017, 0.0, 0.0, 0.0, 0.0, 1.0 ], [ 0.309017, -0.5, -0.809017, 0.0, 0.5, 0.809017, -0.309017, 0.0, 0.809017, -0.309017, 0.5, 0.0, 0.0, 0.0, 0.0, 1.0 ], [ 0.809017, -0.309017, 0.5, 0.0, 0.309017, -0.5, -0.809017, 0.0, 0.5, 0.809017, -0.309017, 0.0, 0.0, 0.0, 0.0, 1.0 ], [ 0.809017, 0.309017, -0.5, 0.0, 0.309017, 0.5, 0.809017, 0.0, 0.5, -0.809017, 0.309017, 0.0, 0.0, 0.0, 0.0, 1.0 ], [ 0.5, -0.809017, 0.309017, 0.0, 0.809017, 0.309017, -0.5, 0.0, 0.309017, 0.5, 0.809017, 0.0, 0.0, 0.0, 0.0, 1.0 ], [ 0.309017, 0.5, 0.809017, 0.0, 0.5, -0.809017, 0.309017, 0.0, 0.809017, 0.309017, -0.5, 0.0, 0.0, 0.0, 0.0, 1.0 ], [ 1.0, 0.0, 0.0, 0.0, 0.0, -1.0, 0.0, 0.0, 0.0, 0.0, -1.0, 0.0, 0.0, 0.0, 0.0, 1.0 ], [ 0.0, 0.0, 1.0, 0.0, -1.0, 0.0, 0.0, 0.0, 0.0, -1.0, 0.0, 0.0, 0.0, 0.0, 0.0, 1.0 ], [ 0.0, 1.0, 0.0, 0.0, 0.0, 0.0, -1.0, 0.0, -1.0, 0.0, 0.0, 0.0, 0.0, 0.0, 0.0, 1.0 ], [ 0.809017, 0.309017, 0.5, 0.0, -0.309017, -0.5, 0.809017, 0.0, 0.5, -0.809017, -0.309017, 0.0, 0.0, 0.0, 0.0, 1.0 ], [ -0.5, 0.809017, 0.309017, 0.0, -0.809017, -0.309017, -0.5, 0.0, -0.309017, -0.5, 0.809017, 0.0, 0.0, 0.0, 0.0, 1.0 ], [ 0.309017, 0.5, -0.809017, 0.0, 0.5, -0.809017, -0.309017, 0.0, -0.809017, -0.309017, -0.5, 0.0, 0.0, 0.0, 0.0, 1.0 ], [ 0.5, 0.809017, 0.309017, 0.0, -0.809017, 0.309017, 0.5, 0.0, 0.309017, -0.5, 0.809017, 0.0, 0.0, 0.0, 0.0, 1.0 ], [ -0.309017, 0.5, -0.809017, 0.0, -0.5, -0.809017, -0.309017, 0.0, -0.809017, 0.309017, 0.5, 0.0, 0.0, 0.0, 0.0, 1.0 ], [ 0.809017, -0.309017, -0.5, 0.0, 0.309017, -0.5, 0.809017, 0.0, -0.5, -0.809017, -0.309017, 0.0, 0.0, 0.0, 0.0, 1.0 ], [ 0.5, 0.809017, -0.309017, 0.0, -0.809017, 0.309017, -0.5, 0.0, -0.309017, 0.5, 0.809017, 0.0, 0.0, 0.0, 0.0, 1.0 ], [ 0.309017, -0.5, -0.809017, 0.0, -0.5, -0.809017, 0.309017, 0.0, -0.809017, 0.309017, -0.5, 0.0, 0.0, 0.0, 0.0, 1.0 ], [ 0.809017, -0.309017, 0.5, 0.0, -0.309017, 0.5, 0.809017, 0.0, -0.5, -0.809017, 0.309017, 0.0, 0.0, 0.0, 0.0, 1.0 ], [ 0.809017, 0.309017, -0.5, 0.0, -0.309017, -0.5, -0.809017, 0.0, -0.5, 0.809017, -0.309017, 0.0, 0.0, 0.0, 0.0, 1.0 ], [ 0.5, -0.809017, 0.309017, 0.0, -0.809017, -0.309017, 0.5, 0.0, -0.309017, -0.5, -0.809017, 0.0, 0.0, 0.0, 0.0, 1.0 ], [ 0.309017, 0.5, 0.809017, 0.0, -0.5, 0.809017, -0.309017, 0.0, -0.809017, -0.309017, 0.5, 0.0, 0.0, 0.0, 0.0, 1.0 ], [ -1.0, 0.0, 0.0, 0.0, 0.0, -1.0, 0.0, 0.0, 0.0, 0.0, 1.0, 0.0, 0.0, 0.0, 0.0, 1.0 ], [ 0.0, 0.0, -1.0, 0.0, -1.0, 0.0, 0.0, 0.0, 0.0, 1.0, 0.0, 0.0, 0.0, 0.0, 0.0, 1.0 ], [ 0.0, -1.0, 0.0, 0.0, 0.0, 0.0, -1.0, 0.0, 1.0, 0.0, 0.0, 0.0, 0.0, 0.0, 0.0, 1.0 ], [ -0.809017, -0.309017, -0.5, 0.0, -0.309017, -0.5, 0.809017, 0.0, -0.5, 0.809017, 0.309017, 0.0, 0.0, 0.0, 0.0, 1.0 ], [ 0.5, -0.809017, -0.309017, 0.0, -0.809017, -0.309017, -0.5, 0.0, 0.309017, 0.5, -0.809017, 0.0, 0.0, 0.0, 0.0, 1.0 ], [ -0.309017, -0.5, 0.809017, 0.0, 0.5, -0.809017, -0.309017, 0.0, 0.809017, 0.309017, 0.5, 0.0, 0.0, 0.0, 0.0, 1.0 ], [ -0.5, -0.809017, -0.309017, 0.0, -0.809017, 0.309017, 0.5, 0.0, -0.309017, 0.5, -0.809017, 0.0, 0.0, 0.0, 0.0, 1.0 ], [ 0.309017, -0.5, 0.809017, 0.0, -0.5, -0.809017, -0.309017, 0.0, 0.809017, -0.309017, -0.5, 0.0, 0.0, 0.0, 0.0, 1.0 ], [ -0.809017, 0.309017, 0.5, 0.0, 0.309017, -0.5, 0.809017, 0.0, 0.5, 0.809017, 0.309017, 0.0, 0.0, 0.0, 0.0, 1.0 ], [ -0.5, -0.809017, 0.309017, 0.0, -0.809017, 0.309017, -0.5, 0.0, 0.309017, -0.5, -0.809017, 0.0, 0.0, 0.0, 0.0, 1.0 ], [ -0.309017, 0.5, 0.809017, 0.0, -0.5, -0.809017, 0.309017, 0.0, 0.809017, -0.309017, 0.5, 0.0, 0.0, 0.0, 0.0, 1.0 ], [ -0.809017, 0.309017, -0.5, 0.0, -0.309017, 0.5, 0.809017, 0.0, 0.5, 0.809017, -0.309017, 0.0, 0.0, 0.0, 0.0, 1.0 ], [ -0.809017, -0.309017, 0.5, 0.0, -0.309017, -0.5, -0.809017, 0.0, 0.5, -0.809017, 0.309017, 0.0, 0.0, 0.0, 0.0, 1.0 ], [ -0.5, 0.809017, -0.309017, 0.0, -0.809017, -0.309017, 0.5, 0.0, 0.309017, 0.5, 0.809017, 0.0, 0.0, 0.0, 0.0, 1.0 ], [ -0.309017, -0.5, -0.809017, 0.0, -0.5, 0.809017, -0.309017, 0.0, 0.809017, 0.309017, -0.5, 0.0, 0.0, 0.0, 0.0, 1.0 ], [ -1.0, 0.0, 0.0, 0.0, 0.0, 1.0, 0.0, 0.0, 0.0, 0.0, -1.0, 0.0, 0.0, 0.0, 0.0, 1.0 ], [ 0.0, 0.0, -1.0, 0.0, 1.0, 0.0, 0.0, 0.0, 0.0, -1.0, 0.0, 0.0, 0.0, 0.0, 0.0, 1.0 ], [ 0.0, -1.0, 0.0, 0.0, 0.0, 0.0, 1.0, 0.0, -1.0, 0.0, 0.0, 0.0, 0.0, 0.0, 0.0, 1.0 ], [ -0.809017, -0.309017, -0.5, 0.0, 0.309017, 0.5, -0.809017, 0.0, 0.5, -0.809017, -0.309017, 0.0, 0.0, 0.0, 0.0, 1.0 ], [ 0.5, -0.809017, -0.309017, 0.0, 0.809017, 0.309017, 0.5, 0.0, -0.309017, -0.5, 0.809017, 0.0, 0.0, 0.0, 0.0, 1.0 ], [ -0.309017, -0.5, 0.809017, 0.0, -0.5, 0.809017, 0.309017, 0.0, -0.809017, -0.309017, -0.5, 0.0, 0.0, 0.0, 0.0, 1.0 ], [ -0.5, -0.809017, -0.309017, 0.0, 0.809017, -0.309017, -0.5, 0.0, 0.309017, -0.5, 0.809017, 0.0, 0.0, 0.0, 0.0, 1.0 ], [ 0.309017, -0.5, 0.809017, 0.0, 0.5, 0.809017, 0.309017, 0.0, -0.809017, 0.309017, 0.5, 0.0, 0.0, 0.0, 0.0, 1.0 ], [ -0.809017, 0.309017, 0.5, 0.0, -0.309017, 0.5, -0.809017, 0.0, -0.5, -0.809017, -0.309017, 0.0, 0.0, 0.0, 0.0, 1.0 ], [ -0.5, -0.809017, 0.309017, 0.0, 0.809017, -0.309017, 0.5, 0.0, -0.309017, 0.5, 0.809017, 0.0, 0.0, 0.0, 0.0, 1.0 ], [ -0.309017, 0.5, 0.809017, 0.0, 0.5, 0.809017, -0.309017, 0.0, -0.809017, 0.309017, -0.5, 0.0, 0.0, 0.0, 0.0, 1.0 ], [ -0.809017, 0.309017, -0.5, 0.0, 0.309017, -0.5, -0.809017, 0.0, -0.5, -0.809017, 0.309017, 0.0, 0.0, 0.0, 0.0, 1.0 ], [ -0.809017, -0.309017, 0.5, 0.0, 0.309017, 0.5, 0.809017, 0.0, -0.5, 0.809017, -0.309017, 0.0, 0.0, 0.0, 0.0, 1.0 ], [ -0.5, 0.809017, -0.309017, 0.0, 0.809017, 0.309017, -0.5, 0.0, -0.309017, -0.5, -0.809017, 0.0, 0.0, 0.0, 0.0, 1.0 ], [ -0.309017, -0.5, -0.809017, 0.0, 0.5, -0.809017, 0.309017, 0.0, -0.809017, -0.309017, 0.5, 0.0, 0.0, 0.0, 0.0, 1.0 ] ],
  "lights" : {
    "ambientColor" : "#292929",
    "backgroundColor" : "#E0EFFF",
    "directionalLights" : [ {
      "direction" : {
        "x" : 1.0,
        "y" : -1.0,
        "z" : -1.0
      },
      "color" : "#EBEBE4"
    }, {
      "direction" : {
        "x" : -1.0,
        "y" : 0.0,
        "z" : 0.0
      },
      "color" : "#E4E4EB"
    }, {
      "direction" : {
        "x" : 0.0,
        "y" : 0.0,
        "z" : -1.0
      },
      "color" : "#1E1E1E"
    } ]
  },
  "camera" : {
    "width" : 55.167393,
    "stereo" : false,
    "viewDistance" : 122.59417,
    "nearClipDistance" : 0.30648553,
    "farClipDistance" : 245.1887,
    "lookAtPoint" : {
      "x" : 0.0,
      "y" : 0.0,
      "z" : 0.0
    },
    "fieldOfView" : 0.442629,
    "perspective" : true,
    "lookDirection" : {
      "x" : 0.0,
      "y" : 0.0,
      "z" : -1.0
    },
    "upDirection" : {
      "x" : 0.0,
      "y" : 1.0,
      "z" : 0.0
    },
    "position" : {
      "x" : 0.0,
      "y" : 0.0,
      "z" : 122.59417
    }
  },
  "embedding" : [ 1.0, 0.0, 0.0, 0.0, 0.0, 1.0, 0.0, 0.0, 0.0, 0.0, 1.0, 0.0, 0.0, 0.0, 0.0, 1.0 ],
  "shapes" : [ {
    "id" : "b21b9294-f017-40e8-ab4f-9b98465c39bf",
    "vertices" : [ {
      "x" : 0.809017,
      "y" : 0.618034,
      "z" : -0.19098301
    }, {
      "x" : 0.809017,
      "y" : 0.0,
      "z" : -0.19098301
    }, {
      "x" : 0.309017,
      "y" : 0.11803399,
      "z" : 0.0
    }, {
      "x" : 21.371323,
      "y" : 8.472136,
      "z" : 0.19098301
    }, {
      "x" : 0.809017,
      "y" : 0.618034,
      "z" : 0.19098301
    }, {
      "x" : 0.809017,
      "y" : 0.0,
      "z" : 0.19098301
    }, {
      "x" : 21.371323,
      "y" : 7.854102,
      "z" : 0.19098301
    }, {
      "x" : 21.871323,
      "y" : 8.354102,
      "z" : 0.0
    }, {
      "x" : 21.371323,
      "y" : 8.472136,
      "z" : -0.19098301
    }, {
      "x" : 22.18034,
      "y" : 8.472136,
      "z" : 0.0
    }, {
      "x" : 21.371323,
      "y" : 7.854102,
      "z" : -0.19098301
    } ],
    "faces" : [ {
      "vertices" : [ 3, 6, 7 ]
    }, {
      "vertices" : [ 3, 4, 5 ]
    }, {
      "vertices" : [ 3, 5, 6 ]
    }, {
      "vertices" : [ 3, 7, 8 ]
    }, {
      "vertices" : [ 0, 1, 2 ]
    }, {
      "vertices" : [ 0, 8, 10 ]
    }, {
      "vertices" : [ 0, 10, 1 ]
    }, {
      "vertices" : [ 1, 10, 6 ]
    }, {
      "vertices" : [ 1, 6, 5 ]
    }, {
      "vertices" : [ 0, 2, 4 ]
    }, {
      "vertices" : [ 6, 10, 7 ]
    }, {
      "vertices" : [ 1, 5, 2 ]
    }, {
      "vertices" : [ 7, 10, 8 ]
    }, {
      "vertices" : [ 2, 5, 4 ]
    }, {
      "vertices" : [ 0, 4, 3 ]
    }, {
      "vertices" : [ 0, 3, 8 ]
    } ]
  }, {
    "id" : "cd602ce0-b938-43d2-b16e-3e7936ea7b80",
    "vertices" : [ {
      "x" : 0.309017,
      "y" : -0.309017,
      "z" : -0.309017
    }, {
      "x" : 0.5,
      "y" : 0.0,
      "z" : -0.19098301
    }, {
      "x" : 0.5,
      "y" : 0.0,
      "z" : 0.19098301
    }, {
      "x" : 0.309017,
      "y" : -0.309017,
      "z" : 0.309017
    }, {
      "x" : 0.19098301,
      "y" : -0.5,
      "z" : 0.0
    }, {
      "x" : 0.0,
      "y" : 0.19098301,
      "z" : 0.5
    }, {
      "x" : 0.0,
      "y" : -0.19098301,
      "z" : 0.5
    }, {
      "x" : 0.309017,
      "y" : 0.309017,
      "z" : 0.309017
    }, {
      "x" : -0.309017,
      "y" : -0.309017,
      "z" : 0.309017
    }, {
      "x" : -0.309017,
      "y" : 0.309017,
      "z" : 0.309017
    }, {
      "x" : -0.5,
      "y" : 0.0,
      "z" : 0.19098301
    }, {
      "x" : 0.0,
      "y" : -0.19098301,
      "z" : -0.5
    }, {
      "x" : 0.0,
      "y" : 0.19098301,
      "z" : -0.5
    }, {
      "x" : 0.309017,
      "y" : 0.309017,
      "z" : -0.309017
    }, {
      "x" : -0.309017,
      "y" : -0.309017,
      "z" : -0.309017
    }, {
      "x" : -0.19098301,
      "y" : -0.5,
      "z" : 0.0
    }, {
      "x" : -0.5,
      "y" : 0.0,
      "z" : -0.19098301
    }, {
      "x" : 0.19098301,
      "y" : 0.5,
      "z" : 0.0
    }, {
      "x" : -0.309017,
      "y" : 0.309017,
      "z" : -0.309017
    }, {
      "x" : 0.0,
      "y" : 0.0,
      "z" : 0.0
    }, {
      "x" : -0.19098301,
      "y" : 0.5,
      "z" : 0.0
    } ],
    "faces" : [ {
      "vertices" : [ 12, 18, 20 ]
    }, {
      "vertices" : [ 12, 20, 17 ]
    }, {
      "vertices" : [ 12, 17, 13 ]
    }, {
      "vertices" : [ 3, 6, 8 ]
    }, {
      "vertices" : [ 3, 8, 15 ]
    }, {
      "vertices" : [ 3, 15, 4 ]
    }, {
      "vertices" : [ 0, 11, 12 ]
    }, {
      "vertices" : [ 0, 12, 13 ]
    }, {
      "vertices" : [ 0, 13, 1 ]
    }, {
      "vertices" : [ 5, 9, 10 ]
    }, {
      "vertices" : [ 5, 10, 8 ]
    }, {
      "vertices" : [ 5, 8, 6 ]
    }, {
      "vertices" : [ 2, 7, 5 ]
    }, {
      "vertices" : [ 2, 5, 6 ]
    }, {
      "vertices" : [ 2, 6, 3 ]
    }, {
      "vertices" : [ 11, 14, 16 ]
    }, {
      "vertices" : [ 11, 16, 18 ]
    }, {
      "vertices" : [ 11, 18, 12 ]
    }, {
      "vertices" : [ 1, 13, 17 ]
    }, {
      "vertices" : [ 1, 17, 7 ]
    }, {
      "vertices" : [ 1, 7, 2 ]
    }, {
      "vertices" : [ 9, 20, 18 ]
    }, {
      "vertices" : [ 9, 18, 16 ]
    }, {
      "vertices" : [ 9, 16, 10 ]
    }, {
      "vertices" : [ 0, 1, 2 ]
    }, {
      "vertices" : [ 0, 2, 3 ]
    }, {
      "vertices" : [ 0, 3, 4 ]
    }, {
      "vertices" : [ 5, 7, 17 ]
    }, {
      "vertices" : [ 5, 17, 20 ]
    }, {
      "vertices" : [ 5, 20, 9 ]
    }, {
      "vertices" : [ 0, 4, 15 ]
    }, {
      "vertices" : [ 0, 15, 14 ]
    }, {
      "vertices" : [ 0, 14, 11 ]
    }, {
      "vertices" : [ 8, 10, 16 ]
    }, {
      "vertices" : [ 8, 16, 14 ]
    }, {
      "vertices" : [ 8, 14, 15 ]
    } ]
  } ],
  "instances" : [ {
    "shape" : "b21b9294-f017-40e8-ab4f-9b98465c39bf",
    "color" : "#6C00C6",
    "position" : {
      "x" : 4.236068,
      "y" : 6.854102,
      "z" : 11.09017
    },
    "orientation" : 47
  }, {
    "shape" : "cd602ce0-b938-43d2-b16e-3e7936ea7b80",
    "color" : "#FFFFFF",
    "position" : {
      "x" : -4.236068,
      "y" : 6.854102,
      "z" : 11.09017
    }
  }, {
    "shape" : "cd602ce0-b938-43d2-b16e-3e7936ea7b80",
    "color" : "#FFFFFF",
    "position" : {
      "x" : 0.0,
      "y" : 13.708204,
      "z" : 0.0
    }
  }, {
    "shape" : "cd602ce0-b938-43d2-b16e-3e7936ea7b80",
    "color" : "#FFFFFF",
    "position" : {
      "x" : -6.854102,
      "y" : 11.09017,
      "z" : -4.236068
    }
  }, {
    "shape" : "cd602ce0-b938-43d2-b16e-3e7936ea7b80",
    "color" : "#FFFFFF",
    "position" : {
      "x" : -6.854102,
      "y" : 11.09017,
      "z" : 4.236068
    }
  }, {
    "shape" : "cd602ce0-b938-43d2-b16e-3e7936ea7b80",
    "color" : "#FFFFFF",
    "position" : {
      "x" : -11.09017,
      "y" : -4.236068,
      "z" : -6.854102
    }
  }, {
    "shape" : "b21b9294-f017-40e8-ab4f-9b98465c39bf",
    "color" : "#6C00C6",
    "position" : {
      "x" : -6.854102,
      "y" : 11.09017,
      "z" : 4.236068
    },
    "orientation" : 21
  }, {
    "shape" : "b21b9294-f017-40e8-ab4f-9b98465c39bf",
    "color" : "#6C00C6",
    "position" : {
      "x" : -11.09017,
      "y" : 4.236068,
      "z" : 6.854102
    },
    "orientation" : 23
  }, {
    "shape" : "b21b9294-f017-40e8-ab4f-9b98465c39bf",
    "color" : "#6C00C6",
    "position" : {
      "x" : -6.854102,
      "y" : -11.09017,
      "z" : 4.236068
    },
    "orientation" : 46
  }, {
    "shape" : "b21b9294-f017-40e8-ab4f-9b98465c39bf",
    "color" : "#6C00C6",
    "position" : {
      "x" : 0.0,
      "y" : 0.0,
      "z" : 13.708204
    },
    "orientation" : 29
  }, {
    "shape" : "cd602ce0-b938-43d2-b16e-3e7936ea7b80",
    "color" : "#FFFFFF",
    "position" : {
      "x" : 0.0,
      "y" : 0.0,
      "z" : -13.708204
    }
  }, {
    "shape" : "b21b9294-f017-40e8-ab4f-9b98465c39bf",
    "color" : "#6C00C6",
    "position" : {
      "x" : 4.236068,
      "y" : 6.854102,
      "z" : 11.09017
    },
    "orientation" : 19
  }, {
    "shape" : "cd602ce0-b938-43d2-b16e-3e7936ea7b80",
    "color" : "#FFFFFF",
    "position" : {
      "x" : 11.09017,
      "y" : -4.236068,
      "z" : 6.854102
    }
  }, {
    "shape" : "b21b9294-f017-40e8-ab4f-9b98465c39bf",
    "color" : "#6C00C6",
    "position" : {
      "x" : 13.708204,
      "y" : 0.0,
      "z" : 0.0
    },
    "orientation" : 57
  }, {
    "shape" : "cd602ce0-b938-43d2-b16e-3e7936ea7b80",
    "color" : "#FFFFFF",
    "position" : {
      "x" : 6.854102,
      "y" : 11.09017,
      "z" : -4.236068
    }
  }, {
    "shape" : "b21b9294-f017-40e8-ab4f-9b98465c39bf",
    "color" : "#6C00C6",
    "position" : {
      "x" : -11.09017,
      "y" : -4.236068,
      "z" : 6.854102
    },
    "orientation" : 20
  }, {
    "shape" : "b21b9294-f017-40e8-ab4f-9b98465c39bf",
    "color" : "#6C00C6",
    "position" : {
      "x" : 11.09017,
      "y" : 4.236068,
      "z" : 6.854102
    },
    "orientation" : 30
  }, {
    "shape" : "b21b9294-f017-40e8-ab4f-9b98465c39bf",
    "color" : "#6C00C6",
    "position" : {
      "x" : -4.236068,
      "y" : -6.854102,
      "z" : -11.09017
    },
    "orientation" : 7
  }, {
    "shape" : "b21b9294-f017-40e8-ab4f-9b98465c39bf",
    "color" : "#6C00C6",
    "position" : {
      "x" : 11.09017,
      "y" : 4.236068,
      "z" : -6.854102
    },
    "orientation" : 38
  }, {
    "shape" : "cd602ce0-b938-43d2-b16e-3e7936ea7b80",
    "color" : "#FFFFFF",
    "position" : {
      "x" : 4.236068,
      "y" : 6.854102,
      "z" : 11.09017
    }
  }, {
    "shape" : "cd602ce0-b938-43d2-b16e-3e7936ea7b80",
    "color" : "#FFFFFF",
    "position" : {
      "x" : -13.708204,
      "y" : 0.0,
      "z" : 0.0
    }
  }, {
    "shape" : "cd602ce0-b938-43d2-b16e-3e7936ea7b80",
    "color" : "#FFFFFF",
    "position" : {
      "x" : 13.708204,
      "y" : 0.0,
      "z" : 0.0
    }
  }, {
    "shape" : "cd602ce0-b938-43d2-b16e-3e7936ea7b80",
    "color" : "#FFFFFF",
    "position" : {
      "x" : 6.854102,
      "y" : -11.09017,
      "z" : 4.236068
    }
  }, {
    "shape" : "b21b9294-f017-40e8-ab4f-9b98465c39bf",
    "color" : "#6C00C6",
    "position" : {
      "x" : 4.236068,
      "y" : -6.854102,
      "z" : 11.09017
    },
    "orientation" : 52
  }, {
    "shape" : "cd602ce0-b938-43d2-b16e-3e7936ea7b80",
    "color" : "#FFFFFF",
    "position" : {
      "x" : 6.854102,
      "y" : 11.09017,
      "z" : 4.236068
    }
  }, {
    "shape" : "cd602ce0-b938-43d2-b16e-3e7936ea7b80",
    "color" : "#FFFFFF",
    "position" : {
      "x" : -4.236068,
      "y" : -6.854102,
      "z" : -11.09017
    }
  }, {
    "shape" : "b21b9294-f017-40e8-ab4f-9b98465c39bf",
    "color" : "#6C00C6",
    "position" : {
      "x" : -6.854102,
      "y" : -11.09017,
      "z" : -4.236068
    },
    "orientation" : 6
  }, {
    "shape" : "b21b9294-f017-40e8-ab4f-9b98465c39bf",
    "color" : "#6C00C6",
    "position" : {
      "x" : 6.854102,
      "y" : 11.09017,
      "z" : 4.236068
    },
    "orientation" : 16
  }, {
    "shape" : "b21b9294-f017-40e8-ab4f-9b98465c39bf",
    "color" : "#6C00C6",
    "position" : {
      "x" : 11.09017,
      "y" : -4.236068,
      "z" : 6.854102
    },
    "orientation" : 53
  }, {
    "shape" : "cd602ce0-b938-43d2-b16e-3e7936ea7b80",
    "color" : "#FFFFFF",
    "position" : {
      "x" : 6.854102,
      "y" : -11.09017,
      "z" : -4.236068
    }
  }, {
    "shape" : "cd602ce0-b938-43d2-b16e-3e7936ea7b80",
    "color" : "#FFFFFF",
    "position" : {
      "x" : -6.854102,
      "y" : -11.09017,
      "z" : -4.236068
    }
  }, {
    "shape" : "cd602ce0-b938-43d2-b16e-3e7936ea7b80",
    "color" : "#FFFFFF",
    "position" : {
      "x" : 11.09017,
      "y" : 4.236068,
      "z" : -6.854102
    }
  }, {
    "shape" : "cd602ce0-b938-43d2-b16e-3e7936ea7b80",
    "color" : "#FFFFFF",
    "position" : {
      "x" : 4.236068,
      "y" : -6.854102,
      "z" : 11.09017
    }
  }, {
    "shape" : "cd602ce0-b938-43d2-b16e-3e7936ea7b80",
    "color" : "#FFFFFF",
    "position" : {
      "x" : -6.854102,
      "y" : -11.09017,
      "z" : 4.236068
    }
  }, {
    "shape" : "cd602ce0-b938-43d2-b16e-3e7936ea7b80",
    "color" : "#FFFFFF",
    "position" : {
      "x" : -11.09017,
      "y" : -4.236068,
      "z" : 6.854102
    }
  }, {
    "shape" : "cd602ce0-b938-43d2-b16e-3e7936ea7b80",
    "color" : "#FFFFFF",
    "position" : {
      "x" : -11.09017,
      "y" : 4.236068,
      "z" : 6.854102
    }
  }, {
    "shape" : "b21b9294-f017-40e8-ab4f-9b98465c39bf",
    "color" : "#6C00C6",
    "position" : {
      "x" : 4.236068,
      "y" : -6.854102,
      "z" : -11.09017
    },
    "orientation" : 32
  }, {
    "shape" : "cd602ce0-b938-43d2-b16e-3e7936ea7b80",
    "color" : "#FFFFFF",
    "position" : {
      "x" : 4.236068,
      "y" : 6.854102,
      "z" : -11.09017
    }
  }, {
    "shape" : "b21b9294-f017-40e8-ab4f-9b98465c39bf",
    "color" : "#6C00C6",
    "position" : {
      "x" : 0.0,
      "y" : 0.0,
      "z" : 13.708204
    },
    "orientation" : 59
  }, {
    "shape" : "b21b9294-f017-40e8-ab4f-9b98465c39bf",
    "color" : "#6C00C6",
    "position" : {
      "x" : -4.236068,
      "y" : 6.854102,
      "z" : 11.09017
    },
    "orientation" : 22
  }, {
    "shape" : "cd602ce0-b938-43d2-b16e-3e7936ea7b80",
    "color" : "#FFFFFF",
    "position" : {
      "x" : -4.236068,
      "y" : 6.854102,
      "z" : -11.09017
    }
  }, {
    "shape" : "b21b9294-f017-40e8-ab4f-9b98465c39bf",
    "color" : "#6C00C6",
    "position" : {
      "x" : 11.09017,
      "y" : 4.236068,
      "z" : 6.854102
    },
    "orientation" : 50
  }, {
    "shape" : "b21b9294-f017-40e8-ab4f-9b98465c39bf",
    "color" : "#6C00C6",
    "position" : {
      "x" : 6.854102,
      "y" : -11.09017,
      "z" : 4.236068
    },
    "orientation" : 51
  }, {
    "shape" : "b21b9294-f017-40e8-ab4f-9b98465c39bf",
    "color" : "#6C00C6",
    "position" : {
      "x" : 13.708204,
      "y" : 0.0,
      "z" : 0.0
    },
    "orientation" : 42
  }, {
    "shape" : "b21b9294-f017-40e8-ab4f-9b98465c39bf",
    "color" : "#6C00C6",
    "position" : {
      "x" : 0.0,
      "y" : -13.708204,
      "z" : 0.0
    },
    "orientation" : 58
  }, {
    "shape" : "cd602ce0-b938-43d2-b16e-3e7936ea7b80",
    "color" : "#FFFFFF",
    "position" : {
      "x" : 4.236068,
      "y" : -6.854102,
      "z" : -11.09017
    }
  }, {
    "shape" : "cd602ce0-b938-43d2-b16e-3e7936ea7b80",
    "color" : "#FFFFFF",
    "position" : {
      "x" : 0.0,
      "y" : -13.708204,
      "z" : 0.0
    }
  }, {
    "shape" : "b21b9294-f017-40e8-ab4f-9b98465c39bf",
    "color" : "#6C00C6",
    "position" : {
      "x" : 4.236068,
      "y" : 6.854102,
      "z" : -11.09017
    },
    "orientation" : 37
  }, {
    "shape" : "b21b9294-f017-40e8-ab4f-9b98465c39bf",
    "color" : "#6C00C6",
    "position" : {
      "x" : 0.0,
      "y" : 13.708204,
      "z" : 0.0
    },
    "orientation" : 43
  }, {
    "shape" : "b21b9294-f017-40e8-ab4f-9b98465c39bf",
    "color" : "#6C00C6",
    "position" : {
      "x" : 6.854102,
      "y" : 11.09017,
      "z" : -4.236068
    },
    "orientation" : 36
  }, {
    "shape" : "cd602ce0-b938-43d2-b16e-3e7936ea7b80",
    "color" : "#FFFFFF",
    "position" : {
      "x" : 0.0,
      "y" : 0.0,
      "z" : 13.708204
    }
  }, {
    "shape" : "b21b9294-f017-40e8-ab4f-9b98465c39bf",
    "color" : "#6C00C6",
    "position" : {
      "x" : 6.854102,
      "y" : -11.09017,
      "z" : -4.236068
    },
    "orientation" : 48
  }, {
    "shape" : "b21b9294-f017-40e8-ab4f-9b98465c39bf",
    "color" : "#6C00C6",
    "position" : {
      "x" : 6.854102,
      "y" : 11.09017,
      "z" : 4.236068
    },
    "orientation" : 33
  }, {
    "shape" : "b21b9294-f017-40e8-ab4f-9b98465c39bf",
    "color" : "#6C00C6",
    "position" : {
      "x" : 4.236068,
      "y" : -6.854102,
      "z" : -11.09017
    },
    "orientation" : 4
  }, {
    "shape" : "cd602ce0-b938-43d2-b16e-3e7936ea7b80",
    "color" : "#FFFFFF",
    "position" : {
      "x" : 11.09017,
      "y" : -4.236068,
      "z" : -6.854102
    }
  }, {
    "shape" : "cd602ce0-b938-43d2-b16e-3e7936ea7b80",
    "color" : "#FFFFFF",
    "position" : {
      "x" : 11.09017,
      "y" : 4.236068,
      "z" : 6.854102
    }
  }, {
    "shape" : "b21b9294-f017-40e8-ab4f-9b98465c39bf",
    "color" : "#6C00C6",
    "position" : {
      "x" : -11.09017,
      "y" : -4.236068,
      "z" : -6.854102
    },
    "orientation" : 8
  }, {
    "shape" : "cd602ce0-b938-43d2-b16e-3e7936ea7b80",
    "color" : "#FFFFFF",
    "position" : {
      "x" : -11.09017,
      "y" : 4.236068,
      "z" : -6.854102
    }
  }, {
    "shape" : "b21b9294-f017-40e8-ab4f-9b98465c39bf",
    "color" : "#6C00C6",
    "position" : {
      "x" : 11.09017,
      "y" : -4.236068,
      "z" : -6.854102
    },
    "orientation" : 45
  }, {
    "shape" : "cd602ce0-b938-43d2-b16e-3e7936ea7b80",
    "color" : "#FFFFFF",
    "position" : {
      "x" : -4.236068,
      "y" : -6.854102,
      "z" : 11.09017
    }
  } ],
  "scenes" : [ ],
  "snapshots" : [ ]
}