{
  "polygons" : "true",
  "field" : "golden",
  "symmetry" : "icosahedral",
  "orientations" : [ [ 1.0, 0.0, 0.0, 0.0, 0.0, 1.0, 0.0, 0.0, 0.0, 0.0, 1.0, 0.0, 0.0, 0.0, 0.0, 1.0 ], [ 0.0, 0.0, 1.0, 0.0, 1.0, 0.0, 0.0, 0.0, 0.0, 1.0, 0.0, 0.0, 0.0, 0.0, 0.0, 1.0 ], [ 0.0, 1.0, 0.0, 0.0, 0.0, 0.0, 1.0, 0.0, 1.0, 0.0, 0.0, 0.0, 0.0, 0.0, 0.0, 1.0 ], [ 0.809017, 0.309017, 0.5, 0.0, 0.309017, 0.5, -0.809017, 0.0, -0.5, 0.809017, 0.309017, 0.0, 0.0, 0.0, 0.0, 1.0 ], [ -0.5, 0.809017, 0.309017, 0.0, 0.809017, 0.309017, 0.5, 0.0, 0.309017, 0.5, -0.809017, 0.0, 0.0, 0.0, 0.0, 1.0 ], [ 0.309017, 0.5, -0.809017, 0.0, -0.5, 0.809017, 0.309017, 0.0, 0.809017, 0.309017, 0.5, 0.0, 0.0, 0.0, 0.0, 1.0 ], [ 0.5, 0.809017, 0.309017, 0.0, 0.809017, -0.309017, -0.5, 0.0, -0.309017, 0.5, -0.809017, 0.0, 0.0, 0.0, 0.0, 1.0 ], [ -0.309017, 0.5, -0.809017, 0.0, 0.5, 0.809017, 0.309017, 0.0, 0.809017, -0.309017, -0.5, 0.0, 0.0, 0.0, 0.0, 1.0 ], [ 0.809017, -0.309017, -0.5, 0.0, -0.309017, 0.5, -0.809017, 0.0, 0.5, 0.809017, 0.309017, 0.0, 0.0, 0.0, 0.0, 1.0 ], [ 0.5, 0.809017, -0.309017, 0.0, 0.809017, -0.309017, 0.5, 0.0, 0.309017, -0.5, -0.809017, 0.0, 0.0, 0.0, 0.0, 1.0 ], [ 0.309017, -0.5, -0.809017, 0.0, 0.5, 0.809017, -0.309017, 0.0, 0.809017, -0.309017, 0.5, 0.0, 0.0, 0.0, 0.0, 1.0 ], [ 0.809017, -0.309017, 0.5, 0.0, 0.309017, -0.5, -0.809017, 0.0, 0.5, 0.809017, -0.309017, 0.0, 0.0, 0.0, 0.0, 1.0 ], [ 0.809017, 0.309017, -0.5, 0.0, 0.309017, 0.5, 0.809017, 0.0, 0.5, -0.809017, 0.309017, 0.0, 0.0, 0.0, 0.0, 1.0 ], [ 0.5, -0.809017, 0.309017, 0.0, 0.809017, 0.309017, -0.5, 0.0, 0.309017, 0.5, 0.809017, 0.0, 0.0, 0.0, 0.0, 1.0 ], [ 0.309017, 0.5, 0.809017, 0.0, 0.5, -0.809017, 0.309017, 0.0, 0.809017, 0.309017, -0.5, 0.0, 0.0, 0.0, 0.0, 1.0 ], [ 1.0, 0.0, 0.0, 0.0, 0.0, -1.0, 0.0, 0.0, 0.0, 0.0, -1.0, 0.0, 0.0, 0.0, 0.0, 1.0 ], [ 0.0, 0.0, 1.0, 0.0, -1.0, 0.0, 0.0, 0.0, 0.0, -1.0, 0.0, 0.0, 0.0, 0.0, 0.0, 1.0 ], [ 0.0, 1.0, 0.0, 0.0, 0.0, 0.0, -1.0, 0.0, -1.0, 0.0, 0.0, 0.0, 0.0, 0.0, 0.0, 1.0 ], [ 0.809017, 0.309017, 0.5, 0.0, -0.309017, -0.5, 0.809017, 0.0, 0.5, -0.809017, -0.309017, 0.0, 0.0, 0.0, 0.0, 1.0 ], [ -0.5, 0.809017, 0.309017, 0.0, -0.809017, -0.309017, -0.5, 0.0, -0.309017, -0.5, 0.809017, 0.0, 0.0, 0.0, 0.0, 1.0 ], [ 0.309017, 0.5, -0.809017, 0.0, 0.5, -0.809017, -0.309017, 0.0, -0.809017, -0.309017, -0.5, 0.0, 0.0, 0.0, 0.0, 1.0 ], [ 0.5, 0.809017, 0.309017, 0.0, -0.809017, 0.309017, 0.5, 0.0, 0.309017, -0.5, 0.809017, 0.0, 0.0, 0.0, 0.0, 1.0 ], [ -0.309017, 0.5, -0.809017, 0.0, -0.5, -0.809017, -0.309017, 0.0, -0.809017, 0.309017, 0.5, 0.0, 0.0, 0.0, 0.0, 1.0 ], [ 0.809017, -0.309017, -0.5, 0.0, 0.309017, -0.5, 0.809017, 0.0, -0.5, -0.809017, -0.309017, 0.0, 0.0, 0.0, 0.0, 1.0 ], [ 0.5, 0.809017, -0.309017, 0.0, -0.809017, 0.309017, -0.5, 0.0, -0.309017, 0.5, 0.809017, 0.0, 0.0, 0.0, 0.0, 1.0 ], [ 0.309017, -0.5, -0.809017, 0.0, -0.5, -0.809017, 0.309017, 0.0, -0.809017, 0.309017, -0.5, 0.0, 0.0, 0.0, 0.0, 1.0 ], [ 0.809017, -0.309017, 0.5, 0.0, -0.309017, 0.5, 0.809017, 0.0, -0.5, -0.809017, 0.309017, 0.0, 0.0, 0.0, 0.0, 1.0 ], [ 0.809017, 0.309017, -0.5, 0.0, -0.309017, -0.5, -0.809017, 0.0, -0.5, 0.809017, -0.309017, 0.0, 0.0, 0.0, 0.0, 1.0 ], [ 0.5, -0.809017, 0.309017, 0.0, -0.809017, -0.309017, 0.5, 0.0, -0.309017, -0.5, -0.809017, 0.0, 0.0, 0.0, 0.0, 1.0 ], [ 0.309017, 0.5, 0.809017, 0.0, -0.5, 0.809017, -0.309017, 0.0, -0.809017, -0.309017, 0.5, 0.0, 0.0, 0.0, 0.0, 1.0 ], [ -1.0, 0.0, 0.0, 0.0, 0.0, -1.0, 0.0, 0.0, 0.0, 0.0, 1.0, 0.0, 0.0, 0.0, 0.0, 1.0 ], [ 0.0, 0.0, -1.0, 0.0, -1.0, 0.0, 0.0, 0.0, 0.0, 1.0, 0.0, 0.0, 0.0, 0.0, 0.0, 1.0 ], [ 0.0, -1.0, 0.0, 0.0, 0.0, 0.0, -1.0, 0.0, 1.0, 0.0, 0.0, 0.0, 0.0, 0.0, 0.0, 1.0 ], [ -0.809017, -0.309017, -0.5, 0.0, -0.309017, -0.5, 0.809017, 0.0, -0.5, 0.809017, 0.309017, 0.0, 0.0, 0.0, 0.0, 1.0 ], [ 0.5, -0.809017, -0.309017, 0.0, -0.809017, -0.309017, -0.5, 0.0, 0.309017, 0.5, -0.809017, 0.0, 0.0, 0.0, 0.0, 1.0 ], [ -0.309017, -0.5, 0.809017, 0.0, 0.5, -0.809017, -0.309017, 0.0, 0.809017, 0.309017, 0.5, 0.0, 0.0, 0.0, 0.0, 1.0 ], [ -0.5, -0.809017, -0.309017, 0.0, -0.809017, 0.309017, 0.5, 0.0, -0.309017, 0.5, -0.809017, 0.0, 0.0, 0.0, 0.0, 1.0 ], [ 0.309017, -0.5, 0.809017, 0.0, -0.5, -0.809017, -0.309017, 0.0, 0.809017, -0.309017, -0.5, 0.0, 0.0, 0.0, 0.0, 1.0 ], [ -0.809017, 0.309017, 0.5, 0.0, 0.309017, -0.5, 0.809017, 0.0, 0.5, 0.809017, 0.309017, 0.0, 0.0, 0.0, 0.0, 1.0 ], [ -0.5, -0.809017, 0.309017, 0.0, -0.809017, 0.309017, -0.5, 0.0, 0.309017, -0.5, -0.809017, 0.0, 0.0, 0.0, 0.0, 1.0 ], [ -0.309017, 0.5, 0.809017, 0.0, -0.5, -0.809017, 0.309017, 0.0, 0.809017, -0.309017, 0.5, 0.0, 0.0, 0.0, 0.0, 1.0 ], [ -0.809017, 0.309017, -0.5, 0.0, -0.309017, 0.5, 0.809017, 0.0, 0.5, 0.809017, -0.309017, 0.0, 0.0, 0.0, 0.0, 1.0 ], [ -0.809017, -0.309017, 0.5, 0.0, -0.309017, -0.5, -0.809017, 0.0, 0.5, -0.809017, 0.309017, 0.0, 0.0, 0.0, 0.0, 1.0 ], [ -0.5, 0.809017, -0.309017, 0.0, -0.809017, -0.309017, 0.5, 0.0, 0.309017, 0.5, 0.809017, 0.0, 0.0, 0.0, 0.0, 1.0 ], [ -0.309017, -0.5, -0.809017, 0.0, -0.5, 0.809017, -0.309017, 0.0, 0.809017, 0.309017, -0.5, 0.0, 0.0, 0.0, 0.0, 1.0 ], [ -1.0, 0.0, 0.0, 0.0, 0.0, 1.0, 0.0, 0.0, 0.0, 0.0, -1.0, 0.0, 0.0, 0.0, 0.0, 1.0 ], [ 0.0, 0.0, -1.0, 0.0, 1.0, 0.0, 0.0, 0.0, 0.0, -1.0, 0.0, 0.0, 0.0, 0.0, 0.0, 1.0 ], [ 0.0, -1.0, 0.0, 0.0, 0.0, 0.0, 1.0, 0.0, -1.0, 0.0, 0.0, 0.0, 0.0, 0.0, 0.0, 1.0 ], [ -0.809017, -0.309017, -0.5, 0.0, 0.309017, 0.5, -0.809017, 0.0, 0.5, -0.809017, -0.309017, 0.0, 0.0, 0.0, 0.0, 1.0 ], [ 0.5, -0.809017, -0.309017, 0.0, 0.809017, 0.309017, 0.5, 0.0, -0.309017, -0.5, 0.809017, 0.0, 0.0, 0.0, 0.0, 1.0 ], [ -0.309017, -0.5, 0.809017, 0.0, -0.5, 0.809017, 0.309017, 0.0, -0.809017, -0.309017, -0.5, 0.0, 0.0, 0.0, 0.0, 1.0 ], [ -0.5, -0.809017, -0.309017, 0.0, 0.809017, -0.309017, -0.5, 0.0, 0.309017, -0.5, 0.809017, 0.0, 0.0, 0.0, 0.0, 1.0 ], [ 0.309017, -0.5, 0.809017, 0.0, 0.5, 0.809017, 0.309017, 0.0, -0.809017, 0.309017, 0.5, 0.0, 0.0, 0.0, 0.0, 1.0 ], [ -0.809017, 0.309017, 0.5, 0.0, -0.309017, 0.5, -0.809017, 0.0, -0.5, -0.809017, -0.309017, 0.0, 0.0, 0.0, 0.0, 1.0 ], [ -0.5, -0.809017, 0.309017, 0.0, 0.809017, -0.309017, 0.5, 0.0, -0.309017, 0.5, 0.809017, 0.0, 0.0, 0.0, 0.0, 1.0 ], [ -0.309017, 0.5, 0.809017, 0.0, 0.5, 0.809017, -0.309017, 0.0, -0.809017, 0.309017, -0.5, 0.0, 0.0, 0.0, 0.0, 1.0 ], [ -0.809017, 0.309017, -0.5, 0.0, 0.309017, -0.5, -0.809017, 0.0, -0.5, -0.809017, 0.309017, 0.0, 0.0, 0.0, 0.0, 1.0 ], [ -0.809017, -0.309017, 0.5, 0.0, 0.309017, 0.5, 0.809017, 0.0, -0.5, 0.809017, -0.309017, 0.0, 0.0, 0.0, 0.0, 1.0 ], [ -0.5, 0.809017, -0.309017, 0.0, 0.809017, 0.309017, -0.5, 0.0, -0.309017, -0.5, -0.809017, 0.0, 0.0, 0.0, 0.0, 1.0 ], [ -0.309017, -0.5, -0.809017, 0.0, 0.5, -0.809017, 0.309017, 0.0, -0.809017, -0.309017, 0.5, 0.0, 0.0, 0.0, 0.0, 1.0 ] ],
  "lights" : {
    "backgroundColor" : "#AFC8DC",
    "ambientColor" : "#292929",
    "directionalLights" : [ {
      "direction" : [ 1.0, -1.0, -1.0 ],
      "color" : "#EBEBE4"
    }, {
      "direction" : [ -1.0, 0.0, 0.0 ],
      "color" : "#E4E4EB"
    }, {
      "direction" : [ 0.0, 0.0, -1.0 ],
      "color" : "#1E1E1E"
    } ]
  },
  "camera" : {
    "perspective" : false,
    "upDirectionRV" : {
      "x" : 4.4164906E-4,
      "y" : 0.109123014,
      "z" : -0.994028,
      "zero" : false
    },
    "lookAtPointRV" : {
      "x" : 0.0,
      "y" : 0.0,
      "z" : 0.0,
      "zero" : true
    },
    "lookDirectionRV" : {
      "x" : -0.06267146,
      "y" : -0.99207205,
      "z" : -0.10893134,
      "zero" : false
    },
    "viewDistance" : 149.73685,
    "fieldOfView" : 0.4426289,
    "lookAtPoint" : {
      "x" : 0.0,
      "y" : 0.0,
      "z" : 0.0
    },
    "lookDirection" : {
      "x" : -0.06267146,
      "y" : -0.99207205,
      "z" : -0.10893134
    },
    "upDirection" : {
      "x" : 4.4164906E-4,
      "y" : 0.109123014,
      "z" : -0.994028
    },
    "nearClipDistance" : 0.37434214,
    "farClipDistance" : 299.47363,
    "stereo" : false,
    "width" : 67.381584,
    "position" : {
      "x" : 9.384227,
      "y" : 148.54974,
      "z" : 16.311035
    }
  },
  "embedding" : [ 1.0, 0.0, 0.0, 0.0, 0.0, 1.0, 0.0, 0.0, 0.0, 0.0, 1.0, 0.0, 0.0, 0.0, 0.0, 1.0 ],
  "shapes" : [ {
    "id" : "fce47018-b676-4863-962b-efe240c389ed",
    "vertices" : [ {
      "x" : 0.0,
      "y" : 0.0,
      "z" : 0.0
    }, {
      "x" : 0.0,
      "y" : 0.0,
      "z" : 15.708204
    }, {
      "x" : 2.3223479,
      "y" : -11.272914,
      "z" : 7.854102
    } ],
    "faces" : [ {
      "vertices" : [ 0, 1, 2 ]
    }, {
      "vertices" : [ 0, 2, 1 ]
    } ]
  }, {
    "id" : "d8663d0c-8d1f-450a-9bad-ba6fa795afc2",
    "orbit" : "blue",
    "orbitC" : "[[0,0,1],[0,0,1]]",
    "length" : "[1,0,1]",
    "name" : "b1",
    "vertices" : [ {
      "x" : 1.0,
      "y" : 0.309017,
      "z" : 0.19098301
    }, {
      "x" : 1.0,
      "y" : -0.309017,
      "z" : 0.19098301
    }, {
      "x" : 7.472136,
      "y" : -0.309017,
      "z" : 0.19098301
    }, {
      "x" : 7.472136,
      "y" : 0.309017,
      "z" : 0.19098301
    }, {
      "x" : 7.472136,
      "y" : -0.309017,
      "z" : -0.19098301
    }, {
      "x" : 7.472136,
      "y" : 0.309017,
      "z" : -0.19098301
    }, {
      "x" : 8.09017,
      "y" : 0.0,
      "z" : 0.0
    }, {
      "x" : 0.38196602,
      "y" : 0.0,
      "z" : 0.0
    }, {
      "x" : 1.0,
      "y" : 0.309017,
      "z" : -0.19098301
    }, {
      "x" : 1.0,
      "y" : -0.309017,
      "z" : -0.19098301
    }, {
      "x" : 8.472136,
      "y" : 0.0,
      "z" : 0.0
    } ],
    "faces" : [ {
      "vertices" : [ 1, 9, 4, 2 ]
    }, {
      "vertices" : [ 0, 3, 5, 8 ]
    }, {
      "vertices" : [ 1, 7, 9 ]
    }, {
      "vertices" : [ 0, 1, 2, 3 ]
    }, {
      "vertices" : [ 7, 8, 9 ]
    }, {
      "vertices" : [ 0, 7, 1 ]
    }, {
      "vertices" : [ 4, 9, 8, 5 ]
    }, {
      "vertices" : [ 2, 6, 3 ]
    }, {
      "vertices" : [ 2, 4, 6 ]
    }, {
      "vertices" : [ 3, 6, 5 ]
    }, {
      "vertices" : [ 4, 5, 6 ]
    }, {
      "vertices" : [ 0, 8, 7 ]
    } ]
  }, {
    "id" : "d17f8373-2a48-4d68-bf49-5fa02f0ee87b",
    "name" : "ball",
    "vertices" : [ {
      "x" : 0.309017,
      "y" : -0.309017,
      "z" : -0.309017
    }, {
      "x" : 0.5,
      "y" : 0.0,
      "z" : -0.19098301
    }, {
      "x" : 0.5,
      "y" : 0.0,
      "z" : 0.19098301
    }, {
      "x" : 0.309017,
      "y" : -0.309017,
      "z" : 0.309017
    }, {
      "x" : 0.19098301,
      "y" : -0.5,
      "z" : 0.0
    }, {
      "x" : 0.0,
      "y" : 0.19098301,
      "z" : 0.5
    }, {
      "x" : 0.0,
      "y" : -0.19098301,
      "z" : 0.5
    }, {
      "x" : 0.309017,
      "y" : 0.309017,
      "z" : 0.309017
    }, {
      "x" : -0.309017,
      "y" : -0.309017,
      "z" : 0.309017
    }, {
      "x" : -0.309017,
      "y" : 0.309017,
      "z" : 0.309017
    }, {
      "x" : -0.5,
      "y" : 0.0,
      "z" : 0.19098301
    }, {
      "x" : 0.0,
      "y" : -0.19098301,
      "z" : -0.5
    }, {
      "x" : 0.0,
      "y" : 0.19098301,
      "z" : -0.5
    }, {
      "x" : 0.309017,
      "y" : 0.309017,
      "z" : -0.309017
    }, {
      "x" : -0.309017,
      "y" : -0.309017,
      "z" : -0.309017
    }, {
      "x" : -0.19098301,
      "y" : -0.5,
      "z" : 0.0
    }, {
      "x" : -0.5,
      "y" : 0.0,
      "z" : -0.19098301
    }, {
      "x" : 0.19098301,
      "y" : 0.5,
      "z" : 0.0
    }, {
      "x" : -0.309017,
      "y" : 0.309017,
      "z" : -0.309017
    }, {
      "x" : 0.0,
      "y" : 0.0,
      "z" : 0.0
    }, {
      "x" : -0.19098301,
      "y" : 0.5,
      "z" : 0.0
    } ],
    "faces" : [ {
      "vertices" : [ 12, 18, 20, 17, 13 ]
    }, {
      "vertices" : [ 3, 6, 8, 15, 4 ]
    }, {
      "vertices" : [ 0, 11, 12, 13, 1 ]
    }, {
      "vertices" : [ 5, 9, 10, 8, 6 ]
    }, {
      "vertices" : [ 2, 7, 5, 6, 3 ]
    }, {
      "vertices" : [ 11, 14, 16, 18, 12 ]
    }, {
      "vertices" : [ 1, 13, 17, 7, 2 ]
    }, {
      "vertices" : [ 9, 20, 18, 16, 10 ]
    }, {
      "vertices" : [ 0, 1, 2, 3, 4 ]
    }, {
      "vertices" : [ 5, 7, 17, 20, 9 ]
    }, {
      "vertices" : [ 0, 4, 15, 14, 11 ]
    }, {
      "vertices" : [ 8, 10, 16, 14, 15 ]
    } ]
  }, {
    "id" : "b37d1257-3545-419c-b155-7e55fd094ab4",
    "orbit" : "blue",
    "orbitC" : "[[0,0,1],[0,0,1]]",
    "length" : "[-3,3,1]",
    "name" : " :-3 +3*phi",
    "vertices" : [ {
      "x" : 1.0,
      "y" : 0.309017,
      "z" : 0.19098301
    }, {
      "x" : 1.0,
      "y" : -0.309017,
      "z" : 0.19098301
    }, {
      "x" : 14.708204,
      "y" : -0.309017,
      "z" : 0.19098301
    }, {
      "x" : 14.708204,
      "y" : 0.309017,
      "z" : 0.19098301
    }, {
      "x" : 14.708204,
      "y" : -0.309017,
      "z" : -0.19098301
    }, {
      "x" : 14.708204,
      "y" : 0.309017,
      "z" : -0.19098301
    }, {
      "x" : 15.326238,
      "y" : 0.0,
      "z" : 0.0
    }, {
      "x" : 0.38196602,
      "y" : 0.0,
      "z" : 0.0
    }, {
      "x" : 1.0,
      "y" : 0.309017,
      "z" : -0.19098301
    }, {
      "x" : 1.0,
      "y" : -0.309017,
      "z" : -0.19098301
    }, {
      "x" : 15.708204,
      "y" : 0.0,
      "z" : 0.0
    } ],
    "faces" : [ {
      "vertices" : [ 1, 9, 4, 2 ]
    }, {
      "vertices" : [ 0, 3, 5, 8 ]
    }, {
      "vertices" : [ 1, 7, 9 ]
    }, {
      "vertices" : [ 0, 1, 2, 3 ]
    }, {
      "vertices" : [ 7, 8, 9 ]
    }, {
      "vertices" : [ 0, 7, 1 ]
    }, {
      "vertices" : [ 4, 9, 8, 5 ]
    }, {
      "vertices" : [ 2, 6, 3 ]
    }, {
      "vertices" : [ 2, 4, 6 ]
    }, {
      "vertices" : [ 3, 6, 5 ]
    }, {
      "vertices" : [ 4, 5, 6 ]
    }, {
      "vertices" : [ 0, 8, 7 ]
    } ]
  }, {
    "id" : "b3ebcf40-9d7d-485f-8db7-2bff40ecc3b2",
    "orbit" : "64",
    "orbitC" : "[[-16,15,19],[7,-3,19]]",
    "length" : "[-36,48,19]",
    "name" : " :-36/19 +48/19*phi",
    "vertices" : [ {
      "x" : 1.0994585,
      "y" : 12.262478,
      "z" : 5.1651855
    }, {
      "x" : 1.4994584,
      "y" : 12.1624775,
      "z" : 5.0651855
    }, {
      "x" : 0.33583155,
      "y" : 0.44572628,
      "z" : 0.3665685
    }, {
      "x" : -0.064168446,
      "y" : 0.5457263,
      "z" : 0.46656853
    }, {
      "x" : 1.6327918,
      "y" : 11.929144,
      "z" : 5.3651853
    }, {
      "x" : 1.2327918,
      "y" : 12.029144,
      "z" : 5.4651856
    }, {
      "x" : -0.19750178,
      "y" : 0.7790596,
      "z" : 0.16656852
    }, {
      "x" : 0.20249821,
      "y" : 0.6790596,
      "z" : 0.066568516
    } ],
    "faces" : [ {
      "vertices" : [ 2, 3, 6, 7 ]
    }, {
      "vertices" : [ 0, 5, 4, 1 ]
    }, {
      "vertices" : [ 2, 4, 5, 3 ]
    }, {
      "vertices" : [ 0, 6, 3, 5 ]
    }, {
      "vertices" : [ 0, 1, 7, 6 ]
    }, {
      "vertices" : [ 1, 4, 2, 7 ]
    } ]
  }, {
    "id" : "6f0627df-6f07-4a96-857e-44f1977dc264",
    "orbit" : "blue",
    "orbitC" : "[[0,0,1],[0,0,1]]",
    "length" : "[0,3,2]",
    "name" : " :3/2*phi",
    "vertices" : [ {
      "x" : 1.0,
      "y" : 0.309017,
      "z" : 0.19098301
    }, {
      "x" : 1.0,
      "y" : -0.309017,
      "z" : 0.19098301
    }, {
      "x" : 19.562305,
      "y" : -0.309017,
      "z" : 0.19098301
    }, {
      "x" : 19.562305,
      "y" : 0.309017,
      "z" : 0.19098301
    }, {
      "x" : 19.562305,
      "y" : -0.309017,
      "z" : -0.19098301
    }, {
      "x" : 19.562305,
      "y" : 0.309017,
      "z" : -0.19098301
    }, {
      "x" : 20.18034,
      "y" : 0.0,
      "z" : 0.0
    }, {
      "x" : 0.38196602,
      "y" : 0.0,
      "z" : 0.0
    }, {
      "x" : 1.0,
      "y" : 0.309017,
      "z" : -0.19098301
    }, {
      "x" : 1.0,
      "y" : -0.309017,
      "z" : -0.19098301
    }, {
      "x" : 20.562305,
      "y" : 0.0,
      "z" : 0.0
    } ],
    "faces" : [ {
      "vertices" : [ 1, 9, 4, 2 ]
    }, {
      "vertices" : [ 0, 3, 5, 8 ]
    }, {
      "vertices" : [ 1, 7, 9 ]
    }, {
      "vertices" : [ 0, 1, 2, 3 ]
    }, {
      "vertices" : [ 7, 8, 9 ]
    }, {
      "vertices" : [ 0, 7, 1 ]
    }, {
      "vertices" : [ 4, 9, 8, 5 ]
    }, {
      "vertices" : [ 2, 6, 3 ]
    }, {
      "vertices" : [ 2, 4, 6 ]
    }, {
      "vertices" : [ 3, 6, 5 ]
    }, {
      "vertices" : [ 4, 5, 6 ]
    }, {
      "vertices" : [ 0, 8, 7 ]
    } ]
  }, {
    "id" : "99199157-95fc-402e-b168-db7aa8cd368c",
    "orbit" : "63",
    "orbitC" : "[[-18,15,19],[5,-1,19]]",
    "length" : "[1,1,1]",
    "name" : "long",
    "vertices" : [ {
      "x" : -11.421192,
      "y" : -5.1022706,
      "z" : 15.490161
    }, {
      "x" : -11.321192,
      "y" : -5.5022707,
      "z" : 15.390161
    }, {
      "x" : -0.47799522,
      "y" : -0.44281447,
      "z" : 0.3360771
    }, {
      "x" : -0.5779952,
      "y" : -0.04281446,
      "z" : 0.4360771
    }, {
      "x" : -11.621192,
      "y" : -5.635604,
      "z" : 15.156828
    }, {
      "x" : -11.721191,
      "y" : -5.235604,
      "z" : 15.256827
    }, {
      "x" : -0.2779952,
      "y" : 0.09051888,
      "z" : 0.6694104
    }, {
      "x" : -0.1779952,
      "y" : -0.3094811,
      "z" : 0.56941044
    } ],
    "faces" : [ {
      "vertices" : [ 2, 3, 6, 7 ]
    }, {
      "vertices" : [ 0, 5, 4, 1 ]
    }, {
      "vertices" : [ 2, 4, 5, 3 ]
    }, {
      "vertices" : [ 0, 6, 3, 5 ]
    }, {
      "vertices" : [ 0, 1, 7, 6 ]
    }, {
      "vertices" : [ 1, 4, 2, 7 ]
    } ]
  }, {
    "id" : "45f06966-2285-4805-b235-62083be2d5de",
    "orbit" : "red",
    "orbitC" : "[[-1,1,1],[0,0,1]]",
    "length" : "[1,1,1]",
    "name" : "r3",
    "vertices" : [ {
      "x" : 0.9045085,
      "y" : 0.3454915,
      "z" : 0.25
    }, {
      "x" : 17.230747,
      "y" : 10.435661,
      "z" : 0.25
    }, {
      "x" : 17.039762,
      "y" : 10.7446785,
      "z" : 0.25
    }, {
      "x" : 0.7135255,
      "y" : 0.6545085,
      "z" : 0.25
    }, {
      "x" : 0.809017,
      "y" : 0.5,
      "z" : -0.309017
    }, {
      "x" : 0.9635255,
      "y" : 0.25,
      "z" : -0.095491506
    }, {
      "x" : 0.309017,
      "y" : 0.19098301,
      "z" : 0.0
    }, {
      "x" : 17.635256,
      "y" : 10.899187,
      "z" : 0.0
    }, {
      "x" : 16.980747,
      "y" : 10.84017,
      "z" : -0.095491506
    }, {
      "x" : 17.135256,
      "y" : 10.59017,
      "z" : -0.309017
    }, {
      "x" : 17.944271,
      "y" : 11.09017,
      "z" : 0.0
    }, {
      "x" : 0.6545085,
      "y" : 0.75,
      "z" : -0.095491506
    }, {
      "x" : 17.289762,
      "y" : 10.34017,
      "z" : -0.095491506
    } ],
    "faces" : [ {
      "vertices" : [ 4, 11, 8, 9 ]
    }, {
      "vertices" : [ 0, 1, 2, 3 ]
    }, {
      "vertices" : [ 0, 3, 6 ]
    }, {
      "vertices" : [ 1, 7, 2 ]
    }, {
      "vertices" : [ 0, 6, 5 ]
    }, {
      "vertices" : [ 4, 5, 6 ]
    }, {
      "vertices" : [ 2, 7, 8 ]
    }, {
      "vertices" : [ 0, 5, 12, 1 ]
    }, {
      "vertices" : [ 1, 12, 7 ]
    }, {
      "vertices" : [ 3, 11, 6 ]
    }, {
      "vertices" : [ 4, 6, 11 ]
    }, {
      "vertices" : [ 7, 9, 8 ]
    }, {
      "vertices" : [ 2, 8, 11, 3 ]
    }, {
      "vertices" : [ 7, 12, 9 ]
    }, {
      "vertices" : [ 4, 9, 12, 5 ]
    } ]
  } ],
  "instances" : [ {
    "shape" : "fce47018-b676-4863-962b-efe240c389ed",
    "color" : "#F2FA9E",
    "position" : {
      "x" : -7.854102,
      "y" : -20.562305,
      "z" : 0.0
    },
    "orientation" : 49
  }, {
    "shape" : "d8663d0c-8d1f-450a-9bad-ba6fa795afc2",
    "color" : "#007695",
    "position" : {
      "x" : 8.472136,
      "y" : 6.854102,
      "z" : -17.944271
    },
    "orientation" : 36
  }, {
    "shape" : "d17f8373-2a48-4d68-bf49-5fa02f0ee87b",
    "color" : "#F2F2F2",
    "position" : {
      "x" : -3.427051,
      "y" : 19.253288,
      "z" : -6.354102
    }
  }, {
    "shape" : "d17f8373-2a48-4d68-bf49-5fa02f0ee87b",
    "color" : "#F2F2F2",
    "position" : {
      "x" : 11.899187,
      "y" : -5.545085,
      "z" : -15.826238
    }
  }, {
    "shape" : "d17f8373-2a48-4d68-bf49-5fa02f0ee87b",
    "color" : "#F2F2F2",
    "position" : {
      "x" : 10.281153,
      "y" : -16.635256,
      "z" : -6.354102
    }
  }, {
    "shape" : "d17f8373-2a48-4d68-bf49-5fa02f0ee87b",
    "color" : "#F2F2F2",
    "position" : {
      "x" : 16.635256,
      "y" : -6.354102,
      "z" : 10.281153
    }
  }, {
    "shape" : "b37d1257-3545-419c-b155-7e55fd094ab4",
    "color" : "#007695",
    "position" : {
      "x" : -12.708204,
      "y" : 12.708204,
      "z" : -12.708204
    },
    "orientation" : 10
  }, {
    "shape" : "d8663d0c-8d1f-450a-9bad-ba6fa795afc2",
    "color" : "#007695",
    "position" : {
      "x" : 4.236068,
      "y" : 13.708204,
      "z" : -15.326238
    },
    "orientation" : 24
  }, {
    "shape" : "d8663d0c-8d1f-450a-9bad-ba6fa795afc2",
    "color" : "#007695",
    "position" : {
      "x" : -13.708204,
      "y" : -15.326238,
      "z" : 4.236068
    },
    "orientation" : 8
  }, {
    "shape" : "b3ebcf40-9d7d-485f-8db7-2bff40ecc3b2",
    "color" : "#FFFFFF",
    "position" : {
      "x" : 0.0,
      "y" : 7.854102,
      "z" : 20.562305
    },
    "orientation" : 26
  }, {
    "shape" : "d17f8373-2a48-4d68-bf49-5fa02f0ee87b",
    "color" : "#F2F2F2",
    "position" : {
      "x" : 11.899187,
      "y" : 5.545085,
      "z" : 15.826238
    }
  }, {
    "shape" : "b37d1257-3545-419c-b155-7e55fd094ab4",
    "color" : "#007695",
    "position" : {
      "x" : -20.562305,
      "y" : 0.0,
      "z" : 7.854102
    },
    "orientation" : 21
  }, {
    "shape" : "d8663d0c-8d1f-450a-9bad-ba6fa795afc2",
    "color" : "#007695",
    "position" : {
      "x" : -13.708204,
      "y" : -15.326238,
      "z" : -4.236068
    },
    "orientation" : 54
  }, {
    "shape" : "b3ebcf40-9d7d-485f-8db7-2bff40ecc3b2",
    "color" : "#FFFFFF",
    "position" : {
      "x" : -7.854102,
      "y" : -20.562305,
      "z" : 0.0
    },
    "orientation" : 10
  }, {
    "shape" : "d17f8373-2a48-4d68-bf49-5fa02f0ee87b",
    "color" : "#F2F2F2",
    "position" : {
      "x" : 17.944271,
      "y" : -8.472136,
      "z" : -6.854102
    }
  }, {
    "shape" : "d17f8373-2a48-4d68-bf49-5fa02f0ee87b",
    "color" : "#F2F2F2",
    "position" : {
      "x" : 0.0,
      "y" : -20.562305,
      "z" : 4.236068
    }
  }, {
    "shape" : "d8663d0c-8d1f-450a-9bad-ba6fa795afc2",
    "color" : "#007695",
    "position" : {
      "x" : 13.708204,
      "y" : 15.326238,
      "z" : -4.236068
    },
    "orientation" : 56
  }, {
    "shape" : "fce47018-b676-4863-962b-efe240c389ed",
    "color" : "#F2FA9E",
    "position" : {
      "x" : -12.708204,
      "y" : 12.708204,
      "z" : 12.708204
    },
    "orientation" : 29
  }, {
    "shape" : "d17f8373-2a48-4d68-bf49-5fa02f0ee87b",
    "color" : "#F2F2F2",
    "position" : {
      "x" : 4.236068,
      "y" : 13.708204,
      "z" : 15.326238
    }
  }, {
    "shape" : "d17f8373-2a48-4d68-bf49-5fa02f0ee87b",
    "color" : "#F2F2F2",
    "position" : {
      "x" : 11.272914,
      "y" : 0.0,
      "z" : 18.239958
    }
  }, {
    "shape" : "b3ebcf40-9d7d-485f-8db7-2bff40ecc3b2",
    "color" : "#FFFFFF",
    "position" : {
      "x" : -12.708204,
      "y" : 12.708204,
      "z" : -12.708204
    },
    "orientation" : 31
  }, {
    "shape" : "b37d1257-3545-419c-b155-7e55fd094ab4",
    "color" : "#007695",
    "position" : {
      "x" : 7.854102,
      "y" : -20.562305,
      "z" : 0.0
    },
    "orientation" : 10
  }, {
    "shape" : "fce47018-b676-4863-962b-efe240c389ed",
    "color" : "#F2FA9E",
    "position" : {
      "x" : 0.0,
      "y" : -7.854102,
      "z" : -20.562305
    },
    "orientation" : 2
  }, {
    "shape" : "fce47018-b676-4863-962b-efe240c389ed",
    "color" : "#F2FA9E",
    "position" : {
      "x" : 7.854102,
      "y" : 20.562305,
      "z" : 0.0
    },
    "orientation" : 31
  }, {
    "shape" : "d8663d0c-8d1f-450a-9bad-ba6fa795afc2",
    "color" : "#007695",
    "position" : {
      "x" : 13.708204,
      "y" : -15.326238,
      "z" : -4.236068
    },
    "orientation" : 2
  }, {
    "shape" : "b3ebcf40-9d7d-485f-8db7-2bff40ecc3b2",
    "color" : "#FFFFFF",
    "position" : {
      "x" : -12.708204,
      "y" : 12.708204,
      "z" : 12.708204
    },
    "orientation" : 21
  }, {
    "shape" : "fce47018-b676-4863-962b-efe240c389ed",
    "color" : "#F2FA9E",
    "position" : {
      "x" : 0.0,
      "y" : 7.854102,
      "z" : -20.562305
    },
    "orientation" : 32
  }, {
    "shape" : "b3ebcf40-9d7d-485f-8db7-2bff40ecc3b2",
    "color" : "#FFFFFF",
    "position" : {
      "x" : -7.854102,
      "y" : -20.562305,
      "z" : 0.0
    },
    "orientation" : 3
  }, {
    "shape" : "fce47018-b676-4863-962b-efe240c389ed",
    "color" : "#F2FA9E",
    "position" : {
      "x" : -20.562305,
      "y" : 0.0,
      "z" : -7.854102
    },
    "orientation" : 11
  }, {
    "shape" : "d8663d0c-8d1f-450a-9bad-ba6fa795afc2",
    "color" : "#007695",
    "position" : {
      "x" : -4.236068,
      "y" : -13.708204,
      "z" : -15.326238
    },
    "orientation" : 54
  }, {
    "shape" : "b3ebcf40-9d7d-485f-8db7-2bff40ecc3b2",
    "color" : "#FFFFFF",
    "position" : {
      "x" : 7.854102,
      "y" : 20.562305,
      "z" : 0.0
    },
    "orientation" : 28
  }, {
    "shape" : "d17f8373-2a48-4d68-bf49-5fa02f0ee87b",
    "color" : "#F2F2F2",
    "position" : {
      "x" : 0.0,
      "y" : -7.854102,
      "z" : 20.562305
    }
  }, {
    "shape" : "b3ebcf40-9d7d-485f-8db7-2bff40ecc3b2",
    "color" : "#FFFFFF",
    "position" : {
      "x" : -20.562305,
      "y" : 0.0,
      "z" : 7.854102
    },
    "orientation" : 12
  }, {
    "shape" : "d17f8373-2a48-4d68-bf49-5fa02f0ee87b",
    "color" : "#F2F2F2",
    "position" : {
      "x" : -13.708204,
      "y" : -15.326238,
      "z" : 0.0
    }
  }, {
    "shape" : "d8663d0c-8d1f-450a-9bad-ba6fa795afc2",
    "color" : "#007695",
    "position" : {
      "x" : 4.236068,
      "y" : -13.708204,
      "z" : -15.326238
    },
    "orientation" : 45
  }, {
    "shape" : "d17f8373-2a48-4d68-bf49-5fa02f0ee87b",
    "color" : "#F2F2F2",
    "position" : {
      "x" : -6.354102,
      "y" : -3.427051,
      "z" : -19.253288
    }
  }, {
    "shape" : "b3ebcf40-9d7d-485f-8db7-2bff40ecc3b2",
    "color" : "#FFFFFF",
    "position" : {
      "x" : -12.708204,
      "y" : -12.708204,
      "z" : -12.708204
    },
    "orientation" : 6
  }, {
    "shape" : "d17f8373-2a48-4d68-bf49-5fa02f0ee87b",
    "color" : "#F2F2F2",
    "position" : {
      "x" : 15.326238,
      "y" : 4.236068,
      "z" : 13.708204
    }
  }, {
    "shape" : "d8663d0c-8d1f-450a-9bad-ba6fa795afc2",
    "color" : "#007695",
    "position" : {
      "x" : 0.0,
      "y" : -20.562305,
      "z" : 4.236068
    },
    "orientation" : 38
  }, {
    "shape" : "d17f8373-2a48-4d68-bf49-5fa02f0ee87b",
    "color" : "#F2F2F2",
    "position" : {
      "x" : -11.899187,
      "y" : 5.545085,
      "z" : 15.826238
    }
  }, {
    "shape" : "d17f8373-2a48-4d68-bf49-5fa02f0ee87b",
    "color" : "#F2F2F2",
    "position" : {
      "x" : 15.326238,
      "y" : 4.236068,
      "z" : -13.708204
    }
  }, {
    "shape" : "b3ebcf40-9d7d-485f-8db7-2bff40ecc3b2",
    "color" : "#FFFFFF",
    "position" : {
      "x" : 7.854102,
      "y" : -20.562305,
      "z" : 0.0
    },
    "orientation" : 48
  }, {
    "shape" : "fce47018-b676-4863-962b-efe240c389ed",
    "color" : "#F2FA9E",
    "position" : {
      "x" : 12.708204,
      "y" : 12.708204,
      "z" : 12.708204
    },
    "orientation" : 53
  }, {
    "shape" : "b37d1257-3545-419c-b155-7e55fd094ab4",
    "color" : "#007695",
    "position" : {
      "x" : -7.854102,
      "y" : 20.562305,
      "z" : 0.0
    },
    "orientation" : 40
  }, {
    "shape" : "d17f8373-2a48-4d68-bf49-5fa02f0ee87b",
    "color" : "#F2F2F2",
    "position" : {
      "x" : -15.326238,
      "y" : 4.236068,
      "z" : 13.708204
    }
  }, {
    "shape" : "d17f8373-2a48-4d68-bf49-5fa02f0ee87b",
    "color" : "#F2F2F2",
    "position" : {
      "x" : -5.545085,
      "y" : 15.826238,
      "z" : 11.899187
    }
  }, {
    "shape" : "d17f8373-2a48-4d68-bf49-5fa02f0ee87b",
    "color" : "#F2F2F2",
    "position" : {
      "x" : -15.326238,
      "y" : 0.0,
      "z" : 13.708204
    }
  }, {
    "shape" : "d17f8373-2a48-4d68-bf49-5fa02f0ee87b",
    "color" : "#F2F2F2",
    "position" : {
      "x" : -6.854102,
      "y" : 17.944271,
      "z" : -8.472136
    }
  }, {
    "shape" : "d8663d0c-8d1f-450a-9bad-ba6fa795afc2",
    "color" : "#007695",
    "position" : {
      "x" : 4.236068,
      "y" : -13.708204,
      "z" : -15.326238
    },
    "orientation" : 6
  }, {
    "shape" : "b37d1257-3545-419c-b155-7e55fd094ab4",
    "color" : "#007695",
    "position" : {
      "x" : 7.854102,
      "y" : -20.562305,
      "z" : 0.0
    },
    "orientation" : 52
  }, {
    "shape" : "d17f8373-2a48-4d68-bf49-5fa02f0ee87b",
    "color" : "#F2F2F2",
    "position" : {
      "x" : 0.0,
      "y" : 13.708204,
      "z" : 15.326238
    }
  }, {
    "shape" : "b3ebcf40-9d7d-485f-8db7-2bff40ecc3b2",
    "color" : "#FFFFFF",
    "position" : {
      "x" : -20.562305,
      "y" : 0.0,
      "z" : -7.854102
    },
    "orientation" : 9
  }, {
    "shape" : "d17f8373-2a48-4d68-bf49-5fa02f0ee87b",
    "color" : "#F2F2F2",
    "position" : {
      "x" : 15.326238,
      "y" : -4.236068,
      "z" : -13.708204
    }
  }, {
    "shape" : "d17f8373-2a48-4d68-bf49-5fa02f0ee87b",
    "color" : "#F2F2F2",
    "position" : {
      "x" : 16.635256,
      "y" : 6.354102,
      "z" : -10.281153
    }
  }, {
    "shape" : "d8663d0c-8d1f-450a-9bad-ba6fa795afc2",
    "color" : "#007695",
    "position" : {
      "x" : -15.326238,
      "y" : 4.236068,
      "z" : 13.708204
    },
    "orientation" : 55
  }, {
    "shape" : "b37d1257-3545-419c-b155-7e55fd094ab4",
    "color" : "#007695",
    "position" : {
      "x" : 7.854102,
      "y" : 20.562305,
      "z" : 0.0
    },
    "orientation" : 37
  }, {
    "shape" : "d17f8373-2a48-4d68-bf49-5fa02f0ee87b",
    "color" : "#F2F2F2",
    "position" : {
      "x" : -16.635256,
      "y" : -6.354102,
      "z" : -10.281153
    }
  }, {
    "shape" : "d17f8373-2a48-4d68-bf49-5fa02f0ee87b",
    "color" : "#F2F2F2",
    "position" : {
      "x" : 0.0,
      "y" : 20.562305,
      "z" : 0.0
    }
  }, {
    "shape" : "b37d1257-3545-419c-b155-7e55fd094ab4",
    "color" : "#007695",
    "position" : {
      "x" : 0.0,
      "y" : -7.854102,
      "z" : 20.562305
    },
    "orientation" : 26
  }, {
    "shape" : "fce47018-b676-4863-962b-efe240c389ed",
    "color" : "#F2FA9E",
    "position" : {
      "x" : 12.708204,
      "y" : -12.708204,
      "z" : -12.708204
    },
    "orientation" : 38
  }, {
    "shape" : "b37d1257-3545-419c-b155-7e55fd094ab4",
    "color" : "#007695",
    "position" : {
      "x" : 20.562305,
      "y" : 0.0,
      "z" : 7.854102
    },
    "orientation" : 39
  }, {
    "shape" : "fce47018-b676-4863-962b-efe240c389ed",
    "color" : "#F2FA9E",
    "position" : {
      "x" : 0.0,
      "y" : 7.854102,
      "z" : -20.562305
    },
    "orientation" : 5
  }, {
    "shape" : "d17f8373-2a48-4d68-bf49-5fa02f0ee87b",
    "color" : "#F2F2F2",
    "position" : {
      "x" : -11.899187,
      "y" : -5.545085,
      "z" : -15.826238
    }
  }, {
    "shape" : "d17f8373-2a48-4d68-bf49-5fa02f0ee87b",
    "color" : "#F2F2F2",
    "position" : {
      "x" : 13.708204,
      "y" : -15.326238,
      "z" : -4.236068
    }
  }, {
    "shape" : "d17f8373-2a48-4d68-bf49-5fa02f0ee87b",
    "color" : "#F2F2F2",
    "position" : {
      "x" : -10.281153,
      "y" : 16.635256,
      "z" : -6.354102
    }
  }, {
    "shape" : "d17f8373-2a48-4d68-bf49-5fa02f0ee87b",
    "color" : "#F2F2F2",
    "position" : {
      "x" : -20.562305,
      "y" : 4.236068,
      "z" : 0.0
    }
  }, {
    "shape" : "d8663d0c-8d1f-450a-9bad-ba6fa795afc2",
    "color" : "#007695",
    "position" : {
      "x" : -4.236068,
      "y" : -13.708204,
      "z" : -15.326238
    },
    "orientation" : 40
  }, {
    "shape" : "d8663d0c-8d1f-450a-9bad-ba6fa795afc2",
    "color" : "#007695",
    "position" : {
      "x" : -4.236068,
      "y" : 13.708204,
      "z" : 15.326238
    },
    "orientation" : 39
  }, {
    "shape" : "d17f8373-2a48-4d68-bf49-5fa02f0ee87b",
    "color" : "#F2F2F2",
    "position" : {
      "x" : 13.708204,
      "y" : -15.326238,
      "z" : 0.0
    }
  }, {
    "shape" : "d17f8373-2a48-4d68-bf49-5fa02f0ee87b",
    "color" : "#F2F2F2",
    "position" : {
      "x" : 15.326238,
      "y" : 0.0,
      "z" : -13.708204
    }
  }, {
    "shape" : "d17f8373-2a48-4d68-bf49-5fa02f0ee87b",
    "color" : "#F2F2F2",
    "position" : {
      "x" : -17.944271,
      "y" : -8.472136,
      "z" : 6.854102
    }
  }, {
    "shape" : "d17f8373-2a48-4d68-bf49-5fa02f0ee87b",
    "color" : "#F2F2F2",
    "position" : {
      "x" : -19.253288,
      "y" : 6.354102,
      "z" : -3.427051
    }
  }, {
    "shape" : "d17f8373-2a48-4d68-bf49-5fa02f0ee87b",
    "color" : "#F2F2F2",
    "position" : {
      "x" : 5.545085,
      "y" : -15.826238,
      "z" : 11.899187
    }
  }, {
    "shape" : "b37d1257-3545-419c-b155-7e55fd094ab4",
    "color" : "#007695",
    "position" : {
      "x" : -12.708204,
      "y" : -12.708204,
      "z" : 12.708204
    },
    "orientation" : 25
  }, {
    "shape" : "d17f8373-2a48-4d68-bf49-5fa02f0ee87b",
    "color" : "#F2F2F2",
    "position" : {
      "x" : 0.0,
      "y" : -13.708204,
      "z" : 15.326238
    }
  }, {
    "shape" : "fce47018-b676-4863-962b-efe240c389ed",
    "color" : "#F2FA9E",
    "position" : {
      "x" : 12.708204,
      "y" : 12.708204,
      "z" : 12.708204
    },
    "orientation" : 36
  }, {
    "shape" : "d17f8373-2a48-4d68-bf49-5fa02f0ee87b",
    "color" : "#F2F2F2",
    "position" : {
      "x" : -10.281153,
      "y" : 16.635256,
      "z" : 6.354102
    }
  }, {
    "shape" : "d8663d0c-8d1f-450a-9bad-ba6fa795afc2",
    "color" : "#007695",
    "position" : {
      "x" : -15.326238,
      "y" : 4.236068,
      "z" : -13.708204
    },
    "orientation" : 7
  }, {
    "shape" : "d17f8373-2a48-4d68-bf49-5fa02f0ee87b",
    "color" : "#F2F2F2",
    "position" : {
      "x" : -13.708204,
      "y" : 15.326238,
      "z" : 0.0
    }
  }, {
    "shape" : "b37d1257-3545-419c-b155-7e55fd094ab4",
    "color" : "#007695",
    "position" : {
      "x" : 0.0,
      "y" : -7.854102,
      "z" : -20.562305
    },
    "orientation" : 1
  }, {
    "shape" : "b37d1257-3545-419c-b155-7e55fd094ab4",
    "color" : "#007695",
    "position" : {
      "x" : 0.0,
      "y" : -7.854102,
      "z" : 20.562305
    },
    "orientation" : 53
  }, {
    "shape" : "d17f8373-2a48-4d68-bf49-5fa02f0ee87b",
    "color" : "#F2F2F2",
    "position" : {
      "x" : -19.253288,
      "y" : -6.354102,
      "z" : 3.427051
    }
  }, {
    "shape" : "d17f8373-2a48-4d68-bf49-5fa02f0ee87b",
    "color" : "#F2F2F2",
    "position" : {
      "x" : 0.0,
      "y" : 20.562305,
      "z" : -4.236068
    }
  }, {
    "shape" : "fce47018-b676-4863-962b-efe240c389ed",
    "color" : "#F2FA9E",
    "position" : {
      "x" : 12.708204,
      "y" : 12.708204,
      "z" : -12.708204
    },
    "orientation" : 43
  }, {
    "shape" : "b3ebcf40-9d7d-485f-8db7-2bff40ecc3b2",
    "color" : "#FFFFFF",
    "position" : {
      "x" : -12.708204,
      "y" : 12.708204,
      "z" : 12.708204
    },
    "orientation" : 23
  }, {
    "shape" : "fce47018-b676-4863-962b-efe240c389ed",
    "color" : "#F2FA9E",
    "position" : {
      "x" : 12.708204,
      "y" : -12.708204,
      "z" : -12.708204
    },
    "orientation" : 7
  }, {
    "shape" : "d8663d0c-8d1f-450a-9bad-ba6fa795afc2",
    "color" : "#007695",
    "position" : {
      "x" : 0.0,
      "y" : 20.562305,
      "z" : -4.236068
    },
    "orientation" : 53
  }, {
    "shape" : "d8663d0c-8d1f-450a-9bad-ba6fa795afc2",
    "color" : "#007695",
    "position" : {
      "x" : -17.944271,
      "y" : -8.472136,
      "z" : 6.854102
    },
    "orientation" : 55
  }, {
    "shape" : "d17f8373-2a48-4d68-bf49-5fa02f0ee87b",
    "color" : "#F2F2F2",
    "position" : {
      "x" : -13.708204,
      "y" : -15.326238,
      "z" : -4.236068
    }
  }, {
    "shape" : "b3ebcf40-9d7d-485f-8db7-2bff40ecc3b2",
    "color" : "#FFFFFF",
    "position" : {
      "x" : 0.0,
      "y" : -7.854102,
      "z" : 20.562305
    },
    "orientation" : 29
  }, {
    "shape" : "d8663d0c-8d1f-450a-9bad-ba6fa795afc2",
    "color" : "#007695",
    "position" : {
      "x" : -15.326238,
      "y" : -4.236068,
      "z" : 13.708204
    },
    "orientation" : 1
  }, {
    "shape" : "6f0627df-6f07-4a96-857e-44f1977dc264",
    "color" : "#007695",
    "position" : {
      "x" : 0.0,
      "y" : 0.0,
      "z" : 0.0
    },
    "orientation" : 41
  }, {
    "shape" : "d17f8373-2a48-4d68-bf49-5fa02f0ee87b",
    "color" : "#F2F2F2",
    "position" : {
      "x" : -3.427051,
      "y" : 19.253288,
      "z" : 6.354102
    }
  }, {
    "shape" : "fce47018-b676-4863-962b-efe240c389ed",
    "color" : "#F2FA9E",
    "position" : {
      "x" : 20.562305,
      "y" : 0.0,
      "z" : 7.854102
    },
    "orientation" : 56
  }, {
    "shape" : "d17f8373-2a48-4d68-bf49-5fa02f0ee87b",
    "color" : "#F2F2F2",
    "position" : {
      "x" : 8.472136,
      "y" : -6.854102,
      "z" : -17.944271
    }
  }, {
    "shape" : "d8663d0c-8d1f-450a-9bad-ba6fa795afc2",
    "color" : "#007695",
    "position" : {
      "x" : 4.236068,
      "y" : 13.708204,
      "z" : 15.326238
    },
    "orientation" : 21
  }, {
    "shape" : "d8663d0c-8d1f-450a-9bad-ba6fa795afc2",
    "color" : "#007695",
    "position" : {
      "x" : -17.944271,
      "y" : 8.472136,
      "z" : 6.854102
    },
    "orientation" : 22
  }, {
    "shape" : "d17f8373-2a48-4d68-bf49-5fa02f0ee87b",
    "color" : "#F2F2F2",
    "position" : {
      "x" : -18.239958,
      "y" : 11.272914,
      "z" : 0.0
    }
  }, {
    "shape" : "b3ebcf40-9d7d-485f-8db7-2bff40ecc3b2",
    "color" : "#FFFFFF",
    "position" : {
      "x" : -20.562305,
      "y" : 0.0,
      "z" : -7.854102
    },
    "orientation" : 27
  }, {
    "shape" : "b3ebcf40-9d7d-485f-8db7-2bff40ecc3b2",
    "color" : "#FFFFFF",
    "position" : {
      "x" : -7.854102,
      "y" : -20.562305,
      "z" : 0.0
    },
    "orientation" : 58
  }, {
    "shape" : "d17f8373-2a48-4d68-bf49-5fa02f0ee87b",
    "color" : "#F2F2F2",
    "position" : {
      "x" : 7.854102,
      "y" : 20.562305,
      "z" : 0.0
    }
  }, {
    "shape" : "d17f8373-2a48-4d68-bf49-5fa02f0ee87b",
    "color" : "#F2F2F2",
    "position" : {
      "x" : 0.0,
      "y" : 0.0,
      "z" : 0.0
    }
  }, {
    "shape" : "d8663d0c-8d1f-450a-9bad-ba6fa795afc2",
    "color" : "#007695",
    "position" : {
      "x" : -13.708204,
      "y" : 15.326238,
      "z" : 4.236068
    },
    "orientation" : 11
  }, {
    "shape" : "d17f8373-2a48-4d68-bf49-5fa02f0ee87b",
    "color" : "#F2F2F2",
    "position" : {
      "x" : -3.427051,
      "y" : -19.253288,
      "z" : -6.354102
    }
  }, {
    "shape" : "d17f8373-2a48-4d68-bf49-5fa02f0ee87b",
    "color" : "#F2F2F2",
    "position" : {
      "x" : 8.472136,
      "y" : 6.854102,
      "z" : 17.944271
    }
  }, {
    "shape" : "d17f8373-2a48-4d68-bf49-5fa02f0ee87b",
    "color" : "#F2F2F2",
    "position" : {
      "x" : 9.472136,
      "y" : 13.708204,
      "z" : -1.618034
    }
  }, {
    "shape" : "d17f8373-2a48-4d68-bf49-5fa02f0ee87b",
    "color" : "#F2F2F2",
    "position" : {
      "x" : -19.253288,
      "y" : -6.354102,
      "z" : -3.427051
    }
  }, {
    "shape" : "d8663d0c-8d1f-450a-9bad-ba6fa795afc2",
    "color" : "#007695",
    "position" : {
      "x" : -4.236068,
      "y" : 0.0,
      "z" : -20.562305
    },
    "orientation" : 0
  }, {
    "shape" : "d17f8373-2a48-4d68-bf49-5fa02f0ee87b",
    "color" : "#F2F2F2",
    "position" : {
      "x" : -12.708204,
      "y" : -12.708204,
      "z" : -12.708204
    }
  }, {
    "shape" : "b3ebcf40-9d7d-485f-8db7-2bff40ecc3b2",
