{
  "polygons" : "true",
  "field" : "golden",
  "symmetry" : "icosahedral",
  "orientations" : [ [ 1.0, 0.0, 0.0, 0.0, 0.0, 1.0, 0.0, 0.0, 0.0, 0.0, 1.0, 0.0, 0.0, 0.0, 0.0, 1.0 ], [ 0.0, 0.0, 1.0, 0.0, 1.0, 0.0, 0.0, 0.0, 0.0, 1.0, 0.0, 0.0, 0.0, 0.0, 0.0, 1.0 ], [ 0.0, 1.0, 0.0, 0.0, 0.0, 0.0, 1.0, 0.0, 1.0, 0.0, 0.0, 0.0, 0.0, 0.0, 0.0, 1.0 ], [ 0.809017, 0.309017, 0.5, 0.0, 0.309017, 0.5, -0.809017, 0.0, -0.5, 0.809017, 0.309017, 0.0, 0.0, 0.0, 0.0, 1.0 ], [ -0.5, 0.809017, 0.309017, 0.0, 0.809017, 0.309017, 0.5, 0.0, 0.309017, 0.5, -0.809017, 0.0, 0.0, 0.0, 0.0, 1.0 ], [ 0.309017, 0.5, -0.809017, 0.0, -0.5, 0.809017, 0.309017, 0.0, 0.809017, 0.309017, 0.5, 0.0, 0.0, 0.0, 0.0, 1.0 ], [ 0.5, 0.809017, 0.309017, 0.0, 0.809017, -0.309017, -0.5, 0.0, -0.309017, 0.5, -0.809017, 0.0, 0.0, 0.0, 0.0, 1.0 ], [ -0.309017, 0.5, -0.809017, 0.0, 0.5, 0.809017, 0.309017, 0.0, 0.809017, -0.309017, -0.5, 0.0, 0.0, 0.0, 0.0, 1.0 ], [ 0.809017, -0.309017, -0.5, 0.0, -0.309017, 0.5, -0.809017, 0.0, 0.5, 0.809017, 0.309017, 0.0, 0.0, 0.0, 0.0, 1.0 ], [ 0.5, 0.809017, -0.309017, 0.0, 0.809017, -0.309017, 0.5, 0.0, 0.309017, -0.5, -0.809017, 0.0, 0.0, 0.0, 0.0, 1.0 ], [ 0.309017, -0.5, -0.809017, 0.0, 0.5, 0.809017, -0.309017, 0.0, 0.809017, -0.309017, 0.5, 0.0, 0.0, 0.0, 0.0, 1.0 ], [ 0.809017, -0.309017, 0.5, 0.0, 0.309017, -0.5, -0.809017, 0.0, 0.5, 0.809017, -0.309017, 0.0, 0.0, 0.0, 0.0, 1.0 ], [ 0.809017, 0.309017, -0.5, 0.0, 0.309017, 0.5, 0.809017, 0.0, 0.5, -0.809017, 0.309017, 0.0, 0.0, 0.0, 0.0, 1.0 ], [ 0.5, -0.809017, 0.309017, 0.0, 0.809017, 0.309017, -0.5, 0.0, 0.309017, 0.5, 0.809017, 0.0, 0.0, 0.0, 0.0, 1.0 ], [ 0.309017, 0.5, 0.809017, 0.0, 0.5, -0.809017, 0.309017, 0.0, 0.809017, 0.309017, -0.5, 0.0, 0.0, 0.0, 0.0, 1.0 ], [ 1.0, 0.0, 0.0, 0.0, 0.0, -1.0, 0.0, 0.0, 0.0, 0.0, -1.0, 0.0, 0.0, 0.0, 0.0, 1.0 ], [ 0.0, 0.0, 1.0, 0.0, -1.0, 0.0, 0.0, 0.0, 0.0, -1.0, 0.0, 0.0, 0.0, 0.0, 0.0, 1.0 ], [ 0.0, 1.0, 0.0, 0.0, 0.0, 0.0, -1.0, 0.0, -1.0, 0.0, 0.0, 0.0, 0.0, 0.0, 0.0, 1.0 ], [ 0.809017, 0.309017, 0.5, 0.0, -0.309017, -0.5, 0.809017, 0.0, 0.5, -0.809017, -0.309017, 0.0, 0.0, 0.0, 0.0, 1.0 ], [ -0.5, 0.809017, 0.309017, 0.0, -0.809017, -0.309017, -0.5, 0.0, -0.309017, -0.5, 0.809017, 0.0, 0.0, 0.0, 0.0, 1.0 ], [ 0.309017, 0.5, -0.809017, 0.0, 0.5, -0.809017, -0.309017, 0.0, -0.809017, -0.309017, -0.5, 0.0, 0.0, 0.0, 0.0, 1.0 ], [ 0.5, 0.809017, 0.309017, 0.0, -0.809017, 0.309017, 0.5, 0.0, 0.309017, -0.5, 0.809017, 0.0, 0.0, 0.0, 0.0, 1.0 ], [ -0.309017, 0.5, -0.809017, 0.0, -0.5, -0.809017, -0.309017, 0.0, -0.809017, 0.309017, 0.5, 0.0, 0.0, 0.0, 0.0, 1.0 ], [ 0.809017, -0.309017, -0.5, 0.0, 0.309017, -0.5, 0.809017, 0.0, -0.5, -0.809017, -0.309017, 0.0, 0.0, 0.0, 0.0, 1.0 ], [ 0.5, 0.809017, -0.309017, 0.0, -0.809017, 0.309017, -0.5, 0.0, -0.309017, 0.5, 0.809017, 0.0, 0.0, 0.0, 0.0, 1.0 ], [ 0.309017, -0.5, -0.809017, 0.0, -0.5, -0.809017, 0.309017, 0.0, -0.809017, 0.309017, -0.5, 0.0, 0.0, 0.0, 0.0, 1.0 ], [ 0.809017, -0.309017, 0.5, 0.0, -0.309017, 0.5, 0.809017, 0.0, -0.5, -0.809017, 0.309017, 0.0, 0.0, 0.0, 0.0, 1.0 ], [ 0.809017, 0.309017, -0.5, 0.0, -0.309017, -0.5, -0.809017, 0.0, -0.5, 0.809017, -0.309017, 0.0, 0.0, 0.0, 0.0, 1.0 ], [ 0.5, -0.809017, 0.309017, 0.0, -0.809017, -0.309017, 0.5, 0.0, -0.309017, -0.5, -0.809017, 0.0, 0.0, 0.0, 0.0, 1.0 ], [ 0.309017, 0.5, 0.809017, 0.0, -0.5, 0.809017, -0.309017, 0.0, -0.809017, -0.309017, 0.5, 0.0, 0.0, 0.0, 0.0, 1.0 ], [ -1.0, 0.0, 0.0, 0.0, 0.0, -1.0, 0.0, 0.0, 0.0, 0.0, 1.0, 0.0, 0.0, 0.0, 0.0, 1.0 ], [ 0.0, 0.0, -1.0, 0.0, -1.0, 0.0, 0.0, 0.0, 0.0, 1.0, 0.0, 0.0, 0.0, 0.0, 0.0, 1.0 ], [ 0.0, -1.0, 0.0, 0.0, 0.0, 0.0, -1.0, 0.0, 1.0, 0.0, 0.0, 0.0, 0.0, 0.0, 0.0, 1.0 ], [ -0.809017, -0.309017, -0.5, 0.0, -0.309017, -0.5, 0.809017, 0.0, -0.5, 0.809017, 0.309017, 0.0, 0.0, 0.0, 0.0, 1.0 ], [ 0.5, -0.809017, -0.309017, 0.0, -0.809017, -0.309017, -0.5, 0.0, 0.309017, 0.5, -0.809017, 0.0, 0.0, 0.0, 0.0, 1.0 ], [ -0.309017, -0.5, 0.809017, 0.0, 0.5, -0.809017, -0.309017, 0.0, 0.809017, 0.309017, 0.5, 0.0, 0.0, 0.0, 0.0, 1.0 ], [ -0.5, -0.809017, -0.309017, 0.0, -0.809017, 0.309017, 0.5, 0.0, -0.309017, 0.5, -0.809017, 0.0, 0.0, 0.0, 0.0, 1.0 ], [ 0.309017, -0.5, 0.809017, 0.0, -0.5, -0.809017, -0.309017, 0.0, 0.809017, -0.309017, -0.5, 0.0, 0.0, 0.0, 0.0, 1.0 ], [ -0.809017, 0.309017, 0.5, 0.0, 0.309017, -0.5, 0.809017, 0.0, 0.5, 0.809017, 0.309017, 0.0, 0.0, 0.0, 0.0, 1.0 ], [ -0.5, -0.809017, 0.309017, 0.0, -0.809017, 0.309017, -0.5, 0.0, 0.309017, -0.5, -0.809017, 0.0, 0.0, 0.0, 0.0, 1.0 ], [ -0.309017, 0.5, 0.809017, 0.0, -0.5, -0.809017, 0.309017, 0.0, 0.809017, -0.309017, 0.5, 0.0, 0.0, 0.0, 0.0, 1.0 ], [ -0.809017, 0.309017, -0.5, 0.0, -0.309017, 0.5, 0.809017, 0.0, 0.5, 0.809017, -0.309017, 0.0, 0.0, 0.0, 0.0, 1.0 ], [ -0.809017, -0.309017, 0.5, 0.0, -0.309017, -0.5, -0.809017, 0.0, 0.5, -0.809017, 0.309017, 0.0, 0.0, 0.0, 0.0, 1.0 ], [ -0.5, 0.809017, -0.309017, 0.0, -0.809017, -0.309017, 0.5, 0.0, 0.309017, 0.5, 0.809017, 0.0, 0.0, 0.0, 0.0, 1.0 ], [ -0.309017, -0.5, -0.809017, 0.0, -0.5, 0.809017, -0.309017, 0.0, 0.809017, 0.309017, -0.5, 0.0, 0.0, 0.0, 0.0, 1.0 ], [ -1.0, 0.0, 0.0, 0.0, 0.0, 1.0, 0.0, 0.0, 0.0, 0.0, -1.0, 0.0, 0.0, 0.0, 0.0, 1.0 ], [ 0.0, 0.0, -1.0, 0.0, 1.0, 0.0, 0.0, 0.0, 0.0, -1.0, 0.0, 0.0, 0.0, 0.0, 0.0, 1.0 ], [ 0.0, -1.0, 0.0, 0.0, 0.0, 0.0, 1.0, 0.0, -1.0, 0.0, 0.0, 0.0, 0.0, 0.0, 0.0, 1.0 ], [ -0.809017, -0.309017, -0.5, 0.0, 0.309017, 0.5, -0.809017, 0.0, 0.5, -0.809017, -0.309017, 0.0, 0.0, 0.0, 0.0, 1.0 ], [ 0.5, -0.809017, -0.309017, 0.0, 0.809017, 0.309017, 0.5, 0.0, -0.309017, -0.5, 0.809017, 0.0, 0.0, 0.0, 0.0, 1.0 ], [ -0.309017, -0.5, 0.809017, 0.0, -0.5, 0.809017, 0.309017, 0.0, -0.809017, -0.309017, -0.5, 0.0, 0.0, 0.0, 0.0, 1.0 ], [ -0.5, -0.809017, -0.309017, 0.0, 0.809017, -0.309017, -0.5, 0.0, 0.309017, -0.5, 0.809017, 0.0, 0.0, 0.0, 0.0, 1.0 ], [ 0.309017, -0.5, 0.809017, 0.0, 0.5, 0.809017, 0.309017, 0.0, -0.809017, 0.309017, 0.5, 0.0, 0.0, 0.0, 0.0, 1.0 ], [ -0.809017, 0.309017, 0.5, 0.0, -0.309017, 0.5, -0.809017, 0.0, -0.5, -0.809017, -0.309017, 0.0, 0.0, 0.0, 0.0, 1.0 ], [ -0.5, -0.809017, 0.309017, 0.0, 0.809017, -0.309017, 0.5, 0.0, -0.309017, 0.5, 0.809017, 0.0, 0.0, 0.0, 0.0, 1.0 ], [ -0.309017, 0.5, 0.809017, 0.0, 0.5, 0.809017, -0.309017, 0.0, -0.809017, 0.309017, -0.5, 0.0, 0.0, 0.0, 0.0, 1.0 ], [ -0.809017, 0.309017, -0.5, 0.0, 0.309017, -0.5, -0.809017, 0.0, -0.5, -0.809017, 0.309017, 0.0, 0.0, 0.0, 0.0, 1.0 ], [ -0.809017, -0.309017, 0.5, 0.0, 0.309017, 0.5, 0.809017, 0.0, -0.5, 0.809017, -0.309017, 0.0, 0.0, 0.0, 0.0, 1.0 ], [ -0.5, 0.809017, -0.309017, 0.0, 0.809017, 0.309017, -0.5, 0.0, -0.309017, -0.5, -0.809017, 0.0, 0.0, 0.0, 0.0, 1.0 ], [ -0.309017, -0.5, -0.809017, 0.0, 0.5, -0.809017, 0.309017, 0.0, -0.809017, -0.309017, 0.5, 0.0, 0.0, 0.0, 0.0, 1.0 ] ],
  "lights" : {
    "ambientColor" : "#292929",
    "backgroundColor" : "#CCCCCC",
    "directionalLights" : [ {
      "direction" : [ 1.0, -1.0, -1.0 ],
      "color" : "#EBEBE4"
    }, {
      "direction" : [ -1.0, 0.0, 0.0 ],
      "color" : "#E4E4EB"
    }, {
      "direction" : [ 0.0, 0.0, -1.0 ],
      "color" : "#1E1E1E"
    } ]
  },
  "camera" : {
    "stereo" : false,
    "width" : 83.96262,
    "perspective" : true,
    "farClipDistance" : 373.167,
    "lookAtPoint" : {
      "x" : 0.0,
      "y" : 0.0,
      "z" : 0.0
    },
    "viewDistance" : 186.5836,
    "nearClipDistance" : 0.46645892,
    "fieldOfView" : 0.4426289,
    "lookDirection" : {
      "x" : 0.0,
      "y" : 0.0,
      "z" : -1.0
    },
    "upDirection" : {
      "x" : 0.0,
      "y" : 1.0,
      "z" : 0.0
    },
    "position" : {
      "x" : 0.0,
      "y" : 0.0,
      "z" : 186.5836
    }
  },
  "embedding" : [ 1.0, 0.0, 0.0, 0.0, 0.0, 1.0, 0.0, 0.0, 0.0, 0.0, 1.0, 0.0, 0.0, 0.0, 0.0, 1.0 ],
  "shapes" : [ {
    "id" : "b13e058b-4855-4555-b187-96e6985d6863",
    "name" : "ball",
    "vertices" : [ {
      "x" : 0.309017,
      "y" : -0.309017,
      "z" : -0.309017
    }, {
      "x" : 0.5,
      "y" : 0.0,
      "z" : -0.19098301
    }, {
      "x" : 0.5,
      "y" : 0.0,
      "z" : 0.19098301
    }, {
      "x" : 0.309017,
      "y" : -0.309017,
      "z" : 0.309017
    }, {
      "x" : 0.19098301,
      "y" : -0.5,
      "z" : 0.0
    }, {
      "x" : 0.0,
      "y" : 0.19098301,
      "z" : 0.5
    }, {
      "x" : 0.0,
      "y" : -0.19098301,
      "z" : 0.5
    }, {
      "x" : 0.309017,
      "y" : 0.309017,
      "z" : 0.309017
    }, {
      "x" : -0.309017,
      "y" : -0.309017,
      "z" : 0.309017
    }, {
      "x" : -0.309017,
      "y" : 0.309017,
      "z" : 0.309017
    }, {
      "x" : -0.5,
      "y" : 0.0,
      "z" : 0.19098301
    }, {
      "x" : 0.0,
      "y" : -0.19098301,
      "z" : -0.5
    }, {
      "x" : 0.0,
      "y" : 0.19098301,
      "z" : -0.5
    }, {
      "x" : 0.309017,
      "y" : 0.309017,
      "z" : -0.309017
    }, {
      "x" : -0.309017,
      "y" : -0.309017,
      "z" : -0.309017
    }, {
      "x" : -0.19098301,
      "y" : -0.5,
      "z" : 0.0
    }, {
      "x" : -0.5,
      "y" : 0.0,
      "z" : -0.19098301
    }, {
      "x" : 0.19098301,
      "y" : 0.5,
      "z" : 0.0
    }, {
      "x" : -0.309017,
      "y" : 0.309017,
      "z" : -0.309017
    }, {
      "x" : 0.0,
      "y" : 0.0,
      "z" : 0.0
    }, {
      "x" : -0.19098301,
      "y" : 0.5,
      "z" : 0.0
    } ],
    "faces" : [ {
      "vertices" : [ 12, 18, 20, 17, 13 ]
    }, {
      "vertices" : [ 3, 6, 8, 15, 4 ]
    }, {
      "vertices" : [ 0, 11, 12, 13, 1 ]
    }, {
      "vertices" : [ 5, 9, 10, 8, 6 ]
    }, {
      "vertices" : [ 2, 7, 5, 6, 3 ]
    }, {
      "vertices" : [ 11, 14, 16, 18, 12 ]
    }, {
      "vertices" : [ 1, 13, 17, 7, 2 ]
    }, {
      "vertices" : [ 9, 20, 18, 16, 10 ]
    }, {
      "vertices" : [ 0, 1, 2, 3, 4 ]
    }, {
      "vertices" : [ 5, 7, 17, 20, 9 ]
    }, {
      "vertices" : [ 0, 4, 15, 14, 11 ]
    }, {
      "vertices" : [ 8, 10, 16, 14, 15 ]
    } ]
  }, {
    "id" : "3ab9811d-80db-4b20-9aa0-39ea0a559367",
    "vertices" : [ {
      "x" : 0.0,
      "y" : 0.0,
      "z" : 0.0
    }, {
      "x" : -0.5295085,
      "y" : 0.85676277,
      "z" : 0.32725424
    }, {
      "x" : -0.85676277,
      "y" : 1.3862712,
      "z" : 1.184017
    }, {
      "x" : -0.85676277,
      "y" : 1.3862712,
      "z" : 2.243034
    }, {
      "x" : -0.5295085,
      "y" : 0.85676277,
      "z" : 3.0997968
    }, {
      "x" : 0.0,
      "y" : 0.0,
      "z" : 3.427051
    }, {
      "x" : 0.5295085,
      "y" : -0.85676277,
      "z" : 3.0997968
    }, {
      "x" : 0.85676277,
      "y" : -1.3862712,
      "z" : 2.243034
    }, {
      "x" : 0.85676277,
      "y" : -1.3862712,
      "z" : 1.184017
    }, {
      "x" : 0.5295085,
      "y" : -0.85676277,
      "z" : 0.32725424
    } ],
    "faces" : [ {
      "vertices" : [ 0, 1, 2, 3, 4, 5, 6, 7, 8, 9 ]
    }, {
      "vertices" : [ 0, 9, 8, 7, 6, 5, 4, 3, 2, 1 ]
    } ]
  }, {
    "id" : "bac82305-050c-4bd7-bc42-7db5bcd4e3cf",
    "orbit" : "red",
    "name" : " :2*phi",
    "vertices" : [ {
      "x" : 0.9045085,
      "y" : 0.3454915,
      "z" : 0.25
    }, {
      "x" : 21.466814,
      "y" : 13.053696,
      "z" : 0.25
    }, {
      "x" : 21.275831,
      "y" : 13.362713,
      "z" : 0.25
    }, {
      "x" : 0.7135255,
      "y" : 0.6545085,
      "z" : 0.25
    }, {
      "x" : 0.809017,
      "y" : 0.5,
      "z" : -0.309017
    }, {
      "x" : 0.9635255,
      "y" : 0.25,
      "z" : -0.095491506
    }, {
      "x" : 0.309017,
      "y" : 0.19098301,
      "z" : 0.0
    }, {
      "x" : 21.871323,
      "y" : 13.5172205,
      "z" : 0.0
    }, {
      "x" : 21.216814,
      "y" : 13.458204,
      "z" : -0.095491506
    }, {
      "x" : 21.371323,
      "y" : 13.208204,
      "z" : -0.309017
    }, {
      "x" : 22.18034,
      "y" : 13.708204,
      "z" : 0.0
    }, {
      "x" : 0.6545085,
      "y" : 0.75,
      "z" : -0.095491506
    }, {
      "x" : 21.525831,
      "y" : 12.958204,
      "z" : -0.095491506
    } ],
    "faces" : [ {
      "vertices" : [ 4, 11, 8, 9 ]
    }, {
      "vertices" : [ 0, 1, 2, 3 ]
    }, {
      "vertices" : [ 0, 3, 6 ]
    }, {
      "vertices" : [ 1, 7, 2 ]
    }, {
      "vertices" : [ 0, 6, 5 ]
    }, {
      "vertices" : [ 4, 5, 6 ]
    }, {
      "vertices" : [ 2, 7, 8 ]
    }, {
      "vertices" : [ 0, 5, 12, 1 ]
    }, {
      "vertices" : [ 1, 12, 7 ]
    }, {
      "vertices" : [ 3, 11, 6 ]
    }, {
      "vertices" : [ 4, 6, 11 ]
    }, {
      "vertices" : [ 7, 9, 8 ]
    }, {
      "vertices" : [ 2, 8, 11, 3 ]
    }, {
      "vertices" : [ 7, 12, 9 ]
    }, {
      "vertices" : [ 4, 9, 12, 5 ]
    } ]
  }, {
    "id" : "a317b8a3-d87e-460f-8049-c4257ac363a1",
    "vertices" : [ {
      "x" : 0.0,
      "y" : 0.0,
      "z" : 0.0
    }, {
      "x" : 0.0,
      "y" : -20.062305,
      "z" : -12.399187
    }, {
      "x" : -0.32725424,
      "y" : -19.532797,
      "z" : -13.25595
    }, {
      "x" : -0.32725424,
      "y" : 0.5295085,
      "z" : -0.85676277
    } ],
    "faces" : [ {
      "vertices" : [ 0, 1, 2, 3 ]
    }, {
      "vertices" : [ 0, 3, 2, 1 ]
    } ]
  }, {
    "id" : "6d3ba492-9e93-49c1-9e33-74e417de0c11",
    "orbit" : "blue",
    "name" : " :1/4*phi",
    "vertices" : [ {
      "x" : 1.0,
      "y" : 0.309017,
      "z" : 0.19098301
    }, {
      "x" : 1.0,
      "y" : -0.309017,
      "z" : 0.19098301
    }, {
      "x" : 2.427051,
      "y" : -0.309017,
      "z" : 0.19098301
    }, {
      "x" : 2.427051,
      "y" : 0.309017,
      "z" : 0.19098301
    }, {
      "x" : 2.427051,
      "y" : -0.309017,
      "z" : -0.19098301
    }, {
      "x" : 2.427051,
      "y" : 0.309017,
      "z" : -0.19098301
    }, {
      "x" : 3.045085,
      "y" : 0.0,
      "z" : 0.0
    }, {
      "x" : 0.38196602,
      "y" : 0.0,
      "z" : 0.0
    }, {
      "x" : 1.0,
      "y" : 0.309017,
      "z" : -0.19098301
    }, {
      "x" : 1.0,
      "y" : -0.309017,
      "z" : -0.19098301
    }, {
      "x" : 3.427051,
      "y" : 0.0,
      "z" : 0.0
    } ],
    "faces" : [ {
      "vertices" : [ 1, 9, 4, 2 ]
    }, {
      "vertices" : [ 0, 3, 5, 8 ]
    }, {
      "vertices" : [ 1, 7, 9 ]
    }, {
      "vertices" : [ 0, 1, 2, 3 ]
    }, {
      "vertices" : [ 7, 8, 9 ]
    }, {
      "vertices" : [ 0, 7, 1 ]
    }, {
      "vertices" : [ 4, 9, 8, 5 ]
    }, {
      "vertices" : [ 2, 6, 3 ]
    }, {
      "vertices" : [ 2, 4, 6 ]
    }, {
      "vertices" : [ 3, 6, 5 ]
    }, {
      "vertices" : [ 4, 5, 6 ]
    }, {
      "vertices" : [ 0, 8, 7 ]
    } ]
  }, {
    "id" : "b016d362-9037-43da-b31d-d35b0f209341",
    "vertices" : [ {
      "x" : 0.0,
      "y" : 0.0,
      "z" : 0.0
    }, {
      "x" : 0.0,
      "y" : 20.062305,
      "z" : 12.399187
    }, {
      "x" : 0.32725424,
      "y" : 19.532797,
      "z" : 13.25595
    }, {
      "x" : 0.32725424,
      "y" : -0.5295085,
      "z" : 0.85676277
    } ],
    "faces" : [ {
      "vertices" : [ 0, 1, 2, 3 ]
    }, {
      "vertices" : [ 0, 3, 2, 1 ]
    } ]
  }, {
    "id" : "bb695877-8e3f-4c79-ae60-43fed463c185",
    "vertices" : [ {
      "x" : 0.0,
      "y" : 0.0,
      "z" : 0.0
    }, {
      "x" : -0.32725424,
      "y" : 0.5295085,
      "z" : -0.85676277
    }, {
      "x" : -0.32725424,
      "y" : 20.591814,
      "z" : 11.542424
    }, {
      "x" : 0.0,
      "y" : 20.062305,
      "z" : 12.399187
    } ],
    "faces" : [ {
      "vertices" : [ 0, 1, 2, 3 ]
    }, {
      "vertices" : [ 0, 3, 2, 1 ]
    } ]
  }, {
    "id" : "5859e16e-5bd0-4efd-a3bc-fabba03d38f1",
    "vertices" : [ {
      "x" : 0.0,
      "y" : 0.0,
      "z" : 0.0
    }, {
      "x" : 0.32725424,
      "y" : -0.5295085,
      "z" : -0.85676277
    }, {
      "x" : 0.32725424,
      "y" : -0.5295085,
      "z" : -1.9157797
    }, {
      "x" : 0.0,
      "y" : 0.0,
      "z" : -2.7725425
    }, {
      "x" : -0.5295085,
      "y" : 0.85676277,
      "z" : -3.0997968
    }, {
      "x" : -1.059017,
      "y" : 1.7135255,
      "z" : -2.7725425
    }, {
      "x" : -1.3862712,
      "y" : 2.243034,
      "z" : -1.9157797
    }, {
      "x" : -1.3862712,
      "y" : 2.243034,
      "z" : -0.85676277
    }, {
      "x" : -1.059017,
      "y" : 1.7135255,
      "z" : 0.0
    }, {
      "x" : -0.5295085,
      "y" : 0.85676277,
      "z" : 0.32725424
    } ],
    "faces" : [ {
      "vertices" : [ 0, 1, 2, 3, 4, 5, 6, 7, 8, 9 ]
    }, {
      "vertices" : [ 0, 9, 8, 7, 6, 5, 4, 3, 2, 1 ]
    } ]
  }, {
    "id" : "537cf0c6-6ea6-485b-93b0-70bc778aabdd",
    "vertices" : [ {
      "x" : 0.0,
      "y" : 0.0,
      "z" : 0.0
    }, {
      "x" : 0.5295085,
      "y" : -0.85676277,
      "z" : 0.32725424
    }, {
      "x" : 1.059017,
      "y" : -1.7135255,
      "z" : 0.0
    }, {
      "x" : 1.3862712,
      "y" : -2.243034,
      "z" : -0.85676277
    }, {
      "x" : 1.3862712,
      "y" : -2.243034,
      "z" : -1.9157797
    }, {
      "x" : 1.059017,
      "y" : -1.7135255,
      "z" : -2.7725425
    }, {
      "x" : 0.5295085,
      "y" : -0.85676277,
      "z" : -3.0997968
    }, {
      "x" : 0.0,
      "y" : 0.0,
      "z" : -2.7725425
    }, {
      "x" : -0.32725424,
      "y" : 0.5295085,
      "z" : -1.9157797
    }, {
      "x" : -0.32725424,
      "y" : 0.5295085,
      "z" : -0.85676277
    } ],
    "faces" : [ {
      "vertices" : [ 0, 1, 2, 3, 4, 5, 6, 7, 8, 9 ]
    }, {
      "vertices" : [ 0, 9, 8, 7, 6, 5, 4, 3, 2, 1 ]
    } ]
  }, {
    "id" : "17ea2f2f-b7b1-4569-acd4-fc9264c055ec",
    "vertices" : [ {
      "x" : 0.0,
      "y" : 0.0,
      "z" : 0.0
    }, {
      "x" : 0.0,
      "y" : 0.0,
      "z" : 1.059017
    }, {
      "x" : 0.32725424,
      "y" : -0.5295085,
      "z" : 1.9157797
    }, {
      "x" : 0.85676277,
      "y" : -1.3862712,
      "z" : 2.243034
    }, {
      "x" : 1.3862712,
      "y" : -2.243034,
      "z" : 1.9157797
    }, {
      "x" : 1.7135255,
      "y" : -2.7725425,
      "z" : 1.059017
    }, {
      "x" : 1.7135255,
      "y" : -2.7725425,
      "z" : 0.0
    }, {
      "x" : 1.3862712,
      "y" : -2.243034,
      "z" : -0.85676277
    }, {
      "x" : 0.85676277,
      "y" : -1.3862712,
      "z" : -1.184017
    }, {
      "x" : 0.32725424,
      "y" : -0.5295085,
      "z" : -0.85676277
    } ],
    "faces" : [ {
      "vertices" : [ 0, 1, 2, 3, 4, 5, 6, 7, 8, 9 ]
    }, {
      "vertices" : [ 0, 9, 8, 7, 6, 5, 4, 3, 2, 1 ]
    } ]
  }, {
    "id" : "bf2bb9ac-982e-4586-94bc-071b2e179e61",
    "vertices" : [ {
      "x" : 0.0,
      "y" : 0.0,
      "z" : 0.0
    }, {
      "x" : -0.32725424,
      "y" : 0.5295085,
      "z" : -0.85676277
    }, {
      "x" : -0.85676277,
      "y" : 1.3862712,
      "z" : -1.184017
    }, {
      "x" : -1.3862712,
      "y" : 2.243034,
      "z" : -0.85676277
    }, {
      "x" : -1.7135255,
      "y" : 2.7725425,
      "z" : 0.0
    }, {
      "x" : -1.7135255,
      "y" : 2.7725425,
      "z" : 1.059017
    }, {
      "x" : -1.3862712,
      "y" : 2.243034,
      "z" : 1.9157797
    }, {
      "x" : -0.85676277,
      "y" : 1.3862712,
      "z" : 2.243034
    }, {
      "x" : -0.32725424,
      "y" : 0.5295085,
      "z" : 1.9157797
    }, {
      "x" : 0.0,
      "y" : 0.0,
      "z" : 1.059017
    } ],
    "faces" : [ {
      "vertices" : [ 0, 1, 2, 3, 4, 5, 6, 7, 8, 9 ]
    }, {
      "vertices" : [ 0, 9, 8, 7, 6, 5, 4, 3, 2, 1 ]
    } ]
  }, {
    "id" : "74ad09a6-245f-40f2-965a-b52973ff2c0d",
    "vertices" : [ {
      "x" : 0.0,
      "y" : 0.0,
      "z" : 0.0
    }, {
      "x" : -0.5295085,
      "y" : 0.85676277,
      "z" : -1.3862712
    }, {
      "x" : -0.5295085,
      "y" : 20.91907,
      "z" : 11.012916
    }, {
      "x" : 0.0,
      "y" : 20.062305,
      "z" : 12.399187
    } ],
    "faces" : [ {
      "vertices" : [ 0, 1, 2, 3 ]
    }, {
      "vertices" : [ 0, 3, 2, 1 ]
    } ]
  }, {
    "id" : "927006c6-935d-4e65-b116-eac43164d162",
    "orbit" : "16",
    "name" : "short",
    "vertices" : [ {
      "x" : 4.5200925,
      "y" : -3.6596358,
      "z" : 1.0240185
    }, {
      "x" : 4.6200924,
      "y" : -3.7596357,
      "z" : 0.6240185
    }, {
      "x" : 0.43333334,
      "y" : -0.6333333,
      "z" : -0.033333335
    }, {
      "x" : 0.33333334,
      "y" : -0.53333336,
      "z" : 0.36666667
    }, {
      "x" : 4.3867593,
      "y" : -4.0596356,
      "z" : 0.7573518
    }, {
      "x" : 4.286759,
      "y" : -3.9596357,
      "z" : 1.1573519
    }, {
      "x" : 0.56666666,
      "y" : -0.23333333,
      "z" : 0.23333333
    }, {
      "x" : 0.6666667,
      "y" : -0.33333334,
      "z" : -0.16666667
    } ],
    "faces" : [ {
      "vertices" : [ 2, 3, 6, 7 ]
    }, {
      "vertices" : [ 0, 5, 4, 1 ]
    }, {
      "vertices" : [ 2, 4, 5, 3 ]
    }, {
      "vertices" : [ 0, 6, 3, 5 ]
    }, {
      "vertices" : [ 0, 1, 7, 6 ]
    }, {
      "vertices" : [ 1, 4, 2, 7 ]
    } ]
  }, {
    "id" : "32fe8345-0424-44b4-9a75-08239e753700",
    "vertices" : [ {
      "x" : 0.0,
      "y" : 0.0,
      "z" : 0.0
    }, {
      "x" : -0.3302284,
      "y" : 0.99068516,
      "z" : 0.3302284
    }, {
      "x" : -1.9813703,
      "y" : 2.9720554,
      "z" : 0.0
    }, {
      "x" : -4.6231976,
      "y" : 2.9720554,
      "z" : -2.641827
    }, {
      "x" : -4.953426,
      "y" : 0.99068516,
      "z" : -4.292969
    }, {
      "x" : -4.6231976,
      "y" : 0.0,
      "z" : -4.6231976
    }, {
      "x" : -2.9720554,
      "y" : -1.9813703,
      "z" : -4.292969
    }, {
      "x" : -0.3302284,
      "y" : -1.9813703,
      "z" : -1.6511419
    } ],
    "faces" : [ {
      "vertices" : [ 0, 1, 2, 3, 4, 5, 6, 7 ]
    }, {
      "vertices" : [ 0, 7, 6, 5, 4, 3, 2, 1 ]
    } ]
  }, {
    "id" : "d43b6b7e-4577-4bfd-b539-b97e27c63f2f",
    "vertices" : [ {
      "x" : 0.0,
      "y" : 0.0,
      "z" : 0.0
    }, {
      "x" : 0.20409237,
      "y" : -0.12613602,
      "z" : 1.0686415
    }, {
      "x" : 10.323672,
      "y" : -28.643456,
      "z" : -4.230039
    }, {
      "x" : 10.11958,
      "y" : -28.51732,
      "z" : -5.298681
    } ],
    "faces" : [ {
      "vertices" : [ 0, 1, 2, 3 ]
    }, {
      "vertices" : [ 0, 3, 2, 1 ]
    } ]
  }, {
    "id" : "9dab39a0-68a1-44dd-9940-22c9ec3aa9e7",
    "vertices" : [ {
      "x" : 0.0,
      "y" : 0.0,
      "z" : 0.0
    }, {
      "x" : -5.298681,
      "y" : 10.11958,
      "z" : 28.51732
    }, {
      "x" : -4.7941365,
      "y" : 6.661383,
      "z" : 29.838234
    }, {
      "x" : 0.5045441,
      "y" : -3.4581966,
      "z" : 1.3209136
    } ],
    "faces" : [ {
      "vertices" : [ 0, 1, 2, 3 ]
    }, {
      "vertices" : [ 0, 3, 2, 1 ]
    } ]
  }, {
    "id" : "e5802be1-4232-456f-a323-18d44b8e0114",
    "vertices" : [ {
      "x" : 0.0,
      "y" : 0.0,
      "z" : 0.0
    }, {
      "x" : 19.648588,
      "y" : -19.648588,
      "z" : -13.099059
    }, {
      "x" : 19.978817,
      "y" : -17.997446,
      "z" : -15.08043
    }, {
      "x" : 0.3302284,
      "y" : 1.6511419,
      "z" : -1.9813703
    } ],
    "faces" : [ {
      "vertices" : [ 0, 1, 2, 3 ]
    }, {
      "vertices" : [ 0, 3, 2, 1 ]
    } ]
  }, {
    "id" : "44fc4e20-089f-472f-aa24-b9a6a521bc39",
    "orbit" : "15",
    "name" : "short",
    "vertices" : [ {
      "x" : 4.5200925,
      "y" : -1.0240185,
      "z" : -3.6596358
    }, {
      "x" : 4.6200924,
      "y" : -0.6240185,
      "z" : -3.7596357
    }, {
      "x" : 0.43333334,
      "y" : 0.033333335,
      "z" : -0.6333333
    }, {
      "x" : 0.33333334,
      "y" : -0.36666667,
      "z" : -0.53333336
    }, {
      "x" : 4.3867593,
      "y" : -0.7573518,
      "z" : -4.0596356
    }, {
      "x" : 4.286759,
      "y" : -1.1573519,
      "z" : -3.9596357
    }, {
      "x" : 0.56666666,
      "y" : -0.23333333,
      "z" : -0.23333333
    }, {
      "x" : 0.6666667,
      "y" : 0.16666667,
      "z" : -0.33333334
    } ],
    "faces" : [ {
      "vertices" : [ 2, 3, 6, 7 ]
    }, {
      "vertices" : [ 0, 5, 4, 1 ]
    }, {
      "vertices" : [ 2, 4, 5, 3 ]
    }, {
      "vertices" : [ 0, 6, 3, 5 ]
    }, {
      "vertices" : [ 0, 1, 7, 6 ]
    }, {
      "vertices" : [ 1, 4, 2, 7 ]
    } ]
  }, {
    "id" : "b1c1a371-5fb6-45f1-92a5-4d8d6f0285bb",
    "vertices" : [ {
      "x" : 0.0,
      "y" : 0.0,
      "z" : 0.0
    }, {
      "x" : 0.3302284,
      "y" : 1.9813703,
      "z" : 1.6511419
    }, {
      "x" : -19.318361,
      "y" : -11.117689,
      "z" : 21.29973
    }, {
      "x" : -19.648588,
      "y" : -13.099059,
      "z" : 19.648588
    } ],
    "faces" : [ {
      "vertices" : [ 0, 1, 2, 3 ]
    }, {
      "vertices" : [ 0, 3, 2, 1 ]
    } ]
  }, {
    "id" : "0ef7a913-206e-4141-9790-4db77a62684b",
    "vertices" : [ {
      "x" : 0.0,
      "y" : 0.0,
      "z" : 0.0
    }, {
      "x" : 19.648588,
      "y" : 13.099059,
      "z" : -19.648588
    }, {
      "x" : 19.978817,
      "y" : 15.08043,
      "z" : -17.997446
    }, {
      "x" : 0.3302284,
      "y" : 1.9813703,
      "z" : 1.6511419
    } ],
    "faces" : [ {
      "vertices" : [ 0, 1, 2, 3 ]
    }, {
      "vertices" : [ 0, 3, 2, 1 ]
    } ]
  }, {
    "id" : "a1eb57f6-fd5c-44bb-b4a8-ae455b553407",
    "vertices" : [ {
      "x" : 0.0,
      "y" : 0.0,
      "z" : 0.0
    }, {
      "x" : -2.023916,
      "y" : 15.418261,
      "z" : 26.493404
    }, {
      "x" : -1.6157312,
      "y" : 14.553712,
      "z" : 27.027725
    }, {
      "x" : 0.40818474,
      "y" : -0.86454916,
      "z" : 0.5343208
    } ],
    "faces" : [ {
      "vertices" : [ 0, 1, 2, 3 ]
    }, {
      "vertices" : [ 0, 3, 2, 1 ]
    } ]
  }, {
    "id" : "a56c54b8-0bbf-49f9-af69-ca216e5b050a",
    "vertices" : [ {
      "x" : 0.0,
      "y" : 0.0,
      "z" : 0.0
    }, {
      "x" : 0.3302284,
      "y" : 1.6511419,
      "z" : -1.9813703
    }, {
      "x" : -19.318361,
      "y" : 21.29973,
      "z" : 11.117689
    }, {
      "x" : -19.648588,
      "y" : 19.648588,
      "z" : 13.099059
    } ],
    "faces" : [ {
      "vertices" : [ 0, 1, 2, 3 ]
    }, {
      "vertices" : [ 0, 3, 2, 1 ]
    } ]
  }, {
    "id" : "2bdd79e7-c1e3-44eb-9b9d-ce82f0b10195",
    "vertices" : [ {
      "x" : 0.0,
      "y" : 0.0,
      "z" : 0.0
    }, {
      "x" : 5.298681,
      "y" : -10.11958,
      "z" : -28.51732
    }, {
      "x" : 5.803225,
      "y" : -13.577776,
      "z" : -27.196405
    }, {
      "x" : 0.5045441,
      "y" : -3.4581966,
      "z" : 1.3209136
    } ],
    "faces" : [ {
      "vertices" : [ 0, 1, 2, 3 ]
    }, {
      "vertices" : [ 0, 3, 2, 1 ]
    } ]
  }, {
    "id" : "0885b296-c09f-4349-bb82-e24b6ccd98e0",
    "vertices" : [ {
      "x" : 0.0,
      "y" : 0.0,
      "z" : 0.0
    }, {
      "x" : 0.3302284,
      "y" : -0.99068516,
      "z" : -0.3302284
    }, {
      "x" : 0.0,
      "y" : -2.9720554,
      "z" : -1.9813703
    }, {
      "x" : -2.641827,
      "y" : -2.9720554,
      "z" : -4.6231976
    }, {
      "x" : -4.292969,
      "y" : -0.99068516,
      "z" : -4.953426
    }, {
      "x" : -4.6231976,
      "y" : 0.0,
      "z" : -4.6231976
    }, {
      "x" : -4.292969,
      "y" : 1.9813703,
      "z" : -2.9720554
    }, {
      "x" : -1.6511419,
      "y" : 1.9813703,
      "z" : -0.3302284
    } ],
    "faces" : [ {
      "vertices" : [ 0, 1, 2, 3, 4, 5, 6, 7 ]
    }, {
      "vertices" : [ 0, 7, 6, 5, 4, 3, 2, 1 ]
    } ]
  }, {
    "id" : "bbdca4bf-34de-4801-846f-5a7ce248d410",
    "vertices" : [ {
      "x" : 0.0,
      "y" : 0.0,
      "z" : 0.0
    }, {
      "x" : 2.023916,
      "y" : -15.418261,
      "z" : -26.493404
    }, {
      "x" : 1.6157312,
      "y" : -14.553712,
      "z" : -27.027725
    }, {
      "x" : -0.40818474,
      "y" : 0.86454916,
      "z" : -0.5343208
    } ],
    "faces" : [ {
      "vertices" : [ 0, 1, 2, 3 ]
    }, {
      "vertices" : [ 0, 3, 2, 1 ]
    } ]
  }, {
    "id" : "d47b6f32-a1ac-4fe1-8bc8-98c740bec679",
    "vertices" : [ {
      "x" : 0.0,
      "y" : 0.0,
      "z" : 0.0
    }, {
      "x" : -0.20409237,
      "y" : 0.12613602,
      "z" : -1.0686415
    }, {
      "x" : -10.323672,
      "y" : 28.643456,
      "z" : 4.230039
    }, {
      "x" : -10.11958,
      "y" : 28.51732,
      "z" : 5.298681
    } ],
    "faces" : [ {
      "vertices" : [ 0, 1, 2, 3 ]
    }, {
      "vertices" : [ 0, 3, 2, 1 ]
    } ]
  }, {
    "id" : "7c762bcb-d575-4d9e-945c-a2a510b80dba",
    "orbit" : "green",
    "name" : " :1/8 +1/8*phi",
    "vertices" : [ {
      "x" : 3.3202882,
      "y" : 1.2682372,
      "z" : -0.48442352
    }, {
      "x" : 2.9383223,
      "y" : 0.81332225,
      "z" : -0.29344052
    }, {
      "x" : 2.7752032,
      "y" : 1.0772543,
      "z" : -0.7204915
    }, {
      "x" : 2.7022543,
      "y" : 1.3411863,
      "z" : -0.5295085
    }, {
      "x" : 0.85410196,
      "y" : 0.309017,
      "z" : 0.19098301
    }, {
      "x" : 0.690983,
      "y" : 0.572949,
      "z" : -0.23606798
    }, {
      "x" : 0.309017,
      "y" : 0.11803399,
      "z" : -0.045084972
    }, {
      "x" : 0.76393205,
      "y" : 0.309017,
      "z" : -0.42705098
    }, {
      "x" : 0.927051,
      "y" : 0.045084972,
      "z" : 0.0
    }, {
      "x" : 2.8653731,
      "y" : 1.0772543,
      "z" : -0.102457516
    }, {
      "x" : 3.6293051,
      "y" : 1.3862712,
      "z" : -0.5295085
    } ],
    "faces" : [ {
      "vertices" : [ 2, 7, 5, 3 ]
    }, {
      "vertices" : [ 1, 8, 7, 2 ]
    }, {
      "vertices" : [ 4, 6, 8 ]
    }, {
      "vertices" : [ 5, 7, 6 ]
    }, {
      "vertices" : [ 0, 1, 2 ]
    }, {
      "vertices" : [ 0, 2, 3 ]
    }, {
      "vertices" : [ 6, 7, 8 ]
    }, {
      "vertices" : [ 3, 5, 4, 9 ]
    }, {
      "vertices" : [ 1, 9, 4, 8 ]
    }, {
      "vertices" : [ 0, 9, 1 ]
    }, {
      "vertices" : [ 0, 3, 9 ]
    }, {
      "vertices" : [ 4, 5, 6 ]
    } ]
  }, {
    "id" : "afbccc50-a87e-4dbf-9a9c-bc7c83d9fcab",
    "vertices" : [ {
      "x" : 0.0,
      "y" : 0.0,
      "z" : 0.0
    }, {
      "x" : -2.7725425,
      "y" : 2.7725425,
      "z" : 0.0
    }, {
      "x" : 13.862713,
      "y" : 19.407797,
      "z" : -16.635256
    }, {
      "x" : 16.635256,
      "y" : 16.635256,
      "z" : -16.635256
    } ],
    "faces" : [ {
      "vertices" : [ 0, 1, 2, 3 ]
    }, {
      "vertices" : [ 0, 3, 2, 1 ]
    } ]
  }, {
    "id" : "c38be308-6c1d-4c7e-aacb-1351bc1bf9d8",
    "vertices" : [ {
      "x" : 0.0,
      "y" : 0.0,
      "z" : 0.0
    }, {
      "x" : 2.7725425,
      "y" : -2.7725425,
      "z" : 0.0
    }, {
      "x" : -13.862713,
      "y" : -19.407797,
      "z" : 16.635256
    }, {
      "x" : -16.635256,
      "y" : -16.635256,
      "z" : 16.635256
    } ],
    "faces" : [ {
      "vertices" : [ 0, 1, 2, 3 ]
    }, {
      "vertices" : [ 0, 3, 2, 1 ]
    } ]
  }, {
    "id" : "b2798966-aedd-490e-bdf0-c7457e3e16fb",
    "vertices" : [ {
      "x" : 0.0,
      "y" : 0.0,
      "z" : 0.0
    }, {
      "x" : 2.7725425,
      "y" : -2.7725425,
      "z" : 0.0
    }, {
      "x" : 19.407797,
      "y" : 13.862713,
      "z" : -16.635256
    }, {
      "x" : 16.635256,
      "y" : 16.635256,
      "z" : -16.635256
    } ],
    "faces" : [ {
      "vertices" : [ 0, 1, 2, 3 ]
    }, {
      "vertices" : [ 0, 3, 2, 1 ]
    } ]
  }, {
    "id" : "96a4cb81-3ab5-4a7c-b6d9-d89ee259a1be",
    "vertices" : [ {
      "x" : 0.0,
      "y" : 0.0,
      "z" : 0.0
    }, {
      "x" : -0.5295085,
      "y" : 3.6293051,
      "z" : -1.3862712
    }, {
      "x" : 0.32725424,
      "y" : 6.729102,
      "z" : 0.85676277
    }, {
      "x" : 1.7135255,
      "y" : 6.1995935,
      "z" : 4.486068
    }, {
      "x" : 2.243034,
      "y" : 2.5702882,
      "z" : 5.8723392
    }, {
      "x" : 1.3862712,
      "y" : -0.5295085,
      "z" : 3.6293051
    } ],
    "faces" : [ {
      "vertices" : [ 0, 1, 2, 3, 4, 5 ]
    }, {
      "vertices" : [ 0, 5, 4, 3, 2, 1 ]
    } ]
  }, {
    "id" : "9531b8c9-ca03-49f9-9828-7793d7fe1ac3",
    "vertices" : [ {
      "x" : 0.0,
      "y" : 0.0,
      "z" : 0.0
    }, {
      "x" : -2.7725425,
      "y" : 2.7725425,
      "z" : 0.0
    }, {
      "x" : -19.407797,
      "y" : -13.862713,
      "z" : 16.635256
    }, {
      "x" : -16.635256,
      "y" : -16.635256,
      "z" : 16.635256
    } ],
    "faces" : [ {
      "vertices" : [ 0, 1, 2, 3 ]
    }, {
      "vertices" : [ 0, 3, 2, 1 ]
    } ]
  }, {
    "id" : "3c8d5cc5-1e3d-45ed-b84e-6dd526d1f3c8",
    "orbit" : "yellow",
    "name" : " :3/2 +3/2*phi",
    "vertices" : [ {
      "x" : 26.916409,
      "y" : 0.0,
      "z" : -10.281153
    }, {
      "x" : 26.607391,
      "y" : 0.0,
      "z" : -10.163119
    }, {
      "x" : 26.202883,
      "y" : -0.1545085,
      "z" : -9.722136
    }, {
      "x" : 26.0119,
      "y" : -0.1545085,
      "z" : -10.222136
    }, {
      "x" : 0.9045085,
      "y" : -0.1545085,
      "z" : -0.059016995
    }, {
      "x" : 0.809017,
      "y" : 0.309017,
      "z" : -0.309017
    }, {
      "x" : 0.309017,
      "y" : 0.0,
      "z" : -0.11803399
    }, {
      "x" : 26.107391,
      "y" : 0.309017,
      "z" : -9.972136
    }, {
      "x" : 0.7135255,
      "y" : -0.1545085,
      "z" : -0.559017
    } ],
    "faces" : [ {
      "vertices" : [ 2, 4, 8, 3 ]
    }, {
      "vertices" : [ 2, 7, 5, 4 ]
    }, {
      "vertices" : [ 4, 6, 8 ]
    }, {
      "vertices" : [ 5, 8, 6 ]
    }, {
      "vertices" : [ 1, 2, 3 ]
    }, {
      "vertices" : [ 3, 8, 5, 7 ]
    }, {
      "vertices" : [ 1, 7, 2 ]
    }, {
      "vertices" : [ 1, 3, 7 ]
    }, {
      "vertices" : [ 4, 5, 6 ]
    } ]
  }, {
    "id" : "b9171dff-fb0a-42d0-88db-808a3d4648ec",
    "vertices" : [ {
      "x" : 0.0,
      "y" : 0.0,
      "z" : 0.0
    }, {
      "x" : 1.3862712,
      "y" : -0.5295085,
      "z" : 3.6293051
    }, {
      "x" : 1.9157797,
      "y" : -4.158814,
      "z" : 5.0155764
    }, {
      "x" : 1.059017,
      "y" : -7.2586102,
      "z" : 2.7725425
    }, {
      "x" : -0.32725424,
      "y" : -6.729102,
      "z" : -0.85676277
    }, {
      "x" : -0.85676277,
      "y" : -3.0997968,
      "z" : -2.243034
    } ],
    "faces" : [ {
      "vertices" : [ 0, 1, 2, 3, 4, 5 ]
    }, {
      "vertices" : [ 0, 5, 4, 3, 2, 1 ]
    } ]
  }, {
    "id" : "e6470861-552d-4604-953d-7922dcf08740",
    "orbit" : "green",
    "name" : " :1/4 +1/4*phi",
    "vertices" : [ {
      "x" : 6.9495935,
      "y" : 2.6545086,
      "z" : -1.013932
    }, {
      "x" : 6.5676274,
      "y" : 2.1995935,
      "z" : -0.822949
    }, {
      "x" : 6.4045086,
      "y" : 2.4635255,
      "z" : -1.25
    }, {
      "x" : 6.3315597,
      "y" : 2.7274575,
      "z" : -1.059017
    }, {
      "x" : 0.85410196,
      "y" : 0.309017,
      "z" : 0.19098301
    }, {
      "x" : 0.690983,
      "y" : 0.572949,
      "z" : -0.23606798
    }, {
      "x" : 0.309017,
      "y" : 0.11803399,
      "z" : -0.045084972
    }, {
      "x" : 0.76393205,
      "y" : 0.309017,
      "z" : -0.42705098
    }, {
      "x" : 0.927051,
      "y" : 0.045084972,
      "z" : 0.0
    }, {
      "x" : 6.4946785,
      "y" : 2.4635255,
      "z" : -0.631966
    }, {
      "x" : 7.2586102,
      "y" : 2.7725425,
      "z" : -1.059017
    } ],
    "faces" : [ {
      "vertices" : [ 2, 7, 5, 3 ]
    }, {
      "vertices" : [ 1, 8, 7, 2 ]
    }, {
      "vertices" : [ 4, 6, 8 ]
    }, {
      "vertices" : [ 5, 7, 6 ]
    }, {
      "vertices" : [ 0, 1, 2 ]
    }, {
      "vertices" : [ 0, 2, 3 ]
    }, {
      "vertices" : [ 6, 7, 8 ]
    }, {
      "vertices" : [ 3, 5, 4, 9 ]
    }, {
      "vertices" : [ 1, 9, 4, 8 ]
    }, {
      "vertices" : [ 0, 9, 1 ]
    }, {
      "vertices" : [ 0, 3, 9 ]
    }, {
      "vertices" : [ 4, 5, 6 ]
    } ]
  }, {
    "id" : "3090cce2-c2fd-4828-b927-748cb7f4b5c9",
    "vertices" : [ {
      "x" : 0.0,
      "y" : 0.0,
      "z" : 0.0
    }, {
      "x" : 0.5295085,
      "y" : 3.6293051,
      "z" : 1.3862712
    }, {
      "x" : 1.9157797,
      "y" : 4.158814,
      "z" : 5.0155764
    }, {
      "x" : 2.7725425,
      "y" : 1.059017,
      "z" : 7.2586102
    }, {
      "x" : 2.243034,
      "y" : -2.5702882,
      "z" : 5.8723392
    }, {
      "x" : 0.85676277,
      "y" : -3.0997968,
      "z" : 2.243034
    } ],
    "faces" : [ {
      "vertices" : [ 0, 1, 2, 3, 4, 5 ]
    }, {
      "vertices" : [ 0, 5, 4, 3, 2, 1 ]
    } ]
  }, {
    "id" : "62d6cdb2-c2f3-4e2a-9e72-83ea4a74c3ef",
    "vertices" : [ {
      "x" : 0.0,
      "y" : 0.0,
      "z" : 0.0
    }, {
      "x" : -1.3862712,
      "y" : -0.5295085,
      "z" : -3.6293051
    }, {
      "x" : -2.243034,
      "y" : 2.5702882,
      "z" : -5.8723392
    }, {
      "x" : -1.7135255,
      "y" : 6.1995935,
      "z" : -4.486068
    }, {
      "x" : -0.32725424,
      "y" : 6.729102,
      "z" : -0.85676277
    }, {
      "x" : 0.5295085,
      "y" : 3.6293051,
      "z" : 1.3862712
    } ],
    "faces" : [ {
      "vertices" : [ 0, 1, 2, 3, 4, 5 ]
    }, {
      "vertices" : [ 0, 5, 4, 3, 2, 1 ]
    } ]
  }, {
    "id" : "62ea23dc-8bba-4f74-9bf7-afbfc683c1d5",
    "vertices" : [ {
      "x" : 0.0,
      "y" : 0.0,
      "z" : 0.0
    }, {
      "x" : 0.85676277,
      "y" : -3.0997968,
      "z" : 2.243034
    }, {
      "x" : 0.32725424,
      "y" : -6.729102,
      "z" : 0.85676277
    }, {
      "x" : -1.059017,
      "y" : -7.2586102,
      "z" : -2.7725425
    }, {
      "x" : -1.9157797,
      "y" : -4.158814,
      "z" : -5.0155764
    }, {
      "x" : -1.3862712,
      "y" : -0.5295085,
      "z" : -3.6293051
    } ],
    "faces" : [ {
      "vertices" : [ 0, 1, 2, 3, 4, 5 ]
    }, {
      "vertices" : [ 0, 5, 4, 3, 2, 1 ]
    } ]
  }, {
    "id" : "7984f7b6-67c8-41f4-91d8-acb9396b08fd",
    "vertices" : [ {
      "x" : 0.0,
      "y" : 0.0,
      "z" : 0.0
    }, {
      "x" : -0.85676277,
      "y" : -3.0997968,
      "z" : -2.243034
    }, {
      "x" : -2.243034,
      "y" : -2.5702882,
      "z" : -5.8723392
    }, {
      "x" : -2.7725425,
      "y" : 1.059017,
      "z" : -7.2586102
    }, {
      "x" : -1.9157797,
      "y" : 4.158814,
      "z" : -5.0155764
    }, {
      "x" : -0.5295085,
      "y" : 3.6293051,
      "z" : -1.3862712
    } ],
    "faces" : [ {
      "vertices" : [ 0, 1, 2, 3, 4, 5 ]
    }, {
      "vertices" : [ 0, 5, 4, 3, 2, 1 ]
    } ]
  }, {
    "id" : "d7724190-9ab6-41ae-8194-8177a888a497",
    "orbit" : "1",
    "name" : "short",
    "vertices" : [ {
      "x" : -5.7123785,
      "y" : 4.604099,
      "z" : 0.7762685
    }, {
      "x" : -5.8123784,
      "y" : 4.7040987,
      "z" : 0.37626845
    }, {
      "x" : -0.447436,
      "y" : 0.63746476,
      "z" : -0.074787185
    }, {
      "x" : -0.347436,
      "y" : 0.5374648,
      "z" : 0.3252128
    }, {
      "x" : -5.579045,
      "y" : 5.0040984,
      "z" : 0.5096018
    }, {
      "x" : -5.479045,
      "y" : 4.9040985,
      "z" : 0.9096018
    }, {
      "x" : -0.58076936,
      "y" : 0.23746477,
      "z" : 0.19187948
    }, {
      "x" : -0.6807693,
      "y" : 0.33746478,
      "z" : -0.20812052
    } ],
    "faces" : [ {
      "vertices" : [ 2, 3, 6, 7 ]
    }, {
      "vertices" : [ 0, 5, 4, 1 ]
    }, {
      "vertices" : [ 2, 4, 5, 3 ]
    }, {
      "vertices" : [ 0, 6, 3, 5 ]
    }, {
      "vertices" : [ 0, 1, 7, 6 ]
    }, {
      "vertices" : [ 1, 4, 2, 7 ]
    } ]
  }, {
    "id" : "b324102c-280c-4428-8e84-30ebfae94be0",
    "orbit" : "2",
    "name" : "short",
    "vertices" : [ {
      "x" : -5.7123785,
      "y" : 0.7762685,
      "z" : -4.604099
    }, {
      "x" : -5.8123784,
      "y" : 0.37626845,
      "z" : -4.7040987
    }, {
      "x" : -0.447436,
      "y" : -0.074787185,
      "z" : -0.63746476
    }, {
      "x" : -0.347436,
      "y" : 0.3252128,
      "z" : -0.5374648
    }, {
      "x" : -5.579045,
      "y" : 0.5096018,
      "z" : -5.0040984
    }, {
      "x" : -5.479045,
      "y" : 0.9096018,
      "z" : -4.9040985
    }, {
      "x" : -0.58076936,
      "y" : 0.19187948,
      "z" : -0.23746477
    }, {
      "x" : -0.6807693,
      "y" : -0.20812052,
      "z" : -0.33746478
    } ],
