{
  "field" : "golden",
  "symmetry" : "icosahedral",
  "orientations" : [ [ 1.0, 0.0, 0.0, 0.0, 0.0, 1.0, 0.0, 0.0, 0.0, 0.0, 1.0, 0.0, 0.0, 0.0, 0.0, 1.0 ], [ 0.0, 0.0, 1.0, 0.0, 1.0, 0.0, 0.0, 0.0, 0.0, 1.0, 0.0, 0.0, 0.0, 0.0, 0.0, 1.0 ], [ 0.0, 1.0, 0.0, 0.0, 0.0, 0.0, 1.0, 0.0, 1.0, 0.0, 0.0, 0.0, 0.0, 0.0, 0.0, 1.0 ], [ 0.809017, 0.309017, 0.5, 0.0, 0.309017, 0.5, -0.809017, 0.0, -0.5, 0.809017, 0.309017, 0.0, 0.0, 0.0, 0.0, 1.0 ], [ -0.5, 0.809017, 0.309017, 0.0, 0.809017, 0.309017, 0.5, 0.0, 0.309017, 0.5, -0.809017, 0.0, 0.0, 0.0, 0.0, 1.0 ], [ 0.309017, 0.5, -0.809017, 0.0, -0.5, 0.809017, 0.309017, 0.0, 0.809017, 0.309017, 0.5, 0.0, 0.0, 0.0, 0.0, 1.0 ], [ 0.5, 0.809017, 0.309017, 0.0, 0.809017, -0.309017, -0.5, 0.0, -0.309017, 0.5, -0.809017, 0.0, 0.0, 0.0, 0.0, 1.0 ], [ -0.309017, 0.5, -0.809017, 0.0, 0.5, 0.809017, 0.309017, 0.0, 0.809017, -0.309017, -0.5, 0.0, 0.0, 0.0, 0.0, 1.0 ], [ 0.809017, -0.309017, -0.5, 0.0, -0.309017, 0.5, -0.809017, 0.0, 0.5, 0.809017, 0.309017, 0.0, 0.0, 0.0, 0.0, 1.0 ], [ 0.5, 0.809017, -0.309017, 0.0, 0.809017, -0.309017, 0.5, 0.0, 0.309017, -0.5, -0.809017, 0.0, 0.0, 0.0, 0.0, 1.0 ], [ 0.309017, -0.5, -0.809017, 0.0, 0.5, 0.809017, -0.309017, 0.0, 0.809017, -0.309017, 0.5, 0.0, 0.0, 0.0, 0.0, 1.0 ], [ 0.809017, -0.309017, 0.5, 0.0, 0.309017, -0.5, -0.809017, 0.0, 0.5, 0.809017, -0.309017, 0.0, 0.0, 0.0, 0.0, 1.0 ], [ 0.809017, 0.309017, -0.5, 0.0, 0.309017, 0.5, 0.809017, 0.0, 0.5, -0.809017, 0.309017, 0.0, 0.0, 0.0, 0.0, 1.0 ], [ 0.5, -0.809017, 0.309017, 0.0, 0.809017, 0.309017, -0.5, 0.0, 0.309017, 0.5, 0.809017, 0.0, 0.0, 0.0, 0.0, 1.0 ], [ 0.309017, 0.5, 0.809017, 0.0, 0.5, -0.809017, 0.309017, 0.0, 0.809017, 0.309017, -0.5, 0.0, 0.0, 0.0, 0.0, 1.0 ], [ 1.0, 0.0, 0.0, 0.0, 0.0, -1.0, 0.0, 0.0, 0.0, 0.0, -1.0, 0.0, 0.0, 0.0, 0.0, 1.0 ], [ 0.0, 0.0, 1.0, 0.0, -1.0, 0.0, 0.0, 0.0, 0.0, -1.0, 0.0, 0.0, 0.0, 0.0, 0.0, 1.0 ], [ 0.0, 1.0, 0.0, 0.0, 0.0, 0.0, -1.0, 0.0, -1.0, 0.0, 0.0, 0.0, 0.0, 0.0, 0.0, 1.0 ], [ 0.809017, 0.309017, 0.5, 0.0, -0.309017, -0.5, 0.809017, 0.0, 0.5, -0.809017, -0.309017, 0.0, 0.0, 0.0, 0.0, 1.0 ], [ -0.5, 0.809017, 0.309017, 0.0, -0.809017, -0.309017, -0.5, 0.0, -0.309017, -0.5, 0.809017, 0.0, 0.0, 0.0, 0.0, 1.0 ], [ 0.309017, 0.5, -0.809017, 0.0, 0.5, -0.809017, -0.309017, 0.0, -0.809017, -0.309017, -0.5, 0.0, 0.0, 0.0, 0.0, 1.0 ], [ 0.5, 0.809017, 0.309017, 0.0, -0.809017, 0.309017, 0.5, 0.0, 0.309017, -0.5, 0.809017, 0.0, 0.0, 0.0, 0.0, 1.0 ], [ -0.309017, 0.5, -0.809017, 0.0, -0.5, -0.809017, -0.309017, 0.0, -0.809017, 0.309017, 0.5, 0.0, 0.0, 0.0, 0.0, 1.0 ], [ 0.809017, -0.309017, -0.5, 0.0, 0.309017, -0.5, 0.809017, 0.0, -0.5, -0.809017, -0.309017, 0.0, 0.0, 0.0, 0.0, 1.0 ], [ 0.5, 0.809017, -0.309017, 0.0, -0.809017, 0.309017, -0.5, 0.0, -0.309017, 0.5, 0.809017, 0.0, 0.0, 0.0, 0.0, 1.0 ], [ 0.309017, -0.5, -0.809017, 0.0, -0.5, -0.809017, 0.309017, 0.0, -0.809017, 0.309017, -0.5, 0.0, 0.0, 0.0, 0.0, 1.0 ], [ 0.809017, -0.309017, 0.5, 0.0, -0.309017, 0.5, 0.809017, 0.0, -0.5, -0.809017, 0.309017, 0.0, 0.0, 0.0, 0.0, 1.0 ], [ 0.809017, 0.309017, -0.5, 0.0, -0.309017, -0.5, -0.809017, 0.0, -0.5, 0.809017, -0.309017, 0.0, 0.0, 0.0, 0.0, 1.0 ], [ 0.5, -0.809017, 0.309017, 0.0, -0.809017, -0.309017, 0.5, 0.0, -0.309017, -0.5, -0.809017, 0.0, 0.0, 0.0, 0.0, 1.0 ], [ 0.309017, 0.5, 0.809017, 0.0, -0.5, 0.809017, -0.309017, 0.0, -0.809017, -0.309017, 0.5, 0.0, 0.0, 0.0, 0.0, 1.0 ], [ -1.0, 0.0, 0.0, 0.0, 0.0, -1.0, 0.0, 0.0, 0.0, 0.0, 1.0, 0.0, 0.0, 0.0, 0.0, 1.0 ], [ 0.0, 0.0, -1.0, 0.0, -1.0, 0.0, 0.0, 0.0, 0.0, 1.0, 0.0, 0.0, 0.0, 0.0, 0.0, 1.0 ], [ 0.0, -1.0, 0.0, 0.0, 0.0, 0.0, -1.0, 0.0, 1.0, 0.0, 0.0, 0.0, 0.0, 0.0, 0.0, 1.0 ], [ -0.809017, -0.309017, -0.5, 0.0, -0.309017, -0.5, 0.809017, 0.0, -0.5, 0.809017, 0.309017, 0.0, 0.0, 0.0, 0.0, 1.0 ], [ 0.5, -0.809017, -0.309017, 0.0, -0.809017, -0.309017, -0.5, 0.0, 0.309017, 0.5, -0.809017, 0.0, 0.0, 0.0, 0.0, 1.0 ], [ -0.309017, -0.5, 0.809017, 0.0, 0.5, -0.809017, -0.309017, 0.0, 0.809017, 0.309017, 0.5, 0.0, 0.0, 0.0, 0.0, 1.0 ], [ -0.5, -0.809017, -0.309017, 0.0, -0.809017, 0.309017, 0.5, 0.0, -0.309017, 0.5, -0.809017, 0.0, 0.0, 0.0, 0.0, 1.0 ], [ 0.309017, -0.5, 0.809017, 0.0, -0.5, -0.809017, -0.309017, 0.0, 0.809017, -0.309017, -0.5, 0.0, 0.0, 0.0, 0.0, 1.0 ], [ -0.809017, 0.309017, 0.5, 0.0, 0.309017, -0.5, 0.809017, 0.0, 0.5, 0.809017, 0.309017, 0.0, 0.0, 0.0, 0.0, 1.0 ], [ -0.5, -0.809017, 0.309017, 0.0, -0.809017, 0.309017, -0.5, 0.0, 0.309017, -0.5, -0.809017, 0.0, 0.0, 0.0, 0.0, 1.0 ], [ -0.309017, 0.5, 0.809017, 0.0, -0.5, -0.809017, 0.309017, 0.0, 0.809017, -0.309017, 0.5, 0.0, 0.0, 0.0, 0.0, 1.0 ], [ -0.809017, 0.309017, -0.5, 0.0, -0.309017, 0.5, 0.809017, 0.0, 0.5, 0.809017, -0.309017, 0.0, 0.0, 0.0, 0.0, 1.0 ], [ -0.809017, -0.309017, 0.5, 0.0, -0.309017, -0.5, -0.809017, 0.0, 0.5, -0.809017, 0.309017, 0.0, 0.0, 0.0, 0.0, 1.0 ], [ -0.5, 0.809017, -0.309017, 0.0, -0.809017, -0.309017, 0.5, 0.0, 0.309017, 0.5, 0.809017, 0.0, 0.0, 0.0, 0.0, 1.0 ], [ -0.309017, -0.5, -0.809017, 0.0, -0.5, 0.809017, -0.309017, 0.0, 0.809017, 0.309017, -0.5, 0.0, 0.0, 0.0, 0.0, 1.0 ], [ -1.0, 0.0, 0.0, 0.0, 0.0, 1.0, 0.0, 0.0, 0.0, 0.0, -1.0, 0.0, 0.0, 0.0, 0.0, 1.0 ], [ 0.0, 0.0, -1.0, 0.0, 1.0, 0.0, 0.0, 0.0, 0.0, -1.0, 0.0, 0.0, 0.0, 0.0, 0.0, 1.0 ], [ 0.0, -1.0, 0.0, 0.0, 0.0, 0.0, 1.0, 0.0, -1.0, 0.0, 0.0, 0.0, 0.0, 0.0, 0.0, 1.0 ], [ -0.809017, -0.309017, -0.5, 0.0, 0.309017, 0.5, -0.809017, 0.0, 0.5, -0.809017, -0.309017, 0.0, 0.0, 0.0, 0.0, 1.0 ], [ 0.5, -0.809017, -0.309017, 0.0, 0.809017, 0.309017, 0.5, 0.0, -0.309017, -0.5, 0.809017, 0.0, 0.0, 0.0, 0.0, 1.0 ], [ -0.309017, -0.5, 0.809017, 0.0, -0.5, 0.809017, 0.309017, 0.0, -0.809017, -0.309017, -0.5, 0.0, 0.0, 0.0, 0.0, 1.0 ], [ -0.5, -0.809017, -0.309017, 0.0, 0.809017, -0.309017, -0.5, 0.0, 0.309017, -0.5, 0.809017, 0.0, 0.0, 0.0, 0.0, 1.0 ], [ 0.309017, -0.5, 0.809017, 0.0, 0.5, 0.809017, 0.309017, 0.0, -0.809017, 0.309017, 0.5, 0.0, 0.0, 0.0, 0.0, 1.0 ], [ -0.809017, 0.309017, 0.5, 0.0, -0.309017, 0.5, -0.809017, 0.0, -0.5, -0.809017, -0.309017, 0.0, 0.0, 0.0, 0.0, 1.0 ], [ -0.5, -0.809017, 0.309017, 0.0, 0.809017, -0.309017, 0.5, 0.0, -0.309017, 0.5, 0.809017, 0.0, 0.0, 0.0, 0.0, 1.0 ], [ -0.309017, 0.5, 0.809017, 0.0, 0.5, 0.809017, -0.309017, 0.0, -0.809017, 0.309017, -0.5, 0.0, 0.0, 0.0, 0.0, 1.0 ], [ -0.809017, 0.309017, -0.5, 0.0, 0.309017, -0.5, -0.809017, 0.0, -0.5, -0.809017, 0.309017, 0.0, 0.0, 0.0, 0.0, 1.0 ], [ -0.809017, -0.309017, 0.5, 0.0, 0.309017, 0.5, 0.809017, 0.0, -0.5, 0.809017, -0.309017, 0.0, 0.0, 0.0, 0.0, 1.0 ], [ -0.5, 0.809017, -0.309017, 0.0, 0.809017, 0.309017, -0.5, 0.0, -0.309017, -0.5, -0.809017, 0.0, 0.0, 0.0, 0.0, 1.0 ], [ -0.309017, -0.5, -0.809017, 0.0, 0.5, -0.809017, 0.309017, 0.0, -0.809017, -0.309017, 0.5, 0.0, 0.0, 0.0, 0.0, 1.0 ] ],
  "lights" : {
    "ambientColor" : "#292929",
    "backgroundColor" : "#CCE5FF",
    "directionalLights" : [ {
      "direction" : [ 1.0, -1.0, -1.0 ],
      "color" : "#EBEBE4"
    }, {
      "direction" : [ -1.0, 0.0, 0.0 ],
      "color" : "#E4E4EB"
    }, {
      "direction" : [ 0.0, 0.0, -1.0 ],
      "color" : "#1E1E1E"
    } ]
  },
  "camera" : {
    "width" : 141.22748,
    "stereo" : false,
    "lookDirection" : {
      "x" : -0.309017,
      "y" : -0.5,
      "z" : 0.809017
    },
    "upDirection" : {
      "x" : -0.49999997,
      "y" : 0.809017,
      "z" : 0.309017
    },
    "lookAtPoint" : {
      "x" : 0.0,
      "y" : 0.0,
      "z" : 0.0
    },
    "viewDistance" : 313.83878,
    "nearClipDistance" : 0.78459615,
    "farClipDistance" : 627.67896,
    "fieldOfView" : 0.44262895,
    "perspective" : true,
    "position" : {
      "x" : 96.981514,
      "y" : 156.91939,
      "z" : -253.90091
    }
  },
  "embedding" : [ 1.0, 0.0, 0.0, 0.0, 0.0, 1.0, 0.0, 0.0, 0.0, 0.0, 1.0, 0.0, 0.0, 0.0, 0.0, 1.0 ],
  "shapes" : [ {
    "id" : "eb2e6086-5560-48f0-924c-a9c6ca288bd2",
    "vertices" : [ {
      "x" : 1.0,
      "y" : 0.309017,
      "z" : 0.19098301
    }, {
      "x" : 1.0,
      "y" : -0.309017,
      "z" : 0.19098301
    }, {
      "x" : 17.944271,
      "y" : -0.309017,
      "z" : 0.19098301
    }, {
      "x" : 17.944271,
      "y" : 0.309017,
      "z" : 0.19098301
    }, {
      "x" : 17.944271,
      "y" : -0.309017,
      "z" : -0.19098301
    }, {
      "x" : 17.944271,
      "y" : 0.309017,
      "z" : -0.19098301
    }, {
      "x" : 18.562305,
      "y" : 0.0,
      "z" : 0.0
    }, {
      "x" : 0.38196602,
      "y" : 0.0,
      "z" : 0.0
    }, {
      "x" : 1.0,
      "y" : 0.309017,
      "z" : -0.19098301
    }, {
      "x" : 1.0,
      "y" : -0.309017,
      "z" : -0.19098301
    }, {
      "x" : 18.944271,
      "y" : 0.0,
      "z" : 0.0
    } ],
    "faces" : [ {
      "vertices" : [ 1, 9, 4 ]
    }, {
      "vertices" : [ 1, 4, 2 ]
    }, {
      "vertices" : [ 0, 3, 5 ]
    }, {
      "vertices" : [ 0, 5, 8 ]
    }, {
      "vertices" : [ 1, 7, 9 ]
    }, {
      "vertices" : [ 0, 1, 2 ]
    }, {
      "vertices" : [ 0, 2, 3 ]
    }, {
      "vertices" : [ 7, 8, 9 ]
    }, {
      "vertices" : [ 0, 7, 1 ]
    }, {
      "vertices" : [ 4, 9, 8 ]
    }, {
      "vertices" : [ 4, 8, 5 ]
    }, {
      "vertices" : [ 2, 6, 3 ]
    }, {
      "vertices" : [ 2, 4, 6 ]
    }, {
      "vertices" : [ 3, 6, 5 ]
    }, {
      "vertices" : [ 4, 5, 6 ]
    }, {
      "vertices" : [ 0, 8, 7 ]
    } ]
  }, {
    "id" : "9e6ab145-ad93-4209-8e99-2226739985b7",
    "vertices" : [ {
      "x" : 0.309017,
      "y" : -0.309017,
      "z" : -0.309017
    }, {
      "x" : 0.5,
      "y" : 0.0,
      "z" : -0.19098301
    }, {
      "x" : 0.5,
      "y" : 0.0,
      "z" : 0.19098301
    }, {
      "x" : 0.309017,
      "y" : -0.309017,
      "z" : 0.309017
    }, {
      "x" : 0.19098301,
      "y" : -0.5,
      "z" : 0.0
    }, {
      "x" : 0.0,
      "y" : 0.19098301,
      "z" : 0.5
    }, {
      "x" : 0.0,
      "y" : -0.19098301,
      "z" : 0.5
    }, {
      "x" : 0.309017,
      "y" : 0.309017,
      "z" : 0.309017
    }, {
      "x" : -0.309017,
      "y" : -0.309017,
      "z" : 0.309017
    }, {
      "x" : -0.309017,
      "y" : 0.309017,
      "z" : 0.309017
    }, {
      "x" : -0.5,
      "y" : 0.0,
      "z" : 0.19098301
    }, {
      "x" : 0.0,
      "y" : -0.19098301,
      "z" : -0.5
    }, {
      "x" : 0.0,
      "y" : 0.19098301,
      "z" : -0.5
    }, {
      "x" : 0.309017,
      "y" : 0.309017,
      "z" : -0.309017
    }, {
      "x" : -0.309017,
      "y" : -0.309017,
      "z" : -0.309017
    }, {
      "x" : -0.19098301,
      "y" : -0.5,
      "z" : 0.0
    }, {
      "x" : -0.5,
      "y" : 0.0,
      "z" : -0.19098301
    }, {
      "x" : 0.19098301,
      "y" : 0.5,
      "z" : 0.0
    }, {
      "x" : -0.309017,
      "y" : 0.309017,
      "z" : -0.309017
    }, {
      "x" : 0.0,
      "y" : 0.0,
      "z" : 0.0
    }, {
      "x" : -0.19098301,
      "y" : 0.5,
      "z" : 0.0
    } ],
    "faces" : [ {
      "vertices" : [ 12, 18, 20 ]
    }, {
      "vertices" : [ 12, 20, 17 ]
    }, {
      "vertices" : [ 12, 17, 13 ]
    }, {
      "vertices" : [ 3, 6, 8 ]
    }, {
      "vertices" : [ 3, 8, 15 ]
    }, {
      "vertices" : [ 3, 15, 4 ]
    }, {
      "vertices" : [ 0, 11, 12 ]
    }, {
      "vertices" : [ 0, 12, 13 ]
    }, {
      "vertices" : [ 0, 13, 1 ]
    }, {
      "vertices" : [ 5, 9, 10 ]
    }, {
      "vertices" : [ 5, 10, 8 ]
    }, {
      "vertices" : [ 5, 8, 6 ]
    }, {
      "vertices" : [ 2, 7, 5 ]
    }, {
      "vertices" : [ 2, 5, 6 ]
    }, {
      "vertices" : [ 2, 6, 3 ]
    }, {
      "vertices" : [ 11, 14, 16 ]
    }, {
      "vertices" : [ 11, 16, 18 ]
    }, {
      "vertices" : [ 11, 18, 12 ]
    }, {
      "vertices" : [ 1, 13, 17 ]
    }, {
      "vertices" : [ 1, 17, 7 ]
    }, {
      "vertices" : [ 1, 7, 2 ]
    }, {
      "vertices" : [ 9, 20, 18 ]
    }, {
      "vertices" : [ 9, 18, 16 ]
    }, {
      "vertices" : [ 9, 16, 10 ]
    }, {
      "vertices" : [ 0, 1, 2 ]
    }, {
      "vertices" : [ 0, 2, 3 ]
    }, {
      "vertices" : [ 0, 3, 4 ]
    }, {
      "vertices" : [ 5, 7, 17 ]
    }, {
      "vertices" : [ 5, 17, 20 ]
    }, {
      "vertices" : [ 5, 20, 9 ]
    }, {
      "vertices" : [ 0, 4, 15 ]
    }, {
      "vertices" : [ 0, 15, 14 ]
    }, {
      "vertices" : [ 0, 14, 11 ]
    }, {
      "vertices" : [ 8, 10, 16 ]
    }, {
      "vertices" : [ 8, 16, 14 ]
    }, {
      "vertices" : [ 8, 14, 15 ]
    } ]
  }, {
    "id" : "7ea5f87e-692a-4dc6-a03e-396e13594ef2",
    "vertices" : [ {
      "x" : 10.493745,
      "y" : -1.0975877,
      "z" : 14.845058
    }, {
      "x" : 10.593744,
      "y" : -0.69758767,
      "z" : 14.945058
    }, {
      "x" : 0.5964254,
      "y" : 0.097587675,
      "z" : 0.4811798
    }, {
      "x" : 0.49642542,
      "y" : -0.30241233,
      "z" : 0.3811798
    }, {
      "x" : 10.893744,
      "y" : -0.830921,
      "z" : 14.711725
    }, {
      "x" : 10.793744,
      "y" : -1.230921,
      "z" : 14.611725
    }, {
      "x" : 0.19642544,
      "y" : -0.16907899,
      "z" : 0.61451316
    }, {
      "x" : 0.29642543,
      "y" : 0.230921,
      "z" : 0.7145131
    } ],
    "faces" : [ {
      "vertices" : [ 2, 3, 6 ]
    }, {
      "vertices" : [ 2, 6, 7 ]
    }, {
      "vertices" : [ 0, 5, 4 ]
    }, {
      "vertices" : [ 0, 4, 1 ]
    }, {
      "vertices" : [ 2, 4, 5 ]
    }, {
      "vertices" : [ 2, 5, 3 ]
    }, {
      "vertices" : [ 0, 6, 3 ]
    }, {
      "vertices" : [ 0, 3, 5 ]
    }, {
      "vertices" : [ 0, 1, 7 ]
    }, {
      "vertices" : [ 0, 7, 6 ]
    }, {
      "vertices" : [ 1, 4, 2 ]
    }, {
      "vertices" : [ 1, 2, 7 ]
    } ]
  }, {
    "id" : "5e91ddc1-7257-4710-a9c9-1129d7b8621b",
    "vertices" : [ {
      "x" : 1.0,
      "y" : 0.309017,
      "z" : 0.19098301
    }, {
      "x" : 1.0,
      "y" : -0.309017,
      "z" : 0.19098301
    }, {
      "x" : 7.472136,
      "y" : -0.309017,
      "z" : 0.19098301
    }, {
      "x" : 7.472136,
      "y" : 0.309017,
      "z" : 0.19098301
    }, {
      "x" : 7.472136,
      "y" : -0.309017,
      "z" : -0.19098301
    }, {
      "x" : 7.472136,
      "y" : 0.309017,
      "z" : -0.19098301
    }, {
      "x" : 8.09017,
      "y" : 0.0,
      "z" : 0.0
    }, {
      "x" : 0.38196602,
      "y" : 0.0,
      "z" : 0.0
    }, {
      "x" : 1.0,
      "y" : 0.309017,
      "z" : -0.19098301
    }, {
      "x" : 1.0,
      "y" : -0.309017,
      "z" : -0.19098301
    }, {
      "x" : 8.472136,
      "y" : 0.0,
      "z" : 0.0
    } ],
    "faces" : [ {
      "vertices" : [ 1, 9, 4 ]
    }, {
      "vertices" : [ 1, 4, 2 ]
    }, {
      "vertices" : [ 0, 3, 5 ]
    }, {
      "vertices" : [ 0, 5, 8 ]
    }, {
      "vertices" : [ 1, 7, 9 ]
    }, {
      "vertices" : [ 0, 1, 2 ]
    }, {
      "vertices" : [ 0, 2, 3 ]
    }, {
      "vertices" : [ 7, 8, 9 ]
    }, {
      "vertices" : [ 0, 7, 1 ]
    }, {
      "vertices" : [ 4, 9, 8 ]
    }, {
      "vertices" : [ 4, 8, 5 ]
    }, {
      "vertices" : [ 2, 6, 3 ]
    }, {
      "vertices" : [ 2, 4, 6 ]
    }, {
      "vertices" : [ 3, 6, 5 ]
    }, {
      "vertices" : [ 4, 5, 6 ]
    }, {
      "vertices" : [ 0, 8, 7 ]
    } ]
  }, {
    "id" : "c9c18c30-022a-4b51-ba46-d63fdd561ee0",
    "vertices" : [ {
      "x" : 0.9045085,
      "y" : 0.3454915,
      "z" : 0.25
    }, {
      "x" : 14.612713,
      "y" : 8.817628,
      "z" : 0.25
    }, {
      "x" : 14.421729,
      "y" : 9.126644,
      "z" : 0.25
    }, {
      "x" : 0.7135255,
      "y" : 0.6545085,
      "z" : 0.25
    }, {
      "x" : 0.809017,
      "y" : 0.5,
      "z" : -0.309017
    }, {
      "x" : 0.9635255,
      "y" : 0.25,
      "z" : -0.095491506
    }, {
      "x" : 0.309017,
      "y" : 0.19098301,
      "z" : 0.0
    }, {
      "x" : 15.0172205,
      "y" : 9.281153,
      "z" : 0.0
    }, {
      "x" : 14.362713,
      "y" : 9.222136,
      "z" : -0.095491506
    }, {
      "x" : 14.5172205,
      "y" : 8.972136,
      "z" : -0.309017
    }, {
      "x" : 15.326238,
      "y" : 9.472136,
      "z" : 0.0
    }, {
      "x" : 0.6545085,
      "y" : 0.75,
      "z" : -0.095491506
    }, {
      "x" : 14.671729,
      "y" : 8.722136,
      "z" : -0.095491506
    } ],
    "faces" : [ {
      "vertices" : [ 4, 11, 8 ]
    }, {
      "vertices" : [ 4, 8, 9 ]
    }, {
      "vertices" : [ 0, 1, 2 ]
    }, {
      "vertices" : [ 0, 2, 3 ]
    }, {
      "vertices" : [ 0, 3, 6 ]
    }, {
      "vertices" : [ 1, 7, 2 ]
    }, {
      "vertices" : [ 0, 6, 5 ]
    }, {
      "vertices" : [ 4, 5, 6 ]
    }, {
      "vertices" : [ 2, 7, 8 ]
    }, {
      "vertices" : [ 0, 5, 12 ]
    }, {
      "vertices" : [ 0, 12, 1 ]
    }, {
      "vertices" : [ 1, 12, 7 ]
    }, {
      "vertices" : [ 3, 11, 6 ]
    }, {
      "vertices" : [ 4, 6, 11 ]
    }, {
      "vertices" : [ 7, 9, 8 ]
    }, {
      "vertices" : [ 2, 8, 11 ]
    }, {
      "vertices" : [ 2, 11, 3 ]
    }, {
      "vertices" : [ 7, 12, 9 ]
    }, {
      "vertices" : [ 4, 9, 12 ]
    }, {
      "vertices" : [ 4, 12, 5 ]
    } ]
  }, {
    "id" : "d23ada2e-8bd2-4d17-a3b8-bd2c2612e4fa",
    "vertices" : [ {
      "x" : -11.09017,
      "y" : 35.888542,
      "z" : 17.944271
    }, {
      "x" : -15.326238,
      "y" : 29.034441,
      "z" : 6.854102
    }, {
      "x" : -9.472136,
      "y" : 24.798374,
      "z" : 0.0
    }, {
      "x" : -4.236068,
      "y" : 33.27051,
      "z" : 13.708204
    } ],
    "faces" : [ {
      "vertices" : [ 0, 1, 2 ]
    }, {
      "vertices" : [ 0, 2, 3 ]
    }, {
      "vertices" : [ 0, 3, 2 ]
    }, {
      "vertices" : [ 0, 2, 1 ]
    } ]
  }, {
    "id" : "b9822483-91e1-4826-bf63-01589600edb9",
    "vertices" : [ {
      "x" : 1.0,
      "y" : 0.309017,
      "z" : 0.19098301
    }, {
      "x" : 1.0,
      "y" : -0.309017,
      "z" : 0.19098301
    }, {
      "x" : 15.944272,
      "y" : -0.309017,
      "z" : 0.19098301
    }, {
      "x" : 15.944272,
      "y" : 0.309017,
      "z" : 0.19098301
    }, {
      "x" : 15.944272,
      "y" : -0.309017,
      "z" : -0.19098301
    }, {
      "x" : 15.944272,
      "y" : 0.309017,
      "z" : -0.19098301
    }, {
      "x" : 16.562305,
      "y" : 0.0,
      "z" : 0.0
    }, {
      "x" : 0.38196602,
      "y" : 0.0,
      "z" : 0.0
    }, {
      "x" : 1.0,
      "y" : 0.309017,
      "z" : -0.19098301
    }, {
      "x" : 1.0,
      "y" : -0.309017,
      "z" : -0.19098301
    }, {
      "x" : 16.944271,
      "y" : 0.0,
      "z" : 0.0
    } ],
    "faces" : [ {
      "vertices" : [ 1, 9, 4 ]
    }, {
      "vertices" : [ 1, 4, 2 ]
    }, {
      "vertices" : [ 0, 3, 5 ]
    }, {
      "vertices" : [ 0, 5, 8 ]
    }, {
      "vertices" : [ 1, 7, 9 ]
    }, {
      "vertices" : [ 0, 1, 2 ]
    }, {
      "vertices" : [ 0, 2, 3 ]
    }, {
      "vertices" : [ 7, 8, 9 ]
    }, {
      "vertices" : [ 0, 7, 1 ]
    }, {
      "vertices" : [ 4, 9, 8 ]
    }, {
      "vertices" : [ 4, 8, 5 ]
    }, {
      "vertices" : [ 2, 6, 3 ]
    }, {
      "vertices" : [ 2, 4, 6 ]
    }, {
      "vertices" : [ 3, 6, 5 ]
    }, {
      "vertices" : [ 4, 5, 6 ]
    }, {
      "vertices" : [ 0, 8, 7 ]
    } ]
  }, {
    "id" : "7380dfeb-4c41-4007-a69e-0edf8ecfb3f2",
    "vertices" : [ {
      "x" : -29.034441,
      "y" : 20.562305,
      "z" : 6.854102
    }, {
      "x" : -26.416409,
      "y" : 16.326239,
      "z" : 0.0
    }, {
      "x" : -26.416409,
      "y" : 24.798374,
      "z" : 0.0
    }, {
      "x" : -29.034441,
      "y" : 29.034441,
      "z" : 6.854102
    } ],
    "faces" : [ {
      "vertices" : [ 0, 1, 2 ]
    }, {
      "vertices" : [ 0, 2, 3 ]
    }, {
      "vertices" : [ 0, 3, 2 ]
    }, {
      "vertices" : [ 0, 2, 1 ]
    } ]
  }, {
    "id" : "dfb97fc2-a3ba-487d-ac07-374ddb02d867",
    "vertices" : [ {
      "x" : -29.034441,
      "y" : 29.034441,
      "z" : 6.854102
    }, {
      "x" : -26.416409,
      "y" : 24.798374,
      "z" : 0.0
    }, {
      "x" : -9.472136,
      "y" : 24.798374,
      "z" : 0.0
    }, {
      "x" : -15.326238,
      "y" : 29.034441,
      "z" : 6.854102
    } ],
    "faces" : [ {
      "vertices" : [ 0, 1, 2 ]
    }, {
      "vertices" : [ 0, 2, 3 ]
    }, {
      "vertices" : [ 0, 3, 2 ]
    }, {
      "vertices" : [ 0, 2, 1 ]
    } ]
  }, {
    "id" : "b1389a5f-cd80-47bb-8de3-3c67a6102107",
    "vertices" : [ {
      "x" : -29.034441,
      "y" : 29.034441,
      "z" : 6.854102
    }, {
      "x" : -15.326238,
      "y" : 29.034441,
      "z" : 6.854102
    }, {
      "x" : -17.944271,
      "y" : 24.798374,
      "z" : 13.708204
    } ],
    "faces" : [ {
      "vertices" : [ 0, 1, 2 ]
    }, {
      "vertices" : [ 0, 2, 1 ]
    } ]
  }, {
    "id" : "49f11958-7d84-4baa-bf91-d527572da2e1",
    "vertices" : [ {
      "x" : -29.034441,
      "y" : 29.034441,
      "z" : 6.854102
    }, {
      "x" : -17.944271,
      "y" : 24.798374,
      "z" : 13.708204
    }, {
      "x" : -15.326238,
      "y" : 15.326238,
      "z" : 15.326238
    }, {
      "x" : -29.034441,
      "y" : 20.562305,
      "z" : 6.854102
    } ],
    "faces" : [ {
      "vertices" : [ 0, 1, 2 ]
    }, {
      "vertices" : [ 0, 2, 3 ]
    }, {
      "vertices" : [ 0, 3, 2 ]
    }, {
      "vertices" : [ 0, 2, 1 ]
    } ]
  }, {
    "id" : "4ec50ee3-799d-4aec-b239-5c9808ef8cec",
    "vertices" : [ {
      "x" : 1.0,
      "y" : 0.309017,
      "z" : 0.19098301
    }, {
      "x" : 1.0,
      "y" : -0.309017,
      "z" : 0.19098301
    }, {
      "x" : 12.708204,
      "y" : -0.309017,
      "z" : 0.19098301
    }, {
      "x" : 12.708204,
      "y" : 0.309017,
      "z" : 0.19098301
    }, {
      "x" : 12.708204,
      "y" : -0.309017,
      "z" : -0.19098301
    }, {
      "x" : 12.708204,
      "y" : 0.309017,
      "z" : -0.19098301
    }, {
      "x" : 13.326238,
      "y" : 0.0,
      "z" : 0.0
    }, {
      "x" : 0.38196602,
      "y" : 0.0,
      "z" : 0.0
    }, {
      "x" : 1.0,
      "y" : 0.309017,
      "z" : -0.19098301
    }, {
      "x" : 1.0,
      "y" : -0.309017,
      "z" : -0.19098301
    }, {
      "x" : 13.708204,
      "y" : 0.0,
      "z" : 0.0
    } ],
    "faces" : [ {
      "vertices" : [ 1, 9, 4 ]
    }, {
      "vertices" : [ 1, 4, 2 ]
    }, {
      "vertices" : [ 0, 3, 5 ]
    }, {
      "vertices" : [ 0, 5, 8 ]
    }, {
      "vertices" : [ 1, 7, 9 ]
    }, {
      "vertices" : [ 0, 1, 2 ]
    }, {
      "vertices" : [ 0, 2, 3 ]
    }, {
      "vertices" : [ 7, 8, 9 ]
    }, {
      "vertices" : [ 0, 7, 1 ]
    }, {
      "vertices" : [ 4, 9, 8 ]
    }, {
      "vertices" : [ 4, 8, 5 ]
    }, {
      "vertices" : [ 2, 6, 3 ]
    }, {
      "vertices" : [ 2, 4, 6 ]
    }, {
      "vertices" : [ 3, 6, 5 ]
    }, {
      "vertices" : [ 4, 5, 6 ]
    }, {
      "vertices" : [ 0, 8, 7 ]
    } ]
  }, {
    "id" : "06493977-0842-4615-ad20-9da0af7bebd8",
    "vertices" : [ {
      "x" : -4.236068,
      "y" : 33.27051,
      "z" : 13.708204
    }, {
      "x" : 0.0,
      "y" : 26.416409,
      "z" : 16.326239
    }, {
      "x" : -6.854102,
      "y" : 29.034441,
      "z" : 20.562305
    }, {
      "x" : -11.09017,
      "y" : 35.888542,
      "z" : 17.944271
    } ],
    "faces" : [ {
      "vertices" : [ 0, 1, 2 ]
    }, {
      "vertices" : [ 0, 2, 3 ]
    }, {
      "vertices" : [ 0, 3, 2 ]
    }, {
      "vertices" : [ 0, 2, 1 ]
    } ]
  }, {
    "id" : "23a315ef-7906-4a59-bf9e-a1678ea20b4c",
    "vertices" : [ {
      "x" : -11.09017,
      "y" : 35.888542,
      "z" : 17.944271
    }, {
      "x" : -17.944271,
      "y" : 24.798374,
      "z" : 13.708204
    }, {
      "x" : -15.326238,
      "y" : 29.034441,
      "z" : 6.854102
    } ],
    "faces" : [ {
      "vertices" : [ 0, 1, 2 ]
    }, {
      "vertices" : [ 0, 2, 1 ]
    } ]
  }, {
    "id" : "fe92e2f5-3e99-4d34-84ba-1b88498fa1b9",
    "vertices" : [ {
      "x" : -24.798374,
      "y" : 15.326238,
      "z" : 0.0
    }, {
      "x" : -26.416409,
      "y" : 16.326239,
      "z" : 0.0
    }, {
      "x" : -26.416409,
      "y" : 24.798374,
      "z" : 0.0
    }, {
      "x" : -9.472136,
      "y" : 24.798374,
      "z" : 0.0
    } ],
    "faces" : [ {
      "vertices" : [ 0, 1, 2 ]
    }, {
      "vertices" : [ 0, 2, 3 ]
    }, {
      "vertices" : [ 0, 3, 2 ]
    }, {
      "vertices" : [ 0, 2, 1 ]
    } ]
  }, {
    "id" : "454d9d3d-3b89-411b-9e18-e37b04887875",
    "vertices" : [ {
      "x" : -9.472136,
      "y" : 24.798374,
      "z" : 0.0
    }, {
      "x" : -4.236068,
      "y" : 33.27051,
      "z" : 13.708204
    }, {
      "x" : 0.0,
      "y" : 26.416409,
      "z" : 16.326239
    }, {
      "x" : 0.0,
      "y" : 24.798374,
      "z" : 15.326238
    } ],
    "faces" : [ {
      "vertices" : [ 0, 1, 2 ]
    }, {
      "vertices" : [ 0, 2, 3 ]
    }, {
      "vertices" : [ 0, 3, 2 ]
    }, {
      "vertices" : [ 0, 2, 1 ]
    } ]
  }, {
    "id" : "0d9cae39-9dd7-4985-94d9-23bb2cbdc28c",
    "vertices" : [ {
      "x" : 0.0,
      "y" : 24.798374,
      "z" : 15.326238
    }, {
      "x" : 0.0,
      "y" : 26.416409,
      "z" : 16.326239
    }, {
      "x" : -6.854102,
      "y" : 29.034441,
      "z" : 20.562305
    }, {
      "x" : -15.326238,
      "y" : 15.326238,
      "z" : 15.326238
    } ],
    "faces" : [ {
      "vertices" : [ 0, 1, 2 ]
    }, {
      "vertices" : [ 0, 2, 3 ]
    }, {
      "vertices" : [ 0, 3, 2 ]
    }, {
      "vertices" : [ 0, 2, 1 ]
    } ]
  }, {
    "id" : "4df2f446-c07a-444b-a515-7c58e4185079",
    "vertices" : [ {
      "x" : -15.326238,
      "y" : 15.326238,
      "z" : 15.326238
    }, {
      "x" : -29.034441,
      "y" : 20.562305,
      "z" : 6.854102
    }, {
      "x" : -26.416409,
      "y" : 16.326239,
      "z" : 0.0
    }, {
      "x" : -24.798374,
      "y" : 15.326238,
      "z" : 0.0
    } ],
    "faces" : [ {
      "vertices" : [ 0, 1, 2 ]
    }, {
      "vertices" : [ 0, 2, 3 ]
    }, {
      "vertices" : [ 0, 3, 2 ]
    }, {
      "vertices" : [ 0, 2, 1 ]
    } ]
  }, {
    "id" : "42cb80b9-7b78-4e5a-a013-f7522a8ef5d1",
    "vertices" : [ {
      "x" : -11.09017,
      "y" : 35.888542,
      "z" : 17.944271
    }, {
      "x" : -6.854102,
      "y" : 29.034441,
      "z" : 20.562305
    }, {
      "x" : -15.326238,
      "y" : 15.326238,
      "z" : 15.326238
    }, {
      "x" : -17.944271,
      "y" : 24.798374,
      "z" : 13.708204
    } ],
    "faces" : [ {
      "vertices" : [ 0, 1, 2 ]
    }, {
      "vertices" : [ 0, 2, 3 ]
    }, {
      "vertices" : [ 0, 3, 2 ]
    }, {
      "vertices" : [ 0, 2, 1 ]
    } ]
  } ],
  "instances" : [ {
    "shape" : "eb2e6086-5560-48f0-924c-a9c6ca288bd2",
    "color" : "#007695",
    "position" : {
      "x" : 0.0,
      "y" : -9.472136,
      "z" : 24.798374
    },
    "orientation" : 26
  }, {
    "shape" : "9e6ab145-ad93-4209-8e99-2226739985b7",
    "color" : "#FFFFFF",
    "position" : {
      "x" : 11.09017,
      "y" : -11.09017,
      "z" : -11.09017
    }
  }, {
    "shape" : "7ea5f87e-692a-4dc6-a03e-396e13594ef2",
    "color" : "#B8860B",
    "position" : {
      "x" : -16.326239,
      "y" : 0.0,
      "z" : -26.416409
    },
    "orientation" : 12
  }, {
    "shape" : "9e6ab145-ad93-4209-8e99-2226739985b7",
    "color" : "#FFFFFF",
    "position" : {
      "x" : -15.326238,
      "y" : 29.034441,
      "z" : 6.854102
    }
  }, {
    "shape" : "7ea5f87e-692a-4dc6-a03e-396e13594ef2",
    "color" : "#B8860B",
    "position" : {
      "x" : 0.0,
      "y" : -26.416409,
      "z" : -16.326239
    },
    "orientation" : 35
  }, {
    "shape" : "9e6ab145-ad93-4209-8e99-2226739985b7",
    "color" : "#FFFFFF",
    "position" : {
      "x" : -29.034441,
      "y" : 29.034441,
      "z" : 6.854102
    }
  }, {
    "shape" : "5e91ddc1-7257-4710-a9c9-1129d7b8621b",
    "color" : "#007695",
    "position" : {
      "x" : -6.854102,
      "y" : 29.034441,
      "z" : 20.562305
    },
    "orientation" : 54
  }, {
    "shape" : "7ea5f87e-692a-4dc6-a03e-396e13594ef2",
    "color" : "#B8860B",
    "position" : {
      "x" : 0.0,
      "y" : -26.416409,
      "z" : -16.326239
    },
    "orientation" : 14
  }, {
    "shape" : "7ea5f87e-692a-4dc6-a03e-396e13594ef2",
    "color" : "#B8860B",
    "position" : {
      "x" : 0.0,
      "y" : -26.416409,
      "z" : -16.326239
    },
    "orientation" : 46
  }, {
    "shape" : "c9c18c30-022a-4b51-ba46-d63fdd561ee0",
    "color" : "#AF0000",
    "position" : {
      "x" : 15.326238,
      "y" : 15.326238,
      "z" : -15.326238
    },
    "orientation" : 45
  }, {
    "shape" : "7ea5f87e-692a-4dc6-a03e-396e13594ef2",
    "color" : "#B8860B",
    "position" : {
      "x" : 26.416409,
      "y" : 16.326239,
      "z" : 0.0
    },
    "orientation" : 53
  }, {
    "shape" : "d23ada2e-8bd2-4d17-a3b8-bd2c2612e4fa",
    "color" : "#D77F7F",
    "position" : {
      "x" : 0.0,
      "y" : 0.0,
      "z" : 0.0
    }
  }, {
    "shape" : "c9c18c30-022a-4b51-ba46-d63fdd561ee0",
    "color" : "#AF0000",
    "position" : {
      "x" : 9.472136,
      "y" : -24.798374,
      "z" : 0.0
    },
    "orientation" : 47
  }, {
    "shape" : "b9822483-91e1-4826-bf63-01589600edb9",
    "color" : "#007695",
    "position" : {
      "x" : -29.034441,
      "y" : 20.562305,
      "z" : 6.854102
    },
    "orientation" : 8
  }, {
    "shape" : "eb2e6086-5560-48f0-924c-a9c6ca288bd2",
    "color" : "#007695",
    "position" : {
      "x" : 0.0,
      "y" : 9.472136,
      "z" : 24.798374
    },
    "orientation" : 56
  }, {
    "shape" : "7ea5f87e-692a-4dc6-a03e-396e13594ef2",
    "color" : "#B8860B",
    "position" : {
      "x" : 26.416409,
      "y" : 16.326239,
      "z" : 0.0
    },
    "orientation" : 45
  }, {
    "shape" : "9e6ab145-ad93-4209-8e99-2226739985b7",
    "color" : "#FFFFFF",
    "position" : {
      "x" : -29.034441,
      "y" : 20.562305,
      "z" : 6.854102
    }
  }, {
    "shape" : "7380dfeb-4c41-4007-a69e-0edf8ecfb3f2",
    "color" : "#F7CF7F",
    "position" : {
      "x" : 0.0,
      "y" : 0.0,
      "z" : 0.0
    }
  }, {
    "shape" : "c9c18c30-022a-4b51-ba46-d63fdd561ee0",
    "color" : "#AF0000",
    "position" : {
      "x" : -9.472136,
      "y" : -24.798374,
      "z" : 0.0
    },
    "orientation" : 17
  }, {
    "shape" : "7ea5f87e-692a-4dc6-a03e-396e13594ef2",
    "color" : "#B8860B",
    "position" : {
      "x" : -26.416409,
      "y" : -16.326239,
      "z" : 0.0
    },
    "orientation" : 15
  }, {
    "shape" : "7ea5f87e-692a-4dc6-a03e-396e13594ef2",
    "color" : "#B8860B",
    "position" : {
      "x" : -16.326239,
      "y" : 0.0,
      "z" : 26.416409
    },
    "orientation" : 3
  }, {
    "shape" : "5e91ddc1-7257-4710-a9c9-1129d7b8621b",
    "color" : "#007695",
    "position" : {
      "x" : -6.854102,
      "y" : 29.034441,
      "z" : 20.562305
    },
    "orientation" : 26
  }, {
    "shape" : "9e6ab145-ad93-4209-8e99-2226739985b7",
    "color" : "#FFFFFF",
    "position" : {
      "x" : -64.92299,
      "y" : 64.92299,
      "z" : 64.92299
    }
  }, {
    "shape" : "7ea5f87e-692a-4dc6-a03e-396e13594ef2",
    "color" : "#B8860B",
    "position" : {
      "x" : 16.326239,
      "y" : 0.0,
      "z" : -26.416409
    },
    "orientation" : 40
  }, {
    "shape" : "9e6ab145-ad93-4209-8e99-2226739985b7",
    "color" : "#FFFFFF",
    "position" : {
      "x" : 0.0,
      "y" : 26.416409,
      "z" : 16.326239
    }
  }, {
    "shape" : "c9c18c30-022a-4b51-ba46-d63fdd561ee0",
    "color" : "#AF0000",
    "position" : {
      "x" : 24.798374,
      "y" : 0.0,
      "z" : -9.472136
    },
    "orientation" : 1
  }, {
    "shape" : "c9c18c30-022a-4b51-ba46-d63fdd561ee0",
    "color" : "#AF0000",
    "position" : {
      "x" : 15.326238,
      "y" : 15.326238,
      "z" : 15.326238
    },
    "orientation" : 17
  }, {
    "shape" : "eb2e6086-5560-48f0-924c-a9c6ca288bd2",
    "color" : "#007695",
    "position" : {
      "x" : 15.326238,
      "y" : 15.326238,
      "z" : 15.326238
    },
    "orientation" : 41
  }, {
    "shape" : "7ea5f87e-692a-4dc6-a03e-396e13594ef2",
    "color" : "#B8860B",
    "position" : {
      "x" : 16.326239,
      "y" : 0.0,
      "z" : -26.416409
    },
    "orientation" : 48
  }, {
    "shape" : "c9c18c30-022a-4b51-ba46-d63fdd561ee0",
    "color" : "#AF0000",
    "position" : {
      "x" : 15.326238,
      "y" : -15.326238,
      "z" : 15.326238
    },
    "orientation" : 30
  }, {
    "shape" : "c9c18c30-022a-4b51-ba46-d63fdd561ee0",
    "color" : "#AF0000",
    "position" : {
      "x" : 0.0,
      "y" : 9.472136,
      "z" : 24.798374
    },
    "orientation" : 15
  }, {
    "shape" : "9e6ab145-ad93-4209-8e99-2226739985b7",
    "color" : "#FFFFFF",
    "position" : {
      "x" : 26.416409,
      "y" : 16.326239,
      "z" : 0.0
    }
  }, {
    "shape" : "9e6ab145-ad93-4209-8e99-2226739985b7",
    "color" : "#FFFFFF",
    "position" : {
      "x" : 11.09017,
      "y" : 11.09017,
      "z" : 11.09017
    }
  }, {
    "shape" : "c9c18c30-022a-4b51-ba46-d63fdd561ee0",
    "color" : "#AF0000",
    "position" : {
      "x" : -24.798374,
      "y" : 0.0,
      "z" : 9.472136
    },
    "orientation" : 2
  }, {
    "shape" : "eb2e6086-5560-48f0-924c-a9c6ca288bd2",
    "color" : "#007695",
    "position" : {
      "x" : 15.326238,
      "y" : -15.326238,
      "z" : -15.326238
    },
    "orientation" : 56
  }, {
    "shape" : "eb2e6086-5560-48f0-924c-a9c6ca288bd2",
    "color" : "#007695",
    "position" : {
      "x" : -24.798374,
      "y" : 0.0,
      "z" : 9.472136
    },
    "orientation" : 21
  }, {
    "shape" : "5e91ddc1-7257-4710-a9c9-1129d7b8621b",
    "color" : "#007695",
    "position" : {
      "x" : -15.326238,
      "y" : 29.034441,
      "z" : 6.854102
    },
    "orientation" : 40
  }, {
    "shape" : "7ea5f87e-692a-4dc6-a03e-396e13594ef2",
    "color" : "#B8860B",
    "position" : {
      "x" : 16.326239,
      "y" : 0.0,
      "z" : -26.416409
    },
    "orientation" : 7
  }, {
    "shape" : "9e6ab145-ad93-4209-8e99-2226739985b7",
    "color" : "#FFFFFF",
    "position" : {
      "x" : -9.472136,
      "y" : 24.798374,
      "z" : 0.0
    }
  }, {
    "shape" : "7ea5f87e-692a-4dc6-a03e-396e13594ef2",
    "color" : "#B8860B",
    "position" : {
      "x" : 0.0,
      "y" : -26.416409,
      "z" : 16.326239
    },
    "orientation" : 1
  }, {
    "shape" : "7ea5f87e-692a-4dc6-a03e-396e13594ef2",
    "color" : "#B8860B",
    "position" : {
      "x" : 16.326239,
      "y" : 0.0,
      "z" : -26.416409
    },
    "orientation" : 42
  }, {
    "shape" : "dfb97fc2-a3ba-487d-ac07-374ddb02d867",
    "color" : "#D77F7F",
    "position" : {
      "x" : 0.0,
      "y" : 0.0,
      "z" : 0.0
    }
  }, {
    "shape" : "7ea5f87e-692a-4dc6-a03e-396e13594ef2",
    "color" : "#B8860B",
    "position" : {
      "x" : -26.416409,
      "y" : 16.326239,
      "z" : 0.0
    },
    "orientation" : 0
  }, {
    "shape" : "c9c18c30-022a-4b51-ba46-d63fdd561ee0",
    "color" : "#AF0000",
    "position" : {
      "x" : 15.326238,
      "y" : 15.326238,
      "z" : -15.326238
    },
    "orientation" : 16
  }, {
    "shape" : "7ea5f87e-692a-4dc6-a03e-396e13594ef2",
    "color" : "#B8860B",
    "position" : {
      "x" : -26.416409,
      "y" : 16.326239,
      "z" : 0.0
    },
    "orientation" : 26
  }, {
    "shape" : "7ea5f87e-692a-4dc6-a03e-396e13594ef2",
    "color" : "#B8860B",
    "position" : {
      "x" : 26.416409,
      "y" : -16.326239,
      "z" : 0.0
    },
    "orientation" : 30
  }, {
    "shape" : "7ea5f87e-692a-4dc6-a03e-396e13594ef2",
    "color" : "#B8860B",
    "position" : {
      "x" : 0.0,
      "y" : 26.416409,
      "z" : -16.326239
    },
    "orientation" : 44
  }, {
    "shape" : "9e6ab145-ad93-4209-8e99-2226739985b7",
    "color" : "#FFFFFF",
    "position" : {
      "x" : -26.416409,
      "y" : 24.798374,
      "z" : 0.0
    }
  }, {
    "shape" : "9e6ab145-ad93-4209-8e99-2226739985b7",
    "color" : "#FFFFFF",
    "position" : {
      "x" : 0.0,
      "y" : -9.472136,
      "z" : 24.798374
    }
  }, {
    "shape" : "b1389a5f-cd80-47bb-8de3-3c67a6102107",
    "color" : "#D77F7F",
    "position" : {
      "x" : 0.0,
      "y" : 0.0,
      "z" : 0.0
    }
  }, {
    "shape" : "9e6ab145-ad93-4209-8e99-2226739985b7",
    "color" : "#FFFFFF",
    "position" : {
      "x" : 9.472136,
      "y" : 24.798374,
      "z" : 0.0
    }
  }, {
    "shape" : "5e91ddc1-7257-4710-a9c9-1129d7b8621b",
    "color" : "#007695",
    "position" : {
      "x" : -29.034441,
      "y" : 20.562305,
      "z" : 6.854102
    },
    "orientation" : 25
  }, {
    "shape" : "c9c18c30-022a-4b51-ba46-d63fdd561ee0",
    "color" : "#AF0000",
    "position" : {
      "x" : 15.326238,
      "y" : 15.326238,
      "z" : 15.326238
    },
    "orientation" : 31
  }, {
    "shape" : "eb2e6086-5560-48f0-924c-a9c6ca288bd2",
    "color" : "#007695",
    "position" : {
      "x" : 15.326238,
      "y" : 15.326238,
      "z" : -15.326238
    },
    "orientation" : 7
  }, {
    "shape" : "7ea5f87e-692a-4dc6-a03e-396e13594ef2",
    "color" : "#B8860B",
    "position" : {
      "x" : -16.326239,
      "y" : 0.0,
      "z" : 26.416409
    },
    "orientation" : 47
  }, {
    "shape" : "c9c18c30-022a-4b51-ba46-d63fdd561ee0",
    "color" : "#AF0000",
    "position" : {
      "x" : -15.326238,
      "y" : -15.326238,
      "z" : 15.326238
    },
    "orientation" : 15
  }, {
    "shape" : "9e6ab145-ad93-4209-8e99-2226739985b7",
    "color" : "#FFFFFF",
    "position" : {
      "x" : -11.09017,
      "y" : 35.888542,
      "z" : 17.944271
    }
  }, {
    "shape" : "c9c18c30-022a-4b51-ba46-d63fdd561ee0",
    "color" : "#AF0000",
    "position" : {
      "x" : 15.326238,
      "y" : 15.326238,
      "z" : -15.326238
    },
    "orientation" : 2
  }, {
    "shape" : "9e6ab145-ad93-4209-8e99-2226739985b7",
    "color" : "#FFFFFF",
    "position" : {
      "x" : 11.09017,
      "y" : -11.09017,
      "z" : 11.09017
    }
  }, {
    "shape" : "49f11958-7d84-4baa-bf91-d527572da2e1",
    "color" : "#D77F7F",
    "position" : {
      "x" : 0.0,
      "y" : 0.0,
      "z" : 0.0
    }
  }, {
    "shape" : "eb2e6086-5560-48f0-924c-a9c6ca288bd2",
    "color" : "#007695",
    "position" : {
      "x" : -15.326238,
      "y" : 15.326238,
      "z" : -15.326238
    },
    "orientation" : 10
  }, {
    "shape" : "7ea5f87e-692a-4dc6-a03e-396e13594ef2",
    "color" : "#B8860B",
    "position" : {
      "x" : 0.0,
      "y" : 26.416409,
      "z" : -16.326239
    },
    "orientation" : 5
  }, {
    "shape" : "eb2e6086-5560-48f0-924c-a9c6ca288bd2",
    "color" : "#007695",
    "position" : {
      "x" : -15.326238,
      "y" : -15.326238,
      "z" : 15.326238
    },
    "orientation" : 25
  }, {
    "shape" : "7ea5f87e-692a-4dc6-a03e-396e13594ef2",
    "color" : "#B8860B",
    "position" : {
      "x" : -26.416409,
      "y" : -16.326239,
      "z" : 0.0
    },
    "orientation" : 11
  }, {
    "shape" : "eb2e6086-5560-48f0-924c-a9c6ca288bd2",
    "color" : "#007695",
    "position" : {
      "x" : 0.0,
      "y" : -9.472136,
      "z" : 24.798374
    },
    "orientation" : 53
  }, {
    "shape" : "7ea5f87e-692a-4dc6-a03e-396e13594ef2",
    "color" : "#B8860B",
    "position" : {
      "x" : 26.416409,
      "y" : -16.326239,
      "z" : 0.0
    },
    "orientation" : 58
  }, {
    "shape" : "c9c18c30-022a-4b51-ba46-d63fdd561ee0",
    "color" : "#AF0000",
    "position" : {
      "x" : 0.0,
      "y" : 9.472136,
      "z" : 24.798374
    },
    "orientation" : 46
  }, {
    "shape" : "7ea5f87e-692a-4dc6-a03e-396e13594ef2",
    "color" : "#B8860B",
    "position" : {
      "x" : -26.416409,
      "y" : 16.326239,
      "z" : 0.0
    },
    "orientation" : 28
  }, {
    "shape" : "c9c18c30-022a-4b51-ba46-d63fdd561ee0",
    "color" : "#AF0000",
    "position" : {
      "x" : -24.798374,
      "y" : 0.0,
      "z" : -9.472136
    },
    "orientation" : 17
  }, {
    "shape" : "c9c18c30-022a-4b51-ba46-d63fdd561ee0",
    "color" : "#AF0000",
    "position" : {
      "x" : 0.0,
      "y" : 9.472136,
      "z" : -24.798374
    },
    "orientation" : 30
  }, {
    "shape" : "4ec50ee3-799d-4aec-b239-5c9808ef8cec",
    "color" : "#007695",
