{
  "polygons" : "true",
  "field" : "golden",
  "symmetry" : "icosahedral",
  "orientations" : [ [ 1.0, 0.0, 0.0, 0.0, 0.0, 1.0, 0.0, 0.0, 0.0, 0.0, 1.0, 0.0, 0.0, 0.0, 0.0, 1.0 ], [ 0.0, 0.0, 1.0, 0.0, 1.0, 0.0, 0.0, 0.0, 0.0, 1.0, 0.0, 0.0, 0.0, 0.0, 0.0, 1.0 ], [ 0.0, 1.0, 0.0, 0.0, 0.0, 0.0, 1.0, 0.0, 1.0, 0.0, 0.0, 0.0, 0.0, 0.0, 0.0, 1.0 ], [ 0.809017, 0.309017, 0.5, 0.0, 0.309017, 0.5, -0.809017, 0.0, -0.5, 0.809017, 0.309017, 0.0, 0.0, 0.0, 0.0, 1.0 ], [ -0.5, 0.809017, 0.309017, 0.0, 0.809017, 0.309017, 0.5, 0.0, 0.309017, 0.5, -0.809017, 0.0, 0.0, 0.0, 0.0, 1.0 ], [ 0.309017, 0.5, -0.809017, 0.0, -0.5, 0.809017, 0.309017, 0.0, 0.809017, 0.309017, 0.5, 0.0, 0.0, 0.0, 0.0, 1.0 ], [ 0.5, 0.809017, 0.309017, 0.0, 0.809017, -0.309017, -0.5, 0.0, -0.309017, 0.5, -0.809017, 0.0, 0.0, 0.0, 0.0, 1.0 ], [ -0.309017, 0.5, -0.809017, 0.0, 0.5, 0.809017, 0.309017, 0.0, 0.809017, -0.309017, -0.5, 0.0, 0.0, 0.0, 0.0, 1.0 ], [ 0.809017, -0.309017, -0.5, 0.0, -0.309017, 0.5, -0.809017, 0.0, 0.5, 0.809017, 0.309017, 0.0, 0.0, 0.0, 0.0, 1.0 ], [ 0.5, 0.809017, -0.309017, 0.0, 0.809017, -0.309017, 0.5, 0.0, 0.309017, -0.5, -0.809017, 0.0, 0.0, 0.0, 0.0, 1.0 ], [ 0.309017, -0.5, -0.809017, 0.0, 0.5, 0.809017, -0.309017, 0.0, 0.809017, -0.309017, 0.5, 0.0, 0.0, 0.0, 0.0, 1.0 ], [ 0.809017, -0.309017, 0.5, 0.0, 0.309017, -0.5, -0.809017, 0.0, 0.5, 0.809017, -0.309017, 0.0, 0.0, 0.0, 0.0, 1.0 ], [ 0.809017, 0.309017, -0.5, 0.0, 0.309017, 0.5, 0.809017, 0.0, 0.5, -0.809017, 0.309017, 0.0, 0.0, 0.0, 0.0, 1.0 ], [ 0.5, -0.809017, 0.309017, 0.0, 0.809017, 0.309017, -0.5, 0.0, 0.309017, 0.5, 0.809017, 0.0, 0.0, 0.0, 0.0, 1.0 ], [ 0.309017, 0.5, 0.809017, 0.0, 0.5, -0.809017, 0.309017, 0.0, 0.809017, 0.309017, -0.5, 0.0, 0.0, 0.0, 0.0, 1.0 ], [ 1.0, 0.0, 0.0, 0.0, 0.0, -1.0, 0.0, 0.0, 0.0, 0.0, -1.0, 0.0, 0.0, 0.0, 0.0, 1.0 ], [ 0.0, 0.0, 1.0, 0.0, -1.0, 0.0, 0.0, 0.0, 0.0, -1.0, 0.0, 0.0, 0.0, 0.0, 0.0, 1.0 ], [ 0.0, 1.0, 0.0, 0.0, 0.0, 0.0, -1.0, 0.0, -1.0, 0.0, 0.0, 0.0, 0.0, 0.0, 0.0, 1.0 ], [ 0.809017, 0.309017, 0.5, 0.0, -0.309017, -0.5, 0.809017, 0.0, 0.5, -0.809017, -0.309017, 0.0, 0.0, 0.0, 0.0, 1.0 ], [ -0.5, 0.809017, 0.309017, 0.0, -0.809017, -0.309017, -0.5, 0.0, -0.309017, -0.5, 0.809017, 0.0, 0.0, 0.0, 0.0, 1.0 ], [ 0.309017, 0.5, -0.809017, 0.0, 0.5, -0.809017, -0.309017, 0.0, -0.809017, -0.309017, -0.5, 0.0, 0.0, 0.0, 0.0, 1.0 ], [ 0.5, 0.809017, 0.309017, 0.0, -0.809017, 0.309017, 0.5, 0.0, 0.309017, -0.5, 0.809017, 0.0, 0.0, 0.0, 0.0, 1.0 ], [ -0.309017, 0.5, -0.809017, 0.0, -0.5, -0.809017, -0.309017, 0.0, -0.809017, 0.309017, 0.5, 0.0, 0.0, 0.0, 0.0, 1.0 ], [ 0.809017, -0.309017, -0.5, 0.0, 0.309017, -0.5, 0.809017, 0.0, -0.5, -0.809017, -0.309017, 0.0, 0.0, 0.0, 0.0, 1.0 ], [ 0.5, 0.809017, -0.309017, 0.0, -0.809017, 0.309017, -0.5, 0.0, -0.309017, 0.5, 0.809017, 0.0, 0.0, 0.0, 0.0, 1.0 ], [ 0.309017, -0.5, -0.809017, 0.0, -0.5, -0.809017, 0.309017, 0.0, -0.809017, 0.309017, -0.5, 0.0, 0.0, 0.0, 0.0, 1.0 ], [ 0.809017, -0.309017, 0.5, 0.0, -0.309017, 0.5, 0.809017, 0.0, -0.5, -0.809017, 0.309017, 0.0, 0.0, 0.0, 0.0, 1.0 ], [ 0.809017, 0.309017, -0.5, 0.0, -0.309017, -0.5, -0.809017, 0.0, -0.5, 0.809017, -0.309017, 0.0, 0.0, 0.0, 0.0, 1.0 ], [ 0.5, -0.809017, 0.309017, 0.0, -0.809017, -0.309017, 0.5, 0.0, -0.309017, -0.5, -0.809017, 0.0, 0.0, 0.0, 0.0, 1.0 ], [ 0.309017, 0.5, 0.809017, 0.0, -0.5, 0.809017, -0.309017, 0.0, -0.809017, -0.309017, 0.5, 0.0, 0.0, 0.0, 0.0, 1.0 ], [ -1.0, 0.0, 0.0, 0.0, 0.0, -1.0, 0.0, 0.0, 0.0, 0.0, 1.0, 0.0, 0.0, 0.0, 0.0, 1.0 ], [ 0.0, 0.0, -1.0, 0.0, -1.0, 0.0, 0.0, 0.0, 0.0, 1.0, 0.0, 0.0, 0.0, 0.0, 0.0, 1.0 ], [ 0.0, -1.0, 0.0, 0.0, 0.0, 0.0, -1.0, 0.0, 1.0, 0.0, 0.0, 0.0, 0.0, 0.0, 0.0, 1.0 ], [ -0.809017, -0.309017, -0.5, 0.0, -0.309017, -0.5, 0.809017, 0.0, -0.5, 0.809017, 0.309017, 0.0, 0.0, 0.0, 0.0, 1.0 ], [ 0.5, -0.809017, -0.309017, 0.0, -0.809017, -0.309017, -0.5, 0.0, 0.309017, 0.5, -0.809017, 0.0, 0.0, 0.0, 0.0, 1.0 ], [ -0.309017, -0.5, 0.809017, 0.0, 0.5, -0.809017, -0.309017, 0.0, 0.809017, 0.309017, 0.5, 0.0, 0.0, 0.0, 0.0, 1.0 ], [ -0.5, -0.809017, -0.309017, 0.0, -0.809017, 0.309017, 0.5, 0.0, -0.309017, 0.5, -0.809017, 0.0, 0.0, 0.0, 0.0, 1.0 ], [ 0.309017, -0.5, 0.809017, 0.0, -0.5, -0.809017, -0.309017, 0.0, 0.809017, -0.309017, -0.5, 0.0, 0.0, 0.0, 0.0, 1.0 ], [ -0.809017, 0.309017, 0.5, 0.0, 0.309017, -0.5, 0.809017, 0.0, 0.5, 0.809017, 0.309017, 0.0, 0.0, 0.0, 0.0, 1.0 ], [ -0.5, -0.809017, 0.309017, 0.0, -0.809017, 0.309017, -0.5, 0.0, 0.309017, -0.5, -0.809017, 0.0, 0.0, 0.0, 0.0, 1.0 ], [ -0.309017, 0.5, 0.809017, 0.0, -0.5, -0.809017, 0.309017, 0.0, 0.809017, -0.309017, 0.5, 0.0, 0.0, 0.0, 0.0, 1.0 ], [ -0.809017, 0.309017, -0.5, 0.0, -0.309017, 0.5, 0.809017, 0.0, 0.5, 0.809017, -0.309017, 0.0, 0.0, 0.0, 0.0, 1.0 ], [ -0.809017, -0.309017, 0.5, 0.0, -0.309017, -0.5, -0.809017, 0.0, 0.5, -0.809017, 0.309017, 0.0, 0.0, 0.0, 0.0, 1.0 ], [ -0.5, 0.809017, -0.309017, 0.0, -0.809017, -0.309017, 0.5, 0.0, 0.309017, 0.5, 0.809017, 0.0, 0.0, 0.0, 0.0, 1.0 ], [ -0.309017, -0.5, -0.809017, 0.0, -0.5, 0.809017, -0.309017, 0.0, 0.809017, 0.309017, -0.5, 0.0, 0.0, 0.0, 0.0, 1.0 ], [ -1.0, 0.0, 0.0, 0.0, 0.0, 1.0, 0.0, 0.0, 0.0, 0.0, -1.0, 0.0, 0.0, 0.0, 0.0, 1.0 ], [ 0.0, 0.0, -1.0, 0.0, 1.0, 0.0, 0.0, 0.0, 0.0, -1.0, 0.0, 0.0, 0.0, 0.0, 0.0, 1.0 ], [ 0.0, -1.0, 0.0, 0.0, 0.0, 0.0, 1.0, 0.0, -1.0, 0.0, 0.0, 0.0, 0.0, 0.0, 0.0, 1.0 ], [ -0.809017, -0.309017, -0.5, 0.0, 0.309017, 0.5, -0.809017, 0.0, 0.5, -0.809017, -0.309017, 0.0, 0.0, 0.0, 0.0, 1.0 ], [ 0.5, -0.809017, -0.309017, 0.0, 0.809017, 0.309017, 0.5, 0.0, -0.309017, -0.5, 0.809017, 0.0, 0.0, 0.0, 0.0, 1.0 ], [ -0.309017, -0.5, 0.809017, 0.0, -0.5, 0.809017, 0.309017, 0.0, -0.809017, -0.309017, -0.5, 0.0, 0.0, 0.0, 0.0, 1.0 ], [ -0.5, -0.809017, -0.309017, 0.0, 0.809017, -0.309017, -0.5, 0.0, 0.309017, -0.5, 0.809017, 0.0, 0.0, 0.0, 0.0, 1.0 ], [ 0.309017, -0.5, 0.809017, 0.0, 0.5, 0.809017, 0.309017, 0.0, -0.809017, 0.309017, 0.5, 0.0, 0.0, 0.0, 0.0, 1.0 ], [ -0.809017, 0.309017, 0.5, 0.0, -0.309017, 0.5, -0.809017, 0.0, -0.5, -0.809017, -0.309017, 0.0, 0.0, 0.0, 0.0, 1.0 ], [ -0.5, -0.809017, 0.309017, 0.0, 0.809017, -0.309017, 0.5, 0.0, -0.309017, 0.5, 0.809017, 0.0, 0.0, 0.0, 0.0, 1.0 ], [ -0.309017, 0.5, 0.809017, 0.0, 0.5, 0.809017, -0.309017, 0.0, -0.809017, 0.309017, -0.5, 0.0, 0.0, 0.0, 0.0, 1.0 ], [ -0.809017, 0.309017, -0.5, 0.0, 0.309017, -0.5, -0.809017, 0.0, -0.5, -0.809017, 0.309017, 0.0, 0.0, 0.0, 0.0, 1.0 ], [ -0.809017, -0.309017, 0.5, 0.0, 0.309017, 0.5, 0.809017, 0.0, -0.5, 0.809017, -0.309017, 0.0, 0.0, 0.0, 0.0, 1.0 ], [ -0.5, 0.809017, -0.309017, 0.0, 0.809017, 0.309017, -0.5, 0.0, -0.309017, -0.5, -0.809017, 0.0, 0.0, 0.0, 0.0, 1.0 ], [ -0.309017, -0.5, -0.809017, 0.0, 0.5, -0.809017, 0.309017, 0.0, -0.809017, -0.309017, 0.5, 0.0, 0.0, 0.0, 0.0, 1.0 ] ],
  "lights" : {
    "ambientColor" : "#292929",
    "backgroundColor" : "#AFC8DC",
    "directionalLights" : [ {
      "direction" : [ 1.0, -1.0, -1.0 ],
      "color" : "#EBEBE4"
    }, {
      "direction" : [ -1.0, 0.0, 0.0 ],
      "color" : "#E4E4EB"
    }, {
      "direction" : [ 0.0, 0.0, -1.0 ],
      "color" : "#1E1E1E"
    } ]
  },
  "camera" : {
    "lookDirection" : {
      "x" : 6.2075706E-4,
      "y" : 0.60817313,
      "z" : -0.7937825
    },
    "upDirection" : {
      "x" : -0.0072794915,
      "y" : 0.7937726,
      "z" : 0.6081459
    },
    "lookAtPoint" : {
      "x" : 0.0,
      "y" : 0.0,
      "z" : 0.0
    },
    "viewDistance" : 206.20677,
    "nearClipDistance" : 0.5155176,
    "farClipDistance" : 412.4127,
    "fieldOfView" : 0.44263044,
    "perspective" : true,
    "width" : 92.79338,
    "stereo" : false,
    "position" : {
      "x" : -0.12800431,
      "y" : -125.40942,
      "z" : 163.68332
    }
  },
  "embedding" : [ 1.0, 0.0, 0.0, 0.0, 0.0, 1.0, 0.0, 0.0, 0.0, 0.0, 1.0, 0.0, 0.0, 0.0, 0.0, 1.0 ],
  "shapes" : [ {
    "id" : "c780cf5a-9e5f-4a2c-8156-14caed8ec9e1",
    "vertices" : [ {
      "x" : 0.0,
      "y" : 0.0,
      "z" : 0.0
    }, {
      "x" : -5.4122825,
      "y" : -3.6724768,
      "z" : -0.85741204
    }, {
      "x" : -2.2326488,
      "y" : -5.144755,
      "z" : 0.4328682
    } ],
    "faces" : [ {
      "vertices" : [ 0, 1, 2 ]
    }, {
      "vertices" : [ 0, 2, 1 ]
    } ]
  }, {
    "id" : "42dd8383-afc3-42e6-b94d-9ffb74ab9d8a",
    "vertices" : [ {
      "x" : 0.0,
      "y" : 0.0,
      "z" : 0.0
    }, {
      "x" : 0.0,
      "y" : 7.9164877,
      "z" : -1.4547058
    }, {
      "x" : 0.0,
      "y" : 9.071487,
      "z" : 1.5691234
    }, {
      "x" : 0.0,
      "y" : 0.0,
      "z" : 3.236068
    } ],
    "faces" : [ {
      "vertices" : [ 0, 1, 2, 3 ]
    }, {
      "vertices" : [ 0, 3, 2, 1 ]
    } ]
  }, {
    "id" : "be0ca00e-f2d4-4c5d-a9c8-bfc537fa06fa",
    "name" : "ball",
    "vertices" : [ {
      "x" : 0.309017,
      "y" : -0.309017,
      "z" : -0.309017
    }, {
      "x" : 0.5,
      "y" : 0.0,
      "z" : -0.19098301
    }, {
      "x" : 0.5,
      "y" : 0.0,
      "z" : 0.19098301
    }, {
      "x" : 0.309017,
      "y" : -0.309017,
      "z" : 0.309017
    }, {
      "x" : 0.19098301,
      "y" : -0.5,
      "z" : 0.0
    }, {
      "x" : 0.0,
      "y" : 0.19098301,
      "z" : 0.5
    }, {
      "x" : 0.0,
      "y" : -0.19098301,
      "z" : 0.5
    }, {
      "x" : 0.309017,
      "y" : 0.309017,
      "z" : 0.309017
    }, {
      "x" : -0.309017,
      "y" : -0.309017,
      "z" : 0.309017
    }, {
      "x" : -0.309017,
      "y" : 0.309017,
      "z" : 0.309017
    }, {
      "x" : -0.5,
      "y" : 0.0,
      "z" : 0.19098301
    }, {
      "x" : 0.0,
      "y" : -0.19098301,
      "z" : -0.5
    }, {
      "x" : 0.0,
      "y" : 0.19098301,
      "z" : -0.5
    }, {
      "x" : 0.309017,
      "y" : 0.309017,
      "z" : -0.309017
    }, {
      "x" : -0.309017,
      "y" : -0.309017,
      "z" : -0.309017
    }, {
      "x" : -0.19098301,
      "y" : -0.5,
      "z" : 0.0
    }, {
      "x" : -0.5,
      "y" : 0.0,
      "z" : -0.19098301
    }, {
      "x" : 0.19098301,
      "y" : 0.5,
      "z" : 0.0
    }, {
      "x" : -0.309017,
      "y" : 0.309017,
      "z" : -0.309017
    }, {
      "x" : 0.0,
      "y" : 0.0,
      "z" : 0.0
    }, {
      "x" : -0.19098301,
      "y" : 0.5,
      "z" : 0.0
    } ],
    "faces" : [ {
      "vertices" : [ 12, 18, 20, 17, 13 ]
    }, {
      "vertices" : [ 3, 6, 8, 15, 4 ]
    }, {
      "vertices" : [ 0, 11, 12, 13, 1 ]
    }, {
      "vertices" : [ 5, 9, 10, 8, 6 ]
    }, {
      "vertices" : [ 2, 7, 5, 6, 3 ]
    }, {
      "vertices" : [ 11, 14, 16, 18, 12 ]
    }, {
      "vertices" : [ 1, 13, 17, 7, 2 ]
    }, {
      "vertices" : [ 9, 20, 18, 16, 10 ]
    }, {
      "vertices" : [ 0, 1, 2, 3, 4 ]
    }, {
      "vertices" : [ 5, 7, 17, 20, 9 ]
    }, {
      "vertices" : [ 0, 4, 15, 14, 11 ]
    }, {
      "vertices" : [ 8, 10, 16, 14, 15 ]
    } ]
  }, {
    "id" : "6a09834a-f331-4ac4-b86c-c5e73e0992ea",
    "vertices" : [ {
      "x" : 0.0,
      "y" : 0.0,
      "z" : 0.0
    }, {
      "x" : 0.0,
      "y" : 3.694227,
      "z" : 0.80052423
    }, {
      "x" : 0.0,
      "y" : 0.4904664,
      "z" : 3.9520104
    } ],
    "faces" : [ {
      "vertices" : [ 0, 1, 2 ]
    }, {
      "vertices" : [ 0, 2, 1 ]
    } ]
  }, {
    "id" : "3752aab5-156f-433b-92ac-fbeeef45adaa",
    "vertices" : [ {
      "x" : 0.0,
      "y" : 0.0,
      "z" : 0.0
    }, {
      "x" : -7.854102,
      "y" : 3.6367161,
      "z" : -3.1871574
    }, {
      "x" : -13.369031,
      "y" : -9.071487,
      "z" : -2.1179175
    } ],
    "faces" : [ {
      "vertices" : [ 0, 1, 2 ]
    }, {
      "vertices" : [ 0, 2, 1 ]
    } ]
  }, {
    "id" : "fb28e503-a0ca-4489-bf45-4fea2471de2c",
    "vertices" : [ {
      "x" : 0.0,
      "y" : 0.0,
      "z" : 0.0
    }, {
      "x" : 13.369031,
      "y" : 9.071487,
      "z" : 2.1179175
    }, {
      "x" : 5.5149283,
      "y" : 12.708204,
      "z" : -1.0692399
    } ],
    "faces" : [ {
      "vertices" : [ 0, 1, 2 ]
    }, {
      "vertices" : [ 0, 2, 1 ]
    } ]
  }, {
    "id" : "eda12f05-6c6c-43a2-b243-2e30af47a8a8",
    "vertices" : [ {
      "x" : 0.0,
      "y" : 0.0,
      "z" : 0.0
    }, {
      "x" : 2.2326488,
      "y" : 5.144755,
      "z" : -0.4328682
    }, {
      "x" : -3.1796336,
      "y" : 1.4722784,
      "z" : -1.2902802
    } ],
    "faces" : [ {
      "vertices" : [ 0, 1, 2 ]
    }, {
      "vertices" : [ 0, 2, 1 ]
    } ]
  }, {
    "id" : "ed8e127d-e5c9-4b7a-b74a-c232776e0814",
    "vertices" : [ {
      "x" : 0.0,
      "y" : 0.0,
      "z" : 0.0
    }, {
      "x" : 0.0,
      "y" : -3.236068,
      "z" : 0.0
    }, {
      "x" : -1.4547058,
      "y" : -3.236068,
      "z" : 7.9164877
    }, {
      "x" : -1.4547058,
      "y" : 0.0,
      "z" : 7.9164877
    } ],
    "faces" : [ {
      "vertices" : [ 0, 1, 2, 3 ]
    }, {
      "vertices" : [ 0, 3, 2, 1 ]
    } ]
  }, {
    "id" : "a0558af9-32a9-4ead-adf2-556d9f081a4a",
    "vertices" : [ {
      "x" : 0.0,
      "y" : 0.0,
      "z" : 0.0
    }, {
      "x" : 4.199987,
      "y" : 9.678147,
      "z" : -0.8142977
    }, {
      "x" : 10.181411,
      "y" : 6.9085445,
      "z" : 1.6129358
    } ],
    "faces" : [ {
      "vertices" : [ 0, 1, 2 ]
    }, {
      "vertices" : [ 0, 2, 1 ]
    } ]
  }, {
    "id" : "8cf70581-79b8-43e1-bb52-7efc28591d16",
    "vertices" : [ {
      "x" : 0.0,
      "y" : 0.0,
      "z" : 0.0
    }, {
      "x" : -7.854102,
      "y" : 3.6367161,
      "z" : -3.1871574
    }, {
      "x" : 5.5149283,
      "y" : 12.708204,
      "z" : -1.0692399
    } ],
    "faces" : [ {
      "vertices" : [ 0, 1, 2 ]
    }, {
      "vertices" : [ 0, 2, 1 ]
    } ]
  }, {
    "id" : "50f16570-0232-4d20-84de-cab863b2783a",
    "vertices" : [ {
      "x" : 0.0,
      "y" : 0.0,
      "z" : 0.0
    }, {
      "x" : 0.0,
      "y" : -3.4186938,
      "z" : 0.0
    }, {
      "x" : 0.0,
      "y" : -0.1157279,
      "z" : -11.666859
    }, {
      "x" : 0.0,
      "y" : 1.5322534,
      "z" : -5.4122825
    } ],
    "faces" : [ {
      "vertices" : [ 0, 1, 2, 3 ]
    }, {
      "vertices" : [ 0, 3, 2, 1 ]
    } ]
  }, {
    "id" : "0ff71b42-e6c7-479c-9330-4a4e9559f3d6",
    "vertices" : [ {
      "x" : 0.0,
      "y" : 0.0,
      "z" : 0.0
    }, {
      "x" : 2.7956436,
      "y" : 6.4420795,
      "z" : -0.54202217
    }, {
      "x" : 8.777067,
      "y" : 3.6724768,
      "z" : 1.8852113
    }, {
      "x" : 1.54314,
      "y" : -1.236068,
      "z" : 0.73921496
    } ],
    "faces" : [ {
      "vertices" : [ 0, 1, 2, 3 ]
    }, {
      "vertices" : [ 0, 3, 2, 1 ]
    } ]
  }, {
    "id" : "fa888e0a-f3a4-4fb7-abc5-fc5fab40a97c",
    "vertices" : [ {
      "x" : 0.0,
      "y" : 0.0,
      "z" : 0.0
    }, {
      "x" : -5.5149283,
      "y" : -12.708204,
      "z" : 1.0692399
    }, {
      "x" : 7.854102,
      "y" : -3.6367161,
      "z" : 3.1871574
    } ],
    "faces" : [ {
      "vertices" : [ 0, 1, 2 ]
    }, {
      "vertices" : [ 0, 2, 1 ]
    } ]
  }, {
    "id" : "e6b31463-c4f0-4749-a339-f75a48744fbd",
    "vertices" : [ {
      "x" : 0.0,
      "y" : 0.0,
      "z" : 0.0
    }, {
      "x" : -5.4122825,
      "y" : -3.6724768,
      "z" : -0.85741204
    }, {
      "x" : 0.5691416,
      "y" : -6.4420795,
      "z" : 1.5698215
    }, {
      "x" : 3.364785,
      "y" : 0.0,
      "z" : 1.0277994
    } ],
    "faces" : [ {
      "vertices" : [ 0, 1, 2, 3 ]
    }, {
      "vertices" : [ 0, 3, 2, 1 ]
    } ]
  }, {
    "id" : "c0c5c51f-4edf-4e5e-9998-619924c480ea",
    "vertices" : [ {
      "x" : 0.0,
      "y" : 0.0,
      "z" : 0.0
    }, {
      "x" : 0.0,
      "y" : 3.2037606,
      "z" : -3.1514862
    }, {
      "x" : 0.0,
      "y" : 7.9164877,
      "z" : -2.285492
    }, {
      "x" : 0.0,
      "y" : 7.9164877,
      "z" : 1.4547058
    } ],
    "faces" : [ {
      "vertices" : [ 0, 1, 2, 3 ]
    }, {
      "vertices" : [ 0, 3, 2, 1 ]
    } ]
  }, {
    "id" : "ffc494ee-34cf-467e-baa7-153f9dfdcb08",
    "vertices" : [ {
      "x" : 0.0,
      "y" : 0.0,
      "z" : 0.0
    }, {
      "x" : 1.9277115,
      "y" : 4.4420795,
      "z" : -0.37374663
    }, {
      "x" : -2.745356,
      "y" : 1.2711931,
      "z" : -1.1140524
    } ],
    "faces" : [ {
      "vertices" : [ 0, 1, 2 ]
    }, {
      "vertices" : [ 0, 2, 1 ]
    } ]
  }, {
    "id" : "c6fc4d2e-d533-44f6-a7a0-9a8460b6af5b",
    "vertices" : [ {
      "x" : 0.0,
      "y" : 0.0,
      "z" : 0.0
    }, {
      "x" : 0.0,
      "y" : 3.9365656,
      "z" : 1.1968634
    }, {
      "x" : 0.0,
      "y" : 2.6757805,
      "z" : 2.8897913
    } ],
    "faces" : [ {
      "vertices" : [ 0, 1, 2 ]
    }, {
      "vertices" : [ 0, 2, 1 ]
    } ]
  }, {
    "id" : "667625d6-cfde-44d7-9c8d-4788e8904ac1",
    "vertices" : [ {
      "x" : 0.0,
      "y" : 0.0,
      "z" : 0.0
    }, {
      "x" : 3.1796336,
      "y" : -1.4722784,
      "z" : 1.2902802
    }, {
      "x" : -2.2326488,
      "y" : -5.144755,
      "z" : 0.4328682
    } ],
    "faces" : [ {
      "vertices" : [ 0, 1, 2 ]
    }, {
      "vertices" : [ 0, 2, 1 ]
    } ]
  }, {
    "id" : "17a57eb2-6c05-4a3f-af32-1e8099ce50d1",
    "vertices" : [ {
      "x" : 0.0,
      "y" : 0.0,
      "z" : 0.0
    }, {
      "x" : 2.8650596,
      "y" : 6.602037,
      "z" : -0.55548066
    }, {
      "x" : -4.080283,
      "y" : 1.8893099,
      "z" : -1.6557597
    } ],
    "faces" : [ {
      "vertices" : [ 0, 1, 2 ]
    }, {
      "vertices" : [ 0, 2, 1 ]
    } ]
  }, {
    "id" : "a18eed97-1f44-4e79-86ed-b56547a9b481",
    "vertices" : [ {
      "x" : 0.0,
      "y" : 0.0,
      "z" : 0.0
    }, {
      "x" : 0.0,
      "y" : -2.1435585,
      "z" : 2.675208
    }, {
      "x" : 0.0,
      "y" : -6.080124,
      "z" : 1.4783446
    } ],
    "faces" : [ {
      "vertices" : [ 0, 1, 2 ]
    }, {
      "vertices" : [ 0, 2, 1 ]
    } ]
  }, {
    "id" : "bc27d58e-ac95-4146-8537-350ff3da3aa2",
    "vertices" : [ {
      "x" : 0.0,
      "y" : 0.0,
      "z" : 0.0
    }, {
      "x" : 13.369031,
      "y" : 9.071487,
      "z" : 2.1179175
    }, {
      "x" : 7.854102,
      "y" : -3.6367161,
      "z" : 3.1871574
    } ],
    "faces" : [ {
      "vertices" : [ 0, 1, 2 ]
    }, {
      "vertices" : [ 0, 2, 1 ]
    } ]
  }, {
    "id" : "352eeb51-ebc8-471e-8f5a-d0b659fbb8bb",
    "vertices" : [ {
      "x" : 0.0,
      "y" : 0.0,
      "z" : 0.0
    }, {
      "x" : 0.0,
      "y" : -3.9365656,
      "z" : -1.1968634
    }, {
      "x" : 0.0,
      "y" : -2.6757805,
      "z" : -2.8897913
    } ],
    "faces" : [ {
      "vertices" : [ 0, 1, 2 ]
    }, {
      "vertices" : [ 0, 2, 1 ]
    } ]
  }, {
    "id" : "5810b565-1481-4b2a-842f-22fa27063036",
    "vertices" : [ {
      "x" : 0.0,
      "y" : 0.0,
      "z" : 0.0
    }, {
      "x" : -5.5149283,
      "y" : -12.708204,
      "z" : 1.0692399
    }, {
      "x" : -13.369031,
      "y" : -9.071487,
      "z" : -2.1179175
    } ],
    "faces" : [ {
      "vertices" : [ 0, 1, 2 ]
    }, {
      "vertices" : [ 0, 2, 1 ]
    } ]
  }, {
    "id" : "4c6a1de3-e615-4f50-a0ff-0d5782db54db",
    "vertices" : [ {
      "x" : 0.0,
      "y" : 0.0,
      "z" : 0.0
    }, {
      "x" : 4.199987,
      "y" : 9.678147,
      "z" : -0.8142977
    }, {
      "x" : -5.981424,
      "y" : 2.7696025,
      "z" : -2.4272335
    } ],
    "faces" : [ {
      "vertices" : [ 0, 1, 2 ]
    }, {
      "vertices" : [ 0, 2, 1 ]
    } ]
  }, {
    "id" : "b7f5e8f5-6343-49c4-8b44-34c4fe01a128",
    "vertices" : [ {
      "x" : 0.0,
      "y" : 0.0,
      "z" : 0.0
    }, {
      "x" : 0.0,
      "y" : -2.6757805,
      "z" : 2.8897913
    }, {
      "x" : 0.0,
      "y" : -3.9365656,
      "z" : 1.1968634
    } ],
    "faces" : [ {
      "vertices" : [ 0, 1, 2 ]
    }, {
      "vertices" : [ 0, 2, 1 ]
    } ]
  }, {
    "id" : "d63bfe0e-2611-45f6-8afb-c97cfc974544",
    "vertices" : [ {
      "x" : 0.0,
      "y" : 0.0,
      "z" : 0.0
    }, {
      "x" : 2.7956436,
      "y" : 6.4420795,
      "z" : -0.54202217
    }, {
      "x" : 8.777067,
      "y" : 3.6724768,
      "z" : 1.8852113
    }, {
      "x" : 3.364785,
      "y" : 0.0,
      "z" : 1.0277994
    } ],
    "faces" : [ {
      "vertices" : [ 0, 1, 2, 3 ]
    }, {
      "vertices" : [ 0, 3, 2, 1 ]
    } ]
  }, {
    "id" : "eddac512-a1ab-471e-83bf-5a8c762921bc",
    "vertices" : [ {
      "x" : 0.0,
      "y" : 0.0,
      "z" : 0.0
    }, {
      "x" : 0.0,
      "y" : -7.9164877,
      "z" : -1.4547058
    }, {
      "x" : 0.0,
      "y" : -7.9164877,
      "z" : -4.690774
    }, {
      "x" : 0.0,
      "y" : 1.155,
      "z" : -3.0238292
    } ],
    "faces" : [ {
      "vertices" : [ 0, 1, 2, 3 ]
    }, {
      "vertices" : [ 0, 3, 2, 1 ]
    } ]
  }, {
    "id" : "d35e8a9d-2bf0-4088-a65f-05c3662ff6e1",
    "vertices" : [ {
      "x" : 0.0,
      "y" : 0.0,
      "z" : 0.0
    }, {
      "x" : 0.0,
      "y" : 2.6757805,
      "z" : -2.8897913
    }, {
      "x" : 0.0,
      "y" : 3.9365656,
      "z" : -1.1968634
    } ],
    "faces" : [ {
      "vertices" : [ 0, 1, 2 ]
    }, {
      "vertices" : [ 0, 2, 1 ]
    } ]
  }, {
    "id" : "71a18411-6416-449b-a09f-04d04c4a7314",
    "vertices" : [ {
      "x" : 0.0,
      "y" : 0.0,
      "z" : 0.0
    }, {
      "x" : 0.0,
      "y" : 4.390296,
      "z" : 3.6284204
    }, {
      "x" : 0.0,
      "y" : 4.880762,
      "z" : 7.5804305
    }, {
      "x" : 0.0,
      "y" : -6.080124,
      "z" : -1.4783446
    } ],
    "faces" : [ {
      "vertices" : [ 0, 1, 2, 3 ]
    }, {
      "vertices" : [ 0, 3, 2, 1 ]
    } ]
  }, {
    "id" : "e34e20a4-8b16-40b1-a4c5-39101f60df12",
    "vertices" : [ {
      "x" : 0.0,
      "y" : 0.0,
      "z" : 0.0
    }, {
      "x" : 0.0,
      "y" : -3.2037606,
      "z" : 3.1514862
    }, {
      "x" : 0.0,
      "y" : -7.9164877,
      "z" : 2.285492
    }, {
      "x" : 0.0,
      "y" : -7.9164877,
      "z" : -1.4547058
    } ],
    "faces" : [ {
      "vertices" : [ 0, 1, 2, 3 ]
    }, {
      "vertices" : [ 0, 3, 2, 1 ]
    } ]
  }, {
    "id" : "b84f389f-4b11-4394-be25-63a991025f70",
    "vertices" : [ {
      "x" : 0.0,
      "y" : 0.0,
      "z" : 0.0
    }, {
      "x" : 0.0,
      "y" : 3.236068,
      "z" : 0.0
    }, {
      "x" : 9.058775,
      "y" : 3.236068,
      "z" : -10.960886
    }, {
      "x" : 9.058775,
      "y" : 0.0,
      "z" : -10.960886
    } ],
    "faces" : [ {
      "vertices" : [ 0, 1, 2, 3 ]
    }, {
      "vertices" : [ 0, 3, 2, 1 ]
    } ]
  }, {
    "id" : "db7a1a8d-7ec7-4a94-8e88-42eed608e851",
    "vertices" : [ {
      "x" : 0.0,
      "y" : 0.0,
      "z" : 0.0
    }, {
      "x" : 0.0,
      "y" : -3.4186938,
      "z" : 0.0
    }, {
      "x" : 0.0,
      "y" : -4.9509473,
      "z" : -5.4122825
    }, {
      "x" : 0.0,
      "y" : -3.3029659,
      "z" : -11.666859
    } ],
    "faces" : [ {
      "vertices" : [ 0, 1, 2, 3 ]
    }, {
      "vertices" : [ 0, 3, 2, 1 ]
    } ]
  }, {
    "id" : "49a14997-8bdf-4d29-8414-2f04893e82b5",
    "vertices" : [ {
      "x" : 0.0,
      "y" : 0.0,
      "z" : 0.0
    }, {
      "x" : 0.0,
      "y" : 2.1435585,
      "z" : -2.675208
    }, {
      "x" : 0.0,
      "y" : 6.080124,
      "z" : -1.4783446
    } ],
    "faces" : [ {
      "vertices" : [ 0, 1, 2 ]
    }, {
      "vertices" : [ 0, 2, 1 ]
    } ]
  }, {
    "id" : "be53aa62-9446-4d6d-b519-1fea5023c43d",
    "vertices" : [ {
      "x" : 0.0,
      "y" : 0.0,
      "z" : 0.0
    }, {
      "x" : 0.0,
      "y" : -3.236068,
      "z" : 0.0
    }, {
      "x" : -11.666859,
      "y" : -3.236068,
      "z" : -3.3029659
    }, {
      "x" : -11.666859,
      "y" : 0.0,
      "z" : -3.3029659
    } ],
    "faces" : [ {
      "vertices" : [ 0, 1, 2, 3 ]
    }, {
      "vertices" : [ 0, 3, 2, 1 ]
    } ]
  }, {
    "id" : "c08078bd-1524-4834-87e4-4602161a0374",
    "vertices" : [ {
      "x" : 0.0,
      "y" : 0.0,
      "z" : 0.0
    }, {
      "x" : 5.981424,
      "y" : -2.7696025,
      "z" : 2.4272335
    }, {
      "x" : -1.2525034,
      "y" : -7.6781473,
      "z" : 1.2812371
    }, {
      "x" : -1.9277115,
      "y" : -4.4420795,
      "z" : 0.37374663
    } ],
    "faces" : [ {
      "vertices" : [ 0, 1, 2, 3 ]
    }, {
      "vertices" : [ 0, 3, 2, 1 ]
    } ]
  }, {
    "id" : "9e50c802-cc70-4f84-9428-9c8052879975",
    "vertices" : [ {
      "x" : 0.0,
      "y" : 0.0,
      "z" : 0.0
    }, {
      "x" : 0.0,
      "y" : -3.694227,
      "z" : -0.80052423
    }, {
      "x" : 0.0,
      "y" : -0.4904664,
      "z" : -3.9520104
    } ],
    "faces" : [ {
      "vertices" : [ 0, 1, 2 ]
    }, {
      "vertices" : [ 0, 2, 1 ]
    } ]
  }, {
    "id" : "170e35da-9645-4a2e-95fb-06a2a393cd38",
    "vertices" : [ {
      "x" : 0.0,
      "y" : 0.0,
      "z" : 0.0
    }, {
      "x" : 2.745356,
      "y" : -1.2711931,
      "z" : 1.1140524
    }, {
      "x" : 6.945343,
      "y" : 8.406954,
      "z" : 0.29975477
    }, {
      "x" : 0.0,
      "y" : 3.694227,
      "z" : -0.80052423
    } ],
    "faces" : [ {
      "vertices" : [ 0, 1, 2, 3 ]
    }, {
      "vertices" : [ 0, 3, 2, 1 ]
    } ]
  }, {
    "id" : "3098e6e4-124c-4783-bba5-82a11a6c9f10",
    "vertices" : [ {
      "x" : 0.0,
      "y" : 0.0,
      "z" : 0.0
    }, {
      "x" : 0.0,
      "y" : -3.3029659,
      "z" : 11.666859
    }, {
      "x" : 0.0,
      "y" : -6.539034,
      "z" : 11.666859
    }, {
      "x" : 0.0,
      "y" : -2.7541718,
      "z" : -1.7021718
    } ],
    "faces" : [ {
      "vertices" : [ 0, 1, 2, 3 ]
    }, {
      "vertices" : [ 0, 3, 2, 1 ]
    } ]
  }, {
    "id" : "101bf3a7-de17-42cb-9567-bcb8edb8b154",
    "vertices" : [ {
      "x" : 0.0,
      "y" : 0.0,
      "z" : 0.0
    }, {
      "x" : 0.0,
      "y" : -3.236068,
      "z" : 0.0
    }, {
      "x" : -9.058775,
      "y" : -3.236068,
      "z" : 10.960886
    }, {
      "x" : -9.058775,
      "y" : 0.0,
      "z" : 10.960886
    } ],
    "faces" : [ {
      "vertices" : [ 0, 1, 2, 3 ]
    }, {
      "vertices" : [ 0, 3, 2, 1 ]
    } ]
  }, {
    "id" : "00ad38b1-1c19-4d06-b117-8777f771854c",
    "vertices" : [ {
      "x" : 0.0,
      "y" : 0.0,
      "z" : 0.0
    }, {
      "x" : 0.0,
      "y" : 0.4904664,
      "z" : -3.9520104
    }, {
      "x" : 0.0,
      "y" : 4.880762,
      "z" : -7.5804305
    }, {
      "x" : 0.0,
      "y" : 10.960886,
      "z" : -9.058775
    } ],
    "faces" : [ {
      "vertices" : [ 0, 1, 2, 3 ]
    }, {
      "vertices" : [ 0, 3, 2, 1 ]
    } ]
  }, {
    "id" : "5489eee4-0cc2-46a3-b4ed-212ea7573a53",
    "vertices" : [ {
      "x" : 0.0,
      "y" : 0.0,
      "z" : 0.0
    }, {
      "x" : 0.0,
      "y" : 3.3029659,
      "z" : 11.666859
    }, {
      "x" : 0.0,
      "y" : 0.5487941,
      "z" : 13.369031
    }, {
      "x" : 0.0,
      "y" : -3.236068,
      "z" : 0.0
    } ],
    "faces" : [ {
      "vertices" : [ 0, 1, 2, 3 ]
    }, {
      "vertices" : [ 0, 3, 2, 1 ]
    } ]
  }, {
    "id" : "47a49324-caff-42c8-b5a8-ef06dc3010ec",
    "vertices" : [ {
      "x" : 0.0,
      "y" : 0.0,
      "z" : 0.0
    }, {
      "x" : 0.0,
      "y" : -0.4904664,
      "z" : 3.9520104
    }, {
      "x" : 0.0,
      "y" : -4.880762,
      "z" : 7.5804305
    }, {
      "x" : 0.0,
      "y" : -10.960886,
      "z" : 9.058775
    } ],
    "faces" : [ {
      "vertices" : [ 0, 1, 2, 3 ]
    }, {
      "vertices" : [ 0, 3, 2, 1 ]
    } ]
  }, {
    "id" : "dab36fc0-34b7-4726-9506-cfdb27b101c5",
    "vertices" : [ {
      "x" : 0.0,
      "y" : 0.0,
      "z" : 0.0
    }, {
      "x" : -7.2339272,
      "y" : -4.9085445,
      "z" : -1.1459965
    }, {
      "x" : -1.2525034,
      "y" : -7.6781473,
      "z" : 1.2812371
    }, {
      "x" : 0.67520803,
      "y" : -3.236068,
      "z" : 0.9074905
    } ],
    "faces" : [ {
      "vertices" : [ 0, 1, 2, 3 ]
    }, {
      "vertices" : [ 0, 3, 2, 1 ]
    } ]
  }, {
    "id" : "dbf5e37d-1343-4b47-b038-61a09a6e831a",
    "vertices" : [ {
      "x" : 0.0,
      "y" : 0.0,
      "z" : 0.0
    }, {
      "x" : 0.0,
      "y" : 3.4186938,
      "z" : 0.0
    }, {
      "x" : 0.0,
      "y" : 4.9509473,
      "z" : 5.4122825
    }, {
      "x" : 0.0,
      "y" : 3.3029659,
      "z" : 11.666859
    } ],
    "faces" : [ {
      "vertices" : [ 0, 1, 2, 3 ]
    }, {
      "vertices" : [ 0, 3, 2, 1 ]
    } ]
  }, {
    "id" : "97f08b2d-9c52-49b8-9fee-00c9e0be3821",
    "vertices" : [ {
      "x" : 0.0,
      "y" : 0.0,
      "z" : 0.0
    }, {
      "x" : 1.9277115,
      "y" : 4.4420795,
      "z" : -0.37374663
    }, {
      "x" : 4.6730676,
      "y" : 3.1708863,
      "z" : 0.74030584
    } ],
    "faces" : [ {
      "vertices" : [ 0, 1, 2 ]
    }, {
      "vertices" : [ 0, 2, 1 ]
    } ]
  }, {
    "id" : "2c29b7d1-508b-4a79-b8cc-3e5653337b84",
    "vertices" : [ {
      "x" : 0.0,
      "y" : 0.0,
      "z" : 0.0
    }, {
      "x" : 0.0,
      "y" : -4.390296,
      "z" : -3.6284204
    }, {
      "x" : 0.0,
      "y" : -4.880762,
      "z" : -7.5804305
    }, {
      "x" : 0.0,
      "y" : 6.080124,
      "z" : 1.4783446
    } ],
    "faces" : [ {
      "vertices" : [ 0, 1, 2, 3 ]
    }, {
      "vertices" : [ 0, 3, 2, 1 ]
    } ]
  }, {
    "id" : "9b99c16d-6138-4fff-aed2-8c8e2f2cc8f3",
    "vertices" : [ {
      "x" : 0.0,
      "y" : 0.0,
      "z" : 0.0
    }, {
      "x" : -6.945343,
      "y" : -4.712727,
      "z" : -1.100279
    }, {
      "x" : -2.745356,
      "y" : 4.9654202,
      "z" : -1.9145766
    }, {
      "x" : 0.0,
      "y" : 3.694227,
      "z" : -0.80052423
    } ],
    "faces" : [ {
      "vertices" : [ 0, 1, 2, 3 ]
    }, {
      "vertices" : [ 0, 3, 2, 1 ]
    } ]
  }, {
    "id" : "2ce56d6f-50b2-44be-ad09-b1f8ec401d47",
    "vertices" : [ {
      "x" : 0.0,
      "y" : 0.0,
      "z" : 0.0
    }, {
      "x" : 0.0,
      "y" : 3.2037606,
      "z" : 3.1514862
    }, {
      "x" : 0.0,
      "y" : -0.4904664,
      "z" : 3.9520104
    } ],
    "faces" : [ {
      "vertices" : [ 0, 1, 2 ]
    }, {
      "vertices" : [ 0, 2, 1 ]
    } ]
  }, {
    "id" : "43a69cce-b0eb-410f-b247-61475bc26125",
    "vertices" : [ {
      "x" : 0.0,
      "y" : 0.0,
      "z" : 0.0
    }, {
      "x" : -6.945343,
      "y" : -4.712727,
      "z" : -1.100279
    }, {
      "x" : -4.080283,
      "y" : 1.8893099,
      "z" : -1.6557597
    } ],
    "faces" : [ {
      "vertices" : [ 0, 1, 2 ]
    }, {
      "vertices" : [ 0, 2, 1 ]
    } ]
  }, {
    "id" : "f073a036-8046-4da8-b8db-0802203a164d",
    "vertices" : [ {
      "x" : 0.0,
      "y" : 0.0,
      "z" : 0.0
    }, {
      "x" : 0.0,
      "y" : -12.560058,
      "z" : 10.380433
    }, {
      "x" : 0.0,
      "y" : -13.715058,
      "z" : 7.3566036
    }, {
      "x" : 0.0,
      "y" : -2.7541718,
      "z" : -1.7021718
    } ],
    "faces" : [ {
      "vertices" : [ 0, 1, 2, 3 ]
    }, {
      "vertices" : [ 0, 3, 2, 1 ]
    } ]
  }, {
    "id" : "1c1aa713-4e3e-4b7b-86f7-1c0b19f33064",
    "vertices" : [ {
      "x" : 0.0,
      "y" : 0.0,
      "z" : 0.0
    }, {
      "x" : -7.2339272,
      "y" : -4.9085445,
      "z" : -1.1459965
    }, {
      "x" : -1.2525034,
      "y" : -7.6781473,
      "z" : 1.2812371
    }, {
      "x" : 1.54314,
      "y" : -1.236068,
      "z" : 0.73921496
    } ],
    "faces" : [ {
      "vertices" : [ 0, 1, 2, 3 ]
    }, {
      "vertices" : [ 0, 3, 2, 1 ]
    } ]
  }, {
    "id" : "b8d57502-0b63-405e-a9f8-18a852012ca1",
    "vertices" : [ {
      "x" : 0.0,
      "y" : 0.0,
      "z" : 0.0
    }, {
      "x" : 0.0,
      "y" : 3.3029659,
      "z" : -11.666859
    }, {
      "x" : 0.0,
      "y" : 6.539034,
      "z" : -11.666859
    }, {
      "x" : 0.0,
      "y" : 2.7541718,
      "z" : 1.7021718
    } ],
    "faces" : [ {
      "vertices" : [ 0, 1, 2, 3 ]
    }, {
      "vertices" : [ 0, 3, 2, 1 ]
    } ]
  }, {
    "id" : "1eb9e29c-df89-4276-a8fd-b142969179c4",
    "vertices" : [ {
      "x" : 0.0,
      "y" : 0.0,
      "z" : 0.0
    }, {
      "x" : 0.0,
      "y" : 3.4186938,
      "z" : 0.0
    }, {
      "x" : 0.0,
      "y" : 0.1157279,
      "z" : 11.666859
    }, {
      "x" : 0.0,
      "y" : -1.5322534,
      "z" : 5.4122825
    } ],
    "faces" : [ {
      "vertices" : [ 0, 1, 2, 3 ]
    }, {
      "vertices" : [ 0, 3, 2, 1 ]
    } ]
  }, {
    "id" : "34d1a638-8d6a-4326-86ca-a7018a314ebc",
    "vertices" : [ {
      "x" : 0.0,
      "y" : 0.0,
      "z" : 0.0
    }, {
      "x" : 0.0,
      "y" : -2.6757805,
      "z" : -2.8897913
    }, {
      "x" : 0.0,
      "y" : -1.6479813,
      "z" : -6.254576
    } ],
    "faces" : [ {
      "vertices" : [ 0, 1, 2 ]
    }, {
      "vertices" : [ 0, 2, 1 ]
    } ]
  }, {
    "id" : "e475370d-26ab-4032-9c81-8e28156ec78a",
    "vertices" : [ {
      "x" : 0.0,
      "y" : 0.0,
      "z" : 0.0
    }, {
      "x" : 0.0,
      "y" : 3.236068,
      "z" : 0.0
    }, {
      "x" : 11.666859,
      "y" : 3.236068,
      "z" : 3.3029659
    }, {
      "x" : 11.666859,
      "y" : 0.0,
      "z" : 3.3029659
    } ],
    "faces" : [ {
      "vertices" : [ 0, 1, 2, 3 ]
    }, {
      "vertices" : [ 0, 3, 2, 1 ]
    } ]
  }, {
    "id" : "51dace34-b53b-403d-954d-697f548b2377",
    "vertices" : [ {
      "x" : 0.0,
      "y" : 0.0,
      "z" : 0.0
    }, {
      "x" : 0.0,
      "y" : 10.960886,
      "z" : 9.058775
    }, {
      "x" : 0.0,
      "y" : 9.805886,
      "z" : 12.082604
    }, {
      "x" : 0.0,
      "y" : -2.7541718,
      "z" : 1.7021718
    } ],
    "faces" : [ {
      "vertices" : [ 0, 1, 2, 3 ]
    }, {
      "vertices" : [ 0, 3, 2, 1 ]
    } ]
  }, {
    "id" : "7eb01570-881d-4b86-b871-84cf2de14cc8",
    "vertices" : [ {
      "x" : 0.0,
      "y" : 0.0,
      "z" : 0.0
    }, {
      "x" : 0.0,
      "y" : 1.0277994,
      "z" : 3.364785
    }, {
      "x" : 0.0,
      "y" : -1.6479813,
      "z" : 6.254576
    } ],
    "faces" : [ {
      "vertices" : [ 0, 1, 2 ]
    }, {
      "vertices" : [ 0, 2, 1 ]
    } ]
  }, {
    "id" : "1b6ab5ac-98ed-466a-9525-07d1b383f05f",
    "vertices" : [ {
      "x" : 0.0,
      "y" : 0.0,
      "z" : 0.0
    }, {
      "x" : 0.0,
      "y" : 3.236068,
      "z" : 0.0
    }, {
      "x" : 1.4547058,
      "y" : 3.236068,
      "z" : -7.9164877
    }, {
      "x" : 1.4547058,
      "y" : 0.0,
      "z" : -7.9164877
    } ],
    "faces" : [ {
      "vertices" : [ 0, 1, 2, 3 ]
    }, {
      "vertices" : [ 0, 3, 2, 1 ]
    } ]
  }, {
    "id" : "217d25bc-4bff-43c8-a17f-c95e6c0f09e5",
    "vertices" : [ {
      "x" : 0.0,
      "y" : 0.0,
      "z" : 0.0
    }, {
      "x" : 0.0,
      "y" : 0.0,
      "z" : 3.740198
    }, {
      "x" : 0.0,
      "y" : -4.712727,
      "z" : 4.606192
    }, {
      "x" : 0.0,
      "y" : -7.9164877,
      "z" : 1.4547058
    } ],
    "faces" : [ {
      "vertices" : [ 0, 1, 2, 3 ]
    }, {
      "vertices" : [ 0, 3, 2, 1 ]
    } ]
  }, {
    "id" : "77a3193b-970f-41d5-98ce-c56782f59d20",
    "vertices" : [ {
      "x" : 0.0,
      "y" : 0.0,
      "z" : 0.0
    }, {
      "x" : 0.0,
      "y" : -1.0277994,
      "z" : -3.364785
    }, {
      "x" : 0.0,
      "y" : 1.6479813,
      "z" : -6.254576
    } ],
    "faces" : [ {
      "vertices" : [ 0, 1, 2 ]
    }, {
      "vertices" : [ 0, 2, 1 ]
    } ]
  }, {
    "id" : "607d5ee4-52d5-4444-ba63-824cf683aa98",
    "vertices" : [ {
      "x" : 0.0,
      "y" : 0.0,
      "z" : 0.0
    }, {
      "x" : 0.0,
      "y" : 2.6757805,
      "z" : 2.8897913
    }, {
      "x" : 0.0,
      "y" : 1.6479813,
      "z" : 6.254576
    } ],
    "faces" : [ {
      "vertices" : [ 0, 1, 2 ]
    }, {
      "vertices" : [ 0, 2, 1 ]
    } ]
  }, {
    "id" : "9bf142cf-677f-428b-a353-2475bceb02ab",
    "vertices" : [ {
      "x" : 0.0,
      "y" : 0.0,
      "z" : 0.0
    }, {
      "x" : 0.0,
      "y" : 3.9365656,
      "z" : -1.1968634
    }, {
      "x" : 0.0,
      "y" : 6.080124,
      "z" : 1.4783446
    } ],
    "faces" : [ {
      "vertices" : [ 0, 1, 2 ]
    }, {
      "vertices" : [ 0, 2, 1 ]
    } ]
  }, {
    "id" : "1c4d4d96-0712-44eb-bb73-a7fadb2ce203",
    "vertices" : [ {
      "x" : 0.0,
      "y" : 0.0,
      "z" : 0.0
    }, {
      "x" : 0.0,
      "y" : -3.2037606,
      "z" : -3.1514862
    }, {
      "x" : 0.0,
      "y" : 0.4904664,
      "z" : -3.9520104
    } ],
    "faces" : [ {
      "vertices" : [ 0, 1, 2 ]
    }, {
      "vertices" : [ 0, 2, 1 ]
    } ]
  }, {
    "id" : "d78ef238-644e-45e9-a8af-b32da5313b0a",
    "vertices" : [ {
      "x" : 0.0,
      "y" : 0.0,
      "z" : 0.0
    }, {
      "x" : 0.0,
      "y" : -7.9164877,
      "z" : 1.4547058
    }, {
      "x" : 0.0,
      "y" : -9.071487,
      "z" : -1.5691234
    }, {
      "x" : 0.0,
      "y" : 0.0,
      "z" : -3.236068
    } ],
    "faces" : [ {
      "vertices" : [ 0, 1, 2, 3 ]
    }, {
      "vertices" : [ 0, 3, 2, 1 ]
    } ]
  }, {
    "id" : "8d8eacc3-ee90-4c5f-ad79-11286037a8f2",
    "vertices" : [ {
      "x" : 0.0,
      "y" : 0.0,
      "z" : 0.0
    }, {
      "x" : 0.0,
      "y" : -10.960886,
      "z" : -9.058775
    }, {
      "x" : 0.0,
      "y" : -9.805886,
      "z" : -12.082604
    }, {
      "x" : 0.0,
      "y" : 2.7541718,
      "z" : -1.7021718
    } ],
    "faces" : [ {
      "vertices" : [ 0, 1, 2, 3 ]
    }, {
      "vertices" : [ 0, 3, 2, 1 ]
    } ]
  }, {
    "id" : "817610fa-1365-480c-be5e-f88696977d00",
    "vertices" : [ {
      "x" : 0.0,
      "y" : 0.0,
      "z" : 0.0
    }, {
      "x" : 0.0,
      "y" : 12.560058,
      "z" : -10.380433
    }, {
      "x" : 0.0,
      "y" : 13.715058,
      "z" : -7.3566036
    }, {
      "x" : 0.0,
      "y" : 2.7541718,
      "z" : 1.7021718
    } ],
    "faces" : [ {
      "vertices" : [ 0, 1, 2, 3 ]
    }, {
      "vertices" : [ 0, 3, 2, 1 ]
    } ]
  }, {
    "id" : "fa8d9cf4-baf1-4a17-8061-b3c4c29bdbbc",
    "vertices" : [ {
      "x" : 0.0,
      "y" : 0.0,
      "z" : 0.0
    }, {
      "x" : 0.0,
      "y" : 7.9164877,
      "z" : 1.4547058
    }, {
      "x" : 0.0,
      "y" : 7.9164877,
      "z" : 4.690774
    }, {
      "x" : 0.0,
      "y" : -1.155,
      "z" : 3.0238292
    } ],
    "faces" : [ {
      "vertices" : [ 0, 1, 2, 3 ]
    }, {
      "vertices" : [ 0, 3, 2, 1 ]
    } ]
  }, {
    "id" : "019af4c5-967c-4e80-8814-b788e326c60d",
    "vertices" : [ {
      "x" : 0.0,
      "y" : 0.0,
      "z" : 0.0
    }, {
      "x" : 0.0,
      "y" : -3.3029659,
      "z" : -11.666859
    }, {
      "x" : 0.0,
      "y" : -0.5487941,
      "z" : -13.369031
    }, {
      "x" : 0.0,
      "y" : 3.236068,
      "z" : 0.0
    } ],
    "faces" : [ {
      "vertices" : [ 0, 1, 2, 3 ]
    }, {
      "vertices" : [ 0, 3, 2, 1 ]
    } ]
  }, {
    "id" : "08b6f077-2487-48d1-870a-bccdbd933325",
    "vertices" : [ {
      "x" : 0.0,
      "y" : 0.0,
      "z" : 0.0
    }, {
      "x" : 0.0,
      "y" : -3.9365656,
      "z" : 1.1968634
    }, {
      "x" : 0.0,
      "y" : -6.080124,
      "z" : -1.4783446
    } ],
    "faces" : [ {
      "vertices" : [ 0, 1, 2 ]
    }, {
      "vertices" : [ 0, 2, 1 ]
    } ]
  }, {
    "id" : "11a0cc67-354f-46ee-83dd-82df1dec8079",
    "vertices" : [ {
      "x" : 0.0,
      "y" : 0.0,
      "z" : 0.0
    }, {
      "x" : 0.0,
      "y" : 0.0,
      "z" : -3.740198
    }, {
      "x" : 0.0,
      "y" : 4.712727,
      "z" : -4.606192
    }, {
      "x" : 0.0,
      "y" : 7.9164877,
      "z" : -1.4547058
    } ],
    "faces" : [ {
      "vertices" : [ 0, 1, 2, 3 ]
    }, {
      "vertices" : [ 0, 3, 2, 1 ]
    } ]
  }, {
    "id" : "4c57ce59-4a8b-467f-81e0-fa4e3d029d20",
    "vertices" : [ {
      "x" : 0.0,
      "y" : 0.0,
      "z" : 0.0
    }, {
      "x" : 0.73632026,
      "y" : 1.6967233,
      "z" : -0.14275852
    }, {
      "x" : 1.7849529,
      "y" : 1.2111708,
      "z" : 0.28277168
    } ],
    "faces" : [ {
      "vertices" : [ 0, 1, 2 ]
    }, {
      "vertices" : [ 0, 2, 1 ]
    } ]
  }, {
    "id" : "da46d30b-1d0b-4ad7-9b46-770516beda58",
    "vertices" : [ {
      "x" : 0.0,
      "y" : 0.0,
      "z" : 0.0
    }, {
      "x" : -3.0,
      "y" : 1.389102,
      "z" : -1.2173858
    }, {
      "x" : -5.1065154,
      "y" : -3.465,
      "z" : -0.8089725
    } ],
