{
  "polygons" : "true",
  "field" : "golden",
  "symmetry" : "icosahedral",
  "orientations" : [ [ 1.0, 0.0, 0.0, 0.0, 0.0, 1.0, 0.0, 0.0, 0.0, 0.0, 1.0, 0.0, 0.0, 0.0, 0.0, 1.0 ], [ 0.0, 0.0, 1.0, 0.0, 1.0, 0.0, 0.0, 0.0, 0.0, 1.0, 0.0, 0.0, 0.0, 0.0, 0.0, 1.0 ], [ 0.0, 1.0, 0.0, 0.0, 0.0, 0.0, 1.0, 0.0, 1.0, 0.0, 0.0, 0.0, 0.0, 0.0, 0.0, 1.0 ], [ 0.809017, 0.309017, 0.5, 0.0, 0.309017, 0.5, -0.809017, 0.0, -0.5, 0.809017, 0.309017, 0.0, 0.0, 0.0, 0.0, 1.0 ], [ -0.5, 0.809017, 0.309017, 0.0, 0.809017, 0.309017, 0.5, 0.0, 0.309017, 0.5, -0.809017, 0.0, 0.0, 0.0, 0.0, 1.0 ], [ 0.309017, 0.5, -0.809017, 0.0, -0.5, 0.809017, 0.309017, 0.0, 0.809017, 0.309017, 0.5, 0.0, 0.0, 0.0, 0.0, 1.0 ], [ 0.5, 0.809017, 0.309017, 0.0, 0.809017, -0.309017, -0.5, 0.0, -0.309017, 0.5, -0.809017, 0.0, 0.0, 0.0, 0.0, 1.0 ], [ -0.309017, 0.5, -0.809017, 0.0, 0.5, 0.809017, 0.309017, 0.0, 0.809017, -0.309017, -0.5, 0.0, 0.0, 0.0, 0.0, 1.0 ], [ 0.809017, -0.309017, -0.5, 0.0, -0.309017, 0.5, -0.809017, 0.0, 0.5, 0.809017, 0.309017, 0.0, 0.0, 0.0, 0.0, 1.0 ], [ 0.5, 0.809017, -0.309017, 0.0, 0.809017, -0.309017, 0.5, 0.0, 0.309017, -0.5, -0.809017, 0.0, 0.0, 0.0, 0.0, 1.0 ], [ 0.309017, -0.5, -0.809017, 0.0, 0.5, 0.809017, -0.309017, 0.0, 0.809017, -0.309017, 0.5, 0.0, 0.0, 0.0, 0.0, 1.0 ], [ 0.809017, -0.309017, 0.5, 0.0, 0.309017, -0.5, -0.809017, 0.0, 0.5, 0.809017, -0.309017, 0.0, 0.0, 0.0, 0.0, 1.0 ], [ 0.809017, 0.309017, -0.5, 0.0, 0.309017, 0.5, 0.809017, 0.0, 0.5, -0.809017, 0.309017, 0.0, 0.0, 0.0, 0.0, 1.0 ], [ 0.5, -0.809017, 0.309017, 0.0, 0.809017, 0.309017, -0.5, 0.0, 0.309017, 0.5, 0.809017, 0.0, 0.0, 0.0, 0.0, 1.0 ], [ 0.309017, 0.5, 0.809017, 0.0, 0.5, -0.809017, 0.309017, 0.0, 0.809017, 0.309017, -0.5, 0.0, 0.0, 0.0, 0.0, 1.0 ], [ 1.0, 0.0, 0.0, 0.0, 0.0, -1.0, 0.0, 0.0, 0.0, 0.0, -1.0, 0.0, 0.0, 0.0, 0.0, 1.0 ], [ 0.0, 0.0, 1.0, 0.0, -1.0, 0.0, 0.0, 0.0, 0.0, -1.0, 0.0, 0.0, 0.0, 0.0, 0.0, 1.0 ], [ 0.0, 1.0, 0.0, 0.0, 0.0, 0.0, -1.0, 0.0, -1.0, 0.0, 0.0, 0.0, 0.0, 0.0, 0.0, 1.0 ], [ 0.809017, 0.309017, 0.5, 0.0, -0.309017, -0.5, 0.809017, 0.0, 0.5, -0.809017, -0.309017, 0.0, 0.0, 0.0, 0.0, 1.0 ], [ -0.5, 0.809017, 0.309017, 0.0, -0.809017, -0.309017, -0.5, 0.0, -0.309017, -0.5, 0.809017, 0.0, 0.0, 0.0, 0.0, 1.0 ], [ 0.309017, 0.5, -0.809017, 0.0, 0.5, -0.809017, -0.309017, 0.0, -0.809017, -0.309017, -0.5, 0.0, 0.0, 0.0, 0.0, 1.0 ], [ 0.5, 0.809017, 0.309017, 0.0, -0.809017, 0.309017, 0.5, 0.0, 0.309017, -0.5, 0.809017, 0.0, 0.0, 0.0, 0.0, 1.0 ], [ -0.309017, 0.5, -0.809017, 0.0, -0.5, -0.809017, -0.309017, 0.0, -0.809017, 0.309017, 0.5, 0.0, 0.0, 0.0, 0.0, 1.0 ], [ 0.809017, -0.309017, -0.5, 0.0, 0.309017, -0.5, 0.809017, 0.0, -0.5, -0.809017, -0.309017, 0.0, 0.0, 0.0, 0.0, 1.0 ], [ 0.5, 0.809017, -0.309017, 0.0, -0.809017, 0.309017, -0.5, 0.0, -0.309017, 0.5, 0.809017, 0.0, 0.0, 0.0, 0.0, 1.0 ], [ 0.309017, -0.5, -0.809017, 0.0, -0.5, -0.809017, 0.309017, 0.0, -0.809017, 0.309017, -0.5, 0.0, 0.0, 0.0, 0.0, 1.0 ], [ 0.809017, -0.309017, 0.5, 0.0, -0.309017, 0.5, 0.809017, 0.0, -0.5, -0.809017, 0.309017, 0.0, 0.0, 0.0, 0.0, 1.0 ], [ 0.809017, 0.309017, -0.5, 0.0, -0.309017, -0.5, -0.809017, 0.0, -0.5, 0.809017, -0.309017, 0.0, 0.0, 0.0, 0.0, 1.0 ], [ 0.5, -0.809017, 0.309017, 0.0, -0.809017, -0.309017, 0.5, 0.0, -0.309017, -0.5, -0.809017, 0.0, 0.0, 0.0, 0.0, 1.0 ], [ 0.309017, 0.5, 0.809017, 0.0, -0.5, 0.809017, -0.309017, 0.0, -0.809017, -0.309017, 0.5, 0.0, 0.0, 0.0, 0.0, 1.0 ], [ -1.0, 0.0, 0.0, 0.0, 0.0, -1.0, 0.0, 0.0, 0.0, 0.0, 1.0, 0.0, 0.0, 0.0, 0.0, 1.0 ], [ 0.0, 0.0, -1.0, 0.0, -1.0, 0.0, 0.0, 0.0, 0.0, 1.0, 0.0, 0.0, 0.0, 0.0, 0.0, 1.0 ], [ 0.0, -1.0, 0.0, 0.0, 0.0, 0.0, -1.0, 0.0, 1.0, 0.0, 0.0, 0.0, 0.0, 0.0, 0.0, 1.0 ], [ -0.809017, -0.309017, -0.5, 0.0, -0.309017, -0.5, 0.809017, 0.0, -0.5, 0.809017, 0.309017, 0.0, 0.0, 0.0, 0.0, 1.0 ], [ 0.5, -0.809017, -0.309017, 0.0, -0.809017, -0.309017, -0.5, 0.0, 0.309017, 0.5, -0.809017, 0.0, 0.0, 0.0, 0.0, 1.0 ], [ -0.309017, -0.5, 0.809017, 0.0, 0.5, -0.809017, -0.309017, 0.0, 0.809017, 0.309017, 0.5, 0.0, 0.0, 0.0, 0.0, 1.0 ], [ -0.5, -0.809017, -0.309017, 0.0, -0.809017, 0.309017, 0.5, 0.0, -0.309017, 0.5, -0.809017, 0.0, 0.0, 0.0, 0.0, 1.0 ], [ 0.309017, -0.5, 0.809017, 0.0, -0.5, -0.809017, -0.309017, 0.0, 0.809017, -0.309017, -0.5, 0.0, 0.0, 0.0, 0.0, 1.0 ], [ -0.809017, 0.309017, 0.5, 0.0, 0.309017, -0.5, 0.809017, 0.0, 0.5, 0.809017, 0.309017, 0.0, 0.0, 0.0, 0.0, 1.0 ], [ -0.5, -0.809017, 0.309017, 0.0, -0.809017, 0.309017, -0.5, 0.0, 0.309017, -0.5, -0.809017, 0.0, 0.0, 0.0, 0.0, 1.0 ], [ -0.309017, 0.5, 0.809017, 0.0, -0.5, -0.809017, 0.309017, 0.0, 0.809017, -0.309017, 0.5, 0.0, 0.0, 0.0, 0.0, 1.0 ], [ -0.809017, 0.309017, -0.5, 0.0, -0.309017, 0.5, 0.809017, 0.0, 0.5, 0.809017, -0.309017, 0.0, 0.0, 0.0, 0.0, 1.0 ], [ -0.809017, -0.309017, 0.5, 0.0, -0.309017, -0.5, -0.809017, 0.0, 0.5, -0.809017, 0.309017, 0.0, 0.0, 0.0, 0.0, 1.0 ], [ -0.5, 0.809017, -0.309017, 0.0, -0.809017, -0.309017, 0.5, 0.0, 0.309017, 0.5, 0.809017, 0.0, 0.0, 0.0, 0.0, 1.0 ], [ -0.309017, -0.5, -0.809017, 0.0, -0.5, 0.809017, -0.309017, 0.0, 0.809017, 0.309017, -0.5, 0.0, 0.0, 0.0, 0.0, 1.0 ], [ -1.0, 0.0, 0.0, 0.0, 0.0, 1.0, 0.0, 0.0, 0.0, 0.0, -1.0, 0.0, 0.0, 0.0, 0.0, 1.0 ], [ 0.0, 0.0, -1.0, 0.0, 1.0, 0.0, 0.0, 0.0, 0.0, -1.0, 0.0, 0.0, 0.0, 0.0, 0.0, 1.0 ], [ 0.0, -1.0, 0.0, 0.0, 0.0, 0.0, 1.0, 0.0, -1.0, 0.0, 0.0, 0.0, 0.0, 0.0, 0.0, 1.0 ], [ -0.809017, -0.309017, -0.5, 0.0, 0.309017, 0.5, -0.809017, 0.0, 0.5, -0.809017, -0.309017, 0.0, 0.0, 0.0, 0.0, 1.0 ], [ 0.5, -0.809017, -0.309017, 0.0, 0.809017, 0.309017, 0.5, 0.0, -0.309017, -0.5, 0.809017, 0.0, 0.0, 0.0, 0.0, 1.0 ], [ -0.309017, -0.5, 0.809017, 0.0, -0.5, 0.809017, 0.309017, 0.0, -0.809017, -0.309017, -0.5, 0.0, 0.0, 0.0, 0.0, 1.0 ], [ -0.5, -0.809017, -0.309017, 0.0, 0.809017, -0.309017, -0.5, 0.0, 0.309017, -0.5, 0.809017, 0.0, 0.0, 0.0, 0.0, 1.0 ], [ 0.309017, -0.5, 0.809017, 0.0, 0.5, 0.809017, 0.309017, 0.0, -0.809017, 0.309017, 0.5, 0.0, 0.0, 0.0, 0.0, 1.0 ], [ -0.809017, 0.309017, 0.5, 0.0, -0.309017, 0.5, -0.809017, 0.0, -0.5, -0.809017, -0.309017, 0.0, 0.0, 0.0, 0.0, 1.0 ], [ -0.5, -0.809017, 0.309017, 0.0, 0.809017, -0.309017, 0.5, 0.0, -0.309017, 0.5, 0.809017, 0.0, 0.0, 0.0, 0.0, 1.0 ], [ -0.309017, 0.5, 0.809017, 0.0, 0.5, 0.809017, -0.309017, 0.0, -0.809017, 0.309017, -0.5, 0.0, 0.0, 0.0, 0.0, 1.0 ], [ -0.809017, 0.309017, -0.5, 0.0, 0.309017, -0.5, -0.809017, 0.0, -0.5, -0.809017, 0.309017, 0.0, 0.0, 0.0, 0.0, 1.0 ], [ -0.809017, -0.309017, 0.5, 0.0, 0.309017, 0.5, 0.809017, 0.0, -0.5, 0.809017, -0.309017, 0.0, 0.0, 0.0, 0.0, 1.0 ], [ -0.5, 0.809017, -0.309017, 0.0, 0.809017, 0.309017, -0.5, 0.0, -0.309017, -0.5, -0.809017, 0.0, 0.0, 0.0, 0.0, 1.0 ], [ -0.309017, -0.5, -0.809017, 0.0, 0.5, -0.809017, 0.309017, 0.0, -0.809017, -0.309017, 0.5, 0.0, 0.0, 0.0, 0.0, 1.0 ] ],
  "lights" : {
    "backgroundColor" : "#CCCCCC",
    "ambientColor" : "#292929",
    "directionalLights" : [ {
      "direction" : [ 1.0, -1.0, -1.0 ],
      "color" : "#EBEBE4"
    }, {
      "direction" : [ -1.0, 0.0, 0.0 ],
      "color" : "#E4E4EB"
    }, {
      "direction" : [ 0.0, 0.0, -1.0 ],
      "color" : "#1E1E1E"
    } ]
  },
  "camera" : {
    "lookAtPoint" : {
      "x" : 0.0,
      "y" : 0.0,
      "z" : 0.0
    },
    "lookDirection" : {
      "x" : 0.5956561,
      "y" : -0.09370342,
      "z" : -0.7977531
    },
    "upDirection" : {
      "x" : 0.35743615,
      "y" : 0.9203422,
      "z" : 0.15878151
    },
    "nearClipDistance" : 0.23163696,
    "farClipDistance" : 185.3091,
    "lookAtPointRV" : {
      "x" : 0.0,
      "y" : 0.0,
      "z" : 0.0,
      "zero" : true
    },
    "fieldOfView" : 0.4426287,
    "upDirectionRV" : {
      "x" : 0.35743615,
      "y" : 0.9203422,
      "z" : 0.15878151,
      "zero" : false
    },
    "lookDirectionRV" : {
      "x" : 0.5956561,
      "y" : -0.09370342,
      "z" : -0.7977531,
      "zero" : false
    },
    "perspective" : true,
    "viewDistance" : 92.654686,
    "width" : 41.69459,
    "stereo" : false,
    "position" : {
      "x" : -55.19033,
      "y" : 8.682061,
      "z" : 73.915565
    }
  },
  "embedding" : [ 1.0, 0.0, 0.0, 0.0, 0.0, 1.0, 0.0, 0.0, 0.0, 0.0, 1.0, 0.0, 0.0, 0.0, 0.0, 1.0 ],
  "shapes" : [ {
    "id" : "9d1c1bf0-4b9e-4377-80e7-0b1f485f3a65",
    "orbit" : "7",
    "orbitC" : "[[1,0,2],[0,0,1]]",
    "length" : "[1,2,1]",
    "name" : " :1 +2*phi",
    "vertices" : [ {
      "x" : 0.13333334,
      "y" : 21.631622,
      "z" : -10.582478
    }, {
      "x" : -0.26666668,
      "y" : 21.731623,
      "z" : -10.682478
    }, {
      "x" : -0.13333334,
      "y" : 0.548718,
      "z" : -0.50769234
    }, {
      "x" : 0.26666668,
      "y" : 0.44871795,
      "z" : -0.4076923
    }, {
      "x" : -0.13333334,
      "y" : 21.49829,
      "z" : -10.982477
    }, {
      "x" : 0.26666668,
      "y" : 21.398289,
      "z" : -10.882478
    }, {
      "x" : 0.13333334,
      "y" : 0.6820513,
      "z" : -0.10769231
    }, {
      "x" : -0.26666668,
      "y" : 0.78205127,
      "z" : -0.20769231
    } ],
    "faces" : [ {
      "vertices" : [ 2, 3, 6, 7 ]
    }, {
      "vertices" : [ 0, 5, 4, 1 ]
    }, {
      "vertices" : [ 2, 4, 5, 3 ]
    }, {
      "vertices" : [ 0, 6, 3, 5 ]
    }, {
      "vertices" : [ 0, 1, 7, 6 ]
    }, {
      "vertices" : [ 1, 4, 2, 7 ]
    } ]
  }, {
    "id" : "08d5f2ce-5834-4d3f-a981-03b2951ef187",
    "vertices" : [ {
      "x" : 0.0,
      "y" : 0.0,
      "z" : 0.0
    }, {
      "x" : 16.635256,
      "y" : -2.118034,
      "z" : -7.663119
    }, {
      "x" : 8.972136,
      "y" : 0.809017,
      "z" : -12.399187
    } ],
    "faces" : [ {
      "vertices" : [ 0, 1, 2 ]
    }, {
      "vertices" : [ 0, 2, 1 ]
    } ]
  }, {
    "id" : "14bb7576-9908-44f0-a5c5-5e8b45c7891d",
    "vertices" : [ {
      "x" : 0.0,
      "y" : 0.0,
      "z" : 0.0
    }, {
      "x" : 12.399187,
      "y" : -4.736068,
      "z" : 7.663119
    }, {
      "x" : 17.944271,
      "y" : -4.236068,
      "z" : 0.0
    } ],
    "faces" : [ {
      "vertices" : [ 0, 1, 2 ]
    }, {
      "vertices" : [ 0, 2, 1 ]
    } ]
  }, {
    "id" : "f37c4da0-b2d2-448f-8ad2-56a28401a998",
    "name" : "ball",
    "vertices" : [ {
      "x" : 0.309017,
      "y" : -0.309017,
      "z" : -0.309017
    }, {
      "x" : 0.5,
      "y" : 0.0,
      "z" : -0.19098301
    }, {
      "x" : 0.5,
      "y" : 0.0,
      "z" : 0.19098301
    }, {
      "x" : 0.309017,
      "y" : -0.309017,
      "z" : 0.309017
    }, {
      "x" : 0.19098301,
      "y" : -0.5,
      "z" : 0.0
    }, {
      "x" : 0.0,
      "y" : 0.19098301,
      "z" : 0.5
    }, {
      "x" : 0.0,
      "y" : -0.19098301,
      "z" : 0.5
    }, {
      "x" : 0.309017,
      "y" : 0.309017,
      "z" : 0.309017
    }, {
      "x" : -0.309017,
      "y" : -0.309017,
      "z" : 0.309017
    }, {
      "x" : -0.309017,
      "y" : 0.309017,
      "z" : 0.309017
    }, {
      "x" : -0.5,
      "y" : 0.0,
      "z" : 0.19098301
    }, {
      "x" : 0.0,
      "y" : -0.19098301,
      "z" : -0.5
    }, {
      "x" : 0.0,
      "y" : 0.19098301,
      "z" : -0.5
    }, {
      "x" : 0.309017,
      "y" : 0.309017,
      "z" : -0.309017
    }, {
      "x" : -0.309017,
      "y" : -0.309017,
      "z" : -0.309017
    }, {
      "x" : -0.19098301,
      "y" : -0.5,
      "z" : 0.0
    }, {
      "x" : -0.5,
      "y" : 0.0,
      "z" : -0.19098301
    }, {
      "x" : 0.19098301,
      "y" : 0.5,
      "z" : 0.0
    }, {
      "x" : -0.309017,
      "y" : 0.309017,
      "z" : -0.309017
    }, {
      "x" : 0.0,
      "y" : 0.0,
      "z" : 0.0
    }, {
      "x" : -0.19098301,
      "y" : 0.5,
      "z" : 0.0
    } ],
    "faces" : [ {
      "vertices" : [ 12, 18, 20, 17, 13 ]
    }, {
      "vertices" : [ 3, 6, 8, 15, 4 ]
    }, {
      "vertices" : [ 0, 11, 12, 13, 1 ]
    }, {
      "vertices" : [ 5, 9, 10, 8, 6 ]
    }, {
      "vertices" : [ 2, 7, 5, 6, 3 ]
    }, {
      "vertices" : [ 11, 14, 16, 18, 12 ]
    }, {
      "vertices" : [ 1, 13, 17, 7, 2 ]
    }, {
      "vertices" : [ 9, 20, 18, 16, 10 ]
    }, {
      "vertices" : [ 0, 1, 2, 3, 4 ]
    }, {
      "vertices" : [ 5, 7, 17, 20, 9 ]
    }, {
      "vertices" : [ 0, 4, 15, 14, 11 ]
    }, {
      "vertices" : [ 8, 10, 16, 14, 15 ]
    } ]
  }, {
    "id" : "573d28a3-627b-4c2e-a0d2-fb2c6579618e",
    "vertices" : [ {
      "x" : 0.0,
      "y" : 0.0,
      "z" : 0.0
    }, {
      "x" : 0.0,
      "y" : 2.118034,
      "z" : -8.972136
    }, {
      "x" : -4.736068,
      "y" : 1.309017,
      "z" : -0.809017
    } ],
    "faces" : [ {
      "vertices" : [ 0, 1, 2 ]
    }, {
      "vertices" : [ 0, 2, 1 ]
    } ]
  }, {
    "id" : "c90b0d4a-2956-44e1-a0f6-09b9cd768999",
    "orbit" : "blue",
    "orbitC" : "[[0,0,1],[0,0,1]]",
    "length" : "[1,3,2]",
    "name" : " :1/2 +3/2*phi",
    "vertices" : [ {
      "x" : 1.0,
      "y" : 0.309017,
      "z" : 0.19098301
    }, {
      "x" : 1.0,
      "y" : -0.309017,
      "z" : 0.19098301
    }, {
      "x" : 23.798374,
      "y" : -0.309017,
      "z" : 0.19098301
    }, {
      "x" : 23.798374,
      "y" : 0.309017,
      "z" : 0.19098301
    }, {
      "x" : 23.798374,
      "y" : -0.309017,
      "z" : -0.19098301
    }, {
      "x" : 23.798374,
      "y" : 0.309017,
      "z" : -0.19098301
    }, {
      "x" : 24.416409,
      "y" : 0.0,
      "z" : 0.0
    }, {
      "x" : 0.38196602,
      "y" : 0.0,
      "z" : 0.0
    }, {
      "x" : 1.0,
      "y" : 0.309017,
      "z" : -0.19098301
    }, {
      "x" : 1.0,
      "y" : -0.309017,
      "z" : -0.19098301
    }, {
      "x" : 24.798374,
      "y" : 0.0,
      "z" : 0.0
    } ],
    "faces" : [ {
      "vertices" : [ 1, 9, 4, 2 ]
    }, {
      "vertices" : [ 0, 3, 5, 8 ]
    }, {
      "vertices" : [ 1, 7, 9 ]
    }, {
      "vertices" : [ 0, 1, 2, 3 ]
    }, {
      "vertices" : [ 7, 8, 9 ]
    }, {
      "vertices" : [ 0, 7, 1 ]
    }, {
      "vertices" : [ 4, 9, 8, 5 ]
    }, {
      "vertices" : [ 2, 6, 3 ]
    }, {
      "vertices" : [ 2, 4, 6 ]
    }, {
      "vertices" : [ 3, 6, 5 ]
    }, {
      "vertices" : [ 4, 5, 6 ]
    }, {
      "vertices" : [ 0, 8, 7 ]
    } ]
  }, {
    "id" : "146f853a-1cf5-43ed-9131-efbef66f7afe",
    "vertices" : [ {
      "x" : 0.0,
      "y" : 0.0,
      "z" : 0.0
    }, {
      "x" : 4.736068,
      "y" : 0.809017,
      "z" : -8.163119
    }, {
      "x" : 2.368034,
      "y" : 1.7135255,
      "z" : -9.626644
    } ],
    "faces" : [ {
      "vertices" : [ 0, 1, 2 ]
    }, {
      "vertices" : [ 0, 2, 1 ]
    } ]
  }, {
    "id" : "f689bdab-b406-4e37-a046-b05136667ace",
    "vertices" : [ {
      "x" : 0.0,
      "y" : 0.0,
      "z" : 0.0
    }, {
      "x" : -6.1995935,
      "y" : 3.177051,
      "z" : -7.2586102
    }, {
      "x" : -7.663119,
      "y" : 2.927051,
      "z" : -4.736068
    } ],
    "faces" : [ {
      "vertices" : [ 0, 1, 2 ]
    }, {
      "vertices" : [ 0, 2, 1 ]
    } ]
  }, {
    "id" : "2ca7bb3a-059c-4648-9c62-4a9c57d160e0",
    "orbit" : "6",
    "orbitC" : "[[0,0,1],[-3,2,1]]",
    "length" : "[1,1,1]",
    "name" : "long",
    "vertices" : [ {
      "x" : -7.185474,
      "y" : 16.099205,
      "z" : -2.1746283
    }, {
      "x" : -7.285474,
      "y" : 16.199203,
      "z" : -1.7746282
    }, {
      "x" : -0.47764495,
      "y" : 0.5360507,
      "z" : 0.056594152
    }, {
      "x" : -0.37764496,
      "y" : 0.43605068,
      "z" : -0.34340584
    }, {
      "x" : -7.585474,
      "y" : 15.965871,
      "z" : -1.9079615
    }, {
      "x" : -7.485474,
      "y" : 15.86587,
      "z" : -2.3079615
    }, {
      "x" : -0.07764497,
      "y" : 0.669384,
      "z" : -0.21007252
    }, {
      "x" : -0.17764497,
      "y" : 0.769384,
      "z" : 0.18992749
    } ],
    "faces" : [ {
      "vertices" : [ 2, 3, 6, 7 ]
    }, {
      "vertices" : [ 0, 5, 4, 1 ]
    }, {
      "vertices" : [ 2, 4, 5, 3 ]
    }, {
      "vertices" : [ 0, 6, 3, 5 ]
    }, {
      "vertices" : [ 0, 1, 7, 6 ]
    }, {
      "vertices" : [ 1, 4, 2, 7 ]
    } ]
  }, {
    "id" : "21065d7b-b83e-488d-89e2-772491bf9fc7",
    "orbit" : "8",
    "orbitC" : "[[16,-7,19],[5,-1,19]]",
    "length" : "[0,1,1]",
    "name" : "medium",
    "vertices" : [ {
      "x" : 5.6790924,
      "y" : 7.543061,
      "z" : -0.110405155
    }, {
      "x" : 5.5790925,
      "y" : 7.443061,
      "z" : -0.5104051
    }, {
      "x" : 0.5205011,
      "y" : 0.37005803,
      "z" : -0.29410335
    }, {
      "x" : 0.62050104,
      "y" : 0.47005802,
      "z" : 0.10589665
    }, {
      "x" : 5.879092,
      "y" : 7.209728,
      "z" : -0.6437385
    }, {
      "x" : 5.9790926,
      "y" : 7.3097277,
      "z" : -0.24373849
    }, {
      "x" : 0.32050106,
      "y" : 0.7033914,
      "z" : 0.23922999
    }, {
      "x" : 0.22050107,
      "y" : 0.60339135,
      "z" : -0.16077001
    } ],
    "faces" : [ {
      "vertices" : [ 2, 3, 6, 7 ]
    }, {
      "vertices" : [ 0, 5, 4, 1 ]
    }, {
      "vertices" : [ 2, 4, 5, 3 ]
    }, {
      "vertices" : [ 0, 6, 3, 5 ]
    }, {
      "vertices" : [ 0, 1, 7, 6 ]
    }, {
      "vertices" : [ 1, 4, 2, 7 ]
    } ]
  }, {
    "id" : "8bcafd63-dfdf-46c1-8c1c-4669427684f4",
    "vertices" : [ {
      "x" : 0.0,
      "y" : 0.0,
      "z" : 0.0
    }, {
      "x" : 3.8315594,
      "y" : -0.1545085,
      "z" : -3.177051
    }, {
      "x" : -3.8315594,
      "y" : 2.7725425,
      "z" : -7.913119
    } ],
    "faces" : [ {
      "vertices" : [ 0, 1, 2 ]
    }, {
      "vertices" : [ 0, 2, 1 ]
    } ]
  }, {
    "id" : "ef3a0c87-2161-4975-91ae-ac128b9c9648",
    "orbit" : "5",
    "orbitC" : "[[-3,2,1],[0,0,1]]",
    "length" : "[1,1,1]",
    "name" : "long",
    "vertices" : [ {
      "x" : -7.192363,
      "y" : -5.4824977,
      "z" : -15.333727
    }, {
      "x" : -7.292363,
      "y" : -5.0824976,
      "z" : -15.433726
    }, {
      "x" : -0.47075596,
      "y" : -0.062587515,
      "z" : -0.49251142
    }, {
      "x" : -0.37075597,
      "y" : -0.4625875,
      "z" : -0.39251143
    }, {
      "x" : -7.592363,
      "y" : -5.215831,
      "z" : -15.200393
    }, {
      "x" : -7.492363,
      "y" : -5.615831,
      "z" : -15.100393
    }, {
      "x" : -0.07075596,
      "y" : -0.32925418,
      "z" : -0.6258448
    }, {
      "x" : -0.17075595,
      "y" : 0.07074582,
      "z" : -0.72584474
    } ],
    "faces" : [ {
      "vertices" : [ 2, 3, 6, 7 ]
    }, {
      "vertices" : [ 0, 5, 4, 1 ]
    }, {
      "vertices" : [ 2, 4, 5, 3 ]
    }, {
      "vertices" : [ 0, 6, 3, 5 ]
    }, {
      "vertices" : [ 0, 1, 7, 6 ]
    }, {
      "vertices" : [ 1, 4, 2, 7 ]
    } ]
  }, {
    "id" : "a7968bf6-e1d1-491d-bd0f-3c75e2f1badb",
    "orbit" : "orange",
    "orbitC" : "[[-4,3,5],[3,-1,5]]",
    "length" : "[0,1,1]",
    "name" : "medium",
    "vertices" : [ {
      "x" : 11.685661,
      "y" : 1.9635255,
      "z" : -2.868034
    }, {
      "x" : 12.053696,
      "y" : 2.059017,
      "z" : -3.3315594
    }, {
      "x" : 1.0954915,
      "y" : 0.1545085,
      "z" : 0.059016995
    }, {
      "x" : 11.4946785,
      "y" : 2.2725425,
      "z" : -3.368034
    }, {
      "x" : 0.9045085,
      "y" : 0.4635255,
      "z" : -0.440983
    }, {
      "x" : 11.4946785,
      "y" : 1.6545085,
      "z" : -2.986068
    }, {
      "x" : 0.9045085,
      "y" : -0.1545085,
      "z" : -0.059016995
    }, {
      "x" : 11.303696,
      "y" : 1.9635255,
      "z" : -3.486068
    }, {
      "x" : 12.399187,
      "y" : 2.118034,
      "z" : -3.427051
    }, {
      "x" : 0.3454915,
      "y" : 0.059016995,
      "z" : -0.095491506
    }, {
      "x" : 0.7135255,
      "y" : 0.1545085,
      "z" : -0.559017
    } ],
    "faces" : [ {
      "vertices" : [ 2, 9, 6 ]
    }, {
      "vertices" : [ 0, 1, 3 ]
    }, {
      "vertices" : [ 0, 5, 1 ]
    }, {
      "vertices" : [ 4, 10, 9 ]
    }, {
      "vertices" : [ 3, 7, 10, 4 ]
    }, {
      "vertices" : [ 0, 3, 4, 2 ]
    }, {
      "vertices" : [ 6, 9, 10 ]
    }, {
      "vertices" : [ 1, 7, 3 ]
    }, {
      "vertices" : [ 5, 6, 10, 7 ]
    }, {
      "vertices" : [ 0, 2, 6, 5 ]
    }, {
      "vertices" : [ 1, 5, 7 ]
    }, {
      "vertices" : [ 2, 4, 9 ]
    } ]
  }, {
    "id" : "feb68439-1d3f-4c7d-aa95-7436ae5e377b",
    "orbit" : "red",
    "orbitC" : "[[-1,1,1],[0,0,1]]",
    "length" : "[0,1,1]",
    "name" : "r2",
    "vertices" : [ {
      "x" : 0.9045085,
      "y" : 0.3454915,
      "z" : 0.25
    }, {
      "x" : 10.376644,
      "y" : 6.1995935,
      "z" : 0.25
    }, {
      "x" : 10.185661,
      "y" : 6.5086102,
      "z" : 0.25
    }, {
      "x" : 0.7135255,
      "y" : 0.6545085,
      "z" : 0.25
    }, {
      "x" : 0.809017,
      "y" : 0.5,
      "z" : -0.309017
    }, {
      "x" : 0.9635255,
      "y" : 0.25,
      "z" : -0.095491506
    }, {
      "x" : 0.309017,
      "y" : 0.19098301,
      "z" : 0.0
    }, {
      "x" : 10.781153,
      "y" : 6.663119,
      "z" : 0.0
    }, {
      "x" : 10.126644,
      "y" : 6.604102,
      "z" : -0.095491506
    }, {
      "x" : 10.281153,
      "y" : 6.354102,
      "z" : -0.309017
    }, {
      "x" : 11.09017,
      "y" : 6.854102,
      "z" : 0.0
    }, {
      "x" : 0.6545085,
      "y" : 0.75,
      "z" : -0.095491506
    }, {
      "x" : 10.435661,
      "y" : 6.104102,
      "z" : -0.095491506
    } ],
    "faces" : [ {
      "vertices" : [ 4, 11, 8, 9 ]
    }, {
      "vertices" : [ 0, 1, 2, 3 ]
    }, {
      "vertices" : [ 0, 3, 6 ]
    }, {
      "vertices" : [ 1, 7, 2 ]
    }, {
      "vertices" : [ 0, 6, 5 ]
    }, {
      "vertices" : [ 4, 5, 6 ]
    }, {
      "vertices" : [ 2, 7, 8 ]
    }, {
      "vertices" : [ 0, 5, 12, 1 ]
    }, {
      "vertices" : [ 1, 12, 7 ]
    }, {
      "vertices" : [ 3, 11, 6 ]
    }, {
      "vertices" : [ 4, 6, 11 ]
    }, {
      "vertices" : [ 7, 9, 8 ]
    }, {
      "vertices" : [ 2, 8, 11, 3 ]
    }, {
      "vertices" : [ 7, 12, 9 ]
    }, {
      "vertices" : [ 4, 9, 12, 5 ]
    } ]
  } ],
  "instances" : [ {
    "shape" : "9d1c1bf0-4b9e-4377-80e7-0b1f485f3a65",
    "color" : "#B8860B",
    "position" : {
      "x" : -8.972136,
      "y" : -8.972136,
      "z" : 2.118034
    },
    "orientation" : 5
  }, {
    "shape" : "08d5f2ce-5834-4d3f-a981-03b2951ef187",
    "color" : "#D7C3FF",
    "position" : {
      "x" : -8.972136,
      "y" : -2.118034,
      "z" : -8.972136
    },
    "orientation" : 7
  }, {
    "shape" : "14bb7576-9908-44f0-a5c5-5e8b45c7891d",
    "color" : "#D7C3FF",
    "position" : {
      "x" : -8.972136,
      "y" : -2.118034,
      "z" : -8.972136
    },
    "orientation" : 13
  }, {
    "shape" : "f37c4da0-b2d2-448f-8ad2-56a28401a998",
    "color" : "#F2F2F2",
    "position" : {
      "x" : -8.972136,
      "y" : 0.0,
      "z" : 0.0
    }
  }, {
    "shape" : "f37c4da0-b2d2-448f-8ad2-56a28401a998",
    "color" : "#F2F2F2",
    "position" : {
      "x" : -4.236068,
      "y" : -1.309017,
      "z" : -0.809017
    }
  }, {
    "shape" : "08d5f2ce-5834-4d3f-a981-03b2951ef187",
    "color" : "#D7C3FF",
    "position" : {
      "x" : 3.427051,
      "y" : -11.09017,
      "z" : 5.545085
    },
    "orientation" : 13
  }, {
    "shape" : "f37c4da0-b2d2-448f-8ad2-56a28401a998",
    "color" : "#F2F2F2",
    "position" : {
      "x" : -1.309017,
      "y" : -3.427051,
      "z" : 2.618034
    }
  }, {
    "shape" : "573d28a3-627b-4c2e-a0d2-fb2c6579618e",
    "color" : "#D7C3FF",
    "position" : {
      "x" : 7.2586102,
      "y" : -2.7725425,
      "z" : 4.486068
    },
    "orientation" : 8
  }, {
    "shape" : "f37c4da0-b2d2-448f-8ad2-56a28401a998",
    "color" : "#F2F2F2",
    "position" : {
      "x" : 11.09017,
      "y" : -5.545085,
      "z" : -3.427051
    }
  }, {
    "shape" : "f37c4da0-b2d2-448f-8ad2-56a28401a998",
    "color" : "#F2F2F2",
    "position" : {
      "x" : 3.427051,
      "y" : 0.0,
      "z" : 12.399187
    }
  }, {
    "shape" : "14bb7576-9908-44f0-a5c5-5e8b45c7891d",
    "color" : "#D7C3FF",
    "position" : {
      "x" : 3.427051,
      "y" : 0.0,
      "z" : -12.399187
    },
    "orientation" : 10
  }, {
    "shape" : "f37c4da0-b2d2-448f-8ad2-56a28401a998",
    "color" : "#F2F2F2",
    "position" : {
      "x" : -4.236068,
      "y" : 1.309017,
      "z" : 0.809017
    }
  }, {
    "shape" : "f37c4da0-b2d2-448f-8ad2-56a28401a998",
    "color" : "#F2F2F2",
    "position" : {
      "x" : -2.7725425,
      "y" : -1.059017,
      "z" : 1.7135255
    }
  }, {
    "shape" : "f37c4da0-b2d2-448f-8ad2-56a28401a998",
    "color" : "#F2F2F2",
    "position" : {
      "x" : 3.427051,
      "y" : 0.0,
      "z" : 0.0
    }
  }, {
    "shape" : "08d5f2ce-5834-4d3f-a981-03b2951ef187",
    "color" : "#D7C3FF",
    "position" : {
      "x" : 11.09017,
      "y" : -5.545085,
      "z" : -3.427051
    },
    "orientation" : 1
  }, {
    "shape" : "573d28a3-627b-4c2e-a0d2-fb2c6579618e",
    "color" : "#D7C3FF",
    "position" : {
      "x" : -2.7725425,
      "y" : -4.486068,
      "z" : 7.2586102
    },
    "orientation" : 44
  }, {
    "shape" : "c90b0d4a-2956-44e1-a0f6-09b9cd768999",
    "color" : "#008EC2",
    "position" : {
      "x" : -8.972136,
      "y" : 2.118034,
      "z" : 8.972136
    },
    "orientation" : 26
  }, {
    "shape" : "146f853a-1cf5-43ed-9131-efbef66f7afe",
    "color" : "#D7C3FF",
    "position" : {
      "x" : 3.427051,
      "y" : -11.09017,
      "z" : 5.545085
    },
    "orientation" : 3
  }, {
    "shape" : "f37c4da0-b2d2-448f-8ad2-56a28401a998",
    "color" : "#F2F2F2",
    "position" : {
      "x" : 3.427051,
      "y" : 0.0,
      "z" : 2.927051
    }
  }, {
    "shape" : "9d1c1bf0-4b9e-4377-80e7-0b1f485f3a65",
    "color" : "#B8860B",
    "position" : {
      "x" : -8.972136,
      "y" : -2.118034,
      "z" : -8.972136
    },
    "orientation" : 41
  }, {
    "shape" : "f689bdab-b406-4e37-a046-b05136667ace",
    "color" : "#D7C3FF",
    "position" : {
      "x" : 3.427051,
      "y" : -11.09017,
      "z" : 5.545085
    },
    "orientation" : 8
  }, {
    "shape" : "2ca7bb3a-059c-4648-9c62-4a9c57d160e0",
    "color" : "#FFFFFF",
    "position" : {
      "x" : 3.427051,
      "y" : -11.09017,
      "z" : 5.545085
    },
    "orientation" : 5
  }, {
    "shape" : "146f853a-1cf5-43ed-9131-efbef66f7afe",
    "color" : "#D7C3FF",
    "position" : {
      "x" : -8.972136,
      "y" : -2.118034,
      "z" : -8.972136
    },
    "orientation" : 44
  }, {
    "shape" : "21065d7b-b83e-488d-89e2-772491bf9fc7",
    "color" : "#FFFFFF",
    "position" : {
      "x" : -8.972136,
      "y" : -2.118034,
      "z" : -8.972136
    },
    "orientation" : 5
  }, {
    "shape" : "21065d7b-b83e-488d-89e2-772491bf9fc7",
    "color" : "#FFFFFF",
    "position" : {
      "x" : 11.09017,
      "y" : -5.545085,
      "z" : -3.427051
    },
    "orientation" : 57
  }, {
    "shape" : "2ca7bb3a-059c-4648-9c62-4a9c57d160e0",
    "color" : "#FFFFFF",
    "position" : {
      "x" : 11.09017,
      "y" : -5.545085,
      "z" : -3.427051
    },
    "orientation" : 0
  }, {
    "shape" : "146f853a-1cf5-43ed-9131-efbef66f7afe",
    "color" : "#D7C3FF",
    "position" : {
      "x" : 11.09017,
      "y" : -5.545085,
      "z" : -3.427051
    },
    "orientation" : 55
  }, {
    "shape" : "f37c4da0-b2d2-448f-8ad2-56a28401a998",
    "color" : "#F2F2F2",
    "position" : {
      "x" : -8.972136,
      "y" : 2.118034,
      "z" : 8.972136
    }
  }, {
    "shape" : "573d28a3-627b-4c2e-a0d2-fb2c6579618e",
    "color" : "#D7C3FF",
    "position" : {
      "x" : 7.2586102,
      "y" : 2.7725425,
      "z" : -4.486068
    },
    "orientation" : 3
  }, {
    "shape" : "f37c4da0-b2d2-448f-8ad2-56a28401a998",
    "color" : "#F2F2F2",
    "position" : {
      "x" : 3.427051,
      "y" : -11.09017,
      "z" : 5.545085
    }
  }, {
    "shape" : "c90b0d4a-2956-44e1-a0f6-09b9cd768999",
    "color" : "#008EC2",
    "position" : {
      "x" : 3.427051,
      "y" : 11.09017,
      "z" : -5.545085
    },
    "orientation" : 39
  }, {
    "shape" : "f37c4da0-b2d2-448f-8ad2-56a28401a998",
    "color" : "#F2F2F2",
    "position" : {
      "x" : 1.059017,
      "y" : 1.7135255,
      "z" : -2.7725425
    }
  }, {
    "shape" : "f37c4da0-b2d2-448f-8ad2-56a28401a998",
    "color" : "#F2F2F2",
    "position" : {
      "x" : -1.309017,
      "y" : 0.809017,
      "z" : -4.236068
    }
  }, {
    "shape" : "f37c4da0-b2d2-448f-8ad2-56a28401a998",
    "color" : "#F2F2F2",
    "position" : {
      "x" : -8.972136,
      "y" : -8.972136,
      "z" : 2.118034
    }
  }, {
    "shape" : "146f853a-1cf5-43ed-9131-efbef66f7afe",
    "color" : "#D7C3FF",
    "position" : {
      "x" : 3.427051,
      "y" : 0.0,
      "z" : -12.399187
    },
    "orientation" : 45
  }, {
    "shape" : "c90b0d4a-2956-44e1-a0f6-09b9cd768999",
    "color" : "#008EC2",
    "position" : {
      "x" : 3.427051,
      "y" : 0.0,
      "z" : 12.399187
    },
    "orientation" : 47
  }, {
    "shape" : "21065d7b-b83e-488d-89e2-772491bf9fc7",
    "color" : "#FFFFFF",
    "position" : {
      "x" : 3.427051,
      "y" : -11.09017,
      "z" : 5.545085
    },
    "orientation" : 52
  }, {
    "shape" : "8bcafd63-dfdf-46c1-8c1c-4669427684f4",
    "color" : "#D7C3FF",
    "position" : {
      "x" : 7.2586102,
      "y" : 2.7725425,
      "z" : -4.486068
    },
    "orientation" : 45
  }, {
    "shape" : "ef3a0c87-2161-4975-91ae-ac128b9c9648",
    "color" : "#FFFFFF",
    "position" : {
      "x" : -8.972136,
      "y" : 2.118034,
      "z" : 8.972136
    },
    "orientation" : 41
  }, {
    "shape" : "f689bdab-b406-4e37-a046-b05136667ace",
    "color" : "#D7C3FF",
    "position" : {
      "x" : -8.972136,
      "y" : -2.118034,
      "z" : -8.972136
    },
    "orientation" : 45
  }, {
    "shape" : "f37c4da0-b2d2-448f-8ad2-56a28401a998",
    "color" : "#F2F2F2",
    "position" : {
      "x" : 11.09017,
      "y" : 5.545085,
      "z" : 3.427051
    }
  }, {
    "shape" : "573d28a3-627b-4c2e-a0d2-fb2c6579618e",
    "color" : "#D7C3FF",
    "position" : {
      "x" : -2.7725425,
      "y" : 4.486068,
      "z" : -7.2586102
    },
    "orientation" : 55
  }, {
    "shape" : "f689bdab-b406-4e37-a046-b05136667ace",
    "color" : "#D7C3FF",
    "position" : {
      "x" : 3.427051,
      "y" : 0.0,
      "z" : -12.399187
    },
    "orientation" : 55
  }, {
    "shape" : "21065d7b-b83e-488d-89e2-772491bf9fc7",
    "color" : "#FFFFFF",
    "position" : {
      "x" : 3.427051,
      "y" : 0.0,
      "z" : -12.399187
    },
    "orientation" : 41
  }, {
    "shape" : "f37c4da0-b2d2-448f-8ad2-56a28401a998",
    "color" : "#F2F2F2",
    "position" : {
      "x" : 3.427051,
      "y" : -2.618034,
      "z" : 1.309017
    }
  }, {
    "shape" : "f37c4da0-b2d2-448f-8ad2-56a28401a998",
    "color" : "#F2F2F2",
    "position" : {
      "x" : -1.309017,
      "y" : 3.427051,
      "z" : -2.618034
    }
  }, {
    "shape" : "f37c4da0-b2d2-448f-8ad2-56a28401a998",
    "color" : "#F2F2F2",
    "position" : {
      "x" : -8.972136,
      "y" : 8.972136,
      "z" : -2.118034
    }
  }, {
    "shape" : "2ca7bb3a-059c-4648-9c62-4a9c57d160e0",
    "color" : "#FFFFFF",
    "position" : {
      "x" : -8.972136,
      "y" : -2.118034,
      "z" : -8.972136
    },
    "orientation" : 57
  }, {
    "shape" : "f37c4da0-b2d2-448f-8ad2-56a28401a998",
    "color" : "#F2F2F2",
    "position" : {
      "x" : 1.059017,
      "y" : -1.7135255,
      "z" : 2.7725425
    }
  }, {
    "shape" : "08d5f2ce-5834-4d3f-a981-03b2951ef187",
    "color" : "#D7C3FF",
    "position" : {
      "x" : 3.427051,
      "y" : 0.0,
      "z" : -12.399187
    },
    "orientation" : 4
  }, {
    "shape" : "f37c4da0-b2d2-448f-8ad2-56a28401a998",
    "color" : "#F2F2F2",
    "position" : {
      "x" : 3.427051,
      "y" : 0.0,
      "z" : -12.399187
    }
  }, {
    "shape" : "f37c4da0-b2d2-448f-8ad2-56a28401a998",
    "color" : "#F2F2F2",
    "position" : {
      "x" : 3.427051,
      "y" : 11.09017,
      "z" : -5.545085
    }
  }, {
    "shape" : "f37c4da0-b2d2-448f-8ad2-56a28401a998",
    "color" : "#F2F2F2",
    "position" : {
      "x" : -2.7725425,
      "y" : -4.486068,
      "z" : 7.2586102
    }
  }, {
    "shape" : "ef3a0c87-2161-4975-91ae-ac128b9c9648",
    "color" : "#FFFFFF",
    "position" : {
      "x" : -8.972136,
      "y" : 8.972136,
      "z" : -2.118034
    },
    "orientation" : 57
  }, {
    "shape" : "8bcafd63-dfdf-46c1-8c1c-4669427684f4",
    "color" : "#D7C3FF",
    "position" : {
      "x" : -8.972136,
      "y" : 0.0,
      "z" : 0.0
    },
    "orientation" : 8
  }, {
    "shape" : "8bcafd63-dfdf-46c1-8c1c-4669427684f4",
    "color" : "#D7C3FF",
    "position" : {
      "x" : 7.2586102,
      "y" : -2.7725425,
      "z" : 4.486068
    },
    "orientation" : 55
  }, {
    "shape" : "146f853a-1cf5-43ed-9131-efbef66f7afe",
    "color" : "#D7C3FF",
    "position" : {
      "x" : -8.972136,
      "y" : -8.972136,
      "z" : 2.118034
    },
    "orientation" : 8
  }, {
    "shape" : "9d1c1bf0-4b9e-4377-80e7-0b1f485f3a65",
    "color" : "#B8860B",
    "position" : {
      "x" : 11.09017,
      "y" : -5.545085,
      "z" : -3.427051
    },
    "orientation" : 52
  }, {
    "shape" : "f689bdab-b406-4e37-a046-b05136667ace",
    "color" : "#D7C3FF",
    "position" : {
      "x" : 11.09017,
      "y" : -5.545085,
      "z" : -3.427051
    },
    "orientation" : 3
  }, {
    "shape" : "08d5f2ce-5834-4d3f-a981-03b2951ef187",
    "color" : "#D7C3FF",
    "position" : {
      "x" : -8.972136,
      "y" : -8.972136,
      "z" : 2.118034
    },
    "orientation" : 10
  }, {
    "shape" : "f689bdab-b406-4e37-a046-b05136667ace",
    "color" : "#D7C3FF",
    "position" : {
      "x" : -8.972136,
      "y" : -8.972136,
      "z" : 2.118034
    },
    "orientation" : 44
  }, {
    "shape" : "f37c4da0-b2d2-448f-8ad2-56a28401a998",
    "color" : "#F2F2F2",
    "position" : {
      "x" : -2.7725425,
      "y" : 1.059017,
      "z" : -1.7135255
    }
  }, {
    "shape" : "14bb7576-9908-44f0-a5c5-5e8b45c7891d",
    "color" : "#D7C3FF",
    "position" : {
      "x" : 11.09017,
      "y" : -5.545085,
      "z" : -3.427051
    },
    "orientation" : 7
  }, {
    "shape" : "f37c4da0-b2d2-448f-8ad2-56a28401a998",
    "color" : "#F2F2F2",
    "position" : {
      "x" : 7.2586102,
      "y" : -2.7725425,
      "z" : 4.486068
    }
  }, {
    "shape" : "9d1c1bf0-4b9e-4377-80e7-0b1f485f3a65",
    "color" : "#B8860B",
    "position" : {
      "x" : 3.427051,
      "y" : -11.09017,
      "z" : 5.545085
    },
    "orientation" : 0
  }, {
    "shape" : "14bb7576-9908-44f0-a5c5-5e8b45c7891d",
    "color" : "#D7C3FF",
    "position" : {
      "x" : 3.427051,
      "y" : -11.09017,
      "z" : 5.545085
    },
    "orientation" : 4
  }, {
    "shape" : "2ca7bb3a-059c-4648-9c62-4a9c57d160e0",
    "color" : "#FFFFFF",
    "position" : {
      "x" : 3.427051,
      "y" : 0.0,
      "z" : -12.399187
    },
    "orientation" : 52
  }, {
    "shape" : "c90b0d4a-2956-44e1-a0f6-09b9cd768999",
    "color" : "#008EC2",
    "position" : {
      "x" : -8.972136,
      "y" : 8.972136,
      "z" : -2.118034
    },
    "orientation" : 21
  }, {
    "shape" : "f37c4da0-b2d2-448f-8ad2-56a28401a998",
    "color" : "#F2F2F2",
    "position" : {
      "x" : -2.7725425,
      "y" : 4.486068,
      "z" : -7.2586102
    }
  }, {
    "shape" : "f37c4da0-b2d2-448f-8ad2-56a28401a998",
    "color" : "#F2F2F2",
    "position" : {
      "x" : 3.427051,
      "y" : 0.0,
      "z" : -2.927051
    }
  }, {
    "shape" : "8bcafd63-dfdf-46c1-8c1c-4669427684f4",
    "color" : "#D7C3FF",
    "position" : {
      "x" : -2.7725425,
      "y" : -4.486068,
      "z" : 7.2586102
    },
    "orientation" : 3
  }, {
    "shape" : "573d28a3-627b-4c2e-a0d2-fb2c6579618e",
    "color" : "#D7C3FF",
    "position" : {
      "x" : -8.972136,
      "y" : 0.0,
      "z" : 0.0
    },
    "orientation" : 45
  }, {
    "shape" : "ef3a0c87-2161-4975-91ae-ac128b9c9648",
    "color" : "#FFFFFF",
    "position" : {
      "x" : 11.09017,
      "y" : 5.545085,
      "z" : 3.427051
    },
    "orientation" : 0
  }, {
    "shape" : "f37c4da0-b2d2-448f-8ad2-56a28401a998",
    "color" : "#F2F2F2",
    "position" : {
      "x" : 7.2586102,
      "y" : 2.7725425,
      "z" : -4.486068
    }
  }, {
    "shape" : "f37c4da0-b2d2-448f-8ad2-56a28401a998",
    "color" : "#F2F2F2",
    "position" : {
      "x" : -8.972136,
      "y" : -2.118034,
      "z" : -8.972136
    }
  }, {
    "shape" : "f37c4da0-b2d2-448f-8ad2-56a28401a998",
    "color" : "#F2F2F2",
    "position" : {
      "x" : -1.309017,
      "y" : -0.809017,
      "z" : 4.236068
    }
  }, {
    "shape" : "8bcafd63-dfdf-46c1-8c1c-4669427684f4",
    "color" : "#D7C3FF",
    "position" : {
      "x" : -2.7725425,
      "y" : 4.486068,
      "z" : -7.2586102
    },
    "orientation" : 44
  }, {
    "shape" : "ef3a0c87-2161-4975-91ae-ac128b9c9648",
    "color" : "#FFFFFF",
    "position" : {
      "x" : 3.427051,
      "y" : 11.09017,
      "z" : -5.545085
    },
    "orientation" : 52
  }, {
    "shape" : "ef3a0c87-2161-4975-91ae-ac128b9c9648",
    "color" : "#FFFFFF",
    "position" : {
      "x" : 3.427051,
      "y" : 0.0,
      "z" : 12.399187
    },
    "orientation" : 5
  }, {
    "shape" : "14bb7576-9908-44f0-a5c5-5e8b45c7891d",
    "color" : "#D7C3FF",
    "position" : {
      "x" : -8.972136,
      "y" : -8.972136,
      "z" : 2.118034
    },
    "orientation" : 1
  }, {
    "shape" : "2ca7bb3a-059c-4648-9c62-4a9c57d160e0",
    "color" : "#FFFFFF",
    "position" : {
      "x" : -8.972136,
      "y" : -8.972136,
      "z" : 2.118034
    },
    "orientation" : 41
  }, {
    "shape" : "f37c4da0-b2d2-448f-8ad2-56a28401a998",
    "color" : "#F2F2F2",
    "position" : {
      "x" : 3.427051,
      "y" : 2.618034,
      "z" : -1.309017
    }
  }, {
    "shape" : "c90b0d4a-2956-44e1-a0f6-09b9cd768999",
    "color" : "#008EC2",
    "position" : {
      "x" : 11.09017,
      "y" : 5.545085,
      "z" : 3.427051
    },
    "orientation" : 53
  }, {
    "shape" : "9d1c1bf0-4b9e-4377-80e7-0b1f485f3a65",
    "color" : "#B8860B",
    "position" : {
      "x" : 3.427051,
      "y" : 0.0,
      "z" : -12.399187
    },
    "orientation" : 57
  } ],
  "scenes" : [ {
    "title" : "",
    "content" : "",
    "view" : {
      "lookAtPoint" : {
        "x" : 0.0,
        "y" : 0.0,
        "z" : 0.0
      },
      "lookDirection" : {
        "x" : 0.5956561,
        "y" : -0.09370342,
        "z" : -0.7977531
      },
      "upDirection" : {
        "x" : 0.35743615,
        "y" : 0.9203422,
        "z" : 0.15878151
      },
      "nearClipDistance" : 0.23163696,
      "farClipDistance" : 185.3091,
      "lookAtPointRV" : {
        "x" : 0.0,
        "y" : 0.0,
        "z" : 0.0,
        "zero" : true
      },
      "fieldOfView" : 0.4426287,
      "upDirectionRV" : {
        "x" : 0.35743615,
        "y" : 0.9203422,
        "z" : 0.15878151,
        "zero" : false
      },
      "lookDirectionRV" : {
        "x" : 0.5956561,
        "y" : -0.09370342,
        "z" : -0.7977531,
        "zero" : false
      },
      "perspective" : true,
      "viewDistance" : 92.654686,
      "width" : 41.69459,
      "stereo" : false,
      "position" : {
        "x" : -55.19033,
        "y" : 8.682061,
        "z" : 73.915565
      }
    },
    "snapshot" : 0
  } ],
  "snapshots" : [ [ {
    "shape" : "f37c4da0-b2d2-448f-8ad2-56a28401a998",
    "color" : "#F2F2F2",
    "position" : {
      "x" : 3.427051,
      "y" : -11.09017,
      "z" : 5.545085
    },
    "orientation" : 0
  }, {
    "shape" : "21065d7b-b83e-488d-89e2-772491bf9fc7",
    "color" : "#FFFFFF",
    "position" : {
      "x" : 3.427051,
      "y" : 0.0,
      "z" : -12.399187
    },
    "orientation" : 41
  }, {
    "shape" : "2ca7bb3a-059c-4648-9c62-4a9c57d160e0",
    "color" : "#FFFFFF",
    "position" : {
      "x" : 3.427051,
      "y" : 0.0,
      "z" : -12.399187
    },
    "orientation" : 52
  }, {
    "shape" : "f37c4da0-b2d2-448f-8ad2-56a28401a998",
    "color" : "#F2F2F2",
    "position" : {
      "x" : -2.7725425,
      "y" : 4.486068,
      "z" : -7.2586102
    },
