{
  "polygons" : "true",
  "field" : "golden",
  "symmetry" : "icosahedral",
  "orientations" : [ [ 1.0, 0.0, 0.0, 0.0, 0.0, 1.0, 0.0, 0.0, 0.0, 0.0, 1.0, 0.0, 0.0, 0.0, 0.0, 1.0 ], [ 0.0, 0.0, 1.0, 0.0, 1.0, 0.0, 0.0, 0.0, 0.0, 1.0, 0.0, 0.0, 0.0, 0.0, 0.0, 1.0 ], [ 0.0, 1.0, 0.0, 0.0, 0.0, 0.0, 1.0, 0.0, 1.0, 0.0, 0.0, 0.0, 0.0, 0.0, 0.0, 1.0 ], [ 0.809017, 0.309017, 0.5, 0.0, 0.309017, 0.5, -0.809017, 0.0, -0.5, 0.809017, 0.309017, 0.0, 0.0, 0.0, 0.0, 1.0 ], [ -0.5, 0.809017, 0.309017, 0.0, 0.809017, 0.309017, 0.5, 0.0, 0.309017, 0.5, -0.809017, 0.0, 0.0, 0.0, 0.0, 1.0 ], [ 0.309017, 0.5, -0.809017, 0.0, -0.5, 0.809017, 0.309017, 0.0, 0.809017, 0.309017, 0.5, 0.0, 0.0, 0.0, 0.0, 1.0 ], [ 0.5, 0.809017, 0.309017, 0.0, 0.809017, -0.309017, -0.5, 0.0, -0.309017, 0.5, -0.809017, 0.0, 0.0, 0.0, 0.0, 1.0 ], [ -0.309017, 0.5, -0.809017, 0.0, 0.5, 0.809017, 0.309017, 0.0, 0.809017, -0.309017, -0.5, 0.0, 0.0, 0.0, 0.0, 1.0 ], [ 0.809017, -0.309017, -0.5, 0.0, -0.309017, 0.5, -0.809017, 0.0, 0.5, 0.809017, 0.309017, 0.0, 0.0, 0.0, 0.0, 1.0 ], [ 0.5, 0.809017, -0.309017, 0.0, 0.809017, -0.309017, 0.5, 0.0, 0.309017, -0.5, -0.809017, 0.0, 0.0, 0.0, 0.0, 1.0 ], [ 0.309017, -0.5, -0.809017, 0.0, 0.5, 0.809017, -0.309017, 0.0, 0.809017, -0.309017, 0.5, 0.0, 0.0, 0.0, 0.0, 1.0 ], [ 0.809017, -0.309017, 0.5, 0.0, 0.309017, -0.5, -0.809017, 0.0, 0.5, 0.809017, -0.309017, 0.0, 0.0, 0.0, 0.0, 1.0 ], [ 0.809017, 0.309017, -0.5, 0.0, 0.309017, 0.5, 0.809017, 0.0, 0.5, -0.809017, 0.309017, 0.0, 0.0, 0.0, 0.0, 1.0 ], [ 0.5, -0.809017, 0.309017, 0.0, 0.809017, 0.309017, -0.5, 0.0, 0.309017, 0.5, 0.809017, 0.0, 0.0, 0.0, 0.0, 1.0 ], [ 0.309017, 0.5, 0.809017, 0.0, 0.5, -0.809017, 0.309017, 0.0, 0.809017, 0.309017, -0.5, 0.0, 0.0, 0.0, 0.0, 1.0 ], [ 1.0, 0.0, 0.0, 0.0, 0.0, -1.0, 0.0, 0.0, 0.0, 0.0, -1.0, 0.0, 0.0, 0.0, 0.0, 1.0 ], [ 0.0, 0.0, 1.0, 0.0, -1.0, 0.0, 0.0, 0.0, 0.0, -1.0, 0.0, 0.0, 0.0, 0.0, 0.0, 1.0 ], [ 0.0, 1.0, 0.0, 0.0, 0.0, 0.0, -1.0, 0.0, -1.0, 0.0, 0.0, 0.0, 0.0, 0.0, 0.0, 1.0 ], [ 0.809017, 0.309017, 0.5, 0.0, -0.309017, -0.5, 0.809017, 0.0, 0.5, -0.809017, -0.309017, 0.0, 0.0, 0.0, 0.0, 1.0 ], [ -0.5, 0.809017, 0.309017, 0.0, -0.809017, -0.309017, -0.5, 0.0, -0.309017, -0.5, 0.809017, 0.0, 0.0, 0.0, 0.0, 1.0 ], [ 0.309017, 0.5, -0.809017, 0.0, 0.5, -0.809017, -0.309017, 0.0, -0.809017, -0.309017, -0.5, 0.0, 0.0, 0.0, 0.0, 1.0 ], [ 0.5, 0.809017, 0.309017, 0.0, -0.809017, 0.309017, 0.5, 0.0, 0.309017, -0.5, 0.809017, 0.0, 0.0, 0.0, 0.0, 1.0 ], [ -0.309017, 0.5, -0.809017, 0.0, -0.5, -0.809017, -0.309017, 0.0, -0.809017, 0.309017, 0.5, 0.0, 0.0, 0.0, 0.0, 1.0 ], [ 0.809017, -0.309017, -0.5, 0.0, 0.309017, -0.5, 0.809017, 0.0, -0.5, -0.809017, -0.309017, 0.0, 0.0, 0.0, 0.0, 1.0 ], [ 0.5, 0.809017, -0.309017, 0.0, -0.809017, 0.309017, -0.5, 0.0, -0.309017, 0.5, 0.809017, 0.0, 0.0, 0.0, 0.0, 1.0 ], [ 0.309017, -0.5, -0.809017, 0.0, -0.5, -0.809017, 0.309017, 0.0, -0.809017, 0.309017, -0.5, 0.0, 0.0, 0.0, 0.0, 1.0 ], [ 0.809017, -0.309017, 0.5, 0.0, -0.309017, 0.5, 0.809017, 0.0, -0.5, -0.809017, 0.309017, 0.0, 0.0, 0.0, 0.0, 1.0 ], [ 0.809017, 0.309017, -0.5, 0.0, -0.309017, -0.5, -0.809017, 0.0, -0.5, 0.809017, -0.309017, 0.0, 0.0, 0.0, 0.0, 1.0 ], [ 0.5, -0.809017, 0.309017, 0.0, -0.809017, -0.309017, 0.5, 0.0, -0.309017, -0.5, -0.809017, 0.0, 0.0, 0.0, 0.0, 1.0 ], [ 0.309017, 0.5, 0.809017, 0.0, -0.5, 0.809017, -0.309017, 0.0, -0.809017, -0.309017, 0.5, 0.0, 0.0, 0.0, 0.0, 1.0 ], [ -1.0, 0.0, 0.0, 0.0, 0.0, -1.0, 0.0, 0.0, 0.0, 0.0, 1.0, 0.0, 0.0, 0.0, 0.0, 1.0 ], [ 0.0, 0.0, -1.0, 0.0, -1.0, 0.0, 0.0, 0.0, 0.0, 1.0, 0.0, 0.0, 0.0, 0.0, 0.0, 1.0 ], [ 0.0, -1.0, 0.0, 0.0, 0.0, 0.0, -1.0, 0.0, 1.0, 0.0, 0.0, 0.0, 0.0, 0.0, 0.0, 1.0 ], [ -0.809017, -0.309017, -0.5, 0.0, -0.309017, -0.5, 0.809017, 0.0, -0.5, 0.809017, 0.309017, 0.0, 0.0, 0.0, 0.0, 1.0 ], [ 0.5, -0.809017, -0.309017, 0.0, -0.809017, -0.309017, -0.5, 0.0, 0.309017, 0.5, -0.809017, 0.0, 0.0, 0.0, 0.0, 1.0 ], [ -0.309017, -0.5, 0.809017, 0.0, 0.5, -0.809017, -0.309017, 0.0, 0.809017, 0.309017, 0.5, 0.0, 0.0, 0.0, 0.0, 1.0 ], [ -0.5, -0.809017, -0.309017, 0.0, -0.809017, 0.309017, 0.5, 0.0, -0.309017, 0.5, -0.809017, 0.0, 0.0, 0.0, 0.0, 1.0 ], [ 0.309017, -0.5, 0.809017, 0.0, -0.5, -0.809017, -0.309017, 0.0, 0.809017, -0.309017, -0.5, 0.0, 0.0, 0.0, 0.0, 1.0 ], [ -0.809017, 0.309017, 0.5, 0.0, 0.309017, -0.5, 0.809017, 0.0, 0.5, 0.809017, 0.309017, 0.0, 0.0, 0.0, 0.0, 1.0 ], [ -0.5, -0.809017, 0.309017, 0.0, -0.809017, 0.309017, -0.5, 0.0, 0.309017, -0.5, -0.809017, 0.0, 0.0, 0.0, 0.0, 1.0 ], [ -0.309017, 0.5, 0.809017, 0.0, -0.5, -0.809017, 0.309017, 0.0, 0.809017, -0.309017, 0.5, 0.0, 0.0, 0.0, 0.0, 1.0 ], [ -0.809017, 0.309017, -0.5, 0.0, -0.309017, 0.5, 0.809017, 0.0, 0.5, 0.809017, -0.309017, 0.0, 0.0, 0.0, 0.0, 1.0 ], [ -0.809017, -0.309017, 0.5, 0.0, -0.309017, -0.5, -0.809017, 0.0, 0.5, -0.809017, 0.309017, 0.0, 0.0, 0.0, 0.0, 1.0 ], [ -0.5, 0.809017, -0.309017, 0.0, -0.809017, -0.309017, 0.5, 0.0, 0.309017, 0.5, 0.809017, 0.0, 0.0, 0.0, 0.0, 1.0 ], [ -0.309017, -0.5, -0.809017, 0.0, -0.5, 0.809017, -0.309017, 0.0, 0.809017, 0.309017, -0.5, 0.0, 0.0, 0.0, 0.0, 1.0 ], [ -1.0, 0.0, 0.0, 0.0, 0.0, 1.0, 0.0, 0.0, 0.0, 0.0, -1.0, 0.0, 0.0, 0.0, 0.0, 1.0 ], [ 0.0, 0.0, -1.0, 0.0, 1.0, 0.0, 0.0, 0.0, 0.0, -1.0, 0.0, 0.0, 0.0, 0.0, 0.0, 1.0 ], [ 0.0, -1.0, 0.0, 0.0, 0.0, 0.0, 1.0, 0.0, -1.0, 0.0, 0.0, 0.0, 0.0, 0.0, 0.0, 1.0 ], [ -0.809017, -0.309017, -0.5, 0.0, 0.309017, 0.5, -0.809017, 0.0, 0.5, -0.809017, -0.309017, 0.0, 0.0, 0.0, 0.0, 1.0 ], [ 0.5, -0.809017, -0.309017, 0.0, 0.809017, 0.309017, 0.5, 0.0, -0.309017, -0.5, 0.809017, 0.0, 0.0, 0.0, 0.0, 1.0 ], [ -0.309017, -0.5, 0.809017, 0.0, -0.5, 0.809017, 0.309017, 0.0, -0.809017, -0.309017, -0.5, 0.0, 0.0, 0.0, 0.0, 1.0 ], [ -0.5, -0.809017, -0.309017, 0.0, 0.809017, -0.309017, -0.5, 0.0, 0.309017, -0.5, 0.809017, 0.0, 0.0, 0.0, 0.0, 1.0 ], [ 0.309017, -0.5, 0.809017, 0.0, 0.5, 0.809017, 0.309017, 0.0, -0.809017, 0.309017, 0.5, 0.0, 0.0, 0.0, 0.0, 1.0 ], [ -0.809017, 0.309017, 0.5, 0.0, -0.309017, 0.5, -0.809017, 0.0, -0.5, -0.809017, -0.309017, 0.0, 0.0, 0.0, 0.0, 1.0 ], [ -0.5, -0.809017, 0.309017, 0.0, 0.809017, -0.309017, 0.5, 0.0, -0.309017, 0.5, 0.809017, 0.0, 0.0, 0.0, 0.0, 1.0 ], [ -0.309017, 0.5, 0.809017, 0.0, 0.5, 0.809017, -0.309017, 0.0, -0.809017, 0.309017, -0.5, 0.0, 0.0, 0.0, 0.0, 1.0 ], [ -0.809017, 0.309017, -0.5, 0.0, 0.309017, -0.5, -0.809017, 0.0, -0.5, -0.809017, 0.309017, 0.0, 0.0, 0.0, 0.0, 1.0 ], [ -0.809017, -0.309017, 0.5, 0.0, 0.309017, 0.5, 0.809017, 0.0, -0.5, 0.809017, -0.309017, 0.0, 0.0, 0.0, 0.0, 1.0 ], [ -0.5, 0.809017, -0.309017, 0.0, 0.809017, 0.309017, -0.5, 0.0, -0.309017, -0.5, -0.809017, 0.0, 0.0, 0.0, 0.0, 1.0 ], [ -0.309017, -0.5, -0.809017, 0.0, 0.5, -0.809017, 0.309017, 0.0, -0.809017, -0.309017, 0.5, 0.0, 0.0, 0.0, 0.0, 1.0 ] ],
  "lights" : {
    "ambientColor" : "#292929",
    "backgroundColor" : "#AFC8DC",
    "directionalLights" : [ {
      "direction" : [ 1.0, -1.0, -1.0 ],
      "color" : "#EBEBE4"
    }, {
      "direction" : [ -1.0, 0.0, 0.0 ],
      "color" : "#E4E4EB"
    }, {
      "direction" : [ 0.0, 0.0, -1.0 ],
      "color" : "#1E1E1E"
    } ]
  },
  "camera" : {
    "width" : 39.266506,
    "stereo" : false,
    "lookDirection" : {
      "x" : -0.26346534,
      "y" : -0.36551568,
      "z" : 0.8927272
    },
    "upDirection" : {
      "x" : 0.23574388,
      "y" : 0.87297195,
      "z" : 0.4270055
    },
    "lookAtPoint" : {
      "x" : 0.0,
      "y" : 0.0,
      "z" : 0.0
    },
    "perspective" : true,
    "viewDistance" : 87.25889,
    "nearClipDistance" : 0.21814735,
    "farClipDistance" : 174.5181,
    "fieldOfView" : 0.44262895,
    "position" : {
      "x" : 22.989693,
      "y" : 31.894491,
      "z" : -77.898384
    }
  },
  "embedding" : [ 1.0, 0.0, 0.0, 0.0, 0.0, 1.0, 0.0, 0.0, 0.0, 0.0, 1.0, 0.0, 0.0, 0.0, 0.0, 1.0 ],
  "shapes" : [ {
    "id" : "220cf4e0-942c-4b16-a205-f539af9390bc",
    "orbit" : "brown",
    "orbitC" : "[[2,-1,3],[5,-3,3]]",
    "length" : "[-2,2,1]",
    "name" : " :-2 +2*phi",
    "vertices" : [ {
      "x" : 2.854102,
      "y" : 2.545085,
      "z" : 5.899187
    }, {
      "x" : 0.38196602,
      "y" : 0.072949015,
      "z" : 0.95491505
    }, {
      "x" : 0.690983,
      "y" : 0.19098301,
      "z" : 0.76393205
    }, {
      "x" : 3.163119,
      "y" : 2.663119,
      "z" : 5.708204
    }, {
      "x" : 2.854102,
      "y" : 3.163119,
      "z" : 5.517221
    }, {
      "x" : 3.236068,
      "y" : 3.236068,
      "z" : 6.472136
    }, {
      "x" : 0.38196602,
      "y" : 0.690983,
      "z" : 0.572949
    }, {
      "x" : 3.09017,
      "y" : 3.09017,
      "z" : 6.18034
    }, {
      "x" : 0.14589803,
      "y" : 0.14589803,
      "z" : 0.29179606
    }, {
      "x" : 0.072949015,
      "y" : 0.572949,
      "z" : 0.76393205
    }, {
      "x" : 2.545085,
      "y" : 3.045085,
      "z" : 5.708204
    } ],
    "faces" : [ {
      "vertices" : [ 2, 8, 6 ]
    }, {
      "vertices" : [ 0, 7, 10 ]
    }, {
      "vertices" : [ 1, 9, 8 ]
    }, {
      "vertices" : [ 0, 10, 9, 1 ]
    }, {
      "vertices" : [ 4, 10, 7 ]
    }, {
      "vertices" : [ 0, 1, 2, 3 ]
    }, {
      "vertices" : [ 6, 8, 9 ]
    }, {
      "vertices" : [ 0, 3, 7 ]
    }, {
      "vertices" : [ 1, 8, 2 ]
    }, {
      "vertices" : [ 4, 6, 9, 10 ]
    }, {
      "vertices" : [ 3, 4, 7 ]
    }, {
      "vertices" : [ 2, 6, 4, 3 ]
    } ]
  }, {
    "id" : "7c59fd05-cd02-4cf8-b6d8-ac3db4780328",
    "name" : "ball",
    "vertices" : [ {
      "x" : 0.309017,
      "y" : -0.309017,
      "z" : -0.309017
    }, {
      "x" : 0.5,
      "y" : 0.0,
      "z" : -0.19098301
    }, {
      "x" : 0.5,
      "y" : 0.0,
      "z" : 0.19098301
    }, {
      "x" : 0.309017,
      "y" : -0.309017,
      "z" : 0.309017
    }, {
      "x" : 0.19098301,
      "y" : -0.5,
      "z" : 0.0
    }, {
      "x" : 0.0,
      "y" : 0.19098301,
      "z" : 0.5
    }, {
      "x" : 0.0,
      "y" : -0.19098301,
      "z" : 0.5
    }, {
      "x" : 0.309017,
      "y" : 0.309017,
      "z" : 0.309017
    }, {
      "x" : -0.309017,
      "y" : -0.309017,
      "z" : 0.309017
    }, {
      "x" : -0.309017,
      "y" : 0.309017,
      "z" : 0.309017
    }, {
      "x" : -0.5,
      "y" : 0.0,
      "z" : 0.19098301
    }, {
      "x" : 0.0,
      "y" : -0.19098301,
      "z" : -0.5
    }, {
      "x" : 0.0,
      "y" : 0.19098301,
      "z" : -0.5
    }, {
      "x" : 0.309017,
      "y" : 0.309017,
      "z" : -0.309017
    }, {
      "x" : -0.309017,
      "y" : -0.309017,
      "z" : -0.309017
    }, {
      "x" : -0.19098301,
      "y" : -0.5,
      "z" : 0.0
    }, {
      "x" : -0.5,
      "y" : 0.0,
      "z" : -0.19098301
    }, {
      "x" : 0.19098301,
      "y" : 0.5,
      "z" : 0.0
    }, {
      "x" : -0.309017,
      "y" : 0.309017,
      "z" : -0.309017
    }, {
      "x" : 0.0,
      "y" : 0.0,
      "z" : 0.0
    }, {
      "x" : -0.19098301,
      "y" : 0.5,
      "z" : 0.0
    } ],
    "faces" : [ {
      "vertices" : [ 12, 18, 20, 17, 13 ]
    }, {
      "vertices" : [ 3, 6, 8, 15, 4 ]
    }, {
      "vertices" : [ 0, 11, 12, 13, 1 ]
    }, {
      "vertices" : [ 5, 9, 10, 8, 6 ]
    }, {
      "vertices" : [ 2, 7, 5, 6, 3 ]
    }, {
      "vertices" : [ 11, 14, 16, 18, 12 ]
    }, {
      "vertices" : [ 1, 13, 17, 7, 2 ]
    }, {
      "vertices" : [ 9, 20, 18, 16, 10 ]
    }, {
      "vertices" : [ 0, 1, 2, 3, 4 ]
    }, {
      "vertices" : [ 5, 7, 17, 20, 9 ]
    }, {
      "vertices" : [ 0, 4, 15, 14, 11 ]
    }, {
      "vertices" : [ 8, 10, 16, 14, 15 ]
    } ]
  }, {
    "id" : "361cbffb-f948-4269-a3f4-41e31dff1607",
    "orbit" : "purple",
    "orbitC" : "[[2,-1,1],[0,0,1]]",
    "length" : "[-2,2,1]",
    "name" : " :-2 +2*phi",
    "vertices" : [ {
      "x" : 0.809017,
      "y" : 0.618034,
      "z" : -0.19098301
    }, {
      "x" : 0.809017,
      "y" : 0.0,
      "z" : -0.19098301
    }, {
      "x" : 0.309017,
      "y" : 0.11803399,
      "z" : 0.0
    }, {
      "x" : 7.663119,
      "y" : 3.236068,
      "z" : 0.19098301
    }, {
      "x" : 0.809017,
      "y" : 0.618034,
      "z" : 0.19098301
    }, {
      "x" : 0.809017,
      "y" : 0.0,
      "z" : 0.19098301
    }, {
      "x" : 7.663119,
      "y" : 2.618034,
      "z" : 0.19098301
    }, {
      "x" : 8.163119,
      "y" : 3.118034,
      "z" : 0.0
    }, {
      "x" : 7.663119,
      "y" : 3.236068,
      "z" : -0.19098301
    }, {
      "x" : 8.472136,
      "y" : 3.236068,
      "z" : 0.0
    }, {
      "x" : 7.663119,
      "y" : 2.618034,
      "z" : -0.19098301
    } ],
    "faces" : [ {
      "vertices" : [ 3, 6, 7 ]
    }, {
      "vertices" : [ 3, 4, 5, 6 ]
    }, {
      "vertices" : [ 3, 7, 8 ]
    }, {
      "vertices" : [ 0, 1, 2 ]
    }, {
      "vertices" : [ 0, 8, 10, 1 ]
    }, {
      "vertices" : [ 1, 10, 6, 5 ]
    }, {
      "vertices" : [ 0, 2, 4 ]
    }, {
      "vertices" : [ 6, 10, 7 ]
    }, {
      "vertices" : [ 1, 5, 2 ]
    }, {
      "vertices" : [ 7, 10, 8 ]
    }, {
      "vertices" : [ 2, 5, 4 ]
    }, {
      "vertices" : [ 0, 4, 3, 8 ]
    } ]
  }, {
    "id" : "a9c7eb12-26ca-4a86-a174-1ed650d08f3a",
    "orbit" : "green",
    "orbitC" : "[[2,-1,1],[5,-3,1]]",
    "length" : "[1,0,1]",
    "name" : "g1",
    "vertices" : [ {
      "x" : 10.781153,
      "y" : 4.118034,
      "z" : -1.572949
    }, {
      "x" : 10.399187,
      "y" : 3.663119,
      "z" : -1.381966
    }, {
      "x" : 10.236068,
      "y" : 3.927051,
      "z" : -1.809017
    }, {
      "x" : 10.163119,
      "y" : 4.190983,
      "z" : -1.618034
    }, {
      "x" : 0.85410196,
      "y" : 0.309017,
      "z" : 0.19098301
    }, {
      "x" : 0.690983,
      "y" : 0.572949,
      "z" : -0.23606798
    }, {
      "x" : 0.309017,
      "y" : 0.11803399,
      "z" : -0.045084972
    }, {
      "x" : 0.76393205,
      "y" : 0.309017,
      "z" : -0.42705098
    }, {
      "x" : 0.927051,
      "y" : 0.045084972,
      "z" : 0.0
    }, {
      "x" : 10.326238,
      "y" : 3.927051,
      "z" : -1.190983
    }, {
      "x" : 11.09017,
      "y" : 4.236068,
      "z" : -1.618034
    } ],
    "faces" : [ {
      "vertices" : [ 2, 7, 5, 3 ]
    }, {
      "vertices" : [ 1, 8, 7, 2 ]
    }, {
      "vertices" : [ 4, 6, 8 ]
    }, {
      "vertices" : [ 5, 7, 6 ]
    }, {
      "vertices" : [ 0, 1, 2 ]
    }, {
      "vertices" : [ 0, 2, 3 ]
    }, {
      "vertices" : [ 6, 7, 8 ]
    }, {
      "vertices" : [ 3, 5, 4, 9 ]
    }, {
      "vertices" : [ 1, 9, 4, 8 ]
    }, {
      "vertices" : [ 0, 9, 1 ]
    }, {
      "vertices" : [ 0, 3, 9 ]
    }, {
      "vertices" : [ 4, 5, 6 ]
    } ]
  }, {
    "id" : "36002905-0369-46b6-9daf-b59e16aa6761",
    "orbit" : "blue",
    "orbitC" : "[[0,0,1],[0,0,1]]",
    "length" : "[0,1,1]",
    "name" : "b2",
    "vertices" : [ {
      "x" : 1.0,
      "y" : 0.309017,
      "z" : 0.19098301
    }, {
      "x" : 1.0,
      "y" : -0.309017,
      "z" : 0.19098301
    }, {
      "x" : 12.708204,
      "y" : -0.309017,
      "z" : 0.19098301
    }, {
      "x" : 12.708204,
      "y" : 0.309017,
      "z" : 0.19098301
    }, {
      "x" : 12.708204,
      "y" : -0.309017,
      "z" : -0.19098301
    }, {
      "x" : 12.708204,
      "y" : 0.309017,
      "z" : -0.19098301
    }, {
      "x" : 13.326238,
      "y" : 0.0,
      "z" : 0.0
    }, {
      "x" : 0.38196602,
      "y" : 0.0,
      "z" : 0.0
    }, {
      "x" : 1.0,
      "y" : 0.309017,
      "z" : -0.19098301
    }, {
      "x" : 1.0,
      "y" : -0.309017,
      "z" : -0.19098301
    }, {
      "x" : 13.708204,
      "y" : 0.0,
      "z" : 0.0
    } ],
    "faces" : [ {
      "vertices" : [ 1, 9, 4, 2 ]
    }, {
      "vertices" : [ 0, 3, 5, 8 ]
    }, {
      "vertices" : [ 1, 7, 9 ]
    }, {
      "vertices" : [ 0, 1, 2, 3 ]
    }, {
      "vertices" : [ 7, 8, 9 ]
    }, {
      "vertices" : [ 0, 7, 1 ]
    }, {
      "vertices" : [ 4, 9, 8, 5 ]
    }, {
      "vertices" : [ 2, 6, 3 ]
    }, {
      "vertices" : [ 2, 4, 6 ]
    }, {
      "vertices" : [ 3, 6, 5 ]
    }, {
      "vertices" : [ 4, 5, 6 ]
    }, {
      "vertices" : [ 0, 8, 7 ]
    } ]
  }, {
    "id" : "168f6b1b-9019-4d4d-96f0-4f10557f0c5e",
    "orbit" : "blue",
    "orbitC" : "[[0,0,1],[0,0,1]]",
    "length" : "[-8,5,1]",
    "name" : " :-8 +5*phi",
    "vertices" : [ {
      "x" : 1.0,
      "y" : 0.309017,
      "z" : 0.19098301
    }, {
      "x" : 1.0,
      "y" : -0.309017,
      "z" : 0.19098301
    }, {
      "x" : -0.23606798,
      "y" : -0.309017,
      "z" : 0.19098301
    }, {
      "x" : -0.23606798,
      "y" : 0.309017,
      "z" : 0.19098301
    }, {
      "x" : -0.23606798,
      "y" : -0.309017,
      "z" : -0.19098301
    }, {
      "x" : -0.23606798,
      "y" : 0.309017,
      "z" : -0.19098301
    }, {
      "x" : 0.38196602,
      "y" : 0.0,
      "z" : 0.0
    }, {
      "x" : 0.38196602,
      "y" : 0.0,
      "z" : 0.0
    }, {
      "x" : 1.0,
      "y" : 0.309017,
      "z" : -0.19098301
    }, {
      "x" : 1.0,
      "y" : -0.309017,
      "z" : -0.19098301
    }, {
      "x" : 0.76393205,
      "y" : 0.0,
      "z" : 0.0
    } ],
    "faces" : [ {
      "vertices" : [ 1, 9, 4, 2 ]
    }, {
      "vertices" : [ 0, 3, 5, 8 ]
    }, {
      "vertices" : [ 1, 7, 9 ]
    }, {
      "vertices" : [ 0, 1, 2, 3 ]
    }, {
      "vertices" : [ 7, 8, 9 ]
    }, {
      "vertices" : [ 0, 7, 1 ]
    }, {
      "vertices" : [ 4, 9, 8, 5 ]
    }, {
      "vertices" : [ 2, 6, 3 ]
    }, {
      "vertices" : [ 2, 4, 6 ]
    }, {
      "vertices" : [ 3, 6, 5 ]
    }, {
      "vertices" : [ 4, 5, 6 ]
    }, {
      "vertices" : [ 0, 8, 7 ]
    } ]
  }, {
    "id" : "528508c9-3236-4e78-a6de-b6844c404258",
    "orbit" : "blue",
    "orbitC" : "[[0,0,1],[0,0,1]]",
    "length" : "[13,-8,1]",
    "name" : " :13 -8*phi",
    "vertices" : [ {
      "x" : 1.0,
      "y" : 0.309017,
      "z" : 0.19098301
    }, {
      "x" : 1.0,
      "y" : -0.309017,
      "z" : 0.19098301
    }, {
      "x" : -0.52786404,
      "y" : -0.309017,
      "z" : 0.19098301
    }, {
      "x" : -0.52786404,
      "y" : 0.309017,
      "z" : 0.19098301
    }, {
      "x" : -0.52786404,
      "y" : -0.309017,
      "z" : -0.19098301
    }, {
      "x" : -0.52786404,
      "y" : 0.309017,
      "z" : -0.19098301
    }, {
      "x" : 0.090169944,
      "y" : 0.0,
      "z" : 0.0
    }, {
      "x" : 0.38196602,
      "y" : 0.0,
      "z" : 0.0
    }, {
      "x" : 1.0,
      "y" : 0.309017,
      "z" : -0.19098301
    }, {
      "x" : 1.0,
      "y" : -0.309017,
      "z" : -0.19098301
    }, {
      "x" : 0.47213596,
      "y" : 0.0,
      "z" : 0.0
    } ],
    "faces" : [ {
      "vertices" : [ 1, 9, 4, 2 ]
    }, {
      "vertices" : [ 0, 3, 5, 8 ]
    }, {
      "vertices" : [ 1, 7, 9 ]
    }, {
      "vertices" : [ 0, 1, 2, 3 ]
    }, {
      "vertices" : [ 7, 8, 9 ]
    }, {
      "vertices" : [ 0, 7, 1 ]
    }, {
      "vertices" : [ 4, 9, 8, 5 ]
    }, {
      "vertices" : [ 2, 6, 3 ]
    }, {
      "vertices" : [ 2, 4, 6 ]
    }, {
      "vertices" : [ 3, 6, 5 ]
    }, {
      "vertices" : [ 4, 5, 6 ]
    }, {
      "vertices" : [ 0, 8, 7 ]
    } ]
  }, {
    "id" : "14a34fe6-cf37-4a36-abd7-9d50f89d9f17",
    "orbit" : "1",
    "orbitC" : "[[22,-9,41],[53,-31,41]]",
    "length" : "[1,0,1]",
    "name" : "short",
    "vertices" : [ {
      "x" : 3.0813117,
      "y" : -2.3483772,
      "z" : -5.963022
    }, {
      "x" : 2.9813118,
      "y" : -2.7483773,
      "z" : -5.8630223
    }, {
      "x" : 0.39082423,
      "y" : -0.50572467,
      "z" : -0.3632156
    }, {
      "x" : 0.49082422,
      "y" : -0.1057247,
      "z" : -0.4632156
    }, {
      "x" : 3.2813118,
      "y" : -2.8817105,
      "z" : -5.629689
    }, {
      "x" : 3.3813117,
      "y" : -2.4817107,
      "z" : -5.729689
    }, {
      "x" : 0.19082423,
      "y" : 0.027608635,
      "z" : -0.69654894
    }, {
      "x" : 0.090824224,
      "y" : -0.37239137,
      "z" : -0.5965489
    } ],
    "faces" : [ {
      "vertices" : [ 2, 3, 6, 7 ]
    }, {
      "vertices" : [ 0, 5, 4, 1 ]
    }, {
      "vertices" : [ 2, 4, 5, 3 ]
    }, {
      "vertices" : [ 0, 6, 3, 5 ]
    }, {
      "vertices" : [ 0, 1, 7, 6 ]
    }, {
      "vertices" : [ 1, 4, 2, 7 ]
    } ]
  } ],
  "instances" : [ {
    "shape" : "220cf4e0-942c-4b16-a205-f539af9390bc",
    "color" : "#6B351A",
    "position" : {
      "x" : 6.236068,
      "y" : -10.09017,
      "z" : -3.854102
    },
    "orientation" : 36
  }, {
    "shape" : "220cf4e0-942c-4b16-a205-f539af9390bc",
    "color" : "#6B351A",
    "position" : {
      "x" : -6.236068,
      "y" : -10.09017,
      "z" : -3.854102
    },
    "orientation" : 29
  }, {
    "shape" : "7c59fd05-cd02-4cf8-b6d8-ac3db4780328",
    "color" : "#FFFFFF",
    "position" : {
      "x" : -11.09017,
      "y" : 4.236068,
      "z" : 1.618034
    }
  }, {
    "shape" : "220cf4e0-942c-4b16-a205-f539af9390bc",
    "color" : "#6B351A",
    "position" : {
      "x" : -3.854102,
      "y" : 6.236068,
      "z" : 10.09017
    },
    "orientation" : 42
  }, {
    "shape" : "7c59fd05-cd02-4cf8-b6d8-ac3db4780328",
    "color" : "#FFFFFF",
    "position" : {
      "x" : 6.0,
      "y" : 9.708204,
      "z" : 3.708204
    }
  }, {
    "shape" : "7c59fd05-cd02-4cf8-b6d8-ac3db4780328",
    "color" : "#FFFFFF",
    "position" : {
      "x" : 0.0,
      "y" : 0.0,
      "z" : -12.0
    }
  }, {
    "shape" : "361cbffb-f948-4269-a3f4-41e31dff1607",
    "color" : "#6C00C6",
    "position" : {
      "x" : 4.236068,
      "y" : 1.618034,
      "z" : -11.09017
    },
    "orientation" : 30
  }, {
    "shape" : "7c59fd05-cd02-4cf8-b6d8-ac3db4780328",
    "color" : "#FFFFFF",
    "position" : {
      "x" : 9.708204,
      "y" : -3.708204,
      "z" : -6.0
    }
  }, {
    "shape" : "7c59fd05-cd02-4cf8-b6d8-ac3db4780328",
    "color" : "#FFFFFF",
    "position" : {
      "x" : -8.472136,
      "y" : 8.472136,
      "z" : 0.0
    }
  }, {
    "shape" : "7c59fd05-cd02-4cf8-b6d8-ac3db4780328",
    "color" : "#FFFFFF",
    "position" : {
      "x" : -10.09017,
      "y" : -3.854102,
      "z" : 6.236068
    }
  }, {
    "shape" : "7c59fd05-cd02-4cf8-b6d8-ac3db4780328",
    "color" : "#FFFFFF",
    "position" : {
      "x" : -3.708204,
      "y" : 6.0,
      "z" : 9.708204
    }
  }, {
    "shape" : "7c59fd05-cd02-4cf8-b6d8-ac3db4780328",
    "color" : "#FFFFFF",
    "position" : {
      "x" : 4.236068,
      "y" : 1.618034,
      "z" : 11.09017
    }
  }, {
    "shape" : "7c59fd05-cd02-4cf8-b6d8-ac3db4780328",
    "color" : "#FFFFFF",
    "position" : {
      "x" : 3.854102,
      "y" : 6.236068,
      "z" : -10.09017
    }
  }, {
    "shape" : "7c59fd05-cd02-4cf8-b6d8-ac3db4780328",
    "color" : "#FFFFFF",
    "position" : {
      "x" : 6.0,
      "y" : -9.708204,
      "z" : -3.708204
    }
  }, {
    "shape" : "a9c7eb12-26ca-4a86-a174-1ed650d08f3a",
    "color" : "#008D36",
    "position" : {
      "x" : 0.0,
      "y" : 0.0,
      "z" : 0.0
    },
    "orientation" : 49
  }, {
    "shape" : "220cf4e0-942c-4b16-a205-f539af9390bc",
    "color" : "#6B351A",
    "position" : {
      "x" : -6.236068,
      "y" : 10.09017,
      "z" : -3.854102
    },
    "orientation" : 30
  }, {
    "shape" : "220cf4e0-942c-4b16-a205-f539af9390bc",
    "color" : "#6B351A",
    "position" : {
      "x" : -3.854102,
      "y" : -6.236068,
      "z" : 10.09017
    },
    "orientation" : 16
  }, {
    "shape" : "220cf4e0-942c-4b16-a205-f539af9390bc",
    "color" : "#6B351A",
    "position" : {
      "x" : 6.236068,
      "y" : 10.09017,
      "z" : -3.854102
    },
    "orientation" : 59
  }, {
    "shape" : "361cbffb-f948-4269-a3f4-41e31dff1607",
    "color" : "#6C00C6",
    "position" : {
      "x" : -6.854102,
      "y" : -2.618034,
      "z" : -9.472136
    },
    "orientation" : 21
  }, {
    "shape" : "7c59fd05-cd02-4cf8-b6d8-ac3db4780328",
    "color" : "#FFFFFF",
    "position" : {
      "x" : -9.472136,
      "y" : -6.854102,
      "z" : 2.618034
    }
  }, {
    "shape" : "361cbffb-f948-4269-a3f4-41e31dff1607",
    "color" : "#6C00C6",
    "position" : {
      "x" : -2.618034,
      "y" : 9.472136,
      "z" : -6.854102
    },
    "orientation" : 19
  }, {
    "shape" : "7c59fd05-cd02-4cf8-b6d8-ac3db4780328",
    "color" : "#FFFFFF",
    "position" : {
      "x" : 2.618034,
      "y" : 9.472136,
      "z" : -6.854102
    }
  }, {
    "shape" : "7c59fd05-cd02-4cf8-b6d8-ac3db4780328",
    "color" : "#FFFFFF",
    "position" : {
      "x" : -6.854102,
      "y" : -2.618034,
      "z" : -9.472136
    }
  }, {
    "shape" : "7c59fd05-cd02-4cf8-b6d8-ac3db4780328",
    "color" : "#FFFFFF",
    "position" : {
      "x" : 0.0,
      "y" : -8.472136,
      "z" : 8.472136
    }
  }, {
    "shape" : "361cbffb-f948-4269-a3f4-41e31dff1607",
    "color" : "#6C00C6",
    "position" : {
      "x" : -9.472136,
      "y" : 6.854102,
      "z" : -2.618034
    },
    "orientation" : 3
  }, {
    "shape" : "361cbffb-f948-4269-a3f4-41e31dff1607",
    "color" : "#6C00C6",
    "position" : {
      "x" : 1.618034,
      "y" : 11.09017,
      "z" : 4.236068
    },
    "orientation" : 27
  }, {
    "shape" : "7c59fd05-cd02-4cf8-b6d8-ac3db4780328",
    "color" : "#FFFFFF",
    "position" : {
      "x" : 1.618034,
      "y" : -11.09017,
      "z" : -4.236068
    }
  }, {
    "shape" : "361cbffb-f948-4269-a3f4-41e31dff1607",
    "color" : "#6C00C6",
    "position" : {
      "x" : 11.09017,
      "y" : 4.236068,
      "z" : -1.618034
    },
    "orientation" : 31
  }, {
    "shape" : "220cf4e0-942c-4b16-a205-f539af9390bc",
    "color" : "#6B351A",
    "position" : {
      "x" : -10.09017,
      "y" : 3.854102,
      "z" : 6.236068
    },
    "orientation" : 58
  }, {
    "shape" : "220cf4e0-942c-4b16-a205-f539af9390bc",
    "color" : "#6B351A",
    "position" : {
      "x" : 10.09017,
      "y" : 3.854102,
      "z" : 6.236068
    },
    "orientation" : 32
  }, {
    "shape" : "220cf4e0-942c-4b16-a205-f539af9390bc",
    "color" : "#6B351A",
    "position" : {
      "x" : 6.236068,
      "y" : 10.09017,
      "z" : 3.854102
    },
    "orientation" : 51
  }, {
    "shape" : "7c59fd05-cd02-4cf8-b6d8-ac3db4780328",
    "color" : "#FFFFFF",
    "position" : {
      "x" : 0.0,
      "y" : -12.472136,
      "z" : 0.0
    }
  }, {
    "shape" : "361cbffb-f948-4269-a3f4-41e31dff1607",
    "color" : "#6C00C6",
    "position" : {
      "x" : -6.854102,
      "y" : 2.618034,
      "z" : 9.472136
    },
    "orientation" : 6
  }, {
    "shape" : "7c59fd05-cd02-4cf8-b6d8-ac3db4780328",
    "color" : "#FFFFFF",
    "position" : {
      "x" : -6.854102,
      "y" : 11.09017,
      "z" : -4.236068
    }
  }, {
    "shape" : "7c59fd05-cd02-4cf8-b6d8-ac3db4780328",
    "color" : "#FFFFFF",
    "position" : {
      "x" : -9.708204,
      "y" : -3.708204,
      "z" : 6.0
    }
  }, {
    "shape" : "220cf4e0-942c-4b16-a205-f539af9390bc",
    "color" : "#6B351A",
    "position" : {
      "x" : 3.854102,
      "y" : 6.236068,
      "z" : -10.09017
    },
    "orientation" : 27
  }, {
    "shape" : "7c59fd05-cd02-4cf8-b6d8-ac3db4780328",
    "color" : "#FFFFFF",
    "position" : {
      "x" : 0.0,
      "y" : 8.472136,
      "z" : 8.472136
    }
  }, {
    "shape" : "220cf4e0-942c-4b16-a205-f539af9390bc",
    "color" : "#6B351A",
    "position" : {
      "x" : 10.09017,
      "y" : -3.854102,
      "z" : 6.236068
    },
    "orientation" : 10
  }, {
    "shape" : "220cf4e0-942c-4b16-a205-f539af9390bc",
    "color" : "#6B351A",
    "position" : {
      "x" : -12.472136,
      "y" : 0.0,
      "z" : 0.0
    },
    "orientation" : 4
  }, {
    "shape" : "7c59fd05-cd02-4cf8-b6d8-ac3db4780328",
    "color" : "#FFFFFF",
    "position" : {
      "x" : 0.0,
      "y" : 0.0,
      "z" : -13.708204
    }
  }, {
    "shape" : "7c59fd05-cd02-4cf8-b6d8-ac3db4780328",
    "color" : "#FFFFFF",
    "position" : {
      "x" : 3.708204,
      "y" : 6.0,
      "z" : -9.708204
    }
  }, {
    "shape" : "7c59fd05-cd02-4cf8-b6d8-ac3db4780328",
    "color" : "#FFFFFF",
    "position" : {
      "x" : -8.472136,
      "y" : 0.0,
      "z" : 8.472136
    }
  }, {
    "shape" : "7c59fd05-cd02-4cf8-b6d8-ac3db4780328",
    "color" : "#FFFFFF",
    "position" : {
      "x" : -4.236068,
      "y" : -6.854102,
      "z" : -11.09017
    }
  }, {
    "shape" : "361cbffb-f948-4269-a3f4-41e31dff1607",
    "color" : "#6C00C6",
    "position" : {
      "x" : -8.472136,
      "y" : 0.0,
      "z" : -8.472136
    },
    "orientation" : 40
  }, {
    "shape" : "220cf4e0-942c-4b16-a205-f539af9390bc",
    "color" : "#6B351A",
    "position" : {
      "x" : -3.854102,
      "y" : 6.236068,
      "z" : 10.09017
    },
    "orientation" : 9
  }, {
    "shape" : "7c59fd05-cd02-4cf8-b6d8-ac3db4780328",
    "color" : "#FFFFFF",
    "position" : {
      "x" : -4.236068,
      "y" : -6.854102,
      "z" : 11.09017
    }
  }, {
    "shape" : "220cf4e0-942c-4b16-a205-f539af9390bc",
    "color" : "#6B351A",
    "position" : {
      "x" : -10.09017,
      "y" : 3.854102,
      "z" : 6.236068
    },
    "orientation" : 40
  }, {
    "shape" : "7c59fd05-cd02-4cf8-b6d8-ac3db4780328",
    "color" : "#FFFFFF",
    "position" : {
      "x" : 9.472136,
      "y" : 6.854102,
      "z" : 2.618034
    }
  }, {
    "shape" : "220cf4e0-942c-4b16-a205-f539af9390bc",
    "color" : "#6B351A",
    "position" : {
      "x" : 3.854102,
      "y" : 6.236068,
      "z" : -10.09017
    },
    "orientation" : 54
  }, {
    "shape" : "220cf4e0-942c-4b16-a205-f539af9390bc",
    "color" : "#6B351A",
    "position" : {
      "x" : 10.09017,
      "y" : 3.854102,
      "z" : -6.236068
    },
    "orientation" : 13
  }, {
    "shape" : "7c59fd05-cd02-4cf8-b6d8-ac3db4780328",
    "color" : "#FFFFFF",
    "position" : {
      "x" : -9.472136,
      "y" : 6.854102,
      "z" : 2.618034
    }
  }, {
    "shape" : "7c59fd05-cd02-4cf8-b6d8-ac3db4780328",
    "color" : "#FFFFFF",
    "position" : {
      "x" : 4.236068,
      "y" : 6.854102,
      "z" : -11.09017
    }
  }, {
    "shape" : "7c59fd05-cd02-4cf8-b6d8-ac3db4780328",
    "color" : "#FFFFFF",
    "position" : {
      "x" : 0.0,
      "y" : -13.708204,
      "z" : 0.0
    }
  }, {
    "shape" : "7c59fd05-cd02-4cf8-b6d8-ac3db4780328",
    "color" : "#FFFFFF",
    "position" : {
      "x" : 0.0,
      "y" : 0.0,
      "z" : -12.472136
    }
  }, {
    "shape" : "7c59fd05-cd02-4cf8-b6d8-ac3db4780328",
    "color" : "#FFFFFF",
    "position" : {
      "x" : -9.472136,
      "y" : -6.854102,
      "z" : -2.618034
    }
  }, {
    "shape" : "7c59fd05-cd02-4cf8-b6d8-ac3db4780328",
    "color" : "#FFFFFF",
    "position" : {
      "x" : 13.708204,
      "y" : 0.0,
      "z" : 0.0
    }
  }, {
    "shape" : "7c59fd05-cd02-4cf8-b6d8-ac3db4780328",
    "color" : "#FFFFFF",
    "position" : {
      "x" : -6.236068,
      "y" : -10.09017,
      "z" : 3.854102
    }
  }, {
    "shape" : "7c59fd05-cd02-4cf8-b6d8-ac3db4780328",
    "color" : "#FFFFFF",
    "position" : {
      "x" : -6.854102,
      "y" : 2.618034,
      "z" : 9.472136
    }
  }, {
    "shape" : "7c59fd05-cd02-4cf8-b6d8-ac3db4780328",
    "color" : "#FFFFFF",
    "position" : {
      "x" : 6.236068,
      "y" : 10.09017,
      "z" : 3.854102
    }
  }, {
    "shape" : "7c59fd05-cd02-4cf8-b6d8-ac3db4780328",
    "color" : "#FFFFFF",
    "position" : {
      "x" : -6.0,
      "y" : 9.708204,
      "z" : 3.708204
    }
  }, {
    "shape" : "7c59fd05-cd02-4cf8-b6d8-ac3db4780328",
    "color" : "#FFFFFF",
    "position" : {
      "x" : -8.472136,
      "y" : -8.472136,
      "z" : 0.0
    }
  }, {
    "shape" : "7c59fd05-cd02-4cf8-b6d8-ac3db4780328",
    "color" : "#FFFFFF",
    "position" : {
      "x" : -11.09017,
      "y" : -4.236068,
      "z" : -6.854102
    }
  }, {
    "shape" : "7c59fd05-cd02-4cf8-b6d8-ac3db4780328",
    "color" : "#FFFFFF",
    "position" : {
      "x" : 6.236068,
      "y" : -10.09017,
      "z" : 3.854102
    }
  }, {
    "shape" : "361cbffb-f948-4269-a3f4-41e31dff1607",
    "color" : "#6C00C6",
    "position" : {
      "x" : -8.472136,
      "y" : 0.0,
      "z" : 8.472136
    },
    "orientation" : 55
  }, {
    "shape" : "220cf4e0-942c-4b16-a205-f539af9390bc",
    "color" : "#6B351A",
    "position" : {
      "x" : 0.0,
      "y" : -12.472136,
      "z" : 0.0
    },
    "orientation" : 5
  }, {
    "shape" : "220cf4e0-942c-4b16-a205-f539af9390bc",
    "color" : "#6B351A",
    "position" : {
      "x" : -10.09017,
      "y" : -3.854102,
      "z" : -6.236068
    },
    "orientation" : 43
  }, {
    "shape" : "7c59fd05-cd02-4cf8-b6d8-ac3db4780328",
    "color" : "#FFFFFF",
    "position" : {
      "x" : 11.09017,
      "y" : 4.236068,
      "z" : 6.854102
    }
  }, {
    "shape" : "7c59fd05-cd02-4cf8-b6d8-ac3db4780328",
    "color" : "#FFFFFF",
    "position" : {
      "x" : -9.708204,
      "y" : 3.708204,
      "z" : 6.0
    }
  }, {
    "shape" : "7c59fd05-cd02-4cf8-b6d8-ac3db4780328",
    "color" : "#FFFFFF",
    "position" : {
      "x" : 3.708204,
      "y" : 6.0,
      "z" : 9.708204
    }
  }, {
    "shape" : "220cf4e0-942c-4b16-a205-f539af9390bc",
    "color" : "#6B351A",
    "position" : {
      "x" : 6.236068,
      "y" : -10.09017,
      "z" : 3.854102
    },
    "orientation" : 26
  }, {
    "shape" : "7c59fd05-cd02-4cf8-b6d8-ac3db4780328",
    "color" : "#FFFFFF",
    "position" : {
      "x" : 6.236068,
      "y" : -10.09017,
      "z" : -3.854102
    }
  }, {
    "shape" : "220cf4e0-942c-4b16-a205-f539af9390bc",
    "color" : "#6B351A",
    "position" : {
      "x" : -10.09017,
      "y" : 3.854102,
      "z" : -6.236068
    },
    "orientation" : 38
  }, {
    "shape" : "7c59fd05-cd02-4cf8-b6d8-ac3db4780328",
    "color" : "#FFFFFF",
    "position" : {
      "x" : 11.09017,
      "y" : -4.236068,
      "z" : -1.618034
    }
  }, {
    "shape" : "7c59fd05-cd02-4cf8-b6d8-ac3db4780328",
    "color" : "#FFFFFF",
    "position" : {
      "x" : 10.09017,
      "y" : -3.854102,
      "z" : -6.236068
    }
  }, {
    "shape" : "7c59fd05-cd02-4cf8-b6d8-ac3db4780328",
    "color" : "#FFFFFF",
    "position" : {
      "x" : -9.472136,
      "y" : 6.854102,
      "z" : -2.618034
    }
  }, {
    "shape" : "220cf4e0-942c-4b16-a205-f539af9390bc",
    "color" : "#6B351A",
    "position" : {
      "x" : -6.236068,
      "y" : -10.09017,
      "z" : 3.854102
    },
    "orientation" : 21
  }, {
    "shape" : "7c59fd05-cd02-4cf8-b6d8-ac3db4780328",
    "color" : "#FFFFFF",
    "position" : {
      "x" : 0.0,
      "y" : 13.708204,
      "z" : 0.0
    }
  }, {
    "shape" : "7c59fd05-cd02-4cf8-b6d8-ac3db4780328",
    "color" : "#FFFFFF",
    "position" : {
      "x" : -6.0,
      "y" : -9.708204,
      "z" : -3.708204
    }
  }, {
    "shape" : "7c59fd05-cd02-4cf8-b6d8-ac3db4780328",
    "color" : "#FFFFFF",
    "position" : {
      "x" : 1.618034,
      "y" : 11.09017,
      "z" : -4.236068
    }
  }, {
    "shape" : "7c59fd05-cd02-4cf8-b6d8-ac3db4780328",
    "color" : "#FFFFFF",
    "position" : {
      "x" : 6.0,
      "y" : 9.708204,
      "z" : -3.708204
    }
  }, {
    "shape" : "220cf4e0-942c-4b16-a205-f539af9390bc",
    "color" : "#6B351A",
    "position" : {
      "x" : 0.0,
      "y" : 0.0,
      "z" : -12.472136
    },
    "orientation" : 33
  }, {
    "shape" : "7c59fd05-cd02-4cf8-b6d8-ac3db4780328",
    "color" : "#FFFFFF",
    "position" : {
      "x" : 8.472136,
      "y" : 0.0,
      "z" : -8.472136
    }
  }, {
    "shape" : "220cf4e0-942c-4b16-a205-f539af9390bc",
    "color" : "#6B351A",
    "position" : {
      "x" : 10.09017,
      "y" : -3.854102,
      "z" : -6.236068
    },
    "orientation" : 47
  }, {
    "shape" : "220cf4e0-942c-4b16-a205-f539af9390bc",
    "color" : "#6B351A",
    "position" : {
      "x" : -10.09017,
      "y" : -3.854102,
      "z" : 6.236068
    },
    "orientation" : 2
  }, {
    "shape" : "220cf4e0-942c-4b16-a205-f539af9390bc",
    "color" : "#6B351A",
    "position" : {
      "x" : -3.854102,
      "y" : 6.236068,
      "z" : -10.09017
    },
    "orientation" : 1
  }, {
    "shape" : "7c59fd05-cd02-4cf8-b6d8-ac3db4780328",
    "color" : "#FFFFFF",
    "position" : {
      "x" : -3.708204,
      "y" : -6.0,
      "z" : 9.708204
    }
  }, {
    "shape" : "220cf4e0-942c-4b16-a205-f539af9390bc",
    "color" : "#6B351A",
    "position" : {
      "x" : -6.236068,
      "y" : 10.09017,
      "z" : -3.854102
    },
    "orientation" : 6
  }, {
    "shape" : "7c59fd05-cd02-4cf8-b6d8-ac3db4780328",
    "color" : "#FFFFFF",
    "position" : {
      "x" : 8.472136,
      "y" : -8.472136,
      "z" : 0.0
    }
  }, {
    "shape" : "7c59fd05-cd02-4cf8-b6d8-ac3db4780328",
    "color" : "#FFFFFF",
    "position" : {
      "x" : -1.618034,
      "y" : 11.09017,
      "z" : 4.236068
    }
  }, {
    "shape" : "7c59fd05-cd02-4cf8-b6d8-ac3db4780328",
    "color" : "#FFFFFF",
    "position" : {
      "x" : 8.472136,
      "y" : 0.0,
      "z" : 8.472136
    }
  }, {
    "shape" : "220cf4e0-942c-4b16-a205-f539af9390bc",
    "color" : "#6B351A",
    "position" : {
      "x" : 10.09017,
      "y" : -3.854102,
      "z" : -6.236068
    },
    "orientation" : 8
  }, {
    "shape" : "7c59fd05-cd02-4cf8-b6d8-ac3db4780328",
    "color" : "#FFFFFF",
    "position" : {
      "x" : -4.236068,
      "y" : 6.854102,
      "z" : 11.09017
    }
  }, {
    "shape" : "361cbffb-f948-4269-a3f4-41e31dff1607",
    "color" : "#6C00C6",
    "position" : {
      "x" : -9.472136,
      "y" : -6.854102,
      "z" : 2.618034
    },
    "orientation" : 18
  }, {
    "shape" : "7c59fd05-cd02-4cf8-b6d8-ac3db4780328",
    "color" : "#FFFFFF",
    "position" : {
      "x" : -9.708204,
      "y" : -3.708204,
      "z" : -6.0
    }
  }, {
    "shape" : "36002905-0369-46b6-9daf-b59e16aa6761",
    "color" : "#007695",
    "position" : {
      "x" : 0.0,
      "y" : 0.0,
      "z" : 0.0
    },
    "orientation" : 9
  }, {
    "shape" : "7c59fd05-cd02-4cf8-b6d8-ac3db4780328",
    "color" : "#FFFFFF",
    "position" : {
      "x" : 0.0,
      "y" : 0.0,
      "z" : 12.0
    }
  }, {
    "shape" : "7c59fd05-cd02-4cf8-b6d8-ac3db4780328",
    "color" : "#FFFFFF",
    "position" : {
      "x" : 11.09017,
      "y" : 4.236068,
      "z" : -1.618034
    }
  }, {
    "shape" : "7c59fd05-cd02-4cf8-b6d8-ac3db4780328",
    "color" : "#FFFFFF",
    "position" : {
      "x" : -4.236068,
      "y" : 6.854102,
      "z" : -11.09017
    }
  }, {
    "shape" : "7c59fd05-cd02-4cf8-b6d8-ac3db4780328",
    "color" : "#FFFFFF",
    "position" : {
      "x" : -6.0,
      "y" : 9.708204,
      "z" : -3.708204
    }
  }, {
    "shape" : "7c59fd05-cd02-4cf8-b6d8-ac3db4780328",
    "color" : "#FFFFFF",
    "position" : {
      "x" : 2.618034,
      "y" : -9.472136,
      "z" : 6.854102
    }
  }, {
    "shape" : "7c59fd05-cd02-4cf8-b6d8-ac3db4780328",
    "color" : "#FFFFFF",
    "position" : {
      "x" : 6.854102,
      "y" : -2.618034,
      "z" : 9.472136
    }
  }, {
    "shape" : "7c59fd05-cd02-4cf8-b6d8-ac3db4780328",
    "color" : "#FFFFFF",
    "position" : {
      "x" : -6.0,
      "y" : -9.708204,
      "z" : 3.708204
    }
  }, {
    "shape" : "220cf4e0-942c-4b16-a205-f539af9390bc",
    "color" : "#6B351A",
    "position" : {
      "x" : 0.0,
      "y" : 12.472136,
      "z" : 0.0
    },
    "orientation" : 35
  }, {
    "shape" : "7c59fd05-cd02-4cf8-b6d8-ac3db4780328",
    "color" : "#FFFFFF",
    "position" : {
      "x" : -4.236068,
      "y" : -1.618034,
      "z" : 11.09017
    }
  }, {
    "shape" : "220cf4e0-942c-4b16-a205-f539af9390bc",
    "color" : "#6B351A",
    "position" : {
      "x" : -3.854102,
      "y" : -6.236068,
      "z" : 10.09017
    },
    "orientation" : 7
  }, {
    "shape" : "7c59fd05-cd02-4cf8-b6d8-ac3db4780328",
    "color" : "#FFFFFF",
    "position" : {
      "x" : -6.854102,
      "y" : -11.09017,
      "z" : -4.236068
    }
  }, {
    "shape" : "7c59fd05-cd02-4cf8-b6d8-ac3db4780328",
    "color" : "#FFFFFF",
    "position" : {
      "x" : -8.472136,
      "y" : 0.0,
      "z" : -8.472136
    }
  }, {
    "shape" : "7c59fd05-cd02-4cf8-b6d8-ac3db4780328",
