{
  "field" : "golden",
  "symmetry" : "icosahedral",
  "orientations" : [ [ 1.0, 0.0, 0.0, 0.0, 0.0, 1.0, 0.0, 0.0, 0.0, 0.0, 1.0, 0.0, 0.0, 0.0, 0.0, 1.0 ], [ 0.0, 0.0, 1.0, 0.0, 1.0, 0.0, 0.0, 0.0, 0.0, 1.0, 0.0, 0.0, 0.0, 0.0, 0.0, 1.0 ], [ 0.0, 1.0, 0.0, 0.0, 0.0, 0.0, 1.0, 0.0, 1.0, 0.0, 0.0, 0.0, 0.0, 0.0, 0.0, 1.0 ], [ 0.809017, 0.309017, 0.5, 0.0, 0.309017, 0.5, -0.809017, 0.0, -0.5, 0.809017, 0.309017, 0.0, 0.0, 0.0, 0.0, 1.0 ], [ -0.5, 0.809017, 0.309017, 0.0, 0.809017, 0.309017, 0.5, 0.0, 0.309017, 0.5, -0.809017, 0.0, 0.0, 0.0, 0.0, 1.0 ], [ 0.309017, 0.5, -0.809017, 0.0, -0.5, 0.809017, 0.309017, 0.0, 0.809017, 0.309017, 0.5, 0.0, 0.0, 0.0, 0.0, 1.0 ], [ 0.5, 0.809017, 0.309017, 0.0, 0.809017, -0.309017, -0.5, 0.0, -0.309017, 0.5, -0.809017, 0.0, 0.0, 0.0, 0.0, 1.0 ], [ -0.309017, 0.5, -0.809017, 0.0, 0.5, 0.809017, 0.309017, 0.0, 0.809017, -0.309017, -0.5, 0.0, 0.0, 0.0, 0.0, 1.0 ], [ 0.809017, -0.309017, -0.5, 0.0, -0.309017, 0.5, -0.809017, 0.0, 0.5, 0.809017, 0.309017, 0.0, 0.0, 0.0, 0.0, 1.0 ], [ 0.5, 0.809017, -0.309017, 0.0, 0.809017, -0.309017, 0.5, 0.0, 0.309017, -0.5, -0.809017, 0.0, 0.0, 0.0, 0.0, 1.0 ], [ 0.309017, -0.5, -0.809017, 0.0, 0.5, 0.809017, -0.309017, 0.0, 0.809017, -0.309017, 0.5, 0.0, 0.0, 0.0, 0.0, 1.0 ], [ 0.809017, -0.309017, 0.5, 0.0, 0.309017, -0.5, -0.809017, 0.0, 0.5, 0.809017, -0.309017, 0.0, 0.0, 0.0, 0.0, 1.0 ], [ 0.809017, 0.309017, -0.5, 0.0, 0.309017, 0.5, 0.809017, 0.0, 0.5, -0.809017, 0.309017, 0.0, 0.0, 0.0, 0.0, 1.0 ], [ 0.5, -0.809017, 0.309017, 0.0, 0.809017, 0.309017, -0.5, 0.0, 0.309017, 0.5, 0.809017, 0.0, 0.0, 0.0, 0.0, 1.0 ], [ 0.309017, 0.5, 0.809017, 0.0, 0.5, -0.809017, 0.309017, 0.0, 0.809017, 0.309017, -0.5, 0.0, 0.0, 0.0, 0.0, 1.0 ], [ 1.0, 0.0, 0.0, 0.0, 0.0, -1.0, 0.0, 0.0, 0.0, 0.0, -1.0, 0.0, 0.0, 0.0, 0.0, 1.0 ], [ 0.0, 0.0, 1.0, 0.0, -1.0, 0.0, 0.0, 0.0, 0.0, -1.0, 0.0, 0.0, 0.0, 0.0, 0.0, 1.0 ], [ 0.0, 1.0, 0.0, 0.0, 0.0, 0.0, -1.0, 0.0, -1.0, 0.0, 0.0, 0.0, 0.0, 0.0, 0.0, 1.0 ], [ 0.809017, 0.309017, 0.5, 0.0, -0.309017, -0.5, 0.809017, 0.0, 0.5, -0.809017, -0.309017, 0.0, 0.0, 0.0, 0.0, 1.0 ], [ -0.5, 0.809017, 0.309017, 0.0, -0.809017, -0.309017, -0.5, 0.0, -0.309017, -0.5, 0.809017, 0.0, 0.0, 0.0, 0.0, 1.0 ], [ 0.309017, 0.5, -0.809017, 0.0, 0.5, -0.809017, -0.309017, 0.0, -0.809017, -0.309017, -0.5, 0.0, 0.0, 0.0, 0.0, 1.0 ], [ 0.5, 0.809017, 0.309017, 0.0, -0.809017, 0.309017, 0.5, 0.0, 0.309017, -0.5, 0.809017, 0.0, 0.0, 0.0, 0.0, 1.0 ], [ -0.309017, 0.5, -0.809017, 0.0, -0.5, -0.809017, -0.309017, 0.0, -0.809017, 0.309017, 0.5, 0.0, 0.0, 0.0, 0.0, 1.0 ], [ 0.809017, -0.309017, -0.5, 0.0, 0.309017, -0.5, 0.809017, 0.0, -0.5, -0.809017, -0.309017, 0.0, 0.0, 0.0, 0.0, 1.0 ], [ 0.5, 0.809017, -0.309017, 0.0, -0.809017, 0.309017, -0.5, 0.0, -0.309017, 0.5, 0.809017, 0.0, 0.0, 0.0, 0.0, 1.0 ], [ 0.309017, -0.5, -0.809017, 0.0, -0.5, -0.809017, 0.309017, 0.0, -0.809017, 0.309017, -0.5, 0.0, 0.0, 0.0, 0.0, 1.0 ], [ 0.809017, -0.309017, 0.5, 0.0, -0.309017, 0.5, 0.809017, 0.0, -0.5, -0.809017, 0.309017, 0.0, 0.0, 0.0, 0.0, 1.0 ], [ 0.809017, 0.309017, -0.5, 0.0, -0.309017, -0.5, -0.809017, 0.0, -0.5, 0.809017, -0.309017, 0.0, 0.0, 0.0, 0.0, 1.0 ], [ 0.5, -0.809017, 0.309017, 0.0, -0.809017, -0.309017, 0.5, 0.0, -0.309017, -0.5, -0.809017, 0.0, 0.0, 0.0, 0.0, 1.0 ], [ 0.309017, 0.5, 0.809017, 0.0, -0.5, 0.809017, -0.309017, 0.0, -0.809017, -0.309017, 0.5, 0.0, 0.0, 0.0, 0.0, 1.0 ], [ -1.0, 0.0, 0.0, 0.0, 0.0, -1.0, 0.0, 0.0, 0.0, 0.0, 1.0, 0.0, 0.0, 0.0, 0.0, 1.0 ], [ 0.0, 0.0, -1.0, 0.0, -1.0, 0.0, 0.0, 0.0, 0.0, 1.0, 0.0, 0.0, 0.0, 0.0, 0.0, 1.0 ], [ 0.0, -1.0, 0.0, 0.0, 0.0, 0.0, -1.0, 0.0, 1.0, 0.0, 0.0, 0.0, 0.0, 0.0, 0.0, 1.0 ], [ -0.809017, -0.309017, -0.5, 0.0, -0.309017, -0.5, 0.809017, 0.0, -0.5, 0.809017, 0.309017, 0.0, 0.0, 0.0, 0.0, 1.0 ], [ 0.5, -0.809017, -0.309017, 0.0, -0.809017, -0.309017, -0.5, 0.0, 0.309017, 0.5, -0.809017, 0.0, 0.0, 0.0, 0.0, 1.0 ], [ -0.309017, -0.5, 0.809017, 0.0, 0.5, -0.809017, -0.309017, 0.0, 0.809017, 0.309017, 0.5, 0.0, 0.0, 0.0, 0.0, 1.0 ], [ -0.5, -0.809017, -0.309017, 0.0, -0.809017, 0.309017, 0.5, 0.0, -0.309017, 0.5, -0.809017, 0.0, 0.0, 0.0, 0.0, 1.0 ], [ 0.309017, -0.5, 0.809017, 0.0, -0.5, -0.809017, -0.309017, 0.0, 0.809017, -0.309017, -0.5, 0.0, 0.0, 0.0, 0.0, 1.0 ], [ -0.809017, 0.309017, 0.5, 0.0, 0.309017, -0.5, 0.809017, 0.0, 0.5, 0.809017, 0.309017, 0.0, 0.0, 0.0, 0.0, 1.0 ], [ -0.5, -0.809017, 0.309017, 0.0, -0.809017, 0.309017, -0.5, 0.0, 0.309017, -0.5, -0.809017, 0.0, 0.0, 0.0, 0.0, 1.0 ], [ -0.309017, 0.5, 0.809017, 0.0, -0.5, -0.809017, 0.309017, 0.0, 0.809017, -0.309017, 0.5, 0.0, 0.0, 0.0, 0.0, 1.0 ], [ -0.809017, 0.309017, -0.5, 0.0, -0.309017, 0.5, 0.809017, 0.0, 0.5, 0.809017, -0.309017, 0.0, 0.0, 0.0, 0.0, 1.0 ], [ -0.809017, -0.309017, 0.5, 0.0, -0.309017, -0.5, -0.809017, 0.0, 0.5, -0.809017, 0.309017, 0.0, 0.0, 0.0, 0.0, 1.0 ], [ -0.5, 0.809017, -0.309017, 0.0, -0.809017, -0.309017, 0.5, 0.0, 0.309017, 0.5, 0.809017, 0.0, 0.0, 0.0, 0.0, 1.0 ], [ -0.309017, -0.5, -0.809017, 0.0, -0.5, 0.809017, -0.309017, 0.0, 0.809017, 0.309017, -0.5, 0.0, 0.0, 0.0, 0.0, 1.0 ], [ -1.0, 0.0, 0.0, 0.0, 0.0, 1.0, 0.0, 0.0, 0.0, 0.0, -1.0, 0.0, 0.0, 0.0, 0.0, 1.0 ], [ 0.0, 0.0, -1.0, 0.0, 1.0, 0.0, 0.0, 0.0, 0.0, -1.0, 0.0, 0.0, 0.0, 0.0, 0.0, 1.0 ], [ 0.0, -1.0, 0.0, 0.0, 0.0, 0.0, 1.0, 0.0, -1.0, 0.0, 0.0, 0.0, 0.0, 0.0, 0.0, 1.0 ], [ -0.809017, -0.309017, -0.5, 0.0, 0.309017, 0.5, -0.809017, 0.0, 0.5, -0.809017, -0.309017, 0.0, 0.0, 0.0, 0.0, 1.0 ], [ 0.5, -0.809017, -0.309017, 0.0, 0.809017, 0.309017, 0.5, 0.0, -0.309017, -0.5, 0.809017, 0.0, 0.0, 0.0, 0.0, 1.0 ], [ -0.309017, -0.5, 0.809017, 0.0, -0.5, 0.809017, 0.309017, 0.0, -0.809017, -0.309017, -0.5, 0.0, 0.0, 0.0, 0.0, 1.0 ], [ -0.5, -0.809017, -0.309017, 0.0, 0.809017, -0.309017, -0.5, 0.0, 0.309017, -0.5, 0.809017, 0.0, 0.0, 0.0, 0.0, 1.0 ], [ 0.309017, -0.5, 0.809017, 0.0, 0.5, 0.809017, 0.309017, 0.0, -0.809017, 0.309017, 0.5, 0.0, 0.0, 0.0, 0.0, 1.0 ], [ -0.809017, 0.309017, 0.5, 0.0, -0.309017, 0.5, -0.809017, 0.0, -0.5, -0.809017, -0.309017, 0.0, 0.0, 0.0, 0.0, 1.0 ], [ -0.5, -0.809017, 0.309017, 0.0, 0.809017, -0.309017, 0.5, 0.0, -0.309017, 0.5, 0.809017, 0.0, 0.0, 0.0, 0.0, 1.0 ], [ -0.309017, 0.5, 0.809017, 0.0, 0.5, 0.809017, -0.309017, 0.0, -0.809017, 0.309017, -0.5, 0.0, 0.0, 0.0, 0.0, 1.0 ], [ -0.809017, 0.309017, -0.5, 0.0, 0.309017, -0.5, -0.809017, 0.0, -0.5, -0.809017, 0.309017, 0.0, 0.0, 0.0, 0.0, 1.0 ], [ -0.809017, -0.309017, 0.5, 0.0, 0.309017, 0.5, 0.809017, 0.0, -0.5, 0.809017, -0.309017, 0.0, 0.0, 0.0, 0.0, 1.0 ], [ -0.5, 0.809017, -0.309017, 0.0, 0.809017, 0.309017, -0.5, 0.0, -0.309017, -0.5, -0.809017, 0.0, 0.0, 0.0, 0.0, 1.0 ], [ -0.309017, -0.5, -0.809017, 0.0, 0.5, -0.809017, 0.309017, 0.0, -0.809017, -0.309017, 0.5, 0.0, 0.0, 0.0, 0.0, 1.0 ] ],
  "lights" : {
    "ambientColor" : "#292929",
    "backgroundColor" : "#AFC8DC",
    "directionalLights" : [ {
      "direction" : {
        "x" : 1.0,
        "y" : -1.0,
        "z" : -1.0
      },
      "color" : "#EBEBE4"
    }, {
      "direction" : {
        "x" : -1.0,
        "y" : 0.0,
        "z" : 0.0
      },
      "color" : "#E4E4EB"
    }, {
      "direction" : {
        "x" : 0.0,
        "y" : 0.0,
        "z" : -1.0
      },
      "color" : "#1E1E1E"
    } ]
  },
  "camera" : {
    "stereo" : false,
    "width" : 125.257774,
    "lookDirection" : {
      "x" : 0.3171731,
      "y" : 0.5256122,
      "z" : -0.78938645
    },
    "upDirection" : {
      "x" : -0.560466,
      "y" : -0.56753594,
      "z" : -0.60308975
    },
    "lookAtPoint" : {
      "x" : 0.0,
      "y" : 0.0,
      "z" : 0.0
    },
    "viewDistance" : 278.35007,
    "nearClipDistance" : 0.6958758,
    "farClipDistance" : 556.6991,
    "fieldOfView" : 0.44262972,
    "perspective" : false,
    "position" : {
      "x" : -88.28515,
      "y" : -146.30418,
      "z" : 219.72577
    }
  },
  "embedding" : [ 1.0, 0.0, 0.0, 0.0, 0.0, 1.0, 0.0, 0.0, 0.0, 0.0, 1.0, 0.0, 0.0, 0.0, 0.0, 1.0 ],
  "shapes" : [ {
    "id" : "bc95f642-0555-4b70-b24b-88c01c306f39",
    "vertices" : [ {
      "x" : 7.2416954,
      "y" : -1.603929,
      "z" : 2.5022166
    }, {
      "x" : 7.1416955,
      "y" : -2.0039291,
      "z" : 2.4022167
    }, {
      "x" : 0.43645173,
      "y" : -0.42612758,
      "z" : 0.32182872
    }, {
      "x" : 0.5364517,
      "y" : -0.026127595,
      "z" : 0.42182872
    }, {
      "x" : 6.9083624,
      "y" : -2.1372623,
      "z" : 2.7022166
    }, {
      "x" : 7.0083623,
      "y" : -1.7372624,
      "z" : 2.8022165
    }, {
      "x" : 0.76978505,
      "y" : 0.10720574,
      "z" : 0.12182873
    }, {
      "x" : 0.6697851,
      "y" : -0.29279426,
      "z" : 0.021828732
    } ],
    "faces" : [ {
      "vertices" : [ 2, 3, 6 ]
    }, {
      "vertices" : [ 2, 6, 7 ]
    }, {
      "vertices" : [ 0, 5, 4 ]
    }, {
      "vertices" : [ 0, 4, 1 ]
    }, {
      "vertices" : [ 2, 4, 5 ]
    }, {
      "vertices" : [ 2, 5, 3 ]
    }, {
      "vertices" : [ 0, 6, 3 ]
    }, {
      "vertices" : [ 0, 3, 5 ]
    }, {
      "vertices" : [ 0, 1, 7 ]
    }, {
      "vertices" : [ 0, 7, 6 ]
    }, {
      "vertices" : [ 1, 4, 2 ]
    }, {
      "vertices" : [ 1, 2, 7 ]
    } ]
  }, {
    "id" : "92ceb935-c93d-41cd-a10a-19a11a55842a",
    "vertices" : [ {
      "x" : -10.5021925,
      "y" : -0.79398865,
      "z" : -5.648091
    }, {
      "x" : -10.5021925,
      "y" : -0.79398865,
      "z" : -14.120227
    }, {
      "x" : -13.326238,
      "y" : 4.854102,
      "z" : -8.472136
    }, {
      "x" : -13.326238,
      "y" : 4.854102,
      "z" : 0.0
    } ],
    "faces" : [ {
      "vertices" : [ 0, 1, 2 ]
    }, {
      "vertices" : [ 0, 2, 3 ]
    }, {
      "vertices" : [ 0, 3, 2 ]
    }, {
      "vertices" : [ 0, 2, 1 ]
    } ]
  }, {
    "id" : "2c1c1b68-3aea-41f8-90d3-04e9802c4272",
    "vertices" : [ {
      "x" : 0.309017,
      "y" : -0.309017,
      "z" : -0.309017
    }, {
      "x" : 0.5,
      "y" : 0.0,
      "z" : -0.19098301
    }, {
      "x" : 0.5,
      "y" : 0.0,
      "z" : 0.19098301
    }, {
      "x" : 0.309017,
      "y" : -0.309017,
      "z" : 0.309017
    }, {
      "x" : 0.19098301,
      "y" : -0.5,
      "z" : 0.0
    }, {
      "x" : 0.0,
      "y" : 0.19098301,
      "z" : 0.5
    }, {
      "x" : 0.0,
      "y" : -0.19098301,
      "z" : 0.5
    }, {
      "x" : 0.309017,
      "y" : 0.309017,
      "z" : 0.309017
    }, {
      "x" : -0.309017,
      "y" : -0.309017,
      "z" : 0.309017
    }, {
      "x" : -0.309017,
      "y" : 0.309017,
      "z" : 0.309017
    }, {
      "x" : -0.5,
      "y" : 0.0,
      "z" : 0.19098301
    }, {
      "x" : 0.0,
      "y" : -0.19098301,
      "z" : -0.5
    }, {
      "x" : 0.0,
      "y" : 0.19098301,
      "z" : -0.5
    }, {
      "x" : 0.309017,
      "y" : 0.309017,
      "z" : -0.309017
    }, {
      "x" : -0.309017,
      "y" : -0.309017,
      "z" : -0.309017
    }, {
      "x" : -0.19098301,
      "y" : -0.5,
      "z" : 0.0
    }, {
      "x" : -0.5,
      "y" : 0.0,
      "z" : -0.19098301
    }, {
      "x" : 0.19098301,
      "y" : 0.5,
      "z" : 0.0
    }, {
      "x" : -0.309017,
      "y" : 0.309017,
      "z" : -0.309017
    }, {
      "x" : 0.0,
      "y" : 0.0,
      "z" : 0.0
    }, {
      "x" : -0.19098301,
      "y" : 0.5,
      "z" : 0.0
    } ],
    "faces" : [ {
      "vertices" : [ 12, 18, 20 ]
    }, {
      "vertices" : [ 12, 20, 17 ]
    }, {
      "vertices" : [ 12, 17, 13 ]
    }, {
      "vertices" : [ 3, 6, 8 ]
    }, {
      "vertices" : [ 3, 8, 15 ]
    }, {
      "vertices" : [ 3, 15, 4 ]
    }, {
      "vertices" : [ 0, 11, 12 ]
    }, {
      "vertices" : [ 0, 12, 13 ]
    }, {
      "vertices" : [ 0, 13, 1 ]
    }, {
      "vertices" : [ 5, 9, 10 ]
    }, {
      "vertices" : [ 5, 10, 8 ]
    }, {
      "vertices" : [ 5, 8, 6 ]
    }, {
      "vertices" : [ 2, 7, 5 ]
    }, {
      "vertices" : [ 2, 5, 6 ]
    }, {
      "vertices" : [ 2, 6, 3 ]
    }, {
      "vertices" : [ 11, 14, 16 ]
    }, {
      "vertices" : [ 11, 16, 18 ]
    }, {
      "vertices" : [ 11, 18, 12 ]
    }, {
      "vertices" : [ 1, 13, 17 ]
    }, {
      "vertices" : [ 1, 17, 7 ]
    }, {
      "vertices" : [ 1, 7, 2 ]
    }, {
      "vertices" : [ 9, 20, 18 ]
    }, {
      "vertices" : [ 9, 18, 16 ]
    }, {
      "vertices" : [ 9, 16, 10 ]
    }, {
      "vertices" : [ 0, 1, 2 ]
    }, {
      "vertices" : [ 0, 2, 3 ]
    }, {
      "vertices" : [ 0, 3, 4 ]
    }, {
      "vertices" : [ 5, 7, 17 ]
    }, {
      "vertices" : [ 5, 17, 20 ]
    }, {
      "vertices" : [ 5, 20, 9 ]
    }, {
      "vertices" : [ 0, 4, 15 ]
    }, {
      "vertices" : [ 0, 15, 14 ]
    }, {
      "vertices" : [ 0, 14, 11 ]
    }, {
      "vertices" : [ 8, 10, 16 ]
    }, {
      "vertices" : [ 8, 16, 14 ]
    }, {
      "vertices" : [ 8, 14, 15 ]
    } ]
  }, {
    "id" : "83d10f34-1f30-4779-b0c5-13a1fb0ffe50",
    "vertices" : [ {
      "x" : -2.5022166,
      "y" : 1.603929,
      "z" : -7.2416954
    }, {
      "x" : -2.4022167,
      "y" : 2.0039291,
      "z" : -7.1416955
    }, {
      "x" : -0.32182872,
      "y" : 0.42612758,
      "z" : -0.43645173
    }, {
      "x" : -0.42182872,
      "y" : 0.026127595,
      "z" : -0.5364517
    }, {
      "x" : -2.7022166,
      "y" : 2.1372623,
      "z" : -6.9083624
    }, {
      "x" : -2.8022165,
      "y" : 1.7372624,
      "z" : -7.0083623
    }, {
      "x" : -0.12182873,
      "y" : -0.10720574,
      "z" : -0.76978505
    }, {
      "x" : -0.021828732,
      "y" : 0.29279426,
      "z" : -0.6697851
    } ],
    "faces" : [ {
      "vertices" : [ 2, 3, 6 ]
    }, {
      "vertices" : [ 2, 6, 7 ]
    }, {
      "vertices" : [ 0, 5, 4 ]
    }, {
      "vertices" : [ 0, 4, 1 ]
    }, {
      "vertices" : [ 2, 4, 5 ]
    }, {
      "vertices" : [ 2, 5, 3 ]
    }, {
      "vertices" : [ 0, 6, 3 ]
    }, {
      "vertices" : [ 0, 3, 5 ]
    }, {
      "vertices" : [ 0, 1, 7 ]
    }, {
      "vertices" : [ 0, 7, 6 ]
    }, {
      "vertices" : [ 1, 4, 2 ]
    }, {
      "vertices" : [ 1, 2, 7 ]
    } ]
  }, {
    "id" : "6ea5575f-b14e-45b5-9cfb-d4256eb634ad",
    "vertices" : [ {
      "x" : 1.0,
      "y" : 0.309017,
      "z" : 0.19098301
    }, {
      "x" : 1.0,
      "y" : -0.309017,
      "z" : 0.19098301
    }, {
      "x" : 7.472136,
      "y" : -0.309017,
      "z" : 0.19098301
    }, {
      "x" : 7.472136,
      "y" : 0.309017,
      "z" : 0.19098301
    }, {
      "x" : 7.472136,
      "y" : -0.309017,
      "z" : -0.19098301
    }, {
      "x" : 7.472136,
      "y" : 0.309017,
      "z" : -0.19098301
    }, {
      "x" : 8.09017,
      "y" : 0.0,
      "z" : 0.0
    }, {
      "x" : 0.38196602,
      "y" : 0.0,
      "z" : 0.0
    }, {
      "x" : 1.0,
      "y" : 0.309017,
      "z" : -0.19098301
    }, {
      "x" : 1.0,
      "y" : -0.309017,
      "z" : -0.19098301
    }, {
      "x" : 8.472136,
      "y" : 0.0,
      "z" : 0.0
    } ],
    "faces" : [ {
      "vertices" : [ 1, 9, 4 ]
    }, {
      "vertices" : [ 1, 4, 2 ]
    }, {
      "vertices" : [ 0, 3, 5 ]
    }, {
      "vertices" : [ 0, 5, 8 ]
    }, {
      "vertices" : [ 1, 7, 9 ]
    }, {
      "vertices" : [ 0, 1, 2 ]
    }, {
      "vertices" : [ 0, 2, 3 ]
    }, {
      "vertices" : [ 7, 8, 9 ]
    }, {
      "vertices" : [ 0, 7, 1 ]
    }, {
      "vertices" : [ 4, 9, 8 ]
    }, {
      "vertices" : [ 4, 8, 5 ]
    }, {
      "vertices" : [ 2, 6, 3 ]
    }, {
      "vertices" : [ 2, 4, 6 ]
    }, {
      "vertices" : [ 3, 6, 5 ]
    }, {
      "vertices" : [ 4, 5, 6 ]
    }, {
      "vertices" : [ 0, 8, 7 ]
    } ]
  }, {
    "id" : "e93e8942-47ad-4ce0-852f-e163d4aed661",
    "vertices" : [ {
      "x" : 0.0,
      "y" : 0.0,
      "z" : 0.0
    }, {
      "x" : 5.648091,
      "y" : 5.648091,
      "z" : -2.8240454
    }, {
      "x" : 2.8240454,
      "y" : 11.296182,
      "z" : 2.8240454
    }, {
      "x" : -2.8240454,
      "y" : 5.648091,
      "z" : 5.648091
    } ],
    "faces" : [ {
      "vertices" : [ 0, 1, 2 ]
    }, {
      "vertices" : [ 0, 2, 3 ]
    }, {
      "vertices" : [ 0, 3, 2 ]
    }, {
      "vertices" : [ 0, 2, 1 ]
    } ]
  }, {
    "id" : "77cb723a-5bf9-4bd5-8441-007434172c6c",
    "vertices" : [ {
      "x" : -5.3703127,
      "y" : -5.1036463,
      "z" : 2.3351564
    }, {
      "x" : -5.270313,
      "y" : -5.0036464,
      "z" : 2.7351565
    }, {
      "x" : -0.2777778,
      "y" : -0.54444444,
      "z" : 0.4888889
    }, {
      "x" : -0.37777779,
      "y" : -0.64444447,
      "z" : 0.08888889
    }, {
      "x" : -5.0369797,
      "y" : -5.303646,
      "z" : 2.8684897
    }, {
      "x" : -5.1369796,
      "y" : -5.403646,
      "z" : 2.4684896
    }, {
      "x" : -0.6111111,
      "y" : -0.34444445,
      "z" : -0.044444446
    }, {
      "x" : -0.51111114,
      "y" : -0.24444444,
      "z" : 0.35555556
    } ],
    "faces" : [ {
      "vertices" : [ 2, 3, 6 ]
    }, {
      "vertices" : [ 2, 6, 7 ]
    }, {
      "vertices" : [ 0, 5, 4 ]
    }, {
      "vertices" : [ 0, 4, 1 ]
    }, {
      "vertices" : [ 2, 4, 5 ]
    }, {
      "vertices" : [ 2, 5, 3 ]
    }, {
      "vertices" : [ 0, 6, 3 ]
    }, {
      "vertices" : [ 0, 3, 5 ]
    }, {
      "vertices" : [ 0, 1, 7 ]
    }, {
      "vertices" : [ 0, 7, 6 ]
    }, {
      "vertices" : [ 1, 4, 2 ]
    }, {
      "vertices" : [ 1, 2, 7 ]
    } ]
  }, {
    "id" : "51e42826-69f6-47f8-bfcd-230aca8e5237",
    "vertices" : [ {
      "x" : 6.4420795,
      "y" : 11.296182,
      "z" : 16.150284
    }, {
      "x" : 9.266125,
      "y" : 18.974329,
      "z" : 14.120227
    }, {
      "x" : 16.944271,
      "y" : 16.944271,
      "z" : 16.944271
    }, {
      "x" : 14.120227,
      "y" : 9.266125,
      "z" : 18.974329
    } ],
    "faces" : [ {
      "vertices" : [ 0, 1, 2 ]
    }, {
      "vertices" : [ 0, 2, 3 ]
    }, {
      "vertices" : [ 0, 3, 2 ]
    }, {
      "vertices" : [ 0, 2, 1 ]
    } ]
  }, {
    "id" : "3c846c55-89b3-4556-b919-e9cd8c366f24",
    "vertices" : [ {
      "x" : -10.5021925,
      "y" : -0.79398865,
      "z" : -14.120227
    }, {
      "x" : -18.974329,
      "y" : -0.79398865,
      "z" : -14.120227
    }, {
      "x" : -21.798374,
      "y" : 4.854102,
      "z" : -8.472136
    }, {
      "x" : -13.326238,
      "y" : 4.854102,
      "z" : -8.472136
    } ],
    "faces" : [ {
      "vertices" : [ 0, 1, 2 ]
    }, {
      "vertices" : [ 0, 2, 3 ]
    }, {
      "vertices" : [ 0, 3, 2 ]
    }, {
      "vertices" : [ 0, 2, 1 ]
    } ]
  }, {
    "id" : "0108122d-e9be-477a-aa34-ebb3672ffdff",
    "vertices" : [ {
      "x" : -13.326238,
      "y" : 4.854102,
      "z" : -8.472136
    }, {
      "x" : -5.648091,
      "y" : 7.6781473,
      "z" : -10.5021925
    }, {
      "x" : -2.8240454,
      "y" : 2.0300567,
      "z" : -16.150284
    }, {
      "x" : -10.5021925,
      "y" : -0.79398865,
      "z" : -14.120227
    } ],
    "faces" : [ {
      "vertices" : [ 0, 1, 2 ]
    }, {
      "vertices" : [ 0, 2, 3 ]
    }, {
      "vertices" : [ 0, 3, 2 ]
    }, {
      "vertices" : [ 0, 2, 1 ]
    } ]
  }, {
    "id" : "2ba0ba6d-8c3a-45ea-b33d-840853e4eed0",
    "vertices" : [ {
      "x" : -8.472136,
      "y" : -8.472136,
      "z" : -8.472136
    }, {
      "x" : -10.5021925,
      "y" : -0.79398865,
      "z" : -5.648091
    }, {
      "x" : -7.6781473,
      "y" : -2.8240454,
      "z" : 2.0300567
    }, {
      "x" : -5.648091,
      "y" : -10.5021925,
      "z" : -0.79398865
    } ],
    "faces" : [ {
      "vertices" : [ 0, 1, 2 ]
    }, {
      "vertices" : [ 0, 2, 3 ]
    }, {
      "vertices" : [ 0, 3, 2 ]
    }, {
      "vertices" : [ 0, 2, 1 ]
    } ]
  }, {
    "id" : "75294212-61a0-4bf3-ad5e-70c93fc7972f",
    "vertices" : [ {
      "x" : -8.472136,
      "y" : -8.472136,
      "z" : -8.472136
    }, {
      "x" : -0.79398865,
      "y" : -5.648091,
      "z" : -10.5021925
    }, {
      "x" : -2.8240454,
      "y" : 2.0300567,
      "z" : -7.6781473
    }, {
      "x" : -10.5021925,
      "y" : -0.79398865,
      "z" : -5.648091
    } ],
    "faces" : [ {
      "vertices" : [ 0, 1, 2 ]
    }, {
      "vertices" : [ 0, 2, 3 ]
    }, {
      "vertices" : [ 0, 3, 2 ]
    }, {
      "vertices" : [ 0, 2, 1 ]
    } ]
  }, {
    "id" : "a233e6ee-26ea-4650-be80-8eaa36bdc4f2",
    "vertices" : [ {
      "x" : -2.8240454,
      "y" : 5.648091,
      "z" : 5.648091
    }, {
      "x" : 2.8240454,
      "y" : 11.296182,
      "z" : 2.8240454
    }, {
      "x" : 8.472136,
      "y" : 8.472136,
      "z" : 8.472136
    }, {
      "x" : 2.8240454,
      "y" : 2.8240454,
      "z" : 11.296182
    } ],
    "faces" : [ {
      "vertices" : [ 0, 1, 2 ]
    }, {
      "vertices" : [ 0, 2, 3 ]
    }, {
      "vertices" : [ 0, 3, 2 ]
    }, {
      "vertices" : [ 0, 2, 1 ]
    } ]
  }, {
    "id" : "751642e6-e43c-4a79-8fa3-3cd067d7a734",
    "vertices" : [ {
      "x" : -13.326238,
      "y" : 4.854102,
      "z" : -8.472136
    }, {
      "x" : -15.356295,
      "y" : 7.6781473,
      "z" : -0.79398865
    }, {
      "x" : -23.82843,
      "y" : 7.6781473,
      "z" : -0.79398865
    }, {
      "x" : -21.798374,
      "y" : 4.854102,
      "z" : -8.472136
    } ],
    "faces" : [ {
      "vertices" : [ 0, 1, 2 ]
    }, {
      "vertices" : [ 0, 2, 3 ]
    }, {
      "vertices" : [ 0, 3, 2 ]
    }, {
      "vertices" : [ 0, 2, 1 ]
    } ]
  }, {
    "id" : "3c63501f-23f9-477d-a468-0fb2a180e069",
    "vertices" : [ {
      "x" : 5.648091,
      "y" : -2.8240454,
      "z" : 5.648091
    }, {
      "x" : 2.8240454,
      "y" : 2.8240454,
      "z" : 11.296182
    }, {
      "x" : 8.472136,
      "y" : 8.472136,
      "z" : 8.472136
    }, {
      "x" : 11.296182,
      "y" : 2.8240454,
      "z" : 2.8240454
    } ],
    "faces" : [ {
      "vertices" : [ 0, 1, 2 ]
    }, {
      "vertices" : [ 0, 2, 3 ]
    }, {
      "vertices" : [ 0, 3, 2 ]
    }, {
      "vertices" : [ 0, 2, 1 ]
    } ]
  }, {
    "id" : "1576d99b-036d-452f-9c05-c1b545fb8899",
    "vertices" : [ {
      "x" : -15.356295,
      "y" : 7.6781473,
      "z" : -0.79398865
    }, {
      "x" : -23.82843,
      "y" : 7.6781473,
      "z" : -0.79398865
    }, {
      "x" : -16.150284,
      "y" : 10.5021925,
      "z" : -2.8240454
    }, {
      "x" : -7.6781473,
      "y" : 10.5021925,
      "z" : -2.8240454
    } ],
    "faces" : [ {
      "vertices" : [ 0, 1, 2 ]
    }, {
      "vertices" : [ 0, 2, 3 ]
    }, {
      "vertices" : [ 0, 3, 2 ]
    }, {
      "vertices" : [ 0, 2, 1 ]
    } ]
  }, {
    "id" : "bfde433f-619a-4f9d-8c0b-83465777518c",
    "vertices" : [ {
      "x" : -4.854102,
      "y" : 8.472136,
      "z" : 13.326238
    }, {
      "x" : 0.79398865,
      "y" : 5.648091,
      "z" : 18.974329
    }, {
      "x" : -7.6781473,
      "y" : 5.648091,
      "z" : 18.974329
    }, {
      "x" : -13.326238,
      "y" : 8.472136,
      "z" : 13.326238
    } ],
    "faces" : [ {
      "vertices" : [ 0, 1, 2 ]
    }, {
      "vertices" : [ 0, 2, 3 ]
    }, {
      "vertices" : [ 0, 3, 2 ]
    }, {
      "vertices" : [ 0, 2, 1 ]
    } ]
  }, {
    "id" : "db0d0db7-05f1-4f2b-a4d0-efc4de7d7b4c",
    "vertices" : [ {
      "x" : -16.944271,
      "y" : -8.472136,
      "z" : -16.944271
    }, {
      "x" : -8.472136,
      "y" : -8.472136,
      "z" : -16.944271
    }, {
      "x" : -0.79398865,
      "y" : -5.648091,
      "z" : -18.974329
    }, {
      "x" : -9.266125,
      "y" : -5.648091,
      "z" : -18.974329
    } ],
    "faces" : [ {
      "vertices" : [ 0, 1, 2 ]
    }, {
      "vertices" : [ 0, 2, 3 ]
    }, {
      "vertices" : [ 0, 3, 2 ]
    }, {
      "vertices" : [ 0, 2, 1 ]
    } ]
  }, {
    "id" : "8d5112d1-32e2-4104-9b33-5ab965bbbda5",
    "vertices" : [ {
      "x" : -16.944271,
      "y" : -16.944271,
      "z" : -16.944271
    }, {
      "x" : -16.944271,
      "y" : -8.472136,
      "z" : -16.944271
    }, {
      "x" : -16.944271,
      "y" : -8.472136,
      "z" : -8.472136
    }, {
      "x" : -16.944271,
      "y" : -16.944271,
      "z" : -8.472136
    } ],
    "faces" : [ {
      "vertices" : [ 0, 1, 2 ]
    }, {
      "vertices" : [ 0, 2, 3 ]
    }, {
      "vertices" : [ 0, 3, 2 ]
    }, {
      "vertices" : [ 0, 2, 1 ]
    } ]
  }, {
    "id" : "1b8cdb26-324f-477b-b04d-ac9edc1af631",
    "vertices" : [ {
      "x" : -16.150284,
      "y" : 10.5021925,
      "z" : -2.8240454
    }, {
      "x" : -7.6781473,
      "y" : 10.5021925,
      "z" : -2.8240454
    }, {
      "x" : -5.648091,
      "y" : 7.6781473,
      "z" : -10.5021925
    }, {
      "x" : -14.120227,
      "y" : 7.6781473,
      "z" : -10.5021925
    } ],
    "faces" : [ {
      "vertices" : [ 0, 1, 2 ]
    }, {
      "vertices" : [ 0, 2, 3 ]
    }, {
      "vertices" : [ 0, 3, 2 ]
    }, {
      "vertices" : [ 0, 2, 1 ]
    } ]
  }, {
    "id" : "fe28a601-9fd4-4149-8aeb-88667db40200",
    "vertices" : [ {
      "x" : -4.854102,
      "y" : 8.472136,
      "z" : 13.326238
    }, {
      "x" : -7.6781473,
      "y" : 10.5021925,
      "z" : 5.648091
    }, {
      "x" : -15.356295,
      "y" : 7.6781473,
      "z" : 7.6781473
    }, {
      "x" : -12.532249,
      "y" : 5.648091,
      "z" : 15.356295
    } ],
    "faces" : [ {
      "vertices" : [ 0, 1, 2 ]
    }, {
      "vertices" : [ 0, 2, 3 ]
    }, {
      "vertices" : [ 0, 3, 2 ]
    }, {
      "vertices" : [ 0, 2, 1 ]
    } ]
  }, {
    "id" : "c8ef5718-627b-4d2e-969e-f3eede215867",
    "vertices" : [ {
      "x" : -23.82843,
      "y" : 7.6781473,
      "z" : 7.6781473
    }, {
      "x" : -21.004385,
      "y" : 5.648091,
      "z" : 15.356295
    }, {
      "x" : -13.326238,
      "y" : 8.472136,
      "z" : 13.326238
    }, {
      "x" : -16.150284,
      "y" : 10.5021925,
      "z" : 5.648091
    } ],
    "faces" : [ {
      "vertices" : [ 0, 1, 2 ]
    }, {
      "vertices" : [ 0, 2, 3 ]
    }, {
      "vertices" : [ 0, 3, 2 ]
    }, {
      "vertices" : [ 0, 2, 1 ]
    } ]
  }, {
    "id" : "6c05f822-3558-49c2-b46c-c724b801c145",
    "vertices" : [ {
      "x" : -18.974329,
      "y" : -0.79398865,
      "z" : -14.120227
    }, {
      "x" : -10.5021925,
      "y" : -0.79398865,
      "z" : -14.120227
    }, {
      "x" : -2.8240454,
      "y" : 2.0300567,
      "z" : -16.150284
    }, {
      "x" : -11.296182,
      "y" : 2.0300567,
      "z" : -16.150284
    } ],
    "faces" : [ {
      "vertices" : [ 0, 1, 2 ]
    }, {
      "vertices" : [ 0, 2, 3 ]
    }, {
      "vertices" : [ 0, 3, 2 ]
    }, {
      "vertices" : [ 0, 2, 1 ]
    } ]
  }, {
    "id" : "ab62d168-325c-41fb-9ad7-102d05df5175",
    "vertices" : [ {
      "x" : -6.8841586,
      "y" : 2.8240454,
      "z" : 21.004385
    }, {
      "x" : 0.79398865,
      "y" : 5.648091,
      "z" : 18.974329
    }, {
      "x" : 8.472136,
      "y" : 3.618034,
      "z" : 21.798374
    }, {
      "x" : 0.79398865,
      "y" : 0.79398865,
      "z" : 23.82843
    } ],
    "faces" : [ {
      "vertices" : [ 0, 1, 2 ]
    }, {
      "vertices" : [ 0, 2, 3 ]
    }, {
      "vertices" : [ 0, 3, 2 ]
    }, {
      "vertices" : [ 0, 2, 1 ]
    } ]
  }, {
    "id" : "aed05dff-35e7-4ceb-8fc0-62b28e04eff1",
    "vertices" : [ {
      "x" : -5.648091,
      "y" : 7.6781473,
      "z" : -2.0300567
    }, {
      "x" : -2.8240454,
      "y" : 2.0300567,
      "z" : -7.6781473
    }, {
      "x" : -2.8240454,
      "y" : 2.0300567,
      "z" : -16.150284
    }, {
      "x" : -5.648091,
      "y" : 7.6781473,
      "z" : -10.5021925
    } ],
    "faces" : [ {
      "vertices" : [ 0, 1, 2 ]
    }, {
      "vertices" : [ 0, 2, 3 ]
    }, {
      "vertices" : [ 0, 3, 2 ]
    }, {
      "vertices" : [ 0, 2, 1 ]
    } ]
  }, {
    "id" : "1b929291-0d64-4b14-981c-47dd16809c00",
    "vertices" : [ {
      "x" : -23.82843,
      "y" : 7.6781473,
      "z" : -0.79398865
    }, {
      "x" : -23.82843,
      "y" : 7.6781473,
      "z" : 7.6781473
    }, {
      "x" : -16.150284,
      "y" : 10.5021925,
      "z" : 5.648091
    }, {
      "x" : -16.150284,
      "y" : 10.5021925,
      "z" : -2.8240454
    } ],
    "faces" : [ {
      "vertices" : [ 0, 1, 2 ]
    }, {
      "vertices" : [ 0, 2, 3 ]
    }, {
      "vertices" : [ 0, 3, 2 ]
    }, {
      "vertices" : [ 0, 2, 1 ]
    } ]
  }, {
    "id" : "fc30fd1d-3ed4-4ba6-b3d1-230bddd0f46f",
    "vertices" : [ {
      "x" : -15.356295,
      "y" : 7.6781473,
      "z" : 7.6781473
    }, {
      "x" : -23.82843,
      "y" : 7.6781473,
      "z" : 7.6781473
    }, {
      "x" : -16.150284,
      "y" : 10.5021925,
      "z" : 5.648091
    }, {
      "x" : -7.6781473,
      "y" : 10.5021925,
      "z" : 5.648091
    } ],
    "faces" : [ {
      "vertices" : [ 0, 1, 2 ]
    }, {
      "vertices" : [ 0, 2, 3 ]
    }, {
      "vertices" : [ 0, 3, 2 ]
    }, {
      "vertices" : [ 0, 2, 1 ]
    } ]
  }, {
    "id" : "9188e24b-fca2-4cfa-92da-f3cb71535778",
    "vertices" : [ {
      "x" : -15.356295,
      "y" : 2.8240454,
      "z" : 21.004385
    }, {
      "x" : -7.6781473,
      "y" : 5.648091,
      "z" : 18.974329
    }, {
      "x" : 0.79398865,
      "y" : 5.648091,
      "z" : 18.974329
    }, {
      "x" : -6.8841586,
      "y" : 2.8240454,
      "z" : 21.004385
    } ],
    "faces" : [ {
      "vertices" : [ 0, 1, 2 ]
    }, {
      "vertices" : [ 0, 2, 3 ]
    }, {
      "vertices" : [ 0, 3, 2 ]
    }, {
      "vertices" : [ 0, 2, 1 ]
    } ]
  }, {
    "id" : "4231d6c6-00a9-499e-a47d-5416b5c214ae",
    "vertices" : [ {
      "x" : 0.79398865,
      "y" : 5.648091,
      "z" : 18.974329
    }, {
      "x" : 6.4420795,
      "y" : 11.296182,
      "z" : 16.150284
    }, {
      "x" : -2.0300567,
      "y" : 11.296182,
      "z" : 16.150284
    }, {
      "x" : -7.6781473,
      "y" : 5.648091,
      "z" : 18.974329
    } ],
    "faces" : [ {
      "vertices" : [ 0, 1, 2 ]
    }, {
      "vertices" : [ 0, 2, 3 ]
    }, {
      "vertices" : [ 0, 3, 2 ]
    }, {
      "vertices" : [ 0, 2, 1 ]
    } ]
  }, {
    "id" : "eeb94d9f-2867-424d-bd59-918b22426fe8",
    "vertices" : [ {
      "x" : -2.8240454,
      "y" : 5.648091,
      "z" : 5.648091
    }, {
      "x" : -5.648091,
      "y" : 7.6781473,
      "z" : -2.0300567
    }, {
      "x" : -13.326238,
      "y" : 4.854102,
      "z" : 0.0
    }, {
      "x" : -10.5021925,
      "y" : 2.8240454,
      "z" : 7.6781473
    } ],
    "faces" : [ {
      "vertices" : [ 0, 1, 2 ]
    }, {
      "vertices" : [ 0, 2, 3 ]
    }, {
      "vertices" : [ 0, 3, 2 ]
    }, {
      "vertices" : [ 0, 2, 1 ]
    } ]
  }, {
    "id" : "b63cfb89-d2e2-4d2d-8949-71c06b35b11c",
    "vertices" : [ {
      "x" : -15.356295,
      "y" : 7.6781473,
      "z" : 7.6781473
    }, {
      "x" : -23.82843,
      "y" : 7.6781473,
      "z" : 7.6781473
    }, {
      "x" : -23.82843,
      "y" : 7.6781473,
      "z" : -0.79398865
    }, {
      "x" : -15.356295,
      "y" : 7.6781473,
      "z" : -0.79398865
    } ],
    "faces" : [ {
      "vertices" : [ 0, 1, 2 ]
    }, {
      "vertices" : [ 0, 2, 3 ]
    }, {
      "vertices" : [ 0, 3, 2 ]
    }, {
      "vertices" : [ 0, 2, 1 ]
    } ]
  }, {
    "id" : "34158a56-c5b0-4e58-aeb5-4d9929a5f785",
    "vertices" : [ {
      "x" : -16.944271,
      "y" : -16.944271,
      "z" : -8.472136
    }, {
      "x" : -16.944271,
      "y" : -8.472136,
      "z" : -8.472136
    }, {
      "x" : -8.472136,
      "y" : -8.472136,
      "z" : -8.472136
    }, {
      "x" : -8.472136,
      "y" : -16.944271,
      "z" : -8.472136
    } ],
    "faces" : [ {
      "vertices" : [ 0, 1, 2 ]
    }, {
      "vertices" : [ 0, 2, 3 ]
    }, {
      "vertices" : [ 0, 3, 2 ]
    }, {
      "vertices" : [ 0, 2, 1 ]
    } ]
  }, {
    "id" : "60319b70-555a-452e-89f2-cbeee4af2994",
    "vertices" : [ {
      "x" : -15.356295,
      "y" : 2.8240454,
      "z" : 21.004385
    }, {
      "x" : -13.326238,
      "y" : 0.0,
      "z" : 13.326238
    }, {
      "x" : -4.854102,
      "y" : 0.0,
      "z" : 13.326238
    }, {
      "x" : -6.8841586,
      "y" : 2.8240454,
      "z" : 21.004385
    } ],
    "faces" : [ {
      "vertices" : [ 0, 1, 2 ]
    }, {
      "vertices" : [ 0, 2, 3 ]
    }, {
      "vertices" : [ 0, 3, 2 ]
    }, {
      "vertices" : [ 0, 2, 1 ]
    } ]
  }, {
    "id" : "fda18310-466c-4659-8d7f-ef21e33fb29d",
    "vertices" : [ {
      "x" : -8.472136,
      "y" : -8.472136,
      "z" : -8.472136
    }, {
      "x" : -16.944271,
      "y" : -8.472136,
      "z" : -8.472136
    }, {
      "x" : -18.974329,
      "y" : -0.79398865,
      "z" : -5.648091
    }, {
      "x" : -10.5021925,
      "y" : -0.79398865,
      "z" : -5.648091
    } ],
    "faces" : [ {
      "vertices" : [ 0, 1, 2 ]
    }, {
      "vertices" : [ 0, 2, 3 ]
    }, {
      "vertices" : [ 0, 3, 2 ]
    }, {
      "vertices" : [ 0, 2, 1 ]
    } ]
  }, {
    "id" : "697021d8-59be-499e-80c3-2c47cbacc1da",
    "vertices" : [ {
      "x" : -8.472136,
      "y" : -8.472136,
      "z" : -16.944271
    }, {
      "x" : -0.79398865,
      "y" : -5.648091,
      "z" : -18.974329
    }, {
      "x" : -0.79398865,
      "y" : -14.120227,
      "z" : -18.974329
    }, {
      "x" : -8.472136,
      "y" : -16.944271,
      "z" : -16.944271
    } ],
    "faces" : [ {
      "vertices" : [ 0, 1, 2 ]
    }, {
      "vertices" : [ 0, 2, 3 ]
    }, {
      "vertices" : [ 0, 3, 2 ]
    }, {
      "vertices" : [ 0, 2, 1 ]
    } ]
  }, {
    "id" : "235307df-394a-4bd9-b36a-8c133bcbe6fb",
    "vertices" : [ {
      "x" : -12.532249,
      "y" : 5.648091,
      "z" : 15.356295
    }, {
      "x" : -4.854102,
      "y" : 8.472136,
      "z" : 13.326238
    }, {
      "x" : -13.326238,
      "y" : 8.472136,
      "z" : 13.326238
    }, {
      "x" : -21.004385,
      "y" : 5.648091,
      "z" : 15.356295
    } ],
    "faces" : [ {
      "vertices" : [ 0, 1, 2 ]
    }, {
      "vertices" : [ 0, 2, 3 ]
    }, {
      "vertices" : [ 0, 3, 2 ]
    }, {
      "vertices" : [ 0, 2, 1 ]
    } ]
  }, {
    "id" : "722794d7-3ac9-467c-aa16-285149863cfe",
    "vertices" : [ {
      "x" : -21.004385,
      "y" : 5.648091,
      "z" : 15.356295
    }, {
      "x" : -15.356295,
      "y" : 2.8240454,
      "z" : 21.004385
    }, {
      "x" : -6.8841586,
      "y" : 2.8240454,
      "z" : 21.004385
    }, {
      "x" : -12.532249,
      "y" : 5.648091,
      "z" : 15.356295
    } ],
    "faces" : [ {
      "vertices" : [ 0, 1, 2 ]
    }, {
      "vertices" : [ 0, 2, 3 ]
    }, {
      "vertices" : [ 0, 3, 2 ]
    }, {
      "vertices" : [ 0, 2, 1 ]
    } ]
  }, {
    "id" : "ad62ac21-f57d-4248-beac-377adc1ade20",
    "vertices" : [ {
      "x" : -18.974329,
      "y" : -0.79398865,
      "z" : -14.120227
    }, {
      "x" : -16.944271,
      "y" : -8.472136,
      "z" : -16.944271
    }, {
      "x" : -9.266125,
      "y" : -5.648091,
      "z" : -18.974329
    }, {
      "x" : -11.296182,
      "y" : 2.0300567,
      "z" : -16.150284
    } ],
    "faces" : [ {
      "vertices" : [ 0, 1, 2 ]
    }, {
      "vertices" : [ 0, 2, 3 ]
    }, {
      "vertices" : [ 0, 3, 2 ]
    }, {
      "vertices" : [ 0, 2, 1 ]
    } ]
  }, {
    "id" : "ca8badf2-ae5a-4c25-b549-fd84f6f55f62",
    "vertices" : [ {
      "x" : -2.8240454,
      "y" : 2.0300567,
      "z" : -7.6781473
    }, {
      "x" : -10.5021925,
      "y" : -0.79398865,
      "z" : -5.648091
    }, {
      "x" : -10.5021925,
      "y" : -0.79398865,
      "z" : -14.120227
    }, {
      "x" : -2.8240454,
      "y" : 2.0300567,
      "z" : -16.150284
    } ],
    "faces" : [ {
      "vertices" : [ 0, 1, 2 ]
    }, {
      "vertices" : [ 0, 2, 3 ]
    }, {
      "vertices" : [ 0, 3, 2 ]
    }, {
      "vertices" : [ 0, 2, 1 ]
    } ]
  }, {
    "id" : "4fd273d9-fe12-4cf2-bcff-c375e3db370a",
    "vertices" : [ {
      "x" : 8.472136,
      "y" : 8.472136,
      "z" : 8.472136
    }, {
      "x" : 11.296182,
      "y" : 16.150284,
      "z" : 6.4420795
    }, {
      "x" : 9.266125,
      "y" : 18.974329,
      "z" : 14.120227
    }, {
      "x" : 6.4420795,
      "y" : 11.296182,
      "z" : 16.150284
    } ],
    "faces" : [ {
      "vertices" : [ 0, 1, 2 ]
    }, {
      "vertices" : [ 0, 2, 3 ]
    }, {
      "vertices" : [ 0, 3, 2 ]
    }, {
      "vertices" : [ 0, 2, 1 ]
    } ]
  }, {
    "id" : "09a8a833-ddaa-4f2a-b2f7-6c0f4e1138a9",
    "vertices" : [ {
      "x" : -15.356295,
      "y" : 2.8240454,
      "z" : 21.004385
    }, {
      "x" : -6.8841586,
      "y" : 2.8240454,
      "z" : 21.004385
    }, {
      "x" : 0.79398865,
      "y" : 0.79398865,
      "z" : 23.82843
    }, {
      "x" : -7.6781473,
      "y" : 0.79398865,
      "z" : 23.82843
    } ],
    "faces" : [ {
      "vertices" : [ 0, 1, 2 ]
    }, {
      "vertices" : [ 0, 2, 3 ]
    }, {
      "vertices" : [ 0, 3, 2 ]
    }, {
      "vertices" : [ 0, 2, 1 ]
    } ]
  }, {
    "id" : "6de50c0d-7f39-42db-b754-e1f09bb86517",
    "vertices" : [ {
      "x" : -18.974329,
      "y" : -0.79398865,
      "z" : -5.648091
    }, {
      "x" : -21.798374,
      "y" : 4.854102,
      "z" : 0.0
    }, {
      "x" : -21.798374,
      "y" : 4.854102,
      "z" : -8.472136
    }, {
      "x" : -18.974329,
      "y" : -0.79398865,
      "z" : -14.120227
    } ],
    "faces" : [ {
      "vertices" : [ 0, 1, 2 ]
    }, {
      "vertices" : [ 0, 2, 3 ]
    }, {
      "vertices" : [ 0, 3, 2 ]
    }, {
      "vertices" : [ 0, 2, 1 ]
    } ]
  }, {
    "id" : "2ea2475b-91cd-4898-95fb-b930c5ef8d62",
    "vertices" : [ {
      "x" : -5.648091,
      "y" : 7.6781473,
      "z" : -2.0300567
    }, {
      "x" : -7.6781473,
      "y" : 10.5021925,
      "z" : 5.648091
    }, {
      "x" : -7.6781473,
      "y" : 10.5021925,
      "z" : -2.8240454
    }, {
      "x" : -5.648091,
      "y" : 7.6781473,
      "z" : -10.5021925
    } ],
    "faces" : [ {
      "vertices" : [ 0, 1, 2 ]
    }, {
      "vertices" : [ 0, 2, 3 ]
    }, {
      "vertices" : [ 0, 3, 2 ]
    }, {
      "vertices" : [ 0, 2, 1 ]
    } ]
  }, {
    "id" : "d46a26b2-32b9-471c-8673-64c3210d770f",
    "vertices" : [ {
      "x" : -9.266125,
      "y" : -5.648091,
      "z" : -18.974329
    }, {
      "x" : -9.266125,
      "y" : -14.120227,
      "z" : -18.974329
    }, {
      "x" : -0.79398865,
      "y" : -14.120227,
      "z" : -18.974329
    }, {
      "x" : -0.79398865,
      "y" : -5.648091,
      "z" : -18.974329
    } ],
    "faces" : [ {
      "vertices" : [ 0, 1, 2 ]
    }, {
      "vertices" : [ 0, 2, 3 ]
    }, {
      "vertices" : [ 0, 3, 2 ]
    }, {
      "vertices" : [ 0, 2, 1 ]
    } ]
  }, {
    "id" : "cfbede54-4a9e-4c48-a0cf-e6669bad29cc",
    "vertices" : [ {
      "x" : -5.648091,
      "y" : 7.6781473,
      "z" : -2.0300567
    }, {
      "x" : -13.326238,
      "y" : 4.854102,
      "z" : 0.0
    }, {
      "x" : -15.356295,
      "y" : 7.6781473,
      "z" : 7.6781473
    }, {
      "x" : -7.6781473,
      "y" : 10.5021925,
      "z" : 5.648091
    } ],
    "faces" : [ {
      "vertices" : [ 0, 1, 2 ]
    }, {
      "vertices" : [ 0, 2, 3 ]
    }, {
      "vertices" : [ 0, 3, 2 ]
    }, {
      "vertices" : [ 0, 2, 1 ]
    } ]
  }, {
    "id" : "080f2c7a-fbc0-4d40-8eca-99a21ec407fb",
    "vertices" : [ {
      "x" : -23.82843,
      "y" : 7.6781473,
      "z" : 7.6781473
    }, {
      "x" : -21.004385,
      "y" : 5.648091,
      "z" : 15.356295
    }, {
      "x" : -18.974329,
      "y" : 2.8240454,
      "z" : 7.6781473
    }, {
      "x" : -21.798374,
      "y" : 4.854102,
      "z" : 0.0
    } ],
    "faces" : [ {
      "vertices" : [ 0, 1, 2 ]
    }, {
      "vertices" : [ 0, 2, 3 ]
    }, {
      "vertices" : [ 0, 3, 2 ]
    }, {
      "vertices" : [ 0, 2, 1 ]
    } ]
  }, {
    "id" : "e7811a57-6ffb-43c2-ac51-c151e3010b73",
    "vertices" : [ {
      "x" : -13.326238,
      "y" : 8.472136,
      "z" : 13.326238
    }, {
      "x" : -7.6781473,
      "y" : 14.120227,
      "z" : 10.5021925
    }, {
      "x" : -10.5021925,
      "y" : 16.150284,
      "z" : 2.8240454
    }, {
      "x" : -16.150284,
      "y" : 10.5021925,
      "z" : 5.648091
    } ],
    "faces" : [ {
      "vertices" : [ 0, 1, 2 ]
    }, {
      "vertices" : [ 0, 2, 3 ]
    }, {
      "vertices" : [ 0, 3, 2 ]
