{
  "field" : "golden",
  "symmetry" : "icosahedral",
  "orientations" : [ [ 1.0, 0.0, 0.0, 0.0, 0.0, 1.0, 0.0, 0.0, 0.0, 0.0, 1.0, 0.0, 0.0, 0.0, 0.0, 1.0 ], [ 0.0, 0.0, 1.0, 0.0, 1.0, 0.0, 0.0, 0.0, 0.0, 1.0, 0.0, 0.0, 0.0, 0.0, 0.0, 1.0 ], [ 0.0, 1.0, 0.0, 0.0, 0.0, 0.0, 1.0, 0.0, 1.0, 0.0, 0.0, 0.0, 0.0, 0.0, 0.0, 1.0 ], [ 0.809017, 0.309017, 0.5, 0.0, 0.309017, 0.5, -0.809017, 0.0, -0.5, 0.809017, 0.309017, 0.0, 0.0, 0.0, 0.0, 1.0 ], [ -0.5, 0.809017, 0.309017, 0.0, 0.809017, 0.309017, 0.5, 0.0, 0.309017, 0.5, -0.809017, 0.0, 0.0, 0.0, 0.0, 1.0 ], [ 0.309017, 0.5, -0.809017, 0.0, -0.5, 0.809017, 0.309017, 0.0, 0.809017, 0.309017, 0.5, 0.0, 0.0, 0.0, 0.0, 1.0 ], [ 0.5, 0.809017, 0.309017, 0.0, 0.809017, -0.309017, -0.5, 0.0, -0.309017, 0.5, -0.809017, 0.0, 0.0, 0.0, 0.0, 1.0 ], [ -0.309017, 0.5, -0.809017, 0.0, 0.5, 0.809017, 0.309017, 0.0, 0.809017, -0.309017, -0.5, 0.0, 0.0, 0.0, 0.0, 1.0 ], [ 0.809017, -0.309017, -0.5, 0.0, -0.309017, 0.5, -0.809017, 0.0, 0.5, 0.809017, 0.309017, 0.0, 0.0, 0.0, 0.0, 1.0 ], [ 0.5, 0.809017, -0.309017, 0.0, 0.809017, -0.309017, 0.5, 0.0, 0.309017, -0.5, -0.809017, 0.0, 0.0, 0.0, 0.0, 1.0 ], [ 0.309017, -0.5, -0.809017, 0.0, 0.5, 0.809017, -0.309017, 0.0, 0.809017, -0.309017, 0.5, 0.0, 0.0, 0.0, 0.0, 1.0 ], [ 0.809017, -0.309017, 0.5, 0.0, 0.309017, -0.5, -0.809017, 0.0, 0.5, 0.809017, -0.309017, 0.0, 0.0, 0.0, 0.0, 1.0 ], [ 0.809017, 0.309017, -0.5, 0.0, 0.309017, 0.5, 0.809017, 0.0, 0.5, -0.809017, 0.309017, 0.0, 0.0, 0.0, 0.0, 1.0 ], [ 0.5, -0.809017, 0.309017, 0.0, 0.809017, 0.309017, -0.5, 0.0, 0.309017, 0.5, 0.809017, 0.0, 0.0, 0.0, 0.0, 1.0 ], [ 0.309017, 0.5, 0.809017, 0.0, 0.5, -0.809017, 0.309017, 0.0, 0.809017, 0.309017, -0.5, 0.0, 0.0, 0.0, 0.0, 1.0 ], [ 1.0, 0.0, 0.0, 0.0, 0.0, -1.0, 0.0, 0.0, 0.0, 0.0, -1.0, 0.0, 0.0, 0.0, 0.0, 1.0 ], [ 0.0, 0.0, 1.0, 0.0, -1.0, 0.0, 0.0, 0.0, 0.0, -1.0, 0.0, 0.0, 0.0, 0.0, 0.0, 1.0 ], [ 0.0, 1.0, 0.0, 0.0, 0.0, 0.0, -1.0, 0.0, -1.0, 0.0, 0.0, 0.0, 0.0, 0.0, 0.0, 1.0 ], [ 0.809017, 0.309017, 0.5, 0.0, -0.309017, -0.5, 0.809017, 0.0, 0.5, -0.809017, -0.309017, 0.0, 0.0, 0.0, 0.0, 1.0 ], [ -0.5, 0.809017, 0.309017, 0.0, -0.809017, -0.309017, -0.5, 0.0, -0.309017, -0.5, 0.809017, 0.0, 0.0, 0.0, 0.0, 1.0 ], [ 0.309017, 0.5, -0.809017, 0.0, 0.5, -0.809017, -0.309017, 0.0, -0.809017, -0.309017, -0.5, 0.0, 0.0, 0.0, 0.0, 1.0 ], [ 0.5, 0.809017, 0.309017, 0.0, -0.809017, 0.309017, 0.5, 0.0, 0.309017, -0.5, 0.809017, 0.0, 0.0, 0.0, 0.0, 1.0 ], [ -0.309017, 0.5, -0.809017, 0.0, -0.5, -0.809017, -0.309017, 0.0, -0.809017, 0.309017, 0.5, 0.0, 0.0, 0.0, 0.0, 1.0 ], [ 0.809017, -0.309017, -0.5, 0.0, 0.309017, -0.5, 0.809017, 0.0, -0.5, -0.809017, -0.309017, 0.0, 0.0, 0.0, 0.0, 1.0 ], [ 0.5, 0.809017, -0.309017, 0.0, -0.809017, 0.309017, -0.5, 0.0, -0.309017, 0.5, 0.809017, 0.0, 0.0, 0.0, 0.0, 1.0 ], [ 0.309017, -0.5, -0.809017, 0.0, -0.5, -0.809017, 0.309017, 0.0, -0.809017, 0.309017, -0.5, 0.0, 0.0, 0.0, 0.0, 1.0 ], [ 0.809017, -0.309017, 0.5, 0.0, -0.309017, 0.5, 0.809017, 0.0, -0.5, -0.809017, 0.309017, 0.0, 0.0, 0.0, 0.0, 1.0 ], [ 0.809017, 0.309017, -0.5, 0.0, -0.309017, -0.5, -0.809017, 0.0, -0.5, 0.809017, -0.309017, 0.0, 0.0, 0.0, 0.0, 1.0 ], [ 0.5, -0.809017, 0.309017, 0.0, -0.809017, -0.309017, 0.5, 0.0, -0.309017, -0.5, -0.809017, 0.0, 0.0, 0.0, 0.0, 1.0 ], [ 0.309017, 0.5, 0.809017, 0.0, -0.5, 0.809017, -0.309017, 0.0, -0.809017, -0.309017, 0.5, 0.0, 0.0, 0.0, 0.0, 1.0 ], [ -1.0, 0.0, 0.0, 0.0, 0.0, -1.0, 0.0, 0.0, 0.0, 0.0, 1.0, 0.0, 0.0, 0.0, 0.0, 1.0 ], [ 0.0, 0.0, -1.0, 0.0, -1.0, 0.0, 0.0, 0.0, 0.0, 1.0, 0.0, 0.0, 0.0, 0.0, 0.0, 1.0 ], [ 0.0, -1.0, 0.0, 0.0, 0.0, 0.0, -1.0, 0.0, 1.0, 0.0, 0.0, 0.0, 0.0, 0.0, 0.0, 1.0 ], [ -0.809017, -0.309017, -0.5, 0.0, -0.309017, -0.5, 0.809017, 0.0, -0.5, 0.809017, 0.309017, 0.0, 0.0, 0.0, 0.0, 1.0 ], [ 0.5, -0.809017, -0.309017, 0.0, -0.809017, -0.309017, -0.5, 0.0, 0.309017, 0.5, -0.809017, 0.0, 0.0, 0.0, 0.0, 1.0 ], [ -0.309017, -0.5, 0.809017, 0.0, 0.5, -0.809017, -0.309017, 0.0, 0.809017, 0.309017, 0.5, 0.0, 0.0, 0.0, 0.0, 1.0 ], [ -0.5, -0.809017, -0.309017, 0.0, -0.809017, 0.309017, 0.5, 0.0, -0.309017, 0.5, -0.809017, 0.0, 0.0, 0.0, 0.0, 1.0 ], [ 0.309017, -0.5, 0.809017, 0.0, -0.5, -0.809017, -0.309017, 0.0, 0.809017, -0.309017, -0.5, 0.0, 0.0, 0.0, 0.0, 1.0 ], [ -0.809017, 0.309017, 0.5, 0.0, 0.309017, -0.5, 0.809017, 0.0, 0.5, 0.809017, 0.309017, 0.0, 0.0, 0.0, 0.0, 1.0 ], [ -0.5, -0.809017, 0.309017, 0.0, -0.809017, 0.309017, -0.5, 0.0, 0.309017, -0.5, -0.809017, 0.0, 0.0, 0.0, 0.0, 1.0 ], [ -0.309017, 0.5, 0.809017, 0.0, -0.5, -0.809017, 0.309017, 0.0, 0.809017, -0.309017, 0.5, 0.0, 0.0, 0.0, 0.0, 1.0 ], [ -0.809017, 0.309017, -0.5, 0.0, -0.309017, 0.5, 0.809017, 0.0, 0.5, 0.809017, -0.309017, 0.0, 0.0, 0.0, 0.0, 1.0 ], [ -0.809017, -0.309017, 0.5, 0.0, -0.309017, -0.5, -0.809017, 0.0, 0.5, -0.809017, 0.309017, 0.0, 0.0, 0.0, 0.0, 1.0 ], [ -0.5, 0.809017, -0.309017, 0.0, -0.809017, -0.309017, 0.5, 0.0, 0.309017, 0.5, 0.809017, 0.0, 0.0, 0.0, 0.0, 1.0 ], [ -0.309017, -0.5, -0.809017, 0.0, -0.5, 0.809017, -0.309017, 0.0, 0.809017, 0.309017, -0.5, 0.0, 0.0, 0.0, 0.0, 1.0 ], [ -1.0, 0.0, 0.0, 0.0, 0.0, 1.0, 0.0, 0.0, 0.0, 0.0, -1.0, 0.0, 0.0, 0.0, 0.0, 1.0 ], [ 0.0, 0.0, -1.0, 0.0, 1.0, 0.0, 0.0, 0.0, 0.0, -1.0, 0.0, 0.0, 0.0, 0.0, 0.0, 1.0 ], [ 0.0, -1.0, 0.0, 0.0, 0.0, 0.0, 1.0, 0.0, -1.0, 0.0, 0.0, 0.0, 0.0, 0.0, 0.0, 1.0 ], [ -0.809017, -0.309017, -0.5, 0.0, 0.309017, 0.5, -0.809017, 0.0, 0.5, -0.809017, -0.309017, 0.0, 0.0, 0.0, 0.0, 1.0 ], [ 0.5, -0.809017, -0.309017, 0.0, 0.809017, 0.309017, 0.5, 0.0, -0.309017, -0.5, 0.809017, 0.0, 0.0, 0.0, 0.0, 1.0 ], [ -0.309017, -0.5, 0.809017, 0.0, -0.5, 0.809017, 0.309017, 0.0, -0.809017, -0.309017, -0.5, 0.0, 0.0, 0.0, 0.0, 1.0 ], [ -0.5, -0.809017, -0.309017, 0.0, 0.809017, -0.309017, -0.5, 0.0, 0.309017, -0.5, 0.809017, 0.0, 0.0, 0.0, 0.0, 1.0 ], [ 0.309017, -0.5, 0.809017, 0.0, 0.5, 0.809017, 0.309017, 0.0, -0.809017, 0.309017, 0.5, 0.0, 0.0, 0.0, 0.0, 1.0 ], [ -0.809017, 0.309017, 0.5, 0.0, -0.309017, 0.5, -0.809017, 0.0, -0.5, -0.809017, -0.309017, 0.0, 0.0, 0.0, 0.0, 1.0 ], [ -0.5, -0.809017, 0.309017, 0.0, 0.809017, -0.309017, 0.5, 0.0, -0.309017, 0.5, 0.809017, 0.0, 0.0, 0.0, 0.0, 1.0 ], [ -0.309017, 0.5, 0.809017, 0.0, 0.5, 0.809017, -0.309017, 0.0, -0.809017, 0.309017, -0.5, 0.0, 0.0, 0.0, 0.0, 1.0 ], [ -0.809017, 0.309017, -0.5, 0.0, 0.309017, -0.5, -0.809017, 0.0, -0.5, -0.809017, 0.309017, 0.0, 0.0, 0.0, 0.0, 1.0 ], [ -0.809017, -0.309017, 0.5, 0.0, 0.309017, 0.5, 0.809017, 0.0, -0.5, 0.809017, -0.309017, 0.0, 0.0, 0.0, 0.0, 1.0 ], [ -0.5, 0.809017, -0.309017, 0.0, 0.809017, 0.309017, -0.5, 0.0, -0.309017, -0.5, -0.809017, 0.0, 0.0, 0.0, 0.0, 1.0 ], [ -0.309017, -0.5, -0.809017, 0.0, 0.5, -0.809017, 0.309017, 0.0, -0.809017, -0.309017, 0.5, 0.0, 0.0, 0.0, 0.0, 1.0 ] ],
  "lights" : {
    "ambientColor" : "#292929",
    "backgroundColor" : "#C8D3DC",
    "directionalLights" : [ {
      "direction" : {
        "x" : 1.0,
        "y" : -1.0,
        "z" : -1.0
      },
      "color" : "#EBEBE4"
    }, {
      "direction" : {
        "x" : -1.0,
        "y" : 0.0,
        "z" : 0.0
      },
      "color" : "#E4E4EB"
    }, {
      "direction" : {
        "x" : 0.0,
        "y" : 0.0,
        "z" : -1.0
      },
      "color" : "#1E1E1E"
    } ]
  },
  "camera" : {
    "viewDistance" : 346.84546,
    "nearClipDistance" : 0.8671146,
    "farClipDistance" : 693.69055,
    "lookAtPoint" : {
      "x" : 0.0,
      "y" : 0.0,
      "z" : 0.0
    },
    "fieldOfView" : 0.44262925,
    "perspective" : false,
    "lookDirection" : {
      "x" : 0.0,
      "y" : 0.3568221,
      "z" : -0.93417233
    },
    "upDirection" : {
      "x" : 0.99999994,
      "y" : 0.0,
      "z" : 0.0
    },
    "width" : 156.08058,
    "stereo" : false,
    "position" : {
      "x" : 0.0,
      "y" : -123.76212,
      "z" : 324.01343
    }
  },
  "embedding" : [ 1.0, 0.0, 0.0, 0.0, 0.0, 1.0, 0.0, 0.0, 0.0, 0.0, 1.0, 0.0, 0.0, 0.0, 0.0, 1.0 ],
  "shapes" : [ {
    "id" : "57cf1b60-fcd6-4a67-9ca7-3e22e4cce58d",
    "vertices" : [ {
      "x" : -24.798374,
      "y" : 4.236068,
      "z" : 6.854102
    }, {
      "x" : -31.652475,
      "y" : 1.618034,
      "z" : 11.09017
    }, {
      "x" : -27.416409,
      "y" : -5.236068,
      "z" : 13.708204
    }, {
      "x" : -20.562305,
      "y" : -2.618034,
      "z" : 9.472136
    } ],
    "faces" : [ {
      "vertices" : [ 0, 1, 2 ]
    }, {
      "vertices" : [ 0, 2, 3 ]
    }, {
      "vertices" : [ 0, 3, 2 ]
    }, {
      "vertices" : [ 0, 2, 1 ]
    } ]
  }, {
    "id" : "642cb353-1426-4aeb-8d25-a105eeea4b4c",
    "vertices" : [ {
      "x" : -4.236068,
      "y" : -29.034441,
      "z" : -5.854102
    }, {
      "x" : -11.09017,
      "y" : -31.652475,
      "z" : -1.618034
    }, {
      "x" : -6.854102,
      "y" : -38.506577,
      "z" : 1.0
    }, {
      "x" : 0.0,
      "y" : -35.888542,
      "z" : -3.236068
    } ],
    "faces" : [ {
      "vertices" : [ 0, 1, 2 ]
    }, {
      "vertices" : [ 0, 2, 3 ]
    }, {
      "vertices" : [ 0, 3, 2 ]
    }, {
      "vertices" : [ 0, 2, 1 ]
    } ]
  }, {
    "id" : "a05a38c6-7a02-4017-8810-c63f37a72a84",
    "vertices" : [ {
      "x" : 1.0,
      "y" : 0.309017,
      "z" : 0.19098301
    }, {
      "x" : 1.0,
      "y" : -0.309017,
      "z" : 0.19098301
    }, {
      "x" : 7.472136,
      "y" : -0.309017,
      "z" : 0.19098301
    }, {
      "x" : 7.472136,
      "y" : 0.309017,
      "z" : 0.19098301
    }, {
      "x" : 7.472136,
      "y" : -0.309017,
      "z" : -0.19098301
    }, {
      "x" : 7.472136,
      "y" : 0.309017,
      "z" : -0.19098301
    }, {
      "x" : 8.09017,
      "y" : 0.0,
      "z" : 0.0
    }, {
      "x" : 0.38196602,
      "y" : 0.0,
      "z" : 0.0
    }, {
      "x" : 1.0,
      "y" : 0.309017,
      "z" : -0.19098301
    }, {
      "x" : 1.0,
      "y" : -0.309017,
      "z" : -0.19098301
    }, {
      "x" : 8.472136,
      "y" : 0.0,
      "z" : 0.0
    } ],
    "faces" : [ {
      "vertices" : [ 1, 9, 4 ]
    }, {
      "vertices" : [ 1, 4, 2 ]
    }, {
      "vertices" : [ 0, 3, 5 ]
    }, {
      "vertices" : [ 0, 5, 8 ]
    }, {
      "vertices" : [ 1, 7, 9 ]
    }, {
      "vertices" : [ 0, 1, 2 ]
    }, {
      "vertices" : [ 0, 2, 3 ]
    }, {
      "vertices" : [ 7, 8, 9 ]
    }, {
      "vertices" : [ 0, 7, 1 ]
    }, {
      "vertices" : [ 4, 9, 8 ]
    }, {
      "vertices" : [ 4, 8, 5 ]
    }, {
      "vertices" : [ 2, 6, 3 ]
    }, {
      "vertices" : [ 2, 4, 6 ]
    }, {
      "vertices" : [ 3, 6, 5 ]
    }, {
      "vertices" : [ 4, 5, 6 ]
    }, {
      "vertices" : [ 0, 8, 7 ]
    } ]
  }, {
    "id" : "59f958eb-9517-470e-805e-c4a4b705f183",
    "vertices" : [ {
      "x" : 0.0,
      "y" : -25.416409,
      "z" : -30.652475
    }, {
      "x" : -6.854102,
      "y" : -28.034441,
      "z" : -26.416409
    }, {
      "x" : 0.0,
      "y" : -30.652475,
      "z" : -22.18034
    }, {
      "x" : 6.854102,
      "y" : -28.034441,
      "z" : -26.416409
    } ],
    "faces" : [ {
      "vertices" : [ 0, 1, 2 ]
    }, {
      "vertices" : [ 0, 2, 3 ]
    }, {
      "vertices" : [ 0, 3, 2 ]
    }, {
      "vertices" : [ 0, 2, 1 ]
    } ]
  }, {
    "id" : "353e8bd9-929a-4368-adbb-238258ef3b93",
    "vertices" : [ {
      "x" : 0.309017,
      "y" : -0.309017,
      "z" : -0.309017
    }, {
      "x" : 0.5,
      "y" : 0.0,
      "z" : -0.19098301
    }, {
      "x" : 0.5,
      "y" : 0.0,
      "z" : 0.19098301
    }, {
      "x" : 0.309017,
      "y" : -0.309017,
      "z" : 0.309017
    }, {
      "x" : 0.19098301,
      "y" : -0.5,
      "z" : 0.0
    }, {
      "x" : 0.0,
      "y" : 0.19098301,
      "z" : 0.5
    }, {
      "x" : 0.0,
      "y" : -0.19098301,
      "z" : 0.5
    }, {
      "x" : 0.309017,
      "y" : 0.309017,
      "z" : 0.309017
    }, {
      "x" : -0.309017,
      "y" : -0.309017,
      "z" : 0.309017
    }, {
      "x" : -0.309017,
      "y" : 0.309017,
      "z" : 0.309017
    }, {
      "x" : -0.5,
      "y" : 0.0,
      "z" : 0.19098301
    }, {
      "x" : 0.0,
      "y" : -0.19098301,
      "z" : -0.5
    }, {
      "x" : 0.0,
      "y" : 0.19098301,
      "z" : -0.5
    }, {
      "x" : 0.309017,
      "y" : 0.309017,
      "z" : -0.309017
    }, {
      "x" : -0.309017,
      "y" : -0.309017,
      "z" : -0.309017
    }, {
      "x" : -0.19098301,
      "y" : -0.5,
      "z" : 0.0
    }, {
      "x" : -0.5,
      "y" : 0.0,
      "z" : -0.19098301
    }, {
      "x" : 0.19098301,
      "y" : 0.5,
      "z" : 0.0
    }, {
      "x" : -0.309017,
      "y" : 0.309017,
      "z" : -0.309017
    }, {
      "x" : 0.0,
      "y" : 0.0,
      "z" : 0.0
    }, {
      "x" : -0.19098301,
      "y" : 0.5,
      "z" : 0.0
    } ],
    "faces" : [ {
      "vertices" : [ 12, 18, 20 ]
    }, {
      "vertices" : [ 12, 20, 17 ]
    }, {
      "vertices" : [ 12, 17, 13 ]
    }, {
      "vertices" : [ 3, 6, 8 ]
    }, {
      "vertices" : [ 3, 8, 15 ]
    }, {
      "vertices" : [ 3, 15, 4 ]
    }, {
      "vertices" : [ 0, 11, 12 ]
    }, {
      "vertices" : [ 0, 12, 13 ]
    }, {
      "vertices" : [ 0, 13, 1 ]
    }, {
      "vertices" : [ 5, 9, 10 ]
    }, {
      "vertices" : [ 5, 10, 8 ]
    }, {
      "vertices" : [ 5, 8, 6 ]
    }, {
      "vertices" : [ 2, 7, 5 ]
    }, {
      "vertices" : [ 2, 5, 6 ]
    }, {
      "vertices" : [ 2, 6, 3 ]
    }, {
      "vertices" : [ 11, 14, 16 ]
    }, {
      "vertices" : [ 11, 16, 18 ]
    }, {
      "vertices" : [ 11, 18, 12 ]
    }, {
      "vertices" : [ 1, 13, 17 ]
    }, {
      "vertices" : [ 1, 17, 7 ]
    }, {
      "vertices" : [ 1, 7, 2 ]
    }, {
      "vertices" : [ 9, 20, 18 ]
    }, {
      "vertices" : [ 9, 18, 16 ]
    }, {
      "vertices" : [ 9, 16, 10 ]
    }, {
      "vertices" : [ 0, 1, 2 ]
    }, {
      "vertices" : [ 0, 2, 3 ]
    }, {
      "vertices" : [ 0, 3, 4 ]
    }, {
      "vertices" : [ 5, 7, 17 ]
    }, {
      "vertices" : [ 5, 17, 20 ]
    }, {
      "vertices" : [ 5, 20, 9 ]
    }, {
      "vertices" : [ 0, 4, 15 ]
    }, {
      "vertices" : [ 0, 15, 14 ]
    }, {
      "vertices" : [ 0, 14, 11 ]
    }, {
      "vertices" : [ 8, 10, 16 ]
    }, {
      "vertices" : [ 8, 16, 14 ]
    }, {
      "vertices" : [ 8, 14, 15 ]
    } ]
  }, {
    "id" : "efeffa5b-70ef-4fa2-8814-93f1bebd0d04",
    "vertices" : [ {
      "x" : 11.09017,
      "y" : 21.18034,
      "z" : 29.034441
    }, {
      "x" : 6.854102,
      "y" : 14.326238,
      "z" : 31.652475
    }, {
      "x" : 0.0,
      "y" : 11.708204,
      "z" : 35.888542
    }, {
      "x" : 4.236068,
      "y" : 18.562305,
      "z" : 33.27051
    } ],
    "faces" : [ {
      "vertices" : [ 0, 1, 2 ]
    }, {
      "vertices" : [ 0, 2, 3 ]
    }, {
      "vertices" : [ 0, 3, 2 ]
    }, {
      "vertices" : [ 0, 2, 1 ]
    } ]
  }, {
    "id" : "d4c5a14a-ed99-4040-b956-c01b153af118",
    "vertices" : [ {
      "x" : -20.562305,
      "y" : 21.562305,
      "z" : -23.18034
    }, {
      "x" : -13.708204,
      "y" : 24.18034,
      "z" : -27.416409
    }, {
      "x" : -11.09017,
      "y" : 19.944271,
      "z" : -34.27051
    }, {
      "x" : -17.944271,
      "y" : 17.326239,
      "z" : -30.034441
    } ],
    "faces" : [ {
      "vertices" : [ 0, 1, 2 ]
    }, {
      "vertices" : [ 0, 2, 3 ]
    }, {
      "vertices" : [ 0, 3, 2 ]
    }, {
      "vertices" : [ 0, 2, 1 ]
    } ]
  }, {
    "id" : "60f6219e-754d-49ba-94f5-da3d01110763",
    "vertices" : [ {
      "x" : -20.562305,
      "y" : 11.09017,
      "z" : 4.236068
    }, {
      "x" : -27.416409,
      "y" : 8.472136,
      "z" : 8.472136
    }, {
      "x" : -34.27051,
      "y" : 11.09017,
      "z" : 4.236068
    }, {
      "x" : -27.416409,
      "y" : 13.708204,
      "z" : 0.0
    } ],
    "faces" : [ {
      "vertices" : [ 0, 1, 2 ]
    }, {
      "vertices" : [ 0, 2, 3 ]
    }, {
      "vertices" : [ 0, 3, 2 ]
    }, {
      "vertices" : [ 0, 2, 1 ]
    } ]
  }, {
    "id" : "074eee68-9092-4885-bfec-1ec346ceaa45",
    "vertices" : [ {
      "x" : 20.562305,
      "y" : 11.09017,
      "z" : 4.236068
    }, {
      "x" : 16.326239,
      "y" : 4.236068,
      "z" : 6.854102
    }, {
      "x" : 20.562305,
      "y" : -2.618034,
      "z" : 9.472136
    }, {
      "x" : 24.798374,
      "y" : 4.236068,
      "z" : 6.854102
    } ],
    "faces" : [ {
      "vertices" : [ 0, 1, 2 ]
    }, {
      "vertices" : [ 0, 2, 3 ]
    }, {
      "vertices" : [ 0, 3, 2 ]
    }, {
      "vertices" : [ 0, 2, 1 ]
    } ]
  }, {
    "id" : "61c23e37-76d8-4064-94b0-66a2ae2bbae9",
    "vertices" : [ {
      "x" : 20.562305,
      "y" : 2.618034,
      "z" : -9.472136
    }, {
      "x" : 17.944271,
      "y" : 6.854102,
      "z" : -2.618034
    }, {
      "x" : 20.562305,
      "y" : 11.09017,
      "z" : 4.236068
    }, {
      "x" : 23.18034,
      "y" : 6.854102,
      "z" : -2.618034
    } ],
    "faces" : [ {
      "vertices" : [ 0, 1, 2 ]
    }, {
      "vertices" : [ 0, 2, 3 ]
    }, {
      "vertices" : [ 0, 3, 2 ]
    }, {
      "vertices" : [ 0, 2, 1 ]
    } ]
  }, {
    "id" : "dba04b27-10d2-49b5-bb01-2ca9e571e12e",
    "vertices" : [ {
      "x" : 27.416409,
      "y" : -16.944271,
      "z" : -22.18034
    }, {
      "x" : 20.562305,
      "y" : -19.562305,
      "z" : -17.944271
    }, {
      "x" : 23.18034,
      "y" : -15.326238,
      "z" : -11.09017
    }, {
      "x" : 30.034441,
      "y" : -12.708204,
      "z" : -15.326238
    } ],
    "faces" : [ {
      "vertices" : [ 0, 1, 2 ]
    }, {
      "vertices" : [ 0, 2, 3 ]
    }, {
      "vertices" : [ 0, 3, 2 ]
    }, {
      "vertices" : [ 0, 2, 1 ]
    } ]
  }, {
    "id" : "8282c241-d747-4865-a5ea-95f3acb6435f",
    "vertices" : [ {
      "x" : -11.09017,
      "y" : 31.652475,
      "z" : 1.618034
    }, {
      "x" : -4.236068,
      "y" : 29.034441,
      "z" : 5.854102
    }, {
      "x" : 0.0,
      "y" : 22.18034,
      "z" : 8.472136
    }, {
      "x" : -6.854102,
      "y" : 24.798374,
      "z" : 4.236068
    } ],
    "faces" : [ {
      "vertices" : [ 0, 1, 2 ]
    }, {
      "vertices" : [ 0, 2, 3 ]
    }, {
      "vertices" : [ 0, 3, 2 ]
    }, {
      "vertices" : [ 0, 2, 1 ]
    } ]
  }, {
    "id" : "e2b427bb-eeeb-4c7d-8854-599c729bd793",
    "vertices" : [ {
      "x" : 30.034441,
      "y" : -23.18034,
      "z" : 12.09017
    }, {
      "x" : 23.18034,
      "y" : -25.798374,
      "z" : 16.326239
    }, {
      "x" : 20.562305,
      "y" : -21.562305,
      "z" : 23.18034
    }, {
      "x" : 27.416409,
      "y" : -18.944271,
      "z" : 18.944271
    } ],
    "faces" : [ {
      "vertices" : [ 0, 1, 2 ]
    }, {
      "vertices" : [ 0, 2, 3 ]
    }, {
      "vertices" : [ 0, 3, 2 ]
    }, {
      "vertices" : [ 0, 2, 1 ]
    } ]
  }, {
    "id" : "a20e671d-bf39-4bd1-b7a1-87328bf5009f",
    "vertices" : [ {
      "x" : 0.0,
      "y" : 10.472136,
      "z" : -27.416409
    }, {
      "x" : 4.236068,
      "y" : 17.326239,
      "z" : -30.034441
    }, {
      "x" : 11.09017,
      "y" : 19.944271,
      "z" : -34.27051
    }, {
      "x" : 6.854102,
      "y" : 13.09017,
      "z" : -31.652475
    } ],
    "faces" : [ {
      "vertices" : [ 0, 1, 2 ]
    }, {
      "vertices" : [ 0, 2, 3 ]
    }, {
      "vertices" : [ 0, 3, 2 ]
    }, {
      "vertices" : [ 0, 2, 1 ]
    } ]
  }, {
    "id" : "426d17b7-c470-4991-a8e8-498155681cd9",
    "vertices" : [ {
      "x" : -17.944271,
      "y" : 25.798374,
      "z" : -16.326239
    }, {
      "x" : -11.09017,
      "y" : 23.18034,
      "z" : -12.09017
    }, {
      "x" : -13.708204,
      "y" : 27.416409,
      "z" : -5.236068
    }, {
      "x" : -20.562305,
      "y" : 30.034441,
      "z" : -9.472136
    } ],
    "faces" : [ {
      "vertices" : [ 0, 1, 2 ]
    }, {
      "vertices" : [ 0, 2, 3 ]
    }, {
      "vertices" : [ 0, 3, 2 ]
    }, {
      "vertices" : [ 0, 2, 1 ]
    } ]
  }, {
    "id" : "f08a6f30-8ce2-45de-a168-7926fe5845a8",
    "vertices" : [ {
      "x" : 6.854102,
      "y" : -16.326239,
      "z" : 9.472136
    }, {
      "x" : 11.09017,
      "y" : -23.18034,
      "z" : 12.09017
    }, {
      "x" : 4.236068,
      "y" : -25.798374,
      "z" : 16.326239
    }, {
      "x" : 0.0,
      "y" : -18.944271,
      "z" : 13.708204
    } ],
    "faces" : [ {
      "vertices" : [ 0, 1, 2 ]
    }, {
      "vertices" : [ 0, 2, 3 ]
    }, {
      "vertices" : [ 0, 3, 2 ]
    }, {
      "vertices" : [ 0, 2, 1 ]
    } ]
  }, {
    "id" : "48d044bc-f3f7-4e14-831d-ac3325e1bca0",
    "vertices" : [ {
      "x" : -4.236068,
      "y" : -6.854102,
      "z" : 2.618034
    }, {
      "x" : -11.09017,
      "y" : -9.472136,
      "z" : 6.854102
    }, {
      "x" : -13.708204,
      "y" : -13.708204,
      "z" : 0.0
    }, {
      "x" : -6.854102,
      "y" : -11.09017,
      "z" : -4.236068
    } ],
    "faces" : [ {
      "vertices" : [ 0, 1, 2 ]
    }, {
      "vertices" : [ 0, 2, 3 ]
    }, {
      "vertices" : [ 0, 3, 2 ]
    }, {
      "vertices" : [ 0, 2, 1 ]
    } ]
  }, {
    "id" : "2a98e62a-b108-4b48-bcd5-f460576e3c32",
    "vertices" : [ {
      "x" : 0.0,
      "y" : 32.652477,
      "z" : -18.944271
    }, {
      "x" : 2.618034,
      "y" : 28.416409,
      "z" : -25.798374
    }, {
      "x" : 0.0,
      "y" : 24.18034,
      "z" : -32.652477
    }, {
      "x" : -2.618034,
      "y" : 28.416409,
      "z" : -25.798374
    } ],
    "faces" : [ {
      "vertices" : [ 0, 1, 2 ]
    }, {
      "vertices" : [ 0, 2, 3 ]
    }, {
      "vertices" : [ 0, 3, 2 ]
    }, {
      "vertices" : [ 0, 2, 1 ]
    } ]
  }, {
    "id" : "5f6f0573-5b49-45c8-b39d-b0248199e7f4",
    "vertices" : [ {
      "x" : -2.618034,
      "y" : -7.472136,
      "z" : -29.034441
    }, {
      "x" : 0.0,
      "y" : -3.236068,
      "z" : -22.18034
    }, {
      "x" : -6.854102,
      "y" : -5.854102,
      "z" : -17.944271
    }, {
      "x" : -9.472136,
      "y" : -10.09017,
      "z" : -24.798374
    } ],
    "faces" : [ {
      "vertices" : [ 0, 1, 2 ]
    }, {
      "vertices" : [ 0, 2, 3 ]
    }, {
      "vertices" : [ 0, 3, 2 ]
    }, {
      "vertices" : [ 0, 2, 1 ]
    } ]
  }, {
    "id" : "1b6f5183-0673-4ae3-9dea-d0053cf6caea",
    "vertices" : [ {
      "x" : 4.236068,
      "y" : 25.798374,
      "z" : -16.326239
    }, {
      "x" : 6.854102,
      "y" : 21.562305,
      "z" : -23.18034
    }, {
      "x" : 2.618034,
      "y" : 28.416409,
      "z" : -25.798374
    }, {
      "x" : 0.0,
      "y" : 32.652477,
      "z" : -18.944271
    } ],
    "faces" : [ {
      "vertices" : [ 0, 1, 2 ]
    }, {
      "vertices" : [ 0, 2, 3 ]
    }, {
      "vertices" : [ 0, 3, 2 ]
    }, {
      "vertices" : [ 0, 2, 1 ]
    } ]
  }, {
    "id" : "59fdc343-52ff-4a22-8dc9-bbcbf598eaec",
    "vertices" : [ {
      "x" : -13.708204,
      "y" : 27.416409,
      "z" : -5.236068
    }, {
      "x" : -11.09017,
      "y" : 31.652475,
      "z" : 1.618034
    }, {
      "x" : -6.854102,
      "y" : 24.798374,
      "z" : 4.236068
    }, {
      "x" : -9.472136,
      "y" : 20.562305,
      "z" : -2.618034
    } ],
    "faces" : [ {
      "vertices" : [ 0, 1, 2 ]
    }, {
      "vertices" : [ 0, 2, 3 ]
    }, {
      "vertices" : [ 0, 3, 2 ]
    }, {
      "vertices" : [ 0, 2, 1 ]
    } ]
  }, {
    "id" : "1b7b7f7f-0a45-4513-ae5f-c1b185947c44",
    "vertices" : [ {
      "x" : -2.618034,
      "y" : -4.236068,
      "z" : -6.854102
    }, {
      "x" : 0.0,
      "y" : -8.472136,
      "z" : -13.708204
    }, {
      "x" : -4.236068,
      "y" : -15.326238,
      "z" : -11.09017
    }, {
      "x" : -6.854102,
      "y" : -11.09017,
      "z" : -4.236068
    } ],
    "faces" : [ {
      "vertices" : [ 0, 1, 2 ]
    }, {
      "vertices" : [ 0, 2, 3 ]
    }, {
      "vertices" : [ 0, 3, 2 ]
    }, {
      "vertices" : [ 0, 2, 1 ]
    } ]
  }, {
    "id" : "cec6ec80-950b-4bd2-9c6a-d55bbc2eba26",
    "vertices" : [ {
      "x" : 31.652475,
      "y" : -10.09017,
      "z" : -24.798374
    }, {
      "x" : 27.416409,
      "y" : -16.944271,
      "z" : -22.18034
    }, {
      "x" : 30.034441,
      "y" : -12.708204,
      "z" : -15.326238
    }, {
      "x" : 34.27051,
      "y" : -5.854102,
      "z" : -17.944271
    } ],
    "faces" : [ {
      "vertices" : [ 0, 1, 2 ]
    }, {
      "vertices" : [ 0, 2, 3 ]
    }, {
      "vertices" : [ 0, 3, 2 ]
    }, {
      "vertices" : [ 0, 2, 1 ]
    } ]
  }, {
    "id" : "06a66e0a-62e4-4792-9db9-05f3ffd74bc3",
    "vertices" : [ {
      "x" : -6.854102,
      "y" : -0.618034,
      "z" : -31.652475
    }, {
      "x" : -13.708204,
      "y" : 2.0,
      "z" : -35.888542
    }, {
      "x" : -9.472136,
      "y" : 8.854102,
      "z" : -38.506577
    }, {
      "x" : -2.618034,
      "y" : 6.236068,
      "z" : -34.27051
    } ],
    "faces" : [ {
      "vertices" : [ 0, 1, 2 ]
    }, {
      "vertices" : [ 0, 2, 3 ]
    }, {
      "vertices" : [ 0, 3, 2 ]
    }, {
      "vertices" : [ 0, 2, 1 ]
    } ]
  }, {
    "id" : "2e427f97-48f2-4a1c-b696-0dd8d2950e8d",
    "vertices" : [ {
      "x" : 13.708204,
      "y" : 5.236068,
      "z" : -13.708204
    }, {
      "x" : 11.09017,
      "y" : 9.472136,
      "z" : -6.854102
    }, {
      "x" : 17.944271,
      "y" : 6.854102,
      "z" : -2.618034
    }, {
      "x" : 20.562305,
      "y" : 2.618034,
      "z" : -9.472136
    } ],
    "faces" : [ {
      "vertices" : [ 0, 1, 2 ]
    }, {
      "vertices" : [ 0, 2, 3 ]
    }, {
      "vertices" : [ 0, 3, 2 ]
    }, {
      "vertices" : [ 0, 2, 1 ]
    } ]
  }, {
    "id" : "fa03f59b-0cad-464e-b940-1e0283c2db2b",
    "vertices" : [ {
      "x" : 9.472136,
      "y" : -34.27051,
      "z" : 7.854102
    }, {
      "x" : 2.618034,
      "y" : -36.888542,
      "z" : 12.09017
    }, {
      "x" : 0.0,
      "y" : -32.652477,
      "z" : 18.944271
    }, {
      "x" : 6.854102,
      "y" : -30.034441,
      "z" : 14.708204
    } ],
    "faces" : [ {
      "vertices" : [ 0, 1, 2 ]
    }, {
      "vertices" : [ 0, 2, 3 ]
    }, {
      "vertices" : [ 0, 3, 2 ]
    }, {
      "vertices" : [ 0, 2, 1 ]
    } ]
  }, {
    "id" : "f2dc7dfe-2490-471c-a267-fc2e77ae6047",
    "vertices" : [ {
      "x" : 0.0,
      "y" : -30.652475,
      "z" : -22.18034
    }, {
      "x" : -2.618034,
      "y" : -26.416409,
      "z" : -15.326238
    }, {
      "x" : 0.0,
      "y" : -22.18034,
      "z" : -8.472136
    }, {
      "x" : 2.618034,
      "y" : -26.416409,
      "z" : -15.326238
    } ],
    "faces" : [ {
      "vertices" : [ 0, 1, 2 ]
    }, {
      "vertices" : [ 0, 2, 3 ]
    }, {
      "vertices" : [ 0, 3, 2 ]
    }, {
      "vertices" : [ 0, 2, 1 ]
    } ]
  }, {
    "id" : "19088e7f-103a-446b-ac03-1bce49bd7328",
    "vertices" : [ {
      "x" : -20.562305,
      "y" : -11.09017,
      "z" : -4.236068
    }, {
      "x" : -17.944271,
      "y" : -6.854102,
      "z" : 2.618034
    }, {
      "x" : -20.562305,
      "y" : -2.618034,
      "z" : 9.472136
    }, {
      "x" : -23.18034,
      "y" : -6.854102,
      "z" : 2.618034
    } ],
    "faces" : [ {
      "vertices" : [ 0, 1, 2 ]
    }, {
      "vertices" : [ 0, 2, 3 ]
    }, {
      "vertices" : [ 0, 3, 2 ]
    }, {
      "vertices" : [ 0, 2, 1 ]
    } ]
  }, {
    "id" : "4894a607-e1a7-4664-9c4a-1bf53608f238",
    "vertices" : [ {
      "x" : -13.708204,
      "y" : -3.236068,
      "z" : -27.416409
    }, {
      "x" : -9.472136,
      "y" : -10.09017,
      "z" : -24.798374
    }, {
      "x" : -6.854102,
      "y" : -5.854102,
      "z" : -17.944271
    }, {
      "x" : -11.09017,
      "y" : 1.0,
      "z" : -20.562305
    } ],
    "faces" : [ {
      "vertices" : [ 0, 1, 2 ]
    }, {
      "vertices" : [ 0, 2, 3 ]
    }, {
      "vertices" : [ 0, 3, 2 ]
    }, {
      "vertices" : [ 0, 2, 1 ]
    } ]
  }, {
    "id" : "51629ef9-f0d4-470b-b5fd-2466d1090cd9",
    "vertices" : [ {
      "x" : -11.09017,
      "y" : -11.472136,
      "z" : 47.978714
    }, {
      "x" : -6.854102,
      "y" : -18.326239,
      "z" : 50.59675
    }, {
      "x" : 0.0,
      "y" : -20.944271,
      "z" : 54.832817
    }, {
      "x" : -4.236068,
      "y" : -14.09017,
      "z" : 52.214783
    } ],
    "faces" : [ {
      "vertices" : [ 0, 1, 2 ]
    }, {
      "vertices" : [ 0, 2, 3 ]
    }, {
      "vertices" : [ 0, 3, 2 ]
    }, {
      "vertices" : [ 0, 2, 1 ]
    } ]
  }, {
    "id" : "5431ca79-699d-4466-b64c-49c6afa12701",
    "vertices" : [ {
      "x" : 0.0,
      "y" : 10.472136,
      "z" : -27.416409
    }, {
      "x" : 6.854102,
      "y" : 13.09017,
      "z" : -31.652475
    }, {
      "x" : 9.472136,
      "y" : 8.854102,
      "z" : -38.506577
    }, {
      "x" : 2.618034,
      "y" : 6.236068,
      "z" : -34.27051
    } ],
    "faces" : [ {
      "vertices" : [ 0, 1, 2 ]
    }, {
      "vertices" : [ 0, 2, 3 ]
    }, {
      "vertices" : [ 0, 3, 2 ]
    }, {
      "vertices" : [ 0, 2, 1 ]
    } ]
  }, {
    "id" : "f750fff0-7601-44b6-9097-4dde313ddcca",
    "vertices" : [ {
      "x" : 6.854102,
      "y" : -11.09017,
      "z" : -4.236068
    }, {
      "x" : 2.618034,
      "y" : -17.944271,
      "z" : -1.618034
    }, {
      "x" : 0.0,
      "y" : -22.18034,
      "z" : -8.472136
    }, {
      "x" : 4.236068,
      "y" : -15.326238,
      "z" : -11.09017
    } ],
    "faces" : [ {
      "vertices" : [ 0, 1, 2 ]
    }, {
      "vertices" : [ 0, 2, 3 ]
    }, {
      "vertices" : [ 0, 3, 2 ]
    }, {
      "vertices" : [ 0, 2, 1 ]
    } ]
  }, {
    "id" : "db7286b9-ae5d-40ec-bdfb-5d7e37d27ae5",
    "vertices" : [ {
      "x" : -13.708204,
      "y" : 15.708204,
      "z" : -41.12461
    }, {
      "x" : -9.472136,
      "y" : 22.562305,
      "z" : -43.742645
    }, {
      "x" : -6.854102,
      "y" : 18.326239,
      "z" : -50.59675
    }, {
      "x" : -11.09017,
      "y" : 11.472136,
      "z" : -47.978714
    } ],
    "faces" : [ {
      "vertices" : [ 0, 1, 2 ]
    }, {
      "vertices" : [ 0, 2, 3 ]
    }, {
      "vertices" : [ 0, 3, 2 ]
    }, {
      "vertices" : [ 0, 2, 1 ]
    } ]
  }, {
    "id" : "6bc4856f-1fa3-4f1b-8789-aef629d94417",
    "vertices" : [ {
      "x" : -20.562305,
      "y" : -0.618034,
      "z" : -31.652475
    }, {
      "x" : -16.326239,
      "y" : 6.236068,
      "z" : -34.27051
    }, {
      "x" : -9.472136,
      "y" : 8.854102,
      "z" : -38.506577
    }, {
      "x" : -13.708204,
      "y" : 2.0,
      "z" : -35.888542
    } ],
    "faces" : [ {
      "vertices" : [ 0, 1, 2 ]
    }, {
      "vertices" : [ 0, 2, 3 ]
    }, {
      "vertices" : [ 0, 3, 2 ]
    }, {
      "vertices" : [ 0, 2, 1 ]
    } ]
  }, {
    "id" : "2926485a-44c0-47f1-b1ec-633c68c4a1e0",
    "vertices" : [ {
      "x" : 13.708204,
      "y" : -27.416409,
      "z" : 5.236068
    }, {
      "x" : 9.472136,
      "y" : -34.27051,
      "z" : 7.854102
    }, {
      "x" : 6.854102,
      "y" : -30.034441,
      "z" : 14.708204
    }, {
      "x" : 11.09017,
      "y" : -23.18034,
      "z" : 12.09017
    } ],
    "faces" : [ {
      "vertices" : [ 0, 1, 2 ]
    }, {
      "vertices" : [ 0, 2, 3 ]
    }, {
      "vertices" : [ 0, 3, 2 ]
    }, {
      "vertices" : [ 0, 2, 1 ]
    } ]
  }, {
    "id" : "45eacfc6-40a4-441c-9df1-1391ec10359f",
    "vertices" : [ {
      "x" : -16.326239,
      "y" : -14.708204,
      "z" : 20.562305
    }, {
      "x" : -20.562305,
      "y" : -21.562305,
      "z" : 23.18034
    }, {
      "x" : -17.944271,
      "y" : -17.326239,
      "z" : 30.034441
    }, {
      "x" : -13.708204,
      "y" : -10.472136,
      "z" : 27.416409
    } ],
    "faces" : [ {
      "vertices" : [ 0, 1, 2 ]
    }, {
      "vertices" : [ 0, 2, 3 ]
    }, {
      "vertices" : [ 0, 3, 2 ]
    }, {
      "vertices" : [ 0, 2, 1 ]
    } ]
  }, {
    "id" : "e2924786-d5bd-47c8-b867-ee161361ee7d",
    "vertices" : [ {
      "x" : -20.562305,
      "y" : 14.326238,
      "z" : 26.416409
    }, {
      "x" : -16.326239,
      "y" : 7.472136,
      "z" : 29.034441
    }, {
      "x" : -20.562305,
      "y" : 0.618034,
      "z" : 31.652475
    }, {
      "x" : -24.798374,
      "y" : 7.472136,
      "z" : 29.034441
    } ],
    "faces" : [ {
      "vertices" : [ 0, 1, 2 ]
    }, {
      "vertices" : [ 0, 2, 3 ]
    }, {
      "vertices" : [ 0, 3, 2 ]
    }, {
      "vertices" : [ 0, 2, 1 ]
    } ]
  }, {
    "id" : "51f3e365-bc37-4cc8-915a-17bf66f52ddb",
    "vertices" : [ {
      "x" : 0.0,
      "y" : -22.18034,
      "z" : -8.472136
    }, {
      "x" : -4.236068,
      "y" : -29.034441,
      "z" : -5.854102
    }, {
      "x" : 0.0,
      "y" : -35.888542,
      "z" : -3.236068
    }, {
      "x" : 4.236068,
      "y" : -29.034441,
      "z" : -5.854102
    } ],
    "faces" : [ {
      "vertices" : [ 0, 1, 2 ]
    }, {
      "vertices" : [ 0, 2, 3 ]
    }, {
      "vertices" : [ 0, 3, 2 ]
    }, {
      "vertices" : [ 0, 2, 1 ]
    } ]
  }, {
    "id" : "082725a9-67e9-4829-9b22-aa5d6610bfb5",
    "vertices" : [ {
      "x" : 0.0,
      "y" : 32.652477,
      "z" : -18.944271
    }, {
      "x" : 6.854102,
      "y" : 30.034441,
      "z" : -14.708204
    }, {
      "x" : 9.472136,
      "y" : 34.27051,
      "z" : -7.854102
    }, {
      "x" : 2.618034,
      "y" : 36.888542,
      "z" : -12.09017
    } ],
    "faces" : [ {
      "vertices" : [ 0, 1, 2 ]
    }, {
      "vertices" : [ 0, 2, 3 ]
    }, {
      "vertices" : [ 0, 3, 2 ]
    }, {
      "vertices" : [ 0, 2, 1 ]
    } ]
  }, {
    "id" : "6f7eafa5-af44-4f5f-a672-7fa0fae51660",
    "vertices" : [ {
      "x" : 20.562305,
      "y" : 7.854102,
      "z" : -17.944271
    }, {
      "x" : 27.416409,
      "y" : 5.236068,
      "z" : -13.708204
    }, {
      "x" : 20.562305,
      "y" : 2.618034,
      "z" : -9.472136
    }, {
      "x" : 13.708204,
      "y" : 5.236068,
      "z" : -13.708204
    } ],
    "faces" : [ {
      "vertices" : [ 0, 1, 2 ]
    }, {
      "vertices" : [ 0, 2, 3 ]
    }, {
      "vertices" : [ 0, 3, 2 ]
    }, {
      "vertices" : [ 0, 2, 1 ]
    } ]
  }, {
    "id" : "04da4aa9-c460-4327-8b0b-2952a5f486ce",
    "vertices" : [ {
      "x" : -34.27051,
      "y" : -5.854102,
      "z" : -17.944271
    }, {
      "x" : -31.652475,
      "y" : -1.618034,
      "z" : -11.09017
    }, {
      "x" : -27.416409,
      "y" : -8.472136,
      "z" : -8.472136
    }, {
      "x" : -30.034441,
      "y" : -12.708204,
      "z" : -15.326238
    } ],
    "faces" : [ {
      "vertices" : [ 0, 1, 2 ]
    }, {
      "vertices" : [ 0, 2, 3 ]
    }, {
      "vertices" : [ 0, 3, 2 ]
    }, {
      "vertices" : [ 0, 2, 1 ]
    } ]
  }, {
    "id" : "a505018a-2163-4cc9-8b6a-636179079869",
    "vertices" : [ {
      "x" : 13.708204,
      "y" : -16.944271,
      "z" : -22.18034
    }, {
      "x" : 9.472136,
      "y" : -23.798374,
      "z" : -19.562305
    }, {
      "x" : 6.854102,
      "y" : -19.562305,
      "z" : -12.708204
    }, {
      "x" : 11.09017,
      "y" : -12.708204,
      "z" : -15.326238
    } ],
    "faces" : [ {
      "vertices" : [ 0, 1, 2 ]
    }, {
      "vertices" : [ 0, 2, 3 ]
    }, {
      "vertices" : [ 0, 3, 2 ]
    }, {
      "vertices" : [ 0, 2, 1 ]
    } ]
  }, {
    "id" : "d5cefdd7-3655-423d-8957-63ea23480a4d",
    "vertices" : [ {
      "x" : 20.562305,
      "y" : -0.618034,
      "z" : -31.652475
    }, {
      "x" : 13.708204,
      "y" : -3.236068,
      "z" : -27.416409
    }, {
      "x" : 9.472136,
      "y" : -10.09017,
      "z" : -24.798374
    }, {
      "x" : 16.326239,
      "y" : -7.472136,
      "z" : -29.034441
    } ],
    "faces" : [ {
      "vertices" : [ 0, 1, 2 ]
    }, {
      "vertices" : [ 0, 2, 3 ]
    }, {
      "vertices" : [ 0, 3, 2 ]
    }, {
      "vertices" : [ 0, 2, 1 ]
    } ]
  }, {
    "id" : "fddcc892-e803-452b-bf42-e32bd360ef92",
    "vertices" : [ {
      "x" : 30.034441,
      "y" : -1.0,
      "z" : 20.562305
    }, {
      "x" : 23.18034,
      "y" : -3.618034,
      "z" : 24.798374
    }, {
      "x" : 20.562305,
      "y" : 0.618034,
      "z" : 31.652475
    }, {
      "x" : 27.416409,
      "y" : 3.236068,
      "z" : 27.416409
    } ],
    "faces" : [ {
      "vertices" : [ 0, 1, 2 ]
    }, {
      "vertices" : [ 0, 2, 3 ]
    }, {
      "vertices" : [ 0, 3, 2 ]
    }, {
      "vertices" : [ 0, 2, 1 ]
    } ]
  }, {
    "id" : "a7c2fff0-5155-4765-9e1f-dd424141ed9f",
    "vertices" : [ {
      "x" : 11.09017,
      "y" : -1.0,
      "z" : 20.562305
    }, {
      "x" : 4.236068,
      "y" : -3.618034,
      "z" : 24.798374
    }, {
      "x" : 6.854102,
      "y" : 0.618034,
      "z" : 31.652475
    }, {
      "x" : 13.708204,
      "y" : 3.236068,
      "z" : 27.416409
    } ],
    "faces" : [ {
      "vertices" : [ 0, 1, 2 ]
    }, {
      "vertices" : [ 0, 2, 3 ]
    }, {
      "vertices" : [ 0, 3, 2 ]
    }, {
      "vertices" : [ 0, 2, 1 ]
    } ]
  }, {
    "id" : "8d79b1d0-0800-4316-8420-e3dae90a14bb",
    "vertices" : [ {
      "x" : 13.708204,
      "y" : 0.0,
      "z" : 0.0
    }, {
      "x" : 17.944271,
      "y" : -6.854102,
      "z" : 2.618034
    }, {
      "x" : 20.562305,
      "y" : -11.09017,
      "z" : -4.236068
    }, {
      "x" : 16.326239,
      "y" : -4.236068,
      "z" : -6.854102
    } ],
    "faces" : [ {
      "vertices" : [ 0, 1, 2 ]
    }, {
      "vertices" : [ 0, 2, 3 ]
    }, {
      "vertices" : [ 0, 3, 2 ]
    }, {
      "vertices" : [ 0, 2, 1 ]
    } ]
  }, {
    "id" : "67e13942-eb53-4f7a-acd9-43331e1dbdd2",
    "vertices" : [ {
      "x" : -6.854102,
      "y" : 0.618034,
      "z" : 31.652475
    }, {
      "x" : -2.618034,
      "y" : -6.236068,
      "z" : 34.27051
    }, {
      "x" : 0.0,
      "y" : -2.0,
      "z" : 41.12461
    }, {
      "x" : -4.236068,
      "y" : 4.854102,
      "z" : 38.506577
    } ],
    "faces" : [ {
      "vertices" : [ 0, 1, 2 ]
    }, {
      "vertices" : [ 0, 2, 3 ]
    }, {
      "vertices" : [ 0, 3, 2 ]
    }, {
      "vertices" : [ 0, 2, 1 ]
    } ]
  }, {
    "id" : "b457d5b3-5c89-4d70-b66f-38f50d9c4392",
    "vertices" : [ {
      "x" : 31.652475,
      "y" : 10.09017,
      "z" : 24.798374
    }, {
      "x" : 27.416409,
      "y" : 3.236068,
      "z" : 27.416409
    }, {
      "x" : 20.562305,
      "y" : 0.618034,
      "z" : 31.652475
    }, {
      "x" : 24.798374,
      "y" : 7.472136,
      "z" : 29.034441
    } ],
    "faces" : [ {
      "vertices" : [ 0, 1, 2 ]
    }, {
      "vertices" : [ 0, 2, 3 ]
    }, {
      "vertices" : [ 0, 3, 2 ]
    }, {
      "vertices" : [ 0, 2, 1 ]
    } ]
  }, {
    "id" : "19132239-e49b-43bb-a204-260b6dbccbd5",
    "vertices" : [ {
      "x" : -24.798374,
      "y" : -17.944271,
      "z" : -1.618034
    }, {
      "x" : -31.652475,
      "y" : -20.562305,
      "z" : 2.618034
    }, {
      "x" : -34.27051,
      "y" : -24.798374,
      "z" : -4.236068
    }, {
      "x" : -27.416409,
      "y" : -22.18034,
      "z" : -8.472136
    } ],
    "faces" : [ {
      "vertices" : [ 0, 1, 2 ]
    }, {
      "vertices" : [ 0, 2, 3 ]
    }, {
      "vertices" : [ 0, 3, 2 ]
    }, {
      "vertices" : [ 0, 2, 1 ]
    } ]
  }, {
    "id" : "ea30cb1a-389e-44c1-aa6c-f0bc98aade64",
    "vertices" : [ {
      "x" : -31.652475,
      "y" : -20.562305,
      "z" : 2.618034
    }, {
      "x" : -38.506577,
      "y" : -17.944271,
      "z" : -1.618034
    }, {
      "x" : -41.12461,
      "y" : -22.18034,
      "z" : -8.472136
    }, {
      "x" : -34.27051,
      "y" : -24.798374,
      "z" : -4.236068
    } ],
    "faces" : [ {
      "vertices" : [ 0, 1, 2 ]
    }, {
      "vertices" : [ 0, 2, 3 ]
    }, {
      "vertices" : [ 0, 3, 2 ]
    }, {
      "vertices" : [ 0, 2, 1 ]
    } ]
  }, {
    "id" : "cc6cb7bc-0179-4c88-9ce6-6483a018da6b",
    "vertices" : [ {
      "x" : 9.472136,
      "y" : -8.854102,
      "z" : 38.506577
    }, {
      "x" : 6.854102,
      "y" : -4.618034,
      "z" : 45.36068
    }, {
      "x" : 11.09017,
      "y" : -11.472136,
      "z" : 47.978714
    }, {
      "x" : 13.708204,
      "y" : -15.708204,
      "z" : 41.12461
    } ],
    "faces" : [ {
      "vertices" : [ 0, 1, 2 ]
    }, {
      "vertices" : [ 0, 2, 3 ]
    }, {
      "vertices" : [ 0, 3, 2 ]
    }, {
      "vertices" : [ 0, 2, 1 ]
