{
  "field" : "golden",
  "symmetry" : "icosahedral",
  "orientations" : [ [ 1.0, 0.0, 0.0, 0.0, 0.0, 1.0, 0.0, 0.0, 0.0, 0.0, 1.0, 0.0, 0.0, 0.0, 0.0, 1.0 ], [ 0.0, 0.0, 1.0, 0.0, 1.0, 0.0, 0.0, 0.0, 0.0, 1.0, 0.0, 0.0, 0.0, 0.0, 0.0, 1.0 ], [ 0.0, 1.0, 0.0, 0.0, 0.0, 0.0, 1.0, 0.0, 1.0, 0.0, 0.0, 0.0, 0.0, 0.0, 0.0, 1.0 ], [ 0.809017, 0.309017, 0.5, 0.0, 0.309017, 0.5, -0.809017, 0.0, -0.5, 0.809017, 0.309017, 0.0, 0.0, 0.0, 0.0, 1.0 ], [ -0.5, 0.809017, 0.309017, 0.0, 0.809017, 0.309017, 0.5, 0.0, 0.309017, 0.5, -0.809017, 0.0, 0.0, 0.0, 0.0, 1.0 ], [ 0.309017, 0.5, -0.809017, 0.0, -0.5, 0.809017, 0.309017, 0.0, 0.809017, 0.309017, 0.5, 0.0, 0.0, 0.0, 0.0, 1.0 ], [ 0.5, 0.809017, 0.309017, 0.0, 0.809017, -0.309017, -0.5, 0.0, -0.309017, 0.5, -0.809017, 0.0, 0.0, 0.0, 0.0, 1.0 ], [ -0.309017, 0.5, -0.809017, 0.0, 0.5, 0.809017, 0.309017, 0.0, 0.809017, -0.309017, -0.5, 0.0, 0.0, 0.0, 0.0, 1.0 ], [ 0.809017, -0.309017, -0.5, 0.0, -0.309017, 0.5, -0.809017, 0.0, 0.5, 0.809017, 0.309017, 0.0, 0.0, 0.0, 0.0, 1.0 ], [ 0.5, 0.809017, -0.309017, 0.0, 0.809017, -0.309017, 0.5, 0.0, 0.309017, -0.5, -0.809017, 0.0, 0.0, 0.0, 0.0, 1.0 ], [ 0.309017, -0.5, -0.809017, 0.0, 0.5, 0.809017, -0.309017, 0.0, 0.809017, -0.309017, 0.5, 0.0, 0.0, 0.0, 0.0, 1.0 ], [ 0.809017, -0.309017, 0.5, 0.0, 0.309017, -0.5, -0.809017, 0.0, 0.5, 0.809017, -0.309017, 0.0, 0.0, 0.0, 0.0, 1.0 ], [ 0.809017, 0.309017, -0.5, 0.0, 0.309017, 0.5, 0.809017, 0.0, 0.5, -0.809017, 0.309017, 0.0, 0.0, 0.0, 0.0, 1.0 ], [ 0.5, -0.809017, 0.309017, 0.0, 0.809017, 0.309017, -0.5, 0.0, 0.309017, 0.5, 0.809017, 0.0, 0.0, 0.0, 0.0, 1.0 ], [ 0.309017, 0.5, 0.809017, 0.0, 0.5, -0.809017, 0.309017, 0.0, 0.809017, 0.309017, -0.5, 0.0, 0.0, 0.0, 0.0, 1.0 ], [ 1.0, 0.0, 0.0, 0.0, 0.0, -1.0, 0.0, 0.0, 0.0, 0.0, -1.0, 0.0, 0.0, 0.0, 0.0, 1.0 ], [ 0.0, 0.0, 1.0, 0.0, -1.0, 0.0, 0.0, 0.0, 0.0, -1.0, 0.0, 0.0, 0.0, 0.0, 0.0, 1.0 ], [ 0.0, 1.0, 0.0, 0.0, 0.0, 0.0, -1.0, 0.0, -1.0, 0.0, 0.0, 0.0, 0.0, 0.0, 0.0, 1.0 ], [ 0.809017, 0.309017, 0.5, 0.0, -0.309017, -0.5, 0.809017, 0.0, 0.5, -0.809017, -0.309017, 0.0, 0.0, 0.0, 0.0, 1.0 ], [ -0.5, 0.809017, 0.309017, 0.0, -0.809017, -0.309017, -0.5, 0.0, -0.309017, -0.5, 0.809017, 0.0, 0.0, 0.0, 0.0, 1.0 ], [ 0.309017, 0.5, -0.809017, 0.0, 0.5, -0.809017, -0.309017, 0.0, -0.809017, -0.309017, -0.5, 0.0, 0.0, 0.0, 0.0, 1.0 ], [ 0.5, 0.809017, 0.309017, 0.0, -0.809017, 0.309017, 0.5, 0.0, 0.309017, -0.5, 0.809017, 0.0, 0.0, 0.0, 0.0, 1.0 ], [ -0.309017, 0.5, -0.809017, 0.0, -0.5, -0.809017, -0.309017, 0.0, -0.809017, 0.309017, 0.5, 0.0, 0.0, 0.0, 0.0, 1.0 ], [ 0.809017, -0.309017, -0.5, 0.0, 0.309017, -0.5, 0.809017, 0.0, -0.5, -0.809017, -0.309017, 0.0, 0.0, 0.0, 0.0, 1.0 ], [ 0.5, 0.809017, -0.309017, 0.0, -0.809017, 0.309017, -0.5, 0.0, -0.309017, 0.5, 0.809017, 0.0, 0.0, 0.0, 0.0, 1.0 ], [ 0.309017, -0.5, -0.809017, 0.0, -0.5, -0.809017, 0.309017, 0.0, -0.809017, 0.309017, -0.5, 0.0, 0.0, 0.0, 0.0, 1.0 ], [ 0.809017, -0.309017, 0.5, 0.0, -0.309017, 0.5, 0.809017, 0.0, -0.5, -0.809017, 0.309017, 0.0, 0.0, 0.0, 0.0, 1.0 ], [ 0.809017, 0.309017, -0.5, 0.0, -0.309017, -0.5, -0.809017, 0.0, -0.5, 0.809017, -0.309017, 0.0, 0.0, 0.0, 0.0, 1.0 ], [ 0.5, -0.809017, 0.309017, 0.0, -0.809017, -0.309017, 0.5, 0.0, -0.309017, -0.5, -0.809017, 0.0, 0.0, 0.0, 0.0, 1.0 ], [ 0.309017, 0.5, 0.809017, 0.0, -0.5, 0.809017, -0.309017, 0.0, -0.809017, -0.309017, 0.5, 0.0, 0.0, 0.0, 0.0, 1.0 ], [ -1.0, 0.0, 0.0, 0.0, 0.0, -1.0, 0.0, 0.0, 0.0, 0.0, 1.0, 0.0, 0.0, 0.0, 0.0, 1.0 ], [ 0.0, 0.0, -1.0, 0.0, -1.0, 0.0, 0.0, 0.0, 0.0, 1.0, 0.0, 0.0, 0.0, 0.0, 0.0, 1.0 ], [ 0.0, -1.0, 0.0, 0.0, 0.0, 0.0, -1.0, 0.0, 1.0, 0.0, 0.0, 0.0, 0.0, 0.0, 0.0, 1.0 ], [ -0.809017, -0.309017, -0.5, 0.0, -0.309017, -0.5, 0.809017, 0.0, -0.5, 0.809017, 0.309017, 0.0, 0.0, 0.0, 0.0, 1.0 ], [ 0.5, -0.809017, -0.309017, 0.0, -0.809017, -0.309017, -0.5, 0.0, 0.309017, 0.5, -0.809017, 0.0, 0.0, 0.0, 0.0, 1.0 ], [ -0.309017, -0.5, 0.809017, 0.0, 0.5, -0.809017, -0.309017, 0.0, 0.809017, 0.309017, 0.5, 0.0, 0.0, 0.0, 0.0, 1.0 ], [ -0.5, -0.809017, -0.309017, 0.0, -0.809017, 0.309017, 0.5, 0.0, -0.309017, 0.5, -0.809017, 0.0, 0.0, 0.0, 0.0, 1.0 ], [ 0.309017, -0.5, 0.809017, 0.0, -0.5, -0.809017, -0.309017, 0.0, 0.809017, -0.309017, -0.5, 0.0, 0.0, 0.0, 0.0, 1.0 ], [ -0.809017, 0.309017, 0.5, 0.0, 0.309017, -0.5, 0.809017, 0.0, 0.5, 0.809017, 0.309017, 0.0, 0.0, 0.0, 0.0, 1.0 ], [ -0.5, -0.809017, 0.309017, 0.0, -0.809017, 0.309017, -0.5, 0.0, 0.309017, -0.5, -0.809017, 0.0, 0.0, 0.0, 0.0, 1.0 ], [ -0.309017, 0.5, 0.809017, 0.0, -0.5, -0.809017, 0.309017, 0.0, 0.809017, -0.309017, 0.5, 0.0, 0.0, 0.0, 0.0, 1.0 ], [ -0.809017, 0.309017, -0.5, 0.0, -0.309017, 0.5, 0.809017, 0.0, 0.5, 0.809017, -0.309017, 0.0, 0.0, 0.0, 0.0, 1.0 ], [ -0.809017, -0.309017, 0.5, 0.0, -0.309017, -0.5, -0.809017, 0.0, 0.5, -0.809017, 0.309017, 0.0, 0.0, 0.0, 0.0, 1.0 ], [ -0.5, 0.809017, -0.309017, 0.0, -0.809017, -0.309017, 0.5, 0.0, 0.309017, 0.5, 0.809017, 0.0, 0.0, 0.0, 0.0, 1.0 ], [ -0.309017, -0.5, -0.809017, 0.0, -0.5, 0.809017, -0.309017, 0.0, 0.809017, 0.309017, -0.5, 0.0, 0.0, 0.0, 0.0, 1.0 ], [ -1.0, 0.0, 0.0, 0.0, 0.0, 1.0, 0.0, 0.0, 0.0, 0.0, -1.0, 0.0, 0.0, 0.0, 0.0, 1.0 ], [ 0.0, 0.0, -1.0, 0.0, 1.0, 0.0, 0.0, 0.0, 0.0, -1.0, 0.0, 0.0, 0.0, 0.0, 0.0, 1.0 ], [ 0.0, -1.0, 0.0, 0.0, 0.0, 0.0, 1.0, 0.0, -1.0, 0.0, 0.0, 0.0, 0.0, 0.0, 0.0, 1.0 ], [ -0.809017, -0.309017, -0.5, 0.0, 0.309017, 0.5, -0.809017, 0.0, 0.5, -0.809017, -0.309017, 0.0, 0.0, 0.0, 0.0, 1.0 ], [ 0.5, -0.809017, -0.309017, 0.0, 0.809017, 0.309017, 0.5, 0.0, -0.309017, -0.5, 0.809017, 0.0, 0.0, 0.0, 0.0, 1.0 ], [ -0.309017, -0.5, 0.809017, 0.0, -0.5, 0.809017, 0.309017, 0.0, -0.809017, -0.309017, -0.5, 0.0, 0.0, 0.0, 0.0, 1.0 ], [ -0.5, -0.809017, -0.309017, 0.0, 0.809017, -0.309017, -0.5, 0.0, 0.309017, -0.5, 0.809017, 0.0, 0.0, 0.0, 0.0, 1.0 ], [ 0.309017, -0.5, 0.809017, 0.0, 0.5, 0.809017, 0.309017, 0.0, -0.809017, 0.309017, 0.5, 0.0, 0.0, 0.0, 0.0, 1.0 ], [ -0.809017, 0.309017, 0.5, 0.0, -0.309017, 0.5, -0.809017, 0.0, -0.5, -0.809017, -0.309017, 0.0, 0.0, 0.0, 0.0, 1.0 ], [ -0.5, -0.809017, 0.309017, 0.0, 0.809017, -0.309017, 0.5, 0.0, -0.309017, 0.5, 0.809017, 0.0, 0.0, 0.0, 0.0, 1.0 ], [ -0.309017, 0.5, 0.809017, 0.0, 0.5, 0.809017, -0.309017, 0.0, -0.809017, 0.309017, -0.5, 0.0, 0.0, 0.0, 0.0, 1.0 ], [ -0.809017, 0.309017, -0.5, 0.0, 0.309017, -0.5, -0.809017, 0.0, -0.5, -0.809017, 0.309017, 0.0, 0.0, 0.0, 0.0, 1.0 ], [ -0.809017, -0.309017, 0.5, 0.0, 0.309017, 0.5, 0.809017, 0.0, -0.5, 0.809017, -0.309017, 0.0, 0.0, 0.0, 0.0, 1.0 ], [ -0.5, 0.809017, -0.309017, 0.0, 0.809017, 0.309017, -0.5, 0.0, -0.309017, -0.5, -0.809017, 0.0, 0.0, 0.0, 0.0, 1.0 ], [ -0.309017, -0.5, -0.809017, 0.0, 0.5, -0.809017, 0.309017, 0.0, -0.809017, -0.309017, 0.5, 0.0, 0.0, 0.0, 0.0, 1.0 ] ],
  "lights" : {
    "ambientColor" : "#292929",
    "backgroundColor" : "#999999",
    "directionalLights" : [ {
      "direction" : {
        "x" : 1.0,
        "y" : -1.0,
        "z" : -1.0
      },
      "color" : "#EBEBE4"
    }, {
      "direction" : {
        "x" : -1.0,
        "y" : 0.0,
        "z" : 0.0
      },
      "color" : "#E4E4EB"
    }, {
      "direction" : {
        "x" : 0.0,
        "y" : 0.0,
        "z" : -1.0
      },
      "color" : "#1E1E1E"
    } ]
  },
  "camera" : {
    "stereo" : false,
    "width" : 53.00424,
    "perspective" : false,
    "viewDistance" : 117.787186,
    "nearClipDistance" : 0.29446813,
    "farClipDistance" : 235.57393,
    "lookAtPoint" : {
      "x" : 0.0,
      "y" : 0.0,
      "z" : 0.0
    },
    "fieldOfView" : 0.44262892,
    "lookDirection" : {
      "x" : 0.0,
      "y" : 0.0,
      "z" : -1.0
    },
    "upDirection" : {
      "x" : 0.0,
      "y" : 1.0,
      "z" : 0.0
    },
    "position" : {
      "x" : 0.0,
      "y" : 0.0,
      "z" : 117.787186
    }
  },
  "embedding" : [ 1.0, 0.0, 0.0, 0.0, 0.0, 1.0, 0.0, 0.0, 0.0, 0.0, 1.0, 0.0, 0.0, 0.0, 0.0, 1.0 ],
  "shapes" : [ {
    "id" : "7860376e-7cb3-475d-8f6c-baf0424dd522",
    "vertices" : [ {
      "x" : -0.309017,
      "y" : -0.19098301,
      "z" : 0.0
    }, {
      "x" : -0.309017,
      "y" : 0.19098301,
      "z" : 0.0
    }, {
      "x" : -0.19098301,
      "y" : 0.0,
      "z" : -0.309017
    }, {
      "x" : -0.19098301,
      "y" : 0.0,
      "z" : 0.309017
    }, {
      "x" : 0.0,
      "y" : -0.309017,
      "z" : -0.19098301
    }, {
      "x" : 0.0,
      "y" : -0.309017,
      "z" : 0.19098301
    }, {
      "x" : 0.0,
      "y" : 0.309017,
      "z" : -0.19098301
    }, {
      "x" : 0.0,
      "y" : 0.309017,
      "z" : 0.19098301
    }, {
      "x" : 0.19098301,
      "y" : 0.0,
      "z" : -0.309017
    }, {
      "x" : 0.19098301,
      "y" : 0.0,
      "z" : 0.309017
    }, {
      "x" : 0.309017,
      "y" : -0.19098301,
      "z" : 0.0
    }, {
      "x" : 0.309017,
      "y" : 0.19098301,
      "z" : 0.0
    } ],
    "faces" : [ {
      "vertices" : [ 0, 1, 2 ]
    }, {
      "vertices" : [ 0, 3, 1 ]
    }, {
      "vertices" : [ 0, 2, 4 ]
    }, {
      "vertices" : [ 0, 5, 3 ]
    }, {
      "vertices" : [ 0, 4, 5 ]
    }, {
      "vertices" : [ 1, 6, 2 ]
    }, {
      "vertices" : [ 1, 3, 7 ]
    }, {
      "vertices" : [ 1, 7, 6 ]
    }, {
      "vertices" : [ 2, 8, 4 ]
    }, {
      "vertices" : [ 2, 6, 8 ]
    }, {
      "vertices" : [ 3, 5, 9 ]
    }, {
      "vertices" : [ 3, 9, 7 ]
    }, {
      "vertices" : [ 4, 10, 5 ]
    }, {
      "vertices" : [ 4, 8, 10 ]
    }, {
      "vertices" : [ 5, 10, 9 ]
    }, {
      "vertices" : [ 6, 7, 11 ]
    }, {
      "vertices" : [ 6, 11, 8 ]
    }, {
      "vertices" : [ 7, 9, 11 ]
    }, {
      "vertices" : [ 8, 11, 10 ]
    }, {
      "vertices" : [ 9, 10, 11 ]
    } ]
  }, {
    "id" : "f7ec106f-1538-4ff2-98c7-797ba4a0b70d",
    "vertices" : [ {
      "x" : 12.537383,
      "y" : 4.512461,
      "z" : 0.0
    }, {
      "x" : 11.366563,
      "y" : 4.4068885,
      "z" : -1.618034
    }, {
      "x" : 11.366563,
      "y" : -4.4068885,
      "z" : -1.618034
    }, {
      "x" : 12.537383,
      "y" : -4.512461,
      "z" : 0.0
    } ],
    "faces" : [ {
      "vertices" : [ 0, 1, 2 ]
    }, {
      "vertices" : [ 0, 2, 3 ]
    }, {
      "vertices" : [ 0, 3, 2 ]
    }, {
      "vertices" : [ 0, 2, 1 ]
    } ]
  }, {
    "id" : "b55b65aa-8517-4f1d-bdb7-f0f861e2245e",
    "vertices" : [ {
      "x" : 4.236068,
      "y" : 1.0,
      "z" : 9.472136
    }, {
      "x" : 4.236068,
      "y" : -1.0,
      "z" : 9.472136
    }, {
      "x" : -4.236068,
      "y" : -1.0,
      "z" : 9.472136
    }, {
      "x" : -4.236068,
      "y" : 1.0,
      "z" : 9.472136
    } ],
    "faces" : [ {
      "vertices" : [ 0, 1, 2 ]
    }, {
      "vertices" : [ 0, 2, 3 ]
    }, {
      "vertices" : [ 0, 3, 2 ]
    }, {
      "vertices" : [ 0, 2, 1 ]
    } ]
  }, {
    "id" : "2d1d3652-b85a-4af5-b225-29dfb39d5f8a",
    "vertices" : [ {
      "x" : 1.0,
      "y" : 0.309017,
      "z" : 0.19098301
    }, {
      "x" : 1.0,
      "y" : -0.309017,
      "z" : 0.19098301
    }, {
      "x" : 1.0,
      "y" : -0.309017,
      "z" : 0.19098301
    }, {
      "x" : 1.0,
      "y" : 0.309017,
      "z" : 0.19098301
    }, {
      "x" : 1.0,
      "y" : -0.309017,
      "z" : -0.19098301
    }, {
      "x" : 1.0,
      "y" : 0.309017,
      "z" : -0.19098301
    }, {
      "x" : 1.618034,
      "y" : 0.0,
      "z" : 0.0
    }, {
      "x" : 0.38196602,
      "y" : 0.0,
      "z" : 0.0
    }, {
      "x" : 1.0,
      "y" : 0.309017,
      "z" : -0.19098301
    }, {
      "x" : 1.0,
      "y" : -0.309017,
      "z" : -0.19098301
    }, {
      "x" : 2.0,
      "y" : 0.0,
      "z" : 0.0
    } ],
    "faces" : [ {
      "vertices" : [ 1, 9, 4 ]
    }, {
      "vertices" : [ 1, 4, 2 ]
    }, {
      "vertices" : [ 0, 3, 5 ]
    }, {
      "vertices" : [ 0, 5, 8 ]
    }, {
      "vertices" : [ 1, 7, 9 ]
    }, {
      "vertices" : [ 0, 1, 2 ]
    }, {
      "vertices" : [ 0, 2, 3 ]
    }, {
      "vertices" : [ 7, 8, 9 ]
    }, {
      "vertices" : [ 0, 7, 1 ]
    }, {
      "vertices" : [ 4, 9, 8 ]
    }, {
      "vertices" : [ 4, 8, 5 ]
    }, {
      "vertices" : [ 2, 6, 3 ]
    }, {
      "vertices" : [ 2, 4, 6 ]
    }, {
      "vertices" : [ 3, 6, 5 ]
    }, {
      "vertices" : [ 4, 5, 6 ]
    }, {
      "vertices" : [ 0, 8, 7 ]
    } ]
  }, {
    "id" : "c092de25-098d-4d1a-a794-d91c276f51b0",
    "vertices" : [ {
      "x" : 1.3138007,
      "y" : -0.56554276,
      "z" : 0.15297839
    }, {
      "x" : 1.2138007,
      "y" : -0.46554273,
      "z" : -0.2470216
    }, {
      "x" : 0.40980613,
      "y" : -0.43445724,
      "z" : -0.32379878
    }, {
      "x" : 0.50980616,
      "y" : -0.53445727,
      "z" : 0.076201215
    }, {
      "x" : 0.9804673,
      "y" : -0.76554275,
      "z" : -0.38035494
    }, {
      "x" : 1.0804673,
      "y" : -0.86554277,
      "z" : 0.01964506
    }, {
      "x" : 0.74313945,
      "y" : -0.23445725,
      "z" : 0.20953454
    }, {
      "x" : 0.6431395,
      "y" : -0.13445726,
      "z" : -0.19046545
    } ],
    "faces" : [ {
      "vertices" : [ 2, 3, 6 ]
    }, {
      "vertices" : [ 2, 6, 7 ]
    }, {
      "vertices" : [ 0, 5, 4 ]
    }, {
      "vertices" : [ 0, 4, 1 ]
    }, {
      "vertices" : [ 2, 4, 5 ]
    }, {
      "vertices" : [ 2, 5, 3 ]
    }, {
      "vertices" : [ 0, 6, 3 ]
    }, {
      "vertices" : [ 0, 3, 5 ]
    }, {
      "vertices" : [ 0, 1, 7 ]
    }, {
      "vertices" : [ 0, 7, 6 ]
    }, {
      "vertices" : [ 1, 4, 2 ]
    }, {
      "vertices" : [ 1, 2, 7 ]
    } ]
  }, {
    "id" : "20ff9007-5b43-4eb5-a353-da39db38a308",
    "vertices" : [ {
      "x" : 1.3401364,
      "y" : -0.26666668,
      "z" : -0.4867349
    }, {
      "x" : 1.2401364,
      "y" : 0.13333334,
      "z" : -0.38673487
    }, {
      "x" : 0.44871795,
      "y" : 0.26666668,
      "z" : -0.4076923
    }, {
      "x" : 0.548718,
      "y" : -0.13333334,
      "z" : -0.50769234
    }, {
      "x" : 1.0068032,
      "y" : 0.26666668,
      "z" : -0.68673486
    }, {
      "x" : 1.106803,
      "y" : -0.13333334,
      "z" : -0.7867349
    }, {
      "x" : 0.78205127,
      "y" : -0.26666668,
      "z" : -0.20769231
    }, {
      "x" : 0.6820513,
      "y" : 0.13333334,
      "z" : -0.10769231
    } ],
    "faces" : [ {
      "vertices" : [ 2, 3, 6 ]
    }, {
      "vertices" : [ 2, 6, 7 ]
    }, {
      "vertices" : [ 0, 5, 4 ]
    }, {
      "vertices" : [ 0, 4, 1 ]
    }, {
      "vertices" : [ 2, 4, 5 ]
    }, {
      "vertices" : [ 2, 5, 3 ]
    }, {
      "vertices" : [ 0, 6, 3 ]
    }, {
      "vertices" : [ 0, 3, 5 ]
    }, {
      "vertices" : [ 0, 1, 7 ]
    }, {
      "vertices" : [ 0, 7, 6 ]
    }, {
      "vertices" : [ 1, 4, 2 ]
    }, {
      "vertices" : [ 1, 2, 7 ]
    } ]
  }, {
    "id" : "00f7dbee-ca82-4ec9-8a22-d287721dda78",
    "vertices" : [ {
      "x" : 1.0,
      "y" : 0.309017,
      "z" : 0.19098301
    }, {
      "x" : 1.0,
      "y" : -0.309017,
      "z" : 0.19098301
    }, {
      "x" : 7.472136,
      "y" : -0.309017,
      "z" : 0.19098301
    }, {
      "x" : 7.472136,
      "y" : 0.309017,
      "z" : 0.19098301
    }, {
      "x" : 7.472136,
      "y" : -0.309017,
      "z" : -0.19098301
    }, {
      "x" : 7.472136,
      "y" : 0.309017,
      "z" : -0.19098301
    }, {
      "x" : 8.09017,
      "y" : 0.0,
      "z" : 0.0
    }, {
      "x" : 0.38196602,
      "y" : 0.0,
      "z" : 0.0
    }, {
      "x" : 1.0,
      "y" : 0.309017,
      "z" : -0.19098301
    }, {
      "x" : 1.0,
      "y" : -0.309017,
      "z" : -0.19098301
    }, {
      "x" : 8.472136,
      "y" : 0.0,
      "z" : 0.0
    } ],
    "faces" : [ {
      "vertices" : [ 1, 9, 4 ]
    }, {
      "vertices" : [ 1, 4, 2 ]
    }, {
      "vertices" : [ 0, 3, 5 ]
    }, {
      "vertices" : [ 0, 5, 8 ]
    }, {
      "vertices" : [ 1, 7, 9 ]
    }, {
      "vertices" : [ 0, 1, 2 ]
    }, {
      "vertices" : [ 0, 2, 3 ]
    }, {
      "vertices" : [ 7, 8, 9 ]
    }, {
      "vertices" : [ 0, 7, 1 ]
    }, {
      "vertices" : [ 4, 9, 8 ]
    }, {
      "vertices" : [ 4, 8, 5 ]
    }, {
      "vertices" : [ 2, 6, 3 ]
    }, {
      "vertices" : [ 2, 4, 6 ]
    }, {
      "vertices" : [ 3, 6, 5 ]
    }, {
      "vertices" : [ 4, 5, 6 ]
    }, {
      "vertices" : [ 0, 8, 7 ]
    } ]
  }, {
    "id" : "dd32208f-4812-441c-8f04-9e61e9554f43",
    "vertices" : [ {
      "x" : 0.9045085,
      "y" : 0.3454915,
      "z" : 0.25
    }, {
      "x" : 6.1405764,
      "y" : 3.5815594,
      "z" : 0.25
    }, {
      "x" : 5.9495935,
      "y" : 3.8905764,
      "z" : 0.25
    }, {
      "x" : 0.7135255,
      "y" : 0.6545085,
      "z" : 0.25
    }, {
      "x" : 0.809017,
      "y" : 0.5,
      "z" : -0.309017
    }, {
      "x" : 0.9635255,
      "y" : 0.25,
      "z" : -0.095491506
    }, {
      "x" : 0.309017,
      "y" : 0.19098301,
      "z" : 0.0
    }, {
      "x" : 6.545085,
      "y" : 4.045085,
      "z" : 0.0
    }, {
      "x" : 5.8905764,
      "y" : 3.986068,
      "z" : -0.095491506
    }, {
      "x" : 6.045085,
      "y" : 3.736068,
      "z" : -0.309017
    }, {
      "x" : 6.854102,
      "y" : 4.236068,
      "z" : 0.0
    }, {
      "x" : 0.6545085,
      "y" : 0.75,
      "z" : -0.095491506
    }, {
      "x" : 6.1995935,
      "y" : 3.486068,
      "z" : -0.095491506
    } ],
    "faces" : [ {
      "vertices" : [ 4, 11, 8 ]
    }, {
      "vertices" : [ 4, 8, 9 ]
    }, {
      "vertices" : [ 0, 1, 2 ]
    }, {
      "vertices" : [ 0, 2, 3 ]
    }, {
      "vertices" : [ 0, 3, 6 ]
    }, {
      "vertices" : [ 1, 7, 2 ]
    }, {
      "vertices" : [ 0, 6, 5 ]
    }, {
      "vertices" : [ 4, 5, 6 ]
    }, {
      "vertices" : [ 2, 7, 8 ]
    }, {
      "vertices" : [ 0, 5, 12 ]
    }, {
      "vertices" : [ 0, 12, 1 ]
    }, {
      "vertices" : [ 1, 12, 7 ]
    }, {
      "vertices" : [ 3, 11, 6 ]
    }, {
      "vertices" : [ 4, 6, 11 ]
    }, {
      "vertices" : [ 7, 9, 8 ]
    }, {
      "vertices" : [ 2, 8, 11 ]
    }, {
      "vertices" : [ 2, 11, 3 ]
    }, {
      "vertices" : [ 7, 12, 9 ]
    }, {
      "vertices" : [ 4, 9, 12 ]
    }, {
      "vertices" : [ 4, 12, 5 ]
    } ]
  }, {
    "id" : "4fcc37d7-3fdc-44eb-9f87-c9b95cd41107",
    "vertices" : [ {
      "x" : -9.91935,
      "y" : -8.748529,
      "z" : -1.618034
    }, {
      "x" : -8.748529,
      "y" : -8.642957,
      "z" : 0.0
    }, {
      "x" : -1.618034,
      "y" : -11.366563,
      "z" : -4.4068885
    }, {
      "x" : -2.618034,
      "y" : -11.537383,
      "z" : -6.130495
    } ],
    "faces" : [ {
      "vertices" : [ 0, 1, 2 ]
    }, {
      "vertices" : [ 0, 2, 3 ]
    }, {
      "vertices" : [ 0, 3, 2 ]
    }, {
      "vertices" : [ 0, 2, 1 ]
    } ]
  }, {
    "id" : "0b4bd4a8-b255-4ffa-9f14-85fe79163460",
    "vertices" : [ {
      "x" : 7.854102,
      "y" : -6.854102,
      "z" : 0.0
    }, {
      "x" : 8.472136,
      "y" : -5.854102,
      "z" : -1.618034
    }, {
      "x" : 1.618034,
      "y" : -8.472136,
      "z" : -5.854102
    }, {
      "x" : 1.0,
      "y" : -9.472136,
      "z" : -4.236068
    } ],
    "faces" : [ {
      "vertices" : [ 0, 1, 2 ]
    }, {
      "vertices" : [ 0, 2, 3 ]
    }, {
      "vertices" : [ 0, 3, 2 ]
    }, {
      "vertices" : [ 0, 2, 1 ]
    } ]
  }, {
    "id" : "8a75c3e6-dba6-42a7-b17c-5d2a0ecfbf33",
    "vertices" : [ {
      "x" : -11.366563,
      "y" : 4.4068885,
      "z" : -1.618034
    }, {
      "x" : -11.537383,
      "y" : 6.130495,
      "z" : -2.618034
    }, {
      "x" : -12.813777,
      "y" : 7.301316,
      "z" : -1.618034
    }, {
      "x" : -13.43181,
      "y" : 6.301316,
      "z" : 0.0
    }, {
      "x" : -12.537383,
      "y" : 4.512461,
      "z" : 0.0
    } ],
    "faces" : [ {
      "vertices" : [ 0, 1, 2 ]
    }, {
      "vertices" : [ 0, 2, 3 ]
    }, {
      "vertices" : [ 0, 3, 4 ]
    }, {
      "vertices" : [ 0, 4, 3 ]
    }, {
      "vertices" : [ 0, 3, 2 ]
    }, {
      "vertices" : [ 0, 2, 1 ]
    } ]
  }, {
    "id" : "2c37a6e6-bb9e-4302-9641-22b3b9f3547e",
    "vertices" : [ {
      "x" : 1.0,
      "y" : 0.309017,
      "z" : 0.19098301
    }, {
      "x" : 1.0,
      "y" : -0.309017,
      "z" : 0.19098301
    }, {
      "x" : 7.813777,
      "y" : -0.309017,
      "z" : 0.19098301
    }, {
      "x" : 7.813777,
      "y" : 0.309017,
      "z" : 0.19098301
    }, {
      "x" : 7.813777,
      "y" : -0.309017,
      "z" : -0.19098301
    }, {
      "x" : 7.813777,
      "y" : 0.309017,
      "z" : -0.19098301
    }, {
      "x" : 8.43181,
      "y" : 0.0,
      "z" : 0.0
    }, {
      "x" : 0.38196602,
      "y" : 0.0,
      "z" : 0.0
    }, {
      "x" : 1.0,
      "y" : 0.309017,
      "z" : -0.19098301
    }, {
      "x" : 1.0,
      "y" : -0.309017,
      "z" : -0.19098301
    }, {
      "x" : 8.813777,
      "y" : 0.0,
      "z" : 0.0
    } ],
    "faces" : [ {
      "vertices" : [ 1, 9, 4 ]
    }, {
      "vertices" : [ 1, 4, 2 ]
    }, {
      "vertices" : [ 0, 3, 5 ]
    }, {
      "vertices" : [ 0, 5, 8 ]
    }, {
      "vertices" : [ 1, 7, 9 ]
    }, {
      "vertices" : [ 0, 1, 2 ]
    }, {
      "vertices" : [ 0, 2, 3 ]
    }, {
      "vertices" : [ 7, 8, 9 ]
    }, {
      "vertices" : [ 0, 7, 1 ]
    }, {
      "vertices" : [ 4, 9, 8 ]
    }, {
      "vertices" : [ 4, 8, 5 ]
    }, {
      "vertices" : [ 2, 6, 3 ]
    }, {
      "vertices" : [ 2, 4, 6 ]
    }, {
      "vertices" : [ 3, 6, 5 ]
    }, {
      "vertices" : [ 4, 5, 6 ]
    }, {
      "vertices" : [ 0, 8, 7 ]
    } ]
  }, {
    "id" : "b7faa09c-6642-4c09-ad38-06e40e8399f2",
    "vertices" : [ {
      "x" : -2.618034,
      "y" : 0.0,
      "z" : -1.0
    }, {
      "x" : -2.618034,
      "y" : 0.0,
      "z" : 1.0
    }, {
      "x" : -9.472136,
      "y" : 4.236068,
      "z" : 1.0
    }, {
      "x" : -9.472136,
      "y" : 4.236068,
      "z" : -1.0
    } ],
    "faces" : [ {
      "vertices" : [ 0, 1, 2 ]
    }, {
      "vertices" : [ 0, 2, 3 ]
    }, {
      "vertices" : [ 0, 3, 2 ]
    }, {
      "vertices" : [ 0, 2, 1 ]
    } ]
  }, {
    "id" : "68d4fd3d-9c8e-439b-b1ed-5b72c2ceb0f9",
    "vertices" : [ {
      "x" : 2.618034,
      "y" : 0.0,
      "z" : 1.0
    }, {
      "x" : 1.618034,
      "y" : 1.618034,
      "z" : 1.618034
    }, {
      "x" : 5.854102,
      "y" : 1.618034,
      "z" : 8.472136
    }, {
      "x" : 6.854102,
      "y" : 0.0,
      "z" : 7.854102
    } ],
    "faces" : [ {
      "vertices" : [ 0, 1, 2 ]
    }, {
      "vertices" : [ 0, 2, 3 ]
    }, {
      "vertices" : [ 0, 3, 2 ]
    }, {
      "vertices" : [ 0, 2, 1 ]
    } ]
  }, {
    "id" : "eb109aaf-de52-45fd-8da5-2b3536cd4670",
    "vertices" : [ {
      "x" : -6.130495,
      "y" : -2.618034,
      "z" : -11.537383
    }, {
      "x" : -7.0249224,
      "y" : -2.618034,
      "z" : -9.748529
    }, {
      "x" : -2.618034,
      "y" : -9.748529,
      "z" : -7.0249224
    }, {
      "x" : -1.618034,
      "y" : -9.91935,
      "z" : -8.748529
    } ],
    "faces" : [ {
      "vertices" : [ 0, 1, 2 ]
    }, {
      "vertices" : [ 0, 2, 3 ]
    }, {
      "vertices" : [ 0, 3, 2 ]
    }, {
      "vertices" : [ 0, 2, 1 ]
    } ]
  }, {
    "id" : "52705fa3-97fc-46fe-92c8-a943b95c2f90",
    "vertices" : [ {
      "x" : -2.618034,
      "y" : 0.0,
      "z" : 1.0
    }, {
      "x" : -2.618034,
      "y" : 0.0,
      "z" : -1.0
    }, {
      "x" : -9.472136,
      "y" : -4.236068,
      "z" : -1.0
    }, {
      "x" : -9.472136,
      "y" : -4.236068,
      "z" : 1.0
    } ],
    "faces" : [ {
      "vertices" : [ 0, 1, 2 ]
    }, {
      "vertices" : [ 0, 2, 3 ]
    }, {
      "vertices" : [ 0, 3, 2 ]
    }, {
      "vertices" : [ 0, 2, 1 ]
    } ]
  }, {
    "id" : "0c197f4f-2a05-48f4-a81e-cb9beda5a159",
    "vertices" : [ {
      "x" : -12.537383,
      "y" : -4.512461,
      "z" : 0.0
    }, {
      "x" : -11.366563,
      "y" : -4.4068885,
      "z" : -1.618034
    }, {
      "x" : -11.366563,
      "y" : 4.4068885,
      "z" : -1.618034
    }, {
      "x" : -12.537383,
      "y" : 4.512461,
      "z" : 0.0
    } ],
    "faces" : [ {
      "vertices" : [ 0, 1, 2 ]
    }, {
      "vertices" : [ 0, 2, 3 ]
    }, {
      "vertices" : [ 0, 3, 2 ]
    }, {
      "vertices" : [ 0, 2, 1 ]
    } ]
  }, {
    "id" : "c15a58b9-67dd-438e-ba8b-4b21976620b9",
    "vertices" : [ {
      "x" : 7.0249224,
      "y" : 2.618034,
      "z" : -9.748529
    }, {
      "x" : 5.854102,
      "y" : 1.618034,
      "z" : -8.472136
    }, {
      "x" : 1.618034,
      "y" : 8.472136,
      "z" : -5.854102
    }, {
      "x" : 2.618034,
      "y" : 9.748529,
      "z" : -7.0249224
    } ],
    "faces" : [ {
      "vertices" : [ 0, 1, 2 ]
    }, {
      "vertices" : [ 0, 2, 3 ]
    }, {
      "vertices" : [ 0, 3, 2 ]
    }, {
      "vertices" : [ 0, 2, 1 ]
    } ]
  }, {
    "id" : "802d255f-d3ee-42ec-9100-3009cf89bff3",
    "vertices" : [ {
      "x" : 1.0,
      "y" : 0.309017,
      "z" : 0.19098301
    }, {
      "x" : 1.0,
      "y" : -0.309017,
      "z" : 0.19098301
    }, {
      "x" : 8.024922,
      "y" : -0.309017,
      "z" : 0.19098301
    }, {
      "x" : 8.024922,
      "y" : 0.309017,
      "z" : 0.19098301
    }, {
      "x" : 8.024922,
      "y" : -0.309017,
      "z" : -0.19098301
    }, {
      "x" : 8.024922,
      "y" : 0.309017,
      "z" : -0.19098301
    }, {
      "x" : 8.642957,
      "y" : 0.0,
      "z" : 0.0
    }, {
      "x" : 0.38196602,
      "y" : 0.0,
      "z" : 0.0
    }, {
      "x" : 1.0,
      "y" : 0.309017,
      "z" : -0.19098301
    }, {
      "x" : 1.0,
      "y" : -0.309017,
      "z" : -0.19098301
    }, {
      "x" : 9.024922,
      "y" : 0.0,
      "z" : 0.0
    } ],
    "faces" : [ {
      "vertices" : [ 1, 9, 4 ]
    }, {
      "vertices" : [ 1, 4, 2 ]
    }, {
      "vertices" : [ 0, 3, 5 ]
    }, {
      "vertices" : [ 0, 5, 8 ]
    }, {
      "vertices" : [ 1, 7, 9 ]
    }, {
      "vertices" : [ 0, 1, 2 ]
    }, {
      "vertices" : [ 0, 2, 3 ]
    }, {
      "vertices" : [ 7, 8, 9 ]
    }, {
      "vertices" : [ 0, 7, 1 ]
    }, {
      "vertices" : [ 4, 9, 8 ]
    }, {
      "vertices" : [ 4, 8, 5 ]
    }, {
      "vertices" : [ 2, 6, 3 ]
    }, {
      "vertices" : [ 2, 4, 6 ]
    }, {
      "vertices" : [ 3, 6, 5 ]
    }, {
      "vertices" : [ 4, 5, 6 ]
    }, {
      "vertices" : [ 0, 8, 7 ]
    } ]
  }, {
    "id" : "fe114d05-df8c-4b3e-bf6d-4990491e6609",
    "vertices" : [ {
      "x" : 1.618034,
      "y" : -1.618034,
      "z" : -1.618034
    }, {
      "x" : 0.0,
      "y" : -1.0,
      "z" : -2.618034
    }, {
      "x" : 4.236068,
      "y" : -1.0,
      "z" : -9.472136
    }, {
      "x" : 5.854102,
      "y" : -1.618034,
      "z" : -8.472136
    } ],
    "faces" : [ {
      "vertices" : [ 0, 1, 2 ]
    }, {
      "vertices" : [ 0, 2, 3 ]
    }, {
      "vertices" : [ 0, 3, 2 ]
    }, {
      "vertices" : [ 0, 2, 1 ]
    } ]
  }, {
    "id" : "01ddaf32-1707-48f3-b889-58d716bbff3e",
    "vertices" : [ {
      "x" : 1.618034,
      "y" : 1.618034,
      "z" : -1.618034
    }, {
      "x" : 1.0,
      "y" : 2.618034,
      "z" : 0.0
    }, {
      "x" : 7.854102,
      "y" : 6.854102,
      "z" : 0.0
    }, {
      "x" : 8.472136,
      "y" : 5.854102,
      "z" : -1.618034
    } ],
    "faces" : [ {
      "vertices" : [ 0, 1, 2 ]
    }, {
      "vertices" : [ 0, 2, 3 ]
    }, {
      "vertices" : [ 0, 3, 2 ]
    }, {
      "vertices" : [ 0, 2, 1 ]
    } ]
  }, {
    "id" : "b6a6da92-ffe9-4fa0-8070-d59e83604da0",
    "vertices" : [ {
      "x" : 0.0,
      "y" : -1.0,
      "z" : 2.618034
    }, {
      "x" : 1.618034,
      "y" : -1.618034,
      "z" : 1.618034
    }, {
      "x" : 5.854102,
      "y" : -1.618034,
      "z" : 8.472136
    }, {
      "x" : 4.236068,
      "y" : -1.0,
      "z" : 9.472136
    } ],
    "faces" : [ {
      "vertices" : [ 0, 1, 2 ]
    }, {
      "vertices" : [ 0, 2, 3 ]
    }, {
      "vertices" : [ 0, 3, 2 ]
    }, {
      "vertices" : [ 0, 2, 1 ]
    } ]
  }, {
    "id" : "8072f808-539a-4560-97cf-2ea6266c4019",
    "vertices" : [ {
      "x" : -1.618034,
      "y" : -1.618034,
      "z" : -1.618034
    }, {
      "x" : 0.0,
      "y" : -1.0,
      "z" : -2.618034
    }, {
      "x" : 0.0,
      "y" : -7.854102,
      "z" : -6.854102
    }, {
      "x" : -1.618034,
      "y" : -8.472136,
      "z" : -5.854102
    } ],
    "faces" : [ {
      "vertices" : [ 0, 1, 2 ]
    }, {
      "vertices" : [ 0, 2, 3 ]
    }, {
      "vertices" : [ 0, 3, 2 ]
    }, {
      "vertices" : [ 0, 2, 1 ]
    } ]
  }, {
    "id" : "b15faf6c-f560-4f4a-abfa-acb14224c76f",
    "vertices" : [ {
      "x" : 4.512461,
      "y" : 0.0,
      "z" : 12.537383
    }, {
      "x" : 4.4068885,
      "y" : -1.618034,
      "z" : 11.366563
    }, {
      "x" : -4.4068885,
      "y" : -1.618034,
      "z" : 11.366563
    }, {
      "x" : -4.512461,
      "y" : 0.0,
      "z" : 12.537383
    } ],
    "faces" : [ {
      "vertices" : [ 0, 1, 2 ]
    }, {
      "vertices" : [ 0, 2, 3 ]
    }, {
      "vertices" : [ 0, 3, 2 ]
    }, {
      "vertices" : [ 0, 2, 1 ]
    } ]
  }, {
    "id" : "55b639e9-d874-465c-a250-081084416121",
    "vertices" : [ {
      "x" : 9.748529,
      "y" : 7.0249224,
      "z" : 2.618034
    }, {
      "x" : 8.472136,
      "y" : 5.854102,
      "z" : 1.618034
    }, {
      "x" : 1.618034,
      "y" : 8.472136,
      "z" : 5.854102
    }, {
      "x" : 2.618034,
      "y" : 9.748529,
      "z" : 7.0249224
    } ],
    "faces" : [ {
      "vertices" : [ 0, 1, 2 ]
    }, {
      "vertices" : [ 0, 2, 3 ]
    }, {
      "vertices" : [ 0, 3, 2 ]
    }, {
      "vertices" : [ 0, 2, 1 ]
    } ]
  }, {
    "id" : "1f5f99f9-cf67-475a-a434-1645f0d1bef3",
    "vertices" : [ {
      "x" : -2.618034,
      "y" : -9.748529,
      "z" : 7.0249224
    }, {
      "x" : -1.618034,
      "y" : -8.472136,
      "z" : 5.854102
    }, {
      "x" : -5.854102,
      "y" : -1.618034,
      "z" : 8.472136
    }, {
      "x" : -7.0249224,
      "y" : -2.618034,
      "z" : 9.748529
    } ],
    "faces" : [ {
      "vertices" : [ 0, 1, 2 ]
    }, {
      "vertices" : [ 0, 2, 3 ]
    }, {
      "vertices" : [ 0, 3, 2 ]
    }, {
      "vertices" : [ 0, 2, 1 ]
    } ]
  }, {
    "id" : "25b1ec87-20d9-4b67-bf61-7c1127d27e52",
    "vertices" : [ {
      "x" : 0.0,
      "y" : 1.0,
      "z" : 2.618034
    }, {
      "x" : 0.0,
      "y" : -1.0,
      "z" : 2.618034
    }, {
      "x" : 4.236068,
      "y" : -1.0,
      "z" : 9.472136
    }, {
      "x" : 4.236068,
      "y" : 1.0,
      "z" : 9.472136
    } ],
    "faces" : [ {
      "vertices" : [ 0, 1, 2 ]
    }, {
      "vertices" : [ 0, 2, 3 ]
    }, {
      "vertices" : [ 0, 3, 2 ]
    }, {
      "vertices" : [ 0, 2, 1 ]
    } ]
  }, {
    "id" : "ffa36ed2-a14d-4fa2-b60e-d6c7d62f5bcf",
    "vertices" : [ {
      "x" : -1.618034,
      "y" : -1.618034,
      "z" : 1.618034
    }, {
      "x" : 0.0,
      "y" : -1.0,
      "z" : 2.618034
    }, {
      "x" : -4.236068,
      "y" : -1.0,
      "z" : 9.472136
    }, {
      "x" : -5.854102,
      "y" : -1.618034,
      "z" : 8.472136
    } ],
    "faces" : [ {
      "vertices" : [ 0, 1, 2 ]
    }, {
      "vertices" : [ 0, 2, 3 ]
    }, {
      "vertices" : [ 0, 3, 2 ]
    }, {
      "vertices" : [ 0, 2, 1 ]
    } ]
  }, {
    "id" : "bcf54ba3-19e8-42a7-92d2-c3b73458994a",
    "vertices" : [ {
      "x" : -2.618034,
      "y" : 0.0,
      "z" : -1.0
    }, {
      "x" : -1.618034,
      "y" : 1.618034,
      "z" : -1.618034
    }, {
      "x" : -5.854102,
      "y" : 1.618034,
      "z" : -8.472136
    }, {
      "x" : -6.854102,
      "y" : 0.0,
      "z" : -7.854102
    } ],
    "faces" : [ {
      "vertices" : [ 0, 1, 2 ]
    }, {
      "vertices" : [ 0, 2, 3 ]
    }, {
      "vertices" : [ 0, 3, 2 ]
    }, {
      "vertices" : [ 0, 2, 1 ]
    } ]
  }, {
    "id" : "bd7f443b-36f3-4637-8a21-089c8debde6c",
    "vertices" : [ {
      "x" : 0.0,
      "y" : -1.0,
      "z" : 2.618034
    }, {
      "x" : -1.618034,
      "y" : -1.618034,
      "z" : 1.618034
    }, {
      "x" : -1.618034,
      "y" : -8.472136,
      "z" : 5.854102
    }, {
      "x" : 0.0,
      "y" : -7.854102,
      "z" : 6.854102
    } ],
    "faces" : [ {
      "vertices" : [ 0, 1, 2 ]
    }, {
      "vertices" : [ 0, 2, 3 ]
    }, {
      "vertices" : [ 0, 3, 2 ]
    }, {
      "vertices" : [ 0, 2, 1 ]
    } ]
  }, {
    "id" : "ca5b8381-d388-4a96-86b7-b606d4c76aa7",
    "vertices" : [ {
      "x" : -9.748529,
      "y" : -7.0249224,
      "z" : -2.618034
    }, {
      "x" : -8.472136,
      "y" : -5.854102,
      "z" : -1.618034
    }, {
      "x" : -5.854102,
      "y" : -1.618034,
      "z" : -8.472136
    }, {
      "x" : -7.0249224,
      "y" : -2.618034,
      "z" : -9.748529
    } ],
    "faces" : [ {
      "vertices" : [ 0, 1, 2 ]
    }, {
      "vertices" : [ 0, 2, 3 ]
    }, {
      "vertices" : [ 0, 3, 2 ]
    }, {
      "vertices" : [ 0, 2, 1 ]
    } ]
  }, {
    "id" : "bbf872ef-7c50-4fea-9307-b9207801f0f0",
    "vertices" : [ {
      "x" : 1.618034,
      "y" : -9.91935,
      "z" : -8.748529
    }, {
      "x" : 2.618034,
      "y" : -9.748529,
      "z" : -7.0249224
    }, {
      "x" : 7.0249224,
      "y" : -2.618034,
      "z" : -9.748529
    }, {
      "x" : 6.130495,
      "y" : -2.618034,
      "z" : -11.537383
    } ],
    "faces" : [ {
      "vertices" : [ 0, 1, 2 ]
    }, {
      "vertices" : [ 0, 2, 3 ]
    }, {
      "vertices" : [ 0, 3, 2 ]
    }, {
      "vertices" : [ 0, 2, 1 ]
    } ]
  }, {
    "id" : "4edc28ef-8399-42a6-9ec7-d07a8e8ba24d",
    "vertices" : [ {
      "x" : 11.366563,
      "y" : -4.4068885,
      "z" : 1.618034
    }, {
      "x" : 9.472136,
      "y" : -4.236068,
      "z" : 1.0
    }, {
      "x" : 9.472136,
      "y" : 4.236068,
      "z" : 1.0
    }, {
      "x" : 11.366563,
      "y" : 4.4068885,
      "z" : 1.618034
    } ],
    "faces" : [ {
      "vertices" : [ 0, 1, 2 ]
    }, {
      "vertices" : [ 0, 2, 3 ]
    }, {
      "vertices" : [ 0, 3, 2 ]
    }, {
      "vertices" : [ 0, 2, 1 ]
    } ]
  }, {
    "id" : "7402068e-40e2-4c44-a6d8-150b4549906c",
    "vertices" : [ {
      "x" : -11.537383,
      "y" : -6.130495,
      "z" : 2.618034
    }, {
      "x" : -11.366563,
      "y" : -4.4068885,
      "z" : 1.618034
    }, {
      "x" : -8.642957,
      "y" : 0.0,
      "z" : 8.748529
    }, {
      "x" : -8.748529,
      "y" : -1.618034,
      "z" : 9.91935
    } ],
    "faces" : [ {
      "vertices" : [ 0, 1, 2 ]
    }, {
      "vertices" : [ 0, 2, 3 ]
    }, {
      "vertices" : [ 0, 3, 2 ]
    }, {
      "vertices" : [ 0, 2, 1 ]
    } ]
  }, {
    "id" : "a424fad8-f084-4442-afad-d2031c0f22b9",
    "vertices" : [ {
      "x" : 4.4068885,
      "y" : -1.618034,
      "z" : -11.366563
    }, {
      "x" : 6.130495,
      "y" : -2.618034,
      "z" : -11.537383
    }, {
      "x" : 7.301316,
      "y" : -1.618034,
      "z" : -12.813777
    }, {
      "x" : 6.301316,
      "y" : 0.0,
      "z" : -13.43181
    }, {
      "x" : 4.512461,
      "y" : 0.0,
      "z" : -12.537383
    } ],
    "faces" : [ {
      "vertices" : [ 0, 1, 2 ]
    }, {
      "vertices" : [ 0, 2, 3 ]
    }, {
      "vertices" : [ 0, 3, 4 ]
    }, {
      "vertices" : [ 0, 4, 3 ]
    }, {
      "vertices" : [ 0, 3, 2 ]
    }, {
      "vertices" : [ 0, 2, 1 ]
    } ]
  }, {
    "id" : "31f4ddb1-aaaf-400b-a063-0349d87652ec",
    "vertices" : [ {
      "x" : 0.0,
      "y" : 1.0,
      "z" : -2.618034
    }, {
      "x" : 0.0,
      "y" : -1.0,
      "z" : -2.618034
    }, {
      "x" : -4.236068,
      "y" : -1.0,
      "z" : -9.472136
    }, {
      "x" : -4.236068,
      "y" : 1.0,
      "z" : -9.472136
    } ],
    "faces" : [ {
      "vertices" : [ 0, 1, 2 ]
    }, {
      "vertices" : [ 0, 2, 3 ]
    }, {
      "vertices" : [ 0, 3, 2 ]
    }, {
      "vertices" : [ 0, 2, 1 ]
    } ]
  }, {
    "id" : "ef878440-cd8b-4bf7-84cb-c8d16e14fc43",
    "vertices" : [ {
      "x" : 2.618034,
      "y" : 0.0,
      "z" : 1.0
    }, {
      "x" : 2.618034,
      "y" : 0.0,
      "z" : -1.0
    }, {
      "x" : 9.472136,
      "y" : 4.236068,
      "z" : -1.0
    }, {
      "x" : 9.472136,
      "y" : 4.236068,
      "z" : 1.0
    } ],
    "faces" : [ {
      "vertices" : [ 0, 1, 2 ]
    }, {
      "vertices" : [ 0, 2, 3 ]
    }, {
      "vertices" : [ 0, 3, 2 ]
    }, {
      "vertices" : [ 0, 2, 1 ]
    } ]
  }, {
    "id" : "6e0c3e61-c17a-40a6-bcb7-18150726fa0a",
    "vertices" : [ {
      "x" : 11.537383,
      "y" : 6.130495,
      "z" : -2.618034
    }, {
      "x" : 9.748529,
      "y" : 7.0249224,
      "z" : -2.618034
    }, {
      "x" : 7.0249224,
      "y" : 2.618034,
      "z" : -9.748529
    }, {
      "x" : 8.748529,
      "y" : 1.618034,
      "z" : -9.91935
    } ],
    "faces" : [ {
      "vertices" : [ 0, 1, 2 ]
    }, {
      "vertices" : [ 0, 2, 3 ]
    }, {
      "vertices" : [ 0, 3, 2 ]
    }, {
      "vertices" : [ 0, 2, 1 ]
    } ]
  }, {
    "id" : "ebb3bbf0-e217-4003-8cbb-70ade40a286d",
    "vertices" : [ {
      "x" : 0.0,
      "y" : 12.537383,
      "z" : 4.512461
    }, {
      "x" : -1.618034,
      "y" : 11.366563,
      "z" : 4.4068885
    }, {
      "x" : -1.618034,
      "y" : 11.366563,
      "z" : -4.4068885
    }, {
      "x" : 0.0,
      "y" : 12.537383,
      "z" : -4.512461
    } ],
    "faces" : [ {
      "vertices" : [ 0, 1, 2 ]
    }, {
      "vertices" : [ 0, 2, 3 ]
    }, {
      "vertices" : [ 0, 3, 2 ]
    }, {
      "vertices" : [ 0, 2, 1 ]
    } ]
  }, {
    "id" : "8a01585e-c092-4db5-9c5b-afe864b48036",
    "vertices" : [ {
      "x" : -1.618034,
      "y" : 1.618034,
      "z" : -1.618034
    }, {
      "x" : -1.0,
      "y" : 2.618034,
      "z" : 0.0
    }, {
      "x" : -1.0,
      "y" : 9.472136,
      "z" : -4.236068
    }, {
      "x" : -1.618034,
      "y" : 8.472136,
      "z" : -5.854102
    } ],
    "faces" : [ {
      "vertices" : [ 0, 1, 2 ]
    }, {
      "vertices" : [ 0, 2, 3 ]
    }, {
      "vertices" : [ 0, 3, 2 ]
    }, {
      "vertices" : [ 0, 2, 1 ]
    } ]
  }, {
    "id" : "33664565-530c-4847-b620-ea6c65fe8ac0",
    "vertices" : [ {
      "x" : 0.0,
      "y" : 1.0,
      "z" : 2.618034
    }, {
      "x" : -1.618034,
      "y" : 1.618034,
      "z" : 1.618034
    }, {
      "x" : -5.854102,
      "y" : 1.618034,
      "z" : 8.472136
    }, {
      "x" : -4.236068,
      "y" : 1.0,
      "z" : 9.472136
    } ],
    "faces" : [ {
      "vertices" : [ 0, 1, 2 ]
    }, {
      "vertices" : [ 0, 2, 3 ]
    }, {
      "vertices" : [ 0, 3, 2 ]
    }, {
      "vertices" : [ 0, 2, 1 ]
    } ]
  }, {
    "id" : "8fa03b1d-1c50-4f19-9300-dbe6faab2120",
    "vertices" : [ {
      "x" : -8.748529,
      "y" : -1.618034,
      "z" : -9.91935
    }, {
      "x" : -8.642957,
      "y" : 0.0,
      "z" : -8.748529
    }, {
      "x" : -11.366563,
      "y" : -4.4068885,
      "z" : -1.618034
    }, {
      "x" : -11.537383,
      "y" : -6.130495,
      "z" : -2.618034
    } ],
    "faces" : [ {
      "vertices" : [ 0, 1, 2 ]
    }, {
      "vertices" : [ 0, 2, 3 ]
    }, {
      "vertices" : [ 0, 3, 2 ]
    }, {
      "vertices" : [ 0, 2, 1 ]
    } ]
  }, {
    "id" : "31fa8963-bcd6-4db7-9574-76786449a347",
    "vertices" : [ {
      "x" : 8.748529,
      "y" : -1.618034,
      "z" : -9.91935
    }, {
      "x" : 7.0249224,
      "y" : -2.618034,
      "z" : -9.748529
    }, {
      "x" : 9.748529,
      "y" : -7.0249224,
      "z" : -2.618034
    }, {
      "x" : 11.537383,
      "y" : -6.130495,
      "z" : -2.618034
    } ],
    "faces" : [ {
      "vertices" : [ 0, 1, 2 ]
    }, {
      "vertices" : [ 0, 2, 3 ]
    }, {
      "vertices" : [ 0, 3, 2 ]
    }, {
      "vertices" : [ 0, 2, 1 ]
    } ]
  }, {
    "id" : "48c62fe8-8c60-4091-97ba-c21d15c24fe4",
    "vertices" : [ {
      "x" : 8.472136,
      "y" : -5.854102,
      "z" : 1.618034
    }, {
      "x" : 7.854102,
      "y" : -6.854102,
      "z" : 0.0
    }, {
      "x" : 1.0,
      "y" : -9.472136,
      "z" : 4.236068
    }, {
      "x" : 1.618034,
      "y" : -8.472136,
      "z" : 5.854102
    } ],
    "faces" : [ {
      "vertices" : [ 0, 1, 2 ]
    }, {
