{
  "field" : "golden",
  "symmetry" : "icosahedral",
  "orientations" : [ [ 1.0, 0.0, 0.0, 0.0, 0.0, 1.0, 0.0, 0.0, 0.0, 0.0, 1.0, 0.0, 0.0, 0.0, 0.0, 1.0 ], [ 0.0, 0.0, 1.0, 0.0, 1.0, 0.0, 0.0, 0.0, 0.0, 1.0, 0.0, 0.0, 0.0, 0.0, 0.0, 1.0 ], [ 0.0, 1.0, 0.0, 0.0, 0.0, 0.0, 1.0, 0.0, 1.0, 0.0, 0.0, 0.0, 0.0, 0.0, 0.0, 1.0 ], [ 0.809017, 0.309017, 0.5, 0.0, 0.309017, 0.5, -0.809017, 0.0, -0.5, 0.809017, 0.309017, 0.0, 0.0, 0.0, 0.0, 1.0 ], [ -0.5, 0.809017, 0.309017, 0.0, 0.809017, 0.309017, 0.5, 0.0, 0.309017, 0.5, -0.809017, 0.0, 0.0, 0.0, 0.0, 1.0 ], [ 0.309017, 0.5, -0.809017, 0.0, -0.5, 0.809017, 0.309017, 0.0, 0.809017, 0.309017, 0.5, 0.0, 0.0, 0.0, 0.0, 1.0 ], [ 0.5, 0.809017, 0.309017, 0.0, 0.809017, -0.309017, -0.5, 0.0, -0.309017, 0.5, -0.809017, 0.0, 0.0, 0.0, 0.0, 1.0 ], [ -0.309017, 0.5, -0.809017, 0.0, 0.5, 0.809017, 0.309017, 0.0, 0.809017, -0.309017, -0.5, 0.0, 0.0, 0.0, 0.0, 1.0 ], [ 0.809017, -0.309017, -0.5, 0.0, -0.309017, 0.5, -0.809017, 0.0, 0.5, 0.809017, 0.309017, 0.0, 0.0, 0.0, 0.0, 1.0 ], [ 0.5, 0.809017, -0.309017, 0.0, 0.809017, -0.309017, 0.5, 0.0, 0.309017, -0.5, -0.809017, 0.0, 0.0, 0.0, 0.0, 1.0 ], [ 0.309017, -0.5, -0.809017, 0.0, 0.5, 0.809017, -0.309017, 0.0, 0.809017, -0.309017, 0.5, 0.0, 0.0, 0.0, 0.0, 1.0 ], [ 0.809017, -0.309017, 0.5, 0.0, 0.309017, -0.5, -0.809017, 0.0, 0.5, 0.809017, -0.309017, 0.0, 0.0, 0.0, 0.0, 1.0 ], [ 0.809017, 0.309017, -0.5, 0.0, 0.309017, 0.5, 0.809017, 0.0, 0.5, -0.809017, 0.309017, 0.0, 0.0, 0.0, 0.0, 1.0 ], [ 0.5, -0.809017, 0.309017, 0.0, 0.809017, 0.309017, -0.5, 0.0, 0.309017, 0.5, 0.809017, 0.0, 0.0, 0.0, 0.0, 1.0 ], [ 0.309017, 0.5, 0.809017, 0.0, 0.5, -0.809017, 0.309017, 0.0, 0.809017, 0.309017, -0.5, 0.0, 0.0, 0.0, 0.0, 1.0 ], [ 1.0, 0.0, 0.0, 0.0, 0.0, -1.0, 0.0, 0.0, 0.0, 0.0, -1.0, 0.0, 0.0, 0.0, 0.0, 1.0 ], [ 0.0, 0.0, 1.0, 0.0, -1.0, 0.0, 0.0, 0.0, 0.0, -1.0, 0.0, 0.0, 0.0, 0.0, 0.0, 1.0 ], [ 0.0, 1.0, 0.0, 0.0, 0.0, 0.0, -1.0, 0.0, -1.0, 0.0, 0.0, 0.0, 0.0, 0.0, 0.0, 1.0 ], [ 0.809017, 0.309017, 0.5, 0.0, -0.309017, -0.5, 0.809017, 0.0, 0.5, -0.809017, -0.309017, 0.0, 0.0, 0.0, 0.0, 1.0 ], [ -0.5, 0.809017, 0.309017, 0.0, -0.809017, -0.309017, -0.5, 0.0, -0.309017, -0.5, 0.809017, 0.0, 0.0, 0.0, 0.0, 1.0 ], [ 0.309017, 0.5, -0.809017, 0.0, 0.5, -0.809017, -0.309017, 0.0, -0.809017, -0.309017, -0.5, 0.0, 0.0, 0.0, 0.0, 1.0 ], [ 0.5, 0.809017, 0.309017, 0.0, -0.809017, 0.309017, 0.5, 0.0, 0.309017, -0.5, 0.809017, 0.0, 0.0, 0.0, 0.0, 1.0 ], [ -0.309017, 0.5, -0.809017, 0.0, -0.5, -0.809017, -0.309017, 0.0, -0.809017, 0.309017, 0.5, 0.0, 0.0, 0.0, 0.0, 1.0 ], [ 0.809017, -0.309017, -0.5, 0.0, 0.309017, -0.5, 0.809017, 0.0, -0.5, -0.809017, -0.309017, 0.0, 0.0, 0.0, 0.0, 1.0 ], [ 0.5, 0.809017, -0.309017, 0.0, -0.809017, 0.309017, -0.5, 0.0, -0.309017, 0.5, 0.809017, 0.0, 0.0, 0.0, 0.0, 1.0 ], [ 0.309017, -0.5, -0.809017, 0.0, -0.5, -0.809017, 0.309017, 0.0, -0.809017, 0.309017, -0.5, 0.0, 0.0, 0.0, 0.0, 1.0 ], [ 0.809017, -0.309017, 0.5, 0.0, -0.309017, 0.5, 0.809017, 0.0, -0.5, -0.809017, 0.309017, 0.0, 0.0, 0.0, 0.0, 1.0 ], [ 0.809017, 0.309017, -0.5, 0.0, -0.309017, -0.5, -0.809017, 0.0, -0.5, 0.809017, -0.309017, 0.0, 0.0, 0.0, 0.0, 1.0 ], [ 0.5, -0.809017, 0.309017, 0.0, -0.809017, -0.309017, 0.5, 0.0, -0.309017, -0.5, -0.809017, 0.0, 0.0, 0.0, 0.0, 1.0 ], [ 0.309017, 0.5, 0.809017, 0.0, -0.5, 0.809017, -0.309017, 0.0, -0.809017, -0.309017, 0.5, 0.0, 0.0, 0.0, 0.0, 1.0 ], [ -1.0, 0.0, 0.0, 0.0, 0.0, -1.0, 0.0, 0.0, 0.0, 0.0, 1.0, 0.0, 0.0, 0.0, 0.0, 1.0 ], [ 0.0, 0.0, -1.0, 0.0, -1.0, 0.0, 0.0, 0.0, 0.0, 1.0, 0.0, 0.0, 0.0, 0.0, 0.0, 1.0 ], [ 0.0, -1.0, 0.0, 0.0, 0.0, 0.0, -1.0, 0.0, 1.0, 0.0, 0.0, 0.0, 0.0, 0.0, 0.0, 1.0 ], [ -0.809017, -0.309017, -0.5, 0.0, -0.309017, -0.5, 0.809017, 0.0, -0.5, 0.809017, 0.309017, 0.0, 0.0, 0.0, 0.0, 1.0 ], [ 0.5, -0.809017, -0.309017, 0.0, -0.809017, -0.309017, -0.5, 0.0, 0.309017, 0.5, -0.809017, 0.0, 0.0, 0.0, 0.0, 1.0 ], [ -0.309017, -0.5, 0.809017, 0.0, 0.5, -0.809017, -0.309017, 0.0, 0.809017, 0.309017, 0.5, 0.0, 0.0, 0.0, 0.0, 1.0 ], [ -0.5, -0.809017, -0.309017, 0.0, -0.809017, 0.309017, 0.5, 0.0, -0.309017, 0.5, -0.809017, 0.0, 0.0, 0.0, 0.0, 1.0 ], [ 0.309017, -0.5, 0.809017, 0.0, -0.5, -0.809017, -0.309017, 0.0, 0.809017, -0.309017, -0.5, 0.0, 0.0, 0.0, 0.0, 1.0 ], [ -0.809017, 0.309017, 0.5, 0.0, 0.309017, -0.5, 0.809017, 0.0, 0.5, 0.809017, 0.309017, 0.0, 0.0, 0.0, 0.0, 1.0 ], [ -0.5, -0.809017, 0.309017, 0.0, -0.809017, 0.309017, -0.5, 0.0, 0.309017, -0.5, -0.809017, 0.0, 0.0, 0.0, 0.0, 1.0 ], [ -0.309017, 0.5, 0.809017, 0.0, -0.5, -0.809017, 0.309017, 0.0, 0.809017, -0.309017, 0.5, 0.0, 0.0, 0.0, 0.0, 1.0 ], [ -0.809017, 0.309017, -0.5, 0.0, -0.309017, 0.5, 0.809017, 0.0, 0.5, 0.809017, -0.309017, 0.0, 0.0, 0.0, 0.0, 1.0 ], [ -0.809017, -0.309017, 0.5, 0.0, -0.309017, -0.5, -0.809017, 0.0, 0.5, -0.809017, 0.309017, 0.0, 0.0, 0.0, 0.0, 1.0 ], [ -0.5, 0.809017, -0.309017, 0.0, -0.809017, -0.309017, 0.5, 0.0, 0.309017, 0.5, 0.809017, 0.0, 0.0, 0.0, 0.0, 1.0 ], [ -0.309017, -0.5, -0.809017, 0.0, -0.5, 0.809017, -0.309017, 0.0, 0.809017, 0.309017, -0.5, 0.0, 0.0, 0.0, 0.0, 1.0 ], [ -1.0, 0.0, 0.0, 0.0, 0.0, 1.0, 0.0, 0.0, 0.0, 0.0, -1.0, 0.0, 0.0, 0.0, 0.0, 1.0 ], [ 0.0, 0.0, -1.0, 0.0, 1.0, 0.0, 0.0, 0.0, 0.0, -1.0, 0.0, 0.0, 0.0, 0.0, 0.0, 1.0 ], [ 0.0, -1.0, 0.0, 0.0, 0.0, 0.0, 1.0, 0.0, -1.0, 0.0, 0.0, 0.0, 0.0, 0.0, 0.0, 1.0 ], [ -0.809017, -0.309017, -0.5, 0.0, 0.309017, 0.5, -0.809017, 0.0, 0.5, -0.809017, -0.309017, 0.0, 0.0, 0.0, 0.0, 1.0 ], [ 0.5, -0.809017, -0.309017, 0.0, 0.809017, 0.309017, 0.5, 0.0, -0.309017, -0.5, 0.809017, 0.0, 0.0, 0.0, 0.0, 1.0 ], [ -0.309017, -0.5, 0.809017, 0.0, -0.5, 0.809017, 0.309017, 0.0, -0.809017, -0.309017, -0.5, 0.0, 0.0, 0.0, 0.0, 1.0 ], [ -0.5, -0.809017, -0.309017, 0.0, 0.809017, -0.309017, -0.5, 0.0, 0.309017, -0.5, 0.809017, 0.0, 0.0, 0.0, 0.0, 1.0 ], [ 0.309017, -0.5, 0.809017, 0.0, 0.5, 0.809017, 0.309017, 0.0, -0.809017, 0.309017, 0.5, 0.0, 0.0, 0.0, 0.0, 1.0 ], [ -0.809017, 0.309017, 0.5, 0.0, -0.309017, 0.5, -0.809017, 0.0, -0.5, -0.809017, -0.309017, 0.0, 0.0, 0.0, 0.0, 1.0 ], [ -0.5, -0.809017, 0.309017, 0.0, 0.809017, -0.309017, 0.5, 0.0, -0.309017, 0.5, 0.809017, 0.0, 0.0, 0.0, 0.0, 1.0 ], [ -0.309017, 0.5, 0.809017, 0.0, 0.5, 0.809017, -0.309017, 0.0, -0.809017, 0.309017, -0.5, 0.0, 0.0, 0.0, 0.0, 1.0 ], [ -0.809017, 0.309017, -0.5, 0.0, 0.309017, -0.5, -0.809017, 0.0, -0.5, -0.809017, 0.309017, 0.0, 0.0, 0.0, 0.0, 1.0 ], [ -0.809017, -0.309017, 0.5, 0.0, 0.309017, 0.5, 0.809017, 0.0, -0.5, 0.809017, -0.309017, 0.0, 0.0, 0.0, 0.0, 1.0 ], [ -0.5, 0.809017, -0.309017, 0.0, 0.809017, 0.309017, -0.5, 0.0, -0.309017, -0.5, -0.809017, 0.0, 0.0, 0.0, 0.0, 1.0 ], [ -0.309017, -0.5, -0.809017, 0.0, 0.5, -0.809017, 0.309017, 0.0, -0.809017, -0.309017, 0.5, 0.0, 0.0, 0.0, 0.0, 1.0 ] ],
  "lights" : {
    "ambientColor" : "#292929",
    "backgroundColor" : "#AFC8DC",
    "directionalLights" : [ {
      "direction" : {
        "x" : 1.0,
        "y" : -1.0,
        "z" : -1.0
      },
      "color" : "#EBEBE4"
    }, {
      "direction" : {
        "x" : -1.0,
        "y" : 0.0,
        "z" : 0.0
      },
      "color" : "#E4E4EB"
    }, {
      "direction" : {
        "x" : 0.0,
        "y" : 0.0,
        "z" : -1.0
      },
      "color" : "#1E1E1E"
    } ]
  },
  "camera" : {
    "lookDirection" : {
      "x" : 0.0,
      "y" : 0.8506508,
      "z" : 0.5257311
    },
    "upDirection" : {
      "x" : 0.0,
      "y" : 0.5257311,
      "z" : -0.8506508
    },
    "lookAtPoint" : {
      "x" : 0.0,
      "y" : 0.0,
      "z" : 0.0
    },
    "viewDistance" : 307.62436,
    "nearClipDistance" : 0.7690605,
    "farClipDistance" : 615.2485,
    "fieldOfView" : 0.44262874,
    "perspective" : false,
    "width" : 138.43091,
    "stereo" : false,
    "position" : {
      "x" : 0.0,
      "y" : -261.6809,
      "z" : -161.72769
    }
  },
  "embedding" : [ 1.0, 0.0, 0.0, 0.0, 0.0, 1.0, 0.0, 0.0, 0.0, 0.0, 1.0, 0.0, 0.0, 0.0, 0.0, 1.0 ],
  "shapes" : [ {
    "id" : "88e3055c-c4b1-4d82-9129-d3651493f7be",
    "vertices" : [ {
      "x" : 0.309017,
      "y" : -0.309017,
      "z" : -0.309017
    }, {
      "x" : 0.5,
      "y" : 0.0,
      "z" : -0.19098301
    }, {
      "x" : 0.5,
      "y" : 0.0,
      "z" : 0.19098301
    }, {
      "x" : 0.309017,
      "y" : -0.309017,
      "z" : 0.309017
    }, {
      "x" : 0.19098301,
      "y" : -0.5,
      "z" : 0.0
    }, {
      "x" : 0.0,
      "y" : 0.19098301,
      "z" : 0.5
    }, {
      "x" : 0.0,
      "y" : -0.19098301,
      "z" : 0.5
    }, {
      "x" : 0.309017,
      "y" : 0.309017,
      "z" : 0.309017
    }, {
      "x" : -0.309017,
      "y" : -0.309017,
      "z" : 0.309017
    }, {
      "x" : -0.309017,
      "y" : 0.309017,
      "z" : 0.309017
    }, {
      "x" : -0.5,
      "y" : 0.0,
      "z" : 0.19098301
    }, {
      "x" : 0.0,
      "y" : -0.19098301,
      "z" : -0.5
    }, {
      "x" : 0.0,
      "y" : 0.19098301,
      "z" : -0.5
    }, {
      "x" : 0.309017,
      "y" : 0.309017,
      "z" : -0.309017
    }, {
      "x" : -0.309017,
      "y" : -0.309017,
      "z" : -0.309017
    }, {
      "x" : -0.19098301,
      "y" : -0.5,
      "z" : 0.0
    }, {
      "x" : -0.5,
      "y" : 0.0,
      "z" : -0.19098301
    }, {
      "x" : 0.19098301,
      "y" : 0.5,
      "z" : 0.0
    }, {
      "x" : -0.309017,
      "y" : 0.309017,
      "z" : -0.309017
    }, {
      "x" : 0.0,
      "y" : 0.0,
      "z" : 0.0
    }, {
      "x" : -0.19098301,
      "y" : 0.5,
      "z" : 0.0
    } ],
    "faces" : [ {
      "vertices" : [ 12, 18, 20 ]
    }, {
      "vertices" : [ 12, 20, 17 ]
    }, {
      "vertices" : [ 12, 17, 13 ]
    }, {
      "vertices" : [ 3, 6, 8 ]
    }, {
      "vertices" : [ 3, 8, 15 ]
    }, {
      "vertices" : [ 3, 15, 4 ]
    }, {
      "vertices" : [ 0, 11, 12 ]
    }, {
      "vertices" : [ 0, 12, 13 ]
    }, {
      "vertices" : [ 0, 13, 1 ]
    }, {
      "vertices" : [ 5, 9, 10 ]
    }, {
      "vertices" : [ 5, 10, 8 ]
    }, {
      "vertices" : [ 5, 8, 6 ]
    }, {
      "vertices" : [ 2, 7, 5 ]
    }, {
      "vertices" : [ 2, 5, 6 ]
    }, {
      "vertices" : [ 2, 6, 3 ]
    }, {
      "vertices" : [ 11, 14, 16 ]
    }, {
      "vertices" : [ 11, 16, 18 ]
    }, {
      "vertices" : [ 11, 18, 12 ]
    }, {
      "vertices" : [ 1, 13, 17 ]
    }, {
      "vertices" : [ 1, 17, 7 ]
    }, {
      "vertices" : [ 1, 7, 2 ]
    }, {
      "vertices" : [ 9, 20, 18 ]
    }, {
      "vertices" : [ 9, 18, 16 ]
    }, {
      "vertices" : [ 9, 16, 10 ]
    }, {
      "vertices" : [ 0, 1, 2 ]
    }, {
      "vertices" : [ 0, 2, 3 ]
    }, {
      "vertices" : [ 0, 3, 4 ]
    }, {
      "vertices" : [ 5, 7, 17 ]
    }, {
      "vertices" : [ 5, 17, 20 ]
    }, {
      "vertices" : [ 5, 20, 9 ]
    }, {
      "vertices" : [ 0, 4, 15 ]
    }, {
      "vertices" : [ 0, 15, 14 ]
    }, {
      "vertices" : [ 0, 14, 11 ]
    }, {
      "vertices" : [ 8, 10, 16 ]
    }, {
      "vertices" : [ 8, 16, 14 ]
    }, {
      "vertices" : [ 8, 14, 15 ]
    } ]
  }, {
    "id" : "d6fedfee-12ff-4ef5-a09b-0837aadd8c23",
    "vertices" : [ {
      "x" : -26.416409,
      "y" : -4.236068,
      "z" : -17.944271
    }, {
      "x" : -22.18034,
      "y" : -11.09017,
      "z" : -20.562305
    }, {
      "x" : -15.326238,
      "y" : -13.708204,
      "z" : -24.798374
    }, {
      "x" : -8.472136,
      "y" : -11.09017,
      "z" : -29.034441
    }, {
      "x" : -4.236068,
      "y" : -4.236068,
      "z" : -31.652475
    }, {
      "x" : -4.236068,
      "y" : 4.236068,
      "z" : -31.652475
    }, {
      "x" : -8.472136,
      "y" : 11.09017,
      "z" : -29.034441
    }, {
      "x" : -15.326238,
      "y" : 13.708204,
      "z" : -24.798374
    }, {
      "x" : -22.18034,
      "y" : 11.09017,
      "z" : -20.562305
    }, {
      "x" : -26.416409,
      "y" : 4.236068,
      "z" : -17.944271
    } ],
    "faces" : [ {
      "vertices" : [ 0, 1, 2 ]
    }, {
      "vertices" : [ 0, 2, 3 ]
    }, {
      "vertices" : [ 0, 3, 4 ]
    }, {
      "vertices" : [ 0, 4, 5 ]
    }, {
      "vertices" : [ 0, 5, 6 ]
    }, {
      "vertices" : [ 0, 6, 7 ]
    }, {
      "vertices" : [ 0, 7, 8 ]
    }, {
      "vertices" : [ 0, 8, 9 ]
    }, {
      "vertices" : [ 0, 9, 8 ]
    }, {
      "vertices" : [ 0, 8, 7 ]
    }, {
      "vertices" : [ 0, 7, 6 ]
    }, {
      "vertices" : [ 0, 6, 5 ]
    }, {
      "vertices" : [ 0, 5, 4 ]
    }, {
      "vertices" : [ 0, 4, 3 ]
    }, {
      "vertices" : [ 0, 3, 2 ]
    }, {
      "vertices" : [ 0, 2, 1 ]
    } ]
  }, {
    "id" : "5b2a03af-14f3-45df-9f9b-94e27c7f2843",
    "vertices" : [ {
      "x" : 1.0,
      "y" : 0.309017,
      "z" : 0.19098301
    }, {
      "x" : 1.0,
      "y" : -0.309017,
      "z" : 0.19098301
    }, {
      "x" : 7.472136,
      "y" : -0.309017,
      "z" : 0.19098301
    }, {
      "x" : 7.472136,
      "y" : 0.309017,
      "z" : 0.19098301
    }, {
      "x" : 7.472136,
      "y" : -0.309017,
      "z" : -0.19098301
    }, {
      "x" : 7.472136,
      "y" : 0.309017,
      "z" : -0.19098301
    }, {
      "x" : 8.09017,
      "y" : 0.0,
      "z" : 0.0
    }, {
      "x" : 0.38196602,
      "y" : 0.0,
      "z" : 0.0
    }, {
      "x" : 1.0,
      "y" : 0.309017,
      "z" : -0.19098301
    }, {
      "x" : 1.0,
      "y" : -0.309017,
      "z" : -0.19098301
    }, {
      "x" : 8.472136,
      "y" : 0.0,
      "z" : 0.0
    } ],
    "faces" : [ {
      "vertices" : [ 1, 9, 4 ]
    }, {
      "vertices" : [ 1, 4, 2 ]
    }, {
      "vertices" : [ 0, 3, 5 ]
    }, {
      "vertices" : [ 0, 5, 8 ]
    }, {
      "vertices" : [ 1, 7, 9 ]
    }, {
      "vertices" : [ 0, 1, 2 ]
    }, {
      "vertices" : [ 0, 2, 3 ]
    }, {
      "vertices" : [ 7, 8, 9 ]
    }, {
      "vertices" : [ 0, 7, 1 ]
    }, {
      "vertices" : [ 4, 9, 8 ]
    }, {
      "vertices" : [ 4, 8, 5 ]
    }, {
      "vertices" : [ 2, 6, 3 ]
    }, {
      "vertices" : [ 2, 4, 6 ]
    }, {
      "vertices" : [ 3, 6, 5 ]
    }, {
      "vertices" : [ 4, 5, 6 ]
    }, {
      "vertices" : [ 0, 8, 7 ]
    } ]
  }, {
    "id" : "61b7679b-c489-462a-93bb-578a83522891",
    "vertices" : [ {
      "x" : 4.236068,
      "y" : -17.944271,
      "z" : 26.416409
    }, {
      "x" : 8.472136,
      "y" : -11.09017,
      "z" : 29.034441
    }, {
      "x" : 15.326238,
      "y" : -13.708204,
      "z" : 24.798374
    }, {
      "x" : 11.09017,
      "y" : -20.562305,
      "z" : 22.18034
    } ],
    "faces" : [ {
      "vertices" : [ 0, 1, 2 ]
    }, {
      "vertices" : [ 0, 2, 3 ]
    }, {
      "vertices" : [ 0, 3, 2 ]
    }, {
      "vertices" : [ 0, 2, 1 ]
    } ]
  }, {
    "id" : "26e3fee9-99a5-447e-9519-eb2f7f70b341",
    "vertices" : [ {
      "x" : 26.416409,
      "y" : 4.236068,
      "z" : -17.944271
    }, {
      "x" : 22.18034,
      "y" : 11.09017,
      "z" : -20.562305
    }, {
      "x" : 15.326238,
      "y" : 13.708204,
      "z" : -24.798374
    }, {
      "x" : 8.472136,
      "y" : 11.09017,
      "z" : -29.034441
    }, {
      "x" : 4.236068,
      "y" : 4.236068,
      "z" : -31.652475
    }, {
      "x" : 4.236068,
      "y" : -4.236068,
      "z" : -31.652475
    }, {
      "x" : 8.472136,
      "y" : -11.09017,
      "z" : -29.034441
    }, {
      "x" : 15.326238,
      "y" : -13.708204,
      "z" : -24.798374
    }, {
      "x" : 22.18034,
      "y" : -11.09017,
      "z" : -20.562305
    }, {
      "x" : 26.416409,
      "y" : -4.236068,
      "z" : -17.944271
    } ],
    "faces" : [ {
      "vertices" : [ 0, 1, 2 ]
    }, {
      "vertices" : [ 0, 2, 3 ]
    }, {
      "vertices" : [ 0, 3, 4 ]
    }, {
      "vertices" : [ 0, 4, 5 ]
    }, {
      "vertices" : [ 0, 5, 6 ]
    }, {
      "vertices" : [ 0, 6, 7 ]
    }, {
      "vertices" : [ 0, 7, 8 ]
    }, {
      "vertices" : [ 0, 8, 9 ]
    }, {
      "vertices" : [ 0, 9, 8 ]
    }, {
      "vertices" : [ 0, 8, 7 ]
    }, {
      "vertices" : [ 0, 7, 6 ]
    }, {
      "vertices" : [ 0, 6, 5 ]
    }, {
      "vertices" : [ 0, 5, 4 ]
    }, {
      "vertices" : [ 0, 4, 3 ]
    }, {
      "vertices" : [ 0, 3, 2 ]
    }, {
      "vertices" : [ 0, 2, 1 ]
    } ]
  }, {
    "id" : "d05b2dcf-dff6-47c2-9ba8-ac073e37db07",
    "vertices" : [ {
      "x" : 26.416409,
      "y" : -4.236068,
      "z" : 17.944271
    }, {
      "x" : 22.18034,
      "y" : -11.09017,
      "z" : 20.562305
    }, {
      "x" : 15.326238,
      "y" : -13.708204,
      "z" : 24.798374
    }, {
      "x" : 8.472136,
      "y" : -11.09017,
      "z" : 29.034441
    }, {
      "x" : 4.236068,
      "y" : -4.236068,
      "z" : 31.652475
    }, {
      "x" : 4.236068,
      "y" : 4.236068,
      "z" : 31.652475
    }, {
      "x" : 8.472136,
      "y" : 11.09017,
      "z" : 29.034441
    }, {
      "x" : 15.326238,
      "y" : 13.708204,
      "z" : 24.798374
    }, {
      "x" : 22.18034,
      "y" : 11.09017,
      "z" : 20.562305
    }, {
      "x" : 26.416409,
      "y" : 4.236068,
      "z" : 17.944271
    } ],
    "faces" : [ {
      "vertices" : [ 0, 1, 2 ]
    }, {
      "vertices" : [ 0, 2, 3 ]
    }, {
      "vertices" : [ 0, 3, 4 ]
    }, {
      "vertices" : [ 0, 4, 5 ]
    }, {
      "vertices" : [ 0, 5, 6 ]
    }, {
      "vertices" : [ 0, 6, 7 ]
    }, {
      "vertices" : [ 0, 7, 8 ]
    }, {
      "vertices" : [ 0, 8, 9 ]
    }, {
      "vertices" : [ 0, 9, 8 ]
    }, {
      "vertices" : [ 0, 8, 7 ]
    }, {
      "vertices" : [ 0, 7, 6 ]
    }, {
      "vertices" : [ 0, 6, 5 ]
    }, {
      "vertices" : [ 0, 5, 4 ]
    }, {
      "vertices" : [ 0, 4, 3 ]
    }, {
      "vertices" : [ 0, 3, 2 ]
    }, {
      "vertices" : [ 0, 2, 1 ]
    } ]
  }, {
    "id" : "5a66c339-b763-460f-858c-0b3c5130d25b",
    "vertices" : [ {
      "x" : 8.472136,
      "y" : 11.09017,
      "z" : 29.034441
    }, {
      "x" : 4.236068,
      "y" : 4.236068,
      "z" : 31.652475
    }, {
      "x" : -4.236068,
      "y" : 4.236068,
      "z" : 31.652475
    }, {
      "x" : -8.472136,
      "y" : 11.09017,
      "z" : 29.034441
    }, {
      "x" : -4.236068,
      "y" : 17.944271,
      "z" : 26.416409
    }, {
      "x" : 4.236068,
      "y" : 17.944271,
      "z" : 26.416409
    } ],
    "faces" : [ {
      "vertices" : [ 0, 1, 2 ]
    }, {
      "vertices" : [ 0, 2, 3 ]
    }, {
      "vertices" : [ 0, 3, 4 ]
    }, {
      "vertices" : [ 0, 4, 5 ]
    }, {
      "vertices" : [ 0, 5, 4 ]
    }, {
      "vertices" : [ 0, 4, 3 ]
    }, {
      "vertices" : [ 0, 3, 2 ]
    }, {
      "vertices" : [ 0, 2, 1 ]
    } ]
  }, {
    "id" : "b51554ac-c382-4196-8a5d-5cce8ff03ae3",
    "vertices" : [ {
      "x" : -4.236068,
      "y" : -17.944271,
      "z" : -26.416409
    }, {
      "x" : -8.472136,
      "y" : -11.09017,
      "z" : -29.034441
    }, {
      "x" : -15.326238,
      "y" : -13.708204,
      "z" : -24.798374
    }, {
      "x" : -11.09017,
      "y" : -20.562305,
      "z" : -22.18034
    } ],
    "faces" : [ {
      "vertices" : [ 0, 1, 2 ]
    }, {
      "vertices" : [ 0, 2, 3 ]
    }, {
      "vertices" : [ 0, 3, 2 ]
    }, {
      "vertices" : [ 0, 2, 1 ]
    } ]
  }, {
    "id" : "7678f740-127c-4e14-8c37-ea355dd22d8d",
    "vertices" : [ {
      "x" : 4.236068,
      "y" : 31.652475,
      "z" : -4.236068
    }, {
      "x" : 4.236068,
      "y" : 31.652475,
      "z" : 4.236068
    }, {
      "x" : -4.236068,
      "y" : 31.652475,
      "z" : 4.236068
    }, {
      "x" : -4.236068,
      "y" : 31.652475,
      "z" : -4.236068
    } ],
    "faces" : [ {
      "vertices" : [ 0, 1, 2 ]
    }, {
      "vertices" : [ 0, 2, 3 ]
    }, {
      "vertices" : [ 0, 3, 2 ]
    }, {
      "vertices" : [ 0, 2, 1 ]
    } ]
  }, {
    "id" : "1b0e7de8-93f7-4344-9db4-7a531ba91929",
    "vertices" : [ {
      "x" : -22.18034,
      "y" : -11.09017,
      "z" : 20.562305
    }, {
      "x" : -24.798374,
      "y" : -15.326238,
      "z" : 13.708204
    }, {
      "x" : -29.034441,
      "y" : -8.472136,
      "z" : 11.09017
    }, {
      "x" : -26.416409,
      "y" : -4.236068,
      "z" : 17.944271
    } ],
    "faces" : [ {
      "vertices" : [ 0, 1, 2 ]
    }, {
      "vertices" : [ 0, 2, 3 ]
    }, {
      "vertices" : [ 0, 3, 2 ]
    }, {
      "vertices" : [ 0, 2, 1 ]
    } ]
  }, {
    "id" : "4dae1364-678a-4466-8907-092926af8c08",
    "vertices" : [ {
      "x" : -17.944271,
      "y" : 26.416409,
      "z" : 4.236068
    }, {
      "x" : -11.09017,
      "y" : 29.034441,
      "z" : 8.472136
    }, {
      "x" : -13.708204,
      "y" : 24.798374,
      "z" : 15.326238
    }, {
      "x" : -20.562305,
      "y" : 22.18034,
      "z" : 11.09017
    } ],
    "faces" : [ {
      "vertices" : [ 0, 1, 2 ]
    }, {
      "vertices" : [ 0, 2, 3 ]
    }, {
      "vertices" : [ 0, 3, 2 ]
    }, {
      "vertices" : [ 0, 2, 1 ]
    } ]
  }, {
    "id" : "6d51b9cd-c5c1-4f2e-a17b-2ca96ec0b12d",
    "vertices" : [ {
      "x" : 4.236068,
      "y" : 17.944271,
      "z" : -26.416409
    }, {
      "x" : 11.09017,
      "y" : 20.562305,
      "z" : -22.18034
    }, {
      "x" : 13.708204,
      "y" : 24.798374,
      "z" : -15.326238
    }, {
      "x" : 11.09017,
      "y" : 29.034441,
      "z" : -8.472136
    }, {
      "x" : 4.236068,
      "y" : 31.652475,
      "z" : -4.236068
    }, {
      "x" : -4.236068,
      "y" : 31.652475,
      "z" : -4.236068
    }, {
      "x" : -11.09017,
      "y" : 29.034441,
      "z" : -8.472136
    }, {
      "x" : -13.708204,
      "y" : 24.798374,
      "z" : -15.326238
    }, {
      "x" : -11.09017,
      "y" : 20.562305,
      "z" : -22.18034
    }, {
      "x" : -4.236068,
      "y" : 17.944271,
      "z" : -26.416409
    } ],
    "faces" : [ {
      "vertices" : [ 0, 1, 2 ]
    }, {
      "vertices" : [ 0, 2, 3 ]
    }, {
      "vertices" : [ 0, 3, 4 ]
    }, {
      "vertices" : [ 0, 4, 5 ]
    }, {
      "vertices" : [ 0, 5, 6 ]
    }, {
      "vertices" : [ 0, 6, 7 ]
    }, {
      "vertices" : [ 0, 7, 8 ]
    }, {
      "vertices" : [ 0, 8, 9 ]
    }, {
      "vertices" : [ 0, 9, 8 ]
    }, {
      "vertices" : [ 0, 8, 7 ]
    }, {
      "vertices" : [ 0, 7, 6 ]
    }, {
      "vertices" : [ 0, 6, 5 ]
    }, {
      "vertices" : [ 0, 5, 4 ]
    }, {
      "vertices" : [ 0, 4, 3 ]
    }, {
      "vertices" : [ 0, 3, 2 ]
    }, {
      "vertices" : [ 0, 2, 1 ]
    } ]
  }, {
    "id" : "57905c70-734b-48c7-b2b1-33e1b83b1195",
    "vertices" : [ {
      "x" : -31.652475,
      "y" : 4.236068,
      "z" : 4.236068
    }, {
      "x" : -31.652475,
      "y" : -4.236068,
      "z" : 4.236068
    }, {
      "x" : -31.652475,
      "y" : -4.236068,
      "z" : -4.236068
    }, {
      "x" : -31.652475,
      "y" : 4.236068,
      "z" : -4.236068
    } ],
    "faces" : [ {
      "vertices" : [ 0, 1, 2 ]
    }, {
      "vertices" : [ 0, 2, 3 ]
    }, {
      "vertices" : [ 0, 3, 2 ]
    }, {
      "vertices" : [ 0, 2, 1 ]
    } ]
  }, {
    "id" : "40991f0e-7097-48ca-8d38-31e53ab39999",
    "vertices" : [ {
      "x" : 17.944271,
      "y" : -26.416409,
      "z" : 4.236068
    }, {
      "x" : 11.09017,
      "y" : -29.034441,
      "z" : 8.472136
    }, {
      "x" : 13.708204,
      "y" : -24.798374,
      "z" : 15.326238
    }, {
      "x" : 20.562305,
      "y" : -22.18034,
      "z" : 11.09017
    } ],
    "faces" : [ {
      "vertices" : [ 0, 1, 2 ]
    }, {
      "vertices" : [ 0, 2, 3 ]
    }, {
      "vertices" : [ 0, 3, 2 ]
    }, {
      "vertices" : [ 0, 2, 1 ]
    } ]
  }, {
    "id" : "00ff52d7-1fa5-463d-af9d-e90289fcef0c",
    "vertices" : [ {
      "x" : 11.09017,
      "y" : -29.034441,
      "z" : -8.472136
    }, {
      "x" : 4.236068,
      "y" : -31.652475,
      "z" : -4.236068
    }, {
      "x" : 4.236068,
      "y" : -31.652475,
      "z" : 4.236068
    }, {
      "x" : 11.09017,
      "y" : -29.034441,
      "z" : 8.472136
    }, {
      "x" : 17.944271,
      "y" : -26.416409,
      "z" : 4.236068
    }, {
      "x" : 17.944271,
      "y" : -26.416409,
      "z" : -4.236068
    } ],
    "faces" : [ {
      "vertices" : [ 0, 1, 2 ]
    }, {
      "vertices" : [ 0, 2, 3 ]
    }, {
      "vertices" : [ 0, 3, 4 ]
    }, {
      "vertices" : [ 0, 4, 5 ]
    }, {
      "vertices" : [ 0, 5, 4 ]
    }, {
      "vertices" : [ 0, 4, 3 ]
    }, {
      "vertices" : [ 0, 3, 2 ]
    }, {
      "vertices" : [ 0, 2, 1 ]
    } ]
  }, {
    "id" : "c13a1d95-dbea-4085-9038-8c69d7e1363c",
    "vertices" : [ {
      "x" : -13.708204,
      "y" : 24.798374,
      "z" : 15.326238
    }, {
      "x" : -11.09017,
      "y" : 20.562305,
      "z" : 22.18034
    }, {
      "x" : -15.326238,
      "y" : 13.708204,
      "z" : 24.798374
    }, {
      "x" : -22.18034,
      "y" : 11.09017,
      "z" : 20.562305
    }, {
      "x" : -24.798374,
      "y" : 15.326238,
      "z" : 13.708204
    }, {
      "x" : -20.562305,
      "y" : 22.18034,
      "z" : 11.09017
    } ],
    "faces" : [ {
      "vertices" : [ 0, 1, 2 ]
    }, {
      "vertices" : [ 0, 2, 3 ]
    }, {
      "vertices" : [ 0, 3, 4 ]
    }, {
      "vertices" : [ 0, 4, 5 ]
    }, {
      "vertices" : [ 0, 5, 4 ]
    }, {
      "vertices" : [ 0, 4, 3 ]
    }, {
      "vertices" : [ 0, 3, 2 ]
    }, {
      "vertices" : [ 0, 2, 1 ]
    } ]
  }, {
    "id" : "2afb756a-6982-432e-9245-a85c6c51b40e",
    "vertices" : [ {
      "x" : -26.416409,
      "y" : -4.236068,
      "z" : -17.944271
    }, {
      "x" : -29.034441,
      "y" : -8.472136,
      "z" : -11.09017
    }, {
      "x" : -24.798374,
      "y" : -15.326238,
      "z" : -13.708204
    }, {
      "x" : -22.18034,
      "y" : -11.09017,
      "z" : -20.562305
    } ],
    "faces" : [ {
      "vertices" : [ 0, 1, 2 ]
    }, {
      "vertices" : [ 0, 2, 3 ]
    }, {
      "vertices" : [ 0, 3, 2 ]
    }, {
      "vertices" : [ 0, 2, 1 ]
    } ]
  }, {
    "id" : "a530483c-cf4d-4995-8b0b-ddeb1a2061e2",
    "vertices" : [ {
      "x" : -17.944271,
      "y" : -26.416409,
      "z" : -4.236068
    }, {
      "x" : -11.09017,
      "y" : -29.034441,
      "z" : -8.472136
    }, {
      "x" : -13.708204,
      "y" : -24.798374,
      "z" : -15.326238
    }, {
      "x" : -20.562305,
      "y" : -22.18034,
      "z" : -11.09017
    } ],
    "faces" : [ {
      "vertices" : [ 0, 1, 2 ]
    }, {
      "vertices" : [ 0, 2, 3 ]
    }, {
      "vertices" : [ 0, 3, 2 ]
    }, {
      "vertices" : [ 0, 2, 1 ]
    } ]
  }, {
    "id" : "7e736adb-b5a2-463c-892a-4dc088dce70f",
    "vertices" : [ {
      "x" : -20.562305,
      "y" : 22.18034,
      "z" : -11.09017
    }, {
      "x" : -24.798374,
      "y" : 15.326238,
      "z" : -13.708204
    }, {
      "x" : -22.18034,
      "y" : 11.09017,
      "z" : -20.562305
    }, {
      "x" : -15.326238,
      "y" : 13.708204,
      "z" : -24.798374
    }, {
      "x" : -11.09017,
      "y" : 20.562305,
      "z" : -22.18034
    }, {
      "x" : -13.708204,
      "y" : 24.798374,
      "z" : -15.326238
    } ],
    "faces" : [ {
      "vertices" : [ 0, 1, 2 ]
    }, {
      "vertices" : [ 0, 2, 3 ]
    }, {
      "vertices" : [ 0, 3, 4 ]
    }, {
      "vertices" : [ 0, 4, 5 ]
    }, {
      "vertices" : [ 0, 5, 4 ]
    }, {
      "vertices" : [ 0, 4, 3 ]
    }, {
      "vertices" : [ 0, 3, 2 ]
    }, {
      "vertices" : [ 0, 2, 1 ]
    } ]
  }, {
    "id" : "828bbdcc-751d-421e-98f4-3e624e7b6f50",
    "vertices" : [ {
      "x" : 17.944271,
      "y" : -26.416409,
      "z" : 4.236068
    }, {
      "x" : 20.562305,
      "y" : -22.18034,
      "z" : 11.09017
    }, {
      "x" : 24.798374,
      "y" : -15.326238,
      "z" : 13.708204
    }, {
      "x" : 29.034441,
      "y" : -8.472136,
      "z" : 11.09017
    }, {
      "x" : 31.652475,
      "y" : -4.236068,
      "z" : 4.236068
    }, {
      "x" : 31.652475,
      "y" : -4.236068,
      "z" : -4.236068
    }, {
      "x" : 29.034441,
      "y" : -8.472136,
      "z" : -11.09017
    }, {
      "x" : 24.798374,
      "y" : -15.326238,
      "z" : -13.708204
    }, {
      "x" : 20.562305,
      "y" : -22.18034,
      "z" : -11.09017
    }, {
      "x" : 17.944271,
      "y" : -26.416409,
      "z" : -4.236068
    } ],
    "faces" : [ {
      "vertices" : [ 0, 1, 2 ]
    }, {
      "vertices" : [ 0, 2, 3 ]
    }, {
      "vertices" : [ 0, 3, 4 ]
    }, {
      "vertices" : [ 0, 4, 5 ]
    }, {
      "vertices" : [ 0, 5, 6 ]
    }, {
      "vertices" : [ 0, 6, 7 ]
    }, {
      "vertices" : [ 0, 7, 8 ]
    }, {
      "vertices" : [ 0, 8, 9 ]
    }, {
      "vertices" : [ 0, 9, 8 ]
    }, {
      "vertices" : [ 0, 8, 7 ]
    }, {
      "vertices" : [ 0, 7, 6 ]
    }, {
      "vertices" : [ 0, 6, 5 ]
    }, {
      "vertices" : [ 0, 5, 4 ]
    }, {
      "vertices" : [ 0, 4, 3 ]
    }, {
      "vertices" : [ 0, 3, 2 ]
    }, {
      "vertices" : [ 0, 2, 1 ]
    } ]
  }, {
    "id" : "f5edcc18-ef0c-41ae-be76-78b4a78fb510",
    "vertices" : [ {
      "x" : 20.562305,
      "y" : 22.18034,
      "z" : 11.09017
    }, {
      "x" : 13.708204,
      "y" : 24.798374,
      "z" : 15.326238
    }, {
      "x" : 11.09017,
      "y" : 29.034441,
      "z" : 8.472136
    }, {
      "x" : 17.944271,
      "y" : 26.416409,
      "z" : 4.236068
    } ],
    "faces" : [ {
      "vertices" : [ 0, 1, 2 ]
    }, {
      "vertices" : [ 0, 2, 3 ]
    }, {
      "vertices" : [ 0, 3, 2 ]
    }, {
      "vertices" : [ 0, 2, 1 ]
    } ]
  }, {
    "id" : "3bc0d4b8-18f5-4ec3-ba2d-bb3c1f850c73",
    "vertices" : [ {
      "x" : -11.09017,
      "y" : 29.034441,
      "z" : -8.472136
    }, {
      "x" : -17.944271,
      "y" : 26.416409,
      "z" : -4.236068
    }, {
      "x" : -20.562305,
      "y" : 22.18034,
      "z" : -11.09017
    }, {
      "x" : -13.708204,
      "y" : 24.798374,
      "z" : -15.326238
    } ],
    "faces" : [ {
      "vertices" : [ 0, 1, 2 ]
    }, {
      "vertices" : [ 0, 2, 3 ]
    }, {
      "vertices" : [ 0, 3, 2 ]
    }, {
      "vertices" : [ 0, 2, 1 ]
    } ]
  }, {
    "id" : "f8190a0f-237b-4167-b9ea-3c91b6d07e16",
    "vertices" : [ {
      "x" : 26.416409,
      "y" : -4.236068,
      "z" : 17.944271
    }, {
      "x" : 29.034441,
      "y" : -8.472136,
      "z" : 11.09017
    }, {
      "x" : 24.798374,
      "y" : -15.326238,
      "z" : 13.708204
    }, {
      "x" : 22.18034,
      "y" : -11.09017,
      "z" : 20.562305
    } ],
    "faces" : [ {
      "vertices" : [ 0, 1, 2 ]
    }, {
      "vertices" : [ 0, 2, 3 ]
    }, {
      "vertices" : [ 0, 3, 2 ]
    }, {
      "vertices" : [ 0, 2, 1 ]
    } ]
  }, {
    "id" : "21b1de6c-3bba-4598-9481-af289ab886c5",
    "vertices" : [ {
      "x" : 20.562305,
      "y" : 22.18034,
      "z" : 11.09017
    }, {
      "x" : 24.798374,
      "y" : 15.326238,
      "z" : 13.708204
    }, {
      "x" : 22.18034,
      "y" : 11.09017,
      "z" : 20.562305
    }, {
      "x" : 15.326238,
      "y" : 13.708204,
      "z" : 24.798374
    }, {
      "x" : 11.09017,
      "y" : 20.562305,
      "z" : 22.18034
    }, {
      "x" : 13.708204,
      "y" : 24.798374,
      "z" : 15.326238
    } ],
    "faces" : [ {
      "vertices" : [ 0, 1, 2 ]
    }, {
      "vertices" : [ 0, 2, 3 ]
    }, {
      "vertices" : [ 0, 3, 4 ]
    }, {
      "vertices" : [ 0, 4, 5 ]
    }, {
      "vertices" : [ 0, 5, 4 ]
    }, {
      "vertices" : [ 0, 4, 3 ]
    }, {
      "vertices" : [ 0, 3, 2 ]
    }, {
      "vertices" : [ 0, 2, 1 ]
    } ]
  }, {
    "id" : "c6e4a217-a0fd-4bbc-937b-9b3dc7e8642a",
    "vertices" : [ {
      "x" : 4.236068,
      "y" : 17.944271,
      "z" : -26.416409
    }, {
      "x" : 8.472136,
      "y" : 11.09017,
      "z" : -29.034441
    }, {
      "x" : 15.326238,
      "y" : 13.708204,
      "z" : -24.798374
    }, {
      "x" : 11.09017,
      "y" : 20.562305,
      "z" : -22.18034
    } ],
    "faces" : [ {
      "vertices" : [ 0, 1, 2 ]
    }, {
      "vertices" : [ 0, 2, 3 ]
    }, {
      "vertices" : [ 0, 3, 2 ]
    }, {
      "vertices" : [ 0, 2, 1 ]
    } ]
  }, {
    "id" : "ea150159-4a3f-475b-b0c8-1bad47ef418b",
    "vertices" : [ {
      "x" : -11.09017,
      "y" : -29.034441,
      "z" : 8.472136
    }, {
      "x" : -17.944271,
      "y" : -26.416409,
      "z" : 4.236068
    }, {
      "x" : -20.562305,
      "y" : -22.18034,
      "z" : 11.09017
    }, {
      "x" : -13.708204,
      "y" : -24.798374,
      "z" : 15.326238
    } ],
    "faces" : [ {
      "vertices" : [ 0, 1, 2 ]
    }, {
      "vertices" : [ 0, 2, 3 ]
    }, {
      "vertices" : [ 0, 3, 2 ]
    }, {
      "vertices" : [ 0, 2, 1 ]
    } ]
  }, {
    "id" : "26abe74c-b07d-4768-a915-ef0b9c02fbf5",
    "vertices" : [ {
      "x" : -4.236068,
      "y" : 17.944271,
      "z" : 26.416409
    }, {
      "x" : -11.09017,
      "y" : 20.562305,
      "z" : 22.18034
    }, {
      "x" : -13.708204,
      "y" : 24.798374,
      "z" : 15.326238
    }, {
      "x" : -11.09017,
      "y" : 29.034441,
      "z" : 8.472136
    }, {
      "x" : -4.236068,
      "y" : 31.652475,
      "z" : 4.236068
    }, {
      "x" : 4.236068,
      "y" : 31.652475,
      "z" : 4.236068
    }, {
      "x" : 11.09017,
      "y" : 29.034441,
      "z" : 8.472136
    }, {
      "x" : 13.708204,
      "y" : 24.798374,
      "z" : 15.326238
    }, {
      "x" : 11.09017,
      "y" : 20.562305,
      "z" : 22.18034
    }, {
      "x" : 4.236068,
      "y" : 17.944271,
      "z" : 26.416409
    } ],
    "faces" : [ {
      "vertices" : [ 0, 1, 2 ]
    }, {
      "vertices" : [ 0, 2, 3 ]
    }, {
      "vertices" : [ 0, 3, 4 ]
    }, {
      "vertices" : [ 0, 4, 5 ]
    }, {
      "vertices" : [ 0, 5, 6 ]
    }, {
      "vertices" : [ 0, 6, 7 ]
    }, {
      "vertices" : [ 0, 7, 8 ]
    }, {
      "vertices" : [ 0, 8, 9 ]
    }, {
      "vertices" : [ 0, 9, 8 ]
    }, {
      "vertices" : [ 0, 8, 7 ]
    }, {
      "vertices" : [ 0, 7, 6 ]
    }, {
      "vertices" : [ 0, 6, 5 ]
    }, {
      "vertices" : [ 0, 5, 4 ]
    }, {
      "vertices" : [ 0, 4, 3 ]
    }, {
      "vertices" : [ 0, 3, 2 ]
    }, {
      "vertices" : [ 0, 2, 1 ]
    } ]
  }, {
    "id" : "fe388392-8672-4b9b-bf26-9c5f8c2ee07e",
    "vertices" : [ {
      "x" : 4.236068,
      "y" : -4.236068,
      "z" : 31.652475
    }, {
      "x" : -4.236068,
      "y" : -4.236068,
      "z" : 31.652475
    }, {
      "x" : -4.236068,
      "y" : 4.236068,
      "z" : 31.652475
    }, {
      "x" : 4.236068,
      "y" : 4.236068,
      "z" : 31.652475
    } ],
    "faces" : [ {
      "vertices" : [ 0, 1, 2 ]
    }, {
      "vertices" : [ 0, 2, 3 ]
    }, {
      "vertices" : [ 0, 3, 2 ]
    }, {
      "vertices" : [ 0, 2, 1 ]
    } ]
  }, {
    "id" : "12a9200b-272c-4b44-b526-fe05ece64434",
    "vertices" : [ {
      "x" : 29.034441,
      "y" : 8.472136,
      "z" : 11.09017
    }, {
      "x" : 31.652475,
      "y" : 4.236068,
      "z" : 4.236068
    }, {
      "x" : 31.652475,
      "y" : -4.236068,
      "z" : 4.236068
    }, {
      "x" : 29.034441,
      "y" : -8.472136,
      "z" : 11.09017
    }, {
      "x" : 26.416409,
      "y" : -4.236068,
      "z" : 17.944271
    }, {
      "x" : 26.416409,
      "y" : 4.236068,
      "z" : 17.944271
    } ],
    "faces" : [ {
      "vertices" : [ 0, 1, 2 ]
    }, {
      "vertices" : [ 0, 2, 3 ]
    }, {
      "vertices" : [ 0, 3, 4 ]
    }, {
      "vertices" : [ 0, 4, 5 ]
    }, {
      "vertices" : [ 0, 5, 4 ]
    }, {
      "vertices" : [ 0, 4, 3 ]
    }, {
      "vertices" : [ 0, 3, 2 ]
    }, {
      "vertices" : [ 0, 2, 1 ]
    } ]
  }, {
    "id" : "d5e019bb-18b5-4113-8182-59ec891ad58d",
    "vertices" : [ {
      "x" : -4.236068,
      "y" : -31.652475,
      "z" : -4.236068
    }, {
      "x" : -11.09017,
      "y" : -29.034441,
      "z" : -8.472136
    }, {
      "x" : -17.944271,
      "y" : -26.416409,
      "z" : -4.236068
    }, {
      "x" : -17.944271,
      "y" : -26.416409,
      "z" : 4.236068
    }, {
      "x" : -11.09017,
      "y" : -29.034441,
      "z" : 8.472136
    }, {
      "x" : -4.236068,
      "y" : -31.652475,
      "z" : 4.236068
    } ],
    "faces" : [ {
      "vertices" : [ 0, 1, 2 ]
    }, {
      "vertices" : [ 0, 2, 3 ]
    }, {
      "vertices" : [ 0, 3, 4 ]
    }, {
      "vertices" : [ 0, 4, 5 ]
    }, {
      "vertices" : [ 0, 5, 4 ]
    }, {
      "vertices" : [ 0, 4, 3 ]
    }, {
      "vertices" : [ 0, 3, 2 ]
    }, {
      "vertices" : [ 0, 2, 1 ]
    } ]
  }, {
    "id" : "d335067c-310d-40a9-88f4-a909d7ccd95c",
    "vertices" : [ {
      "x" : 11.09017,
      "y" : 29.034441,
      "z" : 8.472136
    }, {
      "x" : 4.236068,
      "y" : 31.652475,
      "z" : 4.236068
    }, {
      "x" : 4.236068,
      "y" : 31.652475,
      "z" : -4.236068
    }, {
      "x" : 11.09017,
      "y" : 29.034441,
      "z" : -8.472136
    }, {
      "x" : 17.944271,
      "y" : 26.416409,
      "z" : -4.236068
    }, {
      "x" : 17.944271,
      "y" : 26.416409,
      "z" : 4.236068
    } ],
    "faces" : [ {
      "vertices" : [ 0, 1, 2 ]
    }, {
      "vertices" : [ 0, 2, 3 ]
    }, {
      "vertices" : [ 0, 3, 4 ]
    }, {
      "vertices" : [ 0, 4, 5 ]
    }, {
      "vertices" : [ 0, 5, 4 ]
    }, {
      "vertices" : [ 0, 4, 3 ]
    }, {
      "vertices" : [ 0, 3, 2 ]
    }, {
      "vertices" : [ 0, 2, 1 ]
    } ]
  }, {
    "id" : "c336d7f7-8578-4bdb-b6aa-f763513c7c35",
    "vertices" : [ {
      "x" : 29.034441,
      "y" : -8.472136,
      "z" : -11.09017
    }, {
      "x" : 26.416409,
      "y" : -4.236068,
      "z" : -17.944271
    }, {
      "x" : 22.18034,
      "y" : -11.09017,
      "z" : -20.562305
    }, {
      "x" : 24.798374,
      "y" : -15.326238,
      "z" : -13.708204
    } ],
    "faces" : [ {
      "vertices" : [ 0, 1, 2 ]
    }, {
      "vertices" : [ 0, 2, 3 ]
    }, {
      "vertices" : [ 0, 3, 2 ]
    }, {
      "vertices" : [ 0, 2, 1 ]
    } ]
  }, {
    "id" : "c62f8108-83f1-4328-b8a8-87abc1c739ea",
    "vertices" : [ {
      "x" : 17.944271,
      "y" : 26.416409,
      "z" : -4.236068
    }, {
      "x" : 20.562305,
      "y" : 22.18034,
      "z" : -11.09017
    }, {
      "x" : 24.798374,
      "y" : 15.326238,
      "z" : -13.708204
    }, {
      "x" : 29.034441,
      "y" : 8.472136,
      "z" : -11.09017
    }, {
      "x" : 31.652475,
      "y" : 4.236068,
      "z" : -4.236068
    }, {
      "x" : 31.652475,
      "y" : 4.236068,
      "z" : 4.236068
    }, {
      "x" : 29.034441,
      "y" : 8.472136,
      "z" : 11.09017
    }, {
      "x" : 24.798374,
      "y" : 15.326238,
      "z" : 13.708204
    }, {
      "x" : 20.562305,
      "y" : 22.18034,
      "z" : 11.09017
    }, {
      "x" : 17.944271,
      "y" : 26.416409,
      "z" : 4.236068
    } ],
    "faces" : [ {
      "vertices" : [ 0, 1, 2 ]
    }, {
      "vertices" : [ 0, 2, 3 ]
    }, {
      "vertices" : [ 0, 3, 4 ]
    }, {
      "vertices" : [ 0, 4, 5 ]
    }, {
      "vertices" : [ 0, 5, 6 ]
    }, {
      "vertices" : [ 0, 6, 7 ]
    }, {
      "vertices" : [ 0, 7, 8 ]
    }, {
      "vertices" : [ 0, 8, 9 ]
    }, {
      "vertices" : [ 0, 9, 8 ]
    }, {
      "vertices" : [ 0, 8, 7 ]
    }, {
      "vertices" : [ 0, 7, 6 ]
    }, {
      "vertices" : [ 0, 6, 5 ]
    }, {
      "vertices" : [ 0, 5, 4 ]
    }, {
      "vertices" : [ 0, 4, 3 ]
    }, {
      "vertices" : [ 0, 3, 2 ]
    }, {
      "vertices" : [ 0, 2, 1 ]
    } ]
  }, {
    "id" : "ea266281-8ba6-4566-b18c-b53aded1861b",
    "vertices" : [ {
      "x" : -17.944271,
      "y" : -26.416409,
      "z" : -4.236068
    }, {
      "x" : -20.562305,
      "y" : -22.18034,
      "z" : -11.09017
    }, {
      "x" : -24.798374,
      "y" : -15.326238,
      "z" : -13.708204
    }, {
      "x" : -29.034441,
      "y" : -8.472136,
      "z" : -11.09017
    }, {
      "x" : -31.652475,
      "y" : -4.236068,
      "z" : -4.236068
    }, {
      "x" : -31.652475,
      "y" : -4.236068,
      "z" : 4.236068
    }, {
      "x" : -29.034441,
      "y" : -8.472136,
      "z" : 11.09017
    }, {
      "x" : -24.798374,
      "y" : -15.326238,
      "z" : 13.708204
    }, {
      "x" : -20.562305,
      "y" : -22.18034,
      "z" : 11.09017
    }, {
      "x" : -17.944271,
      "y" : -26.416409,
      "z" : 4.236068
    } ],
    "faces" : [ {
