{
  "field" : "golden",
  "symmetry" : "icosahedral",
  "orientations" : [ [ 1.0, 0.0, 0.0, 0.0, 0.0, 1.0, 0.0, 0.0, 0.0, 0.0, 1.0, 0.0, 0.0, 0.0, 0.0, 1.0 ], [ 0.0, 0.0, 1.0, 0.0, 1.0, 0.0, 0.0, 0.0, 0.0, 1.0, 0.0, 0.0, 0.0, 0.0, 0.0, 1.0 ], [ 0.0, 1.0, 0.0, 0.0, 0.0, 0.0, 1.0, 0.0, 1.0, 0.0, 0.0, 0.0, 0.0, 0.0, 0.0, 1.0 ], [ 0.809017, 0.309017, 0.5, 0.0, 0.309017, 0.5, -0.809017, 0.0, -0.5, 0.809017, 0.309017, 0.0, 0.0, 0.0, 0.0, 1.0 ], [ -0.5, 0.809017, 0.309017, 0.0, 0.809017, 0.309017, 0.5, 0.0, 0.309017, 0.5, -0.809017, 0.0, 0.0, 0.0, 0.0, 1.0 ], [ 0.309017, 0.5, -0.809017, 0.0, -0.5, 0.809017, 0.309017, 0.0, 0.809017, 0.309017, 0.5, 0.0, 0.0, 0.0, 0.0, 1.0 ], [ 0.5, 0.809017, 0.309017, 0.0, 0.809017, -0.309017, -0.5, 0.0, -0.309017, 0.5, -0.809017, 0.0, 0.0, 0.0, 0.0, 1.0 ], [ -0.309017, 0.5, -0.809017, 0.0, 0.5, 0.809017, 0.309017, 0.0, 0.809017, -0.309017, -0.5, 0.0, 0.0, 0.0, 0.0, 1.0 ], [ 0.809017, -0.309017, -0.5, 0.0, -0.309017, 0.5, -0.809017, 0.0, 0.5, 0.809017, 0.309017, 0.0, 0.0, 0.0, 0.0, 1.0 ], [ 0.5, 0.809017, -0.309017, 0.0, 0.809017, -0.309017, 0.5, 0.0, 0.309017, -0.5, -0.809017, 0.0, 0.0, 0.0, 0.0, 1.0 ], [ 0.309017, -0.5, -0.809017, 0.0, 0.5, 0.809017, -0.309017, 0.0, 0.809017, -0.309017, 0.5, 0.0, 0.0, 0.0, 0.0, 1.0 ], [ 0.809017, -0.309017, 0.5, 0.0, 0.309017, -0.5, -0.809017, 0.0, 0.5, 0.809017, -0.309017, 0.0, 0.0, 0.0, 0.0, 1.0 ], [ 0.809017, 0.309017, -0.5, 0.0, 0.309017, 0.5, 0.809017, 0.0, 0.5, -0.809017, 0.309017, 0.0, 0.0, 0.0, 0.0, 1.0 ], [ 0.5, -0.809017, 0.309017, 0.0, 0.809017, 0.309017, -0.5, 0.0, 0.309017, 0.5, 0.809017, 0.0, 0.0, 0.0, 0.0, 1.0 ], [ 0.309017, 0.5, 0.809017, 0.0, 0.5, -0.809017, 0.309017, 0.0, 0.809017, 0.309017, -0.5, 0.0, 0.0, 0.0, 0.0, 1.0 ], [ 1.0, 0.0, 0.0, 0.0, 0.0, -1.0, 0.0, 0.0, 0.0, 0.0, -1.0, 0.0, 0.0, 0.0, 0.0, 1.0 ], [ 0.0, 0.0, 1.0, 0.0, -1.0, 0.0, 0.0, 0.0, 0.0, -1.0, 0.0, 0.0, 0.0, 0.0, 0.0, 1.0 ], [ 0.0, 1.0, 0.0, 0.0, 0.0, 0.0, -1.0, 0.0, -1.0, 0.0, 0.0, 0.0, 0.0, 0.0, 0.0, 1.0 ], [ 0.809017, 0.309017, 0.5, 0.0, -0.309017, -0.5, 0.809017, 0.0, 0.5, -0.809017, -0.309017, 0.0, 0.0, 0.0, 0.0, 1.0 ], [ -0.5, 0.809017, 0.309017, 0.0, -0.809017, -0.309017, -0.5, 0.0, -0.309017, -0.5, 0.809017, 0.0, 0.0, 0.0, 0.0, 1.0 ], [ 0.309017, 0.5, -0.809017, 0.0, 0.5, -0.809017, -0.309017, 0.0, -0.809017, -0.309017, -0.5, 0.0, 0.0, 0.0, 0.0, 1.0 ], [ 0.5, 0.809017, 0.309017, 0.0, -0.809017, 0.309017, 0.5, 0.0, 0.309017, -0.5, 0.809017, 0.0, 0.0, 0.0, 0.0, 1.0 ], [ -0.309017, 0.5, -0.809017, 0.0, -0.5, -0.809017, -0.309017, 0.0, -0.809017, 0.309017, 0.5, 0.0, 0.0, 0.0, 0.0, 1.0 ], [ 0.809017, -0.309017, -0.5, 0.0, 0.309017, -0.5, 0.809017, 0.0, -0.5, -0.809017, -0.309017, 0.0, 0.0, 0.0, 0.0, 1.0 ], [ 0.5, 0.809017, -0.309017, 0.0, -0.809017, 0.309017, -0.5, 0.0, -0.309017, 0.5, 0.809017, 0.0, 0.0, 0.0, 0.0, 1.0 ], [ 0.309017, -0.5, -0.809017, 0.0, -0.5, -0.809017, 0.309017, 0.0, -0.809017, 0.309017, -0.5, 0.0, 0.0, 0.0, 0.0, 1.0 ], [ 0.809017, -0.309017, 0.5, 0.0, -0.309017, 0.5, 0.809017, 0.0, -0.5, -0.809017, 0.309017, 0.0, 0.0, 0.0, 0.0, 1.0 ], [ 0.809017, 0.309017, -0.5, 0.0, -0.309017, -0.5, -0.809017, 0.0, -0.5, 0.809017, -0.309017, 0.0, 0.0, 0.0, 0.0, 1.0 ], [ 0.5, -0.809017, 0.309017, 0.0, -0.809017, -0.309017, 0.5, 0.0, -0.309017, -0.5, -0.809017, 0.0, 0.0, 0.0, 0.0, 1.0 ], [ 0.309017, 0.5, 0.809017, 0.0, -0.5, 0.809017, -0.309017, 0.0, -0.809017, -0.309017, 0.5, 0.0, 0.0, 0.0, 0.0, 1.0 ], [ -1.0, 0.0, 0.0, 0.0, 0.0, -1.0, 0.0, 0.0, 0.0, 0.0, 1.0, 0.0, 0.0, 0.0, 0.0, 1.0 ], [ 0.0, 0.0, -1.0, 0.0, -1.0, 0.0, 0.0, 0.0, 0.0, 1.0, 0.0, 0.0, 0.0, 0.0, 0.0, 1.0 ], [ 0.0, -1.0, 0.0, 0.0, 0.0, 0.0, -1.0, 0.0, 1.0, 0.0, 0.0, 0.0, 0.0, 0.0, 0.0, 1.0 ], [ -0.809017, -0.309017, -0.5, 0.0, -0.309017, -0.5, 0.809017, 0.0, -0.5, 0.809017, 0.309017, 0.0, 0.0, 0.0, 0.0, 1.0 ], [ 0.5, -0.809017, -0.309017, 0.0, -0.809017, -0.309017, -0.5, 0.0, 0.309017, 0.5, -0.809017, 0.0, 0.0, 0.0, 0.0, 1.0 ], [ -0.309017, -0.5, 0.809017, 0.0, 0.5, -0.809017, -0.309017, 0.0, 0.809017, 0.309017, 0.5, 0.0, 0.0, 0.0, 0.0, 1.0 ], [ -0.5, -0.809017, -0.309017, 0.0, -0.809017, 0.309017, 0.5, 0.0, -0.309017, 0.5, -0.809017, 0.0, 0.0, 0.0, 0.0, 1.0 ], [ 0.309017, -0.5, 0.809017, 0.0, -0.5, -0.809017, -0.309017, 0.0, 0.809017, -0.309017, -0.5, 0.0, 0.0, 0.0, 0.0, 1.0 ], [ -0.809017, 0.309017, 0.5, 0.0, 0.309017, -0.5, 0.809017, 0.0, 0.5, 0.809017, 0.309017, 0.0, 0.0, 0.0, 0.0, 1.0 ], [ -0.5, -0.809017, 0.309017, 0.0, -0.809017, 0.309017, -0.5, 0.0, 0.309017, -0.5, -0.809017, 0.0, 0.0, 0.0, 0.0, 1.0 ], [ -0.309017, 0.5, 0.809017, 0.0, -0.5, -0.809017, 0.309017, 0.0, 0.809017, -0.309017, 0.5, 0.0, 0.0, 0.0, 0.0, 1.0 ], [ -0.809017, 0.309017, -0.5, 0.0, -0.309017, 0.5, 0.809017, 0.0, 0.5, 0.809017, -0.309017, 0.0, 0.0, 0.0, 0.0, 1.0 ], [ -0.809017, -0.309017, 0.5, 0.0, -0.309017, -0.5, -0.809017, 0.0, 0.5, -0.809017, 0.309017, 0.0, 0.0, 0.0, 0.0, 1.0 ], [ -0.5, 0.809017, -0.309017, 0.0, -0.809017, -0.309017, 0.5, 0.0, 0.309017, 0.5, 0.809017, 0.0, 0.0, 0.0, 0.0, 1.0 ], [ -0.309017, -0.5, -0.809017, 0.0, -0.5, 0.809017, -0.309017, 0.0, 0.809017, 0.309017, -0.5, 0.0, 0.0, 0.0, 0.0, 1.0 ], [ -1.0, 0.0, 0.0, 0.0, 0.0, 1.0, 0.0, 0.0, 0.0, 0.0, -1.0, 0.0, 0.0, 0.0, 0.0, 1.0 ], [ 0.0, 0.0, -1.0, 0.0, 1.0, 0.0, 0.0, 0.0, 0.0, -1.0, 0.0, 0.0, 0.0, 0.0, 0.0, 1.0 ], [ 0.0, -1.0, 0.0, 0.0, 0.0, 0.0, 1.0, 0.0, -1.0, 0.0, 0.0, 0.0, 0.0, 0.0, 0.0, 1.0 ], [ -0.809017, -0.309017, -0.5, 0.0, 0.309017, 0.5, -0.809017, 0.0, 0.5, -0.809017, -0.309017, 0.0, 0.0, 0.0, 0.0, 1.0 ], [ 0.5, -0.809017, -0.309017, 0.0, 0.809017, 0.309017, 0.5, 0.0, -0.309017, -0.5, 0.809017, 0.0, 0.0, 0.0, 0.0, 1.0 ], [ -0.309017, -0.5, 0.809017, 0.0, -0.5, 0.809017, 0.309017, 0.0, -0.809017, -0.309017, -0.5, 0.0, 0.0, 0.0, 0.0, 1.0 ], [ -0.5, -0.809017, -0.309017, 0.0, 0.809017, -0.309017, -0.5, 0.0, 0.309017, -0.5, 0.809017, 0.0, 0.0, 0.0, 0.0, 1.0 ], [ 0.309017, -0.5, 0.809017, 0.0, 0.5, 0.809017, 0.309017, 0.0, -0.809017, 0.309017, 0.5, 0.0, 0.0, 0.0, 0.0, 1.0 ], [ -0.809017, 0.309017, 0.5, 0.0, -0.309017, 0.5, -0.809017, 0.0, -0.5, -0.809017, -0.309017, 0.0, 0.0, 0.0, 0.0, 1.0 ], [ -0.5, -0.809017, 0.309017, 0.0, 0.809017, -0.309017, 0.5, 0.0, -0.309017, 0.5, 0.809017, 0.0, 0.0, 0.0, 0.0, 1.0 ], [ -0.309017, 0.5, 0.809017, 0.0, 0.5, 0.809017, -0.309017, 0.0, -0.809017, 0.309017, -0.5, 0.0, 0.0, 0.0, 0.0, 1.0 ], [ -0.809017, 0.309017, -0.5, 0.0, 0.309017, -0.5, -0.809017, 0.0, -0.5, -0.809017, 0.309017, 0.0, 0.0, 0.0, 0.0, 1.0 ], [ -0.809017, -0.309017, 0.5, 0.0, 0.309017, 0.5, 0.809017, 0.0, -0.5, 0.809017, -0.309017, 0.0, 0.0, 0.0, 0.0, 1.0 ], [ -0.5, 0.809017, -0.309017, 0.0, 0.809017, 0.309017, -0.5, 0.0, -0.309017, -0.5, -0.809017, 0.0, 0.0, 0.0, 0.0, 1.0 ], [ -0.309017, -0.5, -0.809017, 0.0, 0.5, -0.809017, 0.309017, 0.0, -0.809017, -0.309017, 0.5, 0.0, 0.0, 0.0, 0.0, 1.0 ] ],
  "lights" : {
    "backgroundColor" : "#E8F3FF",
    "ambientColor" : "#292929",
    "directionalLights" : [ {
      "direction" : {
        "x" : 1.0,
        "y" : -1.0,
        "z" : -1.0
      },
      "color" : "#EBEBE4"
    }, {
      "direction" : {
        "x" : -1.0,
        "y" : 0.0,
        "z" : 0.0
      },
      "color" : "#E4E4EB"
    }, {
      "direction" : {
        "x" : 0.0,
        "y" : 0.0,
        "z" : -1.0
      },
      "color" : "#1E1E1E"
    } ]
  },
  "camera" : {
    "stereo" : false,
    "width" : 127.78779,
    "viewDistance" : 283.97308,
    "nearClipDistance" : 0.70993286,
    "farClipDistance" : 567.94507,
    "lookAtPoint" : {
      "x" : 0.0,
      "y" : 0.0,
      "z" : 0.0
    },
    "fieldOfView" : 0.44262856,
    "perspective" : false,
    "lookDirection" : {
      "x" : 0.0,
      "y" : 0.0,
      "z" : -1.0
    },
    "upDirection" : {
      "x" : 0.0,
      "y" : 1.0,
      "z" : 0.0
    },
    "position" : {
      "x" : 0.0,
      "y" : 0.0,
      "z" : 283.97308
    }
  },
  "embedding" : [ 1.0, 0.0, 0.0, 0.0, 0.0, 1.0, 0.0, 0.0, 0.0, 0.0, 1.0, 0.0, 0.0, 0.0, 0.0, 1.0 ],
  "shapes" : [ {
    "id" : "60608792-c793-496c-be43-a7ba5ddfee68",
    "vertices" : [ {
      "x" : 1.0,
      "y" : 0.309017,
      "z" : 0.19098301
    }, {
      "x" : 1.0,
      "y" : -0.309017,
      "z" : 0.19098301
    }, {
      "x" : 5.854102,
      "y" : -0.309017,
      "z" : 0.19098301
    }, {
      "x" : 5.854102,
      "y" : 0.309017,
      "z" : 0.19098301
    }, {
      "x" : 5.854102,
      "y" : -0.309017,
      "z" : -0.19098301
    }, {
      "x" : 5.854102,
      "y" : 0.309017,
      "z" : -0.19098301
    }, {
      "x" : 6.472136,
      "y" : 0.0,
      "z" : 0.0
    }, {
      "x" : 0.38196602,
      "y" : 0.0,
      "z" : 0.0
    }, {
      "x" : 1.0,
      "y" : 0.309017,
      "z" : -0.19098301
    }, {
      "x" : 1.0,
      "y" : -0.309017,
      "z" : -0.19098301
    }, {
      "x" : 6.854102,
      "y" : 0.0,
      "z" : 0.0
    } ],
    "faces" : [ {
      "vertices" : [ 1, 9, 4 ]
    }, {
      "vertices" : [ 1, 4, 2 ]
    }, {
      "vertices" : [ 0, 3, 5 ]
    }, {
      "vertices" : [ 0, 5, 8 ]
    }, {
      "vertices" : [ 1, 7, 9 ]
    }, {
      "vertices" : [ 0, 1, 2 ]
    }, {
      "vertices" : [ 0, 2, 3 ]
    }, {
      "vertices" : [ 7, 8, 9 ]
    }, {
      "vertices" : [ 0, 7, 1 ]
    }, {
      "vertices" : [ 4, 9, 8 ]
    }, {
      "vertices" : [ 4, 8, 5 ]
    }, {
      "vertices" : [ 2, 6, 3 ]
    }, {
      "vertices" : [ 2, 4, 6 ]
    }, {
      "vertices" : [ 3, 6, 5 ]
    }, {
      "vertices" : [ 4, 5, 6 ]
    }, {
      "vertices" : [ 0, 8, 7 ]
    } ]
  }, {
    "id" : "ea5f58a1-2735-4116-b22b-bbe9ed2c50cc",
    "vertices" : [ {
      "x" : 1.0,
      "y" : 0.309017,
      "z" : 0.19098301
    }, {
      "x" : 1.0,
      "y" : -0.309017,
      "z" : 0.19098301
    }, {
      "x" : 34.888542,
      "y" : -0.309017,
      "z" : 0.19098301
    }, {
      "x" : 34.888542,
      "y" : 0.309017,
      "z" : 0.19098301
    }, {
      "x" : 34.888542,
      "y" : -0.309017,
      "z" : -0.19098301
    }, {
      "x" : 34.888542,
      "y" : 0.309017,
      "z" : -0.19098301
    }, {
      "x" : 35.506577,
      "y" : 0.0,
      "z" : 0.0
    }, {
      "x" : 0.38196602,
      "y" : 0.0,
      "z" : 0.0
    }, {
      "x" : 1.0,
      "y" : 0.309017,
      "z" : -0.19098301
    }, {
      "x" : 1.0,
      "y" : -0.309017,
      "z" : -0.19098301
    }, {
      "x" : 35.888542,
      "y" : 0.0,
      "z" : 0.0
    } ],
    "faces" : [ {
      "vertices" : [ 1, 9, 4 ]
    }, {
      "vertices" : [ 1, 4, 2 ]
    }, {
      "vertices" : [ 0, 3, 5 ]
    }, {
      "vertices" : [ 0, 5, 8 ]
    }, {
      "vertices" : [ 1, 7, 9 ]
    }, {
      "vertices" : [ 0, 1, 2 ]
    }, {
      "vertices" : [ 0, 2, 3 ]
    }, {
      "vertices" : [ 7, 8, 9 ]
    }, {
      "vertices" : [ 0, 7, 1 ]
    }, {
      "vertices" : [ 4, 9, 8 ]
    }, {
      "vertices" : [ 4, 8, 5 ]
    }, {
      "vertices" : [ 2, 6, 3 ]
    }, {
      "vertices" : [ 2, 4, 6 ]
    }, {
      "vertices" : [ 3, 6, 5 ]
    }, {
      "vertices" : [ 4, 5, 6 ]
    }, {
      "vertices" : [ 0, 8, 7 ]
    } ]
  }, {
    "id" : "034cdbf1-c83a-4542-a4de-c987d0bc2716",
    "vertices" : [ {
      "x" : 0.309017,
      "y" : -0.309017,
      "z" : -0.309017
    }, {
      "x" : 0.5,
      "y" : 0.0,
      "z" : -0.19098301
    }, {
      "x" : 0.5,
      "y" : 0.0,
      "z" : 0.19098301
    }, {
      "x" : 0.309017,
      "y" : -0.309017,
      "z" : 0.309017
    }, {
      "x" : 0.19098301,
      "y" : -0.5,
      "z" : 0.0
    }, {
      "x" : 0.0,
      "y" : 0.19098301,
      "z" : 0.5
    }, {
      "x" : 0.0,
      "y" : -0.19098301,
      "z" : 0.5
    }, {
      "x" : 0.309017,
      "y" : 0.309017,
      "z" : 0.309017
    }, {
      "x" : -0.309017,
      "y" : -0.309017,
      "z" : 0.309017
    }, {
      "x" : -0.309017,
      "y" : 0.309017,
      "z" : 0.309017
    }, {
      "x" : -0.5,
      "y" : 0.0,
      "z" : 0.19098301
    }, {
      "x" : 0.0,
      "y" : -0.19098301,
      "z" : -0.5
    }, {
      "x" : 0.0,
      "y" : 0.19098301,
      "z" : -0.5
    }, {
      "x" : 0.309017,
      "y" : 0.309017,
      "z" : -0.309017
    }, {
      "x" : -0.309017,
      "y" : -0.309017,
      "z" : -0.309017
    }, {
      "x" : -0.19098301,
      "y" : -0.5,
      "z" : 0.0
    }, {
      "x" : -0.5,
      "y" : 0.0,
      "z" : -0.19098301
    }, {
      "x" : 0.19098301,
      "y" : 0.5,
      "z" : 0.0
    }, {
      "x" : -0.309017,
      "y" : 0.309017,
      "z" : -0.309017
    }, {
      "x" : 0.0,
      "y" : 0.0,
      "z" : 0.0
    }, {
      "x" : -0.19098301,
      "y" : 0.5,
      "z" : 0.0
    } ],
    "faces" : [ {
      "vertices" : [ 12, 18, 20 ]
    }, {
      "vertices" : [ 12, 20, 17 ]
    }, {
      "vertices" : [ 12, 17, 13 ]
    }, {
      "vertices" : [ 3, 6, 8 ]
    }, {
      "vertices" : [ 3, 8, 15 ]
    }, {
      "vertices" : [ 3, 15, 4 ]
    }, {
      "vertices" : [ 0, 11, 12 ]
    }, {
      "vertices" : [ 0, 12, 13 ]
    }, {
      "vertices" : [ 0, 13, 1 ]
    }, {
      "vertices" : [ 5, 9, 10 ]
    }, {
      "vertices" : [ 5, 10, 8 ]
    }, {
      "vertices" : [ 5, 8, 6 ]
    }, {
      "vertices" : [ 2, 7, 5 ]
    }, {
      "vertices" : [ 2, 5, 6 ]
    }, {
      "vertices" : [ 2, 6, 3 ]
    }, {
      "vertices" : [ 11, 14, 16 ]
    }, {
      "vertices" : [ 11, 16, 18 ]
    }, {
      "vertices" : [ 11, 18, 12 ]
    }, {
      "vertices" : [ 1, 13, 17 ]
    }, {
      "vertices" : [ 1, 17, 7 ]
    }, {
      "vertices" : [ 1, 7, 2 ]
    }, {
      "vertices" : [ 9, 20, 18 ]
    }, {
      "vertices" : [ 9, 18, 16 ]
    }, {
      "vertices" : [ 9, 16, 10 ]
    }, {
      "vertices" : [ 0, 1, 2 ]
    }, {
      "vertices" : [ 0, 2, 3 ]
    }, {
      "vertices" : [ 0, 3, 4 ]
    }, {
      "vertices" : [ 5, 7, 17 ]
    }, {
      "vertices" : [ 5, 17, 20 ]
    }, {
      "vertices" : [ 5, 20, 9 ]
    }, {
      "vertices" : [ 0, 4, 15 ]
    }, {
      "vertices" : [ 0, 15, 14 ]
    }, {
      "vertices" : [ 0, 14, 11 ]
    }, {
      "vertices" : [ 8, 10, 16 ]
    }, {
      "vertices" : [ 8, 16, 14 ]
    }, {
      "vertices" : [ 8, 14, 15 ]
    } ]
  }, {
    "id" : "b7d0222c-eec5-4a59-ad4b-2659a69378a0",
    "vertices" : [ {
      "x" : 0.9045085,
      "y" : 0.3454915,
      "z" : 0.25
    }, {
      "x" : 17.230747,
      "y" : 10.435661,
      "z" : 0.25
    }, {
      "x" : 17.039762,
      "y" : 10.7446785,
      "z" : 0.25
    }, {
      "x" : 0.7135255,
      "y" : 0.6545085,
      "z" : 0.25
    }, {
      "x" : 0.809017,
      "y" : 0.5,
      "z" : -0.309017
    }, {
      "x" : 0.9635255,
      "y" : 0.25,
      "z" : -0.095491506
    }, {
      "x" : 0.309017,
      "y" : 0.19098301,
      "z" : 0.0
    }, {
      "x" : 17.635256,
      "y" : 10.899187,
      "z" : 0.0
    }, {
      "x" : 16.980747,
      "y" : 10.84017,
      "z" : -0.095491506
    }, {
      "x" : 17.135256,
      "y" : 10.59017,
      "z" : -0.309017
    }, {
      "x" : 17.944271,
      "y" : 11.09017,
      "z" : 0.0
    }, {
      "x" : 0.6545085,
      "y" : 0.75,
      "z" : -0.095491506
    }, {
      "x" : 17.289762,
      "y" : 10.34017,
      "z" : -0.095491506
    } ],
    "faces" : [ {
      "vertices" : [ 4, 11, 8 ]
    }, {
      "vertices" : [ 4, 8, 9 ]
    }, {
      "vertices" : [ 0, 1, 2 ]
    }, {
      "vertices" : [ 0, 2, 3 ]
    }, {
      "vertices" : [ 0, 3, 6 ]
    }, {
      "vertices" : [ 1, 7, 2 ]
    }, {
      "vertices" : [ 0, 6, 5 ]
    }, {
      "vertices" : [ 4, 5, 6 ]
    }, {
      "vertices" : [ 2, 7, 8 ]
    }, {
      "vertices" : [ 0, 5, 12 ]
    }, {
      "vertices" : [ 0, 12, 1 ]
    }, {
      "vertices" : [ 1, 12, 7 ]
    }, {
      "vertices" : [ 3, 11, 6 ]
    }, {
      "vertices" : [ 4, 6, 11 ]
    }, {
      "vertices" : [ 7, 9, 8 ]
    }, {
      "vertices" : [ 2, 8, 11 ]
    }, {
      "vertices" : [ 2, 11, 3 ]
    }, {
      "vertices" : [ 7, 12, 9 ]
    }, {
      "vertices" : [ 4, 9, 12 ]
    }, {
      "vertices" : [ 4, 12, 5 ]
    } ]
  }, {
    "id" : "a677a020-54f5-46fb-b8d4-6df1d46c8967",
    "vertices" : [ {
      "x" : 0.9045085,
      "y" : 0.3454915,
      "z" : 0.25
    }, {
      "x" : 28.320917,
      "y" : 17.289762,
      "z" : 0.25
    }, {
      "x" : 28.129932,
      "y" : 17.59878,
      "z" : 0.25
    }, {
      "x" : 0.7135255,
      "y" : 0.6545085,
      "z" : 0.25
    }, {
      "x" : 0.809017,
      "y" : 0.5,
      "z" : -0.309017
    }, {
      "x" : 0.9635255,
      "y" : 0.25,
      "z" : -0.095491506
    }, {
      "x" : 0.309017,
      "y" : 0.19098301,
      "z" : 0.0
    }, {
      "x" : 28.725426,
      "y" : 17.753288,
      "z" : 0.0
    }, {
      "x" : 28.070917,
      "y" : 17.694271,
      "z" : -0.095491506
    }, {
      "x" : 28.225426,
      "y" : 17.444271,
      "z" : -0.309017
    }, {
      "x" : 29.034441,
      "y" : 17.944271,
      "z" : 0.0
    }, {
      "x" : 0.6545085,
      "y" : 0.75,
      "z" : -0.095491506
    }, {
      "x" : 28.379932,
      "y" : 17.194271,
      "z" : -0.095491506
    } ],
    "faces" : [ {
      "vertices" : [ 4, 11, 8 ]
    }, {
      "vertices" : [ 4, 8, 9 ]
    }, {
      "vertices" : [ 0, 1, 2 ]
    }, {
      "vertices" : [ 0, 2, 3 ]
    }, {
      "vertices" : [ 0, 3, 6 ]
    }, {
      "vertices" : [ 1, 7, 2 ]
    }, {
      "vertices" : [ 0, 6, 5 ]
    }, {
      "vertices" : [ 4, 5, 6 ]
    }, {
      "vertices" : [ 2, 7, 8 ]
    }, {
      "vertices" : [ 0, 5, 12 ]
    }, {
      "vertices" : [ 0, 12, 1 ]
    }, {
      "vertices" : [ 1, 12, 7 ]
    }, {
      "vertices" : [ 3, 11, 6 ]
    }, {
      "vertices" : [ 4, 6, 11 ]
    }, {
      "vertices" : [ 7, 9, 8 ]
    }, {
      "vertices" : [ 2, 8, 11 ]
    }, {
      "vertices" : [ 2, 11, 3 ]
    }, {
      "vertices" : [ 7, 12, 9 ]
    }, {
      "vertices" : [ 4, 9, 12 ]
    }, {
      "vertices" : [ 4, 12, 5 ]
    } ]
  } ],
  "instances" : [ {
    "shape" : "60608792-c793-496c-be43-a7ba5ddfee68",
    "color" : "#007695",
    "position" : {
      "x" : 0.0,
      "y" : -8.972136,
      "z" : -12.399187
    },
    "orientation" : 41
  }, {
    "shape" : "ea5f58a1-2735-4116-b22b-bbe9ed2c50cc",
    "color" : "#007695",
    "position" : {
      "x" : 0.0,
      "y" : -29.034441,
      "z" : -17.944271
    },
    "orientation" : 6
  }, {
    "shape" : "60608792-c793-496c-be43-a7ba5ddfee68",
    "color" : "#007695",
    "position" : {
      "x" : -11.09017,
      "y" : -8.972136,
      "z" : -5.545085
    },
    "orientation" : 51
  }, {
    "shape" : "034cdbf1-c83a-4542-a4de-c987d0bc2716",
    "color" : "#FFFFFF",
    "position" : {
      "x" : 3.427051,
      "y" : -3.427051,
      "z" : 14.5172205
    }
  }, {
    "shape" : "034cdbf1-c83a-4542-a4de-c987d0bc2716",
    "color" : "#FFFFFF",
    "position" : {
      "x" : 0.0,
      "y" : 8.972136,
      "z" : 12.399187
    }
  }, {
    "shape" : "60608792-c793-496c-be43-a7ba5ddfee68",
    "color" : "#007695",
    "position" : {
      "x" : 0.0,
      "y" : -8.972136,
      "z" : 12.399187
    },
    "orientation" : 9
  }, {
    "shape" : "60608792-c793-496c-be43-a7ba5ddfee68",
    "color" : "#007695",
    "position" : {
      "x" : -3.427051,
      "y" : 3.427051,
      "z" : -14.5172205
    },
    "orientation" : 38
  }, {
    "shape" : "60608792-c793-496c-be43-a7ba5ddfee68",
    "color" : "#007695",
    "position" : {
      "x" : 5.545085,
      "y" : -11.09017,
      "z" : -8.972136
    },
    "orientation" : 6
  }, {
    "shape" : "034cdbf1-c83a-4542-a4de-c987d0bc2716",
    "color" : "#FFFFFF",
    "position" : {
      "x" : -12.399187,
      "y" : 0.0,
      "z" : 8.972136
    }
  }, {
    "shape" : "60608792-c793-496c-be43-a7ba5ddfee68",
    "color" : "#007695",
    "position" : {
      "x" : 3.427051,
      "y" : 14.5172205,
      "z" : 3.427051
    },
    "orientation" : 26
  }, {
    "shape" : "60608792-c793-496c-be43-a7ba5ddfee68",
    "color" : "#007695",
    "position" : {
      "x" : 12.399187,
      "y" : 0.0,
      "z" : 8.972136
    },
    "orientation" : 25
  }, {
    "shape" : "60608792-c793-496c-be43-a7ba5ddfee68",
    "color" : "#007695",
    "position" : {
      "x" : 3.427051,
      "y" : 3.427051,
      "z" : -14.5172205
    },
    "orientation" : 45
  }, {
    "shape" : "b7d0222c-eec5-4a59-ad4b-2659a69378a0",
    "color" : "#AF0000",
    "position" : {
      "x" : -5.545085,
      "y" : 11.09017,
      "z" : 8.972136
    },
    "orientation" : 17
  }, {
    "shape" : "60608792-c793-496c-be43-a7ba5ddfee68",
    "color" : "#007695",
    "position" : {
      "x" : -12.399187,
      "y" : 0.0,
      "z" : 8.972136
    },
    "orientation" : 55
  }, {
    "shape" : "60608792-c793-496c-be43-a7ba5ddfee68",
    "color" : "#007695",
    "position" : {
      "x" : -14.5172205,
      "y" : -3.427051,
      "z" : 3.427051
    },
    "orientation" : 10
  }, {
    "shape" : "60608792-c793-496c-be43-a7ba5ddfee68",
    "color" : "#007695",
    "position" : {
      "x" : -5.545085,
      "y" : 11.09017,
      "z" : 8.972136
    },
    "orientation" : 53
  }, {
    "shape" : "60608792-c793-496c-be43-a7ba5ddfee68",
    "color" : "#007695",
    "position" : {
      "x" : -14.5172205,
      "y" : 3.427051,
      "z" : -3.427051
    },
    "orientation" : 25
  }, {
    "shape" : "034cdbf1-c83a-4542-a4de-c987d0bc2716",
    "color" : "#FFFFFF",
    "position" : {
      "x" : -14.5172205,
      "y" : 3.427051,
      "z" : 3.427051
    }
  }, {
    "shape" : "ea5f58a1-2735-4116-b22b-bbe9ed2c50cc",
    "color" : "#007695",
    "position" : {
      "x" : 17.944271,
      "y" : 0.0,
      "z" : -29.034441
    },
    "orientation" : 37
  }, {
    "shape" : "034cdbf1-c83a-4542-a4de-c987d0bc2716",
    "color" : "#FFFFFF",
    "position" : {
      "x" : -3.427051,
      "y" : 3.427051,
      "z" : -14.5172205
    }
  }, {
    "shape" : "034cdbf1-c83a-4542-a4de-c987d0bc2716",
    "color" : "#FFFFFF",
    "position" : {
      "x" : 12.399187,
      "y" : 0.0,
      "z" : -8.972136
    }
  }, {
    "shape" : "60608792-c793-496c-be43-a7ba5ddfee68",
    "color" : "#007695",
    "position" : {
      "x" : -14.5172205,
      "y" : 3.427051,
      "z" : -3.427051
    },
    "orientation" : 6
  }, {
    "shape" : "a677a020-54f5-46fb-b8d4-6df1d46c8967",
    "color" : "#AF0000",
    "position" : {
      "x" : 0.0,
      "y" : 0.0,
      "z" : 0.0
    },
    "orientation" : 2
  }, {
    "shape" : "60608792-c793-496c-be43-a7ba5ddfee68",
    "color" : "#007695",
    "position" : {
      "x" : 8.972136,
      "y" : 12.399187,
      "z" : 0.0
    },
    "orientation" : 25
  }, {
    "shape" : "034cdbf1-c83a-4542-a4de-c987d0bc2716",
    "color" : "#FFFFFF",
    "position" : {
      "x" : -12.399187,
      "y" : 0.0,
      "z" : -8.972136
    }
  }, {
    "shape" : "034cdbf1-c83a-4542-a4de-c987d0bc2716",
    "color" : "#FFFFFF",
    "position" : {
      "x" : -14.5172205,
      "y" : -3.427051,
      "z" : 3.427051
    }
  }, {
    "shape" : "034cdbf1-c83a-4542-a4de-c987d0bc2716",
    "color" : "#FFFFFF",
    "position" : {
      "x" : 3.427051,
      "y" : 14.5172205,
      "z" : -3.427051
    }
  }, {
    "shape" : "a677a020-54f5-46fb-b8d4-6df1d46c8967",
    "color" : "#AF0000",
    "position" : {
      "x" : 0.0,
      "y" : 0.0,
      "z" : 0.0
    },
    "orientation" : 15
  }, {
    "shape" : "60608792-c793-496c-be43-a7ba5ddfee68",
    "color" : "#007695",
    "position" : {
      "x" : 8.972136,
      "y" : -12.399187,
      "z" : 0.0
    },
    "orientation" : 41
  }, {
    "shape" : "60608792-c793-496c-be43-a7ba5ddfee68",
    "color" : "#007695",
    "position" : {
      "x" : -8.972136,
      "y" : 5.545085,
      "z" : -11.09017
    },
    "orientation" : 39
  }, {
    "shape" : "60608792-c793-496c-be43-a7ba5ddfee68",
    "color" : "#007695",
    "position" : {
      "x" : 11.09017,
      "y" : 8.972136,
      "z" : -5.545085
    },
    "orientation" : 22
  }, {
    "shape" : "60608792-c793-496c-be43-a7ba5ddfee68",
    "color" : "#007695",
    "position" : {
      "x" : 11.09017,
      "y" : 8.972136,
      "z" : -5.545085
    },
    "orientation" : 21
  }, {
    "shape" : "034cdbf1-c83a-4542-a4de-c987d0bc2716",
    "color" : "#FFFFFF",
    "position" : {
      "x" : -5.545085,
      "y" : 11.09017,
      "z" : -8.972136
    }
  }, {
    "shape" : "60608792-c793-496c-be43-a7ba5ddfee68",
    "color" : "#007695",
    "position" : {
      "x" : 3.427051,
      "y" : 3.427051,
      "z" : -14.5172205
    },
    "orientation" : 16
  }, {
    "shape" : "60608792-c793-496c-be43-a7ba5ddfee68",
    "color" : "#007695",
    "position" : {
      "x" : 8.972136,
      "y" : 12.399187,
      "z" : 0.0
    },
    "orientation" : 56
  }, {
    "shape" : "60608792-c793-496c-be43-a7ba5ddfee68",
    "color" : "#007695",
    "position" : {
      "x" : 11.09017,
      "y" : 8.972136,
      "z" : 5.545085
    },
    "orientation" : 55
  }, {
    "shape" : "034cdbf1-c83a-4542-a4de-c987d0bc2716",
    "color" : "#FFFFFF",
    "position" : {
      "x" : -5.545085,
      "y" : 11.09017,
      "z" : 8.972136
    }
  }, {
    "shape" : "60608792-c793-496c-be43-a7ba5ddfee68",
    "color" : "#007695",
    "position" : {
      "x" : -8.972136,
      "y" : 5.545085,
      "z" : 11.09017
    },
    "orientation" : 8
  }, {
    "shape" : "b7d0222c-eec5-4a59-ad4b-2659a69378a0",
    "color" : "#AF0000",
    "position" : {
      "x" : -14.5172205,
      "y" : -3.427051,
      "z" : -3.427051
    },
    "orientation" : 2
  }, {
    "shape" : "034cdbf1-c83a-4542-a4de-c987d0bc2716",
    "color" : "#FFFFFF",
    "position" : {
      "x" : 3.427051,
      "y" : -14.5172205,
      "z" : 3.427051
    }
  }, {
    "shape" : "ea5f58a1-2735-4116-b22b-bbe9ed2c50cc",
    "color" : "#007695",
    "position" : {
      "x" : -29.034441,
      "y" : 17.944271,
      "z" : 0.0
    },
    "orientation" : 37
  }, {
    "shape" : "60608792-c793-496c-be43-a7ba5ddfee68",
    "color" : "#007695",
    "position" : {
      "x" : 5.545085,
      "y" : 11.09017,
      "z" : 8.972136
    },
    "orientation" : 21
  }, {
    "shape" : "60608792-c793-496c-be43-a7ba5ddfee68",
    "color" : "#007695",
    "position" : {
      "x" : 11.09017,
      "y" : -8.972136,
      "z" : -5.545085
    },
    "orientation" : 40
  }, {
    "shape" : "60608792-c793-496c-be43-a7ba5ddfee68",
    "color" : "#007695",
    "position" : {
      "x" : -3.427051,
      "y" : -14.5172205,
      "z" : -3.427051
    },
    "orientation" : 2
  }, {
    "shape" : "60608792-c793-496c-be43-a7ba5ddfee68",
    "color" : "#007695",
    "position" : {
      "x" : 8.972136,
      "y" : -5.545085,
      "z" : 11.09017
    },
    "orientation" : 38
  }, {
    "shape" : "60608792-c793-496c-be43-a7ba5ddfee68",
    "color" : "#007695",
    "position" : {
      "x" : -5.545085,
      "y" : 11.09017,
      "z" : -8.972136
    },
    "orientation" : 26
  }, {
    "shape" : "ea5f58a1-2735-4116-b22b-bbe9ed2c50cc",
    "color" : "#007695",
    "position" : {
      "x" : 0.0,
      "y" : -29.034441,
      "z" : 17.944271
    },
    "orientation" : 23
  }, {
    "shape" : "034cdbf1-c83a-4542-a4de-c987d0bc2716",
    "color" : "#FFFFFF",
    "position" : {
      "x" : -3.427051,
      "y" : -3.427051,
      "z" : -14.5172205
    }
  }, {
    "shape" : "b7d0222c-eec5-4a59-ad4b-2659a69378a0",
    "color" : "#AF0000",
    "position" : {
      "x" : 5.545085,
      "y" : 11.09017,
      "z" : 8.972136
    },
    "orientation" : 30
  }, {
    "shape" : "ea5f58a1-2735-4116-b22b-bbe9ed2c50cc",
    "color" : "#007695",
    "position" : {
      "x" : 17.944271,
      "y" : 0.0,
      "z" : -29.034441
    },
    "orientation" : 10
  }, {
    "shape" : "034cdbf1-c83a-4542-a4de-c987d0bc2716",
    "color" : "#FFFFFF",
    "position" : {
      "x" : -11.09017,
      "y" : -8.972136,
      "z" : 5.545085
    }
  }, {
    "shape" : "60608792-c793-496c-be43-a7ba5ddfee68",
    "color" : "#007695",
    "position" : {
      "x" : 5.545085,
      "y" : 11.09017,
      "z" : -8.972136
    },
    "orientation" : 7
  }, {
    "shape" : "60608792-c793-496c-be43-a7ba5ddfee68",
    "color" : "#007695",
    "position" : {
      "x" : 5.545085,
      "y" : -11.09017,
      "z" : 8.972136
    },
    "orientation" : 23
  }, {
    "shape" : "034cdbf1-c83a-4542-a4de-c987d0bc2716",
    "color" : "#FFFFFF",
    "position" : {
      "x" : 0.0,
      "y" : -8.972136,
      "z" : -12.399187
    }
  }, {
    "shape" : "034cdbf1-c83a-4542-a4de-c987d0bc2716",
    "color" : "#FFFFFF",
    "position" : {
      "x" : 11.09017,
      "y" : 8.972136,
      "z" : 5.545085
    }
  }, {
    "shape" : "60608792-c793-496c-be43-a7ba5ddfee68",
    "color" : "#007695",
    "position" : {
      "x" : 12.399187,
      "y" : 0.0,
      "z" : -8.972136
    },
    "orientation" : 54
  }, {
    "shape" : "b7d0222c-eec5-4a59-ad4b-2659a69378a0",
    "color" : "#AF0000",
    "position" : {
      "x" : -8.972136,
      "y" : -5.545085,
      "z" : 11.09017
    },
    "orientation" : 46
  }, {
    "shape" : "b7d0222c-eec5-4a59-ad4b-2659a69378a0",
    "color" : "#AF0000",
    "position" : {
      "x" : -11.09017,
      "y" : -8.972136,
      "z" : 5.545085
    },
    "orientation" : 17
  }, {
    "shape" : "034cdbf1-c83a-4542-a4de-c987d0bc2716",
    "color" : "#FFFFFF",
    "position" : {
      "x" : 8.972136,
      "y" : 5.545085,
      "z" : 11.09017
    }
  }, {
    "shape" : "ea5f58a1-2735-4116-b22b-bbe9ed2c50cc",
    "color" : "#007695",
    "position" : {
      "x" : 0.0,
      "y" : -29.034441,
      "z" : 17.944271
    },
    "orientation" : 51
  }, {
    "shape" : "034cdbf1-c83a-4542-a4de-c987d0bc2716",
    "color" : "#FFFFFF",
    "position" : {
      "x" : 0.0,
      "y" : -29.034441,
      "z" : -17.944271
    }
  }, {
    "shape" : "60608792-c793-496c-be43-a7ba5ddfee68",
    "color" : "#007695",
    "position" : {
      "x" : 3.427051,
      "y" : 14.5172205,
      "z" : 3.427051
    },
    "orientation" : 37
  }, {
    "shape" : "b7d0222c-eec5-4a59-ad4b-2659a69378a0",
    "color" : "#AF0000",
    "position" : {
      "x" : -3.427051,
      "y" : 3.427051,
      "z" : -14.5172205
    },
    "orientation" : 32
  }, {
    "shape" : "ea5f58a1-2735-4116-b22b-bbe9ed2c50cc",
    "color" : "#007695",
    "position" : {
      "x" : 0.0,
      "y" : 29.034441,
      "z" : -17.944271
    },
    "orientation" : 24
  }, {
    "shape" : "60608792-c793-496c-be43-a7ba5ddfee68",
    "color" : "#007695",
    "position" : {
      "x" : -3.427051,
      "y" : 14.5172205,
      "z" : 3.427051
    },
    "orientation" : 47
  }, {
    "shape" : "60608792-c793-496c-be43-a7ba5ddfee68",
    "color" : "#007695",
    "position" : {
      "x" : 3.427051,
      "y" : 3.427051,
      "z" : 14.5172205
    },
    "orientation" : 54
  }, {
    "shape" : "a677a020-54f5-46fb-b8d4-6df1d46c8967",
    "color" : "#AF0000",
    "position" : {
      "x" : 0.0,
      "y" : 0.0,
      "z" : 0.0
    },
    "orientation" : 17
  }, {
    "shape" : "60608792-c793-496c-be43-a7ba5ddfee68",
    "color" : "#007695",
    "position" : {
      "x" : -11.09017,
      "y" : 8.972136,
      "z" : -5.545085
    },
    "orientation" : 23
  }, {
    "shape" : "034cdbf1-c83a-4542-a4de-c987d0bc2716",
    "color" : "#FFFFFF",
    "position" : {
      "x" : 11.09017,
      "y" : -8.972136,
      "z" : -5.545085
    }
  }, {
    "shape" : "60608792-c793-496c-be43-a7ba5ddfee68",
    "color" : "#007695",
    "position" : {
      "x" : 3.427051,
      "y" : -14.5172205,
      "z" : 3.427051
    },
    "orientation" : 47
  }, {
    "shape" : "60608792-c793-496c-be43-a7ba5ddfee68",
    "color" : "#007695",
    "position" : {
      "x" : 0.0,
      "y" : -8.972136,
      "z" : 12.399187
    },
    "orientation" : 26
  }, {
    "shape" : "034cdbf1-c83a-4542-a4de-c987d0bc2716",
    "color" : "#FFFFFF",
    "position" : {
      "x" : -29.034441,
      "y" : 17.944271,
      "z" : 0.0
    }
  }, {
    "shape" : "60608792-c793-496c-be43-a7ba5ddfee68",
    "color" : "#007695",
    "position" : {
      "x" : -11.09017,
      "y" : -8.972136,
      "z" : 5.545085
    },
    "orientation" : 8
  }, {
    "shape" : "60608792-c793-496c-be43-a7ba5ddfee68",
    "color" : "#007695",
    "position" : {
      "x" : -8.972136,
      "y" : -5.545085,
      "z" : 11.09017
    },
    "orientation" : 54
  }, {
    "shape" : "ea5f58a1-2735-4116-b22b-bbe9ed2c50cc",
    "color" : "#007695",
    "position" : {
      "x" : 29.034441,
      "y" : -17.944271,
      "z" : 0.0
    },
    "orientation" : 1
  }, {
    "shape" : "60608792-c793-496c-be43-a7ba5ddfee68",
    "color" : "#007695",
    "position" : {
      "x" : 14.5172205,
      "y" : -3.427051,
      "z" : 3.427051
    },
    "orientation" : 1
  }, {
    "shape" : "60608792-c793-496c-be43-a7ba5ddfee68",
    "color" : "#007695",
    "position" : {
      "x" : 8.972136,
      "y" : -12.399187,
      "z" : 0.0
    },
    "orientation" : 10
  }, {
    "shape" : "034cdbf1-c83a-4542-a4de-c987d0bc2716",
    "color" : "#FFFFFF",
    "position" : {
      "x" : 3.427051,
      "y" : 3.427051,
      "z" : 14.5172205
    }
  }, {
    "shape" : "b7d0222c-eec5-4a59-ad4b-2659a69378a0",
    "color" : "#AF0000",
    "position" : {
      "x" : -5.545085,
      "y" : 11.09017,
      "z" : -8.972136
    },
    "orientation" : 15
  }, {
    "shape" : "034cdbf1-c83a-4542-a4de-c987d0bc2716",
    "color" : "#FFFFFF",
    "position" : {
      "x" : -8.972136,
      "y" : 5.545085,
      "z" : -11.09017
    }
  }, {
    "shape" : "034cdbf1-c83a-4542-a4de-c987d0bc2716",
    "color" : "#FFFFFF",
    "position" : {
      "x" : 14.5172205,
      "y" : -3.427051,
      "z" : 3.427051
    }
  }, {
    "shape" : "60608792-c793-496c-be43-a7ba5ddfee68",
    "color" : "#007695",
    "position" : {
      "x" : 3.427051,
      "y" : -14.5172205,
      "z" : -3.427051
    },
    "orientation" : 52
  }, {
    "shape" : "60608792-c793-496c-be43-a7ba5ddfee68",
    "color" : "#007695",
    "position" : {
      "x" : -8.972136,
      "y" : 5.545085,
      "z" : -11.09017
    },
    "orientation" : 7
  }, {
    "shape" : "ea5f58a1-2735-4116-b22b-bbe9ed2c50cc",
    "color" : "#007695",
    "position" : {
      "x" : 29.034441,
      "y" : 17.944271,
      "z" : 0.0
    },
    "orientation" : 38
  }, {
    "shape" : "60608792-c793-496c-be43-a7ba5ddfee68",
    "color" : "#007695",
    "position" : {
      "x" : -14.5172205,
      "y" : -3.427051,
      "z" : -3.427051
    },
    "orientation" : 1
  }, {
    "shape" : "60608792-c793-496c-be43-a7ba5ddfee68",
    "color" : "#007695",
    "position" : {
      "x" : -3.427051,
      "y" : -14.5172205,
      "z" : 3.427051
    },
    "orientation" : 7
  }, {
    "shape" : "60608792-c793-496c-be43-a7ba5ddfee68",
    "color" : "#007695",
    "position" : {
      "x" : 14.5172205,
      "y" : 3.427051,
      "z" : 3.427051
    },
    "orientation" : 40
  }, {
    "shape" : "034cdbf1-c83a-4542-a4de-c987d0bc2716",
    "color" : "#FFFFFF",
    "position" : {
      "x" : 5.545085,
      "y" : 11.09017,
      "z" : -8.972136
    }
  }, {
    "shape" : "60608792-c793-496c-be43-a7ba5ddfee68",
    "color" : "#007695",
    "position" : {
      "x" : 14.5172205,
      "y" : -3.427051,
      "z" : -3.427051
    },
    "orientation" : 36
  }, {
    "shape" : "60608792-c793-496c-be43-a7ba5ddfee68",
    "color" : "#007695",
    "position" : {
      "x" : -14.5172205,
      "y" : 3.427051,
      "z" : 3.427051
    },
    "orientation" : 47
  }, {
    "shape" : "034cdbf1-c83a-4542-a4de-c987d0bc2716",
    "color" : "#FFFFFF",
    "position" : {
      "x" : 8.972136,
      "y" : -12.399187,
      "z" : 0.0
    }
  }, {
    "shape" : "034cdbf1-c83a-4542-a4de-c987d0bc2716",
    "color" : "#FFFFFF",
    "position" : {
      "x" : -11.09017,
      "y" : 8.972136,
      "z" : 5.545085
    }
  }, {
    "shape" : "034cdbf1-c83a-4542-a4de-c987d0bc2716",
    "color" : "#FFFFFF",
    "position" : {
      "x" : 5.545085,
      "y" : 11.09017,
      "z" : 8.972136
    }
  }, {
    "shape" : "ea5f58a1-2735-4116-b22b-bbe9ed2c50cc",
    "color" : "#007695",
    "position" : {
      "x" : 29.034441,
      "y" : -17.944271,
      "z" : 0.0
    },
    "orientation" : 53
  }, {
    "shape" : "b7d0222c-eec5-4a59-ad4b-2659a69378a0",
    "color" : "#AF0000",
    "position" : {
      "x" : -11.09017,
      "y" : 8.972136,
      "z" : -5.545085
    },
    "orientation" : 2
  }, {
    "shape" : "60608792-c793-496c-be43-a7ba5ddfee68",
    "color" : "#007695",
    "position" : {
      "x" : 12.399187,
      "y" : 0.0,
      "z" : 8.972136
    },
    "orientation" : 39
  }, {
    "shape" : "b7d0222c-eec5-4a59-ad4b-2659a69378a0",
    "color" : "#AF0000",
    "position" : {
      "x" : 11.09017,
      "y" : 8.972136,
      "z" : -5.545085
    },
    "orientation" : 31
  }, {
    "shape" : "034cdbf1-c83a-4542-a4de-c987d0bc2716",
    "color" : "#FFFFFF",
    "position" : {
      "x" : 29.034441,
      "y" : 17.944271,
      "z" : 0.0
    }
  }, {
    "shape" : "b7d0222c-eec5-4a59-ad4b-2659a69378a0",
    "color" : "#AF0000",
    "position" : {
      "x" : -8.972136,
      "y" : 5.545085,
      "z" : -11.09017
    },
    "orientation" : 31
  }, {
    "shape" : "034cdbf1-c83a-4542-a4de-c987d0bc2716",
    "color" : "#FFFFFF",
    "position" : {
      "x" : -8.972136,
      "y" : 5.545085,
      "z" : 11.09017
    }
  }, {
    "shape" : "ea5f58a1-2735-4116-b22b-bbe9ed2c50cc",
    "color" : "#007695",
    "position" : {
      "x" : -17.944271,
      "y" : 0.0,
      "z" : -29.034441
    },
    "orientation" : 0
  }, {
    "shape" : "034cdbf1-c83a-4542-a4de-c987d0bc2716",
    "color" : "#FFFFFF",
    "position" : {
      "x" : -17.944271,
      "y" : 0.0,
      "z" : 29.034441
    }
  }, {
    "shape" : "034cdbf1-c83a-4542-a4de-c987d0bc2716",
    "color" : "#FFFFFF",
    "position" : {
      "x" : 12.399187,
      "y" : 0.0,
      "z" : 8.972136
    }
  }, {
    "shape" : "a677a020-54f5-46fb-b8d4-6df1d46c8967",
    "color" : "#AF0000",
    "position" : {
      "x" : 0.0,
      "y" : 0.0,
      "z" : 0.0
    },
    "orientation" : 16
  }, {
    "shape" : "60608792-c793-496c-be43-a7ba5ddfee68",
    "color" : "#007695",
    "position" : {
      "x" : -12.399187,
      "y" : 0.0,
      "z" : -8.972136
    },
    "orientation" : 24
  }, {
    "shape" : "a677a020-54f5-46fb-b8d4-6df1d46c8967",
    "color" : "#AF0000",
    "position" : {
      "x" : 0.0,
      "y" : 0.0,
      "z" : 0.0
    },
    "orientation" : 30
  }, {
    "shape" : "034cdbf1-c83a-4542-a4de-c987d0bc2716",
    "color" : "#FFFFFF",
    "position" : {
      "x" : -14.5172205,
      "y" : -3.427051,
      "z" : -3.427051
    }
  }, {
    "shape" : "034cdbf1-c83a-4542-a4de-c987d0bc2716",
    "color" : "#FFFFFF",
    "position" : {
      "x" : 3.427051,
      "y" : -14.5172205,
      "z" : -3.427051
    }
  }, {
    "shape" : "60608792-c793-496c-be43-a7ba5ddfee68",
    "color" : "#007695",
    "position" : {
      "x" : -8.972136,
      "y" : 5.545085,
      "z" : 11.09017
    },
    "orientation" : 6
  }, {
    "shape" : "034cdbf1-c83a-4542-a4de-c987d0bc2716",
    "color" : "#FFFFFF",
    "position" : {
      "x" : -3.427051,
      "y" : -14.5172205,
      "z" : 3.427051
    }
  }, {
    "shape" : "60608792-c793-496c-be43-a7ba5ddfee68",
    "color" : "#007695",
    "position" : {
      "x" : -5.545085,
      "y" : -11.09017,
      "z" : -8.972136
    },
    "orientation" : 37
  }, {
    "shape" : "a677a020-54f5-46fb-b8d4-6df1d46c8967",
    "color" : "#AF0000",
    "position" : {
      "x" : 0.0,
      "y" : 0.0,
      "z" : 0.0
    },
    "orientation" : 45
  }, {
    "shape" : "b7d0222c-eec5-4a59-ad4b-2659a69378a0",
    "color" : "#AF0000",
    "position" : {
      "x" : -3.427051,
      "y" : 14.5172205,
      "z" : 3.427051
    },
    "orientation" : 15
  }, {
    "shape" : "60608792-c793-496c-be43-a7ba5ddfee68",
    "color" : "#007695",
    "position" : {
      "x" : 3.427051,
      "y" : -3.427051,
      "z" : 14.5172205
    },
    "orientation" : 45
  }, {
    "shape" : "b7d0222c-eec5-4a59-ad4b-2659a69378a0",
    "color" : "#AF0000",
    "position" : {
      "x" : 3.427051,
      "y" : 14.5172205,
      "z" : 3.427051
    },
    "orientation" : 31
  }, {
