{
  "field" : "golden",
  "symmetry" : "icosahedral",
  "orientations" : [ [ 1.0, 0.0, 0.0, 0.0, 0.0, 1.0, 0.0, 0.0, 0.0, 0.0, 1.0, 0.0, 0.0, 0.0, 0.0, 1.0 ], [ 0.0, 0.0, 1.0, 0.0, 1.0, 0.0, 0.0, 0.0, 0.0, 1.0, 0.0, 0.0, 0.0, 0.0, 0.0, 1.0 ], [ 0.0, 1.0, 0.0, 0.0, 0.0, 0.0, 1.0, 0.0, 1.0, 0.0, 0.0, 0.0, 0.0, 0.0, 0.0, 1.0 ], [ 0.809017, 0.309017, 0.5, 0.0, 0.309017, 0.5, -0.809017, 0.0, -0.5, 0.809017, 0.309017, 0.0, 0.0, 0.0, 0.0, 1.0 ], [ -0.5, 0.809017, 0.309017, 0.0, 0.809017, 0.309017, 0.5, 0.0, 0.309017, 0.5, -0.809017, 0.0, 0.0, 0.0, 0.0, 1.0 ], [ 0.309017, 0.5, -0.809017, 0.0, -0.5, 0.809017, 0.309017, 0.0, 0.809017, 0.309017, 0.5, 0.0, 0.0, 0.0, 0.0, 1.0 ], [ 0.5, 0.809017, 0.309017, 0.0, 0.809017, -0.309017, -0.5, 0.0, -0.309017, 0.5, -0.809017, 0.0, 0.0, 0.0, 0.0, 1.0 ], [ -0.309017, 0.5, -0.809017, 0.0, 0.5, 0.809017, 0.309017, 0.0, 0.809017, -0.309017, -0.5, 0.0, 0.0, 0.0, 0.0, 1.0 ], [ 0.809017, -0.309017, -0.5, 0.0, -0.309017, 0.5, -0.809017, 0.0, 0.5, 0.809017, 0.309017, 0.0, 0.0, 0.0, 0.0, 1.0 ], [ 0.5, 0.809017, -0.309017, 0.0, 0.809017, -0.309017, 0.5, 0.0, 0.309017, -0.5, -0.809017, 0.0, 0.0, 0.0, 0.0, 1.0 ], [ 0.309017, -0.5, -0.809017, 0.0, 0.5, 0.809017, -0.309017, 0.0, 0.809017, -0.309017, 0.5, 0.0, 0.0, 0.0, 0.0, 1.0 ], [ 0.809017, -0.309017, 0.5, 0.0, 0.309017, -0.5, -0.809017, 0.0, 0.5, 0.809017, -0.309017, 0.0, 0.0, 0.0, 0.0, 1.0 ], [ 0.809017, 0.309017, -0.5, 0.0, 0.309017, 0.5, 0.809017, 0.0, 0.5, -0.809017, 0.309017, 0.0, 0.0, 0.0, 0.0, 1.0 ], [ 0.5, -0.809017, 0.309017, 0.0, 0.809017, 0.309017, -0.5, 0.0, 0.309017, 0.5, 0.809017, 0.0, 0.0, 0.0, 0.0, 1.0 ], [ 0.309017, 0.5, 0.809017, 0.0, 0.5, -0.809017, 0.309017, 0.0, 0.809017, 0.309017, -0.5, 0.0, 0.0, 0.0, 0.0, 1.0 ], [ 1.0, 0.0, 0.0, 0.0, 0.0, -1.0, 0.0, 0.0, 0.0, 0.0, -1.0, 0.0, 0.0, 0.0, 0.0, 1.0 ], [ 0.0, 0.0, 1.0, 0.0, -1.0, 0.0, 0.0, 0.0, 0.0, -1.0, 0.0, 0.0, 0.0, 0.0, 0.0, 1.0 ], [ 0.0, 1.0, 0.0, 0.0, 0.0, 0.0, -1.0, 0.0, -1.0, 0.0, 0.0, 0.0, 0.0, 0.0, 0.0, 1.0 ], [ 0.809017, 0.309017, 0.5, 0.0, -0.309017, -0.5, 0.809017, 0.0, 0.5, -0.809017, -0.309017, 0.0, 0.0, 0.0, 0.0, 1.0 ], [ -0.5, 0.809017, 0.309017, 0.0, -0.809017, -0.309017, -0.5, 0.0, -0.309017, -0.5, 0.809017, 0.0, 0.0, 0.0, 0.0, 1.0 ], [ 0.309017, 0.5, -0.809017, 0.0, 0.5, -0.809017, -0.309017, 0.0, -0.809017, -0.309017, -0.5, 0.0, 0.0, 0.0, 0.0, 1.0 ], [ 0.5, 0.809017, 0.309017, 0.0, -0.809017, 0.309017, 0.5, 0.0, 0.309017, -0.5, 0.809017, 0.0, 0.0, 0.0, 0.0, 1.0 ], [ -0.309017, 0.5, -0.809017, 0.0, -0.5, -0.809017, -0.309017, 0.0, -0.809017, 0.309017, 0.5, 0.0, 0.0, 0.0, 0.0, 1.0 ], [ 0.809017, -0.309017, -0.5, 0.0, 0.309017, -0.5, 0.809017, 0.0, -0.5, -0.809017, -0.309017, 0.0, 0.0, 0.0, 0.0, 1.0 ], [ 0.5, 0.809017, -0.309017, 0.0, -0.809017, 0.309017, -0.5, 0.0, -0.309017, 0.5, 0.809017, 0.0, 0.0, 0.0, 0.0, 1.0 ], [ 0.309017, -0.5, -0.809017, 0.0, -0.5, -0.809017, 0.309017, 0.0, -0.809017, 0.309017, -0.5, 0.0, 0.0, 0.0, 0.0, 1.0 ], [ 0.809017, -0.309017, 0.5, 0.0, -0.309017, 0.5, 0.809017, 0.0, -0.5, -0.809017, 0.309017, 0.0, 0.0, 0.0, 0.0, 1.0 ], [ 0.809017, 0.309017, -0.5, 0.0, -0.309017, -0.5, -0.809017, 0.0, -0.5, 0.809017, -0.309017, 0.0, 0.0, 0.0, 0.0, 1.0 ], [ 0.5, -0.809017, 0.309017, 0.0, -0.809017, -0.309017, 0.5, 0.0, -0.309017, -0.5, -0.809017, 0.0, 0.0, 0.0, 0.0, 1.0 ], [ 0.309017, 0.5, 0.809017, 0.0, -0.5, 0.809017, -0.309017, 0.0, -0.809017, -0.309017, 0.5, 0.0, 0.0, 0.0, 0.0, 1.0 ], [ -1.0, 0.0, 0.0, 0.0, 0.0, -1.0, 0.0, 0.0, 0.0, 0.0, 1.0, 0.0, 0.0, 0.0, 0.0, 1.0 ], [ 0.0, 0.0, -1.0, 0.0, -1.0, 0.0, 0.0, 0.0, 0.0, 1.0, 0.0, 0.0, 0.0, 0.0, 0.0, 1.0 ], [ 0.0, -1.0, 0.0, 0.0, 0.0, 0.0, -1.0, 0.0, 1.0, 0.0, 0.0, 0.0, 0.0, 0.0, 0.0, 1.0 ], [ -0.809017, -0.309017, -0.5, 0.0, -0.309017, -0.5, 0.809017, 0.0, -0.5, 0.809017, 0.309017, 0.0, 0.0, 0.0, 0.0, 1.0 ], [ 0.5, -0.809017, -0.309017, 0.0, -0.809017, -0.309017, -0.5, 0.0, 0.309017, 0.5, -0.809017, 0.0, 0.0, 0.0, 0.0, 1.0 ], [ -0.309017, -0.5, 0.809017, 0.0, 0.5, -0.809017, -0.309017, 0.0, 0.809017, 0.309017, 0.5, 0.0, 0.0, 0.0, 0.0, 1.0 ], [ -0.5, -0.809017, -0.309017, 0.0, -0.809017, 0.309017, 0.5, 0.0, -0.309017, 0.5, -0.809017, 0.0, 0.0, 0.0, 0.0, 1.0 ], [ 0.309017, -0.5, 0.809017, 0.0, -0.5, -0.809017, -0.309017, 0.0, 0.809017, -0.309017, -0.5, 0.0, 0.0, 0.0, 0.0, 1.0 ], [ -0.809017, 0.309017, 0.5, 0.0, 0.309017, -0.5, 0.809017, 0.0, 0.5, 0.809017, 0.309017, 0.0, 0.0, 0.0, 0.0, 1.0 ], [ -0.5, -0.809017, 0.309017, 0.0, -0.809017, 0.309017, -0.5, 0.0, 0.309017, -0.5, -0.809017, 0.0, 0.0, 0.0, 0.0, 1.0 ], [ -0.309017, 0.5, 0.809017, 0.0, -0.5, -0.809017, 0.309017, 0.0, 0.809017, -0.309017, 0.5, 0.0, 0.0, 0.0, 0.0, 1.0 ], [ -0.809017, 0.309017, -0.5, 0.0, -0.309017, 0.5, 0.809017, 0.0, 0.5, 0.809017, -0.309017, 0.0, 0.0, 0.0, 0.0, 1.0 ], [ -0.809017, -0.309017, 0.5, 0.0, -0.309017, -0.5, -0.809017, 0.0, 0.5, -0.809017, 0.309017, 0.0, 0.0, 0.0, 0.0, 1.0 ], [ -0.5, 0.809017, -0.309017, 0.0, -0.809017, -0.309017, 0.5, 0.0, 0.309017, 0.5, 0.809017, 0.0, 0.0, 0.0, 0.0, 1.0 ], [ -0.309017, -0.5, -0.809017, 0.0, -0.5, 0.809017, -0.309017, 0.0, 0.809017, 0.309017, -0.5, 0.0, 0.0, 0.0, 0.0, 1.0 ], [ -1.0, 0.0, 0.0, 0.0, 0.0, 1.0, 0.0, 0.0, 0.0, 0.0, -1.0, 0.0, 0.0, 0.0, 0.0, 1.0 ], [ 0.0, 0.0, -1.0, 0.0, 1.0, 0.0, 0.0, 0.0, 0.0, -1.0, 0.0, 0.0, 0.0, 0.0, 0.0, 1.0 ], [ 0.0, -1.0, 0.0, 0.0, 0.0, 0.0, 1.0, 0.0, -1.0, 0.0, 0.0, 0.0, 0.0, 0.0, 0.0, 1.0 ], [ -0.809017, -0.309017, -0.5, 0.0, 0.309017, 0.5, -0.809017, 0.0, 0.5, -0.809017, -0.309017, 0.0, 0.0, 0.0, 0.0, 1.0 ], [ 0.5, -0.809017, -0.309017, 0.0, 0.809017, 0.309017, 0.5, 0.0, -0.309017, -0.5, 0.809017, 0.0, 0.0, 0.0, 0.0, 1.0 ], [ -0.309017, -0.5, 0.809017, 0.0, -0.5, 0.809017, 0.309017, 0.0, -0.809017, -0.309017, -0.5, 0.0, 0.0, 0.0, 0.0, 1.0 ], [ -0.5, -0.809017, -0.309017, 0.0, 0.809017, -0.309017, -0.5, 0.0, 0.309017, -0.5, 0.809017, 0.0, 0.0, 0.0, 0.0, 1.0 ], [ 0.309017, -0.5, 0.809017, 0.0, 0.5, 0.809017, 0.309017, 0.0, -0.809017, 0.309017, 0.5, 0.0, 0.0, 0.0, 0.0, 1.0 ], [ -0.809017, 0.309017, 0.5, 0.0, -0.309017, 0.5, -0.809017, 0.0, -0.5, -0.809017, -0.309017, 0.0, 0.0, 0.0, 0.0, 1.0 ], [ -0.5, -0.809017, 0.309017, 0.0, 0.809017, -0.309017, 0.5, 0.0, -0.309017, 0.5, 0.809017, 0.0, 0.0, 0.0, 0.0, 1.0 ], [ -0.309017, 0.5, 0.809017, 0.0, 0.5, 0.809017, -0.309017, 0.0, -0.809017, 0.309017, -0.5, 0.0, 0.0, 0.0, 0.0, 1.0 ], [ -0.809017, 0.309017, -0.5, 0.0, 0.309017, -0.5, -0.809017, 0.0, -0.5, -0.809017, 0.309017, 0.0, 0.0, 0.0, 0.0, 1.0 ], [ -0.809017, -0.309017, 0.5, 0.0, 0.309017, 0.5, 0.809017, 0.0, -0.5, 0.809017, -0.309017, 0.0, 0.0, 0.0, 0.0, 1.0 ], [ -0.5, 0.809017, -0.309017, 0.0, 0.809017, 0.309017, -0.5, 0.0, -0.309017, -0.5, -0.809017, 0.0, 0.0, 0.0, 0.0, 1.0 ], [ -0.309017, -0.5, -0.809017, 0.0, 0.5, -0.809017, 0.309017, 0.0, -0.809017, -0.309017, 0.5, 0.0, 0.0, 0.0, 0.0, 1.0 ] ],
  "lights" : {
    "backgroundColor" : "#AFC8DC",
    "ambientColor" : "#292929",
    "directionalLights" : [ {
      "direction" : {
        "x" : 1.0,
        "y" : -1.0,
        "z" : -1.0
      },
      "color" : "#EBEBE4"
    }, {
      "direction" : {
        "x" : -1.0,
        "y" : 0.0,
        "z" : 0.0
      },
      "color" : "#E4E4EB"
    }, {
      "direction" : {
        "x" : 0.0,
        "y" : 0.0,
        "z" : -1.0
      },
      "color" : "#1E1E1E"
    } ]
  },
  "camera" : {
    "width" : 74.468124,
    "stereo" : false,
    "viewDistance" : 165.48482,
    "nearClipDistance" : 0.413712,
    "farClipDistance" : 330.96896,
    "lookAtPoint" : {
      "x" : 0.0,
      "y" : 0.0,
      "z" : 0.0
    },
    "fieldOfView" : 0.44262865,
    "perspective" : false,
    "lookDirection" : {
      "x" : -0.68208724,
      "y" : 0.1581004,
      "z" : 0.7139742
    },
    "upDirection" : {
      "x" : -0.7207873,
      "y" : 0.019118622,
      "z" : -0.6928584
    },
    "position" : {
      "x" : 112.875084,
      "y" : -26.163216,
      "z" : -118.151886
    }
  },
  "embedding" : [ 1.0, 0.0, 0.0, 0.0, 0.0, 1.0, 0.0, 0.0, 0.0, 0.0, 1.0, 0.0, 0.0, 0.0, 0.0, 1.0 ],
  "shapes" : [ {
    "id" : "120e5eb0-5df0-405f-83c4-e7d5e9e20d95",
    "vertices" : [ {
      "x" : 0.309017,
      "y" : -0.309017,
      "z" : -0.309017
    }, {
      "x" : 0.5,
      "y" : 0.0,
      "z" : -0.19098301
    }, {
      "x" : 0.5,
      "y" : 0.0,
      "z" : 0.19098301
    }, {
      "x" : 0.309017,
      "y" : -0.309017,
      "z" : 0.309017
    }, {
      "x" : 0.19098301,
      "y" : -0.5,
      "z" : 0.0
    }, {
      "x" : 0.0,
      "y" : 0.19098301,
      "z" : 0.5
    }, {
      "x" : 0.0,
      "y" : -0.19098301,
      "z" : 0.5
    }, {
      "x" : 0.309017,
      "y" : 0.309017,
      "z" : 0.309017
    }, {
      "x" : -0.309017,
      "y" : -0.309017,
      "z" : 0.309017
    }, {
      "x" : -0.309017,
      "y" : 0.309017,
      "z" : 0.309017
    }, {
      "x" : -0.5,
      "y" : 0.0,
      "z" : 0.19098301
    }, {
      "x" : 0.0,
      "y" : -0.19098301,
      "z" : -0.5
    }, {
      "x" : 0.0,
      "y" : 0.19098301,
      "z" : -0.5
    }, {
      "x" : 0.309017,
      "y" : 0.309017,
      "z" : -0.309017
    }, {
      "x" : -0.309017,
      "y" : -0.309017,
      "z" : -0.309017
    }, {
      "x" : -0.19098301,
      "y" : -0.5,
      "z" : 0.0
    }, {
      "x" : -0.5,
      "y" : 0.0,
      "z" : -0.19098301
    }, {
      "x" : 0.19098301,
      "y" : 0.5,
      "z" : 0.0
    }, {
      "x" : -0.309017,
      "y" : 0.309017,
      "z" : -0.309017
    }, {
      "x" : 0.0,
      "y" : 0.0,
      "z" : 0.0
    }, {
      "x" : -0.19098301,
      "y" : 0.5,
      "z" : 0.0
    } ],
    "faces" : [ {
      "vertices" : [ 12, 18, 20 ]
    }, {
      "vertices" : [ 12, 20, 17 ]
    }, {
      "vertices" : [ 12, 17, 13 ]
    }, {
      "vertices" : [ 3, 6, 8 ]
    }, {
      "vertices" : [ 3, 8, 15 ]
    }, {
      "vertices" : [ 3, 15, 4 ]
    }, {
      "vertices" : [ 0, 11, 12 ]
    }, {
      "vertices" : [ 0, 12, 13 ]
    }, {
      "vertices" : [ 0, 13, 1 ]
    }, {
      "vertices" : [ 5, 9, 10 ]
    }, {
      "vertices" : [ 5, 10, 8 ]
    }, {
      "vertices" : [ 5, 8, 6 ]
    }, {
      "vertices" : [ 2, 7, 5 ]
    }, {
      "vertices" : [ 2, 5, 6 ]
    }, {
      "vertices" : [ 2, 6, 3 ]
    }, {
      "vertices" : [ 11, 14, 16 ]
    }, {
      "vertices" : [ 11, 16, 18 ]
    }, {
      "vertices" : [ 11, 18, 12 ]
    }, {
      "vertices" : [ 1, 13, 17 ]
    }, {
      "vertices" : [ 1, 17, 7 ]
    }, {
      "vertices" : [ 1, 7, 2 ]
    }, {
      "vertices" : [ 9, 20, 18 ]
    }, {
      "vertices" : [ 9, 18, 16 ]
    }, {
      "vertices" : [ 9, 16, 10 ]
    }, {
      "vertices" : [ 0, 1, 2 ]
    }, {
      "vertices" : [ 0, 2, 3 ]
    }, {
      "vertices" : [ 0, 3, 4 ]
    }, {
      "vertices" : [ 5, 7, 17 ]
    }, {
      "vertices" : [ 5, 17, 20 ]
    }, {
      "vertices" : [ 5, 20, 9 ]
    }, {
      "vertices" : [ 0, 4, 15 ]
    }, {
      "vertices" : [ 0, 15, 14 ]
    }, {
      "vertices" : [ 0, 14, 11 ]
    }, {
      "vertices" : [ 8, 10, 16 ]
    }, {
      "vertices" : [ 8, 16, 14 ]
    }, {
      "vertices" : [ 8, 14, 15 ]
    } ]
  }, {
    "id" : "f2750019-432c-4e8d-aac2-07b11b1ffee6",
    "vertices" : [ {
      "x" : 0.9045085,
      "y" : 0.3454915,
      "z" : 0.25
    }, {
      "x" : 3.6299334,
      "y" : 2.0298967,
      "z" : 0.25
    }, {
      "x" : 3.4389503,
      "y" : 2.3389137,
      "z" : 0.25
    }, {
      "x" : 0.7135255,
      "y" : 0.6545085,
      "z" : 0.25
    }, {
      "x" : 0.809017,
      "y" : 0.5,
      "z" : -0.309017
    }, {
      "x" : 0.9635255,
      "y" : 0.25,
      "z" : -0.095491506
    }, {
      "x" : 0.309017,
      "y" : 0.19098301,
      "z" : 0.0
    }, {
      "x" : 4.034442,
      "y" : 2.4934223,
      "z" : 0.0
    }, {
      "x" : 3.3799334,
      "y" : 2.434405,
      "z" : -0.095491506
    }, {
      "x" : 3.534442,
      "y" : 2.184405,
      "z" : -0.309017
    }, {
      "x" : 4.3434587,
      "y" : 2.684405,
      "z" : 0.0
    }, {
      "x" : 0.6545085,
      "y" : 0.75,
      "z" : -0.095491506
    }, {
      "x" : 3.6889503,
      "y" : 1.9344052,
      "z" : -0.095491506
    } ],
    "faces" : [ {
      "vertices" : [ 4, 11, 8 ]
    }, {
      "vertices" : [ 4, 8, 9 ]
    }, {
      "vertices" : [ 0, 1, 2 ]
    }, {
      "vertices" : [ 0, 2, 3 ]
    }, {
      "vertices" : [ 0, 3, 6 ]
    }, {
      "vertices" : [ 1, 7, 2 ]
    }, {
      "vertices" : [ 0, 6, 5 ]
    }, {
      "vertices" : [ 4, 5, 6 ]
    }, {
      "vertices" : [ 2, 7, 8 ]
    }, {
      "vertices" : [ 0, 5, 12 ]
    }, {
      "vertices" : [ 0, 12, 1 ]
    }, {
      "vertices" : [ 1, 12, 7 ]
    }, {
      "vertices" : [ 3, 11, 6 ]
    }, {
      "vertices" : [ 4, 6, 11 ]
    }, {
      "vertices" : [ 7, 9, 8 ]
    }, {
      "vertices" : [ 2, 8, 11 ]
    }, {
      "vertices" : [ 2, 11, 3 ]
    }, {
      "vertices" : [ 7, 12, 9 ]
    }, {
      "vertices" : [ 4, 9, 12 ]
    }, {
      "vertices" : [ 4, 12, 5 ]
    } ]
  }, {
    "id" : "107aef1e-dcb5-43d7-bc7d-17e442b5e44d",
    "vertices" : [ {
      "x" : 1.0,
      "y" : 0.309017,
      "z" : 0.19098301
    }, {
      "x" : 1.0,
      "y" : -0.309017,
      "z" : 0.19098301
    }, {
      "x" : 4.1033254,
      "y" : -0.309017,
      "z" : 0.19098301
    }, {
      "x" : 4.1033254,
      "y" : 0.309017,
      "z" : 0.19098301
    }, {
      "x" : 4.1033254,
      "y" : -0.309017,
      "z" : -0.19098301
    }, {
      "x" : 4.1033254,
      "y" : 0.309017,
      "z" : -0.19098301
    }, {
      "x" : 4.7213597,
      "y" : 0.0,
      "z" : 0.0
    }, {
      "x" : 0.38196602,
      "y" : 0.0,
      "z" : 0.0
    }, {
      "x" : 1.0,
      "y" : 0.309017,
      "z" : -0.19098301
    }, {
      "x" : 1.0,
      "y" : -0.309017,
      "z" : -0.19098301
    }, {
      "x" : 5.1033254,
      "y" : 0.0,
      "z" : 0.0
    } ],
    "faces" : [ {
      "vertices" : [ 1, 9, 4 ]
    }, {
      "vertices" : [ 1, 4, 2 ]
    }, {
      "vertices" : [ 0, 3, 5 ]
    }, {
      "vertices" : [ 0, 5, 8 ]
    }, {
      "vertices" : [ 1, 7, 9 ]
    }, {
      "vertices" : [ 0, 1, 2 ]
    }, {
      "vertices" : [ 0, 2, 3 ]
    }, {
      "vertices" : [ 7, 8, 9 ]
    }, {
      "vertices" : [ 0, 7, 1 ]
    }, {
      "vertices" : [ 4, 9, 8 ]
    }, {
      "vertices" : [ 4, 8, 5 ]
    }, {
      "vertices" : [ 2, 6, 3 ]
    }, {
      "vertices" : [ 2, 4, 6 ]
    }, {
      "vertices" : [ 3, 6, 5 ]
    }, {
      "vertices" : [ 4, 5, 6 ]
    }, {
      "vertices" : [ 0, 8, 7 ]
    } ]
  }, {
    "id" : "b56a2c78-0653-496a-be04-436d69c1146d",
    "vertices" : [ {
      "x" : 1.0395433,
      "y" : 0.72671974,
      "z" : -1.7055569
    }, {
      "x" : 1.1395433,
      "y" : 0.32671976,
      "z" : -1.8055568
    }, {
      "x" : 0.57849073,
      "y" : 0.04785539,
      "z" : -0.4337634
    }, {
      "x" : 0.47849074,
      "y" : 0.44785538,
      "z" : -0.33376342
    }, {
      "x" : 1.4395432,
      "y" : 0.4600531,
      "z" : -1.5722234
    }, {
      "x" : 1.3395432,
      "y" : 0.86005306,
      "z" : -1.4722235
    }, {
      "x" : 0.17849073,
      "y" : 0.31452206,
      "z" : -0.56709677
    }, {
      "x" : 0.27849072,
      "y" : -0.08547795,
      "z" : -0.66709673
    } ],
    "faces" : [ {
      "vertices" : [ 2, 3, 6 ]
    }, {
      "vertices" : [ 2, 6, 7 ]
    }, {
      "vertices" : [ 0, 5, 4 ]
    }, {
      "vertices" : [ 0, 4, 1 ]
    }, {
      "vertices" : [ 2, 4, 5 ]
    }, {
      "vertices" : [ 2, 5, 3 ]
    }, {
      "vertices" : [ 0, 6, 3 ]
    }, {
      "vertices" : [ 0, 3, 5 ]
    }, {
      "vertices" : [ 0, 1, 7 ]
    }, {
      "vertices" : [ 0, 7, 6 ]
    }, {
      "vertices" : [ 1, 4, 2 ]
    }, {
      "vertices" : [ 1, 2, 7 ]
    } ]
  }, {
    "id" : "9a015c4a-5136-44e3-bf6e-052c85e55407",
    "vertices" : [ {
      "x" : 2.618034,
      "y" : 0.0,
      "z" : -1.0
    }, {
      "x" : 2.309017,
      "y" : 0.0,
      "z" : -0.881966
    }, {
      "x" : 1.9045085,
      "y" : -0.1545085,
      "z" : -0.440983
    }, {
      "x" : 1.7135255,
      "y" : -0.1545085,
      "z" : -0.940983
    }, {
      "x" : 0.9045085,
      "y" : -0.1545085,
      "z" : -0.059016995
    }, {
      "x" : 0.809017,
      "y" : 0.309017,
      "z" : -0.309017
    }, {
      "x" : 0.309017,
      "y" : 0.0,
      "z" : -0.11803399
    }, {
      "x" : 1.809017,
      "y" : 0.309017,
      "z" : -0.690983
    }, {
      "x" : 0.7135255,
      "y" : -0.1545085,
      "z" : -0.559017
    } ],
    "faces" : [ {
      "vertices" : [ 2, 4, 8 ]
    }, {
      "vertices" : [ 2, 8, 3 ]
    }, {
      "vertices" : [ 2, 7, 5 ]
    }, {
      "vertices" : [ 2, 5, 4 ]
    }, {
      "vertices" : [ 4, 6, 8 ]
    }, {
      "vertices" : [ 5, 8, 6 ]
    }, {
      "vertices" : [ 1, 2, 3 ]
    }, {
      "vertices" : [ 3, 8, 5 ]
    }, {
      "vertices" : [ 3, 5, 7 ]
    }, {
      "vertices" : [ 1, 7, 2 ]
    }, {
      "vertices" : [ 1, 3, 7 ]
    }, {
      "vertices" : [ 4, 5, 6 ]
    } ]
  } ],
  "instances" : [ {
    "shape" : "120e5eb0-5df0-405f-83c4-e7d5e9e20d95",
    "color" : "#FFFFFF",
    "position" : {
      "x" : 8.472136,
      "y" : -8.472136,
      "z" : 8.472136
    }
  }, {
    "shape" : "f2750019-432c-4e8d-aac2-07b11b1ffee6",
    "color" : "#AF0000",
    "position" : {
      "x" : 13.708204,
      "y" : 0.0,
      "z" : 5.236068
    },
    "orientation" : 32
  }, {
    "shape" : "f2750019-432c-4e8d-aac2-07b11b1ffee6",
    "color" : "#AF0000",
    "position" : {
      "x" : -8.472136,
      "y" : -8.472136,
      "z" : -8.472136
    },
    "orientation" : 15
  }, {
    "shape" : "120e5eb0-5df0-405f-83c4-e7d5e9e20d95",
    "color" : "#FFFFFF",
    "position" : {
      "x" : 13.708204,
      "y" : 0.0,
      "z" : 5.236068
    }
  }, {
    "shape" : "107aef1e-dcb5-43d7-bc7d-17e442b5e44d",
    "color" : "#007695",
    "position" : {
      "x" : -8.472136,
      "y" : -4.128677,
      "z" : -11.156541
    },
    "orientation" : 23
  }, {
    "shape" : "f2750019-432c-4e8d-aac2-07b11b1ffee6",
    "color" : "#AF0000",
    "position" : {
      "x" : -8.472136,
      "y" : -8.472136,
      "z" : -8.472136
    },
    "orientation" : 46
  }, {
    "shape" : "f2750019-432c-4e8d-aac2-07b11b1ffee6",
    "color" : "#AF0000",
    "position" : {
      "x" : 13.708204,
      "y" : 0.0,
      "z" : 5.236068
    },
    "orientation" : 16
  }, {
    "shape" : "f2750019-432c-4e8d-aac2-07b11b1ffee6",
    "color" : "#AF0000",
    "position" : {
      "x" : -8.472136,
      "y" : -8.472136,
      "z" : -8.472136
    },
    "orientation" : 32
  }, {
    "shape" : "120e5eb0-5df0-405f-83c4-e7d5e9e20d95",
    "color" : "#FFFFFF",
    "position" : {
      "x" : -11.156541,
      "y" : -8.472136,
      "z" : 4.128677
    }
  }, {
    "shape" : "120e5eb0-5df0-405f-83c4-e7d5e9e20d95",
    "color" : "#FFFFFF",
    "position" : {
      "x" : 8.472136,
      "y" : 8.472136,
      "z" : -8.472136
    }
  }, {
    "shape" : "f2750019-432c-4e8d-aac2-07b11b1ffee6",
    "color" : "#AF0000",
    "position" : {
      "x" : -8.472136,
      "y" : 8.472136,
      "z" : -8.472136
    },
    "orientation" : 32
  }, {
    "shape" : "120e5eb0-5df0-405f-83c4-e7d5e9e20d95",
    "color" : "#FFFFFF",
    "position" : {
      "x" : -10.09017,
      "y" : -4.903252,
      "z" : -13.295861
    }
  }, {
    "shape" : "107aef1e-dcb5-43d7-bc7d-17e442b5e44d",
    "color" : "#007695",
    "position" : {
      "x" : 0.0,
      "y" : -9.579527,
      "z" : -11.023799
    },
    "orientation" : 41
  }, {
    "shape" : "120e5eb0-5df0-405f-83c4-e7d5e9e20d95",
    "color" : "#FFFFFF",
    "position" : {
      "x" : 13.295861,
      "y" : -10.09017,
      "z" : 4.903252
    }
  }, {
    "shape" : "b56a2c78-0653-496a-be04-436d69c1146d",
    "color" : "#FFFFFF",
    "position" : {
      "x" : 4.3434587,
      "y" : -2.5516627,
      "z" : 13.708204
    },
    "orientation" : 34
  }, {
    "shape" : "120e5eb0-5df0-405f-83c4-e7d5e9e20d95",
    "color" : "#FFFFFF",
    "position" : {
      "x" : -8.472136,
      "y" : -4.128677,
      "z" : 11.156541
    }
  }, {
    "shape" : "120e5eb0-5df0-405f-83c4-e7d5e9e20d95",
    "color" : "#FFFFFF",
    "position" : {
      "x" : -5.236068,
      "y" : -13.708204,
      "z" : 0.0
    }
  }, {
    "shape" : "f2750019-432c-4e8d-aac2-07b11b1ffee6",
    "color" : "#AF0000",
    "position" : {
      "x" : 8.472136,
      "y" : 8.472136,
      "z" : -8.472136
    },
    "orientation" : 2
  }, {
    "shape" : "120e5eb0-5df0-405f-83c4-e7d5e9e20d95",
    "color" : "#FFFFFF",
    "position" : {
      "x" : 4.3434587,
      "y" : 2.5516627,
      "z" : -13.708204
    }
  }, {
    "shape" : "120e5eb0-5df0-405f-83c4-e7d5e9e20d95",
    "color" : "#FFFFFF",
    "position" : {
      "x" : 2.5516627,
      "y" : 13.708204,
      "z" : 4.3434587
    }
  }, {
    "shape" : "120e5eb0-5df0-405f-83c4-e7d5e9e20d95",
    "color" : "#FFFFFF",
    "position" : {
      "x" : -4.128677,
      "y" : 11.156541,
      "z" : -8.472136
    }
  }, {
    "shape" : "120e5eb0-5df0-405f-83c4-e7d5e9e20d95",
    "color" : "#FFFFFF",
    "position" : {
      "x" : 11.156541,
      "y" : -8.472136,
      "z" : -4.128677
    }
  }, {
    "shape" : "107aef1e-dcb5-43d7-bc7d-17e442b5e44d",
    "color" : "#007695",
    "position" : {
      "x" : 4.128677,
      "y" : -11.156541,
      "z" : 8.472136
    },
    "orientation" : 22
  }, {
    "shape" : "120e5eb0-5df0-405f-83c4-e7d5e9e20d95",
    "color" : "#FFFFFF",
    "position" : {
      "x" : 13.295861,
      "y" : 10.09017,
      "z" : 4.903252
    }
  }, {
    "shape" : "b56a2c78-0653-496a-be04-436d69c1146d",
    "color" : "#FFFFFF",
    "position" : {
      "x" : -4.3434587,
      "y" : -2.5516627,
      "z" : -13.708204
    },
    "orientation" : 19
  }, {
    "shape" : "120e5eb0-5df0-405f-83c4-e7d5e9e20d95",
    "color" : "#FFFFFF",
    "position" : {
      "x" : -13.708204,
      "y" : 0.0,
      "z" : -5.236068
    }
  }, {
    "shape" : "107aef1e-dcb5-43d7-bc7d-17e442b5e44d",
    "color" : "#007695",
    "position" : {
      "x" : -4.128677,
      "y" : 11.156541,
      "z" : 8.472136
    },
    "orientation" : 52
  }, {
    "shape" : "120e5eb0-5df0-405f-83c4-e7d5e9e20d95",
    "color" : "#FFFFFF",
    "position" : {
      "x" : -8.472136,
      "y" : -8.472136,
      "z" : 8.472136
    }
  }, {
    "shape" : "120e5eb0-5df0-405f-83c4-e7d5e9e20d95",
    "color" : "#FFFFFF",
    "position" : {
      "x" : 5.186918,
      "y" : -3.0303764,
      "z" : 16.326239
    }
  }, {
    "shape" : "120e5eb0-5df0-405f-83c4-e7d5e9e20d95",
    "color" : "#FFFFFF",
    "position" : {
      "x" : 16.326239,
      "y" : 5.186918,
      "z" : -3.0303764
    }
  }, {
    "shape" : "b56a2c78-0653-496a-be04-436d69c1146d",
    "color" : "#FFFFFF",
    "position" : {
      "x" : 4.3434587,
      "y" : -2.5516627,
      "z" : -13.708204
    },
    "orientation" : 59
  }, {
    "shape" : "107aef1e-dcb5-43d7-bc7d-17e442b5e44d",
    "color" : "#007695",
    "position" : {
      "x" : -13.708204,
      "y" : 4.3434587,
      "z" : -2.5516627
    },
    "orientation" : 6
  }, {
    "shape" : "120e5eb0-5df0-405f-83c4-e7d5e9e20d95",
    "color" : "#FFFFFF",
    "position" : {
      "x" : 5.186918,
      "y" : 3.0303764,
      "z" : 16.326239
    }
  }, {
    "shape" : "9a015c4a-5136-44e3-bf6e-052c85e55407",
    "color" : "#F0A000",
    "position" : {
      "x" : 0.0,
      "y" : 5.236068,
      "z" : -13.708204
    },
    "orientation" : 17
  }, {
    "shape" : "107aef1e-dcb5-43d7-bc7d-17e442b5e44d",
    "color" : "#007695",
    "position" : {
      "x" : 4.3434587,
      "y" : 2.5516627,
      "z" : 13.708204
    },
    "orientation" : 23
  }, {
    "shape" : "120e5eb0-5df0-405f-83c4-e7d5e9e20d95",
    "color" : "#FFFFFF",
    "position" : {
      "x" : 10.09017,
      "y" : 10.09017,
      "z" : -10.09017
    }
  }, {
    "shape" : "f2750019-432c-4e8d-aac2-07b11b1ffee6",
    "color" : "#AF0000",
    "position" : {
      "x" : -13.708204,
      "y" : 0.0,
      "z" : -5.236068
    },
    "orientation" : 31
  }, {
    "shape" : "f2750019-432c-4e8d-aac2-07b11b1ffee6",
    "color" : "#AF0000",
    "position" : {
      "x" : 8.472136,
      "y" : -8.472136,
      "z" : -8.472136
    },
    "orientation" : 2
  }, {
    "shape" : "b56a2c78-0653-496a-be04-436d69c1146d",
    "color" : "#FFFFFF",
    "position" : {
      "x" : 2.5516627,
      "y" : -13.708204,
      "z" : 4.3434587
    },
    "orientation" : 18
  }, {
    "shape" : "107aef1e-dcb5-43d7-bc7d-17e442b5e44d",
    "color" : "#007695",
    "position" : {
      "x" : 4.3434587,
      "y" : 2.5516627,
      "z" : -13.708204
    },
    "orientation" : 16
  }, {
    "shape" : "f2750019-432c-4e8d-aac2-07b11b1ffee6",
    "color" : "#AF0000",
    "position" : {
      "x" : 8.472136,
      "y" : 8.472136,
      "z" : -8.472136
    },
    "orientation" : 16
  }, {
    "shape" : "120e5eb0-5df0-405f-83c4-e7d5e9e20d95",
    "color" : "#FFFFFF",
    "position" : {
      "x" : -16.326239,
      "y" : 5.186918,
      "z" : 3.0303764
    }
  }, {
    "shape" : "b56a2c78-0653-496a-be04-436d69c1146d",
    "color" : "#FFFFFF",
    "position" : {
      "x" : 13.708204,
      "y" : -4.3434587,
      "z" : 2.5516627
    },
    "orientation" : 5
  }, {
    "shape" : "b56a2c78-0653-496a-be04-436d69c1146d",
    "color" : "#FFFFFF",
    "position" : {
      "x" : -11.023799,
      "y" : 0.0,
      "z" : -9.579527
    },
    "orientation" : 54
  }, {
    "shape" : "b56a2c78-0653-496a-be04-436d69c1146d",
    "color" : "#FFFFFF",
    "position" : {
      "x" : 8.472136,
      "y" : -4.128677,
      "z" : 11.156541
    },
    "orientation" : 15
  }, {
    "shape" : "b56a2c78-0653-496a-be04-436d69c1146d",
    "color" : "#FFFFFF",
    "position" : {
      "x" : 13.708204,
      "y" : -4.3434587,
      "z" : -2.5516627
    },
    "orientation" : 12
  }, {
    "shape" : "120e5eb0-5df0-405f-83c4-e7d5e9e20d95",
    "color" : "#FFFFFF",
    "position" : {
      "x" : 4.3434587,
      "y" : -2.5516627,
      "z" : -13.708204
    }
  }, {
    "shape" : "107aef1e-dcb5-43d7-bc7d-17e442b5e44d",
    "color" : "#007695",
    "position" : {
      "x" : 11.023799,
      "y" : 0.0,
      "z" : 9.579527
    },
    "orientation" : 39
  }, {
    "shape" : "f2750019-432c-4e8d-aac2-07b11b1ffee6",
    "color" : "#AF0000",
    "position" : {
      "x" : -13.708204,
      "y" : 0.0,
      "z" : 5.236068
    },
    "orientation" : 2
  }, {
    "shape" : "120e5eb0-5df0-405f-83c4-e7d5e9e20d95",
    "color" : "#FFFFFF",
    "position" : {
      "x" : 3.0303764,
      "y" : 16.326239,
      "z" : 5.186918
    }
  }, {
    "shape" : "9a015c4a-5136-44e3-bf6e-052c85e55407",
    "color" : "#F0A000",
    "position" : {
      "x" : -13.708204,
      "y" : 0.0,
      "z" : 5.236068
    },
    "orientation" : 38
  }, {
    "shape" : "120e5eb0-5df0-405f-83c4-e7d5e9e20d95",
    "color" : "#FFFFFF",
    "position" : {
      "x" : -16.326239,
      "y" : 0.0,
      "z" : -6.236068
    }
  }, {
    "shape" : "120e5eb0-5df0-405f-83c4-e7d5e9e20d95",
    "color" : "#FFFFFF",
    "position" : {
      "x" : -16.326239,
      "y" : -5.186918,
      "z" : -3.0303764
    }
  }, {
    "shape" : "107aef1e-dcb5-43d7-bc7d-17e442b5e44d",
    "color" : "#007695",
    "position" : {
      "x" : 0.0,
      "y" : 9.579527,
      "z" : -11.023799
    },
    "orientation" : 11
  }, {
    "shape" : "120e5eb0-5df0-405f-83c4-e7d5e9e20d95",
    "color" : "#FFFFFF",
    "position" : {
      "x" : -11.156541,
      "y" : 8.472136,
      "z" : 4.128677
    }
  }, {
    "shape" : "f2750019-432c-4e8d-aac2-07b11b1ffee6",
    "color" : "#AF0000",
    "position" : {
      "x" : 0.0,
      "y" : 5.236068,
      "z" : -13.708204
    },
    "orientation" : 1
  }, {
    "shape" : "f2750019-432c-4e8d-aac2-07b11b1ffee6",
    "color" : "#AF0000",
    "position" : {
      "x" : -8.472136,
      "y" : -8.472136,
      "z" : 8.472136
    },
    "orientation" : 1
  }, {
    "shape" : "f2750019-432c-4e8d-aac2-07b11b1ffee6",
    "color" : "#AF0000",
    "position" : {
      "x" : 5.236068,
      "y" : 13.708204,
      "z" : 0.0
    },
    "orientation" : 15
  }, {
    "shape" : "9a015c4a-5136-44e3-bf6e-052c85e55407",
    "color" : "#F0A000",
    "position" : {
      "x" : 13.708204,
      "y" : 0.0,
      "z" : -5.236068
    },
    "orientation" : 0
  }, {
    "shape" : "120e5eb0-5df0-405f-83c4-e7d5e9e20d95",
    "color" : "#FFFFFF",
    "position" : {
      "x" : 10.09017,
      "y" : 4.903252,
      "z" : 13.295861
    }
  }, {
    "shape" : "120e5eb0-5df0-405f-83c4-e7d5e9e20d95",
    "color" : "#FFFFFF",
    "position" : {
      "x" : 13.120546,
      "y" : 0.0,
      "z" : 11.422986
    }
  }, {
    "shape" : "107aef1e-dcb5-43d7-bc7d-17e442b5e44d",
    "color" : "#007695",
    "position" : {
      "x" : -4.128677,
      "y" : 11.156541,
      "z" : -8.472136
    },
    "orientation" : 26
  }, {
    "shape" : "120e5eb0-5df0-405f-83c4-e7d5e9e20d95",
    "color" : "#FFFFFF",
    "position" : {
      "x" : -8.472136,
      "y" : -4.128677,
      "z" : -11.156541
    }
  }, {
    "shape" : "120e5eb0-5df0-405f-83c4-e7d5e9e20d95",
    "color" : "#FFFFFF",
    "position" : {
      "x" : 10.09017,
      "y" : -10.09017,
      "z" : -10.09017
    }
  }, {
    "shape" : "b56a2c78-0653-496a-be04-436d69c1146d",
    "color" : "#FFFFFF",
    "position" : {
      "x" : -2.5516627,
      "y" : -13.708204,
      "z" : 4.3434587
    },
    "orientation" : 28
  }, {
    "shape" : "120e5eb0-5df0-405f-83c4-e7d5e9e20d95",
    "color" : "#FFFFFF",
    "position" : {
      "x" : 16.326239,
      "y" : -5.186918,
      "z" : 3.0303764
    }
  }, {
    "shape" : "b56a2c78-0653-496a-be04-436d69c1146d",
    "color" : "#FFFFFF",
    "position" : {
      "x" : 11.156541,
      "y" : 8.472136,
      "z" : 4.128677
    },
    "orientation" : 8
  }, {
    "shape" : "107aef1e-dcb5-43d7-bc7d-17e442b5e44d",
    "color" : "#007695",
    "position" : {
      "x" : -13.708204,
      "y" : 4.3434587,
      "z" : 2.5516627
    },
    "orientation" : 47
  }, {
    "shape" : "107aef1e-dcb5-43d7-bc7d-17e442b5e44d",
    "color" : "#007695",
    "position" : {
      "x" : -2.5516627,
      "y" : 13.708204,
      "z" : -4.3434587
    },
    "orientation" : 22
  }, {
    "shape" : "f2750019-432c-4e8d-aac2-07b11b1ffee6",
    "color" : "#AF0000",
    "position" : {
      "x" : 8.472136,
      "y" : -8.472136,
      "z" : 8.472136
    },
    "orientation" : 30
  }, {
    "shape" : "120e5eb0-5df0-405f-83c4-e7d5e9e20d95",
    "color" : "#FFFFFF",
    "position" : {
      "x" : -11.422986,
      "y" : -13.120546,
      "z" : 0.0
    }
  }, {
    "shape" : "b56a2c78-0653-496a-be04-436d69c1146d",
    "color" : "#FFFFFF",
    "position" : {
      "x" : -11.156541,
      "y" : 8.472136,
      "z" : -4.128677
    },
    "orientation" : 53
  }, {
    "shape" : "f2750019-432c-4e8d-aac2-07b11b1ffee6",
    "color" : "#AF0000",
    "position" : {
      "x" : -5.236068,
      "y" : 13.708204,
      "z" : 0.0
    },
    "orientation" : 30
  }, {
    "shape" : "120e5eb0-5df0-405f-83c4-e7d5e9e20d95",
    "color" : "#FFFFFF",
    "position" : {
      "x" : -10.09017,
      "y" : -10.09017,
      "z" : 10.09017
    }
  }, {
    "shape" : "9a015c4a-5136-44e3-bf6e-052c85e55407",
    "color" : "#F0A000",
    "position" : {
      "x" : 5.236068,
      "y" : -13.708204,
      "z" : 0.0
    },
    "orientation" : 21
  }, {
    "shape" : "120e5eb0-5df0-405f-83c4-e7d5e9e20d95",
    "color" : "#FFFFFF",
    "position" : {
      "x" : 10.09017,
      "y" : -4.903252,
      "z" : -13.295861
    }
  }, {
    "shape" : "107aef1e-dcb5-43d7-bc7d-17e442b5e44d",
    "color" : "#007695",
    "position" : {
      "x" : -11.023799,
      "y" : 0.0,
      "z" : 9.579527
    },
    "orientation" : 9
  }, {
    "shape" : "b56a2c78-0653-496a-be04-436d69c1146d",
    "color" : "#FFFFFF",
    "position" : {
      "x" : 4.128677,
      "y" : 11.156541,
      "z" : 8.472136
    },
    "orientation" : 6
  }, {
    "shape" : "107aef1e-dcb5-43d7-bc7d-17e442b5e44d",
    "color" : "#007695",
    "position" : {
      "x" : 13.708204,
      "y" : 4.3434587,
      "z" : 2.5516627
    },
    "orientation" : 51
  }, {
    "shape" : "107aef1e-dcb5-43d7-bc7d-17e442b5e44d",
    "color" : "#007695",
    "position" : {
      "x" : 4.128677,
      "y" : 11.156541,
      "z" : -8.472136
    },
    "orientation" : 7
  }, {
    "shape" : "120e5eb0-5df0-405f-83c4-e7d5e9e20d95",
    "color" : "#FFFFFF",
    "position" : {
      "x" : 0.0,
      "y" : 9.579527,
      "z" : -11.023799
    }
  }, {
    "shape" : "f2750019-432c-4e8d-aac2-07b11b1ffee6",
    "color" : "#AF0000",
    "position" : {
      "x" : 8.472136,
      "y" : -8.472136,
      "z" : -8.472136
    },
    "orientation" : 46
  }, {
    "shape" : "b56a2c78-0653-496a-be04-436d69c1146d",
    "color" : "#FFFFFF",
    "position" : {
      "x" : -9.579527,
      "y" : -11.023799,
      "z" : 0.0
    },
    "orientation" : 40
  }, {
    "shape" : "120e5eb0-5df0-405f-83c4-e7d5e9e20d95",
    "color" : "#FFFFFF",
    "position" : {
      "x" : 11.422986,
      "y" : 13.120546,
      "z" : 0.0
    }
  }, {
    "shape" : "120e5eb0-5df0-405f-83c4-e7d5e9e20d95",
    "color" : "#FFFFFF",
    "position" : {
      "x" : -4.128677,
      "y" : -11.156541,
      "z" : 8.472136
    }
  }, {
    "shape" : "f2750019-432c-4e8d-aac2-07b11b1ffee6",
    "color" : "#AF0000",
    "position" : {
      "x" : 0.0,
      "y" : 5.236068,
      "z" : -13.708204
    },
    "orientation" : 15
  }, {
    "shape" : "120e5eb0-5df0-405f-83c4-e7d5e9e20d95",
    "color" : "#FFFFFF",
    "position" : {
      "x" : -10.09017,
      "y" : 10.09017,
      "z" : 10.09017
    }
  }, {
    "shape" : "9a015c4a-5136-44e3-bf6e-052c85e55407",
    "color" : "#F0A000",
    "position" : {
      "x" : 0.0,
      "y" : -5.236068,
      "z" : 13.708204
    },
    "orientation" : 2
  }, {
    "shape" : "9a015c4a-5136-44e3-bf6e-052c85e55407",
    "color" : "#F0A000",
    "position" : {
      "x" : -8.472136,
      "y" : -8.472136,
      "z" : 8.472136
    },
    "orientation" : 39
  }, {
    "shape" : "120e5eb0-5df0-405f-83c4-e7d5e9e20d95",
    "color" : "#FFFFFF",
    "position" : {
      "x" : -6.236068,
      "y" : -16.326239,
      "z" : 0.0
    }
  }, {
    "shape" : "b56a2c78-0653-496a-be04-436d69c1146d",
    "color" : "#FFFFFF",
    "position" : {
      "x" : -2.5516627,
      "y" : 13.708204,
      "z" : -4.3434587
    },
    "orientation" : 13
  }, {
    "shape" : "120e5eb0-5df0-405f-83c4-e7d5e9e20d95",
    "color" : "#FFFFFF",
    "position" : {
      "x" : -13.120546,
      "y" : 0.0,
      "z" : 11.422986
    }
  }, {
    "shape" : "9a015c4a-5136-44e3-bf6e-052c85e55407",
    "color" : "#F0A000",
    "position" : {
      "x" : 8.472136,
      "y" : -8.472136,
      "z" : -8.472136
    },
    "orientation" : 24
  }, {
    "shape" : "107aef1e-dcb5-43d7-bc7d-17e442b5e44d",
    "color" : "#007695",
    "position" : {
      "x" : -11.156541,
      "y" : -8.472136,
      "z" : 4.128677
    },
    "orientation" : 25
  }, {
    "shape" : "f2750019-432c-4e8d-aac2-07b11b1ffee6",
    "color" : "#AF0000",
    "position" : {
      "x" : -5.236068,
      "y" : 13.708204,
      "z" : 0.0
    },
    "orientation" : 2
  }, {
    "shape" : "b56a2c78-0653-496a-be04-436d69c1146d",
    "color" : "#FFFFFF",
    "position" : {
      "x" : 11.156541,
      "y" : 8.472136,
      "z" : -4.128677
    },
    "orientation" : 46
  }, {
    "shape" : "120e5eb0-5df0-405f-83c4-e7d5e9e20d95",
    "color" : "#FFFFFF",
    "position" : {
      "x" : -13.708204,
      "y" : 4.3434587,
      "z" : -2.5516627
    }
  }, {
    "shape" : "b56a2c78-0653-496a-be04-436d69c1146d",
    "color" : "#FFFFFF",
    "position" : {
      "x" : -2.5516627,
      "y" : -13.708204,
      "z" : -4.3434587
    },
    "orientation" : 33
  }, {
    "shape" : "f2750019-432c-4e8d-aac2-07b11b1ffee6",
    "color" : "#AF0000",
    "position" : {
      "x" : -5.236068,
      "y" : 13.708204,
      "z" : 0.0
    },
    "orientation" : 17
  }, {
    "shape" : "120e5eb0-5df0-405f-83c4-e7d5e9e20d95",
    "color" : "#FFFFFF",
    "position" : {
      "x" : 11.156541,
      "y" : 8.472136,
      "z" : 4.128677
    }
  }, {
    "shape" : "120e5eb0-5df0-405f-83c4-e7d5e9e20d95",
    "color" : "#FFFFFF",
    "position" : {
      "x" : -13.295861,
      "y" : 10.09017,
      "z" : -4.903252
    }
  }, {
    "shape" : "f2750019-432c-4e8d-aac2-07b11b1ffee6",
    "color" : "#AF0000",
    "position" : {
      "x" : 8.472136,
      "y" : -8.472136,
      "z" : -8.472136
    },
    "orientation" : 30
  }, {
    "shape" : "107aef1e-dcb5-43d7-bc7d-17e442b5e44d",
    "color" : "#007695",
    "position" : {
      "x" : -4.3434587,
      "y" : 2.5516627,
      "z" : -13.708204
    },
    "orientation" : 38
  }, {
    "shape" : "120e5eb0-5df0-405f-83c4-e7d5e9e20d95",
    "color" : "#FFFFFF",
    "position" : {
      "x" : 0.0,
      "y" : 11.422986,
      "z" : -13.120546
    }
  }, {
    "shape" : "b56a2c78-0653-496a-be04-436d69c1146d",
    "color" : "#FFFFFF",
    "position" : {
      "x" : 2.5516627,
      "y" : -13.708204,
      "z" : -4.3434587
    },
    "orientation" : 43
  }, {
    "shape" : "f2750019-432c-4e8d-aac2-07b11b1ffee6",
    "color" : "#AF0000",
    "position" : {
      "x" : 5.236068,
      "y" : 13.708204,
      "z" : 0.0
    },
    "orientation" : 47
  }, {
    "shape" : "f2750019-432c-4e8d-aac2-07b11b1ffee6",
    "color" : "#AF0000",
    "position" : {
      "x" : 8.472136,
      "y" : 8.472136,
      "z" : 8.472136
    },
    "orientation" : 17
  }, {
    "shape" : "120e5eb0-5df0-405f-83c4-e7d5e9e20d95",
    "color" : "#FFFFFF",
    "position" : {
      "x" : 9.579527,
      "y" : -11.023799,
      "z" : 0.0
    }
  }, {
    "shape" : "120e5eb0-5df0-405f-83c4-e7d5e9e20d95",
    "color" : "#FFFFFF",
    "position" : {
      "x" : 5.186918,
      "y" : -3.0303764,
      "z" : -16.326239
    }
  }, {
    "shape" : "9a015c4a-5136-44e3-bf6e-052c85e55407",
    "color" : "#F0A000",
    "position" : {
      "x" : 0.0,
      "y" : 5.236068,
      "z" : 13.708204
    },
    "orientation" : 7
  }, {
    "shape" : "120e5eb0-5df0-405f-83c4-e7d5e9e20d95",
    "color" : "#FFFFFF",
    "position" : {
      "x" : 13.708204,
      "y" : 4.3434587,
      "z" : -2.5516627
    }
  }, {
    "shape" : "120e5eb0-5df0-405f-83c4-e7d5e9e20d95",
    "color" : "#FFFFFF",
    "position" : {
      "x" : 6.236068,
      "y" : 16.326239,
      "z" : 0.0
    }
  }, {
    "shape" : "f2750019-432c-4e8d-aac2-07b11b1ffee6",
    "color" : "#AF0000",
    "position" : {
      "x" : 5.236068,
      "y" : -13.708204,
      "z" : 0.0
    },
    "orientation" : 0
  }, {
    "shape" : "107aef1e-dcb5-43d7-bc7d-17e442b5e44d",
    "color" : "#007695",
    "position" : {
      "x" : -4.3434587,
      "y" : -2.5516627,
      "z" : 13.708204
    },
    "orientation" : 53
  }, {
    "shape" : "b56a2c78-0653-496a-be04-436d69c1146d",
    "color" : "#FFFFFF",
    "position" : {
      "x" : -4.3434587,
      "y" : -2.5516627,
      "z" : 13.708204
    },
    "orientation" : 14
  }, {
    "shape" : "120e5eb0-5df0-405f-83c4-e7d5e9e20d95",
    "color" : "#FFFFFF",
    "position" : {
      "x" : -13.708204,
      "y" : -4.3434587,
      "z" : 2.5516627
    }
  }, {
    "shape" : "107aef1e-dcb5-43d7-bc7d-17e442b5e44d",
    "color" : "#007695",
    "position" : {
      "x" : -4.128677,
      "y" : -11.156541,
      "z" : -8.472136
    },
    "orientation" : 37
  }, {
    "shape" : "120e5eb0-5df0-405f-83c4-e7d5e9e20d95",
    "color" : "#FFFFFF",
    "position" : {
      "x" : 0.0,
      "y" : 5.236068,
      "z" : -13.708204
    }
  }, {
    "shape" : "9a015c4a-5136-44e3-bf6e-052c85e55407",
    "color" : "#F0A000",
    "position" : {
      "x" : -13.708204,
      "y" : 0.0,
      "z" : -5.236068
    },
    "orientation" : 30
  }, {
    "shape" : "120e5eb0-5df0-405f-83c4-e7d5e9e20d95",
    "color" : "#FFFFFF",
    "position" : {
      "x" : 8.472136,
      "y" : 4.128677,
      "z" : -11.156541
    }
  }, {
    "shape" : "107aef1e-dcb5-43d7-bc7d-17e442b5e44d",
    "color" : "#007695",
    "position" : {
      "x" : -2.5516627,
      "y" : -13.708204,
