{
  "field" : "snubDodec",
  "symmetry" : "icosahedral",
  "orientations" : [ [ 1.0, 0.0, 0.0, 0.0, 0.0, 1.0, 0.0, 0.0, 0.0, 0.0, 1.0, 0.0, 0.0, 0.0, 0.0, 1.0 ], [ 0.0, 0.0, 1.0, 0.0, 1.0, 0.0, 0.0, 0.0, 0.0, 1.0, 0.0, 0.0, 0.0, 0.0, 0.0, 1.0 ], [ 0.0, 1.0, 0.0, 0.0, 0.0, 0.0, 1.0, 0.0, 1.0, 0.0, 0.0, 0.0, 0.0, 0.0, 0.0, 1.0 ], [ 0.809017, 0.309017, 0.5, 0.0, 0.309017, 0.5, -0.809017, 0.0, -0.5, 0.809017, 0.309017, 0.0, 0.0, 0.0, 0.0, 1.0 ], [ -0.5, 0.809017, 0.309017, 0.0, 0.809017, 0.309017, 0.5, 0.0, 0.309017, 0.5, -0.809017, 0.0, 0.0, 0.0, 0.0, 1.0 ], [ 0.309017, 0.5, -0.809017, 0.0, -0.5, 0.809017, 0.309017, 0.0, 0.809017, 0.309017, 0.5, 0.0, 0.0, 0.0, 0.0, 1.0 ], [ 0.5, 0.809017, 0.309017, 0.0, 0.809017, -0.309017, -0.5, 0.0, -0.309017, 0.5, -0.809017, 0.0, 0.0, 0.0, 0.0, 1.0 ], [ -0.309017, 0.5, -0.809017, 0.0, 0.5, 0.809017, 0.309017, 0.0, 0.809017, -0.309017, -0.5, 0.0, 0.0, 0.0, 0.0, 1.0 ], [ 0.809017, -0.309017, -0.5, 0.0, -0.309017, 0.5, -0.809017, 0.0, 0.5, 0.809017, 0.309017, 0.0, 0.0, 0.0, 0.0, 1.0 ], [ 0.5, 0.809017, -0.309017, 0.0, 0.809017, -0.309017, 0.5, 0.0, 0.309017, -0.5, -0.809017, 0.0, 0.0, 0.0, 0.0, 1.0 ], [ 0.309017, -0.5, -0.809017, 0.0, 0.5, 0.809017, -0.309017, 0.0, 0.809017, -0.309017, 0.5, 0.0, 0.0, 0.0, 0.0, 1.0 ], [ 0.809017, -0.309017, 0.5, 0.0, 0.309017, -0.5, -0.809017, 0.0, 0.5, 0.809017, -0.309017, 0.0, 0.0, 0.0, 0.0, 1.0 ], [ 0.809017, 0.309017, -0.5, 0.0, 0.309017, 0.5, 0.809017, 0.0, 0.5, -0.809017, 0.309017, 0.0, 0.0, 0.0, 0.0, 1.0 ], [ 0.5, -0.809017, 0.309017, 0.0, 0.809017, 0.309017, -0.5, 0.0, 0.309017, 0.5, 0.809017, 0.0, 0.0, 0.0, 0.0, 1.0 ], [ 0.309017, 0.5, 0.809017, 0.0, 0.5, -0.809017, 0.309017, 0.0, 0.809017, 0.309017, -0.5, 0.0, 0.0, 0.0, 0.0, 1.0 ], [ 1.0, 0.0, 0.0, 0.0, 0.0, -1.0, 0.0, 0.0, 0.0, 0.0, -1.0, 0.0, 0.0, 0.0, 0.0, 1.0 ], [ 0.0, 0.0, 1.0, 0.0, -1.0, 0.0, 0.0, 0.0, 0.0, -1.0, 0.0, 0.0, 0.0, 0.0, 0.0, 1.0 ], [ 0.0, 1.0, 0.0, 0.0, 0.0, 0.0, -1.0, 0.0, -1.0, 0.0, 0.0, 0.0, 0.0, 0.0, 0.0, 1.0 ], [ 0.809017, 0.309017, 0.5, 0.0, -0.309017, -0.5, 0.809017, 0.0, 0.5, -0.809017, -0.309017, 0.0, 0.0, 0.0, 0.0, 1.0 ], [ -0.5, 0.809017, 0.309017, 0.0, -0.809017, -0.309017, -0.5, 0.0, -0.309017, -0.5, 0.809017, 0.0, 0.0, 0.0, 0.0, 1.0 ], [ 0.309017, 0.5, -0.809017, 0.0, 0.5, -0.809017, -0.309017, 0.0, -0.809017, -0.309017, -0.5, 0.0, 0.0, 0.0, 0.0, 1.0 ], [ 0.5, 0.809017, 0.309017, 0.0, -0.809017, 0.309017, 0.5, 0.0, 0.309017, -0.5, 0.809017, 0.0, 0.0, 0.0, 0.0, 1.0 ], [ -0.309017, 0.5, -0.809017, 0.0, -0.5, -0.809017, -0.309017, 0.0, -0.809017, 0.309017, 0.5, 0.0, 0.0, 0.0, 0.0, 1.0 ], [ 0.809017, -0.309017, -0.5, 0.0, 0.309017, -0.5, 0.809017, 0.0, -0.5, -0.809017, -0.309017, 0.0, 0.0, 0.0, 0.0, 1.0 ], [ 0.5, 0.809017, -0.309017, 0.0, -0.809017, 0.309017, -0.5, 0.0, -0.309017, 0.5, 0.809017, 0.0, 0.0, 0.0, 0.0, 1.0 ], [ 0.309017, -0.5, -0.809017, 0.0, -0.5, -0.809017, 0.309017, 0.0, -0.809017, 0.309017, -0.5, 0.0, 0.0, 0.0, 0.0, 1.0 ], [ 0.809017, -0.309017, 0.5, 0.0, -0.309017, 0.5, 0.809017, 0.0, -0.5, -0.809017, 0.309017, 0.0, 0.0, 0.0, 0.0, 1.0 ], [ 0.809017, 0.309017, -0.5, 0.0, -0.309017, -0.5, -0.809017, 0.0, -0.5, 0.809017, -0.309017, 0.0, 0.0, 0.0, 0.0, 1.0 ], [ 0.5, -0.809017, 0.309017, 0.0, -0.809017, -0.309017, 0.5, 0.0, -0.309017, -0.5, -0.809017, 0.0, 0.0, 0.0, 0.0, 1.0 ], [ 0.309017, 0.5, 0.809017, 0.0, -0.5, 0.809017, -0.309017, 0.0, -0.809017, -0.309017, 0.5, 0.0, 0.0, 0.0, 0.0, 1.0 ], [ -1.0, 0.0, 0.0, 0.0, 0.0, -1.0, 0.0, 0.0, 0.0, 0.0, 1.0, 0.0, 0.0, 0.0, 0.0, 1.0 ], [ 0.0, 0.0, -1.0, 0.0, -1.0, 0.0, 0.0, 0.0, 0.0, 1.0, 0.0, 0.0, 0.0, 0.0, 0.0, 1.0 ], [ 0.0, -1.0, 0.0, 0.0, 0.0, 0.0, -1.0, 0.0, 1.0, 0.0, 0.0, 0.0, 0.0, 0.0, 0.0, 1.0 ], [ -0.809017, -0.309017, -0.5, 0.0, -0.309017, -0.5, 0.809017, 0.0, -0.5, 0.809017, 0.309017, 0.0, 0.0, 0.0, 0.0, 1.0 ], [ 0.5, -0.809017, -0.309017, 0.0, -0.809017, -0.309017, -0.5, 0.0, 0.309017, 0.5, -0.809017, 0.0, 0.0, 0.0, 0.0, 1.0 ], [ -0.309017, -0.5, 0.809017, 0.0, 0.5, -0.809017, -0.309017, 0.0, 0.809017, 0.309017, 0.5, 0.0, 0.0, 0.0, 0.0, 1.0 ], [ -0.5, -0.809017, -0.309017, 0.0, -0.809017, 0.309017, 0.5, 0.0, -0.309017, 0.5, -0.809017, 0.0, 0.0, 0.0, 0.0, 1.0 ], [ 0.309017, -0.5, 0.809017, 0.0, -0.5, -0.809017, -0.309017, 0.0, 0.809017, -0.309017, -0.5, 0.0, 0.0, 0.0, 0.0, 1.0 ], [ -0.809017, 0.309017, 0.5, 0.0, 0.309017, -0.5, 0.809017, 0.0, 0.5, 0.809017, 0.309017, 0.0, 0.0, 0.0, 0.0, 1.0 ], [ -0.5, -0.809017, 0.309017, 0.0, -0.809017, 0.309017, -0.5, 0.0, 0.309017, -0.5, -0.809017, 0.0, 0.0, 0.0, 0.0, 1.0 ], [ -0.309017, 0.5, 0.809017, 0.0, -0.5, -0.809017, 0.309017, 0.0, 0.809017, -0.309017, 0.5, 0.0, 0.0, 0.0, 0.0, 1.0 ], [ -0.809017, 0.309017, -0.5, 0.0, -0.309017, 0.5, 0.809017, 0.0, 0.5, 0.809017, -0.309017, 0.0, 0.0, 0.0, 0.0, 1.0 ], [ -0.809017, -0.309017, 0.5, 0.0, -0.309017, -0.5, -0.809017, 0.0, 0.5, -0.809017, 0.309017, 0.0, 0.0, 0.0, 0.0, 1.0 ], [ -0.5, 0.809017, -0.309017, 0.0, -0.809017, -0.309017, 0.5, 0.0, 0.309017, 0.5, 0.809017, 0.0, 0.0, 0.0, 0.0, 1.0 ], [ -0.309017, -0.5, -0.809017, 0.0, -0.5, 0.809017, -0.309017, 0.0, 0.809017, 0.309017, -0.5, 0.0, 0.0, 0.0, 0.0, 1.0 ], [ -1.0, 0.0, 0.0, 0.0, 0.0, 1.0, 0.0, 0.0, 0.0, 0.0, -1.0, 0.0, 0.0, 0.0, 0.0, 1.0 ], [ 0.0, 0.0, -1.0, 0.0, 1.0, 0.0, 0.0, 0.0, 0.0, -1.0, 0.0, 0.0, 0.0, 0.0, 0.0, 1.0 ], [ 0.0, -1.0, 0.0, 0.0, 0.0, 0.0, 1.0, 0.0, -1.0, 0.0, 0.0, 0.0, 0.0, 0.0, 0.0, 1.0 ], [ -0.809017, -0.309017, -0.5, 0.0, 0.309017, 0.5, -0.809017, 0.0, 0.5, -0.809017, -0.309017, 0.0, 0.0, 0.0, 0.0, 1.0 ], [ 0.5, -0.809017, -0.309017, 0.0, 0.809017, 0.309017, 0.5, 0.0, -0.309017, -0.5, 0.809017, 0.0, 0.0, 0.0, 0.0, 1.0 ], [ -0.309017, -0.5, 0.809017, 0.0, -0.5, 0.809017, 0.309017, 0.0, -0.809017, -0.309017, -0.5, 0.0, 0.0, 0.0, 0.0, 1.0 ], [ -0.5, -0.809017, -0.309017, 0.0, 0.809017, -0.309017, -0.5, 0.0, 0.309017, -0.5, 0.809017, 0.0, 0.0, 0.0, 0.0, 1.0 ], [ 0.309017, -0.5, 0.809017, 0.0, 0.5, 0.809017, 0.309017, 0.0, -0.809017, 0.309017, 0.5, 0.0, 0.0, 0.0, 0.0, 1.0 ], [ -0.809017, 0.309017, 0.5, 0.0, -0.309017, 0.5, -0.809017, 0.0, -0.5, -0.809017, -0.309017, 0.0, 0.0, 0.0, 0.0, 1.0 ], [ -0.5, -0.809017, 0.309017, 0.0, 0.809017, -0.309017, 0.5, 0.0, -0.309017, 0.5, 0.809017, 0.0, 0.0, 0.0, 0.0, 1.0 ], [ -0.309017, 0.5, 0.809017, 0.0, 0.5, 0.809017, -0.309017, 0.0, -0.809017, 0.309017, -0.5, 0.0, 0.0, 0.0, 0.0, 1.0 ], [ -0.809017, 0.309017, -0.5, 0.0, 0.309017, -0.5, -0.809017, 0.0, -0.5, -0.809017, 0.309017, 0.0, 0.0, 0.0, 0.0, 1.0 ], [ -0.809017, -0.309017, 0.5, 0.0, 0.309017, 0.5, 0.809017, 0.0, -0.5, 0.809017, -0.309017, 0.0, 0.0, 0.0, 0.0, 1.0 ], [ -0.5, 0.809017, -0.309017, 0.0, 0.809017, 0.309017, -0.5, 0.0, -0.309017, -0.5, -0.809017, 0.0, 0.0, 0.0, 0.0, 1.0 ], [ -0.309017, -0.5, -0.809017, 0.0, 0.5, -0.809017, 0.309017, 0.0, -0.809017, -0.309017, 0.5, 0.0, 0.0, 0.0, 0.0, 1.0 ] ],
  "lights" : {
    "ambientColor" : "#292929",
    "backgroundColor" : "#E0EFFF",
    "directionalLights" : [ {
      "direction" : {
        "x" : 1.0,
        "y" : -1.0,
        "z" : -1.0
      },
      "color" : "#EBEBE4"
    }, {
      "direction" : {
        "x" : -1.0,
        "y" : 0.0,
        "z" : 0.0
      },
      "color" : "#E4E4EB"
    }, {
      "direction" : {
        "x" : 0.0,
        "y" : 0.0,
        "z" : -1.0
      },
      "color" : "#1E1E1E"
    } ]
  },
  "camera" : {
    "width" : 48.929184,
    "stereo" : false,
    "perspective" : true,
    "lookDirection" : {
      "x" : 0.0,
      "y" : 0.0,
      "z" : -1.0
    },
    "upDirection" : {
      "x" : 0.0,
      "y" : 1.0,
      "z" : 0.0
    },
    "lookAtPoint" : {
      "x" : 0.0,
      "y" : 0.0,
      "z" : 0.0
    },
    "viewDistance" : 108.73127,
    "nearClipDistance" : 0.27182832,
    "farClipDistance" : 217.46312,
    "fieldOfView" : 0.44262987,
    "position" : {
      "x" : 0.0,
      "y" : 0.0,
      "z" : 108.73127
    }
  },
  "embedding" : [ 1.0, 0.0, 0.0, 0.0, 0.0, 1.0, 0.0, 0.0, 0.0, 0.0, 1.0, 0.0, 0.0, 0.0, 0.0, 1.0 ],
  "shapes" : [ {
    "id" : "974c1dad-bd7c-4f35-a387-f69acd324040",
    "vertices" : [ {
      "x" : -2.1423016,
      "y" : -1.8913866,
      "z" : -11.985759
    }, {
      "x" : 2.1423016,
      "y" : 1.8913866,
      "z" : -11.985759
    }, {
      "x" : -3.24479,
      "y" : 3.6752503,
      "z" : -11.304383
    } ],
    "faces" : [ {
      "vertices" : [ 0, 1, 2 ]
    }, {
      "vertices" : [ 0, 2, 1 ]
    } ]
  }, {
    "id" : "28094e65-3146-400b-a052-2fc07257e16e",
    "vertices" : [ {
      "x" : 0.072024114,
      "y" : -3.349689,
      "z" : -3.8109982
    }, {
      "x" : -0.32797587,
      "y" : -3.249689,
      "z" : -3.7109983
    }, {
      "x" : -0.293551,
      "y" : -0.5764762,
      "z" : -0.33669388
    }, {
      "x" : 0.106449015,
      "y" : -0.67647624,
      "z" : -0.43669388
    }, {
      "x" : -0.46130922,
      "y" : -3.549689,
      "z" : -3.477665
    }, {
      "x" : -0.06130922,
      "y" : -3.649689,
      "z" : -3.5776649
    }, {
      "x" : 0.23978235,
      "y" : -0.37647623,
      "z" : -0.6700272
    }, {
      "x" : -0.16021766,
      "y" : -0.27647623,
      "z" : -0.57002723
    } ],
    "faces" : [ {
      "vertices" : [ 2, 3, 6 ]
    }, {
      "vertices" : [ 2, 6, 7 ]
    }, {
      "vertices" : [ 0, 5, 4 ]
    }, {
      "vertices" : [ 0, 4, 1 ]
    }, {
      "vertices" : [ 2, 4, 5 ]
    }, {
      "vertices" : [ 2, 5, 3 ]
    }, {
      "vertices" : [ 0, 6, 3 ]
    }, {
      "vertices" : [ 0, 3, 5 ]
    }, {
      "vertices" : [ 0, 1, 7 ]
    }, {
      "vertices" : [ 0, 7, 6 ]
    }, {
      "vertices" : [ 1, 4, 2 ]
    }, {
      "vertices" : [ 1, 2, 7 ]
    } ]
  }, {
    "id" : "456773e9-1230-4395-898b-09a9e58c3d69",
    "vertices" : [ {
      "x" : -9.412996,
      "y" : -6.3051176,
      "z" : -4.8441916
    }, {
      "x" : -9.980368,
      "y" : -1.1024884,
      "z" : -7.141567
    }, {
      "x" : -11.985759,
      "y" : -2.1423016,
      "z" : -1.8913866
    } ],
    "faces" : [ {
      "vertices" : [ 0, 1, 2 ]
    }, {
      "vertices" : [ 0, 2, 1 ]
    } ]
  }, {
    "id" : "2d38e6ce-affc-446c-9df8-fca3278fce5e",
    "vertices" : [ {
      "x" : 0.309017,
      "y" : -0.309017,
      "z" : -0.309017
    }, {
      "x" : 0.5,
      "y" : 0.0,
      "z" : -0.19098301
    }, {
      "x" : 0.5,
      "y" : 0.0,
      "z" : 0.19098301
    }, {
      "x" : 0.309017,
      "y" : -0.309017,
      "z" : 0.309017
    }, {
      "x" : 0.19098301,
      "y" : -0.5,
      "z" : 0.0
    }, {
      "x" : 0.0,
      "y" : 0.19098301,
      "z" : 0.5
    }, {
      "x" : 0.0,
      "y" : -0.19098301,
      "z" : 0.5
    }, {
      "x" : 0.309017,
      "y" : 0.309017,
      "z" : 0.309017
    }, {
      "x" : -0.309017,
      "y" : -0.309017,
      "z" : 0.309017
    }, {
      "x" : -0.309017,
      "y" : 0.309017,
      "z" : 0.309017
    }, {
      "x" : -0.5,
      "y" : 0.0,
      "z" : 0.19098301
    }, {
      "x" : 0.0,
      "y" : -0.19098301,
      "z" : -0.5
    }, {
      "x" : 0.0,
      "y" : 0.19098301,
      "z" : -0.5
    }, {
      "x" : 0.309017,
      "y" : 0.309017,
      "z" : -0.309017
    }, {
      "x" : -0.309017,
      "y" : -0.309017,
      "z" : -0.309017
    }, {
      "x" : -0.19098301,
      "y" : -0.5,
      "z" : 0.0
    }, {
      "x" : -0.5,
      "y" : 0.0,
      "z" : -0.19098301
    }, {
      "x" : 0.19098301,
      "y" : 0.5,
      "z" : 0.0
    }, {
      "x" : -0.309017,
      "y" : 0.309017,
      "z" : -0.309017
    }, {
      "x" : 0.0,
      "y" : 0.0,
      "z" : 0.0
    }, {
      "x" : -0.19098301,
      "y" : 0.5,
      "z" : 0.0
    } ],
    "faces" : [ {
      "vertices" : [ 12, 18, 20 ]
    }, {
      "vertices" : [ 12, 20, 17 ]
    }, {
      "vertices" : [ 12, 17, 13 ]
    }, {
      "vertices" : [ 3, 6, 8 ]
    }, {
      "vertices" : [ 3, 8, 15 ]
    }, {
      "vertices" : [ 3, 15, 4 ]
    }, {
      "vertices" : [ 0, 11, 12 ]
    }, {
      "vertices" : [ 0, 12, 13 ]
    }, {
      "vertices" : [ 0, 13, 1 ]
    }, {
      "vertices" : [ 5, 9, 10 ]
    }, {
      "vertices" : [ 5, 10, 8 ]
    }, {
      "vertices" : [ 5, 8, 6 ]
    }, {
      "vertices" : [ 2, 7, 5 ]
    }, {
      "vertices" : [ 2, 5, 6 ]
    }, {
      "vertices" : [ 2, 6, 3 ]
    }, {
      "vertices" : [ 11, 14, 16 ]
    }, {
      "vertices" : [ 11, 16, 18 ]
    }, {
      "vertices" : [ 11, 18, 12 ]
    }, {
      "vertices" : [ 1, 13, 17 ]
    }, {
      "vertices" : [ 1, 17, 7 ]
    }, {
      "vertices" : [ 1, 7, 2 ]
    }, {
      "vertices" : [ 9, 20, 18 ]
    }, {
      "vertices" : [ 9, 18, 16 ]
    }, {
      "vertices" : [ 9, 16, 10 ]
    }, {
      "vertices" : [ 0, 1, 2 ]
    }, {
      "vertices" : [ 0, 2, 3 ]
    }, {
      "vertices" : [ 0, 3, 4 ]
    }, {
      "vertices" : [ 5, 7, 17 ]
    }, {
      "vertices" : [ 5, 17, 20 ]
    }, {
      "vertices" : [ 5, 20, 9 ]
    }, {
      "vertices" : [ 0, 4, 15 ]
    }, {
      "vertices" : [ 0, 15, 14 ]
    }, {
      "vertices" : [ 0, 14, 11 ]
    }, {
      "vertices" : [ 8, 10, 16 ]
    }, {
      "vertices" : [ 8, 16, 14 ]
    }, {
      "vertices" : [ 8, 14, 15 ]
    } ]
  }, {
    "id" : "98ba4b52-d52d-4ed6-9ad0-b9b0236e9522",
    "vertices" : [ {
      "x" : -6.3051176,
      "y" : 4.8441916,
      "z" : 9.412996
    }, {
      "x" : -1.1024884,
      "y" : 7.141567,
      "z" : 9.980368
    }, {
      "x" : -2.1423016,
      "y" : 1.8913866,
      "z" : 11.985759
    } ],
    "faces" : [ {
      "vertices" : [ 0, 1, 2 ]
    }, {
      "vertices" : [ 0, 2, 1 ]
    } ]
  }, {
    "id" : "cc2673ef-73d7-4ca1-8cf9-ad305714723e",
    "vertices" : [ {
      "x" : 0.7308558,
      "y" : 0.76681167,
      "z" : 4.948251
    }, {
      "x" : 0.33085582,
      "y" : 0.8668117,
      "z" : 5.0482507
    }, {
      "x" : -0.04948053,
      "y" : 0.33567667,
      "z" : 0.6183862
    }, {
      "x" : 0.35051948,
      "y" : 0.23567668,
      "z" : 0.5183862
    }, {
      "x" : 0.46418914,
      "y" : 1.1668117,
      "z" : 4.814917
    }, {
      "x" : 0.86418915,
      "y" : 1.0668117,
      "z" : 4.714917
    }, {
      "x" : 0.21718614,
      "y" : -0.06432332,
      "z" : 0.75171953
    }, {
      "x" : -0.18281387,
      "y" : 0.035676684,
      "z" : 0.85171956
    } ],
    "faces" : [ {
      "vertices" : [ 2, 3, 6 ]
    }, {
      "vertices" : [ 2, 6, 7 ]
    }, {
      "vertices" : [ 0, 5, 4 ]
    }, {
      "vertices" : [ 0, 4, 1 ]
    }, {
      "vertices" : [ 2, 4, 5 ]
    }, {
      "vertices" : [ 2, 5, 3 ]
    }, {
      "vertices" : [ 0, 6, 3 ]
    }, {
      "vertices" : [ 0, 3, 5 ]
    }, {
      "vertices" : [ 0, 1, 7 ]
    }, {
      "vertices" : [ 0, 7, 6 ]
    }, {
      "vertices" : [ 1, 4, 2 ]
    }, {
      "vertices" : [ 1, 2, 7 ]
    } ]
  }, {
    "id" : "247b6664-13cf-4ecc-a16c-4ecdad15604f",
    "vertices" : [ {
      "x" : -1.8913866,
      "y" : -11.985759,
      "z" : -2.1423016
    }, {
      "x" : 1.8913866,
      "y" : -11.985759,
      "z" : 2.1423016
    }, {
      "x" : 3.6752503,
      "y" : -11.304383,
      "z" : -3.24479
    } ],
    "faces" : [ {
      "vertices" : [ 0, 1, 2 ]
    }, {
      "vertices" : [ 0, 2, 1 ]
    } ]
  }, {
    "id" : "267de772-cf9a-46d8-9fdf-90d87dd8c52c",
    "vertices" : [ {
      "x" : 3.8283002,
      "y" : -3.1210558,
      "z" : 0.13333334
    }, {
      "x" : 3.9283004,
      "y" : -3.221056,
      "z" : -0.26666668
    }, {
      "x" : 0.45630294,
      "y" : -0.6617173,
      "z" : -0.13333334
    }, {
      "x" : 0.35630295,
      "y" : -0.5617173,
      "z" : 0.26666668
    }, {
      "x" : 3.694967,
      "y" : -3.521056,
      "z" : -0.13333334
    }, {
      "x" : 3.5949671,
      "y" : -3.4210558,
      "z" : 0.26666668
    }, {
      "x" : 0.58963627,
      "y" : -0.2617173,
      "z" : 0.13333334
    }, {
      "x" : 0.6896363,
      "y" : -0.36171728,
      "z" : -0.26666668
    } ],
    "faces" : [ {
      "vertices" : [ 2, 3, 6 ]
    }, {
      "vertices" : [ 2, 6, 7 ]
    }, {
      "vertices" : [ 0, 5, 4 ]
    }, {
      "vertices" : [ 0, 4, 1 ]
    }, {
      "vertices" : [ 2, 4, 5 ]
    }, {
      "vertices" : [ 2, 5, 3 ]
    }, {
      "vertices" : [ 0, 6, 3 ]
    }, {
      "vertices" : [ 0, 3, 5 ]
    }, {
      "vertices" : [ 0, 1, 7 ]
    }, {
      "vertices" : [ 0, 7, 6 ]
    }, {
      "vertices" : [ 1, 4, 2 ]
    }, {
      "vertices" : [ 1, 2, 7 ]
    } ]
  }, {
    "id" : "218c87e3-915a-4e94-80d0-c2d0f7b9a0ac",
    "vertices" : [ {
      "x" : -10.4852915,
      "y" : 6.4802666,
      "z" : 0.0
    }, {
      "x" : -8.310509,
      "y" : 8.088982,
      "z" : -4.162816
    }, {
      "x" : -7.141567,
      "y" : 9.980368,
      "z" : 1.1024884
    } ],
    "faces" : [ {
      "vertices" : [ 0, 1, 2 ]
    }, {
      "vertices" : [ 0, 2, 1 ]
    } ]
  }, {
    "id" : "54febc48-d670-4031-bfb5-2ae1ffc53611",
    "vertices" : [ {
      "x" : 0.0,
      "y" : 10.4852915,
      "z" : 6.4802666
    }, {
      "x" : 4.162816,
      "y" : 8.310509,
      "z" : 8.088982
    }, {
      "x" : -1.1024884,
      "y" : 7.141567,
      "z" : 9.980368
    } ],
    "faces" : [ {
      "vertices" : [ 0, 1, 2 ]
    }, {
      "vertices" : [ 0, 2, 1 ]
    } ]
  }, {
    "id" : "3d7d6558-b5d6-4ab6-a464-aa3168d6c9a6",
    "vertices" : [ {
      "x" : 0.717942,
      "y" : 0.2832701,
      "z" : -4.213555
    }, {
      "x" : 0.817942,
      "y" : -0.11672991,
      "z" : -4.313555
    }, {
      "x" : 0.3543529,
      "y" : -0.10812131,
      "z" : -0.6306368
    }, {
      "x" : 0.2543529,
      "y" : 0.2918787,
      "z" : -0.5306368
    }, {
      "x" : 1.117942,
      "y" : 0.016603423,
      "z" : -4.080221
    }, {
      "x" : 1.017942,
      "y" : 0.41660342,
      "z" : -3.9802213
    }, {
      "x" : -0.04564711,
      "y" : 0.15854536,
      "z" : -0.76397014
    }, {
      "x" : 0.05435289,
      "y" : -0.24145465,
      "z" : -0.8639701
    } ],
    "faces" : [ {
      "vertices" : [ 2, 3, 6 ]
    }, {
      "vertices" : [ 2, 6, 7 ]
    }, {
      "vertices" : [ 0, 5, 4 ]
    }, {
      "vertices" : [ 0, 4, 1 ]
    }, {
      "vertices" : [ 2, 4, 5 ]
    }, {
      "vertices" : [ 2, 5, 3 ]
    }, {
      "vertices" : [ 0, 6, 3 ]
    }, {
      "vertices" : [ 0, 3, 5 ]
    }, {
      "vertices" : [ 0, 1, 7 ]
    }, {
      "vertices" : [ 0, 7, 6 ]
    }, {
      "vertices" : [ 1, 4, 2 ]
    }, {
      "vertices" : [ 1, 2, 7 ]
    } ]
  }, {
    "id" : "8fbe0171-29e7-465d-a41f-65ea8e8ecca6",
    "vertices" : [ {
      "x" : -2.1423016,
      "y" : 1.8913866,
      "z" : 11.985759
    }, {
      "x" : 2.1423016,
      "y" : -1.8913866,
      "z" : 11.985759
    }, {
      "x" : -3.24479,
      "y" : -3.6752503,
      "z" : 11.304383
    } ],
    "faces" : [ {
      "vertices" : [ 0, 1, 2 ]
    }, {
      "vertices" : [ 0, 2, 1 ]
    } ]
  }, {
    "id" : "201ee5f8-7298-4cb7-acab-9be8893a04e0",
    "vertices" : [ {
      "x" : 7.141567,
      "y" : -9.980368,
      "z" : 1.1024884
    }, {
      "x" : 4.8441916,
      "y" : -9.412996,
      "z" : 6.3051176
    }, {
      "x" : 9.412996,
      "y" : -6.3051176,
      "z" : 4.8441916
    } ],
    "faces" : [ {
      "vertices" : [ 0, 1, 2 ]
    }, {
      "vertices" : [ 0, 2, 1 ]
    } ]
  }, {
    "id" : "b1752635-bd06-490c-89fc-8308f2759da4",
    "vertices" : [ {
      "x" : 0.0,
      "y" : -10.4852915,
      "z" : -6.4802666
    }, {
      "x" : -1.1024884,
      "y" : -7.141567,
      "z" : -9.980368
    }, {
      "x" : -4.8441916,
      "y" : -9.412996,
      "z" : -6.3051176
    } ],
    "faces" : [ {
      "vertices" : [ 0, 1, 2 ]
    }, {
      "vertices" : [ 0, 2, 1 ]
    } ]
  }, {
    "id" : "794ab9d6-7788-45c5-9589-7c779461638a",
    "vertices" : [ {
      "x" : 9.980368,
      "y" : -1.1024884,
      "z" : 7.141567
    }, {
      "x" : 9.412996,
      "y" : -6.3051176,
      "z" : 4.8441916
    }, {
      "x" : 6.3051176,
      "y" : -4.8441916,
      "z" : 9.412996
    } ],
    "faces" : [ {
      "vertices" : [ 0, 1, 2 ]
    }, {
      "vertices" : [ 0, 2, 1 ]
    } ]
  }, {
    "id" : "fb7f0ce7-9611-4f29-98df-6e68724513d0",
    "vertices" : [ {
      "x" : 0.0,
      "y" : 10.4852915,
      "z" : -6.4802666
    }, {
      "x" : 1.8913866,
      "y" : 11.985759,
      "z" : -2.1423016
    }, {
      "x" : -3.6752503,
      "y" : 11.304383,
      "z" : -3.24479
    } ],
    "faces" : [ {
      "vertices" : [ 0, 1, 2 ]
    }, {
      "vertices" : [ 0, 2, 1 ]
    } ]
  }, {
    "id" : "0e22b718-a06e-4f8c-9632-13b0e5ca3bd6",
    "vertices" : [ {
      "x" : 6.3051176,
      "y" : -4.8441916,
      "z" : 9.412996
    }, {
      "x" : 1.1024884,
      "y" : -7.141567,
      "z" : 9.980368
    }, {
      "x" : 2.1423016,
      "y" : -1.8913866,
      "z" : 11.985759
    } ],
    "faces" : [ {
      "vertices" : [ 0, 1, 2 ]
    }, {
      "vertices" : [ 0, 2, 1 ]
    } ]
  }, {
    "id" : "1faac567-f2ca-4222-b884-60ec30d72a5b",
    "vertices" : [ {
      "x" : -8.088982,
      "y" : 4.162816,
      "z" : -8.310509
    }, {
      "x" : -4.162816,
      "y" : 8.310509,
      "z" : -8.088982
    }, {
      "x" : -8.310509,
      "y" : 8.088982,
      "z" : -4.162816
    } ],
    "faces" : [ {
      "vertices" : [ 0, 1, 2 ]
    }, {
      "vertices" : [ 0, 2, 1 ]
    } ]
  }, {
    "id" : "c2e0fc0b-22c6-418e-8edf-596f6cc76273",
    "vertices" : [ {
      "x" : 11.985759,
      "y" : -2.1423016,
      "z" : 1.8913866
    }, {
      "x" : 11.985759,
      "y" : 2.1423016,
      "z" : -1.8913866
    }, {
      "x" : 11.304383,
      "y" : -3.24479,
      "z" : -3.6752503
    } ],
    "faces" : [ {
      "vertices" : [ 0, 1, 2 ]
    }, {
      "vertices" : [ 0, 2, 1 ]
    } ]
  }, {
    "id" : "d4531d96-98a9-4936-a7f3-4442e323580e",
    "vertices" : [ {
      "x" : -1.1024884,
      "y" : 7.141567,
      "z" : 9.980368
    }, {
      "x" : -6.3051176,
      "y" : 4.8441916,
      "z" : 9.412996
    }, {
      "x" : -4.8441916,
      "y" : 9.412996,
      "z" : 6.3051176
    } ],
    "faces" : [ {
      "vertices" : [ 0, 1, 2 ]
    }, {
      "vertices" : [ 0, 2, 1 ]
    } ]
  }, {
    "id" : "ac1a9572-fd92-4674-bd78-ad5ec7604c57",
    "vertices" : [ {
      "x" : 6.4802666,
      "y" : 0.0,
      "z" : -10.4852915
    }, {
      "x" : 9.980368,
      "y" : 1.1024884,
      "z" : -7.141567
    }, {
      "x" : 6.3051176,
      "y" : 4.8441916,
      "z" : -9.412996
    } ],
    "faces" : [ {
      "vertices" : [ 0, 1, 2 ]
    }, {
      "vertices" : [ 0, 2, 1 ]
    } ]
  }, {
    "id" : "a000de9c-af12-4d27-9c3b-8d03f2cf9758",
    "vertices" : [ {
      "x" : 0.0,
      "y" : -10.4852915,
      "z" : 6.4802666
    }, {
      "x" : -3.6752503,
      "y" : -11.304383,
      "z" : 3.24479
    }, {
      "x" : -4.162816,
      "y" : -8.310509,
      "z" : 8.088982
    } ],
    "faces" : [ {
      "vertices" : [ 0, 1, 2 ]
    }, {
      "vertices" : [ 0, 2, 1 ]
    } ]
  }, {
    "id" : "dddf2a65-f031-4a62-94ef-d44cb26129f0",
    "vertices" : [ {
      "x" : 3.6752503,
      "y" : -11.304383,
      "z" : -3.24479
    }, {
      "x" : 8.310509,
      "y" : -8.088982,
      "z" : -4.162816
    }, {
      "x" : 4.162816,
      "y" : -8.310509,
      "z" : -8.088982
    } ],
    "faces" : [ {
      "vertices" : [ 0, 1, 2 ]
    }, {
      "vertices" : [ 0, 2, 1 ]
    } ]
  }, {
    "id" : "a448e058-ad8b-44a6-bb4f-624dad5f287a",
    "vertices" : [ {
      "x" : -10.4852915,
      "y" : 6.4802666,
      "z" : 0.0
    }, {
      "x" : -11.304383,
      "y" : 3.24479,
      "z" : -3.6752503
    }, {
      "x" : -8.310509,
      "y" : 8.088982,
      "z" : -4.162816
    } ],
    "faces" : [ {
      "vertices" : [ 0, 1, 2 ]
    }, {
      "vertices" : [ 0, 2, 1 ]
    } ]
  }, {
    "id" : "3cd89f95-7a12-4989-bdb0-df84862606f9",
    "vertices" : [ {
      "x" : 9.412996,
      "y" : 6.3051176,
      "z" : -4.8441916
    }, {
      "x" : 9.980368,
      "y" : 1.1024884,
      "z" : -7.141567
    }, {
      "x" : 11.985759,
      "y" : 2.1423016,
      "z" : -1.8913866
    } ],
    "faces" : [ {
      "vertices" : [ 0, 1, 2 ]
    }, {
      "vertices" : [ 0, 2, 1 ]
    } ]
  }, {
    "id" : "cd60ae15-ff85-4545-9986-37ddde3e9754",
    "vertices" : [ {
      "x" : 0.0,
      "y" : 10.4852915,
      "z" : -6.4802666
    }, {
      "x" : -3.6752503,
      "y" : 11.304383,
      "z" : -3.24479
    }, {
      "x" : -4.162816,
      "y" : 8.310509,
      "z" : -8.088982
    } ],
    "faces" : [ {
      "vertices" : [ 0, 1, 2 ]
    }, {
      "vertices" : [ 0, 2, 1 ]
    } ]
  }, {
    "id" : "59f137f1-fdc3-4c0a-88a1-7f656c6f1cdb",
    "vertices" : [ {
      "x" : -9.980368,
      "y" : -1.1024884,
      "z" : -7.141567
    }, {
      "x" : -9.412996,
      "y" : -6.3051176,
      "z" : -4.8441916
    }, {
      "x" : -6.3051176,
      "y" : -4.8441916,
      "z" : -9.412996
    } ],
    "faces" : [ {
      "vertices" : [ 0, 1, 2 ]
    }, {
      "vertices" : [ 0, 2, 1 ]
    } ]
  }, {
    "id" : "460055d0-ad99-4220-ac4c-db085b62ef41",
    "vertices" : [ {
      "x" : -4.162816,
      "y" : 8.310509,
      "z" : -8.088982
    }, {
      "x" : -3.24479,
      "y" : 3.6752503,
      "z" : -11.304383
    }, {
      "x" : 1.1024884,
      "y" : 7.141567,
      "z" : -9.980368
    } ],
    "faces" : [ {
      "vertices" : [ 0, 1, 2 ]
    }, {
      "vertices" : [ 0, 2, 1 ]
    } ]
  }, {
    "id" : "5054515b-c3e6-46a2-92a4-52cb7ab0143c",
    "vertices" : [ {
      "x" : 10.4852915,
      "y" : -6.4802666,
      "z" : 0.0
    }, {
      "x" : 7.141567,
      "y" : -9.980368,
      "z" : 1.1024884
    }, {
      "x" : 9.412996,
      "y" : -6.3051176,
      "z" : 4.8441916
    } ],
    "faces" : [ {
      "vertices" : [ 0, 1, 2 ]
    }, {
      "vertices" : [ 0, 2, 1 ]
    } ]
  }, {
    "id" : "976dcc9c-4cfc-4d0a-a4d6-c7cf46d0bc76",
    "vertices" : [ {
      "x" : -4.162816,
      "y" : -8.310509,
      "z" : 8.088982
    }, {
      "x" : -3.24479,
      "y" : -3.6752503,
      "z" : 11.304383
    }, {
      "x" : 1.1024884,
      "y" : -7.141567,
      "z" : 9.980368
    } ],
    "faces" : [ {
      "vertices" : [ 0, 1, 2 ]
    }, {
      "vertices" : [ 0, 2, 1 ]
    } ]
  }, {
    "id" : "697a7b6a-65fd-4c3a-9d78-66b078567d9d",
    "vertices" : [ {
      "x" : 9.412996,
      "y" : -6.3051176,
      "z" : 4.8441916
    }, {
      "x" : 4.8441916,
      "y" : -9.412996,
      "z" : 6.3051176
    }, {
      "x" : 6.3051176,
      "y" : -4.8441916,
      "z" : 9.412996
    } ],
    "faces" : [ {
      "vertices" : [ 0, 1, 2 ]
    }, {
      "vertices" : [ 0, 2, 1 ]
    } ]
  }, {
    "id" : "eec7395b-f1ff-461b-9e7c-cbc5836bb4b1",
    "vertices" : [ {
      "x" : 6.4802666,
      "y" : 0.0,
      "z" : -10.4852915
    }, {
      "x" : 2.1423016,
      "y" : 1.8913866,
      "z" : -11.985759
    }, {
      "x" : 3.24479,
      "y" : -3.6752503,
      "z" : -11.304383
    } ],
    "faces" : [ {
      "vertices" : [ 0, 1, 2 ]
    }, {
      "vertices" : [ 0, 2, 1 ]
    } ]
  }, {
    "id" : "e18f66fc-0d50-4483-bced-33260b3788db",
    "vertices" : [ {
      "x" : 11.304383,
      "y" : 3.24479,
      "z" : 3.6752503
    }, {
      "x" : 11.985759,
      "y" : -2.1423016,
      "z" : 1.8913866
    }, {
      "x" : 9.980368,
      "y" : -1.1024884,
      "z" : 7.141567
    } ],
    "faces" : [ {
      "vertices" : [ 0, 1, 2 ]
    }, {
      "vertices" : [ 0, 2, 1 ]
    } ]
  }, {
    "id" : "debdba44-43c3-4bfa-94e4-d6b1b2e7f039",
    "vertices" : [ {
      "x" : -9.412996,
      "y" : 6.3051176,
      "z" : 4.8441916
    }, {
      "x" : -4.8441916,
      "y" : 9.412996,
      "z" : 6.3051176
    }, {
      "x" : -6.3051176,
      "y" : 4.8441916,
      "z" : 9.412996
    } ],
    "faces" : [ {
      "vertices" : [ 0, 1, 2 ]
    }, {
      "vertices" : [ 0, 2, 1 ]
    } ]
  }, {
    "id" : "b53ac094-fe22-4309-8c5b-2e95e2a36f19",
    "vertices" : [ {
      "x" : -8.310509,
      "y" : -8.088982,
      "z" : 4.162816
    }, {
      "x" : -3.6752503,
      "y" : -11.304383,
      "z" : 3.24479
    }, {
      "x" : -7.141567,
      "y" : -9.980368,
      "z" : -1.1024884
    } ],
    "faces" : [ {
      "vertices" : [ 0, 1, 2 ]
    }, {
      "vertices" : [ 0, 2, 1 ]
    } ]
  }, {
    "id" : "daee787a-e7e3-49e7-95cc-195c97564ed6",
    "vertices" : [ {
      "x" : -4.8441916,
      "y" : 9.412996,
      "z" : 6.3051176
    }, {
      "x" : -7.141567,
      "y" : 9.980368,
      "z" : 1.1024884
    }, {
      "x" : -1.8913866,
      "y" : 11.985759,
      "z" : 2.1423016
    } ],
    "faces" : [ {
      "vertices" : [ 0, 1, 2 ]
    }, {
      "vertices" : [ 0, 2, 1 ]
    } ]
  }, {
    "id" : "f0b5837f-b18f-4b73-a0ce-1ff535c70f34",
    "vertices" : [ {
      "x" : 0.0,
      "y" : -10.4852915,
      "z" : 6.4802666
    }, {
      "x" : -4.162816,
      "y" : -8.310509,
      "z" : 8.088982
    }, {
      "x" : 1.1024884,
      "y" : -7.141567,
      "z" : 9.980368
    } ],
    "faces" : [ {
      "vertices" : [ 0, 1, 2 ]
    }, {
      "vertices" : [ 0, 2, 1 ]
    } ]
  }, {
    "id" : "47afe28e-d4d3-4cb3-b97e-fc93c1e19182",
    "vertices" : [ {
      "x" : 2.1423016,
      "y" : -1.8913866,
      "z" : 11.985759
    }, {
      "x" : -2.1423016,
      "y" : 1.8913866,
      "z" : 11.985759
    }, {
      "x" : 3.24479,
      "y" : 3.6752503,
      "z" : 11.304383
    } ],
    "faces" : [ {
      "vertices" : [ 0, 1, 2 ]
    }, {
      "vertices" : [ 0, 2, 1 ]
    } ]
  }, {
    "id" : "907cddb2-308f-4b44-b8ea-47697405c3e4",
    "vertices" : [ {
      "x" : -6.4802666,
      "y" : 0.0,
      "z" : 10.4852915
    }, {
      "x" : -2.1423016,
      "y" : 1.8913866,
      "z" : 11.985759
    }, {
      "x" : -3.24479,
      "y" : -3.6752503,
      "z" : 11.304383
    } ],
    "faces" : [ {
      "vertices" : [ 0, 1, 2 ]
    }, {
      "vertices" : [ 0, 2, 1 ]
    } ]
  }, {
    "id" : "35c53763-22e3-42b2-b7ef-51969cfaf89f",
    "vertices" : [ {
      "x" : 0.0,
      "y" : -10.4852915,
      "z" : -6.4802666
    }, {
      "x" : -4.8441916,
      "y" : -9.412996,
      "z" : -6.3051176
    }, {
      "x" : -1.8913866,
      "y" : -11.985759,
      "z" : -2.1423016
    } ],
    "faces" : [ {
      "vertices" : [ 0, 1, 2 ]
    }, {
      "vertices" : [ 0, 2, 1 ]
    } ]
  }, {
    "id" : "2e5aa1b2-c66f-42f8-8a91-cc96b20800fd",
    "vertices" : [ {
      "x" : 6.4802666,
      "y" : 0.0,
      "z" : 10.4852915
    }, {
      "x" : 3.24479,
      "y" : 3.6752503,
      "z" : 11.304383
    }, {
      "x" : 8.088982,
      "y" : 4.162816,
      "z" : 8.310509
    } ],
    "faces" : [ {
      "vertices" : [ 0, 1, 2 ]
    }, {
      "vertices" : [ 0, 2, 1 ]
    } ]
  }, {
    "id" : "01dd5914-2951-4a98-b501-97224e422e03",
    "vertices" : [ {
      "x" : -8.310509,
      "y" : 8.088982,
      "z" : -4.162816
    }, {
      "x" : -3.6752503,
      "y" : 11.304383,
      "z" : -3.24479
    }, {
      "x" : -7.141567,
      "y" : 9.980368,
      "z" : 1.1024884
    } ],
    "faces" : [ {
      "vertices" : [ 0, 1, 2 ]
    }, {
      "vertices" : [ 0, 2, 1 ]
    } ]
  }, {
    "id" : "32bb88b5-6ae9-4bc3-99fa-8a2b8cc914f9",
    "vertices" : [ {
      "x" : 10.4852915,
      "y" : 6.4802666,
      "z" : 0.0
    }, {
      "x" : 11.985759,
      "y" : 2.1423016,
      "z" : -1.8913866
    }, {
      "x" : 11.304383,
      "y" : 3.24479,
      "z" : 3.6752503
    } ],
    "faces" : [ {
      "vertices" : [ 0, 1, 2 ]
    }, {
      "vertices" : [ 0, 2, 1 ]
    } ]
  }, {
    "id" : "182d29be-5144-4a39-b2ad-142db5e160a3",
    "vertices" : [ {
      "x" : -10.4852915,
      "y" : -6.4802666,
      "z" : 0.0
    }, {
      "x" : -8.310509,
      "y" : -8.088982,
      "z" : 4.162816
    }, {
      "x" : -7.141567,
      "y" : -9.980368,
      "z" : -1.1024884
    } ],
    "faces" : [ {
      "vertices" : [ 0, 1, 2 ]
    }, {
      "vertices" : [ 0, 2, 1 ]
    } ]
  }, {
    "id" : "f049f0a5-d770-4c0f-9d9e-8fa65788804c",
    "vertices" : [ {
      "x" : 9.980368,
      "y" : 1.1024884,
      "z" : -7.141567
    }, {
      "x" : 9.412996,
      "y" : 6.3051176,
      "z" : -4.8441916
    }, {
      "x" : 6.3051176,
      "y" : 4.8441916,
      "z" : -9.412996
    } ],
    "faces" : [ {
      "vertices" : [ 0, 1, 2 ]
    }, {
      "vertices" : [ 0, 2, 1 ]
    } ]
  }, {
    "id" : "19a7d49c-aaa5-497d-9aea-d86fa7b56584",
    "vertices" : [ {
      "x" : 4.8441916,
      "y" : 9.412996,
      "z" : -6.3051176
    }, {
      "x" : 7.141567,
      "y" : 9.980368,
      "z" : -1.1024884
    }, {
      "x" : 1.8913866,
      "y" : 11.985759,
      "z" : -2.1423016
    } ],
    "faces" : [ {
      "vertices" : [ 0, 1, 2 ]
    }, {
      "vertices" : [ 0, 2, 1 ]
    } ]
  }, {
    "id" : "105c2aca-f22f-46d8-8b3d-de4b48d262fd",
    "vertices" : [ {
      "x" : 6.4802666,
      "y" : 0.0,
      "z" : 10.4852915
    }, {
      "x" : 8.088982,
      "y" : 4.162816,
      "z" : 8.310509
    }, {
      "x" : 9.980368,
      "y" : -1.1024884,
      "z" : 7.141567
    } ],
    "faces" : [ {
      "vertices" : [ 0, 1, 2 ]
    }, {
      "vertices" : [ 0, 2, 1 ]
    } ]
  }, {
    "id" : "40cc0306-6883-41b3-b14a-7abd4a7864d0",
    "vertices" : [ {
      "x" : -3.6752503,
      "y" : 11.304383,
      "z" : -3.24479
    }, {
      "x" : -8.310509,
      "y" : 8.088982,
      "z" : -4.162816
    }, {
      "x" : -4.162816,
      "y" : 8.310509,
      "z" : -8.088982
    } ],
    "faces" : [ {
      "vertices" : [ 0, 1, 2 ]
    }, {
      "vertices" : [ 0, 2, 1 ]
    } ]
  }, {
    "id" : "c58154e5-acb2-466b-9416-0fefd778ad46",
    "vertices" : [ {
      "x" : -4.8441916,
      "y" : -9.412996,
      "z" : -6.3051176
    }, {
      "x" : -7.141567,
      "y" : -9.980368,
      "z" : -1.1024884
    }, {
      "x" : -1.8913866,
      "y" : -11.985759,
      "z" : -2.1423016
    } ],
    "faces" : [ {
      "vertices" : [ 0, 1, 2 ]
    }, {
      "vertices" : [ 0, 2, 1 ]
    } ]
  }, {
    "id" : "89d759fe-dfba-4bc3-a3e2-e5104a6ce6ee",
    "vertices" : [ {
      "x" : 0.0,
      "y" : -10.4852915,
      "z" : 6.4802666
    }, {
      "x" : 4.8441916,
      "y" : -9.412996,
      "z" : 6.3051176
    }, {
      "x" : 1.8913866,
      "y" : -11.985759,
      "z" : 2.1423016
    } ],
    "faces" : [ {
      "vertices" : [ 0, 1, 2 ]
    }, {
      "vertices" : [ 0, 2, 1 ]
    } ]
  }, {
    "id" : "faa08d4a-2461-4810-8ee9-5a29b59560cf",
    "vertices" : [ {
      "x" : -10.4852915,
      "y" : -6.4802666,
      "z" : 0.0
    }, {
      "x" : -11.304383,
      "y" : -3.24479,
      "z" : 3.6752503
    }, {
      "x" : -8.310509,
      "y" : -8.088982,
      "z" : 4.162816
    } ],
    "faces" : [ {
      "vertices" : [ 0, 1, 2 ]
    }, {
      "vertices" : [ 0, 2, 1 ]
    } ]
  }, {
    "id" : "6b17819c-2f40-429a-857c-3afc76b34ed2",
    "vertices" : [ {
      "x" : 0.0,
      "y" : 10.4852915,
      "z" : -6.4802666
    }, {
      "x" : 4.8441916,
      "y" : 9.412996,
      "z" : -6.3051176
    }, {
      "x" : 1.8913866,
      "y" : 11.985759,
      "z" : -2.1423016
    } ],
    "faces" : [ {
      "vertices" : [ 0, 1, 2 ]
    }, {
      "vertices" : [ 0, 2, 1 ]
    } ]
  }, {
    "id" : "b7a60946-cfd7-4ccb-9a19-6a962d24f5ed",
    "vertices" : [ {
      "x" : 0.0,
      "y" : 10.4852915,
      "z" : 6.4802666
    }, {
      "x" : -1.1024884,
      "y" : 7.141567,
      "z" : 9.980368
    }, {
      "x" : -4.8441916,
      "y" : 9.412996,
      "z" : 6.3051176
    } ],
    "faces" : [ {
      "vertices" : [ 0, 1, 2 ]
    }, {
      "vertices" : [ 0, 2, 1 ]
    } ]
  }, {
    "id" : "34f0ec84-556c-471d-8b02-2f6cbb79ac4f",
    "vertices" : [ {
      "x" : 4.8441916,
      "y" : -9.412996,
      "z" : 6.3051176
    }, {
      "x" : 7.141567,
      "y" : -9.980368,
      "z" : 1.1024884
    }, {
      "x" : 1.8913866,
      "y" : -11.985759,
      "z" : 2.1423016
    } ],
    "faces" : [ {
      "vertices" : [ 0, 1, 2 ]
    }, {
      "vertices" : [ 0, 2, 1 ]
    } ]
  }, {
    "id" : "6f778f91-b70a-456c-a0d9-de982645a8f9",
    "vertices" : [ {
      "x" : -7.141567,
      "y" : 9.980368,
      "z" : 1.1024884
    }, {
      "x" : -4.8441916,
      "y" : 9.412996,
      "z" : 6.3051176
    }, {
      "x" : -9.412996,
      "y" : 6.3051176,
      "z" : 4.8441916
    } ],
    "faces" : [ {
      "vertices" : [ 0, 1, 2 ]
    }, {
      "vertices" : [ 0, 2, 1 ]
    } ]
  }, {
    "id" : "e9d84490-95b8-4f48-9242-bd6eecfef5e8",
    "vertices" : [ {
      "x" : -10.4852915,
      "y" : -6.4802666,
      "z" : 0.0
    }, {
      "x" : -7.141567,
      "y" : -9.980368,
      "z" : -1.1024884
    }, {
      "x" : -9.412996,
      "y" : -6.3051176,
      "z" : -4.8441916
    } ],
    "faces" : [ {
      "vertices" : [ 0, 1, 2 ]
    }, {
      "vertices" : [ 0, 2, 1 ]
    } ]
  }, {
    "id" : "43186400-a124-4e9d-8fbf-71f677f3dff2",
    "vertices" : [ {
      "x" : 10.4852915,
      "y" : -6.4802666,
      "z" : 0.0
    }, {
      "x" : 11.985759,
      "y" : -2.1423016,
      "z" : 1.8913866
    }, {
      "x" : 11.304383,
      "y" : -3.24479,
      "z" : -3.6752503
    } ],
    "faces" : [ {
      "vertices" : [ 0, 1, 2 ]
    }, {
      "vertices" : [ 0, 2, 1 ]
    } ]
  }, {
    "id" : "f7ac0275-2364-42cb-bc89-6da8e5cc7a33",
    "vertices" : [ {
      "x" : 11.304383,
      "y" : 3.24479,
      "z" : 3.6752503
    }, {
      "x" : 8.088982,
      "y" : 4.162816,
      "z" : 8.310509
    }, {
      "x" : 8.310509,
      "y" : 8.088982,
      "z" : 4.162816
    } ],
    "faces" : [ {
      "vertices" : [ 0, 1, 2 ]
    }, {
      "vertices" : [ 0, 2, 1 ]
    } ]
  }, {
    "id" : "c97ef05f-f83f-4c9d-8ff0-243408a96655",
    "vertices" : [ {
      "x" : 3.24479,
      "y" : 3.6752503,
      "z" : 11.304383
    }, {
      "x" : 4.162816,
      "y" : 8.310509,
      "z" : 8.088982
    }, {
      "x" : 8.088982,
      "y" : 4.162816,
      "z" : 8.310509
    } ],
    "faces" : [ {
      "vertices" : [ 0, 1, 2 ]
    }, {
      "vertices" : [ 0, 2, 1 ]
    } ]
  }, {
    "id" : "0cbb23d4-3324-4a82-b47a-8cdb5e27e357",
    "vertices" : [ {
      "x" : 4.162816,
      "y" : 8.310509,
      "z" : 8.088982
    }, {
      "x" : 3.24479,
      "y" : 3.6752503,
      "z" : 11.304383
    }, {
      "x" : -1.1024884,
      "y" : 7.141567,
      "z" : 9.980368
    } ],
    "faces" : [ {
      "vertices" : [ 0, 1, 2 ]
    }, {
      "vertices" : [ 0, 2, 1 ]
    } ]
  }, {
    "id" : "4d259392-542f-487e-a1b4-f65d2891839f",
    "vertices" : [ {
      "x" : -1.1024884,
      "y" : -7.141567,
      "z" : -9.980368
    }, {
      "x" : -6.3051176,
      "y" : -4.8441916,
      "z" : -9.412996
    }, {
      "x" : -4.8441916,
      "y" : -9.412996,
      "z" : -6.3051176
    } ],
    "faces" : [ {
      "vertices" : [ 0, 1, 2 ]
    }, {
      "vertices" : [ 0, 2, 1 ]
    } ]
  }, {
    "id" : "61fc8dc8-7549-48f1-94a0-ba6abd207a62",
    "vertices" : [ {
      "x" : -9.412996,
      "y" : -6.3051176,
      "z" : -4.8441916
    }, {
      "x" : -4.8441916,
      "y" : -9.412996,
      "z" : -6.3051176
    }, {
      "x" : -6.3051176,
      "y" : -4.8441916,
      "z" : -9.412996
    } ],
    "faces" : [ {
      "vertices" : [ 0, 1, 2 ]
    }, {
      "vertices" : [ 0, 2, 1 ]
    } ]
  }, {
    "id" : "b1d9c49f-502d-4566-b160-821e348c3361",
    "vertices" : [ {
      "x" : 10.4852915,
      "y" : 6.4802666,
      "z" : 0.0
    }, {
      "x" : 8.310509,
      "y" : 8.088982,
      "z" : 4.162816
    }, {
      "x" : 7.141567,
      "y" : 9.980368,
      "z" : -1.1024884
    } ],
    "faces" : [ {
      "vertices" : [ 0, 1, 2 ]
    }, {
      "vertices" : [ 0, 2, 1 ]
    } ]
  }, {
    "id" : "a290dec8-2a24-430c-955d-02ddfb44a8ae",
    "vertices" : [ {
      "x" : 0.0,
      "y" : 10.4852915,
      "z" : 6.4802666
    }, {
      "x" : 3.6752503,
      "y" : 11.304383,
      "z" : 3.24479
    }, {
      "x" : 4.162816,
      "y" : 8.310509,
      "z" : 8.088982
    } ],
    "faces" : [ {
      "vertices" : [ 0, 1, 2 ]
    }, {
      "vertices" : [ 0, 2, 1 ]
    } ]
  }, {
    "id" : "a3b96bb3-ba0f-4ec1-a38a-35b32aeb87b7",
    "vertices" : [ {
      "x" : 1.1024884,
      "y" : -7.141567,
      "z" : 9.980368
    }, {
      "x" : 6.3051176,
      "y" : -4.8441916,
      "z" : 9.412996
    }, {
      "x" : 4.8441916,
