{
  "field" : "golden",
  "symmetry" : "icosahedral",
  "orientations" : [ [ 1.0, 0.0, 0.0, 0.0, 0.0, 1.0, 0.0, 0.0, 0.0, 0.0, 1.0, 0.0, 0.0, 0.0, 0.0, 1.0 ], [ 0.0, 0.0, 1.0, 0.0, 1.0, 0.0, 0.0, 0.0, 0.0, 1.0, 0.0, 0.0, 0.0, 0.0, 0.0, 1.0 ], [ 0.0, 1.0, 0.0, 0.0, 0.0, 0.0, 1.0, 0.0, 1.0, 0.0, 0.0, 0.0, 0.0, 0.0, 0.0, 1.0 ], [ 0.809017, 0.309017, 0.5, 0.0, 0.309017, 0.5, -0.809017, 0.0, -0.5, 0.809017, 0.309017, 0.0, 0.0, 0.0, 0.0, 1.0 ], [ -0.5, 0.809017, 0.309017, 0.0, 0.809017, 0.309017, 0.5, 0.0, 0.309017, 0.5, -0.809017, 0.0, 0.0, 0.0, 0.0, 1.0 ], [ 0.309017, 0.5, -0.809017, 0.0, -0.5, 0.809017, 0.309017, 0.0, 0.809017, 0.309017, 0.5, 0.0, 0.0, 0.0, 0.0, 1.0 ], [ 0.5, 0.809017, 0.309017, 0.0, 0.809017, -0.309017, -0.5, 0.0, -0.309017, 0.5, -0.809017, 0.0, 0.0, 0.0, 0.0, 1.0 ], [ -0.309017, 0.5, -0.809017, 0.0, 0.5, 0.809017, 0.309017, 0.0, 0.809017, -0.309017, -0.5, 0.0, 0.0, 0.0, 0.0, 1.0 ], [ 0.809017, -0.309017, -0.5, 0.0, -0.309017, 0.5, -0.809017, 0.0, 0.5, 0.809017, 0.309017, 0.0, 0.0, 0.0, 0.0, 1.0 ], [ 0.5, 0.809017, -0.309017, 0.0, 0.809017, -0.309017, 0.5, 0.0, 0.309017, -0.5, -0.809017, 0.0, 0.0, 0.0, 0.0, 1.0 ], [ 0.309017, -0.5, -0.809017, 0.0, 0.5, 0.809017, -0.309017, 0.0, 0.809017, -0.309017, 0.5, 0.0, 0.0, 0.0, 0.0, 1.0 ], [ 0.809017, -0.309017, 0.5, 0.0, 0.309017, -0.5, -0.809017, 0.0, 0.5, 0.809017, -0.309017, 0.0, 0.0, 0.0, 0.0, 1.0 ], [ 0.809017, 0.309017, -0.5, 0.0, 0.309017, 0.5, 0.809017, 0.0, 0.5, -0.809017, 0.309017, 0.0, 0.0, 0.0, 0.0, 1.0 ], [ 0.5, -0.809017, 0.309017, 0.0, 0.809017, 0.309017, -0.5, 0.0, 0.309017, 0.5, 0.809017, 0.0, 0.0, 0.0, 0.0, 1.0 ], [ 0.309017, 0.5, 0.809017, 0.0, 0.5, -0.809017, 0.309017, 0.0, 0.809017, 0.309017, -0.5, 0.0, 0.0, 0.0, 0.0, 1.0 ], [ 1.0, 0.0, 0.0, 0.0, 0.0, -1.0, 0.0, 0.0, 0.0, 0.0, -1.0, 0.0, 0.0, 0.0, 0.0, 1.0 ], [ 0.0, 0.0, 1.0, 0.0, -1.0, 0.0, 0.0, 0.0, 0.0, -1.0, 0.0, 0.0, 0.0, 0.0, 0.0, 1.0 ], [ 0.0, 1.0, 0.0, 0.0, 0.0, 0.0, -1.0, 0.0, -1.0, 0.0, 0.0, 0.0, 0.0, 0.0, 0.0, 1.0 ], [ 0.809017, 0.309017, 0.5, 0.0, -0.309017, -0.5, 0.809017, 0.0, 0.5, -0.809017, -0.309017, 0.0, 0.0, 0.0, 0.0, 1.0 ], [ -0.5, 0.809017, 0.309017, 0.0, -0.809017, -0.309017, -0.5, 0.0, -0.309017, -0.5, 0.809017, 0.0, 0.0, 0.0, 0.0, 1.0 ], [ 0.309017, 0.5, -0.809017, 0.0, 0.5, -0.809017, -0.309017, 0.0, -0.809017, -0.309017, -0.5, 0.0, 0.0, 0.0, 0.0, 1.0 ], [ 0.5, 0.809017, 0.309017, 0.0, -0.809017, 0.309017, 0.5, 0.0, 0.309017, -0.5, 0.809017, 0.0, 0.0, 0.0, 0.0, 1.0 ], [ -0.309017, 0.5, -0.809017, 0.0, -0.5, -0.809017, -0.309017, 0.0, -0.809017, 0.309017, 0.5, 0.0, 0.0, 0.0, 0.0, 1.0 ], [ 0.809017, -0.309017, -0.5, 0.0, 0.309017, -0.5, 0.809017, 0.0, -0.5, -0.809017, -0.309017, 0.0, 0.0, 0.0, 0.0, 1.0 ], [ 0.5, 0.809017, -0.309017, 0.0, -0.809017, 0.309017, -0.5, 0.0, -0.309017, 0.5, 0.809017, 0.0, 0.0, 0.0, 0.0, 1.0 ], [ 0.309017, -0.5, -0.809017, 0.0, -0.5, -0.809017, 0.309017, 0.0, -0.809017, 0.309017, -0.5, 0.0, 0.0, 0.0, 0.0, 1.0 ], [ 0.809017, -0.309017, 0.5, 0.0, -0.309017, 0.5, 0.809017, 0.0, -0.5, -0.809017, 0.309017, 0.0, 0.0, 0.0, 0.0, 1.0 ], [ 0.809017, 0.309017, -0.5, 0.0, -0.309017, -0.5, -0.809017, 0.0, -0.5, 0.809017, -0.309017, 0.0, 0.0, 0.0, 0.0, 1.0 ], [ 0.5, -0.809017, 0.309017, 0.0, -0.809017, -0.309017, 0.5, 0.0, -0.309017, -0.5, -0.809017, 0.0, 0.0, 0.0, 0.0, 1.0 ], [ 0.309017, 0.5, 0.809017, 0.0, -0.5, 0.809017, -0.309017, 0.0, -0.809017, -0.309017, 0.5, 0.0, 0.0, 0.0, 0.0, 1.0 ], [ -1.0, 0.0, 0.0, 0.0, 0.0, -1.0, 0.0, 0.0, 0.0, 0.0, 1.0, 0.0, 0.0, 0.0, 0.0, 1.0 ], [ 0.0, 0.0, -1.0, 0.0, -1.0, 0.0, 0.0, 0.0, 0.0, 1.0, 0.0, 0.0, 0.0, 0.0, 0.0, 1.0 ], [ 0.0, -1.0, 0.0, 0.0, 0.0, 0.0, -1.0, 0.0, 1.0, 0.0, 0.0, 0.0, 0.0, 0.0, 0.0, 1.0 ], [ -0.809017, -0.309017, -0.5, 0.0, -0.309017, -0.5, 0.809017, 0.0, -0.5, 0.809017, 0.309017, 0.0, 0.0, 0.0, 0.0, 1.0 ], [ 0.5, -0.809017, -0.309017, 0.0, -0.809017, -0.309017, -0.5, 0.0, 0.309017, 0.5, -0.809017, 0.0, 0.0, 0.0, 0.0, 1.0 ], [ -0.309017, -0.5, 0.809017, 0.0, 0.5, -0.809017, -0.309017, 0.0, 0.809017, 0.309017, 0.5, 0.0, 0.0, 0.0, 0.0, 1.0 ], [ -0.5, -0.809017, -0.309017, 0.0, -0.809017, 0.309017, 0.5, 0.0, -0.309017, 0.5, -0.809017, 0.0, 0.0, 0.0, 0.0, 1.0 ], [ 0.309017, -0.5, 0.809017, 0.0, -0.5, -0.809017, -0.309017, 0.0, 0.809017, -0.309017, -0.5, 0.0, 0.0, 0.0, 0.0, 1.0 ], [ -0.809017, 0.309017, 0.5, 0.0, 0.309017, -0.5, 0.809017, 0.0, 0.5, 0.809017, 0.309017, 0.0, 0.0, 0.0, 0.0, 1.0 ], [ -0.5, -0.809017, 0.309017, 0.0, -0.809017, 0.309017, -0.5, 0.0, 0.309017, -0.5, -0.809017, 0.0, 0.0, 0.0, 0.0, 1.0 ], [ -0.309017, 0.5, 0.809017, 0.0, -0.5, -0.809017, 0.309017, 0.0, 0.809017, -0.309017, 0.5, 0.0, 0.0, 0.0, 0.0, 1.0 ], [ -0.809017, 0.309017, -0.5, 0.0, -0.309017, 0.5, 0.809017, 0.0, 0.5, 0.809017, -0.309017, 0.0, 0.0, 0.0, 0.0, 1.0 ], [ -0.809017, -0.309017, 0.5, 0.0, -0.309017, -0.5, -0.809017, 0.0, 0.5, -0.809017, 0.309017, 0.0, 0.0, 0.0, 0.0, 1.0 ], [ -0.5, 0.809017, -0.309017, 0.0, -0.809017, -0.309017, 0.5, 0.0, 0.309017, 0.5, 0.809017, 0.0, 0.0, 0.0, 0.0, 1.0 ], [ -0.309017, -0.5, -0.809017, 0.0, -0.5, 0.809017, -0.309017, 0.0, 0.809017, 0.309017, -0.5, 0.0, 0.0, 0.0, 0.0, 1.0 ], [ -1.0, 0.0, 0.0, 0.0, 0.0, 1.0, 0.0, 0.0, 0.0, 0.0, -1.0, 0.0, 0.0, 0.0, 0.0, 1.0 ], [ 0.0, 0.0, -1.0, 0.0, 1.0, 0.0, 0.0, 0.0, 0.0, -1.0, 0.0, 0.0, 0.0, 0.0, 0.0, 1.0 ], [ 0.0, -1.0, 0.0, 0.0, 0.0, 0.0, 1.0, 0.0, -1.0, 0.0, 0.0, 0.0, 0.0, 0.0, 0.0, 1.0 ], [ -0.809017, -0.309017, -0.5, 0.0, 0.309017, 0.5, -0.809017, 0.0, 0.5, -0.809017, -0.309017, 0.0, 0.0, 0.0, 0.0, 1.0 ], [ 0.5, -0.809017, -0.309017, 0.0, 0.809017, 0.309017, 0.5, 0.0, -0.309017, -0.5, 0.809017, 0.0, 0.0, 0.0, 0.0, 1.0 ], [ -0.309017, -0.5, 0.809017, 0.0, -0.5, 0.809017, 0.309017, 0.0, -0.809017, -0.309017, -0.5, 0.0, 0.0, 0.0, 0.0, 1.0 ], [ -0.5, -0.809017, -0.309017, 0.0, 0.809017, -0.309017, -0.5, 0.0, 0.309017, -0.5, 0.809017, 0.0, 0.0, 0.0, 0.0, 1.0 ], [ 0.309017, -0.5, 0.809017, 0.0, 0.5, 0.809017, 0.309017, 0.0, -0.809017, 0.309017, 0.5, 0.0, 0.0, 0.0, 0.0, 1.0 ], [ -0.809017, 0.309017, 0.5, 0.0, -0.309017, 0.5, -0.809017, 0.0, -0.5, -0.809017, -0.309017, 0.0, 0.0, 0.0, 0.0, 1.0 ], [ -0.5, -0.809017, 0.309017, 0.0, 0.809017, -0.309017, 0.5, 0.0, -0.309017, 0.5, 0.809017, 0.0, 0.0, 0.0, 0.0, 1.0 ], [ -0.309017, 0.5, 0.809017, 0.0, 0.5, 0.809017, -0.309017, 0.0, -0.809017, 0.309017, -0.5, 0.0, 0.0, 0.0, 0.0, 1.0 ], [ -0.809017, 0.309017, -0.5, 0.0, 0.309017, -0.5, -0.809017, 0.0, -0.5, -0.809017, 0.309017, 0.0, 0.0, 0.0, 0.0, 1.0 ], [ -0.809017, -0.309017, 0.5, 0.0, 0.309017, 0.5, 0.809017, 0.0, -0.5, 0.809017, -0.309017, 0.0, 0.0, 0.0, 0.0, 1.0 ], [ -0.5, 0.809017, -0.309017, 0.0, 0.809017, 0.309017, -0.5, 0.0, -0.309017, -0.5, -0.809017, 0.0, 0.0, 0.0, 0.0, 1.0 ], [ -0.309017, -0.5, -0.809017, 0.0, 0.5, -0.809017, 0.309017, 0.0, -0.809017, -0.309017, 0.5, 0.0, 0.0, 0.0, 0.0, 1.0 ] ],
  "lights" : {
    "ambientColor" : "#292929",
    "backgroundColor" : "#AFC8DC",
    "directionalLights" : [ {
      "direction" : {
        "x" : 1.0,
        "y" : -1.0,
        "z" : -1.0
      },
      "color" : "#EBEBE4"
    }, {
      "direction" : {
        "x" : -1.0,
        "y" : 0.0,
        "z" : 0.0
      },
      "color" : "#E4E4EB"
    }, {
      "direction" : {
        "x" : 0.0,
        "y" : 0.0,
        "z" : -1.0
      },
      "color" : "#1E1E1E"
    } ]
  },
  "camera" : {
    "viewDistance" : 179.26756,
    "nearClipDistance" : 0.4481689,
    "farClipDistance" : 358.53436,
    "lookAtPoint" : {
      "x" : 0.0,
      "y" : 0.0,
      "z" : 0.0
    },
    "fieldOfView" : 0.4426286,
    "perspective" : false,
    "lookDirection" : {
      "x" : 0.083180666,
      "y" : -0.9929374,
      "z" : -0.08456241
    },
    "upDirection" : {
      "x" : 0.7986067,
      "y" : 0.015658204,
      "z" : 0.601648
    },
    "width" : 80.67035,
    "stereo" : false,
    "position" : {
      "x" : -14.911595,
      "y" : 178.00146,
      "z" : 15.159298
    }
  },
  "embedding" : [ 1.0, 0.0, 0.0, 0.0, 0.0, 1.0, 0.0, 0.0, 0.0, 0.0, 1.0, 0.0, 0.0, 0.0, 0.0, 1.0 ],
  "shapes" : [ {
    "id" : "5d02e101-ebba-49cc-9c04-dd854dfde293",
    "vertices" : [ {
      "x" : 2.3351564,
      "y" : -5.3703127,
      "z" : -5.1036463
    }, {
      "x" : 2.7351565,
      "y" : -5.270313,
      "z" : -5.0036464
    }, {
      "x" : 0.4888889,
      "y" : -0.2777778,
      "z" : -0.54444444
    }, {
      "x" : 0.08888889,
      "y" : -0.37777779,
      "z" : -0.64444447
    }, {
      "x" : 2.8684897,
      "y" : -5.0369797,
      "z" : -5.303646
    }, {
      "x" : 2.4684896,
      "y" : -5.1369796,
      "z" : -5.403646
    }, {
      "x" : -0.044444446,
      "y" : -0.6111111,
      "z" : -0.34444445
    }, {
      "x" : 0.35555556,
      "y" : -0.51111114,
      "z" : -0.24444444
    } ],
    "faces" : [ {
      "vertices" : [ 2, 3, 6 ]
    }, {
      "vertices" : [ 2, 6, 7 ]
    }, {
      "vertices" : [ 0, 5, 4 ]
    }, {
      "vertices" : [ 0, 4, 1 ]
    }, {
      "vertices" : [ 2, 4, 5 ]
    }, {
      "vertices" : [ 2, 5, 3 ]
    }, {
      "vertices" : [ 0, 6, 3 ]
    }, {
      "vertices" : [ 0, 3, 5 ]
    }, {
      "vertices" : [ 0, 1, 7 ]
    }, {
      "vertices" : [ 0, 7, 6 ]
    }, {
      "vertices" : [ 1, 4, 2 ]
    }, {
      "vertices" : [ 1, 2, 7 ]
    } ]
  }, {
    "id" : "cab6da93-511b-440c-96c7-b92d2aa95474",
    "vertices" : [ {
      "x" : 0.309017,
      "y" : -0.809017,
      "z" : 0.618034
    }, {
      "x" : 0.809017,
      "y" : -0.618034,
      "z" : 0.309017
    }, {
      "x" : 0.618034,
      "y" : -0.309017,
      "z" : 0.809017
    }, {
      "x" : 1.0,
      "y" : 0.309017,
      "z" : 0.19098301
    }, {
      "x" : 0.809017,
      "y" : 0.618034,
      "z" : 0.309017
    }, {
      "x" : 0.618034,
      "y" : 0.309017,
      "z" : 0.809017
    }, {
      "x" : 0.809017,
      "y" : 0.0,
      "z" : 0.690983
    }, {
      "x" : 0.19098301,
      "y" : -1.0,
      "z" : 0.309017
    }, {
      "x" : -0.19098301,
      "y" : -1.0,
      "z" : 0.309017
    }, {
      "x" : -0.19098301,
      "y" : -1.0,
      "z" : -0.309017
    }, {
      "x" : 0.19098301,
      "y" : -1.0,
      "z" : -0.309017
    }, {
      "x" : 1.0,
      "y" : -0.309017,
      "z" : -0.19098301
    }, {
      "x" : 0.809017,
      "y" : -0.618034,
      "z" : -0.309017
    }, {
      "x" : 0.618034,
      "y" : -0.309017,
      "z" : -0.809017
    }, {
      "x" : 0.809017,
      "y" : 0.0,
      "z" : -0.690983
    }, {
      "x" : 0.0,
      "y" : 0.690983,
      "z" : -0.809017
    }, {
      "x" : 0.309017,
      "y" : 0.809017,
      "z" : -0.618034
    }, {
      "x" : 0.618034,
      "y" : 0.309017,
      "z" : -0.809017
    }, {
      "x" : 0.309017,
      "y" : 0.19098301,
      "z" : -1.0
    }, {
      "x" : 1.0,
      "y" : 0.309017,
      "z" : -0.19098301
    }, {
      "x" : -0.309017,
      "y" : -0.809017,
      "z" : 0.618034
    }, {
      "x" : 0.0,
      "y" : -0.690983,
      "z" : 0.809017
    }, {
      "x" : 0.809017,
      "y" : 0.618034,
      "z" : -0.309017
    }, {
      "x" : 0.690983,
      "y" : 0.809017,
      "z" : 0.0
    }, {
      "x" : -0.690983,
      "y" : 0.809017,
      "z" : 0.0
    }, {
      "x" : -0.809017,
      "y" : 0.618034,
      "z" : 0.309017
    }, {
      "x" : -0.309017,
      "y" : 0.809017,
      "z" : 0.618034
    }, {
      "x" : -0.19098301,
      "y" : 1.0,
      "z" : 0.309017
    }, {
      "x" : 0.309017,
      "y" : -0.19098301,
      "z" : -1.0
    }, {
      "x" : 0.19098301,
      "y" : 1.0,
      "z" : 0.309017
    }, {
      "x" : 0.309017,
      "y" : 0.809017,
      "z" : 0.618034
    }, {
      "x" : -0.809017,
      "y" : -0.618034,
      "z" : 0.309017
    }, {
      "x" : -0.690983,
      "y" : -0.809017,
      "z" : 0.0
    }, {
      "x" : 0.0,
      "y" : 0.690983,
      "z" : 0.809017
    }, {
      "x" : 0.309017,
      "y" : -0.809017,
      "z" : -0.618034
    }, {
      "x" : 0.0,
      "y" : -0.690983,
      "z" : -0.809017
    }, {
      "x" : -1.0,
      "y" : 0.309017,
      "z" : 0.19098301
    }, {
      "x" : -0.809017,
      "y" : 0.0,
      "z" : 0.690983
    }, {
      "x" : -0.618034,
      "y" : 0.309017,
      "z" : 0.809017
    }, {
      "x" : 1.0,
      "y" : -0.309017,
      "z" : 0.19098301
    }, {
      "x" : -0.309017,
      "y" : -0.809017,
      "z" : -0.618034
    }, {
      "x" : -1.0,
      "y" : 0.309017,
      "z" : -0.19098301
    }, {
      "x" : -1.0,
      "y" : -0.309017,
      "z" : -0.19098301
    }, {
      "x" : -1.0,
      "y" : -0.309017,
      "z" : 0.19098301
    }, {
      "x" : 0.19098301,
      "y" : 1.0,
      "z" : -0.309017
    }, {
      "x" : -0.809017,
      "y" : 0.618034,
      "z" : -0.309017
    }, {
      "x" : -0.19098301,
      "y" : 1.0,
      "z" : -0.309017
    }, {
      "x" : -0.309017,
      "y" : 0.809017,
      "z" : -0.618034
    }, {
      "x" : -0.618034,
      "y" : -0.309017,
      "z" : 0.809017
    }, {
      "x" : 0.309017,
      "y" : 0.19098301,
      "z" : 1.0
    }, {
      "x" : -0.309017,
      "y" : 0.19098301,
      "z" : -1.0
    }, {
      "x" : -0.309017,
      "y" : 0.19098301,
      "z" : 1.0
    }, {
      "x" : -0.309017,
      "y" : -0.19098301,
      "z" : 1.0
    }, {
      "x" : 0.309017,
      "y" : -0.19098301,
      "z" : 1.0
    }, {
      "x" : 0.690983,
      "y" : -0.809017,
      "z" : 0.0
    }, {
      "x" : -0.809017,
      "y" : 0.0,
      "z" : -0.690983
    }, {
      "x" : -0.618034,
      "y" : -0.309017,
      "z" : -0.809017
    }, {
      "x" : -0.309017,
      "y" : -0.19098301,
      "z" : -1.0
    }, {
      "x" : -0.618034,
      "y" : 0.309017,
      "z" : -0.809017
    }, {
      "x" : -0.809017,
      "y" : -0.618034,
      "z" : -0.309017
    } ],
    "faces" : [ {
      "vertices" : [ 9, 40, 35 ]
    }, {
      "vertices" : [ 9, 35, 34 ]
    }, {
      "vertices" : [ 9, 34, 10 ]
    }, {
      "vertices" : [ 0, 1, 2 ]
    }, {
      "vertices" : [ 33, 51, 49 ]
    }, {
      "vertices" : [ 25, 36, 37 ]
    }, {
      "vertices" : [ 25, 37, 38 ]
    }, {
      "vertices" : [ 41, 55, 42 ]
    }, {
      "vertices" : [ 9, 32, 59 ]
    }, {
      "vertices" : [ 9, 59, 40 ]
    }, {
      "vertices" : [ 20, 21, 52 ]
    }, {
      "vertices" : [ 20, 52, 48 ]
    }, {
      "vertices" : [ 26, 33, 30 ]
    }, {
      "vertices" : [ 26, 30, 29 ]
    }, {
      "vertices" : [ 26, 29, 27 ]
    }, {
      "vertices" : [ 3, 4, 5 ]
    }, {
      "vertices" : [ 3, 5, 6 ]
    }, {
      "vertices" : [ 27, 29, 44 ]
    }, {
      "vertices" : [ 27, 44, 46 ]
    }, {
      "vertices" : [ 50, 57, 56 ]
    }, {
      "vertices" : [ 50, 56, 55 ]
    }, {
      "vertices" : [ 50, 55, 58 ]
    }, {
      "vertices" : [ 26, 38, 51 ]
    }, {
      "vertices" : [ 26, 51, 33 ]
    }, {
      "vertices" : [ 45, 47, 58 ]
    }, {
      "vertices" : [ 18, 28, 57 ]
    }, {
      "vertices" : [ 18, 57, 50 ]
    }, {
      "vertices" : [ 40, 59, 56 ]
    }, {
      "vertices" : [ 31, 48, 37 ]
    }, {
      "vertices" : [ 31, 37, 43 ]
    }, {
      "vertices" : [ 7, 8, 9 ]
    }, {
      "vertices" : [ 7, 9, 10 ]
    }, {
      "vertices" : [ 36, 41, 42 ]
    }, {
      "vertices" : [ 36, 42, 43 ]
    }, {
      "vertices" : [ 24, 46, 47 ]
    }, {
      "vertices" : [ 24, 47, 45 ]
    }, {
      "vertices" : [ 4, 30, 5 ]
    }, {
      "vertices" : [ 15, 47, 46 ]
    }, {
      "vertices" : [ 15, 46, 44 ]
    }, {
      "vertices" : [ 15, 44, 16 ]
    }, {
      "vertices" : [ 15, 50, 58 ]
    }, {
      "vertices" : [ 15, 58, 47 ]
    }, {
      "vertices" : [ 24, 45, 41 ]
    }, {
      "vertices" : [ 24, 41, 36 ]
    }, {
      "vertices" : [ 24, 36, 25 ]
    }, {
      "vertices" : [ 11, 14, 19 ]
    }, {
      "vertices" : [ 3, 6, 39 ]
    }, {
      "vertices" : [ 1, 39, 6 ]
    }, {
      "vertices" : [ 1, 6, 2 ]
    }, {
      "vertices" : [ 8, 32, 9 ]
    }, {
      "vertices" : [ 11, 12, 13 ]
    }, {
      "vertices" : [ 11, 13, 14 ]
    }, {
      "vertices" : [ 16, 22, 17 ]
    }, {
      "vertices" : [ 0, 21, 20 ]
    }, {
      "vertices" : [ 0, 20, 8 ]
    }, {
      "vertices" : [ 0, 8, 7 ]
    }, {
      "vertices" : [ 12, 34, 13 ]
    }, {
      "vertices" : [ 35, 40, 56 ]
    }, {
      "vertices" : [ 35, 56, 57 ]
    }, {
      "vertices" : [ 0, 7, 54 ]
    }, {
      "vertices" : [ 0, 54, 1 ]
    }, {
      "vertices" : [ 15, 16, 17 ]
    }, {
      "vertices" : [ 15, 17, 18 ]
    }, {
      "vertices" : [ 3, 19, 22 ]
    }, {
      "vertices" : [ 3, 22, 23 ]
    }, {
      "vertices" : [ 3, 23, 4 ]
    }, {
      "vertices" : [ 7, 10, 54 ]
    }, {
      "vertices" : [ 41, 45, 58 ]
    }, {
      "vertices" : [ 41, 58, 55 ]
    }, {
      "vertices" : [ 3, 39, 11 ]
    }, {
      "vertices" : [ 3, 11, 19 ]
    }, {
      "vertices" : [ 14, 17, 22 ]
    }, {
      "vertices" : [ 14, 22, 19 ]
    }, {
      "vertices" : [ 0, 2, 53 ]
    }, {
      "vertices" : [ 0, 53, 21 ]
    }, {
      "vertices" : [ 49, 51, 52 ]
    }, {
      "vertices" : [ 49, 52, 53 ]
    }, {
      "vertices" : [ 31, 43, 42 ]
    }, {
      "vertices" : [ 31, 42, 59 ]
    }, {
      "vertices" : [ 31, 59, 32 ]
    }, {
      "vertices" : [ 15, 18, 50 ]
    }, {
      "vertices" : [ 42, 55, 56 ]
    }, {
      "vertices" : [ 42, 56, 59 ]
    }, {
      "vertices" : [ 4, 23, 29 ]
    }, {
      "vertices" : [ 4, 29, 30 ]
    }, {
      "vertices" : [ 25, 38, 26 ]
    }, {
      "vertices" : [ 13, 28, 18 ]
    }, {
      "vertices" : [ 13, 18, 17 ]
    }, {
      "vertices" : [ 13, 17, 14 ]
    }, {
      "vertices" : [ 8, 20, 31 ]
    }, {
      "vertices" : [ 8, 31, 32 ]
    }, {
      "vertices" : [ 23, 44, 29 ]
    }, {
      "vertices" : [ 24, 27, 46 ]
    }, {
      "vertices" : [ 37, 48, 52 ]
    }, {
      "vertices" : [ 37, 52, 51 ]
    }, {
      "vertices" : [ 37, 51, 38 ]
    }, {
      "vertices" : [ 20, 48, 31 ]
    }, {
      "vertices" : [ 24, 25, 26 ]
    }, {
      "vertices" : [ 24, 26, 27 ]
    }, {
      "vertices" : [ 16, 44, 23 ]
    }, {
      "vertices" : [ 16, 23, 22 ]
    }, {
      "vertices" : [ 13, 34, 35 ]
    }, {
      "vertices" : [ 13, 35, 28 ]
    }, {
      "vertices" : [ 10, 34, 12 ]
    }, {
      "vertices" : [ 10, 12, 54 ]
    }, {
      "vertices" : [ 2, 6, 5 ]
    }, {
      "vertices" : [ 2, 5, 49 ]
    }, {
      "vertices" : [ 2, 49, 53 ]
    }, {
      "vertices" : [ 36, 43, 37 ]
    }, {
      "vertices" : [ 5, 30, 33 ]
    }, {
      "vertices" : [ 5, 33, 49 ]
    }, {
      "vertices" : [ 1, 54, 12 ]
    }, {
      "vertices" : [ 1, 12, 11 ]
    }, {
      "vertices" : [ 1, 11, 39 ]
    }, {
      "vertices" : [ 28, 35, 57 ]
    }, {
      "vertices" : [ 21, 53, 52 ]
    } ]
  }, {
    "id" : "b26c9592-0401-468b-97f4-d13195e0b012",
    "vertices" : [ {
      "x" : 7.472136,
      "y" : 0.309017,
      "z" : 0.19098301
    }, {
      "x" : 7.472136,
      "y" : 0.309017,
      "z" : -0.19098301
    }, {
      "x" : 1.0,
      "y" : 0.309017,
      "z" : -0.19098301
    }, {
      "x" : 1.0,
      "y" : 0.309017,
      "z" : 0.19098301
    }, {
      "x" : 7.472136,
      "y" : -0.309017,
      "z" : 0.19098301
    }, {
      "x" : 1.0,
      "y" : -0.309017,
      "z" : 0.19098301
    }, {
      "x" : 1.0,
      "y" : -0.309017,
      "z" : -0.19098301
    }, {
      "x" : 7.472136,
      "y" : -0.309017,
      "z" : -0.19098301
    }, {
      "x" : 8.472136,
      "y" : 0.0,
      "z" : 0.0
    } ],
    "faces" : [ {
      "vertices" : [ 1, 7, 6 ]
    }, {
      "vertices" : [ 1, 6, 2 ]
    }, {
      "vertices" : [ 0, 1, 2 ]
    }, {
      "vertices" : [ 0, 2, 3 ]
    }, {
      "vertices" : [ 4, 5, 6 ]
    }, {
      "vertices" : [ 4, 6, 7 ]
    }, {
      "vertices" : [ 0, 3, 5 ]
    }, {
      "vertices" : [ 0, 5, 4 ]
    } ]
  }, {
    "id" : "f3887707-53a3-4a20-9ca6-dffc1c0c1429",
    "vertices" : [ {
      "x" : -11.296182,
      "y" : 5.648091,
      "z" : 5.648091
    }, {
      "x" : 0.0,
      "y" : 0.0,
      "z" : 0.0
    }, {
      "x" : 5.648091,
      "y" : -11.296182,
      "z" : 5.648091
    }, {
      "x" : 0.0,
      "y" : -16.944271,
      "z" : 16.944271
    }, {
      "x" : -11.296182,
      "y" : -11.296182,
      "z" : 22.592363
    }, {
      "x" : -16.944271,
      "y" : 0.0,
      "z" : 16.944271
    } ],
    "faces" : [ {
      "vertices" : [ 0, 1, 2 ]
    }, {
      "vertices" : [ 0, 2, 3 ]
    }, {
      "vertices" : [ 0, 3, 4 ]
    }, {
      "vertices" : [ 0, 4, 5 ]
    }, {
      "vertices" : [ 0, 5, 4 ]
    }, {
      "vertices" : [ 0, 4, 3 ]
    }, {
      "vertices" : [ 0, 3, 2 ]
    }, {
      "vertices" : [ 0, 2, 1 ]
    } ]
  }, {
    "id" : "295067a7-bd6a-451a-8287-0e0fe8a166b3",
    "vertices" : [ {
      "x" : 5.3390737,
      "y" : 5.4571075,
      "z" : 10.296182
    }, {
      "x" : 5.148091,
      "y" : 4.648091,
      "z" : 9.678147
    }, {
      "x" : 0.5,
      "y" : 1.0,
      "z" : 1.618034
    }, {
      "x" : 0.809017,
      "y" : 1.118034,
      "z" : 1.427051
    }, {
      "x" : 0.309017,
      "y" : 0.809017,
      "z" : 0.618034
    }, {
      "x" : 0.0,
      "y" : 0.690983,
      "z" : 0.809017
    }, {
      "x" : 4.8390737,
      "y" : 4.5300565,
      "z" : 9.86913
    }, {
      "x" : 5.3390737,
      "y" : 4.8390737,
      "z" : 10.678147
    }, {
      "x" : 4.5300565,
      "y" : 5.0300565,
      "z" : 9.678147
    }, {
      "x" : 0.309017,
      "y" : 0.19098301,
      "z" : 1.0
    }, {
      "x" : 0.618034,
      "y" : 0.309017,
      "z" : 0.809017
    }, {
      "x" : 1.118034,
      "y" : 0.618034,
      "z" : 1.618034
    }, {
      "x" : 0.809017,
      "y" : 0.5,
      "z" : 1.809017
    }, {
      "x" : 5.0300565,
      "y" : 5.3390737,
      "z" : 10.4871645
    }, {
      "x" : 4.8390737,
      "y" : 5.148091,
      "z" : 9.4871645
    }, {
      "x" : 5.648091,
      "y" : 4.9571075,
      "z" : 10.4871645
    }, {
      "x" : 5.648091,
      "y" : 5.648091,
      "z" : 11.296182
    } ],
    "faces" : [ {
      "vertices" : [ 6, 7, 13 ]
    }, {
      "vertices" : [ 6, 13, 8 ]
    }, {
      "vertices" : [ 0, 14, 8 ]
    }, {
      "vertices" : [ 0, 8, 13 ]
    }, {
      "vertices" : [ 9, 10, 11 ]
    }, {
      "vertices" : [ 9, 11, 12 ]
    }, {
      "vertices" : [ 2, 8, 14 ]
    }, {
      "vertices" : [ 2, 14, 3 ]
    }, {
      "vertices" : [ 3, 11, 10 ]
    }, {
      "vertices" : [ 3, 10, 4 ]
    }, {
      "vertices" : [ 2, 5, 9 ]
    }, {
      "vertices" : [ 2, 9, 12 ]
    }, {
      "vertices" : [ 2, 12, 6 ]
    }, {
      "vertices" : [ 2, 6, 8 ]
    }, {
      "vertices" : [ 1, 11, 3 ]
    }, {
      "vertices" : [ 1, 3, 14 ]
    }, {
      "vertices" : [ 1, 15, 7 ]
    }, {
      "vertices" : [ 1, 7, 6 ]
    }, {
      "vertices" : [ 2, 3, 4 ]
    }, {
      "vertices" : [ 2, 4, 5 ]
    }, {
      "vertices" : [ 0, 15, 1 ]
    }, {
      "vertices" : [ 0, 1, 14 ]
    }, {
      "vertices" : [ 1, 6, 12 ]
    }, {
      "vertices" : [ 1, 12, 11 ]
    } ]
  }, {
    "id" : "e87fc1e3-19f1-478f-8032-52bc75c2ba91",
    "vertices" : [ {
      "x" : 5.648091,
      "y" : 5.648091,
      "z" : -11.296182
    }, {
      "x" : 0.0,
      "y" : 0.0,
      "z" : 0.0
    }, {
      "x" : -11.296182,
      "y" : 5.648091,
      "z" : 5.648091
    }, {
      "x" : -16.944271,
      "y" : 16.944271,
      "z" : 0.0
    }, {
      "x" : -11.296182,
      "y" : 22.592363,
      "z" : -11.296182
    }, {
      "x" : 0.0,
      "y" : 16.944271,
      "z" : -16.944271
    } ],
    "faces" : [ {
      "vertices" : [ 0, 1, 2 ]
    }, {
      "vertices" : [ 0, 2, 3 ]
    }, {
      "vertices" : [ 0, 3, 4 ]
    }, {
      "vertices" : [ 0, 4, 5 ]
    }, {
      "vertices" : [ 0, 5, 4 ]
    }, {
      "vertices" : [ 0, 4, 3 ]
    }, {
      "vertices" : [ 0, 3, 2 ]
    }, {
      "vertices" : [ 0, 2, 1 ]
    } ]
  }, {
    "id" : "0cf84247-136c-42d5-a3ec-265b1b4b5a1f",
    "vertices" : [ {
      "x" : 9.376644,
      "y" : 3.3905764,
      "z" : -1.486068
    }, {
      "x" : 10.399187,
      "y" : 3.427051,
      "z" : -1.618034
    }, {
      "x" : 9.376644,
      "y" : 3.3905764,
      "z" : -1.104102
    }, {
      "x" : 9.185661,
      "y" : 3.6995935,
      "z" : -1.604102
    }, {
      "x" : 9.185661,
      "y" : 3.6995935,
      "z" : -1.2221359
    }, {
      "x" : 0.809017,
      "y" : 0.618034,
      "z" : 0.309017
    }, {
      "x" : 1.0,
      "y" : 0.309017,
      "z" : 0.19098301
    }, {
      "x" : 1.9045085,
      "y" : 0.5364745,
      "z" : -0.013932022
    }, {
      "x" : 10.09017,
      "y" : 3.927051,
      "z" : -1.809017
    }, {
      "x" : 10.281153,
      "y" : 3.618034,
      "z" : -1.927051
    }, {
      "x" : 10.281153,
      "y" : 3.618034,
      "z" : -1.309017
    }, {
      "x" : 10.09017,
      "y" : 3.927051,
      "z" : -1.427051
    }, {
      "x" : 1.7135255,
      "y" : 0.8454915,
      "z" : -0.13196601
    }, {
      "x" : 0.690983,
      "y" : 0.809017,
      "z" : 0.0
    }, {
      "x" : 1.9045085,
      "y" : 0.5364745,
      "z" : -0.39589804
    }, {
      "x" : 1.7135255,
      "y" : 0.8454915,
      "z" : -0.51393205
    }, {
      "x" : 0.809017,
      "y" : 0.618034,
      "z" : -0.309017
    }, {
      "x" : 1.0,
      "y" : 0.309017,
      "z" : -0.19098301
    }, {
      "x" : 11.09017,
      "y" : 4.236068,
      "z" : -1.618034
    } ],
    "faces" : [ {
      "vertices" : [ 0, 14, 15 ]
    }, {
      "vertices" : [ 0, 15, 3 ]
    }, {
      "vertices" : [ 3, 15, 12 ]
    }, {
      "vertices" : [ 3, 12, 4 ]
    }, {
      "vertices" : [ 0, 1, 2 ]
    }, {
      "vertices" : [ 12, 15, 13 ]
    }, {
      "vertices" : [ 0, 9, 1 ]
    }, {
      "vertices" : [ 0, 3, 9 ]
    }, {
      "vertices" : [ 13, 15, 16 ]
    }, {
      "vertices" : [ 6, 17, 14 ]
    }, {
      "vertices" : [ 6, 14, 7 ]
    }, {
      "vertices" : [ 1, 10, 2 ]
    }, {
      "vertices" : [ 5, 6, 7 ]
    }, {
      "vertices" : [ 3, 8, 9 ]
    }, {
      "vertices" : [ 0, 2, 7 ]
    }, {
      "vertices" : [ 0, 7, 14 ]
    }, {
      "vertices" : [ 5, 7, 12 ]
    }, {
      "vertices" : [ 2, 4, 12 ]
    }, {
      "vertices" : [ 2, 12, 7 ]
    }, {
      "vertices" : [ 3, 4, 11 ]
    }, {
      "vertices" : [ 3, 11, 8 ]
    }, {
      "vertices" : [ 2, 10, 11 ]
    }, {
      "vertices" : [ 2, 11, 4 ]
    }, {
      "vertices" : [ 5, 12, 13 ]
    }, {
      "vertices" : [ 14, 17, 16 ]
    }, {
      "vertices" : [ 14, 16, 15 ]
    } ]
  }, {
    "id" : "06e84d75-cac9-47b3-8fcb-42c63dfc3b4e",
    "vertices" : [ {
      "x" : 5.648091,
      "y" : -11.296182,
      "z" : 5.648091
    }, {
      "x" : 0.0,
      "y" : 0.0,
      "z" : 0.0
    }, {
      "x" : 5.648091,
      "y" : 5.648091,
      "z" : -11.296182
    }, {
      "x" : 16.944271,
      "y" : 0.0,
      "z" : -16.944271
    }, {
      "x" : 22.592363,
      "y" : -11.296182,
      "z" : -11.296182
    }, {
      "x" : 16.944271,
      "y" : -16.944271,
      "z" : 0.0
    } ],
    "faces" : [ {
      "vertices" : [ 0, 1, 2 ]
    }, {
      "vertices" : [ 0, 2, 3 ]
    }, {
      "vertices" : [ 0, 3, 4 ]
    }, {
      "vertices" : [ 0, 4, 5 ]
    }, {
      "vertices" : [ 0, 5, 4 ]
    }, {
      "vertices" : [ 0, 4, 3 ]
    }, {
      "vertices" : [ 0, 3, 2 ]
    }, {
      "vertices" : [ 0, 2, 1 ]
    } ]
  } ],
  "instances" : [ {
    "shape" : "5d02e101-ebba-49cc-9c04-dd854dfde293",
    "color" : "#FFFFFF",
    "position" : {
      "x" : 22.592363,
      "y" : -11.296182,
      "z" : -11.296182
    },
    "orientation" : 1
  }, {
    "shape" : "cab6da93-511b-440c-96c7-b92d2aa95474",
    "color" : "#FFFFFF",
    "position" : {
      "x" : 8.472136,
      "y" : 0.0,
      "z" : -16.944271
    }
  }, {
    "shape" : "b26c9592-0401-468b-97f4-d13195e0b012",
    "color" : "#007695",
    "position" : {
      "x" : 2.8240454,
      "y" : 11.296182,
      "z" : 2.8240454
    },
    "orientation" : 1
  }, {
    "shape" : "cab6da93-511b-440c-96c7-b92d2aa95474",
    "color" : "#FFFFFF",
    "position" : {
      "x" : 2.8240454,
      "y" : 2.8240454,
      "z" : 19.768318
    }
  }, {
    "shape" : "cab6da93-511b-440c-96c7-b92d2aa95474",
    "color" : "#FFFF00",
    "position" : {
      "x" : -5.648091,
      "y" : 11.296182,
      "z" : -5.648091
    }
  }, {
    "shape" : "cab6da93-511b-440c-96c7-b92d2aa95474",
    "color" : "#FFFFFF",
    "position" : {
      "x" : -14.120227,
      "y" : -5.648091,
      "z" : 2.8240454
    }
  }, {
    "shape" : "cab6da93-511b-440c-96c7-b92d2aa95474",
    "color" : "#FFFFFF",
    "position" : {
      "x" : 14.120227,
      "y" : -11.296182,
      "z" : 5.648091
    }
  }, {
    "shape" : "5d02e101-ebba-49cc-9c04-dd854dfde293",
    "color" : "#FFFFFF",
    "position" : {
      "x" : -16.944271,
      "y" : 0.0,
      "z" : 8.472136
    },
    "orientation" : 0
  }, {
    "shape" : "5d02e101-ebba-49cc-9c04-dd854dfde293",
    "color" : "#FFFFFF",
    "position" : {
      "x" : 2.8240454,
      "y" : 2.8240454,
      "z" : 11.296182
    },
    "orientation" : 1
  }, {
    "shape" : "b26c9592-0401-468b-97f4-d13195e0b012",
    "color" : "#007695",
    "position" : {
      "x" : 19.768318,
      "y" : 2.8240454,
      "z" : -5.648091
    },
    "orientation" : 2
  }, {
    "shape" : "5d02e101-ebba-49cc-9c04-dd854dfde293",
    "color" : "#FFFFFF",
    "position" : {
      "x" : -5.648091,
      "y" : 2.8240454,
      "z" : 19.768318
    },
    "orientation" : 2
  }, {
    "shape" : "b26c9592-0401-468b-97f4-d13195e0b012",
    "color" : "#007695",
    "position" : {
      "x" : -5.648091,
      "y" : 2.8240454,
      "z" : -14.120227
    },
    "orientation" : 45
  }, {
    "shape" : "5d02e101-ebba-49cc-9c04-dd854dfde293",
    "color" : "#FFFFFF",
    "position" : {
      "x" : 0.0,
      "y" : -8.472136,
      "z" : -8.472136
    },
    "orientation" : 0
  }, {
    "shape" : "5d02e101-ebba-49cc-9c04-dd854dfde293",
    "color" : "#007695",
    "position" : {
      "x" : 19.768318,
      "y" : 2.8240454,
      "z" : 2.8240454
    },
    "orientation" : 2
  }, {
    "shape" : "5d02e101-ebba-49cc-9c04-dd854dfde293",
    "color" : "#FFFFFF",
    "position" : {
      "x" : 0.0,
      "y" : -16.944271,
      "z" : 8.472136
    },
    "orientation" : 1
  }, {
    "shape" : "b26c9592-0401-468b-97f4-d13195e0b012",
    "color" : "#007695",
    "position" : {
      "x" : 2.8240454,
      "y" : -5.648091,
      "z" : -14.120227
    },
    "orientation" : 37
  }, {
    "shape" : "b26c9592-0401-468b-97f4-d13195e0b012",
    "color" : "#007695",
    "position" : {
      "x" : -11.296182,
      "y" : 22.592363,
      "z" : -11.296182
    },
    "orientation" : 0
  }, {
    "shape" : "b26c9592-0401-468b-97f4-d13195e0b012",
    "color" : "#007695",
    "position" : {
      "x" : -14.120227,
      "y" : 2.8240454,
      "z" : -14.120227
    },
    "orientation" : 1
  }, {
    "shape" : "cab6da93-511b-440c-96c7-b92d2aa95474",
    "color" : "#FFFFFF",
    "position" : {
      "x" : 5.648091,
      "y" : -2.8240454,
      "z" : 5.648091
    }
  }, {
    "shape" : "5d02e101-ebba-49cc-9c04-dd854dfde293",
    "color" : "#FFFFFF",
    "position" : {
      "x" : 16.944271,
      "y" : -16.944271,
      "z" : -8.472136
    },
    "orientation" : 1
  }, {
    "shape" : "b26c9592-0401-468b-97f4-d13195e0b012",
    "color" : "#007695",
    "position" : {
      "x" : -8.472136,
      "y" : 16.944271,
      "z" : -16.944271
    },
    "orientation" : 16
  }, {
    "shape" : "cab6da93-511b-440c-96c7-b92d2aa95474",
    "color" : "#FFFFFF",
    "position" : {
      "x" : -14.120227,
      "y" : -14.120227,
      "z" : 2.8240454
    }
  }, {
    "shape" : "f3887707-53a3-4a20-9ca6-dffc1c0c1429",
    "color" : "#F7CF7F",
    "position" : {
      "x" : 0.0,
      "y" : 0.0,
      "z" : 0.0
    }
  }, {
    "shape" : "cab6da93-511b-440c-96c7-b92d2aa95474",
    "color" : "#FFFFFF",
    "position" : {
      "x" : 14.120227,
      "y" : 5.648091,
      "z" : -11.296182
    }
  }, {
    "shape" : "5d02e101-ebba-49cc-9c04-dd854dfde293",
    "color" : "#FFFFFF",
    "position" : {
      "x" : 22.592363,
      "y" : -11.296182,
      "z" : -2.8240454
    },
    "orientation" : 2
  }, {
    "shape" : "5d02e101-ebba-49cc-9c04-dd854dfde293",
    "color" : "#FFFFFF",
    "position" : {
      "x" : -5.648091,
      "y" : 19.768318,
      "z" : 2.8240454
    },
    "orientation" : 1
  }, {
    "shape" : "b26c9592-0401-468b-97f4-d13195e0b012",
    "color" : "#007695",
    "position" : {
      "x" : 0.0,
      "y" : -16.944271,
      "z" : 8.472136
    },
    "orientation" : 2
  }, {
    "shape" : "295067a7-bd6a-451a-8287-0e0fe8a166b3",
    "color" : "#6B351A",
    "position" : {
      "x" : 22.592363,
      "y" : -11.296182,
      "z" : -11.296182
    },
    "orientation" : 47
  }, {
    "shape" : "cab6da93-511b-440c-96c7-b92d2aa95474",
    "color" : "#FFFFFF",
    "position" : {
      "x" : -16.944271,
      "y" : 16.944271,
      "z" : -8.472136
    }
  }, {
    "shape" : "5d02e101-ebba-49cc-9c04-dd854dfde293",
    "color" : "#FFFFFF",
    "position" : {
      "x" : -8.472136,
      "y" : 0.0,
      "z" : 0.0
    },
    "orientation" : 1
  }, {
    "shape" : "5d02e101-ebba-49cc-9c04-dd854dfde293",
    "color" : "#FFFFFF",
    "position" : {
      "x" : -11.296182,
      "y" : -2.8240454,
      "z" : 22.592363
    },
    "orientation" : 1
  }, {
    "shape" : "295067a7-bd6a-451a-8287-0e0fe8a166b3",
    "color" : "#6B351A",
    "position" : {
      "x" : -11.296182,
      "y" : -11.296182,
      "z" : 22.592363
    },
    "orientation" : 47
  }, {
    "shape" : "b26c9592-0401-468b-97f4-d13195e0b012",
    "color" : "#007695",
    "position" : {
      "x" : -2.8240454,
      "y" : -11.296182,
      "z" : 22.592363
    },
    "orientation" : 1
  }, {
    "shape" : "cab6da93-511b-440c-96c7-b92d2aa95474",
    "color" : "#FFFFFF",
    "position" : {
      "x" : 22.592363,
      "y" : -2.8240454,
      "z" : -2.8240454
    }
  }, {
    "shape" : "b26c9592-0401-468b-97f4-d13195e0b012",
    "color" : "#007695",
    "position" : {
      "x" : -16.944271,
      "y" : 8.472136,
      "z" : -8.472136
    },
    "orientation" : 1
  }, {
    "shape" : "5d02e101-ebba-49cc-9c04-dd854dfde293",
    "color" : "#FFFFFF",
    "position" : {
      "x" : 0.0,
      "y" : -8.472136,
      "z" : 0.0
    },
    "orientation" : 2
  }, {
    "shape" : "5d02e101-ebba-49cc-9c04-dd854dfde293",
    "color" : "#FFFFFF",
    "position" : {
      "x" : 5.648091,
      "y" : 5.648091,
      "z" : -2.8240454
    },
    "orientation" : 2
  }, {
    "shape" : "cab6da93-511b-440c-96c7-b92d2aa95474",
    "color" : "#FFFFFF",
    "position" : {
      "x" : 2.8240454,
      "y" : -5.648091,
      "z" : -14.120227
    }
  }, {
    "shape" : "b26c9592-0401-468b-97f4-d13195e0b012",
    "color" : "#007695",
    "position" : {
      "x" : -8.472136,
      "y" : 0.0,
      "z" : 0.0
    },
    "orientation" : 16
  }, {
    "shape" : "5d02e101-ebba-49cc-9c04-dd854dfde293",
    "color" : "#FFFFFF",
    "position" : {
      "x" : -8.472136,
      "y" : -16.944271,
      "z" : 16.944271
    },
    "orientation" : 1
  }, {
    "shape" : "b26c9592-0401-468b-97f4-d13195e0b012",
    "color" : "#007695",
    "position" : {
      "x" : 2.8240454,
      "y" : 19.768318,
      "z" : -5.648091
    },
    "orientation" : 2
  }, {
    "shape" : "cab6da93-511b-440c-96c7-b92d2aa95474",
    "color" : "#FFFFFF",
    "position" : {
      "x" : -2.8240454,
      "y" : 22.592363,
      "z" : -2.8240454
    }
  }, {
    "shape" : "b26c9592-0401-468b-97f4-d13195e0b012",
    "color" : "#007695",
    "position" : {
      "x" : 11.296182,
      "y" : 2.8240454,
      "z" : 2.8240454
    },
    "orientation" : 0
  }, {
    "shape" : "b26c9592-0401-468b-97f4-d13195e0b012",
    "color" : "#007695",
    "position" : {
      "x" : 2.8240454,
      "y" : -14.120227,
      "z" : -14.120227
    },
    "orientation" : 1
  }, {
    "shape" : "5d02e101-ebba-49cc-9c04-dd854dfde293",
    "color" : "#FFFFFF",
    "position" : {
      "x" : -11.296182,
      "y" : 22.592363,
      "z" : -11.296182
    },
    "orientation" : 2
  }, {
    "shape" : "b26c9592-0401-468b-97f4-d13195e0b012",
    "color" : "#007695",
    "position" : {
      "x" : 0.0,
      "y" : 0.0,
      "z" : -8.472136
    },
    "orientation" : 45
  }, {
    "shape" : "cab6da93-511b-440c-96c7-b92d2aa95474",
    "color" : "#FFFFFF",
    "position" : {
      "x" : 5.648091,
      "y" : -11.296182,
      "z" : 14.120227
    }
  }, {
    "shape" : "b26c9592-0401-468b-97f4-d13195e0b012",
    "color" : "#007695",
    "position" : {
      "x" : 2.8240454,
      "y" : 2.8240454,
      "z" : 11.296182
    },
    "orientation" : 2
  }, {
    "shape" : "b26c9592-0401-468b-97f4-d13195e0b012",
    "color" : "#007695",
    "position" : {
      "x" : 5.648091,
      "y" : 14.120227,
      "z" : -2.8240454
    },
    "orientation" : 16
  }, {
    "shape" : "cab6da93-511b-440c-96c7-b92d2aa95474",
    "color" : "#FFFFFF",
    "position" : {
      "x" : -2.8240454,
      "y" : -2.8240454,
      "z" : 22.592363
    }
  }, {
    "shape" : "5d02e101-ebba-49cc-9c04-dd854dfde293",
    "color" : "#FFFFFF",
    "position" : {
      "x" : 19.768318,
      "y" : -5.648091,
      "z" : 2.8240454
    },
    "orientation" : 0
  }, {
    "shape" : "b26c9592-0401-468b-97f4-d13195e0b012",
    "color" : "#007695",
    "position" : {
      "x" : 19.768318,
      "y" : -5.648091,
      "z" : 2.8240454
    },
    "orientation" : 1
  }, {
    "shape" : "b26c9592-0401-468b-97f4-d13195e0b012",
    "color" : "#007695",
    "position" : {
      "x" : -11.296182,
      "y" : 22.592363,
      "z" : -2.8240454
    },
    "orientation" : 0
  }, {
    "shape" : "5d02e101-ebba-49cc-9c04-dd854dfde293",
    "color" : "#FFFFFF",
    "position" : {
      "x" : 5.648091,
      "y" : -11.296182,
      "z" : 5.648091
    },
    "orientation" : 1
  }, {
    "shape" : "cab6da93-511b-440c-96c7-b92d2aa95474",
    "color" : "#FFFFFF",
    "position" : {
      "x" : -16.944271,
      "y" : 8.472136,
      "z" : -8.472136
    }
  }, {
    "shape" : "b26c9592-0401-468b-97f4-d13195e0b012",
    "color" : "#007695",
    "position" : {
      "x" : 14.120227,
      "y" : -11.296182,
      "z" : 5.648091
    },
    "orientation" : 45
  }, {
    "shape" : "cab6da93-511b-440c-96c7-b92d2aa95474",
    "color" : "#FFFFFF",
    "position" : {
      "x" : 8.472136,
      "y" : -8.472136,
      "z" : -16.944271
    }
  }, {
    "shape" : "b26c9592-0401-468b-97f4-d13195e0b012",
    "color" : "#007695",
    "position" : {
      "x" : -11.296182,
      "y" : 22.592363,
      "z" : -2.8240454
    },
    "orientation" : 47
  }, {
    "shape" : "b26c9592-0401-468b-97f4-d13195e0b012",
    "color" : "#007695",
    "position" : {
      "x" : -16.944271,
      "y" : 8.472136,
      "z" : 0.0
    },
    "orientation" : 1
  }, {
    "shape" : "295067a7-bd6a-451a-8287-0e0fe8a166b3",
    "color" : "#6B351A",
    "position" : {
      "x" : 22.592363,
      "y" : -11.296182,
      "z" : -11.296182
    },
    "orientation" : 30
  }, {
    "shape" : "5d02e101-ebba-49cc-9c04-dd854dfde293",
    "color" : "#FFFFFF",
    "position" : {
      "x" : 0.0,
      "y" : 8.472136,
      "z" : -16.944271
    },
    "orientation" : 2
  }, {
    "shape" : "b26c9592-0401-468b-97f4-d13195e0b012",
    "color" : "#007695",
    "position" : {
      "x" : -14.120227,
      "y" : 2.8240454,
      "z" : -14.120227
    },
    "orientation" : 2
  }, {
    "shape" : "b26c9592-0401-468b-97f4-d13195e0b012",
    "color" : "#007695",
    "position" : {
      "x" : -2.8240454,
      "y" : -11.296182,
      "z" : 22.592363
    },
    "orientation" : 45
  }, {
    "shape" : "cab6da93-511b-440c-96c7-b92d2aa95474",
    "color" : "#FFFFFF",
    "position" : {
      "x" : 2.8240454,
      "y" : 2.8240454,
      "z" : 11.296182
    }
  }, {
    "shape" : "5d02e101-ebba-49cc-9c04-dd854dfde293",
    "color" : "#007695",
    "position" : {
      "x" : 19.768318,
      "y" : 2.8240454,
      "z" : 2.8240454
    },
    "orientation" : 0
  }, {
    "shape" : "cab6da93-511b-440c-96c7-b92d2aa95474",
    "color" : "#FFFFFF",
    "position" : {
      "x" : -5.648091,
