{
  "field" : "golden",
  "symmetry" : "icosahedral",
  "orientations" : [ [ 1.0, 0.0, 0.0, 0.0, 0.0, 1.0, 0.0, 0.0, 0.0, 0.0, 1.0, 0.0, 0.0, 0.0, 0.0, 1.0 ], [ 0.0, 0.0, 1.0, 0.0, 1.0, 0.0, 0.0, 0.0, 0.0, 1.0, 0.0, 0.0, 0.0, 0.0, 0.0, 1.0 ], [ 0.0, 1.0, 0.0, 0.0, 0.0, 0.0, 1.0, 0.0, 1.0, 0.0, 0.0, 0.0, 0.0, 0.0, 0.0, 1.0 ], [ 0.809017, 0.309017, 0.5, 0.0, 0.309017, 0.5, -0.809017, 0.0, -0.5, 0.809017, 0.309017, 0.0, 0.0, 0.0, 0.0, 1.0 ], [ -0.5, 0.809017, 0.309017, 0.0, 0.809017, 0.309017, 0.5, 0.0, 0.309017, 0.5, -0.809017, 0.0, 0.0, 0.0, 0.0, 1.0 ], [ 0.309017, 0.5, -0.809017, 0.0, -0.5, 0.809017, 0.309017, 0.0, 0.809017, 0.309017, 0.5, 0.0, 0.0, 0.0, 0.0, 1.0 ], [ 0.5, 0.809017, 0.309017, 0.0, 0.809017, -0.309017, -0.5, 0.0, -0.309017, 0.5, -0.809017, 0.0, 0.0, 0.0, 0.0, 1.0 ], [ -0.309017, 0.5, -0.809017, 0.0, 0.5, 0.809017, 0.309017, 0.0, 0.809017, -0.309017, -0.5, 0.0, 0.0, 0.0, 0.0, 1.0 ], [ 0.809017, -0.309017, -0.5, 0.0, -0.309017, 0.5, -0.809017, 0.0, 0.5, 0.809017, 0.309017, 0.0, 0.0, 0.0, 0.0, 1.0 ], [ 0.5, 0.809017, -0.309017, 0.0, 0.809017, -0.309017, 0.5, 0.0, 0.309017, -0.5, -0.809017, 0.0, 0.0, 0.0, 0.0, 1.0 ], [ 0.309017, -0.5, -0.809017, 0.0, 0.5, 0.809017, -0.309017, 0.0, 0.809017, -0.309017, 0.5, 0.0, 0.0, 0.0, 0.0, 1.0 ], [ 0.809017, -0.309017, 0.5, 0.0, 0.309017, -0.5, -0.809017, 0.0, 0.5, 0.809017, -0.309017, 0.0, 0.0, 0.0, 0.0, 1.0 ], [ 0.809017, 0.309017, -0.5, 0.0, 0.309017, 0.5, 0.809017, 0.0, 0.5, -0.809017, 0.309017, 0.0, 0.0, 0.0, 0.0, 1.0 ], [ 0.5, -0.809017, 0.309017, 0.0, 0.809017, 0.309017, -0.5, 0.0, 0.309017, 0.5, 0.809017, 0.0, 0.0, 0.0, 0.0, 1.0 ], [ 0.309017, 0.5, 0.809017, 0.0, 0.5, -0.809017, 0.309017, 0.0, 0.809017, 0.309017, -0.5, 0.0, 0.0, 0.0, 0.0, 1.0 ], [ 1.0, 0.0, 0.0, 0.0, 0.0, -1.0, 0.0, 0.0, 0.0, 0.0, -1.0, 0.0, 0.0, 0.0, 0.0, 1.0 ], [ 0.0, 0.0, 1.0, 0.0, -1.0, 0.0, 0.0, 0.0, 0.0, -1.0, 0.0, 0.0, 0.0, 0.0, 0.0, 1.0 ], [ 0.0, 1.0, 0.0, 0.0, 0.0, 0.0, -1.0, 0.0, -1.0, 0.0, 0.0, 0.0, 0.0, 0.0, 0.0, 1.0 ], [ 0.809017, 0.309017, 0.5, 0.0, -0.309017, -0.5, 0.809017, 0.0, 0.5, -0.809017, -0.309017, 0.0, 0.0, 0.0, 0.0, 1.0 ], [ -0.5, 0.809017, 0.309017, 0.0, -0.809017, -0.309017, -0.5, 0.0, -0.309017, -0.5, 0.809017, 0.0, 0.0, 0.0, 0.0, 1.0 ], [ 0.309017, 0.5, -0.809017, 0.0, 0.5, -0.809017, -0.309017, 0.0, -0.809017, -0.309017, -0.5, 0.0, 0.0, 0.0, 0.0, 1.0 ], [ 0.5, 0.809017, 0.309017, 0.0, -0.809017, 0.309017, 0.5, 0.0, 0.309017, -0.5, 0.809017, 0.0, 0.0, 0.0, 0.0, 1.0 ], [ -0.309017, 0.5, -0.809017, 0.0, -0.5, -0.809017, -0.309017, 0.0, -0.809017, 0.309017, 0.5, 0.0, 0.0, 0.0, 0.0, 1.0 ], [ 0.809017, -0.309017, -0.5, 0.0, 0.309017, -0.5, 0.809017, 0.0, -0.5, -0.809017, -0.309017, 0.0, 0.0, 0.0, 0.0, 1.0 ], [ 0.5, 0.809017, -0.309017, 0.0, -0.809017, 0.309017, -0.5, 0.0, -0.309017, 0.5, 0.809017, 0.0, 0.0, 0.0, 0.0, 1.0 ], [ 0.309017, -0.5, -0.809017, 0.0, -0.5, -0.809017, 0.309017, 0.0, -0.809017, 0.309017, -0.5, 0.0, 0.0, 0.0, 0.0, 1.0 ], [ 0.809017, -0.309017, 0.5, 0.0, -0.309017, 0.5, 0.809017, 0.0, -0.5, -0.809017, 0.309017, 0.0, 0.0, 0.0, 0.0, 1.0 ], [ 0.809017, 0.309017, -0.5, 0.0, -0.309017, -0.5, -0.809017, 0.0, -0.5, 0.809017, -0.309017, 0.0, 0.0, 0.0, 0.0, 1.0 ], [ 0.5, -0.809017, 0.309017, 0.0, -0.809017, -0.309017, 0.5, 0.0, -0.309017, -0.5, -0.809017, 0.0, 0.0, 0.0, 0.0, 1.0 ], [ 0.309017, 0.5, 0.809017, 0.0, -0.5, 0.809017, -0.309017, 0.0, -0.809017, -0.309017, 0.5, 0.0, 0.0, 0.0, 0.0, 1.0 ], [ -1.0, 0.0, 0.0, 0.0, 0.0, -1.0, 0.0, 0.0, 0.0, 0.0, 1.0, 0.0, 0.0, 0.0, 0.0, 1.0 ], [ 0.0, 0.0, -1.0, 0.0, -1.0, 0.0, 0.0, 0.0, 0.0, 1.0, 0.0, 0.0, 0.0, 0.0, 0.0, 1.0 ], [ 0.0, -1.0, 0.0, 0.0, 0.0, 0.0, -1.0, 0.0, 1.0, 0.0, 0.0, 0.0, 0.0, 0.0, 0.0, 1.0 ], [ -0.809017, -0.309017, -0.5, 0.0, -0.309017, -0.5, 0.809017, 0.0, -0.5, 0.809017, 0.309017, 0.0, 0.0, 0.0, 0.0, 1.0 ], [ 0.5, -0.809017, -0.309017, 0.0, -0.809017, -0.309017, -0.5, 0.0, 0.309017, 0.5, -0.809017, 0.0, 0.0, 0.0, 0.0, 1.0 ], [ -0.309017, -0.5, 0.809017, 0.0, 0.5, -0.809017, -0.309017, 0.0, 0.809017, 0.309017, 0.5, 0.0, 0.0, 0.0, 0.0, 1.0 ], [ -0.5, -0.809017, -0.309017, 0.0, -0.809017, 0.309017, 0.5, 0.0, -0.309017, 0.5, -0.809017, 0.0, 0.0, 0.0, 0.0, 1.0 ], [ 0.309017, -0.5, 0.809017, 0.0, -0.5, -0.809017, -0.309017, 0.0, 0.809017, -0.309017, -0.5, 0.0, 0.0, 0.0, 0.0, 1.0 ], [ -0.809017, 0.309017, 0.5, 0.0, 0.309017, -0.5, 0.809017, 0.0, 0.5, 0.809017, 0.309017, 0.0, 0.0, 0.0, 0.0, 1.0 ], [ -0.5, -0.809017, 0.309017, 0.0, -0.809017, 0.309017, -0.5, 0.0, 0.309017, -0.5, -0.809017, 0.0, 0.0, 0.0, 0.0, 1.0 ], [ -0.309017, 0.5, 0.809017, 0.0, -0.5, -0.809017, 0.309017, 0.0, 0.809017, -0.309017, 0.5, 0.0, 0.0, 0.0, 0.0, 1.0 ], [ -0.809017, 0.309017, -0.5, 0.0, -0.309017, 0.5, 0.809017, 0.0, 0.5, 0.809017, -0.309017, 0.0, 0.0, 0.0, 0.0, 1.0 ], [ -0.809017, -0.309017, 0.5, 0.0, -0.309017, -0.5, -0.809017, 0.0, 0.5, -0.809017, 0.309017, 0.0, 0.0, 0.0, 0.0, 1.0 ], [ -0.5, 0.809017, -0.309017, 0.0, -0.809017, -0.309017, 0.5, 0.0, 0.309017, 0.5, 0.809017, 0.0, 0.0, 0.0, 0.0, 1.0 ], [ -0.309017, -0.5, -0.809017, 0.0, -0.5, 0.809017, -0.309017, 0.0, 0.809017, 0.309017, -0.5, 0.0, 0.0, 0.0, 0.0, 1.0 ], [ -1.0, 0.0, 0.0, 0.0, 0.0, 1.0, 0.0, 0.0, 0.0, 0.0, -1.0, 0.0, 0.0, 0.0, 0.0, 1.0 ], [ 0.0, 0.0, -1.0, 0.0, 1.0, 0.0, 0.0, 0.0, 0.0, -1.0, 0.0, 0.0, 0.0, 0.0, 0.0, 1.0 ], [ 0.0, -1.0, 0.0, 0.0, 0.0, 0.0, 1.0, 0.0, -1.0, 0.0, 0.0, 0.0, 0.0, 0.0, 0.0, 1.0 ], [ -0.809017, -0.309017, -0.5, 0.0, 0.309017, 0.5, -0.809017, 0.0, 0.5, -0.809017, -0.309017, 0.0, 0.0, 0.0, 0.0, 1.0 ], [ 0.5, -0.809017, -0.309017, 0.0, 0.809017, 0.309017, 0.5, 0.0, -0.309017, -0.5, 0.809017, 0.0, 0.0, 0.0, 0.0, 1.0 ], [ -0.309017, -0.5, 0.809017, 0.0, -0.5, 0.809017, 0.309017, 0.0, -0.809017, -0.309017, -0.5, 0.0, 0.0, 0.0, 0.0, 1.0 ], [ -0.5, -0.809017, -0.309017, 0.0, 0.809017, -0.309017, -0.5, 0.0, 0.309017, -0.5, 0.809017, 0.0, 0.0, 0.0, 0.0, 1.0 ], [ 0.309017, -0.5, 0.809017, 0.0, 0.5, 0.809017, 0.309017, 0.0, -0.809017, 0.309017, 0.5, 0.0, 0.0, 0.0, 0.0, 1.0 ], [ -0.809017, 0.309017, 0.5, 0.0, -0.309017, 0.5, -0.809017, 0.0, -0.5, -0.809017, -0.309017, 0.0, 0.0, 0.0, 0.0, 1.0 ], [ -0.5, -0.809017, 0.309017, 0.0, 0.809017, -0.309017, 0.5, 0.0, -0.309017, 0.5, 0.809017, 0.0, 0.0, 0.0, 0.0, 1.0 ], [ -0.309017, 0.5, 0.809017, 0.0, 0.5, 0.809017, -0.309017, 0.0, -0.809017, 0.309017, -0.5, 0.0, 0.0, 0.0, 0.0, 1.0 ], [ -0.809017, 0.309017, -0.5, 0.0, 0.309017, -0.5, -0.809017, 0.0, -0.5, -0.809017, 0.309017, 0.0, 0.0, 0.0, 0.0, 1.0 ], [ -0.809017, -0.309017, 0.5, 0.0, 0.309017, 0.5, 0.809017, 0.0, -0.5, 0.809017, -0.309017, 0.0, 0.0, 0.0, 0.0, 1.0 ], [ -0.5, 0.809017, -0.309017, 0.0, 0.809017, 0.309017, -0.5, 0.0, -0.309017, -0.5, -0.809017, 0.0, 0.0, 0.0, 0.0, 1.0 ], [ -0.309017, -0.5, -0.809017, 0.0, 0.5, -0.809017, 0.309017, 0.0, -0.809017, -0.309017, 0.5, 0.0, 0.0, 0.0, 0.0, 1.0 ] ],
  "lights" : {
    "ambientColor" : "#292929",
    "backgroundColor" : "#FFFFF2",
    "directionalLights" : [ {
      "direction" : {
        "x" : 1.0,
        "y" : -1.0,
        "z" : -1.0
      },
      "color" : "#EBEBE4"
    }, {
      "direction" : {
        "x" : -1.0,
        "y" : 0.0,
        "z" : 0.0
      },
      "color" : "#E4E4EB"
    }, {
      "direction" : {
        "x" : 0.0,
        "y" : 0.0,
        "z" : -1.0
      },
      "color" : "#1E1E1E"
    } ]
  },
  "camera" : {
    "viewDistance" : 246.87433,
    "nearClipDistance" : 0.6171859,
    "farClipDistance" : 493.74887,
    "lookAtPoint" : {
      "x" : 0.0,
      "y" : 0.0,
      "z" : 0.0
    },
    "fieldOfView" : 0.442629,
    "perspective" : true,
    "lookDirection" : {
      "x" : -0.11215508,
      "y" : -0.78160846,
      "z" : 0.61360925
    },
    "upDirection" : {
      "x" : 0.58292574,
      "y" : 0.44833747,
      "z" : 0.6776326
    },
    "width" : 111.09348,
    "stereo" : false,
    "position" : {
      "x" : 27.68821,
      "y" : 192.95906,
      "z" : -151.48438
    }
  },
  "embedding" : [ 1.0, 0.0, 0.0, 0.0, 0.0, 1.0, 0.0, 0.0, 0.0, 0.0, 1.0, 0.0, 0.0, 0.0, 0.0, 1.0 ],
  "shapes" : [ {
    "id" : "9fa4bcb4-8771-4b95-81fe-c711bbfbe524",
    "vertices" : [ {
      "x" : 2.3351564,
      "y" : -5.3703127,
      "z" : -5.1036463
    }, {
      "x" : 2.7351565,
      "y" : -5.270313,
      "z" : -5.0036464
    }, {
      "x" : 0.4888889,
      "y" : -0.2777778,
      "z" : -0.54444444
    }, {
      "x" : 0.08888889,
      "y" : -0.37777779,
      "z" : -0.64444447
    }, {
      "x" : 2.8684897,
      "y" : -5.0369797,
      "z" : -5.303646
    }, {
      "x" : 2.4684896,
      "y" : -5.1369796,
      "z" : -5.403646
    }, {
      "x" : -0.044444446,
      "y" : -0.6111111,
      "z" : -0.34444445
    }, {
      "x" : 0.35555556,
      "y" : -0.51111114,
      "z" : -0.24444444
    } ],
    "faces" : [ {
      "vertices" : [ 2, 3, 6 ]
    }, {
      "vertices" : [ 2, 6, 7 ]
    }, {
      "vertices" : [ 0, 5, 4 ]
    }, {
      "vertices" : [ 0, 4, 1 ]
    }, {
      "vertices" : [ 2, 4, 5 ]
    }, {
      "vertices" : [ 2, 5, 3 ]
    }, {
      "vertices" : [ 0, 6, 3 ]
    }, {
      "vertices" : [ 0, 3, 5 ]
    }, {
      "vertices" : [ 0, 1, 7 ]
    }, {
      "vertices" : [ 0, 7, 6 ]
    }, {
      "vertices" : [ 1, 4, 2 ]
    }, {
      "vertices" : [ 1, 2, 7 ]
    } ]
  }, {
    "id" : "72af44ee-ec55-4af7-bbaf-90e5b33c3ec5",
    "vertices" : [ {
      "x" : -11.296182,
      "y" : -19.768318,
      "z" : -11.296182
    }, {
      "x" : -11.296182,
      "y" : -19.768318,
      "z" : -2.8240454
    }, {
      "x" : -2.8240454,
      "y" : -19.768318,
      "z" : -2.8240454
    }, {
      "x" : -2.8240454,
      "y" : -19.768318,
      "z" : -11.296182
    } ],
    "faces" : [ {
      "vertices" : [ 0, 1, 2 ]
    }, {
      "vertices" : [ 0, 2, 3 ]
    }, {
      "vertices" : [ 0, 3, 2 ]
    }, {
      "vertices" : [ 0, 2, 1 ]
    } ]
  }, {
    "id" : "2b43a489-ca60-4a2f-970e-2ca31fdd05ba",
    "vertices" : [ {
      "x" : 0.309017,
      "y" : -0.309017,
      "z" : -0.309017
    }, {
      "x" : 0.5,
      "y" : 0.0,
      "z" : -0.19098301
    }, {
      "x" : 0.5,
      "y" : 0.0,
      "z" : 0.19098301
    }, {
      "x" : 0.309017,
      "y" : -0.309017,
      "z" : 0.309017
    }, {
      "x" : 0.19098301,
      "y" : -0.5,
      "z" : 0.0
    }, {
      "x" : 0.0,
      "y" : 0.19098301,
      "z" : 0.5
    }, {
      "x" : 0.0,
      "y" : -0.19098301,
      "z" : 0.5
    }, {
      "x" : 0.309017,
      "y" : 0.309017,
      "z" : 0.309017
    }, {
      "x" : -0.309017,
      "y" : -0.309017,
      "z" : 0.309017
    }, {
      "x" : -0.309017,
      "y" : 0.309017,
      "z" : 0.309017
    }, {
      "x" : -0.5,
      "y" : 0.0,
      "z" : 0.19098301
    }, {
      "x" : 0.0,
      "y" : -0.19098301,
      "z" : -0.5
    }, {
      "x" : 0.0,
      "y" : 0.19098301,
      "z" : -0.5
    }, {
      "x" : 0.309017,
      "y" : 0.309017,
      "z" : -0.309017
    }, {
      "x" : -0.309017,
      "y" : -0.309017,
      "z" : -0.309017
    }, {
      "x" : -0.19098301,
      "y" : -0.5,
      "z" : 0.0
    }, {
      "x" : -0.5,
      "y" : 0.0,
      "z" : -0.19098301
    }, {
      "x" : 0.19098301,
      "y" : 0.5,
      "z" : 0.0
    }, {
      "x" : -0.309017,
      "y" : 0.309017,
      "z" : -0.309017
    }, {
      "x" : 0.0,
      "y" : 0.0,
      "z" : 0.0
    }, {
      "x" : -0.19098301,
      "y" : 0.5,
      "z" : 0.0
    } ],
    "faces" : [ {
      "vertices" : [ 12, 18, 20 ]
    }, {
      "vertices" : [ 12, 20, 17 ]
    }, {
      "vertices" : [ 12, 17, 13 ]
    }, {
      "vertices" : [ 3, 6, 8 ]
    }, {
      "vertices" : [ 3, 8, 15 ]
    }, {
      "vertices" : [ 3, 15, 4 ]
    }, {
      "vertices" : [ 0, 11, 12 ]
    }, {
      "vertices" : [ 0, 12, 13 ]
    }, {
      "vertices" : [ 0, 13, 1 ]
    }, {
      "vertices" : [ 5, 9, 10 ]
    }, {
      "vertices" : [ 5, 10, 8 ]
    }, {
      "vertices" : [ 5, 8, 6 ]
    }, {
      "vertices" : [ 2, 7, 5 ]
    }, {
      "vertices" : [ 2, 5, 6 ]
    }, {
      "vertices" : [ 2, 6, 3 ]
    }, {
      "vertices" : [ 11, 14, 16 ]
    }, {
      "vertices" : [ 11, 16, 18 ]
    }, {
      "vertices" : [ 11, 18, 12 ]
    }, {
      "vertices" : [ 1, 13, 17 ]
    }, {
      "vertices" : [ 1, 17, 7 ]
    }, {
      "vertices" : [ 1, 7, 2 ]
    }, {
      "vertices" : [ 9, 20, 18 ]
    }, {
      "vertices" : [ 9, 18, 16 ]
    }, {
      "vertices" : [ 9, 16, 10 ]
    }, {
      "vertices" : [ 0, 1, 2 ]
    }, {
      "vertices" : [ 0, 2, 3 ]
    }, {
      "vertices" : [ 0, 3, 4 ]
    }, {
      "vertices" : [ 5, 7, 17 ]
    }, {
      "vertices" : [ 5, 17, 20 ]
    }, {
      "vertices" : [ 5, 20, 9 ]
    }, {
      "vertices" : [ 0, 4, 15 ]
    }, {
      "vertices" : [ 0, 15, 14 ]
    }, {
      "vertices" : [ 0, 14, 11 ]
    }, {
      "vertices" : [ 8, 10, 16 ]
    }, {
      "vertices" : [ 8, 16, 14 ]
    }, {
      "vertices" : [ 8, 14, 15 ]
    } ]
  }, {
    "id" : "ec8acec9-3e00-4411-8fdb-a9f15b76c57f",
    "vertices" : [ {
      "x" : -5.648091,
      "y" : 11.296182,
      "z" : 19.768318
    }, {
      "x" : -11.296182,
      "y" : 5.648091,
      "z" : 22.592363
    }, {
      "x" : -2.8240454,
      "y" : 5.648091,
      "z" : 22.592363
    }, {
      "x" : 2.8240454,
      "y" : 11.296182,
      "z" : 19.768318
    } ],
    "faces" : [ {
      "vertices" : [ 0, 1, 2 ]
    }, {
      "vertices" : [ 0, 2, 3 ]
    }, {
      "vertices" : [ 0, 3, 2 ]
    }, {
      "vertices" : [ 0, 2, 1 ]
    } ]
  }, {
    "id" : "45770f7b-e316-403a-86f4-15a6df3fa42a",
    "vertices" : [ {
      "x" : 19.768318,
      "y" : 2.8240454,
      "z" : 11.296182
    }, {
      "x" : 16.944271,
      "y" : 8.472136,
      "z" : 16.944271
    }, {
      "x" : 16.944271,
      "y" : 16.944271,
      "z" : 16.944271
    }, {
      "x" : 19.768318,
      "y" : 11.296182,
      "z" : 11.296182
    } ],
    "faces" : [ {
      "vertices" : [ 0, 1, 2 ]
    }, {
      "vertices" : [ 0, 2, 3 ]
    }, {
      "vertices" : [ 0, 3, 2 ]
    }, {
      "vertices" : [ 0, 2, 1 ]
    } ]
  }, {
    "id" : "12f79fbf-b558-4691-af26-3133b1f7b7df",
    "vertices" : [ {
      "x" : 0.0,
      "y" : 0.0,
      "z" : 8.472136
    }, {
      "x" : -2.8240454,
      "y" : 5.648091,
      "z" : 14.120227
    }, {
      "x" : 2.8240454,
      "y" : 2.8240454,
      "z" : 19.768318
    }, {
      "x" : 5.648091,
      "y" : -2.8240454,
      "z" : 14.120227
    } ],
    "faces" : [ {
      "vertices" : [ 0, 1, 2 ]
    }, {
      "vertices" : [ 0, 2, 3 ]
    }, {
      "vertices" : [ 0, 3, 2 ]
    }, {
      "vertices" : [ 0, 2, 1 ]
    } ]
  }, {
    "id" : "ed180b04-3330-47b6-b56f-27234f6f42a0",
    "vertices" : [ {
      "x" : 2.8240454,
      "y" : 11.296182,
      "z" : 19.768318
    }, {
      "x" : -2.8240454,
      "y" : 14.120227,
      "z" : 14.120227
    }, {
      "x" : -11.296182,
      "y" : 14.120227,
      "z" : 14.120227
    }, {
      "x" : -5.648091,
      "y" : 11.296182,
      "z" : 19.768318
    } ],
    "faces" : [ {
      "vertices" : [ 0, 1, 2 ]
    }, {
      "vertices" : [ 0, 2, 3 ]
    }, {
      "vertices" : [ 0, 3, 2 ]
    }, {
      "vertices" : [ 0, 2, 1 ]
    } ]
  }, {
    "id" : "17ef67bf-bee7-404e-857e-ec539b49fa07",
    "vertices" : [ {
      "x" : 5.648091,
      "y" : 14.120227,
      "z" : -2.8240454
    }, {
      "x" : 14.120227,
      "y" : 14.120227,
      "z" : -2.8240454
    }, {
      "x" : 16.944271,
      "y" : 8.472136,
      "z" : -8.472136
    }, {
      "x" : 8.472136,
      "y" : 8.472136,
      "z" : -8.472136
    } ],
    "faces" : [ {
      "vertices" : [ 0, 1, 2 ]
    }, {
      "vertices" : [ 0, 2, 3 ]
    }, {
      "vertices" : [ 0, 3, 2 ]
    }, {
      "vertices" : [ 0, 2, 1 ]
    } ]
  }, {
    "id" : "03858c7c-4f99-4ebc-aab1-1ccf39b64568",
    "vertices" : [ {
      "x" : 1.0,
      "y" : 0.309017,
      "z" : 0.19098301
    }, {
      "x" : 1.0,
      "y" : -0.309017,
      "z" : 0.19098301
    }, {
      "x" : 7.472136,
      "y" : -0.309017,
      "z" : 0.19098301
    }, {
      "x" : 7.472136,
      "y" : 0.309017,
      "z" : 0.19098301
    }, {
      "x" : 7.472136,
      "y" : -0.309017,
      "z" : -0.19098301
    }, {
      "x" : 7.472136,
      "y" : 0.309017,
      "z" : -0.19098301
    }, {
      "x" : 8.09017,
      "y" : 0.0,
      "z" : 0.0
    }, {
      "x" : 0.38196602,
      "y" : 0.0,
      "z" : 0.0
    }, {
      "x" : 1.0,
      "y" : 0.309017,
      "z" : -0.19098301
    }, {
      "x" : 1.0,
      "y" : -0.309017,
      "z" : -0.19098301
    }, {
      "x" : 8.472136,
      "y" : 0.0,
      "z" : 0.0
    } ],
    "faces" : [ {
      "vertices" : [ 1, 9, 4 ]
    }, {
      "vertices" : [ 1, 4, 2 ]
    }, {
      "vertices" : [ 0, 3, 5 ]
    }, {
      "vertices" : [ 0, 5, 8 ]
    }, {
      "vertices" : [ 1, 7, 9 ]
    }, {
      "vertices" : [ 0, 1, 2 ]
    }, {
      "vertices" : [ 0, 2, 3 ]
    }, {
      "vertices" : [ 7, 8, 9 ]
    }, {
      "vertices" : [ 0, 7, 1 ]
    }, {
      "vertices" : [ 4, 9, 8 ]
    }, {
      "vertices" : [ 4, 8, 5 ]
    }, {
      "vertices" : [ 2, 6, 3 ]
    }, {
      "vertices" : [ 2, 4, 6 ]
    }, {
      "vertices" : [ 3, 6, 5 ]
    }, {
      "vertices" : [ 4, 5, 6 ]
    }, {
      "vertices" : [ 0, 8, 7 ]
    } ]
  }, {
    "id" : "0db20c00-1d68-40ee-8689-42fa3885ff61",
    "vertices" : [ {
      "x" : 2.8240454,
      "y" : 2.8240454,
      "z" : 19.768318
    }, {
      "x" : 2.8240454,
      "y" : 11.296182,
      "z" : 19.768318
    }, {
      "x" : -5.648091,
      "y" : 11.296182,
      "z" : 19.768318
    }, {
      "x" : -5.648091,
      "y" : 2.8240454,
      "z" : 19.768318
    } ],
    "faces" : [ {
      "vertices" : [ 0, 1, 2 ]
    }, {
      "vertices" : [ 0, 2, 3 ]
    }, {
      "vertices" : [ 0, 3, 2 ]
    }, {
      "vertices" : [ 0, 2, 1 ]
    } ]
  }, {
    "id" : "18340b06-3a83-4ab7-a8f5-68f71b27686a",
    "vertices" : [ {
      "x" : -2.8240454,
      "y" : 22.592363,
      "z" : -11.296182
    }, {
      "x" : -2.8240454,
      "y" : 22.592363,
      "z" : -2.8240454
    }, {
      "x" : 5.648091,
      "y" : 22.592363,
      "z" : -2.8240454
    }, {
      "x" : 5.648091,
      "y" : 22.592363,
      "z" : -11.296182
    } ],
    "faces" : [ {
      "vertices" : [ 0, 1, 2 ]
    }, {
      "vertices" : [ 0, 2, 3 ]
    }, {
      "vertices" : [ 0, 3, 2 ]
    }, {
      "vertices" : [ 0, 2, 1 ]
    } ]
  }, {
    "id" : "3973f6fa-145e-4ff6-86e1-220f2713ee5b",
    "vertices" : [ {
      "x" : 2.8240454,
      "y" : 11.296182,
      "z" : 19.768318
    }, {
      "x" : 8.472136,
      "y" : 16.944271,
      "z" : 16.944271
    }, {
      "x" : 0.0,
      "y" : 16.944271,
      "z" : 16.944271
    }, {
      "x" : -5.648091,
      "y" : 11.296182,
      "z" : 19.768318
    } ],
    "faces" : [ {
      "vertices" : [ 0, 1, 2 ]
    }, {
      "vertices" : [ 0, 2, 3 ]
    }, {
      "vertices" : [ 0, 3, 2 ]
    }, {
      "vertices" : [ 0, 2, 1 ]
    } ]
  }, {
    "id" : "5d2f4e3e-c2ac-4b6e-8787-760a2a42d725",
    "vertices" : [ {
      "x" : 8.472136,
      "y" : 0.0,
      "z" : -8.472136
    }, {
      "x" : 16.944271,
      "y" : 0.0,
      "z" : -8.472136
    }, {
      "x" : 16.944271,
      "y" : -8.472136,
      "z" : -8.472136
    }, {
      "x" : 8.472136,
      "y" : -8.472136,
      "z" : -8.472136
    } ],
    "faces" : [ {
      "vertices" : [ 0, 1, 2 ]
    }, {
      "vertices" : [ 0, 2, 3 ]
    }, {
      "vertices" : [ 0, 3, 2 ]
    }, {
      "vertices" : [ 0, 2, 1 ]
    } ]
  }, {
    "id" : "fb88f6fe-fb3c-43ba-9d5d-d73fdf3f6f54",
    "vertices" : [ {
      "x" : 2.8240454,
      "y" : 19.768318,
      "z" : -5.648091
    }, {
      "x" : 5.648091,
      "y" : 14.120227,
      "z" : -11.296182
    }, {
      "x" : 0.0,
      "y" : 16.944271,
      "z" : -16.944271
    }, {
      "x" : -2.8240454,
      "y" : 22.592363,
      "z" : -11.296182
    } ],
    "faces" : [ {
      "vertices" : [ 0, 1, 2 ]
    }, {
      "vertices" : [ 0, 2, 3 ]
    }, {
      "vertices" : [ 0, 3, 2 ]
    }, {
      "vertices" : [ 0, 2, 1 ]
    } ]
  }, {
    "id" : "c0b24a84-60d4-4a25-9d0b-5290f9dd9279",
    "vertices" : [ {
      "x" : -5.648091,
      "y" : -14.120227,
      "z" : 2.8240454
    }, {
      "x" : -5.648091,
      "y" : -5.648091,
      "z" : 2.8240454
    }, {
      "x" : 0.0,
      "y" : 0.0,
      "z" : 0.0
    }, {
      "x" : 0.0,
      "y" : -8.472136,
      "z" : 0.0
    } ],
    "faces" : [ {
      "vertices" : [ 0, 1, 2 ]
    }, {
      "vertices" : [ 0, 2, 3 ]
    }, {
      "vertices" : [ 0, 3, 2 ]
    }, {
      "vertices" : [ 0, 2, 1 ]
    } ]
  }, {
    "id" : "8d0db87d-0aa4-4e3e-89cd-0405b9f666b3",
    "vertices" : [ {
      "x" : 11.296182,
      "y" : 19.768318,
      "z" : 2.8240454
    }, {
      "x" : 16.944271,
      "y" : 16.944271,
      "z" : 8.472136
    }, {
      "x" : 16.944271,
      "y" : 16.944271,
      "z" : 16.944271
    }, {
      "x" : 11.296182,
      "y" : 19.768318,
      "z" : 11.296182
    } ],
    "faces" : [ {
      "vertices" : [ 0, 1, 2 ]
    }, {
      "vertices" : [ 0, 2, 3 ]
    }, {
      "vertices" : [ 0, 3, 2 ]
    }, {
      "vertices" : [ 0, 2, 1 ]
    } ]
  }, {
    "id" : "ed2cf5ee-0f22-4c0d-8f90-c27602dae19e",
    "vertices" : [ {
      "x" : 0.0,
      "y" : -8.472136,
      "z" : 8.472136
    }, {
      "x" : 0.0,
      "y" : -16.944271,
      "z" : 8.472136
    }, {
      "x" : -8.472136,
      "y" : -16.944271,
      "z" : 8.472136
    }, {
      "x" : -8.472136,
      "y" : -8.472136,
      "z" : 8.472136
    } ],
    "faces" : [ {
      "vertices" : [ 0, 1, 2 ]
    }, {
      "vertices" : [ 0, 2, 3 ]
    }, {
      "vertices" : [ 0, 3, 2 ]
    }, {
      "vertices" : [ 0, 2, 1 ]
    } ]
  }, {
    "id" : "3f7d5880-e1c3-4d35-8572-7956fe7b262c",
    "vertices" : [ {
      "x" : 8.472136,
      "y" : 8.472136,
      "z" : -16.944271
    }, {
      "x" : 16.944271,
      "y" : 8.472136,
      "z" : -16.944271
    }, {
      "x" : 16.944271,
      "y" : 0.0,
      "z" : -16.944271
    }, {
      "x" : 8.472136,
      "y" : 0.0,
      "z" : -16.944271
    } ],
    "faces" : [ {
      "vertices" : [ 0, 1, 2 ]
    }, {
      "vertices" : [ 0, 2, 3 ]
    }, {
      "vertices" : [ 0, 3, 2 ]
    }, {
      "vertices" : [ 0, 2, 1 ]
    } ]
  }, {
    "id" : "2e52c078-9372-4cfb-a0e1-2c383cf1b8ef",
    "vertices" : [ {
      "x" : 14.120227,
      "y" : 5.648091,
      "z" : -2.8240454
    }, {
      "x" : 19.768318,
      "y" : 2.8240454,
      "z" : 2.8240454
    }, {
      "x" : 19.768318,
      "y" : 11.296182,
      "z" : 2.8240454
    }, {
      "x" : 14.120227,
      "y" : 14.120227,
      "z" : -2.8240454
    } ],
    "faces" : [ {
      "vertices" : [ 0, 1, 2 ]
    }, {
      "vertices" : [ 0, 2, 3 ]
    }, {
      "vertices" : [ 0, 3, 2 ]
    }, {
      "vertices" : [ 0, 2, 1 ]
    } ]
  }, {
    "id" : "291d418d-5646-4a7b-a7b0-33b8d255373e",
    "vertices" : [ {
      "x" : -14.120227,
      "y" : -5.648091,
      "z" : 2.8240454
    }, {
      "x" : -8.472136,
      "y" : 0.0,
      "z" : 0.0
    }, {
      "x" : 0.0,
      "y" : 0.0,
      "z" : 0.0
    }, {
      "x" : -5.648091,
      "y" : -5.648091,
      "z" : 2.8240454
    } ],
    "faces" : [ {
      "vertices" : [ 0, 1, 2 ]
    }, {
      "vertices" : [ 0, 2, 3 ]
    }, {
      "vertices" : [ 0, 3, 2 ]
    }, {
      "vertices" : [ 0, 2, 1 ]
    } ]
  }, {
    "id" : "cb1f87d3-afbf-4496-9c52-71dbd42e2f6f",
    "vertices" : [ {
      "x" : 19.768318,
      "y" : 2.8240454,
      "z" : 2.8240454
    }, {
      "x" : 19.768318,
      "y" : 2.8240454,
      "z" : 11.296182
    }, {
      "x" : 19.768318,
      "y" : 11.296182,
      "z" : 11.296182
    }, {
      "x" : 19.768318,
      "y" : 11.296182,
      "z" : 2.8240454
    } ],
    "faces" : [ {
      "vertices" : [ 0, 1, 2 ]
    }, {
      "vertices" : [ 0, 2, 3 ]
    }, {
      "vertices" : [ 0, 3, 2 ]
    }, {
      "vertices" : [ 0, 2, 1 ]
    } ]
  }, {
    "id" : "d165aaf8-d45a-4ba2-b1a9-84cefdb63152",
    "vertices" : [ {
      "x" : 14.120227,
      "y" : -2.8240454,
      "z" : -2.8240454
    }, {
      "x" : 16.944271,
      "y" : -8.472136,
      "z" : -8.472136
    }, {
      "x" : 22.592363,
      "y" : -11.296182,
      "z" : -2.8240454
    }, {
      "x" : 19.768318,
      "y" : -5.648091,
      "z" : 2.8240454
    } ],
    "faces" : [ {
      "vertices" : [ 0, 1, 2 ]
    }, {
      "vertices" : [ 0, 2, 3 ]
    }, {
      "vertices" : [ 0, 3, 2 ]
    }, {
      "vertices" : [ 0, 2, 1 ]
    } ]
  }, {
    "id" : "a7a14617-bd58-4b6d-8234-49e650ed124e",
    "vertices" : [ {
      "x" : -8.472136,
      "y" : -16.944271,
      "z" : -16.944271
    }, {
      "x" : -2.8240454,
      "y" : -19.768318,
      "z" : -11.296182
    }, {
      "x" : 2.8240454,
      "y" : -14.120227,
      "z" : -14.120227
    }, {
      "x" : -2.8240454,
      "y" : -11.296182,
      "z" : -19.768318
    } ],
    "faces" : [ {
      "vertices" : [ 0, 1, 2 ]
    }, {
      "vertices" : [ 0, 2, 3 ]
    }, {
      "vertices" : [ 0, 3, 2 ]
    }, {
      "vertices" : [ 0, 2, 1 ]
    } ]
  }, {
    "id" : "da230e33-676d-4e4d-a043-9cc17d7dcc24",
    "vertices" : [ {
      "x" : 8.472136,
      "y" : 0.0,
      "z" : 0.0
    }, {
      "x" : 8.472136,
      "y" : -8.472136,
      "z" : 0.0
    }, {
      "x" : 14.120227,
      "y" : -2.8240454,
      "z" : -2.8240454
    }, {
      "x" : 14.120227,
      "y" : 5.648091,
      "z" : -2.8240454
    } ],
    "faces" : [ {
      "vertices" : [ 0, 1, 2 ]
    }, {
      "vertices" : [ 0, 2, 3 ]
    }, {
      "vertices" : [ 0, 3, 2 ]
    }, {
      "vertices" : [ 0, 2, 1 ]
    } ]
  }, {
    "id" : "7048ab97-66f1-4c8b-9879-bc76190a3914",
    "vertices" : [ {
      "x" : -14.120227,
      "y" : 2.8240454,
      "z" : 2.8240454
    }, {
      "x" : -19.768318,
      "y" : -2.8240454,
      "z" : 5.648091
    }, {
      "x" : -22.592363,
      "y" : 2.8240454,
      "z" : 11.296182
    }, {
      "x" : -16.944271,
      "y" : 8.472136,
      "z" : 8.472136
    } ],
    "faces" : [ {
      "vertices" : [ 0, 1, 2 ]
    }, {
      "vertices" : [ 0, 2, 3 ]
    }, {
      "vertices" : [ 0, 3, 2 ]
    }, {
      "vertices" : [ 0, 2, 1 ]
    } ]
  }, {
    "id" : "651c5834-1671-49f6-83f2-734e933780ac",
    "vertices" : [ {
      "x" : 22.592363,
      "y" : -11.296182,
      "z" : -2.8240454
    }, {
      "x" : 22.592363,
      "y" : -11.296182,
      "z" : 5.648091
    }, {
      "x" : 16.944271,
      "y" : -16.944271,
      "z" : 8.472136
    }, {
      "x" : 16.944271,
      "y" : -16.944271,
      "z" : 0.0
    } ],
    "faces" : [ {
      "vertices" : [ 0, 1, 2 ]
    }, {
      "vertices" : [ 0, 2, 3 ]
    }, {
      "vertices" : [ 0, 3, 2 ]
    }, {
      "vertices" : [ 0, 2, 1 ]
    } ]
  }, {
    "id" : "42fa81da-0fd5-4868-a275-40d4404637ee",
    "vertices" : [ {
      "x" : -8.472136,
      "y" : 0.0,
      "z" : 0.0
    }, {
      "x" : -14.120227,
      "y" : -5.648091,
      "z" : 2.8240454
    }, {
      "x" : -14.120227,
      "y" : -5.648091,
      "z" : 11.296182
    }, {
      "x" : -8.472136,
      "y" : 0.0,
      "z" : 8.472136
    } ],
    "faces" : [ {
      "vertices" : [ 0, 1, 2 ]
    }, {
      "vertices" : [ 0, 2, 3 ]
    }, {
      "vertices" : [ 0, 3, 2 ]
    }, {
      "vertices" : [ 0, 2, 1 ]
    } ]
  }, {
    "id" : "9b11b4c9-3da4-4eef-be16-c5ac5e754014",
    "vertices" : [ {
      "x" : -2.8240454,
      "y" : -19.768318,
      "z" : -2.8240454
    }, {
      "x" : -5.648091,
      "y" : -14.120227,
      "z" : 2.8240454
    }, {
      "x" : 0.0,
      "y" : -8.472136,
      "z" : 0.0
    }, {
      "x" : 2.8240454,
      "y" : -14.120227,
      "z" : -5.648091
    } ],
    "faces" : [ {
      "vertices" : [ 0, 1, 2 ]
    }, {
      "vertices" : [ 0, 2, 3 ]
    }, {
      "vertices" : [ 0, 3, 2 ]
    }, {
      "vertices" : [ 0, 2, 1 ]
    } ]
  }, {
    "id" : "3718f5ac-eebb-41cf-ae75-14a63b6b2f12",
    "vertices" : [ {
      "x" : -8.472136,
      "y" : 8.472136,
      "z" : 0.0
    }, {
      "x" : -16.944271,
      "y" : 8.472136,
      "z" : 0.0
    }, {
      "x" : -16.944271,
      "y" : 8.472136,
      "z" : 8.472136
    }, {
      "x" : -8.472136,
      "y" : 8.472136,
      "z" : 8.472136
    } ],
    "faces" : [ {
      "vertices" : [ 0, 1, 2 ]
    }, {
      "vertices" : [ 0, 2, 3 ]
    }, {
      "vertices" : [ 0, 3, 2 ]
    }, {
      "vertices" : [ 0, 2, 1 ]
    } ]
  }, {
    "id" : "7cb1bb8b-e489-44f7-ac8a-4d6b5fe05df9",
    "vertices" : [ {
      "x" : 0.0,
      "y" : 0.0,
      "z" : 0.0
    }, {
      "x" : 0.0,
      "y" : 8.472136,
      "z" : 0.0
    }, {
      "x" : -2.8240454,
      "y" : 14.120227,
      "z" : 5.648091
    }, {
      "x" : -2.8240454,
      "y" : 5.648091,
      "z" : 5.648091
    } ],
    "faces" : [ {
      "vertices" : [ 0, 1, 2 ]
    }, {
      "vertices" : [ 0, 2, 3 ]
    }, {
      "vertices" : [ 0, 3, 2 ]
    }, {
      "vertices" : [ 0, 2, 1 ]
    } ]
  }, {
    "id" : "1f4c18c3-4950-427b-aedd-f350c9d6c2ac",
    "vertices" : [ {
      "x" : 8.472136,
      "y" : -16.944271,
      "z" : 8.472136
    }, {
      "x" : 14.120227,
      "y" : -11.296182,
      "z" : 5.648091
    }, {
      "x" : 14.120227,
      "y" : -11.296182,
      "z" : 14.120227
    }, {
      "x" : 8.472136,
      "y" : -16.944271,
      "z" : 16.944271
    } ],
    "faces" : [ {
      "vertices" : [ 0, 1, 2 ]
    }, {
      "vertices" : [ 0, 2, 3 ]
    }, {
      "vertices" : [ 0, 3, 2 ]
    }, {
      "vertices" : [ 0, 2, 1 ]
    } ]
  }, {
    "id" : "deda5099-bfec-4a6c-a4cf-d38d370cc848",
    "vertices" : [ {
      "x" : 14.120227,
      "y" : 5.648091,
      "z" : -2.8240454
    }, {
      "x" : 19.768318,
      "y" : 2.8240454,
      "z" : 2.8240454
    }, {
      "x" : 19.768318,
      "y" : -5.648091,
      "z" : 2.8240454
    }, {
      "x" : 14.120227,
      "y" : -2.8240454,
      "z" : -2.8240454
    } ],
    "faces" : [ {
      "vertices" : [ 0, 1, 2 ]
    }, {
      "vertices" : [ 0, 2, 3 ]
    }, {
      "vertices" : [ 0, 3, 2 ]
    }, {
      "vertices" : [ 0, 2, 1 ]
    } ]
  }, {
    "id" : "1c996c58-4d36-4c53-821d-6e91668c45c2",
    "vertices" : [ {
      "x" : 8.472136,
      "y" : -8.472136,
      "z" : 8.472136
    }, {
      "x" : 8.472136,
      "y" : -16.944271,
      "z" : 8.472136
    }, {
      "x" : 8.472136,
      "y" : -16.944271,
      "z" : 16.944271
    }, {
      "x" : 8.472136,
      "y" : -8.472136,
      "z" : 16.944271
    } ],
    "faces" : [ {
      "vertices" : [ 0, 1, 2 ]
    }, {
      "vertices" : [ 0, 2, 3 ]
    }, {
      "vertices" : [ 0, 3, 2 ]
    }, {
      "vertices" : [ 0, 2, 1 ]
    } ]
  }, {
    "id" : "ca9d5b19-0916-429e-87ba-b08e888ee906",
    "vertices" : [ {
      "x" : 2.8240454,
      "y" : 19.768318,
      "z" : -5.648091
    }, {
      "x" : 11.296182,
      "y" : 19.768318,
      "z" : -5.648091
    }, {
      "x" : 14.120227,
      "y" : 14.120227,
      "z" : -11.296182
    }, {
      "x" : 5.648091,
      "y" : 14.120227,
      "z" : -11.296182
    } ],
    "faces" : [ {
      "vertices" : [ 0, 1, 2 ]
    }, {
      "vertices" : [ 0, 2, 3 ]
    }, {
      "vertices" : [ 0, 3, 2 ]
    }, {
      "vertices" : [ 0, 2, 1 ]
    } ]
  }, {
    "id" : "e4cccc0b-cddb-4b5f-b9a2-867924d57af7",
    "vertices" : [ {
      "x" : -22.592363,
      "y" : 2.8240454,
      "z" : 11.296182
    }, {
      "x" : -16.944271,
      "y" : 0.0,
      "z" : 16.944271
    }, {
      "x" : -16.944271,
      "y" : 8.472136,
      "z" : 16.944271
    }, {
      "x" : -22.592363,
      "y" : 11.296182,
      "z" : 11.296182
    } ],
    "faces" : [ {
      "vertices" : [ 0, 1, 2 ]
    }, {
      "vertices" : [ 0, 2, 3 ]
    }, {
      "vertices" : [ 0, 3, 2 ]
    }, {
      "vertices" : [ 0, 2, 1 ]
    } ]
  }, {
    "id" : "7fa46779-5adc-4cd4-8e77-8b201a45a7ea",
    "vertices" : [ {
      "x" : 19.768318,
      "y" : 2.8240454,
      "z" : 11.296182
    }, {
      "x" : 14.120227,
      "y" : -2.8240454,
      "z" : 14.120227
    }, {
      "x" : 14.120227,
      "y" : -11.296182,
      "z" : 14.120227
    }, {
      "x" : 19.768318,
      "y" : -5.648091,
      "z" : 11.296182
    } ],
    "faces" : [ {
      "vertices" : [ 0, 1, 2 ]
    }, {
      "vertices" : [ 0, 2, 3 ]
    }, {
      "vertices" : [ 0, 3, 2 ]
    }, {
      "vertices" : [ 0, 2, 1 ]
    } ]
  }, {
    "id" : "fe3a09ab-bf55-4d9c-948e-9308ee556ef5",
    "vertices" : [ {
      "x" : 8.472136,
      "y" : -16.944271,
      "z" : 8.472136
    }, {
      "x" : 11.296182,
      "y" : -22.592363,
      "z" : 2.8240454
    }, {
      "x" : 16.944271,
      "y" : -16.944271,
      "z" : 0.0
    }, {
      "x" : 14.120227,
      "y" : -11.296182,
      "z" : 5.648091
    } ],
    "faces" : [ {
      "vertices" : [ 0, 1, 2 ]
    }, {
      "vertices" : [ 0, 2, 3 ]
    }, {
      "vertices" : [ 0, 3, 2 ]
    }, {
      "vertices" : [ 0, 2, 1 ]
    } ]
  }, {
    "id" : "f96f6186-5c82-434f-bab6-b18a287790cc",
    "vertices" : [ {
      "x" : 2.8240454,
      "y" : -14.120227,
      "z" : -5.648091
    }, {
      "x" : 8.472136,
      "y" : -8.472136,
      "z" : -8.472136
    }, {
      "x" : 16.944271,
      "y" : -8.472136,
      "z" : -8.472136
    }, {
      "x" : 11.296182,
      "y" : -14.120227,
      "z" : -5.648091
    } ],
    "faces" : [ {
      "vertices" : [ 0, 1, 2 ]
    }, {
      "vertices" : [ 0, 2, 3 ]
    }, {
      "vertices" : [ 0, 3, 2 ]
    }, {
      "vertices" : [ 0, 2, 1 ]
    } ]
  }, {
    "id" : "aca91bbd-72f6-41c2-85d8-16f2e33b14fb",
    "vertices" : [ {
      "x" : -8.472136,
      "y" : -8.472136,
      "z" : 16.944271
    }, {
      "x" : -8.472136,
      "y" : -16.944271,
      "z" : 16.944271
    }, {
      "x" : 0.0,
      "y" : -16.944271,
      "z" : 16.944271
    }, {
      "x" : 0.0,
      "y" : -8.472136,
      "z" : 16.944271
    } ],
    "faces" : [ {
      "vertices" : [ 0, 1, 2 ]
    }, {
      "vertices" : [ 0, 2, 3 ]
    }, {
      "vertices" : [ 0, 3, 2 ]
    }, {
      "vertices" : [ 0, 2, 1 ]
    } ]
  }, {
    "id" : "b79fb773-8e63-4822-a5cc-ca927191d3e2",
    "vertices" : [ {
      "x" : -8.472136,
      "y" : 16.944271,
      "z" : 8.472136
    }, {
      "x" : -16.944271,
      "y" : 16.944271,
      "z" : 8.472136
    }, {
      "x" : -11.296182,
      "y" : 14.120227,
      "z" : 14.120227
    }, {
      "x" : -2.8240454,
      "y" : 14.120227,
      "z" : 14.120227
    } ],
    "faces" : [ {
      "vertices" : [ 0, 1, 2 ]
    }, {
      "vertices" : [ 0, 2, 3 ]
    }, {
      "vertices" : [ 0, 3, 2 ]
    }, {
      "vertices" : [ 0, 2, 1 ]
    } ]
  }, {
    "id" : "6ff2fc12-ce75-480c-a7ab-1cd6c56431f1",
    "vertices" : [ {
      "x" : 2.8240454,
      "y" : 11.296182,
      "z" : -22.592363
    }, {
      "x" : 0.0,
      "y" : 16.944271,
      "z" : -16.944271
    }, {
      "x" : 8.472136,
      "y" : 16.944271,
      "z" : -16.944271
    }, {
      "x" : 11.296182,
      "y" : 11.296182,
      "z" : -22.592363
    } ],
    "faces" : [ {
      "vertices" : [ 0, 1, 2 ]
    }, {
      "vertices" : [ 0, 2, 3 ]
    }, {
      "vertices" : [ 0, 3, 2 ]
    }, {
      "vertices" : [ 0, 2, 1 ]
    } ]
  }, {
    "id" : "94caed8c-efe5-499a-968d-a043877949c5",
    "vertices" : [ {
      "x" : -5.648091,
      "y" : -14.120227,
      "z" : 2.8240454
    }, {
      "x" : 2.8240454,
      "y" : -14.120227,
      "z" : 2.8240454
    }, {
      "x" : 8.472136,
      "y" : -16.944271,
      "z" : 8.472136
    }, {
      "x" : 0.0,
      "y" : -16.944271,
      "z" : 8.472136
    } ],
    "faces" : [ {
      "vertices" : [ 0, 1, 2 ]
    }, {
      "vertices" : [ 0, 2, 3 ]
    }, {
      "vertices" : [ 0, 3, 2 ]
    }, {
      "vertices" : [ 0, 2, 1 ]
    } ]
  }, {
    "id" : "738e7ad5-8550-4dd6-a519-43a319c2893c",
    "vertices" : [ {
      "x" : 0.0,
      "y" : 0.0,
      "z" : 0.0
    }, {
      "x" : 5.648091,
      "y" : -2.8240454,
      "z" : 5.648091
    }, {
      "x" : 14.120227,
      "y" : -2.8240454,
      "z" : 5.648091
    }, {
      "x" : 8.472136,
      "y" : 0.0,
      "z" : 0.0
    } ],
    "faces" : [ {
      "vertices" : [ 0, 1, 2 ]
    }, {
      "vertices" : [ 0, 2, 3 ]
    }, {
      "vertices" : [ 0, 3, 2 ]
    }, {
      "vertices" : [ 0, 2, 1 ]
    } ]
  }, {
    "id" : "013d74d4-9eac-4402-b846-50325c771c01",
    "vertices" : [ {
      "x" : 19.768318,
      "y" : 11.296182,
      "z" : 2.8240454
    }, {
      "x" : 19.768318,
      "y" : 11.296182,
      "z" : 11.296182
    }, {
      "x" : 16.944271,
      "y" : 16.944271,
      "z" : 16.944271
    }, {
      "x" : 16.944271,
      "y" : 16.944271,
      "z" : 8.472136
    } ],
    "faces" : [ {
      "vertices" : [ 0, 1, 2 ]
    }, {
      "vertices" : [ 0, 2, 3 ]
    }, {
      "vertices" : [ 0, 3, 2 ]
    }, {
      "vertices" : [ 0, 2, 1 ]
    } ]
  }, {
    "id" : "cefded94-ab91-411a-be74-b2d336166365",
    "vertices" : [ {
      "x" : 5.648091,
      "y" : 5.648091,
      "z" : -2.8240454
    }, {
      "x" : 14.120227,
      "y" : 5.648091,
      "z" : -2.8240454
    }, {
      "x" : 16.944271,
      "y" : 0.0,
      "z" : -8.472136
    }, {
      "x" : 8.472136,
      "y" : 0.0,
      "z" : -8.472136
    } ],
    "faces" : [ {
      "vertices" : [ 0, 1, 2 ]
    }, {
      "vertices" : [ 0, 2, 3 ]
    }, {
      "vertices" : [ 0, 3, 2 ]
    }, {
      "vertices" : [ 0, 2, 1 ]
    } ]
  }, {
    "id" : "fcfd7afa-8059-4147-9c43-545317df17f9",
    "vertices" : [ {
      "x" : 16.944271,
      "y" : 8.472136,
      "z" : -16.944271
    }, {
      "x" : 11.296182,
      "y" : 11.296182,
      "z" : -22.592363
    }, {
      "x" : 8.472136,
      "y" : 16.944271,
      "z" : -16.944271
    }, {
      "x" : 14.120227,
      "y" : 14.120227,
      "z" : -11.296182
    } ],
    "faces" : [ {
      "vertices" : [ 0, 1, 2 ]
    }, {
      "vertices" : [ 0, 2, 3 ]
    }, {
      "vertices" : [ 0, 3, 2 ]
    }, {
      "vertices" : [ 0, 2, 1 ]
    } ]
  }, {
    "id" : "60a5bfa2-e708-4d44-8bc4-d6b28df0bfdb",
    "vertices" : [ {
      "x" : -8.472136,
      "y" : 8.472136,
      "z" : 0.0
    }, {
      "x" : -8.472136,
      "y" : 8.472136,
      "z" : 8.472136
    }, {
      "x" : -8.472136,
      "y" : 16.944271,
      "z" : 8.472136
    }, {
      "x" : -8.472136,
      "y" : 16.944271,
      "z" : 0.0
    } ],
    "faces" : [ {
      "vertices" : [ 0, 1, 2 ]
    }, {
      "vertices" : [ 0, 2, 3 ]
    }, {
      "vertices" : [ 0, 3, 2 ]
    }, {
      "vertices" : [ 0, 2, 1 ]
    } ]
  }, {
    "id" : "dece0bcf-7da4-4b93-a20d-220856fa46e8",
    "vertices" : [ {
      "x" : 8.472136,
      "y" : -8.472136,
      "z" : -16.944271
    }, {
      "x" : 8.472136,
      "y" : 0.0,
      "z" : -16.944271
    }, {
      "x" : 16.944271,
      "y" : 0.0,
      "z" : -16.944271
    }, {
      "x" : 16.944271,
      "y" : -8.472136,
      "z" : -16.944271
    } ],
    "faces" : [ {
      "vertices" : [ 0, 1, 2 ]
    }, {
      "vertices" : [ 0, 2, 3 ]
    }, {
      "vertices" : [ 0, 3, 2 ]
    }, {
      "vertices" : [ 0, 2, 1 ]
    } ]
  }, {
    "id" : "0a9d3843-429c-4c43-b415-6d5f4bfe0533",
    "vertices" : [ {
      "x" : -2.8240454,
      "y" : 5.648091,
      "z" : 5.648091
    }, {
      "x" : -2.8240454,
      "y" : 14.120227,
      "z" : 5.648091
    }, {
      "x" : -2.8240454,
      "y" : 14.120227,
      "z" : 14.120227
    }, {
      "x" : -2.8240454,
      "y" : 5.648091,
      "z" : 14.120227
    } ],
    "faces" : [ {
      "vertices" : [ 0, 1, 2 ]
    }, {
      "vertices" : [ 0, 2, 3 ]
    }, {
      "vertices" : [ 0, 3, 2 ]
    }, {
      "vertices" : [ 0, 2, 1 ]
    } ]
  }, {
    "id" : "896d8fbb-8e51-4e6c-8e65-fd28fae6d412",
    "vertices" : [ {
      "x" : 5.648091,
      "y" : 14.120227,
      "z" : -2.8240454
    }, {
      "x" : 5.648091,
      "y" : 14.120227,
      "z" : -11.296182
    }, {
      "x" : 2.8240454,
      "y" : 19.768318,
      "z" : -5.648091
    }, {
      "x" : 2.8240454,
      "y" : 19.768318,
      "z" : 2.8240454
    } ],
    "faces" : [ {
      "vertices" : [ 0, 1, 2 ]
    }, {
      "vertices" : [ 0, 2, 3 ]
    }, {
      "vertices" : [ 0, 3, 2 ]
    }, {
