{
  "field" : "golden",
  "symmetry" : "icosahedral",
  "orientations" : [ [ 1.0, 0.0, 0.0, 0.0, 0.0, 1.0, 0.0, 0.0, 0.0, 0.0, 1.0, 0.0, 0.0, 0.0, 0.0, 1.0 ], [ 0.0, 0.0, 1.0, 0.0, 1.0, 0.0, 0.0, 0.0, 0.0, 1.0, 0.0, 0.0, 0.0, 0.0, 0.0, 1.0 ], [ 0.0, 1.0, 0.0, 0.0, 0.0, 0.0, 1.0, 0.0, 1.0, 0.0, 0.0, 0.0, 0.0, 0.0, 0.0, 1.0 ], [ 0.809017, 0.309017, 0.5, 0.0, 0.309017, 0.5, -0.809017, 0.0, -0.5, 0.809017, 0.309017, 0.0, 0.0, 0.0, 0.0, 1.0 ], [ -0.5, 0.809017, 0.309017, 0.0, 0.809017, 0.309017, 0.5, 0.0, 0.309017, 0.5, -0.809017, 0.0, 0.0, 0.0, 0.0, 1.0 ], [ 0.309017, 0.5, -0.809017, 0.0, -0.5, 0.809017, 0.309017, 0.0, 0.809017, 0.309017, 0.5, 0.0, 0.0, 0.0, 0.0, 1.0 ], [ 0.5, 0.809017, 0.309017, 0.0, 0.809017, -0.309017, -0.5, 0.0, -0.309017, 0.5, -0.809017, 0.0, 0.0, 0.0, 0.0, 1.0 ], [ -0.309017, 0.5, -0.809017, 0.0, 0.5, 0.809017, 0.309017, 0.0, 0.809017, -0.309017, -0.5, 0.0, 0.0, 0.0, 0.0, 1.0 ], [ 0.809017, -0.309017, -0.5, 0.0, -0.309017, 0.5, -0.809017, 0.0, 0.5, 0.809017, 0.309017, 0.0, 0.0, 0.0, 0.0, 1.0 ], [ 0.5, 0.809017, -0.309017, 0.0, 0.809017, -0.309017, 0.5, 0.0, 0.309017, -0.5, -0.809017, 0.0, 0.0, 0.0, 0.0, 1.0 ], [ 0.309017, -0.5, -0.809017, 0.0, 0.5, 0.809017, -0.309017, 0.0, 0.809017, -0.309017, 0.5, 0.0, 0.0, 0.0, 0.0, 1.0 ], [ 0.809017, -0.309017, 0.5, 0.0, 0.309017, -0.5, -0.809017, 0.0, 0.5, 0.809017, -0.309017, 0.0, 0.0, 0.0, 0.0, 1.0 ], [ 0.809017, 0.309017, -0.5, 0.0, 0.309017, 0.5, 0.809017, 0.0, 0.5, -0.809017, 0.309017, 0.0, 0.0, 0.0, 0.0, 1.0 ], [ 0.5, -0.809017, 0.309017, 0.0, 0.809017, 0.309017, -0.5, 0.0, 0.309017, 0.5, 0.809017, 0.0, 0.0, 0.0, 0.0, 1.0 ], [ 0.309017, 0.5, 0.809017, 0.0, 0.5, -0.809017, 0.309017, 0.0, 0.809017, 0.309017, -0.5, 0.0, 0.0, 0.0, 0.0, 1.0 ], [ 1.0, 0.0, 0.0, 0.0, 0.0, -1.0, 0.0, 0.0, 0.0, 0.0, -1.0, 0.0, 0.0, 0.0, 0.0, 1.0 ], [ 0.0, 0.0, 1.0, 0.0, -1.0, 0.0, 0.0, 0.0, 0.0, -1.0, 0.0, 0.0, 0.0, 0.0, 0.0, 1.0 ], [ 0.0, 1.0, 0.0, 0.0, 0.0, 0.0, -1.0, 0.0, -1.0, 0.0, 0.0, 0.0, 0.0, 0.0, 0.0, 1.0 ], [ 0.809017, 0.309017, 0.5, 0.0, -0.309017, -0.5, 0.809017, 0.0, 0.5, -0.809017, -0.309017, 0.0, 0.0, 0.0, 0.0, 1.0 ], [ -0.5, 0.809017, 0.309017, 0.0, -0.809017, -0.309017, -0.5, 0.0, -0.309017, -0.5, 0.809017, 0.0, 0.0, 0.0, 0.0, 1.0 ], [ 0.309017, 0.5, -0.809017, 0.0, 0.5, -0.809017, -0.309017, 0.0, -0.809017, -0.309017, -0.5, 0.0, 0.0, 0.0, 0.0, 1.0 ], [ 0.5, 0.809017, 0.309017, 0.0, -0.809017, 0.309017, 0.5, 0.0, 0.309017, -0.5, 0.809017, 0.0, 0.0, 0.0, 0.0, 1.0 ], [ -0.309017, 0.5, -0.809017, 0.0, -0.5, -0.809017, -0.309017, 0.0, -0.809017, 0.309017, 0.5, 0.0, 0.0, 0.0, 0.0, 1.0 ], [ 0.809017, -0.309017, -0.5, 0.0, 0.309017, -0.5, 0.809017, 0.0, -0.5, -0.809017, -0.309017, 0.0, 0.0, 0.0, 0.0, 1.0 ], [ 0.5, 0.809017, -0.309017, 0.0, -0.809017, 0.309017, -0.5, 0.0, -0.309017, 0.5, 0.809017, 0.0, 0.0, 0.0, 0.0, 1.0 ], [ 0.309017, -0.5, -0.809017, 0.0, -0.5, -0.809017, 0.309017, 0.0, -0.809017, 0.309017, -0.5, 0.0, 0.0, 0.0, 0.0, 1.0 ], [ 0.809017, -0.309017, 0.5, 0.0, -0.309017, 0.5, 0.809017, 0.0, -0.5, -0.809017, 0.309017, 0.0, 0.0, 0.0, 0.0, 1.0 ], [ 0.809017, 0.309017, -0.5, 0.0, -0.309017, -0.5, -0.809017, 0.0, -0.5, 0.809017, -0.309017, 0.0, 0.0, 0.0, 0.0, 1.0 ], [ 0.5, -0.809017, 0.309017, 0.0, -0.809017, -0.309017, 0.5, 0.0, -0.309017, -0.5, -0.809017, 0.0, 0.0, 0.0, 0.0, 1.0 ], [ 0.309017, 0.5, 0.809017, 0.0, -0.5, 0.809017, -0.309017, 0.0, -0.809017, -0.309017, 0.5, 0.0, 0.0, 0.0, 0.0, 1.0 ], [ -1.0, 0.0, 0.0, 0.0, 0.0, -1.0, 0.0, 0.0, 0.0, 0.0, 1.0, 0.0, 0.0, 0.0, 0.0, 1.0 ], [ 0.0, 0.0, -1.0, 0.0, -1.0, 0.0, 0.0, 0.0, 0.0, 1.0, 0.0, 0.0, 0.0, 0.0, 0.0, 1.0 ], [ 0.0, -1.0, 0.0, 0.0, 0.0, 0.0, -1.0, 0.0, 1.0, 0.0, 0.0, 0.0, 0.0, 0.0, 0.0, 1.0 ], [ -0.809017, -0.309017, -0.5, 0.0, -0.309017, -0.5, 0.809017, 0.0, -0.5, 0.809017, 0.309017, 0.0, 0.0, 0.0, 0.0, 1.0 ], [ 0.5, -0.809017, -0.309017, 0.0, -0.809017, -0.309017, -0.5, 0.0, 0.309017, 0.5, -0.809017, 0.0, 0.0, 0.0, 0.0, 1.0 ], [ -0.309017, -0.5, 0.809017, 0.0, 0.5, -0.809017, -0.309017, 0.0, 0.809017, 0.309017, 0.5, 0.0, 0.0, 0.0, 0.0, 1.0 ], [ -0.5, -0.809017, -0.309017, 0.0, -0.809017, 0.309017, 0.5, 0.0, -0.309017, 0.5, -0.809017, 0.0, 0.0, 0.0, 0.0, 1.0 ], [ 0.309017, -0.5, 0.809017, 0.0, -0.5, -0.809017, -0.309017, 0.0, 0.809017, -0.309017, -0.5, 0.0, 0.0, 0.0, 0.0, 1.0 ], [ -0.809017, 0.309017, 0.5, 0.0, 0.309017, -0.5, 0.809017, 0.0, 0.5, 0.809017, 0.309017, 0.0, 0.0, 0.0, 0.0, 1.0 ], [ -0.5, -0.809017, 0.309017, 0.0, -0.809017, 0.309017, -0.5, 0.0, 0.309017, -0.5, -0.809017, 0.0, 0.0, 0.0, 0.0, 1.0 ], [ -0.309017, 0.5, 0.809017, 0.0, -0.5, -0.809017, 0.309017, 0.0, 0.809017, -0.309017, 0.5, 0.0, 0.0, 0.0, 0.0, 1.0 ], [ -0.809017, 0.309017, -0.5, 0.0, -0.309017, 0.5, 0.809017, 0.0, 0.5, 0.809017, -0.309017, 0.0, 0.0, 0.0, 0.0, 1.0 ], [ -0.809017, -0.309017, 0.5, 0.0, -0.309017, -0.5, -0.809017, 0.0, 0.5, -0.809017, 0.309017, 0.0, 0.0, 0.0, 0.0, 1.0 ], [ -0.5, 0.809017, -0.309017, 0.0, -0.809017, -0.309017, 0.5, 0.0, 0.309017, 0.5, 0.809017, 0.0, 0.0, 0.0, 0.0, 1.0 ], [ -0.309017, -0.5, -0.809017, 0.0, -0.5, 0.809017, -0.309017, 0.0, 0.809017, 0.309017, -0.5, 0.0, 0.0, 0.0, 0.0, 1.0 ], [ -1.0, 0.0, 0.0, 0.0, 0.0, 1.0, 0.0, 0.0, 0.0, 0.0, -1.0, 0.0, 0.0, 0.0, 0.0, 1.0 ], [ 0.0, 0.0, -1.0, 0.0, 1.0, 0.0, 0.0, 0.0, 0.0, -1.0, 0.0, 0.0, 0.0, 0.0, 0.0, 1.0 ], [ 0.0, -1.0, 0.0, 0.0, 0.0, 0.0, 1.0, 0.0, -1.0, 0.0, 0.0, 0.0, 0.0, 0.0, 0.0, 1.0 ], [ -0.809017, -0.309017, -0.5, 0.0, 0.309017, 0.5, -0.809017, 0.0, 0.5, -0.809017, -0.309017, 0.0, 0.0, 0.0, 0.0, 1.0 ], [ 0.5, -0.809017, -0.309017, 0.0, 0.809017, 0.309017, 0.5, 0.0, -0.309017, -0.5, 0.809017, 0.0, 0.0, 0.0, 0.0, 1.0 ], [ -0.309017, -0.5, 0.809017, 0.0, -0.5, 0.809017, 0.309017, 0.0, -0.809017, -0.309017, -0.5, 0.0, 0.0, 0.0, 0.0, 1.0 ], [ -0.5, -0.809017, -0.309017, 0.0, 0.809017, -0.309017, -0.5, 0.0, 0.309017, -0.5, 0.809017, 0.0, 0.0, 0.0, 0.0, 1.0 ], [ 0.309017, -0.5, 0.809017, 0.0, 0.5, 0.809017, 0.309017, 0.0, -0.809017, 0.309017, 0.5, 0.0, 0.0, 0.0, 0.0, 1.0 ], [ -0.809017, 0.309017, 0.5, 0.0, -0.309017, 0.5, -0.809017, 0.0, -0.5, -0.809017, -0.309017, 0.0, 0.0, 0.0, 0.0, 1.0 ], [ -0.5, -0.809017, 0.309017, 0.0, 0.809017, -0.309017, 0.5, 0.0, -0.309017, 0.5, 0.809017, 0.0, 0.0, 0.0, 0.0, 1.0 ], [ -0.309017, 0.5, 0.809017, 0.0, 0.5, 0.809017, -0.309017, 0.0, -0.809017, 0.309017, -0.5, 0.0, 0.0, 0.0, 0.0, 1.0 ], [ -0.809017, 0.309017, -0.5, 0.0, 0.309017, -0.5, -0.809017, 0.0, -0.5, -0.809017, 0.309017, 0.0, 0.0, 0.0, 0.0, 1.0 ], [ -0.809017, -0.309017, 0.5, 0.0, 0.309017, 0.5, 0.809017, 0.0, -0.5, 0.809017, -0.309017, 0.0, 0.0, 0.0, 0.0, 1.0 ], [ -0.5, 0.809017, -0.309017, 0.0, 0.809017, 0.309017, -0.5, 0.0, -0.309017, -0.5, -0.809017, 0.0, 0.0, 0.0, 0.0, 1.0 ], [ -0.309017, -0.5, -0.809017, 0.0, 0.5, -0.809017, 0.309017, 0.0, -0.809017, -0.309017, 0.5, 0.0, 0.0, 0.0, 0.0, 1.0 ] ],
  "lights" : {
    "backgroundColor" : "#AFC8DC",
    "ambientColor" : "#292929",
    "directionalLights" : [ {
      "direction" : {
        "x" : 1.0,
        "y" : -1.0,
        "z" : -1.0
      },
      "color" : "#EBEBE4"
    }, {
      "direction" : {
        "x" : -1.0,
        "y" : 0.0,
        "z" : 0.0
      },
      "color" : "#E4E4EB"
    }, {
      "direction" : {
        "x" : 0.0,
        "y" : 0.0,
        "z" : -1.0
      },
      "color" : "#1E1E1E"
    } ]
  },
  "camera" : {
    "width" : 162.45027,
    "stereo" : false,
    "viewDistance" : 361.00055,
    "nearClipDistance" : 0.9025014,
    "farClipDistance" : 722.001,
    "fieldOfView" : 0.44262895,
    "perspective" : false,
    "lookAtPoint" : {
      "x" : 0.0,
      "y" : 0.0,
      "z" : 0.0
    },
    "lookDirection" : {
      "x" : 0.0,
      "y" : 0.0,
      "z" : -1.0
    },
    "upDirection" : {
      "x" : 0.0,
      "y" : 1.0,
      "z" : 0.0
    },
    "position" : {
      "x" : 0.0,
      "y" : 0.0,
      "z" : 361.00055
    }
  },
  "embedding" : [ 1.0, 0.0, 0.0, 0.0, 0.0, 1.0, 0.0, 0.0, 0.0, 0.0, 1.0, 0.0, 0.0, 0.0, 0.0, 1.0 ],
  "shapes" : [ {
    "id" : "32efefa5-646b-46f0-aaf0-374016c27333",
    "vertices" : [ {
      "x" : 0.309017,
      "y" : -0.309017,
      "z" : -0.309017
    }, {
      "x" : 0.5,
      "y" : 0.0,
      "z" : -0.19098301
    }, {
      "x" : 0.5,
      "y" : 0.0,
      "z" : 0.19098301
    }, {
      "x" : 0.309017,
      "y" : -0.309017,
      "z" : 0.309017
    }, {
      "x" : 0.19098301,
      "y" : -0.5,
      "z" : 0.0
    }, {
      "x" : 0.0,
      "y" : 0.19098301,
      "z" : 0.5
    }, {
      "x" : 0.0,
      "y" : -0.19098301,
      "z" : 0.5
    }, {
      "x" : 0.309017,
      "y" : 0.309017,
      "z" : 0.309017
    }, {
      "x" : -0.309017,
      "y" : -0.309017,
      "z" : 0.309017
    }, {
      "x" : -0.309017,
      "y" : 0.309017,
      "z" : 0.309017
    }, {
      "x" : -0.5,
      "y" : 0.0,
      "z" : 0.19098301
    }, {
      "x" : 0.0,
      "y" : -0.19098301,
      "z" : -0.5
    }, {
      "x" : 0.0,
      "y" : 0.19098301,
      "z" : -0.5
    }, {
      "x" : 0.309017,
      "y" : 0.309017,
      "z" : -0.309017
    }, {
      "x" : -0.309017,
      "y" : -0.309017,
      "z" : -0.309017
    }, {
      "x" : -0.19098301,
      "y" : -0.5,
      "z" : 0.0
    }, {
      "x" : -0.5,
      "y" : 0.0,
      "z" : -0.19098301
    }, {
      "x" : 0.19098301,
      "y" : 0.5,
      "z" : 0.0
    }, {
      "x" : -0.309017,
      "y" : 0.309017,
      "z" : -0.309017
    }, {
      "x" : 0.0,
      "y" : 0.0,
      "z" : 0.0
    }, {
      "x" : -0.19098301,
      "y" : 0.5,
      "z" : 0.0
    } ],
    "faces" : [ {
      "vertices" : [ 12, 18, 20 ]
    }, {
      "vertices" : [ 12, 20, 17 ]
    }, {
      "vertices" : [ 12, 17, 13 ]
    }, {
      "vertices" : [ 3, 6, 8 ]
    }, {
      "vertices" : [ 3, 8, 15 ]
    }, {
      "vertices" : [ 3, 15, 4 ]
    }, {
      "vertices" : [ 0, 11, 12 ]
    }, {
      "vertices" : [ 0, 12, 13 ]
    }, {
      "vertices" : [ 0, 13, 1 ]
    }, {
      "vertices" : [ 5, 9, 10 ]
    }, {
      "vertices" : [ 5, 10, 8 ]
    }, {
      "vertices" : [ 5, 8, 6 ]
    }, {
      "vertices" : [ 2, 7, 5 ]
    }, {
      "vertices" : [ 2, 5, 6 ]
    }, {
      "vertices" : [ 2, 6, 3 ]
    }, {
      "vertices" : [ 11, 14, 16 ]
    }, {
      "vertices" : [ 11, 16, 18 ]
    }, {
      "vertices" : [ 11, 18, 12 ]
    }, {
      "vertices" : [ 1, 13, 17 ]
    }, {
      "vertices" : [ 1, 17, 7 ]
    }, {
      "vertices" : [ 1, 7, 2 ]
    }, {
      "vertices" : [ 9, 20, 18 ]
    }, {
      "vertices" : [ 9, 18, 16 ]
    }, {
      "vertices" : [ 9, 16, 10 ]
    }, {
      "vertices" : [ 0, 1, 2 ]
    }, {
      "vertices" : [ 0, 2, 3 ]
    }, {
      "vertices" : [ 0, 3, 4 ]
    }, {
      "vertices" : [ 5, 7, 17 ]
    }, {
      "vertices" : [ 5, 17, 20 ]
    }, {
      "vertices" : [ 5, 20, 9 ]
    }, {
      "vertices" : [ 0, 4, 15 ]
    }, {
      "vertices" : [ 0, 15, 14 ]
    }, {
      "vertices" : [ 0, 14, 11 ]
    }, {
      "vertices" : [ 8, 10, 16 ]
    }, {
      "vertices" : [ 8, 16, 14 ]
    }, {
      "vertices" : [ 8, 14, 15 ]
    } ]
  }, {
    "id" : "fd561612-c50d-4aca-9cce-a89d5507029e",
    "vertices" : [ {
      "x" : 1.0,
      "y" : 0.309017,
      "z" : 0.19098301
    }, {
      "x" : 1.0,
      "y" : -0.309017,
      "z" : 0.19098301
    }, {
      "x" : 7.472136,
      "y" : -0.309017,
      "z" : 0.19098301
    }, {
      "x" : 7.472136,
      "y" : 0.309017,
      "z" : 0.19098301
    }, {
      "x" : 7.472136,
      "y" : -0.309017,
      "z" : -0.19098301
    }, {
      "x" : 7.472136,
      "y" : 0.309017,
      "z" : -0.19098301
    }, {
      "x" : 8.09017,
      "y" : 0.0,
      "z" : 0.0
    }, {
      "x" : 0.38196602,
      "y" : 0.0,
      "z" : 0.0
    }, {
      "x" : 1.0,
      "y" : 0.309017,
      "z" : -0.19098301
    }, {
      "x" : 1.0,
      "y" : -0.309017,
      "z" : -0.19098301
    }, {
      "x" : 8.472136,
      "y" : 0.0,
      "z" : 0.0
    } ],
    "faces" : [ {
      "vertices" : [ 1, 9, 4 ]
    }, {
      "vertices" : [ 1, 4, 2 ]
    }, {
      "vertices" : [ 0, 3, 5 ]
    }, {
      "vertices" : [ 0, 5, 8 ]
    }, {
      "vertices" : [ 1, 7, 9 ]
    }, {
      "vertices" : [ 0, 1, 2 ]
    }, {
      "vertices" : [ 0, 2, 3 ]
    }, {
      "vertices" : [ 7, 8, 9 ]
    }, {
      "vertices" : [ 0, 7, 1 ]
    }, {
      "vertices" : [ 4, 9, 8 ]
    }, {
      "vertices" : [ 4, 8, 5 ]
    }, {
      "vertices" : [ 2, 6, 3 ]
    }, {
      "vertices" : [ 2, 4, 6 ]
    }, {
      "vertices" : [ 3, 6, 5 ]
    }, {
      "vertices" : [ 4, 5, 6 ]
    }, {
      "vertices" : [ 0, 8, 7 ]
    } ]
  }, {
    "id" : "065945da-997c-48d8-b936-aba6807d19e9",
    "vertices" : [ {
      "x" : 4.57365,
      "y" : -19.964565,
      "z" : -0.26666668
    }, {
      "x" : 4.47365,
      "y" : -19.864565,
      "z" : 0.13333334
    }, {
      "x" : 0.26542366,
      "y" : -0.53407913,
      "z" : 0.26666668
    }, {
      "x" : 0.36542365,
      "y" : -0.63407916,
      "z" : -0.13333334
    }, {
      "x" : 4.77365,
      "y" : -19.631233,
      "z" : 0.26666668
    }, {
      "x" : 4.87365,
      "y" : -19.731232,
      "z" : -0.13333334
    }, {
      "x" : 0.065423645,
      "y" : -0.8674125,
      "z" : -0.26666668
    }, {
      "x" : -0.034576353,
      "y" : -0.7674125,
      "z" : 0.13333334
    } ],
    "faces" : [ {
      "vertices" : [ 2, 3, 6 ]
    }, {
      "vertices" : [ 2, 6, 7 ]
    }, {
      "vertices" : [ 0, 5, 4 ]
    }, {
      "vertices" : [ 0, 4, 1 ]
    }, {
      "vertices" : [ 2, 4, 5 ]
    }, {
      "vertices" : [ 2, 5, 3 ]
    }, {
      "vertices" : [ 0, 6, 3 ]
    }, {
      "vertices" : [ 0, 3, 5 ]
    }, {
      "vertices" : [ 0, 1, 7 ]
    }, {
      "vertices" : [ 0, 7, 6 ]
    }, {
      "vertices" : [ 1, 4, 2 ]
    }, {
      "vertices" : [ 1, 2, 7 ]
    } ]
  }, {
    "id" : "00372301-2a13-44e3-a281-69b34f8b9d87",
    "vertices" : [ {
      "x" : 33.167503,
      "y" : -20.498646,
      "z" : 0.0
    }, {
      "x" : 19.003288,
      "y" : -30.747967,
      "z" : 11.7446785
    }, {
      "x" : 21.546509,
      "y" : -21.546509,
      "z" : 21.546509
    }, {
      "x" : 30.747967,
      "y" : -11.7446785,
      "z" : 19.003288
    } ],
    "faces" : [ {
      "vertices" : [ 0, 1, 2 ]
    }, {
      "vertices" : [ 0, 2, 3 ]
    }, {
      "vertices" : [ 0, 3, 2 ]
    }, {
      "vertices" : [ 0, 2, 1 ]
    } ]
  }, {
    "id" : "dd8df42a-226c-4cf0-92b6-3b569b3ffd1d",
    "vertices" : [ {
      "x" : 4.0524297,
      "y" : -11.252167,
      "z" : 5.216058
    }, {
      "x" : 3.6524296,
      "y" : -11.352167,
      "z" : 5.3160577
    }, {
      "x" : 0.062587515,
      "y" : -0.49251142,
      "z" : 0.47075596
    }, {
      "x" : 0.4625875,
      "y" : -0.39251143,
      "z" : 0.37075597
    }, {
      "x" : 3.785763,
      "y" : -11.118834,
      "z" : 5.616058
    }, {
      "x" : 4.185763,
      "y" : -11.018834,
      "z" : 5.516058
    }, {
      "x" : 0.32925418,
      "y" : -0.6258448,
      "z" : 0.07075596
    }, {
      "x" : -0.07074582,
      "y" : -0.72584474,
      "z" : 0.17075595
    } ],
    "faces" : [ {
      "vertices" : [ 2, 3, 6 ]
    }, {
      "vertices" : [ 2, 6, 7 ]
    }, {
      "vertices" : [ 0, 5, 4 ]
    }, {
      "vertices" : [ 0, 4, 1 ]
    }, {
      "vertices" : [ 2, 4, 5 ]
    }, {
      "vertices" : [ 2, 5, 3 ]
    }, {
      "vertices" : [ 0, 6, 3 ]
    }, {
      "vertices" : [ 0, 3, 5 ]
    }, {
      "vertices" : [ 0, 1, 7 ]
    }, {
      "vertices" : [ 0, 7, 6 ]
    }, {
      "vertices" : [ 1, 4, 2 ]
    }, {
      "vertices" : [ 1, 2, 7 ]
    } ]
  }, {
    "id" : "61e72221-87fd-4230-b5eb-7a14774fa2a9",
    "vertices" : [ {
      "x" : 1.0,
      "y" : 0.309017,
      "z" : 0.19098301
    }, {
      "x" : 1.0,
      "y" : -0.309017,
      "z" : 0.19098301
    }, {
      "x" : 37.006577,
      "y" : -0.309017,
      "z" : 0.19098301
    }, {
      "x" : 37.006577,
      "y" : 0.309017,
      "z" : 0.19098301
    }, {
      "x" : 37.006577,
      "y" : -0.309017,
      "z" : -0.19098301
    }, {
      "x" : 37.006577,
      "y" : 0.309017,
      "z" : -0.19098301
    }, {
      "x" : 37.62461,
      "y" : 0.0,
      "z" : 0.0
    }, {
      "x" : 0.38196602,
      "y" : 0.0,
      "z" : 0.0
    }, {
      "x" : 1.0,
      "y" : 0.309017,
      "z" : -0.19098301
    }, {
      "x" : 1.0,
      "y" : -0.309017,
      "z" : -0.19098301
    }, {
      "x" : 38.006577,
      "y" : 0.0,
      "z" : 0.0
    } ],
    "faces" : [ {
      "vertices" : [ 1, 9, 4 ]
    }, {
      "vertices" : [ 1, 4, 2 ]
    }, {
      "vertices" : [ 0, 3, 5 ]
    }, {
      "vertices" : [ 0, 5, 8 ]
    }, {
      "vertices" : [ 1, 7, 9 ]
    }, {
      "vertices" : [ 0, 1, 2 ]
    }, {
      "vertices" : [ 0, 2, 3 ]
    }, {
      "vertices" : [ 7, 8, 9 ]
    }, {
      "vertices" : [ 0, 7, 1 ]
    }, {
      "vertices" : [ 4, 9, 8 ]
    }, {
      "vertices" : [ 4, 8, 5 ]
    }, {
      "vertices" : [ 2, 6, 3 ]
    }, {
      "vertices" : [ 2, 4, 6 ]
    }, {
      "vertices" : [ 3, 6, 5 ]
    }, {
      "vertices" : [ 4, 5, 6 ]
    }, {
      "vertices" : [ 0, 8, 7 ]
    } ]
  }, {
    "id" : "c57d2d70-e090-42e8-a3ab-a59172934041",
    "vertices" : [ {
      "x" : 0.0,
      "y" : 33.167503,
      "z" : 20.498646
    }, {
      "x" : -19.003288,
      "y" : 30.747967,
      "z" : 11.7446785
    }, {
      "x" : -13.316475,
      "y" : 34.862984,
      "z" : 0.0
    }, {
      "x" : 0.0,
      "y" : 38.006577,
      "z" : 0.0
    } ],
    "faces" : [ {
      "vertices" : [ 0, 1, 2 ]
    }, {
      "vertices" : [ 0, 2, 3 ]
    }, {
      "vertices" : [ 0, 3, 2 ]
    }, {
      "vertices" : [ 0, 2, 1 ]
    } ]
  }, {
    "id" : "3334a2d7-b781-4aea-b7db-12732e019d26",
    "vertices" : [ {
      "x" : 0.0,
      "y" : -33.167503,
      "z" : 20.498646
    }, {
      "x" : 11.7446785,
      "y" : -19.003288,
      "z" : 30.747967
    }, {
      "x" : 21.546509,
      "y" : -21.546509,
      "z" : 21.546509
    }, {
      "x" : 19.003288,
      "y" : -30.747967,
      "z" : 11.7446785
    } ],
    "faces" : [ {
      "vertices" : [ 0, 1, 2 ]
    }, {
      "vertices" : [ 0, 2, 3 ]
    }, {
      "vertices" : [ 0, 3, 2 ]
    }, {
      "vertices" : [ 0, 2, 1 ]
    } ]
  }, {
    "id" : "0809522b-cb2e-4fc0-8ef3-7b2dfa8e977a",
    "vertices" : [ {
      "x" : 33.167503,
      "y" : 20.498646,
      "z" : 0.0
    }, {
      "x" : 19.003288,
      "y" : 30.747967,
      "z" : -11.7446785
    }, {
      "x" : 21.546509,
      "y" : 21.546509,
      "z" : -21.546509
    }, {
      "x" : 30.747967,
      "y" : 11.7446785,
      "z" : -19.003288
    } ],
    "faces" : [ {
      "vertices" : [ 0, 1, 2 ]
    }, {
      "vertices" : [ 0, 2, 3 ]
    }, {
      "vertices" : [ 0, 3, 2 ]
    }, {
      "vertices" : [ 0, 2, 1 ]
    } ]
  }, {
    "id" : "4fe7a073-bbde-4733-b83c-18150c1d6d6e",
    "vertices" : [ {
      "x" : 20.498646,
      "y" : 0.0,
      "z" : -33.167503
    }, {
      "x" : 11.7446785,
      "y" : 19.003288,
      "z" : -30.747967
    }, {
      "x" : 0.0,
      "y" : 13.316475,
      "z" : -34.862984
    }, {
      "x" : 0.0,
      "y" : 0.0,
      "z" : -38.006577
    } ],
    "faces" : [ {
      "vertices" : [ 0, 1, 2 ]
    }, {
      "vertices" : [ 0, 2, 3 ]
    }, {
      "vertices" : [ 0, 3, 2 ]
    }, {
      "vertices" : [ 0, 2, 1 ]
    } ]
  }, {
    "id" : "759bcf76-73d5-4e3a-b958-50b4cca473e8",
    "vertices" : [ {
      "x" : 0.0,
      "y" : 33.167503,
      "z" : 20.498646
    }, {
      "x" : 0.0,
      "y" : 38.006577,
      "z" : 0.0
    }, {
      "x" : 13.316475,
      "y" : 34.862984,
      "z" : 0.0
    }, {
      "x" : 19.003288,
      "y" : 30.747967,
      "z" : 11.7446785
    } ],
    "faces" : [ {
      "vertices" : [ 0, 1, 2 ]
    }, {
      "vertices" : [ 0, 2, 3 ]
    }, {
      "vertices" : [ 0, 3, 2 ]
    }, {
      "vertices" : [ 0, 2, 1 ]
    } ]
  }, {
    "id" : "6d7525de-24ff-44de-9146-8119164ee5ea",
    "vertices" : [ {
      "x" : -33.167503,
      "y" : -20.498646,
      "z" : 0.0
    }, {
      "x" : -19.003288,
      "y" : -30.747967,
      "z" : -11.7446785
    }, {
      "x" : -21.546509,
      "y" : -21.546509,
      "z" : -21.546509
    }, {
      "x" : -30.747967,
      "y" : -11.7446785,
      "z" : -19.003288
    } ],
    "faces" : [ {
      "vertices" : [ 0, 1, 2 ]
    }, {
      "vertices" : [ 0, 2, 3 ]
    }, {
      "vertices" : [ 0, 3, 2 ]
    }, {
      "vertices" : [ 0, 2, 1 ]
    } ]
  }, {
    "id" : "a652efc5-fe34-42ae-a45a-f4b0735fa828",
    "vertices" : [ {
      "x" : 0.0,
      "y" : -33.167503,
      "z" : 20.498646
    }, {
      "x" : -11.7446785,
      "y" : -19.003288,
      "z" : 30.747967
    }, {
      "x" : 0.0,
      "y" : -13.316475,
      "z" : 34.862984
    }, {
      "x" : 11.7446785,
      "y" : -19.003288,
      "z" : 30.747967
    } ],
    "faces" : [ {
      "vertices" : [ 0, 1, 2 ]
    }, {
      "vertices" : [ 0, 2, 3 ]
    }, {
      "vertices" : [ 0, 3, 2 ]
    }, {
      "vertices" : [ 0, 2, 1 ]
    } ]
  }, {
    "id" : "89c46f5e-3f21-4fe2-a891-98e9eef7bd23",
    "vertices" : [ {
      "x" : 0.0,
      "y" : 33.167503,
      "z" : 20.498646
    }, {
      "x" : 19.003288,
      "y" : 30.747967,
      "z" : 11.7446785
    }, {
      "x" : 21.546509,
      "y" : 21.546509,
      "z" : 21.546509
    }, {
      "x" : 11.7446785,
      "y" : 19.003288,
      "z" : 30.747967
    } ],
    "faces" : [ {
      "vertices" : [ 0, 1, 2 ]
    }, {
      "vertices" : [ 0, 2, 3 ]
    }, {
      "vertices" : [ 0, 3, 2 ]
    }, {
      "vertices" : [ 0, 2, 1 ]
    } ]
  }, {
    "id" : "a8aa0d2c-d281-4be6-84e6-8acadf9dce36",
    "vertices" : [ {
      "x" : -33.167503,
      "y" : 20.498646,
      "z" : 0.0
    }, {
      "x" : -19.003288,
      "y" : 30.747967,
      "z" : 11.7446785
    }, {
      "x" : -21.546509,
      "y" : 21.546509,
      "z" : 21.546509
    }, {
      "x" : -30.747967,
      "y" : 11.7446785,
      "z" : 19.003288
    } ],
    "faces" : [ {
      "vertices" : [ 0, 1, 2 ]
    }, {
      "vertices" : [ 0, 2, 3 ]
    }, {
      "vertices" : [ 0, 3, 2 ]
    }, {
      "vertices" : [ 0, 2, 1 ]
    } ]
  }, {
    "id" : "6fa208ce-c3f6-466a-9a06-724f4fff64cb",
    "vertices" : [ {
      "x" : -33.167503,
      "y" : 20.498646,
      "z" : 0.0
    }, {
      "x" : -38.006577,
      "y" : 0.0,
      "z" : 0.0
    }, {
      "x" : -34.862984,
      "y" : 0.0,
      "z" : -13.316475
    }, {
      "x" : -30.747967,
      "y" : 11.7446785,
      "z" : -19.003288
    } ],
    "faces" : [ {
      "vertices" : [ 0, 1, 2 ]
    }, {
      "vertices" : [ 0, 2, 3 ]
    }, {
      "vertices" : [ 0, 3, 2 ]
    }, {
      "vertices" : [ 0, 2, 1 ]
    } ]
  }, {
    "id" : "d6ca941e-f692-4641-95da-1bce7acc45ba",
    "vertices" : [ {
      "x" : 0.0,
      "y" : 33.167503,
      "z" : -20.498646
    }, {
      "x" : -19.003288,
      "y" : 30.747967,
      "z" : -11.7446785
    }, {
      "x" : -21.546509,
      "y" : 21.546509,
      "z" : -21.546509
    }, {
      "x" : -11.7446785,
      "y" : 19.003288,
      "z" : -30.747967
    } ],
    "faces" : [ {
      "vertices" : [ 0, 1, 2 ]
    }, {
      "vertices" : [ 0, 2, 3 ]
    }, {
      "vertices" : [ 0, 3, 2 ]
    }, {
      "vertices" : [ 0, 2, 1 ]
    } ]
  }, {
    "id" : "d7f6c814-aeee-43c1-af77-40b6e04eba24",
    "vertices" : [ {
      "x" : 0.0,
      "y" : -33.167503,
      "z" : -20.498646
    }, {
      "x" : 0.0,
      "y" : -38.006577,
      "z" : 0.0
    }, {
      "x" : 13.316475,
      "y" : -34.862984,
      "z" : 0.0
    }, {
      "x" : 19.003288,
      "y" : -30.747967,
      "z" : -11.7446785
    } ],
    "faces" : [ {
      "vertices" : [ 0, 1, 2 ]
    }, {
      "vertices" : [ 0, 2, 3 ]
    }, {
      "vertices" : [ 0, 3, 2 ]
    }, {
      "vertices" : [ 0, 2, 1 ]
    } ]
  }, {
    "id" : "fe0943a6-c463-40fb-a6e3-4a882c3efdfc",
    "vertices" : [ {
      "x" : 20.498646,
      "y" : 0.0,
      "z" : -33.167503
    }, {
      "x" : 11.7446785,
      "y" : -19.003288,
      "z" : -30.747967
    }, {
      "x" : 21.546509,
      "y" : -21.546509,
      "z" : -21.546509
    }, {
      "x" : 30.747967,
      "y" : -11.7446785,
      "z" : -19.003288
    } ],
    "faces" : [ {
      "vertices" : [ 0, 1, 2 ]
    }, {
      "vertices" : [ 0, 2, 3 ]
    }, {
      "vertices" : [ 0, 3, 2 ]
    }, {
      "vertices" : [ 0, 2, 1 ]
    } ]
  }, {
    "id" : "68cf1b92-641e-4aa4-84f8-a0ab5f53e6a4",
    "vertices" : [ {
      "x" : 0.0,
      "y" : -33.167503,
      "z" : 20.498646
    }, {
      "x" : -19.003288,
      "y" : -30.747967,
      "z" : 11.7446785
    }, {
      "x" : -21.546509,
      "y" : -21.546509,
      "z" : 21.546509
    }, {
      "x" : -11.7446785,
      "y" : -19.003288,
      "z" : 30.747967
    } ],
    "faces" : [ {
      "vertices" : [ 0, 1, 2 ]
    }, {
      "vertices" : [ 0, 2, 3 ]
    }, {
      "vertices" : [ 0, 3, 2 ]
    }, {
      "vertices" : [ 0, 2, 1 ]
    } ]
  }, {
    "id" : "ea4d5eee-f1bc-41bb-8025-b38086cef098",
    "vertices" : [ {
      "x" : -20.498646,
      "y" : 0.0,
      "z" : 33.167503
    }, {
      "x" : -11.7446785,
      "y" : 19.003288,
      "z" : 30.747967
    }, {
      "x" : 0.0,
      "y" : 13.316475,
      "z" : 34.862984
    }, {
      "x" : 0.0,
      "y" : 0.0,
      "z" : 38.006577
    } ],
    "faces" : [ {
      "vertices" : [ 0, 1, 2 ]
    }, {
      "vertices" : [ 0, 2, 3 ]
    }, {
      "vertices" : [ 0, 3, 2 ]
    }, {
      "vertices" : [ 0, 2, 1 ]
    } ]
  }, {
    "id" : "02a3c868-192e-448c-84e7-51a1c0becd2f",
    "vertices" : [ {
      "x" : 33.167503,
      "y" : 20.498646,
      "z" : 0.0
    }, {
      "x" : 30.747967,
      "y" : 11.7446785,
      "z" : 19.003288
    }, {
      "x" : 21.546509,
      "y" : 21.546509,
      "z" : 21.546509
    }, {
      "x" : 19.003288,
      "y" : 30.747967,
      "z" : 11.7446785
    } ],
    "faces" : [ {
      "vertices" : [ 0, 1, 2 ]
    }, {
      "vertices" : [ 0, 2, 3 ]
    }, {
      "vertices" : [ 0, 3, 2 ]
    }, {
      "vertices" : [ 0, 2, 1 ]
    } ]
  }, {
    "id" : "5bc54e5d-2758-4fcb-9698-9c39a5a40458",
    "vertices" : [ {
      "x" : 0.0,
      "y" : 33.167503,
      "z" : -20.498646
    }, {
      "x" : -11.7446785,
      "y" : 19.003288,
      "z" : -30.747967
    }, {
      "x" : 0.0,
      "y" : 13.316475,
      "z" : -34.862984
    }, {
      "x" : 11.7446785,
      "y" : 19.003288,
      "z" : -30.747967
    } ],
    "faces" : [ {
      "vertices" : [ 0, 1, 2 ]
    }, {
      "vertices" : [ 0, 2, 3 ]
    }, {
      "vertices" : [ 0, 3, 2 ]
    }, {
      "vertices" : [ 0, 2, 1 ]
    } ]
  }, {
    "id" : "1753d784-8d06-47e5-bad1-cf4c6a931004",
    "vertices" : [ {
      "x" : 8.233106,
      "y" : -35.466267,
      "z" : -0.26666668
    }, {
      "x" : 8.133105,
      "y" : -35.36627,
      "z" : 0.13333334
    }, {
      "x" : 0.26542366,
      "y" : -0.53407913,
      "z" : 0.26666668
    }, {
      "x" : 0.36542365,
      "y" : -0.63407916,
      "z" : -0.13333334
    }, {
      "x" : 8.433105,
      "y" : -35.132935,
      "z" : 0.26666668
    }, {
      "x" : 8.533106,
      "y" : -35.232933,
      "z" : -0.13333334
    }, {
      "x" : 0.065423645,
      "y" : -0.8674125,
      "z" : -0.26666668
    }, {
      "x" : -0.034576353,
      "y" : -0.7674125,
      "z" : 0.13333334
    } ],
    "faces" : [ {
      "vertices" : [ 2, 3, 6 ]
    }, {
      "vertices" : [ 2, 6, 7 ]
    }, {
      "vertices" : [ 0, 5, 4 ]
    }, {
      "vertices" : [ 0, 4, 1 ]
    }, {
      "vertices" : [ 2, 4, 5 ]
    }, {
      "vertices" : [ 2, 5, 3 ]
    }, {
      "vertices" : [ 0, 6, 3 ]
    }, {
      "vertices" : [ 0, 3, 5 ]
    }, {
      "vertices" : [ 0, 1, 7 ]
    }, {
      "vertices" : [ 0, 7, 6 ]
    }, {
      "vertices" : [ 1, 4, 2 ]
    }, {
      "vertices" : [ 1, 2, 7 ]
    } ]
  }, {
    "id" : "11962f44-9de0-4eb5-b572-f1a537a3e61f",
    "vertices" : [ {
      "x" : -33.167503,
      "y" : 20.498646,
      "z" : 0.0
    }, {
      "x" : -30.747967,
      "y" : 11.7446785,
      "z" : 19.003288
    }, {
      "x" : -34.862984,
      "y" : 0.0,
      "z" : 13.316475
    }, {
      "x" : -38.006577,
      "y" : 0.0,
      "z" : 0.0
    } ],
    "faces" : [ {
      "vertices" : [ 0, 1, 2 ]
    }, {
      "vertices" : [ 0, 2, 3 ]
    }, {
      "vertices" : [ 0, 3, 2 ]
    }, {
      "vertices" : [ 0, 2, 1 ]
    } ]
  }, {
    "id" : "119982e8-e10c-4fed-80b5-2cf3e9899233",
    "vertices" : [ {
      "x" : 33.167503,
      "y" : -20.498646,
      "z" : 0.0
    }, {
      "x" : 30.747967,
      "y" : -11.7446785,
      "z" : -19.003288
    }, {
      "x" : 21.546509,
      "y" : -21.546509,
      "z" : -21.546509
    }, {
      "x" : 19.003288,
      "y" : -30.747967,
      "z" : -11.7446785
    } ],
    "faces" : [ {
      "vertices" : [ 0, 1, 2 ]
    }, {
      "vertices" : [ 0, 2, 3 ]
    }, {
      "vertices" : [ 0, 3, 2 ]
    }, {
      "vertices" : [ 0, 2, 1 ]
    } ]
  }, {
    "id" : "cf2e1976-b925-4643-9b0a-1831804c70b1",
    "vertices" : [ {
      "x" : 33.167503,
      "y" : 20.498646,
      "z" : 0.0
    }, {
      "x" : 38.006577,
      "y" : 0.0,
      "z" : 0.0
    }, {
      "x" : 34.862984,
      "y" : 0.0,
      "z" : 13.316475
    }, {
      "x" : 30.747967,
      "y" : 11.7446785,
      "z" : 19.003288
    } ],
    "faces" : [ {
      "vertices" : [ 0, 1, 2 ]
    }, {
      "vertices" : [ 0, 2, 3 ]
    }, {
      "vertices" : [ 0, 3, 2 ]
    }, {
      "vertices" : [ 0, 2, 1 ]
    } ]
  }, {
    "id" : "ed8e15bf-5139-4427-962c-99f2094d31e8",
    "vertices" : [ {
      "x" : 20.498646,
      "y" : 0.0,
      "z" : -33.167503
    }, {
      "x" : 30.747967,
      "y" : 11.7446785,
      "z" : -19.003288
    }, {
      "x" : 21.546509,
      "y" : 21.546509,
      "z" : -21.546509
    }, {
      "x" : 11.7446785,
      "y" : 19.003288,
      "z" : -30.747967
    } ],
    "faces" : [ {
      "vertices" : [ 0, 1, 2 ]
    }, {
      "vertices" : [ 0, 2, 3 ]
    }, {
      "vertices" : [ 0, 3, 2 ]
    }, {
      "vertices" : [ 0, 2, 1 ]
    } ]
  }, {
    "id" : "23177043-bdbe-4801-86c5-4f225614db37",
    "vertices" : [ {
      "x" : 0.0,
      "y" : -33.167503,
      "z" : 20.498646
    }, {
      "x" : 0.0,
      "y" : -38.006577,
      "z" : 0.0
    }, {
      "x" : -13.316475,
      "y" : -34.862984,
      "z" : 0.0
    }, {
      "x" : -19.003288,
      "y" : -30.747967,
      "z" : 11.7446785
    } ],
    "faces" : [ {
      "vertices" : [ 0, 1, 2 ]
    }, {
      "vertices" : [ 0, 2, 3 ]
    }, {
      "vertices" : [ 0, 3, 2 ]
    }, {
      "vertices" : [ 0, 2, 1 ]
    } ]
  }, {
    "id" : "14d419b6-45e2-4514-bdc2-07b5d2d913ce",
    "vertices" : [ {
      "x" : 11.062132,
      "y" : -31.258572,
      "z" : 14.903228
    }, {
      "x" : 10.662131,
      "y" : -31.358572,
      "z" : 15.003228
    }, {
      "x" : 0.062587515,
      "y" : -0.49251142,
      "z" : 0.47075596
    }, {
      "x" : 0.4625875,
      "y" : -0.39251143,
      "z" : 0.37075597
    }, {
      "x" : 10.7954645,
      "y" : -31.125238,
      "z" : 15.303227
    }, {
      "x" : 11.195465,
      "y" : -31.025238,
      "z" : 15.203228
    }, {
      "x" : 0.32925418,
      "y" : -0.6258448,
      "z" : 0.07075596
    }, {
      "x" : -0.07074582,
      "y" : -0.72584474,
      "z" : 0.17075595
    } ],
    "faces" : [ {
      "vertices" : [ 2, 3, 6 ]
    }, {
      "vertices" : [ 2, 6, 7 ]
    }, {
      "vertices" : [ 0, 5, 4 ]
    }, {
      "vertices" : [ 0, 4, 1 ]
    }, {
      "vertices" : [ 2, 4, 5 ]
    }, {
      "vertices" : [ 2, 5, 3 ]
    }, {
      "vertices" : [ 0, 6, 3 ]
    }, {
      "vertices" : [ 0, 3, 5 ]
    }, {
      "vertices" : [ 0, 1, 7 ]
    }, {
      "vertices" : [ 0, 7, 6 ]
    }, {
      "vertices" : [ 1, 4, 2 ]
    }, {
      "vertices" : [ 1, 2, 7 ]
    } ]
  }, {
    "id" : "849f3798-7505-4ec9-9658-67595c0a1e33",
    "vertices" : [ {
      "x" : 0.0,
      "y" : 33.167503,
      "z" : -20.498646
    }, {
      "x" : 19.003288,
      "y" : 30.747967,
      "z" : -11.7446785
    }, {
      "x" : 13.316475,
      "y" : 34.862984,
      "z" : 0.0
    }, {
      "x" : 0.0,
      "y" : 38.006577,
      "z" : 0.0
    } ],
    "faces" : [ {
      "vertices" : [ 0, 1, 2 ]
    }, {
      "vertices" : [ 0, 2, 3 ]
    }, {
      "vertices" : [ 0, 3, 2 ]
    }, {
      "vertices" : [ 0, 2, 1 ]
    } ]
  }, {
    "id" : "4bfa20af-1cce-49c0-a425-82ba0f5fc94a",
    "vertices" : [ {
      "x" : 0.0,
      "y" : 33.167503,
      "z" : -20.498646
    }, {
      "x" : 0.0,
      "y" : 38.006577,
      "z" : 0.0
    }, {
      "x" : -13.316475,
      "y" : 34.862984,
      "z" : 0.0
    }, {
      "x" : -19.003288,
      "y" : 30.747967,
      "z" : -11.7446785
    } ],
    "faces" : [ {
      "vertices" : [ 0, 1, 2 ]
    }, {
      "vertices" : [ 0, 2, 3 ]
    }, {
      "vertices" : [ 0, 3, 2 ]
    }, {
      "vertices" : [ 0, 2, 1 ]
    } ]
  }, {
    "id" : "9e97efd3-59c5-42df-9c99-091e68e6015e",
    "vertices" : [ {
      "x" : 33.167503,
      "y" : -20.498646,
      "z" : 0.0
    }, {
      "x" : 19.003288,
      "y" : -30.747967,
      "z" : -11.7446785
    }, {
      "x" : 13.316475,
      "y" : -34.862984,
      "z" : 0.0
    }, {
      "x" : 19.003288,
      "y" : -30.747967,
      "z" : 11.7446785
    } ],
    "faces" : [ {
      "vertices" : [ 0, 1, 2 ]
    }, {
      "vertices" : [ 0, 2, 3 ]
    }, {
      "vertices" : [ 0, 3, 2 ]
    }, {
      "vertices" : [ 0, 2, 1 ]
    } ]
  }, {
    "id" : "caf7bee4-b831-41d9-b526-9402861b3512",
    "vertices" : [ {
      "x" : -33.167503,
      "y" : -20.498646,
      "z" : 0.0
    }, {
      "x" : -19.003288,
      "y" : -30.747967,
      "z" : 11.7446785
    }, {
      "x" : -13.316475,
      "y" : -34.862984,
      "z" : 0.0
    }, {
      "x" : -19.003288,
      "y" : -30.747967,
      "z" : -11.7446785
    } ],
    "faces" : [ {
      "vertices" : [ 0, 1, 2 ]
    }, {
      "vertices" : [ 0, 2, 3 ]
    }, {
      "vertices" : [ 0, 3, 2 ]
    }, {
      "vertices" : [ 0, 2, 1 ]
    } ]
  }, {
    "id" : "86a3f6e3-2888-46fb-b767-25b252daabff",
    "vertices" : [ {
      "x" : 0.0,
      "y" : 33.167503,
      "z" : 20.498646
    }, {
      "x" : 11.7446785,
      "y" : 19.003288,
      "z" : 30.747967
    }, {
      "x" : 0.0,
      "y" : 13.316475,
      "z" : 34.862984
    }, {
      "x" : -11.7446785,
      "y" : 19.003288,
      "z" : 30.747967
    } ],
    "faces" : [ {
      "vertices" : [ 0, 1, 2 ]
    }, {
      "vertices" : [ 0, 2, 3 ]
    }, {
      "vertices" : [ 0, 3, 2 ]
    }, {
      "vertices" : [ 0, 2, 1 ]
    } ]
  }, {
    "id" : "b8292493-d7c9-4911-8044-66ba877855a7",
    "vertices" : [ {
      "x" : 34.862984,
      "y" : 0.0,
      "z" : -13.316475
    }, {
      "x" : 34.553967,
      "y" : 0.0,
      "z" : -13.1984415
    }, {
      "x" : 34.14946,
      "y" : -0.1545085,
      "z" : -12.757458
    }, {
      "x" : 33.958477,
      "y" : -0.1545085,
      "z" : -13.257458
    }, {
      "x" : 0.9045085,
      "y" : -0.1545085,
      "z" : -0.059016995
    }, {
      "x" : 0.809017,
      "y" : 0.309017,
      "z" : -0.309017
    }, {
      "x" : 0.309017,
      "y" : 0.0,
      "z" : -0.11803399
    }, {
      "x" : 34.053967,
      "y" : 0.309017,
      "z" : -13.007458
    }, {
      "x" : 0.7135255,
      "y" : -0.1545085,
      "z" : -0.559017
    } ],
    "faces" : [ {
      "vertices" : [ 2, 4, 8 ]
    }, {
      "vertices" : [ 2, 8, 3 ]
    }, {
      "vertices" : [ 2, 7, 5 ]
    }, {
      "vertices" : [ 2, 5, 4 ]
    }, {
      "vertices" : [ 4, 6, 8 ]
    }, {
      "vertices" : [ 5, 8, 6 ]
    }, {
      "vertices" : [ 1, 2, 3 ]
    }, {
      "vertices" : [ 3, 8, 5 ]
    }, {
      "vertices" : [ 3, 5, 7 ]
    }, {
      "vertices" : [ 1, 7, 2 ]
    }, {
      "vertices" : [ 1, 3, 7 ]
    }, {
      "vertices" : [ 4, 5, 6 ]
    } ]
  }, {
    "id" : "5d573374-85ac-48db-9c64-065c37427e94",
    "vertices" : [ {
      "x" : -33.167503,
      "y" : -20.498646,
      "z" : 0.0
    }, {
      "x" : -30.747967,
      "y" : -11.7446785,
      "z" : 19.003288
    }, {
      "x" : -21.546509,
      "y" : -21.546509,
      "z" : 21.546509
    }, {
      "x" : -19.003288,
      "y" : -30.747967,
      "z" : 11.7446785
    } ],
    "faces" : [ {
      "vertices" : [ 0, 1, 2 ]
    }, {
      "vertices" : [ 0, 2, 3 ]
    }, {
      "vertices" : [ 0, 3, 2 ]
    }, {
      "vertices" : [ 0, 2, 1 ]
    } ]
  }, {
    "id" : "6cd4b1c3-089d-41ed-842e-c3c7dd8150c0",
    "vertices" : [ {
      "x" : 20.498646,
      "y" : 0.0,
      "z" : -33.167503
    }, {
      "x" : 30.747967,
      "y" : -11.7446785,
      "z" : -19.003288
    }, {
      "x" : 34.862984,
      "y" : 0.0,
      "z" : -13.316475
    }, {
      "x" : 30.747967,
      "y" : 11.7446785,
      "z" : -19.003288
    } ],
    "faces" : [ {
      "vertices" : [ 0, 1, 2 ]
    }, {
      "vertices" : [ 0, 2, 3 ]
    }, {
      "vertices" : [ 0, 3, 2 ]
    }, {
      "vertices" : [ 0, 2, 1 ]
    } ]
  }, {
    "id" : "64232b46-9a82-4cc2-98d4-7d27ab7ecdca",
    "vertices" : [ {
      "x" : 20.498646,
      "y" : 0.0,
      "z" : 33.167503
    }, {
      "x" : 30.747967,
      "y" : -11.7446785,
      "z" : 19.003288
    }, {
      "x" : 21.546509,
      "y" : -21.546509,
      "z" : 21.546509
    }, {
      "x" : 11.7446785,
      "y" : -19.003288,
      "z" : 30.747967
    } ],
    "faces" : [ {
      "vertices" : [ 0, 1, 2 ]
    }, {
      "vertices" : [ 0, 2, 3 ]
    }, {
      "vertices" : [ 0, 3, 2 ]
    }, {
      "vertices" : [ 0, 2, 1 ]
    } ]
  }, {
    "id" : "8f76fe9e-90ea-4eb6-8278-1c02e00d6741",
    "vertices" : [ {
      "x" : 0.0,
      "y" : -33.167503,
      "z" : 20.498646
    }, {
      "x" : 19.003288,
      "y" : -30.747967,
      "z" : 11.7446785
    }, {
      "x" : 13.316475,
      "y" : -34.862984,
      "z" : 0.0
    }, {
      "x" : 0.0,
      "y" : -38.006577,
      "z" : 0.0
    } ],
    "faces" : [ {
      "vertices" : [ 0, 1, 2 ]
    }, {
      "vertices" : [ 0, 2, 3 ]
    }, {
      "vertices" : [ 0, 3, 2 ]
    }, {
      "vertices" : [ 0, 2, 1 ]
    } ]
  }, {
    "id" : "151fbcf0-832f-4d54-9e11-adb12efb6495",
    "vertices" : [ {
      "x" : 20.498646,
      "y" : 0.0,
      "z" : -33.167503
    }, {
      "x" : 0.0,
      "y" : 0.0,
      "z" : -38.006577
    }, {
      "x" : 0.0,
      "y" : -13.316475,
      "z" : -34.862984
    }, {
      "x" : 11.7446785,
      "y" : -19.003288,
      "z" : -30.747967
    } ],
    "faces" : [ {
      "vertices" : [ 0, 1, 2 ]
    }, {
      "vertices" : [ 0, 2, 3 ]
    }, {
      "vertices" : [ 0, 3, 2 ]
    }, {
      "vertices" : [ 0, 2, 1 ]
    } ]
  }, {
    "id" : "5890e8b7-9b1f-46a4-ab13-fbe6e505c3d8",
    "vertices" : [ {
      "x" : -20.498646,
      "y" : 0.0,
      "z" : -33.167503
    }, {
      "x" : -11.7446785,
      "y" : -19.003288,
      "z" : -30.747967
    }, {
      "x" : 0.0,
      "y" : -13.316475,
      "z" : -34.862984
    }, {
      "x" : 0.0,
      "y" : 0.0,
      "z" : -38.006577
    } ],
    "faces" : [ {
      "vertices" : [ 0, 1, 2 ]
    }, {
      "vertices" : [ 0, 2, 3 ]
    }, {
      "vertices" : [ 0, 3, 2 ]
    }, {
      "vertices" : [ 0, 2, 1 ]
    } ]
  }, {
    "id" : "ae0360d3-737c-4a06-bb7f-3ac65692c7d1",
    "vertices" : [ {
      "x" : 0.0,
      "y" : -33.167503,
      "z" : -20.498646
    }, {
      "x" : -19.003288,
      "y" : -30.747967,
      "z" : -11.7446785
    }, {
      "x" : -13.316475,
      "y" : -34.862984,
      "z" : 0.0
    }, {
      "x" : 0.0,
      "y" : -38.006577,
      "z" : 0.0
    } ],
    "faces" : [ {
      "vertices" : [ 0, 1, 2 ]
    }, {
      "vertices" : [ 0, 2, 3 ]
    }, {
      "vertices" : [ 0, 3, 2 ]
    }, {
      "vertices" : [ 0, 2, 1 ]
    } ]
  }, {
    "id" : "b4718343-a97a-443b-aa90-dbe4e311c3c7",
    "vertices" : [ {
      "x" : 0.0,
      "y" : 33.167503,
      "z" : 20.498646
    }, {
      "x" : -11.7446785,
      "y" : 19.003288,
      "z" : 30.747967
    }, {
      "x" : -21.546509,
      "y" : 21.546509,
      "z" : 21.546509
    }, {
      "x" : -19.003288,
      "y" : 30.747967,
      "z" : 11.7446785
    } ],
    "faces" : [ {
