{
  "field" : "sqrtPhi",
  "symmetry" : "icosahedral",
  "orientations" : [ [ 1.0, 0.0, 0.0, 0.0, 0.0, 1.0, 0.0, 0.0, 0.0, 0.0, 1.0, 0.0, 0.0, 0.0, 0.0, 1.0 ], [ 0.0, 0.0, 1.0, 0.0, 1.0, 0.0, 0.0, 0.0, 0.0, 1.0, 0.0, 0.0, 0.0, 0.0, 0.0, 1.0 ], [ 0.0, 1.0, 0.0, 0.0, 0.0, 0.0, 1.0, 0.0, 1.0, 0.0, 0.0, 0.0, 0.0, 0.0, 0.0, 1.0 ], [ 0.809017, 0.309017, 0.5, 0.0, 0.309017, 0.5, -0.809017, 0.0, -0.5, 0.809017, 0.309017, 0.0, 0.0, 0.0, 0.0, 1.0 ], [ -0.5, 0.809017, 0.309017, 0.0, 0.809017, 0.309017, 0.5, 0.0, 0.309017, 0.5, -0.809017, 0.0, 0.0, 0.0, 0.0, 1.0 ], [ 0.309017, 0.5, -0.809017, 0.0, -0.5, 0.809017, 0.309017, 0.0, 0.809017, 0.309017, 0.5, 0.0, 0.0, 0.0, 0.0, 1.0 ], [ 0.5, 0.809017, 0.309017, 0.0, 0.809017, -0.309017, -0.5, 0.0, -0.309017, 0.5, -0.809017, 0.0, 0.0, 0.0, 0.0, 1.0 ], [ -0.309017, 0.5, -0.809017, 0.0, 0.5, 0.809017, 0.309017, 0.0, 0.809017, -0.309017, -0.5, 0.0, 0.0, 0.0, 0.0, 1.0 ], [ 0.809017, -0.309017, -0.5, 0.0, -0.309017, 0.5, -0.809017, 0.0, 0.5, 0.809017, 0.309017, 0.0, 0.0, 0.0, 0.0, 1.0 ], [ 0.5, 0.809017, -0.309017, 0.0, 0.809017, -0.309017, 0.5, 0.0, 0.309017, -0.5, -0.809017, 0.0, 0.0, 0.0, 0.0, 1.0 ], [ 0.309017, -0.5, -0.809017, 0.0, 0.5, 0.809017, -0.309017, 0.0, 0.809017, -0.309017, 0.5, 0.0, 0.0, 0.0, 0.0, 1.0 ], [ 0.809017, -0.309017, 0.5, 0.0, 0.309017, -0.5, -0.809017, 0.0, 0.5, 0.809017, -0.309017, 0.0, 0.0, 0.0, 0.0, 1.0 ], [ 0.809017, 0.309017, -0.5, 0.0, 0.309017, 0.5, 0.809017, 0.0, 0.5, -0.809017, 0.309017, 0.0, 0.0, 0.0, 0.0, 1.0 ], [ 0.5, -0.809017, 0.309017, 0.0, 0.809017, 0.309017, -0.5, 0.0, 0.309017, 0.5, 0.809017, 0.0, 0.0, 0.0, 0.0, 1.0 ], [ 0.309017, 0.5, 0.809017, 0.0, 0.5, -0.809017, 0.309017, 0.0, 0.809017, 0.309017, -0.5, 0.0, 0.0, 0.0, 0.0, 1.0 ], [ 1.0, 0.0, 0.0, 0.0, 0.0, -1.0, 0.0, 0.0, 0.0, 0.0, -1.0, 0.0, 0.0, 0.0, 0.0, 1.0 ], [ 0.0, 0.0, 1.0, 0.0, -1.0, 0.0, 0.0, 0.0, 0.0, -1.0, 0.0, 0.0, 0.0, 0.0, 0.0, 1.0 ], [ 0.0, 1.0, 0.0, 0.0, 0.0, 0.0, -1.0, 0.0, -1.0, 0.0, 0.0, 0.0, 0.0, 0.0, 0.0, 1.0 ], [ 0.809017, 0.309017, 0.5, 0.0, -0.309017, -0.5, 0.809017, 0.0, 0.5, -0.809017, -0.309017, 0.0, 0.0, 0.0, 0.0, 1.0 ], [ -0.5, 0.809017, 0.309017, 0.0, -0.809017, -0.309017, -0.5, 0.0, -0.309017, -0.5, 0.809017, 0.0, 0.0, 0.0, 0.0, 1.0 ], [ 0.309017, 0.5, -0.809017, 0.0, 0.5, -0.809017, -0.309017, 0.0, -0.809017, -0.309017, -0.5, 0.0, 0.0, 0.0, 0.0, 1.0 ], [ 0.5, 0.809017, 0.309017, 0.0, -0.809017, 0.309017, 0.5, 0.0, 0.309017, -0.5, 0.809017, 0.0, 0.0, 0.0, 0.0, 1.0 ], [ -0.309017, 0.5, -0.809017, 0.0, -0.5, -0.809017, -0.309017, 0.0, -0.809017, 0.309017, 0.5, 0.0, 0.0, 0.0, 0.0, 1.0 ], [ 0.809017, -0.309017, -0.5, 0.0, 0.309017, -0.5, 0.809017, 0.0, -0.5, -0.809017, -0.309017, 0.0, 0.0, 0.0, 0.0, 1.0 ], [ 0.5, 0.809017, -0.309017, 0.0, -0.809017, 0.309017, -0.5, 0.0, -0.309017, 0.5, 0.809017, 0.0, 0.0, 0.0, 0.0, 1.0 ], [ 0.309017, -0.5, -0.809017, 0.0, -0.5, -0.809017, 0.309017, 0.0, -0.809017, 0.309017, -0.5, 0.0, 0.0, 0.0, 0.0, 1.0 ], [ 0.809017, -0.309017, 0.5, 0.0, -0.309017, 0.5, 0.809017, 0.0, -0.5, -0.809017, 0.309017, 0.0, 0.0, 0.0, 0.0, 1.0 ], [ 0.809017, 0.309017, -0.5, 0.0, -0.309017, -0.5, -0.809017, 0.0, -0.5, 0.809017, -0.309017, 0.0, 0.0, 0.0, 0.0, 1.0 ], [ 0.5, -0.809017, 0.309017, 0.0, -0.809017, -0.309017, 0.5, 0.0, -0.309017, -0.5, -0.809017, 0.0, 0.0, 0.0, 0.0, 1.0 ], [ 0.309017, 0.5, 0.809017, 0.0, -0.5, 0.809017, -0.309017, 0.0, -0.809017, -0.309017, 0.5, 0.0, 0.0, 0.0, 0.0, 1.0 ], [ -1.0, 0.0, 0.0, 0.0, 0.0, -1.0, 0.0, 0.0, 0.0, 0.0, 1.0, 0.0, 0.0, 0.0, 0.0, 1.0 ], [ 0.0, 0.0, -1.0, 0.0, -1.0, 0.0, 0.0, 0.0, 0.0, 1.0, 0.0, 0.0, 0.0, 0.0, 0.0, 1.0 ], [ 0.0, -1.0, 0.0, 0.0, 0.0, 0.0, -1.0, 0.0, 1.0, 0.0, 0.0, 0.0, 0.0, 0.0, 0.0, 1.0 ], [ -0.809017, -0.309017, -0.5, 0.0, -0.309017, -0.5, 0.809017, 0.0, -0.5, 0.809017, 0.309017, 0.0, 0.0, 0.0, 0.0, 1.0 ], [ 0.5, -0.809017, -0.309017, 0.0, -0.809017, -0.309017, -0.5, 0.0, 0.309017, 0.5, -0.809017, 0.0, 0.0, 0.0, 0.0, 1.0 ], [ -0.309017, -0.5, 0.809017, 0.0, 0.5, -0.809017, -0.309017, 0.0, 0.809017, 0.309017, 0.5, 0.0, 0.0, 0.0, 0.0, 1.0 ], [ -0.5, -0.809017, -0.309017, 0.0, -0.809017, 0.309017, 0.5, 0.0, -0.309017, 0.5, -0.809017, 0.0, 0.0, 0.0, 0.0, 1.0 ], [ 0.309017, -0.5, 0.809017, 0.0, -0.5, -0.809017, -0.309017, 0.0, 0.809017, -0.309017, -0.5, 0.0, 0.0, 0.0, 0.0, 1.0 ], [ -0.809017, 0.309017, 0.5, 0.0, 0.309017, -0.5, 0.809017, 0.0, 0.5, 0.809017, 0.309017, 0.0, 0.0, 0.0, 0.0, 1.0 ], [ -0.5, -0.809017, 0.309017, 0.0, -0.809017, 0.309017, -0.5, 0.0, 0.309017, -0.5, -0.809017, 0.0, 0.0, 0.0, 0.0, 1.0 ], [ -0.309017, 0.5, 0.809017, 0.0, -0.5, -0.809017, 0.309017, 0.0, 0.809017, -0.309017, 0.5, 0.0, 0.0, 0.0, 0.0, 1.0 ], [ -0.809017, 0.309017, -0.5, 0.0, -0.309017, 0.5, 0.809017, 0.0, 0.5, 0.809017, -0.309017, 0.0, 0.0, 0.0, 0.0, 1.0 ], [ -0.809017, -0.309017, 0.5, 0.0, -0.309017, -0.5, -0.809017, 0.0, 0.5, -0.809017, 0.309017, 0.0, 0.0, 0.0, 0.0, 1.0 ], [ -0.5, 0.809017, -0.309017, 0.0, -0.809017, -0.309017, 0.5, 0.0, 0.309017, 0.5, 0.809017, 0.0, 0.0, 0.0, 0.0, 1.0 ], [ -0.309017, -0.5, -0.809017, 0.0, -0.5, 0.809017, -0.309017, 0.0, 0.809017, 0.309017, -0.5, 0.0, 0.0, 0.0, 0.0, 1.0 ], [ -1.0, 0.0, 0.0, 0.0, 0.0, 1.0, 0.0, 0.0, 0.0, 0.0, -1.0, 0.0, 0.0, 0.0, 0.0, 1.0 ], [ 0.0, 0.0, -1.0, 0.0, 1.0, 0.0, 0.0, 0.0, 0.0, -1.0, 0.0, 0.0, 0.0, 0.0, 0.0, 1.0 ], [ 0.0, -1.0, 0.0, 0.0, 0.0, 0.0, 1.0, 0.0, -1.0, 0.0, 0.0, 0.0, 0.0, 0.0, 0.0, 1.0 ], [ -0.809017, -0.309017, -0.5, 0.0, 0.309017, 0.5, -0.809017, 0.0, 0.5, -0.809017, -0.309017, 0.0, 0.0, 0.0, 0.0, 1.0 ], [ 0.5, -0.809017, -0.309017, 0.0, 0.809017, 0.309017, 0.5, 0.0, -0.309017, -0.5, 0.809017, 0.0, 0.0, 0.0, 0.0, 1.0 ], [ -0.309017, -0.5, 0.809017, 0.0, -0.5, 0.809017, 0.309017, 0.0, -0.809017, -0.309017, -0.5, 0.0, 0.0, 0.0, 0.0, 1.0 ], [ -0.5, -0.809017, -0.309017, 0.0, 0.809017, -0.309017, -0.5, 0.0, 0.309017, -0.5, 0.809017, 0.0, 0.0, 0.0, 0.0, 1.0 ], [ 0.309017, -0.5, 0.809017, 0.0, 0.5, 0.809017, 0.309017, 0.0, -0.809017, 0.309017, 0.5, 0.0, 0.0, 0.0, 0.0, 1.0 ], [ -0.809017, 0.309017, 0.5, 0.0, -0.309017, 0.5, -0.809017, 0.0, -0.5, -0.809017, -0.309017, 0.0, 0.0, 0.0, 0.0, 1.0 ], [ -0.5, -0.809017, 0.309017, 0.0, 0.809017, -0.309017, 0.5, 0.0, -0.309017, 0.5, 0.809017, 0.0, 0.0, 0.0, 0.0, 1.0 ], [ -0.309017, 0.5, 0.809017, 0.0, 0.5, 0.809017, -0.309017, 0.0, -0.809017, 0.309017, -0.5, 0.0, 0.0, 0.0, 0.0, 1.0 ], [ -0.809017, 0.309017, -0.5, 0.0, 0.309017, -0.5, -0.809017, 0.0, -0.5, -0.809017, 0.309017, 0.0, 0.0, 0.0, 0.0, 1.0 ], [ -0.809017, -0.309017, 0.5, 0.0, 0.309017, 0.5, 0.809017, 0.0, -0.5, 0.809017, -0.309017, 0.0, 0.0, 0.0, 0.0, 1.0 ], [ -0.5, 0.809017, -0.309017, 0.0, 0.809017, 0.309017, -0.5, 0.0, -0.309017, -0.5, -0.809017, 0.0, 0.0, 0.0, 0.0, 1.0 ], [ -0.309017, -0.5, -0.809017, 0.0, 0.5, -0.809017, 0.309017, 0.0, -0.809017, -0.309017, 0.5, 0.0, 0.0, 0.0, 0.0, 1.0 ] ],
  "lights" : {
    "backgroundColor" : "#AFC8DC",
    "ambientColor" : "#292929",
    "directionalLights" : [ {
      "direction" : {
        "x" : 1.0,
        "y" : -1.0,
        "z" : -1.0
      },
      "color" : "#EBEBE4"
    }, {
      "direction" : {
        "x" : -1.0,
        "y" : 0.0,
        "z" : 0.0
      },
      "color" : "#E4E4EB"
    }, {
      "direction" : {
        "x" : 0.0,
        "y" : 0.0,
        "z" : -1.0
      },
      "color" : "#1E1E1E"
    } ]
  },
  "camera" : {
    "width" : 98.53108,
    "stereo" : false,
    "viewDistance" : 218.9579,
    "nearClipDistance" : 0.5473949,
    "farClipDistance" : 437.91483,
    "lookAtPoint" : {
      "x" : 0.0,
      "y" : 0.0,
      "z" : 0.0
    },
    "fieldOfView" : 0.44262898,
    "perspective" : false,
    "lookDirection" : {
      "x" : 0.0,
      "y" : -1.0,
      "z" : 0.0
    },
    "upDirection" : {
      "x" : 0.0,
      "y" : 0.0,
      "z" : 1.0
    },
    "position" : {
      "x" : 0.0,
      "y" : 218.9579,
      "z" : 0.0
    }
  },
  "embedding" : [ 1.0, 0.0, 0.0, 0.0, 0.0, 1.0, 0.0, 0.0, 0.0, 0.0, 1.0, 0.0, 0.0, 0.0, 0.0, 1.0 ],
  "shapes" : [ {
    "id" : "4e443e70-be7e-4996-97ce-c2a95c359ed2",
    "vertices" : [ {
      "x" : 11.09017,
      "y" : -15.326238,
      "z" : -2.058171
    }, {
      "x" : 4.236068,
      "y" : -15.326238,
      "z" : -2.058171
    }, {
      "x" : 4.236068,
      "y" : -11.09017,
      "z" : 3.3301907
    }, {
      "x" : 11.09017,
      "y" : -11.09017,
      "z" : 3.3301907
    } ],
    "faces" : [ {
      "vertices" : [ 0, 1, 2 ]
    }, {
      "vertices" : [ 0, 2, 3 ]
    }, {
      "vertices" : [ 0, 3, 2 ]
    }, {
      "vertices" : [ 0, 2, 1 ]
    } ]
  }, {
    "id" : "a5bb7ff9-4fb2-448c-8421-c950cf4f7521",
    "vertices" : [ {
      "x" : 4.236068,
      "y" : -15.326238,
      "z" : -2.058171
    }, {
      "x" : 0.0,
      "y" : -11.09017,
      "z" : -5.388362
    }, {
      "x" : 0.0,
      "y" : -6.854102,
      "z" : 0.0
    }, {
      "x" : 4.236068,
      "y" : -11.09017,
      "z" : 3.3301907
    } ],
    "faces" : [ {
      "vertices" : [ 0, 1, 2 ]
    }, {
      "vertices" : [ 0, 2, 3 ]
    }, {
      "vertices" : [ 0, 3, 2 ]
    }, {
      "vertices" : [ 0, 2, 1 ]
    } ]
  }, {
    "id" : "fde18823-4435-492f-b5f3-63e558b96ae0",
    "vertices" : [ {
      "x" : 0.13333334,
      "y" : 3.608722,
      "z" : 4.911436
    }, {
      "x" : -0.26666668,
      "y" : 3.708722,
      "z" : 5.011436
    }, {
      "x" : -0.13333334,
      "y" : 0.6273459,
      "z" : 0.47692576
    }, {
      "x" : 0.26666668,
      "y" : 0.52734596,
      "z" : 0.37692577
    }, {
      "x" : -0.13333334,
      "y" : 4.008722,
      "z" : 4.7781024
    }, {
      "x" : 0.26666668,
      "y" : 3.908722,
      "z" : 4.6781025
    }, {
      "x" : 0.13333334,
      "y" : 0.22734594,
      "z" : 0.6102591
    }, {
      "x" : -0.26666668,
      "y" : 0.32734594,
      "z" : 0.7102591
    } ],
    "faces" : [ {
      "vertices" : [ 2, 3, 6 ]
    }, {
      "vertices" : [ 2, 6, 7 ]
    }, {
      "vertices" : [ 0, 5, 4 ]
    }, {
      "vertices" : [ 0, 4, 1 ]
    }, {
      "vertices" : [ 2, 4, 5 ]
    }, {
      "vertices" : [ 2, 5, 3 ]
    }, {
      "vertices" : [ 0, 6, 3 ]
    }, {
      "vertices" : [ 0, 3, 5 ]
    }, {
      "vertices" : [ 0, 1, 7 ]
    }, {
      "vertices" : [ 0, 7, 6 ]
    }, {
      "vertices" : [ 1, 4, 2 ]
    }, {
      "vertices" : [ 1, 2, 7 ]
    } ]
  }, {
    "id" : "0f779394-430a-4419-9bd6-1f0278111307",
    "vertices" : [ {
      "x" : -0.3465678,
      "y" : -0.21419069,
      "z" : 0.0
    }, {
      "x" : -0.3465678,
      "y" : 0.21419069,
      "z" : 0.0
    }, {
      "x" : -0.21419069,
      "y" : 0.0,
      "z" : -0.3465678
    }, {
      "x" : -0.21419069,
      "y" : 0.0,
      "z" : 0.3465678
    }, {
      "x" : 0.0,
      "y" : -0.3465678,
      "z" : -0.21419069
    }, {
      "x" : 0.0,
      "y" : -0.3465678,
      "z" : 0.21419069
    }, {
      "x" : 0.0,
      "y" : 0.3465678,
      "z" : -0.21419069
    }, {
      "x" : 0.0,
      "y" : 0.3465678,
      "z" : 0.21419069
    }, {
      "x" : 0.21419069,
      "y" : 0.0,
      "z" : -0.3465678
    }, {
      "x" : 0.21419069,
      "y" : 0.0,
      "z" : 0.3465678
    }, {
      "x" : 0.3465678,
      "y" : -0.21419069,
      "z" : 0.0
    }, {
      "x" : 0.3465678,
      "y" : 0.21419069,
      "z" : 0.0
    } ],
    "faces" : [ {
      "vertices" : [ 0, 1, 2 ]
    }, {
      "vertices" : [ 0, 3, 1 ]
    }, {
      "vertices" : [ 0, 2, 4 ]
    }, {
      "vertices" : [ 0, 5, 3 ]
    }, {
      "vertices" : [ 0, 4, 5 ]
    }, {
      "vertices" : [ 1, 6, 2 ]
    }, {
      "vertices" : [ 1, 3, 7 ]
    }, {
      "vertices" : [ 1, 7, 6 ]
    }, {
      "vertices" : [ 2, 8, 4 ]
    }, {
      "vertices" : [ 2, 6, 8 ]
    }, {
      "vertices" : [ 3, 5, 9 ]
    }, {
      "vertices" : [ 3, 9, 7 ]
    }, {
      "vertices" : [ 4, 10, 5 ]
    }, {
      "vertices" : [ 4, 8, 10 ]
    }, {
      "vertices" : [ 5, 10, 9 ]
    }, {
      "vertices" : [ 6, 7, 11 ]
    }, {
      "vertices" : [ 6, 11, 8 ]
    }, {
      "vertices" : [ 7, 9, 11 ]
    }, {
      "vertices" : [ 8, 11, 10 ]
    }, {
      "vertices" : [ 9, 10, 11 ]
    } ]
  }, {
    "id" : "80e481a5-bece-4f6e-98a0-85eac1d126c7",
    "vertices" : [ {
      "x" : 8.472136,
      "y" : -15.326238,
      "z" : -7.4465327
    }, {
      "x" : 4.236068,
      "y" : -11.09017,
      "z" : -10.776724
    }, {
      "x" : 0.0,
      "y" : -11.09017,
      "z" : -5.388362
    }, {
      "x" : 4.236068,
      "y" : -15.326238,
      "z" : -2.058171
    } ],
    "faces" : [ {
      "vertices" : [ 0, 1, 2 ]
    }, {
      "vertices" : [ 0, 2, 3 ]
    }, {
      "vertices" : [ 0, 3, 2 ]
    }, {
      "vertices" : [ 0, 2, 1 ]
    } ]
  }, {
    "id" : "3d4f3ab8-15a0-4cab-9b4e-4eeb160e235b",
    "vertices" : [ {
      "x" : -3.9848623,
      "y" : 3.7181957,
      "z" : -2.7350132
    }, {
      "x" : -3.8848624,
      "y" : 3.6181958,
      "z" : -3.135013
    }, {
      "x" : -0.25120562,
      "y" : 0.5178723,
      "z" : -0.59517753
    }, {
      "x" : -0.35120562,
      "y" : 0.6178723,
      "z" : -0.19517754
    }, {
      "x" : -3.651529,
      "y" : 3.9181957,
      "z" : -3.2683465
    }, {
      "x" : -3.751529,
      "y" : 4.0181956,
      "z" : -2.8683465
    }, {
      "x" : -0.58453894,
      "y" : 0.3178723,
      "z" : -0.061844204
    }, {
      "x" : -0.48453894,
      "y" : 0.21787228,
      "z" : -0.4618442
    } ],
    "faces" : [ {
      "vertices" : [ 2, 3, 6 ]
    }, {
      "vertices" : [ 2, 6, 7 ]
    }, {
      "vertices" : [ 0, 5, 4 ]
    }, {
      "vertices" : [ 0, 4, 1 ]
    }, {
      "vertices" : [ 2, 4, 5 ]
    }, {
      "vertices" : [ 2, 5, 3 ]
    }, {
      "vertices" : [ 0, 6, 3 ]
    }, {
      "vertices" : [ 0, 3, 5 ]
    }, {
      "vertices" : [ 0, 1, 7 ]
    }, {
      "vertices" : [ 0, 7, 6 ]
    }, {
      "vertices" : [ 1, 4, 2 ]
    }, {
      "vertices" : [ 1, 2, 7 ]
    } ]
  }, {
    "id" : "12329f04-489d-4c98-ba93-84b5c678cdd6",
    "vertices" : [ {
      "x" : -3.608722,
      "y" : 0.13333334,
      "z" : 4.911436
    }, {
      "x" : -3.708722,
      "y" : -0.26666668,
      "z" : 5.011436
    }, {
      "x" : -0.6273459,
      "y" : -0.13333334,
      "z" : 0.47692576
    }, {
      "x" : -0.52734596,
      "y" : 0.26666668,
      "z" : 0.37692577
    }, {
      "x" : -4.008722,
      "y" : -0.13333334,
      "z" : 4.7781024
    }, {
      "x" : -3.908722,
      "y" : 0.26666668,
      "z" : 4.6781025
    }, {
      "x" : -0.22734594,
      "y" : 0.13333334,
      "z" : 0.6102591
    }, {
      "x" : -0.32734594,
      "y" : -0.26666668,
      "z" : 0.7102591
    } ],
    "faces" : [ {
      "vertices" : [ 2, 3, 6 ]
    }, {
      "vertices" : [ 2, 6, 7 ]
    }, {
      "vertices" : [ 0, 5, 4 ]
    }, {
      "vertices" : [ 0, 4, 1 ]
    }, {
      "vertices" : [ 2, 4, 5 ]
    }, {
      "vertices" : [ 2, 5, 3 ]
    }, {
      "vertices" : [ 0, 6, 3 ]
    }, {
      "vertices" : [ 0, 3, 5 ]
    }, {
      "vertices" : [ 0, 1, 7 ]
    }, {
      "vertices" : [ 0, 7, 6 ]
    }, {
      "vertices" : [ 1, 4, 2 ]
    }, {
      "vertices" : [ 1, 2, 7 ]
    } ]
  }, {
    "id" : "2219bdb5-d168-4c92-b071-8eeea401335a",
    "vertices" : [ {
      "x" : 0.42838138,
      "y" : 0.0,
      "z" : 0.0
    }, {
      "x" : 1.121517,
      "y" : -0.3465678,
      "z" : -0.21419069
    }, {
      "x" : 1.121517,
      "y" : -0.3465678,
      "z" : 0.21419069
    }, {
      "x" : 1.121517,
      "y" : 0.3465678,
      "z" : -0.21419069
    }, {
      "x" : 1.121517,
      "y" : 0.3465678,
      "z" : 0.21419069
    }, {
      "x" : 16.315588,
      "y" : -0.3465678,
      "z" : -0.21419069
    }, {
      "x" : 16.315588,
      "y" : -0.3465678,
      "z" : 0.21419069
    }, {
      "x" : 16.315588,
      "y" : 0.3465678,
      "z" : -0.21419069
    }, {
      "x" : 16.315588,
      "y" : 0.3465678,
      "z" : 0.21419069
    }, {
      "x" : 17.008724,
      "y" : 0.0,
      "z" : 0.0
    }, {
      "x" : 17.437105,
      "y" : 0.0,
      "z" : 0.0
    } ],
    "faces" : [ {
      "vertices" : [ 1, 3, 7 ]
    }, {
      "vertices" : [ 1, 7, 5 ]
    }, {
      "vertices" : [ 0, 1, 2 ]
    }, {
      "vertices" : [ 0, 3, 1 ]
    }, {
      "vertices" : [ 5, 9, 6 ]
    }, {
      "vertices" : [ 2, 6, 8 ]
    }, {
      "vertices" : [ 2, 8, 4 ]
    }, {
      "vertices" : [ 5, 7, 9 ]
    }, {
      "vertices" : [ 0, 2, 4 ]
    }, {
      "vertices" : [ 3, 4, 8 ]
    }, {
      "vertices" : [ 3, 8, 7 ]
    }, {
      "vertices" : [ 0, 4, 3 ]
    }, {
      "vertices" : [ 6, 9, 8 ]
    }, {
      "vertices" : [ 7, 8, 9 ]
    }, {
      "vertices" : [ 1, 5, 6 ]
    }, {
      "vertices" : [ 1, 6, 2 ]
    } ]
  }, {
    "id" : "0f9a23e3-8aa3-45bc-9c45-c43b478555a1",
    "vertices" : [ {
      "x" : 0.42838138,
      "y" : 0.0,
      "z" : 0.0
    }, {
      "x" : 1.121517,
      "y" : -0.3465678,
      "z" : -0.21419069
    }, {
      "x" : 1.121517,
      "y" : -0.3465678,
      "z" : 0.21419069
    }, {
      "x" : 1.121517,
      "y" : 0.3465678,
      "z" : -0.21419069
    }, {
      "x" : 1.121517,
      "y" : 0.3465678,
      "z" : 0.21419069
    }, {
      "x" : 21.703949,
      "y" : -0.3465678,
      "z" : -0.21419069
    }, {
      "x" : 21.703949,
      "y" : -0.3465678,
      "z" : 0.21419069
    }, {
      "x" : 21.703949,
      "y" : 0.3465678,
      "z" : -0.21419069
    }, {
      "x" : 21.703949,
      "y" : 0.3465678,
      "z" : 0.21419069
    }, {
      "x" : 22.397085,
      "y" : 0.0,
      "z" : 0.0
    }, {
      "x" : 22.825466,
      "y" : 0.0,
      "z" : 0.0
    } ],
    "faces" : [ {
      "vertices" : [ 1, 3, 7 ]
    }, {
      "vertices" : [ 1, 7, 5 ]
    }, {
      "vertices" : [ 0, 1, 2 ]
    }, {
      "vertices" : [ 0, 3, 1 ]
    }, {
      "vertices" : [ 5, 9, 6 ]
    }, {
      "vertices" : [ 2, 6, 8 ]
    }, {
      "vertices" : [ 2, 8, 4 ]
    }, {
      "vertices" : [ 5, 7, 9 ]
    }, {
      "vertices" : [ 0, 2, 4 ]
    }, {
      "vertices" : [ 3, 4, 8 ]
    }, {
      "vertices" : [ 3, 8, 7 ]
    }, {
      "vertices" : [ 0, 4, 3 ]
    }, {
      "vertices" : [ 6, 9, 8 ]
    }, {
      "vertices" : [ 7, 8, 9 ]
    }, {
      "vertices" : [ 1, 5, 6 ]
    }, {
      "vertices" : [ 1, 6, 2 ]
    } ]
  }, {
    "id" : "171a5064-afe5-4eb3-8eeb-de8ecc33ac26",
    "vertices" : [ {
      "x" : 15.326238,
      "y" : -15.326238,
      "z" : -7.4465327
    }, {
      "x" : 8.472136,
      "y" : -15.326238,
      "z" : -7.4465327
    }, {
      "x" : 4.236068,
      "y" : -15.326238,
      "z" : -2.058171
    }, {
      "x" : 11.09017,
      "y" : -15.326238,
      "z" : -2.058171
    } ],
    "faces" : [ {
      "vertices" : [ 0, 1, 2 ]
    }, {
      "vertices" : [ 0, 2, 3 ]
    }, {
      "vertices" : [ 0, 3, 2 ]
    }, {
      "vertices" : [ 0, 2, 1 ]
    } ]
  }, {
    "id" : "df8ba6cc-f2dd-4e72-bca9-419598eb9dfa",
    "vertices" : [ {
      "x" : 15.326238,
      "y" : -8.472136,
      "z" : -7.4465327
    }, {
      "x" : 15.326238,
      "y" : -4.236068,
      "z" : -2.058171
    }, {
      "x" : 11.09017,
      "y" : 0.0,
      "z" : -5.388362
    }, {
      "x" : 11.09017,
      "y" : -4.236068,
      "z" : -10.776724
    } ],
    "faces" : [ {
      "vertices" : [ 0, 1, 2 ]
    }, {
      "vertices" : [ 0, 2, 3 ]
    }, {
      "vertices" : [ 0, 3, 2 ]
    }, {
      "vertices" : [ 0, 2, 1 ]
    } ]
  }, {
    "id" : "2e58d3d6-427b-45b4-98cb-67d3209bb564",
    "vertices" : [ {
      "x" : 0.42838138,
      "y" : 0.0,
      "z" : 0.0
    }, {
      "x" : 1.121517,
      "y" : -0.3465678,
      "z" : -0.21419069
    }, {
      "x" : 1.121517,
      "y" : -0.3465678,
      "z" : 0.21419069
    }, {
      "x" : 1.121517,
      "y" : 0.3465678,
      "z" : -0.21419069
    }, {
      "x" : 1.121517,
      "y" : 0.3465678,
      "z" : 0.21419069
    }, {
      "x" : 5.732585,
      "y" : -0.3465678,
      "z" : -0.21419069
    }, {
      "x" : 5.732585,
      "y" : -0.3465678,
      "z" : 0.21419069
    }, {
      "x" : 5.732585,
      "y" : 0.3465678,
      "z" : -0.21419069
    }, {
      "x" : 5.732585,
      "y" : 0.3465678,
      "z" : 0.21419069
    }, {
      "x" : 6.4257207,
      "y" : 0.0,
      "z" : 0.0
    }, {
      "x" : 6.854102,
      "y" : 0.0,
      "z" : 0.0
    } ],
    "faces" : [ {
      "vertices" : [ 1, 3, 7 ]
    }, {
      "vertices" : [ 1, 7, 5 ]
    }, {
      "vertices" : [ 0, 1, 2 ]
    }, {
      "vertices" : [ 0, 3, 1 ]
    }, {
      "vertices" : [ 5, 9, 6 ]
    }, {
      "vertices" : [ 2, 6, 8 ]
    }, {
      "vertices" : [ 2, 8, 4 ]
    }, {
      "vertices" : [ 5, 7, 9 ]
    }, {
      "vertices" : [ 0, 2, 4 ]
    }, {
      "vertices" : [ 3, 4, 8 ]
    }, {
      "vertices" : [ 3, 8, 7 ]
    }, {
      "vertices" : [ 0, 4, 3 ]
    }, {
      "vertices" : [ 6, 9, 8 ]
    }, {
      "vertices" : [ 7, 8, 9 ]
    }, {
      "vertices" : [ 1, 5, 6 ]
    }, {
      "vertices" : [ 1, 6, 2 ]
    } ]
  }, {
    "id" : "a223b6f8-fd98-4393-9d75-c92adc6355c6",
    "vertices" : [ {
      "x" : 11.09017,
      "y" : 0.0,
      "z" : -5.388362
    }, {
      "x" : 6.854102,
      "y" : 0.0,
      "z" : 0.0
    }, {
      "x" : 0.0,
      "y" : 0.0,
      "z" : 0.0
    }, {
      "x" : 4.236068,
      "y" : 0.0,
      "z" : -5.388362
    } ],
    "faces" : [ {
      "vertices" : [ 0, 1, 2 ]
    }, {
      "vertices" : [ 0, 2, 3 ]
    }, {
      "vertices" : [ 0, 3, 2 ]
    }, {
      "vertices" : [ 0, 2, 1 ]
    } ]
  }, {
    "id" : "8ad112b2-052a-4b95-a9c8-c0dd1d09d03d",
    "vertices" : [ {
      "x" : 15.326238,
      "y" : -15.326238,
      "z" : -7.4465327
    }, {
      "x" : 15.326238,
      "y" : -8.472136,
      "z" : -7.4465327
    }, {
      "x" : 11.09017,
      "y" : -4.236068,
      "z" : -10.776724
    }, {
      "x" : 11.09017,
      "y" : -11.09017,
      "z" : -10.776724
    } ],
    "faces" : [ {
      "vertices" : [ 0, 1, 2 ]
    }, {
      "vertices" : [ 0, 2, 3 ]
    }, {
      "vertices" : [ 0, 3, 2 ]
    }, {
      "vertices" : [ 0, 2, 1 ]
    } ]
  }, {
    "id" : "716677e3-d0f4-42db-a86a-2484b31eb176",
    "vertices" : [ {
      "x" : -15.326238,
      "y" : 11.09017,
      "z" : 2.058171
    }, {
      "x" : -11.09017,
      "y" : 11.09017,
      "z" : -3.3301907
    }, {
      "x" : -11.09017,
      "y" : 4.236068,
      "z" : -3.3301907
    }, {
      "x" : -15.326238,
      "y" : 4.236068,
      "z" : 2.058171
    } ],
    "faces" : [ {
      "vertices" : [ 0, 1, 2 ]
    }, {
      "vertices" : [ 0, 2, 3 ]
    }, {
      "vertices" : [ 0, 3, 2 ]
    }, {
      "vertices" : [ 0, 2, 1 ]
    } ]
  }, {
    "id" : "3f2a6f85-8071-4e77-ba4c-f67ec0fc1201",
    "vertices" : [ {
      "x" : 4.236068,
      "y" : -4.236068,
      "z" : -10.776724
    }, {
      "x" : 4.236068,
      "y" : 0.0,
      "z" : -5.388362
    }, {
      "x" : 0.0,
      "y" : 0.0,
      "z" : 0.0
    }, {
      "x" : 0.0,
      "y" : -4.236068,
      "z" : -5.388362
    } ],
    "faces" : [ {
      "vertices" : [ 0, 1, 2 ]
    }, {
      "vertices" : [ 0, 2, 3 ]
    }, {
      "vertices" : [ 0, 3, 2 ]
    }, {
      "vertices" : [ 0, 2, 1 ]
    } ]
  }, {
    "id" : "e00acbde-008d-472c-b381-6a82462090fb",
    "vertices" : [ {
      "x" : -15.326238,
      "y" : 4.236068,
      "z" : 2.058171
    }, {
      "x" : -11.09017,
      "y" : 4.236068,
      "z" : -3.3301907
    }, {
      "x" : -6.854102,
      "y" : 0.0,
      "z" : 0.0
    }, {
      "x" : -11.09017,
      "y" : 0.0,
      "z" : 5.388362
    } ],
    "faces" : [ {
      "vertices" : [ 0, 1, 2 ]
    }, {
      "vertices" : [ 0, 2, 3 ]
    }, {
      "vertices" : [ 0, 3, 2 ]
    }, {
      "vertices" : [ 0, 2, 1 ]
    } ]
  }, {
    "id" : "cf8d870a-0ae2-455e-85ec-305ada46eb84",
    "vertices" : [ {
      "x" : 0.0,
      "y" : 11.09017,
      "z" : 5.388362
    }, {
      "x" : 0.0,
      "y" : 4.236068,
      "z" : 5.388362
    }, {
      "x" : 0.0,
      "y" : 0.0,
      "z" : 0.0
    }, {
      "x" : 0.0,
      "y" : 6.854102,
      "z" : 0.0
    } ],
    "faces" : [ {
      "vertices" : [ 0, 1, 2 ]
    }, {
      "vertices" : [ 0, 2, 3 ]
    }, {
      "vertices" : [ 0, 3, 2 ]
    }, {
      "vertices" : [ 0, 2, 1 ]
    } ]
  }, {
    "id" : "0c9d79ce-b39c-4047-8637-a0a3eacb6189",
    "vertices" : [ {
      "x" : -11.09017,
      "y" : 4.236068,
      "z" : -3.3301907
    }, {
      "x" : -4.236068,
      "y" : 4.236068,
      "z" : -3.3301907
    }, {
      "x" : 0.0,
      "y" : 0.0,
      "z" : 0.0
    }, {
      "x" : -6.854102,
      "y" : 0.0,
      "z" : 0.0
    } ],
    "faces" : [ {
      "vertices" : [ 0, 1, 2 ]
    }, {
      "vertices" : [ 0, 2, 3 ]
    }, {
      "vertices" : [ 0, 3, 2 ]
    }, {
      "vertices" : [ 0, 2, 1 ]
    } ]
  }, {
    "id" : "58d717e0-c489-4088-835c-21205e258f7e",
    "vertices" : [ {
      "x" : -15.326238,
      "y" : 15.326238,
      "z" : 7.4465327
    }, {
      "x" : -11.09017,
      "y" : 11.09017,
      "z" : 10.776724
    }, {
      "x" : -4.236068,
      "y" : 11.09017,
      "z" : 10.776724
    }, {
      "x" : -8.472136,
      "y" : 15.326238,
      "z" : 7.4465327
    } ],
    "faces" : [ {
      "vertices" : [ 0, 1, 2 ]
    }, {
      "vertices" : [ 0, 2, 3 ]
    }, {
      "vertices" : [ 0, 3, 2 ]
    }, {
      "vertices" : [ 0, 2, 1 ]
    } ]
  }, {
    "id" : "7ad64043-6fd7-4ef0-bd39-103cfb32c542",
    "vertices" : [ {
      "x" : -8.472136,
      "y" : 15.326238,
      "z" : 7.4465327
    }, {
      "x" : -4.236068,
      "y" : 11.09017,
      "z" : 10.776724
    }, {
      "x" : 0.0,
      "y" : 11.09017,
      "z" : 5.388362
    }, {
      "x" : -4.236068,
      "y" : 15.326238,
      "z" : 2.058171
    } ],
    "faces" : [ {
      "vertices" : [ 0, 1, 2 ]
    }, {
      "vertices" : [ 0, 2, 3 ]
    }, {
      "vertices" : [ 0, 3, 2 ]
    }, {
      "vertices" : [ 0, 2, 1 ]
    } ]
  }, {
    "id" : "382abfe0-059a-43c6-a73d-20b48fa70171",
    "vertices" : [ {
      "x" : 11.09017,
      "y" : -4.236068,
      "z" : -10.776724
    }, {
      "x" : 11.09017,
      "y" : 0.0,
      "z" : -5.388362
    }, {
      "x" : 4.236068,
      "y" : 0.0,
      "z" : -5.388362
    }, {
      "x" : 4.236068,
      "y" : -4.236068,
      "z" : -10.776724
    } ],
    "faces" : [ {
      "vertices" : [ 0, 1, 2 ]
    }, {
      "vertices" : [ 0, 2, 3 ]
    }, {
      "vertices" : [ 0, 3, 2 ]
    }, {
      "vertices" : [ 0, 2, 1 ]
    } ]
  }, {
    "id" : "256e1f86-2366-4134-9891-758c49bf1bb2",
    "vertices" : [ {
      "x" : 11.09017,
      "y" : -11.09017,
      "z" : -10.776724
    }, {
      "x" : 11.09017,
      "y" : -4.236068,
      "z" : -10.776724
    }, {
      "x" : 4.236068,
      "y" : -4.236068,
      "z" : -10.776724
    }, {
      "x" : 4.236068,
      "y" : -11.09017,
      "z" : -10.776724
    } ],
    "faces" : [ {
      "vertices" : [ 0, 1, 2 ]
    }, {
      "vertices" : [ 0, 2, 3 ]
    }, {
      "vertices" : [ 0, 3, 2 ]
    }, {
      "vertices" : [ 0, 2, 1 ]
    } ]
  }, {
    "id" : "5db1a1f1-ffd0-4c86-a617-bf4215f70a89",
    "vertices" : [ {
      "x" : -15.326238,
      "y" : 15.326238,
      "z" : 7.4465327
    }, {
      "x" : -15.326238,
      "y" : 11.09017,
      "z" : 2.058171
    }, {
      "x" : -15.326238,
      "y" : 4.236068,
      "z" : 2.058171
    }, {
      "x" : -15.326238,
      "y" : 8.472136,
      "z" : 7.4465327
    } ],
    "faces" : [ {
      "vertices" : [ 0, 1, 2 ]
    }, {
      "vertices" : [ 0, 2, 3 ]
    }, {
      "vertices" : [ 0, 3, 2 ]
    }, {
      "vertices" : [ 0, 2, 1 ]
    } ]
  }, {
    "id" : "7eb99f71-baa8-448d-8c2b-04f9f85b71a1",
    "vertices" : [ {
      "x" : 15.326238,
      "y" : -4.236068,
      "z" : -2.058171
    }, {
      "x" : 11.09017,
      "y" : -4.236068,
      "z" : 3.3301907
    }, {
      "x" : 6.854102,
      "y" : 0.0,
      "z" : 0.0
    }, {
      "x" : 11.09017,
      "y" : 0.0,
      "z" : -5.388362
    } ],
    "faces" : [ {
      "vertices" : [ 0, 1, 2 ]
    }, {
      "vertices" : [ 0, 2, 3 ]
    }, {
      "vertices" : [ 0, 3, 2 ]
    }, {
      "vertices" : [ 0, 2, 1 ]
    } ]
  }, {
    "id" : "3f513658-06c7-4e7a-89c6-3d019ea35eab",
    "vertices" : [ {
      "x" : 15.326238,
      "y" : -11.09017,
      "z" : -2.058171
    }, {
      "x" : 11.09017,
      "y" : -11.09017,
      "z" : 3.3301907
    }, {
      "x" : 11.09017,
      "y" : -4.236068,
      "z" : 3.3301907
    }, {
      "x" : 15.326238,
      "y" : -4.236068,
      "z" : -2.058171
    } ],
    "faces" : [ {
      "vertices" : [ 0, 1, 2 ]
    }, {
      "vertices" : [ 0, 2, 3 ]
    }, {
      "vertices" : [ 0, 3, 2 ]
    }, {
      "vertices" : [ 0, 2, 1 ]
    } ]
  }, {
    "id" : "97fcc048-dec7-4482-bdae-243c9a4cf98c",
    "vertices" : [ {
      "x" : -15.326238,
      "y" : 8.472136,
      "z" : 7.4465327
    }, {
      "x" : -15.326238,
      "y" : 4.236068,
      "z" : 2.058171
    }, {
      "x" : -11.09017,
      "y" : 0.0,
      "z" : 5.388362
    }, {
      "x" : -11.09017,
      "y" : 4.236068,
      "z" : 10.776724
    } ],
    "faces" : [ {
      "vertices" : [ 0, 1, 2 ]
    }, {
      "vertices" : [ 0, 2, 3 ]
    }, {
      "vertices" : [ 0, 3, 2 ]
    }, {
      "vertices" : [ 0, 2, 1 ]
    } ]
  }, {
    "id" : "17b73130-4eda-4804-932a-daed4dca408b",
    "vertices" : [ {
      "x" : 4.236068,
      "y" : -11.09017,
      "z" : -10.776724
    }, {
      "x" : 4.236068,
      "y" : -4.236068,
      "z" : -10.776724
    }, {
      "x" : 0.0,
      "y" : -4.236068,
      "z" : -5.388362
    }, {
      "x" : 0.0,
      "y" : -11.09017,
      "z" : -5.388362
    } ],
    "faces" : [ {
      "vertices" : [ 0, 1, 2 ]
    }, {
      "vertices" : [ 0, 2, 3 ]
    }, {
      "vertices" : [ 0, 3, 2 ]
    }, {
      "vertices" : [ 0, 2, 1 ]
    } ]
  }, {
    "id" : "085bdfeb-0083-4555-a260-ec745004c77d",
    "vertices" : [ {
      "x" : -4.236068,
      "y" : 4.236068,
      "z" : 10.776724
    }, {
      "x" : -4.236068,
      "y" : 0.0,
      "z" : 5.388362
    }, {
      "x" : 0.0,
      "y" : 0.0,
      "z" : 0.0
    }, {
      "x" : 0.0,
      "y" : 4.236068,
      "z" : 5.388362
    } ],
    "faces" : [ {
      "vertices" : [ 0, 1, 2 ]
    }, {
      "vertices" : [ 0, 2, 3 ]
    }, {
      "vertices" : [ 0, 3, 2 ]
    }, {
      "vertices" : [ 0, 2, 1 ]
    } ]
  }, {
    "id" : "9e57d12b-d30c-419b-a4e2-0cb1ad17e25f",
    "vertices" : [ {
      "x" : 0.0,
      "y" : -11.09017,
      "z" : -5.388362
    }, {
      "x" : 0.0,
      "y" : -4.236068,
      "z" : -5.388362
    }, {
      "x" : 0.0,
      "y" : 0.0,
      "z" : 0.0
    }, {
      "x" : 0.0,
      "y" : -6.854102,
      "z" : 0.0
    } ],
    "faces" : [ {
      "vertices" : [ 0, 1, 2 ]
    }, {
      "vertices" : [ 0, 2, 3 ]
    }, {
      "vertices" : [ 0, 3, 2 ]
    }, {
      "vertices" : [ 0, 2, 1 ]
    } ]
  }, {
    "id" : "8c7f8b4b-7cdd-4351-9d10-5d4164ea6f68",
    "vertices" : [ {
      "x" : 15.326238,
      "y" : -15.326238,
      "z" : -7.4465327
    }, {
      "x" : 11.09017,
      "y" : -15.326238,
      "z" : -2.058171
    }, {
      "x" : 11.09017,
      "y" : -11.09017,
      "z" : 3.3301907
    }, {
      "x" : 15.326238,
      "y" : -11.09017,
      "z" : -2.058171
    } ],
    "faces" : [ {
      "vertices" : [ 0, 1, 2 ]
    }, {
      "vertices" : [ 0, 2, 3 ]
    }, {
      "vertices" : [ 0, 3, 2 ]
    }, {
      "vertices" : [ 0, 2, 1 ]
    } ]
  }, {
    "id" : "d861a6fb-9d58-460c-b612-3e3d9e494ed9",
    "vertices" : [ {
      "x" : 15.326238,
      "y" : -15.326238,
      "z" : -7.4465327
    }, {
      "x" : 15.326238,
      "y" : -11.09017,
      "z" : -2.058171
    }, {
      "x" : 15.326238,
      "y" : -4.236068,
      "z" : -2.058171
    }, {
      "x" : 15.326238,
      "y" : -8.472136,
      "z" : -7.4465327
    } ],
    "faces" : [ {
      "vertices" : [ 0, 1, 2 ]
    }, {
      "vertices" : [ 0, 2, 3 ]
    }, {
      "vertices" : [ 0, 3, 2 ]
    }, {
      "vertices" : [ 0, 2, 1 ]
    } ]
  }, {
    "id" : "91aa049e-ec9f-4ab0-88bb-86b59ebeb23e",
    "vertices" : [ {
      "x" : -4.236068,
      "y" : 11.09017,
      "z" : 10.776724
    }, {
      "x" : -4.236068,
      "y" : 4.236068,
      "z" : 10.776724
    }, {
      "x" : 0.0,
      "y" : 4.236068,
      "z" : 5.388362
    }, {
      "x" : 0.0,
      "y" : 11.09017,
      "z" : 5.388362
    } ],
    "faces" : [ {
      "vertices" : [ 0, 1, 2 ]
    }, {
      "vertices" : [ 0, 2, 3 ]
    }, {
      "vertices" : [ 0, 3, 2 ]
    }, {
      "vertices" : [ 0, 2, 1 ]
    } ]
  }, {
    "id" : "bd7a7aa9-890b-4549-8eab-bba53243dc1c",
    "vertices" : [ {
      "x" : -11.09017,
      "y" : 11.09017,
      "z" : -3.3301907
    }, {
      "x" : -4.236068,
      "y" : 11.09017,
      "z" : -3.3301907
    }, {
      "x" : -4.236068,
      "y" : 4.236068,
      "z" : -3.3301907
    }, {
      "x" : -11.09017,
      "y" : 4.236068,
      "z" : -3.3301907
    } ],
    "faces" : [ {
      "vertices" : [ 0, 1, 2 ]
    }, {
      "vertices" : [ 0, 2, 3 ]
    }, {
      "vertices" : [ 0, 3, 2 ]
    }, {
      "vertices" : [ 0, 2, 1 ]
    } ]
  }, {
    "id" : "3f03d144-85cf-4bb6-8ce9-ff2b7bbe4ce9",
    "vertices" : [ {
      "x" : 11.09017,
      "y" : -11.09017,
      "z" : 3.3301907
    }, {
      "x" : 4.236068,
      "y" : -11.09017,
      "z" : 3.3301907
    }, {
      "x" : 4.236068,
      "y" : -4.236068,
      "z" : 3.3301907
    }, {
      "x" : 11.09017,
      "y" : -4.236068,
      "z" : 3.3301907
    } ],
    "faces" : [ {
      "vertices" : [ 0, 1, 2 ]
    }, {
      "vertices" : [ 0, 2, 3 ]
    }, {
      "vertices" : [ 0, 3, 2 ]
    }, {
      "vertices" : [ 0, 2, 1 ]
    } ]
  }, {
    "id" : "7c39cbee-78cb-4402-b302-ffd3ffd78e09",
    "vertices" : [ {
      "x" : 15.326238,
      "y" : -15.326238,
      "z" : -7.4465327
    }, {
      "x" : 11.09017,
      "y" : -11.09017,
      "z" : -10.776724
    }, {
      "x" : 4.236068,
      "y" : -11.09017,
      "z" : -10.776724
    }, {
      "x" : 8.472136,
      "y" : -15.326238,
      "z" : -7.4465327
    } ],
    "faces" : [ {
      "vertices" : [ 0, 1, 2 ]
    }, {
      "vertices" : [ 0, 2, 3 ]
    }, {
      "vertices" : [ 0, 3, 2 ]
    }, {
      "vertices" : [ 0, 2, 1 ]
    } ]
  }, {
    "id" : "17ec7640-ed3f-44dc-b0c5-c526e57e1fb5",
    "vertices" : [ {
      "x" : -15.326238,
      "y" : 15.326238,
      "z" : 7.4465327
    }, {
      "x" : -11.09017,
      "y" : 15.326238,
      "z" : 2.058171
    }, {
      "x" : -11.09017,
      "y" : 11.09017,
      "z" : -3.3301907
    }, {
      "x" : -15.326238,
      "y" : 11.09017,
      "z" : 2.058171
    } ],
    "faces" : [ {
      "vertices" : [ 0, 1, 2 ]
    }, {
      "vertices" : [ 0, 2, 3 ]
    }, {
      "vertices" : [ 0, 3, 2 ]
    }, {
      "vertices" : [ 0, 2, 1 ]
    } ]
  }, {
    "id" : "5967ce3a-ebac-4be8-b446-6d1a420a340c",
    "vertices" : [ {
      "x" : -11.09017,
      "y" : 4.236068,
      "z" : 10.776724
    }, {
      "x" : -11.09017,
      "y" : 0.0,
      "z" : 5.388362
    }, {
      "x" : -4.236068,
      "y" : 0.0,
      "z" : 5.388362
    }, {
      "x" : -4.236068,
      "y" : 4.236068,
      "z" : 10.776724
    } ],
    "faces" : [ {
      "vertices" : [ 0, 1, 2 ]
    }, {
      "vertices" : [ 0, 2, 3 ]
    }, {
      "vertices" : [ 0, 3, 2 ]
    }, {
      "vertices" : [ 0, 2, 1 ]
    } ]
  }, {
    "id" : "ec86e843-0544-4890-b040-e8a40c7a29ac",
    "vertices" : [ {
      "x" : 4.236068,
      "y" : -11.09017,
      "z" : 3.3301907
    }, {
      "x" : 0.0,
      "y" : -6.854102,
      "z" : 0.0
    }, {
      "x" : 0.0,
      "y" : 0.0,
      "z" : 0.0
    }, {
      "x" : 4.236068,
      "y" : -4.236068,
      "z" : 3.3301907
    } ],
    "faces" : [ {
      "vertices" : [ 0, 1, 2 ]
    }, {
      "vertices" : [ 0, 2, 3 ]
    }, {
      "vertices" : [ 0, 3, 2 ]
    }, {
      "vertices" : [ 0, 2, 1 ]
    } ]
  }, {
    "id" : "8d65a71e-19ba-453c-8a8b-fe3d9853dd97",
    "vertices" : [ {
      "x" : 11.09017,
      "y" : -4.236068,
      "z" : 3.3301907
    }, {
      "x" : 4.236068,
      "y" : -4.236068,
      "z" : 3.3301907
    }, {
      "x" : 0.0,
      "y" : 0.0,
      "z" : 0.0
    }, {
      "x" : 6.854102,
      "y" : 0.0,
      "z" : 0.0
    } ],
    "faces" : [ {
      "vertices" : [ 0, 1, 2 ]
    }, {
      "vertices" : [ 0, 2, 3 ]
    }, {
      "vertices" : [ 0, 3, 2 ]
    }, {
      "vertices" : [ 0, 2, 1 ]
    } ]
  }, {
    "id" : "fbce31e7-abba-4019-8d50-d960461d7f26",
    "vertices" : [ {
      "x" : -4.236068,
      "y" : 11.09017,
      "z" : -3.3301907
    }, {
      "x" : 0.0,
      "y" : 6.854102,
      "z" : 0.0
    }, {
      "x" : 0.0,
      "y" : 0.0,
      "z" : 0.0
    }, {
      "x" : -4.236068,
      "y" : 4.236068,
      "z" : -3.3301907
    } ],
    "faces" : [ {
      "vertices" : [ 0, 1, 2 ]
    }, {
      "vertices" : [ 0, 2, 3 ]
    }, {
      "vertices" : [ 0, 3, 2 ]
    }, {
      "vertices" : [ 0, 2, 1 ]
    } ]
  }, {
    "id" : "1862a9ab-2dba-4035-a8d6-ee662c87b4f6",
    "vertices" : [ {
      "x" : -4.236068,
      "y" : 15.326238,
      "z" : 2.058171
    }, {
      "x" : 0.0,
      "y" : 11.09017,
      "z" : 5.388362
    }, {
      "x" : 0.0,
      "y" : 6.854102,
      "z" : 0.0
    }, {
      "x" : -4.236068,
      "y" : 11.09017,
      "z" : -3.3301907
    } ],
    "faces" : [ {
      "vertices" : [ 0, 1, 2 ]
    }, {
      "vertices" : [ 0, 2, 3 ]
    }, {
      "vertices" : [ 0, 3, 2 ]
    }, {
      "vertices" : [ 0, 2, 1 ]
    } ]
  }, {
    "id" : "1ad5b8b3-f900-4c9d-b209-0b3083ee7b9a",
    "vertices" : [ {
      "x" : -11.09017,
      "y" : 11.09017,
      "z" : 10.776724
    }, {
      "x" : -11.09017,
      "y" : 4.236068,
      "z" : 10.776724
    }, {
      "x" : -4.236068,
      "y" : 4.236068,
      "z" : 10.776724
    }, {
      "x" : -4.236068,
      "y" : 11.09017,
      "z" : 10.776724
    } ],
    "faces" : [ {
      "vertices" : [ 0, 1, 2 ]
    }, {
      "vertices" : [ 0, 2, 3 ]
    }, {
      "vertices" : [ 0, 3, 2 ]
    }, {
      "vertices" : [ 0, 2, 1 ]
    } ]
  }, {
    "id" : "5acf8812-41f6-4c5e-b1bf-2046f40d4b67",
    "vertices" : [ {
      "x" : -15.326238,
      "y" : 15.326238,
      "z" : 7.4465327
    }, {
      "x" : -8.472136,
      "y" : 15.326238,
      "z" : 7.4465327
    }, {
      "x" : -4.236068,
      "y" : 15.326238,
      "z" : 2.058171
    }, {
      "x" : -11.09017,
      "y" : 15.326238,
      "z" : 2.058171
    } ],
    "faces" : [ {
      "vertices" : [ 0, 1, 2 ]
    }, {
      "vertices" : [ 0, 2, 3 ]
    }, {
      "vertices" : [ 0, 3, 2 ]
    }, {
      "vertices" : [ 0, 2, 1 ]
    } ]
  }, {
    "id" : "198c45a2-5488-4f84-920e-9be34e1c1613",
    "vertices" : [ {
      "x" : -11.09017,
      "y" : 15.326238,
      "z" : 2.058171
    }, {
      "x" : -4.236068,
      "y" : 15.326238,
      "z" : 2.058171
    }, {
      "x" : -4.236068,
      "y" : 11.09017,
      "z" : -3.3301907
    }, {
      "x" : -11.09017,
      "y" : 11.09017,
      "z" : -3.3301907
    } ],
    "faces" : [ {
      "vertices" : [ 0, 1, 2 ]
    }, {
      "vertices" : [ 0, 2, 3 ]
    }, {
      "vertices" : [ 0, 3, 2 ]
    }, {
      "vertices" : [ 0, 2, 1 ]
    } ]
  }, {
    "id" : "924a9b94-deca-4764-bd5a-8fe74b6e501b",
    "vertices" : [ {
      "x" : -15.326238,
      "y" : 15.326238,
      "z" : 7.4465327
    }, {
      "x" : -15.326238,
      "y" : 8.472136,
      "z" : 7.4465327
    }, {
      "x" : -11.09017,
      "y" : 4.236068,
      "z" : 10.776724
    }, {
      "x" : -11.09017,
      "y" : 11.09017,
      "z" : 10.776724
    } ],
    "faces" : [ {
      "vertices" : [ 0, 1, 2 ]
    }, {
      "vertices" : [ 0, 2, 3 ]
    }, {
      "vertices" : [ 0, 3, 2 ]
    }, {
      "vertices" : [ 0, 2, 1 ]
    } ]
  }, {
    "id" : "8ebd023b-80ba-4d33-8c71-7adbb881f640",
    "vertices" : [ {
      "x" : 10.854563,
      "y" : -10.587896,
      "z" : -10.119152
    }, {
      "x" : 10.754562,
      "y" : -10.487896,
      "z" : -10.519153
    }, {
      "x" : 0.23560727,
      "y" : -0.5022739,
      "z" : -0.65757096
    }, {
      "x" : 0.33560726,
      "y" : -0.60227394,
      "z" : -0.25757095
    }, {
      "x" : 10.52123,
      "y" : -10.787896,
      "z" : -10.652486
    }, {
