{
  "field" : "golden",
  "symmetry" : "icosahedral",
  "orientations" : [ [ 1.0, 0.0, 0.0, 0.0, 0.0, 1.0, 0.0, 0.0, 0.0, 0.0, 1.0, 0.0, 0.0, 0.0, 0.0, 1.0 ], [ 0.0, 0.0, 1.0, 0.0, 1.0, 0.0, 0.0, 0.0, 0.0, 1.0, 0.0, 0.0, 0.0, 0.0, 0.0, 1.0 ], [ 0.0, 1.0, 0.0, 0.0, 0.0, 0.0, 1.0, 0.0, 1.0, 0.0, 0.0, 0.0, 0.0, 0.0, 0.0, 1.0 ], [ 0.809017, 0.309017, 0.5, 0.0, 0.309017, 0.5, -0.809017, 0.0, -0.5, 0.809017, 0.309017, 0.0, 0.0, 0.0, 0.0, 1.0 ], [ -0.5, 0.809017, 0.309017, 0.0, 0.809017, 0.309017, 0.5, 0.0, 0.309017, 0.5, -0.809017, 0.0, 0.0, 0.0, 0.0, 1.0 ], [ 0.309017, 0.5, -0.809017, 0.0, -0.5, 0.809017, 0.309017, 0.0, 0.809017, 0.309017, 0.5, 0.0, 0.0, 0.0, 0.0, 1.0 ], [ 0.5, 0.809017, 0.309017, 0.0, 0.809017, -0.309017, -0.5, 0.0, -0.309017, 0.5, -0.809017, 0.0, 0.0, 0.0, 0.0, 1.0 ], [ -0.309017, 0.5, -0.809017, 0.0, 0.5, 0.809017, 0.309017, 0.0, 0.809017, -0.309017, -0.5, 0.0, 0.0, 0.0, 0.0, 1.0 ], [ 0.809017, -0.309017, -0.5, 0.0, -0.309017, 0.5, -0.809017, 0.0, 0.5, 0.809017, 0.309017, 0.0, 0.0, 0.0, 0.0, 1.0 ], [ 0.5, 0.809017, -0.309017, 0.0, 0.809017, -0.309017, 0.5, 0.0, 0.309017, -0.5, -0.809017, 0.0, 0.0, 0.0, 0.0, 1.0 ], [ 0.309017, -0.5, -0.809017, 0.0, 0.5, 0.809017, -0.309017, 0.0, 0.809017, -0.309017, 0.5, 0.0, 0.0, 0.0, 0.0, 1.0 ], [ 0.809017, -0.309017, 0.5, 0.0, 0.309017, -0.5, -0.809017, 0.0, 0.5, 0.809017, -0.309017, 0.0, 0.0, 0.0, 0.0, 1.0 ], [ 0.809017, 0.309017, -0.5, 0.0, 0.309017, 0.5, 0.809017, 0.0, 0.5, -0.809017, 0.309017, 0.0, 0.0, 0.0, 0.0, 1.0 ], [ 0.5, -0.809017, 0.309017, 0.0, 0.809017, 0.309017, -0.5, 0.0, 0.309017, 0.5, 0.809017, 0.0, 0.0, 0.0, 0.0, 1.0 ], [ 0.309017, 0.5, 0.809017, 0.0, 0.5, -0.809017, 0.309017, 0.0, 0.809017, 0.309017, -0.5, 0.0, 0.0, 0.0, 0.0, 1.0 ], [ 1.0, 0.0, 0.0, 0.0, 0.0, -1.0, 0.0, 0.0, 0.0, 0.0, -1.0, 0.0, 0.0, 0.0, 0.0, 1.0 ], [ 0.0, 0.0, 1.0, 0.0, -1.0, 0.0, 0.0, 0.0, 0.0, -1.0, 0.0, 0.0, 0.0, 0.0, 0.0, 1.0 ], [ 0.0, 1.0, 0.0, 0.0, 0.0, 0.0, -1.0, 0.0, -1.0, 0.0, 0.0, 0.0, 0.0, 0.0, 0.0, 1.0 ], [ 0.809017, 0.309017, 0.5, 0.0, -0.309017, -0.5, 0.809017, 0.0, 0.5, -0.809017, -0.309017, 0.0, 0.0, 0.0, 0.0, 1.0 ], [ -0.5, 0.809017, 0.309017, 0.0, -0.809017, -0.309017, -0.5, 0.0, -0.309017, -0.5, 0.809017, 0.0, 0.0, 0.0, 0.0, 1.0 ], [ 0.309017, 0.5, -0.809017, 0.0, 0.5, -0.809017, -0.309017, 0.0, -0.809017, -0.309017, -0.5, 0.0, 0.0, 0.0, 0.0, 1.0 ], [ 0.5, 0.809017, 0.309017, 0.0, -0.809017, 0.309017, 0.5, 0.0, 0.309017, -0.5, 0.809017, 0.0, 0.0, 0.0, 0.0, 1.0 ], [ -0.309017, 0.5, -0.809017, 0.0, -0.5, -0.809017, -0.309017, 0.0, -0.809017, 0.309017, 0.5, 0.0, 0.0, 0.0, 0.0, 1.0 ], [ 0.809017, -0.309017, -0.5, 0.0, 0.309017, -0.5, 0.809017, 0.0, -0.5, -0.809017, -0.309017, 0.0, 0.0, 0.0, 0.0, 1.0 ], [ 0.5, 0.809017, -0.309017, 0.0, -0.809017, 0.309017, -0.5, 0.0, -0.309017, 0.5, 0.809017, 0.0, 0.0, 0.0, 0.0, 1.0 ], [ 0.309017, -0.5, -0.809017, 0.0, -0.5, -0.809017, 0.309017, 0.0, -0.809017, 0.309017, -0.5, 0.0, 0.0, 0.0, 0.0, 1.0 ], [ 0.809017, -0.309017, 0.5, 0.0, -0.309017, 0.5, 0.809017, 0.0, -0.5, -0.809017, 0.309017, 0.0, 0.0, 0.0, 0.0, 1.0 ], [ 0.809017, 0.309017, -0.5, 0.0, -0.309017, -0.5, -0.809017, 0.0, -0.5, 0.809017, -0.309017, 0.0, 0.0, 0.0, 0.0, 1.0 ], [ 0.5, -0.809017, 0.309017, 0.0, -0.809017, -0.309017, 0.5, 0.0, -0.309017, -0.5, -0.809017, 0.0, 0.0, 0.0, 0.0, 1.0 ], [ 0.309017, 0.5, 0.809017, 0.0, -0.5, 0.809017, -0.309017, 0.0, -0.809017, -0.309017, 0.5, 0.0, 0.0, 0.0, 0.0, 1.0 ], [ -1.0, 0.0, 0.0, 0.0, 0.0, -1.0, 0.0, 0.0, 0.0, 0.0, 1.0, 0.0, 0.0, 0.0, 0.0, 1.0 ], [ 0.0, 0.0, -1.0, 0.0, -1.0, 0.0, 0.0, 0.0, 0.0, 1.0, 0.0, 0.0, 0.0, 0.0, 0.0, 1.0 ], [ 0.0, -1.0, 0.0, 0.0, 0.0, 0.0, -1.0, 0.0, 1.0, 0.0, 0.0, 0.0, 0.0, 0.0, 0.0, 1.0 ], [ -0.809017, -0.309017, -0.5, 0.0, -0.309017, -0.5, 0.809017, 0.0, -0.5, 0.809017, 0.309017, 0.0, 0.0, 0.0, 0.0, 1.0 ], [ 0.5, -0.809017, -0.309017, 0.0, -0.809017, -0.309017, -0.5, 0.0, 0.309017, 0.5, -0.809017, 0.0, 0.0, 0.0, 0.0, 1.0 ], [ -0.309017, -0.5, 0.809017, 0.0, 0.5, -0.809017, -0.309017, 0.0, 0.809017, 0.309017, 0.5, 0.0, 0.0, 0.0, 0.0, 1.0 ], [ -0.5, -0.809017, -0.309017, 0.0, -0.809017, 0.309017, 0.5, 0.0, -0.309017, 0.5, -0.809017, 0.0, 0.0, 0.0, 0.0, 1.0 ], [ 0.309017, -0.5, 0.809017, 0.0, -0.5, -0.809017, -0.309017, 0.0, 0.809017, -0.309017, -0.5, 0.0, 0.0, 0.0, 0.0, 1.0 ], [ -0.809017, 0.309017, 0.5, 0.0, 0.309017, -0.5, 0.809017, 0.0, 0.5, 0.809017, 0.309017, 0.0, 0.0, 0.0, 0.0, 1.0 ], [ -0.5, -0.809017, 0.309017, 0.0, -0.809017, 0.309017, -0.5, 0.0, 0.309017, -0.5, -0.809017, 0.0, 0.0, 0.0, 0.0, 1.0 ], [ -0.309017, 0.5, 0.809017, 0.0, -0.5, -0.809017, 0.309017, 0.0, 0.809017, -0.309017, 0.5, 0.0, 0.0, 0.0, 0.0, 1.0 ], [ -0.809017, 0.309017, -0.5, 0.0, -0.309017, 0.5, 0.809017, 0.0, 0.5, 0.809017, -0.309017, 0.0, 0.0, 0.0, 0.0, 1.0 ], [ -0.809017, -0.309017, 0.5, 0.0, -0.309017, -0.5, -0.809017, 0.0, 0.5, -0.809017, 0.309017, 0.0, 0.0, 0.0, 0.0, 1.0 ], [ -0.5, 0.809017, -0.309017, 0.0, -0.809017, -0.309017, 0.5, 0.0, 0.309017, 0.5, 0.809017, 0.0, 0.0, 0.0, 0.0, 1.0 ], [ -0.309017, -0.5, -0.809017, 0.0, -0.5, 0.809017, -0.309017, 0.0, 0.809017, 0.309017, -0.5, 0.0, 0.0, 0.0, 0.0, 1.0 ], [ -1.0, 0.0, 0.0, 0.0, 0.0, 1.0, 0.0, 0.0, 0.0, 0.0, -1.0, 0.0, 0.0, 0.0, 0.0, 1.0 ], [ 0.0, 0.0, -1.0, 0.0, 1.0, 0.0, 0.0, 0.0, 0.0, -1.0, 0.0, 0.0, 0.0, 0.0, 0.0, 1.0 ], [ 0.0, -1.0, 0.0, 0.0, 0.0, 0.0, 1.0, 0.0, -1.0, 0.0, 0.0, 0.0, 0.0, 0.0, 0.0, 1.0 ], [ -0.809017, -0.309017, -0.5, 0.0, 0.309017, 0.5, -0.809017, 0.0, 0.5, -0.809017, -0.309017, 0.0, 0.0, 0.0, 0.0, 1.0 ], [ 0.5, -0.809017, -0.309017, 0.0, 0.809017, 0.309017, 0.5, 0.0, -0.309017, -0.5, 0.809017, 0.0, 0.0, 0.0, 0.0, 1.0 ], [ -0.309017, -0.5, 0.809017, 0.0, -0.5, 0.809017, 0.309017, 0.0, -0.809017, -0.309017, -0.5, 0.0, 0.0, 0.0, 0.0, 1.0 ], [ -0.5, -0.809017, -0.309017, 0.0, 0.809017, -0.309017, -0.5, 0.0, 0.309017, -0.5, 0.809017, 0.0, 0.0, 0.0, 0.0, 1.0 ], [ 0.309017, -0.5, 0.809017, 0.0, 0.5, 0.809017, 0.309017, 0.0, -0.809017, 0.309017, 0.5, 0.0, 0.0, 0.0, 0.0, 1.0 ], [ -0.809017, 0.309017, 0.5, 0.0, -0.309017, 0.5, -0.809017, 0.0, -0.5, -0.809017, -0.309017, 0.0, 0.0, 0.0, 0.0, 1.0 ], [ -0.5, -0.809017, 0.309017, 0.0, 0.809017, -0.309017, 0.5, 0.0, -0.309017, 0.5, 0.809017, 0.0, 0.0, 0.0, 0.0, 1.0 ], [ -0.309017, 0.5, 0.809017, 0.0, 0.5, 0.809017, -0.309017, 0.0, -0.809017, 0.309017, -0.5, 0.0, 0.0, 0.0, 0.0, 1.0 ], [ -0.809017, 0.309017, -0.5, 0.0, 0.309017, -0.5, -0.809017, 0.0, -0.5, -0.809017, 0.309017, 0.0, 0.0, 0.0, 0.0, 1.0 ], [ -0.809017, -0.309017, 0.5, 0.0, 0.309017, 0.5, 0.809017, 0.0, -0.5, 0.809017, -0.309017, 0.0, 0.0, 0.0, 0.0, 1.0 ], [ -0.5, 0.809017, -0.309017, 0.0, 0.809017, 0.309017, -0.5, 0.0, -0.309017, -0.5, -0.809017, 0.0, 0.0, 0.0, 0.0, 1.0 ], [ -0.309017, -0.5, -0.809017, 0.0, 0.5, -0.809017, 0.309017, 0.0, -0.809017, -0.309017, 0.5, 0.0, 0.0, 0.0, 0.0, 1.0 ] ],
  "lights" : {
    "backgroundColor" : "#FFFFFF",
    "ambientColor" : "#292929",
    "directionalLights" : [ {
      "direction" : {
        "x" : 1.0,
        "y" : -1.0,
        "z" : -1.0
      },
      "color" : "#EBEBE4"
    }, {
      "direction" : {
        "x" : -1.0,
        "y" : 0.0,
        "z" : 0.0
      },
      "color" : "#E4E4EB"
    }, {
      "direction" : {
        "x" : 0.0,
        "y" : 0.0,
        "z" : -1.0
      },
      "color" : "#1E1E1E"
    } ]
  },
  "camera" : {
    "lookDirection" : {
      "x" : 0.0,
      "y" : 0.0,
      "z" : -1.0
    },
    "upDirection" : {
      "x" : 0.0,
      "y" : 1.0,
      "z" : 0.0
    },
    "lookAtPoint" : {
      "x" : 0.0,
      "y" : 0.0,
      "z" : 0.0
    },
    "viewDistance" : 237.19424,
    "nearClipDistance" : 0.59298617,
    "farClipDistance" : 474.38742,
    "fieldOfView" : 0.442629,
    "perspective" : false,
    "stereo" : false,
    "width" : 106.73744,
    "position" : {
      "x" : 0.0,
      "y" : 0.0,
      "z" : 237.19424
    }
  },
  "embedding" : [ 1.0, 0.0, 0.0, 0.0, 0.0, 1.0, 0.0, 0.0, 0.0, 0.0, 1.0, 0.0, 0.0, 0.0, 0.0, 1.0 ],
  "shapes" : [ {
    "id" : "51512283-8121-4453-98d2-0f07edfcbe19",
    "vertices" : [ {
      "x" : -0.309017,
      "y" : -0.19098301,
      "z" : 0.0
    }, {
      "x" : -0.309017,
      "y" : 0.19098301,
      "z" : 0.0
    }, {
      "x" : -0.19098301,
      "y" : 0.0,
      "z" : -0.309017
    }, {
      "x" : -0.19098301,
      "y" : 0.0,
      "z" : 0.309017
    }, {
      "x" : 0.0,
      "y" : -0.309017,
      "z" : -0.19098301
    }, {
      "x" : 0.0,
      "y" : -0.309017,
      "z" : 0.19098301
    }, {
      "x" : 0.0,
      "y" : 0.309017,
      "z" : -0.19098301
    }, {
      "x" : 0.0,
      "y" : 0.309017,
      "z" : 0.19098301
    }, {
      "x" : 0.19098301,
      "y" : 0.0,
      "z" : -0.309017
    }, {
      "x" : 0.19098301,
      "y" : 0.0,
      "z" : 0.309017
    }, {
      "x" : 0.309017,
      "y" : -0.19098301,
      "z" : 0.0
    }, {
      "x" : 0.309017,
      "y" : 0.19098301,
      "z" : 0.0
    } ],
    "faces" : [ {
      "vertices" : [ 0, 1, 2 ]
    }, {
      "vertices" : [ 0, 3, 1 ]
    }, {
      "vertices" : [ 0, 2, 4 ]
    }, {
      "vertices" : [ 0, 5, 3 ]
    }, {
      "vertices" : [ 0, 4, 5 ]
    }, {
      "vertices" : [ 1, 6, 2 ]
    }, {
      "vertices" : [ 1, 3, 7 ]
    }, {
      "vertices" : [ 1, 7, 6 ]
    }, {
      "vertices" : [ 2, 8, 4 ]
    }, {
      "vertices" : [ 2, 6, 8 ]
    }, {
      "vertices" : [ 3, 5, 9 ]
    }, {
      "vertices" : [ 3, 9, 7 ]
    }, {
      "vertices" : [ 4, 10, 5 ]
    }, {
      "vertices" : [ 4, 8, 10 ]
    }, {
      "vertices" : [ 5, 10, 9 ]
    }, {
      "vertices" : [ 6, 7, 11 ]
    }, {
      "vertices" : [ 6, 11, 8 ]
    }, {
      "vertices" : [ 7, 9, 11 ]
    }, {
      "vertices" : [ 8, 11, 10 ]
    }, {
      "vertices" : [ 9, 10, 11 ]
    } ]
  }, {
    "id" : "a5725497-bf9b-4c56-96b1-104c530e31cd",
    "vertices" : [ {
      "x" : 1.0,
      "y" : 0.309017,
      "z" : 0.19098301
    }, {
      "x" : 1.0,
      "y" : -0.309017,
      "z" : 0.19098301
    }, {
      "x" : 7.472136,
      "y" : -0.309017,
      "z" : 0.19098301
    }, {
      "x" : 7.472136,
      "y" : 0.309017,
      "z" : 0.19098301
    }, {
      "x" : 7.472136,
      "y" : -0.309017,
      "z" : -0.19098301
    }, {
      "x" : 7.472136,
      "y" : 0.309017,
      "z" : -0.19098301
    }, {
      "x" : 8.09017,
      "y" : 0.0,
      "z" : 0.0
    }, {
      "x" : 0.38196602,
      "y" : 0.0,
      "z" : 0.0
    }, {
      "x" : 1.0,
      "y" : 0.309017,
      "z" : -0.19098301
    }, {
      "x" : 1.0,
      "y" : -0.309017,
      "z" : -0.19098301
    }, {
      "x" : 8.472136,
      "y" : 0.0,
      "z" : 0.0
    } ],
    "faces" : [ {
      "vertices" : [ 1, 9, 4 ]
    }, {
      "vertices" : [ 1, 4, 2 ]
    }, {
      "vertices" : [ 0, 3, 5 ]
    }, {
      "vertices" : [ 0, 5, 8 ]
    }, {
      "vertices" : [ 1, 7, 9 ]
    }, {
      "vertices" : [ 0, 1, 2 ]
    }, {
      "vertices" : [ 0, 2, 3 ]
    }, {
      "vertices" : [ 7, 8, 9 ]
    }, {
      "vertices" : [ 0, 7, 1 ]
    }, {
      "vertices" : [ 4, 9, 8 ]
    }, {
      "vertices" : [ 4, 8, 5 ]
    }, {
      "vertices" : [ 2, 6, 3 ]
    }, {
      "vertices" : [ 2, 4, 6 ]
    }, {
      "vertices" : [ 3, 6, 5 ]
    }, {
      "vertices" : [ 4, 5, 6 ]
    }, {
      "vertices" : [ 0, 8, 7 ]
    } ]
  }, {
    "id" : "6475c2c8-e714-4e89-b543-29167fde4e63",
    "vertices" : [ {
      "x" : 6.854102,
      "y" : 0.0,
      "z" : -2.618034
    }, {
      "x" : 6.545085,
      "y" : 0.0,
      "z" : -2.5
    }, {
      "x" : 6.1405764,
      "y" : -0.1545085,
      "z" : -2.059017
    }, {
      "x" : 5.9495935,
      "y" : -0.1545085,
      "z" : -2.559017
    }, {
      "x" : 0.9045085,
      "y" : -0.1545085,
      "z" : -0.059016995
    }, {
      "x" : 0.809017,
      "y" : 0.309017,
      "z" : -0.309017
    }, {
      "x" : 0.309017,
      "y" : 0.0,
      "z" : -0.11803399
    }, {
      "x" : 6.045085,
      "y" : 0.309017,
      "z" : -2.309017
    }, {
      "x" : 0.7135255,
      "y" : -0.1545085,
      "z" : -0.559017
    } ],
    "faces" : [ {
      "vertices" : [ 2, 4, 8 ]
    }, {
      "vertices" : [ 2, 8, 3 ]
    }, {
      "vertices" : [ 2, 7, 5 ]
    }, {
      "vertices" : [ 2, 5, 4 ]
    }, {
      "vertices" : [ 4, 6, 8 ]
    }, {
      "vertices" : [ 5, 8, 6 ]
    }, {
      "vertices" : [ 1, 2, 3 ]
    }, {
      "vertices" : [ 3, 8, 5 ]
    }, {
      "vertices" : [ 3, 5, 7 ]
    }, {
      "vertices" : [ 1, 7, 2 ]
    }, {
      "vertices" : [ 1, 3, 7 ]
    }, {
      "vertices" : [ 4, 5, 6 ]
    } ]
  }, {
    "id" : "d937130b-6bfd-4830-8274-b247257bd18a",
    "vertices" : [ {
      "x" : 1.236068,
      "y" : 0.54508495,
      "z" : 0.33688104
    }, {
      "x" : 1.236068,
      "y" : -0.072949015,
      "z" : 0.33688104
    }, {
      "x" : 5.618034,
      "y" : 0.76393205,
      "z" : 0.85410196
    }, {
      "x" : 5.618034,
      "y" : 1.381966,
      "z" : 0.85410196
    }, {
      "x" : 6.854102,
      "y" : 1.309017,
      "z" : 0.809017
    }, {
      "x" : 0.295686,
      "y" : 0.056471,
      "z" : 0.034900997
    }, {
      "x" : 1.236068,
      "y" : 0.54508495,
      "z" : -0.045084972
    }, {
      "x" : 5.618034,
      "y" : 0.76393205,
      "z" : 0.47213596
    }, {
      "x" : 1.236068,
      "y" : -0.072949015,
      "z" : -0.045084972
    }, {
      "x" : 5.618034,
      "y" : 1.381966,
      "z" : 0.47213596
    }, {
      "x" : 6.558416,
      "y" : 1.252546,
      "z" : 0.774116
    } ],
    "faces" : [ {
      "vertices" : [ 1, 8, 7 ]
    }, {
      "vertices" : [ 1, 7, 2 ]
    }, {
      "vertices" : [ 0, 3, 9 ]
    }, {
      "vertices" : [ 0, 9, 6 ]
    }, {
      "vertices" : [ 2, 7, 10 ]
    }, {
      "vertices" : [ 5, 6, 8 ]
    }, {
      "vertices" : [ 0, 1, 2 ]
    }, {
      "vertices" : [ 0, 2, 3 ]
    }, {
      "vertices" : [ 0, 5, 1 ]
    }, {
      "vertices" : [ 3, 10, 9 ]
    }, {
      "vertices" : [ 7, 9, 10 ]
    }, {
      "vertices" : [ 0, 6, 5 ]
    }, {
      "vertices" : [ 6, 9, 7 ]
    }, {
      "vertices" : [ 6, 7, 8 ]
    }, {
      "vertices" : [ 1, 5, 8 ]
    }, {
      "vertices" : [ 2, 10, 3 ]
    } ]
  }, {
    "id" : "27d519d1-8f65-4ccf-ad6f-c1b6866ed63b",
    "vertices" : [ {
      "x" : 2.9967234,
      "y" : -4.5420794,
      "z" : -3.3300567
    }, {
      "x" : 3.0967233,
      "y" : -4.6420794,
      "z" : -2.9300566
    }, {
      "x" : 0.53333336,
      "y" : -0.4,
      "z" : -0.2
    }, {
      "x" : 0.43333334,
      "y" : -0.3,
      "z" : -0.6
    }, {
      "x" : 3.3967233,
      "y" : -4.408746,
      "z" : -3.06339
    }, {
      "x" : 3.2967234,
      "y" : -4.308746,
      "z" : -3.4633899
    }, {
      "x" : 0.13333334,
      "y" : -0.53333336,
      "z" : -0.46666667
    }, {
      "x" : 0.23333333,
      "y" : -0.6333333,
      "z" : -0.06666667
    } ],
    "faces" : [ {
      "vertices" : [ 2, 3, 6 ]
    }, {
      "vertices" : [ 2, 6, 7 ]
    }, {
      "vertices" : [ 0, 5, 4 ]
    }, {
      "vertices" : [ 0, 4, 1 ]
    }, {
      "vertices" : [ 2, 4, 5 ]
    }, {
      "vertices" : [ 2, 5, 3 ]
    }, {
      "vertices" : [ 0, 6, 3 ]
    }, {
      "vertices" : [ 0, 3, 5 ]
    }, {
      "vertices" : [ 0, 1, 7 ]
    }, {
      "vertices" : [ 0, 7, 6 ]
    }, {
      "vertices" : [ 1, 4, 2 ]
    }, {
      "vertices" : [ 1, 2, 7 ]
    } ]
  }, {
    "id" : "d71559f5-aebd-4335-bbda-2903bab611a4",
    "vertices" : [ {
      "x" : 4.5694013,
      "y" : 0.0,
      "z" : -1.745356
    }, {
      "x" : 4.260384,
      "y" : 0.0,
      "z" : -1.627322
    }, {
      "x" : 3.8558757,
      "y" : -0.1545085,
      "z" : -1.186339
    }, {
      "x" : 3.664893,
      "y" : -0.1545085,
      "z" : -1.686339
    }, {
      "x" : 0.9045085,
      "y" : -0.1545085,
      "z" : -0.059016995
    }, {
      "x" : 0.809017,
      "y" : 0.309017,
      "z" : -0.309017
    }, {
      "x" : 0.309017,
      "y" : 0.0,
      "z" : -0.11803399
    }, {
      "x" : 3.7603843,
      "y" : 0.309017,
      "z" : -1.436339
    }, {
      "x" : 0.7135255,
      "y" : -0.1545085,
      "z" : -0.559017
    } ],
    "faces" : [ {
      "vertices" : [ 2, 4, 8 ]
    }, {
      "vertices" : [ 2, 8, 3 ]
    }, {
      "vertices" : [ 2, 7, 5 ]
    }, {
      "vertices" : [ 2, 5, 4 ]
    }, {
      "vertices" : [ 4, 6, 8 ]
    }, {
      "vertices" : [ 5, 8, 6 ]
    }, {
      "vertices" : [ 1, 2, 3 ]
    }, {
      "vertices" : [ 3, 8, 5 ]
    }, {
      "vertices" : [ 3, 5, 7 ]
    }, {
      "vertices" : [ 1, 7, 2 ]
    }, {
      "vertices" : [ 1, 3, 7 ]
    }, {
      "vertices" : [ 4, 5, 6 ]
    } ]
  }, {
    "id" : "7d3999c6-381f-45e7-b992-3e62359d691e",
    "vertices" : [ {
      "x" : -22.18034,
      "y" : 11.708204,
      "z" : -0.76393205
    }, {
      "x" : -22.18034,
      "y" : 22.18034,
      "z" : -0.76393205
    }, {
      "x" : -11.708204,
      "y" : 22.18034,
      "z" : -0.76393205
    }, {
      "x" : -11.708204,
      "y" : 11.708204,
      "z" : -0.76393205
    } ],
    "faces" : [ {
      "vertices" : [ 0, 1, 2 ]
    }, {
      "vertices" : [ 0, 2, 3 ]
    }, {
      "vertices" : [ 0, 3, 2 ]
    }, {
      "vertices" : [ 0, 2, 1 ]
    } ]
  }, {
    "id" : "c96421f1-5f9b-4312-a866-616b7c47364c",
    "vertices" : [ {
      "x" : 6.545085,
      "y" : 2.5,
      "z" : -0.95491505
    }, {
      "x" : 6.163119,
      "y" : 2.045085,
      "z" : -0.76393205
    }, {
      "x" : 6.0,
      "y" : 2.309017,
      "z" : -1.190983
    }, {
      "x" : 5.927051,
      "y" : 2.572949,
      "z" : -1.0
    }, {
      "x" : 0.85410196,
      "y" : 0.309017,
      "z" : 0.19098301
    }, {
      "x" : 0.690983,
      "y" : 0.572949,
      "z" : -0.23606798
    }, {
      "x" : 0.309017,
      "y" : 0.11803399,
      "z" : -0.045084972
    }, {
      "x" : 0.76393205,
      "y" : 0.309017,
      "z" : -0.42705098
    }, {
      "x" : 0.927051,
      "y" : 0.045084972,
      "z" : 0.0
    }, {
      "x" : 6.09017,
      "y" : 2.309017,
      "z" : -0.572949
    }, {
      "x" : 6.854102,
      "y" : 2.618034,
      "z" : -1.0
    } ],
    "faces" : [ {
      "vertices" : [ 2, 7, 5 ]
    }, {
      "vertices" : [ 2, 5, 3 ]
    }, {
      "vertices" : [ 1, 8, 7 ]
    }, {
      "vertices" : [ 1, 7, 2 ]
    }, {
      "vertices" : [ 4, 6, 8 ]
    }, {
      "vertices" : [ 5, 7, 6 ]
    }, {
      "vertices" : [ 0, 1, 2 ]
    }, {
      "vertices" : [ 0, 2, 3 ]
    }, {
      "vertices" : [ 6, 7, 8 ]
    }, {
      "vertices" : [ 3, 5, 4 ]
    }, {
      "vertices" : [ 3, 4, 9 ]
    }, {
      "vertices" : [ 1, 9, 4 ]
    }, {
      "vertices" : [ 1, 4, 8 ]
    }, {
      "vertices" : [ 0, 9, 1 ]
    }, {
      "vertices" : [ 0, 3, 9 ]
    }, {
      "vertices" : [ 4, 5, 6 ]
    } ]
  }, {
    "id" : "ed641a51-1657-4180-8648-90aee6d84b3b",
    "vertices" : [ {
      "x" : 1.0,
      "y" : 0.309017,
      "z" : 0.19098301
    }, {
      "x" : 1.0,
      "y" : -0.309017,
      "z" : 0.19098301
    }, {
      "x" : 6.708204,
      "y" : -0.309017,
      "z" : 0.19098301
    }, {
      "x" : 6.708204,
      "y" : 0.309017,
      "z" : 0.19098301
    }, {
      "x" : 6.708204,
      "y" : -0.309017,
      "z" : -0.19098301
    }, {
      "x" : 6.708204,
      "y" : 0.309017,
      "z" : -0.19098301
    }, {
      "x" : 7.326238,
      "y" : 0.0,
      "z" : 0.0
    }, {
      "x" : 0.38196602,
      "y" : 0.0,
      "z" : 0.0
    }, {
      "x" : 1.0,
      "y" : 0.309017,
      "z" : -0.19098301
    }, {
      "x" : 1.0,
      "y" : -0.309017,
      "z" : -0.19098301
    }, {
      "x" : 7.708204,
      "y" : 0.0,
      "z" : 0.0
    } ],
    "faces" : [ {
      "vertices" : [ 1, 9, 4 ]
    }, {
      "vertices" : [ 1, 4, 2 ]
    }, {
      "vertices" : [ 0, 3, 5 ]
    }, {
      "vertices" : [ 0, 5, 8 ]
    }, {
      "vertices" : [ 1, 7, 9 ]
    }, {
      "vertices" : [ 0, 1, 2 ]
    }, {
      "vertices" : [ 0, 2, 3 ]
    }, {
      "vertices" : [ 7, 8, 9 ]
    }, {
      "vertices" : [ 0, 7, 1 ]
    }, {
      "vertices" : [ 4, 9, 8 ]
    }, {
      "vertices" : [ 4, 8, 5 ]
    }, {
      "vertices" : [ 2, 6, 3 ]
    }, {
      "vertices" : [ 2, 4, 6 ]
    }, {
      "vertices" : [ 3, 6, 5 ]
    }, {
      "vertices" : [ 4, 5, 6 ]
    }, {
      "vertices" : [ 0, 8, 7 ]
    } ]
  }, {
    "id" : "331d4b12-d91b-4919-90c4-3f57310b0c38",
    "vertices" : [ {
      "x" : 17.944271,
      "y" : 0.0,
      "z" : -6.854102
    }, {
      "x" : 17.635256,
      "y" : 0.0,
      "z" : -6.736068
    }, {
      "x" : 17.230747,
      "y" : -0.1545085,
      "z" : -6.295085
    }, {
      "x" : 17.039762,
      "y" : -0.1545085,
      "z" : -6.795085
    }, {
      "x" : 0.9045085,
      "y" : -0.1545085,
      "z" : -0.059016995
    }, {
      "x" : 0.809017,
      "y" : 0.309017,
      "z" : -0.309017
    }, {
      "x" : 0.309017,
      "y" : 0.0,
      "z" : -0.11803399
    }, {
      "x" : 17.135256,
      "y" : 0.309017,
      "z" : -6.545085
    }, {
      "x" : 0.7135255,
      "y" : -0.1545085,
      "z" : -0.559017
    } ],
    "faces" : [ {
      "vertices" : [ 2, 4, 8 ]
    }, {
      "vertices" : [ 2, 8, 3 ]
    }, {
      "vertices" : [ 2, 7, 5 ]
    }, {
      "vertices" : [ 2, 5, 4 ]
    }, {
      "vertices" : [ 4, 6, 8 ]
    }, {
      "vertices" : [ 5, 8, 6 ]
    }, {
      "vertices" : [ 1, 2, 3 ]
    }, {
      "vertices" : [ 3, 8, 5 ]
    }, {
      "vertices" : [ 3, 5, 7 ]
    }, {
      "vertices" : [ 1, 7, 2 ]
    }, {
      "vertices" : [ 1, 3, 7 ]
    }, {
      "vertices" : [ 4, 5, 6 ]
    } ]
  }, {
    "id" : "7cb0e54a-71c9-401c-bbcd-96519c4f582b",
    "vertices" : [ {
      "x" : 2.2847006,
      "y" : 0.0,
      "z" : -0.872678
    }, {
      "x" : 1.9756837,
      "y" : 0.0,
      "z" : -0.75464404
    }, {
      "x" : 1.5711752,
      "y" : -0.1545085,
      "z" : -0.313661
    }, {
      "x" : 1.3801922,
      "y" : -0.1545085,
      "z" : -0.813661
    }, {
      "x" : 0.9045085,
      "y" : -0.1545085,
      "z" : -0.059016995
    }, {
      "x" : 0.809017,
      "y" : 0.309017,
      "z" : -0.309017
    }, {
      "x" : 0.309017,
      "y" : 0.0,
      "z" : -0.11803399
    }, {
      "x" : 1.4756837,
      "y" : 0.309017,
      "z" : -0.563661
    }, {
      "x" : 0.7135255,
      "y" : -0.1545085,
      "z" : -0.559017
    } ],
    "faces" : [ {
      "vertices" : [ 2, 4, 8 ]
    }, {
      "vertices" : [ 2, 8, 3 ]
    }, {
      "vertices" : [ 2, 7, 5 ]
    }, {
      "vertices" : [ 2, 5, 4 ]
    }, {
      "vertices" : [ 4, 6, 8 ]
    }, {
      "vertices" : [ 5, 8, 6 ]
    }, {
      "vertices" : [ 1, 2, 3 ]
    }, {
      "vertices" : [ 3, 8, 5 ]
    }, {
      "vertices" : [ 3, 5, 7 ]
    }, {
      "vertices" : [ 1, 7, 2 ]
    }, {
      "vertices" : [ 1, 3, 7 ]
    }, {
      "vertices" : [ 4, 5, 6 ]
    } ]
  }, {
    "id" : "fe814985-d97d-444b-9b8e-9dd732b05585",
    "vertices" : [ {
      "x" : -11.708204,
      "y" : -0.76393205,
      "z" : 22.18034
    }, {
      "x" : -22.18034,
      "y" : -0.76393205,
      "z" : 22.18034
    }, {
      "x" : -22.18034,
      "y" : -0.76393205,
      "z" : 11.708204
    }, {
      "x" : -11.708204,
      "y" : -0.76393205,
      "z" : 11.708204
    } ],
    "faces" : [ {
      "vertices" : [ 0, 1, 2 ]
    }, {
      "vertices" : [ 0, 2, 3 ]
    }, {
      "vertices" : [ 0, 3, 2 ]
    }, {
      "vertices" : [ 0, 2, 1 ]
    } ]
  }, {
    "id" : "f79b4f8b-842d-4c4a-9574-f0daf59ad47a",
    "vertices" : [ {
      "x" : 22.18034,
      "y" : -11.708204,
      "z" : 0.76393205
    }, {
      "x" : 22.18034,
      "y" : -22.18034,
      "z" : 0.76393205
    }, {
      "x" : 11.708204,
      "y" : -22.18034,
      "z" : 0.76393205
    }, {
      "x" : 11.708204,
      "y" : -11.708204,
      "z" : 0.76393205
    } ],
    "faces" : [ {
      "vertices" : [ 0, 1, 2 ]
    }, {
      "vertices" : [ 0, 2, 3 ]
    }, {
      "vertices" : [ 0, 3, 2 ]
    }, {
      "vertices" : [ 0, 2, 1 ]
    } ]
  }, {
    "id" : "dedb3906-fa16-4260-a894-4a1d7daaa01e",
    "vertices" : [ {
      "x" : -22.18034,
      "y" : 11.708204,
      "z" : 0.76393205
    }, {
      "x" : -22.18034,
      "y" : 22.18034,
      "z" : 0.76393205
    }, {
      "x" : -11.708204,
      "y" : 22.18034,
      "z" : 0.76393205
    }, {
      "x" : -11.708204,
      "y" : 11.708204,
      "z" : 0.76393205
    } ],
    "faces" : [ {
      "vertices" : [ 0, 1, 2 ]
    }, {
      "vertices" : [ 0, 2, 3 ]
    }, {
      "vertices" : [ 0, 3, 2 ]
    }, {
      "vertices" : [ 0, 2, 1 ]
    } ]
  }, {
    "id" : "b9960a06-f2e1-4cbe-b6bd-0a508ff07f5c",
    "vertices" : [ {
      "x" : -0.76393205,
      "y" : 22.18034,
      "z" : -11.708204
    }, {
      "x" : -0.76393205,
      "y" : 22.18034,
      "z" : -22.18034
    }, {
      "x" : -0.76393205,
      "y" : 11.708204,
      "z" : -22.18034
    }, {
      "x" : -0.76393205,
      "y" : 11.708204,
      "z" : -11.708204
    } ],
    "faces" : [ {
      "vertices" : [ 0, 1, 2 ]
    }, {
      "vertices" : [ 0, 2, 3 ]
    }, {
      "vertices" : [ 0, 3, 2 ]
    }, {
      "vertices" : [ 0, 2, 1 ]
    } ]
  }, {
    "id" : "87218445-7696-4115-a8da-a7db64ceb2a3",
    "vertices" : [ {
      "x" : -0.76393205,
      "y" : -22.18034,
      "z" : 11.708204
    }, {
      "x" : -0.76393205,
      "y" : -22.18034,
      "z" : 22.18034
    }, {
      "x" : -0.76393205,
      "y" : -11.708204,
      "z" : 22.18034
    }, {
      "x" : -0.76393205,
      "y" : -11.708204,
      "z" : 11.708204
    } ],
    "faces" : [ {
      "vertices" : [ 0, 1, 2 ]
    }, {
      "vertices" : [ 0, 2, 3 ]
    }, {
      "vertices" : [ 0, 3, 2 ]
    }, {
      "vertices" : [ 0, 2, 1 ]
    } ]
  }, {
    "id" : "0c674a1e-0e50-45fe-bca7-0c24d19b96e5",
    "vertices" : [ {
      "x" : -0.76393205,
      "y" : -22.18034,
      "z" : -11.708204
    }, {
      "x" : -0.76393205,
      "y" : -22.18034,
      "z" : -22.18034
    }, {
      "x" : -0.76393205,
      "y" : -11.708204,
      "z" : -22.18034
    }, {
      "x" : -0.76393205,
      "y" : -11.708204,
      "z" : -11.708204
    } ],
    "faces" : [ {
      "vertices" : [ 0, 1, 2 ]
    }, {
      "vertices" : [ 0, 2, 3 ]
    }, {
      "vertices" : [ 0, 3, 2 ]
    }, {
      "vertices" : [ 0, 2, 1 ]
    } ]
  }, {
    "id" : "3197d615-0353-44ba-b82d-0a5444f6b71f",
    "vertices" : [ {
      "x" : 0.76393205,
      "y" : -22.18034,
      "z" : -11.708204
    }, {
      "x" : 0.76393205,
      "y" : -22.18034,
      "z" : -22.18034
    }, {
      "x" : 0.76393205,
      "y" : -11.708204,
      "z" : -22.18034
    }, {
      "x" : 0.76393205,
      "y" : -11.708204,
      "z" : -11.708204
    } ],
    "faces" : [ {
      "vertices" : [ 0, 1, 2 ]
    }, {
      "vertices" : [ 0, 2, 3 ]
    }, {
      "vertices" : [ 0, 3, 2 ]
    }, {
      "vertices" : [ 0, 2, 1 ]
    } ]
  }, {
    "id" : "94a6fa28-9636-406b-ae14-7ddf374d4a1f",
    "vertices" : [ {
      "x" : 11.708204,
      "y" : -0.76393205,
      "z" : 22.18034
    }, {
      "x" : 22.18034,
      "y" : -0.76393205,
      "z" : 22.18034
    }, {
      "x" : 22.18034,
      "y" : -0.76393205,
      "z" : 11.708204
    }, {
      "x" : 11.708204,
      "y" : -0.76393205,
      "z" : 11.708204
    } ],
    "faces" : [ {
      "vertices" : [ 0, 1, 2 ]
    }, {
      "vertices" : [ 0, 2, 3 ]
    }, {
      "vertices" : [ 0, 3, 2 ]
    }, {
      "vertices" : [ 0, 2, 1 ]
    } ]
  }, {
    "id" : "9ab123c0-929c-4779-8b4d-32d467d2ac3b",
    "vertices" : [ {
      "x" : 11.708204,
      "y" : -0.76393205,
      "z" : -22.18034
    }, {
      "x" : 22.18034,
      "y" : -0.76393205,
      "z" : -22.18034
    }, {
      "x" : 22.18034,
      "y" : -0.76393205,
      "z" : -11.708204
    }, {
      "x" : 11.708204,
      "y" : -0.76393205,
      "z" : -11.708204
    } ],
    "faces" : [ {
      "vertices" : [ 0, 1, 2 ]
    }, {
      "vertices" : [ 0, 2, 3 ]
    }, {
      "vertices" : [ 0, 3, 2 ]
    }, {
      "vertices" : [ 0, 2, 1 ]
    } ]
  }, {
    "id" : "50b3eb10-04a7-43bc-8834-f51ebe5242ff",
    "vertices" : [ {
      "x" : -22.18034,
      "y" : -11.708204,
      "z" : -0.76393205
    }, {
      "x" : -22.18034,
      "y" : -22.18034,
      "z" : -0.76393205
    }, {
      "x" : -11.708204,
      "y" : -22.18034,
      "z" : -0.76393205
    }, {
      "x" : -11.708204,
      "y" : -11.708204,
      "z" : -0.76393205
    } ],
    "faces" : [ {
      "vertices" : [ 0, 1, 2 ]
    }, {
      "vertices" : [ 0, 2, 3 ]
    }, {
      "vertices" : [ 0, 3, 2 ]
    }, {
      "vertices" : [ 0, 2, 1 ]
    } ]
  }, {
    "id" : "448131a2-1ec1-48b5-a33f-9ec807780ab0",
    "vertices" : [ {
      "x" : -0.76393205,
      "y" : 22.18034,
      "z" : 11.708204
    }, {
      "x" : -0.76393205,
      "y" : 22.18034,
      "z" : 22.18034
    }, {
      "x" : -0.76393205,
      "y" : 11.708204,
      "z" : 22.18034
    }, {
      "x" : -0.76393205,
      "y" : 11.708204,
      "z" : 11.708204
    } ],
    "faces" : [ {
      "vertices" : [ 0, 1, 2 ]
    }, {
      "vertices" : [ 0, 2, 3 ]
    }, {
      "vertices" : [ 0, 3, 2 ]
    }, {
      "vertices" : [ 0, 2, 1 ]
    } ]
  }, {
    "id" : "c4d518f2-c56f-44f0-8b41-de0aaffe9b8b",
    "vertices" : [ {
      "x" : 22.18034,
      "y" : 11.708204,
      "z" : -0.76393205
    }, {
      "x" : 22.18034,
      "y" : 22.18034,
      "z" : -0.76393205
    }, {
      "x" : 11.708204,
      "y" : 22.18034,
      "z" : -0.76393205
    }, {
      "x" : 11.708204,
      "y" : 11.708204,
      "z" : -0.76393205
    } ],
    "faces" : [ {
      "vertices" : [ 0, 1, 2 ]
    }, {
      "vertices" : [ 0, 2, 3 ]
    }, {
      "vertices" : [ 0, 3, 2 ]
    }, {
      "vertices" : [ 0, 2, 1 ]
    } ]
  }, {
    "id" : "d39b1dae-0481-4bf3-96ea-7fbcf41e121c",
    "vertices" : [ {
      "x" : 0.76393205,
      "y" : 22.18034,
      "z" : 11.708204
    }, {
      "x" : 0.76393205,
      "y" : 22.18034,
      "z" : 22.18034
    }, {
      "x" : 0.76393205,
      "y" : 11.708204,
      "z" : 22.18034
    }, {
      "x" : 0.76393205,
      "y" : 11.708204,
      "z" : 11.708204
    } ],
    "faces" : [ {
      "vertices" : [ 0, 1, 2 ]
    }, {
      "vertices" : [ 0, 2, 3 ]
    }, {
      "vertices" : [ 0, 3, 2 ]
    }, {
      "vertices" : [ 0, 2, 1 ]
    } ]
  }, {
    "id" : "c172ff49-737d-4ca6-b5f8-930935ab24d3",
    "vertices" : [ {
      "x" : 11.708204,
      "y" : 0.76393205,
      "z" : 22.18034
    }, {
      "x" : 22.18034,
      "y" : 0.76393205,
      "z" : 22.18034
    }, {
      "x" : 22.18034,
      "y" : 0.76393205,
      "z" : 11.708204
    }, {
      "x" : 11.708204,
      "y" : 0.76393205,
      "z" : 11.708204
    } ],
    "faces" : [ {
      "vertices" : [ 0, 1, 2 ]
    }, {
      "vertices" : [ 0, 2, 3 ]
    }, {
      "vertices" : [ 0, 3, 2 ]
    }, {
      "vertices" : [ 0, 2, 1 ]
    } ]
  }, {
    "id" : "83044afa-b14f-43be-badd-17dcfe1c7873",
    "vertices" : [ {
      "x" : -11.708204,
      "y" : 0.76393205,
      "z" : 22.18034
    }, {
      "x" : -22.18034,
      "y" : 0.76393205,
      "z" : 22.18034
    }, {
      "x" : -22.18034,
      "y" : 0.76393205,
      "z" : 11.708204
    }, {
      "x" : -11.708204,
      "y" : 0.76393205,
      "z" : 11.708204
    } ],
    "faces" : [ {
      "vertices" : [ 0, 1, 2 ]
    }, {
      "vertices" : [ 0, 2, 3 ]
    }, {
      "vertices" : [ 0, 3, 2 ]
    }, {
      "vertices" : [ 0, 2, 1 ]
    } ]
  }, {
    "id" : "27b7a96f-25ea-412f-b7a8-60d9faeb3315",
    "vertices" : [ {
      "x" : 0.76393205,
      "y" : -22.18034,
      "z" : 11.708204
    }, {
      "x" : 0.76393205,
      "y" : -22.18034,
      "z" : 22.18034
    }, {
      "x" : 0.76393205,
      "y" : -11.708204,
      "z" : 22.18034
    }, {
      "x" : 0.76393205,
      "y" : -11.708204,
      "z" : 11.708204
    } ],
    "faces" : [ {
      "vertices" : [ 0, 1, 2 ]
    }, {
      "vertices" : [ 0, 2, 3 ]
    }, {
      "vertices" : [ 0, 3, 2 ]
    }, {
      "vertices" : [ 0, 2, 1 ]
    } ]
  }, {
    "id" : "a9bb5842-1ee0-4285-a271-b96e8405dc51",
    "vertices" : [ {
      "x" : 11.708204,
      "y" : 0.76393205,
      "z" : -22.18034
    }, {
      "x" : 22.18034,
      "y" : 0.76393205,
      "z" : -22.18034
    }, {
      "x" : 22.18034,
      "y" : 0.76393205,
      "z" : -11.708204
    }, {
      "x" : 11.708204,
      "y" : 0.76393205,
      "z" : -11.708204
    } ],
    "faces" : [ {
      "vertices" : [ 0, 1, 2 ]
    }, {
      "vertices" : [ 0, 2, 3 ]
    }, {
      "vertices" : [ 0, 3, 2 ]
    }, {
      "vertices" : [ 0, 2, 1 ]
    } ]
  }, {
    "id" : "ce3adf74-e2b2-4303-b3df-42a09b3a90f6",
    "vertices" : [ {
      "x" : -22.18034,
      "y" : -11.708204,
      "z" : 0.76393205
    }, {
      "x" : -22.18034,
      "y" : -22.18034,
      "z" : 0.76393205
    }, {
      "x" : -11.708204,
      "y" : -22.18034,
      "z" : 0.76393205
    }, {
      "x" : -11.708204,
      "y" : -11.708204,
      "z" : 0.76393205
    } ],
    "faces" : [ {
      "vertices" : [ 0, 1, 2 ]
    }, {
      "vertices" : [ 0, 2, 3 ]
    }, {
      "vertices" : [ 0, 3, 2 ]
    }, {
      "vertices" : [ 0, 2, 1 ]
    } ]
  }, {
    "id" : "780eed1a-c5f7-4cd4-84a2-a4c8b3484293",
    "vertices" : [ {
      "x" : -11.708204,
      "y" : -0.76393205,
      "z" : -22.18034
    }, {
      "x" : -22.18034,
      "y" : -0.76393205,
      "z" : -22.18034
    }, {
      "x" : -22.18034,
      "y" : -0.76393205,
      "z" : -11.708204
    }, {
      "x" : -11.708204,
      "y" : -0.76393205,
      "z" : -11.708204
    } ],
    "faces" : [ {
      "vertices" : [ 0, 1, 2 ]
    }, {
      "vertices" : [ 0, 2, 3 ]
    }, {
      "vertices" : [ 0, 3, 2 ]
    }, {
      "vertices" : [ 0, 2, 1 ]
    } ]
  }, {
    "id" : "99bd9c71-06d3-4624-8b8c-39eaecb1307e",
    "vertices" : [ {
      "x" : 0.76393205,
      "y" : 22.18034,
      "z" : -11.708204
    }, {
      "x" : 0.76393205,
      "y" : 22.18034,
      "z" : -22.18034
    }, {
      "x" : 0.76393205,
      "y" : 11.708204,
      "z" : -22.18034
    }, {
      "x" : 0.76393205,
      "y" : 11.708204,
      "z" : -11.708204
    } ],
    "faces" : [ {
      "vertices" : [ 0, 1, 2 ]
    }, {
      "vertices" : [ 0, 2, 3 ]
    }, {
      "vertices" : [ 0, 3, 2 ]
    }, {
      "vertices" : [ 0, 2, 1 ]
    } ]
  }, {
    "id" : "115912b0-2577-49ca-ac16-b86a1c664786",
    "vertices" : [ {
      "x" : -1.1786894,
      "y" : 1.0120226,
      "z" : -6.5601134
    }, {
      "x" : -1.0786893,
      "y" : 1.4120227,
      "z" : -6.4601135
    }, {
      "x" : -0.23333333,
      "y" : 0.4,
      "z" : -0.5
    }, {
      "x" : -0.33333334,
      "y" : 0.0,
      "z" : -0.6
    }, {
      "x" : -1.3786893,
      "y" : 1.545356,
      "z" : -6.22678
    }, {
      "x" : -1.4786893,
      "y" : 1.1453559,
      "z" : -6.32678
    }, {
      "x" : -0.033333335,
      "y" : -0.13333334,
      "z" : -0.8333333
    }, {
      "x" : 0.06666667,
      "y" : 0.26666668,
      "z" : -0.73333335
    } ],
    "faces" : [ {
      "vertices" : [ 2, 3, 6 ]
    }, {
      "vertices" : [ 2, 6, 7 ]
    }, {
      "vertices" : [ 0, 5, 4 ]
    }, {
      "vertices" : [ 0, 4, 1 ]
    }, {
      "vertices" : [ 2, 4, 5 ]
    }, {
      "vertices" : [ 2, 5, 3 ]
    }, {
      "vertices" : [ 0, 6, 3 ]
    }, {
      "vertices" : [ 0, 3, 5 ]
    }, {
      "vertices" : [ 0, 1, 7 ]
    }, {
      "vertices" : [ 0, 7, 6 ]
    }, {
      "vertices" : [ 1, 4, 2 ]
    }, {
      "vertices" : [ 1, 2, 7 ]
    } ]
  }, {
    "id" : "fb62bd4f-a22a-4bb5-b97a-bc2fe0727ed8",
    "vertices" : [ {
      "x" : 22.18034,
      "y" : 11.708204,
      "z" : 0.76393205
    }, {
      "x" : 22.18034,
      "y" : 22.18034,
      "z" : 0.76393205
    }, {
      "x" : 11.708204,
      "y" : 22.18034,
      "z" : 0.76393205
    }, {
      "x" : 11.708204,
      "y" : 11.708204,
      "z" : 0.76393205
    } ],
    "faces" : [ {
      "vertices" : [ 0, 1, 2 ]
    }, {
      "vertices" : [ 0, 2, 3 ]
    }, {
      "vertices" : [ 0, 3, 2 ]
    }, {
      "vertices" : [ 0, 2, 1 ]
    } ]
  }, {
    "id" : "5a12eb16-0a4c-4120-bb99-e12847d3383c",
    "vertices" : [ {
      "x" : -11.708204,
      "y" : 0.76393205,
      "z" : -22.18034
    }, {
      "x" : -22.18034,
      "y" : 0.76393205,
      "z" : -22.18034
    }, {
      "x" : -22.18034,
      "y" : 0.76393205,
      "z" : -11.708204
    }, {
      "x" : -11.708204,
      "y" : 0.76393205,
      "z" : -11.708204
    } ],
    "faces" : [ {
      "vertices" : [ 0, 1, 2 ]
    }, {
      "vertices" : [ 0, 2, 3 ]
    }, {
      "vertices" : [ 0, 3, 2 ]
    }, {
      "vertices" : [ 0, 2, 1 ]
    } ]
  }, {
    "id" : "6410077e-249d-4842-b16c-23fe7c330970",
    "vertices" : [ {
      "x" : 22.18034,
      "y" : -11.708204,
      "z" : -0.76393205
    }, {
      "x" : 22.18034,
      "y" : -22.18034,
      "z" : -0.76393205
    }, {
      "x" : 11.708204,
      "y" : -22.18034,
      "z" : -0.76393205
    }, {
      "x" : 11.708204,
      "y" : -11.708204,
      "z" : -0.76393205
    } ],
    "faces" : [ {
      "vertices" : [ 0, 1, 2 ]
    }, {
      "vertices" : [ 0, 2, 3 ]
    }, {
      "vertices" : [ 0, 3, 2 ]
    }, {
      "vertices" : [ 0, 2, 1 ]
    } ]
  } ],
  "instances" : [ {
    "shape" : "51512283-8121-4453-98d2-0f07edfcbe19",
    "color" : "#FFFFFF",
    "position" : {
      "x" : 10.59017,
      "y" : -19.062305,
      "z" : -10.59017
    }
  }, {
    "shape" : "51512283-8121-4453-98d2-0f07edfcbe19",
    "color" : "#FFFFFF",
    "position" : {
      "x" : 15.326238,
      "y" : -15.326238,
      "z" : 15.326238
    }
  }, {
    "shape" : "51512283-8121-4453-98d2-0f07edfcbe19",
    "color" : "#FFFFFF",
    "position" : {
      "x" : -4.236068,
      "y" : 4.236068,
      "z" : -4.236068
    }
  }, {
    "shape" : "51512283-8121-4453-98d2-0f07edfcbe19",
    "color" : "#FFFFFF",
    "position" : {
      "x" : -22.18034,
      "y" : 11.708204,
      "z" : -0.76393205
    }
  }, {
    "shape" : "51512283-8121-4453-98d2-0f07edfcbe19",
    "color" : "#FFFFFF",
    "position" : {
      "x" : -10.59017,
      "y" : 19.062305,
      "z" : 10.59017
    }
  }, {
    "shape" : "51512283-8121-4453-98d2-0f07edfcbe19",
    "color" : "#FFFFFF",
    "position" : {
      "x" : 14.120227,
      "y" : -5.648091,
      "z" : -14.120227
    }
  }, {
    "shape" : "51512283-8121-4453-98d2-0f07edfcbe19",
    "color" : "#FFFFFF",
    "position" : {
      "x" : 13.414215,
      "y" : -4.9420795,
      "z" : -4.9420795
    }
  }, {
    "shape" : "51512283-8121-4453-98d2-0f07edfcbe19",
    "color" : "#FFFFFF",
    "position" : {
      "x" : -8.472136,
      "y" : 8.472136,
      "z" : 0.0
    }
  }, {
    "shape" : "51512283-8121-4453-98d2-0f07edfcbe19",
    "color" : "#FFFFFF",
    "position" : {
      "x" : 11.708204,
      "y" : 0.76393205,
      "z" : 22.18034
    }
  }, {
    "shape" : "51512283-8121-4453-98d2-0f07edfcbe19",
    "color" : "#FFFFFF",
    "position" : {
      "x" : -19.062305,
      "y" : 10.59017,
      "z" : 10.59017
    }
  }, {
    "shape" : "a5725497-bf9b-4c56-96b1-104c530e31cd",
    "color" : "#6666FF",
    "position" : {
      "x" : -4.236068,
      "y" : 26.416409,
      "z" : 26.416409
    },
    "orientation" : 0
  }, {
    "shape" : "6475c2c8-e714-4e89-b543-29167fde4e63",
    "color" : "#CCCCCC",
    "position" : {
      "x" : 8.472136,
      "y" : 8.472136,
      "z" : 0.0
    },
    "orientation" : 5
  }, {
    "shape" : "51512283-8121-4453-98d2-0f07edfcbe19",
    "color" : "#FFFFFF",
    "position" : {
      "x" : 8.472136,
      "y" : -16.944271,
      "z" : -16.944271
    }
  }, {
    "shape" : "51512283-8121-4453-98d2-0f07edfcbe19",
    "color" : "#FFFFFF",
    "position" : {
      "x" : 10.59017,
      "y" : 19.062305,
      "z" : 10.59017
    }
  }, {
    "shape" : "51512283-8121-4453-98d2-0f07edfcbe19",
    "color" : "#FFFFFF",
    "position" : {
      "x" : 22.18034,
      "y" : 22.18034,
      "z" : -0.76393205
    }
  }, {
    "shape" : "6475c2c8-e714-4e89-b543-29167fde4e63",
    "color" : "#CCCCCC",
    "position" : {
      "x" : 8.472136,
      "y" : -8.472136,
      "z" : 0.0
    },
    "orientation" : 5
  }, {
    "shape" : "51512283-8121-4453-98d2-0f07edfcbe19",
    "color" : "#FFFFFF",
