{
  "field" : "golden",
  "symmetry" : "icosahedral",
  "orientations" : [ [ 1.0, 0.0, 0.0, 0.0, 0.0, 1.0, 0.0, 0.0, 0.0, 0.0, 1.0, 0.0, 0.0, 0.0, 0.0, 1.0 ], [ 0.0, 0.0, 1.0, 0.0, 1.0, 0.0, 0.0, 0.0, 0.0, 1.0, 0.0, 0.0, 0.0, 0.0, 0.0, 1.0 ], [ 0.0, 1.0, 0.0, 0.0, 0.0, 0.0, 1.0, 0.0, 1.0, 0.0, 0.0, 0.0, 0.0, 0.0, 0.0, 1.0 ], [ 0.809017, 0.309017, 0.5, 0.0, 0.309017, 0.5, -0.809017, 0.0, -0.5, 0.809017, 0.309017, 0.0, 0.0, 0.0, 0.0, 1.0 ], [ -0.5, 0.809017, 0.309017, 0.0, 0.809017, 0.309017, 0.5, 0.0, 0.309017, 0.5, -0.809017, 0.0, 0.0, 0.0, 0.0, 1.0 ], [ 0.309017, 0.5, -0.809017, 0.0, -0.5, 0.809017, 0.309017, 0.0, 0.809017, 0.309017, 0.5, 0.0, 0.0, 0.0, 0.0, 1.0 ], [ 0.5, 0.809017, 0.309017, 0.0, 0.809017, -0.309017, -0.5, 0.0, -0.309017, 0.5, -0.809017, 0.0, 0.0, 0.0, 0.0, 1.0 ], [ -0.309017, 0.5, -0.809017, 0.0, 0.5, 0.809017, 0.309017, 0.0, 0.809017, -0.309017, -0.5, 0.0, 0.0, 0.0, 0.0, 1.0 ], [ 0.809017, -0.309017, -0.5, 0.0, -0.309017, 0.5, -0.809017, 0.0, 0.5, 0.809017, 0.309017, 0.0, 0.0, 0.0, 0.0, 1.0 ], [ 0.5, 0.809017, -0.309017, 0.0, 0.809017, -0.309017, 0.5, 0.0, 0.309017, -0.5, -0.809017, 0.0, 0.0, 0.0, 0.0, 1.0 ], [ 0.309017, -0.5, -0.809017, 0.0, 0.5, 0.809017, -0.309017, 0.0, 0.809017, -0.309017, 0.5, 0.0, 0.0, 0.0, 0.0, 1.0 ], [ 0.809017, -0.309017, 0.5, 0.0, 0.309017, -0.5, -0.809017, 0.0, 0.5, 0.809017, -0.309017, 0.0, 0.0, 0.0, 0.0, 1.0 ], [ 0.809017, 0.309017, -0.5, 0.0, 0.309017, 0.5, 0.809017, 0.0, 0.5, -0.809017, 0.309017, 0.0, 0.0, 0.0, 0.0, 1.0 ], [ 0.5, -0.809017, 0.309017, 0.0, 0.809017, 0.309017, -0.5, 0.0, 0.309017, 0.5, 0.809017, 0.0, 0.0, 0.0, 0.0, 1.0 ], [ 0.309017, 0.5, 0.809017, 0.0, 0.5, -0.809017, 0.309017, 0.0, 0.809017, 0.309017, -0.5, 0.0, 0.0, 0.0, 0.0, 1.0 ], [ 1.0, 0.0, 0.0, 0.0, 0.0, -1.0, 0.0, 0.0, 0.0, 0.0, -1.0, 0.0, 0.0, 0.0, 0.0, 1.0 ], [ 0.0, 0.0, 1.0, 0.0, -1.0, 0.0, 0.0, 0.0, 0.0, -1.0, 0.0, 0.0, 0.0, 0.0, 0.0, 1.0 ], [ 0.0, 1.0, 0.0, 0.0, 0.0, 0.0, -1.0, 0.0, -1.0, 0.0, 0.0, 0.0, 0.0, 0.0, 0.0, 1.0 ], [ 0.809017, 0.309017, 0.5, 0.0, -0.309017, -0.5, 0.809017, 0.0, 0.5, -0.809017, -0.309017, 0.0, 0.0, 0.0, 0.0, 1.0 ], [ -0.5, 0.809017, 0.309017, 0.0, -0.809017, -0.309017, -0.5, 0.0, -0.309017, -0.5, 0.809017, 0.0, 0.0, 0.0, 0.0, 1.0 ], [ 0.309017, 0.5, -0.809017, 0.0, 0.5, -0.809017, -0.309017, 0.0, -0.809017, -0.309017, -0.5, 0.0, 0.0, 0.0, 0.0, 1.0 ], [ 0.5, 0.809017, 0.309017, 0.0, -0.809017, 0.309017, 0.5, 0.0, 0.309017, -0.5, 0.809017, 0.0, 0.0, 0.0, 0.0, 1.0 ], [ -0.309017, 0.5, -0.809017, 0.0, -0.5, -0.809017, -0.309017, 0.0, -0.809017, 0.309017, 0.5, 0.0, 0.0, 0.0, 0.0, 1.0 ], [ 0.809017, -0.309017, -0.5, 0.0, 0.309017, -0.5, 0.809017, 0.0, -0.5, -0.809017, -0.309017, 0.0, 0.0, 0.0, 0.0, 1.0 ], [ 0.5, 0.809017, -0.309017, 0.0, -0.809017, 0.309017, -0.5, 0.0, -0.309017, 0.5, 0.809017, 0.0, 0.0, 0.0, 0.0, 1.0 ], [ 0.309017, -0.5, -0.809017, 0.0, -0.5, -0.809017, 0.309017, 0.0, -0.809017, 0.309017, -0.5, 0.0, 0.0, 0.0, 0.0, 1.0 ], [ 0.809017, -0.309017, 0.5, 0.0, -0.309017, 0.5, 0.809017, 0.0, -0.5, -0.809017, 0.309017, 0.0, 0.0, 0.0, 0.0, 1.0 ], [ 0.809017, 0.309017, -0.5, 0.0, -0.309017, -0.5, -0.809017, 0.0, -0.5, 0.809017, -0.309017, 0.0, 0.0, 0.0, 0.0, 1.0 ], [ 0.5, -0.809017, 0.309017, 0.0, -0.809017, -0.309017, 0.5, 0.0, -0.309017, -0.5, -0.809017, 0.0, 0.0, 0.0, 0.0, 1.0 ], [ 0.309017, 0.5, 0.809017, 0.0, -0.5, 0.809017, -0.309017, 0.0, -0.809017, -0.309017, 0.5, 0.0, 0.0, 0.0, 0.0, 1.0 ], [ -1.0, 0.0, 0.0, 0.0, 0.0, -1.0, 0.0, 0.0, 0.0, 0.0, 1.0, 0.0, 0.0, 0.0, 0.0, 1.0 ], [ 0.0, 0.0, -1.0, 0.0, -1.0, 0.0, 0.0, 0.0, 0.0, 1.0, 0.0, 0.0, 0.0, 0.0, 0.0, 1.0 ], [ 0.0, -1.0, 0.0, 0.0, 0.0, 0.0, -1.0, 0.0, 1.0, 0.0, 0.0, 0.0, 0.0, 0.0, 0.0, 1.0 ], [ -0.809017, -0.309017, -0.5, 0.0, -0.309017, -0.5, 0.809017, 0.0, -0.5, 0.809017, 0.309017, 0.0, 0.0, 0.0, 0.0, 1.0 ], [ 0.5, -0.809017, -0.309017, 0.0, -0.809017, -0.309017, -0.5, 0.0, 0.309017, 0.5, -0.809017, 0.0, 0.0, 0.0, 0.0, 1.0 ], [ -0.309017, -0.5, 0.809017, 0.0, 0.5, -0.809017, -0.309017, 0.0, 0.809017, 0.309017, 0.5, 0.0, 0.0, 0.0, 0.0, 1.0 ], [ -0.5, -0.809017, -0.309017, 0.0, -0.809017, 0.309017, 0.5, 0.0, -0.309017, 0.5, -0.809017, 0.0, 0.0, 0.0, 0.0, 1.0 ], [ 0.309017, -0.5, 0.809017, 0.0, -0.5, -0.809017, -0.309017, 0.0, 0.809017, -0.309017, -0.5, 0.0, 0.0, 0.0, 0.0, 1.0 ], [ -0.809017, 0.309017, 0.5, 0.0, 0.309017, -0.5, 0.809017, 0.0, 0.5, 0.809017, 0.309017, 0.0, 0.0, 0.0, 0.0, 1.0 ], [ -0.5, -0.809017, 0.309017, 0.0, -0.809017, 0.309017, -0.5, 0.0, 0.309017, -0.5, -0.809017, 0.0, 0.0, 0.0, 0.0, 1.0 ], [ -0.309017, 0.5, 0.809017, 0.0, -0.5, -0.809017, 0.309017, 0.0, 0.809017, -0.309017, 0.5, 0.0, 0.0, 0.0, 0.0, 1.0 ], [ -0.809017, 0.309017, -0.5, 0.0, -0.309017, 0.5, 0.809017, 0.0, 0.5, 0.809017, -0.309017, 0.0, 0.0, 0.0, 0.0, 1.0 ], [ -0.809017, -0.309017, 0.5, 0.0, -0.309017, -0.5, -0.809017, 0.0, 0.5, -0.809017, 0.309017, 0.0, 0.0, 0.0, 0.0, 1.0 ], [ -0.5, 0.809017, -0.309017, 0.0, -0.809017, -0.309017, 0.5, 0.0, 0.309017, 0.5, 0.809017, 0.0, 0.0, 0.0, 0.0, 1.0 ], [ -0.309017, -0.5, -0.809017, 0.0, -0.5, 0.809017, -0.309017, 0.0, 0.809017, 0.309017, -0.5, 0.0, 0.0, 0.0, 0.0, 1.0 ], [ -1.0, 0.0, 0.0, 0.0, 0.0, 1.0, 0.0, 0.0, 0.0, 0.0, -1.0, 0.0, 0.0, 0.0, 0.0, 1.0 ], [ 0.0, 0.0, -1.0, 0.0, 1.0, 0.0, 0.0, 0.0, 0.0, -1.0, 0.0, 0.0, 0.0, 0.0, 0.0, 1.0 ], [ 0.0, -1.0, 0.0, 0.0, 0.0, 0.0, 1.0, 0.0, -1.0, 0.0, 0.0, 0.0, 0.0, 0.0, 0.0, 1.0 ], [ -0.809017, -0.309017, -0.5, 0.0, 0.309017, 0.5, -0.809017, 0.0, 0.5, -0.809017, -0.309017, 0.0, 0.0, 0.0, 0.0, 1.0 ], [ 0.5, -0.809017, -0.309017, 0.0, 0.809017, 0.309017, 0.5, 0.0, -0.309017, -0.5, 0.809017, 0.0, 0.0, 0.0, 0.0, 1.0 ], [ -0.309017, -0.5, 0.809017, 0.0, -0.5, 0.809017, 0.309017, 0.0, -0.809017, -0.309017, -0.5, 0.0, 0.0, 0.0, 0.0, 1.0 ], [ -0.5, -0.809017, -0.309017, 0.0, 0.809017, -0.309017, -0.5, 0.0, 0.309017, -0.5, 0.809017, 0.0, 0.0, 0.0, 0.0, 1.0 ], [ 0.309017, -0.5, 0.809017, 0.0, 0.5, 0.809017, 0.309017, 0.0, -0.809017, 0.309017, 0.5, 0.0, 0.0, 0.0, 0.0, 1.0 ], [ -0.809017, 0.309017, 0.5, 0.0, -0.309017, 0.5, -0.809017, 0.0, -0.5, -0.809017, -0.309017, 0.0, 0.0, 0.0, 0.0, 1.0 ], [ -0.5, -0.809017, 0.309017, 0.0, 0.809017, -0.309017, 0.5, 0.0, -0.309017, 0.5, 0.809017, 0.0, 0.0, 0.0, 0.0, 1.0 ], [ -0.309017, 0.5, 0.809017, 0.0, 0.5, 0.809017, -0.309017, 0.0, -0.809017, 0.309017, -0.5, 0.0, 0.0, 0.0, 0.0, 1.0 ], [ -0.809017, 0.309017, -0.5, 0.0, 0.309017, -0.5, -0.809017, 0.0, -0.5, -0.809017, 0.309017, 0.0, 0.0, 0.0, 0.0, 1.0 ], [ -0.809017, -0.309017, 0.5, 0.0, 0.309017, 0.5, 0.809017, 0.0, -0.5, 0.809017, -0.309017, 0.0, 0.0, 0.0, 0.0, 1.0 ], [ -0.5, 0.809017, -0.309017, 0.0, 0.809017, 0.309017, -0.5, 0.0, -0.309017, -0.5, -0.809017, 0.0, 0.0, 0.0, 0.0, 1.0 ], [ -0.309017, -0.5, -0.809017, 0.0, 0.5, -0.809017, 0.309017, 0.0, -0.809017, -0.309017, 0.5, 0.0, 0.0, 0.0, 0.0, 1.0 ] ],
  "lights" : {
    "ambientColor" : "#292929",
    "backgroundColor" : "#CCCCCC",
    "directionalLights" : [ {
      "direction" : {
        "x" : 1.0,
        "y" : -1.0,
        "z" : -1.0
      },
      "color" : "#EBEBE4"
    }, {
      "direction" : {
        "x" : -1.0,
        "y" : 0.0,
        "z" : 0.0
      },
      "color" : "#E4E4EB"
    }, {
      "direction" : {
        "x" : 0.0,
        "y" : 0.0,
        "z" : -1.0
      },
      "color" : "#1E1E1E"
    } ]
  },
  "camera" : {
    "perspective" : true,
    "viewDistance" : 158.99606,
    "nearClipDistance" : 0.39749044,
    "farClipDistance" : 317.9918,
    "lookAtPoint" : {
      "x" : 0.0,
      "y" : 0.0,
      "z" : 0.0
    },
    "fieldOfView" : 0.44262868,
    "lookDirection" : {
      "x" : 0.0,
      "y" : 0.0,
      "z" : -1.0
    },
    "upDirection" : {
      "x" : 0.0,
      "y" : 1.0,
      "z" : 0.0
    },
    "width" : 71.548195,
    "stereo" : false,
    "position" : {
      "x" : 0.0,
      "y" : 0.0,
      "z" : 158.99606
    }
  },
  "embedding" : [ 1.0, 0.0, 0.0, 0.0, 0.0, 1.0, 0.0, 0.0, 0.0, 0.0, 1.0, 0.0, 0.0, 0.0, 0.0, 1.0 ],
  "shapes" : [ {
    "id" : "884b5bfc-a062-4365-ac02-f71478f359d2",
    "vertices" : [ {
      "x" : 17.944271,
      "y" : -11.09017,
      "z" : 0.0
    }, {
      "x" : 6.854102,
      "y" : 0.0,
      "z" : 11.09017
    }, {
      "x" : -11.09017,
      "y" : 0.0,
      "z" : 17.944271
    }, {
      "x" : 0.0,
      "y" : -11.09017,
      "z" : 6.854102
    } ],
    "faces" : [ {
      "vertices" : [ 0, 1, 2 ]
    }, {
      "vertices" : [ 0, 2, 3 ]
    }, {
      "vertices" : [ 0, 3, 2 ]
    }, {
      "vertices" : [ 0, 2, 1 ]
    } ]
  }, {
    "id" : "2f4b5554-5c43-4178-ae8e-b944316b0f28",
    "vertices" : [ {
      "x" : 0.309017,
      "y" : -0.309017,
      "z" : -0.309017
    }, {
      "x" : 0.5,
      "y" : 0.0,
      "z" : -0.19098301
    }, {
      "x" : 0.5,
      "y" : 0.0,
      "z" : 0.19098301
    }, {
      "x" : 0.309017,
      "y" : -0.309017,
      "z" : 0.309017
    }, {
      "x" : 0.19098301,
      "y" : -0.5,
      "z" : 0.0
    }, {
      "x" : 0.0,
      "y" : 0.19098301,
      "z" : 0.5
    }, {
      "x" : 0.0,
      "y" : -0.19098301,
      "z" : 0.5
    }, {
      "x" : 0.309017,
      "y" : 0.309017,
      "z" : 0.309017
    }, {
      "x" : -0.309017,
      "y" : -0.309017,
      "z" : 0.309017
    }, {
      "x" : -0.309017,
      "y" : 0.309017,
      "z" : 0.309017
    }, {
      "x" : -0.5,
      "y" : 0.0,
      "z" : 0.19098301
    }, {
      "x" : 0.0,
      "y" : -0.19098301,
      "z" : -0.5
    }, {
      "x" : 0.0,
      "y" : 0.19098301,
      "z" : -0.5
    }, {
      "x" : 0.309017,
      "y" : 0.309017,
      "z" : -0.309017
    }, {
      "x" : -0.309017,
      "y" : -0.309017,
      "z" : -0.309017
    }, {
      "x" : -0.19098301,
      "y" : -0.5,
      "z" : 0.0
    }, {
      "x" : -0.5,
      "y" : 0.0,
      "z" : -0.19098301
    }, {
      "x" : 0.19098301,
      "y" : 0.5,
      "z" : 0.0
    }, {
      "x" : -0.309017,
      "y" : 0.309017,
      "z" : -0.309017
    }, {
      "x" : 0.0,
      "y" : 0.0,
      "z" : 0.0
    }, {
      "x" : -0.19098301,
      "y" : 0.5,
      "z" : 0.0
    } ],
    "faces" : [ {
      "vertices" : [ 12, 18, 20 ]
    }, {
      "vertices" : [ 12, 20, 17 ]
    }, {
      "vertices" : [ 12, 17, 13 ]
    }, {
      "vertices" : [ 3, 6, 8 ]
    }, {
      "vertices" : [ 3, 8, 15 ]
    }, {
      "vertices" : [ 3, 15, 4 ]
    }, {
      "vertices" : [ 0, 11, 12 ]
    }, {
      "vertices" : [ 0, 12, 13 ]
    }, {
      "vertices" : [ 0, 13, 1 ]
    }, {
      "vertices" : [ 5, 9, 10 ]
    }, {
      "vertices" : [ 5, 10, 8 ]
    }, {
      "vertices" : [ 5, 8, 6 ]
    }, {
      "vertices" : [ 2, 7, 5 ]
    }, {
      "vertices" : [ 2, 5, 6 ]
    }, {
      "vertices" : [ 2, 6, 3 ]
    }, {
      "vertices" : [ 11, 14, 16 ]
    }, {
      "vertices" : [ 11, 16, 18 ]
    }, {
      "vertices" : [ 11, 18, 12 ]
    }, {
      "vertices" : [ 1, 13, 17 ]
    }, {
      "vertices" : [ 1, 17, 7 ]
    }, {
      "vertices" : [ 1, 7, 2 ]
    }, {
      "vertices" : [ 9, 20, 18 ]
    }, {
      "vertices" : [ 9, 18, 16 ]
    }, {
      "vertices" : [ 9, 16, 10 ]
    }, {
      "vertices" : [ 0, 1, 2 ]
    }, {
      "vertices" : [ 0, 2, 3 ]
    }, {
      "vertices" : [ 0, 3, 4 ]
    }, {
      "vertices" : [ 5, 7, 17 ]
    }, {
      "vertices" : [ 5, 17, 20 ]
    }, {
      "vertices" : [ 5, 20, 9 ]
    }, {
      "vertices" : [ 0, 4, 15 ]
    }, {
      "vertices" : [ 0, 15, 14 ]
    }, {
      "vertices" : [ 0, 14, 11 ]
    }, {
      "vertices" : [ 8, 10, 16 ]
    }, {
      "vertices" : [ 8, 16, 14 ]
    }, {
      "vertices" : [ 8, 14, 15 ]
    } ]
  }, {
    "id" : "d066bd7b-49fc-454d-b615-ef4da56ba89b",
    "vertices" : [ {
      "x" : 17.944271,
      "y" : 0.0,
      "z" : -6.854102
    }, {
      "x" : 17.635256,
      "y" : 0.0,
      "z" : -6.736068
    }, {
      "x" : 17.230747,
      "y" : -0.1545085,
      "z" : -6.295085
    }, {
      "x" : 17.039762,
      "y" : -0.1545085,
      "z" : -6.795085
    }, {
      "x" : 0.9045085,
      "y" : -0.1545085,
      "z" : -0.059016995
    }, {
      "x" : 0.809017,
      "y" : 0.309017,
      "z" : -0.309017
    }, {
      "x" : 0.309017,
      "y" : 0.0,
      "z" : -0.11803399
    }, {
      "x" : 17.135256,
      "y" : 0.309017,
      "z" : -6.545085
    }, {
      "x" : 0.7135255,
      "y" : -0.1545085,
      "z" : -0.559017
    } ],
    "faces" : [ {
      "vertices" : [ 2, 4, 8 ]
    }, {
      "vertices" : [ 2, 8, 3 ]
    }, {
      "vertices" : [ 2, 7, 5 ]
    }, {
      "vertices" : [ 2, 5, 4 ]
    }, {
      "vertices" : [ 4, 6, 8 ]
    }, {
      "vertices" : [ 5, 8, 6 ]
    }, {
      "vertices" : [ 1, 2, 3 ]
    }, {
      "vertices" : [ 3, 8, 5 ]
    }, {
      "vertices" : [ 3, 5, 7 ]
    }, {
      "vertices" : [ 1, 7, 2 ]
    }, {
      "vertices" : [ 1, 3, 7 ]
    }, {
      "vertices" : [ 4, 5, 6 ]
    } ]
  }, {
    "id" : "aaecb177-b1a1-4c04-9675-3f459d0ca72e",
    "vertices" : [ {
      "x" : 0.9045085,
      "y" : 0.3454915,
      "z" : 0.25
    }, {
      "x" : 3.5225425,
      "y" : 1.9635255,
      "z" : 0.25
    }, {
      "x" : 3.3315594,
      "y" : 2.2725425,
      "z" : 0.25
    }, {
      "x" : 0.7135255,
      "y" : 0.6545085,
      "z" : 0.25
    }, {
      "x" : 0.809017,
      "y" : 0.5,
      "z" : -0.309017
    }, {
      "x" : 0.9635255,
      "y" : 0.25,
      "z" : -0.095491506
    }, {
      "x" : 0.309017,
      "y" : 0.19098301,
      "z" : 0.0
    }, {
      "x" : 3.927051,
      "y" : 2.427051,
      "z" : 0.0
    }, {
      "x" : 3.2725425,
      "y" : 2.368034,
      "z" : -0.095491506
    }, {
      "x" : 3.427051,
      "y" : 2.118034,
      "z" : -0.309017
    }, {
      "x" : 4.236068,
      "y" : 2.618034,
      "z" : 0.0
    }, {
      "x" : 0.6545085,
      "y" : 0.75,
      "z" : -0.095491506
    }, {
      "x" : 3.5815594,
      "y" : 1.868034,
      "z" : -0.095491506
    } ],
    "faces" : [ {
      "vertices" : [ 4, 11, 8 ]
    }, {
      "vertices" : [ 4, 8, 9 ]
    }, {
      "vertices" : [ 0, 1, 2 ]
    }, {
      "vertices" : [ 0, 2, 3 ]
    }, {
      "vertices" : [ 0, 3, 6 ]
    }, {
      "vertices" : [ 1, 7, 2 ]
    }, {
      "vertices" : [ 0, 6, 5 ]
    }, {
      "vertices" : [ 4, 5, 6 ]
    }, {
      "vertices" : [ 2, 7, 8 ]
    }, {
      "vertices" : [ 0, 5, 12 ]
    }, {
      "vertices" : [ 0, 12, 1 ]
    }, {
      "vertices" : [ 1, 12, 7 ]
    }, {
      "vertices" : [ 3, 11, 6 ]
    }, {
      "vertices" : [ 4, 6, 11 ]
    }, {
      "vertices" : [ 7, 9, 8 ]
    }, {
      "vertices" : [ 2, 8, 11 ]
    }, {
      "vertices" : [ 2, 11, 3 ]
    }, {
      "vertices" : [ 7, 12, 9 ]
    }, {
      "vertices" : [ 4, 9, 12 ]
    }, {
      "vertices" : [ 4, 12, 5 ]
    } ]
  }, {
    "id" : "4d1b4ad4-0c12-47f4-a577-77ee88d74866",
    "vertices" : [ {
      "x" : 0.0,
      "y" : 17.944271,
      "z" : -11.09017
    }, {
      "x" : 11.09017,
      "y" : 6.854102,
      "z" : 0.0
    }, {
      "x" : 17.944271,
      "y" : -11.09017,
      "z" : 0.0
    }, {
      "x" : 6.854102,
      "y" : 0.0,
      "z" : -11.09017
    } ],
    "faces" : [ {
      "vertices" : [ 0, 1, 2 ]
    }, {
      "vertices" : [ 0, 2, 3 ]
    }, {
      "vertices" : [ 0, 3, 2 ]
    }, {
      "vertices" : [ 0, 2, 1 ]
    } ]
  }, {
    "id" : "be1f5ee4-729b-4326-8e36-d70c655ed935",
    "vertices" : [ {
      "x" : -17.944271,
      "y" : -11.09017,
      "z" : 0.0
    }, {
      "x" : 0.0,
      "y" : -11.09017,
      "z" : 6.854102
    }, {
      "x" : 11.09017,
      "y" : 0.0,
      "z" : 17.944271
    }, {
      "x" : -6.854102,
      "y" : 0.0,
      "z" : 11.09017
    } ],
    "faces" : [ {
      "vertices" : [ 0, 1, 2 ]
    }, {
      "vertices" : [ 0, 2, 3 ]
    }, {
      "vertices" : [ 0, 3, 2 ]
    }, {
      "vertices" : [ 0, 2, 1 ]
    } ]
  }, {
    "id" : "77144b62-2e67-4a8e-bfcd-4adcd54611f0",
    "vertices" : [ {
      "x" : 0.0,
      "y" : 17.944271,
      "z" : 11.09017
    }, {
      "x" : 0.0,
      "y" : 11.09017,
      "z" : -6.854102
    }, {
      "x" : -11.09017,
      "y" : 0.0,
      "z" : -17.944271
    }, {
      "x" : -11.09017,
      "y" : 6.854102,
      "z" : 0.0
    } ],
    "faces" : [ {
      "vertices" : [ 0, 1, 2 ]
    }, {
      "vertices" : [ 0, 2, 3 ]
    }, {
      "vertices" : [ 0, 3, 2 ]
    }, {
      "vertices" : [ 0, 2, 1 ]
    } ]
  }, {
    "id" : "04e39443-ef62-407d-9ade-062789fb42d9",
    "vertices" : [ {
      "x" : 11.09017,
      "y" : 0.0,
      "z" : 17.944271
    }, {
      "x" : 11.09017,
      "y" : 6.854102,
      "z" : 0.0
    }, {
      "x" : 0.0,
      "y" : 17.944271,
      "z" : -11.09017
    }, {
      "x" : 0.0,
      "y" : 11.09017,
      "z" : 6.854102
    } ],
    "faces" : [ {
      "vertices" : [ 0, 1, 2 ]
    }, {
      "vertices" : [ 0, 2, 3 ]
    }, {
      "vertices" : [ 0, 3, 2 ]
    }, {
      "vertices" : [ 0, 2, 1 ]
    } ]
  }, {
    "id" : "7f6d3406-e3fc-4a9e-aabd-d3ff4eae86b3",
    "vertices" : [ {
      "x" : -17.944271,
      "y" : 11.09017,
      "z" : 0.0
    }, {
      "x" : -6.854102,
      "y" : 0.0,
      "z" : -11.09017
    }, {
      "x" : 0.0,
      "y" : -17.944271,
      "z" : -11.09017
    }, {
      "x" : -11.09017,
      "y" : -6.854102,
      "z" : 0.0
    } ],
    "faces" : [ {
      "vertices" : [ 0, 1, 2 ]
    }, {
      "vertices" : [ 0, 2, 3 ]
    }, {
      "vertices" : [ 0, 3, 2 ]
    }, {
      "vertices" : [ 0, 2, 1 ]
    } ]
  }, {
    "id" : "bbee384e-16eb-4ef1-afcb-516643767918",
    "vertices" : [ {
      "x" : 17.944271,
      "y" : 11.09017,
      "z" : 0.0
    }, {
      "x" : 11.09017,
      "y" : -6.854102,
      "z" : 0.0
    }, {
      "x" : 0.0,
      "y" : -17.944271,
      "z" : -11.09017
    }, {
      "x" : 6.854102,
      "y" : 0.0,
      "z" : -11.09017
    } ],
    "faces" : [ {
      "vertices" : [ 0, 1, 2 ]
    }, {
      "vertices" : [ 0, 2, 3 ]
    }, {
      "vertices" : [ 0, 3, 2 ]
    }, {
      "vertices" : [ 0, 2, 1 ]
    } ]
  }, {
    "id" : "39b5430c-daa1-4150-95a1-9ee9663e98a7",
    "vertices" : [ {
      "x" : -17.944271,
      "y" : -11.09017,
      "z" : 0.0
    }, {
      "x" : 0.0,
      "y" : -11.09017,
      "z" : -6.854102
    }, {
      "x" : 17.944271,
      "y" : -11.09017,
      "z" : 0.0
    }, {
      "x" : 0.0,
      "y" : -11.09017,
      "z" : 6.854102
    } ],
    "faces" : [ {
      "vertices" : [ 0, 1, 2 ]
    }, {
      "vertices" : [ 0, 2, 3 ]
    }, {
      "vertices" : [ 0, 3, 2 ]
    }, {
      "vertices" : [ 0, 2, 1 ]
    } ]
  }, {
    "id" : "d80171ae-a361-44af-adf1-38c849ed4dd2",
    "vertices" : [ {
      "x" : -11.09017,
      "y" : 0.0,
      "z" : 17.944271
    }, {
      "x" : 6.854102,
      "y" : 0.0,
      "z" : 11.09017
    }, {
      "x" : 17.944271,
      "y" : 11.09017,
      "z" : 0.0
    }, {
      "x" : 0.0,
      "y" : 11.09017,
      "z" : 6.854102
    } ],
    "faces" : [ {
      "vertices" : [ 0, 1, 2 ]
    }, {
      "vertices" : [ 0, 2, 3 ]
    }, {
      "vertices" : [ 0, 3, 2 ]
    }, {
      "vertices" : [ 0, 2, 1 ]
    } ]
  }, {
    "id" : "f197ed6c-d387-4cba-b639-7adc9b3459c1",
    "vertices" : [ {
      "x" : 0.0,
      "y" : -17.944271,
      "z" : 11.09017
    }, {
      "x" : 6.854102,
      "y" : 0.0,
      "z" : 11.09017
    }, {
      "x" : 0.0,
      "y" : 17.944271,
      "z" : 11.09017
    }, {
      "x" : -6.854102,
      "y" : 0.0,
      "z" : 11.09017
    } ],
    "faces" : [ {
      "vertices" : [ 0, 1, 2 ]
    }, {
      "vertices" : [ 0, 2, 3 ]
    }, {
      "vertices" : [ 0, 3, 2 ]
    }, {
      "vertices" : [ 0, 2, 1 ]
    } ]
  }, {
    "id" : "ef8d2d38-56bf-46a1-897e-c89481f3bf18",
    "vertices" : [ {
      "x" : 0.0,
      "y" : -17.944271,
      "z" : -11.09017
    }, {
      "x" : 0.0,
      "y" : -11.09017,
      "z" : 6.854102
    }, {
      "x" : -11.09017,
      "y" : 0.0,
      "z" : 17.944271
    }, {
      "x" : -11.09017,
      "y" : -6.854102,
      "z" : 0.0
    } ],
    "faces" : [ {
      "vertices" : [ 0, 1, 2 ]
    }, {
      "vertices" : [ 0, 2, 3 ]
    }, {
      "vertices" : [ 0, 3, 2 ]
    }, {
      "vertices" : [ 0, 2, 1 ]
    } ]
  }, {
    "id" : "9350e1c9-02cc-43f6-8435-b7d84f2aea8f",
    "vertices" : [ {
      "x" : -17.944271,
      "y" : 11.09017,
      "z" : 0.0
    }, {
      "x" : 0.0,
      "y" : 11.09017,
      "z" : 6.854102
    }, {
      "x" : 17.944271,
      "y" : 11.09017,
      "z" : 0.0
    }, {
      "x" : 0.0,
      "y" : 11.09017,
      "z" : -6.854102
    } ],
    "faces" : [ {
      "vertices" : [ 0, 1, 2 ]
    }, {
      "vertices" : [ 0, 2, 3 ]
    }, {
      "vertices" : [ 0, 3, 2 ]
    }, {
      "vertices" : [ 0, 2, 1 ]
    } ]
  }, {
    "id" : "1717be92-227b-4867-8be1-d8cef944a255",
    "vertices" : [ {
      "x" : 0.0,
      "y" : 17.944271,
      "z" : 11.09017
    }, {
      "x" : 6.854102,
      "y" : 0.0,
      "z" : 11.09017
    }, {
      "x" : 17.944271,
      "y" : -11.09017,
      "z" : 0.0
    }, {
      "x" : 11.09017,
      "y" : 6.854102,
      "z" : 0.0
    } ],
    "faces" : [ {
      "vertices" : [ 0, 1, 2 ]
    }, {
      "vertices" : [ 0, 2, 3 ]
    }, {
      "vertices" : [ 0, 3, 2 ]
    }, {
      "vertices" : [ 0, 2, 1 ]
    } ]
  }, {
    "id" : "c8d11a77-14dd-43fc-979c-3169a6cabe98",
    "vertices" : [ {
      "x" : -17.944271,
      "y" : -11.09017,
      "z" : 0.0
    }, {
      "x" : -6.854102,
      "y" : 0.0,
      "z" : 11.09017
    }, {
      "x" : 0.0,
      "y" : 17.944271,
      "z" : 11.09017
    }, {
      "x" : -11.09017,
      "y" : 6.854102,
      "z" : 0.0
    } ],
    "faces" : [ {
      "vertices" : [ 0, 1, 2 ]
    }, {
      "vertices" : [ 0, 2, 3 ]
    }, {
      "vertices" : [ 0, 3, 2 ]
    }, {
      "vertices" : [ 0, 2, 1 ]
    } ]
  }, {
    "id" : "18bc1e1d-3573-43c2-9920-45a2698854b4",
    "vertices" : [ {
      "x" : -17.944271,
      "y" : 11.09017,
      "z" : 0.0
    }, {
      "x" : 0.0,
      "y" : 11.09017,
      "z" : -6.854102
    }, {
      "x" : 11.09017,
      "y" : 0.0,
      "z" : -17.944271
    }, {
      "x" : -6.854102,
      "y" : 0.0,
      "z" : -11.09017
    } ],
    "faces" : [ {
      "vertices" : [ 0, 1, 2 ]
    }, {
      "vertices" : [ 0, 2, 3 ]
    }, {
      "vertices" : [ 0, 3, 2 ]
    }, {
      "vertices" : [ 0, 2, 1 ]
    } ]
  }, {
    "id" : "4412ff44-eeb2-4bc4-a832-90becc45ae89",
    "vertices" : [ {
      "x" : 0.0,
      "y" : -17.944271,
      "z" : -11.09017
    }, {
      "x" : 11.09017,
      "y" : -6.854102,
      "z" : 0.0
    }, {
      "x" : 11.09017,
      "y" : 0.0,
      "z" : 17.944271
    }, {
      "x" : 0.0,
      "y" : -11.09017,
      "z" : 6.854102
    } ],
    "faces" : [ {
      "vertices" : [ 0, 1, 2 ]
    }, {
      "vertices" : [ 0, 2, 3 ]
    }, {
      "vertices" : [ 0, 3, 2 ]
    }, {
      "vertices" : [ 0, 2, 1 ]
    } ]
  }, {
    "id" : "d2878aff-a833-4246-ba27-1a2e6030d88a",
    "vertices" : [ {
      "x" : -11.09017,
      "y" : 0.0,
      "z" : -17.944271
    }, {
      "x" : 0.0,
      "y" : -11.09017,
      "z" : -6.854102
    }, {
      "x" : 0.0,
      "y" : -17.944271,
      "z" : 11.09017
    }, {
      "x" : -11.09017,
      "y" : -6.854102,
      "z" : 0.0
    } ],
    "faces" : [ {
      "vertices" : [ 0, 1, 2 ]
    }, {
      "vertices" : [ 0, 2, 3 ]
    }, {
      "vertices" : [ 0, 3, 2 ]
    }, {
      "vertices" : [ 0, 2, 1 ]
    } ]
  }, {
    "id" : "c0539197-b7c7-479a-b7cb-ab54b28a2fa2",
    "vertices" : [ {
      "x" : 0.0,
      "y" : 17.944271,
      "z" : -11.09017
    }, {
      "x" : 6.854102,
      "y" : 0.0,
      "z" : -11.09017
    }, {
      "x" : 0.0,
      "y" : -17.944271,
      "z" : -11.09017
    }, {
      "x" : -6.854102,
      "y" : 0.0,
      "z" : -11.09017
    } ],
    "faces" : [ {
      "vertices" : [ 0, 1, 2 ]
    }, {
      "vertices" : [ 0, 2, 3 ]
    }, {
      "vertices" : [ 0, 3, 2 ]
    }, {
      "vertices" : [ 0, 2, 1 ]
    } ]
  }, {
    "id" : "028962f8-e021-40c3-83cb-fb5bc6bf28c0",
    "vertices" : [ {
      "x" : 11.09017,
      "y" : 0.0,
      "z" : -17.944271
    }, {
      "x" : 11.09017,
      "y" : 6.854102,
      "z" : 0.0
    }, {
      "x" : 11.09017,
      "y" : 0.0,
      "z" : 17.944271
    }, {
      "x" : 11.09017,
      "y" : -6.854102,
      "z" : 0.0
    } ],
    "faces" : [ {
      "vertices" : [ 0, 1, 2 ]
    }, {
      "vertices" : [ 0, 2, 3 ]
    }, {
      "vertices" : [ 0, 3, 2 ]
    }, {
      "vertices" : [ 0, 2, 1 ]
    } ]
  }, {
    "id" : "a3f56f89-b6c5-4567-b501-2cfdd0e1c23a",
    "vertices" : [ {
      "x" : -11.09017,
      "y" : 0.0,
      "z" : -17.944271
    }, {
      "x" : 6.854102,
      "y" : 0.0,
      "z" : -11.09017
    }, {
      "x" : 17.944271,
      "y" : -11.09017,
      "z" : 0.0
    }, {
      "x" : 0.0,
      "y" : -11.09017,
      "z" : -6.854102
    } ],
    "faces" : [ {
      "vertices" : [ 0, 1, 2 ]
    }, {
      "vertices" : [ 0, 2, 3 ]
    }, {
      "vertices" : [ 0, 3, 2 ]
    }, {
      "vertices" : [ 0, 2, 1 ]
    } ]
  }, {
    "id" : "3573f382-7c5e-40ef-96b8-e8773f909467",
    "vertices" : [ {
      "x" : 0.0,
      "y" : -17.944271,
      "z" : 11.09017
    }, {
      "x" : -6.854102,
      "y" : 0.0,
      "z" : 11.09017
    }, {
      "x" : -17.944271,
      "y" : 11.09017,
      "z" : 0.0
    }, {
      "x" : -11.09017,
      "y" : -6.854102,
      "z" : 0.0
    } ],
    "faces" : [ {
      "vertices" : [ 0, 1, 2 ]
    }, {
      "vertices" : [ 0, 2, 3 ]
    }, {
      "vertices" : [ 0, 3, 2 ]
    }, {
      "vertices" : [ 0, 2, 1 ]
    } ]
  }, {
    "id" : "82a3f8ca-0065-4c07-b8d5-475bc80c6fcf",
    "vertices" : [ {
      "x" : -17.944271,
      "y" : -11.09017,
      "z" : 0.0
    }, {
      "x" : -11.09017,
      "y" : 6.854102,
      "z" : 0.0
    }, {
      "x" : 0.0,
      "y" : 17.944271,
      "z" : -11.09017
    }, {
      "x" : -6.854102,
      "y" : 0.0,
      "z" : -11.09017
    } ],
    "faces" : [ {
      "vertices" : [ 0, 1, 2 ]
    }, {
      "vertices" : [ 0, 2, 3 ]
    }, {
      "vertices" : [ 0, 3, 2 ]
    }, {
      "vertices" : [ 0, 2, 1 ]
    } ]
  }, {
    "id" : "075aaceb-b2de-42b3-beae-1694615db2fb",
    "vertices" : [ {
      "x" : 0.0,
      "y" : -17.944271,
      "z" : 11.09017
    }, {
      "x" : 11.09017,
      "y" : -6.854102,
      "z" : 0.0
    }, {
      "x" : 17.944271,
      "y" : 11.09017,
      "z" : 0.0
    }, {
      "x" : 6.854102,
      "y" : 0.0,
      "z" : 11.09017
    } ],
    "faces" : [ {
      "vertices" : [ 0, 1, 2 ]
    }, {
      "vertices" : [ 0, 2, 3 ]
    }, {
      "vertices" : [ 0, 3, 2 ]
    }, {
      "vertices" : [ 0, 2, 1 ]
    } ]
  }, {
    "id" : "bb753f0e-d5d0-48a1-9370-a3546777e3a7",
    "vertices" : [ {
      "x" : 0.0,
      "y" : 17.944271,
      "z" : 11.09017
    }, {
      "x" : 11.09017,
      "y" : 6.854102,
      "z" : 0.0
    }, {
      "x" : 11.09017,
      "y" : 0.0,
      "z" : -17.944271
    }, {
      "x" : 0.0,
      "y" : 11.09017,
      "z" : -6.854102
    } ],
    "faces" : [ {
      "vertices" : [ 0, 1, 2 ]
    }, {
      "vertices" : [ 0, 2, 3 ]
    }, {
      "vertices" : [ 0, 3, 2 ]
    }, {
      "vertices" : [ 0, 2, 1 ]
    } ]
  }, {
    "id" : "41dada52-0897-4ca1-a54e-7c91c6f57f80",
    "vertices" : [ {
      "x" : -11.09017,
      "y" : 0.0,
      "z" : -17.944271
    }, {
      "x" : 0.0,
      "y" : 11.09017,
      "z" : -6.854102
    }, {
      "x" : 17.944271,
      "y" : 11.09017,
      "z" : 0.0
    }, {
      "x" : 6.854102,
      "y" : 0.0,
      "z" : -11.09017
    } ],
    "faces" : [ {
      "vertices" : [ 0, 1, 2 ]
    }, {
      "vertices" : [ 0, 2, 3 ]
    }, {
      "vertices" : [ 0, 3, 2 ]
    }, {
      "vertices" : [ 0, 2, 1 ]
    } ]
  }, {
    "id" : "1743fbe8-6c77-488c-9275-0c9e840b5ebd",
    "vertices" : [ {
      "x" : 11.09017,
      "y" : 0.0,
      "z" : -17.944271
    }, {
      "x" : 0.0,
      "y" : -11.09017,
      "z" : -6.854102
    }, {
      "x" : -17.944271,
      "y" : -11.09017,
      "z" : 0.0
    }, {
      "x" : -6.854102,
      "y" : 0.0,
      "z" : -11.09017
    } ],
    "faces" : [ {
      "vertices" : [ 0, 1, 2 ]
    }, {
      "vertices" : [ 0, 2, 3 ]
    }, {
      "vertices" : [ 0, 3, 2 ]
    }, {
      "vertices" : [ 0, 2, 1 ]
    } ]
  }, {
    "id" : "674b64b3-f804-4bfc-bae3-f9c095e2582d",
    "vertices" : [ {
      "x" : -11.09017,
      "y" : 0.0,
      "z" : -17.944271
    }, {
      "x" : -11.09017,
      "y" : -6.854102,
      "z" : 0.0
    }, {
      "x" : -11.09017,
      "y" : 0.0,
      "z" : 17.944271
    }, {
      "x" : -11.09017,
      "y" : 6.854102,
      "z" : 0.0
    } ],
    "faces" : [ {
      "vertices" : [ 0, 1, 2 ]
    }, {
      "vertices" : [ 0, 2, 3 ]
    }, {
      "vertices" : [ 0, 3, 2 ]
    }, {
      "vertices" : [ 0, 2, 1 ]
    } ]
  }, {
    "id" : "acd6eb89-a27b-43b4-8d36-a80512c1a17c",
    "vertices" : [ {
      "x" : 11.09017,
      "y" : 0.0,
      "z" : -17.944271
    }, {
      "x" : 11.09017,
      "y" : -6.854102,
      "z" : 0.0
    }, {
      "x" : 0.0,
      "y" : -17.944271,
      "z" : 11.09017
    }, {
      "x" : 0.0,
      "y" : -11.09017,
      "z" : -6.854102
    } ],
    "faces" : [ {
      "vertices" : [ 0, 1, 2 ]
    }, {
      "vertices" : [ 0, 2, 3 ]
    }, {
      "vertices" : [ 0, 3, 2 ]
    }, {
      "vertices" : [ 0, 2, 1 ]
    } ]
  }, {
    "id" : "561ab58e-5b99-4426-911a-3a5dd2b370f2",
    "vertices" : [ {
      "x" : -17.944271,
      "y" : 11.09017,
      "z" : 0.0
    }, {
      "x" : -6.854102,
      "y" : 0.0,
      "z" : 11.09017
    }, {
      "x" : 11.09017,
      "y" : 0.0,
      "z" : 17.944271
    }, {
      "x" : 0.0,
      "y" : 11.09017,
      "z" : 6.854102
    } ],
    "faces" : [ {
      "vertices" : [ 0, 1, 2 ]
    }, {
      "vertices" : [ 0, 2, 3 ]
    }, {
      "vertices" : [ 0, 3, 2 ]
    }, {
      "vertices" : [ 0, 2, 1 ]
    } ]
  }, {
    "id" : "eebe76c3-96c5-48b6-8ce7-377929d29579",
    "vertices" : [ {
      "x" : -11.09017,
      "y" : 0.0,
      "z" : 17.944271
    }, {
      "x" : 0.0,
      "y" : 11.09017,
      "z" : 6.854102
    }, {
      "x" : 0.0,
      "y" : 17.944271,
      "z" : -11.09017
    }, {
      "x" : -11.09017,
      "y" : 6.854102,
      "z" : 0.0
    } ],
    "faces" : [ {
      "vertices" : [ 0, 1, 2 ]
    }, {
      "vertices" : [ 0, 2, 3 ]
    }, {
      "vertices" : [ 0, 3, 2 ]
    }, {
      "vertices" : [ 0, 2, 1 ]
    } ]
  }, {
    "id" : "949f583f-5133-40c2-8a2f-75ac046edf13",
    "vertices" : [ {
      "x" : -11.09017,
      "y" : 0.0,
      "z" : 17.944271
    }, {
      "x" : 6.854102,
      "y" : 0.0,
      "z" : 11.09017
    }, {
      "x" : 17.944271,
      "y" : 11.09017,
      "z" : 0.0
    }, {
      "x" : 0.0,
      "y" : 11.09017,
      "z" : 6.854102
    } ],
    "faces" : [ {
      "vertices" : [ 0, 1, 2 ]
    }, {
      "vertices" : [ 0, 2, 3 ]
    }, {
      "vertices" : [ 0, 3, 2 ]
    }, {
      "vertices" : [ 0, 2, 1 ]
    } ]
  }, {
    "id" : "33ee83de-93f6-40b9-8513-a59590969f5f",
    "vertices" : [ {
      "x" : 0.0,
      "y" : -17.944271,
      "z" : 11.09017
    }, {
      "x" : 11.09017,
      "y" : -6.854102,
      "z" : 0.0
    }, {
      "x" : 17.944271,
      "y" : 11.09017,
      "z" : 0.0
    }, {
      "x" : 6.854102,
      "y" : 0.0,
      "z" : 11.09017
    } ],
    "faces" : [ {
      "vertices" : [ 0, 1, 2 ]
    }, {
      "vertices" : [ 0, 2, 3 ]
    }, {
      "vertices" : [ 0, 3, 2 ]
    }, {
      "vertices" : [ 0, 2, 1 ]
    } ]
  }, {
    "id" : "9a0d3958-28fe-461e-99d5-8cdb51f73019",
    "vertices" : [ {
      "x" : 11.09017,
      "y" : 0.0,
      "z" : -4.236068
    }, {
      "x" : 10.781153,
      "y" : 0.0,
      "z" : -4.118034
    }, {
      "x" : 10.376644,
      "y" : -0.1545085,
      "z" : -3.677051
    }, {
      "x" : 10.185661,
      "y" : -0.1545085,
      "z" : -4.177051
    }, {
      "x" : 0.9045085,
      "y" : -0.1545085,
      "z" : -0.059016995
    }, {
      "x" : 0.809017,
      "y" : 0.309017,
      "z" : -0.309017
    }, {
      "x" : 0.309017,
      "y" : 0.0,
      "z" : -0.11803399
    }, {
      "x" : 10.281153,
      "y" : 0.309017,
      "z" : -3.927051
    }, {
      "x" : 0.7135255,
      "y" : -0.1545085,
      "z" : -0.559017
    } ],
    "faces" : [ {
      "vertices" : [ 2, 4, 8 ]
    }, {
      "vertices" : [ 2, 8, 3 ]
    }, {
      "vertices" : [ 2, 7, 5 ]
    }, {
      "vertices" : [ 2, 5, 4 ]
    }, {
      "vertices" : [ 4, 6, 8 ]
    }, {
      "vertices" : [ 5, 8, 6 ]
    }, {
      "vertices" : [ 1, 2, 3 ]
    }, {
      "vertices" : [ 3, 8, 5 ]
    }, {
      "vertices" : [ 3, 5, 7 ]
    }, {
      "vertices" : [ 1, 7, 2 ]
    }, {
      "vertices" : [ 1, 3, 7 ]
    }, {
      "vertices" : [ 4, 5, 6 ]
    } ]
  }, {
    "id" : "99f4e7af-9a88-4ebd-9f18-91a61a29e398",
    "vertices" : [ {
      "x" : 0.0,
      "y" : 17.944271,
      "z" : 11.09017
    }, {
      "x" : 11.09017,
      "y" : 6.854102,
      "z" : 0.0
    }, {
      "x" : 11.09017,
      "y" : 0.0,
      "z" : -17.944271
    }, {
      "x" : 0.0,
      "y" : 11.09017,
      "z" : -6.854102
    } ],
    "faces" : [ {
      "vertices" : [ 0, 1, 2 ]
    }, {
      "vertices" : [ 0, 2, 3 ]
    }, {
      "vertices" : [ 0, 3, 2 ]
    }, {
      "vertices" : [ 0, 2, 1 ]
    } ]
  }, {
    "id" : "52b9318f-48d7-49b7-84ca-0c4a271c09c7",
    "vertices" : [ {
      "x" : 11.09017,
      "y" : 0.0,
      "z" : -17.944271
    }, {
      "x" : 0.0,
      "y" : -11.09017,
      "z" : -6.854102
    }, {
      "x" : -17.944271,
      "y" : -11.09017,
      "z" : 0.0
    }, {
      "x" : -6.854102,
      "y" : 0.0,
      "z" : -11.09017
    } ],
    "faces" : [ {
      "vertices" : [ 0, 1, 2 ]
    }, {
      "vertices" : [ 0, 2, 3 ]
    }, {
      "vertices" : [ 0, 3, 2 ]
    }, {
      "vertices" : [ 0, 2, 1 ]
    } ]
  }, {
    "id" : "85d6e992-2bc6-41f0-a31d-0bd4168fa23d",
    "vertices" : [ {
      "x" : -17.944271,
      "y" : -11.09017,
      "z" : 0.0
    }, {
      "x" : 0.0,
      "y" : -11.09017,
      "z" : 6.854102
    }, {
      "x" : 11.09017,
      "y" : 0.0,
      "z" : 17.944271
    }, {
      "x" : -6.854102,
      "y" : 0.0,
      "z" : 11.09017
    } ],
    "faces" : [ {
      "vertices" : [ 0, 1, 2 ]
    }, {
      "vertices" : [ 0, 2, 3 ]
    }, {
      "vertices" : [ 0, 3, 2 ]
    }, {
      "vertices" : [ 0, 2, 1 ]
    } ]
  }, {
    "id" : "764829b0-b548-4b5d-9e7a-2f369a935b5e",
    "vertices" : [ {
      "x" : 11.09017,
      "y" : 0.0,
      "z" : 17.944271
    }, {
      "x" : 11.09017,
      "y" : 6.854102,
      "z" : 0.0
    }, {
      "x" : 0.0,
      "y" : 17.944271,
      "z" : -11.09017
    }, {
      "x" : 0.0,
      "y" : 11.09017,
      "z" : 6.854102
    } ],
    "faces" : [ {
      "vertices" : [ 0, 1, 2 ]
    }, {
      "vertices" : [ 0, 2, 3 ]
    }, {
      "vertices" : [ 0, 3, 2 ]
    }, {
      "vertices" : [ 0, 2, 1 ]
    } ]
  }, {
    "id" : "f42d0983-b66d-4bb7-b804-6ff5c607a4d5",
    "vertices" : [ {
      "x" : -17.944271,
      "y" : -11.09017,
      "z" : 0.0
    }, {
      "x" : -6.854102,
      "y" : 0.0,
      "z" : 11.09017
    }, {
      "x" : 0.0,
      "y" : 17.944271,
      "z" : 11.09017
    }, {
      "x" : -11.09017,
      "y" : 6.854102,
      "z" : 0.0
    } ],
    "faces" : [ {
      "vertices" : [ 0, 1, 2 ]
    }, {
      "vertices" : [ 0, 2, 3 ]
    }, {
      "vertices" : [ 0, 3, 2 ]
    }, {
      "vertices" : [ 0, 2, 1 ]
    } ]
  }, {
    "id" : "3c579491-2c84-4400-b934-7e115981f0d9",
    "vertices" : [ {
      "x" : 11.09017,
      "y" : 0.0,
      "z" : -17.944271
    }, {
      "x" : 11.09017,
      "y" : -6.854102,
      "z" : 0.0
    }, {
      "x" : 0.0,
      "y" : -17.944271,
      "z" : 11.09017
    }, {
      "x" : 0.0,
      "y" : -11.09017,
      "z" : -6.854102
    } ],
    "faces" : [ {
      "vertices" : [ 0, 1, 2 ]
    }, {
      "vertices" : [ 0, 2, 3 ]
    }, {
      "vertices" : [ 0, 3, 2 ]
    }, {
      "vertices" : [ 0, 2, 1 ]
    } ]
  }, {
    "id" : "23e10d41-4590-4f4f-8b67-3a0c044e83f8",
    "vertices" : [ {
      "x" : 0.0,
      "y" : 17.944271,
      "z" : -11.09017
    }, {
      "x" : 6.854102,
      "y" : 0.0,
      "z" : -11.09017
    }, {
      "x" : 0.0,
      "y" : -17.944271,
      "z" : -11.09017
    }, {
      "x" : -6.854102,
      "y" : 0.0,
      "z" : -11.09017
    } ],
    "faces" : [ {
      "vertices" : [ 0, 1, 2 ]
    }, {
      "vertices" : [ 0, 2, 3 ]
    }, {
      "vertices" : [ 0, 3, 2 ]
    }, {
      "vertices" : [ 0, 2, 1 ]
    } ]
  }, {
    "id" : "4a99c1c7-5c3a-4fc3-b6b0-85fa4710c927",
    "vertices" : [ {
      "x" : 11.09017,
      "y" : 0.0,
      "z" : -17.944271
    }, {
      "x" : 11.09017,
      "y" : 6.854102,
      "z" : 0.0
    }, {
      "x" : 11.09017,
      "y" : 0.0,
      "z" : 17.944271
    }, {
      "x" : 11.09017,
      "y" : -6.854102,
      "z" : 0.0
    } ],
    "faces" : [ {
      "vertices" : [ 0, 1, 2 ]
    }, {
      "vertices" : [ 0, 2, 3 ]
    }, {
      "vertices" : [ 0, 3, 2 ]
    }, {
      "vertices" : [ 0, 2, 1 ]
    } ]
  }, {
    "id" : "a7e6c4ad-85ff-487a-8da8-085c50e6d95d",
    "vertices" : [ {
      "x" : 17.944271,
      "y" : -11.09017,
      "z" : 0.0
    }, {
      "x" : 6.854102,
      "y" : 0.0,
      "z" : 11.09017
    }, {
      "x" : -11.09017,
      "y" : 0.0,
      "z" : 17.944271
    }, {
      "x" : 0.0,
      "y" : -11.09017,
      "z" : 6.854102
    } ],
    "faces" : [ {
      "vertices" : [ 0, 1, 2 ]
    }, {
      "vertices" : [ 0, 2, 3 ]
    }, {
      "vertices" : [ 0, 3, 2 ]
    }, {
      "vertices" : [ 0, 2, 1 ]
    } ]
  }, {
    "id" : "ac097f18-3f12-4902-bb54-a952248952c1",
    "vertices" : [ {
      "x" : 0.0,
      "y" : -17.944271,
      "z" : 11.09017
    }, {
      "x" : -6.854102,
      "y" : 0.0,
      "z" : 11.09017
    }, {
      "x" : -17.944271,
      "y" : 11.09017,
      "z" : 0.0
    }, {
      "x" : -11.09017,
      "y" : -6.854102,
      "z" : 0.0
    } ],
    "faces" : [ {
      "vertices" : [ 0, 1, 2 ]
    }, {
      "vertices" : [ 0, 2, 3 ]
    }, {
      "vertices" : [ 0, 3, 2 ]
    }, {
      "vertices" : [ 0, 2, 1 ]
    } ]
  }, {
    "id" : "f51e2788-834a-47d7-b087-d5cb610084ef",
    "vertices" : [ {
      "x" : 0.0,
      "y" : 17.944271,
      "z" : 11.09017
    }, {
      "x" : 0.0,
      "y" : 11.09017,
      "z" : -6.854102
    }, {
      "x" : -11.09017,
      "y" : 0.0,
      "z" : -17.944271
    }, {
      "x" : -11.09017,
      "y" : 6.854102,
      "z" : 0.0
    } ],
    "faces" : [ {
      "vertices" : [ 0, 1, 2 ]
    }, {
      "vertices" : [ 0, 2, 3 ]
    }, {
      "vertices" : [ 0, 3, 2 ]
    }, {
      "vertices" : [ 0, 2, 1 ]
    } ]
  }, {
    "id" : "cbfe24fb-7d95-4506-a632-0a0b4a0231d1",
    "vertices" : [ {
      "x" : -17.944271,
      "y" : -11.09017,
      "z" : 0.0
    }, {
      "x" : 0.0,
      "y" : -11.09017,
      "z" : -6.854102
    }, {
      "x" : 17.944271,
      "y" : -11.09017,
      "z" : 0.0
    }, {
      "x" : 0.0,
      "y" : -11.09017,
      "z" : 6.854102
    } ],
    "faces" : [ {
      "vertices" : [ 0, 1, 2 ]
    }, {
      "vertices" : [ 0, 2, 3 ]
    }, {
      "vertices" : [ 0, 3, 2 ]
    }, {
      "vertices" : [ 0, 2, 1 ]
    } ]
  }, {
    "id" : "03e42d92-0bfb-4420-9ade-cd81191df9b5",
    "vertices" : [ {
      "x" : -11.09017,
      "y" : 0.0,
      "z" : -17.944271
    }, {
      "x" : -11.09017,
      "y" : -6.854102,
      "z" : 0.0
    }, {
      "x" : -11.09017,
      "y" : 0.0,
      "z" : 17.944271
    }, {
      "x" : -11.09017,
      "y" : 6.854102,
      "z" : 0.0
    } ],
    "faces" : [ {
      "vertices" : [ 0, 1, 2 ]
    }, {
      "vertices" : [ 0, 2, 3 ]
    }, {
      "vertices" : [ 0, 3, 2 ]
    }, {
      "vertices" : [ 0, 2, 1 ]
    } ]
  }, {
    "id" : "a1b76855-c58c-4087-8408-5b441f0cd91c",
    "vertices" : [ {
      "x" : 0.0,
      "y" : -17.944271,
      "z" : 11.09017
    }, {
      "x" : 6.854102,
      "y" : 0.0,
      "z" : 11.09017
    }, {
      "x" : 0.0,
      "y" : 17.944271,
      "z" : 11.09017
    }, {
      "x" : -6.854102,
      "y" : 0.0,
      "z" : 11.09017
    } ],
    "faces" : [ {
      "vertices" : [ 0, 1, 2 ]
    }, {
