{
  "polygons" : "true",
  "field" : "golden",
  "symmetry" : "icosahedral",
  "orientations" : [ [ 1.0, 0.0, 0.0, 0.0, 0.0, 1.0, 0.0, 0.0, 0.0, 0.0, 1.0, 0.0, 0.0, 0.0, 0.0, 1.0 ], [ 0.0, 0.0, 1.0, 0.0, 1.0, 0.0, 0.0, 0.0, 0.0, 1.0, 0.0, 0.0, 0.0, 0.0, 0.0, 1.0 ], [ 0.0, 1.0, 0.0, 0.0, 0.0, 0.0, 1.0, 0.0, 1.0, 0.0, 0.0, 0.0, 0.0, 0.0, 0.0, 1.0 ], [ 0.809017, 0.309017, 0.5, 0.0, 0.309017, 0.5, -0.809017, 0.0, -0.5, 0.809017, 0.309017, 0.0, 0.0, 0.0, 0.0, 1.0 ], [ -0.5, 0.809017, 0.309017, 0.0, 0.809017, 0.309017, 0.5, 0.0, 0.309017, 0.5, -0.809017, 0.0, 0.0, 0.0, 0.0, 1.0 ], [ 0.309017, 0.5, -0.809017, 0.0, -0.5, 0.809017, 0.309017, 0.0, 0.809017, 0.309017, 0.5, 0.0, 0.0, 0.0, 0.0, 1.0 ], [ 0.5, 0.809017, 0.309017, 0.0, 0.809017, -0.309017, -0.5, 0.0, -0.309017, 0.5, -0.809017, 0.0, 0.0, 0.0, 0.0, 1.0 ], [ -0.309017, 0.5, -0.809017, 0.0, 0.5, 0.809017, 0.309017, 0.0, 0.809017, -0.309017, -0.5, 0.0, 0.0, 0.0, 0.0, 1.0 ], [ 0.809017, -0.309017, -0.5, 0.0, -0.309017, 0.5, -0.809017, 0.0, 0.5, 0.809017, 0.309017, 0.0, 0.0, 0.0, 0.0, 1.0 ], [ 0.5, 0.809017, -0.309017, 0.0, 0.809017, -0.309017, 0.5, 0.0, 0.309017, -0.5, -0.809017, 0.0, 0.0, 0.0, 0.0, 1.0 ], [ 0.309017, -0.5, -0.809017, 0.0, 0.5, 0.809017, -0.309017, 0.0, 0.809017, -0.309017, 0.5, 0.0, 0.0, 0.0, 0.0, 1.0 ], [ 0.809017, -0.309017, 0.5, 0.0, 0.309017, -0.5, -0.809017, 0.0, 0.5, 0.809017, -0.309017, 0.0, 0.0, 0.0, 0.0, 1.0 ], [ 0.809017, 0.309017, -0.5, 0.0, 0.309017, 0.5, 0.809017, 0.0, 0.5, -0.809017, 0.309017, 0.0, 0.0, 0.0, 0.0, 1.0 ], [ 0.5, -0.809017, 0.309017, 0.0, 0.809017, 0.309017, -0.5, 0.0, 0.309017, 0.5, 0.809017, 0.0, 0.0, 0.0, 0.0, 1.0 ], [ 0.309017, 0.5, 0.809017, 0.0, 0.5, -0.809017, 0.309017, 0.0, 0.809017, 0.309017, -0.5, 0.0, 0.0, 0.0, 0.0, 1.0 ], [ 1.0, 0.0, 0.0, 0.0, 0.0, -1.0, 0.0, 0.0, 0.0, 0.0, -1.0, 0.0, 0.0, 0.0, 0.0, 1.0 ], [ 0.0, 0.0, 1.0, 0.0, -1.0, 0.0, 0.0, 0.0, 0.0, -1.0, 0.0, 0.0, 0.0, 0.0, 0.0, 1.0 ], [ 0.0, 1.0, 0.0, 0.0, 0.0, 0.0, -1.0, 0.0, -1.0, 0.0, 0.0, 0.0, 0.0, 0.0, 0.0, 1.0 ], [ 0.809017, 0.309017, 0.5, 0.0, -0.309017, -0.5, 0.809017, 0.0, 0.5, -0.809017, -0.309017, 0.0, 0.0, 0.0, 0.0, 1.0 ], [ -0.5, 0.809017, 0.309017, 0.0, -0.809017, -0.309017, -0.5, 0.0, -0.309017, -0.5, 0.809017, 0.0, 0.0, 0.0, 0.0, 1.0 ], [ 0.309017, 0.5, -0.809017, 0.0, 0.5, -0.809017, -0.309017, 0.0, -0.809017, -0.309017, -0.5, 0.0, 0.0, 0.0, 0.0, 1.0 ], [ 0.5, 0.809017, 0.309017, 0.0, -0.809017, 0.309017, 0.5, 0.0, 0.309017, -0.5, 0.809017, 0.0, 0.0, 0.0, 0.0, 1.0 ], [ -0.309017, 0.5, -0.809017, 0.0, -0.5, -0.809017, -0.309017, 0.0, -0.809017, 0.309017, 0.5, 0.0, 0.0, 0.0, 0.0, 1.0 ], [ 0.809017, -0.309017, -0.5, 0.0, 0.309017, -0.5, 0.809017, 0.0, -0.5, -0.809017, -0.309017, 0.0, 0.0, 0.0, 0.0, 1.0 ], [ 0.5, 0.809017, -0.309017, 0.0, -0.809017, 0.309017, -0.5, 0.0, -0.309017, 0.5, 0.809017, 0.0, 0.0, 0.0, 0.0, 1.0 ], [ 0.309017, -0.5, -0.809017, 0.0, -0.5, -0.809017, 0.309017, 0.0, -0.809017, 0.309017, -0.5, 0.0, 0.0, 0.0, 0.0, 1.0 ], [ 0.809017, -0.309017, 0.5, 0.0, -0.309017, 0.5, 0.809017, 0.0, -0.5, -0.809017, 0.309017, 0.0, 0.0, 0.0, 0.0, 1.0 ], [ 0.809017, 0.309017, -0.5, 0.0, -0.309017, -0.5, -0.809017, 0.0, -0.5, 0.809017, -0.309017, 0.0, 0.0, 0.0, 0.0, 1.0 ], [ 0.5, -0.809017, 0.309017, 0.0, -0.809017, -0.309017, 0.5, 0.0, -0.309017, -0.5, -0.809017, 0.0, 0.0, 0.0, 0.0, 1.0 ], [ 0.309017, 0.5, 0.809017, 0.0, -0.5, 0.809017, -0.309017, 0.0, -0.809017, -0.309017, 0.5, 0.0, 0.0, 0.0, 0.0, 1.0 ], [ -1.0, 0.0, 0.0, 0.0, 0.0, -1.0, 0.0, 0.0, 0.0, 0.0, 1.0, 0.0, 0.0, 0.0, 0.0, 1.0 ], [ 0.0, 0.0, -1.0, 0.0, -1.0, 0.0, 0.0, 0.0, 0.0, 1.0, 0.0, 0.0, 0.0, 0.0, 0.0, 1.0 ], [ 0.0, -1.0, 0.0, 0.0, 0.0, 0.0, -1.0, 0.0, 1.0, 0.0, 0.0, 0.0, 0.0, 0.0, 0.0, 1.0 ], [ -0.809017, -0.309017, -0.5, 0.0, -0.309017, -0.5, 0.809017, 0.0, -0.5, 0.809017, 0.309017, 0.0, 0.0, 0.0, 0.0, 1.0 ], [ 0.5, -0.809017, -0.309017, 0.0, -0.809017, -0.309017, -0.5, 0.0, 0.309017, 0.5, -0.809017, 0.0, 0.0, 0.0, 0.0, 1.0 ], [ -0.309017, -0.5, 0.809017, 0.0, 0.5, -0.809017, -0.309017, 0.0, 0.809017, 0.309017, 0.5, 0.0, 0.0, 0.0, 0.0, 1.0 ], [ -0.5, -0.809017, -0.309017, 0.0, -0.809017, 0.309017, 0.5, 0.0, -0.309017, 0.5, -0.809017, 0.0, 0.0, 0.0, 0.0, 1.0 ], [ 0.309017, -0.5, 0.809017, 0.0, -0.5, -0.809017, -0.309017, 0.0, 0.809017, -0.309017, -0.5, 0.0, 0.0, 0.0, 0.0, 1.0 ], [ -0.809017, 0.309017, 0.5, 0.0, 0.309017, -0.5, 0.809017, 0.0, 0.5, 0.809017, 0.309017, 0.0, 0.0, 0.0, 0.0, 1.0 ], [ -0.5, -0.809017, 0.309017, 0.0, -0.809017, 0.309017, -0.5, 0.0, 0.309017, -0.5, -0.809017, 0.0, 0.0, 0.0, 0.0, 1.0 ], [ -0.309017, 0.5, 0.809017, 0.0, -0.5, -0.809017, 0.309017, 0.0, 0.809017, -0.309017, 0.5, 0.0, 0.0, 0.0, 0.0, 1.0 ], [ -0.809017, 0.309017, -0.5, 0.0, -0.309017, 0.5, 0.809017, 0.0, 0.5, 0.809017, -0.309017, 0.0, 0.0, 0.0, 0.0, 1.0 ], [ -0.809017, -0.309017, 0.5, 0.0, -0.309017, -0.5, -0.809017, 0.0, 0.5, -0.809017, 0.309017, 0.0, 0.0, 0.0, 0.0, 1.0 ], [ -0.5, 0.809017, -0.309017, 0.0, -0.809017, -0.309017, 0.5, 0.0, 0.309017, 0.5, 0.809017, 0.0, 0.0, 0.0, 0.0, 1.0 ], [ -0.309017, -0.5, -0.809017, 0.0, -0.5, 0.809017, -0.309017, 0.0, 0.809017, 0.309017, -0.5, 0.0, 0.0, 0.0, 0.0, 1.0 ], [ -1.0, 0.0, 0.0, 0.0, 0.0, 1.0, 0.0, 0.0, 0.0, 0.0, -1.0, 0.0, 0.0, 0.0, 0.0, 1.0 ], [ 0.0, 0.0, -1.0, 0.0, 1.0, 0.0, 0.0, 0.0, 0.0, -1.0, 0.0, 0.0, 0.0, 0.0, 0.0, 1.0 ], [ 0.0, -1.0, 0.0, 0.0, 0.0, 0.0, 1.0, 0.0, -1.0, 0.0, 0.0, 0.0, 0.0, 0.0, 0.0, 1.0 ], [ -0.809017, -0.309017, -0.5, 0.0, 0.309017, 0.5, -0.809017, 0.0, 0.5, -0.809017, -0.309017, 0.0, 0.0, 0.0, 0.0, 1.0 ], [ 0.5, -0.809017, -0.309017, 0.0, 0.809017, 0.309017, 0.5, 0.0, -0.309017, -0.5, 0.809017, 0.0, 0.0, 0.0, 0.0, 1.0 ], [ -0.309017, -0.5, 0.809017, 0.0, -0.5, 0.809017, 0.309017, 0.0, -0.809017, -0.309017, -0.5, 0.0, 0.0, 0.0, 0.0, 1.0 ], [ -0.5, -0.809017, -0.309017, 0.0, 0.809017, -0.309017, -0.5, 0.0, 0.309017, -0.5, 0.809017, 0.0, 0.0, 0.0, 0.0, 1.0 ], [ 0.309017, -0.5, 0.809017, 0.0, 0.5, 0.809017, 0.309017, 0.0, -0.809017, 0.309017, 0.5, 0.0, 0.0, 0.0, 0.0, 1.0 ], [ -0.809017, 0.309017, 0.5, 0.0, -0.309017, 0.5, -0.809017, 0.0, -0.5, -0.809017, -0.309017, 0.0, 0.0, 0.0, 0.0, 1.0 ], [ -0.5, -0.809017, 0.309017, 0.0, 0.809017, -0.309017, 0.5, 0.0, -0.309017, 0.5, 0.809017, 0.0, 0.0, 0.0, 0.0, 1.0 ], [ -0.309017, 0.5, 0.809017, 0.0, 0.5, 0.809017, -0.309017, 0.0, -0.809017, 0.309017, -0.5, 0.0, 0.0, 0.0, 0.0, 1.0 ], [ -0.809017, 0.309017, -0.5, 0.0, 0.309017, -0.5, -0.809017, 0.0, -0.5, -0.809017, 0.309017, 0.0, 0.0, 0.0, 0.0, 1.0 ], [ -0.809017, -0.309017, 0.5, 0.0, 0.309017, 0.5, 0.809017, 0.0, -0.5, 0.809017, -0.309017, 0.0, 0.0, 0.0, 0.0, 1.0 ], [ -0.5, 0.809017, -0.309017, 0.0, 0.809017, 0.309017, -0.5, 0.0, -0.309017, -0.5, -0.809017, 0.0, 0.0, 0.0, 0.0, 1.0 ], [ -0.309017, -0.5, -0.809017, 0.0, 0.5, -0.809017, 0.309017, 0.0, -0.809017, -0.309017, 0.5, 0.0, 0.0, 0.0, 0.0, 1.0 ] ],
  "lights" : {
    "ambientColor" : "#292929",
    "backgroundColor" : "#AFC8DC",
    "directionalLights" : [ {
      "direction" : [ 1.0, -1.0, -1.0 ],
      "color" : "#EBEBE4"
    }, {
      "direction" : [ -1.0, 0.0, 0.0 ],
      "color" : "#E4E4EB"
    }, {
      "direction" : [ 0.0, 0.0, -1.0 ],
      "color" : "#1E1E1E"
    } ]
  },
  "camera" : {
    "lookAtPoint" : {
      "x" : 0.0,
      "y" : 0.0,
      "z" : 0.0
    },
    "lookDirection" : {
      "x" : -0.032791194,
      "y" : 0.47805786,
      "z" : -0.87771535
    },
    "upDirection" : {
      "x" : -0.0039256704,
      "y" : 0.87812036,
      "z" : 0.478425
    },
    "nearClipDistance" : 0.23631608,
    "farClipDistance" : 189.05286,
    "perspective" : true,
    "viewDistance" : 94.52643,
    "fieldOfView" : 0.44262874,
    "lookAtPointRV" : {
      "x" : 0.0,
      "y" : 0.0,
      "z" : 0.0,
      "zero" : true
    },
    "lookDirectionRV" : {
      "x" : -0.032791194,
      "y" : 0.47805786,
      "z" : -0.87771535,
      "zero" : false
    },
    "upDirectionRV" : {
      "x" : -0.0039256704,
      "y" : 0.87812036,
      "z" : 0.478425,
      "zero" : false
    },
    "width" : 42.536877,
    "stereo" : false,
    "position" : {
      "x" : 3.0996344,
      "y" : -45.189102,
      "z" : 82.9673
    }
  },
  "embedding" : [ 1.0, 0.0, 0.0, 0.0, 0.0, 1.0, 0.0, 0.0, 0.0, 0.0, 1.0, 0.0, 0.0, 0.0, 0.0, 1.0 ],
  "shapes" : [ {
    "id" : "916d7561-3f8e-4028-b3a7-aa12eb29ec52",
    "orbit" : "yellow",
    "orbitC" : "[[0,0,1],[2,-1,1]]",
    "length" : "[1,0,1]",
    "name" : "y1",
    "vertices" : [ {
      "x" : 0.9756837,
      "y" : -0.19098301,
      "z" : -0.254644
    }, {
      "x" : 1.0,
      "y" : -0.309017,
      "z" : -0.19098301
    }, {
      "x" : 1.0,
      "y" : 0.309017,
      "z" : -0.19098301
    }, {
      "x" : 0.9756837,
      "y" : 0.19098301,
      "z" : -0.254644
    }, {
      "x" : 6.236068,
      "y" : -0.19098301,
      "z" : -2.5
    }, {
      "x" : 4.236068,
      "y" : -0.309017,
      "z" : -1.809017
    }, {
      "x" : 4.427051,
      "y" : 0.0,
      "z" : -1.309017
    }, {
      "x" : 2.618034,
      "y" : -0.309017,
      "z" : -0.809017
    }, {
      "x" : 2.427051,
      "y" : 0.0,
      "z" : -1.309017
    }, {
      "x" : 0.809017,
      "y" : 0.0,
      "z" : -0.690983
    }, {
      "x" : 2.618034,
      "y" : 0.309017,
      "z" : -0.809017
    }, {
      "x" : 4.236068,
      "y" : 0.309017,
      "z" : -1.809017
    }, {
      "x" : 5.854102,
      "y" : 0.309017,
      "z" : -2.427051
    }, {
      "x" : 5.854102,
      "y" : -0.309017,
      "z" : -2.427051
    }, {
      "x" : 5.8784184,
      "y" : 0.19098301,
      "z" : -2.36339
    }, {
      "x" : 6.045085,
      "y" : 0.0,
      "z" : -1.927051
    }, {
      "x" : 5.9964523,
      "y" : 0.0,
      "z" : -2.054373
    }, {
      "x" : 6.354102,
      "y" : 0.0,
      "z" : -2.190983
    }, {
      "x" : 5.8784184,
      "y" : -0.19098301,
      "z" : -2.36339
    }, {
      "x" : 6.854102,
      "y" : 0.0,
      "z" : -2.618034
    }, {
      "x" : 0.8576497,
      "y" : 0.0,
      "z" : -0.563661
    }, {
      "x" : 6.236068,
      "y" : 0.19098301,
      "z" : -2.5
    }, {
      "x" : 0.618034,
      "y" : -0.19098301,
      "z" : -0.11803399
    }, {
      "x" : 0.5,
      "y" : 0.0,
      "z" : -0.42705098
    }, {
      "x" : 0.618034,
      "y" : 0.19098301,
      "z" : -0.11803399
    } ],
    "faces" : [ {
      "vertices" : [ 0, 22, 23, 20 ]
    }, {
      "vertices" : [ 14, 16, 17, 21 ]
    }, {
      "vertices" : [ 22, 24, 23 ]
    }, {
      "vertices" : [ 0, 1, 2, 3 ]
    }, {
      "vertices" : [ 3, 20, 23, 24 ]
    }, {
      "vertices" : [ 5, 6, 7 ]
    }, {
      "vertices" : [ 5, 7, 8 ]
    }, {
      "vertices" : [ 1, 7, 10, 2 ]
    }, {
      "vertices" : [ 6, 10, 7 ]
    }, {
      "vertices" : [ 5, 8, 11 ]
    }, {
      "vertices" : [ 1, 9, 8, 7 ]
    }, {
      "vertices" : [ 6, 11, 10 ]
    }, {
      "vertices" : [ 2, 10, 8, 9 ]
    }, {
      "vertices" : [ 8, 10, 11 ]
    }, {
      "vertices" : [ 0, 20, 9, 1 ]
    }, {
      "vertices" : [ 2, 9, 20, 3 ]
    }, {
      "vertices" : [ 5, 13, 15, 6 ]
    }, {
      "vertices" : [ 5, 11, 12, 13 ]
    }, {
      "vertices" : [ 4, 21, 17 ]
    }, {
      "vertices" : [ 6, 15, 12, 11 ]
    }, {
      "vertices" : [ 0, 3, 24, 22 ]
    }, {
      "vertices" : [ 4, 17, 16, 18 ]
    }, {
      "vertices" : [ 12, 15, 16, 14 ]
    }, {
      "vertices" : [ 12, 14, 18, 13 ]
    }, {
      "vertices" : [ 4, 18, 14, 21 ]
    }, {
      "vertices" : [ 13, 18, 16, 15 ]
    } ]
  }, {
    "id" : "4537724b-f0b4-4018-ba4a-235144596936",
    "orbit" : "blue",
    "orbitC" : "[[0,0,1],[0,0,1]]",
    "length" : "[1,0,1]",
    "name" : "b1",
    "vertices" : [ {
      "x" : 7.472136,
      "y" : -0.309017,
      "z" : -0.19098301
    }, {
      "x" : 7.472136,
      "y" : -0.309017,
      "z" : 0.19098301
    }, {
      "x" : 1.0,
      "y" : -0.309017,
      "z" : 0.19098301
    }, {
      "x" : 1.0,
      "y" : -0.309017,
      "z" : -0.19098301
    }, {
      "x" : 0.618034,
      "y" : -0.19098301,
      "z" : -0.11803399
    }, {
      "x" : 0.618034,
      "y" : 0.19098301,
      "z" : -0.11803399
    }, {
      "x" : 1.0,
      "y" : 0.19098301,
      "z" : -0.11803399
    }, {
      "x" : 1.0,
      "y" : -0.19098301,
      "z" : -0.11803399
    }, {
      "x" : 7.472136,
      "y" : -0.19098301,
      "z" : -0.11803399
    }, {
      "x" : 7.472136,
      "y" : -0.19098301,
      "z" : 0.11803399
    }, {
      "x" : 7.472136,
      "y" : 0.309017,
      "z" : 0.19098301
    }, {
      "x" : 1.0,
      "y" : 0.309017,
      "z" : 0.19098301
    }, {
      "x" : 0.618034,
      "y" : 0.0,
      "z" : 0.0
    }, {
      "x" : 0.618034,
      "y" : -0.19098301,
      "z" : 0.11803399
    }, {
      "x" : 7.472136,
      "y" : 0.309017,
      "z" : -0.19098301
    }, {
      "x" : 1.0,
      "y" : 0.309017,
      "z" : -0.19098301
    }, {
      "x" : 7.854102,
      "y" : 0.0,
      "z" : 0.0
    }, {
      "x" : 7.854102,
      "y" : -0.19098301,
      "z" : 0.11803399
    }, {
      "x" : 7.854102,
      "y" : -0.19098301,
      "z" : -0.11803399
    }, {
      "x" : 7.854102,
      "y" : 0.19098301,
      "z" : 0.11803399
    }, {
      "x" : 7.854102,
      "y" : 0.19098301,
      "z" : -0.11803399
    }, {
      "x" : 7.472136,
      "y" : 0.19098301,
      "z" : -0.11803399
    }, {
      "x" : 7.472136,
      "y" : 0.19098301,
      "z" : 0.11803399
    }, {
      "x" : 1.0,
      "y" : -0.19098301,
      "z" : 0.11803399
    }, {
      "x" : 8.472136,
      "y" : 0.0,
      "z" : 0.0
    }, {
      "x" : 0.618034,
      "y" : 0.19098301,
      "z" : 0.11803399
    }, {
      "x" : 1.0,
      "y" : 0.19098301,
      "z" : 0.11803399
    } ],
    "faces" : [ {
      "vertices" : [ 9, 17, 19, 22 ]
    }, {
      "vertices" : [ 10, 22, 21, 14 ]
    }, {
      "vertices" : [ 8, 21, 20, 18 ]
    }, {
      "vertices" : [ 0, 1, 2, 3 ]
    }, {
      "vertices" : [ 0, 8, 9, 1 ]
    }, {
      "vertices" : [ 19, 20, 21, 22 ]
    }, {
      "vertices" : [ 4, 12, 5 ]
    }, {
      "vertices" : [ 4, 5, 6, 7 ]
    }, {
      "vertices" : [ 13, 23, 26, 25 ]
    }, {
      "vertices" : [ 1, 10, 11, 2 ]
    }, {
      "vertices" : [ 4, 13, 12 ]
    }, {
      "vertices" : [ 3, 7, 6, 15 ]
    }, {
      "vertices" : [ 0, 3, 15, 14 ]
    }, {
      "vertices" : [ 2, 23, 7, 3 ]
    }, {
      "vertices" : [ 1, 9, 22, 10 ]
    }, {
      "vertices" : [ 5, 12, 25 ]
    }, {
      "vertices" : [ 0, 14, 21, 8 ]
    }, {
      "vertices" : [ 4, 7, 23, 13 ]
    }, {
      "vertices" : [ 10, 14, 15, 11 ]
    }, {
      "vertices" : [ 12, 13, 25 ]
    }, {
      "vertices" : [ 16, 17, 18 ]
    }, {
      "vertices" : [ 16, 19, 17 ]
    }, {
      "vertices" : [ 8, 18, 17, 9 ]
    }, {
      "vertices" : [ 16, 18, 20 ]
    }, {
      "vertices" : [ 16, 20, 19 ]
    }, {
      "vertices" : [ 6, 26, 11, 15 ]
    }, {
      "vertices" : [ 2, 11, 26, 23 ]
    }, {
      "vertices" : [ 5, 25, 26, 6 ]
    } ]
  }, {
    "id" : "25424e87-51e7-4056-b688-e6e97a3fabc5",
    "name" : "ball",
    "vertices" : [ {
      "x" : -0.73606795,
      "y" : 0.690983,
      "z" : 0.0
    }, {
      "x" : -0.42705098,
      "y" : 0.5,
      "z" : 0.0
    }, {
      "x" : -0.5,
      "y" : 0.38196602,
      "z" : 0.19098301
    }, {
      "x" : -0.809017,
      "y" : 0.572949,
      "z" : 0.19098301
    }, {
      "x" : 0.73606795,
      "y" : -0.690983,
      "z" : 0.0
    }, {
      "x" : 0.7254249,
      "y" : -0.7532889,
      "z" : 0.0
    }, {
      "x" : 0.8196601,
      "y" : -0.6008131,
      "z" : -0.24671109
    }, {
      "x" : 0.809017,
      "y" : -0.572949,
      "z" : -0.19098301
    }, {
      "x" : 0.572949,
      "y" : -0.19098301,
      "z" : -0.809017
    }, {
      "x" : 0.38196602,
      "y" : -0.19098301,
      "z" : -0.5
    }, {
      "x" : 0.5,
      "y" : 0.0,
      "z" : -0.42705098
    }, {
      "x" : 0.690983,
      "y" : 0.0,
      "z" : -0.73606795
    }, {
      "x" : 0.9655582,
      "y" : 0.19098301,
      "z" : -0.11803399
    }, {
      "x" : 0.618034,
      "y" : 0.19098301,
      "z" : -0.11803399
    }, {
      "x" : 0.618034,
      "y" : -0.19098301,
      "z" : -0.11803399
    }, {
      "x" : 0.9655582,
      "y" : -0.19098301,
      "z" : -0.11803399
    }, {
      "x" : -0.809017,
      "y" : 0.618034,
      "z" : -0.309017
    }, {
      "x" : -0.7586105,
      "y" : 0.6094235,
      "z" : -0.36803398
    }, {
      "x" : -0.6094235,
      "y" : 0.36803398,
      "z" : -0.7586105
    }, {
      "x" : -0.618034,
      "y" : 0.309017,
      "z" : -0.809017
    }, {
      "x" : -0.19098301,
      "y" : 0.809017,
      "z" : -0.572949
    }, {
      "x" : -0.24671109,
      "y" : 0.8196601,
      "z" : -0.6008131
    }, {
      "x" : -0.15247585,
      "y" : 0.97213596,
      "z" : -0.35410196
    }, {
      "x" : -0.11803399,
      "y" : 0.927051,
      "z" : -0.38196602
    }, {
      "x" : -0.11803399,
      "y" : -0.9655582,
      "z" : 0.19098301
    }, {
      "x" : 0.11803399,
      "y" : -0.9655582,
      "z" : 0.19098301
    }, {
      "x" : 0.13525492,
      "y" : -1.0,
      "z" : 0.21884705
    }, {
      "x" : -0.13525492,
      "y" : -1.0,
      "z" : 0.21884705
    }, {
      "x" : -0.690983,
      "y" : -0.572949,
      "z" : 0.38196602
    }, {
      "x" : -0.5,
      "y" : -0.38196602,
      "z" : 0.19098301
    }, {
      "x" : -0.38196602,
      "y" : -0.19098301,
      "z" : 0.5
    }, {
      "x" : -0.572949,
      "y" : -0.38196602,
      "z" : 0.690983
    }, {
      "x" : 0.9655582,
      "y" : 0.19098301,
      "z" : 0.11803399
    }, {
      "x" : 1.0,
      "y" : 0.21884705,
      "z" : -0.13525492
    }, {
      "x" : 1.0,
      "y" : 0.21884705,
      "z" : 0.13525492
    }, {
      "x" : -1.0,
      "y" : -0.309017,
      "z" : 0.19098301
    }, {
      "x" : -0.98606795,
      "y" : -0.24138954,
      "z" : 0.22745751
    }, {
      "x" : -0.98606795,
      "y" : 0.24138954,
      "z" : 0.22745751
    }, {
      "x" : -1.0,
      "y" : 0.309017,
      "z" : 0.19098301
    }, {
      "x" : -0.29837388,
      "y" : 0.29179606,
      "z" : 0.8991869
    }, {
      "x" : -0.48935688,
      "y" : 0.36474508,
      "z" : 0.78115296
    }, {
      "x" : -0.52786404,
      "y" : 0.36474508,
      "z" : 0.809017
    }, {
      "x" : -0.309017,
      "y" : 0.28115296,
      "z" : 0.9442719
    }, {
      "x" : -0.38196602,
      "y" : 0.690983,
      "z" : 0.572949
    }, {
      "x" : -0.19098301,
      "y" : 0.5,
      "z" : 0.38196602
    }, {
      "x" : -0.38196602,
      "y" : 0.19098301,
      "z" : 0.5
    }, {
      "x" : -0.572949,
      "y" : 0.38196602,
      "z" : 0.690983
    }, {
      "x" : -0.19098301,
      "y" : 0.5,
      "z" : -0.38196602
    }, {
      "x" : 0.0,
      "y" : 0.42705098,
      "z" : -0.5
    }, {
      "x" : 0.0,
      "y" : 0.73606795,
      "z" : -0.690983
    }, {
      "x" : -0.809017,
      "y" : 0.090169944,
      "z" : 0.6352549
    }, {
      "x" : -0.78115296,
      "y" : 0.10739087,
      "z" : 0.6008131
    }, {
      "x" : -0.8991869,
      "y" : 0.29837388,
      "z" : 0.29179606
    }, {
      "x" : -0.9442719,
      "y" : 0.309017,
      "z" : 0.28115296
    }, {
      "x" : 0.0,
      "y" : 0.54508495,
      "z" : 0.809017
    }, {
      "x" : 0.0,
      "y" : 0.42705098,
      "z" : 0.5
    }, {
      "x" : 0.19098301,
      "y" : 0.11803399,
      "z" : 0.618034
    }, {
      "x" : 0.19098301,
      "y" : 0.23606798,
      "z" : 0.927051
    }, {
      "x" : 0.19098301,
      "y" : -0.809017,
      "z" : 0.572949
    }, {
      "x" : 0.19098301,
      "y" : -0.5,
      "z" : 0.38196602
    }, {
      "x" : 0.11803399,
      "y" : -0.618034,
      "z" : 0.19098301
    }, {
      "x" : 0.11803399,
      "y" : -0.927051,
      "z" : 0.38196602
    }, {
      "x" : 0.6737621,
      "y" : 0.309017,
      "z" : 0.71884704
    }, {
      "x" : 0.66311896,
      "y" : 0.29837388,
      "z" : 0.6737621
    }, {
      "x" : 0.78115296,
      "y" : 0.48935688,
      "z" : 0.36474508
    }, {
      "x" : 0.809017,
      "y" : 0.52786404,
      "z" : 0.36474508
    }, {
      "x" : 0.6737621,
      "y" : -0.66311896,
      "z" : -0.29837388
    }, {
      "x" : 0.5,
      "y" : -0.38196602,
      "z" : -0.19098301
    }, {
      "x" : 0.19098301,
      "y" : -0.5,
      "z" : -0.38196602
    }, {
      "x" : 0.36474508,
      "y" : -0.78115296,
      "z" : -0.48935688
    }, {
      "x" : -0.19098301,
      "y" : 0.809017,
      "z" : 0.572949
    }, {
      "x" : -0.24671109,
      "y" : 0.8196601,
      "z" : 0.6008131
    }, {
      "x" : 0.0,
      "y" : 0.7254249,
      "z" : 0.7532889
    }, {
      "x" : 0.0,
      "y" : 0.73606795,
      "z" : 0.690983
    }, {
      "x" : 0.13525492,
      "y" : 1.0,
      "z" : 0.21884705
    }, {
      "x" : -0.13525492,
      "y" : 1.0,
      "z" : 0.21884705
    }, {
      "x" : -0.19098301,
      "y" : 1.0,
      "z" : 0.309017
    }, {
      "x" : 0.19098301,
      "y" : 1.0,
      "z" : 0.309017
    }, {
      "x" : 0.0,
      "y" : 0.690983,
      "z" : -0.809017
    }, {
      "x" : 0.090169944,
      "y" : 0.6352549,
      "z" : -0.809017
    }, {
      "x" : 0.309017,
      "y" : 0.28115296,
      "z" : -0.9442719
    }, {
      "x" : 0.309017,
      "y" : 0.19098301,
      "z" : -1.0
    }, {
      "x" : 1.0,
      "y" : 0.309017,
      "z" : 0.19098301
    }, {
      "x" : 0.9442719,
      "y" : 0.309017,
      "z" : 0.28115296
    }, {
      "x" : 0.809017,
      "y" : 0.090169944,
      "z" : 0.6352549
    }, {
      "x" : 0.809017,
      "y" : 0.0,
      "z" : 0.690983
    }, {
      "x" : -0.9655582,
      "y" : 0.19098301,
      "z" : -0.11803399
    }, {
      "x" : -0.9655582,
      "y" : 0.19098301,
      "z" : 0.11803399
    }, {
      "x" : -1.0,
      "y" : 0.21884705,
      "z" : 0.13525492
    }, {
      "x" : -1.0,
      "y" : 0.21884705,
      "z" : -0.13525492
    }, {
      "x" : -0.9655582,
      "y" : -0.19098301,
      "z" : 0.11803399
    }, {
      "x" : -1.0,
      "y" : -0.21884705,
      "z" : 0.13525492
    }, {
      "x" : 0.21884705,
      "y" : 0.13525492,
      "z" : -1.0
    }, {
      "x" : -0.21884705,
      "y" : 0.13525492,
      "z" : -1.0
    }, {
      "x" : -0.309017,
      "y" : 0.19098301,
      "z" : -1.0
    }, {
      "x" : 0.48935688,
      "y" : -0.36474508,
      "z" : -0.78115296
    }, {
      "x" : 0.29837388,
      "y" : -0.29179606,
      "z" : -0.8991869
    }, {
      "x" : 0.309017,
      "y" : -0.28115296,
      "z" : -0.9442719
    }, {
      "x" : 0.52786404,
      "y" : -0.36474508,
      "z" : -0.809017
    }, {
      "x" : 0.48935688,
      "y" : 0.36474508,
      "z" : 0.78115296
    }, {
      "x" : 0.29837388,
      "y" : 0.29179606,
      "z" : 0.8991869
    }, {
      "x" : 0.309017,
      "y" : 0.28115296,
      "z" : 0.9442719
    }, {
      "x" : 0.52786404,
      "y" : 0.36474508,
      "z" : 0.809017
    }, {
      "x" : -0.618034,
      "y" : 0.19098301,
      "z" : 0.11803399
    }, {
      "x" : -0.78115296,
      "y" : 0.48935688,
      "z" : 0.36474508
    }, {
      "x" : -0.6008131,
      "y" : 0.78115296,
      "z" : 0.10739087
    }, {
      "x" : -0.6737621,
      "y" : 0.66311896,
      "z" : 0.29837388
    }, {
      "x" : 0.809017,
      "y" : -0.618034,
      "z" : -0.309017
    }, {
      "x" : 0.71884704,
      "y" : -0.6737621,
      "z" : -0.309017
    }, {
      "x" : 0.36474508,
      "y" : -0.809017,
      "z" : -0.52786404
    }, {
      "x" : 0.309017,
      "y" : -0.809017,
      "z" : -0.618034
    }, {
      "x" : 0.38196602,
      "y" : 0.11803399,
      "z" : 0.927051
    }, {
      "x" : 0.38196602,
      "y" : 0.19098301,
      "z" : 0.5
    }, {
      "x" : 0.572949,
      "y" : 0.19098301,
      "z" : 0.809017
    }, {
      "x" : 0.0,
      "y" : -0.690983,
      "z" : 0.809017
    }, {
      "x" : 0.0,
      "y" : -0.618034,
      "z" : 0.83688104
    }, {
      "x" : -0.24138954,
      "y" : -0.22745751,
      "z" : 0.98606795
    }, {
      "x" : -0.309017,
      "y" : -0.19098301,
      "z" : 1.0
    }, {
      "x" : 0.19098301,
      "y" : 0.11803399,
      "z" : -0.9655582
    }, {
      "x" : 0.19098301,
      "y" : 0.11803399,
      "z" : -0.618034
    }, {
      "x" : -0.19098301,
      "y" : 0.11803399,
      "z" : -0.618034
    }, {
      "x" : -0.19098301,
      "y" : 0.11803399,
      "z" : -0.9655582
    }, {
      "x" : 0.572949,
      "y" : -0.19098301,
      "z" : 0.809017
    }, {
      "x" : 0.38196602,
      "y" : -0.19098301,
      "z" : 0.5
    }, {
      "x" : 0.19098301,
      "y" : -0.11803399,
      "z" : 0.618034
    }, {
      "x" : 0.38196602,
      "y" : -0.11803399,
      "z" : 0.927051
    }, {
      "x" : -0.927051,
      "y" : 0.19098301,
      "z" : 0.23606798
    }, {
      "x" : -0.809017,
      "y" : 0.0,
      "z" : 0.54508495
    }, {
      "x" : -0.83688104,
      "y" : 0.0,
      "z" : 0.618034
    }, {
      "x" : -1.0,
      "y" : -0.309017,
      "z" : -0.19098301
    }, {
      "x" : -0.98606795,
      "y" : -0.24138954,
      "z" : -0.22745751
    }, {
      "x" : -0.83688104,
      "y" : 0.0,
      "z" : -0.618034
    }, {
      "x" : -0.809017,
      "y" : 0.0,
      "z" : -0.690983
    }, {
      "x" : -0.71884704,
      "y" : 0.6737621,
      "z" : -0.309017
    }, {
      "x" : -0.36474508,
      "y" : 0.809017,
      "z" : -0.52786404
    }, {
      "x" : -0.309017,
      "y" : 0.809017,
      "z" : -0.618034
    }, {
      "x" : 0.809017,
      "y" : 0.572949,
      "z" : -0.19098301
    }, {
      "x" : 0.8196601,
      "y" : 0.6008131,
      "z" : -0.24671109
    }, {
      "x" : 0.7254249,
      "y" : 0.7532889,
      "z" : 0.0
    }, {
      "x" : 0.73606795,
      "y" : 0.690983,
      "z" : 0.0
    }, {
      "x" : 0.572949,
      "y" : -0.38196602,
      "z" : 0.690983
    }, {
      "x" : 0.5,
      "y" : -0.38196602,
      "z" : 0.19098301
    }, {
      "x" : 0.690983,
      "y" : -0.572949,
      "z" : 0.38196602
    }, {
      "x" : -0.78115296,
      "y" : 0.48935688,
      "z" : -0.36474508
    }, {
      "x" : -0.8991869,
      "y" : 0.29837388,
      "z" : -0.29179606
    }, {
      "x" : -0.9442719,
      "y" : 0.309017,
      "z" : -0.28115296
    }, {
      "x" : -0.809017,
      "y" : 0.52786404,
      "z" : -0.36474508
    }, {
      "x" : -0.36803398,
      "y" : 0.7586105,
      "z" : 0.6094235
    }, {
      "x" : -0.6094235,
      "y" : 0.36803398,
      "z" : 0.7586105
    }, {
      "x" : 0.927051,
      "y" : -0.38196602,
      "z" : -0.11803399
    }, {
      "x" : 0.97213596,
      "y" : -0.35410196,
      "z" : -0.15247585
    }, {
      "x" : 0.97213596,
      "y" : -0.35410196,
      "z" : 0.15247585
    }, {
      "x" : 0.927051,
      "y" : -0.38196602,
      "z" : 0.11803399
    }, {
      "x" : -0.11803399,
      "y" : -0.927051,
      "z" : -0.38196602
    }, {
      "x" : -0.15247585,
      "y" : -0.97213596,
      "z" : -0.35410196
    }, {
      "x" : -0.24671109,
      "y" : -0.8196601,
      "z" : -0.6008131
    }, {
      "x" : -0.19098301,
      "y" : -0.809017,
      "z" : -0.572949
    }, {
      "x" : -0.7586105,
      "y" : -0.6094235,
      "z" : -0.36803398
    }, {
      "x" : -0.690983,
      "y" : -0.572949,
      "z" : -0.38196602
    }, {
      "x" : -0.38196602,
      "y" : -0.690983,
      "z" : -0.572949
    }, {
      "x" : -0.36803398,
      "y" : -0.7586105,
      "z" : -0.6094235
    }, {
      "x" : 0.19098301,
      "y" : -0.11803399,
      "z" : 0.9655582
    }, {
      "x" : -0.19098301,
      "y" : -0.11803399,
      "z" : 0.618034
    }, {
      "x" : -0.19098301,
      "y" : -0.11803399,
      "z" : 0.9655582
    }, {
      "x" : -0.66311896,
      "y" : -0.29837388,
      "z" : 0.6737621
    }, {
      "x" : -0.78115296,
      "y" : -0.48935688,
      "z" : 0.36474508
    }, {
      "x" : -0.11803399,
      "y" : 0.9655582,
      "z" : 0.19098301
    }, {
      "x" : -0.11803399,
      "y" : 0.618034,
      "z" : 0.19098301
    }, {
      "x" : -0.11803399,
      "y" : 0.618034,
      "z" : -0.19098301
    }, {
      "x" : -0.11803399,
      "y" : 0.9655582,
      "z" : -0.19098301
    }, {
      "x" : 0.5,
      "y" : 0.38196602,
      "z" : -0.19098301
    }, {
      "x" : 0.927051,
      "y" : 0.38196602,
      "z" : -0.11803399
    }, {
      "x" : 0.090169944,
      "y" : -0.6352549,
      "z" : 0.809017
    }, {
      "x" : 0.10739087,
      "y" : -0.6008131,
      "z" : 0.78115296
    }, {
      "x" : 0.29837388,
      "y" : -0.29179606,
      "z" : 0.8991869
    }, {
      "x" : 0.309017,
      "y" : -0.28115296,
      "z" : 0.9442719
    }, {
      "x" : 0.24138954,
      "y" : 0.22745751,
      "z" : -0.98606795
    }, {
      "x" : 0.19098301,
      "y" : 0.23606798,
      "z" : -0.927051
    }, {
      "x" : 0.0,
      "y" : 0.54508495,
      "z" : -0.809017
    }, {
      "x" : 0.0,
      "y" : 0.618034,
      "z" : -0.83688104
    }, {
      "x" : 0.48935688,
      "y" : 0.36474508,
      "z" : -0.78115296
    }, {
      "x" : 0.38196602,
      "y" : 0.19098301,
      "z" : -0.5
    }, {
      "x" : 0.19098301,
      "y" : 0.5,
      "z" : -0.38196602
    }, {
      "x" : 0.29837388,
      "y" : 0.6737621,
      "z" : -0.66311896
    }, {
      "x" : -0.309017,
      "y" : -0.19098301,
      "z" : -1.0
    }, {
      "x" : -0.21884705,
      "y" : -0.13525492,
      "z" : -1.0
    }, {
      "x" : 0.21884705,
      "y" : -0.13525492,
      "z" : -1.0
    }, {
      "x" : 0.309017,
      "y" : -0.19098301,
      "z" : -1.0
    }, {
      "x" : -0.309017,
      "y" : 0.809017,
      "z" : 0.618034
    }, {
      "x" : -0.618034,
      "y" : 0.309017,
      "z" : 0.809017
    }, {
      "x" : -0.29179606,
      "y" : 0.8991869,
      "z" : 0.29837388
    }, {
      "x" : -0.36474508,
      "y" : 0.78115296,
      "z" : 0.48935688
    }, {
      "x" : -0.36474508,
      "y" : 0.809017,
      "z" : 0.52786404
    }, {
      "x" : -0.28115296,
      "y" : 0.9442719,
      "z" : 0.309017
    }, {
      "x" : 0.35410196,
      "y" : 0.15247585,
      "z" : -0.97213596
    }, {
      "x" : 0.618034,
      "y" : 0.309017,
      "z" : -0.809017
    }, {
      "x" : 0.6008131,
      "y" : 0.24671109,
      "z" : -0.8196601
    }, {
      "x" : 0.19098301,
      "y" : -0.11803399,
      "z" : -0.618034
    }, {
      "x" : -0.66311896,
      "y" : -0.29837388,
      "z" : -0.6737621
    }, {
      "x" : -0.78115296,
      "y" : -0.10739087,
      "z" : -0.6008131
    }, {
      "x" : -0.809017,
      "y" : -0.090169944,
      "z" : -0.6352549
    }, {
      "x" : -0.6737621,
      "y" : -0.309017,
      "z" : -0.71884704
    }, {
      "x" : -0.618034,
      "y" : -0.309017,
      "z" : 0.809017
    }, {
      "x" : -0.6094235,
      "y" : -0.36803398,
      "z" : 0.7586105
    }, {
      "x" : -0.36803398,
      "y" : -0.7586105,
      "z" : 0.6094235
    }, {
      "x" : -0.309017,
      "y" : -0.809017,
      "z" : 0.618034
    }, {
      "x" : -0.19098301,
      "y" : -0.809017,
      "z" : 0.572949
    }, {
      "x" : -0.24671109,
      "y" : -0.8196601,
      "z" : 0.6008131
    }, {
      "x" : -0.15247585,
      "y" : -0.97213596,
      "z" : 0.35410196
    }, {
      "x" : -0.11803399,
      "y" : -0.927051,
      "z" : 0.38196602
    }, {
      "x" : -0.7586105,
      "y" : -0.6094235,
      "z" : 0.36803398
    }, {
      "x" : -0.809017,
      "y" : -0.618034,
      "z" : 0.309017
    }, {
      "x" : 0.809017,
      "y" : 0.0,
      "z" : -0.54508495
    }, {
      "x" : 0.927051,
      "y" : -0.19098301,
      "z" : -0.23606798
    }, {
      "x" : 0.78115296,
      "y" : -0.48935688,
      "z" : 0.36474508
    }, {
      "x" : 0.66311896,
      "y" : -0.29837388,
      "z" : 0.6737621
    }, {
      "x" : 0.29837388,
      "y" : 0.29179606,
      "z" : -0.8991869
    }, {
      "x" : -0.309017,
      "y" : 0.19098301,
      "z" : 1.0
    }, {
      "x" : -0.572949,
      "y" : 0.38196602,
      "z" : -0.690983
    }, {
      "x" : -0.38196602,
      "y" : 0.19098301,
      "z" : -0.5
    }, {
      "x" : -0.38196602,
      "y" : 0.690983,
      "z" : -0.572949
    }, {
      "x" : -0.28115296,
      "y" : 0.9442719,
      "z" : -0.309017
    }, {
      "x" : -0.19098301,
      "y" : 1.0,
      "z" : -0.309017
    }, {
      "x" : 0.66311896,
      "y" : -0.29837388,
      "z" : -0.6737621
    }, {
      "x" : 0.78115296,
      "y" : -0.48935688,
      "z" : -0.36474508
    }, {
      "x" : -0.23606798,
      "y" : -0.927051,
      "z" : 0.19098301
    }, {
      "x" : -0.11803399,
      "y" : -0.618034,
      "z" : 0.19098301
    }, {
      "x" : -0.11803399,
      "y" : -0.618034,
      "z" : -0.19098301
    }, {
      "x" : -0.23606798,
      "y" : -0.927051,
      "z" : -0.19098301
    }, {
      "x" : 0.0,
      "y" : -0.42705098,
      "z" : 0.5
    }, {
      "x" : 0.29837388,
      "y" : -0.6737621,
      "z" : 0.66311896
    }, {
      "x" : 0.19098301,
      "y" : 0.809017,
      "z" : 0.572949
    }, {
      "x" : 0.19098301,
      "y" : 0.5,
      "z" : 0.38196602
    }, {
      "x" : 0.0,
      "y" : -0.54508495,
      "z" : -0.809017
    }, {
      "x" : 0.0,
      "y" : -0.42705098,
      "z" : -0.5
    }, {
      "x" : 0.19098301,
      "y" : -0.23606798,
      "z" : -0.927051
    }, {
      "x" : -0.28115296,
      "y" : -0.9442719,
      "z" : 0.309017
    }, {
      "x" : -0.29179606,
      "y" : -0.8991869,
      "z" : 0.29837388
    }, {
      "x" : -0.6008131,
      "y" : -0.78115296,
      "z" : 0.10739087
    }, {
      "x" : -0.6352549,
      "y" : -0.809017,
      "z" : 0.090169944
    }, {
      "x" : -0.24138954,
      "y" : 0.22745751,
      "z" : -0.98606795
    }, {
      "x" : -0.572949,
      "y" : 0.19098301,
      "z" : -0.809017
    }, {
      "x" : -0.5,
      "y" : 0.0,
      "z" : -0.42705098
    }, {
      "x" : -0.690983,
      "y" : 0.0,
      "z" : -0.73606795
    }, {
      "x" : 0.10739087,
      "y" : -0.6008131,
      "z" : -0.78115296
    }, {
      "x" : 0.090169944,
      "y" : -0.6352549,
      "z" : -0.809017
    }, {
      "x" : -0.809017,
      "y" : 0.0,
      "z" : -0.54508495
    }, {
      "x" : -0.927051,
      "y" : 0.19098301,
      "z" : -0.23606798
    }, {
      "x" : -0.98606795,
      "y" : 0.24138954,
      "z" : -0.22745751
    }, {
      "x" : 0.6008131,
      "y" : 0.78115296,
      "z" : -0.10739087
    }, {
      "x" : 0.42705098,
      "y" : 0.5,
      "z" : 0.0
    }, {
      "x" : 0.11803399,
      "y" : 0.618034,
      "z" : -0.19098301
    }, {
      "x" : 0.29179606,
      "y" : 0.8991869,
      "z" : -0.29837388
    }, {
      "x" : 0.19098301,
      "y" : 1.0,
      "z" : -0.309017
    }, {
      "x" : 0.22745751,
      "y" : 0.98606795,
      "z" : -0.24138954
    }, {
      "x" : 0.618034,
      "y" : 0.83688104,
      "z" : 0.0
    }, {
      "x" : 0.690983,
      "y" : 0.809017,
      "z" : 0.0
    }, {
      "x" : -0.7532889,
      "y" : 0.0,
      "z" : -0.7254249
    }, {
      "x" : -0.6008131,
      "y" : 0.24671109,
      "z" : -0.8196601
    }, {
      "x" : -0.809017,
      "y" : 0.52786404,
      "z" : 0.36474508
    }, {
      "x" : -0.29837388,
      "y" : 0.6737621,
      "z" : 0.66311896
    }, {
      "x" : -0.309017,
      "y" : 0.71884704,
      "z" : 0.6737621
    }, {
      "x" : -0.21884705,
      "y" : -0.13525492,
      "z" : 1.0
    }, {
      "x" : -0.21884705,
      "y" : 0.13525492,
      "z" : 1.0
    }, {
      "x" : -0.927051,
      "y" : 0.38196602,
      "z" : 0.11803399
    }, {
      "x" : -0.97213596,
      "y" : 0.35410196,
      "z" : 0.15247585
    }, {
      "x" : -0.8196601,
      "y" : 0.6008131,
      "z" : 0.24671109
    }, {
      "x" : 0.78115296,
      "y" : 0.10739087,
      "z" : 0.6008131
    }, {
      "x" : -0.29837388,
      "y" : -0.29179606,
      "z" : -0.8991869
    }, {
      "x" : -0.48935688,
      "y" : -0.36474508,
      "z" : -0.78115296
    }, {
      "x" : -0.52786404,
      "y" : -0.36474508,
      "z" : -0.809017
    }, {
      "x" : -0.309017,
      "y" : -0.28115296,
      "z" : -0.9442719
    }, {
      "x" : -0.29179606,
      "y" : 0.8991869,
      "z" : -0.29837388
    }, {
      "x" : -0.6008131,
      "y" : 0.78115296,
      "z" : -0.10739087
    }, {
      "x" : -0.19098301,
      "y" : -0.11803399,
      "z" : -0.618034
    }, {
      "x" : -0.38196602,
      "y" : -0.19098301,
      "z" : -0.5
    }, {
      "x" : 0.38196602,
      "y" : -0.11803399,
      "z" : -0.927051
    }, {
      "x" : 0.35410196,
      "y" : -0.15247585,
      "z" : -0.97213596
    }, {
      "x" : 0.38196602,
      "y" : 0.11803399,
      "z" : -0.927051
    }, {
      "x" : -0.7532889,
      "y" : 0.0,
      "z" : 0.7254249
    }, {
      "x" : -0.809017,
      "y" : 0.0,
      "z" : 0.690983
    }, {
      "x" : -0.6008131,
      "y" : -0.24671109,
      "z" : 0.8196601
    }, {
      "x" : 0.11803399,
      "y" : 0.927051,
      "z" : 0.38196602
    }, {
      "x" : 0.11803399,
      "y" : 0.618034,
      "z" : 0.19098301
    }, {
      "x" : -0.927051,
      "y" : -0.19098301,
      "z" : -0.23606798
    }, {
      "x" : -0.809017,
      "y" : 0.572949,
      "z" : -0.19098301
    }, {
      "x" : -0.8196601,
      "y" : 0.6008131,
      "z" : -0.24671109
    }, {
      "x" : -0.97213596,
      "y" : 0.35410196,
      "z" : -0.15247585
    }, {
      "x" : -0.927051,
      "y" : 0.38196602,
      "z" : -0.11803399
    }, {
      "x" : -0.6737621,
      "y" : 0.66311896,
      "z" : -0.29837388
    }, {
      "x" : -0.5,
      "y" : 0.38196602,
      "z" : -0.19098301
    }, {
      "x" : -0.36474508,
      "y" : 0.78115296,
      "z" : -0.48935688
    }, {
      "x" : 0.8196601,
      "y" : 0.6008131,
      "z" : 0.24671109
    }, {
      "x" : 0.809017,
      "y" : 0.572949,
      "z" : 0.19098301
    }, {
      "x" : 0.618034,
      "y" : -0.19098301,
      "z" : 0.11803399
    }, {
      "x" : 0.8991869,
      "y" : -0.29837388,
      "z" : 0.29179606
    }, {
      "x" : -0.54508495,
      "y" : -0.809017,
      "z" : 0.0
    }, {
      "x" : -0.42705098,
      "y" : -0.5,
      "z" : 0.0
    }, {
      "x" : 1.0,
      "y" : -0.309017,
      "z" : 0.19098301
    }, {
      "x" : 0.809017,
      "y" : -0.618034,
      "z" : 0.309017
    }, {
      "x" : 0.8196601,
      "y" : -0.6008131,
      "z" : 0.24671109
    }, {
      "x" : 0.52786404,
      "y" : 0.36474508,
      "z" : -0.809017
    }, {
      "x" : -0.36803398,
      "y" : 0.7586105,
      "z" : -0.6094235
    }, {
      "x" : 0.690983,
      "y" : -0.572949,
      "z" : -0.38196602
    }, {
      "x" : 0.572949,
      "y" : -0.38196602,
      "z" : -0.690983
    }, {
      "x" : -0.29837388,
      "y" : -0.6737621,
      "z" : -0.66311896
    }, {
      "x" : -0.309017,
      "y" : -0.71884704,
      "z" : -0.6737621
    }, {
      "x" : 0.7586105,
      "y" : -0.6094235,
      "z" : -0.36803398
    }, {
      "x" : 0.6094235,
      "y" : -0.36803398,
      "z" : -0.7586105
    }, {
      "x" : 0.618034,
      "y" : -0.309017,
      "z" : -0.809017
    }, {
      "x" : -0.19098301,
      "y" : -1.0,
      "z" : -0.309017
    }, {
      "x" : -0.309017,
      "y" : -0.809017,
      "z" : -0.618034
    }, {
      "x" : 0.690983,
      "y" : -0.809017,
      "z" : 0.0
    }, {
      "x" : -0.690983,
      "y" : 0.572949,
      "z" : -0.38196602
    }, {
      "x" : -0.35410196,
      "y" : -0.15247585,
      "z" : 0.97213596
    }, {
      "x" : -0.35410196,
      "y" : 0.15247585,
      "z" : 0.97213596
    }, {
      "x" : 0.11803399,
      "y" : -0.618034,
      "z" : -0.19098301
    }, {
      "x" : 0.11803399,
      "y" : -0.927051,
      "z" : -0.38196602
    }, {
      "x" : 0.10739087,
      "y" : 0.6008131,
      "z" : -0.78115296
    }, {
      "x" : -0.19098301,
      "y" : 0.23606798,
      "z" : -0.927051
    }, {
      "x" : -0.38196602,
      "y" : -0.11803399,
      "z" : 0.927051
    }, {
      "x" : -0.572949,
      "y" : -0.19098301,
      "z" : 0.809017
    }, {
      "x" : -0.309017,
      "y" : -0.71884704,
