{
  "field" : "golden",
  "symmetry" : "icosahedral",
  "orientations" : [ [ 1.0, 0.0, 0.0, 0.0, 0.0, 1.0, 0.0, 0.0, 0.0, 0.0, 1.0, 0.0, 0.0, 0.0, 0.0, 1.0 ], [ 0.0, 0.0, 1.0, 0.0, 1.0, 0.0, 0.0, 0.0, 0.0, 1.0, 0.0, 0.0, 0.0, 0.0, 0.0, 1.0 ], [ 0.0, 1.0, 0.0, 0.0, 0.0, 0.0, 1.0, 0.0, 1.0, 0.0, 0.0, 0.0, 0.0, 0.0, 0.0, 1.0 ], [ 0.809017, 0.309017, 0.5, 0.0, 0.309017, 0.5, -0.809017, 0.0, -0.5, 0.809017, 0.309017, 0.0, 0.0, 0.0, 0.0, 1.0 ], [ -0.5, 0.809017, 0.309017, 0.0, 0.809017, 0.309017, 0.5, 0.0, 0.309017, 0.5, -0.809017, 0.0, 0.0, 0.0, 0.0, 1.0 ], [ 0.309017, 0.5, -0.809017, 0.0, -0.5, 0.809017, 0.309017, 0.0, 0.809017, 0.309017, 0.5, 0.0, 0.0, 0.0, 0.0, 1.0 ], [ 0.5, 0.809017, 0.309017, 0.0, 0.809017, -0.309017, -0.5, 0.0, -0.309017, 0.5, -0.809017, 0.0, 0.0, 0.0, 0.0, 1.0 ], [ -0.309017, 0.5, -0.809017, 0.0, 0.5, 0.809017, 0.309017, 0.0, 0.809017, -0.309017, -0.5, 0.0, 0.0, 0.0, 0.0, 1.0 ], [ 0.809017, -0.309017, -0.5, 0.0, -0.309017, 0.5, -0.809017, 0.0, 0.5, 0.809017, 0.309017, 0.0, 0.0, 0.0, 0.0, 1.0 ], [ 0.5, 0.809017, -0.309017, 0.0, 0.809017, -0.309017, 0.5, 0.0, 0.309017, -0.5, -0.809017, 0.0, 0.0, 0.0, 0.0, 1.0 ], [ 0.309017, -0.5, -0.809017, 0.0, 0.5, 0.809017, -0.309017, 0.0, 0.809017, -0.309017, 0.5, 0.0, 0.0, 0.0, 0.0, 1.0 ], [ 0.809017, -0.309017, 0.5, 0.0, 0.309017, -0.5, -0.809017, 0.0, 0.5, 0.809017, -0.309017, 0.0, 0.0, 0.0, 0.0, 1.0 ], [ 0.809017, 0.309017, -0.5, 0.0, 0.309017, 0.5, 0.809017, 0.0, 0.5, -0.809017, 0.309017, 0.0, 0.0, 0.0, 0.0, 1.0 ], [ 0.5, -0.809017, 0.309017, 0.0, 0.809017, 0.309017, -0.5, 0.0, 0.309017, 0.5, 0.809017, 0.0, 0.0, 0.0, 0.0, 1.0 ], [ 0.309017, 0.5, 0.809017, 0.0, 0.5, -0.809017, 0.309017, 0.0, 0.809017, 0.309017, -0.5, 0.0, 0.0, 0.0, 0.0, 1.0 ], [ 1.0, 0.0, 0.0, 0.0, 0.0, -1.0, 0.0, 0.0, 0.0, 0.0, -1.0, 0.0, 0.0, 0.0, 0.0, 1.0 ], [ 0.0, 0.0, 1.0, 0.0, -1.0, 0.0, 0.0, 0.0, 0.0, -1.0, 0.0, 0.0, 0.0, 0.0, 0.0, 1.0 ], [ 0.0, 1.0, 0.0, 0.0, 0.0, 0.0, -1.0, 0.0, -1.0, 0.0, 0.0, 0.0, 0.0, 0.0, 0.0, 1.0 ], [ 0.809017, 0.309017, 0.5, 0.0, -0.309017, -0.5, 0.809017, 0.0, 0.5, -0.809017, -0.309017, 0.0, 0.0, 0.0, 0.0, 1.0 ], [ -0.5, 0.809017, 0.309017, 0.0, -0.809017, -0.309017, -0.5, 0.0, -0.309017, -0.5, 0.809017, 0.0, 0.0, 0.0, 0.0, 1.0 ], [ 0.309017, 0.5, -0.809017, 0.0, 0.5, -0.809017, -0.309017, 0.0, -0.809017, -0.309017, -0.5, 0.0, 0.0, 0.0, 0.0, 1.0 ], [ 0.5, 0.809017, 0.309017, 0.0, -0.809017, 0.309017, 0.5, 0.0, 0.309017, -0.5, 0.809017, 0.0, 0.0, 0.0, 0.0, 1.0 ], [ -0.309017, 0.5, -0.809017, 0.0, -0.5, -0.809017, -0.309017, 0.0, -0.809017, 0.309017, 0.5, 0.0, 0.0, 0.0, 0.0, 1.0 ], [ 0.809017, -0.309017, -0.5, 0.0, 0.309017, -0.5, 0.809017, 0.0, -0.5, -0.809017, -0.309017, 0.0, 0.0, 0.0, 0.0, 1.0 ], [ 0.5, 0.809017, -0.309017, 0.0, -0.809017, 0.309017, -0.5, 0.0, -0.309017, 0.5, 0.809017, 0.0, 0.0, 0.0, 0.0, 1.0 ], [ 0.309017, -0.5, -0.809017, 0.0, -0.5, -0.809017, 0.309017, 0.0, -0.809017, 0.309017, -0.5, 0.0, 0.0, 0.0, 0.0, 1.0 ], [ 0.809017, -0.309017, 0.5, 0.0, -0.309017, 0.5, 0.809017, 0.0, -0.5, -0.809017, 0.309017, 0.0, 0.0, 0.0, 0.0, 1.0 ], [ 0.809017, 0.309017, -0.5, 0.0, -0.309017, -0.5, -0.809017, 0.0, -0.5, 0.809017, -0.309017, 0.0, 0.0, 0.0, 0.0, 1.0 ], [ 0.5, -0.809017, 0.309017, 0.0, -0.809017, -0.309017, 0.5, 0.0, -0.309017, -0.5, -0.809017, 0.0, 0.0, 0.0, 0.0, 1.0 ], [ 0.309017, 0.5, 0.809017, 0.0, -0.5, 0.809017, -0.309017, 0.0, -0.809017, -0.309017, 0.5, 0.0, 0.0, 0.0, 0.0, 1.0 ], [ -1.0, 0.0, 0.0, 0.0, 0.0, -1.0, 0.0, 0.0, 0.0, 0.0, 1.0, 0.0, 0.0, 0.0, 0.0, 1.0 ], [ 0.0, 0.0, -1.0, 0.0, -1.0, 0.0, 0.0, 0.0, 0.0, 1.0, 0.0, 0.0, 0.0, 0.0, 0.0, 1.0 ], [ 0.0, -1.0, 0.0, 0.0, 0.0, 0.0, -1.0, 0.0, 1.0, 0.0, 0.0, 0.0, 0.0, 0.0, 0.0, 1.0 ], [ -0.809017, -0.309017, -0.5, 0.0, -0.309017, -0.5, 0.809017, 0.0, -0.5, 0.809017, 0.309017, 0.0, 0.0, 0.0, 0.0, 1.0 ], [ 0.5, -0.809017, -0.309017, 0.0, -0.809017, -0.309017, -0.5, 0.0, 0.309017, 0.5, -0.809017, 0.0, 0.0, 0.0, 0.0, 1.0 ], [ -0.309017, -0.5, 0.809017, 0.0, 0.5, -0.809017, -0.309017, 0.0, 0.809017, 0.309017, 0.5, 0.0, 0.0, 0.0, 0.0, 1.0 ], [ -0.5, -0.809017, -0.309017, 0.0, -0.809017, 0.309017, 0.5, 0.0, -0.309017, 0.5, -0.809017, 0.0, 0.0, 0.0, 0.0, 1.0 ], [ 0.309017, -0.5, 0.809017, 0.0, -0.5, -0.809017, -0.309017, 0.0, 0.809017, -0.309017, -0.5, 0.0, 0.0, 0.0, 0.0, 1.0 ], [ -0.809017, 0.309017, 0.5, 0.0, 0.309017, -0.5, 0.809017, 0.0, 0.5, 0.809017, 0.309017, 0.0, 0.0, 0.0, 0.0, 1.0 ], [ -0.5, -0.809017, 0.309017, 0.0, -0.809017, 0.309017, -0.5, 0.0, 0.309017, -0.5, -0.809017, 0.0, 0.0, 0.0, 0.0, 1.0 ], [ -0.309017, 0.5, 0.809017, 0.0, -0.5, -0.809017, 0.309017, 0.0, 0.809017, -0.309017, 0.5, 0.0, 0.0, 0.0, 0.0, 1.0 ], [ -0.809017, 0.309017, -0.5, 0.0, -0.309017, 0.5, 0.809017, 0.0, 0.5, 0.809017, -0.309017, 0.0, 0.0, 0.0, 0.0, 1.0 ], [ -0.809017, -0.309017, 0.5, 0.0, -0.309017, -0.5, -0.809017, 0.0, 0.5, -0.809017, 0.309017, 0.0, 0.0, 0.0, 0.0, 1.0 ], [ -0.5, 0.809017, -0.309017, 0.0, -0.809017, -0.309017, 0.5, 0.0, 0.309017, 0.5, 0.809017, 0.0, 0.0, 0.0, 0.0, 1.0 ], [ -0.309017, -0.5, -0.809017, 0.0, -0.5, 0.809017, -0.309017, 0.0, 0.809017, 0.309017, -0.5, 0.0, 0.0, 0.0, 0.0, 1.0 ], [ -1.0, 0.0, 0.0, 0.0, 0.0, 1.0, 0.0, 0.0, 0.0, 0.0, -1.0, 0.0, 0.0, 0.0, 0.0, 1.0 ], [ 0.0, 0.0, -1.0, 0.0, 1.0, 0.0, 0.0, 0.0, 0.0, -1.0, 0.0, 0.0, 0.0, 0.0, 0.0, 1.0 ], [ 0.0, -1.0, 0.0, 0.0, 0.0, 0.0, 1.0, 0.0, -1.0, 0.0, 0.0, 0.0, 0.0, 0.0, 0.0, 1.0 ], [ -0.809017, -0.309017, -0.5, 0.0, 0.309017, 0.5, -0.809017, 0.0, 0.5, -0.809017, -0.309017, 0.0, 0.0, 0.0, 0.0, 1.0 ], [ 0.5, -0.809017, -0.309017, 0.0, 0.809017, 0.309017, 0.5, 0.0, -0.309017, -0.5, 0.809017, 0.0, 0.0, 0.0, 0.0, 1.0 ], [ -0.309017, -0.5, 0.809017, 0.0, -0.5, 0.809017, 0.309017, 0.0, -0.809017, -0.309017, -0.5, 0.0, 0.0, 0.0, 0.0, 1.0 ], [ -0.5, -0.809017, -0.309017, 0.0, 0.809017, -0.309017, -0.5, 0.0, 0.309017, -0.5, 0.809017, 0.0, 0.0, 0.0, 0.0, 1.0 ], [ 0.309017, -0.5, 0.809017, 0.0, 0.5, 0.809017, 0.309017, 0.0, -0.809017, 0.309017, 0.5, 0.0, 0.0, 0.0, 0.0, 1.0 ], [ -0.809017, 0.309017, 0.5, 0.0, -0.309017, 0.5, -0.809017, 0.0, -0.5, -0.809017, -0.309017, 0.0, 0.0, 0.0, 0.0, 1.0 ], [ -0.5, -0.809017, 0.309017, 0.0, 0.809017, -0.309017, 0.5, 0.0, -0.309017, 0.5, 0.809017, 0.0, 0.0, 0.0, 0.0, 1.0 ], [ -0.309017, 0.5, 0.809017, 0.0, 0.5, 0.809017, -0.309017, 0.0, -0.809017, 0.309017, -0.5, 0.0, 0.0, 0.0, 0.0, 1.0 ], [ -0.809017, 0.309017, -0.5, 0.0, 0.309017, -0.5, -0.809017, 0.0, -0.5, -0.809017, 0.309017, 0.0, 0.0, 0.0, 0.0, 1.0 ], [ -0.809017, -0.309017, 0.5, 0.0, 0.309017, 0.5, 0.809017, 0.0, -0.5, 0.809017, -0.309017, 0.0, 0.0, 0.0, 0.0, 1.0 ], [ -0.5, 0.809017, -0.309017, 0.0, 0.809017, 0.309017, -0.5, 0.0, -0.309017, -0.5, -0.809017, 0.0, 0.0, 0.0, 0.0, 1.0 ], [ -0.309017, -0.5, -0.809017, 0.0, 0.5, -0.809017, 0.309017, 0.0, -0.809017, -0.309017, 0.5, 0.0, 0.0, 0.0, 0.0, 1.0 ] ],
  "lights" : {
    "backgroundColor" : "#AFC8DC",
    "ambientColor" : "#292929",
    "directionalLights" : [ {
      "direction" : {
        "x" : 1.0,
        "y" : -1.0,
        "z" : -1.0
      },
      "color" : "#EBEBE4"
    }, {
      "direction" : {
        "x" : -1.0,
        "y" : 0.0,
        "z" : 0.0
      },
      "color" : "#E4E4EB"
    }, {
      "direction" : {
        "x" : 0.0,
        "y" : 0.0,
        "z" : -1.0
      },
      "color" : "#1E1E1E"
    } ]
  },
  "camera" : {
    "width" : 138.43086,
    "stereo" : false,
    "lookDirection" : {
      "x" : 0.5257311,
      "y" : 0.0,
      "z" : 0.8506508
    },
    "upDirection" : {
      "x" : -0.809017,
      "y" : 0.309017,
      "z" : 0.5
    },
    "lookAtPoint" : {
      "x" : 0.0,
      "y" : 0.0,
      "z" : 0.0
    },
    "viewDistance" : 307.62436,
    "nearClipDistance" : 0.7690609,
    "farClipDistance" : 615.25,
    "fieldOfView" : 0.4426286,
    "perspective" : false,
    "position" : {
      "x" : -161.72769,
      "y" : 0.0,
      "z" : -261.6809
    }
  },
  "embedding" : [ 1.0, 0.0, 0.0, 0.0, 0.0, 1.0, 0.0, 0.0, 0.0, 0.0, 1.0, 0.0, 0.0, 0.0, 0.0, 1.0 ],
  "shapes" : [ {
    "id" : "5aa51ea1-63ff-4ef3-9720-81a5bcbb1598",
    "vertices" : [ {
      "x" : -0.309017,
      "y" : -0.19098301,
      "z" : 0.0
    }, {
      "x" : -0.309017,
      "y" : 0.19098301,
      "z" : 0.0
    }, {
      "x" : -0.19098301,
      "y" : 0.0,
      "z" : -0.309017
    }, {
      "x" : -0.19098301,
      "y" : 0.0,
      "z" : 0.309017
    }, {
      "x" : 0.0,
      "y" : -0.309017,
      "z" : -0.19098301
    }, {
      "x" : 0.0,
      "y" : -0.309017,
      "z" : 0.19098301
    }, {
      "x" : 0.0,
      "y" : 0.309017,
      "z" : -0.19098301
    }, {
      "x" : 0.0,
      "y" : 0.309017,
      "z" : 0.19098301
    }, {
      "x" : 0.19098301,
      "y" : 0.0,
      "z" : -0.309017
    }, {
      "x" : 0.19098301,
      "y" : 0.0,
      "z" : 0.309017
    }, {
      "x" : 0.309017,
      "y" : -0.19098301,
      "z" : 0.0
    }, {
      "x" : 0.309017,
      "y" : 0.19098301,
      "z" : 0.0
    } ],
    "faces" : [ {
      "vertices" : [ 0, 1, 2 ]
    }, {
      "vertices" : [ 0, 3, 1 ]
    }, {
      "vertices" : [ 0, 2, 4 ]
    }, {
      "vertices" : [ 0, 5, 3 ]
    }, {
      "vertices" : [ 0, 4, 5 ]
    }, {
      "vertices" : [ 1, 6, 2 ]
    }, {
      "vertices" : [ 1, 3, 7 ]
    }, {
      "vertices" : [ 1, 7, 6 ]
    }, {
      "vertices" : [ 2, 8, 4 ]
    }, {
      "vertices" : [ 2, 6, 8 ]
    }, {
      "vertices" : [ 3, 5, 9 ]
    }, {
      "vertices" : [ 3, 9, 7 ]
    }, {
      "vertices" : [ 4, 10, 5 ]
    }, {
      "vertices" : [ 4, 8, 10 ]
    }, {
      "vertices" : [ 5, 10, 9 ]
    }, {
      "vertices" : [ 6, 7, 11 ]
    }, {
      "vertices" : [ 6, 11, 8 ]
    }, {
      "vertices" : [ 7, 9, 11 ]
    }, {
      "vertices" : [ 8, 11, 10 ]
    }, {
      "vertices" : [ 9, 10, 11 ]
    } ]
  }, {
    "id" : "0e9b7e85-cd84-4763-9695-2a80acff378f",
    "vertices" : [ {
      "x" : 0.9045085,
      "y" : 0.3454915,
      "z" : 0.25
    }, {
      "x" : 54.785957,
      "y" : 33.646057,
      "z" : 0.25
    }, {
      "x" : 54.594975,
      "y" : 33.955074,
      "z" : 0.25
    }, {
      "x" : 0.7135255,
      "y" : 0.6545085,
      "z" : 0.25
    }, {
      "x" : 0.809017,
      "y" : 0.5,
      "z" : -0.309017
    }, {
      "x" : 0.9635255,
      "y" : 0.25,
      "z" : -0.095491506
    }, {
      "x" : 0.309017,
      "y" : 0.19098301,
      "z" : 0.0
    }, {
      "x" : 55.190464,
      "y" : 34.109585,
      "z" : 0.0
    }, {
      "x" : 54.535957,
      "y" : 34.050568,
      "z" : -0.095491506
    }, {
      "x" : 54.690464,
      "y" : 33.800568,
      "z" : -0.309017
    }, {
      "x" : 55.49948,
      "y" : 34.300568,
      "z" : 0.0
    }, {
      "x" : 0.6545085,
      "y" : 0.75,
      "z" : -0.095491506
    }, {
      "x" : 54.844975,
      "y" : 33.550568,
      "z" : -0.095491506
    } ],
    "faces" : [ {
      "vertices" : [ 4, 11, 8 ]
    }, {
      "vertices" : [ 4, 8, 9 ]
    }, {
      "vertices" : [ 0, 1, 2 ]
    }, {
      "vertices" : [ 0, 2, 3 ]
    }, {
      "vertices" : [ 0, 3, 6 ]
    }, {
      "vertices" : [ 1, 7, 2 ]
    }, {
      "vertices" : [ 0, 6, 5 ]
    }, {
      "vertices" : [ 4, 5, 6 ]
    }, {
      "vertices" : [ 2, 7, 8 ]
    }, {
      "vertices" : [ 0, 5, 12 ]
    }, {
      "vertices" : [ 0, 12, 1 ]
    }, {
      "vertices" : [ 1, 12, 7 ]
    }, {
      "vertices" : [ 3, 11, 6 ]
    }, {
      "vertices" : [ 4, 6, 11 ]
    }, {
      "vertices" : [ 7, 9, 8 ]
    }, {
      "vertices" : [ 2, 8, 11 ]
    }, {
      "vertices" : [ 2, 11, 3 ]
    }, {
      "vertices" : [ 7, 12, 9 ]
    }, {
      "vertices" : [ 4, 9, 12 ]
    }, {
      "vertices" : [ 4, 12, 5 ]
    } ]
  } ],
  "instances" : [ {
    "shape" : "5aa51ea1-63ff-4ef3-9720-81a5bcbb1598",
    "color" : "#FFFFFF",
    "position" : {
      "x" : 24.363949,
      "y" : -11.671955,
      "z" : -23.29145
    }
  }, {
    "shape" : "5aa51ea1-63ff-4ef3-9720-81a5bcbb1598",
    "color" : "#FFFFFF",
    "position" : {
      "x" : -13.465775,
      "y" : -29.30557,
      "z" : 14.632898
    }
  }, {
    "shape" : "5aa51ea1-63ff-4ef3-9720-81a5bcbb1598",
    "color" : "#FFFFFF",
    "position" : {
      "x" : -23.29145,
      "y" : -24.363949,
      "z" : 11.671955
    }
  }, {
    "shape" : "0e9b7e85-cd84-4763-9695-2a80acff378f",
    "color" : "#AF0000",
    "position" : {
      "x" : -29.30557,
      "y" : 14.632898,
      "z" : -13.465775
    },
    "orientation" : 15
  }, {
    "shape" : "0e9b7e85-cd84-4763-9695-2a80acff378f",
    "color" : "#AF0000",
    "position" : {
      "x" : -9.15457,
      "y" : 22.329895,
      "z" : 25.919779
    },
    "orientation" : 16
  }, {
    "shape" : "0e9b7e85-cd84-4763-9695-2a80acff378f",
    "color" : "#AF0000",
    "position" : {
      "x" : -5.4783278,
      "y" : 1.3466309,
      "z" : -34.963406
    },
    "orientation" : 2
  }, {
    "shape" : "5aa51ea1-63ff-4ef3-9720-81a5bcbb1598",
    "color" : "#FFFFFF",
    "position" : {
      "x" : 5.4783278,
      "y" : -1.3466309,
      "z" : -34.963406
    }
  }, {
    "shape" : "0e9b7e85-cd84-4763-9695-2a80acff378f",
    "color" : "#AF0000",
    "position" : {
      "x" : 27.266409,
      "y" : 6.9756756,
      "z" : 21.497631
    },
    "orientation" : 47
  }, {
    "shape" : "0e9b7e85-cd84-4763-9695-2a80acff378f",
    "color" : "#AF0000",
    "position" : {
      "x" : -27.266409,
      "y" : -6.9756756,
      "z" : 21.497631
    },
    "orientation" : 17
  }, {
    "shape" : "5aa51ea1-63ff-4ef3-9720-81a5bcbb1598",
    "color" : "#FFFFFF",
    "position" : {
      "x" : 20.536076,
      "y" : 28.822239,
      "z" : -4.45829
    }
  }, {
    "shape" : "0e9b7e85-cd84-4763-9695-2a80acff378f",
    "color" : "#AF0000",
    "position" : {
      "x" : 21.497631,
      "y" : -27.266409,
      "z" : -6.9756756
    },
    "orientation" : 45
  }, {
    "shape" : "5aa51ea1-63ff-4ef3-9720-81a5bcbb1598",
    "color" : "#FFFFFF",
    "position" : {
      "x" : -28.822239,
      "y" : 1.3466309,
      "z" : -20.536076
    }
  }, {
    "shape" : "5aa51ea1-63ff-4ef3-9720-81a5bcbb1598",
    "color" : "#FFFFFF",
    "position" : {
      "x" : 19.66767,
      "y" : 13.465775,
      "z" : 26.193913
    }
  }, {
    "shape" : "0e9b7e85-cd84-4763-9695-2a80acff378f",
    "color" : "#AF0000",
    "position" : {
      "x" : 14.42733,
      "y" : -27.74974,
      "z" : 17.150284
    },
    "orientation" : 46
  }, {
    "shape" : "0e9b7e85-cd84-4763-9695-2a80acff378f",
    "color" : "#AF0000",
    "position" : {
      "x" : 5.4783278,
      "y" : -4.45829,
      "z" : 34.963406
    },
    "orientation" : 47
  }, {
    "shape" : "0e9b7e85-cd84-4763-9695-2a80acff378f",
    "color" : "#AF0000",
    "position" : {
      "x" : -4.45829,
      "y" : 34.963406,
      "z" : 5.4783278
    },
    "orientation" : 16
  }, {
    "shape" : "5aa51ea1-63ff-4ef3-9720-81a5bcbb1598",
    "color" : "#FFFFFF",
    "position" : {
      "x" : 29.30557,
      "y" : -14.632898,
      "z" : -13.465775
    }
  }, {
    "shape" : "5aa51ea1-63ff-4ef3-9720-81a5bcbb1598",
    "color" : "#FFFFFF",
    "position" : {
      "x" : -19.66767,
      "y" : 13.465775,
      "z" : -26.193913
    }
  }, {
    "shape" : "5aa51ea1-63ff-4ef3-9720-81a5bcbb1598",
    "color" : "#FFFFFF",
    "position" : {
      "x" : 24.363949,
      "y" : 11.671955,
      "z" : 23.29145
    }
  }, {
    "shape" : "5aa51ea1-63ff-4ef3-9720-81a5bcbb1598",
    "color" : "#FFFFFF",
    "position" : {
      "x" : -34.963406,
      "y" : 5.4783278,
      "z" : -1.3466309
    }
  }, {
    "shape" : "5aa51ea1-63ff-4ef3-9720-81a5bcbb1598",
    "color" : "#FFFFFF",
    "position" : {
      "x" : -24.84728,
      "y" : -21.846563,
      "z" : -12.633511
    }
  }, {
    "shape" : "5aa51ea1-63ff-4ef3-9720-81a5bcbb1598",
    "color" : "#FFFFFF",
    "position" : {
      "x" : 1.3466309,
      "y" : 34.963406,
      "z" : 5.4783278
    }
  }, {
    "shape" : "0e9b7e85-cd84-4763-9695-2a80acff378f",
    "color" : "#AF0000",
    "position" : {
      "x" : 27.266409,
      "y" : -6.9756756,
      "z" : -21.497631
    },
    "orientation" : 32
  }, {
    "shape" : "5aa51ea1-63ff-4ef3-9720-81a5bcbb1598",
    "color" : "#FFFFFF",
    "position" : {
      "x" : -34.963406,
      "y" : 5.4783278,
      "z" : 4.45829
    }
  }, {
    "shape" : "5aa51ea1-63ff-4ef3-9720-81a5bcbb1598",
    "color" : "#FFFFFF",
    "position" : {
      "x" : 1.3466309,
      "y" : 20.536076,
      "z" : 28.822239
    }
  }, {
    "shape" : "5aa51ea1-63ff-4ef3-9720-81a5bcbb1598",
    "color" : "#FFFFFF",
    "position" : {
      "x" : -1.3466309,
      "y" : 34.963406,
      "z" : -5.4783278
    }
  }, {
    "shape" : "5aa51ea1-63ff-4ef3-9720-81a5bcbb1598",
    "color" : "#FFFFFF",
    "position" : {
      "x" : -12.454003,
      "y" : -12.633511,
      "z" : -30.652203
    }
  }, {
    "shape" : "5aa51ea1-63ff-4ef3-9720-81a5bcbb1598",
    "color" : "#FFFFFF",
    "position" : {
      "x" : 12.633511,
      "y" : -30.652203,
      "z" : 12.454003
    }
  }, {
    "shape" : "5aa51ea1-63ff-4ef3-9720-81a5bcbb1598",
    "color" : "#FFFFFF",
    "position" : {
      "x" : -22.329895,
      "y" : 25.919779,
      "z" : 9.15457
    }
  }, {
    "shape" : "0e9b7e85-cd84-4763-9695-2a80acff378f",
    "color" : "#AF0000",
    "position" : {
      "x" : -9.15457,
      "y" : -22.329895,
      "z" : -25.919779
    },
    "orientation" : 1
  }, {
    "shape" : "5aa51ea1-63ff-4ef3-9720-81a5bcbb1598",
    "color" : "#FFFFFF",
    "position" : {
      "x" : -34.963406,
      "y" : -5.4783278,
      "z" : 1.3466309
    }
  }, {
    "shape" : "0e9b7e85-cd84-4763-9695-2a80acff378f",
    "color" : "#AF0000",
    "position" : {
      "x" : -1.3466309,
      "y" : 34.963406,
      "z" : -5.4783278
    },
    "orientation" : 31
  }, {
    "shape" : "5aa51ea1-63ff-4ef3-9720-81a5bcbb1598",
    "color" : "#FFFFFF",
    "position" : {
      "x" : 8.380789,
      "y" : -9.15457,
      "z" : 33.169586
    }
  }, {
    "shape" : "5aa51ea1-63ff-4ef3-9720-81a5bcbb1598",
    "color" : "#FFFFFF",
    "position" : {
      "x" : 4.45829,
      "y" : -34.963406,
      "z" : 5.4783278
    }
  }, {
    "shape" : "0e9b7e85-cd84-4763-9695-2a80acff378f",
    "color" : "#AF0000",
    "position" : {
      "x" : -21.497631,
      "y" : -27.266409,
      "z" : 6.9756756
    },
    "orientation" : 0
  }, {
    "shape" : "5aa51ea1-63ff-4ef3-9720-81a5bcbb1598",
    "color" : "#FFFFFF",
    "position" : {
      "x" : -28.822239,
      "y" : 4.45829,
      "z" : 20.536076
    }
  }, {
    "shape" : "0e9b7e85-cd84-4763-9695-2a80acff378f",
    "color" : "#AF0000",
    "position" : {
      "x" : 17.150284,
      "y" : 14.42733,
      "z" : -27.74974
    },
    "orientation" : 32
  }, {
    "shape" : "5aa51ea1-63ff-4ef3-9720-81a5bcbb1598",
    "color" : "#FFFFFF",
    "position" : {
      "x" : 7.0341578,
      "y" : -6.9756756,
      "z" : -34.00185
    }
  }, {
    "shape" : "5aa51ea1-63ff-4ef3-9720-81a5bcbb1598",
    "color" : "#FFFFFF",
    "position" : {
      "x" : 14.632898,
      "y" : 13.465775,
      "z" : 29.30557
    }
  }, {
    "shape" : "0e9b7e85-cd84-4763-9695-2a80acff378f",
    "color" : "#AF0000",
    "position" : {
      "x" : -22.329895,
      "y" : 25.919779,
      "z" : 9.15457
    },
    "orientation" : 15
  }, {
    "shape" : "5aa51ea1-63ff-4ef3-9720-81a5bcbb1598",
    "color" : "#FFFFFF",
    "position" : {
      "x" : 21.846563,
      "y" : -12.633511,
      "z" : 24.84728
    }
  }, {
    "shape" : "5aa51ea1-63ff-4ef3-9720-81a5bcbb1598",
    "color" : "#FFFFFF",
    "position" : {
      "x" : -5.4783278,
      "y" : -1.3466309,
      "z" : 34.963406
    }
  }, {
    "shape" : "5aa51ea1-63ff-4ef3-9720-81a5bcbb1598",
    "color" : "#FFFFFF",
    "position" : {
      "x" : -5.4783278,
      "y" : 4.45829,
      "z" : 34.963406
    }
  }, {
    "shape" : "5aa51ea1-63ff-4ef3-9720-81a5bcbb1598",
    "color" : "#FFFFFF",
    "position" : {
      "x" : -23.29145,
      "y" : 24.363949,
      "z" : -11.671955
    }
  }, {
    "shape" : "5aa51ea1-63ff-4ef3-9720-81a5bcbb1598",
    "color" : "#FFFFFF",
    "position" : {
      "x" : 5.4783278,
      "y" : -4.45829,
      "z" : 34.963406
    }
  }, {
    "shape" : "5aa51ea1-63ff-4ef3-9720-81a5bcbb1598",
    "color" : "#FFFFFF",
    "position" : {
      "x" : 28.822239,
      "y" : 1.3466309,
      "z" : 20.536076
    }
  }, {
    "shape" : "5aa51ea1-63ff-4ef3-9720-81a5bcbb1598",
    "color" : "#FFFFFF",
    "position" : {
      "x" : -19.66767,
      "y" : -13.465775,
      "z" : 26.193913
    }
  }, {
    "shape" : "0e9b7e85-cd84-4763-9695-2a80acff378f",
    "color" : "#AF0000",
    "position" : {
      "x" : -1.3466309,
      "y" : -34.963406,
      "z" : 5.4783278
    },
    "orientation" : 46
  }, {
    "shape" : "5aa51ea1-63ff-4ef3-9720-81a5bcbb1598",
    "color" : "#FFFFFF",
    "position" : {
      "x" : 22.329895,
      "y" : 25.919779,
      "z" : -9.15457
    }
  }, {
    "shape" : "5aa51ea1-63ff-4ef3-9720-81a5bcbb1598",
    "color" : "#FFFFFF",
    "position" : {
      "x" : -9.15457,
      "y" : 33.169586,
      "z" : 8.380789
    }
  }, {
    "shape" : "5aa51ea1-63ff-4ef3-9720-81a5bcbb1598",
    "color" : "#FFFFFF",
    "position" : {
      "x" : 13.465775,
      "y" : -26.193913,
      "z" : -19.66767
    }
  }, {
    "shape" : "0e9b7e85-cd84-4763-9695-2a80acff378f",
    "color" : "#AF0000",
    "position" : {
      "x" : 20.536076,
      "y" : -28.822239,
      "z" : 4.45829
    },
    "orientation" : 45
  }, {
    "shape" : "5aa51ea1-63ff-4ef3-9720-81a5bcbb1598",
    "color" : "#FFFFFF",
    "position" : {
      "x" : -17.150284,
      "y" : 14.42733,
      "z" : 27.74974
    }
  }, {
    "shape" : "0e9b7e85-cd84-4763-9695-2a80acff378f",
    "color" : "#AF0000",
    "position" : {
      "x" : 30.652203,
      "y" : -12.454003,
      "z" : 12.633511
    },
    "orientation" : 45
  }, {
    "shape" : "0e9b7e85-cd84-4763-9695-2a80acff378f",
    "color" : "#AF0000",
    "position" : {
      "x" : -32.20803,
      "y" : 9.936618,
      "z" : -11.671955
    },
    "orientation" : 15
  }, {
    "shape" : "0e9b7e85-cd84-4763-9695-2a80acff378f",
    "color" : "#AF0000",
    "position" : {
      "x" : 9.936618,
      "y" : -11.671955,
      "z" : -32.20803
    },
    "orientation" : 32
  }, {
    "shape" : "5aa51ea1-63ff-4ef3-9720-81a5bcbb1598",
    "color" : "#FFFFFF",
    "position" : {
      "x" : 29.30557,
      "y" : 14.632898,
      "z" : 13.465775
    }
  }, {
    "shape" : "5aa51ea1-63ff-4ef3-9720-81a5bcbb1598",
    "color" : "#FFFFFF",
    "position" : {
      "x" : 13.465775,
      "y" : 29.30557,
      "z" : 14.632898
    }
  }, {
    "shape" : "5aa51ea1-63ff-4ef3-9720-81a5bcbb1598",
    "color" : "#FFFFFF",
    "position" : {
      "x" : -9.15457,
      "y" : 22.329895,
      "z" : 25.919779
    }
  }, {
    "shape" : "5aa51ea1-63ff-4ef3-9720-81a5bcbb1598",
    "color" : "#FFFFFF",
    "position" : {
      "x" : 17.150284,
      "y" : 14.42733,
      "z" : -27.74974
    }
  }, {
    "shape" : "0e9b7e85-cd84-4763-9695-2a80acff378f",
    "color" : "#AF0000",
    "position" : {
      "x" : 25.919779,
      "y" : 9.15457,
      "z" : -22.329895
    },
    "orientation" : 32
  }, {
    "shape" : "5aa51ea1-63ff-4ef3-9720-81a5bcbb1598",
    "color" : "#FFFFFF",
    "position" : {
      "x" : 33.169586,
      "y" : 8.380789,
      "z" : -9.15457
    }
  }, {
    "shape" : "5aa51ea1-63ff-4ef3-9720-81a5bcbb1598",
    "color" : "#FFFFFF",
    "position" : {
      "x" : 28.822239,
      "y" : 4.45829,
      "z" : -20.536076
    }
  }, {
    "shape" : "0e9b7e85-cd84-4763-9695-2a80acff378f",
    "color" : "#AF0000",
    "position" : {
      "x" : -28.822239,
      "y" : 4.45829,
      "z" : 20.536076
    },
    "orientation" : 17
  }, {
    "shape" : "5aa51ea1-63ff-4ef3-9720-81a5bcbb1598",
    "color" : "#FFFFFF",
    "position" : {
      "x" : 11.671955,
      "y" : -32.20803,
      "z" : -9.936618
    }
  }, {
    "shape" : "5aa51ea1-63ff-4ef3-9720-81a5bcbb1598",
    "color" : "#FFFFFF",
    "position" : {
      "x" : 12.633511,
      "y" : 30.652203,
      "z" : -12.454003
    }
  }, {
    "shape" : "5aa51ea1-63ff-4ef3-9720-81a5bcbb1598",
    "color" : "#FFFFFF",
    "position" : {
      "x" : 8.380789,
      "y" : 9.15457,
      "z" : -33.169586
    }
  }, {
    "shape" : "5aa51ea1-63ff-4ef3-9720-81a5bcbb1598",
    "color" : "#FFFFFF",
    "position" : {
      "x" : -8.380789,
      "y" : 9.15457,
      "z" : 33.169586
    }
  }, {
    "shape" : "5aa51ea1-63ff-4ef3-9720-81a5bcbb1598",
    "color" : "#FFFFFF",
    "position" : {
      "x" : -27.266409,
      "y" : 6.9756756,
      "z" : -21.497631
    }
  }, {
    "shape" : "0e9b7e85-cd84-4763-9695-2a80acff378f",
    "color" : "#AF0000",
    "position" : {
      "x" : -12.454003,
      "y" : 12.633511,
      "z" : 30.652203
    },
    "orientation" : 17
  }, {
    "shape" : "5aa51ea1-63ff-4ef3-9720-81a5bcbb1598",
    "color" : "#FFFFFF",
    "position" : {
      "x" : -1.3466309,
      "y" : -20.536076,
      "z" : 28.822239
    }
  }, {
    "shape" : "5aa51ea1-63ff-4ef3-9720-81a5bcbb1598",
    "color" : "#FFFFFF",
    "position" : {
      "x" : 20.536076,
      "y" : 28.822239,
      "z" : 1.3466309
    }
  }, {
    "shape" : "5aa51ea1-63ff-4ef3-9720-81a5bcbb1598",
    "color" : "#FFFFFF",
    "position" : {
      "x" : -34.00185,
      "y" : 7.0341578,
      "z" : -6.9756756
    }
  }, {
    "shape" : "5aa51ea1-63ff-4ef3-9720-81a5bcbb1598",
    "color" : "#FFFFFF",
    "position" : {
      "x" : 7.0341578,
      "y" : 6.9756756,
      "z" : 34.00185
    }
  }, {
    "shape" : "5aa51ea1-63ff-4ef3-9720-81a5bcbb1598",
    "color" : "#FFFFFF",
    "position" : {
      "x" : -21.497631,
      "y" : -27.266409,
      "z" : 6.9756756
    }
  }, {
    "shape" : "5aa51ea1-63ff-4ef3-9720-81a5bcbb1598",
    "color" : "#FFFFFF",
    "position" : {
      "x" : -12.633511,
      "y" : -30.652203,
      "z" : -12.454003
    }
  }, {
    "shape" : "0e9b7e85-cd84-4763-9695-2a80acff378f",
    "color" : "#AF0000",
    "position" : {
      "x" : 34.963406,
      "y" : 5.4783278,
      "z" : -4.45829
    },
    "orientation" : 30
  }, {
    "shape" : "5aa51ea1-63ff-4ef3-9720-81a5bcbb1598",
    "color" : "#FFFFFF",
    "position" : {
      "x" : 21.497631,
      "y" : 27.266409,
      "z" : 6.9756756
    }
  }, {
    "shape" : "5aa51ea1-63ff-4ef3-9720-81a5bcbb1598",
    "color" : "#FFFFFF",
    "position" : {
      "x" : -5.4783278,
      "y" : -4.45829,
      "z" : -34.963406
    }
  }, {
    "shape" : "5aa51ea1-63ff-4ef3-9720-81a5bcbb1598",
    "color" : "#FFFFFF",
    "position" : {
      "x" : -21.497631,
      "y" : 27.266409,
      "z" : -6.9756756
    }
  }, {
    "shape" : "5aa51ea1-63ff-4ef3-9720-81a5bcbb1598",
    "color" : "#FFFFFF",
    "position" : {
      "x" : -33.169586,
      "y" : 8.380789,
      "z" : 9.15457
    }
  }, {
    "shape" : "5aa51ea1-63ff-4ef3-9720-81a5bcbb1598",
    "color" : "#FFFFFF",
    "position" : {
      "x" : 11.671955,
      "y" : -23.29145,
      "z" : -24.363949
    }
  }, {
    "shape" : "5aa51ea1-63ff-4ef3-9720-81a5bcbb1598",
    "color" : "#FFFFFF",
    "position" : {
      "x" : 27.266409,
      "y" : -6.9756756,
      "z" : -21.497631
    }
  }, {
    "shape" : "0e9b7e85-cd84-4763-9695-2a80acff378f",
    "color" : "#AF0000",
    "position" : {
      "x" : 29.30557,
      "y" : -14.632898,
      "z" : -13.465775
    },
    "orientation" : 45
  }, {
    "shape" : "0e9b7e85-cd84-4763-9695-2a80acff378f",
    "color" : "#AF0000",
    "position" : {
      "x" : -14.632898,
      "y" : -13.465775,
      "z" : 29.30557
    },
    "orientation" : 17
  }, {
    "shape" : "0e9b7e85-cd84-4763-9695-2a80acff378f",
    "color" : "#AF0000",
    "position" : {
      "x" : 9.936618,
      "y" : 11.671955,
      "z" : 32.20803
    },
    "orientation" : 47
  }, {
    "shape" : "0e9b7e85-cd84-4763-9695-2a80acff378f",
    "color" : "#AF0000",
    "position" : {
      "x" : -29.30557,
      "y" : -14.632898,
      "z" : 13.465775
    },
    "orientation" : 0
  }, {
    "shape" : "5aa51ea1-63ff-4ef3-9720-81a5bcbb1598",
    "color" : "#FFFFFF",
    "position" : {
      "x" : -4.45829,
      "y" : -20.536076,
      "z" : -28.822239
    }
  }, {
    "shape" : "5aa51ea1-63ff-4ef3-9720-81a5bcbb1598",
    "color" : "#FFFFFF",
    "position" : {
      "x" : -17.150284,
      "y" : -14.42733,
      "z" : -27.74974
    }
  }, {
    "shape" : "0e9b7e85-cd84-4763-9695-2a80acff378f",
    "color" : "#AF0000",
    "position" : {
      "x" : 13.465775,
      "y" : -29.30557,
      "z" : -14.632898
    },
    "orientation" : 1
  }, {
    "shape" : "5aa51ea1-63ff-4ef3-9720-81a5bcbb1598",
    "color" : "#FFFFFF",
    "position" : {
      "x" : -4.45829,
      "y" : 20.536076,
      "z" : 28.822239
    }
  }, {
    "shape" : "5aa51ea1-63ff-4ef3-9720-81a5bcbb1598",
    "color" : "#FFFFFF",
    "position" : {
      "x" : 6.9756756,
      "y" : 34.00185,
      "z" : 7.0341578
    }
  }, {
    "shape" : "0e9b7e85-cd84-4763-9695-2a80acff378f",
    "color" : "#AF0000",
    "position" : {
      "x" : -25.919779,
      "y" : -9.15457,
      "z" : -22.329895
    },
    "orientation" : 2
  }, {
    "shape" : "0e9b7e85-cd84-4763-9695-2a80acff378f",
    "color" : "#AF0000",
    "position" : {
      "x" : 9.15457,
      "y" : 22.329895,
      "z" : -25.919779
    },
    "orientation" : 31
  }, {
    "shape" : "5aa51ea1-63ff-4ef3-9720-81a5bcbb1598",
    "color" : "#FFFFFF",
    "position" : {
      "x" : -21.846563,
      "y" : 12.633511,
      "z" : 24.84728
    }
  }, {
    "shape" : "0e9b7e85-cd84-4763-9695-2a80acff378f",
    "color" : "#AF0000",
    "position" : {
      "x" : -11.671955,
      "y" : -32.20803,
      "z" : 9.936618
    },
    "orientation" : 46
  }, {
    "shape" : "0e9b7e85-cd84-4763-9695-2a80acff378f",
    "color" : "#AF0000",
    "position" : {
      "x" : -9.936618,
      "y" : 11.671955,
      "z" : -32.20803
    },
    "orientation" : 2
  }, {
    "shape" : "0e9b7e85-cd84-4763-9695-2a80acff378f",
    "color" : "#AF0000",
    "position" : {
      "x" : 25.919779,
      "y" : -9.15457,
      "z" : 22.329895
    },
    "orientation" : 47
  }, {
    "shape" : "5aa51ea1-63ff-4ef3-9720-81a5bcbb1598",
    "color" : "#FFFFFF",
    "position" : {
      "x" : 4.45829,
      "y" : 34.963406,
      "z" : -5.4783278
    }
  }, {
    "shape" : "0e9b7e85-cd84-4763-9695-2a80acff378f",
    "color" : "#AF0000",
    "position" : {
      "x" : -5.4783278,
      "y" : 4.45829,
      "z" : 34.963406
    },
    "orientation" : 17
  }, {
    "shape" : "5aa51ea1-63ff-4ef3-9720-81a5bcbb1598",
    "color" : "#FFFFFF",
    "position" : {
      "x" : 28.822239,
      "y" : -1.3466309,
      "z" : -20.536076
    }
  }, {
    "shape" : "0e9b7e85-cd84-4763-9695-2a80acff378f",
    "color" : "#AF0000",
    "position" : {
      "x" : 9.15457,
      "y" : -22.329895,
      "z" : 25.919779
    },
    "orientation" : 46
  }, {
    "shape" : "0e9b7e85-cd84-4763-9695-2a80acff378f",
    "color" : "#AF0000",
    "position" : {
      "x" : 1.3466309,
      "y" : -34.963406,
      "z" : -5.4783278
    },
    "orientation" : 1
  }, {
    "shape" : "0e9b7e85-cd84-4763-9695-2a80acff378f",
    "color" : "#AF0000",
    "position" : {
      "x" : 12.454003,
      "y" : -12.633511,
      "z" : 30.652203
    },
    "orientation" : 47
  }, {
    "shape" : "0e9b7e85-cd84-4763-9695-2a80acff378f",
    "color" : "#AF0000",
    "position" : {
      "x" : 6.9756756,
      "y" : 21.497631,
      "z" : 27.266409
    },
    "orientation" : 16
  }, {
    "shape" : "0e9b7e85-cd84-4763-9695-2a80acff378f",
    "color" : "#AF0000",
    "position" : {
      "x" : 27.74974,
      "y" : 17.150284,
      "z" : -14.42733
    },
    "orientation" : 30
  }, {
    "shape" : "0e9b7e85-cd84-4763-9695-2a80acff378f",
    "color" : "#AF0000",
    "position" : {
      "x" : 1.3466309,
      "y" : 34.963406,
      "z" : 5.4783278
    },
    "orientation" : 16
  }, {
    "shape" : "5aa51ea1-63ff-4ef3-9720-81a5bcbb1598",
    "color" : "#FFFFFF",
    "position" : {
      "x" : -11.671955,
      "y" : 23.29145,
      "z" : -24.363949
    }
  }, {
    "shape" : "0e9b7e85-cd84-4763-9695-2a80acff378f",
    "color" : "#AF0000",
    "position" : {
      "x" : -6.9756756,
      "y" : 21.497631,
      "z" : -27.266409
    },
    "orientation" : 31
  }, {
    "shape" : "0e9b7e85-cd84-4763-9695-2a80acff378f",
    "color" : "#AF0000",
    "position" : {
      "x" : -9.936618,
      "y" : -11.671955,
      "z" : 32.20803
    },
    "orientation" : 17
  }, {
    "shape" : "5aa51ea1-63ff-4ef3-9720-81a5bcbb1598",
    "color" : "#FFFFFF",
    "position" : {
      "x" : -27.266409,
      "y" : -6.9756756,
      "z" : 21.497631
    }
  }, {
    "shape" : "5aa51ea1-63ff-4ef3-9720-81a5bcbb1598",
    "color" : "#FFFFFF",
    "position" : {
      "x" : -30.652203,
      "y" : 12.454003,
      "z" : 12.633511
    }
  }, {
    "shape" : "5aa51ea1-63ff-4ef3-9720-81a5bcbb1598",
    "color" : "#FFFFFF",
    "position" : {
      "x" : -11.671955,
      "y" : -23.29145,
      "z" : 24.363949
    }
  }, {
    "shape" : "5aa51ea1-63ff-4ef3-9720-81a5bcbb1598",
    "color" : "#FFFFFF",
    "position" : {
      "x" : -14.632898,
      "y" : 13.465775,
      "z" : -29.30557
    }
  }, {
    "shape" : "5aa51ea1-63ff-4ef3-9720-81a5bcbb1598",
    "color" : "#FFFFFF",
    "position" : {
      "x" : -24.363949,
      "y" : 11.671955,
      "z" : -23.29145
    }
  }, {
    "shape" : "5aa51ea1-63ff-4ef3-9720-81a5bcbb1598",
    "color" : "#FFFFFF",
    "position" : {
      "x" : 34.00185,
      "y" : 7.0341578,
      "z" : 6.9756756
    }
  }, {
    "shape" : "5aa51ea1-63ff-4ef3-9720-81a5bcbb1598",
    "color" : "#FFFFFF",
    "position" : {
      "x" : 14.632898,
      "y" : -13.465775,
      "z" : -29.30557
    }
  }, {
    "shape" : "5aa51ea1-63ff-4ef3-9720-81a5bcbb1598",
    "color" : "#FFFFFF",
    "position" : {
      "x" : 12.454003,
      "y" : 12.633511,
      "z" : -30.652203
    }
  }, {
    "shape" : "5aa51ea1-63ff-4ef3-9720-81a5bcbb1598",
    "color" : "#FFFFFF",
    "position" : {
      "x" : -20.536076,
      "y" : 28.822239,
      "z" : -1.3466309
    }
  }, {
    "shape" : "5aa51ea1-63ff-4ef3-9720-81a5bcbb1598",
    "color" : "#FFFFFF",
    "position" : {
      "x" : 28.822239,
      "y" : -4.45829,
      "z" : 20.536076
    }
  }, {
    "shape" : "5aa51ea1-63ff-4ef3-9720-81a5bcbb1598",
    "color" : "#FFFFFF",
    "position" : {
      "x" : 5.4783278,
      "y" : 4.45829,
      "z" : -34.963406
    }
  }, {
    "shape" : "5aa51ea1-63ff-4ef3-9720-81a5bcbb1598",
    "color" : "#FFFFFF",
    "position" : {
      "x" : -8.380789,
      "y" : -9.15457,
      "z" : -33.169586
    }
  }, {
    "shape" : "5aa51ea1-63ff-4ef3-9720-81a5bcbb1598",
    "color" : "#FFFFFF",
    "position" : {
      "x" : 9.15457,
      "y" : 22.329895,
      "z" : -25.919779
    }
  }, {
    "shape" : "5aa51ea1-63ff-4ef3-9720-81a5bcbb1598",
    "color" : "#FFFFFF",
    "position" : {
      "x" : 6.536536,
      "y" : -18.093828,
      "z" : 24.301744
    }
  }, {
    "shape" : "5aa51ea1-63ff-4ef3-9720-81a5bcbb1598",
    "color" : "#FFFFFF",
    "position" : {
      "x" : -22.329895,
      "y" : -25.919779,
      "z" : -9.15457
    }
  }, {
    "shape" : "5aa51ea1-63ff-4ef3-9720-81a5bcbb1598",
    "color" : "#FFFFFF",
    "position" : {
      "x" : -29.30557,
      "y" : 14.632898,
      "z" : -13.465775
    }
  }, {
    "shape" : "0e9b7e85-cd84-4763-9695-2a80acff378f",
    "color" : "#AF0000",
    "position" : {
      "x" : -13.465775,
      "y" : 29.30557,
      "z" : -14.632898
    },
    "orientation" : 31
  }, {
    "shape" : "5aa51ea1-63ff-4ef3-9720-81a5bcbb1598",
    "color" : "#FFFFFF",
    "position" : {
      "x" : -25.919779,
      "y" : -9.15457,
      "z" : -22.329895
    }
  }, {
    "shape" : "5aa51ea1-63ff-4ef3-9720-81a5bcbb1598",
    "color" : "#FFFFFF",
    "position" : {
      "x" : 11.671955,
      "y" : 23.29145,
      "z" : 24.363949
    }
  }, {
    "shape" : "5aa51ea1-63ff-4ef3-9720-81a5bcbb1598",
    "color" : "#FFFFFF",
    "position" : {
      "x" : -13.465775,
      "y" : 29.30557,
      "z" : -14.632898
    }
  }, {
    "shape" : "0e9b7e85-cd84-4763-9695-2a80acff378f",
    "color" : "#AF0000",
    "position" : {
      "x" : -12.633511,
      "y" : 30.652203,
      "z" : 12.454003
    },
    "orientation" : 16
  }, {
    "shape" : "5aa51ea1-63ff-4ef3-9720-81a5bcbb1598",
    "color" : "#FFFFFF",
    "position" : {
      "x" : -13.465775,
      "y" : 26.193913,
      "z" : -19.66767
    }
  }, {
    "shape" : "0e9b7e85-cd84-4763-9695-2a80acff378f",
    "color" : "#AF0000",
    "position" : {
      "x" : -6.9756756,
      "y" : -21.497631,
      "z" : 27.266409
    },
    "orientation" : 46
  }, {
    "shape" : "0e9b7e85-cd84-4763-9695-2a80acff378f",
    "color" : "#AF0000",
    "position" : {
      "x" : 12.633511,
      "y" : 30.652203,
      "z" : -12.454003
    },
    "orientation" : 31
  }, {
    "shape" : "5aa51ea1-63ff-4ef3-9720-81a5bcbb1598",
    "color" : "#FFFFFF",
    "position" : {
      "x" : -25.919779,
      "y" : 9.15457,
      "z" : 22.329895
    }
  }, {
    "shape" : "5aa51ea1-63ff-4ef3-9720-81a5bcbb1598",
    "color" : "#FFFFFF",
    "position" : {
      "x" : 20.536076,
      "y" : -28.822239,
      "z" : -1.3466309
    }
  }, {
    "shape" : "5aa51ea1-63ff-4ef3-9720-81a5bcbb1598",
    "color" : "#FFFFFF",
    "position" : {
      "x" : 11.671955,
      "y" : 32.20803,
      "z" : 9.936618
    }
  }, {
    "shape" : "0e9b7e85-cd84-4763-9695-2a80acff378f",
    "color" : "#AF0000",
    "position" : {
      "x" : 11.671955,
      "y" : -32.20803,
      "z" : -9.936618
    },
    "orientation" : 1
  }, {
    "shape" : "5aa51ea1-63ff-4ef3-9720-81a5bcbb1598",
    "color" : "#FFFFFF",
    "position" : {
      "x" : 4.45829,
      "y" : 20.536076,
      "z" : -28.822239
    }
  }, {
    "shape" : "0e9b7e85-cd84-4763-9695-2a80acff378f",
    "color" : "#AF0000",
    "position" : {
      "x" : -5.4783278,
      "y" : -1.3466309,
      "z" : 34.963406
    },
    "orientation" : 17
  }, {
    "shape" : "5aa51ea1-63ff-4ef3-9720-81a5bcbb1598",
    "color" : "#FFFFFF",
    "position" : {
      "x" : -13.465775,
      "y" : -26.193913,
      "z" : 19.66767
    }
  }, {
    "shape" : "5aa51ea1-63ff-4ef3-9720-81a5bcbb1598",
    "color" : "#FFFFFF",
    "position" : {
      "x" : -20.536076,
      "y" : 28.822239,
      "z" : 4.45829
    }
  }, {
    "shape" : "5aa51ea1-63ff-4ef3-9720-81a5bcbb1598",
    "color" : "#FFFFFF",
    "position" : {
      "x" : 33.169586,
      "y" : -8.380789,
      "z" : 9.15457
    }
  }, {
    "shape" : "0e9b7e85-cd84-4763-9695-2a80acff378f",
    "color" : "#AF0000",
    "position" : {
      "x" : -12.454003,
      "y" : -12.633511,
      "z" : -30.652203
    },
    "orientation" : 2
  }, {
    "shape" : "0e9b7e85-cd84-4763-9695-2a80acff378f",
    "color" : "#AF0000",
    "position" : {
      "x" : -30.652203,
      "y" : 12.454003,
      "z" : 12.633511
    },
    "orientation" : 15
  }, {
    "shape" : "0e9b7e85-cd84-4763-9695-2a80acff378f",
    "color" : "#AF0000",
    "position" : {
      "x" : 13.465775,
      "y" : 29.30557,
      "z" : 14.632898
    },
    "orientation" : 16
  }, {
    "shape" : "5aa51ea1-63ff-4ef3-9720-81a5bcbb1598",
    "color" : "#FFFFFF",
    "position" : {
      "x" : 19.66767,
      "y" : -13.465775,
      "z" : -26.193913
    }
  }, {
    "shape" : "5aa51ea1-63ff-4ef3-9720-81a5bcbb1598",
    "color" : "#FFFFFF",
    "position" : {
      "x" : -4.45829,
      "y" : -34.963406,
      "z" : -5.4783278
    }
  }, {
    "shape" : "0e9b7e85-cd84-4763-9695-2a80acff378f",
    "color" : "#AF0000",
    "position" : {
      "x" : 17.150284,
      "y" : -14.42733,
      "z" : 27.74974
    },
    "orientation" : 47
  }, {
    "shape" : "5aa51ea1-63ff-4ef3-9720-81a5bcbb1598",
    "color" : "#FFFFFF",
    "position" : {
      "x" : 21.497631,
      "y" : -27.266409,
      "z" : -6.9756756
    }
  }, {
    "shape" : "5aa51ea1-63ff-4ef3-9720-81a5bcbb1598",
    "color" : "#FFFFFF",
    "position" : {
      "x" : -26.193913,
      "y" : 19.66767,
      "z" : -13.465775
    }
  }, {
