{
  "field" : "golden",
  "symmetry" : "icosahedral",
  "orientations" : [ [ 1.0, 0.0, 0.0, 0.0, 0.0, 1.0, 0.0, 0.0, 0.0, 0.0, 1.0, 0.0, 0.0, 0.0, 0.0, 1.0 ], [ 0.0, 0.0, 1.0, 0.0, 1.0, 0.0, 0.0, 0.0, 0.0, 1.0, 0.0, 0.0, 0.0, 0.0, 0.0, 1.0 ], [ 0.0, 1.0, 0.0, 0.0, 0.0, 0.0, 1.0, 0.0, 1.0, 0.0, 0.0, 0.0, 0.0, 0.0, 0.0, 1.0 ], [ 0.809017, 0.309017, 0.5, 0.0, 0.309017, 0.5, -0.809017, 0.0, -0.5, 0.809017, 0.309017, 0.0, 0.0, 0.0, 0.0, 1.0 ], [ -0.5, 0.809017, 0.309017, 0.0, 0.809017, 0.309017, 0.5, 0.0, 0.309017, 0.5, -0.809017, 0.0, 0.0, 0.0, 0.0, 1.0 ], [ 0.309017, 0.5, -0.809017, 0.0, -0.5, 0.809017, 0.309017, 0.0, 0.809017, 0.309017, 0.5, 0.0, 0.0, 0.0, 0.0, 1.0 ], [ 0.5, 0.809017, 0.309017, 0.0, 0.809017, -0.309017, -0.5, 0.0, -0.309017, 0.5, -0.809017, 0.0, 0.0, 0.0, 0.0, 1.0 ], [ -0.309017, 0.5, -0.809017, 0.0, 0.5, 0.809017, 0.309017, 0.0, 0.809017, -0.309017, -0.5, 0.0, 0.0, 0.0, 0.0, 1.0 ], [ 0.809017, -0.309017, -0.5, 0.0, -0.309017, 0.5, -0.809017, 0.0, 0.5, 0.809017, 0.309017, 0.0, 0.0, 0.0, 0.0, 1.0 ], [ 0.5, 0.809017, -0.309017, 0.0, 0.809017, -0.309017, 0.5, 0.0, 0.309017, -0.5, -0.809017, 0.0, 0.0, 0.0, 0.0, 1.0 ], [ 0.309017, -0.5, -0.809017, 0.0, 0.5, 0.809017, -0.309017, 0.0, 0.809017, -0.309017, 0.5, 0.0, 0.0, 0.0, 0.0, 1.0 ], [ 0.809017, -0.309017, 0.5, 0.0, 0.309017, -0.5, -0.809017, 0.0, 0.5, 0.809017, -0.309017, 0.0, 0.0, 0.0, 0.0, 1.0 ], [ 0.809017, 0.309017, -0.5, 0.0, 0.309017, 0.5, 0.809017, 0.0, 0.5, -0.809017, 0.309017, 0.0, 0.0, 0.0, 0.0, 1.0 ], [ 0.5, -0.809017, 0.309017, 0.0, 0.809017, 0.309017, -0.5, 0.0, 0.309017, 0.5, 0.809017, 0.0, 0.0, 0.0, 0.0, 1.0 ], [ 0.309017, 0.5, 0.809017, 0.0, 0.5, -0.809017, 0.309017, 0.0, 0.809017, 0.309017, -0.5, 0.0, 0.0, 0.0, 0.0, 1.0 ], [ 1.0, 0.0, 0.0, 0.0, 0.0, -1.0, 0.0, 0.0, 0.0, 0.0, -1.0, 0.0, 0.0, 0.0, 0.0, 1.0 ], [ 0.0, 0.0, 1.0, 0.0, -1.0, 0.0, 0.0, 0.0, 0.0, -1.0, 0.0, 0.0, 0.0, 0.0, 0.0, 1.0 ], [ 0.0, 1.0, 0.0, 0.0, 0.0, 0.0, -1.0, 0.0, -1.0, 0.0, 0.0, 0.0, 0.0, 0.0, 0.0, 1.0 ], [ 0.809017, 0.309017, 0.5, 0.0, -0.309017, -0.5, 0.809017, 0.0, 0.5, -0.809017, -0.309017, 0.0, 0.0, 0.0, 0.0, 1.0 ], [ -0.5, 0.809017, 0.309017, 0.0, -0.809017, -0.309017, -0.5, 0.0, -0.309017, -0.5, 0.809017, 0.0, 0.0, 0.0, 0.0, 1.0 ], [ 0.309017, 0.5, -0.809017, 0.0, 0.5, -0.809017, -0.309017, 0.0, -0.809017, -0.309017, -0.5, 0.0, 0.0, 0.0, 0.0, 1.0 ], [ 0.5, 0.809017, 0.309017, 0.0, -0.809017, 0.309017, 0.5, 0.0, 0.309017, -0.5, 0.809017, 0.0, 0.0, 0.0, 0.0, 1.0 ], [ -0.309017, 0.5, -0.809017, 0.0, -0.5, -0.809017, -0.309017, 0.0, -0.809017, 0.309017, 0.5, 0.0, 0.0, 0.0, 0.0, 1.0 ], [ 0.809017, -0.309017, -0.5, 0.0, 0.309017, -0.5, 0.809017, 0.0, -0.5, -0.809017, -0.309017, 0.0, 0.0, 0.0, 0.0, 1.0 ], [ 0.5, 0.809017, -0.309017, 0.0, -0.809017, 0.309017, -0.5, 0.0, -0.309017, 0.5, 0.809017, 0.0, 0.0, 0.0, 0.0, 1.0 ], [ 0.309017, -0.5, -0.809017, 0.0, -0.5, -0.809017, 0.309017, 0.0, -0.809017, 0.309017, -0.5, 0.0, 0.0, 0.0, 0.0, 1.0 ], [ 0.809017, -0.309017, 0.5, 0.0, -0.309017, 0.5, 0.809017, 0.0, -0.5, -0.809017, 0.309017, 0.0, 0.0, 0.0, 0.0, 1.0 ], [ 0.809017, 0.309017, -0.5, 0.0, -0.309017, -0.5, -0.809017, 0.0, -0.5, 0.809017, -0.309017, 0.0, 0.0, 0.0, 0.0, 1.0 ], [ 0.5, -0.809017, 0.309017, 0.0, -0.809017, -0.309017, 0.5, 0.0, -0.309017, -0.5, -0.809017, 0.0, 0.0, 0.0, 0.0, 1.0 ], [ 0.309017, 0.5, 0.809017, 0.0, -0.5, 0.809017, -0.309017, 0.0, -0.809017, -0.309017, 0.5, 0.0, 0.0, 0.0, 0.0, 1.0 ], [ -1.0, 0.0, 0.0, 0.0, 0.0, -1.0, 0.0, 0.0, 0.0, 0.0, 1.0, 0.0, 0.0, 0.0, 0.0, 1.0 ], [ 0.0, 0.0, -1.0, 0.0, -1.0, 0.0, 0.0, 0.0, 0.0, 1.0, 0.0, 0.0, 0.0, 0.0, 0.0, 1.0 ], [ 0.0, -1.0, 0.0, 0.0, 0.0, 0.0, -1.0, 0.0, 1.0, 0.0, 0.0, 0.0, 0.0, 0.0, 0.0, 1.0 ], [ -0.809017, -0.309017, -0.5, 0.0, -0.309017, -0.5, 0.809017, 0.0, -0.5, 0.809017, 0.309017, 0.0, 0.0, 0.0, 0.0, 1.0 ], [ 0.5, -0.809017, -0.309017, 0.0, -0.809017, -0.309017, -0.5, 0.0, 0.309017, 0.5, -0.809017, 0.0, 0.0, 0.0, 0.0, 1.0 ], [ -0.309017, -0.5, 0.809017, 0.0, 0.5, -0.809017, -0.309017, 0.0, 0.809017, 0.309017, 0.5, 0.0, 0.0, 0.0, 0.0, 1.0 ], [ -0.5, -0.809017, -0.309017, 0.0, -0.809017, 0.309017, 0.5, 0.0, -0.309017, 0.5, -0.809017, 0.0, 0.0, 0.0, 0.0, 1.0 ], [ 0.309017, -0.5, 0.809017, 0.0, -0.5, -0.809017, -0.309017, 0.0, 0.809017, -0.309017, -0.5, 0.0, 0.0, 0.0, 0.0, 1.0 ], [ -0.809017, 0.309017, 0.5, 0.0, 0.309017, -0.5, 0.809017, 0.0, 0.5, 0.809017, 0.309017, 0.0, 0.0, 0.0, 0.0, 1.0 ], [ -0.5, -0.809017, 0.309017, 0.0, -0.809017, 0.309017, -0.5, 0.0, 0.309017, -0.5, -0.809017, 0.0, 0.0, 0.0, 0.0, 1.0 ], [ -0.309017, 0.5, 0.809017, 0.0, -0.5, -0.809017, 0.309017, 0.0, 0.809017, -0.309017, 0.5, 0.0, 0.0, 0.0, 0.0, 1.0 ], [ -0.809017, 0.309017, -0.5, 0.0, -0.309017, 0.5, 0.809017, 0.0, 0.5, 0.809017, -0.309017, 0.0, 0.0, 0.0, 0.0, 1.0 ], [ -0.809017, -0.309017, 0.5, 0.0, -0.309017, -0.5, -0.809017, 0.0, 0.5, -0.809017, 0.309017, 0.0, 0.0, 0.0, 0.0, 1.0 ], [ -0.5, 0.809017, -0.309017, 0.0, -0.809017, -0.309017, 0.5, 0.0, 0.309017, 0.5, 0.809017, 0.0, 0.0, 0.0, 0.0, 1.0 ], [ -0.309017, -0.5, -0.809017, 0.0, -0.5, 0.809017, -0.309017, 0.0, 0.809017, 0.309017, -0.5, 0.0, 0.0, 0.0, 0.0, 1.0 ], [ -1.0, 0.0, 0.0, 0.0, 0.0, 1.0, 0.0, 0.0, 0.0, 0.0, -1.0, 0.0, 0.0, 0.0, 0.0, 1.0 ], [ 0.0, 0.0, -1.0, 0.0, 1.0, 0.0, 0.0, 0.0, 0.0, -1.0, 0.0, 0.0, 0.0, 0.0, 0.0, 1.0 ], [ 0.0, -1.0, 0.0, 0.0, 0.0, 0.0, 1.0, 0.0, -1.0, 0.0, 0.0, 0.0, 0.0, 0.0, 0.0, 1.0 ], [ -0.809017, -0.309017, -0.5, 0.0, 0.309017, 0.5, -0.809017, 0.0, 0.5, -0.809017, -0.309017, 0.0, 0.0, 0.0, 0.0, 1.0 ], [ 0.5, -0.809017, -0.309017, 0.0, 0.809017, 0.309017, 0.5, 0.0, -0.309017, -0.5, 0.809017, 0.0, 0.0, 0.0, 0.0, 1.0 ], [ -0.309017, -0.5, 0.809017, 0.0, -0.5, 0.809017, 0.309017, 0.0, -0.809017, -0.309017, -0.5, 0.0, 0.0, 0.0, 0.0, 1.0 ], [ -0.5, -0.809017, -0.309017, 0.0, 0.809017, -0.309017, -0.5, 0.0, 0.309017, -0.5, 0.809017, 0.0, 0.0, 0.0, 0.0, 1.0 ], [ 0.309017, -0.5, 0.809017, 0.0, 0.5, 0.809017, 0.309017, 0.0, -0.809017, 0.309017, 0.5, 0.0, 0.0, 0.0, 0.0, 1.0 ], [ -0.809017, 0.309017, 0.5, 0.0, -0.309017, 0.5, -0.809017, 0.0, -0.5, -0.809017, -0.309017, 0.0, 0.0, 0.0, 0.0, 1.0 ], [ -0.5, -0.809017, 0.309017, 0.0, 0.809017, -0.309017, 0.5, 0.0, -0.309017, 0.5, 0.809017, 0.0, 0.0, 0.0, 0.0, 1.0 ], [ -0.309017, 0.5, 0.809017, 0.0, 0.5, 0.809017, -0.309017, 0.0, -0.809017, 0.309017, -0.5, 0.0, 0.0, 0.0, 0.0, 1.0 ], [ -0.809017, 0.309017, -0.5, 0.0, 0.309017, -0.5, -0.809017, 0.0, -0.5, -0.809017, 0.309017, 0.0, 0.0, 0.0, 0.0, 1.0 ], [ -0.809017, -0.309017, 0.5, 0.0, 0.309017, 0.5, 0.809017, 0.0, -0.5, 0.809017, -0.309017, 0.0, 0.0, 0.0, 0.0, 1.0 ], [ -0.5, 0.809017, -0.309017, 0.0, 0.809017, 0.309017, -0.5, 0.0, -0.309017, -0.5, -0.809017, 0.0, 0.0, 0.0, 0.0, 1.0 ], [ -0.309017, -0.5, -0.809017, 0.0, 0.5, -0.809017, 0.309017, 0.0, -0.809017, -0.309017, 0.5, 0.0, 0.0, 0.0, 0.0, 1.0 ] ],
  "lights" : {
    "ambientColor" : "#292929",
    "backgroundColor" : "#E0EFFF",
    "directionalLights" : [ {
      "direction" : {
        "x" : 1.0,
        "y" : -1.0,
        "z" : -1.0
      },
      "color" : "#EBEBE4"
    }, {
      "direction" : {
        "x" : -1.0,
        "y" : 0.0,
        "z" : 0.0
      },
      "color" : "#E4E4EB"
    }, {
      "direction" : {
        "x" : 0.0,
        "y" : 0.0,
        "z" : -1.0
      },
      "color" : "#1E1E1E"
    } ]
  },
  "camera" : {
    "viewDistance" : 186.5836,
    "nearClipDistance" : 0.46645895,
    "farClipDistance" : 373.1671,
    "lookAtPoint" : {
      "x" : 0.0,
      "y" : 0.0,
      "z" : 0.0
    },
    "fieldOfView" : 0.44262883,
    "perspective" : true,
    "lookDirection" : {
      "x" : 7.2941184E-6,
      "y" : -0.012216996,
      "z" : -0.9999254
    },
    "upDirection" : {
      "x" : -5.969759E-4,
      "y" : 0.9999253,
      "z" : -0.012217003
    },
    "width" : 83.96261,
    "stereo" : false,
    "position" : {
      "x" : -0.0013609629,
      "y" : 2.2794912,
      "z" : 186.56967
    }
  },
  "embedding" : [ 1.0, 0.0, 0.0, 0.0, 0.0, 1.0, 0.0, 0.0, 0.0, 0.0, 1.0, 0.0, 0.0, 0.0, 0.0, 1.0 ],
  "shapes" : [ {
    "id" : "9eb33678-294b-43e2-9f74-8319d548b284",
    "vertices" : [ {
      "x" : 1.0954915,
      "y" : 0.1545085,
      "z" : 0.059016995
    }, {
      "x" : 1.4635255,
      "y" : 0.25,
      "z" : -0.4045085
    }, {
      "x" : 1.0954915,
      "y" : 0.1545085,
      "z" : 0.059016995
    }, {
      "x" : 0.9045085,
      "y" : 0.4635255,
      "z" : -0.440983
    }, {
      "x" : 0.9045085,
      "y" : 0.4635255,
      "z" : -0.440983
    }, {
      "x" : 0.9045085,
      "y" : -0.1545085,
      "z" : -0.059016995
    }, {
      "x" : 0.9045085,
      "y" : -0.1545085,
      "z" : -0.059016995
    }, {
      "x" : 0.7135255,
      "y" : 0.1545085,
      "z" : -0.559017
    }, {
      "x" : 1.809017,
      "y" : 0.309017,
      "z" : -0.5
    }, {
      "x" : 0.3454915,
      "y" : 0.059016995,
      "z" : -0.095491506
    }, {
      "x" : 0.7135255,
      "y" : 0.1545085,
      "z" : -0.559017
    } ],
    "faces" : [ {
      "vertices" : [ 2, 9, 6 ]
    }, {
      "vertices" : [ 0, 1, 3 ]
    }, {
      "vertices" : [ 0, 5, 1 ]
    }, {
      "vertices" : [ 4, 10, 9 ]
    }, {
      "vertices" : [ 3, 7, 10 ]
    }, {
      "vertices" : [ 3, 10, 4 ]
    }, {
      "vertices" : [ 0, 3, 4 ]
    }, {
      "vertices" : [ 0, 4, 2 ]
    }, {
      "vertices" : [ 6, 9, 10 ]
    }, {
      "vertices" : [ 1, 7, 3 ]
    }, {
      "vertices" : [ 5, 6, 10 ]
    }, {
      "vertices" : [ 5, 10, 7 ]
    }, {
      "vertices" : [ 0, 2, 6 ]
    }, {
      "vertices" : [ 0, 6, 5 ]
    }, {
      "vertices" : [ 1, 5, 7 ]
    }, {
      "vertices" : [ 2, 4, 9 ]
    } ]
  }, {
    "id" : "f0b971df-d7e4-4461-b466-c4444b186f56",
    "vertices" : [ {
      "x" : 4.045085,
      "y" : 8.618034,
      "z" : -3.545085
    }, {
      "x" : 0.14589803,
      "y" : 0.32623792,
      "z" : -0.14589803
    }, {
      "x" : 0.690983,
      "y" : 0.66311896,
      "z" : -0.38196602
    }, {
      "x" : 0.572949,
      "y" : 0.85410196,
      "z" : -0.072949015
    }, {
      "x" : 4.09017,
      "y" : 9.145898,
      "z" : -4.09017
    }, {
      "x" : 4.163119,
      "y" : 8.427051,
      "z" : -3.854102
    }, {
      "x" : 3.6405764,
      "y" : 8.581559,
      "z" : -4.149187
    }, {
      "x" : 3.5225425,
      "y" : 8.772543,
      "z" : -3.84017
    }, {
      "x" : 0.16844052,
      "y" : 0.81762743,
      "z" : -0.677051
    }, {
      "x" : 0.05040653,
      "y" : 1.0086105,
      "z" : -0.36803398
    }, {
      "x" : 4.236068,
      "y" : 9.472136,
      "z" : -4.236068
    } ],
    "faces" : [ {
      "vertices" : [ 4, 6, 7 ]
    }, {
      "vertices" : [ 1, 9, 8 ]
    }, {
      "vertices" : [ 0, 7, 9 ]
    }, {
      "vertices" : [ 0, 9, 3 ]
    }, {
      "vertices" : [ 2, 8, 6 ]
    }, {
      "vertices" : [ 2, 6, 5 ]
    }, {
      "vertices" : [ 1, 2, 3 ]
    }, {
      "vertices" : [ 0, 5, 4 ]
    }, {
      "vertices" : [ 0, 3, 2 ]
    }, {
      "vertices" : [ 0, 2, 5 ]
    }, {
      "vertices" : [ 0, 4, 7 ]
    }, {
      "vertices" : [ 1, 8, 2 ]
    }, {
      "vertices" : [ 1, 3, 9 ]
    }, {
      "vertices" : [ 6, 8, 9 ]
    }, {
      "vertices" : [ 6, 9, 7 ]
    }, {
      "vertices" : [ 4, 5, 6 ]
    } ]
  }, {
    "id" : "f7067ad8-d0be-44bc-82a6-1f97e1ee2768",
    "vertices" : [ {
      "x" : -7.643173,
      "y" : 8.593755,
      "z" : 16.770262
    }, {
      "x" : -8.043173,
      "y" : 8.493755,
      "z" : 16.670261
    }, {
      "x" : -0.5199458,
      "y" : 0.37838075,
      "z" : 0.3649932
    }, {
      "x" : -0.119945824,
      "y" : 0.47838074,
      "z" : 0.46499324
    }, {
      "x" : -8.176506,
      "y" : 8.793756,
      "z" : 16.436928
    }, {
      "x" : -7.7765064,
      "y" : 8.893755,
      "z" : 16.536928
    }, {
      "x" : 0.013387507,
      "y" : 0.17838073,
      "z" : 0.6983266
    }, {
      "x" : -0.3866125,
      "y" : 0.078380734,
      "z" : 0.59832656
    } ],
    "faces" : [ {
      "vertices" : [ 2, 3, 6 ]
    }, {
      "vertices" : [ 2, 6, 7 ]
    }, {
      "vertices" : [ 0, 5, 4 ]
    }, {
      "vertices" : [ 0, 4, 1 ]
    }, {
      "vertices" : [ 2, 4, 5 ]
    }, {
      "vertices" : [ 2, 5, 3 ]
    }, {
      "vertices" : [ 0, 6, 3 ]
    }, {
      "vertices" : [ 0, 3, 5 ]
    }, {
      "vertices" : [ 0, 1, 7 ]
    }, {
      "vertices" : [ 0, 7, 6 ]
    }, {
      "vertices" : [ 1, 4, 2 ]
    }, {
      "vertices" : [ 1, 2, 7 ]
    } ]
  }, {
    "id" : "31e79bae-0166-4f3c-82e5-4a00815aebd4",
    "vertices" : [ {
      "x" : 1.0,
      "y" : 0.309017,
      "z" : 0.19098301
    }, {
      "x" : 1.0,
      "y" : -0.309017,
      "z" : 0.19098301
    }, {
      "x" : 10.09017,
      "y" : -0.309017,
      "z" : 0.19098301
    }, {
      "x" : 10.09017,
      "y" : 0.309017,
      "z" : 0.19098301
    }, {
      "x" : 10.09017,
      "y" : -0.309017,
      "z" : -0.19098301
    }, {
      "x" : 10.09017,
      "y" : 0.309017,
      "z" : -0.19098301
    }, {
      "x" : 10.708204,
      "y" : 0.0,
      "z" : 0.0
    }, {
      "x" : 0.38196602,
      "y" : 0.0,
      "z" : 0.0
    }, {
      "x" : 1.0,
      "y" : 0.309017,
      "z" : -0.19098301
    }, {
      "x" : 1.0,
      "y" : -0.309017,
      "z" : -0.19098301
    }, {
      "x" : 11.09017,
      "y" : 0.0,
      "z" : 0.0
    } ],
    "faces" : [ {
      "vertices" : [ 1, 9, 4 ]
    }, {
      "vertices" : [ 1, 4, 2 ]
    }, {
      "vertices" : [ 0, 3, 5 ]
    }, {
      "vertices" : [ 0, 5, 8 ]
    }, {
      "vertices" : [ 1, 7, 9 ]
    }, {
      "vertices" : [ 0, 1, 2 ]
    }, {
      "vertices" : [ 0, 2, 3 ]
    }, {
      "vertices" : [ 7, 8, 9 ]
    }, {
      "vertices" : [ 0, 7, 1 ]
    }, {
      "vertices" : [ 4, 9, 8 ]
    }, {
      "vertices" : [ 4, 8, 5 ]
    }, {
      "vertices" : [ 2, 6, 3 ]
    }, {
      "vertices" : [ 2, 4, 6 ]
    }, {
      "vertices" : [ 3, 6, 5 ]
    }, {
      "vertices" : [ 4, 5, 6 ]
    }, {
      "vertices" : [ 0, 8, 7 ]
    } ]
  }, {
    "id" : "6b04e29d-b821-48e6-b0e4-2bb60550cab4",
    "vertices" : [ {
      "x" : 0.309017,
      "y" : -0.309017,
      "z" : -0.309017
    }, {
      "x" : 0.5,
      "y" : 0.0,
      "z" : -0.19098301
    }, {
      "x" : 0.5,
      "y" : 0.0,
      "z" : 0.19098301
    }, {
      "x" : 0.309017,
      "y" : -0.309017,
      "z" : 0.309017
    }, {
      "x" : 0.19098301,
      "y" : -0.5,
      "z" : 0.0
    }, {
      "x" : 0.0,
      "y" : 0.19098301,
      "z" : 0.5
    }, {
      "x" : 0.0,
      "y" : -0.19098301,
      "z" : 0.5
    }, {
      "x" : 0.309017,
      "y" : 0.309017,
      "z" : 0.309017
    }, {
      "x" : -0.309017,
      "y" : -0.309017,
      "z" : 0.309017
    }, {
      "x" : -0.309017,
      "y" : 0.309017,
      "z" : 0.309017
    }, {
      "x" : -0.5,
      "y" : 0.0,
      "z" : 0.19098301
    }, {
      "x" : 0.0,
      "y" : -0.19098301,
      "z" : -0.5
    }, {
      "x" : 0.0,
      "y" : 0.19098301,
      "z" : -0.5
    }, {
      "x" : 0.309017,
      "y" : 0.309017,
      "z" : -0.309017
    }, {
      "x" : -0.309017,
      "y" : -0.309017,
      "z" : -0.309017
    }, {
      "x" : -0.19098301,
      "y" : -0.5,
      "z" : 0.0
    }, {
      "x" : -0.5,
      "y" : 0.0,
      "z" : -0.19098301
    }, {
      "x" : 0.19098301,
      "y" : 0.5,
      "z" : 0.0
    }, {
      "x" : -0.309017,
      "y" : 0.309017,
      "z" : -0.309017
    }, {
      "x" : 0.0,
      "y" : 0.0,
      "z" : 0.0
    }, {
      "x" : -0.19098301,
      "y" : 0.5,
      "z" : 0.0
    } ],
    "faces" : [ {
      "vertices" : [ 12, 18, 20 ]
    }, {
      "vertices" : [ 12, 20, 17 ]
    }, {
      "vertices" : [ 12, 17, 13 ]
    }, {
      "vertices" : [ 3, 6, 8 ]
    }, {
      "vertices" : [ 3, 8, 15 ]
    }, {
      "vertices" : [ 3, 15, 4 ]
    }, {
      "vertices" : [ 0, 11, 12 ]
    }, {
      "vertices" : [ 0, 12, 13 ]
    }, {
      "vertices" : [ 0, 13, 1 ]
    }, {
      "vertices" : [ 5, 9, 10 ]
    }, {
      "vertices" : [ 5, 10, 8 ]
    }, {
      "vertices" : [ 5, 8, 6 ]
    }, {
      "vertices" : [ 2, 7, 5 ]
    }, {
      "vertices" : [ 2, 5, 6 ]
    }, {
      "vertices" : [ 2, 6, 3 ]
    }, {
      "vertices" : [ 11, 14, 16 ]
    }, {
      "vertices" : [ 11, 16, 18 ]
    }, {
      "vertices" : [ 11, 18, 12 ]
    }, {
      "vertices" : [ 1, 13, 17 ]
    }, {
      "vertices" : [ 1, 17, 7 ]
    }, {
      "vertices" : [ 1, 7, 2 ]
    }, {
      "vertices" : [ 9, 20, 18 ]
    }, {
      "vertices" : [ 9, 18, 16 ]
    }, {
      "vertices" : [ 9, 16, 10 ]
    }, {
      "vertices" : [ 0, 1, 2 ]
    }, {
      "vertices" : [ 0, 2, 3 ]
    }, {
      "vertices" : [ 0, 3, 4 ]
    }, {
      "vertices" : [ 5, 7, 17 ]
    }, {
      "vertices" : [ 5, 17, 20 ]
    }, {
      "vertices" : [ 5, 20, 9 ]
    }, {
      "vertices" : [ 0, 4, 15 ]
    }, {
      "vertices" : [ 0, 15, 14 ]
    }, {
      "vertices" : [ 0, 14, 11 ]
    }, {
      "vertices" : [ 8, 10, 16 ]
    }, {
      "vertices" : [ 8, 16, 14 ]
    }, {
      "vertices" : [ 8, 14, 15 ]
    } ]
  } ],
  "instances" : [ {
    "shape" : "9eb33678-294b-43e2-9f74-8319d548b284",
    "color" : "#DC4C00",
    "position" : {
      "x" : 17.135256,
      "y" : -12.399187,
      "z" : -0.5
    },
    "orientation" : 14
  }, {
    "shape" : "f0b971df-d7e4-4461-b466-c4444b186f56",
    "color" : "#750032",
    "position" : {
      "x" : -5.545085,
      "y" : -8.972136,
      "z" : -14.5172205
    },
    "orientation" : 48
  }, {
    "shape" : "f7067ad8-d0be-44bc-82a6-1f97e1ee2768",
    "color" : "#FFFFFF",
    "position" : {
      "x" : -11.09017,
      "y" : -1.618034,
      "z" : 17.944271
    },
    "orientation" : 42
  }, {
    "shape" : "31e79bae-0166-4f3c-82e5-4a00815aebd4",
    "color" : "#007695",
    "position" : {
      "x" : -11.09017,
      "y" : 0.0,
      "z" : 17.944271
    },
    "orientation" : 22
  }, {
    "shape" : "31e79bae-0166-4f3c-82e5-4a00815aebd4",
    "color" : "#007695",
    "position" : {
      "x" : 0.0,
      "y" : 17.944271,
      "z" : 11.09017
    },
    "orientation" : 26
  }, {
    "shape" : "f7067ad8-d0be-44bc-82a6-1f97e1ee2768",
    "color" : "#FFFFFF",
    "position" : {
      "x" : 12.399187,
      "y" : -0.5,
      "z" : -17.135256
    },
    "orientation" : 3
  }, {
    "shape" : "31e79bae-0166-4f3c-82e5-4a00815aebd4",
    "color" : "#007695",
    "position" : {
      "x" : 0.0,
      "y" : -17.944271,
      "z" : 11.09017
    },
    "orientation" : 9
  }, {
    "shape" : "f7067ad8-d0be-44bc-82a6-1f97e1ee2768",
    "color" : "#FFFFFF",
    "position" : {
      "x" : 18.753288,
      "y" : 9.781153,
      "z" : 0.5
    },
    "orientation" : 11
  }, {
    "shape" : "9eb33678-294b-43e2-9f74-8319d548b284",
    "color" : "#DC4C00",
    "position" : {
      "x" : 17.135256,
      "y" : 12.399187,
      "z" : 0.5
    },
    "orientation" : 29
  }, {
    "shape" : "f0b971df-d7e4-4461-b466-c4444b186f56",
    "color" : "#750032",
    "position" : {
      "x" : -8.972136,
      "y" : 14.5172205,
      "z" : 5.545085
    },
    "orientation" : 5
  }, {
    "shape" : "9eb33678-294b-43e2-9f74-8319d548b284",
    "color" : "#DC4C00",
    "position" : {
      "x" : 17.944271,
      "y" : -11.09017,
      "z" : -1.618034
    },
    "orientation" : 40
  }, {
    "shape" : "f7067ad8-d0be-44bc-82a6-1f97e1ee2768",
    "color" : "#FFFFFF",
    "position" : {
      "x" : -0.5,
      "y" : 17.135256,
      "z" : -12.399187
    },
    "orientation" : 20
  }, {
    "shape" : "31e79bae-0166-4f3c-82e5-4a00815aebd4",
    "color" : "#007695",
    "position" : {
      "x" : -11.09017,
      "y" : 0.0,
      "z" : 17.944271
    },
    "orientation" : 0
  }, {
    "shape" : "6b04e29d-b821-48e6-b0e4-2bb60550cab4",
    "color" : "#FFFFFF",
    "position" : {
      "x" : -17.944271,
      "y" : 0.0,
      "z" : 0.0
    }
  }, {
    "shape" : "f7067ad8-d0be-44bc-82a6-1f97e1ee2768",
    "color" : "#FFFFFF",
    "position" : {
      "x" : 1.309017,
      "y" : 18.444271,
      "z" : -10.281153
    },
    "orientation" : 1
  }, {
    "shape" : "f0b971df-d7e4-4461-b466-c4444b186f56",
    "color" : "#750032",
    "position" : {
      "x" : 14.5172205,
      "y" : -5.545085,
      "z" : -8.972136
    },
    "orientation" : 14
  }, {
    "shape" : "f7067ad8-d0be-44bc-82a6-1f97e1ee2768",
    "color" : "#FFFFFF",
    "position" : {
      "x" : 18.753288,
      "y" : -9.781153,
      "z" : -0.5
    },
    "orientation" : 26
  }, {
    "shape" : "31e79bae-0166-4f3c-82e5-4a00815aebd4",
    "color" : "#007695",
    "position" : {
      "x" : 11.09017,
      "y" : 0.0,
      "z" : -17.944271
    },
    "orientation" : 39
  }, {
    "shape" : "31e79bae-0166-4f3c-82e5-4a00815aebd4",
    "color" : "#007695",
    "position" : {
      "x" : -17.944271,
      "y" : 11.09017,
      "z" : 0.0
    },
    "orientation" : 16
  }, {
    "shape" : "6b04e29d-b821-48e6-b0e4-2bb60550cab4",
    "color" : "#FFFFFF",
    "position" : {
      "x" : 0.0,
      "y" : -17.944271,
      "z" : 0.0
    }
  }, {
    "shape" : "f0b971df-d7e4-4461-b466-c4444b186f56",
    "color" : "#750032",
    "position" : {
      "x" : -8.972136,
      "y" : -14.5172205,
      "z" : 5.545085
    },
    "orientation" : 51
  }, {
    "shape" : "9eb33678-294b-43e2-9f74-8319d548b284",
    "color" : "#DC4C00",
    "position" : {
      "x" : -17.135256,
      "y" : -12.399187,
      "z" : 0.5
    },
    "orientation" : 59
  }, {
    "shape" : "9eb33678-294b-43e2-9f74-8319d548b284",
    "color" : "#DC4C00",
    "position" : {
      "x" : -0.5,
      "y" : 17.135256,
      "z" : -12.399187
    },
    "orientation" : 12
  }, {
    "shape" : "9eb33678-294b-43e2-9f74-8319d548b284",
    "color" : "#DC4C00",
    "position" : {
      "x" : -11.899187,
      "y" : -1.309017,
      "z" : -17.444271
    },
    "orientation" : 23
  }, {
    "shape" : "6b04e29d-b821-48e6-b0e4-2bb60550cab4",
    "color" : "#FFFFFF",
    "position" : {
      "x" : 0.5,
      "y" : 18.753288,
      "z" : 9.781153
    }
  }, {
    "shape" : "f0b971df-d7e4-4461-b466-c4444b186f56",
    "color" : "#750032",
    "position" : {
      "x" : 0.0,
      "y" : 0.0,
      "z" : -17.944271
    },
    "orientation" : 39
  }, {
    "shape" : "6b04e29d-b821-48e6-b0e4-2bb60550cab4",
    "color" : "#FFFFFF",
    "position" : {
      "x" : 0.5,
      "y" : 17.135256,
      "z" : 12.399187
    }
  }, {
    "shape" : "6b04e29d-b821-48e6-b0e4-2bb60550cab4",
    "color" : "#FFFFFF",
    "position" : {
      "x" : -17.944271,
      "y" : 11.09017,
      "z" : 0.0
    }
  }, {
    "shape" : "9eb33678-294b-43e2-9f74-8319d548b284",
    "color" : "#DC4C00",
    "position" : {
      "x" : 1.618034,
      "y" : 17.944271,
      "z" : 11.09017
    },
    "orientation" : 41
  }, {
    "shape" : "6b04e29d-b821-48e6-b0e4-2bb60550cab4",
    "color" : "#FFFFFF",
    "position" : {
      "x" : 11.09017,
      "y" : 0.0,
      "z" : 17.944271
    }
  }, {
    "shape" : "9eb33678-294b-43e2-9f74-8319d548b284",
    "color" : "#DC4C00",
    "position" : {
      "x" : -9.781153,
      "y" : 0.5,
      "z" : -18.753288
    },
    "orientation" : 48
  }, {
    "shape" : "6b04e29d-b821-48e6-b0e4-2bb60550cab4",
    "color" : "#FFFFFF",
    "position" : {
      "x" : -5.545085,
      "y" : -8.972136,
      "z" : 14.5172205
    }
  }, {
    "shape" : "f7067ad8-d0be-44bc-82a6-1f97e1ee2768",
    "color" : "#FFFFFF",
    "position" : {
      "x" : 0.5,
      "y" : -17.135256,
      "z" : -12.399187
    },
    "orientation" : 50
  }, {
    "shape" : "6b04e29d-b821-48e6-b0e4-2bb60550cab4",
    "color" : "#FFFFFF",
    "position" : {
      "x" : 0.0,
      "y" : 17.944271,
      "z" : 11.09017
    }
  }, {
    "shape" : "6b04e29d-b821-48e6-b0e4-2bb60550cab4",
    "color" : "#FFFFFF",
    "position" : {
      "x" : -17.944271,
      "y" : -11.09017,
      "z" : 0.0
    }
  }, {
    "shape" : "9eb33678-294b-43e2-9f74-8319d548b284",
    "color" : "#DC4C00",
    "position" : {
      "x" : 0.5,
      "y" : 17.135256,
      "z" : 12.399187
    },
    "orientation" : 57
  }, {
    "shape" : "6b04e29d-b821-48e6-b0e4-2bb60550cab4",
    "color" : "#FFFFFF",
    "position" : {
      "x" : -12.399187,
      "y" : -0.5,
      "z" : 17.135256
    }
  }, {
    "shape" : "6b04e29d-b821-48e6-b0e4-2bb60550cab4",
    "color" : "#FFFFFF",
    "position" : {
      "x" : 9.781153,
      "y" : -0.5,
      "z" : -18.753288
    }
  }, {
    "shape" : "6b04e29d-b821-48e6-b0e4-2bb60550cab4",
    "color" : "#FFFFFF",
    "position" : {
      "x" : -9.781153,
      "y" : 0.5,
      "z" : -18.753288
    }
  }, {
    "shape" : "6b04e29d-b821-48e6-b0e4-2bb60550cab4",
    "color" : "#FFFFFF",
    "position" : {
      "x" : 1.309017,
      "y" : -18.444271,
      "z" : 10.281153
    }
  }, {
    "shape" : "f7067ad8-d0be-44bc-82a6-1f97e1ee2768",
    "color" : "#FFFFFF",
    "position" : {
      "x" : 11.899187,
      "y" : -1.309017,
      "z" : 17.444271
    },
    "orientation" : 37
  }, {
    "shape" : "f0b971df-d7e4-4461-b466-c4444b186f56",
    "color" : "#750032",
    "position" : {
      "x" : 14.5172205,
      "y" : 5.545085,
      "z" : -8.972136
    },
    "orientation" : 16
  }, {
    "shape" : "31e79bae-0166-4f3c-82e5-4a00815aebd4",
    "color" : "#007695",
    "position" : {
      "x" : 0.0,
      "y" : 17.944271,
      "z" : -11.09017
    },
    "orientation" : 36
  }, {
    "shape" : "f7067ad8-d0be-44bc-82a6-1f97e1ee2768",
    "color" : "#FFFFFF",
    "position" : {
      "x" : 10.281153,
      "y" : -1.309017,
      "z" : 18.444271
    },
    "orientation" : 32
  }, {
    "shape" : "f7067ad8-d0be-44bc-82a6-1f97e1ee2768",
    "color" : "#FFFFFF",
    "position" : {
      "x" : -9.781153,
      "y" : -0.5,
      "z" : 18.753288
    },
    "orientation" : 40
  }, {
    "shape" : "6b04e29d-b821-48e6-b0e4-2bb60550cab4",
    "color" : "#FFFFFF",
    "position" : {
      "x" : 17.944271,
      "y" : -11.09017,
      "z" : -1.618034
    }
  }, {
    "shape" : "6b04e29d-b821-48e6-b0e4-2bb60550cab4",
    "color" : "#FFFFFF",
    "position" : {
      "x" : 9.781153,
      "y" : 0.5,
      "z" : 18.753288
    }
  }, {
    "shape" : "31e79bae-0166-4f3c-82e5-4a00815aebd4",
    "color" : "#007695",
    "position" : {
      "x" : -17.944271,
      "y" : 11.09017,
      "z" : 0.0
    },
    "orientation" : 11
  }, {
    "shape" : "6b04e29d-b821-48e6-b0e4-2bb60550cab4",
    "color" : "#FFFFFF",
    "position" : {
      "x" : 14.5172205,
      "y" : -5.545085,
      "z" : 8.972136
    }
  }, {
    "shape" : "9eb33678-294b-43e2-9f74-8319d548b284",
    "color" : "#DC4C00",
    "position" : {
      "x" : -10.281153,
      "y" : -1.309017,
      "z" : -18.444271
    },
    "orientation" : 46
  }, {
    "shape" : "f7067ad8-d0be-44bc-82a6-1f97e1ee2768",
    "color" : "#FFFFFF",
    "position" : {
      "x" : 9.781153,
      "y" : 0.5,
      "z" : 18.753288
    },
    "orientation" : 10
  }, {
    "shape" : "31e79bae-0166-4f3c-82e5-4a00815aebd4",
    "color" : "#007695",
    "position" : {
      "x" : -17.944271,
      "y" : -11.09017,
      "z" : 0.0
    },
    "orientation" : 10
  }, {
    "shape" : "6b04e29d-b821-48e6-b0e4-2bb60550cab4",
    "color" : "#FFFFFF",
    "position" : {
      "x" : 17.135256,
      "y" : -12.399187,
      "z" : -0.5
    }
  }, {
    "shape" : "9eb33678-294b-43e2-9f74-8319d548b284",
    "color" : "#DC4C00",
    "position" : {
      "x" : 10.281153,
      "y" : -1.309017,
      "z" : 18.444271
    },
    "orientation" : 1
  }, {
    "shape" : "f7067ad8-d0be-44bc-82a6-1f97e1ee2768",
    "color" : "#FFFFFF",
    "position" : {
      "x" : 1.618034,
      "y" : 17.944271,
      "z" : 11.09017
    },
    "orientation" : 14
  }, {
    "shape" : "f0b971df-d7e4-4461-b466-c4444b186f56",
    "color" : "#750032",
    "position" : {
      "x" : 14.5172205,
      "y" : -5.545085,
      "z" : -8.972136
    },
    "orientation" : 53
  }, {
    "shape" : "6b04e29d-b821-48e6-b0e4-2bb60550cab4",
    "color" : "#FFFFFF",
    "position" : {
      "x" : 10.281153,
      "y" : -1.309017,
      "z" : 18.444271
    }
  }, {
    "shape" : "9eb33678-294b-43e2-9f74-8319d548b284",
    "color" : "#DC4C00",
    "position" : {
      "x" : -18.753288,
      "y" : -9.781153,
      "z" : 0.5
    },
    "orientation" : 34
  }, {
    "shape" : "f7067ad8-d0be-44bc-82a6-1f97e1ee2768",
    "color" : "#FFFFFF",
    "position" : {
      "x" : -18.753288,
      "y" : -9.781153,
      "z" : 0.5
    },
    "orientation" : 41
  }, {
    "shape" : "31e79bae-0166-4f3c-82e5-4a00815aebd4",
    "color" : "#007695",
    "position" : {
      "x" : 17.944271,
      "y" : 11.09017,
      "z" : 0.0
    },
    "orientation" : 38
  }, {
    "shape" : "6b04e29d-b821-48e6-b0e4-2bb60550cab4",
    "color" : "#FFFFFF",
    "position" : {
      "x" : 0.0,
      "y" : 17.944271,
      "z" : -11.09017
    }
  }, {
    "shape" : "6b04e29d-b821-48e6-b0e4-2bb60550cab4",
    "color" : "#FFFFFF",
    "position" : {
      "x" : 11.899187,
      "y" : -1.309017,
      "z" : 17.444271
    }
  }, {
    "shape" : "31e79bae-0166-4f3c-82e5-4a00815aebd4",
    "color" : "#007695",
    "position" : {
      "x" : -11.09017,
      "y" : 0.0,
      "z" : -17.944271
    },
    "orientation" : 7
  }, {
    "shape" : "f0b971df-d7e4-4461-b466-c4444b186f56",
    "color" : "#750032",
    "position" : {
      "x" : 8.972136,
      "y" : 14.5172205,
      "z" : 5.545085
    },
    "orientation" : 21
  }, {
    "shape" : "6b04e29d-b821-48e6-b0e4-2bb60550cab4",
    "color" : "#FFFFFF",
    "position" : {
      "x" : 11.09017,
      "y" : -1.618034,
      "z" : -17.944271
    }
  }, {
    "shape" : "31e79bae-0166-4f3c-82e5-4a00815aebd4",
    "color" : "#007695",
    "position" : {
      "x" : 17.944271,
      "y" : 11.09017,
      "z" : 0.0
    },
    "orientation" : 22
  }, {
    "shape" : "9eb33678-294b-43e2-9f74-8319d548b284",
    "color" : "#DC4C00",
    "position" : {
      "x" : 9.781153,
      "y" : -0.5,
      "z" : -18.753288
    },
    "orientation" : 18
  }, {
    "shape" : "f0b971df-d7e4-4461-b466-c4444b186f56",
    "color" : "#750032",
    "position" : {
      "x" : -17.944271,
      "y" : 0.0,
      "z" : 0.0
    },
    "orientation" : 25
  }, {
    "shape" : "31e79bae-0166-4f3c-82e5-4a00815aebd4",
    "color" : "#007695",
    "position" : {
      "x" : 11.09017,
      "y" : 0.0,
      "z" : -17.944271
    },
    "orientation" : 45
  }, {
    "shape" : "31e79bae-0166-4f3c-82e5-4a00815aebd4",
    "color" : "#007695",
    "position" : {
      "x" : 0.0,
      "y" : -17.944271,
      "z" : 11.09017
    },
    "orientation" : 47
  }, {
    "shape" : "6b04e29d-b821-48e6-b0e4-2bb60550cab4",
    "color" : "#FFFFFF",
    "position" : {
      "x" : 5.545085,
      "y" : 8.972136,
      "z" : -14.5172205
    }
  }, {
    "shape" : "f0b971df-d7e4-4461-b466-c4444b186f56",
    "color" : "#750032",
    "position" : {
      "x" : 8.972136,
      "y" : -14.5172205,
      "z" : 5.545085
    },
    "orientation" : 35
  }, {
    "shape" : "f0b971df-d7e4-4461-b466-c4444b186f56",
    "color" : "#750032",
    "position" : {
      "x" : -8.972136,
      "y" : -14.5172205,
      "z" : 5.545085
    },
    "orientation" : 27
  }, {
    "shape" : "f0b971df-d7e4-4461-b466-c4444b186f56",
    "color" : "#750032",
    "position" : {
      "x" : -14.5172205,
      "y" : -5.545085,
      "z" : 8.972136
    },
    "orientation" : 8
  }, {
    "shape" : "9eb33678-294b-43e2-9f74-8319d548b284",
    "color" : "#DC4C00",
    "position" : {
      "x" : 1.618034,
      "y" : -17.944271,
      "z" : -11.09017
    },
    "orientation" : 56
  }, {
    "shape" : "f0b971df-d7e4-4461-b466-c4444b186f56",
    "color" : "#750032",
    "position" : {
      "x" : -8.972136,
      "y" : 14.5172205,
      "z" : -5.545085
    },
    "orientation" : 12
  }, {
    "shape" : "f0b971df-d7e4-4461-b466-c4444b186f56",
    "color" : "#750032",
    "position" : {
      "x" : -14.5172205,
      "y" : 5.545085,
      "z" : 8.972136
    },
    "orientation" : 31
  }, {
    "shape" : "9eb33678-294b-43e2-9f74-8319d548b284",
    "color" : "#DC4C00",
    "position" : {
      "x" : 12.399187,
      "y" : -0.5,
      "z" : -17.135256
    },
    "orientation" : 58
  }, {
    "shape" : "f0b971df-d7e4-4461-b466-c4444b186f56",
    "color" : "#750032",
    "position" : {
      "x" : -14.5172205,
      "y" : 5.545085,
      "z" : -8.972136
    },
    "orientation" : 44
  }, {
    "shape" : "9eb33678-294b-43e2-9f74-8319d548b284",
    "color" : "#DC4C00",
    "position" : {
      "x" : 11.899187,
      "y" : -1.309017,
      "z" : 17.444271
    },
    "orientation" : 38
  }, {
    "shape" : "6b04e29d-b821-48e6-b0e4-2bb60550cab4",
    "color" : "#FFFFFF",
    "position" : {
      "x" : 14.5172205,
      "y" : 5.545085,
      "z" : 8.972136
    }
  }, {
    "shape" : "9eb33678-294b-43e2-9f74-8319d548b284",
    "color" : "#DC4C00",
    "position" : {
      "x" : -0.5,
      "y" : -18.753288,
      "z" : 9.781153
    },
    "orientation" : 35
  }, {
    "shape" : "6b04e29d-b821-48e6-b0e4-2bb60550cab4",
    "color" : "#FFFFFF",
    "position" : {
      "x" : 11.09017,
      "y" : 0.0,
      "z" : -17.944271
    }
  }, {
    "shape" : "31e79bae-0166-4f3c-82e5-4a00815aebd4",
    "color" : "#007695",
    "position" : {
      "x" : -11.09017,
      "y" : 0.0,
      "z" : 17.944271
    },
    "orientation" : 6
  }, {
    "shape" : "6b04e29d-b821-48e6-b0e4-2bb60550cab4",
    "color" : "#FFFFFF",
    "position" : {
      "x" : -8.972136,
      "y" : 14.5172205,
      "z" : 5.545085
    }
  }, {
    "shape" : "f0b971df-d7e4-4461-b466-c4444b186f56",
    "color" : "#750032",
    "position" : {
      "x" : -17.944271,
      "y" : 0.0,
      "z" : 0.0
    },
    "orientation" : 10
  }, {
    "shape" : "f7067ad8-d0be-44bc-82a6-1f97e1ee2768",
    "color" : "#FFFFFF",
    "position" : {
      "x" : -17.944271,
      "y" : 11.09017,
      "z" : -1.618034
    },
    "orientation" : 58
  }, {
    "shape" : "6b04e29d-b821-48e6-b0e4-2bb60550cab4",
    "color" : "#FFFFFF",
    "position" : {
      "x" : -1.309017,
      "y" : -18.444271,
      "z" : -10.281153
    }
  }, {
    "shape" : "6b04e29d-b821-48e6-b0e4-2bb60550cab4",
    "color" : "#FFFFFF",
    "position" : {
      "x" : -11.09017,
      "y" : -1.618034,
      "z" : 17.944271
    }
  }, {
    "shape" : "31e79bae-0166-4f3c-82e5-4a00815aebd4",
    "color" : "#007695",
    "position" : {
      "x" : 0.0,
      "y" : 17.944271,
      "z" : -11.09017
    },
    "orientation" : 41
  }, {
    "shape" : "f0b971df-d7e4-4461-b466-c4444b186f56",
    "color" : "#750032",
    "position" : {
      "x" : -5.545085,
      "y" : -8.972136,
      "z" : -14.5172205
    },
    "orientation" : 15
  }, {
    "shape" : "31e79bae-0166-4f3c-82e5-4a00815aebd4",
    "color" : "#007695",
    "position" : {
      "x" : 11.09017,
      "y" : 0.0,
      "z" : 17.944271
    },
    "orientation" : 25
  }, {
    "shape" : "6b04e29d-b821-48e6-b0e4-2bb60550cab4",
    "color" : "#FFFFFF",
    "position" : {
      "x" : 1.309017,
      "y" : -17.444271,
      "z" : 11.899187
    }
  }, {
    "shape" : "6b04e29d-b821-48e6-b0e4-2bb60550cab4",
    "color" : "#FFFFFF",
    "position" : {
      "x" : -1.309017,
      "y" : 17.444271,
      "z" : 11.899187
    }
  }, {
    "shape" : "f0b971df-d7e4-4461-b466-c4444b186f56",
    "color" : "#750032",
    "position" : {
      "x" : -5.545085,
      "y" : 8.972136,
      "z" : -14.5172205
    },
    "orientation" : 7
  }, {
    "shape" : "31e79bae-0166-4f3c-82e5-4a00815aebd4",
    "color" : "#007695",
    "position" : {
      "x" : -11.09017,
      "y" : 0.0,
      "z" : -17.944271
    },
    "orientation" : 9
  }, {
    "shape" : "f0b971df-d7e4-4461-b466-c4444b186f56",
    "color" : "#750032",
    "position" : {
      "x" : -5.545085,
      "y" : 8.972136,
      "z" : 14.5172205
    },
    "orientation" : 33
  }, {
    "shape" : "6b04e29d-b821-48e6-b0e4-2bb60550cab4",
    "color" : "#FFFFFF",
    "position" : {
      "x" : 17.135256,
      "y" : 12.399187,
      "z" : 0.5
    }
  }, {
    "shape" : "9eb33678-294b-43e2-9f74-8319d548b284",
    "color" : "#DC4C00",
    "position" : {
      "x" : 17.444271,
      "y" : 11.899187,
      "z" : -1.309017
    },
    "orientation" : 21
  }, {
    "shape" : "f0b971df-d7e4-4461-b466-c4444b186f56",
    "color" : "#750032",
    "position" : {
      "x" : 5.545085,
      "y" : 8.972136,
      "z" : 14.5172205
    },
    "orientation" : 43
  }, {
    "shape" : "31e79bae-0166-4f3c-82e5-4a00815aebd4",
    "color" : "#007695",
    "position" : {
      "x" : 17.944271,
      "y" : 11.09017,
      "z" : 0.0
    },
    "orientation" : 40
  }, {
    "shape" : "6b04e29d-b821-48e6-b0e4-2bb60550cab4",
    "color" : "#FFFFFF",
    "position" : {
      "x" : -11.09017,
      "y" : 1.618034,
      "z" : -17.944271
    }
  }, {
    "shape" : "f0b971df-d7e4-4461-b466-c4444b186f56",
    "color" : "#750032",
    "position" : {
      "x" : 5.545085,
      "y" : -8.972136,
      "z" : -14.5172205
    },
    "orientation" : 58
  }, {
    "shape" : "9eb33678-294b-43e2-9f74-8319d548b284",
    "color" : "#DC4C00",
    "position" : {
      "x" : -18.444271,
      "y" : 10.281153,
      "z" : 1.309017
    },
    "orientation" : 47
  }, {
    "shape" : "9eb33678-294b-43e2-9f74-8319d548b284",
    "color" : "#DC4C00",
    "position" : {
      "x" : -10.281153,
      "y" : 1.309017,
      "z" : 18.444271
    },
    "orientation" : 31
  }, {
    "shape" : "9eb33678-294b-43e2-9f74-8319d548b284",
    "color" : "#DC4C00",
    "position" : {
      "x" : -11.899187,
      "y" : 1.309017,
      "z" : 17.444271
    },
    "orientation" : 8
  }, {
    "shape" : "f7067ad8-d0be-44bc-82a6-1f97e1ee2768",
    "color" : "#FFFFFF",
    "position" : {
      "x" : -18.753288,
      "y" : 9.781153,
      "z" : -0.5
    },
    "orientation" : 56
  }, {
    "shape" : "f0b971df-d7e4-4461-b466-c4444b186f56",
    "color" : "#750032",
    "position" : {
      "x" : 8.972136,
      "y" : -14.5172205,
      "z" : -5.545085
    },
    "orientation" : 6
  }, {
    "shape" : "f0b971df-d7e4-4461-b466-c4444b186f56",
    "color" : "#750032",
    "position" : {
      "x" : -5.545085,
      "y" : 8.972136,
      "z" : 14.5172205
    },
    "orientation" : 0
  }, {
    "shape" : "6b04e29d-b821-48e6-b0e4-2bb60550cab4",
    "color" : "#FFFFFF",
    "position" : {
      "x" : -11.09017,
      "y" : 0.0,
      "z" : 17.944271
    }
  }, {
    "shape" : "f0b971df-d7e4-4461-b466-c4444b186f56",
    "color" : "#750032",
    "position" : {
      "x" : 0.0,
      "y" : -17.944271,
      "z" : 0.0
    },
    "orientation" : 56
  }, {
    "shape" : "31e79bae-0166-4f3c-82e5-4a00815aebd4",
    "color" : "#007695",
    "position" : {
      "x" : -17.944271,
      "y" : -11.09017,
      "z" : 0.0
    },
    "orientation" : 1
  }, {
    "shape" : "f7067ad8-d0be-44bc-82a6-1f97e1ee2768",
    "color" : "#FFFFFF",
    "position" : {
      "x" : -1.309017,
      "y" : -17.444271,
      "z" : -11.899187
    },
    "orientation" : 36
  }, {
    "shape" : "31e79bae-0166-4f3c-82e5-4a00815aebd4",
    "color" : "#007695",
    "position" : {
      "x" : 0.0,
      "y" : 17.944271,
      "z" : -11.09017
    },
    "orientation" : 24
  }, {
    "shape" : "f7067ad8-d0be-44bc-82a6-1f97e1ee2768",
    "color" : "#FFFFFF",
    "position" : {
      "x" : -11.09017,
      "y" : 1.618034,
      "z" : -17.944271
    },
    "orientation" : 57
  }, {
    "shape" : "31e79bae-0166-4f3c-82e5-4a00815aebd4",
    "color" : "#007695",
    "position" : {
      "x" : 11.09017,
      "y" : 0.0,
      "z" : -17.944271
    },
    "orientation" : 51
  }, {
    "shape" : "9eb33678-294b-43e2-9f74-8319d548b284",
    "color" : "#DC4C00",
    "position" : {
      "x" : -0.5,
      "y" : -17.135256,
      "z" : 12.399187
    },
    "orientation" : 27
  }, {
    "shape" : "9eb33678-294b-43e2-9f74-8319d548b284",
    "color" : "#DC4C00",
    "position" : {
      "x" : 18.753288,
      "y" : 9.781153,
      "z" : 0.5
    },
    "orientation" : 4
  }, {
    "shape" : "6b04e29d-b821-48e6-b0e4-2bb60550cab4",
    "color" : "#FFFFFF",
    "position" : {
      "x" : -0.5,
      "y" : -18.753288,
      "z" : 9.781153
    }
  }, {
