{
  "polygons" : "true",
  "field" : "golden",
  "symmetry" : "icosahedral",
  "orientations" : [ [ 1.0, 0.0, 0.0, 0.0, 0.0, 1.0, 0.0, 0.0, 0.0, 0.0, 1.0, 0.0, 0.0, 0.0, 0.0, 1.0 ], [ 0.0, 0.0, 1.0, 0.0, 1.0, 0.0, 0.0, 0.0, 0.0, 1.0, 0.0, 0.0, 0.0, 0.0, 0.0, 1.0 ], [ 0.0, 1.0, 0.0, 0.0, 0.0, 0.0, 1.0, 0.0, 1.0, 0.0, 0.0, 0.0, 0.0, 0.0, 0.0, 1.0 ], [ 0.809017, 0.309017, 0.5, 0.0, 0.309017, 0.5, -0.809017, 0.0, -0.5, 0.809017, 0.309017, 0.0, 0.0, 0.0, 0.0, 1.0 ], [ -0.5, 0.809017, 0.309017, 0.0, 0.809017, 0.309017, 0.5, 0.0, 0.309017, 0.5, -0.809017, 0.0, 0.0, 0.0, 0.0, 1.0 ], [ 0.309017, 0.5, -0.809017, 0.0, -0.5, 0.809017, 0.309017, 0.0, 0.809017, 0.309017, 0.5, 0.0, 0.0, 0.0, 0.0, 1.0 ], [ 0.5, 0.809017, 0.309017, 0.0, 0.809017, -0.309017, -0.5, 0.0, -0.309017, 0.5, -0.809017, 0.0, 0.0, 0.0, 0.0, 1.0 ], [ -0.309017, 0.5, -0.809017, 0.0, 0.5, 0.809017, 0.309017, 0.0, 0.809017, -0.309017, -0.5, 0.0, 0.0, 0.0, 0.0, 1.0 ], [ 0.809017, -0.309017, -0.5, 0.0, -0.309017, 0.5, -0.809017, 0.0, 0.5, 0.809017, 0.309017, 0.0, 0.0, 0.0, 0.0, 1.0 ], [ 0.5, 0.809017, -0.309017, 0.0, 0.809017, -0.309017, 0.5, 0.0, 0.309017, -0.5, -0.809017, 0.0, 0.0, 0.0, 0.0, 1.0 ], [ 0.309017, -0.5, -0.809017, 0.0, 0.5, 0.809017, -0.309017, 0.0, 0.809017, -0.309017, 0.5, 0.0, 0.0, 0.0, 0.0, 1.0 ], [ 0.809017, -0.309017, 0.5, 0.0, 0.309017, -0.5, -0.809017, 0.0, 0.5, 0.809017, -0.309017, 0.0, 0.0, 0.0, 0.0, 1.0 ], [ 0.809017, 0.309017, -0.5, 0.0, 0.309017, 0.5, 0.809017, 0.0, 0.5, -0.809017, 0.309017, 0.0, 0.0, 0.0, 0.0, 1.0 ], [ 0.5, -0.809017, 0.309017, 0.0, 0.809017, 0.309017, -0.5, 0.0, 0.309017, 0.5, 0.809017, 0.0, 0.0, 0.0, 0.0, 1.0 ], [ 0.309017, 0.5, 0.809017, 0.0, 0.5, -0.809017, 0.309017, 0.0, 0.809017, 0.309017, -0.5, 0.0, 0.0, 0.0, 0.0, 1.0 ], [ 1.0, 0.0, 0.0, 0.0, 0.0, -1.0, 0.0, 0.0, 0.0, 0.0, -1.0, 0.0, 0.0, 0.0, 0.0, 1.0 ], [ 0.0, 0.0, 1.0, 0.0, -1.0, 0.0, 0.0, 0.0, 0.0, -1.0, 0.0, 0.0, 0.0, 0.0, 0.0, 1.0 ], [ 0.0, 1.0, 0.0, 0.0, 0.0, 0.0, -1.0, 0.0, -1.0, 0.0, 0.0, 0.0, 0.0, 0.0, 0.0, 1.0 ], [ 0.809017, 0.309017, 0.5, 0.0, -0.309017, -0.5, 0.809017, 0.0, 0.5, -0.809017, -0.309017, 0.0, 0.0, 0.0, 0.0, 1.0 ], [ -0.5, 0.809017, 0.309017, 0.0, -0.809017, -0.309017, -0.5, 0.0, -0.309017, -0.5, 0.809017, 0.0, 0.0, 0.0, 0.0, 1.0 ], [ 0.309017, 0.5, -0.809017, 0.0, 0.5, -0.809017, -0.309017, 0.0, -0.809017, -0.309017, -0.5, 0.0, 0.0, 0.0, 0.0, 1.0 ], [ 0.5, 0.809017, 0.309017, 0.0, -0.809017, 0.309017, 0.5, 0.0, 0.309017, -0.5, 0.809017, 0.0, 0.0, 0.0, 0.0, 1.0 ], [ -0.309017, 0.5, -0.809017, 0.0, -0.5, -0.809017, -0.309017, 0.0, -0.809017, 0.309017, 0.5, 0.0, 0.0, 0.0, 0.0, 1.0 ], [ 0.809017, -0.309017, -0.5, 0.0, 0.309017, -0.5, 0.809017, 0.0, -0.5, -0.809017, -0.309017, 0.0, 0.0, 0.0, 0.0, 1.0 ], [ 0.5, 0.809017, -0.309017, 0.0, -0.809017, 0.309017, -0.5, 0.0, -0.309017, 0.5, 0.809017, 0.0, 0.0, 0.0, 0.0, 1.0 ], [ 0.309017, -0.5, -0.809017, 0.0, -0.5, -0.809017, 0.309017, 0.0, -0.809017, 0.309017, -0.5, 0.0, 0.0, 0.0, 0.0, 1.0 ], [ 0.809017, -0.309017, 0.5, 0.0, -0.309017, 0.5, 0.809017, 0.0, -0.5, -0.809017, 0.309017, 0.0, 0.0, 0.0, 0.0, 1.0 ], [ 0.809017, 0.309017, -0.5, 0.0, -0.309017, -0.5, -0.809017, 0.0, -0.5, 0.809017, -0.309017, 0.0, 0.0, 0.0, 0.0, 1.0 ], [ 0.5, -0.809017, 0.309017, 0.0, -0.809017, -0.309017, 0.5, 0.0, -0.309017, -0.5, -0.809017, 0.0, 0.0, 0.0, 0.0, 1.0 ], [ 0.309017, 0.5, 0.809017, 0.0, -0.5, 0.809017, -0.309017, 0.0, -0.809017, -0.309017, 0.5, 0.0, 0.0, 0.0, 0.0, 1.0 ], [ -1.0, 0.0, 0.0, 0.0, 0.0, -1.0, 0.0, 0.0, 0.0, 0.0, 1.0, 0.0, 0.0, 0.0, 0.0, 1.0 ], [ 0.0, 0.0, -1.0, 0.0, -1.0, 0.0, 0.0, 0.0, 0.0, 1.0, 0.0, 0.0, 0.0, 0.0, 0.0, 1.0 ], [ 0.0, -1.0, 0.0, 0.0, 0.0, 0.0, -1.0, 0.0, 1.0, 0.0, 0.0, 0.0, 0.0, 0.0, 0.0, 1.0 ], [ -0.809017, -0.309017, -0.5, 0.0, -0.309017, -0.5, 0.809017, 0.0, -0.5, 0.809017, 0.309017, 0.0, 0.0, 0.0, 0.0, 1.0 ], [ 0.5, -0.809017, -0.309017, 0.0, -0.809017, -0.309017, -0.5, 0.0, 0.309017, 0.5, -0.809017, 0.0, 0.0, 0.0, 0.0, 1.0 ], [ -0.309017, -0.5, 0.809017, 0.0, 0.5, -0.809017, -0.309017, 0.0, 0.809017, 0.309017, 0.5, 0.0, 0.0, 0.0, 0.0, 1.0 ], [ -0.5, -0.809017, -0.309017, 0.0, -0.809017, 0.309017, 0.5, 0.0, -0.309017, 0.5, -0.809017, 0.0, 0.0, 0.0, 0.0, 1.0 ], [ 0.309017, -0.5, 0.809017, 0.0, -0.5, -0.809017, -0.309017, 0.0, 0.809017, -0.309017, -0.5, 0.0, 0.0, 0.0, 0.0, 1.0 ], [ -0.809017, 0.309017, 0.5, 0.0, 0.309017, -0.5, 0.809017, 0.0, 0.5, 0.809017, 0.309017, 0.0, 0.0, 0.0, 0.0, 1.0 ], [ -0.5, -0.809017, 0.309017, 0.0, -0.809017, 0.309017, -0.5, 0.0, 0.309017, -0.5, -0.809017, 0.0, 0.0, 0.0, 0.0, 1.0 ], [ -0.309017, 0.5, 0.809017, 0.0, -0.5, -0.809017, 0.309017, 0.0, 0.809017, -0.309017, 0.5, 0.0, 0.0, 0.0, 0.0, 1.0 ], [ -0.809017, 0.309017, -0.5, 0.0, -0.309017, 0.5, 0.809017, 0.0, 0.5, 0.809017, -0.309017, 0.0, 0.0, 0.0, 0.0, 1.0 ], [ -0.809017, -0.309017, 0.5, 0.0, -0.309017, -0.5, -0.809017, 0.0, 0.5, -0.809017, 0.309017, 0.0, 0.0, 0.0, 0.0, 1.0 ], [ -0.5, 0.809017, -0.309017, 0.0, -0.809017, -0.309017, 0.5, 0.0, 0.309017, 0.5, 0.809017, 0.0, 0.0, 0.0, 0.0, 1.0 ], [ -0.309017, -0.5, -0.809017, 0.0, -0.5, 0.809017, -0.309017, 0.0, 0.809017, 0.309017, -0.5, 0.0, 0.0, 0.0, 0.0, 1.0 ], [ -1.0, 0.0, 0.0, 0.0, 0.0, 1.0, 0.0, 0.0, 0.0, 0.0, -1.0, 0.0, 0.0, 0.0, 0.0, 1.0 ], [ 0.0, 0.0, -1.0, 0.0, 1.0, 0.0, 0.0, 0.0, 0.0, -1.0, 0.0, 0.0, 0.0, 0.0, 0.0, 1.0 ], [ 0.0, -1.0, 0.0, 0.0, 0.0, 0.0, 1.0, 0.0, -1.0, 0.0, 0.0, 0.0, 0.0, 0.0, 0.0, 1.0 ], [ -0.809017, -0.309017, -0.5, 0.0, 0.309017, 0.5, -0.809017, 0.0, 0.5, -0.809017, -0.309017, 0.0, 0.0, 0.0, 0.0, 1.0 ], [ 0.5, -0.809017, -0.309017, 0.0, 0.809017, 0.309017, 0.5, 0.0, -0.309017, -0.5, 0.809017, 0.0, 0.0, 0.0, 0.0, 1.0 ], [ -0.309017, -0.5, 0.809017, 0.0, -0.5, 0.809017, 0.309017, 0.0, -0.809017, -0.309017, -0.5, 0.0, 0.0, 0.0, 0.0, 1.0 ], [ -0.5, -0.809017, -0.309017, 0.0, 0.809017, -0.309017, -0.5, 0.0, 0.309017, -0.5, 0.809017, 0.0, 0.0, 0.0, 0.0, 1.0 ], [ 0.309017, -0.5, 0.809017, 0.0, 0.5, 0.809017, 0.309017, 0.0, -0.809017, 0.309017, 0.5, 0.0, 0.0, 0.0, 0.0, 1.0 ], [ -0.809017, 0.309017, 0.5, 0.0, -0.309017, 0.5, -0.809017, 0.0, -0.5, -0.809017, -0.309017, 0.0, 0.0, 0.0, 0.0, 1.0 ], [ -0.5, -0.809017, 0.309017, 0.0, 0.809017, -0.309017, 0.5, 0.0, -0.309017, 0.5, 0.809017, 0.0, 0.0, 0.0, 0.0, 1.0 ], [ -0.309017, 0.5, 0.809017, 0.0, 0.5, 0.809017, -0.309017, 0.0, -0.809017, 0.309017, -0.5, 0.0, 0.0, 0.0, 0.0, 1.0 ], [ -0.809017, 0.309017, -0.5, 0.0, 0.309017, -0.5, -0.809017, 0.0, -0.5, -0.809017, 0.309017, 0.0, 0.0, 0.0, 0.0, 1.0 ], [ -0.809017, -0.309017, 0.5, 0.0, 0.309017, 0.5, 0.809017, 0.0, -0.5, 0.809017, -0.309017, 0.0, 0.0, 0.0, 0.0, 1.0 ], [ -0.5, 0.809017, -0.309017, 0.0, 0.809017, 0.309017, -0.5, 0.0, -0.309017, -0.5, -0.809017, 0.0, 0.0, 0.0, 0.0, 1.0 ], [ -0.309017, -0.5, -0.809017, 0.0, 0.5, -0.809017, 0.309017, 0.0, -0.809017, -0.309017, 0.5, 0.0, 0.0, 0.0, 0.0, 1.0 ] ],
  "lights" : {
    "backgroundColor" : "#FFFFFF",
    "ambientColor" : "#292929",
    "directionalLights" : [ {
      "direction" : [ 1.0, -1.0, -1.0 ],
      "color" : "#EBEBE4"
    }, {
      "direction" : [ -1.0, 0.0, 0.0 ],
      "color" : "#E4E4EB"
    }, {
      "direction" : [ 0.0, 0.0, -1.0 ],
      "color" : "#1E1E1E"
    } ]
  },
  "camera" : {
    "perspective" : false,
    "fieldOfView" : 0.44262907,
    "lookAtPoint" : {
      "x" : 0.0,
      "y" : 0.0,
      "z" : 0.0
    },
    "upDirection" : {
      "x" : 0.0,
      "y" : 1.0,
      "z" : 0.0
    },
    "stereo" : false,
    "width" : 45.167248,
    "lookDirection" : {
      "x" : 0.0,
      "y" : 0.0,
      "z" : -1.0
    },
    "farClipDistance" : 200.74371,
    "nearClipDistance" : 0.25092918,
    "viewDistance" : 100.37162,
    "lookAtPointRV" : {
      "x" : 0.0,
      "y" : 0.0,
      "z" : 0.0,
      "zero" : true
    },
    "lookDirectionRV" : {
      "x" : 0.0,
      "y" : 0.0,
      "z" : -1.0,
      "zero" : false
    },
    "upDirectionRV" : {
      "x" : 0.0,
      "y" : 1.0,
      "z" : 0.0,
      "zero" : false
    },
    "position" : {
      "x" : 0.0,
      "y" : 0.0,
      "z" : 100.37162
    }
  },
  "embedding" : [ 1.0, 0.0, 0.0, 0.0, 0.0, 1.0, 0.0, 0.0, 0.0, 0.0, 1.0, 0.0, 0.0, 0.0, 0.0, 1.0 ],
  "shapes" : [ {
    "id" : "64a39164-82a7-434f-bc1b-6f4bec566304",
    "name" : "ball",
    "vertices" : [ {
      "x" : 0.309017,
      "y" : -0.309017,
      "z" : -0.309017
    }, {
      "x" : 0.5,
      "y" : 0.0,
      "z" : -0.19098301
    }, {
      "x" : 0.5,
      "y" : 0.0,
      "z" : 0.19098301
    }, {
      "x" : 0.309017,
      "y" : -0.309017,
      "z" : 0.309017
    }, {
      "x" : 0.19098301,
      "y" : -0.5,
      "z" : 0.0
    }, {
      "x" : 0.0,
      "y" : 0.19098301,
      "z" : 0.5
    }, {
      "x" : 0.0,
      "y" : -0.19098301,
      "z" : 0.5
    }, {
      "x" : 0.309017,
      "y" : 0.309017,
      "z" : 0.309017
    }, {
      "x" : -0.309017,
      "y" : -0.309017,
      "z" : 0.309017
    }, {
      "x" : -0.309017,
      "y" : 0.309017,
      "z" : 0.309017
    }, {
      "x" : -0.5,
      "y" : 0.0,
      "z" : 0.19098301
    }, {
      "x" : 0.0,
      "y" : -0.19098301,
      "z" : -0.5
    }, {
      "x" : 0.0,
      "y" : 0.19098301,
      "z" : -0.5
    }, {
      "x" : 0.309017,
      "y" : 0.309017,
      "z" : -0.309017
    }, {
      "x" : -0.309017,
      "y" : -0.309017,
      "z" : -0.309017
    }, {
      "x" : -0.19098301,
      "y" : -0.5,
      "z" : 0.0
    }, {
      "x" : -0.5,
      "y" : 0.0,
      "z" : -0.19098301
    }, {
      "x" : 0.19098301,
      "y" : 0.5,
      "z" : 0.0
    }, {
      "x" : -0.309017,
      "y" : 0.309017,
      "z" : -0.309017
    }, {
      "x" : 0.0,
      "y" : 0.0,
      "z" : 0.0
    }, {
      "x" : -0.19098301,
      "y" : 0.5,
      "z" : 0.0
    } ],
    "faces" : [ {
      "vertices" : [ 12, 18, 20, 17, 13 ]
    }, {
      "vertices" : [ 3, 6, 8, 15, 4 ]
    }, {
      "vertices" : [ 0, 11, 12, 13, 1 ]
    }, {
      "vertices" : [ 5, 9, 10, 8, 6 ]
    }, {
      "vertices" : [ 2, 7, 5, 6, 3 ]
    }, {
      "vertices" : [ 11, 14, 16, 18, 12 ]
    }, {
      "vertices" : [ 1, 13, 17, 7, 2 ]
    }, {
      "vertices" : [ 9, 20, 18, 16, 10 ]
    }, {
      "vertices" : [ 0, 1, 2, 3, 4 ]
    }, {
      "vertices" : [ 5, 7, 17, 20, 9 ]
    }, {
      "vertices" : [ 0, 4, 15, 14, 11 ]
    }, {
      "vertices" : [ 8, 10, 16, 14, 15 ]
    } ]
  }, {
    "id" : "fb2412cf-0af7-4302-9ff7-e58f3b7d191d",
    "orbit" : "blue",
    "orbitC" : "[[0,0,1],[0,0,1]]",
    "length" : "[\"0\",\"1\",\"4\"]",
    "name" : " :1/4*phi",
    "vertices" : [ {
      "x" : 1.0,
      "y" : 0.309017,
      "z" : 0.19098301
    }, {
      "x" : 1.0,
      "y" : -0.309017,
      "z" : 0.19098301
    }, {
      "x" : 2.427051,
      "y" : -0.309017,
      "z" : 0.19098301
    }, {
      "x" : 2.427051,
      "y" : 0.309017,
      "z" : 0.19098301
    }, {
      "x" : 2.427051,
      "y" : -0.309017,
      "z" : -0.19098301
    }, {
      "x" : 2.427051,
      "y" : 0.309017,
      "z" : -0.19098301
    }, {
      "x" : 3.045085,
      "y" : 0.0,
      "z" : 0.0
    }, {
      "x" : 0.38196602,
      "y" : 0.0,
      "z" : 0.0
    }, {
      "x" : 1.0,
      "y" : 0.309017,
      "z" : -0.19098301
    }, {
      "x" : 1.0,
      "y" : -0.309017,
      "z" : -0.19098301
    }, {
      "x" : 3.427051,
      "y" : 0.0,
      "z" : 0.0
    } ],
    "faces" : [ {
      "vertices" : [ 1, 9, 4, 2 ]
    }, {
      "vertices" : [ 0, 3, 5, 8 ]
    }, {
      "vertices" : [ 1, 7, 9 ]
    }, {
      "vertices" : [ 0, 1, 2, 3 ]
    }, {
      "vertices" : [ 7, 8, 9 ]
    }, {
      "vertices" : [ 0, 7, 1 ]
    }, {
      "vertices" : [ 4, 9, 8, 5 ]
    }, {
      "vertices" : [ 2, 6, 3 ]
    }, {
      "vertices" : [ 2, 4, 6 ]
    }, {
      "vertices" : [ 3, 6, 5 ]
    }, {
      "vertices" : [ 4, 5, 6 ]
    }, {
      "vertices" : [ 0, 8, 7 ]
    } ]
  }, {
    "id" : "9431e0fc-14b4-4b0f-bf17-f246740c57d3",
    "vertices" : [ {
      "x" : 0.0,
      "y" : 0.0,
      "z" : 0.0
    }, {
      "x" : 0.0,
      "y" : -3.427051,
      "z" : 3.427051
    }, {
      "x" : 0.0,
      "y" : -6.854102,
      "z" : 0.0
    }, {
      "x" : 0.0,
      "y" : -3.427051,
      "z" : -3.427051
    } ],
    "faces" : [ {
      "vertices" : [ 0, 1, 2, 3 ]
    }, {
      "vertices" : [ 0, 3, 2, 1 ]
    } ]
  }, {
    "id" : "ef597835-9340-4b47-9a44-50bb04b0df87",
    "vertices" : [ {
      "x" : 0.0,
      "y" : 0.0,
      "z" : 0.0
    }, {
      "x" : 0.0,
      "y" : 3.427051,
      "z" : -3.427051
    }, {
      "x" : 0.0,
      "y" : 6.854102,
      "z" : 0.0
    }, {
      "x" : 0.0,
      "y" : 3.427051,
      "z" : 3.427051
    } ],
    "faces" : [ {
      "vertices" : [ 0, 1, 2, 3 ]
    }, {
      "vertices" : [ 0, 3, 2, 1 ]
    } ]
  }, {
    "id" : "9ba03c02-475d-4d0b-bd1d-3424f8776aaa",
    "orbit" : "blue",
    "orbitC" : "[[0,0,1],[0,0,1]]",
    "length" : "[\"1\",\"0\",\"1\"]",
    "name" : "b1",
    "vertices" : [ {
      "x" : 1.0,
      "y" : 0.309017,
      "z" : 0.19098301
    }, {
      "x" : 1.0,
      "y" : -0.309017,
      "z" : 0.19098301
    }, {
      "x" : 7.472136,
      "y" : -0.309017,
      "z" : 0.19098301
    }, {
      "x" : 7.472136,
      "y" : 0.309017,
      "z" : 0.19098301
    }, {
      "x" : 7.472136,
      "y" : -0.309017,
      "z" : -0.19098301
    }, {
      "x" : 7.472136,
      "y" : 0.309017,
      "z" : -0.19098301
    }, {
      "x" : 8.09017,
      "y" : 0.0,
      "z" : 0.0
    }, {
      "x" : 0.38196602,
      "y" : 0.0,
      "z" : 0.0
    }, {
      "x" : 1.0,
      "y" : 0.309017,
      "z" : -0.19098301
    }, {
      "x" : 1.0,
      "y" : -0.309017,
      "z" : -0.19098301
    }, {
      "x" : 8.472136,
      "y" : 0.0,
      "z" : 0.0
    } ],
    "faces" : [ {
      "vertices" : [ 1, 9, 4, 2 ]
    }, {
      "vertices" : [ 0, 3, 5, 8 ]
    }, {
      "vertices" : [ 1, 7, 9 ]
    }, {
      "vertices" : [ 0, 1, 2, 3 ]
    }, {
      "vertices" : [ 7, 8, 9 ]
    }, {
      "vertices" : [ 0, 7, 1 ]
    }, {
      "vertices" : [ 4, 9, 8, 5 ]
    }, {
      "vertices" : [ 2, 6, 3 ]
    }, {
      "vertices" : [ 2, 4, 6 ]
    }, {
      "vertices" : [ 3, 6, 5 ]
    }, {
      "vertices" : [ 4, 5, 6 ]
    }, {
      "vertices" : [ 0, 8, 7 ]
    } ]
  }, {
    "id" : "3df50175-855c-4f09-a884-2bb6ef6ae8f4",
    "vertices" : [ {
      "x" : 0.0,
      "y" : 0.0,
      "z" : 0.0
    }, {
      "x" : 0.0,
      "y" : 4.236068,
      "z" : -2.618034
    }, {
      "x" : 0.0,
      "y" : 8.472136,
      "z" : 0.0
    }, {
      "x" : 0.0,
      "y" : 4.236068,
      "z" : 2.618034
    } ],
    "faces" : [ {
      "vertices" : [ 0, 1, 2, 3 ]
    }, {
      "vertices" : [ 0, 3, 2, 1 ]
    } ]
  }, {
    "id" : "70c643fe-0968-430e-8440-f096bcfc8e1a",
    "orbit" : "blue",
    "orbitC" : "[[0,0,1],[0,0,1]]",
    "length" : "[\"-1\",\"1\",\"1\"]",
    "name" : "b0",
    "vertices" : [ {
      "x" : 1.0,
      "y" : 0.309017,
      "z" : 0.19098301
    }, {
      "x" : 1.0,
      "y" : -0.309017,
      "z" : 0.19098301
    }, {
      "x" : 4.236068,
      "y" : -0.309017,
      "z" : 0.19098301
    }, {
      "x" : 4.236068,
      "y" : 0.309017,
      "z" : 0.19098301
    }, {
      "x" : 4.236068,
      "y" : -0.309017,
      "z" : -0.19098301
    }, {
      "x" : 4.236068,
      "y" : 0.309017,
      "z" : -0.19098301
    }, {
      "x" : 4.854102,
      "y" : 0.0,
      "z" : 0.0
    }, {
      "x" : 0.38196602,
      "y" : 0.0,
      "z" : 0.0
    }, {
      "x" : 1.0,
      "y" : 0.309017,
      "z" : -0.19098301
    }, {
      "x" : 1.0,
      "y" : -0.309017,
      "z" : -0.19098301
    }, {
      "x" : 5.236068,
      "y" : 0.0,
      "z" : 0.0
    } ],
    "faces" : [ {
      "vertices" : [ 1, 9, 4, 2 ]
    }, {
      "vertices" : [ 0, 3, 5, 8 ]
    }, {
      "vertices" : [ 1, 7, 9 ]
    }, {
      "vertices" : [ 0, 1, 2, 3 ]
    }, {
      "vertices" : [ 7, 8, 9 ]
    }, {
      "vertices" : [ 0, 7, 1 ]
    }, {
      "vertices" : [ 4, 9, 8, 5 ]
    }, {
      "vertices" : [ 2, 6, 3 ]
    }, {
      "vertices" : [ 2, 4, 6 ]
    }, {
      "vertices" : [ 3, 6, 5 ]
    }, {
      "vertices" : [ 4, 5, 6 ]
    }, {
      "vertices" : [ 0, 8, 7 ]
    } ]
  }, {
    "id" : "5d8da820-cf10-408a-9c21-2739c788f861",
    "vertices" : [ {
      "x" : 0.0,
      "y" : 0.0,
      "z" : 0.0
    }, {
      "x" : 0.0,
      "y" : -4.236068,
      "z" : 2.618034
    }, {
      "x" : 0.0,
      "y" : -8.472136,
      "z" : 0.0
    }, {
      "x" : 0.0,
      "y" : -4.236068,
      "z" : -2.618034
    } ],
    "faces" : [ {
      "vertices" : [ 0, 1, 2, 3 ]
    }, {
      "vertices" : [ 0, 3, 2, 1 ]
    } ]
  } ],
  "instances" : [ {
    "shape" : "64a39164-82a7-434f-bc1b-6f4bec566304",
    "color" : "#F2F2F2",
    "position" : {
      "x" : 0.0,
      "y" : -6.854102,
      "z" : -3.427051
    }
  }, {
    "shape" : "fb2412cf-0af7-4302-9ff7-e58f3b7d191d",
    "color" : "#008EC2",
    "position" : {
      "x" : 0.0,
      "y" : -6.854102,
      "z" : -10.281153
    },
    "orientation" : 2
  }, {
    "shape" : "64a39164-82a7-434f-bc1b-6f4bec566304",
    "color" : "#F2F2F2",
    "position" : {
      "x" : 0.0,
      "y" : -3.427051,
      "z" : 6.854102
    }
  }, {
    "shape" : "fb2412cf-0af7-4302-9ff7-e58f3b7d191d",
    "color" : "#008EC2",
    "position" : {
      "x" : 3.427051,
      "y" : 6.854102,
      "z" : 0.0
    },
    "orientation" : 45
  }, {
    "shape" : "64a39164-82a7-434f-bc1b-6f4bec566304",
    "color" : "#F2F2F2",
    "position" : {
      "x" : 0.0,
      "y" : -6.854102,
      "z" : 0.0
    }
  }, {
    "shape" : "fb2412cf-0af7-4302-9ff7-e58f3b7d191d",
    "color" : "#008EC2",
    "position" : {
      "x" : 0.0,
      "y" : 6.854102,
      "z" : 0.0
    },
    "orientation" : 2
  }, {
    "shape" : "fb2412cf-0af7-4302-9ff7-e58f3b7d191d",
    "color" : "#008EC2",
    "position" : {
      "x" : 6.854102,
      "y" : 0.0,
      "z" : 6.854102
    },
    "orientation" : 47
  }, {
    "shape" : "64a39164-82a7-434f-bc1b-6f4bec566304",
    "color" : "#F2F2F2",
    "position" : {
      "x" : 0.0,
      "y" : 6.854102,
      "z" : 0.0
    }
  }, {
    "shape" : "9431e0fc-14b4-4b0f-bf17-f246740c57d3",
    "color" : "#99CCFF",
    "position" : {
      "x" : 6.854102,
      "y" : 0.0,
      "z" : 3.427051
    },
    "orientation" : 16
  }, {
    "shape" : "fb2412cf-0af7-4302-9ff7-e58f3b7d191d",
    "color" : "#008EC2",
    "position" : {
      "x" : -6.854102,
      "y" : -3.427051,
      "z" : 0.0
    },
    "orientation" : 16
  }, {
    "shape" : "64a39164-82a7-434f-bc1b-6f4bec566304",
    "color" : "#F2F2F2",
    "position" : {
      "x" : 3.427051,
      "y" : -6.854102,
      "z" : 0.0
    }
  }, {
    "shape" : "fb2412cf-0af7-4302-9ff7-e58f3b7d191d",
    "color" : "#008EC2",
    "position" : {
      "x" : 6.854102,
      "y" : 0.0,
      "z" : -6.854102
    },
    "orientation" : 2
  }, {
    "shape" : "fb2412cf-0af7-4302-9ff7-e58f3b7d191d",
    "color" : "#008EC2",
    "position" : {
      "x" : 3.427051,
      "y" : -6.854102,
      "z" : 0.0
    },
    "orientation" : 45
  }, {
    "shape" : "fb2412cf-0af7-4302-9ff7-e58f3b7d191d",
    "color" : "#008EC2",
    "position" : {
      "x" : -6.854102,
      "y" : 0.0,
      "z" : -6.854102
    },
    "orientation" : 47
  }, {
    "shape" : "64a39164-82a7-434f-bc1b-6f4bec566304",
    "color" : "#F2F2F2",
    "position" : {
      "x" : 3.427051,
      "y" : 0.0,
      "z" : 6.854102
    }
  }, {
    "shape" : "fb2412cf-0af7-4302-9ff7-e58f3b7d191d",
    "color" : "#008EC2",
    "position" : {
      "x" : 10.281153,
      "y" : 0.0,
      "z" : 6.854102
    },
    "orientation" : 45
  }, {
    "shape" : "64a39164-82a7-434f-bc1b-6f4bec566304",
    "color" : "#F2F2F2",
    "position" : {
      "x" : 3.427051,
      "y" : 0.0,
      "z" : -6.854102
    }
  }, {
    "shape" : "fb2412cf-0af7-4302-9ff7-e58f3b7d191d",
    "color" : "#008EC2",
    "position" : {
      "x" : 0.0,
      "y" : 6.854102,
      "z" : -10.281153
    },
    "orientation" : 2
  }, {
    "shape" : "fb2412cf-0af7-4302-9ff7-e58f3b7d191d",
    "color" : "#008EC2",
    "position" : {
      "x" : -6.854102,
      "y" : 6.854102,
      "z" : 0.0
    },
    "orientation" : 0
  }, {
    "shape" : "64a39164-82a7-434f-bc1b-6f4bec566304",
    "color" : "#F2F2F2",
    "position" : {
      "x" : 6.854102,
      "y" : 0.0,
      "z" : 6.854102
    }
  }, {
    "shape" : "64a39164-82a7-434f-bc1b-6f4bec566304",
    "color" : "#F2F2F2",
    "position" : {
      "x" : 6.854102,
      "y" : 0.0,
      "z" : 10.281153
    }
  }, {
    "shape" : "64a39164-82a7-434f-bc1b-6f4bec566304",
    "color" : "#F2F2F2",
    "position" : {
      "x" : -6.854102,
      "y" : -3.427051,
      "z" : 0.0
    }
  }, {
    "shape" : "ef597835-9340-4b47-9a44-50bb04b0df87",
    "color" : "#99CCFF",
    "position" : {
      "x" : 0.0,
      "y" : 3.427051,
      "z" : 6.854102
    },
    "orientation" : 45
  }, {
    "shape" : "fb2412cf-0af7-4302-9ff7-e58f3b7d191d",
    "color" : "#008EC2",
    "position" : {
      "x" : 0.0,
      "y" : 6.854102,
      "z" : -6.854102
    },
    "orientation" : 16
  }, {
    "shape" : "fb2412cf-0af7-4302-9ff7-e58f3b7d191d",
    "color" : "#008EC2",
    "position" : {
      "x" : -6.854102,
      "y" : -10.281153,
      "z" : 0.0
    },
    "orientation" : 1
  }, {
    "shape" : "64a39164-82a7-434f-bc1b-6f4bec566304",
    "color" : "#F2F2F2",
    "position" : {
      "x" : -6.854102,
      "y" : -6.854102,
      "z" : 0.0
    }
  }, {
    "shape" : "fb2412cf-0af7-4302-9ff7-e58f3b7d191d",
    "color" : "#008EC2",
    "position" : {
      "x" : 0.0,
      "y" : -3.427051,
      "z" : -6.854102
    },
    "orientation" : 1
  }, {
    "shape" : "fb2412cf-0af7-4302-9ff7-e58f3b7d191d",
    "color" : "#008EC2",
    "position" : {
      "x" : 10.281153,
      "y" : 0.0,
      "z" : -6.854102
    },
    "orientation" : 45
  }, {
    "shape" : "fb2412cf-0af7-4302-9ff7-e58f3b7d191d",
    "color" : "#008EC2",
    "position" : {
      "x" : -3.427051,
      "y" : -6.854102,
      "z" : 0.0
    },
    "orientation" : 0
  }, {
    "shape" : "64a39164-82a7-434f-bc1b-6f4bec566304",
    "color" : "#F2F2F2",
    "position" : {
      "x" : 0.0,
      "y" : -10.281153,
      "z" : -6.854102
    }
  }, {
    "shape" : "fb2412cf-0af7-4302-9ff7-e58f3b7d191d",
    "color" : "#008EC2",
    "position" : {
      "x" : -6.854102,
      "y" : 0.0,
      "z" : 6.854102
    },
    "orientation" : 47
  }, {
    "shape" : "64a39164-82a7-434f-bc1b-6f4bec566304",
    "color" : "#F2F2F2",
    "position" : {
      "x" : 0.0,
      "y" : 6.854102,
      "z" : 3.427051
    }
  }, {
    "shape" : "64a39164-82a7-434f-bc1b-6f4bec566304",
    "color" : "#F2F2F2",
    "position" : {
      "x" : 0.0,
      "y" : 3.427051,
      "z" : 6.854102
    }
  }, {
    "shape" : "64a39164-82a7-434f-bc1b-6f4bec566304",
    "color" : "#F2F2F2",
    "position" : {
      "x" : 6.854102,
      "y" : 6.854102,
      "z" : 0.0
    }
  }, {
    "shape" : "64a39164-82a7-434f-bc1b-6f4bec566304",
    "color" : "#F2F2F2",
    "position" : {
      "x" : -6.854102,
      "y" : 0.0,
      "z" : -6.854102
    }
  }, {
    "shape" : "64a39164-82a7-434f-bc1b-6f4bec566304",
    "color" : "#F2F2F2",
    "position" : {
      "x" : 0.0,
      "y" : 3.427051,
      "z" : -6.854102
    }
  }, {
    "shape" : "fb2412cf-0af7-4302-9ff7-e58f3b7d191d",
    "color" : "#008EC2",
    "position" : {
      "x" : 0.0,
      "y" : -6.854102,
      "z" : 6.854102
    },
    "orientation" : 1
  }, {
    "shape" : "fb2412cf-0af7-4302-9ff7-e58f3b7d191d",
    "color" : "#008EC2",
    "position" : {
      "x" : -6.854102,
      "y" : -6.854102,
      "z" : 0.0
    },
    "orientation" : 0
  }, {
    "shape" : "fb2412cf-0af7-4302-9ff7-e58f3b7d191d",
    "color" : "#008EC2",
    "position" : {
      "x" : -6.854102,
      "y" : 0.0,
      "z" : -3.427051
    },
    "orientation" : 2
  }, {
    "shape" : "64a39164-82a7-434f-bc1b-6f4bec566304",
    "color" : "#F2F2F2",
    "position" : {
      "x" : -6.854102,
      "y" : 0.0,
      "z" : 10.281153
    }
  }, {
    "shape" : "fb2412cf-0af7-4302-9ff7-e58f3b7d191d",
    "color" : "#008EC2",
    "position" : {
      "x" : -6.854102,
      "y" : 0.0,
      "z" : 0.0
    },
    "orientation" : 1
  }, {
    "shape" : "fb2412cf-0af7-4302-9ff7-e58f3b7d191d",
    "color" : "#008EC2",
    "position" : {
      "x" : 0.0,
      "y" : 0.0,
      "z" : 6.854102
    },
    "orientation" : 0
  }, {
    "shape" : "fb2412cf-0af7-4302-9ff7-e58f3b7d191d",
    "color" : "#008EC2",
    "position" : {
      "x" : 0.0,
      "y" : 3.427051,
      "z" : 6.854102
    },
    "orientation" : 16
  }, {
    "shape" : "ef597835-9340-4b47-9a44-50bb04b0df87",
    "color" : "#99CCFF",
    "position" : {
      "x" : -3.427051,
      "y" : -6.854102,
      "z" : 0.0
    },
    "orientation" : 47
  }, {
    "shape" : "64a39164-82a7-434f-bc1b-6f4bec566304",
    "color" : "#F2F2F2",
    "position" : {
      "x" : -6.854102,
      "y" : 0.0,
      "z" : -10.281153
    }
  }, {
    "shape" : "64a39164-82a7-434f-bc1b-6f4bec566304",
    "color" : "#F2F2F2",
    "position" : {
      "x" : 0.0,
      "y" : 6.854102,
      "z" : -3.427051
    }
  }, {
    "shape" : "64a39164-82a7-434f-bc1b-6f4bec566304",
    "color" : "#F2F2F2",
    "position" : {
      "x" : 0.0,
      "y" : 0.0,
      "z" : -6.854102
    }
  }, {
    "shape" : "ef597835-9340-4b47-9a44-50bb04b0df87",
    "color" : "#99CCFF",
    "position" : {
      "x" : 3.427051,
      "y" : -6.854102,
      "z" : 0.0
    },
    "orientation" : 2
  }, {
    "shape" : "64a39164-82a7-434f-bc1b-6f4bec566304",
    "color" : "#F2F2F2",
    "position" : {
      "x" : 0.0,
      "y" : -6.854102,
      "z" : 3.427051
    }
  }, {
    "shape" : "9431e0fc-14b4-4b0f-bf17-f246740c57d3",
    "color" : "#99CCFF",
    "position" : {
      "x" : -3.427051,
      "y" : 6.854102,
      "z" : 0.0
    },
    "orientation" : 2
  }, {
    "shape" : "fb2412cf-0af7-4302-9ff7-e58f3b7d191d",
    "color" : "#008EC2",
    "position" : {
      "x" : 0.0,
      "y" : 0.0,
      "z" : -6.854102
    },
    "orientation" : 45
  }, {
    "shape" : "fb2412cf-0af7-4302-9ff7-e58f3b7d191d",
    "color" : "#008EC2",
    "position" : {
      "x" : 0.0,
      "y" : 0.0,
      "z" : -6.854102
    },
    "orientation" : 0
  }, {
    "shape" : "64a39164-82a7-434f-bc1b-6f4bec566304",
    "color" : "#F2F2F2",
    "position" : {
      "x" : 6.854102,
      "y" : 0.0,
      "z" : -10.281153
    }
  }, {
    "shape" : "64a39164-82a7-434f-bc1b-6f4bec566304",
    "color" : "#F2F2F2",
    "position" : {
      "x" : -10.281153,
      "y" : -6.854102,
      "z" : 0.0
    }
  }, {
    "shape" : "64a39164-82a7-434f-bc1b-6f4bec566304",
    "color" : "#F2F2F2",
    "position" : {
      "x" : -10.281153,
      "y" : 6.854102,
      "z" : 0.0
    }
  }, {
    "shape" : "9431e0fc-14b4-4b0f-bf17-f246740c57d3",
    "color" : "#FF9999",
    "position" : {
      "x" : 3.427051,
      "y" : 0.0,
      "z" : 6.854102
    },
    "orientation" : 2
  }, {
    "shape" : "64a39164-82a7-434f-bc1b-6f4bec566304",
    "color" : "#F2F2F2",
    "position" : {
      "x" : 0.0,
      "y" : 0.0,
      "z" : 6.854102
    }
  }, {
    "shape" : "fb2412cf-0af7-4302-9ff7-e58f3b7d191d",
    "color" : "#008EC2",
    "position" : {
      "x" : 0.0,
      "y" : -6.854102,
      "z" : 10.281153
    },
    "orientation" : 47
  }, {
    "shape" : "64a39164-82a7-434f-bc1b-6f4bec566304",
    "color" : "#F2F2F2",
    "position" : {
      "x" : 10.281153,
      "y" : -6.854102,
      "z" : 0.0
    }
  }, {
    "shape" : "64a39164-82a7-434f-bc1b-6f4bec566304",
    "color" : "#F2F2F2",
    "position" : {
      "x" : 6.854102,
      "y" : 0.0,
      "z" : 3.427051
    }
  }, {
    "shape" : "64a39164-82a7-434f-bc1b-6f4bec566304",
    "color" : "#F2F2F2",
    "position" : {
      "x" : 10.281153,
      "y" : 0.0,
      "z" : 6.854102
    }
  }, {
    "shape" : "fb2412cf-0af7-4302-9ff7-e58f3b7d191d",
    "color" : "#008EC2",
    "position" : {
      "x" : 3.427051,
      "y" : 0.0,
      "z" : -6.854102
    },
    "orientation" : 0
  }, {
    "shape" : "9431e0fc-14b4-4b0f-bf17-f246740c57d3",
    "color" : "#FF9999",
    "position" : {
      "x" : 0.0,
      "y" : -6.854102,
      "z" : -3.427051
    },
    "orientation" : 16
  }, {
    "shape" : "9431e0fc-14b4-4b0f-bf17-f246740c57d3",
    "color" : "#FF9999",
    "position" : {
      "x" : 0.0,
      "y" : 6.854102,
      "z" : 3.427051
    },
    "orientation" : 1
  }, {
    "shape" : "64a39164-82a7-434f-bc1b-6f4bec566304",
    "color" : "#F2F2F2",
    "position" : {
      "x" : 0.0,
      "y" : -6.854102,
      "z" : -6.854102
    }
  }, {
    "shape" : "64a39164-82a7-434f-bc1b-6f4bec566304",
    "color" : "#F2F2F2",
    "position" : {
      "x" : 10.281153,
      "y" : 6.854102,
      "z" : 0.0
    }
  }, {
    "shape" : "fb2412cf-0af7-4302-9ff7-e58f3b7d191d",
    "color" : "#008EC2",
    "position" : {
      "x" : 0.0,
      "y" : -6.854102,
      "z" : 6.854102
    },
    "orientation" : 16
  }, {
    "shape" : "64a39164-82a7-434f-bc1b-6f4bec566304",
    "color" : "#F2F2F2",
    "position" : {
      "x" : 3.427051,
      "y" : 6.854102,
      "z" : 0.0
    }
  }, {
    "shape" : "fb2412cf-0af7-4302-9ff7-e58f3b7d191d",
    "color" : "#008EC2",
    "position" : {
      "x" : 6.854102,
      "y" : 6.854102,
      "z" : 0.0
    },
    "orientation" : 45
  }, {
    "shape" : "fb2412cf-0af7-4302-9ff7-e58f3b7d191d",
    "color" : "#008EC2",
    "position" : {
      "x" : 0.0,
      "y" : 6.854102,
      "z" : 6.854102
    },
    "orientation" : 1
  }, {
    "shape" : "64a39164-82a7-434f-bc1b-6f4bec566304",
    "color" : "#F2F2F2",
    "position" : {
      "x" : 0.0,
      "y" : -6.854102,
      "z" : 6.854102
    }
  }, {
    "shape" : "fb2412cf-0af7-4302-9ff7-e58f3b7d191d",
    "color" : "#008EC2",
    "position" : {
      "x" : 0.0,
      "y" : 6.854102,
      "z" : 0.0
    },
    "orientation" : 47
  }, {
    "shape" : "fb2412cf-0af7-4302-9ff7-e58f3b7d191d",
    "color" : "#008EC2",
    "position" : {
      "x" : 0.0,
      "y" : -3.427051,
      "z" : 6.854102
    },
    "orientation" : 1
  }, {
    "shape" : "fb2412cf-0af7-4302-9ff7-e58f3b7d191d",
    "color" : "#008EC2",
    "position" : {
      "x" : 6.854102,
      "y" : 0.0,
      "z" : -3.427051
    },
    "orientation" : 2
  }, {
    "shape" : "64a39164-82a7-434f-bc1b-6f4bec566304",
    "color" : "#F2F2F2",
    "position" : {
      "x" : 0.0,
      "y" : -6.854102,
      "z" : -10.281153
    }
  }, {
    "shape" : "fb2412cf-0af7-4302-9ff7-e58f3b7d191d",
    "color" : "#008EC2",
    "position" : {
      "x" : 0.0,
      "y" : 6.854102,
      "z" : 3.427051
    },
    "orientation" : 2
  }, {
    "shape" : "64a39164-82a7-434f-bc1b-6f4bec566304",
    "color" : "#F2F2F2",
    "position" : {
      "x" : 0.0,
      "y" : -10.281153,
      "z" : 6.854102
    }
  }, {
    "shape" : "ef597835-9340-4b47-9a44-50bb04b0df87",
    "color" : "#99CCFF",
    "position" : {
      "x" : 0.0,
      "y" : 3.427051,
      "z" : -6.854102
    },
    "orientation" : 0
  }, {
    "shape" : "64a39164-82a7-434f-bc1b-6f4bec566304",
    "color" : "#F2F2F2",
    "position" : {
      "x" : 6.854102,
      "y" : -3.427051,
      "z" : 0.0
    }
  }, {
    "shape" : "fb2412cf-0af7-4302-9ff7-e58f3b7d191d",
    "color" : "#008EC2",
    "position" : {
      "x" : 0.0,
      "y" : 0.0,
      "z" : 6.854102
    },
    "orientation" : 45
  }, {
    "shape" : "64a39164-82a7-434f-bc1b-6f4bec566304",
    "color" : "#F2F2F2",
    "position" : {
      "x" : -6.854102,
      "y" : 3.427051,
      "z" : 0.0
    }
  }, {
    "shape" : "fb2412cf-0af7-4302-9ff7-e58f3b7d191d",
    "color" : "#008EC2",
    "position" : {
      "x" : 6.854102,
      "y" : 0.0,
      "z" : 3.427051
    },
    "orientation" : 47
  }, {
    "shape" : "fb2412cf-0af7-4302-9ff7-e58f3b7d191d",
    "color" : "#008EC2",
    "position" : {
      "x" : -3.427051,
      "y" : 0.0,
      "z" : -6.854102
    },
    "orientation" : 45
  }, {
    "shape" : "64a39164-82a7-434f-bc1b-6f4bec566304",
    "color" : "#F2F2F2",
    "position" : {
      "x" : -6.854102,
      "y" : 10.281153,
      "z" : 0.0
    }
  }, {
    "shape" : "fb2412cf-0af7-4302-9ff7-e58f3b7d191d",
    "color" : "#008EC2",
    "position" : {
      "x" : -6.854102,
      "y" : 0.0,
      "z" : 0.0
    },
    "orientation" : 16
  }, {
    "shape" : "fb2412cf-0af7-4302-9ff7-e58f3b7d191d",
    "color" : "#008EC2",
    "position" : {
      "x" : -6.854102,
      "y" : 0.0,
      "z" : 3.427051
    },
    "orientation" : 47
  }, {
    "shape" : "fb2412cf-0af7-4302-9ff7-e58f3b7d191d",
    "color" : "#008EC2",
    "position" : {
      "x" : 6.854102,
      "y" : 3.427051,
      "z" : 0.0
    },
    "orientation" : 1
  }, {
    "shape" : "fb2412cf-0af7-4302-9ff7-e58f3b7d191d",
    "color" : "#008EC2",
    "position" : {
      "x" : 0.0,
      "y" : 3.427051,
      "z" : -6.854102
    },
    "orientation" : 16
  }, {
    "shape" : "fb2412cf-0af7-4302-9ff7-e58f3b7d191d",
    "color" : "#008EC2",
    "position" : {
      "x" : -6.854102,
      "y" : 10.281153,
      "z" : 0.0
    },
    "orientation" : 16
  }, {
    "shape" : "fb2412cf-0af7-4302-9ff7-e58f3b7d191d",
    "color" : "#008EC2",
    "position" : {
      "x" : 0.0,
      "y" : -6.854102,
      "z" : 0.0
    },
    "orientation" : 47
  }, {
    "shape" : "fb2412cf-0af7-4302-9ff7-e58f3b7d191d",
    "color" : "#008EC2",
    "position" : {
      "x" : 3.427051,
      "y" : 0.0,
      "z" : 6.854102
    },
    "orientation" : 0
  }, {
    "shape" : "64a39164-82a7-434f-bc1b-6f4bec566304",
    "color" : "#F2F2F2",
    "position" : {
      "x" : 0.0,
      "y" : 6.854102,
      "z" : -6.854102
    }
  }, {
    "shape" : "64a39164-82a7-434f-bc1b-6f4bec566304",
    "color" : "#F2F2F2",
    "position" : {
      "x" : 0.0,
      "y" : 10.281153,
      "z" : 6.854102
    }
  }, {
    "shape" : "64a39164-82a7-434f-bc1b-6f4bec566304",
    "color" : "#F2F2F2",
    "position" : {
      "x" : -6.854102,
      "y" : 0.0,
      "z" : 3.427051
    }
  }, {
    "shape" : "64a39164-82a7-434f-bc1b-6f4bec566304",
    "color" : "#F2F2F2",
    "position" : {
      "x" : 0.0,
      "y" : 6.854102,
      "z" : 10.281153
    }
  }, {
    "shape" : "64a39164-82a7-434f-bc1b-6f4bec566304",
    "color" : "#F2F2F2",
    "position" : {
      "x" : 0.0,
      "y" : 6.854102,
      "z" : 6.854102
    }
  }, {
    "shape" : "fb2412cf-0af7-4302-9ff7-e58f3b7d191d",
    "color" : "#008EC2",
    "position" : {
      "x" : 6.854102,
      "y" : 6.854102,
      "z" : 0.0
    },
    "orientation" : 0
  }, {
    "shape" : "64a39164-82a7-434f-bc1b-6f4bec566304",
    "color" : "#F2F2F2",
    "position" : {
      "x" : -6.854102,
      "y" : -10.281153,
      "z" : 0.0
    }
  }, {
    "shape" : "64a39164-82a7-434f-bc1b-6f4bec566304",
    "color" : "#F2F2F2",
    "position" : {
      "x" : 10.281153,
      "y" : 0.0,
      "z" : -6.854102
    }
  }, {
    "shape" : "64a39164-82a7-434f-bc1b-6f4bec566304",
    "color" : "#F2F2F2",
    "position" : {
      "x" : 6.854102,
      "y" : 3.427051,
      "z" : 0.0
    }
  }, {
    "shape" : "9431e0fc-14b4-4b0f-bf17-f246740c57d3",
    "color" : "#99CCFF",
    "position" : {
      "x" : 0.0,
      "y" : -3.427051,
      "z" : 6.854102
    },
    "orientation" : 0
  }, {
    "shape" : "64a39164-82a7-434f-bc1b-6f4bec566304",
    "color" : "#F2F2F2",
    "position" : {
      "x" : -6.854102,
      "y" : 0.0,
      "z" : 0.0
    }
  }, {
    "shape" : "64a39164-82a7-434f-bc1b-6f4bec566304",
    "color" : "#F2F2F2",
    "position" : {
      "x" : -3.427051,
      "y" : 6.854102,
      "z" : 0.0
    }
  }, {
    "shape" : "fb2412cf-0af7-4302-9ff7-e58f3b7d191d",
    "color" : "#008EC2",
    "position" : {
      "x" : -6.854102,
      "y" : 0.0,
      "z" : 6.854102
    },
    "orientation" : 2
  }, {
    "shape" : "fb2412cf-0af7-4302-9ff7-e58f3b7d191d",
    "color" : "#008EC2",
    "position" : {
      "x" : 0.0,
      "y" : -6.854102,
      "z" : 0.0
    },
    "orientation" : 2
  }, {
    "shape" : "64a39164-82a7-434f-bc1b-6f4bec566304",
    "color" : "#F2F2F2",
    "position" : {
      "x" : -6.854102,
      "y" : 0.0,
      "z" : -3.427051
    }
  }, {
    "shape" : "64a39164-82a7-434f-bc1b-6f4bec566304",
    "color" : "#F2F2F2",
    "position" : {
      "x" : 6.854102,
      "y" : -10.281153,
      "z" : 0.0
    }
  }, {
    "shape" : "ef597835-9340-4b47-9a44-50bb04b0df87",
    "color" : "#99CCFF",
    "position" : {
      "x" : -6.854102,
      "y" : 0.0,
      "z" : 3.427051
    },
    "orientation" : 1
  }, {
    "shape" : "64a39164-82a7-434f-bc1b-6f4bec566304",
    "color" : "#F2F2F2",
    "position" : {
      "x" : -6.854102,
      "y" : 6.854102,
      "z" : 0.0
    }
  }, {
    "shape" : "fb2412cf-0af7-4302-9ff7-e58f3b7d191d",
    "color" : "#008EC2",
    "position" : {
      "x" : 6.854102,
      "y" : 0.0,
      "z" : 6.854102
    },
    "orientation" : 2
  }, {
    "shape" : "9431e0fc-14b4-4b0f-bf17-f246740c57d3",
    "color" : "#99CCFF",
    "position" : {
      "x" : 3.427051,
      "y" : 6.854102,
      "z" : 0.0
    },
    "orientation" : 47
  }, {
    "shape" : "64a39164-82a7-434f-bc1b-6f4bec566304",
    "color" : "#F2F2F2",
    "position" : {
      "x" : 6.854102,
      "y" : -6.854102,
      "z" : 0.0
    }
  }, {
    "shape" : "fb2412cf-0af7-4302-9ff7-e58f3b7d191d",
    "color" : "#008EC2",
    "position" : {
      "x" : 6.854102,
      "y" : 10.281153,
      "z" : 0.0
    },
    "orientation" : 16
  }, {
    "shape" : "64a39164-82a7-434f-bc1b-6f4bec566304",
    "color" : "#F2F2F2",
    "position" : {
      "x" : 6.854102,
      "y" : 0.0,
      "z" : -6.854102
    }
  }, {
    "shape" : "9431e0fc-14b4-4b0f-bf17-f246740c57d3",
    "color" : "#99CCFF",
    "position" : {
      "x" : 0.0,
      "y" : -3.427051,
      "z" : -6.854102
    },
    "orientation" : 45
  }, {
    "shape" : "fb2412cf-0af7-4302-9ff7-e58f3b7d191d",
    "color" : "#008EC2",
    "position" : {
      "x" : 6.854102,
      "y" : -6.854102,
      "z" : 0.0
    },
    "orientation" : 0
  }, {
    "shape" : "64a39164-82a7-434f-bc1b-6f4bec566304",
    "color" : "#F2F2F2",
    "position" : {
      "x" : -3.427051,
      "y" : 0.0,
      "z" : 6.854102
    }
  }, {
    "shape" : "fb2412cf-0af7-4302-9ff7-e58f3b7d191d",
    "color" : "#008EC2",
    "position" : {
      "x" : -3.427051,
      "y" : 6.854102,
      "z" : 0.0
    },
    "orientation" : 0
  }, {
    "shape" : "64a39164-82a7-434f-bc1b-6f4bec566304",
    "color" : "#F2F2F2",
    "position" : {
      "x" : 6.854102,
      "y" : 0.0,
      "z" : 0.0
    }
  }, {
    "shape" : "ef597835-9340-4b47-9a44-50bb04b0df87",
    "color" : "#FF9999",
    "position" : {
      "x" : 3.427051,
      "y" : 0.0,
      "z" : -6.854102
    },
    "orientation" : 47
  }, {
    "shape" : "fb2412cf-0af7-4302-9ff7-e58f3b7d191d",
    "color" : "#008EC2",
    "position" : {
      "x" : 0.0,
      "y" : -6.854102,
      "z" : 3.427051
    },
    "orientation" : 2
  }, {
    "shape" : "ef597835-9340-4b47-9a44-50bb04b0df87",
    "color" : "#FF9999",
    "position" : {
      "x" : -6.854102,
      "y" : -3.427051,
      "z" : 0.0
    },
    "orientation" : 45
  }, {
    "shape" : "fb2412cf-0af7-4302-9ff7-e58f3b7d191d",
    "color" : "#008EC2",
    "position" : {
      "x" : -3.427051,
      "y" : 0.0,
      "z" : 6.854102
    },
    "orientation" : 45
  }, {
    "shape" : "fb2412cf-0af7-4302-9ff7-e58f3b7d191d",
    "color" : "#008EC2",
    "position" : {
      "x" : 0.0,
      "y" : 6.854102,
      "z" : -3.427051
    },
    "orientation" : 47
  }, {
    "shape" : "fb2412cf-0af7-4302-9ff7-e58f3b7d191d",
    "color" : "#008EC2",
    "position" : {
      "x" : 0.0,
      "y" : -6.854102,
      "z" : -6.854102
    },
    "orientation" : 16
  }, {
    "shape" : "fb2412cf-0af7-4302-9ff7-e58f3b7d191d",
    "color" : "#008EC2",
    "position" : {
      "x" : -6.854102,
      "y" : -6.854102,
      "z" : 0.0
    },
    "orientation" : 45
  }, {
    "shape" : "fb2412cf-0af7-4302-9ff7-e58f3b7d191d",
    "color" : "#008EC2",
    "position" : {
      "x" : -6.854102,
