{
  "field" : "golden",
  "symmetry" : "icosahedral",
  "orientations" : [ [ 1.0, 0.0, 0.0, 0.0, 0.0, 1.0, 0.0, 0.0, 0.0, 0.0, 1.0, 0.0, 0.0, 0.0, 0.0, 1.0 ], [ 0.0, 0.0, 1.0, 0.0, 1.0, 0.0, 0.0, 0.0, 0.0, 1.0, 0.0, 0.0, 0.0, 0.0, 0.0, 1.0 ], [ 0.0, 1.0, 0.0, 0.0, 0.0, 0.0, 1.0, 0.0, 1.0, 0.0, 0.0, 0.0, 0.0, 0.0, 0.0, 1.0 ], [ 0.809017, 0.309017, 0.5, 0.0, 0.309017, 0.5, -0.809017, 0.0, -0.5, 0.809017, 0.309017, 0.0, 0.0, 0.0, 0.0, 1.0 ], [ -0.5, 0.809017, 0.309017, 0.0, 0.809017, 0.309017, 0.5, 0.0, 0.309017, 0.5, -0.809017, 0.0, 0.0, 0.0, 0.0, 1.0 ], [ 0.309017, 0.5, -0.809017, 0.0, -0.5, 0.809017, 0.309017, 0.0, 0.809017, 0.309017, 0.5, 0.0, 0.0, 0.0, 0.0, 1.0 ], [ 0.5, 0.809017, 0.309017, 0.0, 0.809017, -0.309017, -0.5, 0.0, -0.309017, 0.5, -0.809017, 0.0, 0.0, 0.0, 0.0, 1.0 ], [ -0.309017, 0.5, -0.809017, 0.0, 0.5, 0.809017, 0.309017, 0.0, 0.809017, -0.309017, -0.5, 0.0, 0.0, 0.0, 0.0, 1.0 ], [ 0.809017, -0.309017, -0.5, 0.0, -0.309017, 0.5, -0.809017, 0.0, 0.5, 0.809017, 0.309017, 0.0, 0.0, 0.0, 0.0, 1.0 ], [ 0.5, 0.809017, -0.309017, 0.0, 0.809017, -0.309017, 0.5, 0.0, 0.309017, -0.5, -0.809017, 0.0, 0.0, 0.0, 0.0, 1.0 ], [ 0.309017, -0.5, -0.809017, 0.0, 0.5, 0.809017, -0.309017, 0.0, 0.809017, -0.309017, 0.5, 0.0, 0.0, 0.0, 0.0, 1.0 ], [ 0.809017, -0.309017, 0.5, 0.0, 0.309017, -0.5, -0.809017, 0.0, 0.5, 0.809017, -0.309017, 0.0, 0.0, 0.0, 0.0, 1.0 ], [ 0.809017, 0.309017, -0.5, 0.0, 0.309017, 0.5, 0.809017, 0.0, 0.5, -0.809017, 0.309017, 0.0, 0.0, 0.0, 0.0, 1.0 ], [ 0.5, -0.809017, 0.309017, 0.0, 0.809017, 0.309017, -0.5, 0.0, 0.309017, 0.5, 0.809017, 0.0, 0.0, 0.0, 0.0, 1.0 ], [ 0.309017, 0.5, 0.809017, 0.0, 0.5, -0.809017, 0.309017, 0.0, 0.809017, 0.309017, -0.5, 0.0, 0.0, 0.0, 0.0, 1.0 ], [ 1.0, 0.0, 0.0, 0.0, 0.0, -1.0, 0.0, 0.0, 0.0, 0.0, -1.0, 0.0, 0.0, 0.0, 0.0, 1.0 ], [ 0.0, 0.0, 1.0, 0.0, -1.0, 0.0, 0.0, 0.0, 0.0, -1.0, 0.0, 0.0, 0.0, 0.0, 0.0, 1.0 ], [ 0.0, 1.0, 0.0, 0.0, 0.0, 0.0, -1.0, 0.0, -1.0, 0.0, 0.0, 0.0, 0.0, 0.0, 0.0, 1.0 ], [ 0.809017, 0.309017, 0.5, 0.0, -0.309017, -0.5, 0.809017, 0.0, 0.5, -0.809017, -0.309017, 0.0, 0.0, 0.0, 0.0, 1.0 ], [ -0.5, 0.809017, 0.309017, 0.0, -0.809017, -0.309017, -0.5, 0.0, -0.309017, -0.5, 0.809017, 0.0, 0.0, 0.0, 0.0, 1.0 ], [ 0.309017, 0.5, -0.809017, 0.0, 0.5, -0.809017, -0.309017, 0.0, -0.809017, -0.309017, -0.5, 0.0, 0.0, 0.0, 0.0, 1.0 ], [ 0.5, 0.809017, 0.309017, 0.0, -0.809017, 0.309017, 0.5, 0.0, 0.309017, -0.5, 0.809017, 0.0, 0.0, 0.0, 0.0, 1.0 ], [ -0.309017, 0.5, -0.809017, 0.0, -0.5, -0.809017, -0.309017, 0.0, -0.809017, 0.309017, 0.5, 0.0, 0.0, 0.0, 0.0, 1.0 ], [ 0.809017, -0.309017, -0.5, 0.0, 0.309017, -0.5, 0.809017, 0.0, -0.5, -0.809017, -0.309017, 0.0, 0.0, 0.0, 0.0, 1.0 ], [ 0.5, 0.809017, -0.309017, 0.0, -0.809017, 0.309017, -0.5, 0.0, -0.309017, 0.5, 0.809017, 0.0, 0.0, 0.0, 0.0, 1.0 ], [ 0.309017, -0.5, -0.809017, 0.0, -0.5, -0.809017, 0.309017, 0.0, -0.809017, 0.309017, -0.5, 0.0, 0.0, 0.0, 0.0, 1.0 ], [ 0.809017, -0.309017, 0.5, 0.0, -0.309017, 0.5, 0.809017, 0.0, -0.5, -0.809017, 0.309017, 0.0, 0.0, 0.0, 0.0, 1.0 ], [ 0.809017, 0.309017, -0.5, 0.0, -0.309017, -0.5, -0.809017, 0.0, -0.5, 0.809017, -0.309017, 0.0, 0.0, 0.0, 0.0, 1.0 ], [ 0.5, -0.809017, 0.309017, 0.0, -0.809017, -0.309017, 0.5, 0.0, -0.309017, -0.5, -0.809017, 0.0, 0.0, 0.0, 0.0, 1.0 ], [ 0.309017, 0.5, 0.809017, 0.0, -0.5, 0.809017, -0.309017, 0.0, -0.809017, -0.309017, 0.5, 0.0, 0.0, 0.0, 0.0, 1.0 ], [ -1.0, 0.0, 0.0, 0.0, 0.0, -1.0, 0.0, 0.0, 0.0, 0.0, 1.0, 0.0, 0.0, 0.0, 0.0, 1.0 ], [ 0.0, 0.0, -1.0, 0.0, -1.0, 0.0, 0.0, 0.0, 0.0, 1.0, 0.0, 0.0, 0.0, 0.0, 0.0, 1.0 ], [ 0.0, -1.0, 0.0, 0.0, 0.0, 0.0, -1.0, 0.0, 1.0, 0.0, 0.0, 0.0, 0.0, 0.0, 0.0, 1.0 ], [ -0.809017, -0.309017, -0.5, 0.0, -0.309017, -0.5, 0.809017, 0.0, -0.5, 0.809017, 0.309017, 0.0, 0.0, 0.0, 0.0, 1.0 ], [ 0.5, -0.809017, -0.309017, 0.0, -0.809017, -0.309017, -0.5, 0.0, 0.309017, 0.5, -0.809017, 0.0, 0.0, 0.0, 0.0, 1.0 ], [ -0.309017, -0.5, 0.809017, 0.0, 0.5, -0.809017, -0.309017, 0.0, 0.809017, 0.309017, 0.5, 0.0, 0.0, 0.0, 0.0, 1.0 ], [ -0.5, -0.809017, -0.309017, 0.0, -0.809017, 0.309017, 0.5, 0.0, -0.309017, 0.5, -0.809017, 0.0, 0.0, 0.0, 0.0, 1.0 ], [ 0.309017, -0.5, 0.809017, 0.0, -0.5, -0.809017, -0.309017, 0.0, 0.809017, -0.309017, -0.5, 0.0, 0.0, 0.0, 0.0, 1.0 ], [ -0.809017, 0.309017, 0.5, 0.0, 0.309017, -0.5, 0.809017, 0.0, 0.5, 0.809017, 0.309017, 0.0, 0.0, 0.0, 0.0, 1.0 ], [ -0.5, -0.809017, 0.309017, 0.0, -0.809017, 0.309017, -0.5, 0.0, 0.309017, -0.5, -0.809017, 0.0, 0.0, 0.0, 0.0, 1.0 ], [ -0.309017, 0.5, 0.809017, 0.0, -0.5, -0.809017, 0.309017, 0.0, 0.809017, -0.309017, 0.5, 0.0, 0.0, 0.0, 0.0, 1.0 ], [ -0.809017, 0.309017, -0.5, 0.0, -0.309017, 0.5, 0.809017, 0.0, 0.5, 0.809017, -0.309017, 0.0, 0.0, 0.0, 0.0, 1.0 ], [ -0.809017, -0.309017, 0.5, 0.0, -0.309017, -0.5, -0.809017, 0.0, 0.5, -0.809017, 0.309017, 0.0, 0.0, 0.0, 0.0, 1.0 ], [ -0.5, 0.809017, -0.309017, 0.0, -0.809017, -0.309017, 0.5, 0.0, 0.309017, 0.5, 0.809017, 0.0, 0.0, 0.0, 0.0, 1.0 ], [ -0.309017, -0.5, -0.809017, 0.0, -0.5, 0.809017, -0.309017, 0.0, 0.809017, 0.309017, -0.5, 0.0, 0.0, 0.0, 0.0, 1.0 ], [ -1.0, 0.0, 0.0, 0.0, 0.0, 1.0, 0.0, 0.0, 0.0, 0.0, -1.0, 0.0, 0.0, 0.0, 0.0, 1.0 ], [ 0.0, 0.0, -1.0, 0.0, 1.0, 0.0, 0.0, 0.0, 0.0, -1.0, 0.0, 0.0, 0.0, 0.0, 0.0, 1.0 ], [ 0.0, -1.0, 0.0, 0.0, 0.0, 0.0, 1.0, 0.0, -1.0, 0.0, 0.0, 0.0, 0.0, 0.0, 0.0, 1.0 ], [ -0.809017, -0.309017, -0.5, 0.0, 0.309017, 0.5, -0.809017, 0.0, 0.5, -0.809017, -0.309017, 0.0, 0.0, 0.0, 0.0, 1.0 ], [ 0.5, -0.809017, -0.309017, 0.0, 0.809017, 0.309017, 0.5, 0.0, -0.309017, -0.5, 0.809017, 0.0, 0.0, 0.0, 0.0, 1.0 ], [ -0.309017, -0.5, 0.809017, 0.0, -0.5, 0.809017, 0.309017, 0.0, -0.809017, -0.309017, -0.5, 0.0, 0.0, 0.0, 0.0, 1.0 ], [ -0.5, -0.809017, -0.309017, 0.0, 0.809017, -0.309017, -0.5, 0.0, 0.309017, -0.5, 0.809017, 0.0, 0.0, 0.0, 0.0, 1.0 ], [ 0.309017, -0.5, 0.809017, 0.0, 0.5, 0.809017, 0.309017, 0.0, -0.809017, 0.309017, 0.5, 0.0, 0.0, 0.0, 0.0, 1.0 ], [ -0.809017, 0.309017, 0.5, 0.0, -0.309017, 0.5, -0.809017, 0.0, -0.5, -0.809017, -0.309017, 0.0, 0.0, 0.0, 0.0, 1.0 ], [ -0.5, -0.809017, 0.309017, 0.0, 0.809017, -0.309017, 0.5, 0.0, -0.309017, 0.5, 0.809017, 0.0, 0.0, 0.0, 0.0, 1.0 ], [ -0.309017, 0.5, 0.809017, 0.0, 0.5, 0.809017, -0.309017, 0.0, -0.809017, 0.309017, -0.5, 0.0, 0.0, 0.0, 0.0, 1.0 ], [ -0.809017, 0.309017, -0.5, 0.0, 0.309017, -0.5, -0.809017, 0.0, -0.5, -0.809017, 0.309017, 0.0, 0.0, 0.0, 0.0, 1.0 ], [ -0.809017, -0.309017, 0.5, 0.0, 0.309017, 0.5, 0.809017, 0.0, -0.5, 0.809017, -0.309017, 0.0, 0.0, 0.0, 0.0, 1.0 ], [ -0.5, 0.809017, -0.309017, 0.0, 0.809017, 0.309017, -0.5, 0.0, -0.309017, -0.5, -0.809017, 0.0, 0.0, 0.0, 0.0, 1.0 ], [ -0.309017, -0.5, -0.809017, 0.0, 0.5, -0.809017, 0.309017, 0.0, -0.809017, -0.309017, 0.5, 0.0, 0.0, 0.0, 0.0, 1.0 ] ],
  "lights" : {
    "ambientColor" : "#292929",
    "backgroundColor" : "#FFFFEF",
    "directionalLights" : [ {
      "direction" : {
        "x" : 1.0,
        "y" : -1.0,
        "z" : -1.0
      },
      "color" : "#EBEBE4"
    }, {
      "direction" : {
        "x" : -1.0,
        "y" : 0.0,
        "z" : 0.0
      },
      "color" : "#E4E4EB"
    }, {
      "direction" : {
        "x" : 0.0,
        "y" : 0.0,
        "z" : -1.0
      },
      "color" : "#1E1E1E"
    } ]
  },
  "camera" : {
    "stereo" : false,
    "width" : 85.65874,
    "perspective" : true,
    "viewDistance" : 190.35284,
    "nearClipDistance" : 0.47588196,
    "farClipDistance" : 380.70563,
    "lookAtPoint" : {
      "x" : 0.0,
      "y" : 0.0,
      "z" : 0.0
    },
    "fieldOfView" : 0.44262868,
    "lookDirection" : {
      "x" : 0.0,
      "y" : 0.0,
      "z" : -1.0
    },
    "upDirection" : {
      "x" : 0.0,
      "y" : 1.0,
      "z" : 0.0
    },
    "position" : {
      "x" : 0.0,
      "y" : 0.0,
      "z" : 190.35284
    }
  },
  "embedding" : [ 1.0, 0.0, 0.0, 0.0, 0.0, 1.0, 0.0, 0.0, 0.0, 0.0, 1.0, 0.0, 0.0, 0.0, 0.0, 1.0 ],
  "shapes" : [ {
    "id" : "897c1a10-cdd2-466a-93ac-199e1cdd8261",
    "vertices" : [ {
      "x" : 0.9045085,
      "y" : 0.3454915,
      "z" : 0.25
    }, {
      "x" : 2.7135255,
      "y" : 1.4635255,
      "z" : 0.25
    }, {
      "x" : 2.5225425,
      "y" : 1.7725425,
      "z" : 0.25
    }, {
      "x" : 0.7135255,
      "y" : 0.6545085,
      "z" : 0.25
    }, {
      "x" : 0.809017,
      "y" : 0.5,
      "z" : -0.309017
    }, {
      "x" : 0.9635255,
      "y" : 0.25,
      "z" : -0.095491506
    }, {
      "x" : 0.309017,
      "y" : 0.19098301,
      "z" : 0.0
    }, {
      "x" : 3.118034,
      "y" : 1.927051,
      "z" : 0.0
    }, {
      "x" : 2.4635255,
      "y" : 1.868034,
      "z" : -0.095491506
    }, {
      "x" : 2.618034,
      "y" : 1.618034,
      "z" : -0.309017
    }, {
      "x" : 3.427051,
      "y" : 2.118034,
      "z" : 0.0
    }, {
      "x" : 0.6545085,
      "y" : 0.75,
      "z" : -0.095491506
    }, {
      "x" : 2.7725425,
      "y" : 1.368034,
      "z" : -0.095491506
    } ],
    "faces" : [ {
      "vertices" : [ 4, 11, 8 ]
    }, {
      "vertices" : [ 4, 8, 9 ]
    }, {
      "vertices" : [ 0, 1, 2 ]
    }, {
      "vertices" : [ 0, 2, 3 ]
    }, {
      "vertices" : [ 0, 3, 6 ]
    }, {
      "vertices" : [ 1, 7, 2 ]
    }, {
      "vertices" : [ 0, 6, 5 ]
    }, {
      "vertices" : [ 4, 5, 6 ]
    }, {
      "vertices" : [ 2, 7, 8 ]
    }, {
      "vertices" : [ 0, 5, 12 ]
    }, {
      "vertices" : [ 0, 12, 1 ]
    }, {
      "vertices" : [ 1, 12, 7 ]
    }, {
      "vertices" : [ 3, 11, 6 ]
    }, {
      "vertices" : [ 4, 6, 11 ]
    }, {
      "vertices" : [ 7, 9, 8 ]
    }, {
      "vertices" : [ 2, 8, 11 ]
    }, {
      "vertices" : [ 2, 11, 3 ]
    }, {
      "vertices" : [ 7, 12, 9 ]
    }, {
      "vertices" : [ 4, 9, 12 ]
    }, {
      "vertices" : [ 4, 12, 5 ]
    } ]
  }, {
    "id" : "bbfed931-8056-4fa0-85c6-b6441632e5cc",
    "vertices" : [ {
      "x" : 0.309017,
      "y" : -0.309017,
      "z" : -0.309017
    }, {
      "x" : 0.5,
      "y" : 0.0,
      "z" : -0.19098301
    }, {
      "x" : 0.5,
      "y" : 0.0,
      "z" : 0.19098301
    }, {
      "x" : 0.309017,
      "y" : -0.309017,
      "z" : 0.309017
    }, {
      "x" : 0.19098301,
      "y" : -0.5,
      "z" : 0.0
    }, {
      "x" : 0.0,
      "y" : 0.19098301,
      "z" : 0.5
    }, {
      "x" : 0.0,
      "y" : -0.19098301,
      "z" : 0.5
    }, {
      "x" : 0.309017,
      "y" : 0.309017,
      "z" : 0.309017
    }, {
      "x" : -0.309017,
      "y" : -0.309017,
      "z" : 0.309017
    }, {
      "x" : -0.309017,
      "y" : 0.309017,
      "z" : 0.309017
    }, {
      "x" : -0.5,
      "y" : 0.0,
      "z" : 0.19098301
    }, {
      "x" : 0.0,
      "y" : -0.19098301,
      "z" : -0.5
    }, {
      "x" : 0.0,
      "y" : 0.19098301,
      "z" : -0.5
    }, {
      "x" : 0.309017,
      "y" : 0.309017,
      "z" : -0.309017
    }, {
      "x" : -0.309017,
      "y" : -0.309017,
      "z" : -0.309017
    }, {
      "x" : -0.19098301,
      "y" : -0.5,
      "z" : 0.0
    }, {
      "x" : -0.5,
      "y" : 0.0,
      "z" : -0.19098301
    }, {
      "x" : 0.19098301,
      "y" : 0.5,
      "z" : 0.0
    }, {
      "x" : -0.309017,
      "y" : 0.309017,
      "z" : -0.309017
    }, {
      "x" : 0.0,
      "y" : 0.0,
      "z" : 0.0
    }, {
      "x" : -0.19098301,
      "y" : 0.5,
      "z" : 0.0
    } ],
    "faces" : [ {
      "vertices" : [ 12, 18, 20 ]
    }, {
      "vertices" : [ 12, 20, 17 ]
    }, {
      "vertices" : [ 12, 17, 13 ]
    }, {
      "vertices" : [ 3, 6, 8 ]
    }, {
      "vertices" : [ 3, 8, 15 ]
    }, {
      "vertices" : [ 3, 15, 4 ]
    }, {
      "vertices" : [ 0, 11, 12 ]
    }, {
      "vertices" : [ 0, 12, 13 ]
    }, {
      "vertices" : [ 0, 13, 1 ]
    }, {
      "vertices" : [ 5, 9, 10 ]
    }, {
      "vertices" : [ 5, 10, 8 ]
    }, {
      "vertices" : [ 5, 8, 6 ]
    }, {
      "vertices" : [ 2, 7, 5 ]
    }, {
      "vertices" : [ 2, 5, 6 ]
    }, {
      "vertices" : [ 2, 6, 3 ]
    }, {
      "vertices" : [ 11, 14, 16 ]
    }, {
      "vertices" : [ 11, 16, 18 ]
    }, {
      "vertices" : [ 11, 18, 12 ]
    }, {
      "vertices" : [ 1, 13, 17 ]
    }, {
      "vertices" : [ 1, 17, 7 ]
    }, {
      "vertices" : [ 1, 7, 2 ]
    }, {
      "vertices" : [ 9, 20, 18 ]
    }, {
      "vertices" : [ 9, 18, 16 ]
    }, {
      "vertices" : [ 9, 16, 10 ]
    }, {
      "vertices" : [ 0, 1, 2 ]
    }, {
      "vertices" : [ 0, 2, 3 ]
    }, {
      "vertices" : [ 0, 3, 4 ]
    }, {
      "vertices" : [ 5, 7, 17 ]
    }, {
      "vertices" : [ 5, 17, 20 ]
    }, {
      "vertices" : [ 5, 20, 9 ]
    }, {
      "vertices" : [ 0, 4, 15 ]
    }, {
      "vertices" : [ 0, 15, 14 ]
    }, {
      "vertices" : [ 0, 14, 11 ]
    }, {
      "vertices" : [ 8, 10, 16 ]
    }, {
      "vertices" : [ 8, 16, 14 ]
    }, {
      "vertices" : [ 8, 14, 15 ]
    } ]
  }, {
    "id" : "f416f608-78e2-485c-a26c-85ab792700ed",
    "vertices" : [ {
      "x" : 1.0,
      "y" : 0.309017,
      "z" : 0.19098301
    }, {
      "x" : 1.0,
      "y" : -0.309017,
      "z" : 0.19098301
    }, {
      "x" : 12.708204,
      "y" : -0.309017,
      "z" : 0.19098301
    }, {
      "x" : 12.708204,
      "y" : 0.309017,
      "z" : 0.19098301
    }, {
      "x" : 12.708204,
      "y" : -0.309017,
      "z" : -0.19098301
    }, {
      "x" : 12.708204,
      "y" : 0.309017,
      "z" : -0.19098301
    }, {
      "x" : 13.326238,
      "y" : 0.0,
      "z" : 0.0
    }, {
      "x" : 0.38196602,
      "y" : 0.0,
      "z" : 0.0
    }, {
      "x" : 1.0,
      "y" : 0.309017,
      "z" : -0.19098301
    }, {
      "x" : 1.0,
      "y" : -0.309017,
      "z" : -0.19098301
    }, {
      "x" : 13.708204,
      "y" : 0.0,
      "z" : 0.0
    } ],
    "faces" : [ {
      "vertices" : [ 1, 9, 4 ]
    }, {
      "vertices" : [ 1, 4, 2 ]
    }, {
      "vertices" : [ 0, 3, 5 ]
    }, {
      "vertices" : [ 0, 5, 8 ]
    }, {
      "vertices" : [ 1, 7, 9 ]
    }, {
      "vertices" : [ 0, 1, 2 ]
    }, {
      "vertices" : [ 0, 2, 3 ]
    }, {
      "vertices" : [ 7, 8, 9 ]
    }, {
      "vertices" : [ 0, 7, 1 ]
    }, {
      "vertices" : [ 4, 9, 8 ]
    }, {
      "vertices" : [ 4, 8, 5 ]
    }, {
      "vertices" : [ 2, 6, 3 ]
    }, {
      "vertices" : [ 2, 4, 6 ]
    }, {
      "vertices" : [ 3, 6, 5 ]
    }, {
      "vertices" : [ 4, 5, 6 ]
    }, {
      "vertices" : [ 0, 8, 7 ]
    } ]
  }, {
    "id" : "2764ac04-9d55-4ab0-bef6-f495eb548f52",
    "vertices" : [ {
      "x" : 0.9045085,
      "y" : 0.3454915,
      "z" : 0.25
    }, {
      "x" : 8.258611,
      "y" : 4.8905764,
      "z" : 0.25
    }, {
      "x" : 8.067628,
      "y" : 5.1995935,
      "z" : 0.25
    }, {
      "x" : 0.7135255,
      "y" : 0.6545085,
      "z" : 0.25
    }, {
      "x" : 0.809017,
      "y" : 0.5,
      "z" : -0.309017
    }, {
      "x" : 0.9635255,
      "y" : 0.25,
      "z" : -0.095491506
    }, {
      "x" : 0.309017,
      "y" : 0.19098301,
      "z" : 0.0
    }, {
      "x" : 8.663119,
      "y" : 5.354102,
      "z" : 0.0
    }, {
      "x" : 8.008611,
      "y" : 5.295085,
      "z" : -0.095491506
    }, {
      "x" : 8.163119,
      "y" : 5.045085,
      "z" : -0.309017
    }, {
      "x" : 8.972136,
      "y" : 5.545085,
      "z" : 0.0
    }, {
      "x" : 0.6545085,
      "y" : 0.75,
      "z" : -0.095491506
    }, {
      "x" : 8.317628,
      "y" : 4.795085,
      "z" : -0.095491506
    } ],
    "faces" : [ {
      "vertices" : [ 4, 11, 8 ]
    }, {
      "vertices" : [ 4, 8, 9 ]
    }, {
      "vertices" : [ 0, 1, 2 ]
    }, {
      "vertices" : [ 0, 2, 3 ]
    }, {
      "vertices" : [ 0, 3, 6 ]
    }, {
      "vertices" : [ 1, 7, 2 ]
    }, {
      "vertices" : [ 0, 6, 5 ]
    }, {
      "vertices" : [ 4, 5, 6 ]
    }, {
      "vertices" : [ 2, 7, 8 ]
    }, {
      "vertices" : [ 0, 5, 12 ]
    }, {
      "vertices" : [ 0, 12, 1 ]
    }, {
      "vertices" : [ 1, 12, 7 ]
    }, {
      "vertices" : [ 3, 11, 6 ]
    }, {
      "vertices" : [ 4, 6, 11 ]
    }, {
      "vertices" : [ 7, 9, 8 ]
    }, {
      "vertices" : [ 2, 8, 11 ]
    }, {
      "vertices" : [ 2, 11, 3 ]
    }, {
      "vertices" : [ 7, 12, 9 ]
    }, {
      "vertices" : [ 4, 9, 12 ]
    }, {
      "vertices" : [ 4, 12, 5 ]
    } ]
  }, {
    "id" : "7e7cc72c-11b4-44f2-bf18-bd746d5371a8",
    "vertices" : [ {
      "x" : -12.399187,
      "y" : 12.399187,
      "z" : 12.399187
    }, {
      "x" : 0.0,
      "y" : 20.062305,
      "z" : 12.399187
    }, {
      "x" : 0.0,
      "y" : 7.663119,
      "z" : 20.062305
    }, {
      "x" : -12.399187,
      "y" : 0.0,
      "z" : 20.062305
    } ],
    "faces" : [ {
      "vertices" : [ 0, 1, 2 ]
    }, {
      "vertices" : [ 0, 2, 3 ]
    }, {
      "vertices" : [ 0, 3, 2 ]
    }, {
      "vertices" : [ 0, 2, 1 ]
    } ]
  }, {
    "id" : "3837fc41-af19-43e5-aaf5-be5b78341a3c",
    "vertices" : [ {
      "x" : 12.399187,
      "y" : 12.399187,
      "z" : 12.399187
    }, {
      "x" : 20.062305,
      "y" : 12.399187,
      "z" : 0.0
    }, {
      "x" : 20.062305,
      "y" : 0.0,
      "z" : 7.663119
    }, {
      "x" : 12.399187,
      "y" : 0.0,
      "z" : 20.062305
    } ],
    "faces" : [ {
      "vertices" : [ 0, 1, 2 ]
    }, {
      "vertices" : [ 0, 2, 3 ]
    }, {
      "vertices" : [ 0, 3, 2 ]
    }, {
      "vertices" : [ 0, 2, 1 ]
    } ]
  }, {
    "id" : "16022219-03c1-4dc1-8aa5-b891095cbf72",
    "vertices" : [ {
      "x" : -12.399187,
      "y" : 12.399187,
      "z" : -12.399187
    }, {
      "x" : -12.399187,
      "y" : 0.0,
      "z" : -20.062305
    }, {
      "x" : 0.0,
      "y" : 7.663119,
      "z" : -20.062305
    }, {
      "x" : 0.0,
      "y" : 20.062305,
      "z" : -12.399187
    } ],
    "faces" : [ {
      "vertices" : [ 0, 1, 2 ]
    }, {
      "vertices" : [ 0, 2, 3 ]
    }, {
      "vertices" : [ 0, 3, 2 ]
    }, {
      "vertices" : [ 0, 2, 1 ]
    } ]
  }, {
    "id" : "32eb3b2e-08b2-4c94-8b8b-7e35a2078d6f",
    "vertices" : [ {
      "x" : -7.663119,
      "y" : 20.062305,
      "z" : 0.0
    }, {
      "x" : 0.0,
      "y" : 20.062305,
      "z" : -12.399187
    }, {
      "x" : 7.663119,
      "y" : 20.062305,
      "z" : 0.0
    }, {
      "x" : 0.0,
      "y" : 20.062305,
      "z" : 12.399187
    } ],
    "faces" : [ {
      "vertices" : [ 0, 1, 2 ]
    }, {
      "vertices" : [ 0, 2, 3 ]
    }, {
      "vertices" : [ 0, 3, 2 ]
    }, {
      "vertices" : [ 0, 2, 1 ]
    } ]
  }, {
    "id" : "fbf18db9-da0a-4bb0-97d4-88dbae0d01c5",
    "vertices" : [ {
      "x" : -12.399187,
      "y" : -12.399187,
      "z" : -12.399187
    }, {
      "x" : -12.399187,
      "y" : 0.0,
      "z" : -20.062305
    }, {
      "x" : -20.062305,
      "y" : 0.0,
      "z" : -7.663119
    }, {
      "x" : -20.062305,
      "y" : -12.399187,
      "z" : 0.0
    } ],
    "faces" : [ {
      "vertices" : [ 0, 1, 2 ]
    }, {
      "vertices" : [ 0, 2, 3 ]
    }, {
      "vertices" : [ 0, 3, 2 ]
    }, {
      "vertices" : [ 0, 2, 1 ]
    } ]
  }, {
    "id" : "4fd41b27-1c16-4275-8768-128920dfa610",
    "vertices" : [ {
      "x" : 0.0,
      "y" : 7.663119,
      "z" : 20.062305
    }, {
      "x" : 0.0,
      "y" : 20.062305,
      "z" : 12.399187
    }, {
      "x" : 12.399187,
      "y" : 12.399187,
      "z" : 12.399187
    }, {
      "x" : 12.399187,
      "y" : 0.0,
      "z" : 20.062305
    } ],
    "faces" : [ {
      "vertices" : [ 0, 1, 2 ]
    }, {
      "vertices" : [ 0, 2, 3 ]
    }, {
      "vertices" : [ 0, 3, 2 ]
    }, {
      "vertices" : [ 0, 2, 1 ]
    } ]
  }, {
    "id" : "11989316-3645-4ea4-a8f2-d05e9a7197ba",
    "vertices" : [ {
      "x" : -12.399187,
      "y" : 12.399187,
      "z" : -12.399187
    }, {
      "x" : 0.0,
      "y" : 20.062305,
      "z" : -12.399187
    }, {
      "x" : -7.663119,
      "y" : 20.062305,
      "z" : 0.0
    }, {
      "x" : -20.062305,
      "y" : 12.399187,
      "z" : 0.0
    } ],
    "faces" : [ {
      "vertices" : [ 0, 1, 2 ]
    }, {
      "vertices" : [ 0, 2, 3 ]
    }, {
      "vertices" : [ 0, 3, 2 ]
    }, {
      "vertices" : [ 0, 2, 1 ]
    } ]
  }, {
    "id" : "e47f52bd-3726-4911-9cb8-01d0a18d3f69",
    "vertices" : [ {
      "x" : 7.663119,
      "y" : 20.062305,
      "z" : 0.0
    }, {
      "x" : 20.062305,
      "y" : 12.399187,
      "z" : 0.0
    }, {
      "x" : 12.399187,
      "y" : 12.399187,
      "z" : 12.399187
    }, {
      "x" : 0.0,
      "y" : 20.062305,
      "z" : 12.399187
    } ],
    "faces" : [ {
      "vertices" : [ 0, 1, 2 ]
    }, {
      "vertices" : [ 0, 2, 3 ]
    }, {
      "vertices" : [ 0, 3, 2 ]
    }, {
      "vertices" : [ 0, 2, 1 ]
    } ]
  }, {
    "id" : "4b7ab767-e669-4a2c-b38b-d1dec8cddffc",
    "vertices" : [ {
      "x" : 0.0,
      "y" : 7.663119,
      "z" : -20.062305
    }, {
      "x" : 12.399187,
      "y" : 0.0,
      "z" : -20.062305
    }, {
      "x" : 12.399187,
      "y" : 12.399187,
      "z" : -12.399187
    }, {
      "x" : 0.0,
      "y" : 20.062305,
      "z" : -12.399187
    } ],
    "faces" : [ {
      "vertices" : [ 0, 1, 2 ]
    }, {
      "vertices" : [ 0, 2, 3 ]
    }, {
      "vertices" : [ 0, 3, 2 ]
    }, {
      "vertices" : [ 0, 2, 1 ]
    } ]
  }, {
    "id" : "c0335445-ee6f-4635-93d8-e0fbe009faa2",
    "vertices" : [ {
      "x" : -20.062305,
      "y" : 0.0,
      "z" : 7.663119
    }, {
      "x" : -20.062305,
      "y" : 12.399187,
      "z" : 0.0
    }, {
      "x" : -12.399187,
      "y" : 12.399187,
      "z" : 12.399187
    }, {
      "x" : -12.399187,
      "y" : 0.0,
      "z" : 20.062305
    } ],
    "faces" : [ {
      "vertices" : [ 0, 1, 2 ]
    }, {
      "vertices" : [ 0, 2, 3 ]
    }, {
      "vertices" : [ 0, 3, 2 ]
    }, {
      "vertices" : [ 0, 2, 1 ]
    } ]
  }, {
    "id" : "3c731d5e-a707-414c-9ea0-a7c1d55e2717",
    "vertices" : [ {
      "x" : -12.399187,
      "y" : -12.399187,
      "z" : -12.399187
    }, {
      "x" : -20.062305,
      "y" : -12.399187,
      "z" : 0.0
    }, {
      "x" : -7.663119,
      "y" : -20.062305,
      "z" : 0.0
    }, {
      "x" : 0.0,
      "y" : -20.062305,
      "z" : -12.399187
    } ],
    "faces" : [ {
      "vertices" : [ 0, 1, 2 ]
    }, {
      "vertices" : [ 0, 2, 3 ]
    }, {
      "vertices" : [ 0, 3, 2 ]
    }, {
      "vertices" : [ 0, 2, 1 ]
    } ]
  }, {
    "id" : "ec55cde2-8ca5-46fa-90e7-8745a9e4cd02",
    "vertices" : [ {
      "x" : 0.0,
      "y" : -7.663119,
      "z" : -20.062305
    }, {
      "x" : 0.0,
      "y" : -20.062305,
      "z" : -12.399187
    }, {
      "x" : 12.399187,
      "y" : -12.399187,
      "z" : -12.399187
    }, {
      "x" : 12.399187,
      "y" : 0.0,
      "z" : -20.062305
    } ],
    "faces" : [ {
      "vertices" : [ 0, 1, 2 ]
    }, {
      "vertices" : [ 0, 2, 3 ]
    }, {
      "vertices" : [ 0, 3, 2 ]
    }, {
      "vertices" : [ 0, 2, 1 ]
    } ]
  }, {
    "id" : "9111a5d0-0fbe-43ad-83b9-29c71437c4b3",
    "vertices" : [ {
      "x" : 7.663119,
      "y" : 20.062305,
      "z" : 0.0
    }, {
      "x" : 0.0,
      "y" : 20.062305,
      "z" : -12.399187
    }, {
      "x" : 12.399187,
      "y" : 12.399187,
      "z" : -12.399187
    }, {
      "x" : 20.062305,
      "y" : 12.399187,
      "z" : 0.0
    } ],
    "faces" : [ {
      "vertices" : [ 0, 1, 2 ]
    }, {
      "vertices" : [ 0, 2, 3 ]
    }, {
      "vertices" : [ 0, 3, 2 ]
    }, {
      "vertices" : [ 0, 2, 1 ]
    } ]
  }, {
    "id" : "ca3aff00-02e2-4aae-891d-6b5f3aa71161",
    "vertices" : [ {
      "x" : 20.062305,
      "y" : 0.0,
      "z" : 7.663119
    }, {
      "x" : 20.062305,
      "y" : -12.399187,
      "z" : 0.0
    }, {
      "x" : 12.399187,
      "y" : -12.399187,
      "z" : 12.399187
    }, {
      "x" : 12.399187,
      "y" : 0.0,
      "z" : 20.062305
    } ],
    "faces" : [ {
      "vertices" : [ 0, 1, 2 ]
    }, {
      "vertices" : [ 0, 2, 3 ]
    }, {
      "vertices" : [ 0, 3, 2 ]
    }, {
      "vertices" : [ 0, 2, 1 ]
    } ]
  }, {
    "id" : "9bb3e230-9c06-4f60-ae06-f47151a37863",
    "vertices" : [ {
      "x" : 7.663119,
      "y" : -20.062305,
      "z" : 0.0
    }, {
      "x" : 0.0,
      "y" : -20.062305,
      "z" : 12.399187
    }, {
      "x" : 12.399187,
      "y" : -12.399187,
      "z" : 12.399187
    }, {
      "x" : 20.062305,
      "y" : -12.399187,
      "z" : 0.0
    } ],
    "faces" : [ {
      "vertices" : [ 0, 1, 2 ]
    }, {
      "vertices" : [ 0, 2, 3 ]
    }, {
      "vertices" : [ 0, 3, 2 ]
    }, {
      "vertices" : [ 0, 2, 1 ]
    } ]
  }, {
    "id" : "fc6bb95d-f930-442d-a6a5-dec6196360b6",
    "vertices" : [ {
      "x" : -7.663119,
      "y" : -20.062305,
      "z" : 0.0
    }, {
      "x" : 0.0,
      "y" : -20.062305,
      "z" : 12.399187
    }, {
      "x" : 7.663119,
      "y" : -20.062305,
      "z" : 0.0
    }, {
      "x" : 0.0,
      "y" : -20.062305,
      "z" : -12.399187
    } ],
    "faces" : [ {
      "vertices" : [ 0, 1, 2 ]
    }, {
      "vertices" : [ 0, 2, 3 ]
    }, {
      "vertices" : [ 0, 3, 2 ]
    }, {
      "vertices" : [ 0, 2, 1 ]
    } ]
  }, {
    "id" : "44b54ffe-5841-40f2-856a-702d294aeda9",
    "vertices" : [ {
      "x" : -12.399187,
      "y" : 12.399187,
      "z" : 12.399187
    }, {
      "x" : -20.062305,
      "y" : 12.399187,
      "z" : 0.0
    }, {
      "x" : -7.663119,
      "y" : 20.062305,
      "z" : 0.0
    }, {
      "x" : 0.0,
      "y" : 20.062305,
      "z" : 12.399187
    } ],
    "faces" : [ {
      "vertices" : [ 0, 1, 2 ]
    }, {
      "vertices" : [ 0, 2, 3 ]
    }, {
      "vertices" : [ 0, 3, 2 ]
    }, {
      "vertices" : [ 0, 2, 1 ]
    } ]
  }, {
    "id" : "22978f54-1c95-4659-b505-a4f2874e92be",
    "vertices" : [ {
      "x" : -20.062305,
      "y" : 0.0,
      "z" : -7.663119
    }, {
      "x" : -12.399187,
      "y" : 0.0,
      "z" : -20.062305
    }, {
      "x" : -12.399187,
      "y" : 12.399187,
      "z" : -12.399187
    }, {
      "x" : -20.062305,
      "y" : 12.399187,
      "z" : 0.0
    } ],
    "faces" : [ {
      "vertices" : [ 0, 1, 2 ]
    }, {
      "vertices" : [ 0, 2, 3 ]
    }, {
      "vertices" : [ 0, 3, 2 ]
    }, {
      "vertices" : [ 0, 2, 1 ]
    } ]
  }, {
    "id" : "edc5ab54-1396-4fba-a7ee-d953cad97833",
    "vertices" : [ {
      "x" : -7.663119,
      "y" : -20.062305,
      "z" : 0.0
    }, {
      "x" : -20.062305,
      "y" : -12.399187,
      "z" : 0.0
    }, {
      "x" : -12.399187,
      "y" : -12.399187,
      "z" : 12.399187
    }, {
      "x" : 0.0,
      "y" : -20.062305,
      "z" : 12.399187
    } ],
    "faces" : [ {
      "vertices" : [ 0, 1, 2 ]
    }, {
      "vertices" : [ 0, 2, 3 ]
    }, {
      "vertices" : [ 0, 3, 2 ]
    }, {
      "vertices" : [ 0, 2, 1 ]
    } ]
  }, {
    "id" : "89827b13-e623-4616-91f2-01e1e27c64ee",
    "vertices" : [ {
      "x" : 12.399187,
      "y" : -12.399187,
      "z" : -12.399187
    }, {
      "x" : 20.062305,
      "y" : -12.399187,
      "z" : 0.0
    }, {
      "x" : 20.062305,
      "y" : 0.0,
      "z" : -7.663119
    }, {
      "x" : 12.399187,
      "y" : 0.0,
      "z" : -20.062305
    } ],
    "faces" : [ {
      "vertices" : [ 0, 1, 2 ]
    }, {
      "vertices" : [ 0, 2, 3 ]
    }, {
      "vertices" : [ 0, 3, 2 ]
    }, {
      "vertices" : [ 0, 2, 1 ]
    } ]
  }, {
    "id" : "74d57ce1-f6e6-4164-880d-5d338235e187",
    "vertices" : [ {
      "x" : 0.0,
      "y" : -7.663119,
      "z" : -20.062305
    }, {
      "x" : 12.399187,
      "y" : 0.0,
      "z" : -20.062305
    }, {
      "x" : 0.0,
      "y" : 7.663119,
      "z" : -20.062305
    }, {
      "x" : -12.399187,
      "y" : 0.0,
      "z" : -20.062305
    } ],
    "faces" : [ {
      "vertices" : [ 0, 1, 2 ]
    }, {
      "vertices" : [ 0, 2, 3 ]
    }, {
      "vertices" : [ 0, 3, 2 ]
    }, {
      "vertices" : [ 0, 2, 1 ]
    } ]
  }, {
    "id" : "7c4160af-08db-499b-b8ed-2fcdc1e3ef96",
    "vertices" : [ {
      "x" : 20.062305,
      "y" : 0.0,
      "z" : -7.663119
    }, {
      "x" : 20.062305,
      "y" : -12.399187,
      "z" : 0.0
    }, {
      "x" : 20.062305,
      "y" : 0.0,
      "z" : 7.663119
    }, {
      "x" : 20.062305,
      "y" : 12.399187,
      "z" : 0.0
    } ],
    "faces" : [ {
      "vertices" : [ 0, 1, 2 ]
    }, {
      "vertices" : [ 0, 2, 3 ]
    }, {
      "vertices" : [ 0, 3, 2 ]
    }, {
      "vertices" : [ 0, 2, 1 ]
    } ]
  }, {
    "id" : "cc087504-e724-4d44-9af5-13eafc7985a2",
    "vertices" : [ {
      "x" : 12.399187,
      "y" : -12.399187,
      "z" : -12.399187
    }, {
      "x" : 0.0,
      "y" : -20.062305,
      "z" : -12.399187
    }, {
      "x" : 7.663119,
      "y" : -20.062305,
      "z" : 0.0
    }, {
      "x" : 20.062305,
      "y" : -12.399187,
      "z" : 0.0
    } ],
    "faces" : [ {
      "vertices" : [ 0, 1, 2 ]
    }, {
      "vertices" : [ 0, 2, 3 ]
    }, {
      "vertices" : [ 0, 3, 2 ]
    }, {
      "vertices" : [ 0, 2, 1 ]
    } ]
  }, {
    "id" : "6aebd400-b443-4cff-9598-38ada622b595",
    "vertices" : [ {
      "x" : -12.399187,
      "y" : -12.399187,
      "z" : -12.399187
    }, {
      "x" : 0.0,
      "y" : -20.062305,
      "z" : -12.399187
    }, {
      "x" : 0.0,
      "y" : -7.663119,
      "z" : -20.062305
    }, {
      "x" : -12.399187,
      "y" : 0.0,
      "z" : -20.062305
    } ],
    "faces" : [ {
      "vertices" : [ 0, 1, 2 ]
    }, {
      "vertices" : [ 0, 2, 3 ]
    }, {
      "vertices" : [ 0, 3, 2 ]
    }, {
      "vertices" : [ 0, 2, 1 ]
    } ]
  }, {
    "id" : "23ea2899-7b0a-4ddc-8336-ffe5326e4186",
    "vertices" : [ {
      "x" : -20.062305,
      "y" : 0.0,
      "z" : 7.663119
    }, {
      "x" : -12.399187,
      "y" : 0.0,
      "z" : 20.062305
    }, {
      "x" : -12.399187,
      "y" : -12.399187,
      "z" : 12.399187
    }, {
      "x" : -20.062305,
      "y" : -12.399187,
      "z" : 0.0
    } ],
    "faces" : [ {
      "vertices" : [ 0, 1, 2 ]
    }, {
      "vertices" : [ 0, 2, 3 ]
    }, {
      "vertices" : [ 0, 3, 2 ]
    }, {
      "vertices" : [ 0, 2, 1 ]
    } ]
  }, {
    "id" : "1a6b12aa-1dd0-4183-aa19-feda6e136ef3",
    "vertices" : [ {
      "x" : 12.399187,
      "y" : 12.399187,
      "z" : -12.399187
    }, {
      "x" : 12.399187,
      "y" : 0.0,
      "z" : -20.062305
    }, {
      "x" : 20.062305,
      "y" : 0.0,
      "z" : -7.663119
    }, {
      "x" : 20.062305,
      "y" : 12.399187,
      "z" : 0.0
    } ],
    "faces" : [ {
      "vertices" : [ 0, 1, 2 ]
    }, {
      "vertices" : [ 0, 2, 3 ]
    }, {
      "vertices" : [ 0, 3, 2 ]
    }, {
      "vertices" : [ 0, 2, 1 ]
    } ]
  }, {
    "id" : "a5145054-434f-4396-adbb-b87ba82c3464",
    "vertices" : [ {
      "x" : -20.062305,
      "y" : 0.0,
      "z" : -7.663119
    }, {
      "x" : -20.062305,
      "y" : 12.399187,
      "z" : 0.0
    }, {
      "x" : -20.062305,
      "y" : 0.0,
      "z" : 7.663119
    }, {
      "x" : -20.062305,
      "y" : -12.399187,
      "z" : 0.0
    } ],
    "faces" : [ {
      "vertices" : [ 0, 1, 2 ]
    }, {
      "vertices" : [ 0, 2, 3 ]
    }, {
      "vertices" : [ 0, 3, 2 ]
    }, {
      "vertices" : [ 0, 2, 1 ]
    } ]
  }, {
    "id" : "470d6b42-2f47-4471-b6dd-01f4a20aacc3",
    "vertices" : [ {
      "x" : 0.0,
      "y" : -7.663119,
      "z" : 20.062305
    }, {
      "x" : 12.399187,
      "y" : 0.0,
      "z" : 20.062305
    }, {
      "x" : 12.399187,
      "y" : -12.399187,
      "z" : 12.399187
    }, {
      "x" : 0.0,
      "y" : -20.062305,
      "z" : 12.399187
    } ],
    "faces" : [ {
      "vertices" : [ 0, 1, 2 ]
    }, {
      "vertices" : [ 0, 2, 3 ]
    }, {
      "vertices" : [ 0, 3, 2 ]
    }, {
      "vertices" : [ 0, 2, 1 ]
    } ]
  }, {
    "id" : "d3c32510-3947-417d-99b1-7de44689f581",
    "vertices" : [ {
      "x" : 0.0,
      "y" : 7.663119,
      "z" : 20.062305
    }, {
      "x" : 12.399187,
      "y" : 0.0,
      "z" : 20.062305
    }, {
      "x" : 0.0,
      "y" : -7.663119,
      "z" : 20.062305
    }, {
      "x" : -12.399187,
      "y" : 0.0,
      "z" : 20.062305
    } ],
    "faces" : [ {
      "vertices" : [ 0, 1, 2 ]
    }, {
      "vertices" : [ 0, 2, 3 ]
    }, {
      "vertices" : [ 0, 3, 2 ]
    }, {
      "vertices" : [ 0, 2, 1 ]
    } ]
  }, {
    "id" : "89ec2e83-3b2c-4df2-a9ff-e03e433f35e6",
    "vertices" : [ {
      "x" : -12.399187,
      "y" : -12.399187,
      "z" : 12.399187
    }, {
      "x" : -12.399187,
      "y" : 0.0,
      "z" : 20.062305
    }, {
      "x" : 0.0,
      "y" : -7.663119,
      "z" : 20.062305
    }, {
      "x" : 0.0,
      "y" : -20.062305,
      "z" : 12.399187
    } ],
    "faces" : [ {
      "vertices" : [ 0, 1, 2 ]
    }, {
      "vertices" : [ 0, 2, 3 ]
    }, {
      "vertices" : [ 0, 3, 2 ]
    }, {
      "vertices" : [ 0, 2, 1 ]
    } ]
  } ],
  "instances" : [ {
    "shape" : "897c1a10-cdd2-466a-93ac-199e1cdd8261",
    "color" : "#AF0000",
    "position" : {
      "x" : 0.0,
      "y" : 7.663119,
      "z" : 20.062305
    },
    "orientation" : 15
  }, {
    "shape" : "897c1a10-cdd2-466a-93ac-199e1cdd8261",
    "color" : "#AF0000",
    "position" : {
      "x" : 20.062305,
      "y" : 0.0,
      "z" : -7.663119
    },
    "orientation" : 31
  }, {
    "shape" : "bbfed931-8056-4fa0-85c6-b6441632e5cc",
    "color" : "#FFFFFF",
    "position" : {
      "x" : 12.399187,
      "y" : -8.972136,
      "z" : 14.5172205
    }
  }, {
    "shape" : "f416f608-78e2-485c-a26c-85ab792700ed",
    "color" : "#007695",
    "position" : {
      "x" : 17.944271,
      "y" : 6.854102,
      "z" : 11.09017
    },
    "orientation" : 38
  }, {
    "shape" : "bbfed931-8056-4fa0-85c6-b6441632e5cc",
    "color" : "#FFFFFF",
    "position" : {
      "x" : 0.0,
      "y" : -20.062305,
      "z" : -12.399187
    }
  }, {
    "shape" : "f416f608-78e2-485c-a26c-85ab792700ed",
    "color" : "#007695",
    "position" : {
      "x" : 6.854102,
      "y" : 11.09017,
      "z" : -17.944271
    },
    "orientation" : 8
  }, {
    "shape" : "f416f608-78e2-485c-a26c-85ab792700ed",
    "color" : "#007695",
    "position" : {
      "x" : -6.854102,
      "y" : -11.09017,
      "z" : -17.944271
    },
    "orientation" : 0
  }, {
    "shape" : "bbfed931-8056-4fa0-85c6-b6441632e5cc",
    "color" : "#FFFFFF",
    "position" : {
      "x" : -20.062305,
      "y" : -3.427051,
      "z" : 5.545085
    }
  }, {
    "shape" : "bbfed931-8056-4fa0-85c6-b6441632e5cc",
    "color" : "#FFFFFF",
    "position" : {
      "x" : -22.18034,
      "y" : 0.0,
      "z" : 0.0
    }
  }, {
    "shape" : "2764ac04-9d55-4ab0-bef6-f495eb548f52",
    "color" : "#AF0000",
    "position" : {
      "x" : 0.0,
      "y" : -11.09017,
      "z" : 17.944271
    },
    "orientation" : 16
  }, {
    "shape" : "bbfed931-8056-4fa0-85c6-b6441632e5cc",
    "color" : "#FFFFFF",
    "position" : {
      "x" : -20.062305,
      "y" : -12.399187,
      "z" : 0.0
    }
  }, {
    "shape" : "f416f608-78e2-485c-a26c-85ab792700ed",
    "color" : "#007695",
    "position" : {
      "x" : -17.944271,
      "y" : -6.854102,
      "z" : 11.09017
    },
    "orientation" : 8
  }, {
    "shape" : "f416f608-78e2-485c-a26c-85ab792700ed",
    "color" : "#007695",
    "position" : {
      "x" : 17.944271,
      "y" : -6.854102,
      "z" : -11.09017
    },
    "orientation" : 10
  }, {
    "shape" : "2764ac04-9d55-4ab0-bef6-f495eb548f52",
    "color" : "#AF0000",
    "position" : {
      "x" : 5.545085,
      "y" : 20.062305,
      "z" : -3.427051
    },
    "orientation" : 47
  }, {
    "shape" : "7e7cc72c-11b4-44f2-bf18-bd746d5371a8",
    "color" : "#7FBACA",
    "position" : {
      "x" : 0.0,
      "y" : 0.0,
      "z" : 0.0
    }
  }, {
    "shape" : "f416f608-78e2-485c-a26c-85ab792700ed",
    "color" : "#007695",
    "position" : {
      "x" : 6.854102,
      "y" : 11.09017,
      "z" : 17.944271
    },
    "orientation" : 52
  }, {
    "shape" : "f416f608-78e2-485c-a26c-85ab792700ed",
    "color" : "#007695",
    "position" : {
      "x" : 17.944271,
      "y" : 6.854102,
      "z" : 11.09017
    },
    "orientation" : 25
  }, {
    "shape" : "bbfed931-8056-4fa0-85c6-b6441632e5cc",
    "color" : "#FFFFFF",
    "position" : {
      "x" : 6.854102,
      "y" : 11.09017,
      "z" : 17.944271
    }
  }, {
    "shape" : "bbfed931-8056-4fa0-85c6-b6441632e5cc",
    "color" : "#FFFFFF",
    "position" : {
      "x" : 0.0,
      "y" : 0.0,
      "z" : 22.18034
    }
  }, {
    "shape" : "2764ac04-9d55-4ab0-bef6-f495eb548f52",
    "color" : "#AF0000",
    "position" : {
      "x" : -5.545085,
      "y" : -20.062305,
      "z" : -3.427051
    },
    "orientation" : 17
  }, {
    "shape" : "bbfed931-8056-4fa0-85c6-b6441632e5cc",
    "color" : "#FFFFFF",
    "position" : {
      "x" : -11.09017,
      "y" : 17.944271,
      "z" : -6.854102
    }
  }, {
    "shape" : "bbfed931-8056-4fa0-85c6-b6441632e5cc",
    "color" : "#FFFFFF",
    "position" : {
      "x" : -17.944271,
      "y" : -6.854102,
      "z" : 11.09017
    }
  }, {
    "shape" : "bbfed931-8056-4fa0-85c6-b6441632e5cc",
    "color" : "#FFFFFF",
    "position" : {
      "x" : 3.427051,
      "y" : -5.545085,
      "z" : 20.062305
    }
  }, {
    "shape" : "897c1a10-cdd2-466a-93ac-199e1cdd8261",
    "color" : "#AF0000",
    "position" : {
      "x" : 12.399187,
      "y" : -12.399187,
      "z" : -12.399187
    },
    "orientation" : 46
  }, {
    "shape" : "bbfed931-8056-4fa0-85c6-b6441632e5cc",
    "color" : "#FFFFFF",
    "position" : {
      "x" : 3.427051,
      "y" : 5.545085,
      "z" : 20.062305
    }
  }, {
    "shape" : "3837fc41-af19-43e5-aaf5-be5b78341a3c",
    "color" : "#7FBACA",
    "position" : {
      "x" : 0.0,
      "y" : 0.0,
      "z" : 0.0
    }
  }, {
    "shape" : "bbfed931-8056-4fa0-85c6-b6441632e5cc",
    "color" : "#FFFFFF",
    "position" : {
      "x" : 5.545085,
      "y" : -20.062305,
      "z" : -3.427051
    }
  }, {
    "shape" : "bbfed931-8056-4fa0-85c6-b6441632e5cc",
    "color" : "#FFFFFF",
    "position" : {
      "x" : 17.944271,
      "y" : 6.854102,
      "z" : -11.09017
    }
  }, {
    "shape" : "bbfed931-8056-4fa0-85c6-b6441632e5cc",
    "color" : "#FFFFFF",
    "position" : {
      "x" : -12.399187,
      "y" : -8.972136,
      "z" : 14.5172205
    }
  }, {
    "shape" : "2764ac04-9d55-4ab0-bef6-f495eb548f52",
    "color" : "#AF0000",
    "position" : {
      "x" : 14.5172205,
      "y" : -12.399187,
      "z" : 8.972136
    },
    "orientation" : 17
  }, {
    "shape" : "f416f608-78e2-485c-a26c-85ab792700ed",
    "color" : "#007695",
    "position" : {
      "x" : 11.09017,
      "y" : -17.944271,
      "z" : -6.854102
    },
    "orientation" : 41
  }, {
    "shape" : "bbfed931-8056-4fa0-85c6-b6441632e5cc",
    "color" : "#FFFFFF",
    "position" : {
      "x" : -8.972136,
      "y" : 14.5172205,
      "z" : -12.399187
    }
  }, {
    "shape" : "897c1a10-cdd2-466a-93ac-199e1cdd8261",
    "color" : "#AF0000",
    "position" : {
      "x" : 20.062305,
      "y" : 0.0,
      "z" : -7.663119
    },
    "orientation" : 1
  }, {
    "shape" : "2764ac04-9d55-4ab0-bef6-f495eb548f52",
    "color" : "#AF0000",
    "position" : {
      "x" : -12.399187,
      "y" : 8.972136,
      "z" : 14.5172205
    },
    "orientation" : 31
  }, {
    "shape" : "bbfed931-8056-4fa0-85c6-b6441632e5cc",
    "color" : "#FFFFFF",
    "position" : {
      "x" : -12.399187,
      "y" : 12.399187,
      "z" : 12.399187
    }
  }, {
    "shape" : "bbfed931-8056-4fa0-85c6-b6441632e5cc",
    "color" : "#FFFFFF",
    "position" : {
      "x" : 20.062305,
      "y" : 0.0,
      "z" : -7.663119
    }
  }, {
    "shape" : "f416f608-78e2-485c-a26c-85ab792700ed",
    "color" : "#007695",
    "position" : {
      "x" : -11.09017,
      "y" : -17.944271,
      "z" : -6.854102
    },
    "orientation" : 2
  }, {
    "shape" : "f416f608-78e2-485c-a26c-85ab792700ed",
    "color" : "#007695",
    "position" : {
      "x" : 0.0,
      "y" : 0.0,
      "z" : -22.18034
    },
    "orientation" : 39
  }, {
    "shape" : "897c1a10-cdd2-466a-93ac-199e1cdd8261",
    "color" : "#AF0000",
    "position" : {
      "x" : 12.399187,
      "y" : 12.399187,
