{
  "field" : "golden",
  "symmetry" : "icosahedral",
  "orientations" : [ [ 1.0, 0.0, 0.0, 0.0, 0.0, 1.0, 0.0, 0.0, 0.0, 0.0, 1.0, 0.0, 0.0, 0.0, 0.0, 1.0 ], [ 0.0, 0.0, 1.0, 0.0, 1.0, 0.0, 0.0, 0.0, 0.0, 1.0, 0.0, 0.0, 0.0, 0.0, 0.0, 1.0 ], [ 0.0, 1.0, 0.0, 0.0, 0.0, 0.0, 1.0, 0.0, 1.0, 0.0, 0.0, 0.0, 0.0, 0.0, 0.0, 1.0 ], [ 0.809017, 0.309017, 0.5, 0.0, 0.309017, 0.5, -0.809017, 0.0, -0.5, 0.809017, 0.309017, 0.0, 0.0, 0.0, 0.0, 1.0 ], [ -0.5, 0.809017, 0.309017, 0.0, 0.809017, 0.309017, 0.5, 0.0, 0.309017, 0.5, -0.809017, 0.0, 0.0, 0.0, 0.0, 1.0 ], [ 0.309017, 0.5, -0.809017, 0.0, -0.5, 0.809017, 0.309017, 0.0, 0.809017, 0.309017, 0.5, 0.0, 0.0, 0.0, 0.0, 1.0 ], [ 0.5, 0.809017, 0.309017, 0.0, 0.809017, -0.309017, -0.5, 0.0, -0.309017, 0.5, -0.809017, 0.0, 0.0, 0.0, 0.0, 1.0 ], [ -0.309017, 0.5, -0.809017, 0.0, 0.5, 0.809017, 0.309017, 0.0, 0.809017, -0.309017, -0.5, 0.0, 0.0, 0.0, 0.0, 1.0 ], [ 0.809017, -0.309017, -0.5, 0.0, -0.309017, 0.5, -0.809017, 0.0, 0.5, 0.809017, 0.309017, 0.0, 0.0, 0.0, 0.0, 1.0 ], [ 0.5, 0.809017, -0.309017, 0.0, 0.809017, -0.309017, 0.5, 0.0, 0.309017, -0.5, -0.809017, 0.0, 0.0, 0.0, 0.0, 1.0 ], [ 0.309017, -0.5, -0.809017, 0.0, 0.5, 0.809017, -0.309017, 0.0, 0.809017, -0.309017, 0.5, 0.0, 0.0, 0.0, 0.0, 1.0 ], [ 0.809017, -0.309017, 0.5, 0.0, 0.309017, -0.5, -0.809017, 0.0, 0.5, 0.809017, -0.309017, 0.0, 0.0, 0.0, 0.0, 1.0 ], [ 0.809017, 0.309017, -0.5, 0.0, 0.309017, 0.5, 0.809017, 0.0, 0.5, -0.809017, 0.309017, 0.0, 0.0, 0.0, 0.0, 1.0 ], [ 0.5, -0.809017, 0.309017, 0.0, 0.809017, 0.309017, -0.5, 0.0, 0.309017, 0.5, 0.809017, 0.0, 0.0, 0.0, 0.0, 1.0 ], [ 0.309017, 0.5, 0.809017, 0.0, 0.5, -0.809017, 0.309017, 0.0, 0.809017, 0.309017, -0.5, 0.0, 0.0, 0.0, 0.0, 1.0 ], [ 1.0, 0.0, 0.0, 0.0, 0.0, -1.0, 0.0, 0.0, 0.0, 0.0, -1.0, 0.0, 0.0, 0.0, 0.0, 1.0 ], [ 0.0, 0.0, 1.0, 0.0, -1.0, 0.0, 0.0, 0.0, 0.0, -1.0, 0.0, 0.0, 0.0, 0.0, 0.0, 1.0 ], [ 0.0, 1.0, 0.0, 0.0, 0.0, 0.0, -1.0, 0.0, -1.0, 0.0, 0.0, 0.0, 0.0, 0.0, 0.0, 1.0 ], [ 0.809017, 0.309017, 0.5, 0.0, -0.309017, -0.5, 0.809017, 0.0, 0.5, -0.809017, -0.309017, 0.0, 0.0, 0.0, 0.0, 1.0 ], [ -0.5, 0.809017, 0.309017, 0.0, -0.809017, -0.309017, -0.5, 0.0, -0.309017, -0.5, 0.809017, 0.0, 0.0, 0.0, 0.0, 1.0 ], [ 0.309017, 0.5, -0.809017, 0.0, 0.5, -0.809017, -0.309017, 0.0, -0.809017, -0.309017, -0.5, 0.0, 0.0, 0.0, 0.0, 1.0 ], [ 0.5, 0.809017, 0.309017, 0.0, -0.809017, 0.309017, 0.5, 0.0, 0.309017, -0.5, 0.809017, 0.0, 0.0, 0.0, 0.0, 1.0 ], [ -0.309017, 0.5, -0.809017, 0.0, -0.5, -0.809017, -0.309017, 0.0, -0.809017, 0.309017, 0.5, 0.0, 0.0, 0.0, 0.0, 1.0 ], [ 0.809017, -0.309017, -0.5, 0.0, 0.309017, -0.5, 0.809017, 0.0, -0.5, -0.809017, -0.309017, 0.0, 0.0, 0.0, 0.0, 1.0 ], [ 0.5, 0.809017, -0.309017, 0.0, -0.809017, 0.309017, -0.5, 0.0, -0.309017, 0.5, 0.809017, 0.0, 0.0, 0.0, 0.0, 1.0 ], [ 0.309017, -0.5, -0.809017, 0.0, -0.5, -0.809017, 0.309017, 0.0, -0.809017, 0.309017, -0.5, 0.0, 0.0, 0.0, 0.0, 1.0 ], [ 0.809017, -0.309017, 0.5, 0.0, -0.309017, 0.5, 0.809017, 0.0, -0.5, -0.809017, 0.309017, 0.0, 0.0, 0.0, 0.0, 1.0 ], [ 0.809017, 0.309017, -0.5, 0.0, -0.309017, -0.5, -0.809017, 0.0, -0.5, 0.809017, -0.309017, 0.0, 0.0, 0.0, 0.0, 1.0 ], [ 0.5, -0.809017, 0.309017, 0.0, -0.809017, -0.309017, 0.5, 0.0, -0.309017, -0.5, -0.809017, 0.0, 0.0, 0.0, 0.0, 1.0 ], [ 0.309017, 0.5, 0.809017, 0.0, -0.5, 0.809017, -0.309017, 0.0, -0.809017, -0.309017, 0.5, 0.0, 0.0, 0.0, 0.0, 1.0 ], [ -1.0, 0.0, 0.0, 0.0, 0.0, -1.0, 0.0, 0.0, 0.0, 0.0, 1.0, 0.0, 0.0, 0.0, 0.0, 1.0 ], [ 0.0, 0.0, -1.0, 0.0, -1.0, 0.0, 0.0, 0.0, 0.0, 1.0, 0.0, 0.0, 0.0, 0.0, 0.0, 1.0 ], [ 0.0, -1.0, 0.0, 0.0, 0.0, 0.0, -1.0, 0.0, 1.0, 0.0, 0.0, 0.0, 0.0, 0.0, 0.0, 1.0 ], [ -0.809017, -0.309017, -0.5, 0.0, -0.309017, -0.5, 0.809017, 0.0, -0.5, 0.809017, 0.309017, 0.0, 0.0, 0.0, 0.0, 1.0 ], [ 0.5, -0.809017, -0.309017, 0.0, -0.809017, -0.309017, -0.5, 0.0, 0.309017, 0.5, -0.809017, 0.0, 0.0, 0.0, 0.0, 1.0 ], [ -0.309017, -0.5, 0.809017, 0.0, 0.5, -0.809017, -0.309017, 0.0, 0.809017, 0.309017, 0.5, 0.0, 0.0, 0.0, 0.0, 1.0 ], [ -0.5, -0.809017, -0.309017, 0.0, -0.809017, 0.309017, 0.5, 0.0, -0.309017, 0.5, -0.809017, 0.0, 0.0, 0.0, 0.0, 1.0 ], [ 0.309017, -0.5, 0.809017, 0.0, -0.5, -0.809017, -0.309017, 0.0, 0.809017, -0.309017, -0.5, 0.0, 0.0, 0.0, 0.0, 1.0 ], [ -0.809017, 0.309017, 0.5, 0.0, 0.309017, -0.5, 0.809017, 0.0, 0.5, 0.809017, 0.309017, 0.0, 0.0, 0.0, 0.0, 1.0 ], [ -0.5, -0.809017, 0.309017, 0.0, -0.809017, 0.309017, -0.5, 0.0, 0.309017, -0.5, -0.809017, 0.0, 0.0, 0.0, 0.0, 1.0 ], [ -0.309017, 0.5, 0.809017, 0.0, -0.5, -0.809017, 0.309017, 0.0, 0.809017, -0.309017, 0.5, 0.0, 0.0, 0.0, 0.0, 1.0 ], [ -0.809017, 0.309017, -0.5, 0.0, -0.309017, 0.5, 0.809017, 0.0, 0.5, 0.809017, -0.309017, 0.0, 0.0, 0.0, 0.0, 1.0 ], [ -0.809017, -0.309017, 0.5, 0.0, -0.309017, -0.5, -0.809017, 0.0, 0.5, -0.809017, 0.309017, 0.0, 0.0, 0.0, 0.0, 1.0 ], [ -0.5, 0.809017, -0.309017, 0.0, -0.809017, -0.309017, 0.5, 0.0, 0.309017, 0.5, 0.809017, 0.0, 0.0, 0.0, 0.0, 1.0 ], [ -0.309017, -0.5, -0.809017, 0.0, -0.5, 0.809017, -0.309017, 0.0, 0.809017, 0.309017, -0.5, 0.0, 0.0, 0.0, 0.0, 1.0 ], [ -1.0, 0.0, 0.0, 0.0, 0.0, 1.0, 0.0, 0.0, 0.0, 0.0, -1.0, 0.0, 0.0, 0.0, 0.0, 1.0 ], [ 0.0, 0.0, -1.0, 0.0, 1.0, 0.0, 0.0, 0.0, 0.0, -1.0, 0.0, 0.0, 0.0, 0.0, 0.0, 1.0 ], [ 0.0, -1.0, 0.0, 0.0, 0.0, 0.0, 1.0, 0.0, -1.0, 0.0, 0.0, 0.0, 0.0, 0.0, 0.0, 1.0 ], [ -0.809017, -0.309017, -0.5, 0.0, 0.309017, 0.5, -0.809017, 0.0, 0.5, -0.809017, -0.309017, 0.0, 0.0, 0.0, 0.0, 1.0 ], [ 0.5, -0.809017, -0.309017, 0.0, 0.809017, 0.309017, 0.5, 0.0, -0.309017, -0.5, 0.809017, 0.0, 0.0, 0.0, 0.0, 1.0 ], [ -0.309017, -0.5, 0.809017, 0.0, -0.5, 0.809017, 0.309017, 0.0, -0.809017, -0.309017, -0.5, 0.0, 0.0, 0.0, 0.0, 1.0 ], [ -0.5, -0.809017, -0.309017, 0.0, 0.809017, -0.309017, -0.5, 0.0, 0.309017, -0.5, 0.809017, 0.0, 0.0, 0.0, 0.0, 1.0 ], [ 0.309017, -0.5, 0.809017, 0.0, 0.5, 0.809017, 0.309017, 0.0, -0.809017, 0.309017, 0.5, 0.0, 0.0, 0.0, 0.0, 1.0 ], [ -0.809017, 0.309017, 0.5, 0.0, -0.309017, 0.5, -0.809017, 0.0, -0.5, -0.809017, -0.309017, 0.0, 0.0, 0.0, 0.0, 1.0 ], [ -0.5, -0.809017, 0.309017, 0.0, 0.809017, -0.309017, 0.5, 0.0, -0.309017, 0.5, 0.809017, 0.0, 0.0, 0.0, 0.0, 1.0 ], [ -0.309017, 0.5, 0.809017, 0.0, 0.5, 0.809017, -0.309017, 0.0, -0.809017, 0.309017, -0.5, 0.0, 0.0, 0.0, 0.0, 1.0 ], [ -0.809017, 0.309017, -0.5, 0.0, 0.309017, -0.5, -0.809017, 0.0, -0.5, -0.809017, 0.309017, 0.0, 0.0, 0.0, 0.0, 1.0 ], [ -0.809017, -0.309017, 0.5, 0.0, 0.309017, 0.5, 0.809017, 0.0, -0.5, 0.809017, -0.309017, 0.0, 0.0, 0.0, 0.0, 1.0 ], [ -0.5, 0.809017, -0.309017, 0.0, 0.809017, 0.309017, -0.5, 0.0, -0.309017, -0.5, -0.809017, 0.0, 0.0, 0.0, 0.0, 1.0 ], [ -0.309017, -0.5, -0.809017, 0.0, 0.5, -0.809017, 0.309017, 0.0, -0.809017, -0.309017, 0.5, 0.0, 0.0, 0.0, 0.0, 1.0 ] ],
  "lights" : {
    "backgroundColor" : "#FFFFEF",
    "ambientColor" : "#292929",
    "directionalLights" : [ {
      "direction" : {
        "x" : 1.0,
        "y" : -1.0,
        "z" : -1.0
      },
      "color" : "#EBEBE4"
    }, {
      "direction" : {
        "x" : -1.0,
        "y" : 0.0,
        "z" : 0.0
      },
      "color" : "#E4E4EB"
    }, {
      "direction" : {
        "x" : 0.0,
        "y" : 0.0,
        "z" : -1.0
      },
      "color" : "#1E1E1E"
    } ]
  },
  "camera" : {
    "viewDistance" : 190.35284,
    "nearClipDistance" : 0.47588196,
    "farClipDistance" : 380.70563,
    "lookAtPoint" : {
      "x" : 0.0,
      "y" : 0.0,
      "z" : 0.0
    },
    "fieldOfView" : 0.44262868,
    "perspective" : true,
    "lookDirection" : {
      "x" : 0.0,
      "y" : 0.0,
      "z" : -1.0
    },
    "upDirection" : {
      "x" : 0.0,
      "y" : 1.0,
      "z" : 0.0
    },
    "stereo" : false,
    "width" : 85.65874,
    "position" : {
      "x" : 0.0,
      "y" : 0.0,
      "z" : 190.35284
    }
  },
  "embedding" : [ 1.0, 0.0, 0.0, 0.0, 0.0, 1.0, 0.0, 0.0, 0.0, 0.0, 1.0, 0.0, 0.0, 0.0, 0.0, 1.0 ],
  "shapes" : [ {
    "id" : "050d8806-1530-48fb-a245-e75c2af77308",
    "vertices" : [ {
      "x" : 0.9045085,
      "y" : 0.3454915,
      "z" : 0.25
    }, {
      "x" : 2.7135255,
      "y" : 1.4635255,
      "z" : 0.25
    }, {
      "x" : 2.5225425,
      "y" : 1.7725425,
      "z" : 0.25
    }, {
      "x" : 0.7135255,
      "y" : 0.6545085,
      "z" : 0.25
    }, {
      "x" : 0.809017,
      "y" : 0.5,
      "z" : -0.309017
    }, {
      "x" : 0.9635255,
      "y" : 0.25,
      "z" : -0.095491506
    }, {
      "x" : 0.309017,
      "y" : 0.19098301,
      "z" : 0.0
    }, {
      "x" : 3.118034,
      "y" : 1.927051,
      "z" : 0.0
    }, {
      "x" : 2.4635255,
      "y" : 1.868034,
      "z" : -0.095491506
    }, {
      "x" : 2.618034,
      "y" : 1.618034,
      "z" : -0.309017
    }, {
      "x" : 3.427051,
      "y" : 2.118034,
      "z" : 0.0
    }, {
      "x" : 0.6545085,
      "y" : 0.75,
      "z" : -0.095491506
    }, {
      "x" : 2.7725425,
      "y" : 1.368034,
      "z" : -0.095491506
    } ],
    "faces" : [ {
      "vertices" : [ 4, 11, 8 ]
    }, {
      "vertices" : [ 4, 8, 9 ]
    }, {
      "vertices" : [ 0, 1, 2 ]
    }, {
      "vertices" : [ 0, 2, 3 ]
    }, {
      "vertices" : [ 0, 3, 6 ]
    }, {
      "vertices" : [ 1, 7, 2 ]
    }, {
      "vertices" : [ 0, 6, 5 ]
    }, {
      "vertices" : [ 4, 5, 6 ]
    }, {
      "vertices" : [ 2, 7, 8 ]
    }, {
      "vertices" : [ 0, 5, 12 ]
    }, {
      "vertices" : [ 0, 12, 1 ]
    }, {
      "vertices" : [ 1, 12, 7 ]
    }, {
      "vertices" : [ 3, 11, 6 ]
    }, {
      "vertices" : [ 4, 6, 11 ]
    }, {
      "vertices" : [ 7, 9, 8 ]
    }, {
      "vertices" : [ 2, 8, 11 ]
    }, {
      "vertices" : [ 2, 11, 3 ]
    }, {
      "vertices" : [ 7, 12, 9 ]
    }, {
      "vertices" : [ 4, 9, 12 ]
    }, {
      "vertices" : [ 4, 12, 5 ]
    } ]
  }, {
    "id" : "c02a1f62-c6b7-4473-ae39-cac4b32005d7",
    "vertices" : [ {
      "x" : 1.0,
      "y" : 0.309017,
      "z" : 0.19098301
    }, {
      "x" : 1.0,
      "y" : -0.309017,
      "z" : 0.19098301
    }, {
      "x" : 12.708204,
      "y" : -0.309017,
      "z" : 0.19098301
    }, {
      "x" : 12.708204,
      "y" : 0.309017,
      "z" : 0.19098301
    }, {
      "x" : 12.708204,
      "y" : -0.309017,
      "z" : -0.19098301
    }, {
      "x" : 12.708204,
      "y" : 0.309017,
      "z" : -0.19098301
    }, {
      "x" : 13.326238,
      "y" : 0.0,
      "z" : 0.0
    }, {
      "x" : 0.38196602,
      "y" : 0.0,
      "z" : 0.0
    }, {
      "x" : 1.0,
      "y" : 0.309017,
      "z" : -0.19098301
    }, {
      "x" : 1.0,
      "y" : -0.309017,
      "z" : -0.19098301
    }, {
      "x" : 13.708204,
      "y" : 0.0,
      "z" : 0.0
    } ],
    "faces" : [ {
      "vertices" : [ 1, 9, 4 ]
    }, {
      "vertices" : [ 1, 4, 2 ]
    }, {
      "vertices" : [ 0, 3, 5 ]
    }, {
      "vertices" : [ 0, 5, 8 ]
    }, {
      "vertices" : [ 1, 7, 9 ]
    }, {
      "vertices" : [ 0, 1, 2 ]
    }, {
      "vertices" : [ 0, 2, 3 ]
    }, {
      "vertices" : [ 7, 8, 9 ]
    }, {
      "vertices" : [ 0, 7, 1 ]
    }, {
      "vertices" : [ 4, 9, 8 ]
    }, {
      "vertices" : [ 4, 8, 5 ]
    }, {
      "vertices" : [ 2, 6, 3 ]
    }, {
      "vertices" : [ 2, 4, 6 ]
    }, {
      "vertices" : [ 3, 6, 5 ]
    }, {
      "vertices" : [ 4, 5, 6 ]
    }, {
      "vertices" : [ 0, 8, 7 ]
    } ]
  }, {
    "id" : "11e989f5-86e5-442c-8d15-6e01d9a7deee",
    "vertices" : [ {
      "x" : -20.062305,
      "y" : 0.0,
      "z" : 7.663119
    }, {
      "x" : -12.399187,
      "y" : 0.0,
      "z" : 20.062305
    }, {
      "x" : -12.399187,
      "y" : -12.399187,
      "z" : 12.399187
    }, {
      "x" : -20.062305,
      "y" : -12.399187,
      "z" : 0.0
    } ],
    "faces" : [ {
      "vertices" : [ 0, 1, 2 ]
    }, {
      "vertices" : [ 0, 2, 3 ]
    }, {
      "vertices" : [ 0, 3, 2 ]
    }, {
      "vertices" : [ 0, 2, 1 ]
    } ]
  }, {
    "id" : "ed1d1feb-25ef-4dac-823e-63ecdbcd1c5b",
    "vertices" : [ {
      "x" : 7.663119,
      "y" : 20.062305,
      "z" : 0.0
    }, {
      "x" : 20.062305,
      "y" : 12.399187,
      "z" : 0.0
    }, {
      "x" : 12.399187,
      "y" : 12.399187,
      "z" : 12.399187
    }, {
      "x" : 0.0,
      "y" : 20.062305,
      "z" : 12.399187
    } ],
    "faces" : [ {
      "vertices" : [ 0, 1, 2 ]
    }, {
      "vertices" : [ 0, 2, 3 ]
    }, {
      "vertices" : [ 0, 3, 2 ]
    }, {
      "vertices" : [ 0, 2, 1 ]
    } ]
  }, {
    "id" : "4f7267b7-af58-4c2d-9cfb-9357539126db",
    "vertices" : [ {
      "x" : 0.309017,
      "y" : -0.309017,
      "z" : -0.309017
    }, {
      "x" : 0.5,
      "y" : 0.0,
      "z" : -0.19098301
    }, {
      "x" : 0.5,
      "y" : 0.0,
      "z" : 0.19098301
    }, {
      "x" : 0.309017,
      "y" : -0.309017,
      "z" : 0.309017
    }, {
      "x" : 0.19098301,
      "y" : -0.5,
      "z" : 0.0
    }, {
      "x" : 0.0,
      "y" : 0.19098301,
      "z" : 0.5
    }, {
      "x" : 0.0,
      "y" : -0.19098301,
      "z" : 0.5
    }, {
      "x" : 0.309017,
      "y" : 0.309017,
      "z" : 0.309017
    }, {
      "x" : -0.309017,
      "y" : -0.309017,
      "z" : 0.309017
    }, {
      "x" : -0.309017,
      "y" : 0.309017,
      "z" : 0.309017
    }, {
      "x" : -0.5,
      "y" : 0.0,
      "z" : 0.19098301
    }, {
      "x" : 0.0,
      "y" : -0.19098301,
      "z" : -0.5
    }, {
      "x" : 0.0,
      "y" : 0.19098301,
      "z" : -0.5
    }, {
      "x" : 0.309017,
      "y" : 0.309017,
      "z" : -0.309017
    }, {
      "x" : -0.309017,
      "y" : -0.309017,
      "z" : -0.309017
    }, {
      "x" : -0.19098301,
      "y" : -0.5,
      "z" : 0.0
    }, {
      "x" : -0.5,
      "y" : 0.0,
      "z" : -0.19098301
    }, {
      "x" : 0.19098301,
      "y" : 0.5,
      "z" : 0.0
    }, {
      "x" : -0.309017,
      "y" : 0.309017,
      "z" : -0.309017
    }, {
      "x" : 0.0,
      "y" : 0.0,
      "z" : 0.0
    }, {
      "x" : -0.19098301,
      "y" : 0.5,
      "z" : 0.0
    } ],
    "faces" : [ {
      "vertices" : [ 12, 18, 20 ]
    }, {
      "vertices" : [ 12, 20, 17 ]
    }, {
      "vertices" : [ 12, 17, 13 ]
    }, {
      "vertices" : [ 3, 6, 8 ]
    }, {
      "vertices" : [ 3, 8, 15 ]
    }, {
      "vertices" : [ 3, 15, 4 ]
    }, {
      "vertices" : [ 0, 11, 12 ]
    }, {
      "vertices" : [ 0, 12, 13 ]
    }, {
      "vertices" : [ 0, 13, 1 ]
    }, {
      "vertices" : [ 5, 9, 10 ]
    }, {
      "vertices" : [ 5, 10, 8 ]
    }, {
      "vertices" : [ 5, 8, 6 ]
    }, {
      "vertices" : [ 2, 7, 5 ]
    }, {
      "vertices" : [ 2, 5, 6 ]
    }, {
      "vertices" : [ 2, 6, 3 ]
    }, {
      "vertices" : [ 11, 14, 16 ]
    }, {
      "vertices" : [ 11, 16, 18 ]
    }, {
      "vertices" : [ 11, 18, 12 ]
    }, {
      "vertices" : [ 1, 13, 17 ]
    }, {
      "vertices" : [ 1, 17, 7 ]
    }, {
      "vertices" : [ 1, 7, 2 ]
    }, {
      "vertices" : [ 9, 20, 18 ]
    }, {
      "vertices" : [ 9, 18, 16 ]
    }, {
      "vertices" : [ 9, 16, 10 ]
    }, {
      "vertices" : [ 0, 1, 2 ]
    }, {
      "vertices" : [ 0, 2, 3 ]
    }, {
      "vertices" : [ 0, 3, 4 ]
    }, {
      "vertices" : [ 5, 7, 17 ]
    }, {
      "vertices" : [ 5, 17, 20 ]
    }, {
      "vertices" : [ 5, 20, 9 ]
    }, {
      "vertices" : [ 0, 4, 15 ]
    }, {
      "vertices" : [ 0, 15, 14 ]
    }, {
      "vertices" : [ 0, 14, 11 ]
    }, {
      "vertices" : [ 8, 10, 16 ]
    }, {
      "vertices" : [ 8, 16, 14 ]
    }, {
      "vertices" : [ 8, 14, 15 ]
    } ]
  }, {
    "id" : "db2d8b68-1efd-4b33-a235-6154e9ae8f0a",
    "vertices" : [ {
      "x" : 0.9045085,
      "y" : 0.3454915,
      "z" : 0.25
    }, {
      "x" : 8.258611,
      "y" : 4.8905764,
      "z" : 0.25
    }, {
      "x" : 8.067628,
      "y" : 5.1995935,
      "z" : 0.25
    }, {
      "x" : 0.7135255,
      "y" : 0.6545085,
      "z" : 0.25
    }, {
      "x" : 0.809017,
      "y" : 0.5,
      "z" : -0.309017
    }, {
      "x" : 0.9635255,
      "y" : 0.25,
      "z" : -0.095491506
    }, {
      "x" : 0.309017,
      "y" : 0.19098301,
      "z" : 0.0
    }, {
      "x" : 8.663119,
      "y" : 5.354102,
      "z" : 0.0
    }, {
      "x" : 8.008611,
      "y" : 5.295085,
      "z" : -0.095491506
    }, {
      "x" : 8.163119,
      "y" : 5.045085,
      "z" : -0.309017
    }, {
      "x" : 8.972136,
      "y" : 5.545085,
      "z" : 0.0
    }, {
      "x" : 0.6545085,
      "y" : 0.75,
      "z" : -0.095491506
    }, {
      "x" : 8.317628,
      "y" : 4.795085,
      "z" : -0.095491506
    } ],
    "faces" : [ {
      "vertices" : [ 4, 11, 8 ]
    }, {
      "vertices" : [ 4, 8, 9 ]
    }, {
      "vertices" : [ 0, 1, 2 ]
    }, {
      "vertices" : [ 0, 2, 3 ]
    }, {
      "vertices" : [ 0, 3, 6 ]
    }, {
      "vertices" : [ 1, 7, 2 ]
    }, {
      "vertices" : [ 0, 6, 5 ]
    }, {
      "vertices" : [ 4, 5, 6 ]
    }, {
      "vertices" : [ 2, 7, 8 ]
    }, {
      "vertices" : [ 0, 5, 12 ]
    }, {
      "vertices" : [ 0, 12, 1 ]
    }, {
      "vertices" : [ 1, 12, 7 ]
    }, {
      "vertices" : [ 3, 11, 6 ]
    }, {
      "vertices" : [ 4, 6, 11 ]
    }, {
      "vertices" : [ 7, 9, 8 ]
    }, {
      "vertices" : [ 2, 8, 11 ]
    }, {
      "vertices" : [ 2, 11, 3 ]
    }, {
      "vertices" : [ 7, 12, 9 ]
    }, {
      "vertices" : [ 4, 9, 12 ]
    }, {
      "vertices" : [ 4, 12, 5 ]
    } ]
  }, {
    "id" : "46f6140c-31ee-4821-89b2-d64b9ee295fb",
    "vertices" : [ {
      "x" : 20.062305,
      "y" : 0.0,
      "z" : -7.663119
    }, {
      "x" : 20.062305,
      "y" : -12.399187,
      "z" : 0.0
    }, {
      "x" : 20.062305,
      "y" : 0.0,
      "z" : 7.663119
    }, {
      "x" : 20.062305,
      "y" : 12.399187,
      "z" : 0.0
    } ],
    "faces" : [ {
      "vertices" : [ 0, 1, 2 ]
    }, {
      "vertices" : [ 0, 2, 3 ]
    }, {
      "vertices" : [ 0, 3, 2 ]
    }, {
      "vertices" : [ 0, 2, 1 ]
    } ]
  }, {
    "id" : "4d513972-17b8-4b81-b993-14b30528bb79",
    "vertices" : [ {
      "x" : -12.399187,
      "y" : 12.399187,
      "z" : 12.399187
    }, {
      "x" : -20.062305,
      "y" : 12.399187,
      "z" : 0.0
    }, {
      "x" : -7.663119,
      "y" : 20.062305,
      "z" : 0.0
    }, {
      "x" : 0.0,
      "y" : 20.062305,
      "z" : 12.399187
    } ],
    "faces" : [ {
      "vertices" : [ 0, 1, 2 ]
    }, {
      "vertices" : [ 0, 2, 3 ]
    }, {
      "vertices" : [ 0, 3, 2 ]
    }, {
      "vertices" : [ 0, 2, 1 ]
    } ]
  }, {
    "id" : "48deb3be-14c2-47ba-962a-545b09137203",
    "vertices" : [ {
      "x" : -12.399187,
      "y" : -12.399187,
      "z" : -12.399187
    }, {
      "x" : -12.399187,
      "y" : 0.0,
      "z" : -20.062305
    }, {
      "x" : -20.062305,
      "y" : 0.0,
      "z" : -7.663119
    }, {
      "x" : -20.062305,
      "y" : -12.399187,
      "z" : 0.0
    } ],
    "faces" : [ {
      "vertices" : [ 0, 1, 2 ]
    }, {
      "vertices" : [ 0, 2, 3 ]
    }, {
      "vertices" : [ 0, 3, 2 ]
    }, {
      "vertices" : [ 0, 2, 1 ]
    } ]
  }, {
    "id" : "343fc37a-58c5-419b-9a02-43aea1966e96",
    "vertices" : [ {
      "x" : -7.663119,
      "y" : -20.062305,
      "z" : 0.0
    }, {
      "x" : 0.0,
      "y" : -20.062305,
      "z" : 12.399187
    }, {
      "x" : 7.663119,
      "y" : -20.062305,
      "z" : 0.0
    }, {
      "x" : 0.0,
      "y" : -20.062305,
      "z" : -12.399187
    } ],
    "faces" : [ {
      "vertices" : [ 0, 1, 2 ]
    }, {
      "vertices" : [ 0, 2, 3 ]
    }, {
      "vertices" : [ 0, 3, 2 ]
    }, {
      "vertices" : [ 0, 2, 1 ]
    } ]
  }, {
    "id" : "ca59330f-cfc2-4aa2-90f3-8e247877210f",
    "vertices" : [ {
      "x" : 12.399187,
      "y" : 12.399187,
      "z" : -12.399187
    }, {
      "x" : 12.399187,
      "y" : 0.0,
      "z" : -20.062305
    }, {
      "x" : 20.062305,
      "y" : 0.0,
      "z" : -7.663119
    }, {
      "x" : 20.062305,
      "y" : 12.399187,
      "z" : 0.0
    } ],
    "faces" : [ {
      "vertices" : [ 0, 1, 2 ]
    }, {
      "vertices" : [ 0, 2, 3 ]
    }, {
      "vertices" : [ 0, 3, 2 ]
    }, {
      "vertices" : [ 0, 2, 1 ]
    } ]
  }, {
    "id" : "35a565dd-bab3-4e42-b0f3-428818cd3562",
    "vertices" : [ {
      "x" : 7.663119,
      "y" : -20.062305,
      "z" : 0.0
    }, {
      "x" : 0.0,
      "y" : -20.062305,
      "z" : 12.399187
    }, {
      "x" : 12.399187,
      "y" : -12.399187,
      "z" : 12.399187
    }, {
      "x" : 20.062305,
      "y" : -12.399187,
      "z" : 0.0
    } ],
    "faces" : [ {
      "vertices" : [ 0, 1, 2 ]
    }, {
      "vertices" : [ 0, 2, 3 ]
    }, {
      "vertices" : [ 0, 3, 2 ]
    }, {
      "vertices" : [ 0, 2, 1 ]
    } ]
  }, {
    "id" : "df7873c0-23af-471c-a4e8-9c9b21d23acf",
    "vertices" : [ {
      "x" : 0.0,
      "y" : 7.663119,
      "z" : -20.062305
    }, {
      "x" : 12.399187,
      "y" : 0.0,
      "z" : -20.062305
    }, {
      "x" : 12.399187,
      "y" : 12.399187,
      "z" : -12.399187
    }, {
      "x" : 0.0,
      "y" : 20.062305,
      "z" : -12.399187
    } ],
    "faces" : [ {
      "vertices" : [ 0, 1, 2 ]
    }, {
      "vertices" : [ 0, 2, 3 ]
    }, {
      "vertices" : [ 0, 3, 2 ]
    }, {
      "vertices" : [ 0, 2, 1 ]
    } ]
  }, {
    "id" : "f70de74b-7b04-4d84-9669-65204e3115b7",
    "vertices" : [ {
      "x" : 0.0,
      "y" : -7.663119,
      "z" : -20.062305
    }, {
      "x" : 0.0,
      "y" : -20.062305,
      "z" : -12.399187
    }, {
      "x" : 12.399187,
      "y" : -12.399187,
      "z" : -12.399187
    }, {
      "x" : 12.399187,
      "y" : 0.0,
      "z" : -20.062305
    } ],
    "faces" : [ {
      "vertices" : [ 0, 1, 2 ]
    }, {
      "vertices" : [ 0, 2, 3 ]
    }, {
      "vertices" : [ 0, 3, 2 ]
    }, {
      "vertices" : [ 0, 2, 1 ]
    } ]
  }, {
    "id" : "0dcc79be-3c46-4c07-b0b3-468f38130df4",
    "vertices" : [ {
      "x" : 0.0,
      "y" : 7.663119,
      "z" : 20.062305
    }, {
      "x" : 0.0,
      "y" : 20.062305,
      "z" : 12.399187
    }, {
      "x" : 12.399187,
      "y" : 12.399187,
      "z" : 12.399187
    }, {
      "x" : 12.399187,
      "y" : 0.0,
      "z" : 20.062305
    } ],
    "faces" : [ {
      "vertices" : [ 0, 1, 2 ]
    }, {
      "vertices" : [ 0, 2, 3 ]
    }, {
      "vertices" : [ 0, 3, 2 ]
    }, {
      "vertices" : [ 0, 2, 1 ]
    } ]
  }, {
    "id" : "c5d5ebf0-c195-4d3e-bb4d-329f8d567ba3",
    "vertices" : [ {
      "x" : -7.663119,
      "y" : -20.062305,
      "z" : 0.0
    }, {
      "x" : -20.062305,
      "y" : -12.399187,
      "z" : 0.0
    }, {
      "x" : -12.399187,
      "y" : -12.399187,
      "z" : 12.399187
    }, {
      "x" : 0.0,
      "y" : -20.062305,
      "z" : 12.399187
    } ],
    "faces" : [ {
      "vertices" : [ 0, 1, 2 ]
    }, {
      "vertices" : [ 0, 2, 3 ]
    }, {
      "vertices" : [ 0, 3, 2 ]
    }, {
      "vertices" : [ 0, 2, 1 ]
    } ]
  }, {
    "id" : "b83cbbf6-d0a9-4559-a5a0-caacbc82b768",
    "vertices" : [ {
      "x" : -12.399187,
      "y" : 12.399187,
      "z" : 12.399187
    }, {
      "x" : 0.0,
      "y" : 20.062305,
      "z" : 12.399187
    }, {
      "x" : 0.0,
      "y" : 7.663119,
      "z" : 20.062305
    }, {
      "x" : -12.399187,
      "y" : 0.0,
      "z" : 20.062305
    } ],
    "faces" : [ {
      "vertices" : [ 0, 1, 2 ]
    }, {
      "vertices" : [ 0, 2, 3 ]
    }, {
      "vertices" : [ 0, 3, 2 ]
    }, {
      "vertices" : [ 0, 2, 1 ]
    } ]
  }, {
    "id" : "96031262-b29f-428a-b806-4dae176f0abf",
    "vertices" : [ {
      "x" : 0.0,
      "y" : 7.663119,
      "z" : 20.062305
    }, {
      "x" : 12.399187,
      "y" : 0.0,
      "z" : 20.062305
    }, {
      "x" : 0.0,
      "y" : -7.663119,
      "z" : 20.062305
    }, {
      "x" : -12.399187,
      "y" : 0.0,
      "z" : 20.062305
    } ],
    "faces" : [ {
      "vertices" : [ 0, 1, 2 ]
    }, {
      "vertices" : [ 0, 2, 3 ]
    }, {
      "vertices" : [ 0, 3, 2 ]
    }, {
      "vertices" : [ 0, 2, 1 ]
    } ]
  }, {
    "id" : "5b210763-162d-4398-a71e-770a9b08a9e4",
    "vertices" : [ {
      "x" : -12.399187,
      "y" : 12.399187,
      "z" : -12.399187
    }, {
      "x" : -12.399187,
      "y" : 0.0,
      "z" : -20.062305
    }, {
      "x" : 0.0,
      "y" : 7.663119,
      "z" : -20.062305
    }, {
      "x" : 0.0,
      "y" : 20.062305,
      "z" : -12.399187
    } ],
    "faces" : [ {
      "vertices" : [ 0, 1, 2 ]
    }, {
      "vertices" : [ 0, 2, 3 ]
    }, {
      "vertices" : [ 0, 3, 2 ]
    }, {
      "vertices" : [ 0, 2, 1 ]
    } ]
  }, {
    "id" : "7402817b-6403-4528-90d6-5f77e25035d4",
    "vertices" : [ {
      "x" : 20.062305,
      "y" : 0.0,
      "z" : 7.663119
    }, {
      "x" : 20.062305,
      "y" : -12.399187,
      "z" : 0.0
    }, {
      "x" : 12.399187,
      "y" : -12.399187,
      "z" : 12.399187
    }, {
      "x" : 12.399187,
      "y" : 0.0,
      "z" : 20.062305
    } ],
    "faces" : [ {
      "vertices" : [ 0, 1, 2 ]
    }, {
      "vertices" : [ 0, 2, 3 ]
    }, {
      "vertices" : [ 0, 3, 2 ]
    }, {
      "vertices" : [ 0, 2, 1 ]
    } ]
  }, {
    "id" : "90d12a1e-b69a-403d-8a16-9a45da9c3ba0",
    "vertices" : [ {
      "x" : -12.399187,
      "y" : -12.399187,
      "z" : 12.399187
    }, {
      "x" : -12.399187,
      "y" : 0.0,
      "z" : 20.062305
    }, {
      "x" : 0.0,
      "y" : -7.663119,
      "z" : 20.062305
    }, {
      "x" : 0.0,
      "y" : -20.062305,
      "z" : 12.399187
    } ],
    "faces" : [ {
      "vertices" : [ 0, 1, 2 ]
    }, {
      "vertices" : [ 0, 2, 3 ]
    }, {
      "vertices" : [ 0, 3, 2 ]
    }, {
      "vertices" : [ 0, 2, 1 ]
    } ]
  }, {
    "id" : "a6a93f87-1713-4954-ae42-5926e6dfe843",
    "vertices" : [ {
      "x" : -20.062305,
      "y" : 0.0,
      "z" : -7.663119
    }, {
      "x" : -12.399187,
      "y" : 0.0,
      "z" : -20.062305
    }, {
      "x" : -12.399187,
      "y" : 12.399187,
      "z" : -12.399187
    }, {
      "x" : -20.062305,
      "y" : 12.399187,
      "z" : 0.0
    } ],
    "faces" : [ {
      "vertices" : [ 0, 1, 2 ]
    }, {
      "vertices" : [ 0, 2, 3 ]
    }, {
      "vertices" : [ 0, 3, 2 ]
    }, {
      "vertices" : [ 0, 2, 1 ]
    } ]
  }, {
    "id" : "b43d9243-502e-47b1-bded-a8fa9152b108",
    "vertices" : [ {
      "x" : 0.0,
      "y" : -7.663119,
      "z" : 20.062305
    }, {
      "x" : 12.399187,
      "y" : 0.0,
      "z" : 20.062305
    }, {
      "x" : 12.399187,
      "y" : -12.399187,
      "z" : 12.399187
    }, {
      "x" : 0.0,
      "y" : -20.062305,
      "z" : 12.399187
    } ],
    "faces" : [ {
      "vertices" : [ 0, 1, 2 ]
    }, {
      "vertices" : [ 0, 2, 3 ]
    }, {
      "vertices" : [ 0, 3, 2 ]
    }, {
      "vertices" : [ 0, 2, 1 ]
    } ]
  }, {
    "id" : "7ba277d0-7194-4c5d-a5dc-173c4a2cfcfb",
    "vertices" : [ {
      "x" : 7.663119,
      "y" : 20.062305,
      "z" : 0.0
    }, {
      "x" : 0.0,
      "y" : 20.062305,
      "z" : -12.399187
    }, {
      "x" : 12.399187,
      "y" : 12.399187,
      "z" : -12.399187
    }, {
      "x" : 20.062305,
      "y" : 12.399187,
      "z" : 0.0
    } ],
    "faces" : [ {
      "vertices" : [ 0, 1, 2 ]
    }, {
      "vertices" : [ 0, 2, 3 ]
    }, {
      "vertices" : [ 0, 3, 2 ]
    }, {
      "vertices" : [ 0, 2, 1 ]
    } ]
  }, {
    "id" : "9d4d1b3b-5bc1-4956-bce1-ccd1923d392e",
    "vertices" : [ {
      "x" : 12.399187,
      "y" : -12.399187,
      "z" : -12.399187
    }, {
      "x" : 20.062305,
      "y" : -12.399187,
      "z" : 0.0
    }, {
      "x" : 20.062305,
      "y" : 0.0,
      "z" : -7.663119
    }, {
      "x" : 12.399187,
      "y" : 0.0,
      "z" : -20.062305
    } ],
    "faces" : [ {
      "vertices" : [ 0, 1, 2 ]
    }, {
      "vertices" : [ 0, 2, 3 ]
    }, {
      "vertices" : [ 0, 3, 2 ]
    }, {
      "vertices" : [ 0, 2, 1 ]
    } ]
  }, {
    "id" : "28827d2b-cb3b-4ec1-bcb9-8feafa68fcbe",
    "vertices" : [ {
      "x" : -7.663119,
      "y" : 20.062305,
      "z" : 0.0
    }, {
      "x" : 0.0,
      "y" : 20.062305,
      "z" : -12.399187
    }, {
      "x" : 7.663119,
      "y" : 20.062305,
      "z" : 0.0
    }, {
      "x" : 0.0,
      "y" : 20.062305,
      "z" : 12.399187
    } ],
    "faces" : [ {
      "vertices" : [ 0, 1, 2 ]
    }, {
      "vertices" : [ 0, 2, 3 ]
    }, {
      "vertices" : [ 0, 3, 2 ]
    }, {
      "vertices" : [ 0, 2, 1 ]
    } ]
  }, {
    "id" : "368965fb-9049-4475-ab46-7ec80ef32317",
    "vertices" : [ {
      "x" : -20.062305,
      "y" : 0.0,
      "z" : -7.663119
    }, {
      "x" : -20.062305,
      "y" : 12.399187,
      "z" : 0.0
    }, {
      "x" : -20.062305,
      "y" : 0.0,
      "z" : 7.663119
    }, {
      "x" : -20.062305,
      "y" : -12.399187,
      "z" : 0.0
    } ],
    "faces" : [ {
      "vertices" : [ 0, 1, 2 ]
    }, {
      "vertices" : [ 0, 2, 3 ]
    }, {
      "vertices" : [ 0, 3, 2 ]
    }, {
      "vertices" : [ 0, 2, 1 ]
    } ]
  }, {
    "id" : "9e3833a6-a884-428b-81e1-23816285c88e",
    "vertices" : [ {
      "x" : 12.399187,
      "y" : 12.399187,
      "z" : 12.399187
    }, {
      "x" : 20.062305,
      "y" : 12.399187,
      "z" : 0.0
    }, {
      "x" : 20.062305,
      "y" : 0.0,
      "z" : 7.663119
    }, {
      "x" : 12.399187,
      "y" : 0.0,
      "z" : 20.062305
    } ],
    "faces" : [ {
      "vertices" : [ 0, 1, 2 ]
    }, {
      "vertices" : [ 0, 2, 3 ]
    }, {
      "vertices" : [ 0, 3, 2 ]
    }, {
      "vertices" : [ 0, 2, 1 ]
    } ]
  }, {
    "id" : "8409dbda-d167-44fc-8ea9-5aa1b05f65b5",
    "vertices" : [ {
      "x" : -12.399187,
      "y" : -12.399187,
      "z" : -12.399187
    }, {
      "x" : -20.062305,
      "y" : -12.399187,
      "z" : 0.0
    }, {
      "x" : -7.663119,
      "y" : -20.062305,
      "z" : 0.0
    }, {
      "x" : 0.0,
      "y" : -20.062305,
      "z" : -12.399187
    } ],
    "faces" : [ {
      "vertices" : [ 0, 1, 2 ]
    }, {
      "vertices" : [ 0, 2, 3 ]
    }, {
      "vertices" : [ 0, 3, 2 ]
    }, {
      "vertices" : [ 0, 2, 1 ]
    } ]
  }, {
    "id" : "1c5fe161-ef6e-46c1-9ea3-018ce7e05711",
    "vertices" : [ {
      "x" : -12.399187,
      "y" : 12.399187,
      "z" : -12.399187
    }, {
      "x" : 0.0,
      "y" : 20.062305,
      "z" : -12.399187
    }, {
      "x" : -7.663119,
      "y" : 20.062305,
      "z" : 0.0
    }, {
      "x" : -20.062305,
      "y" : 12.399187,
      "z" : 0.0
    } ],
    "faces" : [ {
      "vertices" : [ 0, 1, 2 ]
    }, {
      "vertices" : [ 0, 2, 3 ]
    }, {
      "vertices" : [ 0, 3, 2 ]
    }, {
      "vertices" : [ 0, 2, 1 ]
    } ]
  }, {
    "id" : "f40960f0-2304-4487-aa4d-d0a66ac7b08c",
    "vertices" : [ {
      "x" : -20.062305,
      "y" : 0.0,
      "z" : 7.663119
    }, {
      "x" : -20.062305,
      "y" : 12.399187,
      "z" : 0.0
    }, {
      "x" : -12.399187,
      "y" : 12.399187,
      "z" : 12.399187
    }, {
      "x" : -12.399187,
      "y" : 0.0,
      "z" : 20.062305
    } ],
    "faces" : [ {
      "vertices" : [ 0, 1, 2 ]
    }, {
      "vertices" : [ 0, 2, 3 ]
    }, {
      "vertices" : [ 0, 3, 2 ]
    }, {
      "vertices" : [ 0, 2, 1 ]
    } ]
  }, {
    "id" : "fd7c98dc-444c-433f-9583-99f293dffc6a",
    "vertices" : [ {
      "x" : 12.399187,
      "y" : -12.399187,
      "z" : -12.399187
    }, {
      "x" : 0.0,
      "y" : -20.062305,
      "z" : -12.399187
    }, {
      "x" : 7.663119,
      "y" : -20.062305,
      "z" : 0.0
    }, {
      "x" : 20.062305,
      "y" : -12.399187,
      "z" : 0.0
    } ],
    "faces" : [ {
      "vertices" : [ 0, 1, 2 ]
    }, {
      "vertices" : [ 0, 2, 3 ]
    }, {
      "vertices" : [ 0, 3, 2 ]
    }, {
      "vertices" : [ 0, 2, 1 ]
    } ]
  }, {
    "id" : "6e98c813-c567-4eb6-ad90-15a8d0eba85e",
    "vertices" : [ {
      "x" : -12.399187,
      "y" : -12.399187,
      "z" : -12.399187
    }, {
      "x" : 0.0,
      "y" : -20.062305,
      "z" : -12.399187
    }, {
      "x" : 0.0,
      "y" : -7.663119,
      "z" : -20.062305
    }, {
      "x" : -12.399187,
      "y" : 0.0,
      "z" : -20.062305
    } ],
    "faces" : [ {
      "vertices" : [ 0, 1, 2 ]
    }, {
      "vertices" : [ 0, 2, 3 ]
    }, {
      "vertices" : [ 0, 3, 2 ]
    }, {
      "vertices" : [ 0, 2, 1 ]
    } ]
  }, {
    "id" : "8d7d62b0-07a7-4b33-80ec-d60850ded9f5",
    "vertices" : [ {
      "x" : 0.0,
      "y" : -7.663119,
      "z" : -20.062305
    }, {
      "x" : 12.399187,
      "y" : 0.0,
      "z" : -20.062305
    }, {
      "x" : 0.0,
      "y" : 7.663119,
      "z" : -20.062305
    }, {
      "x" : -12.399187,
      "y" : 0.0,
      "z" : -20.062305
    } ],
    "faces" : [ {
      "vertices" : [ 0, 1, 2 ]
    }, {
      "vertices" : [ 0, 2, 3 ]
    }, {
      "vertices" : [ 0, 3, 2 ]
    }, {
      "vertices" : [ 0, 2, 1 ]
    } ]
  } ],
  "instances" : [ {
    "shape" : "050d8806-1530-48fb-a245-e75c2af77308",
    "color" : "#AF0000",
    "position" : {
      "x" : -12.399187,
      "y" : 12.399187,
      "z" : -12.399187
    },
    "orientation" : 0
  }, {
    "shape" : "c02a1f62-c6b7-4473-ae39-cac4b32005d7",
    "color" : "#007695",
    "position" : {
      "x" : -11.09017,
      "y" : 17.944271,
      "z" : 6.854102
    },
    "orientation" : 37
  }, {
    "shape" : "11e989f5-86e5-442c-8d15-6e01d9a7deee",
    "color" : "#7FBACA",
    "position" : {
      "x" : 0.0,
      "y" : 0.0,
      "z" : 0.0
    }
  }, {
    "shape" : "c02a1f62-c6b7-4473-ae39-cac4b32005d7",
    "color" : "#007695",
    "position" : {
      "x" : 22.18034,
      "y" : 0.0,
      "z" : 0.0
    },
    "orientation" : 55
  }, {
    "shape" : "050d8806-1530-48fb-a245-e75c2af77308",
    "color" : "#AF0000",
    "position" : {
      "x" : 7.663119,
      "y" : -20.062305,
      "z" : 0.0
    },
    "orientation" : 0
  }, {
    "shape" : "ed1d1feb-25ef-4dac-823e-63ecdbcd1c5b",
    "color" : "#7FBACA",
    "position" : {
      "x" : 0.0,
      "y" : 0.0,
      "z" : 0.0
    }
  }, {
    "shape" : "4f7267b7-af58-4c2d-9cfb-9357539126db",
    "color" : "#FFFFFF",
    "position" : {
      "x" : 0.0,
      "y" : 0.0,
      "z" : 22.18034
    }
  }, {
    "shape" : "4f7267b7-af58-4c2d-9cfb-9357539126db",
    "color" : "#FFFFFF",
    "position" : {
      "x" : -20.062305,
      "y" : 12.399187,
      "z" : 0.0
    }
  }, {
    "shape" : "c02a1f62-c6b7-4473-ae39-cac4b32005d7",
    "color" : "#007695",
    "position" : {
      "x" : -6.854102,
      "y" : -11.09017,
      "z" : 17.944271
    },
    "orientation" : 22
  }, {
    "shape" : "050d8806-1530-48fb-a245-e75c2af77308",
    "color" : "#AF0000",
    "position" : {
      "x" : 7.663119,
      "y" : 20.062305,
      "z" : 0.0
    },
    "orientation" : 15
  }, {
    "shape" : "050d8806-1530-48fb-a245-e75c2af77308",
    "color" : "#AF0000",
    "position" : {
      "x" : 0.0,
      "y" : 7.663119,
      "z" : -20.062305
    },
    "orientation" : 1
  }, {
    "shape" : "db2d8b68-1efd-4b33-a235-6154e9ae8f0a",
    "color" : "#AF0000",
    "position" : {
      "x" : 5.545085,
      "y" : 20.062305,
      "z" : -3.427051
    },
    "orientation" : 47
  }, {
    "shape" : "db2d8b68-1efd-4b33-a235-6154e9ae8f0a",
    "color" : "#AF0000",
    "position" : {
      "x" : -8.972136,
      "y" : -14.5172205,
      "z" : -12.399187
    },
    "orientation" : 15
  }, {
    "shape" : "4f7267b7-af58-4c2d-9cfb-9357539126db",
    "color" : "#FFFFFF",
    "position" : {
      "x" : -7.663119,
      "y" : 20.062305,
      "z" : 0.0
    }
  }, {
    "shape" : "4f7267b7-af58-4c2d-9cfb-9357539126db",
    "color" : "#FFFFFF",
    "position" : {
      "x" : -12.399187,
      "y" : -12.399187,
      "z" : -12.399187
    }
  }, {
    "shape" : "050d8806-1530-48fb-a245-e75c2af77308",
    "color" : "#AF0000",
    "position" : {
      "x" : -7.663119,
      "y" : 20.062305,
      "z" : 0.0
    },
    "orientation" : 17
  }, {
    "shape" : "4f7267b7-af58-4c2d-9cfb-9357539126db",
    "color" : "#FFFFFF",
    "position" : {
      "x" : -20.062305,
      "y" : -3.427051,
      "z" : 5.545085
    }
  }, {
    "shape" : "db2d8b68-1efd-4b33-a235-6154e9ae8f0a",
    "color" : "#AF0000",
    "position" : {
      "x" : 14.5172205,
      "y" : -12.399187,
      "z" : -8.972136
    },
    "orientation" : 2
  }, {
    "shape" : "4f7267b7-af58-4c2d-9cfb-9357539126db",
    "color" : "#FFFFFF",
    "position" : {
      "x" : 8.972136,
      "y" : 14.5172205,
      "z" : -12.399187
    }
  }, {
    "shape" : "4f7267b7-af58-4c2d-9cfb-9357539126db",
    "color" : "#FFFFFF",
    "position" : {
      "x" : 5.545085,
      "y" : 20.062305,
      "z" : 3.427051
    }
  }, {
    "shape" : "46f6140c-31ee-4821-89b2-d64b9ee295fb",
    "color" : "#7FBACA",
    "position" : {
      "x" : 0.0,
      "y" : 0.0,
      "z" : 0.0
    }
  }, {
    "shape" : "4f7267b7-af58-4c2d-9cfb-9357539126db",
    "color" : "#FFFFFF",
    "position" : {
      "x" : 5.545085,
      "y" : 20.062305,
      "z" : -3.427051
    }
  }, {
    "shape" : "db2d8b68-1efd-4b33-a235-6154e9ae8f0a",
    "color" : "#AF0000",
    "position" : {
      "x" : -14.5172205,
      "y" : -12.399187,
      "z" : -8.972136
    },
    "orientation" : 32
  }, {
    "shape" : "4f7267b7-af58-4c2d-9cfb-9357539126db",
    "color" : "#FFFFFF",
    "position" : {
      "x" : -20.062305,
      "y" : 3.427051,
      "z" : -5.545085
    }
  }, {
    "shape" : "db2d8b68-1efd-4b33-a235-6154e9ae8f0a",
    "color" : "#AF0000",
    "position" : {
      "x" : -14.5172205,
      "y" : 12.399187,
      "z" : -8.972136
    },
    "orientation" : 32
  }, {
    "shape" : "050d8806-1530-48fb-a245-e75c2af77308",
    "color" : "#AF0000",
    "position" : {
      "x" : 20.062305,
      "y" : 0.0,
      "z" : 7.663119
    },
    "orientation" : 16
  }, {
    "shape" : "db2d8b68-1efd-4b33-a235-6154e9ae8f0a",
    "color" : "#AF0000",
    "position" : {
      "x" : 14.5172205,
      "y" : 12.399187,
      "z" : -8.972136
    },
    "orientation" : 2
  }, {
    "shape" : "db2d8b68-1efd-4b33-a235-6154e9ae8f0a",
    "color" : "#AF0000",
    "position" : {
      "x" : 11.09017,
      "y" : 17.944271,
      "z" : 0.0
    },
    "orientation" : 15
  }, {
    "shape" : "4f7267b7-af58-4c2d-9cfb-9357539126db",
    "color" : "#FFFFFF",
    "position" : {
      "x" : -5.545085,
      "y" : 20.062305,
      "z" : -3.427051
    }
  }, {
    "shape" : "4f7267b7-af58-4c2d-9cfb-9357539126db",
    "color" : "#FFFFFF",
    "position" : {
      "x" : 0.0,
      "y" : -7.663119,
      "z" : 20.062305
    }
  }, {
    "shape" : "c02a1f62-c6b7-4473-ae39-cac4b32005d7",
    "color" : "#007695",
    "position" : {
      "x" : 0.0,
      "y" : 22.18034,
      "z" : 0.0
    },
    "orientation" : 26
  }, {
    "shape" : "4f7267b7-af58-4c2d-9cfb-9357539126db",
    "color" : "#FFFFFF",
    "position" : {
      "x" : 17.944271,
      "y" : 0.0,
      "z" : -11.09017
    }
  }, {
    "shape" : "db2d8b68-1efd-4b33-a235-6154e9ae8f0a",
    "color" : "#AF0000",
    "position" : {
      "x" : 14.5172205,
      "y" : -12.399187,
      "z" : 8.972136
    },
    "orientation" : 17
  }, {
    "shape" : "c02a1f62-c6b7-4473-ae39-cac4b32005d7",
    "color" : "#007695",
    "position" : {
      "x" : 0.0,
      "y" : 0.0,
      "z" : -22.18034
    },
    "orientation" : 9
  }, {
    "shape" : "db2d8b68-1efd-4b33-a235-6154e9ae8f0a",
    "color" : "#AF0000",
    "position" : {
      "x" : 17.944271,
      "y" : 0.0,
      "z" : 11.09017
    },
    "orientation" : 32
  }, {
    "shape" : "050d8806-1530-48fb-a245-e75c2af77308",
    "color" : "#AF0000",
    "position" : {
      "x" : 0.0,
      "y" : 7.663119,
      "z" : -20.062305
    },
    "orientation" : 30
  }, {
    "shape" : "050d8806-1530-48fb-a245-e75c2af77308",
    "color" : "#AF0000",
    "position" : {
      "x" : 0.0,
      "y" : -7.663119,
      "z" : 20.062305
    },
    "orientation" : 45
  }, {
    "shape" : "4d513972-17b8-4b81-b993-14b30528bb79",
    "color" : "#7FBACA",
    "position" : {
      "x" : 0.0,
      "y" : 0.0,
      "z" : 0.0
    }
  }, {
    "shape" : "4f7267b7-af58-4c2d-9cfb-9357539126db",
    "color" : "#FFFFFF",
    "position" : {
      "x" : -14.5172205,
      "y" : 12.399187,
      "z" : 8.972136
