{
  "field" : "snubDodec",
  "symmetry" : "icosahedral",
  "orientations" : [ [ 1.0, 0.0, 0.0, 0.0, 0.0, 1.0, 0.0, 0.0, 0.0, 0.0, 1.0, 0.0, 0.0, 0.0, 0.0, 1.0 ], [ 0.0, 0.0, 1.0, 0.0, 1.0, 0.0, 0.0, 0.0, 0.0, 1.0, 0.0, 0.0, 0.0, 0.0, 0.0, 1.0 ], [ 0.0, 1.0, 0.0, 0.0, 0.0, 0.0, 1.0, 0.0, 1.0, 0.0, 0.0, 0.0, 0.0, 0.0, 0.0, 1.0 ], [ 0.809017, 0.309017, 0.5, 0.0, 0.309017, 0.5, -0.809017, 0.0, -0.5, 0.809017, 0.309017, 0.0, 0.0, 0.0, 0.0, 1.0 ], [ -0.5, 0.809017, 0.309017, 0.0, 0.809017, 0.309017, 0.5, 0.0, 0.309017, 0.5, -0.809017, 0.0, 0.0, 0.0, 0.0, 1.0 ], [ 0.309017, 0.5, -0.809017, 0.0, -0.5, 0.809017, 0.309017, 0.0, 0.809017, 0.309017, 0.5, 0.0, 0.0, 0.0, 0.0, 1.0 ], [ 0.5, 0.809017, 0.309017, 0.0, 0.809017, -0.309017, -0.5, 0.0, -0.309017, 0.5, -0.809017, 0.0, 0.0, 0.0, 0.0, 1.0 ], [ -0.309017, 0.5, -0.809017, 0.0, 0.5, 0.809017, 0.309017, 0.0, 0.809017, -0.309017, -0.5, 0.0, 0.0, 0.0, 0.0, 1.0 ], [ 0.809017, -0.309017, -0.5, 0.0, -0.309017, 0.5, -0.809017, 0.0, 0.5, 0.809017, 0.309017, 0.0, 0.0, 0.0, 0.0, 1.0 ], [ 0.5, 0.809017, -0.309017, 0.0, 0.809017, -0.309017, 0.5, 0.0, 0.309017, -0.5, -0.809017, 0.0, 0.0, 0.0, 0.0, 1.0 ], [ 0.309017, -0.5, -0.809017, 0.0, 0.5, 0.809017, -0.309017, 0.0, 0.809017, -0.309017, 0.5, 0.0, 0.0, 0.0, 0.0, 1.0 ], [ 0.809017, -0.309017, 0.5, 0.0, 0.309017, -0.5, -0.809017, 0.0, 0.5, 0.809017, -0.309017, 0.0, 0.0, 0.0, 0.0, 1.0 ], [ 0.809017, 0.309017, -0.5, 0.0, 0.309017, 0.5, 0.809017, 0.0, 0.5, -0.809017, 0.309017, 0.0, 0.0, 0.0, 0.0, 1.0 ], [ 0.5, -0.809017, 0.309017, 0.0, 0.809017, 0.309017, -0.5, 0.0, 0.309017, 0.5, 0.809017, 0.0, 0.0, 0.0, 0.0, 1.0 ], [ 0.309017, 0.5, 0.809017, 0.0, 0.5, -0.809017, 0.309017, 0.0, 0.809017, 0.309017, -0.5, 0.0, 0.0, 0.0, 0.0, 1.0 ], [ 1.0, 0.0, 0.0, 0.0, 0.0, -1.0, 0.0, 0.0, 0.0, 0.0, -1.0, 0.0, 0.0, 0.0, 0.0, 1.0 ], [ 0.0, 0.0, 1.0, 0.0, -1.0, 0.0, 0.0, 0.0, 0.0, -1.0, 0.0, 0.0, 0.0, 0.0, 0.0, 1.0 ], [ 0.0, 1.0, 0.0, 0.0, 0.0, 0.0, -1.0, 0.0, -1.0, 0.0, 0.0, 0.0, 0.0, 0.0, 0.0, 1.0 ], [ 0.809017, 0.309017, 0.5, 0.0, -0.309017, -0.5, 0.809017, 0.0, 0.5, -0.809017, -0.309017, 0.0, 0.0, 0.0, 0.0, 1.0 ], [ -0.5, 0.809017, 0.309017, 0.0, -0.809017, -0.309017, -0.5, 0.0, -0.309017, -0.5, 0.809017, 0.0, 0.0, 0.0, 0.0, 1.0 ], [ 0.309017, 0.5, -0.809017, 0.0, 0.5, -0.809017, -0.309017, 0.0, -0.809017, -0.309017, -0.5, 0.0, 0.0, 0.0, 0.0, 1.0 ], [ 0.5, 0.809017, 0.309017, 0.0, -0.809017, 0.309017, 0.5, 0.0, 0.309017, -0.5, 0.809017, 0.0, 0.0, 0.0, 0.0, 1.0 ], [ -0.309017, 0.5, -0.809017, 0.0, -0.5, -0.809017, -0.309017, 0.0, -0.809017, 0.309017, 0.5, 0.0, 0.0, 0.0, 0.0, 1.0 ], [ 0.809017, -0.309017, -0.5, 0.0, 0.309017, -0.5, 0.809017, 0.0, -0.5, -0.809017, -0.309017, 0.0, 0.0, 0.0, 0.0, 1.0 ], [ 0.5, 0.809017, -0.309017, 0.0, -0.809017, 0.309017, -0.5, 0.0, -0.309017, 0.5, 0.809017, 0.0, 0.0, 0.0, 0.0, 1.0 ], [ 0.309017, -0.5, -0.809017, 0.0, -0.5, -0.809017, 0.309017, 0.0, -0.809017, 0.309017, -0.5, 0.0, 0.0, 0.0, 0.0, 1.0 ], [ 0.809017, -0.309017, 0.5, 0.0, -0.309017, 0.5, 0.809017, 0.0, -0.5, -0.809017, 0.309017, 0.0, 0.0, 0.0, 0.0, 1.0 ], [ 0.809017, 0.309017, -0.5, 0.0, -0.309017, -0.5, -0.809017, 0.0, -0.5, 0.809017, -0.309017, 0.0, 0.0, 0.0, 0.0, 1.0 ], [ 0.5, -0.809017, 0.309017, 0.0, -0.809017, -0.309017, 0.5, 0.0, -0.309017, -0.5, -0.809017, 0.0, 0.0, 0.0, 0.0, 1.0 ], [ 0.309017, 0.5, 0.809017, 0.0, -0.5, 0.809017, -0.309017, 0.0, -0.809017, -0.309017, 0.5, 0.0, 0.0, 0.0, 0.0, 1.0 ], [ -1.0, 0.0, 0.0, 0.0, 0.0, -1.0, 0.0, 0.0, 0.0, 0.0, 1.0, 0.0, 0.0, 0.0, 0.0, 1.0 ], [ 0.0, 0.0, -1.0, 0.0, -1.0, 0.0, 0.0, 0.0, 0.0, 1.0, 0.0, 0.0, 0.0, 0.0, 0.0, 1.0 ], [ 0.0, -1.0, 0.0, 0.0, 0.0, 0.0, -1.0, 0.0, 1.0, 0.0, 0.0, 0.0, 0.0, 0.0, 0.0, 1.0 ], [ -0.809017, -0.309017, -0.5, 0.0, -0.309017, -0.5, 0.809017, 0.0, -0.5, 0.809017, 0.309017, 0.0, 0.0, 0.0, 0.0, 1.0 ], [ 0.5, -0.809017, -0.309017, 0.0, -0.809017, -0.309017, -0.5, 0.0, 0.309017, 0.5, -0.809017, 0.0, 0.0, 0.0, 0.0, 1.0 ], [ -0.309017, -0.5, 0.809017, 0.0, 0.5, -0.809017, -0.309017, 0.0, 0.809017, 0.309017, 0.5, 0.0, 0.0, 0.0, 0.0, 1.0 ], [ -0.5, -0.809017, -0.309017, 0.0, -0.809017, 0.309017, 0.5, 0.0, -0.309017, 0.5, -0.809017, 0.0, 0.0, 0.0, 0.0, 1.0 ], [ 0.309017, -0.5, 0.809017, 0.0, -0.5, -0.809017, -0.309017, 0.0, 0.809017, -0.309017, -0.5, 0.0, 0.0, 0.0, 0.0, 1.0 ], [ -0.809017, 0.309017, 0.5, 0.0, 0.309017, -0.5, 0.809017, 0.0, 0.5, 0.809017, 0.309017, 0.0, 0.0, 0.0, 0.0, 1.0 ], [ -0.5, -0.809017, 0.309017, 0.0, -0.809017, 0.309017, -0.5, 0.0, 0.309017, -0.5, -0.809017, 0.0, 0.0, 0.0, 0.0, 1.0 ], [ -0.309017, 0.5, 0.809017, 0.0, -0.5, -0.809017, 0.309017, 0.0, 0.809017, -0.309017, 0.5, 0.0, 0.0, 0.0, 0.0, 1.0 ], [ -0.809017, 0.309017, -0.5, 0.0, -0.309017, 0.5, 0.809017, 0.0, 0.5, 0.809017, -0.309017, 0.0, 0.0, 0.0, 0.0, 1.0 ], [ -0.809017, -0.309017, 0.5, 0.0, -0.309017, -0.5, -0.809017, 0.0, 0.5, -0.809017, 0.309017, 0.0, 0.0, 0.0, 0.0, 1.0 ], [ -0.5, 0.809017, -0.309017, 0.0, -0.809017, -0.309017, 0.5, 0.0, 0.309017, 0.5, 0.809017, 0.0, 0.0, 0.0, 0.0, 1.0 ], [ -0.309017, -0.5, -0.809017, 0.0, -0.5, 0.809017, -0.309017, 0.0, 0.809017, 0.309017, -0.5, 0.0, 0.0, 0.0, 0.0, 1.0 ], [ -1.0, 0.0, 0.0, 0.0, 0.0, 1.0, 0.0, 0.0, 0.0, 0.0, -1.0, 0.0, 0.0, 0.0, 0.0, 1.0 ], [ 0.0, 0.0, -1.0, 0.0, 1.0, 0.0, 0.0, 0.0, 0.0, -1.0, 0.0, 0.0, 0.0, 0.0, 0.0, 1.0 ], [ 0.0, -1.0, 0.0, 0.0, 0.0, 0.0, 1.0, 0.0, -1.0, 0.0, 0.0, 0.0, 0.0, 0.0, 0.0, 1.0 ], [ -0.809017, -0.309017, -0.5, 0.0, 0.309017, 0.5, -0.809017, 0.0, 0.5, -0.809017, -0.309017, 0.0, 0.0, 0.0, 0.0, 1.0 ], [ 0.5, -0.809017, -0.309017, 0.0, 0.809017, 0.309017, 0.5, 0.0, -0.309017, -0.5, 0.809017, 0.0, 0.0, 0.0, 0.0, 1.0 ], [ -0.309017, -0.5, 0.809017, 0.0, -0.5, 0.809017, 0.309017, 0.0, -0.809017, -0.309017, -0.5, 0.0, 0.0, 0.0, 0.0, 1.0 ], [ -0.5, -0.809017, -0.309017, 0.0, 0.809017, -0.309017, -0.5, 0.0, 0.309017, -0.5, 0.809017, 0.0, 0.0, 0.0, 0.0, 1.0 ], [ 0.309017, -0.5, 0.809017, 0.0, 0.5, 0.809017, 0.309017, 0.0, -0.809017, 0.309017, 0.5, 0.0, 0.0, 0.0, 0.0, 1.0 ], [ -0.809017, 0.309017, 0.5, 0.0, -0.309017, 0.5, -0.809017, 0.0, -0.5, -0.809017, -0.309017, 0.0, 0.0, 0.0, 0.0, 1.0 ], [ -0.5, -0.809017, 0.309017, 0.0, 0.809017, -0.309017, 0.5, 0.0, -0.309017, 0.5, 0.809017, 0.0, 0.0, 0.0, 0.0, 1.0 ], [ -0.309017, 0.5, 0.809017, 0.0, 0.5, 0.809017, -0.309017, 0.0, -0.809017, 0.309017, -0.5, 0.0, 0.0, 0.0, 0.0, 1.0 ], [ -0.809017, 0.309017, -0.5, 0.0, 0.309017, -0.5, -0.809017, 0.0, -0.5, -0.809017, 0.309017, 0.0, 0.0, 0.0, 0.0, 1.0 ], [ -0.809017, -0.309017, 0.5, 0.0, 0.309017, 0.5, 0.809017, 0.0, -0.5, 0.809017, -0.309017, 0.0, 0.0, 0.0, 0.0, 1.0 ], [ -0.5, 0.809017, -0.309017, 0.0, 0.809017, 0.309017, -0.5, 0.0, -0.309017, -0.5, -0.809017, 0.0, 0.0, 0.0, 0.0, 1.0 ], [ -0.309017, -0.5, -0.809017, 0.0, 0.5, -0.809017, 0.309017, 0.0, -0.809017, -0.309017, 0.5, 0.0, 0.0, 0.0, 0.0, 1.0 ] ],
  "lights" : {
    "ambientColor" : "#292929",
    "backgroundColor" : "#E0EFFF",
    "directionalLights" : [ {
      "direction" : {
        "x" : 1.0,
        "y" : -1.0,
        "z" : -1.0
      },
      "color" : "#EBEBE4"
    }, {
      "direction" : {
        "x" : -1.0,
        "y" : 0.0,
        "z" : 0.0
      },
      "color" : "#E4E4EB"
    }, {
      "direction" : {
        "x" : 0.0,
        "y" : 0.0,
        "z" : -1.0
      },
      "color" : "#1E1E1E"
    } ]
  },
  "camera" : {
    "width" : 48.929184,
    "stereo" : false,
    "perspective" : false,
    "lookDirection" : {
      "x" : 0.0,
      "y" : 0.0,
      "z" : -1.0
    },
    "upDirection" : {
      "x" : 0.0,
      "y" : 1.0,
      "z" : 0.0
    },
    "lookAtPoint" : {
      "x" : 0.0,
      "y" : 0.0,
      "z" : 0.0
    },
    "viewDistance" : 108.73127,
    "nearClipDistance" : 0.27182832,
    "farClipDistance" : 217.46312,
    "fieldOfView" : 0.44262987,
    "position" : {
      "x" : 0.0,
      "y" : 0.0,
      "z" : 108.73127
    }
  },
  "embedding" : [ 1.0, 0.0, 0.0, 0.0, 0.0, 1.0, 0.0, 0.0, 0.0, 0.0, 1.0, 0.0, 0.0, 0.0, 0.0, 1.0 ],
  "shapes" : [ {
    "id" : "4bf2237b-40ea-4d15-acfb-715514ac6421",
    "vertices" : [ {
      "x" : 0.309017,
      "y" : -0.309017,
      "z" : -0.309017
    }, {
      "x" : 0.5,
      "y" : 0.0,
      "z" : -0.19098301
    }, {
      "x" : 0.5,
      "y" : 0.0,
      "z" : 0.19098301
    }, {
      "x" : 0.309017,
      "y" : -0.309017,
      "z" : 0.309017
    }, {
      "x" : 0.19098301,
      "y" : -0.5,
      "z" : 0.0
    }, {
      "x" : 0.0,
      "y" : 0.19098301,
      "z" : 0.5
    }, {
      "x" : 0.0,
      "y" : -0.19098301,
      "z" : 0.5
    }, {
      "x" : 0.309017,
      "y" : 0.309017,
      "z" : 0.309017
    }, {
      "x" : -0.309017,
      "y" : -0.309017,
      "z" : 0.309017
    }, {
      "x" : -0.309017,
      "y" : 0.309017,
      "z" : 0.309017
    }, {
      "x" : -0.5,
      "y" : 0.0,
      "z" : 0.19098301
    }, {
      "x" : 0.0,
      "y" : -0.19098301,
      "z" : -0.5
    }, {
      "x" : 0.0,
      "y" : 0.19098301,
      "z" : -0.5
    }, {
      "x" : 0.309017,
      "y" : 0.309017,
      "z" : -0.309017
    }, {
      "x" : -0.309017,
      "y" : -0.309017,
      "z" : -0.309017
    }, {
      "x" : -0.19098301,
      "y" : -0.5,
      "z" : 0.0
    }, {
      "x" : -0.5,
      "y" : 0.0,
      "z" : -0.19098301
    }, {
      "x" : 0.19098301,
      "y" : 0.5,
      "z" : 0.0
    }, {
      "x" : -0.309017,
      "y" : 0.309017,
      "z" : -0.309017
    }, {
      "x" : 0.0,
      "y" : 0.0,
      "z" : 0.0
    }, {
      "x" : -0.19098301,
      "y" : 0.5,
      "z" : 0.0
    } ],
    "faces" : [ {
      "vertices" : [ 12, 18, 20 ]
    }, {
      "vertices" : [ 12, 20, 17 ]
    }, {
      "vertices" : [ 12, 17, 13 ]
    }, {
      "vertices" : [ 3, 6, 8 ]
    }, {
      "vertices" : [ 3, 8, 15 ]
    }, {
      "vertices" : [ 3, 15, 4 ]
    }, {
      "vertices" : [ 0, 11, 12 ]
    }, {
      "vertices" : [ 0, 12, 13 ]
    }, {
      "vertices" : [ 0, 13, 1 ]
    }, {
      "vertices" : [ 5, 9, 10 ]
    }, {
      "vertices" : [ 5, 10, 8 ]
    }, {
      "vertices" : [ 5, 8, 6 ]
    }, {
      "vertices" : [ 2, 7, 5 ]
    }, {
      "vertices" : [ 2, 5, 6 ]
    }, {
      "vertices" : [ 2, 6, 3 ]
    }, {
      "vertices" : [ 11, 14, 16 ]
    }, {
      "vertices" : [ 11, 16, 18 ]
    }, {
      "vertices" : [ 11, 18, 12 ]
    }, {
      "vertices" : [ 1, 13, 17 ]
    }, {
      "vertices" : [ 1, 17, 7 ]
    }, {
      "vertices" : [ 1, 7, 2 ]
    }, {
      "vertices" : [ 9, 20, 18 ]
    }, {
      "vertices" : [ 9, 18, 16 ]
    }, {
      "vertices" : [ 9, 16, 10 ]
    }, {
      "vertices" : [ 0, 1, 2 ]
    }, {
      "vertices" : [ 0, 2, 3 ]
    }, {
      "vertices" : [ 0, 3, 4 ]
    }, {
      "vertices" : [ 5, 7, 17 ]
    }, {
      "vertices" : [ 5, 17, 20 ]
    }, {
      "vertices" : [ 5, 20, 9 ]
    }, {
      "vertices" : [ 0, 4, 15 ]
    }, {
      "vertices" : [ 0, 15, 14 ]
    }, {
      "vertices" : [ 0, 14, 11 ]
    }, {
      "vertices" : [ 8, 10, 16 ]
    }, {
      "vertices" : [ 8, 16, 14 ]
    }, {
      "vertices" : [ 8, 14, 15 ]
    } ]
  }, {
    "id" : "f6d461c9-1297-4f9d-8776-af5a88e1d2df",
    "vertices" : [ {
      "x" : 0.717942,
      "y" : 0.2832701,
      "z" : -4.213555
    }, {
      "x" : 0.817942,
      "y" : -0.11672991,
      "z" : -4.313555
    }, {
      "x" : 0.3543529,
      "y" : -0.10812131,
      "z" : -0.6306368
    }, {
      "x" : 0.2543529,
      "y" : 0.2918787,
      "z" : -0.5306368
    }, {
      "x" : 1.117942,
      "y" : 0.016603423,
      "z" : -4.080221
    }, {
      "x" : 1.017942,
      "y" : 0.41660342,
      "z" : -3.9802213
    }, {
      "x" : -0.04564711,
      "y" : 0.15854536,
      "z" : -0.76397014
    }, {
      "x" : 0.05435289,
      "y" : -0.24145465,
      "z" : -0.8639701
    } ],
    "faces" : [ {
      "vertices" : [ 2, 3, 6 ]
    }, {
      "vertices" : [ 2, 6, 7 ]
    }, {
      "vertices" : [ 0, 5, 4 ]
    }, {
      "vertices" : [ 0, 4, 1 ]
    }, {
      "vertices" : [ 2, 4, 5 ]
    }, {
      "vertices" : [ 2, 5, 3 ]
    }, {
      "vertices" : [ 0, 6, 3 ]
    }, {
      "vertices" : [ 0, 3, 5 ]
    }, {
      "vertices" : [ 0, 1, 7 ]
    }, {
      "vertices" : [ 0, 7, 6 ]
    }, {
      "vertices" : [ 1, 4, 2 ]
    }, {
      "vertices" : [ 1, 2, 7 ]
    } ]
  }, {
    "id" : "411199c4-0176-4f59-926d-eb17ea70da6b",
    "vertices" : [ {
      "x" : -6.4802666,
      "y" : 0.0,
      "z" : -10.4852915
    }, {
      "x" : -2.1423016,
      "y" : -1.8913866,
      "z" : -11.985759
    }, {
      "x" : -3.24479,
      "y" : 3.6752503,
      "z" : -11.304383
    } ],
    "faces" : [ {
      "vertices" : [ 0, 1, 2 ]
    }, {
      "vertices" : [ 0, 2, 1 ]
    } ]
  }, {
    "id" : "b91e2a10-48ff-4bf6-be43-96cbacc8c525",
    "vertices" : [ {
      "x" : -11.985759,
      "y" : -2.1423016,
      "z" : -1.8913866
    }, {
      "x" : -11.985759,
      "y" : 2.1423016,
      "z" : 1.8913866
    }, {
      "x" : -11.304383,
      "y" : -3.24479,
      "z" : 3.6752503
    } ],
    "faces" : [ {
      "vertices" : [ 0, 1, 2 ]
    }, {
      "vertices" : [ 0, 2, 1 ]
    } ]
  }, {
    "id" : "96b491b2-6065-489c-8ccd-a19df95a9373",
    "vertices" : [ {
      "x" : 0.7308558,
      "y" : 0.76681167,
      "z" : 4.948251
    }, {
      "x" : 0.33085582,
      "y" : 0.8668117,
      "z" : 5.0482507
    }, {
      "x" : -0.04948053,
      "y" : 0.33567667,
      "z" : 0.6183862
    }, {
      "x" : 0.35051948,
      "y" : 0.23567668,
      "z" : 0.5183862
    }, {
      "x" : 0.46418914,
      "y" : 1.1668117,
      "z" : 4.814917
    }, {
      "x" : 0.86418915,
      "y" : 1.0668117,
      "z" : 4.714917
    }, {
      "x" : 0.21718614,
      "y" : -0.06432332,
      "z" : 0.75171953
    }, {
      "x" : -0.18281387,
      "y" : 0.035676684,
      "z" : 0.85171956
    } ],
    "faces" : [ {
      "vertices" : [ 2, 3, 6 ]
    }, {
      "vertices" : [ 2, 6, 7 ]
    }, {
      "vertices" : [ 0, 5, 4 ]
    }, {
      "vertices" : [ 0, 4, 1 ]
    }, {
      "vertices" : [ 2, 4, 5 ]
    }, {
      "vertices" : [ 2, 5, 3 ]
    }, {
      "vertices" : [ 0, 6, 3 ]
    }, {
      "vertices" : [ 0, 3, 5 ]
    }, {
      "vertices" : [ 0, 1, 7 ]
    }, {
      "vertices" : [ 0, 7, 6 ]
    }, {
      "vertices" : [ 1, 4, 2 ]
    }, {
      "vertices" : [ 1, 2, 7 ]
    } ]
  }, {
    "id" : "f3af6c3f-1579-4520-b70c-26609de80818",
    "vertices" : [ {
      "x" : 0.072024114,
      "y" : -3.349689,
      "z" : -3.8109982
    }, {
      "x" : -0.32797587,
      "y" : -3.249689,
      "z" : -3.7109983
    }, {
      "x" : -0.293551,
      "y" : -0.5764762,
      "z" : -0.33669388
    }, {
      "x" : 0.106449015,
      "y" : -0.67647624,
      "z" : -0.43669388
    }, {
      "x" : -0.46130922,
      "y" : -3.549689,
      "z" : -3.477665
    }, {
      "x" : -0.06130922,
      "y" : -3.649689,
      "z" : -3.5776649
    }, {
      "x" : 0.23978235,
      "y" : -0.37647623,
      "z" : -0.6700272
    }, {
      "x" : -0.16021766,
      "y" : -0.27647623,
      "z" : -0.57002723
    } ],
    "faces" : [ {
      "vertices" : [ 2, 3, 6 ]
    }, {
      "vertices" : [ 2, 6, 7 ]
    }, {
      "vertices" : [ 0, 5, 4 ]
    }, {
      "vertices" : [ 0, 4, 1 ]
    }, {
      "vertices" : [ 2, 4, 5 ]
    }, {
      "vertices" : [ 2, 5, 3 ]
    }, {
      "vertices" : [ 0, 6, 3 ]
    }, {
      "vertices" : [ 0, 3, 5 ]
    }, {
      "vertices" : [ 0, 1, 7 ]
    }, {
      "vertices" : [ 0, 7, 6 ]
    }, {
      "vertices" : [ 1, 4, 2 ]
    }, {
      "vertices" : [ 1, 2, 7 ]
    } ]
  }, {
    "id" : "28c07328-763a-43ee-97c9-a52189c1aac9",
    "vertices" : [ {
      "x" : -2.1423016,
      "y" : 1.8913866,
      "z" : 11.985759
    }, {
      "x" : 2.1423016,
      "y" : -1.8913866,
      "z" : 11.985759
    }, {
      "x" : -3.24479,
      "y" : -3.6752503,
      "z" : 11.304383
    } ],
    "faces" : [ {
      "vertices" : [ 0, 1, 2 ]
    }, {
      "vertices" : [ 0, 2, 1 ]
    } ]
  }, {
    "id" : "c698d5c9-ed9c-4679-bc68-b68031b9fed6",
    "vertices" : [ {
      "x" : 10.4852915,
      "y" : 6.4802666,
      "z" : 0.0
    }, {
      "x" : 11.985759,
      "y" : 2.1423016,
      "z" : -1.8913866
    }, {
      "x" : 11.304383,
      "y" : 3.24479,
      "z" : 3.6752503
    } ],
    "faces" : [ {
      "vertices" : [ 0, 1, 2 ]
    }, {
      "vertices" : [ 0, 2, 1 ]
    } ]
  }, {
    "id" : "b94115b7-3b16-4a90-89af-2b2c5e52061e",
    "vertices" : [ {
      "x" : 6.4802666,
      "y" : 0.0,
      "z" : 10.4852915
    }, {
      "x" : 9.980368,
      "y" : -1.1024884,
      "z" : 7.141567
    }, {
      "x" : 6.3051176,
      "y" : -4.8441916,
      "z" : 9.412996
    } ],
    "faces" : [ {
      "vertices" : [ 0, 1, 2 ]
    }, {
      "vertices" : [ 0, 2, 1 ]
    } ]
  }, {
    "id" : "1bf34503-86ee-43e2-9e7e-9e3970dc93a5",
    "vertices" : [ {
      "x" : 0.0,
      "y" : -10.4852915,
      "z" : -6.4802666
    }, {
      "x" : -1.1024884,
      "y" : -7.141567,
      "z" : -9.980368
    }, {
      "x" : -4.8441916,
      "y" : -9.412996,
      "z" : -6.3051176
    } ],
    "faces" : [ {
      "vertices" : [ 0, 1, 2 ]
    }, {
      "vertices" : [ 0, 2, 1 ]
    } ]
  }, {
    "id" : "db7c2df4-6b5a-42bb-87f8-c7ac319d505c",
    "vertices" : [ {
      "x" : -6.4802666,
      "y" : 0.0,
      "z" : -10.4852915
    }, {
      "x" : -8.088982,
      "y" : 4.162816,
      "z" : -8.310509
    }, {
      "x" : -9.980368,
      "y" : -1.1024884,
      "z" : -7.141567
    } ],
    "faces" : [ {
      "vertices" : [ 0, 1, 2 ]
    }, {
      "vertices" : [ 0, 2, 1 ]
    } ]
  }, {
    "id" : "fc7f781e-02be-4ea2-96ce-b97ffd6bcc46",
    "vertices" : [ {
      "x" : 3.8283002,
      "y" : -3.1210558,
      "z" : 0.13333334
    }, {
      "x" : 3.9283004,
      "y" : -3.221056,
      "z" : -0.26666668
    }, {
      "x" : 0.45630294,
      "y" : -0.6617173,
      "z" : -0.13333334
    }, {
      "x" : 0.35630295,
      "y" : -0.5617173,
      "z" : 0.26666668
    }, {
      "x" : 3.694967,
      "y" : -3.521056,
      "z" : -0.13333334
    }, {
      "x" : 3.5949671,
      "y" : -3.4210558,
      "z" : 0.26666668
    }, {
      "x" : 0.58963627,
      "y" : -0.2617173,
      "z" : 0.13333334
    }, {
      "x" : 0.6896363,
      "y" : -0.36171728,
      "z" : -0.26666668
    } ],
    "faces" : [ {
      "vertices" : [ 2, 3, 6 ]
    }, {
      "vertices" : [ 2, 6, 7 ]
    }, {
      "vertices" : [ 0, 5, 4 ]
    }, {
      "vertices" : [ 0, 4, 1 ]
    }, {
      "vertices" : [ 2, 4, 5 ]
    }, {
      "vertices" : [ 2, 5, 3 ]
    }, {
      "vertices" : [ 0, 6, 3 ]
    }, {
      "vertices" : [ 0, 3, 5 ]
    }, {
      "vertices" : [ 0, 1, 7 ]
    }, {
      "vertices" : [ 0, 7, 6 ]
    }, {
      "vertices" : [ 1, 4, 2 ]
    }, {
      "vertices" : [ 1, 2, 7 ]
    } ]
  }, {
    "id" : "63971754-2f07-4321-a6ba-7033fad978af",
    "vertices" : [ {
      "x" : 6.3051176,
      "y" : 4.8441916,
      "z" : -9.412996
    }, {
      "x" : 1.1024884,
      "y" : 7.141567,
      "z" : -9.980368
    }, {
      "x" : 2.1423016,
      "y" : 1.8913866,
      "z" : -11.985759
    } ],
    "faces" : [ {
      "vertices" : [ 0, 1, 2 ]
    }, {
      "vertices" : [ 0, 2, 1 ]
    } ]
  }, {
    "id" : "6e117d83-d4c0-4429-a2de-ca47a933d86a",
    "vertices" : [ {
      "x" : -8.088982,
      "y" : -4.162816,
      "z" : 8.310509
    }, {
      "x" : -11.304383,
      "y" : -3.24479,
      "z" : 3.6752503
    }, {
      "x" : -9.980368,
      "y" : 1.1024884,
      "z" : 7.141567
    } ],
    "faces" : [ {
      "vertices" : [ 0, 1, 2 ]
    }, {
      "vertices" : [ 0, 2, 1 ]
    } ]
  }, {
    "id" : "4ec849b4-228d-42cc-9113-27613f787559",
    "vertices" : [ {
      "x" : 11.304383,
      "y" : 3.24479,
      "z" : 3.6752503
    }, {
      "x" : 8.088982,
      "y" : 4.162816,
      "z" : 8.310509
    }, {
      "x" : 8.310509,
      "y" : 8.088982,
      "z" : 4.162816
    } ],
    "faces" : [ {
      "vertices" : [ 0, 1, 2 ]
    }, {
      "vertices" : [ 0, 2, 1 ]
    } ]
  }, {
    "id" : "567d6f57-4946-4de0-94c3-cc79f0525f4c",
    "vertices" : [ {
      "x" : -11.304383,
      "y" : -3.24479,
      "z" : 3.6752503
    }, {
      "x" : -11.985759,
      "y" : 2.1423016,
      "z" : 1.8913866
    }, {
      "x" : -9.980368,
      "y" : 1.1024884,
      "z" : 7.141567
    } ],
    "faces" : [ {
      "vertices" : [ 0, 1, 2 ]
    }, {
      "vertices" : [ 0, 2, 1 ]
    } ]
  }, {
    "id" : "aff2e1f9-71fe-451f-9708-0dc94fbcaa87",
    "vertices" : [ {
      "x" : 3.6752503,
      "y" : -11.304383,
      "z" : -3.24479
    }, {
      "x" : 1.8913866,
      "y" : -11.985759,
      "z" : 2.1423016
    }, {
      "x" : 7.141567,
      "y" : -9.980368,
      "z" : 1.1024884
    } ],
    "faces" : [ {
      "vertices" : [ 0, 1, 2 ]
    }, {
      "vertices" : [ 0, 2, 1 ]
    } ]
  }, {
    "id" : "364b0790-7f98-4de6-bc92-998d30cca91d",
    "vertices" : [ {
      "x" : -9.412996,
      "y" : -6.3051176,
      "z" : -4.8441916
    }, {
      "x" : -4.8441916,
      "y" : -9.412996,
      "z" : -6.3051176
    }, {
      "x" : -6.3051176,
      "y" : -4.8441916,
      "z" : -9.412996
    } ],
    "faces" : [ {
      "vertices" : [ 0, 1, 2 ]
    }, {
      "vertices" : [ 0, 2, 1 ]
    } ]
  }, {
    "id" : "6792c39f-43a3-4259-b045-a47cb4d699cc",
    "vertices" : [ {
      "x" : 4.162816,
      "y" : -8.310509,
      "z" : -8.088982
    }, {
      "x" : 3.24479,
      "y" : -3.6752503,
      "z" : -11.304383
    }, {
      "x" : -1.1024884,
      "y" : -7.141567,
      "z" : -9.980368
    } ],
    "faces" : [ {
      "vertices" : [ 0, 1, 2 ]
    }, {
      "vertices" : [ 0, 2, 1 ]
    } ]
  }, {
    "id" : "e5deda69-2545-485a-b5bb-68284c32340e",
    "vertices" : [ {
      "x" : 3.24479,
      "y" : -3.6752503,
      "z" : -11.304383
    }, {
      "x" : 4.162816,
      "y" : -8.310509,
      "z" : -8.088982
    }, {
      "x" : 8.088982,
      "y" : -4.162816,
      "z" : -8.310509
    } ],
    "faces" : [ {
      "vertices" : [ 0, 1, 2 ]
    }, {
      "vertices" : [ 0, 2, 1 ]
    } ]
  }, {
    "id" : "5db3d7e0-b191-4b92-9ba6-eb3116c587fd",
    "vertices" : [ {
      "x" : -7.141567,
      "y" : 9.980368,
      "z" : 1.1024884
    }, {
      "x" : -3.6752503,
      "y" : 11.304383,
      "z" : -3.24479
    }, {
      "x" : -1.8913866,
      "y" : 11.985759,
      "z" : 2.1423016
    } ],
    "faces" : [ {
      "vertices" : [ 0, 1, 2 ]
    }, {
      "vertices" : [ 0, 2, 1 ]
    } ]
  }, {
    "id" : "3be06f66-1e25-4403-ae23-b7cd62a9a03a",
    "vertices" : [ {
      "x" : 6.4802666,
      "y" : 0.0,
      "z" : 10.4852915
    }, {
      "x" : 2.1423016,
      "y" : -1.8913866,
      "z" : 11.985759
    }, {
      "x" : 3.24479,
      "y" : 3.6752503,
      "z" : 11.304383
    } ],
    "faces" : [ {
      "vertices" : [ 0, 1, 2 ]
    }, {
      "vertices" : [ 0, 2, 1 ]
    } ]
  }, {
    "id" : "19c292f0-7eef-47c3-bfd8-7aa2f97baac5",
    "vertices" : [ {
      "x" : 11.985759,
      "y" : -2.1423016,
      "z" : 1.8913866
    }, {
      "x" : 11.985759,
      "y" : 2.1423016,
      "z" : -1.8913866
    }, {
      "x" : 11.304383,
      "y" : -3.24479,
      "z" : -3.6752503
    } ],
    "faces" : [ {
      "vertices" : [ 0, 1, 2 ]
    }, {
      "vertices" : [ 0, 2, 1 ]
    } ]
  }, {
    "id" : "c2625ed9-ca31-4ea0-9f0e-e36ab3865ca5",
    "vertices" : [ {
      "x" : 10.4852915,
      "y" : 6.4802666,
      "z" : 0.0
    }, {
      "x" : 9.412996,
      "y" : 6.3051176,
      "z" : -4.8441916
    }, {
      "x" : 11.985759,
      "y" : 2.1423016,
      "z" : -1.8913866
    } ],
    "faces" : [ {
      "vertices" : [ 0, 1, 2 ]
    }, {
      "vertices" : [ 0, 2, 1 ]
    } ]
  }, {
    "id" : "40a690de-be8a-40a0-b264-59da2839e45e",
    "vertices" : [ {
      "x" : 10.4852915,
      "y" : -6.4802666,
      "z" : 0.0
    }, {
      "x" : 11.985759,
      "y" : -2.1423016,
      "z" : 1.8913866
    }, {
      "x" : 11.304383,
      "y" : -3.24479,
      "z" : -3.6752503
    } ],
    "faces" : [ {
      "vertices" : [ 0, 1, 2 ]
    }, {
      "vertices" : [ 0, 2, 1 ]
    } ]
  }, {
    "id" : "03a89f11-5c44-48c6-99d6-4e52c472072c",
    "vertices" : [ {
      "x" : 0.0,
      "y" : 10.4852915,
      "z" : -6.4802666
    }, {
      "x" : 4.8441916,
      "y" : 9.412996,
      "z" : -6.3051176
    }, {
      "x" : 1.8913866,
      "y" : 11.985759,
      "z" : -2.1423016
    } ],
    "faces" : [ {
      "vertices" : [ 0, 1, 2 ]
    }, {
      "vertices" : [ 0, 2, 1 ]
    } ]
  }, {
    "id" : "453ac4d1-b26b-48a6-8cab-d6f22a538f1f",
    "vertices" : [ {
      "x" : 0.0,
      "y" : 10.4852915,
      "z" : -6.4802666
    }, {
      "x" : 1.8913866,
      "y" : 11.985759,
      "z" : -2.1423016
    }, {
      "x" : -3.6752503,
      "y" : 11.304383,
      "z" : -3.24479
    } ],
    "faces" : [ {
      "vertices" : [ 0, 1, 2 ]
    }, {
      "vertices" : [ 0, 2, 1 ]
    } ]
  }, {
    "id" : "a8b90d5d-1806-476b-9c24-aa220ca3fd71",
    "vertices" : [ {
      "x" : -9.412996,
      "y" : 6.3051176,
      "z" : 4.8441916
    }, {
      "x" : -4.8441916,
      "y" : 9.412996,
      "z" : 6.3051176
    }, {
      "x" : -6.3051176,
      "y" : 4.8441916,
      "z" : 9.412996
    } ],
    "faces" : [ {
      "vertices" : [ 0, 1, 2 ]
    }, {
      "vertices" : [ 0, 2, 1 ]
    } ]
  }, {
    "id" : "b9bfe15c-4f58-42f0-b402-3f4f1c63fbed",
    "vertices" : [ {
      "x" : 0.0,
      "y" : -10.4852915,
      "z" : 6.4802666
    }, {
      "x" : 1.8913866,
      "y" : -11.985759,
      "z" : 2.1423016
    }, {
      "x" : -3.6752503,
      "y" : -11.304383,
      "z" : 3.24479
    } ],
    "faces" : [ {
      "vertices" : [ 0, 1, 2 ]
    }, {
      "vertices" : [ 0, 2, 1 ]
    } ]
  }, {
    "id" : "5b1db704-ade3-42fc-8a6c-6ea899e20833",
    "vertices" : [ {
      "x" : 0.0,
      "y" : 10.4852915,
      "z" : -6.4802666
    }, {
      "x" : -4.162816,
      "y" : 8.310509,
      "z" : -8.088982
    }, {
      "x" : 1.1024884,
      "y" : 7.141567,
      "z" : -9.980368
    } ],
    "faces" : [ {
      "vertices" : [ 0, 1, 2 ]
    }, {
      "vertices" : [ 0, 2, 1 ]
    } ]
  }, {
    "id" : "40f5b010-e22a-4394-be57-e3a24116d56d",
    "vertices" : [ {
      "x" : -9.412996,
      "y" : 6.3051176,
      "z" : 4.8441916
    }, {
      "x" : -9.980368,
      "y" : 1.1024884,
      "z" : 7.141567
    }, {
      "x" : -11.985759,
      "y" : 2.1423016,
      "z" : 1.8913866
    } ],
    "faces" : [ {
      "vertices" : [ 0, 1, 2 ]
    }, {
      "vertices" : [ 0, 2, 1 ]
    } ]
  }, {
    "id" : "19d39270-feba-4a53-8aaf-5a6cd4653d41",
    "vertices" : [ {
      "x" : 11.304383,
      "y" : -3.24479,
      "z" : -3.6752503
    }, {
      "x" : 8.088982,
      "y" : -4.162816,
      "z" : -8.310509
    }, {
      "x" : 8.310509,
      "y" : -8.088982,
      "z" : -4.162816
    } ],
    "faces" : [ {
      "vertices" : [ 0, 1, 2 ]
    }, {
      "vertices" : [ 0, 2, 1 ]
    } ]
  }, {
    "id" : "9e24a3a0-5c15-4989-acb0-3b3bdb6266e1",
    "vertices" : [ {
      "x" : -10.4852915,
      "y" : 6.4802666,
      "z" : 0.0
    }, {
      "x" : -9.412996,
      "y" : 6.3051176,
      "z" : 4.8441916
    }, {
      "x" : -11.985759,
      "y" : 2.1423016,
      "z" : 1.8913866
    } ],
    "faces" : [ {
      "vertices" : [ 0, 1, 2 ]
    }, {
      "vertices" : [ 0, 2, 1 ]
    } ]
  }, {
    "id" : "e5ffa24a-fbbc-46cb-887f-4e9311d0262d",
    "vertices" : [ {
      "x" : 6.4802666,
      "y" : 0.0,
      "z" : 10.4852915
    }, {
      "x" : 3.24479,
      "y" : 3.6752503,
      "z" : 11.304383
    }, {
      "x" : 8.088982,
      "y" : 4.162816,
      "z" : 8.310509
    } ],
    "faces" : [ {
      "vertices" : [ 0, 1, 2 ]
    }, {
      "vertices" : [ 0, 2, 1 ]
    } ]
  }, {
    "id" : "d180caf6-fbfa-4601-9871-332c81ef3149",
    "vertices" : [ {
      "x" : -10.4852915,
      "y" : -6.4802666,
      "z" : 0.0
    }, {
      "x" : -8.310509,
      "y" : -8.088982,
      "z" : 4.162816
    }, {
      "x" : -7.141567,
      "y" : -9.980368,
      "z" : -1.1024884
    } ],
    "faces" : [ {
      "vertices" : [ 0, 1, 2 ]
    }, {
      "vertices" : [ 0, 2, 1 ]
    } ]
  }, {
    "id" : "40700054-4533-478f-b0f7-8d4cca47154d",
    "vertices" : [ {
      "x" : 9.412996,
      "y" : 6.3051176,
      "z" : -4.8441916
    }, {
      "x" : 4.8441916,
      "y" : 9.412996,
      "z" : -6.3051176
    }, {
      "x" : 6.3051176,
      "y" : 4.8441916,
      "z" : -9.412996
    } ],
    "faces" : [ {
      "vertices" : [ 0, 1, 2 ]
    }, {
      "vertices" : [ 0, 2, 1 ]
    } ]
  }, {
    "id" : "fe42c9bb-4134-4a15-b4a2-357a05e3bce5",
    "vertices" : [ {
      "x" : 6.4802666,
      "y" : 0.0,
      "z" : -10.4852915
    }, {
      "x" : 3.24479,
      "y" : -3.6752503,
      "z" : -11.304383
    }, {
      "x" : 8.088982,
      "y" : -4.162816,
      "z" : -8.310509
    } ],
    "faces" : [ {
      "vertices" : [ 0, 1, 2 ]
    }, {
      "vertices" : [ 0, 2, 1 ]
    } ]
  }, {
    "id" : "fb706d26-111c-48d7-8dc6-29a339447a1c",
    "vertices" : [ {
      "x" : 7.141567,
      "y" : -9.980368,
      "z" : 1.1024884
    }, {
      "x" : 4.8441916,
      "y" : -9.412996,
      "z" : 6.3051176
    }, {
      "x" : 9.412996,
      "y" : -6.3051176,
      "z" : 4.8441916
    } ],
    "faces" : [ {
      "vertices" : [ 0, 1, 2 ]
    }, {
      "vertices" : [ 0, 2, 1 ]
    } ]
  }, {
    "id" : "41fc7fae-ba92-4e89-9de2-c2a8cbb7aa7d",
    "vertices" : [ {
      "x" : 0.0,
      "y" : -10.4852915,
      "z" : 6.4802666
    }, {
      "x" : 4.8441916,
      "y" : -9.412996,
      "z" : 6.3051176
    }, {
      "x" : 1.8913866,
      "y" : -11.985759,
      "z" : 2.1423016
    } ],
    "faces" : [ {
      "vertices" : [ 0, 1, 2 ]
    }, {
      "vertices" : [ 0, 2, 1 ]
    } ]
  }, {
    "id" : "367e581d-6c14-48d9-88a0-e1c352603b00",
    "vertices" : [ {
      "x" : 6.4802666,
      "y" : 0.0,
      "z" : 10.4852915
    }, {
      "x" : 6.3051176,
      "y" : -4.8441916,
      "z" : 9.412996
    }, {
      "x" : 2.1423016,
      "y" : -1.8913866,
      "z" : 11.985759
    } ],
    "faces" : [ {
      "vertices" : [ 0, 1, 2 ]
    }, {
      "vertices" : [ 0, 2, 1 ]
    } ]
  }, {
    "id" : "94d5e314-ba07-4892-9ffc-5b096bfb12d6",
    "vertices" : [ {
      "x" : 0.0,
      "y" : -10.4852915,
      "z" : 6.4802666
    }, {
      "x" : 1.1024884,
      "y" : -7.141567,
      "z" : 9.980368
    }, {
      "x" : 4.8441916,
      "y" : -9.412996,
      "z" : 6.3051176
    } ],
    "faces" : [ {
      "vertices" : [ 0, 1, 2 ]
    }, {
      "vertices" : [ 0, 2, 1 ]
    } ]
  }, {
    "id" : "12c23a5a-79a0-4f4b-b80f-d898939db5d7",
    "vertices" : [ {
      "x" : -10.4852915,
      "y" : -6.4802666,
      "z" : 0.0
    }, {
      "x" : -7.141567,
      "y" : -9.980368,
      "z" : -1.1024884
    }, {
      "x" : -9.412996,
      "y" : -6.3051176,
      "z" : -4.8441916
    } ],
    "faces" : [ {
      "vertices" : [ 0, 1, 2 ]
    }, {
      "vertices" : [ 0, 2, 1 ]
    } ]
  }, {
    "id" : "4f7b4bcf-94d0-40d6-9c00-bb6ace8750a7",
    "vertices" : [ {
      "x" : 9.412996,
      "y" : 6.3051176,
      "z" : -4.8441916
    }, {
      "x" : 9.980368,
      "y" : 1.1024884,
      "z" : -7.141567
    }, {
      "x" : 11.985759,
      "y" : 2.1423016,
      "z" : -1.8913866
    } ],
    "faces" : [ {
      "vertices" : [ 0, 1, 2 ]
    }, {
      "vertices" : [ 0, 2, 1 ]
    } ]
  }, {
    "id" : "29cbb2f1-096b-4cb2-897a-4ef705df28a5",
    "vertices" : [ {
      "x" : 0.0,
      "y" : -10.4852915,
      "z" : 6.4802666
    }, {
      "x" : -4.162816,
      "y" : -8.310509,
      "z" : 8.088982
    }, {
      "x" : 1.1024884,
      "y" : -7.141567,
      "z" : 9.980368
    } ],
    "faces" : [ {
      "vertices" : [ 0, 1, 2 ]
    }, {
      "vertices" : [ 0, 2, 1 ]
    } ]
  }, {
    "id" : "43f9257a-02ce-4fed-ba65-36e62f87d3ef",
    "vertices" : [ {
      "x" : -1.1024884,
      "y" : 7.141567,
      "z" : 9.980368
    }, {
      "x" : -6.3051176,
      "y" : 4.8441916,
      "z" : 9.412996
    }, {
      "x" : -4.8441916,
      "y" : 9.412996,
      "z" : 6.3051176
    } ],
    "faces" : [ {
      "vertices" : [ 0, 1, 2 ]
    }, {
      "vertices" : [ 0, 2, 1 ]
    } ]
  }, {
    "id" : "60aab4fd-cf7c-4009-9c2c-fa5352fad0dc",
    "vertices" : [ {
      "x" : -10.4852915,
      "y" : 6.4802666,
      "z" : 0.0
    }, {
      "x" : -7.141567,
      "y" : 9.980368,
      "z" : 1.1024884
    }, {
      "x" : -9.412996,
      "y" : 6.3051176,
      "z" : 4.8441916
    } ],
    "faces" : [ {
      "vertices" : [ 0, 1, 2 ]
    }, {
      "vertices" : [ 0, 2, 1 ]
    } ]
  }, {
    "id" : "b37d89cc-3bd9-4f4e-8b89-133b8712b628",
    "vertices" : [ {
      "x" : -3.6752503,
      "y" : -11.304383,
      "z" : 3.24479
    }, {
      "x" : -8.310509,
      "y" : -8.088982,
      "z" : 4.162816
    }, {
      "x" : -4.162816,
      "y" : -8.310509,
      "z" : 8.088982
    } ],
    "faces" : [ {
      "vertices" : [ 0, 1, 2 ]
    }, {
      "vertices" : [ 0, 2, 1 ]
    } ]
  }, {
    "id" : "dd84eb44-ddd3-45ca-ab97-9f8ae305d26a",
    "vertices" : [ {
      "x" : -1.1024884,
      "y" : 7.141567,
      "z" : 9.980368
    }, {
      "x" : 3.24479,
      "y" : 3.6752503,
      "z" : 11.304383
    }, {
      "x" : -2.1423016,
      "y" : 1.8913866,
      "z" : 11.985759
    } ],
    "faces" : [ {
      "vertices" : [ 0, 1, 2 ]
    }, {
      "vertices" : [ 0, 2, 1 ]
    } ]
  }, {
    "id" : "7620ccd7-cadd-4628-ba70-9247e042ab21",
    "vertices" : [ {
      "x" : -4.162816,
      "y" : 8.310509,
      "z" : -8.088982
    }, {
      "x" : -3.24479,
      "y" : 3.6752503,
      "z" : -11.304383
    }, {
      "x" : 1.1024884,
      "y" : 7.141567,
      "z" : -9.980368
    } ],
    "faces" : [ {
      "vertices" : [ 0, 1, 2 ]
    }, {
      "vertices" : [ 0, 2, 1 ]
    } ]
  }, {
    "id" : "ff977ea5-b44c-4e50-9d77-82198b600674",
    "vertices" : [ {
      "x" : -9.980368,
      "y" : -1.1024884,
      "z" : -7.141567
    }, {
      "x" : -11.304383,
      "y" : 3.24479,
      "z" : -3.6752503
    }, {
      "x" : -11.985759,
      "y" : -2.1423016,
      "z" : -1.8913866
    } ],
    "faces" : [ {
      "vertices" : [ 0, 1, 2 ]
    }, {
      "vertices" : [ 0, 2, 1 ]
    } ]
  }, {
    "id" : "34f3b92d-32e9-461b-a231-a7c26c78d945",
    "vertices" : [ {
      "x" : 3.6752503,
      "y" : 11.304383,
      "z" : 3.24479
    }, {
      "x" : 8.310509,
      "y" : 8.088982,
      "z" : 4.162816
    }, {
      "x" : 4.162816,
      "y" : 8.310509,
      "z" : 8.088982
    } ],
    "faces" : [ {
      "vertices" : [ 0, 1, 2 ]
    }, {
      "vertices" : [ 0, 2, 1 ]
    } ]
  }, {
    "id" : "d3345467-9615-4203-891a-70046804c683",
    "vertices" : [ {
      "x" : 0.0,
      "y" : 10.4852915,
      "z" : 6.4802666
    }, {
      "x" : 3.6752503,
      "y" : 11.304383,
      "z" : 3.24479
    }, {
      "x" : 4.162816,
      "y" : 8.310509,
      "z" : 8.088982
    } ],
    "faces" : [ {
      "vertices" : [ 0, 1, 2 ]
    }, {
      "vertices" : [ 0, 2, 1 ]
    } ]
  }, {
    "id" : "99f0fec1-778f-4aaf-bd6d-fc773175c469",
    "vertices" : [ {
      "x" : -7.141567,
      "y" : -9.980368,
      "z" : -1.1024884
    }, {
      "x" : -3.6752503,
      "y" : -11.304383,
      "z" : 3.24479
    }, {
      "x" : -1.8913866,
      "y" : -11.985759,
      "z" : -2.1423016
    } ],
    "faces" : [ {
      "vertices" : [ 0, 1, 2 ]
    }, {
      "vertices" : [ 0, 2, 1 ]
    } ]
  }, {
    "id" : "3dbee291-47cd-4b14-866e-3cc9bb71b3b6",
    "vertices" : [ {
      "x" : -4.8441916,
      "y" : 9.412996,
      "z" : 6.3051176
    }, {
      "x" : -7.141567,
      "y" : 9.980368,
      "z" : 1.1024884
    }, {
      "x" : -1.8913866,
      "y" : 11.985759,
      "z" : 2.1423016
    } ],
    "faces" : [ {
      "vertices" : [ 0, 1, 2 ]
    }, {
      "vertices" : [ 0, 2, 1 ]
    } ]
  }, {
    "id" : "a73bc758-3719-4928-aa15-d5a84d4983ee",
    "vertices" : [ {
      "x" : 9.980368,
      "y" : 1.1024884,
      "z" : -7.141567
    }, {
      "x" : 9.412996,
      "y" : 6.3051176,
      "z" : -4.8441916
    }, {
      "x" : 6.3051176,
      "y" : 4.8441916,
      "z" : -9.412996
    } ],
    "faces" : [ {
      "vertices" : [ 0, 1, 2 ]
    }, {
      "vertices" : [ 0, 2, 1 ]
    } ]
  }, {
    "id" : "246e286f-757b-4877-b013-dea25bb500b0",
    "vertices" : [ {
      "x" : 11.985759,
      "y" : 2.1423016,
      "z" : -1.8913866
    }, {
      "x" : 11.985759,
      "y" : -2.1423016,
      "z" : 1.8913866
    }, {
      "x" : 11.304383,
      "y" : 3.24479,
      "z" : 3.6752503
    } ],
    "faces" : [ {
      "vertices" : [ 0, 1, 2 ]
    }, {
      "vertices" : [ 0, 2, 1 ]
    } ]
  }, {
    "id" : "994e5657-4f8b-4557-8cf3-9adde8cab582",
    "vertices" : [ {
      "x" : -8.088982,
      "y" : 4.162816,
      "z" : -8.310509
    }, {
      "x" : -4.162816,
      "y" : 8.310509,
      "z" : -8.088982
    }, {
      "x" : -8.310509,
      "y" : 8.088982,
      "z" : -4.162816
    } ],
    "faces" : [ {
      "vertices" : [ 0, 1, 2 ]
    }, {
      "vertices" : [ 0, 2, 1 ]
    } ]
  }, {
    "id" : "0173544c-f12e-483e-a195-3d8dda33da98",
    "vertices" : [ {
      "x" : 0.0,
      "y" : 10.4852915,
      "z" : 6.4802666
    }, {
      "x" : 4.162816,
      "y" : 8.310509,
      "z" : 8.088982
    }, {
      "x" : -1.1024884,
      "y" : 7.141567,
      "z" : 9.980368
    } ],
    "faces" : [ {
      "vertices" : [ 0, 1, 2 ]
    }, {
      "vertices" : [ 0, 2, 1 ]
    } ]
  }, {
    "id" : "fa5aa190-e5c9-436d-96d5-ded821091ed8",
    "vertices" : [ {
      "x" : 7.141567,
      "y" : 9.980368,
      "z" : -1.1024884
    }, {
      "x" : 4.8441916,
      "y" : 9.412996,
      "z" : -6.3051176
    }, {
      "x" : 9.412996,
      "y" : 6.3051176,
      "z" : -4.8441916
    } ],
    "faces" : [ {
      "vertices" : [ 0, 1, 2 ]
    }, {
      "vertices" : [ 0, 2, 1 ]
    } ]
  }, {
    "id" : "a381fb12-ce7d-49e5-89e1-fe85b5a46c33",
    "vertices" : [ {
      "x" : 0.0,
      "y" : -10.4852915,
      "z" : -6.4802666
    }, {
      "x" : 3.6752503,
      "y" : -11.304383,
      "z" : -3.24479
    }, {
      "x" : 4.162816,
      "y" : -8.310509,
      "z" : -8.088982
    } ],
    "faces" : [ {
      "vertices" : [ 0, 1, 2 ]
    }, {
      "vertices" : [ 0, 2, 1 ]
    } ]
  }, {
    "id" : "dc69f9fc-b891-4454-8265-f5536a49c30c",
    "vertices" : [ {
      "x" : 10.4852915,
      "y" : 6.4802666,
      "z" : 0.0
    }, {
      "x" : 7.141567,
      "y" : 9.980368,
      "z" : -1.1024884
    }, {
      "x" : 9.412996,
      "y" : 6.3051176,
      "z" : -4.8441916
    } ],
    "faces" : [ {
      "vertices" : [ 0, 1, 2 ]
    }, {
      "vertices" : [ 0, 2, 1 ]
    } ]
  }, {
    "id" : "eb5fc6e4-3cab-41f6-b845-38190063ffbd",
    "vertices" : [ {
      "x" : 8.088982,
      "y" : 4.162816,
      "z" : 8.310509
    }, {
      "x" : 11.304383,
      "y" : 3.24479,
      "z" : 3.6752503
    }, {
      "x" : 9.980368,
      "y" : -1.1024884,
      "z" : 7.141567
    } ],
    "faces" : [ {
      "vertices" : [ 0, 1, 2 ]
    }, {
      "vertices" : [ 0, 2, 1 ]
    } ]
  }, {
    "id" : "7d892be6-89a3-4ab2-b122-6a9ceb3dc793",
    "vertices" : [ {
      "x" : 0.0,
      "y" : 10.4852915,
      "z" : 6.4802666
    }, {
      "x" : -4.8441916,
      "y" : 9.412996,
      "z" : 6.3051176
    }, {
      "x" : -1.8913866,
      "y" : 11.985759,
      "z" : 2.1423016
    } ],
    "faces" : [ {
      "vertices" : [ 0, 1, 2 ]
    }, {
      "vertices" : [ 0, 2, 1 ]
    } ]
  }, {
    "id" : "1b500189-c2e1-4a07-b9b8-16e489f0171a",
    "vertices" : [ {
      "x" : -10.4852915,
      "y" : -6.4802666,
      "z" : 0.0
    }, {
      "x" : -9.412996,
      "y" : -6.3051176,
      "z" : -4.8441916
    }, {
      "x" : -11.985759,
      "y" : -2.1423016,
      "z" : -1.8913866
    } ],
    "faces" : [ {
      "vertices" : [ 0, 1, 2 ]
    }, {
      "vertices" : [ 0, 2, 1 ]
    } ]
  }, {
    "id" : "f0e00ab5-d57b-40be-b048-af9ac351e419",
    "vertices" : [ {
      "x" : 8.310509,
      "y" : -8.088982,
      "z" : -4.162816
    }, {
      "x" : 3.6752503,
      "y" : -11.304383,
      "z" : -3.24479
    }, {
      "x" : 7.141567,
      "y" : -9.980368,
