{
  "polygons" : "true",
  "field" : "golden",
  "symmetry" : "icosahedral",
  "orientations" : [ [ 1.0, 0.0, 0.0, 0.0, 0.0, 1.0, 0.0, 0.0, 0.0, 0.0, 1.0, 0.0, 0.0, 0.0, 0.0, 1.0 ], [ 0.0, 0.0, 1.0, 0.0, 1.0, 0.0, 0.0, 0.0, 0.0, 1.0, 0.0, 0.0, 0.0, 0.0, 0.0, 1.0 ], [ 0.0, 1.0, 0.0, 0.0, 0.0, 0.0, 1.0, 0.0, 1.0, 0.0, 0.0, 0.0, 0.0, 0.0, 0.0, 1.0 ], [ 0.809017, 0.309017, 0.5, 0.0, 0.309017, 0.5, -0.809017, 0.0, -0.5, 0.809017, 0.309017, 0.0, 0.0, 0.0, 0.0, 1.0 ], [ -0.5, 0.809017, 0.309017, 0.0, 0.809017, 0.309017, 0.5, 0.0, 0.309017, 0.5, -0.809017, 0.0, 0.0, 0.0, 0.0, 1.0 ], [ 0.309017, 0.5, -0.809017, 0.0, -0.5, 0.809017, 0.309017, 0.0, 0.809017, 0.309017, 0.5, 0.0, 0.0, 0.0, 0.0, 1.0 ], [ 0.5, 0.809017, 0.309017, 0.0, 0.809017, -0.309017, -0.5, 0.0, -0.309017, 0.5, -0.809017, 0.0, 0.0, 0.0, 0.0, 1.0 ], [ -0.309017, 0.5, -0.809017, 0.0, 0.5, 0.809017, 0.309017, 0.0, 0.809017, -0.309017, -0.5, 0.0, 0.0, 0.0, 0.0, 1.0 ], [ 0.809017, -0.309017, -0.5, 0.0, -0.309017, 0.5, -0.809017, 0.0, 0.5, 0.809017, 0.309017, 0.0, 0.0, 0.0, 0.0, 1.0 ], [ 0.5, 0.809017, -0.309017, 0.0, 0.809017, -0.309017, 0.5, 0.0, 0.309017, -0.5, -0.809017, 0.0, 0.0, 0.0, 0.0, 1.0 ], [ 0.309017, -0.5, -0.809017, 0.0, 0.5, 0.809017, -0.309017, 0.0, 0.809017, -0.309017, 0.5, 0.0, 0.0, 0.0, 0.0, 1.0 ], [ 0.809017, -0.309017, 0.5, 0.0, 0.309017, -0.5, -0.809017, 0.0, 0.5, 0.809017, -0.309017, 0.0, 0.0, 0.0, 0.0, 1.0 ], [ 0.809017, 0.309017, -0.5, 0.0, 0.309017, 0.5, 0.809017, 0.0, 0.5, -0.809017, 0.309017, 0.0, 0.0, 0.0, 0.0, 1.0 ], [ 0.5, -0.809017, 0.309017, 0.0, 0.809017, 0.309017, -0.5, 0.0, 0.309017, 0.5, 0.809017, 0.0, 0.0, 0.0, 0.0, 1.0 ], [ 0.309017, 0.5, 0.809017, 0.0, 0.5, -0.809017, 0.309017, 0.0, 0.809017, 0.309017, -0.5, 0.0, 0.0, 0.0, 0.0, 1.0 ], [ 1.0, 0.0, 0.0, 0.0, 0.0, -1.0, 0.0, 0.0, 0.0, 0.0, -1.0, 0.0, 0.0, 0.0, 0.0, 1.0 ], [ 0.0, 0.0, 1.0, 0.0, -1.0, 0.0, 0.0, 0.0, 0.0, -1.0, 0.0, 0.0, 0.0, 0.0, 0.0, 1.0 ], [ 0.0, 1.0, 0.0, 0.0, 0.0, 0.0, -1.0, 0.0, -1.0, 0.0, 0.0, 0.0, 0.0, 0.0, 0.0, 1.0 ], [ 0.809017, 0.309017, 0.5, 0.0, -0.309017, -0.5, 0.809017, 0.0, 0.5, -0.809017, -0.309017, 0.0, 0.0, 0.0, 0.0, 1.0 ], [ -0.5, 0.809017, 0.309017, 0.0, -0.809017, -0.309017, -0.5, 0.0, -0.309017, -0.5, 0.809017, 0.0, 0.0, 0.0, 0.0, 1.0 ], [ 0.309017, 0.5, -0.809017, 0.0, 0.5, -0.809017, -0.309017, 0.0, -0.809017, -0.309017, -0.5, 0.0, 0.0, 0.0, 0.0, 1.0 ], [ 0.5, 0.809017, 0.309017, 0.0, -0.809017, 0.309017, 0.5, 0.0, 0.309017, -0.5, 0.809017, 0.0, 0.0, 0.0, 0.0, 1.0 ], [ -0.309017, 0.5, -0.809017, 0.0, -0.5, -0.809017, -0.309017, 0.0, -0.809017, 0.309017, 0.5, 0.0, 0.0, 0.0, 0.0, 1.0 ], [ 0.809017, -0.309017, -0.5, 0.0, 0.309017, -0.5, 0.809017, 0.0, -0.5, -0.809017, -0.309017, 0.0, 0.0, 0.0, 0.0, 1.0 ], [ 0.5, 0.809017, -0.309017, 0.0, -0.809017, 0.309017, -0.5, 0.0, -0.309017, 0.5, 0.809017, 0.0, 0.0, 0.0, 0.0, 1.0 ], [ 0.309017, -0.5, -0.809017, 0.0, -0.5, -0.809017, 0.309017, 0.0, -0.809017, 0.309017, -0.5, 0.0, 0.0, 0.0, 0.0, 1.0 ], [ 0.809017, -0.309017, 0.5, 0.0, -0.309017, 0.5, 0.809017, 0.0, -0.5, -0.809017, 0.309017, 0.0, 0.0, 0.0, 0.0, 1.0 ], [ 0.809017, 0.309017, -0.5, 0.0, -0.309017, -0.5, -0.809017, 0.0, -0.5, 0.809017, -0.309017, 0.0, 0.0, 0.0, 0.0, 1.0 ], [ 0.5, -0.809017, 0.309017, 0.0, -0.809017, -0.309017, 0.5, 0.0, -0.309017, -0.5, -0.809017, 0.0, 0.0, 0.0, 0.0, 1.0 ], [ 0.309017, 0.5, 0.809017, 0.0, -0.5, 0.809017, -0.309017, 0.0, -0.809017, -0.309017, 0.5, 0.0, 0.0, 0.0, 0.0, 1.0 ], [ -1.0, 0.0, 0.0, 0.0, 0.0, -1.0, 0.0, 0.0, 0.0, 0.0, 1.0, 0.0, 0.0, 0.0, 0.0, 1.0 ], [ 0.0, 0.0, -1.0, 0.0, -1.0, 0.0, 0.0, 0.0, 0.0, 1.0, 0.0, 0.0, 0.0, 0.0, 0.0, 1.0 ], [ 0.0, -1.0, 0.0, 0.0, 0.0, 0.0, -1.0, 0.0, 1.0, 0.0, 0.0, 0.0, 0.0, 0.0, 0.0, 1.0 ], [ -0.809017, -0.309017, -0.5, 0.0, -0.309017, -0.5, 0.809017, 0.0, -0.5, 0.809017, 0.309017, 0.0, 0.0, 0.0, 0.0, 1.0 ], [ 0.5, -0.809017, -0.309017, 0.0, -0.809017, -0.309017, -0.5, 0.0, 0.309017, 0.5, -0.809017, 0.0, 0.0, 0.0, 0.0, 1.0 ], [ -0.309017, -0.5, 0.809017, 0.0, 0.5, -0.809017, -0.309017, 0.0, 0.809017, 0.309017, 0.5, 0.0, 0.0, 0.0, 0.0, 1.0 ], [ -0.5, -0.809017, -0.309017, 0.0, -0.809017, 0.309017, 0.5, 0.0, -0.309017, 0.5, -0.809017, 0.0, 0.0, 0.0, 0.0, 1.0 ], [ 0.309017, -0.5, 0.809017, 0.0, -0.5, -0.809017, -0.309017, 0.0, 0.809017, -0.309017, -0.5, 0.0, 0.0, 0.0, 0.0, 1.0 ], [ -0.809017, 0.309017, 0.5, 0.0, 0.309017, -0.5, 0.809017, 0.0, 0.5, 0.809017, 0.309017, 0.0, 0.0, 0.0, 0.0, 1.0 ], [ -0.5, -0.809017, 0.309017, 0.0, -0.809017, 0.309017, -0.5, 0.0, 0.309017, -0.5, -0.809017, 0.0, 0.0, 0.0, 0.0, 1.0 ], [ -0.309017, 0.5, 0.809017, 0.0, -0.5, -0.809017, 0.309017, 0.0, 0.809017, -0.309017, 0.5, 0.0, 0.0, 0.0, 0.0, 1.0 ], [ -0.809017, 0.309017, -0.5, 0.0, -0.309017, 0.5, 0.809017, 0.0, 0.5, 0.809017, -0.309017, 0.0, 0.0, 0.0, 0.0, 1.0 ], [ -0.809017, -0.309017, 0.5, 0.0, -0.309017, -0.5, -0.809017, 0.0, 0.5, -0.809017, 0.309017, 0.0, 0.0, 0.0, 0.0, 1.0 ], [ -0.5, 0.809017, -0.309017, 0.0, -0.809017, -0.309017, 0.5, 0.0, 0.309017, 0.5, 0.809017, 0.0, 0.0, 0.0, 0.0, 1.0 ], [ -0.309017, -0.5, -0.809017, 0.0, -0.5, 0.809017, -0.309017, 0.0, 0.809017, 0.309017, -0.5, 0.0, 0.0, 0.0, 0.0, 1.0 ], [ -1.0, 0.0, 0.0, 0.0, 0.0, 1.0, 0.0, 0.0, 0.0, 0.0, -1.0, 0.0, 0.0, 0.0, 0.0, 1.0 ], [ 0.0, 0.0, -1.0, 0.0, 1.0, 0.0, 0.0, 0.0, 0.0, -1.0, 0.0, 0.0, 0.0, 0.0, 0.0, 1.0 ], [ 0.0, -1.0, 0.0, 0.0, 0.0, 0.0, 1.0, 0.0, -1.0, 0.0, 0.0, 0.0, 0.0, 0.0, 0.0, 1.0 ], [ -0.809017, -0.309017, -0.5, 0.0, 0.309017, 0.5, -0.809017, 0.0, 0.5, -0.809017, -0.309017, 0.0, 0.0, 0.0, 0.0, 1.0 ], [ 0.5, -0.809017, -0.309017, 0.0, 0.809017, 0.309017, 0.5, 0.0, -0.309017, -0.5, 0.809017, 0.0, 0.0, 0.0, 0.0, 1.0 ], [ -0.309017, -0.5, 0.809017, 0.0, -0.5, 0.809017, 0.309017, 0.0, -0.809017, -0.309017, -0.5, 0.0, 0.0, 0.0, 0.0, 1.0 ], [ -0.5, -0.809017, -0.309017, 0.0, 0.809017, -0.309017, -0.5, 0.0, 0.309017, -0.5, 0.809017, 0.0, 0.0, 0.0, 0.0, 1.0 ], [ 0.309017, -0.5, 0.809017, 0.0, 0.5, 0.809017, 0.309017, 0.0, -0.809017, 0.309017, 0.5, 0.0, 0.0, 0.0, 0.0, 1.0 ], [ -0.809017, 0.309017, 0.5, 0.0, -0.309017, 0.5, -0.809017, 0.0, -0.5, -0.809017, -0.309017, 0.0, 0.0, 0.0, 0.0, 1.0 ], [ -0.5, -0.809017, 0.309017, 0.0, 0.809017, -0.309017, 0.5, 0.0, -0.309017, 0.5, 0.809017, 0.0, 0.0, 0.0, 0.0, 1.0 ], [ -0.309017, 0.5, 0.809017, 0.0, 0.5, 0.809017, -0.309017, 0.0, -0.809017, 0.309017, -0.5, 0.0, 0.0, 0.0, 0.0, 1.0 ], [ -0.809017, 0.309017, -0.5, 0.0, 0.309017, -0.5, -0.809017, 0.0, -0.5, -0.809017, 0.309017, 0.0, 0.0, 0.0, 0.0, 1.0 ], [ -0.809017, -0.309017, 0.5, 0.0, 0.309017, 0.5, 0.809017, 0.0, -0.5, 0.809017, -0.309017, 0.0, 0.0, 0.0, 0.0, 1.0 ], [ -0.5, 0.809017, -0.309017, 0.0, 0.809017, 0.309017, -0.5, 0.0, -0.309017, -0.5, -0.809017, 0.0, 0.0, 0.0, 0.0, 1.0 ], [ -0.309017, -0.5, -0.809017, 0.0, 0.5, -0.809017, 0.309017, 0.0, -0.809017, -0.309017, 0.5, 0.0, 0.0, 0.0, 0.0, 1.0 ] ],
  "lights" : {
    "ambientColor" : "#292929",
    "backgroundColor" : "#AFC8DC",
    "directionalLights" : [ {
      "direction" : [ 1.0, -1.0, -1.0 ],
      "color" : "#EBEBE4"
    }, {
      "direction" : [ -1.0, 0.0, 0.0 ],
      "color" : "#E4E4EB"
    }, {
      "direction" : [ 0.0, 0.0, -1.0 ],
      "color" : "#1E1E1E"
    } ]
  },
  "camera" : {
    "perspective" : false,
    "fieldOfView" : 0.44262898,
    "viewDistance" : 94.52643,
    "lookAtPointRV" : {
      "x" : 0.0,
      "y" : 0.0,
      "z" : 0.0,
      "zero" : true
    },
    "lookDirectionRV" : {
      "x" : -0.5781225,
      "y" : -0.5841589,
      "z" : 0.5696795,
      "zero" : false
    },
    "upDirectionRV" : {
      "x" : 0.04596003,
      "y" : 0.67375857,
      "z" : 0.73751736,
      "zero" : false
    },
    "lookAtPoint" : {
      "x" : 0.0,
      "y" : 0.0,
      "z" : 0.0
    },
    "lookDirection" : {
      "x" : -0.5781225,
      "y" : -0.5841589,
      "z" : 0.5696795
    },
    "upDirection" : {
      "x" : 0.04596003,
      "y" : 0.67375857,
      "z" : 0.73751736
    },
    "nearClipDistance" : 0.23631637,
    "farClipDistance" : 189.05257,
    "stereo" : false,
    "width" : 42.536903,
    "position" : {
      "x" : 54.647854,
      "y" : 55.218452,
      "z" : -53.84977
    }
  },
  "embedding" : [ 1.0, 0.0, 0.0, 0.0, 0.0, 1.0, 0.0, 0.0, 0.0, 0.0, 1.0, 0.0, 0.0, 0.0, 0.0, 1.0 ],
  "shapes" : [ {
    "id" : "42a2288e-2070-4dcd-9ca6-778b05769c28",
    "vertices" : [ {
      "x" : 0.0,
      "y" : 0.0,
      "z" : 0.0
    }, {
      "x" : 4.236068,
      "y" : 4.236068,
      "z" : -4.236068
    }, {
      "x" : 4.236068,
      "y" : -1.4120227,
      "z" : -1.4120227
    } ],
    "faces" : [ {
      "vertices" : [ 0, 1, 2 ]
    }, {
      "vertices" : [ 0, 2, 1 ]
    } ]
  }, {
    "id" : "42134991-ff3d-4a6a-8189-c37c1a2f308b",
    "orbit" : "1",
    "orbitC" : "[[-8,5,1],[-11,7,1]]",
    "length" : "[28,47,109]",
    "name" : " :28/109 +47/109*phi",
    "vertices" : [ {
      "x" : -0.26666668,
      "y" : 2.416353,
      "z" : -5.199373
    }, {
      "x" : 0.13333334,
      "y" : 2.316353,
      "z" : -5.099373
    }, {
      "x" : 0.26666668,
      "y" : 0.4076923,
      "z" : -0.44871795
    }, {
      "x" : -0.13333334,
      "y" : 0.50769234,
      "z" : -0.548718
    }, {
      "x" : 0.26666668,
      "y" : 2.616353,
      "z" : -4.8660393
    }, {
      "x" : -0.13333334,
      "y" : 2.716353,
      "z" : -4.966039
    }, {
      "x" : -0.26666668,
      "y" : 0.20769231,
      "z" : -0.78205127
    }, {
      "x" : 0.13333334,
      "y" : 0.10769231,
      "z" : -0.6820513
    } ],
    "faces" : [ {
      "vertices" : [ 2, 3, 6, 7 ]
    }, {
      "vertices" : [ 0, 5, 4, 1 ]
    }, {
      "vertices" : [ 2, 4, 5, 3 ]
    }, {
      "vertices" : [ 0, 6, 3, 5 ]
    }, {
      "vertices" : [ 0, 1, 7, 6 ]
    }, {
      "vertices" : [ 1, 4, 2, 7 ]
    } ]
  }, {
    "id" : "d44da736-56ac-41c4-a4b3-7160d3d84757",
    "orbit" : "0",
    "orbitC" : "[[1,0,2],[0,0,1]]",
    "length" : "[28,47,109]",
    "name" : " :28/109 +47/109*phi",
    "vertices" : [ {
      "x" : 5.099373,
      "y" : -2.316353,
      "z" : 0.13333334
    }, {
      "x" : 5.199373,
      "y" : -2.416353,
      "z" : -0.26666668
    }, {
      "x" : 0.548718,
      "y" : -0.50769234,
      "z" : -0.13333334
    }, {
      "x" : 0.44871795,
      "y" : -0.4076923,
      "z" : 0.26666668
    }, {
      "x" : 4.966039,
      "y" : -2.716353,
      "z" : -0.13333334
    }, {
      "x" : 4.8660393,
      "y" : -2.616353,
      "z" : 0.26666668
    }, {
      "x" : 0.6820513,
      "y" : -0.10769231,
      "z" : 0.13333334
    }, {
      "x" : 0.78205127,
      "y" : -0.20769231,
      "z" : -0.26666668
    } ],
    "faces" : [ {
      "vertices" : [ 2, 3, 6, 7 ]
    }, {
      "vertices" : [ 0, 5, 4, 1 ]
    }, {
      "vertices" : [ 2, 4, 5, 3 ]
    }, {
      "vertices" : [ 0, 6, 3, 5 ]
    }, {
      "vertices" : [ 0, 1, 7, 6 ]
    }, {
      "vertices" : [ 1, 4, 2, 7 ]
    } ]
  }, {
    "id" : "500e798e-6097-4c08-88bc-8962848f201b",
    "name" : "ball",
    "vertices" : [ {
      "x" : 0.309017,
      "y" : -0.309017,
      "z" : -0.309017
    }, {
      "x" : 0.5,
      "y" : 0.0,
      "z" : -0.19098301
    }, {
      "x" : 0.5,
      "y" : 0.0,
      "z" : 0.19098301
    }, {
      "x" : 0.309017,
      "y" : -0.309017,
      "z" : 0.309017
    }, {
      "x" : 0.19098301,
      "y" : -0.5,
      "z" : 0.0
    }, {
      "x" : 0.0,
      "y" : 0.19098301,
      "z" : 0.5
    }, {
      "x" : 0.0,
      "y" : -0.19098301,
      "z" : 0.5
    }, {
      "x" : 0.309017,
      "y" : 0.309017,
      "z" : 0.309017
    }, {
      "x" : -0.309017,
      "y" : -0.309017,
      "z" : 0.309017
    }, {
      "x" : -0.309017,
      "y" : 0.309017,
      "z" : 0.309017
    }, {
      "x" : -0.5,
      "y" : 0.0,
      "z" : 0.19098301
    }, {
      "x" : 0.0,
      "y" : -0.19098301,
      "z" : -0.5
    }, {
      "x" : 0.0,
      "y" : 0.19098301,
      "z" : -0.5
    }, {
      "x" : 0.309017,
      "y" : 0.309017,
      "z" : -0.309017
    }, {
      "x" : -0.309017,
      "y" : -0.309017,
      "z" : -0.309017
    }, {
      "x" : -0.19098301,
      "y" : -0.5,
      "z" : 0.0
    }, {
      "x" : -0.5,
      "y" : 0.0,
      "z" : -0.19098301
    }, {
      "x" : 0.19098301,
      "y" : 0.5,
      "z" : 0.0
    }, {
      "x" : -0.309017,
      "y" : 0.309017,
      "z" : -0.309017
    }, {
      "x" : 0.0,
      "y" : 0.0,
      "z" : 0.0
    }, {
      "x" : -0.19098301,
      "y" : 0.5,
      "z" : 0.0
    } ],
    "faces" : [ {
      "vertices" : [ 12, 18, 20, 17, 13 ]
    }, {
      "vertices" : [ 3, 6, 8, 15, 4 ]
    }, {
      "vertices" : [ 0, 11, 12, 13, 1 ]
    }, {
      "vertices" : [ 5, 9, 10, 8, 6 ]
    }, {
      "vertices" : [ 2, 7, 5, 6, 3 ]
    }, {
      "vertices" : [ 11, 14, 16, 18, 12 ]
    }, {
      "vertices" : [ 1, 13, 17, 7, 2 ]
    }, {
      "vertices" : [ 9, 20, 18, 16, 10 ]
    }, {
      "vertices" : [ 0, 1, 2, 3, 4 ]
    }, {
      "vertices" : [ 5, 7, 17, 20, 9 ]
    }, {
      "vertices" : [ 0, 4, 15, 14, 11 ]
    }, {
      "vertices" : [ 8, 10, 16, 14, 15 ]
    } ]
  }, {
    "id" : "2d5d2dae-5544-4aaf-bde5-66b9f53fc8a6",
    "vertices" : [ {
      "x" : 0.0,
      "y" : 0.0,
      "z" : 0.0
    }, {
      "x" : -4.236068,
      "y" : -4.236068,
      "z" : 4.236068
    }, {
      "x" : -5.648091,
      "y" : 0.0,
      "z" : 2.8240454
    } ],
    "faces" : [ {
      "vertices" : [ 0, 1, 2 ]
    }, {
      "vertices" : [ 0, 2, 1 ]
    } ]
  }, {
    "id" : "ce76ddd5-0f46-43f2-aebd-cb44a61d6b67",
    "orbit" : "turquoise",
    "orbitC" : "[[2,-1,2],[-3,2,2]]",
    "length" : "[0,1,3]",
    "name" : " :1/3*phi",
    "vertices" : [ {
      "x" : 1.236068,
      "y" : 0.54508495,
      "z" : 0.33688104
    }, {
      "x" : 1.236068,
      "y" : -0.072949015,
      "z" : 0.33688104
    }, {
      "x" : 3.3333333,
      "y" : 0.32759303,
      "z" : 0.5844296
    }, {
      "x" : 3.3333333,
      "y" : 0.94562703,
      "z" : 0.5844296
    }, {
      "x" : 4.5694013,
      "y" : 0.872678,
      "z" : 0.53934467
    }, {
      "x" : 0.295686,
      "y" : 0.056471,
      "z" : 0.034900997
    }, {
      "x" : 1.236068,
      "y" : 0.54508495,
      "z" : -0.045084972
    }, {
      "x" : 3.3333333,
      "y" : 0.32759303,
      "z" : 0.20246363
    }, {
      "x" : 1.236068,
      "y" : -0.072949015,
      "z" : -0.045084972
    }, {
      "x" : 3.3333333,
      "y" : 0.94562703,
      "z" : 0.20246363
    }, {
      "x" : 4.2737155,
      "y" : 0.816207,
      "z" : 0.50444365
    } ],
    "faces" : [ {
      "vertices" : [ 1, 8, 7, 2 ]
    }, {
      "vertices" : [ 0, 3, 9, 6 ]
    }, {
      "vertices" : [ 2, 7, 10 ]
    }, {
      "vertices" : [ 5, 6, 8 ]
    }, {
      "vertices" : [ 0, 1, 2, 3 ]
    }, {
      "vertices" : [ 0, 5, 1 ]
    }, {
      "vertices" : [ 3, 10, 9 ]
    }, {
      "vertices" : [ 7, 9, 10 ]
    }, {
      "vertices" : [ 0, 6, 5 ]
    }, {
      "vertices" : [ 6, 9, 7, 8 ]
    }, {
      "vertices" : [ 1, 5, 8 ]
    }, {
      "vertices" : [ 2, 10, 3 ]
    } ]
  }, {
    "id" : "0cd6a3d1-5c11-4a14-afc6-ce39d6cdadae",
    "vertices" : [ {
      "x" : 0.0,
      "y" : 0.0,
      "z" : 0.0
    }, {
      "x" : -1.4120227,
      "y" : 4.236068,
      "z" : -1.4120227
    }, {
      "x" : -5.648091,
      "y" : 0.0,
      "z" : 2.8240454
    } ],
    "faces" : [ {
      "vertices" : [ 0, 1, 2 ]
    }, {
      "vertices" : [ 0, 2, 1 ]
    } ]
  }, {
    "id" : "65d93cdb-9341-4568-baa7-d50211f5b119",
    "vertices" : [ {
      "x" : 0.0,
      "y" : 0.0,
      "z" : 0.0
    }, {
      "x" : -4.236068,
      "y" : 1.4120227,
      "z" : 1.4120227
    }, {
      "x" : -4.236068,
      "y" : -4.236068,
      "z" : 4.236068
    } ],
    "faces" : [ {
      "vertices" : [ 0, 1, 2 ]
    }, {
      "vertices" : [ 0, 2, 1 ]
    } ]
  }, {
    "id" : "a7d343fd-8d92-4e6a-89d8-b2edd3b2c812",
    "vertices" : [ {
      "x" : 0.0,
      "y" : 0.0,
      "z" : 0.0
    }, {
      "x" : -4.236068,
      "y" : -4.236068,
      "z" : 4.236068
    }, {
      "x" : 1.4120227,
      "y" : -4.236068,
      "z" : 1.4120227
    } ],
    "faces" : [ {
      "vertices" : [ 0, 1, 2 ]
    }, {
      "vertices" : [ 0, 2, 1 ]
    } ]
  }, {
    "id" : "6be1a894-4522-47ad-991d-1a3cde57e6cd",
    "orbit" : "yellow",
    "orbitC" : "[[0,0,1],[2,-1,1]]",
    "length" : "[1,0,1]",
    "name" : "y1",
    "vertices" : [ {
      "x" : 6.854102,
      "y" : 0.0,
      "z" : -2.618034
    }, {
      "x" : 6.545085,
      "y" : 0.0,
      "z" : -2.5
    }, {
      "x" : 6.1405764,
      "y" : -0.1545085,
      "z" : -2.059017
    }, {
      "x" : 5.9495935,
      "y" : -0.1545085,
      "z" : -2.559017
    }, {
      "x" : 0.9045085,
      "y" : -0.1545085,
      "z" : -0.059016995
    }, {
      "x" : 0.809017,
      "y" : 0.309017,
      "z" : -0.309017
    }, {
      "x" : 0.309017,
      "y" : 0.0,
      "z" : -0.11803399
    }, {
      "x" : 6.045085,
      "y" : 0.309017,
      "z" : -2.309017
    }, {
      "x" : 0.7135255,
      "y" : -0.1545085,
      "z" : -0.559017
    } ],
    "faces" : [ {
      "vertices" : [ 2, 4, 8, 3 ]
    }, {
      "vertices" : [ 2, 7, 5, 4 ]
    }, {
      "vertices" : [ 4, 6, 8 ]
    }, {
      "vertices" : [ 5, 8, 6 ]
    }, {
      "vertices" : [ 1, 2, 3 ]
    }, {
      "vertices" : [ 3, 8, 5, 7 ]
    }, {
      "vertices" : [ 1, 7, 2 ]
    }, {
      "vertices" : [ 1, 3, 7 ]
    }, {
      "vertices" : [ 4, 5, 6 ]
    } ]
  }, {
    "id" : "b5992702-2d10-4659-a684-34d84f95ec1a",
    "vertices" : [ {
      "x" : 0.0,
      "y" : 0.0,
      "z" : 0.0
    }, {
      "x" : 0.058359213,
      "y" : 0.11671843,
      "z" : 0.23343685
    }, {
      "x" : 0.0,
      "y" : 0.0,
      "z" : 0.29179606
    }, {
      "x" : -0.048632678,
      "y" : -0.097265355,
      "z" : 0.048632678
    } ],
    "faces" : [ {
      "vertices" : [ 0, 1, 2, 3 ]
    }, {
      "vertices" : [ 0, 3, 2, 1 ]
    } ]
  }, {
    "id" : "de5be68b-6f93-47cc-a96f-97912a09948d",
    "vertices" : [ {
      "x" : 0.0,
      "y" : 0.0,
      "z" : 0.0
    }, {
      "x" : 0.9382117,
      "y" : -2.4562702,
      "z" : 0.0
    }, {
      "x" : 0.60487837,
      "y" : -2.5835922,
      "z" : -2.618034
    }, {
      "x" : -1.3951216,
      "y" : 2.6524758,
      "z" : -2.618034
    } ],
    "faces" : [ {
      "vertices" : [ 0, 1, 2, 3 ]
    }, {
      "vertices" : [ 0, 3, 2, 1 ]
    } ]
  }, {
    "id" : "b6409ec4-f2f2-4657-9d6c-55109847f36d",
    "vertices" : [ {
      "x" : 0.0,
      "y" : 0.0,
      "z" : 0.0
    }, {
      "x" : -1.7322004,
      "y" : 4.5349593,
      "z" : 0.0
    }, {
      "x" : -1.398867,
      "y" : 4.6622815,
      "z" : 2.618034
    }, {
      "x" : -1.0,
      "y" : 3.618034,
      "z" : 2.618034
    } ],
    "faces" : [ {
      "vertices" : [ 0, 1, 2, 3 ]
    }, {
      "vertices" : [ 0, 3, 2, 1 ]
    } ]
  }, {
    "id" : "2f16d479-e326-4e49-802e-4cb288f45a21",
    "vertices" : [ {
      "x" : 0.0,
      "y" : 0.0,
      "z" : 0.0
    }, {
      "x" : -0.74535596,
      "y" : 1.618034,
      "z" : -1.9513674
    }, {
      "x" : 0.127322,
      "y" : 4.7754126,
      "z" : 0.33333334
    }, {
      "x" : 1.5393447,
      "y" : 4.236068,
      "z" : 4.0300565
    }, {
      "x" : 1.4120227,
      "y" : 1.618034,
      "z" : 3.6967232
    } ],
    "faces" : [ {
      "vertices" : [ 0, 1, 2, 3, 4 ]
    }, {
      "vertices" : [ 0, 4, 3, 2, 1 ]
    } ]
  }, {
    "id" : "0d55343a-8fc1-4056-a713-23571b38cc69",
    "vertices" : [ {
      "x" : 0.0,
      "y" : 0.0,
      "z" : 0.0
    }, {
      "x" : -0.048632678,
      "y" : 0.097265355,
      "z" : 0.048632678
    }, {
      "x" : -0.14589803,
      "y" : 0.14589803,
      "z" : -0.14589803
    } ],
    "faces" : [ {
      "vertices" : [ 0, 1, 2 ]
    }, {
      "vertices" : [ 0, 2, 1 ]
    } ]
  }, {
    "id" : "8d767f97-fbce-4cd7-8795-7c003ee54bc4",
    "vertices" : [ {
      "x" : 0.0,
      "y" : 0.0,
      "z" : 0.0
    }, {
      "x" : 0.23343685,
      "y" : -0.11671843,
      "z" : -0.058359213
    }, {
      "x" : -1.5304952,
      "y" : 4.5914855,
      "z" : -1.5304952
    } ],
    "faces" : [ {
      "vertices" : [ 0, 1, 2 ]
    }, {
      "vertices" : [ 0, 2, 1 ]
    } ]
  }, {
    "id" : "0bd94a6e-1179-40b6-ae57-7a9ef11ade5d",
    "vertices" : [ {
      "x" : 0.0,
      "y" : 0.0,
      "z" : 0.0
    }, {
      "x" : 1.7322004,
      "y" : -4.5349593,
      "z" : 0.0
    }, {
      "x" : 1.398867,
      "y" : -4.6622815,
      "z" : -2.618034
    }, {
      "x" : 1.0,
      "y" : -3.618034,
      "z" : -2.618034
    } ],
    "faces" : [ {
      "vertices" : [ 0, 1, 2, 3 ]
    }, {
      "vertices" : [ 0, 3, 2, 1 ]
    } ]
  }, {
    "id" : "a11db51c-2d01-4b48-a467-fae550a5e49d",
    "vertices" : [ {
      "x" : 0.0,
      "y" : 0.0,
      "z" : 0.0
    }, {
      "x" : -3.9442718,
      "y" : -3.9442718,
      "z" : 3.9442718
    }, {
      "x" : -7.326238,
      "y" : -0.85410196,
      "z" : 4.09017
    }, {
      "x" : -4.708204,
      "y" : 1.763932,
      "z" : 1.4721359
    } ],
    "faces" : [ {
      "vertices" : [ 0, 1, 2, 3 ]
    }, {
      "vertices" : [ 0, 3, 2, 1 ]
    } ]
  }, {
    "id" : "73aa8746-21fa-4594-b737-1ea83aa2ef37",
    "vertices" : [ {
      "x" : 0.0,
      "y" : 0.0,
      "z" : 0.0
    }, {
      "x" : 0.24316339,
      "y" : -0.048632678,
      "z" : -0.097265355
    }, {
      "x" : 1.0759791,
      "y" : 0.784183,
      "z" : -0.93008107
    } ],
    "faces" : [ {
      "vertices" : [ 0, 1, 2 ]
    }, {
      "vertices" : [ 0, 2, 1 ]
    } ]
  }, {
    "id" : "0dd48655-5bca-4461-b34b-1a0d9bd675b7",
    "vertices" : [ {
      "x" : 0.0,
      "y" : 0.0,
      "z" : 0.0
    }, {
      "x" : 0.048632678,
      "y" : -0.24316339,
      "z" : 0.097265355
    }, {
      "x" : -0.784183,
      "y" : -1.0759791,
      "z" : 0.93008107
    } ],
    "faces" : [ {
      "vertices" : [ 0, 1, 2 ]
    }, {
      "vertices" : [ 0, 2, 1 ]
    } ]
  }, {
    "id" : "2be38cb3-1c7a-4c7a-824f-0bbac24626a7",
    "vertices" : [ {
      "x" : 0.0,
      "y" : 0.0,
      "z" : 0.0
    }, {
      "x" : 2.8753881,
      "y" : -2.4809062,
      "z" : -0.19724092
    }, {
      "x" : 3.9513674,
      "y" : -1.6967233,
      "z" : -1.127322
    }, {
      "x" : 1.0,
      "y" : 1.0,
      "z" : -1.0
    } ],
    "faces" : [ {
      "vertices" : [ 0, 1, 2, 3 ]
    }, {
      "vertices" : [ 0, 3, 2, 1 ]
    } ]
  }, {
    "id" : "217607c9-5043-48c0-b862-916ded135704",
    "vertices" : [ {
      "x" : 0.0,
      "y" : 0.0,
      "z" : 0.0
    }, {
      "x" : 0.14589803,
      "y" : 0.14589803,
      "z" : -0.14589803
    }, {
      "x" : -3.09017,
      "y" : 3.381966,
      "z" : -0.14589803
    } ],
    "faces" : [ {
      "vertices" : [ 0, 1, 2 ]
    }, {
      "vertices" : [ 0, 2, 1 ]
    } ]
  }, {
    "id" : "59636b71-33bd-4235-a314-ee050cc7f207",
    "vertices" : [ {
      "x" : 0.0,
      "y" : 0.0,
      "z" : 0.0
    }, {
      "x" : 2.5694013,
      "y" : 2.5694013,
      "z" : -2.5694013
    }, {
      "x" : 6.7595468,
      "y" : 1.4032522,
      "z" : -4.0813994
    }, {
      "x" : 2.4809062,
      "y" : -2.8753881,
      "z" : 0.19724092
    } ],
    "faces" : [ {
      "vertices" : [ 0, 1, 2, 3 ]
    }, {
      "vertices" : [ 0, 3, 2, 1 ]
    } ]
  }, {
    "id" : "5698e3bb-0112-4b22-a578-c383a0d70109",
    "vertices" : [ {
      "x" : 0.0,
      "y" : 0.0,
      "z" : 0.0
    }, {
      "x" : -2.8240454,
      "y" : 2.8240454,
      "z" : 0.0
    }, {
      "x" : 0.53934467,
      "y" : 6.187435,
      "z" : -3.36339
    }, {
      "x" : 3.236068,
      "y" : 3.236068,
      "z" : -3.236068
    } ],
    "faces" : [ {
      "vertices" : [ 0, 1, 2, 3 ]
    }, {
      "vertices" : [ 0, 3, 2, 1 ]
    } ]
  }, {
    "id" : "b591c969-353f-4be0-8b83-563aa2c9ca3a",
    "vertices" : [ {
      "x" : 0.0,
      "y" : 0.0,
      "z" : 0.0
    }, {
      "x" : 0.11671843,
      "y" : -0.23343685,
      "z" : 0.058359213
    }, {
      "x" : -4.5914855,
      "y" : 1.5304952,
      "z" : 1.5304952
    } ],
    "faces" : [ {
      "vertices" : [ 0, 1, 2 ]
    }, {
      "vertices" : [ 0, 2, 1 ]
    } ]
  }, {
    "id" : "256bbd9b-c31b-443b-af36-eec62ffb5b62",
    "vertices" : [ {
      "x" : 0.0,
      "y" : 0.0,
      "z" : 0.0
    }, {
      "x" : -2.437694,
      "y" : 6.381966,
      "z" : 0.0
    }, {
      "x" : -2.437694,
      "y" : 9.026311,
      "z" : 6.9229856
    }, {
      "x" : 0.0,
      "y" : 2.6443453,
      "z" : 6.9229856
    } ],
    "faces" : [ {
      "vertices" : [ 0, 1, 2, 3 ]
    }, {
      "vertices" : [ 0, 3, 2, 1 ]
    } ]
  }, {
    "id" : "1b364bf5-b676-487a-8cff-1003884a77a7",
    "vertices" : [ {
      "x" : 0.0,
      "y" : 0.0,
      "z" : 0.0
    }, {
      "x" : 3.9442718,
      "y" : 3.9442718,
      "z" : -3.9442718
    }, {
      "x" : 0.85410196,
      "y" : 7.326238,
      "z" : -4.09017
    }, {
      "x" : -1.763932,
      "y" : 4.708204,
      "z" : -1.4721359
    } ],
    "faces" : [ {
      "vertices" : [ 0, 1, 2, 3 ]
    }, {
      "vertices" : [ 0, 3, 2, 1 ]
    } ]
  }, {
    "id" : "4d3fbfe4-65ed-4d42-bd25-ee69c3bc8c60",
    "vertices" : [ {
      "x" : 0.0,
      "y" : 0.0,
      "z" : 0.0
    }, {
      "x" : -2.8240454,
      "y" : 2.8240454,
      "z" : 0.0
    }, {
      "x" : -6.187435,
      "y" : -0.53934467,
      "z" : 3.36339
    }, {
      "x" : -3.236068,
      "y" : -3.236068,
      "z" : 3.236068
    } ],
    "faces" : [ {
      "vertices" : [ 0, 1, 2, 3 ]
    }, {
      "vertices" : [ 0, 3, 2, 1 ]
    } ]
  }, {
    "id" : "ec9a2d56-eb52-4eba-b8a1-b25ab868f2fe",
    "vertices" : [ {
      "x" : 0.0,
      "y" : 0.0,
      "z" : 0.0
    }, {
      "x" : -2.6443453,
      "y" : 6.9229856,
      "z" : 0.0
    }, {
      "x" : -2.6293168,
      "y" : 6.928726,
      "z" : 0.11803399
    }, {
      "x" : 0.015028324,
      "y" : 0.005740309,
      "z" : 0.11803399
    } ],
    "faces" : [ {
      "vertices" : [ 0, 1, 2, 3 ]
    }, {
      "vertices" : [ 0, 3, 2, 1 ]
    } ]
  }, {
    "id" : "6609a00b-ffd5-4069-8de6-1edb8c4bc42a",
    "vertices" : [ {
      "x" : 0.0,
      "y" : 0.0,
      "z" : 0.0
    }, {
      "x" : -1.618034,
      "y" : 4.236068,
      "z" : 0.0
    }, {
      "x" : -1.618034,
      "y" : 4.634935,
      "z" : 1.0442475
    }, {
      "x" : 0.0,
      "y" : 0.9382117,
      "z" : 2.4562702
    } ],
    "faces" : [ {
      "vertices" : [ 0, 1, 2, 3 ]
    }, {
      "vertices" : [ 0, 3, 2, 1 ]
    } ]
  }, {
    "id" : "8e618e3c-38c1-44ae-9af6-e3380b3357fc",
    "vertices" : [ {
      "x" : 0.0,
      "y" : 0.0,
      "z" : 0.0
    }, {
      "x" : -0.74535596,
      "y" : -1.618034,
      "z" : -1.9513674
    }, {
      "x" : -1.618034,
      "y" : 1.5393447,
      "z" : -4.236068
    }, {
      "x" : -1.0786893,
      "y" : 5.236068,
      "z" : -2.8240454
    }, {
      "x" : -0.20601133,
      "y" : 4.236068,
      "z" : -0.53934467
    } ],
    "faces" : [ {
      "vertices" : [ 0, 1, 2, 3, 4 ]
    }, {
      "vertices" : [ 0, 4, 3, 2, 1 ]
    } ]
  }, {
    "id" : "a89076d9-fd4d-4612-9c31-21525b25daca",
    "vertices" : [ {
      "x" : 0.0,
      "y" : 0.0,
      "z" : 0.0
    }, {
      "x" : 1.3951216,
      "y" : -2.6524758,
      "z" : 2.618034
    }, {
      "x" : 1.9098301,
      "y" : -4.0,
      "z" : 2.618034
    }, {
      "x" : 1.8917961,
      "y" : -4.0068884,
      "z" : 2.4763932
    } ],
    "faces" : [ {
      "vertices" : [ 0, 1, 2, 3 ]
    }, {
      "vertices" : [ 0, 3, 2, 1 ]
    } ]
  }, {
    "id" : "6eb50838-a070-48d7-822f-9add86b43474",
    "vertices" : [ {
      "x" : 0.0,
      "y" : 0.0,
      "z" : 0.0
    }, {
      "x" : -4.1901455,
      "y" : 1.166149,
      "z" : 1.5119982
    }, {
      "x" : -3.1901455,
      "y" : 2.1661491,
      "z" : 0.51199824
    } ],
    "faces" : [ {
      "vertices" : [ 0, 1, 2 ]
    }, {
      "vertices" : [ 0, 2, 1 ]
    } ]
  }, {
    "id" : "0cc7eb07-1ca4-4fd5-b869-6551ada7e908",
    "vertices" : [ {
      "x" : 0.0,
      "y" : 0.0,
      "z" : 0.0
    }, {
      "x" : 2.4809062,
      "y" : -2.8753881,
      "z" : 0.19724092
    }, {
      "x" : 1.6967233,
      "y" : -3.9513674,
      "z" : 1.127322
    }, {
      "x" : -1.0,
      "y" : -1.0,
      "z" : 1.0
    } ],
    "faces" : [ {
      "vertices" : [ 0, 1, 2, 3 ]
    }, {
      "vertices" : [ 0, 3, 2, 1 ]
    } ]
  }, {
    "id" : "d82113e0-a618-49e4-99ca-6302cd974553",
    "vertices" : [ {
      "x" : 0.0,
      "y" : 0.0,
      "z" : 0.0
    }, {
      "x" : -0.19453071,
      "y" : 0.097265355,
      "z" : 0.048632678
    }, {
      "x" : -3.3846762,
      "y" : 2.2634144,
      "z" : 0.5606309
    }, {
      "x" : -0.021286236,
      "y" : 5.6268044,
      "z" : -2.8027592
    }, {
      "x" : 2.8027592,
      "y" : 2.8027592,
      "z" : -2.8027592
    } ],
    "faces" : [ {
      "vertices" : [ 0, 1, 2, 3, 4 ]
    }, {
      "vertices" : [ 0, 4, 3, 2, 1 ]
    } ]
  }, {
    "id" : "b902300c-5c08-482d-b6f5-68522438424a",
    "vertices" : [ {
      "x" : 0.0,
      "y" : 0.0,
      "z" : 0.0
    }, {
      "x" : 1.618034,
      "y" : -4.236068,
      "z" : 0.0
    }, {
      "x" : 1.618034,
      "y" : -4.634935,
      "z" : -1.0442475
    }, {
      "x" : 0.0,
      "y" : -0.9382117,
      "z" : -2.4562702
    } ],
    "faces" : [ {
      "vertices" : [ 0, 1, 2, 3 ]
    }, {
      "vertices" : [ 0, 3, 2, 1 ]
    } ]
  }, {
    "id" : "0193a69b-c9e2-4ba6-a447-d9e58df0eb16",
    "vertices" : [ {
      "x" : 0.0,
      "y" : 0.0,
      "z" : 0.0
    }, {
      "x" : -0.097265355,
      "y" : 0.19453071,
      "z" : -0.048632678
    }, {
      "x" : -2.2634144,
      "y" : 3.3846762,
      "z" : -0.5606309
    }, {
      "x" : -5.6268044,
      "y" : 0.021286236,
      "z" : 2.8027592
    }, {
      "x" : -2.8027592,
      "y" : -2.8027592,
      "z" : 2.8027592
    } ],
    "faces" : [ {
      "vertices" : [ 0, 1, 2, 3, 4 ]
    }, {
      "vertices" : [ 0, 4, 3, 2, 1 ]
    } ]
  }, {
    "id" : "f0f5db5e-b182-48a9-8105-1fef7238b397",
    "vertices" : [ {
      "x" : 0.0,
      "y" : 0.0,
      "z" : 0.0
    }, {
      "x" : 0.048632678,
      "y" : 0.048632678,
      "z" : 0.097265355
    }, {
      "x" : 0.14589803,
      "y" : -0.14589803,
      "z" : 0.14589803
    } ],
    "faces" : [ {
      "vertices" : [ 0, 1, 2 ]
    }, {
      "vertices" : [ 0, 2, 1 ]
    } ]
  }, {
    "id" : "4383ad4b-5534-4c24-8ba4-21ac592de95d",
    "vertices" : [ {
      "x" : 0.0,
      "y" : 0.0,
      "z" : 0.0
    }, {
      "x" : -0.14589803,
      "y" : -0.14589803,
      "z" : 0.14589803
    }, {
      "x" : -3.381966,
      "y" : 3.09017,
      "z" : 0.14589803
    } ],
    "faces" : [ {
      "vertices" : [ 0, 1, 2 ]
    }, {
      "vertices" : [ 0, 2, 1 ]
    } ]
  }, {
    "id" : "9b62ab57-5508-4840-99ed-2e785f501495",
    "vertices" : [ {
      "x" : 0.0,
      "y" : 0.0,
      "z" : 0.0
    }, {
      "x" : 2.6443453,
      "y" : -6.9229856,
      "z" : 0.0
    }, {
      "x" : 2.6293168,
      "y" : -6.928726,
      "z" : -0.11803399
    }, {
      "x" : -0.015028324,
      "y" : -0.005740309,
      "z" : -0.11803399
    } ],
    "faces" : [ {
      "vertices" : [ 0, 1, 2, 3 ]
    }, {
      "vertices" : [ 0, 3, 2, 1 ]
    } ]
  }, {
    "id" : "919bb666-29e0-4b7c-99ec-6d532f90b6e6",
    "vertices" : [ {
      "x" : 0.0,
      "y" : 0.0,
      "z" : 0.0
    }, {
      "x" : -0.23343685,
      "y" : -0.11671843,
      "z" : -0.058359213
    }, {
      "x" : -0.29179606,
      "y" : 0.0,
      "z" : 0.0
    }, {
      "x" : -0.048632678,
      "y" : 0.097265355,
      "z" : 0.048632678
    } ],
    "faces" : [ {
      "vertices" : [ 0, 1, 2, 3 ]
    }, {
      "vertices" : [ 0, 3, 2, 1 ]
    } ]
  }, {
    "id" : "c60df7f8-6d5f-414e-b971-a595d79b4eec",
    "vertices" : [ {
      "x" : 0.0,
      "y" : 0.0,
      "z" : 0.0
    }, {
      "x" : -1.3951216,
      "y" : 2.6524758,
      "z" : -2.618034
    }, {
      "x" : -1.9098301,
      "y" : 4.0,
      "z" : -2.618034
    }, {
      "x" : -1.8917961,
      "y" : 4.0068884,
      "z" : -2.4763932
    } ],
    "faces" : [ {
      "vertices" : [ 0, 1, 2, 3 ]
    }, {
      "vertices" : [ 0, 3, 2, 1 ]
    } ]
  }, {
    "id" : "0bfb600a-cf59-4bc8-ae66-5ed131d9c3c4",
    "vertices" : [ {
      "x" : 0.0,
      "y" : 0.0,
      "z" : 0.0
    }, {
      "x" : -0.9382117,
      "y" : 2.4562702,
      "z" : 0.0
    }, {
      "x" : -0.60487837,
      "y" : 2.5835922,
      "z" : 2.618034
    }, {
      "x" : 1.3951216,
      "y" : -2.6524758,
      "z" : 2.618034
    } ],
    "faces" : [ {
      "vertices" : [ 0, 1, 2, 3 ]
    }, {
      "vertices" : [ 0, 3, 2, 1 ]
    } ]
  }, {
    "id" : "67829368-b780-4e40-81c7-7f1b6e45455e",
    "vertices" : [ {
      "x" : 0.0,
      "y" : 0.0,
      "z" : 0.0
    }, {
      "x" : -2.5694013,
      "y" : -2.5694013,
      "z" : 2.5694013
    }, {
      "x" : -1.4032522,
      "y" : -6.7595468,
      "z" : 4.0813994
    }, {
      "x" : 2.8753881,
      "y" : -2.4809062,
      "z" : -0.19724092
    } ],
    "faces" : [ {
      "vertices" : [ 0, 1, 2, 3 ]
    }, {
      "vertices" : [ 0, 3, 2, 1 ]
    } ]
  }, {
    "id" : "b1762621-a913-453d-93ea-495954a16d48",
    "vertices" : [ {
      "x" : 0.0,
      "y" : 0.0,
      "z" : 0.0
    }, {
      "x" : -1.166149,
      "y" : 4.1901455,
      "z" : -1.5119982
    }, {
      "x" : -2.1661491,
      "y" : 3.1901455,
      "z" : -0.51199824
    } ],
    "faces" : [ {
      "vertices" : [ 0, 1, 2 ]
    }, {
      "vertices" : [ 0, 2, 1 ]
    } ]
  }, {
    "id" : "0a34fec9-e391-44b4-94ea-d7b2004e309b",
    "orbit" : "green",
    "orbitC" : "[[2,-1,1],[5,-3,1]]",
    "length" : "[2,0,3]",
    "name" : " :2/3",
    "vertices" : [ {
      "x" : 7.0844297,
      "y" : 2.7060113,
      "z" : -1.0336044
    }, {
      "x" : 6.7024636,
      "y" : 2.2510962,
      "z" : -0.8426213
    }, {
      "x" : 6.539345,
      "y" : 2.5150282,
      "z" : -1.2696723
    }, {
      "x" : 6.466396,
      "y" : 2.7789602,
      "z" : -1.0786893
    }, {
      "x" : 0.85410196,
      "y" : 0.309017,
      "z" : 0.19098301
    }, {
      "x" : 0.690983,
      "y" : 0.572949,
      "z" : -0.23606798
    }, {
      "x" : 0.309017,
      "y" : 0.11803399,
      "z" : -0.045084972
    }, {
      "x" : 0.76393205,
      "y" : 0.309017,
      "z" : -0.42705098
    }, {
      "x" : 0.927051,
      "y" : 0.045084972,
      "z" : 0.0
    }, {
      "x" : 6.6295147,
      "y" : 2.5150282,
      "z" : -0.6516383
    }, {
      "x" : 7.3934464,
      "y" : 2.8240454,
      "z" : -1.0786893
    } ],
    "faces" : [ {
      "vertices" : [ 2, 7, 5, 3 ]
    }, {
      "vertices" : [ 1, 8, 7, 2 ]
    }, {
      "vertices" : [ 4, 6, 8 ]
    }, {
      "vertices" : [ 5, 7, 6 ]
    }, {
      "vertices" : [ 0, 1, 2 ]
    }, {
      "vertices" : [ 0, 2, 3 ]
    }, {
      "vertices" : [ 6, 7, 8 ]
    }, {
      "vertices" : [ 3, 5, 4, 9 ]
    }, {
      "vertices" : [ 1, 9, 4, 8 ]
    }, {
      "vertices" : [ 0, 9, 1 ]
    }, {
      "vertices" : [ 0, 3, 9 ]
    }, {
      "vertices" : [ 4, 5, 6 ]
    } ]
  }, {
    "id" : "e941d4b2-9e9d-45dd-ba13-2cc9319761c8",
    "orbit" : "yellow",
    "orbitC" : "[[0,0,1],[2,-1,1]]",
    "length" : "[8,0,3]",
    "name" : " :8/3",
    "vertices" : [ {
      "x" : 18.277605,
      "y" : 0.0,
      "z" : -6.981424
    }, {
      "x" : 17.968588,
      "y" : 0.0,
      "z" : -6.86339
    }, {
      "x" : 17.56408,
      "y" : -0.1545085,
      "z" : -6.422407
    }, {
      "x" : 17.373096,
      "y" : -0.1545085,
      "z" : -6.922407
    }, {
      "x" : 0.9045085,
      "y" : -0.1545085,
      "z" : -0.059016995
    }, {
      "x" : 0.809017,
      "y" : 0.309017,
      "z" : -0.309017
    }, {
      "x" : 0.309017,
      "y" : 0.0,
      "z" : -0.11803399
    }, {
      "x" : 17.468588,
      "y" : 0.309017,
      "z" : -6.672407
    }, {
      "x" : 0.7135255,
      "y" : -0.1545085,
      "z" : -0.559017
    } ],
    "faces" : [ {
      "vertices" : [ 2, 4, 8, 3 ]
    }, {
      "vertices" : [ 2, 7, 5, 4 ]
    }, {
      "vertices" : [ 4, 6, 8 ]
    }, {
      "vertices" : [ 5, 8, 6 ]
    }, {
      "vertices" : [ 1, 2, 3 ]
    }, {
      "vertices" : [ 3, 8, 5, 7 ]
    }, {
      "vertices" : [ 1, 7, 2 ]
    }, {
      "vertices" : [ 1, 3, 7 ]
    }, {
      "vertices" : [ 4, 5, 6 ]
    } ]
  } ],
  "instances" : [ {
    "shape" : "42a2288e-2070-4dcd-9ca6-778b05769c28",
    "color" : "#B59A8C",
    "position" : {
      "x" : 4.236068,
      "y" : -4.236068,
      "z" : 4.236068
    },
    "orientation" : 45
  }, {
    "shape" : "42134991-ff3d-4a6a-8189-c37c1a2f308b",
    "color" : "#B0E0E6",
    "position" : {
      "x" : -8.472136,
      "y" : 0.0,
      "z" : 0.0
    },
    "orientation" : 17
  }, {
    "shape" : "d44da736-56ac-41c4-a4b3-7160d3d84757",
    "color" : "#B8860B",
    "position" : {
      "x" : 8.472136,
      "y" : 0.0,
      "z" : 0.0
    },
    "orientation" : 17
  }, {
    "shape" : "500e798e-6097-4c08-88bc-8962848f201b",
    "color" : "#F2F2F2",
    "position" : {
      "x" : 0.0,
      "y" : -5.648091,
      "z" : 5.648091
    }
  }, {
    "shape" : "42a2288e-2070-4dcd-9ca6-778b05769c28",
    "color" : "#B59A8C",
    "position" : {
      "x" : -4.236068,
      "y" : -4.236068,
      "z" : -4.236068
    },
    "orientation" : 2
  }, {
    "shape" : "2d5d2dae-5544-4aaf-bde5-66b9f53fc8a6",
    "color" : "#B59A8C",
    "position" : {
      "x" : 0.0,
      "y" : -8.472136,
      "z" : 0.0
    },
    "orientation" : 2
  }, {
    "shape" : "500e798e-6097-4c08-88bc-8962848f201b",
    "color" : "#F2F2F2",
    "position" : {
      "x" : 8.472136,
      "y" : 0.0,
      "z" : 0.0
    }
  }, {
    "shape" : "2d5d2dae-5544-4aaf-bde5-66b9f53fc8a6",
    "color" : "#B59A8C",
    "position" : {
      "x" : -8.472136,
      "y" : 0.0,
      "z" : 0.0
    },
    "orientation" : 1
  }, {
    "shape" : "500e798e-6097-4c08-88bc-8962848f201b",
    "color" : "#F2F2F2",
    "position" : {
      "x" : -5.648091,
      "y" : 0.0,
      "z" : 5.648091
    }
  }, {
    "shape" : "42a2288e-2070-4dcd-9ca6-778b05769c28",
    "color" : "#B59A8C",
    "position" : {
      "x" : -4.236068,
      "y" : 4.236068,
      "z" : 4.236068
    },
    "orientation" : 16
  }, {
    "shape" : "ce76ddd5-0f46-43f2-aebd-cb44a61d6b67",
    "color" : "#00B3A1",
    "position" : {
      "x" : 0.0,
      "y" : -5.648091,
      "z" : -5.648091
    },
    "orientation" : 48
  }, {
    "shape" : "42134991-ff3d-4a6a-8189-c37c1a2f308b",
    "color" : "#B0E0E6",
    "position" : {
      "x" : 0.0,
      "y" : 0.0,
      "z" : -8.472136
    },
    "orientation" : 31
  }, {
    "shape" : "0cd6a3d1-5c11-4a14-afc6-ce39d6cdadae",
    "color" : "#B59A8C",
    "position" : {
      "x" : -5.648091,
      "y" : -5.648091,
      "z" : 0.0
    },
    "orientation" : 31
  }, {
    "shape" : "ce76ddd5-0f46-43f2-aebd-cb44a61d6b67",
    "color" : "#00B3A1",
    "position" : {
      "x" : 5.648091,
      "y" : 5.648091,
      "z" : 0.0
    },
    "orientation" : 50
  }, {
    "shape" : "0cd6a3d1-5c11-4a14-afc6-ce39d6cdadae",
    "color" : "#B59A8C",
    "position" : {
      "x" : 0.0,
      "y" : 5.648091,
      "z" : 5.648091
    },
    "orientation" : 2
  }, {
    "shape" : "65d93cdb-9341-4568-baa7-d50211f5b119",
    "color" : "#B59A8C",
    "position" : {
      "x" : -4.236068,
      "y" : 4.236068,
      "z" : -4.236068
    },
    "orientation" : 47
  }, {
    "shape" : "2d5d2dae-5544-4aaf-bde5-66b9f53fc8a6",
    "color" : "#B59A8C",
    "position" : {
      "x" : 0.0,
      "y" : 8.472136,
      "z" : 0.0
    },
    "orientation" : 32
  }, {
    "shape" : "0cd6a3d1-5c11-4a14-afc6-ce39d6cdadae",
    "color" : "#B59A8C",
    "position" : {
      "x" : 5.648091,
      "y" : 0.0,
      "z" : -5.648091
    },
    "orientation" : 15
  }, {
    "shape" : "ce76ddd5-0f46-43f2-aebd-cb44a61d6b67",
    "color" : "#00B3A1",
    "position" : {
      "x" : -4.236068,
      "y" : 4.236068,
      "z" : -4.236068
    },
    "orientation" : 35
  }, {
    "shape" : "42134991-ff3d-4a6a-8189-c37c1a2f308b",
    "color" : "#B0E0E6",
    "position" : {
      "x" : 0.0,
      "y" : 8.472136,
      "z" : 0.0
