{
  "field" : "golden",
  "symmetry" : "icosahedral",
  "orientations" : [ [ 1.0, 0.0, 0.0, 0.0, 0.0, 1.0, 0.0, 0.0, 0.0, 0.0, 1.0, 0.0, 0.0, 0.0, 0.0, 1.0 ], [ 0.0, 0.0, 1.0, 0.0, 1.0, 0.0, 0.0, 0.0, 0.0, 1.0, 0.0, 0.0, 0.0, 0.0, 0.0, 1.0 ], [ 0.0, 1.0, 0.0, 0.0, 0.0, 0.0, 1.0, 0.0, 1.0, 0.0, 0.0, 0.0, 0.0, 0.0, 0.0, 1.0 ], [ 0.809017, 0.309017, 0.5, 0.0, 0.309017, 0.5, -0.809017, 0.0, -0.5, 0.809017, 0.309017, 0.0, 0.0, 0.0, 0.0, 1.0 ], [ -0.5, 0.809017, 0.309017, 0.0, 0.809017, 0.309017, 0.5, 0.0, 0.309017, 0.5, -0.809017, 0.0, 0.0, 0.0, 0.0, 1.0 ], [ 0.309017, 0.5, -0.809017, 0.0, -0.5, 0.809017, 0.309017, 0.0, 0.809017, 0.309017, 0.5, 0.0, 0.0, 0.0, 0.0, 1.0 ], [ 0.5, 0.809017, 0.309017, 0.0, 0.809017, -0.309017, -0.5, 0.0, -0.309017, 0.5, -0.809017, 0.0, 0.0, 0.0, 0.0, 1.0 ], [ -0.309017, 0.5, -0.809017, 0.0, 0.5, 0.809017, 0.309017, 0.0, 0.809017, -0.309017, -0.5, 0.0, 0.0, 0.0, 0.0, 1.0 ], [ 0.809017, -0.309017, -0.5, 0.0, -0.309017, 0.5, -0.809017, 0.0, 0.5, 0.809017, 0.309017, 0.0, 0.0, 0.0, 0.0, 1.0 ], [ 0.5, 0.809017, -0.309017, 0.0, 0.809017, -0.309017, 0.5, 0.0, 0.309017, -0.5, -0.809017, 0.0, 0.0, 0.0, 0.0, 1.0 ], [ 0.309017, -0.5, -0.809017, 0.0, 0.5, 0.809017, -0.309017, 0.0, 0.809017, -0.309017, 0.5, 0.0, 0.0, 0.0, 0.0, 1.0 ], [ 0.809017, -0.309017, 0.5, 0.0, 0.309017, -0.5, -0.809017, 0.0, 0.5, 0.809017, -0.309017, 0.0, 0.0, 0.0, 0.0, 1.0 ], [ 0.809017, 0.309017, -0.5, 0.0, 0.309017, 0.5, 0.809017, 0.0, 0.5, -0.809017, 0.309017, 0.0, 0.0, 0.0, 0.0, 1.0 ], [ 0.5, -0.809017, 0.309017, 0.0, 0.809017, 0.309017, -0.5, 0.0, 0.309017, 0.5, 0.809017, 0.0, 0.0, 0.0, 0.0, 1.0 ], [ 0.309017, 0.5, 0.809017, 0.0, 0.5, -0.809017, 0.309017, 0.0, 0.809017, 0.309017, -0.5, 0.0, 0.0, 0.0, 0.0, 1.0 ], [ 1.0, 0.0, 0.0, 0.0, 0.0, -1.0, 0.0, 0.0, 0.0, 0.0, -1.0, 0.0, 0.0, 0.0, 0.0, 1.0 ], [ 0.0, 0.0, 1.0, 0.0, -1.0, 0.0, 0.0, 0.0, 0.0, -1.0, 0.0, 0.0, 0.0, 0.0, 0.0, 1.0 ], [ 0.0, 1.0, 0.0, 0.0, 0.0, 0.0, -1.0, 0.0, -1.0, 0.0, 0.0, 0.0, 0.0, 0.0, 0.0, 1.0 ], [ 0.809017, 0.309017, 0.5, 0.0, -0.309017, -0.5, 0.809017, 0.0, 0.5, -0.809017, -0.309017, 0.0, 0.0, 0.0, 0.0, 1.0 ], [ -0.5, 0.809017, 0.309017, 0.0, -0.809017, -0.309017, -0.5, 0.0, -0.309017, -0.5, 0.809017, 0.0, 0.0, 0.0, 0.0, 1.0 ], [ 0.309017, 0.5, -0.809017, 0.0, 0.5, -0.809017, -0.309017, 0.0, -0.809017, -0.309017, -0.5, 0.0, 0.0, 0.0, 0.0, 1.0 ], [ 0.5, 0.809017, 0.309017, 0.0, -0.809017, 0.309017, 0.5, 0.0, 0.309017, -0.5, 0.809017, 0.0, 0.0, 0.0, 0.0, 1.0 ], [ -0.309017, 0.5, -0.809017, 0.0, -0.5, -0.809017, -0.309017, 0.0, -0.809017, 0.309017, 0.5, 0.0, 0.0, 0.0, 0.0, 1.0 ], [ 0.809017, -0.309017, -0.5, 0.0, 0.309017, -0.5, 0.809017, 0.0, -0.5, -0.809017, -0.309017, 0.0, 0.0, 0.0, 0.0, 1.0 ], [ 0.5, 0.809017, -0.309017, 0.0, -0.809017, 0.309017, -0.5, 0.0, -0.309017, 0.5, 0.809017, 0.0, 0.0, 0.0, 0.0, 1.0 ], [ 0.309017, -0.5, -0.809017, 0.0, -0.5, -0.809017, 0.309017, 0.0, -0.809017, 0.309017, -0.5, 0.0, 0.0, 0.0, 0.0, 1.0 ], [ 0.809017, -0.309017, 0.5, 0.0, -0.309017, 0.5, 0.809017, 0.0, -0.5, -0.809017, 0.309017, 0.0, 0.0, 0.0, 0.0, 1.0 ], [ 0.809017, 0.309017, -0.5, 0.0, -0.309017, -0.5, -0.809017, 0.0, -0.5, 0.809017, -0.309017, 0.0, 0.0, 0.0, 0.0, 1.0 ], [ 0.5, -0.809017, 0.309017, 0.0, -0.809017, -0.309017, 0.5, 0.0, -0.309017, -0.5, -0.809017, 0.0, 0.0, 0.0, 0.0, 1.0 ], [ 0.309017, 0.5, 0.809017, 0.0, -0.5, 0.809017, -0.309017, 0.0, -0.809017, -0.309017, 0.5, 0.0, 0.0, 0.0, 0.0, 1.0 ], [ -1.0, 0.0, 0.0, 0.0, 0.0, -1.0, 0.0, 0.0, 0.0, 0.0, 1.0, 0.0, 0.0, 0.0, 0.0, 1.0 ], [ 0.0, 0.0, -1.0, 0.0, -1.0, 0.0, 0.0, 0.0, 0.0, 1.0, 0.0, 0.0, 0.0, 0.0, 0.0, 1.0 ], [ 0.0, -1.0, 0.0, 0.0, 0.0, 0.0, -1.0, 0.0, 1.0, 0.0, 0.0, 0.0, 0.0, 0.0, 0.0, 1.0 ], [ -0.809017, -0.309017, -0.5, 0.0, -0.309017, -0.5, 0.809017, 0.0, -0.5, 0.809017, 0.309017, 0.0, 0.0, 0.0, 0.0, 1.0 ], [ 0.5, -0.809017, -0.309017, 0.0, -0.809017, -0.309017, -0.5, 0.0, 0.309017, 0.5, -0.809017, 0.0, 0.0, 0.0, 0.0, 1.0 ], [ -0.309017, -0.5, 0.809017, 0.0, 0.5, -0.809017, -0.309017, 0.0, 0.809017, 0.309017, 0.5, 0.0, 0.0, 0.0, 0.0, 1.0 ], [ -0.5, -0.809017, -0.309017, 0.0, -0.809017, 0.309017, 0.5, 0.0, -0.309017, 0.5, -0.809017, 0.0, 0.0, 0.0, 0.0, 1.0 ], [ 0.309017, -0.5, 0.809017, 0.0, -0.5, -0.809017, -0.309017, 0.0, 0.809017, -0.309017, -0.5, 0.0, 0.0, 0.0, 0.0, 1.0 ], [ -0.809017, 0.309017, 0.5, 0.0, 0.309017, -0.5, 0.809017, 0.0, 0.5, 0.809017, 0.309017, 0.0, 0.0, 0.0, 0.0, 1.0 ], [ -0.5, -0.809017, 0.309017, 0.0, -0.809017, 0.309017, -0.5, 0.0, 0.309017, -0.5, -0.809017, 0.0, 0.0, 0.0, 0.0, 1.0 ], [ -0.309017, 0.5, 0.809017, 0.0, -0.5, -0.809017, 0.309017, 0.0, 0.809017, -0.309017, 0.5, 0.0, 0.0, 0.0, 0.0, 1.0 ], [ -0.809017, 0.309017, -0.5, 0.0, -0.309017, 0.5, 0.809017, 0.0, 0.5, 0.809017, -0.309017, 0.0, 0.0, 0.0, 0.0, 1.0 ], [ -0.809017, -0.309017, 0.5, 0.0, -0.309017, -0.5, -0.809017, 0.0, 0.5, -0.809017, 0.309017, 0.0, 0.0, 0.0, 0.0, 1.0 ], [ -0.5, 0.809017, -0.309017, 0.0, -0.809017, -0.309017, 0.5, 0.0, 0.309017, 0.5, 0.809017, 0.0, 0.0, 0.0, 0.0, 1.0 ], [ -0.309017, -0.5, -0.809017, 0.0, -0.5, 0.809017, -0.309017, 0.0, 0.809017, 0.309017, -0.5, 0.0, 0.0, 0.0, 0.0, 1.0 ], [ -1.0, 0.0, 0.0, 0.0, 0.0, 1.0, 0.0, 0.0, 0.0, 0.0, -1.0, 0.0, 0.0, 0.0, 0.0, 1.0 ], [ 0.0, 0.0, -1.0, 0.0, 1.0, 0.0, 0.0, 0.0, 0.0, -1.0, 0.0, 0.0, 0.0, 0.0, 0.0, 1.0 ], [ 0.0, -1.0, 0.0, 0.0, 0.0, 0.0, 1.0, 0.0, -1.0, 0.0, 0.0, 0.0, 0.0, 0.0, 0.0, 1.0 ], [ -0.809017, -0.309017, -0.5, 0.0, 0.309017, 0.5, -0.809017, 0.0, 0.5, -0.809017, -0.309017, 0.0, 0.0, 0.0, 0.0, 1.0 ], [ 0.5, -0.809017, -0.309017, 0.0, 0.809017, 0.309017, 0.5, 0.0, -0.309017, -0.5, 0.809017, 0.0, 0.0, 0.0, 0.0, 1.0 ], [ -0.309017, -0.5, 0.809017, 0.0, -0.5, 0.809017, 0.309017, 0.0, -0.809017, -0.309017, -0.5, 0.0, 0.0, 0.0, 0.0, 1.0 ], [ -0.5, -0.809017, -0.309017, 0.0, 0.809017, -0.309017, -0.5, 0.0, 0.309017, -0.5, 0.809017, 0.0, 0.0, 0.0, 0.0, 1.0 ], [ 0.309017, -0.5, 0.809017, 0.0, 0.5, 0.809017, 0.309017, 0.0, -0.809017, 0.309017, 0.5, 0.0, 0.0, 0.0, 0.0, 1.0 ], [ -0.809017, 0.309017, 0.5, 0.0, -0.309017, 0.5, -0.809017, 0.0, -0.5, -0.809017, -0.309017, 0.0, 0.0, 0.0, 0.0, 1.0 ], [ -0.5, -0.809017, 0.309017, 0.0, 0.809017, -0.309017, 0.5, 0.0, -0.309017, 0.5, 0.809017, 0.0, 0.0, 0.0, 0.0, 1.0 ], [ -0.309017, 0.5, 0.809017, 0.0, 0.5, 0.809017, -0.309017, 0.0, -0.809017, 0.309017, -0.5, 0.0, 0.0, 0.0, 0.0, 1.0 ], [ -0.809017, 0.309017, -0.5, 0.0, 0.309017, -0.5, -0.809017, 0.0, -0.5, -0.809017, 0.309017, 0.0, 0.0, 0.0, 0.0, 1.0 ], [ -0.809017, -0.309017, 0.5, 0.0, 0.309017, 0.5, 0.809017, 0.0, -0.5, 0.809017, -0.309017, 0.0, 0.0, 0.0, 0.0, 1.0 ], [ -0.5, 0.809017, -0.309017, 0.0, 0.809017, 0.309017, -0.5, 0.0, -0.309017, -0.5, -0.809017, 0.0, 0.0, 0.0, 0.0, 1.0 ], [ -0.309017, -0.5, -0.809017, 0.0, 0.5, -0.809017, 0.309017, 0.0, -0.809017, -0.309017, 0.5, 0.0, 0.0, 0.0, 0.0, 1.0 ] ],
  "lights" : {
    "ambientColor" : "#292929",
    "backgroundColor" : "#666666",
    "directionalLights" : [ {
      "direction" : {
        "x" : 1.0,
        "y" : -1.0,
        "z" : -1.0
      },
      "color" : "#EBEBE4"
    }, {
      "direction" : {
        "x" : -1.0,
        "y" : 0.0,
        "z" : 0.0
      },
      "color" : "#E4E4EB"
    }, {
      "direction" : {
        "x" : 0.0,
        "y" : 0.0,
        "z" : -1.0
      },
      "color" : "#1E1E1E"
    } ]
  },
  "camera" : {
    "lookDirection" : {
      "x" : -0.011457167,
      "y" : 0.0036586123,
      "z" : -0.99992645
    },
    "upDirection" : {
      "x" : 0.0067113503,
      "y" : 0.9999685,
      "z" : 0.0035830922
    },
    "lookAtPoint" : {
      "x" : 0.0,
      "y" : 0.0,
      "z" : 0.0
    },
    "perspective" : true,
    "viewDistance" : 70.0269,
    "nearClipDistance" : 0.1750674,
    "farClipDistance" : 140.0542,
    "fieldOfView" : 0.44262964,
    "stereo" : false,
    "width" : 31.512161,
    "position" : {
      "x" : 0.8023099,
      "y" : -0.25620127,
      "z" : 70.02175
    }
  },
  "embedding" : [ 1.0, 0.0, 0.0, 0.0, 0.0, 1.0, 0.0, 0.0, 0.0, 0.0, 1.0, 0.0, 0.0, 0.0, 0.0, 1.0 ],
  "shapes" : [ {
    "id" : "5ec5699a-a268-4e18-9c24-85317e592655",
    "vertices" : [ {
      "x" : -2.0835767,
      "y" : 0.5234148,
      "z" : 4.002655
    }, {
      "x" : -2.1835768,
      "y" : 0.12341481,
      "z" : 4.102655
    }, {
      "x" : -0.53445727,
      "y" : -0.076201215,
      "z" : 0.50980616
    }, {
      "x" : -0.43445724,
      "y" : 0.32379878,
      "z" : 0.40980613
    }, {
      "x" : -2.4835768,
      "y" : 0.25674814,
      "z" : 3.8693218
    }, {
      "x" : -2.3835766,
      "y" : 0.6567481,
      "z" : 3.7693217
    }, {
      "x" : -0.13445726,
      "y" : 0.19046545,
      "z" : 0.6431395
    }, {
      "x" : -0.23445725,
      "y" : -0.20953454,
      "z" : 0.74313945
    } ],
    "faces" : [ {
      "vertices" : [ 2, 3, 6 ]
    }, {
      "vertices" : [ 2, 6, 7 ]
    }, {
      "vertices" : [ 0, 5, 4 ]
    }, {
      "vertices" : [ 0, 4, 1 ]
    }, {
      "vertices" : [ 2, 4, 5 ]
    }, {
      "vertices" : [ 2, 5, 3 ]
    }, {
      "vertices" : [ 0, 6, 3 ]
    }, {
      "vertices" : [ 0, 3, 5 ]
    }, {
      "vertices" : [ 0, 1, 7 ]
    }, {
      "vertices" : [ 0, 7, 6 ]
    }, {
      "vertices" : [ 1, 4, 2 ]
    }, {
      "vertices" : [ 1, 2, 7 ]
    } ]
  }, {
    "id" : "e5a749f9-6e17-4151-9a7e-515fb2c6f6ad",
    "vertices" : [ {
      "x" : 1.8944272,
      "y" : -4.236068,
      "z" : -5.6832814
    }, {
      "x" : -1.1708204,
      "y" : -6.854102,
      "z" : -2.3416407
    }, {
      "x" : 1.1708204,
      "y" : -6.854102,
      "z" : 2.3416407
    }, {
      "x" : 5.6832814,
      "y" : -4.236068,
      "z" : 1.8944272
    }, {
      "x" : 6.130495,
      "y" : -2.618034,
      "z" : -3.0652475
    } ],
    "faces" : [ {
      "vertices" : [ 0, 1, 2 ]
    }, {
      "vertices" : [ 0, 2, 3 ]
    }, {
      "vertices" : [ 0, 3, 4 ]
    }, {
      "vertices" : [ 0, 4, 3 ]
    }, {
      "vertices" : [ 0, 3, 2 ]
    }, {
      "vertices" : [ 0, 2, 1 ]
    } ]
  }, {
    "id" : "6f91fae6-0012-41d3-92ae-47806df9995a",
    "vertices" : [ {
      "x" : 1.0,
      "y" : 0.309017,
      "z" : 0.19098301
    }, {
      "x" : 1.0,
      "y" : -0.309017,
      "z" : 0.19098301
    }, {
      "x" : 4.236068,
      "y" : -0.309017,
      "z" : 0.19098301
    }, {
      "x" : 4.236068,
      "y" : 0.309017,
      "z" : 0.19098301
    }, {
      "x" : 4.236068,
      "y" : -0.309017,
      "z" : -0.19098301
    }, {
      "x" : 4.236068,
      "y" : 0.309017,
      "z" : -0.19098301
    }, {
      "x" : 4.854102,
      "y" : 0.0,
      "z" : 0.0
    }, {
      "x" : 0.38196602,
      "y" : 0.0,
      "z" : 0.0
    }, {
      "x" : 1.0,
      "y" : 0.309017,
      "z" : -0.19098301
    }, {
      "x" : 1.0,
      "y" : -0.309017,
      "z" : -0.19098301
    }, {
      "x" : 5.236068,
      "y" : 0.0,
      "z" : 0.0
    } ],
    "faces" : [ {
      "vertices" : [ 1, 9, 4 ]
    }, {
      "vertices" : [ 1, 4, 2 ]
    }, {
      "vertices" : [ 0, 3, 5 ]
    }, {
      "vertices" : [ 0, 5, 8 ]
    }, {
      "vertices" : [ 1, 7, 9 ]
    }, {
      "vertices" : [ 0, 1, 2 ]
    }, {
      "vertices" : [ 0, 2, 3 ]
    }, {
      "vertices" : [ 7, 8, 9 ]
    }, {
      "vertices" : [ 0, 7, 1 ]
    }, {
      "vertices" : [ 4, 9, 8 ]
    }, {
      "vertices" : [ 4, 8, 5 ]
    }, {
      "vertices" : [ 2, 6, 3 ]
    }, {
      "vertices" : [ 2, 4, 6 ]
    }, {
      "vertices" : [ 3, 6, 5 ]
    }, {
      "vertices" : [ 4, 5, 6 ]
    }, {
      "vertices" : [ 0, 8, 7 ]
    } ]
  }, {
    "id" : "dd4740b9-627f-43e3-b505-b93befb4c9f7",
    "vertices" : [ {
      "x" : -1.8944272,
      "y" : 4.236068,
      "z" : -5.6832814
    }, {
      "x" : 1.1708204,
      "y" : 6.854102,
      "z" : -2.3416407
    }, {
      "x" : -1.1708204,
      "y" : 6.854102,
      "z" : 2.3416407
    }, {
      "x" : -5.6832814,
      "y" : 4.236068,
      "z" : 1.8944272
    }, {
      "x" : -6.130495,
      "y" : 2.618034,
      "z" : -3.0652475
    } ],
    "faces" : [ {
      "vertices" : [ 0, 1, 2 ]
    }, {
      "vertices" : [ 0, 2, 3 ]
    }, {
      "vertices" : [ 0, 3, 4 ]
    }, {
      "vertices" : [ 0, 4, 3 ]
    }, {
      "vertices" : [ 0, 3, 2 ]
    }, {
      "vertices" : [ 0, 2, 1 ]
    } ]
  }, {
    "id" : "c5c50581-453c-4ba0-8e7b-8c08daabdd24",
    "vertices" : [ {
      "x" : -2.57151,
      "y" : 2.0150754,
      "z" : -3.0790668
    }, {
      "x" : -2.4715102,
      "y" : 2.4150753,
      "z" : -2.9790666
    }, {
      "x" : -0.49373746,
      "y" : 0.6029586,
      "z" : -0.26257408
    }, {
      "x" : -0.5937375,
      "y" : 0.20295861,
      "z" : -0.36257407
    }, {
      "x" : -2.7715101,
      "y" : 2.5484087,
      "z" : -2.7457333
    }, {
      "x" : -2.87151,
      "y" : 2.1484087,
      "z" : -2.8457334
    }, {
      "x" : -0.29373747,
      "y" : 0.06962527,
      "z" : -0.5959074
    }, {
      "x" : -0.19373746,
      "y" : 0.46962526,
      "z" : -0.49590743
    } ],
    "faces" : [ {
      "vertices" : [ 2, 3, 6 ]
    }, {
      "vertices" : [ 2, 6, 7 ]
    }, {
      "vertices" : [ 0, 5, 4 ]
    }, {
      "vertices" : [ 0, 4, 1 ]
    }, {
      "vertices" : [ 2, 4, 5 ]
    }, {
      "vertices" : [ 2, 5, 3 ]
    }, {
      "vertices" : [ 0, 6, 3 ]
    }, {
      "vertices" : [ 0, 3, 5 ]
    }, {
      "vertices" : [ 0, 1, 7 ]
    }, {
      "vertices" : [ 0, 7, 6 ]
    }, {
      "vertices" : [ 1, 4, 2 ]
    }, {
      "vertices" : [ 1, 2, 7 ]
    } ]
  }, {
    "id" : "475c0566-802e-46bf-a10c-c1243abb3a86",
    "vertices" : [ {
      "x" : 0.309017,
      "y" : -0.309017,
      "z" : -0.309017
    }, {
      "x" : 0.5,
      "y" : 0.0,
      "z" : -0.19098301
    }, {
      "x" : 0.5,
      "y" : 0.0,
      "z" : 0.19098301
    }, {
      "x" : 0.309017,
      "y" : -0.309017,
      "z" : 0.309017
    }, {
      "x" : 0.19098301,
      "y" : -0.5,
      "z" : 0.0
    }, {
      "x" : 0.0,
      "y" : 0.19098301,
      "z" : 0.5
    }, {
      "x" : 0.0,
      "y" : -0.19098301,
      "z" : 0.5
    }, {
      "x" : 0.309017,
      "y" : 0.309017,
      "z" : 0.309017
    }, {
      "x" : -0.309017,
      "y" : -0.309017,
      "z" : 0.309017
    }, {
      "x" : -0.309017,
      "y" : 0.309017,
      "z" : 0.309017
    }, {
      "x" : -0.5,
      "y" : 0.0,
      "z" : 0.19098301
    }, {
      "x" : 0.0,
      "y" : -0.19098301,
      "z" : -0.5
    }, {
      "x" : 0.0,
      "y" : 0.19098301,
      "z" : -0.5
    }, {
      "x" : 0.309017,
      "y" : 0.309017,
      "z" : -0.309017
    }, {
      "x" : -0.309017,
      "y" : -0.309017,
      "z" : -0.309017
    }, {
      "x" : -0.19098301,
      "y" : -0.5,
      "z" : 0.0
    }, {
      "x" : -0.5,
      "y" : 0.0,
      "z" : -0.19098301
    }, {
      "x" : 0.19098301,
      "y" : 0.5,
      "z" : 0.0
    }, {
      "x" : -0.309017,
      "y" : 0.309017,
      "z" : -0.309017
    }, {
      "x" : 0.0,
      "y" : 0.0,
      "z" : 0.0
    }, {
      "x" : -0.19098301,
      "y" : 0.5,
      "z" : 0.0
    } ],
    "faces" : [ {
      "vertices" : [ 12, 18, 20 ]
    }, {
      "vertices" : [ 12, 20, 17 ]
    }, {
      "vertices" : [ 12, 17, 13 ]
    }, {
      "vertices" : [ 3, 6, 8 ]
    }, {
      "vertices" : [ 3, 8, 15 ]
    }, {
      "vertices" : [ 3, 15, 4 ]
    }, {
      "vertices" : [ 0, 11, 12 ]
    }, {
      "vertices" : [ 0, 12, 13 ]
    }, {
      "vertices" : [ 0, 13, 1 ]
    }, {
      "vertices" : [ 5, 9, 10 ]
    }, {
      "vertices" : [ 5, 10, 8 ]
    }, {
      "vertices" : [ 5, 8, 6 ]
    }, {
      "vertices" : [ 2, 7, 5 ]
    }, {
      "vertices" : [ 2, 5, 6 ]
    }, {
      "vertices" : [ 2, 6, 3 ]
    }, {
      "vertices" : [ 11, 14, 16 ]
    }, {
      "vertices" : [ 11, 16, 18 ]
    }, {
      "vertices" : [ 11, 18, 12 ]
    }, {
      "vertices" : [ 1, 13, 17 ]
    }, {
      "vertices" : [ 1, 17, 7 ]
    }, {
      "vertices" : [ 1, 7, 2 ]
    }, {
      "vertices" : [ 9, 20, 18 ]
    }, {
      "vertices" : [ 9, 18, 16 ]
    }, {
      "vertices" : [ 9, 16, 10 ]
    }, {
      "vertices" : [ 0, 1, 2 ]
    }, {
      "vertices" : [ 0, 2, 3 ]
    }, {
      "vertices" : [ 0, 3, 4 ]
    }, {
      "vertices" : [ 5, 7, 17 ]
    }, {
      "vertices" : [ 5, 17, 20 ]
    }, {
      "vertices" : [ 5, 20, 9 ]
    }, {
      "vertices" : [ 0, 4, 15 ]
    }, {
      "vertices" : [ 0, 15, 14 ]
    }, {
      "vertices" : [ 0, 14, 11 ]
    }, {
      "vertices" : [ 8, 10, 16 ]
    }, {
      "vertices" : [ 8, 16, 14 ]
    }, {
      "vertices" : [ 8, 14, 15 ]
    } ]
  }, {
    "id" : "fe3fed3b-e6f0-4c51-b9fa-c0abd84284fb",
    "vertices" : [ {
      "x" : 6.130495,
      "y" : 2.618034,
      "z" : -3.0652475
    }, {
      "x" : 5.6832814,
      "y" : 4.236068,
      "z" : 1.8944272
    }, {
      "x" : 1.1708204,
      "y" : 6.854102,
      "z" : 2.3416407
    }, {
      "x" : -1.1708204,
      "y" : 6.854102,
      "z" : -2.3416407
    }, {
      "x" : 1.8944272,
      "y" : 4.236068,
      "z" : -5.6832814
    } ],
    "faces" : [ {
      "vertices" : [ 0, 1, 2 ]
    }, {
      "vertices" : [ 0, 2, 3 ]
    }, {
      "vertices" : [ 0, 3, 4 ]
    }, {
      "vertices" : [ 0, 4, 3 ]
    }, {
      "vertices" : [ 0, 3, 2 ]
    }, {
      "vertices" : [ 0, 2, 1 ]
    } ]
  }, {
    "id" : "5e2d1771-a8cc-4e10-9eb1-54db98e79a39",
    "vertices" : [ {
      "x" : -4.236068,
      "y" : 5.6832814,
      "z" : -1.8944272
    }, {
      "x" : -6.854102,
      "y" : 2.3416407,
      "z" : 1.1708204
    }, {
      "x" : -6.854102,
      "y" : -2.3416407,
      "z" : -1.1708204
    }, {
      "x" : -4.236068,
      "y" : -1.8944272,
      "z" : -5.6832814
    }, {
      "x" : -2.618034,
      "y" : 3.0652475,
      "z" : -6.130495
    } ],
    "faces" : [ {
      "vertices" : [ 0, 1, 2 ]
    }, {
      "vertices" : [ 0, 2, 3 ]
    }, {
      "vertices" : [ 0, 3, 4 ]
    }, {
      "vertices" : [ 0, 4, 3 ]
    }, {
      "vertices" : [ 0, 3, 2 ]
    }, {
      "vertices" : [ 0, 2, 1 ]
    } ]
  }, {
    "id" : "f1ca5ba5-98ec-4eeb-a8bf-c101acb6bd7b",
    "vertices" : [ {
      "x" : -1.8944272,
      "y" : -4.236068,
      "z" : -5.6832814
    }, {
      "x" : 1.1708204,
      "y" : -6.854102,
      "z" : -2.3416407
    }, {
      "x" : 5.6832814,
      "y" : -4.236068,
      "z" : -1.8944272
    }, {
      "x" : 5.4068885,
      "y" : 0.0,
      "z" : -4.959675
    }, {
      "x" : 0.7236068,
      "y" : 0.0,
      "z" : -7.301316
    } ],
    "faces" : [ {
      "vertices" : [ 0, 1, 2 ]
    }, {
      "vertices" : [ 0, 2, 3 ]
    }, {
      "vertices" : [ 0, 3, 4 ]
    }, {
      "vertices" : [ 0, 4, 3 ]
    }, {
      "vertices" : [ 0, 3, 2 ]
    }, {
      "vertices" : [ 0, 2, 1 ]
    } ]
  }, {
    "id" : "50705076-74b6-407f-929b-c6f42bbc939d",
    "vertices" : [ {
      "x" : -4.236068,
      "y" : -5.6832814,
      "z" : -1.8944272
    }, {
      "x" : -5.854102,
      "y" : -3.618034,
      "z" : 0.0
    }, {
      "x" : -3.618034,
      "y" : 0.0,
      "z" : -5.854102
    }, {
      "x" : -2.618034,
      "y" : -3.0652475,
      "z" : -6.130495
    } ],
    "faces" : [ {
      "vertices" : [ 0, 1, 2 ]
    }, {
      "vertices" : [ 0, 2, 3 ]
    }, {
      "vertices" : [ 0, 3, 2 ]
    }, {
      "vertices" : [ 0, 2, 1 ]
    } ]
  }, {
    "id" : "96a92779-2602-4ef0-b292-fd9bcfd8223b",
    "vertices" : [ {
      "x" : 1.8944272,
      "y" : -4.236068,
      "z" : 5.6832814
    }, {
      "x" : -1.1708204,
      "y" : -6.854102,
      "z" : 2.3416407
    }, {
      "x" : -5.6832814,
      "y" : -4.236068,
      "z" : 1.8944272
    }, {
      "x" : -5.4068885,
      "y" : 0.0,
      "z" : 4.959675
    }, {
      "x" : -0.7236068,
      "y" : 0.0,
      "z" : 7.301316
    } ],
    "faces" : [ {
      "vertices" : [ 0, 1, 2 ]
    }, {
      "vertices" : [ 0, 2, 3 ]
    }, {
      "vertices" : [ 0, 3, 4 ]
    }, {
      "vertices" : [ 0, 4, 3 ]
    }, {
      "vertices" : [ 0, 3, 2 ]
    }, {
      "vertices" : [ 0, 2, 1 ]
    } ]
  }, {
    "id" : "539f6832-b30e-418f-9acc-7f3ba8ff8df0",
    "vertices" : [ {
      "x" : 1.8944272,
      "y" : 4.236068,
      "z" : -5.6832814
    }, {
      "x" : -1.1708204,
      "y" : 6.854102,
      "z" : -2.3416407
    }, {
      "x" : -5.6832814,
      "y" : 4.236068,
      "z" : -1.8944272
    }, {
      "x" : -5.4068885,
      "y" : 0.0,
      "z" : -4.959675
    }, {
      "x" : -0.7236068,
      "y" : 0.0,
      "z" : -7.301316
    } ],
    "faces" : [ {
      "vertices" : [ 0, 1, 2 ]
    }, {
      "vertices" : [ 0, 2, 3 ]
    }, {
      "vertices" : [ 0, 3, 4 ]
    }, {
      "vertices" : [ 0, 4, 3 ]
    }, {
      "vertices" : [ 0, 3, 2 ]
    }, {
      "vertices" : [ 0, 2, 1 ]
    } ]
  }, {
    "id" : "5f8202fd-4c27-46c2-b36f-cf67ec6743bb",
    "vertices" : [ {
      "x" : -0.7236068,
      "y" : 0.0,
      "z" : 7.301316
    }, {
      "x" : -3.618034,
      "y" : 0.0,
      "z" : 5.854102
    }, {
      "x" : 0.0,
      "y" : -5.854102,
      "z" : 3.618034
    }, {
      "x" : 1.8944272,
      "y" : -4.236068,
      "z" : 5.6832814
    } ],
    "faces" : [ {
      "vertices" : [ 0, 1, 2 ]
    }, {
      "vertices" : [ 0, 2, 3 ]
    }, {
      "vertices" : [ 0, 3, 2 ]
    }, {
      "vertices" : [ 0, 2, 1 ]
    } ]
  }, {
    "id" : "6cec1041-f2b1-404f-8e41-f0fbbe0b2409",
    "vertices" : [ {
      "x" : -3.0652475,
      "y" : -6.130495,
      "z" : -2.618034
    }, {
      "x" : 1.8944272,
      "y" : -5.6832814,
      "z" : -4.236068
    }, {
      "x" : 2.3416407,
      "y" : -1.1708204,
      "z" : -6.854102
    }, {
      "x" : -2.3416407,
      "y" : 1.1708204,
      "z" : -6.854102
    }, {
      "x" : -5.6832814,
      "y" : -1.8944272,
      "z" : -4.236068
    } ],
    "faces" : [ {
      "vertices" : [ 0, 1, 2 ]
    }, {
      "vertices" : [ 0, 2, 3 ]
    }, {
      "vertices" : [ 0, 3, 4 ]
    }, {
      "vertices" : [ 0, 4, 3 ]
    }, {
      "vertices" : [ 0, 3, 2 ]
    }, {
      "vertices" : [ 0, 2, 1 ]
    } ]
  }, {
    "id" : "ad917a33-ae3a-4c0f-b750-54da0768f8f0",
    "vertices" : [ {
      "x" : 3.0652475,
      "y" : -6.130495,
      "z" : 2.618034
    }, {
      "x" : -1.8944272,
      "y" : -5.6832814,
      "z" : 4.236068
    }, {
      "x" : -2.3416407,
      "y" : -1.1708204,
      "z" : 6.854102
    }, {
      "x" : 2.3416407,
      "y" : 1.1708204,
      "z" : 6.854102
    }, {
      "x" : 5.6832814,
      "y" : -1.8944272,
      "z" : 4.236068
    } ],
    "faces" : [ {
      "vertices" : [ 0, 1, 2 ]
    }, {
      "vertices" : [ 0, 2, 3 ]
    }, {
      "vertices" : [ 0, 3, 4 ]
    }, {
      "vertices" : [ 0, 4, 3 ]
    }, {
      "vertices" : [ 0, 3, 2 ]
    }, {
      "vertices" : [ 0, 2, 1 ]
    } ]
  }, {
    "id" : "58ee7b67-1a42-4b24-a8e0-164930a41024",
    "vertices" : [ {
      "x" : 7.301316,
      "y" : 0.7236068,
      "z" : 0.0
    }, {
      "x" : 5.854102,
      "y" : 3.618034,
      "z" : 0.0
    }, {
      "x" : 3.618034,
      "y" : 0.0,
      "z" : 5.854102
    }, {
      "x" : 5.6832814,
      "y" : -1.8944272,
      "z" : 4.236068
    } ],
    "faces" : [ {
      "vertices" : [ 0, 1, 2 ]
    }, {
      "vertices" : [ 0, 2, 3 ]
    }, {
      "vertices" : [ 0, 3, 2 ]
    }, {
      "vertices" : [ 0, 2, 1 ]
    } ]
  }, {
    "id" : "1d2a8ce5-0e25-4874-9be2-37723c5c58a6",
    "vertices" : [ {
      "x" : -7.301316,
      "y" : -0.7236068,
      "z" : 0.0
    }, {
      "x" : -5.854102,
      "y" : -3.618034,
      "z" : 0.0
    }, {
      "x" : -3.618034,
      "y" : 0.0,
      "z" : 5.854102
    }, {
      "x" : -5.6832814,
      "y" : 1.8944272,
      "z" : 4.236068
    } ],
    "faces" : [ {
      "vertices" : [ 0, 1, 2 ]
    }, {
      "vertices" : [ 0, 2, 3 ]
    }, {
      "vertices" : [ 0, 3, 2 ]
    }, {
      "vertices" : [ 0, 2, 1 ]
    } ]
  }, {
    "id" : "90b2fbea-1050-4e20-bb7d-4082dc90d563",
    "vertices" : [ {
      "x" : 7.301316,
      "y" : -0.7236068,
      "z" : 0.0
    }, {
      "x" : 4.959675,
      "y" : -5.4068885,
      "z" : 0.0
    }, {
      "x" : 1.8944272,
      "y" : -5.6832814,
      "z" : 4.236068
    }, {
      "x" : 2.3416407,
      "y" : -1.1708204,
      "z" : 6.854102
    }, {
      "x" : 5.6832814,
      "y" : 1.8944272,
      "z" : 4.236068
    } ],
    "faces" : [ {
      "vertices" : [ 0, 1, 2 ]
    }, {
      "vertices" : [ 0, 2, 3 ]
    }, {
      "vertices" : [ 0, 3, 4 ]
    }, {
      "vertices" : [ 0, 4, 3 ]
    }, {
      "vertices" : [ 0, 3, 2 ]
    }, {
      "vertices" : [ 0, 2, 1 ]
    } ]
  }, {
    "id" : "290f2029-733b-4dba-a1ec-196cc89167b5",
    "vertices" : [ {
      "x" : 0.0,
      "y" : -7.301316,
      "z" : 0.7236068
    }, {
      "x" : 0.0,
      "y" : -5.854102,
      "z" : 3.618034
    }, {
      "x" : -5.854102,
      "y" : -3.618034,
      "z" : 0.0
    }, {
      "x" : -4.236068,
      "y" : -5.6832814,
      "z" : -1.8944272
    } ],
    "faces" : [ {
      "vertices" : [ 0, 1, 2 ]
    }, {
      "vertices" : [ 0, 2, 3 ]
    }, {
      "vertices" : [ 0, 3, 2 ]
    }, {
      "vertices" : [ 0, 2, 1 ]
    } ]
  }, {
    "id" : "69c74288-0247-4076-a217-d24705a89cb1",
    "vertices" : [ {
      "x" : -3.0652475,
      "y" : 6.130495,
      "z" : 2.618034
    }, {
      "x" : 0.0,
      "y" : 5.854102,
      "z" : 3.618034
    }, {
      "x" : 0.0,
      "y" : 5.854102,
      "z" : -3.618034
    }, {
      "x" : -3.0652475,
      "y" : 6.130495,
      "z" : -2.618034
    } ],
    "faces" : [ {
      "vertices" : [ 0, 1, 2 ]
    }, {
      "vertices" : [ 0, 2, 3 ]
    }, {
      "vertices" : [ 0, 3, 2 ]
    }, {
      "vertices" : [ 0, 2, 1 ]
    } ]
  }, {
    "id" : "c27e0e42-9a94-45c1-a812-ddea2df285b4",
    "vertices" : [ {
      "x" : -2.618034,
      "y" : 3.0652475,
      "z" : 6.130495
    }, {
      "x" : -4.236068,
      "y" : -1.8944272,
      "z" : 5.6832814
    }, {
      "x" : -6.854102,
      "y" : -2.3416407,
      "z" : 1.1708204
    }, {
      "x" : -6.854102,
      "y" : 2.3416407,
      "z" : -1.1708204
    }, {
      "x" : -4.236068,
      "y" : 5.6832814,
      "z" : 1.8944272
    } ],
    "faces" : [ {
      "vertices" : [ 0, 1, 2 ]
    }, {
      "vertices" : [ 0, 2, 3 ]
    }, {
      "vertices" : [ 0, 3, 4 ]
    }, {
      "vertices" : [ 0, 4, 3 ]
    }, {
      "vertices" : [ 0, 3, 2 ]
    }, {
      "vertices" : [ 0, 2, 1 ]
    } ]
  }, {
    "id" : "9fab6ce2-05e5-46f9-99c9-3e889db3e078",
    "vertices" : [ {
      "x" : -2.618034,
      "y" : -3.0652475,
      "z" : -6.130495
    }, {
      "x" : -3.618034,
      "y" : 0.0,
      "z" : -5.854102
    }, {
      "x" : 3.618034,
      "y" : 0.0,
      "z" : -5.854102
    }, {
      "x" : 2.618034,
      "y" : -3.0652475,
      "z" : -6.130495
    } ],
    "faces" : [ {
      "vertices" : [ 0, 1, 2 ]
    }, {
      "vertices" : [ 0, 2, 3 ]
    }, {
      "vertices" : [ 0, 3, 2 ]
    }, {
      "vertices" : [ 0, 2, 1 ]
    } ]
  }, {
    "id" : "44c8a14b-940e-41f3-a83f-fa3bcb6a943f",
    "vertices" : [ {
      "x" : -4.236068,
      "y" : 5.6832814,
      "z" : 1.8944272
    }, {
      "x" : -5.854102,
      "y" : 3.618034,
      "z" : 0.0
    }, {
      "x" : -3.618034,
      "y" : 0.0,
      "z" : 5.854102
    }, {
      "x" : -2.618034,
      "y" : 3.0652475,
      "z" : 6.130495
    } ],
    "faces" : [ {
      "vertices" : [ 0, 1, 2 ]
    }, {
      "vertices" : [ 0, 2, 3 ]
    }, {
      "vertices" : [ 0, 3, 2 ]
    }, {
      "vertices" : [ 0, 2, 1 ]
    } ]
  }, {
    "id" : "974ff49f-ce60-4e02-b89a-5c2c406fc9aa",
    "vertices" : [ {
      "x" : 5.6832814,
      "y" : -1.8944272,
      "z" : 4.236068
    }, {
      "x" : 2.3416407,
      "y" : 1.1708204,
      "z" : 6.854102
    }, {
      "x" : 1.8944272,
      "y" : 5.6832814,
      "z" : 4.236068
    }, {
      "x" : 4.959675,
      "y" : 5.4068885,
      "z" : 0.0
    }, {
      "x" : 7.301316,
      "y" : 0.7236068,
      "z" : 0.0
    } ],
    "faces" : [ {
      "vertices" : [ 0, 1, 2 ]
    }, {
      "vertices" : [ 0, 2, 3 ]
    }, {
      "vertices" : [ 0, 3, 4 ]
    }, {
      "vertices" : [ 0, 4, 3 ]
    }, {
      "vertices" : [ 0, 3, 2 ]
    }, {
      "vertices" : [ 0, 2, 1 ]
    } ]
  }, {
    "id" : "49f4fd8f-afdb-494d-a719-d53e9d2aac38",
    "vertices" : [ {
      "x" : 5.6832814,
      "y" : 1.8944272,
      "z" : 4.236068
    }, {
      "x" : 3.618034,
      "y" : 0.0,
      "z" : 5.854102
    }, {
      "x" : 5.854102,
      "y" : -3.618034,
      "z" : 0.0
    }, {
      "x" : 7.301316,
      "y" : -0.7236068,
      "z" : 0.0
    } ],
    "faces" : [ {
      "vertices" : [ 0, 1, 2 ]
    }, {
      "vertices" : [ 0, 2, 3 ]
    }, {
      "vertices" : [ 0, 3, 2 ]
    }, {
      "vertices" : [ 0, 2, 1 ]
    } ]
  }, {
    "id" : "f4bd3b28-ce06-4216-b135-f22f80be0e02",
    "vertices" : [ {
      "x" : 7.301316,
      "y" : -0.7236068,
      "z" : 0.0
    }, {
      "x" : 5.854102,
      "y" : -3.618034,
      "z" : 0.0
    }, {
      "x" : 3.618034,
      "y" : 0.0,
      "z" : -5.854102
    }, {
      "x" : 5.6832814,
      "y" : 1.8944272,
      "z" : -4.236068
    } ],
    "faces" : [ {
      "vertices" : [ 0, 1, 2 ]
    }, {
      "vertices" : [ 0, 2, 3 ]
    }, {
      "vertices" : [ 0, 3, 2 ]
    }, {
      "vertices" : [ 0, 2, 1 ]
    } ]
  }, {
    "id" : "dc5aaa97-75bd-4144-9c16-795bf2c48cb2",
    "vertices" : [ {
      "x" : -4.236068,
      "y" : -5.6832814,
      "z" : 1.8944272
    }, {
      "x" : -6.854102,
      "y" : -2.3416407,
      "z" : -1.1708204
    }, {
      "x" : -6.854102,
      "y" : 2.3416407,
      "z" : 1.1708204
    }, {
      "x" : -4.236068,
      "y" : 1.8944272,
      "z" : 5.6832814
    }, {
      "x" : -2.618034,
      "y" : -3.0652475,
      "z" : 6.130495
    } ],
    "faces" : [ {
      "vertices" : [ 0, 1, 2 ]
    }, {
      "vertices" : [ 0, 2, 3 ]
    }, {
      "vertices" : [ 0, 3, 4 ]
    }, {
      "vertices" : [ 0, 4, 3 ]
    }, {
      "vertices" : [ 0, 3, 2 ]
    }, {
      "vertices" : [ 0, 2, 1 ]
    } ]
  }, {
    "id" : "5ac544cd-5051-414e-8e4c-e2feed2ba90b",
    "vertices" : [ {
      "x" : -3.0652475,
      "y" : -6.130495,
      "z" : 2.618034
    }, {
      "x" : 1.8944272,
      "y" : -5.6832814,
      "z" : 4.236068
    }, {
      "x" : 4.959675,
      "y" : -5.4068885,
      "z" : 0.0
    }, {
      "x" : 1.8944272,
      "y" : -5.6832814,
      "z" : -4.236068
    }, {
      "x" : -3.0652475,
      "y" : -6.130495,
      "z" : -2.618034
    } ],
    "faces" : [ {
      "vertices" : [ 0, 1, 2 ]
    }, {
      "vertices" : [ 0, 2, 3 ]
    }, {
      "vertices" : [ 0, 3, 4 ]
    }, {
      "vertices" : [ 0, 4, 3 ]
    }, {
      "vertices" : [ 0, 3, 2 ]
    }, {
      "vertices" : [ 0, 2, 1 ]
    } ]
  }, {
    "id" : "6db1f358-5066-4298-a50f-02f01757c243",
    "vertices" : [ {
      "x" : -0.7236068,
      "y" : 0.0,
      "z" : -7.301316
    }, {
      "x" : 1.8944272,
      "y" : 4.236068,
      "z" : -5.6832814
    }, {
      "x" : 6.130495,
      "y" : 2.618034,
      "z" : -3.0652475
    }, {
      "x" : 6.130495,
      "y" : -2.618034,
      "z" : -3.0652475
    }, {
      "x" : 1.8944272,
      "y" : -4.236068,
      "z" : -5.6832814
    } ],
    "faces" : [ {
      "vertices" : [ 0, 1, 2 ]
    }, {
      "vertices" : [ 0, 2, 3 ]
    }, {
      "vertices" : [ 0, 3, 4 ]
    }, {
      "vertices" : [ 0, 4, 3 ]
    }, {
      "vertices" : [ 0, 3, 2 ]
    }, {
      "vertices" : [ 0, 2, 1 ]
    } ]
  }, {
    "id" : "bd28f66d-e601-42d9-ad7e-64e893486dfc",
    "vertices" : [ {
      "x" : 3.0652475,
      "y" : 6.130495,
      "z" : 2.618034
    }, {
      "x" : 0.0,
      "y" : 5.854102,
      "z" : 3.618034
    }, {
      "x" : 3.618034,
      "y" : 0.0,
      "z" : 5.854102
    }, {
      "x" : 5.6832814,
      "y" : 1.8944272,
      "z" : 4.236068
    } ],
    "faces" : [ {
      "vertices" : [ 0, 1, 2 ]
    }, {
      "vertices" : [ 0, 2, 3 ]
    }, {
      "vertices" : [ 0, 3, 2 ]
    }, {
      "vertices" : [ 0, 2, 1 ]
    } ]
  }, {
    "id" : "75bfee94-d1c8-4960-a87d-a5ab678c8040",
    "vertices" : [ {
      "x" : -5.6832814,
      "y" : 1.8944272,
      "z" : -4.236068
    }, {
      "x" : -3.618034,
      "y" : 0.0,
      "z" : -5.854102
    }, {
      "x" : -5.854102,
      "y" : -3.618034,
      "z" : 0.0
    }, {
      "x" : -7.301316,
      "y" : -0.7236068,
      "z" : 0.0
    } ],
    "faces" : [ {
      "vertices" : [ 0, 1, 2 ]
    }, {
      "vertices" : [ 0, 2, 3 ]
    }, {
      "vertices" : [ 0, 3, 2 ]
    }, {
      "vertices" : [ 0, 2, 1 ]
    } ]
  }, {
    "id" : "551a5c83-bb0f-494c-b67d-a845f9dfb3a2",
    "vertices" : [ {
      "x" : -6.130495,
      "y" : -2.618034,
      "z" : -3.0652475
    }, {
      "x" : -5.6832814,
      "y" : -4.236068,
      "z" : 1.8944272
    }, {
      "x" : -1.1708204,
      "y" : -6.854102,
      "z" : 2.3416407
    }, {
      "x" : 1.1708204,
      "y" : -6.854102,
      "z" : -2.3416407
    }, {
      "x" : -1.8944272,
      "y" : -4.236068,
      "z" : -5.6832814
    } ],
    "faces" : [ {
      "vertices" : [ 0, 1, 2 ]
    }, {
      "vertices" : [ 0, 2, 3 ]
    }, {
      "vertices" : [ 0, 3, 4 ]
    }, {
      "vertices" : [ 0, 4, 3 ]
    }, {
      "vertices" : [ 0, 3, 2 ]
    }, {
      "vertices" : [ 0, 2, 1 ]
    } ]
  }, {
    "id" : "20c494ed-f721-4d3c-8b8f-985062167ea7",
    "vertices" : [ {
      "x" : 4.236068,
      "y" : -5.6832814,
      "z" : 1.8944272
    }, {
      "x" : 6.854102,
      "y" : -2.3416407,
      "z" : -1.1708204
    }, {
      "x" : 4.236068,
      "y" : -1.8944272,
      "z" : -5.6832814
    }, {
      "x" : 0.0,
      "y" : -4.959675,
      "z" : -5.4068885
    }, {
      "x" : 0.0,
      "y" : -7.301316,
      "z" : -0.7236068
    } ],
    "faces" : [ {
      "vertices" : [ 0, 1, 2 ]
    }, {
      "vertices" : [ 0, 2, 3 ]
    }, {
      "vertices" : [ 0, 3, 4 ]
    }, {
      "vertices" : [ 0, 4, 3 ]
    }, {
      "vertices" : [ 0, 3, 2 ]
    }, {
      "vertices" : [ 0, 2, 1 ]
    } ]
  }, {
    "id" : "a1b35747-3e25-4565-bc85-bf0d91ba86c5",
    "vertices" : [ {
      "x" : -4.236068,
      "y" : -5.6832814,
      "z" : -1.8944272
    }, {
      "x" : -6.854102,
      "y" : -2.3416407,
      "z" : 1.1708204
    }, {
      "x" : -4.236068,
      "y" : -1.8944272,
      "z" : 5.6832814
    }, {
      "x" : 0.0,
      "y" : -4.959675,
      "z" : 5.4068885
    }, {
      "x" : 0.0,
      "y" : -7.301316,
      "z" : 0.7236068
    } ],
    "faces" : [ {
      "vertices" : [ 0, 1, 2 ]
    }, {
      "vertices" : [ 0, 2, 3 ]
    }, {
      "vertices" : [ 0, 3, 4 ]
    }, {
      "vertices" : [ 0, 4, 3 ]
    }, {
      "vertices" : [ 0, 3, 2 ]
    }, {
      "vertices" : [ 0, 2, 1 ]
    } ]
  }, {
    "id" : "eec2b77f-6465-4971-bcc2-c1a8cbe8933c",
    "vertices" : [ {
      "x" : -5.6832814,
      "y" : 1.8944272,
      "z" : -4.236068
    }, {
      "x" : -2.3416407,
      "y" : -1.1708204,
      "z" : -6.854102
    }, {
      "x" : 2.3416407,
      "y" : 1.1708204,
      "z" : -6.854102
    }, {
      "x" : 1.8944272,
      "y" : 5.6832814,
      "z" : -4.236068
    }, {
      "x" : -3.0652475,
      "y" : 6.130495,
      "z" : -2.618034
    } ],
    "faces" : [ {
      "vertices" : [ 0, 1, 2 ]
    }, {
      "vertices" : [ 0, 2, 3 ]
    }, {
      "vertices" : [ 0, 3, 4 ]
    }, {
      "vertices" : [ 0, 4, 3 ]
    }, {
      "vertices" : [ 0, 3, 2 ]
    }, {
      "vertices" : [ 0, 2, 1 ]
    } ]
  }, {
    "id" : "66dbe510-09ab-4588-ab34-ec8451269a1a",
    "vertices" : [ {
      "x" : 5.6832814,
      "y" : -1.8944272,
      "z" : -4.236068
    }, {
      "x" : 3.618034,
      "y" : 0.0,
      "z" : -5.854102
    }, {
      "x" : 5.854102,
      "y" : 3.618034,
      "z" : 0.0
    }, {
      "x" : 7.301316,
      "y" : 0.7236068,
      "z" : 0.0
    } ],
    "faces" : [ {
      "vertices" : [ 0, 1, 2 ]
    }, {
      "vertices" : [ 0, 2, 3 ]
    }, {
      "vertices" : [ 0, 3, 2 ]
    }, {
      "vertices" : [ 0, 2, 1 ]
    } ]
  }, {
    "id" : "a6dec973-ade0-4ec9-8665-771c8bc50c59",
    "vertices" : [ {
      "x" : 3.0652475,
      "y" : 6.130495,
      "z" : 2.618034
    }, {
      "x" : -1.8944272,
      "y" : 5.6832814,
      "z" : 4.236068
    }, {
      "x" : -4.959675,
      "y" : 5.4068885,
      "z" : 0.0
    }, {
      "x" : -1.8944272,
      "y" : 5.6832814,
      "z" : -4.236068
    }, {
      "x" : 3.0652475,
      "y" : 6.130495,
      "z" : -2.618034
    } ],
    "faces" : [ {
      "vertices" : [ 0, 1, 2 ]
    }, {
      "vertices" : [ 0, 2, 3 ]
    }, {
      "vertices" : [ 0, 3, 4 ]
    }, {
      "vertices" : [ 0, 4, 3 ]
    }, {
      "vertices" : [ 0, 3, 2 ]
    }, {
      "vertices" : [ 0, 2, 1 ]
    } ]
  }, {
    "id" : "504f9e65-2a05-4b94-9aa9-e04c019a0507",
    "vertices" : [ {
      "x" : -1.8944272,
      "y" : -4.236068,
      "z" : 5.6832814
    }, {
      "x" : 1.1708204,
      "y" : -6.854102,
      "z" : 2.3416407
    }, {
      "x" : -1.1708204,
      "y" : -6.854102,
      "z" : -2.3416407
    }, {
      "x" : -5.6832814,
      "y" : -4.236068,
      "z" : -1.8944272
    }, {
      "x" : -6.130495,
      "y" : -2.618034,
      "z" : 3.0652475
    } ],
    "faces" : [ {
      "vertices" : [ 0, 1, 2 ]
    }, {
      "vertices" : [ 0, 2, 3 ]
    }, {
      "vertices" : [ 0, 3, 4 ]
    }, {
      "vertices" : [ 0, 4, 3 ]
    }, {
      "vertices" : [ 0, 3, 2 ]
    }, {
      "vertices" : [ 0, 2, 1 ]
    } ]
  }, {
    "id" : "2154a4e9-9795-4f02-bc0d-89942df41446",
    "vertices" : [ {
      "x" : -6.130495,
      "y" : 2.618034,
      "z" : -3.0652475
    }, {
      "x" : -5.6832814,
      "y" : 4.236068,
      "z" : 1.8944272
    }, {
      "x" : -5.4068885,
      "y" : 0.0,
      "z" : 4.959675
    }, {
      "x" : -5.6832814,
      "y" : -4.236068,
      "z" : 1.8944272
    }, {
      "x" : -6.130495,
      "y" : -2.618034,
      "z" : -3.0652475
    } ],
    "faces" : [ {
      "vertices" : [ 0, 1, 2 ]
    }, {
      "vertices" : [ 0, 2, 3 ]
    }, {
      "vertices" : [ 0, 3, 4 ]
    }, {
      "vertices" : [ 0, 4, 3 ]
    }, {
      "vertices" : [ 0, 3, 2 ]
    }, {
      "vertices" : [ 0, 2, 1 ]
    } ]
  }, {
    "id" : "ed493c41-65cd-4f70-a045-d97212072ffb",
    "vertices" : [ {
      "x" : -2.618034,
      "y" : -3.0652475,
      "z" : -6.130495
    }, {
      "x" : -4.236068,
      "y" : 1.8944272,
      "z" : -5.6832814
    }, {
      "x" : -6.854102,
      "y" : 2.3416407,
      "z" : -1.1708204
    }, {
      "x" : -6.854102,
      "y" : -2.3416407,
      "z" : 1.1708204
    }, {
      "x" : -4.236068,
      "y" : -5.6832814,
      "z" : -1.8944272
    } ],
    "faces" : [ {
      "vertices" : [ 0, 1, 2 ]
    }, {
      "vertices" : [ 0, 2, 3 ]
    }, {
      "vertices" : [ 0, 3, 4 ]
    }, {
      "vertices" : [ 0, 4, 3 ]
    }, {
      "vertices" : [ 0, 3, 2 ]
    }, {
      "vertices" : [ 0, 2, 1 ]
    } ]
  }, {
    "id" : "33fb8b75-1d35-4390-a8b0-ed251e006ab1",
    "vertices" : [ {
      "x" : 2.618034,
      "y" : 3.0652475,
      "z" : -6.130495
    }, {
      "x" : 4.236068,
      "y" : -1.8944272,
      "z" : -5.6832814
    }, {
      "x" : 6.854102,
      "y" : -2.3416407,
      "z" : -1.1708204
    }, {
      "x" : 6.854102,
      "y" : 2.3416407,
      "z" : 1.1708204
    }, {
      "x" : 4.236068,
      "y" : 5.6832814,
      "z" : -1.8944272
    } ],
    "faces" : [ {
      "vertices" : [ 0, 1, 2 ]
    }, {
      "vertices" : [ 0, 2, 3 ]
    }, {
      "vertices" : [ 0, 3, 4 ]
    }, {
      "vertices" : [ 0, 4, 3 ]
    }, {
      "vertices" : [ 0, 3, 2 ]
    }, {
      "vertices" : [ 0, 2, 1 ]
    } ]
  }, {
    "id" : "bf46acfb-24a7-4c31-9652-8f23de39cef5",
    "vertices" : [ {
      "x" : 0.0,
      "y" : -7.301316,
      "z" : -0.7236068
    }, {
      "x" : 0.0,
      "y" : -4.959675,
      "z" : -5.4068885
    }, {
      "x" : -4.236068,
      "y" : -1.8944272,
      "z" : -5.6832814
    }, {
      "x" : -6.854102,
      "y" : -2.3416407,
      "z" : -1.1708204
    }, {
      "x" : -4.236068,
      "y" : -5.6832814,
      "z" : 1.8944272
    } ],
    "faces" : [ {
      "vertices" : [ 0, 1, 2 ]
    }, {
      "vertices" : [ 0, 2, 3 ]
    }, {
      "vertices" : [ 0, 3, 4 ]
    }, {
      "vertices" : [ 0, 4, 3 ]
    }, {
