{
  "field" : "golden",
  "symmetry" : "icosahedral",
  "orientations" : [ [ 1.0, 0.0, 0.0, 0.0, 0.0, 1.0, 0.0, 0.0, 0.0, 0.0, 1.0, 0.0, 0.0, 0.0, 0.0, 1.0 ], [ 0.0, 0.0, 1.0, 0.0, 1.0, 0.0, 0.0, 0.0, 0.0, 1.0, 0.0, 0.0, 0.0, 0.0, 0.0, 1.0 ], [ 0.0, 1.0, 0.0, 0.0, 0.0, 0.0, 1.0, 0.0, 1.0, 0.0, 0.0, 0.0, 0.0, 0.0, 0.0, 1.0 ], [ 0.809017, 0.309017, 0.5, 0.0, 0.309017, 0.5, -0.809017, 0.0, -0.5, 0.809017, 0.309017, 0.0, 0.0, 0.0, 0.0, 1.0 ], [ -0.5, 0.809017, 0.309017, 0.0, 0.809017, 0.309017, 0.5, 0.0, 0.309017, 0.5, -0.809017, 0.0, 0.0, 0.0, 0.0, 1.0 ], [ 0.309017, 0.5, -0.809017, 0.0, -0.5, 0.809017, 0.309017, 0.0, 0.809017, 0.309017, 0.5, 0.0, 0.0, 0.0, 0.0, 1.0 ], [ 0.5, 0.809017, 0.309017, 0.0, 0.809017, -0.309017, -0.5, 0.0, -0.309017, 0.5, -0.809017, 0.0, 0.0, 0.0, 0.0, 1.0 ], [ -0.309017, 0.5, -0.809017, 0.0, 0.5, 0.809017, 0.309017, 0.0, 0.809017, -0.309017, -0.5, 0.0, 0.0, 0.0, 0.0, 1.0 ], [ 0.809017, -0.309017, -0.5, 0.0, -0.309017, 0.5, -0.809017, 0.0, 0.5, 0.809017, 0.309017, 0.0, 0.0, 0.0, 0.0, 1.0 ], [ 0.5, 0.809017, -0.309017, 0.0, 0.809017, -0.309017, 0.5, 0.0, 0.309017, -0.5, -0.809017, 0.0, 0.0, 0.0, 0.0, 1.0 ], [ 0.309017, -0.5, -0.809017, 0.0, 0.5, 0.809017, -0.309017, 0.0, 0.809017, -0.309017, 0.5, 0.0, 0.0, 0.0, 0.0, 1.0 ], [ 0.809017, -0.309017, 0.5, 0.0, 0.309017, -0.5, -0.809017, 0.0, 0.5, 0.809017, -0.309017, 0.0, 0.0, 0.0, 0.0, 1.0 ], [ 0.809017, 0.309017, -0.5, 0.0, 0.309017, 0.5, 0.809017, 0.0, 0.5, -0.809017, 0.309017, 0.0, 0.0, 0.0, 0.0, 1.0 ], [ 0.5, -0.809017, 0.309017, 0.0, 0.809017, 0.309017, -0.5, 0.0, 0.309017, 0.5, 0.809017, 0.0, 0.0, 0.0, 0.0, 1.0 ], [ 0.309017, 0.5, 0.809017, 0.0, 0.5, -0.809017, 0.309017, 0.0, 0.809017, 0.309017, -0.5, 0.0, 0.0, 0.0, 0.0, 1.0 ], [ 1.0, 0.0, 0.0, 0.0, 0.0, -1.0, 0.0, 0.0, 0.0, 0.0, -1.0, 0.0, 0.0, 0.0, 0.0, 1.0 ], [ 0.0, 0.0, 1.0, 0.0, -1.0, 0.0, 0.0, 0.0, 0.0, -1.0, 0.0, 0.0, 0.0, 0.0, 0.0, 1.0 ], [ 0.0, 1.0, 0.0, 0.0, 0.0, 0.0, -1.0, 0.0, -1.0, 0.0, 0.0, 0.0, 0.0, 0.0, 0.0, 1.0 ], [ 0.809017, 0.309017, 0.5, 0.0, -0.309017, -0.5, 0.809017, 0.0, 0.5, -0.809017, -0.309017, 0.0, 0.0, 0.0, 0.0, 1.0 ], [ -0.5, 0.809017, 0.309017, 0.0, -0.809017, -0.309017, -0.5, 0.0, -0.309017, -0.5, 0.809017, 0.0, 0.0, 0.0, 0.0, 1.0 ], [ 0.309017, 0.5, -0.809017, 0.0, 0.5, -0.809017, -0.309017, 0.0, -0.809017, -0.309017, -0.5, 0.0, 0.0, 0.0, 0.0, 1.0 ], [ 0.5, 0.809017, 0.309017, 0.0, -0.809017, 0.309017, 0.5, 0.0, 0.309017, -0.5, 0.809017, 0.0, 0.0, 0.0, 0.0, 1.0 ], [ -0.309017, 0.5, -0.809017, 0.0, -0.5, -0.809017, -0.309017, 0.0, -0.809017, 0.309017, 0.5, 0.0, 0.0, 0.0, 0.0, 1.0 ], [ 0.809017, -0.309017, -0.5, 0.0, 0.309017, -0.5, 0.809017, 0.0, -0.5, -0.809017, -0.309017, 0.0, 0.0, 0.0, 0.0, 1.0 ], [ 0.5, 0.809017, -0.309017, 0.0, -0.809017, 0.309017, -0.5, 0.0, -0.309017, 0.5, 0.809017, 0.0, 0.0, 0.0, 0.0, 1.0 ], [ 0.309017, -0.5, -0.809017, 0.0, -0.5, -0.809017, 0.309017, 0.0, -0.809017, 0.309017, -0.5, 0.0, 0.0, 0.0, 0.0, 1.0 ], [ 0.809017, -0.309017, 0.5, 0.0, -0.309017, 0.5, 0.809017, 0.0, -0.5, -0.809017, 0.309017, 0.0, 0.0, 0.0, 0.0, 1.0 ], [ 0.809017, 0.309017, -0.5, 0.0, -0.309017, -0.5, -0.809017, 0.0, -0.5, 0.809017, -0.309017, 0.0, 0.0, 0.0, 0.0, 1.0 ], [ 0.5, -0.809017, 0.309017, 0.0, -0.809017, -0.309017, 0.5, 0.0, -0.309017, -0.5, -0.809017, 0.0, 0.0, 0.0, 0.0, 1.0 ], [ 0.309017, 0.5, 0.809017, 0.0, -0.5, 0.809017, -0.309017, 0.0, -0.809017, -0.309017, 0.5, 0.0, 0.0, 0.0, 0.0, 1.0 ], [ -1.0, 0.0, 0.0, 0.0, 0.0, -1.0, 0.0, 0.0, 0.0, 0.0, 1.0, 0.0, 0.0, 0.0, 0.0, 1.0 ], [ 0.0, 0.0, -1.0, 0.0, -1.0, 0.0, 0.0, 0.0, 0.0, 1.0, 0.0, 0.0, 0.0, 0.0, 0.0, 1.0 ], [ 0.0, -1.0, 0.0, 0.0, 0.0, 0.0, -1.0, 0.0, 1.0, 0.0, 0.0, 0.0, 0.0, 0.0, 0.0, 1.0 ], [ -0.809017, -0.309017, -0.5, 0.0, -0.309017, -0.5, 0.809017, 0.0, -0.5, 0.809017, 0.309017, 0.0, 0.0, 0.0, 0.0, 1.0 ], [ 0.5, -0.809017, -0.309017, 0.0, -0.809017, -0.309017, -0.5, 0.0, 0.309017, 0.5, -0.809017, 0.0, 0.0, 0.0, 0.0, 1.0 ], [ -0.309017, -0.5, 0.809017, 0.0, 0.5, -0.809017, -0.309017, 0.0, 0.809017, 0.309017, 0.5, 0.0, 0.0, 0.0, 0.0, 1.0 ], [ -0.5, -0.809017, -0.309017, 0.0, -0.809017, 0.309017, 0.5, 0.0, -0.309017, 0.5, -0.809017, 0.0, 0.0, 0.0, 0.0, 1.0 ], [ 0.309017, -0.5, 0.809017, 0.0, -0.5, -0.809017, -0.309017, 0.0, 0.809017, -0.309017, -0.5, 0.0, 0.0, 0.0, 0.0, 1.0 ], [ -0.809017, 0.309017, 0.5, 0.0, 0.309017, -0.5, 0.809017, 0.0, 0.5, 0.809017, 0.309017, 0.0, 0.0, 0.0, 0.0, 1.0 ], [ -0.5, -0.809017, 0.309017, 0.0, -0.809017, 0.309017, -0.5, 0.0, 0.309017, -0.5, -0.809017, 0.0, 0.0, 0.0, 0.0, 1.0 ], [ -0.309017, 0.5, 0.809017, 0.0, -0.5, -0.809017, 0.309017, 0.0, 0.809017, -0.309017, 0.5, 0.0, 0.0, 0.0, 0.0, 1.0 ], [ -0.809017, 0.309017, -0.5, 0.0, -0.309017, 0.5, 0.809017, 0.0, 0.5, 0.809017, -0.309017, 0.0, 0.0, 0.0, 0.0, 1.0 ], [ -0.809017, -0.309017, 0.5, 0.0, -0.309017, -0.5, -0.809017, 0.0, 0.5, -0.809017, 0.309017, 0.0, 0.0, 0.0, 0.0, 1.0 ], [ -0.5, 0.809017, -0.309017, 0.0, -0.809017, -0.309017, 0.5, 0.0, 0.309017, 0.5, 0.809017, 0.0, 0.0, 0.0, 0.0, 1.0 ], [ -0.309017, -0.5, -0.809017, 0.0, -0.5, 0.809017, -0.309017, 0.0, 0.809017, 0.309017, -0.5, 0.0, 0.0, 0.0, 0.0, 1.0 ], [ -1.0, 0.0, 0.0, 0.0, 0.0, 1.0, 0.0, 0.0, 0.0, 0.0, -1.0, 0.0, 0.0, 0.0, 0.0, 1.0 ], [ 0.0, 0.0, -1.0, 0.0, 1.0, 0.0, 0.0, 0.0, 0.0, -1.0, 0.0, 0.0, 0.0, 0.0, 0.0, 1.0 ], [ 0.0, -1.0, 0.0, 0.0, 0.0, 0.0, 1.0, 0.0, -1.0, 0.0, 0.0, 0.0, 0.0, 0.0, 0.0, 1.0 ], [ -0.809017, -0.309017, -0.5, 0.0, 0.309017, 0.5, -0.809017, 0.0, 0.5, -0.809017, -0.309017, 0.0, 0.0, 0.0, 0.0, 1.0 ], [ 0.5, -0.809017, -0.309017, 0.0, 0.809017, 0.309017, 0.5, 0.0, -0.309017, -0.5, 0.809017, 0.0, 0.0, 0.0, 0.0, 1.0 ], [ -0.309017, -0.5, 0.809017, 0.0, -0.5, 0.809017, 0.309017, 0.0, -0.809017, -0.309017, -0.5, 0.0, 0.0, 0.0, 0.0, 1.0 ], [ -0.5, -0.809017, -0.309017, 0.0, 0.809017, -0.309017, -0.5, 0.0, 0.309017, -0.5, 0.809017, 0.0, 0.0, 0.0, 0.0, 1.0 ], [ 0.309017, -0.5, 0.809017, 0.0, 0.5, 0.809017, 0.309017, 0.0, -0.809017, 0.309017, 0.5, 0.0, 0.0, 0.0, 0.0, 1.0 ], [ -0.809017, 0.309017, 0.5, 0.0, -0.309017, 0.5, -0.809017, 0.0, -0.5, -0.809017, -0.309017, 0.0, 0.0, 0.0, 0.0, 1.0 ], [ -0.5, -0.809017, 0.309017, 0.0, 0.809017, -0.309017, 0.5, 0.0, -0.309017, 0.5, 0.809017, 0.0, 0.0, 0.0, 0.0, 1.0 ], [ -0.309017, 0.5, 0.809017, 0.0, 0.5, 0.809017, -0.309017, 0.0, -0.809017, 0.309017, -0.5, 0.0, 0.0, 0.0, 0.0, 1.0 ], [ -0.809017, 0.309017, -0.5, 0.0, 0.309017, -0.5, -0.809017, 0.0, -0.5, -0.809017, 0.309017, 0.0, 0.0, 0.0, 0.0, 1.0 ], [ -0.809017, -0.309017, 0.5, 0.0, 0.309017, 0.5, 0.809017, 0.0, -0.5, 0.809017, -0.309017, 0.0, 0.0, 0.0, 0.0, 1.0 ], [ -0.5, 0.809017, -0.309017, 0.0, 0.809017, 0.309017, -0.5, 0.0, -0.309017, -0.5, -0.809017, 0.0, 0.0, 0.0, 0.0, 1.0 ], [ -0.309017, -0.5, -0.809017, 0.0, 0.5, -0.809017, 0.309017, 0.0, -0.809017, -0.309017, 0.5, 0.0, 0.0, 0.0, 0.0, 1.0 ] ],
  "lights" : {
    "ambientColor" : "#292929",
    "backgroundColor" : "#D8EBFF",
    "directionalLights" : [ {
      "direction" : {
        "x" : 1.0,
        "y" : -1.0,
        "z" : -1.0
      },
      "color" : "#EBEBE4"
    }, {
      "direction" : {
        "x" : -1.0,
        "y" : 0.0,
        "z" : 0.0
      },
      "color" : "#E4E4EB"
    }, {
      "direction" : {
        "x" : 0.0,
        "y" : 0.0,
        "z" : -1.0
      },
      "color" : "#1E1E1E"
    } ]
  },
  "camera" : {
    "lookDirection" : {
      "x" : 0.0,
      "y" : 0.0,
      "z" : -1.0
    },
    "upDirection" : {
      "x" : 0.0,
      "y" : 1.0,
      "z" : 0.0
    },
    "lookAtPoint" : {
      "x" : 0.0,
      "y" : 0.0,
      "z" : 0.0
    },
    "viewDistance" : 267.43576,
    "nearClipDistance" : 0.66858876,
    "farClipDistance" : 534.8703,
    "fieldOfView" : 0.44262743,
    "perspective" : false,
    "width" : 120.34568,
    "stereo" : false,
    "position" : {
      "x" : 0.0,
      "y" : 0.0,
      "z" : 267.43576
    }
  },
  "embedding" : [ 1.0, 0.0, 0.0, 0.0, 0.0, 1.0, 0.0, 0.0, 0.0, 0.0, 1.0, 0.0, 0.0, 0.0, 0.0, 1.0 ],
  "shapes" : [ {
    "id" : "b8f01318-14a9-4da7-b901-819a758dc1d8",
    "vertices" : [ {
      "x" : 0.9045085,
      "y" : 0.3454915,
      "z" : 0.25
    }, {
      "x" : 25.255669,
      "y" : 15.395336,
      "z" : 0.25
    }, {
      "x" : 25.064686,
      "y" : 15.704353,
      "z" : 0.25
    }, {
      "x" : 0.7135255,
      "y" : 0.6545085,
      "z" : 0.25
    }, {
      "x" : 0.809017,
      "y" : 0.5,
      "z" : -0.309017
    }, {
      "x" : 0.9635255,
      "y" : 0.25,
      "z" : -0.095491506
    }, {
      "x" : 0.309017,
      "y" : 0.19098301,
      "z" : 0.0
    }, {
      "x" : 25.660177,
      "y" : 15.858862,
      "z" : 0.0
    }, {
      "x" : 25.005669,
      "y" : 15.799845,
      "z" : -0.095491506
    }, {
      "x" : 25.160177,
      "y" : 15.549845,
      "z" : -0.309017
    }, {
      "x" : 25.969194,
      "y" : 16.049845,
      "z" : 0.0
    }, {
      "x" : 0.6545085,
      "y" : 0.75,
      "z" : -0.095491506
    }, {
      "x" : 25.314686,
      "y" : 15.299845,
      "z" : -0.095491506
    } ],
    "faces" : [ {
      "vertices" : [ 4, 11, 8 ]
    }, {
      "vertices" : [ 4, 8, 9 ]
    }, {
      "vertices" : [ 0, 1, 2 ]
    }, {
      "vertices" : [ 0, 2, 3 ]
    }, {
      "vertices" : [ 0, 3, 6 ]
    }, {
      "vertices" : [ 1, 7, 2 ]
    }, {
      "vertices" : [ 0, 6, 5 ]
    }, {
      "vertices" : [ 4, 5, 6 ]
    }, {
      "vertices" : [ 2, 7, 8 ]
    }, {
      "vertices" : [ 0, 5, 12 ]
    }, {
      "vertices" : [ 0, 12, 1 ]
    }, {
      "vertices" : [ 1, 12, 7 ]
    }, {
      "vertices" : [ 3, 11, 6 ]
    }, {
      "vertices" : [ 4, 6, 11 ]
    }, {
      "vertices" : [ 7, 9, 8 ]
    }, {
      "vertices" : [ 2, 8, 11 ]
    }, {
      "vertices" : [ 2, 11, 3 ]
    }, {
      "vertices" : [ 7, 12, 9 ]
    }, {
      "vertices" : [ 4, 9, 12 ]
    }, {
      "vertices" : [ 4, 12, 5 ]
    } ]
  }, {
    "id" : "74067b6b-8c5f-4723-a4b1-3db3ea765a32",
    "vertices" : [ {
      "x" : 0.309017,
      "y" : -0.309017,
      "z" : -0.309017
    }, {
      "x" : 0.5,
      "y" : 0.0,
      "z" : -0.19098301
    }, {
      "x" : 0.5,
      "y" : 0.0,
      "z" : 0.19098301
    }, {
      "x" : 0.309017,
      "y" : -0.309017,
      "z" : 0.309017
    }, {
      "x" : 0.19098301,
      "y" : -0.5,
      "z" : 0.0
    }, {
      "x" : 0.0,
      "y" : 0.19098301,
      "z" : 0.5
    }, {
      "x" : 0.0,
      "y" : -0.19098301,
      "z" : 0.5
    }, {
      "x" : 0.309017,
      "y" : 0.309017,
      "z" : 0.309017
    }, {
      "x" : -0.309017,
      "y" : -0.309017,
      "z" : 0.309017
    }, {
      "x" : -0.309017,
      "y" : 0.309017,
      "z" : 0.309017
    }, {
      "x" : -0.5,
      "y" : 0.0,
      "z" : 0.19098301
    }, {
      "x" : 0.0,
      "y" : -0.19098301,
      "z" : -0.5
    }, {
      "x" : 0.0,
      "y" : 0.19098301,
      "z" : -0.5
    }, {
      "x" : 0.309017,
      "y" : 0.309017,
      "z" : -0.309017
    }, {
      "x" : -0.309017,
      "y" : -0.309017,
      "z" : -0.309017
    }, {
      "x" : -0.19098301,
      "y" : -0.5,
      "z" : 0.0
    }, {
      "x" : -0.5,
      "y" : 0.0,
      "z" : -0.19098301
    }, {
      "x" : 0.19098301,
      "y" : 0.5,
      "z" : 0.0
    }, {
      "x" : -0.309017,
      "y" : 0.309017,
      "z" : -0.309017
    }, {
      "x" : 0.0,
      "y" : 0.0,
      "z" : 0.0
    }, {
      "x" : -0.19098301,
      "y" : 0.5,
      "z" : 0.0
    } ],
    "faces" : [ {
      "vertices" : [ 12, 18, 20 ]
    }, {
      "vertices" : [ 12, 20, 17 ]
    }, {
      "vertices" : [ 12, 17, 13 ]
    }, {
      "vertices" : [ 3, 6, 8 ]
    }, {
      "vertices" : [ 3, 8, 15 ]
    }, {
      "vertices" : [ 3, 15, 4 ]
    }, {
      "vertices" : [ 0, 11, 12 ]
    }, {
      "vertices" : [ 0, 12, 13 ]
    }, {
      "vertices" : [ 0, 13, 1 ]
    }, {
      "vertices" : [ 5, 9, 10 ]
    }, {
      "vertices" : [ 5, 10, 8 ]
    }, {
      "vertices" : [ 5, 8, 6 ]
    }, {
      "vertices" : [ 2, 7, 5 ]
    }, {
      "vertices" : [ 2, 5, 6 ]
    }, {
      "vertices" : [ 2, 6, 3 ]
    }, {
      "vertices" : [ 11, 14, 16 ]
    }, {
      "vertices" : [ 11, 16, 18 ]
    }, {
      "vertices" : [ 11, 18, 12 ]
    }, {
      "vertices" : [ 1, 13, 17 ]
    }, {
      "vertices" : [ 1, 17, 7 ]
    }, {
      "vertices" : [ 1, 7, 2 ]
    }, {
      "vertices" : [ 9, 20, 18 ]
    }, {
      "vertices" : [ 9, 18, 16 ]
    }, {
      "vertices" : [ 9, 16, 10 ]
    }, {
      "vertices" : [ 0, 1, 2 ]
    }, {
      "vertices" : [ 0, 2, 3 ]
    }, {
      "vertices" : [ 0, 3, 4 ]
    }, {
      "vertices" : [ 5, 7, 17 ]
    }, {
      "vertices" : [ 5, 17, 20 ]
    }, {
      "vertices" : [ 5, 20, 9 ]
    }, {
      "vertices" : [ 0, 4, 15 ]
    }, {
      "vertices" : [ 0, 15, 14 ]
    }, {
      "vertices" : [ 0, 14, 11 ]
    }, {
      "vertices" : [ 8, 10, 16 ]
    }, {
      "vertices" : [ 8, 16, 14 ]
    }, {
      "vertices" : [ 8, 14, 15 ]
    } ]
  }, {
    "id" : "6a708f5c-3a5f-42c5-8de5-6d9c7aa4f1a6",
    "vertices" : [ {
      "x" : 28.725426,
      "y" : 10.972136,
      "z" : -4.190983
    }, {
      "x" : 28.343458,
      "y" : 10.5172205,
      "z" : -4.0
    }, {
      "x" : 28.18034,
      "y" : 10.781153,
      "z" : -4.427051
    }, {
      "x" : 28.107391,
      "y" : 11.045085,
      "z" : -4.236068
    }, {
      "x" : 0.85410196,
      "y" : 0.309017,
      "z" : 0.19098301
    }, {
      "x" : 0.690983,
      "y" : 0.572949,
      "z" : -0.23606798
    }, {
      "x" : 0.309017,
      "y" : 0.11803399,
      "z" : -0.045084972
    }, {
      "x" : 0.76393205,
      "y" : 0.309017,
      "z" : -0.42705098
    }, {
      "x" : 0.927051,
      "y" : 0.045084972,
      "z" : 0.0
    }, {
      "x" : 28.27051,
      "y" : 10.781153,
      "z" : -3.809017
    }, {
      "x" : 29.034441,
      "y" : 11.09017,
      "z" : -4.236068
    } ],
    "faces" : [ {
      "vertices" : [ 2, 7, 5 ]
    }, {
      "vertices" : [ 2, 5, 3 ]
    }, {
      "vertices" : [ 1, 8, 7 ]
    }, {
      "vertices" : [ 1, 7, 2 ]
    }, {
      "vertices" : [ 4, 6, 8 ]
    }, {
      "vertices" : [ 5, 7, 6 ]
    }, {
      "vertices" : [ 0, 1, 2 ]
    }, {
      "vertices" : [ 0, 2, 3 ]
    }, {
      "vertices" : [ 6, 7, 8 ]
    }, {
      "vertices" : [ 3, 5, 4 ]
    }, {
      "vertices" : [ 3, 4, 9 ]
    }, {
      "vertices" : [ 1, 9, 4 ]
    }, {
      "vertices" : [ 1, 4, 8 ]
    }, {
      "vertices" : [ 0, 9, 1 ]
    }, {
      "vertices" : [ 0, 3, 9 ]
    }, {
      "vertices" : [ 4, 5, 6 ]
    } ]
  }, {
    "id" : "437840f2-8c98-47d9-9df1-de93566eea13",
    "vertices" : [ {
      "x" : 31.747967,
      "y" : 5.3905764,
      "z" : -8.413119
    }, {
      "x" : 32.116,
      "y" : 5.486068,
      "z" : -8.876644
    }, {
      "x" : 1.0954915,
      "y" : 0.1545085,
      "z" : 0.059016995
    }, {
      "x" : 31.556984,
      "y" : 5.6995935,
      "z" : -8.913119
    }, {
      "x" : 0.9045085,
      "y" : 0.4635255,
      "z" : -0.440983
    }, {
      "x" : 31.556984,
      "y" : 5.0815597,
      "z" : -8.531153
    }, {
      "x" : 0.9045085,
      "y" : -0.1545085,
      "z" : -0.059016995
    }, {
      "x" : 31.366001,
      "y" : 5.3905764,
      "z" : -9.031153
    }, {
      "x" : 32.461494,
      "y" : 5.545085,
      "z" : -8.972136
    }, {
      "x" : 0.3454915,
      "y" : 0.059016995,
      "z" : -0.095491506
    }, {
      "x" : 0.7135255,
      "y" : 0.1545085,
      "z" : -0.559017
    } ],
    "faces" : [ {
      "vertices" : [ 2, 9, 6 ]
    }, {
      "vertices" : [ 0, 1, 3 ]
    }, {
      "vertices" : [ 0, 5, 1 ]
    }, {
      "vertices" : [ 4, 10, 9 ]
    }, {
      "vertices" : [ 3, 7, 10 ]
    }, {
      "vertices" : [ 3, 10, 4 ]
    }, {
      "vertices" : [ 0, 3, 4 ]
    }, {
      "vertices" : [ 0, 4, 2 ]
    }, {
      "vertices" : [ 6, 9, 10 ]
    }, {
      "vertices" : [ 1, 7, 3 ]
    }, {
      "vertices" : [ 5, 6, 10 ]
    }, {
      "vertices" : [ 5, 10, 7 ]
    }, {
      "vertices" : [ 0, 2, 6 ]
    }, {
      "vertices" : [ 0, 6, 5 ]
    }, {
      "vertices" : [ 1, 5, 7 ]
    }, {
      "vertices" : [ 2, 4, 9 ]
    } ]
  }, {
    "id" : "ee39b6eb-5710-409c-8335-f3768b5d0dba",
    "vertices" : [ {
      "x" : 1.0,
      "y" : 0.309017,
      "z" : 0.19098301
    }, {
      "x" : 1.0,
      "y" : -0.309017,
      "z" : 0.19098301
    }, {
      "x" : 34.888542,
      "y" : -0.309017,
      "z" : 0.19098301
    }, {
      "x" : 34.888542,
      "y" : 0.309017,
      "z" : 0.19098301
    }, {
      "x" : 34.888542,
      "y" : -0.309017,
      "z" : -0.19098301
    }, {
      "x" : 34.888542,
      "y" : 0.309017,
      "z" : -0.19098301
    }, {
      "x" : 35.506577,
      "y" : 0.0,
      "z" : 0.0
    }, {
      "x" : 0.38196602,
      "y" : 0.0,
      "z" : 0.0
    }, {
      "x" : 1.0,
      "y" : 0.309017,
      "z" : -0.19098301
    }, {
      "x" : 1.0,
      "y" : -0.309017,
      "z" : -0.19098301
    }, {
      "x" : 35.888542,
      "y" : 0.0,
      "z" : 0.0
    } ],
    "faces" : [ {
      "vertices" : [ 1, 9, 4 ]
    }, {
      "vertices" : [ 1, 4, 2 ]
    }, {
      "vertices" : [ 0, 3, 5 ]
    }, {
      "vertices" : [ 0, 5, 8 ]
    }, {
      "vertices" : [ 1, 7, 9 ]
    }, {
      "vertices" : [ 0, 1, 2 ]
    }, {
      "vertices" : [ 0, 2, 3 ]
    }, {
      "vertices" : [ 7, 8, 9 ]
    }, {
      "vertices" : [ 0, 7, 1 ]
    }, {
      "vertices" : [ 4, 9, 8 ]
    }, {
      "vertices" : [ 4, 8, 5 ]
    }, {
      "vertices" : [ 2, 6, 3 ]
    }, {
      "vertices" : [ 2, 4, 6 ]
    }, {
      "vertices" : [ 3, 6, 5 ]
    }, {
      "vertices" : [ 4, 5, 6 ]
    }, {
      "vertices" : [ 0, 8, 7 ]
    } ]
  }, {
    "id" : "ec7a8d24-a85e-40a7-95e4-2776207295f9",
    "vertices" : [ {
      "x" : 1.0,
      "y" : 0.309017,
      "z" : 0.19098301
    }, {
      "x" : 1.0,
      "y" : -0.309017,
      "z" : 0.19098301
    }, {
      "x" : 21.18034,
      "y" : -0.309017,
      "z" : 0.19098301
    }, {
      "x" : 21.18034,
      "y" : 0.309017,
      "z" : 0.19098301
    }, {
      "x" : 21.18034,
      "y" : -0.309017,
      "z" : -0.19098301
    }, {
      "x" : 21.18034,
      "y" : 0.309017,
      "z" : -0.19098301
    }, {
      "x" : 21.798374,
      "y" : 0.0,
      "z" : 0.0
    }, {
      "x" : 0.38196602,
      "y" : 0.0,
      "z" : 0.0
    }, {
      "x" : 1.0,
      "y" : 0.309017,
      "z" : -0.19098301
    }, {
      "x" : 1.0,
      "y" : -0.309017,
      "z" : -0.19098301
    }, {
      "x" : 22.18034,
      "y" : 0.0,
      "z" : 0.0
    } ],
    "faces" : [ {
      "vertices" : [ 1, 9, 4 ]
    }, {
      "vertices" : [ 1, 4, 2 ]
    }, {
      "vertices" : [ 0, 3, 5 ]
    }, {
      "vertices" : [ 0, 5, 8 ]
    }, {
      "vertices" : [ 1, 7, 9 ]
    }, {
      "vertices" : [ 0, 1, 2 ]
    }, {
      "vertices" : [ 0, 2, 3 ]
    }, {
      "vertices" : [ 7, 8, 9 ]
    }, {
      "vertices" : [ 0, 7, 1 ]
    }, {
      "vertices" : [ 4, 9, 8 ]
    }, {
      "vertices" : [ 4, 8, 5 ]
    }, {
      "vertices" : [ 2, 6, 3 ]
    }, {
      "vertices" : [ 2, 4, 6 ]
    }, {
      "vertices" : [ 3, 6, 5 ]
    }, {
      "vertices" : [ 4, 5, 6 ]
    }, {
      "vertices" : [ 0, 8, 7 ]
    } ]
  }, {
    "id" : "7023b76b-1a2b-4595-9bac-f5a8b70057fc",
    "vertices" : [ {
      "x" : 0.809017,
      "y" : 0.618034,
      "z" : -0.19098301
    }, {
      "x" : 0.809017,
      "y" : 0.0,
      "z" : -0.19098301
    }, {
      "x" : 0.309017,
      "y" : 0.11803399,
      "z" : 0.0
    }, {
      "x" : 28.225426,
      "y" : 11.09017,
      "z" : 0.19098301
    }, {
      "x" : 0.809017,
      "y" : 0.618034,
      "z" : 0.19098301
    }, {
      "x" : 0.809017,
      "y" : 0.0,
      "z" : 0.19098301
    }, {
      "x" : 28.225426,
      "y" : 10.472136,
      "z" : 0.19098301
    }, {
      "x" : 28.725426,
      "y" : 10.972136,
      "z" : 0.0
    }, {
      "x" : 28.225426,
      "y" : 11.09017,
      "z" : -0.19098301
    }, {
      "x" : 29.034441,
      "y" : 11.09017,
      "z" : 0.0
    }, {
      "x" : 28.225426,
      "y" : 10.472136,
      "z" : -0.19098301
    } ],
    "faces" : [ {
      "vertices" : [ 3, 6, 7 ]
    }, {
      "vertices" : [ 3, 4, 5 ]
    }, {
      "vertices" : [ 3, 5, 6 ]
    }, {
      "vertices" : [ 3, 7, 8 ]
    }, {
      "vertices" : [ 0, 1, 2 ]
    }, {
      "vertices" : [ 0, 8, 10 ]
    }, {
      "vertices" : [ 0, 10, 1 ]
    }, {
      "vertices" : [ 1, 10, 6 ]
    }, {
      "vertices" : [ 1, 6, 5 ]
    }, {
      "vertices" : [ 0, 2, 4 ]
    }, {
      "vertices" : [ 6, 10, 7 ]
    }, {
      "vertices" : [ 1, 5, 2 ]
    }, {
      "vertices" : [ 7, 10, 8 ]
    }, {
      "vertices" : [ 2, 5, 4 ]
    }, {
      "vertices" : [ 0, 4, 3 ]
    }, {
      "vertices" : [ 0, 3, 8 ]
    } ]
  }, {
    "id" : "57fc25d0-a323-4c77-a0f1-bdc647e74413",
    "vertices" : [ {
      "x" : 25.969194,
      "y" : 0.0,
      "z" : -9.91935
    }, {
      "x" : 25.660177,
      "y" : 0.0,
      "z" : -9.801315
    }, {
      "x" : 25.255669,
      "y" : -0.1545085,
      "z" : -9.3603325
    }, {
      "x" : 25.064686,
      "y" : -0.1545085,
      "z" : -9.8603325
    }, {
      "x" : 0.9045085,
      "y" : -0.1545085,
      "z" : -0.059016995
    }, {
      "x" : 0.809017,
      "y" : 0.309017,
      "z" : -0.309017
    }, {
      "x" : 0.309017,
      "y" : 0.0,
      "z" : -0.11803399
    }, {
      "x" : 25.160177,
      "y" : 0.309017,
      "z" : -9.6103325
    }, {
      "x" : 0.7135255,
      "y" : -0.1545085,
      "z" : -0.559017
    } ],
    "faces" : [ {
      "vertices" : [ 2, 4, 8 ]
    }, {
      "vertices" : [ 2, 8, 3 ]
    }, {
      "vertices" : [ 2, 7, 5 ]
    }, {
      "vertices" : [ 2, 5, 4 ]
    }, {
      "vertices" : [ 4, 6, 8 ]
    }, {
      "vertices" : [ 5, 8, 6 ]
    }, {
      "vertices" : [ 1, 2, 3 ]
    }, {
      "vertices" : [ 3, 8, 5 ]
    }, {
      "vertices" : [ 3, 5, 7 ]
    }, {
      "vertices" : [ 1, 7, 2 ]
    }, {
      "vertices" : [ 1, 3, 7 ]
    }, {
      "vertices" : [ 4, 5, 6 ]
    } ]
  } ],
  "instances" : [ {
    "shape" : "b8f01318-14a9-4da7-b901-819a758dc1d8",
    "color" : "#AF0000",
    "position" : {
      "x" : 4.959675,
      "y" : -21.00952,
      "z" : 21.00952
    },
    "orientation" : 17
  }, {
    "shape" : "74067b6b-8c5f-4723-a4b1-3db3ea765a32",
    "color" : "#FFFFFF",
    "position" : {
      "x" : -4.959675,
      "y" : 21.00952,
      "z" : 21.00952
    }
  }, {
    "shape" : "b8f01318-14a9-4da7-b901-819a758dc1d8",
    "color" : "#AF0000",
    "position" : {
      "x" : 25.969194,
      "y" : -12.984597,
      "z" : 8.024922
    },
    "orientation" : 46
  }, {
    "shape" : "6a708f5c-3a5f-42c5-8de5-6d9c7aa4f1a6",
    "color" : "#008D36",
    "position" : {
      "x" : -11.09017,
      "y" : -11.09017,
      "z" : 24.798374
    },
    "orientation" : 56
  }, {
    "shape" : "437840f2-8c98-47d9-9df1-de93566eea13",
    "color" : "#DC4C00",
    "position" : {
      "x" : -23.489357,
      "y" : -8.972136,
      "z" : 14.5172205
    },
    "orientation" : 24
  }, {
    "shape" : "74067b6b-8c5f-4723-a4b1-3db3ea765a32",
    "color" : "#FFFFFF",
    "position" : {
      "x" : -23.489357,
      "y" : 20.062305,
      "z" : 3.427051
    }
  }, {
    "shape" : "b8f01318-14a9-4da7-b901-819a758dc1d8",
    "color" : "#AF0000",
    "position" : {
      "x" : -25.969194,
      "y" : 12.984597,
      "z" : 8.024922
    },
    "orientation" : 16
  }, {
    "shape" : "74067b6b-8c5f-4723-a4b1-3db3ea765a32",
    "color" : "#FFFFFF",
    "position" : {
      "x" : -21.00952,
      "y" : 4.959675,
      "z" : 21.00952
    }
  }, {
    "shape" : "74067b6b-8c5f-4723-a4b1-3db3ea765a32",
    "color" : "#FFFFFF",
    "position" : {
      "x" : 0.0,
      "y" : 0.0,
      "z" : 29.034441
    }
  }, {
    "shape" : "74067b6b-8c5f-4723-a4b1-3db3ea765a32",
    "color" : "#FFFFFF",
    "position" : {
      "x" : 6.854102,
      "y" : 17.944271,
      "z" : -22.18034
    }
  }, {
    "shape" : "ee39b6eb-5710-409c-8335-f3768b5d0dba",
    "color" : "#007695",
    "position" : {
      "x" : 29.034441,
      "y" : 17.944271,
      "z" : 0.0
    },
    "orientation" : 16
  }, {
    "shape" : "ec7a8d24-a85e-40a7-95e4-2776207295f9",
    "color" : "#007695",
    "position" : {
      "x" : 17.944271,
      "y" : -17.944271,
      "z" : -17.944271
    },
    "orientation" : 40
  }, {
    "shape" : "74067b6b-8c5f-4723-a4b1-3db3ea765a32",
    "color" : "#FFFFFF",
    "position" : {
      "x" : -14.5172205,
      "y" : 23.489357,
      "z" : 8.972136
    }
  }, {
    "shape" : "6a708f5c-3a5f-42c5-8de5-6d9c7aa4f1a6",
    "color" : "#008D36",
    "position" : {
      "x" : 11.09017,
      "y" : -24.798374,
      "z" : -11.09017
    },
    "orientation" : 55
  }, {
    "shape" : "b8f01318-14a9-4da7-b901-819a758dc1d8",
    "color" : "#AF0000",
    "position" : {
      "x" : 0.0,
      "y" : -29.034441,
      "z" : -8.024922
    },
    "orientation" : 0
  }, {
    "shape" : "74067b6b-8c5f-4723-a4b1-3db3ea765a32",
    "color" : "#FFFFFF",
    "position" : {
      "x" : 24.798374,
      "y" : 11.09017,
      "z" : -11.09017
    }
  }, {
    "shape" : "437840f2-8c98-47d9-9df1-de93566eea13",
    "color" : "#DC4C00",
    "position" : {
      "x" : -14.5172205,
      "y" : -23.489357,
      "z" : 8.972136
    },
    "orientation" : 10
  }, {
    "shape" : "74067b6b-8c5f-4723-a4b1-3db3ea765a32",
    "color" : "#FFFFFF",
    "position" : {
      "x" : -23.489357,
      "y" : 20.062305,
      "z" : -3.427051
    }
  }, {
    "shape" : "74067b6b-8c5f-4723-a4b1-3db3ea765a32",
    "color" : "#FFFFFF",
    "position" : {
      "x" : 4.959675,
      "y" : -21.00952,
      "z" : -21.00952
    }
  }, {
    "shape" : "7023b76b-1a2b-4595-9bac-f5a8b70057fc",
    "color" : "#6C00C6",
    "position" : {
      "x" : -20.062305,
      "y" : 3.427051,
      "z" : 23.489357
    },
    "orientation" : 6
  }, {
    "shape" : "b8f01318-14a9-4da7-b901-819a758dc1d8",
    "color" : "#AF0000",
    "position" : {
      "x" : -21.00952,
      "y" : -21.00952,
      "z" : -4.959675
    },
    "orientation" : 46
  }, {
    "shape" : "74067b6b-8c5f-4723-a4b1-3db3ea765a32",
    "color" : "#FFFFFF",
    "position" : {
      "x" : -26.916409,
      "y" : 14.5172205,
      "z" : -5.545085
    }
  }, {
    "shape" : "437840f2-8c98-47d9-9df1-de93566eea13",
    "color" : "#DC4C00",
    "position" : {
      "x" : -23.489357,
      "y" : 8.972136,
      "z" : -14.5172205
    },
    "orientation" : 9
  }, {
    "shape" : "b8f01318-14a9-4da7-b901-819a758dc1d8",
    "color" : "#AF0000",
    "position" : {
      "x" : -21.00952,
      "y" : -4.959675,
      "z" : -21.00952
    },
    "orientation" : 15
  }, {
    "shape" : "7023b76b-1a2b-4595-9bac-f5a8b70057fc",
    "color" : "#6C00C6",
    "position" : {
      "x" : -23.489357,
      "y" : 20.062305,
      "z" : 3.427051
    },
    "orientation" : 37
  }, {
    "shape" : "74067b6b-8c5f-4723-a4b1-3db3ea765a32",
    "color" : "#FFFFFF",
    "position" : {
      "x" : 4.236068,
      "y" : 0.0,
      "z" : 29.034441
    }
  }, {
    "shape" : "74067b6b-8c5f-4723-a4b1-3db3ea765a32",
    "color" : "#FFFFFF",
    "position" : {
      "x" : -29.034441,
      "y" : 4.236068,
      "z" : 0.0
    }
  }, {
    "shape" : "437840f2-8c98-47d9-9df1-de93566eea13",
    "color" : "#DC4C00",
    "position" : {
      "x" : -8.972136,
      "y" : 14.5172205,
      "z" : -23.489357
    },
    "orientation" : 41
  }, {
    "shape" : "74067b6b-8c5f-4723-a4b1-3db3ea765a32",
    "color" : "#FFFFFF",
    "position" : {
      "x" : -12.984597,
      "y" : 25.969194,
      "z" : -4.959675
    }
  }, {
    "shape" : "74067b6b-8c5f-4723-a4b1-3db3ea765a32",
    "color" : "#FFFFFF",
    "position" : {
      "x" : 4.959675,
      "y" : -12.984597,
      "z" : 25.969194
    }
  }, {
    "shape" : "74067b6b-8c5f-4723-a4b1-3db3ea765a32",
    "color" : "#FFFFFF",
    "position" : {
      "x" : -14.5172205,
      "y" : 5.545085,
      "z" : 26.916409
    }
  }, {
    "shape" : "74067b6b-8c5f-4723-a4b1-3db3ea765a32",
    "color" : "#FFFFFF",
    "position" : {
      "x" : -5.545085,
      "y" : -5.545085,
      "z" : -23.489357
    }
  }, {
    "shape" : "7023b76b-1a2b-4595-9bac-f5a8b70057fc",
    "color" : "#6C00C6",
    "position" : {
      "x" : 3.427051,
      "y" : 23.489357,
      "z" : -20.062305
    },
    "orientation" : 8
  }, {
    "shape" : "74067b6b-8c5f-4723-a4b1-3db3ea765a32",
    "color" : "#FFFFFF",
    "position" : {
      "x" : 21.00952,
      "y" : -12.984597,
      "z" : -16.049845
    }
  }, {
    "shape" : "74067b6b-8c5f-4723-a4b1-3db3ea765a32",
    "color" : "#FFFFFF",
    "position" : {
      "x" : -8.024922,
      "y" : 25.969194,
      "z" : 12.984597
    }
  }, {
    "shape" : "74067b6b-8c5f-4723-a4b1-3db3ea765a32",
    "color" : "#FFFFFF",
    "position" : {
      "x" : -14.5172205,
      "y" : 5.545085,
      "z" : -26.916409
    }
  }, {
    "shape" : "b8f01318-14a9-4da7-b901-819a758dc1d8",
    "color" : "#AF0000",
    "position" : {
      "x" : 21.00952,
      "y" : -4.959675,
      "z" : -21.00952
    },
    "orientation" : 1
  }, {
    "shape" : "ee39b6eb-5710-409c-8335-f3768b5d0dba",
    "color" : "#007695",
    "position" : {
      "x" : -17.944271,
      "y" : 0.0,
      "z" : -29.034441
    },
    "orientation" : 40
  }, {
    "shape" : "57fc25d0-a323-4c77-a0f1-bdc647e74413",
    "color" : "#F0A000",
    "position" : {
      "x" : 16.049845,
      "y" : 21.00952,
      "z" : 12.984597
    },
    "orientation" : 39
  }, {
    "shape" : "74067b6b-8c5f-4723-a4b1-3db3ea765a32",
    "color" : "#FFFFFF",
    "position" : {
      "x" : -29.034441,
      "y" : -17.944271,
      "z" : 0.0
    }
  }, {
    "shape" : "74067b6b-8c5f-4723-a4b1-3db3ea765a32",
    "color" : "#FFFFFF",
    "position" : {
      "x" : -21.00952,
      "y" : 12.984597,
      "z" : -16.049845
    }
  }, {
    "shape" : "7023b76b-1a2b-4595-9bac-f5a8b70057fc",
    "color" : "#6C00C6",
    "position" : {
      "x" : -11.09017,
      "y" : 0.0,
      "z" : -29.034441
    },
    "orientation" : 13
  }, {
    "shape" : "7023b76b-1a2b-4595-9bac-f5a8b70057fc",
    "color" : "#6C00C6",
    "position" : {
      "x" : -26.916409,
      "y" : -14.5172205,
      "z" : 5.545085
    },
    "orientation" : 18
  }, {
    "shape" : "7023b76b-1a2b-4595-9bac-f5a8b70057fc",
    "color" : "#6C00C6",
    "position" : {
      "x" : 0.0,
      "y" : 29.034441,
      "z" : 11.09017
    },
    "orientation" : 27
  }, {
    "shape" : "7023b76b-1a2b-4595-9bac-f5a8b70057fc",
    "color" : "#6C00C6",
    "position" : {
      "x" : -3.427051,
      "y" : -23.489357,
      "z" : -20.062305
    },
    "orientation" : 38
  }, {
    "shape" : "74067b6b-8c5f-4723-a4b1-3db3ea765a32",
    "color" : "#FFFFFF",
    "position" : {
      "x" : -21.00952,
      "y" : 4.959675,
      "z" : -21.00952
    }
  }, {
    "shape" : "ee39b6eb-5710-409c-8335-f3768b5d0dba",
    "color" : "#007695",
    "position" : {
      "x" : 29.034441,
      "y" : -17.944271,
      "z" : 0.0
    },
    "orientation" : 53
  }, {
    "shape" : "74067b6b-8c5f-4723-a4b1-3db3ea765a32",
    "color" : "#FFFFFF",
    "position" : {
      "x" : 12.984597,
      "y" : 16.049845,
      "z" : 21.00952
    }
  }, {
    "shape" : "74067b6b-8c5f-4723-a4b1-3db3ea765a32",
    "color" : "#FFFFFF",
    "position" : {
      "x" : -14.5172205,
      "y" : 23.489357,
      "z" : -8.972136
    }
  }, {
    "shape" : "74067b6b-8c5f-4723-a4b1-3db3ea765a32",
    "color" : "#FFFFFF",
    "position" : {
      "x" : -4.959675,
      "y" : -21.00952,
      "z" : -21.00952
    }
  }, {
    "shape" : "74067b6b-8c5f-4723-a4b1-3db3ea765a32",
    "color" : "#FFFFFF",
    "position" : {
      "x" : -11.09017,
      "y" : 11.09017,
      "z" : 24.798374
    }
  }, {
    "shape" : "74067b6b-8c5f-4723-a4b1-3db3ea765a32",
    "color" : "#FFFFFF",
    "position" : {
      "x" : 17.944271,
      "y" : 22.18034,
      "z" : -6.854102
    }
  }, {
    "shape" : "57fc25d0-a323-4c77-a0f1-bdc647e74413",
    "color" : "#F0A000",
    "position" : {
      "x" : -12.984597,
      "y" : -16.049845,
      "z" : 21.00952
    },
    "orientation" : 54
  }, {
    "shape" : "74067b6b-8c5f-4723-a4b1-3db3ea765a32",
    "color" : "#FFFFFF",
    "position" : {
      "x" : 3.427051,
      "y" : -23.489357,
      "z" : -20.062305
    }
  }, {
    "shape" : "74067b6b-8c5f-4723-a4b1-3db3ea765a32",
    "color" : "#FFFFFF",
    "position" : {
      "x" : 4.959675,
      "y" : 12.984597,
      "z" : 25.969194
    }
  }, {
    "shape" : "74067b6b-8c5f-4723-a4b1-3db3ea765a32",
    "color" : "#FFFFFF",
    "position" : {
      "x" : -12.984597,
      "y" : -16.049845,
      "z" : 21.00952
    }
  }, {
    "shape" : "74067b6b-8c5f-4723-a4b1-3db3ea765a32",
    "color" : "#FFFFFF",
    "position" : {
      "x" : 6.854102,
      "y" : -17.944271,
      "z" : 22.18034
    }
  }, {
    "shape" : "74067b6b-8c5f-4723-a4b1-3db3ea765a32",
    "color" : "#FFFFFF",
    "position" : {
      "x" : 11.09017,
      "y" : 29.034441,
      "z" : 0.0
    }
  }, {
    "shape" : "74067b6b-8c5f-4723-a4b1-3db3ea765a32",
    "color" : "#FFFFFF",
    "position" : {
      "x" : 0.0,
      "y" : 29.034441,
      "z" : 0.0
    }
  }, {
    "shape" : "74067b6b-8c5f-4723-a4b1-3db3ea765a32",
    "color" : "#FFFFFF",
    "position" : {
      "x" : -4.959675,
      "y" : 21.00952,
      "z" : -21.00952
    }
  }, {
    "shape" : "74067b6b-8c5f-4723-a4b1-3db3ea765a32",
    "color" : "#FFFFFF",
    "position" : {
      "x" : 0.0,
      "y" : -29.034441,
      "z" : -17.944271
    }
  }, {
    "shape" : "74067b6b-8c5f-4723-a4b1-3db3ea765a32",
    "color" : "#FFFFFF",
    "position" : {
      "x" : 17.944271,
      "y" : 17.944271,
      "z" : 17.944271
    }
  }, {
    "shape" : "7023b76b-1a2b-4595-9bac-f5a8b70057fc",
    "color" : "#6C00C6",
    "position" : {
      "x" : 5.545085,
      "y" : -26.916409,
      "z" : -14.5172205
    },
    "orientation" : 49
  }, {
    "shape" : "437840f2-8c98-47d9-9df1-de93566eea13",
    "color" : "#DC4C00",
    "position" : {
      "x" : -8.972136,
      "y" : -14.5172205,
      "z" : -23.489357
    },
    "orientation" : 44
  }, {
    "shape" : "74067b6b-8c5f-4723-a4b1-3db3ea765a32",
    "color" : "#FFFFFF",
    "position" : {
      "x" : 23.489357,
      "y" : 8.972136,
      "z" : 14.5172205
    }
  }, {
    "shape" : "74067b6b-8c5f-4723-a4b1-3db3ea765a32",
    "color" : "#FFFFFF",
    "position" : {
      "x" : 8.024922,
      "y" : 0.0,
      "z" : -29.034441
    }
  }, {
    "shape" : "74067b6b-8c5f-4723-a4b1-3db3ea765a32",
    "color" : "#FFFFFF",
    "position" : {
      "x" : -17.944271,
      "y" : -17.944271,
      "z" : 17.944271
    }
  }, {
    "shape" : "74067b6b-8c5f-4723-a4b1-3db3ea765a32",
    "color" : "#FFFFFF",
    "position" : {
      "x" : -11.09017,
      "y" : 29.034441,
      "z" : 0.0
    }
  }, {
    "shape" : "6a708f5c-3a5f-42c5-8de5-6d9c7aa4f1a6",
    "color" : "#008D36",
    "position" : {
      "x" : 22.18034,
      "y" : 6.854102,
      "z" : -17.944271
    },
    "orientation" : 57
  }, {
    "shape" : "74067b6b-8c5f-4723-a4b1-3db3ea765a32",
    "color" : "#FFFFFF",
    "position" : {
      "x" : -12.984597,
      "y" : -8.024922,
      "z" : 25.969194
    }
  }, {
    "shape" : "74067b6b-8c5f-4723-a4b1-3db3ea765a32",
    "color" : "#FFFFFF",
    "position" : {
      "x" : -21.00952,
      "y" : -12.984597,
      "z" : -16.049845
    }
  }, {
    "shape" : "57fc25d0-a323-4c77-a0f1-bdc647e74413",
    "color" : "#F0A000",
    "position" : {
      "x" : 21.00952,
      "y" : 12.984597,
      "z" : -16.049845
    },
    "orientation" : 30
  }, {
    "shape" : "74067b6b-8c5f-4723-a4b1-3db3ea765a32",
    "color" : "#FFFFFF",
    "position" : {
      "x" : -3.427051,
      "y" : 23.489357,
      "z" : -20.062305
    }
  }, {
    "shape" : "74067b6b-8c5f-4723-a4b1-3db3ea765a32",
    "color" : "#FFFFFF",
    "position" : {
      "x" : -29.034441,
      "y" : 0.0,
      "z" : -11.09017
    }
  }, {
    "shape" : "74067b6b-8c5f-4723-a4b1-3db3ea765a32",
    "color" : "#FFFFFF",
    "position" : {
      "x" : -26.916409,
      "y" : 14.5172205,
      "z" : 5.545085
    }
  }, {
    "shape" : "74067b6b-8c5f-4723-a4b1-3db3ea765a32",
    "color" : "#FFFFFF",
    "position" : {
      "x" : 17.944271,
      "y" : -22.18034,
      "z" : 6.854102
    }
  }, {
    "shape" : "7023b76b-1a2b-4595-9bac-f5a8b70057fc",
    "color" : "#6C00C6",
    "position" : {
      "x" : -26.916409,
      "y" : 14.5172205,
      "z" : -5.545085
    },
    "orientation" : 3
  }, {
    "shape" : "74067b6b-8c5f-4723-a4b1-3db3ea765a32",
    "color" : "#FFFFFF",
    "position" : {
      "x" : 0.0,
      "y" : 0.0,
      "z" : 0.0
    }
  }, {
    "shape" : "74067b6b-8c5f-4723-a4b1-3db3ea765a32",
    "color" : "#FFFFFF",
    "position" : {
      "x" : -4.959675,
      "y" : 12.984597,
      "z" : -25.969194
    }
  }, {
    "shape" : "74067b6b-8c5f-4723-a4b1-3db3ea765a32",
    "color" : "#FFFFFF",
    "position" : {
      "x" : 29.034441,
      "y" : 8.024922,
      "z" : 0.0
    }
  }, {
    "shape" : "74067b6b-8c5f-4723-a4b1-3db3ea765a32",
    "color" : "#FFFFFF",
    "position" : {
      "x" : 23.489357,
      "y" : 5.545085,
      "z" : -5.545085
    }
  }, {
    "shape" : "b8f01318-14a9-4da7-b901-819a758dc1d8",
    "color" : "#AF0000",
    "position" : {
      "x" : -4.959675,
      "y" : -21.00952,
      "z" : 21.00952
    },
    "orientation" : 0
  }, {
    "shape" : "437840f2-8c98-47d9-9df1-de93566eea13",
    "color" : "#DC4C00",
    "position" : {
      "x" : 23.489357,
      "y" : -8.972136,
      "z" : 14.5172205
    },
    "orientation" : 52
  }, {
    "shape" : "74067b6b-8c5f-4723-a4b1-3db3ea765a32",
    "color" : "#FFFFFF",
    "position" : {
      "x" : 20.062305,
      "y" : -3.427051,
      "z" : 23.489357
    }
  }, {
    "shape" : "74067b6b-8c5f-4723-a4b1-3db3ea765a32",
    "color" : "#FFFFFF",
    "position" : {
      "x" : -12.984597,
      "y" : 8.024922,
      "z" : 25.969194
    }
  }, {
    "shape" : "ec7a8d24-a85e-40a7-95e4-2776207295f9",
    "color" : "#007695",
    "position" : {
      "x" : 17.944271,
      "y" : -17.944271,
      "z" : -17.944271
    },
    "orientation" : 56
  }, {
    "shape" : "437840f2-8c98-47d9-9df1-de93566eea13",
    "color" : "#DC4C00",
    "position" : {
      "x" : -14.5172205,
      "y" : -23.489357,
      "z" : -8.972136
    },
    "orientation" : 58
  }, {
    "shape" : "57fc25d0-a323-4c77-a0f1-bdc647e74413",
    "color" : "#F0A000",
    "position" : {
      "x" : -25.969194,
      "y" : 4.959675,
      "z" : 12.984597
    },
    "orientation" : 22
  }, {
    "shape" : "ec7a8d24-a85e-40a7-95e4-2776207295f9",
    "color" : "#007695",
    "position" : {
      "x" : -11.09017,
      "y" : -29.034441,
      "z" : 0.0
    },
    "orientation" : 0
  }, {
    "shape" : "437840f2-8c98-47d9-9df1-de93566eea13",
    "color" : "#DC4C00",
    "position" : {
      "x" : -14.5172205,
      "y" : 23.489357,
      "z" : 8.972136
    },
    "orientation" : 43
  }, {
    "shape" : "74067b6b-8c5f-4723-a4b1-3db3ea765a32",
    "color" : "#FFFFFF",
    "position" : {
      "x" : 4.959675,
      "y" : -12.984597,
      "z" : -25.969194
    }
  }, {
    "shape" : "57fc25d0-a323-4c77-a0f1-bdc647e74413",
    "color" : "#F0A000",
    "position" : {
      "x" : 29.034441,
      "y" : 0.0,
      "z" : -4.959675
    },
    "orientation" : 19
  }, {
    "shape" : "7023b76b-1a2b-4595-9bac-f5a8b70057fc",
    "color" : "#6C00C6",
    "position" : {
      "x" : 23.489357,
      "y" : -20.062305,
      "z" : 3.427051
    },
    "orientation" : 7
  }, {
    "shape" : "b8f01318-14a9-4da7-b901-819a758dc1d8",
    "color" : "#AF0000",
    "position" : {
      "x" : 12.984597,
      "y" : -8.024922,
      "z" : -25.969194
    },
    "orientation" : 2
  }, {
    "shape" : "74067b6b-8c5f-4723-a4b1-3db3ea765a32",
    "color" : "#FFFFFF",
    "position" : {
      "x" : -25.969194,
      "y" : -12.984597,
      "z" : 8.024922
    }
  }, {
    "shape" : "74067b6b-8c5f-4723-a4b1-3db3ea765a32",
    "color" : "#FFFFFF",
    "position" : {
      "x" : 0.0,
      "y" : 11.09017,
      "z" : -29.034441
    }
  }, {
