{
  "polygons" : "true",
  "field" : "golden",
  "symmetry" : "icosahedral",
  "orientations" : [ [ 1.0, 0.0, 0.0, 0.0, 0.0, 1.0, 0.0, 0.0, 0.0, 0.0, 1.0, 0.0, 0.0, 0.0, 0.0, 1.0 ], [ 0.0, 0.0, 1.0, 0.0, 1.0, 0.0, 0.0, 0.0, 0.0, 1.0, 0.0, 0.0, 0.0, 0.0, 0.0, 1.0 ], [ 0.0, 1.0, 0.0, 0.0, 0.0, 0.0, 1.0, 0.0, 1.0, 0.0, 0.0, 0.0, 0.0, 0.0, 0.0, 1.0 ], [ 0.809017, 0.309017, 0.5, 0.0, 0.309017, 0.5, -0.809017, 0.0, -0.5, 0.809017, 0.309017, 0.0, 0.0, 0.0, 0.0, 1.0 ], [ -0.5, 0.809017, 0.309017, 0.0, 0.809017, 0.309017, 0.5, 0.0, 0.309017, 0.5, -0.809017, 0.0, 0.0, 0.0, 0.0, 1.0 ], [ 0.309017, 0.5, -0.809017, 0.0, -0.5, 0.809017, 0.309017, 0.0, 0.809017, 0.309017, 0.5, 0.0, 0.0, 0.0, 0.0, 1.0 ], [ 0.5, 0.809017, 0.309017, 0.0, 0.809017, -0.309017, -0.5, 0.0, -0.309017, 0.5, -0.809017, 0.0, 0.0, 0.0, 0.0, 1.0 ], [ -0.309017, 0.5, -0.809017, 0.0, 0.5, 0.809017, 0.309017, 0.0, 0.809017, -0.309017, -0.5, 0.0, 0.0, 0.0, 0.0, 1.0 ], [ 0.809017, -0.309017, -0.5, 0.0, -0.309017, 0.5, -0.809017, 0.0, 0.5, 0.809017, 0.309017, 0.0, 0.0, 0.0, 0.0, 1.0 ], [ 0.5, 0.809017, -0.309017, 0.0, 0.809017, -0.309017, 0.5, 0.0, 0.309017, -0.5, -0.809017, 0.0, 0.0, 0.0, 0.0, 1.0 ], [ 0.309017, -0.5, -0.809017, 0.0, 0.5, 0.809017, -0.309017, 0.0, 0.809017, -0.309017, 0.5, 0.0, 0.0, 0.0, 0.0, 1.0 ], [ 0.809017, -0.309017, 0.5, 0.0, 0.309017, -0.5, -0.809017, 0.0, 0.5, 0.809017, -0.309017, 0.0, 0.0, 0.0, 0.0, 1.0 ], [ 0.809017, 0.309017, -0.5, 0.0, 0.309017, 0.5, 0.809017, 0.0, 0.5, -0.809017, 0.309017, 0.0, 0.0, 0.0, 0.0, 1.0 ], [ 0.5, -0.809017, 0.309017, 0.0, 0.809017, 0.309017, -0.5, 0.0, 0.309017, 0.5, 0.809017, 0.0, 0.0, 0.0, 0.0, 1.0 ], [ 0.309017, 0.5, 0.809017, 0.0, 0.5, -0.809017, 0.309017, 0.0, 0.809017, 0.309017, -0.5, 0.0, 0.0, 0.0, 0.0, 1.0 ], [ 1.0, 0.0, 0.0, 0.0, 0.0, -1.0, 0.0, 0.0, 0.0, 0.0, -1.0, 0.0, 0.0, 0.0, 0.0, 1.0 ], [ 0.0, 0.0, 1.0, 0.0, -1.0, 0.0, 0.0, 0.0, 0.0, -1.0, 0.0, 0.0, 0.0, 0.0, 0.0, 1.0 ], [ 0.0, 1.0, 0.0, 0.0, 0.0, 0.0, -1.0, 0.0, -1.0, 0.0, 0.0, 0.0, 0.0, 0.0, 0.0, 1.0 ], [ 0.809017, 0.309017, 0.5, 0.0, -0.309017, -0.5, 0.809017, 0.0, 0.5, -0.809017, -0.309017, 0.0, 0.0, 0.0, 0.0, 1.0 ], [ -0.5, 0.809017, 0.309017, 0.0, -0.809017, -0.309017, -0.5, 0.0, -0.309017, -0.5, 0.809017, 0.0, 0.0, 0.0, 0.0, 1.0 ], [ 0.309017, 0.5, -0.809017, 0.0, 0.5, -0.809017, -0.309017, 0.0, -0.809017, -0.309017, -0.5, 0.0, 0.0, 0.0, 0.0, 1.0 ], [ 0.5, 0.809017, 0.309017, 0.0, -0.809017, 0.309017, 0.5, 0.0, 0.309017, -0.5, 0.809017, 0.0, 0.0, 0.0, 0.0, 1.0 ], [ -0.309017, 0.5, -0.809017, 0.0, -0.5, -0.809017, -0.309017, 0.0, -0.809017, 0.309017, 0.5, 0.0, 0.0, 0.0, 0.0, 1.0 ], [ 0.809017, -0.309017, -0.5, 0.0, 0.309017, -0.5, 0.809017, 0.0, -0.5, -0.809017, -0.309017, 0.0, 0.0, 0.0, 0.0, 1.0 ], [ 0.5, 0.809017, -0.309017, 0.0, -0.809017, 0.309017, -0.5, 0.0, -0.309017, 0.5, 0.809017, 0.0, 0.0, 0.0, 0.0, 1.0 ], [ 0.309017, -0.5, -0.809017, 0.0, -0.5, -0.809017, 0.309017, 0.0, -0.809017, 0.309017, -0.5, 0.0, 0.0, 0.0, 0.0, 1.0 ], [ 0.809017, -0.309017, 0.5, 0.0, -0.309017, 0.5, 0.809017, 0.0, -0.5, -0.809017, 0.309017, 0.0, 0.0, 0.0, 0.0, 1.0 ], [ 0.809017, 0.309017, -0.5, 0.0, -0.309017, -0.5, -0.809017, 0.0, -0.5, 0.809017, -0.309017, 0.0, 0.0, 0.0, 0.0, 1.0 ], [ 0.5, -0.809017, 0.309017, 0.0, -0.809017, -0.309017, 0.5, 0.0, -0.309017, -0.5, -0.809017, 0.0, 0.0, 0.0, 0.0, 1.0 ], [ 0.309017, 0.5, 0.809017, 0.0, -0.5, 0.809017, -0.309017, 0.0, -0.809017, -0.309017, 0.5, 0.0, 0.0, 0.0, 0.0, 1.0 ], [ -1.0, 0.0, 0.0, 0.0, 0.0, -1.0, 0.0, 0.0, 0.0, 0.0, 1.0, 0.0, 0.0, 0.0, 0.0, 1.0 ], [ 0.0, 0.0, -1.0, 0.0, -1.0, 0.0, 0.0, 0.0, 0.0, 1.0, 0.0, 0.0, 0.0, 0.0, 0.0, 1.0 ], [ 0.0, -1.0, 0.0, 0.0, 0.0, 0.0, -1.0, 0.0, 1.0, 0.0, 0.0, 0.0, 0.0, 0.0, 0.0, 1.0 ], [ -0.809017, -0.309017, -0.5, 0.0, -0.309017, -0.5, 0.809017, 0.0, -0.5, 0.809017, 0.309017, 0.0, 0.0, 0.0, 0.0, 1.0 ], [ 0.5, -0.809017, -0.309017, 0.0, -0.809017, -0.309017, -0.5, 0.0, 0.309017, 0.5, -0.809017, 0.0, 0.0, 0.0, 0.0, 1.0 ], [ -0.309017, -0.5, 0.809017, 0.0, 0.5, -0.809017, -0.309017, 0.0, 0.809017, 0.309017, 0.5, 0.0, 0.0, 0.0, 0.0, 1.0 ], [ -0.5, -0.809017, -0.309017, 0.0, -0.809017, 0.309017, 0.5, 0.0, -0.309017, 0.5, -0.809017, 0.0, 0.0, 0.0, 0.0, 1.0 ], [ 0.309017, -0.5, 0.809017, 0.0, -0.5, -0.809017, -0.309017, 0.0, 0.809017, -0.309017, -0.5, 0.0, 0.0, 0.0, 0.0, 1.0 ], [ -0.809017, 0.309017, 0.5, 0.0, 0.309017, -0.5, 0.809017, 0.0, 0.5, 0.809017, 0.309017, 0.0, 0.0, 0.0, 0.0, 1.0 ], [ -0.5, -0.809017, 0.309017, 0.0, -0.809017, 0.309017, -0.5, 0.0, 0.309017, -0.5, -0.809017, 0.0, 0.0, 0.0, 0.0, 1.0 ], [ -0.309017, 0.5, 0.809017, 0.0, -0.5, -0.809017, 0.309017, 0.0, 0.809017, -0.309017, 0.5, 0.0, 0.0, 0.0, 0.0, 1.0 ], [ -0.809017, 0.309017, -0.5, 0.0, -0.309017, 0.5, 0.809017, 0.0, 0.5, 0.809017, -0.309017, 0.0, 0.0, 0.0, 0.0, 1.0 ], [ -0.809017, -0.309017, 0.5, 0.0, -0.309017, -0.5, -0.809017, 0.0, 0.5, -0.809017, 0.309017, 0.0, 0.0, 0.0, 0.0, 1.0 ], [ -0.5, 0.809017, -0.309017, 0.0, -0.809017, -0.309017, 0.5, 0.0, 0.309017, 0.5, 0.809017, 0.0, 0.0, 0.0, 0.0, 1.0 ], [ -0.309017, -0.5, -0.809017, 0.0, -0.5, 0.809017, -0.309017, 0.0, 0.809017, 0.309017, -0.5, 0.0, 0.0, 0.0, 0.0, 1.0 ], [ -1.0, 0.0, 0.0, 0.0, 0.0, 1.0, 0.0, 0.0, 0.0, 0.0, -1.0, 0.0, 0.0, 0.0, 0.0, 1.0 ], [ 0.0, 0.0, -1.0, 0.0, 1.0, 0.0, 0.0, 0.0, 0.0, -1.0, 0.0, 0.0, 0.0, 0.0, 0.0, 1.0 ], [ 0.0, -1.0, 0.0, 0.0, 0.0, 0.0, 1.0, 0.0, -1.0, 0.0, 0.0, 0.0, 0.0, 0.0, 0.0, 1.0 ], [ -0.809017, -0.309017, -0.5, 0.0, 0.309017, 0.5, -0.809017, 0.0, 0.5, -0.809017, -0.309017, 0.0, 0.0, 0.0, 0.0, 1.0 ], [ 0.5, -0.809017, -0.309017, 0.0, 0.809017, 0.309017, 0.5, 0.0, -0.309017, -0.5, 0.809017, 0.0, 0.0, 0.0, 0.0, 1.0 ], [ -0.309017, -0.5, 0.809017, 0.0, -0.5, 0.809017, 0.309017, 0.0, -0.809017, -0.309017, -0.5, 0.0, 0.0, 0.0, 0.0, 1.0 ], [ -0.5, -0.809017, -0.309017, 0.0, 0.809017, -0.309017, -0.5, 0.0, 0.309017, -0.5, 0.809017, 0.0, 0.0, 0.0, 0.0, 1.0 ], [ 0.309017, -0.5, 0.809017, 0.0, 0.5, 0.809017, 0.309017, 0.0, -0.809017, 0.309017, 0.5, 0.0, 0.0, 0.0, 0.0, 1.0 ], [ -0.809017, 0.309017, 0.5, 0.0, -0.309017, 0.5, -0.809017, 0.0, -0.5, -0.809017, -0.309017, 0.0, 0.0, 0.0, 0.0, 1.0 ], [ -0.5, -0.809017, 0.309017, 0.0, 0.809017, -0.309017, 0.5, 0.0, -0.309017, 0.5, 0.809017, 0.0, 0.0, 0.0, 0.0, 1.0 ], [ -0.309017, 0.5, 0.809017, 0.0, 0.5, 0.809017, -0.309017, 0.0, -0.809017, 0.309017, -0.5, 0.0, 0.0, 0.0, 0.0, 1.0 ], [ -0.809017, 0.309017, -0.5, 0.0, 0.309017, -0.5, -0.809017, 0.0, -0.5, -0.809017, 0.309017, 0.0, 0.0, 0.0, 0.0, 1.0 ], [ -0.809017, -0.309017, 0.5, 0.0, 0.309017, 0.5, 0.809017, 0.0, -0.5, 0.809017, -0.309017, 0.0, 0.0, 0.0, 0.0, 1.0 ], [ -0.5, 0.809017, -0.309017, 0.0, 0.809017, 0.309017, -0.5, 0.0, -0.309017, -0.5, -0.809017, 0.0, 0.0, 0.0, 0.0, 1.0 ], [ -0.309017, -0.5, -0.809017, 0.0, 0.5, -0.809017, 0.309017, 0.0, -0.809017, -0.309017, 0.5, 0.0, 0.0, 0.0, 0.0, 1.0 ] ],
  "lights" : {
    "ambientColor" : "#292929",
    "backgroundColor" : "#AFC8DC",
    "directionalLights" : [ {
      "direction" : [ 1.0, -1.0, -1.0 ],
      "color" : "#EBEBE4"
    }, {
      "direction" : [ -1.0, 0.0, 0.0 ],
      "color" : "#E4E4EB"
    }, {
      "direction" : [ 0.0, 0.0, -1.0 ],
      "color" : "#1E1E1E"
    } ]
  },
  "camera" : {
    "viewDistance" : 152.76175,
    "lookAtPointRV" : {
      "x" : 0.0,
      "y" : 0.0,
      "z" : 0.0,
      "zero" : true
    },
    "lookDirectionRV" : {
      "x" : -0.81343734,
      "y" : -0.13500188,
      "z" : 0.5657063,
      "zero" : false
    },
    "upDirectionRV" : {
      "x" : -0.08730517,
      "y" : 0.9899001,
      "z" : 0.11069016,
      "zero" : false
    },
    "lookDirection" : {
      "x" : -0.81343734,
      "y" : -0.13500188,
      "z" : 0.5657063
    },
    "nearClipDistance" : 0.3819062,
    "farClipDistance" : 305.52432,
    "lookAtPoint" : {
      "x" : 0.0,
      "y" : 0.0,
      "z" : 0.0
    },
    "upDirection" : {
      "x" : -0.08730517,
      "y" : 0.9899001,
      "z" : 0.11069016
    },
    "stereo" : false,
    "perspective" : true,
    "fieldOfView" : 0.44262967,
    "width" : 68.74291,
    "position" : {
      "x" : 124.26211,
      "y" : 20.623123,
      "z" : -86.41829
    }
  },
  "embedding" : [ 1.0, 0.0, 0.0, 0.0, 0.0, 1.0, 0.0, 0.0, 0.0, 0.0, 1.0, 0.0, 0.0, 0.0, 0.0, 1.0 ],
  "shapes" : [ {
    "id" : "2b73b7c2-fc3e-431c-980b-4ea9d431662e",
    "vertices" : [ {
      "x" : 0.0,
      "y" : 0.0,
      "z" : 0.0
    }, {
      "x" : 0.0,
      "y" : -0.29179606,
      "z" : 0.19453071
    }, {
      "x" : 0.0,
      "y" : -0.29179606,
      "z" : -10.90712
    }, {
      "x" : 0.0,
      "y" : 0.0,
      "z" : -10.90712
    } ],
    "faces" : [ {
      "vertices" : [ 0, 1, 2, 3 ]
    }, {
      "vertices" : [ 0, 3, 2, 1 ]
    } ]
  }, {
    "id" : "36f5cd32-f51b-419b-b6e0-87bf51701d36",
    "vertices" : [ {
      "x" : 0.0,
      "y" : 0.0,
      "z" : 0.0
    }, {
      "x" : -4.59798,
      "y" : -1.53266,
      "z" : -4.59798
    }, {
      "x" : -6.965303,
      "y" : -3.899983,
      "z" : -4.59798
    }, {
      "x" : -4.074482,
      "y" : -6.7908034,
      "z" : 4.074482
    } ],
    "faces" : [ {
      "vertices" : [ 0, 1, 2, 3 ]
    }, {
      "vertices" : [ 0, 3, 2, 1 ]
    } ]
  }, {
    "id" : "62e3d2db-49af-44bd-916c-7f3bab8b1fab",
    "vertices" : [ {
      "x" : 0.0,
      "y" : 0.0,
      "z" : 0.0
    }, {
      "x" : 0.0,
      "y" : 0.14589803,
      "z" : -0.14589803
    }, {
      "x" : 0.0,
      "y" : 0.29179606,
      "z" : 0.0
    } ],
    "faces" : [ {
      "vertices" : [ 0, 1, 2 ]
    }, {
      "vertices" : [ 0, 2, 1 ]
    } ]
  }, {
    "id" : "78ee3f01-5869-4d9f-9086-798717cb8d2d",
    "vertices" : [ {
      "x" : 0.0,
      "y" : 0.0,
      "z" : 0.0
    }, {
      "x" : 0.872678,
      "y" : -5.981424,
      "z" : 2.2847006
    }, {
      "x" : -0.53934467,
      "y" : -11.09017,
      "z" : -1.4120227
    }, {
      "x" : -3.6967232,
      "y" : -4.236068,
      "z" : -9.678147
    } ],
    "faces" : [ {
      "vertices" : [ 0, 1, 2, 3 ]
    }, {
      "vertices" : [ 0, 3, 2, 1 ]
    } ]
  }, {
    "id" : "95d70b9d-d1bb-4afb-9e06-5aefbb0d8550",
    "vertices" : [ {
      "x" : 0.0,
      "y" : 0.0,
      "z" : 0.0
    }, {
      "x" : -2.9073787,
      "y" : 2.9073787,
      "z" : -8.722136
    }, {
      "x" : -0.25,
      "y" : 5.5647573,
      "z" : -8.722136
    }, {
      "x" : 4.09017,
      "y" : 7.011481,
      "z" : -4.381966
    }, {
      "x" : 4.09017,
      "y" : 6.81695,
      "z" : -4.09017
    } ],
    "faces" : [ {
      "vertices" : [ 0, 1, 2, 3, 4 ]
    }, {
      "vertices" : [ 0, 4, 3, 2, 1 ]
    } ]
  }, {
    "id" : "d249936b-42aa-427e-8d42-970a152cc421",
    "vertices" : [ {
      "x" : 0.0,
      "y" : 0.0,
      "z" : 0.0
    }, {
      "x" : 0.0,
      "y" : 0.19453071,
      "z" : -0.29179606
    }, {
      "x" : 0.29179606,
      "y" : 0.0,
      "z" : -0.29179606
    } ],
    "faces" : [ {
      "vertices" : [ 0, 1, 2 ]
    }, {
      "vertices" : [ 0, 2, 1 ]
    } ]
  }, {
    "id" : "bed8efc0-e2d3-40c3-b854-1407bc4480e9",
    "vertices" : [ {
      "x" : 0.0,
      "y" : 0.0,
      "z" : 0.0
    }, {
      "x" : 0.20910734,
      "y" : 4.299729,
      "z" : 0.5474501
    }, {
      "x" : 0.7166215,
      "y" : 0.82117516,
      "z" : 1.8761394
    } ],
    "faces" : [ {
      "vertices" : [ 0, 1, 2 ]
    }, {
      "vertices" : [ 0, 2, 1 ]
    } ]
  }, {
    "id" : "bfaba2e4-d0fe-4d8a-a5bd-6f845cf8a3ca",
    "vertices" : [ {
      "x" : 0.0,
      "y" : 0.0,
      "z" : 0.0
    }, {
      "x" : 0.0,
      "y" : -0.032991804,
      "z" : -0.086373664
    }, {
      "x" : -3.3704853,
      "y" : 7.948432,
      "z" : -2.292385
    } ],
    "faces" : [ {
      "vertices" : [ 0, 1, 2 ]
    }, {
      "vertices" : [ 0, 2, 1 ]
    } ]
  }, {
    "id" : "f8047afa-5a24-46bb-9977-62c4a7585ae5",
    "vertices" : [ {
      "x" : 0.0,
      "y" : 0.0,
      "z" : 0.0
    }, {
      "x" : -0.575503,
      "y" : -0.1356639,
      "z" : -4.299729
    }, {
      "x" : -4.324723,
      "y" : 9.679921,
      "z" : -4.299729
    }, {
      "x" : -0.8941242,
      "y" : 4.129096,
      "z" : 4.681695
    } ],
    "faces" : [ {
      "vertices" : [ 0, 1, 2, 3 ]
    }, {
      "vertices" : [ 0, 3, 2, 1 ]
    } ]
  }, {
    "id" : "82836a69-819a-431f-9296-14df110fee1e",
    "vertices" : [ {
      "x" : 0.0,
      "y" : 0.0,
      "z" : 0.0
    }, {
      "x" : 0.0,
      "y" : 0.032991804,
      "z" : 0.086373664
    }, {
      "x" : 3.573251,
      "y" : -7.535275,
      "z" : 4.7638197
    }, {
      "x" : 4.236068,
      "y" : -9.884159,
      "z" : 3.1573787
    } ],
    "faces" : [ {
      "vertices" : [ 0, 1, 2, 3 ]
    }, {
      "vertices" : [ 0, 3, 2, 1 ]
    } ]
  }, {
    "id" : "73528e76-6261-4d5d-9bca-cd5b6edd6d57",
    "vertices" : [ {
      "x" : 0.0,
      "y" : 0.0,
      "z" : 0.0
    }, {
      "x" : 0.10165602,
      "y" : -2.0902822,
      "z" : 0.2661389
    }, {
      "x" : -1.0820055,
      "y" : -2.5424006,
      "z" : -2.8327272
    }, {
      "x" : -1.1154423,
      "y" : -2.4214249,
      "z" : -2.920266
    } ],
    "faces" : [ {
      "vertices" : [ 0, 1, 2, 3 ]
    }, {
      "vertices" : [ 0, 3, 2, 1 ]
    } ]
  }, {
    "id" : "ac6bd51d-89a0-4884-9086-197a18c4ed59",
    "vertices" : [ {
      "x" : 0.0,
      "y" : 0.0,
      "z" : 0.0
    }, {
      "x" : -1.433243,
      "y" : -1.6423503,
      "z" : -3.7522788
    }, {
      "x" : -0.6120678,
      "y" : 1.3286893,
      "z" : -1.6024144
    } ],
    "faces" : [ {
      "vertices" : [ 0, 1, 2 ]
    }, {
      "vertices" : [ 0, 2, 1 ]
    } ]
  }, {
    "id" : "a078d450-6543-4e8b-85c5-ff1a0c3c3850",
    "vertices" : [ {
      "x" : 0.0,
      "y" : 0.0,
      "z" : 0.0
    }, {
      "x" : 4.236068,
      "y" : -9.884159,
      "z" : 3.1573787
    }, {
      "x" : 0.0,
      "y" : -0.20601133,
      "z" : -0.53934467
    } ],
    "faces" : [ {
      "vertices" : [ 0, 1, 2 ]
    }, {
      "vertices" : [ 0, 2, 1 ]
    } ]
  }, {
    "id" : "7ba60cf1-6415-47df-a570-9680b1c45427",
    "vertices" : [ {
      "x" : 0.0,
      "y" : 0.0,
      "z" : 0.0
    }, {
      "x" : -0.10820393,
      "y" : -0.10820393,
      "z" : 0.0
    }, {
      "x" : -4.706184,
      "y" : 4.489776,
      "z" : 1.53266
    }, {
      "x" : -4.59798,
      "y" : 4.59798,
      "z" : 1.53266
    } ],
    "faces" : [ {
      "vertices" : [ 0, 1, 2, 3 ]
    }, {
      "vertices" : [ 0, 3, 2, 1 ]
    } ]
  }, {
    "id" : "d17d5105-9bd4-45fa-9476-d7de5abc46e9",
    "vertices" : [ {
      "x" : 0.0,
      "y" : 0.0,
      "z" : 0.0
    }, {
      "x" : 1.4965229,
      "y" : -3.419107,
      "z" : 1.3059826
    }, {
      "x" : 3.3909948,
      "y" : -9.326135,
      "z" : -1.1739134
    }, {
      "x" : 0.045084972,
      "y" : -3.9123387,
      "z" : -9.9336195
    }, {
      "x" : 0.0,
      "y" : -3.74922,
      "z" : -9.815585
    } ],
    "faces" : [ {
      "vertices" : [ 0, 1, 2, 3, 4 ]
    }, {
      "vertices" : [ 0, 4, 3, 2, 1 ]
    } ]
  }, {
    "id" : "fb1cd33a-41b0-41c9-be68-ed0c457b7e51",
    "vertices" : [ {
      "x" : 0.0,
      "y" : 0.0,
      "z" : 0.0
    }, {
      "x" : -0.82117516,
      "y" : 1.03684,
      "z" : -2.9139361
    }, {
      "x" : -1.4120227,
      "y" : 3.2260492,
      "z" : -1.2322412
    } ],
    "faces" : [ {
      "vertices" : [ 0, 1, 2 ]
    }, {
      "vertices" : [ 0, 2, 1 ]
    } ]
  }, {
    "id" : "56d65af9-4726-4020-b2b1-4830a8432f2d",
    "vertices" : [ {
      "x" : 0.0,
      "y" : 0.0,
      "z" : 0.0
    }, {
      "x" : 3.1573787,
      "y" : -6.854102,
      "z" : 8.266125
    }, {
      "x" : -0.53934467,
      "y" : -11.09017,
      "z" : -1.4120227
    }, {
      "x" : -1.4120227,
      "y" : -5.108746,
      "z" : -3.6967232
    } ],
    "faces" : [ {
      "vertices" : [ 0, 1, 2, 3 ]
    }, {
      "vertices" : [ 0, 3, 2, 1 ]
    } ]
  }, {
    "id" : "e96fd38d-2b0d-4ff8-9399-985155e35833",
    "vertices" : [ {
      "x" : 0.0,
      "y" : 0.0,
      "z" : 0.0
    }, {
      "x" : 0.575503,
      "y" : 0.1356639,
      "z" : 4.299729
    }, {
      "x" : 0.028052894,
      "y" : -0.073443435,
      "z" : 0.0
    } ],
    "faces" : [ {
      "vertices" : [ 0, 1, 2 ]
    }, {
      "vertices" : [ 0, 2, 1 ]
    } ]
  }, {
    "id" : "c374d6f0-fb99-4e8c-a4e3-e3220a954e1a",
    "vertices" : [ {
      "x" : 0.0,
      "y" : 0.0,
      "z" : 0.0
    }, {
      "x" : -3.3704853,
      "y" : 7.948432,
      "z" : -2.292385
    }, {
      "x" : 0.0,
      "y" : 2.4948723,
      "z" : 6.5316606
    } ],
    "faces" : [ {
      "vertices" : [ 0, 1, 2 ]
    }, {
      "vertices" : [ 0, 2, 1 ]
    } ]
  }, {
    "id" : "5c6a7e17-d6cc-48bb-939a-23c0a99a1b59",
    "vertices" : [ {
      "x" : 0.0,
      "y" : 0.0,
      "z" : 0.0
    }, {
      "x" : -1.7968588,
      "y" : 1.1105199,
      "z" : -9.408475
    }, {
      "x" : -2.00287,
      "y" : 1.6498644,
      "z" : -9.408475
    }, {
      "x" : -0.5908475,
      "y" : 2.1892092,
      "z" : 1.681695
    } ],
    "faces" : [ {
      "vertices" : [ 0, 1, 2, 3 ]
    }, {
      "vertices" : [ 0, 3, 2, 1 ]
    } ]
  }, {
    "id" : "f85e43d4-c243-4ab1-b225-d741fbc7b476",
    "vertices" : [ {
      "x" : 0.0,
      "y" : 0.0,
      "z" : 0.0
    }, {
      "x" : -0.47067422,
      "y" : -0.17978156,
      "z" : -3.6967232
    }, {
      "x" : -1.1334913,
      "y" : 2.169102,
      "z" : -2.0902822
    } ],
    "faces" : [ {
      "vertices" : [ 0, 1, 2 ]
    }, {
      "vertices" : [ 0, 2, 1 ]
    } ]
  }, {
    "id" : "06f578dd-ded6-4b3f-b28e-c505a45e0570",
    "vertices" : [ {
      "x" : 0.0,
      "y" : 0.0,
      "z" : 0.0
    }, {
      "x" : 0.2661389,
      "y" : 0.10165602,
      "z" : 2.0902822
    }, {
      "x" : 0.2941918,
      "y" : 0.028212586,
      "z" : 2.0902822
    } ],
    "faces" : [ {
      "vertices" : [ 0, 1, 2 ]
    }, {
      "vertices" : [ 0, 2, 1 ]
    } ]
  }, {
    "id" : "b5f00a8a-95e4-4e9a-8ab5-86acaaf3a969",
    "vertices" : [ {
      "x" : 0.0,
      "y" : 0.0,
      "z" : 0.0
    }, {
      "x" : 1.0524596,
      "y" : 2.2847006,
      "z" : 2.755375
    }, {
      "x" : 2.4644823,
      "y" : -2.8240454,
      "z" : 6.4520984
    } ],
    "faces" : [ {
      "vertices" : [ 0, 1, 2 ]
    }, {
      "vertices" : [ 0, 2, 1 ]
    } ]
  }, {
    "id" : "5e56a889-9411-4027-b5f1-f7344d47bba8",
    "vertices" : [ {
      "x" : 0.0,
      "y" : 0.0,
      "z" : 0.0
    }, {
      "x" : -0.82117516,
      "y" : 1.8761394,
      "z" : -0.7166215
    }, {
      "x" : 0.0,
      "y" : 0.8392995,
      "z" : 2.1973145
    } ],
    "faces" : [ {
      "vertices" : [ 0, 1, 2 ]
    }, {
      "vertices" : [ 0, 2, 1 ]
    } ]
  }, {
    "id" : "af3376f9-f495-4101-97f3-d193dc775504",
    "vertices" : [ {
      "x" : 0.0,
      "y" : 0.0,
      "z" : 0.0
    }, {
      "x" : 2.4644823,
      "y" : -2.8240454,
      "z" : 6.4520984
    }, {
      "x" : 0.17978156,
      "y" : -3.6967232,
      "z" : 0.47067422
    } ],
    "faces" : [ {
      "vertices" : [ 0, 1, 2 ]
    }, {
      "vertices" : [ 0, 2, 1 ]
    } ]
  }, {
    "id" : "827777ea-d47c-45c6-b59f-dd2663d858d3",
    "vertices" : [ {
      "x" : 0.0,
      "y" : 0.0,
      "z" : 0.0
    }, {
      "x" : 1.4120227,
      "y" : 5.108746,
      "z" : 3.6967232
    }, {
      "x" : 3.6967232,
      "y" : 4.236068,
      "z" : 9.678147
    }, {
      "x" : 3.1573787,
      "y" : -6.854102,
      "z" : 8.266125
    } ],
    "faces" : [ {
      "vertices" : [ 0, 1, 2, 3 ]
    }, {
      "vertices" : [ 0, 3, 2, 1 ]
    } ]
  }, {
    "id" : "0ad1350b-5651-4e30-b78b-5629dc4f940a",
    "vertices" : [ {
      "x" : 0.0,
      "y" : 0.0,
      "z" : 0.0
    }, {
      "x" : 0.2941918,
      "y" : 0.028212586,
      "z" : 2.0902822
    }, {
      "x" : 1.1334913,
      "y" : -2.169102,
      "z" : 2.0902822
    } ],
    "faces" : [ {
      "vertices" : [ 0, 1, 2 ]
    }, {
      "vertices" : [ 0, 2, 1 ]
    } ]
  }, {
    "id" : "90bd25f2-5880-4156-b428-03ffe2fc4976",
    "vertices" : [ {
      "x" : 0.0,
      "y" : 0.0,
      "z" : 0.0
    }, {
      "x" : -0.033436853,
      "y" : 0.12097567,
      "z" : 0.08753882
    }, {
      "x" : 0.80595267,
      "y" : 1.2809834,
      "z" : 8.87774
    }, {
      "x" : 3.3008249,
      "y" : -5.250677,
      "z" : 8.87774
    }, {
      "x" : 3.3459098,
      "y" : -5.413796,
      "z" : 8.759706
    } ],
    "faces" : [ {
      "vertices" : [ 0, 1, 2, 3, 4 ]
    }, {
      "vertices" : [ 0, 4, 3, 2, 1 ]
    } ]
  }, {
    "id" : "b3468024-54e8-4702-9b49-4e5a66ea7ee6",
    "vertices" : [ {
      "x" : 0.0,
      "y" : 0.0,
      "z" : 0.0
    }, {
      "x" : -3.6967232,
      "y" : -4.236068,
      "z" : -9.678147
    }, {
      "x" : -3.1573787,
      "y" : 6.854102,
      "z" : -8.266125
    }, {
      "x" : -0.872678,
      "y" : 5.981424,
      "z" : -2.2847006
    } ],
    "faces" : [ {
      "vertices" : [ 0, 1, 2, 3 ]
    }, {
      "vertices" : [ 0, 3, 2, 1 ]
    } ]
  }, {
    "id" : "ad6089a5-af8f-4de6-b9a7-3a9c64aaa443",
    "vertices" : [ {
      "x" : 0.0,
      "y" : 0.0,
      "z" : 0.0
    }, {
      "x" : 0.5951047,
      "y" : 1.2918655,
      "z" : 1.5580044
    }, {
      "x" : 1.3266478,
      "y" : -1.3548821,
      "z" : 3.473209
    }, {
      "x" : 1.3059826,
      "y" : -1.4965229,
      "z" : 3.419107
    } ],
    "faces" : [ {
      "vertices" : [ 0, 1, 2, 3 ]
    }, {
      "vertices" : [ 0, 3, 2, 1 ]
    } ]
  }, {
    "id" : "824c11c9-45db-4e1a-9961-516c793e42f4",
    "vertices" : [ {
      "x" : 0.0,
      "y" : 0.0,
      "z" : 0.0
    }, {
      "x" : 1.2241356,
      "y" : -2.6573787,
      "z" : 3.2048287
    }, {
      "x" : -0.10455367,
      "y" : -2.1498644,
      "z" : -0.27372506
    } ],
    "faces" : [ {
      "vertices" : [ 0, 1, 2 ]
    }, {
      "vertices" : [ 0, 2, 1 ]
    } ]
  }, {
    "id" : "e64c21ed-b9c3-4eb5-b7e1-a852d0dcdd3d",
    "vertices" : [ {
      "x" : 0.0,
      "y" : 0.0,
      "z" : 0.0
    }, {
      "x" : 0.53934467,
      "y" : 11.09017,
      "z" : 1.4120227
    }, {
      "x" : 3.6967232,
      "y" : 4.236068,
      "z" : 9.678147
    }, {
      "x" : 2.2847006,
      "y" : -0.872678,
      "z" : 5.981424
    } ],
    "faces" : [ {
      "vertices" : [ 0, 1, 2, 3 ]
    }, {
      "vertices" : [ 0, 3, 2, 1 ]
    } ]
  }, {
    "id" : "1bba6726-0b6a-4269-80eb-1bf4abcaaf50",
    "vertices" : [ {
      "x" : 0.0,
      "y" : 0.0,
      "z" : 0.0
    }, {
      "x" : -2.2847006,
      "y" : 0.872678,
      "z" : -5.981424
    }, {
      "x" : -3.1573787,
      "y" : 6.854102,
      "z" : -8.266125
    }, {
      "x" : 0.53934467,
      "y" : 11.09017,
      "z" : 1.4120227
    } ],
    "faces" : [ {
      "vertices" : [ 0, 1, 2, 3 ]
    }, {
      "vertices" : [ 0, 3, 2, 1 ]
    } ]
  }, {
    "id" : "10f1a4b9-3264-4ce5-8255-317b0bb02466",
    "vertices" : [ {
      "x" : 0.0,
      "y" : 0.0,
      "z" : 0.0
    }, {
      "x" : 0.0,
      "y" : -0.14589803,
      "z" : 0.14589803
    }, {
      "x" : 0.0,
      "y" : -0.29179606,
      "z" : 0.0
    } ],
    "faces" : [ {
      "vertices" : [ 0, 1, 2 ]
    }, {
      "vertices" : [ 0, 2, 1 ]
    } ]
  }, {
    "id" : "5b73202d-b1ea-4e9d-a085-a68973a9752b",
    "vertices" : [ {
      "x" : 0.0,
      "y" : 0.0,
      "z" : 0.0
    }, {
      "x" : 0.17978156,
      "y" : -3.6967232,
      "z" : 0.47067422
    }, {
      "x" : -2.1049192,
      "y" : -4.5694013,
      "z" : -5.51075
    } ],
    "faces" : [ {
      "vertices" : [ 0, 1, 2 ]
    }, {
      "vertices" : [ 0, 2, 1 ]
    } ]
  }, {
    "id" : "a8754870-676b-4c3e-88a3-324be27bc6ca",
    "vertices" : [ {
      "x" : 0.0,
      "y" : 0.0,
      "z" : 0.0
    }, {
      "x" : -0.6967607,
      "y" : 0.79841673,
      "z" : -1.8241433
    }, {
      "x" : -0.24464226,
      "y" : 3.8972828,
      "z" : -0.64048177
    }, {
      "x" : -0.1905403,
      "y" : 3.9179478,
      "z" : -0.49884096
    } ],
    "faces" : [ {
      "vertices" : [ 0, 1, 2, 3 ]
    }, {
      "vertices" : [ 0, 3, 2, 1 ]
    } ]
  }, {
    "id" : "772c05e9-cd23-45fa-bca4-d713756862dd",
    "vertices" : [ {
      "x" : 0.0,
      "y" : 0.0,
      "z" : 0.0
    }, {
      "x" : -2.1049192,
      "y" : -4.5694013,
      "z" : -5.51075
    }, {
      "x" : -1.2322412,
      "y" : 1.4120227,
      "z" : -3.2260492
    } ],
    "faces" : [ {
      "vertices" : [ 0, 1, 2 ]
    }, {
      "vertices" : [ 0, 2, 1 ]
    } ]
  }, {
    "id" : "c6d98ef3-05c5-4a83-a1d4-0c571732eb8c",
    "vertices" : [ {
      "x" : 0.0,
      "y" : 0.0,
      "z" : 0.0
    }, {
      "x" : 0.0,
      "y" : 0.29179606,
      "z" : -0.19453071
    }, {
      "x" : 0.0,
      "y" : 0.29179606,
      "z" : 10.90712
    }, {
      "x" : 0.0,
      "y" : 0.0,
      "z" : 10.90712
    } ],
    "faces" : [ {
      "vertices" : [ 0, 1, 2, 3 ]
    }, {
      "vertices" : [ 0, 3, 2, 1 ]
    } ]
  }, {
    "id" : "078ce2f4-59ef-419b-9fd1-43316c7d928b",
    "vertices" : [ {
      "x" : 0.0,
      "y" : 0.0,
      "z" : 0.0
    }, {
      "x" : -0.3595631,
      "y" : 7.3934464,
      "z" : -0.94134843
    }, {
      "x" : 1.0524596,
      "y" : 2.2847006,
      "z" : 2.755375
    } ],
    "faces" : [ {
      "vertices" : [ 0, 1, 2 ]
    }, {
      "vertices" : [ 0, 2, 1 ]
    } ]
  }, {
    "id" : "47c8610c-dac7-45c1-b64e-bed028c5cb5d",
    "vertices" : [ {
      "x" : 0.0,
      "y" : 0.0,
      "z" : 0.0
    }, {
      "x" : -1.2322412,
      "y" : 1.4120227,
      "z" : -3.2260492
    }, {
      "x" : -0.3595631,
      "y" : 7.3934464,
      "z" : -0.94134843
    } ],
    "faces" : [ {
      "vertices" : [ 0, 1, 2 ]
    }, {
      "vertices" : [ 0, 2, 1 ]
    } ]
  } ],
  "instances" : [ {
    "shape" : "2b73b7c2-fc3e-431c-980b-4ea9d431662e",
    "color" : "#7FC6E0",
    "position" : {
      "x" : 0.14589803,
      "y" : 11.053018,
      "z" : -0.14589803
    },
    "orientation" : 2
  }, {
    "shape" : "36f5cd32-f51b-419b-b6e0-87bf51701d36",
    "color" : "#FFFFFF",
    "position" : {
      "x" : 0.10820393,
      "y" : 0.10820393,
      "z" : -10.97349
    },
    "orientation" : 16
  }, {
    "shape" : "62e3d2db-49af-44bd-916c-7f3bab8b1fab",
    "color" : "#7FC6E0",
    "position" : {
      "x" : -0.14589803,
      "y" : 0.14589803,
      "z" : -0.14589803
    },
    "orientation" : 2
  }, {
    "shape" : "78ee3f01-5869-4d9f-9086-798717cb8d2d",
    "color" : "#FFD98C",
    "position" : {
      "x" : 0.0,
      "y" : 13.708204,
      "z" : 0.0
    },
    "orientation" : 4
  }, {
    "shape" : "95d70b9d-d1bb-4afb-9e06-5aefbb0d8550",
    "color" : "#FFFFFF",
    "position" : {
      "x" : 4.236068,
      "y" : 4.236068,
      "z" : -4.236068
    },
    "orientation" : 45
  }, {
    "shape" : "d249936b-42aa-427e-8d42-970a152cc421",
    "color" : "#FFFFFF",
    "position" : {
      "x" : -0.14589803,
      "y" : 11.053018,
      "z" : 0.14589803
    },
    "orientation" : 0
  }, {
    "shape" : "bed8efc0-e2d3-40c3-b854-1407bc4480e9",
    "color" : "#FFD98C",
    "position" : {
      "x" : -6.2576537,
      "y" : 6.2576537,
      "z" : -6.2576537
    },
    "orientation" : 5
  }, {
    "shape" : "bfaba2e4-d0fe-4d8a-a5bd-6f845cf8a3ca",
    "color" : "#7FCC9F",
    "position" : {
      "x" : 4.1826863,
      "y" : 4.1826863,
      "z" : -4.1826863
    },
    "orientation" : 8
  }, {
    "shape" : "f8047afa-5a24-46bb-9977-62c4a7585ae5",
    "color" : "#7FCC9F",
    "position" : {
      "x" : -4.486068,
      "y" : 9.800825,
      "z" : -4.486068
    },
    "orientation" : 38
  }, {
    "shape" : "82836a69-819a-431f-9296-14df110fee1e",
    "color" : "#7FCC9F",
    "position" : {
      "x" : 4.236068,
      "y" : 4.236068,
      "z" : -4.236068
    },
    "orientation" : 22
  }, {
    "shape" : "73528e76-6261-4d5d-9bca-cd5b6edd6d57",
    "color" : "#FFD98C",
    "position" : {
      "x" : 6.212263,
      "y" : 6.212263,
      "z" : 6.212263
    },
    "orientation" : 9
  }, {
    "shape" : "ac6bd51d-89a0-4884-9086-197a18c4ed59",
    "color" : "#FFD98C",
    "position" : {
      "x" : 6.2576537,
      "y" : 6.2576537,
      "z" : 6.2576537
    },
    "orientation" : 19
  }, {
    "shape" : "d249936b-42aa-427e-8d42-970a152cc421",
    "color" : "#FFFFFF",
    "position" : {
      "x" : 0.14589803,
      "y" : 11.053018,
      "z" : -0.14589803
    },
    "orientation" : 45
  }, {
    "shape" : "a078d450-6543-4e8b-85c5-ff1a0c3c3850",
    "color" : "#7FCC9F",
    "position" : {
      "x" : 4.236068,
      "y" : 4.236068,
      "z" : -4.236068
    },
    "orientation" : 22
  }, {
    "shape" : "7ba60cf1-6415-47df-a570-9680b1c45427",
    "color" : "#FFFFFF",
    "position" : {
      "x" : -0.10820393,
      "y" : 0.10820393,
      "z" : 10.97349
    },
    "orientation" : 45
  }, {
    "shape" : "a078d450-6543-4e8b-85c5-ff1a0c3c3850",
    "color" : "#7FCC9F",
    "position" : {
      "x" : -4.236068,
      "y" : 4.236068,
      "z" : 4.236068
    },
    "orientation" : 37
  }, {
    "shape" : "d17d5105-9bd4-45fa-9476-d7de5abc46e9",
    "color" : "#7FCC9F",
    "position" : {
      "x" : -6.212263,
      "y" : 6.212263,
      "z" : -6.212263
    },
    "orientation" : 36
  }, {
    "shape" : "bfaba2e4-d0fe-4d8a-a5bd-6f845cf8a3ca",
    "color" : "#7FCC9F",
    "position" : {
      "x" : -4.1826863,
      "y" : 4.1826863,
      "z" : 4.1826863
    },
    "orientation" : 53
  }, {
    "shape" : "95d70b9d-d1bb-4afb-9e06-5aefbb0d8550",
    "color" : "#FFFFFF",
    "position" : {
      "x" : -4.236068,
      "y" : 4.236068,
      "z" : 4.236068
    },
    "orientation" : 0
  }, {
    "shape" : "fb1cd33a-41b0-41c9-be68-ed0c457b7e51",
    "color" : "#7FCC9F",
    "position" : {
      "x" : 7.615669,
      "y" : 7.615669,
      "z" : 7.615669
    },
    "orientation" : 21
  }, {
    "shape" : "56d65af9-4726-4020-b2b1-4830a8432f2d",
    "color" : "#FFD98C",
    "position" : {
      "x" : 0.0,
      "y" : 13.708204,
      "z" : 0.0
    },
    "orientation" : 3
  }, {
    "shape" : "e96fd38d-2b0d-4ff8-9399-985155e35833",
    "color" : "#7FCC9F",
    "position" : {
      "x" : 6.212263,
      "y" : 6.212263,
      "z" : 6.212263
    },
    "orientation" : 23
  }, {
    "shape" : "c374d6f0-fb99-4e8c-a4e3-e3220a954e1a",
    "color" : "#7FCC9F",
    "position" : {
      "x" : -4.1826863,
      "y" : 4.1826863,
      "z" : 4.1826863
    },
    "orientation" : 53
  }, {
    "shape" : "5c6a7e17-d6cc-48bb-939a-23c0a99a1b59",
    "color" : "#7FCC9F",
    "position" : {
      "x" : 7.1434464,
      "y" : 7.1434464,
      "z" : 4.486068
    },
    "orientation" : 21
  }, {
    "shape" : "f85e43d4-c243-4ab1-b225-d741fbc7b476",
    "color" : "#7FCC9F",
    "position" : {
      "x" : -7.615669,
      "y" : 7.615669,
      "z" : -7.615669
    },
    "orientation" : 22
  }, {
    "shape" : "82836a69-819a-431f-9296-14df110fee1e",
    "color" : "#7FCC9F",
    "position" : {
      "x" : -4.236068,
      "y" : 4.236068,
      "z" : 4.236068
    },
    "orientation" : 37
  }, {
    "shape" : "fb1cd33a-41b0-41c9-be68-ed0c457b7e51",
    "color" : "#7FCC9F",
    "position" : {
      "x" : -7.615669,
      "y" : 7.615669,
      "z" : -7.615669
    },
    "orientation" : 36
  }, {
    "shape" : "73528e76-6261-4d5d-9bca-cd5b6edd6d57",
    "color" : "#FFD98C",
    "position" : {
      "x" : -6.212263,
      "y" : 6.212263,
      "z" : -6.212263
    },
    "orientation" : 54
  }, {
    "shape" : "06f578dd-ded6-4b3f-b28e-c505a45e0570",
    "color" : "#7FCC9F",
    "position" : {
      "x" : -4.489776,
      "y" : 7.073507,
      "z" : -7.073507
    },
    "orientation" : 22
  }, {
    "shape" : "e96fd38d-2b0d-4ff8-9399-985155e35833",
    "color" : "#7FCC9F",
    "position" : {
      "x" : -6.212263,
      "y" : 6.212263,
      "z" : -6.212263
    },
    "orientation" : 38
  }, {
    "shape" : "b5f00a8a-95e4-4e9a-8ab5-86acaaf3a969",
    "color" : "#FFD98C",
    "position" : {
      "x" : 7.615669,
      "y" : 7.615669,
      "z" : 7.615669
    },
    "orientation" : 9
  }, {
    "shape" : "5e56a889-9411-4027-b5f1-f7344d47bba8",
    "color" : "#7FCC9F",
    "position" : {
      "x" : -6.2576537,
      "y" : 6.2576537,
      "z" : -6.2576537
    },
    "orientation" : 36
  }, {
    "shape" : "af3376f9-f495-4101-97f3-d193dc775504",
    "color" : "#FFD98C",
    "position" : {
      "x" : -7.615669,
      "y" : 7.615669,
      "z" : -7.615669
    },
    "orientation" : 54
  }, {
    "shape" : "06f578dd-ded6-4b3f-b28e-c505a45e0570",
    "color" : "#7FCC9F",
    "position" : {
      "x" : 4.489776,
      "y" : 7.073507,
      "z" : 7.073507
    },
    "orientation" : 37
  }, {
    "shape" : "827777ea-d47c-45c6-b59f-dd2663d858d3",
    "color" : "#FFD98C",
    "position" : {
      "x" : 0.0,
      "y" : 13.708204,
      "z" : 0.0
    },
    "orientation" : 3
  }, {
    "shape" : "f85e43d4-c243-4ab1-b225-d741fbc7b476",
    "color" : "#7FCC9F",
    "position" : {
      "x" : 7.615669,
      "y" : 7.615669,
      "z" : 7.615669
    },
    "orientation" : 37
  }, {
    "shape" : "7ba60cf1-6415-47df-a570-9680b1c45427",
    "color" : "#FFFFFF",
    "position" : {
      "x" : 0.10820393,
      "y" : 0.10820393,
      "z" : -10.97349
    },
    "orientation" : 0
  }, {
    "shape" : "0ad1350b-5651-4e30-b78b-5629dc4f940a",
    "color" : "#7FCC9F",
    "position" : {
      "x" : 4.489776,
      "y" : 7.073507,
      "z" : 7.073507
    },
    "orientation" : 37
  }, {
    "shape" : "90bd25f2-5880-4156-b428-03ffe2fc4976",
    "color" : "#7FCC9F",
    "position" : {
      "x" : 0.0,
      "y" : 0.0,
      "z" : 10.97349
    },
    "orientation" : 36
  }, {
    "shape" : "62e3d2db-49af-44bd-916c-7f3bab8b1fab",
    "color" : "#7FC6E0",
    "position" : {
      "x" : 0.14589803,
      "y" : 0.14589803,
      "z" : 0.14589803
    },
    "orientation" : 47
  }, {
    "shape" : "d17d5105-9bd4-45fa-9476-d7de5abc46e9",
    "color" : "#7FCC9F",
    "position" : {
      "x" : 6.212263,
      "y" : 6.212263,
      "z" : 6.212263
    },
    "orientation" : 21
  }, {
    "shape" : "90bd25f2-5880-4156-b428-03ffe2fc4976",
    "color" : "#7FCC9F",
    "position" : {
      "x" : 0.0,
      "y" : 0.0,
      "z" : -10.97349
    },
    "orientation" : 21
  }, {
    "shape" : "2b73b7c2-fc3e-431c-980b-4ea9d431662e",
    "color" : "#7FC6E0",
    "position" : {
      "x" : -0.14589803,
      "y" : 11.053018,
      "z" : 0.14589803
    },
    "orientation" : 47
  }, {
    "shape" : "0ad1350b-5651-4e30-b78b-5629dc4f940a",
    "color" : "#7FCC9F",
    "position" : {
      "x" : -4.489776,
      "y" : 7.073507,
      "z" : -7.073507
    },
    "orientation" : 22
  }, {
    "shape" : "b3468024-54e8-4702-9b49-4e5a66ea7ee6",
    "color" : "#FFD98C",
    "position" : {
      "x" : 0.0,
      "y" : 13.708204,
      "z" : 0.0
    },
    "orientation" : 4
  }, {
    "shape" : "af3376f9-f495-4101-97f3-d193dc775504",
    "color" : "#FFD98C",
    "position" : {
      "x" : 7.615669,
      "y" : 7.615669,
      "z" : 7.615669
    },
    "orientation" : 9
  }, {
    "shape" : "c374d6f0-fb99-4e8c-a4e3-e3220a954e1a",
    "color" : "#7FCC9F",
    "position" : {
      "x" : 4.1826863,
      "y" : 4.1826863,
      "z" : -4.1826863
    },
    "orientation" : 8
  }, {
    "shape" : "5c6a7e17-d6cc-48bb-939a-23c0a99a1b59",
    "color" : "#7FCC9F",
    "position" : {
      "x" : -7.1434464,
      "y" : 7.1434464,
      "z" : -4.486068
    },
    "orientation" : 36
  }, {
    "shape" : "5e56a889-9411-4027-b5f1-f7344d47bba8",
    "color" : "#7FCC9F",
    "position" : {
      "x" : 6.2576537,
      "y" : 6.2576537,
      "z" : 6.2576537
    },
    "orientation" : 21
  }, {
    "shape" : "f8047afa-5a24-46bb-9977-62c4a7585ae5",
    "color" : "#7FCC9F",
    "position" : {
      "x" : 4.486068,
      "y" : 9.800825,
      "z" : 4.486068
    },
    "orientation" : 23
  }, {
    "shape" : "b5f00a8a-95e4-4e9a-8ab5-86acaaf3a969",
    "color" : "#FFD98C",
    "position" : {
      "x" : -7.615669,
      "y" : 7.615669,
      "z" : -7.615669
    },
    "orientation" : 54
  }, {
    "shape" : "36f5cd32-f51b-419b-b6e0-87bf51701d36",
    "color" : "#FFFFFF",
    "position" : {
      "x" : -0.10820393,
      "y" : 0.10820393,
      "z" : 10.97349
    },
    "orientation" : 31
  } ],
  "scenes" : [ {
    "title" : "",
    "content" : "",
    "view" : {
      "viewDistance" : 117.787186,
      "lookAtPointRV" : {
        "x" : 0.0,
        "y" : 0.0,
        "z" : 0.0,
        "zero" : true
      },
      "lookDirectionRV" : {
        "x" : 0.41527328,
        "y" : -0.06849327,
        "z" : -0.9070757,
        "zero" : false
      },
      "upDirectionRV" : {
        "x" : 0.042604625,
        "y" : 0.99742204,
        "z" : -0.055806905,
        "zero" : false
      },
      "lookDirection" : {
        "x" : 0.41527328,
        "y" : -0.06849327,
        "z" : -0.9070757
      },
      "nearClipDistance" : 0.29446942,
      "farClipDistance" : 235.57497,
      "lookAtPoint" : {
        "x" : 0.0,
        "y" : 0.0,
        "z" : 0.0
      },
      "upDirection" : {
        "x" : 0.042604625,
        "y" : 0.99742204,
        "z" : -0.055806905
      },
      "stereo" : false,
      "perspective" : true,
      "fieldOfView" : 0.44262972,
      "width" : 53.004337,
      "position" : {
        "x" : -48.91387,
        "y" : 8.06763,
        "z" : 106.841896
      }
    },
    "snapshot" : 5
  }, {
    "title" : "",
    "content" : "",
    "view" : {
      "viewDistance" : 125.07073,
      "lookAtPointRV" : {
        "x" : 0.0,
        "y" : 0.0,
        "z" : 0.0,
        "zero" : true
      },
      "lookDirectionRV" : {
        "x" : 0.18645276,
        "y" : -0.12411193,
        "z" : -0.9745576,
        "zero" : false
      },
      "upDirectionRV" : {
        "x" : 0.07435814,
        "y" : 0.99081635,
        "z" : -0.111953065,
        "zero" : false
      },
      "lookDirection" : {
        "x" : 0.18645276,
        "y" : -0.12411193,
        "z" : -0.9745576
      },
      "nearClipDistance" : 0.31267837,
      "farClipDistance" : 250.1421,
      "lookAtPoint" : {
        "x" : 0.0,
        "y" : 0.0,
        "z" : 0.0
      },
      "upDirection" : {
        "x" : 0.07435814,
        "y" : 0.99081635,
        "z" : -0.111953065
      },
      "stereo" : false,
      "perspective" : true,
      "fieldOfView" : 0.44262975,
      "width" : 56.281944,
      "position" : {
        "x" : -23.319784,
        "y" : 15.52277,
        "z" : 121.888626
      }
    },
    "snapshot" : 6
  }, {
    "title" : "",
    "content" : "",
    "view" : {
      "viewDistance" : 125.07073,
      "lookAtPointRV" : {
        "x" : 0.0,
        "y" : 0.0,
        "z" : 0.0,
        "zero" : true
      },
      "lookDirectionRV" : {
        "x" : 0.065746,
        "y" : -0.11754837,
        "z" : -0.9908537,
        "zero" : false
      },
      "upDirectionRV" : {
        "x" : 0.06701868,
        "y" : 0.9912051,
        "z" : -0.11314003,
        "zero" : false
      },
      "lookDirection" : {
        "x" : 0.065746,
        "y" : -0.11754837,
        "z" : -0.9908537
      },
      "nearClipDistance" : 0.31267837,
      "farClipDistance" : 250.1421,
      "lookAtPoint" : {
        "x" : 0.0,
        "y" : 0.0,
        "z" : 0.0
      },
      "upDirection" : {
        "x" : 0.06701868,
        "y" : 0.9912051,
        "z" : -0.11314003
      },
      "stereo" : false,
      "perspective" : true,
      "fieldOfView" : 0.44262975,
      "width" : 56.281944,
      "position" : {
        "x" : -8.2229,
        "y" : 14.70186,
        "z" : 123.9268
      }
    },
    "snapshot" : 7
  }, {
    "title" : "",
    "content" : "",
    "view" : {
      "viewDistance" : 125.07073,
      "lookAtPointRV" : {
        "x" : 0.0,
        "y" : 0.0,
        "z" : 0.0,
        "zero" : true
      },
      "lookDirectionRV" : {
        "x" : 0.065746,
        "y" : -0.11754837,
        "z" : -0.9908537,
        "zero" : false
      },
      "upDirectionRV" : {
        "x" : 0.06701868,
        "y" : 0.9912051,
        "z" : -0.11314003,
        "zero" : false
      },
      "lookDirection" : {
        "x" : 0.065746,
        "y" : -0.11754837,
        "z" : -0.9908537
      },
