{
  "field" : "golden",
  "symmetry" : "icosahedral",
  "orientations" : [ [ 1.0, 0.0, 0.0, 0.0, 0.0, 1.0, 0.0, 0.0, 0.0, 0.0, 1.0, 0.0, 0.0, 0.0, 0.0, 1.0 ], [ 0.0, 0.0, 1.0, 0.0, 1.0, 0.0, 0.0, 0.0, 0.0, 1.0, 0.0, 0.0, 0.0, 0.0, 0.0, 1.0 ], [ 0.0, 1.0, 0.0, 0.0, 0.0, 0.0, 1.0, 0.0, 1.0, 0.0, 0.0, 0.0, 0.0, 0.0, 0.0, 1.0 ], [ 0.809017, 0.309017, 0.5, 0.0, 0.309017, 0.5, -0.809017, 0.0, -0.5, 0.809017, 0.309017, 0.0, 0.0, 0.0, 0.0, 1.0 ], [ -0.5, 0.809017, 0.309017, 0.0, 0.809017, 0.309017, 0.5, 0.0, 0.309017, 0.5, -0.809017, 0.0, 0.0, 0.0, 0.0, 1.0 ], [ 0.309017, 0.5, -0.809017, 0.0, -0.5, 0.809017, 0.309017, 0.0, 0.809017, 0.309017, 0.5, 0.0, 0.0, 0.0, 0.0, 1.0 ], [ 0.5, 0.809017, 0.309017, 0.0, 0.809017, -0.309017, -0.5, 0.0, -0.309017, 0.5, -0.809017, 0.0, 0.0, 0.0, 0.0, 1.0 ], [ -0.309017, 0.5, -0.809017, 0.0, 0.5, 0.809017, 0.309017, 0.0, 0.809017, -0.309017, -0.5, 0.0, 0.0, 0.0, 0.0, 1.0 ], [ 0.809017, -0.309017, -0.5, 0.0, -0.309017, 0.5, -0.809017, 0.0, 0.5, 0.809017, 0.309017, 0.0, 0.0, 0.0, 0.0, 1.0 ], [ 0.5, 0.809017, -0.309017, 0.0, 0.809017, -0.309017, 0.5, 0.0, 0.309017, -0.5, -0.809017, 0.0, 0.0, 0.0, 0.0, 1.0 ], [ 0.309017, -0.5, -0.809017, 0.0, 0.5, 0.809017, -0.309017, 0.0, 0.809017, -0.309017, 0.5, 0.0, 0.0, 0.0, 0.0, 1.0 ], [ 0.809017, -0.309017, 0.5, 0.0, 0.309017, -0.5, -0.809017, 0.0, 0.5, 0.809017, -0.309017, 0.0, 0.0, 0.0, 0.0, 1.0 ], [ 0.809017, 0.309017, -0.5, 0.0, 0.309017, 0.5, 0.809017, 0.0, 0.5, -0.809017, 0.309017, 0.0, 0.0, 0.0, 0.0, 1.0 ], [ 0.5, -0.809017, 0.309017, 0.0, 0.809017, 0.309017, -0.5, 0.0, 0.309017, 0.5, 0.809017, 0.0, 0.0, 0.0, 0.0, 1.0 ], [ 0.309017, 0.5, 0.809017, 0.0, 0.5, -0.809017, 0.309017, 0.0, 0.809017, 0.309017, -0.5, 0.0, 0.0, 0.0, 0.0, 1.0 ], [ 1.0, 0.0, 0.0, 0.0, 0.0, -1.0, 0.0, 0.0, 0.0, 0.0, -1.0, 0.0, 0.0, 0.0, 0.0, 1.0 ], [ 0.0, 0.0, 1.0, 0.0, -1.0, 0.0, 0.0, 0.0, 0.0, -1.0, 0.0, 0.0, 0.0, 0.0, 0.0, 1.0 ], [ 0.0, 1.0, 0.0, 0.0, 0.0, 0.0, -1.0, 0.0, -1.0, 0.0, 0.0, 0.0, 0.0, 0.0, 0.0, 1.0 ], [ 0.809017, 0.309017, 0.5, 0.0, -0.309017, -0.5, 0.809017, 0.0, 0.5, -0.809017, -0.309017, 0.0, 0.0, 0.0, 0.0, 1.0 ], [ -0.5, 0.809017, 0.309017, 0.0, -0.809017, -0.309017, -0.5, 0.0, -0.309017, -0.5, 0.809017, 0.0, 0.0, 0.0, 0.0, 1.0 ], [ 0.309017, 0.5, -0.809017, 0.0, 0.5, -0.809017, -0.309017, 0.0, -0.809017, -0.309017, -0.5, 0.0, 0.0, 0.0, 0.0, 1.0 ], [ 0.5, 0.809017, 0.309017, 0.0, -0.809017, 0.309017, 0.5, 0.0, 0.309017, -0.5, 0.809017, 0.0, 0.0, 0.0, 0.0, 1.0 ], [ -0.309017, 0.5, -0.809017, 0.0, -0.5, -0.809017, -0.309017, 0.0, -0.809017, 0.309017, 0.5, 0.0, 0.0, 0.0, 0.0, 1.0 ], [ 0.809017, -0.309017, -0.5, 0.0, 0.309017, -0.5, 0.809017, 0.0, -0.5, -0.809017, -0.309017, 0.0, 0.0, 0.0, 0.0, 1.0 ], [ 0.5, 0.809017, -0.309017, 0.0, -0.809017, 0.309017, -0.5, 0.0, -0.309017, 0.5, 0.809017, 0.0, 0.0, 0.0, 0.0, 1.0 ], [ 0.309017, -0.5, -0.809017, 0.0, -0.5, -0.809017, 0.309017, 0.0, -0.809017, 0.309017, -0.5, 0.0, 0.0, 0.0, 0.0, 1.0 ], [ 0.809017, -0.309017, 0.5, 0.0, -0.309017, 0.5, 0.809017, 0.0, -0.5, -0.809017, 0.309017, 0.0, 0.0, 0.0, 0.0, 1.0 ], [ 0.809017, 0.309017, -0.5, 0.0, -0.309017, -0.5, -0.809017, 0.0, -0.5, 0.809017, -0.309017, 0.0, 0.0, 0.0, 0.0, 1.0 ], [ 0.5, -0.809017, 0.309017, 0.0, -0.809017, -0.309017, 0.5, 0.0, -0.309017, -0.5, -0.809017, 0.0, 0.0, 0.0, 0.0, 1.0 ], [ 0.309017, 0.5, 0.809017, 0.0, -0.5, 0.809017, -0.309017, 0.0, -0.809017, -0.309017, 0.5, 0.0, 0.0, 0.0, 0.0, 1.0 ], [ -1.0, 0.0, 0.0, 0.0, 0.0, -1.0, 0.0, 0.0, 0.0, 0.0, 1.0, 0.0, 0.0, 0.0, 0.0, 1.0 ], [ 0.0, 0.0, -1.0, 0.0, -1.0, 0.0, 0.0, 0.0, 0.0, 1.0, 0.0, 0.0, 0.0, 0.0, 0.0, 1.0 ], [ 0.0, -1.0, 0.0, 0.0, 0.0, 0.0, -1.0, 0.0, 1.0, 0.0, 0.0, 0.0, 0.0, 0.0, 0.0, 1.0 ], [ -0.809017, -0.309017, -0.5, 0.0, -0.309017, -0.5, 0.809017, 0.0, -0.5, 0.809017, 0.309017, 0.0, 0.0, 0.0, 0.0, 1.0 ], [ 0.5, -0.809017, -0.309017, 0.0, -0.809017, -0.309017, -0.5, 0.0, 0.309017, 0.5, -0.809017, 0.0, 0.0, 0.0, 0.0, 1.0 ], [ -0.309017, -0.5, 0.809017, 0.0, 0.5, -0.809017, -0.309017, 0.0, 0.809017, 0.309017, 0.5, 0.0, 0.0, 0.0, 0.0, 1.0 ], [ -0.5, -0.809017, -0.309017, 0.0, -0.809017, 0.309017, 0.5, 0.0, -0.309017, 0.5, -0.809017, 0.0, 0.0, 0.0, 0.0, 1.0 ], [ 0.309017, -0.5, 0.809017, 0.0, -0.5, -0.809017, -0.309017, 0.0, 0.809017, -0.309017, -0.5, 0.0, 0.0, 0.0, 0.0, 1.0 ], [ -0.809017, 0.309017, 0.5, 0.0, 0.309017, -0.5, 0.809017, 0.0, 0.5, 0.809017, 0.309017, 0.0, 0.0, 0.0, 0.0, 1.0 ], [ -0.5, -0.809017, 0.309017, 0.0, -0.809017, 0.309017, -0.5, 0.0, 0.309017, -0.5, -0.809017, 0.0, 0.0, 0.0, 0.0, 1.0 ], [ -0.309017, 0.5, 0.809017, 0.0, -0.5, -0.809017, 0.309017, 0.0, 0.809017, -0.309017, 0.5, 0.0, 0.0, 0.0, 0.0, 1.0 ], [ -0.809017, 0.309017, -0.5, 0.0, -0.309017, 0.5, 0.809017, 0.0, 0.5, 0.809017, -0.309017, 0.0, 0.0, 0.0, 0.0, 1.0 ], [ -0.809017, -0.309017, 0.5, 0.0, -0.309017, -0.5, -0.809017, 0.0, 0.5, -0.809017, 0.309017, 0.0, 0.0, 0.0, 0.0, 1.0 ], [ -0.5, 0.809017, -0.309017, 0.0, -0.809017, -0.309017, 0.5, 0.0, 0.309017, 0.5, 0.809017, 0.0, 0.0, 0.0, 0.0, 1.0 ], [ -0.309017, -0.5, -0.809017, 0.0, -0.5, 0.809017, -0.309017, 0.0, 0.809017, 0.309017, -0.5, 0.0, 0.0, 0.0, 0.0, 1.0 ], [ -1.0, 0.0, 0.0, 0.0, 0.0, 1.0, 0.0, 0.0, 0.0, 0.0, -1.0, 0.0, 0.0, 0.0, 0.0, 1.0 ], [ 0.0, 0.0, -1.0, 0.0, 1.0, 0.0, 0.0, 0.0, 0.0, -1.0, 0.0, 0.0, 0.0, 0.0, 0.0, 1.0 ], [ 0.0, -1.0, 0.0, 0.0, 0.0, 0.0, 1.0, 0.0, -1.0, 0.0, 0.0, 0.0, 0.0, 0.0, 0.0, 1.0 ], [ -0.809017, -0.309017, -0.5, 0.0, 0.309017, 0.5, -0.809017, 0.0, 0.5, -0.809017, -0.309017, 0.0, 0.0, 0.0, 0.0, 1.0 ], [ 0.5, -0.809017, -0.309017, 0.0, 0.809017, 0.309017, 0.5, 0.0, -0.309017, -0.5, 0.809017, 0.0, 0.0, 0.0, 0.0, 1.0 ], [ -0.309017, -0.5, 0.809017, 0.0, -0.5, 0.809017, 0.309017, 0.0, -0.809017, -0.309017, -0.5, 0.0, 0.0, 0.0, 0.0, 1.0 ], [ -0.5, -0.809017, -0.309017, 0.0, 0.809017, -0.309017, -0.5, 0.0, 0.309017, -0.5, 0.809017, 0.0, 0.0, 0.0, 0.0, 1.0 ], [ 0.309017, -0.5, 0.809017, 0.0, 0.5, 0.809017, 0.309017, 0.0, -0.809017, 0.309017, 0.5, 0.0, 0.0, 0.0, 0.0, 1.0 ], [ -0.809017, 0.309017, 0.5, 0.0, -0.309017, 0.5, -0.809017, 0.0, -0.5, -0.809017, -0.309017, 0.0, 0.0, 0.0, 0.0, 1.0 ], [ -0.5, -0.809017, 0.309017, 0.0, 0.809017, -0.309017, 0.5, 0.0, -0.309017, 0.5, 0.809017, 0.0, 0.0, 0.0, 0.0, 1.0 ], [ -0.309017, 0.5, 0.809017, 0.0, 0.5, 0.809017, -0.309017, 0.0, -0.809017, 0.309017, -0.5, 0.0, 0.0, 0.0, 0.0, 1.0 ], [ -0.809017, 0.309017, -0.5, 0.0, 0.309017, -0.5, -0.809017, 0.0, -0.5, -0.809017, 0.309017, 0.0, 0.0, 0.0, 0.0, 1.0 ], [ -0.809017, -0.309017, 0.5, 0.0, 0.309017, 0.5, 0.809017, 0.0, -0.5, 0.809017, -0.309017, 0.0, 0.0, 0.0, 0.0, 1.0 ], [ -0.5, 0.809017, -0.309017, 0.0, 0.809017, 0.309017, -0.5, 0.0, -0.309017, -0.5, -0.809017, 0.0, 0.0, 0.0, 0.0, 1.0 ], [ -0.309017, -0.5, -0.809017, 0.0, 0.5, -0.809017, 0.309017, 0.0, -0.809017, -0.309017, 0.5, 0.0, 0.0, 0.0, 0.0, 1.0 ] ],
  "lights" : {
    "backgroundColor" : "#FFFFFF",
    "ambientColor" : "#292929",
    "directionalLights" : [ {
      "direction" : {
        "x" : 1.0,
        "y" : -1.0,
        "z" : -1.0
      },
      "color" : "#EBEBE4"
    }, {
      "direction" : {
        "x" : -1.0,
        "y" : 0.0,
        "z" : 0.0
      },
      "color" : "#E4E4EB"
    }, {
      "direction" : {
        "x" : 0.0,
        "y" : 0.0,
        "z" : -1.0
      },
      "color" : "#1E1E1E"
    } ]
  },
  "camera" : {
    "perspective" : true,
    "viewDistance" : 326.64676,
    "nearClipDistance" : 0.81661624,
    "farClipDistance" : 653.2921,
    "lookAtPoint" : {
      "x" : 0.0,
      "y" : 0.0,
      "z" : 0.0
    },
    "fieldOfView" : 0.4426291,
    "lookDirection" : {
      "x" : 0.0,
      "y" : 0.0,
      "z" : -1.0
    },
    "upDirection" : {
      "x" : 0.0,
      "y" : 1.0,
      "z" : 0.0
    },
    "stereo" : false,
    "width" : 146.99112,
    "position" : {
      "x" : 0.0,
      "y" : 0.0,
      "z" : 326.64676
    }
  },
  "embedding" : [ 1.0, 0.0, 0.0, 0.0, 0.0, 1.0, 0.0, 0.0, 0.0, 0.0, 1.0, 0.0, 0.0, 0.0, 0.0, 1.0 ],
  "shapes" : [ {
    "id" : "a83a5760-96e7-4185-81ed-e9cc1af4f8a8",
    "vertices" : [ {
      "x" : 17.944271,
      "y" : -17.944271,
      "z" : -9.472136
    }, {
      "x" : 26.416409,
      "y" : -26.416409,
      "z" : -9.472136
    }, {
      "x" : 26.416409,
      "y" : -17.944271,
      "z" : -1.0
    } ],
    "faces" : [ {
      "vertices" : [ 0, 1, 2 ]
    }, {
      "vertices" : [ 0, 2, 1 ]
    } ]
  }, {
    "id" : "fa3b1194-18be-4058-a7da-e14aff7034da",
    "vertices" : [ {
      "x" : 20.562305,
      "y" : -13.708204,
      "z" : 11.09017
    }, {
      "x" : 17.944271,
      "y" : -23.18034,
      "z" : 4.236068
    }, {
      "x" : 22.18034,
      "y" : -24.798374,
      "z" : 15.326238
    } ],
    "faces" : [ {
      "vertices" : [ 0, 1, 2 ]
    }, {
      "vertices" : [ 0, 2, 1 ]
    } ]
  }, {
    "id" : "742931a2-a2b6-4e16-8f97-f2082ea80d1f",
    "vertices" : [ {
      "x" : -12.09017,
      "y" : 0.0,
      "z" : -38.506577
    }, {
      "x" : -13.708204,
      "y" : 11.09017,
      "z" : -34.27051
    }, {
      "x" : -16.326239,
      "y" : 1.618034,
      "z" : -27.416409
    } ],
    "faces" : [ {
      "vertices" : [ 0, 1, 2 ]
    }, {
      "vertices" : [ 0, 2, 1 ]
    } ]
  }, {
    "id" : "d891f289-fdae-4786-8b56-edc4aef905f1",
    "vertices" : [ {
      "x" : 34.888542,
      "y" : 17.944271,
      "z" : -9.472136
    }, {
      "x" : 37.506577,
      "y" : 8.472136,
      "z" : -2.618034
    }, {
      "x" : 28.034441,
      "y" : 15.326238,
      "z" : 0.0
    } ],
    "faces" : [ {
      "vertices" : [ 0, 1, 2 ]
    }, {
      "vertices" : [ 0, 2, 1 ]
    } ]
  }, {
    "id" : "6babcdb9-0d46-41ca-9f85-28463f0f1b75",
    "vertices" : [ {
      "x" : 17.944271,
      "y" : 17.944271,
      "z" : 9.472136
    }, {
      "x" : 26.416409,
      "y" : 26.416409,
      "z" : 9.472136
    }, {
      "x" : 26.416409,
      "y" : 17.944271,
      "z" : 1.0
    } ],
    "faces" : [ {
      "vertices" : [ 0, 1, 2 ]
    }, {
      "vertices" : [ 0, 2, 1 ]
    } ]
  }, {
    "id" : "03dcbbb1-f552-44d4-8919-97f2554d562e",
    "vertices" : [ {
      "x" : 17.944271,
      "y" : -31.652475,
      "z" : -4.236068
    }, {
      "x" : 15.326238,
      "y" : -22.18034,
      "z" : 2.618034
    }, {
      "x" : 13.708204,
      "y" : -33.27051,
      "z" : 6.854102
    } ],
    "faces" : [ {
      "vertices" : [ 0, 1, 2 ]
    }, {
      "vertices" : [ 0, 2, 1 ]
    } ]
  }, {
    "id" : "f74597b7-4050-4240-a96b-a45bad5b595a",
    "vertices" : [ {
      "x" : -13.708204,
      "y" : 11.09017,
      "z" : 23.798374
    }, {
      "x" : -17.944271,
      "y" : 9.472136,
      "z" : 34.888542
    }, {
      "x" : -15.326238,
      "y" : 0.0,
      "z" : 28.034441
    } ],
    "faces" : [ {
      "vertices" : [ 0, 1, 2 ]
    }, {
      "vertices" : [ 0, 2, 1 ]
    } ]
  }, {
    "id" : "6a18225a-ff56-43ca-ab2e-c60b0e8b27b3",
    "vertices" : [ {
      "x" : 6.854102,
      "y" : -8.472136,
      "z" : -24.798374
    }, {
      "x" : -4.236068,
      "y" : -4.236068,
      "z" : -26.416409
    }, {
      "x" : 2.618034,
      "y" : -6.854102,
      "z" : -35.888542
    } ],
    "faces" : [ {
      "vertices" : [ 0, 1, 2 ]
    }, {
      "vertices" : [ 0, 2, 1 ]
    } ]
  }, {
    "id" : "4917ee7d-f43a-44c2-a071-92df1f952b36",
    "vertices" : [ {
      "x" : 22.18034,
      "y" : -24.798374,
      "z" : 15.326238
    }, {
      "x" : 29.034441,
      "y" : -27.416409,
      "z" : 5.854102
    }, {
      "x" : 17.944271,
      "y" : -23.18034,
      "z" : 4.236068
    } ],
    "faces" : [ {
      "vertices" : [ 0, 1, 2 ]
    }, {
      "vertices" : [ 0, 2, 1 ]
    } ]
  }, {
    "id" : "e7cca426-c7dc-4456-a1a0-00e422a92ae6",
    "vertices" : [ {
      "x" : 11.09017,
      "y" : -20.562305,
      "z" : 13.708204
    }, {
      "x" : 4.236068,
      "y" : -17.944271,
      "z" : 23.18034
    }, {
      "x" : 15.326238,
      "y" : -22.18034,
      "z" : 24.798374
    } ],
    "faces" : [ {
      "vertices" : [ 0, 1, 2 ]
    }, {
      "vertices" : [ 0, 2, 1 ]
    } ]
  }, {
    "id" : "89b61254-78d5-4fc2-85e2-4ce0fce1fe58",
    "vertices" : [ {
      "x" : -11.09017,
      "y" : 34.27051,
      "z" : -13.708204
    }, {
      "x" : -8.472136,
      "y" : 24.798374,
      "z" : -6.854102
    }, {
      "x" : -6.854102,
      "y" : 35.888542,
      "z" : -2.618034
    } ],
    "faces" : [ {
      "vertices" : [ 0, 1, 2 ]
    }, {
      "vertices" : [ 0, 2, 1 ]
    } ]
  }, {
    "id" : "25dd7d82-4128-4a02-8426-ebadd2355620",
    "vertices" : [ {
      "x" : 26.416409,
      "y" : 17.944271,
      "z" : 17.944271
    }, {
      "x" : 17.944271,
      "y" : 17.944271,
      "z" : 9.472136
    }, {
      "x" : 17.944271,
      "y" : 26.416409,
      "z" : 17.944271
    } ],
    "faces" : [ {
      "vertices" : [ 0, 1, 2 ]
    }, {
      "vertices" : [ 0, 2, 1 ]
    } ]
  }, {
    "id" : "ae945f7f-2f85-4ad9-8130-6c8a50424583",
    "vertices" : [ {
      "x" : 2.618034,
      "y" : 6.854102,
      "z" : 35.888542
    }, {
      "x" : 12.09017,
      "y" : 0.0,
      "z" : 38.506577
    }, {
      "x" : 5.236068,
      "y" : -2.618034,
      "z" : 29.034441
    } ],
    "faces" : [ {
      "vertices" : [ 0, 1, 2 ]
    }, {
      "vertices" : [ 0, 2, 1 ]
    } ]
  }, {
    "id" : "386ce644-1be3-42ed-8f21-efb1ef91db09",
    "vertices" : [ {
      "x" : -15.326238,
      "y" : 0.0,
      "z" : 5.854102
    }, {
      "x" : -26.416409,
      "y" : 4.236068,
      "z" : 4.236068
    }, {
      "x" : -24.798374,
      "y" : -6.854102,
      "z" : 8.472136
    } ],
    "faces" : [ {
      "vertices" : [ 0, 1, 2 ]
    }, {
      "vertices" : [ 0, 2, 1 ]
    } ]
  }, {
    "id" : "c84e1401-b775-431a-bb67-153c3f1f1b35",
    "vertices" : [ {
      "x" : 9.472136,
      "y" : -34.888542,
      "z" : 17.944271
    }, {
      "x" : -1.618034,
      "y" : -39.12461,
      "z" : 19.562305
    }, {
      "x" : 0.0,
      "y" : -28.034441,
      "z" : 15.326238
    } ],
    "faces" : [ {
      "vertices" : [ 0, 1, 2 ]
    }, {
      "vertices" : [ 0, 2, 1 ]
    } ]
  }, {
    "id" : "1d1e2abc-efda-4757-b12f-8028187a9e0b",
    "vertices" : [ {
      "x" : -9.472136,
      "y" : -26.416409,
      "z" : 9.472136
    }, {
      "x" : -9.472136,
      "y" : -34.888542,
      "z" : 17.944271
    }, {
      "x" : -1.0,
      "y" : -26.416409,
      "z" : 17.944271
    } ],
    "faces" : [ {
      "vertices" : [ 0, 1, 2 ]
    }, {
      "vertices" : [ 0, 2, 1 ]
    } ]
  }, {
    "id" : "7cdff7dd-4ef7-4eed-98dd-1890da1fd6e5",
    "vertices" : [ {
      "x" : 23.18034,
      "y" : 4.236068,
      "z" : -17.944271
    }, {
      "x" : 27.416409,
      "y" : 5.854102,
      "z" : -29.034441
    }, {
      "x" : 34.27051,
      "y" : 8.472136,
      "z" : -19.562305
    } ],
    "faces" : [ {
      "vertices" : [ 0, 1, 2 ]
    }, {
      "vertices" : [ 0, 2, 1 ]
    } ]
  }, {
    "id" : "59f39773-79c8-4281-823b-9e042c9ea15f",
    "vertices" : [ {
      "x" : 17.944271,
      "y" : -26.416409,
      "z" : -17.944271
    }, {
      "x" : 9.472136,
      "y" : -17.944271,
      "z" : -17.944271
    }, {
      "x" : 17.944271,
      "y" : -17.944271,
      "z" : -26.416409
    } ],
    "faces" : [ {
      "vertices" : [ 0, 1, 2 ]
    }, {
      "vertices" : [ 0, 2, 1 ]
    } ]
  }, {
    "id" : "c4eeb0a6-964c-4b25-a5a9-da085756dab3",
    "vertices" : [ {
      "x" : -22.18034,
      "y" : -2.618034,
      "z" : -15.326238
    }, {
      "x" : -20.562305,
      "y" : 8.472136,
      "z" : -19.562305
    }, {
      "x" : -31.652475,
      "y" : 4.236068,
      "z" : -17.944271
    } ],
    "faces" : [ {
      "vertices" : [ 0, 1, 2 ]
    }, {
      "vertices" : [ 0, 2, 1 ]
    } ]
  }, {
    "id" : "6e6590c7-9069-45af-b073-200abdf31ab2",
    "vertices" : [ {
      "x" : 28.034441,
      "y" : -15.326238,
      "z" : 0.0
    }, {
      "x" : 23.798374,
      "y" : -13.708204,
      "z" : 11.09017
    }, {
      "x" : 26.416409,
      "y" : -4.236068,
      "z" : 4.236068
    } ],
    "faces" : [ {
      "vertices" : [ 0, 1, 2 ]
    }, {
      "vertices" : [ 0, 2, 1 ]
    } ]
  }, {
    "id" : "fecd9b3a-229d-4d1c-a30c-e2126ef1c5c2",
    "vertices" : [ {
      "x" : 9.472136,
      "y" : -17.944271,
      "z" : -17.944271
    }, {
      "x" : 9.472136,
      "y" : -26.416409,
      "z" : -9.472136
    }, {
      "x" : 17.944271,
      "y" : -26.416409,
      "z" : -17.944271
    } ],
    "faces" : [ {
      "vertices" : [ 0, 1, 2 ]
    }, {
      "vertices" : [ 0, 2, 1 ]
    } ]
  }, {
    "id" : "c2b60b52-a599-430b-98c0-ba8dac00b3b0",
    "vertices" : [ {
      "x" : -9.472136,
      "y" : 17.944271,
      "z" : -17.944271
    }, {
      "x" : -9.472136,
      "y" : 26.416409,
      "z" : -26.416409
    }, {
      "x" : -1.0,
      "y" : 26.416409,
      "z" : -17.944271
    } ],
    "faces" : [ {
      "vertices" : [ 0, 1, 2 ]
    }, {
      "vertices" : [ 0, 2, 1 ]
    } ]
  }, {
    "id" : "8052d87c-8037-4a64-b313-c2aff9bcfce6",
    "vertices" : [ {
      "x" : 13.708204,
      "y" : -11.09017,
      "z" : 23.798374
    }, {
      "x" : 17.944271,
      "y" : -9.472136,
      "z" : 34.888542
    }, {
      "x" : 15.326238,
      "y" : 0.0,
      "z" : 28.034441
    } ],
    "faces" : [ {
      "vertices" : [ 0, 1, 2 ]
    }, {
      "vertices" : [ 0, 2, 1 ]
    } ]
  }, {
    "id" : "a744d845-521f-46f4-b9c4-2da4681c4a7e",
    "vertices" : [ {
      "x" : -1.0,
      "y" : -26.416409,
      "z" : 17.944271
    }, {
      "x" : -1.0,
      "y" : -34.888542,
      "z" : 26.416409
    }, {
      "x" : -9.472136,
      "y" : -26.416409,
      "z" : 26.416409
    } ],
    "faces" : [ {
      "vertices" : [ 0, 1, 2 ]
    }, {
      "vertices" : [ 0, 2, 1 ]
    } ]
  }, {
    "id" : "8871d4a0-a683-40a7-973f-e62405922272",
    "vertices" : [ {
      "x" : -17.944271,
      "y" : 26.416409,
      "z" : -17.944271
    }, {
      "x" : -9.472136,
      "y" : 17.944271,
      "z" : -17.944271
    }, {
      "x" : -17.944271,
      "y" : 17.944271,
      "z" : -26.416409
    } ],
    "faces" : [ {
      "vertices" : [ 0, 1, 2 ]
    }, {
      "vertices" : [ 0, 2, 1 ]
    } ]
  }, {
    "id" : "f213da8f-91ba-4596-a43b-3ed696e9f8df",
    "vertices" : [ {
      "x" : 29.034441,
      "y" : -5.236068,
      "z" : 2.618034
    }, {
      "x" : 38.506577,
      "y" : -12.09017,
      "z" : 0.0
    }, {
      "x" : 40.12461,
      "y" : -1.0,
      "z" : 4.236068
    } ],
    "faces" : [ {
      "vertices" : [ 0, 1, 2 ]
    }, {
      "vertices" : [ 0, 2, 1 ]
    } ]
  }, {
    "id" : "f0c614c4-9c83-492c-ab0f-8b7caa402696",
    "vertices" : [ {
      "x" : 20.562305,
      "y" : 8.472136,
      "z" : 19.562305
    }, {
      "x" : 27.416409,
      "y" : 5.854102,
      "z" : 29.034441
    }, {
      "x" : 17.944271,
      "y" : -1.0,
      "z" : 26.416409
    } ],
    "faces" : [ {
      "vertices" : [ 0, 1, 2 ]
    }, {
      "vertices" : [ 0, 2, 1 ]
    } ]
  }, {
    "id" : "71fcfa6a-ec64-4a16-aa2a-df1d2a67f376",
    "vertices" : [ {
      "x" : -4.236068,
      "y" : 26.416409,
      "z" : 4.236068
    }, {
      "x" : -2.618034,
      "y" : 37.506577,
      "z" : 8.472136
    }, {
      "x" : 0.0,
      "y" : 28.034441,
      "z" : 15.326238
    } ],
    "faces" : [ {
      "vertices" : [ 0, 1, 2 ]
    }, {
      "vertices" : [ 0, 2, 1 ]
    } ]
  }, {
    "id" : "e4efe125-b0ee-494c-aeca-b1ee2c60c973",
    "vertices" : [ {
      "x" : 17.944271,
      "y" : -9.472136,
      "z" : -17.944271
    }, {
      "x" : 9.472136,
      "y" : -9.472136,
      "z" : -26.416409
    }, {
      "x" : 17.944271,
      "y" : -17.944271,
      "z" : -26.416409
    } ],
    "faces" : [ {
      "vertices" : [ 0, 1, 2 ]
    }, {
      "vertices" : [ 0, 2, 1 ]
    } ]
  }, {
    "id" : "f5061a07-bb87-422a-afa1-bae933028329",
    "vertices" : [ {
      "x" : 9.472136,
      "y" : -34.888542,
      "z" : -17.944271
    }, {
      "x" : 9.472136,
      "y" : -26.416409,
      "z" : -26.416409
    }, {
      "x" : 1.0,
      "y" : -26.416409,
      "z" : -17.944271
    } ],
    "faces" : [ {
      "vertices" : [ 0, 1, 2 ]
    }, {
      "vertices" : [ 0, 2, 1 ]
    } ]
  }, {
    "id" : "c465d577-89e4-49eb-9b6a-d9e00dc91dcf",
    "vertices" : [ {
      "x" : -17.944271,
      "y" : -31.652475,
      "z" : 4.236068
    }, {
      "x" : -8.472136,
      "y" : -24.798374,
      "z" : 6.854102
    }, {
      "x" : -11.09017,
      "y" : -34.27051,
      "z" : 13.708204
    } ],
    "faces" : [ {
      "vertices" : [ 0, 1, 2 ]
    }, {
      "vertices" : [ 0, 2, 1 ]
    } ]
  }, {
    "id" : "3a7568b9-cee8-49c2-b119-22d6562aa0b0",
    "vertices" : [ {
      "x" : 15.326238,
      "y" : 22.18034,
      "z" : -2.618034
    }, {
      "x" : 8.472136,
      "y" : 24.798374,
      "z" : 6.854102
    }, {
      "x" : 17.944271,
      "y" : 31.652475,
      "z" : 4.236068
    } ],
    "faces" : [ {
      "vertices" : [ 0, 1, 2 ]
    }, {
      "vertices" : [ 0, 2, 1 ]
    } ]
  }, {
    "id" : "3f45713e-d87d-4ad5-9214-998e1cd86e95",
    "vertices" : [ {
      "x" : 29.034441,
      "y" : 27.416409,
      "z" : -5.854102
    }, {
      "x" : 31.652475,
      "y" : 17.944271,
      "z" : -12.708204
    }, {
      "x" : 27.416409,
      "y" : 16.326239,
      "z" : -1.618034
    } ],
    "faces" : [ {
      "vertices" : [ 0, 1, 2 ]
    }, {
      "vertices" : [ 0, 2, 1 ]
    } ]
  }, {
    "id" : "1db163ab-0672-4fd9-ae7c-14a93604a6a3",
    "vertices" : [ {
      "x" : 23.798374,
      "y" : 13.708204,
      "z" : -11.09017
    }, {
      "x" : 34.888542,
      "y" : 17.944271,
      "z" : -9.472136
    }, {
      "x" : 30.652475,
      "y" : 16.326239,
      "z" : -20.562305
    } ],
    "faces" : [ {
      "vertices" : [ 0, 1, 2 ]
    }, {
      "vertices" : [ 0, 2, 1 ]
    } ]
  }, {
    "id" : "39588f43-0e2a-4268-aa84-a802f55345e4",
    "vertices" : [ {
      "x" : -5.854102,
      "y" : 29.034441,
      "z" : 27.416409
    }, {
      "x" : -12.708204,
      "y" : 31.652475,
      "z" : 17.944271
    }, {
      "x" : -1.618034,
      "y" : 27.416409,
      "z" : 16.326239
    } ],
    "faces" : [ {
      "vertices" : [ 0, 1, 2 ]
    }, {
      "vertices" : [ 0, 2, 1 ]
    } ]
  }, {
    "id" : "c21db741-94ae-45b1-b845-a5af4186238e",
    "vertices" : [ {
      "x" : 17.944271,
      "y" : 1.0,
      "z" : -26.416409
    }, {
      "x" : 20.562305,
      "y" : -8.472136,
      "z" : -19.562305
    }, {
      "x" : 22.18034,
      "y" : 2.618034,
      "z" : -15.326238
    } ],
    "faces" : [ {
      "vertices" : [ 0, 1, 2 ]
    }, {
      "vertices" : [ 0, 2, 1 ]
    } ]
  }, {
    "id" : "bc5f124a-964f-4d26-b9fa-34d3e223a535",
    "vertices" : [ {
      "x" : -26.416409,
      "y" : 4.236068,
      "z" : 4.236068
    }, {
      "x" : -22.18034,
      "y" : 2.618034,
      "z" : 15.326238
    }, {
      "x" : -33.27051,
      "y" : 6.854102,
      "z" : 13.708204
    } ],
    "faces" : [ {
      "vertices" : [ 0, 1, 2 ]
    }, {
      "vertices" : [ 0, 2, 1 ]
    } ]
  }, {
    "id" : "87c50638-f046-49f5-8940-75f5c7ab2ce0",
    "vertices" : [ {
      "x" : -8.472136,
      "y" : 19.562305,
      "z" : -20.562305
    }, {
      "x" : -5.854102,
      "y" : 29.034441,
      "z" : -27.416409
    }, {
      "x" : 1.0,
      "y" : 26.416409,
      "z" : -17.944271
    } ],
    "faces" : [ {
      "vertices" : [ 0, 1, 2 ]
    }, {
      "vertices" : [ 0, 2, 1 ]
    } ]
  }, {
    "id" : "579849a3-ce14-48e6-8788-da3d11c5b349",
    "vertices" : [ {
      "x" : 17.944271,
      "y" : -1.0,
      "z" : 26.416409
    }, {
      "x" : 20.562305,
      "y" : 8.472136,
      "z" : 19.562305
    }, {
      "x" : 22.18034,
      "y" : -2.618034,
      "z" : 15.326238
    } ],
    "faces" : [ {
      "vertices" : [ 0, 1, 2 ]
    }, {
      "vertices" : [ 0, 2, 1 ]
    } ]
  }, {
    "id" : "2c8be6f3-910c-4ed9-9ada-10b94ae977f4",
    "vertices" : [ {
      "x" : 4.236068,
      "y" : -4.236068,
      "z" : 26.416409
    }, {
      "x" : 13.708204,
      "y" : -11.09017,
      "z" : 23.798374
    }, {
      "x" : 6.854102,
      "y" : -13.708204,
      "z" : 33.27051
    } ],
    "faces" : [ {
      "vertices" : [ 0, 1, 2 ]
    }, {
      "vertices" : [ 0, 2, 1 ]
    } ]
  }, {
    "id" : "6dd0f85d-b165-43e5-82d5-1cfed7b634a4",
    "vertices" : [ {
      "x" : -9.472136,
      "y" : 34.888542,
      "z" : 17.944271
    }, {
      "x" : 1.618034,
      "y" : 39.12461,
      "z" : 19.562305
    }, {
      "x" : 0.0,
      "y" : 28.034441,
      "z" : 15.326238
    } ],
    "faces" : [ {
      "vertices" : [ 0, 1, 2 ]
    }, {
      "vertices" : [ 0, 2, 1 ]
    } ]
  }, {
    "id" : "06943974-b961-4759-ae15-5fbbbef5e123",
    "vertices" : [ {
      "x" : 22.18034,
      "y" : 24.798374,
      "z" : -15.326238
    }, {
      "x" : 11.09017,
      "y" : 20.562305,
      "z" : -13.708204
    }, {
      "x" : 12.708204,
      "y" : 31.652475,
      "z" : -17.944271
    } ],
    "faces" : [ {
      "vertices" : [ 0, 1, 2 ]
    }, {
      "vertices" : [ 0, 2, 1 ]
    } ]
  }, {
    "id" : "c29b2a4c-4731-4521-b3d9-1a6c9f6c3fd4",
    "vertices" : [ {
      "x" : 5.854102,
      "y" : -29.034441,
      "z" : -27.416409
    }, {
      "x" : -5.236068,
      "y" : -24.798374,
      "z" : -29.034441
    }, {
      "x" : -1.0,
      "y" : -26.416409,
      "z" : -17.944271
    } ],
    "faces" : [ {
      "vertices" : [ 0, 1, 2 ]
    }, {
      "vertices" : [ 0, 2, 1 ]
    } ]
  }, {
    "id" : "96be9378-abb5-4e79-b6cb-bc61658e6e7a",
    "vertices" : [ {
      "x" : -22.18034,
      "y" : 2.618034,
      "z" : 15.326238
    }, {
      "x" : -29.034441,
      "y" : 5.236068,
      "z" : 24.798374
    }, {
      "x" : -17.944271,
      "y" : 1.0,
      "z" : 26.416409
    } ],
    "faces" : [ {
      "vertices" : [ 0, 1, 2 ]
    }, {
      "vertices" : [ 0, 2, 1 ]
    } ]
  }, {
    "id" : "1bcd6f82-27dd-4d8b-ac6e-2b796a9ebf00",
    "vertices" : [ {
      "x" : -17.944271,
      "y" : -31.652475,
      "z" : 4.236068
    }, {
      "x" : -29.034441,
      "y" : -27.416409,
      "z" : 5.854102
    }, {
      "x" : -19.562305,
      "y" : -20.562305,
      "z" : 8.472136
    } ],
    "faces" : [ {
      "vertices" : [ 0, 1, 2 ]
    }, {
      "vertices" : [ 0, 2, 1 ]
    } ]
  }, {
    "id" : "071dc511-e097-44ce-865b-3be1159e7fb8",
    "vertices" : [ {
      "x" : 5.854102,
      "y" : -15.326238,
      "z" : 0.0
    }, {
      "x" : 15.326238,
      "y" : -22.18034,
      "z" : 2.618034
    }, {
      "x" : 4.236068,
      "y" : -26.416409,
      "z" : 4.236068
    } ],
    "faces" : [ {
      "vertices" : [ 0, 1, 2 ]
    }, {
      "vertices" : [ 0, 2, 1 ]
    } ]
  }, {
    "id" : "d875b774-c1c0-434f-b915-14e599fccf04",
    "vertices" : [ {
      "x" : 31.652475,
      "y" : -17.944271,
      "z" : 12.708204
    }, {
      "x" : 20.562305,
      "y" : -13.708204,
      "z" : 11.09017
    }, {
      "x" : 22.18034,
      "y" : -24.798374,
      "z" : 15.326238
    } ],
    "faces" : [ {
      "vertices" : [ 0, 1, 2 ]
    }, {
      "vertices" : [ 0, 2, 1 ]
    } ]
  }, {
    "id" : "fcc89ac0-d2b8-48a0-8aeb-4eeefdebc71e",
    "vertices" : [ {
      "x" : -17.944271,
      "y" : -9.472136,
      "z" : 17.944271
    }, {
      "x" : -9.472136,
      "y" : -17.944271,
      "z" : 17.944271
    }, {
      "x" : -17.944271,
      "y" : -17.944271,
      "z" : 26.416409
    } ],
    "faces" : [ {
      "vertices" : [ 0, 1, 2 ]
    }, {
      "vertices" : [ 0, 2, 1 ]
    } ]
  }, {
    "id" : "8b1d7b5b-c431-45b0-b411-c4725e4286d8",
    "vertices" : [ {
      "x" : -9.472136,
      "y" : -9.472136,
      "z" : 9.472136
    }, {
      "x" : -17.944271,
      "y" : -17.944271,
      "z" : 9.472136
    }, {
      "x" : -9.472136,
      "y" : -17.944271,
      "z" : 17.944271
    } ],
    "faces" : [ {
      "vertices" : [ 0, 1, 2 ]
    }, {
      "vertices" : [ 0, 2, 1 ]
    } ]
  }, {
    "id" : "a2f03799-6626-4a37-b91c-acc31595972a",
    "vertices" : [ {
      "x" : -33.27051,
      "y" : 6.854102,
      "z" : 13.708204
    }, {
      "x" : -34.888542,
      "y" : 17.944271,
      "z" : 9.472136
    }, {
      "x" : -23.798374,
      "y" : 13.708204,
      "z" : 11.09017
    } ],
    "faces" : [ {
      "vertices" : [ 0, 1, 2 ]
    }, {
      "vertices" : [ 0, 2, 1 ]
    } ]
  }, {
    "id" : "e405b179-226c-46ed-af7c-b4b2f400dd87",
    "vertices" : [ {
      "x" : -17.944271,
      "y" : 17.944271,
      "z" : -9.472136
    }, {
      "x" : -26.416409,
      "y" : 26.416409,
      "z" : -9.472136
    }, {
      "x" : -26.416409,
      "y" : 17.944271,
      "z" : -1.0
    } ],
    "faces" : [ {
      "vertices" : [ 0, 1, 2 ]
    }, {
      "vertices" : [ 0, 2, 1 ]
    } ]
  }, {
    "id" : "ba0bfa6b-731e-46f9-b602-fef01fa9607d",
    "vertices" : [ {
      "x" : -1.618034,
      "y" : -27.416409,
      "z" : 16.326239
    }, {
      "x" : 2.618034,
      "y" : -29.034441,
      "z" : 5.236068
    }, {
      "x" : -8.472136,
      "y" : -24.798374,
      "z" : 6.854102
    } ],
    "faces" : [ {
      "vertices" : [ 0, 1, 2 ]
    }, {
      "vertices" : [ 0, 2, 1 ]
    } ]
  }, {
    "id" : "5e86911a-4bf4-46e3-99b0-8df99116eb33",
    "vertices" : [ {
      "x" : -9.472136,
      "y" : 26.416409,
      "z" : -26.416409
    }, {
      "x" : -9.472136,
      "y" : 17.944271,
      "z" : -17.944271
    }, {
      "x" : -17.944271,
      "y" : 26.416409,
      "z" : -17.944271
    } ],
    "faces" : [ {
      "vertices" : [ 0, 1, 2 ]
    }, {
      "vertices" : [ 0, 2, 1 ]
    } ]
  }, {
    "id" : "97b9e8ea-0a7a-437b-a5f1-7248bc9d764e",
    "vertices" : [ {
      "x" : 0.0,
      "y" : -5.854102,
      "z" : 15.326238
    }, {
      "x" : -6.854102,
      "y" : -8.472136,
      "z" : 24.798374
    }, {
      "x" : 2.618034,
      "y" : -15.326238,
      "z" : 22.18034
    } ],
    "faces" : [ {
      "vertices" : [ 0, 1, 2 ]
    }, {
      "vertices" : [ 0, 2, 1 ]
    } ]
  }, {
    "id" : "937cd932-654a-4179-8aff-35ce8b1fbf8f",
    "vertices" : [ {
      "x" : 20.562305,
      "y" : -8.472136,
      "z" : -19.562305
    }, {
      "x" : 30.034441,
      "y" : -15.326238,
      "z" : -22.18034
    }, {
      "x" : 31.652475,
      "y" : -4.236068,
      "z" : -17.944271
    } ],
    "faces" : [ {
      "vertices" : [ 0, 1, 2 ]
    }, {
      "vertices" : [ 0, 2, 1 ]
    } ]
  }, {
    "id" : "71e0578e-6cd1-433c-b2c3-e5b8bb68181d",
    "vertices" : [ {
      "x" : 0.0,
      "y" : -28.034441,
      "z" : 15.326238
    }, {
      "x" : 11.09017,
      "y" : -23.798374,
      "z" : 13.708204
    }, {
      "x" : 4.236068,
      "y" : -26.416409,
      "z" : 4.236068
    } ],
    "faces" : [ {
      "vertices" : [ 0, 1, 2 ]
    }, {
      "vertices" : [ 0, 2, 1 ]
    } ]
  }, {
    "id" : "47a676fc-15ae-4e98-ae80-8db1db95a5e5",
    "vertices" : [ {
      "x" : 31.652475,
      "y" : 17.944271,
      "z" : -12.708204
    }, {
      "x" : 20.562305,
      "y" : 13.708204,
      "z" : -11.09017
    }, {
      "x" : 22.18034,
      "y" : 24.798374,
      "z" : -15.326238
    } ],
    "faces" : [ {
      "vertices" : [ 0, 1, 2 ]
    }, {
      "vertices" : [ 0, 2, 1 ]
    } ]
  }, {
    "id" : "33913c89-bc7d-4ab7-abf3-519b9095c459",
    "vertices" : [ {
      "x" : -26.416409,
      "y" : 17.944271,
      "z" : 1.0
    }, {
      "x" : -35.888542,
      "y" : 24.798374,
      "z" : 3.618034
    }, {
      "x" : -24.798374,
      "y" : 29.034441,
      "z" : 5.236068
    } ],
    "faces" : [ {
      "vertices" : [ 0, 1, 2 ]
    }, {
      "vertices" : [ 0, 2, 1 ]
    } ]
  }, {
    "id" : "04c4b36a-b07f-42e5-bd23-308182939d46",
    "vertices" : [ {
      "x" : 9.472136,
      "y" : 9.472136,
      "z" : -9.472136
    }, {
      "x" : 11.09017,
      "y" : 20.562305,
      "z" : -13.708204
    }, {
      "x" : 20.562305,
      "y" : 13.708204,
      "z" : -11.09017
    } ],
    "faces" : [ {
      "vertices" : [ 0, 1, 2 ]
    }, {
      "vertices" : [ 0, 2, 1 ]
    } ]
  }, {
    "id" : "70351043-0792-49be-8697-b20b89a82d0f",
    "vertices" : [ {
      "x" : -35.888542,
      "y" : 2.618034,
      "z" : -6.854102
    }, {
      "x" : -38.506577,
      "y" : 12.09017,
      "z" : 0.0
    }, {
      "x" : -29.034441,
      "y" : 5.236068,
      "z" : 2.618034
    } ],
    "faces" : [ {
      "vertices" : [ 0, 1, 2 ]
    }, {
      "vertices" : [ 0, 2, 1 ]
    } ]
  }, {
    "id" : "949cd5b5-2e69-4850-978e-07a300dd12f5",
    "vertices" : [ {
      "x" : 26.416409,
      "y" : -9.472136,
      "z" : -9.472136
    }, {
      "x" : 34.888542,
      "y" : -17.944271,
      "z" : -9.472136
    }, {
      "x" : 34.888542,
      "y" : -9.472136,
      "z" : -17.944271
    } ],
    "faces" : [ {
      "vertices" : [ 0, 1, 2 ]
    }, {
      "vertices" : [ 0, 2, 1 ]
    } ]
  }, {
    "id" : "1dfab151-0541-4650-815b-239be85c4523",
    "vertices" : [ {
      "x" : -34.888542,
      "y" : 17.944271,
      "z" : -9.472136
    }, {
      "x" : -34.888542,
      "y" : 26.416409,
      "z" : -1.0
    }, {
      "x" : -26.416409,
      "y" : 17.944271,
      "z" : -1.0
    } ],
    "faces" : [ {
      "vertices" : [ 0, 1, 2 ]
    }, {
      "vertices" : [ 0, 2, 1 ]
    } ]
  }, {
    "id" : "5b34d95a-7244-42e7-82fa-0565e4bf664a",
    "vertices" : [ {
      "x" : 5.854102,
      "y" : 15.326238,
      "z" : 0.0
    }, {
      "x" : 8.472136,
      "y" : 24.798374,
      "z" : 6.854102
    }, {
      "x" : 15.326238,
      "y" : 22.18034,
      "z" : -2.618034
    } ],
    "faces" : [ {
      "vertices" : [ 0, 1, 2 ]
    }, {
      "vertices" : [ 0, 2, 1 ]
    } ]
  }, {
    "id" : "36566693-2bcb-4e73-8cb2-04c763dd2723",
    "vertices" : [ {
      "x" : -24.798374,
      "y" : 29.034441,
      "z" : 5.236068
    }, {
      "x" : -15.326238,
      "y" : 22.18034,
      "z" : 2.618034
    }, {
      "x" : -17.944271,
      "y" : 31.652475,
      "z" : -4.236068
    } ],
    "faces" : [ {
      "vertices" : [ 0, 1, 2 ]
    }, {
      "vertices" : [ 0, 2, 1 ]
    } ]
  }, {
    "id" : "6ebcfb09-7181-4142-bad7-b9822ca15ddc",
    "vertices" : [ {
      "x" : -5.854102,
      "y" : -15.326238,
      "z" : 0.0
    }, {
      "x" : -4.236068,
      "y" : -26.416409,
      "z" : -4.236068
    }, {
      "x" : -8.472136,
      "y" : -24.798374,
      "z" : 6.854102
    } ],
    "faces" : [ {
      "vertices" : [ 0, 1, 2 ]
    }, {
      "vertices" : [ 0, 2, 1 ]
    } ]
  }, {
    "id" : "9768bb11-c47a-497b-98b0-02f19e8dd1ff",
    "vertices" : [ {
      "x" : -29.034441,
      "y" : -27.416409,
      "z" : -5.854102
    }, {
      "x" : -31.652475,
      "y" : -17.944271,
      "z" : -12.708204
    }, {
      "x" : -27.416409,
      "y" : -16.326239,
      "z" : -1.618034
    } ],
    "faces" : [ {
      "vertices" : [ 0, 1, 2 ]
    }, {
      "vertices" : [ 0, 2, 1 ]
    } ]
  }, {
    "id" : "fbfc7407-9a33-4a7c-bbd3-227cd3267bcf",
    "vertices" : [ {
      "x" : -24.798374,
      "y" : -29.034441,
      "z" : -5.236068
    }, {
      "x" : -15.326238,
      "y" : -22.18034,
      "z" : -2.618034
    }, {
      "x" : -17.944271,
      "y" : -31.652475,
      "z" : 4.236068
    } ],
    "faces" : [ {
      "vertices" : [ 0, 1, 2 ]
    }, {
      "vertices" : [ 0, 2, 1 ]
    } ]
  }, {
    "id" : "41295a44-34b0-416e-a08e-fd36dafa559e",
    "vertices" : [ {
      "x" : 27.416409,
      "y" : -5.854102,
      "z" : 29.034441
    }, {
      "x" : 20.562305,
      "y" : -3.236068,
      "z" : 38.506577
    }, {
      "x" : 16.326239,
      "y" : -1.618034,
      "z" : 27.416409
    } ],
    "faces" : [ {
      "vertices" : [ 0, 1, 2 ]
    }, {
      "vertices" : [ 0, 2, 1 ]
    } ]
  }, {
    "id" : "6107441f-379d-41df-853f-7f52d3af2426",
    "vertices" : [ {
      "x" : -15.326238,
      "y" : 22.18034,
      "z" : 24.798374
    }, {
      "x" : -11.09017,
      "y" : 20.562305,
      "z" : 13.708204
    }, {
      "x" : -22.18034,
      "y" : 24.798374,
      "z" : 15.326238
    } ],
    "faces" : [ {
      "vertices" : [ 0, 1, 2 ]
    }, {
      "vertices" : [ 0, 2, 1 ]
    } ]
  }, {
    "id" : "919d85a4-0905-4649-813b-2e99cf6f81e5",
    "vertices" : [ {
      "x" : -29.034441,
      "y" : 27.416409,
      "z" : 5.854102
    }, {
      "x" : -38.506577,
      "y" : 20.562305,
      "z" : 3.236068
    }, {
      "x" : -27.416409,
      "y" : 16.326239,
      "z" : 1.618034
    } ],
    "faces" : [ {
      "vertices" : [ 0, 1, 2 ]
    }, {
      "vertices" : [ 0, 2, 1 ]
    } ]
  }, {
    "id" : "bdd2c56c-a85e-4532-b0eb-ee56786f8754",
    "vertices" : [ {
      "x" : -1.618034,
      "y" : 27.416409,
      "z" : -16.326239
    }, {
      "x" : 2.618034,
      "y" : 29.034441,
      "z" : -5.236068
    }, {
      "x" : -8.472136,
      "y" : 24.798374,
      "z" : -6.854102
    } ],
    "faces" : [ {
      "vertices" : [ 0, 1, 2 ]
    }, {
      "vertices" : [ 0, 2, 1 ]
    } ]
  }, {
    "id" : "cba6f415-2155-4d6b-b00a-9bef26706630",
    "vertices" : [ {
      "x" : 17.944271,
      "y" : 17.944271,
      "z" : 26.416409
    }, {
      "x" : 17.944271,
      "y" : 9.472136,
      "z" : 34.888542
    }, {
      "x" : 9.472136,
      "y" : 9.472136,
      "z" : 26.416409
    } ],
    "faces" : [ {
      "vertices" : [ 0, 1, 2 ]
    }, {
      "vertices" : [ 0, 2, 1 ]
    } ]
  }, {
    "id" : "220a3527-a000-484e-a6db-5d2c281efb3b",
    "vertices" : [ {
      "x" : 9.472136,
      "y" : -26.416409,
      "z" : -9.472136
    }, {
      "x" : 9.472136,
      "y" : -34.888542,
      "z" : -17.944271
    }, {
      "x" : 17.944271,
      "y" : -34.888542,
      "z" : -9.472136
    } ],
    "faces" : [ {
      "vertices" : [ 0, 1, 2 ]
    }, {
      "vertices" : [ 0, 2, 1 ]
    } ]
  }, {
    "id" : "63f1cef3-0cab-4a43-aebd-cbf9975b2fac",
    "vertices" : [ {
      "x" : -13.708204,
      "y" : -11.09017,
      "z" : -20.562305
    }, {
      "x" : -23.18034,
      "y" : -4.236068,
      "z" : -17.944271
    }, {
      "x" : -24.798374,
      "y" : -15.326238,
      "z" : -22.18034
    } ],
    "faces" : [ {
      "vertices" : [ 0, 1, 2 ]
    }, {
      "vertices" : [ 0, 2, 1 ]
    } ]
  }, {
    "id" : "de00231a-0482-46db-963d-78345f744175",
    "vertices" : [ {
      "x" : 27.416409,
      "y" : 16.326239,
      "z" : 1.618034
    }, {
      "x" : 36.888542,
      "y" : 23.18034,
      "z" : 4.236068
    }, {
      "x" : 34.27051,
      "y" : 13.708204,
      "z" : 11.09017
    } ],
    "faces" : [ {
      "vertices" : [ 0, 1, 2 ]
    }, {
      "vertices" : [ 0, 2, 1 ]
    } ]
  }, {
    "id" : "74aa3bc3-fdd7-4dd1-bb3c-7a2f48d97aeb",
    "vertices" : [ {
      "x" : 19.562305,
      "y" : 20.562305,
      "z" : 8.472136
    }, {
      "x" : 22.18034,
      "y" : 30.034441,
      "z" : 15.326238
    }, {
      "x" : 17.944271,
      "y" : 31.652475,
      "z" : 4.236068
    } ],
    "faces" : [ {
      "vertices" : [ 0, 1, 2 ]
    }, {
      "vertices" : [ 0, 2, 1 ]
    } ]
  }, {
    "id" : "07da0d5d-a8bb-42b9-80f7-e309dc579ebd",
    "vertices" : [ {
      "x" : 9.472136,
      "y" : 9.472136,
      "z" : -9.472136
    }, {
      "x" : 13.708204,
      "y" : 11.09017,
      "z" : -20.562305
    }, {
      "x" : 11.09017,
      "y" : 20.562305,
      "z" : -13.708204
    } ],
    "faces" : [ {
      "vertices" : [ 0, 1, 2 ]
    }, {
      "vertices" : [ 0, 2, 1 ]
    } ]
  }, {
    "id" : "4bce9d9a-3b4a-4080-8379-ca9c98c58e81",
    "vertices" : [ {
      "x" : -24.798374,
      "y" : -6.854102,
      "z" : 8.472136
    }, {
      "x" : -34.27051,
      "y" : -13.708204,
      "z" : 11.09017
    }, {
      "x" : -27.416409,
      "y" : -16.326239,
      "z" : 1.618034
    } ],
    "faces" : [ {
      "vertices" : [ 0, 1, 2 ]
    }, {
      "vertices" : [ 0, 2, 1 ]
    } ]
  }, {
    "id" : "c7b3f572-c42f-450a-b156-482babcbe7fc",
    "vertices" : [ {
      "x" : -13.708204,
      "y" : 33.27051,
      "z" : 6.854102
    }, {
      "x" : -9.472136,
      "y" : 34.888542,
      "z" : 17.944271
    }, {
      "x" : -11.09017,
      "y" : 23.798374,
      "z" : 13.708204
    } ],
    "faces" : [ {
      "vertices" : [ 0, 1, 2 ]
    }, {
      "vertices" : [ 0, 2, 1 ]
    } ]
  }, {
    "id" : "a36a3169-7317-4820-b5db-846d2060122f",
