{
  "field" : "golden",
  "symmetry" : "icosahedral",
  "orientations" : [ [ 1.0, 0.0, 0.0, 0.0, 0.0, 1.0, 0.0, 0.0, 0.0, 0.0, 1.0, 0.0, 0.0, 0.0, 0.0, 1.0 ], [ 0.0, 0.0, 1.0, 0.0, 1.0, 0.0, 0.0, 0.0, 0.0, 1.0, 0.0, 0.0, 0.0, 0.0, 0.0, 1.0 ], [ 0.0, 1.0, 0.0, 0.0, 0.0, 0.0, 1.0, 0.0, 1.0, 0.0, 0.0, 0.0, 0.0, 0.0, 0.0, 1.0 ], [ 0.809017, 0.309017, 0.5, 0.0, 0.309017, 0.5, -0.809017, 0.0, -0.5, 0.809017, 0.309017, 0.0, 0.0, 0.0, 0.0, 1.0 ], [ -0.5, 0.809017, 0.309017, 0.0, 0.809017, 0.309017, 0.5, 0.0, 0.309017, 0.5, -0.809017, 0.0, 0.0, 0.0, 0.0, 1.0 ], [ 0.309017, 0.5, -0.809017, 0.0, -0.5, 0.809017, 0.309017, 0.0, 0.809017, 0.309017, 0.5, 0.0, 0.0, 0.0, 0.0, 1.0 ], [ 0.5, 0.809017, 0.309017, 0.0, 0.809017, -0.309017, -0.5, 0.0, -0.309017, 0.5, -0.809017, 0.0, 0.0, 0.0, 0.0, 1.0 ], [ -0.309017, 0.5, -0.809017, 0.0, 0.5, 0.809017, 0.309017, 0.0, 0.809017, -0.309017, -0.5, 0.0, 0.0, 0.0, 0.0, 1.0 ], [ 0.809017, -0.309017, -0.5, 0.0, -0.309017, 0.5, -0.809017, 0.0, 0.5, 0.809017, 0.309017, 0.0, 0.0, 0.0, 0.0, 1.0 ], [ 0.5, 0.809017, -0.309017, 0.0, 0.809017, -0.309017, 0.5, 0.0, 0.309017, -0.5, -0.809017, 0.0, 0.0, 0.0, 0.0, 1.0 ], [ 0.309017, -0.5, -0.809017, 0.0, 0.5, 0.809017, -0.309017, 0.0, 0.809017, -0.309017, 0.5, 0.0, 0.0, 0.0, 0.0, 1.0 ], [ 0.809017, -0.309017, 0.5, 0.0, 0.309017, -0.5, -0.809017, 0.0, 0.5, 0.809017, -0.309017, 0.0, 0.0, 0.0, 0.0, 1.0 ], [ 0.809017, 0.309017, -0.5, 0.0, 0.309017, 0.5, 0.809017, 0.0, 0.5, -0.809017, 0.309017, 0.0, 0.0, 0.0, 0.0, 1.0 ], [ 0.5, -0.809017, 0.309017, 0.0, 0.809017, 0.309017, -0.5, 0.0, 0.309017, 0.5, 0.809017, 0.0, 0.0, 0.0, 0.0, 1.0 ], [ 0.309017, 0.5, 0.809017, 0.0, 0.5, -0.809017, 0.309017, 0.0, 0.809017, 0.309017, -0.5, 0.0, 0.0, 0.0, 0.0, 1.0 ], [ 1.0, 0.0, 0.0, 0.0, 0.0, -1.0, 0.0, 0.0, 0.0, 0.0, -1.0, 0.0, 0.0, 0.0, 0.0, 1.0 ], [ 0.0, 0.0, 1.0, 0.0, -1.0, 0.0, 0.0, 0.0, 0.0, -1.0, 0.0, 0.0, 0.0, 0.0, 0.0, 1.0 ], [ 0.0, 1.0, 0.0, 0.0, 0.0, 0.0, -1.0, 0.0, -1.0, 0.0, 0.0, 0.0, 0.0, 0.0, 0.0, 1.0 ], [ 0.809017, 0.309017, 0.5, 0.0, -0.309017, -0.5, 0.809017, 0.0, 0.5, -0.809017, -0.309017, 0.0, 0.0, 0.0, 0.0, 1.0 ], [ -0.5, 0.809017, 0.309017, 0.0, -0.809017, -0.309017, -0.5, 0.0, -0.309017, -0.5, 0.809017, 0.0, 0.0, 0.0, 0.0, 1.0 ], [ 0.309017, 0.5, -0.809017, 0.0, 0.5, -0.809017, -0.309017, 0.0, -0.809017, -0.309017, -0.5, 0.0, 0.0, 0.0, 0.0, 1.0 ], [ 0.5, 0.809017, 0.309017, 0.0, -0.809017, 0.309017, 0.5, 0.0, 0.309017, -0.5, 0.809017, 0.0, 0.0, 0.0, 0.0, 1.0 ], [ -0.309017, 0.5, -0.809017, 0.0, -0.5, -0.809017, -0.309017, 0.0, -0.809017, 0.309017, 0.5, 0.0, 0.0, 0.0, 0.0, 1.0 ], [ 0.809017, -0.309017, -0.5, 0.0, 0.309017, -0.5, 0.809017, 0.0, -0.5, -0.809017, -0.309017, 0.0, 0.0, 0.0, 0.0, 1.0 ], [ 0.5, 0.809017, -0.309017, 0.0, -0.809017, 0.309017, -0.5, 0.0, -0.309017, 0.5, 0.809017, 0.0, 0.0, 0.0, 0.0, 1.0 ], [ 0.309017, -0.5, -0.809017, 0.0, -0.5, -0.809017, 0.309017, 0.0, -0.809017, 0.309017, -0.5, 0.0, 0.0, 0.0, 0.0, 1.0 ], [ 0.809017, -0.309017, 0.5, 0.0, -0.309017, 0.5, 0.809017, 0.0, -0.5, -0.809017, 0.309017, 0.0, 0.0, 0.0, 0.0, 1.0 ], [ 0.809017, 0.309017, -0.5, 0.0, -0.309017, -0.5, -0.809017, 0.0, -0.5, 0.809017, -0.309017, 0.0, 0.0, 0.0, 0.0, 1.0 ], [ 0.5, -0.809017, 0.309017, 0.0, -0.809017, -0.309017, 0.5, 0.0, -0.309017, -0.5, -0.809017, 0.0, 0.0, 0.0, 0.0, 1.0 ], [ 0.309017, 0.5, 0.809017, 0.0, -0.5, 0.809017, -0.309017, 0.0, -0.809017, -0.309017, 0.5, 0.0, 0.0, 0.0, 0.0, 1.0 ], [ -1.0, 0.0, 0.0, 0.0, 0.0, -1.0, 0.0, 0.0, 0.0, 0.0, 1.0, 0.0, 0.0, 0.0, 0.0, 1.0 ], [ 0.0, 0.0, -1.0, 0.0, -1.0, 0.0, 0.0, 0.0, 0.0, 1.0, 0.0, 0.0, 0.0, 0.0, 0.0, 1.0 ], [ 0.0, -1.0, 0.0, 0.0, 0.0, 0.0, -1.0, 0.0, 1.0, 0.0, 0.0, 0.0, 0.0, 0.0, 0.0, 1.0 ], [ -0.809017, -0.309017, -0.5, 0.0, -0.309017, -0.5, 0.809017, 0.0, -0.5, 0.809017, 0.309017, 0.0, 0.0, 0.0, 0.0, 1.0 ], [ 0.5, -0.809017, -0.309017, 0.0, -0.809017, -0.309017, -0.5, 0.0, 0.309017, 0.5, -0.809017, 0.0, 0.0, 0.0, 0.0, 1.0 ], [ -0.309017, -0.5, 0.809017, 0.0, 0.5, -0.809017, -0.309017, 0.0, 0.809017, 0.309017, 0.5, 0.0, 0.0, 0.0, 0.0, 1.0 ], [ -0.5, -0.809017, -0.309017, 0.0, -0.809017, 0.309017, 0.5, 0.0, -0.309017, 0.5, -0.809017, 0.0, 0.0, 0.0, 0.0, 1.0 ], [ 0.309017, -0.5, 0.809017, 0.0, -0.5, -0.809017, -0.309017, 0.0, 0.809017, -0.309017, -0.5, 0.0, 0.0, 0.0, 0.0, 1.0 ], [ -0.809017, 0.309017, 0.5, 0.0, 0.309017, -0.5, 0.809017, 0.0, 0.5, 0.809017, 0.309017, 0.0, 0.0, 0.0, 0.0, 1.0 ], [ -0.5, -0.809017, 0.309017, 0.0, -0.809017, 0.309017, -0.5, 0.0, 0.309017, -0.5, -0.809017, 0.0, 0.0, 0.0, 0.0, 1.0 ], [ -0.309017, 0.5, 0.809017, 0.0, -0.5, -0.809017, 0.309017, 0.0, 0.809017, -0.309017, 0.5, 0.0, 0.0, 0.0, 0.0, 1.0 ], [ -0.809017, 0.309017, -0.5, 0.0, -0.309017, 0.5, 0.809017, 0.0, 0.5, 0.809017, -0.309017, 0.0, 0.0, 0.0, 0.0, 1.0 ], [ -0.809017, -0.309017, 0.5, 0.0, -0.309017, -0.5, -0.809017, 0.0, 0.5, -0.809017, 0.309017, 0.0, 0.0, 0.0, 0.0, 1.0 ], [ -0.5, 0.809017, -0.309017, 0.0, -0.809017, -0.309017, 0.5, 0.0, 0.309017, 0.5, 0.809017, 0.0, 0.0, 0.0, 0.0, 1.0 ], [ -0.309017, -0.5, -0.809017, 0.0, -0.5, 0.809017, -0.309017, 0.0, 0.809017, 0.309017, -0.5, 0.0, 0.0, 0.0, 0.0, 1.0 ], [ -1.0, 0.0, 0.0, 0.0, 0.0, 1.0, 0.0, 0.0, 0.0, 0.0, -1.0, 0.0, 0.0, 0.0, 0.0, 1.0 ], [ 0.0, 0.0, -1.0, 0.0, 1.0, 0.0, 0.0, 0.0, 0.0, -1.0, 0.0, 0.0, 0.0, 0.0, 0.0, 1.0 ], [ 0.0, -1.0, 0.0, 0.0, 0.0, 0.0, 1.0, 0.0, -1.0, 0.0, 0.0, 0.0, 0.0, 0.0, 0.0, 1.0 ], [ -0.809017, -0.309017, -0.5, 0.0, 0.309017, 0.5, -0.809017, 0.0, 0.5, -0.809017, -0.309017, 0.0, 0.0, 0.0, 0.0, 1.0 ], [ 0.5, -0.809017, -0.309017, 0.0, 0.809017, 0.309017, 0.5, 0.0, -0.309017, -0.5, 0.809017, 0.0, 0.0, 0.0, 0.0, 1.0 ], [ -0.309017, -0.5, 0.809017, 0.0, -0.5, 0.809017, 0.309017, 0.0, -0.809017, -0.309017, -0.5, 0.0, 0.0, 0.0, 0.0, 1.0 ], [ -0.5, -0.809017, -0.309017, 0.0, 0.809017, -0.309017, -0.5, 0.0, 0.309017, -0.5, 0.809017, 0.0, 0.0, 0.0, 0.0, 1.0 ], [ 0.309017, -0.5, 0.809017, 0.0, 0.5, 0.809017, 0.309017, 0.0, -0.809017, 0.309017, 0.5, 0.0, 0.0, 0.0, 0.0, 1.0 ], [ -0.809017, 0.309017, 0.5, 0.0, -0.309017, 0.5, -0.809017, 0.0, -0.5, -0.809017, -0.309017, 0.0, 0.0, 0.0, 0.0, 1.0 ], [ -0.5, -0.809017, 0.309017, 0.0, 0.809017, -0.309017, 0.5, 0.0, -0.309017, 0.5, 0.809017, 0.0, 0.0, 0.0, 0.0, 1.0 ], [ -0.309017, 0.5, 0.809017, 0.0, 0.5, 0.809017, -0.309017, 0.0, -0.809017, 0.309017, -0.5, 0.0, 0.0, 0.0, 0.0, 1.0 ], [ -0.809017, 0.309017, -0.5, 0.0, 0.309017, -0.5, -0.809017, 0.0, -0.5, -0.809017, 0.309017, 0.0, 0.0, 0.0, 0.0, 1.0 ], [ -0.809017, -0.309017, 0.5, 0.0, 0.309017, 0.5, 0.809017, 0.0, -0.5, 0.809017, -0.309017, 0.0, 0.0, 0.0, 0.0, 1.0 ], [ -0.5, 0.809017, -0.309017, 0.0, 0.809017, 0.309017, -0.5, 0.0, -0.309017, -0.5, -0.809017, 0.0, 0.0, 0.0, 0.0, 1.0 ], [ -0.309017, -0.5, -0.809017, 0.0, 0.5, -0.809017, 0.309017, 0.0, -0.809017, -0.309017, 0.5, 0.0, 0.0, 0.0, 0.0, 1.0 ] ],
  "lights" : {
    "ambientColor" : "#292929",
    "backgroundColor" : "#F4F9FF",
    "directionalLights" : [ {
      "direction" : {
        "x" : 1.0,
        "y" : -1.0,
        "z" : -1.0
      },
      "color" : "#EBEBE4"
    }, {
      "direction" : {
        "x" : -1.0,
        "y" : 0.0,
        "z" : 0.0
      },
      "color" : "#E4E4EB"
    }, {
      "direction" : {
        "x" : 0.0,
        "y" : 0.0,
        "z" : -1.0
      },
      "color" : "#1E1E1E"
    } ]
  },
  "camera" : {
    "viewDistance" : 237.19424,
    "nearClipDistance" : 0.59298563,
    "farClipDistance" : 474.38797,
    "lookAtPoint" : {
      "x" : 0.0,
      "y" : 0.0,
      "z" : 0.0
    },
    "fieldOfView" : 0.44262868,
    "perspective" : true,
    "lookDirection" : {
      "x" : 0.0,
      "y" : 0.0,
      "z" : -1.0
    },
    "upDirection" : {
      "x" : 0.0,
      "y" : 1.0,
      "z" : 0.0
    },
    "width" : 106.73736,
    "stereo" : false,
    "position" : {
      "x" : 0.0,
      "y" : 0.0,
      "z" : 237.19424
    }
  },
  "embedding" : [ 1.0, 0.0, 0.0, 0.0, 0.0, 1.0, 0.0, 0.0, 0.0, 0.0, 1.0, 0.0, 0.0, 0.0, 0.0, 1.0 ],
  "shapes" : [ {
    "id" : "3daadeda-80c2-41dc-ba5e-bb7400af2104",
    "vertices" : [ {
      "x" : 8.663119,
      "y" : 3.309017,
      "z" : -1.263932
    }, {
      "x" : 8.281153,
      "y" : 2.854102,
      "z" : -1.072949
    }, {
      "x" : 8.118034,
      "y" : 3.118034,
      "z" : -1.5
    }, {
      "x" : 8.045085,
      "y" : 3.381966,
      "z" : -1.309017
    }, {
      "x" : 0.85410196,
      "y" : 0.309017,
      "z" : 0.19098301
    }, {
      "x" : 0.690983,
      "y" : 0.572949,
      "z" : -0.23606798
    }, {
      "x" : 0.309017,
      "y" : 0.11803399,
      "z" : -0.045084972
    }, {
      "x" : 0.76393205,
      "y" : 0.309017,
      "z" : -0.42705098
    }, {
      "x" : 0.927051,
      "y" : 0.045084972,
      "z" : 0.0
    }, {
      "x" : 8.208204,
      "y" : 3.118034,
      "z" : -0.881966
    }, {
      "x" : 8.972136,
      "y" : 3.427051,
      "z" : -1.309017
    } ],
    "faces" : [ {
      "vertices" : [ 2, 7, 5 ]
    }, {
      "vertices" : [ 2, 5, 3 ]
    }, {
      "vertices" : [ 1, 8, 7 ]
    }, {
      "vertices" : [ 1, 7, 2 ]
    }, {
      "vertices" : [ 4, 6, 8 ]
    }, {
      "vertices" : [ 5, 7, 6 ]
    }, {
      "vertices" : [ 0, 1, 2 ]
    }, {
      "vertices" : [ 0, 2, 3 ]
    }, {
      "vertices" : [ 6, 7, 8 ]
    }, {
      "vertices" : [ 3, 5, 4 ]
    }, {
      "vertices" : [ 3, 4, 9 ]
    }, {
      "vertices" : [ 1, 9, 4 ]
    }, {
      "vertices" : [ 1, 4, 8 ]
    }, {
      "vertices" : [ 0, 9, 1 ]
    }, {
      "vertices" : [ 0, 3, 9 ]
    }, {
      "vertices" : [ 4, 5, 6 ]
    } ]
  }, {
    "id" : "49b86c1b-8aab-4e29-9e28-7aa497989975",
    "vertices" : [ {
      "x" : 0.309017,
      "y" : -0.309017,
      "z" : -0.309017
    }, {
      "x" : 0.5,
      "y" : 0.0,
      "z" : -0.19098301
    }, {
      "x" : 0.5,
      "y" : 0.0,
      "z" : 0.19098301
    }, {
      "x" : 0.309017,
      "y" : -0.309017,
      "z" : 0.309017
    }, {
      "x" : 0.19098301,
      "y" : -0.5,
      "z" : 0.0
    }, {
      "x" : 0.0,
      "y" : 0.19098301,
      "z" : 0.5
    }, {
      "x" : 0.0,
      "y" : -0.19098301,
      "z" : 0.5
    }, {
      "x" : 0.309017,
      "y" : 0.309017,
      "z" : 0.309017
    }, {
      "x" : -0.309017,
      "y" : -0.309017,
      "z" : 0.309017
    }, {
      "x" : -0.309017,
      "y" : 0.309017,
      "z" : 0.309017
    }, {
      "x" : -0.5,
      "y" : 0.0,
      "z" : 0.19098301
    }, {
      "x" : 0.0,
      "y" : -0.19098301,
      "z" : -0.5
    }, {
      "x" : 0.0,
      "y" : 0.19098301,
      "z" : -0.5
    }, {
      "x" : 0.309017,
      "y" : 0.309017,
      "z" : -0.309017
    }, {
      "x" : -0.309017,
      "y" : -0.309017,
      "z" : -0.309017
    }, {
      "x" : -0.19098301,
      "y" : -0.5,
      "z" : 0.0
    }, {
      "x" : -0.5,
      "y" : 0.0,
      "z" : -0.19098301
    }, {
      "x" : 0.19098301,
      "y" : 0.5,
      "z" : 0.0
    }, {
      "x" : -0.309017,
      "y" : 0.309017,
      "z" : -0.309017
    }, {
      "x" : 0.0,
      "y" : 0.0,
      "z" : 0.0
    }, {
      "x" : -0.19098301,
      "y" : 0.5,
      "z" : 0.0
    } ],
    "faces" : [ {
      "vertices" : [ 12, 18, 20 ]
    }, {
      "vertices" : [ 12, 20, 17 ]
    }, {
      "vertices" : [ 12, 17, 13 ]
    }, {
      "vertices" : [ 3, 6, 8 ]
    }, {
      "vertices" : [ 3, 8, 15 ]
    }, {
      "vertices" : [ 3, 15, 4 ]
    }, {
      "vertices" : [ 0, 11, 12 ]
    }, {
      "vertices" : [ 0, 12, 13 ]
    }, {
      "vertices" : [ 0, 13, 1 ]
    }, {
      "vertices" : [ 5, 9, 10 ]
    }, {
      "vertices" : [ 5, 10, 8 ]
    }, {
      "vertices" : [ 5, 8, 6 ]
    }, {
      "vertices" : [ 2, 7, 5 ]
    }, {
      "vertices" : [ 2, 5, 6 ]
    }, {
      "vertices" : [ 2, 6, 3 ]
    }, {
      "vertices" : [ 11, 14, 16 ]
    }, {
      "vertices" : [ 11, 16, 18 ]
    }, {
      "vertices" : [ 11, 18, 12 ]
    }, {
      "vertices" : [ 1, 13, 17 ]
    }, {
      "vertices" : [ 1, 17, 7 ]
    }, {
      "vertices" : [ 1, 7, 2 ]
    }, {
      "vertices" : [ 9, 20, 18 ]
    }, {
      "vertices" : [ 9, 18, 16 ]
    }, {
      "vertices" : [ 9, 16, 10 ]
    }, {
      "vertices" : [ 0, 1, 2 ]
    }, {
      "vertices" : [ 0, 2, 3 ]
    }, {
      "vertices" : [ 0, 3, 4 ]
    }, {
      "vertices" : [ 5, 7, 17 ]
    }, {
      "vertices" : [ 5, 17, 20 ]
    }, {
      "vertices" : [ 5, 20, 9 ]
    }, {
      "vertices" : [ 0, 4, 15 ]
    }, {
      "vertices" : [ 0, 15, 14 ]
    }, {
      "vertices" : [ 0, 14, 11 ]
    }, {
      "vertices" : [ 8, 10, 16 ]
    }, {
      "vertices" : [ 8, 16, 14 ]
    }, {
      "vertices" : [ 8, 14, 15 ]
    } ]
  }, {
    "id" : "67099cbe-d07b-4ed9-9719-5cc74dec12d3",
    "vertices" : [ {
      "x" : 0.809017,
      "y" : 0.618034,
      "z" : -0.19098301
    }, {
      "x" : 0.809017,
      "y" : 0.0,
      "z" : -0.19098301
    }, {
      "x" : 0.309017,
      "y" : 0.11803399,
      "z" : 0.0
    }, {
      "x" : 10.281153,
      "y" : 4.236068,
      "z" : 0.19098301
    }, {
      "x" : 0.809017,
      "y" : 0.618034,
      "z" : 0.19098301
    }, {
      "x" : 0.809017,
      "y" : 0.0,
      "z" : 0.19098301
    }, {
      "x" : 10.281153,
      "y" : 3.618034,
      "z" : 0.19098301
    }, {
      "x" : 10.781153,
      "y" : 4.118034,
      "z" : 0.0
    }, {
      "x" : 10.281153,
      "y" : 4.236068,
      "z" : -0.19098301
    }, {
      "x" : 11.09017,
      "y" : 4.236068,
      "z" : 0.0
    }, {
      "x" : 10.281153,
      "y" : 3.618034,
      "z" : -0.19098301
    } ],
    "faces" : [ {
      "vertices" : [ 3, 6, 7 ]
    }, {
      "vertices" : [ 3, 4, 5 ]
    }, {
      "vertices" : [ 3, 5, 6 ]
    }, {
      "vertices" : [ 3, 7, 8 ]
    }, {
      "vertices" : [ 0, 1, 2 ]
    }, {
      "vertices" : [ 0, 8, 10 ]
    }, {
      "vertices" : [ 0, 10, 1 ]
    }, {
      "vertices" : [ 1, 10, 6 ]
    }, {
      "vertices" : [ 1, 6, 5 ]
    }, {
      "vertices" : [ 0, 2, 4 ]
    }, {
      "vertices" : [ 6, 10, 7 ]
    }, {
      "vertices" : [ 1, 5, 2 ]
    }, {
      "vertices" : [ 7, 10, 8 ]
    }, {
      "vertices" : [ 2, 5, 4 ]
    }, {
      "vertices" : [ 0, 4, 3 ]
    }, {
      "vertices" : [ 0, 3, 8 ]
    } ]
  }, {
    "id" : "3f985941-9638-4756-b660-f7797489d99e",
    "vertices" : [ {
      "x" : 1.0,
      "y" : 0.309017,
      "z" : 0.19098301
    }, {
      "x" : 1.0,
      "y" : -0.309017,
      "z" : 0.19098301
    }, {
      "x" : 5.854102,
      "y" : -0.309017,
      "z" : 0.19098301
    }, {
      "x" : 5.854102,
      "y" : 0.309017,
      "z" : 0.19098301
    }, {
      "x" : 5.854102,
      "y" : -0.309017,
      "z" : -0.19098301
    }, {
      "x" : 5.854102,
      "y" : 0.309017,
      "z" : -0.19098301
    }, {
      "x" : 6.472136,
      "y" : 0.0,
      "z" : 0.0
    }, {
      "x" : 0.38196602,
      "y" : 0.0,
      "z" : 0.0
    }, {
      "x" : 1.0,
      "y" : 0.309017,
      "z" : -0.19098301
    }, {
      "x" : 1.0,
      "y" : -0.309017,
      "z" : -0.19098301
    }, {
      "x" : 6.854102,
      "y" : 0.0,
      "z" : 0.0
    } ],
    "faces" : [ {
      "vertices" : [ 1, 9, 4 ]
    }, {
      "vertices" : [ 1, 4, 2 ]
    }, {
      "vertices" : [ 0, 3, 5 ]
    }, {
      "vertices" : [ 0, 5, 8 ]
    }, {
      "vertices" : [ 1, 7, 9 ]
    }, {
      "vertices" : [ 0, 1, 2 ]
    }, {
      "vertices" : [ 0, 2, 3 ]
    }, {
      "vertices" : [ 7, 8, 9 ]
    }, {
      "vertices" : [ 0, 7, 1 ]
    }, {
      "vertices" : [ 4, 9, 8 ]
    }, {
      "vertices" : [ 4, 8, 5 ]
    }, {
      "vertices" : [ 2, 6, 3 ]
    }, {
      "vertices" : [ 2, 4, 6 ]
    }, {
      "vertices" : [ 3, 6, 5 ]
    }, {
      "vertices" : [ 4, 5, 6 ]
    }, {
      "vertices" : [ 0, 8, 7 ]
    } ]
  }, {
    "id" : "4e432722-3dea-4dbd-9794-fb3c7d8c81e4",
    "vertices" : [ {
      "x" : 0.16311896,
      "y" : 0.66311896,
      "z" : 0.76393205
    }, {
      "x" : 3.454915,
      "y" : 3.954915,
      "z" : 6.09017
    }, {
      "x" : 3.763932,
      "y" : 4.072949,
      "z" : 5.899187
    }, {
      "x" : 0.47213596,
      "y" : 0.78115296,
      "z" : 0.572949
    }, {
      "x" : 4.236068,
      "y" : 4.236068,
      "z" : 6.854102
    }, {
      "x" : 0.78115296,
      "y" : 0.28115296,
      "z" : 0.76393205
    }, {
      "x" : 0.18033989,
      "y" : 0.18033989,
      "z" : 0.29179606
    }, {
      "x" : 4.072949,
      "y" : 3.572949,
      "z" : 6.09017
    }, {
      "x" : 3.763932,
      "y" : 3.454915,
      "z" : 6.2811527
    }, {
      "x" : 0.47213596,
      "y" : 0.16311896,
      "z" : 0.95491505
    }, {
      "x" : 4.055728,
      "y" : 4.055728,
      "z" : 6.562306
    } ],
    "faces" : [ {
      "vertices" : [ 2, 7, 5 ]
    }, {
      "vertices" : [ 2, 5, 3 ]
    }, {
      "vertices" : [ 0, 9, 8 ]
    }, {
      "vertices" : [ 0, 8, 1 ]
    }, {
      "vertices" : [ 2, 10, 7 ]
    }, {
      "vertices" : [ 1, 8, 10 ]
    }, {
      "vertices" : [ 5, 9, 6 ]
    }, {
      "vertices" : [ 0, 1, 2 ]
    }, {
      "vertices" : [ 0, 2, 3 ]
    }, {
      "vertices" : [ 0, 3, 6 ]
    }, {
      "vertices" : [ 7, 10, 8 ]
    }, {
      "vertices" : [ 5, 7, 8 ]
    }, {
      "vertices" : [ 5, 8, 9 ]
    }, {
      "vertices" : [ 1, 10, 2 ]
    }, {
      "vertices" : [ 3, 5, 6 ]
    }, {
      "vertices" : [ 0, 6, 9 ]
    } ]
  }, {
    "id" : "63c69606-6ff8-471c-be69-d683a8fe1f12",
    "vertices" : [ {
      "x" : 17.635256,
      "y" : 6.736068,
      "z" : -2.572949
    }, {
      "x" : 17.253288,
      "y" : 6.2811527,
      "z" : -2.381966
    }, {
      "x" : 17.09017,
      "y" : 6.545085,
      "z" : -2.809017
    }, {
      "x" : 17.017221,
      "y" : 6.809017,
      "z" : -2.618034
    }, {
      "x" : 0.85410196,
      "y" : 0.309017,
      "z" : 0.19098301
    }, {
      "x" : 0.690983,
      "y" : 0.572949,
      "z" : -0.23606798
    }, {
      "x" : 0.309017,
      "y" : 0.11803399,
      "z" : -0.045084972
    }, {
      "x" : 0.76393205,
      "y" : 0.309017,
      "z" : -0.42705098
    }, {
      "x" : 0.927051,
      "y" : 0.045084972,
      "z" : 0.0
    }, {
      "x" : 17.18034,
      "y" : 6.545085,
      "z" : -2.190983
    }, {
      "x" : 17.944271,
      "y" : 6.854102,
      "z" : -2.618034
    } ],
    "faces" : [ {
      "vertices" : [ 2, 7, 5 ]
    }, {
      "vertices" : [ 2, 5, 3 ]
    }, {
      "vertices" : [ 1, 8, 7 ]
    }, {
      "vertices" : [ 1, 7, 2 ]
    }, {
      "vertices" : [ 4, 6, 8 ]
    }, {
      "vertices" : [ 5, 7, 6 ]
    }, {
      "vertices" : [ 0, 1, 2 ]
    }, {
      "vertices" : [ 0, 2, 3 ]
    }, {
      "vertices" : [ 6, 7, 8 ]
    }, {
      "vertices" : [ 3, 5, 4 ]
    }, {
      "vertices" : [ 3, 4, 9 ]
    }, {
      "vertices" : [ 1, 9, 4 ]
    }, {
      "vertices" : [ 1, 4, 8 ]
    }, {
      "vertices" : [ 0, 9, 1 ]
    }, {
      "vertices" : [ 0, 3, 9 ]
    }, {
      "vertices" : [ 4, 5, 6 ]
    } ]
  }, {
    "id" : "80c3c57b-8821-4a4e-ba9b-939c0bbdb0b2",
    "vertices" : [ {
      "x" : 14.208204,
      "y" : 5.427051,
      "z" : -2.072949
    }, {
      "x" : 13.826238,
      "y" : 4.972136,
      "z" : -1.881966
    }, {
      "x" : 13.663119,
      "y" : 5.236068,
      "z" : -2.309017
    }, {
      "x" : 13.59017,
      "y" : 5.5,
      "z" : -2.118034
    }, {
      "x" : 0.85410196,
      "y" : 0.309017,
      "z" : 0.19098301
    }, {
      "x" : 0.690983,
      "y" : 0.572949,
      "z" : -0.23606798
    }, {
      "x" : 0.309017,
      "y" : 0.11803399,
      "z" : -0.045084972
    }, {
      "x" : 0.76393205,
      "y" : 0.309017,
      "z" : -0.42705098
    }, {
      "x" : 0.927051,
      "y" : 0.045084972,
      "z" : 0.0
    }, {
      "x" : 13.753289,
      "y" : 5.236068,
      "z" : -1.690983
    }, {
      "x" : 14.5172205,
      "y" : 5.545085,
      "z" : -2.118034
    } ],
    "faces" : [ {
      "vertices" : [ 2, 7, 5 ]
    }, {
      "vertices" : [ 2, 5, 3 ]
    }, {
      "vertices" : [ 1, 8, 7 ]
    }, {
      "vertices" : [ 1, 7, 2 ]
    }, {
      "vertices" : [ 4, 6, 8 ]
    }, {
      "vertices" : [ 5, 7, 6 ]
    }, {
      "vertices" : [ 0, 1, 2 ]
    }, {
      "vertices" : [ 0, 2, 3 ]
    }, {
      "vertices" : [ 6, 7, 8 ]
    }, {
      "vertices" : [ 3, 5, 4 ]
    }, {
      "vertices" : [ 3, 4, 9 ]
    }, {
      "vertices" : [ 1, 9, 4 ]
    }, {
      "vertices" : [ 1, 4, 8 ]
    }, {
      "vertices" : [ 0, 9, 1 ]
    }, {
      "vertices" : [ 0, 3, 9 ]
    }, {
      "vertices" : [ 4, 5, 6 ]
    } ]
  } ],
  "instances" : [ {
    "shape" : "3daadeda-80c2-41dc-ba5e-bb7400af2104",
    "color" : "#008D36",
    "position" : {
      "x" : 5.545085,
      "y" : 8.972136,
      "z" : 14.5172205
    },
    "orientation" : 27
  }, {
    "shape" : "49b86c1b-8aab-4e29-9e28-7aa497989975",
    "color" : "#FFFFFF",
    "position" : {
      "x" : 0.0,
      "y" : 0.0,
      "z" : 0.0
    }
  }, {
    "shape" : "3daadeda-80c2-41dc-ba5e-bb7400af2104",
    "color" : "#008D36",
    "position" : {
      "x" : 14.5172205,
      "y" : -5.545085,
      "z" : -8.972136
    },
    "orientation" : 46
  }, {
    "shape" : "49b86c1b-8aab-4e29-9e28-7aa497989975",
    "color" : "#FFFFFF",
    "position" : {
      "x" : 7.663119,
      "y" : 16.635256,
      "z" : -8.972136
    }
  }, {
    "shape" : "49b86c1b-8aab-4e29-9e28-7aa497989975",
    "color" : "#FFFFFF",
    "position" : {
      "x" : -7.663119,
      "y" : -16.635256,
      "z" : -8.972136
    }
  }, {
    "shape" : "67099cbe-d07b-4ed9-9719-5cc74dec12d3",
    "color" : "#6C00C6",
    "position" : {
      "x" : -15.826238,
      "y" : -3.427051,
      "z" : -12.399187
    },
    "orientation" : 32
  }, {
    "shape" : "67099cbe-d07b-4ed9-9719-5cc74dec12d3",
    "color" : "#6C00C6",
    "position" : {
      "x" : -13.208204,
      "y" : -14.5172205,
      "z" : 5.545085
    },
    "orientation" : 11
  }, {
    "shape" : "49b86c1b-8aab-4e29-9e28-7aa497989975",
    "color" : "#FFFFFF",
    "position" : {
      "x" : 14.5172205,
      "y" : -5.545085,
      "z" : 8.972136
    }
  }, {
    "shape" : "3f985941-9638-4756-b660-f7797489d99e",
    "color" : "#007695",
    "position" : {
      "x" : 17.944271,
      "y" : 0.0,
      "z" : 0.0
    },
    "orientation" : 47
  }, {
    "shape" : "49b86c1b-8aab-4e29-9e28-7aa497989975",
    "color" : "#FFFFFF",
    "position" : {
      "x" : 5.545085,
      "y" : 8.972136,
      "z" : -14.5172205
    }
  }, {
    "shape" : "4e432722-3dea-4dbd-9794-fb3c7d8c81e4",
    "color" : "#9A754A",
    "position" : {
      "x" : 12.399187,
      "y" : -15.826238,
      "z" : 3.427051
    },
    "orientation" : 2
  }, {
    "shape" : "3daadeda-80c2-41dc-ba5e-bb7400af2104",
    "color" : "#008D36",
    "position" : {
      "x" : 0.0,
      "y" : 0.0,
      "z" : -17.944271
    },
    "orientation" : 21
  }, {
    "shape" : "67099cbe-d07b-4ed9-9719-5cc74dec12d3",
    "color" : "#6C00C6",
    "position" : {
      "x" : -17.944271,
      "y" : 6.854102,
      "z" : -6.854102
    },
    "orientation" : 28
  }, {
    "shape" : "49b86c1b-8aab-4e29-9e28-7aa497989975",
    "color" : "#FFFFFF",
    "position" : {
      "x" : -17.944271,
      "y" : 17.944271,
      "z" : 17.944271
    }
  }, {
    "shape" : "63c69606-6ff8-471c-be69-d683a8fe1f12",
    "color" : "#008D36",
    "position" : {
      "x" : -15.826238,
      "y" : -3.427051,
      "z" : -12.399187
    },
    "orientation" : 13
  }, {
    "shape" : "63c69606-6ff8-471c-be69-d683a8fe1f12",
    "color" : "#008D36",
    "position" : {
      "x" : 3.427051,
      "y" : -12.399187,
      "z" : 15.826238
    },
    "orientation" : 57
  }, {
    "shape" : "3daadeda-80c2-41dc-ba5e-bb7400af2104",
    "color" : "#008D36",
    "position" : {
      "x" : -14.5172205,
      "y" : -5.545085,
      "z" : 8.972136
    },
    "orientation" : 1
  }, {
    "shape" : "4e432722-3dea-4dbd-9794-fb3c7d8c81e4",
    "color" : "#9A754A",
    "position" : {
      "x" : 6.854102,
      "y" : 17.944271,
      "z" : 6.854102
    },
    "orientation" : 8
  }, {
    "shape" : "49b86c1b-8aab-4e29-9e28-7aa497989975",
    "color" : "#FFFFFF",
    "position" : {
      "x" : -1.309017,
      "y" : -20.062305,
      "z" : -3.427051
    }
  }, {
    "shape" : "3daadeda-80c2-41dc-ba5e-bb7400af2104",
    "color" : "#008D36",
    "position" : {
      "x" : -5.545085,
      "y" : -8.972136,
      "z" : -14.5172205
    },
    "orientation" : 40
  }, {
    "shape" : "49b86c1b-8aab-4e29-9e28-7aa497989975",
    "color" : "#FFFFFF",
    "position" : {
      "x" : -3.427051,
      "y" : -1.309017,
      "z" : -20.062305
    }
  }, {
    "shape" : "80c3c57b-8821-4a4e-ba9b-939c0bbdb0b2",
    "color" : "#008D36",
    "position" : {
      "x" : 1.309017,
      "y" : 20.062305,
      "z" : -3.427051
    },
    "orientation" : 48
  }, {
    "shape" : "80c3c57b-8821-4a4e-ba9b-939c0bbdb0b2",
    "color" : "#008D36",
    "position" : {
      "x" : 7.663119,
      "y" : 16.635256,
      "z" : -8.972136
    },
    "orientation" : 10
  }, {
    "shape" : "3daadeda-80c2-41dc-ba5e-bb7400af2104",
    "color" : "#008D36",
    "position" : {
      "x" : -8.972136,
      "y" : 14.5172205,
      "z" : -5.545085
    },
    "orientation" : 32
  }, {
    "shape" : "3daadeda-80c2-41dc-ba5e-bb7400af2104",
    "color" : "#008D36",
    "position" : {
      "x" : -8.972136,
      "y" : -14.5172205,
      "z" : -5.545085
    },
    "orientation" : 18
  }, {
    "shape" : "3f985941-9638-4756-b660-f7797489d99e",
    "color" : "#007695",
    "position" : {
      "x" : -14.5172205,
      "y" : -5.545085,
      "z" : 8.972136
    },
    "orientation" : 21
  }, {
    "shape" : "49b86c1b-8aab-4e29-9e28-7aa497989975",
    "color" : "#FFFFFF",
    "position" : {
      "x" : -3.427051,
      "y" : 12.399187,
      "z" : 15.826238
    }
  }, {
    "shape" : "3f985941-9638-4756-b660-f7797489d99e",
    "color" : "#007695",
    "position" : {
      "x" : -8.972136,
      "y" : 14.5172205,
      "z" : 5.545085
    },
    "orientation" : 40
  }, {
    "shape" : "80c3c57b-8821-4a4e-ba9b-939c0bbdb0b2",
    "color" : "#008D36",
    "position" : {
      "x" : -13.208204,
      "y" : 14.5172205,
      "z" : -5.545085
    },
    "orientation" : 13
  }, {
    "shape" : "63c69606-6ff8-471c-be69-d683a8fe1f12",
    "color" : "#008D36",
    "position" : {
      "x" : 7.663119,
      "y" : 16.635256,
      "z" : -8.972136
    },
    "orientation" : 19
  }, {
    "shape" : "49b86c1b-8aab-4e29-9e28-7aa497989975",
    "color" : "#FFFFFF",
    "position" : {
      "x" : -6.854102,
      "y" : 17.944271,
      "z" : 0.0
    }
  }, {
    "shape" : "49b86c1b-8aab-4e29-9e28-7aa497989975",
    "color" : "#FFFFFF",
    "position" : {
      "x" : -14.5172205,
      "y" : -5.545085,
      "z" : 13.208204
    }
  }, {
    "shape" : "67099cbe-d07b-4ed9-9719-5cc74dec12d3",
    "color" : "#6C00C6",
    "position" : {
      "x" : -20.062305,
      "y" : -3.427051,
      "z" : -1.309017
    },
    "orientation" : 49
  }, {
    "shape" : "3daadeda-80c2-41dc-ba5e-bb7400af2104",
    "color" : "#008D36",
    "position" : {
      "x" : -8.972136,
      "y" : -14.5172205,
      "z" : 5.545085
    },
    "orientation" : 47
  }, {
    "shape" : "67099cbe-d07b-4ed9-9719-5cc74dec12d3",
    "color" : "#6C00C6",
    "position" : {
      "x" : -5.545085,
      "y" : -13.208204,
      "z" : 14.5172205
    },
    "orientation" : 54
  }, {
    "shape" : "49b86c1b-8aab-4e29-9e28-7aa497989975",
    "color" : "#FFFFFF",
    "position" : {
      "x" : 11.09017,
      "y" : 11.09017,
      "z" : 11.09017
    }
  }, {
    "shape" : "49b86c1b-8aab-4e29-9e28-7aa497989975",
    "color" : "#FFFFFF",
    "position" : {
      "x" : -3.427051,
      "y" : 1.309017,
      "z" : 20.062305
    }
  }, {
    "shape" : "67099cbe-d07b-4ed9-9719-5cc74dec12d3",
    "color" : "#6C00C6",
    "position" : {
      "x" : 1.309017,
      "y" : -20.062305,
      "z" : 3.427051
    },
    "orientation" : 20
  }, {
    "shape" : "67099cbe-d07b-4ed9-9719-5cc74dec12d3",
    "color" : "#6C00C6",
    "position" : {
      "x" : 1.309017,
      "y" : 20.062305,
      "z" : -3.427051
    },
    "orientation" : 5
  }, {
    "shape" : "4e432722-3dea-4dbd-9794-fb3c7d8c81e4",
    "color" : "#9A754A",
    "position" : {
      "x" : -12.399187,
      "y" : 15.826238,
      "z" : 3.427051
    },
    "orientation" : 32
  }, {
    "shape" : "63c69606-6ff8-471c-be69-d683a8fe1f12",
    "color" : "#008D36",
    "position" : {
      "x" : 5.545085,
      "y" : 13.208204,
      "z" : 14.5172205
    },
    "orientation" : 17
  }, {
    "shape" : "49b86c1b-8aab-4e29-9e28-7aa497989975",
    "color" : "#FFFFFF",
    "position" : {
      "x" : -5.545085,
      "y" : -8.972136,
      "z" : 14.5172205
    }
  }, {
    "shape" : "80c3c57b-8821-4a4e-ba9b-939c0bbdb0b2",
    "color" : "#008D36",
    "position" : {
      "x" : -8.972136,
      "y" : -7.663119,
      "z" : -16.635256
    },
    "orientation" : 26
  }, {
    "shape" : "67099cbe-d07b-4ed9-9719-5cc74dec12d3",
    "color" : "#6C00C6",
    "position" : {
      "x" : 6.854102,
      "y" : -17.944271,
      "z" : -6.854102
    },
    "orientation" : 14
  }, {
    "shape" : "4e432722-3dea-4dbd-9794-fb3c7d8c81e4",
    "color" : "#9A754A",
    "position" : {
      "x" : -16.635256,
      "y" : 8.972136,
      "z" : 7.663119
    },
    "orientation" : 39
  }, {
    "shape" : "49b86c1b-8aab-4e29-9e28-7aa497989975",
    "color" : "#FFFFFF",
    "position" : {
      "x" : 1.309017,
      "y" : 20.062305,
      "z" : -3.427051
    }
  }, {
    "shape" : "3daadeda-80c2-41dc-ba5e-bb7400af2104",
    "color" : "#008D36",
    "position" : {
      "x" : 0.0,
      "y" : 0.0,
      "z" : 17.944271
    },
    "orientation" : 36
  }, {
    "shape" : "4e432722-3dea-4dbd-9794-fb3c7d8c81e4",
    "color" : "#9A754A",
    "position" : {
      "x" : -1.309017,
      "y" : -20.062305,
      "z" : -3.427051
    },
    "orientation" : 18
  }, {
    "shape" : "49b86c1b-8aab-4e29-9e28-7aa497989975",
    "color" : "#FFFFFF",
    "position" : {
      "x" : 14.5172205,
      "y" : 5.545085,
      "z" : 13.208204
    }
  }, {
    "shape" : "3daadeda-80c2-41dc-ba5e-bb7400af2104",
    "color" : "#008D36",
    "position" : {
      "x" : 14.5172205,
      "y" : 5.545085,
      "z" : -8.972136
    },
    "orientation" : 5
  }, {
    "shape" : "4e432722-3dea-4dbd-9794-fb3c7d8c81e4",
    "color" : "#9A754A",
    "position" : {
      "x" : 20.062305,
      "y" : -3.427051,
      "z" : 1.309017
    },
    "orientation" : 20
  }, {
    "shape" : "80c3c57b-8821-4a4e-ba9b-939c0bbdb0b2",
    "color" : "#008D36",
    "position" : {
      "x" : -6.854102,
      "y" : 17.944271,
      "z" : -6.854102
    },
    "orientation" : 53
  }, {
    "shape" : "80c3c57b-8821-4a4e-ba9b-939c0bbdb0b2",
    "color" : "#008D36",
    "position" : {
      "x" : 12.399187,
      "y" : -15.826238,
      "z" : 3.427051
    },
    "orientation" : 2
  }, {
    "shape" : "49b86c1b-8aab-4e29-9e28-7aa497989975",
    "color" : "#FFFFFF",
    "position" : {
      "x" : -16.635256,
      "y" : 8.972136,
      "z" : 7.663119
    }
  }, {
    "shape" : "3daadeda-80c2-41dc-ba5e-bb7400af2104",
    "color" : "#008D36",
    "position" : {
      "x" : 5.545085,
      "y" : 8.972136,
      "z" : -14.5172205
    },
    "orientation" : 10
  }, {
    "shape" : "49b86c1b-8aab-4e29-9e28-7aa497989975",
    "color" : "#FFFFFF",
    "position" : {
      "x" : -8.972136,
      "y" : 7.663119,
      "z" : 16.635256
    }
  }, {
    "shape" : "3f985941-9638-4756-b660-f7797489d99e",
    "color" : "#007695",
    "position" : {
      "x" : 5.545085,
      "y" : 8.972136,
      "z" : -14.5172205
    },
    "orientation" : 53
  }, {
    "shape" : "49b86c1b-8aab-4e29-9e28-7aa497989975",
    "color" : "#FFFFFF",
    "position" : {
      "x" : 0.0,
      "y" : 6.854102,
      "z" : 17.944271
    }
  }, {
    "shape" : "3daadeda-80c2-41dc-ba5e-bb7400af2104",
    "color" : "#008D36",
    "position" : {
      "x" : 8.972136,
      "y" : 14.5172205,
      "z" : -5.545085
    },
    "orientation" : 24
  }, {
    "shape" : "49b86c1b-8aab-4e29-9e28-7aa497989975",
    "color" : "#FFFFFF",
    "position" : {
      "x" : 0.0,
      "y" : 11.09017,
      "z" : 29.034441
    }
  }, {
    "shape" : "67099cbe-d07b-4ed9-9719-5cc74dec12d3",
    "color" : "#6C00C6",
    "position" : {
      "x" : -1.309017,
      "y" : 20.062305,
      "z" : 3.427051
    },
    "orientation" : 50
  }, {
    "shape" : "80c3c57b-8821-4a4e-ba9b-939c0bbdb0b2",
    "color" : "#008D36",
    "position" : {
      "x" : 1.309017,
      "y" : -20.062305,
      "z" : 3.427051
    },
    "orientation" : 33
  }, {
    "shape" : "4e432722-3dea-4dbd-9794-fb3c7d8c81e4",
    "color" : "#9A754A",
    "position" : {
      "x" : -6.854102,
      "y" : -6.854102,
      "z" : 17.944271
    },
    "orientation" : 36
  }, {
    "shape" : "63c69606-6ff8-471c-be69-d683a8fe1f12",
    "color" : "#008D36",
    "position" : {
      "x" : 15.826238,
      "y" : 3.427051,
      "z" : -12.399187
    },
    "orientation" : 43
  }, {
    "shape" : "4e432722-3dea-4dbd-9794-fb3c7d8c81e4",
    "color" : "#9A754A",
    "position" : {
      "x" : -6.854102,
      "y" : -17.944271,
      "z" : 6.854102
    },
    "orientation" : 38
  }, {
    "shape" : "4e432722-3dea-4dbd-9794-fb3c7d8c81e4",
    "color" : "#9A754A",
    "position" : {
      "x" : 13.208204,
      "y" : -14.5172205,
      "z" : -5.545085
    },
    "orientation" : 43
  }, {
    "shape" : "49b86c1b-8aab-4e29-9e28-7aa497989975",
    "color" : "#FFFFFF",
    "position" : {
      "x" : 0.0,
      "y" : 17.944271,
      "z" : 0.0
    }
  }, {
    "shape" : "3daadeda-80c2-41dc-ba5e-bb7400af2104",
    "color" : "#008D36",
    "position" : {
      "x" : -14.5172205,
      "y" : -5.545085,
      "z" : 8.972136
    },
    "orientation" : 28
  }, {
    "shape" : "4e432722-3dea-4dbd-9794-fb3c7d8c81e4",
    "color" : "#9A754A",
    "position" : {
      "x" : -14.5172205,
      "y" : 5.545085,
      "z" : -13.208204
    },
    "orientation" : 42
  }, {
    "shape" : "49b86c1b-8aab-4e29-9e28-7aa497989975",
    "color" : "#FFFFFF",
    "position" : {
      "x" : 5.545085,
      "y" : -8.972136,
      "z" : -14.5172205
    }
  }, {
    "shape" : "67099cbe-d07b-4ed9-9719-5cc74dec12d3",
    "color" : "#6C00C6",
    "position" : {
      "x" : 13.208204,
      "y" : -14.5172205,
      "z" : -5.545085
    },
    "orientation" : 56
  }, {
    "shape" : "3daadeda-80c2-41dc-ba5e-bb7400af2104",
    "color" : "#008D36",
    "position" : {
      "x" : 5.545085,
      "y" : 8.972136,
      "z" : -14.5172205
    },
    "orientation" : 19
  }, {
    "shape" : "4e432722-3dea-4dbd-9794-fb3c7d8c81e4",
    "color" : "#9A754A",
    "position" : {
      "x" : 5.545085,
      "y" : -13.208204,
      "z" : -14.5172205
    },
    "orientation" : 59
  }, {
    "shape" : "4e432722-3dea-4dbd-9794-fb3c7d8c81e4",
    "color" : "#9A754A",
    "position" : {
      "x" : 3.427051,
      "y" : 12.399187,
      "z" : -15.826238
    },
    "orientation" : 0
  }, {
    "shape" : "4e432722-3dea-4dbd-9794-fb3c7d8c81e4",
    "color" : "#9A754A",
    "position" : {
      "x" : 1.309017,
      "y" : 20.062305,
      "z" : -3.427051
    },
    "orientation" : 48
  }, {
    "shape" : "49b86c1b-8aab-4e29-9e28-7aa497989975",
    "color" : "#FFFFFF",
    "position" : {
      "x" : 12.399187,
      "y" : -15.826238,
      "z" : 3.427051
    }
  }, {
    "shape" : "63c69606-6ff8-471c-be69-d683a8fe1f12",
    "color" : "#008D36",
    "position" : {
      "x" : -3.427051,
      "y" : 1.309017,
      "z" : 20.062305
    },
    "orientation" : 55
  }, {
    "shape" : "80c3c57b-8821-4a4e-ba9b-939c0bbdb0b2",
    "color" : "#008D36",
    "position" : {
      "x" : 6.854102,
      "y" : 6.854102,
      "z" : 17.944271
    },
    "orientation" : 6
  }, {
    "shape" : "49b86c1b-8aab-4e29-9e28-7aa497989975",
    "color" : "#FFFFFF",
    "position" : {
      "x" : 14.5172205,
      "y" : 5.545085,
      "z" : 8.972136
    }
  }, {
    "shape" : "67099cbe-d07b-4ed9-9719-5cc74dec12d3",
    "color" : "#6C00C6",
    "position" : {
      "x" : -7.663119,
      "y" : 16.635256,
      "z" : 8.972136
    },
    "orientation" : 36
  }, {
    "shape" : "4e432722-3dea-4dbd-9794-fb3c7d8c81e4",
    "color" : "#9A754A",
    "position" : {
      "x" : -20.062305,
      "y" : -3.427051,
      "z" : -1.309017
    },
    "orientation" : 35
  }, {
    "shape" : "4e432722-3dea-4dbd-9794-fb3c7d8c81e4",
    "color" : "#9A754A",
    "position" : {
      "x" : 6.854102,
      "y" : -17.944271,
      "z" : -6.854102
    },
    "orientation" : 23
  }, {
    "shape" : "4e432722-3dea-4dbd-9794-fb3c7d8c81e4",
    "color" : "#9A754A",
    "position" : {
      "x" : 7.663119,
      "y" : -16.635256,
      "z" : 8.972136
    },
    "orientation" : 25
  }, {
    "shape" : "3daadeda-80c2-41dc-ba5e-bb7400af2104",
    "color" : "#008D36",
    "position" : {
      "x" : -5.545085,
      "y" : 8.972136,
      "z" : -14.5172205
    },
    "orientation" : 0
  }, {
    "shape" : "80c3c57b-8821-4a4e-ba9b-939c0bbdb0b2",
    "color" : "#008D36",
    "position" : {
      "x" : -6.854102,
      "y" : 6.854102,
      "z" : -17.944271
    },
    "orientation" : 51
  }, {
    "shape" : "49b86c1b-8aab-4e29-9e28-7aa497989975",
    "color" : "#FFFFFF",
    "position" : {
      "x" : -6.854102,
      "y" : 17.944271,
      "z" : -6.854102
    }
  }, {
    "shape" : "80c3c57b-8821-4a4e-ba9b-939c0bbdb0b2",
    "color" : "#008D36",
    "position" : {
      "x" : -6.854102,
      "y" : -17.944271,
      "z" : 6.854102
    },
    "orientation" : 38
  }, {
    "shape" : "63c69606-6ff8-471c-be69-d683a8fe1f12",
    "color" : "#008D36",
    "position" : {
      "x" : -13.208204,
      "y" : -14.5172205,
      "z" : 5.545085
    },
    "orientation" : 1
  }, {
    "shape" : "49b86c1b-8aab-4e29-9e28-7aa497989975",
    "color" : "#FFFFFF",
    "position" : {
      "x" : -17.944271,
      "y" : 6.854102,
      "z" : -6.854102
    }
  }, {
    "shape" : "67099cbe-d07b-4ed9-9719-5cc74dec12d3",
    "color" : "#6C00C6",
    "position" : {
      "x" : 20.062305,
      "y" : 3.427051,
      "z" : -1.309017
    },
    "orientation" : 19
  }, {
    "shape" : "63c69606-6ff8-471c-be69-d683a8fe1f12",
    "color" : "#008D36",
    "position" : {
      "x" : 17.944271,
      "y" : 6.854102,
      "z" : 6.854102
    },
    "orientation" : 22
  }, {
    "shape" : "67099cbe-d07b-4ed9-9719-5cc74dec12d3",
    "color" : "#6C00C6",
    "position" : {
      "x" : -12.399187,
      "y" : 15.826238,
      "z" : 3.427051
    },
    "orientation" : 0
  }, {
    "shape" : "67099cbe-d07b-4ed9-9719-5cc74dec12d3",
    "color" : "#6C00C6",
    "position" : {
      "x" : -17.944271,
      "y" : -6.854102,
      "z" : 6.854102
    },
    "orientation" : 13
  }, {
    "shape" : "80c3c57b-8821-4a4e-ba9b-939c0bbdb0b2",
    "color" : "#008D36",
    "position" : {
      "x" : -5.545085,
      "y" : -13.208204,
      "z" : 14.5172205
    },
    "orientation" : 14
  }, {
    "shape" : "3daadeda-80c2-41dc-ba5e-bb7400af2104",
    "color" : "#008D36",
    "position" : {
      "x" : 14.5172205,
      "y" : -5.545085,
      "z" : 8.972136
    },
    "orientation" : 41
  }, {
    "shape" : "80c3c57b-8821-4a4e-ba9b-939c0bbdb0b2",
    "color" : "#008D36",
    "position" : {
      "x" : 6.854102,
      "y" : 17.944271,
      "z" : 6.854102
    },
    "orientation" : 8
  }, {
    "shape" : "80c3c57b-8821-4a4e-ba9b-939c0bbdb0b2",
    "color" : "#008D36",
    "position" : {
      "x" : -3.427051,
      "y" : -1.309017,
      "z" : -20.062305
    },
    "orientation" : 49
  }, {
    "shape" : "4e432722-3dea-4dbd-9794-fb3c7d8c81e4",
    "color" : "#9A754A",
    "position" : {
      "x" : 3.427051,
      "y" : -12.399187,
      "z" : 15.826238
    },
    "orientation" : 15
  }, {
    "shape" : "49b86c1b-8aab-4e29-9e28-7aa497989975",
    "color" : "#FFFFFF",
    "position" : {
      "x" : -15.826238,
      "y" : 3.427051,
      "z" : 12.399187
    }
  }, {
    "shape" : "3daadeda-80c2-41dc-ba5e-bb7400af2104",
    "color" : "#008D36",
    "position" : {
      "x" : -14.5172205,
      "y" : -5.545085,
      "z" : -8.972136
    },
    "orientation" : 26
  }, {
