{
  "field" : "golden",
  "symmetry" : "icosahedral",
  "orientations" : [ [ 1.0, 0.0, 0.0, 0.0, 0.0, 1.0, 0.0, 0.0, 0.0, 0.0, 1.0, 0.0, 0.0, 0.0, 0.0, 1.0 ], [ 0.0, 0.0, 1.0, 0.0, 1.0, 0.0, 0.0, 0.0, 0.0, 1.0, 0.0, 0.0, 0.0, 0.0, 0.0, 1.0 ], [ 0.0, 1.0, 0.0, 0.0, 0.0, 0.0, 1.0, 0.0, 1.0, 0.0, 0.0, 0.0, 0.0, 0.0, 0.0, 1.0 ], [ 0.809017, 0.309017, 0.5, 0.0, 0.309017, 0.5, -0.809017, 0.0, -0.5, 0.809017, 0.309017, 0.0, 0.0, 0.0, 0.0, 1.0 ], [ -0.5, 0.809017, 0.309017, 0.0, 0.809017, 0.309017, 0.5, 0.0, 0.309017, 0.5, -0.809017, 0.0, 0.0, 0.0, 0.0, 1.0 ], [ 0.309017, 0.5, -0.809017, 0.0, -0.5, 0.809017, 0.309017, 0.0, 0.809017, 0.309017, 0.5, 0.0, 0.0, 0.0, 0.0, 1.0 ], [ 0.5, 0.809017, 0.309017, 0.0, 0.809017, -0.309017, -0.5, 0.0, -0.309017, 0.5, -0.809017, 0.0, 0.0, 0.0, 0.0, 1.0 ], [ -0.309017, 0.5, -0.809017, 0.0, 0.5, 0.809017, 0.309017, 0.0, 0.809017, -0.309017, -0.5, 0.0, 0.0, 0.0, 0.0, 1.0 ], [ 0.809017, -0.309017, -0.5, 0.0, -0.309017, 0.5, -0.809017, 0.0, 0.5, 0.809017, 0.309017, 0.0, 0.0, 0.0, 0.0, 1.0 ], [ 0.5, 0.809017, -0.309017, 0.0, 0.809017, -0.309017, 0.5, 0.0, 0.309017, -0.5, -0.809017, 0.0, 0.0, 0.0, 0.0, 1.0 ], [ 0.309017, -0.5, -0.809017, 0.0, 0.5, 0.809017, -0.309017, 0.0, 0.809017, -0.309017, 0.5, 0.0, 0.0, 0.0, 0.0, 1.0 ], [ 0.809017, -0.309017, 0.5, 0.0, 0.309017, -0.5, -0.809017, 0.0, 0.5, 0.809017, -0.309017, 0.0, 0.0, 0.0, 0.0, 1.0 ], [ 0.809017, 0.309017, -0.5, 0.0, 0.309017, 0.5, 0.809017, 0.0, 0.5, -0.809017, 0.309017, 0.0, 0.0, 0.0, 0.0, 1.0 ], [ 0.5, -0.809017, 0.309017, 0.0, 0.809017, 0.309017, -0.5, 0.0, 0.309017, 0.5, 0.809017, 0.0, 0.0, 0.0, 0.0, 1.0 ], [ 0.309017, 0.5, 0.809017, 0.0, 0.5, -0.809017, 0.309017, 0.0, 0.809017, 0.309017, -0.5, 0.0, 0.0, 0.0, 0.0, 1.0 ], [ 1.0, 0.0, 0.0, 0.0, 0.0, -1.0, 0.0, 0.0, 0.0, 0.0, -1.0, 0.0, 0.0, 0.0, 0.0, 1.0 ], [ 0.0, 0.0, 1.0, 0.0, -1.0, 0.0, 0.0, 0.0, 0.0, -1.0, 0.0, 0.0, 0.0, 0.0, 0.0, 1.0 ], [ 0.0, 1.0, 0.0, 0.0, 0.0, 0.0, -1.0, 0.0, -1.0, 0.0, 0.0, 0.0, 0.0, 0.0, 0.0, 1.0 ], [ 0.809017, 0.309017, 0.5, 0.0, -0.309017, -0.5, 0.809017, 0.0, 0.5, -0.809017, -0.309017, 0.0, 0.0, 0.0, 0.0, 1.0 ], [ -0.5, 0.809017, 0.309017, 0.0, -0.809017, -0.309017, -0.5, 0.0, -0.309017, -0.5, 0.809017, 0.0, 0.0, 0.0, 0.0, 1.0 ], [ 0.309017, 0.5, -0.809017, 0.0, 0.5, -0.809017, -0.309017, 0.0, -0.809017, -0.309017, -0.5, 0.0, 0.0, 0.0, 0.0, 1.0 ], [ 0.5, 0.809017, 0.309017, 0.0, -0.809017, 0.309017, 0.5, 0.0, 0.309017, -0.5, 0.809017, 0.0, 0.0, 0.0, 0.0, 1.0 ], [ -0.309017, 0.5, -0.809017, 0.0, -0.5, -0.809017, -0.309017, 0.0, -0.809017, 0.309017, 0.5, 0.0, 0.0, 0.0, 0.0, 1.0 ], [ 0.809017, -0.309017, -0.5, 0.0, 0.309017, -0.5, 0.809017, 0.0, -0.5, -0.809017, -0.309017, 0.0, 0.0, 0.0, 0.0, 1.0 ], [ 0.5, 0.809017, -0.309017, 0.0, -0.809017, 0.309017, -0.5, 0.0, -0.309017, 0.5, 0.809017, 0.0, 0.0, 0.0, 0.0, 1.0 ], [ 0.309017, -0.5, -0.809017, 0.0, -0.5, -0.809017, 0.309017, 0.0, -0.809017, 0.309017, -0.5, 0.0, 0.0, 0.0, 0.0, 1.0 ], [ 0.809017, -0.309017, 0.5, 0.0, -0.309017, 0.5, 0.809017, 0.0, -0.5, -0.809017, 0.309017, 0.0, 0.0, 0.0, 0.0, 1.0 ], [ 0.809017, 0.309017, -0.5, 0.0, -0.309017, -0.5, -0.809017, 0.0, -0.5, 0.809017, -0.309017, 0.0, 0.0, 0.0, 0.0, 1.0 ], [ 0.5, -0.809017, 0.309017, 0.0, -0.809017, -0.309017, 0.5, 0.0, -0.309017, -0.5, -0.809017, 0.0, 0.0, 0.0, 0.0, 1.0 ], [ 0.309017, 0.5, 0.809017, 0.0, -0.5, 0.809017, -0.309017, 0.0, -0.809017, -0.309017, 0.5, 0.0, 0.0, 0.0, 0.0, 1.0 ], [ -1.0, 0.0, 0.0, 0.0, 0.0, -1.0, 0.0, 0.0, 0.0, 0.0, 1.0, 0.0, 0.0, 0.0, 0.0, 1.0 ], [ 0.0, 0.0, -1.0, 0.0, -1.0, 0.0, 0.0, 0.0, 0.0, 1.0, 0.0, 0.0, 0.0, 0.0, 0.0, 1.0 ], [ 0.0, -1.0, 0.0, 0.0, 0.0, 0.0, -1.0, 0.0, 1.0, 0.0, 0.0, 0.0, 0.0, 0.0, 0.0, 1.0 ], [ -0.809017, -0.309017, -0.5, 0.0, -0.309017, -0.5, 0.809017, 0.0, -0.5, 0.809017, 0.309017, 0.0, 0.0, 0.0, 0.0, 1.0 ], [ 0.5, -0.809017, -0.309017, 0.0, -0.809017, -0.309017, -0.5, 0.0, 0.309017, 0.5, -0.809017, 0.0, 0.0, 0.0, 0.0, 1.0 ], [ -0.309017, -0.5, 0.809017, 0.0, 0.5, -0.809017, -0.309017, 0.0, 0.809017, 0.309017, 0.5, 0.0, 0.0, 0.0, 0.0, 1.0 ], [ -0.5, -0.809017, -0.309017, 0.0, -0.809017, 0.309017, 0.5, 0.0, -0.309017, 0.5, -0.809017, 0.0, 0.0, 0.0, 0.0, 1.0 ], [ 0.309017, -0.5, 0.809017, 0.0, -0.5, -0.809017, -0.309017, 0.0, 0.809017, -0.309017, -0.5, 0.0, 0.0, 0.0, 0.0, 1.0 ], [ -0.809017, 0.309017, 0.5, 0.0, 0.309017, -0.5, 0.809017, 0.0, 0.5, 0.809017, 0.309017, 0.0, 0.0, 0.0, 0.0, 1.0 ], [ -0.5, -0.809017, 0.309017, 0.0, -0.809017, 0.309017, -0.5, 0.0, 0.309017, -0.5, -0.809017, 0.0, 0.0, 0.0, 0.0, 1.0 ], [ -0.309017, 0.5, 0.809017, 0.0, -0.5, -0.809017, 0.309017, 0.0, 0.809017, -0.309017, 0.5, 0.0, 0.0, 0.0, 0.0, 1.0 ], [ -0.809017, 0.309017, -0.5, 0.0, -0.309017, 0.5, 0.809017, 0.0, 0.5, 0.809017, -0.309017, 0.0, 0.0, 0.0, 0.0, 1.0 ], [ -0.809017, -0.309017, 0.5, 0.0, -0.309017, -0.5, -0.809017, 0.0, 0.5, -0.809017, 0.309017, 0.0, 0.0, 0.0, 0.0, 1.0 ], [ -0.5, 0.809017, -0.309017, 0.0, -0.809017, -0.309017, 0.5, 0.0, 0.309017, 0.5, 0.809017, 0.0, 0.0, 0.0, 0.0, 1.0 ], [ -0.309017, -0.5, -0.809017, 0.0, -0.5, 0.809017, -0.309017, 0.0, 0.809017, 0.309017, -0.5, 0.0, 0.0, 0.0, 0.0, 1.0 ], [ -1.0, 0.0, 0.0, 0.0, 0.0, 1.0, 0.0, 0.0, 0.0, 0.0, -1.0, 0.0, 0.0, 0.0, 0.0, 1.0 ], [ 0.0, 0.0, -1.0, 0.0, 1.0, 0.0, 0.0, 0.0, 0.0, -1.0, 0.0, 0.0, 0.0, 0.0, 0.0, 1.0 ], [ 0.0, -1.0, 0.0, 0.0, 0.0, 0.0, 1.0, 0.0, -1.0, 0.0, 0.0, 0.0, 0.0, 0.0, 0.0, 1.0 ], [ -0.809017, -0.309017, -0.5, 0.0, 0.309017, 0.5, -0.809017, 0.0, 0.5, -0.809017, -0.309017, 0.0, 0.0, 0.0, 0.0, 1.0 ], [ 0.5, -0.809017, -0.309017, 0.0, 0.809017, 0.309017, 0.5, 0.0, -0.309017, -0.5, 0.809017, 0.0, 0.0, 0.0, 0.0, 1.0 ], [ -0.309017, -0.5, 0.809017, 0.0, -0.5, 0.809017, 0.309017, 0.0, -0.809017, -0.309017, -0.5, 0.0, 0.0, 0.0, 0.0, 1.0 ], [ -0.5, -0.809017, -0.309017, 0.0, 0.809017, -0.309017, -0.5, 0.0, 0.309017, -0.5, 0.809017, 0.0, 0.0, 0.0, 0.0, 1.0 ], [ 0.309017, -0.5, 0.809017, 0.0, 0.5, 0.809017, 0.309017, 0.0, -0.809017, 0.309017, 0.5, 0.0, 0.0, 0.0, 0.0, 1.0 ], [ -0.809017, 0.309017, 0.5, 0.0, -0.309017, 0.5, -0.809017, 0.0, -0.5, -0.809017, -0.309017, 0.0, 0.0, 0.0, 0.0, 1.0 ], [ -0.5, -0.809017, 0.309017, 0.0, 0.809017, -0.309017, 0.5, 0.0, -0.309017, 0.5, 0.809017, 0.0, 0.0, 0.0, 0.0, 1.0 ], [ -0.309017, 0.5, 0.809017, 0.0, 0.5, 0.809017, -0.309017, 0.0, -0.809017, 0.309017, -0.5, 0.0, 0.0, 0.0, 0.0, 1.0 ], [ -0.809017, 0.309017, -0.5, 0.0, 0.309017, -0.5, -0.809017, 0.0, -0.5, -0.809017, 0.309017, 0.0, 0.0, 0.0, 0.0, 1.0 ], [ -0.809017, -0.309017, 0.5, 0.0, 0.309017, 0.5, 0.809017, 0.0, -0.5, 0.809017, -0.309017, 0.0, 0.0, 0.0, 0.0, 1.0 ], [ -0.5, 0.809017, -0.309017, 0.0, 0.809017, 0.309017, -0.5, 0.0, -0.309017, -0.5, -0.809017, 0.0, 0.0, 0.0, 0.0, 1.0 ], [ -0.309017, -0.5, -0.809017, 0.0, 0.5, -0.809017, 0.309017, 0.0, -0.809017, -0.309017, 0.5, 0.0, 0.0, 0.0, 0.0, 1.0 ] ],
  "lights" : {
    "ambientColor" : "#292929",
    "backgroundColor" : "#AFC8DC",
    "directionalLights" : [ {
      "direction" : {
        "x" : 1.0,
        "y" : -1.0,
        "z" : -1.0
      },
      "color" : "#EBEBE4"
    }, {
      "direction" : {
        "x" : -1.0,
        "y" : 0.0,
        "z" : 0.0
      },
      "color" : "#E4E4EB"
    }, {
      "direction" : {
        "x" : 0.0,
        "y" : 0.0,
        "z" : -1.0
      },
      "color" : "#1E1E1E"
    } ]
  },
  "camera" : {
    "viewDistance" : 168.82784,
    "nearClipDistance" : 0.4220695,
    "farClipDistance" : 337.6556,
    "lookAtPoint" : {
      "x" : 0.0,
      "y" : 0.0,
      "z" : 0.0
    },
    "fieldOfView" : 0.4426287,
    "perspective" : false,
    "lookDirection" : {
      "x" : -0.018328134,
      "y" : -0.08066019,
      "z" : -0.99657494
    },
    "upDirection" : {
      "x" : -0.011567103,
      "y" : 0.99669355,
      "z" : -0.08045792
    },
    "width" : 75.972496,
    "stereo" : false,
    "position" : {
      "x" : 3.094299,
      "y" : 13.617684,
      "z" : 168.24959
    }
  },
  "embedding" : [ 1.0, 0.0, 0.0, 0.0, 0.0, 1.0, 0.0, 0.0, 0.0, 0.0, 1.0, 0.0, 0.0, 0.0, 0.0, 1.0 ],
  "shapes" : [ {
    "id" : "04459d93-0acc-4259-8330-7a6531abeb26",
    "vertices" : [ {
      "x" : 10.781153,
      "y" : 4.118034,
      "z" : -1.572949
    }, {
      "x" : 10.399187,
      "y" : 3.663119,
      "z" : -1.381966
    }, {
      "x" : 10.236068,
      "y" : 3.927051,
      "z" : -1.809017
    }, {
      "x" : 10.163119,
      "y" : 4.190983,
      "z" : -1.618034
    }, {
      "x" : 0.85410196,
      "y" : 0.309017,
      "z" : 0.19098301
    }, {
      "x" : 0.690983,
      "y" : 0.572949,
      "z" : -0.23606798
    }, {
      "x" : 0.309017,
      "y" : 0.11803399,
      "z" : -0.045084972
    }, {
      "x" : 0.76393205,
      "y" : 0.309017,
      "z" : -0.42705098
    }, {
      "x" : 0.927051,
      "y" : 0.045084972,
      "z" : 0.0
    }, {
      "x" : 10.326238,
      "y" : 3.927051,
      "z" : -1.190983
    }, {
      "x" : 11.09017,
      "y" : 4.236068,
      "z" : -1.618034
    } ],
    "faces" : [ {
      "vertices" : [ 2, 7, 5 ]
    }, {
      "vertices" : [ 2, 5, 3 ]
    }, {
      "vertices" : [ 1, 8, 7 ]
    }, {
      "vertices" : [ 1, 7, 2 ]
    }, {
      "vertices" : [ 4, 6, 8 ]
    }, {
      "vertices" : [ 5, 7, 6 ]
    }, {
      "vertices" : [ 0, 1, 2 ]
    }, {
      "vertices" : [ 0, 2, 3 ]
    }, {
      "vertices" : [ 6, 7, 8 ]
    }, {
      "vertices" : [ 3, 5, 4 ]
    }, {
      "vertices" : [ 3, 4, 9 ]
    }, {
      "vertices" : [ 1, 9, 4 ]
    }, {
      "vertices" : [ 1, 4, 8 ]
    }, {
      "vertices" : [ 0, 9, 1 ]
    }, {
      "vertices" : [ 0, 3, 9 ]
    }, {
      "vertices" : [ 4, 5, 6 ]
    } ]
  }, {
    "id" : "85edea9f-1267-4fdf-870d-d51242745ae7",
    "vertices" : [ {
      "x" : 12.708204,
      "y" : 12.708204,
      "z" : 12.708204
    }, {
      "x" : 0.0,
      "y" : 19.062305,
      "z" : 0.0
    }, {
      "x" : 12.708204,
      "y" : 12.708204,
      "z" : -12.708204
    } ],
    "faces" : [ {
      "vertices" : [ 0, 1, 2 ]
    }, {
      "vertices" : [ 0, 2, 1 ]
    } ]
  }, {
    "id" : "8ea9a924-12eb-4573-ab3c-aa47e15046a6",
    "vertices" : [ {
      "x" : 12.708204,
      "y" : -12.708204,
      "z" : -12.708204
    }, {
      "x" : 0.0,
      "y" : 0.0,
      "z" : -19.062305
    }, {
      "x" : -12.708204,
      "y" : -12.708204,
      "z" : -12.708204
    } ],
    "faces" : [ {
      "vertices" : [ 0, 1, 2 ]
    }, {
      "vertices" : [ 0, 2, 1 ]
    } ]
  }, {
    "id" : "f41ab1a7-42a3-43b9-9482-96482ad73d62",
    "vertices" : [ {
      "x" : 12.430427,
      "y" : -5.865213,
      "z" : 12.163759
    }, {
      "x" : 12.330426,
      "y" : -6.265213,
      "z" : 12.06376
    }, {
      "x" : 0.2777778,
      "y" : -0.4888889,
      "z" : 0.54444444
    }, {
      "x" : 0.37777779,
      "y" : -0.08888889,
      "z" : 0.64444447
    }, {
      "x" : 12.097093,
      "y" : -6.398546,
      "z" : 12.363759
    }, {
      "x" : 12.197093,
      "y" : -5.9985466,
      "z" : 12.463759
    }, {
      "x" : 0.6111111,
      "y" : 0.044444446,
      "z" : 0.34444445
    }, {
      "x" : 0.51111114,
      "y" : -0.35555556,
      "z" : 0.24444444
    } ],
    "faces" : [ {
      "vertices" : [ 2, 3, 6 ]
    }, {
      "vertices" : [ 2, 6, 7 ]
    }, {
      "vertices" : [ 0, 5, 4 ]
    }, {
      "vertices" : [ 0, 4, 1 ]
    }, {
      "vertices" : [ 2, 4, 5 ]
    }, {
      "vertices" : [ 2, 5, 3 ]
    }, {
      "vertices" : [ 0, 6, 3 ]
    }, {
      "vertices" : [ 0, 3, 5 ]
    }, {
      "vertices" : [ 0, 1, 7 ]
    }, {
      "vertices" : [ 0, 7, 6 ]
    }, {
      "vertices" : [ 1, 4, 2 ]
    }, {
      "vertices" : [ 1, 2, 7 ]
    } ]
  }, {
    "id" : "ed292296-3724-4d6b-bfdf-a30f3fb3d71b",
    "vertices" : [ {
      "x" : 12.708204,
      "y" : -12.708204,
      "z" : 12.708204
    }, {
      "x" : 0.0,
      "y" : 0.0,
      "z" : 19.062305
    }, {
      "x" : 12.708204,
      "y" : 12.708204,
      "z" : 12.708204
    } ],
    "faces" : [ {
      "vertices" : [ 0, 1, 2 ]
    }, {
      "vertices" : [ 0, 2, 1 ]
    } ]
  }, {
    "id" : "61bd9226-8c72-4d6e-821b-d1278bae397c",
    "vertices" : [ {
      "x" : 12.708204,
      "y" : -12.708204,
      "z" : -12.708204
    }, {
      "x" : 0.0,
      "y" : -19.062305,
      "z" : 0.0
    }, {
      "x" : 12.708204,
      "y" : -12.708204,
      "z" : 12.708204
    } ],
    "faces" : [ {
      "vertices" : [ 0, 1, 2 ]
    }, {
      "vertices" : [ 0, 2, 1 ]
    } ]
  }, {
    "id" : "0032b3b0-048a-48ac-ab8c-5987aa7976e6",
    "vertices" : [ {
      "x" : 0.309017,
      "y" : -0.309017,
      "z" : -0.309017
    }, {
      "x" : 0.5,
      "y" : 0.0,
      "z" : -0.19098301
    }, {
      "x" : 0.5,
      "y" : 0.0,
      "z" : 0.19098301
    }, {
      "x" : 0.309017,
      "y" : -0.309017,
      "z" : 0.309017
    }, {
      "x" : 0.19098301,
      "y" : -0.5,
      "z" : 0.0
    }, {
      "x" : 0.0,
      "y" : 0.19098301,
      "z" : 0.5
    }, {
      "x" : 0.0,
      "y" : -0.19098301,
      "z" : 0.5
    }, {
      "x" : 0.309017,
      "y" : 0.309017,
      "z" : 0.309017
    }, {
      "x" : -0.309017,
      "y" : -0.309017,
      "z" : 0.309017
    }, {
      "x" : -0.309017,
      "y" : 0.309017,
      "z" : 0.309017
    }, {
      "x" : -0.5,
      "y" : 0.0,
      "z" : 0.19098301
    }, {
      "x" : 0.0,
      "y" : -0.19098301,
      "z" : -0.5
    }, {
      "x" : 0.0,
      "y" : 0.19098301,
      "z" : -0.5
    }, {
      "x" : 0.309017,
      "y" : 0.309017,
      "z" : -0.309017
    }, {
      "x" : -0.309017,
      "y" : -0.309017,
      "z" : -0.309017
    }, {
      "x" : -0.19098301,
      "y" : -0.5,
      "z" : 0.0
    }, {
      "x" : -0.5,
      "y" : 0.0,
      "z" : -0.19098301
    }, {
      "x" : 0.19098301,
      "y" : 0.5,
      "z" : 0.0
    }, {
      "x" : -0.309017,
      "y" : 0.309017,
      "z" : -0.309017
    }, {
      "x" : 0.0,
      "y" : 0.0,
      "z" : 0.0
    }, {
      "x" : -0.19098301,
      "y" : 0.5,
      "z" : 0.0
    } ],
    "faces" : [ {
      "vertices" : [ 12, 18, 20 ]
    }, {
      "vertices" : [ 12, 20, 17 ]
    }, {
      "vertices" : [ 12, 17, 13 ]
    }, {
      "vertices" : [ 3, 6, 8 ]
    }, {
      "vertices" : [ 3, 8, 15 ]
    }, {
      "vertices" : [ 3, 15, 4 ]
    }, {
      "vertices" : [ 0, 11, 12 ]
    }, {
      "vertices" : [ 0, 12, 13 ]
    }, {
      "vertices" : [ 0, 13, 1 ]
    }, {
      "vertices" : [ 5, 9, 10 ]
    }, {
      "vertices" : [ 5, 10, 8 ]
    }, {
      "vertices" : [ 5, 8, 6 ]
    }, {
      "vertices" : [ 2, 7, 5 ]
    }, {
      "vertices" : [ 2, 5, 6 ]
    }, {
      "vertices" : [ 2, 6, 3 ]
    }, {
      "vertices" : [ 11, 14, 16 ]
    }, {
      "vertices" : [ 11, 16, 18 ]
    }, {
      "vertices" : [ 11, 18, 12 ]
    }, {
      "vertices" : [ 1, 13, 17 ]
    }, {
      "vertices" : [ 1, 17, 7 ]
    }, {
      "vertices" : [ 1, 7, 2 ]
    }, {
      "vertices" : [ 9, 20, 18 ]
    }, {
      "vertices" : [ 9, 18, 16 ]
    }, {
      "vertices" : [ 9, 16, 10 ]
    }, {
      "vertices" : [ 0, 1, 2 ]
    }, {
      "vertices" : [ 0, 2, 3 ]
    }, {
      "vertices" : [ 0, 3, 4 ]
    }, {
      "vertices" : [ 5, 7, 17 ]
    }, {
      "vertices" : [ 5, 17, 20 ]
    }, {
      "vertices" : [ 5, 20, 9 ]
    }, {
      "vertices" : [ 0, 4, 15 ]
    }, {
      "vertices" : [ 0, 15, 14 ]
    }, {
      "vertices" : [ 0, 14, 11 ]
    }, {
      "vertices" : [ 8, 10, 16 ]
    }, {
      "vertices" : [ 8, 16, 14 ]
    }, {
      "vertices" : [ 8, 14, 15 ]
    } ]
  }, {
    "id" : "83fade3d-1ca5-460e-9acc-5d242cf6baf5",
    "vertices" : [ {
      "x" : 1.0,
      "y" : 0.309017,
      "z" : 0.19098301
    }, {
      "x" : 1.0,
      "y" : -0.309017,
      "z" : 0.19098301
    }, {
      "x" : 24.416409,
      "y" : -0.309017,
      "z" : 0.19098301
    }, {
      "x" : 24.416409,
      "y" : 0.309017,
      "z" : 0.19098301
    }, {
      "x" : 24.416409,
      "y" : -0.309017,
      "z" : -0.19098301
    }, {
      "x" : 24.416409,
      "y" : 0.309017,
      "z" : -0.19098301
    }, {
      "x" : 25.034441,
      "y" : 0.0,
      "z" : 0.0
    }, {
      "x" : 0.38196602,
      "y" : 0.0,
      "z" : 0.0
    }, {
      "x" : 1.0,
      "y" : 0.309017,
      "z" : -0.19098301
    }, {
      "x" : 1.0,
      "y" : -0.309017,
      "z" : -0.19098301
    }, {
      "x" : 25.416409,
      "y" : 0.0,
      "z" : 0.0
    } ],
    "faces" : [ {
      "vertices" : [ 1, 9, 4 ]
    }, {
      "vertices" : [ 1, 4, 2 ]
    }, {
      "vertices" : [ 0, 3, 5 ]
    }, {
      "vertices" : [ 0, 5, 8 ]
    }, {
      "vertices" : [ 1, 7, 9 ]
    }, {
      "vertices" : [ 0, 1, 2 ]
    }, {
      "vertices" : [ 0, 2, 3 ]
    }, {
      "vertices" : [ 7, 8, 9 ]
    }, {
      "vertices" : [ 0, 7, 1 ]
    }, {
      "vertices" : [ 4, 9, 8 ]
    }, {
      "vertices" : [ 4, 8, 5 ]
    }, {
      "vertices" : [ 2, 6, 3 ]
    }, {
      "vertices" : [ 2, 4, 6 ]
    }, {
      "vertices" : [ 3, 6, 5 ]
    }, {
      "vertices" : [ 4, 5, 6 ]
    }, {
      "vertices" : [ 0, 8, 7 ]
    } ]
  }, {
    "id" : "04dd6277-e9e6-4fb7-9047-e7cef48a52eb",
    "vertices" : [ {
      "x" : -12.708204,
      "y" : -12.708204,
      "z" : 12.708204
    }, {
      "x" : -19.062305,
      "y" : 0.0,
      "z" : 0.0
    }, {
      "x" : -12.708204,
      "y" : 12.708204,
      "z" : 12.708204
    } ],
    "faces" : [ {
      "vertices" : [ 0, 1, 2 ]
    }, {
      "vertices" : [ 0, 2, 1 ]
    } ]
  }, {
    "id" : "f5cfa0a5-186b-4bb9-9e10-ee6d495fd1ec",
    "vertices" : [ {
      "x" : 16.326239,
      "y" : 6.236068,
      "z" : -2.381966
    }, {
      "x" : 15.944272,
      "y" : 5.7811527,
      "z" : -2.190983
    }, {
      "x" : 15.781153,
      "y" : 6.045085,
      "z" : -2.618034
    }, {
      "x" : 15.708204,
      "y" : 6.309017,
      "z" : -2.427051
    }, {
      "x" : 0.85410196,
      "y" : 0.309017,
      "z" : 0.19098301
    }, {
      "x" : 0.690983,
      "y" : 0.572949,
      "z" : -0.23606798
    }, {
      "x" : 0.309017,
      "y" : 0.11803399,
      "z" : -0.045084972
    }, {
      "x" : 0.76393205,
      "y" : 0.309017,
      "z" : -0.42705098
    }, {
      "x" : 0.927051,
      "y" : 0.045084972,
      "z" : 0.0
    }, {
      "x" : 15.871323,
      "y" : 6.045085,
      "z" : -2.0
    }, {
      "x" : 16.635256,
      "y" : 6.354102,
      "z" : -2.427051
    } ],
    "faces" : [ {
      "vertices" : [ 2, 7, 5 ]
    }, {
      "vertices" : [ 2, 5, 3 ]
    }, {
      "vertices" : [ 1, 8, 7 ]
    }, {
      "vertices" : [ 1, 7, 2 ]
    }, {
      "vertices" : [ 4, 6, 8 ]
    }, {
      "vertices" : [ 5, 7, 6 ]
    }, {
      "vertices" : [ 0, 1, 2 ]
    }, {
      "vertices" : [ 0, 2, 3 ]
    }, {
      "vertices" : [ 6, 7, 8 ]
    }, {
      "vertices" : [ 3, 5, 4 ]
    }, {
      "vertices" : [ 3, 4, 9 ]
    }, {
      "vertices" : [ 1, 9, 4 ]
    }, {
      "vertices" : [ 1, 4, 8 ]
    }, {
      "vertices" : [ 0, 9, 1 ]
    }, {
      "vertices" : [ 0, 3, 9 ]
    }, {
      "vertices" : [ 4, 5, 6 ]
    } ]
  }, {
    "id" : "f1ddb651-945f-4131-a66f-5405dba2db9a",
    "vertices" : [ {
      "x" : -12.708204,
      "y" : -12.708204,
      "z" : -12.708204
    }, {
      "x" : -19.062305,
      "y" : 0.0,
      "z" : 0.0
    }, {
      "x" : -12.708204,
      "y" : -12.708204,
      "z" : 12.708204
    } ],
    "faces" : [ {
      "vertices" : [ 0, 1, 2 ]
    }, {
      "vertices" : [ 0, 2, 1 ]
    } ]
  }, {
    "id" : "6b4d797f-5ed7-4084-b111-867efe2f3390",
    "vertices" : [ {
      "x" : 12.708204,
      "y" : 12.708204,
      "z" : -12.708204
    }, {
      "x" : 19.062305,
      "y" : 0.0,
      "z" : 0.0
    }, {
      "x" : 12.708204,
      "y" : 12.708204,
      "z" : 12.708204
    } ],
    "faces" : [ {
      "vertices" : [ 0, 1, 2 ]
    }, {
      "vertices" : [ 0, 2, 1 ]
    } ]
  }, {
    "id" : "3415f47b-a414-43ec-afdf-908bd976cc41",
    "vertices" : [ {
      "x" : 12.708204,
      "y" : -12.708204,
      "z" : -12.708204
    }, {
      "x" : 19.062305,
      "y" : 0.0,
      "z" : 0.0
    }, {
      "x" : 12.708204,
      "y" : 12.708204,
      "z" : -12.708204
    } ],
    "faces" : [ {
      "vertices" : [ 0, 1, 2 ]
    }, {
      "vertices" : [ 0, 2, 1 ]
    } ]
  }, {
    "id" : "77fbe6fd-d55e-498e-9f7e-d8bb776b99e1",
    "vertices" : [ {
      "x" : -12.708204,
      "y" : 12.708204,
      "z" : -12.708204
    }, {
      "x" : 0.0,
      "y" : 19.062305,
      "z" : 0.0
    }, {
      "x" : -12.708204,
      "y" : 12.708204,
      "z" : 12.708204
    } ],
    "faces" : [ {
      "vertices" : [ 0, 1, 2 ]
    }, {
      "vertices" : [ 0, 2, 1 ]
    } ]
  }, {
    "id" : "a33fcca5-5dfc-4d8d-8dae-4563e31850c3",
    "vertices" : [ {
      "x" : -12.708204,
      "y" : 12.708204,
      "z" : 12.708204
    }, {
      "x" : 0.0,
      "y" : 0.0,
      "z" : 19.062305
    }, {
      "x" : -12.708204,
      "y" : -12.708204,
      "z" : 12.708204
    } ],
    "faces" : [ {
      "vertices" : [ 0, 1, 2 ]
    }, {
      "vertices" : [ 0, 2, 1 ]
    } ]
  }, {
    "id" : "97c7c6a1-8ca0-4215-86e2-5f86600741d7",
    "vertices" : [ {
      "x" : -12.708204,
      "y" : -12.708204,
      "z" : -12.708204
    }, {
      "x" : 0.0,
      "y" : 0.0,
      "z" : -19.062305
    }, {
      "x" : -12.708204,
      "y" : 12.708204,
      "z" : -12.708204
    } ],
    "faces" : [ {
      "vertices" : [ 0, 1, 2 ]
    }, {
      "vertices" : [ 0, 2, 1 ]
    } ]
  }, {
    "id" : "f3e285ad-2711-4dd1-99e9-7068075539da",
    "vertices" : [ {
      "x" : -12.708204,
      "y" : 12.708204,
      "z" : -12.708204
    }, {
      "x" : -19.062305,
      "y" : 0.0,
      "z" : 0.0
    }, {
      "x" : -12.708204,
      "y" : -12.708204,
      "z" : -12.708204
    } ],
    "faces" : [ {
      "vertices" : [ 0, 1, 2 ]
    }, {
      "vertices" : [ 0, 2, 1 ]
    } ]
  }, {
    "id" : "e99169c1-78d3-4dcb-9940-2cf04eeeb654",
    "vertices" : [ {
      "x" : 12.708204,
      "y" : 12.708204,
      "z" : -12.708204
    }, {
      "x" : 0.0,
      "y" : 19.062305,
      "z" : 0.0
    }, {
      "x" : -12.708204,
      "y" : 12.708204,
      "z" : -12.708204
    } ],
    "faces" : [ {
      "vertices" : [ 0, 1, 2 ]
    }, {
      "vertices" : [ 0, 2, 1 ]
    } ]
  }, {
    "id" : "3b38b47d-3b87-476c-b656-7291c7e5c609",
    "vertices" : [ {
      "x" : 3.8760679,
      "y" : 16.37094,
      "z" : 4.209401
    }, {
      "x" : 3.976068,
      "y" : 16.470938,
      "z" : 3.8094013
    }, {
      "x" : 0.36,
      "y" : 0.5733333,
      "z" : 0.026666667
    }, {
      "x" : 0.26,
      "y" : 0.47333333,
      "z" : 0.42666668
    }, {
      "x" : 4.276068,
      "y" : 16.237606,
      "z" : 3.9427347
    }, {
      "x" : 4.176068,
      "y" : 16.137606,
      "z" : 4.342735
    }, {
      "x" : -0.04,
      "y" : 0.70666665,
      "z" : 0.29333332
    }, {
      "x" : 0.06,
      "y" : 0.8066667,
      "z" : -0.10666667
    } ],
    "faces" : [ {
      "vertices" : [ 2, 3, 6 ]
    }, {
      "vertices" : [ 2, 6, 7 ]
    }, {
      "vertices" : [ 0, 5, 4 ]
    }, {
      "vertices" : [ 0, 4, 1 ]
    }, {
      "vertices" : [ 2, 4, 5 ]
    }, {
      "vertices" : [ 2, 5, 3 ]
    }, {
      "vertices" : [ 0, 6, 3 ]
    }, {
      "vertices" : [ 0, 3, 5 ]
    }, {
      "vertices" : [ 0, 1, 7 ]
    }, {
      "vertices" : [ 0, 7, 6 ]
    }, {
      "vertices" : [ 1, 4, 2 ]
    }, {
      "vertices" : [ 1, 2, 7 ]
    } ]
  }, {
    "id" : "fadca16b-b0dd-47cc-8562-53a975f5f1f0",
    "vertices" : [ {
      "x" : 12.708204,
      "y" : -12.708204,
      "z" : 12.708204
    }, {
      "x" : 19.062305,
      "y" : 0.0,
      "z" : 0.0
    }, {
      "x" : 12.708204,
      "y" : -12.708204,
      "z" : -12.708204
    } ],
    "faces" : [ {
      "vertices" : [ 0, 1, 2 ]
    }, {
      "vertices" : [ 0, 2, 1 ]
    } ]
  }, {
    "id" : "eb3c1c8e-cec2-43be-8e17-ec54bc0fbd92",
    "vertices" : [ {
      "x" : -12.708204,
      "y" : -12.708204,
      "z" : 12.708204
    }, {
      "x" : 0.0,
      "y" : 0.0,
      "z" : 19.062305
    }, {
      "x" : 12.708204,
      "y" : -12.708204,
      "z" : 12.708204
    } ],
    "faces" : [ {
      "vertices" : [ 0, 1, 2 ]
    }, {
      "vertices" : [ 0, 2, 1 ]
    } ]
  }, {
    "id" : "cb39fef0-36df-4bf5-a8b3-7382f6673568",
    "vertices" : [ {
      "x" : 12.708204,
      "y" : 12.708204,
      "z" : 12.708204
    }, {
      "x" : 0.0,
      "y" : 0.0,
      "z" : 19.062305
    }, {
      "x" : -12.708204,
      "y" : 12.708204,
      "z" : 12.708204
    } ],
    "faces" : [ {
      "vertices" : [ 0, 1, 2 ]
    }, {
      "vertices" : [ 0, 2, 1 ]
    } ]
  }, {
    "id" : "629061ee-fdad-481a-aa68-d32b9ae26441",
    "vertices" : [ {
      "x" : -12.708204,
      "y" : -12.708204,
      "z" : 12.708204
    }, {
      "x" : 0.0,
      "y" : -19.062305,
      "z" : 0.0
    }, {
      "x" : -12.708204,
      "y" : -12.708204,
      "z" : -12.708204
    } ],
    "faces" : [ {
      "vertices" : [ 0, 1, 2 ]
    }, {
      "vertices" : [ 0, 2, 1 ]
    } ]
  }, {
    "id" : "b611ddd8-cb53-4b38-91ec-181e3eb0d00a",
    "vertices" : [ {
      "x" : -12.708204,
      "y" : 12.708204,
      "z" : 12.708204
    }, {
      "x" : -19.062305,
      "y" : 0.0,
      "z" : 0.0
    }, {
      "x" : -12.708204,
      "y" : 12.708204,
      "z" : -12.708204
    } ],
    "faces" : [ {
      "vertices" : [ 0, 1, 2 ]
    }, {
      "vertices" : [ 0, 2, 1 ]
    } ]
  }, {
    "id" : "869efb09-9134-4752-a3bc-1db900d7259d",
    "vertices" : [ {
      "x" : 12.708204,
      "y" : 12.708204,
      "z" : 12.708204
    }, {
      "x" : 19.062305,
      "y" : 0.0,
      "z" : 0.0
    }, {
      "x" : 12.708204,
      "y" : -12.708204,
      "z" : 12.708204
    } ],
    "faces" : [ {
      "vertices" : [ 0, 1, 2 ]
    }, {
      "vertices" : [ 0, 2, 1 ]
    } ]
  }, {
    "id" : "99c375e6-6767-4b05-8778-90bb3fc08be7",
    "vertices" : [ {
      "x" : 12.708204,
      "y" : 12.708204,
      "z" : -12.708204
    }, {
      "x" : 0.0,
      "y" : 0.0,
      "z" : -19.062305
    }, {
      "x" : 12.708204,
      "y" : -12.708204,
      "z" : -12.708204
    } ],
    "faces" : [ {
      "vertices" : [ 0, 1, 2 ]
    }, {
      "vertices" : [ 0, 2, 1 ]
    } ]
  }, {
    "id" : "12919707-80d6-40ec-8da2-3f9644f24e10",
    "vertices" : [ {
      "x" : -12.708204,
      "y" : 12.708204,
      "z" : -12.708204
    }, {
      "x" : 0.0,
      "y" : 0.0,
      "z" : -19.062305
    }, {
      "x" : 12.708204,
      "y" : 12.708204,
      "z" : -12.708204
    } ],
    "faces" : [ {
      "vertices" : [ 0, 1, 2 ]
    }, {
      "vertices" : [ 0, 2, 1 ]
    } ]
  }, {
    "id" : "1564e115-42ad-4a16-a63b-8dbc47aea139",
    "vertices" : [ {
      "x" : -12.708204,
      "y" : 12.708204,
      "z" : 12.708204
    }, {
      "x" : 0.0,
      "y" : 19.062305,
      "z" : 0.0
    }, {
      "x" : 12.708204,
      "y" : 12.708204,
      "z" : 12.708204
    } ],
    "faces" : [ {
      "vertices" : [ 0, 1, 2 ]
    }, {
      "vertices" : [ 0, 2, 1 ]
    } ]
  }, {
    "id" : "26459af7-9bb4-4328-bc44-dc315271dbac",
    "vertices" : [ {
      "x" : -12.708204,
      "y" : -12.708204,
      "z" : -12.708204
    }, {
      "x" : 0.0,
      "y" : -19.062305,
      "z" : 0.0
    }, {
      "x" : 12.708204,
      "y" : -12.708204,
      "z" : -12.708204
    } ],
    "faces" : [ {
      "vertices" : [ 0, 1, 2 ]
    }, {
      "vertices" : [ 0, 2, 1 ]
    } ]
  }, {
    "id" : "827af9dc-83cf-4761-9c4a-8bba4cd48751",
    "vertices" : [ {
      "x" : 12.708204,
      "y" : -12.708204,
      "z" : 12.708204
    }, {
      "x" : 0.0,
      "y" : -19.062305,
      "z" : 0.0
    }, {
      "x" : -12.708204,
      "y" : -12.708204,
      "z" : 12.708204
    } ],
    "faces" : [ {
      "vertices" : [ 0, 1, 2 ]
    }, {
      "vertices" : [ 0, 2, 1 ]
    } ]
  } ],
  "instances" : [ {
    "shape" : "04459d93-0acc-4259-8330-7a6531abeb26",
    "color" : "#008D36",
    "position" : {
      "x" : 16.944271,
      "y" : 0.0,
      "z" : 8.472136
    },
    "orientation" : 52
  }, {
    "shape" : "85edea9f-1267-4fdf-870d-d51242745ae7",
    "color" : "#999999",
    "position" : {
      "x" : 0.0,
      "y" : 0.0,
      "z" : 0.0
    }
  }, {
    "shape" : "8ea9a924-12eb-4573-ab3c-aa47e15046a6",
    "color" : "#999999",
    "position" : {
      "x" : 0.0,
      "y" : 0.0,
      "z" : 0.0
    }
  }, {
    "shape" : "04459d93-0acc-4259-8330-7a6531abeb26",
    "color" : "#008D36",
    "position" : {
      "x" : 0.0,
      "y" : 8.472136,
      "z" : -16.944271
    },
    "orientation" : 36
  }, {
    "shape" : "04459d93-0acc-4259-8330-7a6531abeb26",
    "color" : "#008D36",
    "position" : {
      "x" : -8.472136,
      "y" : -16.944271,
      "z" : 0.0
    },
    "orientation" : 8
  }, {
    "shape" : "f41ab1a7-42a3-43b9-9482-96482ad73d62",
    "color" : "#FFFFFF",
    "position" : {
      "x" : -12.708204,
      "y" : 12.708204,
      "z" : 12.708204
    },
    "orientation" : 16
  }, {
    "shape" : "ed292296-3724-4d6b-bfdf-a30f3fb3d71b",
    "color" : "#FFFFFF",
    "position" : {
      "x" : 0.0,
      "y" : 0.0,
      "z" : 0.0
    }
  }, {
    "shape" : "61bd9226-8c72-4d6e-821b-d1278bae397c",
    "color" : "#999999",
    "position" : {
      "x" : 0.0,
      "y" : 0.0,
      "z" : 0.0
    }
  }, {
    "shape" : "0032b3b0-048a-48ac-ab8c-5987aa7976e6",
    "color" : "#FFFFFF",
    "position" : {
      "x" : -4.236068,
      "y" : 4.236068,
      "z" : -16.944271
    }
  }, {
    "shape" : "0032b3b0-048a-48ac-ab8c-5987aa7976e6",
    "color" : "#FFFFFF",
    "position" : {
      "x" : 0.0,
      "y" : 0.0,
      "z" : -19.062305
    }
  }, {
    "shape" : "04459d93-0acc-4259-8330-7a6531abeb26",
    "color" : "#008D36",
    "position" : {
      "x" : 8.472136,
      "y" : 16.944271,
      "z" : 0.0
    },
    "orientation" : 53
  }, {
    "shape" : "04459d93-0acc-4259-8330-7a6531abeb26",
    "color" : "#008D36",
    "position" : {
      "x" : -8.472136,
      "y" : 0.0,
      "z" : -16.944271
    },
    "orientation" : 21
  }, {
    "shape" : "0032b3b0-048a-48ac-ab8c-5987aa7976e6",
    "color" : "#FFFFFF",
    "position" : {
      "x" : -8.472136,
      "y" : 0.0,
      "z" : -16.944271
    }
  }, {
    "shape" : "0032b3b0-048a-48ac-ab8c-5987aa7976e6",
    "color" : "#FFFFFF",
    "position" : {
      "x" : -12.708204,
      "y" : 12.708204,
      "z" : 0.0
    }
  }, {
    "shape" : "0032b3b0-048a-48ac-ab8c-5987aa7976e6",
    "color" : "#FFFFFF",
    "position" : {
      "x" : -16.944271,
      "y" : -4.236068,
      "z" : -4.236068
    }
  }, {
    "shape" : "0032b3b0-048a-48ac-ab8c-5987aa7976e6",
    "color" : "#FFFFFF",
    "position" : {
      "x" : 0.0,
      "y" : -16.944271,
      "z" : -8.472136
    }
  }, {
    "shape" : "83fade3d-1ca5-460e-9acc-5d242cf6baf5",
    "color" : "#007695",
    "position" : {
      "x" : -12.708204,
      "y" : -12.708204,
      "z" : 12.708204
    },
    "orientation" : 0
  }, {
    "shape" : "0032b3b0-048a-48ac-ab8c-5987aa7976e6",
    "color" : "#FFFFFF",
    "position" : {
      "x" : 4.236068,
      "y" : -4.236068,
      "z" : 16.944271
    }
  }, {
    "shape" : "0032b3b0-048a-48ac-ab8c-5987aa7976e6",
    "color" : "#FFFFFF",
    "position" : {
      "x" : 0.0,
      "y" : 12.708204,
      "z" : 12.708204
    }
  }, {
    "shape" : "04459d93-0acc-4259-8330-7a6531abeb26",
    "color" : "#008D36",
    "position" : {
      "x" : 8.472136,
      "y" : -16.944271,
      "z" : 0.0
    },
    "orientation" : 6
  }, {
    "shape" : "0032b3b0-048a-48ac-ab8c-5987aa7976e6",
    "color" : "#FFFFFF",
    "position" : {
      "x" : 0.0,
      "y" : -12.708204,
      "z" : 12.708204
    }
  }, {
    "shape" : "04459d93-0acc-4259-8330-7a6531abeb26",
    "color" : "#008D36",
    "position" : {
      "x" : 0.0,
      "y" : -8.472136,
      "z" : 16.944271
    },
    "orientation" : 22
  }, {
    "shape" : "f41ab1a7-42a3-43b9-9482-96482ad73d62",
    "color" : "#FFFFFF",
    "position" : {
      "x" : 0.0,
      "y" : 0.0,
      "z" : 19.062305
    },
    "orientation" : 31
  }, {
    "shape" : "04dd6277-e9e6-4fb7-9047-e7cef48a52eb",
    "color" : "#999999",
    "position" : {
      "x" : 0.0,
      "y" : 0.0,
      "z" : 0.0
    }
  }, {
    "shape" : "f5cfa0a5-186b-4bb9-9e10-ee6d495fd1ec",
    "color" : "#008D36",
    "position" : {
      "x" : 0.0,
      "y" : 0.0,
      "z" : 0.0
    },
    "orientation" : 7
  }, {
    "shape" : "f41ab1a7-42a3-43b9-9482-96482ad73d62",
    "color" : "#FFFFFF",
    "position" : {
      "x" : 12.708204,
      "y" : 12.708204,
      "z" : -12.708204
    },
    "orientation" : 32
  }, {
    "shape" : "0032b3b0-048a-48ac-ab8c-5987aa7976e6",
    "color" : "#FFFFFF",
    "position" : {
      "x" : -8.472136,
      "y" : 16.944271,
      "z" : 0.0
    }
  }, {
    "shape" : "04459d93-0acc-4259-8330-7a6531abeb26",
    "color" : "#008D36",
    "position" : {
      "x" : -16.944271,
      "y" : 8.472136,
      "z" : 0.0
    },
    "orientation" : 6
  }, {
    "shape" : "04459d93-0acc-4259-8330-7a6531abeb26",
    "color" : "#008D36",
    "position" : {
      "x" : 0.0,
      "y" : -8.472136,
      "z" : -16.944271
    },
    "orientation" : 37
  }, {
    "shape" : "f41ab1a7-42a3-43b9-9482-96482ad73d62",
    "color" : "#FFFFFF",
    "position" : {
      "x" : -12.708204,
      "y" : -12.708204,
      "z" : -12.708204
    },
    "orientation" : 0
  }, {
    "shape" : "f1ddb651-945f-4131-a66f-5405dba2db9a",
    "color" : "#FFFFFF",
    "position" : {
      "x" : 0.0,
      "y" : 0.0,
      "z" : 0.0
    }
  }, {
    "shape" : "04459d93-0acc-4259-8330-7a6531abeb26",
    "color" : "#008D36",
    "position" : {
      "x" : 8.472136,
      "y" : 0.0,
      "z" : -16.944271
    },
    "orientation" : 36
  }, {
    "shape" : "0032b3b0-048a-48ac-ab8c-5987aa7976e6",
    "color" : "#FFFFFF",
    "position" : {
      "x" : 4.236068,
      "y" : 16.944271,
      "z" : 4.236068
    }
  }, {
    "shape" : "0032b3b0-048a-48ac-ab8c-5987aa7976e6",
    "color" : "#FFFFFF",
    "position" : {
      "x" : 12.708204,
      "y" : 0.0,
      "z" : -12.708204
    }
  }, {
    "shape" : "0032b3b0-048a-48ac-ab8c-5987aa7976e6",
    "color" : "#FFFFFF",
    "position" : {
      "x" : -4.236068,
      "y" : -4.236068,
      "z" : 16.944271
    }
  }, {
    "shape" : "6b4d797f-5ed7-4084-b111-867efe2f3390",
    "color" : "#FFFFFF",
    "position" : {
      "x" : 0.0,
      "y" : 0.0,
      "z" : 0.0
    }
  }, {
    "shape" : "04459d93-0acc-4259-8330-7a6531abeb26",
    "color" : "#008D36",
    "position" : {
      "x" : -16.944271,
      "y" : -8.472136,
      "z" : 0.0
    },
    "orientation" : 21
  }, {
    "shape" : "83fade3d-1ca5-460e-9acc-5d242cf6baf5",
    "color" : "#007695",
    "position" : {
      "x" : 12.708204,
      "y" : 12.708204,
      "z" : 12.708204
    },
    "orientation" : 45
  }, {
    "shape" : "0032b3b0-048a-48ac-ab8c-5987aa7976e6",
    "color" : "#FFFFFF",
    "position" : {
      "x" : -16.944271,
      "y" : -8.472136,
      "z" : 0.0
    }
  }, {
    "shape" : "0032b3b0-048a-48ac-ab8c-5987aa7976e6",
    "color" : "#FFFFFF",
    "position" : {
      "x" : 4.236068,
      "y" : 16.944271,
      "z" : -4.236068
    }
  }, {
    "shape" : "0032b3b0-048a-48ac-ab8c-5987aa7976e6",
    "color" : "#FFFFFF",
    "position" : {
      "x" : 16.944271,
      "y" : 4.236068,
      "z" : -4.236068
    }
  }, {
    "shape" : "f41ab1a7-42a3-43b9-9482-96482ad73d62",
    "color" : "#FFFFFF",
    "position" : {
      "x" : 19.062305,
      "y" : 0.0,
      "z" : 0.0
    },
    "orientation" : 2
  }, {
    "shape" : "0032b3b0-048a-48ac-ab8c-5987aa7976e6",
    "color" : "#FFFFFF",
    "position" : {
      "x" : 12.708204,
      "y" : 0.0,
      "z" : 12.708204
    }
  }, {
    "shape" : "83fade3d-1ca5-460e-9acc-5d242cf6baf5",
    "color" : "#007695",
    "position" : {
      "x" : -12.708204,
      "y" : -12.708204,
      "z" : 12.708204
    },
    "orientation" : 1
  }, {
    "shape" : "0032b3b0-048a-48ac-ab8c-5987aa7976e6",
    "color" : "#FFFFFF",
    "position" : {
      "x" : -12.708204,
      "y" : 0.0,
      "z" : 12.708204
    }
  }, {
    "shape" : "3415f47b-a414-43ec-afdf-908bd976cc41",
    "color" : "#999999",
    "position" : {
      "x" : 0.0,
      "y" : 0.0,
      "z" : 0.0
    }
  }, {
    "shape" : "0032b3b0-048a-48ac-ab8c-5987aa7976e6",
    "color" : "#FFFFFF",
    "position" : {
      "x" : 0.0,
      "y" : -12.708204,
      "z" : -12.708204
    }
  }, {
    "shape" : "0032b3b0-048a-48ac-ab8c-5987aa7976e6",
    "color" : "#FFFFFF",
    "position" : {
      "x" : 0.0,
      "y" : 0.0,
      "z" : 0.0
    }
  }, {
    "shape" : "0032b3b0-048a-48ac-ab8c-5987aa7976e6",
    "color" : "#FFFFFF",
    "position" : {
      "x" : 16.944271,
      "y" : 0.0,
      "z" : 8.472136
    }
  }, {
    "shape" : "04459d93-0acc-4259-8330-7a6531abeb26",
    "color" : "#008D36",
    "position" : {
      "x" : -16.944271,
      "y" : 0.0,
      "z" : 8.472136
    },
    "orientation" : 8
  }, {
    "shape" : "0032b3b0-048a-48ac-ab8c-5987aa7976e6",
    "color" : "#FFFFFF",
    "position" : {
      "x" : 4.236068,
      "y" : -16.944271,
      "z" : 4.236068
    }
  }, {
    "shape" : "04459d93-0acc-4259-8330-7a6531abeb26",
    "color" : "#008D36",
    "position" : {
      "x" : 0.0,
      "y" : 16.944271,
      "z" : 8.472136
    },
    "orientation" : 37
  }, {
    "shape" : "04459d93-0acc-4259-8330-7a6531abeb26",
    "color" : "#008D36",
    "position" : {
      "x" : -8.472136,
      "y" : 0.0,
      "z" : 16.944271
    },
    "orientation" : 21
  }, {
    "shape" : "0032b3b0-048a-48ac-ab8c-5987aa7976e6",
    "color" : "#FFFFFF",
    "position" : {
      "x" : 16.944271,
      "y" : 4.236068,
      "z" : 4.236068
    }
  }, {
    "shape" : "83fade3d-1ca5-460e-9acc-5d242cf6baf5",
    "color" : "#007695",
    "position" : {
      "x" : -12.708204,
      "y" : 12.708204,
      "z" : -12.708204
    },
    "orientation" : 2
  }, {
    "shape" : "04459d93-0acc-4259-8330-7a6531abeb26",
    "color" : "#008D36",
    "position" : {
      "x" : -16.944271,
      "y" : 0.0,
      "z" : 8.472136
    },
    "orientation" : 52
  }, {
    "shape" : "0032b3b0-048a-48ac-ab8c-5987aa7976e6",
    "color" : "#FFFFFF",
    "position" : {
      "x" : -16.944271,
      "y" : 0.0,
      "z" : 8.472136
    }
  }, {
    "shape" : "0032b3b0-048a-48ac-ab8c-5987aa7976e6",
    "color" : "#FFFFFF",
    "position" : {
      "x" : -16.944271,
      "y" : 4.236068,
      "z" : -4.236068
    }
  }, {
    "shape" : "77fbe6fd-d55e-498e-9f7e-d8bb776b99e1",
    "color" : "#999999",
    "position" : {
      "x" : 0.0,
      "y" : 0.0,
      "z" : 0.0
    }
  }, {
    "shape" : "04459d93-0acc-4259-8330-7a6531abeb26",
    "color" : "#008D36",
    "position" : {
      "x" : 0.0,
      "y" : 8.472136,
      "z" : 16.944271
    },
    "orientation" : 21
  }, {
    "shape" : "83fade3d-1ca5-460e-9acc-5d242cf6baf5",
    "color" : "#007695",
    "position" : {
      "x" : 12.708204,
      "y" : 12.708204,
      "z" : 12.708204
    },
    "orientation" : 47
  }, {
    "shape" : "0032b3b0-048a-48ac-ab8c-5987aa7976e6",
    "color" : "#FFFFFF",
    "position" : {
      "x" : -4.236068,
      "y" : -16.944271,
      "z" : -4.236068
    }
  }, {
    "shape" : "0032b3b0-048a-48ac-ab8c-5987aa7976e6",
    "color" : "#FFFFFF",
    "position" : {
      "x" : 12.708204,
      "y" : 12.708204,
      "z" : 12.708204
    }
  }, {
    "shape" : "a33fcca5-5dfc-4d8d-8dae-4563e31850c3",
    "color" : "#FFFFFF",
    "position" : {
      "x" : 0.0,
      "y" : 0.0,
      "z" : 0.0
    }
  }, {
    "shape" : "0032b3b0-048a-48ac-ab8c-5987aa7976e6",
    "color" : "#FFFFFF",
    "position" : {
      "x" : 16.944271,
      "y" : 0.0,
      "z" : -8.472136
    }
  }, {
    "shape" : "f41ab1a7-42a3-43b9-9482-96482ad73d62",
    "color" : "#FFFFFF",
    "position" : {
      "x" : -12.708204,
      "y" : -12.708204,
      "z" : -12.708204
    },
    "orientation" : 1
  }, {
    "shape" : "0032b3b0-048a-48ac-ab8c-5987aa7976e6",
    "color" : "#FFFFFF",
    "position" : {
      "x" : 4.236068,
      "y" : -4.236068,
      "z" : -16.944271
    }
  }, {
    "shape" : "97c7c6a1-8ca0-4215-86e2-5f86600741d7",
