{
  "polygons" : "true",
  "field" : "golden",
  "symmetry" : "icosahedral",
  "orientations" : [ [ 1.0, 0.0, 0.0, 0.0, 0.0, 1.0, 0.0, 0.0, 0.0, 0.0, 1.0, 0.0, 0.0, 0.0, 0.0, 1.0 ], [ 0.0, 0.0, 1.0, 0.0, 1.0, 0.0, 0.0, 0.0, 0.0, 1.0, 0.0, 0.0, 0.0, 0.0, 0.0, 1.0 ], [ 0.0, 1.0, 0.0, 0.0, 0.0, 0.0, 1.0, 0.0, 1.0, 0.0, 0.0, 0.0, 0.0, 0.0, 0.0, 1.0 ], [ 0.809017, 0.309017, 0.5, 0.0, 0.309017, 0.5, -0.809017, 0.0, -0.5, 0.809017, 0.309017, 0.0, 0.0, 0.0, 0.0, 1.0 ], [ -0.5, 0.809017, 0.309017, 0.0, 0.809017, 0.309017, 0.5, 0.0, 0.309017, 0.5, -0.809017, 0.0, 0.0, 0.0, 0.0, 1.0 ], [ 0.309017, 0.5, -0.809017, 0.0, -0.5, 0.809017, 0.309017, 0.0, 0.809017, 0.309017, 0.5, 0.0, 0.0, 0.0, 0.0, 1.0 ], [ 0.5, 0.809017, 0.309017, 0.0, 0.809017, -0.309017, -0.5, 0.0, -0.309017, 0.5, -0.809017, 0.0, 0.0, 0.0, 0.0, 1.0 ], [ -0.309017, 0.5, -0.809017, 0.0, 0.5, 0.809017, 0.309017, 0.0, 0.809017, -0.309017, -0.5, 0.0, 0.0, 0.0, 0.0, 1.0 ], [ 0.809017, -0.309017, -0.5, 0.0, -0.309017, 0.5, -0.809017, 0.0, 0.5, 0.809017, 0.309017, 0.0, 0.0, 0.0, 0.0, 1.0 ], [ 0.5, 0.809017, -0.309017, 0.0, 0.809017, -0.309017, 0.5, 0.0, 0.309017, -0.5, -0.809017, 0.0, 0.0, 0.0, 0.0, 1.0 ], [ 0.309017, -0.5, -0.809017, 0.0, 0.5, 0.809017, -0.309017, 0.0, 0.809017, -0.309017, 0.5, 0.0, 0.0, 0.0, 0.0, 1.0 ], [ 0.809017, -0.309017, 0.5, 0.0, 0.309017, -0.5, -0.809017, 0.0, 0.5, 0.809017, -0.309017, 0.0, 0.0, 0.0, 0.0, 1.0 ], [ 0.809017, 0.309017, -0.5, 0.0, 0.309017, 0.5, 0.809017, 0.0, 0.5, -0.809017, 0.309017, 0.0, 0.0, 0.0, 0.0, 1.0 ], [ 0.5, -0.809017, 0.309017, 0.0, 0.809017, 0.309017, -0.5, 0.0, 0.309017, 0.5, 0.809017, 0.0, 0.0, 0.0, 0.0, 1.0 ], [ 0.309017, 0.5, 0.809017, 0.0, 0.5, -0.809017, 0.309017, 0.0, 0.809017, 0.309017, -0.5, 0.0, 0.0, 0.0, 0.0, 1.0 ], [ 1.0, 0.0, 0.0, 0.0, 0.0, -1.0, 0.0, 0.0, 0.0, 0.0, -1.0, 0.0, 0.0, 0.0, 0.0, 1.0 ], [ 0.0, 0.0, 1.0, 0.0, -1.0, 0.0, 0.0, 0.0, 0.0, -1.0, 0.0, 0.0, 0.0, 0.0, 0.0, 1.0 ], [ 0.0, 1.0, 0.0, 0.0, 0.0, 0.0, -1.0, 0.0, -1.0, 0.0, 0.0, 0.0, 0.0, 0.0, 0.0, 1.0 ], [ 0.809017, 0.309017, 0.5, 0.0, -0.309017, -0.5, 0.809017, 0.0, 0.5, -0.809017, -0.309017, 0.0, 0.0, 0.0, 0.0, 1.0 ], [ -0.5, 0.809017, 0.309017, 0.0, -0.809017, -0.309017, -0.5, 0.0, -0.309017, -0.5, 0.809017, 0.0, 0.0, 0.0, 0.0, 1.0 ], [ 0.309017, 0.5, -0.809017, 0.0, 0.5, -0.809017, -0.309017, 0.0, -0.809017, -0.309017, -0.5, 0.0, 0.0, 0.0, 0.0, 1.0 ], [ 0.5, 0.809017, 0.309017, 0.0, -0.809017, 0.309017, 0.5, 0.0, 0.309017, -0.5, 0.809017, 0.0, 0.0, 0.0, 0.0, 1.0 ], [ -0.309017, 0.5, -0.809017, 0.0, -0.5, -0.809017, -0.309017, 0.0, -0.809017, 0.309017, 0.5, 0.0, 0.0, 0.0, 0.0, 1.0 ], [ 0.809017, -0.309017, -0.5, 0.0, 0.309017, -0.5, 0.809017, 0.0, -0.5, -0.809017, -0.309017, 0.0, 0.0, 0.0, 0.0, 1.0 ], [ 0.5, 0.809017, -0.309017, 0.0, -0.809017, 0.309017, -0.5, 0.0, -0.309017, 0.5, 0.809017, 0.0, 0.0, 0.0, 0.0, 1.0 ], [ 0.309017, -0.5, -0.809017, 0.0, -0.5, -0.809017, 0.309017, 0.0, -0.809017, 0.309017, -0.5, 0.0, 0.0, 0.0, 0.0, 1.0 ], [ 0.809017, -0.309017, 0.5, 0.0, -0.309017, 0.5, 0.809017, 0.0, -0.5, -0.809017, 0.309017, 0.0, 0.0, 0.0, 0.0, 1.0 ], [ 0.809017, 0.309017, -0.5, 0.0, -0.309017, -0.5, -0.809017, 0.0, -0.5, 0.809017, -0.309017, 0.0, 0.0, 0.0, 0.0, 1.0 ], [ 0.5, -0.809017, 0.309017, 0.0, -0.809017, -0.309017, 0.5, 0.0, -0.309017, -0.5, -0.809017, 0.0, 0.0, 0.0, 0.0, 1.0 ], [ 0.309017, 0.5, 0.809017, 0.0, -0.5, 0.809017, -0.309017, 0.0, -0.809017, -0.309017, 0.5, 0.0, 0.0, 0.0, 0.0, 1.0 ], [ -1.0, 0.0, 0.0, 0.0, 0.0, -1.0, 0.0, 0.0, 0.0, 0.0, 1.0, 0.0, 0.0, 0.0, 0.0, 1.0 ], [ 0.0, 0.0, -1.0, 0.0, -1.0, 0.0, 0.0, 0.0, 0.0, 1.0, 0.0, 0.0, 0.0, 0.0, 0.0, 1.0 ], [ 0.0, -1.0, 0.0, 0.0, 0.0, 0.0, -1.0, 0.0, 1.0, 0.0, 0.0, 0.0, 0.0, 0.0, 0.0, 1.0 ], [ -0.809017, -0.309017, -0.5, 0.0, -0.309017, -0.5, 0.809017, 0.0, -0.5, 0.809017, 0.309017, 0.0, 0.0, 0.0, 0.0, 1.0 ], [ 0.5, -0.809017, -0.309017, 0.0, -0.809017, -0.309017, -0.5, 0.0, 0.309017, 0.5, -0.809017, 0.0, 0.0, 0.0, 0.0, 1.0 ], [ -0.309017, -0.5, 0.809017, 0.0, 0.5, -0.809017, -0.309017, 0.0, 0.809017, 0.309017, 0.5, 0.0, 0.0, 0.0, 0.0, 1.0 ], [ -0.5, -0.809017, -0.309017, 0.0, -0.809017, 0.309017, 0.5, 0.0, -0.309017, 0.5, -0.809017, 0.0, 0.0, 0.0, 0.0, 1.0 ], [ 0.309017, -0.5, 0.809017, 0.0, -0.5, -0.809017, -0.309017, 0.0, 0.809017, -0.309017, -0.5, 0.0, 0.0, 0.0, 0.0, 1.0 ], [ -0.809017, 0.309017, 0.5, 0.0, 0.309017, -0.5, 0.809017, 0.0, 0.5, 0.809017, 0.309017, 0.0, 0.0, 0.0, 0.0, 1.0 ], [ -0.5, -0.809017, 0.309017, 0.0, -0.809017, 0.309017, -0.5, 0.0, 0.309017, -0.5, -0.809017, 0.0, 0.0, 0.0, 0.0, 1.0 ], [ -0.309017, 0.5, 0.809017, 0.0, -0.5, -0.809017, 0.309017, 0.0, 0.809017, -0.309017, 0.5, 0.0, 0.0, 0.0, 0.0, 1.0 ], [ -0.809017, 0.309017, -0.5, 0.0, -0.309017, 0.5, 0.809017, 0.0, 0.5, 0.809017, -0.309017, 0.0, 0.0, 0.0, 0.0, 1.0 ], [ -0.809017, -0.309017, 0.5, 0.0, -0.309017, -0.5, -0.809017, 0.0, 0.5, -0.809017, 0.309017, 0.0, 0.0, 0.0, 0.0, 1.0 ], [ -0.5, 0.809017, -0.309017, 0.0, -0.809017, -0.309017, 0.5, 0.0, 0.309017, 0.5, 0.809017, 0.0, 0.0, 0.0, 0.0, 1.0 ], [ -0.309017, -0.5, -0.809017, 0.0, -0.5, 0.809017, -0.309017, 0.0, 0.809017, 0.309017, -0.5, 0.0, 0.0, 0.0, 0.0, 1.0 ], [ -1.0, 0.0, 0.0, 0.0, 0.0, 1.0, 0.0, 0.0, 0.0, 0.0, -1.0, 0.0, 0.0, 0.0, 0.0, 1.0 ], [ 0.0, 0.0, -1.0, 0.0, 1.0, 0.0, 0.0, 0.0, 0.0, -1.0, 0.0, 0.0, 0.0, 0.0, 0.0, 1.0 ], [ 0.0, -1.0, 0.0, 0.0, 0.0, 0.0, 1.0, 0.0, -1.0, 0.0, 0.0, 0.0, 0.0, 0.0, 0.0, 1.0 ], [ -0.809017, -0.309017, -0.5, 0.0, 0.309017, 0.5, -0.809017, 0.0, 0.5, -0.809017, -0.309017, 0.0, 0.0, 0.0, 0.0, 1.0 ], [ 0.5, -0.809017, -0.309017, 0.0, 0.809017, 0.309017, 0.5, 0.0, -0.309017, -0.5, 0.809017, 0.0, 0.0, 0.0, 0.0, 1.0 ], [ -0.309017, -0.5, 0.809017, 0.0, -0.5, 0.809017, 0.309017, 0.0, -0.809017, -0.309017, -0.5, 0.0, 0.0, 0.0, 0.0, 1.0 ], [ -0.5, -0.809017, -0.309017, 0.0, 0.809017, -0.309017, -0.5, 0.0, 0.309017, -0.5, 0.809017, 0.0, 0.0, 0.0, 0.0, 1.0 ], [ 0.309017, -0.5, 0.809017, 0.0, 0.5, 0.809017, 0.309017, 0.0, -0.809017, 0.309017, 0.5, 0.0, 0.0, 0.0, 0.0, 1.0 ], [ -0.809017, 0.309017, 0.5, 0.0, -0.309017, 0.5, -0.809017, 0.0, -0.5, -0.809017, -0.309017, 0.0, 0.0, 0.0, 0.0, 1.0 ], [ -0.5, -0.809017, 0.309017, 0.0, 0.809017, -0.309017, 0.5, 0.0, -0.309017, 0.5, 0.809017, 0.0, 0.0, 0.0, 0.0, 1.0 ], [ -0.309017, 0.5, 0.809017, 0.0, 0.5, 0.809017, -0.309017, 0.0, -0.809017, 0.309017, -0.5, 0.0, 0.0, 0.0, 0.0, 1.0 ], [ -0.809017, 0.309017, -0.5, 0.0, 0.309017, -0.5, -0.809017, 0.0, -0.5, -0.809017, 0.309017, 0.0, 0.0, 0.0, 0.0, 1.0 ], [ -0.809017, -0.309017, 0.5, 0.0, 0.309017, 0.5, 0.809017, 0.0, -0.5, 0.809017, -0.309017, 0.0, 0.0, 0.0, 0.0, 1.0 ], [ -0.5, 0.809017, -0.309017, 0.0, 0.809017, 0.309017, -0.5, 0.0, -0.309017, -0.5, -0.809017, 0.0, 0.0, 0.0, 0.0, 1.0 ], [ -0.309017, -0.5, -0.809017, 0.0, 0.5, -0.809017, 0.309017, 0.0, -0.809017, -0.309017, 0.5, 0.0, 0.0, 0.0, 0.0, 1.0 ] ],
  "lights" : {
    "ambientColor" : "#292929",
    "backgroundColor" : "#E8F3FF",
    "directionalLights" : [ {
      "direction" : [ 1.0, -1.0, -1.0 ],
      "color" : "#EBEBE4"
    }, {
      "direction" : [ -1.0, 0.0, 0.0 ],
      "color" : "#E4E4EB"
    }, {
      "direction" : [ 0.0, 0.0, -1.0 ],
      "color" : "#1E1E1E"
    } ]
  },
  "camera" : {
    "viewDistance" : 117.787186,
    "nearClipDistance" : 0.29446784,
    "farClipDistance" : 235.57497,
    "lookAtPoint" : {
      "x" : 0.0,
      "y" : 0.0,
      "z" : 0.0
    },
    "fieldOfView" : 0.4426303,
    "perspective" : false,
    "lookDirection" : {
      "x" : 0.01672533,
      "y" : -0.31416726,
      "z" : -0.949221
    },
    "upDirection" : {
      "x" : 0.0077838637,
      "y" : 0.94936395,
      "z" : -0.31407773
    },
    "width" : 53.004406,
    "stereo" : false,
    "position" : {
      "x" : -1.9700295,
      "y" : 37.00488,
      "z" : 111.80607
    }
  },
  "embedding" : [ 1.0, 0.0, 0.0, 0.0, 0.0, 1.0, 0.0, 0.0, 0.0, 0.0, 1.0, 0.0, 0.0, 0.0, 0.0, 1.0 ],
  "shapes" : [ {
    "id" : "0b254800-18b1-4706-bc1d-36128c630301",
    "vertices" : [ {
      "x" : 0.0,
      "y" : 0.0,
      "z" : 0.0
    }, {
      "x" : 0.0,
      "y" : 8.472136,
      "z" : -16.944271
    }, {
      "x" : 0.0,
      "y" : 16.944271,
      "z" : 0.0
    }, {
      "x" : 0.0,
      "y" : 8.472136,
      "z" : 16.944271
    } ],
    "faces" : [ {
      "vertices" : [ 0, 1, 2, 3 ]
    }, {
      "vertices" : [ 0, 3, 2, 1 ]
    } ]
  }, {
    "id" : "19c28c6b-3771-4875-aef7-9136059f2159",
    "orbit" : "blue",
    "name" : "b1",
    "vertices" : [ {
      "x" : 1.0,
      "y" : 0.309017,
      "z" : 0.19098301
    }, {
      "x" : 1.0,
      "y" : -0.309017,
      "z" : 0.19098301
    }, {
      "x" : 7.472136,
      "y" : -0.309017,
      "z" : 0.19098301
    }, {
      "x" : 7.472136,
      "y" : 0.309017,
      "z" : 0.19098301
    }, {
      "x" : 7.472136,
      "y" : -0.309017,
      "z" : -0.19098301
    }, {
      "x" : 7.472136,
      "y" : 0.309017,
      "z" : -0.19098301
    }, {
      "x" : 8.09017,
      "y" : 0.0,
      "z" : 0.0
    }, {
      "x" : 0.38196602,
      "y" : 0.0,
      "z" : 0.0
    }, {
      "x" : 1.0,
      "y" : 0.309017,
      "z" : -0.19098301
    }, {
      "x" : 1.0,
      "y" : -0.309017,
      "z" : -0.19098301
    }, {
      "x" : 8.472136,
      "y" : 0.0,
      "z" : 0.0
    } ],
    "faces" : [ {
      "vertices" : [ 1, 9, 4, 2 ]
    }, {
      "vertices" : [ 0, 3, 5, 8 ]
    }, {
      "vertices" : [ 1, 7, 9 ]
    }, {
      "vertices" : [ 0, 1, 2, 3 ]
    }, {
      "vertices" : [ 7, 8, 9 ]
    }, {
      "vertices" : [ 0, 7, 1 ]
    }, {
      "vertices" : [ 4, 9, 8, 5 ]
    }, {
      "vertices" : [ 2, 6, 3 ]
    }, {
      "vertices" : [ 2, 4, 6 ]
    }, {
      "vertices" : [ 3, 6, 5 ]
    }, {
      "vertices" : [ 4, 5, 6 ]
    }, {
      "vertices" : [ 0, 8, 7 ]
    } ]
  }, {
    "id" : "22feb390-fc73-4107-be6b-b74be63f8dcb",
    "vertices" : [ {
      "x" : 0.0,
      "y" : 0.0,
      "z" : 0.0
    }, {
      "x" : 16.944271,
      "y" : 0.0,
      "z" : -8.472136
    }, {
      "x" : 0.0,
      "y" : -16.944271,
      "z" : 8.472136
    } ],
    "faces" : [ {
      "vertices" : [ 0, 1, 2 ]
    }, {
      "vertices" : [ 0, 2, 1 ]
    } ]
  }, {
    "id" : "a496541c-a8c2-4800-8e27-1bf8a4b0aec1",
    "orbit" : "976",
    "name" : "long",
    "vertices" : [ {
      "x" : -7.9644437,
      "y" : 0.13333334,
      "z" : 16.395554
    }, {
      "x" : -8.064444,
      "y" : -0.26666668,
      "z" : 16.495554
    }, {
      "x" : -0.50769234,
      "y" : -0.13333334,
      "z" : 0.548718
    }, {
      "x" : -0.4076923,
      "y" : 0.26666668,
      "z" : 0.44871795
    }, {
      "x" : -8.364444,
      "y" : -0.13333334,
      "z" : 16.26222
    }, {
      "x" : -8.264443,
      "y" : 0.26666668,
      "z" : 16.16222
    }, {
      "x" : -0.10769231,
      "y" : 0.13333334,
      "z" : 0.6820513
    }, {
      "x" : -0.20769231,
      "y" : -0.26666668,
      "z" : 0.78205127
    } ],
    "faces" : [ {
      "vertices" : [ 2, 3, 6, 7 ]
    }, {
      "vertices" : [ 0, 5, 4, 1 ]
    }, {
      "vertices" : [ 2, 4, 5, 3 ]
    }, {
      "vertices" : [ 0, 6, 3, 5 ]
    }, {
      "vertices" : [ 0, 1, 7, 6 ]
    }, {
      "vertices" : [ 1, 4, 2, 7 ]
    } ]
  }, {
    "id" : "59f1dc6f-abc2-48c4-82e0-71021ce82e64",
    "name" : "ball",
    "vertices" : [ {
      "x" : 0.309017,
      "y" : -0.309017,
      "z" : -0.309017
    }, {
      "x" : 0.5,
      "y" : 0.0,
      "z" : -0.19098301
    }, {
      "x" : 0.5,
      "y" : 0.0,
      "z" : 0.19098301
    }, {
      "x" : 0.309017,
      "y" : -0.309017,
      "z" : 0.309017
    }, {
      "x" : 0.19098301,
      "y" : -0.5,
      "z" : 0.0
    }, {
      "x" : 0.0,
      "y" : 0.19098301,
      "z" : 0.5
    }, {
      "x" : 0.0,
      "y" : -0.19098301,
      "z" : 0.5
    }, {
      "x" : 0.309017,
      "y" : 0.309017,
      "z" : 0.309017
    }, {
      "x" : -0.309017,
      "y" : -0.309017,
      "z" : 0.309017
    }, {
      "x" : -0.309017,
      "y" : 0.309017,
      "z" : 0.309017
    }, {
      "x" : -0.5,
      "y" : 0.0,
      "z" : 0.19098301
    }, {
      "x" : 0.0,
      "y" : -0.19098301,
      "z" : -0.5
    }, {
      "x" : 0.0,
      "y" : 0.19098301,
      "z" : -0.5
    }, {
      "x" : 0.309017,
      "y" : 0.309017,
      "z" : -0.309017
    }, {
      "x" : -0.309017,
      "y" : -0.309017,
      "z" : -0.309017
    }, {
      "x" : -0.19098301,
      "y" : -0.5,
      "z" : 0.0
    }, {
      "x" : -0.5,
      "y" : 0.0,
      "z" : -0.19098301
    }, {
      "x" : 0.19098301,
      "y" : 0.5,
      "z" : 0.0
    }, {
      "x" : -0.309017,
      "y" : 0.309017,
      "z" : -0.309017
    }, {
      "x" : 0.0,
      "y" : 0.0,
      "z" : 0.0
    }, {
      "x" : -0.19098301,
      "y" : 0.5,
      "z" : 0.0
    } ],
    "faces" : [ {
      "vertices" : [ 12, 18, 20, 17, 13 ]
    }, {
      "vertices" : [ 3, 6, 8, 15, 4 ]
    }, {
      "vertices" : [ 0, 11, 12, 13, 1 ]
    }, {
      "vertices" : [ 5, 9, 10, 8, 6 ]
    }, {
      "vertices" : [ 2, 7, 5, 6, 3 ]
    }, {
      "vertices" : [ 11, 14, 16, 18, 12 ]
    }, {
      "vertices" : [ 1, 13, 17, 7, 2 ]
    }, {
      "vertices" : [ 9, 20, 18, 16, 10 ]
    }, {
      "vertices" : [ 0, 1, 2, 3, 4 ]
    }, {
      "vertices" : [ 5, 7, 17, 20, 9 ]
    }, {
      "vertices" : [ 0, 4, 15, 14, 11 ]
    }, {
      "vertices" : [ 8, 10, 16, 14, 15 ]
    } ]
  }, {
    "id" : "740f5311-176c-4ad1-b298-cf6f55cb1d45",
    "orbit" : "yellow",
    "name" : " :4",
    "vertices" : [ {
      "x" : 27.416409,
      "y" : 0.0,
      "z" : -10.472136
    }, {
      "x" : 27.107391,
      "y" : 0.0,
      "z" : -10.354102
    }, {
      "x" : 26.702883,
      "y" : -0.1545085,
      "z" : -9.913119
    }, {
      "x" : 26.5119,
      "y" : -0.1545085,
      "z" : -10.413119
    }, {
      "x" : 0.9045085,
      "y" : -0.1545085,
      "z" : -0.059016995
    }, {
      "x" : 0.809017,
      "y" : 0.309017,
      "z" : -0.309017
    }, {
      "x" : 0.309017,
      "y" : 0.0,
      "z" : -0.11803399
    }, {
      "x" : 26.607391,
      "y" : 0.309017,
      "z" : -10.163119
    }, {
      "x" : 0.7135255,
      "y" : -0.1545085,
      "z" : -0.559017
    } ],
    "faces" : [ {
      "vertices" : [ 2, 4, 8, 3 ]
    }, {
      "vertices" : [ 2, 7, 5, 4 ]
    }, {
      "vertices" : [ 4, 6, 8 ]
    }, {
      "vertices" : [ 5, 8, 6 ]
    }, {
      "vertices" : [ 1, 2, 3 ]
    }, {
      "vertices" : [ 3, 8, 5, 7 ]
    }, {
      "vertices" : [ 1, 7, 2 ]
    }, {
      "vertices" : [ 1, 3, 7 ]
    }, {
      "vertices" : [ 4, 5, 6 ]
    } ]
  }, {
    "id" : "d361aef7-5ce9-4d03-a668-ab0de00456e1",
    "vertices" : [ {
      "x" : 0.0,
      "y" : 0.0,
      "z" : 0.0
    }, {
      "x" : 0.0,
      "y" : 16.944271,
      "z" : -8.472136
    }, {
      "x" : -16.944271,
      "y" : 0.0,
      "z" : 8.472136
    } ],
    "faces" : [ {
      "vertices" : [ 0, 1, 2 ]
    }, {
      "vertices" : [ 0, 2, 1 ]
    } ]
  }, {
    "id" : "9400e746-f4e4-4c20-8990-6ff1d4730f0e",
    "vertices" : [ {
      "x" : 0.0,
      "y" : 0.0,
      "z" : 0.0
    }, {
      "x" : 0.0,
      "y" : 16.944271,
      "z" : -8.472136
    }, {
      "x" : 0.0,
      "y" : 33.888542,
      "z" : 0.0
    }, {
      "x" : 0.0,
      "y" : 16.944271,
      "z" : 8.472136
    } ],
    "faces" : [ {
      "vertices" : [ 0, 1, 2, 3 ]
    }, {
      "vertices" : [ 0, 3, 2, 1 ]
    } ]
  }, {
    "id" : "7f93762b-980e-4f60-8f27-c044f734772d",
    "vertices" : [ {
      "x" : 0.0,
      "y" : 0.0,
      "z" : 0.0
    }, {
      "x" : 16.944271,
      "y" : 16.944271,
      "z" : -16.944271
    }, {
      "x" : 0.0,
      "y" : 16.944271,
      "z" : -8.472136
    } ],
    "faces" : [ {
      "vertices" : [ 0, 1, 2 ]
    }, {
      "vertices" : [ 0, 2, 1 ]
    } ]
  }, {
    "id" : "a2108013-f242-497f-9dad-e2bf8cdeb39f",
    "orbit" : "975",
    "name" : "long",
    "vertices" : [ {
      "x" : 16.495554,
      "y" : -0.26666668,
      "z" : -8.064444
    }, {
      "x" : 16.395554,
      "y" : 0.13333334,
      "z" : -7.9644437
    }, {
      "x" : 0.44871795,
      "y" : 0.26666668,
      "z" : -0.4076923
    }, {
      "x" : 0.548718,
      "y" : -0.13333334,
      "z" : -0.50769234
    }, {
      "x" : 16.16222,
      "y" : 0.26666668,
      "z" : -8.264443
    }, {
      "x" : 16.26222,
      "y" : -0.13333334,
      "z" : -8.364444
    }, {
      "x" : 0.78205127,
      "y" : -0.26666668,
      "z" : -0.20769231
    }, {
      "x" : 0.6820513,
      "y" : 0.13333334,
      "z" : -0.10769231
    } ],
    "faces" : [ {
      "vertices" : [ 2, 3, 6, 7 ]
    }, {
      "vertices" : [ 0, 5, 4, 1 ]
    }, {
      "vertices" : [ 2, 4, 5, 3 ]
    }, {
      "vertices" : [ 0, 6, 3, 5 ]
    }, {
      "vertices" : [ 0, 1, 7, 6 ]
    }, {
      "vertices" : [ 1, 4, 2, 7 ]
    } ]
  }, {
    "id" : "43d348d6-a2ac-4e47-b92a-0b27ce6d536e",
    "vertices" : [ {
      "x" : 0.0,
      "y" : 0.0,
      "z" : 0.0
    }, {
      "x" : 0.0,
      "y" : -16.944271,
      "z" : 8.472136
    }, {
      "x" : -16.944271,
      "y" : -16.944271,
      "z" : 16.944271
    } ],
    "faces" : [ {
      "vertices" : [ 0, 1, 2 ]
    }, {
      "vertices" : [ 0, 2, 1 ]
    } ]
  }, {
    "id" : "e94e3bb2-1464-40e9-b489-d69c49f422c7",
    "vertices" : [ {
      "x" : 0.0,
      "y" : 0.0,
      "z" : 0.0
    }, {
      "x" : -16.944271,
      "y" : -16.944271,
      "z" : 16.944271
    }, {
      "x" : 0.0,
      "y" : -16.944271,
      "z" : 8.472136
    } ],
    "faces" : [ {
      "vertices" : [ 0, 1, 2 ]
    }, {
      "vertices" : [ 0, 2, 1 ]
    } ]
  }, {
    "id" : "3c57dde9-b1f0-4dbc-ab72-11b3e654d620",
    "vertices" : [ {
      "x" : 0.0,
      "y" : 0.0,
      "z" : 0.0
    }, {
      "x" : 0.0,
      "y" : 16.944271,
      "z" : -8.472136
    }, {
      "x" : 16.944271,
      "y" : 16.944271,
      "z" : -16.944271
    } ],
    "faces" : [ {
      "vertices" : [ 0, 1, 2 ]
    }, {
      "vertices" : [ 0, 2, 1 ]
    } ]
  }, {
    "id" : "94ce50c6-184d-425f-bf83-9c40504b9439",
    "vertices" : [ {
      "x" : 0.0,
      "y" : 0.0,
      "z" : 0.0
    }, {
      "x" : -16.944271,
      "y" : 0.0,
      "z" : 8.472136
    }, {
      "x" : 0.0,
      "y" : 16.944271,
      "z" : -8.472136
    } ],
    "faces" : [ {
      "vertices" : [ 0, 1, 2 ]
    }, {
      "vertices" : [ 0, 2, 1 ]
    } ]
  }, {
    "id" : "835bf5ca-e888-4d1b-b844-e487eb43a139",
    "vertices" : [ {
      "x" : 0.0,
      "y" : 0.0,
      "z" : 0.0
    }, {
      "x" : 0.0,
      "y" : -16.944271,
      "z" : 8.472136
    }, {
      "x" : 16.944271,
      "y" : 0.0,
      "z" : -8.472136
    } ],
    "faces" : [ {
      "vertices" : [ 0, 1, 2 ]
    }, {
      "vertices" : [ 0, 2, 1 ]
    } ]
  }, {
    "id" : "9b88bab5-3ae8-4ba1-ac06-474bafb84065",
    "vertices" : [ {
      "x" : 0.0,
      "y" : 0.0,
      "z" : 0.0
    }, {
      "x" : 16.944271,
      "y" : 0.0,
      "z" : -8.472136
    }, {
      "x" : 16.944271,
      "y" : 16.944271,
      "z" : -16.944271
    } ],
    "faces" : [ {
      "vertices" : [ 0, 1, 2 ]
    }, {
      "vertices" : [ 0, 2, 1 ]
    } ]
  }, {
    "id" : "69441381-8756-4616-8e67-151da261a9b2",
    "vertices" : [ {
      "x" : 0.0,
      "y" : 0.0,
      "z" : 0.0
    }, {
      "x" : -16.944271,
      "y" : -16.944271,
      "z" : 16.944271
    }, {
      "x" : -16.944271,
      "y" : 0.0,
      "z" : 8.472136
    } ],
    "faces" : [ {
      "vertices" : [ 0, 1, 2 ]
    }, {
      "vertices" : [ 0, 2, 1 ]
    } ]
  }, {
    "id" : "66196afb-469e-4178-bf48-9bd1fe66b2c7",
    "vertices" : [ {
      "x" : 0.0,
      "y" : 0.0,
      "z" : 0.0
    }, {
      "x" : 16.944271,
      "y" : 16.944271,
      "z" : -16.944271
    }, {
      "x" : 16.944271,
      "y" : 0.0,
      "z" : -8.472136
    } ],
    "faces" : [ {
      "vertices" : [ 0, 1, 2 ]
    }, {
      "vertices" : [ 0, 2, 1 ]
    } ]
  }, {
    "id" : "f6525bd3-881e-4e91-9efe-7c6dbb4669da",
    "vertices" : [ {
      "x" : 0.0,
      "y" : 0.0,
      "z" : 0.0
    }, {
      "x" : 0.0,
      "y" : -8.472136,
      "z" : 16.944271
    }, {
      "x" : 0.0,
      "y" : -16.944271,
      "z" : 0.0
    }, {
      "x" : 0.0,
      "y" : -8.472136,
      "z" : -16.944271
    } ],
    "faces" : [ {
      "vertices" : [ 0, 1, 2, 3 ]
    }, {
      "vertices" : [ 0, 3, 2, 1 ]
    } ]
  }, {
    "id" : "7d68b23d-5d22-4a34-a593-4c2fac57cdb0",
    "vertices" : [ {
      "x" : 0.0,
      "y" : 0.0,
      "z" : 0.0
    }, {
      "x" : -16.944271,
      "y" : 0.0,
      "z" : 8.472136
    }, {
      "x" : -16.944271,
      "y" : -16.944271,
      "z" : 16.944271
    } ],
    "faces" : [ {
      "vertices" : [ 0, 1, 2 ]
    }, {
      "vertices" : [ 0, 2, 1 ]
    } ]
  }, {
    "id" : "1608aecf-d630-4728-8dea-6df36e29a6e2",
    "vertices" : [ {
      "x" : 0.0,
      "y" : 0.0,
      "z" : 0.0
    }, {
      "x" : 0.0,
      "y" : -16.944271,
      "z" : 8.472136
    }, {
      "x" : 0.0,
      "y" : -33.888542,
      "z" : 0.0
    }, {
      "x" : 0.0,
      "y" : -16.944271,
      "z" : -8.472136
    } ],
    "faces" : [ {
      "vertices" : [ 0, 1, 2, 3 ]
    }, {
      "vertices" : [ 0, 3, 2, 1 ]
    } ]
  } ],
  "instances" : [ {
    "shape" : "0b254800-18b1-4706-bc1d-36128c630301",
    "color" : "#7FBACA",
    "position" : {
      "x" : 0.0,
      "y" : 8.472136,
      "z" : -8.472136
    },
    "orientation" : 1
  }, {
    "shape" : "19c28c6b-3771-4875-aef7-9136059f2159",
    "color" : "#007695",
    "position" : {
      "x" : -8.472136,
      "y" : 8.472136,
      "z" : 0.0
    },
    "orientation" : 45
  }, {
    "shape" : "22feb390-fc73-4107-be6b-b74be63f8dcb",
    "color" : "#B59A8C",
    "position" : {
      "x" : 8.472136,
      "y" : -8.472136,
      "z" : 0.0
    },
    "orientation" : 46
  }, {
    "shape" : "19c28c6b-3771-4875-aef7-9136059f2159",
    "color" : "#007695",
    "position" : {
      "x" : 0.0,
      "y" : 8.472136,
      "z" : 0.0
    },
    "orientation" : 0
  }, {
    "shape" : "a496541c-a8c2-4800-8e27-1bf8a4b0aec1",
    "color" : "#B8860B",
    "position" : {
      "x" : 0.0,
      "y" : 8.472136,
      "z" : 8.472136
    },
    "orientation" : 17
  }, {
    "shape" : "19c28c6b-3771-4875-aef7-9136059f2159",
    "color" : "#007695",
    "position" : {
      "x" : 0.0,
      "y" : -8.472136,
      "z" : 0.0
    },
    "orientation" : 0
  }, {
    "shape" : "59f1dc6f-abc2-48c4-82e0-71021ce82e64",
    "color" : "#FFFFFF",
    "position" : {
      "x" : 0.0,
      "y" : -8.472136,
      "z" : 16.944271
    }
  }, {
    "shape" : "740f5311-176c-4ad1-b298-cf6f55cb1d45",
    "color" : "#F0A000",
    "position" : {
      "x" : 0.0,
      "y" : -8.472136,
      "z" : -16.944271
    },
    "orientation" : 4
  }, {
    "shape" : "19c28c6b-3771-4875-aef7-9136059f2159",
    "color" : "#007695",
    "position" : {
      "x" : 0.0,
      "y" : 8.472136,
      "z" : -8.472136
    },
    "orientation" : 2
  }, {
    "shape" : "740f5311-176c-4ad1-b298-cf6f55cb1d45",
    "color" : "#F0A000",
    "position" : {
      "x" : 0.0,
      "y" : -8.472136,
      "z" : 16.944271
    },
    "orientation" : 54
  }, {
    "shape" : "59f1dc6f-abc2-48c4-82e0-71021ce82e64",
    "color" : "#FFFFFF",
    "position" : {
      "x" : 0.0,
      "y" : 0.0,
      "z" : 0.0
    }
  }, {
    "shape" : "d361aef7-5ce9-4d03-a668-ab0de00456e1",
    "color" : "#B59A8C",
    "position" : {
      "x" : -8.472136,
      "y" : -8.472136,
      "z" : 0.0
    },
    "orientation" : 31
  }, {
    "shape" : "9400e746-f4e4-4c20-8990-6ff1d4730f0e",
    "color" : "#7FBACA",
    "position" : {
      "x" : 0.0,
      "y" : -8.472136,
      "z" : 16.944271
    },
    "orientation" : 16
  }, {
    "shape" : "59f1dc6f-abc2-48c4-82e0-71021ce82e64",
    "color" : "#FFFFFF",
    "position" : {
      "x" : 0.0,
      "y" : -8.472136,
      "z" : 0.0
    }
  }, {
    "shape" : "59f1dc6f-abc2-48c4-82e0-71021ce82e64",
    "color" : "#FFFFFF",
    "position" : {
      "x" : 0.0,
      "y" : 8.472136,
      "z" : 0.0
    }
  }, {
    "shape" : "59f1dc6f-abc2-48c4-82e0-71021ce82e64",
    "color" : "#FFFFFF",
    "position" : {
      "x" : -8.472136,
      "y" : -8.472136,
      "z" : 0.0
    }
  }, {
    "shape" : "7f93762b-980e-4f60-8f27-c044f734772d",
    "color" : "#B59A8C",
    "position" : {
      "x" : 0.0,
      "y" : -8.472136,
      "z" : -16.944271
    },
    "orientation" : 45
  }, {
    "shape" : "19c28c6b-3771-4875-aef7-9136059f2159",
    "color" : "#007695",
    "position" : {
      "x" : 0.0,
      "y" : -8.472136,
      "z" : 0.0
    },
    "orientation" : 45
  }, {
    "shape" : "19c28c6b-3771-4875-aef7-9136059f2159",
    "color" : "#007695",
    "position" : {
      "x" : 0.0,
      "y" : 0.0,
      "z" : 0.0
    },
    "orientation" : 1
  }, {
    "shape" : "59f1dc6f-abc2-48c4-82e0-71021ce82e64",
    "color" : "#FFFFFF",
    "position" : {
      "x" : 0.0,
      "y" : 8.472136,
      "z" : 8.472136
    }
  }, {
    "shape" : "19c28c6b-3771-4875-aef7-9136059f2159",
    "color" : "#007695",
    "position" : {
      "x" : 0.0,
      "y" : -8.472136,
      "z" : -16.944271
    },
    "orientation" : 2
  }, {
    "shape" : "59f1dc6f-abc2-48c4-82e0-71021ce82e64",
    "color" : "#FFFFFF",
    "position" : {
      "x" : 8.472136,
      "y" : -8.472136,
      "z" : 0.0
    }
  }, {
    "shape" : "19c28c6b-3771-4875-aef7-9136059f2159",
    "color" : "#007695",
    "position" : {
      "x" : 0.0,
      "y" : 8.472136,
      "z" : 0.0
    },
    "orientation" : 45
  }, {
    "shape" : "740f5311-176c-4ad1-b298-cf6f55cb1d45",
    "color" : "#F0A000",
    "position" : {
      "x" : 16.944271,
      "y" : 8.472136,
      "z" : 0.0
    },
    "orientation" : 19
  }, {
    "shape" : "a2108013-f242-497f-9dad-e2bf8cdeb39f",
    "color" : "#B0E0E6",
    "position" : {
      "x" : 0.0,
      "y" : 8.472136,
      "z" : -8.472136
    },
    "orientation" : 45
  }, {
    "shape" : "19c28c6b-3771-4875-aef7-9136059f2159",
    "color" : "#007695",
    "position" : {
      "x" : 8.472136,
      "y" : 8.472136,
      "z" : 0.0
    },
    "orientation" : 0
  }, {
    "shape" : "59f1dc6f-abc2-48c4-82e0-71021ce82e64",
    "color" : "#FFFFFF",
    "position" : {
      "x" : 8.472136,
      "y" : 8.472136,
      "z" : 0.0
    }
  }, {
    "shape" : "43d348d6-a2ac-4e47-b92a-0b27ce6d536e",
    "color" : "#B59A8C",
    "position" : {
      "x" : 0.0,
      "y" : -8.472136,
      "z" : -16.944271
    },
    "orientation" : 30
  }, {
    "shape" : "a496541c-a8c2-4800-8e27-1bf8a4b0aec1",
    "color" : "#B8860B",
    "position" : {
      "x" : 0.0,
      "y" : -8.472136,
      "z" : 16.944271
    },
    "orientation" : 15
  }, {
    "shape" : "7f93762b-980e-4f60-8f27-c044f734772d",
    "color" : "#B59A8C",
    "position" : {
      "x" : 0.0,
      "y" : -8.472136,
      "z" : 16.944271
    },
    "orientation" : 0
  }, {
    "shape" : "19c28c6b-3771-4875-aef7-9136059f2159",
    "color" : "#007695",
    "position" : {
      "x" : 0.0,
      "y" : -8.472136,
      "z" : 0.0
    },
    "orientation" : 2
  }, {
    "shape" : "59f1dc6f-abc2-48c4-82e0-71021ce82e64",
    "color" : "#FFFFFF",
    "position" : {
      "x" : 0.0,
      "y" : -8.472136,
      "z" : -8.472136
    }
  }, {
    "shape" : "59f1dc6f-abc2-48c4-82e0-71021ce82e64",
    "color" : "#FFFFFF",
    "position" : {
      "x" : 0.0,
      "y" : -8.472136,
      "z" : -16.944271
    }
  }, {
    "shape" : "19c28c6b-3771-4875-aef7-9136059f2159",
    "color" : "#007695",
    "position" : {
      "x" : 0.0,
      "y" : -8.472136,
      "z" : -8.472136
    },
    "orientation" : 2
  }, {
    "shape" : "a496541c-a8c2-4800-8e27-1bf8a4b0aec1",
    "color" : "#B8860B",
    "position" : {
      "x" : 0.0,
      "y" : -8.472136,
      "z" : -16.944271
    },
    "orientation" : 30
  }, {
    "shape" : "740f5311-176c-4ad1-b298-cf6f55cb1d45",
    "color" : "#F0A000",
    "position" : {
      "x" : 0.0,
      "y" : -8.472136,
      "z" : 16.944271
    },
    "orientation" : 3
  }, {
    "shape" : "a2108013-f242-497f-9dad-e2bf8cdeb39f",
    "color" : "#B0E0E6",
    "position" : {
      "x" : -16.944271,
      "y" : 8.472136,
      "z" : 0.0
    },
    "orientation" : 15
  }, {
    "shape" : "19c28c6b-3771-4875-aef7-9136059f2159",
    "color" : "#007695",
    "position" : {
      "x" : 0.0,
      "y" : 8.472136,
      "z" : 0.0
    },
    "orientation" : 2
  }, {
    "shape" : "59f1dc6f-abc2-48c4-82e0-71021ce82e64",
    "color" : "#FFFFFF",
    "position" : {
      "x" : 0.0,
      "y" : 8.472136,
      "z" : -8.472136
    }
  }, {
    "shape" : "a2108013-f242-497f-9dad-e2bf8cdeb39f",
    "color" : "#B0E0E6",
    "position" : {
      "x" : 8.472136,
      "y" : -8.472136,
      "z" : 0.0
    },
    "orientation" : 46
  }, {
    "shape" : "a496541c-a8c2-4800-8e27-1bf8a4b0aec1",
    "color" : "#B8860B",
    "position" : {
      "x" : 0.0,
      "y" : 8.472136,
      "z" : -8.472136
    },
    "orientation" : 32
  }, {
    "shape" : "a2108013-f242-497f-9dad-e2bf8cdeb39f",
    "color" : "#B0E0E6",
    "position" : {
      "x" : 16.944271,
      "y" : 8.472136,
      "z" : 0.0
    },
    "orientation" : 30
  }, {
    "shape" : "a496541c-a8c2-4800-8e27-1bf8a4b0aec1",
    "color" : "#B8860B",
    "position" : {
      "x" : 8.472136,
      "y" : -8.472136,
      "z" : 0.0
    },
    "orientation" : 0
  }, {
    "shape" : "19c28c6b-3771-4875-aef7-9136059f2159",
    "color" : "#007695",
    "position" : {
      "x" : 0.0,
      "y" : -8.472136,
      "z" : 8.472136
    },
    "orientation" : 2
  }, {
    "shape" : "a496541c-a8c2-4800-8e27-1bf8a4b0aec1",
    "color" : "#B8860B",
    "position" : {
      "x" : -8.472136,
      "y" : -8.472136,
      "z" : 0.0
    },
    "orientation" : 45
  }, {
    "shape" : "59f1dc6f-abc2-48c4-82e0-71021ce82e64",
    "color" : "#FFFFFF",
    "position" : {
      "x" : -8.472136,
      "y" : 8.472136,
      "z" : 0.0
    }
  }, {
    "shape" : "a2108013-f242-497f-9dad-e2bf8cdeb39f",
    "color" : "#B0E0E6",
    "position" : {
      "x" : -8.472136,
      "y" : -8.472136,
      "z" : 0.0
    },
    "orientation" : 1
  }, {
    "shape" : "a2108013-f242-497f-9dad-e2bf8cdeb39f",
    "color" : "#B0E0E6",
    "position" : {
      "x" : 0.0,
      "y" : 8.472136,
      "z" : 8.472136
    },
    "orientation" : 0
  }, {
    "shape" : "19c28c6b-3771-4875-aef7-9136059f2159",
    "color" : "#007695",
    "position" : {
      "x" : 0.0,
      "y" : 0.0,
      "z" : 0.0
    },
    "orientation" : 16
  }, {
    "shape" : "e94e3bb2-1464-40e9-b489-d69c49f422c7",
    "color" : "#B59A8C",
    "position" : {
      "x" : 0.0,
      "y" : -8.472136,
      "z" : -16.944271
    },
    "orientation" : 16
  }, {
    "shape" : "59f1dc6f-abc2-48c4-82e0-71021ce82e64",
    "color" : "#FFFFFF",
    "position" : {
      "x" : 16.944271,
      "y" : 8.472136,
      "z" : 0.0
    }
  }, {
    "shape" : "22feb390-fc73-4107-be6b-b74be63f8dcb",
    "color" : "#B59A8C",
    "position" : {
      "x" : -8.472136,
      "y" : -8.472136,
      "z" : 0.0
    },
    "orientation" : 1
  }, {
    "shape" : "59f1dc6f-abc2-48c4-82e0-71021ce82e64",
    "color" : "#FFFFFF",
    "position" : {
      "x" : -16.944271,
      "y" : 8.472136,
      "z" : 0.0
    }
  }, {
    "shape" : "59f1dc6f-abc2-48c4-82e0-71021ce82e64",
    "color" : "#FFFFFF",
    "position" : {
      "x" : 0.0,
      "y" : -8.472136,
      "z" : 8.472136
    }
  }, {
    "shape" : "43d348d6-a2ac-4e47-b92a-0b27ce6d536e",
    "color" : "#B59A8C",
    "position" : {
      "x" : 0.0,
      "y" : -8.472136,
      "z" : 16.944271
    },
    "orientation" : 15
  } ],
  "scenes" : [ {
    "title" : "Single block",
    "content" : "",
    "view" : {
      "viewDistance" : 162.208,
      "nearClipDistance" : 0.40551957,
      "farClipDistance" : 324.4166,
      "lookAtPoint" : {
        "x" : 0.0,
        "y" : 0.0,
        "z" : 0.0
      },
      "fieldOfView" : 0.44263008,
      "perspective" : false,
      "lookDirection" : {
        "x" : 0.0,
        "y" : 0.0,
        "z" : -1.0
      },
      "upDirection" : {
        "x" : 0.0,
        "y" : 1.0,
        "z" : 0.0
      },
      "width" : 72.993805,
      "stereo" : false,
      "position" : {
        "x" : 0.0,
        "y" : 0.0,
        "z" : 162.208
      }
    },
    "snapshot" : 1
  }, {
    "title" : "Bow Tie pair of blocks",
    "content" : "",
    "view" : {
      "viewDistance" : 146.77187,
      "nearClipDistance" : 0.36692938,
      "farClipDistance" : 293.54443,
      "lookAtPoint" : {
        "x" : 0.0,
        "y" : 0.0,
        "z" : 0.0
      },
      "fieldOfView" : 0.44263023,
      "perspective" : false,
      "lookDirection" : {
        "x" : 0.0,
        "y" : 0.0,
        "z" : -1.0
      },
      "upDirection" : {
        "x" : 0.0,
        "y" : 1.0,
        "z" : 0.0
      },
      "width" : 66.04755,
      "stereo" : false,
      "position" : {
        "x" : 0.0,
        "y" : 0.0,
        "z" : 146.77187
      }
    },
    "snapshot" : 3
  }, {
    "title" : "2 BowTies fitted together",
    "content" : "",
    "view" : {
      "viewDistance" : 172.23839,
      "nearClipDistance" : 0.43059543,
      "farClipDistance" : 344.47763,
      "lookAtPoint" : {
        "x" : 0.0,
        "y" : 0.0,
        "z" : 0.0
      },
      "fieldOfView" : 0.44263017,
      "perspective" : false,
      "lookDirection" : {
        "x" : 0.0,
        "y" : 0.0,
        "z" : -1.0
      },
      "upDirection" : {
        "x" : 0.0,
        "y" : 1.0,
        "z" : 0.0
      },
      "width" : 77.50751,
      "stereo" : false,
      "position" : {
        "x" : 0.0,
        "y" : 0.0,
        "z" : 172.23839
      }
    },
    "snapshot" : 6
  }, {
    "title" : "3 bow Ties",
    "content" : "",
    "view" : {
      "viewDistance" : 251.86151,
      "nearClipDistance" : 0.62965274,
      "farClipDistance" : 503.7241,
      "lookAtPoint" : {
        "x" : 0.0,
        "y" : 0.0,
        "z" : 0.0
      },
      "fieldOfView" : 0.44262993,
      "perspective" : false,
      "lookDirection" : {
        "x" : 0.0,
        "y" : 0.0,
        "z" : -1.0
      },
      "upDirection" : {
        "x" : 0.0,
        "y" : 1.0,
        "z" : 0.0
      },
      "width" : 113.33795,
      "stereo" : false,
      "position" : {
        "x" : 0.0,
        "y" : 0.0,
        "z" : 251.86151
      }
    },
    "snapshot" : 4
  }, {
    "title" : "Six  Bow Ties",
    "content" : "",
    "view" : {
      "viewDistance" : 251.86151,
      "nearClipDistance" : 0.62965274,
      "farClipDistance" : 503.7241,
      "lookAtPoint" : {
        "x" : 0.0,
        "y" : 0.0,
        "z" : 0.0
      },
      "fieldOfView" : 0.44262993,
      "perspective" : false,
      "lookDirection" : {
        "x" : 0.0,
        "y" : 0.0,
        "z" : -1.0
      },
      "upDirection" : {
        "x" : 0.0,
        "y" : 1.0,
        "z" : 0.0
      },
      "width" : 113.33795,
      "stereo" : false,
      "position" : {
        "x" : 0.0,
        "y" : 0.0,
        "z" : 251.86151
      }
    },
    "snapshot" : 5
  }, {
    "title" : "12 Bowties",
    "content" : "",
    "view" : {
      "viewDistance" : 272.83835,
      "nearClipDistance" : 0.6820952,
      "farClipDistance" : 545.6777,
      "lookAtPoint" : {
        "x" : 0.0,
        "y" : 0.0,
        "z" : 0.0
      },
      "fieldOfView" : 0.4426299,
      "perspective" : false,
      "lookDirection" : {
        "x" : 0.0,
        "y" : 0.0,
        "z" : -1.0
      },
      "upDirection" : {
        "x" : 0.0,
        "y" : 1.0,
        "z" : 0.0
      },
      "width" : 122.77755,
      "stereo" : false,
      "position" : {
        "x" : 0.0,
        "y" : 0.0,
        "z" : 272.83835
      }
    },
    "snapshot" : 7
  } ],
  "snapshots" : [ [ {
    "shape" : "59f1dc6f-abc2-48c4-82e0-71021ce82e64",
    "color" : "#FFFFFF",
    "position" : {
      "x" : -8.472136,
      "y" : -8.472136,
      "z" : -8.472136
    },
    "orientation" : 0
  }, {
    "shape" : "740f5311-176c-4ad1-b298-cf6f55cb1d45",
    "color" : "#F0A000",
    "position" : {
      "x" : 0.0,
      "y" : 0.0,
      "z" : 16.944271
    },
    "orientation" : 3
  }, {
    "shape" : "740f5311-176c-4ad1-b298-cf6f55cb1d45",
    "color" : "#F0A000",
    "position" : {
      "x" : 0.0,
      "y" : 0.0,
      "z" : -16.944271
    },
    "orientation" : 4
  }, {
    "shape" : "19c28c6b-3771-4875-aef7-9136059f2159",
    "color" : "#007695",
    "position" : {
      "x" : 0.0,
      "y" : 16.944271,
      "z" : 0.0
    },
    "orientation" : 2
  }, {
    "shape" : "a2108013-f242-497f-9dad-e2bf8cdeb39f",
    "color" : "#B0E0E6",
    "position" : {
      "x" : 0.0,
      "y" : 16.944271,
      "z" : 8.472136
    },
    "orientation" : 0
  }, {
    "shape" : "e94e3bb2-1464-40e9-b489-d69c49f422c7",
    "color" : "#B59A8C",
    "position" : {
      "x" : 0.0,
      "y" : 0.0,
      "z" : -16.944271
    },
    "orientation" : 0
  }, {
    "shape" : "3c57dde9-b1f0-4dbc-ab72-11b3e654d620",
    "color" : "#B59A8C",
    "position" : {
      "x" : 0.0,
      "y" : 0.0,
      "z" : -16.944271
    },
    "orientation" : 15
  }, {
    "shape" : "59f1dc6f-abc2-48c4-82e0-71021ce82e64",
    "color" : "#FFFFFF",
    "position" : {
      "x" : 0.0,
      "y" : 0.0,
      "z" : 16.944271
    },
    "orientation" : 0
  }, {
    "shape" : "59f1dc6f-abc2-48c4-82e0-71021ce82e64",
    "color" : "#FFFFFF",
    "position" : {
      "x" : -16.944271,
      "y" : -16.944271,
      "z" : 0.0
    },
    "orientation" : 0
  }, {
    "shape" : "43d348d6-a2ac-4e47-b92a-0b27ce6d536e",
    "color" : "#B59A8C",
    "position" : {
      "x" : 0.0,
      "y" : 0.0,
      "z" : -16.944271
    },
    "orientation" : 30
  }, {
    "shape" : "19c28c6b-3771-4875-aef7-9136059f2159",
    "color" : "#007695",
    "position" : {
      "x" : 0.0,
      "y" : -16.944271,
      "z" : 0.0
    },
    "orientation" : 2
  }, {
    "shape" : "d361aef7-5ce9-4d03-a668-ab0de00456e1",
    "color" : "#B59A8C",
    "position" : {
      "x" : -8.472136,
      "y" : 0.0,
      "z" : 0.0
    },
    "orientation" : 31
  }, {
    "shape" : "94ce50c6-184d-425f-bf83-9c40504b9439",
    "color" : "#B59A8C",
    "position" : {
      "x" : -8.472136,
      "y" : 0.0,
      "z" : 0.0
    },
    "orientation" : 46
  }, {
    "shape" : "a496541c-a8c2-4800-8e27-1bf8a4b0aec1",
    "color" : "#B8860B",
    "position" : {
      "x" : 0.0,
      "y" : -16.944271,
      "z" : -8.472136
    },
    "orientation" : 2
  }, {
    "shape" : "3c57dde9-b1f0-4dbc-ab72-11b3e654d620",
    "color" : "#B59A8C",
    "position" : {
      "x" : 0.0,
      "y" : 0.0,
      "z" : 16.944271
    },
    "orientation" : 30
  }, {
    "shape" : "740f5311-176c-4ad1-b298-cf6f55cb1d45",
    "color" : "#F0A000",
    "position" : {
      "x" : 0.0,
      "y" : 0.0,
      "z" : 16.944271
    },
    "orientation" : 24
  }, {
    "shape" : "59f1dc6f-abc2-48c4-82e0-71021ce82e64",
    "color" : "#FFFFFF",
    "position" : {
      "x" : 16.944271,
      "y" : 16.944271,
      "z" : 0.0
    },
    "orientation" : 0
  }, {
    "shape" : "a496541c-a8c2-4800-8e27-1bf8a4b0aec1",
    "color" : "#B8860B",
    "position" : {
      "x" : 0.0,
      "y" : 16.944271,
      "z" : 8.472136
    },
    "orientation" : 17
  }, {
    "shape" : "a496541c-a8c2-4800-8e27-1bf8a4b0aec1",
    "color" : "#B8860B",
    "position" : {
      "x" : 0.0,
      "y" : 0.0,
      "z" : 16.944271
    },
    "orientation" : 15
  }, {
    "shape" : "a2108013-f242-497f-9dad-e2bf8cdeb39f",
    "color" : "#B0E0E6",
    "position" : {
      "x" : 8.472136,
      "y" : 0.0,
      "z" : 0.0
    },
    "orientation" : 31
  }, {
    "shape" : "7f93762b-980e-4f60-8f27-c044f734772d",
    "color" : "#B59A8C",
    "position" : {
      "x" : 0.0,
      "y" : 0.0,
      "z" : 16.944271
    },
    "orientation" : 0
  }, {
    "shape" : "59f1dc6f-abc2-48c4-82e0-71021ce82e64",
    "color" : "#FFFFFF",
    "position" : {
      "x" : 8.472136,
      "y" : 16.944271,
      "z" : 0.0
    },
    "orientation" : 0
  }, {
    "shape" : "7f93762b-980e-4f60-8f27-c044f734772d",
    "color" : "#B59A8C",
    "position" : {
      "x" : 0.0,
      "y" : 0.0,
