{
  "polygons" : "true",
  "field" : "golden",
  "symmetry" : "icosahedral",
  "orientations" : [ [ 1.0, 0.0, 0.0, 0.0, 0.0, 1.0, 0.0, 0.0, 0.0, 0.0, 1.0, 0.0, 0.0, 0.0, 0.0, 1.0 ], [ 0.0, 0.0, 1.0, 0.0, 1.0, 0.0, 0.0, 0.0, 0.0, 1.0, 0.0, 0.0, 0.0, 0.0, 0.0, 1.0 ], [ 0.0, 1.0, 0.0, 0.0, 0.0, 0.0, 1.0, 0.0, 1.0, 0.0, 0.0, 0.0, 0.0, 0.0, 0.0, 1.0 ], [ 0.809017, 0.309017, 0.5, 0.0, 0.309017, 0.5, -0.809017, 0.0, -0.5, 0.809017, 0.309017, 0.0, 0.0, 0.0, 0.0, 1.0 ], [ -0.5, 0.809017, 0.309017, 0.0, 0.809017, 0.309017, 0.5, 0.0, 0.309017, 0.5, -0.809017, 0.0, 0.0, 0.0, 0.0, 1.0 ], [ 0.309017, 0.5, -0.809017, 0.0, -0.5, 0.809017, 0.309017, 0.0, 0.809017, 0.309017, 0.5, 0.0, 0.0, 0.0, 0.0, 1.0 ], [ 0.5, 0.809017, 0.309017, 0.0, 0.809017, -0.309017, -0.5, 0.0, -0.309017, 0.5, -0.809017, 0.0, 0.0, 0.0, 0.0, 1.0 ], [ -0.309017, 0.5, -0.809017, 0.0, 0.5, 0.809017, 0.309017, 0.0, 0.809017, -0.309017, -0.5, 0.0, 0.0, 0.0, 0.0, 1.0 ], [ 0.809017, -0.309017, -0.5, 0.0, -0.309017, 0.5, -0.809017, 0.0, 0.5, 0.809017, 0.309017, 0.0, 0.0, 0.0, 0.0, 1.0 ], [ 0.5, 0.809017, -0.309017, 0.0, 0.809017, -0.309017, 0.5, 0.0, 0.309017, -0.5, -0.809017, 0.0, 0.0, 0.0, 0.0, 1.0 ], [ 0.309017, -0.5, -0.809017, 0.0, 0.5, 0.809017, -0.309017, 0.0, 0.809017, -0.309017, 0.5, 0.0, 0.0, 0.0, 0.0, 1.0 ], [ 0.809017, -0.309017, 0.5, 0.0, 0.309017, -0.5, -0.809017, 0.0, 0.5, 0.809017, -0.309017, 0.0, 0.0, 0.0, 0.0, 1.0 ], [ 0.809017, 0.309017, -0.5, 0.0, 0.309017, 0.5, 0.809017, 0.0, 0.5, -0.809017, 0.309017, 0.0, 0.0, 0.0, 0.0, 1.0 ], [ 0.5, -0.809017, 0.309017, 0.0, 0.809017, 0.309017, -0.5, 0.0, 0.309017, 0.5, 0.809017, 0.0, 0.0, 0.0, 0.0, 1.0 ], [ 0.309017, 0.5, 0.809017, 0.0, 0.5, -0.809017, 0.309017, 0.0, 0.809017, 0.309017, -0.5, 0.0, 0.0, 0.0, 0.0, 1.0 ], [ 1.0, 0.0, 0.0, 0.0, 0.0, -1.0, 0.0, 0.0, 0.0, 0.0, -1.0, 0.0, 0.0, 0.0, 0.0, 1.0 ], [ 0.0, 0.0, 1.0, 0.0, -1.0, 0.0, 0.0, 0.0, 0.0, -1.0, 0.0, 0.0, 0.0, 0.0, 0.0, 1.0 ], [ 0.0, 1.0, 0.0, 0.0, 0.0, 0.0, -1.0, 0.0, -1.0, 0.0, 0.0, 0.0, 0.0, 0.0, 0.0, 1.0 ], [ 0.809017, 0.309017, 0.5, 0.0, -0.309017, -0.5, 0.809017, 0.0, 0.5, -0.809017, -0.309017, 0.0, 0.0, 0.0, 0.0, 1.0 ], [ -0.5, 0.809017, 0.309017, 0.0, -0.809017, -0.309017, -0.5, 0.0, -0.309017, -0.5, 0.809017, 0.0, 0.0, 0.0, 0.0, 1.0 ], [ 0.309017, 0.5, -0.809017, 0.0, 0.5, -0.809017, -0.309017, 0.0, -0.809017, -0.309017, -0.5, 0.0, 0.0, 0.0, 0.0, 1.0 ], [ 0.5, 0.809017, 0.309017, 0.0, -0.809017, 0.309017, 0.5, 0.0, 0.309017, -0.5, 0.809017, 0.0, 0.0, 0.0, 0.0, 1.0 ], [ -0.309017, 0.5, -0.809017, 0.0, -0.5, -0.809017, -0.309017, 0.0, -0.809017, 0.309017, 0.5, 0.0, 0.0, 0.0, 0.0, 1.0 ], [ 0.809017, -0.309017, -0.5, 0.0, 0.309017, -0.5, 0.809017, 0.0, -0.5, -0.809017, -0.309017, 0.0, 0.0, 0.0, 0.0, 1.0 ], [ 0.5, 0.809017, -0.309017, 0.0, -0.809017, 0.309017, -0.5, 0.0, -0.309017, 0.5, 0.809017, 0.0, 0.0, 0.0, 0.0, 1.0 ], [ 0.309017, -0.5, -0.809017, 0.0, -0.5, -0.809017, 0.309017, 0.0, -0.809017, 0.309017, -0.5, 0.0, 0.0, 0.0, 0.0, 1.0 ], [ 0.809017, -0.309017, 0.5, 0.0, -0.309017, 0.5, 0.809017, 0.0, -0.5, -0.809017, 0.309017, 0.0, 0.0, 0.0, 0.0, 1.0 ], [ 0.809017, 0.309017, -0.5, 0.0, -0.309017, -0.5, -0.809017, 0.0, -0.5, 0.809017, -0.309017, 0.0, 0.0, 0.0, 0.0, 1.0 ], [ 0.5, -0.809017, 0.309017, 0.0, -0.809017, -0.309017, 0.5, 0.0, -0.309017, -0.5, -0.809017, 0.0, 0.0, 0.0, 0.0, 1.0 ], [ 0.309017, 0.5, 0.809017, 0.0, -0.5, 0.809017, -0.309017, 0.0, -0.809017, -0.309017, 0.5, 0.0, 0.0, 0.0, 0.0, 1.0 ], [ -1.0, 0.0, 0.0, 0.0, 0.0, -1.0, 0.0, 0.0, 0.0, 0.0, 1.0, 0.0, 0.0, 0.0, 0.0, 1.0 ], [ 0.0, 0.0, -1.0, 0.0, -1.0, 0.0, 0.0, 0.0, 0.0, 1.0, 0.0, 0.0, 0.0, 0.0, 0.0, 1.0 ], [ 0.0, -1.0, 0.0, 0.0, 0.0, 0.0, -1.0, 0.0, 1.0, 0.0, 0.0, 0.0, 0.0, 0.0, 0.0, 1.0 ], [ -0.809017, -0.309017, -0.5, 0.0, -0.309017, -0.5, 0.809017, 0.0, -0.5, 0.809017, 0.309017, 0.0, 0.0, 0.0, 0.0, 1.0 ], [ 0.5, -0.809017, -0.309017, 0.0, -0.809017, -0.309017, -0.5, 0.0, 0.309017, 0.5, -0.809017, 0.0, 0.0, 0.0, 0.0, 1.0 ], [ -0.309017, -0.5, 0.809017, 0.0, 0.5, -0.809017, -0.309017, 0.0, 0.809017, 0.309017, 0.5, 0.0, 0.0, 0.0, 0.0, 1.0 ], [ -0.5, -0.809017, -0.309017, 0.0, -0.809017, 0.309017, 0.5, 0.0, -0.309017, 0.5, -0.809017, 0.0, 0.0, 0.0, 0.0, 1.0 ], [ 0.309017, -0.5, 0.809017, 0.0, -0.5, -0.809017, -0.309017, 0.0, 0.809017, -0.309017, -0.5, 0.0, 0.0, 0.0, 0.0, 1.0 ], [ -0.809017, 0.309017, 0.5, 0.0, 0.309017, -0.5, 0.809017, 0.0, 0.5, 0.809017, 0.309017, 0.0, 0.0, 0.0, 0.0, 1.0 ], [ -0.5, -0.809017, 0.309017, 0.0, -0.809017, 0.309017, -0.5, 0.0, 0.309017, -0.5, -0.809017, 0.0, 0.0, 0.0, 0.0, 1.0 ], [ -0.309017, 0.5, 0.809017, 0.0, -0.5, -0.809017, 0.309017, 0.0, 0.809017, -0.309017, 0.5, 0.0, 0.0, 0.0, 0.0, 1.0 ], [ -0.809017, 0.309017, -0.5, 0.0, -0.309017, 0.5, 0.809017, 0.0, 0.5, 0.809017, -0.309017, 0.0, 0.0, 0.0, 0.0, 1.0 ], [ -0.809017, -0.309017, 0.5, 0.0, -0.309017, -0.5, -0.809017, 0.0, 0.5, -0.809017, 0.309017, 0.0, 0.0, 0.0, 0.0, 1.0 ], [ -0.5, 0.809017, -0.309017, 0.0, -0.809017, -0.309017, 0.5, 0.0, 0.309017, 0.5, 0.809017, 0.0, 0.0, 0.0, 0.0, 1.0 ], [ -0.309017, -0.5, -0.809017, 0.0, -0.5, 0.809017, -0.309017, 0.0, 0.809017, 0.309017, -0.5, 0.0, 0.0, 0.0, 0.0, 1.0 ], [ -1.0, 0.0, 0.0, 0.0, 0.0, 1.0, 0.0, 0.0, 0.0, 0.0, -1.0, 0.0, 0.0, 0.0, 0.0, 1.0 ], [ 0.0, 0.0, -1.0, 0.0, 1.0, 0.0, 0.0, 0.0, 0.0, -1.0, 0.0, 0.0, 0.0, 0.0, 0.0, 1.0 ], [ 0.0, -1.0, 0.0, 0.0, 0.0, 0.0, 1.0, 0.0, -1.0, 0.0, 0.0, 0.0, 0.0, 0.0, 0.0, 1.0 ], [ -0.809017, -0.309017, -0.5, 0.0, 0.309017, 0.5, -0.809017, 0.0, 0.5, -0.809017, -0.309017, 0.0, 0.0, 0.0, 0.0, 1.0 ], [ 0.5, -0.809017, -0.309017, 0.0, 0.809017, 0.309017, 0.5, 0.0, -0.309017, -0.5, 0.809017, 0.0, 0.0, 0.0, 0.0, 1.0 ], [ -0.309017, -0.5, 0.809017, 0.0, -0.5, 0.809017, 0.309017, 0.0, -0.809017, -0.309017, -0.5, 0.0, 0.0, 0.0, 0.0, 1.0 ], [ -0.5, -0.809017, -0.309017, 0.0, 0.809017, -0.309017, -0.5, 0.0, 0.309017, -0.5, 0.809017, 0.0, 0.0, 0.0, 0.0, 1.0 ], [ 0.309017, -0.5, 0.809017, 0.0, 0.5, 0.809017, 0.309017, 0.0, -0.809017, 0.309017, 0.5, 0.0, 0.0, 0.0, 0.0, 1.0 ], [ -0.809017, 0.309017, 0.5, 0.0, -0.309017, 0.5, -0.809017, 0.0, -0.5, -0.809017, -0.309017, 0.0, 0.0, 0.0, 0.0, 1.0 ], [ -0.5, -0.809017, 0.309017, 0.0, 0.809017, -0.309017, 0.5, 0.0, -0.309017, 0.5, 0.809017, 0.0, 0.0, 0.0, 0.0, 1.0 ], [ -0.309017, 0.5, 0.809017, 0.0, 0.5, 0.809017, -0.309017, 0.0, -0.809017, 0.309017, -0.5, 0.0, 0.0, 0.0, 0.0, 1.0 ], [ -0.809017, 0.309017, -0.5, 0.0, 0.309017, -0.5, -0.809017, 0.0, -0.5, -0.809017, 0.309017, 0.0, 0.0, 0.0, 0.0, 1.0 ], [ -0.809017, -0.309017, 0.5, 0.0, 0.309017, 0.5, 0.809017, 0.0, -0.5, 0.809017, -0.309017, 0.0, 0.0, 0.0, 0.0, 1.0 ], [ -0.5, 0.809017, -0.309017, 0.0, 0.809017, 0.309017, -0.5, 0.0, -0.309017, -0.5, -0.809017, 0.0, 0.0, 0.0, 0.0, 1.0 ], [ -0.309017, -0.5, -0.809017, 0.0, 0.5, -0.809017, 0.309017, 0.0, -0.809017, -0.309017, 0.5, 0.0, 0.0, 0.0, 0.0, 1.0 ] ],
  "lights" : {
    "ambientColor" : "#292929",
    "backgroundColor" : "#AFC8DC",
    "directionalLights" : [ {
      "direction" : [ 1.0, -1.0, -1.0 ],
      "color" : "#EBEBE4"
    }, {
      "direction" : [ -1.0, 0.0, 0.0 ],
      "color" : "#E4E4EB"
    }, {
      "direction" : [ 0.0, 0.0, -1.0 ],
      "color" : "#1E1E1E"
    } ]
  },
  "camera" : {
    "viewDistance" : 132.80469,
    "lookAtPointRV" : {
      "x" : 0.0,
      "y" : 0.0,
      "z" : 0.0,
      "zero" : true
    },
    "lookDirectionRV" : {
      "x" : 0.07783734,
      "y" : -0.14504495,
      "z" : -0.98635113,
      "zero" : false
    },
    "upDirectionRV" : {
      "x" : 0.02953922,
      "y" : 0.9892425,
      "z" : -0.14310452,
      "zero" : false
    },
    "lookDirection" : {
      "x" : 0.07783734,
      "y" : -0.14504495,
      "z" : -0.98635113
    },
    "nearClipDistance" : 0.33201385,
    "farClipDistance" : 265.60867,
    "width" : 59.762573,
    "perspective" : false,
    "fieldOfView" : 0.44263223,
    "lookAtPoint" : {
      "x" : 0.0,
      "y" : 0.0,
      "z" : 0.0
    },
    "upDirection" : {
      "x" : 0.02953922,
      "y" : 0.9892425,
      "z" : -0.14310452
    },
    "stereo" : false,
    "position" : {
      "x" : -10.337164,
      "y" : 19.26265,
      "z" : 130.99205
    }
  },
  "embedding" : [ 1.0, 0.0, 0.0, 0.0, 0.0, 1.0, 0.0, 0.0, 0.0, 0.0, 1.0, 0.0, 0.0, 0.0, 0.0, 1.0 ],
  "shapes" : [ {
    "id" : "5b9367db-d893-45b5-9970-d9d58d710c16",
    "orbit" : "yellow",
    "orbitC" : "[[0,0,1],[2,-1,1]]",
    "length" : "[\"0\",\"1\",\"1\"]",
    "name" : "y2",
    "vertices" : [ {
      "x" : 11.09017,
      "y" : 0.0,
      "z" : -4.236068
    }, {
      "x" : 10.781153,
      "y" : 0.0,
      "z" : -4.118034
    }, {
      "x" : 10.376644,
      "y" : -0.1545085,
      "z" : -3.677051
    }, {
      "x" : 10.185661,
      "y" : -0.1545085,
      "z" : -4.177051
    }, {
      "x" : 0.9045085,
      "y" : -0.1545085,
      "z" : -0.059016995
    }, {
      "x" : 0.809017,
      "y" : 0.309017,
      "z" : -0.309017
    }, {
      "x" : 0.309017,
      "y" : 0.0,
      "z" : -0.11803399
    }, {
      "x" : 10.281153,
      "y" : 0.309017,
      "z" : -3.927051
    }, {
      "x" : 0.7135255,
      "y" : -0.1545085,
      "z" : -0.559017
    } ],
    "faces" : [ {
      "vertices" : [ 2, 4, 8, 3 ]
    }, {
      "vertices" : [ 2, 7, 5, 4 ]
    }, {
      "vertices" : [ 4, 6, 8 ]
    }, {
      "vertices" : [ 5, 8, 6 ]
    }, {
      "vertices" : [ 1, 2, 3 ]
    }, {
      "vertices" : [ 3, 8, 5, 7 ]
    }, {
      "vertices" : [ 1, 7, 2 ]
    }, {
      "vertices" : [ 1, 3, 7 ]
    }, {
      "vertices" : [ 4, 5, 6 ]
    } ]
  }, {
    "id" : "143cba85-d994-427e-b2b8-16c49dbf098e",
    "name" : "ball",
    "vertices" : [ {
      "x" : 0.309017,
      "y" : -0.309017,
      "z" : -0.309017
    }, {
      "x" : 0.5,
      "y" : 0.0,
      "z" : -0.19098301
    }, {
      "x" : 0.5,
      "y" : 0.0,
      "z" : 0.19098301
    }, {
      "x" : 0.309017,
      "y" : -0.309017,
      "z" : 0.309017
    }, {
      "x" : 0.19098301,
      "y" : -0.5,
      "z" : 0.0
    }, {
      "x" : 0.0,
      "y" : 0.19098301,
      "z" : 0.5
    }, {
      "x" : 0.0,
      "y" : -0.19098301,
      "z" : 0.5
    }, {
      "x" : 0.309017,
      "y" : 0.309017,
      "z" : 0.309017
    }, {
      "x" : -0.309017,
      "y" : -0.309017,
      "z" : 0.309017
    }, {
      "x" : -0.309017,
      "y" : 0.309017,
      "z" : 0.309017
    }, {
      "x" : -0.5,
      "y" : 0.0,
      "z" : 0.19098301
    }, {
      "x" : 0.0,
      "y" : -0.19098301,
      "z" : -0.5
    }, {
      "x" : 0.0,
      "y" : 0.19098301,
      "z" : -0.5
    }, {
      "x" : 0.309017,
      "y" : 0.309017,
      "z" : -0.309017
    }, {
      "x" : -0.309017,
      "y" : -0.309017,
      "z" : -0.309017
    }, {
      "x" : -0.19098301,
      "y" : -0.5,
      "z" : 0.0
    }, {
      "x" : -0.5,
      "y" : 0.0,
      "z" : -0.19098301
    }, {
      "x" : 0.19098301,
      "y" : 0.5,
      "z" : 0.0
    }, {
      "x" : -0.309017,
      "y" : 0.309017,
      "z" : -0.309017
    }, {
      "x" : 0.0,
      "y" : 0.0,
      "z" : 0.0
    }, {
      "x" : -0.19098301,
      "y" : 0.5,
      "z" : 0.0
    } ],
    "faces" : [ {
      "vertices" : [ 12, 18, 20, 17, 13 ]
    }, {
      "vertices" : [ 3, 6, 8, 15, 4 ]
    }, {
      "vertices" : [ 0, 11, 12, 13, 1 ]
    }, {
      "vertices" : [ 5, 9, 10, 8, 6 ]
    }, {
      "vertices" : [ 2, 7, 5, 6, 3 ]
    }, {
      "vertices" : [ 11, 14, 16, 18, 12 ]
    }, {
      "vertices" : [ 1, 13, 17, 7, 2 ]
    }, {
      "vertices" : [ 9, 20, 18, 16, 10 ]
    }, {
      "vertices" : [ 0, 1, 2, 3, 4 ]
    }, {
      "vertices" : [ 5, 7, 17, 20, 9 ]
    }, {
      "vertices" : [ 0, 4, 15, 14, 11 ]
    }, {
      "vertices" : [ 8, 10, 16, 14, 15 ]
    } ]
  }, {
    "id" : "46363adc-4a27-4439-aa9d-f804b701ab48",
    "orbit" : "25543",
    "orbitC" : "[[1,0,5],[1,0,5]]",
    "length" : "[\"2\",\"3\",\"4\"]",
    "name" : " :1/2 +3/4*phi",
    "vertices" : [ {
      "x" : 6.2626166,
      "y" : -9.192027,
      "z" : -0.6418723
    }, {
      "x" : 6.3626165,
      "y" : -9.292027,
      "z" : -0.24187227
    }, {
      "x" : 0.5914855,
      "y" : -0.48611975,
      "z" : 0.1025276
    }, {
      "x" : 0.4914855,
      "y" : -0.38611972,
      "z" : -0.2974724
    }, {
      "x" : 6.6626163,
      "y" : -9.058694,
      "z" : -0.3752056
    }, {
      "x" : 6.5626163,
      "y" : -8.958694,
      "z" : -0.7752056
    }, {
      "x" : 0.19148551,
      "y" : -0.6194531,
      "z" : -0.16413906
    }, {
      "x" : 0.29148552,
      "y" : -0.7194531,
      "z" : 0.23586093
    } ],
    "faces" : [ {
      "vertices" : [ 2, 3, 6, 7 ]
    }, {
      "vertices" : [ 0, 5, 4, 1 ]
    }, {
      "vertices" : [ 2, 4, 5, 3 ]
    }, {
      "vertices" : [ 0, 6, 3, 5 ]
    }, {
      "vertices" : [ 0, 1, 7, 6 ]
    }, {
      "vertices" : [ 1, 4, 2, 7 ]
    } ]
  }, {
    "id" : "6e844864-d478-466b-a23b-e0735cf8abe9",
    "vertices" : [ {
      "x" : 0.0,
      "y" : 0.0,
      "z" : 0.0
    }, {
      "x" : 2.118034,
      "y" : 4.1330624,
      "z" : -3.6967232
    }, {
      "x" : 11.09017,
      "y" : -1.4120227,
      "z" : -7.932791
    }, {
      "x" : 3.427051,
      "y" : -4.8390737,
      "z" : -0.26967233
    } ],
    "faces" : [ {
      "vertices" : [ 0, 1, 2, 3 ]
    }, {
      "vertices" : [ 0, 3, 2, 1 ]
    } ]
  }, {
    "id" : "02954e77-0d73-45c8-a662-8e57c99a6e55",
    "vertices" : [ {
      "x" : 0.0,
      "y" : 0.0,
      "z" : 0.0
    }, {
      "x" : 1.4120227,
      "y" : -1.5786893,
      "z" : 5.545085
    }, {
      "x" : 4.236068,
      "y" : -8.972136,
      "z" : 5.545085
    }, {
      "x" : 4.236068,
      "y" : -11.09017,
      "z" : 0.0
    }, {
      "x" : 2.8240454,
      "y" : -9.51148,
      "z" : -5.545085
    }, {
      "x" : 0.0,
      "y" : -2.118034,
      "z" : -5.545085
    } ],
    "faces" : [ {
      "vertices" : [ 0, 1, 2, 3, 4, 5 ]
    }, {
      "vertices" : [ 0, 5, 4, 3, 2, 1 ]
    } ]
  }, {
    "id" : "237432f1-7af2-4971-9101-6b934864face",
    "vertices" : [ {
      "x" : 0.0,
      "y" : 0.0,
      "z" : 0.0
    }, {
      "x" : -1.4120227,
      "y" : 1.5786893,
      "z" : -5.545085
    }, {
      "x" : -4.236068,
      "y" : 8.972136,
      "z" : -5.545085
    }, {
      "x" : -4.236068,
      "y" : 11.09017,
      "z" : 0.0
    }, {
      "x" : -2.8240454,
      "y" : 9.51148,
      "z" : 5.545085
    }, {
      "x" : 0.0,
      "y" : 2.118034,
      "z" : 5.545085
    } ],
    "faces" : [ {
      "vertices" : [ 0, 1, 2, 3, 4, 5 ]
    }, {
      "vertices" : [ 0, 5, 4, 3, 2, 1 ]
    } ]
  }, {
    "id" : "9b56ad7a-7f13-44e6-9e58-50664868e7a8",
    "vertices" : [ {
      "x" : 0.0,
      "y" : 0.0,
      "z" : 0.0
    }, {
      "x" : -2.118034,
      "y" : 5.545085,
      "z" : 0.0
    }, {
      "x" : -2.118034,
      "y" : 7.663119,
      "z" : 5.545085
    }, {
      "x" : 2.118034,
      "y" : -1.309017,
      "z" : 11.09017
    } ],
    "faces" : [ {
      "vertices" : [ 0, 1, 2, 3 ]
    }, {
      "vertices" : [ 0, 3, 2, 1 ]
    } ]
  }, {
    "id" : "7474f418-7ea5-4c70-a026-40755f877740",
    "vertices" : [ {
      "x" : 0.0,
      "y" : 0.0,
      "z" : 0.0
    }, {
      "x" : 2.118034,
      "y" : -5.545085,
      "z" : 0.0
    }, {
      "x" : 2.118034,
      "y" : -7.663119,
      "z" : -5.545085
    }, {
      "x" : -2.118034,
      "y" : 1.309017,
      "z" : -11.09017
    } ],
    "faces" : [ {
      "vertices" : [ 0, 1, 2, 3 ]
    }, {
      "vertices" : [ 0, 3, 2, 1 ]
    } ]
  }, {
    "id" : "d73ad521-73d2-4509-87ea-f6388dab8d16",
    "vertices" : [ {
      "x" : 0.0,
      "y" : 0.0,
      "z" : 0.0
    }, {
      "x" : -2.118034,
      "y" : -4.1330624,
      "z" : 3.6967232
    }, {
      "x" : -11.09017,
      "y" : 1.4120227,
      "z" : 7.932791
    }, {
      "x" : -3.427051,
      "y" : 4.8390737,
      "z" : 0.26967233
    } ],
    "faces" : [ {
      "vertices" : [ 0, 1, 2, 3 ]
    }, {
      "vertices" : [ 0, 3, 2, 1 ]
    } ]
  }, {
    "id" : "b39ed7cf-b74f-485c-a003-d0d7aabdd69c",
    "vertices" : [ {
      "x" : 0.0,
      "y" : 0.0,
      "z" : 0.0
    }, {
      "x" : 2.3362036,
      "y" : 2.6377063,
      "z" : -3.1255481
    }, {
      "x" : 8.317628,
      "y" : -1.059017,
      "z" : -5.9495935
    }, {
      "x" : 3.2088814,
      "y" : -3.3437176,
      "z" : -0.8408475
    } ],
    "faces" : [ {
      "vertices" : [ 0, 1, 2, 3 ]
    }, {
      "vertices" : [ 0, 3, 2, 1 ]
    } ]
  }, {
    "id" : "f71f0c60-df79-4e9e-9b8a-837939642f67",
    "vertices" : [ {
      "x" : 0.0,
      "y" : 0.0,
      "z" : 0.0
    }, {
      "x" : -5.108746,
      "y" : -2.2847006,
      "z" : 5.108746
    }, {
      "x" : 0.872678,
      "y" : -5.981424,
      "z" : 2.2847006
    }, {
      "x" : 3.2088814,
      "y" : -3.3437176,
      "z" : -0.8408475
    } ],
    "faces" : [ {
      "vertices" : [ 0, 1, 2, 3 ]
    }, {
      "vertices" : [ 0, 3, 2, 1 ]
    } ]
  }, {
    "id" : "2929e5a1-579b-49b5-8839-98d3d9c98d09",
    "orbit" : "turquoise",
    "orbitC" : "[[2,-1,2],[-3,2,2]]",
    "length" : "[\"1\",\"1\",\"3\"]",
    "name" : " :1/3 +1/3*phi",
    "vertices" : [ {
      "x" : 1.236068,
      "y" : 0.54508495,
      "z" : 0.33688104
    }, {
      "x" : 1.236068,
      "y" : -0.072949015,
      "z" : 0.33688104
    }, {
      "x" : 6.1573787,
      "y" : 0.8669377,
      "z" : 0.917763
    }, {
      "x" : 6.1573787,
      "y" : 1.4849716,
      "z" : 0.917763
    }, {
      "x" : 7.3934464,
      "y" : 1.4120227,
      "z" : 0.872678
    }, {
      "x" : 0.295686,
      "y" : 0.056471,
      "z" : 0.034900997
    }, {
      "x" : 1.236068,
      "y" : 0.54508495,
      "z" : -0.045084972
    }, {
      "x" : 6.1573787,
      "y" : 0.8669377,
      "z" : 0.53579694
    }, {
      "x" : 1.236068,
      "y" : -0.072949015,
      "z" : -0.045084972
    }, {
      "x" : 6.1573787,
      "y" : 1.4849716,
      "z" : 0.53579694
    }, {
      "x" : 7.0977607,
      "y" : 1.3555516,
      "z" : 0.837777
    } ],
    "faces" : [ {
      "vertices" : [ 1, 8, 7, 2 ]
    }, {
      "vertices" : [ 0, 3, 9, 6 ]
    }, {
      "vertices" : [ 2, 7, 10 ]
    }, {
      "vertices" : [ 5, 6, 8 ]
    }, {
      "vertices" : [ 0, 1, 2, 3 ]
    }, {
      "vertices" : [ 0, 5, 1 ]
    }, {
      "vertices" : [ 3, 10, 9 ]
    }, {
      "vertices" : [ 7, 9, 10 ]
    }, {
      "vertices" : [ 0, 6, 5 ]
    }, {
      "vertices" : [ 6, 9, 7, 8 ]
    }, {
      "vertices" : [ 1, 5, 8 ]
    }, {
      "vertices" : [ 2, 10, 3 ]
    } ]
  }, {
    "id" : "f3014f7f-786f-40c4-a711-1c758df522b6",
    "vertices" : [ {
      "x" : 0.0,
      "y" : 0.0,
      "z" : 0.0
    }, {
      "x" : 1.4120227,
      "y" : -0.872678,
      "z" : 7.3934464
    }, {
      "x" : 4.236068,
      "y" : -6.854102,
      "z" : 11.09017
    }, {
      "x" : 2.8240454,
      "y" : -5.981424,
      "z" : 3.6967232
    } ],
    "faces" : [ {
      "vertices" : [ 0, 1, 2, 3 ]
    }, {
      "vertices" : [ 0, 3, 2, 1 ]
    } ]
  }, {
    "id" : "22959705-e405-41f2-a0e8-28bc6bba025d",
    "orbit" : "green",
    "orbitC" : "[[2,-1,1],[5,-3,1]]",
    "length" : "[\"0\",\"1\",\"2\"]",
    "name" : " :1/2*phi",
    "vertices" : [ {
      "x" : 8.663119,
      "y" : 3.309017,
      "z" : -1.263932
    }, {
      "x" : 8.281153,
      "y" : 2.854102,
      "z" : -1.072949
    }, {
      "x" : 8.118034,
      "y" : 3.118034,
      "z" : -1.5
    }, {
      "x" : 8.045085,
      "y" : 3.381966,
      "z" : -1.309017
    }, {
      "x" : 0.85410196,
      "y" : 0.309017,
      "z" : 0.19098301
    }, {
      "x" : 0.690983,
      "y" : 0.572949,
      "z" : -0.23606798
    }, {
      "x" : 0.309017,
      "y" : 0.11803399,
      "z" : -0.045084972
    }, {
      "x" : 0.76393205,
      "y" : 0.309017,
      "z" : -0.42705098
    }, {
      "x" : 0.927051,
      "y" : 0.045084972,
      "z" : 0.0
    }, {
      "x" : 8.208204,
      "y" : 3.118034,
      "z" : -0.881966
    }, {
      "x" : 8.972136,
      "y" : 3.427051,
      "z" : -1.309017
    } ],
    "faces" : [ {
      "vertices" : [ 2, 7, 5, 3 ]
    }, {
      "vertices" : [ 1, 8, 7, 2 ]
    }, {
      "vertices" : [ 4, 6, 8 ]
    }, {
      "vertices" : [ 5, 7, 6 ]
    }, {
      "vertices" : [ 0, 1, 2 ]
    }, {
      "vertices" : [ 0, 2, 3 ]
    }, {
      "vertices" : [ 6, 7, 8 ]
    }, {
      "vertices" : [ 3, 5, 4, 9 ]
    }, {
      "vertices" : [ 1, 9, 4, 8 ]
    }, {
      "vertices" : [ 0, 9, 1 ]
    }, {
      "vertices" : [ 0, 3, 9 ]
    }, {
      "vertices" : [ 4, 5, 6 ]
    } ]
  }, {
    "id" : "a9c0a363-20f2-4678-b5ac-6df526276f66",
    "orbit" : "25542",
    "orbitC" : "[[6,-3,5],[-7,5,5]]",
    "length" : "[\"1\",\"1\",\"2\"]",
    "name" : " :1/2 +1/2*phi",
    "vertices" : [ {
      "x" : 5.071139,
      "y" : 3.025332,
      "z" : 6.810032
    }, {
      "x" : 4.9711385,
      "y" : 3.425332,
      "z" : 6.710032
    }, {
      "x" : 0.4739463,
      "y" : 0.5047246,
      "z" : 0.31374237
    }, {
      "x" : 0.5739463,
      "y" : 0.10472462,
      "z" : 0.41374236
    }, {
      "x" : 5.2711387,
      "y" : 3.5586653,
      "z" : 6.4766984
    }, {
      "x" : 5.3711386,
      "y" : 3.1586654,
      "z" : 6.576699
    }, {
      "x" : 0.2739463,
      "y" : -0.028608711,
      "z" : 0.6470757
    }, {
      "x" : 0.17394629,
      "y" : 0.3713913,
      "z" : 0.5470757
    } ],
    "faces" : [ {
      "vertices" : [ 2, 3, 6, 7 ]
    }, {
      "vertices" : [ 0, 5, 4, 1 ]
    }, {
      "vertices" : [ 2, 4, 5, 3 ]
    }, {
      "vertices" : [ 0, 6, 3, 5 ]
    }, {
      "vertices" : [ 0, 1, 7, 6 ]
    }, {
      "vertices" : [ 1, 4, 2, 7 ]
    } ]
  }, {
    "id" : "52ddfcc8-9524-4603-9282-c29a0f4b54d4",
    "orbit" : "green",
    "orbitC" : "[[2,-1,1],[5,-3,1]]",
    "length" : "[\"0\",\"1\",\"3\"]",
    "name" : " :1/3*phi",
    "vertices" : [ {
      "x" : 5.672407,
      "y" : 2.1666667,
      "z" : -0.827593
    }, {
      "x" : 5.290441,
      "y" : 1.7117516,
      "z" : -0.63661003
    }, {
      "x" : 5.127322,
      "y" : 1.9756837,
      "z" : -1.063661
    }, {
      "x" : 5.054373,
      "y" : 2.2396157,
      "z" : -0.872678
    }, {
      "x" : 0.85410196,
      "y" : 0.309017,
      "z" : 0.19098301
    }, {
      "x" : 0.690983,
      "y" : 0.572949,
      "z" : -0.23606798
    }, {
      "x" : 0.309017,
      "y" : 0.11803399,
      "z" : -0.045084972
    }, {
      "x" : 0.76393205,
      "y" : 0.309017,
      "z" : -0.42705098
    }, {
      "x" : 0.927051,
      "y" : 0.045084972,
      "z" : 0.0
    }, {
      "x" : 5.217492,
      "y" : 1.9756837,
      "z" : -0.445627
    }, {
      "x" : 5.981424,
      "y" : 2.2847006,
      "z" : -0.872678
    } ],
    "faces" : [ {
      "vertices" : [ 2, 7, 5, 3 ]
    }, {
      "vertices" : [ 1, 8, 7, 2 ]
    }, {
      "vertices" : [ 4, 6, 8 ]
    }, {
      "vertices" : [ 5, 7, 6 ]
    }, {
      "vertices" : [ 0, 1, 2 ]
    }, {
      "vertices" : [ 0, 2, 3 ]
    }, {
      "vertices" : [ 6, 7, 8 ]
    }, {
      "vertices" : [ 3, 5, 4, 9 ]
    }, {
      "vertices" : [ 1, 9, 4, 8 ]
    }, {
      "vertices" : [ 0, 9, 1 ]
    }, {
      "vertices" : [ 0, 3, 9 ]
    }, {
      "vertices" : [ 4, 5, 6 ]
    } ]
  }, {
    "id" : "2d3cc6fd-133b-455a-9d97-92f07ba38e89",
    "vertices" : [ {
      "x" : 0.0,
      "y" : 0.0,
      "z" : 0.0
    }, {
      "x" : -2.554373,
      "y" : -1.1423503,
      "z" : 2.554373
    }, {
      "x" : -5.7632546,
      "y" : 2.2013674,
      "z" : 3.3952205
    }, {
      "x" : -3.427051,
      "y" : 4.8390737,
      "z" : 0.26967233
    }, {
      "x" : -0.436339,
      "y" : 2.990712,
      "z" : -1.1423503
    } ],
    "faces" : [ {
      "vertices" : [ 0, 1, 2, 3, 4 ]
    }, {
      "vertices" : [ 0, 4, 3, 2, 1 ]
    } ]
  }, {
    "id" : "dd620ab2-9b16-4e60-b6e7-f36563580239",
    "vertices" : [ {
      "x" : 0.0,
      "y" : 0.0,
      "z" : 0.0
    }, {
      "x" : -0.70601135,
      "y" : 2.554373,
      "z" : 1.8483616
    }, {
      "x" : 0.0,
      "y" : 2.118034,
      "z" : 5.545085
    }, {
      "x" : 1.4120227,
      "y" : -0.872678,
      "z" : 7.3934464
    }, {
      "x" : 2.118034,
      "y" : -3.427051,
      "z" : 5.545085
    }, {
      "x" : 1.4120227,
      "y" : -2.990712,
      "z" : 1.8483616
    } ],
    "faces" : [ {
      "vertices" : [ 0, 1, 2, 3, 4, 5 ]
    }, {
      "vertices" : [ 0, 5, 4, 3, 2, 1 ]
    } ]
  }, {
    "id" : "112cb9c4-94db-4c27-aeee-e75450b6b89f",
    "vertices" : [ {
      "x" : 0.0,
      "y" : 0.0,
      "z" : 0.0
    }, {
      "x" : 1.1423503,
      "y" : -0.436339,
      "z" : 2.990712
    }, {
      "x" : 1.5786893,
      "y" : -3.427051,
      "z" : 4.1330624
    }, {
      "x" : 0.872678,
      "y" : -5.981424,
      "z" : 2.2847006
    }, {
      "x" : -0.26967233,
      "y" : -5.545085,
      "z" : -0.70601135
    }, {
      "x" : -0.70601135,
      "y" : -2.554373,
      "z" : -1.8483616
    } ],
    "faces" : [ {
      "vertices" : [ 0, 1, 2, 3, 4, 5 ]
    }, {
      "vertices" : [ 0, 5, 4, 3, 2, 1 ]
    } ]
  }, {
    "id" : "f67d2021-8b21-4be6-ad5a-e5b9d75f4ab0",
    "vertices" : [ {
      "x" : 0.0,
      "y" : 0.0,
      "z" : 0.0
    }, {
      "x" : 0.436339,
      "y" : -2.990712,
      "z" : 1.1423503
    }, {
      "x" : 3.427051,
      "y" : -4.8390737,
      "z" : -0.26967233
    }, {
      "x" : 5.7632546,
      "y" : -2.2013674,
      "z" : -3.3952205
    }, {
      "x" : 2.554373,
      "y" : 1.1423503,
      "z" : -2.554373
    } ],
    "faces" : [ {
      "vertices" : [ 0, 1, 2, 3, 4 ]
    }, {
      "vertices" : [ 0, 4, 3, 2, 1 ]
    } ]
  }, {
    "id" : "171bc6d1-905a-4297-8631-6b5230684111",
    "vertices" : [ {
      "x" : 0.0,
      "y" : 0.0,
      "z" : 0.0
    }, {
      "x" : -0.70601135,
      "y" : -2.554373,
      "z" : -1.8483616
    }, {
      "x" : -1.8483616,
      "y" : -2.118034,
      "z" : -4.8390737
    }, {
      "x" : -2.2847006,
      "y" : 0.872678,
      "z" : -5.981424
    }, {
      "x" : -1.5786893,
      "y" : 3.427051,
      "z" : -4.1330624
    }, {
      "x" : -0.436339,
      "y" : 2.990712,
      "z" : -1.1423503
    } ],
    "faces" : [ {
      "vertices" : [ 0, 1, 2, 3, 4, 5 ]
    }, {
      "vertices" : [ 0, 5, 4, 3, 2, 1 ]
    } ]
  }, {
    "id" : "42c998ea-4a39-41cb-8b5c-4e55592d93be",
    "vertices" : [ {
      "x" : 0.0,
      "y" : 0.0,
      "z" : 0.0
    }, {
      "x" : 0.70601135,
      "y" : -2.554373,
      "z" : 1.8483616
    }, {
      "x" : 0.26967233,
      "y" : -5.545085,
      "z" : 0.70601135
    }, {
      "x" : -0.872678,
      "y" : -5.981424,
      "z" : -2.2847006
    }, {
      "x" : -1.5786893,
      "y" : -3.427051,
      "z" : -4.1330624
    }, {
      "x" : -1.1423503,
      "y" : -0.436339,
      "z" : -2.990712
    } ],
    "faces" : [ {
      "vertices" : [ 0, 1, 2, 3, 4, 5 ]
    }, {
      "vertices" : [ 0, 5, 4, 3, 2, 1 ]
    } ]
  }, {
    "id" : "1cb3a930-5a3f-4f4c-88ef-b8dafdaa6e6a",
    "vertices" : [ {
      "x" : 0.0,
      "y" : 0.0,
      "z" : 0.0
    }, {
      "x" : 0.436339,
      "y" : 2.990712,
      "z" : 1.1423503
    }, {
      "x" : 1.5786893,
      "y" : 3.427051,
      "z" : 4.1330624
    }, {
      "x" : 2.2847006,
      "y" : 0.872678,
      "z" : 5.981424
    }, {
      "x" : 1.8483616,
      "y" : -2.118034,
      "z" : 4.8390737
    }, {
      "x" : 0.70601135,
      "y" : -2.554373,
      "z" : 1.8483616
    } ],
    "faces" : [ {
      "vertices" : [ 0, 1, 2, 3, 4, 5 ]
    }, {
      "vertices" : [ 0, 5, 4, 3, 2, 1 ]
    } ]
  }, {
    "id" : "f709d540-ad67-4611-944b-56b6a4850cdb",
    "vertices" : [ {
      "x" : 0.0,
      "y" : 0.0,
      "z" : 0.0
    }, {
      "x" : -0.436339,
      "y" : 2.990712,
      "z" : -1.1423503
    }, {
      "x" : 0.26967233,
      "y" : 5.545085,
      "z" : 0.70601135
    }, {
      "x" : 1.4120227,
      "y" : 5.108746,
      "z" : 3.6967232
    }, {
      "x" : 1.8483616,
      "y" : 2.118034,
      "z" : 4.8390737
    }, {
      "x" : 1.1423503,
      "y" : -0.436339,
      "z" : 2.990712
    } ],
    "faces" : [ {
      "vertices" : [ 0, 1, 2, 3, 4, 5 ]
    }, {
      "vertices" : [ 0, 5, 4, 3, 2, 1 ]
    } ]
  }, {
    "id" : "3225280a-a6fd-412d-a6cc-19189fcf3667",
    "vertices" : [ {
      "x" : 0.0,
      "y" : 0.0,
      "z" : 0.0
    }, {
      "x" : -1.1423503,
      "y" : -0.436339,
      "z" : -2.990712
    }, {
      "x" : -1.8483616,
      "y" : 2.118034,
      "z" : -4.8390737
    }, {
      "x" : -1.4120227,
      "y" : 5.108746,
      "z" : -3.6967232
    }, {
      "x" : -0.26967233,
      "y" : 5.545085,
      "z" : -0.70601135
    }, {
      "x" : 0.436339,
      "y" : 2.990712,
      "z" : 1.1423503
    } ],
    "faces" : [ {
      "vertices" : [ 0, 1, 2, 3, 4, 5 ]
    }, {
      "vertices" : [ 0, 5, 4, 3, 2, 1 ]
    } ]
  }, {
    "id" : "9b92bc9c-9276-4e09-aa84-5cc60ec5b3a4",
    "orbit" : "blue",
    "orbitC" : "[[0,0,1],[0,0,1]]",
    "length" : "[\"1\",\"0\",\"1\"]",
    "name" : "b1",
    "vertices" : [ {
      "x" : 1.0,
      "y" : 0.309017,
      "z" : 0.19098301
    }, {
      "x" : 1.0,
      "y" : -0.309017,
      "z" : 0.19098301
    }, {
      "x" : 7.472136,
      "y" : -0.309017,
      "z" : 0.19098301
    }, {
      "x" : 7.472136,
      "y" : 0.309017,
      "z" : 0.19098301
    }, {
      "x" : 7.472136,
      "y" : -0.309017,
      "z" : -0.19098301
    }, {
      "x" : 7.472136,
      "y" : 0.309017,
      "z" : -0.19098301
    }, {
      "x" : 8.09017,
      "y" : 0.0,
      "z" : 0.0
    }, {
      "x" : 0.38196602,
      "y" : 0.0,
      "z" : 0.0
    }, {
      "x" : 1.0,
      "y" : 0.309017,
      "z" : -0.19098301
    }, {
      "x" : 1.0,
      "y" : -0.309017,
      "z" : -0.19098301
    }, {
      "x" : 8.472136,
      "y" : 0.0,
      "z" : 0.0
    } ],
    "faces" : [ {
      "vertices" : [ 1, 9, 4, 2 ]
    }, {
      "vertices" : [ 0, 3, 5, 8 ]
    }, {
      "vertices" : [ 1, 7, 9 ]
    }, {
      "vertices" : [ 0, 1, 2, 3 ]
    }, {
      "vertices" : [ 7, 8, 9 ]
    }, {
      "vertices" : [ 0, 7, 1 ]
    }, {
      "vertices" : [ 4, 9, 8, 5 ]
    }, {
      "vertices" : [ 2, 6, 3 ]
    }, {
      "vertices" : [ 2, 4, 6 ]
    }, {
      "vertices" : [ 3, 6, 5 ]
    }, {
      "vertices" : [ 4, 5, 6 ]
    }, {
      "vertices" : [ 0, 8, 7 ]
    } ]
  } ],
  "instances" : [ {
    "shape" : "5b9367db-d893-45b5-9970-d9d58d710c16",
    "color" : "#F0A000",
    "position" : {
      "x" : -6.854102,
      "y" : 6.854102,
      "z" : -6.854102
    },
    "orientation" : 24
  }, {
    "shape" : "143cba85-d994-427e-b2b8-16c49dbf098e",
    "color" : "#F2F2F2",
    "position" : {
      "x" : -4.5694013,
      "y" : -9.138803,
      "z" : 9.138803
    }
  }, {
    "shape" : "5b9367db-d893-45b5-9970-d9d58d710c16",
    "color" : "#F0A000",
    "position" : {
      "x" : -2.2847006,
      "y" : -11.423503,
      "z" : -2.2847006
    },
    "orientation" : 54
  }, {
    "shape" : "5b9367db-d893-45b5-9970-d9d58d710c16",
    "color" : "#F0A000",
    "position" : {
      "x" : -6.854102,
      "y" : -6.854102,
      "z" : -6.854102
    },
    "orientation" : 3
  }, {
    "shape" : "143cba85-d994-427e-b2b8-16c49dbf098e",
    "color" : "#F2F2F2",
    "position" : {
      "x" : 0.0,
      "y" : 0.0,
      "z" : -13.708204
    }
  }, {
    "shape" : "46363adc-4a27-4439-aa9d-f804b701ab48",
    "color" : "#FFFFFF",
    "position" : {
      "x" : -11.423503,
      "y" : -2.2847006,
      "z" : 2.2847006
    },
    "orientation" : 3
  }, {
    "shape" : "143cba85-d994-427e-b2b8-16c49dbf098e",
    "color" : "#F2F2F2",
    "position" : {
      "x" : -6.854102,
      "y" : 6.854102,
      "z" : -6.854102
    }
  }, {
    "shape" : "143cba85-d994-427e-b2b8-16c49dbf098e",
    "color" : "#F2F2F2",
    "position" : {
      "x" : 6.854102,
      "y" : 6.854102,
      "z" : -6.854102
    }
  }, {
    "shape" : "46363adc-4a27-4439-aa9d-f804b701ab48",
    "color" : "#FFFFFF",
    "position" : {
      "x" : 4.5694013,
      "y" : 9.138803,
      "z" : -9.138803
    },
    "orientation" : 19
  }, {
    "shape" : "143cba85-d994-427e-b2b8-16c49dbf098e",
    "color" : "#F2F2F2",
    "position" : {
      "x" : -13.708204,
      "y" : 0.0,
      "z" : 0.0
    }
  }, {
    "shape" : "46363adc-4a27-4439-aa9d-f804b701ab48",
    "color" : "#FFFFFF",
    "position" : {
      "x" : 2.2847006,
      "y" : -2.2847006,
      "z" : -11.423503
    },
    "orientation" : 19
  }, {
    "shape" : "46363adc-4a27-4439-aa9d-f804b701ab48",
    "color" : "#FFFFFF",
    "position" : {
      "x" : 9.138803,
      "y" : -9.138803,
      "z" : -4.5694013
    },
    "orientation" : 19
  }, {
    "shape" : "46363adc-4a27-4439-aa9d-f804b701ab48",
    "color" : "#FFFFFF",
    "position" : {
      "x" : -9.138803,
      "y" : -4.5694013,
      "z" : -9.138803
    },
    "orientation" : 35
  }, {
    "shape" : "6e844864-d478-466b-a23b-e0735cf8abe9",
    "color" : "#FFFFFF",
    "position" : {
      "x" : 2.2847006,
      "y" : -2.2847006,
      "z" : -11.423503
    },
    "orientation" : 35
  }, {
    "shape" : "143cba85-d994-427e-b2b8-16c49dbf098e",
    "color" : "#F2F2F2",
    "position" : {
      "x" : -3.427051,
      "y" : -3.427051,
      "z" : 10.281153
    }
  }, {
    "shape" : "02954e77-0d73-45c8-a662-8e57c99a6e55",
    "color" : "#7FC69A",
    "position" : {
      "x" : -3.427051,
      "y" : -3.427051,
      "z" : 10.281153
    },
    "orientation" : 38
  }, {
    "shape" : "143cba85-d994-427e-b2b8-16c49dbf098e",
    "color" : "#F2F2F2",
    "position" : {
      "x" : -3.427051,
      "y" : -3.427051,
      "z" : -10.281153
    }
  }, {
    "shape" : "237432f1-7af2-4971-9101-6b934864face",
    "color" : "#7FC69A",
    "position" : {
      "x" : 3.427051,
      "y" : 3.427051,
      "z" : -10.281153
    },
    "orientation" : 38
  }, {
    "shape" : "5b9367db-d893-45b5-9970-d9d58d710c16",
    "color" : "#F0A000",
    "position" : {
      "x" : -6.854102,
      "y" : 6.854102,
      "z" : 6.854102
    },
    "orientation" : 3
  }, {
    "shape" : "46363adc-4a27-4439-aa9d-f804b701ab48",
    "color" : "#FFFFFF",
    "position" : {
      "x" : 2.2847006,
      "y" : 11.423503,
      "z" : 2.2847006
    },
    "orientation" : 19
  }, {
    "shape" : "143cba85-d994-427e-b2b8-16c49dbf098e",
    "color" : "#F2F2F2",
    "position" : {
      "x" : -3.427051,
      "y" : 10.281153,
      "z" : 3.427051
    }
  }, {
    "shape" : "9b56ad7a-7f13-44e6-9e58-50664868e7a8",
    "color" : "#7FC69A",
    "position" : {
      "x" : 3.427051,
      "y" : 3.427051,
      "z" : 10.281153
    },
    "orientation" : 53
  }, {
    "shape" : "143cba85-d994-427e-b2b8-16c49dbf098e",
    "color" : "#F2F2F2",
    "position" : {
      "x" : 0.0,
      "y" : 13.708204,
      "z" : 0.0
    }
  }, {
    "shape" : "5b9367db-d893-45b5-9970-d9d58d710c16",
    "color" : "#F0A000",
    "position" : {
      "x" : 11.423503,
      "y" : 2.2847006,
      "z" : -2.2847006
    },
    "orientation" : 54
  }, {
    "shape" : "46363adc-4a27-4439-aa9d-f804b701ab48",
    "color" : "#FFFFFF",
    "position" : {
      "x" : 6.854102,
      "y" : -6.854102,
      "z" : 6.854102
    },
    "orientation" : 35
  }, {
    "shape" : "143cba85-d994-427e-b2b8-16c49dbf098e",
    "color" : "#F2F2F2",
    "position" : {
      "x" : 6.854102,
      "y" : -6.854102,
      "z" : -6.854102
    }
  }, {
    "shape" : "143cba85-d994-427e-b2b8-16c49dbf098e",
    "color" : "#F2F2F2",
    "position" : {
      "x" : -10.281153,
      "y" : 3.427051,
      "z" : 3.427051
    }
  }, {
    "shape" : "7474f418-7ea5-4c70-a026-40755f877740",
    "color" : "#7FC69A",
    "position" : {
      "x" : -10.281153,
      "y" : 3.427051,
      "z" : 3.427051
    },
    "orientation" : 51
  }, {
    "shape" : "143cba85-d994-427e-b2b8-16c49dbf098e",
    "color" : "#F2F2F2",
    "position" : {
      "x" : 9.138803,
      "y" : -9.138803,
      "z" : -4.5694013
    }
  }, {
    "shape" : "46363adc-4a27-4439-aa9d-f804b701ab48",
    "color" : "#FFFFFF",
    "position" : {
      "x" : 6.854102,
      "y" : -6.854102,
      "z" : 6.854102
    },
    "orientation" : 3
  }, {
    "shape" : "143cba85-d994-427e-b2b8-16c49dbf098e",
    "color" : "#F2F2F2",
    "position" : {
      "x" : 11.423503,
      "y" : 2.2847006,
      "z" : -2.2847006
    }
  }, {
    "shape" : "7474f418-7ea5-4c70-a026-40755f877740",
    "color" : "#7FC69A",
    "position" : {
      "x" : -3.427051,
      "y" : -3.427051,
      "z" : -10.281153
    },
    "orientation" : 53
  }, {
    "shape" : "143cba85-d994-427e-b2b8-16c49dbf098e",
    "color" : "#F2F2F2",
    "position" : {
      "x" : 3.427051,
      "y" : 10.281153,
      "z" : -3.427051
    }
  }, {
    "shape" : "143cba85-d994-427e-b2b8-16c49dbf098e",
    "color" : "#F2F2F2",
    "position" : {
      "x" : -6.854102,
      "y" : -6.854102,
      "z" : 6.854102
    }
  }, {
    "shape" : "46363adc-4a27-4439-aa9d-f804b701ab48",
    "color" : "#FFFFFF",
    "position" : {
      "x" : 2.2847006,
      "y" : -2.2847006,
      "z" : -11.423503
    },
    "orientation" : 35
  }, {
    "shape" : "5b9367db-d893-45b5-9970-d9d58d710c16",
    "color" : "#F0A000",
    "position" : {
      "x" : 6.854102,
      "y" : -6.854102,
      "z" : 6.854102
    },
    "orientation" : 4
  }, {
    "shape" : "46363adc-4a27-4439-aa9d-f804b701ab48",
    "color" : "#FFFFFF",
    "position" : {
      "x" : 6.854102,
      "y" : -6.854102,
      "z" : 6.854102
    },
    "orientation" : 19
  }, {
    "shape" : "143cba85-d994-427e-b2b8-16c49dbf098e",
    "color" : "#F2F2F2",
    "position" : {
      "x" : 0.0,
      "y" : -13.708204,
      "z" : 0.0
    }
  }, {
    "shape" : "46363adc-4a27-4439-aa9d-f804b701ab48",
    "color" : "#FFFFFF",
    "position" : {
      "x" : 9.138803,
      "y" : 4.5694013,
      "z" : 9.138803
    },
    "orientation" : 3
  }, {
    "shape" : "02954e77-0d73-45c8-a662-8e57c99a6e55",
    "color" : "#7FC69A",
    "position" : {
      "x" : 3.427051,
      "y" : -10.281153,
      "z" : -3.427051
    },
    "orientation" : 22
  }, {
    "shape" : "5b9367db-d893-45b5-9970-d9d58d710c16",
    "color" : "#F0A000",
    "position" : {
      "x" : -6.854102,
      "y" : 6.854102,
      "z" : -6.854102
    },
    "orientation" : 39
  }, {
    "shape" : "5b9367db-d893-45b5-9970-d9d58d710c16",
    "color" : "#F0A000",
    "position" : {
      "x" : 6.854102,
      "y" : 6.854102,
      "z" : -6.854102
    },
    "orientation" : 4
  }, {
    "shape" : "46363adc-4a27-4439-aa9d-f804b701ab48",
    "color" : "#FFFFFF",
    "position" : {
      "x" : 2.2847006,
      "y" : 11.423503,
      "z" : 2.2847006
    },
    "orientation" : 3
  }, {
    "shape" : "d73ad521-73d2-4509-87ea-f6388dab8d16",
    "color" : "#FFFFFF",
    "position" : {
      "x" : 11.423503,
      "y" : 2.2847006,
      "z" : -2.2847006
    },
    "orientation" : 3
  }, {
    "shape" : "46363adc-4a27-4439-aa9d-f804b701ab48",
    "color" : "#FFFFFF",
    "position" : {
      "x" : -4.5694013,
      "y" : -9.138803,
      "z" : 9.138803
    },
    "orientation" : 3
  }, {
    "shape" : "5b9367db-d893-45b5-9970-d9d58d710c16",
    "color" : "#F0A000",
    "position" : {
      "x" : -6.854102,
      "y" : -6.854102,
      "z" : -6.854102
    },
    "orientation" : 5
  }, {
    "shape" : "5b9367db-d893-45b5-9970-d9d58d710c16",
    "color" : "#F0A000",
    "position" : {
      "x" : 6.854102,
      "y" : -6.854102,
      "z" : -6.854102
    },
    "orientation" : 9
  }, {
    "shape" : "143cba85-d994-427e-b2b8-16c49dbf098e",
    "color" : "#F2F2F2",
    "position" : {
      "x" : 6.854102,
      "y" : -6.854102,
      "z" : 6.854102
    }
  }, {
    "shape" : "6e844864-d478-466b-a23b-e0735cf8abe9",
    "color" : "#FFFFFF",
    "position" : {
      "x" : 2.2847006,
      "y" : 11.423503,
      "z" : 2.2847006
    },
    "orientation" : 19
  }, {
    "shape" : "5b9367db-d893-45b5-9970-d9d58d710c16",
    "color" : "#F0A000",
    "position" : {
      "x" : -11.423503,
      "y" : -2.2847006,
      "z" : 2.2847006
    },
    "orientation" : 5
  }, {
    "shape" : "9b56ad7a-7f13-44e6-9e58-50664868e7a8",
    "color" : "#7FC69A",
    "position" : {
      "x" : 10.281153,
