{
  "polygons" : "true",
  "field" : "golden",
  "symmetry" : "icosahedral",
  "orientations" : [ [ 1.0, 0.0, 0.0, 0.0, 0.0, 1.0, 0.0, 0.0, 0.0, 0.0, 1.0, 0.0, 0.0, 0.0, 0.0, 1.0 ], [ 0.0, 0.0, 1.0, 0.0, 1.0, 0.0, 0.0, 0.0, 0.0, 1.0, 0.0, 0.0, 0.0, 0.0, 0.0, 1.0 ], [ 0.0, 1.0, 0.0, 0.0, 0.0, 0.0, 1.0, 0.0, 1.0, 0.0, 0.0, 0.0, 0.0, 0.0, 0.0, 1.0 ], [ 0.809017, 0.309017, 0.5, 0.0, 0.309017, 0.5, -0.809017, 0.0, -0.5, 0.809017, 0.309017, 0.0, 0.0, 0.0, 0.0, 1.0 ], [ -0.5, 0.809017, 0.309017, 0.0, 0.809017, 0.309017, 0.5, 0.0, 0.309017, 0.5, -0.809017, 0.0, 0.0, 0.0, 0.0, 1.0 ], [ 0.309017, 0.5, -0.809017, 0.0, -0.5, 0.809017, 0.309017, 0.0, 0.809017, 0.309017, 0.5, 0.0, 0.0, 0.0, 0.0, 1.0 ], [ 0.5, 0.809017, 0.309017, 0.0, 0.809017, -0.309017, -0.5, 0.0, -0.309017, 0.5, -0.809017, 0.0, 0.0, 0.0, 0.0, 1.0 ], [ -0.309017, 0.5, -0.809017, 0.0, 0.5, 0.809017, 0.309017, 0.0, 0.809017, -0.309017, -0.5, 0.0, 0.0, 0.0, 0.0, 1.0 ], [ 0.809017, -0.309017, -0.5, 0.0, -0.309017, 0.5, -0.809017, 0.0, 0.5, 0.809017, 0.309017, 0.0, 0.0, 0.0, 0.0, 1.0 ], [ 0.5, 0.809017, -0.309017, 0.0, 0.809017, -0.309017, 0.5, 0.0, 0.309017, -0.5, -0.809017, 0.0, 0.0, 0.0, 0.0, 1.0 ], [ 0.309017, -0.5, -0.809017, 0.0, 0.5, 0.809017, -0.309017, 0.0, 0.809017, -0.309017, 0.5, 0.0, 0.0, 0.0, 0.0, 1.0 ], [ 0.809017, -0.309017, 0.5, 0.0, 0.309017, -0.5, -0.809017, 0.0, 0.5, 0.809017, -0.309017, 0.0, 0.0, 0.0, 0.0, 1.0 ], [ 0.809017, 0.309017, -0.5, 0.0, 0.309017, 0.5, 0.809017, 0.0, 0.5, -0.809017, 0.309017, 0.0, 0.0, 0.0, 0.0, 1.0 ], [ 0.5, -0.809017, 0.309017, 0.0, 0.809017, 0.309017, -0.5, 0.0, 0.309017, 0.5, 0.809017, 0.0, 0.0, 0.0, 0.0, 1.0 ], [ 0.309017, 0.5, 0.809017, 0.0, 0.5, -0.809017, 0.309017, 0.0, 0.809017, 0.309017, -0.5, 0.0, 0.0, 0.0, 0.0, 1.0 ], [ 1.0, 0.0, 0.0, 0.0, 0.0, -1.0, 0.0, 0.0, 0.0, 0.0, -1.0, 0.0, 0.0, 0.0, 0.0, 1.0 ], [ 0.0, 0.0, 1.0, 0.0, -1.0, 0.0, 0.0, 0.0, 0.0, -1.0, 0.0, 0.0, 0.0, 0.0, 0.0, 1.0 ], [ 0.0, 1.0, 0.0, 0.0, 0.0, 0.0, -1.0, 0.0, -1.0, 0.0, 0.0, 0.0, 0.0, 0.0, 0.0, 1.0 ], [ 0.809017, 0.309017, 0.5, 0.0, -0.309017, -0.5, 0.809017, 0.0, 0.5, -0.809017, -0.309017, 0.0, 0.0, 0.0, 0.0, 1.0 ], [ -0.5, 0.809017, 0.309017, 0.0, -0.809017, -0.309017, -0.5, 0.0, -0.309017, -0.5, 0.809017, 0.0, 0.0, 0.0, 0.0, 1.0 ], [ 0.309017, 0.5, -0.809017, 0.0, 0.5, -0.809017, -0.309017, 0.0, -0.809017, -0.309017, -0.5, 0.0, 0.0, 0.0, 0.0, 1.0 ], [ 0.5, 0.809017, 0.309017, 0.0, -0.809017, 0.309017, 0.5, 0.0, 0.309017, -0.5, 0.809017, 0.0, 0.0, 0.0, 0.0, 1.0 ], [ -0.309017, 0.5, -0.809017, 0.0, -0.5, -0.809017, -0.309017, 0.0, -0.809017, 0.309017, 0.5, 0.0, 0.0, 0.0, 0.0, 1.0 ], [ 0.809017, -0.309017, -0.5, 0.0, 0.309017, -0.5, 0.809017, 0.0, -0.5, -0.809017, -0.309017, 0.0, 0.0, 0.0, 0.0, 1.0 ], [ 0.5, 0.809017, -0.309017, 0.0, -0.809017, 0.309017, -0.5, 0.0, -0.309017, 0.5, 0.809017, 0.0, 0.0, 0.0, 0.0, 1.0 ], [ 0.309017, -0.5, -0.809017, 0.0, -0.5, -0.809017, 0.309017, 0.0, -0.809017, 0.309017, -0.5, 0.0, 0.0, 0.0, 0.0, 1.0 ], [ 0.809017, -0.309017, 0.5, 0.0, -0.309017, 0.5, 0.809017, 0.0, -0.5, -0.809017, 0.309017, 0.0, 0.0, 0.0, 0.0, 1.0 ], [ 0.809017, 0.309017, -0.5, 0.0, -0.309017, -0.5, -0.809017, 0.0, -0.5, 0.809017, -0.309017, 0.0, 0.0, 0.0, 0.0, 1.0 ], [ 0.5, -0.809017, 0.309017, 0.0, -0.809017, -0.309017, 0.5, 0.0, -0.309017, -0.5, -0.809017, 0.0, 0.0, 0.0, 0.0, 1.0 ], [ 0.309017, 0.5, 0.809017, 0.0, -0.5, 0.809017, -0.309017, 0.0, -0.809017, -0.309017, 0.5, 0.0, 0.0, 0.0, 0.0, 1.0 ], [ -1.0, 0.0, 0.0, 0.0, 0.0, -1.0, 0.0, 0.0, 0.0, 0.0, 1.0, 0.0, 0.0, 0.0, 0.0, 1.0 ], [ 0.0, 0.0, -1.0, 0.0, -1.0, 0.0, 0.0, 0.0, 0.0, 1.0, 0.0, 0.0, 0.0, 0.0, 0.0, 1.0 ], [ 0.0, -1.0, 0.0, 0.0, 0.0, 0.0, -1.0, 0.0, 1.0, 0.0, 0.0, 0.0, 0.0, 0.0, 0.0, 1.0 ], [ -0.809017, -0.309017, -0.5, 0.0, -0.309017, -0.5, 0.809017, 0.0, -0.5, 0.809017, 0.309017, 0.0, 0.0, 0.0, 0.0, 1.0 ], [ 0.5, -0.809017, -0.309017, 0.0, -0.809017, -0.309017, -0.5, 0.0, 0.309017, 0.5, -0.809017, 0.0, 0.0, 0.0, 0.0, 1.0 ], [ -0.309017, -0.5, 0.809017, 0.0, 0.5, -0.809017, -0.309017, 0.0, 0.809017, 0.309017, 0.5, 0.0, 0.0, 0.0, 0.0, 1.0 ], [ -0.5, -0.809017, -0.309017, 0.0, -0.809017, 0.309017, 0.5, 0.0, -0.309017, 0.5, -0.809017, 0.0, 0.0, 0.0, 0.0, 1.0 ], [ 0.309017, -0.5, 0.809017, 0.0, -0.5, -0.809017, -0.309017, 0.0, 0.809017, -0.309017, -0.5, 0.0, 0.0, 0.0, 0.0, 1.0 ], [ -0.809017, 0.309017, 0.5, 0.0, 0.309017, -0.5, 0.809017, 0.0, 0.5, 0.809017, 0.309017, 0.0, 0.0, 0.0, 0.0, 1.0 ], [ -0.5, -0.809017, 0.309017, 0.0, -0.809017, 0.309017, -0.5, 0.0, 0.309017, -0.5, -0.809017, 0.0, 0.0, 0.0, 0.0, 1.0 ], [ -0.309017, 0.5, 0.809017, 0.0, -0.5, -0.809017, 0.309017, 0.0, 0.809017, -0.309017, 0.5, 0.0, 0.0, 0.0, 0.0, 1.0 ], [ -0.809017, 0.309017, -0.5, 0.0, -0.309017, 0.5, 0.809017, 0.0, 0.5, 0.809017, -0.309017, 0.0, 0.0, 0.0, 0.0, 1.0 ], [ -0.809017, -0.309017, 0.5, 0.0, -0.309017, -0.5, -0.809017, 0.0, 0.5, -0.809017, 0.309017, 0.0, 0.0, 0.0, 0.0, 1.0 ], [ -0.5, 0.809017, -0.309017, 0.0, -0.809017, -0.309017, 0.5, 0.0, 0.309017, 0.5, 0.809017, 0.0, 0.0, 0.0, 0.0, 1.0 ], [ -0.309017, -0.5, -0.809017, 0.0, -0.5, 0.809017, -0.309017, 0.0, 0.809017, 0.309017, -0.5, 0.0, 0.0, 0.0, 0.0, 1.0 ], [ -1.0, 0.0, 0.0, 0.0, 0.0, 1.0, 0.0, 0.0, 0.0, 0.0, -1.0, 0.0, 0.0, 0.0, 0.0, 1.0 ], [ 0.0, 0.0, -1.0, 0.0, 1.0, 0.0, 0.0, 0.0, 0.0, -1.0, 0.0, 0.0, 0.0, 0.0, 0.0, 1.0 ], [ 0.0, -1.0, 0.0, 0.0, 0.0, 0.0, 1.0, 0.0, -1.0, 0.0, 0.0, 0.0, 0.0, 0.0, 0.0, 1.0 ], [ -0.809017, -0.309017, -0.5, 0.0, 0.309017, 0.5, -0.809017, 0.0, 0.5, -0.809017, -0.309017, 0.0, 0.0, 0.0, 0.0, 1.0 ], [ 0.5, -0.809017, -0.309017, 0.0, 0.809017, 0.309017, 0.5, 0.0, -0.309017, -0.5, 0.809017, 0.0, 0.0, 0.0, 0.0, 1.0 ], [ -0.309017, -0.5, 0.809017, 0.0, -0.5, 0.809017, 0.309017, 0.0, -0.809017, -0.309017, -0.5, 0.0, 0.0, 0.0, 0.0, 1.0 ], [ -0.5, -0.809017, -0.309017, 0.0, 0.809017, -0.309017, -0.5, 0.0, 0.309017, -0.5, 0.809017, 0.0, 0.0, 0.0, 0.0, 1.0 ], [ 0.309017, -0.5, 0.809017, 0.0, 0.5, 0.809017, 0.309017, 0.0, -0.809017, 0.309017, 0.5, 0.0, 0.0, 0.0, 0.0, 1.0 ], [ -0.809017, 0.309017, 0.5, 0.0, -0.309017, 0.5, -0.809017, 0.0, -0.5, -0.809017, -0.309017, 0.0, 0.0, 0.0, 0.0, 1.0 ], [ -0.5, -0.809017, 0.309017, 0.0, 0.809017, -0.309017, 0.5, 0.0, -0.309017, 0.5, 0.809017, 0.0, 0.0, 0.0, 0.0, 1.0 ], [ -0.309017, 0.5, 0.809017, 0.0, 0.5, 0.809017, -0.309017, 0.0, -0.809017, 0.309017, -0.5, 0.0, 0.0, 0.0, 0.0, 1.0 ], [ -0.809017, 0.309017, -0.5, 0.0, 0.309017, -0.5, -0.809017, 0.0, -0.5, -0.809017, 0.309017, 0.0, 0.0, 0.0, 0.0, 1.0 ], [ -0.809017, -0.309017, 0.5, 0.0, 0.309017, 0.5, 0.809017, 0.0, -0.5, 0.809017, -0.309017, 0.0, 0.0, 0.0, 0.0, 1.0 ], [ -0.5, 0.809017, -0.309017, 0.0, 0.809017, 0.309017, -0.5, 0.0, -0.309017, -0.5, -0.809017, 0.0, 0.0, 0.0, 0.0, 1.0 ], [ -0.309017, -0.5, -0.809017, 0.0, 0.5, -0.809017, 0.309017, 0.0, -0.809017, -0.309017, 0.5, 0.0, 0.0, 0.0, 0.0, 1.0 ] ],
  "lights" : {
    "ambientColor" : "#292929",
    "backgroundColor" : "#CCCCCC",
    "directionalLights" : [ {
      "direction" : [ 1.0, -1.0, -1.0 ],
      "color" : "#EBEBE4"
    }, {
      "direction" : [ -1.0, 0.0, 0.0 ],
      "color" : "#E4E4EB"
    }, {
      "direction" : [ 0.0, 0.0, -1.0 ],
      "color" : "#1E1E1E"
    } ]
  },
  "camera" : {
    "lookDirection" : {
      "x" : 0.0,
      "y" : 0.0,
      "z" : -1.0
    },
    "upDirection" : {
      "x" : 0.0,
      "y" : 1.0,
      "z" : 0.0
    },
    "lookAtPoint" : {
      "x" : 0.0,
      "y" : 0.0,
      "z" : 0.0
    },
    "perspective" : true,
    "viewDistance" : 186.5836,
    "nearClipDistance" : 0.46645892,
    "farClipDistance" : 373.167,
    "fieldOfView" : 0.4426289,
    "width" : 83.96262,
    "stereo" : false,
    "position" : {
      "x" : 0.0,
      "y" : 0.0,
      "z" : 186.5836
    }
  },
  "embedding" : [ 1.0, 0.0, 0.0, 0.0, 0.0, 1.0, 0.0, 0.0, 0.0, 0.0, 1.0, 0.0, 0.0, 0.0, 0.0, 1.0 ],
  "shapes" : [ {
    "id" : "6546bbcd-6af4-4133-a873-580d6e1f1748",
    "name" : "ball",
    "vertices" : [ {
      "x" : 0.309017,
      "y" : -0.309017,
      "z" : -0.309017
    }, {
      "x" : 0.5,
      "y" : 0.0,
      "z" : -0.19098301
    }, {
      "x" : 0.5,
      "y" : 0.0,
      "z" : 0.19098301
    }, {
      "x" : 0.309017,
      "y" : -0.309017,
      "z" : 0.309017
    }, {
      "x" : 0.19098301,
      "y" : -0.5,
      "z" : 0.0
    }, {
      "x" : 0.0,
      "y" : 0.19098301,
      "z" : 0.5
    }, {
      "x" : 0.0,
      "y" : -0.19098301,
      "z" : 0.5
    }, {
      "x" : 0.309017,
      "y" : 0.309017,
      "z" : 0.309017
    }, {
      "x" : -0.309017,
      "y" : -0.309017,
      "z" : 0.309017
    }, {
      "x" : -0.309017,
      "y" : 0.309017,
      "z" : 0.309017
    }, {
      "x" : -0.5,
      "y" : 0.0,
      "z" : 0.19098301
    }, {
      "x" : 0.0,
      "y" : -0.19098301,
      "z" : -0.5
    }, {
      "x" : 0.0,
      "y" : 0.19098301,
      "z" : -0.5
    }, {
      "x" : 0.309017,
      "y" : 0.309017,
      "z" : -0.309017
    }, {
      "x" : -0.309017,
      "y" : -0.309017,
      "z" : -0.309017
    }, {
      "x" : -0.19098301,
      "y" : -0.5,
      "z" : 0.0
    }, {
      "x" : -0.5,
      "y" : 0.0,
      "z" : -0.19098301
    }, {
      "x" : 0.19098301,
      "y" : 0.5,
      "z" : 0.0
    }, {
      "x" : -0.309017,
      "y" : 0.309017,
      "z" : -0.309017
    }, {
      "x" : 0.0,
      "y" : 0.0,
      "z" : 0.0
    }, {
      "x" : -0.19098301,
      "y" : 0.5,
      "z" : 0.0
    } ],
    "faces" : [ {
      "vertices" : [ 12, 18, 20, 17, 13 ]
    }, {
      "vertices" : [ 3, 6, 8, 15, 4 ]
    }, {
      "vertices" : [ 0, 11, 12, 13, 1 ]
    }, {
      "vertices" : [ 5, 9, 10, 8, 6 ]
    }, {
      "vertices" : [ 2, 7, 5, 6, 3 ]
    }, {
      "vertices" : [ 11, 14, 16, 18, 12 ]
    }, {
      "vertices" : [ 1, 13, 17, 7, 2 ]
    }, {
      "vertices" : [ 9, 20, 18, 16, 10 ]
    }, {
      "vertices" : [ 0, 1, 2, 3, 4 ]
    }, {
      "vertices" : [ 5, 7, 17, 20, 9 ]
    }, {
      "vertices" : [ 0, 4, 15, 14, 11 ]
    }, {
      "vertices" : [ 8, 10, 16, 14, 15 ]
    } ]
  }, {
    "id" : "ed930b8d-79fd-4ee5-956a-a4bcd0dc8eb7",
    "vertices" : [ {
      "x" : 0.0,
      "y" : 0.0,
      "z" : 0.0
    }, {
      "x" : -0.32725424,
      "y" : 0.5295085,
      "z" : -0.85676277
    }, {
      "x" : -0.32725424,
      "y" : 20.591814,
      "z" : 11.542424
    }, {
      "x" : 0.0,
      "y" : 20.062305,
      "z" : 12.399187
    } ],
    "faces" : [ {
      "vertices" : [ 0, 1, 2, 3 ]
    }, {
      "vertices" : [ 0, 3, 2, 1 ]
    } ]
  }, {
    "id" : "d1c2fccb-cf34-4d52-b96d-2679ffa7a9e5",
    "orbit" : "blue",
    "name" : " :1/4*phi",
    "vertices" : [ {
      "x" : 1.0,
      "y" : 0.309017,
      "z" : 0.19098301
    }, {
      "x" : 1.0,
      "y" : -0.309017,
      "z" : 0.19098301
    }, {
      "x" : 2.427051,
      "y" : -0.309017,
      "z" : 0.19098301
    }, {
      "x" : 2.427051,
      "y" : 0.309017,
      "z" : 0.19098301
    }, {
      "x" : 2.427051,
      "y" : -0.309017,
      "z" : -0.19098301
    }, {
      "x" : 2.427051,
      "y" : 0.309017,
      "z" : -0.19098301
    }, {
      "x" : 3.045085,
      "y" : 0.0,
      "z" : 0.0
    }, {
      "x" : 0.38196602,
      "y" : 0.0,
      "z" : 0.0
    }, {
      "x" : 1.0,
      "y" : 0.309017,
      "z" : -0.19098301
    }, {
      "x" : 1.0,
      "y" : -0.309017,
      "z" : -0.19098301
    }, {
      "x" : 3.427051,
      "y" : 0.0,
      "z" : 0.0
    } ],
    "faces" : [ {
      "vertices" : [ 1, 9, 4, 2 ]
    }, {
      "vertices" : [ 0, 3, 5, 8 ]
    }, {
      "vertices" : [ 1, 7, 9 ]
    }, {
      "vertices" : [ 0, 1, 2, 3 ]
    }, {
      "vertices" : [ 7, 8, 9 ]
    }, {
      "vertices" : [ 0, 7, 1 ]
    }, {
      "vertices" : [ 4, 9, 8, 5 ]
    }, {
      "vertices" : [ 2, 6, 3 ]
    }, {
      "vertices" : [ 2, 4, 6 ]
    }, {
      "vertices" : [ 3, 6, 5 ]
    }, {
      "vertices" : [ 4, 5, 6 ]
    }, {
      "vertices" : [ 0, 8, 7 ]
    } ]
  }, {
    "id" : "54b383b9-bf1c-48fc-9873-af53b841ee7d",
    "vertices" : [ {
      "x" : 0.0,
      "y" : 0.0,
      "z" : 0.0
    }, {
      "x" : 0.0,
      "y" : 20.062305,
      "z" : 12.399187
    }, {
      "x" : 0.32725424,
      "y" : 19.532797,
      "z" : 13.25595
    }, {
      "x" : 0.32725424,
      "y" : -0.5295085,
      "z" : 0.85676277
    } ],
    "faces" : [ {
      "vertices" : [ 0, 1, 2, 3 ]
    }, {
      "vertices" : [ 0, 3, 2, 1 ]
    } ]
  }, {
    "id" : "835dade7-4e01-4ade-90d9-dae84fe3c54c",
    "orbit" : "red",
    "name" : " :2*phi",
    "vertices" : [ {
      "x" : 0.9045085,
      "y" : 0.3454915,
      "z" : 0.25
    }, {
      "x" : 21.466814,
      "y" : 13.053696,
      "z" : 0.25
    }, {
      "x" : 21.275831,
      "y" : 13.362713,
      "z" : 0.25
    }, {
      "x" : 0.7135255,
      "y" : 0.6545085,
      "z" : 0.25
    }, {
      "x" : 0.809017,
      "y" : 0.5,
      "z" : -0.309017
    }, {
      "x" : 0.9635255,
      "y" : 0.25,
      "z" : -0.095491506
    }, {
      "x" : 0.309017,
      "y" : 0.19098301,
      "z" : 0.0
    }, {
      "x" : 21.871323,
      "y" : 13.5172205,
      "z" : 0.0
    }, {
      "x" : 21.216814,
      "y" : 13.458204,
      "z" : -0.095491506
    }, {
      "x" : 21.371323,
      "y" : 13.208204,
      "z" : -0.309017
    }, {
      "x" : 22.18034,
      "y" : 13.708204,
      "z" : 0.0
    }, {
      "x" : 0.6545085,
      "y" : 0.75,
      "z" : -0.095491506
    }, {
      "x" : 21.525831,
      "y" : 12.958204,
      "z" : -0.095491506
    } ],
    "faces" : [ {
      "vertices" : [ 4, 11, 8, 9 ]
    }, {
      "vertices" : [ 0, 1, 2, 3 ]
    }, {
      "vertices" : [ 0, 3, 6 ]
    }, {
      "vertices" : [ 1, 7, 2 ]
    }, {
      "vertices" : [ 0, 6, 5 ]
    }, {
      "vertices" : [ 4, 5, 6 ]
    }, {
      "vertices" : [ 2, 7, 8 ]
    }, {
      "vertices" : [ 0, 5, 12, 1 ]
    }, {
      "vertices" : [ 1, 12, 7 ]
    }, {
      "vertices" : [ 3, 11, 6 ]
    }, {
      "vertices" : [ 4, 6, 11 ]
    }, {
      "vertices" : [ 7, 9, 8 ]
    }, {
      "vertices" : [ 2, 8, 11, 3 ]
    }, {
      "vertices" : [ 7, 12, 9 ]
    }, {
      "vertices" : [ 4, 9, 12, 5 ]
    } ]
  }, {
    "id" : "c6ba6317-5c91-45ef-a6e0-69017b7468d3",
    "vertices" : [ {
      "x" : 0.0,
      "y" : 0.0,
      "z" : 0.0
    }, {
      "x" : 0.0,
      "y" : -20.062305,
      "z" : -12.399187
    }, {
      "x" : -0.32725424,
      "y" : -19.532797,
      "z" : -13.25595
    }, {
      "x" : -0.32725424,
      "y" : 0.5295085,
      "z" : -0.85676277
    } ],
    "faces" : [ {
      "vertices" : [ 0, 1, 2, 3 ]
    }, {
      "vertices" : [ 0, 3, 2, 1 ]
    } ]
  }, {
    "id" : "261b7f97-2a12-46bb-b29f-c2c73f821fc9",
    "vertices" : [ {
      "x" : 0.0,
      "y" : 0.0,
      "z" : 0.0
    }, {
      "x" : -0.5295085,
      "y" : 0.85676277,
      "z" : 0.32725424
    }, {
      "x" : -0.85676277,
      "y" : 1.3862712,
      "z" : 1.184017
    }, {
      "x" : -0.85676277,
      "y" : 1.3862712,
      "z" : 2.243034
    }, {
      "x" : -0.5295085,
      "y" : 0.85676277,
      "z" : 3.0997968
    }, {
      "x" : 0.0,
      "y" : 0.0,
      "z" : 3.427051
    }, {
      "x" : 0.5295085,
      "y" : -0.85676277,
      "z" : 3.0997968
    }, {
      "x" : 0.85676277,
      "y" : -1.3862712,
      "z" : 2.243034
    }, {
      "x" : 0.85676277,
      "y" : -1.3862712,
      "z" : 1.184017
    }, {
      "x" : 0.5295085,
      "y" : -0.85676277,
      "z" : 0.32725424
    } ],
    "faces" : [ {
      "vertices" : [ 0, 1, 2, 3, 4, 5, 6, 7, 8, 9 ]
    }, {
      "vertices" : [ 0, 9, 8, 7, 6, 5, 4, 3, 2, 1 ]
    } ]
  }, {
    "id" : "416e5dd0-e3f4-49f3-900e-277d7e2bdcbd",
    "vertices" : [ {
      "x" : 0.0,
      "y" : 0.0,
      "z" : 0.0
    }, {
      "x" : -0.32725424,
      "y" : 0.5295085,
      "z" : -0.85676277
    }, {
      "x" : -0.85676277,
      "y" : 1.3862712,
      "z" : -1.184017
    }, {
      "x" : -1.3862712,
      "y" : 2.243034,
      "z" : -0.85676277
    }, {
      "x" : -1.7135255,
      "y" : 2.7725425,
      "z" : 0.0
    }, {
      "x" : -1.7135255,
      "y" : 2.7725425,
      "z" : 1.059017
    }, {
      "x" : -1.3862712,
      "y" : 2.243034,
      "z" : 1.9157797
    }, {
      "x" : -0.85676277,
      "y" : 1.3862712,
      "z" : 2.243034
    }, {
      "x" : -0.32725424,
      "y" : 0.5295085,
      "z" : 1.9157797
    }, {
      "x" : 0.0,
      "y" : 0.0,
      "z" : 1.059017
    } ],
    "faces" : [ {
      "vertices" : [ 0, 1, 2, 3, 4, 5, 6, 7, 8, 9 ]
    }, {
      "vertices" : [ 0, 9, 8, 7, 6, 5, 4, 3, 2, 1 ]
    } ]
  }, {
    "id" : "11554699-b13d-4b50-b5a6-e446f0a1a7f6",
    "vertices" : [ {
      "x" : 0.0,
      "y" : 0.0,
      "z" : 0.0
    }, {
      "x" : 0.32725424,
      "y" : -0.5295085,
      "z" : -0.85676277
    }, {
      "x" : 0.32725424,
      "y" : -0.5295085,
      "z" : -1.9157797
    }, {
      "x" : 0.0,
      "y" : 0.0,
      "z" : -2.7725425
    }, {
      "x" : -0.5295085,
      "y" : 0.85676277,
      "z" : -3.0997968
    }, {
      "x" : -1.059017,
      "y" : 1.7135255,
      "z" : -2.7725425
    }, {
      "x" : -1.3862712,
      "y" : 2.243034,
      "z" : -1.9157797
    }, {
      "x" : -1.3862712,
      "y" : 2.243034,
      "z" : -0.85676277
    }, {
      "x" : -1.059017,
      "y" : 1.7135255,
      "z" : 0.0
    }, {
      "x" : -0.5295085,
      "y" : 0.85676277,
      "z" : 0.32725424
    } ],
    "faces" : [ {
      "vertices" : [ 0, 1, 2, 3, 4, 5, 6, 7, 8, 9 ]
    }, {
      "vertices" : [ 0, 9, 8, 7, 6, 5, 4, 3, 2, 1 ]
    } ]
  }, {
    "id" : "ceecaac2-aa95-4d42-951f-9116a44d6bec",
    "vertices" : [ {
      "x" : 0.0,
      "y" : 0.0,
      "z" : 0.0
    }, {
      "x" : 0.5295085,
      "y" : -0.85676277,
      "z" : 0.32725424
    }, {
      "x" : 1.059017,
      "y" : -1.7135255,
      "z" : 0.0
    }, {
      "x" : 1.3862712,
      "y" : -2.243034,
      "z" : -0.85676277
    }, {
      "x" : 1.3862712,
      "y" : -2.243034,
      "z" : -1.9157797
    }, {
      "x" : 1.059017,
      "y" : -1.7135255,
      "z" : -2.7725425
    }, {
      "x" : 0.5295085,
      "y" : -0.85676277,
      "z" : -3.0997968
    }, {
      "x" : 0.0,
      "y" : 0.0,
      "z" : -2.7725425
    }, {
      "x" : -0.32725424,
      "y" : 0.5295085,
      "z" : -1.9157797
    }, {
      "x" : -0.32725424,
      "y" : 0.5295085,
      "z" : -0.85676277
    } ],
    "faces" : [ {
      "vertices" : [ 0, 1, 2, 3, 4, 5, 6, 7, 8, 9 ]
    }, {
      "vertices" : [ 0, 9, 8, 7, 6, 5, 4, 3, 2, 1 ]
    } ]
  }, {
    "id" : "9f1d05ec-a938-4ec8-bcc9-aa1046ba63c9",
    "vertices" : [ {
      "x" : 0.0,
      "y" : 0.0,
      "z" : 0.0
    }, {
      "x" : 0.0,
      "y" : 0.0,
      "z" : 1.059017
    }, {
      "x" : 0.32725424,
      "y" : -0.5295085,
      "z" : 1.9157797
    }, {
      "x" : 0.85676277,
      "y" : -1.3862712,
      "z" : 2.243034
    }, {
      "x" : 1.3862712,
      "y" : -2.243034,
      "z" : 1.9157797
    }, {
      "x" : 1.7135255,
      "y" : -2.7725425,
      "z" : 1.059017
    }, {
      "x" : 1.7135255,
      "y" : -2.7725425,
      "z" : 0.0
    }, {
      "x" : 1.3862712,
      "y" : -2.243034,
      "z" : -0.85676277
    }, {
      "x" : 0.85676277,
      "y" : -1.3862712,
      "z" : -1.184017
    }, {
      "x" : 0.32725424,
      "y" : -0.5295085,
      "z" : -0.85676277
    } ],
    "faces" : [ {
      "vertices" : [ 0, 1, 2, 3, 4, 5, 6, 7, 8, 9 ]
    }, {
      "vertices" : [ 0, 9, 8, 7, 6, 5, 4, 3, 2, 1 ]
    } ]
  }, {
    "id" : "3b3d3bb2-efa6-4901-b545-bba7b2aaa8e4",
    "vertices" : [ {
      "x" : 0.0,
      "y" : 0.0,
      "z" : 0.0
    }, {
      "x" : -0.5295085,
      "y" : 0.85676277,
      "z" : -1.3862712
    }, {
      "x" : -0.5295085,
      "y" : 20.91907,
      "z" : 11.012916
    }, {
      "x" : 0.0,
      "y" : 20.062305,
      "z" : 12.399187
    } ],
    "faces" : [ {
      "vertices" : [ 0, 1, 2, 3 ]
    }, {
      "vertices" : [ 0, 3, 2, 1 ]
    } ]
  }, {
    "id" : "9a23499a-8520-4722-9ee9-f56e11cc1e74",
    "vertices" : [ {
      "x" : 0.0,
      "y" : 0.0,
      "z" : 0.0
    }, {
      "x" : 0.3302284,
      "y" : -0.99068516,
      "z" : -0.3302284
    }, {
      "x" : 0.0,
      "y" : -2.9720554,
      "z" : -1.9813703
    }, {
      "x" : -2.641827,
      "y" : -2.9720554,
      "z" : -4.6231976
    }, {
      "x" : -4.292969,
      "y" : -0.99068516,
      "z" : -4.953426
    }, {
      "x" : -4.6231976,
      "y" : 0.0,
      "z" : -4.6231976
    }, {
      "x" : -4.292969,
      "y" : 1.9813703,
      "z" : -2.9720554
    }, {
      "x" : -1.6511419,
      "y" : 1.9813703,
      "z" : -0.3302284
    } ],
    "faces" : [ {
      "vertices" : [ 0, 1, 2, 3, 4, 5, 6, 7 ]
    }, {
      "vertices" : [ 0, 7, 6, 5, 4, 3, 2, 1 ]
    } ]
  }, {
    "id" : "e6c4e1c9-3d41-4600-b41e-2352be165092",
    "vertices" : [ {
      "x" : 0.0,
      "y" : 0.0,
      "z" : 0.0
    }, {
      "x" : 0.3302284,
      "y" : 1.6511419,
      "z" : -1.9813703
    }, {
      "x" : -19.318361,
      "y" : 21.29973,
      "z" : 11.117689
    }, {
      "x" : -19.648588,
      "y" : 19.648588,
      "z" : 13.099059
    } ],
    "faces" : [ {
      "vertices" : [ 0, 1, 2, 3 ]
    }, {
      "vertices" : [ 0, 3, 2, 1 ]
    } ]
  }, {
    "id" : "98a6f6a3-69f1-4437-b381-bc28fb6c7740",
    "vertices" : [ {
      "x" : 0.0,
      "y" : 0.0,
      "z" : 0.0
    }, {
      "x" : -5.298681,
      "y" : 10.11958,
      "z" : 28.51732
    }, {
      "x" : -4.7941365,
      "y" : 6.661383,
      "z" : 29.838234
    }, {
      "x" : 0.5045441,
      "y" : -3.4581966,
      "z" : 1.3209136
    } ],
    "faces" : [ {
      "vertices" : [ 0, 1, 2, 3 ]
    }, {
      "vertices" : [ 0, 3, 2, 1 ]
    } ]
  }, {
    "id" : "51f80272-dc84-436e-8f8d-cab08036a55f",
    "vertices" : [ {
      "x" : 0.0,
      "y" : 0.0,
      "z" : 0.0
    }, {
      "x" : -0.3302284,
      "y" : 0.99068516,
      "z" : 0.3302284
    }, {
      "x" : -1.9813703,
      "y" : 2.9720554,
      "z" : 0.0
    }, {
      "x" : -4.6231976,
      "y" : 2.9720554,
      "z" : -2.641827
    }, {
      "x" : -4.953426,
      "y" : 0.99068516,
      "z" : -4.292969
    }, {
      "x" : -4.6231976,
      "y" : 0.0,
      "z" : -4.6231976
    }, {
      "x" : -2.9720554,
      "y" : -1.9813703,
      "z" : -4.292969
    }, {
      "x" : -0.3302284,
      "y" : -1.9813703,
      "z" : -1.6511419
    } ],
    "faces" : [ {
      "vertices" : [ 0, 1, 2, 3, 4, 5, 6, 7 ]
    }, {
      "vertices" : [ 0, 7, 6, 5, 4, 3, 2, 1 ]
    } ]
  }, {
    "id" : "6013e274-d742-4be6-8bba-9e00aa3f5159",
    "vertices" : [ {
      "x" : 0.0,
      "y" : 0.0,
      "z" : 0.0
    }, {
      "x" : 19.648588,
      "y" : 13.099059,
      "z" : -19.648588
    }, {
      "x" : 19.978817,
      "y" : 15.08043,
      "z" : -17.997446
    }, {
      "x" : 0.3302284,
      "y" : 1.9813703,
      "z" : 1.6511419
    } ],
    "faces" : [ {
      "vertices" : [ 0, 1, 2, 3 ]
    }, {
      "vertices" : [ 0, 3, 2, 1 ]
    } ]
  }, {
    "id" : "7af2cab9-c6b2-46ed-9941-3b0e625fc9b6",
    "orbit" : "16",
    "name" : "short",
    "vertices" : [ {
      "x" : 4.5200925,
      "y" : -3.6596358,
      "z" : 1.0240185
    }, {
      "x" : 4.6200924,
      "y" : -3.7596357,
      "z" : 0.6240185
    }, {
      "x" : 0.43333334,
      "y" : -0.6333333,
      "z" : -0.033333335
    }, {
      "x" : 0.33333334,
      "y" : -0.53333336,
      "z" : 0.36666667
    }, {
      "x" : 4.3867593,
      "y" : -4.0596356,
      "z" : 0.7573518
    }, {
      "x" : 4.286759,
      "y" : -3.9596357,
      "z" : 1.1573519
    }, {
      "x" : 0.56666666,
      "y" : -0.23333333,
      "z" : 0.23333333
    }, {
      "x" : 0.6666667,
      "y" : -0.33333334,
      "z" : -0.16666667
    } ],
    "faces" : [ {
      "vertices" : [ 2, 3, 6, 7 ]
    }, {
      "vertices" : [ 0, 5, 4, 1 ]
    }, {
      "vertices" : [ 2, 4, 5, 3 ]
    }, {
      "vertices" : [ 0, 6, 3, 5 ]
    }, {
      "vertices" : [ 0, 1, 7, 6 ]
    }, {
      "vertices" : [ 1, 4, 2, 7 ]
    } ]
  }, {
    "id" : "f95935b5-0326-4425-82dc-307d5d65dd8b",
    "vertices" : [ {
      "x" : 0.0,
      "y" : 0.0,
      "z" : 0.0
    }, {
      "x" : 0.20409237,
      "y" : -0.12613602,
      "z" : 1.0686415
    }, {
      "x" : 10.323672,
      "y" : -28.643456,
      "z" : -4.230039
    }, {
      "x" : 10.11958,
      "y" : -28.51732,
      "z" : -5.298681
    } ],
    "faces" : [ {
      "vertices" : [ 0, 1, 2, 3 ]
    }, {
      "vertices" : [ 0, 3, 2, 1 ]
    } ]
  }, {
    "id" : "27ced144-7e43-4d6d-a140-84f30b8b05a0",
    "vertices" : [ {
      "x" : 0.0,
      "y" : 0.0,
      "z" : 0.0
    }, {
      "x" : -0.20409237,
      "y" : 0.12613602,
      "z" : -1.0686415
    }, {
      "x" : -10.323672,
      "y" : 28.643456,
      "z" : 4.230039
    }, {
      "x" : -10.11958,
      "y" : 28.51732,
      "z" : 5.298681
    } ],
    "faces" : [ {
      "vertices" : [ 0, 1, 2, 3 ]
    }, {
      "vertices" : [ 0, 3, 2, 1 ]
    } ]
  }, {
    "id" : "b03292d5-9e2b-495a-8dd1-12acd11dc8fb",
    "vertices" : [ {
      "x" : 0.0,
      "y" : 0.0,
      "z" : 0.0
    }, {
      "x" : 2.023916,
      "y" : -15.418261,
      "z" : -26.493404
    }, {
      "x" : 1.6157312,
      "y" : -14.553712,
      "z" : -27.027725
    }, {
      "x" : -0.40818474,
      "y" : 0.86454916,
      "z" : -0.5343208
    } ],
    "faces" : [ {
      "vertices" : [ 0, 1, 2, 3 ]
    }, {
      "vertices" : [ 0, 3, 2, 1 ]
    } ]
  }, {
    "id" : "55011e79-eed8-42c7-9763-f070ef7964be",
    "orbit" : "15",
    "name" : "short",
    "vertices" : [ {
      "x" : 4.5200925,
      "y" : -1.0240185,
      "z" : -3.6596358
    }, {
      "x" : 4.6200924,
      "y" : -0.6240185,
      "z" : -3.7596357
    }, {
      "x" : 0.43333334,
      "y" : 0.033333335,
      "z" : -0.6333333
    }, {
      "x" : 0.33333334,
      "y" : -0.36666667,
      "z" : -0.53333336
    }, {
      "x" : 4.3867593,
      "y" : -0.7573518,
      "z" : -4.0596356
    }, {
      "x" : 4.286759,
      "y" : -1.1573519,
      "z" : -3.9596357
    }, {
      "x" : 0.56666666,
      "y" : -0.23333333,
      "z" : -0.23333333
    }, {
      "x" : 0.6666667,
      "y" : 0.16666667,
      "z" : -0.33333334
    } ],
    "faces" : [ {
      "vertices" : [ 2, 3, 6, 7 ]
    }, {
      "vertices" : [ 0, 5, 4, 1 ]
    }, {
      "vertices" : [ 2, 4, 5, 3 ]
    }, {
      "vertices" : [ 0, 6, 3, 5 ]
    }, {
      "vertices" : [ 0, 1, 7, 6 ]
    }, {
      "vertices" : [ 1, 4, 2, 7 ]
    } ]
  }, {
    "id" : "76bb0c75-817b-411c-9c6f-7847bf73af60",
    "vertices" : [ {
      "x" : 0.0,
      "y" : 0.0,
      "z" : 0.0
    }, {
      "x" : 19.648588,
      "y" : -19.648588,
      "z" : -13.099059
    }, {
      "x" : 19.978817,
      "y" : -17.997446,
      "z" : -15.08043
    }, {
      "x" : 0.3302284,
      "y" : 1.6511419,
      "z" : -1.9813703
    } ],
    "faces" : [ {
      "vertices" : [ 0, 1, 2, 3 ]
    }, {
      "vertices" : [ 0, 3, 2, 1 ]
    } ]
  }, {
    "id" : "3b61eac6-dc79-40f6-b481-21f80d44d290",
    "vertices" : [ {
      "x" : 0.0,
      "y" : 0.0,
      "z" : 0.0
    }, {
      "x" : -2.023916,
      "y" : 15.418261,
      "z" : 26.493404
    }, {
      "x" : -1.6157312,
      "y" : 14.553712,
      "z" : 27.027725
    }, {
      "x" : 0.40818474,
      "y" : -0.86454916,
      "z" : 0.5343208
    } ],
    "faces" : [ {
      "vertices" : [ 0, 1, 2, 3 ]
    }, {
      "vertices" : [ 0, 3, 2, 1 ]
    } ]
  }, {
    "id" : "1aa8c7e4-d3ba-467d-b277-accad73e155d",
    "vertices" : [ {
      "x" : 0.0,
      "y" : 0.0,
      "z" : 0.0
    }, {
      "x" : 5.298681,
      "y" : -10.11958,
      "z" : -28.51732
    }, {
      "x" : 5.803225,
      "y" : -13.577776,
      "z" : -27.196405
    }, {
      "x" : 0.5045441,
      "y" : -3.4581966,
      "z" : 1.3209136
    } ],
    "faces" : [ {
      "vertices" : [ 0, 1, 2, 3 ]
    }, {
      "vertices" : [ 0, 3, 2, 1 ]
    } ]
  }, {
    "id" : "bd78ee42-08e6-4419-a468-58ccf3636685",
    "vertices" : [ {
      "x" : 0.0,
      "y" : 0.0,
      "z" : 0.0
    }, {
      "x" : 0.3302284,
      "y" : 1.9813703,
      "z" : 1.6511419
    }, {
      "x" : -19.318361,
      "y" : -11.117689,
      "z" : 21.29973
    }, {
      "x" : -19.648588,
      "y" : -13.099059,
      "z" : 19.648588
    } ],
    "faces" : [ {
      "vertices" : [ 0, 1, 2, 3 ]
    }, {
      "vertices" : [ 0, 3, 2, 1 ]
    } ]
  }, {
    "id" : "7e5faedd-2152-48ea-9d30-0f148ea88eca",
    "orbit" : "green",
    "name" : " :1/8 +1/8*phi",
    "vertices" : [ {
      "x" : 3.3202882,
      "y" : 1.2682372,
      "z" : -0.48442352
    }, {
      "x" : 2.9383223,
      "y" : 0.81332225,
      "z" : -0.29344052
    }, {
      "x" : 2.7752032,
      "y" : 1.0772543,
      "z" : -0.7204915
    }, {
      "x" : 2.7022543,
      "y" : 1.3411863,
      "z" : -0.5295085
    }, {
      "x" : 0.85410196,
      "y" : 0.309017,
      "z" : 0.19098301
    }, {
      "x" : 0.690983,
      "y" : 0.572949,
      "z" : -0.23606798
    }, {
      "x" : 0.309017,
      "y" : 0.11803399,
      "z" : -0.045084972
    }, {
      "x" : 0.76393205,
      "y" : 0.309017,
      "z" : -0.42705098
    }, {
      "x" : 0.927051,
      "y" : 0.045084972,
      "z" : 0.0
    }, {
      "x" : 2.8653731,
      "y" : 1.0772543,
      "z" : -0.102457516
    }, {
      "x" : 3.6293051,
      "y" : 1.3862712,
      "z" : -0.5295085
    } ],
    "faces" : [ {
      "vertices" : [ 2, 7, 5, 3 ]
    }, {
      "vertices" : [ 1, 8, 7, 2 ]
    }, {
      "vertices" : [ 4, 6, 8 ]
    }, {
      "vertices" : [ 5, 7, 6 ]
    }, {
      "vertices" : [ 0, 1, 2 ]
    }, {
      "vertices" : [ 0, 2, 3 ]
    }, {
      "vertices" : [ 6, 7, 8 ]
    }, {
      "vertices" : [ 3, 5, 4, 9 ]
    }, {
      "vertices" : [ 1, 9, 4, 8 ]
    }, {
      "vertices" : [ 0, 9, 1 ]
    }, {
      "vertices" : [ 0, 3, 9 ]
    }, {
      "vertices" : [ 4, 5, 6 ]
    } ]
  }, {
    "id" : "9c093c5a-1d2b-49ba-8070-875b2ac32c11",
    "vertices" : [ {
      "x" : 0.0,
      "y" : 0.0,
      "z" : 0.0
    }, {
      "x" : 2.7725425,
      "y" : -2.7725425,
      "z" : 0.0
    }, {
      "x" : 19.407797,
      "y" : 13.862713,
      "z" : -16.635256
    }, {
      "x" : 16.635256,
      "y" : 16.635256,
      "z" : -16.635256
    } ],
    "faces" : [ {
      "vertices" : [ 0, 1, 2, 3 ]
    }, {
      "vertices" : [ 0, 3, 2, 1 ]
    } ]
  }, {
    "id" : "044fb5ab-8c91-4a49-99ff-3411bed31dc6",
    "orbit" : "green",
    "name" : " :1/4 +1/4*phi",
    "vertices" : [ {
      "x" : 6.9495935,
      "y" : 2.6545086,
      "z" : -1.013932
    }, {
      "x" : 6.5676274,
      "y" : 2.1995935,
      "z" : -0.822949
    }, {
      "x" : 6.4045086,
      "y" : 2.4635255,
      "z" : -1.25
    }, {
      "x" : 6.3315597,
      "y" : 2.7274575,
      "z" : -1.059017
    }, {
      "x" : 0.85410196,
      "y" : 0.309017,
      "z" : 0.19098301
    }, {
      "x" : 0.690983,
      "y" : 0.572949,
      "z" : -0.23606798
    }, {
      "x" : 0.309017,
      "y" : 0.11803399,
      "z" : -0.045084972
    }, {
      "x" : 0.76393205,
      "y" : 0.309017,
      "z" : -0.42705098
    }, {
      "x" : 0.927051,
      "y" : 0.045084972,
      "z" : 0.0
    }, {
      "x" : 6.4946785,
      "y" : 2.4635255,
      "z" : -0.631966
    }, {
      "x" : 7.2586102,
      "y" : 2.7725425,
      "z" : -1.059017
    } ],
    "faces" : [ {
      "vertices" : [ 2, 7, 5, 3 ]
    }, {
      "vertices" : [ 1, 8, 7, 2 ]
    }, {
      "vertices" : [ 4, 6, 8 ]
    }, {
      "vertices" : [ 5, 7, 6 ]
    }, {
      "vertices" : [ 0, 1, 2 ]
    }, {
      "vertices" : [ 0, 2, 3 ]
    }, {
      "vertices" : [ 6, 7, 8 ]
    }, {
      "vertices" : [ 3, 5, 4, 9 ]
    }, {
      "vertices" : [ 1, 9, 4, 8 ]
    }, {
      "vertices" : [ 0, 9, 1 ]
    }, {
      "vertices" : [ 0, 3, 9 ]
    }, {
      "vertices" : [ 4, 5, 6 ]
    } ]
  }, {
    "id" : "5917e5ce-4765-4f2d-9f73-2ae5eb7d5e5e",
    "vertices" : [ {
      "x" : 0.0,
      "y" : 0.0,
      "z" : 0.0
    }, {
      "x" : 0.5295085,
      "y" : 3.6293051,
      "z" : 1.3862712
    }, {
      "x" : 1.9157797,
      "y" : 4.158814,
      "z" : 5.0155764
    }, {
      "x" : 2.7725425,
      "y" : 1.059017,
      "z" : 7.2586102
    }, {
      "x" : 2.243034,
      "y" : -2.5702882,
      "z" : 5.8723392
    }, {
      "x" : 0.85676277,
      "y" : -3.0997968,
      "z" : 2.243034
    } ],
    "faces" : [ {
      "vertices" : [ 0, 1, 2, 3, 4, 5 ]
    }, {
      "vertices" : [ 0, 5, 4, 3, 2, 1 ]
    } ]
  }, {
    "id" : "14c7a678-bd6d-4951-92e8-715c166f930d",
    "vertices" : [ {
      "x" : 0.0,
      "y" : 0.0,
      "z" : 0.0
    }, {
      "x" : -1.3862712,
      "y" : -0.5295085,
      "z" : -3.6293051
    }, {
      "x" : -2.243034,
      "y" : 2.5702882,
      "z" : -5.8723392
    }, {
      "x" : -1.7135255,
      "y" : 6.1995935,
      "z" : -4.486068
    }, {
      "x" : -0.32725424,
      "y" : 6.729102,
      "z" : -0.85676277
    }, {
      "x" : 0.5295085,
      "y" : 3.6293051,
      "z" : 1.3862712
    } ],
    "faces" : [ {
      "vertices" : [ 0, 1, 2, 3, 4, 5 ]
    }, {
      "vertices" : [ 0, 5, 4, 3, 2, 1 ]
    } ]
  }, {
    "id" : "550c6137-45b9-4871-8e9d-ab43e903b1d0",
    "vertices" : [ {
      "x" : 0.0,
      "y" : 0.0,
      "z" : 0.0
    }, {
      "x" : -2.7725425,
      "y" : 2.7725425,
      "z" : 0.0
    }, {
      "x" : 13.862713,
      "y" : 19.407797,
      "z" : -16.635256
    }, {
      "x" : 16.635256,
      "y" : 16.635256,
      "z" : -16.635256
    } ],
    "faces" : [ {
      "vertices" : [ 0, 1, 2, 3 ]
    }, {
      "vertices" : [ 0, 3, 2, 1 ]
    } ]
  }, {
    "id" : "ba7c1487-3ade-47f5-9698-c73b6787d33c",
    "orbit" : "yellow",
    "name" : " :3/2 +3/2*phi",
    "vertices" : [ {
      "x" : 26.916409,
      "y" : 0.0,
      "z" : -10.281153
    }, {
      "x" : 26.607391,
      "y" : 0.0,
      "z" : -10.163119
    }, {
      "x" : 26.202883,
      "y" : -0.1545085,
      "z" : -9.722136
    }, {
      "x" : 26.0119,
      "y" : -0.1545085,
      "z" : -10.222136
    }, {
      "x" : 0.9045085,
      "y" : -0.1545085,
      "z" : -0.059016995
    }, {
      "x" : 0.809017,
      "y" : 0.309017,
      "z" : -0.309017
    }, {
      "x" : 0.309017,
      "y" : 0.0,
      "z" : -0.11803399
    }, {
      "x" : 26.107391,
      "y" : 0.309017,
      "z" : -9.972136
    }, {
      "x" : 0.7135255,
      "y" : -0.1545085,
      "z" : -0.559017
    } ],
    "faces" : [ {
      "vertices" : [ 2, 4, 8, 3 ]
    }, {
      "vertices" : [ 2, 7, 5, 4 ]
    }, {
      "vertices" : [ 4, 6, 8 ]
    }, {
      "vertices" : [ 5, 8, 6 ]
    }, {
      "vertices" : [ 1, 2, 3 ]
    }, {
      "vertices" : [ 3, 8, 5, 7 ]
    }, {
      "vertices" : [ 1, 7, 2 ]
    }, {
      "vertices" : [ 1, 3, 7 ]
    }, {
      "vertices" : [ 4, 5, 6 ]
    } ]
  }, {
    "id" : "0ba24569-4077-4b1b-b5b7-bfdfac73588f",
    "vertices" : [ {
      "x" : 0.0,
      "y" : 0.0,
      "z" : 0.0
    }, {
      "x" : -2.7725425,
      "y" : 2.7725425,
      "z" : 0.0
    }, {
      "x" : -19.407797,
      "y" : -13.862713,
      "z" : 16.635256
    }, {
      "x" : -16.635256,
      "y" : -16.635256,
      "z" : 16.635256
    } ],
    "faces" : [ {
      "vertices" : [ 0, 1, 2, 3 ]
    }, {
      "vertices" : [ 0, 3, 2, 1 ]
    } ]
  }, {
    "id" : "d6f23009-2954-4239-9da4-ea9daf627eb7",
    "vertices" : [ {
      "x" : 0.0,
      "y" : 0.0,
      "z" : 0.0
    }, {
      "x" : 2.7725425,
      "y" : -2.7725425,
      "z" : 0.0
    }, {
      "x" : -13.862713,
      "y" : -19.407797,
      "z" : 16.635256
    }, {
      "x" : -16.635256,
      "y" : -16.635256,
      "z" : 16.635256
    } ],
    "faces" : [ {
      "vertices" : [ 0, 1, 2, 3 ]
    }, {
      "vertices" : [ 0, 3, 2, 1 ]
    } ]
  }, {
    "id" : "f0e5149c-0545-4659-ad2e-5571c70ca377",
    "vertices" : [ {
      "x" : 0.0,
      "y" : 0.0,
      "z" : 0.0
    }, {
      "x" : 1.3862712,
      "y" : -0.5295085,
      "z" : 3.6293051
    }, {
      "x" : 1.9157797,
      "y" : -4.158814,
      "z" : 5.0155764
    }, {
      "x" : 1.059017,
      "y" : -7.2586102,
      "z" : 2.7725425
    }, {
      "x" : -0.32725424,
      "y" : -6.729102,
      "z" : -0.85676277
    }, {
      "x" : -0.85676277,
      "y" : -3.0997968,
      "z" : -2.243034
    } ],
    "faces" : [ {
      "vertices" : [ 0, 1, 2, 3, 4, 5 ]
    }, {
      "vertices" : [ 0, 5, 4, 3, 2, 1 ]
    } ]
  }, {
    "id" : "0e25d2d7-393d-4b64-ba0f-133aa0456632",
    "vertices" : [ {
      "x" : 0.0,
      "y" : 0.0,
      "z" : 0.0
    }, {
      "x" : -0.85676277,
      "y" : -3.0997968,
      "z" : -2.243034
    }, {
      "x" : -2.243034,
      "y" : -2.5702882,
      "z" : -5.8723392
    }, {
      "x" : -2.7725425,
      "y" : 1.059017,
      "z" : -7.2586102
    }, {
      "x" : -1.9157797,
      "y" : 4.158814,
      "z" : -5.0155764
    }, {
      "x" : -0.5295085,
      "y" : 3.6293051,
      "z" : -1.3862712
    } ],
    "faces" : [ {
      "vertices" : [ 0, 1, 2, 3, 4, 5 ]
    }, {
      "vertices" : [ 0, 5, 4, 3, 2, 1 ]
    } ]
  }, {
    "id" : "b6999ae7-a495-4ef8-9940-510015d0ef0b",
    "vertices" : [ {
      "x" : 0.0,
      "y" : 0.0,
      "z" : 0.0
    }, {
      "x" : -0.5295085,
      "y" : 3.6293051,
      "z" : -1.3862712
    }, {
      "x" : 0.32725424,
      "y" : 6.729102,
      "z" : 0.85676277
    }, {
      "x" : 1.7135255,
      "y" : 6.1995935,
      "z" : 4.486068
    }, {
      "x" : 2.243034,
      "y" : 2.5702882,
      "z" : 5.8723392
    }, {
      "x" : 1.3862712,
      "y" : -0.5295085,
      "z" : 3.6293051
    } ],
    "faces" : [ {
      "vertices" : [ 0, 1, 2, 3, 4, 5 ]
    }, {
      "vertices" : [ 0, 5, 4, 3, 2, 1 ]
    } ]
  }, {
    "id" : "2df9ad98-3bec-4eb8-87f9-053985fbaaf7",
    "vertices" : [ {
      "x" : 0.0,
      "y" : 0.0,
      "z" : 0.0
    }, {
      "x" : 0.85676277,
      "y" : -3.0997968,
      "z" : 2.243034
    }, {
      "x" : 0.32725424,
      "y" : -6.729102,
      "z" : 0.85676277
    }, {
      "x" : -1.059017,
      "y" : -7.2586102,
      "z" : -2.7725425
    }, {
      "x" : -1.9157797,
      "y" : -4.158814,
      "z" : -5.0155764
    }, {
      "x" : -1.3862712,
      "y" : -0.5295085,
      "z" : -3.6293051
    } ],
    "faces" : [ {
      "vertices" : [ 0, 1, 2, 3, 4, 5 ]
    }, {
      "vertices" : [ 0, 5, 4, 3, 2, 1 ]
    } ]
  }, {
    "id" : "c9cf893c-9152-48b3-815c-03a3e8746537",
    "orbit" : "0",
    "name" : " :1 +2*phi",
    "vertices" : [ {
      "x" : -16.497805,
      "y" : 16.331137,
      "z" : -21.893475
    }, {
      "x" : -16.397804,
      "y" : 16.731138,
      "z" : -21.793474
    }, {
      "x" : -0.4464678,
      "y" : 0.61313444,
      "z" : -0.28686556
    }, {
      "x" : -0.5464678,
      "y" : 0.21313445,
      "z" : -0.38686556
    }, {
      "x" : -16.697803,
      "y" : 16.864471,
      "z" : -21.56014
    }, {
      "x" : -16.797804,
      "y" : 16.46447,
      "z" : -21.660141
    }, {
      "x" : -0.24646778,
      "y" : 0.07980112,
      "z" : -0.6201989
    }, {
      "x" : -0.14646779,
      "y" : 0.47980112,
      "z" : -0.5201989
    } ],
    "faces" : [ {
      "vertices" : [ 2, 3, 6, 7 ]
    }, {
      "vertices" : [ 0, 5, 4, 1 ]
    }, {
      "vertices" : [ 2, 4, 5, 3 ]
    }, {
      "vertices" : [ 0, 6, 3, 5 ]
    }, {
      "vertices" : [ 0, 1, 7, 6 ]
    }, {
      "vertices" : [ 1, 4, 2, 7 ]
    } ]
  }, {
    "id" : "286b778b-ae42-4234-9ca3-eacd37a9c0d3",
    "vertices" : [ {
      "x" : 0.0,
      "y" : 0.0,
      "z" : 0.0
    }, {
      "x" : 2.270041,
      "y" : 2.9715223,
      "z" : 0.0
    }, {
      "x" : 24.45038,
      "y" : -13.97275,
      "z" : -16.944271
    }, {
      "x" : 22.18034,
      "y" : -16.944271,
      "z" : -16.944271
    } ],
    "faces" : [ {
      "vertices" : [ 0, 1, 2, 3 ]
    }, {
      "vertices" : [ 0, 3, 2, 1 ]
    } ]
  }, {
    "id" : "2623d115-20d3-4339-96a5-43fbd2e185ce",
    "vertices" : [ {
      "x" : 0.0,
      "y" : 0.0,
      "z" : 0.0
    }, {
      "x" : 0.0,
      "y" : -2.7291665,
      "z" : 2.7291665
    }, {
      "x" : 22.18034,
      "y" : -19.673439,
      "z" : -14.215105
    }, {
