{
  "polygons" : "true",
  "field" : "golden",
  "symmetry" : "icosahedral",
  "orientations" : [ [ 1.0, 0.0, 0.0, 0.0, 0.0, 1.0, 0.0, 0.0, 0.0, 0.0, 1.0, 0.0, 0.0, 0.0, 0.0, 1.0 ], [ 0.0, 0.0, 1.0, 0.0, 1.0, 0.0, 0.0, 0.0, 0.0, 1.0, 0.0, 0.0, 0.0, 0.0, 0.0, 1.0 ], [ 0.0, 1.0, 0.0, 0.0, 0.0, 0.0, 1.0, 0.0, 1.0, 0.0, 0.0, 0.0, 0.0, 0.0, 0.0, 1.0 ], [ 0.809017, 0.309017, 0.5, 0.0, 0.309017, 0.5, -0.809017, 0.0, -0.5, 0.809017, 0.309017, 0.0, 0.0, 0.0, 0.0, 1.0 ], [ -0.5, 0.809017, 0.309017, 0.0, 0.809017, 0.309017, 0.5, 0.0, 0.309017, 0.5, -0.809017, 0.0, 0.0, 0.0, 0.0, 1.0 ], [ 0.309017, 0.5, -0.809017, 0.0, -0.5, 0.809017, 0.309017, 0.0, 0.809017, 0.309017, 0.5, 0.0, 0.0, 0.0, 0.0, 1.0 ], [ 0.5, 0.809017, 0.309017, 0.0, 0.809017, -0.309017, -0.5, 0.0, -0.309017, 0.5, -0.809017, 0.0, 0.0, 0.0, 0.0, 1.0 ], [ -0.309017, 0.5, -0.809017, 0.0, 0.5, 0.809017, 0.309017, 0.0, 0.809017, -0.309017, -0.5, 0.0, 0.0, 0.0, 0.0, 1.0 ], [ 0.809017, -0.309017, -0.5, 0.0, -0.309017, 0.5, -0.809017, 0.0, 0.5, 0.809017, 0.309017, 0.0, 0.0, 0.0, 0.0, 1.0 ], [ 0.5, 0.809017, -0.309017, 0.0, 0.809017, -0.309017, 0.5, 0.0, 0.309017, -0.5, -0.809017, 0.0, 0.0, 0.0, 0.0, 1.0 ], [ 0.309017, -0.5, -0.809017, 0.0, 0.5, 0.809017, -0.309017, 0.0, 0.809017, -0.309017, 0.5, 0.0, 0.0, 0.0, 0.0, 1.0 ], [ 0.809017, -0.309017, 0.5, 0.0, 0.309017, -0.5, -0.809017, 0.0, 0.5, 0.809017, -0.309017, 0.0, 0.0, 0.0, 0.0, 1.0 ], [ 0.809017, 0.309017, -0.5, 0.0, 0.309017, 0.5, 0.809017, 0.0, 0.5, -0.809017, 0.309017, 0.0, 0.0, 0.0, 0.0, 1.0 ], [ 0.5, -0.809017, 0.309017, 0.0, 0.809017, 0.309017, -0.5, 0.0, 0.309017, 0.5, 0.809017, 0.0, 0.0, 0.0, 0.0, 1.0 ], [ 0.309017, 0.5, 0.809017, 0.0, 0.5, -0.809017, 0.309017, 0.0, 0.809017, 0.309017, -0.5, 0.0, 0.0, 0.0, 0.0, 1.0 ], [ 1.0, 0.0, 0.0, 0.0, 0.0, -1.0, 0.0, 0.0, 0.0, 0.0, -1.0, 0.0, 0.0, 0.0, 0.0, 1.0 ], [ 0.0, 0.0, 1.0, 0.0, -1.0, 0.0, 0.0, 0.0, 0.0, -1.0, 0.0, 0.0, 0.0, 0.0, 0.0, 1.0 ], [ 0.0, 1.0, 0.0, 0.0, 0.0, 0.0, -1.0, 0.0, -1.0, 0.0, 0.0, 0.0, 0.0, 0.0, 0.0, 1.0 ], [ 0.809017, 0.309017, 0.5, 0.0, -0.309017, -0.5, 0.809017, 0.0, 0.5, -0.809017, -0.309017, 0.0, 0.0, 0.0, 0.0, 1.0 ], [ -0.5, 0.809017, 0.309017, 0.0, -0.809017, -0.309017, -0.5, 0.0, -0.309017, -0.5, 0.809017, 0.0, 0.0, 0.0, 0.0, 1.0 ], [ 0.309017, 0.5, -0.809017, 0.0, 0.5, -0.809017, -0.309017, 0.0, -0.809017, -0.309017, -0.5, 0.0, 0.0, 0.0, 0.0, 1.0 ], [ 0.5, 0.809017, 0.309017, 0.0, -0.809017, 0.309017, 0.5, 0.0, 0.309017, -0.5, 0.809017, 0.0, 0.0, 0.0, 0.0, 1.0 ], [ -0.309017, 0.5, -0.809017, 0.0, -0.5, -0.809017, -0.309017, 0.0, -0.809017, 0.309017, 0.5, 0.0, 0.0, 0.0, 0.0, 1.0 ], [ 0.809017, -0.309017, -0.5, 0.0, 0.309017, -0.5, 0.809017, 0.0, -0.5, -0.809017, -0.309017, 0.0, 0.0, 0.0, 0.0, 1.0 ], [ 0.5, 0.809017, -0.309017, 0.0, -0.809017, 0.309017, -0.5, 0.0, -0.309017, 0.5, 0.809017, 0.0, 0.0, 0.0, 0.0, 1.0 ], [ 0.309017, -0.5, -0.809017, 0.0, -0.5, -0.809017, 0.309017, 0.0, -0.809017, 0.309017, -0.5, 0.0, 0.0, 0.0, 0.0, 1.0 ], [ 0.809017, -0.309017, 0.5, 0.0, -0.309017, 0.5, 0.809017, 0.0, -0.5, -0.809017, 0.309017, 0.0, 0.0, 0.0, 0.0, 1.0 ], [ 0.809017, 0.309017, -0.5, 0.0, -0.309017, -0.5, -0.809017, 0.0, -0.5, 0.809017, -0.309017, 0.0, 0.0, 0.0, 0.0, 1.0 ], [ 0.5, -0.809017, 0.309017, 0.0, -0.809017, -0.309017, 0.5, 0.0, -0.309017, -0.5, -0.809017, 0.0, 0.0, 0.0, 0.0, 1.0 ], [ 0.309017, 0.5, 0.809017, 0.0, -0.5, 0.809017, -0.309017, 0.0, -0.809017, -0.309017, 0.5, 0.0, 0.0, 0.0, 0.0, 1.0 ], [ -1.0, 0.0, 0.0, 0.0, 0.0, -1.0, 0.0, 0.0, 0.0, 0.0, 1.0, 0.0, 0.0, 0.0, 0.0, 1.0 ], [ 0.0, 0.0, -1.0, 0.0, -1.0, 0.0, 0.0, 0.0, 0.0, 1.0, 0.0, 0.0, 0.0, 0.0, 0.0, 1.0 ], [ 0.0, -1.0, 0.0, 0.0, 0.0, 0.0, -1.0, 0.0, 1.0, 0.0, 0.0, 0.0, 0.0, 0.0, 0.0, 1.0 ], [ -0.809017, -0.309017, -0.5, 0.0, -0.309017, -0.5, 0.809017, 0.0, -0.5, 0.809017, 0.309017, 0.0, 0.0, 0.0, 0.0, 1.0 ], [ 0.5, -0.809017, -0.309017, 0.0, -0.809017, -0.309017, -0.5, 0.0, 0.309017, 0.5, -0.809017, 0.0, 0.0, 0.0, 0.0, 1.0 ], [ -0.309017, -0.5, 0.809017, 0.0, 0.5, -0.809017, -0.309017, 0.0, 0.809017, 0.309017, 0.5, 0.0, 0.0, 0.0, 0.0, 1.0 ], [ -0.5, -0.809017, -0.309017, 0.0, -0.809017, 0.309017, 0.5, 0.0, -0.309017, 0.5, -0.809017, 0.0, 0.0, 0.0, 0.0, 1.0 ], [ 0.309017, -0.5, 0.809017, 0.0, -0.5, -0.809017, -0.309017, 0.0, 0.809017, -0.309017, -0.5, 0.0, 0.0, 0.0, 0.0, 1.0 ], [ -0.809017, 0.309017, 0.5, 0.0, 0.309017, -0.5, 0.809017, 0.0, 0.5, 0.809017, 0.309017, 0.0, 0.0, 0.0, 0.0, 1.0 ], [ -0.5, -0.809017, 0.309017, 0.0, -0.809017, 0.309017, -0.5, 0.0, 0.309017, -0.5, -0.809017, 0.0, 0.0, 0.0, 0.0, 1.0 ], [ -0.309017, 0.5, 0.809017, 0.0, -0.5, -0.809017, 0.309017, 0.0, 0.809017, -0.309017, 0.5, 0.0, 0.0, 0.0, 0.0, 1.0 ], [ -0.809017, 0.309017, -0.5, 0.0, -0.309017, 0.5, 0.809017, 0.0, 0.5, 0.809017, -0.309017, 0.0, 0.0, 0.0, 0.0, 1.0 ], [ -0.809017, -0.309017, 0.5, 0.0, -0.309017, -0.5, -0.809017, 0.0, 0.5, -0.809017, 0.309017, 0.0, 0.0, 0.0, 0.0, 1.0 ], [ -0.5, 0.809017, -0.309017, 0.0, -0.809017, -0.309017, 0.5, 0.0, 0.309017, 0.5, 0.809017, 0.0, 0.0, 0.0, 0.0, 1.0 ], [ -0.309017, -0.5, -0.809017, 0.0, -0.5, 0.809017, -0.309017, 0.0, 0.809017, 0.309017, -0.5, 0.0, 0.0, 0.0, 0.0, 1.0 ], [ -1.0, 0.0, 0.0, 0.0, 0.0, 1.0, 0.0, 0.0, 0.0, 0.0, -1.0, 0.0, 0.0, 0.0, 0.0, 1.0 ], [ 0.0, 0.0, -1.0, 0.0, 1.0, 0.0, 0.0, 0.0, 0.0, -1.0, 0.0, 0.0, 0.0, 0.0, 0.0, 1.0 ], [ 0.0, -1.0, 0.0, 0.0, 0.0, 0.0, 1.0, 0.0, -1.0, 0.0, 0.0, 0.0, 0.0, 0.0, 0.0, 1.0 ], [ -0.809017, -0.309017, -0.5, 0.0, 0.309017, 0.5, -0.809017, 0.0, 0.5, -0.809017, -0.309017, 0.0, 0.0, 0.0, 0.0, 1.0 ], [ 0.5, -0.809017, -0.309017, 0.0, 0.809017, 0.309017, 0.5, 0.0, -0.309017, -0.5, 0.809017, 0.0, 0.0, 0.0, 0.0, 1.0 ], [ -0.309017, -0.5, 0.809017, 0.0, -0.5, 0.809017, 0.309017, 0.0, -0.809017, -0.309017, -0.5, 0.0, 0.0, 0.0, 0.0, 1.0 ], [ -0.5, -0.809017, -0.309017, 0.0, 0.809017, -0.309017, -0.5, 0.0, 0.309017, -0.5, 0.809017, 0.0, 0.0, 0.0, 0.0, 1.0 ], [ 0.309017, -0.5, 0.809017, 0.0, 0.5, 0.809017, 0.309017, 0.0, -0.809017, 0.309017, 0.5, 0.0, 0.0, 0.0, 0.0, 1.0 ], [ -0.809017, 0.309017, 0.5, 0.0, -0.309017, 0.5, -0.809017, 0.0, -0.5, -0.809017, -0.309017, 0.0, 0.0, 0.0, 0.0, 1.0 ], [ -0.5, -0.809017, 0.309017, 0.0, 0.809017, -0.309017, 0.5, 0.0, -0.309017, 0.5, 0.809017, 0.0, 0.0, 0.0, 0.0, 1.0 ], [ -0.309017, 0.5, 0.809017, 0.0, 0.5, 0.809017, -0.309017, 0.0, -0.809017, 0.309017, -0.5, 0.0, 0.0, 0.0, 0.0, 1.0 ], [ -0.809017, 0.309017, -0.5, 0.0, 0.309017, -0.5, -0.809017, 0.0, -0.5, -0.809017, 0.309017, 0.0, 0.0, 0.0, 0.0, 1.0 ], [ -0.809017, -0.309017, 0.5, 0.0, 0.309017, 0.5, 0.809017, 0.0, -0.5, 0.809017, -0.309017, 0.0, 0.0, 0.0, 0.0, 1.0 ], [ -0.5, 0.809017, -0.309017, 0.0, 0.809017, 0.309017, -0.5, 0.0, -0.309017, -0.5, -0.809017, 0.0, 0.0, 0.0, 0.0, 1.0 ], [ -0.309017, -0.5, -0.809017, 0.0, 0.5, -0.809017, 0.309017, 0.0, -0.809017, -0.309017, 0.5, 0.0, 0.0, 0.0, 0.0, 1.0 ] ],
  "lights" : {
    "ambientColor" : "#292929",
    "backgroundColor" : "#AFC8DC",
    "directionalLights" : [ {
      "direction" : [ 1.0, -1.0, -1.0 ],
      "color" : "#EBEBE4"
    }, {
      "direction" : [ -1.0, 0.0, 0.0 ],
      "color" : "#E4E4EB"
    }, {
      "direction" : [ 0.0, 0.0, -1.0 ],
      "color" : "#1E1E1E"
    } ]
  },
  "camera" : {
    "lookDirection" : {
      "x" : 0.024833618,
      "y" : 0.015174536,
      "z" : -0.999524
    },
    "nearClipDistance" : 1.6444722,
    "farClipDistance" : 1315.5748,
    "viewDistance" : 657.7858,
    "lookAtPointRV" : {
      "x" : 0.0,
      "y" : 0.0,
      "z" : 0.0,
      "zero" : true
    },
    "lookDirectionRV" : {
      "x" : 0.024833618,
      "y" : 0.015174536,
      "z" : -0.999524,
      "zero" : false
    },
    "upDirectionRV" : {
      "x" : 0.028655939,
      "y" : 0.99932635,
      "z" : 0.015903778,
      "zero" : false
    },
    "width" : 296.00583,
    "perspective" : true,
    "fieldOfView" : 0.44263208,
    "lookAtPoint" : {
      "x" : 0.0,
      "y" : 0.0,
      "z" : 0.0
    },
    "upDirection" : {
      "x" : 0.028655939,
      "y" : 0.99932635,
      "z" : 0.015903778
    },
    "stereo" : false,
    "position" : {
      "x" : -16.335201,
      "y" : -9.981595,
      "z" : 657.4727
    }
  },
  "embedding" : [ 1.0, 0.0, 0.0, 0.0, 0.0, 1.0, 0.0, 0.0, 0.0, 0.0, 1.0, 0.0, 0.0, 0.0, 0.0, 1.0 ],
  "shapes" : [ {
    "id" : "7373e437-54ac-41da-bf6a-2dbd7f6039af",
    "name" : "ball",
    "vertices" : [ {
      "x" : -0.309017,
      "y" : -0.19098301,
      "z" : 0.0
    }, {
      "x" : -0.309017,
      "y" : 0.19098301,
      "z" : 0.0
    }, {
      "x" : -0.19098301,
      "y" : 0.0,
      "z" : -0.309017
    }, {
      "x" : -0.19098301,
      "y" : 0.0,
      "z" : 0.309017
    }, {
      "x" : 0.0,
      "y" : -0.309017,
      "z" : -0.19098301
    }, {
      "x" : 0.0,
      "y" : -0.309017,
      "z" : 0.19098301
    }, {
      "x" : 0.0,
      "y" : 0.309017,
      "z" : -0.19098301
    }, {
      "x" : 0.0,
      "y" : 0.309017,
      "z" : 0.19098301
    }, {
      "x" : 0.19098301,
      "y" : 0.0,
      "z" : -0.309017
    }, {
      "x" : 0.19098301,
      "y" : 0.0,
      "z" : 0.309017
    }, {
      "x" : 0.309017,
      "y" : -0.19098301,
      "z" : 0.0
    }, {
      "x" : 0.309017,
      "y" : 0.19098301,
      "z" : 0.0
    } ],
    "faces" : [ {
      "vertices" : [ 0, 1, 2 ]
    }, {
      "vertices" : [ 0, 3, 1 ]
    }, {
      "vertices" : [ 0, 2, 4 ]
    }, {
      "vertices" : [ 0, 5, 3 ]
    }, {
      "vertices" : [ 0, 4, 5 ]
    }, {
      "vertices" : [ 1, 6, 2 ]
    }, {
      "vertices" : [ 1, 3, 7 ]
    }, {
      "vertices" : [ 1, 7, 6 ]
    }, {
      "vertices" : [ 2, 8, 4 ]
    }, {
      "vertices" : [ 2, 6, 8 ]
    }, {
      "vertices" : [ 3, 5, 9 ]
    }, {
      "vertices" : [ 3, 9, 7 ]
    }, {
      "vertices" : [ 4, 10, 5 ]
    }, {
      "vertices" : [ 4, 8, 10 ]
    }, {
      "vertices" : [ 5, 10, 9 ]
    }, {
      "vertices" : [ 6, 7, 11 ]
    }, {
      "vertices" : [ 6, 11, 8 ]
    }, {
      "vertices" : [ 7, 9, 11 ]
    }, {
      "vertices" : [ 8, 11, 10 ]
    }, {
      "vertices" : [ 9, 10, 11 ]
    } ]
  }, {
    "id" : "29867115-e28e-4dd9-9984-35ae435c2682",
    "orbit" : "yellow",
    "orbitC" : "[[0,0,1],[2,-1,1]]",
    "length" : "[\"1\",\"1\",\"1\"]",
    "name" : "y3",
    "vertices" : [ {
      "x" : 17.944271,
      "y" : 0.0,
      "z" : -6.854102
    }, {
      "x" : 17.635256,
      "y" : 0.0,
      "z" : -6.736068
    }, {
      "x" : 17.230747,
      "y" : -0.1545085,
      "z" : -6.295085
    }, {
      "x" : 17.039762,
      "y" : -0.1545085,
      "z" : -6.795085
    }, {
      "x" : 0.9045085,
      "y" : -0.1545085,
      "z" : -0.059016995
    }, {
      "x" : 0.809017,
      "y" : 0.309017,
      "z" : -0.309017
    }, {
      "x" : 0.309017,
      "y" : 0.0,
      "z" : -0.11803399
    }, {
      "x" : 17.135256,
      "y" : 0.309017,
      "z" : -6.545085
    }, {
      "x" : 0.7135255,
      "y" : -0.1545085,
      "z" : -0.559017
    } ],
    "faces" : [ {
      "vertices" : [ 2, 4, 8, 3 ]
    }, {
      "vertices" : [ 2, 7, 5, 4 ]
    }, {
      "vertices" : [ 4, 6, 8 ]
    }, {
      "vertices" : [ 5, 8, 6 ]
    }, {
      "vertices" : [ 1, 2, 3 ]
    }, {
      "vertices" : [ 3, 8, 5, 7 ]
    }, {
      "vertices" : [ 1, 7, 2 ]
    }, {
      "vertices" : [ 1, 3, 7 ]
    }, {
      "vertices" : [ 4, 5, 6 ]
    } ]
  }, {
    "id" : "cab4d18e-9491-47b8-8066-b2d8908f22f3",
    "orbit" : "blue",
    "orbitC" : "[[0,0,1],[0,0,1]]",
    "length" : "[\"5\",\"-3\",\"1\"]",
    "name" : " :5 -3*phi",
    "vertices" : [ {
      "x" : 0.6027346,
      "y" : -0.1,
      "z" : -0.26666668
    }, {
      "x" : 0.50273466,
      "y" : -0.2,
      "z" : 0.13333334
    }, {
      "x" : 0.6333333,
      "y" : 0.1,
      "z" : 0.26666668
    }, {
      "x" : 0.73333335,
      "y" : 0.2,
      "z" : -0.13333334
    }, {
      "x" : 0.2694013,
      "y" : 0.1,
      "z" : 0.26666668
    }, {
      "x" : 0.3694013,
      "y" : 0.2,
      "z" : -0.13333334
    }, {
      "x" : 0.96666664,
      "y" : -0.1,
      "z" : -0.26666668
    }, {
      "x" : 0.8666667,
      "y" : -0.2,
      "z" : 0.13333334
    } ],
    "faces" : [ {
      "vertices" : [ 2, 3, 6, 7 ]
    }, {
      "vertices" : [ 0, 5, 4, 1 ]
    }, {
      "vertices" : [ 2, 4, 5, 3 ]
    }, {
      "vertices" : [ 0, 6, 3, 5 ]
    }, {
      "vertices" : [ 0, 1, 7, 6 ]
    }, {
      "vertices" : [ 1, 4, 2, 7 ]
    } ]
  }, {
    "id" : "757788fc-06ef-46d2-884e-ff7f972d3701",
    "vertices" : [ {
      "x" : 0.0,
      "y" : 0.0,
      "z" : 0.0
    }, {
      "x" : 0.0,
      "y" : -6.854102,
      "z" : -17.944271
    }, {
      "x" : -6.854102,
      "y" : 11.09017,
      "z" : -17.944271
    }, {
      "x" : -6.854102,
      "y" : 17.944271,
      "z" : 0.0
    } ],
    "faces" : [ {
      "vertices" : [ 0, 1, 2, 3 ]
    }, {
      "vertices" : [ 0, 3, 2, 1 ]
    } ]
  }, {
    "id" : "e7bfe55d-3c3f-4de7-be43-58198641f620",
    "vertices" : [ {
      "x" : 0.0,
      "y" : 0.0,
      "z" : 0.0
    }, {
      "x" : 0.0,
      "y" : 6.854102,
      "z" : 17.944271
    }, {
      "x" : 6.854102,
      "y" : -11.09017,
      "z" : 17.944271
    }, {
      "x" : 6.854102,
      "y" : -17.944271,
      "z" : 0.0
    } ],
    "faces" : [ {
      "vertices" : [ 0, 1, 2, 3 ]
    }, {
      "vertices" : [ 0, 3, 2, 1 ]
    } ]
  }, {
    "id" : "5bb945ca-b4c8-4062-b0f9-4fa3add85ec7",
    "orbit" : "yellow",
    "orbitC" : "[[0,0,1],[2,-1,1]]",
    "length" : "[\"-4\",\"4\",\"1\"]",
    "name" : " :-4 +4*phi",
    "vertices" : [ {
      "x" : 16.944271,
      "y" : 0.0,
      "z" : -6.472136
    }, {
      "x" : 16.635256,
      "y" : 0.0,
      "z" : -6.354102
    }, {
      "x" : 16.230747,
      "y" : -0.1545085,
      "z" : -5.913119
    }, {
      "x" : 16.039762,
      "y" : -0.1545085,
      "z" : -6.413119
    }, {
      "x" : 0.9045085,
      "y" : -0.1545085,
      "z" : -0.059016995
    }, {
      "x" : 0.809017,
      "y" : 0.309017,
      "z" : -0.309017
    }, {
      "x" : 0.309017,
      "y" : 0.0,
      "z" : -0.11803399
    }, {
      "x" : 16.135256,
      "y" : 0.309017,
      "z" : -6.163119
    }, {
      "x" : 0.7135255,
      "y" : -0.1545085,
      "z" : -0.559017
    } ],
    "faces" : [ {
      "vertices" : [ 2, 4, 8, 3 ]
    }, {
      "vertices" : [ 2, 7, 5, 4 ]
    }, {
      "vertices" : [ 4, 6, 8 ]
    }, {
      "vertices" : [ 5, 8, 6 ]
    }, {
      "vertices" : [ 1, 2, 3 ]
    }, {
      "vertices" : [ 3, 8, 5, 7 ]
    }, {
      "vertices" : [ 1, 7, 2 ]
    }, {
      "vertices" : [ 1, 3, 7 ]
    }, {
      "vertices" : [ 4, 5, 6 ]
    } ]
  }, {
    "id" : "a699629e-0be4-494e-9159-0d392db9cb23",
    "vertices" : [ {
      "x" : 0.0,
      "y" : 0.0,
      "z" : 0.0
    }, {
      "x" : 6.854102,
      "y" : -17.944271,
      "z" : 0.0
    }, {
      "x" : 6.854102,
      "y" : -24.798374,
      "z" : -17.944271
    }, {
      "x" : 0.0,
      "y" : -6.854102,
      "z" : -17.944271
    } ],
    "faces" : [ {
      "vertices" : [ 0, 1, 2, 3 ]
    }, {
      "vertices" : [ 0, 3, 2, 1 ]
    } ]
  }, {
    "id" : "b5020639-fd10-4fb9-9f37-ff7b14b23571",
    "vertices" : [ {
      "x" : 0.0,
      "y" : 0.0,
      "z" : 0.0
    }, {
      "x" : -6.854102,
      "y" : 17.944271,
      "z" : 0.0
    }, {
      "x" : -6.854102,
      "y" : 24.798374,
      "z" : 17.944271
    }, {
      "x" : 0.0,
      "y" : 6.854102,
      "z" : 17.944271
    } ],
    "faces" : [ {
      "vertices" : [ 0, 1, 2, 3 ]
    }, {
      "vertices" : [ 0, 3, 2, 1 ]
    } ]
  }, {
    "id" : "70666eff-392b-43e9-84ce-cd0fbdbf9405",
    "orbit" : "yellow",
    "orbitC" : "[[0,0,1],[2,-1,1]]",
    "length" : "[\"5\",\"-3\",\"1\"]",
    "name" : " :5 -3*phi",
    "vertices" : [ {
      "x" : 0.51582605,
      "y" : -0.26666668,
      "z" : -0.033367023
    }, {
      "x" : 0.41582605,
      "y" : 0.13333334,
      "z" : 0.06663298
    }, {
      "x" : 0.48417395,
      "y" : 0.26666668,
      "z" : -0.348599
    }, {
      "x" : 0.5841739,
      "y" : -0.13333334,
      "z" : -0.44859898
    }, {
      "x" : 0.18249273,
      "y" : 0.26666668,
      "z" : -0.23336703
    }, {
      "x" : 0.28249273,
      "y" : -0.13333334,
      "z" : -0.33336702
    }, {
      "x" : 0.81750727,
      "y" : -0.26666668,
      "z" : -0.14859898
    }, {
      "x" : 0.71750724,
      "y" : 0.13333334,
      "z" : -0.04859899
    } ],
    "faces" : [ {
      "vertices" : [ 2, 3, 6, 7 ]
    }, {
      "vertices" : [ 0, 5, 4, 1 ]
    }, {
      "vertices" : [ 2, 4, 5, 3 ]
    }, {
      "vertices" : [ 0, 6, 3, 5 ]
    }, {
      "vertices" : [ 0, 1, 7, 6 ]
    }, {
      "vertices" : [ 1, 4, 2, 7 ]
    } ]
  }, {
    "id" : "a5bb0dea-d7fb-4412-beb7-e379aa75a03e",
    "orbit" : "yellow",
    "orbitC" : "[[0,0,1],[2,-1,1]]",
    "length" : "[\"1\",\"0\",\"1\"]",
    "name" : "y1",
    "vertices" : [ {
      "x" : 6.854102,
      "y" : 0.0,
      "z" : -2.618034
    }, {
      "x" : 6.545085,
      "y" : 0.0,
      "z" : -2.5
    }, {
      "x" : 6.1405764,
      "y" : -0.1545085,
      "z" : -2.059017
    }, {
      "x" : 5.9495935,
      "y" : -0.1545085,
      "z" : -2.559017
    }, {
      "x" : 0.9045085,
      "y" : -0.1545085,
      "z" : -0.059016995
    }, {
      "x" : 0.809017,
      "y" : 0.309017,
      "z" : -0.309017
    }, {
      "x" : 0.309017,
      "y" : 0.0,
      "z" : -0.11803399
    }, {
      "x" : 6.045085,
      "y" : 0.309017,
      "z" : -2.309017
    }, {
      "x" : 0.7135255,
      "y" : -0.1545085,
      "z" : -0.559017
    } ],
    "faces" : [ {
      "vertices" : [ 2, 4, 8, 3 ]
    }, {
      "vertices" : [ 2, 7, 5, 4 ]
    }, {
      "vertices" : [ 4, 6, 8 ]
    }, {
      "vertices" : [ 5, 8, 6 ]
    }, {
      "vertices" : [ 1, 2, 3 ]
    }, {
      "vertices" : [ 3, 8, 5, 7 ]
    }, {
      "vertices" : [ 1, 7, 2 ]
    }, {
      "vertices" : [ 1, 3, 7 ]
    }, {
      "vertices" : [ 4, 5, 6 ]
    } ]
  }, {
    "id" : "972f6e6b-0a23-47e1-a5b0-2fdf6b124b45",
    "vertices" : [ {
      "x" : 0.0,
      "y" : 0.0,
      "z" : 0.0
    }, {
      "x" : 0.0,
      "y" : -2.618034,
      "z" : -6.854102
    }, {
      "x" : -2.618034,
      "y" : 4.236068,
      "z" : -6.854102
    }, {
      "x" : -2.618034,
      "y" : 6.854102,
      "z" : 0.0
    } ],
    "faces" : [ {
      "vertices" : [ 0, 1, 2, 3 ]
    }, {
      "vertices" : [ 0, 3, 2, 1 ]
    } ]
  }, {
    "id" : "1f8a4358-0d31-4904-b055-9f9ff81f5f1f",
    "vertices" : [ {
      "x" : 0.0,
      "y" : 0.0,
      "z" : 0.0
    }, {
      "x" : 2.618034,
      "y" : -6.854102,
      "z" : 0.0
    }, {
      "x" : 2.618034,
      "y" : -9.472136,
      "z" : -6.854102
    }, {
      "x" : 0.0,
      "y" : -2.618034,
      "z" : -6.854102
    } ],
    "faces" : [ {
      "vertices" : [ 0, 1, 2, 3 ]
    }, {
      "vertices" : [ 0, 3, 2, 1 ]
    } ]
  }, {
    "id" : "0fc9ae5f-9d3d-497e-8bd7-0bd85bcbc9a2",
    "vertices" : [ {
      "x" : 0.0,
      "y" : 0.0,
      "z" : 0.0
    }, {
      "x" : -2.618034,
      "y" : 6.854102,
      "z" : 0.0
    }, {
      "x" : -2.618034,
      "y" : 9.472136,
      "z" : 6.854102
    }, {
      "x" : 0.0,
      "y" : 2.618034,
      "z" : 6.854102
    } ],
    "faces" : [ {
      "vertices" : [ 0, 1, 2, 3 ]
    }, {
      "vertices" : [ 0, 3, 2, 1 ]
    } ]
  }, {
    "id" : "429007a5-9afc-404c-b24c-a7a8c3b63b1a",
    "vertices" : [ {
      "x" : 0.0,
      "y" : 0.0,
      "z" : 0.0
    }, {
      "x" : 0.0,
      "y" : 2.618034,
      "z" : 6.854102
    }, {
      "x" : 2.618034,
      "y" : -4.236068,
      "z" : 6.854102
    }, {
      "x" : 2.618034,
      "y" : -6.854102,
      "z" : 0.0
    } ],
    "faces" : [ {
      "vertices" : [ 0, 1, 2, 3 ]
    }, {
      "vertices" : [ 0, 3, 2, 1 ]
    } ]
  }, {
    "id" : "1690fdc9-d769-479f-94a1-442d834038cb",
    "vertices" : [ {
      "x" : 0.0,
      "y" : 0.0,
      "z" : 0.0
    }, {
      "x" : 0.0,
      "y" : -5.236068,
      "z" : -13.708204
    }, {
      "x" : -2.618034,
      "y" : 1.618034,
      "z" : -13.708204
    }, {
      "x" : -2.618034,
      "y" : 6.854102,
      "z" : 0.0
    } ],
    "faces" : [ {
      "vertices" : [ 0, 1, 2, 3 ]
    }, {
      "vertices" : [ 0, 3, 2, 1 ]
    } ]
  }, {
    "id" : "99c63a59-274b-448f-98fb-c15f78b740ce",
    "vertices" : [ {
      "x" : 0.0,
      "y" : 0.0,
      "z" : 0.0
    }, {
      "x" : 7.854102,
      "y" : -20.562305,
      "z" : 0.0
    }, {
      "x" : 7.854102,
      "y" : -23.18034,
      "z" : -6.854102
    }, {
      "x" : 0.0,
      "y" : -2.618034,
      "z" : -6.854102
    } ],
    "faces" : [ {
      "vertices" : [ 0, 1, 2, 3 ]
    }, {
      "vertices" : [ 0, 3, 2, 1 ]
    } ]
  }, {
    "id" : "a04e75c0-003e-46d7-a861-68acd0adaf99",
    "vertices" : [ {
      "x" : 0.0,
      "y" : 0.0,
      "z" : 0.0
    }, {
      "x" : -2.618034,
      "y" : 6.854102,
      "z" : 0.0
    }, {
      "x" : -2.618034,
      "y" : 12.09017,
      "z" : 13.708204
    }, {
      "x" : 0.0,
      "y" : 5.236068,
      "z" : 13.708204
    } ],
    "faces" : [ {
      "vertices" : [ 0, 1, 2, 3 ]
    }, {
      "vertices" : [ 0, 3, 2, 1 ]
    } ]
  }, {
    "id" : "a507622e-fd24-47e8-80cd-67c88dbf83ad",
    "vertices" : [ {
      "x" : 0.0,
      "y" : 0.0,
      "z" : 0.0
    }, {
      "x" : 5.236068,
      "y" : -13.708204,
      "z" : 0.0
    }, {
      "x" : 5.236068,
      "y" : -16.326239,
      "z" : -6.854102
    }, {
      "x" : 0.0,
      "y" : -2.618034,
      "z" : -6.854102
    } ],
    "faces" : [ {
      "vertices" : [ 0, 1, 2, 3 ]
    }, {
      "vertices" : [ 0, 3, 2, 1 ]
    } ]
  }, {
    "id" : "275fd85a-21c6-4e0e-992e-c0afba1e79e4",
    "vertices" : [ {
      "x" : 0.0,
      "y" : 0.0,
      "z" : 0.0
    }, {
      "x" : -5.236068,
      "y" : 13.708204,
      "z" : 0.0
    }, {
      "x" : -5.236068,
      "y" : 16.326239,
      "z" : 6.854102
    }, {
      "x" : 0.0,
      "y" : 2.618034,
      "z" : 6.854102
    } ],
    "faces" : [ {
      "vertices" : [ 0, 1, 2, 3 ]
    }, {
      "vertices" : [ 0, 3, 2, 1 ]
    } ]
  }, {
    "id" : "247717c4-21c4-4daa-8ecc-a2b004953ece",
    "vertices" : [ {
      "x" : 0.0,
      "y" : 0.0,
      "z" : 0.0
    }, {
      "x" : 0.0,
      "y" : -2.618034,
      "z" : -6.854102
    }, {
      "x" : -7.854102,
      "y" : 17.944271,
      "z" : -6.854102
    }, {
      "x" : -7.854102,
      "y" : 20.562305,
      "z" : 0.0
    } ],
    "faces" : [ {
      "vertices" : [ 0, 1, 2, 3 ]
    }, {
      "vertices" : [ 0, 3, 2, 1 ]
    } ]
  }, {
    "id" : "267da8f5-57f1-4cab-9fb9-473f06ee103a",
    "vertices" : [ {
      "x" : 0.0,
      "y" : 0.0,
      "z" : 0.0
    }, {
      "x" : 0.0,
      "y" : 0.38196602,
      "z" : 1.0
    }, {
      "x" : 6.472136,
      "y" : -16.562305,
      "z" : 1.0
    }, {
      "x" : 6.09017,
      "y" : -15.944272,
      "z" : 0.0
    } ],
    "faces" : [ {
      "vertices" : [ 0, 1, 2, 3 ]
    }, {
      "vertices" : [ 0, 3, 2, 1 ]
    } ]
  }, {
    "id" : "aa33aaa5-3351-4bf8-b66b-f97159510771",
    "vertices" : [ {
      "x" : 0.0,
      "y" : 0.0,
      "z" : 0.0
    }, {
      "x" : 0.38196602,
      "y" : -0.618034,
      "z" : 1.0
    }, {
      "x" : 0.38196602,
      "y" : -7.09017,
      "z" : -15.944272
    }, {
      "x" : 0.0,
      "y" : -6.09017,
      "z" : -15.944272
    } ],
    "faces" : [ {
      "vertices" : [ 0, 1, 2, 3 ]
    }, {
      "vertices" : [ 0, 3, 2, 1 ]
    } ]
  }, {
    "id" : "4a3e7428-3f04-4fea-a8a9-cc8a0afd5fd8",
    "vertices" : [ {
      "x" : 0.0,
      "y" : 0.0,
      "z" : 0.0
    }, {
      "x" : 6.09017,
      "y" : -15.944272,
      "z" : 0.0
    }, {
      "x" : 6.09017,
      "y" : -22.034441,
      "z" : -15.944272
    }, {
      "x" : 0.0,
      "y" : -6.09017,
      "z" : -15.944272
    } ],
    "faces" : [ {
      "vertices" : [ 0, 1, 2, 3 ]
    }, {
      "vertices" : [ 0, 3, 2, 1 ]
    } ]
  }, {
    "id" : "103a4cee-bf63-42d8-b910-e36945a2e31d",
    "vertices" : [ {
      "x" : 0.0,
      "y" : 0.0,
      "z" : 0.0
    }, {
      "x" : -6.09017,
      "y" : 15.944272,
      "z" : 0.0
    }, {
      "x" : -6.09017,
      "y" : 22.034441,
      "z" : 15.944272
    }, {
      "x" : 0.0,
      "y" : 6.09017,
      "z" : 15.944272
    } ],
    "faces" : [ {
      "vertices" : [ 0, 1, 2, 3 ]
    }, {
      "vertices" : [ 0, 3, 2, 1 ]
    } ]
  }, {
    "id" : "aed60ad4-0850-45b6-83c8-d67c34bb7e8e",
    "vertices" : [ {
      "x" : 0.0,
      "y" : 0.0,
      "z" : 0.0
    }, {
      "x" : -0.38196602,
      "y" : 0.618034,
      "z" : -1.0
    }, {
      "x" : -0.38196602,
      "y" : 7.09017,
      "z" : 15.944272
    }, {
      "x" : 0.0,
      "y" : 6.09017,
      "z" : 15.944272
    } ],
    "faces" : [ {
      "vertices" : [ 0, 1, 2, 3 ]
    }, {
      "vertices" : [ 0, 3, 2, 1 ]
    } ]
  }, {
    "id" : "dc7fe305-6631-45a7-b2f1-a60f0f75d8c8",
    "vertices" : [ {
      "x" : 0.0,
      "y" : 0.0,
      "z" : 0.0
    }, {
      "x" : 0.0,
      "y" : -0.38196602,
      "z" : -1.0
    }, {
      "x" : -6.472136,
      "y" : 16.562305,
      "z" : -1.0
    }, {
      "x" : -6.09017,
      "y" : 15.944272,
      "z" : 0.0
    } ],
    "faces" : [ {
      "vertices" : [ 0, 1, 2, 3 ]
    }, {
      "vertices" : [ 0, 3, 2, 1 ]
    } ]
  }, {
    "id" : "826ee0ca-9fa9-4768-8a29-c1896be7fd63",
    "vertices" : [ {
      "x" : 0.0,
      "y" : 0.0,
      "z" : 0.0
    }, {
      "x" : 0.38196602,
      "y" : -0.618034,
      "z" : 1.0
    }, {
      "x" : 6.472136,
      "y" : -16.562305,
      "z" : 1.0
    }, {
      "x" : 6.09017,
      "y" : -15.944272,
      "z" : 0.0
    } ],
    "faces" : [ {
      "vertices" : [ 0, 1, 2, 3 ]
    }, {
      "vertices" : [ 0, 3, 2, 1 ]
    } ]
  }, {
    "id" : "87f67b77-3537-4d7a-8fa8-501fcc355633",
    "vertices" : [ {
      "x" : 0.0,
      "y" : 0.0,
      "z" : 0.0
    }, {
      "x" : 0.0,
      "y" : 6.09017,
      "z" : 15.944272
    }, {
      "x" : 0.38196602,
      "y" : 5.472136,
      "z" : 16.944271
    }, {
      "x" : 0.38196602,
      "y" : -0.618034,
      "z" : 1.0
    } ],
    "faces" : [ {
      "vertices" : [ 0, 1, 2, 3 ]
    }, {
      "vertices" : [ 0, 3, 2, 1 ]
    } ]
  } ],
  "instances" : [ {
    "shape" : "7373e437-54ac-41da-bf6a-2dbd7f6039af",
    "color" : "#009933",
    "position" : {
      "x" : -22.18034,
      "y" : -22.318108,
      "z" : -43.12461
    }
  }, {
    "shape" : "7373e437-54ac-41da-bf6a-2dbd7f6039af",
    "color" : "#F2F2F2",
    "position" : {
      "x" : 65.304955,
      "y" : -1.236068,
      "z" : 0.0
    }
  }, {
    "shape" : "29867115-e28e-4dd9-9984-35ae435c2682",
    "color" : "#FFB31A",
    "position" : {
      "x" : 22.18034,
      "y" : -44.36068,
      "z" : -22.18034
    },
    "orientation" : 39
  }, {
    "shape" : "cab4d18e-9491-47b8-8066-b2d8908f22f3",
    "color" : "#008EC2",
    "position" : {
      "x" : -33.27051,
      "y" : -11.09017,
      "z" : -12.326238
    },
    "orientation" : 0
  }, {
    "shape" : "7373e437-54ac-41da-bf6a-2dbd7f6039af",
    "color" : "#F2F2F2",
    "position" : {
      "x" : -33.27051,
      "y" : -9.854102,
      "z" : 12.326238
    }
  }, {
    "shape" : "7373e437-54ac-41da-bf6a-2dbd7f6039af",
    "color" : "#F2F2F2",
    "position" : {
      "x" : 43.12461,
      "y" : 22.18034,
      "z" : -20.944271
    }
  }, {
    "shape" : "29867115-e28e-4dd9-9984-35ae435c2682",
    "color" : "#FFB31A",
    "position" : {
      "x" : 11.09017,
      "y" : -11.09017,
      "z" : -55.45085
    },
    "orientation" : 54
  }, {
    "shape" : "7373e437-54ac-41da-bf6a-2dbd7f6039af",
    "color" : "#F2F2F2",
    "position" : {
      "x" : -34.506577,
      "y" : -11.09017,
      "z" : 11.09017
    }
  }, {
    "shape" : "7373e437-54ac-41da-bf6a-2dbd7f6039af",
    "color" : "#F2F2F2",
    "position" : {
      "x" : 44.36068,
      "y" : 22.18034,
      "z" : -22.18034
    }
  }, {
    "shape" : "7373e437-54ac-41da-bf6a-2dbd7f6039af",
    "color" : "#F2F2F2",
    "position" : {
      "x" : -33.27051,
      "y" : 33.27051,
      "z" : 11.09017
    }
  }, {
    "shape" : "7373e437-54ac-41da-bf6a-2dbd7f6039af",
    "color" : "#F2F2F2",
    "position" : {
      "x" : 22.18034,
      "y" : 23.416409,
      "z" : -22.18034
    }
  }, {
    "shape" : "757788fc-06ef-46d2-884e-ff7f972d3701",
    "color" : "#9999FF",
    "position" : {
      "x" : 22.18034,
      "y" : 22.18034,
      "z" : 0.0
    },
    "orientation" : 36
  }, {
    "shape" : "7373e437-54ac-41da-bf6a-2dbd7f6039af",
    "color" : "#F2F2F2",
    "position" : {
      "x" : -23.416409,
      "y" : -22.18034,
      "z" : 0.0
    }
  }, {
    "shape" : "7373e437-54ac-41da-bf6a-2dbd7f6039af",
    "color" : "#F2F2F2",
    "position" : {
      "x" : -12.326238,
      "y" : -11.09017,
      "z" : -33.27051
    }
  }, {
    "shape" : "7373e437-54ac-41da-bf6a-2dbd7f6039af",
    "color" : "#F2F2F2",
    "position" : {
      "x" : -20.944271,
      "y" : -1.236068,
      "z" : 22.18034
    }
  }, {
    "shape" : "29867115-e28e-4dd9-9984-35ae435c2682",
    "color" : "#FFB31A",
    "position" : {
      "x" : 11.09017,
      "y" : 33.27051,
      "z" : -33.27051
    },
    "orientation" : 19
  }, {
    "shape" : "7373e437-54ac-41da-bf6a-2dbd7f6039af",
    "color" : "#F2F2F2",
    "position" : {
      "x" : 0.0,
      "y" : -43.12461,
      "z" : 22.18034
    }
  }, {
    "shape" : "29867115-e28e-4dd9-9984-35ae435c2682",
    "color" : "#FFB31A",
    "position" : {
      "x" : 33.27051,
      "y" : -11.09017,
      "z" : -11.09017
    },
    "orientation" : 3
  }, {
    "shape" : "7373e437-54ac-41da-bf6a-2dbd7f6039af",
    "color" : "#F2F2F2",
    "position" : {
      "x" : 20.944271,
      "y" : 22.18034,
      "z" : -22.18034
    }
  }, {
    "shape" : "7373e437-54ac-41da-bf6a-2dbd7f6039af",
    "color" : "#F2F2F2",
    "position" : {
      "x" : 11.09017,
      "y" : 33.27051,
      "z" : 11.09017
    }
  }, {
    "shape" : "7373e437-54ac-41da-bf6a-2dbd7f6039af",
    "color" : "#F2F2F2",
    "position" : {
      "x" : 20.944271,
      "y" : -1.236068,
      "z" : -22.18034
    }
  }, {
    "shape" : "7373e437-54ac-41da-bf6a-2dbd7f6039af",
    "color" : "#F2F2F2",
    "position" : {
      "x" : -11.09017,
      "y" : 12.326238,
      "z" : -32.034443
    }
  }, {
    "shape" : "e7bfe55d-3c3f-4de7-be43-58198641f620",
    "color" : "#9999FF",
    "position" : {
      "x" : 0.0,
      "y" : -22.18034,
      "z" : -22.18034
    },
    "orientation" : 22
  }, {
    "shape" : "7373e437-54ac-41da-bf6a-2dbd7f6039af",
    "color" : "#F2F2F2",
    "position" : {
      "x" : -54.214783,
      "y" : -11.09017,
      "z" : -9.854102
    }
  }, {
    "shape" : "7373e437-54ac-41da-bf6a-2dbd7f6039af",
    "color" : "#F2F2F2",
    "position" : {
      "x" : -44.36068,
      "y" : 0.0,
      "z" : 0.0
    }
  }, {
    "shape" : "7373e437-54ac-41da-bf6a-2dbd7f6039af",
    "color" : "#F2F2F2",
    "position" : {
      "x" : -199.00502,
      "y" : 0.0,
      "z" : 796.0201
    }
  }, {
    "shape" : "7373e437-54ac-41da-bf6a-2dbd7f6039af",
    "color" : "#F2F2F2",
    "position" : {
      "x" : 11.09017,
      "y" : 54.214783,
      "z" : -11.09017
    }
  }, {
    "shape" : "7373e437-54ac-41da-bf6a-2dbd7f6039af",
    "color" : "#F2F2F2",
    "position" : {
      "x" : 11.09017,
      "y" : 11.09017,
      "z" : 32.034443
    }
  }, {
    "shape" : "7373e437-54ac-41da-bf6a-2dbd7f6039af",
    "color" : "#F2F2F2",
    "position" : {
      "x" : -9.854102,
      "y" : -11.09017,
      "z" : 34.506577
    }
  }, {
    "shape" : "7373e437-54ac-41da-bf6a-2dbd7f6039af",
    "color" : "#F2F2F2",
    "position" : {
      "x" : 22.798374,
      "y" : 22.798374,
      "z" : -21.562305
    }
  }, {
    "shape" : "7373e437-54ac-41da-bf6a-2dbd7f6039af",
    "color" : "#F2F2F2",
    "position" : {
      "x" : -1.236068,
      "y" : 22.18034,
      "z" : -22.18034
    }
  }, {
    "shape" : "7373e437-54ac-41da-bf6a-2dbd7f6039af",
    "color" : "#F2F2F2",
    "position" : {
      "x" : -33.27051,
      "y" : 32.034443,
      "z" : 32.034443
    }
  }, {
    "shape" : "7373e437-54ac-41da-bf6a-2dbd7f6039af",
    "color" : "#F2F2F2",
    "position" : {
      "x" : 11.09017,
      "y" : 55.45085,
      "z" : -11.09017
    }
  }, {
    "shape" : "5bb945ca-b4c8-4062-b0f9-4fa3add85ec7",
    "color" : "#FFB31A",
    "position" : {
      "x" : 12.326238,
      "y" : 33.27051,
      "z" : 11.09017
    },
    "orientation" : 24
  }, {
    "shape" : "7373e437-54ac-41da-bf6a-2dbd7f6039af",
    "color" : "#009933",
    "position" : {
      "x" : -23.27864,
      "y" : -1.236068,
      "z" : -22.18034
    }
  }, {
    "shape" : "7373e437-54ac-41da-bf6a-2dbd7f6039af",
    "color" : "#F2F2F2",
    "position" : {
      "x" : 45.59675,
      "y" : 0.0,
      "z" : 0.0
    }
  }, {
    "shape" : "29867115-e28e-4dd9-9984-35ae435c2682",
    "color" : "#FFB31A",
    "position" : {
      "x" : -11.09017,
      "y" : 11.09017,
      "z" : 11.09017
    },
    "orientation" : 24
  }, {
    "shape" : "e7bfe55d-3c3f-4de7-be43-58198641f620",
    "color" : "#9999FF",
    "position" : {
      "x" : -22.18034,
      "y" : 0.0,
      "z" : 22.18034
    },
    "orientation" : 38
  }, {
    "shape" : "5bb945ca-b4c8-4062-b0f9-4fa3add85ec7",
    "color" : "#FFB31A",
    "position" : {
      "x" : -20.944271,
      "y" : 0.0,
      "z" : -44.36068
    },
    "orientation" : 3
  }, {
    "shape" : "7373e437-54ac-41da-bf6a-2dbd7f6039af",
    "color" : "#F2F2F2",
    "position" : {
      "x" : 43.12461,
      "y" : 22.18034,
      "z" : 0.0
    }
  }, {
    "shape" : "cab4d18e-9491-47b8-8066-b2d8908f22f3",
    "color" : "#008EC2",
    "position" : {
      "x" : 11.09017,
      "y" : 11.09017,
      "z" : -54.214783
    },
    "orientation" : 45
  }, {
    "shape" : "7373e437-54ac-41da-bf6a-2dbd7f6039af",
    "color" : "#F2F2F2",
    "position" : {
      "x" : -1.236068,
      "y" : 23.416409,
      "z" : 22.18034
    }
  }, {
    "shape" : "29867115-e28e-4dd9-9984-35ae435c2682",
    "color" : "#FFB31A",
    "position" : {
      "x" : -33.27051,
      "y" : -11.09017,
      "z" : -33.27051
    },
    "orientation" : 3
  }, {
    "shape" : "7373e437-54ac-41da-bf6a-2dbd7f6039af",
    "color" : "#F2F2F2",
    "position" : {
      "x" : -11.09017,
      "y" : -12.326238,
      "z" : 11.09017
    }
  }, {
    "shape" : "7373e437-54ac-41da-bf6a-2dbd7f6039af",
    "color" : "#F2F2F2",
    "position" : {
      "x" : 22.18034,
      "y" : -43.12461,
      "z" : -22.18034
    }
  }, {
    "shape" : "7373e437-54ac-41da-bf6a-2dbd7f6039af",
    "color" : "#F2F2F2",
    "position" : {
      "x" : -12.326238,
      "y" : -33.27051,
      "z" : -33.27051
    }
  }, {
    "shape" : "29867115-e28e-4dd9-9984-35ae435c2682",
    "color" : "#FFB31A",
    "position" : {
      "x" : -11.09017,
      "y" : -11.09017,
      "z" : 33.27051
    },
    "orientation" : 4
  }, {
    "shape" : "7373e437-54ac-41da-bf6a-2dbd7f6039af",
    "color" : "#F2F2F2",
    "position" : {
      "x" : -22.18034,
      "y" : 43.12461,
      "z" : 23.416409
    }
  }, {
    "shape" : "5bb945ca-b4c8-4062-b0f9-4fa3add85ec7",
    "color" : "#FFB31A",
    "position" : {
      "x" : 11.09017,
      "y" : -32.034443,
      "z" : 33.27051
    },
    "orientation" : 4
  }, {
    "shape" : "29867115-e28e-4dd9-9984-35ae435c2682",
    "color" : "#FFB31A",
    "position" : {
      "x" : -33.27051,
      "y" : 11.09017,
      "z" : -11.09017
    },
    "orientation" : 24
  }, {
    "shape" : "7373e437-54ac-41da-bf6a-2dbd7f6039af",
    "color" : "#F2F2F2",
    "position" : {
      "x" : 0.0,
      "y" : -23.416409,
      "z" : -22.18034
    }
  }, {
    "shape" : "7373e437-54ac-41da-bf6a-2dbd7f6039af",
    "color" : "#F2F2F2",
    "position" : {
      "x" : 0.0,
      "y" : 44.36068,
      "z" : 20.944271
    }
  }, {
    "shape" : "7373e437-54ac-41da-bf6a-2dbd7f6039af",
    "color" : "#009933",
    "position" : {
      "x" : 11.09017,
      "y" : -12.326238,
      "z" : 33.132744
    }
  }, {
    "shape" : "7373e437-54ac-41da-bf6a-2dbd7f6039af",
    "color" : "#F2F2F2",
    "position" : {
      "x" : 1.236068,
      "y" : -22.18034,
      "z" : -20.944271
    }
  }, {
    "shape" : "29867115-e28e-4dd9-9984-35ae435c2682",
    "color" : "#FFB31A",
    "position" : {
      "x" : -11.09017,
      "y" : -55.45085,
      "z" : -11.09017
    },
    "orientation" : 3
  }, {
    "shape" : "7373e437-54ac-41da-bf6a-2dbd7f6039af",
    "color" : "#000066",
    "position" : {
      "x" : 0.0,
      "y" : 0.0,
      "z" : 0.0
    }
  }, {
    "shape" : "7373e437-54ac-41da-bf6a-2dbd7f6039af",
    "color" : "#F2F2F2",
    "position" : {
      "x" : 0.0,
      "y" : -22.18034,
      "z" : -44.36068
    }
  }, {
    "shape" : "29867115-e28e-4dd9-9984-35ae435c2682",
    "color" : "#FFB31A",
    "position" : {
      "x" : 11.09017,
      "y" : -33.27051,
      "z" : -11.09017
    },
    "orientation" : 5
  }, {
    "shape" : "7373e437-54ac-41da-bf6a-2dbd7f6039af",
    "color" : "#F2F2F2",
    "position" : {
      "x" : 12.326238,
      "y" : -12.326238,
      "z" : 33.27051
    }
  }, {
    "shape" : "29867115-e28e-4dd9-9984-35ae435c2682",
    "color" : "#FFB31A",
    "position" : {
      "x" : 11.09017,
      "y" : -11.09017,
      "z" : 33.27051
    },
    "orientation" : 24
  }, {
    "shape" : "29867115-e28e-4dd9-9984-35ae435c2682",
    "color" : "#FFB31A",
    "position" : {
      "x" : 22.18034,
      "y" : -22.18034,
      "z" : 44.36068
    },
    "orientation" : 19
  }, {
    "shape" : "29867115-e28e-4dd9-9984-35ae435c2682",
    "color" : "#FFB31A",
    "position" : {
      "x" : -11.09017,
      "y" : -33.27051,
      "z" : -11.09017
    },
    "orientation" : 19
  }, {
    "shape" : "7373e437-54ac-41da-bf6a-2dbd7f6039af",
    "color" : "#F2F2F2",
    "position" : {
      "x" : -23.416409,
      "y" : -1.236068,
      "z" : -22.18034
    }
  }, {
    "shape" : "cab4d18e-9491-47b8-8066-b2d8908f22f3",
    "color" : "#008EC2",
    "position" : {
      "x" : -12.326238,
      "y" : 11.09017,
      "z" : 33.27051
    },
    "orientation" : 1
  }, {
    "shape" : "29867115-e28e-4dd9-9984-35ae435c2682",
    "color" : "#FFB31A",
    "position" : {
      "x" : 11.09017,
      "y" : -11.09017,
      "z" : 55.45085
    },
    "orientation" : 4
  }, {
    "shape" : "7373e437-54ac-41da-bf6a-2dbd7f6039af",
    "color" : "#F2F2F2",
    "position" : {
      "x" : 9.854102,
      "y" : -11.09017,
      "z" : 54.214783
    }
  }, {
    "shape" : "7373e437-54ac-41da-bf6a-2dbd7f6039af",
    "color" : "#009900",
    "position" : {
      "x" : 33.339394,
      "y" : -12.257354,
      "z" : 11.021286
    }
  }, {
    "shape" : "7373e437-54ac-41da-bf6a-2dbd7f6039af",
    "color" : "#F2F2F2",
    "position" : {
      "x" : -22.18034,
      "y" : 22.18034,
      "z" : -44.36068
    }
  }, {
    "shape" : "7373e437-54ac-41da-bf6a-2dbd7f6039af",
    "color" : "#F2F2F2",
    "position" : {
      "x" : 9.854102,
      "y" : 55.45085,
      "z" : -9.854102
    }
  }, {
    "shape" : "7373e437-54ac-41da-bf6a-2dbd7f6039af",
    "color" : "#F2F2F2",
    "position" : {
      "x" : 9.854102,
      "y" : -11.09017,
      "z" : -33.27051
    }
  }, {
    "shape" : "5bb945ca-b4c8-4062-b0f9-4fa3add85ec7",
    "color" : "#FFB31A",
    "position" : {
      "x" : -22.18034,
      "y" : -22.18034,
      "z" : -43.12461
    },
    "orientation" : 5
  }, {
    "shape" : "7373e437-54ac-41da-bf6a-2dbd7f6039af",
    "color" : "#F2F2F2",
    "position" : {
      "x" : -11.09017,
      "y" : 9.854102,
      "z" : 9.854102
    }
  }, {
    "shape" : "cab4d18e-9491-47b8-8066-b2d8908f22f3",
    "color" : "#008EC2",
    "position" : {
      "x" : 12.326238,
      "y" : 33.27051,
      "z" : -12.326238
    },
    "orientation" : 2
  }, {
    "shape" : "7373e437-54ac-41da-bf6a-2dbd7f6039af",
    "color" : "#F2F2F2",
    "position" : {
      "x" : 11.09017,
      "y" : 22.18034,
      "z" : -33.27051
    }
  }, {
    "shape" : "29867115-e28e-4dd9-9984-35ae435c2682",
    "color" : "#FFB31A",
    "position" : {
      "x" : -44.36068,
      "y" : -22.18034,
      "z" : 22.18034
    },
    "orientation" : 54
  }, {
