{
  "polygons" : "true",
  "field" : "golden",
  "symmetry" : "icosahedral",
  "orientations" : [ [ 1.0, 0.0, 0.0, 0.0, 0.0, 1.0, 0.0, 0.0, 0.0, 0.0, 1.0, 0.0, 0.0, 0.0, 0.0, 1.0 ], [ 0.0, 0.0, 1.0, 0.0, 1.0, 0.0, 0.0, 0.0, 0.0, 1.0, 0.0, 0.0, 0.0, 0.0, 0.0, 1.0 ], [ 0.0, 1.0, 0.0, 0.0, 0.0, 0.0, 1.0, 0.0, 1.0, 0.0, 0.0, 0.0, 0.0, 0.0, 0.0, 1.0 ], [ 0.809017, 0.309017, 0.5, 0.0, 0.309017, 0.5, -0.809017, 0.0, -0.5, 0.809017, 0.309017, 0.0, 0.0, 0.0, 0.0, 1.0 ], [ -0.5, 0.809017, 0.309017, 0.0, 0.809017, 0.309017, 0.5, 0.0, 0.309017, 0.5, -0.809017, 0.0, 0.0, 0.0, 0.0, 1.0 ], [ 0.309017, 0.5, -0.809017, 0.0, -0.5, 0.809017, 0.309017, 0.0, 0.809017, 0.309017, 0.5, 0.0, 0.0, 0.0, 0.0, 1.0 ], [ 0.5, 0.809017, 0.309017, 0.0, 0.809017, -0.309017, -0.5, 0.0, -0.309017, 0.5, -0.809017, 0.0, 0.0, 0.0, 0.0, 1.0 ], [ -0.309017, 0.5, -0.809017, 0.0, 0.5, 0.809017, 0.309017, 0.0, 0.809017, -0.309017, -0.5, 0.0, 0.0, 0.0, 0.0, 1.0 ], [ 0.809017, -0.309017, -0.5, 0.0, -0.309017, 0.5, -0.809017, 0.0, 0.5, 0.809017, 0.309017, 0.0, 0.0, 0.0, 0.0, 1.0 ], [ 0.5, 0.809017, -0.309017, 0.0, 0.809017, -0.309017, 0.5, 0.0, 0.309017, -0.5, -0.809017, 0.0, 0.0, 0.0, 0.0, 1.0 ], [ 0.309017, -0.5, -0.809017, 0.0, 0.5, 0.809017, -0.309017, 0.0, 0.809017, -0.309017, 0.5, 0.0, 0.0, 0.0, 0.0, 1.0 ], [ 0.809017, -0.309017, 0.5, 0.0, 0.309017, -0.5, -0.809017, 0.0, 0.5, 0.809017, -0.309017, 0.0, 0.0, 0.0, 0.0, 1.0 ], [ 0.809017, 0.309017, -0.5, 0.0, 0.309017, 0.5, 0.809017, 0.0, 0.5, -0.809017, 0.309017, 0.0, 0.0, 0.0, 0.0, 1.0 ], [ 0.5, -0.809017, 0.309017, 0.0, 0.809017, 0.309017, -0.5, 0.0, 0.309017, 0.5, 0.809017, 0.0, 0.0, 0.0, 0.0, 1.0 ], [ 0.309017, 0.5, 0.809017, 0.0, 0.5, -0.809017, 0.309017, 0.0, 0.809017, 0.309017, -0.5, 0.0, 0.0, 0.0, 0.0, 1.0 ], [ 1.0, 0.0, 0.0, 0.0, 0.0, -1.0, 0.0, 0.0, 0.0, 0.0, -1.0, 0.0, 0.0, 0.0, 0.0, 1.0 ], [ 0.0, 0.0, 1.0, 0.0, -1.0, 0.0, 0.0, 0.0, 0.0, -1.0, 0.0, 0.0, 0.0, 0.0, 0.0, 1.0 ], [ 0.0, 1.0, 0.0, 0.0, 0.0, 0.0, -1.0, 0.0, -1.0, 0.0, 0.0, 0.0, 0.0, 0.0, 0.0, 1.0 ], [ 0.809017, 0.309017, 0.5, 0.0, -0.309017, -0.5, 0.809017, 0.0, 0.5, -0.809017, -0.309017, 0.0, 0.0, 0.0, 0.0, 1.0 ], [ -0.5, 0.809017, 0.309017, 0.0, -0.809017, -0.309017, -0.5, 0.0, -0.309017, -0.5, 0.809017, 0.0, 0.0, 0.0, 0.0, 1.0 ], [ 0.309017, 0.5, -0.809017, 0.0, 0.5, -0.809017, -0.309017, 0.0, -0.809017, -0.309017, -0.5, 0.0, 0.0, 0.0, 0.0, 1.0 ], [ 0.5, 0.809017, 0.309017, 0.0, -0.809017, 0.309017, 0.5, 0.0, 0.309017, -0.5, 0.809017, 0.0, 0.0, 0.0, 0.0, 1.0 ], [ -0.309017, 0.5, -0.809017, 0.0, -0.5, -0.809017, -0.309017, 0.0, -0.809017, 0.309017, 0.5, 0.0, 0.0, 0.0, 0.0, 1.0 ], [ 0.809017, -0.309017, -0.5, 0.0, 0.309017, -0.5, 0.809017, 0.0, -0.5, -0.809017, -0.309017, 0.0, 0.0, 0.0, 0.0, 1.0 ], [ 0.5, 0.809017, -0.309017, 0.0, -0.809017, 0.309017, -0.5, 0.0, -0.309017, 0.5, 0.809017, 0.0, 0.0, 0.0, 0.0, 1.0 ], [ 0.309017, -0.5, -0.809017, 0.0, -0.5, -0.809017, 0.309017, 0.0, -0.809017, 0.309017, -0.5, 0.0, 0.0, 0.0, 0.0, 1.0 ], [ 0.809017, -0.309017, 0.5, 0.0, -0.309017, 0.5, 0.809017, 0.0, -0.5, -0.809017, 0.309017, 0.0, 0.0, 0.0, 0.0, 1.0 ], [ 0.809017, 0.309017, -0.5, 0.0, -0.309017, -0.5, -0.809017, 0.0, -0.5, 0.809017, -0.309017, 0.0, 0.0, 0.0, 0.0, 1.0 ], [ 0.5, -0.809017, 0.309017, 0.0, -0.809017, -0.309017, 0.5, 0.0, -0.309017, -0.5, -0.809017, 0.0, 0.0, 0.0, 0.0, 1.0 ], [ 0.309017, 0.5, 0.809017, 0.0, -0.5, 0.809017, -0.309017, 0.0, -0.809017, -0.309017, 0.5, 0.0, 0.0, 0.0, 0.0, 1.0 ], [ -1.0, 0.0, 0.0, 0.0, 0.0, -1.0, 0.0, 0.0, 0.0, 0.0, 1.0, 0.0, 0.0, 0.0, 0.0, 1.0 ], [ 0.0, 0.0, -1.0, 0.0, -1.0, 0.0, 0.0, 0.0, 0.0, 1.0, 0.0, 0.0, 0.0, 0.0, 0.0, 1.0 ], [ 0.0, -1.0, 0.0, 0.0, 0.0, 0.0, -1.0, 0.0, 1.0, 0.0, 0.0, 0.0, 0.0, 0.0, 0.0, 1.0 ], [ -0.809017, -0.309017, -0.5, 0.0, -0.309017, -0.5, 0.809017, 0.0, -0.5, 0.809017, 0.309017, 0.0, 0.0, 0.0, 0.0, 1.0 ], [ 0.5, -0.809017, -0.309017, 0.0, -0.809017, -0.309017, -0.5, 0.0, 0.309017, 0.5, -0.809017, 0.0, 0.0, 0.0, 0.0, 1.0 ], [ -0.309017, -0.5, 0.809017, 0.0, 0.5, -0.809017, -0.309017, 0.0, 0.809017, 0.309017, 0.5, 0.0, 0.0, 0.0, 0.0, 1.0 ], [ -0.5, -0.809017, -0.309017, 0.0, -0.809017, 0.309017, 0.5, 0.0, -0.309017, 0.5, -0.809017, 0.0, 0.0, 0.0, 0.0, 1.0 ], [ 0.309017, -0.5, 0.809017, 0.0, -0.5, -0.809017, -0.309017, 0.0, 0.809017, -0.309017, -0.5, 0.0, 0.0, 0.0, 0.0, 1.0 ], [ -0.809017, 0.309017, 0.5, 0.0, 0.309017, -0.5, 0.809017, 0.0, 0.5, 0.809017, 0.309017, 0.0, 0.0, 0.0, 0.0, 1.0 ], [ -0.5, -0.809017, 0.309017, 0.0, -0.809017, 0.309017, -0.5, 0.0, 0.309017, -0.5, -0.809017, 0.0, 0.0, 0.0, 0.0, 1.0 ], [ -0.309017, 0.5, 0.809017, 0.0, -0.5, -0.809017, 0.309017, 0.0, 0.809017, -0.309017, 0.5, 0.0, 0.0, 0.0, 0.0, 1.0 ], [ -0.809017, 0.309017, -0.5, 0.0, -0.309017, 0.5, 0.809017, 0.0, 0.5, 0.809017, -0.309017, 0.0, 0.0, 0.0, 0.0, 1.0 ], [ -0.809017, -0.309017, 0.5, 0.0, -0.309017, -0.5, -0.809017, 0.0, 0.5, -0.809017, 0.309017, 0.0, 0.0, 0.0, 0.0, 1.0 ], [ -0.5, 0.809017, -0.309017, 0.0, -0.809017, -0.309017, 0.5, 0.0, 0.309017, 0.5, 0.809017, 0.0, 0.0, 0.0, 0.0, 1.0 ], [ -0.309017, -0.5, -0.809017, 0.0, -0.5, 0.809017, -0.309017, 0.0, 0.809017, 0.309017, -0.5, 0.0, 0.0, 0.0, 0.0, 1.0 ], [ -1.0, 0.0, 0.0, 0.0, 0.0, 1.0, 0.0, 0.0, 0.0, 0.0, -1.0, 0.0, 0.0, 0.0, 0.0, 1.0 ], [ 0.0, 0.0, -1.0, 0.0, 1.0, 0.0, 0.0, 0.0, 0.0, -1.0, 0.0, 0.0, 0.0, 0.0, 0.0, 1.0 ], [ 0.0, -1.0, 0.0, 0.0, 0.0, 0.0, 1.0, 0.0, -1.0, 0.0, 0.0, 0.0, 0.0, 0.0, 0.0, 1.0 ], [ -0.809017, -0.309017, -0.5, 0.0, 0.309017, 0.5, -0.809017, 0.0, 0.5, -0.809017, -0.309017, 0.0, 0.0, 0.0, 0.0, 1.0 ], [ 0.5, -0.809017, -0.309017, 0.0, 0.809017, 0.309017, 0.5, 0.0, -0.309017, -0.5, 0.809017, 0.0, 0.0, 0.0, 0.0, 1.0 ], [ -0.309017, -0.5, 0.809017, 0.0, -0.5, 0.809017, 0.309017, 0.0, -0.809017, -0.309017, -0.5, 0.0, 0.0, 0.0, 0.0, 1.0 ], [ -0.5, -0.809017, -0.309017, 0.0, 0.809017, -0.309017, -0.5, 0.0, 0.309017, -0.5, 0.809017, 0.0, 0.0, 0.0, 0.0, 1.0 ], [ 0.309017, -0.5, 0.809017, 0.0, 0.5, 0.809017, 0.309017, 0.0, -0.809017, 0.309017, 0.5, 0.0, 0.0, 0.0, 0.0, 1.0 ], [ -0.809017, 0.309017, 0.5, 0.0, -0.309017, 0.5, -0.809017, 0.0, -0.5, -0.809017, -0.309017, 0.0, 0.0, 0.0, 0.0, 1.0 ], [ -0.5, -0.809017, 0.309017, 0.0, 0.809017, -0.309017, 0.5, 0.0, -0.309017, 0.5, 0.809017, 0.0, 0.0, 0.0, 0.0, 1.0 ], [ -0.309017, 0.5, 0.809017, 0.0, 0.5, 0.809017, -0.309017, 0.0, -0.809017, 0.309017, -0.5, 0.0, 0.0, 0.0, 0.0, 1.0 ], [ -0.809017, 0.309017, -0.5, 0.0, 0.309017, -0.5, -0.809017, 0.0, -0.5, -0.809017, 0.309017, 0.0, 0.0, 0.0, 0.0, 1.0 ], [ -0.809017, -0.309017, 0.5, 0.0, 0.309017, 0.5, 0.809017, 0.0, -0.5, 0.809017, -0.309017, 0.0, 0.0, 0.0, 0.0, 1.0 ], [ -0.5, 0.809017, -0.309017, 0.0, 0.809017, 0.309017, -0.5, 0.0, -0.309017, -0.5, -0.809017, 0.0, 0.0, 0.0, 0.0, 1.0 ], [ -0.309017, -0.5, -0.809017, 0.0, 0.5, -0.809017, 0.309017, 0.0, -0.809017, -0.309017, 0.5, 0.0, 0.0, 0.0, 0.0, 1.0 ] ],
  "lights" : {
    "ambientColor" : "#292929",
    "backgroundColor" : "#AFC8DC",
    "directionalLights" : [ {
      "direction" : [ 1.0, -1.0, -1.0 ],
      "color" : "#EBEBE4"
    }, {
      "direction" : [ -1.0, 0.0, 0.0 ],
      "color" : "#E4E4EB"
    }, {
      "direction" : [ 0.0, 0.0, -1.0 ],
      "color" : "#1E1E1E"
    } ]
  },
  "camera" : {
    "perspective" : true,
    "fieldOfView" : 0.44263294,
    "lookAtPoint" : {
      "x" : 0.0,
      "y" : 0.0,
      "z" : 0.0
    },
    "upDirection" : {
      "x" : -0.048209116,
      "y" : 0.9987392,
      "z" : 0.0074788616
    },
    "stereo" : false,
    "width" : 71.548904,
    "viewDistance" : 158.99606,
    "lookAtPointRV" : {
      "x" : 0.0,
      "y" : 0.0,
      "z" : 0.0,
      "zero" : true
    },
    "lookDirectionRV" : {
      "x" : -0.006693904,
      "y" : 0.0071600755,
      "z" : -0.99991626,
      "zero" : false
    },
    "upDirectionRV" : {
      "x" : -0.048209116,
      "y" : 0.9987392,
      "z" : 0.0074788616,
      "zero" : false
    },
    "lookDirection" : {
      "x" : -0.006693904,
      "y" : 0.0071600755,
      "z" : -0.99991626
    },
    "nearClipDistance" : 0.39749557,
    "farClipDistance" : 317.99295,
    "position" : {
      "x" : 1.0643044,
      "y" : -1.1384238,
      "z" : 158.98274
    }
  },
  "embedding" : [ 1.0, 0.0, 0.0, 0.0, 0.0, 1.0, 0.0, 0.0, 0.0, 0.0, 1.0, 0.0, 0.0, 0.0, 0.0, 1.0 ],
  "shapes" : [ {
    "id" : "608bda86-7afb-46a8-913e-fb2a4d7c745f",
    "vertices" : [ {
      "x" : 0.0,
      "y" : 0.0,
      "z" : 0.0
    }, {
      "x" : 2.8824837,
      "y" : -2.8824837,
      "z" : 0.0
    }, {
      "x" : 7.35702,
      "y" : 1.5746614,
      "z" : -4.465841
    }, {
      "x" : 3.020251,
      "y" : 3.020251,
      "z" : -3.020251
    } ],
    "faces" : [ {
      "vertices" : [ 0, 1, 2, 3 ]
    }, {
      "vertices" : [ 0, 3, 2, 1 ]
    } ]
  }, {
    "id" : "f21df3c6-3b83-4fdf-847c-8ac8f3092587",
    "vertices" : [ {
      "x" : 0.0,
      "y" : 0.0,
      "z" : 0.0
    }, {
      "x" : -0.060187973,
      "y" : -0.077579446,
      "z" : 0.06888371
    }, {
      "x" : -4.4571447,
      "y" : -4.4745364,
      "z" : 4.465841
    } ],
    "faces" : [ {
      "vertices" : [ 0, 1, 2 ]
    }, {
      "vertices" : [ 0, 2, 1 ]
    } ]
  }, {
    "id" : "1c007141-2eee-4048-acd8-afe26b0b1950",
    "vertices" : [ {
      "x" : 0.0,
      "y" : 0.0,
      "z" : 0.0
    }, {
      "x" : -0.018599106,
      "y" : 0.01149488,
      "z" : -0.09738618
    }, {
      "x" : -0.018599106,
      "y" : 2.747563,
      "z" : 7.065733
    }, {
      "x" : 0.0,
      "y" : 2.6802707,
      "z" : 7.01704
    } ],
    "faces" : [ {
      "vertices" : [ 0, 1, 2, 3 ]
    }, {
      "vertices" : [ 0, 3, 2, 1 ]
    } ]
  }, {
    "id" : "33c335de-c6e0-407e-81f0-205efde1b179",
    "vertices" : [ {
      "x" : 0.0,
      "y" : 0.0,
      "z" : 0.0
    }, {
      "x" : -0.030093987,
      "y" : 0.090281956,
      "z" : -0.030093987
    }, {
      "x" : 0.060187973,
      "y" : 0.060187973,
      "z" : -0.060187973
    } ],
    "faces" : [ {
      "vertices" : [ 0, 1, 2 ]
    }, {
      "vertices" : [ 0, 2, 1 ]
    } ]
  }, {
    "id" : "21ff19f2-55f1-4014-b86f-fcd788b8d411",
    "vertices" : [ {
      "x" : 0.0,
      "y" : 0.0,
      "z" : 0.0
    }, {
      "x" : 1.4412419,
      "y" : -1.4412419,
      "z" : 0.0
    }, {
      "x" : 4.461493,
      "y" : 1.5790092,
      "z" : -3.020251
    }, {
      "x" : 0.9198521,
      "y" : 2.759556,
      "z" : -1.8397042
    } ],
    "faces" : [ {
      "vertices" : [ 0, 1, 2, 3 ]
    }, {
      "vertices" : [ 0, 3, 2, 1 ]
    } ]
  }, {
    "id" : "9bf88be5-4fd7-459a-9efe-eac6b8f3057d",
    "vertices" : [ {
      "x" : 0.0,
      "y" : 0.0,
      "z" : 0.0
    }, {
      "x" : -0.037198212,
      "y" : 0.060187973,
      "z" : -0.09738618
    }, {
      "x" : -0.93062174,
      "y" : 2.3992012,
      "z" : -0.09738618
    } ],
    "faces" : [ {
      "vertices" : [ 0, 1, 2 ]
    }, {
      "vertices" : [ 0, 2, 1 ]
    } ]
  }, {
    "id" : "ad4b5cfc-454b-4f77-aa41-7f2858111b76",
    "vertices" : [ {
      "x" : 0.0,
      "y" : 0.0,
      "z" : 0.0
    }, {
      "x" : 0.8907364,
      "y" : -3.2227147,
      "z" : -2.3319783
    }, {
      "x" : 0.0,
      "y" : -1.7814728,
      "z" : -4.6639566
    } ],
    "faces" : [ {
      "vertices" : [ 0, 1, 2 ]
    }, {
      "vertices" : [ 0, 2, 1 ]
    } ]
  }, {
    "id" : "a99c44ae-5a3d-4ef7-b480-b8be389352c9",
    "vertices" : [ {
      "x" : 0.0,
      "y" : 0.0,
      "z" : 0.0
    }, {
      "x" : -0.030093987,
      "y" : 0.090281956,
      "z" : -0.030093987
    }, {
      "x" : 4.366863,
      "y" : 4.487239,
      "z" : -4.427051
    }, {
      "x" : 4.427051,
      "y" : 4.427051,
      "z" : -4.427051
    } ],
    "faces" : [ {
      "vertices" : [ 0, 1, 2, 3 ]
    }, {
      "vertices" : [ 0, 3, 2, 1 ]
    } ]
  }, {
    "id" : "3a6ac190-8b7b-439a-9589-748f19dea8a4",
    "vertices" : [ {
      "x" : 0.0,
      "y" : 0.0,
      "z" : 0.0
    }, {
      "x" : 0.0,
      "y" : -0.037198212,
      "z" : -0.09738618
    }, {
      "x" : -0.037198212,
      "y" : 0.060187973,
      "z" : -0.09738618
    } ],
    "faces" : [ {
      "vertices" : [ 0, 1, 2 ]
    }, {
      "vertices" : [ 0, 2, 1 ]
    } ]
  }, {
    "id" : "db1a6e9e-bb9e-4c9f-ad65-5d66129597dc",
    "vertices" : [ {
      "x" : 0.0,
      "y" : 0.0,
      "z" : 0.0
    }, {
      "x" : -0.8907364,
      "y" : 3.2227147,
      "z" : -2.3319783
    }, {
      "x" : 0.10513717,
      "y" : 5.3845773,
      "z" : 0.2752527
    } ],
    "faces" : [ {
      "vertices" : [ 0, 1, 2 ]
    }, {
      "vertices" : [ 0, 2, 1 ]
    } ]
  }, {
    "id" : "6b6b4269-5e41-44fb-be5b-ef8cd6890e00",
    "vertices" : [ {
      "x" : 0.0,
      "y" : 0.0,
      "z" : 0.0
    }, {
      "x" : -1.78416,
      "y" : 4.6683044,
      "z" : -0.0070349984
    }, {
      "x" : -1.3374482,
      "y" : 4.838933,
      "z" : 3.5014849
    } ],
    "faces" : [ {
      "vertices" : [ 0, 1, 2 ]
    }, {
      "vertices" : [ 0, 2, 1 ]
    } ]
  }, {
    "id" : "bcc40a15-d007-4468-9b54-9cdd1549d872",
    "vertices" : [ {
      "x" : 0.0,
      "y" : 0.0,
      "z" : 0.0
    }, {
      "x" : 2.8824837,
      "y" : -2.8824837,
      "z" : 0.0
    }, {
      "x" : -1.5746614,
      "y" : -7.35702,
      "z" : 4.465841
    }, {
      "x" : -3.020251,
      "y" : -3.020251,
      "z" : 3.020251
    } ],
    "faces" : [ {
      "vertices" : [ 0, 1, 2, 3 ]
    }, {
      "vertices" : [ 0, 3, 2, 1 ]
    } ]
  }, {
    "id" : "e221f874-774c-40cb-85d6-2530a020a093",
    "vertices" : [ {
      "x" : 0.0,
      "y" : 0.0,
      "z" : 0.0
    }, {
      "x" : 7.8904476,
      "y" : -2.7103999,
      "z" : -2.5900238
    }, {
      "x" : 3.5536783,
      "y" : -7.0471687,
      "z" : 1.7467452
    }, {
      "x" : -0.9034666,
      "y" : -2.7103999,
      "z" : 1.8069332
    } ],
    "faces" : [ {
      "vertices" : [ 0, 1, 2, 3 ]
    }, {
      "vertices" : [ 0, 3, 2, 1 ]
    } ]
  }, {
    "id" : "445a18d6-3be5-4e57-9396-591739d8ce72",
    "vertices" : [ {
      "x" : 0.0,
      "y" : 0.0,
      "z" : 0.0
    }, {
      "x" : 1.4412419,
      "y" : 0.5505054,
      "z" : 3.77322
    }, {
      "x" : 1.6113573,
      "y" : -2.9474618,
      "z" : 4.2185884
    } ],
    "faces" : [ {
      "vertices" : [ 0, 1, 2 ]
    }, {
      "vertices" : [ 0, 2, 1 ]
    } ]
  }, {
    "id" : "2f3b2573-49f8-4fb3-9441-1468507553dc",
    "vertices" : [ {
      "x" : 0.0,
      "y" : 0.0,
      "z" : 0.0
    }, {
      "x" : -0.17062871,
      "y" : 3.50852,
      "z" : -0.44671178
    }, {
      "x" : 1.3050549,
      "y" : 4.0721807,
      "z" : 3.4166782
    }, {
      "x" : 2.2170775,
      "y" : 0.7724519,
      "z" : 5.8043847
    }, {
      "x" : 1.0101063,
      "y" : -1.8476659,
      "z" : 2.6444929
    } ],
    "faces" : [ {
      "vertices" : [ 0, 1, 2, 3, 4 ]
    }, {
      "vertices" : [ 0, 4, 3, 2, 1 ]
    } ]
  }, {
    "id" : "67e1e0b3-e2ba-412c-8779-f968f2b39e1d",
    "vertices" : [ {
      "x" : 0.0,
      "y" : 0.0,
      "z" : 0.0
    }, {
      "x" : -0.563661,
      "y" : 3.86339,
      "z" : -1.4756837
    }, {
      "x" : 1.7683172,
      "y" : 6.535599,
      "z" : 4.6295147
    }, {
      "x" : 1.7814728,
      "y" : 6.4454293,
      "z" : 4.6639566
    } ],
    "faces" : [ {
      "vertices" : [ 0, 1, 2, 3 ]
    }, {
      "vertices" : [ 0, 3, 2, 1 ]
    } ]
  }, {
    "id" : "16db9119-6f48-4832-a4c5-709255ac86e1",
    "vertices" : [ {
      "x" : 0.0,
      "y" : 0.0,
      "z" : 0.0
    }, {
      "x" : 0.077579446,
      "y" : 0.060187973,
      "z" : -0.06888371
    }, {
      "x" : 4.4745364,
      "y" : 4.4571447,
      "z" : -4.465841
    } ],
    "faces" : [ {
      "vertices" : [ 0, 1, 2 ]
    }, {
      "vertices" : [ 0, 2, 1 ]
    } ]
  }, {
    "id" : "3a9752b8-1686-493a-bf7d-790113640a2c",
    "vertices" : [ {
      "x" : 0.0,
      "y" : 0.0,
      "z" : 0.0
    }, {
      "x" : 0.0,
      "y" : 1.7814728,
      "z" : 4.6639566
    }, {
      "x" : 0.91202265,
      "y" : -1.5182562,
      "z" : 2.2762501
    } ],
    "faces" : [ {
      "vertices" : [ 0, 1, 2 ]
    }, {
      "vertices" : [ 0, 2, 1 ]
    } ]
  }, {
    "id" : "521eb8ab-32e4-4525-8323-aa23ffff3e57",
    "vertices" : [ {
      "x" : 0.0,
      "y" : 0.0,
      "z" : 0.0
    }, {
      "x" : -0.8907364,
      "y" : 3.2227147,
      "z" : 2.3319783
    }, {
      "x" : 0.0,
      "y" : 1.7814728,
      "z" : 4.6639566
    } ],
    "faces" : [ {
      "vertices" : [ 0, 1, 2 ]
    }, {
      "vertices" : [ 0, 2, 1 ]
    } ]
  }, {
    "id" : "fee8e131-0eb6-4a31-b09b-bda83a90482c",
    "vertices" : [ {
      "x" : 0.0,
      "y" : 0.0,
      "z" : 0.0
    }, {
      "x" : 0.0,
      "y" : -1.7814728,
      "z" : -4.6639566
    }, {
      "x" : -0.91202265,
      "y" : 1.5182562,
      "z" : -2.2762501
    } ],
    "faces" : [ {
      "vertices" : [ 0, 1, 2 ]
    }, {
      "vertices" : [ 0, 2, 1 ]
    } ]
  }, {
    "id" : "94d74373-d081-45e8-ac7e-8338a916a080",
    "vertices" : [ {
      "x" : 0.0,
      "y" : 0.0,
      "z" : 0.0
    }, {
      "x" : 0.91202265,
      "y" : -3.2997289,
      "z" : 2.3877063
    }, {
      "x" : -0.80447185,
      "y" : -5.7368445,
      "z" : -2.1061347
    } ],
    "faces" : [ {
      "vertices" : [ 0, 1, 2 ]
    }, {
      "vertices" : [ 0, 2, 1 ]
    } ]
  }, {
    "id" : "8cad34b6-c3d5-4323-9350-fc091f66bcd6",
    "vertices" : [ {
      "x" : 0.0,
      "y" : 0.0,
      "z" : 0.0
    }, {
      "x" : -0.11803399,
      "y" : 0.309017,
      "z" : 0.0
    }, {
      "x" : -0.11803399,
      "y" : 2.927051,
      "z" : 6.854102
    }, {
      "x" : 0.0,
      "y" : 2.736068,
      "z" : 7.163119
    } ],
    "faces" : [ {
      "vertices" : [ 0, 1, 2, 3 ]
    }, {
      "vertices" : [ 0, 3, 2, 1 ]
    } ]
  }, {
    "id" : "2f16afdf-c1f9-4430-a3ec-11ecbe4c399b",
    "vertices" : [ {
      "x" : 0.0,
      "y" : 0.0,
      "z" : 0.0
    }, {
      "x" : 0.0,
      "y" : 0.0,
      "z" : -0.008695736
    }, {
      "x" : 0.008695736,
      "y" : 0.12907168,
      "z" : -0.06888371
    } ],
    "faces" : [ {
      "vertices" : [ 0, 1, 2 ]
    }, {
      "vertices" : [ 0, 2, 1 ]
    } ]
  }, {
    "id" : "a9c2a20b-0c8c-476e-8771-d419311ff5be",
    "vertices" : [ {
      "x" : 0.0,
      "y" : 0.0,
      "z" : 0.0
    }, {
      "x" : 0.34836167,
      "y" : 7.163119,
      "z" : 0.91202265
    }, {
      "x" : 1.2085615,
      "y" : 1.4901333,
      "z" : 3.1640553
    }, {
      "x" : 0.81573784,
      "y" : -1.7708204,
      "z" : 2.1356294
    } ],
    "faces" : [ {
      "vertices" : [ 0, 1, 2, 3 ]
    }, {
      "vertices" : [ 0, 3, 2, 1 ]
    } ]
  }, {
    "id" : "3d07d6a3-695c-43be-a153-13ef15f21ac0",
    "vertices" : [ {
      "x" : 0.0,
      "y" : 0.0,
      "z" : 0.0
    }, {
      "x" : 0.021286236,
      "y" : -0.07701433,
      "z" : -0.05572809
    }, {
      "x" : -0.8907364,
      "y" : 1.4412419,
      "z" : -2.3319783
    } ],
    "faces" : [ {
      "vertices" : [ 0, 1, 2 ]
    }, {
      "vertices" : [ 0, 2, 1 ]
    } ]
  }, {
    "id" : "da230a9a-52f1-4b62-8cac-1cf32facff77",
    "vertices" : [ {
      "x" : 0.0,
      "y" : 0.0,
      "z" : 0.0
    }, {
      "x" : 1.78416,
      "y" : -4.6683044,
      "z" : 0.0070349984
    }, {
      "x" : 1.3374482,
      "y" : -4.838933,
      "z" : -3.5014849
    } ],
    "faces" : [ {
      "vertices" : [ 0, 1, 2 ]
    }, {
      "vertices" : [ 0, 2, 1 ]
    } ]
  }, {
    "id" : "7d11360e-5875-4f71-ace6-3de4027331d1",
    "vertices" : [ {
      "x" : 0.0,
      "y" : 0.0,
      "z" : 0.0
    }, {
      "x" : 0.4453682,
      "y" : -1.6113573,
      "z" : -1.1659892
    }, {
      "x" : -0.8907364,
      "y" : 1.4412419,
      "z" : -2.3319783
    } ],
    "faces" : [ {
      "vertices" : [ 0, 1, 2 ]
    }, {
      "vertices" : [ 0, 2, 1 ]
    } ]
  }, {
    "id" : "4143181f-99f9-4e1e-9d9b-4f86a2125971",
    "vertices" : [ {
      "x" : 0.0,
      "y" : 0.0,
      "z" : 0.0
    }, {
      "x" : -0.8907364,
      "y" : 1.4412419,
      "z" : -2.3319783
    }, {
      "x" : -1.7814728,
      "y" : 4.6639566,
      "z" : 0.0
    } ],
    "faces" : [ {
      "vertices" : [ 0, 1, 2 ]
    }, {
      "vertices" : [ 0, 2, 1 ]
    } ]
  }, {
    "id" : "38ea002d-3fdf-4a94-ae25-6f5d5f6d2691",
    "vertices" : [ {
      "x" : 0.0,
      "y" : 0.0,
      "z" : 0.0
    }, {
      "x" : 1.4756837,
      "y" : -0.563661,
      "z" : 3.86339
    }, {
      "x" : 1.1354526,
      "y" : -7.5595956,
      "z" : 2.9726536
    }, {
      "x" : 1.1010108,
      "y" : -7.54644,
      "z" : 2.8824837
    } ],
    "faces" : [ {
      "vertices" : [ 0, 1, 2, 3 ]
    }, {
      "vertices" : [ 0, 3, 2, 1 ]
    } ]
  }, {
    "id" : "4b236b9c-0f88-4848-81b3-bfc6887e7fd7",
    "vertices" : [ {
      "x" : 0.0,
      "y" : 0.0,
      "z" : 0.0
    }, {
      "x" : -0.030093987,
      "y" : 0.090281956,
      "z" : -0.030093987
    }, {
      "x" : -0.090281956,
      "y" : 0.030093987,
      "z" : 0.030093987
    } ],
    "faces" : [ {
      "vertices" : [ 0, 1, 2 ]
    }, {
      "vertices" : [ 0, 2, 1 ]
    } ]
  }, {
    "id" : "2781a819-7333-4594-8b61-bc66b8ce81c1",
    "vertices" : [ {
      "x" : 0.0,
      "y" : 0.0,
      "z" : 0.0
    }, {
      "x" : -0.93062174,
      "y" : 2.3992012,
      "z" : -0.09738618
    }, {
      "x" : -0.5658127,
      "y" : 2.5385458,
      "z" : 2.7678614
    }, {
      "x" : 0.89342356,
      "y" : -0.5521661,
      "z" : 4.6780267
    } ],
    "faces" : [ {
      "vertices" : [ 0, 1, 2, 3 ]
    }, {
      "vertices" : [ 0, 3, 2, 1 ]
    } ]
  }, {
    "id" : "7efa3808-d656-4ec6-b963-8d8ade32e2fa",
    "vertices" : [ {
      "x" : 0.0,
      "y" : 0.0,
      "z" : 0.0
    }, {
      "x" : -0.008695736,
      "y" : 0.12907168,
      "z" : -0.060187973
    }, {
      "x" : -4.336769,
      "y" : 4.4571447,
      "z" : -0.060187973
    } ],
    "faces" : [ {
      "vertices" : [ 0, 1, 2 ]
    }, {
      "vertices" : [ 0, 2, 1 ]
    } ]
  }, {
    "id" : "d6585f77-545c-448e-a1a7-96572e3f3634",
    "vertices" : [ {
      "x" : 0.0,
      "y" : 0.0,
      "z" : 0.0
    }, {
      "x" : -0.0026871301,
      "y" : 0.004347868,
      "z" : -0.0070349984
    }, {
      "x" : -1.78416,
      "y" : 4.6683044,
      "z" : -0.0070349984
    } ],
    "faces" : [ {
      "vertices" : [ 0, 1, 2 ]
    }, {
      "vertices" : [ 0, 2, 1 ]
    } ]
  }, {
    "id" : "bdaf369d-5cb0-4a25-93ca-d74047e0d6f9",
    "vertices" : [ {
      "x" : 0.0,
      "y" : 0.0,
      "z" : 0.0
    }, {
      "x" : 0.0026871301,
      "y" : -0.004347868,
      "z" : 0.0070349984
    }, {
      "x" : 1.78416,
      "y" : -4.6683044,
      "z" : 0.0070349984
    } ],
    "faces" : [ {
      "vertices" : [ 0, 1, 2 ]
    }, {
      "vertices" : [ 0, 2, 1 ]
    } ]
  }, {
    "id" : "79437733-bb33-4e54-b8fb-2eae776042a8",
    "vertices" : [ {
      "x" : 0.0,
      "y" : 0.0,
      "z" : 0.0
    }, {
      "x" : -0.090281956,
      "y" : 0.030093987,
      "z" : 0.030093987
    }, {
      "x" : -0.030093987,
      "y" : 0.090281956,
      "z" : -0.030093987
    } ],
    "faces" : [ {
      "vertices" : [ 0, 1, 2 ]
    }, {
      "vertices" : [ 0, 2, 1 ]
    } ]
  }, {
    "id" : "50574b53-0941-4157-8f0b-8696ef2664e3",
    "vertices" : [ {
      "x" : 0.0,
      "y" : 0.0,
      "z" : 0.0
    }, {
      "x" : 0.0,
      "y" : -0.008695736,
      "z" : 0.0
    }, {
      "x" : -0.008695736,
      "y" : -0.06888371,
      "z" : 0.12907168
    } ],
    "faces" : [ {
      "vertices" : [ 0, 1, 2 ]
    }, {
      "vertices" : [ 0, 2, 1 ]
    } ]
  }, {
    "id" : "08e7983a-0284-408a-91d6-4ee3d4afc7c8",
    "vertices" : [ {
      "x" : 0.0,
      "y" : 0.0,
      "z" : 0.0
    }, {
      "x" : 2.618034,
      "y" : -6.854102,
      "z" : 0.0
    }, {
      "x" : 2.618034,
      "y" : -9.472136,
      "z" : -6.854102
    }, {
      "x" : 0.0,
      "y" : -2.618034,
      "z" : -6.854102
    } ],
    "faces" : [ {
      "vertices" : [ 0, 1, 2, 3 ]
    }, {
      "vertices" : [ 0, 3, 2, 1 ]
    } ]
  }, {
    "id" : "04414c39-a79d-4349-a3f4-2a10665e9b01",
    "vertices" : [ {
      "x" : 0.0,
      "y" : 0.0,
      "z" : 0.0
    }, {
      "x" : 0.030093987,
      "y" : -0.090281956,
      "z" : 0.030093987
    }, {
      "x" : -7.8603535,
      "y" : 2.620118,
      "z" : 2.620118
    } ],
    "faces" : [ {
      "vertices" : [ 0, 1, 2 ]
    }, {
      "vertices" : [ 0, 2, 1 ]
    } ]
  }, {
    "id" : "62779e65-7253-43c3-b9a5-bdf08db66f18",
    "vertices" : [ {
      "x" : 0.0,
      "y" : 0.0,
      "z" : 0.0
    }, {
      "x" : -0.090281956,
      "y" : 0.030093987,
      "z" : 0.030093987
    }, {
      "x" : -0.060187973,
      "y" : -0.060187973,
      "z" : 0.060187973
    } ],
    "faces" : [ {
      "vertices" : [ 0, 1, 2 ]
    }, {
      "vertices" : [ 0, 2, 1 ]
    } ]
  }, {
    "id" : "32aee4e3-f086-48c4-8345-535c31d97359",
    "vertices" : [ {
      "x" : 0.0,
      "y" : 0.0,
      "z" : 0.0
    }, {
      "x" : 0.5505054,
      "y" : -3.77322,
      "z" : 1.4412419
    }, {
      "x" : -0.6154837,
      "y" : -5.1093245,
      "z" : -1.6113573
    } ],
    "faces" : [ {
      "vertices" : [ 0, 1, 2 ]
    }, {
      "vertices" : [ 0, 2, 1 ]
    } ]
  }, {
    "id" : "0613fac4-05c6-4e31-9478-de57b846423e",
    "vertices" : [ {
      "x" : 0.0,
      "y" : 0.0,
      "z" : 0.0
    }, {
      "x" : 2.7103999,
      "y" : -7.8904476,
      "z" : 2.5900238
    }, {
      "x" : 7.0471687,
      "y" : -3.5536783,
      "z" : -1.7467452
    }, {
      "x" : 2.7103999,
      "y" : 0.9034666,
      "z" : -1.8069332
    } ],
    "faces" : [ {
      "vertices" : [ 0, 1, 2, 3 ]
    }, {
      "vertices" : [ 0, 3, 2, 1 ]
    } ]
  }, {
    "id" : "79731e84-df4c-4701-a18e-87b26a224205",
    "vertices" : [ {
      "x" : 0.0,
      "y" : 0.0,
      "z" : 0.0
    }, {
      "x" : -0.91202265,
      "y" : 3.2997289,
      "z" : 2.3877063
    }, {
      "x" : 1.7601866,
      "y" : -2.8054693,
      "z" : 4.7196846
    }, {
      "x" : 1.7814728,
      "y" : -2.8824837,
      "z" : 4.6639566
    } ],
    "faces" : [ {
      "vertices" : [ 0, 1, 2, 3 ]
    }, {
      "vertices" : [ 0, 3, 2, 1 ]
    } ]
  }, {
    "id" : "fe91258a-6ba2-4f4e-9f00-0138f1a94b0c",
    "vertices" : [ {
      "x" : 0.0,
      "y" : 0.0,
      "z" : 0.0
    }, {
      "x" : -0.12907168,
      "y" : 0.008695736,
      "z" : 0.060187973
    }, {
      "x" : -4.4571447,
      "y" : 4.336769,
      "z" : 0.060187973
    } ],
    "faces" : [ {
      "vertices" : [ 0, 1, 2 ]
    }, {
      "vertices" : [ 0, 2, 1 ]
    } ]
  }, {
    "id" : "996f45f5-f23d-4afd-8b3a-8c5d96576bd1",
    "vertices" : [ {
      "x" : 0.0,
      "y" : 0.0,
      "z" : 0.0
    }, {
      "x" : 0.8907364,
      "y" : 3.2227147,
      "z" : 2.3319783
    }, {
      "x" : 1.88661,
      "y" : 1.0608519,
      "z" : 4.939209
    } ],
    "faces" : [ {
      "vertices" : [ 0, 1, 2 ]
    }, {
      "vertices" : [ 0, 2, 1 ]
    } ]
  }, {
    "id" : "78155985-b66a-4148-8a5b-32f50aefd154",
    "vertices" : [ {
      "x" : 0.0,
      "y" : 0.0,
      "z" : 0.0
    }, {
      "x" : 1.1695067,
      "y" : -1.3401353,
      "z" : 3.061808
    }, {
      "x" : 0.60584563,
      "y" : -5.2035255,
      "z" : 1.5861244
    }, {
      "x" : -0.86983806,
      "y" : -5.767186,
      "z" : -2.2772655
    }, {
      "x" : -1.0760133,
      "y" : -1.5277467,
      "z" : -2.8170395
    } ],
    "faces" : [ {
      "vertices" : [ 0, 1, 2, 3, 4 ]
    }, {
      "vertices" : [ 0, 4, 3, 2, 1 ]
    } ]
  }, {
    "id" : "f84fa562-7983-4788-b147-1eb348f7374a",
    "vertices" : [ {
      "x" : 0.0,
      "y" : 0.0,
      "z" : 0.0
    }, {
      "x" : -3.2386436,
      "y" : 6.8595576,
      "z" : -4.2394395
    }, {
      "x" : -2.6988697,
      "y" : 7.065733,
      "z" : 0.0
    } ],
    "faces" : [ {
      "vertices" : [ 0, 1, 2 ]
    }, {
      "vertices" : [ 0, 2, 1 ]
    } ]
  }, {
    "id" : "df513125-1f34-4c34-a92f-54363c326f70",
    "vertices" : [ {
      "x" : 0.0,
      "y" : 0.0,
      "z" : 0.0
    }, {
      "x" : 0.090281956,
      "y" : -0.030093987,
      "z" : -0.030093987
    }, {
      "x" : -2.620118,
      "y" : 7.8603535,
      "z" : -2.620118
    } ],
    "faces" : [ {
      "vertices" : [ 0, 1, 2 ]
    }, {
      "vertices" : [ 0, 2, 1 ]
    } ]
  }, {
    "id" : "1041ed48-5fe1-48dd-bd4b-a145d7f7ffea",
    "vertices" : [ {
      "x" : 0.0,
      "y" : 0.0,
      "z" : 0.0
    }, {
      "x" : -1.7814728,
      "y" : 2.8824837,
      "z" : -4.6639566
    }, {
      "x" : -0.8907364,
      "y" : 3.2227147,
      "z" : 2.3319783
    } ],
    "faces" : [ {
      "vertices" : [ 0, 1, 2 ]
    }, {
      "vertices" : [ 0, 2, 1 ]
    } ]
  }, {
    "id" : "d0921356-12d2-4037-8fa1-b7dd211cae8b",
    "vertices" : [ {
      "x" : 0.0,
      "y" : 0.0,
      "z" : 0.0
    }, {
      "x" : -2.3877063,
      "y" : 2.736068,
      "z" : -6.2510962
    }, {
      "x" : -0.212688,
      "y" : 3.651996,
      "z" : -0.5568244
    }, {
      "x" : 0.81573784,
      "y" : 1.7708204,
      "z" : 2.1356294
    } ],
    "faces" : [ {
      "vertices" : [ 0, 1, 2, 3 ]
    }, {
      "vertices" : [ 0, 3, 2, 1 ]
    } ]
  }, {
    "id" : "aff54723-d33d-49db-8e09-7f8b795cac34",
    "vertices" : [ {
      "x" : 0.0,
      "y" : 0.0,
      "z" : 0.0
    }, {
      "x" : 0.93062174,
      "y" : -2.3992012,
      "z" : 0.09738618
    }, {
      "x" : 0.5658127,
      "y" : -2.5385458,
      "z" : -2.7678614
    }, {
      "x" : -0.89342356,
      "y" : 0.5521661,
      "z" : -4.6780267
    } ],
    "faces" : [ {
      "vertices" : [ 0, 1, 2, 3 ]
    }, {
      "vertices" : [ 0, 3, 2, 1 ]
    } ]
  }, {
    "id" : "13e7e76c-d865-4165-b10a-841ea7bc0859",
    "vertices" : [ {
      "x" : 0.0,
      "y" : 0.0,
      "z" : 0.0
    }, {
      "x" : 2.736068,
      "y" : -6.2510962,
      "z" : 2.3877063
    }, {
      "x" : 2.736068,
      "y" : -7.14452,
      "z" : 0.04869309
    }, {
      "x" : 2.6988697,
      "y" : -7.065733,
      "z" : 0.0
    } ],
    "faces" : [ {
      "vertices" : [ 0, 1, 2, 3 ]
    }, {
      "vertices" : [ 0, 3, 2, 1 ]
    } ]
  }, {
    "id" : "dbffd072-128e-4955-b2f1-6e6c8496c4f8",
    "vertices" : [ {
      "x" : 0.0,
      "y" : 0.0,
      "z" : 0.0
    }, {
      "x" : 0.91202265,
      "y" : -3.2997289,
      "z" : -2.3877063
    }, {
      "x" : -1.7601866,
      "y" : 2.8054693,
      "z" : -4.7196846
    }, {
      "x" : -1.7814728,
      "y" : 2.8824837,
      "z" : -4.6639566
    } ],
    "faces" : [ {
      "vertices" : [ 0, 1, 2, 3 ]
    }, {
      "vertices" : [ 0, 3, 2, 1 ]
    } ]
  }, {
    "id" : "f2204cfc-540e-49ce-8f68-392e890ff44b",
    "vertices" : [ {
      "x" : 0.0,
      "y" : 0.0,
      "z" : 0.0
    }, {
      "x" : 1.1695067,
      "y" : 1.3401353,
      "z" : 3.061808
    }, {
      "x" : 1.7331676,
      "y" : -2.5232546,
      "z" : 4.537492
    }, {
      "x" : 0.82114494,
      "y" : -5.8229837,
      "z" : 2.1497855
    }, {
      "x" : -0.3858263,
      "y" : -3.2028658,
      "z" : -1.0101063
    } ],
    "faces" : [ {
      "vertices" : [ 0, 1, 2, 3, 4 ]
    }, {
      "vertices" : [ 0, 4, 3, 2, 1 ]
    } ]
  }, {
    "id" : "f6b76adf-5106-410e-95f1-aef1e2451423",
    "vertices" : [ {
      "x" : 0.0,
      "y" : 0.0,
      "z" : 0.0
    }, {
      "x" : 0.563661,
      "y" : 3.86339,
      "z" : 1.4756837
    }, {
      "x" : 2.1750183,
      "y" : 0.915928,
      "z" : 5.694272
    } ],
    "faces" : [ {
      "vertices" : [ 0, 1, 2 ]
    }, {
      "vertices" : [ 0, 2, 1 ]
    } ]
  }, {
    "id" : "8e0f5b12-8767-42b6-8111-aafbe98c2c0d",
    "vertices" : [ {
      "x" : 0.0,
      "y" : 0.0,
      "z" : 0.0
    }, {
      "x" : -0.4453682,
      "y" : 1.6113573,
      "z" : 1.1659892
    }, {
      "x" : 0.8907364,
      "y" : -1.4412419,
      "z" : 2.3319783
    } ],
    "faces" : [ {
      "vertices" : [ 0, 1, 2 ]
    }, {
      "vertices" : [ 0, 2, 1 ]
    } ]
  }, {
    "id" : "b77f6c70-55b6-4b3b-8608-efe53c8c7bff",
    "vertices" : [ {
      "x" : 0.0,
      "y" : 0.0,
      "z" : 0.0
    }, {
      "x" : 0.11803399,
      "y" : -0.309017,
      "z" : 0.0
    }, {
      "x" : 0.11803399,
      "y" : -2.927051,
      "z" : -6.854102
    }, {
      "x" : 0.0,
      "y" : -2.736068,
      "z" : -7.163119
    } ],
    "faces" : [ {
      "vertices" : [ 0, 1, 2, 3 ]
    }, {
      "vertices" : [ 0, 3, 2, 1 ]
    } ]
  }, {
    "id" : "8fa02345-dac6-4dbc-97b5-eb8a2c8b2204",
    "vertices" : [ {
      "x" : 0.0,
      "y" : 0.0,
      "z" : 0.0
    }, {
      "x" : 1.7814728,
      "y" : -2.8824837,
      "z" : 4.6639566
    }, {
      "x" : 0.8907364,
      "y" : -3.2227147,
      "z" : -2.3319783
    } ],
    "faces" : [ {
      "vertices" : [ 0, 1, 2 ]
    }, {
      "vertices" : [ 0, 2, 1 ]
    } ]
  }, {
    "id" : "780d0238-863e-4e31-9421-fe64d9984302",
    "vertices" : [ {
      "x" : 0.0,
      "y" : 0.0,
      "z" : 0.0
    }, {
      "x" : 0.8907364,
      "y" : -1.4412419,
      "z" : 2.3319783
    }, {
      "x" : 1.7814728,
      "y" : -4.6639566,
      "z" : 0.0
    } ],
    "faces" : [ {
      "vertices" : [ 0, 1, 2 ]
    }, {
      "vertices" : [ 0, 2, 1 ]
    } ]
  }, {
    "id" : "3e9d76c1-d71a-47d1-b824-d4d2b6c9ca15",
    "vertices" : [ {
      "x" : 0.0,
      "y" : 0.0,
      "z" : 0.0
    }, {
      "x" : -0.021286236,
      "y" : 0.07701433,
      "z" : 0.05572809
    }, {
      "x" : 0.8907364,
      "y" : -1.4412419,
      "z" : 2.3319783
    } ],
    "faces" : [ {
      "vertices" : [ 0, 1, 2 ]
    }, {
      "vertices" : [ 0, 2, 1 ]
    } ]
  }, {
    "id" : "1589b21c-0677-40f9-a323-9869c67a96d6",
    "vertices" : [ {
      "x" : 0.0,
      "y" : 0.0,
      "z" : 0.0
    }, {
      "x" : -0.9988779,
      "y" : 2.1683846,
      "z" : -2.6150963
    }, {
      "x" : -0.08685524,
      "y" : 5.4681134,
      "z" : -0.22738998
    }, {
      "x" : 1.3888284,
      "y" : 4.9044523,
      "z" : 3.636
    }, {
      "x" : 1.1826531,
      "y" : 0.66501284,
      "z" : 3.096226
    } ],
    "faces" : [ {
      "vertices" : [ 0, 1, 2, 3, 4 ]
    }, {
      "vertices" : [ 0, 4, 3, 2, 1 ]
    } ]
  }, {
    "id" : "c9d4385b-3e40-4d83-8603-45785d1e7523",
    "vertices" : [ {
      "x" : 0.0,
      "y" : 0.0,
      "z" : 0.0
    }, {
      "x" : 0.037198212,
      "y" : -0.060187973,
      "z" : 0.09738618
    }, {
      "x" : 0.93062174,
      "y" : -2.3992012,
      "z" : 0.09738618
    } ],
    "faces" : [ {
      "vertices" : [ 0, 1, 2 ]
    }, {
      "vertices" : [ 0, 2, 1 ]
    } ]
  }, {
    "id" : "7462cf33-a8ce-4947-bb7c-9a4bcf825acf",
    "vertices" : [ {
      "x" : 0.0,
      "y" : 0.0,
      "z" : 0.0
    }, {
      "x" : -2.8824837,
      "y" : -1.1010108,
      "z" : -7.54644
    }, {
      "x" : -0.8907364,
      "y" : 3.2227147,
      "z" : -2.3319783
    } ],
    "faces" : [ {
      "vertices" : [ 0, 1, 2 ]
    }, {
      "vertices" : [ 0, 2, 1 ]
    } ]
  }, {
    "id" : "06935535-a8d6-4be6-a007-dc1d84b307a5",
    "vertices" : [ {
      "x" : 0.0,
      "y" : 0.0,
      "z" : 0.0
    }, {
      "x" : -2.3877063,
      "y" : -2.736068,
      "z" : -6.2510962
    }, {
      "x" : -1.0647573,
      "y" : 2.188174,
      "z" : -2.7875707
    }, {
      "x" : 0.13934466,
      "y" : 2.8652475,
      "z" : 0.36480907
    } ],
    "faces" : [ {
      "vertices" : [ 0, 1, 2, 3 ]
    }, {
      "vertices" : [ 0, 3, 2, 1 ]
    } ]
  }, {
    "id" : "cd9e02f3-8cfd-401f-af71-14df60cf5e1e",
    "vertices" : [ {
      "x" : 0.0,
      "y" : 0.0,
      "z" : 0.0
    }, {
      "x" : 1.1010108,
      "y" : 7.54644,
      "z" : 2.8824837
    }, {
      "x" : 1.4412419,
      "y" : 0.5505054,
      "z" : 3.77322
    } ],
    "faces" : [ {
      "vertices" : [ 0, 1, 2 ]
    }, {
      "vertices" : [ 0, 2, 1 ]
    } ]
  }, {
    "id" : "bb5c00f7-da2b-4601-a13a-fb4c53b051b3",
    "vertices" : [ {
      "x" : 0.0,
      "y" : 0.0,
      "z" : 0.0
    }, {
      "x" : -0.9988779,
      "y" : -2.1683846,
      "z" : -2.6150963
    }, {
      "x" : -1.9109006,
      "y" : 1.1313444,
      "z" : -5.0028024
    }, {
      "x" : -1.3472396,
      "y" : 4.9947343,
      "z" : -3.527119
    }, {
      "x" : 0.065907,
      "y" : 3.3754127,
      "z" : 0.17254676
    } ],
    "faces" : [ {
      "vertices" : [ 0, 1, 2, 3, 4 ]
    }, {
      "vertices" : [ 0, 4, 3, 2, 1 ]
    } ]
  }, {
    "id" : "67194b68-ab72-4ca6-a6e6-22b81e39b86b",
    "vertices" : [ {
      "x" : 0.0,
      "y" : 0.0,
      "z" : 0.0
    }, {
      "x" : 0.0,
      "y" : 0.037198212,
      "z" : 0.09738618
    }, {
      "x" : 0.037198212,
      "y" : -0.060187973,
      "z" : 0.09738618
    } ],
    "faces" : [ {
      "vertices" : [ 0, 1, 2 ]
    }, {
      "vertices" : [ 0, 2, 1 ]
    } ]
  }, {
    "id" : "bc1fbef0-f93d-470c-8c8a-e9de9f274ae9",
    "vertices" : [ {
      "x" : 0.0,
      "y" : 0.0,
      "z" : 0.0
    }, {
      "x" : 0.563661,
      "y" : 3.86339,
      "z" : 1.4756837
    }, {
      "x" : 2.8956392,
      "y" : 1.1911807,
      "z" : 7.580882
    }, {
      "x" : 2.8824837,
      "y" : 1.1010108,
      "z" : 7.54644
    } ],
    "faces" : [ {
      "vertices" : [ 0, 1, 2, 3 ]
    }, {
      "vertices" : [ 0, 3, 2, 1 ]
    } ]
  }, {
    "id" : "74598f30-8ebd-44a6-94c9-4d7272cfc0e0",
    "vertices" : [ {
      "x" : 0.0,
      "y" : 0.0,
      "z" : 0.0
    }, {
      "x" : -1.4756837,
      "y" : -0.563661,
      "z" : -3.86339
    }, {
      "x" : -1.8159148,
      "y" : 6.432274,
      "z" : -4.7541265
    }, {
      "x" : -1.7814728,
      "y" : 6.4454293,
      "z" : -4.6639566
    } ],
    "faces" : [ {
      "vertices" : [ 0, 1, 2, 3 ]
    }, {
      "vertices" : [ 0, 3, 2, 1 ]
    } ]
  }, {
    "id" : "c295b89b-27b0-4b4d-840f-fd9a6916a6b9",
    "vertices" : [ {
      "x" : 0.0,
      "y" : 0.0,
      "z" : 0.0
    }, {
      "x" : 0.060187973,
      "y" : 0.077579446,
      "z" : -0.06888371
    }, {
      "x" : 0.12907168,
      "y" : 0.008695736,
      "z" : -0.06888371
    } ],
    "faces" : [ {
      "vertices" : [ 0, 1, 2 ]
    }, {
      "vertices" : [ 0, 2, 1 ]
    } ]
  }, {
    "id" : "590d6e85-6db0-4b8d-acb8-63257a508c00",
    "vertices" : [ {
      "x" : 0.0,
      "y" : 0.0,
      "z" : 0.0
    }, {
      "x" : 3.2386436,
      "y" : -6.8595576,
      "z" : 4.2394395
    }, {
      "x" : 2.6988697,
      "y" : -7.065733,
      "z" : 0.0
    } ],
    "faces" : [ {
      "vertices" : [ 0, 1, 2 ]
    }, {
      "vertices" : [ 0, 2, 1 ]
    } ]
  }, {
    "id" : "875f7bf3-8e82-45d6-87f1-c27d0f55ec62",
    "vertices" : [ {
      "x" : 0.0,
      "y" : 0.0,
      "z" : 0.0
    }, {
      "x" : -1.4756837,
      "y" : -0.563661,
      "z" : -3.86339
    }, {
      "x" : -1.3705465,
      "y" : 4.820916,
      "z" : -3.5881374
    } ],
    "faces" : [ {
      "vertices" : [ 0, 1, 2 ]
    }, {
      "vertices" : [ 0, 2, 1 ]
    } ]
  }, {
    "id" : "02912a7e-5caa-40ff-9919-9b5021ede426",
    "vertices" : [ {
      "x" : 0.0,
      "y" : 0.0,
      "z" : 0.0
    }, {
      "x" : -0.077579446,
      "y" : -0.060187973,
      "z" : 0.06888371
    }, {
      "x" : -0.008695736,
      "y" : -0.12907168,
      "z" : 0.06888371
    } ],
    "faces" : [ {
      "vertices" : [ 0, 1, 2 ]
    }, {
      "vertices" : [ 0, 2, 1 ]
    } ]
  }, {
    "id" : "76170b94-0d71-4279-a883-b9e463e2940d",
    "vertices" : [ {
      "x" : 0.0,
      "y" : 0.0,
      "z" : 0.0
    }, {
      "x" : 1.7814728,
      "y" : -6.4454293,
      "z" : 4.6639566
    }, {
      "x" : -0.5505054,
      "y" : -3.77322,
      "z" : -1.4412419
    } ],
    "faces" : [ {
      "vertices" : [ 0, 1, 2 ]
    }, {
      "vertices" : [ 0, 2, 1 ]
    } ]
  }, {
    "id" : "09c5accd-1ee1-4c2b-8abe-39801522ffde",
    "vertices" : [ {
      "x" : 0.0,
      "y" : 0.0,
      "z" : 0.0
    }, {
      "x" : 1.4412419,
      "y" : -1.4412419,
      "z" : 0.0
    }, {
      "x" : -1.5790092,
      "y" : -4.461493,
      "z" : 3.020251
    }, {
      "x" : -2.759556,
      "y" : -0.9198521,
      "z" : 1.8397042
    } ],
    "faces" : [ {
      "vertices" : [ 0, 1, 2, 3 ]
    }, {
      "vertices" : [ 0, 3, 2, 1 ]
    } ]
  }, {
    "id" : "a461819f-ed6a-466e-bdee-def28f271462",
