{
  "field" : "golden",
  "symmetry" : "icosahedral",
  "orientations" : [ [ 1.0, 0.0, 0.0, 0.0, 0.0, 1.0, 0.0, 0.0, 0.0, 0.0, 1.0, 0.0, 0.0, 0.0, 0.0, 1.0 ], [ 0.0, 0.0, 1.0, 0.0, 1.0, 0.0, 0.0, 0.0, 0.0, 1.0, 0.0, 0.0, 0.0, 0.0, 0.0, 1.0 ], [ 0.0, 1.0, 0.0, 0.0, 0.0, 0.0, 1.0, 0.0, 1.0, 0.0, 0.0, 0.0, 0.0, 0.0, 0.0, 1.0 ], [ 0.809017, 0.309017, 0.5, 0.0, 0.309017, 0.5, -0.809017, 0.0, -0.5, 0.809017, 0.309017, 0.0, 0.0, 0.0, 0.0, 1.0 ], [ -0.5, 0.809017, 0.309017, 0.0, 0.809017, 0.309017, 0.5, 0.0, 0.309017, 0.5, -0.809017, 0.0, 0.0, 0.0, 0.0, 1.0 ], [ 0.309017, 0.5, -0.809017, 0.0, -0.5, 0.809017, 0.309017, 0.0, 0.809017, 0.309017, 0.5, 0.0, 0.0, 0.0, 0.0, 1.0 ], [ 0.5, 0.809017, 0.309017, 0.0, 0.809017, -0.309017, -0.5, 0.0, -0.309017, 0.5, -0.809017, 0.0, 0.0, 0.0, 0.0, 1.0 ], [ -0.309017, 0.5, -0.809017, 0.0, 0.5, 0.809017, 0.309017, 0.0, 0.809017, -0.309017, -0.5, 0.0, 0.0, 0.0, 0.0, 1.0 ], [ 0.809017, -0.309017, -0.5, 0.0, -0.309017, 0.5, -0.809017, 0.0, 0.5, 0.809017, 0.309017, 0.0, 0.0, 0.0, 0.0, 1.0 ], [ 0.5, 0.809017, -0.309017, 0.0, 0.809017, -0.309017, 0.5, 0.0, 0.309017, -0.5, -0.809017, 0.0, 0.0, 0.0, 0.0, 1.0 ], [ 0.309017, -0.5, -0.809017, 0.0, 0.5, 0.809017, -0.309017, 0.0, 0.809017, -0.309017, 0.5, 0.0, 0.0, 0.0, 0.0, 1.0 ], [ 0.809017, -0.309017, 0.5, 0.0, 0.309017, -0.5, -0.809017, 0.0, 0.5, 0.809017, -0.309017, 0.0, 0.0, 0.0, 0.0, 1.0 ], [ 0.809017, 0.309017, -0.5, 0.0, 0.309017, 0.5, 0.809017, 0.0, 0.5, -0.809017, 0.309017, 0.0, 0.0, 0.0, 0.0, 1.0 ], [ 0.5, -0.809017, 0.309017, 0.0, 0.809017, 0.309017, -0.5, 0.0, 0.309017, 0.5, 0.809017, 0.0, 0.0, 0.0, 0.0, 1.0 ], [ 0.309017, 0.5, 0.809017, 0.0, 0.5, -0.809017, 0.309017, 0.0, 0.809017, 0.309017, -0.5, 0.0, 0.0, 0.0, 0.0, 1.0 ], [ 1.0, 0.0, 0.0, 0.0, 0.0, -1.0, 0.0, 0.0, 0.0, 0.0, -1.0, 0.0, 0.0, 0.0, 0.0, 1.0 ], [ 0.0, 0.0, 1.0, 0.0, -1.0, 0.0, 0.0, 0.0, 0.0, -1.0, 0.0, 0.0, 0.0, 0.0, 0.0, 1.0 ], [ 0.0, 1.0, 0.0, 0.0, 0.0, 0.0, -1.0, 0.0, -1.0, 0.0, 0.0, 0.0, 0.0, 0.0, 0.0, 1.0 ], [ 0.809017, 0.309017, 0.5, 0.0, -0.309017, -0.5, 0.809017, 0.0, 0.5, -0.809017, -0.309017, 0.0, 0.0, 0.0, 0.0, 1.0 ], [ -0.5, 0.809017, 0.309017, 0.0, -0.809017, -0.309017, -0.5, 0.0, -0.309017, -0.5, 0.809017, 0.0, 0.0, 0.0, 0.0, 1.0 ], [ 0.309017, 0.5, -0.809017, 0.0, 0.5, -0.809017, -0.309017, 0.0, -0.809017, -0.309017, -0.5, 0.0, 0.0, 0.0, 0.0, 1.0 ], [ 0.5, 0.809017, 0.309017, 0.0, -0.809017, 0.309017, 0.5, 0.0, 0.309017, -0.5, 0.809017, 0.0, 0.0, 0.0, 0.0, 1.0 ], [ -0.309017, 0.5, -0.809017, 0.0, -0.5, -0.809017, -0.309017, 0.0, -0.809017, 0.309017, 0.5, 0.0, 0.0, 0.0, 0.0, 1.0 ], [ 0.809017, -0.309017, -0.5, 0.0, 0.309017, -0.5, 0.809017, 0.0, -0.5, -0.809017, -0.309017, 0.0, 0.0, 0.0, 0.0, 1.0 ], [ 0.5, 0.809017, -0.309017, 0.0, -0.809017, 0.309017, -0.5, 0.0, -0.309017, 0.5, 0.809017, 0.0, 0.0, 0.0, 0.0, 1.0 ], [ 0.309017, -0.5, -0.809017, 0.0, -0.5, -0.809017, 0.309017, 0.0, -0.809017, 0.309017, -0.5, 0.0, 0.0, 0.0, 0.0, 1.0 ], [ 0.809017, -0.309017, 0.5, 0.0, -0.309017, 0.5, 0.809017, 0.0, -0.5, -0.809017, 0.309017, 0.0, 0.0, 0.0, 0.0, 1.0 ], [ 0.809017, 0.309017, -0.5, 0.0, -0.309017, -0.5, -0.809017, 0.0, -0.5, 0.809017, -0.309017, 0.0, 0.0, 0.0, 0.0, 1.0 ], [ 0.5, -0.809017, 0.309017, 0.0, -0.809017, -0.309017, 0.5, 0.0, -0.309017, -0.5, -0.809017, 0.0, 0.0, 0.0, 0.0, 1.0 ], [ 0.309017, 0.5, 0.809017, 0.0, -0.5, 0.809017, -0.309017, 0.0, -0.809017, -0.309017, 0.5, 0.0, 0.0, 0.0, 0.0, 1.0 ], [ -1.0, 0.0, 0.0, 0.0, 0.0, -1.0, 0.0, 0.0, 0.0, 0.0, 1.0, 0.0, 0.0, 0.0, 0.0, 1.0 ], [ 0.0, 0.0, -1.0, 0.0, -1.0, 0.0, 0.0, 0.0, 0.0, 1.0, 0.0, 0.0, 0.0, 0.0, 0.0, 1.0 ], [ 0.0, -1.0, 0.0, 0.0, 0.0, 0.0, -1.0, 0.0, 1.0, 0.0, 0.0, 0.0, 0.0, 0.0, 0.0, 1.0 ], [ -0.809017, -0.309017, -0.5, 0.0, -0.309017, -0.5, 0.809017, 0.0, -0.5, 0.809017, 0.309017, 0.0, 0.0, 0.0, 0.0, 1.0 ], [ 0.5, -0.809017, -0.309017, 0.0, -0.809017, -0.309017, -0.5, 0.0, 0.309017, 0.5, -0.809017, 0.0, 0.0, 0.0, 0.0, 1.0 ], [ -0.309017, -0.5, 0.809017, 0.0, 0.5, -0.809017, -0.309017, 0.0, 0.809017, 0.309017, 0.5, 0.0, 0.0, 0.0, 0.0, 1.0 ], [ -0.5, -0.809017, -0.309017, 0.0, -0.809017, 0.309017, 0.5, 0.0, -0.309017, 0.5, -0.809017, 0.0, 0.0, 0.0, 0.0, 1.0 ], [ 0.309017, -0.5, 0.809017, 0.0, -0.5, -0.809017, -0.309017, 0.0, 0.809017, -0.309017, -0.5, 0.0, 0.0, 0.0, 0.0, 1.0 ], [ -0.809017, 0.309017, 0.5, 0.0, 0.309017, -0.5, 0.809017, 0.0, 0.5, 0.809017, 0.309017, 0.0, 0.0, 0.0, 0.0, 1.0 ], [ -0.5, -0.809017, 0.309017, 0.0, -0.809017, 0.309017, -0.5, 0.0, 0.309017, -0.5, -0.809017, 0.0, 0.0, 0.0, 0.0, 1.0 ], [ -0.309017, 0.5, 0.809017, 0.0, -0.5, -0.809017, 0.309017, 0.0, 0.809017, -0.309017, 0.5, 0.0, 0.0, 0.0, 0.0, 1.0 ], [ -0.809017, 0.309017, -0.5, 0.0, -0.309017, 0.5, 0.809017, 0.0, 0.5, 0.809017, -0.309017, 0.0, 0.0, 0.0, 0.0, 1.0 ], [ -0.809017, -0.309017, 0.5, 0.0, -0.309017, -0.5, -0.809017, 0.0, 0.5, -0.809017, 0.309017, 0.0, 0.0, 0.0, 0.0, 1.0 ], [ -0.5, 0.809017, -0.309017, 0.0, -0.809017, -0.309017, 0.5, 0.0, 0.309017, 0.5, 0.809017, 0.0, 0.0, 0.0, 0.0, 1.0 ], [ -0.309017, -0.5, -0.809017, 0.0, -0.5, 0.809017, -0.309017, 0.0, 0.809017, 0.309017, -0.5, 0.0, 0.0, 0.0, 0.0, 1.0 ], [ -1.0, 0.0, 0.0, 0.0, 0.0, 1.0, 0.0, 0.0, 0.0, 0.0, -1.0, 0.0, 0.0, 0.0, 0.0, 1.0 ], [ 0.0, 0.0, -1.0, 0.0, 1.0, 0.0, 0.0, 0.0, 0.0, -1.0, 0.0, 0.0, 0.0, 0.0, 0.0, 1.0 ], [ 0.0, -1.0, 0.0, 0.0, 0.0, 0.0, 1.0, 0.0, -1.0, 0.0, 0.0, 0.0, 0.0, 0.0, 0.0, 1.0 ], [ -0.809017, -0.309017, -0.5, 0.0, 0.309017, 0.5, -0.809017, 0.0, 0.5, -0.809017, -0.309017, 0.0, 0.0, 0.0, 0.0, 1.0 ], [ 0.5, -0.809017, -0.309017, 0.0, 0.809017, 0.309017, 0.5, 0.0, -0.309017, -0.5, 0.809017, 0.0, 0.0, 0.0, 0.0, 1.0 ], [ -0.309017, -0.5, 0.809017, 0.0, -0.5, 0.809017, 0.309017, 0.0, -0.809017, -0.309017, -0.5, 0.0, 0.0, 0.0, 0.0, 1.0 ], [ -0.5, -0.809017, -0.309017, 0.0, 0.809017, -0.309017, -0.5, 0.0, 0.309017, -0.5, 0.809017, 0.0, 0.0, 0.0, 0.0, 1.0 ], [ 0.309017, -0.5, 0.809017, 0.0, 0.5, 0.809017, 0.309017, 0.0, -0.809017, 0.309017, 0.5, 0.0, 0.0, 0.0, 0.0, 1.0 ], [ -0.809017, 0.309017, 0.5, 0.0, -0.309017, 0.5, -0.809017, 0.0, -0.5, -0.809017, -0.309017, 0.0, 0.0, 0.0, 0.0, 1.0 ], [ -0.5, -0.809017, 0.309017, 0.0, 0.809017, -0.309017, 0.5, 0.0, -0.309017, 0.5, 0.809017, 0.0, 0.0, 0.0, 0.0, 1.0 ], [ -0.309017, 0.5, 0.809017, 0.0, 0.5, 0.809017, -0.309017, 0.0, -0.809017, 0.309017, -0.5, 0.0, 0.0, 0.0, 0.0, 1.0 ], [ -0.809017, 0.309017, -0.5, 0.0, 0.309017, -0.5, -0.809017, 0.0, -0.5, -0.809017, 0.309017, 0.0, 0.0, 0.0, 0.0, 1.0 ], [ -0.809017, -0.309017, 0.5, 0.0, 0.309017, 0.5, 0.809017, 0.0, -0.5, 0.809017, -0.309017, 0.0, 0.0, 0.0, 0.0, 1.0 ], [ -0.5, 0.809017, -0.309017, 0.0, 0.809017, 0.309017, -0.5, 0.0, -0.309017, -0.5, -0.809017, 0.0, 0.0, 0.0, 0.0, 1.0 ], [ -0.309017, -0.5, -0.809017, 0.0, 0.5, -0.809017, 0.309017, 0.0, -0.809017, -0.309017, 0.5, 0.0, 0.0, 0.0, 0.0, 1.0 ] ],
  "lights" : {
    "backgroundColor" : "#AFC8DC",
    "ambientColor" : "#292929",
    "directionalLights" : [ {
      "direction" : {
        "x" : 1.0,
        "y" : -1.0,
        "z" : -1.0
      },
      "color" : "#EBEBE4"
    }, {
      "direction" : {
        "x" : -1.0,
        "y" : 0.0,
        "z" : 0.0
      },
      "color" : "#E4E4EB"
    }, {
      "direction" : {
        "x" : 0.0,
        "y" : 0.0,
        "z" : -1.0
      },
      "color" : "#1E1E1E"
    } ]
  },
  "camera" : {
    "width" : 113.337715,
    "stereo" : false,
    "viewDistance" : 251.86151,
    "nearClipDistance" : 0.62965417,
    "farClipDistance" : 503.7242,
    "lookAtPoint" : {
      "x" : 0.0,
      "y" : 0.0,
      "z" : 0.0
    },
    "fieldOfView" : 0.442629,
    "perspective" : false,
    "lookDirection" : {
      "x" : 0.309017,
      "y" : -0.5,
      "z" : -0.809017
    },
    "upDirection" : {
      "x" : 0.809017,
      "y" : -0.30901697,
      "z" : 0.49999997
    },
    "position" : {
      "x" : -77.82949,
      "y" : 125.930756,
      "z" : 203.76024
    }
  },
  "embedding" : [ 1.0, 0.0, 0.0, 0.0, 0.0, 1.0, 0.0, 0.0, 0.0, 0.0, 1.0, 0.0, 0.0, 0.0, 0.0, 1.0 ],
  "shapes" : [ {
    "id" : "6627c371-943f-4e6e-bca4-14c339fe1a66",
    "vertices" : [ {
      "x" : -15.326238,
      "y" : 0.0,
      "z" : 24.798374
    }, {
      "x" : -20.562305,
      "y" : 4.236068,
      "z" : 22.18034
    }, {
      "x" : -17.944271,
      "y" : 6.854102,
      "z" : 24.798374
    } ],
    "faces" : [ {
      "vertices" : [ 0, 1, 2 ]
    }, {
      "vertices" : [ 0, 2, 1 ]
    } ]
  }, {
    "id" : "571250c4-f809-425d-b5e4-f3d94ddf74f5",
    "vertices" : [ {
      "x" : -0.309017,
      "y" : -0.19098301,
      "z" : 0.0
    }, {
      "x" : -0.309017,
      "y" : 0.19098301,
      "z" : 0.0
    }, {
      "x" : -0.19098301,
      "y" : 0.0,
      "z" : -0.309017
    }, {
      "x" : -0.19098301,
      "y" : 0.0,
      "z" : 0.309017
    }, {
      "x" : 0.0,
      "y" : -0.309017,
      "z" : -0.19098301
    }, {
      "x" : 0.0,
      "y" : -0.309017,
      "z" : 0.19098301
    }, {
      "x" : 0.0,
      "y" : 0.309017,
      "z" : -0.19098301
    }, {
      "x" : 0.0,
      "y" : 0.309017,
      "z" : 0.19098301
    }, {
      "x" : 0.19098301,
      "y" : 0.0,
      "z" : -0.309017
    }, {
      "x" : 0.19098301,
      "y" : 0.0,
      "z" : 0.309017
    }, {
      "x" : 0.309017,
      "y" : -0.19098301,
      "z" : 0.0
    }, {
      "x" : 0.309017,
      "y" : 0.19098301,
      "z" : 0.0
    } ],
    "faces" : [ {
      "vertices" : [ 0, 1, 2 ]
    }, {
      "vertices" : [ 0, 3, 1 ]
    }, {
      "vertices" : [ 0, 2, 4 ]
    }, {
      "vertices" : [ 0, 5, 3 ]
    }, {
      "vertices" : [ 0, 4, 5 ]
    }, {
      "vertices" : [ 1, 6, 2 ]
    }, {
      "vertices" : [ 1, 3, 7 ]
    }, {
      "vertices" : [ 1, 7, 6 ]
    }, {
      "vertices" : [ 2, 8, 4 ]
    }, {
      "vertices" : [ 2, 6, 8 ]
    }, {
      "vertices" : [ 3, 5, 9 ]
    }, {
      "vertices" : [ 3, 9, 7 ]
    }, {
      "vertices" : [ 4, 10, 5 ]
    }, {
      "vertices" : [ 4, 8, 10 ]
    }, {
      "vertices" : [ 5, 10, 9 ]
    }, {
      "vertices" : [ 6, 7, 11 ]
    }, {
      "vertices" : [ 6, 11, 8 ]
    }, {
      "vertices" : [ 7, 9, 11 ]
    }, {
      "vertices" : [ 8, 11, 10 ]
    }, {
      "vertices" : [ 9, 10, 11 ]
    } ]
  }, {
    "id" : "b1cf1aa0-6321-4bb2-bf76-1c27f55a2e2d",
    "vertices" : [ {
      "x" : -6.854102,
      "y" : 29.034441,
      "z" : 6.854102
    }, {
      "x" : -6.854102,
      "y" : 24.798374,
      "z" : 17.944271
    }, {
      "x" : -11.09017,
      "y" : 22.18034,
      "z" : 17.944271
    }, {
      "x" : -11.09017,
      "y" : 24.798374,
      "z" : 11.09017
    } ],
    "faces" : [ {
      "vertices" : [ 0, 1, 2 ]
    }, {
      "vertices" : [ 0, 2, 3 ]
    }, {
      "vertices" : [ 0, 3, 2 ]
    }, {
      "vertices" : [ 0, 2, 1 ]
    } ]
  }, {
    "id" : "252872d8-c941-4ad8-8a71-5ff4021e5bea",
    "vertices" : [ {
      "x" : -9.472136,
      "y" : -15.326238,
      "z" : 24.798374
    }, {
      "x" : -4.236068,
      "y" : -13.708204,
      "z" : 29.034441
    }, {
      "x" : -2.618034,
      "y" : -15.326238,
      "z" : 27.416409
    } ],
    "faces" : [ {
      "vertices" : [ 0, 1, 2 ]
    }, {
      "vertices" : [ 0, 2, 1 ]
    } ]
  }, {
    "id" : "3c411a52-9e3a-4064-916f-678a841deae2",
    "vertices" : [ {
      "x" : -15.326238,
      "y" : 0.0,
      "z" : 24.798374
    }, {
      "x" : -13.708204,
      "y" : -6.854102,
      "z" : 26.416409
    }, {
      "x" : -11.09017,
      "y" : -4.236068,
      "z" : 29.034441
    } ],
    "faces" : [ {
      "vertices" : [ 0, 1, 2 ]
    }, {
      "vertices" : [ 0, 2, 1 ]
    } ]
  }, {
    "id" : "07bc7c0a-3976-453a-8106-fdd6ed0769ee",
    "vertices" : [ {
      "x" : -17.944271,
      "y" : 17.944271,
      "z" : 17.944271
    }, {
      "x" : -15.326238,
      "y" : 17.944271,
      "z" : 22.18034
    }, {
      "x" : -20.562305,
      "y" : 13.708204,
      "z" : 19.562305
    } ],
    "faces" : [ {
      "vertices" : [ 0, 1, 2 ]
    }, {
      "vertices" : [ 0, 2, 1 ]
    } ]
  }, {
    "id" : "af190d90-b6b3-44ac-823e-545d0d27d565",
    "vertices" : [ {
      "x" : 29.034441,
      "y" : 0.0,
      "z" : -11.09017
    }, {
      "x" : 28.725426,
      "y" : 0.0,
      "z" : -10.972136
    }, {
      "x" : 28.320917,
      "y" : -0.1545085,
      "z" : -10.531153
    }, {
      "x" : 28.129932,
      "y" : -0.1545085,
      "z" : -11.031153
    }, {
      "x" : 0.9045085,
      "y" : -0.1545085,
      "z" : -0.059016995
    }, {
      "x" : 0.809017,
      "y" : 0.309017,
      "z" : -0.309017
    }, {
      "x" : 0.309017,
      "y" : 0.0,
      "z" : -0.11803399
    }, {
      "x" : 28.225426,
      "y" : 0.309017,
      "z" : -10.781153
    }, {
      "x" : 0.7135255,
      "y" : -0.1545085,
      "z" : -0.559017
    } ],
    "faces" : [ {
      "vertices" : [ 2, 4, 8 ]
    }, {
      "vertices" : [ 2, 8, 3 ]
    }, {
      "vertices" : [ 2, 7, 5 ]
    }, {
      "vertices" : [ 2, 5, 4 ]
    }, {
      "vertices" : [ 4, 6, 8 ]
    }, {
      "vertices" : [ 5, 8, 6 ]
    }, {
      "vertices" : [ 1, 2, 3 ]
    }, {
      "vertices" : [ 3, 8, 5 ]
    }, {
      "vertices" : [ 3, 5, 7 ]
    }, {
      "vertices" : [ 1, 7, 2 ]
    }, {
      "vertices" : [ 1, 3, 7 ]
    }, {
      "vertices" : [ 4, 5, 6 ]
    } ]
  }, {
    "id" : "edd67caa-b62c-4f44-b731-38e094b7e2a9",
    "vertices" : [ {
      "x" : -4.236068,
      "y" : -13.708204,
      "z" : 29.034441
    }, {
      "x" : 0.0,
      "y" : -11.09017,
      "z" : 29.034441
    }, {
      "x" : -2.618034,
      "y" : -15.326238,
      "z" : 27.416409
    } ],
    "faces" : [ {
      "vertices" : [ 0, 1, 2 ]
    }, {
      "vertices" : [ 0, 2, 1 ]
    } ]
  }, {
    "id" : "4675b2cc-e482-4ed3-bb36-41e2e77d71ff",
    "vertices" : [ {
      "x" : -11.09017,
      "y" : 11.09017,
      "z" : 24.798374
    }, {
      "x" : -9.472136,
      "y" : 15.326238,
      "z" : 24.798374
    }, {
      "x" : -15.326238,
      "y" : 17.944271,
      "z" : 22.18034
    }, {
      "x" : -20.562305,
      "y" : 4.236068,
      "z" : 22.18034
    }, {
      "x" : -15.326238,
      "y" : 0.0,
      "z" : 24.798374
    } ],
    "faces" : [ {
      "vertices" : [ 0, 1, 2 ]
    }, {
      "vertices" : [ 0, 2, 3 ]
    }, {
      "vertices" : [ 0, 3, 4 ]
    }, {
      "vertices" : [ 0, 4, 3 ]
    }, {
      "vertices" : [ 0, 3, 2 ]
    }, {
      "vertices" : [ 0, 2, 1 ]
    } ]
  }, {
    "id" : "282e3bb4-54e5-4195-8a80-bee1059cc639",
    "vertices" : [ {
      "x" : -15.326238,
      "y" : 17.944271,
      "z" : 22.18034
    }, {
      "x" : -17.944271,
      "y" : 17.944271,
      "z" : 17.944271
    }, {
      "x" : -13.708204,
      "y" : 19.562305,
      "z" : 20.562305
    } ],
    "faces" : [ {
      "vertices" : [ 0, 1, 2 ]
    }, {
      "vertices" : [ 0, 2, 1 ]
    } ]
  }, {
    "id" : "8b65020c-f47d-4dad-afcd-4747290c6f80",
    "vertices" : [ {
      "x" : -4.236068,
      "y" : 13.708204,
      "z" : 29.034441
    }, {
      "x" : 0.0,
      "y" : 17.944271,
      "z" : 24.798374
    }, {
      "x" : 2.618034,
      "y" : 15.326238,
      "z" : 27.416409
    } ],
    "faces" : [ {
      "vertices" : [ 0, 1, 2 ]
    }, {
      "vertices" : [ 0, 2, 1 ]
    } ]
  }, {
    "id" : "f7c7da97-8674-4725-8207-d0562482bfc1",
    "vertices" : [ {
      "x" : -29.034441,
      "y" : 0.0,
      "z" : 11.09017
    }, {
      "x" : -22.18034,
      "y" : -6.854102,
      "z" : 17.944271
    }, {
      "x" : -24.798374,
      "y" : 0.0,
      "z" : 17.944271
    }, {
      "x" : -29.034441,
      "y" : 4.236068,
      "z" : 13.708204
    } ],
    "faces" : [ {
      "vertices" : [ 0, 1, 2 ]
    }, {
      "vertices" : [ 0, 2, 3 ]
    }, {
      "vertices" : [ 0, 3, 2 ]
    }, {
      "vertices" : [ 0, 2, 1 ]
    } ]
  }, {
    "id" : "4158f254-67e0-4550-a452-2137613e732c",
    "vertices" : [ {
      "x" : -11.09017,
      "y" : 4.236068,
      "z" : 29.034441
    }, {
      "x" : -13.708204,
      "y" : 6.854102,
      "z" : 26.416409
    }, {
      "x" : -6.854102,
      "y" : 6.854102,
      "z" : 29.034441
    } ],
    "faces" : [ {
      "vertices" : [ 0, 1, 2 ]
    }, {
      "vertices" : [ 0, 2, 1 ]
    } ]
  }, {
    "id" : "4ab866e5-e788-4b81-a85f-5a355f048643",
    "vertices" : [ {
      "x" : 0.0,
      "y" : 6.854102,
      "z" : 31.652475
    }, {
      "x" : -6.854102,
      "y" : 6.854102,
      "z" : 29.034441
    }, {
      "x" : -5.236068,
      "y" : 11.09017,
      "z" : 29.034441
    } ],
    "faces" : [ {
      "vertices" : [ 0, 1, 2 ]
    }, {
      "vertices" : [ 0, 2, 1 ]
    } ]
  }, {
    "id" : "1880b50d-52f6-40d6-aa4b-f4fb5f9f2b6e",
    "vertices" : [ {
      "x" : -19.562305,
      "y" : 20.562305,
      "z" : 13.708204
    }, {
      "x" : -17.944271,
      "y" : 17.944271,
      "z" : 17.944271
    }, {
      "x" : -6.854102,
      "y" : 29.034441,
      "z" : 6.854102
    }, {
      "x" : -11.09017,
      "y" : 29.034441,
      "z" : 5.236068
    } ],
    "faces" : [ {
      "vertices" : [ 0, 1, 2 ]
    }, {
      "vertices" : [ 0, 2, 3 ]
    }, {
      "vertices" : [ 0, 3, 2 ]
    }, {
      "vertices" : [ 0, 2, 1 ]
    } ]
  }, {
    "id" : "297dc3d3-23ac-4a59-96bb-9d15ecf525c3",
    "vertices" : [ {
      "x" : -11.09017,
      "y" : -4.236068,
      "z" : 29.034441
    }, {
      "x" : -9.472136,
      "y" : 0.0,
      "z" : 29.034441
    }, {
      "x" : -6.854102,
      "y" : -6.854102,
      "z" : 29.034441
    } ],
    "faces" : [ {
      "vertices" : [ 0, 1, 2 ]
    }, {
      "vertices" : [ 0, 2, 1 ]
    } ]
  }, {
    "id" : "357f377a-98bf-4ab4-98b0-e885949a6edb",
    "vertices" : [ {
      "x" : 0.0,
      "y" : 24.798374,
      "z" : 15.326238
    }, {
      "x" : -6.854102,
      "y" : 26.416409,
      "z" : 13.708204
    }, {
      "x" : -6.854102,
      "y" : 24.798374,
      "z" : 17.944271
    } ],
    "faces" : [ {
      "vertices" : [ 0, 1, 2 ]
    }, {
      "vertices" : [ 0, 2, 1 ]
    } ]
  }, {
    "id" : "8295ce84-089b-411b-a5a5-40f323662cc8",
    "vertices" : [ {
      "x" : 6.854102,
      "y" : 17.944271,
      "z" : 22.18034
    }, {
      "x" : 9.472136,
      "y" : 15.326238,
      "z" : 24.798374
    }, {
      "x" : 15.326238,
      "y" : 17.944271,
      "z" : 22.18034
    }, {
      "x" : 6.854102,
      "y" : 26.416409,
      "z" : 13.708204
    }, {
      "x" : 0.0,
      "y" : 24.798374,
      "z" : 15.326238
    } ],
    "faces" : [ {
      "vertices" : [ 0, 1, 2 ]
    }, {
      "vertices" : [ 0, 2, 3 ]
    }, {
      "vertices" : [ 0, 3, 4 ]
    }, {
      "vertices" : [ 0, 4, 3 ]
    }, {
      "vertices" : [ 0, 3, 2 ]
    }, {
      "vertices" : [ 0, 2, 1 ]
    } ]
  }, {
    "id" : "60114799-acfd-4db0-9d12-58694e0a9ab2",
    "vertices" : [ {
      "x" : 2.618034,
      "y" : 15.326238,
      "z" : 27.416409
    }, {
      "x" : 0.0,
      "y" : 11.09017,
      "z" : 29.034441
    }, {
      "x" : 17.944271,
      "y" : 11.09017,
      "z" : 22.18034
    }, {
      "x" : 16.326239,
      "y" : 15.326238,
      "z" : 22.18034
    } ],
    "faces" : [ {
      "vertices" : [ 0, 1, 2 ]
    }, {
      "vertices" : [ 0, 2, 3 ]
    }, {
      "vertices" : [ 0, 3, 2 ]
    }, {
      "vertices" : [ 0, 2, 1 ]
    } ]
  }, {
    "id" : "1098f180-a1f8-43a7-9380-91877a664f28",
    "vertices" : [ {
      "x" : 11.09017,
      "y" : 24.798374,
      "z" : 11.09017
    }, {
      "x" : 15.326238,
      "y" : 24.798374,
      "z" : 9.472136
    }, {
      "x" : 13.708204,
      "y" : 29.034441,
      "z" : 4.236068
    }, {
      "x" : 0.0,
      "y" : 29.034441,
      "z" : 9.472136
    }, {
      "x" : 0.0,
      "y" : 24.798374,
      "z" : 15.326238
    } ],
    "faces" : [ {
      "vertices" : [ 0, 1, 2 ]
    }, {
      "vertices" : [ 0, 2, 3 ]
    }, {
      "vertices" : [ 0, 3, 4 ]
    }, {
      "vertices" : [ 0, 4, 3 ]
    }, {
      "vertices" : [ 0, 3, 2 ]
    }, {
      "vertices" : [ 0, 2, 1 ]
    } ]
  }, {
    "id" : "5eb84835-0055-4a06-806f-370c455e6c17",
    "vertices" : [ {
      "x" : -22.18034,
      "y" : -6.854102,
      "z" : 17.944271
    }, {
      "x" : -24.798374,
      "y" : -9.472136,
      "z" : 15.326238
    }, {
      "x" : -22.18034,
      "y" : -15.326238,
      "z" : 17.944271
    }, {
      "x" : -13.708204,
      "y" : -6.854102,
      "z" : 26.416409
    }, {
      "x" : -15.326238,
      "y" : 0.0,
      "z" : 24.798374
    } ],
    "faces" : [ {
      "vertices" : [ 0, 1, 2 ]
    }, {
      "vertices" : [ 0, 2, 3 ]
    }, {
      "vertices" : [ 0, 3, 4 ]
    }, {
      "vertices" : [ 0, 4, 3 ]
    }, {
      "vertices" : [ 0, 3, 2 ]
    }, {
      "vertices" : [ 0, 2, 1 ]
    } ]
  }, {
    "id" : "177e74a9-8153-439b-bb04-8f9a9b088ade",
    "vertices" : [ {
      "x" : -22.18034,
      "y" : 6.854102,
      "z" : 17.944271
    }, {
      "x" : -24.798374,
      "y" : 9.472136,
      "z" : 15.326238
    }, {
      "x" : -29.034441,
      "y" : 4.236068,
      "z" : 13.708204
    }, {
      "x" : -20.562305,
      "y" : -4.236068,
      "z" : 22.18034
    }, {
      "x" : -15.326238,
      "y" : 0.0,
      "z" : 24.798374
    } ],
    "faces" : [ {
      "vertices" : [ 0, 1, 2 ]
    }, {
      "vertices" : [ 0, 2, 3 ]
    }, {
      "vertices" : [ 0, 3, 4 ]
    }, {
      "vertices" : [ 0, 4, 3 ]
    }, {
      "vertices" : [ 0, 3, 2 ]
    }, {
      "vertices" : [ 0, 2, 1 ]
    } ]
  }, {
    "id" : "ca9008f8-4d54-49d6-8f2b-2d200166f922",
    "vertices" : [ {
      "x" : -11.09017,
      "y" : -11.09017,
      "z" : 24.798374
    }, {
      "x" : -9.472136,
      "y" : -15.326238,
      "z" : 24.798374
    }, {
      "x" : -4.236068,
      "y" : -13.708204,
      "z" : 29.034441
    }, {
      "x" : -9.472136,
      "y" : 0.0,
      "z" : 29.034441
    }, {
      "x" : -15.326238,
      "y" : 0.0,
      "z" : 24.798374
    } ],
    "faces" : [ {
      "vertices" : [ 0, 1, 2 ]
    }, {
      "vertices" : [ 0, 2, 3 ]
    }, {
      "vertices" : [ 0, 3, 4 ]
    }, {
      "vertices" : [ 0, 4, 3 ]
    }, {
      "vertices" : [ 0, 3, 2 ]
    }, {
      "vertices" : [ 0, 2, 1 ]
    } ]
  }, {
    "id" : "2ec61b29-626d-4c54-b52c-2d824c878a82",
    "vertices" : [ {
      "x" : 0.0,
      "y" : 29.034441,
      "z" : 4.236068
    }, {
      "x" : 0.0,
      "y" : 30.652475,
      "z" : 0.0
    }, {
      "x" : -6.854102,
      "y" : 31.652475,
      "z" : 0.0
    }, {
      "x" : -6.854102,
      "y" : 26.416409,
      "z" : 13.708204
    }, {
      "x" : 0.0,
      "y" : 24.798374,
      "z" : 15.326238
    } ],
    "faces" : [ {
      "vertices" : [ 0, 1, 2 ]
    }, {
      "vertices" : [ 0, 2, 3 ]
    }, {
      "vertices" : [ 0, 3, 4 ]
    }, {
      "vertices" : [ 0, 4, 3 ]
    }, {
      "vertices" : [ 0, 3, 2 ]
    }, {
      "vertices" : [ 0, 2, 1 ]
    } ]
  }, {
    "id" : "bc12cb7c-e43f-4635-92b9-bdbcc4a13e16",
    "vertices" : [ {
      "x" : -24.798374,
      "y" : 9.472136,
      "z" : 15.326238
    }, {
      "x" : -29.034441,
      "y" : 4.236068,
      "z" : 13.708204
    }, {
      "x" : -29.034441,
      "y" : 5.236068,
      "z" : 11.09017
    } ],
    "faces" : [ {
      "vertices" : [ 0, 1, 2 ]
    }, {
      "vertices" : [ 0, 2, 1 ]
    } ]
  }, {
    "id" : "a58b49b6-c2f5-4eac-9127-a8313830c8b9",
    "vertices" : [ {
      "x" : 0.0,
      "y" : 24.798374,
      "z" : 15.326238
    }, {
      "x" : 4.236068,
      "y" : 22.18034,
      "z" : 20.562305
    }, {
      "x" : 6.854102,
      "y" : 24.798374,
      "z" : 17.944271
    } ],
    "faces" : [ {
      "vertices" : [ 0, 1, 2 ]
    }, {
      "vertices" : [ 0, 2, 1 ]
    } ]
  }, {
    "id" : "20021bfa-d9c1-464a-b5f0-9e7e2fd01cf6",
    "vertices" : [ {
      "x" : -4.236068,
      "y" : -13.708204,
      "z" : 29.034441
    }, {
      "x" : -6.854102,
      "y" : -6.854102,
      "z" : 29.034441
    }, {
      "x" : -2.618034,
      "y" : -6.854102,
      "z" : 30.652475
    } ],
    "faces" : [ {
      "vertices" : [ 0, 1, 2 ]
    }, {
      "vertices" : [ 0, 2, 1 ]
    } ]
  }, {
    "id" : "945f9a3f-94e1-4867-a840-852c35bb1e8f",
    "vertices" : [ {
      "x" : 4.236068,
      "y" : 13.708204,
      "z" : 29.034441
    }, {
      "x" : 6.854102,
      "y" : 6.854102,
      "z" : 29.034441
    }, {
      "x" : 2.618034,
      "y" : 6.854102,
      "z" : 30.652475
    } ],
    "faces" : [ {
      "vertices" : [ 0, 1, 2 ]
    }, {
      "vertices" : [ 0, 2, 1 ]
    } ]
  }, {
    "id" : "43a131e4-756e-4939-99e5-8ed9c6d90190",
    "vertices" : [ {
      "x" : -5.236068,
      "y" : 11.09017,
      "z" : 29.034441
    }, {
      "x" : 0.0,
      "y" : 11.09017,
      "z" : 29.034441
    }, {
      "x" : -11.09017,
      "y" : 22.18034,
      "z" : 17.944271
    }, {
      "x" : -13.708204,
      "y" : 19.562305,
      "z" : 20.562305
    } ],
    "faces" : [ {
      "vertices" : [ 0, 1, 2 ]
    }, {
      "vertices" : [ 0, 2, 3 ]
    }, {
      "vertices" : [ 0, 3, 2 ]
    }, {
      "vertices" : [ 0, 2, 1 ]
    } ]
  }, {
    "id" : "81f35954-aa62-4bc6-a269-03f5484c7e2c",
    "vertices" : [ {
      "x" : -15.326238,
      "y" : 0.0,
      "z" : 24.798374
    }, {
      "x" : -9.472136,
      "y" : 0.0,
      "z" : 29.034441
    }, {
      "x" : -11.09017,
      "y" : 4.236068,
      "z" : 29.034441
    } ],
    "faces" : [ {
      "vertices" : [ 0, 1, 2 ]
    }, {
      "vertices" : [ 0, 2, 1 ]
    } ]
  }, {
    "id" : "ecea3b32-b4a7-42c0-88ac-e02d591033b3",
    "vertices" : [ {
      "x" : 17.944271,
      "y" : 17.944271,
      "z" : 17.944271
    }, {
      "x" : 15.326238,
      "y" : 17.944271,
      "z" : 22.18034
    }, {
      "x" : 11.09017,
      "y" : 22.18034,
      "z" : 17.944271
    }, {
      "x" : 11.09017,
      "y" : 24.798374,
      "z" : 11.09017
    } ],
    "faces" : [ {
      "vertices" : [ 0, 1, 2 ]
    }, {
      "vertices" : [ 0, 2, 3 ]
    }, {
      "vertices" : [ 0, 3, 2 ]
    }, {
      "vertices" : [ 0, 2, 1 ]
    } ]
  }, {
    "id" : "6efe5a2e-feeb-4f16-8f73-d86cceb197d3",
    "vertices" : [ {
      "x" : 11.09017,
      "y" : 22.18034,
      "z" : 17.944271
    }, {
      "x" : 4.236068,
      "y" : 29.034441,
      "z" : 11.09017
    }, {
      "x" : 6.854102,
      "y" : 29.034441,
      "z" : 6.854102
    }, {
      "x" : 11.09017,
      "y" : 24.798374,
      "z" : 11.09017
    } ],
    "faces" : [ {
      "vertices" : [ 0, 1, 2 ]
    }, {
      "vertices" : [ 0, 2, 3 ]
    }, {
      "vertices" : [ 0, 3, 2 ]
    }, {
      "vertices" : [ 0, 2, 1 ]
    } ]
  }, {
    "id" : "ca675eb9-5c6f-4b5f-98f4-a81266cf1655",
    "vertices" : [ {
      "x" : -17.944271,
      "y" : -6.854102,
      "z" : 24.798374
    }, {
      "x" : -13.708204,
      "y" : -6.854102,
      "z" : 26.416409
    }, {
      "x" : -17.944271,
      "y" : -11.09017,
      "z" : 22.18034
    } ],
    "faces" : [ {
      "vertices" : [ 0, 1, 2 ]
    }, {
      "vertices" : [ 0, 2, 1 ]
    } ]
  }, {
    "id" : "f8f16252-a8aa-4511-ac49-c058c7e675d0",
    "vertices" : [ {
      "x" : -2.618034,
      "y" : -6.854102,
      "z" : 30.652475
    }, {
      "x" : 0.0,
      "y" : -11.09017,
      "z" : 29.034441
    }, {
      "x" : 6.854102,
      "y" : 6.854102,
      "z" : 29.034441
    }, {
      "x" : 2.618034,
      "y" : 6.854102,
      "z" : 30.652475
    } ],
    "faces" : [ {
      "vertices" : [ 0, 1, 2 ]
    }, {
      "vertices" : [ 0, 2, 3 ]
    }, {
      "vertices" : [ 0, 3, 2 ]
    }, {
      "vertices" : [ 0, 2, 1 ]
    } ]
  }, {
    "id" : "be83558a-2d9b-48db-99f5-b99a818947b3",
    "vertices" : [ {
      "x" : 0.0,
      "y" : 11.09017,
      "z" : 29.034441
    }, {
      "x" : 4.236068,
      "y" : 13.708204,
      "z" : 29.034441
    }, {
      "x" : 2.618034,
      "y" : 6.854102,
      "z" : 30.652475
    } ],
    "faces" : [ {
      "vertices" : [ 0, 1, 2 ]
    }, {
      "vertices" : [ 0, 2, 1 ]
    } ]
  }, {
    "id" : "7538bacb-f62d-4f35-a4e1-9f82010a71f0",
    "vertices" : [ {
      "x" : -6.854102,
      "y" : 31.652475,
      "z" : 0.0
    }, {
      "x" : -11.09017,
      "y" : 29.034441,
      "z" : 0.0
    }, {
      "x" : -6.854102,
      "y" : 30.652475,
      "z" : -2.618034
    } ],
    "faces" : [ {
      "vertices" : [ 0, 1, 2 ]
    }, {
      "vertices" : [ 0, 2, 1 ]
    } ]
  }, {
    "id" : "8d31027b-3554-4f5f-96b4-4cb166c75121",
    "vertices" : [ {
      "x" : -17.944271,
      "y" : 17.944271,
      "z" : 17.944271
    }, {
      "x" : -22.18034,
      "y" : 15.326238,
      "z" : 17.944271
    }, {
      "x" : -19.562305,
      "y" : 20.562305,
      "z" : 13.708204
    } ],
    "faces" : [ {
      "vertices" : [ 0, 1, 2 ]
    }, {
      "vertices" : [ 0, 2, 1 ]
    } ]
  }, {
    "id" : "a69f19d8-5791-48ca-81c7-a651df02ffe5",
    "vertices" : [ {
      "x" : 0.0,
      "y" : 24.798374,
      "z" : 15.326238
    }, {
      "x" : 6.854102,
      "y" : 26.416409,
      "z" : 13.708204
    }, {
      "x" : 4.236068,
      "y" : 29.034441,
      "z" : 11.09017
    } ],
    "faces" : [ {
      "vertices" : [ 0, 1, 2 ]
    }, {
      "vertices" : [ 0, 2, 1 ]
    } ]
  }, {
    "id" : "bf3680b5-b8dd-4022-9d1b-0dd0f3a159a9",
    "vertices" : [ {
      "x" : -4.236068,
      "y" : 29.034441,
      "z" : 11.09017
    }, {
      "x" : -6.854102,
      "y" : 26.416409,
      "z" : 13.708204
    }, {
      "x" : -6.854102,
      "y" : 29.034441,
      "z" : 6.854102
    } ],
    "faces" : [ {
      "vertices" : [ 0, 1, 2 ]
    }, {
      "vertices" : [ 0, 2, 1 ]
    } ]
  }, {
    "id" : "952d8e50-5f3c-4f40-88af-bbb9470094dd",
    "vertices" : [ {
      "x" : -11.09017,
      "y" : 29.034441,
      "z" : 5.236068
    }, {
      "x" : -11.09017,
      "y" : 29.034441,
      "z" : 0.0
    }, {
      "x" : -22.18034,
      "y" : 17.944271,
      "z" : 11.09017
    }, {
      "x" : -19.562305,
      "y" : 20.562305,
      "z" : 13.708204
    } ],
    "faces" : [ {
      "vertices" : [ 0, 1, 2 ]
    }, {
      "vertices" : [ 0, 2, 3 ]
    }, {
      "vertices" : [ 0, 3, 2 ]
    }, {
      "vertices" : [ 0, 2, 1 ]
    } ]
  }, {
    "id" : "1d800d56-262d-4679-be96-9a6210d8b7a7",
    "vertices" : [ {
      "x" : -17.944271,
      "y" : 17.944271,
      "z" : 17.944271
    }, {
      "x" : -17.944271,
      "y" : 22.18034,
      "z" : 15.326238
    }, {
      "x" : -13.708204,
      "y" : 19.562305,
      "z" : 20.562305
    } ],
    "faces" : [ {
      "vertices" : [ 0, 1, 2 ]
    }, {
      "vertices" : [ 0, 2, 1 ]
    } ]
  }, {
    "id" : "527f4b8c-fd88-4083-8628-f433fff508cc",
    "vertices" : [ {
      "x" : 2.618034,
      "y" : 6.854102,
      "z" : 30.652475
    }, {
      "x" : 0.0,
      "y" : 11.09017,
      "z" : 29.034441
    }, {
      "x" : -6.854102,
      "y" : -6.854102,
      "z" : 29.034441
    }, {
      "x" : -2.618034,
      "y" : -6.854102,
      "z" : 30.652475
    } ],
    "faces" : [ {
      "vertices" : [ 0, 1, 2 ]
    }, {
      "vertices" : [ 0, 2, 3 ]
    }, {
      "vertices" : [ 0, 3, 2 ]
    }, {
      "vertices" : [ 0, 2, 1 ]
    } ]
  }, {
    "id" : "b13fa4e4-9c3e-421b-b190-dd0739c7ea51",
    "vertices" : [ {
      "x" : -17.944271,
      "y" : -17.944271,
      "z" : 17.944271
    }, {
      "x" : -22.18034,
      "y" : -15.326238,
      "z" : 17.944271
    }, {
      "x" : -17.944271,
      "y" : -11.09017,
      "z" : 22.18034
    }, {
      "x" : -11.09017,
      "y" : -11.09017,
      "z" : 24.798374
    } ],
    "faces" : [ {
      "vertices" : [ 0, 1, 2 ]
    }, {
      "vertices" : [ 0, 2, 3 ]
    }, {
      "vertices" : [ 0, 3, 2 ]
    }, {
      "vertices" : [ 0, 2, 1 ]
    } ]
  }, {
    "id" : "95181318-eadd-4171-8bc0-1f88178135bb",
    "vertices" : [ {
      "x" : -22.18034,
      "y" : -15.326238,
      "z" : 17.944271
    }, {
      "x" : -17.944271,
      "y" : -17.944271,
      "z" : 17.944271
    }, {
      "x" : -22.18034,
      "y" : -16.326239,
      "z" : 15.326238
    } ],
    "faces" : [ {
      "vertices" : [ 0, 1, 2 ]
    }, {
      "vertices" : [ 0, 2, 1 ]
    } ]
  }, {
    "id" : "04435b98-d315-415c-a5e5-64471f0b720f",
    "vertices" : [ {
      "x" : 0.0,
      "y" : 24.798374,
      "z" : 15.326238
    }, {
      "x" : 4.236068,
      "y" : 22.18034,
      "z" : 20.562305
    }, {
      "x" : 0.0,
      "y" : 22.18034,
      "z" : 22.18034
    } ],
    "faces" : [ {
      "vertices" : [ 0, 1, 2 ]
    }, {
      "vertices" : [ 0, 2, 1 ]
    } ]
  }, {
    "id" : "80fd0796-2dac-4424-860f-b9a1a214bfe4",
    "vertices" : [ {
      "x" : -15.326238,
      "y" : 0.0,
      "z" : 24.798374
    }, {
      "x" : -13.708204,
      "y" : -6.854102,
      "z" : 26.416409
    }, {
      "x" : -17.944271,
      "y" : -6.854102,
      "z" : 24.798374
    } ],
    "faces" : [ {
      "vertices" : [ 0, 1, 2 ]
    }, {
      "vertices" : [ 0, 2, 1 ]
    } ]
  }, {
    "id" : "84a3d4fb-0285-452f-ba4d-0cadd648f29d",
    "vertices" : [ {
      "x" : 16.326239,
      "y" : 15.326238,
      "z" : 22.18034
    }, {
      "x" : 17.944271,
      "y" : 17.944271,
      "z" : 17.944271
    }, {
      "x" : 0.0,
      "y" : 17.944271,
      "z" : 24.798374
    }, {
      "x" : 2.618034,
      "y" : 15.326238,
      "z" : 27.416409
    } ],
    "faces" : [ {
      "vertices" : [ 0, 1, 2 ]
    }, {
      "vertices" : [ 0, 2, 3 ]
    }, {
      "vertices" : [ 0, 3, 2 ]
    }, {
      "vertices" : [ 0, 2, 1 ]
    } ]
  }, {
    "id" : "65fca2f3-5659-400b-9129-2c470b9d398d",
    "vertices" : [ {
      "x" : 0.0,
      "y" : 24.798374,
      "z" : 15.326238
    }, {
      "x" : 6.854102,
      "y" : 26.416409,
      "z" : 13.708204
    }, {
      "x" : 6.854102,
      "y" : 24.798374,
      "z" : 17.944271
    } ],
    "faces" : [ {
      "vertices" : [ 0, 1, 2 ]
    }, {
      "vertices" : [ 0, 2, 1 ]
    } ]
  }, {
    "id" : "6eaf7aec-fb02-4b96-bfb4-10ecf7ce979d",
    "vertices" : [ {
      "x" : 4.236068,
      "y" : 29.034441,
      "z" : 11.09017
    }, {
      "x" : 0.0,
      "y" : 29.034441,
      "z" : 9.472136
    }, {
      "x" : 6.854102,
      "y" : 29.034441,
      "z" : 6.854102
    } ],
    "faces" : [ {
      "vertices" : [ 0, 1, 2 ]
    }, {
      "vertices" : [ 0, 2, 1 ]
    } ]
  }, {
    "id" : "c2e6e3c0-f7b4-4191-9fee-d21eb1a33401",
    "vertices" : [ {
      "x" : 0.0,
      "y" : 30.652475,
      "z" : 0.0
    }, {
      "x" : -6.854102,
      "y" : 31.652475,
      "z" : 0.0
    }, {
      "x" : -6.854102,
      "y" : 30.652475,
      "z" : -2.618034
    } ],
    "faces" : [ {
      "vertices" : [ 0, 1, 2 ]
    }, {
      "vertices" : [ 0, 2, 1 ]
    } ]
  }, {
    "id" : "1d8b5151-fb24-4a7e-8784-626f6371edfa",
    "vertices" : [ {
      "x" : -6.854102,
      "y" : 24.798374,
      "z" : 17.944271
    }, {
      "x" : -4.236068,
      "y" : 22.18034,
      "z" : 20.562305
    }, {
      "x" : -11.09017,
      "y" : 22.18034,
      "z" : 17.944271
    } ],
    "faces" : [ {
      "vertices" : [ 0, 1, 2 ]
    }, {
      "vertices" : [ 0, 2, 1 ]
    } ]
  }, {
    "id" : "8c0b531a-5b83-4389-85c9-6c291946bd53",
    "vertices" : [ {
      "x" : 13.708204,
      "y" : 29.034441,
      "z" : 4.236068
    }, {
      "x" : 6.854102,
      "y" : 29.034441,
      "z" : 6.854102
    }, {
      "x" : 0.0,
      "y" : 29.034441,
      "z" : 4.236068
    }, {
      "x" : 11.09017,
      "y" : 29.034441,
      "z" : 0.0
    } ],
    "faces" : [ {
      "vertices" : [ 0, 1, 2 ]
    }, {
      "vertices" : [ 0, 2, 3 ]
    }, {
      "vertices" : [ 0, 3, 2 ]
    }, {
      "vertices" : [ 0, 2, 1 ]
    } ]
  }, {
    "id" : "4a8b34bd-64f0-4985-bcb9-def55720d0c2",
    "vertices" : [ {
      "x" : -17.944271,
      "y" : 6.854102,
      "z" : 24.798374
    }, {
      "x" : -20.562305,
      "y" : 4.236068,
      "z" : 22.18034
    }, {
      "x" : -17.944271,
      "y" : 11.09017,
      "z" : 22.18034
    } ],
    "faces" : [ {
      "vertices" : [ 0, 1, 2 ]
    }, {
      "vertices" : [ 0, 2, 1 ]
    } ]
  }, {
    "id" : "b89cb0a0-ace8-4315-a874-43d1d0ca8768",
    "vertices" : [ {
      "x" : -24.798374,
      "y" : -9.472136,
      "z" : 15.326238
    }, {
      "x" : -22.18034,
      "y" : -15.326238,
      "z" : 17.944271
    }, {
      "x" : -22.18034,
      "y" : -16.326239,
      "z" : 15.326238
    } ],
    "faces" : [ {
      "vertices" : [ 0, 1, 2 ]
    }, {
      "vertices" : [ 0, 2, 1 ]
    } ]
  }, {
    "id" : "5ef946ae-1de0-4abc-a0ff-80eb56222f60",
    "vertices" : [ {
      "x" : 6.854102,
      "y" : 24.798374,
      "z" : 17.944271
    }, {
      "x" : 6.854102,
      "y" : 26.416409,
      "z" : 13.708204
    }, {
      "x" : 11.09017,
      "y" : 22.18034,
      "z" : 17.944271
    } ],
    "faces" : [ {
      "vertices" : [ 0, 1, 2 ]
    }, {
      "vertices" : [ 0, 2, 1 ]
    } ]
  }, {
    "id" : "d0b171ec-ecc8-4fc1-93a2-fc1e69417dda",
    "vertices" : [ {
      "x" : -20.562305,
      "y" : 13.708204,
      "z" : 19.562305
    }, {
      "x" : -17.944271,
      "y" : 17.944271,
      "z" : 17.944271
    }, {
      "x" : -29.034441,
      "y" : 6.854102,
      "z" : 6.854102
    }, {
      "x" : -29.034441,
      "y" : 5.236068,
      "z" : 11.09017
    } ],
    "faces" : [ {
      "vertices" : [ 0, 1, 2 ]
    }, {
      "vertices" : [ 0, 2, 3 ]
    }, {
      "vertices" : [ 0, 3, 2 ]
    }, {
      "vertices" : [ 0, 2, 1 ]
    } ]
  }, {
    "id" : "53a1f0fd-9576-4add-9b81-3592063d6613",
    "vertices" : [ {
      "x" : -15.326238,
      "y" : 0.0,
      "z" : 24.798374
    }, {
      "x" : -20.562305,
      "y" : -4.236068,
      "z" : 22.18034
    }, {
      "x" : -17.944271,
      "y" : -6.854102,
      "z" : 24.798374
    } ],
    "faces" : [ {
      "vertices" : [ 0, 1, 2 ]
    }, {
      "vertices" : [ 0, 2, 1 ]
    } ]
  }, {
    "id" : "1073758b-4b03-41da-bfb5-341ee92bd9c9",
    "vertices" : [ {
      "x" : -31.652475,
      "y" : 0.0,
      "z" : 6.854102
    }, {
      "x" : -29.034441,
      "y" : 6.854102,
      "z" : 6.854102
    }, {
      "x" : -29.034441,
      "y" : 5.236068,
      "z" : 11.09017
    } ],
    "faces" : [ {
      "vertices" : [ 0, 1, 2 ]
    }, {
      "vertices" : [ 0, 2, 1 ]
    } ]
  }, {
    "id" : "4d88ee9e-e493-40f2-9ed6-8f1a12a10abc",
    "vertices" : [ {
      "x" : -4.236068,
      "y" : 13.708204,
      "z" : 29.034441
    }, {
      "x" : 0.0,
      "y" : 11.09017,
      "z" : 29.034441
    }, {
      "x" : -5.236068,
      "y" : 11.09017,
      "z" : 29.034441
    } ],
    "faces" : [ {
      "vertices" : [ 0, 1, 2 ]
    }, {
      "vertices" : [ 0, 2, 1 ]
    } ]
  }, {
    "id" : "636fb811-b707-4251-bd2f-abf5e6e73436",
    "vertices" : [ {
      "x" : -11.09017,
      "y" : 29.034441,
      "z" : 0.0
    }, {
      "x" : -6.854102,
      "y" : 31.652475,
      "z" : 0.0
    }, {
      "x" : -11.09017,
      "y" : 29.034441,
      "z" : 5.236068
    } ],
    "faces" : [ {
      "vertices" : [ 0, 1, 2 ]
    }, {
      "vertices" : [ 0, 2, 1 ]
    } ]
  }, {
    "id" : "87400762-3514-4721-9fbd-f89a2ca5cbed",
    "vertices" : [ {
      "x" : -15.326238,
      "y" : 0.0,
      "z" : 24.798374
    }, {
      "x" : -20.562305,
      "y" : 4.236068,
      "z" : 22.18034
    }, {
      "x" : -22.18034,
      "y" : 0.0,
      "z" : 22.18034
    } ],
    "faces" : [ {
      "vertices" : [ 0, 1, 2 ]
    }, {
      "vertices" : [ 0, 2, 1 ]
    } ]
  }, {
    "id" : "5126e78e-085c-4229-ae7d-ff56f3e3bfa3",
    "vertices" : [ {
      "x" : -6.854102,
      "y" : 31.652475,
      "z" : 0.0
    }, {
      "x" : -6.854102,
      "y" : 29.034441,
      "z" : 6.854102
    }, {
      "x" : -11.09017,
      "y" : 29.034441,
      "z" : 5.236068
    } ],
    "faces" : [ {
      "vertices" : [ 0, 1, 2 ]
    }, {
      "vertices" : [ 0, 2, 1 ]
    } ]
  }, {
    "id" : "66a5e09a-1f29-4b2f-be25-b4b988c6902f",
    "vertices" : [ {
      "x" : -15.326238,
      "y" : 17.944271,
      "z" : 22.18034
    }, {
      "x" : -17.944271,
      "y" : 11.09017,
      "z" : 22.18034
    }, {
      "x" : -20.562305,
      "y" : 13.708204,
      "z" : 19.562305
    } ],
    "faces" : [ {
      "vertices" : [ 0, 1, 2 ]
    }, {
      "vertices" : [ 0, 2, 1 ]
    } ]
  }, {
    "id" : "ba43b602-2939-460d-aaa8-06553ab9a81a",
    "vertices" : [ {
      "x" : -15.326238,
      "y" : 0.0,
      "z" : 24.798374
