{
  "field" : "golden",
  "symmetry" : "icosahedral",
  "orientations" : [ [ 1.0, 0.0, 0.0, 0.0, 0.0, 1.0, 0.0, 0.0, 0.0, 0.0, 1.0, 0.0, 0.0, 0.0, 0.0, 1.0 ], [ 0.0, 0.0, 1.0, 0.0, 1.0, 0.0, 0.0, 0.0, 0.0, 1.0, 0.0, 0.0, 0.0, 0.0, 0.0, 1.0 ], [ 0.0, 1.0, 0.0, 0.0, 0.0, 0.0, 1.0, 0.0, 1.0, 0.0, 0.0, 0.0, 0.0, 0.0, 0.0, 1.0 ], [ 0.809017, 0.309017, 0.5, 0.0, 0.309017, 0.5, -0.809017, 0.0, -0.5, 0.809017, 0.309017, 0.0, 0.0, 0.0, 0.0, 1.0 ], [ -0.5, 0.809017, 0.309017, 0.0, 0.809017, 0.309017, 0.5, 0.0, 0.309017, 0.5, -0.809017, 0.0, 0.0, 0.0, 0.0, 1.0 ], [ 0.309017, 0.5, -0.809017, 0.0, -0.5, 0.809017, 0.309017, 0.0, 0.809017, 0.309017, 0.5, 0.0, 0.0, 0.0, 0.0, 1.0 ], [ 0.5, 0.809017, 0.309017, 0.0, 0.809017, -0.309017, -0.5, 0.0, -0.309017, 0.5, -0.809017, 0.0, 0.0, 0.0, 0.0, 1.0 ], [ -0.309017, 0.5, -0.809017, 0.0, 0.5, 0.809017, 0.309017, 0.0, 0.809017, -0.309017, -0.5, 0.0, 0.0, 0.0, 0.0, 1.0 ], [ 0.809017, -0.309017, -0.5, 0.0, -0.309017, 0.5, -0.809017, 0.0, 0.5, 0.809017, 0.309017, 0.0, 0.0, 0.0, 0.0, 1.0 ], [ 0.5, 0.809017, -0.309017, 0.0, 0.809017, -0.309017, 0.5, 0.0, 0.309017, -0.5, -0.809017, 0.0, 0.0, 0.0, 0.0, 1.0 ], [ 0.309017, -0.5, -0.809017, 0.0, 0.5, 0.809017, -0.309017, 0.0, 0.809017, -0.309017, 0.5, 0.0, 0.0, 0.0, 0.0, 1.0 ], [ 0.809017, -0.309017, 0.5, 0.0, 0.309017, -0.5, -0.809017, 0.0, 0.5, 0.809017, -0.309017, 0.0, 0.0, 0.0, 0.0, 1.0 ], [ 0.809017, 0.309017, -0.5, 0.0, 0.309017, 0.5, 0.809017, 0.0, 0.5, -0.809017, 0.309017, 0.0, 0.0, 0.0, 0.0, 1.0 ], [ 0.5, -0.809017, 0.309017, 0.0, 0.809017, 0.309017, -0.5, 0.0, 0.309017, 0.5, 0.809017, 0.0, 0.0, 0.0, 0.0, 1.0 ], [ 0.309017, 0.5, 0.809017, 0.0, 0.5, -0.809017, 0.309017, 0.0, 0.809017, 0.309017, -0.5, 0.0, 0.0, 0.0, 0.0, 1.0 ], [ 1.0, 0.0, 0.0, 0.0, 0.0, -1.0, 0.0, 0.0, 0.0, 0.0, -1.0, 0.0, 0.0, 0.0, 0.0, 1.0 ], [ 0.0, 0.0, 1.0, 0.0, -1.0, 0.0, 0.0, 0.0, 0.0, -1.0, 0.0, 0.0, 0.0, 0.0, 0.0, 1.0 ], [ 0.0, 1.0, 0.0, 0.0, 0.0, 0.0, -1.0, 0.0, -1.0, 0.0, 0.0, 0.0, 0.0, 0.0, 0.0, 1.0 ], [ 0.809017, 0.309017, 0.5, 0.0, -0.309017, -0.5, 0.809017, 0.0, 0.5, -0.809017, -0.309017, 0.0, 0.0, 0.0, 0.0, 1.0 ], [ -0.5, 0.809017, 0.309017, 0.0, -0.809017, -0.309017, -0.5, 0.0, -0.309017, -0.5, 0.809017, 0.0, 0.0, 0.0, 0.0, 1.0 ], [ 0.309017, 0.5, -0.809017, 0.0, 0.5, -0.809017, -0.309017, 0.0, -0.809017, -0.309017, -0.5, 0.0, 0.0, 0.0, 0.0, 1.0 ], [ 0.5, 0.809017, 0.309017, 0.0, -0.809017, 0.309017, 0.5, 0.0, 0.309017, -0.5, 0.809017, 0.0, 0.0, 0.0, 0.0, 1.0 ], [ -0.309017, 0.5, -0.809017, 0.0, -0.5, -0.809017, -0.309017, 0.0, -0.809017, 0.309017, 0.5, 0.0, 0.0, 0.0, 0.0, 1.0 ], [ 0.809017, -0.309017, -0.5, 0.0, 0.309017, -0.5, 0.809017, 0.0, -0.5, -0.809017, -0.309017, 0.0, 0.0, 0.0, 0.0, 1.0 ], [ 0.5, 0.809017, -0.309017, 0.0, -0.809017, 0.309017, -0.5, 0.0, -0.309017, 0.5, 0.809017, 0.0, 0.0, 0.0, 0.0, 1.0 ], [ 0.309017, -0.5, -0.809017, 0.0, -0.5, -0.809017, 0.309017, 0.0, -0.809017, 0.309017, -0.5, 0.0, 0.0, 0.0, 0.0, 1.0 ], [ 0.809017, -0.309017, 0.5, 0.0, -0.309017, 0.5, 0.809017, 0.0, -0.5, -0.809017, 0.309017, 0.0, 0.0, 0.0, 0.0, 1.0 ], [ 0.809017, 0.309017, -0.5, 0.0, -0.309017, -0.5, -0.809017, 0.0, -0.5, 0.809017, -0.309017, 0.0, 0.0, 0.0, 0.0, 1.0 ], [ 0.5, -0.809017, 0.309017, 0.0, -0.809017, -0.309017, 0.5, 0.0, -0.309017, -0.5, -0.809017, 0.0, 0.0, 0.0, 0.0, 1.0 ], [ 0.309017, 0.5, 0.809017, 0.0, -0.5, 0.809017, -0.309017, 0.0, -0.809017, -0.309017, 0.5, 0.0, 0.0, 0.0, 0.0, 1.0 ], [ -1.0, 0.0, 0.0, 0.0, 0.0, -1.0, 0.0, 0.0, 0.0, 0.0, 1.0, 0.0, 0.0, 0.0, 0.0, 1.0 ], [ 0.0, 0.0, -1.0, 0.0, -1.0, 0.0, 0.0, 0.0, 0.0, 1.0, 0.0, 0.0, 0.0, 0.0, 0.0, 1.0 ], [ 0.0, -1.0, 0.0, 0.0, 0.0, 0.0, -1.0, 0.0, 1.0, 0.0, 0.0, 0.0, 0.0, 0.0, 0.0, 1.0 ], [ -0.809017, -0.309017, -0.5, 0.0, -0.309017, -0.5, 0.809017, 0.0, -0.5, 0.809017, 0.309017, 0.0, 0.0, 0.0, 0.0, 1.0 ], [ 0.5, -0.809017, -0.309017, 0.0, -0.809017, -0.309017, -0.5, 0.0, 0.309017, 0.5, -0.809017, 0.0, 0.0, 0.0, 0.0, 1.0 ], [ -0.309017, -0.5, 0.809017, 0.0, 0.5, -0.809017, -0.309017, 0.0, 0.809017, 0.309017, 0.5, 0.0, 0.0, 0.0, 0.0, 1.0 ], [ -0.5, -0.809017, -0.309017, 0.0, -0.809017, 0.309017, 0.5, 0.0, -0.309017, 0.5, -0.809017, 0.0, 0.0, 0.0, 0.0, 1.0 ], [ 0.309017, -0.5, 0.809017, 0.0, -0.5, -0.809017, -0.309017, 0.0, 0.809017, -0.309017, -0.5, 0.0, 0.0, 0.0, 0.0, 1.0 ], [ -0.809017, 0.309017, 0.5, 0.0, 0.309017, -0.5, 0.809017, 0.0, 0.5, 0.809017, 0.309017, 0.0, 0.0, 0.0, 0.0, 1.0 ], [ -0.5, -0.809017, 0.309017, 0.0, -0.809017, 0.309017, -0.5, 0.0, 0.309017, -0.5, -0.809017, 0.0, 0.0, 0.0, 0.0, 1.0 ], [ -0.309017, 0.5, 0.809017, 0.0, -0.5, -0.809017, 0.309017, 0.0, 0.809017, -0.309017, 0.5, 0.0, 0.0, 0.0, 0.0, 1.0 ], [ -0.809017, 0.309017, -0.5, 0.0, -0.309017, 0.5, 0.809017, 0.0, 0.5, 0.809017, -0.309017, 0.0, 0.0, 0.0, 0.0, 1.0 ], [ -0.809017, -0.309017, 0.5, 0.0, -0.309017, -0.5, -0.809017, 0.0, 0.5, -0.809017, 0.309017, 0.0, 0.0, 0.0, 0.0, 1.0 ], [ -0.5, 0.809017, -0.309017, 0.0, -0.809017, -0.309017, 0.5, 0.0, 0.309017, 0.5, 0.809017, 0.0, 0.0, 0.0, 0.0, 1.0 ], [ -0.309017, -0.5, -0.809017, 0.0, -0.5, 0.809017, -0.309017, 0.0, 0.809017, 0.309017, -0.5, 0.0, 0.0, 0.0, 0.0, 1.0 ], [ -1.0, 0.0, 0.0, 0.0, 0.0, 1.0, 0.0, 0.0, 0.0, 0.0, -1.0, 0.0, 0.0, 0.0, 0.0, 1.0 ], [ 0.0, 0.0, -1.0, 0.0, 1.0, 0.0, 0.0, 0.0, 0.0, -1.0, 0.0, 0.0, 0.0, 0.0, 0.0, 1.0 ], [ 0.0, -1.0, 0.0, 0.0, 0.0, 0.0, 1.0, 0.0, -1.0, 0.0, 0.0, 0.0, 0.0, 0.0, 0.0, 1.0 ], [ -0.809017, -0.309017, -0.5, 0.0, 0.309017, 0.5, -0.809017, 0.0, 0.5, -0.809017, -0.309017, 0.0, 0.0, 0.0, 0.0, 1.0 ], [ 0.5, -0.809017, -0.309017, 0.0, 0.809017, 0.309017, 0.5, 0.0, -0.309017, -0.5, 0.809017, 0.0, 0.0, 0.0, 0.0, 1.0 ], [ -0.309017, -0.5, 0.809017, 0.0, -0.5, 0.809017, 0.309017, 0.0, -0.809017, -0.309017, -0.5, 0.0, 0.0, 0.0, 0.0, 1.0 ], [ -0.5, -0.809017, -0.309017, 0.0, 0.809017, -0.309017, -0.5, 0.0, 0.309017, -0.5, 0.809017, 0.0, 0.0, 0.0, 0.0, 1.0 ], [ 0.309017, -0.5, 0.809017, 0.0, 0.5, 0.809017, 0.309017, 0.0, -0.809017, 0.309017, 0.5, 0.0, 0.0, 0.0, 0.0, 1.0 ], [ -0.809017, 0.309017, 0.5, 0.0, -0.309017, 0.5, -0.809017, 0.0, -0.5, -0.809017, -0.309017, 0.0, 0.0, 0.0, 0.0, 1.0 ], [ -0.5, -0.809017, 0.309017, 0.0, 0.809017, -0.309017, 0.5, 0.0, -0.309017, 0.5, 0.809017, 0.0, 0.0, 0.0, 0.0, 1.0 ], [ -0.309017, 0.5, 0.809017, 0.0, 0.5, 0.809017, -0.309017, 0.0, -0.809017, 0.309017, -0.5, 0.0, 0.0, 0.0, 0.0, 1.0 ], [ -0.809017, 0.309017, -0.5, 0.0, 0.309017, -0.5, -0.809017, 0.0, -0.5, -0.809017, 0.309017, 0.0, 0.0, 0.0, 0.0, 1.0 ], [ -0.809017, -0.309017, 0.5, 0.0, 0.309017, 0.5, 0.809017, 0.0, -0.5, 0.809017, -0.309017, 0.0, 0.0, 0.0, 0.0, 1.0 ], [ -0.5, 0.809017, -0.309017, 0.0, 0.809017, 0.309017, -0.5, 0.0, -0.309017, -0.5, -0.809017, 0.0, 0.0, 0.0, 0.0, 1.0 ], [ -0.309017, -0.5, -0.809017, 0.0, 0.5, -0.809017, 0.309017, 0.0, -0.809017, -0.309017, 0.5, 0.0, 0.0, 0.0, 0.0, 1.0 ] ],
  "lights" : {
    "backgroundColor" : "#FFFFFF",
    "ambientColor" : "#292929",
    "directionalLights" : [ {
      "direction" : {
        "x" : 1.0,
        "y" : -1.0,
        "z" : -1.0
      },
      "color" : "#EBEBE4"
    }, {
      "direction" : {
        "x" : -1.0,
        "y" : 0.0,
        "z" : 0.0
      },
      "color" : "#E4E4EB"
    }, {
      "direction" : {
        "x" : 0.0,
        "y" : 0.0,
        "z" : -1.0
      },
      "color" : "#1E1E1E"
    } ]
  },
  "camera" : {
    "perspective" : false,
    "viewDistance" : 146.77187,
    "nearClipDistance" : 0.36692968,
    "farClipDistance" : 293.54373,
    "lookAtPoint" : {
      "x" : 0.0,
      "y" : 0.0,
      "z" : 0.0
    },
    "fieldOfView" : 0.4426289,
    "lookDirection" : {
      "x" : -0.013244654,
      "y" : -0.0074008647,
      "z" : -0.99988467
    },
    "upDirection" : {
      "x" : -0.0028930602,
      "y" : 0.9999688,
      "z" : -0.0073631783
    },
    "width" : 66.04734,
    "stereo" : false,
    "position" : {
      "x" : 1.9439425,
      "y" : 1.0862387,
      "z" : 146.75494
    }
  },
  "embedding" : [ 1.0, 0.0, 0.0, 0.0, 0.0, 1.0, 0.0, 0.0, 0.0, 0.0, 1.0, 0.0, 0.0, 0.0, 0.0, 1.0 ],
  "shapes" : [ {
    "id" : "7edfeff5-eb45-499f-91d5-079bcc553088",
    "vertices" : [ {
      "x" : 1.0,
      "y" : 0.309017,
      "z" : 0.19098301
    }, {
      "x" : 1.0,
      "y" : -0.309017,
      "z" : 0.19098301
    }, {
      "x" : 21.18034,
      "y" : -0.309017,
      "z" : 0.19098301
    }, {
      "x" : 21.18034,
      "y" : 0.309017,
      "z" : 0.19098301
    }, {
      "x" : 21.18034,
      "y" : -0.309017,
      "z" : -0.19098301
    }, {
      "x" : 21.18034,
      "y" : 0.309017,
      "z" : -0.19098301
    }, {
      "x" : 21.798374,
      "y" : 0.0,
      "z" : 0.0
    }, {
      "x" : 0.38196602,
      "y" : 0.0,
      "z" : 0.0
    }, {
      "x" : 1.0,
      "y" : 0.309017,
      "z" : -0.19098301
    }, {
      "x" : 1.0,
      "y" : -0.309017,
      "z" : -0.19098301
    }, {
      "x" : 22.18034,
      "y" : 0.0,
      "z" : 0.0
    } ],
    "faces" : [ {
      "vertices" : [ 1, 9, 4 ]
    }, {
      "vertices" : [ 1, 4, 2 ]
    }, {
      "vertices" : [ 0, 3, 5 ]
    }, {
      "vertices" : [ 0, 5, 8 ]
    }, {
      "vertices" : [ 1, 7, 9 ]
    }, {
      "vertices" : [ 0, 1, 2 ]
    }, {
      "vertices" : [ 0, 2, 3 ]
    }, {
      "vertices" : [ 7, 8, 9 ]
    }, {
      "vertices" : [ 0, 7, 1 ]
    }, {
      "vertices" : [ 4, 9, 8 ]
    }, {
      "vertices" : [ 4, 8, 5 ]
    }, {
      "vertices" : [ 2, 6, 3 ]
    }, {
      "vertices" : [ 2, 4, 6 ]
    }, {
      "vertices" : [ 3, 6, 5 ]
    }, {
      "vertices" : [ 4, 5, 6 ]
    }, {
      "vertices" : [ 0, 8, 7 ]
    } ]
  }, {
    "id" : "2c51f143-e86e-47ef-92eb-65c7138a711d",
    "vertices" : [ {
      "x" : 1.0,
      "y" : 0.309017,
      "z" : 0.19098301
    }, {
      "x" : 1.0,
      "y" : -0.309017,
      "z" : 0.19098301
    }, {
      "x" : 10.09017,
      "y" : -0.309017,
      "z" : 0.19098301
    }, {
      "x" : 10.09017,
      "y" : 0.309017,
      "z" : 0.19098301
    }, {
      "x" : 10.09017,
      "y" : -0.309017,
      "z" : -0.19098301
    }, {
      "x" : 10.09017,
      "y" : 0.309017,
      "z" : -0.19098301
    }, {
      "x" : 10.708204,
      "y" : 0.0,
      "z" : 0.0
    }, {
      "x" : 0.38196602,
      "y" : 0.0,
      "z" : 0.0
    }, {
      "x" : 1.0,
      "y" : 0.309017,
      "z" : -0.19098301
    }, {
      "x" : 1.0,
      "y" : -0.309017,
      "z" : -0.19098301
    }, {
      "x" : 11.09017,
      "y" : 0.0,
      "z" : 0.0
    } ],
    "faces" : [ {
      "vertices" : [ 1, 9, 4 ]
    }, {
      "vertices" : [ 1, 4, 2 ]
    }, {
      "vertices" : [ 0, 3, 5 ]
    }, {
      "vertices" : [ 0, 5, 8 ]
    }, {
      "vertices" : [ 1, 7, 9 ]
    }, {
      "vertices" : [ 0, 1, 2 ]
    }, {
      "vertices" : [ 0, 2, 3 ]
    }, {
      "vertices" : [ 7, 8, 9 ]
    }, {
      "vertices" : [ 0, 7, 1 ]
    }, {
      "vertices" : [ 4, 9, 8 ]
    }, {
      "vertices" : [ 4, 8, 5 ]
    }, {
      "vertices" : [ 2, 6, 3 ]
    }, {
      "vertices" : [ 2, 4, 6 ]
    }, {
      "vertices" : [ 3, 6, 5 ]
    }, {
      "vertices" : [ 4, 5, 6 ]
    }, {
      "vertices" : [ 0, 8, 7 ]
    } ]
  }, {
    "id" : "0522c13e-4a11-4e72-a49b-b063b22bdfd9",
    "vertices" : [ {
      "x" : 0.309017,
      "y" : -0.309017,
      "z" : -0.309017
    }, {
      "x" : 0.5,
      "y" : 0.0,
      "z" : -0.19098301
    }, {
      "x" : 0.5,
      "y" : 0.0,
      "z" : 0.19098301
    }, {
      "x" : 0.309017,
      "y" : -0.309017,
      "z" : 0.309017
    }, {
      "x" : 0.19098301,
      "y" : -0.5,
      "z" : 0.0
    }, {
      "x" : 0.0,
      "y" : 0.19098301,
      "z" : 0.5
    }, {
      "x" : 0.0,
      "y" : -0.19098301,
      "z" : 0.5
    }, {
      "x" : 0.309017,
      "y" : 0.309017,
      "z" : 0.309017
    }, {
      "x" : -0.309017,
      "y" : -0.309017,
      "z" : 0.309017
    }, {
      "x" : -0.309017,
      "y" : 0.309017,
      "z" : 0.309017
    }, {
      "x" : -0.5,
      "y" : 0.0,
      "z" : 0.19098301
    }, {
      "x" : 0.0,
      "y" : -0.19098301,
      "z" : -0.5
    }, {
      "x" : 0.0,
      "y" : 0.19098301,
      "z" : -0.5
    }, {
      "x" : 0.309017,
      "y" : 0.309017,
      "z" : -0.309017
    }, {
      "x" : -0.309017,
      "y" : -0.309017,
      "z" : -0.309017
    }, {
      "x" : -0.19098301,
      "y" : -0.5,
      "z" : 0.0
    }, {
      "x" : -0.5,
      "y" : 0.0,
      "z" : -0.19098301
    }, {
      "x" : 0.19098301,
      "y" : 0.5,
      "z" : 0.0
    }, {
      "x" : -0.309017,
      "y" : 0.309017,
      "z" : -0.309017
    }, {
      "x" : 0.0,
      "y" : 0.0,
      "z" : 0.0
    }, {
      "x" : -0.19098301,
      "y" : 0.5,
      "z" : 0.0
    } ],
    "faces" : [ {
      "vertices" : [ 12, 18, 20 ]
    }, {
      "vertices" : [ 12, 20, 17 ]
    }, {
      "vertices" : [ 12, 17, 13 ]
    }, {
      "vertices" : [ 3, 6, 8 ]
    }, {
      "vertices" : [ 3, 8, 15 ]
    }, {
      "vertices" : [ 3, 15, 4 ]
    }, {
      "vertices" : [ 0, 11, 12 ]
    }, {
      "vertices" : [ 0, 12, 13 ]
    }, {
      "vertices" : [ 0, 13, 1 ]
    }, {
      "vertices" : [ 5, 9, 10 ]
    }, {
      "vertices" : [ 5, 10, 8 ]
    }, {
      "vertices" : [ 5, 8, 6 ]
    }, {
      "vertices" : [ 2, 7, 5 ]
    }, {
      "vertices" : [ 2, 5, 6 ]
    }, {
      "vertices" : [ 2, 6, 3 ]
    }, {
      "vertices" : [ 11, 14, 16 ]
    }, {
      "vertices" : [ 11, 16, 18 ]
    }, {
      "vertices" : [ 11, 18, 12 ]
    }, {
      "vertices" : [ 1, 13, 17 ]
    }, {
      "vertices" : [ 1, 17, 7 ]
    }, {
      "vertices" : [ 1, 7, 2 ]
    }, {
      "vertices" : [ 9, 20, 18 ]
    }, {
      "vertices" : [ 9, 18, 16 ]
    }, {
      "vertices" : [ 9, 16, 10 ]
    }, {
      "vertices" : [ 0, 1, 2 ]
    }, {
      "vertices" : [ 0, 2, 3 ]
    }, {
      "vertices" : [ 0, 3, 4 ]
    }, {
      "vertices" : [ 5, 7, 17 ]
    }, {
      "vertices" : [ 5, 17, 20 ]
    }, {
      "vertices" : [ 5, 20, 9 ]
    }, {
      "vertices" : [ 0, 4, 15 ]
    }, {
      "vertices" : [ 0, 15, 14 ]
    }, {
      "vertices" : [ 0, 14, 11 ]
    }, {
      "vertices" : [ 8, 10, 16 ]
    }, {
      "vertices" : [ 8, 16, 14 ]
    }, {
      "vertices" : [ 8, 14, 15 ]
    } ]
  }, {
    "id" : "08574753-f456-430b-9234-da22fb4919a3",
    "vertices" : [ {
      "x" : 14.208204,
      "y" : 5.427051,
      "z" : -2.072949
    }, {
      "x" : 13.826238,
      "y" : 4.972136,
      "z" : -1.881966
    }, {
      "x" : 13.663119,
      "y" : 5.236068,
      "z" : -2.309017
    }, {
      "x" : 13.59017,
      "y" : 5.5,
      "z" : -2.118034
    }, {
      "x" : 0.85410196,
      "y" : 0.309017,
      "z" : 0.19098301
    }, {
      "x" : 0.690983,
      "y" : 0.572949,
      "z" : -0.23606798
    }, {
      "x" : 0.309017,
      "y" : 0.11803399,
      "z" : -0.045084972
    }, {
      "x" : 0.76393205,
      "y" : 0.309017,
      "z" : -0.42705098
    }, {
      "x" : 0.927051,
      "y" : 0.045084972,
      "z" : 0.0
    }, {
      "x" : 13.753289,
      "y" : 5.236068,
      "z" : -1.690983
    }, {
      "x" : 14.5172205,
      "y" : 5.545085,
      "z" : -2.118034
    } ],
    "faces" : [ {
      "vertices" : [ 2, 7, 5 ]
    }, {
      "vertices" : [ 2, 5, 3 ]
    }, {
      "vertices" : [ 1, 8, 7 ]
    }, {
      "vertices" : [ 1, 7, 2 ]
    }, {
      "vertices" : [ 4, 6, 8 ]
    }, {
      "vertices" : [ 5, 7, 6 ]
    }, {
      "vertices" : [ 0, 1, 2 ]
    }, {
      "vertices" : [ 0, 2, 3 ]
    }, {
      "vertices" : [ 6, 7, 8 ]
    }, {
      "vertices" : [ 3, 5, 4 ]
    }, {
      "vertices" : [ 3, 4, 9 ]
    }, {
      "vertices" : [ 1, 9, 4 ]
    }, {
      "vertices" : [ 1, 4, 8 ]
    }, {
      "vertices" : [ 0, 9, 1 ]
    }, {
      "vertices" : [ 0, 3, 9 ]
    }, {
      "vertices" : [ 4, 5, 6 ]
    } ]
  }, {
    "id" : "8089d870-79e9-48ec-b506-d3a49cc0d109",
    "vertices" : [ {
      "x" : 17.944271,
      "y" : 0.0,
      "z" : -6.854102
    }, {
      "x" : 17.635256,
      "y" : 0.0,
      "z" : -6.736068
    }, {
      "x" : 17.230747,
      "y" : -0.1545085,
      "z" : -6.295085
    }, {
      "x" : 17.039762,
      "y" : -0.1545085,
      "z" : -6.795085
    }, {
      "x" : 0.9045085,
      "y" : -0.1545085,
      "z" : -0.059016995
    }, {
      "x" : 0.809017,
      "y" : 0.309017,
      "z" : -0.309017
    }, {
      "x" : 0.309017,
      "y" : 0.0,
      "z" : -0.11803399
    }, {
      "x" : 17.135256,
      "y" : 0.309017,
      "z" : -6.545085
    }, {
      "x" : 0.7135255,
      "y" : -0.1545085,
      "z" : -0.559017
    } ],
    "faces" : [ {
      "vertices" : [ 2, 4, 8 ]
    }, {
      "vertices" : [ 2, 8, 3 ]
    }, {
      "vertices" : [ 2, 7, 5 ]
    }, {
      "vertices" : [ 2, 5, 4 ]
    }, {
      "vertices" : [ 4, 6, 8 ]
    }, {
      "vertices" : [ 5, 8, 6 ]
    }, {
      "vertices" : [ 1, 2, 3 ]
    }, {
      "vertices" : [ 3, 8, 5 ]
    }, {
      "vertices" : [ 3, 5, 7 ]
    }, {
      "vertices" : [ 1, 7, 2 ]
    }, {
      "vertices" : [ 1, 3, 7 ]
    }, {
      "vertices" : [ 4, 5, 6 ]
    } ]
  }, {
    "id" : "ec8ae62c-41de-4787-a242-ba37fc732108",
    "vertices" : [ {
      "x" : 1.0,
      "y" : 0.309017,
      "z" : 0.19098301
    }, {
      "x" : 1.0,
      "y" : -0.309017,
      "z" : 0.19098301
    }, {
      "x" : 12.708204,
      "y" : -0.309017,
      "z" : 0.19098301
    }, {
      "x" : 12.708204,
      "y" : 0.309017,
      "z" : 0.19098301
    }, {
      "x" : 12.708204,
      "y" : -0.309017,
      "z" : -0.19098301
    }, {
      "x" : 12.708204,
      "y" : 0.309017,
      "z" : -0.19098301
    }, {
      "x" : 13.326238,
      "y" : 0.0,
      "z" : 0.0
    }, {
      "x" : 0.38196602,
      "y" : 0.0,
      "z" : 0.0
    }, {
      "x" : 1.0,
      "y" : 0.309017,
      "z" : -0.19098301
    }, {
      "x" : 1.0,
      "y" : -0.309017,
      "z" : -0.19098301
    }, {
      "x" : 13.708204,
      "y" : 0.0,
      "z" : 0.0
    } ],
    "faces" : [ {
      "vertices" : [ 1, 9, 4 ]
    }, {
      "vertices" : [ 1, 4, 2 ]
    }, {
      "vertices" : [ 0, 3, 5 ]
    }, {
      "vertices" : [ 0, 5, 8 ]
    }, {
      "vertices" : [ 1, 7, 9 ]
    }, {
      "vertices" : [ 0, 1, 2 ]
    }, {
      "vertices" : [ 0, 2, 3 ]
    }, {
      "vertices" : [ 7, 8, 9 ]
    }, {
      "vertices" : [ 0, 7, 1 ]
    }, {
      "vertices" : [ 4, 9, 8 ]
    }, {
      "vertices" : [ 4, 8, 5 ]
    }, {
      "vertices" : [ 2, 6, 3 ]
    }, {
      "vertices" : [ 2, 4, 6 ]
    }, {
      "vertices" : [ 3, 6, 5 ]
    }, {
      "vertices" : [ 4, 5, 6 ]
    }, {
      "vertices" : [ 0, 8, 7 ]
    } ]
  }, {
    "id" : "a6b5a45e-5962-4f83-9e73-ce451a5fff25",
    "vertices" : [ {
      "x" : 8.663119,
      "y" : 3.309017,
      "z" : -1.263932
    }, {
      "x" : 8.281153,
      "y" : 2.854102,
      "z" : -1.072949
    }, {
      "x" : 8.118034,
      "y" : 3.118034,
      "z" : -1.5
    }, {
      "x" : 8.045085,
      "y" : 3.381966,
      "z" : -1.309017
    }, {
      "x" : 0.85410196,
      "y" : 0.309017,
      "z" : 0.19098301
    }, {
      "x" : 0.690983,
      "y" : 0.572949,
      "z" : -0.23606798
    }, {
      "x" : 0.309017,
      "y" : 0.11803399,
      "z" : -0.045084972
    }, {
      "x" : 0.76393205,
      "y" : 0.309017,
      "z" : -0.42705098
    }, {
      "x" : 0.927051,
      "y" : 0.045084972,
      "z" : 0.0
    }, {
      "x" : 8.208204,
      "y" : 3.118034,
      "z" : -0.881966
    }, {
      "x" : 8.972136,
      "y" : 3.427051,
      "z" : -1.309017
    } ],
    "faces" : [ {
      "vertices" : [ 2, 7, 5 ]
    }, {
      "vertices" : [ 2, 5, 3 ]
    }, {
      "vertices" : [ 1, 8, 7 ]
    }, {
      "vertices" : [ 1, 7, 2 ]
    }, {
      "vertices" : [ 4, 6, 8 ]
    }, {
      "vertices" : [ 5, 7, 6 ]
    }, {
      "vertices" : [ 0, 1, 2 ]
    }, {
      "vertices" : [ 0, 2, 3 ]
    }, {
      "vertices" : [ 6, 7, 8 ]
    }, {
      "vertices" : [ 3, 5, 4 ]
    }, {
      "vertices" : [ 3, 4, 9 ]
    }, {
      "vertices" : [ 1, 9, 4 ]
    }, {
      "vertices" : [ 1, 4, 8 ]
    }, {
      "vertices" : [ 0, 9, 1 ]
    }, {
      "vertices" : [ 0, 3, 9 ]
    }, {
      "vertices" : [ 4, 5, 6 ]
    } ]
  } ],
  "instances" : [ {
    "shape" : "7edfeff5-eb45-499f-91d5-079bcc553088",
    "color" : "#007695",
    "position" : {
      "x" : -11.09017,
      "y" : 11.09017,
      "z" : 11.09017
    },
    "orientation" : 47
  }, {
    "shape" : "2c51f143-e86e-47ef-92eb-65c7138a711d",
    "color" : "#007695",
    "position" : {
      "x" : 0.0,
      "y" : 0.0,
      "z" : 0.0
    },
    "orientation" : 16
  }, {
    "shape" : "0522c13e-4a11-4e72-a49b-b063b22bdfd9",
    "color" : "#FFFFFF",
    "position" : {
      "x" : 11.09017,
      "y" : 11.09017,
      "z" : -11.09017
    }
  }, {
    "shape" : "0522c13e-4a11-4e72-a49b-b063b22bdfd9",
    "color" : "#FFFFFF",
    "position" : {
      "x" : 0.0,
      "y" : 0.0,
      "z" : -11.09017
    }
  }, {
    "shape" : "08574753-f456-430b-9234-da22fb4919a3",
    "color" : "#008D36",
    "position" : {
      "x" : 0.0,
      "y" : 0.0,
      "z" : 11.09017
    },
    "orientation" : 52
  }, {
    "shape" : "8089d870-79e9-48ec-b506-d3a49cc0d109",
    "color" : "#F0A000",
    "position" : {
      "x" : 0.0,
      "y" : 0.0,
      "z" : 0.0
    },
    "orientation" : 5
  }, {
    "shape" : "7edfeff5-eb45-499f-91d5-079bcc553088",
    "color" : "#007695",
    "position" : {
      "x" : -11.09017,
      "y" : -11.09017,
      "z" : -11.09017
    },
    "orientation" : 0
  }, {
    "shape" : "0522c13e-4a11-4e72-a49b-b063b22bdfd9",
    "color" : "#FFFFFF",
    "position" : {
      "x" : -11.09017,
      "y" : 11.09017,
      "z" : -11.09017
    }
  }, {
    "shape" : "2c51f143-e86e-47ef-92eb-65c7138a711d",
    "color" : "#007695",
    "position" : {
      "x" : 0.0,
      "y" : 0.0,
      "z" : 0.0
    },
    "orientation" : 45
  }, {
    "shape" : "8089d870-79e9-48ec-b506-d3a49cc0d109",
    "color" : "#F0A000",
    "position" : {
      "x" : 0.0,
      "y" : 0.0,
      "z" : 0.0
    },
    "orientation" : 19
  }, {
    "shape" : "7edfeff5-eb45-499f-91d5-079bcc553088",
    "color" : "#007695",
    "position" : {
      "x" : 11.09017,
      "y" : 11.09017,
      "z" : -11.09017
    },
    "orientation" : 2
  }, {
    "shape" : "2c51f143-e86e-47ef-92eb-65c7138a711d",
    "color" : "#007695",
    "position" : {
      "x" : 0.0,
      "y" : 0.0,
      "z" : 0.0
    },
    "orientation" : 47
  }, {
    "shape" : "8089d870-79e9-48ec-b506-d3a49cc0d109",
    "color" : "#F0A000",
    "position" : {
      "x" : 0.0,
      "y" : 0.0,
      "z" : 0.0
    },
    "orientation" : 24
  }, {
    "shape" : "0522c13e-4a11-4e72-a49b-b063b22bdfd9",
    "color" : "#FFFFFF",
    "position" : {
      "x" : 11.09017,
      "y" : 11.09017,
      "z" : 11.09017
    }
  }, {
    "shape" : "0522c13e-4a11-4e72-a49b-b063b22bdfd9",
    "color" : "#FFFFFF",
    "position" : {
      "x" : 0.0,
      "y" : 0.0,
      "z" : 0.0
    }
  }, {
    "shape" : "7edfeff5-eb45-499f-91d5-079bcc553088",
    "color" : "#007695",
    "position" : {
      "x" : -11.09017,
      "y" : -11.09017,
      "z" : -11.09017
    },
    "orientation" : 2
  }, {
    "shape" : "0522c13e-4a11-4e72-a49b-b063b22bdfd9",
    "color" : "#FFFFFF",
    "position" : {
      "x" : 11.09017,
      "y" : -11.09017,
      "z" : -11.09017
    }
  }, {
    "shape" : "7edfeff5-eb45-499f-91d5-079bcc553088",
    "color" : "#007695",
    "position" : {
      "x" : -11.09017,
      "y" : 11.09017,
      "z" : 11.09017
    },
    "orientation" : 0
  }, {
    "shape" : "0522c13e-4a11-4e72-a49b-b063b22bdfd9",
    "color" : "#FFFFFF",
    "position" : {
      "x" : -11.09017,
      "y" : -11.09017,
      "z" : -11.09017
    }
  }, {
    "shape" : "7edfeff5-eb45-499f-91d5-079bcc553088",
    "color" : "#007695",
    "position" : {
      "x" : 11.09017,
      "y" : -11.09017,
      "z" : 11.09017
    },
    "orientation" : 1
  }, {
    "shape" : "8089d870-79e9-48ec-b506-d3a49cc0d109",
    "color" : "#F0A000",
    "position" : {
      "x" : 0.0,
      "y" : 0.0,
      "z" : 0.0
    },
    "orientation" : 3
  }, {
    "shape" : "7edfeff5-eb45-499f-91d5-079bcc553088",
    "color" : "#007695",
    "position" : {
      "x" : 11.09017,
      "y" : 11.09017,
      "z" : -11.09017
    },
    "orientation" : 16
  }, {
    "shape" : "0522c13e-4a11-4e72-a49b-b063b22bdfd9",
    "color" : "#FFFFFF",
    "position" : {
      "x" : -11.09017,
      "y" : -11.09017,
      "z" : 11.09017
    }
  }, {
    "shape" : "7edfeff5-eb45-499f-91d5-079bcc553088",
    "color" : "#007695",
    "position" : {
      "x" : 11.09017,
      "y" : -11.09017,
      "z" : 11.09017
    },
    "orientation" : 47
  }, {
    "shape" : "0522c13e-4a11-4e72-a49b-b063b22bdfd9",
    "color" : "#FFFFFF",
    "position" : {
      "x" : -11.09017,
      "y" : 11.09017,
      "z" : 11.09017
    }
  }, {
    "shape" : "ec8ae62c-41de-4787-a242-ba37fc732108",
    "color" : "#007695",
    "position" : {
      "x" : 6.854102,
      "y" : 17.944271,
      "z" : 0.0
    },
    "orientation" : 25
  }, {
    "shape" : "0522c13e-4a11-4e72-a49b-b063b22bdfd9",
    "color" : "#FFFFFF",
    "position" : {
      "x" : 0.0,
      "y" : 11.09017,
      "z" : 0.0
    }
  }, {
    "shape" : "2c51f143-e86e-47ef-92eb-65c7138a711d",
    "color" : "#007695",
    "position" : {
      "x" : 0.0,
      "y" : 0.0,
      "z" : 0.0
    },
    "orientation" : 1
  }, {
    "shape" : "8089d870-79e9-48ec-b506-d3a49cc0d109",
    "color" : "#F0A000",
    "position" : {
      "x" : 0.0,
      "y" : 0.0,
      "z" : 0.0
    },
    "orientation" : 6
  }, {
    "shape" : "2c51f143-e86e-47ef-92eb-65c7138a711d",
    "color" : "#007695",
    "position" : {
      "x" : 0.0,
      "y" : 0.0,
      "z" : 0.0
    },
    "orientation" : 0
  }, {
    "shape" : "7edfeff5-eb45-499f-91d5-079bcc553088",
    "color" : "#007695",
    "position" : {
      "x" : 11.09017,
      "y" : 11.09017,
      "z" : -11.09017
    },
    "orientation" : 45
  }, {
    "shape" : "ec8ae62c-41de-4787-a242-ba37fc732108",
    "color" : "#007695",
    "position" : {
      "x" : 11.09017,
      "y" : 11.09017,
      "z" : 11.09017
    },
    "orientation" : 55
  }, {
    "shape" : "8089d870-79e9-48ec-b506-d3a49cc0d109",
    "color" : "#F0A000",
    "position" : {
      "x" : 0.0,
      "y" : 0.0,
      "z" : 0.0
    },
    "orientation" : 39
  }, {
    "shape" : "2c51f143-e86e-47ef-92eb-65c7138a711d",
    "color" : "#007695",
    "position" : {
      "x" : 0.0,
      "y" : 0.0,
      "z" : 11.09017
    },
    "orientation" : 47
  }, {
    "shape" : "0522c13e-4a11-4e72-a49b-b063b22bdfd9",
    "color" : "#FFFFFF",
    "position" : {
      "x" : -11.09017,
      "y" : 0.0,
      "z" : 0.0
    }
  }, {
    "shape" : "0522c13e-4a11-4e72-a49b-b063b22bdfd9",
    "color" : "#FFFFFF",
    "position" : {
      "x" : 0.0,
      "y" : -11.09017,
      "z" : 0.0
    }
  }, {
    "shape" : "8089d870-79e9-48ec-b506-d3a49cc0d109",
    "color" : "#F0A000",
    "position" : {
      "x" : 0.0,
      "y" : 0.0,
      "z" : 0.0
    },
    "orientation" : 54
  }, {
    "shape" : "0522c13e-4a11-4e72-a49b-b063b22bdfd9",
    "color" : "#FFFFFF",
    "position" : {
      "x" : 11.09017,
      "y" : 0.0,
      "z" : 0.0
    }
  }, {
    "shape" : "8089d870-79e9-48ec-b506-d3a49cc0d109",
    "color" : "#F0A000",
    "position" : {
      "x" : 0.0,
      "y" : 0.0,
      "z" : 0.0
    },
    "orientation" : 9
  }, {
    "shape" : "a6b5a45e-5962-4f83-9e73-ce451a5fff25",
    "color" : "#008D36",
    "position" : {
      "x" : 0.0,
      "y" : 11.09017,
      "z" : 0.0
    },
    "orientation" : 6
  }, {
    "shape" : "8089d870-79e9-48ec-b506-d3a49cc0d109",
    "color" : "#F0A000",
    "position" : {
      "x" : 0.0,
      "y" : 0.0,
      "z" : 0.0
    },
    "orientation" : 4
  }, {
    "shape" : "0522c13e-4a11-4e72-a49b-b063b22bdfd9",
    "color" : "#FFFFFF",
    "position" : {
      "x" : 0.0,
      "y" : 0.0,
      "z" : 11.09017
    }
  }, {
    "shape" : "7edfeff5-eb45-499f-91d5-079bcc553088",
    "color" : "#007695",
    "position" : {
      "x" : 11.09017,
      "y" : -11.09017,
      "z" : 11.09017
    },
    "orientation" : 45
  }, {
    "shape" : "7edfeff5-eb45-499f-91d5-079bcc553088",
    "color" : "#007695",
    "position" : {
      "x" : -11.09017,
      "y" : -11.09017,
      "z" : -11.09017
    },
    "orientation" : 1
  }, {
    "shape" : "08574753-f456-430b-9234-da22fb4919a3",
    "color" : "#008D36",
    "position" : {
      "x" : -11.09017,
      "y" : 0.0,
      "z" : 0.0
    },
    "orientation" : 6
  }, {
    "shape" : "0522c13e-4a11-4e72-a49b-b063b22bdfd9",
    "color" : "#FFFFFF",
    "position" : {
      "x" : 6.854102,
      "y" : 17.944271,
      "z" : 0.0
    }
  }, {
    "shape" : "7edfeff5-eb45-499f-91d5-079bcc553088",
    "color" : "#007695",
    "position" : {
      "x" : -11.09017,
      "y" : 11.09017,
      "z" : 11.09017
    },
    "orientation" : 16
  }, {
    "shape" : "0522c13e-4a11-4e72-a49b-b063b22bdfd9",
    "color" : "#FFFFFF",
    "position" : {
      "x" : 11.09017,
      "y" : -11.09017,
      "z" : 11.09017
    }
  } ]
}