{
  "polygons" : "true",
  "field" : "golden",
  "symmetry" : "icosahedral",
  "orientations" : [ [ 1.0, 0.0, 0.0, 0.0, 0.0, 1.0, 0.0, 0.0, 0.0, 0.0, 1.0, 0.0, 0.0, 0.0, 0.0, 1.0 ], [ 0.0, 0.0, 1.0, 0.0, 1.0, 0.0, 0.0, 0.0, 0.0, 1.0, 0.0, 0.0, 0.0, 0.0, 0.0, 1.0 ], [ 0.0, 1.0, 0.0, 0.0, 0.0, 0.0, 1.0, 0.0, 1.0, 0.0, 0.0, 0.0, 0.0, 0.0, 0.0, 1.0 ], [ 0.809017, 0.309017, 0.5, 0.0, 0.309017, 0.5, -0.809017, 0.0, -0.5, 0.809017, 0.309017, 0.0, 0.0, 0.0, 0.0, 1.0 ], [ -0.5, 0.809017, 0.309017, 0.0, 0.809017, 0.309017, 0.5, 0.0, 0.309017, 0.5, -0.809017, 0.0, 0.0, 0.0, 0.0, 1.0 ], [ 0.309017, 0.5, -0.809017, 0.0, -0.5, 0.809017, 0.309017, 0.0, 0.809017, 0.309017, 0.5, 0.0, 0.0, 0.0, 0.0, 1.0 ], [ 0.5, 0.809017, 0.309017, 0.0, 0.809017, -0.309017, -0.5, 0.0, -0.309017, 0.5, -0.809017, 0.0, 0.0, 0.0, 0.0, 1.0 ], [ -0.309017, 0.5, -0.809017, 0.0, 0.5, 0.809017, 0.309017, 0.0, 0.809017, -0.309017, -0.5, 0.0, 0.0, 0.0, 0.0, 1.0 ], [ 0.809017, -0.309017, -0.5, 0.0, -0.309017, 0.5, -0.809017, 0.0, 0.5, 0.809017, 0.309017, 0.0, 0.0, 0.0, 0.0, 1.0 ], [ 0.5, 0.809017, -0.309017, 0.0, 0.809017, -0.309017, 0.5, 0.0, 0.309017, -0.5, -0.809017, 0.0, 0.0, 0.0, 0.0, 1.0 ], [ 0.309017, -0.5, -0.809017, 0.0, 0.5, 0.809017, -0.309017, 0.0, 0.809017, -0.309017, 0.5, 0.0, 0.0, 0.0, 0.0, 1.0 ], [ 0.809017, -0.309017, 0.5, 0.0, 0.309017, -0.5, -0.809017, 0.0, 0.5, 0.809017, -0.309017, 0.0, 0.0, 0.0, 0.0, 1.0 ], [ 0.809017, 0.309017, -0.5, 0.0, 0.309017, 0.5, 0.809017, 0.0, 0.5, -0.809017, 0.309017, 0.0, 0.0, 0.0, 0.0, 1.0 ], [ 0.5, -0.809017, 0.309017, 0.0, 0.809017, 0.309017, -0.5, 0.0, 0.309017, 0.5, 0.809017, 0.0, 0.0, 0.0, 0.0, 1.0 ], [ 0.309017, 0.5, 0.809017, 0.0, 0.5, -0.809017, 0.309017, 0.0, 0.809017, 0.309017, -0.5, 0.0, 0.0, 0.0, 0.0, 1.0 ], [ 1.0, 0.0, 0.0, 0.0, 0.0, -1.0, 0.0, 0.0, 0.0, 0.0, -1.0, 0.0, 0.0, 0.0, 0.0, 1.0 ], [ 0.0, 0.0, 1.0, 0.0, -1.0, 0.0, 0.0, 0.0, 0.0, -1.0, 0.0, 0.0, 0.0, 0.0, 0.0, 1.0 ], [ 0.0, 1.0, 0.0, 0.0, 0.0, 0.0, -1.0, 0.0, -1.0, 0.0, 0.0, 0.0, 0.0, 0.0, 0.0, 1.0 ], [ 0.809017, 0.309017, 0.5, 0.0, -0.309017, -0.5, 0.809017, 0.0, 0.5, -0.809017, -0.309017, 0.0, 0.0, 0.0, 0.0, 1.0 ], [ -0.5, 0.809017, 0.309017, 0.0, -0.809017, -0.309017, -0.5, 0.0, -0.309017, -0.5, 0.809017, 0.0, 0.0, 0.0, 0.0, 1.0 ], [ 0.309017, 0.5, -0.809017, 0.0, 0.5, -0.809017, -0.309017, 0.0, -0.809017, -0.309017, -0.5, 0.0, 0.0, 0.0, 0.0, 1.0 ], [ 0.5, 0.809017, 0.309017, 0.0, -0.809017, 0.309017, 0.5, 0.0, 0.309017, -0.5, 0.809017, 0.0, 0.0, 0.0, 0.0, 1.0 ], [ -0.309017, 0.5, -0.809017, 0.0, -0.5, -0.809017, -0.309017, 0.0, -0.809017, 0.309017, 0.5, 0.0, 0.0, 0.0, 0.0, 1.0 ], [ 0.809017, -0.309017, -0.5, 0.0, 0.309017, -0.5, 0.809017, 0.0, -0.5, -0.809017, -0.309017, 0.0, 0.0, 0.0, 0.0, 1.0 ], [ 0.5, 0.809017, -0.309017, 0.0, -0.809017, 0.309017, -0.5, 0.0, -0.309017, 0.5, 0.809017, 0.0, 0.0, 0.0, 0.0, 1.0 ], [ 0.309017, -0.5, -0.809017, 0.0, -0.5, -0.809017, 0.309017, 0.0, -0.809017, 0.309017, -0.5, 0.0, 0.0, 0.0, 0.0, 1.0 ], [ 0.809017, -0.309017, 0.5, 0.0, -0.309017, 0.5, 0.809017, 0.0, -0.5, -0.809017, 0.309017, 0.0, 0.0, 0.0, 0.0, 1.0 ], [ 0.809017, 0.309017, -0.5, 0.0, -0.309017, -0.5, -0.809017, 0.0, -0.5, 0.809017, -0.309017, 0.0, 0.0, 0.0, 0.0, 1.0 ], [ 0.5, -0.809017, 0.309017, 0.0, -0.809017, -0.309017, 0.5, 0.0, -0.309017, -0.5, -0.809017, 0.0, 0.0, 0.0, 0.0, 1.0 ], [ 0.309017, 0.5, 0.809017, 0.0, -0.5, 0.809017, -0.309017, 0.0, -0.809017, -0.309017, 0.5, 0.0, 0.0, 0.0, 0.0, 1.0 ], [ -1.0, 0.0, 0.0, 0.0, 0.0, -1.0, 0.0, 0.0, 0.0, 0.0, 1.0, 0.0, 0.0, 0.0, 0.0, 1.0 ], [ 0.0, 0.0, -1.0, 0.0, -1.0, 0.0, 0.0, 0.0, 0.0, 1.0, 0.0, 0.0, 0.0, 0.0, 0.0, 1.0 ], [ 0.0, -1.0, 0.0, 0.0, 0.0, 0.0, -1.0, 0.0, 1.0, 0.0, 0.0, 0.0, 0.0, 0.0, 0.0, 1.0 ], [ -0.809017, -0.309017, -0.5, 0.0, -0.309017, -0.5, 0.809017, 0.0, -0.5, 0.809017, 0.309017, 0.0, 0.0, 0.0, 0.0, 1.0 ], [ 0.5, -0.809017, -0.309017, 0.0, -0.809017, -0.309017, -0.5, 0.0, 0.309017, 0.5, -0.809017, 0.0, 0.0, 0.0, 0.0, 1.0 ], [ -0.309017, -0.5, 0.809017, 0.0, 0.5, -0.809017, -0.309017, 0.0, 0.809017, 0.309017, 0.5, 0.0, 0.0, 0.0, 0.0, 1.0 ], [ -0.5, -0.809017, -0.309017, 0.0, -0.809017, 0.309017, 0.5, 0.0, -0.309017, 0.5, -0.809017, 0.0, 0.0, 0.0, 0.0, 1.0 ], [ 0.309017, -0.5, 0.809017, 0.0, -0.5, -0.809017, -0.309017, 0.0, 0.809017, -0.309017, -0.5, 0.0, 0.0, 0.0, 0.0, 1.0 ], [ -0.809017, 0.309017, 0.5, 0.0, 0.309017, -0.5, 0.809017, 0.0, 0.5, 0.809017, 0.309017, 0.0, 0.0, 0.0, 0.0, 1.0 ], [ -0.5, -0.809017, 0.309017, 0.0, -0.809017, 0.309017, -0.5, 0.0, 0.309017, -0.5, -0.809017, 0.0, 0.0, 0.0, 0.0, 1.0 ], [ -0.309017, 0.5, 0.809017, 0.0, -0.5, -0.809017, 0.309017, 0.0, 0.809017, -0.309017, 0.5, 0.0, 0.0, 0.0, 0.0, 1.0 ], [ -0.809017, 0.309017, -0.5, 0.0, -0.309017, 0.5, 0.809017, 0.0, 0.5, 0.809017, -0.309017, 0.0, 0.0, 0.0, 0.0, 1.0 ], [ -0.809017, -0.309017, 0.5, 0.0, -0.309017, -0.5, -0.809017, 0.0, 0.5, -0.809017, 0.309017, 0.0, 0.0, 0.0, 0.0, 1.0 ], [ -0.5, 0.809017, -0.309017, 0.0, -0.809017, -0.309017, 0.5, 0.0, 0.309017, 0.5, 0.809017, 0.0, 0.0, 0.0, 0.0, 1.0 ], [ -0.309017, -0.5, -0.809017, 0.0, -0.5, 0.809017, -0.309017, 0.0, 0.809017, 0.309017, -0.5, 0.0, 0.0, 0.0, 0.0, 1.0 ], [ -1.0, 0.0, 0.0, 0.0, 0.0, 1.0, 0.0, 0.0, 0.0, 0.0, -1.0, 0.0, 0.0, 0.0, 0.0, 1.0 ], [ 0.0, 0.0, -1.0, 0.0, 1.0, 0.0, 0.0, 0.0, 0.0, -1.0, 0.0, 0.0, 0.0, 0.0, 0.0, 1.0 ], [ 0.0, -1.0, 0.0, 0.0, 0.0, 0.0, 1.0, 0.0, -1.0, 0.0, 0.0, 0.0, 0.0, 0.0, 0.0, 1.0 ], [ -0.809017, -0.309017, -0.5, 0.0, 0.309017, 0.5, -0.809017, 0.0, 0.5, -0.809017, -0.309017, 0.0, 0.0, 0.0, 0.0, 1.0 ], [ 0.5, -0.809017, -0.309017, 0.0, 0.809017, 0.309017, 0.5, 0.0, -0.309017, -0.5, 0.809017, 0.0, 0.0, 0.0, 0.0, 1.0 ], [ -0.309017, -0.5, 0.809017, 0.0, -0.5, 0.809017, 0.309017, 0.0, -0.809017, -0.309017, -0.5, 0.0, 0.0, 0.0, 0.0, 1.0 ], [ -0.5, -0.809017, -0.309017, 0.0, 0.809017, -0.309017, -0.5, 0.0, 0.309017, -0.5, 0.809017, 0.0, 0.0, 0.0, 0.0, 1.0 ], [ 0.309017, -0.5, 0.809017, 0.0, 0.5, 0.809017, 0.309017, 0.0, -0.809017, 0.309017, 0.5, 0.0, 0.0, 0.0, 0.0, 1.0 ], [ -0.809017, 0.309017, 0.5, 0.0, -0.309017, 0.5, -0.809017, 0.0, -0.5, -0.809017, -0.309017, 0.0, 0.0, 0.0, 0.0, 1.0 ], [ -0.5, -0.809017, 0.309017, 0.0, 0.809017, -0.309017, 0.5, 0.0, -0.309017, 0.5, 0.809017, 0.0, 0.0, 0.0, 0.0, 1.0 ], [ -0.309017, 0.5, 0.809017, 0.0, 0.5, 0.809017, -0.309017, 0.0, -0.809017, 0.309017, -0.5, 0.0, 0.0, 0.0, 0.0, 1.0 ], [ -0.809017, 0.309017, -0.5, 0.0, 0.309017, -0.5, -0.809017, 0.0, -0.5, -0.809017, 0.309017, 0.0, 0.0, 0.0, 0.0, 1.0 ], [ -0.809017, -0.309017, 0.5, 0.0, 0.309017, 0.5, 0.809017, 0.0, -0.5, 0.809017, -0.309017, 0.0, 0.0, 0.0, 0.0, 1.0 ], [ -0.5, 0.809017, -0.309017, 0.0, 0.809017, 0.309017, -0.5, 0.0, -0.309017, -0.5, -0.809017, 0.0, 0.0, 0.0, 0.0, 1.0 ], [ -0.309017, -0.5, -0.809017, 0.0, 0.5, -0.809017, 0.309017, 0.0, -0.809017, -0.309017, 0.5, 0.0, 0.0, 0.0, 0.0, 1.0 ] ],
  "lights" : {
    "ambientColor" : "#292929",
    "backgroundColor" : "#AFC8DC",
    "directionalLights" : [ {
      "direction" : [ 1.0, -1.0, -1.0 ],
      "color" : "#EBEBE4"
    }, {
      "direction" : [ -1.0, 0.0, 0.0 ],
      "color" : "#E4E4EB"
    }, {
      "direction" : [ 0.0, 0.0, -1.0 ],
      "color" : "#1E1E1E"
    } ]
  },
  "camera" : {
    "viewDistance" : 135.48752,
    "lookAtPointRV" : {
      "x" : 0.0,
      "y" : 0.0,
      "z" : 0.0,
      "zero" : true
    },
    "lookDirectionRV" : {
      "x" : 1.0,
      "y" : 0.0,
      "z" : 0.0,
      "zero" : false
    },
    "upDirectionRV" : {
      "x" : -0.0,
      "y" : 0.70710677,
      "z" : 0.70710677,
      "zero" : false
    },
    "lookDirection" : {
      "x" : 1.0,
      "y" : 0.0,
      "z" : 0.0
    },
    "nearClipDistance" : 0.3387217,
    "farClipDistance" : 270.9757,
    "perspective" : true,
    "fieldOfView" : 0.44263265,
    "width" : 60.969917,
    "lookAtPoint" : {
      "x" : 0.0,
      "y" : 0.0,
      "z" : 0.0
    },
    "upDirection" : {
      "x" : -0.0,
      "y" : 0.70710677,
      "z" : 0.70710677
    },
    "stereo" : false,
    "position" : {
      "x" : -135.48752,
      "y" : 0.0,
      "z" : 0.0
    }
  },
  "embedding" : [ 1.0, 0.0, 0.0, 0.0, 0.0, 1.0, 0.0, 0.0, 0.0, 0.0, 1.0, 0.0, 0.0, 0.0, 0.0, 1.0 ],
  "shapes" : [ {
    "id" : "25d68786-5f6d-488e-bd7d-ab15a4db7913",
    "vertices" : [ {
      "x" : 0.0,
      "y" : 0.0,
      "z" : 0.0
    }, {
      "x" : -1.4455897,
      "y" : 4.336769,
      "z" : -1.4455897
    }, {
      "x" : 4.4571447,
      "y" : 10.239504,
      "z" : -7.3483243
    }, {
      "x" : 4.396957,
      "y" : 4.396957,
      "z" : -4.396957
    } ],
    "faces" : [ {
      "vertices" : [ 0, 1, 2, 3 ]
    }, {
      "vertices" : [ 0, 3, 2, 1 ]
    } ]
  }, {
    "id" : "f1a06b29-f62b-4894-b81f-6f16a9cac8f9",
    "vertices" : [ {
      "x" : 0.0,
      "y" : 0.0,
      "z" : 0.0
    }, {
      "x" : -0.29179606,
      "y" : -0.29179606,
      "z" : 0.29179606
    }, {
      "x" : -5.6109385,
      "y" : -0.29179606,
      "z" : 2.9513674
    }, {
      "x" : -5.5507507,
      "y" : 5.5507507,
      "z" : 0.0
    } ],
    "faces" : [ {
      "vertices" : [ 0, 1, 2, 3 ]
    }, {
      "vertices" : [ 0, 3, 2, 1 ]
    } ]
  }, {
    "id" : "d4c448f2-a146-4dd9-839c-bcb7318df206",
    "vertices" : [ {
      "x" : 0.0,
      "y" : 0.0,
      "z" : 0.0
    }, {
      "x" : 0.0,
      "y" : 5.3191423,
      "z" : -2.6595712
    }, {
      "x" : -0.4376941,
      "y" : 5.7568364,
      "z" : -2.6595712
    }, {
      "x" : -7.0471687,
      "y" : 3.5536783,
      "z" : 1.7467452
    }, {
      "x" : -4.427051,
      "y" : -4.306675,
      "z" : 4.366863
    }, {
      "x" : -4.336769,
      "y" : -4.336769,
      "z" : 4.336769
    } ],
    "faces" : [ {
      "vertices" : [ 0, 1, 2, 3, 4, 5 ]
    }, {
      "vertices" : [ 0, 5, 4, 3, 2, 1 ]
    } ]
  }, {
    "id" : "efb2c56e-6ae1-41ee-8bc6-cf498990913e",
    "vertices" : [ {
      "x" : 0.0,
      "y" : 0.0,
      "z" : 0.0
    }, {
      "x" : -0.018599106,
      "y" : 0.01149488,
      "z" : -0.09738618
    }, {
      "x" : -0.018599106,
      "y" : 2.747563,
      "z" : 7.065733
    }, {
      "x" : 0.0,
      "y" : 2.6802707,
      "z" : 7.01704
    } ],
    "faces" : [ {
      "vertices" : [ 0, 1, 2, 3 ]
    }, {
      "vertices" : [ 0, 3, 2, 1 ]
    } ]
  }, {
    "id" : "694a8fbd-0242-4769-895a-fe2573ee7754",
    "vertices" : [ {
      "x" : 0.0,
      "y" : 0.0,
      "z" : 0.0
    }, {
      "x" : 0.0,
      "y" : 0.037198212,
      "z" : 0.09738618
    }, {
      "x" : 0.037198212,
      "y" : -0.060187973,
      "z" : 0.09738618
    } ],
    "faces" : [ {
      "vertices" : [ 0, 1, 2 ]
    }, {
      "vertices" : [ 0, 2, 1 ]
    } ]
  }, {
    "id" : "7a4a00a2-c622-4cdb-9b70-171d7198e632",
    "vertices" : [ {
      "x" : 0.0,
      "y" : 0.0,
      "z" : 0.0
    }, {
      "x" : -0.11803399,
      "y" : 0.309017,
      "z" : 0.0
    }, {
      "x" : -0.11803399,
      "y" : 2.927051,
      "z" : 6.854102
    }, {
      "x" : 0.0,
      "y" : 2.736068,
      "z" : 7.163119
    } ],
    "faces" : [ {
      "vertices" : [ 0, 1, 2, 3 ]
    }, {
      "vertices" : [ 0, 3, 2, 1 ]
    } ]
  }, {
    "id" : "15c9c435-747b-4bba-b620-a6aaf6747347",
    "vertices" : [ {
      "x" : 0.0,
      "y" : 0.0,
      "z" : 0.0
    }, {
      "x" : 0.11803399,
      "y" : 0.13525492,
      "z" : 0.309017
    }, {
      "x" : 1.178133,
      "y" : -7.130772,
      "z" : 3.0843923
    }, {
      "x" : 0.26611036,
      "y" : -10.430501,
      "z" : 0.69668597
    }, {
      "x" : -0.94086087,
      "y" : -7.8103833,
      "z" : -2.4632058
    } ],
    "faces" : [ {
      "vertices" : [ 0, 1, 2, 3, 4 ]
    }, {
      "vertices" : [ 0, 4, 3, 2, 1 ]
    } ]
  }, {
    "id" : "1ae61ba8-1210-4284-88d1-a3dcc62cbc1e",
    "vertices" : [ {
      "x" : 0.0,
      "y" : 0.0,
      "z" : 0.0
    }, {
      "x" : 2.618034,
      "y" : -6.854102,
      "z" : 0.0
    }, {
      "x" : 2.618034,
      "y" : -9.472136,
      "z" : -6.854102
    }, {
      "x" : 0.0,
      "y" : -2.618034,
      "z" : -6.854102
    } ],
    "faces" : [ {
      "vertices" : [ 0, 1, 2, 3 ]
    }, {
      "vertices" : [ 0, 3, 2, 1 ]
    } ]
  }, {
    "id" : "43166326-60bd-470c-83ae-0c88f563efe3",
    "vertices" : [ {
      "x" : 0.0,
      "y" : 0.0,
      "z" : 0.0
    }, {
      "x" : 0.17223948,
      "y" : 8.821207,
      "z" : 0.4509288
    }, {
      "x" : 1.127322,
      "y" : 7.72678,
      "z" : 2.9513674
    }, {
      "x" : 1.4756837,
      "y" : 0.563661,
      "z" : 3.86339
    } ],
    "faces" : [ {
      "vertices" : [ 0, 1, 2, 3 ]
    }, {
      "vertices" : [ 0, 3, 2, 1 ]
    } ]
  }, {
    "id" : "89676565-72b2-410c-ba64-ccd2ae25476f",
    "vertices" : [ {
      "x" : 0.0,
      "y" : 0.0,
      "z" : 0.0
    }, {
      "x" : -0.090281956,
      "y" : 0.030093987,
      "z" : 0.030093987
    }, {
      "x" : -0.030093987,
      "y" : 0.090281956,
      "z" : -0.030093987
    } ],
    "faces" : [ {
      "vertices" : [ 0, 1, 2 ]
    }, {
      "vertices" : [ 0, 2, 1 ]
    } ]
  }, {
    "id" : "e12e8416-05a5-4f4a-924c-c4f53834663f",
    "vertices" : [ {
      "x" : 0.0,
      "y" : 0.0,
      "z" : 0.0
    }, {
      "x" : 0.0,
      "y" : 0.11803399,
      "z" : 0.309017
    }, {
      "x" : 2.736068,
      "y" : -7.045085,
      "z" : 0.309017
    }, {
      "x" : 2.618034,
      "y" : -6.854102,
      "z" : 0.0
    } ],
    "faces" : [ {
      "vertices" : [ 0, 1, 2, 3 ]
    }, {
      "vertices" : [ 0, 3, 2, 1 ]
    } ]
  }, {
    "id" : "31c71668-d13b-4cc7-91d4-6acc00905ead",
    "vertices" : [ {
      "x" : 0.0,
      "y" : 0.0,
      "z" : 0.0
    }, {
      "x" : -0.090281956,
      "y" : 0.030093987,
      "z" : 0.030093987
    }, {
      "x" : -4.487239,
      "y" : -4.366863,
      "z" : 4.427051
    }, {
      "x" : -4.427051,
      "y" : -4.427051,
      "z" : 4.427051
    } ],
    "faces" : [ {
      "vertices" : [ 0, 1, 2, 3 ]
    }, {
      "vertices" : [ 0, 3, 2, 1 ]
    } ]
  }, {
    "id" : "af3d5ea0-6db3-4c43-adb5-0a71ab6fa3f1",
    "vertices" : [ {
      "x" : 0.0,
      "y" : 0.0,
      "z" : 0.0
    }, {
      "x" : -0.030093987,
      "y" : 0.090281956,
      "z" : -0.030093987
    }, {
      "x" : 4.366863,
      "y" : 4.487239,
      "z" : -4.427051
    }, {
      "x" : 4.427051,
      "y" : 4.427051,
      "z" : -4.427051
    } ],
    "faces" : [ {
      "vertices" : [ 0, 1, 2, 3 ]
    }, {
      "vertices" : [ 0, 3, 2, 1 ]
    } ]
  }, {
    "id" : "b13dd33f-d25d-4da1-9cd7-36a69bf97f8e",
    "vertices" : [ {
      "x" : 0.0,
      "y" : 0.0,
      "z" : 0.0
    }, {
      "x" : -0.090281956,
      "y" : 0.030093987,
      "z" : 0.030093987
    }, {
      "x" : -0.060187973,
      "y" : -0.060187973,
      "z" : 0.060187973
    } ],
    "faces" : [ {
      "vertices" : [ 0, 1, 2 ]
    }, {
      "vertices" : [ 0, 2, 1 ]
    } ]
  }, {
    "id" : "308f01b9-c26d-4da9-ac14-d140b547a56a",
    "vertices" : [ {
      "x" : 0.0,
      "y" : 0.0,
      "z" : 0.0
    }, {
      "x" : 0.018599106,
      "y" : -0.01149488,
      "z" : 0.09738618
    }, {
      "x" : 0.018599106,
      "y" : -2.747563,
      "z" : -7.065733
    }, {
      "x" : 0.0,
      "y" : -2.6802707,
      "z" : -7.01704
    } ],
    "faces" : [ {
      "vertices" : [ 0, 1, 2, 3 ]
    }, {
      "vertices" : [ 0, 3, 2, 1 ]
    } ]
  }, {
    "id" : "00f5769f-d9cd-42cf-b4c9-0c891cea06db",
    "vertices" : [ {
      "x" : 0.0,
      "y" : 0.0,
      "z" : 0.0
    }, {
      "x" : 2.736068,
      "y" : -6.2510962,
      "z" : 2.3877063
    }, {
      "x" : 2.736068,
      "y" : -7.14452,
      "z" : 0.04869309
    }, {
      "x" : 2.6988697,
      "y" : -7.065733,
      "z" : 0.0
    } ],
    "faces" : [ {
      "vertices" : [ 0, 1, 2, 3 ]
    }, {
      "vertices" : [ 0, 3, 2, 1 ]
    } ]
  }, {
    "id" : "02209e08-2ed8-441e-8edb-f5ec5be6d768",
    "vertices" : [ {
      "x" : 0.0,
      "y" : 0.0,
      "z" : 0.0
    }, {
      "x" : 0.11803399,
      "y" : -0.13525492,
      "z" : 0.309017
    }, {
      "x" : -0.94206506,
      "y" : -7.401282,
      "z" : -2.4663584
    }, {
      "x" : -2.4177487,
      "y" : -7.964943,
      "z" : -6.329748
    }, {
      "x" : -2.623924,
      "y" : -3.7255032,
      "z" : -6.869522
    } ],
    "faces" : [ {
      "vertices" : [ 0, 1, 2, 3, 4 ]
    }, {
      "vertices" : [ 0, 4, 3, 2, 1 ]
    } ]
  }, {
    "id" : "5a0478d9-4b1d-4e2e-bd1b-48dd1592a4f9",
    "vertices" : [ {
      "x" : 0.0,
      "y" : 0.0,
      "z" : 0.0
    }, {
      "x" : 2.6397831,
      "y" : -4.8286376,
      "z" : 6.911042
    }, {
      "x" : 1.8240453,
      "y" : -6.5994577,
      "z" : 4.7754126
    }, {
      "x" : -0.563661,
      "y" : -3.86339,
      "z" : -1.4756837
    } ],
    "faces" : [ {
      "vertices" : [ 0, 1, 2, 3 ]
    }, {
      "vertices" : [ 0, 3, 2, 1 ]
    } ]
  }, {
    "id" : "fae71c7e-21ea-4285-a155-2e1070e08984",
    "vertices" : [ {
      "x" : 0.0,
      "y" : 0.0,
      "z" : 0.0
    }, {
      "x" : -0.93062174,
      "y" : 2.3992012,
      "z" : -0.09738618
    }, {
      "x" : -0.5658127,
      "y" : 2.5385458,
      "z" : 2.7678614
    }, {
      "x" : 0.89342356,
      "y" : -0.5521661,
      "z" : 4.6780267
    } ],
    "faces" : [ {
      "vertices" : [ 0, 1, 2, 3 ]
    }, {
      "vertices" : [ 0, 3, 2, 1 ]
    } ]
  }, {
    "id" : "a6b2a7fe-3301-447c-b561-6165fb2f7a0a",
    "vertices" : [ {
      "x" : 0.0,
      "y" : 0.0,
      "z" : 0.0
    }, {
      "x" : 3.2386436,
      "y" : -6.8595576,
      "z" : 4.2394395
    }, {
      "x" : 2.6988697,
      "y" : -7.065733,
      "z" : 0.0
    } ],
    "faces" : [ {
      "vertices" : [ 0, 1, 2 ]
    }, {
      "vertices" : [ 0, 2, 1 ]
    } ]
  }, {
    "id" : "ba163f77-694b-4ce6-9fa8-d3715e69862e",
    "vertices" : [ {
      "x" : 0.0,
      "y" : 0.0,
      "z" : 0.0
    }, {
      "x" : -0.017220927,
      "y" : 0.35410196,
      "z" : -0.045084972
    }, {
      "x" : 2.7581544,
      "y" : 1.414201,
      "z" : 7.220942
    }, {
      "x" : 3.670177,
      "y" : -1.885528,
      "z" : 9.608648
    }, {
      "x" : 2.4632058,
      "y" : -4.5056458,
      "z" : 6.4487567
    } ],
    "faces" : [ {
      "vertices" : [ 0, 1, 2, 3, 4 ]
    }, {
      "vertices" : [ 0, 4, 3, 2, 1 ]
    } ]
  }, {
    "id" : "d7652d28-25ec-4a1e-b3a8-fb11e7ec4be5",
    "vertices" : [ {
      "x" : 0.0,
      "y" : 0.0,
      "z" : 0.0
    }, {
      "x" : -2.3610938,
      "y" : -7.0832815,
      "z" : 4.7221875
    }, {
      "x" : 3.5416408,
      "y" : -1.1805469,
      "z" : -1.1805469
    } ],
    "faces" : [ {
      "vertices" : [ 0, 1, 2 ]
    }, {
      "vertices" : [ 0, 2, 1 ]
    } ]
  }, {
    "id" : "1574fc5c-275d-4cdf-8f52-953f307a0cb9",
    "vertices" : [ {
      "x" : 0.0,
      "y" : 0.0,
      "z" : 0.0
    }, {
      "x" : -5.3191423,
      "y" : 0.0,
      "z" : 2.6595712
    }, {
      "x" : -5.7568364,
      "y" : 0.4376941,
      "z" : 2.6595712
    }, {
      "x" : -3.5536783,
      "y" : 7.0471687,
      "z" : -1.7467452
    }, {
      "x" : 4.306675,
      "y" : 4.427051,
      "z" : -4.366863
    }, {
      "x" : 4.336769,
      "y" : 4.336769,
      "z" : -4.336769
    } ],
    "faces" : [ {
      "vertices" : [ 0, 1, 2, 3, 4, 5 ]
    }, {
      "vertices" : [ 0, 5, 4, 3, 2, 1 ]
    } ]
  }, {
    "id" : "c171475b-8eaf-4e73-8036-aa3c783aa9b3",
    "vertices" : [ {
      "x" : 0.0,
      "y" : 0.0,
      "z" : 0.0
    }, {
      "x" : -0.10081306,
      "y" : 0.21884705,
      "z" : -0.26393202
    }, {
      "x" : 1.6144632,
      "y" : 6.424775,
      "z" : 4.2267194
    }, {
      "x" : 3.0901468,
      "y" : 5.861114,
      "z" : 8.09011
    }, {
      "x" : 2.8839715,
      "y" : 1.6216742,
      "z" : 7.5503354
    } ],
    "faces" : [ {
      "vertices" : [ 0, 1, 2, 3, 4 ]
    }, {
      "vertices" : [ 0, 4, 3, 2, 1 ]
    } ]
  }, {
    "id" : "4b620677-2b5d-46bb-805f-ddc83e8394c2",
    "vertices" : [ {
      "x" : 0.0,
      "y" : 0.0,
      "z" : 0.0
    }, {
      "x" : -0.037198212,
      "y" : 0.060187973,
      "z" : -0.09738618
    }, {
      "x" : -0.93062174,
      "y" : 2.3992012,
      "z" : -0.09738618
    } ],
    "faces" : [ {
      "vertices" : [ 0, 1, 2 ]
    }, {
      "vertices" : [ 0, 2, 1 ]
    } ]
  }, {
    "id" : "a7e8695d-e25e-4d79-b89b-500518a5a3d5",
    "vertices" : [ {
      "x" : 0.0,
      "y" : 0.0,
      "z" : 0.0
    }, {
      "x" : -0.030093987,
      "y" : 0.090281956,
      "z" : -0.030093987
    }, {
      "x" : -0.090281956,
      "y" : 0.030093987,
      "z" : 0.030093987
    } ],
    "faces" : [ {
      "vertices" : [ 0, 1, 2 ]
    }, {
      "vertices" : [ 0, 2, 1 ]
    } ]
  }, {
    "id" : "5f7747bd-5da5-4239-b09e-ae0fc147969a",
    "vertices" : [ {
      "x" : 0.0,
      "y" : 0.0,
      "z" : 0.0
    }, {
      "x" : 7.0832815,
      "y" : 2.3610938,
      "z" : -4.7221875
    }, {
      "x" : 1.1805469,
      "y" : -3.5416408,
      "z" : 1.1805469
    } ],
    "faces" : [ {
      "vertices" : [ 0, 1, 2 ]
    }, {
      "vertices" : [ 0, 2, 1 ]
    } ]
  }, {
    "id" : "d3a0437d-f540-4c7b-87ed-359914708ac2",
    "vertices" : [ {
      "x" : 0.0,
      "y" : 0.0,
      "z" : 0.0
    }, {
      "x" : 0.0,
      "y" : -0.037198212,
      "z" : -0.09738618
    }, {
      "x" : -0.037198212,
      "y" : 0.060187973,
      "z" : -0.09738618
    } ],
    "faces" : [ {
      "vertices" : [ 0, 1, 2 ]
    }, {
      "vertices" : [ 0, 2, 1 ]
    } ]
  }, {
    "id" : "6e409095-f0cf-4963-81ce-31770e9c64bd",
    "vertices" : [ {
      "x" : 0.0,
      "y" : 0.0,
      "z" : 0.0
    }, {
      "x" : 0.0,
      "y" : -0.11803399,
      "z" : -0.309017
    }, {
      "x" : -2.736068,
      "y" : 7.045085,
      "z" : -0.309017
    }, {
      "x" : -2.618034,
      "y" : 6.854102,
      "z" : 0.0
    } ],
    "faces" : [ {
      "vertices" : [ 0, 1, 2, 3 ]
    }, {
      "vertices" : [ 0, 3, 2, 1 ]
    } ]
  }, {
    "id" : "901c40a8-3ccf-45d8-8cd8-8251ea5e5415",
    "vertices" : [ {
      "x" : 0.0,
      "y" : 0.0,
      "z" : 0.0
    }, {
      "x" : 0.13525492,
      "y" : -0.48935688,
      "z" : -0.35410196
    }, {
      "x" : -0.045084972,
      "y" : -0.017220927,
      "z" : -0.35410196
    } ],
    "faces" : [ {
      "vertices" : [ 0, 1, 2 ]
    }, {
      "vertices" : [ 0, 2, 1 ]
    } ]
  }, {
    "id" : "5ba04f8e-7ae2-462d-92a9-e8ecf95d9929",
    "vertices" : [ {
      "x" : 0.0,
      "y" : 0.0,
      "z" : 0.0
    }, {
      "x" : -3.2386436,
      "y" : 6.8595576,
      "z" : -4.2394395
    }, {
      "x" : -2.6988697,
      "y" : 7.065733,
      "z" : 0.0
    } ],
    "faces" : [ {
      "vertices" : [ 0, 1, 2 ]
    }, {
      "vertices" : [ 0, 2, 1 ]
    } ]
  }, {
    "id" : "7aaec686-d488-40ed-a2ab-b6470982074e",
    "vertices" : [ {
      "x" : 0.0,
      "y" : 0.0,
      "z" : 0.0
    }, {
      "x" : -4.336769,
      "y" : 1.4455897,
      "z" : 1.4455897
    }, {
      "x" : -10.239504,
      "y" : -4.4571447,
      "z" : 7.3483243
    }, {
      "x" : -4.396957,
      "y" : -4.396957,
      "z" : 4.396957
    } ],
    "faces" : [ {
      "vertices" : [ 0, 1, 2, 3 ]
    }, {
      "vertices" : [ 0, 3, 2, 1 ]
    } ]
  }, {
    "id" : "99b11637-f54c-44ed-8f7e-3a0422a55dd0",
    "vertices" : [ {
      "x" : 0.0,
      "y" : 0.0,
      "z" : 0.0
    }, {
      "x" : -0.13525492,
      "y" : 0.48935688,
      "z" : 0.35410196
    }, {
      "x" : 0.045084972,
      "y" : 0.017220927,
      "z" : 0.35410196
    } ],
    "faces" : [ {
      "vertices" : [ 0, 1, 2 ]
    }, {
      "vertices" : [ 0, 2, 1 ]
    } ]
  }, {
    "id" : "0e45abc4-5efc-4281-8985-cdc102aa3c51",
    "vertices" : [ {
      "x" : 0.0,
      "y" : 0.0,
      "z" : 0.0
    }, {
      "x" : -0.030093987,
      "y" : 0.090281956,
      "z" : -0.030093987
    }, {
      "x" : 0.060187973,
      "y" : 0.060187973,
      "z" : -0.060187973
    } ],
    "faces" : [ {
      "vertices" : [ 0, 1, 2 ]
    }, {
      "vertices" : [ 0, 2, 1 ]
    } ]
  }, {
    "id" : "ea0977ed-653b-4d3f-a98a-d9681e6df125",
    "vertices" : [ {
      "x" : 0.0,
      "y" : 0.0,
      "z" : 0.0
    }, {
      "x" : -2.8120227,
      "y" : -3.9925697,
      "z" : -7.361971
    }, {
      "x" : -2.9513674,
      "y" : -1.127322,
      "z" : -7.72678
    }, {
      "x" : -0.91202265,
      "y" : 3.2997289,
      "z" : -2.3877063
    } ],
    "faces" : [ {
      "vertices" : [ 0, 1, 2, 3 ]
    }, {
      "vertices" : [ 0, 3, 2, 1 ]
    } ]
  }, {
    "id" : "6ae7695b-d6e3-47ed-b425-4b50e813b4bc",
    "vertices" : [ {
      "x" : 0.0,
      "y" : 0.0,
      "z" : 0.0
    }, {
      "x" : -0.017220927,
      "y" : -0.35410196,
      "z" : -0.045084972
    }, {
      "x" : -2.7925963,
      "y" : 0.70599705,
      "z" : -7.311112
    }, {
      "x" : -3.3562572,
      "y" : 4.569387,
      "z" : -8.786796
    }, {
      "x" : -1.9431107,
      "y" : 6.188709,
      "z" : -5.0871296
    } ],
    "faces" : [ {
      "vertices" : [ 0, 1, 2, 3, 4 ]
    }, {
      "vertices" : [ 0, 4, 3, 2, 1 ]
    } ]
  }, {
    "id" : "a71885d4-4a3b-489e-8127-7ba708c4fcfe",
    "vertices" : [ {
      "x" : 0.0,
      "y" : 0.0,
      "z" : 0.0
    }, {
      "x" : 0.037198212,
      "y" : -0.060187973,
      "z" : 0.09738618
    }, {
      "x" : 0.93062174,
      "y" : -2.3992012,
      "z" : 0.09738618
    } ],
    "faces" : [ {
      "vertices" : [ 0, 1, 2 ]
    }, {
      "vertices" : [ 0, 2, 1 ]
    } ]
  }, {
    "id" : "97a54fd4-72ed-4313-bd59-4fdad991f6de",
    "vertices" : [ {
      "x" : 0.0,
      "y" : 0.0,
      "z" : 0.0
    }, {
      "x" : 0.11803399,
      "y" : -0.309017,
      "z" : 0.0
    }, {
      "x" : 0.11803399,
      "y" : -2.927051,
      "z" : -6.854102
    }, {
      "x" : 0.0,
      "y" : -2.736068,
      "z" : -7.163119
    } ],
    "faces" : [ {
      "vertices" : [ 0, 1, 2, 3 ]
    }, {
      "vertices" : [ 0, 3, 2, 1 ]
    } ]
  }, {
    "id" : "4ac4f7c7-3646-467e-a7c6-c1183546500d",
    "vertices" : [ {
      "x" : 0.0,
      "y" : 0.0,
      "z" : 0.0
    }, {
      "x" : -2.0824046,
      "y" : 6.632353,
      "z" : -5.451806
    }, {
      "x" : -1.127322,
      "y" : 7.72678,
      "z" : -2.9513674
    }, {
      "x" : 0.91202265,
      "y" : 3.2997289,
      "z" : 2.3877063
    } ],
    "faces" : [ {
      "vertices" : [ 0, 1, 2, 3 ]
    }, {
      "vertices" : [ 0, 3, 2, 1 ]
    } ]
  }, {
    "id" : "bab8bd8a-eaf3-48d8-967b-b3cb2c5932f7",
    "vertices" : [ {
      "x" : 0.0,
      "y" : 0.0,
      "z" : 0.0
    }, {
      "x" : 0.93062174,
      "y" : -2.3992012,
      "z" : 0.09738618
    }, {
      "x" : 0.5658127,
      "y" : -2.5385458,
      "z" : -2.7678614
    }, {
      "x" : -0.89342356,
      "y" : 0.5521661,
      "z" : -4.6780267
    } ],
    "faces" : [ {
      "vertices" : [ 0, 1, 2, 3 ]
    }, {
      "vertices" : [ 0, 3, 2, 1 ]
    } ]
  }, {
    "id" : "ef9dfb6c-59bd-4d18-a972-f8f46fb22e20",
    "vertices" : [ {
      "x" : 0.0,
      "y" : 0.0,
      "z" : 0.0
    }, {
      "x" : -0.10081306,
      "y" : -0.21884705,
      "z" : -0.26393202
    }, {
      "x" : -1.8160893,
      "y" : 5.9870806,
      "z" : -4.7545834
    }, {
      "x" : -1.2524283,
      "y" : 9.850471,
      "z" : -3.2789
    }, {
      "x" : 0.16071823,
      "y" : 8.231149,
      "z" : 0.4207658
    } ],
    "faces" : [ {
      "vertices" : [ 0, 1, 2, 3, 4 ]
    }, {
      "vertices" : [ 0, 4, 3, 2, 1 ]
    } ]
  }, {
    "id" : "a32158e0-37a8-4375-86fc-47cb2120048f",
    "vertices" : [ {
      "x" : 0.0,
      "y" : 0.0,
      "z" : 0.0
    }, {
      "x" : -2.736068,
      "y" : 6.2510962,
      "z" : -2.3877063
    }, {
      "x" : -2.736068,
      "y" : 7.14452,
      "z" : -0.04869309
    }, {
      "x" : -2.6988697,
      "y" : 7.065733,
      "z" : 0.0
    } ],
    "faces" : [ {
      "vertices" : [ 0, 1, 2, 3 ]
    }, {
      "vertices" : [ 0, 3, 2, 1 ]
    } ]
  }, {
    "id" : "9ae5d33c-4e7d-4966-9620-9d3a9b71f976",
    "vertices" : [ {
      "x" : 0.0,
      "y" : 0.0,
      "z" : 0.0
    }, {
      "x" : 0.29179606,
      "y" : 0.29179606,
      "z" : -0.29179606
    }, {
      "x" : 0.29179606,
      "y" : 5.6109385,
      "z" : -2.9513674
    }, {
      "x" : -5.5507507,
      "y" : 5.5507507,
      "z" : 0.0
    } ],
    "faces" : [ {
      "vertices" : [ 0, 1, 2, 3 ]
    }, {
      "vertices" : [ 0, 3, 2, 1 ]
    } ]
  }, {
    "id" : "31507dc7-f14a-43f4-9547-067675920e70",
    "vertices" : [ {
      "x" : 0.0,
      "y" : 0.0,
      "z" : 0.0
    }, {
      "x" : 3.090712,
      "y" : 1.7379255,
      "z" : 8.091589
    }, {
      "x" : 2.9513674,
      "y" : -1.127322,
      "z" : 7.72678
    }, {
      "x" : 0.563661,
      "y" : -3.86339,
      "z" : 1.4756837
    } ],
    "faces" : [ {
      "vertices" : [ 0, 1, 2, 3 ]
    }, {
      "vertices" : [ 0, 3, 2, 1 ]
    } ]
  }, {
    "id" : "e65a0296-1fee-4176-a5c3-c583382856c5",
    "vertices" : [ {
      "x" : 0.0,
      "y" : 0.0,
      "z" : 0.0
    }, {
      "x" : -1.0083075,
      "y" : -8.370278,
      "z" : -2.6397831
    }, {
      "x" : -1.8240453,
      "y" : -6.5994577,
      "z" : -4.7754126
    }, {
      "x" : -1.4756837,
      "y" : 0.563661,
      "z" : -3.86339
    } ],
    "faces" : [ {
      "vertices" : [ 0, 1, 2, 3 ]
    }, {
      "vertices" : [ 0, 3, 2, 1 ]
    } ]
  }, {
    "id" : "ba57e9ee-810a-4f79-9724-3e5eee1c169e",
    "name" : "ball",
    "vertices" : [ {
      "x" : -0.309017,
      "y" : -0.19098301,
      "z" : 0.0
    }, {
      "x" : -0.309017,
      "y" : 0.19098301,
      "z" : 0.0
    }, {
      "x" : -0.19098301,
      "y" : 0.0,
      "z" : -0.309017
    }, {
      "x" : -0.19098301,
      "y" : 0.0,
      "z" : 0.309017
    }, {
      "x" : 0.0,
      "y" : -0.309017,
      "z" : -0.19098301
    }, {
      "x" : 0.0,
      "y" : -0.309017,
      "z" : 0.19098301
    }, {
      "x" : 0.0,
      "y" : 0.309017,
      "z" : -0.19098301
    }, {
      "x" : 0.0,
      "y" : 0.309017,
      "z" : 0.19098301
    }, {
      "x" : 0.19098301,
      "y" : 0.0,
      "z" : -0.309017
    }, {
      "x" : 0.19098301,
      "y" : 0.0,
      "z" : 0.309017
    }, {
      "x" : 0.309017,
      "y" : -0.19098301,
      "z" : 0.0
    }, {
      "x" : 0.309017,
      "y" : 0.19098301,
      "z" : 0.0
    } ],
    "faces" : [ {
      "vertices" : [ 0, 1, 2 ]
    }, {
      "vertices" : [ 0, 3, 1 ]
    }, {
      "vertices" : [ 0, 2, 4 ]
    }, {
      "vertices" : [ 0, 5, 3 ]
    }, {
      "vertices" : [ 0, 4, 5 ]
    }, {
      "vertices" : [ 1, 6, 2 ]
    }, {
      "vertices" : [ 1, 3, 7 ]
    }, {
      "vertices" : [ 1, 7, 6 ]
    }, {
      "vertices" : [ 2, 8, 4 ]
    }, {
      "vertices" : [ 2, 6, 8 ]
    }, {
      "vertices" : [ 3, 5, 9 ]
    }, {
      "vertices" : [ 3, 9, 7 ]
    }, {
      "vertices" : [ 4, 10, 5 ]
    }, {
      "vertices" : [ 4, 8, 10 ]
    }, {
      "vertices" : [ 5, 10, 9 ]
    }, {
      "vertices" : [ 6, 7, 11 ]
    }, {
      "vertices" : [ 6, 11, 8 ]
    }, {
      "vertices" : [ 7, 9, 11 ]
    }, {
      "vertices" : [ 8, 11, 10 ]
    }, {
      "vertices" : [ 9, 10, 11 ]
    } ]
  }, {
    "id" : "5276a651-ce59-451d-baf3-2446502f622a",
    "vertices" : [ {
      "x" : 0.0,
      "y" : 0.0,
      "z" : 0.0
    }, {
      "x" : -0.14589803,
      "y" : -0.14589803,
      "z" : 0.14589803
    }, {
      "x" : -4.854102,
      "y" : 1.618034,
      "z" : 1.618034
    } ],
    "faces" : [ {
      "vertices" : [ 0, 1, 2 ]
    }, {
      "vertices" : [ 0, 2, 1 ]
    } ]
  }, {
    "id" : "3084d55c-4a06-494e-a3d8-6eeece2230fe",
    "vertices" : [ {
      "x" : 0.0,
      "y" : 0.0,
      "z" : 0.0
    }, {
      "x" : 0.090169944,
      "y" : -0.05572809,
      "z" : 0.47213596
    }, {
      "x" : 0.23606798,
      "y" : -0.7507764,
      "z" : -0.34752417
    } ],
    "faces" : [ {
      "vertices" : [ 0, 1, 2 ]
    }, {
      "vertices" : [ 0, 2, 1 ]
    } ]
  }, {
    "id" : "ec567651-0dcd-4207-88f0-7df810dd68f2",
    "orbit" : "green",
    "orbitC" : "[[2,-1,1],[5,-3,1]]",
    "length" : "[-6,5,3]",
    "name" : " :-2 +5/3*phi",
    "vertices" : [ {
      "x" : 7.4177628,
      "y" : 2.8333333,
      "z" : -1.082237
    }, {
      "x" : 7.035797,
      "y" : 2.3784182,
      "z" : -0.891254
    }, {
      "x" : 6.872678,
      "y" : 2.6423504,
      "z" : -1.318305
    }, {
      "x" : 6.799729,
      "y" : 2.9062824,
      "z" : -1.127322
    }, {
      "x" : 0.85410196,
      "y" : 0.309017,
      "z" : 0.19098301
    }, {
      "x" : 0.690983,
      "y" : 0.572949,
      "z" : -0.23606798
    }, {
      "x" : 0.309017,
      "y" : 0.11803399,
      "z" : -0.045084972
    }, {
      "x" : 0.76393205,
      "y" : 0.309017,
      "z" : -0.42705098
    }, {
      "x" : 0.927051,
      "y" : 0.045084972,
      "z" : 0.0
    }, {
      "x" : 6.9628477,
      "y" : 2.6423504,
      "z" : -0.700271
    }, {
      "x" : 7.72678,
      "y" : 2.9513674,
      "z" : -1.127322
    } ],
    "faces" : [ {
      "vertices" : [ 2, 7, 5, 3 ]
    }, {
      "vertices" : [ 1, 8, 7, 2 ]
    }, {
      "vertices" : [ 4, 6, 8 ]
    }, {
      "vertices" : [ 5, 7, 6 ]
    }, {
      "vertices" : [ 0, 1, 2 ]
    }, {
      "vertices" : [ 0, 2, 3 ]
    }, {
      "vertices" : [ 6, 7, 8 ]
    }, {
      "vertices" : [ 3, 5, 4, 9 ]
    }, {
      "vertices" : [ 1, 9, 4, 8 ]
    }, {
      "vertices" : [ 0, 9, 1 ]
    }, {
      "vertices" : [ 0, 3, 9 ]
    }, {
      "vertices" : [ 4, 5, 6 ]
    } ]
  }, {
    "id" : "54db601c-36ab-4788-a221-52acce40633f",
    "vertices" : [ {
      "x" : 0.0,
      "y" : 0.0,
      "z" : 0.0
    }, {
      "x" : 1.0,
      "y" : 1.0,
      "z" : -1.0
    }, {
      "x" : -0.28470066,
      "y" : 4.854102,
      "z" : -2.2847006
    }, {
      "x" : -1.2847006,
      "y" : 3.854102,
      "z" : -1.2847006
    } ],
    "faces" : [ {
      "vertices" : [ 0, 1, 2, 3 ]
    }, {
      "vertices" : [ 0, 3, 2, 1 ]
    } ]
  }, {
    "id" : "1bf04581-42c7-4a16-9e01-10c89ae4a778",
    "vertices" : [ {
      "x" : 0.0,
      "y" : 0.0,
      "z" : 0.0
    }, {
      "x" : -0.23606798,
      "y" : 0.24922359,
      "z" : -0.9655582
    }, {
      "x" : -0.090169944,
      "y" : 0.32623792,
      "z" : 0.23606798
    } ],
    "faces" : [ {
      "vertices" : [ 0, 1, 2 ]
    }, {
      "vertices" : [ 0, 2, 1 ]
    } ]
  }, {
    "id" : "53d3b136-4755-4a3e-81f5-e1ade5813c98",
    "vertices" : [ {
      "x" : 0.0,
      "y" : 0.0,
      "z" : 0.0
    }, {
      "x" : 0.14589803,
      "y" : -0.07701433,
      "z" : 0.7983739
    }, {
      "x" : 0.14589803,
      "y" : -0.69504833,
      "z" : -0.8196601
    } ],
    "faces" : [ {
      "vertices" : [ 0, 1, 2 ]
    }, {
      "vertices" : [ 0, 2, 1 ]
    } ]
  }, {
    "id" : "8ef7edb3-c67d-4ae3-8ba9-fef358cc35dc",
    "vertices" : [ {
      "x" : 0.0,
      "y" : 0.0,
      "z" : 0.0
    }, {
      "x" : 2.3333333,
      "y" : 2.3333333,
      "z" : -2.3333333
    }, {
      "x" : 1.0486326,
      "y" : 6.187435,
      "z" : -3.618034
    }, {
      "x" : -2.5694013,
      "y" : 2.5694013,
      "z" : 0.0
    } ],
    "faces" : [ {
      "vertices" : [ 0, 1, 2, 3 ]
    }, {
      "vertices" : [ 0, 3, 2, 1 ]
    } ]
  }, {
    "id" : "dc667774-81c4-468c-b857-5146fee90c57",
    "vertices" : [ {
      "x" : 0.0,
      "y" : 0.0,
      "z" : 0.0
    }, {
      "x" : 0.14589803,
      "y" : -0.5410197,
      "z" : -0.41640785
    }, {
      "x" : 0.0,
      "y" : -0.618034,
      "z" : -1.618034
    } ],
    "faces" : [ {
      "vertices" : [ 0, 1, 2 ]
    }, {
      "vertices" : [ 0, 2, 1 ]
    } ]
  }, {
    "id" : "ee400c12-2dd6-4506-8692-33e93bbc5617",
    "vertices" : [ {
      "x" : 0.0,
      "y" : 0.0,
      "z" : 0.0
    }, {
      "x" : 2.0,
      "y" : -4.236068,
      "z" : 2.618034
    }, {
      "x" : 2.3688104,
      "y" : -5.2016263,
      "z" : 2.618034
    }, {
      "x" : 0.3688104,
      "y" : -0.9655582,
      "z" : 0.0
    } ],
    "faces" : [ {
      "vertices" : [ 0, 1, 2, 3 ]
    }, {
      "vertices" : [ 0, 3, 2, 1 ]
    } ]
  }, {
    "id" : "241cf3b2-f202-4e8d-86ef-79da390608a2",
    "vertices" : [ {
      "x" : 0.0,
      "y" : 0.0,
      "z" : 0.0
    }, {
      "x" : -0.15905365,
      "y" : 0.32623792,
      "z" : -0.23606798
    }, {
      "x" : -2.7902431,
      "y" : 7.2147818,
      "z" : -0.23606798
    }, {
      "x" : -2.8459713,
      "y" : 7.4508495,
      "z" : 0.0
    } ],
    "faces" : [ {
      "vertices" : [ 0, 1, 2, 3 ]
    }, {
      "vertices" : [ 0, 3, 2, 1 ]
    } ]
  }, {
    "id" : "cd2f107b-aebb-49b8-a385-d6762fc14e90",
    "vertices" : [ {
      "x" : 0.0,
      "y" : 0.0,
      "z" : 0.0
    }, {
      "x" : -0.23606798,
      "y" : 0.618034,
      "z" : 0.0
    }, {
      "x" : 0.0,
      "y" : 0.3688104,
      "z" : 0.9655582
    } ],
    "faces" : [ {
      "vertices" : [ 0, 1, 2 ]
    }, {
      "vertices" : [ 0, 2, 1 ]
    } ]
  }, {
    "id" : "5d41c954-726c-4d25-92be-54e3d02bdade",
    "vertices" : [ {
      "x" : 0.0,
      "y" : 0.0,
      "z" : 0.0
    }, {
      "x" : 0.23606798,
      "y" : -0.7507764,
      "z" : -0.34752417
    }, {
      "x" : 0.0,
      "y" : -0.3688104,
      "z" : -0.9655582
    } ],
    "faces" : [ {
      "vertices" : [ 0, 1, 2 ]
    }, {
      "vertices" : [ 0, 2, 1 ]
    } ]
  }, {
    "id" : "87f0272f-c5df-482d-85dc-8fefb4f88fae",
    "vertices" : [ {
      "x" : 0.0,
      "y" : 0.0,
      "z" : 0.0
    }, {
      "x" : -0.23606798,
      "y" : 0.618034,
      "z" : 0.0
    }, {
      "x" : -0.05572809,
      "y" : 0.23606798,
      "z" : 0.23606798
    } ],
    "faces" : [ {
      "vertices" : [ 0, 1, 2 ]
    }, {
      "vertices" : [ 0, 2, 1 ]
    } ]
  }, {
    "id" : "028063d8-c3dd-463d-992d-5a5dc19baed1",
    "vertices" : [ {
      "x" : 0.0,
      "y" : 0.0,
      "z" : 0.0
    }, {
      "x" : 2.1573787,
      "y" : -5.648091,
      "z" : 0.0
    }, {
      "x" : 0.15737866,
      "y" : -1.4120227,
      "z" : -2.618034
    }, {
      "x" : -0.33333334,
      "y" : -0.127322,
      "z" : -2.618034
    } ],
    "faces" : [ {
      "vertices" : [ 0, 1, 2, 3 ]
    }, {
      "vertices" : [ 0, 3, 2, 1 ]
    } ]
  }, {
    "id" : "25aeea35-e3b6-45c2-a68d-5ade215147b2",
    "vertices" : [ {
      "x" : 0.0,
      "y" : 0.0,
      "z" : 0.0
    }, {
      "x" : -3.854102,
      "y" : -3.854102,
      "z" : 3.854102
    }, {
      "x" : -6.4235034,
      "y" : -1.2847006,
      "z" : 3.854102
    }, {
      "x" : -3.854102,
      "y" : 1.2847006,
      "z" : 1.2847006
    } ],
    "faces" : [ {
      "vertices" : [ 0, 1, 2, 3 ]
    }, {
      "vertices" : [ 0, 3, 2, 1 ]
    } ]
  }, {
    "id" : "f4b8e832-d277-4777-bf8f-495b33cac467",
    "vertices" : [ {
      "x" : 0.0,
      "y" : 0.0,
      "z" : 0.0
    }, {
      "x" : -0.090169944,
      "y" : 0.05572809,
      "z" : -0.47213596
    }, {
      "x" : -0.23606798,
      "y" : 0.7507764,
      "z" : 0.34752417
    } ],
    "faces" : [ {
      "vertices" : [ 0, 1, 2 ]
    }, {
      "vertices" : [ 0, 2, 1 ]
    } ]
  }, {
    "id" : "9216875a-34f9-4aef-9b65-c3c85a4b49b1",
    "vertices" : [ {
      "x" : 0.0,
      "y" : 0.0,
      "z" : 0.0
    }, {
      "x" : 0.14589803,
      "y" : 0.14589803,
      "z" : -0.14589803
    }, {
      "x" : 0.4376941,
      "y" : -0.14589803,
      "z" : -0.14589803
    } ],
    "faces" : [ {
      "vertices" : [ 0, 1, 2 ]
    }, {
      "vertices" : [ 0, 2, 1 ]
    } ]
  }, {
    "id" : "4232be38-9108-4ed6-9514-fe6cda6502d2",
    "vertices" : [ {
      "x" : 0.0,
      "y" : 0.0,
      "z" : 0.0
    }, {
      "x" : -0.14589803,
      "y" : -0.14589803,
      "z" : 0.14589803
    }, {
      "x" : 0.14589803,
      "y" : -0.4376941,
      "z" : 0.14589803
    } ],
    "faces" : [ {
      "vertices" : [ 0, 1, 2 ]
    }, {
      "vertices" : [ 0, 2, 1 ]
    } ]
  }, {
    "id" : "de75ffc0-5e72-4ca7-a116-cbd5359f5f0a",
    "vertices" : [ {
      "x" : 0.0,
      "y" : 0.0,
      "z" : 0.0
    }, {
      "x" : -1.618034,
      "y" : 3.8672576,
      "z" : -0.9655582
    }, {
      "x" : -1.618034,
      "y" : 4.236068,
      "z" : 0.0
    } ],
    "faces" : [ {
      "vertices" : [ 0, 1, 2 ]
    }, {
      "vertices" : [ 0, 2, 1 ]
    } ]
  }, {
