{
  "polygons" : "true",
  "field" : "golden",
  "symmetry" : "icosahedral",
  "orientations" : [ [ 1.0, 0.0, 0.0, 0.0, 0.0, 1.0, 0.0, 0.0, 0.0, 0.0, 1.0, 0.0, 0.0, 0.0, 0.0, 1.0 ], [ 0.0, 0.0, 1.0, 0.0, 1.0, 0.0, 0.0, 0.0, 0.0, 1.0, 0.0, 0.0, 0.0, 0.0, 0.0, 1.0 ], [ 0.0, 1.0, 0.0, 0.0, 0.0, 0.0, 1.0, 0.0, 1.0, 0.0, 0.0, 0.0, 0.0, 0.0, 0.0, 1.0 ], [ 0.809017, 0.309017, 0.5, 0.0, 0.309017, 0.5, -0.809017, 0.0, -0.5, 0.809017, 0.309017, 0.0, 0.0, 0.0, 0.0, 1.0 ], [ -0.5, 0.809017, 0.309017, 0.0, 0.809017, 0.309017, 0.5, 0.0, 0.309017, 0.5, -0.809017, 0.0, 0.0, 0.0, 0.0, 1.0 ], [ 0.309017, 0.5, -0.809017, 0.0, -0.5, 0.809017, 0.309017, 0.0, 0.809017, 0.309017, 0.5, 0.0, 0.0, 0.0, 0.0, 1.0 ], [ 0.5, 0.809017, 0.309017, 0.0, 0.809017, -0.309017, -0.5, 0.0, -0.309017, 0.5, -0.809017, 0.0, 0.0, 0.0, 0.0, 1.0 ], [ -0.309017, 0.5, -0.809017, 0.0, 0.5, 0.809017, 0.309017, 0.0, 0.809017, -0.309017, -0.5, 0.0, 0.0, 0.0, 0.0, 1.0 ], [ 0.809017, -0.309017, -0.5, 0.0, -0.309017, 0.5, -0.809017, 0.0, 0.5, 0.809017, 0.309017, 0.0, 0.0, 0.0, 0.0, 1.0 ], [ 0.5, 0.809017, -0.309017, 0.0, 0.809017, -0.309017, 0.5, 0.0, 0.309017, -0.5, -0.809017, 0.0, 0.0, 0.0, 0.0, 1.0 ], [ 0.309017, -0.5, -0.809017, 0.0, 0.5, 0.809017, -0.309017, 0.0, 0.809017, -0.309017, 0.5, 0.0, 0.0, 0.0, 0.0, 1.0 ], [ 0.809017, -0.309017, 0.5, 0.0, 0.309017, -0.5, -0.809017, 0.0, 0.5, 0.809017, -0.309017, 0.0, 0.0, 0.0, 0.0, 1.0 ], [ 0.809017, 0.309017, -0.5, 0.0, 0.309017, 0.5, 0.809017, 0.0, 0.5, -0.809017, 0.309017, 0.0, 0.0, 0.0, 0.0, 1.0 ], [ 0.5, -0.809017, 0.309017, 0.0, 0.809017, 0.309017, -0.5, 0.0, 0.309017, 0.5, 0.809017, 0.0, 0.0, 0.0, 0.0, 1.0 ], [ 0.309017, 0.5, 0.809017, 0.0, 0.5, -0.809017, 0.309017, 0.0, 0.809017, 0.309017, -0.5, 0.0, 0.0, 0.0, 0.0, 1.0 ], [ 1.0, 0.0, 0.0, 0.0, 0.0, -1.0, 0.0, 0.0, 0.0, 0.0, -1.0, 0.0, 0.0, 0.0, 0.0, 1.0 ], [ 0.0, 0.0, 1.0, 0.0, -1.0, 0.0, 0.0, 0.0, 0.0, -1.0, 0.0, 0.0, 0.0, 0.0, 0.0, 1.0 ], [ 0.0, 1.0, 0.0, 0.0, 0.0, 0.0, -1.0, 0.0, -1.0, 0.0, 0.0, 0.0, 0.0, 0.0, 0.0, 1.0 ], [ 0.809017, 0.309017, 0.5, 0.0, -0.309017, -0.5, 0.809017, 0.0, 0.5, -0.809017, -0.309017, 0.0, 0.0, 0.0, 0.0, 1.0 ], [ -0.5, 0.809017, 0.309017, 0.0, -0.809017, -0.309017, -0.5, 0.0, -0.309017, -0.5, 0.809017, 0.0, 0.0, 0.0, 0.0, 1.0 ], [ 0.309017, 0.5, -0.809017, 0.0, 0.5, -0.809017, -0.309017, 0.0, -0.809017, -0.309017, -0.5, 0.0, 0.0, 0.0, 0.0, 1.0 ], [ 0.5, 0.809017, 0.309017, 0.0, -0.809017, 0.309017, 0.5, 0.0, 0.309017, -0.5, 0.809017, 0.0, 0.0, 0.0, 0.0, 1.0 ], [ -0.309017, 0.5, -0.809017, 0.0, -0.5, -0.809017, -0.309017, 0.0, -0.809017, 0.309017, 0.5, 0.0, 0.0, 0.0, 0.0, 1.0 ], [ 0.809017, -0.309017, -0.5, 0.0, 0.309017, -0.5, 0.809017, 0.0, -0.5, -0.809017, -0.309017, 0.0, 0.0, 0.0, 0.0, 1.0 ], [ 0.5, 0.809017, -0.309017, 0.0, -0.809017, 0.309017, -0.5, 0.0, -0.309017, 0.5, 0.809017, 0.0, 0.0, 0.0, 0.0, 1.0 ], [ 0.309017, -0.5, -0.809017, 0.0, -0.5, -0.809017, 0.309017, 0.0, -0.809017, 0.309017, -0.5, 0.0, 0.0, 0.0, 0.0, 1.0 ], [ 0.809017, -0.309017, 0.5, 0.0, -0.309017, 0.5, 0.809017, 0.0, -0.5, -0.809017, 0.309017, 0.0, 0.0, 0.0, 0.0, 1.0 ], [ 0.809017, 0.309017, -0.5, 0.0, -0.309017, -0.5, -0.809017, 0.0, -0.5, 0.809017, -0.309017, 0.0, 0.0, 0.0, 0.0, 1.0 ], [ 0.5, -0.809017, 0.309017, 0.0, -0.809017, -0.309017, 0.5, 0.0, -0.309017, -0.5, -0.809017, 0.0, 0.0, 0.0, 0.0, 1.0 ], [ 0.309017, 0.5, 0.809017, 0.0, -0.5, 0.809017, -0.309017, 0.0, -0.809017, -0.309017, 0.5, 0.0, 0.0, 0.0, 0.0, 1.0 ], [ -1.0, 0.0, 0.0, 0.0, 0.0, -1.0, 0.0, 0.0, 0.0, 0.0, 1.0, 0.0, 0.0, 0.0, 0.0, 1.0 ], [ 0.0, 0.0, -1.0, 0.0, -1.0, 0.0, 0.0, 0.0, 0.0, 1.0, 0.0, 0.0, 0.0, 0.0, 0.0, 1.0 ], [ 0.0, -1.0, 0.0, 0.0, 0.0, 0.0, -1.0, 0.0, 1.0, 0.0, 0.0, 0.0, 0.0, 0.0, 0.0, 1.0 ], [ -0.809017, -0.309017, -0.5, 0.0, -0.309017, -0.5, 0.809017, 0.0, -0.5, 0.809017, 0.309017, 0.0, 0.0, 0.0, 0.0, 1.0 ], [ 0.5, -0.809017, -0.309017, 0.0, -0.809017, -0.309017, -0.5, 0.0, 0.309017, 0.5, -0.809017, 0.0, 0.0, 0.0, 0.0, 1.0 ], [ -0.309017, -0.5, 0.809017, 0.0, 0.5, -0.809017, -0.309017, 0.0, 0.809017, 0.309017, 0.5, 0.0, 0.0, 0.0, 0.0, 1.0 ], [ -0.5, -0.809017, -0.309017, 0.0, -0.809017, 0.309017, 0.5, 0.0, -0.309017, 0.5, -0.809017, 0.0, 0.0, 0.0, 0.0, 1.0 ], [ 0.309017, -0.5, 0.809017, 0.0, -0.5, -0.809017, -0.309017, 0.0, 0.809017, -0.309017, -0.5, 0.0, 0.0, 0.0, 0.0, 1.0 ], [ -0.809017, 0.309017, 0.5, 0.0, 0.309017, -0.5, 0.809017, 0.0, 0.5, 0.809017, 0.309017, 0.0, 0.0, 0.0, 0.0, 1.0 ], [ -0.5, -0.809017, 0.309017, 0.0, -0.809017, 0.309017, -0.5, 0.0, 0.309017, -0.5, -0.809017, 0.0, 0.0, 0.0, 0.0, 1.0 ], [ -0.309017, 0.5, 0.809017, 0.0, -0.5, -0.809017, 0.309017, 0.0, 0.809017, -0.309017, 0.5, 0.0, 0.0, 0.0, 0.0, 1.0 ], [ -0.809017, 0.309017, -0.5, 0.0, -0.309017, 0.5, 0.809017, 0.0, 0.5, 0.809017, -0.309017, 0.0, 0.0, 0.0, 0.0, 1.0 ], [ -0.809017, -0.309017, 0.5, 0.0, -0.309017, -0.5, -0.809017, 0.0, 0.5, -0.809017, 0.309017, 0.0, 0.0, 0.0, 0.0, 1.0 ], [ -0.5, 0.809017, -0.309017, 0.0, -0.809017, -0.309017, 0.5, 0.0, 0.309017, 0.5, 0.809017, 0.0, 0.0, 0.0, 0.0, 1.0 ], [ -0.309017, -0.5, -0.809017, 0.0, -0.5, 0.809017, -0.309017, 0.0, 0.809017, 0.309017, -0.5, 0.0, 0.0, 0.0, 0.0, 1.0 ], [ -1.0, 0.0, 0.0, 0.0, 0.0, 1.0, 0.0, 0.0, 0.0, 0.0, -1.0, 0.0, 0.0, 0.0, 0.0, 1.0 ], [ 0.0, 0.0, -1.0, 0.0, 1.0, 0.0, 0.0, 0.0, 0.0, -1.0, 0.0, 0.0, 0.0, 0.0, 0.0, 1.0 ], [ 0.0, -1.0, 0.0, 0.0, 0.0, 0.0, 1.0, 0.0, -1.0, 0.0, 0.0, 0.0, 0.0, 0.0, 0.0, 1.0 ], [ -0.809017, -0.309017, -0.5, 0.0, 0.309017, 0.5, -0.809017, 0.0, 0.5, -0.809017, -0.309017, 0.0, 0.0, 0.0, 0.0, 1.0 ], [ 0.5, -0.809017, -0.309017, 0.0, 0.809017, 0.309017, 0.5, 0.0, -0.309017, -0.5, 0.809017, 0.0, 0.0, 0.0, 0.0, 1.0 ], [ -0.309017, -0.5, 0.809017, 0.0, -0.5, 0.809017, 0.309017, 0.0, -0.809017, -0.309017, -0.5, 0.0, 0.0, 0.0, 0.0, 1.0 ], [ -0.5, -0.809017, -0.309017, 0.0, 0.809017, -0.309017, -0.5, 0.0, 0.309017, -0.5, 0.809017, 0.0, 0.0, 0.0, 0.0, 1.0 ], [ 0.309017, -0.5, 0.809017, 0.0, 0.5, 0.809017, 0.309017, 0.0, -0.809017, 0.309017, 0.5, 0.0, 0.0, 0.0, 0.0, 1.0 ], [ -0.809017, 0.309017, 0.5, 0.0, -0.309017, 0.5, -0.809017, 0.0, -0.5, -0.809017, -0.309017, 0.0, 0.0, 0.0, 0.0, 1.0 ], [ -0.5, -0.809017, 0.309017, 0.0, 0.809017, -0.309017, 0.5, 0.0, -0.309017, 0.5, 0.809017, 0.0, 0.0, 0.0, 0.0, 1.0 ], [ -0.309017, 0.5, 0.809017, 0.0, 0.5, 0.809017, -0.309017, 0.0, -0.809017, 0.309017, -0.5, 0.0, 0.0, 0.0, 0.0, 1.0 ], [ -0.809017, 0.309017, -0.5, 0.0, 0.309017, -0.5, -0.809017, 0.0, -0.5, -0.809017, 0.309017, 0.0, 0.0, 0.0, 0.0, 1.0 ], [ -0.809017, -0.309017, 0.5, 0.0, 0.309017, 0.5, 0.809017, 0.0, -0.5, 0.809017, -0.309017, 0.0, 0.0, 0.0, 0.0, 1.0 ], [ -0.5, 0.809017, -0.309017, 0.0, 0.809017, 0.309017, -0.5, 0.0, -0.309017, -0.5, -0.809017, 0.0, 0.0, 0.0, 0.0, 1.0 ], [ -0.309017, -0.5, -0.809017, 0.0, 0.5, -0.809017, 0.309017, 0.0, -0.809017, -0.309017, 0.5, 0.0, 0.0, 0.0, 0.0, 1.0 ] ],
  "lights" : {
    "ambientColor" : "#292929",
    "backgroundColor" : "#AFC8DC",
    "directionalLights" : [ {
      "direction" : [ 1.0, -1.0, -1.0 ],
      "color" : "#EBEBE4"
    }, {
      "direction" : [ -1.0, 0.0, 0.0 ],
      "color" : "#E4E4EB"
    }, {
      "direction" : [ 0.0, 0.0, -1.0 ],
      "color" : "#1E1E1E"
    } ]
  },
  "camera" : {
    "lookDirection" : {
      "x" : -0.7391948,
      "y" : -0.55861086,
      "z" : 0.37614554
    },
    "nearClipDistance" : 0.17860405,
    "farClipDistance" : 142.88281,
    "viewDistance" : 71.44154,
    "lookAtPointRV" : {
      "x" : 0.0,
      "y" : 0.0,
      "z" : 0.0,
      "zero" : true
    },
    "lookDirectionRV" : {
      "x" : -0.7391948,
      "y" : -0.55861086,
      "z" : 0.37614554,
      "zero" : false
    },
    "upDirectionRV" : {
      "x" : 0.49137968,
      "y" : -0.8292903,
      "z" : -0.26594612,
      "zero" : false
    },
    "width" : 32.148777,
    "lookAtPoint" : {
      "x" : 0.0,
      "y" : 0.0,
      "z" : 0.0
    },
    "upDirection" : {
      "x" : 0.49137968,
      "y" : -0.8292903,
      "z" : -0.26594612
    },
    "stereo" : false,
    "perspective" : false,
    "fieldOfView" : 0.44263,
    "position" : {
      "x" : 52.80922,
      "y" : 39.90802,
      "z" : -26.872417
    }
  },
  "embedding" : [ 1.0, 0.0, 0.0, 0.0, 0.0, 1.0, 0.0, 0.0, 0.0, 0.0, 1.0, 0.0, 0.0, 0.0, 0.0, 1.0 ],
  "shapes" : [ {
    "id" : "8e83c221-9a1a-48f8-a810-8ef142bc243c",
    "vertices" : [ {
      "x" : 0.0,
      "y" : 0.0,
      "z" : 0.0
    }, {
      "x" : 0.5491503,
      "y" : -1.4376941,
      "z" : 0.0
    }, {
      "x" : 0.5491503,
      "y" : -1.9868444,
      "z" : -1.4376941
    }, {
      "x" : 0.0,
      "y" : -0.5491503,
      "z" : -1.4376941
    } ],
    "faces" : [ {
      "vertices" : [ 0, 1, 2, 3 ]
    }, {
      "vertices" : [ 0, 3, 2, 1 ]
    } ]
  }, {
    "id" : "54afb320-c2cd-449e-be57-b1629b1a4e2f",
    "vertices" : [ {
      "x" : 0.0,
      "y" : 0.0,
      "z" : 0.0
    }, {
      "x" : 0.0,
      "y" : 0.090169944,
      "z" : 0.23606798
    }, {
      "x" : 3.236068,
      "y" : -8.381966,
      "z" : 0.23606798
    }, {
      "x" : 3.145898,
      "y" : -8.236068,
      "z" : 0.0
    } ],
    "faces" : [ {
      "vertices" : [ 0, 1, 2, 3 ]
    }, {
      "vertices" : [ 0, 3, 2, 1 ]
    } ]
  }, {
    "id" : "1f812710-cf83-44ac-9550-182297377c87",
    "vertices" : [ {
      "x" : 0.0,
      "y" : 0.0,
      "z" : 0.0
    }, {
      "x" : 0.090169944,
      "y" : -0.14589803,
      "z" : 0.23606798
    }, {
      "x" : 0.090169944,
      "y" : -1.6737621,
      "z" : -3.763932
    }, {
      "x" : 0.0,
      "y" : -1.4376941,
      "z" : -3.763932
    } ],
    "faces" : [ {
      "vertices" : [ 0, 1, 2, 3 ]
    }, {
      "vertices" : [ 0, 3, 2, 1 ]
    } ]
  }, {
    "id" : "d0f1c960-5712-4276-a799-925343ce89ae",
    "vertices" : [ {
      "x" : 0.0,
      "y" : 0.0,
      "z" : 0.0
    }, {
      "x" : 0.0,
      "y" : 3.145898,
      "z" : 8.236068
    }, {
      "x" : 1.4376941,
      "y" : -0.618034,
      "z" : 8.236068
    }, {
      "x" : 1.4376941,
      "y" : -2.326238,
      "z" : 3.763932
    } ],
    "faces" : [ {
      "vertices" : [ 0, 1, 2, 3 ]
    }, {
      "vertices" : [ 0, 3, 2, 1 ]
    } ]
  }, {
    "id" : "d4f5810b-272f-446c-9e1b-8072e47ba64d",
    "vertices" : [ {
      "x" : 0.0,
      "y" : 0.0,
      "z" : 0.0
    }, {
      "x" : 0.05572809,
      "y" : 0.013155618,
      "z" : -0.124611795
    }, {
      "x" : 1.0,
      "y" : 0.9574275,
      "z" : 0.8196601
    }, {
      "x" : 0.88854384,
      "y" : 0.88854384,
      "z" : 0.88854384
    } ],
    "faces" : [ {
      "vertices" : [ 0, 1, 2, 3 ]
    }, {
      "vertices" : [ 0, 3, 2, 1 ]
    } ]
  }, {
    "id" : "4f7d33a5-6493-47c6-9df1-83e03e73e249",
    "vertices" : [ {
      "x" : 0.0,
      "y" : 0.0,
      "z" : 0.0
    }, {
      "x" : 0.0,
      "y" : 0.090169944,
      "z" : 0.23606798
    }, {
      "x" : 1.7082039,
      "y" : -4.381966,
      "z" : 0.23606798
    }, {
      "x" : 1.7082039,
      "y" : -4.472136,
      "z" : 0.0
    } ],
    "faces" : [ {
      "vertices" : [ 0, 1, 2, 3 ]
    }, {
      "vertices" : [ 0, 3, 2, 1 ]
    } ]
  }, {
    "id" : "813c57f7-e550-4080-9e81-69936cd9d6b3",
    "vertices" : [ {
      "x" : 0.0,
      "y" : 0.0,
      "z" : 0.0
    }, {
      "x" : 0.0,
      "y" : -1.572949,
      "z" : -4.118034
    }, {
      "x" : -1.4376941,
      "y" : 2.190983,
      "z" : -4.118034
    }, {
      "x" : -1.4376941,
      "y" : 3.763932,
      "z" : 0.0
    } ],
    "faces" : [ {
      "vertices" : [ 0, 1, 2, 3 ]
    }, {
      "vertices" : [ 0, 3, 2, 1 ]
    } ]
  }, {
    "id" : "01a0deb1-3524-4ba7-9758-81faade503c2",
    "vertices" : [ {
      "x" : 0.0,
      "y" : 0.0,
      "z" : 0.0
    }, {
      "x" : 0.05572809,
      "y" : 0.013155618,
      "z" : -0.124611795
    }, {
      "x" : -0.8328157,
      "y" : -0.8753882,
      "z" : -1.0131556
    }, {
      "x" : -0.9442719,
      "y" : -0.9442719,
      "z" : -0.9442719
    } ],
    "faces" : [ {
      "vertices" : [ 0, 1, 2, 3 ]
    }, {
      "vertices" : [ 0, 3, 2, 1 ]
    } ]
  }, {
    "id" : "76873b7d-0bcf-4156-8ad4-40e986c37516",
    "vertices" : [ {
      "x" : 0.0,
      "y" : 0.0,
      "z" : 0.0
    }, {
      "x" : -0.090169944,
      "y" : 0.14589803,
      "z" : -0.23606798
    }, {
      "x" : -0.090169944,
      "y" : 1.6737621,
      "z" : 3.763932
    }, {
      "x" : 0.0,
      "y" : 1.4376941,
      "z" : 3.763932
    } ],
    "faces" : [ {
      "vertices" : [ 0, 1, 2, 3 ]
    }, {
      "vertices" : [ 0, 3, 2, 1 ]
    } ]
  }, {
    "id" : "9bc5a712-53c3-4869-807c-dd9acead09bc",
    "vertices" : [ {
      "x" : 0.0,
      "y" : 0.0,
      "z" : 0.0
    }, {
      "x" : 0.0,
      "y" : 1.482779,
      "z" : 3.881966
    }, {
      "x" : 1.4376941,
      "y" : -2.281153,
      "z" : 3.881966
    }, {
      "x" : 1.4376941,
      "y" : -3.763932,
      "z" : 0.0
    } ],
    "faces" : [ {
      "vertices" : [ 0, 1, 2, 3 ]
    }, {
      "vertices" : [ 0, 3, 2, 1 ]
    } ]
  }, {
    "id" : "f1db637b-7d80-4361-b521-3078a2ad0c13",
    "vertices" : [ {
      "x" : 0.0,
      "y" : 0.0,
      "z" : 0.0
    }, {
      "x" : -1.4376941,
      "y" : 3.763932,
      "z" : 0.0
    }, {
      "x" : -1.4376941,
      "y" : 5.427051,
      "z" : 4.354102
    }, {
      "x" : 0.0,
      "y" : 1.663119,
      "z" : 4.354102
    } ],
    "faces" : [ {
      "vertices" : [ 0, 1, 2, 3 ]
    }, {
      "vertices" : [ 0, 3, 2, 1 ]
    } ]
  }, {
    "id" : "c8d4d501-2bad-4f63-8211-8cf809f6428f",
    "vertices" : [ {
      "x" : 0.0,
      "y" : 0.0,
      "z" : 0.0
    }, {
      "x" : 0.0,
      "y" : 0.090169944,
      "z" : 0.23606798
    }, {
      "x" : 1.663119,
      "y" : -4.263932,
      "z" : 0.23606798
    }, {
      "x" : 1.572949,
      "y" : -4.118034,
      "z" : 0.0
    } ],
    "faces" : [ {
      "vertices" : [ 0, 1, 2, 3 ]
    }, {
      "vertices" : [ 0, 3, 2, 1 ]
    } ]
  }, {
    "id" : "d3198b6e-6e6b-4038-9171-e23bf642a3b5",
    "vertices" : [ {
      "x" : 0.0,
      "y" : 0.0,
      "z" : 0.0
    }, {
      "x" : 0.034441855,
      "y" : -0.05572809,
      "z" : 0.090169944
    }, {
      "x" : 0.4376941,
      "y" : -1.5147084,
      "z" : -0.9655582
    }, {
      "x" : 0.40325224,
      "y" : -1.4589803,
      "z" : -1.0557281
    } ],
    "faces" : [ {
      "vertices" : [ 0, 1, 2, 3 ]
    }, {
      "vertices" : [ 0, 3, 2, 1 ]
    } ]
  }, {
    "id" : "f3d2b197-bc10-4ac0-8a8f-c25acffcf772",
    "vertices" : [ {
      "x" : 0.0,
      "y" : 0.0,
      "z" : 0.0
    }, {
      "x" : 0.9442719,
      "y" : 0.9442719,
      "z" : -0.9442719
    }, {
      "x" : 2.2492237,
      "y" : -0.36067978,
      "z" : -0.9442719
    }, {
      "x" : 1.3049517,
      "y" : -1.3049517,
      "z" : 0.0
    } ],
    "faces" : [ {
      "vertices" : [ 0, 1, 2, 3 ]
    }, {
      "vertices" : [ 0, 3, 2, 1 ]
    } ]
  }, {
    "id" : "e83aae80-e9ee-4d10-a8c0-d180ba0f4e53",
    "vertices" : [ {
      "x" : 0.0,
      "y" : 0.0,
      "z" : 0.0
    }, {
      "x" : -0.40983006,
      "y" : 1.618034,
      "z" : 1.427051
    }, {
      "x" : 1.0278641,
      "y" : -2.145898,
      "z" : 1.427051
    }, {
      "x" : 0.618034,
      "y" : -1.618034,
      "z" : 0.0
    } ],
    "faces" : [ {
      "vertices" : [ 0, 1, 2, 3 ]
    }, {
      "vertices" : [ 0, 3, 2, 1 ]
    } ]
  }, {
    "id" : "1f8173f3-7d3c-40dc-96c8-c8499b904452",
    "vertices" : [ {
      "x" : 0.0,
      "y" : 0.0,
      "z" : 0.0
    }, {
      "x" : -0.11145618,
      "y" : 0.0,
      "z" : 0.0
    }, {
      "x" : -0.05572809,
      "y" : -0.124611795,
      "z" : 0.013155618
    } ],
    "faces" : [ {
      "vertices" : [ 0, 1, 2 ]
    }, {
      "vertices" : [ 0, 2, 1 ]
    } ]
  }, {
    "id" : "34101e99-f242-49da-aba3-d6892d6ab8f4",
    "vertices" : [ {
      "x" : 0.0,
      "y" : 0.0,
      "z" : 0.0
    }, {
      "x" : 0.0,
      "y" : 0.090169944,
      "z" : 0.23606798
    }, {
      "x" : 1.572949,
      "y" : -4.027864,
      "z" : 0.23606798
    }, {
      "x" : 1.482779,
      "y" : -3.881966,
      "z" : 0.0
    } ],
    "faces" : [ {
      "vertices" : [ 0, 1, 2, 3 ]
    }, {
      "vertices" : [ 0, 3, 2, 1 ]
    } ]
  }, {
    "id" : "5896df46-eeec-4f78-8537-49aa8d7fbfc3",
    "vertices" : [ {
      "x" : 0.0,
      "y" : 0.0,
      "z" : 0.0
    }, {
      "x" : -0.40983006,
      "y" : 0.66311896,
      "z" : -1.072949
    }, {
      "x" : -0.40983006,
      "y" : 2.236068,
      "z" : 3.045085
    }, {
      "x" : 0.0,
      "y" : 0.618034,
      "z" : 1.618034
    } ],
    "faces" : [ {
      "vertices" : [ 0, 1, 2, 3 ]
    }, {
      "vertices" : [ 0, 3, 2, 1 ]
    } ]
  }, {
    "id" : "66b77d86-6222-47e1-9381-27b4fbac5a3c",
    "vertices" : [ {
      "x" : 0.0,
      "y" : 0.0,
      "z" : 0.0
    }, {
      "x" : 0.76393205,
      "y" : -0.76393205,
      "z" : 0.0
    }, {
      "x" : -0.23606798,
      "y" : -1.763932,
      "z" : 1.0
    }, {
      "x" : -1.0,
      "y" : -1.0,
      "z" : 1.0
    } ],
    "faces" : [ {
      "vertices" : [ 0, 1, 2, 3 ]
    }, {
      "vertices" : [ 0, 3, 2, 1 ]
    } ]
  }, {
    "id" : "dc55a854-9562-4e15-b118-56ffddafc890",
    "vertices" : [ {
      "x" : 0.0,
      "y" : 0.0,
      "z" : 0.0
    }, {
      "x" : -1.4376941,
      "y" : 3.763932,
      "z" : 0.0
    }, {
      "x" : -1.0278641,
      "y" : 3.1008132,
      "z" : 1.072949
    }, {
      "x" : -0.40983006,
      "y" : 1.482779,
      "z" : 1.072949
    } ],
    "faces" : [ {
      "vertices" : [ 0, 1, 2, 3 ]
    }, {
      "vertices" : [ 0, 3, 2, 1 ]
    } ]
  }, {
    "id" : "2e52ee7d-09f5-4307-8512-648d38edbbf2",
    "vertices" : [ {
      "x" : 0.0,
      "y" : 0.0,
      "z" : 0.0
    }, {
      "x" : 0.11145618,
      "y" : 0.0,
      "z" : 0.0
    }, {
      "x" : 0.05572809,
      "y" : -0.013155618,
      "z" : 0.124611795
    } ],
    "faces" : [ {
      "vertices" : [ 0, 1, 2 ]
    }, {
      "vertices" : [ 0, 2, 1 ]
    } ]
  }, {
    "id" : "ffaa23a5-9809-44e0-ad28-5a85403187e3",
    "vertices" : [ {
      "x" : 0.0,
      "y" : 0.0,
      "z" : 0.0
    }, {
      "x" : -0.76393205,
      "y" : 0.76393205,
      "z" : 0.0
    }, {
      "x" : -1.763932,
      "y" : -0.23606798,
      "z" : 1.0
    }, {
      "x" : -1.0,
      "y" : -1.0,
      "z" : 1.0
    } ],
    "faces" : [ {
      "vertices" : [ 0, 1, 2, 3 ]
    }, {
      "vertices" : [ 0, 3, 2, 1 ]
    } ]
  }, {
    "id" : "f1116dd7-6d46-446b-858a-81038ad97268",
    "vertices" : [ {
      "x" : 0.0,
      "y" : 0.0,
      "z" : 0.0
    }, {
      "x" : -0.05572809,
      "y" : 0.124611795,
      "z" : -0.013155618
    }, {
      "x" : 0.8328157,
      "y" : 1.0131556,
      "z" : 0.8753882
    }, {
      "x" : 0.9442719,
      "y" : 0.9442719,
      "z" : 0.9442719
    } ],
    "faces" : [ {
      "vertices" : [ 0, 1, 2, 3 ]
    }, {
      "vertices" : [ 0, 3, 2, 1 ]
    } ]
  }, {
    "id" : "831943be-cf32-44b6-ba75-67008955f210",
    "vertices" : [ {
      "x" : 0.0,
      "y" : 0.0,
      "z" : 0.0
    }, {
      "x" : -0.9442719,
      "y" : -0.9442719,
      "z" : 0.9442719
    }, {
      "x" : 0.36067978,
      "y" : -2.2492237,
      "z" : 0.9442719
    }, {
      "x" : 1.3049517,
      "y" : -1.3049517,
      "z" : 0.0
    } ],
    "faces" : [ {
      "vertices" : [ 0, 1, 2, 3 ]
    }, {
      "vertices" : [ 0, 3, 2, 1 ]
    } ]
  }, {
    "id" : "f1546293-a8b7-402e-8f07-d603cd71a6e9",
    "vertices" : [ {
      "x" : 0.0,
      "y" : 0.0,
      "z" : 0.0
    }, {
      "x" : 1.4376941,
      "y" : -2.326238,
      "z" : 3.763932
    }, {
      "x" : 1.5278641,
      "y" : -2.562306,
      "z" : 3.763932
    }, {
      "x" : 1.5278641,
      "y" : -4.0,
      "z" : 0.0
    } ],
    "faces" : [ {
      "vertices" : [ 0, 1, 2, 3 ]
    }, {
      "vertices" : [ 0, 3, 2, 1 ]
    } ]
  }, {
    "id" : "3bfa5948-71c8-45f6-8d4d-603cf5968729",
    "vertices" : [ {
      "x" : 0.0,
      "y" : 0.0,
      "z" : 0.0
    }, {
      "x" : 1.0,
      "y" : 1.0,
      "z" : -1.0
    }, {
      "x" : 0.23606798,
      "y" : 1.763932,
      "z" : -1.0
    }, {
      "x" : -0.76393205,
      "y" : 0.76393205,
      "z" : 0.0
    } ],
    "faces" : [ {
      "vertices" : [ 0, 1, 2, 3 ]
    }, {
      "vertices" : [ 0, 3, 2, 1 ]
    } ]
  }, {
    "id" : "26ed34bf-cfb4-4901-8618-e4e86f549ff5",
    "vertices" : [ {
      "x" : 0.0,
      "y" : 0.0,
      "z" : 0.0
    }, {
      "x" : -0.05572809,
      "y" : 0.124611795,
      "z" : -0.013155618
    }, {
      "x" : -1.0,
      "y" : -0.8196601,
      "z" : -0.9574275
    }, {
      "x" : -0.88854384,
      "y" : -0.88854384,
      "z" : -0.88854384
    } ],
    "faces" : [ {
      "vertices" : [ 0, 1, 2, 3 ]
    }, {
      "vertices" : [ 0, 3, 2, 1 ]
    } ]
  }, {
    "id" : "2ea5f74c-dd77-462d-85ac-27d05ad6113c",
    "vertices" : [ {
      "x" : 0.0,
      "y" : 0.0,
      "z" : 0.0
    }, {
      "x" : 1.3049517,
      "y" : -1.3049517,
      "z" : 0.0
    }, {
      "x" : 2.2492237,
      "y" : -0.36067978,
      "z" : -0.9442719
    }, {
      "x" : 0.9442719,
      "y" : 0.9442719,
      "z" : -0.9442719
    } ],
    "faces" : [ {
      "vertices" : [ 0, 1, 2, 3 ]
    }, {
      "vertices" : [ 0, 3, 2, 1 ]
    } ]
  }, {
    "id" : "c83ee7a4-5601-463f-b291-b01408f7ec5f",
    "vertices" : [ {
      "x" : 0.0,
      "y" : 0.0,
      "z" : 0.0
    }, {
      "x" : -0.034441855,
      "y" : 0.05572809,
      "z" : -0.090169944
    }, {
      "x" : -0.4376941,
      "y" : 1.5147084,
      "z" : 0.9655582
    }, {
      "x" : -0.40325224,
      "y" : 1.4589803,
      "z" : 1.0557281
    } ],
    "faces" : [ {
      "vertices" : [ 0, 1, 2, 3 ]
    }, {
      "vertices" : [ 0, 3, 2, 1 ]
    } ]
  }, {
    "id" : "0a80a841-6b72-489d-a9d1-c4f7f50dcc26",
    "vertices" : [ {
      "x" : 0.0,
      "y" : 0.0,
      "z" : 0.0
    }, {
      "x" : 0.0,
      "y" : -0.090169944,
      "z" : -0.23606798
    }, {
      "x" : -3.236068,
      "y" : 8.381966,
      "z" : -0.23606798
    }, {
      "x" : -3.145898,
      "y" : 8.236068,
      "z" : 0.0
    } ],
    "faces" : [ {
      "vertices" : [ 0, 1, 2, 3 ]
    }, {
      "vertices" : [ 0, 3, 2, 1 ]
    } ]
  }, {
    "id" : "d04272e1-3b64-40df-ae13-4077c7dcb167",
    "vertices" : [ {
      "x" : 0.0,
      "y" : 0.0,
      "z" : 0.0
    }, {
      "x" : -0.05572809,
      "y" : -0.013155618,
      "z" : 0.124611795
    }, {
      "x" : -0.11145618,
      "y" : 0.0,
      "z" : 0.0
    } ],
    "faces" : [ {
      "vertices" : [ 0, 1, 2 ]
    }, {
      "vertices" : [ 0, 2, 1 ]
    } ]
  }, {
    "id" : "302bd7de-5aaa-4a65-a276-8c55c8868185",
    "vertices" : [ {
      "x" : 0.0,
      "y" : 0.0,
      "z" : 0.0
    }, {
      "x" : 0.0,
      "y" : 0.618034,
      "z" : 1.618034
    }, {
      "x" : 0.618034,
      "y" : -1.0,
      "z" : 1.618034
    }, {
      "x" : 0.618034,
      "y" : -1.618034,
      "z" : 0.0
    } ],
    "faces" : [ {
      "vertices" : [ 0, 1, 2, 3 ]
    }, {
      "vertices" : [ 0, 3, 2, 1 ]
    } ]
  }, {
    "id" : "9a4c92d0-393c-4b8e-b062-9ea3d4eee379",
    "vertices" : [ {
      "x" : 0.0,
      "y" : 0.0,
      "z" : 0.0
    }, {
      "x" : 0.090169944,
      "y" : -0.14589803,
      "z" : 0.23606798
    }, {
      "x" : 1.663119,
      "y" : -4.263932,
      "z" : 0.23606798
    }, {
      "x" : 1.663119,
      "y" : -4.354102,
      "z" : 0.0
    } ],
    "faces" : [ {
      "vertices" : [ 0, 1, 2, 3 ]
    }, {
      "vertices" : [ 0, 3, 2, 1 ]
    } ]
  }, {
    "id" : "5644f240-ddff-4fc4-867e-ce2de3fd02a1",
    "vertices" : [ {
      "x" : 0.0,
      "y" : 0.0,
      "z" : 0.0
    }, {
      "x" : 0.0,
      "y" : -0.090169944,
      "z" : -0.23606798
    }, {
      "x" : -1.572949,
      "y" : 4.027864,
      "z" : -0.23606798
    }, {
      "x" : -1.572949,
      "y" : 4.118034,
      "z" : 0.0
    } ],
    "faces" : [ {
      "vertices" : [ 0, 1, 2, 3 ]
    }, {
      "vertices" : [ 0, 3, 2, 1 ]
    } ]
  }, {
    "id" : "998b85ed-32d6-499d-a7cf-14aa7cfb8362",
    "vertices" : [ {
      "x" : 0.0,
      "y" : 0.0,
      "z" : 0.0
    }, {
      "x" : 0.0,
      "y" : 1.572949,
      "z" : 4.118034
    }, {
      "x" : 1.4376941,
      "y" : -0.7532889,
      "z" : 7.881966
    }, {
      "x" : 1.4376941,
      "y" : -2.326238,
      "z" : 3.763932
    } ],
    "faces" : [ {
      "vertices" : [ 0, 1, 2, 3 ]
    }, {
      "vertices" : [ 0, 3, 2, 1 ]
    } ]
  }, {
    "id" : "9e2a416a-54fc-47fc-84da-8fe054c54d4c",
    "vertices" : [ {
      "x" : 0.0,
      "y" : 0.0,
      "z" : 0.0
    }, {
      "x" : 0.0,
      "y" : -1.572949,
      "z" : -4.118034
    }, {
      "x" : -0.40983006,
      "y" : -0.090169944,
      "z" : -3.045085
    }, {
      "x" : -0.40983006,
      "y" : 0.52786404,
      "z" : -1.427051
    } ],
    "faces" : [ {
      "vertices" : [ 0, 1, 2, 3 ]
    }, {
      "vertices" : [ 0, 3, 2, 1 ]
    } ]
  }, {
    "id" : "ce974eba-16ca-4054-944f-961b2320be19",
    "vertices" : [ {
      "x" : 0.0,
      "y" : 0.0,
      "z" : 0.0
    }, {
      "x" : -0.11145618,
      "y" : -0.06888371,
      "z" : 0.06888371
    }, {
      "x" : 0.8328157,
      "y" : 0.8753882,
      "z" : 1.0131556
    }, {
      "x" : 0.88854384,
      "y" : 0.88854384,
      "z" : 0.88854384
    } ],
    "faces" : [ {
      "vertices" : [ 0, 1, 2, 3 ]
    }, {
      "vertices" : [ 0, 3, 2, 1 ]
    } ]
  }, {
    "id" : "3821f9de-a9ad-489c-83ac-5f614d57d235",
    "vertices" : [ {
      "x" : 0.0,
      "y" : 0.0,
      "z" : 0.0
    }, {
      "x" : -1.4376941,
      "y" : 2.326238,
      "z" : -3.763932
    }, {
      "x" : -1.5278641,
      "y" : 2.562306,
      "z" : -3.763932
    }, {
      "x" : -1.5278641,
      "y" : 4.0,
      "z" : 0.0
    } ],
    "faces" : [ {
      "vertices" : [ 0, 1, 2, 3 ]
    }, {
      "vertices" : [ 0, 3, 2, 1 ]
    } ]
  }, {
    "id" : "875c3bd8-54c7-4c27-9710-19f52c2ea021",
    "vertices" : [ {
      "x" : 0.0,
      "y" : 0.0,
      "z" : 0.0
    }, {
      "x" : 1.4376941,
      "y" : -3.763932,
      "z" : 0.0
    }, {
      "x" : 1.4376941,
      "y" : -7.0,
      "z" : -8.472136
    }, {
      "x" : 0.0,
      "y" : -3.236068,
      "z" : -8.472136
    } ],
    "faces" : [ {
      "vertices" : [ 0, 1, 2, 3 ]
    }, {
      "vertices" : [ 0, 3, 2, 1 ]
    } ]
  }, {
    "id" : "b564f666-b8fe-4307-b697-bb525eebf1ec",
    "vertices" : [ {
      "x" : 0.0,
      "y" : 0.0,
      "z" : 0.0
    }, {
      "x" : 0.11145618,
      "y" : -0.06888371,
      "z" : 0.06888371
    }, {
      "x" : -0.8328157,
      "y" : -1.0131556,
      "z" : -0.8753882
    }, {
      "x" : -0.88854384,
      "y" : -0.88854384,
      "z" : -0.88854384
    } ],
    "faces" : [ {
      "vertices" : [ 0, 1, 2, 3 ]
    }, {
      "vertices" : [ 0, 3, 2, 1 ]
    } ]
  }, {
    "id" : "97f8b967-f8bd-4d6c-b748-c9d81e9fac41",
    "vertices" : [ {
      "x" : 0.0,
      "y" : 0.0,
      "z" : 0.0
    }, {
      "x" : -0.76393205,
      "y" : 0.76393205,
      "z" : 0.0
    }, {
      "x" : 0.23606798,
      "y" : 1.763932,
      "z" : -1.0
    }, {
      "x" : 1.0,
      "y" : 1.0,
      "z" : -1.0
    } ],
    "faces" : [ {
      "vertices" : [ 0, 1, 2, 3 ]
    }, {
      "vertices" : [ 0, 3, 2, 1 ]
    } ]
  }, {
    "id" : "65ad8499-95a1-48ee-b2ce-aa2d6758230f",
    "vertices" : [ {
      "x" : 0.0,
      "y" : 0.0,
      "z" : 0.0
    }, {
      "x" : 0.05572809,
      "y" : -0.124611795,
      "z" : 0.013155618
    }, {
      "x" : 0.11145618,
      "y" : 0.0,
      "z" : 0.0
    } ],
    "faces" : [ {
      "vertices" : [ 0, 1, 2 ]
    }, {
      "vertices" : [ 0, 2, 1 ]
    } ]
  }, {
    "id" : "ed868607-246d-4204-8089-be2875931ae4",
    "vertices" : [ {
      "x" : 0.0,
      "y" : 0.0,
      "z" : 0.0
    }, {
      "x" : 0.0,
      "y" : -0.5491503,
      "z" : -1.4376941
    }, {
      "x" : -0.5491503,
      "y" : 0.88854384,
      "z" : -1.4376941
    }, {
      "x" : -0.5491503,
      "y" : 1.4376941,
      "z" : 0.0
    } ],
    "faces" : [ {
      "vertices" : [ 0, 1, 2, 3 ]
    }, {
      "vertices" : [ 0, 3, 2, 1 ]
    } ]
  }, {
    "id" : "eceedfc8-ec23-4c37-8b64-923d52ed2b07",
    "vertices" : [ {
      "x" : 0.0,
      "y" : 0.0,
      "z" : 0.0
    }, {
      "x" : 0.0,
      "y" : -0.090169944,
      "z" : -0.23606798
    }, {
      "x" : -1.663119,
      "y" : 4.263932,
      "z" : -0.23606798
    }, {
      "x" : -1.663119,
      "y" : 4.354102,
      "z" : 0.0
    } ],
    "faces" : [ {
      "vertices" : [ 0, 1, 2, 3 ]
    }, {
      "vertices" : [ 0, 3, 2, 1 ]
    } ]
  }, {
    "id" : "f5b0ce1b-245c-4e79-abaa-385b79dca1b7",
    "vertices" : [ {
      "x" : 0.0,
      "y" : 0.0,
      "z" : 0.0
    }, {
      "x" : 0.0,
      "y" : -0.090169944,
      "z" : -0.23606798
    }, {
      "x" : -1.572949,
      "y" : 4.027864,
      "z" : -0.23606798
    }, {
      "x" : -1.482779,
      "y" : 3.881966,
      "z" : 0.0
    } ],
    "faces" : [ {
      "vertices" : [ 0, 1, 2, 3 ]
    }, {
      "vertices" : [ 0, 3, 2, 1 ]
    } ]
  }, {
    "id" : "fcf81282-9713-4850-b832-90d6c0b6bdb5",
    "vertices" : [ {
      "x" : 0.0,
      "y" : 0.0,
      "z" : 0.0
    }, {
      "x" : 0.0,
      "y" : 1.663119,
      "z" : 4.354102
    }, {
      "x" : 1.4376941,
      "y" : -0.66311896,
      "z" : 8.118034
    }, {
      "x" : 1.4376941,
      "y" : -2.326238,
      "z" : 3.763932
    } ],
    "faces" : [ {
      "vertices" : [ 0, 1, 2, 3 ]
    }, {
      "vertices" : [ 0, 3, 2, 1 ]
    } ]
  }, {
    "id" : "87292677-9dab-41f2-9cac-187fe6823e60",
    "vertices" : [ {
      "x" : 0.0,
      "y" : 0.0,
      "z" : 0.0
    }, {
      "x" : 0.0,
      "y" : -3.145898,
      "z" : -8.236068
    }, {
      "x" : -1.4376941,
      "y" : 0.618034,
      "z" : -8.236068
    }, {
      "x" : -1.4376941,
      "y" : 2.326238,
      "z" : -3.763932
    } ],
    "faces" : [ {
      "vertices" : [ 0, 1, 2, 3 ]
    }, {
      "vertices" : [ 0, 3, 2, 1 ]
    } ]
  }, {
    "id" : "edd60759-b7bb-4e65-8f84-0c1d193dd75d",
    "vertices" : [ {
      "x" : 0.0,
      "y" : 0.0,
      "z" : 0.0
    }, {
      "x" : 1.3049517,
      "y" : -1.3049517,
      "z" : 0.0
    }, {
      "x" : 0.36067978,
      "y" : -2.2492237,
      "z" : 0.9442719
    }, {
      "x" : -0.9442719,
      "y" : -0.9442719,
      "z" : 0.9442719
    } ],
    "faces" : [ {
      "vertices" : [ 0, 1, 2, 3 ]
    }, {
      "vertices" : [ 0, 3, 2, 1 ]
    } ]
  } ],
  "instances" : [ {
    "shape" : "8e83c221-9a1a-48f8-a810-8ef142bc243c",
    "color" : "#7FCC9F",
    "position" : {
      "x" : 0.0,
      "y" : 1.6099033,
      "z" : 0.16718426
    },
    "orientation" : 52
  }, {
    "shape" : "54afb320-c2cd-449e-be57-b1629b1a4e2f",
    "color" : "#7FCC9F",
    "position" : {
      "x" : -2.545085,
      "y" : -7.7811527,
      "z" : 2.982779
    },
    "orientation" : 23
  }, {
    "shape" : "1f812710-cf83-44ac-9550-182297377c87",
    "color" : "#7FCC9F",
    "position" : {
      "x" : -5.236068,
      "y" : -10.18034,
      "z" : 0.29179606
    },
    "orientation" : 53
  }, {
    "shape" : "d0f1c960-5712-4276-a799-925343ce89ae",
    "color" : "#7FCC9F",
    "position" : {
      "x" : -2.545085,
      "y" : -7.7811527,
      "z" : 2.982779
    },
    "orientation" : 21
  }, {
    "shape" : "d4f5810b-272f-446c-9e1b-8072e47ba64d",
    "color" : "#FFFFFF",
    "position" : {
      "x" : 0.0,
      "y" : 1.6099033,
      "z" : 0.16718426
    },
    "orientation" : 15
  }, {
    "shape" : "4f7d33a5-6493-47c6-9df1-83e03e73e249",
    "color" : "#7FCC9F",
    "position" : {
      "x" : -2.690983,
      "y" : -7.635255,
      "z" : 7.7811527
    },
    "orientation" : 37
  }, {
    "shape" : "813c57f7-e550-4080-9e81-69936cd9d6b3",
    "color" : "#7FCC9F",
    "position" : {
      "x" : 2.763932,
      "y" : -2.472136,
      "z" : 12.944272
    },
    "orientation" : 21
  }, {
    "shape" : "01a0deb1-3524-4ba7-9758-81faade503c2",
    "color" : "#FFFFFF",
    "position" : {
      "x" : -0.05572809,
      "y" : -1.5967478,
      "z" : -0.29179606
    },
    "orientation" : 15
  }, {
    "shape" : "76873b7d-0bcf-4156-8ad4-40e986c37516",
    "color" : "#7FCC9F",
    "position" : {
      "x" : 2.618034,
      "y" : 2.326238,
      "z" : 12.798374
    },
    "orientation" : 6
  }, {
    "shape" : "9bc5a712-53c3-4869-807c-dd9acead09bc",
    "color" : "#7FCC9F",
    "position" : {
      "x" : 0.21884705,
      "y" : -0.072949015,
      "z" : 10.399187
    },
    "orientation" : 52
  }, {
    "shape" : "f1db637b-7d80-4361-b521-3078a2ad0c13",
    "color" : "#7FCC9F",
    "position" : {
      "x" : -7.708204,
      "y" : -8.0,
      "z" : 2.763932
    },
    "orientation" : 38
  }, {
    "shape" : "c8d4d501-2bad-4f63-8211-8cf809f6428f",
    "color" : "#7FCC9F",
    "position" : {
      "x" : -7.562306,
      "y" : -7.854102,
      "z" : 2.618034
    },
    "orientation" : 51
  }, {
    "shape" : "d3198b6e-6e6b-4038-9171-e23bf642a3b5",
    "color" : "#7FCC9F",
    "position" : {
      "x" : 0.05572809,
      "y" : 1.5967478,
      "z" : 0.29179606
    },
    "orientation" : 7
  }, {
    "shape" : "f3d2b197-bc10-4ac0-8a8f-c25acffcf772",
    "color" : "#B59A8C",
    "position" : {
      "x" : -0.05572809,
      "y" : 1.5967478,
      "z" : 0.29179606
    },
    "orientation" : 16
  }, {
    "shape" : "e83aae80-e9ee-4d10-a8c0-d180ba0f4e53",
    "color" : "#7FCC9F",
    "position" : {
      "x" : -5.236068,
      "y" : -6.854102,
      "z" : 3.618034
    },
    "orientation" : 52
  }, {
    "shape" : "1f8173f3-7d3c-40dc-96c8-c8499b904452",
    "color" : "#FFFFFF",
    "position" : {
      "x" : 0.05572809,
      "y" : -0.29179606,
      "z" : -1.5967478
    },
    "orientation" : 15
  }, {
    "shape" : "34101e99-f242-49da-aba3-d6892d6ab8f4",
    "color" : "#7FCC9F",
    "position" : {
      "x" : 0.21884705,
      "y" : -0.072949015,
      "z" : 10.399187
    },
    "orientation" : 51
  }, {
    "shape" : "5896df46-eeec-4f78-8537-49aa8d7fbfc3",
    "color" : "#7FCC9F",
    "position" : {
      "x" : -6.236068,
      "y" : -7.854102,
      "z" : 2.618034
    },
    "orientation" : 52
  }, {
    "shape" : "66b77d86-6222-47e1-9381-27b4fbac5a3c",
    "color" : "#B59A8C",
    "position" : {
      "x" : -5.236068,
      "y" : -8.854102,
      "z" : 1.618034
    },
    "orientation" : 16
  }, {
    "shape" : "dc55a854-9562-4e15-b118-56ffddafc890",
    "color" : "#7FCC9F",
    "position" : {
      "x" : -5.236068,
      "y" : -10.18034,
      "z" : 0.29179606
    },
    "orientation" : 52
  }, {
    "shape" : "2e52ee7d-09f5-4307-8512-648d38edbbf2",
    "color" : "#FFFFFF",
    "position" : {
      "x" : -0.05572809,
      "y" : 1.5967478,
      "z" : 0.29179606
    },
    "orientation" : 15
  }, {
    "shape" : "ffaa23a5-9809-44e0-ad28-5a85403187e3",
    "color" : "#B59A8C",
    "position" : {
      "x" : -6.236068,
      "y" : -8.618034,
      "z" : 3.381966
    },
    "orientation" : 16
  }, {
    "shape" : "f1116dd7-6d46-446b-858a-81038ad97268",
    "color" : "#FFFFFF",
    "position" : {
      "x" : 0.05572809,
      "y" : 0.29179606,
      "z" : 1.5967478
    },
    "orientation" : 15
  }, {
    "shape" : "831943be-cf32-44b6-ba75-67008955f210",
    "color" : "#B59A8C",
    "position" : {
      "x" : 0.05572809,
      "y" : -0.29179606,
      "z" : -1.5967478
    },
    "orientation" : 16
  }, {
    "shape" : "f1546293-a8b7-402e-8f07-d603cd71a6e9",
    "color" : "#7FCC9F",
    "position" : {
      "x" : 2.618034,
      "y" : 2.326238,
      "z" : 13.09017
    },
    "orientation" : 8
  }, {
    "shape" : "3bfa5948-71c8-45f6-8d4d-603cf5968729",
    "color" : "#B59A8C",
    "position" : {
      "x" : -5.236068,
      "y" : -8.854102,
      "z" : 1.618034
    },
    "orientation" : 1
  }, {
    "shape" : "26ed34bf-cfb4-4901-8618-e4e86f549ff5",
    "color" : "#FFFFFF",
    "position" : {
      "x" : 0.0,
      "y" : -0.16718426,
      "z" : -1.6099033
    },
    "orientation" : 15
  }, {
    "shape" : "26ed34bf-cfb4-4901-8618-e4e86f549ff5",
    "color" : "#FFFFFF",
    "position" : {
      "x" : 0.0,
      "y" : 0.16718426,
      "z" : 1.6099033
    },
    "orientation" : 0
  }, {
    "shape" : "2ea5f74c-dd77-462d-85ac-27d05ad6113c",
    "color" : "#B59A8C",
    "position" : {
      "x" : 1.0,
      "y" : -0.65247583,
      "z" : 0.65247583
    },
    "orientation" : 1
  }, {
    "shape" : "c83ee7a4-5601-463f-b291-b01408f7ec5f",
    "color" : "#7FCC9F",
    "position" : {
      "x" : -0.05572809,
      "y" : -0.29179606,
      "z" : -1.5967478
    },
    "orientation" : 22
  }, {
    "shape" : "0a80a841-6b72-489d-a9d1-c4f7f50dcc26",
    "color" : "#7FCC9F",
    "position" : {
      "x" : 0.072949015,
      "y" : -0.21884705,
      "z" : 10.545085
    },
    "orientation" : 51
  }, {
    "shape" : "d04272e1-3b64-40df-ae13-4077c7dcb167",
    "color" : "#FFFFFF",
    "position" : {
      "x" : 0.05572809,
      "y" : -1.5967478,
      "z" : -0.29179606
    },
    "orientation" : 0
  }, {
    "shape" : "302bd7de-5aaa-4a65-a276-8c55c8868185",
    "color" : "#7FCC9F",
    "position" : {
      "x" : -6.236068,
      "y" : -8.618034,
      "z" : 3.381966
    },
    "orientation" : 52
  }, {
    "shape" : "9a4c92d0-393c-4b8e-b062-9ea3d4eee379",
    "color" : "#7FCC9F",
    "position" : {
      "x" : -5.236068,
      "y" : -10.472136,
      "z" : 0.29179606
    },
    "orientation" : 23
  }, {
    "shape" : "5644f240-ddff-4fc4-867e-ce2de3fd02a1",
    "color" : "#7FCC9F",
    "position" : {
      "x" : 2.763932,
      "y" : -2.472136,
      "z" : 12.944272
    },
    "orientation" : 37
  }, {
    "shape" : "998b85ed-32d6-499d-a7cf-14aa7cfb8362",
    "color" : "#7FCC9F",
    "position" : {
      "x" : 0.072949015,
      "y" : -4.871323,
      "z" : 10.545085
    },
    "orientation" : 38
  }, {
    "shape" : "9e2a416a-54fc-47fc-84da-8fe054c54d4c",
    "color" : "#7FCC9F",
    "position" : {
      "x" : -2.690983,
      "y" : -7.635255,
      "z" : 2.836881
    },
    "orientation" : 52
  }, {
    "shape" : "d4f5810b-272f-446c-9e1b-8072e47ba64d",
    "color" : "#FFFFFF",
    "position" : {
      "x" : 0.0,
      "y" : -1.6099033,
      "z" : -0.16718426
    },
    "orientation" : 0
  }, {
    "shape" : "ce974eba-16ca-4054-944f-961b2320be19",
    "color" : "#FFFFFF",
    "position" : {
      "x" : -0.88854384,
      "y" : 0.72135955,
      "z" : -0.72135955
    },
    "orientation" : 0
  }, {
    "shape" : "3821f9de-a9ad-489c-83ac-5f614d57d235",
    "color" : "#7FCC9F",
    "position" : {
      "x" : -5.236068,
      "y" : -10.472136,
      "z" : 0.29179606
    },
    "orientation" : 36
  }, {
    "shape" : "875c3bd8-54c7-4c27-9710-19f52c2ea021",
    "color" : "#7FCC9F",
    "position" : {
      "x" : 0.21884705,
      "y" : -0.072949015,
      "z" : 10.399187
    },
    "orientation" : 52
  }, {
    "shape" : "b564f666-b8fe-4307-b697-bb525eebf1ec",
    "color" : "#FFFFFF",
    "position" : {
      "x" : 0.88854384,
      "y" : 0.72135955,
      "z" : -0.72135955
    },
    "orientation" : 0
  }, {
    "shape" : "97f8b967-f8bd-4d6c-b748-c9d81e9fac41",
    "color" : "#B59A8C",
    "position" : {
      "x" : -4.236068,
      "y" : -7.854102,
      "z" : 2.618034
    },
    "orientation" : 1
  }, {
    "shape" : "65ad8499-95a1-48ee-b2ce-aa2d6758230f",
    "color" : "#FFFFFF",
    "position" : {
      "x" : -0.05572809,
      "y" : 0.29179606,
      "z" : 1.5967478
    },
    "orientation" : 0
  }, {
    "shape" : "ed868607-246d-4204-8089-be2875931ae4",
    "color" : "#7FCC9F",
    "position" : {
      "x" : 0.88854384,
      "y" : -0.72135955,
      "z" : 0.72135955
    },
    "orientation" : 37
  }, {
    "shape" : "eceedfc8-ec23-4c37-8b64-923d52ed2b07",
    "color" : "#7FCC9F",
    "position" : {
      "x" : -2.545085,
      "y" : -7.7811527,
      "z" : 7.635255
    },
    "orientation" : 37
  }, {
    "shape" : "f5b0ce1b-245c-4e79-abaa-385b79dca1b7",
    "color" : "#7FCC9F",
    "position" : {
      "x" : 4.944272,
      "y" : 0.0,
      "z" : 10.472136
    },
    "orientation" : 23
  }, {
    "shape" : "fcf81282-9713-4850-b832-90d6c0b6bdb5",
    "color" : "#7FCC9F",
    "position" : {
      "x" : -5.236068,
      "y" : -10.472136,
