{
  "field" : "golden",
  "symmetry" : "icosahedral",
  "orientations" : [ [ 1.0, 0.0, 0.0, 0.0, 0.0, 1.0, 0.0, 0.0, 0.0, 0.0, 1.0, 0.0, 0.0, 0.0, 0.0, 1.0 ], [ 0.0, 0.0, 1.0, 0.0, 1.0, 0.0, 0.0, 0.0, 0.0, 1.0, 0.0, 0.0, 0.0, 0.0, 0.0, 1.0 ], [ 0.0, 1.0, 0.0, 0.0, 0.0, 0.0, 1.0, 0.0, 1.0, 0.0, 0.0, 0.0, 0.0, 0.0, 0.0, 1.0 ], [ 0.809017, 0.309017, 0.5, 0.0, 0.309017, 0.5, -0.809017, 0.0, -0.5, 0.809017, 0.309017, 0.0, 0.0, 0.0, 0.0, 1.0 ], [ -0.5, 0.809017, 0.309017, 0.0, 0.809017, 0.309017, 0.5, 0.0, 0.309017, 0.5, -0.809017, 0.0, 0.0, 0.0, 0.0, 1.0 ], [ 0.309017, 0.5, -0.809017, 0.0, -0.5, 0.809017, 0.309017, 0.0, 0.809017, 0.309017, 0.5, 0.0, 0.0, 0.0, 0.0, 1.0 ], [ 0.5, 0.809017, 0.309017, 0.0, 0.809017, -0.309017, -0.5, 0.0, -0.309017, 0.5, -0.809017, 0.0, 0.0, 0.0, 0.0, 1.0 ], [ -0.309017, 0.5, -0.809017, 0.0, 0.5, 0.809017, 0.309017, 0.0, 0.809017, -0.309017, -0.5, 0.0, 0.0, 0.0, 0.0, 1.0 ], [ 0.809017, -0.309017, -0.5, 0.0, -0.309017, 0.5, -0.809017, 0.0, 0.5, 0.809017, 0.309017, 0.0, 0.0, 0.0, 0.0, 1.0 ], [ 0.5, 0.809017, -0.309017, 0.0, 0.809017, -0.309017, 0.5, 0.0, 0.309017, -0.5, -0.809017, 0.0, 0.0, 0.0, 0.0, 1.0 ], [ 0.309017, -0.5, -0.809017, 0.0, 0.5, 0.809017, -0.309017, 0.0, 0.809017, -0.309017, 0.5, 0.0, 0.0, 0.0, 0.0, 1.0 ], [ 0.809017, -0.309017, 0.5, 0.0, 0.309017, -0.5, -0.809017, 0.0, 0.5, 0.809017, -0.309017, 0.0, 0.0, 0.0, 0.0, 1.0 ], [ 0.809017, 0.309017, -0.5, 0.0, 0.309017, 0.5, 0.809017, 0.0, 0.5, -0.809017, 0.309017, 0.0, 0.0, 0.0, 0.0, 1.0 ], [ 0.5, -0.809017, 0.309017, 0.0, 0.809017, 0.309017, -0.5, 0.0, 0.309017, 0.5, 0.809017, 0.0, 0.0, 0.0, 0.0, 1.0 ], [ 0.309017, 0.5, 0.809017, 0.0, 0.5, -0.809017, 0.309017, 0.0, 0.809017, 0.309017, -0.5, 0.0, 0.0, 0.0, 0.0, 1.0 ], [ 1.0, 0.0, 0.0, 0.0, 0.0, -1.0, 0.0, 0.0, 0.0, 0.0, -1.0, 0.0, 0.0, 0.0, 0.0, 1.0 ], [ 0.0, 0.0, 1.0, 0.0, -1.0, 0.0, 0.0, 0.0, 0.0, -1.0, 0.0, 0.0, 0.0, 0.0, 0.0, 1.0 ], [ 0.0, 1.0, 0.0, 0.0, 0.0, 0.0, -1.0, 0.0, -1.0, 0.0, 0.0, 0.0, 0.0, 0.0, 0.0, 1.0 ], [ 0.809017, 0.309017, 0.5, 0.0, -0.309017, -0.5, 0.809017, 0.0, 0.5, -0.809017, -0.309017, 0.0, 0.0, 0.0, 0.0, 1.0 ], [ -0.5, 0.809017, 0.309017, 0.0, -0.809017, -0.309017, -0.5, 0.0, -0.309017, -0.5, 0.809017, 0.0, 0.0, 0.0, 0.0, 1.0 ], [ 0.309017, 0.5, -0.809017, 0.0, 0.5, -0.809017, -0.309017, 0.0, -0.809017, -0.309017, -0.5, 0.0, 0.0, 0.0, 0.0, 1.0 ], [ 0.5, 0.809017, 0.309017, 0.0, -0.809017, 0.309017, 0.5, 0.0, 0.309017, -0.5, 0.809017, 0.0, 0.0, 0.0, 0.0, 1.0 ], [ -0.309017, 0.5, -0.809017, 0.0, -0.5, -0.809017, -0.309017, 0.0, -0.809017, 0.309017, 0.5, 0.0, 0.0, 0.0, 0.0, 1.0 ], [ 0.809017, -0.309017, -0.5, 0.0, 0.309017, -0.5, 0.809017, 0.0, -0.5, -0.809017, -0.309017, 0.0, 0.0, 0.0, 0.0, 1.0 ], [ 0.5, 0.809017, -0.309017, 0.0, -0.809017, 0.309017, -0.5, 0.0, -0.309017, 0.5, 0.809017, 0.0, 0.0, 0.0, 0.0, 1.0 ], [ 0.309017, -0.5, -0.809017, 0.0, -0.5, -0.809017, 0.309017, 0.0, -0.809017, 0.309017, -0.5, 0.0, 0.0, 0.0, 0.0, 1.0 ], [ 0.809017, -0.309017, 0.5, 0.0, -0.309017, 0.5, 0.809017, 0.0, -0.5, -0.809017, 0.309017, 0.0, 0.0, 0.0, 0.0, 1.0 ], [ 0.809017, 0.309017, -0.5, 0.0, -0.309017, -0.5, -0.809017, 0.0, -0.5, 0.809017, -0.309017, 0.0, 0.0, 0.0, 0.0, 1.0 ], [ 0.5, -0.809017, 0.309017, 0.0, -0.809017, -0.309017, 0.5, 0.0, -0.309017, -0.5, -0.809017, 0.0, 0.0, 0.0, 0.0, 1.0 ], [ 0.309017, 0.5, 0.809017, 0.0, -0.5, 0.809017, -0.309017, 0.0, -0.809017, -0.309017, 0.5, 0.0, 0.0, 0.0, 0.0, 1.0 ], [ -1.0, 0.0, 0.0, 0.0, 0.0, -1.0, 0.0, 0.0, 0.0, 0.0, 1.0, 0.0, 0.0, 0.0, 0.0, 1.0 ], [ 0.0, 0.0, -1.0, 0.0, -1.0, 0.0, 0.0, 0.0, 0.0, 1.0, 0.0, 0.0, 0.0, 0.0, 0.0, 1.0 ], [ 0.0, -1.0, 0.0, 0.0, 0.0, 0.0, -1.0, 0.0, 1.0, 0.0, 0.0, 0.0, 0.0, 0.0, 0.0, 1.0 ], [ -0.809017, -0.309017, -0.5, 0.0, -0.309017, -0.5, 0.809017, 0.0, -0.5, 0.809017, 0.309017, 0.0, 0.0, 0.0, 0.0, 1.0 ], [ 0.5, -0.809017, -0.309017, 0.0, -0.809017, -0.309017, -0.5, 0.0, 0.309017, 0.5, -0.809017, 0.0, 0.0, 0.0, 0.0, 1.0 ], [ -0.309017, -0.5, 0.809017, 0.0, 0.5, -0.809017, -0.309017, 0.0, 0.809017, 0.309017, 0.5, 0.0, 0.0, 0.0, 0.0, 1.0 ], [ -0.5, -0.809017, -0.309017, 0.0, -0.809017, 0.309017, 0.5, 0.0, -0.309017, 0.5, -0.809017, 0.0, 0.0, 0.0, 0.0, 1.0 ], [ 0.309017, -0.5, 0.809017, 0.0, -0.5, -0.809017, -0.309017, 0.0, 0.809017, -0.309017, -0.5, 0.0, 0.0, 0.0, 0.0, 1.0 ], [ -0.809017, 0.309017, 0.5, 0.0, 0.309017, -0.5, 0.809017, 0.0, 0.5, 0.809017, 0.309017, 0.0, 0.0, 0.0, 0.0, 1.0 ], [ -0.5, -0.809017, 0.309017, 0.0, -0.809017, 0.309017, -0.5, 0.0, 0.309017, -0.5, -0.809017, 0.0, 0.0, 0.0, 0.0, 1.0 ], [ -0.309017, 0.5, 0.809017, 0.0, -0.5, -0.809017, 0.309017, 0.0, 0.809017, -0.309017, 0.5, 0.0, 0.0, 0.0, 0.0, 1.0 ], [ -0.809017, 0.309017, -0.5, 0.0, -0.309017, 0.5, 0.809017, 0.0, 0.5, 0.809017, -0.309017, 0.0, 0.0, 0.0, 0.0, 1.0 ], [ -0.809017, -0.309017, 0.5, 0.0, -0.309017, -0.5, -0.809017, 0.0, 0.5, -0.809017, 0.309017, 0.0, 0.0, 0.0, 0.0, 1.0 ], [ -0.5, 0.809017, -0.309017, 0.0, -0.809017, -0.309017, 0.5, 0.0, 0.309017, 0.5, 0.809017, 0.0, 0.0, 0.0, 0.0, 1.0 ], [ -0.309017, -0.5, -0.809017, 0.0, -0.5, 0.809017, -0.309017, 0.0, 0.809017, 0.309017, -0.5, 0.0, 0.0, 0.0, 0.0, 1.0 ], [ -1.0, 0.0, 0.0, 0.0, 0.0, 1.0, 0.0, 0.0, 0.0, 0.0, -1.0, 0.0, 0.0, 0.0, 0.0, 1.0 ], [ 0.0, 0.0, -1.0, 0.0, 1.0, 0.0, 0.0, 0.0, 0.0, -1.0, 0.0, 0.0, 0.0, 0.0, 0.0, 1.0 ], [ 0.0, -1.0, 0.0, 0.0, 0.0, 0.0, 1.0, 0.0, -1.0, 0.0, 0.0, 0.0, 0.0, 0.0, 0.0, 1.0 ], [ -0.809017, -0.309017, -0.5, 0.0, 0.309017, 0.5, -0.809017, 0.0, 0.5, -0.809017, -0.309017, 0.0, 0.0, 0.0, 0.0, 1.0 ], [ 0.5, -0.809017, -0.309017, 0.0, 0.809017, 0.309017, 0.5, 0.0, -0.309017, -0.5, 0.809017, 0.0, 0.0, 0.0, 0.0, 1.0 ], [ -0.309017, -0.5, 0.809017, 0.0, -0.5, 0.809017, 0.309017, 0.0, -0.809017, -0.309017, -0.5, 0.0, 0.0, 0.0, 0.0, 1.0 ], [ -0.5, -0.809017, -0.309017, 0.0, 0.809017, -0.309017, -0.5, 0.0, 0.309017, -0.5, 0.809017, 0.0, 0.0, 0.0, 0.0, 1.0 ], [ 0.309017, -0.5, 0.809017, 0.0, 0.5, 0.809017, 0.309017, 0.0, -0.809017, 0.309017, 0.5, 0.0, 0.0, 0.0, 0.0, 1.0 ], [ -0.809017, 0.309017, 0.5, 0.0, -0.309017, 0.5, -0.809017, 0.0, -0.5, -0.809017, -0.309017, 0.0, 0.0, 0.0, 0.0, 1.0 ], [ -0.5, -0.809017, 0.309017, 0.0, 0.809017, -0.309017, 0.5, 0.0, -0.309017, 0.5, 0.809017, 0.0, 0.0, 0.0, 0.0, 1.0 ], [ -0.309017, 0.5, 0.809017, 0.0, 0.5, 0.809017, -0.309017, 0.0, -0.809017, 0.309017, -0.5, 0.0, 0.0, 0.0, 0.0, 1.0 ], [ -0.809017, 0.309017, -0.5, 0.0, 0.309017, -0.5, -0.809017, 0.0, -0.5, -0.809017, 0.309017, 0.0, 0.0, 0.0, 0.0, 1.0 ], [ -0.809017, -0.309017, 0.5, 0.0, 0.309017, 0.5, 0.809017, 0.0, -0.5, 0.809017, -0.309017, 0.0, 0.0, 0.0, 0.0, 1.0 ], [ -0.5, 0.809017, -0.309017, 0.0, 0.809017, 0.309017, -0.5, 0.0, -0.309017, -0.5, -0.809017, 0.0, 0.0, 0.0, 0.0, 1.0 ], [ -0.309017, -0.5, -0.809017, 0.0, 0.5, -0.809017, 0.309017, 0.0, -0.809017, -0.309017, 0.5, 0.0, 0.0, 0.0, 0.0, 1.0 ] ],
  "lights" : {
    "ambientColor" : "#292929",
    "backgroundColor" : "#E0EFFF",
    "directionalLights" : [ {
      "direction" : {
        "x" : 1.0,
        "y" : -1.0,
        "z" : -1.0
      },
      "color" : "#EBEBE4"
    }, {
      "direction" : {
        "x" : -1.0,
        "y" : 0.0,
        "z" : 0.0
      },
      "color" : "#E4E4EB"
    }, {
      "direction" : {
        "x" : 0.0,
        "y" : 0.0,
        "z" : -1.0
      },
      "color" : "#1E1E1E"
    } ]
  },
  "camera" : {
    "width" : 115.62727,
    "stereo" : false,
    "viewDistance" : 256.94946,
    "nearClipDistance" : 0.64237386,
    "farClipDistance" : 513.8989,
    "lookAtPoint" : {
      "x" : 0.0,
      "y" : 0.0,
      "z" : 0.0
    },
    "fieldOfView" : 0.44262892,
    "perspective" : true,
    "lookDirection" : {
      "x" : 0.0,
      "y" : 0.0,
      "z" : -1.0
    },
    "upDirection" : {
      "x" : 0.0,
      "y" : 1.0,
      "z" : 0.0
    },
    "position" : {
      "x" : 0.0,
      "y" : 0.0,
      "z" : 256.94946
    }
  },
  "embedding" : [ 1.0, 0.0, 0.0, 0.0, 0.0, 1.0, 0.0, 0.0, 0.0, 0.0, 1.0, 0.0, 0.0, 0.0, 0.0, 1.0 ],
  "shapes" : [ {
    "id" : "241e9dc0-cbef-488f-867a-bf5ea5fa5c67",
    "vertices" : [ {
      "x" : 0.809017,
      "y" : 0.618034,
      "z" : -0.19098301
    }, {
      "x" : 0.809017,
      "y" : 0.0,
      "z" : -0.19098301
    }, {
      "x" : 0.309017,
      "y" : 0.11803399,
      "z" : 0.0
    }, {
      "x" : 16.135256,
      "y" : 6.472136,
      "z" : 0.19098301
    }, {
      "x" : 0.809017,
      "y" : 0.618034,
      "z" : 0.19098301
    }, {
      "x" : 0.809017,
      "y" : 0.0,
      "z" : 0.19098301
    }, {
      "x" : 16.135256,
      "y" : 5.854102,
      "z" : 0.19098301
    }, {
      "x" : 16.635256,
      "y" : 6.354102,
      "z" : 0.0
    }, {
      "x" : 16.135256,
      "y" : 6.472136,
      "z" : -0.19098301
    }, {
      "x" : 16.944271,
      "y" : 6.472136,
      "z" : 0.0
    }, {
      "x" : 16.135256,
      "y" : 5.854102,
      "z" : -0.19098301
    } ],
    "faces" : [ {
      "vertices" : [ 3, 6, 7 ]
    }, {
      "vertices" : [ 3, 4, 5 ]
    }, {
      "vertices" : [ 3, 5, 6 ]
    }, {
      "vertices" : [ 3, 7, 8 ]
    }, {
      "vertices" : [ 0, 1, 2 ]
    }, {
      "vertices" : [ 0, 8, 10 ]
    }, {
      "vertices" : [ 0, 10, 1 ]
    }, {
      "vertices" : [ 1, 10, 6 ]
    }, {
      "vertices" : [ 1, 6, 5 ]
    }, {
      "vertices" : [ 0, 2, 4 ]
    }, {
      "vertices" : [ 6, 10, 7 ]
    }, {
      "vertices" : [ 1, 5, 2 ]
    }, {
      "vertices" : [ 7, 10, 8 ]
    }, {
      "vertices" : [ 2, 5, 4 ]
    }, {
      "vertices" : [ 0, 4, 3 ]
    }, {
      "vertices" : [ 0, 3, 8 ]
    } ]
  }, {
    "id" : "4474e781-1d49-4adc-9bbf-a4206ad83eab",
    "vertices" : [ {
      "x" : -2.0,
      "y" : 13.708204,
      "z" : 11.708204
    }, {
      "x" : -13.708204,
      "y" : 11.708204,
      "z" : -2.0
    }, {
      "x" : -15.708204,
      "y" : 25.416409,
      "z" : 9.708204
    } ],
    "faces" : [ {
      "vertices" : [ 0, 1, 2 ]
    }, {
      "vertices" : [ 0, 2, 1 ]
    } ]
  }, {
    "id" : "16a8bd5b-1e15-44a7-8298-f1ab458cbce0",
    "vertices" : [ {
      "x" : 0.309017,
      "y" : -0.309017,
      "z" : -0.309017
    }, {
      "x" : 0.5,
      "y" : 0.0,
      "z" : -0.19098301
    }, {
      "x" : 0.5,
      "y" : 0.0,
      "z" : 0.19098301
    }, {
      "x" : 0.309017,
      "y" : -0.309017,
      "z" : 0.309017
    }, {
      "x" : 0.19098301,
      "y" : -0.5,
      "z" : 0.0
    }, {
      "x" : 0.0,
      "y" : 0.19098301,
      "z" : 0.5
    }, {
      "x" : 0.0,
      "y" : -0.19098301,
      "z" : 0.5
    }, {
      "x" : 0.309017,
      "y" : 0.309017,
      "z" : 0.309017
    }, {
      "x" : -0.309017,
      "y" : -0.309017,
      "z" : 0.309017
    }, {
      "x" : -0.309017,
      "y" : 0.309017,
      "z" : 0.309017
    }, {
      "x" : -0.5,
      "y" : 0.0,
      "z" : 0.19098301
    }, {
      "x" : 0.0,
      "y" : -0.19098301,
      "z" : -0.5
    }, {
      "x" : 0.0,
      "y" : 0.19098301,
      "z" : -0.5
    }, {
      "x" : 0.309017,
      "y" : 0.309017,
      "z" : -0.309017
    }, {
      "x" : -0.309017,
      "y" : -0.309017,
      "z" : -0.309017
    }, {
      "x" : -0.19098301,
      "y" : -0.5,
      "z" : 0.0
    }, {
      "x" : -0.5,
      "y" : 0.0,
      "z" : -0.19098301
    }, {
      "x" : 0.19098301,
      "y" : 0.5,
      "z" : 0.0
    }, {
      "x" : -0.309017,
      "y" : 0.309017,
      "z" : -0.309017
    }, {
      "x" : 0.0,
      "y" : 0.0,
      "z" : 0.0
    }, {
      "x" : -0.19098301,
      "y" : 0.5,
      "z" : 0.0
    } ],
    "faces" : [ {
      "vertices" : [ 12, 18, 20 ]
    }, {
      "vertices" : [ 12, 20, 17 ]
    }, {
      "vertices" : [ 12, 17, 13 ]
    }, {
      "vertices" : [ 3, 6, 8 ]
    }, {
      "vertices" : [ 3, 8, 15 ]
    }, {
      "vertices" : [ 3, 15, 4 ]
    }, {
      "vertices" : [ 0, 11, 12 ]
    }, {
      "vertices" : [ 0, 12, 13 ]
    }, {
      "vertices" : [ 0, 13, 1 ]
    }, {
      "vertices" : [ 5, 9, 10 ]
    }, {
      "vertices" : [ 5, 10, 8 ]
    }, {
      "vertices" : [ 5, 8, 6 ]
    }, {
      "vertices" : [ 2, 7, 5 ]
    }, {
      "vertices" : [ 2, 5, 6 ]
    }, {
      "vertices" : [ 2, 6, 3 ]
    }, {
      "vertices" : [ 11, 14, 16 ]
    }, {
      "vertices" : [ 11, 16, 18 ]
    }, {
      "vertices" : [ 11, 18, 12 ]
    }, {
      "vertices" : [ 1, 13, 17 ]
    }, {
      "vertices" : [ 1, 17, 7 ]
    }, {
      "vertices" : [ 1, 7, 2 ]
    }, {
      "vertices" : [ 9, 20, 18 ]
    }, {
      "vertices" : [ 9, 18, 16 ]
    }, {
      "vertices" : [ 9, 16, 10 ]
    }, {
      "vertices" : [ 0, 1, 2 ]
    }, {
      "vertices" : [ 0, 2, 3 ]
    }, {
      "vertices" : [ 0, 3, 4 ]
    }, {
      "vertices" : [ 5, 7, 17 ]
    }, {
      "vertices" : [ 5, 17, 20 ]
    }, {
      "vertices" : [ 5, 20, 9 ]
    }, {
      "vertices" : [ 0, 4, 15 ]
    }, {
      "vertices" : [ 0, 15, 14 ]
    }, {
      "vertices" : [ 0, 14, 11 ]
    }, {
      "vertices" : [ 8, 10, 16 ]
    }, {
      "vertices" : [ 8, 16, 14 ]
    }, {
      "vertices" : [ 8, 14, 15 ]
    } ]
  }, {
    "id" : "cdff3597-744c-48a7-ac1d-592235c0e7a6",
    "vertices" : [ {
      "x" : 11.708204,
      "y" : -2.0,
      "z" : -13.708204
    }, {
      "x" : 13.708204,
      "y" : 11.708204,
      "z" : -2.0
    }, {
      "x" : 25.416409,
      "y" : 9.708204,
      "z" : -15.708204
    } ],
    "faces" : [ {
      "vertices" : [ 0, 1, 2 ]
    }, {
      "vertices" : [ 0, 2, 1 ]
    } ]
  }, {
    "id" : "143da0f7-34f7-4d8e-a381-e41d6a0cdde9",
    "vertices" : [ {
      "x" : 15.708204,
      "y" : 8.472136,
      "z" : 3.236068
    }, {
      "x" : 0.0,
      "y" : 16.944271,
      "z" : 6.472136
    }, {
      "x" : 15.708204,
      "y" : 25.416409,
      "z" : 9.708204
    } ],
    "faces" : [ {
      "vertices" : [ 0, 1, 2 ]
    }, {
      "vertices" : [ 0, 2, 1 ]
    } ]
  }, {
    "id" : "35198ea0-8ebc-4378-99aa-d120f3acb481",
    "vertices" : [ {
      "x" : 15.708204,
      "y" : -8.472136,
      "z" : -3.236068
    }, {
      "x" : 0.0,
      "y" : -16.944271,
      "z" : -6.472136
    }, {
      "x" : 15.708204,
      "y" : -25.416409,
      "z" : -9.708204
    } ],
    "faces" : [ {
      "vertices" : [ 0, 1, 2 ]
    }, {
      "vertices" : [ 0, 2, 1 ]
    } ]
  }, {
    "id" : "8c2a00ea-55a8-4d71-a8db-a02326823dff",
    "vertices" : [ {
      "x" : 13.708204,
      "y" : -11.708204,
      "z" : -2.0
    }, {
      "x" : 11.708204,
      "y" : 2.0,
      "z" : -13.708204
    }, {
      "x" : 25.416409,
      "y" : -9.708204,
      "z" : -15.708204
    } ],
    "faces" : [ {
      "vertices" : [ 0, 1, 2 ]
    }, {
      "vertices" : [ 0, 2, 1 ]
    } ]
  }, {
    "id" : "5fab90da-b0aa-4276-850b-0180fe415512",
    "vertices" : [ {
      "x" : 6.472136,
      "y" : 0.0,
      "z" : 16.944271
    }, {
      "x" : 3.236068,
      "y" : -15.708204,
      "z" : 8.472136
    }, {
      "x" : 9.708204,
      "y" : -15.708204,
      "z" : 25.416409
    } ],
    "faces" : [ {
      "vertices" : [ 0, 1, 2 ]
    }, {
      "vertices" : [ 0, 2, 1 ]
    } ]
  }, {
    "id" : "e95347e3-65e5-4beb-b05b-30a0d6e7aef1",
    "vertices" : [ {
      "x" : -13.708204,
      "y" : -11.708204,
      "z" : 2.0
    }, {
      "x" : -2.0,
      "y" : -13.708204,
      "z" : -11.708204
    }, {
      "x" : -15.708204,
      "y" : -25.416409,
      "z" : -9.708204
    } ],
    "faces" : [ {
      "vertices" : [ 0, 1, 2 ]
    }, {
      "vertices" : [ 0, 2, 1 ]
    } ]
  }, {
    "id" : "06c4eeff-3024-447f-95e2-153e6ac14a10",
    "vertices" : [ {
      "x" : -16.944271,
      "y" : 6.472136,
      "z" : 0.0
    }, {
      "x" : -8.472136,
      "y" : 3.236068,
      "z" : -15.708204
    }, {
      "x" : -25.416409,
      "y" : 9.708204,
      "z" : -15.708204
    } ],
    "faces" : [ {
      "vertices" : [ 0, 1, 2 ]
    }, {
      "vertices" : [ 0, 2, 1 ]
    } ]
  }, {
    "id" : "66934c6a-34df-45c4-9f33-7b8d8d4134a2",
    "vertices" : [ {
      "x" : 8.472136,
      "y" : -3.236068,
      "z" : 15.708204
    }, {
      "x" : 16.944271,
      "y" : -6.472136,
      "z" : 0.0
    }, {
      "x" : 25.416409,
      "y" : -9.708204,
      "z" : 15.708204
    } ],
    "faces" : [ {
      "vertices" : [ 0, 1, 2 ]
    }, {
      "vertices" : [ 0, 2, 1 ]
    } ]
  }, {
    "id" : "bb1aa794-17e6-4a40-9e71-d95282033438",
    "vertices" : [ {
      "x" : -6.472136,
      "y" : 0.0,
      "z" : 16.944271
    }, {
      "x" : -3.236068,
      "y" : -15.708204,
      "z" : 8.472136
    }, {
      "x" : -9.708204,
      "y" : -15.708204,
      "z" : 25.416409
    } ],
    "faces" : [ {
      "vertices" : [ 0, 1, 2 ]
    }, {
      "vertices" : [ 0, 2, 1 ]
    } ]
  }, {
    "id" : "478a0552-723d-44ab-b19b-ec49948b8e75",
    "vertices" : [ {
      "x" : 8.472136,
      "y" : 3.236068,
      "z" : 15.708204
    }, {
      "x" : 16.944271,
      "y" : 6.472136,
      "z" : 0.0
    }, {
      "x" : 25.416409,
      "y" : 9.708204,
      "z" : 15.708204
    } ],
    "faces" : [ {
      "vertices" : [ 0, 1, 2 ]
    }, {
      "vertices" : [ 0, 2, 1 ]
    } ]
  }, {
    "id" : "b333f4fd-bdf7-47b0-8805-d8a3834a0601",
    "vertices" : [ {
      "x" : 15.708204,
      "y" : -8.472136,
      "z" : -3.236068
    }, {
      "x" : 15.708204,
      "y" : 8.472136,
      "z" : 3.236068
    }, {
      "x" : 31.416409,
      "y" : 0.0,
      "z" : 0.0
    } ],
    "faces" : [ {
      "vertices" : [ 0, 1, 2 ]
    }, {
      "vertices" : [ 0, 2, 1 ]
    } ]
  }, {
    "id" : "bfbb3e86-b45e-4079-9aef-b10138ca525c",
    "vertices" : [ {
      "x" : 16.944271,
      "y" : -6.472136,
      "z" : 0.0
    }, {
      "x" : 8.472136,
      "y" : -3.236068,
      "z" : -15.708204
    }, {
      "x" : 25.416409,
      "y" : -9.708204,
      "z" : -15.708204
    } ],
    "faces" : [ {
      "vertices" : [ 0, 1, 2 ]
    }, {
      "vertices" : [ 0, 2, 1 ]
    } ]
  }, {
    "id" : "ce137e9f-4474-464e-8912-324ed83a213b",
    "vertices" : [ {
      "x" : -3.236068,
      "y" : 15.708204,
      "z" : 8.472136
    }, {
      "x" : -6.472136,
      "y" : 0.0,
      "z" : 16.944271
    }, {
      "x" : -9.708204,
      "y" : 15.708204,
      "z" : 25.416409
    } ],
    "faces" : [ {
      "vertices" : [ 0, 1, 2 ]
    }, {
      "vertices" : [ 0, 2, 1 ]
    } ]
  }, {
    "id" : "5e02c193-2d23-48a7-80eb-8a7a20477682",
    "vertices" : [ {
      "x" : -13.708204,
      "y" : -11.708204,
      "z" : -2.0
    }, {
      "x" : -11.708204,
      "y" : 2.0,
      "z" : -13.708204
    }, {
      "x" : -25.416409,
      "y" : -9.708204,
      "z" : -15.708204
    } ],
    "faces" : [ {
      "vertices" : [ 0, 1, 2 ]
    }, {
      "vertices" : [ 0, 2, 1 ]
    } ]
  }, {
    "id" : "51827b1b-3c83-40d5-9a42-ada152eaf6e1",
    "vertices" : [ {
      "x" : -3.236068,
      "y" : -15.708204,
      "z" : 8.472136
    }, {
      "x" : 3.236068,
      "y" : -15.708204,
      "z" : -8.472136
    }, {
      "x" : 0.0,
      "y" : -31.416409,
      "z" : 0.0
    } ],
    "faces" : [ {
      "vertices" : [ 0, 1, 2 ]
    }, {
      "vertices" : [ 0, 2, 1 ]
    } ]
  }, {
    "id" : "143b3231-229d-495b-b0e1-7c00d4193b39",
    "vertices" : [ {
      "x" : -11.708204,
      "y" : 2.0,
      "z" : -13.708204
    }, {
      "x" : 2.0,
      "y" : 13.708204,
      "z" : -11.708204
    }, {
      "x" : -9.708204,
      "y" : 15.708204,
      "z" : -25.416409
    } ],
    "faces" : [ {
      "vertices" : [ 0, 1, 2 ]
    }, {
      "vertices" : [ 0, 2, 1 ]
    } ]
  }, {
    "id" : "f438d800-12bd-43ff-b637-b02f036d4ceb",
    "vertices" : [ {
      "x" : 15.708204,
      "y" : 8.472136,
      "z" : -3.236068
    }, {
      "x" : 0.0,
      "y" : 16.944271,
      "z" : -6.472136
    }, {
      "x" : 15.708204,
      "y" : 25.416409,
      "z" : -9.708204
    } ],
    "faces" : [ {
      "vertices" : [ 0, 1, 2 ]
    }, {
      "vertices" : [ 0, 2, 1 ]
    } ]
  }, {
    "id" : "030567de-b586-4f0f-975b-492bf1ac042d",
    "vertices" : [ {
      "x" : -8.472136,
      "y" : -3.236068,
      "z" : 15.708204
    }, {
      "x" : 8.472136,
      "y" : 3.236068,
      "z" : 15.708204
    }, {
      "x" : 0.0,
      "y" : 0.0,
      "z" : 31.416409
    } ],
    "faces" : [ {
      "vertices" : [ 0, 1, 2 ]
    }, {
      "vertices" : [ 0, 2, 1 ]
    } ]
  }, {
    "id" : "af56e079-4ffd-4130-9553-b6238e80abab",
    "vertices" : [ {
      "x" : 15.708204,
      "y" : -8.472136,
      "z" : 3.236068
    }, {
      "x" : 15.708204,
      "y" : 8.472136,
      "z" : -3.236068
    }, {
      "x" : 31.416409,
      "y" : 0.0,
      "z" : 0.0
    } ],
    "faces" : [ {
      "vertices" : [ 0, 1, 2 ]
    }, {
      "vertices" : [ 0, 2, 1 ]
    } ]
  }, {
    "id" : "017b26ec-e450-4c27-8581-7df1f94dbde7",
    "vertices" : [ {
      "x" : 11.708204,
      "y" : -2.0,
      "z" : 13.708204
    }, {
      "x" : -2.0,
      "y" : -13.708204,
      "z" : 11.708204
    }, {
      "x" : 9.708204,
      "y" : -15.708204,
      "z" : 25.416409
    } ],
    "faces" : [ {
      "vertices" : [ 0, 1, 2 ]
    }, {
      "vertices" : [ 0, 2, 1 ]
    } ]
  }, {
    "id" : "d88fa213-8a7c-4832-a2f3-f34ba54f26d1",
    "vertices" : [ {
      "x" : -3.236068,
      "y" : 15.708204,
      "z" : -8.472136
    }, {
      "x" : 3.236068,
      "y" : 15.708204,
      "z" : 8.472136
    }, {
      "x" : 0.0,
      "y" : 31.416409,
      "z" : 0.0
    } ],
    "faces" : [ {
      "vertices" : [ 0, 1, 2 ]
    }, {
      "vertices" : [ 0, 2, 1 ]
    } ]
  }, {
    "id" : "30098d70-9bd4-4804-8ed8-9680e65c7334",
    "vertices" : [ {
      "x" : -3.236068,
      "y" : -15.708204,
      "z" : -8.472136
    }, {
      "x" : -6.472136,
      "y" : 0.0,
      "z" : -16.944271
    }, {
      "x" : -9.708204,
      "y" : -15.708204,
      "z" : -25.416409
    } ],
    "faces" : [ {
      "vertices" : [ 0, 1, 2 ]
    }, {
      "vertices" : [ 0, 2, 1 ]
    } ]
  }, {
    "id" : "3138794f-1c7f-45bd-9889-ae53b0d41c34",
    "vertices" : [ {
      "x" : 2.0,
      "y" : -13.708204,
      "z" : 11.708204
    }, {
      "x" : 13.708204,
      "y" : -11.708204,
      "z" : -2.0
    }, {
      "x" : 15.708204,
      "y" : -25.416409,
      "z" : 9.708204
    } ],
    "faces" : [ {
      "vertices" : [ 0, 1, 2 ]
    }, {
      "vertices" : [ 0, 2, 1 ]
    } ]
  }, {
    "id" : "4bee7845-a04b-4eaa-ab3c-a76e9f557512",
    "vertices" : [ {
      "x" : 13.708204,
      "y" : 11.708204,
      "z" : -2.0
    }, {
      "x" : 2.0,
      "y" : 13.708204,
      "z" : 11.708204
    }, {
      "x" : 15.708204,
      "y" : 25.416409,
      "z" : 9.708204
    } ],
    "faces" : [ {
      "vertices" : [ 0, 1, 2 ]
    }, {
      "vertices" : [ 0, 2, 1 ]
    } ]
  }, {
    "id" : "6dd4ad41-0a2d-41f2-a667-7c3edf6c56f4",
    "vertices" : [ {
      "x" : 0.0,
      "y" : -16.944271,
      "z" : 6.472136
    }, {
      "x" : 15.708204,
      "y" : -8.472136,
      "z" : 3.236068
    }, {
      "x" : 15.708204,
      "y" : -25.416409,
      "z" : 9.708204
    } ],
    "faces" : [ {
      "vertices" : [ 0, 1, 2 ]
    }, {
      "vertices" : [ 0, 2, 1 ]
    } ]
  }, {
    "id" : "803c35ee-4a87-4eb3-95f3-0ed84793610e",
    "vertices" : [ {
      "x" : -16.944271,
      "y" : 6.472136,
      "z" : 0.0
    }, {
      "x" : -8.472136,
      "y" : 3.236068,
      "z" : 15.708204
    }, {
      "x" : -25.416409,
      "y" : 9.708204,
      "z" : 15.708204
    } ],
    "faces" : [ {
      "vertices" : [ 0, 1, 2 ]
    }, {
      "vertices" : [ 0, 2, 1 ]
    } ]
  }, {
    "id" : "5e62d444-ea39-4e35-a0ae-61c0df06c6e2",
    "vertices" : [ {
      "x" : 2.0,
      "y" : 13.708204,
      "z" : 11.708204
    }, {
      "x" : -11.708204,
      "y" : 2.0,
      "z" : 13.708204
    }, {
      "x" : -9.708204,
      "y" : 15.708204,
      "z" : 25.416409
    } ],
    "faces" : [ {
      "vertices" : [ 0, 1, 2 ]
    }, {
      "vertices" : [ 0, 2, 1 ]
    } ]
  }, {
    "id" : "0f810277-e2b0-4fca-87ed-e00ff7b9343a",
    "vertices" : [ {
      "x" : -13.708204,
      "y" : 11.708204,
      "z" : -2.0
    }, {
      "x" : -11.708204,
      "y" : -2.0,
      "z" : -13.708204
    }, {
      "x" : -25.416409,
      "y" : 9.708204,
      "z" : -15.708204
    } ],
    "faces" : [ {
      "vertices" : [ 0, 1, 2 ]
    }, {
      "vertices" : [ 0, 2, 1 ]
    } ]
  }, {
    "id" : "d1777fd6-a587-41a3-972b-f80d5f863d7e",
    "vertices" : [ {
      "x" : 13.708204,
      "y" : 11.708204,
      "z" : 2.0
    }, {
      "x" : 2.0,
      "y" : 13.708204,
      "z" : -11.708204
    }, {
      "x" : 15.708204,
      "y" : 25.416409,
      "z" : -9.708204
    } ],
    "faces" : [ {
      "vertices" : [ 0, 1, 2 ]
    }, {
      "vertices" : [ 0, 2, 1 ]
    } ]
  }, {
    "id" : "c9775f38-f641-49e4-ba3b-162d79e42da3",
    "vertices" : [ {
      "x" : 11.708204,
      "y" : 2.0,
      "z" : 13.708204
    }, {
      "x" : 13.708204,
      "y" : -11.708204,
      "z" : 2.0
    }, {
      "x" : 25.416409,
      "y" : -9.708204,
      "z" : 15.708204
    } ],
    "faces" : [ {
      "vertices" : [ 0, 1, 2 ]
    }, {
      "vertices" : [ 0, 2, 1 ]
    } ]
  }, {
    "id" : "15f40055-b219-472a-9e2c-c5e9d3d8f2db",
    "vertices" : [ {
      "x" : -8.472136,
      "y" : 3.236068,
      "z" : -15.708204
    }, {
      "x" : 8.472136,
      "y" : -3.236068,
      "z" : -15.708204
    }, {
      "x" : 0.0,
      "y" : 0.0,
      "z" : -31.416409
    } ],
    "faces" : [ {
      "vertices" : [ 0, 1, 2 ]
    }, {
      "vertices" : [ 0, 2, 1 ]
    } ]
  }, {
    "id" : "1af5ae92-5322-4db6-b057-20c708c605bc",
    "vertices" : [ {
      "x" : 3.236068,
      "y" : 15.708204,
      "z" : -8.472136
    }, {
      "x" : -3.236068,
      "y" : 15.708204,
      "z" : 8.472136
    }, {
      "x" : 0.0,
      "y" : 31.416409,
      "z" : 0.0
    } ],
    "faces" : [ {
      "vertices" : [ 0, 1, 2 ]
    }, {
      "vertices" : [ 0, 2, 1 ]
    } ]
  }, {
    "id" : "b2c0f7d7-9b00-4e1f-a300-9c7cedf3c5b1",
    "vertices" : [ {
      "x" : 11.708204,
      "y" : -2.0,
      "z" : 13.708204
    }, {
      "x" : 13.708204,
      "y" : 11.708204,
      "z" : 2.0
    }, {
      "x" : 25.416409,
      "y" : 9.708204,
      "z" : 15.708204
    } ],
    "faces" : [ {
      "vertices" : [ 0, 1, 2 ]
    }, {
      "vertices" : [ 0, 2, 1 ]
    } ]
  }, {
    "id" : "404bf786-90c7-4735-ba52-ccf87635f74b",
    "vertices" : [ {
      "x" : 3.236068,
      "y" : -15.708204,
      "z" : 8.472136
    }, {
      "x" : -3.236068,
      "y" : -15.708204,
      "z" : -8.472136
    }, {
      "x" : 0.0,
      "y" : -31.416409,
      "z" : 0.0
    } ],
    "faces" : [ {
      "vertices" : [ 0, 1, 2 ]
    }, {
      "vertices" : [ 0, 2, 1 ]
    } ]
  }, {
    "id" : "eeafd3b1-12cf-45ec-8533-8d5c21bf95b5",
    "vertices" : [ {
      "x" : 0.0,
      "y" : 16.944271,
      "z" : 6.472136
    }, {
      "x" : -15.708204,
      "y" : 8.472136,
      "z" : 3.236068
    }, {
      "x" : -15.708204,
      "y" : 25.416409,
      "z" : 9.708204
    } ],
    "faces" : [ {
      "vertices" : [ 0, 1, 2 ]
    }, {
      "vertices" : [ 0, 2, 1 ]
    } ]
  }, {
    "id" : "1d2124d9-fb81-4c7b-ba8f-4308f1fa6438",
    "vertices" : [ {
      "x" : -11.708204,
      "y" : 2.0,
      "z" : 13.708204
    }, {
      "x" : -13.708204,
      "y" : -11.708204,
      "z" : 2.0
    }, {
      "x" : -25.416409,
      "y" : -9.708204,
      "z" : 15.708204
    } ],
    "faces" : [ {
      "vertices" : [ 0, 1, 2 ]
    }, {
      "vertices" : [ 0, 2, 1 ]
    } ]
  }, {
    "id" : "2850b940-ad00-42e0-8384-fcc2c013ca77",
    "vertices" : [ {
      "x" : -2.0,
      "y" : 13.708204,
      "z" : -11.708204
    }, {
      "x" : -13.708204,
      "y" : 11.708204,
      "z" : 2.0
    }, {
      "x" : -15.708204,
      "y" : 25.416409,
      "z" : -9.708204
    } ],
    "faces" : [ {
      "vertices" : [ 0, 1, 2 ]
    }, {
      "vertices" : [ 0, 2, 1 ]
    } ]
  }, {
    "id" : "f4494adf-b42b-4faf-8852-54f0403f0dc9",
    "vertices" : [ {
      "x" : 8.472136,
      "y" : 3.236068,
      "z" : -15.708204
    }, {
      "x" : 16.944271,
      "y" : 6.472136,
      "z" : 0.0
    }, {
      "x" : 25.416409,
      "y" : 9.708204,
      "z" : -15.708204
    } ],
    "faces" : [ {
      "vertices" : [ 0, 1, 2 ]
    }, {
      "vertices" : [ 0, 2, 1 ]
    } ]
  }, {
    "id" : "43ca3149-3276-4d27-bc9a-9b876884df57",
    "vertices" : [ {
      "x" : 3.236068,
      "y" : 15.708204,
      "z" : 8.472136
    }, {
      "x" : 6.472136,
      "y" : 0.0,
      "z" : 16.944271
    }, {
      "x" : 9.708204,
      "y" : 15.708204,
      "z" : 25.416409
    } ],
    "faces" : [ {
      "vertices" : [ 0, 1, 2 ]
    }, {
      "vertices" : [ 0, 2, 1 ]
    } ]
  }, {
    "id" : "f4b4a5b4-217b-4085-a9d6-94fa76487e1f",
    "vertices" : [ {
      "x" : 2.0,
      "y" : -13.708204,
      "z" : -11.708204
    }, {
      "x" : -11.708204,
      "y" : -2.0,
      "z" : -13.708204
    }, {
      "x" : -9.708204,
      "y" : -15.708204,
      "z" : -25.416409
    } ],
    "faces" : [ {
      "vertices" : [ 0, 1, 2 ]
    }, {
      "vertices" : [ 0, 2, 1 ]
    } ]
  }, {
    "id" : "f409281a-37bc-4058-a47d-7920e7af2a36",
    "vertices" : [ {
      "x" : 11.708204,
      "y" : 2.0,
      "z" : -13.708204
    }, {
      "x" : -2.0,
      "y" : 13.708204,
      "z" : -11.708204
    }, {
      "x" : 9.708204,
      "y" : 15.708204,
      "z" : -25.416409
    } ],
    "faces" : [ {
      "vertices" : [ 0, 1, 2 ]
    }, {
      "vertices" : [ 0, 2, 1 ]
    } ]
  }, {
    "id" : "65ac03b2-bfc7-4c8d-ace4-f4245779ac34",
    "vertices" : [ {
      "x" : 13.708204,
      "y" : -11.708204,
      "z" : 2.0
    }, {
      "x" : 2.0,
      "y" : -13.708204,
      "z" : -11.708204
    }, {
      "x" : 15.708204,
      "y" : -25.416409,
      "z" : -9.708204
    } ],
    "faces" : [ {
      "vertices" : [ 0, 1, 2 ]
    }, {
      "vertices" : [ 0, 2, 1 ]
    } ]
  }, {
    "id" : "703b8981-1c48-49ab-8bc2-3b6ebb1ae077",
    "vertices" : [ {
      "x" : 3.236068,
      "y" : -15.708204,
      "z" : -8.472136
    }, {
      "x" : 6.472136,
      "y" : 0.0,
      "z" : -16.944271
    }, {
      "x" : 9.708204,
      "y" : -15.708204,
      "z" : -25.416409
    } ],
    "faces" : [ {
      "vertices" : [ 0, 1, 2 ]
    }, {
      "vertices" : [ 0, 2, 1 ]
    } ]
  }, {
    "id" : "27dfdbf7-0071-46d5-81f5-234596930fb4",
    "vertices" : [ {
      "x" : -8.472136,
      "y" : 3.236068,
      "z" : 15.708204
    }, {
      "x" : 8.472136,
      "y" : -3.236068,
      "z" : 15.708204
    }, {
      "x" : 0.0,
      "y" : 0.0,
      "z" : 31.416409
    } ],
    "faces" : [ {
      "vertices" : [ 0, 1, 2 ]
    }, {
      "vertices" : [ 0, 2, 1 ]
    } ]
  }, {
    "id" : "6f365e6c-43af-4760-8c18-c62254d000b2",
    "vertices" : [ {
      "x" : -2.0,
      "y" : -13.708204,
      "z" : 11.708204
    }, {
      "x" : -13.708204,
      "y" : -11.708204,
      "z" : -2.0
    }, {
      "x" : -15.708204,
      "y" : -25.416409,
      "z" : 9.708204
    } ],
    "faces" : [ {
      "vertices" : [ 0, 1, 2 ]
    }, {
      "vertices" : [ 0, 2, 1 ]
    } ]
  }, {
    "id" : "931d5b5f-38e9-4d76-b8bd-d42c0346dd9e",
    "vertices" : [ {
      "x" : -2.0,
      "y" : -13.708204,
      "z" : -11.708204
    }, {
      "x" : 11.708204,
      "y" : -2.0,
      "z" : -13.708204
    }, {
      "x" : 9.708204,
      "y" : -15.708204,
      "z" : -25.416409
    } ],
    "faces" : [ {
      "vertices" : [ 0, 1, 2 ]
    }, {
      "vertices" : [ 0, 2, 1 ]
    } ]
  }, {
    "id" : "e0e02e13-3c4d-4ded-8b8e-ee2d1ac4b270",
    "vertices" : [ {
      "x" : 6.472136,
      "y" : 0.0,
      "z" : -16.944271
    }, {
      "x" : 3.236068,
      "y" : 15.708204,
      "z" : -8.472136
    }, {
      "x" : 9.708204,
      "y" : 15.708204,
      "z" : -25.416409
    } ],
    "faces" : [ {
      "vertices" : [ 0, 1, 2 ]
    }, {
      "vertices" : [ 0, 2, 1 ]
    } ]
  }, {
    "id" : "b54d31b7-7c4c-40fa-b9bb-104e1031c6ba",
    "vertices" : [ {
      "x" : 0.0,
      "y" : 16.944271,
      "z" : -6.472136
    }, {
      "x" : -15.708204,
      "y" : 8.472136,
      "z" : -3.236068
    }, {
      "x" : -15.708204,
      "y" : 25.416409,
      "z" : -9.708204
    } ],
    "faces" : [ {
      "vertices" : [ 0, 1, 2 ]
    }, {
      "vertices" : [ 0, 2, 1 ]
    } ]
  }, {
    "id" : "c503a247-c359-479f-af63-ad1dee6b9fa2",
    "vertices" : [ {
      "x" : -2.0,
      "y" : 13.708204,
      "z" : 11.708204
    }, {
      "x" : 11.708204,
      "y" : 2.0,
      "z" : 13.708204
    }, {
      "x" : 9.708204,
      "y" : 15.708204,
      "z" : 25.416409
    } ],
    "faces" : [ {
      "vertices" : [ 0, 1, 2 ]
    }, {
      "vertices" : [ 0, 2, 1 ]
    } ]
  }, {
    "id" : "01abc978-4ef0-4bca-b4a7-68c5f9a2e827",
    "vertices" : [ {
      "x" : -8.472136,
      "y" : -3.236068,
      "z" : 15.708204
    }, {
      "x" : -16.944271,
      "y" : -6.472136,
      "z" : 0.0
    }, {
      "x" : -25.416409,
      "y" : -9.708204,
      "z" : 15.708204
    } ],
    "faces" : [ {
      "vertices" : [ 0, 1, 2 ]
    }, {
      "vertices" : [ 0, 2, 1 ]
    } ]
  }, {
    "id" : "78b352cd-7e9e-4be4-864e-a07cefc324cf",
    "vertices" : [ {
      "x" : -13.708204,
      "y" : 11.708204,
      "z" : 2.0
    }, {
      "x" : -11.708204,
      "y" : -2.0,
      "z" : 13.708204
    }, {
      "x" : -25.416409,
      "y" : 9.708204,
      "z" : 15.708204
    } ],
    "faces" : [ {
      "vertices" : [ 0, 1, 2 ]
    }, {
      "vertices" : [ 0, 2, 1 ]
    } ]
  }, {
    "id" : "d79c3994-fe55-40e1-a17d-d6c5186a1bfd",
    "vertices" : [ {
      "x" : -6.472136,
      "y" : 0.0,
      "z" : -16.944271
    }, {
      "x" : -3.236068,
      "y" : 15.708204,
      "z" : -8.472136
    }, {
      "x" : -9.708204,
      "y" : 15.708204,
      "z" : -25.416409
    } ],
    "faces" : [ {
      "vertices" : [ 0, 1, 2 ]
    }, {
      "vertices" : [ 0, 2, 1 ]
    } ]
  }, {
    "id" : "660dce56-b865-46ac-a03a-7eeb74fd2918",
    "vertices" : [ {
      "x" : -15.708204,
      "y" : 8.472136,
      "z" : 3.236068
    }, {
      "x" : -15.708204,
      "y" : -8.472136,
      "z" : -3.236068
    }, {
      "x" : -31.416409,
      "y" : 0.0,
      "z" : 0.0
    } ],
    "faces" : [ {
      "vertices" : [ 0, 1, 2 ]
    }, {
      "vertices" : [ 0, 2, 1 ]
    } ]
  }, {
    "id" : "e86413c5-52d3-402c-a5b1-6e392a8e6012",
    "vertices" : [ {
      "x" : 0.0,
      "y" : -16.944271,
      "z" : 6.472136
    }, {
      "x" : -15.708204,
      "y" : -8.472136,
      "z" : 3.236068
    }, {
      "x" : -15.708204,
      "y" : -25.416409,
      "z" : 9.708204
    } ],
    "faces" : [ {
      "vertices" : [ 0, 1, 2 ]
    }, {
      "vertices" : [ 0, 2, 1 ]
    } ]
  }, {
    "id" : "a792a096-ec03-465f-8912-39c2efda1ca0",
    "vertices" : [ {
      "x" : -11.708204,
      "y" : -2.0,
      "z" : 13.708204
    }, {
      "x" : 2.0,
      "y" : -13.708204,
      "z" : 11.708204
    }, {
      "x" : -9.708204,
      "y" : -15.708204,
      "z" : 25.416409
    } ],
    "faces" : [ {
      "vertices" : [ 0, 1, 2 ]
    }, {
      "vertices" : [ 0, 2, 1 ]
    } ]
  }, {
    "id" : "6b78c864-a6cb-4446-be6d-a0395f253743",
    "vertices" : [ {
      "x" : -8.472136,
      "y" : -3.236068,
      "z" : -15.708204
    }, {
      "x" : 8.472136,
      "y" : 3.236068,
      "z" : -15.708204
    }, {
      "x" : 0.0,
      "y" : 0.0,
      "z" : -31.416409
    } ],
    "faces" : [ {
      "vertices" : [ 0, 1, 2 ]
    }, {
      "vertices" : [ 0, 2, 1 ]
    } ]
  }, {
    "id" : "0612b832-4b06-4a55-b7fb-0083bad81312",
    "vertices" : [ {
      "x" : -16.944271,
      "y" : -6.472136,
      "z" : 0.0
    }, {
      "x" : -8.472136,
      "y" : -3.236068,
      "z" : -15.708204
    }, {
      "x" : -25.416409,
      "y" : -9.708204,
      "z" : -15.708204
    } ],
    "faces" : [ {
      "vertices" : [ 0, 1, 2 ]
    }, {
      "vertices" : [ 0, 2, 1 ]
    } ]
  }, {
    "id" : "fb778518-2ac1-4baf-bce7-82161989d250",
    "vertices" : [ {
      "x" : -15.708204,
      "y" : 8.472136,
      "z" : -3.236068
    }, {
      "x" : -15.708204,
      "y" : -8.472136,
      "z" : 3.236068
    }, {
      "x" : -31.416409,
      "y" : 0.0,
      "z" : 0.0
    } ],
    "faces" : [ {
      "vertices" : [ 0, 1, 2 ]
    }, {
      "vertices" : [ 0, 2, 1 ]
    } ]
  }, {
    "id" : "f96e55f9-ff04-49b2-85da-b1339125d3c5",
    "vertices" : [ {
      "x" : -15.708204,
      "y" : -8.472136,
      "z" : -3.236068
    }, {
      "x" : 0.0,
      "y" : -16.944271,
      "z" : -6.472136
    }, {
      "x" : -15.708204,
      "y" : -25.416409,
      "z" : -9.708204
    } ],
    "faces" : [ {
      "vertices" : [ 0, 1, 2 ]
    }, {
      "vertices" : [ 0, 2, 1 ]
    } ]
  } ],
  "instances" : [ {
    "shape" : "241e9dc0-cbef-488f-867a-bf5ea5fa5c67",
    "color" : "#6C00C6",
    "position" : {
      "x" : -11.708204,
      "y" : 2.0,
      "z" : 13.708204
    },
    "orientation" : 6
  }, {
    "shape" : "4474e781-1d49-4adc-9bbf-a4206ad83eab",
    "color" : "#F7CF7F",
    "position" : {
      "x" : 0.0,
      "y" : 0.0,
      "z" : 0.0
    }
  }, {
    "shape" : "16a8bd5b-1e15-44a7-8298-f1ab458cbce0",
    "color" : "#FFFFFF",
    "position" : {
      "x" : 0.0,
      "y" : 0.0,
      "z" : 31.416409
    }
  }, {
    "shape" : "241e9dc0-cbef-488f-867a-bf5ea5fa5c67",
    "color" : "#6C00C6",
    "position" : {
      "x" : -2.0,
      "y" : 13.708204,
      "z" : -11.708204
    },
    "orientation" : 24
  }, {
    "shape" : "241e9dc0-cbef-488f-867a-bf5ea5fa5c67",
    "color" : "#6C00C6",
    "position" : {
      "x" : 6.472136,
      "y" : 0.0,
      "z" : -16.944271
    },
    "orientation" : 4
  }, {
    "shape" : "241e9dc0-cbef-488f-867a-bf5ea5fa5c67",
    "color" : "#6C00C6",
    "position" : {
      "x" : -16.944271,
      "y" : 6.472136,
      "z" : 0.0
    },
    "orientation" : 5
  }, {
    "shape" : "241e9dc0-cbef-488f-867a-bf5ea5fa5c67",
    "color" : "#6C00C6",
    "position" : {
      "x" : 15.708204,
      "y" : 25.416409,
      "z" : 9.708204
    },
    "orientation" : 39
  }, {
    "shape" : "cdff3597-744c-48a7-ac1d-592235c0e7a6",
    "color" : "#F7CF7F",
    "position" : {
      "x" : 0.0,
      "y" : 0.0,
      "z" : 0.0
    }
  }, {
    "shape" : "16a8bd5b-1e15-44a7-8298-f1ab458cbce0",
    "color" : "#FFFFFF",
    "position" : {
      "x" : 11.708204,
      "y" : 2.0,
      "z" : 13.708204
    }
  }, {
    "shape" : "241e9dc0-cbef-488f-867a-bf5ea5fa5c67",
    "color" : "#6C00C6",
    "position" : {
      "x" : -13.708204,
      "y" : -11.708204,
      "z" : 2.0
    },
    "orientation" : 26
  }, {
    "shape" : "241e9dc0-cbef-488f-867a-bf5ea5fa5c67",
    "color" : "#6C00C6",
    "position" : {
      "x" : 2.0,
      "y" : 13.708204,
      "z" : -11.708204
    },
    "orientation" : 8
  }, {
    "shape" : "241e9dc0-cbef-488f-867a-bf5ea5fa5c67",
    "color" : "#6C00C6",
    "position" : {
      "x" : -15.708204,
      "y" : 25.416409,
      "z" : 9.708204
    },
    "orientation" : 16
  }, {
    "shape" : "241e9dc0-cbef-488f-867a-bf5ea5fa5c67",
    "color" : "#6C00C6",
    "position" : {
      "x" : 11.708204,
      "y" : 2.0,
      "z" : 13.708204
    },
    "orientation" : 54
  }, {
    "shape" : "241e9dc0-cbef-488f-867a-bf5ea5fa5c67",
    "color" : "#6C00C6",
    "position" : {
      "x" : 0.0,
      "y" : -31.416409,
      "z" : 0.0
    },
    "orientation" : 49
  }, {
    "shape" : "241e9dc0-cbef-488f-867a-bf5ea5fa5c67",
    "color" : "#6C00C6",
    "position" : {
      "x" : -3.236068,
      "y" : 15.708204,
      "z" : -8.472136
    },
    "orientation" : 2
  }, {
    "shape" : "241e9dc0-cbef-488f-867a-bf5ea5fa5c67",
    "color" : "#6C00C6",
    "position" : {
      "x" : 9.708204,
      "y" : 15.708204,
      "z" : -25.416409
    },
    "orientation" : 32
  }, {
    "shape" : "241e9dc0-cbef-488f-867a-bf5ea5fa5c67",
    "color" : "#6C00C6",
    "position" : {
      "x" : 0.0,
      "y" : -16.944271,
      "z" : -6.472136
    },
    "orientation" : 48
  }, {
    "shape" : "241e9dc0-cbef-488f-867a-bf5ea5fa5c67",
    "color" : "#6C00C6",
    "position" : {
      "x" : 0.0,
      "y" : 0.0,
      "z" : -31.416409
    },
    "orientation" : 5
  }, {
    "shape" : "241e9dc0-cbef-488f-867a-bf5ea5fa5c67",
