{
  "field" : "sqrtPhi",
  "symmetry" : "icosahedral",
  "orientations" : [ [ 1.0, 0.0, 0.0, 0.0, 0.0, 1.0, 0.0, 0.0, 0.0, 0.0, 1.0, 0.0, 0.0, 0.0, 0.0, 1.0 ], [ 0.0, 0.0, 1.0, 0.0, 1.0, 0.0, 0.0, 0.0, 0.0, 1.0, 0.0, 0.0, 0.0, 0.0, 0.0, 1.0 ], [ 0.0, 1.0, 0.0, 0.0, 0.0, 0.0, 1.0, 0.0, 1.0, 0.0, 0.0, 0.0, 0.0, 0.0, 0.0, 1.0 ], [ 0.809017, 0.309017, 0.5, 0.0, 0.309017, 0.5, -0.809017, 0.0, -0.5, 0.809017, 0.309017, 0.0, 0.0, 0.0, 0.0, 1.0 ], [ -0.5, 0.809017, 0.309017, 0.0, 0.809017, 0.309017, 0.5, 0.0, 0.309017, 0.5, -0.809017, 0.0, 0.0, 0.0, 0.0, 1.0 ], [ 0.309017, 0.5, -0.809017, 0.0, -0.5, 0.809017, 0.309017, 0.0, 0.809017, 0.309017, 0.5, 0.0, 0.0, 0.0, 0.0, 1.0 ], [ 0.5, 0.809017, 0.309017, 0.0, 0.809017, -0.309017, -0.5, 0.0, -0.309017, 0.5, -0.809017, 0.0, 0.0, 0.0, 0.0, 1.0 ], [ -0.309017, 0.5, -0.809017, 0.0, 0.5, 0.809017, 0.309017, 0.0, 0.809017, -0.309017, -0.5, 0.0, 0.0, 0.0, 0.0, 1.0 ], [ 0.809017, -0.309017, -0.5, 0.0, -0.309017, 0.5, -0.809017, 0.0, 0.5, 0.809017, 0.309017, 0.0, 0.0, 0.0, 0.0, 1.0 ], [ 0.5, 0.809017, -0.309017, 0.0, 0.809017, -0.309017, 0.5, 0.0, 0.309017, -0.5, -0.809017, 0.0, 0.0, 0.0, 0.0, 1.0 ], [ 0.309017, -0.5, -0.809017, 0.0, 0.5, 0.809017, -0.309017, 0.0, 0.809017, -0.309017, 0.5, 0.0, 0.0, 0.0, 0.0, 1.0 ], [ 0.809017, -0.309017, 0.5, 0.0, 0.309017, -0.5, -0.809017, 0.0, 0.5, 0.809017, -0.309017, 0.0, 0.0, 0.0, 0.0, 1.0 ], [ 0.809017, 0.309017, -0.5, 0.0, 0.309017, 0.5, 0.809017, 0.0, 0.5, -0.809017, 0.309017, 0.0, 0.0, 0.0, 0.0, 1.0 ], [ 0.5, -0.809017, 0.309017, 0.0, 0.809017, 0.309017, -0.5, 0.0, 0.309017, 0.5, 0.809017, 0.0, 0.0, 0.0, 0.0, 1.0 ], [ 0.309017, 0.5, 0.809017, 0.0, 0.5, -0.809017, 0.309017, 0.0, 0.809017, 0.309017, -0.5, 0.0, 0.0, 0.0, 0.0, 1.0 ], [ 1.0, 0.0, 0.0, 0.0, 0.0, -1.0, 0.0, 0.0, 0.0, 0.0, -1.0, 0.0, 0.0, 0.0, 0.0, 1.0 ], [ 0.0, 0.0, 1.0, 0.0, -1.0, 0.0, 0.0, 0.0, 0.0, -1.0, 0.0, 0.0, 0.0, 0.0, 0.0, 1.0 ], [ 0.0, 1.0, 0.0, 0.0, 0.0, 0.0, -1.0, 0.0, -1.0, 0.0, 0.0, 0.0, 0.0, 0.0, 0.0, 1.0 ], [ 0.809017, 0.309017, 0.5, 0.0, -0.309017, -0.5, 0.809017, 0.0, 0.5, -0.809017, -0.309017, 0.0, 0.0, 0.0, 0.0, 1.0 ], [ -0.5, 0.809017, 0.309017, 0.0, -0.809017, -0.309017, -0.5, 0.0, -0.309017, -0.5, 0.809017, 0.0, 0.0, 0.0, 0.0, 1.0 ], [ 0.309017, 0.5, -0.809017, 0.0, 0.5, -0.809017, -0.309017, 0.0, -0.809017, -0.309017, -0.5, 0.0, 0.0, 0.0, 0.0, 1.0 ], [ 0.5, 0.809017, 0.309017, 0.0, -0.809017, 0.309017, 0.5, 0.0, 0.309017, -0.5, 0.809017, 0.0, 0.0, 0.0, 0.0, 1.0 ], [ -0.309017, 0.5, -0.809017, 0.0, -0.5, -0.809017, -0.309017, 0.0, -0.809017, 0.309017, 0.5, 0.0, 0.0, 0.0, 0.0, 1.0 ], [ 0.809017, -0.309017, -0.5, 0.0, 0.309017, -0.5, 0.809017, 0.0, -0.5, -0.809017, -0.309017, 0.0, 0.0, 0.0, 0.0, 1.0 ], [ 0.5, 0.809017, -0.309017, 0.0, -0.809017, 0.309017, -0.5, 0.0, -0.309017, 0.5, 0.809017, 0.0, 0.0, 0.0, 0.0, 1.0 ], [ 0.309017, -0.5, -0.809017, 0.0, -0.5, -0.809017, 0.309017, 0.0, -0.809017, 0.309017, -0.5, 0.0, 0.0, 0.0, 0.0, 1.0 ], [ 0.809017, -0.309017, 0.5, 0.0, -0.309017, 0.5, 0.809017, 0.0, -0.5, -0.809017, 0.309017, 0.0, 0.0, 0.0, 0.0, 1.0 ], [ 0.809017, 0.309017, -0.5, 0.0, -0.309017, -0.5, -0.809017, 0.0, -0.5, 0.809017, -0.309017, 0.0, 0.0, 0.0, 0.0, 1.0 ], [ 0.5, -0.809017, 0.309017, 0.0, -0.809017, -0.309017, 0.5, 0.0, -0.309017, -0.5, -0.809017, 0.0, 0.0, 0.0, 0.0, 1.0 ], [ 0.309017, 0.5, 0.809017, 0.0, -0.5, 0.809017, -0.309017, 0.0, -0.809017, -0.309017, 0.5, 0.0, 0.0, 0.0, 0.0, 1.0 ], [ -1.0, 0.0, 0.0, 0.0, 0.0, -1.0, 0.0, 0.0, 0.0, 0.0, 1.0, 0.0, 0.0, 0.0, 0.0, 1.0 ], [ 0.0, 0.0, -1.0, 0.0, -1.0, 0.0, 0.0, 0.0, 0.0, 1.0, 0.0, 0.0, 0.0, 0.0, 0.0, 1.0 ], [ 0.0, -1.0, 0.0, 0.0, 0.0, 0.0, -1.0, 0.0, 1.0, 0.0, 0.0, 0.0, 0.0, 0.0, 0.0, 1.0 ], [ -0.809017, -0.309017, -0.5, 0.0, -0.309017, -0.5, 0.809017, 0.0, -0.5, 0.809017, 0.309017, 0.0, 0.0, 0.0, 0.0, 1.0 ], [ 0.5, -0.809017, -0.309017, 0.0, -0.809017, -0.309017, -0.5, 0.0, 0.309017, 0.5, -0.809017, 0.0, 0.0, 0.0, 0.0, 1.0 ], [ -0.309017, -0.5, 0.809017, 0.0, 0.5, -0.809017, -0.309017, 0.0, 0.809017, 0.309017, 0.5, 0.0, 0.0, 0.0, 0.0, 1.0 ], [ -0.5, -0.809017, -0.309017, 0.0, -0.809017, 0.309017, 0.5, 0.0, -0.309017, 0.5, -0.809017, 0.0, 0.0, 0.0, 0.0, 1.0 ], [ 0.309017, -0.5, 0.809017, 0.0, -0.5, -0.809017, -0.309017, 0.0, 0.809017, -0.309017, -0.5, 0.0, 0.0, 0.0, 0.0, 1.0 ], [ -0.809017, 0.309017, 0.5, 0.0, 0.309017, -0.5, 0.809017, 0.0, 0.5, 0.809017, 0.309017, 0.0, 0.0, 0.0, 0.0, 1.0 ], [ -0.5, -0.809017, 0.309017, 0.0, -0.809017, 0.309017, -0.5, 0.0, 0.309017, -0.5, -0.809017, 0.0, 0.0, 0.0, 0.0, 1.0 ], [ -0.309017, 0.5, 0.809017, 0.0, -0.5, -0.809017, 0.309017, 0.0, 0.809017, -0.309017, 0.5, 0.0, 0.0, 0.0, 0.0, 1.0 ], [ -0.809017, 0.309017, -0.5, 0.0, -0.309017, 0.5, 0.809017, 0.0, 0.5, 0.809017, -0.309017, 0.0, 0.0, 0.0, 0.0, 1.0 ], [ -0.809017, -0.309017, 0.5, 0.0, -0.309017, -0.5, -0.809017, 0.0, 0.5, -0.809017, 0.309017, 0.0, 0.0, 0.0, 0.0, 1.0 ], [ -0.5, 0.809017, -0.309017, 0.0, -0.809017, -0.309017, 0.5, 0.0, 0.309017, 0.5, 0.809017, 0.0, 0.0, 0.0, 0.0, 1.0 ], [ -0.309017, -0.5, -0.809017, 0.0, -0.5, 0.809017, -0.309017, 0.0, 0.809017, 0.309017, -0.5, 0.0, 0.0, 0.0, 0.0, 1.0 ], [ -1.0, 0.0, 0.0, 0.0, 0.0, 1.0, 0.0, 0.0, 0.0, 0.0, -1.0, 0.0, 0.0, 0.0, 0.0, 1.0 ], [ 0.0, 0.0, -1.0, 0.0, 1.0, 0.0, 0.0, 0.0, 0.0, -1.0, 0.0, 0.0, 0.0, 0.0, 0.0, 1.0 ], [ 0.0, -1.0, 0.0, 0.0, 0.0, 0.0, 1.0, 0.0, -1.0, 0.0, 0.0, 0.0, 0.0, 0.0, 0.0, 1.0 ], [ -0.809017, -0.309017, -0.5, 0.0, 0.309017, 0.5, -0.809017, 0.0, 0.5, -0.809017, -0.309017, 0.0, 0.0, 0.0, 0.0, 1.0 ], [ 0.5, -0.809017, -0.309017, 0.0, 0.809017, 0.309017, 0.5, 0.0, -0.309017, -0.5, 0.809017, 0.0, 0.0, 0.0, 0.0, 1.0 ], [ -0.309017, -0.5, 0.809017, 0.0, -0.5, 0.809017, 0.309017, 0.0, -0.809017, -0.309017, -0.5, 0.0, 0.0, 0.0, 0.0, 1.0 ], [ -0.5, -0.809017, -0.309017, 0.0, 0.809017, -0.309017, -0.5, 0.0, 0.309017, -0.5, 0.809017, 0.0, 0.0, 0.0, 0.0, 1.0 ], [ 0.309017, -0.5, 0.809017, 0.0, 0.5, 0.809017, 0.309017, 0.0, -0.809017, 0.309017, 0.5, 0.0, 0.0, 0.0, 0.0, 1.0 ], [ -0.809017, 0.309017, 0.5, 0.0, -0.309017, 0.5, -0.809017, 0.0, -0.5, -0.809017, -0.309017, 0.0, 0.0, 0.0, 0.0, 1.0 ], [ -0.5, -0.809017, 0.309017, 0.0, 0.809017, -0.309017, 0.5, 0.0, -0.309017, 0.5, 0.809017, 0.0, 0.0, 0.0, 0.0, 1.0 ], [ -0.309017, 0.5, 0.809017, 0.0, 0.5, 0.809017, -0.309017, 0.0, -0.809017, 0.309017, -0.5, 0.0, 0.0, 0.0, 0.0, 1.0 ], [ -0.809017, 0.309017, -0.5, 0.0, 0.309017, -0.5, -0.809017, 0.0, -0.5, -0.809017, 0.309017, 0.0, 0.0, 0.0, 0.0, 1.0 ], [ -0.809017, -0.309017, 0.5, 0.0, 0.309017, 0.5, 0.809017, 0.0, -0.5, 0.809017, -0.309017, 0.0, 0.0, 0.0, 0.0, 1.0 ], [ -0.5, 0.809017, -0.309017, 0.0, 0.809017, 0.309017, -0.5, 0.0, -0.309017, -0.5, -0.809017, 0.0, 0.0, 0.0, 0.0, 1.0 ], [ -0.309017, -0.5, -0.809017, 0.0, 0.5, -0.809017, 0.309017, 0.0, -0.809017, -0.309017, 0.5, 0.0, 0.0, 0.0, 0.0, 1.0 ] ],
  "lights" : {
    "ambientColor" : "#292929",
    "backgroundColor" : "#999999",
    "directionalLights" : [ {
      "direction" : {
        "x" : 1.0,
        "y" : -1.0,
        "z" : -1.0
      },
      "color" : "#EBEBE4"
    }, {
      "direction" : {
        "x" : -1.0,
        "y" : 0.0,
        "z" : 0.0
      },
      "color" : "#E4E4EB"
    }, {
      "direction" : {
        "x" : 0.0,
        "y" : 0.0,
        "z" : -1.0
      },
      "color" : "#1E1E1E"
    } ]
  },
  "camera" : {
    "perspective" : true,
    "lookDirection" : {
      "x" : 0.01772454,
      "y" : -0.015545697,
      "z" : 0.9997147
    },
    "upDirection" : {
      "x" : 0.9997646,
      "y" : -0.010270955,
      "z" : -0.017889783
    },
    "lookAtPoint" : {
      "x" : 0.0,
      "y" : 0.0,
      "z" : 0.0
    },
    "viewDistance" : 182.889,
    "nearClipDistance" : 0.45722246,
    "farClipDistance" : 365.77722,
    "fieldOfView" : 0.44262868,
    "width" : 82.30001,
    "stereo" : false,
    "position" : {
      "x" : -3.2416236,
      "y" : 2.843137,
      "z" : -182.83682
    }
  },
  "embedding" : [ 1.0, 0.0, 0.0, 0.0, 0.0, 1.0, 0.0, 0.0, 0.0, 0.0, 1.0, 0.0, 0.0, 0.0, 0.0, 1.0 ],
  "shapes" : [ {
    "id" : "7b92a8f4-e790-443f-a902-1831571753a6",
    "vertices" : [ {
      "x" : 3.8810391,
      "y" : -11.025501,
      "z" : -5.175963
    }, {
      "x" : 4.281039,
      "y" : -10.925501,
      "z" : -5.075963
    }, {
      "x" : 0.47823715,
      "y" : -0.38723207,
      "z" : -0.36912182
    }, {
      "x" : 0.07823715,
      "y" : -0.48723206,
      "z" : -0.4691218
    }, {
      "x" : 4.4143724,
      "y" : -10.692168,
      "z" : -5.375963
    }, {
      "x" : 4.0143723,
      "y" : -10.792168,
      "z" : -5.475963
    }, {
      "x" : -0.055096183,
      "y" : -0.7205654,
      "z" : -0.16912182
    }, {
      "x" : 0.34490383,
      "y" : -0.6205654,
      "z" : -0.069121815
    } ],
    "faces" : [ {
      "vertices" : [ 2, 3, 6 ]
    }, {
      "vertices" : [ 2, 6, 7 ]
    }, {
      "vertices" : [ 0, 5, 4 ]
    }, {
      "vertices" : [ 0, 4, 1 ]
    }, {
      "vertices" : [ 2, 4, 5 ]
    }, {
      "vertices" : [ 2, 5, 3 ]
    }, {
      "vertices" : [ 0, 6, 3 ]
    }, {
      "vertices" : [ 0, 3, 5 ]
    }, {
      "vertices" : [ 0, 1, 7 ]
    }, {
      "vertices" : [ 0, 7, 6 ]
    }, {
      "vertices" : [ 1, 4, 2 ]
    }, {
      "vertices" : [ 1, 2, 7 ]
    } ]
  }, {
    "id" : "2a0e2a34-084f-439c-a6e8-d662a9d32e16",
    "vertices" : [ {
      "x" : 15.77201,
      "y" : 7.0534573,
      "z" : 3.427051
    }, {
      "x" : 15.77201,
      "y" : -1.6650953,
      "z" : -7.663119
    }, {
      "x" : 18.46619,
      "y" : 11.412733,
      "z" : -8.972136
    } ],
    "faces" : [ {
      "vertices" : [ 0, 1, 2 ]
    }, {
      "vertices" : [ 0, 2, 1 ]
    } ]
  }, {
    "id" : "61ae5ef3-ef04-4d50-bfc6-0aae11a1da49",
    "vertices" : [ {
      "x" : 10.925501,
      "y" : -4.281039,
      "z" : -5.075963
    }, {
      "x" : 11.025501,
      "y" : -3.8810391,
      "z" : -5.175963
    }, {
      "x" : 0.48723206,
      "y" : -0.07823715,
      "z" : -0.4691218
    }, {
      "x" : 0.38723207,
      "y" : -0.47823715,
      "z" : -0.36912182
    }, {
      "x" : 10.792168,
      "y" : -4.0143723,
      "z" : -5.475963
    }, {
      "x" : 10.692168,
      "y" : -4.4143724,
      "z" : -5.375963
    }, {
      "x" : 0.6205654,
      "y" : -0.34490383,
      "z" : -0.069121815
    }, {
      "x" : 0.7205654,
      "y" : 0.055096183,
      "z" : -0.16912182
    } ],
    "faces" : [ {
      "vertices" : [ 2, 3, 6 ]
    }, {
      "vertices" : [ 2, 6, 7 ]
    }, {
      "vertices" : [ 0, 5, 4 ]
    }, {
      "vertices" : [ 0, 4, 1 ]
    }, {
      "vertices" : [ 2, 4, 5 ]
    }, {
      "vertices" : [ 2, 5, 3 ]
    }, {
      "vertices" : [ 0, 6, 3 ]
    }, {
      "vertices" : [ 0, 3, 5 ]
    }, {
      "vertices" : [ 0, 1, 7 ]
    }, {
      "vertices" : [ 0, 7, 6 ]
    }, {
      "vertices" : [ 1, 4, 2 ]
    }, {
      "vertices" : [ 1, 2, 7 ]
    } ]
  }, {
    "id" : "13c439dc-382f-440b-ab89-bacd92e0c3ef",
    "vertices" : [ {
      "x" : -6.426111,
      "y" : 0.13333334,
      "z" : 8.495211
    }, {
      "x" : -6.526111,
      "y" : -0.26666668,
      "z" : 8.59521
    }, {
      "x" : -0.6273459,
      "y" : -0.13333334,
      "z" : 0.47692576
    }, {
      "x" : -0.52734596,
      "y" : 0.26666668,
      "z" : 0.37692577
    }, {
      "x" : -6.8261113,
      "y" : -0.13333334,
      "z" : 8.3618765
    }, {
      "x" : -6.726111,
      "y" : 0.26666668,
      "z" : 8.261877
    }, {
      "x" : -0.22734594,
      "y" : 0.13333334,
      "z" : 0.6102591
    }, {
      "x" : -0.32734594,
      "y" : -0.26666668,
      "z" : 0.7102591
    } ],
    "faces" : [ {
      "vertices" : [ 2, 3, 6 ]
    }, {
      "vertices" : [ 2, 6, 7 ]
    }, {
      "vertices" : [ 0, 5, 4 ]
    }, {
      "vertices" : [ 0, 4, 1 ]
    }, {
      "vertices" : [ 2, 4, 5 ]
    }, {
      "vertices" : [ 2, 5, 3 ]
    }, {
      "vertices" : [ 0, 6, 3 ]
    }, {
      "vertices" : [ 0, 3, 5 ]
    }, {
      "vertices" : [ 0, 1, 7 ]
    }, {
      "vertices" : [ 0, 7, 6 ]
    }, {
      "vertices" : [ 1, 4, 2 ]
    }, {
      "vertices" : [ 1, 2, 7 ]
    } ]
  }, {
    "id" : "bdb1fdd8-3ed4-47f8-973a-8ebe4c57b3fc",
    "vertices" : [ {
      "x" : 6.509384,
      "y" : -2.69609,
      "z" : 10.6158495
    }, {
      "x" : 6.609384,
      "y" : -2.2960901,
      "z" : 10.71585
    }, {
      "x" : 0.5440728,
      "y" : 0.001909208,
      "z" : 0.47432
    }, {
      "x" : 0.4440728,
      "y" : -0.39809078,
      "z" : 0.37432
    }, {
      "x" : 6.9093843,
      "y" : -2.4294233,
      "z" : 10.482516
    }, {
      "x" : 6.8093843,
      "y" : -2.8294234,
      "z" : 10.382517
    }, {
      "x" : 0.14407283,
      "y" : -0.26475745,
      "z" : 0.6076533
    }, {
      "x" : 0.24407282,
      "y" : 0.13524254,
      "z" : 0.70765334
    } ],
    "faces" : [ {
      "vertices" : [ 2, 3, 6 ]
    }, {
      "vertices" : [ 2, 6, 7 ]
    }, {
      "vertices" : [ 0, 5, 4 ]
    }, {
      "vertices" : [ 0, 4, 1 ]
    }, {
      "vertices" : [ 2, 4, 5 ]
    }, {
      "vertices" : [ 2, 5, 3 ]
    }, {
      "vertices" : [ 0, 6, 3 ]
    }, {
      "vertices" : [ 0, 3, 5 ]
    }, {
      "vertices" : [ 0, 1, 7 ]
    }, {
      "vertices" : [ 0, 7, 6 ]
    }, {
      "vertices" : [ 1, 4, 2 ]
    }, {
      "vertices" : [ 1, 2, 7 ]
    } ]
  }, {
    "id" : "384ccc99-7cfb-4553-a903-ae2bb2c633f0",
    "vertices" : [ {
      "x" : 4.910125,
      "y" : -13.719682,
      "z" : -6.48498
    }, {
      "x" : 5.3101244,
      "y" : -13.619682,
      "z" : -6.38498
    }, {
      "x" : 0.47823715,
      "y" : -0.38723207,
      "z" : -0.36912182
    }, {
      "x" : 0.07823715,
      "y" : -0.48723206,
      "z" : -0.4691218
    }, {
      "x" : 5.443458,
      "y" : -13.386349,
      "z" : -6.68498
    }, {
      "x" : 5.043458,
      "y" : -13.486349,
      "z" : -6.7849803
    }, {
      "x" : -0.055096183,
      "y" : -0.7205654,
      "z" : -0.16912182
    }, {
      "x" : 0.34490383,
      "y" : -0.6205654,
      "z" : -0.069121815
    } ],
    "faces" : [ {
      "vertices" : [ 2, 3, 6 ]
    }, {
      "vertices" : [ 2, 6, 7 ]
    }, {
      "vertices" : [ 0, 5, 4 ]
    }, {
      "vertices" : [ 0, 4, 1 ]
    }, {
      "vertices" : [ 2, 4, 5 ]
    }, {
      "vertices" : [ 2, 5, 3 ]
    }, {
      "vertices" : [ 0, 6, 3 ]
    }, {
      "vertices" : [ 0, 3, 5 ]
    }, {
      "vertices" : [ 0, 1, 7 ]
    }, {
      "vertices" : [ 0, 7, 6 ]
    }, {
      "vertices" : [ 1, 4, 2 ]
    }, {
      "vertices" : [ 1, 2, 7 ]
    } ]
  }, {
    "id" : "921689b6-a7a5-4147-ac7b-904e3b313f22",
    "vertices" : [ {
      "x" : 7.0534573,
      "y" : -15.77201,
      "z" : 3.427051
    }, {
      "x" : -7.0534573,
      "y" : -15.77201,
      "z" : 3.427051
    }, {
      "x" : -18.46619,
      "y" : -11.412733,
      "z" : 8.972136
    }, {
      "x" : -7.0534573,
      "y" : -7.0534573,
      "z" : 14.5172205
    }, {
      "x" : 7.0534573,
      "y" : -7.0534573,
      "z" : 14.5172205
    } ],
    "faces" : [ {
      "vertices" : [ 0, 1, 2 ]
    }, {
      "vertices" : [ 0, 2, 3 ]
    }, {
      "vertices" : [ 0, 3, 4 ]
    }, {
      "vertices" : [ 0, 4, 3 ]
    }, {
      "vertices" : [ 0, 3, 2 ]
    }, {
      "vertices" : [ 0, 2, 1 ]
    } ]
  }, {
    "id" : "3a4f0d90-1b72-415d-b267-366f099540f2",
    "vertices" : [ {
      "x" : 0.13333334,
      "y" : -6.226756,
      "z" : -8.241627
    }, {
      "x" : -0.26666668,
      "y" : -6.326756,
      "z" : -8.341626
    }, {
      "x" : -0.13333334,
      "y" : -0.6273459,
      "z" : -0.47692576
    }, {
      "x" : 0.26666668,
      "y" : -0.52734596,
      "z" : -0.37692577
    }, {
      "x" : -0.13333334,
      "y" : -6.626756,
      "z" : -8.108294
    }, {
      "x" : 0.26666668,
      "y" : -6.526756,
      "z" : -8.008293
    }, {
      "x" : 0.13333334,
      "y" : -0.22734594,
      "z" : -0.6102591
    }, {
      "x" : -0.26666668,
      "y" : -0.32734594,
      "z" : -0.7102591
    } ],
    "faces" : [ {
      "vertices" : [ 2, 3, 6 ]
    }, {
      "vertices" : [ 2, 6, 7 ]
    }, {
      "vertices" : [ 0, 5, 4 ]
    }, {
      "vertices" : [ 0, 4, 1 ]
    }, {
      "vertices" : [ 2, 4, 5 ]
    }, {
      "vertices" : [ 2, 5, 3 ]
    }, {
      "vertices" : [ 0, 6, 3 ]
    }, {
      "vertices" : [ 0, 3, 5 ]
    }, {
      "vertices" : [ 0, 1, 7 ]
    }, {
      "vertices" : [ 0, 7, 6 ]
    }, {
      "vertices" : [ 1, 4, 2 ]
    }, {
      "vertices" : [ 1, 2, 7 ]
    } ]
  }, {
    "id" : "33cccb5c-a173-4e89-a151-77fbe00af0df",
    "vertices" : [ {
      "x" : 15.77201,
      "y" : 7.0534573,
      "z" : 3.427051
    }, {
      "x" : 7.0534573,
      "y" : 15.77201,
      "z" : -3.427051
    }, {
      "x" : -1.6650953,
      "y" : 15.77201,
      "z" : 7.663119
    }, {
      "x" : 7.0534573,
      "y" : 7.0534573,
      "z" : 14.5172205
    } ],
    "faces" : [ {
      "vertices" : [ 0, 1, 2 ]
    }, {
      "vertices" : [ 0, 2, 3 ]
    }, {
      "vertices" : [ 0, 3, 2 ]
    }, {
      "vertices" : [ 0, 2, 1 ]
    } ]
  }, {
    "id" : "f780544e-4ebb-4786-bfc5-f771c61a0d41",
    "vertices" : [ {
      "x" : 0.13333334,
      "y" : -8.091207,
      "z" : -10.613244
    }, {
      "x" : -0.26666668,
      "y" : -8.191206,
      "z" : -10.713244
    }, {
      "x" : -0.13333334,
      "y" : -0.6273459,
      "z" : -0.47692576
    }, {
      "x" : 0.26666668,
      "y" : -0.52734596,
      "z" : -0.37692577
    }, {
      "x" : -0.13333334,
      "y" : -8.491206,
      "z" : -10.479911
    }, {
      "x" : 0.26666668,
      "y" : -8.391207,
      "z" : -10.37991
    }, {
      "x" : 0.13333334,
      "y" : -0.22734594,
      "z" : -0.6102591
    }, {
      "x" : -0.26666668,
      "y" : -0.32734594,
      "z" : -0.7102591
    } ],
    "faces" : [ {
      "vertices" : [ 2, 3, 6 ]
    }, {
      "vertices" : [ 2, 6, 7 ]
    }, {
      "vertices" : [ 0, 5, 4 ]
    }, {
      "vertices" : [ 0, 4, 1 ]
    }, {
      "vertices" : [ 2, 4, 5 ]
    }, {
      "vertices" : [ 2, 5, 3 ]
    }, {
      "vertices" : [ 0, 6, 3 ]
    }, {
      "vertices" : [ 0, 3, 5 ]
    }, {
      "vertices" : [ 0, 1, 7 ]
    }, {
      "vertices" : [ 0, 7, 6 ]
    }, {
      "vertices" : [ 1, 4, 2 ]
    }, {
      "vertices" : [ 1, 2, 7 ]
    } ]
  }, {
    "id" : "af6c072c-ac99-4f19-9b14-b87eabe3e29a",
    "vertices" : [ {
      "x" : 13.440248,
      "y" : 0.20601133,
      "z" : 0.127322
    }, {
      "x" : 13.440248,
      "y" : 0.20601133,
      "z" : -0.127322
    }, {
      "x" : 0.6666667,
      "y" : 0.20601133,
      "z" : -0.127322
    }, {
      "x" : 0.6666667,
      "y" : 0.20601133,
      "z" : 0.127322
    }, {
      "x" : 13.440248,
      "y" : -0.20601133,
      "z" : 0.127322
    }, {
      "x" : 0.6666667,
      "y" : -0.20601133,
      "z" : 0.127322
    }, {
      "x" : 0.6666667,
      "y" : -0.20601133,
      "z" : -0.127322
    }, {
      "x" : 13.440248,
      "y" : -0.20601133,
      "z" : -0.127322
    }, {
      "x" : 14.1069145,
      "y" : 0.0,
      "z" : 0.0
    }, {
      "x" : 0.0,
      "y" : 0.0,
      "z" : 0.0
    } ],
    "faces" : [ {
      "vertices" : [ 1, 7, 6 ]
    }, {
      "vertices" : [ 1, 6, 2 ]
    }, {
      "vertices" : [ 1, 8, 7 ]
    }, {
      "vertices" : [ 3, 9, 5 ]
    }, {
      "vertices" : [ 2, 6, 9 ]
    }, {
      "vertices" : [ 4, 7, 8 ]
    }, {
      "vertices" : [ 5, 9, 6 ]
    }, {
      "vertices" : [ 0, 1, 2 ]
    }, {
      "vertices" : [ 0, 2, 3 ]
    }, {
      "vertices" : [ 4, 5, 6 ]
    }, {
      "vertices" : [ 4, 6, 7 ]
    }, {
      "vertices" : [ 0, 8, 1 ]
    }, {
      "vertices" : [ 0, 3, 5 ]
    }, {
      "vertices" : [ 0, 5, 4 ]
    }, {
      "vertices" : [ 0, 4, 8 ]
    }, {
      "vertices" : [ 2, 9, 3 ]
    } ]
  }, {
    "id" : "14752215-d678-482f-90cb-a2ef0dbcb383",
    "vertices" : [ {
      "x" : 15.77201,
      "y" : -1.6650953,
      "z" : -7.663119
    }, {
      "x" : 15.77201,
      "y" : 7.0534573,
      "z" : 3.427051
    }, {
      "x" : 11.412733,
      "y" : 18.46619,
      "z" : 8.972136
    }, {
      "x" : 7.0534573,
      "y" : 15.77201,
      "z" : -3.427051
    }, {
      "x" : 7.0534573,
      "y" : 7.0534573,
      "z" : -14.5172205
    } ],
    "faces" : [ {
      "vertices" : [ 0, 1, 2 ]
    }, {
      "vertices" : [ 0, 2, 3 ]
    }, {
      "vertices" : [ 0, 3, 4 ]
    }, {
      "vertices" : [ 0, 4, 3 ]
    }, {
      "vertices" : [ 0, 3, 2 ]
    }, {
      "vertices" : [ 0, 2, 1 ]
    } ]
  }, {
    "id" : "598dbd3a-3aa1-4c56-9d60-f8ae8bf1a103",
    "vertices" : [ {
      "x" : 13.619682,
      "y" : -5.3101244,
      "z" : -6.38498
    }, {
      "x" : 13.719682,
      "y" : -4.910125,
      "z" : -6.48498
    }, {
      "x" : 0.48723206,
      "y" : -0.07823715,
      "z" : -0.4691218
    }, {
      "x" : 0.38723207,
      "y" : -0.47823715,
      "z" : -0.36912182
    }, {
      "x" : 13.486349,
      "y" : -5.043458,
      "z" : -6.7849803
    }, {
      "x" : 13.386349,
      "y" : -5.443458,
      "z" : -6.68498
    }, {
      "x" : 0.6205654,
      "y" : -0.34490383,
      "z" : -0.069121815
    }, {
      "x" : 0.7205654,
      "y" : 0.055096183,
      "z" : -0.16912182
    } ],
    "faces" : [ {
      "vertices" : [ 2, 3, 6 ]
    }, {
      "vertices" : [ 2, 6, 7 ]
    }, {
      "vertices" : [ 0, 5, 4 ]
    }, {
      "vertices" : [ 0, 4, 1 ]
    }, {
      "vertices" : [ 2, 4, 5 ]
    }, {
      "vertices" : [ 2, 5, 3 ]
    }, {
      "vertices" : [ 0, 6, 3 ]
    }, {
      "vertices" : [ 0, 3, 5 ]
    }, {
      "vertices" : [ 0, 1, 7 ]
    }, {
      "vertices" : [ 0, 7, 6 ]
    }, {
      "vertices" : [ 1, 4, 2 ]
    }, {
      "vertices" : [ 1, 2, 7 ]
    } ]
  }, {
    "id" : "13ed3ec1-eaaf-47ad-8417-867f079bdfbc",
    "vertices" : [ {
      "x" : 6.617118,
      "y" : 4.153265,
      "z" : 0.16666667
    }, {
      "x" : 7.489796,
      "y" : 4.5652876,
      "z" : 0.16666667
    }, {
      "x" : 7.3867903,
      "y" : 4.731954,
      "z" : 0.10300566
    }, {
      "x" : 0.436339,
      "y" : 0.33333334,
      "z" : -0.16666667
    }, {
      "x" : 0.37267798,
      "y" : 0.436339,
      "z" : 0.0
    }, {
      "x" : 6.5534573,
      "y" : 4.2562704,
      "z" : 0.0
    }, {
      "x" : 6.617118,
      "y" : 4.153265,
      "z" : -0.16666667
    }, {
      "x" : 13.670575,
      "y" : 8.385219,
      "z" : 0.16666667
    }, {
      "x" : 6.720124,
      "y" : 3.9865983,
      "z" : 0.10300566
    }, {
      "x" : 6.720124,
      "y" : 3.9865983,
      "z" : -0.10300566
    }, {
      "x" : 7.5534573,
      "y" : 4.4622817,
      "z" : 0.0
    }, {
      "x" : 7.489796,
      "y" : 4.5652876,
      "z" : -0.16666667
    }, {
      "x" : 13.734236,
      "y" : 8.282213,
      "z" : 0.0
    }, {
      "x" : 0.53934467,
      "y" : 0.16666667,
      "z" : 0.10300566
    }, {
      "x" : 0.53934467,
      "y" : 0.16666667,
      "z" : -0.10300566
    }, {
      "x" : 0.436339,
      "y" : 0.33333334,
      "z" : 0.16666667
    }, {
      "x" : 13.56757,
      "y" : 8.551886,
      "z" : 0.10300566
    }, {
      "x" : 13.670575,
      "y" : 8.385219,
      "z" : -0.16666667
    }, {
      "x" : 13.56757,
      "y" : 8.551886,
      "z" : -0.10300566
    }, {
      "x" : 14.1069145,
      "y" : 8.718553,
      "z" : 0.0
    }, {
      "x" : 7.3867903,
      "y" : 4.731954,
      "z" : -0.10300566
    }, {
      "x" : 0.0,
      "y" : 0.0,
      "z" : 0.0
    } ],
    "faces" : [ {
      "vertices" : [ 11, 20, 18 ]
    }, {
      "vertices" : [ 11, 18, 17 ]
    }, {
      "vertices" : [ 0, 1, 2 ]
    }, {
      "vertices" : [ 0, 2, 5 ]
    }, {
      "vertices" : [ 0, 8, 1 ]
    }, {
      "vertices" : [ 3, 4, 5 ]
    }, {
      "vertices" : [ 3, 5, 6 ]
    }, {
      "vertices" : [ 1, 8, 10 ]
    }, {
      "vertices" : [ 0, 5, 4 ]
    }, {
      "vertices" : [ 0, 4, 15 ]
    }, {
      "vertices" : [ 1, 7, 16 ]
    }, {
      "vertices" : [ 1, 16, 2 ]
    }, {
      "vertices" : [ 6, 11, 9 ]
    }, {
      "vertices" : [ 8, 9, 10 ]
    }, {
      "vertices" : [ 2, 20, 5 ]
    }, {
      "vertices" : [ 3, 21, 4 ]
    }, {
      "vertices" : [ 9, 11, 10 ]
    }, {
      "vertices" : [ 1, 10, 12 ]
    }, {
      "vertices" : [ 1, 12, 7 ]
    }, {
      "vertices" : [ 5, 20, 6 ]
    }, {
      "vertices" : [ 3, 6, 9 ]
    }, {
      "vertices" : [ 3, 9, 14 ]
    }, {
      "vertices" : [ 0, 15, 13 ]
    }, {
      "vertices" : [ 0, 13, 8 ]
    }, {
      "vertices" : [ 6, 20, 11 ]
    }, {
      "vertices" : [ 7, 12, 19 ]
    }, {
      "vertices" : [ 3, 14, 21 ]
    }, {
      "vertices" : [ 4, 21, 15 ]
    }, {
      "vertices" : [ 7, 19, 16 ]
    }, {
      "vertices" : [ 8, 13, 14 ]
    }, {
      "vertices" : [ 8, 14, 9 ]
    }, {
      "vertices" : [ 12, 17, 19 ]
    }, {
      "vertices" : [ 13, 21, 14 ]
    }, {
      "vertices" : [ 13, 15, 21 ]
    }, {
      "vertices" : [ 10, 11, 17 ]
    }, {
      "vertices" : [ 10, 17, 12 ]
    }, {
      "vertices" : [ 16, 19, 18 ]
    }, {
      "vertices" : [ 17, 18, 19 ]
    }, {
      "vertices" : [ 2, 16, 18 ]
    }, {
      "vertices" : [ 2, 18, 20 ]
    } ]
  }, {
    "id" : "670c91a2-e3ef-4f9c-a196-659c2f5b1f22",
    "vertices" : [ {
      "x" : -7.0534573,
      "y" : 7.0534573,
      "z" : -14.5172205
    }, {
      "x" : 7.0534573,
      "y" : 7.0534573,
      "z" : -14.5172205
    }, {
      "x" : 18.46619,
      "y" : 11.412733,
      "z" : -8.972136
    }, {
      "x" : 7.0534573,
      "y" : 15.77201,
      "z" : -3.427051
    }, {
      "x" : -7.0534573,
      "y" : 15.77201,
      "z" : -3.427051
    } ],
    "faces" : [ {
      "vertices" : [ 0, 1, 2 ]
    }, {
      "vertices" : [ 0, 2, 3 ]
    }, {
      "vertices" : [ 0, 3, 4 ]
    }, {
      "vertices" : [ 0, 4, 3 ]
    }, {
      "vertices" : [ 0, 3, 2 ]
    }, {
      "vertices" : [ 0, 2, 1 ]
    } ]
  }, {
    "id" : "8cb1f913-642c-48ea-9b70-6f2bee42c0f5",
    "vertices" : [ {
      "x" : 12.278278,
      "y" : 1.8022436,
      "z" : -3.2475672
    }, {
      "x" : 12.178278,
      "y" : 2.2022436,
      "z" : -3.147567
    }, {
      "x" : 0.48154536,
      "y" : 0.3773945,
      "z" : -0.2791614
    }, {
      "x" : 0.58154535,
      "y" : -0.0226055,
      "z" : -0.3791614
    }, {
      "x" : 11.944945,
      "y" : 2.335577,
      "z" : -3.4475672
    }, {
      "x" : 12.044945,
      "y" : 1.9355769,
      "z" : -3.5475671
    }, {
      "x" : 0.8148787,
      "y" : -0.15593883,
      "z" : -0.0791614
    }, {
      "x" : 0.7148787,
      "y" : 0.24406117,
      "z" : 0.020838602
    } ],
    "faces" : [ {
      "vertices" : [ 2, 3, 6 ]
    }, {
      "vertices" : [ 2, 6, 7 ]
    }, {
      "vertices" : [ 0, 5, 4 ]
    }, {
      "vertices" : [ 0, 4, 1 ]
    }, {
      "vertices" : [ 2, 4, 5 ]
    }, {
      "vertices" : [ 2, 5, 3 ]
    }, {
      "vertices" : [ 0, 6, 3 ]
    }, {
      "vertices" : [ 0, 3, 5 ]
    }, {
      "vertices" : [ 0, 1, 7 ]
    }, {
      "vertices" : [ 0, 7, 6 ]
    }, {
      "vertices" : [ 1, 4, 2 ]
    }, {
      "vertices" : [ 1, 2, 7 ]
    } ]
  }, {
    "id" : "f2420252-a6fb-4618-8b42-abdae93d5125",
    "vertices" : [ {
      "x" : 8.051886,
      "y" : 0.20601133,
      "z" : 0.127322
    }, {
      "x" : 8.051886,
      "y" : 0.20601133,
      "z" : -0.127322
    }, {
      "x" : 0.6666667,
      "y" : 0.20601133,
      "z" : -0.127322
    }, {
      "x" : 0.6666667,
      "y" : 0.20601133,
      "z" : 0.127322
    }, {
      "x" : 8.051886,
      "y" : -0.20601133,
      "z" : 0.127322
    }, {
      "x" : 0.6666667,
      "y" : -0.20601133,
      "z" : 0.127322
    }, {
      "x" : 0.6666667,
      "y" : -0.20601133,
      "z" : -0.127322
    }, {
      "x" : 8.051886,
      "y" : -0.20601133,
      "z" : -0.127322
    }, {
      "x" : 8.718553,
      "y" : 0.0,
      "z" : 0.0
    }, {
      "x" : 0.0,
      "y" : 0.0,
      "z" : 0.0
    } ],
    "faces" : [ {
      "vertices" : [ 1, 7, 6 ]
    }, {
      "vertices" : [ 1, 6, 2 ]
    }, {
      "vertices" : [ 1, 8, 7 ]
    }, {
      "vertices" : [ 3, 9, 5 ]
    }, {
      "vertices" : [ 2, 6, 9 ]
    }, {
      "vertices" : [ 4, 7, 8 ]
    }, {
      "vertices" : [ 5, 9, 6 ]
    }, {
      "vertices" : [ 0, 1, 2 ]
    }, {
      "vertices" : [ 0, 2, 3 ]
    }, {
      "vertices" : [ 4, 5, 6 ]
    }, {
      "vertices" : [ 4, 6, 7 ]
    }, {
      "vertices" : [ 0, 8, 1 ]
    }, {
      "vertices" : [ 0, 3, 5 ]
    }, {
      "vertices" : [ 0, 5, 4 ]
    }, {
      "vertices" : [ 0, 4, 8 ]
    }, {
      "vertices" : [ 2, 9, 3 ]
    } ]
  }, {
    "id" : "4dfffea6-adad-472a-85d3-cdc1efedb770",
    "vertices" : [ {
      "x" : -0.6545085,
      "y" : -0.20225425,
      "z" : -0.125
    }, {
      "x" : -0.6545085,
      "y" : -0.20225425,
      "z" : 0.125
    }, {
      "x" : -0.6545085,
      "y" : 0.20225425,
      "z" : -0.125
    }, {
      "x" : -0.6545085,
      "y" : 0.20225425,
      "z" : 0.125
    }, {
      "x" : -0.5295085,
      "y" : -0.4045085,
      "z" : -0.20225425
    }, {
      "x" : -0.5295085,
      "y" : -0.4045085,
      "z" : 0.20225425
    }, {
      "x" : -0.5295085,
      "y" : 0.0,
      "z" : -0.45225424
    }, {
      "x" : -0.5295085,
      "y" : 0.0,
      "z" : 0.45225424
    }, {
      "x" : -0.5295085,
      "y" : 0.4045085,
      "z" : -0.20225425
    }, {
      "x" : -0.5295085,
      "y" : 0.4045085,
      "z" : 0.20225425
    }, {
      "x" : -0.45225424,
      "y" : -0.5295085,
      "z" : 0.0
    }, {
      "x" : -0.45225424,
      "y" : 0.5295085,
      "z" : 0.0
    }, {
      "x" : -0.4045085,
      "y" : -0.20225425,
      "z" : -0.5295085
    }, {
      "x" : -0.4045085,
      "y" : -0.20225425,
      "z" : 0.5295085
    }, {
      "x" : -0.4045085,
      "y" : 0.20225425,
      "z" : -0.5295085
    }, {
      "x" : -0.4045085,
      "y" : 0.20225425,
      "z" : 0.5295085
    }, {
      "x" : -0.20225425,
      "y" : -0.5295085,
      "z" : -0.4045085
    }, {
      "x" : -0.20225425,
      "y" : -0.5295085,
      "z" : 0.4045085
    }, {
      "x" : -0.20225425,
      "y" : -0.125,
      "z" : -0.6545085
    }, {
      "x" : -0.20225425,
      "y" : -0.125,
      "z" : 0.6545085
    }, {
      "x" : -0.20225425,
      "y" : 0.125,
      "z" : -0.6545085
    }, {
      "x" : -0.20225425,
      "y" : 0.125,
      "z" : 0.6545085
    }, {
      "x" : -0.20225425,
      "y" : 0.5295085,
      "z" : -0.4045085
    }, {
      "x" : -0.20225425,
      "y" : 0.5295085,
      "z" : 0.4045085
    }, {
      "x" : -0.125,
      "y" : -0.6545085,
      "z" : -0.20225425
    }, {
      "x" : -0.125,
      "y" : -0.6545085,
      "z" : 0.20225425
    }, {
      "x" : -0.125,
      "y" : 0.6545085,
      "z" : -0.20225425
    }, {
      "x" : -0.125,
      "y" : 0.6545085,
      "z" : 0.20225425
    }, {
      "x" : 0.0,
      "y" : -0.45225424,
      "z" : -0.5295085
    }, {
      "x" : 0.0,
      "y" : -0.45225424,
      "z" : 0.5295085
    }, {
      "x" : 0.0,
      "y" : 0.45225424,
      "z" : -0.5295085
    }, {
      "x" : 0.0,
      "y" : 0.45225424,
      "z" : 0.5295085
    }, {
      "x" : 0.125,
      "y" : -0.6545085,
      "z" : -0.20225425
    }, {
      "x" : 0.125,
      "y" : -0.6545085,
      "z" : 0.20225425
    }, {
      "x" : 0.125,
      "y" : 0.6545085,
      "z" : -0.20225425
    }, {
      "x" : 0.125,
      "y" : 0.6545085,
      "z" : 0.20225425
    }, {
      "x" : 0.20225425,
      "y" : -0.5295085,
      "z" : -0.4045085
    }, {
      "x" : 0.20225425,
      "y" : -0.5295085,
      "z" : 0.4045085
    }, {
      "x" : 0.20225425,
      "y" : -0.125,
      "z" : -0.6545085
    }, {
      "x" : 0.20225425,
      "y" : -0.125,
      "z" : 0.6545085
    }, {
      "x" : 0.20225425,
      "y" : 0.125,
      "z" : -0.6545085
    }, {
      "x" : 0.20225425,
      "y" : 0.125,
      "z" : 0.6545085
    }, {
      "x" : 0.20225425,
      "y" : 0.5295085,
      "z" : -0.4045085
    }, {
      "x" : 0.20225425,
      "y" : 0.5295085,
      "z" : 0.4045085
    }, {
      "x" : 0.4045085,
      "y" : -0.20225425,
      "z" : -0.5295085
    }, {
      "x" : 0.4045085,
      "y" : -0.20225425,
      "z" : 0.5295085
    }, {
      "x" : 0.4045085,
      "y" : 0.20225425,
      "z" : -0.5295085
    }, {
      "x" : 0.4045085,
      "y" : 0.20225425,
      "z" : 0.5295085
    }, {
      "x" : 0.45225424,
      "y" : -0.5295085,
      "z" : 0.0
    }, {
      "x" : 0.45225424,
      "y" : 0.5295085,
      "z" : 0.0
    }, {
      "x" : 0.5295085,
      "y" : -0.4045085,
      "z" : -0.20225425
    }, {
      "x" : 0.5295085,
      "y" : -0.4045085,
      "z" : 0.20225425
    }, {
      "x" : 0.5295085,
      "y" : 0.0,
      "z" : -0.45225424
    }, {
      "x" : 0.5295085,
      "y" : 0.0,
      "z" : 0.45225424
    }, {
      "x" : 0.5295085,
      "y" : 0.4045085,
      "z" : -0.20225425
    }, {
      "x" : 0.5295085,
      "y" : 0.4045085,
      "z" : 0.20225425
    }, {
      "x" : 0.6545085,
      "y" : -0.20225425,
      "z" : -0.125
    }, {
      "x" : 0.6545085,
      "y" : -0.20225425,
      "z" : 0.125
    }, {
      "x" : 0.6545085,
      "y" : 0.20225425,
      "z" : -0.125
    }, {
      "x" : 0.6545085,
      "y" : 0.20225425,
      "z" : 0.125
    } ],
    "faces" : [ {
      "vertices" : [ 36, 44, 50 ]
    }, {
      "vertices" : [ 37, 51, 45 ]
    }, {
      "vertices" : [ 0, 1, 3 ]
    }, {
      "vertices" : [ 0, 3, 2 ]
    }, {
      "vertices" : [ 48, 50, 56 ]
    }, {
      "vertices" : [ 48, 56, 57 ]
    }, {
      "vertices" : [ 48, 57, 51 ]
    }, {
      "vertices" : [ 0, 2, 6 ]
    }, {
      "vertices" : [ 16, 28, 36 ]
    }, {
      "vertices" : [ 16, 36, 32 ]
    }, {
      "vertices" : [ 16, 32, 24 ]
    }, {
      "vertices" : [ 1, 7, 3 ]
    }, {
      "vertices" : [ 17, 25, 33 ]
    }, {
      "vertices" : [ 17, 33, 37 ]
    }, {
      "vertices" : [ 17, 37, 29 ]
    }, {
      "vertices" : [ 42, 54, 46 ]
    }, {
      "vertices" : [ 43, 47, 55 ]
    }, {
      "vertices" : [ 28, 38, 44 ]
    }, {
      "vertices" : [ 28, 44, 36 ]
    }, {
      "vertices" : [ 49, 55, 59 ]
    }, {
      "vertices" : [ 49, 59, 58 ]
    }, {
      "vertices" : [ 49, 58, 54 ]
    }, {
      "vertices" : [ 0, 4, 10 ]
    }, {
      "vertices" : [ 0, 10, 5 ]
    }, {
      "vertices" : [ 0, 5, 1 ]
    }, {
      "vertices" : [ 0, 6, 12 ]
    }, {
      "vertices" : [ 0, 12, 4 ]
    }, {
      "vertices" : [ 29, 37, 45 ]
    }, {
      "vertices" : [ 29, 45, 39 ]
    }, {
      "vertices" : [ 1, 5, 13 ]
    }, {
      "vertices" : [ 1, 13, 7 ]
    }, {
      "vertices" : [ 22, 26, 34 ]
    }, {
      "vertices" : [ 22, 34, 42 ]
    }, {
      "vertices" : [ 22, 42, 30 ]
    }, {
      "vertices" : [ 2, 8, 14 ]
    }, {
      "vertices" : [ 2, 14, 6 ]
    }, {
      "vertices" : [ 30, 42, 46 ]
    }, {
      "vertices" : [ 30, 46, 40 ]
    }, {
      "vertices" : [ 23, 31, 43 ]
    }, {
      "vertices" : [ 23, 43, 35 ]
    }, {
      "vertices" : [ 23, 35, 27 ]
    }, {
      "vertices" : [ 4, 12, 16 ]
    }, {
      "vertices" : [ 2, 3, 9 ]
    }, {
      "vertices" : [ 2, 9, 11 ]
    }, {
      "vertices" : [ 2, 11, 8 ]
    }, {
      "vertices" : [ 3, 7, 15 ]
    }, {
      "vertices" : [ 3, 15, 9 ]
    }, {
      "vertices" : [ 31, 41, 47 ]
    }, {
      "vertices" : [ 31, 47, 43 ]
    }, {
      "vertices" : [ 5, 17, 13 ]
    }, {
      "vertices" : [ 52, 58, 56 ]
    }, {
      "vertices" : [ 32, 36, 50 ]
    }, {
      "vertices" : [ 32, 50, 48 ]
    }, {
      "vertices" : [ 53, 57, 59 ]
    }, {
      "vertices" : [ 33, 48, 51 ]
    }, {
      "vertices" : [ 33, 51, 37 ]
    }, {
      "vertices" : [ 8, 22, 14 ]
    }, {
      "vertices" : [ 9, 15, 23 ]
    }, {
      "vertices" : [ 34, 49, 54 ]
    }, {
      "vertices" : [ 34, 54, 42 ]
    }, {
      "vertices" : [ 4, 16, 24 ]
    }, {
      "vertices" : [ 4, 24, 10 ]
    }, {
      "vertices" : [ 35, 43, 55 ]
    }, {
      "vertices" : [ 35, 55, 49 ]
    }, {
      "vertices" : [ 5, 10, 25 ]
    }, {
      "vertices" : [ 5, 25, 17 ]
    }, {
      "vertices" : [ 10, 24, 25 ]
    }, {
      "vertices" : [ 11, 27, 26 ]
    }, {
      "vertices" : [ 8, 11, 26 ]
    }, {
      "vertices" : [ 8, 26, 22 ]
    }, {
      "vertices" : [ 9, 23, 27 ]
    }, {
      "vertices" : [ 9, 27, 11 ]
    }, {
      "vertices" : [ 6, 14, 20 ]
    }, {
      "vertices" : [ 6, 20, 18 ]
    }, {
      "vertices" : [ 6, 18, 12 ]
    }, {
      "vertices" : [ 12, 18, 28 ]
    }, {
      "vertices" : [ 12, 28, 16 ]
    }, {
      "vertices" : [ 44, 52, 56 ]
    }, {
      "vertices" : [ 44, 56, 50 ]
    }, {
      "vertices" : [ 7, 13, 19 ]
    }, {
      "vertices" : [ 7, 19, 21 ]
    }, {
      "vertices" : [ 7, 21, 15 ]
    }, {
      "vertices" : [ 13, 17, 29 ]
    }, {
      "vertices" : [ 13, 29, 19 ]
    }, {
      "vertices" : [ 45, 51, 57 ]
    }, {
      "vertices" : [ 45, 57, 53 ]
    }, {
      "vertices" : [ 46, 54, 58 ]
    }, {
      "vertices" : [ 46, 58, 52 ]
    }, {
      "vertices" : [ 18, 38, 28 ]
    }, {
      "vertices" : [ 14, 22, 30 ]
    }, {
      "vertices" : [ 14, 30, 20 ]
    }, {
      "vertices" : [ 47, 53, 59 ]
    }, {
      "vertices" : [ 47, 59, 55 ]
    }, {
      "vertices" : [ 19, 29, 39 ]
    }, {
      "vertices" : [ 20, 30, 40 ]
    }, {
      "vertices" : [ 15, 21, 31 ]
    }, {
      "vertices" : [ 15, 31, 23 ]
    }, {
      "vertices" : [ 38, 40, 46 ]
    }, {
      "vertices" : [ 38, 46, 52 ]
    }, {
      "vertices" : [ 38, 52, 44 ]
    }, {
      "vertices" : [ 21, 41, 31 ]
    }, {
      "vertices" : [ 39, 45, 53 ]
    }, {
      "vertices" : [ 39, 53, 47 ]
    }, {
      "vertices" : [ 39, 47, 41 ]
    }, {
      "vertices" : [ 56, 58, 59 ]
    }, {
      "vertices" : [ 56, 59, 57 ]
    }, {
      "vertices" : [ 32, 48, 33 ]
    }, {
      "vertices" : [ 24, 32, 33 ]
    }, {
      "vertices" : [ 24, 33, 25 ]
    }, {
      "vertices" : [ 18, 20, 40 ]
    }, {
      "vertices" : [ 18, 40, 38 ]
    }, {
      "vertices" : [ 34, 35, 49 ]
    }, {
      "vertices" : [ 19, 39, 41 ]
    }, {
      "vertices" : [ 19, 41, 21 ]
    }, {
      "vertices" : [ 26, 27, 35 ]
    }, {
      "vertices" : [ 26, 35, 34 ]
    } ]
  }, {
    "id" : "d9578856-23b2-4943-850e-faa40296eb49",
    "vertices" : [ {
      "x" : -7.0534573,
      "y" : -7.0534573,
      "z" : -14.5172205
    }, {
      "x" : 7.0534573,
      "y" : -7.0534573,
      "z" : -14.5172205
    }, {
      "x" : 0.0,
      "y" : 0.0,
      "z" : -23.489357
    } ],
    "faces" : [ {
      "vertices" : [ 0, 1, 2 ]
    }, {
      "vertices" : [ 0, 2, 1 ]
    } ]
  }, {
    "id" : "33db0605-325c-4c88-a33a-a2cae04200ee",
    "vertices" : [ {
      "x" : -7.0534573,
      "y" : -7.0534573,
      "z" : 14.5172205
    }, {
      "x" : -7.0534573,
      "y" : 7.0534573,
      "z" : 14.5172205
    }, {
      "x" : 0.0,
      "y" : 0.0,
      "z" : 23.489357
    } ],
    "faces" : [ {
      "vertices" : [ 0, 1, 2 ]
    }, {
      "vertices" : [ 0, 2, 1 ]
    } ]
  }, {
    "id" : "7848c3db-0496-4174-be90-31d13a92e201",
    "vertices" : [ {
      "x" : 2.2935789,
      "y" : 4.0425644,
      "z" : -11.949455
    }, {
      "x" : 2.6935787,
      "y" : 3.9425642,
      "z" : -11.849455
    }, {
      "x" : 0.400602,
      "y" : 0.31671196,
      "z" : -0.449732
    }, {
      "x" : 6.020234E-4,
      "y" : 0.41671196,
      "z" : -0.549732
    }, {
      "x" : 2.8269122,
      "y" : 4.242564,
      "z" : -11.616121
    }, {
      "x" : 2.426912,
      "y" : 4.342564,
      "z" : -11.716122
    }, {
      "x" : -0.1327313,
      "y" : 0.11671196,
      "z" : -0.7830653
    }, {
      "x" : 0.2672687,
      "y" : 0.01671196,
      "z" : -0.68306535
    } ],
    "faces" : [ {
      "vertices" : [ 2, 3, 6 ]
    }, {
      "vertices" : [ 2, 6, 7 ]
    }, {
      "vertices" : [ 0, 5, 4 ]
    }, {
      "vertices" : [ 0, 4, 1 ]
    }, {
      "vertices" : [ 2, 4, 5 ]
    }, {
      "vertices" : [ 2, 5, 3 ]
    }, {
      "vertices" : [ 0, 6, 3 ]
    }, {
      "vertices" : [ 0, 3, 5 ]
    }, {
      "vertices" : [ 0, 1, 7 ]
    }, {
      "vertices" : [ 0, 7, 6 ]
    }, {
      "vertices" : [ 1, 4, 2 ]
    }, {
