{
  "field" : "golden",
  "symmetry" : "icosahedral",
  "orientations" : [ [ 1.0, 0.0, 0.0, 0.0, 0.0, 1.0, 0.0, 0.0, 0.0, 0.0, 1.0, 0.0, 0.0, 0.0, 0.0, 1.0 ], [ 0.0, 0.0, 1.0, 0.0, 1.0, 0.0, 0.0, 0.0, 0.0, 1.0, 0.0, 0.0, 0.0, 0.0, 0.0, 1.0 ], [ 0.0, 1.0, 0.0, 0.0, 0.0, 0.0, 1.0, 0.0, 1.0, 0.0, 0.0, 0.0, 0.0, 0.0, 0.0, 1.0 ], [ 0.809017, 0.309017, 0.5, 0.0, 0.309017, 0.5, -0.809017, 0.0, -0.5, 0.809017, 0.309017, 0.0, 0.0, 0.0, 0.0, 1.0 ], [ -0.5, 0.809017, 0.309017, 0.0, 0.809017, 0.309017, 0.5, 0.0, 0.309017, 0.5, -0.809017, 0.0, 0.0, 0.0, 0.0, 1.0 ], [ 0.309017, 0.5, -0.809017, 0.0, -0.5, 0.809017, 0.309017, 0.0, 0.809017, 0.309017, 0.5, 0.0, 0.0, 0.0, 0.0, 1.0 ], [ 0.5, 0.809017, 0.309017, 0.0, 0.809017, -0.309017, -0.5, 0.0, -0.309017, 0.5, -0.809017, 0.0, 0.0, 0.0, 0.0, 1.0 ], [ -0.309017, 0.5, -0.809017, 0.0, 0.5, 0.809017, 0.309017, 0.0, 0.809017, -0.309017, -0.5, 0.0, 0.0, 0.0, 0.0, 1.0 ], [ 0.809017, -0.309017, -0.5, 0.0, -0.309017, 0.5, -0.809017, 0.0, 0.5, 0.809017, 0.309017, 0.0, 0.0, 0.0, 0.0, 1.0 ], [ 0.5, 0.809017, -0.309017, 0.0, 0.809017, -0.309017, 0.5, 0.0, 0.309017, -0.5, -0.809017, 0.0, 0.0, 0.0, 0.0, 1.0 ], [ 0.309017, -0.5, -0.809017, 0.0, 0.5, 0.809017, -0.309017, 0.0, 0.809017, -0.309017, 0.5, 0.0, 0.0, 0.0, 0.0, 1.0 ], [ 0.809017, -0.309017, 0.5, 0.0, 0.309017, -0.5, -0.809017, 0.0, 0.5, 0.809017, -0.309017, 0.0, 0.0, 0.0, 0.0, 1.0 ], [ 0.809017, 0.309017, -0.5, 0.0, 0.309017, 0.5, 0.809017, 0.0, 0.5, -0.809017, 0.309017, 0.0, 0.0, 0.0, 0.0, 1.0 ], [ 0.5, -0.809017, 0.309017, 0.0, 0.809017, 0.309017, -0.5, 0.0, 0.309017, 0.5, 0.809017, 0.0, 0.0, 0.0, 0.0, 1.0 ], [ 0.309017, 0.5, 0.809017, 0.0, 0.5, -0.809017, 0.309017, 0.0, 0.809017, 0.309017, -0.5, 0.0, 0.0, 0.0, 0.0, 1.0 ], [ 1.0, 0.0, 0.0, 0.0, 0.0, -1.0, 0.0, 0.0, 0.0, 0.0, -1.0, 0.0, 0.0, 0.0, 0.0, 1.0 ], [ 0.0, 0.0, 1.0, 0.0, -1.0, 0.0, 0.0, 0.0, 0.0, -1.0, 0.0, 0.0, 0.0, 0.0, 0.0, 1.0 ], [ 0.0, 1.0, 0.0, 0.0, 0.0, 0.0, -1.0, 0.0, -1.0, 0.0, 0.0, 0.0, 0.0, 0.0, 0.0, 1.0 ], [ 0.809017, 0.309017, 0.5, 0.0, -0.309017, -0.5, 0.809017, 0.0, 0.5, -0.809017, -0.309017, 0.0, 0.0, 0.0, 0.0, 1.0 ], [ -0.5, 0.809017, 0.309017, 0.0, -0.809017, -0.309017, -0.5, 0.0, -0.309017, -0.5, 0.809017, 0.0, 0.0, 0.0, 0.0, 1.0 ], [ 0.309017, 0.5, -0.809017, 0.0, 0.5, -0.809017, -0.309017, 0.0, -0.809017, -0.309017, -0.5, 0.0, 0.0, 0.0, 0.0, 1.0 ], [ 0.5, 0.809017, 0.309017, 0.0, -0.809017, 0.309017, 0.5, 0.0, 0.309017, -0.5, 0.809017, 0.0, 0.0, 0.0, 0.0, 1.0 ], [ -0.309017, 0.5, -0.809017, 0.0, -0.5, -0.809017, -0.309017, 0.0, -0.809017, 0.309017, 0.5, 0.0, 0.0, 0.0, 0.0, 1.0 ], [ 0.809017, -0.309017, -0.5, 0.0, 0.309017, -0.5, 0.809017, 0.0, -0.5, -0.809017, -0.309017, 0.0, 0.0, 0.0, 0.0, 1.0 ], [ 0.5, 0.809017, -0.309017, 0.0, -0.809017, 0.309017, -0.5, 0.0, -0.309017, 0.5, 0.809017, 0.0, 0.0, 0.0, 0.0, 1.0 ], [ 0.309017, -0.5, -0.809017, 0.0, -0.5, -0.809017, 0.309017, 0.0, -0.809017, 0.309017, -0.5, 0.0, 0.0, 0.0, 0.0, 1.0 ], [ 0.809017, -0.309017, 0.5, 0.0, -0.309017, 0.5, 0.809017, 0.0, -0.5, -0.809017, 0.309017, 0.0, 0.0, 0.0, 0.0, 1.0 ], [ 0.809017, 0.309017, -0.5, 0.0, -0.309017, -0.5, -0.809017, 0.0, -0.5, 0.809017, -0.309017, 0.0, 0.0, 0.0, 0.0, 1.0 ], [ 0.5, -0.809017, 0.309017, 0.0, -0.809017, -0.309017, 0.5, 0.0, -0.309017, -0.5, -0.809017, 0.0, 0.0, 0.0, 0.0, 1.0 ], [ 0.309017, 0.5, 0.809017, 0.0, -0.5, 0.809017, -0.309017, 0.0, -0.809017, -0.309017, 0.5, 0.0, 0.0, 0.0, 0.0, 1.0 ], [ -1.0, 0.0, 0.0, 0.0, 0.0, -1.0, 0.0, 0.0, 0.0, 0.0, 1.0, 0.0, 0.0, 0.0, 0.0, 1.0 ], [ 0.0, 0.0, -1.0, 0.0, -1.0, 0.0, 0.0, 0.0, 0.0, 1.0, 0.0, 0.0, 0.0, 0.0, 0.0, 1.0 ], [ 0.0, -1.0, 0.0, 0.0, 0.0, 0.0, -1.0, 0.0, 1.0, 0.0, 0.0, 0.0, 0.0, 0.0, 0.0, 1.0 ], [ -0.809017, -0.309017, -0.5, 0.0, -0.309017, -0.5, 0.809017, 0.0, -0.5, 0.809017, 0.309017, 0.0, 0.0, 0.0, 0.0, 1.0 ], [ 0.5, -0.809017, -0.309017, 0.0, -0.809017, -0.309017, -0.5, 0.0, 0.309017, 0.5, -0.809017, 0.0, 0.0, 0.0, 0.0, 1.0 ], [ -0.309017, -0.5, 0.809017, 0.0, 0.5, -0.809017, -0.309017, 0.0, 0.809017, 0.309017, 0.5, 0.0, 0.0, 0.0, 0.0, 1.0 ], [ -0.5, -0.809017, -0.309017, 0.0, -0.809017, 0.309017, 0.5, 0.0, -0.309017, 0.5, -0.809017, 0.0, 0.0, 0.0, 0.0, 1.0 ], [ 0.309017, -0.5, 0.809017, 0.0, -0.5, -0.809017, -0.309017, 0.0, 0.809017, -0.309017, -0.5, 0.0, 0.0, 0.0, 0.0, 1.0 ], [ -0.809017, 0.309017, 0.5, 0.0, 0.309017, -0.5, 0.809017, 0.0, 0.5, 0.809017, 0.309017, 0.0, 0.0, 0.0, 0.0, 1.0 ], [ -0.5, -0.809017, 0.309017, 0.0, -0.809017, 0.309017, -0.5, 0.0, 0.309017, -0.5, -0.809017, 0.0, 0.0, 0.0, 0.0, 1.0 ], [ -0.309017, 0.5, 0.809017, 0.0, -0.5, -0.809017, 0.309017, 0.0, 0.809017, -0.309017, 0.5, 0.0, 0.0, 0.0, 0.0, 1.0 ], [ -0.809017, 0.309017, -0.5, 0.0, -0.309017, 0.5, 0.809017, 0.0, 0.5, 0.809017, -0.309017, 0.0, 0.0, 0.0, 0.0, 1.0 ], [ -0.809017, -0.309017, 0.5, 0.0, -0.309017, -0.5, -0.809017, 0.0, 0.5, -0.809017, 0.309017, 0.0, 0.0, 0.0, 0.0, 1.0 ], [ -0.5, 0.809017, -0.309017, 0.0, -0.809017, -0.309017, 0.5, 0.0, 0.309017, 0.5, 0.809017, 0.0, 0.0, 0.0, 0.0, 1.0 ], [ -0.309017, -0.5, -0.809017, 0.0, -0.5, 0.809017, -0.309017, 0.0, 0.809017, 0.309017, -0.5, 0.0, 0.0, 0.0, 0.0, 1.0 ], [ -1.0, 0.0, 0.0, 0.0, 0.0, 1.0, 0.0, 0.0, 0.0, 0.0, -1.0, 0.0, 0.0, 0.0, 0.0, 1.0 ], [ 0.0, 0.0, -1.0, 0.0, 1.0, 0.0, 0.0, 0.0, 0.0, -1.0, 0.0, 0.0, 0.0, 0.0, 0.0, 1.0 ], [ 0.0, -1.0, 0.0, 0.0, 0.0, 0.0, 1.0, 0.0, -1.0, 0.0, 0.0, 0.0, 0.0, 0.0, 0.0, 1.0 ], [ -0.809017, -0.309017, -0.5, 0.0, 0.309017, 0.5, -0.809017, 0.0, 0.5, -0.809017, -0.309017, 0.0, 0.0, 0.0, 0.0, 1.0 ], [ 0.5, -0.809017, -0.309017, 0.0, 0.809017, 0.309017, 0.5, 0.0, -0.309017, -0.5, 0.809017, 0.0, 0.0, 0.0, 0.0, 1.0 ], [ -0.309017, -0.5, 0.809017, 0.0, -0.5, 0.809017, 0.309017, 0.0, -0.809017, -0.309017, -0.5, 0.0, 0.0, 0.0, 0.0, 1.0 ], [ -0.5, -0.809017, -0.309017, 0.0, 0.809017, -0.309017, -0.5, 0.0, 0.309017, -0.5, 0.809017, 0.0, 0.0, 0.0, 0.0, 1.0 ], [ 0.309017, -0.5, 0.809017, 0.0, 0.5, 0.809017, 0.309017, 0.0, -0.809017, 0.309017, 0.5, 0.0, 0.0, 0.0, 0.0, 1.0 ], [ -0.809017, 0.309017, 0.5, 0.0, -0.309017, 0.5, -0.809017, 0.0, -0.5, -0.809017, -0.309017, 0.0, 0.0, 0.0, 0.0, 1.0 ], [ -0.5, -0.809017, 0.309017, 0.0, 0.809017, -0.309017, 0.5, 0.0, -0.309017, 0.5, 0.809017, 0.0, 0.0, 0.0, 0.0, 1.0 ], [ -0.309017, 0.5, 0.809017, 0.0, 0.5, 0.809017, -0.309017, 0.0, -0.809017, 0.309017, -0.5, 0.0, 0.0, 0.0, 0.0, 1.0 ], [ -0.809017, 0.309017, -0.5, 0.0, 0.309017, -0.5, -0.809017, 0.0, -0.5, -0.809017, 0.309017, 0.0, 0.0, 0.0, 0.0, 1.0 ], [ -0.809017, -0.309017, 0.5, 0.0, 0.309017, 0.5, 0.809017, 0.0, -0.5, 0.809017, -0.309017, 0.0, 0.0, 0.0, 0.0, 1.0 ], [ -0.5, 0.809017, -0.309017, 0.0, 0.809017, 0.309017, -0.5, 0.0, -0.309017, -0.5, -0.809017, 0.0, 0.0, 0.0, 0.0, 1.0 ], [ -0.309017, -0.5, -0.809017, 0.0, 0.5, -0.809017, 0.309017, 0.0, -0.809017, -0.309017, 0.5, 0.0, 0.0, 0.0, 0.0, 1.0 ] ],
  "lights" : {
    "ambientColor" : "#292929",
    "backgroundColor" : "#AFC8DC",
    "directionalLights" : [ {
      "direction" : {
        "x" : 1.0,
        "y" : -1.0,
        "z" : -1.0
      },
      "color" : "#EBEBE4"
    }, {
      "direction" : {
        "x" : -1.0,
        "y" : 0.0,
        "z" : 0.0
      },
      "color" : "#E4E4EB"
    }, {
      "direction" : {
        "x" : 0.0,
        "y" : 0.0,
        "z" : -1.0
      },
      "color" : "#1E1E1E"
    } ]
  },
  "camera" : {
    "viewDistance" : 1298.3889,
    "nearClipDistance" : 3.2459893,
    "farClipDistance" : 2596.7734,
    "lookAtPoint" : {
      "x" : 0.0,
      "y" : 0.0,
      "z" : 0.0
    },
    "fieldOfView" : 0.44262955,
    "perspective" : false,
    "lookDirection" : {
      "x" : 0.5257311,
      "y" : 0.0,
      "z" : -0.8506508
    },
    "upDirection" : {
      "x" : 0.809017,
      "y" : -0.309017,
      "z" : 0.5
    },
    "width" : 584.27594,
    "stereo" : false,
    "position" : {
      "x" : -682.6034,
      "y" : 0.0,
      "z" : 1104.4756
    }
  },
  "embedding" : [ 1.0, 0.0, 0.0, 0.0, 0.0, 1.0, 0.0, 0.0, 0.0, 0.0, 1.0, 0.0, 0.0, 0.0, 0.0, 1.0 ],
  "shapes" : [ {
    "id" : "b97a6dda-dd11-4622-8799-ea0fa7344ff8",
    "vertices" : [ {
      "x" : -20.562305,
      "y" : 111.9017,
      "z" : 129.84598
    }, {
      "x" : -24.798374,
      "y" : 118.7558,
      "z" : 118.7558
    }, {
      "x" : -31.652475,
      "y" : 111.9017,
      "z" : 125.6099
    } ],
    "faces" : [ {
      "vertices" : [ 0, 1, 2 ]
    }, {
      "vertices" : [ 0, 2, 1 ]
    } ]
  }, {
    "id" : "071db36e-fc90-45b0-b90a-3b9d5d7e19c2",
    "vertices" : [ {
      "x" : -62.30495,
      "y" : -134.08205,
      "z" : -76.01315
    }, {
      "x" : -55.45085,
      "y" : -140.93614,
      "z" : -82.867256
    }, {
      "x" : 51.214783,
      "y" : 138.3181,
      "z" : -82.867256
    }, {
      "x" : 44.36068,
      "y" : 145.17221,
      "z" : -76.01315
    } ],
    "faces" : [ {
      "vertices" : [ 0, 1, 2 ]
    }, {
      "vertices" : [ 0, 2, 3 ]
    }, {
      "vertices" : [ 0, 3, 2 ]
    }, {
      "vertices" : [ 0, 2, 1 ]
    } ]
  }, {
    "id" : "585d45b9-eb89-42a7-a04b-5a0dcc7cad68",
    "vertices" : [ {
      "x" : 44.36068,
      "y" : -9.472136,
      "z" : -24.798374
    }, {
      "x" : 42.742645,
      "y" : -11.09017,
      "z" : -26.416409
    }, {
      "x" : 38.506577,
      "y" : -22.18034,
      "z" : -26.416409
    }, {
      "x" : 40.12461,
      "y" : -20.562305,
      "z" : -24.798374
    } ],
    "faces" : [ {
      "vertices" : [ 0, 1, 2 ]
    }, {
      "vertices" : [ 0, 2, 3 ]
    }, {
      "vertices" : [ 0, 3, 2 ]
    }, {
      "vertices" : [ 0, 2, 1 ]
    } ]
  }, {
    "id" : "4409860d-d981-4dc6-b111-d53ba68fe384",
    "vertices" : [ {
      "x" : 0.309017,
      "y" : -0.809017,
      "z" : 0.618034
    }, {
      "x" : 0.809017,
      "y" : -0.618034,
      "z" : 0.309017
    }, {
      "x" : 0.618034,
      "y" : -0.309017,
      "z" : 0.809017
    }, {
      "x" : 1.0,
      "y" : 0.309017,
      "z" : 0.19098301
    }, {
      "x" : 0.809017,
      "y" : 0.618034,
      "z" : 0.309017
    }, {
      "x" : 0.618034,
      "y" : 0.309017,
      "z" : 0.809017
    }, {
      "x" : 0.809017,
      "y" : 0.0,
      "z" : 0.690983
    }, {
      "x" : 0.19098301,
      "y" : -1.0,
      "z" : 0.309017
    }, {
      "x" : -0.19098301,
      "y" : -1.0,
      "z" : 0.309017
    }, {
      "x" : -0.19098301,
      "y" : -1.0,
      "z" : -0.309017
    }, {
      "x" : 0.19098301,
      "y" : -1.0,
      "z" : -0.309017
    }, {
      "x" : 1.0,
      "y" : -0.309017,
      "z" : -0.19098301
    }, {
      "x" : 0.809017,
      "y" : -0.618034,
      "z" : -0.309017
    }, {
      "x" : 0.618034,
      "y" : -0.309017,
      "z" : -0.809017
    }, {
      "x" : 0.809017,
      "y" : 0.0,
      "z" : -0.690983
    }, {
      "x" : 0.0,
      "y" : 0.690983,
      "z" : -0.809017
    }, {
      "x" : 0.309017,
      "y" : 0.809017,
      "z" : -0.618034
    }, {
      "x" : 0.618034,
      "y" : 0.309017,
      "z" : -0.809017
    }, {
      "x" : 0.309017,
      "y" : 0.19098301,
      "z" : -1.0
    }, {
      "x" : 1.0,
      "y" : 0.309017,
      "z" : -0.19098301
    }, {
      "x" : -0.309017,
      "y" : -0.809017,
      "z" : 0.618034
    }, {
      "x" : 0.0,
      "y" : -0.690983,
      "z" : 0.809017
    }, {
      "x" : 0.809017,
      "y" : 0.618034,
      "z" : -0.309017
    }, {
      "x" : 0.690983,
      "y" : 0.809017,
      "z" : 0.0
    }, {
      "x" : -0.690983,
      "y" : 0.809017,
      "z" : 0.0
    }, {
      "x" : -0.809017,
      "y" : 0.618034,
      "z" : 0.309017
    }, {
      "x" : -0.309017,
      "y" : 0.809017,
      "z" : 0.618034
    }, {
      "x" : -0.19098301,
      "y" : 1.0,
      "z" : 0.309017
    }, {
      "x" : 0.309017,
      "y" : -0.19098301,
      "z" : -1.0
    }, {
      "x" : 0.19098301,
      "y" : 1.0,
      "z" : 0.309017
    }, {
      "x" : 0.309017,
      "y" : 0.809017,
      "z" : 0.618034
    }, {
      "x" : -0.809017,
      "y" : -0.618034,
      "z" : 0.309017
    }, {
      "x" : -0.690983,
      "y" : -0.809017,
      "z" : 0.0
    }, {
      "x" : 0.0,
      "y" : 0.690983,
      "z" : 0.809017
    }, {
      "x" : 0.309017,
      "y" : -0.809017,
      "z" : -0.618034
    }, {
      "x" : 0.0,
      "y" : -0.690983,
      "z" : -0.809017
    }, {
      "x" : -1.0,
      "y" : 0.309017,
      "z" : 0.19098301
    }, {
      "x" : -0.809017,
      "y" : 0.0,
      "z" : 0.690983
    }, {
      "x" : -0.618034,
      "y" : 0.309017,
      "z" : 0.809017
    }, {
      "x" : 1.0,
      "y" : -0.309017,
      "z" : 0.19098301
    }, {
      "x" : -0.309017,
      "y" : -0.809017,
      "z" : -0.618034
    }, {
      "x" : -1.0,
      "y" : 0.309017,
      "z" : -0.19098301
    }, {
      "x" : -1.0,
      "y" : -0.309017,
      "z" : -0.19098301
    }, {
      "x" : -1.0,
      "y" : -0.309017,
      "z" : 0.19098301
    }, {
      "x" : 0.19098301,
      "y" : 1.0,
      "z" : -0.309017
    }, {
      "x" : -0.809017,
      "y" : 0.618034,
      "z" : -0.309017
    }, {
      "x" : -0.19098301,
      "y" : 1.0,
      "z" : -0.309017
    }, {
      "x" : -0.309017,
      "y" : 0.809017,
      "z" : -0.618034
    }, {
      "x" : -0.618034,
      "y" : -0.309017,
      "z" : 0.809017
    }, {
      "x" : 0.309017,
      "y" : 0.19098301,
      "z" : 1.0
    }, {
      "x" : -0.309017,
      "y" : 0.19098301,
      "z" : -1.0
    }, {
      "x" : -0.309017,
      "y" : 0.19098301,
      "z" : 1.0
    }, {
      "x" : -0.309017,
      "y" : -0.19098301,
      "z" : 1.0
    }, {
      "x" : 0.309017,
      "y" : -0.19098301,
      "z" : 1.0
    }, {
      "x" : 0.690983,
      "y" : -0.809017,
      "z" : 0.0
    }, {
      "x" : -0.809017,
      "y" : 0.0,
      "z" : -0.690983
    }, {
      "x" : -0.618034,
      "y" : -0.309017,
      "z" : -0.809017
    }, {
      "x" : -0.309017,
      "y" : -0.19098301,
      "z" : -1.0
    }, {
      "x" : -0.618034,
      "y" : 0.309017,
      "z" : -0.809017
    }, {
      "x" : -0.809017,
      "y" : -0.618034,
      "z" : -0.309017
    } ],
    "faces" : [ {
      "vertices" : [ 9, 40, 35 ]
    }, {
      "vertices" : [ 9, 35, 34 ]
    }, {
      "vertices" : [ 9, 34, 10 ]
    }, {
      "vertices" : [ 0, 1, 2 ]
    }, {
      "vertices" : [ 33, 51, 49 ]
    }, {
      "vertices" : [ 25, 36, 37 ]
    }, {
      "vertices" : [ 25, 37, 38 ]
    }, {
      "vertices" : [ 41, 55, 42 ]
    }, {
      "vertices" : [ 9, 32, 59 ]
    }, {
      "vertices" : [ 9, 59, 40 ]
    }, {
      "vertices" : [ 20, 21, 52 ]
    }, {
      "vertices" : [ 20, 52, 48 ]
    }, {
      "vertices" : [ 26, 33, 30 ]
    }, {
      "vertices" : [ 26, 30, 29 ]
    }, {
      "vertices" : [ 26, 29, 27 ]
    }, {
      "vertices" : [ 3, 4, 5 ]
    }, {
      "vertices" : [ 3, 5, 6 ]
    }, {
      "vertices" : [ 27, 29, 44 ]
    }, {
      "vertices" : [ 27, 44, 46 ]
    }, {
      "vertices" : [ 50, 57, 56 ]
    }, {
      "vertices" : [ 50, 56, 55 ]
    }, {
      "vertices" : [ 50, 55, 58 ]
    }, {
      "vertices" : [ 26, 38, 51 ]
    }, {
      "vertices" : [ 26, 51, 33 ]
    }, {
      "vertices" : [ 45, 47, 58 ]
    }, {
      "vertices" : [ 18, 28, 57 ]
    }, {
      "vertices" : [ 18, 57, 50 ]
    }, {
      "vertices" : [ 40, 59, 56 ]
    }, {
      "vertices" : [ 31, 48, 37 ]
    }, {
      "vertices" : [ 31, 37, 43 ]
    }, {
      "vertices" : [ 7, 8, 9 ]
    }, {
      "vertices" : [ 7, 9, 10 ]
    }, {
      "vertices" : [ 36, 41, 42 ]
    }, {
      "vertices" : [ 36, 42, 43 ]
    }, {
      "vertices" : [ 24, 46, 47 ]
    }, {
      "vertices" : [ 24, 47, 45 ]
    }, {
      "vertices" : [ 4, 30, 5 ]
    }, {
      "vertices" : [ 15, 47, 46 ]
    }, {
      "vertices" : [ 15, 46, 44 ]
    }, {
      "vertices" : [ 15, 44, 16 ]
    }, {
      "vertices" : [ 15, 50, 58 ]
    }, {
      "vertices" : [ 15, 58, 47 ]
    }, {
      "vertices" : [ 24, 45, 41 ]
    }, {
      "vertices" : [ 24, 41, 36 ]
    }, {
      "vertices" : [ 24, 36, 25 ]
    }, {
      "vertices" : [ 11, 14, 19 ]
    }, {
      "vertices" : [ 3, 6, 39 ]
    }, {
      "vertices" : [ 1, 39, 6 ]
    }, {
      "vertices" : [ 1, 6, 2 ]
    }, {
      "vertices" : [ 8, 32, 9 ]
    }, {
      "vertices" : [ 11, 12, 13 ]
    }, {
      "vertices" : [ 11, 13, 14 ]
    }, {
      "vertices" : [ 16, 22, 17 ]
    }, {
      "vertices" : [ 0, 21, 20 ]
    }, {
      "vertices" : [ 0, 20, 8 ]
    }, {
      "vertices" : [ 0, 8, 7 ]
    }, {
      "vertices" : [ 12, 34, 13 ]
    }, {
      "vertices" : [ 35, 40, 56 ]
    }, {
      "vertices" : [ 35, 56, 57 ]
    }, {
      "vertices" : [ 0, 7, 54 ]
    }, {
      "vertices" : [ 0, 54, 1 ]
    }, {
      "vertices" : [ 15, 16, 17 ]
    }, {
      "vertices" : [ 15, 17, 18 ]
    }, {
      "vertices" : [ 3, 19, 22 ]
    }, {
      "vertices" : [ 3, 22, 23 ]
    }, {
      "vertices" : [ 3, 23, 4 ]
    }, {
      "vertices" : [ 7, 10, 54 ]
    }, {
      "vertices" : [ 41, 45, 58 ]
    }, {
      "vertices" : [ 41, 58, 55 ]
    }, {
      "vertices" : [ 3, 39, 11 ]
    }, {
      "vertices" : [ 3, 11, 19 ]
    }, {
      "vertices" : [ 14, 17, 22 ]
    }, {
      "vertices" : [ 14, 22, 19 ]
    }, {
      "vertices" : [ 0, 2, 53 ]
    }, {
      "vertices" : [ 0, 53, 21 ]
    }, {
      "vertices" : [ 49, 51, 52 ]
    }, {
      "vertices" : [ 49, 52, 53 ]
    }, {
      "vertices" : [ 31, 43, 42 ]
    }, {
      "vertices" : [ 31, 42, 59 ]
    }, {
      "vertices" : [ 31, 59, 32 ]
    }, {
      "vertices" : [ 15, 18, 50 ]
    }, {
      "vertices" : [ 42, 55, 56 ]
    }, {
      "vertices" : [ 42, 56, 59 ]
    }, {
      "vertices" : [ 4, 23, 29 ]
    }, {
      "vertices" : [ 4, 29, 30 ]
    }, {
      "vertices" : [ 25, 38, 26 ]
    }, {
      "vertices" : [ 13, 28, 18 ]
    }, {
      "vertices" : [ 13, 18, 17 ]
    }, {
      "vertices" : [ 13, 17, 14 ]
    }, {
      "vertices" : [ 8, 20, 31 ]
    }, {
      "vertices" : [ 8, 31, 32 ]
    }, {
      "vertices" : [ 23, 44, 29 ]
    }, {
      "vertices" : [ 24, 27, 46 ]
    }, {
      "vertices" : [ 37, 48, 52 ]
    }, {
      "vertices" : [ 37, 52, 51 ]
    }, {
      "vertices" : [ 37, 51, 38 ]
    }, {
      "vertices" : [ 20, 48, 31 ]
    }, {
      "vertices" : [ 24, 25, 26 ]
    }, {
      "vertices" : [ 24, 26, 27 ]
    }, {
      "vertices" : [ 16, 44, 23 ]
    }, {
      "vertices" : [ 16, 23, 22 ]
    }, {
      "vertices" : [ 13, 34, 35 ]
    }, {
      "vertices" : [ 13, 35, 28 ]
    }, {
      "vertices" : [ 10, 34, 12 ]
    }, {
      "vertices" : [ 10, 12, 54 ]
    }, {
      "vertices" : [ 2, 6, 5 ]
    }, {
      "vertices" : [ 2, 5, 49 ]
    }, {
      "vertices" : [ 2, 49, 53 ]
    }, {
      "vertices" : [ 36, 43, 37 ]
    }, {
      "vertices" : [ 5, 30, 33 ]
    }, {
      "vertices" : [ 5, 33, 49 ]
    }, {
      "vertices" : [ 1, 54, 12 ]
    }, {
      "vertices" : [ 1, 12, 11 ]
    }, {
      "vertices" : [ 1, 11, 39 ]
    }, {
      "vertices" : [ 28, 35, 57 ]
    }, {
      "vertices" : [ 21, 53, 52 ]
    } ]
  }, {
    "id" : "3c9e9628-937f-44d7-8465-1329faacde8b",
    "vertices" : [ {
      "x" : -71.777084,
      "y" : -29.034441,
      "z" : -67.54102
    }, {
      "x" : -71.777084,
      "y" : -26.416409,
      "z" : -74.39512
    }, {
      "x" : -76.01315,
      "y" : -22.18034,
      "z" : -70.15905
    } ],
    "faces" : [ {
      "vertices" : [ 0, 1, 2 ]
    }, {
      "vertices" : [ 0, 2, 1 ]
    } ]
  }, {
    "id" : "659742a4-b54f-4635-b29b-d35f91cb1219",
    "vertices" : [ {
      "x" : -53.832817,
      "y" : 53.832817,
      "z" : -147.79024
    }, {
      "x" : -60.686916,
      "y" : 46.978714,
      "z" : -154.64435
    }, {
      "x" : 111.9017,
      "y" : -125.6099,
      "z" : 17.944271
    }, {
      "x" : 118.7558,
      "y" : -118.7558,
      "z" : 24.798374
    } ],
    "faces" : [ {
      "vertices" : [ 0, 1, 2 ]
    }, {
      "vertices" : [ 0, 2, 3 ]
    }, {
      "vertices" : [ 0, 3, 2 ]
    }, {
      "vertices" : [ 0, 2, 1 ]
    } ]
  }, {
    "id" : "9f31160f-cc0b-41bc-95ac-cd6ceecb7876",
    "vertices" : [ {
      "x" : 67.54102,
      "y" : 53.832817,
      "z" : 147.79024
    }, {
      "x" : 53.832817,
      "y" : 53.832817,
      "z" : 147.79024
    }, {
      "x" : -118.7558,
      "y" : -118.7558,
      "z" : -24.798374
    }, {
      "x" : -111.9017,
      "y" : -125.6099,
      "z" : -31.652475
    } ],
    "faces" : [ {
      "vertices" : [ 0, 1, 2 ]
    }, {
      "vertices" : [ 0, 2, 3 ]
    }, {
      "vertices" : [ 0, 3, 2 ]
    }, {
      "vertices" : [ 0, 2, 1 ]
    } ]
  }, {
    "id" : "f5afa58d-f97f-4866-aaae-6171508eb52c",
    "vertices" : [ {
      "x" : 8.472136,
      "y" : -100.81153,
      "z" : -17.944271
    }, {
      "x" : 8.472136,
      "y" : -103.429565,
      "z" : -24.798374
    }, {
      "x" : 74.39512,
      "y" : 69.15905,
      "z" : -24.798374
    }, {
      "x" : 74.39512,
      "y" : 71.777084,
      "z" : -17.944271
    } ],
    "faces" : [ {
      "vertices" : [ 0, 1, 2 ]
    }, {
      "vertices" : [ 0, 2, 3 ]
    }, {
      "vertices" : [ 0, 3, 2 ]
    }, {
      "vertices" : [ 0, 2, 1 ]
    } ]
  }, {
    "id" : "260637a5-b164-4a58-b3e1-4963413a66bf",
    "vertices" : [ {
      "x" : -2.618034,
      "y" : -163.11649,
      "z" : -46.978714
    }, {
      "x" : -13.708204,
      "y" : -167.35255,
      "z" : -40.12461
    }, {
      "x" : -13.708204,
      "y" : -163.11649,
      "z" : -42.742645
    } ],
    "faces" : [ {
      "vertices" : [ 0, 1, 2 ]
    }, {
      "vertices" : [ 0, 2, 1 ]
    } ]
  }, {
    "id" : "c6b8d4e9-3661-44fd-96c1-fd54e92f9db8",
    "vertices" : [ {
      "x" : 17.944271,
      "y" : -49.59675,
      "z" : 6.854102
    }, {
      "x" : 15.326238,
      "y" : -51.214783,
      "z" : 6.854102
    }, {
      "x" : 22.18034,
      "y" : -44.36068,
      "z" : 13.708204
    }, {
      "x" : 22.18034,
      "y" : -45.36068,
      "z" : 11.09017
    } ],
    "faces" : [ {
      "vertices" : [ 0, 1, 2 ]
    }, {
      "vertices" : [ 0, 2, 3 ]
    }, {
      "vertices" : [ 0, 3, 2 ]
    }, {
      "vertices" : [ 0, 2, 1 ]
    } ]
  }, {
    "id" : "5482eaeb-e4cb-42ac-95e0-00be848adb45",
    "vertices" : [ {
      "x" : 87.103325,
      "y" : 51.214783,
      "z" : 34.27051
    }, {
      "x" : 89.72136,
      "y" : 46.978714,
      "z" : 27.416409
    }, {
      "x" : 89.72136,
      "y" : 44.36068,
      "z" : 34.27051
    } ],
    "faces" : [ {
      "vertices" : [ 0, 1, 2 ]
    }, {
      "vertices" : [ 0, 2, 1 ]
    } ]
  }, {
    "id" : "d4a264c2-c6ef-4f5f-8293-7c7636e27a29",
    "vertices" : [ {
      "x" : -29.034441,
      "y" : 26.416409,
      "z" : -35.888542
    }, {
      "x" : -31.652475,
      "y" : 24.798374,
      "z" : -35.888542
    }, {
      "x" : -20.562305,
      "y" : 24.798374,
      "z" : -40.12461
    }, {
      "x" : -22.18034,
      "y" : 26.416409,
      "z" : -38.506577
    } ],
    "faces" : [ {
      "vertices" : [ 0, 1, 2 ]
    }, {
      "vertices" : [ 0, 2, 3 ]
    }, {
      "vertices" : [ 0, 3, 2 ]
    }, {
      "vertices" : [ 0, 2, 1 ]
    } ]
  }, {
    "id" : "c6b54ef4-837c-4e8d-bef6-01bc2457fcf0",
    "vertices" : [ {
      "x" : -51.214783,
      "y" : -34.27051,
      "z" : 87.103325
    }, {
      "x" : -51.214783,
      "y" : -31.652475,
      "z" : 85.48529
    }, {
      "x" : -51.214783,
      "y" : 34.27051,
      "z" : -87.103325
    }, {
      "x" : -51.214783,
      "y" : 31.652475,
      "z" : -85.48529
    } ],
    "faces" : [ {
      "vertices" : [ 0, 1, 2 ]
    }, {
      "vertices" : [ 0, 2, 3 ]
    }, {
      "vertices" : [ 0, 3, 2 ]
    }, {
      "vertices" : [ 0, 2, 1 ]
    } ]
  }, {
    "id" : "411cfe5f-8649-4671-ae24-a93ada7e9fab",
    "vertices" : [ {
      "x" : 58.068882,
      "y" : 0.0,
      "z" : 0.0
    }, {
      "x" : 62.30495,
      "y" : 4.236068,
      "z" : 4.236068
    }, {
      "x" : 58.068882,
      "y" : 8.472136,
      "z" : 0.0
    } ],
    "faces" : [ {
      "vertices" : [ 0, 1, 2 ]
    }, {
      "vertices" : [ 0, 2, 1 ]
    } ]
  }, {
    "id" : "fb317f7e-4b2a-405e-83da-5f10851c2f14",
    "vertices" : [ {
      "x" : 33.27051,
      "y" : 91.33939,
      "z" : -33.27051
    }, {
      "x" : 29.034441,
      "y" : 95.57546,
      "z" : -37.506577
    }, {
      "x" : -77.63119,
      "y" : -11.09017,
      "z" : 69.15905
    }, {
      "x" : -73.39512,
      "y" : -15.326238,
      "z" : 73.39512
    } ],
    "faces" : [ {
      "vertices" : [ 0, 1, 2 ]
    }, {
      "vertices" : [ 0, 2, 3 ]
    }, {
      "vertices" : [ 0, 3, 2 ]
    }, {
      "vertices" : [ 0, 2, 1 ]
    } ]
  }, {
    "id" : "750d1451-8add-4109-8c31-c67e40eec9d9",
    "vertices" : [ {
      "x" : -70.15905,
      "y" : 76.01315,
      "z" : 22.18034
    }, {
      "x" : -74.39512,
      "y" : 71.777084,
      "z" : 17.944271
    }, {
      "x" : -1.618034,
      "y" : -103.429565,
      "z" : 22.18034
    }, {
      "x" : -8.472136,
      "y" : -100.81153,
      "z" : 17.944271
    } ],
    "faces" : [ {
      "vertices" : [ 0, 1, 2 ]
    }, {
      "vertices" : [ 0, 2, 3 ]
    }, {
      "vertices" : [ 0, 3, 2 ]
    }, {
      "vertices" : [ 0, 2, 1 ]
    } ]
  }, {
    "id" : "fe847fe2-fe9d-496d-9ff6-01a7084efc99",
    "vertices" : [ {
      "x" : -17.944271,
      "y" : 49.59675,
      "z" : 6.854102
    }, {
      "x" : -15.326238,
      "y" : 51.214783,
      "z" : 6.854102
    }, {
      "x" : -22.18034,
      "y" : 44.36068,
      "z" : 13.708204
    }, {
      "x" : -22.18034,
      "y" : 45.36068,
      "z" : 11.09017
    } ],
    "faces" : [ {
      "vertices" : [ 0, 1, 2 ]
    }, {
      "vertices" : [ 0, 2, 3 ]
    }, {
      "vertices" : [ 0, 3, 2 ]
    }, {
      "vertices" : [ 0, 2, 1 ]
    } ]
  }, {
    "id" : "b72e31ba-97dd-4076-b26b-8fa52335ab1a",
    "vertices" : [ {
      "x" : -76.01315,
      "y" : 44.36068,
      "z" : 145.17221
    }, {
      "x" : -82.867256,
      "y" : 55.45085,
      "z" : 140.93614
    }, {
      "x" : -82.867256,
      "y" : 51.214783,
      "z" : 138.3181
    } ],
    "faces" : [ {
      "vertices" : [ 0, 1, 2 ]
    }, {
      "vertices" : [ 0, 2, 1 ]
    } ]
  }, {
    "id" : "ebadaf65-e8c4-459f-b93a-2d8426bf6b49",
    "vertices" : [ {
      "x" : -46.978714,
      "y" : 27.416409,
      "z" : -89.72136
    }, {
      "x" : -51.214783,
      "y" : 34.27051,
      "z" : -87.103325
    }, {
      "x" : -51.214783,
      "y" : 31.652475,
      "z" : -85.48529
    } ],
    "faces" : [ {
      "vertices" : [ 0, 1, 2 ]
    }, {
      "vertices" : [ 0, 2, 1 ]
    } ]
  }, {
    "id" : "23d8b63f-1642-4df3-b0ad-48fee850a11a",
    "vertices" : [ {
      "x" : -24.798374,
      "y" : 44.36068,
      "z" : -9.472136
    }, {
      "x" : -26.416409,
      "y" : 42.742645,
      "z" : -11.09017
    }, {
      "x" : -26.416409,
      "y" : 38.506577,
      "z" : -22.18034
    }, {
      "x" : -24.798374,
      "y" : 40.12461,
      "z" : -20.562305
    } ],
    "faces" : [ {
      "vertices" : [ 0, 1, 2 ]
    }, {
      "vertices" : [ 0, 2, 3 ]
    }, {
      "vertices" : [ 0, 3, 2 ]
    }, {
      "vertices" : [ 0, 2, 1 ]
    } ]
  }, {
    "id" : "ccefb50f-c079-4e47-9ab0-1985d3c5b18a",
    "vertices" : [ {
      "x" : 46.978714,
      "y" : -17.944271,
      "z" : 29.034441
    }, {
      "x" : 53.832817,
      "y" : -17.944271,
      "z" : 26.416409
    }, {
      "x" : 49.59675,
      "y" : -22.18034,
      "z" : 22.18034
    } ],
    "faces" : [ {
      "vertices" : [ 0, 1, 2 ]
    }, {
      "vertices" : [ 0, 2, 1 ]
    } ]
  }, {
    "id" : "ae20f620-44a0-429e-a65a-5108890dff68",
    "vertices" : [ {
      "x" : 33.27051,
      "y" : -33.27051,
      "z" : 91.33939
    }, {
      "x" : 37.506577,
      "y" : -29.034441,
      "z" : 95.57546
    }, {
      "x" : 41.742645,
      "y" : -33.27051,
      "z" : 91.33939
    } ],
    "faces" : [ {
      "vertices" : [ 0, 1, 2 ]
    }, {
      "vertices" : [ 0, 2, 1 ]
    } ]
  }, {
    "id" : "62532d9a-313a-4c48-be25-d181db152cd7",
    "vertices" : [ {
      "x" : 82.867256,
      "y" : -46.978714,
      "z" : -38.506577
    }, {
      "x" : 87.103325,
      "y" : -51.214783,
      "z" : -34.27051
    }, {
      "x" : -85.48529,
      "y" : -51.214783,
      "z" : 31.652475
    }, {
      "x" : -89.72136,
      "y" : -46.978714,
      "z" : 27.416409
    } ],
    "faces" : [ {
      "vertices" : [ 0, 1, 2 ]
    }, {
      "vertices" : [ 0, 2, 3 ]
    }, {
      "vertices" : [ 0, 3, 2 ]
    }, {
      "vertices" : [ 0, 2, 1 ]
    } ]
  }, {
    "id" : "e88ce355-b08a-4410-80df-de726b657f71",
    "vertices" : [ {
      "x" : 17.944271,
      "y" : -74.39512,
      "z" : 71.777084
    }, {
      "x" : 26.416409,
      "y" : -74.39512,
      "z" : 71.777084
    }, {
      "x" : 24.798374,
      "y" : -74.39512,
      "z" : 69.15905
    } ],
    "faces" : [ {
      "vertices" : [ 0, 1, 2 ]
    }, {
      "vertices" : [ 0, 2, 1 ]
    } ]
  }, {
    "id" : "6457d988-1d04-4440-8446-d8c4d6eee0d6",
    "vertices" : [ {
      "x" : -77.63119,
      "y" : -19.562305,
      "z" : 69.15905
    }, {
      "x" : -73.39512,
      "y" : -15.326238,
      "z" : 73.39512
    }, {
      "x" : 33.27051,
      "y" : 91.33939,
      "z" : -41.742645
    }, {
      "x" : 33.27051,
      "y" : 91.33939,
      "z" : -33.27051
    } ],
    "faces" : [ {
      "vertices" : [ 0, 1, 2 ]
    }, {
      "vertices" : [ 0, 2, 3 ]
    }, {
      "vertices" : [ 0, 3, 2 ]
    }, {
      "vertices" : [ 0, 2, 1 ]
    } ]
  }, {
    "id" : "54e65073-4697-4668-b3ba-f3bd47b7d68c",
    "vertices" : [ {
      "x" : -13.708204,
      "y" : -163.11649,
      "z" : -29.034441
    }, {
      "x" : -13.708204,
      "y" : -167.35255,
      "z" : -40.12461
    }, {
      "x" : -120.37383,
      "y" : 111.9017,
      "z" : -40.12461
    }, {
      "x" : -120.37383,
      "y" : 116.137764,
      "z" : -29.034441
    } ],
    "faces" : [ {
      "vertices" : [ 0, 1, 2 ]
    }, {
      "vertices" : [ 0, 2, 3 ]
    }, {
      "vertices" : [ 0, 3, 2 ]
    }, {
      "vertices" : [ 0, 2, 1 ]
    } ]
  }, {
    "id" : "ba597509-1a00-4e9c-82d6-8cad2aff649d",
    "vertices" : [ {
      "x" : 116.137764,
      "y" : 29.034441,
      "z" : 120.37383
    }, {
      "x" : 116.137764,
      "y" : 42.742645,
      "z" : 120.37383
    }, {
      "x" : 111.9017,
      "y" : 40.12461,
      "z" : 120.37383
    } ],
    "faces" : [ {
      "vertices" : [ 0, 1, 2 ]
    }, {
      "vertices" : [ 0, 2, 1 ]
    } ]
  }, {
    "id" : "cc7936f6-222e-4ba2-bfcb-8703e75f6ae3",
    "vertices" : [ {
      "x" : 69.15905,
      "y" : 80.24922,
      "z" : 12.708204
    }, {
      "x" : 73.39512,
      "y" : 73.39512,
      "z" : 15.326238
    }, {
      "x" : 69.15905,
      "y" : 77.63119,
      "z" : 19.562305
    } ],
    "faces" : [ {
      "vertices" : [ 0, 1, 2 ]
    }, {
      "vertices" : [ 0, 2, 1 ]
    } ]
  }, {
    "id" : "eaa1f523-3c55-42cd-87ef-adaedc16a8c2",
    "vertices" : [ {
      "x" : -29.034441,
      "y" : -26.416409,
      "z" : 35.888542
    }, {
      "x" : -31.652475,
      "y" : -24.798374,
      "z" : 35.888542
    }, {
      "x" : -20.562305,
      "y" : -24.798374,
      "z" : 40.12461
    }, {
      "x" : -22.18034,
      "y" : -26.416409,
      "z" : 38.506577
    } ],
    "faces" : [ {
      "vertices" : [ 0, 1, 2 ]
    }, {
      "vertices" : [ 0, 2, 3 ]
    }, {
      "vertices" : [ 0, 3, 2 ]
    }, {
      "vertices" : [ 0, 2, 1 ]
    } ]
  }, {
    "id" : "56342393-0250-4d6a-8866-7de928a9ebb0",
    "vertices" : [ {
      "x" : -13.708204,
      "y" : 51.214783,
      "z" : -4.236068
    }, {
      "x" : -15.326238,
      "y" : 51.214783,
      "z" : -6.854102
    }, {
      "x" : -4.236068,
      "y" : 51.214783,
      "z" : -2.618034
    }, {
      "x" : -6.854102,
      "y" : 51.214783,
      "z" : -1.618034
    } ],
    "faces" : [ {
      "vertices" : [ 0, 1, 2 ]
    }, {
      "vertices" : [ 0, 2, 3 ]
    }, {
      "vertices" : [ 0, 3, 2 ]
    }, {
      "vertices" : [ 0, 2, 1 ]
    } ]
  }, {
    "id" : "cef920b0-9878-44e5-a844-c7ed0ac16ab6",
    "vertices" : [ {
      "x" : 1.618034,
      "y" : -100.81153,
      "z" : -29.034441
    }, {
      "x" : 8.472136,
      "y" : -103.429565,
      "z" : -24.798374
    }, {
      "x" : 8.472136,
      "y" : -100.81153,
      "z" : -26.416409
    } ],
    "faces" : [ {
      "vertices" : [ 0, 1, 2 ]
    }, {
      "vertices" : [ 0, 2, 1 ]
    } ]
  }, {
    "id" : "d1d576da-2767-4f2f-95a8-f86f9667010d",
    "vertices" : [ {
      "x" : 71.777084,
      "y" : 29.034441,
      "z" : -67.54102
    }, {
      "x" : 71.777084,
      "y" : 26.416409,
      "z" : -74.39512
    }, {
      "x" : 76.01315,
      "y" : 22.18034,
      "z" : -70.15905
    } ],
    "faces" : [ {
      "vertices" : [ 0, 1, 2 ]
    }, {
      "vertices" : [ 0, 2, 1 ]
    } ]
  }, {
    "id" : "210f47a5-0d1a-48bb-86eb-00ea6d823f32",
    "vertices" : [ {
      "x" : 147.79024,
      "y" : 67.54102,
      "z" : 53.832817
    }, {
      "x" : 147.79024,
      "y" : 53.832817,
      "z" : 53.832817
    }, {
      "x" : -24.798374,
      "y" : -118.7558,
      "z" : -118.7558
    }, {
      "x" : -31.652475,
      "y" : -111.9017,
      "z" : -125.6099
    } ],
    "faces" : [ {
      "vertices" : [ 0, 1, 2 ]
    }, {
      "vertices" : [ 0, 2, 3 ]
    }, {
      "vertices" : [ 0, 3, 2 ]
    }, {
      "vertices" : [ 0, 2, 1 ]
    } ]
  }, {
    "id" : "27a6763f-0d49-48f2-8547-dc1f9d77ffff",
    "vertices" : [ {
      "x" : -26.416409,
      "y" : -35.888542,
      "z" : 29.034441
    }, {
      "x" : -24.798374,
      "y" : -35.888542,
      "z" : 31.652475
    }, {
      "x" : -24.798374,
      "y" : -40.12461,
      "z" : 20.562305
    }, {
      "x" : -26.416409,
      "y" : -38.506577,
      "z" : 22.18034
    } ],
    "faces" : [ {
      "vertices" : [ 0, 1, 2 ]
    }, {
      "vertices" : [ 0, 2, 3 ]
    }, {
      "vertices" : [ 0, 3, 2 ]
    }, {
      "vertices" : [ 0, 2, 1 ]
    } ]
  }, {
    "id" : "875c268f-5d97-45c4-ac70-34ca58d127c6",
    "vertices" : [ {
      "x" : -51.214783,
      "y" : -34.27051,
      "z" : 87.103325
    }, {
      "x" : -46.978714,
      "y" : -27.416409,
      "z" : 89.72136
    }, {
      "x" : -44.36068,
      "y" : -34.27051,
      "z" : 89.72136
    } ],
    "faces" : [ {
      "vertices" : [ 0, 1, 2 ]
    }, {
      "vertices" : [ 0, 2, 1 ]
    } ]
  }, {
    "id" : "3bb095b3-9ade-425c-a17b-0a7a1ed467e6",
    "vertices" : [ {
      "x" : -147.79024,
      "y" : 53.832817,
      "z" : -53.832817
    }, {
      "x" : -154.64435,
      "y" : 60.686916,
      "z" : -46.978714
    }, {
      "x" : -147.79024,
      "y" : 67.54102,
      "z" : -53.832817
    } ],
    "faces" : [ {
      "vertices" : [ 0, 1, 2 ]
    }, {
      "vertices" : [ 0, 2, 1 ]
    } ]
  }, {
    "id" : "5ce34fa6-3fd6-44a2-a032-126830588a87",
    "vertices" : [ {
      "x" : -9.472136,
      "y" : -24.798374,
      "z" : 44.36068
    }, {
      "x" : -11.09017,
      "y" : -26.416409,
      "z" : 42.742645
    }, {
      "x" : -22.18034,
      "y" : -26.416409,
      "z" : 38.506577
    }, {
      "x" : -20.562305,
      "y" : -24.798374,
      "z" : 40.12461
    } ],
    "faces" : [ {
      "vertices" : [ 0, 1, 2 ]
    }, {
      "vertices" : [ 0, 2, 3 ]
    }, {
      "vertices" : [ 0, 3, 2 ]
    }, {
      "vertices" : [ 0, 2, 1 ]
    } ]
  }, {
    "id" : "4421223a-ec86-4106-9f3c-c36023f0094c",
    "vertices" : [ {
      "x" : -17.944271,
      "y" : -29.034441,
      "z" : 46.978714
    }, {
      "x" : -24.798374,
      "y" : -29.034441,
      "z" : 49.59675
    }, {
      "x" : -22.18034,
      "y" : -22.18034,
      "z" : 49.59675
    } ],
    "faces" : [ {
      "vertices" : [ 0, 1, 2 ]
    }, {
      "vertices" : [ 0, 2, 1 ]
    } ]
  }, {
    "id" : "ee9f48dc-4e60-4c9c-841b-da432655b77d",
    "vertices" : [ {
      "x" : -34.27051,
      "y" : -89.72136,
      "z" : 44.36068
    }, {
      "x" : -27.416409,
      "y" : -89.72136,
      "z" : 46.978714
    }, {
      "x" : 34.27051,
      "y" : 89.72136,
      "z" : 44.36068
    }, {
      "x" : 38.506577,
      "y" : 82.867256,
      "z" : 46.978714
    } ],
    "faces" : [ {
      "vertices" : [ 0, 1, 2 ]
    }, {
      "vertices" : [ 0, 2, 3 ]
    }, {
      "vertices" : [ 0, 3, 2 ]
    }, {
      "vertices" : [ 0, 2, 1 ]
    } ]
  }, {
    "id" : "a802163c-b8f8-4482-8b1f-1179572aa8dd",
    "vertices" : [ {
      "x" : 26.416409,
      "y" : -74.39512,
      "z" : 71.777084
    }, {
      "x" : 24.798374,
      "y" : -74.39512,
      "z" : 69.15905
    }, {
      "x" : 24.798374,
      "y" : -8.472136,
      "z" : -103.429565
    }, {
      "x" : 26.416409,
      "y" : -8.472136,
      "z" : -100.81153
    } ],
    "faces" : [ {
      "vertices" : [ 0, 1, 2 ]
    }, {
      "vertices" : [ 0, 2, 3 ]
    }, {
      "vertices" : [ 0, 3, 2 ]
    }, {
      "vertices" : [ 0, 2, 1 ]
    } ]
  }, {
    "id" : "27b14cf8-bf23-4986-b22b-1e3c6c180a79",
    "vertices" : [ {
      "x" : -100.81153,
      "y" : 29.034441,
      "z" : -1.618034
    }, {
      "x" : -103.429565,
      "y" : 24.798374,
      "z" : -8.472136
    }, {
      "x" : -100.81153,
      "y" : 26.416409,
      "z" : -8.472136
    } ],
    "faces" : [ {
      "vertices" : [ 0, 1, 2 ]
    }, {
      "vertices" : [ 0, 2, 1 ]
    } ]
  }, {
    "id" : "6bf3f5b6-ee04-4029-84de-73d931b92e0b",
    "vertices" : [ {
      "x" : 15.326238,
      "y" : 62.30495,
      "z" : 80.24922
    }, {
      "x" : 12.708204,
      "y" : 69.15905,
      "z" : 80.24922
    }, {
      "x" : 19.562305,
      "y" : 69.15905,
      "z" : 77.63119
    } ],
    "faces" : [ {
      "vertices" : [ 0, 1, 2 ]
    }, {
      "vertices" : [ 0, 2, 1 ]
    } ]
  }, {
    "id" : "927d57a4-668a-4a7c-b746-af311918a1ed",
    "vertices" : [ {
      "x" : 35.888542,
      "y" : -113.51973,
      "z" : -122.99187
    }, {
      "x" : 46.978714,
      "y" : -109.28367,
      "z" : -116.137764
    }, {
      "x" : 46.978714,
      "y" : -2.618034,
      "z" : 163.11649
    }, {
      "x" : 35.888542,
      "y" : -2.618034,
      "z" : 167.35255
    } ],
    "faces" : [ {
      "vertices" : [ 0, 1, 2 ]
    }, {
      "vertices" : [ 0, 2, 3 ]
    }, {
      "vertices" : [ 0, 3, 2 ]
    }, {
      "vertices" : [ 0, 2, 1 ]
    } ]
  }, {
    "id" : "fd2759a4-33b6-485e-9006-6e28fe8d9fc2",
    "vertices" : [ {
      "x" : 53.832817,
      "y" : 147.79024,
      "z" : 67.54102
    }, {
      "x" : 53.832817,
      "y" : 147.79024,
      "z" : 53.832817
    }, {
      "x" : -118.7558,
      "y" : -24.798374,
      "z" : -118.7558
    }, {
      "x" : -125.6099,
      "y" : -31.652475,
      "z" : -111.9017
    } ],
    "faces" : [ {
      "vertices" : [ 0, 1, 2 ]
    }, {
      "vertices" : [ 0, 2, 3 ]
    }, {
      "vertices" : [ 0, 3, 2 ]
    }, {
      "vertices" : [ 0, 2, 1 ]
    } ]
  }, {
    "id" : "87075ffe-037d-41fb-b9f8-e9fa215564ae",
    "vertices" : [ {
      "x" : 116.137764,
      "y" : 46.978714,
      "z" : 109.28367
    }, {
      "x" : 116.137764,
      "y" : 42.742645,
      "z" : 120.37383
    }, {
      "x" : 122.99187,
      "y" : 35.888542,
      "z" : 113.51973
    } ],
    "faces" : [ {
      "vertices" : [ 0, 1, 2 ]
    }, {
      "vertices" : [ 0, 2, 1 ]
    } ]
  }, {
    "id" : "f354ee05-ab1d-4f5c-800e-f4c9d6ab93ca",
    "vertices" : [ {
      "x" : 0.0,
      "y" : 58.068882,
      "z" : 0.0
    }, {
      "x" : 4.236068,
      "y" : 62.30495,
      "z" : 4.236068
    }, {
      "x" : 0.0,
      "y" : 58.068882,
      "z" : 8.472136
    } ],
    "faces" : [ {
      "vertices" : [ 0, 1, 2 ]
    }, {
      "vertices" : [ 0, 2, 1 ]
    } ]
  }, {
    "id" : "128cfb2e-d6f7-49f7-9636-318c656c7c4f",
    "vertices" : [ {
      "x" : 19.562305,
      "y" : -69.15905,
      "z" : -77.63119
    }, {
      "x" : 15.326238,
      "y" : -73.39512,
      "z" : -73.39512
    }, {
      "x" : -91.33939,
      "y" : 41.742645,
      "z" : 33.27051
    }, {
      "x" : -91.33939,
      "y" : 33.27051,
      "z" : 33.27051
    } ],
    "faces" : [ {
      "vertices" : [ 0, 1, 2 ]
    }, {
      "vertices" : [ 0, 2, 3 ]
    }, {
      "vertices" : [ 0, 3, 2 ]
    }, {
