{
  "field" : "golden",
  "symmetry" : "icosahedral",
  "orientations" : [ [ 1.0, 0.0, 0.0, 0.0, 0.0, 1.0, 0.0, 0.0, 0.0, 0.0, 1.0, 0.0, 0.0, 0.0, 0.0, 1.0 ], [ 0.0, 0.0, 1.0, 0.0, 1.0, 0.0, 0.0, 0.0, 0.0, 1.0, 0.0, 0.0, 0.0, 0.0, 0.0, 1.0 ], [ 0.0, 1.0, 0.0, 0.0, 0.0, 0.0, 1.0, 0.0, 1.0, 0.0, 0.0, 0.0, 0.0, 0.0, 0.0, 1.0 ], [ 0.809017, 0.309017, 0.5, 0.0, 0.309017, 0.5, -0.809017, 0.0, -0.5, 0.809017, 0.309017, 0.0, 0.0, 0.0, 0.0, 1.0 ], [ -0.5, 0.809017, 0.309017, 0.0, 0.809017, 0.309017, 0.5, 0.0, 0.309017, 0.5, -0.809017, 0.0, 0.0, 0.0, 0.0, 1.0 ], [ 0.309017, 0.5, -0.809017, 0.0, -0.5, 0.809017, 0.309017, 0.0, 0.809017, 0.309017, 0.5, 0.0, 0.0, 0.0, 0.0, 1.0 ], [ 0.5, 0.809017, 0.309017, 0.0, 0.809017, -0.309017, -0.5, 0.0, -0.309017, 0.5, -0.809017, 0.0, 0.0, 0.0, 0.0, 1.0 ], [ -0.309017, 0.5, -0.809017, 0.0, 0.5, 0.809017, 0.309017, 0.0, 0.809017, -0.309017, -0.5, 0.0, 0.0, 0.0, 0.0, 1.0 ], [ 0.809017, -0.309017, -0.5, 0.0, -0.309017, 0.5, -0.809017, 0.0, 0.5, 0.809017, 0.309017, 0.0, 0.0, 0.0, 0.0, 1.0 ], [ 0.5, 0.809017, -0.309017, 0.0, 0.809017, -0.309017, 0.5, 0.0, 0.309017, -0.5, -0.809017, 0.0, 0.0, 0.0, 0.0, 1.0 ], [ 0.309017, -0.5, -0.809017, 0.0, 0.5, 0.809017, -0.309017, 0.0, 0.809017, -0.309017, 0.5, 0.0, 0.0, 0.0, 0.0, 1.0 ], [ 0.809017, -0.309017, 0.5, 0.0, 0.309017, -0.5, -0.809017, 0.0, 0.5, 0.809017, -0.309017, 0.0, 0.0, 0.0, 0.0, 1.0 ], [ 0.809017, 0.309017, -0.5, 0.0, 0.309017, 0.5, 0.809017, 0.0, 0.5, -0.809017, 0.309017, 0.0, 0.0, 0.0, 0.0, 1.0 ], [ 0.5, -0.809017, 0.309017, 0.0, 0.809017, 0.309017, -0.5, 0.0, 0.309017, 0.5, 0.809017, 0.0, 0.0, 0.0, 0.0, 1.0 ], [ 0.309017, 0.5, 0.809017, 0.0, 0.5, -0.809017, 0.309017, 0.0, 0.809017, 0.309017, -0.5, 0.0, 0.0, 0.0, 0.0, 1.0 ], [ 1.0, 0.0, 0.0, 0.0, 0.0, -1.0, 0.0, 0.0, 0.0, 0.0, -1.0, 0.0, 0.0, 0.0, 0.0, 1.0 ], [ 0.0, 0.0, 1.0, 0.0, -1.0, 0.0, 0.0, 0.0, 0.0, -1.0, 0.0, 0.0, 0.0, 0.0, 0.0, 1.0 ], [ 0.0, 1.0, 0.0, 0.0, 0.0, 0.0, -1.0, 0.0, -1.0, 0.0, 0.0, 0.0, 0.0, 0.0, 0.0, 1.0 ], [ 0.809017, 0.309017, 0.5, 0.0, -0.309017, -0.5, 0.809017, 0.0, 0.5, -0.809017, -0.309017, 0.0, 0.0, 0.0, 0.0, 1.0 ], [ -0.5, 0.809017, 0.309017, 0.0, -0.809017, -0.309017, -0.5, 0.0, -0.309017, -0.5, 0.809017, 0.0, 0.0, 0.0, 0.0, 1.0 ], [ 0.309017, 0.5, -0.809017, 0.0, 0.5, -0.809017, -0.309017, 0.0, -0.809017, -0.309017, -0.5, 0.0, 0.0, 0.0, 0.0, 1.0 ], [ 0.5, 0.809017, 0.309017, 0.0, -0.809017, 0.309017, 0.5, 0.0, 0.309017, -0.5, 0.809017, 0.0, 0.0, 0.0, 0.0, 1.0 ], [ -0.309017, 0.5, -0.809017, 0.0, -0.5, -0.809017, -0.309017, 0.0, -0.809017, 0.309017, 0.5, 0.0, 0.0, 0.0, 0.0, 1.0 ], [ 0.809017, -0.309017, -0.5, 0.0, 0.309017, -0.5, 0.809017, 0.0, -0.5, -0.809017, -0.309017, 0.0, 0.0, 0.0, 0.0, 1.0 ], [ 0.5, 0.809017, -0.309017, 0.0, -0.809017, 0.309017, -0.5, 0.0, -0.309017, 0.5, 0.809017, 0.0, 0.0, 0.0, 0.0, 1.0 ], [ 0.309017, -0.5, -0.809017, 0.0, -0.5, -0.809017, 0.309017, 0.0, -0.809017, 0.309017, -0.5, 0.0, 0.0, 0.0, 0.0, 1.0 ], [ 0.809017, -0.309017, 0.5, 0.0, -0.309017, 0.5, 0.809017, 0.0, -0.5, -0.809017, 0.309017, 0.0, 0.0, 0.0, 0.0, 1.0 ], [ 0.809017, 0.309017, -0.5, 0.0, -0.309017, -0.5, -0.809017, 0.0, -0.5, 0.809017, -0.309017, 0.0, 0.0, 0.0, 0.0, 1.0 ], [ 0.5, -0.809017, 0.309017, 0.0, -0.809017, -0.309017, 0.5, 0.0, -0.309017, -0.5, -0.809017, 0.0, 0.0, 0.0, 0.0, 1.0 ], [ 0.309017, 0.5, 0.809017, 0.0, -0.5, 0.809017, -0.309017, 0.0, -0.809017, -0.309017, 0.5, 0.0, 0.0, 0.0, 0.0, 1.0 ], [ -1.0, 0.0, 0.0, 0.0, 0.0, -1.0, 0.0, 0.0, 0.0, 0.0, 1.0, 0.0, 0.0, 0.0, 0.0, 1.0 ], [ 0.0, 0.0, -1.0, 0.0, -1.0, 0.0, 0.0, 0.0, 0.0, 1.0, 0.0, 0.0, 0.0, 0.0, 0.0, 1.0 ], [ 0.0, -1.0, 0.0, 0.0, 0.0, 0.0, -1.0, 0.0, 1.0, 0.0, 0.0, 0.0, 0.0, 0.0, 0.0, 1.0 ], [ -0.809017, -0.309017, -0.5, 0.0, -0.309017, -0.5, 0.809017, 0.0, -0.5, 0.809017, 0.309017, 0.0, 0.0, 0.0, 0.0, 1.0 ], [ 0.5, -0.809017, -0.309017, 0.0, -0.809017, -0.309017, -0.5, 0.0, 0.309017, 0.5, -0.809017, 0.0, 0.0, 0.0, 0.0, 1.0 ], [ -0.309017, -0.5, 0.809017, 0.0, 0.5, -0.809017, -0.309017, 0.0, 0.809017, 0.309017, 0.5, 0.0, 0.0, 0.0, 0.0, 1.0 ], [ -0.5, -0.809017, -0.309017, 0.0, -0.809017, 0.309017, 0.5, 0.0, -0.309017, 0.5, -0.809017, 0.0, 0.0, 0.0, 0.0, 1.0 ], [ 0.309017, -0.5, 0.809017, 0.0, -0.5, -0.809017, -0.309017, 0.0, 0.809017, -0.309017, -0.5, 0.0, 0.0, 0.0, 0.0, 1.0 ], [ -0.809017, 0.309017, 0.5, 0.0, 0.309017, -0.5, 0.809017, 0.0, 0.5, 0.809017, 0.309017, 0.0, 0.0, 0.0, 0.0, 1.0 ], [ -0.5, -0.809017, 0.309017, 0.0, -0.809017, 0.309017, -0.5, 0.0, 0.309017, -0.5, -0.809017, 0.0, 0.0, 0.0, 0.0, 1.0 ], [ -0.309017, 0.5, 0.809017, 0.0, -0.5, -0.809017, 0.309017, 0.0, 0.809017, -0.309017, 0.5, 0.0, 0.0, 0.0, 0.0, 1.0 ], [ -0.809017, 0.309017, -0.5, 0.0, -0.309017, 0.5, 0.809017, 0.0, 0.5, 0.809017, -0.309017, 0.0, 0.0, 0.0, 0.0, 1.0 ], [ -0.809017, -0.309017, 0.5, 0.0, -0.309017, -0.5, -0.809017, 0.0, 0.5, -0.809017, 0.309017, 0.0, 0.0, 0.0, 0.0, 1.0 ], [ -0.5, 0.809017, -0.309017, 0.0, -0.809017, -0.309017, 0.5, 0.0, 0.309017, 0.5, 0.809017, 0.0, 0.0, 0.0, 0.0, 1.0 ], [ -0.309017, -0.5, -0.809017, 0.0, -0.5, 0.809017, -0.309017, 0.0, 0.809017, 0.309017, -0.5, 0.0, 0.0, 0.0, 0.0, 1.0 ], [ -1.0, 0.0, 0.0, 0.0, 0.0, 1.0, 0.0, 0.0, 0.0, 0.0, -1.0, 0.0, 0.0, 0.0, 0.0, 1.0 ], [ 0.0, 0.0, -1.0, 0.0, 1.0, 0.0, 0.0, 0.0, 0.0, -1.0, 0.0, 0.0, 0.0, 0.0, 0.0, 1.0 ], [ 0.0, -1.0, 0.0, 0.0, 0.0, 0.0, 1.0, 0.0, -1.0, 0.0, 0.0, 0.0, 0.0, 0.0, 0.0, 1.0 ], [ -0.809017, -0.309017, -0.5, 0.0, 0.309017, 0.5, -0.809017, 0.0, 0.5, -0.809017, -0.309017, 0.0, 0.0, 0.0, 0.0, 1.0 ], [ 0.5, -0.809017, -0.309017, 0.0, 0.809017, 0.309017, 0.5, 0.0, -0.309017, -0.5, 0.809017, 0.0, 0.0, 0.0, 0.0, 1.0 ], [ -0.309017, -0.5, 0.809017, 0.0, -0.5, 0.809017, 0.309017, 0.0, -0.809017, -0.309017, -0.5, 0.0, 0.0, 0.0, 0.0, 1.0 ], [ -0.5, -0.809017, -0.309017, 0.0, 0.809017, -0.309017, -0.5, 0.0, 0.309017, -0.5, 0.809017, 0.0, 0.0, 0.0, 0.0, 1.0 ], [ 0.309017, -0.5, 0.809017, 0.0, 0.5, 0.809017, 0.309017, 0.0, -0.809017, 0.309017, 0.5, 0.0, 0.0, 0.0, 0.0, 1.0 ], [ -0.809017, 0.309017, 0.5, 0.0, -0.309017, 0.5, -0.809017, 0.0, -0.5, -0.809017, -0.309017, 0.0, 0.0, 0.0, 0.0, 1.0 ], [ -0.5, -0.809017, 0.309017, 0.0, 0.809017, -0.309017, 0.5, 0.0, -0.309017, 0.5, 0.809017, 0.0, 0.0, 0.0, 0.0, 1.0 ], [ -0.309017, 0.5, 0.809017, 0.0, 0.5, 0.809017, -0.309017, 0.0, -0.809017, 0.309017, -0.5, 0.0, 0.0, 0.0, 0.0, 1.0 ], [ -0.809017, 0.309017, -0.5, 0.0, 0.309017, -0.5, -0.809017, 0.0, -0.5, -0.809017, 0.309017, 0.0, 0.0, 0.0, 0.0, 1.0 ], [ -0.809017, -0.309017, 0.5, 0.0, 0.309017, 0.5, 0.809017, 0.0, -0.5, 0.809017, -0.309017, 0.0, 0.0, 0.0, 0.0, 1.0 ], [ -0.5, 0.809017, -0.309017, 0.0, 0.809017, 0.309017, -0.5, 0.0, -0.309017, -0.5, -0.809017, 0.0, 0.0, 0.0, 0.0, 1.0 ], [ -0.309017, -0.5, -0.809017, 0.0, 0.5, -0.809017, 0.309017, 0.0, -0.809017, -0.309017, 0.5, 0.0, 0.0, 0.0, 0.0, 1.0 ] ],
  "lights" : {
    "backgroundColor" : "#CCCCCC",
    "ambientColor" : "#292929",
    "directionalLights" : [ {
      "direction" : {
        "x" : 1.0,
        "y" : -1.0,
        "z" : -1.0
      },
      "color" : "#EBEBE4"
    }, {
      "direction" : {
        "x" : -1.0,
        "y" : 0.0,
        "z" : 0.0
      },
      "color" : "#E4E4EB"
    }, {
      "direction" : {
        "x" : 0.0,
        "y" : 0.0,
        "z" : -1.0
      },
      "color" : "#1E1E1E"
    } ]
  },
  "camera" : {
    "width" : 100.52153,
    "stereo" : false,
    "viewDistance" : 223.38115,
    "nearClipDistance" : 0.5584532,
    "farClipDistance" : 446.7618,
    "lookAtPoint" : {
      "x" : 0.0,
      "y" : 0.0,
      "z" : 0.0
    },
    "fieldOfView" : 0.44262892,
    "perspective" : true,
    "lookDirection" : {
      "x" : -0.5257311,
      "y" : 0.0,
      "z" : -0.8506508
    },
    "upDirection" : {
      "x" : 0.0,
      "y" : 1.0,
      "z" : 0.0
    },
    "position" : {
      "x" : 117.438416,
      "y" : 0.0,
      "z" : 190.01935
    }
  },
  "embedding" : [ 1.0, 0.0, 0.0, 0.0, 0.0, 1.0, 0.0, 0.0, 0.0, 0.0, 1.0, 0.0, 0.0, 0.0, 0.0, 1.0 ],
  "shapes" : [ {
    "id" : "787e568e-4404-42d1-972b-7daf074f79a7",
    "vertices" : [ {
      "x" : 0.309017,
      "y" : -0.809017,
      "z" : 0.618034
    }, {
      "x" : 0.809017,
      "y" : -0.618034,
      "z" : 0.309017
    }, {
      "x" : 0.618034,
      "y" : -0.309017,
      "z" : 0.809017
    }, {
      "x" : 1.0,
      "y" : 0.309017,
      "z" : 0.19098301
    }, {
      "x" : 0.809017,
      "y" : 0.618034,
      "z" : 0.309017
    }, {
      "x" : 0.618034,
      "y" : 0.309017,
      "z" : 0.809017
    }, {
      "x" : 0.809017,
      "y" : 0.0,
      "z" : 0.690983
    }, {
      "x" : 0.19098301,
      "y" : -1.0,
      "z" : 0.309017
    }, {
      "x" : -0.19098301,
      "y" : -1.0,
      "z" : 0.309017
    }, {
      "x" : -0.19098301,
      "y" : -1.0,
      "z" : -0.309017
    }, {
      "x" : 0.19098301,
      "y" : -1.0,
      "z" : -0.309017
    }, {
      "x" : 1.0,
      "y" : -0.309017,
      "z" : -0.19098301
    }, {
      "x" : 0.809017,
      "y" : -0.618034,
      "z" : -0.309017
    }, {
      "x" : 0.618034,
      "y" : -0.309017,
      "z" : -0.809017
    }, {
      "x" : 0.809017,
      "y" : 0.0,
      "z" : -0.690983
    }, {
      "x" : 0.0,
      "y" : 0.690983,
      "z" : -0.809017
    }, {
      "x" : 0.309017,
      "y" : 0.809017,
      "z" : -0.618034
    }, {
      "x" : 0.618034,
      "y" : 0.309017,
      "z" : -0.809017
    }, {
      "x" : 0.309017,
      "y" : 0.19098301,
      "z" : -1.0
    }, {
      "x" : 1.0,
      "y" : 0.309017,
      "z" : -0.19098301
    }, {
      "x" : -0.309017,
      "y" : -0.809017,
      "z" : 0.618034
    }, {
      "x" : 0.0,
      "y" : -0.690983,
      "z" : 0.809017
    }, {
      "x" : 0.809017,
      "y" : 0.618034,
      "z" : -0.309017
    }, {
      "x" : 0.690983,
      "y" : 0.809017,
      "z" : 0.0
    }, {
      "x" : -0.690983,
      "y" : 0.809017,
      "z" : 0.0
    }, {
      "x" : -0.809017,
      "y" : 0.618034,
      "z" : 0.309017
    }, {
      "x" : -0.309017,
      "y" : 0.809017,
      "z" : 0.618034
    }, {
      "x" : -0.19098301,
      "y" : 1.0,
      "z" : 0.309017
    }, {
      "x" : 0.309017,
      "y" : -0.19098301,
      "z" : -1.0
    }, {
      "x" : 0.19098301,
      "y" : 1.0,
      "z" : 0.309017
    }, {
      "x" : 0.309017,
      "y" : 0.809017,
      "z" : 0.618034
    }, {
      "x" : -0.809017,
      "y" : -0.618034,
      "z" : 0.309017
    }, {
      "x" : -0.690983,
      "y" : -0.809017,
      "z" : 0.0
    }, {
      "x" : 0.0,
      "y" : 0.690983,
      "z" : 0.809017
    }, {
      "x" : 0.309017,
      "y" : -0.809017,
      "z" : -0.618034
    }, {
      "x" : 0.0,
      "y" : -0.690983,
      "z" : -0.809017
    }, {
      "x" : -1.0,
      "y" : 0.309017,
      "z" : 0.19098301
    }, {
      "x" : -0.809017,
      "y" : 0.0,
      "z" : 0.690983
    }, {
      "x" : -0.618034,
      "y" : 0.309017,
      "z" : 0.809017
    }, {
      "x" : 1.0,
      "y" : -0.309017,
      "z" : 0.19098301
    }, {
      "x" : -0.309017,
      "y" : -0.809017,
      "z" : -0.618034
    }, {
      "x" : -1.0,
      "y" : 0.309017,
      "z" : -0.19098301
    }, {
      "x" : -1.0,
      "y" : -0.309017,
      "z" : -0.19098301
    }, {
      "x" : -1.0,
      "y" : -0.309017,
      "z" : 0.19098301
    }, {
      "x" : 0.19098301,
      "y" : 1.0,
      "z" : -0.309017
    }, {
      "x" : -0.809017,
      "y" : 0.618034,
      "z" : -0.309017
    }, {
      "x" : -0.19098301,
      "y" : 1.0,
      "z" : -0.309017
    }, {
      "x" : -0.309017,
      "y" : 0.809017,
      "z" : -0.618034
    }, {
      "x" : -0.618034,
      "y" : -0.309017,
      "z" : 0.809017
    }, {
      "x" : 0.309017,
      "y" : 0.19098301,
      "z" : 1.0
    }, {
      "x" : -0.309017,
      "y" : 0.19098301,
      "z" : -1.0
    }, {
      "x" : -0.309017,
      "y" : 0.19098301,
      "z" : 1.0
    }, {
      "x" : -0.309017,
      "y" : -0.19098301,
      "z" : 1.0
    }, {
      "x" : 0.309017,
      "y" : -0.19098301,
      "z" : 1.0
    }, {
      "x" : 0.690983,
      "y" : -0.809017,
      "z" : 0.0
    }, {
      "x" : -0.809017,
      "y" : 0.0,
      "z" : -0.690983
    }, {
      "x" : -0.618034,
      "y" : -0.309017,
      "z" : -0.809017
    }, {
      "x" : -0.309017,
      "y" : -0.19098301,
      "z" : -1.0
    }, {
      "x" : -0.618034,
      "y" : 0.309017,
      "z" : -0.809017
    }, {
      "x" : -0.809017,
      "y" : -0.618034,
      "z" : -0.309017
    } ],
    "faces" : [ {
      "vertices" : [ 9, 40, 35 ]
    }, {
      "vertices" : [ 9, 35, 34 ]
    }, {
      "vertices" : [ 9, 34, 10 ]
    }, {
      "vertices" : [ 0, 1, 2 ]
    }, {
      "vertices" : [ 33, 51, 49 ]
    }, {
      "vertices" : [ 25, 36, 37 ]
    }, {
      "vertices" : [ 25, 37, 38 ]
    }, {
      "vertices" : [ 41, 55, 42 ]
    }, {
      "vertices" : [ 9, 32, 59 ]
    }, {
      "vertices" : [ 9, 59, 40 ]
    }, {
      "vertices" : [ 20, 21, 52 ]
    }, {
      "vertices" : [ 20, 52, 48 ]
    }, {
      "vertices" : [ 26, 33, 30 ]
    }, {
      "vertices" : [ 26, 30, 29 ]
    }, {
      "vertices" : [ 26, 29, 27 ]
    }, {
      "vertices" : [ 3, 4, 5 ]
    }, {
      "vertices" : [ 3, 5, 6 ]
    }, {
      "vertices" : [ 27, 29, 44 ]
    }, {
      "vertices" : [ 27, 44, 46 ]
    }, {
      "vertices" : [ 50, 57, 56 ]
    }, {
      "vertices" : [ 50, 56, 55 ]
    }, {
      "vertices" : [ 50, 55, 58 ]
    }, {
      "vertices" : [ 26, 38, 51 ]
    }, {
      "vertices" : [ 26, 51, 33 ]
    }, {
      "vertices" : [ 45, 47, 58 ]
    }, {
      "vertices" : [ 18, 28, 57 ]
    }, {
      "vertices" : [ 18, 57, 50 ]
    }, {
      "vertices" : [ 40, 59, 56 ]
    }, {
      "vertices" : [ 31, 48, 37 ]
    }, {
      "vertices" : [ 31, 37, 43 ]
    }, {
      "vertices" : [ 7, 8, 9 ]
    }, {
      "vertices" : [ 7, 9, 10 ]
    }, {
      "vertices" : [ 36, 41, 42 ]
    }, {
      "vertices" : [ 36, 42, 43 ]
    }, {
      "vertices" : [ 24, 46, 47 ]
    }, {
      "vertices" : [ 24, 47, 45 ]
    }, {
      "vertices" : [ 4, 30, 5 ]
    }, {
      "vertices" : [ 15, 47, 46 ]
    }, {
      "vertices" : [ 15, 46, 44 ]
    }, {
      "vertices" : [ 15, 44, 16 ]
    }, {
      "vertices" : [ 15, 50, 58 ]
    }, {
      "vertices" : [ 15, 58, 47 ]
    }, {
      "vertices" : [ 24, 45, 41 ]
    }, {
      "vertices" : [ 24, 41, 36 ]
    }, {
      "vertices" : [ 24, 36, 25 ]
    }, {
      "vertices" : [ 11, 14, 19 ]
    }, {
      "vertices" : [ 3, 6, 39 ]
    }, {
      "vertices" : [ 1, 39, 6 ]
    }, {
      "vertices" : [ 1, 6, 2 ]
    }, {
      "vertices" : [ 8, 32, 9 ]
    }, {
      "vertices" : [ 11, 12, 13 ]
    }, {
      "vertices" : [ 11, 13, 14 ]
    }, {
      "vertices" : [ 16, 22, 17 ]
    }, {
      "vertices" : [ 0, 21, 20 ]
    }, {
      "vertices" : [ 0, 20, 8 ]
    }, {
      "vertices" : [ 0, 8, 7 ]
    }, {
      "vertices" : [ 12, 34, 13 ]
    }, {
      "vertices" : [ 35, 40, 56 ]
    }, {
      "vertices" : [ 35, 56, 57 ]
    }, {
      "vertices" : [ 0, 7, 54 ]
    }, {
      "vertices" : [ 0, 54, 1 ]
    }, {
      "vertices" : [ 15, 16, 17 ]
    }, {
      "vertices" : [ 15, 17, 18 ]
    }, {
      "vertices" : [ 3, 19, 22 ]
    }, {
      "vertices" : [ 3, 22, 23 ]
    }, {
      "vertices" : [ 3, 23, 4 ]
    }, {
      "vertices" : [ 7, 10, 54 ]
    }, {
      "vertices" : [ 41, 45, 58 ]
    }, {
      "vertices" : [ 41, 58, 55 ]
    }, {
      "vertices" : [ 3, 39, 11 ]
    }, {
      "vertices" : [ 3, 11, 19 ]
    }, {
      "vertices" : [ 14, 17, 22 ]
    }, {
      "vertices" : [ 14, 22, 19 ]
    }, {
      "vertices" : [ 0, 2, 53 ]
    }, {
      "vertices" : [ 0, 53, 21 ]
    }, {
      "vertices" : [ 49, 51, 52 ]
    }, {
      "vertices" : [ 49, 52, 53 ]
    }, {
      "vertices" : [ 31, 43, 42 ]
    }, {
      "vertices" : [ 31, 42, 59 ]
    }, {
      "vertices" : [ 31, 59, 32 ]
    }, {
      "vertices" : [ 15, 18, 50 ]
    }, {
      "vertices" : [ 42, 55, 56 ]
    }, {
      "vertices" : [ 42, 56, 59 ]
    }, {
      "vertices" : [ 4, 23, 29 ]
    }, {
      "vertices" : [ 4, 29, 30 ]
    }, {
      "vertices" : [ 25, 38, 26 ]
    }, {
      "vertices" : [ 13, 28, 18 ]
    }, {
      "vertices" : [ 13, 18, 17 ]
    }, {
      "vertices" : [ 13, 17, 14 ]
    }, {
      "vertices" : [ 8, 20, 31 ]
    }, {
      "vertices" : [ 8, 31, 32 ]
    }, {
      "vertices" : [ 23, 44, 29 ]
    }, {
      "vertices" : [ 24, 27, 46 ]
    }, {
      "vertices" : [ 37, 48, 52 ]
    }, {
      "vertices" : [ 37, 52, 51 ]
    }, {
      "vertices" : [ 37, 51, 38 ]
    }, {
      "vertices" : [ 20, 48, 31 ]
    }, {
      "vertices" : [ 24, 25, 26 ]
    }, {
      "vertices" : [ 24, 26, 27 ]
    }, {
      "vertices" : [ 16, 44, 23 ]
    }, {
      "vertices" : [ 16, 23, 22 ]
    }, {
      "vertices" : [ 13, 34, 35 ]
    }, {
      "vertices" : [ 13, 35, 28 ]
    }, {
      "vertices" : [ 10, 34, 12 ]
    }, {
      "vertices" : [ 10, 12, 54 ]
    }, {
      "vertices" : [ 2, 6, 5 ]
    }, {
      "vertices" : [ 2, 5, 49 ]
    }, {
      "vertices" : [ 2, 49, 53 ]
    }, {
      "vertices" : [ 36, 43, 37 ]
    }, {
      "vertices" : [ 5, 30, 33 ]
    }, {
      "vertices" : [ 5, 33, 49 ]
    }, {
      "vertices" : [ 1, 54, 12 ]
    }, {
      "vertices" : [ 1, 12, 11 ]
    }, {
      "vertices" : [ 1, 11, 39 ]
    }, {
      "vertices" : [ 28, 35, 57 ]
    }, {
      "vertices" : [ 21, 53, 52 ]
    } ]
  }, {
    "id" : "f91b0021-e126-4dd6-b9d8-6e560ba22207",
    "vertices" : [ {
      "x" : 7.472136,
      "y" : 0.309017,
      "z" : 0.19098301
    }, {
      "x" : 7.472136,
      "y" : 0.309017,
      "z" : -0.19098301
    }, {
      "x" : 1.0,
      "y" : 0.309017,
      "z" : -0.19098301
    }, {
      "x" : 1.0,
      "y" : 0.309017,
      "z" : 0.19098301
    }, {
      "x" : 7.472136,
      "y" : -0.309017,
      "z" : 0.19098301
    }, {
      "x" : 1.0,
      "y" : -0.309017,
      "z" : 0.19098301
    }, {
      "x" : 1.0,
      "y" : -0.309017,
      "z" : -0.19098301
    }, {
      "x" : 7.472136,
      "y" : -0.309017,
      "z" : -0.19098301
    }, {
      "x" : 8.472136,
      "y" : 0.0,
      "z" : 0.0
    } ],
    "faces" : [ {
      "vertices" : [ 1, 7, 6 ]
    }, {
      "vertices" : [ 1, 6, 2 ]
    }, {
      "vertices" : [ 0, 1, 2 ]
    }, {
      "vertices" : [ 0, 2, 3 ]
    }, {
      "vertices" : [ 4, 5, 6 ]
    }, {
      "vertices" : [ 4, 6, 7 ]
    }, {
      "vertices" : [ 0, 3, 5 ]
    }, {
      "vertices" : [ 0, 5, 4 ]
    } ]
  }, {
    "id" : "af7bb3a2-732e-48a8-81f5-1d0a199c1602",
    "vertices" : [ {
      "x" : 17.135256,
      "y" : 10.708204,
      "z" : 0.309017
    }, {
      "x" : 18.753288,
      "y" : 11.472136,
      "z" : 0.309017
    }, {
      "x" : 18.562305,
      "y" : 11.781153,
      "z" : 0.19098301
    }, {
      "x" : 0.809017,
      "y" : 0.618034,
      "z" : -0.309017
    }, {
      "x" : 0.690983,
      "y" : 0.809017,
      "z" : 0.0
    }, {
      "x" : 17.017221,
      "y" : 10.899187,
      "z" : 0.0
    }, {
      "x" : 17.135256,
      "y" : 10.708204,
      "z" : -0.309017
    }, {
      "x" : 35.079525,
      "y" : 21.562305,
      "z" : 0.309017
    }, {
      "x" : 17.326239,
      "y" : 10.399187,
      "z" : 0.19098301
    }, {
      "x" : 17.326239,
      "y" : 10.399187,
      "z" : -0.19098301
    }, {
      "x" : 18.871323,
      "y" : 11.281153,
      "z" : 0.0
    }, {
      "x" : 18.753288,
      "y" : 11.472136,
      "z" : -0.309017
    }, {
      "x" : 35.19756,
      "y" : 21.371323,
      "z" : 0.0
    }, {
      "x" : 1.0,
      "y" : 0.309017,
      "z" : 0.19098301
    }, {
      "x" : 1.0,
      "y" : 0.309017,
      "z" : -0.19098301
    }, {
      "x" : 0.809017,
      "y" : 0.618034,
      "z" : 0.309017
    }, {
      "x" : 34.888542,
      "y" : 21.871323,
      "z" : 0.19098301
    }, {
      "x" : 35.079525,
      "y" : 21.562305,
      "z" : -0.309017
    }, {
      "x" : 34.888542,
      "y" : 21.871323,
      "z" : -0.19098301
    }, {
      "x" : 35.888542,
      "y" : 22.18034,
      "z" : 0.0
    }, {
      "x" : 18.562305,
      "y" : 11.781153,
      "z" : -0.19098301
    } ],
    "faces" : [ {
      "vertices" : [ 3, 6, 9 ]
    }, {
      "vertices" : [ 3, 9, 14 ]
    }, {
      "vertices" : [ 11, 20, 18 ]
    }, {
      "vertices" : [ 11, 18, 17 ]
    }, {
      "vertices" : [ 0, 1, 2 ]
    }, {
      "vertices" : [ 0, 15, 13 ]
    }, {
      "vertices" : [ 0, 13, 8 ]
    }, {
      "vertices" : [ 6, 20, 11 ]
    }, {
      "vertices" : [ 0, 2, 5 ]
    }, {
      "vertices" : [ 0, 8, 1 ]
    }, {
      "vertices" : [ 8, 13, 14 ]
    }, {
      "vertices" : [ 8, 14, 9 ]
    }, {
      "vertices" : [ 3, 4, 5 ]
    }, {
      "vertices" : [ 3, 5, 6 ]
    }, {
      "vertices" : [ 10, 11, 17 ]
    }, {
      "vertices" : [ 10, 17, 12 ]
    }, {
      "vertices" : [ 1, 8, 10 ]
    }, {
      "vertices" : [ 0, 5, 4 ]
    }, {
      "vertices" : [ 0, 4, 15 ]
    }, {
      "vertices" : [ 2, 16, 18 ]
    }, {
      "vertices" : [ 2, 18, 20 ]
    }, {
      "vertices" : [ 1, 7, 16 ]
    }, {
      "vertices" : [ 1, 16, 2 ]
    }, {
      "vertices" : [ 6, 11, 9 ]
    }, {
      "vertices" : [ 8, 9, 10 ]
    }, {
      "vertices" : [ 2, 20, 5 ]
    }, {
      "vertices" : [ 9, 11, 10 ]
    }, {
      "vertices" : [ 1, 10, 12 ]
    }, {
      "vertices" : [ 1, 12, 7 ]
    }, {
      "vertices" : [ 5, 20, 6 ]
    } ]
  } ],
  "instances" : [ {
    "shape" : "787e568e-4404-42d1-972b-7daf074f79a7",
    "color" : "#FFFFFF",
    "position" : {
      "x" : -13.708204,
      "y" : -17.944271,
      "z" : 11.09017
    }
  }, {
    "shape" : "f91b0021-e126-4dd6-b9d8-6e560ba22207",
    "color" : "#007695",
    "position" : {
      "x" : 13.708204,
      "y" : 17.944271,
      "z" : -11.09017
    },
    "orientation" : 24
  }, {
    "shape" : "f91b0021-e126-4dd6-b9d8-6e560ba22207",
    "color" : "#007695",
    "position" : {
      "x" : 11.09017,
      "y" : -22.18034,
      "z" : -4.236068
    },
    "orientation" : 52
  }, {
    "shape" : "787e568e-4404-42d1-972b-7daf074f79a7",
    "color" : "#FFFFFF",
    "position" : {
      "x" : -4.236068,
      "y" : -24.798374,
      "z" : 0.0
    }
  }, {
    "shape" : "f91b0021-e126-4dd6-b9d8-6e560ba22207",
    "color" : "#007695",
    "position" : {
      "x" : 4.236068,
      "y" : 11.09017,
      "z" : 22.18034
    },
    "orientation" : 45
  }, {
    "shape" : "787e568e-4404-42d1-972b-7daf074f79a7",
    "color" : "#FFFFFF",
    "position" : {
      "x" : 4.236068,
      "y" : -11.09017,
      "z" : 22.18034
    }
  }, {
    "shape" : "787e568e-4404-42d1-972b-7daf074f79a7",
    "color" : "#FFFFFF",
    "position" : {
      "x" : -24.798374,
      "y" : 0.0,
      "z" : -4.236068
    }
  }, {
    "shape" : "f91b0021-e126-4dd6-b9d8-6e560ba22207",
    "color" : "#007695",
    "position" : {
      "x" : 0.0,
      "y" : 4.236068,
      "z" : -24.798374
    },
    "orientation" : 51
  }, {
    "shape" : "f91b0021-e126-4dd6-b9d8-6e560ba22207",
    "color" : "#007695",
    "position" : {
      "x" : -11.09017,
      "y" : -13.708204,
      "z" : 17.944271
    },
    "orientation" : 56
  }, {
    "shape" : "af7bb3a2-732e-48a8-81f5-1d0a199c1602",
    "color" : "#AF0000",
    "position" : {
      "x" : -17.944271,
      "y" : -11.09017,
      "z" : -13.708204
    },
    "orientation" : 0
  }, {
    "shape" : "f91b0021-e126-4dd6-b9d8-6e560ba22207",
    "color" : "#007695",
    "position" : {
      "x" : -17.944271,
      "y" : 11.09017,
      "z" : -13.708204
    },
    "orientation" : 39
  }, {
    "shape" : "af7bb3a2-732e-48a8-81f5-1d0a199c1602",
    "color" : "#AF0000",
    "position" : {
      "x" : -11.09017,
      "y" : 22.18034,
      "z" : 4.236068
    },
    "orientation" : 15
  }, {
    "shape" : "787e568e-4404-42d1-972b-7daf074f79a7",
    "color" : "#FFFFFF",
    "position" : {
      "x" : 11.09017,
      "y" : 22.18034,
      "z" : -4.236068
    }
  }, {
    "shape" : "787e568e-4404-42d1-972b-7daf074f79a7",
    "color" : "#FFFFFF",
    "position" : {
      "x" : -11.09017,
      "y" : -13.708204,
      "z" : -17.944271
    }
  }, {
    "shape" : "787e568e-4404-42d1-972b-7daf074f79a7",
    "color" : "#FFFFFF",
    "position" : {
      "x" : -11.09017,
      "y" : -22.18034,
      "z" : 4.236068
    }
  }, {
    "shape" : "787e568e-4404-42d1-972b-7daf074f79a7",
    "color" : "#FFFFFF",
    "position" : {
      "x" : 11.09017,
      "y" : -13.708204,
      "z" : 17.944271
    }
  }, {
    "shape" : "787e568e-4404-42d1-972b-7daf074f79a7",
    "color" : "#FFFFFF",
    "position" : {
      "x" : -17.944271,
      "y" : 11.09017,
      "z" : -13.708204
    }
  }, {
    "shape" : "787e568e-4404-42d1-972b-7daf074f79a7",
    "color" : "#FFFFFF",
    "position" : {
      "x" : -4.236068,
      "y" : 11.09017,
      "z" : -22.18034
    }
  }, {
    "shape" : "f91b0021-e126-4dd6-b9d8-6e560ba22207",
    "color" : "#007695",
    "position" : {
      "x" : 24.798374,
      "y" : 0.0,
      "z" : -4.236068
    },
    "orientation" : 22
  }, {
    "shape" : "af7bb3a2-732e-48a8-81f5-1d0a199c1602",
    "color" : "#AF0000",
    "position" : {
      "x" : 11.09017,
      "y" : 22.18034,
      "z" : 4.236068
    },
    "orientation" : 16
  }, {
    "shape" : "787e568e-4404-42d1-972b-7daf074f79a7",
    "color" : "#FFFFFF",
    "position" : {
      "x" : -4.236068,
      "y" : 24.798374,
      "z" : 0.0
    }
  }, {
    "shape" : "af7bb3a2-732e-48a8-81f5-1d0a199c1602",
    "color" : "#AF0000",
    "position" : {
      "x" : -22.18034,
      "y" : 4.236068,
      "z" : -11.09017
    },
    "orientation" : 15
  }, {
    "shape" : "f91b0021-e126-4dd6-b9d8-6e560ba22207",
    "color" : "#007695",
    "position" : {
      "x" : 17.944271,
      "y" : -11.09017,
      "z" : -13.708204
    },
    "orientation" : 39
  }, {
    "shape" : "f91b0021-e126-4dd6-b9d8-6e560ba22207",
    "color" : "#007695",
    "position" : {
      "x" : -22.18034,
      "y" : -4.236068,
      "z" : -11.09017
    },
    "orientation" : 24
  }, {
    "shape" : "af7bb3a2-732e-48a8-81f5-1d0a199c1602",
    "color" : "#AF0000",
    "position" : {
      "x" : 11.09017,
      "y" : -13.708204,
      "z" : 17.944271
    },
    "orientation" : 47
  }, {
    "shape" : "f91b0021-e126-4dd6-b9d8-6e560ba22207",
    "color" : "#007695",
    "position" : {
      "x" : -13.708204,
      "y" : -17.944271,
      "z" : 11.09017
    },
    "orientation" : 10
  }, {
    "shape" : "787e568e-4404-42d1-972b-7daf074f79a7",
    "color" : "#FFFFFF",
    "position" : {
      "x" : 13.708204,
      "y" : 17.944271,
      "z" : -11.09017
    }
  }, {
    "shape" : "787e568e-4404-42d1-972b-7daf074f79a7",
    "color" : "#FFFFFF",
    "position" : {
      "x" : -22.18034,
      "y" : -4.236068,
      "z" : 11.09017
    }
  }, {
    "shape" : "787e568e-4404-42d1-972b-7daf074f79a7",
    "color" : "#FFFFFF",
    "position" : {
      "x" : -11.09017,
      "y" : 13.708204,
      "z" : 17.944271
    }
  }, {
    "shape" : "f91b0021-e126-4dd6-b9d8-6e560ba22207",
    "color" : "#007695",
    "position" : {
      "x" : -11.09017,
      "y" : -22.18034,
      "z" : 4.236068
    },
    "orientation" : 47
  }, {
    "shape" : "787e568e-4404-42d1-972b-7daf074f79a7",
    "color" : "#FFFFFF",
    "position" : {
      "x" : -13.708204,
      "y" : 17.944271,
      "z" : 11.09017
    }
  }, {
    "shape" : "f91b0021-e126-4dd6-b9d8-6e560ba22207",
    "color" : "#007695",
    "position" : {
      "x" : -17.944271,
      "y" : -11.09017,
      "z" : 13.708204
    },
    "orientation" : 24
  }, {
    "shape" : "f91b0021-e126-4dd6-b9d8-6e560ba22207",
    "color" : "#007695",
    "position" : {
      "x" : -11.09017,
      "y" : 22.18034,
      "z" : -4.236068
    },
    "orientation" : 22
  }, {
    "shape" : "787e568e-4404-42d1-972b-7daf074f79a7",
    "color" : "#FFFFFF",
    "position" : {
      "x" : 11.09017,
      "y" : 22.18034,
      "z" : 4.236068
    }
  }, {
    "shape" : "f91b0021-e126-4dd6-b9d8-6e560ba22207",
    "color" : "#007695",
    "position" : {
      "x" : 17.944271,
      "y" : 11.09017,
      "z" : 13.708204
    },
    "orientation" : 54
  }, {
    "shape" : "af7bb3a2-732e-48a8-81f5-1d0a199c1602",
    "color" : "#AF0000",
    "position" : {
      "x" : -11.09017,
      "y" : 13.708204,
      "z" : -17.944271
    },
    "orientation" : 31
  }, {
    "shape" : "af7bb3a2-732e-48a8-81f5-1d0a199c1602",
    "color" : "#AF0000",
    "position" : {
      "x" : -22.18034,
      "y" : 4.236068,
      "z" : 11.09017
    },
    "orientation" : 17
  }, {
    "shape" : "f91b0021-e126-4dd6-b9d8-6e560ba22207",
    "color" : "#007695",
    "position" : {
      "x" : 11.09017,
      "y" : 22.18034,
      "z" : 4.236068
    },
    "orientation" : 47
  }, {
    "shape" : "787e568e-4404-42d1-972b-7daf074f79a7",
    "color" : "#FFFFFF",
    "position" : {
      "x" : -11.09017,
      "y" : 13.708204,
      "z" : -17.944271
    }
  }, {
    "shape" : "af7bb3a2-732e-48a8-81f5-1d0a199c1602",
    "color" : "#AF0000",
    "position" : {
      "x" : 11.09017,
      "y" : 13.708204,
      "z" : 17.944271
    },
    "orientation" : 16
  }, {
    "shape" : "f91b0021-e126-4dd6-b9d8-6e560ba22207",
    "color" : "#007695",
    "position" : {
      "x" : -22.18034,
      "y" : -4.236068,
      "z" : 11.09017
    },
    "orientation" : 21
  }, {
    "shape" : "f91b0021-e126-4dd6-b9d8-6e560ba22207",
    "color" : "#007695",
    "position" : {
      "x" : -11.09017,
      "y" : 22.18034,
      "z" : 4.236068
    },
    "orientation" : 23
  }, {
    "shape" : "787e568e-4404-42d1-972b-7daf074f79a7",
    "color" : "#FFFFFF",
    "position" : {
      "x" : 22.18034,
      "y" : 4.236068,
      "z" : -11.09017
    }
  }, {
    "shape" : "f91b0021-e126-4dd6-b9d8-6e560ba22207",
    "color" : "#007695",
    "position" : {
      "x" : 11.09017,
      "y" : -13.708204,
      "z" : -17.944271
    },
    "orientation" : 11
  }, {
    "shape" : "787e568e-4404-42d1-972b-7daf074f79a7",
    "color" : "#FFFFFF",
    "position" : {
      "x" : -24.798374,
      "y" : 0.0,
      "z" : 4.236068
    }
  }, {
    "shape" : "af7bb3a2-732e-48a8-81f5-1d0a199c1602",
    "color" : "#AF0000",
    "position" : {
      "x" : -4.236068,
      "y" : 11.09017,
      "z" : 22.18034
    },
    "orientation" : 16
  }, {
    "shape" : "f91b0021-e126-4dd6-b9d8-6e560ba22207",
    "color" : "#007695",
    "position" : {
      "x" : 13.708204,
      "y" : 17.944271,
      "z" : 11.09017
    },
    "orientation" : 40
  }, {
    "shape" : "f91b0021-e126-4dd6-b9d8-6e560ba22207",
    "color" : "#007695",
    "position" : {
      "x" : 0.0,
      "y" : 4.236068,
      "z" : -24.798374
    },
    "orientation" : 16
  }, {
    "shape" : "f91b0021-e126-4dd6-b9d8-6e560ba22207",
    "color" : "#007695",
    "position" : {
      "x" : 22.18034,
      "y" : 4.236068,
      "z" : -11.09017
    },
    "orientation" : 37
  }, {
    "shape" : "af7bb3a2-732e-48a8-81f5-1d0a199c1602",
    "color" : "#AF0000",
    "position" : {
      "x" : 13.708204,
      "y" : 17.944271,
      "z" : -11.09017
    },
    "orientation" : 31
  }, {
    "shape" : "787e568e-4404-42d1-972b-7daf074f79a7",
    "color" : "#FFFFFF",
    "position" : {
      "x" : -22.18034,
      "y" : -4.236068,
      "z" : -11.09017
    }
  }, {
    "shape" : "f91b0021-e126-4dd6-b9d8-6e560ba22207",
    "color" : "#007695",
    "position" : {
      "x" : -13.708204,
      "y" : -17.944271,
      "z" : -11.09017
    },
    "orientation" : 54
  }, {
    "shape" : "f91b0021-e126-4dd6-b9d8-6e560ba22207",
    "color" : "#007695",
    "position" : {
      "x" : -22.18034,
      "y" : -4.236068,
      "z" : 11.09017
    },
    "orientation" : 1
  }, {
    "shape" : "f91b0021-e126-4dd6-b9d8-6e560ba22207",
    "color" : "#007695",
    "position" : {
      "x" : 4.236068,
      "y" : -11.09017,
      "z" : -22.18034
    },
    "orientation" : 8
  }, {
    "shape" : "f91b0021-e126-4dd6-b9d8-6e560ba22207",
    "color" : "#007695",
    "position" : {
      "x" : 4.236068,
      "y" : -24.798374,
      "z" : 0.0
    },
    "orientation" : 23
  }, {
    "shape" : "af7bb3a2-732e-48a8-81f5-1d0a199c1602",
    "color" : "#AF0000",
    "position" : {
      "x" : -13.708204,
      "y" : 17.944271,
      "z" : -11.09017
    },
    "orientation" : 15
  }, {
    "shape" : "787e568e-4404-42d1-972b-7daf074f79a7",
    "color" : "#FFFFFF",
    "position" : {
      "x" : 0.0,
      "y" : 4.236068,
      "z" : 24.798374
    }
  }, {
    "shape" : "787e568e-4404-42d1-972b-7daf074f79a7",
    "color" : "#FFFFFF",
    "position" : {
      "x" : 11.09017,
      "y" : 13.708204,
      "z" : 17.944271
    }
  }, {
    "shape" : "f91b0021-e126-4dd6-b9d8-6e560ba22207",
    "color" : "#007695",
    "position" : {
      "x" : -11.09017,
      "y" : 13.708204,
      "z" : 17.944271
    },
    "orientation" : 8
  }, {
    "shape" : "787e568e-4404-42d1-972b-7daf074f79a7",
    "color" : "#FFFFFF",
    "position" : {
      "x" : 13.708204,
      "y" : -17.944271,
      "z" : -11.09017
    }
  }, {
    "shape" : "af7bb3a2-732e-48a8-81f5-1d0a199c1602",
    "color" : "#AF0000",
    "position" : {
      "x" : 0.0,
      "y" : -4.236068,
      "z" : -24.798374
    },
    "orientation" : 2
  }, {
    "shape" : "f91b0021-e126-4dd6-b9d8-6e560ba22207",
    "color" : "#007695",
    "position" : {
      "x" : 11.09017,
      "y" : 22.18034,
      "z" : -4.236068
    },
    "orientation" : 38
  }, {
    "shape" : "787e568e-4404-42d1-972b-7daf074f79a7",
    "color" : "#FFFFFF",
    "position" : {
      "x" : 0.0,
      "y" : -4.236068,
      "z" : 24.798374
    }
  }, {
    "shape" : "f91b0021-e126-4dd6-b9d8-6e560ba22207",
    "color" : "#007695",
    "position" : {
      "x" : -13.708204,
      "y" : 17.944271,
      "z" : -11.09017
    },
    "orientation" : 25
  }, {
    "shape" : "787e568e-4404-42d1-972b-7daf074f79a7",
    "color" : "#FFFFFF",
    "position" : {
      "x" : -17.944271,
      "y" : -11.09017,
      "z" : 13.708204
    }
  }, {
    "shape" : "f91b0021-e126-4dd6-b9d8-6e560ba22207",
    "color" : "#007695",
    "position" : {
      "x" : -17.944271,
      "y" : -11.09017,
      "z" : -13.708204
    },
    "orientation" : 26
  }, {
    "shape" : "f91b0021-e126-4dd6-b9d8-6e560ba22207",
    "color" : "#007695",
    "position" : {
      "x" : -11.09017,
      "y" : 22.18034,
      "z" : 4.236068
    },
    "orientation" : 40
  }, {
    "shape" : "af7bb3a2-732e-48a8-81f5-1d0a199c1602",
    "color" : "#AF0000",
    "position" : {
      "x" : -11.09017,
      "y" : 22.18034,
      "z" : -4.236068
    },
    "orientation" : 31
  }, {
    "shape" : "f91b0021-e126-4dd6-b9d8-6e560ba22207",
    "color" : "#007695",
    "position" : {
      "x" : 24.798374,
      "y" : 0.0,
      "z" : -4.236068
    },
    "orientation" : 2
  }, {
    "shape" : "f91b0021-e126-4dd6-b9d8-6e560ba22207",
    "color" : "#007695",
    "position" : {
      "x" : -22.18034,
      "y" : -4.236068,
      "z" : -11.09017
    },
    "orientation" : 7
  }, {
    "shape" : "f91b0021-e126-4dd6-b9d8-6e560ba22207",
    "color" : "#007695",
    "position" : {
      "x" : 22.18034,
      "y" : 4.236068,
      "z" : 11.09017
    },
    "orientation" : 51
  }, {
    "shape" : "af7bb3a2-732e-48a8-81f5-1d0a199c1602",
    "color" : "#AF0000",
    "position" : {
      "x" : 4.236068,
      "y" : 24.798374,
      "z" : 0.0
    },
    "orientation" : 31
  }, {
    "shape" : "f91b0021-e126-4dd6-b9d8-6e560ba22207",
    "color" : "#007695",
    "position" : {
      "x" : 17.944271,
      "y" : -11.09017,
      "z" : 13.708204
    },
    "orientation" : 41
  }, {
    "shape" : "f91b0021-e126-4dd6-b9d8-6e560ba22207",
    "color" : "#007695",
    "position" : {
      "x" : -4.236068,
      "y" : 11.09017,
      "z" : 22.18034
    },
    "orientation" : 21
  }, {
    "shape" : "787e568e-4404-42d1-972b-7daf074f79a7",
    "color" : "#FFFFFF",
    "position" : {
      "x" : -13.708204,
      "y" : -17.944271,
      "z" : -11.09017
    }
  }, {
    "shape" : "af7bb3a2-732e-48a8-81f5-1d0a199c1602",
    "color" : "#AF0000",
    "position" : {
      "x" : -24.798374,
      "y" : 0.0,
      "z" : 4.236068
    },
    "orientation" : 15
  }, {
    "shape" : "af7bb3a2-732e-48a8-81f5-1d0a199c1602",
    "color" : "#AF0000",
    "position" : {
      "x" : -13.708204,
      "y" : 17.944271,
      "z" : 11.09017
    },
    "orientation" : 16
  }, {
    "shape" : "f91b0021-e126-4dd6-b9d8-6e560ba22207",
    "color" : "#007695",
    "position" : {
      "x" : -11.09017,
      "y" : 13.708204,
      "z" : -17.944271
    },
    "orientation" : 26
  }, {
    "shape" : "787e568e-4404-42d1-972b-7daf074f79a7",
    "color" : "#FFFFFF",
    "position" : {
      "x" : 11.09017,
      "y" : 13.708204,
      "z" : -17.944271
    }
  }, {
    "shape" : "787e568e-4404-42d1-972b-7daf074f79a7",
    "color" : "#FFFFFF",
    "position" : {
      "x" : 24.798374,
      "y" : 0.0,
      "z" : -4.236068
    }
  }, {
    "shape" : "787e568e-4404-42d1-972b-7daf074f79a7",
    "color" : "#FFFFFF",
    "position" : {
      "x" : 4.236068,
      "y" : -24.798374,
      "z" : 0.0
    }
  }, {
    "shape" : "f91b0021-e126-4dd6-b9d8-6e560ba22207",
    "color" : "#007695",
    "position" : {
      "x" : -4.236068,
      "y" : -11.09017,
      "z" : -22.18034
    },
    "orientation" : 6
  }, {
    "shape" : "f91b0021-e126-4dd6-b9d8-6e560ba22207",
    "color" : "#007695",
    "position" : {
      "x" : 4.236068,
      "y" : -11.09017,
      "z" : 22.18034
    },
    "orientation" : 26
  }, {
    "shape" : "f91b0021-e126-4dd6-b9d8-6e560ba22207",
    "color" : "#007695",
    "position" : {
      "x" : 11.09017,
      "y" : 22.18034,
      "z" : 4.236068
    },
    "orientation" : 37
  }, {
    "shape" : "787e568e-4404-42d1-972b-7daf074f79a7",
    "color" : "#FFFFFF",
    "position" : {
      "x" : 17.944271,
      "y" : 11.09017,
      "z" : 13.708204
    }
  }, {
    "shape" : "f91b0021-e126-4dd6-b9d8-6e560ba22207",
    "color" : "#007695",
    "position" : {
      "x" : -4.236068,
      "y" : -11.09017,
      "z" : 22.18034
    },
    "orientation" : 0
  }, {
    "shape" : "787e568e-4404-42d1-972b-7daf074f79a7",
    "color" : "#FFFFFF",
    "position" : {
      "x" : -13.708204,
      "y" : 17.944271,
      "z" : -11.09017
    }
  }, {
    "shape" : "f91b0021-e126-4dd6-b9d8-6e560ba22207",
    "color" : "#007695",
    "position" : {
      "x" : -13.708204,
      "y" : 17.944271,
      "z" : 11.09017
    },
    "orientation" : 39
  }, {
    "shape" : "f91b0021-e126-4dd6-b9d8-6e560ba22207",
    "color" : "#007695",
    "position" : {
      "x" : -4.236068,
      "y" : 11.09017,
      "z" : -22.18034
    },
    "orientation" : 0
  }, {
    "shape" : "f91b0021-e126-4dd6-b9d8-6e560ba22207",
    "color" : "#007695",
    "position" : {
      "x" : 13.708204,
      "y" : -17.944271,
      "z" : -11.09017
    },
    "orientation" : 55
  }, {
    "shape" : "f91b0021-e126-4dd6-b9d8-6e560ba22207",
    "color" : "#007695",
    "position" : {
      "x" : -4.236068,
      "y" : -24.798374,
      "z" : 0.0
    },
    "orientation" : 38
  }, {
    "shape" : "787e568e-4404-42d1-972b-7daf074f79a7",
    "color" : "#FFFFFF",
    "position" : {
      "x" : 0.0,
      "y" : 4.236068,
      "z" : -24.798374
    }
  }, {
    "shape" : "f91b0021-e126-4dd6-b9d8-6e560ba22207",
    "color" : "#007695",
    "position" : {
      "x" : 24.798374,
      "y" : 0.0,
      "z" : 4.236068
    },
    "orientation" : 7
  }, {
    "shape" : "787e568e-4404-42d1-972b-7daf074f79a7",
    "color" : "#FFFFFF",
    "position" : {
      "x" : 13.708204,
      "y" : 17.944271,
      "z" : 11.09017
    }
  }, {
    "shape" : "787e568e-4404-42d1-972b-7daf074f79a7",
    "color" : "#FFFFFF",
    "position" : {
      "x" : -11.09017,
      "y" : 22.18034,
      "z" : -4.236068
    }
  }, {
    "shape" : "787e568e-4404-42d1-972b-7daf074f79a7",
    "color" : "#FFFFFF",
    "position" : {
      "x" : -22.18034,
      "y" : 4.236068,
      "z" : 11.09017
    }
  }, {
    "shape" : "787e568e-4404-42d1-972b-7daf074f79a7",
    "color" : "#FFFFFF",
    "position" : {
      "x" : 22.18034,
