{
  "field" : "golden",
  "symmetry" : "icosahedral",
  "orientations" : [ [ 1.0, 0.0, 0.0, 0.0, 0.0, 1.0, 0.0, 0.0, 0.0, 0.0, 1.0, 0.0, 0.0, 0.0, 0.0, 1.0 ], [ 0.0, 0.0, 1.0, 0.0, 1.0, 0.0, 0.0, 0.0, 0.0, 1.0, 0.0, 0.0, 0.0, 0.0, 0.0, 1.0 ], [ 0.0, 1.0, 0.0, 0.0, 0.0, 0.0, 1.0, 0.0, 1.0, 0.0, 0.0, 0.0, 0.0, 0.0, 0.0, 1.0 ], [ 0.809017, 0.309017, 0.5, 0.0, 0.309017, 0.5, -0.809017, 0.0, -0.5, 0.809017, 0.309017, 0.0, 0.0, 0.0, 0.0, 1.0 ], [ -0.5, 0.809017, 0.309017, 0.0, 0.809017, 0.309017, 0.5, 0.0, 0.309017, 0.5, -0.809017, 0.0, 0.0, 0.0, 0.0, 1.0 ], [ 0.309017, 0.5, -0.809017, 0.0, -0.5, 0.809017, 0.309017, 0.0, 0.809017, 0.309017, 0.5, 0.0, 0.0, 0.0, 0.0, 1.0 ], [ 0.5, 0.809017, 0.309017, 0.0, 0.809017, -0.309017, -0.5, 0.0, -0.309017, 0.5, -0.809017, 0.0, 0.0, 0.0, 0.0, 1.0 ], [ -0.309017, 0.5, -0.809017, 0.0, 0.5, 0.809017, 0.309017, 0.0, 0.809017, -0.309017, -0.5, 0.0, 0.0, 0.0, 0.0, 1.0 ], [ 0.809017, -0.309017, -0.5, 0.0, -0.309017, 0.5, -0.809017, 0.0, 0.5, 0.809017, 0.309017, 0.0, 0.0, 0.0, 0.0, 1.0 ], [ 0.5, 0.809017, -0.309017, 0.0, 0.809017, -0.309017, 0.5, 0.0, 0.309017, -0.5, -0.809017, 0.0, 0.0, 0.0, 0.0, 1.0 ], [ 0.309017, -0.5, -0.809017, 0.0, 0.5, 0.809017, -0.309017, 0.0, 0.809017, -0.309017, 0.5, 0.0, 0.0, 0.0, 0.0, 1.0 ], [ 0.809017, -0.309017, 0.5, 0.0, 0.309017, -0.5, -0.809017, 0.0, 0.5, 0.809017, -0.309017, 0.0, 0.0, 0.0, 0.0, 1.0 ], [ 0.809017, 0.309017, -0.5, 0.0, 0.309017, 0.5, 0.809017, 0.0, 0.5, -0.809017, 0.309017, 0.0, 0.0, 0.0, 0.0, 1.0 ], [ 0.5, -0.809017, 0.309017, 0.0, 0.809017, 0.309017, -0.5, 0.0, 0.309017, 0.5, 0.809017, 0.0, 0.0, 0.0, 0.0, 1.0 ], [ 0.309017, 0.5, 0.809017, 0.0, 0.5, -0.809017, 0.309017, 0.0, 0.809017, 0.309017, -0.5, 0.0, 0.0, 0.0, 0.0, 1.0 ], [ 1.0, 0.0, 0.0, 0.0, 0.0, -1.0, 0.0, 0.0, 0.0, 0.0, -1.0, 0.0, 0.0, 0.0, 0.0, 1.0 ], [ 0.0, 0.0, 1.0, 0.0, -1.0, 0.0, 0.0, 0.0, 0.0, -1.0, 0.0, 0.0, 0.0, 0.0, 0.0, 1.0 ], [ 0.0, 1.0, 0.0, 0.0, 0.0, 0.0, -1.0, 0.0, -1.0, 0.0, 0.0, 0.0, 0.0, 0.0, 0.0, 1.0 ], [ 0.809017, 0.309017, 0.5, 0.0, -0.309017, -0.5, 0.809017, 0.0, 0.5, -0.809017, -0.309017, 0.0, 0.0, 0.0, 0.0, 1.0 ], [ -0.5, 0.809017, 0.309017, 0.0, -0.809017, -0.309017, -0.5, 0.0, -0.309017, -0.5, 0.809017, 0.0, 0.0, 0.0, 0.0, 1.0 ], [ 0.309017, 0.5, -0.809017, 0.0, 0.5, -0.809017, -0.309017, 0.0, -0.809017, -0.309017, -0.5, 0.0, 0.0, 0.0, 0.0, 1.0 ], [ 0.5, 0.809017, 0.309017, 0.0, -0.809017, 0.309017, 0.5, 0.0, 0.309017, -0.5, 0.809017, 0.0, 0.0, 0.0, 0.0, 1.0 ], [ -0.309017, 0.5, -0.809017, 0.0, -0.5, -0.809017, -0.309017, 0.0, -0.809017, 0.309017, 0.5, 0.0, 0.0, 0.0, 0.0, 1.0 ], [ 0.809017, -0.309017, -0.5, 0.0, 0.309017, -0.5, 0.809017, 0.0, -0.5, -0.809017, -0.309017, 0.0, 0.0, 0.0, 0.0, 1.0 ], [ 0.5, 0.809017, -0.309017, 0.0, -0.809017, 0.309017, -0.5, 0.0, -0.309017, 0.5, 0.809017, 0.0, 0.0, 0.0, 0.0, 1.0 ], [ 0.309017, -0.5, -0.809017, 0.0, -0.5, -0.809017, 0.309017, 0.0, -0.809017, 0.309017, -0.5, 0.0, 0.0, 0.0, 0.0, 1.0 ], [ 0.809017, -0.309017, 0.5, 0.0, -0.309017, 0.5, 0.809017, 0.0, -0.5, -0.809017, 0.309017, 0.0, 0.0, 0.0, 0.0, 1.0 ], [ 0.809017, 0.309017, -0.5, 0.0, -0.309017, -0.5, -0.809017, 0.0, -0.5, 0.809017, -0.309017, 0.0, 0.0, 0.0, 0.0, 1.0 ], [ 0.5, -0.809017, 0.309017, 0.0, -0.809017, -0.309017, 0.5, 0.0, -0.309017, -0.5, -0.809017, 0.0, 0.0, 0.0, 0.0, 1.0 ], [ 0.309017, 0.5, 0.809017, 0.0, -0.5, 0.809017, -0.309017, 0.0, -0.809017, -0.309017, 0.5, 0.0, 0.0, 0.0, 0.0, 1.0 ], [ -1.0, 0.0, 0.0, 0.0, 0.0, -1.0, 0.0, 0.0, 0.0, 0.0, 1.0, 0.0, 0.0, 0.0, 0.0, 1.0 ], [ 0.0, 0.0, -1.0, 0.0, -1.0, 0.0, 0.0, 0.0, 0.0, 1.0, 0.0, 0.0, 0.0, 0.0, 0.0, 1.0 ], [ 0.0, -1.0, 0.0, 0.0, 0.0, 0.0, -1.0, 0.0, 1.0, 0.0, 0.0, 0.0, 0.0, 0.0, 0.0, 1.0 ], [ -0.809017, -0.309017, -0.5, 0.0, -0.309017, -0.5, 0.809017, 0.0, -0.5, 0.809017, 0.309017, 0.0, 0.0, 0.0, 0.0, 1.0 ], [ 0.5, -0.809017, -0.309017, 0.0, -0.809017, -0.309017, -0.5, 0.0, 0.309017, 0.5, -0.809017, 0.0, 0.0, 0.0, 0.0, 1.0 ], [ -0.309017, -0.5, 0.809017, 0.0, 0.5, -0.809017, -0.309017, 0.0, 0.809017, 0.309017, 0.5, 0.0, 0.0, 0.0, 0.0, 1.0 ], [ -0.5, -0.809017, -0.309017, 0.0, -0.809017, 0.309017, 0.5, 0.0, -0.309017, 0.5, -0.809017, 0.0, 0.0, 0.0, 0.0, 1.0 ], [ 0.309017, -0.5, 0.809017, 0.0, -0.5, -0.809017, -0.309017, 0.0, 0.809017, -0.309017, -0.5, 0.0, 0.0, 0.0, 0.0, 1.0 ], [ -0.809017, 0.309017, 0.5, 0.0, 0.309017, -0.5, 0.809017, 0.0, 0.5, 0.809017, 0.309017, 0.0, 0.0, 0.0, 0.0, 1.0 ], [ -0.5, -0.809017, 0.309017, 0.0, -0.809017, 0.309017, -0.5, 0.0, 0.309017, -0.5, -0.809017, 0.0, 0.0, 0.0, 0.0, 1.0 ], [ -0.309017, 0.5, 0.809017, 0.0, -0.5, -0.809017, 0.309017, 0.0, 0.809017, -0.309017, 0.5, 0.0, 0.0, 0.0, 0.0, 1.0 ], [ -0.809017, 0.309017, -0.5, 0.0, -0.309017, 0.5, 0.809017, 0.0, 0.5, 0.809017, -0.309017, 0.0, 0.0, 0.0, 0.0, 1.0 ], [ -0.809017, -0.309017, 0.5, 0.0, -0.309017, -0.5, -0.809017, 0.0, 0.5, -0.809017, 0.309017, 0.0, 0.0, 0.0, 0.0, 1.0 ], [ -0.5, 0.809017, -0.309017, 0.0, -0.809017, -0.309017, 0.5, 0.0, 0.309017, 0.5, 0.809017, 0.0, 0.0, 0.0, 0.0, 1.0 ], [ -0.309017, -0.5, -0.809017, 0.0, -0.5, 0.809017, -0.309017, 0.0, 0.809017, 0.309017, -0.5, 0.0, 0.0, 0.0, 0.0, 1.0 ], [ -1.0, 0.0, 0.0, 0.0, 0.0, 1.0, 0.0, 0.0, 0.0, 0.0, -1.0, 0.0, 0.0, 0.0, 0.0, 1.0 ], [ 0.0, 0.0, -1.0, 0.0, 1.0, 0.0, 0.0, 0.0, 0.0, -1.0, 0.0, 0.0, 0.0, 0.0, 0.0, 1.0 ], [ 0.0, -1.0, 0.0, 0.0, 0.0, 0.0, 1.0, 0.0, -1.0, 0.0, 0.0, 0.0, 0.0, 0.0, 0.0, 1.0 ], [ -0.809017, -0.309017, -0.5, 0.0, 0.309017, 0.5, -0.809017, 0.0, 0.5, -0.809017, -0.309017, 0.0, 0.0, 0.0, 0.0, 1.0 ], [ 0.5, -0.809017, -0.309017, 0.0, 0.809017, 0.309017, 0.5, 0.0, -0.309017, -0.5, 0.809017, 0.0, 0.0, 0.0, 0.0, 1.0 ], [ -0.309017, -0.5, 0.809017, 0.0, -0.5, 0.809017, 0.309017, 0.0, -0.809017, -0.309017, -0.5, 0.0, 0.0, 0.0, 0.0, 1.0 ], [ -0.5, -0.809017, -0.309017, 0.0, 0.809017, -0.309017, -0.5, 0.0, 0.309017, -0.5, 0.809017, 0.0, 0.0, 0.0, 0.0, 1.0 ], [ 0.309017, -0.5, 0.809017, 0.0, 0.5, 0.809017, 0.309017, 0.0, -0.809017, 0.309017, 0.5, 0.0, 0.0, 0.0, 0.0, 1.0 ], [ -0.809017, 0.309017, 0.5, 0.0, -0.309017, 0.5, -0.809017, 0.0, -0.5, -0.809017, -0.309017, 0.0, 0.0, 0.0, 0.0, 1.0 ], [ -0.5, -0.809017, 0.309017, 0.0, 0.809017, -0.309017, 0.5, 0.0, -0.309017, 0.5, 0.809017, 0.0, 0.0, 0.0, 0.0, 1.0 ], [ -0.309017, 0.5, 0.809017, 0.0, 0.5, 0.809017, -0.309017, 0.0, -0.809017, 0.309017, -0.5, 0.0, 0.0, 0.0, 0.0, 1.0 ], [ -0.809017, 0.309017, -0.5, 0.0, 0.309017, -0.5, -0.809017, 0.0, -0.5, -0.809017, 0.309017, 0.0, 0.0, 0.0, 0.0, 1.0 ], [ -0.809017, -0.309017, 0.5, 0.0, 0.309017, 0.5, 0.809017, 0.0, -0.5, 0.809017, -0.309017, 0.0, 0.0, 0.0, 0.0, 1.0 ], [ -0.5, 0.809017, -0.309017, 0.0, 0.809017, 0.309017, -0.5, 0.0, -0.309017, -0.5, -0.809017, 0.0, 0.0, 0.0, 0.0, 1.0 ], [ -0.309017, -0.5, -0.809017, 0.0, 0.5, -0.809017, 0.309017, 0.0, -0.809017, -0.309017, 0.5, 0.0, 0.0, 0.0, 0.0, 1.0 ] ],
  "lights" : {
    "backgroundColor" : "#D8EBFF",
    "ambientColor" : "#292929",
    "directionalLights" : [ {
      "direction" : {
        "x" : 1.0,
        "y" : -1.0,
        "z" : -1.0
      },
      "color" : "#EBEBE4"
    }, {
      "direction" : {
        "x" : -1.0,
        "y" : 0.0,
        "z" : 0.0
      },
      "color" : "#E4E4EB"
    }, {
      "direction" : {
        "x" : 0.0,
        "y" : 0.0,
        "z" : -1.0
      },
      "color" : "#1E1E1E"
    } ]
  },
  "camera" : {
    "lookDirection" : {
      "x" : 0.0,
      "y" : 0.0,
      "z" : -1.0
    },
    "upDirection" : {
      "x" : 0.0,
      "y" : 1.0,
      "z" : 0.0
    },
    "lookAtPoint" : {
      "x" : 0.0,
      "y" : 0.0,
      "z" : 0.0
    },
    "viewDistance" : 283.97308,
    "nearClipDistance" : 0.70993656,
    "farClipDistance" : 567.94763,
    "fieldOfView" : 0.44263068,
    "perspective" : true,
    "stereo" : false,
    "width" : 127.78842,
    "position" : {
      "x" : 0.0,
      "y" : 0.0,
      "z" : 283.97308
    }
  },
  "embedding" : [ 1.0, 0.0, 0.0, 0.0, 0.0, 1.0, 0.0, 0.0, 0.0, 0.0, 1.0, 0.0, 0.0, 0.0, 0.0, 1.0 ],
  "shapes" : [ {
    "id" : "e6fc3b82-62c8-438a-8797-3287b2622861",
    "vertices" : [ {
      "x" : -11.09017,
      "y" : -17.944271,
      "z" : -29.034441
    }, {
      "x" : -9.534854,
      "y" : -11.163602,
      "z" : -27.597942
    }, {
      "x" : 24.962572,
      "y" : -5.2707376,
      "z" : -18.063087
    }, {
      "x" : 29.034441,
      "y" : -11.09017,
      "z" : -17.944271
    } ],
    "faces" : [ {
      "vertices" : [ 0, 1, 2 ]
    }, {
      "vertices" : [ 0, 2, 3 ]
    }, {
      "vertices" : [ 0, 3, 2 ]
    }, {
      "vertices" : [ 0, 2, 1 ]
    } ]
  }, {
    "id" : "780156b4-3b72-408e-a5ca-299f1d8a53df",
    "vertices" : [ {
      "x" : -23.489357,
      "y" : 8.972136,
      "z" : 14.5172205
    }, {
      "x" : -22.327204,
      "y" : 9.534854,
      "z" : 19.691835
    }, {
      "x" : -12.79235,
      "y" : -24.962572,
      "z" : 13.798971
    }, {
      "x" : -14.5172205,
      "y" : -23.489357,
      "z" : 8.972136
    } ],
    "faces" : [ {
      "vertices" : [ 0, 1, 2 ]
    }, {
      "vertices" : [ 0, 2, 3 ]
    }, {
      "vertices" : [ 0, 3, 2 ]
    }, {
      "vertices" : [ 0, 2, 1 ]
    } ]
  }, {
    "id" : "561f9c54-9fbd-4e02-a2ce-6323a299cd4c",
    "vertices" : [ {
      "x" : 8.972136,
      "y" : 14.5172205,
      "z" : 23.489357
    }, {
      "x" : 9.534854,
      "y" : 19.691835,
      "z" : 22.327204
    }, {
      "x" : -24.962572,
      "y" : 13.798971,
      "z" : 12.79235
    }, {
      "x" : -23.489357,
      "y" : 8.972136,
      "z" : 14.5172205
    } ],
    "faces" : [ {
      "vertices" : [ 0, 1, 2 ]
    }, {
      "vertices" : [ 0, 2, 3 ]
    }, {
      "vertices" : [ 0, 3, 2 ]
    }, {
      "vertices" : [ 0, 2, 1 ]
    } ]
  }, {
    "id" : "9644c7f3-825a-40ea-89cd-cbacb2d519f8",
    "vertices" : [ {
      "x" : -11.09017,
      "y" : -17.944271,
      "z" : 29.034441
    }, {
      "x" : -9.534854,
      "y" : -19.691835,
      "z" : 22.327204
    }, {
      "x" : -30.855436,
      "y" : -4.2641163,
      "z" : -2.6353688
    }, {
      "x" : -35.888542,
      "y" : 0.0,
      "z" : 0.0
    } ],
    "faces" : [ {
      "vertices" : [ 0, 1, 2 ]
    }, {
      "vertices" : [ 0, 2, 3 ]
    }, {
      "vertices" : [ 0, 3, 2 ]
    }, {
      "vertices" : [ 0, 2, 1 ]
    } ]
  }, {
    "id" : "5af7257a-ded1-4bef-88de-e57303d32d65",
    "vertices" : [ {
      "x" : -11.09017,
      "y" : 17.944271,
      "z" : 29.034441
    }, {
      "x" : -9.534854,
      "y" : 11.163602,
      "z" : 27.597942
    }, {
      "x" : 24.962572,
      "y" : 5.2707376,
      "z" : 18.063087
    }, {
      "x" : 29.034441,
      "y" : 11.09017,
      "z" : 17.944271
    } ],
    "faces" : [ {
      "vertices" : [ 0, 1, 2 ]
    }, {
      "vertices" : [ 0, 2, 3 ]
    }, {
      "vertices" : [ 0, 3, 2 ]
    }, {
      "vertices" : [ 0, 2, 1 ]
    } ]
  }, {
    "id" : "f4c93285-430b-4c80-8960-7a425b8c9756",
    "vertices" : [ {
      "x" : 23.489357,
      "y" : -8.972136,
      "z" : -14.5172205
    }, {
      "x" : 24.962572,
      "y" : -5.2707376,
      "z" : -18.063087
    }, {
      "x" : -9.534854,
      "y" : -11.163602,
      "z" : -27.597942
    }, {
      "x" : -8.972136,
      "y" : -14.5172205,
      "z" : -23.489357
    } ],
    "faces" : [ {
      "vertices" : [ 0, 1, 2 ]
    }, {
      "vertices" : [ 0, 2, 3 ]
    }, {
      "vertices" : [ 0, 3, 2 ]
    }, {
      "vertices" : [ 0, 2, 1 ]
    } ]
  }, {
    "id" : "cd8c6702-619d-43f3-a157-3547e8a6cf59",
    "vertices" : [ {
      "x" : -17.944271,
      "y" : 29.034441,
      "z" : 11.09017
    }, {
      "x" : -18.063087,
      "y" : 24.962572,
      "z" : 5.2707376
    }, {
      "x" : 12.79235,
      "y" : 24.962572,
      "z" : -13.798971
    }, {
      "x" : 17.944271,
      "y" : 29.034441,
      "z" : -11.09017
    } ],
    "faces" : [ {
      "vertices" : [ 0, 1, 2 ]
    }, {
      "vertices" : [ 0, 2, 3 ]
    }, {
      "vertices" : [ 0, 3, 2 ]
    }, {
      "vertices" : [ 0, 2, 1 ]
    } ]
  }, {
    "id" : "3c028638-2bfb-471e-baa3-ad7eed57519d",
    "vertices" : [ {
      "x" : 8.972136,
      "y" : -14.5172205,
      "z" : -23.489357
    }, {
      "x" : 9.534854,
      "y" : -11.163602,
      "z" : -27.597942
    }, {
      "x" : 30.855436,
      "y" : 4.2641163,
      "z" : -2.6353688
    }, {
      "x" : 29.034441,
      "y" : 0.0,
      "z" : 0.0
    } ],
    "faces" : [ {
      "vertices" : [ 0, 1, 2 ]
    }, {
      "vertices" : [ 0, 2, 3 ]
    }, {
      "vertices" : [ 0, 3, 2 ]
    }, {
      "vertices" : [ 0, 2, 1 ]
    } ]
  }, {
    "id" : "15409cf4-4162-4ad4-aec5-b56764d2d274",
    "vertices" : [ {
      "x" : 0.0,
      "y" : 0.0,
      "z" : -29.034441
    }, {
      "x" : 4.2641163,
      "y" : -2.6353688,
      "z" : -30.855436
    }, {
      "x" : 19.691835,
      "y" : 22.327204,
      "z" : -9.534854
    }, {
      "x" : 14.5172205,
      "y" : 23.489357,
      "z" : -8.972136
    } ],
    "faces" : [ {
      "vertices" : [ 0, 1, 2 ]
    }, {
      "vertices" : [ 0, 2, 3 ]
    }, {
      "vertices" : [ 0, 3, 2 ]
    }, {
      "vertices" : [ 0, 2, 1 ]
    } ]
  }, {
    "id" : "b0bf8df8-86de-4985-8348-7f5a4749a38e",
    "vertices" : [ {
      "x" : -23.489357,
      "y" : 8.972136,
      "z" : -14.5172205
    }, {
      "x" : -24.962572,
      "y" : 13.798971,
      "z" : -12.79235
    }, {
      "x" : -24.962572,
      "y" : -5.2707376,
      "z" : 18.063087
    }, {
      "x" : -23.489357,
      "y" : -8.972136,
      "z" : 14.5172205
    } ],
    "faces" : [ {
      "vertices" : [ 0, 1, 2 ]
    }, {
      "vertices" : [ 0, 2, 3 ]
    }, {
      "vertices" : [ 0, 3, 2 ]
    }, {
      "vertices" : [ 0, 2, 1 ]
    } ]
  }, {
    "id" : "b9025e13-aa60-4e9d-9177-06bfb667464a",
    "vertices" : [ {
      "x" : -23.489357,
      "y" : -8.972136,
      "z" : 14.5172205
    }, {
      "x" : -22.327204,
      "y" : -9.534854,
      "z" : 19.691835
    }, {
      "x" : -12.79235,
      "y" : 24.962572,
      "z" : 13.798971
    }, {
      "x" : -14.5172205,
      "y" : 23.489357,
      "z" : 8.972136
    } ],
    "faces" : [ {
      "vertices" : [ 0, 1, 2 ]
    }, {
      "vertices" : [ 0, 2, 3 ]
    }, {
      "vertices" : [ 0, 3, 2 ]
    }, {
      "vertices" : [ 0, 2, 1 ]
    } ]
  }, {
    "id" : "e89d93cc-dd69-46df-80f6-58fb6ea0b641",
    "vertices" : [ {
      "x" : 14.5172205,
      "y" : -23.489357,
      "z" : -8.972136
    }, {
      "x" : 19.691835,
      "y" : -22.327204,
      "z" : -9.534854
    }, {
      "x" : 13.798971,
      "y" : -12.79235,
      "z" : 24.962572
    }, {
      "x" : 8.972136,
      "y" : -14.5172205,
      "z" : 23.489357
    } ],
    "faces" : [ {
      "vertices" : [ 0, 1, 2 ]
    }, {
      "vertices" : [ 0, 2, 3 ]
    }, {
      "vertices" : [ 0, 3, 2 ]
    }, {
      "vertices" : [ 0, 2, 1 ]
    } ]
  }, {
    "id" : "2647c837-6802-4723-b407-eebfbf92c437",
    "vertices" : [ {
      "x" : -8.972136,
      "y" : 14.5172205,
      "z" : 23.489357
    }, {
      "x" : -5.2707376,
      "y" : 18.063087,
      "z" : 24.962572
    }, {
      "x" : -11.163602,
      "y" : 27.597942,
      "z" : -9.534854
    }, {
      "x" : -14.5172205,
      "y" : 23.489357,
      "z" : -8.972136
    } ],
    "faces" : [ {
      "vertices" : [ 0, 1, 2 ]
    }, {
      "vertices" : [ 0, 2, 3 ]
    }, {
      "vertices" : [ 0, 3, 2 ]
    }, {
      "vertices" : [ 0, 2, 1 ]
    } ]
  }, {
    "id" : "78316f17-26a7-4231-be1f-f2f9dce42a8d",
    "vertices" : [ {
      "x" : -17.944271,
      "y" : -29.034441,
      "z" : -11.09017
    }, {
      "x" : -12.79235,
      "y" : -24.962572,
      "z" : -13.798971
    }, {
      "x" : -22.327204,
      "y" : 9.534854,
      "z" : -19.691835
    }, {
      "x" : -29.034441,
      "y" : 11.09017,
      "z" : -17.944271
    } ],
    "faces" : [ {
      "vertices" : [ 0, 1, 2 ]
    }, {
      "vertices" : [ 0, 2, 3 ]
    }, {
      "vertices" : [ 0, 3, 2 ]
    }, {
      "vertices" : [ 0, 2, 1 ]
    } ]
  }, {
    "id" : "b60d2884-260a-4d13-8371-e74749694869",
    "vertices" : [ {
      "x" : -14.5172205,
      "y" : 23.489357,
      "z" : 8.972136
    }, {
      "x" : -12.79235,
      "y" : 24.962572,
      "z" : 13.798971
    }, {
      "x" : 18.063087,
      "y" : 24.962572,
      "z" : -5.2707376
    }, {
      "x" : 14.5172205,
      "y" : 23.489357,
      "z" : -8.972136
    } ],
    "faces" : [ {
      "vertices" : [ 0, 1, 2 ]
    }, {
      "vertices" : [ 0, 2, 3 ]
    }, {
      "vertices" : [ 0, 3, 2 ]
    }, {
      "vertices" : [ 0, 2, 1 ]
    } ]
  }, {
    "id" : "a3ea08d8-3e16-4976-91be-5a4c0fea328a",
    "vertices" : [ {
      "x" : 0.0,
      "y" : 0.0,
      "z" : 29.034441
    }, {
      "x" : 4.2641163,
      "y" : -2.6353688,
      "z" : 30.855436
    }, {
      "x" : 19.691835,
      "y" : 22.327204,
      "z" : 9.534854
    }, {
      "x" : 14.5172205,
      "y" : 23.489357,
      "z" : 8.972136
    } ],
    "faces" : [ {
      "vertices" : [ 0, 1, 2 ]
    }, {
      "vertices" : [ 0, 2, 3 ]
    }, {
      "vertices" : [ 0, 3, 2 ]
    }, {
      "vertices" : [ 0, 2, 1 ]
    } ]
  }, {
    "id" : "b440e5f0-f2d1-4ff4-a393-e0ab8e60a6d3",
    "vertices" : [ {
      "x" : 17.944271,
      "y" : 29.034441,
      "z" : -11.09017
    }, {
      "x" : 11.163602,
      "y" : 27.597942,
      "z" : -9.534854
    }, {
      "x" : 5.2707376,
      "y" : 18.063087,
      "z" : 24.962572
    }, {
      "x" : 11.09017,
      "y" : 17.944271,
      "z" : 29.034441
    } ],
    "faces" : [ {
      "vertices" : [ 0, 1, 2 ]
    }, {
      "vertices" : [ 0, 2, 3 ]
    }, {
      "vertices" : [ 0, 3, 2 ]
    }, {
      "vertices" : [ 0, 2, 1 ]
    } ]
  }, {
    "id" : "18f0530b-d108-4f42-8c25-42bb5ea433a6",
    "vertices" : [ {
      "x" : 11.09017,
      "y" : 17.944271,
      "z" : -29.034441
    }, {
      "x" : 5.2707376,
      "y" : 18.063087,
      "z" : -24.962572
    }, {
      "x" : -13.798971,
      "y" : -12.79235,
      "z" : -24.962572
    }, {
      "x" : -11.09017,
      "y" : -17.944271,
      "z" : -29.034441
    } ],
    "faces" : [ {
      "vertices" : [ 0, 1, 2 ]
    }, {
      "vertices" : [ 0, 2, 3 ]
    }, {
      "vertices" : [ 0, 3, 2 ]
    }, {
      "vertices" : [ 0, 2, 1 ]
    } ]
  }, {
    "id" : "c66da82b-5036-46af-a75b-efbbfb3cc54c",
    "vertices" : [ {
      "x" : 29.034441,
      "y" : 11.09017,
      "z" : -17.944271
    }, {
      "x" : 24.962572,
      "y" : 13.798971,
      "z" : -12.79235
    }, {
      "x" : -9.534854,
      "y" : 19.691835,
      "z" : -22.327204
    }, {
      "x" : -11.09017,
      "y" : 17.944271,
      "z" : -29.034441
    } ],
    "faces" : [ {
      "vertices" : [ 0, 1, 2 ]
    }, {
      "vertices" : [ 0, 2, 3 ]
    }, {
      "vertices" : [ 0, 3, 2 ]
    }, {
      "vertices" : [ 0, 2, 1 ]
    } ]
  }, {
    "id" : "6379d648-4b5a-4816-a7ca-d47d91480f27",
    "vertices" : [ {
      "x" : 0.0,
      "y" : -29.034441,
      "z" : 0.0
    }, {
      "x" : 2.6353688,
      "y" : -30.855436,
      "z" : 4.2641163
    }, {
      "x" : -22.327204,
      "y" : -9.534854,
      "z" : 19.691835
    }, {
      "x" : -23.489357,
      "y" : -8.972136,
      "z" : 14.5172205
    } ],
    "faces" : [ {
      "vertices" : [ 0, 1, 2 ]
    }, {
      "vertices" : [ 0, 2, 3 ]
    }, {
      "vertices" : [ 0, 3, 2 ]
    }, {
      "vertices" : [ 0, 2, 1 ]
    } ]
  }, {
    "id" : "67fbc7ef-7aa3-4e76-9f27-c90db384fbe6",
    "vertices" : [ {
      "x" : 0.0,
      "y" : 0.0,
      "z" : -35.888542
    }, {
      "x" : -4.2641163,
      "y" : 2.6353688,
      "z" : -30.855436
    }, {
      "x" : 11.163602,
      "y" : 27.597942,
      "z" : -9.534854
    }, {
      "x" : 17.944271,
      "y" : 29.034441,
      "z" : -11.09017
    } ],
    "faces" : [ {
      "vertices" : [ 0, 1, 2 ]
    }, {
      "vertices" : [ 0, 2, 3 ]
    }, {
      "vertices" : [ 0, 3, 2 ]
    }, {
      "vertices" : [ 0, 2, 1 ]
    } ]
  }, {
    "id" : "2698de86-110c-4525-a4f1-a9617e81df3a",
    "vertices" : [ {
      "x" : 29.034441,
      "y" : -11.09017,
      "z" : -17.944271
    }, {
      "x" : 24.962572,
      "y" : -13.798971,
      "z" : -12.79235
    }, {
      "x" : -9.534854,
      "y" : -19.691835,
      "z" : -22.327204
    }, {
      "x" : -11.09017,
      "y" : -17.944271,
      "z" : -29.034441
    } ],
    "faces" : [ {
      "vertices" : [ 0, 1, 2 ]
    }, {
      "vertices" : [ 0, 2, 3 ]
    }, {
      "vertices" : [ 0, 3, 2 ]
    }, {
      "vertices" : [ 0, 2, 1 ]
    } ]
  }, {
    "id" : "4d54b259-212b-44c8-a29a-cf144f24efe4",
    "vertices" : [ {
      "x" : 17.944271,
      "y" : 29.034441,
      "z" : -11.09017
    }, {
      "x" : 19.691835,
      "y" : 22.327204,
      "z" : -9.534854
    }, {
      "x" : 4.2641163,
      "y" : -2.6353688,
      "z" : -30.855436
    }, {
      "x" : 0.0,
      "y" : 0.0,
      "z" : -35.888542
    } ],
    "faces" : [ {
      "vertices" : [ 0, 1, 2 ]
    }, {
      "vertices" : [ 0, 2, 3 ]
    }, {
      "vertices" : [ 0, 3, 2 ]
    }, {
      "vertices" : [ 0, 2, 1 ]
    } ]
  }, {
    "id" : "3a98d894-2ca5-4bc6-9d1b-94099610bae8",
    "vertices" : [ {
      "x" : -17.944271,
      "y" : 29.034441,
      "z" : 11.09017
    }, {
      "x" : -12.79235,
      "y" : 24.962572,
      "z" : 13.798971
    }, {
      "x" : -22.327204,
      "y" : -9.534854,
      "z" : 19.691835
    }, {
      "x" : -29.034441,
      "y" : -11.09017,
      "z" : 17.944271
    } ],
    "faces" : [ {
      "vertices" : [ 0, 1, 2 ]
    }, {
      "vertices" : [ 0, 2, 3 ]
    }, {
      "vertices" : [ 0, 3, 2 ]
    }, {
      "vertices" : [ 0, 2, 1 ]
    } ]
  }, {
    "id" : "2bf78590-fae4-4730-88eb-3ffdd05b5e63",
    "vertices" : [ {
      "x" : 14.5172205,
      "y" : 23.489357,
      "z" : -8.972136
    }, {
      "x" : 11.163602,
      "y" : 27.597942,
      "z" : -9.534854
    }, {
      "x" : -4.2641163,
      "y" : 2.6353688,
      "z" : -30.855436
    }, {
      "x" : 0.0,
      "y" : 0.0,
      "z" : -29.034441
    } ],
    "faces" : [ {
      "vertices" : [ 0, 1, 2 ]
    }, {
      "vertices" : [ 0, 2, 3 ]
    }, {
      "vertices" : [ 0, 3, 2 ]
    }, {
      "vertices" : [ 0, 2, 1 ]
    } ]
  }, {
    "id" : "b2c653f5-b7a3-4c49-83ae-e82f7ad0ef51",
    "vertices" : [ {
      "x" : 29.034441,
      "y" : 11.09017,
      "z" : 17.944271
    }, {
      "x" : 24.962572,
      "y" : 13.798971,
      "z" : 12.79235
    }, {
      "x" : -9.534854,
      "y" : 19.691835,
      "z" : 22.327204
    }, {
      "x" : -11.09017,
      "y" : 17.944271,
      "z" : 29.034441
    } ],
    "faces" : [ {
      "vertices" : [ 0, 1, 2 ]
    }, {
      "vertices" : [ 0, 2, 3 ]
    }, {
      "vertices" : [ 0, 3, 2 ]
    }, {
      "vertices" : [ 0, 2, 1 ]
    } ]
  }, {
    "id" : "9a9729ab-0ba1-4467-9aab-c5ff680d4aa7",
    "vertices" : [ {
      "x" : -8.972136,
      "y" : 14.5172205,
      "z" : -23.489357
    }, {
      "x" : -9.534854,
      "y" : 11.163602,
      "z" : -27.597942
    }, {
      "x" : -30.855436,
      "y" : -4.2641163,
      "z" : -2.6353688
    }, {
      "x" : -29.034441,
      "y" : 0.0,
      "z" : 0.0
    } ],
    "faces" : [ {
      "vertices" : [ 0, 1, 2 ]
    }, {
      "vertices" : [ 0, 2, 3 ]
    }, {
      "vertices" : [ 0, 3, 2 ]
    }, {
      "vertices" : [ 0, 2, 1 ]
    } ]
  }, {
    "id" : "574ed144-0ff2-436e-9ea6-418517320763",
    "vertices" : [ {
      "x" : 17.944271,
      "y" : 29.034441,
      "z" : -11.09017
    }, {
      "x" : 12.79235,
      "y" : 24.962572,
      "z" : -13.798971
    }, {
      "x" : 22.327204,
      "y" : -9.534854,
      "z" : -19.691835
    }, {
      "x" : 29.034441,
      "y" : -11.09017,
      "z" : -17.944271
    } ],
    "faces" : [ {
      "vertices" : [ 0, 1, 2 ]
    }, {
      "vertices" : [ 0, 2, 3 ]
    }, {
      "vertices" : [ 0, 3, 2 ]
    }, {
      "vertices" : [ 0, 2, 1 ]
    } ]
  }, {
    "id" : "6bb72cfd-10b1-418f-bb00-920cf84ca083",
    "vertices" : [ {
      "x" : 14.5172205,
      "y" : -23.489357,
      "z" : -8.972136
    }, {
      "x" : 18.063087,
      "y" : -24.962572,
      "z" : -5.2707376
    }, {
      "x" : 27.597942,
      "y" : 9.534854,
      "z" : -11.163602
    }, {
      "x" : 23.489357,
      "y" : 8.972136,
      "z" : -14.5172205
    } ],
    "faces" : [ {
      "vertices" : [ 0, 1, 2 ]
    }, {
      "vertices" : [ 0, 2, 3 ]
    }, {
      "vertices" : [ 0, 3, 2 ]
    }, {
      "vertices" : [ 0, 2, 1 ]
    } ]
  }, {
    "id" : "f9debec5-4aab-47fc-b3c2-06cc7ff2e253",
    "vertices" : [ {
      "x" : -8.972136,
      "y" : -14.5172205,
      "z" : 23.489357
    }, {
      "x" : -5.2707376,
      "y" : -18.063087,
      "z" : 24.962572
    }, {
      "x" : -11.163602,
      "y" : -27.597942,
      "z" : -9.534854
    }, {
      "x" : -14.5172205,
      "y" : -23.489357,
      "z" : -8.972136
    } ],
    "faces" : [ {
      "vertices" : [ 0, 1, 2 ]
    }, {
      "vertices" : [ 0, 2, 3 ]
    }, {
      "vertices" : [ 0, 3, 2 ]
    }, {
      "vertices" : [ 0, 2, 1 ]
    } ]
  }, {
    "id" : "a1543cfb-18e5-416f-9e06-020bcc4318f4",
    "vertices" : [ {
      "x" : 29.034441,
      "y" : 11.09017,
      "z" : -17.944271
    }, {
      "x" : 24.962572,
      "y" : 5.2707376,
      "z" : -18.063087
    }, {
      "x" : 24.962572,
      "y" : -13.798971,
      "z" : 12.79235
    }, {
      "x" : 29.034441,
      "y" : -11.09017,
      "z" : 17.944271
    } ],
    "faces" : [ {
      "vertices" : [ 0, 1, 2 ]
    }, {
      "vertices" : [ 0, 2, 3 ]
    }, {
      "vertices" : [ 0, 3, 2 ]
    }, {
      "vertices" : [ 0, 2, 1 ]
    } ]
  }, {
    "id" : "000138dc-67c3-4512-80e2-78496c685dd1",
    "vertices" : [ {
      "x" : -23.489357,
      "y" : 8.972136,
      "z" : -14.5172205
    }, {
      "x" : -27.597942,
      "y" : 9.534854,
      "z" : -11.163602
    }, {
      "x" : -2.6353688,
      "y" : 30.855436,
      "z" : 4.2641163
    }, {
      "x" : 0.0,
      "y" : 29.034441,
      "z" : 0.0
    } ],
    "faces" : [ {
      "vertices" : [ 0, 1, 2 ]
    }, {
      "vertices" : [ 0, 2, 3 ]
    }, {
      "vertices" : [ 0, 3, 2 ]
    }, {
      "vertices" : [ 0, 2, 1 ]
    } ]
  }, {
    "id" : "86d3517e-7485-47ba-b975-af0ca0719ecb",
    "vertices" : [ {
      "x" : -14.5172205,
      "y" : -23.489357,
      "z" : -8.972136
    }, {
      "x" : -19.691835,
      "y" : -22.327204,
      "z" : -9.534854
    }, {
      "x" : -13.798971,
      "y" : -12.79235,
      "z" : 24.962572
    }, {
      "x" : -8.972136,
      "y" : -14.5172205,
      "z" : 23.489357
    } ],
    "faces" : [ {
      "vertices" : [ 0, 1, 2 ]
    }, {
      "vertices" : [ 0, 2, 3 ]
    }, {
      "vertices" : [ 0, 3, 2 ]
    }, {
      "vertices" : [ 0, 2, 1 ]
    } ]
  }, {
    "id" : "01fb60a6-e0a8-4cf9-ab14-7c1344fa8665",
    "vertices" : [ {
      "x" : -23.489357,
      "y" : -8.972136,
      "z" : 14.5172205
    }, {
      "x" : -24.962572,
      "y" : -5.2707376,
      "z" : 18.063087
    }, {
      "x" : 9.534854,
      "y" : -11.163602,
      "z" : 27.597942
    }, {
      "x" : 8.972136,
      "y" : -14.5172205,
      "z" : 23.489357
    } ],
    "faces" : [ {
      "vertices" : [ 0, 1, 2 ]
    }, {
      "vertices" : [ 0, 2, 3 ]
    }, {
      "vertices" : [ 0, 3, 2 ]
    }, {
      "vertices" : [ 0, 2, 1 ]
    } ]
  }, {
    "id" : "3aa13c84-9989-4015-af27-b00c30157ace",
    "vertices" : [ {
      "x" : -29.034441,
      "y" : 11.09017,
      "z" : -17.944271
    }, {
      "x" : -27.597942,
      "y" : 9.534854,
      "z" : -11.163602
    }, {
      "x" : -18.063087,
      "y" : -24.962572,
      "z" : -5.2707376
    }, {
      "x" : -17.944271,
      "y" : -29.034441,
      "z" : -11.09017
    } ],
    "faces" : [ {
      "vertices" : [ 0, 1, 2 ]
    }, {
      "vertices" : [ 0, 2, 3 ]
    }, {
      "vertices" : [ 0, 3, 2 ]
    }, {
      "vertices" : [ 0, 2, 1 ]
    } ]
  }, {
    "id" : "7d80daf3-d722-4ff5-90fa-3fb9c0dd26e4",
    "vertices" : [ {
      "x" : 29.034441,
      "y" : 11.09017,
      "z" : 17.944271
    }, {
      "x" : 22.327204,
      "y" : 9.534854,
      "z" : 19.691835
    }, {
      "x" : -2.6353688,
      "y" : 30.855436,
      "z" : 4.2641163
    }, {
      "x" : 0.0,
      "y" : 35.888542,
      "z" : 0.0
    } ],
    "faces" : [ {
      "vertices" : [ 0, 1, 2 ]
    }, {
      "vertices" : [ 0, 2, 3 ]
    }, {
      "vertices" : [ 0, 3, 2 ]
    }, {
      "vertices" : [ 0, 2, 1 ]
    } ]
  }, {
    "id" : "98e83988-7245-48ec-a18f-93bee9dcdecf",
    "vertices" : [ {
      "x" : 8.972136,
      "y" : 14.5172205,
      "z" : -23.489357
    }, {
      "x" : 5.2707376,
      "y" : 18.063087,
      "z" : -24.962572
    }, {
      "x" : 11.163602,
      "y" : 27.597942,
      "z" : 9.534854
    }, {
      "x" : 14.5172205,
      "y" : 23.489357,
      "z" : 8.972136
    } ],
    "faces" : [ {
      "vertices" : [ 0, 1, 2 ]
    }, {
      "vertices" : [ 0, 2, 3 ]
    }, {
      "vertices" : [ 0, 3, 2 ]
    }, {
      "vertices" : [ 0, 2, 1 ]
    } ]
  }, {
    "id" : "d0a81707-d36a-428d-b603-1b447cf8e0d2",
    "vertices" : [ {
      "x" : 14.5172205,
      "y" : 23.489357,
      "z" : 8.972136
    }, {
      "x" : 11.163602,
      "y" : 27.597942,
      "z" : 9.534854
    }, {
      "x" : -4.2641163,
      "y" : 2.6353688,
      "z" : 30.855436
    }, {
      "x" : 0.0,
      "y" : 0.0,
      "z" : 29.034441
    } ],
    "faces" : [ {
      "vertices" : [ 0, 1, 2 ]
    }, {
      "vertices" : [ 0, 2, 3 ]
    }, {
      "vertices" : [ 0, 3, 2 ]
    }, {
      "vertices" : [ 0, 2, 1 ]
    } ]
  }, {
    "id" : "b4d2bd71-9a96-43d9-83eb-fb09a222a339",
    "vertices" : [ {
      "x" : -14.5172205,
      "y" : 23.489357,
      "z" : 8.972136
    }, {
      "x" : -19.691835,
      "y" : 22.327204,
      "z" : 9.534854
    }, {
      "x" : -13.798971,
      "y" : 12.79235,
      "z" : -24.962572
    }, {
      "x" : -8.972136,
      "y" : 14.5172205,
      "z" : -23.489357
    } ],
    "faces" : [ {
      "vertices" : [ 0, 1, 2 ]
    }, {
      "vertices" : [ 0, 2, 3 ]
    }, {
      "vertices" : [ 0, 3, 2 ]
    }, {
      "vertices" : [ 0, 2, 1 ]
    } ]
  }, {
    "id" : "98ad5e45-7ee6-4e29-92ba-2fcabbce0f94",
    "vertices" : [ {
      "x" : -29.034441,
      "y" : -11.09017,
      "z" : 17.944271
    }, {
      "x" : -27.597942,
      "y" : -9.534854,
      "z" : 11.163602
    }, {
      "x" : -18.063087,
      "y" : 24.962572,
      "z" : 5.2707376
    }, {
      "x" : -17.944271,
      "y" : 29.034441,
      "z" : 11.09017
    } ],
    "faces" : [ {
      "vertices" : [ 0, 1, 2 ]
    }, {
      "vertices" : [ 0, 2, 3 ]
    }, {
      "vertices" : [ 0, 3, 2 ]
    }, {
      "vertices" : [ 0, 2, 1 ]
    } ]
  }, {
    "id" : "965995c9-45ef-41ba-9634-5ad9877ef969",
    "vertices" : [ {
      "x" : 0.0,
      "y" : -29.034441,
      "z" : 0.0
    }, {
      "x" : -2.6353688,
      "y" : -30.855436,
      "z" : 4.2641163
    }, {
      "x" : 22.327204,
      "y" : -9.534854,
      "z" : 19.691835
    }, {
      "x" : 23.489357,
      "y" : -8.972136,
      "z" : 14.5172205
    } ],
    "faces" : [ {
      "vertices" : [ 0, 1, 2 ]
    }, {
      "vertices" : [ 0, 2, 3 ]
    }, {
      "vertices" : [ 0, 3, 2 ]
    }, {
      "vertices" : [ 0, 2, 1 ]
    } ]
  }, {
    "id" : "450a066c-2fbc-410e-a478-535f193906f1",
    "vertices" : [ {
      "x" : -29.034441,
      "y" : 0.0,
      "z" : 0.0
    }, {
      "x" : -30.855436,
      "y" : 4.2641163,
      "z" : -2.6353688
    }, {
      "x" : -9.534854,
      "y" : 19.691835,
      "z" : 22.327204
    }, {
      "x" : -8.972136,
      "y" : 14.5172205,
      "z" : 23.489357
    } ],
    "faces" : [ {
      "vertices" : [ 0, 1, 2 ]
    }, {
      "vertices" : [ 0, 2, 3 ]
    }, {
      "vertices" : [ 0, 3, 2 ]
    }, {
      "vertices" : [ 0, 2, 1 ]
    } ]
  }, {
    "id" : "2667f55c-f2dc-45b9-8c2f-a49078fba46f",
    "vertices" : [ {
      "x" : -11.09017,
      "y" : -17.944271,
      "z" : -29.034441
    }, {
      "x" : -5.2707376,
      "y" : -18.063087,
      "z" : -24.962572
    }, {
      "x" : 13.798971,
      "y" : 12.79235,
      "z" : -24.962572
    }, {
      "x" : 11.09017,
      "y" : 17.944271,
      "z" : -29.034441
    } ],
    "faces" : [ {
      "vertices" : [ 0, 1, 2 ]
    }, {
      "vertices" : [ 0, 2, 3 ]
    }, {
      "vertices" : [ 0, 3, 2 ]
    }, {
      "vertices" : [ 0, 2, 1 ]
    } ]
  }, {
    "id" : "08ad52b2-debe-444b-a507-9193591a6f84",
    "vertices" : [ {
      "x" : -23.489357,
      "y" : 8.972136,
      "z" : -14.5172205
    }, {
      "x" : -24.962572,
      "y" : 5.2707376,
      "z" : -18.063087
    }, {
      "x" : 9.534854,
      "y" : 11.163602,
      "z" : -27.597942
    }, {
      "x" : 8.972136,
      "y" : 14.5172205,
      "z" : -23.489357
    } ],
    "faces" : [ {
      "vertices" : [ 0, 1, 2 ]
    }, {
      "vertices" : [ 0, 2, 3 ]
    }, {
      "vertices" : [ 0, 3, 2 ]
    }, {
      "vertices" : [ 0, 2, 1 ]
    } ]
  }, {
    "id" : "2ccd82dc-2763-49c7-985b-f7381e343e44",
    "vertices" : [ {
      "x" : 29.034441,
      "y" : -11.09017,
      "z" : 17.944271
    }, {
      "x" : 22.327204,
      "y" : -9.534854,
      "z" : 19.691835
    }, {
      "x" : -2.6353688,
      "y" : -30.855436,
      "z" : 4.2641163
    }, {
      "x" : 0.0,
      "y" : -35.888542,
      "z" : 0.0
    } ],
    "faces" : [ {
      "vertices" : [ 0, 1, 2 ]
    }, {
      "vertices" : [ 0, 2, 3 ]
    }, {
      "vertices" : [ 0, 3, 2 ]
    }, {
      "vertices" : [ 0, 2, 1 ]
    } ]
  }, {
    "id" : "5b374ca1-5d08-4148-975c-f1f252ca19c5",
    "vertices" : [ {
      "x" : 14.5172205,
      "y" : 23.489357,
      "z" : -8.972136
    }, {
      "x" : 19.691835,
      "y" : 22.327204,
      "z" : -9.534854
    }, {
      "x" : 13.798971,
      "y" : 12.79235,
      "z" : 24.962572
    }, {
      "x" : 8.972136,
      "y" : 14.5172205,
      "z" : 23.489357
    } ],
    "faces" : [ {
      "vertices" : [ 0, 1, 2 ]
    }, {
      "vertices" : [ 0, 2, 3 ]
    }, {
      "vertices" : [ 0, 3, 2 ]
    }, {
      "vertices" : [ 0, 2, 1 ]
    } ]
  }, {
    "id" : "21c17620-dbd7-4207-93df-4d34e1a7d0cc",
    "vertices" : [ {
      "x" : -11.09017,
      "y" : 17.944271,
      "z" : 29.034441
    }, {
      "x" : -13.798971,
      "y" : 12.79235,
      "z" : 24.962572
    }, {
      "x" : -19.691835,
      "y" : 22.327204,
      "z" : -9.534854
    }, {
      "x" : -17.944271,
      "y" : 29.034441,
      "z" : -11.09017
    } ],
    "faces" : [ {
      "vertices" : [ 0, 1, 2 ]
    }, {
      "vertices" : [ 0, 2, 3 ]
    }, {
      "vertices" : [ 0, 3, 2 ]
    }, {
      "vertices" : [ 0, 2, 1 ]
    } ]
  }, {
    "id" : "17f233fc-b480-4fa0-93de-739b4bd6b09f",
    "vertices" : [ {
      "x" : -8.972136,
      "y" : 14.5172205,
      "z" : 23.489357
    }, {
      "x" : -13.798971,
      "y" : 12.79235,
      "z" : 24.962572
    }, {
      "x" : 5.2707376,
      "y" : -18.063087,
      "z" : 24.962572
    }, {
      "x" : 8.972136,
      "y" : -14.5172205,
      "z" : 23.489357
    } ],
    "faces" : [ {
      "vertices" : [ 0, 1, 2 ]
    }, {
      "vertices" : [ 0, 2, 3 ]
    }, {
      "vertices" : [ 0, 3, 2 ]
    }, {
      "vertices" : [ 0, 2, 1 ]
    } ]
  }, {
    "id" : "de00117b-8d14-428c-b6de-c477b1efcead",
    "vertices" : [ {
      "x" : -17.944271,
      "y" : -29.034441,
      "z" : -11.09017
    }, {
      "x" : -18.063087,
      "y" : -24.962572,
      "z" : -5.2707376
    }, {
      "x" : 12.79235,
      "y" : -24.962572,
      "z" : 13.798971
    }, {
      "x" : 17.944271,
      "y" : -29.034441,
      "z" : 11.09017
    } ],
    "faces" : [ {
      "vertices" : [ 0, 1, 2 ]
    }, {
      "vertices" : [ 0, 2, 3 ]
    }, {
      "vertices" : [ 0, 3, 2 ]
    }, {
      "vertices" : [ 0, 2, 1 ]
    } ]
  }, {
    "id" : "4a35e6e7-a5bd-495b-9e4f-ecebdb7e8c4d",
    "vertices" : [ {
      "x" : 8.972136,
      "y" : 14.5172205,
      "z" : 23.489357
    }, {
      "x" : 9.534854,
      "y" : 11.163602,
      "z" : 27.597942
    }, {
      "x" : 30.855436,
      "y" : -4.2641163,
      "z" : 2.6353688
    }, {
      "x" : 29.034441,
      "y" : 0.0,
      "z" : 0.0
    } ],
    "faces" : [ {
      "vertices" : [ 0, 1, 2 ]
    }, {
      "vertices" : [ 0, 2, 3 ]
    }, {
      "vertices" : [ 0, 3, 2 ]
    }, {
      "vertices" : [ 0, 2, 1 ]
    } ]
  }, {
    "id" : "bf5b11b6-d386-4efb-b68b-e84be34113f0",
    "vertices" : [ {
      "x" : -8.972136,
      "y" : 14.5172205,
      "z" : -23.489357
    }, {
      "x" : -9.534854,
      "y" : 19.691835,
      "z" : -22.327204
    }, {
      "x" : 24.962572,
      "y" : 13.798971,
      "z" : -12.79235
    }, {
      "x" : 23.489357,
      "y" : 8.972136,
      "z" : -14.5172205
    } ],
    "faces" : [ {
      "vertices" : [ 0, 1, 2 ]
    }, {
      "vertices" : [ 0, 2, 3 ]
    }, {
      "vertices" : [ 0, 3, 2 ]
    }, {
      "vertices" : [ 0, 2, 1 ]
    } ]
  }, {
    "id" : "b0a712e6-dd13-4904-a6aa-6262030a6635",
    "vertices" : [ {
      "x" : 0.0,
      "y" : 35.888542,
      "z" : 0.0
    }, {
      "x" : -2.6353688,
      "y" : 30.855436,
      "z" : 4.2641163
    }, {
      "x" : -27.597942,
      "y" : 9.534854,
      "z" : -11.163602
    }, {
      "x" : -29.034441,
      "y" : 11.09017,
      "z" : -17.944271
    } ],
    "faces" : [ {
      "vertices" : [ 0, 1, 2 ]
    }, {
      "vertices" : [ 0, 2, 3 ]
    }, {
      "vertices" : [ 0, 3, 2 ]
    }, {
      "vertices" : [ 0, 2, 1 ]
    } ]
  }, {
    "id" : "693bc924-af66-4c8c-bfb4-8bb5f07a3b8f",
    "vertices" : [ {
      "x" : 0.0,
      "y" : 0.0,
      "z" : -35.888542
    }, {
      "x" : 4.2641163,
      "y" : -2.6353688,
      "z" : -30.855436
    }, {
      "x" : -11.163602,
      "y" : -27.597942,
      "z" : -9.534854
    }, {
      "x" : -17.944271,
      "y" : -29.034441,
      "z" : -11.09017
    } ],
    "faces" : [ {
      "vertices" : [ 0, 1, 2 ]
    }, {
      "vertices" : [ 0, 2, 3 ]
    }, {
      "vertices" : [ 0, 3, 2 ]
    }, {
      "vertices" : [ 0, 2, 1 ]
    } ]
  }, {
    "id" : "b78e4968-2f1e-4054-ac53-5e0e066d9b1a",
    "vertices" : [ {
      "x" : 17.944271,
      "y" : -29.034441,
      "z" : -11.09017
    }, {
      "x" : 11.163602,
      "y" : -27.597942,
      "z" : -9.534854
    }, {
      "x" : 5.2707376,
      "y" : -18.063087,
      "z" : 24.962572
    }, {
      "x" : 11.09017,
      "y" : -17.944271,
      "z" : 29.034441
    } ],
    "faces" : [ {
      "vertices" : [ 0, 1, 2 ]
    }, {
      "vertices" : [ 0, 2, 3 ]
    }, {
      "vertices" : [ 0, 3, 2 ]
    }, {
      "vertices" : [ 0, 2, 1 ]
    } ]
  }, {
    "id" : "be84c72e-f09e-4999-9638-45d6ec2bd645",
    "vertices" : [ {
      "x" : -11.09017,
      "y" : -17.944271,
      "z" : -29.034441
    }, {
      "x" : -9.534854,
      "y" : -19.691835,
      "z" : -22.327204
    }, {
      "x" : -30.855436,
      "y" : -4.2641163,
      "z" : 2.6353688
    }, {
      "x" : -35.888542,
      "y" : 0.0,
      "z" : 0.0
    } ],
    "faces" : [ {
      "vertices" : [ 0, 1, 2 ]
    }, {
      "vertices" : [ 0, 2, 3 ]
    }, {
      "vertices" : [ 0, 3, 2 ]
    }, {
      "vertices" : [ 0, 2, 1 ]
    } ]
  }, {
    "id" : "383b24c5-11b1-4bff-97a9-7e92caea90b9",
    "vertices" : [ {
      "x" : 23.489357,
      "y" : 8.972136,
      "z" : 14.5172205
    }, {
      "x" : 27.597942,
      "y" : 9.534854,
      "z" : 11.163602
    }, {
      "x" : 2.6353688,
      "y" : 30.855436,
      "z" : -4.2641163
    }, {
      "x" : 0.0,
      "y" : 29.034441,
      "z" : 0.0
    } ],
    "faces" : [ {
      "vertices" : [ 0, 1, 2 ]
    }, {
      "vertices" : [ 0, 2, 3 ]
    }, {
      "vertices" : [ 0, 3, 2 ]
    }, {
      "vertices" : [ 0, 2, 1 ]
    } ]
  }, {
    "id" : "f221ad42-4c7f-4aa0-b506-6d19ad926b96",
    "vertices" : [ {
      "x" : 0.0,
      "y" : 29.034441,
      "z" : 0.0
    }, {
      "x" : -2.6353688,
      "y" : 30.855436,
      "z" : -4.2641163
    }, {
      "x" : 22.327204,
      "y" : 9.534854,
      "z" : -19.691835
    }, {
      "x" : 23.489357,
      "y" : 8.972136,
      "z" : -14.5172205
    } ],
    "faces" : [ {
      "vertices" : [ 0, 1, 2 ]
    }, {
      "vertices" : [ 0, 2, 3 ]
    }, {
      "vertices" : [ 0, 3, 2 ]
    }, {
