{
  "field" : "golden",
  "symmetry" : "icosahedral",
  "orientations" : [ [ 1.0, 0.0, 0.0, 0.0, 0.0, 1.0, 0.0, 0.0, 0.0, 0.0, 1.0, 0.0, 0.0, 0.0, 0.0, 1.0 ], [ 0.0, 0.0, 1.0, 0.0, 1.0, 0.0, 0.0, 0.0, 0.0, 1.0, 0.0, 0.0, 0.0, 0.0, 0.0, 1.0 ], [ 0.0, 1.0, 0.0, 0.0, 0.0, 0.0, 1.0, 0.0, 1.0, 0.0, 0.0, 0.0, 0.0, 0.0, 0.0, 1.0 ], [ 0.809017, 0.309017, 0.5, 0.0, 0.309017, 0.5, -0.809017, 0.0, -0.5, 0.809017, 0.309017, 0.0, 0.0, 0.0, 0.0, 1.0 ], [ -0.5, 0.809017, 0.309017, 0.0, 0.809017, 0.309017, 0.5, 0.0, 0.309017, 0.5, -0.809017, 0.0, 0.0, 0.0, 0.0, 1.0 ], [ 0.309017, 0.5, -0.809017, 0.0, -0.5, 0.809017, 0.309017, 0.0, 0.809017, 0.309017, 0.5, 0.0, 0.0, 0.0, 0.0, 1.0 ], [ 0.5, 0.809017, 0.309017, 0.0, 0.809017, -0.309017, -0.5, 0.0, -0.309017, 0.5, -0.809017, 0.0, 0.0, 0.0, 0.0, 1.0 ], [ -0.309017, 0.5, -0.809017, 0.0, 0.5, 0.809017, 0.309017, 0.0, 0.809017, -0.309017, -0.5, 0.0, 0.0, 0.0, 0.0, 1.0 ], [ 0.809017, -0.309017, -0.5, 0.0, -0.309017, 0.5, -0.809017, 0.0, 0.5, 0.809017, 0.309017, 0.0, 0.0, 0.0, 0.0, 1.0 ], [ 0.5, 0.809017, -0.309017, 0.0, 0.809017, -0.309017, 0.5, 0.0, 0.309017, -0.5, -0.809017, 0.0, 0.0, 0.0, 0.0, 1.0 ], [ 0.309017, -0.5, -0.809017, 0.0, 0.5, 0.809017, -0.309017, 0.0, 0.809017, -0.309017, 0.5, 0.0, 0.0, 0.0, 0.0, 1.0 ], [ 0.809017, -0.309017, 0.5, 0.0, 0.309017, -0.5, -0.809017, 0.0, 0.5, 0.809017, -0.309017, 0.0, 0.0, 0.0, 0.0, 1.0 ], [ 0.809017, 0.309017, -0.5, 0.0, 0.309017, 0.5, 0.809017, 0.0, 0.5, -0.809017, 0.309017, 0.0, 0.0, 0.0, 0.0, 1.0 ], [ 0.5, -0.809017, 0.309017, 0.0, 0.809017, 0.309017, -0.5, 0.0, 0.309017, 0.5, 0.809017, 0.0, 0.0, 0.0, 0.0, 1.0 ], [ 0.309017, 0.5, 0.809017, 0.0, 0.5, -0.809017, 0.309017, 0.0, 0.809017, 0.309017, -0.5, 0.0, 0.0, 0.0, 0.0, 1.0 ], [ 1.0, 0.0, 0.0, 0.0, 0.0, -1.0, 0.0, 0.0, 0.0, 0.0, -1.0, 0.0, 0.0, 0.0, 0.0, 1.0 ], [ 0.0, 0.0, 1.0, 0.0, -1.0, 0.0, 0.0, 0.0, 0.0, -1.0, 0.0, 0.0, 0.0, 0.0, 0.0, 1.0 ], [ 0.0, 1.0, 0.0, 0.0, 0.0, 0.0, -1.0, 0.0, -1.0, 0.0, 0.0, 0.0, 0.0, 0.0, 0.0, 1.0 ], [ 0.809017, 0.309017, 0.5, 0.0, -0.309017, -0.5, 0.809017, 0.0, 0.5, -0.809017, -0.309017, 0.0, 0.0, 0.0, 0.0, 1.0 ], [ -0.5, 0.809017, 0.309017, 0.0, -0.809017, -0.309017, -0.5, 0.0, -0.309017, -0.5, 0.809017, 0.0, 0.0, 0.0, 0.0, 1.0 ], [ 0.309017, 0.5, -0.809017, 0.0, 0.5, -0.809017, -0.309017, 0.0, -0.809017, -0.309017, -0.5, 0.0, 0.0, 0.0, 0.0, 1.0 ], [ 0.5, 0.809017, 0.309017, 0.0, -0.809017, 0.309017, 0.5, 0.0, 0.309017, -0.5, 0.809017, 0.0, 0.0, 0.0, 0.0, 1.0 ], [ -0.309017, 0.5, -0.809017, 0.0, -0.5, -0.809017, -0.309017, 0.0, -0.809017, 0.309017, 0.5, 0.0, 0.0, 0.0, 0.0, 1.0 ], [ 0.809017, -0.309017, -0.5, 0.0, 0.309017, -0.5, 0.809017, 0.0, -0.5, -0.809017, -0.309017, 0.0, 0.0, 0.0, 0.0, 1.0 ], [ 0.5, 0.809017, -0.309017, 0.0, -0.809017, 0.309017, -0.5, 0.0, -0.309017, 0.5, 0.809017, 0.0, 0.0, 0.0, 0.0, 1.0 ], [ 0.309017, -0.5, -0.809017, 0.0, -0.5, -0.809017, 0.309017, 0.0, -0.809017, 0.309017, -0.5, 0.0, 0.0, 0.0, 0.0, 1.0 ], [ 0.809017, -0.309017, 0.5, 0.0, -0.309017, 0.5, 0.809017, 0.0, -0.5, -0.809017, 0.309017, 0.0, 0.0, 0.0, 0.0, 1.0 ], [ 0.809017, 0.309017, -0.5, 0.0, -0.309017, -0.5, -0.809017, 0.0, -0.5, 0.809017, -0.309017, 0.0, 0.0, 0.0, 0.0, 1.0 ], [ 0.5, -0.809017, 0.309017, 0.0, -0.809017, -0.309017, 0.5, 0.0, -0.309017, -0.5, -0.809017, 0.0, 0.0, 0.0, 0.0, 1.0 ], [ 0.309017, 0.5, 0.809017, 0.0, -0.5, 0.809017, -0.309017, 0.0, -0.809017, -0.309017, 0.5, 0.0, 0.0, 0.0, 0.0, 1.0 ], [ -1.0, 0.0, 0.0, 0.0, 0.0, -1.0, 0.0, 0.0, 0.0, 0.0, 1.0, 0.0, 0.0, 0.0, 0.0, 1.0 ], [ 0.0, 0.0, -1.0, 0.0, -1.0, 0.0, 0.0, 0.0, 0.0, 1.0, 0.0, 0.0, 0.0, 0.0, 0.0, 1.0 ], [ 0.0, -1.0, 0.0, 0.0, 0.0, 0.0, -1.0, 0.0, 1.0, 0.0, 0.0, 0.0, 0.0, 0.0, 0.0, 1.0 ], [ -0.809017, -0.309017, -0.5, 0.0, -0.309017, -0.5, 0.809017, 0.0, -0.5, 0.809017, 0.309017, 0.0, 0.0, 0.0, 0.0, 1.0 ], [ 0.5, -0.809017, -0.309017, 0.0, -0.809017, -0.309017, -0.5, 0.0, 0.309017, 0.5, -0.809017, 0.0, 0.0, 0.0, 0.0, 1.0 ], [ -0.309017, -0.5, 0.809017, 0.0, 0.5, -0.809017, -0.309017, 0.0, 0.809017, 0.309017, 0.5, 0.0, 0.0, 0.0, 0.0, 1.0 ], [ -0.5, -0.809017, -0.309017, 0.0, -0.809017, 0.309017, 0.5, 0.0, -0.309017, 0.5, -0.809017, 0.0, 0.0, 0.0, 0.0, 1.0 ], [ 0.309017, -0.5, 0.809017, 0.0, -0.5, -0.809017, -0.309017, 0.0, 0.809017, -0.309017, -0.5, 0.0, 0.0, 0.0, 0.0, 1.0 ], [ -0.809017, 0.309017, 0.5, 0.0, 0.309017, -0.5, 0.809017, 0.0, 0.5, 0.809017, 0.309017, 0.0, 0.0, 0.0, 0.0, 1.0 ], [ -0.5, -0.809017, 0.309017, 0.0, -0.809017, 0.309017, -0.5, 0.0, 0.309017, -0.5, -0.809017, 0.0, 0.0, 0.0, 0.0, 1.0 ], [ -0.309017, 0.5, 0.809017, 0.0, -0.5, -0.809017, 0.309017, 0.0, 0.809017, -0.309017, 0.5, 0.0, 0.0, 0.0, 0.0, 1.0 ], [ -0.809017, 0.309017, -0.5, 0.0, -0.309017, 0.5, 0.809017, 0.0, 0.5, 0.809017, -0.309017, 0.0, 0.0, 0.0, 0.0, 1.0 ], [ -0.809017, -0.309017, 0.5, 0.0, -0.309017, -0.5, -0.809017, 0.0, 0.5, -0.809017, 0.309017, 0.0, 0.0, 0.0, 0.0, 1.0 ], [ -0.5, 0.809017, -0.309017, 0.0, -0.809017, -0.309017, 0.5, 0.0, 0.309017, 0.5, 0.809017, 0.0, 0.0, 0.0, 0.0, 1.0 ], [ -0.309017, -0.5, -0.809017, 0.0, -0.5, 0.809017, -0.309017, 0.0, 0.809017, 0.309017, -0.5, 0.0, 0.0, 0.0, 0.0, 1.0 ], [ -1.0, 0.0, 0.0, 0.0, 0.0, 1.0, 0.0, 0.0, 0.0, 0.0, -1.0, 0.0, 0.0, 0.0, 0.0, 1.0 ], [ 0.0, 0.0, -1.0, 0.0, 1.0, 0.0, 0.0, 0.0, 0.0, -1.0, 0.0, 0.0, 0.0, 0.0, 0.0, 1.0 ], [ 0.0, -1.0, 0.0, 0.0, 0.0, 0.0, 1.0, 0.0, -1.0, 0.0, 0.0, 0.0, 0.0, 0.0, 0.0, 1.0 ], [ -0.809017, -0.309017, -0.5, 0.0, 0.309017, 0.5, -0.809017, 0.0, 0.5, -0.809017, -0.309017, 0.0, 0.0, 0.0, 0.0, 1.0 ], [ 0.5, -0.809017, -0.309017, 0.0, 0.809017, 0.309017, 0.5, 0.0, -0.309017, -0.5, 0.809017, 0.0, 0.0, 0.0, 0.0, 1.0 ], [ -0.309017, -0.5, 0.809017, 0.0, -0.5, 0.809017, 0.309017, 0.0, -0.809017, -0.309017, -0.5, 0.0, 0.0, 0.0, 0.0, 1.0 ], [ -0.5, -0.809017, -0.309017, 0.0, 0.809017, -0.309017, -0.5, 0.0, 0.309017, -0.5, 0.809017, 0.0, 0.0, 0.0, 0.0, 1.0 ], [ 0.309017, -0.5, 0.809017, 0.0, 0.5, 0.809017, 0.309017, 0.0, -0.809017, 0.309017, 0.5, 0.0, 0.0, 0.0, 0.0, 1.0 ], [ -0.809017, 0.309017, 0.5, 0.0, -0.309017, 0.5, -0.809017, 0.0, -0.5, -0.809017, -0.309017, 0.0, 0.0, 0.0, 0.0, 1.0 ], [ -0.5, -0.809017, 0.309017, 0.0, 0.809017, -0.309017, 0.5, 0.0, -0.309017, 0.5, 0.809017, 0.0, 0.0, 0.0, 0.0, 1.0 ], [ -0.309017, 0.5, 0.809017, 0.0, 0.5, 0.809017, -0.309017, 0.0, -0.809017, 0.309017, -0.5, 0.0, 0.0, 0.0, 0.0, 1.0 ], [ -0.809017, 0.309017, -0.5, 0.0, 0.309017, -0.5, -0.809017, 0.0, -0.5, -0.809017, 0.309017, 0.0, 0.0, 0.0, 0.0, 1.0 ], [ -0.809017, -0.309017, 0.5, 0.0, 0.309017, 0.5, 0.809017, 0.0, -0.5, 0.809017, -0.309017, 0.0, 0.0, 0.0, 0.0, 1.0 ], [ -0.5, 0.809017, -0.309017, 0.0, 0.809017, 0.309017, -0.5, 0.0, -0.309017, -0.5, -0.809017, 0.0, 0.0, 0.0, 0.0, 1.0 ], [ -0.309017, -0.5, -0.809017, 0.0, 0.5, -0.809017, 0.309017, 0.0, -0.809017, -0.309017, 0.5, 0.0, 0.0, 0.0, 0.0, 1.0 ] ],
  "lights" : {
    "backgroundColor" : "#D8EBFF",
    "ambientColor" : "#292929",
    "directionalLights" : [ {
      "direction" : {
        "x" : 1.0,
        "y" : -1.0,
        "z" : -1.0
      },
      "color" : "#EBEBE4"
    }, {
      "direction" : {
        "x" : -1.0,
        "y" : 0.0,
        "z" : 0.0
      },
      "color" : "#E4E4EB"
    }, {
      "direction" : {
        "x" : 0.0,
        "y" : 0.0,
        "z" : -1.0
      },
      "color" : "#1E1E1E"
    } ]
  },
  "camera" : {
    "lookDirection" : {
      "x" : 0.0,
      "y" : 0.0,
      "z" : -1.0
    },
    "upDirection" : {
      "x" : 0.0,
      "y" : 1.0,
      "z" : 0.0
    },
    "lookAtPoint" : {
      "x" : 0.0,
      "y" : 0.0,
      "z" : 0.0
    },
    "viewDistance" : 283.97308,
    "nearClipDistance" : 0.70993656,
    "farClipDistance" : 567.94763,
    "fieldOfView" : 0.44263068,
    "perspective" : true,
    "stereo" : false,
    "width" : 127.78842,
    "position" : {
      "x" : 0.0,
      "y" : 0.0,
      "z" : 283.97308
    }
  },
  "embedding" : [ 1.0, 0.0, 0.0, 0.0, 0.0, 1.0, 0.0, 0.0, 0.0, 0.0, 1.0, 0.0, 0.0, 0.0, 0.0, 1.0 ],
  "shapes" : [ {
    "id" : "77e542b3-415c-43af-906a-0da7c7929843",
    "vertices" : [ {
      "x" : 0.0,
      "y" : 0.0,
      "z" : 29.034441
    }, {
      "x" : 4.2641163,
      "y" : 2.6353688,
      "z" : 30.855436
    }, {
      "x" : 19.691835,
      "y" : -22.327204,
      "z" : 9.534854
    }, {
      "x" : 14.5172205,
      "y" : -23.489357,
      "z" : 8.972136
    } ],
    "faces" : [ {
      "vertices" : [ 0, 1, 2 ]
    }, {
      "vertices" : [ 0, 2, 3 ]
    }, {
      "vertices" : [ 0, 3, 2 ]
    }, {
      "vertices" : [ 0, 2, 1 ]
    } ]
  }, {
    "id" : "82f7b335-33b9-4500-acac-a5bdccf06b5b",
    "vertices" : [ {
      "x" : -23.489357,
      "y" : 8.972136,
      "z" : -14.5172205
    }, {
      "x" : -24.962572,
      "y" : 5.2707376,
      "z" : -18.063087
    }, {
      "x" : 9.534854,
      "y" : 11.163602,
      "z" : -27.597942
    }, {
      "x" : 8.972136,
      "y" : 14.5172205,
      "z" : -23.489357
    } ],
    "faces" : [ {
      "vertices" : [ 0, 1, 2 ]
    }, {
      "vertices" : [ 0, 2, 3 ]
    }, {
      "vertices" : [ 0, 3, 2 ]
    }, {
      "vertices" : [ 0, 2, 1 ]
    } ]
  }, {
    "id" : "e4bd2ddd-a1dd-456b-b9ac-df3bb37fe3e5",
    "vertices" : [ {
      "x" : -23.489357,
      "y" : 8.972136,
      "z" : 14.5172205
    }, {
      "x" : -22.327204,
      "y" : 9.534854,
      "z" : 19.691835
    }, {
      "x" : -12.79235,
      "y" : -24.962572,
      "z" : 13.798971
    }, {
      "x" : -14.5172205,
      "y" : -23.489357,
      "z" : 8.972136
    } ],
    "faces" : [ {
      "vertices" : [ 0, 1, 2 ]
    }, {
      "vertices" : [ 0, 2, 3 ]
    }, {
      "vertices" : [ 0, 3, 2 ]
    }, {
      "vertices" : [ 0, 2, 1 ]
    } ]
  }, {
    "id" : "65cb3cba-f201-4c14-9faf-292e43f2b87c",
    "vertices" : [ {
      "x" : 0.0,
      "y" : 35.888542,
      "z" : 0.0
    }, {
      "x" : -2.6353688,
      "y" : 30.855436,
      "z" : -4.2641163
    }, {
      "x" : -27.597942,
      "y" : 9.534854,
      "z" : 11.163602
    }, {
      "x" : -29.034441,
      "y" : 11.09017,
      "z" : 17.944271
    } ],
    "faces" : [ {
      "vertices" : [ 0, 1, 2 ]
    }, {
      "vertices" : [ 0, 2, 3 ]
    }, {
      "vertices" : [ 0, 3, 2 ]
    }, {
      "vertices" : [ 0, 2, 1 ]
    } ]
  }, {
    "id" : "97990a41-1710-4c47-b34a-fd43d8129990",
    "vertices" : [ {
      "x" : -23.489357,
      "y" : -8.972136,
      "z" : -14.5172205
    }, {
      "x" : -24.962572,
      "y" : -13.798971,
      "z" : -12.79235
    }, {
      "x" : -24.962572,
      "y" : 5.2707376,
      "z" : 18.063087
    }, {
      "x" : -23.489357,
      "y" : 8.972136,
      "z" : 14.5172205
    } ],
    "faces" : [ {
      "vertices" : [ 0, 1, 2 ]
    }, {
      "vertices" : [ 0, 2, 3 ]
    }, {
      "vertices" : [ 0, 3, 2 ]
    }, {
      "vertices" : [ 0, 2, 1 ]
    } ]
  }, {
    "id" : "b747dd8c-e934-47f6-a126-ea68b5b26472",
    "vertices" : [ {
      "x" : 17.944271,
      "y" : -29.034441,
      "z" : 11.09017
    }, {
      "x" : 12.79235,
      "y" : -24.962572,
      "z" : 13.798971
    }, {
      "x" : 22.327204,
      "y" : 9.534854,
      "z" : 19.691835
    }, {
      "x" : 29.034441,
      "y" : 11.09017,
      "z" : 17.944271
    } ],
    "faces" : [ {
      "vertices" : [ 0, 1, 2 ]
    }, {
      "vertices" : [ 0, 2, 3 ]
    }, {
      "vertices" : [ 0, 3, 2 ]
    }, {
      "vertices" : [ 0, 2, 1 ]
    } ]
  }, {
    "id" : "9fa36918-4a56-41bc-baff-3c8f7c04ace1",
    "vertices" : [ {
      "x" : -29.034441,
      "y" : -11.09017,
      "z" : -17.944271
    }, {
      "x" : -22.327204,
      "y" : -9.534854,
      "z" : -19.691835
    }, {
      "x" : 2.6353688,
      "y" : -30.855436,
      "z" : -4.2641163
    }, {
      "x" : 0.0,
      "y" : -35.888542,
      "z" : 0.0
    } ],
    "faces" : [ {
      "vertices" : [ 0, 1, 2 ]
    }, {
      "vertices" : [ 0, 2, 3 ]
    }, {
      "vertices" : [ 0, 3, 2 ]
    }, {
      "vertices" : [ 0, 2, 1 ]
    } ]
  }, {
    "id" : "4afcec6a-489f-4100-8111-43eedd3ab646",
    "vertices" : [ {
      "x" : -29.034441,
      "y" : 11.09017,
      "z" : -17.944271
    }, {
      "x" : -24.962572,
      "y" : 5.2707376,
      "z" : -18.063087
    }, {
      "x" : -24.962572,
      "y" : -13.798971,
      "z" : 12.79235
    }, {
      "x" : -29.034441,
      "y" : -11.09017,
      "z" : 17.944271
    } ],
    "faces" : [ {
      "vertices" : [ 0, 1, 2 ]
    }, {
      "vertices" : [ 0, 2, 3 ]
    }, {
      "vertices" : [ 0, 3, 2 ]
    }, {
      "vertices" : [ 0, 2, 1 ]
    } ]
  }, {
    "id" : "0ff5c78f-84a0-458e-ba6b-3dc1e9942b82",
    "vertices" : [ {
      "x" : 0.0,
      "y" : 35.888542,
      "z" : 0.0
    }, {
      "x" : 2.6353688,
      "y" : 30.855436,
      "z" : 4.2641163
    }, {
      "x" : 27.597942,
      "y" : 9.534854,
      "z" : -11.163602
    }, {
      "x" : 29.034441,
      "y" : 11.09017,
      "z" : -17.944271
    } ],
    "faces" : [ {
      "vertices" : [ 0, 1, 2 ]
    }, {
      "vertices" : [ 0, 2, 3 ]
    }, {
      "vertices" : [ 0, 3, 2 ]
    }, {
      "vertices" : [ 0, 2, 1 ]
    } ]
  }, {
    "id" : "f4b0d138-2a81-40e9-beeb-2b562f815879",
    "vertices" : [ {
      "x" : 29.034441,
      "y" : 11.09017,
      "z" : -17.944271
    }, {
      "x" : 27.597942,
      "y" : 9.534854,
      "z" : -11.163602
    }, {
      "x" : 18.063087,
      "y" : -24.962572,
      "z" : -5.2707376
    }, {
      "x" : 17.944271,
      "y" : -29.034441,
      "z" : -11.09017
    } ],
    "faces" : [ {
      "vertices" : [ 0, 1, 2 ]
    }, {
      "vertices" : [ 0, 2, 3 ]
    }, {
      "vertices" : [ 0, 3, 2 ]
    }, {
      "vertices" : [ 0, 2, 1 ]
    } ]
  }, {
    "id" : "5b95e8ba-114e-4769-b7b8-62abba46cf9f",
    "vertices" : [ {
      "x" : -14.5172205,
      "y" : 23.489357,
      "z" : -8.972136
    }, {
      "x" : -11.163602,
      "y" : 27.597942,
      "z" : -9.534854
    }, {
      "x" : 4.2641163,
      "y" : 2.6353688,
      "z" : -30.855436
    }, {
      "x" : 0.0,
      "y" : 0.0,
      "z" : -29.034441
    } ],
    "faces" : [ {
      "vertices" : [ 0, 1, 2 ]
    }, {
      "vertices" : [ 0, 2, 3 ]
    }, {
      "vertices" : [ 0, 3, 2 ]
    }, {
      "vertices" : [ 0, 2, 1 ]
    } ]
  }, {
    "id" : "107f55de-8607-42e6-b665-9257f3331f21",
    "vertices" : [ {
      "x" : 23.489357,
      "y" : 8.972136,
      "z" : 14.5172205
    }, {
      "x" : 22.327204,
      "y" : 9.534854,
      "z" : 19.691835
    }, {
      "x" : 12.79235,
      "y" : -24.962572,
      "z" : 13.798971
    }, {
      "x" : 14.5172205,
      "y" : -23.489357,
      "z" : 8.972136
    } ],
    "faces" : [ {
      "vertices" : [ 0, 1, 2 ]
    }, {
      "vertices" : [ 0, 2, 3 ]
    }, {
      "vertices" : [ 0, 3, 2 ]
    }, {
      "vertices" : [ 0, 2, 1 ]
    } ]
  }, {
    "id" : "6bc60dd3-184f-4f8d-96eb-d5cf3d9d4fcc",
    "vertices" : [ {
      "x" : -11.09017,
      "y" : -17.944271,
      "z" : 29.034441
    }, {
      "x" : -9.534854,
      "y" : -19.691835,
      "z" : 22.327204
    }, {
      "x" : -30.855436,
      "y" : -4.2641163,
      "z" : -2.6353688
    }, {
      "x" : -35.888542,
      "y" : 0.0,
      "z" : 0.0
    } ],
    "faces" : [ {
      "vertices" : [ 0, 1, 2 ]
    }, {
      "vertices" : [ 0, 2, 3 ]
    }, {
      "vertices" : [ 0, 3, 2 ]
    }, {
      "vertices" : [ 0, 2, 1 ]
    } ]
  }, {
    "id" : "e56fe613-d1e8-4776-acfd-ca131cf9d077",
    "vertices" : [ {
      "x" : 29.034441,
      "y" : 0.0,
      "z" : 0.0
    }, {
      "x" : 30.855436,
      "y" : 4.2641163,
      "z" : 2.6353688
    }, {
      "x" : 9.534854,
      "y" : 19.691835,
      "z" : -22.327204
    }, {
      "x" : 8.972136,
      "y" : 14.5172205,
      "z" : -23.489357
    } ],
    "faces" : [ {
      "vertices" : [ 0, 1, 2 ]
    }, {
      "vertices" : [ 0, 2, 3 ]
    }, {
      "vertices" : [ 0, 3, 2 ]
    }, {
      "vertices" : [ 0, 2, 1 ]
    } ]
  }, {
    "id" : "046a40c4-32c6-48ee-a044-e50f5bdf617a",
    "vertices" : [ {
      "x" : -8.972136,
      "y" : 14.5172205,
      "z" : -23.489357
    }, {
      "x" : -9.534854,
      "y" : 19.691835,
      "z" : -22.327204
    }, {
      "x" : 24.962572,
      "y" : 13.798971,
      "z" : -12.79235
    }, {
      "x" : 23.489357,
      "y" : 8.972136,
      "z" : -14.5172205
    } ],
    "faces" : [ {
      "vertices" : [ 0, 1, 2 ]
    }, {
      "vertices" : [ 0, 2, 3 ]
    }, {
      "vertices" : [ 0, 3, 2 ]
    }, {
      "vertices" : [ 0, 2, 1 ]
    } ]
  }, {
    "id" : "7c70a1e0-573a-48f4-b951-df595aa449ae",
    "vertices" : [ {
      "x" : -29.034441,
      "y" : -11.09017,
      "z" : 17.944271
    }, {
      "x" : -24.962572,
      "y" : -13.798971,
      "z" : 12.79235
    }, {
      "x" : 9.534854,
      "y" : -19.691835,
      "z" : 22.327204
    }, {
      "x" : 11.09017,
      "y" : -17.944271,
      "z" : 29.034441
    } ],
    "faces" : [ {
      "vertices" : [ 0, 1, 2 ]
    }, {
      "vertices" : [ 0, 2, 3 ]
    }, {
      "vertices" : [ 0, 3, 2 ]
    }, {
      "vertices" : [ 0, 2, 1 ]
    } ]
  }, {
    "id" : "c6d22db1-602d-4760-8a3f-df8feef19de1",
    "vertices" : [ {
      "x" : 0.0,
      "y" : 0.0,
      "z" : 29.034441
    }, {
      "x" : -4.2641163,
      "y" : -2.6353688,
      "z" : 30.855436
    }, {
      "x" : -19.691835,
      "y" : 22.327204,
      "z" : 9.534854
    }, {
      "x" : -14.5172205,
      "y" : 23.489357,
      "z" : 8.972136
    } ],
    "faces" : [ {
      "vertices" : [ 0, 1, 2 ]
    }, {
      "vertices" : [ 0, 2, 3 ]
    }, {
      "vertices" : [ 0, 3, 2 ]
    }, {
      "vertices" : [ 0, 2, 1 ]
    } ]
  }, {
    "id" : "1685c92a-c08d-43b6-bcd6-70656c3280c9",
    "vertices" : [ {
      "x" : 29.034441,
      "y" : 11.09017,
      "z" : -17.944271
    }, {
      "x" : 24.962572,
      "y" : 5.2707376,
      "z" : -18.063087
    }, {
      "x" : 24.962572,
      "y" : -13.798971,
      "z" : 12.79235
    }, {
      "x" : 29.034441,
      "y" : -11.09017,
      "z" : 17.944271
    } ],
    "faces" : [ {
      "vertices" : [ 0, 1, 2 ]
    }, {
      "vertices" : [ 0, 2, 3 ]
    }, {
      "vertices" : [ 0, 3, 2 ]
    }, {
      "vertices" : [ 0, 2, 1 ]
    } ]
  }, {
    "id" : "6a00403b-07e8-4336-afa4-85a6495fc9e8",
    "vertices" : [ {
      "x" : 11.09017,
      "y" : -17.944271,
      "z" : -29.034441
    }, {
      "x" : 13.798971,
      "y" : -12.79235,
      "z" : -24.962572
    }, {
      "x" : 19.691835,
      "y" : -22.327204,
      "z" : 9.534854
    }, {
      "x" : 17.944271,
      "y" : -29.034441,
      "z" : 11.09017
    } ],
    "faces" : [ {
      "vertices" : [ 0, 1, 2 ]
    }, {
      "vertices" : [ 0, 2, 3 ]
    }, {
      "vertices" : [ 0, 3, 2 ]
    }, {
      "vertices" : [ 0, 2, 1 ]
    } ]
  }, {
    "id" : "37893f77-3c5b-48af-8b5a-d4abfd93e34e",
    "vertices" : [ {
      "x" : -11.09017,
      "y" : -17.944271,
      "z" : -29.034441
    }, {
      "x" : -13.798971,
      "y" : -12.79235,
      "z" : -24.962572
    }, {
      "x" : -19.691835,
      "y" : -22.327204,
      "z" : 9.534854
    }, {
      "x" : -17.944271,
      "y" : -29.034441,
      "z" : 11.09017
    } ],
    "faces" : [ {
      "vertices" : [ 0, 1, 2 ]
    }, {
      "vertices" : [ 0, 2, 3 ]
    }, {
      "vertices" : [ 0, 3, 2 ]
    }, {
      "vertices" : [ 0, 2, 1 ]
    } ]
  }, {
    "id" : "d4f271e9-076f-4774-bcc9-dc21dfcb4478",
    "vertices" : [ {
      "x" : 23.489357,
      "y" : -8.972136,
      "z" : 14.5172205
    }, {
      "x" : 24.962572,
      "y" : -13.798971,
      "z" : 12.79235
    }, {
      "x" : 24.962572,
      "y" : 5.2707376,
      "z" : -18.063087
    }, {
      "x" : 23.489357,
      "y" : 8.972136,
      "z" : -14.5172205
    } ],
    "faces" : [ {
      "vertices" : [ 0, 1, 2 ]
    }, {
      "vertices" : [ 0, 2, 3 ]
    }, {
      "vertices" : [ 0, 3, 2 ]
    }, {
      "vertices" : [ 0, 2, 1 ]
    } ]
  }, {
    "id" : "39fe0d3d-84a2-49f0-b394-9bd81b52cdf7",
    "vertices" : [ {
      "x" : -14.5172205,
      "y" : -23.489357,
      "z" : 8.972136
    }, {
      "x" : -19.691835,
      "y" : -22.327204,
      "z" : 9.534854
    }, {
      "x" : -13.798971,
      "y" : -12.79235,
      "z" : -24.962572
    }, {
      "x" : -8.972136,
      "y" : -14.5172205,
      "z" : -23.489357
    } ],
    "faces" : [ {
      "vertices" : [ 0, 1, 2 ]
    }, {
      "vertices" : [ 0, 2, 3 ]
    }, {
      "vertices" : [ 0, 3, 2 ]
    }, {
      "vertices" : [ 0, 2, 1 ]
    } ]
  }, {
    "id" : "3f1e1e7a-523e-4467-9e5b-49f06f87fc01",
    "vertices" : [ {
      "x" : 23.489357,
      "y" : -8.972136,
      "z" : -14.5172205
    }, {
      "x" : 22.327204,
      "y" : -9.534854,
      "z" : -19.691835
    }, {
      "x" : 12.79235,
      "y" : 24.962572,
      "z" : -13.798971
    }, {
      "x" : 14.5172205,
      "y" : 23.489357,
      "z" : -8.972136
    } ],
    "faces" : [ {
      "vertices" : [ 0, 1, 2 ]
    }, {
      "vertices" : [ 0, 2, 3 ]
    }, {
      "vertices" : [ 0, 3, 2 ]
    }, {
      "vertices" : [ 0, 2, 1 ]
    } ]
  }, {
    "id" : "ccbc79f5-3270-4043-be54-cb4fe666c8a3",
    "vertices" : [ {
      "x" : 17.944271,
      "y" : 29.034441,
      "z" : -11.09017
    }, {
      "x" : 19.691835,
      "y" : 22.327204,
      "z" : -9.534854
    }, {
      "x" : 4.2641163,
      "y" : -2.6353688,
      "z" : -30.855436
    }, {
      "x" : 0.0,
      "y" : 0.0,
      "z" : -35.888542
    } ],
    "faces" : [ {
      "vertices" : [ 0, 1, 2 ]
    }, {
      "vertices" : [ 0, 2, 3 ]
    }, {
      "vertices" : [ 0, 3, 2 ]
    }, {
      "vertices" : [ 0, 2, 1 ]
    } ]
  }, {
    "id" : "6a847ffc-291f-486d-bc4f-0124e3359fee",
    "vertices" : [ {
      "x" : -14.5172205,
      "y" : -23.489357,
      "z" : 8.972136
    }, {
      "x" : -18.063087,
      "y" : -24.962572,
      "z" : 5.2707376
    }, {
      "x" : -27.597942,
      "y" : 9.534854,
      "z" : 11.163602
    }, {
      "x" : -23.489357,
      "y" : 8.972136,
      "z" : 14.5172205
    } ],
    "faces" : [ {
      "vertices" : [ 0, 1, 2 ]
    }, {
      "vertices" : [ 0, 2, 3 ]
    }, {
      "vertices" : [ 0, 3, 2 ]
    }, {
      "vertices" : [ 0, 2, 1 ]
    } ]
  }, {
    "id" : "5270678b-75bf-4abf-80a0-cab8e3b93e96",
    "vertices" : [ {
      "x" : 17.944271,
      "y" : -29.034441,
      "z" : 11.09017
    }, {
      "x" : 11.163602,
      "y" : -27.597942,
      "z" : 9.534854
    }, {
      "x" : 5.2707376,
      "y" : -18.063087,
      "z" : -24.962572
    }, {
      "x" : 11.09017,
      "y" : -17.944271,
      "z" : -29.034441
    } ],
    "faces" : [ {
      "vertices" : [ 0, 1, 2 ]
    }, {
      "vertices" : [ 0, 2, 3 ]
    }, {
      "vertices" : [ 0, 3, 2 ]
    }, {
      "vertices" : [ 0, 2, 1 ]
    } ]
  }, {
    "id" : "95d84bef-4b3a-48be-8b6b-0edcb49218c5",
    "vertices" : [ {
      "x" : 0.0,
      "y" : 0.0,
      "z" : 35.888542
    }, {
      "x" : 4.2641163,
      "y" : 2.6353688,
      "z" : 30.855436
    }, {
      "x" : -11.163602,
      "y" : 27.597942,
      "z" : 9.534854
    }, {
      "x" : -17.944271,
      "y" : 29.034441,
      "z" : 11.09017
    } ],
    "faces" : [ {
      "vertices" : [ 0, 1, 2 ]
    }, {
      "vertices" : [ 0, 2, 3 ]
    }, {
      "vertices" : [ 0, 3, 2 ]
    }, {
      "vertices" : [ 0, 2, 1 ]
    } ]
  }, {
    "id" : "c70ba5c6-5f69-4523-ab1e-de559c51ef09",
    "vertices" : [ {
      "x" : -8.972136,
      "y" : -14.5172205,
      "z" : -23.489357
    }, {
      "x" : -13.798971,
      "y" : -12.79235,
      "z" : -24.962572
    }, {
      "x" : 5.2707376,
      "y" : 18.063087,
      "z" : -24.962572
    }, {
      "x" : 8.972136,
      "y" : 14.5172205,
      "z" : -23.489357
    } ],
    "faces" : [ {
      "vertices" : [ 0, 1, 2 ]
    }, {
      "vertices" : [ 0, 2, 3 ]
    }, {
      "vertices" : [ 0, 3, 2 ]
    }, {
      "vertices" : [ 0, 2, 1 ]
    } ]
  }, {
    "id" : "10ca6f76-8626-43b9-819c-824e6803b6d1",
    "vertices" : [ {
      "x" : -14.5172205,
      "y" : -23.489357,
      "z" : -8.972136
    }, {
      "x" : -12.79235,
      "y" : -24.962572,
      "z" : -13.798971
    }, {
      "x" : 18.063087,
      "y" : -24.962572,
      "z" : 5.2707376
    }, {
      "x" : 14.5172205,
      "y" : -23.489357,
      "z" : 8.972136
    } ],
    "faces" : [ {
      "vertices" : [ 0, 1, 2 ]
    }, {
      "vertices" : [ 0, 2, 3 ]
    }, {
      "vertices" : [ 0, 3, 2 ]
    }, {
      "vertices" : [ 0, 2, 1 ]
    } ]
  }, {
    "id" : "72e3e05a-503b-4be3-b20d-9ea5a51f22fa",
    "vertices" : [ {
      "x" : -11.09017,
      "y" : -17.944271,
      "z" : 29.034441
    }, {
      "x" : -5.2707376,
      "y" : -18.063087,
      "z" : 24.962572
    }, {
      "x" : 13.798971,
      "y" : 12.79235,
      "z" : 24.962572
    }, {
      "x" : 11.09017,
      "y" : 17.944271,
      "z" : 29.034441
    } ],
    "faces" : [ {
      "vertices" : [ 0, 1, 2 ]
    }, {
      "vertices" : [ 0, 2, 3 ]
    }, {
      "vertices" : [ 0, 3, 2 ]
    }, {
      "vertices" : [ 0, 2, 1 ]
    } ]
  }, {
    "id" : "6677a4a8-db59-4b5b-95e7-f0bf73f87b8b",
    "vertices" : [ {
      "x" : -23.489357,
      "y" : 8.972136,
      "z" : 14.5172205
    }, {
      "x" : -24.962572,
      "y" : 5.2707376,
      "z" : 18.063087
    }, {
      "x" : 9.534854,
      "y" : 11.163602,
      "z" : 27.597942
    }, {
      "x" : 8.972136,
      "y" : 14.5172205,
      "z" : 23.489357
    } ],
    "faces" : [ {
      "vertices" : [ 0, 1, 2 ]
    }, {
      "vertices" : [ 0, 2, 3 ]
    }, {
      "vertices" : [ 0, 3, 2 ]
    }, {
      "vertices" : [ 0, 2, 1 ]
    } ]
  }, {
    "id" : "f0a2b4e0-948d-4b0a-9b6d-97b516554a24",
    "vertices" : [ {
      "x" : 0.0,
      "y" : 0.0,
      "z" : 35.888542
    }, {
      "x" : 4.2641163,
      "y" : -2.6353688,
      "z" : 30.855436
    }, {
      "x" : -11.163602,
      "y" : -27.597942,
      "z" : 9.534854
    }, {
      "x" : -17.944271,
      "y" : -29.034441,
      "z" : 11.09017
    } ],
    "faces" : [ {
      "vertices" : [ 0, 1, 2 ]
    }, {
      "vertices" : [ 0, 2, 3 ]
    }, {
      "vertices" : [ 0, 3, 2 ]
    }, {
      "vertices" : [ 0, 2, 1 ]
    } ]
  }, {
    "id" : "99a62352-614a-4168-b433-64cdcce21910",
    "vertices" : [ {
      "x" : -8.972136,
      "y" : 14.5172205,
      "z" : 23.489357
    }, {
      "x" : -9.534854,
      "y" : 19.691835,
      "z" : 22.327204
    }, {
      "x" : 24.962572,
      "y" : 13.798971,
      "z" : 12.79235
    }, {
      "x" : 23.489357,
      "y" : 8.972136,
      "z" : 14.5172205
    } ],
    "faces" : [ {
      "vertices" : [ 0, 1, 2 ]
    }, {
      "vertices" : [ 0, 2, 3 ]
    }, {
      "vertices" : [ 0, 3, 2 ]
    }, {
      "vertices" : [ 0, 2, 1 ]
    } ]
  }, {
    "id" : "dfe46ae6-06b3-44e7-84c6-507f936afaae",
    "vertices" : [ {
      "x" : 35.888542,
      "y" : 0.0,
      "z" : 0.0
    }, {
      "x" : 30.855436,
      "y" : -4.2641163,
      "z" : -2.6353688
    }, {
      "x" : 9.534854,
      "y" : 11.163602,
      "z" : -27.597942
    }, {
      "x" : 11.09017,
      "y" : 17.944271,
      "z" : -29.034441
    } ],
    "faces" : [ {
      "vertices" : [ 0, 1, 2 ]
    }, {
      "vertices" : [ 0, 2, 3 ]
    }, {
      "vertices" : [ 0, 3, 2 ]
    }, {
      "vertices" : [ 0, 2, 1 ]
    } ]
  }, {
    "id" : "e324b02b-1802-4a1a-8e3f-421d5682abfe",
    "vertices" : [ {
      "x" : -17.944271,
      "y" : 29.034441,
      "z" : 11.09017
    }, {
      "x" : -12.79235,
      "y" : 24.962572,
      "z" : 13.798971
    }, {
      "x" : -22.327204,
      "y" : -9.534854,
      "z" : 19.691835
    }, {
      "x" : -29.034441,
      "y" : -11.09017,
      "z" : 17.944271
    } ],
    "faces" : [ {
      "vertices" : [ 0, 1, 2 ]
    }, {
      "vertices" : [ 0, 2, 3 ]
    }, {
      "vertices" : [ 0, 3, 2 ]
    }, {
      "vertices" : [ 0, 2, 1 ]
    } ]
  }, {
    "id" : "de39655b-59d4-423a-a5df-bb044c57134e",
    "vertices" : [ {
      "x" : -23.489357,
      "y" : -8.972136,
      "z" : 14.5172205
    }, {
      "x" : -24.962572,
      "y" : -5.2707376,
      "z" : 18.063087
    }, {
      "x" : 9.534854,
      "y" : -11.163602,
      "z" : 27.597942
    }, {
      "x" : 8.972136,
      "y" : -14.5172205,
      "z" : 23.489357
    } ],
    "faces" : [ {
      "vertices" : [ 0, 1, 2 ]
    }, {
      "vertices" : [ 0, 2, 3 ]
    }, {
      "vertices" : [ 0, 3, 2 ]
    }, {
      "vertices" : [ 0, 2, 1 ]
    } ]
  }, {
    "id" : "9e61d075-40c0-486e-b2c0-10fbe70660b1",
    "vertices" : [ {
      "x" : 17.944271,
      "y" : 29.034441,
      "z" : 11.09017
    }, {
      "x" : 19.691835,
      "y" : 22.327204,
      "z" : 9.534854
    }, {
      "x" : 4.2641163,
      "y" : -2.6353688,
      "z" : 30.855436
    }, {
      "x" : 0.0,
      "y" : 0.0,
      "z" : 35.888542
    } ],
    "faces" : [ {
      "vertices" : [ 0, 1, 2 ]
    }, {
      "vertices" : [ 0, 2, 3 ]
    }, {
      "vertices" : [ 0, 3, 2 ]
    }, {
      "vertices" : [ 0, 2, 1 ]
    } ]
  }, {
    "id" : "cd3fd425-8642-43da-967e-bbee74a0ed77",
    "vertices" : [ {
      "x" : 29.034441,
      "y" : 11.09017,
      "z" : 17.944271
    }, {
      "x" : 24.962572,
      "y" : 13.798971,
      "z" : 12.79235
    }, {
      "x" : -9.534854,
      "y" : 19.691835,
      "z" : 22.327204
    }, {
      "x" : -11.09017,
      "y" : 17.944271,
      "z" : 29.034441
    } ],
    "faces" : [ {
      "vertices" : [ 0, 1, 2 ]
    }, {
      "vertices" : [ 0, 2, 3 ]
    }, {
      "vertices" : [ 0, 3, 2 ]
    }, {
      "vertices" : [ 0, 2, 1 ]
    } ]
  }, {
    "id" : "5966d613-c998-46c4-8fd8-77981021a081",
    "vertices" : [ {
      "x" : 14.5172205,
      "y" : 23.489357,
      "z" : 8.972136
    }, {
      "x" : 18.063087,
      "y" : 24.962572,
      "z" : 5.2707376
    }, {
      "x" : 27.597942,
      "y" : -9.534854,
      "z" : 11.163602
    }, {
      "x" : 23.489357,
      "y" : -8.972136,
      "z" : 14.5172205
    } ],
    "faces" : [ {
      "vertices" : [ 0, 1, 2 ]
    }, {
      "vertices" : [ 0, 2, 3 ]
    }, {
      "vertices" : [ 0, 3, 2 ]
    }, {
      "vertices" : [ 0, 2, 1 ]
    } ]
  }, {
    "id" : "d606d1c9-8e03-4526-bb55-4c27e71a1b8a",
    "vertices" : [ {
      "x" : 8.972136,
      "y" : -14.5172205,
      "z" : -23.489357
    }, {
      "x" : 9.534854,
      "y" : -11.163602,
      "z" : -27.597942
    }, {
      "x" : 30.855436,
      "y" : 4.2641163,
      "z" : -2.6353688
    }, {
      "x" : 29.034441,
      "y" : 0.0,
      "z" : 0.0
    } ],
    "faces" : [ {
      "vertices" : [ 0, 1, 2 ]
    }, {
      "vertices" : [ 0, 2, 3 ]
    }, {
      "vertices" : [ 0, 3, 2 ]
    }, {
      "vertices" : [ 0, 2, 1 ]
    } ]
  }, {
    "id" : "b51467c8-7dfa-483e-99ce-b49c47fdab52",
    "vertices" : [ {
      "x" : -29.034441,
      "y" : -11.09017,
      "z" : 17.944271
    }, {
      "x" : -27.597942,
      "y" : -9.534854,
      "z" : 11.163602
    }, {
      "x" : -18.063087,
      "y" : 24.962572,
      "z" : 5.2707376
    }, {
      "x" : -17.944271,
      "y" : 29.034441,
      "z" : 11.09017
    } ],
    "faces" : [ {
      "vertices" : [ 0, 1, 2 ]
    }, {
      "vertices" : [ 0, 2, 3 ]
    }, {
      "vertices" : [ 0, 3, 2 ]
    }, {
      "vertices" : [ 0, 2, 1 ]
    } ]
  }, {
    "id" : "39929943-ddb6-4f34-a853-0da4023f6b0e",
    "vertices" : [ {
      "x" : 17.944271,
      "y" : -29.034441,
      "z" : -11.09017
    }, {
      "x" : 12.79235,
      "y" : -24.962572,
      "z" : -13.798971
    }, {
      "x" : 22.327204,
      "y" : 9.534854,
      "z" : -19.691835
    }, {
      "x" : 29.034441,
      "y" : 11.09017,
      "z" : -17.944271
    } ],
    "faces" : [ {
      "vertices" : [ 0, 1, 2 ]
    }, {
      "vertices" : [ 0, 2, 3 ]
    }, {
      "vertices" : [ 0, 3, 2 ]
    }, {
      "vertices" : [ 0, 2, 1 ]
    } ]
  }, {
    "id" : "6b20785d-e2b0-4459-a15e-f95284fff9ff",
    "vertices" : [ {
      "x" : 35.888542,
      "y" : 0.0,
      "z" : 0.0
    }, {
      "x" : 30.855436,
      "y" : -4.2641163,
      "z" : 2.6353688
    }, {
      "x" : 9.534854,
      "y" : 11.163602,
      "z" : 27.597942
    }, {
      "x" : 11.09017,
      "y" : 17.944271,
      "z" : 29.034441
    } ],
    "faces" : [ {
      "vertices" : [ 0, 1, 2 ]
    }, {
      "vertices" : [ 0, 2, 3 ]
    }, {
      "vertices" : [ 0, 3, 2 ]
    }, {
      "vertices" : [ 0, 2, 1 ]
    } ]
  }, {
    "id" : "b47154ad-4819-445c-a235-7e8d219f1263",
    "vertices" : [ {
      "x" : -17.944271,
      "y" : -29.034441,
      "z" : 11.09017
    }, {
      "x" : -11.163602,
      "y" : -27.597942,
      "z" : 9.534854
    }, {
      "x" : -5.2707376,
      "y" : -18.063087,
      "z" : -24.962572
    }, {
      "x" : -11.09017,
      "y" : -17.944271,
      "z" : -29.034441
    } ],
    "faces" : [ {
      "vertices" : [ 0, 1, 2 ]
    }, {
      "vertices" : [ 0, 2, 3 ]
    }, {
      "vertices" : [ 0, 3, 2 ]
    }, {
      "vertices" : [ 0, 2, 1 ]
    } ]
  }, {
    "id" : "d8dd65c2-b188-4e0a-9fbf-23763cfeb27d",
    "vertices" : [ {
      "x" : 29.034441,
      "y" : 11.09017,
      "z" : -17.944271
    }, {
      "x" : 22.327204,
      "y" : 9.534854,
      "z" : -19.691835
    }, {
      "x" : -2.6353688,
      "y" : 30.855436,
      "z" : -4.2641163
    }, {
      "x" : 0.0,
      "y" : 35.888542,
      "z" : 0.0
    } ],
    "faces" : [ {
      "vertices" : [ 0, 1, 2 ]
    }, {
      "vertices" : [ 0, 2, 3 ]
    }, {
      "vertices" : [ 0, 3, 2 ]
    }, {
      "vertices" : [ 0, 2, 1 ]
    } ]
  }, {
    "id" : "3aa38af5-0cdb-4132-ac22-dd86c309758c",
    "vertices" : [ {
      "x" : 0.0,
      "y" : 29.034441,
      "z" : 0.0
    }, {
      "x" : -2.6353688,
      "y" : 30.855436,
      "z" : -4.2641163
    }, {
      "x" : 22.327204,
      "y" : 9.534854,
      "z" : -19.691835
    }, {
      "x" : 23.489357,
      "y" : 8.972136,
      "z" : -14.5172205
    } ],
    "faces" : [ {
      "vertices" : [ 0, 1, 2 ]
    }, {
      "vertices" : [ 0, 2, 3 ]
    }, {
      "vertices" : [ 0, 3, 2 ]
    }, {
      "vertices" : [ 0, 2, 1 ]
    } ]
  }, {
    "id" : "c2d4c5c9-c575-4230-acfa-1aa8b5c6e8d4",
    "vertices" : [ {
      "x" : 11.09017,
      "y" : 17.944271,
      "z" : 29.034441
    }, {
      "x" : 9.534854,
      "y" : 11.163602,
      "z" : 27.597942
    }, {
      "x" : -24.962572,
      "y" : 5.2707376,
      "z" : 18.063087
    }, {
      "x" : -29.034441,
      "y" : 11.09017,
      "z" : 17.944271
    } ],
    "faces" : [ {
      "vertices" : [ 0, 1, 2 ]
    }, {
      "vertices" : [ 0, 2, 3 ]
    }, {
      "vertices" : [ 0, 3, 2 ]
    }, {
      "vertices" : [ 0, 2, 1 ]
    } ]
  }, {
    "id" : "ba1e9aa9-5456-4b50-a58e-c98392c5b1dc",
    "vertices" : [ {
      "x" : -35.888542,
      "y" : 0.0,
      "z" : 0.0
    }, {
      "x" : -30.855436,
      "y" : 4.2641163,
      "z" : -2.6353688
    }, {
      "x" : -9.534854,
      "y" : -11.163602,
      "z" : -27.597942
    }, {
      "x" : -11.09017,
      "y" : -17.944271,
      "z" : -29.034441
    } ],
    "faces" : [ {
      "vertices" : [ 0, 1, 2 ]
    }, {
      "vertices" : [ 0, 2, 3 ]
    }, {
      "vertices" : [ 0, 3, 2 ]
    }, {
      "vertices" : [ 0, 2, 1 ]
    } ]
  }, {
    "id" : "ab2fe97a-efb2-44dc-9ba3-f9e2f222abc7",
    "vertices" : [ {
      "x" : 8.972136,
      "y" : -14.5172205,
      "z" : -23.489357
    }, {
      "x" : 5.2707376,
      "y" : -18.063087,
      "z" : -24.962572
    }, {
      "x" : 11.163602,
      "y" : -27.597942,
      "z" : 9.534854
    }, {
      "x" : 14.5172205,
      "y" : -23.489357,
      "z" : 8.972136
    } ],
    "faces" : [ {
      "vertices" : [ 0, 1, 2 ]
    }, {
      "vertices" : [ 0, 2, 3 ]
    }, {
      "vertices" : [ 0, 3, 2 ]
    }, {
      "vertices" : [ 0, 2, 1 ]
    } ]
  }, {
    "id" : "9fc909b8-a810-4ee5-911b-4c93e532db60",
    "vertices" : [ {
      "x" : 14.5172205,
      "y" : 23.489357,
      "z" : 8.972136
    }, {
      "x" : 11.163602,
      "y" : 27.597942,
      "z" : 9.534854
    }, {
      "x" : -4.2641163,
      "y" : 2.6353688,
      "z" : 30.855436
    }, {
      "x" : 0.0,
      "y" : 0.0,
      "z" : 29.034441
    } ],
    "faces" : [ {
      "vertices" : [ 0, 1, 2 ]
    }, {
      "vertices" : [ 0, 2, 3 ]
    }, {
      "vertices" : [ 0, 3, 2 ]
    }, {
      "vertices" : [ 0, 2, 1 ]
    } ]
  }, {
    "id" : "7ae832da-bbe3-4c92-b643-e1467a1e5426",
    "vertices" : [ {
      "x" : -29.034441,
      "y" : 11.09017,
      "z" : 17.944271
    }, {
      "x" : -27.597942,
      "y" : 9.534854,
      "z" : 11.163602
    }, {
      "x" : -18.063087,
      "y" : -24.962572,
      "z" : 5.2707376
    }, {
      "x" : -17.944271,
      "y" : -29.034441,
      "z" : 11.09017
    } ],
    "faces" : [ {
      "vertices" : [ 0, 1, 2 ]
    }, {
      "vertices" : [ 0, 2, 3 ]
    }, {
      "vertices" : [ 0, 3, 2 ]
    }, {
      "vertices" : [ 0, 2, 1 ]
    } ]
  }, {
    "id" : "1e433a09-c704-48b1-89e3-c2b7c0f41d0d",
    "vertices" : [ {
      "x" : 0.0,
      "y" : -35.888542,
      "z" : 0.0
    }, {
      "x" : -2.6353688,
      "y" : -30.855436,
      "z" : 4.2641163
    }, {
      "x" : -27.597942,
      "y" : -9.534854,
      "z" : -11.163602
    }, {
      "x" : -29.034441,
      "y" : -11.09017,
      "z" : -17.944271
    } ],
    "faces" : [ {
      "vertices" : [ 0, 1, 2 ]
    }, {
      "vertices" : [ 0, 2, 3 ]
    }, {
      "vertices" : [ 0, 3, 2 ]
    }, {
      "vertices" : [ 0, 2, 1 ]
    } ]
  }, {
    "id" : "d1aed234-4d93-4d73-9b73-cc8c28901bf6",
    "vertices" : [ {
      "x" : 14.5172205,
      "y" : -23.489357,
      "z" : -8.972136
    }, {
      "x" : 18.063087,
      "y" : -24.962572,
      "z" : -5.2707376
    }, {
      "x" : 27.597942,
      "y" : 9.534854,
      "z" : -11.163602
    }, {
      "x" : 23.489357,
      "y" : 8.972136,
      "z" : -14.5172205
    } ],
    "faces" : [ {
      "vertices" : [ 0, 1, 2 ]
    }, {
      "vertices" : [ 0, 2, 3 ]
    }, {
      "vertices" : [ 0, 3, 2 ]
    }, {
      "vertices" : [ 0, 2, 1 ]
    } ]
  }, {
    "id" : "2ff33eb6-0412-4859-b50c-32aafc47a20f",
    "vertices" : [ {
      "x" : 0.0,
      "y" : 0.0,
      "z" : -35.888542
    }, {
      "x" : -4.2641163,
      "y" : 2.6353688,
      "z" : -30.855436
    }, {
      "x" : 11.163602,
      "y" : 27.597942,
      "z" : -9.534854
    }, {
      "x" : 17.944271,
      "y" : 29.034441,
      "z" : -11.09017
    } ],
    "faces" : [ {
      "vertices" : [ 0, 1, 2 ]
    }, {
      "vertices" : [ 0, 2, 3 ]
    }, {
      "vertices" : [ 0, 3, 2 ]
    }, {
      "vertices" : [ 0, 2, 1 ]
    } ]
  }, {
    "id" : "29509b5d-d7a9-4b45-b183-c13a6359690f",
    "vertices" : [ {
      "x" : -14.5172205,
      "y" : 23.489357,
      "z" : 8.972136
    }, {
      "x" : -12.79235,
      "y" : 24.962572,
      "z" : 13.798971
    }, {
      "x" : 18.063087,
      "y" : 24.962572,
      "z" : -5.2707376
    }, {
      "x" : 14.5172205,
      "y" : 23.489357,
      "z" : -8.972136
    } ],
    "faces" : [ {
      "vertices" : [ 0, 1, 2 ]
    }, {
      "vertices" : [ 0, 2, 3 ]
    }, {
      "vertices" : [ 0, 3, 2 ]
    }, {
      "vertices" : [ 0, 2, 1 ]
    } ]
  }, {
    "id" : "e510e9b4-ae29-4ed3-9c6e-ae66dbf2208a",
    "vertices" : [ {
      "x" : 17.944271,
      "y" : 29.034441,
      "z" : 11.09017
    }, {
      "x" : 18.063087,
      "y" : 24.962572,
      "z" : 5.2707376
    }, {
      "x" : -12.79235,
      "y" : 24.962572,
      "z" : -13.798971
    }, {
      "x" : -17.944271,
      "y" : 29.034441,
      "z" : -11.09017
    } ],
    "faces" : [ {
      "vertices" : [ 0, 1, 2 ]
    }, {
      "vertices" : [ 0, 2, 3 ]
    }, {
      "vertices" : [ 0, 3, 2 ]
    }, {
      "vertices" : [ 0, 2, 1 ]
    } ]
  }, {
    "id" : "8716e00f-98ec-400a-8786-a0da084b7232",
    "vertices" : [ {
      "x" : 29.034441,
      "y" : 11.09017,
      "z" : 17.944271
    }, {
      "x" : 27.597942,
      "y" : 9.534854,
      "z" : 11.163602
    }, {
      "x" : 18.063087,
      "y" : -24.962572,
      "z" : 5.2707376
    }, {
      "x" : 17.944271,
      "y" : -29.034441,
      "z" : 11.09017
    } ],
    "faces" : [ {
      "vertices" : [ 0, 1, 2 ]
    }, {
      "vertices" : [ 0, 2, 3 ]
    }, {
      "vertices" : [ 0, 3, 2 ]
    }, {
      "vertices" : [ 0, 2, 1 ]
    } ]
