{
  "polygons" : "true",
  "field" : "golden",
  "symmetry" : "icosahedral",
  "orientations" : [ [ 1.0, 0.0, 0.0, 0.0, 0.0, 1.0, 0.0, 0.0, 0.0, 0.0, 1.0, 0.0, 0.0, 0.0, 0.0, 1.0 ], [ 0.0, 0.0, 1.0, 0.0, 1.0, 0.0, 0.0, 0.0, 0.0, 1.0, 0.0, 0.0, 0.0, 0.0, 0.0, 1.0 ], [ 0.0, 1.0, 0.0, 0.0, 0.0, 0.0, 1.0, 0.0, 1.0, 0.0, 0.0, 0.0, 0.0, 0.0, 0.0, 1.0 ], [ 0.809017, 0.309017, 0.5, 0.0, 0.309017, 0.5, -0.809017, 0.0, -0.5, 0.809017, 0.309017, 0.0, 0.0, 0.0, 0.0, 1.0 ], [ -0.5, 0.809017, 0.309017, 0.0, 0.809017, 0.309017, 0.5, 0.0, 0.309017, 0.5, -0.809017, 0.0, 0.0, 0.0, 0.0, 1.0 ], [ 0.309017, 0.5, -0.809017, 0.0, -0.5, 0.809017, 0.309017, 0.0, 0.809017, 0.309017, 0.5, 0.0, 0.0, 0.0, 0.0, 1.0 ], [ 0.5, 0.809017, 0.309017, 0.0, 0.809017, -0.309017, -0.5, 0.0, -0.309017, 0.5, -0.809017, 0.0, 0.0, 0.0, 0.0, 1.0 ], [ -0.309017, 0.5, -0.809017, 0.0, 0.5, 0.809017, 0.309017, 0.0, 0.809017, -0.309017, -0.5, 0.0, 0.0, 0.0, 0.0, 1.0 ], [ 0.809017, -0.309017, -0.5, 0.0, -0.309017, 0.5, -0.809017, 0.0, 0.5, 0.809017, 0.309017, 0.0, 0.0, 0.0, 0.0, 1.0 ], [ 0.5, 0.809017, -0.309017, 0.0, 0.809017, -0.309017, 0.5, 0.0, 0.309017, -0.5, -0.809017, 0.0, 0.0, 0.0, 0.0, 1.0 ], [ 0.309017, -0.5, -0.809017, 0.0, 0.5, 0.809017, -0.309017, 0.0, 0.809017, -0.309017, 0.5, 0.0, 0.0, 0.0, 0.0, 1.0 ], [ 0.809017, -0.309017, 0.5, 0.0, 0.309017, -0.5, -0.809017, 0.0, 0.5, 0.809017, -0.309017, 0.0, 0.0, 0.0, 0.0, 1.0 ], [ 0.809017, 0.309017, -0.5, 0.0, 0.309017, 0.5, 0.809017, 0.0, 0.5, -0.809017, 0.309017, 0.0, 0.0, 0.0, 0.0, 1.0 ], [ 0.5, -0.809017, 0.309017, 0.0, 0.809017, 0.309017, -0.5, 0.0, 0.309017, 0.5, 0.809017, 0.0, 0.0, 0.0, 0.0, 1.0 ], [ 0.309017, 0.5, 0.809017, 0.0, 0.5, -0.809017, 0.309017, 0.0, 0.809017, 0.309017, -0.5, 0.0, 0.0, 0.0, 0.0, 1.0 ], [ 1.0, 0.0, 0.0, 0.0, 0.0, -1.0, 0.0, 0.0, 0.0, 0.0, -1.0, 0.0, 0.0, 0.0, 0.0, 1.0 ], [ 0.0, 0.0, 1.0, 0.0, -1.0, 0.0, 0.0, 0.0, 0.0, -1.0, 0.0, 0.0, 0.0, 0.0, 0.0, 1.0 ], [ 0.0, 1.0, 0.0, 0.0, 0.0, 0.0, -1.0, 0.0, -1.0, 0.0, 0.0, 0.0, 0.0, 0.0, 0.0, 1.0 ], [ 0.809017, 0.309017, 0.5, 0.0, -0.309017, -0.5, 0.809017, 0.0, 0.5, -0.809017, -0.309017, 0.0, 0.0, 0.0, 0.0, 1.0 ], [ -0.5, 0.809017, 0.309017, 0.0, -0.809017, -0.309017, -0.5, 0.0, -0.309017, -0.5, 0.809017, 0.0, 0.0, 0.0, 0.0, 1.0 ], [ 0.309017, 0.5, -0.809017, 0.0, 0.5, -0.809017, -0.309017, 0.0, -0.809017, -0.309017, -0.5, 0.0, 0.0, 0.0, 0.0, 1.0 ], [ 0.5, 0.809017, 0.309017, 0.0, -0.809017, 0.309017, 0.5, 0.0, 0.309017, -0.5, 0.809017, 0.0, 0.0, 0.0, 0.0, 1.0 ], [ -0.309017, 0.5, -0.809017, 0.0, -0.5, -0.809017, -0.309017, 0.0, -0.809017, 0.309017, 0.5, 0.0, 0.0, 0.0, 0.0, 1.0 ], [ 0.809017, -0.309017, -0.5, 0.0, 0.309017, -0.5, 0.809017, 0.0, -0.5, -0.809017, -0.309017, 0.0, 0.0, 0.0, 0.0, 1.0 ], [ 0.5, 0.809017, -0.309017, 0.0, -0.809017, 0.309017, -0.5, 0.0, -0.309017, 0.5, 0.809017, 0.0, 0.0, 0.0, 0.0, 1.0 ], [ 0.309017, -0.5, -0.809017, 0.0, -0.5, -0.809017, 0.309017, 0.0, -0.809017, 0.309017, -0.5, 0.0, 0.0, 0.0, 0.0, 1.0 ], [ 0.809017, -0.309017, 0.5, 0.0, -0.309017, 0.5, 0.809017, 0.0, -0.5, -0.809017, 0.309017, 0.0, 0.0, 0.0, 0.0, 1.0 ], [ 0.809017, 0.309017, -0.5, 0.0, -0.309017, -0.5, -0.809017, 0.0, -0.5, 0.809017, -0.309017, 0.0, 0.0, 0.0, 0.0, 1.0 ], [ 0.5, -0.809017, 0.309017, 0.0, -0.809017, -0.309017, 0.5, 0.0, -0.309017, -0.5, -0.809017, 0.0, 0.0, 0.0, 0.0, 1.0 ], [ 0.309017, 0.5, 0.809017, 0.0, -0.5, 0.809017, -0.309017, 0.0, -0.809017, -0.309017, 0.5, 0.0, 0.0, 0.0, 0.0, 1.0 ], [ -1.0, 0.0, 0.0, 0.0, 0.0, -1.0, 0.0, 0.0, 0.0, 0.0, 1.0, 0.0, 0.0, 0.0, 0.0, 1.0 ], [ 0.0, 0.0, -1.0, 0.0, -1.0, 0.0, 0.0, 0.0, 0.0, 1.0, 0.0, 0.0, 0.0, 0.0, 0.0, 1.0 ], [ 0.0, -1.0, 0.0, 0.0, 0.0, 0.0, -1.0, 0.0, 1.0, 0.0, 0.0, 0.0, 0.0, 0.0, 0.0, 1.0 ], [ -0.809017, -0.309017, -0.5, 0.0, -0.309017, -0.5, 0.809017, 0.0, -0.5, 0.809017, 0.309017, 0.0, 0.0, 0.0, 0.0, 1.0 ], [ 0.5, -0.809017, -0.309017, 0.0, -0.809017, -0.309017, -0.5, 0.0, 0.309017, 0.5, -0.809017, 0.0, 0.0, 0.0, 0.0, 1.0 ], [ -0.309017, -0.5, 0.809017, 0.0, 0.5, -0.809017, -0.309017, 0.0, 0.809017, 0.309017, 0.5, 0.0, 0.0, 0.0, 0.0, 1.0 ], [ -0.5, -0.809017, -0.309017, 0.0, -0.809017, 0.309017, 0.5, 0.0, -0.309017, 0.5, -0.809017, 0.0, 0.0, 0.0, 0.0, 1.0 ], [ 0.309017, -0.5, 0.809017, 0.0, -0.5, -0.809017, -0.309017, 0.0, 0.809017, -0.309017, -0.5, 0.0, 0.0, 0.0, 0.0, 1.0 ], [ -0.809017, 0.309017, 0.5, 0.0, 0.309017, -0.5, 0.809017, 0.0, 0.5, 0.809017, 0.309017, 0.0, 0.0, 0.0, 0.0, 1.0 ], [ -0.5, -0.809017, 0.309017, 0.0, -0.809017, 0.309017, -0.5, 0.0, 0.309017, -0.5, -0.809017, 0.0, 0.0, 0.0, 0.0, 1.0 ], [ -0.309017, 0.5, 0.809017, 0.0, -0.5, -0.809017, 0.309017, 0.0, 0.809017, -0.309017, 0.5, 0.0, 0.0, 0.0, 0.0, 1.0 ], [ -0.809017, 0.309017, -0.5, 0.0, -0.309017, 0.5, 0.809017, 0.0, 0.5, 0.809017, -0.309017, 0.0, 0.0, 0.0, 0.0, 1.0 ], [ -0.809017, -0.309017, 0.5, 0.0, -0.309017, -0.5, -0.809017, 0.0, 0.5, -0.809017, 0.309017, 0.0, 0.0, 0.0, 0.0, 1.0 ], [ -0.5, 0.809017, -0.309017, 0.0, -0.809017, -0.309017, 0.5, 0.0, 0.309017, 0.5, 0.809017, 0.0, 0.0, 0.0, 0.0, 1.0 ], [ -0.309017, -0.5, -0.809017, 0.0, -0.5, 0.809017, -0.309017, 0.0, 0.809017, 0.309017, -0.5, 0.0, 0.0, 0.0, 0.0, 1.0 ], [ -1.0, 0.0, 0.0, 0.0, 0.0, 1.0, 0.0, 0.0, 0.0, 0.0, -1.0, 0.0, 0.0, 0.0, 0.0, 1.0 ], [ 0.0, 0.0, -1.0, 0.0, 1.0, 0.0, 0.0, 0.0, 0.0, -1.0, 0.0, 0.0, 0.0, 0.0, 0.0, 1.0 ], [ 0.0, -1.0, 0.0, 0.0, 0.0, 0.0, 1.0, 0.0, -1.0, 0.0, 0.0, 0.0, 0.0, 0.0, 0.0, 1.0 ], [ -0.809017, -0.309017, -0.5, 0.0, 0.309017, 0.5, -0.809017, 0.0, 0.5, -0.809017, -0.309017, 0.0, 0.0, 0.0, 0.0, 1.0 ], [ 0.5, -0.809017, -0.309017, 0.0, 0.809017, 0.309017, 0.5, 0.0, -0.309017, -0.5, 0.809017, 0.0, 0.0, 0.0, 0.0, 1.0 ], [ -0.309017, -0.5, 0.809017, 0.0, -0.5, 0.809017, 0.309017, 0.0, -0.809017, -0.309017, -0.5, 0.0, 0.0, 0.0, 0.0, 1.0 ], [ -0.5, -0.809017, -0.309017, 0.0, 0.809017, -0.309017, -0.5, 0.0, 0.309017, -0.5, 0.809017, 0.0, 0.0, 0.0, 0.0, 1.0 ], [ 0.309017, -0.5, 0.809017, 0.0, 0.5, 0.809017, 0.309017, 0.0, -0.809017, 0.309017, 0.5, 0.0, 0.0, 0.0, 0.0, 1.0 ], [ -0.809017, 0.309017, 0.5, 0.0, -0.309017, 0.5, -0.809017, 0.0, -0.5, -0.809017, -0.309017, 0.0, 0.0, 0.0, 0.0, 1.0 ], [ -0.5, -0.809017, 0.309017, 0.0, 0.809017, -0.309017, 0.5, 0.0, -0.309017, 0.5, 0.809017, 0.0, 0.0, 0.0, 0.0, 1.0 ], [ -0.309017, 0.5, 0.809017, 0.0, 0.5, 0.809017, -0.309017, 0.0, -0.809017, 0.309017, -0.5, 0.0, 0.0, 0.0, 0.0, 1.0 ], [ -0.809017, 0.309017, -0.5, 0.0, 0.309017, -0.5, -0.809017, 0.0, -0.5, -0.809017, 0.309017, 0.0, 0.0, 0.0, 0.0, 1.0 ], [ -0.809017, -0.309017, 0.5, 0.0, 0.309017, 0.5, 0.809017, 0.0, -0.5, 0.809017, -0.309017, 0.0, 0.0, 0.0, 0.0, 1.0 ], [ -0.5, 0.809017, -0.309017, 0.0, 0.809017, 0.309017, -0.5, 0.0, -0.309017, -0.5, -0.809017, 0.0, 0.0, 0.0, 0.0, 1.0 ], [ -0.309017, -0.5, -0.809017, 0.0, 0.5, -0.809017, 0.309017, 0.0, -0.809017, -0.309017, 0.5, 0.0, 0.0, 0.0, 0.0, 1.0 ] ],
  "lights" : {
    "backgroundColor" : "#AFC8DC",
    "ambientColor" : "#292929",
    "directionalLights" : [ {
      "direction" : [ 1.0, -1.0, -1.0 ],
      "color" : "#EBEBE4"
    }, {
      "direction" : [ -1.0, 0.0, 0.0 ],
      "color" : "#E4E4EB"
    }, {
      "direction" : [ 0.0, 0.0, -1.0 ],
      "color" : "#1E1E1E"
    } ]
  },
  "camera" : {
    "lookDirection" : {
      "x" : 0.0,
      "y" : 0.0,
      "z" : -1.0
    },
    "upDirection" : {
      "x" : 0.0,
      "y" : 1.0,
      "z" : 0.0
    },
    "lookAtPoint" : {
      "x" : 0.0,
      "y" : 0.0,
      "z" : 0.0
    },
    "perspective" : false,
    "viewDistance" : 267.43576,
    "nearClipDistance" : 0.6685899,
    "farClipDistance" : 534.87036,
    "fieldOfView" : 0.4426295,
    "stereo" : false,
    "width" : 120.34627,
    "position" : {
      "x" : 0.0,
      "y" : 0.0,
      "z" : 267.43576
    }
  },
  "embedding" : [ 1.0, 0.0, 0.0, 0.0, 0.0, 1.0, 0.0, 0.0, 0.0, 0.0, 1.0, 0.0, 0.0, 0.0, 0.0, 1.0 ],
  "shapes" : [ {
    "id" : "b6745fea-29d4-4db2-94d8-0aa9dbde5a81",
    "orbit" : "green",
    "name" : "g0",
    "vertices" : [ {
      "x" : 6.545085,
      "y" : 2.5,
      "z" : -0.95491505
    }, {
      "x" : 6.163119,
      "y" : 2.045085,
      "z" : -0.76393205
    }, {
      "x" : 6.0,
      "y" : 2.309017,
      "z" : -1.190983
    }, {
      "x" : 5.927051,
      "y" : 2.572949,
      "z" : -1.0
    }, {
      "x" : 0.85410196,
      "y" : 0.309017,
      "z" : 0.19098301
    }, {
      "x" : 0.690983,
      "y" : 0.572949,
      "z" : -0.23606798
    }, {
      "x" : 0.309017,
      "y" : 0.11803399,
      "z" : -0.045084972
    }, {
      "x" : 0.76393205,
      "y" : 0.309017,
      "z" : -0.42705098
    }, {
      "x" : 0.927051,
      "y" : 0.045084972,
      "z" : 0.0
    }, {
      "x" : 6.09017,
      "y" : 2.309017,
      "z" : -0.572949
    }, {
      "x" : 6.854102,
      "y" : 2.618034,
      "z" : -1.0
    } ],
    "faces" : [ {
      "vertices" : [ 2, 7, 5, 3 ]
    }, {
      "vertices" : [ 1, 8, 7, 2 ]
    }, {
      "vertices" : [ 4, 6, 8 ]
    }, {
      "vertices" : [ 5, 7, 6 ]
    }, {
      "vertices" : [ 0, 1, 2 ]
    }, {
      "vertices" : [ 0, 2, 3 ]
    }, {
      "vertices" : [ 6, 7, 8 ]
    }, {
      "vertices" : [ 3, 5, 4, 9 ]
    }, {
      "vertices" : [ 1, 9, 4, 8 ]
    }, {
      "vertices" : [ 0, 9, 1 ]
    }, {
      "vertices" : [ 0, 3, 9 ]
    }, {
      "vertices" : [ 4, 5, 6 ]
    } ]
  }, {
    "id" : "962bc2ff-fc31-4ce0-a8e6-d2b1740df091",
    "name" : "ball",
    "vertices" : [ {
      "x" : 0.309017,
      "y" : -0.309017,
      "z" : -0.309017
    }, {
      "x" : 0.5,
      "y" : 0.0,
      "z" : -0.19098301
    }, {
      "x" : 0.5,
      "y" : 0.0,
      "z" : 0.19098301
    }, {
      "x" : 0.309017,
      "y" : -0.309017,
      "z" : 0.309017
    }, {
      "x" : 0.19098301,
      "y" : -0.5,
      "z" : 0.0
    }, {
      "x" : 0.0,
      "y" : 0.19098301,
      "z" : 0.5
    }, {
      "x" : 0.0,
      "y" : -0.19098301,
      "z" : 0.5
    }, {
      "x" : 0.309017,
      "y" : 0.309017,
      "z" : 0.309017
    }, {
      "x" : -0.309017,
      "y" : -0.309017,
      "z" : 0.309017
    }, {
      "x" : -0.309017,
      "y" : 0.309017,
      "z" : 0.309017
    }, {
      "x" : -0.5,
      "y" : 0.0,
      "z" : 0.19098301
    }, {
      "x" : 0.0,
      "y" : -0.19098301,
      "z" : -0.5
    }, {
      "x" : 0.0,
      "y" : 0.19098301,
      "z" : -0.5
    }, {
      "x" : 0.309017,
      "y" : 0.309017,
      "z" : -0.309017
    }, {
      "x" : -0.309017,
      "y" : -0.309017,
      "z" : -0.309017
    }, {
      "x" : -0.19098301,
      "y" : -0.5,
      "z" : 0.0
    }, {
      "x" : -0.5,
      "y" : 0.0,
      "z" : -0.19098301
    }, {
      "x" : 0.19098301,
      "y" : 0.5,
      "z" : 0.0
    }, {
      "x" : -0.309017,
      "y" : 0.309017,
      "z" : -0.309017
    }, {
      "x" : 0.0,
      "y" : 0.0,
      "z" : 0.0
    }, {
      "x" : -0.19098301,
      "y" : 0.5,
      "z" : 0.0
    } ],
    "faces" : [ {
      "vertices" : [ 12, 18, 20, 17, 13 ]
    }, {
      "vertices" : [ 3, 6, 8, 15, 4 ]
    }, {
      "vertices" : [ 0, 11, 12, 13, 1 ]
    }, {
      "vertices" : [ 5, 9, 10, 8, 6 ]
    }, {
      "vertices" : [ 2, 7, 5, 6, 3 ]
    }, {
      "vertices" : [ 11, 14, 16, 18, 12 ]
    }, {
      "vertices" : [ 1, 13, 17, 7, 2 ]
    }, {
      "vertices" : [ 9, 20, 18, 16, 10 ]
    }, {
      "vertices" : [ 0, 1, 2, 3, 4 ]
    }, {
      "vertices" : [ 5, 7, 17, 20, 9 ]
    }, {
      "vertices" : [ 0, 4, 15, 14, 11 ]
    }, {
      "vertices" : [ 8, 10, 16, 14, 15 ]
    } ]
  }, {
    "id" : "5fea581f-2829-4577-a9a6-c94f0817150e",
    "orbit" : "blue",
    "name" : " :-4 +4*phi",
    "vertices" : [ {
      "x" : 1.0,
      "y" : 0.309017,
      "z" : 0.19098301
    }, {
      "x" : 1.0,
      "y" : -0.309017,
      "z" : 0.19098301
    }, {
      "x" : 19.944271,
      "y" : -0.309017,
      "z" : 0.19098301
    }, {
      "x" : 19.944271,
      "y" : 0.309017,
      "z" : 0.19098301
    }, {
      "x" : 19.944271,
      "y" : -0.309017,
      "z" : -0.19098301
    }, {
      "x" : 19.944271,
      "y" : 0.309017,
      "z" : -0.19098301
    }, {
      "x" : 20.562305,
      "y" : 0.0,
      "z" : 0.0
    }, {
      "x" : 0.38196602,
      "y" : 0.0,
      "z" : 0.0
    }, {
      "x" : 1.0,
      "y" : 0.309017,
      "z" : -0.19098301
    }, {
      "x" : 1.0,
      "y" : -0.309017,
      "z" : -0.19098301
    }, {
      "x" : 20.944271,
      "y" : 0.0,
      "z" : 0.0
    } ],
    "faces" : [ {
      "vertices" : [ 1, 9, 4, 2 ]
    }, {
      "vertices" : [ 0, 3, 5, 8 ]
    }, {
      "vertices" : [ 1, 7, 9 ]
    }, {
      "vertices" : [ 0, 1, 2, 3 ]
    }, {
      "vertices" : [ 7, 8, 9 ]
    }, {
      "vertices" : [ 0, 7, 1 ]
    }, {
      "vertices" : [ 4, 9, 8, 5 ]
    }, {
      "vertices" : [ 2, 6, 3 ]
    }, {
      "vertices" : [ 2, 4, 6 ]
    }, {
      "vertices" : [ 3, 6, 5 ]
    }, {
      "vertices" : [ 4, 5, 6 ]
    }, {
      "vertices" : [ 0, 8, 7 ]
    } ]
  }, {
    "id" : "1859f0c2-ccdb-432d-8ff5-0ee655db85d5",
    "orbit" : "yellow",
    "name" : " :-4 +4*phi",
    "vertices" : [ {
      "x" : 16.944271,
      "y" : 0.0,
      "z" : -6.472136
    }, {
      "x" : 16.635256,
      "y" : 0.0,
      "z" : -6.354102
    }, {
      "x" : 16.230747,
      "y" : -0.1545085,
      "z" : -5.913119
    }, {
      "x" : 16.039762,
      "y" : -0.1545085,
      "z" : -6.413119
    }, {
      "x" : 0.9045085,
      "y" : -0.1545085,
      "z" : -0.059016995
    }, {
      "x" : 0.809017,
      "y" : 0.309017,
      "z" : -0.309017
    }, {
      "x" : 0.309017,
      "y" : 0.0,
      "z" : -0.11803399
    }, {
      "x" : 16.135256,
      "y" : 0.309017,
      "z" : -6.163119
    }, {
      "x" : 0.7135255,
      "y" : -0.1545085,
      "z" : -0.559017
    } ],
    "faces" : [ {
      "vertices" : [ 2, 4, 8, 3 ]
    }, {
      "vertices" : [ 2, 7, 5, 4 ]
    }, {
      "vertices" : [ 4, 6, 8 ]
    }, {
      "vertices" : [ 5, 8, 6 ]
    }, {
      "vertices" : [ 1, 2, 3 ]
    }, {
      "vertices" : [ 3, 8, 5, 7 ]
    }, {
      "vertices" : [ 1, 7, 2 ]
    }, {
      "vertices" : [ 1, 3, 7 ]
    }, {
      "vertices" : [ 4, 5, 6 ]
    } ]
  } ],
  "instances" : [ {
    "shape" : "b6745fea-29d4-4db2-94d8-0aa9dbde5a81",
    "color" : "#008D36",
    "position" : {
      "x" : 15.708204,
      "y" : 5.236068,
      "z" : 0.0
    },
    "orientation" : 52
  }, {
    "shape" : "962bc2ff-fc31-4ce0-a8e6-d2b1740df091",
    "color" : "#FFFFFF",
    "position" : {
      "x" : -20.944271,
      "y" : 0.0,
      "z" : 0.0
    }
  }, {
    "shape" : "962bc2ff-fc31-4ce0-a8e6-d2b1740df091",
    "color" : "#FFFFFF",
    "position" : {
      "x" : 26.18034,
      "y" : -5.236068,
      "z" : -10.472136
    }
  }, {
    "shape" : "962bc2ff-fc31-4ce0-a8e6-d2b1740df091",
    "color" : "#FFFFFF",
    "position" : {
      "x" : -5.236068,
      "y" : -15.708204,
      "z" : 0.0
    }
  }, {
    "shape" : "b6745fea-29d4-4db2-94d8-0aa9dbde5a81",
    "color" : "#008D36",
    "position" : {
      "x" : -5.236068,
      "y" : 10.472136,
      "z" : -5.236068
    },
    "orientation" : 53
  }, {
    "shape" : "962bc2ff-fc31-4ce0-a8e6-d2b1740df091",
    "color" : "#FFFFFF",
    "position" : {
      "x" : -5.236068,
      "y" : -10.472136,
      "z" : -26.18034
    }
  }, {
    "shape" : "5fea581f-2829-4577-a9a6-c94f0817150e",
    "color" : "#007695",
    "position" : {
      "x" : -10.472136,
      "y" : 10.472136,
      "z" : 10.472136
    },
    "orientation" : 47
  }, {
    "shape" : "5fea581f-2829-4577-a9a6-c94f0817150e",
    "color" : "#007695",
    "position" : {
      "x" : 10.472136,
      "y" : 31.416409,
      "z" : -10.472136
    },
    "orientation" : 45
  }, {
    "shape" : "b6745fea-29d4-4db2-94d8-0aa9dbde5a81",
    "color" : "#008D36",
    "position" : {
      "x" : -5.236068,
      "y" : 5.236068,
      "z" : 20.944271
    },
    "orientation" : 21
  }, {
    "shape" : "b6745fea-29d4-4db2-94d8-0aa9dbde5a81",
    "color" : "#008D36",
    "position" : {
      "x" : -26.18034,
      "y" : 5.236068,
      "z" : 0.0
    },
    "orientation" : 21
  }, {
    "shape" : "962bc2ff-fc31-4ce0-a8e6-d2b1740df091",
    "color" : "#FFFFFF",
    "position" : {
      "x" : -10.472136,
      "y" : -15.708204,
      "z" : 5.236068
    }
  }, {
    "shape" : "962bc2ff-fc31-4ce0-a8e6-d2b1740df091",
    "color" : "#FFFFFF",
    "position" : {
      "x" : 10.472136,
      "y" : -15.708204,
      "z" : 5.236068
    }
  }, {
    "shape" : "5fea581f-2829-4577-a9a6-c94f0817150e",
    "color" : "#007695",
    "position" : {
      "x" : 10.472136,
      "y" : 10.472136,
      "z" : -10.472136
    },
    "orientation" : 45
  }, {
    "shape" : "b6745fea-29d4-4db2-94d8-0aa9dbde5a81",
    "color" : "#008D36",
    "position" : {
      "x" : -5.236068,
      "y" : -10.472136,
      "z" : 15.708204
    },
    "orientation" : 6
  }, {
    "shape" : "5fea581f-2829-4577-a9a6-c94f0817150e",
    "color" : "#007695",
    "position" : {
      "x" : -10.472136,
      "y" : -10.472136,
      "z" : -10.472136
    },
    "orientation" : 2
  }, {
    "shape" : "b6745fea-29d4-4db2-94d8-0aa9dbde5a81",
    "color" : "#008D36",
    "position" : {
      "x" : 31.416409,
      "y" : 10.472136,
      "z" : 10.472136
    },
    "orientation" : 22
  }, {
    "shape" : "b6745fea-29d4-4db2-94d8-0aa9dbde5a81",
    "color" : "#008D36",
    "position" : {
      "x" : -26.18034,
      "y" : 5.236068,
      "z" : 0.0
    },
    "orientation" : 52
  }, {
    "shape" : "962bc2ff-fc31-4ce0-a8e6-d2b1740df091",
    "color" : "#FFFFFF",
    "position" : {
      "x" : 10.472136,
      "y" : 10.472136,
      "z" : -10.472136
    }
  }, {
    "shape" : "962bc2ff-fc31-4ce0-a8e6-d2b1740df091",
    "color" : "#FFFFFF",
    "position" : {
      "x" : 10.472136,
      "y" : 10.472136,
      "z" : 31.416409
    }
  }, {
    "shape" : "b6745fea-29d4-4db2-94d8-0aa9dbde5a81",
    "color" : "#008D36",
    "position" : {
      "x" : 26.18034,
      "y" : -5.236068,
      "z" : -10.472136
    },
    "orientation" : 21
  }, {
    "shape" : "b6745fea-29d4-4db2-94d8-0aa9dbde5a81",
    "color" : "#008D36",
    "position" : {
      "x" : 26.18034,
      "y" : -5.236068,
      "z" : 10.472136
    },
    "orientation" : 21
  }, {
    "shape" : "5fea581f-2829-4577-a9a6-c94f0817150e",
    "color" : "#007695",
    "position" : {
      "x" : -10.472136,
      "y" : -10.472136,
      "z" : -31.416409
    },
    "orientation" : 2
  }, {
    "shape" : "5fea581f-2829-4577-a9a6-c94f0817150e",
    "color" : "#007695",
    "position" : {
      "x" : -10.472136,
      "y" : -10.472136,
      "z" : -31.416409
    },
    "orientation" : 0
  }, {
    "shape" : "5fea581f-2829-4577-a9a6-c94f0817150e",
    "color" : "#007695",
    "position" : {
      "x" : 10.472136,
      "y" : -10.472136,
      "z" : 10.472136
    },
    "orientation" : 47
  }, {
    "shape" : "b6745fea-29d4-4db2-94d8-0aa9dbde5a81",
    "color" : "#008D36",
    "position" : {
      "x" : 5.236068,
      "y" : 0.0,
      "z" : 5.236068
    },
    "orientation" : 6
  }, {
    "shape" : "b6745fea-29d4-4db2-94d8-0aa9dbde5a81",
    "color" : "#008D36",
    "position" : {
      "x" : -5.236068,
      "y" : -10.472136,
      "z" : -26.18034
    },
    "orientation" : 6
  }, {
    "shape" : "962bc2ff-fc31-4ce0-a8e6-d2b1740df091",
    "color" : "#FFFFFF",
    "position" : {
      "x" : 5.236068,
      "y" : 0.0,
      "z" : 26.18034
    }
  }, {
    "shape" : "5fea581f-2829-4577-a9a6-c94f0817150e",
    "color" : "#007695",
    "position" : {
      "x" : 10.472136,
      "y" : -31.416409,
      "z" : 10.472136
    },
    "orientation" : 47
  }, {
    "shape" : "962bc2ff-fc31-4ce0-a8e6-d2b1740df091",
    "color" : "#FFFFFF",
    "position" : {
      "x" : -10.472136,
      "y" : 10.472136,
      "z" : -31.416409
    }
  }, {
    "shape" : "5fea581f-2829-4577-a9a6-c94f0817150e",
    "color" : "#007695",
    "position" : {
      "x" : -10.472136,
      "y" : 31.416409,
      "z" : 10.472136
    },
    "orientation" : 16
  }, {
    "shape" : "b6745fea-29d4-4db2-94d8-0aa9dbde5a81",
    "color" : "#008D36",
    "position" : {
      "x" : 20.944271,
      "y" : 0.0,
      "z" : 0.0
    },
    "orientation" : 8
  }, {
    "shape" : "b6745fea-29d4-4db2-94d8-0aa9dbde5a81",
    "color" : "#008D36",
    "position" : {
      "x" : 0.0,
      "y" : 0.0,
      "z" : 0.0
    },
    "orientation" : 8
  }, {
    "shape" : "5fea581f-2829-4577-a9a6-c94f0817150e",
    "color" : "#007695",
    "position" : {
      "x" : 10.472136,
      "y" : 10.472136,
      "z" : -10.472136
    },
    "orientation" : 2
  }, {
    "shape" : "b6745fea-29d4-4db2-94d8-0aa9dbde5a81",
    "color" : "#008D36",
    "position" : {
      "x" : 0.0,
      "y" : 0.0,
      "z" : -20.944271
    },
    "orientation" : 8
  }, {
    "shape" : "962bc2ff-fc31-4ce0-a8e6-d2b1740df091",
    "color" : "#FFFFFF",
    "position" : {
      "x" : 31.416409,
      "y" : 10.472136,
      "z" : -10.472136
    }
  }, {
    "shape" : "962bc2ff-fc31-4ce0-a8e6-d2b1740df091",
    "color" : "#FFFFFF",
    "position" : {
      "x" : -20.944271,
      "y" : -5.236068,
      "z" : -5.236068
    }
  }, {
    "shape" : "b6745fea-29d4-4db2-94d8-0aa9dbde5a81",
    "color" : "#008D36",
    "position" : {
      "x" : -5.236068,
      "y" : 5.236068,
      "z" : 0.0
    },
    "orientation" : 21
  }, {
    "shape" : "b6745fea-29d4-4db2-94d8-0aa9dbde5a81",
    "color" : "#008D36",
    "position" : {
      "x" : 5.236068,
      "y" : -5.236068,
      "z" : -10.472136
    },
    "orientation" : 52
  }, {
    "shape" : "b6745fea-29d4-4db2-94d8-0aa9dbde5a81",
    "color" : "#008D36",
    "position" : {
      "x" : 5.236068,
      "y" : -5.236068,
      "z" : 10.472136
    },
    "orientation" : 21
  }, {
    "shape" : "962bc2ff-fc31-4ce0-a8e6-d2b1740df091",
    "color" : "#FFFFFF",
    "position" : {
      "x" : 10.472136,
      "y" : 5.236068,
      "z" : 5.236068
    }
  }, {
    "shape" : "962bc2ff-fc31-4ce0-a8e6-d2b1740df091",
    "color" : "#FFFFFF",
    "position" : {
      "x" : 5.236068,
      "y" : 15.708204,
      "z" : 10.472136
    }
  }, {
    "shape" : "5fea581f-2829-4577-a9a6-c94f0817150e",
    "color" : "#007695",
    "position" : {
      "x" : -10.472136,
      "y" : -31.416409,
      "z" : -10.472136
    },
    "orientation" : 1
  }, {
    "shape" : "5fea581f-2829-4577-a9a6-c94f0817150e",
    "color" : "#007695",
    "position" : {
      "x" : 10.472136,
      "y" : -10.472136,
      "z" : -10.472136
    },
    "orientation" : 47
  }, {
    "shape" : "962bc2ff-fc31-4ce0-a8e6-d2b1740df091",
    "color" : "#FFFFFF",
    "position" : {
      "x" : -26.18034,
      "y" : -10.472136,
      "z" : -5.236068
    }
  }, {
    "shape" : "5fea581f-2829-4577-a9a6-c94f0817150e",
    "color" : "#007695",
    "position" : {
      "x" : -31.416409,
      "y" : -10.472136,
      "z" : -10.472136
    },
    "orientation" : 0
  }, {
    "shape" : "962bc2ff-fc31-4ce0-a8e6-d2b1740df091",
    "color" : "#FFFFFF",
    "position" : {
      "x" : 0.0,
      "y" : -5.236068,
      "z" : -5.236068
    }
  }, {
    "shape" : "962bc2ff-fc31-4ce0-a8e6-d2b1740df091",
    "color" : "#FFFFFF",
    "position" : {
      "x" : -10.472136,
      "y" : 31.416409,
      "z" : 10.472136
    }
  }, {
    "shape" : "962bc2ff-fc31-4ce0-a8e6-d2b1740df091",
    "color" : "#FFFFFF",
    "position" : {
      "x" : 10.472136,
      "y" : 31.416409,
      "z" : -10.472136
    }
  }, {
    "shape" : "962bc2ff-fc31-4ce0-a8e6-d2b1740df091",
    "color" : "#FFFFFF",
    "position" : {
      "x" : 31.416409,
      "y" : -10.472136,
      "z" : 10.472136
    }
  }, {
    "shape" : "b6745fea-29d4-4db2-94d8-0aa9dbde5a81",
    "color" : "#008D36",
    "position" : {
      "x" : -5.236068,
      "y" : -15.708204,
      "z" : 0.0
    },
    "orientation" : 21
  }, {
    "shape" : "5fea581f-2829-4577-a9a6-c94f0817150e",
    "color" : "#007695",
    "position" : {
      "x" : -10.472136,
      "y" : 10.472136,
      "z" : 10.472136
    },
    "orientation" : 16
  }, {
    "shape" : "962bc2ff-fc31-4ce0-a8e6-d2b1740df091",
    "color" : "#FFFFFF",
    "position" : {
      "x" : 0.0,
      "y" : 0.0,
      "z" : 0.0
    }
  }, {
    "shape" : "5fea581f-2829-4577-a9a6-c94f0817150e",
    "color" : "#007695",
    "position" : {
      "x" : 31.416409,
      "y" : 10.472136,
      "z" : -10.472136
    },
    "orientation" : 45
  }, {
    "shape" : "b6745fea-29d4-4db2-94d8-0aa9dbde5a81",
    "color" : "#008D36",
    "position" : {
      "x" : 0.0,
      "y" : 15.708204,
      "z" : -5.236068
    },
    "orientation" : 23
  }, {
    "shape" : "962bc2ff-fc31-4ce0-a8e6-d2b1740df091",
    "color" : "#FFFFFF",
    "position" : {
      "x" : 20.944271,
      "y" : 0.0,
      "z" : 0.0
    }
  }, {
    "shape" : "5fea581f-2829-4577-a9a6-c94f0817150e",
    "color" : "#007695",
    "position" : {
      "x" : 10.472136,
      "y" : -10.472136,
      "z" : -10.472136
    },
    "orientation" : 0
  }, {
    "shape" : "962bc2ff-fc31-4ce0-a8e6-d2b1740df091",
    "color" : "#FFFFFF",
    "position" : {
      "x" : 5.236068,
      "y" : -5.236068,
      "z" : -31.416409
    }
  }, {
    "shape" : "b6745fea-29d4-4db2-94d8-0aa9dbde5a81",
    "color" : "#008D36",
    "position" : {
      "x" : -5.236068,
      "y" : -10.472136,
      "z" : -26.18034
    },
    "orientation" : 53
  }, {
    "shape" : "5fea581f-2829-4577-a9a6-c94f0817150e",
    "color" : "#007695",
    "position" : {
      "x" : 31.416409,
      "y" : -10.472136,
      "z" : 10.472136
    },
    "orientation" : 45
  }, {
    "shape" : "b6745fea-29d4-4db2-94d8-0aa9dbde5a81",
    "color" : "#008D36",
    "position" : {
      "x" : 5.236068,
      "y" : -5.236068,
      "z" : -31.416409
    },
    "orientation" : 21
  }, {
    "shape" : "5fea581f-2829-4577-a9a6-c94f0817150e",
    "color" : "#007695",
    "position" : {
      "x" : 10.472136,
      "y" : -10.472136,
      "z" : 31.416409
    },
    "orientation" : 1
  }, {
    "shape" : "962bc2ff-fc31-4ce0-a8e6-d2b1740df091",
    "color" : "#FFFFFF",
    "position" : {
      "x" : 10.472136,
      "y" : -10.472136,
      "z" : -10.472136
    }
  }, {
    "shape" : "962bc2ff-fc31-4ce0-a8e6-d2b1740df091",
    "color" : "#FFFFFF",
    "position" : {
      "x" : 26.18034,
      "y" : -5.236068,
      "z" : 10.472136
    }
  }, {
    "shape" : "b6745fea-29d4-4db2-94d8-0aa9dbde5a81",
    "color" : "#008D36",
    "position" : {
      "x" : 26.18034,
      "y" : -5.236068,
      "z" : 10.472136
    },
    "orientation" : 52
  }, {
    "shape" : "b6745fea-29d4-4db2-94d8-0aa9dbde5a81",
    "color" : "#008D36",
    "position" : {
      "x" : -5.236068,
      "y" : 10.472136,
      "z" : -5.236068
    },
    "orientation" : 6
  }, {
    "shape" : "5fea581f-2829-4577-a9a6-c94f0817150e",
    "color" : "#007695",
    "position" : {
      "x" : 10.472136,
      "y" : 10.472136,
      "z" : -10.472136
    },
    "orientation" : 16
  }, {
    "shape" : "962bc2ff-fc31-4ce0-a8e6-d2b1740df091",
    "color" : "#FFFFFF",
    "position" : {
      "x" : -10.472136,
      "y" : -10.472136,
      "z" : -31.416409
    }
  }, {
    "shape" : "b6745fea-29d4-4db2-94d8-0aa9dbde5a81",
    "color" : "#008D36",
    "position" : {
      "x" : -5.236068,
      "y" : 26.18034,
      "z" : 0.0
    },
    "orientation" : 21
  }, {
    "shape" : "962bc2ff-fc31-4ce0-a8e6-d2b1740df091",
    "color" : "#FFFFFF",
    "position" : {
      "x" : 0.0,
      "y" : 0.0,
      "z" : -20.944271
    }
  }, {
    "shape" : "962bc2ff-fc31-4ce0-a8e6-d2b1740df091",
    "color" : "#FFFFFF",
    "position" : {
      "x" : -5.236068,
      "y" : -10.472136,
      "z" : 15.708204
    }
  }, {
    "shape" : "962bc2ff-fc31-4ce0-a8e6-d2b1740df091",
    "color" : "#FFFFFF",
    "position" : {
      "x" : 10.472136,
      "y" : -31.416409,
      "z" : -10.472136
    }
  }, {
    "shape" : "b6745fea-29d4-4db2-94d8-0aa9dbde5a81",
    "color" : "#008D36",
    "position" : {
      "x" : 15.708204,
      "y" : -10.472136,
      "z" : -5.236068
    },
    "orientation" : 6
  }, {
    "shape" : "5fea581f-2829-4577-a9a6-c94f0817150e",
    "color" : "#007695",
    "position" : {
      "x" : 10.472136,
      "y" : -31.416409,
      "z" : 10.472136
    },
    "orientation" : 45
  }, {
    "shape" : "b6745fea-29d4-4db2-94d8-0aa9dbde5a81",
    "color" : "#008D36",
    "position" : {
      "x" : 0.0,
      "y" : 20.944271,
      "z" : 0.0
    },
    "orientation" : 8
  }, {
    "shape" : "b6745fea-29d4-4db2-94d8-0aa9dbde5a81",
    "color" : "#008D36",
    "position" : {
      "x" : -5.236068,
      "y" : -15.708204,
      "z" : 0.0
    },
    "orientation" : 52
  }, {
    "shape" : "962bc2ff-fc31-4ce0-a8e6-d2b1740df091",
    "color" : "#FFFFFF",
    "position" : {
      "x" : 31.416409,
      "y" : 10.472136,
      "z" : 10.472136
    }
  }, {
    "shape" : "b6745fea-29d4-4db2-94d8-0aa9dbde5a81",
    "color" : "#008D36",
    "position" : {
      "x" : -26.18034,
      "y" : 10.472136,
      "z" : -5.236068
    },
    "orientation" : 53
  }, {
    "shape" : "962bc2ff-fc31-4ce0-a8e6-d2b1740df091",
    "color" : "#FFFFFF",
    "position" : {
      "x" : 5.236068,
      "y" : -5.236068,
      "z" : 31.416409
    }
  }, {
    "shape" : "962bc2ff-fc31-4ce0-a8e6-d2b1740df091",
    "color" : "#FFFFFF",
    "position" : {
      "x" : -10.472136,
      "y" : 10.472136,
      "z" : 10.472136
    }
  }, {
    "shape" : "962bc2ff-fc31-4ce0-a8e6-d2b1740df091",
    "color" : "#FFFFFF",
    "position" : {
      "x" : 10.472136,
      "y" : 5.236068,
      "z" : -15.708204
    }
  }, {
    "shape" : "5fea581f-2829-4577-a9a6-c94f0817150e",
    "color" : "#007695",
    "position" : {
      "x" : 10.472136,
      "y" : -10.472136,
      "z" : -10.472136
    },
    "orientation" : 16
  }, {
    "shape" : "5fea581f-2829-4577-a9a6-c94f0817150e",
    "color" : "#007695",
    "position" : {
      "x" : -10.472136,
      "y" : -10.472136,
      "z" : -10.472136
    },
    "orientation" : 0
  }, {
    "shape" : "962bc2ff-fc31-4ce0-a8e6-d2b1740df091",
    "color" : "#FFFFFF",
    "position" : {
      "x" : 0.0,
      "y" : -5.236068,
      "z" : -26.18034
    }
  }, {
    "shape" : "5fea581f-2829-4577-a9a6-c94f0817150e",
    "color" : "#007695",
    "position" : {
      "x" : -10.472136,
      "y" : -10.472136,
      "z" : 10.472136
    },
    "orientation" : 16
  }, {
    "shape" : "5fea581f-2829-4577-a9a6-c94f0817150e",
    "color" : "#007695",
    "position" : {
      "x" : -10.472136,
      "y" : -31.416409,
      "z" : -10.472136
    },
    "orientation" : 0
  }, {
    "shape" : "5fea581f-2829-4577-a9a6-c94f0817150e",
    "color" : "#007695",
    "position" : {
      "x" : -10.472136,
      "y" : 31.416409,
      "z" : 10.472136
    },
    "orientation" : 47
  }, {
    "shape" : "b6745fea-29d4-4db2-94d8-0aa9dbde5a81",
    "color" : "#008D36",
    "position" : {
      "x" : -10.472136,
      "y" : 10.472136,
      "z" : 10.472136
    },
    "orientation" : 22
  }, {
    "shape" : "962bc2ff-fc31-4ce0-a8e6-d2b1740df091",
    "color" : "#FFFFFF",
    "position" : {
      "x" : 5.236068,
      "y" : 20.944271,
      "z" : 5.236068
    }
  }, {
    "shape" : "b6745fea-29d4-4db2-94d8-0aa9dbde5a81",
    "color" : "#008D36",
    "position" : {
      "x" : 20.944271,
      "y" : 0.0,
      "z" : 0.0
    },
    "orientation" : 22
  }, {
    "shape" : "b6745fea-29d4-4db2-94d8-0aa9dbde5a81",
    "color" : "#008D36",
    "position" : {
      "x" : 5.236068,
      "y" : 15.708204,
      "z" : 10.472136
    },
    "orientation" : 52
  }, {
    "shape" : "962bc2ff-fc31-4ce0-a8e6-d2b1740df091",
    "color" : "#FFFFFF",
    "position" : {
      "x" : -31.416409,
      "y" : -10.472136,
      "z" : -10.472136
    }
  }, {
    "shape" : "5fea581f-2829-4577-a9a6-c94f0817150e",
    "color" : "#007695",
    "position" : {
      "x" : 10.472136,
      "y" : 10.472136,
      "z" : -31.416409
    },
    "orientation" : 45
  }, {
    "shape" : "962bc2ff-fc31-4ce0-a8e6-d2b1740df091",
    "color" : "#FFFFFF",
    "position" : {
      "x" : -26.18034,
      "y" : 5.236068,
      "z" : 0.0
    }
  }, {
    "shape" : "b6745fea-29d4-4db2-94d8-0aa9dbde5a81",
    "color" : "#008D36",
    "position" : {
      "x" : -5.236068,
      "y" : 5.236068,
      "z" : -20.944271
    },
    "orientation" : 52
  }, {
    "shape" : "b6745fea-29d4-4db2-94d8-0aa9dbde5a81",
    "color" : "#008D36",
    "position" : {
      "x" : 5.236068,
      "y" : -26.18034,
      "z" : 10.472136
    },
    "orientation" : 21
  }, {
    "shape" : "b6745fea-29d4-4db2-94d8-0aa9dbde5a81",
    "color" : "#008D36",
    "position" : {
      "x" : -20.944271,
      "y" : -5.236068,
      "z" : -5.236068
    },
    "orientation" : 23
  }, {
    "shape" : "b6745fea-29d4-4db2-94d8-0aa9dbde5a81",
    "color" : "#008D36",
    "position" : {
      "x" : 10.472136,
      "y" : -10.472136,
      "z" : 10.472136
    },
    "orientation" : 22
  }, {
    "shape" : "5fea581f-2829-4577-a9a6-c94f0817150e",
    "color" : "#007695",
    "position" : {
      "x" : 10.472136,
      "y" : 31.416409,
      "z" : -10.472136
    },
    "orientation" : 16
  }, {
    "shape" : "b6745fea-29d4-4db2-94d8-0aa9dbde5a81",
    "color" : "#008D36",
    "position" : {
      "x" : -31.416409,
      "y" : 10.472136,
      "z" : 10.472136
    },
    "orientation" : 22
  }, {
    "shape" : "962bc2ff-fc31-4ce0-a8e6-d2b1740df091",
    "color" : "#FFFFFF",
    "position" : {
      "x" : -5.236068,
      "y" : 31.416409,
      "z" : -5.236068
    }
  }, {
    "shape" : "b6745fea-29d4-4db2-94d8-0aa9dbde5a81",
    "color" : "#008D36",
    "position" : {
      "x" : -15.708204,
      "y" : -5.236068,
      "z" : -10.472136
    },
    "orientation" : 21
  }, {
    "shape" : "962bc2ff-fc31-4ce0-a8e6-d2b1740df091",
    "color" : "#FFFFFF",
    "position" : {
      "x" : 10.472136,
      "y" : -10.472136,
      "z" : -31.416409
    }
  }, {
    "shape" : "962bc2ff-fc31-4ce0-a8e6-d2b1740df091",
    "color" : "#FFFFFF",
    "position" : {
      "x" : -5.236068,
      "y" : 10.472136,
      "z" : -5.236068
    }
  }, {
    "shape" : "962bc2ff-fc31-4ce0-a8e6-d2b1740df091",
    "color" : "#FFFFFF",
    "position" : {
      "x" : -31.416409,
      "y" : 5.236068,
      "z" : 5.236068
    }
  }, {
    "shape" : "962bc2ff-fc31-4ce0-a8e6-d2b1740df091",
    "color" : "#FFFFFF",
    "position" : {
      "x" : -10.472136,
      "y" : -31.416409,
      "z" : -10.472136
    }
  }, {
    "shape" : "b6745fea-29d4-4db2-94d8-0aa9dbde5a81",
    "color" : "#008D36",
    "position" : {
      "x" : -5.236068,
      "y" : -10.472136,
      "z" : -5.236068
    },
    "orientation" : 53
  }, {
    "shape" : "962bc2ff-fc31-4ce0-a8e6-d2b1740df091",
    "color" : "#FFFFFF",
    "position" : {
      "x" : 10.472136,
      "y" : -31.416409,
      "z" : 10.472136
    }
  }, {
    "shape" : "962bc2ff-fc31-4ce0-a8e6-d2b1740df091",
    "color" : "#FFFFFF",
    "position" : {
      "x" : 5.236068,
      "y" : -5.236068,
      "z" : -10.472136
    }
  }, {
    "shape" : "962bc2ff-fc31-4ce0-a8e6-d2b1740df091",
    "color" : "#FFFFFF",
    "position" : {
      "x" : -15.708204,
      "y" : -5.236068,
      "z" : 10.472136
    }
  }, {
    "shape" : "5fea581f-2829-4577-a9a6-c94f0817150e",
    "color" : "#007695",
    "position" : {
      "x" : -10.472136,
      "y" : -31.416409,
      "z" : -10.472136
    },
    "orientation" : 2
  }, {
    "shape" : "5fea581f-2829-4577-a9a6-c94f0817150e",
    "color" : "#007695",
    "position" : {
      "x" : 10.472136,
      "y" : -10.472136,
      "z" : 31.416409
    },
    "orientation" : 45
  }, {
    "shape" : "962bc2ff-fc31-4ce0-a8e6-d2b1740df091",
    "color" : "#FFFFFF",
    "position" : {
      "x" : 10.472136,
      "y" : -10.472136,
      "z" : 31.416409
    }
  }, {
    "shape" : "b6745fea-29d4-4db2-94d8-0aa9dbde5a81",
    "color" : "#008D36",
    "position" : {
      "x" : 5.236068,
      "y" : -5.236068,
      "z" : 10.472136
    },
    "orientation" : 52
  }, {
    "shape" : "962bc2ff-fc31-4ce0-a8e6-d2b1740df091",
    "color" : "#FFFFFF",
    "position" : {
      "x" : 5.236068,
      "y" : -5.236068,
      "z" : 10.472136
    }
  }, {
    "shape" : "b6745fea-29d4-4db2-94d8-0aa9dbde5a81",
    "color" : "#008D36",
    "position" : {
      "x" : 0.0,
      "y" : 0.0,
      "z" : 0.0
    },
    "orientation" : 22
  }, {
    "shape" : "962bc2ff-fc31-4ce0-a8e6-d2b1740df091",
    "color" : "#FFFFFF",
    "position" : {
      "x" : 5.236068,
      "y" : 0.0,
      "z" : 5.236068
    }
  }, {
    "shape" : "962bc2ff-fc31-4ce0-a8e6-d2b1740df091",
    "color" : "#FFFFFF",
    "position" : {
      "x" : -10.472136,
      "y" : -10.472136,
      "z" : 31.416409
    }
  }, {
    "shape" : "b6745fea-29d4-4db2-94d8-0aa9dbde5a81",
    "color" : "#008D36",
    "position" : {
      "x" : -5.236068,
      "y" : 5.236068,
      "z" : 20.944271
    },
    "orientation" : 38
  }, {
    "shape" : "b6745fea-29d4-4db2-94d8-0aa9dbde5a81",
    "color" : "#008D36",
    "position" : {
      "x" : -5.236068,
      "y" : 10.472136,
      "z" : 15.708204
    },
    "orientation" : 53
  }, {
    "shape" : "5fea581f-2829-4577-a9a6-c94f0817150e",
    "color" : "#007695",
    "position" : {
      "x" : 31.416409,
      "y" : -10.472136,
      "z" : 10.472136
    },
    "orientation" : 1
  }, {
    "shape" : "962bc2ff-fc31-4ce0-a8e6-d2b1740df091",
    "color" : "#FFFFFF",
    "position" : {
      "x" : -10.472136,
      "y" : 5.236068,
      "z" : 26.18034
    }
  }, {
    "shape" : "962bc2ff-fc31-4ce0-a8e6-d2b1740df091",
    "color" : "#FFFFFF",
    "position" : {
      "x" : 0.0,
      "y" : 15.708204,
      "z" : -5.236068
    }
  }, {
    "shape" : "b6745fea-29d4-4db2-94d8-0aa9dbde5a81",
    "color" : "#008D36",
    "position" : {
      "x" : 5.236068,
      "y" : 15.708204,
      "z" : 10.472136
    },
    "orientation" : 21
  }, {
    "shape" : "962bc2ff-fc31-4ce0-a8e6-d2b1740df091",
    "color" : "#FFFFFF",
    "position" : {
      "x" : -10.472136,
      "y" : 5.236068,
      "z" : 5.236068
    }
  }, {
    "shape" : "5fea581f-2829-4577-a9a6-c94f0817150e",
    "color" : "#007695",
    "position" : {
      "x" : 10.472136,
      "y" : 10.472136,
      "z" : -31.416409
    },
    "orientation" : 2
  }, {
    "shape" : "5fea581f-2829-4577-a9a6-c94f0817150e",
    "color" : "#007695",
    "position" : {
      "x" : 10.472136,
      "y" : 10.472136,
      "z" : 10.472136
    },
    "orientation" : 2
  }, {
    "shape" : "962bc2ff-fc31-4ce0-a8e6-d2b1740df091",
    "color" : "#FFFFFF",
    "position" : {
      "x" : 15.708204,
      "y" : 5.236068,
      "z" : 0.0
    }
  }, {
    "shape" : "5fea581f-2829-4577-a9a6-c94f0817150e",
    "color" : "#007695",
    "position" : {
      "x" : -10.472136,
      "y" : -10.472136,
      "z" : -10.472136
    },
    "orientation" : 1
  }, {
    "shape" : "b6745fea-29d4-4db2-94d8-0aa9dbde5a81",
    "color" : "#008D36",
    "position" : {
      "x" : -10.472136,
      "y" : 10.472136,
      "z" : -10.472136
    },
    "orientation" : 22
  }, {
    "shape" : "b6745fea-29d4-4db2-94d8-0aa9dbde5a81",
    "color" : "#008D36",
    "position" : {
      "x" : 10.472136,
      "y" : 10.472136,
      "z" : 10.472136
    },
    "orientation" : 22
  }, {
    "shape" : "1859f0c2-ccdb-432d-8ff5-0ee655db85d5",
    "color" : "#F0A000",
    "position" : {
      "x" : 0.0,
      "y" : 0.0,
      "z" : 0.0
    },
    "orientation" : 9
  }, {
    "shape" : "5fea581f-2829-4577-a9a6-c94f0817150e",
    "color" : "#007695",
    "position" : {
      "x" : -10.472136,
      "y" : 10.472136,
      "z" : 31.416409
    },
    "orientation" : 16
  }, {
    "shape" : "b6745fea-29d4-4db2-94d8-0aa9dbde5a81",
    "color" : "#008D36",
    "position" : {
      "x" : 5.236068,
      "y" : -26.18034,
      "z" : 10.472136
    },
    "orientation" : 52
  }, {
    "shape" : "b6745fea-29d4-4db2-94d8-0aa9dbde5a81",
    "color" : "#008D36",
    "position" : {
      "x" : -5.236068,
      "y" : 5.236068,
      "z" : 0.0
    },
    "orientation" : 38
  }, {
    "shape" : "b6745fea-29d4-4db2-94d8-0aa9dbde5a81",
    "color" : "#008D36",
    "position" : {
      "x" : -5.236068,
      "y" : 10.472136,
      "z" : -26.18034
    },
