{
  "field" : "golden",
  "symmetry" : "icosahedral",
  "orientations" : [ [ 1.0, 0.0, 0.0, 0.0, 0.0, 1.0, 0.0, 0.0, 0.0, 0.0, 1.0, 0.0, 0.0, 0.0, 0.0, 1.0 ], [ 0.0, 0.0, 1.0, 0.0, 1.0, 0.0, 0.0, 0.0, 0.0, 1.0, 0.0, 0.0, 0.0, 0.0, 0.0, 1.0 ], [ 0.0, 1.0, 0.0, 0.0, 0.0, 0.0, 1.0, 0.0, 1.0, 0.0, 0.0, 0.0, 0.0, 0.0, 0.0, 1.0 ], [ 0.809017, 0.309017, 0.5, 0.0, 0.309017, 0.5, -0.809017, 0.0, -0.5, 0.809017, 0.309017, 0.0, 0.0, 0.0, 0.0, 1.0 ], [ -0.5, 0.809017, 0.309017, 0.0, 0.809017, 0.309017, 0.5, 0.0, 0.309017, 0.5, -0.809017, 0.0, 0.0, 0.0, 0.0, 1.0 ], [ 0.309017, 0.5, -0.809017, 0.0, -0.5, 0.809017, 0.309017, 0.0, 0.809017, 0.309017, 0.5, 0.0, 0.0, 0.0, 0.0, 1.0 ], [ 0.5, 0.809017, 0.309017, 0.0, 0.809017, -0.309017, -0.5, 0.0, -0.309017, 0.5, -0.809017, 0.0, 0.0, 0.0, 0.0, 1.0 ], [ -0.309017, 0.5, -0.809017, 0.0, 0.5, 0.809017, 0.309017, 0.0, 0.809017, -0.309017, -0.5, 0.0, 0.0, 0.0, 0.0, 1.0 ], [ 0.809017, -0.309017, -0.5, 0.0, -0.309017, 0.5, -0.809017, 0.0, 0.5, 0.809017, 0.309017, 0.0, 0.0, 0.0, 0.0, 1.0 ], [ 0.5, 0.809017, -0.309017, 0.0, 0.809017, -0.309017, 0.5, 0.0, 0.309017, -0.5, -0.809017, 0.0, 0.0, 0.0, 0.0, 1.0 ], [ 0.309017, -0.5, -0.809017, 0.0, 0.5, 0.809017, -0.309017, 0.0, 0.809017, -0.309017, 0.5, 0.0, 0.0, 0.0, 0.0, 1.0 ], [ 0.809017, -0.309017, 0.5, 0.0, 0.309017, -0.5, -0.809017, 0.0, 0.5, 0.809017, -0.309017, 0.0, 0.0, 0.0, 0.0, 1.0 ], [ 0.809017, 0.309017, -0.5, 0.0, 0.309017, 0.5, 0.809017, 0.0, 0.5, -0.809017, 0.309017, 0.0, 0.0, 0.0, 0.0, 1.0 ], [ 0.5, -0.809017, 0.309017, 0.0, 0.809017, 0.309017, -0.5, 0.0, 0.309017, 0.5, 0.809017, 0.0, 0.0, 0.0, 0.0, 1.0 ], [ 0.309017, 0.5, 0.809017, 0.0, 0.5, -0.809017, 0.309017, 0.0, 0.809017, 0.309017, -0.5, 0.0, 0.0, 0.0, 0.0, 1.0 ], [ 1.0, 0.0, 0.0, 0.0, 0.0, -1.0, 0.0, 0.0, 0.0, 0.0, -1.0, 0.0, 0.0, 0.0, 0.0, 1.0 ], [ 0.0, 0.0, 1.0, 0.0, -1.0, 0.0, 0.0, 0.0, 0.0, -1.0, 0.0, 0.0, 0.0, 0.0, 0.0, 1.0 ], [ 0.0, 1.0, 0.0, 0.0, 0.0, 0.0, -1.0, 0.0, -1.0, 0.0, 0.0, 0.0, 0.0, 0.0, 0.0, 1.0 ], [ 0.809017, 0.309017, 0.5, 0.0, -0.309017, -0.5, 0.809017, 0.0, 0.5, -0.809017, -0.309017, 0.0, 0.0, 0.0, 0.0, 1.0 ], [ -0.5, 0.809017, 0.309017, 0.0, -0.809017, -0.309017, -0.5, 0.0, -0.309017, -0.5, 0.809017, 0.0, 0.0, 0.0, 0.0, 1.0 ], [ 0.309017, 0.5, -0.809017, 0.0, 0.5, -0.809017, -0.309017, 0.0, -0.809017, -0.309017, -0.5, 0.0, 0.0, 0.0, 0.0, 1.0 ], [ 0.5, 0.809017, 0.309017, 0.0, -0.809017, 0.309017, 0.5, 0.0, 0.309017, -0.5, 0.809017, 0.0, 0.0, 0.0, 0.0, 1.0 ], [ -0.309017, 0.5, -0.809017, 0.0, -0.5, -0.809017, -0.309017, 0.0, -0.809017, 0.309017, 0.5, 0.0, 0.0, 0.0, 0.0, 1.0 ], [ 0.809017, -0.309017, -0.5, 0.0, 0.309017, -0.5, 0.809017, 0.0, -0.5, -0.809017, -0.309017, 0.0, 0.0, 0.0, 0.0, 1.0 ], [ 0.5, 0.809017, -0.309017, 0.0, -0.809017, 0.309017, -0.5, 0.0, -0.309017, 0.5, 0.809017, 0.0, 0.0, 0.0, 0.0, 1.0 ], [ 0.309017, -0.5, -0.809017, 0.0, -0.5, -0.809017, 0.309017, 0.0, -0.809017, 0.309017, -0.5, 0.0, 0.0, 0.0, 0.0, 1.0 ], [ 0.809017, -0.309017, 0.5, 0.0, -0.309017, 0.5, 0.809017, 0.0, -0.5, -0.809017, 0.309017, 0.0, 0.0, 0.0, 0.0, 1.0 ], [ 0.809017, 0.309017, -0.5, 0.0, -0.309017, -0.5, -0.809017, 0.0, -0.5, 0.809017, -0.309017, 0.0, 0.0, 0.0, 0.0, 1.0 ], [ 0.5, -0.809017, 0.309017, 0.0, -0.809017, -0.309017, 0.5, 0.0, -0.309017, -0.5, -0.809017, 0.0, 0.0, 0.0, 0.0, 1.0 ], [ 0.309017, 0.5, 0.809017, 0.0, -0.5, 0.809017, -0.309017, 0.0, -0.809017, -0.309017, 0.5, 0.0, 0.0, 0.0, 0.0, 1.0 ], [ -1.0, 0.0, 0.0, 0.0, 0.0, -1.0, 0.0, 0.0, 0.0, 0.0, 1.0, 0.0, 0.0, 0.0, 0.0, 1.0 ], [ 0.0, 0.0, -1.0, 0.0, -1.0, 0.0, 0.0, 0.0, 0.0, 1.0, 0.0, 0.0, 0.0, 0.0, 0.0, 1.0 ], [ 0.0, -1.0, 0.0, 0.0, 0.0, 0.0, -1.0, 0.0, 1.0, 0.0, 0.0, 0.0, 0.0, 0.0, 0.0, 1.0 ], [ -0.809017, -0.309017, -0.5, 0.0, -0.309017, -0.5, 0.809017, 0.0, -0.5, 0.809017, 0.309017, 0.0, 0.0, 0.0, 0.0, 1.0 ], [ 0.5, -0.809017, -0.309017, 0.0, -0.809017, -0.309017, -0.5, 0.0, 0.309017, 0.5, -0.809017, 0.0, 0.0, 0.0, 0.0, 1.0 ], [ -0.309017, -0.5, 0.809017, 0.0, 0.5, -0.809017, -0.309017, 0.0, 0.809017, 0.309017, 0.5, 0.0, 0.0, 0.0, 0.0, 1.0 ], [ -0.5, -0.809017, -0.309017, 0.0, -0.809017, 0.309017, 0.5, 0.0, -0.309017, 0.5, -0.809017, 0.0, 0.0, 0.0, 0.0, 1.0 ], [ 0.309017, -0.5, 0.809017, 0.0, -0.5, -0.809017, -0.309017, 0.0, 0.809017, -0.309017, -0.5, 0.0, 0.0, 0.0, 0.0, 1.0 ], [ -0.809017, 0.309017, 0.5, 0.0, 0.309017, -0.5, 0.809017, 0.0, 0.5, 0.809017, 0.309017, 0.0, 0.0, 0.0, 0.0, 1.0 ], [ -0.5, -0.809017, 0.309017, 0.0, -0.809017, 0.309017, -0.5, 0.0, 0.309017, -0.5, -0.809017, 0.0, 0.0, 0.0, 0.0, 1.0 ], [ -0.309017, 0.5, 0.809017, 0.0, -0.5, -0.809017, 0.309017, 0.0, 0.809017, -0.309017, 0.5, 0.0, 0.0, 0.0, 0.0, 1.0 ], [ -0.809017, 0.309017, -0.5, 0.0, -0.309017, 0.5, 0.809017, 0.0, 0.5, 0.809017, -0.309017, 0.0, 0.0, 0.0, 0.0, 1.0 ], [ -0.809017, -0.309017, 0.5, 0.0, -0.309017, -0.5, -0.809017, 0.0, 0.5, -0.809017, 0.309017, 0.0, 0.0, 0.0, 0.0, 1.0 ], [ -0.5, 0.809017, -0.309017, 0.0, -0.809017, -0.309017, 0.5, 0.0, 0.309017, 0.5, 0.809017, 0.0, 0.0, 0.0, 0.0, 1.0 ], [ -0.309017, -0.5, -0.809017, 0.0, -0.5, 0.809017, -0.309017, 0.0, 0.809017, 0.309017, -0.5, 0.0, 0.0, 0.0, 0.0, 1.0 ], [ -1.0, 0.0, 0.0, 0.0, 0.0, 1.0, 0.0, 0.0, 0.0, 0.0, -1.0, 0.0, 0.0, 0.0, 0.0, 1.0 ], [ 0.0, 0.0, -1.0, 0.0, 1.0, 0.0, 0.0, 0.0, 0.0, -1.0, 0.0, 0.0, 0.0, 0.0, 0.0, 1.0 ], [ 0.0, -1.0, 0.0, 0.0, 0.0, 0.0, 1.0, 0.0, -1.0, 0.0, 0.0, 0.0, 0.0, 0.0, 0.0, 1.0 ], [ -0.809017, -0.309017, -0.5, 0.0, 0.309017, 0.5, -0.809017, 0.0, 0.5, -0.809017, -0.309017, 0.0, 0.0, 0.0, 0.0, 1.0 ], [ 0.5, -0.809017, -0.309017, 0.0, 0.809017, 0.309017, 0.5, 0.0, -0.309017, -0.5, 0.809017, 0.0, 0.0, 0.0, 0.0, 1.0 ], [ -0.309017, -0.5, 0.809017, 0.0, -0.5, 0.809017, 0.309017, 0.0, -0.809017, -0.309017, -0.5, 0.0, 0.0, 0.0, 0.0, 1.0 ], [ -0.5, -0.809017, -0.309017, 0.0, 0.809017, -0.309017, -0.5, 0.0, 0.309017, -0.5, 0.809017, 0.0, 0.0, 0.0, 0.0, 1.0 ], [ 0.309017, -0.5, 0.809017, 0.0, 0.5, 0.809017, 0.309017, 0.0, -0.809017, 0.309017, 0.5, 0.0, 0.0, 0.0, 0.0, 1.0 ], [ -0.809017, 0.309017, 0.5, 0.0, -0.309017, 0.5, -0.809017, 0.0, -0.5, -0.809017, -0.309017, 0.0, 0.0, 0.0, 0.0, 1.0 ], [ -0.5, -0.809017, 0.309017, 0.0, 0.809017, -0.309017, 0.5, 0.0, -0.309017, 0.5, 0.809017, 0.0, 0.0, 0.0, 0.0, 1.0 ], [ -0.309017, 0.5, 0.809017, 0.0, 0.5, 0.809017, -0.309017, 0.0, -0.809017, 0.309017, -0.5, 0.0, 0.0, 0.0, 0.0, 1.0 ], [ -0.809017, 0.309017, -0.5, 0.0, 0.309017, -0.5, -0.809017, 0.0, -0.5, -0.809017, 0.309017, 0.0, 0.0, 0.0, 0.0, 1.0 ], [ -0.809017, -0.309017, 0.5, 0.0, 0.309017, 0.5, 0.809017, 0.0, -0.5, 0.809017, -0.309017, 0.0, 0.0, 0.0, 0.0, 1.0 ], [ -0.5, 0.809017, -0.309017, 0.0, 0.809017, 0.309017, -0.5, 0.0, -0.309017, -0.5, -0.809017, 0.0, 0.0, 0.0, 0.0, 1.0 ], [ -0.309017, -0.5, -0.809017, 0.0, 0.5, -0.809017, 0.309017, 0.0, -0.809017, -0.309017, 0.5, 0.0, 0.0, 0.0, 0.0, 1.0 ] ],
  "lights" : {
    "ambientColor" : "#292929",
    "backgroundColor" : "#DBDBDB",
    "directionalLights" : [ {
      "direction" : {
        "x" : 1.0,
        "y" : -1.0,
        "z" : -1.0
      },
      "color" : "#EBEBE4"
    }, {
      "direction" : {
        "x" : -1.0,
        "y" : 0.0,
        "z" : 0.0
      },
      "color" : "#E4E4EB"
    }, {
      "direction" : {
        "x" : 0.0,
        "y" : 0.0,
        "z" : -1.0
      },
      "color" : "#1E1E1E"
    } ]
  },
  "camera" : {
    "stereo" : false,
    "width" : 301.98355,
    "perspective" : false,
    "lookDirection" : {
      "x" : 0.15860958,
      "y" : -0.0131785385,
      "z" : -0.9872534
    },
    "upDirection" : {
      "x" : 0.006279271,
      "y" : 0.99990416,
      "z" : -0.012338597
    },
    "lookAtPoint" : {
      "x" : 0.0,
      "y" : 0.0,
      "z" : 0.0
    },
    "viewDistance" : 671.07416,
    "nearClipDistance" : 1.6776848,
    "farClipDistance" : 1342.1461,
    "fieldOfView" : 0.44262913,
    "position" : {
      "x" : -106.43879,
      "y" : 8.843777,
      "z" : 662.52026
    }
  },
  "embedding" : [ 1.0, 0.0, 0.0, 0.0, 0.0, 1.0, 0.0, 0.0, 0.0, 0.0, 1.0, 0.0, 0.0, 0.0, 0.0, 1.0 ],
  "shapes" : [ {
    "id" : "57c8f0c9-b3ab-497e-942d-ce0071c7a3e0",
    "vertices" : [ {
      "x" : 124.99187,
      "y" : -6.854102,
      "z" : 6.854102
    }, {
      "x" : 124.99187,
      "y" : 6.854102,
      "z" : 6.854102
    }, {
      "x" : 124.99187,
      "y" : 6.854102,
      "z" : -6.854102
    }, {
      "x" : 124.99187,
      "y" : -6.854102,
      "z" : -6.854102
    } ],
    "faces" : [ {
      "vertices" : [ 0, 1, 2 ]
    }, {
      "vertices" : [ 0, 2, 3 ]
    }, {
      "vertices" : [ 0, 3, 2 ]
    }, {
      "vertices" : [ 0, 2, 1 ]
    } ]
  }, {
    "id" : "c2ccfb48-5b63-4f3d-9c67-7e10d948a0e2",
    "vertices" : [ {
      "x" : 1.0,
      "y" : 0.309017,
      "z" : 0.19098301
    }, {
      "x" : 1.0,
      "y" : -0.309017,
      "z" : 0.19098301
    }, {
      "x" : 12.708204,
      "y" : -0.309017,
      "z" : 0.19098301
    }, {
      "x" : 12.708204,
      "y" : 0.309017,
      "z" : 0.19098301
    }, {
      "x" : 12.708204,
      "y" : -0.309017,
      "z" : -0.19098301
    }, {
      "x" : 12.708204,
      "y" : 0.309017,
      "z" : -0.19098301
    }, {
      "x" : 13.326238,
      "y" : 0.0,
      "z" : 0.0
    }, {
      "x" : 0.38196602,
      "y" : 0.0,
      "z" : 0.0
    }, {
      "x" : 1.0,
      "y" : 0.309017,
      "z" : -0.19098301
    }, {
      "x" : 1.0,
      "y" : -0.309017,
      "z" : -0.19098301
    }, {
      "x" : 13.708204,
      "y" : 0.0,
      "z" : 0.0
    } ],
    "faces" : [ {
      "vertices" : [ 1, 9, 4 ]
    }, {
      "vertices" : [ 1, 4, 2 ]
    }, {
      "vertices" : [ 0, 3, 5 ]
    }, {
      "vertices" : [ 0, 5, 8 ]
    }, {
      "vertices" : [ 1, 7, 9 ]
    }, {
      "vertices" : [ 0, 1, 2 ]
    }, {
      "vertices" : [ 0, 2, 3 ]
    }, {
      "vertices" : [ 7, 8, 9 ]
    }, {
      "vertices" : [ 0, 7, 1 ]
    }, {
      "vertices" : [ 4, 9, 8 ]
    }, {
      "vertices" : [ 4, 8, 5 ]
    }, {
      "vertices" : [ 2, 6, 3 ]
    }, {
      "vertices" : [ 2, 4, 6 ]
    }, {
      "vertices" : [ 3, 6, 5 ]
    }, {
      "vertices" : [ 4, 5, 6 ]
    }, {
      "vertices" : [ 0, 8, 7 ]
    } ]
  }, {
    "id" : "162a3869-18f5-4bd6-acb1-6d633f822164",
    "vertices" : [ {
      "x" : 31.034441,
      "y" : -6.854102,
      "z" : -29.034441
    }, {
      "x" : 26.798374,
      "y" : -13.708204,
      "z" : -17.944271
    }, {
      "x" : 33.652477,
      "y" : -24.798374,
      "z" : -22.18034
    }, {
      "x" : 37.888542,
      "y" : -17.944271,
      "z" : -33.27051
    } ],
    "faces" : [ {
      "vertices" : [ 0, 1, 2 ]
    }, {
      "vertices" : [ 0, 2, 3 ]
    }, {
      "vertices" : [ 0, 3, 2 ]
    }, {
      "vertices" : [ 0, 2, 1 ]
    } ]
  }, {
    "id" : "f7c81eab-9c9c-435d-9218-4358b5dcbc3a",
    "vertices" : [ {
      "x" : 0.309017,
      "y" : -0.309017,
      "z" : -0.309017
    }, {
      "x" : 0.5,
      "y" : 0.0,
      "z" : -0.19098301
    }, {
      "x" : 0.5,
      "y" : 0.0,
      "z" : 0.19098301
    }, {
      "x" : 0.309017,
      "y" : -0.309017,
      "z" : 0.309017
    }, {
      "x" : 0.19098301,
      "y" : -0.5,
      "z" : 0.0
    }, {
      "x" : 0.0,
      "y" : 0.19098301,
      "z" : 0.5
    }, {
      "x" : 0.0,
      "y" : -0.19098301,
      "z" : 0.5
    }, {
      "x" : 0.309017,
      "y" : 0.309017,
      "z" : 0.309017
    }, {
      "x" : -0.309017,
      "y" : -0.309017,
      "z" : 0.309017
    }, {
      "x" : -0.309017,
      "y" : 0.309017,
      "z" : 0.309017
    }, {
      "x" : -0.5,
      "y" : 0.0,
      "z" : 0.19098301
    }, {
      "x" : 0.0,
      "y" : -0.19098301,
      "z" : -0.5
    }, {
      "x" : 0.0,
      "y" : 0.19098301,
      "z" : -0.5
    }, {
      "x" : 0.309017,
      "y" : 0.309017,
      "z" : -0.309017
    }, {
      "x" : -0.309017,
      "y" : -0.309017,
      "z" : -0.309017
    }, {
      "x" : -0.19098301,
      "y" : -0.5,
      "z" : 0.0
    }, {
      "x" : -0.5,
      "y" : 0.0,
      "z" : -0.19098301
    }, {
      "x" : 0.19098301,
      "y" : 0.5,
      "z" : 0.0
    }, {
      "x" : -0.309017,
      "y" : 0.309017,
      "z" : -0.309017
    }, {
      "x" : 0.0,
      "y" : 0.0,
      "z" : 0.0
    }, {
      "x" : -0.19098301,
      "y" : 0.5,
      "z" : 0.0
    } ],
    "faces" : [ {
      "vertices" : [ 12, 18, 20 ]
    }, {
      "vertices" : [ 12, 20, 17 ]
    }, {
      "vertices" : [ 12, 17, 13 ]
    }, {
      "vertices" : [ 3, 6, 8 ]
    }, {
      "vertices" : [ 3, 8, 15 ]
    }, {
      "vertices" : [ 3, 15, 4 ]
    }, {
      "vertices" : [ 0, 11, 12 ]
    }, {
      "vertices" : [ 0, 12, 13 ]
    }, {
      "vertices" : [ 0, 13, 1 ]
    }, {
      "vertices" : [ 5, 9, 10 ]
    }, {
      "vertices" : [ 5, 10, 8 ]
    }, {
      "vertices" : [ 5, 8, 6 ]
    }, {
      "vertices" : [ 2, 7, 5 ]
    }, {
      "vertices" : [ 2, 5, 6 ]
    }, {
      "vertices" : [ 2, 6, 3 ]
    }, {
      "vertices" : [ 11, 14, 16 ]
    }, {
      "vertices" : [ 11, 16, 18 ]
    }, {
      "vertices" : [ 11, 18, 12 ]
    }, {
      "vertices" : [ 1, 13, 17 ]
    }, {
      "vertices" : [ 1, 17, 7 ]
    }, {
      "vertices" : [ 1, 7, 2 ]
    }, {
      "vertices" : [ 9, 20, 18 ]
    }, {
      "vertices" : [ 9, 18, 16 ]
    }, {
      "vertices" : [ 9, 16, 10 ]
    }, {
      "vertices" : [ 0, 1, 2 ]
    }, {
      "vertices" : [ 0, 2, 3 ]
    }, {
      "vertices" : [ 0, 3, 4 ]
    }, {
      "vertices" : [ 5, 7, 17 ]
    }, {
      "vertices" : [ 5, 17, 20 ]
    }, {
      "vertices" : [ 5, 20, 9 ]
    }, {
      "vertices" : [ 0, 4, 15 ]
    }, {
      "vertices" : [ 0, 15, 14 ]
    }, {
      "vertices" : [ 0, 14, 11 ]
    }, {
      "vertices" : [ 8, 10, 16 ]
    }, {
      "vertices" : [ 8, 16, 14 ]
    }, {
      "vertices" : [ 8, 14, 15 ]
    } ]
  }, {
    "id" : "e89f54ae-fdac-4151-8b15-1a7f4af56913",
    "vertices" : [ {
      "x" : -33.888542,
      "y" : -53.832817,
      "z" : -33.27051
    }, {
      "x" : -27.034441,
      "y" : -42.742645,
      "z" : -37.506577
    }, {
      "x" : -38.12461,
      "y" : -46.978714,
      "z" : -30.652475
    }, {
      "x" : -44.978714,
      "y" : -58.068882,
      "z" : -26.416409
    } ],
    "faces" : [ {
      "vertices" : [ 0, 1, 2 ]
    }, {
      "vertices" : [ 0, 2, 3 ]
    }, {
      "vertices" : [ 0, 3, 2 ]
    }, {
      "vertices" : [ 0, 2, 1 ]
    } ]
  }, {
    "id" : "3442e415-d687-4338-9968-651a94f87eb5",
    "vertices" : [ {
      "x" : -15.944272,
      "y" : 55.45085,
      "z" : 22.18034
    }, {
      "x" : -11.708204,
      "y" : 48.59675,
      "z" : 11.09017
    }, {
      "x" : -18.562305,
      "y" : 37.506577,
      "z" : 15.326238
    }, {
      "x" : -22.798374,
      "y" : 44.36068,
      "z" : 26.416409
    } ],
    "faces" : [ {
      "vertices" : [ 0, 1, 2 ]
    }, {
      "vertices" : [ 0, 2, 3 ]
    }, {
      "vertices" : [ 0, 3, 2 ]
    }, {
      "vertices" : [ 0, 2, 1 ]
    } ]
  }, {
    "id" : "854d9c05-eb5c-4d6c-9610-ffa9ca5af4a7",
    "vertices" : [ {
      "x" : -0.618034,
      "y" : -71.777084,
      "z" : 17.944271
    }, {
      "x" : -11.708204,
      "y" : -76.01315,
      "z" : 24.798374
    }, {
      "x" : -15.944272,
      "y" : -69.15905,
      "z" : 35.888542
    }, {
      "x" : -4.854102,
      "y" : -64.92299,
      "z" : 29.034441
    } ],
    "faces" : [ {
      "vertices" : [ 0, 1, 2 ]
    }, {
      "vertices" : [ 0, 2, 3 ]
    }, {
      "vertices" : [ 0, 3, 2 ]
    }, {
      "vertices" : [ 0, 2, 1 ]
    } ]
  }, {
    "id" : "a3befc49-c7ea-46ae-8e4d-fd06e217932f",
    "vertices" : [ {
      "x" : 66.92299,
      "y" : -29.034441,
      "z" : -42.742645
    }, {
      "x" : 60.068882,
      "y" : -17.944271,
      "z" : -46.978714
    }, {
      "x" : 48.978714,
      "y" : -22.18034,
      "z" : -40.12461
    }, {
      "x" : 55.832817,
      "y" : -33.27051,
      "z" : -35.888542
    } ],
    "faces" : [ {
      "vertices" : [ 0, 1, 2 ]
    }, {
      "vertices" : [ 0, 2, 3 ]
    }, {
      "vertices" : [ 0, 3, 2 ]
    }, {
      "vertices" : [ 0, 2, 1 ]
    } ]
  }, {
    "id" : "526216ed-7858-40f9-96ce-dfb13c44680e",
    "vertices" : [ {
      "x" : 66.92299,
      "y" : -29.034441,
      "z" : -42.742645
    }, {
      "x" : 78.01315,
      "y" : -33.27051,
      "z" : -35.888542
    }, {
      "x" : 91.72136,
      "y" : -33.27051,
      "z" : -35.888542
    }, {
      "x" : 80.63119,
      "y" : -29.034441,
      "z" : -42.742645
    } ],
    "faces" : [ {
      "vertices" : [ 0, 1, 2 ]
    }, {
      "vertices" : [ 0, 2, 3 ]
    }, {
      "vertices" : [ 0, 3, 2 ]
    }, {
      "vertices" : [ 0, 2, 1 ]
    } ]
  }, {
    "id" : "48e7b032-a8a8-4488-8b74-3efc2d34ee04",
    "vertices" : [ {
      "x" : 51.59675,
      "y" : -40.12461,
      "z" : -24.798374
    }, {
      "x" : 62.686916,
      "y" : -44.36068,
      "z" : -17.944271
    }, {
      "x" : 73.777084,
      "y" : -40.12461,
      "z" : -24.798374
    }, {
      "x" : 62.686916,
      "y" : -35.888542,
      "z" : -31.652475
    } ],
    "faces" : [ {
      "vertices" : [ 0, 1, 2 ]
    }, {
      "vertices" : [ 0, 2, 3 ]
    }, {
      "vertices" : [ 0, 3, 2 ]
    }, {
      "vertices" : [ 0, 2, 1 ]
    } ]
  }, {
    "id" : "f63534cc-c082-4547-a1f4-99e56cc27725",
    "vertices" : [ {
      "x" : 113.9017,
      "y" : 24.798374,
      "z" : 13.708204
    }, {
      "x" : 107.0476,
      "y" : 35.888542,
      "z" : 17.944271
    }, {
      "x" : 107.0476,
      "y" : 35.888542,
      "z" : 4.236068
    }, {
      "x" : 113.9017,
      "y" : 24.798374,
      "z" : 0.0
    } ],
    "faces" : [ {
      "vertices" : [ 0, 1, 2 ]
    }, {
      "vertices" : [ 0, 2, 3 ]
    }, {
      "vertices" : [ 0, 3, 2 ]
    }, {
      "vertices" : [ 0, 2, 1 ]
    } ]
  }, {
    "id" : "66ac0aa1-56c7-44ad-91fc-819ea019e201",
    "vertices" : [ {
      "x" : -0.618034,
      "y" : -71.777084,
      "z" : 17.944271
    }, {
      "x" : -4.854102,
      "y" : -64.92299,
      "z" : 29.034441
    }, {
      "x" : 2.0,
      "y" : -53.832817,
      "z" : 33.27051
    }, {
      "x" : 6.236068,
      "y" : -60.686916,
      "z" : 22.18034
    } ],
    "faces" : [ {
      "vertices" : [ 0, 1, 2 ]
    }, {
      "vertices" : [ 0, 2, 3 ]
    }, {
      "vertices" : [ 0, 3, 2 ]
    }, {
      "vertices" : [ 0, 2, 1 ]
    } ]
  }, {
    "id" : "c92bbb39-e6ea-4725-9778-9cb1d2972000",
    "vertices" : [ {
      "x" : 2.0,
      "y" : -53.832817,
      "z" : -19.562305
    }, {
      "x" : -9.09017,
      "y" : -49.59675,
      "z" : -26.416409
    }, {
      "x" : -20.18034,
      "y" : -53.832817,
      "z" : -33.27051
    }, {
      "x" : -9.09017,
      "y" : -58.068882,
      "z" : -26.416409
    } ],
    "faces" : [ {
      "vertices" : [ 0, 1, 2 ]
    }, {
      "vertices" : [ 0, 2, 3 ]
    }, {
      "vertices" : [ 0, 3, 2 ]
    }, {
      "vertices" : [ 0, 2, 1 ]
    } ]
  }, {
    "id" : "c73964f4-5861-4412-8564-e4f88b58b930",
    "vertices" : [ {
      "x" : -20.18034,
      "y" : -53.832817,
      "z" : -33.27051
    }, {
      "x" : -27.034441,
      "y" : -64.92299,
      "z" : -29.034441
    }, {
      "x" : -15.944272,
      "y" : -69.15905,
      "z" : -22.18034
    }, {
      "x" : -9.09017,
      "y" : -58.068882,
      "z" : -26.416409
    } ],
    "faces" : [ {
      "vertices" : [ 0, 1, 2 ]
    }, {
      "vertices" : [ 0, 2, 3 ]
    }, {
      "vertices" : [ 0, 3, 2 ]
    }, {
      "vertices" : [ 0, 2, 1 ]
    } ]
  }, {
    "id" : "611b327f-4f05-42e3-906d-f26195b7034a",
    "vertices" : [ {
      "x" : -68.777084,
      "y" : 14.326238,
      "z" : 0.0
    }, {
      "x" : -64.54102,
      "y" : 21.18034,
      "z" : 11.09017
    }, {
      "x" : -71.39512,
      "y" : 32.27051,
      "z" : 6.854102
    }, {
      "x" : -75.63119,
      "y" : 25.416409,
      "z" : -4.236068
    } ],
    "faces" : [ {
      "vertices" : [ 0, 1, 2 ]
    }, {
      "vertices" : [ 0, 2, 3 ]
    }, {
      "vertices" : [ 0, 3, 2 ]
    }, {
      "vertices" : [ 0, 2, 1 ]
    } ]
  }, {
    "id" : "b6a652fa-6249-4380-b20d-ce9e35d4e695",
    "vertices" : [ {
      "x" : 55.832817,
      "y" : -46.978714,
      "z" : 13.708204
    }, {
      "x" : 51.59675,
      "y" : -40.12461,
      "z" : 24.798374
    }, {
      "x" : 55.832817,
      "y" : -33.27051,
      "z" : 35.888542
    }, {
      "x" : 60.068882,
      "y" : -40.12461,
      "z" : 24.798374
    } ],
    "faces" : [ {
      "vertices" : [ 0, 1, 2 ]
    }, {
      "vertices" : [ 0, 2, 3 ]
    }, {
      "vertices" : [ 0, 3, 2 ]
    }, {
      "vertices" : [ 0, 2, 1 ]
    } ]
  }, {
    "id" : "d9879597-64de-4c5c-ac0a-195a3d974532",
    "vertices" : [ {
      "x" : 26.798374,
      "y" : 0.0,
      "z" : 17.944271
    }, {
      "x" : 26.798374,
      "y" : 13.708204,
      "z" : 17.944271
    }, {
      "x" : 31.034441,
      "y" : 6.854102,
      "z" : 29.034441
    }, {
      "x" : 31.034441,
      "y" : -6.854102,
      "z" : 29.034441
    } ],
    "faces" : [ {
      "vertices" : [ 0, 1, 2 ]
    }, {
      "vertices" : [ 0, 2, 3 ]
    }, {
      "vertices" : [ 0, 3, 2 ]
    }, {
      "vertices" : [ 0, 2, 1 ]
    } ]
  }, {
    "id" : "9ec124f0-d6d9-4365-ab9b-d3410f7455dd",
    "vertices" : [ {
      "x" : 2.309017,
      "y" : 24.298374,
      "z" : 16.135256
    }, {
      "x" : -1.927051,
      "y" : 31.152475,
      "z" : 5.045085
    }, {
      "x" : 9.163119,
      "y" : 26.916409,
      "z" : -1.809017
    }, {
      "x" : 13.399187,
      "y" : 20.062305,
      "z" : 9.281153
    } ],
    "faces" : [ {
      "vertices" : [ 0, 1, 2 ]
    }, {
      "vertices" : [ 0, 2, 3 ]
    }, {
      "vertices" : [ 0, 3, 2 ]
    }, {
      "vertices" : [ 0, 2, 1 ]
    } ]
  }, {
    "id" : "278dbbab-9d2b-4c10-9166-3b8a98cc736d",
    "vertices" : [ {
      "x" : 80.63119,
      "y" : -29.034441,
      "z" : 42.742645
    }, {
      "x" : 87.48529,
      "y" : -17.944271,
      "z" : 46.978714
    }, {
      "x" : 98.57546,
      "y" : -22.18034,
      "z" : 40.12461
    }, {
      "x" : 91.72136,
      "y" : -33.27051,
      "z" : 35.888542
    } ],
    "faces" : [ {
      "vertices" : [ 0, 1, 2 ]
    }, {
      "vertices" : [ 0, 2, 3 ]
    }, {
      "vertices" : [ 0, 3, 2 ]
    }, {
      "vertices" : [ 0, 2, 1 ]
    } ]
  }, {
    "id" : "18fa410d-7dd4-4f3c-849e-0f631f97964e",
    "vertices" : [ {
      "x" : -20.18034,
      "y" : 62.30495,
      "z" : 11.09017
    }, {
      "x" : -15.944272,
      "y" : 55.45085,
      "z" : 0.0
    }, {
      "x" : -11.708204,
      "y" : 48.59675,
      "z" : 11.09017
    }, {
      "x" : -15.944272,
      "y" : 55.45085,
      "z" : 22.18034
    } ],
    "faces" : [ {
      "vertices" : [ 0, 1, 2 ]
    }, {
      "vertices" : [ 0, 2, 3 ]
    }, {
      "vertices" : [ 0, 3, 2 ]
    }, {
      "vertices" : [ 0, 2, 1 ]
    } ]
  }, {
    "id" : "93d99f9b-edd3-49f7-a0a5-ec3b79a84a58",
    "vertices" : [ {
      "x" : 113.9017,
      "y" : -24.798374,
      "z" : 0.0
    }, {
      "x" : 113.9017,
      "y" : -24.798374,
      "z" : -13.708204
    }, {
      "x" : 107.0476,
      "y" : -35.888542,
      "z" : -17.944271
    }, {
      "x" : 107.0476,
      "y" : -35.888542,
      "z" : -4.236068
    } ],
    "faces" : [ {
      "vertices" : [ 0, 1, 2 ]
    }, {
      "vertices" : [ 0, 2, 3 ]
    }, {
      "vertices" : [ 0, 3, 2 ]
    }, {
      "vertices" : [ 0, 2, 1 ]
    } ]
  }, {
    "id" : "8f360080-fa0c-42b8-aff9-c850c058a05b",
    "vertices" : [ {
      "x" : -89.33939,
      "y" : -5.236068,
      "z" : 40.12461
    }, {
      "x" : -78.24922,
      "y" : -1.0,
      "z" : 33.27051
    }, {
      "x" : -74.01315,
      "y" : -7.854102,
      "z" : 22.18034
    }, {
      "x" : -85.103325,
      "y" : -12.09017,
      "z" : 29.034441
    } ],
    "faces" : [ {
      "vertices" : [ 0, 1, 2 ]
    }, {
      "vertices" : [ 0, 2, 3 ]
    }, {
      "vertices" : [ 0, 3, 2 ]
    }, {
      "vertices" : [ 0, 2, 1 ]
    } ]
  }, {
    "id" : "2b581906-58cd-4aa0-a0cc-0652f756f002",
    "vertices" : [ {
      "x" : -27.034441,
      "y" : -20.562305,
      "z" : -29.034441
    }, {
      "x" : -20.18034,
      "y" : -31.652475,
      "z" : -33.27051
    }, {
      "x" : -9.09017,
      "y" : -27.416409,
      "z" : -26.416409
    }, {
      "x" : -15.944272,
      "y" : -16.326239,
      "z" : -22.18034
    } ],
    "faces" : [ {
      "vertices" : [ 0, 1, 2 ]
    }, {
      "vertices" : [ 0, 2, 3 ]
    }, {
      "vertices" : [ 0, 3, 2 ]
    }, {
      "vertices" : [ 0, 2, 1 ]
    } ]
  }, {
    "id" : "3650d8a0-7005-4cfd-a724-9a1eff246527",
    "vertices" : [ {
      "x" : 91.72136,
      "y" : -46.978714,
      "z" : -13.708204
    }, {
      "x" : 80.63119,
      "y" : -51.214783,
      "z" : -6.854102
    }, {
      "x" : 91.72136,
      "y" : -46.978714,
      "z" : 0.0
    }, {
      "x" : 102.81153,
      "y" : -42.742645,
      "z" : -6.854102
    } ],
    "faces" : [ {
      "vertices" : [ 0, 1, 2 ]
    }, {
      "vertices" : [ 0, 2, 3 ]
    }, {
      "vertices" : [ 0, 3, 2 ]
    }, {
      "vertices" : [ 0, 2, 1 ]
    } ]
  }, {
    "id" : "aab2b3b8-db2e-4e30-b8a8-1538330bb672",
    "vertices" : [ {
      "x" : -93.57546,
      "y" : 18.562305,
      "z" : -15.326238
    }, {
      "x" : -104.665634,
      "y" : 22.798374,
      "z" : -8.472136
    }, {
      "x" : -115.7558,
      "y" : 18.562305,
      "z" : -1.618034
    }, {
      "x" : -104.665634,
      "y" : 14.326238,
      "z" : -8.472136
    } ],
    "faces" : [ {
      "vertices" : [ 0, 1, 2 ]
    }, {
      "vertices" : [ 0, 2, 3 ]
    }, {
      "vertices" : [ 0, 3, 2 ]
    }, {
      "vertices" : [ 0, 2, 1 ]
    } ]
  }, {
    "id" : "ab96f310-4a31-4940-9c1e-c494bf46bee3",
    "vertices" : [ {
      "x" : -4.854102,
      "y" : -6.854102,
      "z" : 6.854102
    }, {
      "x" : 2.0,
      "y" : -17.944271,
      "z" : 2.618034
    }, {
      "x" : 6.236068,
      "y" : -24.798374,
      "z" : 13.708204
    }, {
      "x" : -0.618034,
      "y" : -13.708204,
      "z" : 17.944271
    } ],
    "faces" : [ {
      "vertices" : [ 0, 1, 2 ]
    }, {
      "vertices" : [ 0, 2, 3 ]
    }, {
      "vertices" : [ 0, 3, 2 ]
    }, {
      "vertices" : [ 0, 2, 1 ]
    } ]
  }, {
    "id" : "4432409e-d962-4115-a725-7481967dc485",
    "vertices" : [ {
      "x" : -93.57546,
      "y" : 32.27051,
      "z" : 42.742645
    }, {
      "x" : -100.429565,
      "y" : 21.18034,
      "z" : 46.978714
    }, {
      "x" : -93.57546,
      "y" : 10.09017,
      "z" : 51.214783
    }, {
      "x" : -86.72136,
      "y" : 21.18034,
      "z" : 46.978714
    } ],
    "faces" : [ {
      "vertices" : [ 0, 1, 2 ]
    }, {
      "vertices" : [ 0, 2, 3 ]
    }, {
      "vertices" : [ 0, 3, 2 ]
    }, {
      "vertices" : [ 0, 2, 1 ]
    } ]
  }, {
    "id" : "fdb45f16-1c4c-475f-a881-deed16fe2ea7",
    "vertices" : [ {
      "x" : -86.72136,
      "y" : 7.472136,
      "z" : -11.09017
    }, {
      "x" : -93.57546,
      "y" : -3.618034,
      "z" : -6.854102
    }, {
      "x" : -82.48529,
      "y" : -7.854102,
      "z" : 0.0
    }, {
      "x" : -75.63119,
      "y" : 3.236068,
      "z" : -4.236068
    } ],
    "faces" : [ {
      "vertices" : [ 0, 1, 2 ]
    }, {
      "vertices" : [ 0, 2, 3 ]
    }, {
      "vertices" : [ 0, 3, 2 ]
    }, {
      "vertices" : [ 0, 2, 1 ]
    } ]
  }, {
    "id" : "7910b545-8fc6-42ed-b9a4-2f9d5e7ae858",
    "vertices" : [ {
      "x" : -42.36068,
      "y" : 70.777084,
      "z" : 11.09017
    }, {
      "x" : -31.27051,
      "y" : 66.54102,
      "z" : 4.236068
    }, {
      "x" : -20.18034,
      "y" : 62.30495,
      "z" : 11.09017
    }, {
      "x" : -31.27051,
      "y" : 66.54102,
      "z" : 17.944271
    } ],
    "faces" : [ {
      "vertices" : [ 0, 1, 2 ]
    }, {
      "vertices" : [ 0, 2, 3 ]
    }, {
      "vertices" : [ 0, 3, 2 ]
    }, {
      "vertices" : [ 0, 2, 1 ]
    } ]
  }, {
    "id" : "3a466f16-3f43-4039-b8df-029071fdb360",
    "vertices" : [ {
      "x" : 73.777084,
      "y" : 17.944271,
      "z" : -46.978714
    }, {
      "x" : 87.48529,
      "y" : 17.944271,
      "z" : -46.978714
    }, {
      "x" : 80.63119,
      "y" : 29.034441,
      "z" : -42.742645
    }, {
      "x" : 66.92299,
      "y" : 29.034441,
      "z" : -42.742645
    } ],
    "faces" : [ {
      "vertices" : [ 0, 1, 2 ]
    }, {
      "vertices" : [ 0, 2, 3 ]
    }, {
      "vertices" : [ 0, 3, 2 ]
    }, {
      "vertices" : [ 0, 2, 1 ]
    } ]
  }, {
    "id" : "07c4df09-05d8-4eae-bcad-5ce6de119d24",
    "vertices" : [ {
      "x" : 42.12461,
      "y" : -11.09017,
      "z" : -35.888542
    }, {
      "x" : 48.978714,
      "y" : -22.18034,
      "z" : -40.12461
    }, {
      "x" : 55.832817,
      "y" : -11.09017,
      "z" : -44.36068
    }, {
      "x" : 48.978714,
      "y" : 0.0,
      "z" : -40.12461
    } ],
    "faces" : [ {
      "vertices" : [ 0, 1, 2 ]
    }, {
      "vertices" : [ 0, 2, 3 ]
    }, {
      "vertices" : [ 0, 3, 2 ]
    }, {
      "vertices" : [ 0, 2, 1 ]
    } ]
  }, {
    "id" : "c3825e9e-5efc-485f-8a1b-f8203e2e56be",
    "vertices" : [ {
      "x" : 51.59675,
      "y" : -40.12461,
      "z" : 24.798374
    }, {
      "x" : 44.742645,
      "y" : -29.034441,
      "z" : 29.034441
    }, {
      "x" : 48.978714,
      "y" : -22.18034,
      "z" : 40.12461
    }, {
      "x" : 55.832817,
      "y" : -33.27051,
      "z" : 35.888542
    } ],
    "faces" : [ {
      "vertices" : [ 0, 1, 2 ]
    }, {
      "vertices" : [ 0, 2, 3 ]
    }, {
      "vertices" : [ 0, 3, 2 ]
    }, {
      "vertices" : [ 0, 2, 1 ]
    } ]
  }, {
    "id" : "5b53f98a-3efe-4200-8582-c51f149b4102",
    "vertices" : [ {
      "x" : -27.034441,
      "y" : 59.686916,
      "z" : 29.034441
    }, {
      "x" : -33.888542,
      "y" : 48.59675,
      "z" : 33.27051
    }, {
      "x" : -44.978714,
      "y" : 52.832817,
      "z" : 26.416409
    }, {
      "x" : -38.12461,
      "y" : 63.922985,
      "z" : 22.18034
    } ],
    "faces" : [ {
      "vertices" : [ 0, 1, 2 ]
    }, {
      "vertices" : [ 0, 2, 3 ]
    }, {
      "vertices" : [ 0, 3, 2 ]
    }, {
      "vertices" : [ 0, 2, 1 ]
    } ]
  }, {
    "id" : "bfb4ae31-a6ac-4aed-b95c-e3bd74b36b63",
    "vertices" : [ {
      "x" : -9.09017,
      "y" : -58.068882,
      "z" : 40.12461
    }, {
      "x" : -2.236068,
      "y" : -46.978714,
      "z" : 35.888542
    }, {
      "x" : 8.854102,
      "y" : -42.742645,
      "z" : 29.034441
    }, {
      "x" : 2.0,
      "y" : -53.832817,
      "z" : 33.27051
    } ],
    "faces" : [ {
      "vertices" : [ 0, 1, 2 ]
    }, {
      "vertices" : [ 0, 2, 3 ]
    }, {
      "vertices" : [ 0, 3, 2 ]
    }, {
      "vertices" : [ 0, 2, 1 ]
    } ]
  }, {
    "id" : "a7d0e8ca-f59a-4dfb-b4e2-fa3d87178cbc",
    "vertices" : [ {
      "x" : -9.09017,
      "y" : -49.59675,
      "z" : -26.416409
    }, {
      "x" : -15.944272,
      "y" : -38.506577,
      "z" : -30.652475
    }, {
      "x" : -27.034441,
      "y" : -42.742645,
      "z" : -37.506577
    }, {
      "x" : -20.18034,
      "y" : -53.832817,
      "z" : -33.27051
    } ],
    "faces" : [ {
      "vertices" : [ 0, 1, 2 ]
    }, {
      "vertices" : [ 0, 2, 3 ]
    }, {
      "vertices" : [ 0, 3, 2 ]
    }, {
      "vertices" : [ 0, 2, 1 ]
    } ]
  }, {
    "id" : "1d30614a-26b8-443a-83ed-31e916469c41",
    "vertices" : [ {
      "x" : 44.742645,
      "y" : -42.742645,
      "z" : -6.854102
    }, {
      "x" : 55.832817,
      "y" : -46.978714,
      "z" : -13.708204
    }, {
      "x" : 51.59675,
      "y" : -40.12461,
      "z" : -24.798374
    }, {
      "x" : 40.506577,
      "y" : -35.888542,
      "z" : -17.944271
    } ],
    "faces" : [ {
      "vertices" : [ 0, 1, 2 ]
    }, {
      "vertices" : [ 0, 2, 3 ]
    }, {
      "vertices" : [ 0, 3, 2 ]
    }, {
      "vertices" : [ 0, 2, 1 ]
    } ]
  }, {
    "id" : "f640a7d2-b71c-452f-bc75-73cb2f59944f",
    "vertices" : [ {
      "x" : -42.36068,
      "y" : -9.472136,
      "z" : 24.798374
    }, {
      "x" : -31.27051,
      "y" : -5.236068,
      "z" : 17.944271
    }, {
      "x" : -20.18034,
      "y" : -9.472136,
      "z" : 24.798374
    }, {
      "x" : -31.27051,
      "y" : -13.708204,
      "z" : 31.652475
    } ],
    "faces" : [ {
      "vertices" : [ 0, 1, 2 ]
    }, {
      "vertices" : [ 0, 2, 3 ]
    }, {
      "vertices" : [ 0, 3, 2 ]
    }, {
      "vertices" : [ 0, 2, 1 ]
    } ]
  }, {
    "id" : "75ec2d03-673f-416b-a30a-084efdd2fa40",
    "vertices" : [ {
      "x" : 2.309017,
      "y" : 24.298374,
      "z" : 16.135256
    }, {
      "x" : -4.545085,
      "y" : 13.208204,
      "z" : 11.899187
    }, {
      "x" : -8.781153,
      "y" : 20.062305,
      "z" : 0.809017
    }, {
      "x" : -1.927051,
      "y" : 31.152475,
      "z" : 5.045085
    } ],
    "faces" : [ {
      "vertices" : [ 0, 1, 2 ]
    }, {
      "vertices" : [ 0, 2, 3 ]
    }, {
      "vertices" : [ 0, 3, 2 ]
    }, {
      "vertices" : [ 0, 2, 1 ]
    } ]
  }, {
    "id" : "315051c9-0640-48b6-82e4-8114315538f9",
    "vertices" : [ {
      "x" : 44.742645,
      "y" : -42.742645,
      "z" : 6.854102
    }, {
      "x" : 55.832817,
      "y" : -46.978714,
      "z" : 13.708204
    }, {
      "x" : 66.92299,
      "y" : -51.214783,
      "z" : 6.854102
    }, {
      "x" : 55.832817,
      "y" : -46.978714,
      "z" : 0.0
    } ],
    "faces" : [ {
      "vertices" : [ 0, 1, 2 ]
    }, {
      "vertices" : [ 0, 2, 3 ]
    }, {
      "vertices" : [ 0, 3, 2 ]
    }, {
      "vertices" : [ 0, 2, 1 ]
    } ]
  }, {
    "id" : "c9086576-887e-4581-9487-48a7d1273374",
    "vertices" : [ {
      "x" : -89.33939,
      "y" : -18.944271,
      "z" : 17.944271
    }, {
      "x" : -100.429565,
      "y" : -14.708204,
      "z" : 11.09017
    }, {
      "x" : -111.51973,
      "y" : -10.472136,
      "z" : 17.944271
    }, {
      "x" : -100.429565,
      "y" : -14.708204,
      "z" : 24.798374
    } ],
    "faces" : [ {
      "vertices" : [ 0, 1, 2 ]
    }, {
      "vertices" : [ 0, 2, 3 ]
    }, {
      "vertices" : [ 0, 3, 2 ]
    }, {
      "vertices" : [ 0, 2, 1 ]
    } ]
  }, {
    "id" : "fff38a0a-9fd2-47d8-8b70-f914d8fdec66",
    "vertices" : [ {
      "x" : -15.944272,
      "y" : -16.326239,
      "z" : 35.888542
    }, {
      "x" : -11.708204,
      "y" : -9.472136,
      "z" : 24.798374
    }, {
      "x" : -4.854102,
      "y" : -20.562305,
      "z" : 29.034441
    }, {
      "x" : -9.09017,
      "y" : -27.416409,
      "z" : 40.12461
    } ],
    "faces" : [ {
      "vertices" : [ 0, 1, 2 ]
    }, {
      "vertices" : [ 0, 2, 3 ]
    }, {
      "vertices" : [ 0, 3, 2 ]
    }, {
      "vertices" : [ 0, 2, 1 ]
    } ]
  }, {
    "id" : "2a67da3f-4741-471b-aa0b-85db90d754d9",
    "vertices" : [ {
      "x" : -115.7558,
      "y" : 18.562305,
      "z" : -1.618034
    }, {
      "x" : -122.6099,
      "y" : 7.472136,
      "z" : 2.618034
    }, {
      "x" : -111.51973,
      "y" : 3.236068,
      "z" : -4.236068
    }, {
      "x" : -104.665634,
      "y" : 14.326238,
      "z" : -8.472136
    } ],
    "faces" : [ {
      "vertices" : [ 0, 1, 2 ]
    }, {
      "vertices" : [ 0, 2, 3 ]
    }, {
      "vertices" : [ 0, 3, 2 ]
    }, {
      "vertices" : [ 0, 2, 1 ]
    } ]
  }, {
    "id" : "10730374-5444-4939-9b7b-a75ca53fe548",
    "vertices" : [ {
      "x" : 87.48529,
      "y" : 17.944271,
      "z" : 46.978714
    }, {
      "x" : 98.57546,
      "y" : 22.18034,
      "z" : 40.12461
    }, {
      "x" : 109.665634,
      "y" : 17.944271,
      "z" : 33.27051
    }, {
      "x" : 98.57546,
      "y" : 13.708204,
      "z" : 40.12461
    } ],
    "faces" : [ {
      "vertices" : [ 0, 1, 2 ]
    }, {
      "vertices" : [ 0, 2, 3 ]
    }, {
      "vertices" : [ 0, 3, 2 ]
    }, {
      "vertices" : [ 0, 2, 1 ]
    } ]
  }, {
    "id" : "159a2072-2e1e-4256-bff6-4866ba9e8def",
    "vertices" : [ {
      "x" : 95.95743,
      "y" : 40.12461,
      "z" : 24.798374
    }, {
      "x" : 107.0476,
      "y" : 35.888542,
      "z" : 17.944271
    }, {
      "x" : 113.9017,
      "y" : 24.798374,
      "z" : 22.18034
    }, {
      "x" : 102.81153,
      "y" : 29.034441,
      "z" : 29.034441
    } ],
    "faces" : [ {
      "vertices" : [ 0, 1, 2 ]
    }, {
      "vertices" : [ 0, 2, 3 ]
    }, {
      "vertices" : [ 0, 3, 2 ]
    }, {
      "vertices" : [ 0, 2, 1 ]
    } ]
  }, {
    "id" : "dc730340-76a8-4148-ba1f-8e1c95f2dfe3",
    "vertices" : [ {
      "x" : 80.63119,
      "y" : -6.854102,
      "z" : -51.214783
    }, {
      "x" : 87.48529,
      "y" : -17.944271,
      "z" : -46.978714
    }, {
      "x" : 87.48529,
      "y" : -4.236068,
      "z" : -46.978714
    }, {
      "x" : 80.63119,
      "y" : 6.854102,
      "z" : -51.214783
    } ],
    "faces" : [ {
      "vertices" : [ 0, 1, 2 ]
    }, {
      "vertices" : [ 0, 2, 3 ]
    }, {
      "vertices" : [ 0, 3, 2 ]
    }, {
      "vertices" : [ 0, 2, 1 ]
    } ]
  }, {
    "id" : "e1683894-9dd9-401a-88c2-6903f8d6ba39",
    "vertices" : [ {
      "x" : -27.034441,
      "y" : -42.742645,
      "z" : 51.214783
    }, {
      "x" : -38.12461,
      "y" : -38.506577,
      "z" : 44.36068
    }, {
      "x" : -44.978714,
      "y" : -27.416409,
      "z" : 40.12461
    }, {
      "x" : -33.888542,
      "y" : -31.652475,
      "z" : 46.978714
    } ],
    "faces" : [ {
      "vertices" : [ 0, 1, 2 ]
    }, {
      "vertices" : [ 0, 2, 3 ]
    }, {
      "vertices" : [ 0, 3, 2 ]
    }, {
      "vertices" : [ 0, 2, 1 ]
    } ]
  }, {
    "id" : "55b8ea65-884f-493b-a3a0-e45ff0e477f1",
    "vertices" : [ {
      "x" : -4.854102,
      "y" : -78.63119,
      "z" : 6.854102
    }, {
      "x" : -15.944272,
      "y" : -82.867256,
      "z" : 13.708204
    }, {
      "x" : -11.708204,
      "y" : -76.01315,
      "z" : 24.798374
    }, {
      "x" : -0.618034,
      "y" : -71.777084,
      "z" : 17.944271
    } ],
    "faces" : [ {
      "vertices" : [ 0, 1, 2 ]
    }, {
      "vertices" : [ 0, 2, 3 ]
    }, {
      "vertices" : [ 0, 3, 2 ]
    }, {
      "vertices" : [ 0, 2, 1 ]
    } ]
  }, {
    "id" : "1448b0eb-a5ee-4f9e-bebb-ac26907e5a09",
    "vertices" : [ {
      "x" : 66.92299,
      "y" : 51.214783,
      "z" : 6.854102
    }, {
      "x" : 78.01315,
      "y" : 46.978714,
      "z" : 13.708204
    }, {
      "x" : 73.777084,
      "y" : 40.12461,
      "z" : 24.798374
    }, {
      "x" : 62.686916,
      "y" : 44.36068,
      "z" : 17.944271
    } ],
    "faces" : [ {
      "vertices" : [ 0, 1, 2 ]
    }, {
      "vertices" : [ 0, 2, 3 ]
    }, {
      "vertices" : [ 0, 3, 2 ]
    }, {
      "vertices" : [ 0, 2, 1 ]
    } ]
  }, {
    "id" : "20451483-a4de-4b7a-8990-9b45ebd223a6",
    "vertices" : [ {
      "x" : -118.37383,
      "y" : 0.618034,
      "z" : 13.708204
    }, {
      "x" : -122.6099,
      "y" : 7.472136,
      "z" : 2.618034
    }, {
      "x" : -126.84597,
      "y" : 14.326238,
      "z" : 13.708204
    }, {
      "x" : -122.6099,
      "y" : 7.472136,
      "z" : 24.798374
    } ],
    "faces" : [ {
      "vertices" : [ 0, 1, 2 ]
    }, {
      "vertices" : [ 0, 2, 3 ]
    }, {
      "vertices" : [ 0, 3, 2 ]
    }, {
      "vertices" : [ 0, 2, 1 ]
    } ]
  }, {
    "id" : "e619df4a-92bc-47c7-8c59-64948455e260",
    "vertices" : [ {
      "x" : 48.978714,
      "y" : 0.0,
      "z" : 40.12461
    }, {
      "x" : 42.12461,
      "y" : 11.09017,
      "z" : 35.888542
    }, {
      "x" : 48.978714,
      "y" : 22.18034,
      "z" : 40.12461
    }, {
      "x" : 55.832817,
      "y" : 11.09017,
      "z" : 44.36068
    } ],
    "faces" : [ {
      "vertices" : [ 0, 1, 2 ]
    }, {
      "vertices" : [ 0, 2, 3 ]
    }, {
      "vertices" : [ 0, 3, 2 ]
    }, {
      "vertices" : [ 0, 2, 1 ]
    } ]
  }, {
    "id" : "8eef1493-fe00-467b-b632-c9c5334bf30a",
    "vertices" : [ {
      "x" : -100.429565,
      "y" : -14.708204,
      "z" : 11.09017
    }, {
      "x" : -89.33939,
      "y" : -18.944271,
      "z" : 17.944271
    }, {
      "x" : -93.57546,
      "y" : -12.09017,
      "z" : 6.854102
    }, {
      "x" : -104.665634,
      "y" : -7.854102,
      "z" : 0.0
    } ],
    "faces" : [ {
