{
  "field" : "golden",
  "symmetry" : "icosahedral",
  "orientations" : [ [ 1.0, 0.0, 0.0, 0.0, 0.0, 1.0, 0.0, 0.0, 0.0, 0.0, 1.0, 0.0, 0.0, 0.0, 0.0, 1.0 ], [ 0.0, 0.0, 1.0, 0.0, 1.0, 0.0, 0.0, 0.0, 0.0, 1.0, 0.0, 0.0, 0.0, 0.0, 0.0, 1.0 ], [ 0.0, 1.0, 0.0, 0.0, 0.0, 0.0, 1.0, 0.0, 1.0, 0.0, 0.0, 0.0, 0.0, 0.0, 0.0, 1.0 ], [ 0.809017, 0.309017, 0.5, 0.0, 0.309017, 0.5, -0.809017, 0.0, -0.5, 0.809017, 0.309017, 0.0, 0.0, 0.0, 0.0, 1.0 ], [ -0.5, 0.809017, 0.309017, 0.0, 0.809017, 0.309017, 0.5, 0.0, 0.309017, 0.5, -0.809017, 0.0, 0.0, 0.0, 0.0, 1.0 ], [ 0.309017, 0.5, -0.809017, 0.0, -0.5, 0.809017, 0.309017, 0.0, 0.809017, 0.309017, 0.5, 0.0, 0.0, 0.0, 0.0, 1.0 ], [ 0.5, 0.809017, 0.309017, 0.0, 0.809017, -0.309017, -0.5, 0.0, -0.309017, 0.5, -0.809017, 0.0, 0.0, 0.0, 0.0, 1.0 ], [ -0.309017, 0.5, -0.809017, 0.0, 0.5, 0.809017, 0.309017, 0.0, 0.809017, -0.309017, -0.5, 0.0, 0.0, 0.0, 0.0, 1.0 ], [ 0.809017, -0.309017, -0.5, 0.0, -0.309017, 0.5, -0.809017, 0.0, 0.5, 0.809017, 0.309017, 0.0, 0.0, 0.0, 0.0, 1.0 ], [ 0.5, 0.809017, -0.309017, 0.0, 0.809017, -0.309017, 0.5, 0.0, 0.309017, -0.5, -0.809017, 0.0, 0.0, 0.0, 0.0, 1.0 ], [ 0.309017, -0.5, -0.809017, 0.0, 0.5, 0.809017, -0.309017, 0.0, 0.809017, -0.309017, 0.5, 0.0, 0.0, 0.0, 0.0, 1.0 ], [ 0.809017, -0.309017, 0.5, 0.0, 0.309017, -0.5, -0.809017, 0.0, 0.5, 0.809017, -0.309017, 0.0, 0.0, 0.0, 0.0, 1.0 ], [ 0.809017, 0.309017, -0.5, 0.0, 0.309017, 0.5, 0.809017, 0.0, 0.5, -0.809017, 0.309017, 0.0, 0.0, 0.0, 0.0, 1.0 ], [ 0.5, -0.809017, 0.309017, 0.0, 0.809017, 0.309017, -0.5, 0.0, 0.309017, 0.5, 0.809017, 0.0, 0.0, 0.0, 0.0, 1.0 ], [ 0.309017, 0.5, 0.809017, 0.0, 0.5, -0.809017, 0.309017, 0.0, 0.809017, 0.309017, -0.5, 0.0, 0.0, 0.0, 0.0, 1.0 ], [ 1.0, 0.0, 0.0, 0.0, 0.0, -1.0, 0.0, 0.0, 0.0, 0.0, -1.0, 0.0, 0.0, 0.0, 0.0, 1.0 ], [ 0.0, 0.0, 1.0, 0.0, -1.0, 0.0, 0.0, 0.0, 0.0, -1.0, 0.0, 0.0, 0.0, 0.0, 0.0, 1.0 ], [ 0.0, 1.0, 0.0, 0.0, 0.0, 0.0, -1.0, 0.0, -1.0, 0.0, 0.0, 0.0, 0.0, 0.0, 0.0, 1.0 ], [ 0.809017, 0.309017, 0.5, 0.0, -0.309017, -0.5, 0.809017, 0.0, 0.5, -0.809017, -0.309017, 0.0, 0.0, 0.0, 0.0, 1.0 ], [ -0.5, 0.809017, 0.309017, 0.0, -0.809017, -0.309017, -0.5, 0.0, -0.309017, -0.5, 0.809017, 0.0, 0.0, 0.0, 0.0, 1.0 ], [ 0.309017, 0.5, -0.809017, 0.0, 0.5, -0.809017, -0.309017, 0.0, -0.809017, -0.309017, -0.5, 0.0, 0.0, 0.0, 0.0, 1.0 ], [ 0.5, 0.809017, 0.309017, 0.0, -0.809017, 0.309017, 0.5, 0.0, 0.309017, -0.5, 0.809017, 0.0, 0.0, 0.0, 0.0, 1.0 ], [ -0.309017, 0.5, -0.809017, 0.0, -0.5, -0.809017, -0.309017, 0.0, -0.809017, 0.309017, 0.5, 0.0, 0.0, 0.0, 0.0, 1.0 ], [ 0.809017, -0.309017, -0.5, 0.0, 0.309017, -0.5, 0.809017, 0.0, -0.5, -0.809017, -0.309017, 0.0, 0.0, 0.0, 0.0, 1.0 ], [ 0.5, 0.809017, -0.309017, 0.0, -0.809017, 0.309017, -0.5, 0.0, -0.309017, 0.5, 0.809017, 0.0, 0.0, 0.0, 0.0, 1.0 ], [ 0.309017, -0.5, -0.809017, 0.0, -0.5, -0.809017, 0.309017, 0.0, -0.809017, 0.309017, -0.5, 0.0, 0.0, 0.0, 0.0, 1.0 ], [ 0.809017, -0.309017, 0.5, 0.0, -0.309017, 0.5, 0.809017, 0.0, -0.5, -0.809017, 0.309017, 0.0, 0.0, 0.0, 0.0, 1.0 ], [ 0.809017, 0.309017, -0.5, 0.0, -0.309017, -0.5, -0.809017, 0.0, -0.5, 0.809017, -0.309017, 0.0, 0.0, 0.0, 0.0, 1.0 ], [ 0.5, -0.809017, 0.309017, 0.0, -0.809017, -0.309017, 0.5, 0.0, -0.309017, -0.5, -0.809017, 0.0, 0.0, 0.0, 0.0, 1.0 ], [ 0.309017, 0.5, 0.809017, 0.0, -0.5, 0.809017, -0.309017, 0.0, -0.809017, -0.309017, 0.5, 0.0, 0.0, 0.0, 0.0, 1.0 ], [ -1.0, 0.0, 0.0, 0.0, 0.0, -1.0, 0.0, 0.0, 0.0, 0.0, 1.0, 0.0, 0.0, 0.0, 0.0, 1.0 ], [ 0.0, 0.0, -1.0, 0.0, -1.0, 0.0, 0.0, 0.0, 0.0, 1.0, 0.0, 0.0, 0.0, 0.0, 0.0, 1.0 ], [ 0.0, -1.0, 0.0, 0.0, 0.0, 0.0, -1.0, 0.0, 1.0, 0.0, 0.0, 0.0, 0.0, 0.0, 0.0, 1.0 ], [ -0.809017, -0.309017, -0.5, 0.0, -0.309017, -0.5, 0.809017, 0.0, -0.5, 0.809017, 0.309017, 0.0, 0.0, 0.0, 0.0, 1.0 ], [ 0.5, -0.809017, -0.309017, 0.0, -0.809017, -0.309017, -0.5, 0.0, 0.309017, 0.5, -0.809017, 0.0, 0.0, 0.0, 0.0, 1.0 ], [ -0.309017, -0.5, 0.809017, 0.0, 0.5, -0.809017, -0.309017, 0.0, 0.809017, 0.309017, 0.5, 0.0, 0.0, 0.0, 0.0, 1.0 ], [ -0.5, -0.809017, -0.309017, 0.0, -0.809017, 0.309017, 0.5, 0.0, -0.309017, 0.5, -0.809017, 0.0, 0.0, 0.0, 0.0, 1.0 ], [ 0.309017, -0.5, 0.809017, 0.0, -0.5, -0.809017, -0.309017, 0.0, 0.809017, -0.309017, -0.5, 0.0, 0.0, 0.0, 0.0, 1.0 ], [ -0.809017, 0.309017, 0.5, 0.0, 0.309017, -0.5, 0.809017, 0.0, 0.5, 0.809017, 0.309017, 0.0, 0.0, 0.0, 0.0, 1.0 ], [ -0.5, -0.809017, 0.309017, 0.0, -0.809017, 0.309017, -0.5, 0.0, 0.309017, -0.5, -0.809017, 0.0, 0.0, 0.0, 0.0, 1.0 ], [ -0.309017, 0.5, 0.809017, 0.0, -0.5, -0.809017, 0.309017, 0.0, 0.809017, -0.309017, 0.5, 0.0, 0.0, 0.0, 0.0, 1.0 ], [ -0.809017, 0.309017, -0.5, 0.0, -0.309017, 0.5, 0.809017, 0.0, 0.5, 0.809017, -0.309017, 0.0, 0.0, 0.0, 0.0, 1.0 ], [ -0.809017, -0.309017, 0.5, 0.0, -0.309017, -0.5, -0.809017, 0.0, 0.5, -0.809017, 0.309017, 0.0, 0.0, 0.0, 0.0, 1.0 ], [ -0.5, 0.809017, -0.309017, 0.0, -0.809017, -0.309017, 0.5, 0.0, 0.309017, 0.5, 0.809017, 0.0, 0.0, 0.0, 0.0, 1.0 ], [ -0.309017, -0.5, -0.809017, 0.0, -0.5, 0.809017, -0.309017, 0.0, 0.809017, 0.309017, -0.5, 0.0, 0.0, 0.0, 0.0, 1.0 ], [ -1.0, 0.0, 0.0, 0.0, 0.0, 1.0, 0.0, 0.0, 0.0, 0.0, -1.0, 0.0, 0.0, 0.0, 0.0, 1.0 ], [ 0.0, 0.0, -1.0, 0.0, 1.0, 0.0, 0.0, 0.0, 0.0, -1.0, 0.0, 0.0, 0.0, 0.0, 0.0, 1.0 ], [ 0.0, -1.0, 0.0, 0.0, 0.0, 0.0, 1.0, 0.0, -1.0, 0.0, 0.0, 0.0, 0.0, 0.0, 0.0, 1.0 ], [ -0.809017, -0.309017, -0.5, 0.0, 0.309017, 0.5, -0.809017, 0.0, 0.5, -0.809017, -0.309017, 0.0, 0.0, 0.0, 0.0, 1.0 ], [ 0.5, -0.809017, -0.309017, 0.0, 0.809017, 0.309017, 0.5, 0.0, -0.309017, -0.5, 0.809017, 0.0, 0.0, 0.0, 0.0, 1.0 ], [ -0.309017, -0.5, 0.809017, 0.0, -0.5, 0.809017, 0.309017, 0.0, -0.809017, -0.309017, -0.5, 0.0, 0.0, 0.0, 0.0, 1.0 ], [ -0.5, -0.809017, -0.309017, 0.0, 0.809017, -0.309017, -0.5, 0.0, 0.309017, -0.5, 0.809017, 0.0, 0.0, 0.0, 0.0, 1.0 ], [ 0.309017, -0.5, 0.809017, 0.0, 0.5, 0.809017, 0.309017, 0.0, -0.809017, 0.309017, 0.5, 0.0, 0.0, 0.0, 0.0, 1.0 ], [ -0.809017, 0.309017, 0.5, 0.0, -0.309017, 0.5, -0.809017, 0.0, -0.5, -0.809017, -0.309017, 0.0, 0.0, 0.0, 0.0, 1.0 ], [ -0.5, -0.809017, 0.309017, 0.0, 0.809017, -0.309017, 0.5, 0.0, -0.309017, 0.5, 0.809017, 0.0, 0.0, 0.0, 0.0, 1.0 ], [ -0.309017, 0.5, 0.809017, 0.0, 0.5, 0.809017, -0.309017, 0.0, -0.809017, 0.309017, -0.5, 0.0, 0.0, 0.0, 0.0, 1.0 ], [ -0.809017, 0.309017, -0.5, 0.0, 0.309017, -0.5, -0.809017, 0.0, -0.5, -0.809017, 0.309017, 0.0, 0.0, 0.0, 0.0, 1.0 ], [ -0.809017, -0.309017, 0.5, 0.0, 0.309017, 0.5, 0.809017, 0.0, -0.5, 0.809017, -0.309017, 0.0, 0.0, 0.0, 0.0, 1.0 ], [ -0.5, 0.809017, -0.309017, 0.0, 0.809017, 0.309017, -0.5, 0.0, -0.309017, -0.5, -0.809017, 0.0, 0.0, 0.0, 0.0, 1.0 ], [ -0.309017, -0.5, -0.809017, 0.0, 0.5, -0.809017, 0.309017, 0.0, -0.809017, -0.309017, 0.5, 0.0, 0.0, 0.0, 0.0, 1.0 ] ],
  "lights" : {
    "ambientColor" : "#292929",
    "backgroundColor" : "#AFC8DC",
    "directionalLights" : [ {
      "direction" : {
        "x" : 1.0,
        "y" : -1.0,
        "z" : -1.0
      },
      "color" : "#EBEBE4"
    }, {
      "direction" : {
        "x" : -1.0,
        "y" : 0.0,
        "z" : 0.0
      },
      "color" : "#E4E4EB"
    }, {
      "direction" : {
        "x" : 0.0,
        "y" : 0.0,
        "z" : -1.0
      },
      "color" : "#1E1E1E"
    } ]
  },
  "camera" : {
    "width" : 45.167397,
    "stereo" : false,
    "viewDistance" : 100.37162,
    "nearClipDistance" : 0.2509292,
    "farClipDistance" : 200.7437,
    "lookAtPoint" : {
      "x" : 0.0,
      "y" : 0.0,
      "z" : 0.0
    },
    "fieldOfView" : 0.44263047,
    "perspective" : false,
    "lookDirection" : {
      "x" : -0.309017,
      "y" : -0.5,
      "z" : -0.809017
    },
    "upDirection" : {
      "x" : 0.49999997,
      "y" : -0.809017,
      "z" : 0.309017
    },
    "position" : {
      "x" : 31.016537,
      "y" : 50.18581,
      "z" : 81.20235
    }
  },
  "embedding" : [ 1.0, 0.0, 0.0, 0.0, 0.0, 1.0, 0.0, 0.0, 0.0, 0.0, 1.0, 0.0, 0.0, 0.0, 0.0, 1.0 ],
  "shapes" : [ {
    "id" : "f65e8f80-a72e-4f55-8330-c88f090a3bfc",
    "vertices" : [ {
      "x" : 6.972136,
      "y" : 1.5,
      "z" : -0.5
    }, {
      "x" : 1.190983,
      "y" : 0.0,
      "z" : 0.072949015
    }, {
      "x" : 1.190983,
      "y" : 0.0,
      "z" : -0.309017
    }, {
      "x" : 6.972136,
      "y" : 1.5,
      "z" : -0.881966
    }, {
      "x" : 7.708204,
      "y" : 2.0,
      "z" : -0.76393205
    }, {
      "x" : 1.190983,
      "y" : 0.618034,
      "z" : -0.309017
    }, {
      "x" : 6.972136,
      "y" : 2.118034,
      "z" : -0.881966
    }, {
      "x" : 6.972136,
      "y" : 2.118034,
      "z" : -0.5
    }, {
      "x" : 1.190983,
      "y" : 0.618034,
      "z" : 0.072949015
    }, {
      "x" : 0.45491502,
      "y" : 0.11803399,
      "z" : -0.045084972
    }, {
      "x" : 8.163119,
      "y" : 2.118034,
      "z" : -0.809017
    } ],
    "faces" : [ {
      "vertices" : [ 2, 5, 6 ]
    }, {
      "vertices" : [ 2, 6, 3 ]
    }, {
      "vertices" : [ 0, 7, 8 ]
    }, {
      "vertices" : [ 0, 8, 1 ]
    }, {
      "vertices" : [ 2, 9, 5 ]
    }, {
      "vertices" : [ 4, 6, 7 ]
    }, {
      "vertices" : [ 1, 8, 9 ]
    }, {
      "vertices" : [ 0, 1, 2 ]
    }, {
      "vertices" : [ 0, 2, 3 ]
    }, {
      "vertices" : [ 5, 9, 8 ]
    }, {
      "vertices" : [ 0, 3, 4 ]
    }, {
      "vertices" : [ 5, 8, 7 ]
    }, {
      "vertices" : [ 5, 7, 6 ]
    }, {
      "vertices" : [ 0, 4, 7 ]
    }, {
      "vertices" : [ 1, 9, 2 ]
    }, {
      "vertices" : [ 3, 6, 4 ]
    } ]
  }, {
    "id" : "3095df33-b126-4712-ba7c-fd029525132c",
    "vertices" : [ {
      "x" : 0.9045085,
      "y" : 0.3454915,
      "z" : 0.25
    }, {
      "x" : 6.1405764,
      "y" : 3.5815594,
      "z" : 0.25
    }, {
      "x" : 5.9495935,
      "y" : 3.8905764,
      "z" : 0.25
    }, {
      "x" : 0.7135255,
      "y" : 0.6545085,
      "z" : 0.25
    }, {
      "x" : 0.809017,
      "y" : 0.5,
      "z" : -0.309017
    }, {
      "x" : 0.9635255,
      "y" : 0.25,
      "z" : -0.095491506
    }, {
      "x" : 0.309017,
      "y" : 0.19098301,
      "z" : 0.0
    }, {
      "x" : 6.545085,
      "y" : 4.045085,
      "z" : 0.0
    }, {
      "x" : 5.8905764,
      "y" : 3.986068,
      "z" : -0.095491506
    }, {
      "x" : 6.045085,
      "y" : 3.736068,
      "z" : -0.309017
    }, {
      "x" : 6.854102,
      "y" : 4.236068,
      "z" : 0.0
    }, {
      "x" : 0.6545085,
      "y" : 0.75,
      "z" : -0.095491506
    }, {
      "x" : 6.1995935,
      "y" : 3.486068,
      "z" : -0.095491506
    } ],
    "faces" : [ {
      "vertices" : [ 4, 11, 8 ]
    }, {
      "vertices" : [ 4, 8, 9 ]
    }, {
      "vertices" : [ 0, 1, 2 ]
    }, {
      "vertices" : [ 0, 2, 3 ]
    }, {
      "vertices" : [ 0, 3, 6 ]
    }, {
      "vertices" : [ 1, 7, 2 ]
    }, {
      "vertices" : [ 0, 6, 5 ]
    }, {
      "vertices" : [ 4, 5, 6 ]
    }, {
      "vertices" : [ 2, 7, 8 ]
    }, {
      "vertices" : [ 0, 5, 12 ]
    }, {
      "vertices" : [ 0, 12, 1 ]
    }, {
      "vertices" : [ 1, 12, 7 ]
    }, {
      "vertices" : [ 3, 11, 6 ]
    }, {
      "vertices" : [ 4, 6, 11 ]
    }, {
      "vertices" : [ 7, 9, 8 ]
    }, {
      "vertices" : [ 2, 8, 11 ]
    }, {
      "vertices" : [ 2, 11, 3 ]
    }, {
      "vertices" : [ 7, 12, 9 ]
    }, {
      "vertices" : [ 4, 9, 12 ]
    }, {
      "vertices" : [ 4, 12, 5 ]
    } ]
  }, {
    "id" : "00cc4c5c-20d1-4ead-8d4f-379b0b2f621b",
    "vertices" : [ {
      "x" : 6.9495935,
      "y" : 1.1545085,
      "z" : -1.559017
    }, {
      "x" : 7.3176274,
      "y" : 1.25,
      "z" : -2.0225425
    }, {
      "x" : 1.0954915,
      "y" : 0.1545085,
      "z" : 0.059016995
    }, {
      "x" : 6.7586102,
      "y" : 1.4635255,
      "z" : -2.059017
    }, {
      "x" : 0.9045085,
      "y" : 0.4635255,
      "z" : -0.440983
    }, {
      "x" : 6.7586102,
      "y" : 0.8454915,
      "z" : -1.677051
    }, {
      "x" : 0.9045085,
      "y" : -0.1545085,
      "z" : -0.059016995
    }, {
      "x" : 6.5676274,
      "y" : 1.1545085,
      "z" : -2.177051
    }, {
      "x" : 7.663119,
      "y" : 1.309017,
      "z" : -2.118034
    }, {
      "x" : 0.3454915,
      "y" : 0.059016995,
      "z" : -0.095491506
    }, {
      "x" : 0.7135255,
      "y" : 0.1545085,
      "z" : -0.559017
    } ],
    "faces" : [ {
      "vertices" : [ 2, 9, 6 ]
    }, {
      "vertices" : [ 0, 1, 3 ]
    }, {
      "vertices" : [ 0, 5, 1 ]
    }, {
      "vertices" : [ 4, 10, 9 ]
    }, {
      "vertices" : [ 3, 7, 10 ]
    }, {
      "vertices" : [ 3, 10, 4 ]
    }, {
      "vertices" : [ 0, 3, 4 ]
    }, {
      "vertices" : [ 0, 4, 2 ]
    }, {
      "vertices" : [ 6, 9, 10 ]
    }, {
      "vertices" : [ 1, 7, 3 ]
    }, {
      "vertices" : [ 5, 6, 10 ]
    }, {
      "vertices" : [ 5, 10, 7 ]
    }, {
      "vertices" : [ 0, 2, 6 ]
    }, {
      "vertices" : [ 0, 6, 5 ]
    }, {
      "vertices" : [ 1, 5, 7 ]
    }, {
      "vertices" : [ 2, 4, 9 ]
    } ]
  }, {
    "id" : "89fb1cd0-b7dc-41dc-9edc-80662d6d2bd7",
    "vertices" : [ {
      "x" : 0.309017,
      "y" : -0.309017,
      "z" : -0.309017
    }, {
      "x" : 0.5,
      "y" : 0.0,
      "z" : -0.19098301
    }, {
      "x" : 0.5,
      "y" : 0.0,
      "z" : 0.19098301
    }, {
      "x" : 0.309017,
      "y" : -0.309017,
      "z" : 0.309017
    }, {
      "x" : 0.19098301,
      "y" : -0.5,
      "z" : 0.0
    }, {
      "x" : 0.0,
      "y" : 0.19098301,
      "z" : 0.5
    }, {
      "x" : 0.0,
      "y" : -0.19098301,
      "z" : 0.5
    }, {
      "x" : 0.309017,
      "y" : 0.309017,
      "z" : 0.309017
    }, {
      "x" : -0.309017,
      "y" : -0.309017,
      "z" : 0.309017
    }, {
      "x" : -0.309017,
      "y" : 0.309017,
      "z" : 0.309017
    }, {
      "x" : -0.5,
      "y" : 0.0,
      "z" : 0.19098301
    }, {
      "x" : 0.0,
      "y" : -0.19098301,
      "z" : -0.5
    }, {
      "x" : 0.0,
      "y" : 0.19098301,
      "z" : -0.5
    }, {
      "x" : 0.309017,
      "y" : 0.309017,
      "z" : -0.309017
    }, {
      "x" : -0.309017,
      "y" : -0.309017,
      "z" : -0.309017
    }, {
      "x" : -0.19098301,
      "y" : -0.5,
      "z" : 0.0
    }, {
      "x" : -0.5,
      "y" : 0.0,
      "z" : -0.19098301
    }, {
      "x" : 0.19098301,
      "y" : 0.5,
      "z" : 0.0
    }, {
      "x" : -0.309017,
      "y" : 0.309017,
      "z" : -0.309017
    }, {
      "x" : 0.0,
      "y" : 0.0,
      "z" : 0.0
    }, {
      "x" : -0.19098301,
      "y" : 0.5,
      "z" : 0.0
    } ],
    "faces" : [ {
      "vertices" : [ 12, 18, 20 ]
    }, {
      "vertices" : [ 12, 20, 17 ]
    }, {
      "vertices" : [ 12, 17, 13 ]
    }, {
      "vertices" : [ 3, 6, 8 ]
    }, {
      "vertices" : [ 3, 8, 15 ]
    }, {
      "vertices" : [ 3, 15, 4 ]
    }, {
      "vertices" : [ 0, 11, 12 ]
    }, {
      "vertices" : [ 0, 12, 13 ]
    }, {
      "vertices" : [ 0, 13, 1 ]
    }, {
      "vertices" : [ 5, 9, 10 ]
    }, {
      "vertices" : [ 5, 10, 8 ]
    }, {
      "vertices" : [ 5, 8, 6 ]
    }, {
      "vertices" : [ 2, 7, 5 ]
    }, {
      "vertices" : [ 2, 5, 6 ]
    }, {
      "vertices" : [ 2, 6, 3 ]
    }, {
      "vertices" : [ 11, 14, 16 ]
    }, {
      "vertices" : [ 11, 16, 18 ]
    }, {
      "vertices" : [ 11, 18, 12 ]
    }, {
      "vertices" : [ 1, 13, 17 ]
    }, {
      "vertices" : [ 1, 17, 7 ]
    }, {
      "vertices" : [ 1, 7, 2 ]
    }, {
      "vertices" : [ 9, 20, 18 ]
    }, {
      "vertices" : [ 9, 18, 16 ]
    }, {
      "vertices" : [ 9, 16, 10 ]
    }, {
      "vertices" : [ 0, 1, 2 ]
    }, {
      "vertices" : [ 0, 2, 3 ]
    }, {
      "vertices" : [ 0, 3, 4 ]
    }, {
      "vertices" : [ 5, 7, 17 ]
    }, {
      "vertices" : [ 5, 17, 20 ]
    }, {
      "vertices" : [ 5, 20, 9 ]
    }, {
      "vertices" : [ 0, 4, 15 ]
    }, {
      "vertices" : [ 0, 15, 14 ]
    }, {
      "vertices" : [ 0, 14, 11 ]
    }, {
      "vertices" : [ 8, 10, 16 ]
    }, {
      "vertices" : [ 8, 16, 14 ]
    }, {
      "vertices" : [ 8, 14, 15 ]
    } ]
  }, {
    "id" : "8ed6cd70-2ca5-4c80-b7d9-adba7e8110a7",
    "vertices" : [ {
      "x" : 1.0,
      "y" : 0.309017,
      "z" : 0.19098301
    }, {
      "x" : 1.0,
      "y" : -0.309017,
      "z" : 0.19098301
    }, {
      "x" : 7.472136,
      "y" : -0.309017,
      "z" : 0.19098301
    }, {
      "x" : 7.472136,
      "y" : 0.309017,
      "z" : 0.19098301
    }, {
      "x" : 7.472136,
      "y" : -0.309017,
      "z" : -0.19098301
    }, {
      "x" : 7.472136,
      "y" : 0.309017,
      "z" : -0.19098301
    }, {
      "x" : 8.09017,
      "y" : 0.0,
      "z" : 0.0
    }, {
      "x" : 0.38196602,
      "y" : 0.0,
      "z" : 0.0
    }, {
      "x" : 1.0,
      "y" : 0.309017,
      "z" : -0.19098301
    }, {
      "x" : 1.0,
      "y" : -0.309017,
      "z" : -0.19098301
    }, {
      "x" : 8.472136,
      "y" : 0.0,
      "z" : 0.0
    } ],
    "faces" : [ {
      "vertices" : [ 1, 9, 4 ]
    }, {
      "vertices" : [ 1, 4, 2 ]
    }, {
      "vertices" : [ 0, 3, 5 ]
    }, {
      "vertices" : [ 0, 5, 8 ]
    }, {
      "vertices" : [ 1, 7, 9 ]
    }, {
      "vertices" : [ 0, 1, 2 ]
    }, {
      "vertices" : [ 0, 2, 3 ]
    }, {
      "vertices" : [ 7, 8, 9 ]
    }, {
      "vertices" : [ 0, 7, 1 ]
    }, {
      "vertices" : [ 4, 9, 8 ]
    }, {
      "vertices" : [ 4, 8, 5 ]
    }, {
      "vertices" : [ 2, 6, 3 ]
    }, {
      "vertices" : [ 2, 4, 6 ]
    }, {
      "vertices" : [ 3, 6, 5 ]
    }, {
      "vertices" : [ 4, 5, 6 ]
    }, {
      "vertices" : [ 0, 8, 7 ]
    } ]
  }, {
    "id" : "c847e6c9-c997-4199-9a47-712ff65f932c",
    "vertices" : [ {
      "x" : 1.0,
      "y" : 0.309017,
      "z" : 0.19098301
    }, {
      "x" : 1.0,
      "y" : -0.309017,
      "z" : 0.19098301
    }, {
      "x" : 1.618034,
      "y" : -0.309017,
      "z" : 0.19098301
    }, {
      "x" : 1.618034,
      "y" : 0.309017,
      "z" : 0.19098301
    }, {
      "x" : 1.618034,
      "y" : -0.309017,
      "z" : -0.19098301
    }, {
      "x" : 1.618034,
      "y" : 0.309017,
      "z" : -0.19098301
    }, {
      "x" : 2.236068,
      "y" : 0.0,
      "z" : 0.0
    }, {
      "x" : 0.38196602,
      "y" : 0.0,
      "z" : 0.0
    }, {
      "x" : 1.0,
      "y" : 0.309017,
      "z" : -0.19098301
    }, {
      "x" : 1.0,
      "y" : -0.309017,
      "z" : -0.19098301
    }, {
      "x" : 2.618034,
      "y" : 0.0,
      "z" : 0.0
    } ],
    "faces" : [ {
      "vertices" : [ 1, 9, 4 ]
    }, {
      "vertices" : [ 1, 4, 2 ]
    }, {
      "vertices" : [ 0, 3, 5 ]
    }, {
      "vertices" : [ 0, 5, 8 ]
    }, {
      "vertices" : [ 1, 7, 9 ]
    }, {
      "vertices" : [ 0, 1, 2 ]
    }, {
      "vertices" : [ 0, 2, 3 ]
    }, {
      "vertices" : [ 7, 8, 9 ]
    }, {
      "vertices" : [ 0, 7, 1 ]
    }, {
      "vertices" : [ 4, 9, 8 ]
    }, {
      "vertices" : [ 4, 8, 5 ]
    }, {
      "vertices" : [ 2, 6, 3 ]
    }, {
      "vertices" : [ 2, 4, 6 ]
    }, {
      "vertices" : [ 3, 6, 5 ]
    }, {
      "vertices" : [ 4, 5, 6 ]
    }, {
      "vertices" : [ 0, 8, 7 ]
    } ]
  } ],
  "instances" : [ {
    "shape" : "f65e8f80-a72e-4f55-8330-c88f090a3bfc",
    "color" : "#1E1E1E",
    "position" : {
      "x" : 3.427051,
      "y" : 5.545085,
      "z" : -4.736068
    },
    "orientation" : 2
  }, {
    "shape" : "3095df33-b126-4712-ba7c-fd029525132c",
    "color" : "#AF0000",
    "position" : {
      "x" : 0.0,
      "y" : 0.0,
      "z" : 0.0
    },
    "orientation" : 45
  }, {
    "shape" : "00cc4c5c-20d1-4ead-8d4f-379b0b2f621b",
    "color" : "#DC4C00",
    "position" : {
      "x" : 7.663119,
      "y" : -8.163119,
      "z" : 2.118034
    },
    "orientation" : 45
  }, {
    "shape" : "f65e8f80-a72e-4f55-8330-c88f090a3bfc",
    "color" : "#1E1E1E",
    "position" : {
      "x" : 1.309017,
      "y" : -2.118034,
      "z" : -7.663119
    },
    "orientation" : 37
  }, {
    "shape" : "89fb1cd0-b7dc-41dc-9edc-80662d6d2bd7",
    "color" : "#FFFFFF",
    "position" : {
      "x" : 6.854102,
      "y" : -4.236068,
      "z" : 0.0
    }
  }, {
    "shape" : "f65e8f80-a72e-4f55-8330-c88f090a3bfc",
    "color" : "#1E1E1E",
    "position" : {
      "x" : -5.545085,
      "y" : -4.736068,
      "z" : -3.427051
    },
    "orientation" : 2
  }, {
    "shape" : "3095df33-b126-4712-ba7c-fd029525132c",
    "color" : "#AF0000",
    "position" : {
      "x" : 0.0,
      "y" : 0.0,
      "z" : 0.0
    },
    "orientation" : 16
  }, {
    "shape" : "3095df33-b126-4712-ba7c-fd029525132c",
    "color" : "#AF0000",
    "position" : {
      "x" : -4.736068,
      "y" : 3.427051,
      "z" : -5.545085
    },
    "orientation" : 16
  }, {
    "shape" : "00cc4c5c-20d1-4ead-8d4f-379b0b2f621b",
    "color" : "#DC4C00",
    "position" : {
      "x" : 0.0,
      "y" : 0.0,
      "z" : 0.0
    },
    "orientation" : 27
  }, {
    "shape" : "00cc4c5c-20d1-4ead-8d4f-379b0b2f621b",
    "color" : "#DC4C00",
    "position" : {
      "x" : -6.854102,
      "y" : 4.236068,
      "z" : 0.0
    },
    "orientation" : 40
  }, {
    "shape" : "00cc4c5c-20d1-4ead-8d4f-379b0b2f621b",
    "color" : "#DC4C00",
    "position" : {
      "x" : 0.0,
      "y" : 0.0,
      "z" : 0.0
    },
    "orientation" : 28
  }, {
    "shape" : "3095df33-b126-4712-ba7c-fd029525132c",
    "color" : "#AF0000",
    "position" : {
      "x" : 1.309017,
      "y" : -2.118034,
      "z" : -7.663119
    },
    "orientation" : 0
  }, {
    "shape" : "f65e8f80-a72e-4f55-8330-c88f090a3bfc",
    "color" : "#1E1E1E",
    "position" : {
      "x" : -4.736068,
      "y" : 3.427051,
      "z" : -5.545085
    },
    "orientation" : 24
  }, {
    "shape" : "8ed6cd70-2ca5-4c80-b7d9-adba7e8110a7",
    "color" : "#007695",
    "position" : {
      "x" : 0.0,
      "y" : 6.854102,
      "z" : -4.236068
    },
    "orientation" : 41
  }, {
    "shape" : "89fb1cd0-b7dc-41dc-9edc-80662d6d2bd7",
    "color" : "#FFFFFF",
    "position" : {
      "x" : -4.236068,
      "y" : 0.0,
      "z" : 6.854102
    }
  }, {
    "shape" : "3095df33-b126-4712-ba7c-fd029525132c",
    "color" : "#AF0000",
    "position" : {
      "x" : 1.309017,
      "y" : 4.736068,
      "z" : 10.281153
    },
    "orientation" : 17
  }, {
    "shape" : "8ed6cd70-2ca5-4c80-b7d9-adba7e8110a7",
    "color" : "#007695",
    "position" : {
      "x" : 4.236068,
      "y" : 0.0,
      "z" : 6.854102
    },
    "orientation" : 54
  }, {
    "shape" : "8ed6cd70-2ca5-4c80-b7d9-adba7e8110a7",
    "color" : "#007695",
    "position" : {
      "x" : 0.0,
      "y" : -6.854102,
      "z" : -4.236068
    },
    "orientation" : 2
  }, {
    "shape" : "8ed6cd70-2ca5-4c80-b7d9-adba7e8110a7",
    "color" : "#007695",
    "position" : {
      "x" : 0.0,
      "y" : 6.854102,
      "z" : -4.236068
    },
    "orientation" : 24
  }, {
    "shape" : "8ed6cd70-2ca5-4c80-b7d9-adba7e8110a7",
    "color" : "#007695",
    "position" : {
      "x" : -4.736068,
      "y" : 3.427051,
      "z" : -5.545085
    },
    "orientation" : 10
  }, {
    "shape" : "89fb1cd0-b7dc-41dc-9edc-80662d6d2bd7",
    "color" : "#FFFFFF",
    "position" : {
      "x" : 3.427051,
      "y" : 5.545085,
      "z" : -4.736068
    }
  }, {
    "shape" : "89fb1cd0-b7dc-41dc-9edc-80662d6d2bd7",
    "color" : "#FFFFFF",
    "position" : {
      "x" : -7.663119,
      "y" : 1.309017,
      "z" : 2.118034
    }
  }, {
    "shape" : "3095df33-b126-4712-ba7c-fd029525132c",
    "color" : "#AF0000",
    "position" : {
      "x" : 4.736068,
      "y" : -3.427051,
      "z" : 5.545085
    },
    "orientation" : 16
  }, {
    "shape" : "89fb1cd0-b7dc-41dc-9edc-80662d6d2bd7",
    "color" : "#FFFFFF",
    "position" : {
      "x" : 0.0,
      "y" : 6.854102,
      "z" : -4.236068
    }
  }, {
    "shape" : "8ed6cd70-2ca5-4c80-b7d9-adba7e8110a7",
    "color" : "#007695",
    "position" : {
      "x" : -6.854102,
      "y" : 4.236068,
      "z" : 0.0
    },
    "orientation" : 25
  }, {
    "shape" : "00cc4c5c-20d1-4ead-8d4f-379b0b2f621b",
    "color" : "#DC4C00",
    "position" : {
      "x" : 0.0,
      "y" : 0.0,
      "z" : 0.0
    },
    "orientation" : 33
  }, {
    "shape" : "8ed6cd70-2ca5-4c80-b7d9-adba7e8110a7",
    "color" : "#007695",
    "position" : {
      "x" : 0.0,
      "y" : -6.854102,
      "z" : 4.236068
    },
    "orientation" : 51
  }, {
    "shape" : "8ed6cd70-2ca5-4c80-b7d9-adba7e8110a7",
    "color" : "#007695",
    "position" : {
      "x" : 0.0,
      "y" : 6.854102,
      "z" : -4.236068
    },
    "orientation" : 36
  }, {
    "shape" : "3095df33-b126-4712-ba7c-fd029525132c",
    "color" : "#AF0000",
    "position" : {
      "x" : 0.0,
      "y" : 0.0,
      "z" : 0.0
    },
    "orientation" : 0
  }, {
    "shape" : "f65e8f80-a72e-4f55-8330-c88f090a3bfc",
    "color" : "#1E1E1E",
    "position" : {
      "x" : 4.736068,
      "y" : -3.427051,
      "z" : 5.545085
    },
    "orientation" : 46
  }, {
    "shape" : "00cc4c5c-20d1-4ead-8d4f-379b0b2f621b",
    "color" : "#DC4C00",
    "position" : {
      "x" : 6.354102,
      "y" : -7.663119,
      "z" : 5.545085
    },
    "orientation" : 1
  }, {
    "shape" : "89fb1cd0-b7dc-41dc-9edc-80662d6d2bd7",
    "color" : "#FFFFFF",
    "position" : {
      "x" : -1.309017,
      "y" : -4.736068,
      "z" : -10.281153
    }
  }, {
    "shape" : "00cc4c5c-20d1-4ead-8d4f-379b0b2f621b",
    "color" : "#DC4C00",
    "position" : {
      "x" : 0.0,
      "y" : 0.0,
      "z" : 0.0
    },
    "orientation" : 56
  }, {
    "shape" : "8ed6cd70-2ca5-4c80-b7d9-adba7e8110a7",
    "color" : "#007695",
    "position" : {
      "x" : -7.663119,
      "y" : 1.309017,
      "z" : 2.118034
    },
    "orientation" : 21
  }, {
    "shape" : "89fb1cd0-b7dc-41dc-9edc-80662d6d2bd7",
    "color" : "#FFFFFF",
    "position" : {
      "x" : 0.0,
      "y" : -6.854102,
      "z" : 4.236068
    }
  }, {
    "shape" : "89fb1cd0-b7dc-41dc-9edc-80662d6d2bd7",
    "color" : "#FFFFFF",
    "position" : {
      "x" : 4.736068,
      "y" : -3.427051,
      "z" : 5.545085
    }
  }, {
    "shape" : "89fb1cd0-b7dc-41dc-9edc-80662d6d2bd7",
    "color" : "#FFFFFF",
    "position" : {
      "x" : -1.309017,
      "y" : 2.118034,
      "z" : 7.663119
    }
  }, {
    "shape" : "3095df33-b126-4712-ba7c-fd029525132c",
    "color" : "#AF0000",
    "position" : {
      "x" : -2.118034,
      "y" : -7.663119,
      "z" : -8.163119
    },
    "orientation" : 2
  }, {
    "shape" : "00cc4c5c-20d1-4ead-8d4f-379b0b2f621b",
    "color" : "#DC4C00",
    "position" : {
      "x" : 6.854102,
      "y" : -4.236068,
      "z" : 0.0
    },
    "orientation" : 49
  }, {
    "shape" : "c847e6c9-c997-4199-9a47-712ff65f932c",
    "color" : "#007695",
    "position" : {
      "x" : -7.663119,
      "y" : 2.927051,
      "z" : -2.118034
    },
    "orientation" : 10
  }, {
    "shape" : "89fb1cd0-b7dc-41dc-9edc-80662d6d2bd7",
    "color" : "#FFFFFF",
    "position" : {
      "x" : 10.281153,
      "y" : 1.309017,
      "z" : -4.736068
    }
  }, {
    "shape" : "8ed6cd70-2ca5-4c80-b7d9-adba7e8110a7",
    "color" : "#007695",
    "position" : {
      "x" : 6.854102,
      "y" : 4.236068,
      "z" : 0.0
    },
    "orientation" : 56
  }, {
    "shape" : "89fb1cd0-b7dc-41dc-9edc-80662d6d2bd7",
    "color" : "#FFFFFF",
    "position" : {
      "x" : 1.309017,
      "y" : -2.118034,
      "z" : -7.663119
    }
  }, {
    "shape" : "3095df33-b126-4712-ba7c-fd029525132c",
    "color" : "#AF0000",
    "position" : {
      "x" : 1.309017,
      "y" : -2.118034,
      "z" : -7.663119
    },
    "orientation" : 30
  }, {
    "shape" : "3095df33-b126-4712-ba7c-fd029525132c",
    "color" : "#AF0000",
    "position" : {
      "x" : 4.736068,
      "y" : -3.427051,
      "z" : 5.545085
    },
    "orientation" : 1
  }, {
    "shape" : "f65e8f80-a72e-4f55-8330-c88f090a3bfc",
    "color" : "#1E1E1E",
    "position" : {
      "x" : -1.309017,
      "y" : 2.118034,
      "z" : 7.663119
    },
    "orientation" : 24
  }, {
    "shape" : "8ed6cd70-2ca5-4c80-b7d9-adba7e8110a7",
    "color" : "#007695",
    "position" : {
      "x" : 5.545085,
      "y" : 4.736068,
      "z" : 3.427051
    },
    "orientation" : 41
  }, {
    "shape" : "f65e8f80-a72e-4f55-8330-c88f090a3bfc",
    "color" : "#1E1E1E",
    "position" : {
      "x" : 2.118034,
      "y" : -7.663119,
      "z" : -1.309017
    },
    "orientation" : 57
  }, {
    "shape" : "3095df33-b126-4712-ba7c-fd029525132c",
    "color" : "#AF0000",
    "position" : {
      "x" : 0.0,
      "y" : 0.0,
      "z" : 0.0
    },
    "orientation" : 15
  }, {
    "shape" : "89fb1cd0-b7dc-41dc-9edc-80662d6d2bd7",
    "color" : "#FFFFFF",
    "position" : {
      "x" : -7.663119,
      "y" : 8.163119,
      "z" : -2.118034
    }
  }, {
    "shape" : "f65e8f80-a72e-4f55-8330-c88f090a3bfc",
    "color" : "#1E1E1E",
    "position" : {
      "x" : -2.118034,
      "y" : 7.663119,
      "z" : 1.309017
    },
    "orientation" : 37
  }, {
    "shape" : "89fb1cd0-b7dc-41dc-9edc-80662d6d2bd7",
    "color" : "#FFFFFF",
    "position" : {
      "x" : 0.0,
      "y" : 6.854102,
      "z" : 4.236068
    }
  }, {
    "shape" : "3095df33-b126-4712-ba7c-fd029525132c",
    "color" : "#AF0000",
    "position" : {
      "x" : 3.427051,
      "y" : 5.545085,
      "z" : -4.736068
    },
    "orientation" : 45
  }, {
    "shape" : "89fb1cd0-b7dc-41dc-9edc-80662d6d2bd7",
    "color" : "#FFFFFF",
    "position" : {
      "x" : -8.163119,
      "y" : -2.118034,
      "z" : 7.663119
    }
  }, {
    "shape" : "00cc4c5c-20d1-4ead-8d4f-379b0b2f621b",
    "color" : "#DC4C00",
    "position" : {
      "x" : 0.0,
      "y" : -6.854102,
      "z" : -4.236068
    },
    "orientation" : 5
  }, {
    "shape" : "00cc4c5c-20d1-4ead-8d4f-379b0b2f621b",
    "color" : "#DC4C00",
    "position" : {
      "x" : 5.545085,
      "y" : 6.354102,
      "z" : 7.663119
    },
    "orientation" : 29
  }, {
    "shape" : "00cc4c5c-20d1-4ead-8d4f-379b0b2f621b",
    "color" : "#DC4C00",
    "position" : {
      "x" : 0.0,
      "y" : 0.0,
      "z" : 0.0
    },
    "orientation" : 29
  }, {
    "shape" : "3095df33-b126-4712-ba7c-fd029525132c",
    "color" : "#AF0000",
    "position" : {
      "x" : 2.118034,
      "y" : 7.663119,
      "z" : 8.163119
    },
    "orientation" : 47
  }, {
    "shape" : "f65e8f80-a72e-4f55-8330-c88f090a3bfc",
    "color" : "#1E1E1E",
    "position" : {
      "x" : -7.663119,
      "y" : 1.309017,
      "z" : 2.118034
    },
    "orientation" : 25
  }, {
    "shape" : "00cc4c5c-20d1-4ead-8d4f-379b0b2f621b",
    "color" : "#DC4C00",
    "position" : {
      "x" : 0.0,
      "y" : -6.854102,
      "z" : -4.236068
    },
    "orientation" : 56
  }, {
    "shape" : "3095df33-b126-4712-ba7c-fd029525132c",
    "color" : "#AF0000",
    "position" : {
      "x" : 0.0,
      "y" : 0.0,
      "z" : 0.0
    },
    "orientation" : 31
  }, {
    "shape" : "00cc4c5c-20d1-4ead-8d4f-379b0b2f621b",
    "color" : "#DC4C00",
    "position" : {
      "x" : 0.0,
      "y" : 0.0,
      "z" : 0.0
    },
    "orientation" : 40
  }, {
    "shape" : "3095df33-b126-4712-ba7c-fd029525132c",
    "color" : "#AF0000",
    "position" : {
      "x" : -7.663119,
      "y" : 1.309017,
      "z" : 2.118034
    },
    "orientation" : 31
  }, {
    "shape" : "f65e8f80-a72e-4f55-8330-c88f090a3bfc",
    "color" : "#1E1E1E",
    "position" : {
      "x" : -1.309017,
      "y" : 2.118034,
      "z" : 7.663119
    },
    "orientation" : 53
  }, {
    "shape" : "89fb1cd0-b7dc-41dc-9edc-80662d6d2bd7",
    "color" : "#FFFFFF",
    "position" : {
      "x" : 1.309017,
      "y" : 4.736068,
      "z" : 10.281153
    }
  }, {
    "shape" : "3095df33-b126-4712-ba7c-fd029525132c",
    "color" : "#AF0000",
    "position" : {
      "x" : 0.0,
      "y" : 0.0,
      "z" : 0.0
    },
    "orientation" : 1
  }, {
    "shape" : "89fb1cd0-b7dc-41dc-9edc-80662d6d2bd7",
    "color" : "#FFFFFF",
    "position" : {
      "x" : 9.781153,
      "y" : 4.736068,
      "z" : -3.427051
    }
  }, {
    "shape" : "89fb1cd0-b7dc-41dc-9edc-80662d6d2bd7",
    "color" : "#FFFFFF",
    "position" : {
      "x" : 7.663119,
      "y" : 5.545085,
      "z" : -6.354102
    }
  }, {
    "shape" : "00cc4c5c-20d1-4ead-8d4f-379b0b2f621b",
    "color" : "#DC4C00",
    "position" : {
      "x" : 4.236068,
      "y" : 0.0,
      "z" : 6.854102
    },
    "orientation" : 1
  }, {
    "shape" : "f65e8f80-a72e-4f55-8330-c88f090a3bfc",
    "color" : "#1E1E1E",
    "position" : {
      "x" : -7.663119,
      "y" : 1.309017,
      "z" : 2.118034
    },
    "orientation" : 6
  }, {
    "shape" : "f65e8f80-a72e-4f55-8330-c88f090a3bfc",
    "color" : "#1E1E1E",
    "position" : {
      "x" : 3.427051,
      "y" : 5.545085,
      "z" : -4.736068
    },
    "orientation" : 30
  }, {
    "shape" : "3095df33-b126-4712-ba7c-fd029525132c",
    "color" : "#AF0000",
    "position" : {
      "x" : -6.354102,
      "y" : 7.663119,
      "z" : -5.545085
    },
    "orientation" : 2
  }, {
    "shape" : "8ed6cd70-2ca5-4c80-b7d9-adba7e8110a7",
    "color" : "#007695",
    "position" : {
      "x" : 6.854102,
      "y" : 4.236068,
      "z" : 0.0
    },
    "orientation" : 38
  }, {
    "shape" : "00cc4c5c-20d1-4ead-8d4f-379b0b2f621b",
    "color" : "#DC4C00",
    "position" : {
      "x" : 6.854102,
      "y" : 4.236068,
      "z" : 0.0
    },
    "orientation" : 29
  }, {
    "shape" : "89fb1cd0-b7dc-41dc-9edc-80662d6d2bd7",
    "color" : "#FFFFFF",
    "position" : {
      "x" : 4.736068,
      "y" : -10.281153,
      "z" : 1.309017
    }
  }, {
    "shape" : "89fb1cd0-b7dc-41dc-9edc-80662d6d2bd7",
    "color" : "#FFFFFF",
    "position" : {
      "x" : -2.118034,
      "y" : 7.663119,
      "z" : 1.309017
    }
  }, {
    "shape" : "8ed6cd70-2ca5-4c80-b7d9-adba7e8110a7",
    "color" : "#007695",
    "position" : {
      "x" : 6.854102,
      "y" : 4.236068,
      "z" : 0.0
    },
    "orientation" : 16
  }, {
    "shape" : "89fb1cd0-b7dc-41dc-9edc-80662d6d2bd7",
    "color" : "#FFFFFF",
    "position" : {
      "x" : -6.354102,
      "y" : 7.663119,
      "z" : -5.545085
    }
  }, {
    "shape" : "3095df33-b126-4712-ba7c-fd029525132c",
    "color" : "#AF0000",
    "position" : {
      "x" : -5.545085,
      "y" : -4.736068,
      "z" : -3.427051
    },
    "orientation" : 32
  }, {
    "shape" : "89fb1cd0-b7dc-41dc-9edc-80662d6d2bd7",
    "color" : "#FFFFFF",
    "position" : {
      "x" : -5.545085,
      "y" : -4.736068,
      "z" : -3.427051
    }
  }, {
    "shape" : "8ed6cd70-2ca5-4c80-b7d9-adba7e8110a7",
    "color" : "#007695",
    "position" : {
      "x" : 4.236068,
      "y" : 0.0,
      "z" : 6.854102
    },
    "orientation" : 36
  }, {
    "shape" : "89fb1cd0-b7dc-41dc-9edc-80662d6d2bd7",
    "color" : "#FFFFFF",
    "position" : {
      "x" : -6.854102,
      "y" : -4.236068,
      "z" : 0.0
    }
  }, {
    "shape" : "00cc4c5c-20d1-4ead-8d4f-379b0b2f621b",
    "color" : "#DC4C00",
    "position" : {
      "x" : -4.236068,
      "y" : 0.0,
      "z" : 6.854102
    },
    "orientation" : 33
  }, {
    "shape" : "89fb1cd0-b7dc-41dc-9edc-80662d6d2bd7",
    "color" : "#FFFFFF",
    "position" : {
      "x" : 4.236068,
      "y" : 0.0,
      "z" : -6.854102
    }
  }, {
    "shape" : "3095df33-b126-4712-ba7c-fd029525132c",
    "color" : "#AF0000",
    "position" : {
      "x" : 3.427051,
      "y" : 5.545085,
      "z" : -4.736068
    },
    "orientation" : 15
  }, {
    "shape" : "c847e6c9-c997-4199-9a47-712ff65f932c",
    "color" : "#007695",
    "position" : {
      "x" : -6.854102,
      "y" : 4.236068,
      "z" : 0.0
    },
    "orientation" : 10
  }, {
    "shape" : "89fb1cd0-b7dc-41dc-9edc-80662d6d2bd7",
    "color" : "#FFFFFF",
    "position" : {
      "x" : -3.427051,
      "y" : 9.781153,
      "z" : -4.736068
    }
  }, {
    "shape" : "89fb1cd0-b7dc-41dc-9edc-80662d6d2bd7",
    "color" : "#FFFFFF",
    "position" : {
      "x" : 0.0,
      "y" : -6.854102,
      "z" : -4.236068
    }
  }, {
    "shape" : "89fb1cd0-b7dc-41dc-9edc-80662d6d2bd7",
    "color" : "#FFFFFF",
    "position" : {
      "x" : 2.118034,
      "y" : 7.663119,
      "z" : 8.163119
    }
  }, {
    "shape" : "8ed6cd70-2ca5-4c80-b7d9-adba7e8110a7",
    "color" : "#007695",
    "position" : {
      "x" : 7.663119,
      "y" : -1.309017,
      "z" : -2.118034
    },
    "orientation" : 54
  }, {
    "shape" : "00cc4c5c-20d1-4ead-8d4f-379b0b2f621b",
    "color" : "#DC4C00",
    "position" : {
      "x" : -4.236068,
      "y" : 0.0,
      "z" : -6.854102
    },
    "orientation" : 28
  }, {
    "shape" : "f65e8f80-a72e-4f55-8330-c88f090a3bfc",
    "color" : "#1E1E1E",
    "position" : {
      "x" : -2.118034,
      "y" : 7.663119,
      "z" : 1.309017
    },
    "orientation" : 26
  }, {
    "shape" : "89fb1cd0-b7dc-41dc-9edc-80662d6d2bd7",
    "color" : "#FFFFFF",
    "position" : {
      "x" : 7.663119,
      "y" : -8.163119,
      "z" : 2.118034
    }
  }, {
    "shape" : "00cc4c5c-20d1-4ead-8d4f-379b0b2f621b",
    "color" : "#DC4C00",
    "position" : {
      "x" : -5.545085,
      "y" : -6.354102,
      "z" : -7.663119
    },
    "orientation" : 32
  }, {
    "shape" : "89fb1cd0-b7dc-41dc-9edc-80662d6d2bd7",
    "color" : "#FFFFFF",
    "position" : {
      "x" : 7.663119,
      "y" : -1.309017,
      "z" : -2.118034
    }
  }, {
    "shape" : "89fb1cd0-b7dc-41dc-9edc-80662d6d2bd7",
    "color" : "#FFFFFF",
    "position" : {
      "x" : -4.736068,
      "y" : 10.281153,
      "z" : -1.309017
    }
  }, {
    "shape" : "00cc4c5c-20d1-4ead-8d4f-379b0b2f621b",
    "color" : "#DC4C00",
    "position" : {
      "x" : -6.354102,
      "y" : 7.663119,
      "z" : -5.545085
    },
    "orientation" : 28
  }, {
    "shape" : "89fb1cd0-b7dc-41dc-9edc-80662d6d2bd7",
    "color" : "#FFFFFF",
    "position" : {
      "x" : 5.545085,
      "y" : 6.354102,
      "z" : 7.663119
    }
  }, {
    "shape" : "3095df33-b126-4712-ba7c-fd029525132c",
    "color" : "#AF0000",
    "position" : {
      "x" : 0.0,
      "y" : 0.0,
      "z" : 0.0
    },
    "orientation" : 30
  }, {
    "shape" : "3095df33-b126-4712-ba7c-fd029525132c",
    "color" : "#AF0000",
    "position" : {
      "x" : 0.0,
      "y" : 0.0,
      "z" : 0.0
    },
    "orientation" : 32
  }, {
    "shape" : "3095df33-b126-4712-ba7c-fd029525132c",
    "color" : "#AF0000",
    "position" : {
      "x" : 0.0,
      "y" : 0.0,
      "z" : 0.0
    },
    "orientation" : 47
  }, {
    "shape" : "3095df33-b126-4712-ba7c-fd029525132c",
    "color" : "#AF0000",
    "position" : {
      "x" : 6.354102,
      "y" : -7.663119,
      "z" : 5.545085
    },
    "orientation" : 47
  }, {
    "shape" : "8ed6cd70-2ca5-4c80-b7d9-adba7e8110a7",
    "color" : "#007695",
    "position" : {
      "x" : 0.0,
      "y" : 6.854102,
      "z" : 4.236068
    },
    "orientation" : 47
  }, {
    "shape" : "00cc4c5c-20d1-4ead-8d4f-379b0b2f621b",
    "color" : "#DC4C00",
    "position" : {
      "x" : -6.854102,
      "y" : -4.236068,
      "z" : 0.0
    },
    "orientation" : 32
  }, {
    "shape" : "00cc4c5c-20d1-4ead-8d4f-379b0b2f621b",
    "color" : "#DC4C00",
    "position" : {
      "x" : 0.0,
      "y" : 6.854102,
      "z" : 4.236068
    },
    "orientation" : 56
  }, {
    "shape" : "89fb1cd0-b7dc-41dc-9edc-80662d6d2bd7",
    "color" : "#FFFFFF",
    "position" : {
      "x" : 2.118034,
      "y" : -7.663119,
      "z" : -1.309017
    }
  }, {
    "shape" : "00cc4c5c-20d1-4ead-8d4f-379b0b2f621b",
    "color" : "#DC4C00",
    "position" : {
      "x" : 4.236068,
      "y" : 0.0,
      "z" : -6.854102
    },
    "orientation" : 9
  }, {
    "shape" : "8ed6cd70-2ca5-4c80-b7d9-adba7e8110a7",
    "color" : "#007695",
    "position" : {
      "x" : 4.236068,
      "y" : 0.0,
      "z" : -6.854102
    },
    "orientation" : 45
  }, {
    "shape" : "89fb1cd0-b7dc-41dc-9edc-80662d6d2bd7",
    "color" : "#FFFFFF",
    "position" : {
      "x" : -9.781153,
      "y" : -4.736068,
      "z" : 3.427051
    }
  }, {
    "shape" : "00cc4c5c-20d1-4ead-8d4f-379b0b2f621b",
    "color" : "#DC4C00",
    "position" : {
      "x" : 0.0,
      "y" : 0.0,
      "z" : 0.0
