{
  "polygons" : "true",
  "field" : "golden",
  "symmetry" : "icosahedral",
  "orientations" : [ [ 1.0, 0.0, 0.0, 0.0, 0.0, 1.0, 0.0, 0.0, 0.0, 0.0, 1.0, 0.0, 0.0, 0.0, 0.0, 1.0 ], [ 0.0, 0.0, 1.0, 0.0, 1.0, 0.0, 0.0, 0.0, 0.0, 1.0, 0.0, 0.0, 0.0, 0.0, 0.0, 1.0 ], [ 0.0, 1.0, 0.0, 0.0, 0.0, 0.0, 1.0, 0.0, 1.0, 0.0, 0.0, 0.0, 0.0, 0.0, 0.0, 1.0 ], [ 0.809017, 0.309017, 0.5, 0.0, 0.309017, 0.5, -0.809017, 0.0, -0.5, 0.809017, 0.309017, 0.0, 0.0, 0.0, 0.0, 1.0 ], [ -0.5, 0.809017, 0.309017, 0.0, 0.809017, 0.309017, 0.5, 0.0, 0.309017, 0.5, -0.809017, 0.0, 0.0, 0.0, 0.0, 1.0 ], [ 0.309017, 0.5, -0.809017, 0.0, -0.5, 0.809017, 0.309017, 0.0, 0.809017, 0.309017, 0.5, 0.0, 0.0, 0.0, 0.0, 1.0 ], [ 0.5, 0.809017, 0.309017, 0.0, 0.809017, -0.309017, -0.5, 0.0, -0.309017, 0.5, -0.809017, 0.0, 0.0, 0.0, 0.0, 1.0 ], [ -0.309017, 0.5, -0.809017, 0.0, 0.5, 0.809017, 0.309017, 0.0, 0.809017, -0.309017, -0.5, 0.0, 0.0, 0.0, 0.0, 1.0 ], [ 0.809017, -0.309017, -0.5, 0.0, -0.309017, 0.5, -0.809017, 0.0, 0.5, 0.809017, 0.309017, 0.0, 0.0, 0.0, 0.0, 1.0 ], [ 0.5, 0.809017, -0.309017, 0.0, 0.809017, -0.309017, 0.5, 0.0, 0.309017, -0.5, -0.809017, 0.0, 0.0, 0.0, 0.0, 1.0 ], [ 0.309017, -0.5, -0.809017, 0.0, 0.5, 0.809017, -0.309017, 0.0, 0.809017, -0.309017, 0.5, 0.0, 0.0, 0.0, 0.0, 1.0 ], [ 0.809017, -0.309017, 0.5, 0.0, 0.309017, -0.5, -0.809017, 0.0, 0.5, 0.809017, -0.309017, 0.0, 0.0, 0.0, 0.0, 1.0 ], [ 0.809017, 0.309017, -0.5, 0.0, 0.309017, 0.5, 0.809017, 0.0, 0.5, -0.809017, 0.309017, 0.0, 0.0, 0.0, 0.0, 1.0 ], [ 0.5, -0.809017, 0.309017, 0.0, 0.809017, 0.309017, -0.5, 0.0, 0.309017, 0.5, 0.809017, 0.0, 0.0, 0.0, 0.0, 1.0 ], [ 0.309017, 0.5, 0.809017, 0.0, 0.5, -0.809017, 0.309017, 0.0, 0.809017, 0.309017, -0.5, 0.0, 0.0, 0.0, 0.0, 1.0 ], [ 1.0, 0.0, 0.0, 0.0, 0.0, -1.0, 0.0, 0.0, 0.0, 0.0, -1.0, 0.0, 0.0, 0.0, 0.0, 1.0 ], [ 0.0, 0.0, 1.0, 0.0, -1.0, 0.0, 0.0, 0.0, 0.0, -1.0, 0.0, 0.0, 0.0, 0.0, 0.0, 1.0 ], [ 0.0, 1.0, 0.0, 0.0, 0.0, 0.0, -1.0, 0.0, -1.0, 0.0, 0.0, 0.0, 0.0, 0.0, 0.0, 1.0 ], [ 0.809017, 0.309017, 0.5, 0.0, -0.309017, -0.5, 0.809017, 0.0, 0.5, -0.809017, -0.309017, 0.0, 0.0, 0.0, 0.0, 1.0 ], [ -0.5, 0.809017, 0.309017, 0.0, -0.809017, -0.309017, -0.5, 0.0, -0.309017, -0.5, 0.809017, 0.0, 0.0, 0.0, 0.0, 1.0 ], [ 0.309017, 0.5, -0.809017, 0.0, 0.5, -0.809017, -0.309017, 0.0, -0.809017, -0.309017, -0.5, 0.0, 0.0, 0.0, 0.0, 1.0 ], [ 0.5, 0.809017, 0.309017, 0.0, -0.809017, 0.309017, 0.5, 0.0, 0.309017, -0.5, 0.809017, 0.0, 0.0, 0.0, 0.0, 1.0 ], [ -0.309017, 0.5, -0.809017, 0.0, -0.5, -0.809017, -0.309017, 0.0, -0.809017, 0.309017, 0.5, 0.0, 0.0, 0.0, 0.0, 1.0 ], [ 0.809017, -0.309017, -0.5, 0.0, 0.309017, -0.5, 0.809017, 0.0, -0.5, -0.809017, -0.309017, 0.0, 0.0, 0.0, 0.0, 1.0 ], [ 0.5, 0.809017, -0.309017, 0.0, -0.809017, 0.309017, -0.5, 0.0, -0.309017, 0.5, 0.809017, 0.0, 0.0, 0.0, 0.0, 1.0 ], [ 0.309017, -0.5, -0.809017, 0.0, -0.5, -0.809017, 0.309017, 0.0, -0.809017, 0.309017, -0.5, 0.0, 0.0, 0.0, 0.0, 1.0 ], [ 0.809017, -0.309017, 0.5, 0.0, -0.309017, 0.5, 0.809017, 0.0, -0.5, -0.809017, 0.309017, 0.0, 0.0, 0.0, 0.0, 1.0 ], [ 0.809017, 0.309017, -0.5, 0.0, -0.309017, -0.5, -0.809017, 0.0, -0.5, 0.809017, -0.309017, 0.0, 0.0, 0.0, 0.0, 1.0 ], [ 0.5, -0.809017, 0.309017, 0.0, -0.809017, -0.309017, 0.5, 0.0, -0.309017, -0.5, -0.809017, 0.0, 0.0, 0.0, 0.0, 1.0 ], [ 0.309017, 0.5, 0.809017, 0.0, -0.5, 0.809017, -0.309017, 0.0, -0.809017, -0.309017, 0.5, 0.0, 0.0, 0.0, 0.0, 1.0 ], [ -1.0, 0.0, 0.0, 0.0, 0.0, -1.0, 0.0, 0.0, 0.0, 0.0, 1.0, 0.0, 0.0, 0.0, 0.0, 1.0 ], [ 0.0, 0.0, -1.0, 0.0, -1.0, 0.0, 0.0, 0.0, 0.0, 1.0, 0.0, 0.0, 0.0, 0.0, 0.0, 1.0 ], [ 0.0, -1.0, 0.0, 0.0, 0.0, 0.0, -1.0, 0.0, 1.0, 0.0, 0.0, 0.0, 0.0, 0.0, 0.0, 1.0 ], [ -0.809017, -0.309017, -0.5, 0.0, -0.309017, -0.5, 0.809017, 0.0, -0.5, 0.809017, 0.309017, 0.0, 0.0, 0.0, 0.0, 1.0 ], [ 0.5, -0.809017, -0.309017, 0.0, -0.809017, -0.309017, -0.5, 0.0, 0.309017, 0.5, -0.809017, 0.0, 0.0, 0.0, 0.0, 1.0 ], [ -0.309017, -0.5, 0.809017, 0.0, 0.5, -0.809017, -0.309017, 0.0, 0.809017, 0.309017, 0.5, 0.0, 0.0, 0.0, 0.0, 1.0 ], [ -0.5, -0.809017, -0.309017, 0.0, -0.809017, 0.309017, 0.5, 0.0, -0.309017, 0.5, -0.809017, 0.0, 0.0, 0.0, 0.0, 1.0 ], [ 0.309017, -0.5, 0.809017, 0.0, -0.5, -0.809017, -0.309017, 0.0, 0.809017, -0.309017, -0.5, 0.0, 0.0, 0.0, 0.0, 1.0 ], [ -0.809017, 0.309017, 0.5, 0.0, 0.309017, -0.5, 0.809017, 0.0, 0.5, 0.809017, 0.309017, 0.0, 0.0, 0.0, 0.0, 1.0 ], [ -0.5, -0.809017, 0.309017, 0.0, -0.809017, 0.309017, -0.5, 0.0, 0.309017, -0.5, -0.809017, 0.0, 0.0, 0.0, 0.0, 1.0 ], [ -0.309017, 0.5, 0.809017, 0.0, -0.5, -0.809017, 0.309017, 0.0, 0.809017, -0.309017, 0.5, 0.0, 0.0, 0.0, 0.0, 1.0 ], [ -0.809017, 0.309017, -0.5, 0.0, -0.309017, 0.5, 0.809017, 0.0, 0.5, 0.809017, -0.309017, 0.0, 0.0, 0.0, 0.0, 1.0 ], [ -0.809017, -0.309017, 0.5, 0.0, -0.309017, -0.5, -0.809017, 0.0, 0.5, -0.809017, 0.309017, 0.0, 0.0, 0.0, 0.0, 1.0 ], [ -0.5, 0.809017, -0.309017, 0.0, -0.809017, -0.309017, 0.5, 0.0, 0.309017, 0.5, 0.809017, 0.0, 0.0, 0.0, 0.0, 1.0 ], [ -0.309017, -0.5, -0.809017, 0.0, -0.5, 0.809017, -0.309017, 0.0, 0.809017, 0.309017, -0.5, 0.0, 0.0, 0.0, 0.0, 1.0 ], [ -1.0, 0.0, 0.0, 0.0, 0.0, 1.0, 0.0, 0.0, 0.0, 0.0, -1.0, 0.0, 0.0, 0.0, 0.0, 1.0 ], [ 0.0, 0.0, -1.0, 0.0, 1.0, 0.0, 0.0, 0.0, 0.0, -1.0, 0.0, 0.0, 0.0, 0.0, 0.0, 1.0 ], [ 0.0, -1.0, 0.0, 0.0, 0.0, 0.0, 1.0, 0.0, -1.0, 0.0, 0.0, 0.0, 0.0, 0.0, 0.0, 1.0 ], [ -0.809017, -0.309017, -0.5, 0.0, 0.309017, 0.5, -0.809017, 0.0, 0.5, -0.809017, -0.309017, 0.0, 0.0, 0.0, 0.0, 1.0 ], [ 0.5, -0.809017, -0.309017, 0.0, 0.809017, 0.309017, 0.5, 0.0, -0.309017, -0.5, 0.809017, 0.0, 0.0, 0.0, 0.0, 1.0 ], [ -0.309017, -0.5, 0.809017, 0.0, -0.5, 0.809017, 0.309017, 0.0, -0.809017, -0.309017, -0.5, 0.0, 0.0, 0.0, 0.0, 1.0 ], [ -0.5, -0.809017, -0.309017, 0.0, 0.809017, -0.309017, -0.5, 0.0, 0.309017, -0.5, 0.809017, 0.0, 0.0, 0.0, 0.0, 1.0 ], [ 0.309017, -0.5, 0.809017, 0.0, 0.5, 0.809017, 0.309017, 0.0, -0.809017, 0.309017, 0.5, 0.0, 0.0, 0.0, 0.0, 1.0 ], [ -0.809017, 0.309017, 0.5, 0.0, -0.309017, 0.5, -0.809017, 0.0, -0.5, -0.809017, -0.309017, 0.0, 0.0, 0.0, 0.0, 1.0 ], [ -0.5, -0.809017, 0.309017, 0.0, 0.809017, -0.309017, 0.5, 0.0, -0.309017, 0.5, 0.809017, 0.0, 0.0, 0.0, 0.0, 1.0 ], [ -0.309017, 0.5, 0.809017, 0.0, 0.5, 0.809017, -0.309017, 0.0, -0.809017, 0.309017, -0.5, 0.0, 0.0, 0.0, 0.0, 1.0 ], [ -0.809017, 0.309017, -0.5, 0.0, 0.309017, -0.5, -0.809017, 0.0, -0.5, -0.809017, 0.309017, 0.0, 0.0, 0.0, 0.0, 1.0 ], [ -0.809017, -0.309017, 0.5, 0.0, 0.309017, 0.5, 0.809017, 0.0, -0.5, 0.809017, -0.309017, 0.0, 0.0, 0.0, 0.0, 1.0 ], [ -0.5, 0.809017, -0.309017, 0.0, 0.809017, 0.309017, -0.5, 0.0, -0.309017, -0.5, -0.809017, 0.0, 0.0, 0.0, 0.0, 1.0 ], [ -0.309017, -0.5, -0.809017, 0.0, 0.5, -0.809017, 0.309017, 0.0, -0.809017, -0.309017, 0.5, 0.0, 0.0, 0.0, 0.0, 1.0 ] ],
  "lights" : {
    "ambientColor" : "#292929",
    "backgroundColor" : "#AFC8DC",
    "directionalLights" : [ {
      "direction" : [ 1.0, -1.0, -1.0 ],
      "color" : "#EBEBE4"
    }, {
      "direction" : [ -1.0, 0.0, 0.0 ],
      "color" : "#E4E4EB"
    }, {
      "direction" : [ 0.0, 0.0, -1.0 ],
      "color" : "#1E1E1E"
    } ]
  },
  "camera" : {
    "stereo" : false,
    "width" : 55.16736,
    "lookAtPoint" : {
      "x" : 0.0,
      "y" : 0.0,
      "z" : 0.0
    },
    "lookDirection" : {
      "x" : 0.03953263,
      "y" : 0.97617054,
      "z" : -0.21337439
    },
    "upDirection" : {
      "x" : 0.057825733,
      "y" : 0.21094812,
      "z" : 0.97578496
    },
    "nearClipDistance" : 0.30648544,
    "farClipDistance" : 245.18834,
    "perspective" : true,
    "fieldOfView" : 0.44262874,
    "viewDistance" : 122.59417,
    "lookAtPointRV" : {
      "x" : 0.0,
      "y" : 0.0,
      "z" : 0.0,
      "zero" : true
    },
    "lookDirectionRV" : {
      "x" : 0.03953263,
      "y" : 0.97617054,
      "z" : -0.21337439,
      "zero" : false
    },
    "upDirectionRV" : {
      "x" : 0.057825733,
      "y" : 0.21094812,
      "z" : 0.97578496,
      "zero" : false
    },
    "position" : {
      "x" : -4.8464704,
      "y" : -119.67281,
      "z" : 26.158457
    }
  },
  "embedding" : [ 1.0, 0.0, 0.0, 0.0, 0.0, 1.0, 0.0, 0.0, 0.0, 0.0, 1.0, 0.0, 0.0, 0.0, 0.0, 1.0 ],
  "shapes" : [ {
    "id" : "3ca12e12-6461-46ba-82af-00f2daa46f6a",
    "vertices" : [ {
      "x" : 0.0,
      "y" : 0.0,
      "z" : 0.0
    }, {
      "x" : -2.618034,
      "y" : 5.545085,
      "z" : -3.427051
    }, {
      "x" : -2.618034,
      "y" : 6.854102,
      "z" : 0.0
    } ],
    "faces" : [ {
      "vertices" : [ 0, 1, 2 ]
    }, {
      "vertices" : [ 0, 2, 1 ]
    } ]
  }, {
    "id" : "f5388647-6614-44b8-8c07-f2c9176ae9cf",
    "vertices" : [ {
      "x" : 0.0,
      "y" : 0.0,
      "z" : 0.0
    }, {
      "x" : 2.618034,
      "y" : -5.545085,
      "z" : 3.427051
    }, {
      "x" : 2.618034,
      "y" : -6.854102,
      "z" : 0.0
    } ],
    "faces" : [ {
      "vertices" : [ 0, 1, 2 ]
    }, {
      "vertices" : [ 0, 2, 1 ]
    } ]
  }, {
    "id" : "063be20f-497c-4ee7-a5f7-4a9640e18850",
    "vertices" : [ {
      "x" : 0.0,
      "y" : 0.0,
      "z" : 0.0
    }, {
      "x" : 0.0,
      "y" : -2.618034,
      "z" : -6.854102
    }, {
      "x" : -2.618034,
      "y" : 4.236068,
      "z" : -6.854102
    } ],
    "faces" : [ {
      "vertices" : [ 0, 1, 2 ]
    }, {
      "vertices" : [ 0, 2, 1 ]
    } ]
  }, {
    "id" : "d7352969-752b-449b-af9f-e2a2de4b1f3e",
    "vertices" : [ {
      "x" : 0.0,
      "y" : 0.0,
      "z" : 0.0
    }, {
      "x" : -2.618034,
      "y" : 4.236068,
      "z" : -6.854102
    }, {
      "x" : -2.618034,
      "y" : 6.854102,
      "z" : 0.0
    } ],
    "faces" : [ {
      "vertices" : [ 0, 1, 2 ]
    }, {
      "vertices" : [ 0, 2, 1 ]
    } ]
  }, {
    "id" : "e65949a3-b1c5-4df1-9edd-2ee725f4f8d0",
    "vertices" : [ {
      "x" : 0.0,
      "y" : 0.0,
      "z" : 0.0
    }, {
      "x" : 6.354102,
      "y" : -2.118034,
      "z" : -2.118034
    }, {
      "x" : 2.118034,
      "y" : -6.354102,
      "z" : 2.118034
    }, {
      "x" : -4.236068,
      "y" : -4.236068,
      "z" : 4.236068
    } ],
    "faces" : [ {
      "vertices" : [ 0, 1, 2, 3 ]
    }, {
      "vertices" : [ 0, 3, 2, 1 ]
    } ]
  }, {
    "id" : "f3feaf70-f745-4e6e-a151-fe94a85b0ec4",
    "vertices" : [ {
      "x" : 0.0,
      "y" : 0.0,
      "z" : 0.0
    }, {
      "x" : -2.618034,
      "y" : 6.854102,
      "z" : 0.0
    }, {
      "x" : 0.0,
      "y" : 2.618034,
      "z" : 6.854102
    } ],
    "faces" : [ {
      "vertices" : [ 0, 1, 2 ]
    }, {
      "vertices" : [ 0, 2, 1 ]
    } ]
  }, {
    "id" : "67f608b5-a4c9-4017-8b7d-39610b5f6472",
    "vertices" : [ {
      "x" : 0.0,
      "y" : 0.0,
      "z" : 0.0
    }, {
      "x" : 2.618034,
      "y" : -6.854102,
      "z" : 0.0
    }, {
      "x" : 0.0,
      "y" : -2.618034,
      "z" : -6.854102
    } ],
    "faces" : [ {
      "vertices" : [ 0, 1, 2 ]
    }, {
      "vertices" : [ 0, 2, 1 ]
    } ]
  }, {
    "id" : "2be0349f-1a8d-4fe9-be29-e6361403ede9",
    "vertices" : [ {
      "x" : 0.0,
      "y" : 0.0,
      "z" : 0.0
    }, {
      "x" : -1.309017,
      "y" : 0.809017,
      "z" : -6.854102
    }, {
      "x" : -1.309017,
      "y" : 3.427051,
      "z" : 0.0
    } ],
    "faces" : [ {
      "vertices" : [ 0, 1, 2 ]
    }, {
      "vertices" : [ 0, 2, 1 ]
    } ]
  }, {
    "id" : "2db976ad-1dbf-4c7d-867c-3f8712535807",
    "vertices" : [ {
      "x" : 0.0,
      "y" : 0.0,
      "z" : 0.0
    }, {
      "x" : 2.618034,
      "y" : -6.854102,
      "z" : 0.0
    }, {
      "x" : 2.618034,
      "y" : -9.472136,
      "z" : -6.854102
    }, {
      "x" : 0.0,
      "y" : -2.618034,
      "z" : -6.854102
    } ],
    "faces" : [ {
      "vertices" : [ 0, 1, 2, 3 ]
    }, {
      "vertices" : [ 0, 3, 2, 1 ]
    } ]
  }, {
    "id" : "e2ccd39b-f538-4998-8008-2d6298d3bc24",
    "vertices" : [ {
      "x" : 0.0,
      "y" : 0.0,
      "z" : 0.0
    }, {
      "x" : 0.0,
      "y" : 2.618034,
      "z" : 6.854102
    }, {
      "x" : 1.309017,
      "y" : -0.809017,
      "z" : 6.854102
    }, {
      "x" : 1.309017,
      "y" : -3.427051,
      "z" : 0.0
    } ],
    "faces" : [ {
      "vertices" : [ 0, 1, 2, 3 ]
    }, {
      "vertices" : [ 0, 3, 2, 1 ]
    } ]
  }, {
    "id" : "a398dbce-b9b3-4cad-98f1-a5a1dfa4f02e",
    "vertices" : [ {
      "x" : 0.0,
      "y" : 0.0,
      "z" : 0.0
    }, {
      "x" : -2.618034,
      "y" : 4.236068,
      "z" : -6.854102
    }, {
      "x" : -2.618034,
      "y" : 6.854102,
      "z" : 0.0
    }, {
      "x" : 0.0,
      "y" : 2.618034,
      "z" : 6.854102
    } ],
    "faces" : [ {
      "vertices" : [ 0, 1, 2, 3 ]
    }, {
      "vertices" : [ 0, 3, 2, 1 ]
    } ]
  }, {
    "id" : "3668539d-6249-4e52-ade9-7092b9f6ed7a",
    "vertices" : [ {
      "x" : 0.0,
      "y" : 0.0,
      "z" : 0.0
    }, {
      "x" : 1.309017,
      "y" : -0.809017,
      "z" : 6.854102
    }, {
      "x" : 1.309017,
      "y" : -3.427051,
      "z" : 0.0
    } ],
    "faces" : [ {
      "vertices" : [ 0, 1, 2 ]
    }, {
      "vertices" : [ 0, 2, 1 ]
    } ]
  }, {
    "id" : "a883d678-9710-4902-931a-db4d1ad21791",
    "vertices" : [ {
      "x" : 0.0,
      "y" : 0.0,
      "z" : 0.0
    }, {
      "x" : -2.618034,
      "y" : 6.854102,
      "z" : 0.0
    }, {
      "x" : -2.618034,
      "y" : 9.472136,
      "z" : 6.854102
    }, {
      "x" : 0.0,
      "y" : 2.618034,
      "z" : 6.854102
    } ],
    "faces" : [ {
      "vertices" : [ 0, 1, 2, 3 ]
    }, {
      "vertices" : [ 0, 3, 2, 1 ]
    } ]
  }, {
    "id" : "6c63b9e2-6f6b-4898-89a4-b52c96f3d2bb",
    "vertices" : [ {
      "x" : 0.0,
      "y" : 0.0,
      "z" : 0.0
    }, {
      "x" : 0.0,
      "y" : -2.618034,
      "z" : -6.854102
    }, {
      "x" : -1.309017,
      "y" : 0.809017,
      "z" : -6.854102
    }, {
      "x" : -1.309017,
      "y" : 3.427051,
      "z" : 0.0
    } ],
    "faces" : [ {
      "vertices" : [ 0, 1, 2, 3 ]
    }, {
      "vertices" : [ 0, 3, 2, 1 ]
    } ]
  }, {
    "id" : "58739dd7-6afd-4885-9433-c9486037638c",
    "vertices" : [ {
      "x" : 0.0,
      "y" : 0.0,
      "z" : 0.0
    }, {
      "x" : -2.118034,
      "y" : 6.354102,
      "z" : -2.118034
    }, {
      "x" : -6.354102,
      "y" : 2.118034,
      "z" : 2.118034
    }, {
      "x" : -4.236068,
      "y" : -4.236068,
      "z" : 4.236068
    } ],
    "faces" : [ {
      "vertices" : [ 0, 1, 2, 3 ]
    }, {
      "vertices" : [ 0, 3, 2, 1 ]
    } ]
  }, {
    "id" : "1100f376-7a46-41c4-a126-a6a3754ee8b7",
    "vertices" : [ {
      "x" : 0.0,
      "y" : 0.0,
      "z" : 0.0
    }, {
      "x" : 0.0,
      "y" : -2.618034,
      "z" : -6.854102
    }, {
      "x" : -2.618034,
      "y" : 4.236068,
      "z" : -6.854102
    }, {
      "x" : -2.618034,
      "y" : 6.854102,
      "z" : 0.0
    } ],
    "faces" : [ {
      "vertices" : [ 0, 1, 2, 3 ]
    }, {
      "vertices" : [ 0, 3, 2, 1 ]
    } ]
  }, {
    "id" : "b0338942-f43e-47ae-884e-79d88d791d58",
    "vertices" : [ {
      "x" : 0.0,
      "y" : 0.0,
      "z" : 0.0
    }, {
      "x" : 2.618034,
      "y" : -4.236068,
      "z" : 6.854102
    }, {
      "x" : 2.618034,
      "y" : -6.854102,
      "z" : 0.0
    } ],
    "faces" : [ {
      "vertices" : [ 0, 1, 2 ]
    }, {
      "vertices" : [ 0, 2, 1 ]
    } ]
  }, {
    "id" : "99352c81-ef21-4a8b-bd7f-5e57e3897037",
    "vertices" : [ {
      "x" : 0.0,
      "y" : 0.0,
      "z" : 0.0
    }, {
      "x" : 0.0,
      "y" : 2.618034,
      "z" : 6.854102
    }, {
      "x" : 2.618034,
      "y" : -1.618034,
      "z" : 13.708204
    }, {
      "x" : 2.618034,
      "y" : -4.236068,
      "z" : 6.854102
    } ],
    "faces" : [ {
      "vertices" : [ 0, 1, 2, 3 ]
    }, {
      "vertices" : [ 0, 3, 2, 1 ]
    } ]
  }, {
    "id" : "52249c80-9874-46ef-8cc9-765b2dc10b60",
    "vertices" : [ {
      "x" : 0.0,
      "y" : 0.0,
      "z" : 0.0
    }, {
      "x" : 0.0,
      "y" : 2.618034,
      "z" : 6.854102
    }, {
      "x" : 2.618034,
      "y" : -4.236068,
      "z" : 6.854102
    }, {
      "x" : 2.618034,
      "y" : -6.854102,
      "z" : 0.0
    } ],
    "faces" : [ {
      "vertices" : [ 0, 1, 2, 3 ]
    }, {
      "vertices" : [ 0, 3, 2, 1 ]
    } ]
  }, {
    "id" : "6a2029fd-e6e6-46ef-8d41-3a6a1bcc656c",
    "vertices" : [ {
      "x" : 0.0,
      "y" : 0.0,
      "z" : 0.0
    }, {
      "x" : 0.0,
      "y" : -2.618034,
      "z" : -6.854102
    }, {
      "x" : -2.618034,
      "y" : 1.618034,
      "z" : -13.708204
    }, {
      "x" : -2.618034,
      "y" : 4.236068,
      "z" : -6.854102
    } ],
    "faces" : [ {
      "vertices" : [ 0, 1, 2, 3 ]
    }, {
      "vertices" : [ 0, 3, 2, 1 ]
    } ]
  }, {
    "id" : "ca14bdfc-8bf1-44a7-bec4-e470f600ae0e",
    "vertices" : [ {
      "x" : 0.0,
      "y" : 0.0,
      "z" : 0.0
    }, {
      "x" : 2.618034,
      "y" : -6.854102,
      "z" : 0.0
    }, {
      "x" : 2.618034,
      "y" : -14.708204,
      "z" : -20.562305
    }, {
      "x" : 0.0,
      "y" : -7.854102,
      "z" : -20.562305
    } ],
    "faces" : [ {
      "vertices" : [ 0, 1, 2, 3 ]
    }, {
      "vertices" : [ 0, 3, 2, 1 ]
    } ]
  }, {
    "id" : "0170d106-a62c-4604-b420-742ec820ef73",
    "vertices" : [ {
      "x" : 0.0,
      "y" : 0.0,
      "z" : 0.0
    }, {
      "x" : -2.618034,
      "y" : 6.854102,
      "z" : 0.0
    }, {
      "x" : -2.618034,
      "y" : 12.09017,
      "z" : 13.708204
    }, {
      "x" : 0.0,
      "y" : 7.854102,
      "z" : 20.562305
    } ],
    "faces" : [ {
      "vertices" : [ 0, 1, 2, 3 ]
    }, {
      "vertices" : [ 0, 3, 2, 1 ]
    } ]
  }, {
    "id" : "73a77c47-a2a1-4e31-ad1a-b83c6ea9cdb7",
    "vertices" : [ {
      "x" : 0.0,
      "y" : 0.0,
      "z" : 0.0
    }, {
      "x" : -2.618034,
      "y" : 4.236068,
      "z" : -6.854102
    }, {
      "x" : -2.618034,
      "y" : 12.09017,
      "z" : 13.708204
    }, {
      "x" : 0.0,
      "y" : 5.236068,
      "z" : 13.708204
    } ],
    "faces" : [ {
      "vertices" : [ 0, 1, 2, 3 ]
    }, {
      "vertices" : [ 0, 3, 2, 1 ]
    } ]
  } ],
  "instances" : [ {
    "shape" : "3ca12e12-6461-46ba-82af-00f2daa46f6a",
    "color" : "#7FCC9F",
    "position" : {
      "x" : 8.472136,
      "y" : 8.472136,
      "z" : 0.0
    },
    "orientation" : 21
  }, {
    "shape" : "f5388647-6614-44b8-8c07-f2c9176ae9cf",
    "color" : "#7FCC9F",
    "position" : {
      "x" : -8.472136,
      "y" : 0.0,
      "z" : 8.472136
    },
    "orientation" : 53
  }, {
    "shape" : "063be20f-497c-4ee7-a5f7-4a9640e18850",
    "color" : "#7FCC9F",
    "position" : {
      "x" : 0.0,
      "y" : 8.472136,
      "z" : 0.0
    },
    "orientation" : 23
  }, {
    "shape" : "d7352969-752b-449b-af9f-e2a2de4b1f3e",
    "color" : "#7FCC9F",
    "position" : {
      "x" : 4.236068,
      "y" : 12.708204,
      "z" : 4.236068
    },
    "orientation" : 51
  }, {
    "shape" : "e65949a3-b1c5-4df1-9edd-2ee725f4f8d0",
    "color" : "#B59A8C",
    "position" : {
      "x" : 10.59017,
      "y" : 10.59017,
      "z" : -6.354102
    },
    "orientation" : 2
  }, {
    "shape" : "f3feaf70-f745-4e6e-a151-fe94a85b0ec4",
    "color" : "#7FCC9F",
    "position" : {
      "x" : -4.236068,
      "y" : 4.236068,
      "z" : 4.236068
    },
    "orientation" : 53
  }, {
    "shape" : "67f608b5-a4c9-4017-8b7d-39610b5f6472",
    "color" : "#7FCC9F",
    "position" : {
      "x" : -4.236068,
      "y" : 4.236068,
      "z" : 4.236068
    },
    "orientation" : 36
  }, {
    "shape" : "67f608b5-a4c9-4017-8b7d-39610b5f6472",
    "color" : "#7FCC9F",
    "position" : {
      "x" : 12.708204,
      "y" : 12.708204,
      "z" : -4.236068
    },
    "orientation" : 6
  }, {
    "shape" : "2be0349f-1a8d-4fe9-be29-e6361403ede9",
    "color" : "#7FCC9F",
    "position" : {
      "x" : -6.354102,
      "y" : -10.59017,
      "z" : 14.826238
    },
    "orientation" : 8
  }, {
    "shape" : "2db976ad-1dbf-4c7d-867c-3f8712535807",
    "color" : "#7FCC9F",
    "position" : {
      "x" : 0.0,
      "y" : 8.472136,
      "z" : 8.472136
    },
    "orientation" : 8
  }, {
    "shape" : "e2ccd39b-f538-4998-8008-2d6298d3bc24",
    "color" : "#7FCC9F",
    "position" : {
      "x" : 10.59017,
      "y" : 10.59017,
      "z" : -6.354102
    },
    "orientation" : 23
  }, {
    "shape" : "a398dbce-b9b3-4cad-98f1-a5a1dfa4f02e",
    "color" : "#7FCC9F",
    "position" : {
      "x" : -4.236068,
      "y" : -4.236068,
      "z" : 12.708204
    },
    "orientation" : 8
  }, {
    "shape" : "3668539d-6249-4e52-ade9-7092b9f6ed7a",
    "color" : "#7FCC9F",
    "position" : {
      "x" : 6.354102,
      "y" : 14.826238,
      "z" : -10.59017
    },
    "orientation" : 51
  }, {
    "shape" : "a883d678-9710-4902-931a-db4d1ad21791",
    "color" : "#7FCC9F",
    "position" : {
      "x" : 12.708204,
      "y" : 12.708204,
      "z" : -4.236068
    },
    "orientation" : 8
  }, {
    "shape" : "a883d678-9710-4902-931a-db4d1ad21791",
    "color" : "#7FCC9F",
    "position" : {
      "x" : 0.0,
      "y" : 8.472136,
      "z" : 8.472136
    },
    "orientation" : 51
  }, {
    "shape" : "d7352969-752b-449b-af9f-e2a2de4b1f3e",
    "color" : "#7FCC9F",
    "position" : {
      "x" : 0.0,
      "y" : 0.0,
      "z" : 8.472136
    },
    "orientation" : 21
  }, {
    "shape" : "6c63b9e2-6f6b-4898-89a4-b52c96f3d2bb",
    "color" : "#7FCC9F",
    "position" : {
      "x" : -10.59017,
      "y" : -6.354102,
      "z" : 10.59017
    },
    "orientation" : 36
  }, {
    "shape" : "58739dd7-6afd-4885-9433-c9486037638c",
    "color" : "#B59A8C",
    "position" : {
      "x" : -4.236068,
      "y" : -4.236068,
      "z" : 12.708204
    },
    "orientation" : 15
  }, {
    "shape" : "1100f376-7a46-41c4-a126-a6a3754ee8b7",
    "color" : "#7FCC9F",
    "position" : {
      "x" : -8.472136,
      "y" : 0.0,
      "z" : 8.472136
    },
    "orientation" : 22
  }, {
    "shape" : "a883d678-9710-4902-931a-db4d1ad21791",
    "color" : "#7FCC9F",
    "position" : {
      "x" : 4.236068,
      "y" : 12.708204,
      "z" : 4.236068
    },
    "orientation" : 51
  }, {
    "shape" : "2db976ad-1dbf-4c7d-867c-3f8712535807",
    "color" : "#7FCC9F",
    "position" : {
      "x" : 4.236068,
      "y" : 4.236068,
      "z" : 4.236068
    },
    "orientation" : 22
  }, {
    "shape" : "b0338942-f43e-47ae-884e-79d88d791d58",
    "color" : "#7FCC9F",
    "position" : {
      "x" : -4.236068,
      "y" : 4.236068,
      "z" : 12.708204
    },
    "orientation" : 8
  }, {
    "shape" : "2db976ad-1dbf-4c7d-867c-3f8712535807",
    "color" : "#7FCC9F",
    "position" : {
      "x" : -4.236068,
      "y" : 4.236068,
      "z" : 12.708204
    },
    "orientation" : 8
  }, {
    "shape" : "99352c81-ef21-4a8b-bd7f-5e57e3897037",
    "color" : "#7FCC9F",
    "position" : {
      "x" : 8.472136,
      "y" : 16.944271,
      "z" : -8.472136
    },
    "orientation" : 51
  }, {
    "shape" : "b0338942-f43e-47ae-884e-79d88d791d58",
    "color" : "#7FCC9F",
    "position" : {
      "x" : -8.472136,
      "y" : -8.472136,
      "z" : 16.944271
    },
    "orientation" : 38
  }, {
    "shape" : "1100f376-7a46-41c4-a126-a6a3754ee8b7",
    "color" : "#7FCC9F",
    "position" : {
      "x" : -8.472136,
      "y" : 0.0,
      "z" : 16.944271
    },
    "orientation" : 51
  } ],
  "scenes" : [ {
    "title" : "Stck",
    "content" : "",
    "view" : {
      "stereo" : false,
      "width" : 77.507385,
      "lookAtPoint" : {
        "x" : 0.0,
        "y" : 0.0,
        "z" : 0.0
      },
      "lookDirection" : {
        "x" : 0.0,
        "y" : 0.0,
        "z" : -1.0
      },
      "upDirection" : {
        "x" : 0.0,
        "y" : 1.0,
        "z" : 0.0
      },
      "nearClipDistance" : 0.43059608,
      "farClipDistance" : 344.47632,
      "perspective" : false,
      "fieldOfView" : 0.4426295,
      "viewDistance" : 172.23839,
      "lookAtPointRV" : {
        "x" : 0.0,
        "y" : 0.0,
        "z" : 0.0,
        "zero" : true
      },
      "lookDirectionRV" : {
        "x" : 0.0,
        "y" : 0.0,
        "z" : -1.0,
        "zero" : false
      },
      "upDirectionRV" : {
        "x" : 0.0,
        "y" : 1.0,
        "z" : 0.0,
        "zero" : false
      },
      "position" : {
        "x" : 0.0,
        "y" : 0.0,
        "z" : 172.23839
      }
    },
    "snapshot" : 7
  }, {
    "title" : "closed",
    "content" : "",
    "view" : {
      "stereo" : false,
      "width" : 77.507385,
      "lookAtPoint" : {
        "x" : 0.0,
        "y" : 0.0,
        "z" : 0.0
      },
      "lookDirection" : {
        "x" : 0.0,
        "y" : 0.0,
        "z" : -1.0
      },
      "upDirection" : {
        "x" : 0.0,
        "y" : 1.0,
        "z" : 0.0
      },
      "nearClipDistance" : 0.43059608,
      "farClipDistance" : 344.47632,
      "perspective" : false,
      "fieldOfView" : 0.4426295,
      "viewDistance" : 172.23839,
      "lookAtPointRV" : {
        "x" : 0.0,
        "y" : 0.0,
        "z" : 0.0,
        "zero" : true
      },
      "lookDirectionRV" : {
        "x" : 0.0,
        "y" : 0.0,
        "z" : -1.0,
        "zero" : false
      },
      "upDirectionRV" : {
        "x" : 0.0,
        "y" : 1.0,
        "z" : 0.0,
        "zero" : false
      },
      "position" : {
        "x" : 0.0,
        "y" : 0.0,
        "z" : 172.23839
      }
    },
    "snapshot" : 10
  }, {
    "title" : "Patrially spread apart",
    "content" : "",
    "view" : {
      "stereo" : false,
      "width" : 77.507385,
      "lookAtPoint" : {
        "x" : 0.0,
        "y" : 0.0,
        "z" : 0.0
      },
      "lookDirection" : {
        "x" : 0.0,
        "y" : 0.0,
        "z" : -1.0
      },
      "upDirection" : {
        "x" : 0.0,
        "y" : 1.0,
        "z" : 0.0
      },
      "nearClipDistance" : 0.43059608,
      "farClipDistance" : 344.47632,
      "perspective" : false,
      "fieldOfView" : 0.4426295,
      "viewDistance" : 172.23839,
      "lookAtPointRV" : {
        "x" : 0.0,
        "y" : 0.0,
        "z" : 0.0,
        "zero" : true
      },
      "lookDirectionRV" : {
        "x" : 0.0,
        "y" : 0.0,
        "z" : -1.0,
        "zero" : false
      },
      "upDirectionRV" : {
        "x" : 0.0,
        "y" : 1.0,
        "z" : 0.0,
        "zero" : false
      },
      "position" : {
        "x" : 0.0,
        "y" : 0.0,
        "z" : 172.23839
      }
    },
    "snapshot" : 8
  }, {
    "title" : "spread apart",
    "content" : "",
    "view" : {
      "stereo" : false,
      "width" : 77.507385,
      "lookAtPoint" : {
        "x" : 0.0,
        "y" : 0.0,
        "z" : 0.0
      },
      "lookDirection" : {
        "x" : 0.0,
        "y" : 0.0,
        "z" : -1.0
      },
      "upDirection" : {
        "x" : 0.0,
        "y" : 1.0,
        "z" : 0.0
      },
      "nearClipDistance" : 0.43059608,
      "farClipDistance" : 344.47632,
      "perspective" : false,
      "fieldOfView" : 0.4426295,
      "viewDistance" : 172.23839,
      "lookAtPointRV" : {
        "x" : 0.0,
        "y" : 0.0,
        "z" : 0.0,
        "zero" : true
      },
      "lookDirectionRV" : {
        "x" : 0.0,
        "y" : 0.0,
        "z" : -1.0,
        "zero" : false
      },
      "upDirectionRV" : {
        "x" : 0.0,
        "y" : 1.0,
        "z" : 0.0,
        "zero" : false
      },
      "position" : {
        "x" : 0.0,
        "y" : 0.0,
        "z" : 172.23839
      }
    },
    "snapshot" : 9
  }, {
    "title" : "colliding 2",
    "content" : "",
    "view" : {
      "stereo" : false,
      "width" : 77.507385,
      "lookAtPoint" : {
        "x" : 0.0,
        "y" : 0.0,
        "z" : 0.0
      },
      "lookDirection" : {
        "x" : 0.0,
        "y" : 0.0,
        "z" : -1.0
      },
      "upDirection" : {
        "x" : 0.0,
        "y" : 1.0,
        "z" : 0.0
      },
      "nearClipDistance" : 0.43059608,
      "farClipDistance" : 344.47632,
      "perspective" : false,
      "fieldOfView" : 0.4426295,
      "viewDistance" : 172.23839,
      "lookAtPointRV" : {
        "x" : 0.0,
        "y" : 0.0,
        "z" : 0.0,
        "zero" : true
      },
      "lookDirectionRV" : {
        "x" : 0.0,
        "y" : 0.0,
        "z" : -1.0,
        "zero" : false
      },
      "upDirectionRV" : {
        "x" : 0.0,
        "y" : 1.0,
        "z" : 0.0,
        "zero" : false
      },
      "position" : {
        "x" : 0.0,
        "y" : 0.0,
        "z" : 172.23839
      }
    },
    "snapshot" : 11
  }, {
    "title" : "colliding",
    "content" : "",
    "view" : {
      "stereo" : false,
      "width" : 77.507385,
      "lookAtPoint" : {
        "x" : 0.0,
        "y" : 0.0,
        "z" : 0.0
      },
      "lookDirection" : {
        "x" : 0.0,
        "y" : 0.0,
        "z" : -1.0
      },
      "upDirection" : {
        "x" : 0.0,
        "y" : 1.0,
        "z" : 0.0
      },
      "nearClipDistance" : 0.43059608,
      "farClipDistance" : 344.47632,
      "perspective" : false,
      "fieldOfView" : 0.4426295,
      "viewDistance" : 172.23839,
      "lookAtPointRV" : {
        "x" : 0.0,
        "y" : 0.0,
        "z" : 0.0,
        "zero" : true
      },
      "lookDirectionRV" : {
        "x" : 0.0,
        "y" : 0.0,
        "z" : -1.0,
        "zero" : false
      },
      "upDirectionRV" : {
        "x" : 0.0,
        "y" : 1.0,
        "z" : 0.0,
        "zero" : false
      },
      "position" : {
        "x" : 0.0,
        "y" : 0.0,
        "z" : 172.23839
      }
    },
    "snapshot" : 12
  } ],
  "snapshots" : [ [ ], [ ], [ ], [ ], [ ], [ ], [ ], [ {
    "shape" : "d7352969-752b-449b-af9f-e2a2de4b1f3e",
    "color" : "#7FCC9F",
    "position" : {
      "x" : 0.0,
      "y" : 0.0,
      "z" : 8.472136
    },
    "orientation" : 21
  }, {
    "shape" : "a883d678-9710-4902-931a-db4d1ad21791",
    "color" : "#7FCC9F",
    "position" : {
      "x" : 12.708204,
      "y" : 12.708204,
      "z" : -4.236068
    },
    "orientation" : 8
  }, {
    "shape" : "a398dbce-b9b3-4cad-98f1-a5a1dfa4f02e",
    "color" : "#7FCC9F",
    "position" : {
      "x" : -4.236068,
      "y" : -4.236068,
      "z" : 12.708204
    },
    "orientation" : 8
  }, {
    "shape" : "2db976ad-1dbf-4c7d-867c-3f8712535807",
    "color" : "#7FCC9F",
    "position" : {
      "x" : 0.0,
      "y" : 8.472136,
      "z" : 8.472136
    },
    "orientation" : 8
  }, {
    "shape" : "a883d678-9710-4902-931a-db4d1ad21791",
    "color" : "#7FCC9F",
    "position" : {
      "x" : 0.0,
      "y" : 8.472136,
      "z" : 8.472136
    },
    "orientation" : 51
  }, {
    "shape" : "2be0349f-1a8d-4fe9-be29-e6361403ede9",
    "color" : "#7FCC9F",
    "position" : {
      "x" : -6.354102,
      "y" : -10.59017,
      "z" : 14.826238
    },
    "orientation" : 8
  }, {
    "shape" : "3ca12e12-6461-46ba-82af-00f2daa46f6a",
    "color" : "#7FCC9F",
    "position" : {
      "x" : 8.472136,
      "y" : 8.472136,
      "z" : 0.0
    },
    "orientation" : 21
  }, {
    "shape" : "b0338942-f43e-47ae-884e-79d88d791d58",
    "color" : "#7FCC9F",
    "position" : {
      "x" : -4.236068,
      "y" : 4.236068,
      "z" : 12.708204
    },
    "orientation" : 8
  }, {
    "shape" : "1100f376-7a46-41c4-a126-a6a3754ee8b7",
    "color" : "#7FCC9F",
    "position" : {
      "x" : -8.472136,
      "y" : 0.0,
      "z" : 16.944271
    },
    "orientation" : 51
  }, {
    "shape" : "e65949a3-b1c5-4df1-9edd-2ee725f4f8d0",
    "color" : "#B59A8C",
    "position" : {
      "x" : 10.59017,
      "y" : 10.59017,
      "z" : -6.354102
    },
    "orientation" : 2
  }, {
    "shape" : "f5388647-6614-44b8-8c07-f2c9176ae9cf",
    "color" : "#7FCC9F",
    "position" : {
      "x" : -8.472136,
      "y" : 0.0,
      "z" : 8.472136
    },
    "orientation" : 53
  }, {
    "shape" : "67f608b5-a4c9-4017-8b7d-39610b5f6472",
    "color" : "#7FCC9F",
    "position" : {
      "x" : 12.708204,
      "y" : 12.708204,
      "z" : -4.236068
    },
    "orientation" : 6
  }, {
    "shape" : "e2ccd39b-f538-4998-8008-2d6298d3bc24",
    "color" : "#7FCC9F",
    "position" : {
      "x" : 10.59017,
      "y" : 10.59017,
      "z" : -6.354102
    },
    "orientation" : 23
  }, {
    "shape" : "3668539d-6249-4e52-ade9-7092b9f6ed7a",
    "color" : "#7FCC9F",
    "position" : {
      "x" : 6.354102,
      "y" : 14.826238,
      "z" : -10.59017
    },
    "orientation" : 51
  }, {
    "shape" : "b0338942-f43e-47ae-884e-79d88d791d58",
    "color" : "#7FCC9F",
    "position" : {
      "x" : -8.472136,
      "y" : -8.472136,
      "z" : 16.944271
    },
    "orientation" : 38
  }, {
    "shape" : "99352c81-ef21-4a8b-bd7f-5e57e3897037",
    "color" : "#7FCC9F",
    "position" : {
      "x" : 8.472136,
      "y" : 16.944271,
      "z" : -8.472136
    },
    "orientation" : 51
  }, {
    "shape" : "67f608b5-a4c9-4017-8b7d-39610b5f6472",
    "color" : "#7FCC9F",
    "position" : {
      "x" : -4.236068,
      "y" : 4.236068,
      "z" : 4.236068
    },
    "orientation" : 36
  }, {
    "shape" : "2db976ad-1dbf-4c7d-867c-3f8712535807",
    "color" : "#7FCC9F",
    "position" : {
      "x" : 4.236068,
      "y" : 4.236068,
      "z" : 4.236068
    },
    "orientation" : 22
  }, {
    "shape" : "58739dd7-6afd-4885-9433-c9486037638c",
    "color" : "#B59A8C",
    "position" : {
      "x" : -4.236068,
      "y" : -4.236068,
      "z" : 12.708204
    },
    "orientation" : 15
  }, {
    "shape" : "a883d678-9710-4902-931a-db4d1ad21791",
    "color" : "#7FCC9F",
    "position" : {
      "x" : 4.236068,
      "y" : 12.708204,
      "z" : 4.236068
    },
    "orientation" : 51
  }, {
    "shape" : "063be20f-497c-4ee7-a5f7-4a9640e18850",
    "color" : "#7FCC9F",
    "position" : {
      "x" : 0.0,
      "y" : 8.472136,
      "z" : 0.0
    },
    "orientation" : 23
  }, {
    "shape" : "d7352969-752b-449b-af9f-e2a2de4b1f3e",
    "color" : "#7FCC9F",
    "position" : {
      "x" : 4.236068,
      "y" : 12.708204,
      "z" : 4.236068
    },
    "orientation" : 51
  }, {
    "shape" : "f3feaf70-f745-4e6e-a151-fe94a85b0ec4",
    "color" : "#7FCC9F",
    "position" : {
      "x" : -4.236068,
      "y" : 4.236068,
      "z" : 4.236068
    },
    "orientation" : 53
  }, {
    "shape" : "1100f376-7a46-41c4-a126-a6a3754ee8b7",
    "color" : "#7FCC9F",
    "position" : {
      "x" : -8.472136,
      "y" : 0.0,
      "z" : 8.472136
    },
    "orientation" : 22
  }, {
    "shape" : "2db976ad-1dbf-4c7d-867c-3f8712535807",
    "color" : "#7FCC9F",
    "position" : {
      "x" : -4.236068,
      "y" : 4.236068,
      "z" : 12.708204
    },
    "orientation" : 8
  }, {
    "shape" : "6c63b9e2-6f6b-4898-89a4-b52c96f3d2bb",
    "color" : "#7FCC9F",
    "position" : {
      "x" : -10.59017,
      "y" : -6.354102,
      "z" : 10.59017
    },
    "orientation" : 36
  } ], [ {
    "shape" : "2db976ad-1dbf-4c7d-867c-3f8712535807",
    "color" : "#7FCC9F",
    "position" : {
      "x" : -14.826238,
      "y" : -4.236068,
      "z" : -6.354102
    },
    "orientation" : 51
  }, {
    "shape" : "1100f376-7a46-41c4-a126-a6a3754ee8b7",
    "color" : "#7FCC9F",
    "position" : {
      "x" : -2.118034,
      "y" : -19.062305,
      "z" : -8.472136
    },
    "orientation" : 53
  }, {
    "shape" : "e2ccd39b-f538-4998-8008-2d6298d3bc24",
    "color" : "#7FCC9F",
    "position" : {
      "x" : -4.236068,
      "y" : -10.59017,
      "z" : -12.708204
    },
    "orientation" : 36
  }, {
    "shape" : "a398dbce-b9b3-4cad-98f1-a5a1dfa4f02e",
    "color" : "#7FCC9F",
    "position" : {
      "x" : 14.826238,
      "y" : -4.236068,
      "z" : -2.118034
    },
    "orientation" : 6
  }, {
    "shape" : "99352c81-ef21-4a8b-bd7f-5e57e3897037",
    "color" : "#7FCC9F",
    "position" : {
      "x" : 19.062305,
      "y" : -6.354102,
      "z" : 8.472136
    },
    "orientation" : 23
  }, {
    "shape" : "3668539d-6249-4e52-ade9-7092b9f6ed7a",
    "color" : "#7FCC9F",
    "position" : {
      "x" : -8.472136,
      "y" : -6.354102,
      "z" : -16.944271
    },
    "orientation" : 52
  }, {
    "shape" : "67f608b5-a4c9-4017-8b7d-39610b5f6472",
    "color" : "#7FCC9F",
    "position" : {
      "x" : 6.354102,
      "y" : -6.354102,
      "z" : 4.236068
    },
    "orientation" : 38
  }, {
    "shape" : "3ca12e12-6461-46ba-82af-00f2daa46f6a",
    "color" : "#7FCC9F",
    "position" : {
      "x" : 2.118034,
      "y" : -8.472136,
      "z" : -10.59017
    },
    "orientation" : 37
  }, {
    "shape" : "2db976ad-1dbf-4c7d-867c-3f8712535807",
    "color" : "#7FCC9F",
    "position" : {
      "x" : -6.354102,
      "y" : 14.826238,
      "z" : 4.236068
    },
    "orientation" : 52
  }, {
    "shape" : "a883d678-9710-4902-931a-db4d1ad21791",
    "color" : "#7FCC9F",
    "position" : {
      "x" : 0.0,
      "y" : 10.59017,
      "z" : -10.59017
    },
    "orientation" : 6
  }, {
    "shape" : "b0338942-f43e-47ae-884e-79d88d791d58",
    "color" : "#7FCC9F",
    "position" : {
      "x" : 4.236068,
      "y" : 6.354102,
      "z" : -14.826238
    },
    "orientation" : 53
  }, {
    "shape" : "2be0349f-1a8d-4fe9-be29-e6361403ede9",
    "color" : "#7FCC9F",
    "position" : {
      "x" : 16.944271,
      "y" : -6.354102,
      "z" : -8.472136
    },
    "orientation" : 6
  }, {
    "shape" : "e2ccd39b-f538-4998-8008-2d6298d3bc24",
    "color" : "#7FCC9F",
    "position" : {
      "x" : 12.708204,
      "y" : -4.236068,
      "z" : 10.59017
    },
    "orientation" : 37
  }, {
    "shape" : "67f608b5-a4c9-4017-8b7d-39610b5f6472",
    "color" : "#7FCC9F",
    "position" : {
      "x" : 2.118034,
      "y" : 12.708204,
      "z" : -14.826238
    },
    "orientation" : 52
  }, {
    "shape" : "99352c81-ef21-4a8b-bd7f-5e57e3897037",
    "color" : "#7FCC9F",
    "position" : {
      "x" : -6.354102,
      "y" : 8.472136,
      "z" : 19.062305
    },
    "orientation" : 37
  }, {
    "shape" : "1100f376-7a46-41c4-a126-a6a3754ee8b7",
    "color" : "#7FCC9F",
    "position" : {
      "x" : 2.118034,
      "y" : -10.59017,
      "z" : 8.472136
    },
    "orientation" : 51
  }, {
    "shape" : "6c63b9e2-6f6b-4898-89a4-b52c96f3d2bb",
    "color" : "#7FCC9F",
    "position" : {
      "x" : 4.236068,
      "y" : -12.708204,
      "z" : -10.59017
    },
    "orientation" : 23
  }, {
    "shape" : "2db976ad-1dbf-4c7d-867c-3f8712535807",
    "color" : "#7FCC9F",
    "position" : {
      "x" : -6.354102,
      "y" : 4.236068,
      "z" : -6.354102
    },
    "orientation" : 8
  }, {
    "shape" : "a883d678-9710-4902-931a-db4d1ad21791",
    "color" : "#7FCC9F",
    "position" : {
      "x" : -10.59017,
      "y" : 10.59017,
      "z" : 0.0
    },
    "orientation" : 38
  }, {
    "shape" : "b0338942-f43e-47ae-884e-79d88d791d58",
    "color" : "#7FCC9F",
    "position" : {
      "x" : 19.062305,
      "y" : 8.472136,
      "z" : 6.354102
    },
    "orientation" : 6
  }, {
    "shape" : "2db976ad-1dbf-4c7d-867c-3f8712535807",
    "color" : "#7FCC9F",
    "position" : {
      "x" : 4.236068,
      "y" : 6.354102,
      "z" : 6.354102
    },
    "orientation" : 22
  }, {
    "shape" : "67f608b5-a4c9-4017-8b7d-39610b5f6472",
    "color" : "#7FCC9F",
    "position" : {
      "x" : 12.708204,
      "y" : 14.826238,
      "z" : -2.118034
    },
    "orientation" : 6
  }, {
    "shape" : "58739dd7-6afd-4885-9433-c9486037638c",
    "color" : "#B59A8C",
    "position" : {
      "x" : -2.118034,
      "y" : 14.826238,
      "z" : -4.236068
    },
    "orientation" : 32
  }, {
    "shape" : "f5388647-6614-44b8-8c07-f2c9176ae9cf",
    "color" : "#7FCC9F",
    "position" : {
      "x" : -2.118034,
      "y" : 10.59017,
      "z" : 8.472136
    },
    "orientation" : 37
  }, {
    "shape" : "1100f376-7a46-41c4-a126-a6a3754ee8b7",
    "color" : "#7FCC9F",
    "position" : {
      "x" : -2.118034,
      "y" : -10.59017,
      "z" : -8.472136
    },
    "orientation" : 6
  }, {
    "shape" : "2db976ad-1dbf-4c7d-867c-3f8712535807",
    "color" : "#7FCC9F",
    "position" : {
      "x" : -6.354102,
      "y" : -4.236068,
      "z" : 6.354102
    },
    "orientation" : 23
  }, {
