{
  "field" : "golden",
  "symmetry" : "icosahedral",
  "orientations" : [ [ 1.0, 0.0, 0.0, 0.0, 0.0, 1.0, 0.0, 0.0, 0.0, 0.0, 1.0, 0.0, 0.0, 0.0, 0.0, 1.0 ], [ 0.0, 0.0, 1.0, 0.0, 1.0, 0.0, 0.0, 0.0, 0.0, 1.0, 0.0, 0.0, 0.0, 0.0, 0.0, 1.0 ], [ 0.0, 1.0, 0.0, 0.0, 0.0, 0.0, 1.0, 0.0, 1.0, 0.0, 0.0, 0.0, 0.0, 0.0, 0.0, 1.0 ], [ 0.809017, 0.309017, 0.5, 0.0, 0.309017, 0.5, -0.809017, 0.0, -0.5, 0.809017, 0.309017, 0.0, 0.0, 0.0, 0.0, 1.0 ], [ -0.5, 0.809017, 0.309017, 0.0, 0.809017, 0.309017, 0.5, 0.0, 0.309017, 0.5, -0.809017, 0.0, 0.0, 0.0, 0.0, 1.0 ], [ 0.309017, 0.5, -0.809017, 0.0, -0.5, 0.809017, 0.309017, 0.0, 0.809017, 0.309017, 0.5, 0.0, 0.0, 0.0, 0.0, 1.0 ], [ 0.5, 0.809017, 0.309017, 0.0, 0.809017, -0.309017, -0.5, 0.0, -0.309017, 0.5, -0.809017, 0.0, 0.0, 0.0, 0.0, 1.0 ], [ -0.309017, 0.5, -0.809017, 0.0, 0.5, 0.809017, 0.309017, 0.0, 0.809017, -0.309017, -0.5, 0.0, 0.0, 0.0, 0.0, 1.0 ], [ 0.809017, -0.309017, -0.5, 0.0, -0.309017, 0.5, -0.809017, 0.0, 0.5, 0.809017, 0.309017, 0.0, 0.0, 0.0, 0.0, 1.0 ], [ 0.5, 0.809017, -0.309017, 0.0, 0.809017, -0.309017, 0.5, 0.0, 0.309017, -0.5, -0.809017, 0.0, 0.0, 0.0, 0.0, 1.0 ], [ 0.309017, -0.5, -0.809017, 0.0, 0.5, 0.809017, -0.309017, 0.0, 0.809017, -0.309017, 0.5, 0.0, 0.0, 0.0, 0.0, 1.0 ], [ 0.809017, -0.309017, 0.5, 0.0, 0.309017, -0.5, -0.809017, 0.0, 0.5, 0.809017, -0.309017, 0.0, 0.0, 0.0, 0.0, 1.0 ], [ 0.809017, 0.309017, -0.5, 0.0, 0.309017, 0.5, 0.809017, 0.0, 0.5, -0.809017, 0.309017, 0.0, 0.0, 0.0, 0.0, 1.0 ], [ 0.5, -0.809017, 0.309017, 0.0, 0.809017, 0.309017, -0.5, 0.0, 0.309017, 0.5, 0.809017, 0.0, 0.0, 0.0, 0.0, 1.0 ], [ 0.309017, 0.5, 0.809017, 0.0, 0.5, -0.809017, 0.309017, 0.0, 0.809017, 0.309017, -0.5, 0.0, 0.0, 0.0, 0.0, 1.0 ], [ 1.0, 0.0, 0.0, 0.0, 0.0, -1.0, 0.0, 0.0, 0.0, 0.0, -1.0, 0.0, 0.0, 0.0, 0.0, 1.0 ], [ 0.0, 0.0, 1.0, 0.0, -1.0, 0.0, 0.0, 0.0, 0.0, -1.0, 0.0, 0.0, 0.0, 0.0, 0.0, 1.0 ], [ 0.0, 1.0, 0.0, 0.0, 0.0, 0.0, -1.0, 0.0, -1.0, 0.0, 0.0, 0.0, 0.0, 0.0, 0.0, 1.0 ], [ 0.809017, 0.309017, 0.5, 0.0, -0.309017, -0.5, 0.809017, 0.0, 0.5, -0.809017, -0.309017, 0.0, 0.0, 0.0, 0.0, 1.0 ], [ -0.5, 0.809017, 0.309017, 0.0, -0.809017, -0.309017, -0.5, 0.0, -0.309017, -0.5, 0.809017, 0.0, 0.0, 0.0, 0.0, 1.0 ], [ 0.309017, 0.5, -0.809017, 0.0, 0.5, -0.809017, -0.309017, 0.0, -0.809017, -0.309017, -0.5, 0.0, 0.0, 0.0, 0.0, 1.0 ], [ 0.5, 0.809017, 0.309017, 0.0, -0.809017, 0.309017, 0.5, 0.0, 0.309017, -0.5, 0.809017, 0.0, 0.0, 0.0, 0.0, 1.0 ], [ -0.309017, 0.5, -0.809017, 0.0, -0.5, -0.809017, -0.309017, 0.0, -0.809017, 0.309017, 0.5, 0.0, 0.0, 0.0, 0.0, 1.0 ], [ 0.809017, -0.309017, -0.5, 0.0, 0.309017, -0.5, 0.809017, 0.0, -0.5, -0.809017, -0.309017, 0.0, 0.0, 0.0, 0.0, 1.0 ], [ 0.5, 0.809017, -0.309017, 0.0, -0.809017, 0.309017, -0.5, 0.0, -0.309017, 0.5, 0.809017, 0.0, 0.0, 0.0, 0.0, 1.0 ], [ 0.309017, -0.5, -0.809017, 0.0, -0.5, -0.809017, 0.309017, 0.0, -0.809017, 0.309017, -0.5, 0.0, 0.0, 0.0, 0.0, 1.0 ], [ 0.809017, -0.309017, 0.5, 0.0, -0.309017, 0.5, 0.809017, 0.0, -0.5, -0.809017, 0.309017, 0.0, 0.0, 0.0, 0.0, 1.0 ], [ 0.809017, 0.309017, -0.5, 0.0, -0.309017, -0.5, -0.809017, 0.0, -0.5, 0.809017, -0.309017, 0.0, 0.0, 0.0, 0.0, 1.0 ], [ 0.5, -0.809017, 0.309017, 0.0, -0.809017, -0.309017, 0.5, 0.0, -0.309017, -0.5, -0.809017, 0.0, 0.0, 0.0, 0.0, 1.0 ], [ 0.309017, 0.5, 0.809017, 0.0, -0.5, 0.809017, -0.309017, 0.0, -0.809017, -0.309017, 0.5, 0.0, 0.0, 0.0, 0.0, 1.0 ], [ -1.0, 0.0, 0.0, 0.0, 0.0, -1.0, 0.0, 0.0, 0.0, 0.0, 1.0, 0.0, 0.0, 0.0, 0.0, 1.0 ], [ 0.0, 0.0, -1.0, 0.0, -1.0, 0.0, 0.0, 0.0, 0.0, 1.0, 0.0, 0.0, 0.0, 0.0, 0.0, 1.0 ], [ 0.0, -1.0, 0.0, 0.0, 0.0, 0.0, -1.0, 0.0, 1.0, 0.0, 0.0, 0.0, 0.0, 0.0, 0.0, 1.0 ], [ -0.809017, -0.309017, -0.5, 0.0, -0.309017, -0.5, 0.809017, 0.0, -0.5, 0.809017, 0.309017, 0.0, 0.0, 0.0, 0.0, 1.0 ], [ 0.5, -0.809017, -0.309017, 0.0, -0.809017, -0.309017, -0.5, 0.0, 0.309017, 0.5, -0.809017, 0.0, 0.0, 0.0, 0.0, 1.0 ], [ -0.309017, -0.5, 0.809017, 0.0, 0.5, -0.809017, -0.309017, 0.0, 0.809017, 0.309017, 0.5, 0.0, 0.0, 0.0, 0.0, 1.0 ], [ -0.5, -0.809017, -0.309017, 0.0, -0.809017, 0.309017, 0.5, 0.0, -0.309017, 0.5, -0.809017, 0.0, 0.0, 0.0, 0.0, 1.0 ], [ 0.309017, -0.5, 0.809017, 0.0, -0.5, -0.809017, -0.309017, 0.0, 0.809017, -0.309017, -0.5, 0.0, 0.0, 0.0, 0.0, 1.0 ], [ -0.809017, 0.309017, 0.5, 0.0, 0.309017, -0.5, 0.809017, 0.0, 0.5, 0.809017, 0.309017, 0.0, 0.0, 0.0, 0.0, 1.0 ], [ -0.5, -0.809017, 0.309017, 0.0, -0.809017, 0.309017, -0.5, 0.0, 0.309017, -0.5, -0.809017, 0.0, 0.0, 0.0, 0.0, 1.0 ], [ -0.309017, 0.5, 0.809017, 0.0, -0.5, -0.809017, 0.309017, 0.0, 0.809017, -0.309017, 0.5, 0.0, 0.0, 0.0, 0.0, 1.0 ], [ -0.809017, 0.309017, -0.5, 0.0, -0.309017, 0.5, 0.809017, 0.0, 0.5, 0.809017, -0.309017, 0.0, 0.0, 0.0, 0.0, 1.0 ], [ -0.809017, -0.309017, 0.5, 0.0, -0.309017, -0.5, -0.809017, 0.0, 0.5, -0.809017, 0.309017, 0.0, 0.0, 0.0, 0.0, 1.0 ], [ -0.5, 0.809017, -0.309017, 0.0, -0.809017, -0.309017, 0.5, 0.0, 0.309017, 0.5, 0.809017, 0.0, 0.0, 0.0, 0.0, 1.0 ], [ -0.309017, -0.5, -0.809017, 0.0, -0.5, 0.809017, -0.309017, 0.0, 0.809017, 0.309017, -0.5, 0.0, 0.0, 0.0, 0.0, 1.0 ], [ -1.0, 0.0, 0.0, 0.0, 0.0, 1.0, 0.0, 0.0, 0.0, 0.0, -1.0, 0.0, 0.0, 0.0, 0.0, 1.0 ], [ 0.0, 0.0, -1.0, 0.0, 1.0, 0.0, 0.0, 0.0, 0.0, -1.0, 0.0, 0.0, 0.0, 0.0, 0.0, 1.0 ], [ 0.0, -1.0, 0.0, 0.0, 0.0, 0.0, 1.0, 0.0, -1.0, 0.0, 0.0, 0.0, 0.0, 0.0, 0.0, 1.0 ], [ -0.809017, -0.309017, -0.5, 0.0, 0.309017, 0.5, -0.809017, 0.0, 0.5, -0.809017, -0.309017, 0.0, 0.0, 0.0, 0.0, 1.0 ], [ 0.5, -0.809017, -0.309017, 0.0, 0.809017, 0.309017, 0.5, 0.0, -0.309017, -0.5, 0.809017, 0.0, 0.0, 0.0, 0.0, 1.0 ], [ -0.309017, -0.5, 0.809017, 0.0, -0.5, 0.809017, 0.309017, 0.0, -0.809017, -0.309017, -0.5, 0.0, 0.0, 0.0, 0.0, 1.0 ], [ -0.5, -0.809017, -0.309017, 0.0, 0.809017, -0.309017, -0.5, 0.0, 0.309017, -0.5, 0.809017, 0.0, 0.0, 0.0, 0.0, 1.0 ], [ 0.309017, -0.5, 0.809017, 0.0, 0.5, 0.809017, 0.309017, 0.0, -0.809017, 0.309017, 0.5, 0.0, 0.0, 0.0, 0.0, 1.0 ], [ -0.809017, 0.309017, 0.5, 0.0, -0.309017, 0.5, -0.809017, 0.0, -0.5, -0.809017, -0.309017, 0.0, 0.0, 0.0, 0.0, 1.0 ], [ -0.5, -0.809017, 0.309017, 0.0, 0.809017, -0.309017, 0.5, 0.0, -0.309017, 0.5, 0.809017, 0.0, 0.0, 0.0, 0.0, 1.0 ], [ -0.309017, 0.5, 0.809017, 0.0, 0.5, 0.809017, -0.309017, 0.0, -0.809017, 0.309017, -0.5, 0.0, 0.0, 0.0, 0.0, 1.0 ], [ -0.809017, 0.309017, -0.5, 0.0, 0.309017, -0.5, -0.809017, 0.0, -0.5, -0.809017, 0.309017, 0.0, 0.0, 0.0, 0.0, 1.0 ], [ -0.809017, -0.309017, 0.5, 0.0, 0.309017, 0.5, 0.809017, 0.0, -0.5, 0.809017, -0.309017, 0.0, 0.0, 0.0, 0.0, 1.0 ], [ -0.5, 0.809017, -0.309017, 0.0, 0.809017, 0.309017, -0.5, 0.0, -0.309017, -0.5, -0.809017, 0.0, 0.0, 0.0, 0.0, 1.0 ], [ -0.309017, -0.5, -0.809017, 0.0, 0.5, -0.809017, 0.309017, 0.0, -0.809017, -0.309017, 0.5, 0.0, 0.0, 0.0, 0.0, 1.0 ] ],
  "lights" : {
    "ambientColor" : "#292929",
    "backgroundColor" : "#EFEFFF",
    "directionalLights" : [ {
      "direction" : {
        "x" : 1.0,
        "y" : -1.0,
        "z" : -1.0
      },
      "color" : "#EBEBE4"
    }, {
      "direction" : {
        "x" : -1.0,
        "y" : 0.0,
        "z" : 0.0
      },
      "color" : "#E4E4EB"
    }, {
      "direction" : {
        "x" : 0.0,
        "y" : 0.0,
        "z" : -1.0
      },
      "color" : "#1E1E1E"
    } ]
  },
  "camera" : {
    "stereo" : false,
    "width" : 117.96323,
    "perspective" : false,
    "lookDirection" : {
      "x" : 0.0,
      "y" : 0.0,
      "z" : -1.0
    },
    "upDirection" : {
      "x" : 0.0,
      "y" : 1.0,
      "z" : 0.0
    },
    "lookAtPoint" : {
      "x" : 0.0,
      "y" : 0.0,
      "z" : 0.0
    },
    "viewDistance" : 262.1402,
    "nearClipDistance" : 0.6553512,
    "farClipDistance" : 524.2817,
    "fieldOfView" : 0.4426294,
    "position" : {
      "x" : 0.0,
      "y" : 0.0,
      "z" : 262.1402
    }
  },
  "embedding" : [ 1.0, 0.0, 0.0, 0.0, 0.0, 1.0, 0.0, 0.0, 0.0, 0.0, 1.0, 0.0, 0.0, 0.0, 0.0, 1.0 ],
  "shapes" : [ {
    "id" : "34c24a36-3e9f-4275-89da-918e7ebf7100",
    "vertices" : [ {
      "x" : 0.309017,
      "y" : -0.309017,
      "z" : -0.309017
    }, {
      "x" : 0.5,
      "y" : 0.0,
      "z" : -0.19098301
    }, {
      "x" : 0.5,
      "y" : 0.0,
      "z" : 0.19098301
    }, {
      "x" : 0.309017,
      "y" : -0.309017,
      "z" : 0.309017
    }, {
      "x" : 0.19098301,
      "y" : -0.5,
      "z" : 0.0
    }, {
      "x" : 0.0,
      "y" : 0.19098301,
      "z" : 0.5
    }, {
      "x" : 0.0,
      "y" : -0.19098301,
      "z" : 0.5
    }, {
      "x" : 0.309017,
      "y" : 0.309017,
      "z" : 0.309017
    }, {
      "x" : -0.309017,
      "y" : -0.309017,
      "z" : 0.309017
    }, {
      "x" : -0.309017,
      "y" : 0.309017,
      "z" : 0.309017
    }, {
      "x" : -0.5,
      "y" : 0.0,
      "z" : 0.19098301
    }, {
      "x" : 0.0,
      "y" : -0.19098301,
      "z" : -0.5
    }, {
      "x" : 0.0,
      "y" : 0.19098301,
      "z" : -0.5
    }, {
      "x" : 0.309017,
      "y" : 0.309017,
      "z" : -0.309017
    }, {
      "x" : -0.309017,
      "y" : -0.309017,
      "z" : -0.309017
    }, {
      "x" : -0.19098301,
      "y" : -0.5,
      "z" : 0.0
    }, {
      "x" : -0.5,
      "y" : 0.0,
      "z" : -0.19098301
    }, {
      "x" : 0.19098301,
      "y" : 0.5,
      "z" : 0.0
    }, {
      "x" : -0.309017,
      "y" : 0.309017,
      "z" : -0.309017
    }, {
      "x" : 0.0,
      "y" : 0.0,
      "z" : 0.0
    }, {
      "x" : -0.19098301,
      "y" : 0.5,
      "z" : 0.0
    } ],
    "faces" : [ {
      "vertices" : [ 12, 18, 20 ]
    }, {
      "vertices" : [ 12, 20, 17 ]
    }, {
      "vertices" : [ 12, 17, 13 ]
    }, {
      "vertices" : [ 3, 6, 8 ]
    }, {
      "vertices" : [ 3, 8, 15 ]
    }, {
      "vertices" : [ 3, 15, 4 ]
    }, {
      "vertices" : [ 0, 11, 12 ]
    }, {
      "vertices" : [ 0, 12, 13 ]
    }, {
      "vertices" : [ 0, 13, 1 ]
    }, {
      "vertices" : [ 5, 9, 10 ]
    }, {
      "vertices" : [ 5, 10, 8 ]
    }, {
      "vertices" : [ 5, 8, 6 ]
    }, {
      "vertices" : [ 2, 7, 5 ]
    }, {
      "vertices" : [ 2, 5, 6 ]
    }, {
      "vertices" : [ 2, 6, 3 ]
    }, {
      "vertices" : [ 11, 14, 16 ]
    }, {
      "vertices" : [ 11, 16, 18 ]
    }, {
      "vertices" : [ 11, 18, 12 ]
    }, {
      "vertices" : [ 1, 13, 17 ]
    }, {
      "vertices" : [ 1, 17, 7 ]
    }, {
      "vertices" : [ 1, 7, 2 ]
    }, {
      "vertices" : [ 9, 20, 18 ]
    }, {
      "vertices" : [ 9, 18, 16 ]
    }, {
      "vertices" : [ 9, 16, 10 ]
    }, {
      "vertices" : [ 0, 1, 2 ]
    }, {
      "vertices" : [ 0, 2, 3 ]
    }, {
      "vertices" : [ 0, 3, 4 ]
    }, {
      "vertices" : [ 5, 7, 17 ]
    }, {
      "vertices" : [ 5, 17, 20 ]
    }, {
      "vertices" : [ 5, 20, 9 ]
    }, {
      "vertices" : [ 0, 4, 15 ]
    }, {
      "vertices" : [ 0, 15, 14 ]
    }, {
      "vertices" : [ 0, 14, 11 ]
    }, {
      "vertices" : [ 8, 10, 16 ]
    }, {
      "vertices" : [ 8, 16, 14 ]
    }, {
      "vertices" : [ 8, 14, 15 ]
    } ]
  }, {
    "id" : "89fe95fe-a6c5-43f6-9a04-724a0b7c5ec9",
    "vertices" : [ {
      "x" : 1.0,
      "y" : 0.309017,
      "z" : 0.19098301
    }, {
      "x" : 1.0,
      "y" : -0.309017,
      "z" : 0.19098301
    }, {
      "x" : 4.236068,
      "y" : -0.309017,
      "z" : 0.19098301
    }, {
      "x" : 4.236068,
      "y" : 0.309017,
      "z" : 0.19098301
    }, {
      "x" : 4.236068,
      "y" : -0.309017,
      "z" : -0.19098301
    }, {
      "x" : 4.236068,
      "y" : 0.309017,
      "z" : -0.19098301
    }, {
      "x" : 4.854102,
      "y" : 0.0,
      "z" : 0.0
    }, {
      "x" : 0.38196602,
      "y" : 0.0,
      "z" : 0.0
    }, {
      "x" : 1.0,
      "y" : 0.309017,
      "z" : -0.19098301
    }, {
      "x" : 1.0,
      "y" : -0.309017,
      "z" : -0.19098301
    }, {
      "x" : 5.236068,
      "y" : 0.0,
      "z" : 0.0
    } ],
    "faces" : [ {
      "vertices" : [ 1, 9, 4 ]
    }, {
      "vertices" : [ 1, 4, 2 ]
    }, {
      "vertices" : [ 0, 3, 5 ]
    }, {
      "vertices" : [ 0, 5, 8 ]
    }, {
      "vertices" : [ 1, 7, 9 ]
    }, {
      "vertices" : [ 0, 1, 2 ]
    }, {
      "vertices" : [ 0, 2, 3 ]
    }, {
      "vertices" : [ 7, 8, 9 ]
    }, {
      "vertices" : [ 0, 7, 1 ]
    }, {
      "vertices" : [ 4, 9, 8 ]
    }, {
      "vertices" : [ 4, 8, 5 ]
    }, {
      "vertices" : [ 2, 6, 3 ]
    }, {
      "vertices" : [ 2, 4, 6 ]
    }, {
      "vertices" : [ 3, 6, 5 ]
    }, {
      "vertices" : [ 4, 5, 6 ]
    }, {
      "vertices" : [ 0, 8, 7 ]
    } ]
  }, {
    "id" : "b5f6bb7f-6463-44cd-936f-81798f62985a",
    "vertices" : [ {
      "x" : -15.326238,
      "y" : 8.472136,
      "z" : -16.326239
    }, {
      "x" : -17.944271,
      "y" : 12.708204,
      "z" : -9.472136
    }, {
      "x" : -24.798374,
      "y" : 15.326238,
      "z" : -13.708204
    }, {
      "x" : -22.18034,
      "y" : 11.09017,
      "z" : -20.562305
    } ],
    "faces" : [ {
      "vertices" : [ 0, 1, 2 ]
    }, {
      "vertices" : [ 0, 2, 3 ]
    }, {
      "vertices" : [ 0, 3, 2 ]
    }, {
      "vertices" : [ 0, 2, 1 ]
    } ]
  }, {
    "id" : "c5392bce-38ea-4912-b878-93384e5d7a44",
    "vertices" : [ {
      "x" : 1.0,
      "y" : 0.309017,
      "z" : 0.19098301
    }, {
      "x" : 1.0,
      "y" : -0.309017,
      "z" : 0.19098301
    }, {
      "x" : 7.472136,
      "y" : -0.309017,
      "z" : 0.19098301
    }, {
      "x" : 7.472136,
      "y" : 0.309017,
      "z" : 0.19098301
    }, {
      "x" : 7.472136,
      "y" : -0.309017,
      "z" : -0.19098301
    }, {
      "x" : 7.472136,
      "y" : 0.309017,
      "z" : -0.19098301
    }, {
      "x" : 8.09017,
      "y" : 0.0,
      "z" : 0.0
    }, {
      "x" : 0.38196602,
      "y" : 0.0,
      "z" : 0.0
    }, {
      "x" : 1.0,
      "y" : 0.309017,
      "z" : -0.19098301
    }, {
      "x" : 1.0,
      "y" : -0.309017,
      "z" : -0.19098301
    }, {
      "x" : 8.472136,
      "y" : 0.0,
      "z" : 0.0
    } ],
    "faces" : [ {
      "vertices" : [ 1, 9, 4 ]
    }, {
      "vertices" : [ 1, 4, 2 ]
    }, {
      "vertices" : [ 0, 3, 5 ]
    }, {
      "vertices" : [ 0, 5, 8 ]
    }, {
      "vertices" : [ 1, 7, 9 ]
    }, {
      "vertices" : [ 0, 1, 2 ]
    }, {
      "vertices" : [ 0, 2, 3 ]
    }, {
      "vertices" : [ 7, 8, 9 ]
    }, {
      "vertices" : [ 0, 7, 1 ]
    }, {
      "vertices" : [ 4, 9, 8 ]
    }, {
      "vertices" : [ 4, 8, 5 ]
    }, {
      "vertices" : [ 2, 6, 3 ]
    }, {
      "vertices" : [ 2, 4, 6 ]
    }, {
      "vertices" : [ 3, 6, 5 ]
    }, {
      "vertices" : [ 4, 5, 6 ]
    }, {
      "vertices" : [ 0, 8, 7 ]
    } ]
  }, {
    "id" : "2155f05e-a782-4b27-a6f8-d898f33f392e",
    "vertices" : [ {
      "x" : -13.708204,
      "y" : -19.562305,
      "z" : -1.618034
    }, {
      "x" : -6.854102,
      "y" : -22.18034,
      "z" : -5.854102
    }, {
      "x" : -11.09017,
      "y" : -29.034441,
      "z" : -8.472136
    }, {
      "x" : -17.944271,
      "y" : -26.416409,
      "z" : -4.236068
    } ],
    "faces" : [ {
      "vertices" : [ 0, 1, 2 ]
    }, {
      "vertices" : [ 0, 2, 3 ]
    }, {
      "vertices" : [ 0, 3, 2 ]
    }, {
      "vertices" : [ 0, 2, 1 ]
    } ]
  }, {
    "id" : "cffe1d88-df50-4c04-bf81-0781c950ccea",
    "vertices" : [ {
      "x" : 6.854102,
      "y" : -13.708204,
      "z" : 11.09017
    }, {
      "x" : 0.0,
      "y" : -11.09017,
      "z" : 15.326238
    }, {
      "x" : 4.236068,
      "y" : -4.236068,
      "z" : 17.944271
    }, {
      "x" : 11.09017,
      "y" : -6.854102,
      "z" : 13.708204
    } ],
    "faces" : [ {
      "vertices" : [ 0, 1, 2 ]
    }, {
      "vertices" : [ 0, 2, 3 ]
    }, {
      "vertices" : [ 0, 3, 2 ]
    }, {
      "vertices" : [ 0, 2, 1 ]
    } ]
  }, {
    "id" : "3e5d4235-770a-483f-829f-87d02073cf6a",
    "vertices" : [ {
      "x" : 11.09017,
      "y" : 6.854102,
      "z" : -13.708204
    }, {
      "x" : 15.326238,
      "y" : 0.0,
      "z" : -11.09017
    }, {
      "x" : 17.944271,
      "y" : 4.236068,
      "z" : -4.236068
    }, {
      "x" : 13.708204,
      "y" : 11.09017,
      "z" : -6.854102
    } ],
    "faces" : [ {
      "vertices" : [ 0, 1, 2 ]
    }, {
      "vertices" : [ 0, 2, 3 ]
    }, {
      "vertices" : [ 0, 3, 2 ]
    }, {
      "vertices" : [ 0, 2, 1 ]
    } ]
  }, {
    "id" : "727ef8bf-923b-4977-9eaa-2d43334976f0",
    "vertices" : [ {
      "x" : 4.236068,
      "y" : 17.944271,
      "z" : 26.416409
    }, {
      "x" : 1.618034,
      "y" : 13.708204,
      "z" : 19.562305
    }, {
      "x" : 8.472136,
      "y" : 16.326239,
      "z" : 15.326238
    }, {
      "x" : 11.09017,
      "y" : 20.562305,
      "z" : 22.18034
    } ],
    "faces" : [ {
      "vertices" : [ 0, 1, 2 ]
    }, {
      "vertices" : [ 0, 2, 3 ]
    }, {
      "vertices" : [ 0, 3, 2 ]
    }, {
      "vertices" : [ 0, 2, 1 ]
    } ]
  }, {
    "id" : "665fa463-c8b4-4235-8591-c8a90a5060af",
    "vertices" : [ {
      "x" : 4.236068,
      "y" : -17.944271,
      "z" : -26.416409
    }, {
      "x" : 1.618034,
      "y" : -13.708204,
      "z" : -19.562305
    }, {
      "x" : 8.472136,
      "y" : -16.326239,
      "z" : -15.326238
    }, {
      "x" : 11.09017,
      "y" : -20.562305,
      "z" : -22.18034
    } ],
    "faces" : [ {
      "vertices" : [ 0, 1, 2 ]
    }, {
      "vertices" : [ 0, 2, 3 ]
    }, {
      "vertices" : [ 0, 3, 2 ]
    }, {
      "vertices" : [ 0, 2, 1 ]
    } ]
  }, {
    "id" : "76c0c0d2-bbf7-4743-84fa-75d79d80125b",
    "vertices" : [ {
      "x" : -17.944271,
      "y" : 12.708204,
      "z" : 9.472136
    }, {
      "x" : -15.326238,
      "y" : 8.472136,
      "z" : 16.326239
    }, {
      "x" : -22.18034,
      "y" : 11.09017,
      "z" : 20.562305
    }, {
      "x" : -24.798374,
      "y" : 15.326238,
      "z" : 13.708204
    } ],
    "faces" : [ {
      "vertices" : [ 0, 1, 2 ]
    }, {
      "vertices" : [ 0, 2, 3 ]
    }, {
      "vertices" : [ 0, 3, 2 ]
    }, {
      "vertices" : [ 0, 2, 1 ]
    } ]
  }, {
    "id" : "39b43cb3-1818-4b04-a967-1f61bcd5f44c",
    "vertices" : [ {
      "x" : 11.09017,
      "y" : -6.854102,
      "z" : -13.708204
    }, {
      "x" : 4.236068,
      "y" : -4.236068,
      "z" : -17.944271
    }, {
      "x" : 0.0,
      "y" : -11.09017,
      "z" : -15.326238
    }, {
      "x" : 6.854102,
      "y" : -13.708204,
      "z" : -11.09017
    } ],
    "faces" : [ {
      "vertices" : [ 0, 1, 2 ]
    }, {
      "vertices" : [ 0, 2, 3 ]
    }, {
      "vertices" : [ 0, 3, 2 ]
    }, {
      "vertices" : [ 0, 2, 1 ]
    } ]
  }, {
    "id" : "cc7489fd-cfef-465a-8c04-b6f13c925142",
    "vertices" : [ {
      "x" : -16.326239,
      "y" : 15.326238,
      "z" : -8.472136
    }, {
      "x" : -9.472136,
      "y" : 17.944271,
      "z" : -12.708204
    }, {
      "x" : -13.708204,
      "y" : 24.798374,
      "z" : -15.326238
    }, {
      "x" : -20.562305,
      "y" : 22.18034,
      "z" : -11.09017
    } ],
    "faces" : [ {
      "vertices" : [ 0, 1, 2 ]
    }, {
      "vertices" : [ 0, 2, 3 ]
    }, {
      "vertices" : [ 0, 3, 2 ]
    }, {
      "vertices" : [ 0, 2, 1 ]
    } ]
  }, {
    "id" : "4a5a7ecb-2626-4d3e-a2ee-0d82f42bf033",
    "vertices" : [ {
      "x" : 17.944271,
      "y" : -26.416409,
      "z" : -4.236068
    }, {
      "x" : 13.708204,
      "y" : -19.562305,
      "z" : -1.618034
    }, {
      "x" : 16.326239,
      "y" : -15.326238,
      "z" : -8.472136
    }, {
      "x" : 20.562305,
      "y" : -22.18034,
      "z" : -11.09017
    } ],
    "faces" : [ {
      "vertices" : [ 0, 1, 2 ]
    }, {
      "vertices" : [ 0, 2, 3 ]
    }, {
      "vertices" : [ 0, 3, 2 ]
    }, {
      "vertices" : [ 0, 2, 1 ]
    } ]
  }, {
    "id" : "4703adca-1d2b-4466-a836-6e121f04cdef",
    "vertices" : [ {
      "x" : -1.618034,
      "y" : -13.708204,
      "z" : -19.562305
    }, {
      "x" : -5.854102,
      "y" : -6.854102,
      "z" : -22.18034
    }, {
      "x" : -8.472136,
      "y" : -11.09017,
      "z" : -29.034441
    }, {
      "x" : -4.236068,
      "y" : -17.944271,
      "z" : -26.416409
    } ],
    "faces" : [ {
      "vertices" : [ 0, 1, 2 ]
    }, {
      "vertices" : [ 0, 2, 3 ]
    }, {
      "vertices" : [ 0, 3, 2 ]
    }, {
      "vertices" : [ 0, 2, 1 ]
    } ]
  }, {
    "id" : "1fb126b6-308d-4a38-b61c-b003cb9837f9",
    "vertices" : [ {
      "x" : 11.09017,
      "y" : -20.562305,
      "z" : 22.18034
    }, {
      "x" : 8.472136,
      "y" : -16.326239,
      "z" : 15.326238
    }, {
      "x" : 1.618034,
      "y" : -13.708204,
      "z" : 19.562305
    }, {
      "x" : 4.236068,
      "y" : -17.944271,
      "z" : 26.416409
    } ],
    "faces" : [ {
      "vertices" : [ 0, 1, 2 ]
    }, {
      "vertices" : [ 0, 2, 3 ]
    }, {
      "vertices" : [ 0, 3, 2 ]
    }, {
      "vertices" : [ 0, 2, 1 ]
    } ]
  }, {
    "id" : "48216602-183a-4e74-8aed-1d7a9e944e65",
    "vertices" : [ {
      "x" : 6.854102,
      "y" : 22.18034,
      "z" : 5.854102
    }, {
      "x" : 13.708204,
      "y" : 19.562305,
      "z" : 1.618034
    }, {
      "x" : 17.944271,
      "y" : 26.416409,
      "z" : 4.236068
    }, {
      "x" : 11.09017,
      "y" : 29.034441,
      "z" : 8.472136
    } ],
    "faces" : [ {
      "vertices" : [ 0, 1, 2 ]
    }, {
      "vertices" : [ 0, 2, 3 ]
    }, {
      "vertices" : [ 0, 3, 2 ]
    }, {
      "vertices" : [ 0, 2, 1 ]
    } ]
  }, {
    "id" : "981ae40d-5dc8-4f75-b631-325afde3b0f0",
    "vertices" : [ {
      "x" : -17.944271,
      "y" : 4.236068,
      "z" : 4.236068
    }, {
      "x" : -13.708204,
      "y" : 11.09017,
      "z" : 6.854102
    }, {
      "x" : -11.09017,
      "y" : 6.854102,
      "z" : 13.708204
    }, {
      "x" : -15.326238,
      "y" : 0.0,
      "z" : 11.09017
    } ],
    "faces" : [ {
      "vertices" : [ 0, 1, 2 ]
    }, {
      "vertices" : [ 0, 2, 3 ]
    }, {
      "vertices" : [ 0, 3, 2 ]
    }, {
      "vertices" : [ 0, 2, 1 ]
    } ]
  }, {
    "id" : "f44e6fab-a090-4255-95a8-362e19369cdc",
    "vertices" : [ {
      "x" : 26.416409,
      "y" : -4.236068,
      "z" : -17.944271
    }, {
      "x" : 19.562305,
      "y" : -1.618034,
      "z" : -13.708204
    }, {
      "x" : 15.326238,
      "y" : -8.472136,
      "z" : -16.326239
    }, {
      "x" : 22.18034,
      "y" : -11.09017,
      "z" : -20.562305
    } ],
    "faces" : [ {
      "vertices" : [ 0, 1, 2 ]
    }, {
      "vertices" : [ 0, 2, 3 ]
    }, {
      "vertices" : [ 0, 3, 2 ]
    }, {
      "vertices" : [ 0, 2, 1 ]
    } ]
  }, {
    "id" : "9e077b30-f253-48b6-814e-bcc9464abe49",
    "vertices" : [ {
      "x" : 15.326238,
      "y" : 8.472136,
      "z" : 16.326239
    }, {
      "x" : 17.944271,
      "y" : 12.708204,
      "z" : 9.472136
    }, {
      "x" : 24.798374,
      "y" : 15.326238,
      "z" : 13.708204
    }, {
      "x" : 22.18034,
      "y" : 11.09017,
      "z" : 20.562305
    } ],
    "faces" : [ {
      "vertices" : [ 0, 1, 2 ]
    }, {
      "vertices" : [ 0, 2, 3 ]
    }, {
      "vertices" : [ 0, 3, 2 ]
    }, {
      "vertices" : [ 0, 2, 1 ]
    } ]
  }, {
    "id" : "fe1d21f9-9fa0-409d-9752-dcdf27e96f84",
    "vertices" : [ {
      "x" : -26.416409,
      "y" : 4.236068,
      "z" : -17.944271
    }, {
      "x" : -19.562305,
      "y" : 1.618034,
      "z" : -13.708204
    }, {
      "x" : -15.326238,
      "y" : 8.472136,
      "z" : -16.326239
    }, {
      "x" : -22.18034,
      "y" : 11.09017,
      "z" : -20.562305
    } ],
    "faces" : [ {
      "vertices" : [ 0, 1, 2 ]
    }, {
      "vertices" : [ 0, 2, 3 ]
    }, {
      "vertices" : [ 0, 3, 2 ]
    }, {
      "vertices" : [ 0, 2, 1 ]
    } ]
  }, {
    "id" : "e3a36f9c-451a-4c36-866d-6ec77b979b7f",
    "vertices" : [ {
      "x" : -4.236068,
      "y" : 17.944271,
      "z" : -4.236068
    }, {
      "x" : 4.236068,
      "y" : 17.944271,
      "z" : -4.236068
    }, {
      "x" : 4.236068,
      "y" : 17.944271,
      "z" : 4.236068
    }, {
      "x" : -4.236068,
      "y" : 17.944271,
      "z" : 4.236068
    } ],
    "faces" : [ {
      "vertices" : [ 0, 1, 2 ]
    }, {
      "vertices" : [ 0, 2, 3 ]
    }, {
      "vertices" : [ 0, 3, 2 ]
    }, {
      "vertices" : [ 0, 2, 1 ]
    } ]
  }, {
    "id" : "a8f38298-03e9-4d76-8337-c459c0ce3015",
    "vertices" : [ {
      "x" : 8.472136,
      "y" : 11.09017,
      "z" : -29.034441
    }, {
      "x" : 5.854102,
      "y" : 6.854102,
      "z" : -22.18034
    }, {
      "x" : 12.708204,
      "y" : 9.472136,
      "z" : -17.944271
    }, {
      "x" : 15.326238,
      "y" : 13.708204,
      "z" : -24.798374
    } ],
    "faces" : [ {
      "vertices" : [ 0, 1, 2 ]
    }, {
      "vertices" : [ 0, 2, 3 ]
    }, {
      "vertices" : [ 0, 3, 2 ]
    }, {
      "vertices" : [ 0, 2, 1 ]
    } ]
  }, {
    "id" : "daceef9c-29d7-45f7-a06f-56f8876e97cb",
    "vertices" : [ {
      "x" : 17.944271,
      "y" : -4.236068,
      "z" : -4.236068
    }, {
      "x" : 17.944271,
      "y" : -4.236068,
      "z" : 4.236068
    }, {
      "x" : 17.944271,
      "y" : 4.236068,
      "z" : 4.236068
    }, {
      "x" : 17.944271,
      "y" : 4.236068,
      "z" : -4.236068
    } ],
    "faces" : [ {
      "vertices" : [ 0, 1, 2 ]
    }, {
      "vertices" : [ 0, 2, 3 ]
    }, {
      "vertices" : [ 0, 3, 2 ]
    }, {
      "vertices" : [ 0, 2, 1 ]
    } ]
  }, {
    "id" : "a563da2e-70ae-4371-bd6d-58d74b662729",
    "vertices" : [ {
      "x" : 12.708204,
      "y" : -9.472136,
      "z" : 17.944271
    }, {
      "x" : 8.472136,
      "y" : -16.326239,
      "z" : 15.326238
    }, {
      "x" : 11.09017,
      "y" : -20.562305,
      "z" : 22.18034
    }, {
      "x" : 15.326238,
      "y" : -13.708204,
      "z" : 24.798374
    } ],
    "faces" : [ {
      "vertices" : [ 0, 1, 2 ]
    }, {
      "vertices" : [ 0, 2, 3 ]
    }, {
      "vertices" : [ 0, 3, 2 ]
    }, {
      "vertices" : [ 0, 2, 1 ]
    } ]
  }, {
    "id" : "25a8a507-139b-4cd9-9967-9b7baec8f8d0",
    "vertices" : [ {
      "x" : 11.09017,
      "y" : 29.034441,
      "z" : -8.472136
    }, {
      "x" : 6.854102,
      "y" : 22.18034,
      "z" : -5.854102
    }, {
      "x" : 9.472136,
      "y" : 17.944271,
      "z" : -12.708204
    }, {
      "x" : 13.708204,
      "y" : 24.798374,
      "z" : -15.326238
    } ],
    "faces" : [ {
      "vertices" : [ 0, 1, 2 ]
    }, {
      "vertices" : [ 0, 2, 3 ]
    }, {
      "vertices" : [ 0, 3, 2 ]
    }, {
      "vertices" : [ 0, 2, 1 ]
    } ]
  }, {
    "id" : "1fe6594a-eb89-4e44-a285-097cf5ea619c",
    "vertices" : [ {
      "x" : -22.18034,
      "y" : 11.09017,
      "z" : 20.562305
    }, {
      "x" : -15.326238,
      "y" : 8.472136,
      "z" : 16.326239
    }, {
      "x" : -19.562305,
      "y" : 1.618034,
      "z" : 13.708204
    }, {
      "x" : -26.416409,
      "y" : 4.236068,
      "z" : 17.944271
    } ],
    "faces" : [ {
      "vertices" : [ 0, 1, 2 ]
    }, {
      "vertices" : [ 0, 2, 3 ]
    }, {
      "vertices" : [ 0, 3, 2 ]
    }, {
      "vertices" : [ 0, 2, 1 ]
    } ]
  }, {
    "id" : "8ea30fe6-9c4b-4416-9f66-64c00f754b39",
    "vertices" : [ {
      "x" : -11.09017,
      "y" : -20.562305,
      "z" : -22.18034
    }, {
      "x" : -8.472136,
      "y" : -16.326239,
      "z" : -15.326238
    }, {
      "x" : -1.618034,
      "y" : -13.708204,
      "z" : -19.562305
    }, {
      "x" : -4.236068,
      "y" : -17.944271,
      "z" : -26.416409
    } ],
    "faces" : [ {
      "vertices" : [ 0, 1, 2 ]
    }, {
      "vertices" : [ 0, 2, 3 ]
    }, {
      "vertices" : [ 0, 3, 2 ]
    }, {
      "vertices" : [ 0, 2, 1 ]
    } ]
  }, {
    "id" : "dde4c2c1-e627-4e15-ae5f-a8b5a0ee355e",
    "vertices" : [ {
      "x" : 11.09017,
      "y" : -29.034441,
      "z" : 8.472136
    }, {
      "x" : 6.854102,
      "y" : -22.18034,
      "z" : 5.854102
    }, {
      "x" : 9.472136,
      "y" : -17.944271,
      "z" : 12.708204
    }, {
      "x" : 13.708204,
      "y" : -24.798374,
      "z" : 15.326238
    } ],
    "faces" : [ {
      "vertices" : [ 0, 1, 2 ]
    }, {
      "vertices" : [ 0, 2, 3 ]
    }, {
      "vertices" : [ 0, 3, 2 ]
    }, {
      "vertices" : [ 0, 2, 1 ]
    } ]
  }, {
    "id" : "02fe36e8-c144-4484-9f3b-c560adadbdb8",
    "vertices" : [ {
      "x" : 4.236068,
      "y" : -4.236068,
      "z" : -31.652475
    }, {
      "x" : 4.236068,
      "y" : -4.236068,
      "z" : -23.18034
    }, {
      "x" : 4.236068,
      "y" : 4.236068,
      "z" : -23.18034
    }, {
      "x" : 4.236068,
      "y" : 4.236068,
      "z" : -31.652475
    } ],
    "faces" : [ {
      "vertices" : [ 0, 1, 2 ]
    }, {
      "vertices" : [ 0, 2, 3 ]
    }, {
      "vertices" : [ 0, 3, 2 ]
    }, {
      "vertices" : [ 0, 2, 1 ]
    } ]
  }, {
    "id" : "418cd287-2893-4b4e-a1dd-0ce83e983b89",
    "vertices" : [ {
      "x" : -4.236068,
      "y" : 23.18034,
      "z" : 4.236068
    }, {
      "x" : -4.236068,
      "y" : 23.18034,
      "z" : -4.236068
    }, {
      "x" : -4.236068,
      "y" : 31.652475,
      "z" : -4.236068
    }, {
      "x" : -4.236068,
      "y" : 31.652475,
      "z" : 4.236068
    } ],
    "faces" : [ {
      "vertices" : [ 0, 1, 2 ]
    }, {
      "vertices" : [ 0, 2, 3 ]
    }, {
      "vertices" : [ 0, 3, 2 ]
    }, {
      "vertices" : [ 0, 2, 1 ]
    } ]
  }, {
    "id" : "2848a1f4-17e2-4a73-8c67-b208ca410da5",
    "vertices" : [ {
      "x" : 4.236068,
      "y" : -31.652475,
      "z" : -4.236068
    }, {
      "x" : 4.236068,
      "y" : -23.18034,
      "z" : -4.236068
    }, {
      "x" : -4.236068,
      "y" : -23.18034,
      "z" : -4.236068
    }, {
      "x" : -4.236068,
      "y" : -31.652475,
      "z" : -4.236068
    } ],
    "faces" : [ {
      "vertices" : [ 0, 1, 2 ]
    }, {
      "vertices" : [ 0, 2, 3 ]
    }, {
      "vertices" : [ 0, 3, 2 ]
    }, {
      "vertices" : [ 0, 2, 1 ]
    } ]
  }, {
    "id" : "dafc42e6-7287-47a1-8245-66e00077f0cd",
    "vertices" : [ {
      "x" : -8.472136,
      "y" : 11.09017,
      "z" : 29.034441
    }, {
      "x" : -5.854102,
      "y" : 6.854102,
      "z" : 22.18034
    }, {
      "x" : -12.708204,
      "y" : 9.472136,
      "z" : 17.944271
    }, {
      "x" : -15.326238,
      "y" : 13.708204,
      "z" : 24.798374
    } ],
    "faces" : [ {
      "vertices" : [ 0, 1, 2 ]
    }, {
      "vertices" : [ 0, 2, 3 ]
    }, {
      "vertices" : [ 0, 3, 2 ]
    }, {
      "vertices" : [ 0, 2, 1 ]
    } ]
  }, {
    "id" : "1ad32d28-556d-4138-9869-3a995eab58a5",
    "vertices" : [ {
      "x" : 11.09017,
      "y" : 20.562305,
      "z" : -22.18034
    }, {
      "x" : 8.472136,
      "y" : 16.326239,
      "z" : -15.326238
    }, {
      "x" : 1.618034,
      "y" : 13.708204,
      "z" : -19.562305
    }, {
      "x" : 4.236068,
      "y" : 17.944271,
      "z" : -26.416409
    } ],
    "faces" : [ {
      "vertices" : [ 0, 1, 2 ]
    }, {
      "vertices" : [ 0, 2, 3 ]
    }, {
      "vertices" : [ 0, 3, 2 ]
    }, {
      "vertices" : [ 0, 2, 1 ]
    } ]
  }, {
    "id" : "dd6c6041-3f95-41a6-9e08-45e8dd1b0fb5",
    "vertices" : [ {
      "x" : 4.236068,
      "y" : 23.18034,
      "z" : -4.236068
    }, {
      "x" : 4.236068,
      "y" : 23.18034,
      "z" : 4.236068
    }, {
      "x" : 4.236068,
      "y" : 31.652475,
      "z" : 4.236068
    }, {
      "x" : 4.236068,
      "y" : 31.652475,
      "z" : -4.236068
    } ],
    "faces" : [ {
      "vertices" : [ 0, 1, 2 ]
    }, {
      "vertices" : [ 0, 2, 3 ]
    }, {
      "vertices" : [ 0, 3, 2 ]
    }, {
      "vertices" : [ 0, 2, 1 ]
    } ]
  }, {
    "id" : "5086356a-ad8f-4e35-9555-b767701434f8",
    "vertices" : [ {
      "x" : 19.562305,
      "y" : -1.618034,
      "z" : 13.708204
    }, {
      "x" : 22.18034,
      "y" : -5.854102,
      "z" : 6.854102
    }, {
      "x" : 29.034441,
      "y" : -8.472136,
      "z" : 11.09017
    }, {
      "x" : 26.416409,
      "y" : -4.236068,
      "z" : 17.944271
    } ],
    "faces" : [ {
      "vertices" : [ 0, 1, 2 ]
    }, {
      "vertices" : [ 0, 2, 3 ]
    }, {
      "vertices" : [ 0, 3, 2 ]
    }, {
      "vertices" : [ 0, 2, 1 ]
    } ]
  }, {
    "id" : "85abaf5a-4ce0-4c5d-b7d4-986e432af7ce",
    "vertices" : [ {
      "x" : 16.326239,
      "y" : -15.326238,
      "z" : -8.472136
    }, {
      "x" : 9.472136,
      "y" : -17.944271,
      "z" : -12.708204
    }, {
      "x" : 13.708204,
      "y" : -24.798374,
      "z" : -15.326238
    }, {
      "x" : 20.562305,
      "y" : -22.18034,
      "z" : -11.09017
    } ],
    "faces" : [ {
      "vertices" : [ 0, 1, 2 ]
    }, {
      "vertices" : [ 0, 2, 3 ]
    }, {
      "vertices" : [ 0, 3, 2 ]
    }, {
      "vertices" : [ 0, 2, 1 ]
    } ]
  }, {
    "id" : "4d3b30e6-9c78-48ec-a7c4-757db4921c1b",
    "vertices" : [ {
      "x" : -4.236068,
      "y" : -4.236068,
      "z" : 31.652475
    }, {
      "x" : -4.236068,
      "y" : -4.236068,
      "z" : 23.18034
    }, {
      "x" : -4.236068,
      "y" : 4.236068,
      "z" : 23.18034
    }, {
      "x" : -4.236068,
      "y" : 4.236068,
      "z" : 31.652475
    } ],
    "faces" : [ {
      "vertices" : [ 0, 1, 2 ]
    }, {
      "vertices" : [ 0, 2, 3 ]
    }, {
      "vertices" : [ 0, 3, 2 ]
    }, {
      "vertices" : [ 0, 2, 1 ]
    } ]
  }, {
    "id" : "0b84d355-e99b-461f-9f69-358ee56488fd",
    "vertices" : [ {
      "x" : -8.472136,
      "y" : 16.326239,
      "z" : -15.326238
    }, {
      "x" : -12.708204,
      "y" : 9.472136,
      "z" : -17.944271
    }, {
      "x" : -15.326238,
      "y" : 13.708204,
      "z" : -24.798374
    }, {
      "x" : -11.09017,
      "y" : 20.562305,
      "z" : -22.18034
    } ],
    "faces" : [ {
      "vertices" : [ 0, 1, 2 ]
    }, {
      "vertices" : [ 0, 2, 3 ]
    }, {
      "vertices" : [ 0, 3, 2 ]
    }, {
      "vertices" : [ 0, 2, 1 ]
    } ]
  }, {
    "id" : "b645e786-2021-4cd5-b901-8d8cfeb641b8",
    "vertices" : [ {
      "x" : 4.236068,
      "y" : 4.236068,
      "z" : -23.18034
    }, {
      "x" : -4.236068,
      "y" : 4.236068,
      "z" : -23.18034
    }, {
      "x" : -4.236068,
      "y" : 4.236068,
      "z" : -31.652475
    }, {
      "x" : 4.236068,
      "y" : 4.236068,
      "z" : -31.652475
    } ],
    "faces" : [ {
      "vertices" : [ 0, 1, 2 ]
    }, {
      "vertices" : [ 0, 2, 3 ]
    }, {
      "vertices" : [ 0, 3, 2 ]
    }, {
      "vertices" : [ 0, 2, 1 ]
    } ]
  }, {
    "id" : "751fb959-859b-4774-b116-c9a3452cc04e",
    "vertices" : [ {
      "x" : -13.708204,
      "y" : 24.798374,
      "z" : -15.326238
    }, {
      "x" : -9.472136,
      "y" : 17.944271,
      "z" : -12.708204
    }, {
      "x" : -6.854102,
      "y" : 22.18034,
      "z" : -5.854102
    }, {
      "x" : -11.09017,
      "y" : 29.034441,
      "z" : -8.472136
    } ],
    "faces" : [ {
      "vertices" : [ 0, 1, 2 ]
    }, {
      "vertices" : [ 0, 2, 3 ]
    }, {
      "vertices" : [ 0, 3, 2 ]
    }, {
      "vertices" : [ 0, 2, 1 ]
    } ]
  }, {
    "id" : "34943fdf-9af7-4325-b956-0efc118529b9",
    "vertices" : [ {
      "x" : 24.798374,
      "y" : 15.326238,
      "z" : 13.708204
    }, {
      "x" : 17.944271,
      "y" : 12.708204,
      "z" : 9.472136
    }, {
      "x" : 22.18034,
      "y" : 5.854102,
      "z" : 6.854102
    }, {
      "x" : 29.034441,
      "y" : 8.472136,
      "z" : 11.09017
    } ],
    "faces" : [ {
      "vertices" : [ 0, 1, 2 ]
    }, {
      "vertices" : [ 0, 2, 3 ]
    }, {
      "vertices" : [ 0, 3, 2 ]
    }, {
      "vertices" : [ 0, 2, 1 ]
    } ]
  }, {
    "id" : "f36bd5d5-39ba-4d72-b986-5a77967402c7",
    "vertices" : [ {
      "x" : 20.562305,
      "y" : 22.18034,
      "z" : -11.09017
    }, {
      "x" : 16.326239,
      "y" : 15.326238,
      "z" : -8.472136
    }, {
      "x" : 13.708204,
      "y" : 19.562305,
      "z" : -1.618034
    }, {
      "x" : 17.944271,
      "y" : 26.416409,
      "z" : -4.236068
    } ],
    "faces" : [ {
      "vertices" : [ 0, 1, 2 ]
    }, {
      "vertices" : [ 0, 2, 3 ]
    }, {
      "vertices" : [ 0, 3, 2 ]
    }, {
      "vertices" : [ 0, 2, 1 ]
    } ]
  }, {
    "id" : "0f7b3b7c-512b-4fb0-8cc7-6d85bcc6f6f2",
    "vertices" : [ {
      "x" : -8.472136,
      "y" : -16.326239,
      "z" : 15.326238
    }, {
      "x" : -12.708204,
      "y" : -9.472136,
      "z" : 17.944271
    }, {
      "x" : -15.326238,
      "y" : -13.708204,
      "z" : 24.798374
    }, {
      "x" : -11.09017,
      "y" : -20.562305,
      "z" : 22.18034
    } ],
    "faces" : [ {
      "vertices" : [ 0, 1, 2 ]
    }, {
      "vertices" : [ 0, 2, 3 ]
    }, {
      "vertices" : [ 0, 3, 2 ]
    }, {
      "vertices" : [ 0, 2, 1 ]
    } ]
  }, {
    "id" : "815adb71-7dd6-45e6-bbb6-b32b32dc9ebd",
    "vertices" : [ {
      "x" : -13.708204,
      "y" : -11.09017,
      "z" : -6.854102
    }, {
      "x" : -11.09017,
      "y" : -15.326238,
      "z" : 0.0
    }, {
      "x" : -4.236068,
      "y" : -17.944271,
      "z" : -4.236068
    }, {
      "x" : -6.854102,
      "y" : -13.708204,
      "z" : -11.09017
    } ],
    "faces" : [ {
      "vertices" : [ 0, 1, 2 ]
    }, {
      "vertices" : [ 0, 2, 3 ]
    }, {
      "vertices" : [ 0, 3, 2 ]
    }, {
      "vertices" : [ 0, 2, 1 ]
    } ]
  }, {
    "id" : "6c39d6f2-f79a-42d0-9a7c-13647d55027e",
    "vertices" : [ {
      "x" : 6.854102,
      "y" : 13.708204,
      "z" : 11.09017
    }, {
      "x" : 4.236068,
      "y" : 17.944271,
      "z" : 4.236068
    }, {
      "x" : 11.09017,
      "y" : 15.326238,
      "z" : 0.0
    }, {
      "x" : 13.708204,
      "y" : 11.09017,
      "z" : 6.854102
    } ],
    "faces" : [ {
      "vertices" : [ 0, 1, 2 ]
    }, {
      "vertices" : [ 0, 2, 3 ]
    }, {
      "vertices" : [ 0, 3, 2 ]
    }, {
      "vertices" : [ 0, 2, 1 ]
    } ]
  }, {
    "id" : "4d327e42-f65a-426d-967a-7dff41aeab35",
    "vertices" : [ {
      "x" : 13.708204,
      "y" : -19.562305,
      "z" : 1.618034
    }, {
      "x" : 6.854102,
      "y" : -22.18034,
      "z" : 5.854102
    }, {
      "x" : 11.09017,
      "y" : -29.034441,
      "z" : 8.472136
    }, {
      "x" : 17.944271,
      "y" : -26.416409,
      "z" : 4.236068
    } ],
    "faces" : [ {
      "vertices" : [ 0, 1, 2 ]
    }, {
      "vertices" : [ 0, 2, 3 ]
    }, {
      "vertices" : [ 0, 3, 2 ]
    }, {
      "vertices" : [ 0, 2, 1 ]
    } ]
  }, {
    "id" : "a671d016-2450-47db-93c5-eddd535d36f6",
    "vertices" : [ {
      "x" : -13.708204,
      "y" : 11.09017,
      "z" : -6.854102
    }, {
      "x" : -17.944271,
      "y" : 4.236068,
      "z" : -4.236068
    }, {
      "x" : -15.326238,
      "y" : 0.0,
      "z" : -11.09017
    }, {
      "x" : -11.09017,
      "y" : 6.854102,
      "z" : -13.708204
    } ],
    "faces" : [ {
      "vertices" : [ 0, 1, 2 ]
    }, {
      "vertices" : [ 0, 2, 3 ]
    }, {
      "vertices" : [ 0, 3, 2 ]
    }, {
      "vertices" : [ 0, 2, 1 ]
    } ]
  }, {
    "id" : "2d0559d1-94ec-4f93-873b-68e872e07919",
    "vertices" : [ {
      "x" : 19.562305,
      "y" : 1.618034,
      "z" : -13.708204
    }, {
      "x" : 22.18034,
      "y" : 5.854102,
      "z" : -6.854102
    }, {
      "x" : 29.034441,
      "y" : 8.472136,
      "z" : -11.09017
    }, {
      "x" : 26.416409,
      "y" : 4.236068,
      "z" : -17.944271
    } ],
    "faces" : [ {
      "vertices" : [ 0, 1, 2 ]
    }, {
      "vertices" : [ 0, 2, 3 ]
    }, {
      "vertices" : [ 0, 3, 2 ]
    }, {
      "vertices" : [ 0, 2, 1 ]
    } ]
  }, {
    "id" : "c6044846-c675-4ccf-a163-bd939762bcd4",
    "vertices" : [ {
      "x" : 4.236068,
      "y" : 4.236068,
      "z" : 31.652475
    }, {
      "x" : 4.236068,
      "y" : 4.236068,
      "z" : 23.18034
    }, {
      "x" : 4.236068,
      "y" : -4.236068,
      "z" : 23.18034
    }, {
      "x" : 4.236068,
      "y" : -4.236068,
      "z" : 31.652475
    } ],
    "faces" : [ {
      "vertices" : [ 0, 1, 2 ]
    }, {
      "vertices" : [ 0, 2, 3 ]
    }, {
      "vertices" : [ 0, 3, 2 ]
    }, {
      "vertices" : [ 0, 2, 1 ]
    } ]
  }, {
    "id" : "f6f37aab-3e55-4d87-a461-4bef6031dd26",
    "vertices" : [ {
      "x" : 22.18034,
