{
  "field" : "golden",
  "symmetry" : "icosahedral",
  "orientations" : [ [ 1.0, 0.0, 0.0, 0.0, 0.0, 1.0, 0.0, 0.0, 0.0, 0.0, 1.0, 0.0, 0.0, 0.0, 0.0, 1.0 ], [ 0.0, 0.0, 1.0, 0.0, 1.0, 0.0, 0.0, 0.0, 0.0, 1.0, 0.0, 0.0, 0.0, 0.0, 0.0, 1.0 ], [ 0.0, 1.0, 0.0, 0.0, 0.0, 0.0, 1.0, 0.0, 1.0, 0.0, 0.0, 0.0, 0.0, 0.0, 0.0, 1.0 ], [ 0.809017, 0.309017, 0.5, 0.0, 0.309017, 0.5, -0.809017, 0.0, -0.5, 0.809017, 0.309017, 0.0, 0.0, 0.0, 0.0, 1.0 ], [ -0.5, 0.809017, 0.309017, 0.0, 0.809017, 0.309017, 0.5, 0.0, 0.309017, 0.5, -0.809017, 0.0, 0.0, 0.0, 0.0, 1.0 ], [ 0.309017, 0.5, -0.809017, 0.0, -0.5, 0.809017, 0.309017, 0.0, 0.809017, 0.309017, 0.5, 0.0, 0.0, 0.0, 0.0, 1.0 ], [ 0.5, 0.809017, 0.309017, 0.0, 0.809017, -0.309017, -0.5, 0.0, -0.309017, 0.5, -0.809017, 0.0, 0.0, 0.0, 0.0, 1.0 ], [ -0.309017, 0.5, -0.809017, 0.0, 0.5, 0.809017, 0.309017, 0.0, 0.809017, -0.309017, -0.5, 0.0, 0.0, 0.0, 0.0, 1.0 ], [ 0.809017, -0.309017, -0.5, 0.0, -0.309017, 0.5, -0.809017, 0.0, 0.5, 0.809017, 0.309017, 0.0, 0.0, 0.0, 0.0, 1.0 ], [ 0.5, 0.809017, -0.309017, 0.0, 0.809017, -0.309017, 0.5, 0.0, 0.309017, -0.5, -0.809017, 0.0, 0.0, 0.0, 0.0, 1.0 ], [ 0.309017, -0.5, -0.809017, 0.0, 0.5, 0.809017, -0.309017, 0.0, 0.809017, -0.309017, 0.5, 0.0, 0.0, 0.0, 0.0, 1.0 ], [ 0.809017, -0.309017, 0.5, 0.0, 0.309017, -0.5, -0.809017, 0.0, 0.5, 0.809017, -0.309017, 0.0, 0.0, 0.0, 0.0, 1.0 ], [ 0.809017, 0.309017, -0.5, 0.0, 0.309017, 0.5, 0.809017, 0.0, 0.5, -0.809017, 0.309017, 0.0, 0.0, 0.0, 0.0, 1.0 ], [ 0.5, -0.809017, 0.309017, 0.0, 0.809017, 0.309017, -0.5, 0.0, 0.309017, 0.5, 0.809017, 0.0, 0.0, 0.0, 0.0, 1.0 ], [ 0.309017, 0.5, 0.809017, 0.0, 0.5, -0.809017, 0.309017, 0.0, 0.809017, 0.309017, -0.5, 0.0, 0.0, 0.0, 0.0, 1.0 ], [ 1.0, 0.0, 0.0, 0.0, 0.0, -1.0, 0.0, 0.0, 0.0, 0.0, -1.0, 0.0, 0.0, 0.0, 0.0, 1.0 ], [ 0.0, 0.0, 1.0, 0.0, -1.0, 0.0, 0.0, 0.0, 0.0, -1.0, 0.0, 0.0, 0.0, 0.0, 0.0, 1.0 ], [ 0.0, 1.0, 0.0, 0.0, 0.0, 0.0, -1.0, 0.0, -1.0, 0.0, 0.0, 0.0, 0.0, 0.0, 0.0, 1.0 ], [ 0.809017, 0.309017, 0.5, 0.0, -0.309017, -0.5, 0.809017, 0.0, 0.5, -0.809017, -0.309017, 0.0, 0.0, 0.0, 0.0, 1.0 ], [ -0.5, 0.809017, 0.309017, 0.0, -0.809017, -0.309017, -0.5, 0.0, -0.309017, -0.5, 0.809017, 0.0, 0.0, 0.0, 0.0, 1.0 ], [ 0.309017, 0.5, -0.809017, 0.0, 0.5, -0.809017, -0.309017, 0.0, -0.809017, -0.309017, -0.5, 0.0, 0.0, 0.0, 0.0, 1.0 ], [ 0.5, 0.809017, 0.309017, 0.0, -0.809017, 0.309017, 0.5, 0.0, 0.309017, -0.5, 0.809017, 0.0, 0.0, 0.0, 0.0, 1.0 ], [ -0.309017, 0.5, -0.809017, 0.0, -0.5, -0.809017, -0.309017, 0.0, -0.809017, 0.309017, 0.5, 0.0, 0.0, 0.0, 0.0, 1.0 ], [ 0.809017, -0.309017, -0.5, 0.0, 0.309017, -0.5, 0.809017, 0.0, -0.5, -0.809017, -0.309017, 0.0, 0.0, 0.0, 0.0, 1.0 ], [ 0.5, 0.809017, -0.309017, 0.0, -0.809017, 0.309017, -0.5, 0.0, -0.309017, 0.5, 0.809017, 0.0, 0.0, 0.0, 0.0, 1.0 ], [ 0.309017, -0.5, -0.809017, 0.0, -0.5, -0.809017, 0.309017, 0.0, -0.809017, 0.309017, -0.5, 0.0, 0.0, 0.0, 0.0, 1.0 ], [ 0.809017, -0.309017, 0.5, 0.0, -0.309017, 0.5, 0.809017, 0.0, -0.5, -0.809017, 0.309017, 0.0, 0.0, 0.0, 0.0, 1.0 ], [ 0.809017, 0.309017, -0.5, 0.0, -0.309017, -0.5, -0.809017, 0.0, -0.5, 0.809017, -0.309017, 0.0, 0.0, 0.0, 0.0, 1.0 ], [ 0.5, -0.809017, 0.309017, 0.0, -0.809017, -0.309017, 0.5, 0.0, -0.309017, -0.5, -0.809017, 0.0, 0.0, 0.0, 0.0, 1.0 ], [ 0.309017, 0.5, 0.809017, 0.0, -0.5, 0.809017, -0.309017, 0.0, -0.809017, -0.309017, 0.5, 0.0, 0.0, 0.0, 0.0, 1.0 ], [ -1.0, 0.0, 0.0, 0.0, 0.0, -1.0, 0.0, 0.0, 0.0, 0.0, 1.0, 0.0, 0.0, 0.0, 0.0, 1.0 ], [ 0.0, 0.0, -1.0, 0.0, -1.0, 0.0, 0.0, 0.0, 0.0, 1.0, 0.0, 0.0, 0.0, 0.0, 0.0, 1.0 ], [ 0.0, -1.0, 0.0, 0.0, 0.0, 0.0, -1.0, 0.0, 1.0, 0.0, 0.0, 0.0, 0.0, 0.0, 0.0, 1.0 ], [ -0.809017, -0.309017, -0.5, 0.0, -0.309017, -0.5, 0.809017, 0.0, -0.5, 0.809017, 0.309017, 0.0, 0.0, 0.0, 0.0, 1.0 ], [ 0.5, -0.809017, -0.309017, 0.0, -0.809017, -0.309017, -0.5, 0.0, 0.309017, 0.5, -0.809017, 0.0, 0.0, 0.0, 0.0, 1.0 ], [ -0.309017, -0.5, 0.809017, 0.0, 0.5, -0.809017, -0.309017, 0.0, 0.809017, 0.309017, 0.5, 0.0, 0.0, 0.0, 0.0, 1.0 ], [ -0.5, -0.809017, -0.309017, 0.0, -0.809017, 0.309017, 0.5, 0.0, -0.309017, 0.5, -0.809017, 0.0, 0.0, 0.0, 0.0, 1.0 ], [ 0.309017, -0.5, 0.809017, 0.0, -0.5, -0.809017, -0.309017, 0.0, 0.809017, -0.309017, -0.5, 0.0, 0.0, 0.0, 0.0, 1.0 ], [ -0.809017, 0.309017, 0.5, 0.0, 0.309017, -0.5, 0.809017, 0.0, 0.5, 0.809017, 0.309017, 0.0, 0.0, 0.0, 0.0, 1.0 ], [ -0.5, -0.809017, 0.309017, 0.0, -0.809017, 0.309017, -0.5, 0.0, 0.309017, -0.5, -0.809017, 0.0, 0.0, 0.0, 0.0, 1.0 ], [ -0.309017, 0.5, 0.809017, 0.0, -0.5, -0.809017, 0.309017, 0.0, 0.809017, -0.309017, 0.5, 0.0, 0.0, 0.0, 0.0, 1.0 ], [ -0.809017, 0.309017, -0.5, 0.0, -0.309017, 0.5, 0.809017, 0.0, 0.5, 0.809017, -0.309017, 0.0, 0.0, 0.0, 0.0, 1.0 ], [ -0.809017, -0.309017, 0.5, 0.0, -0.309017, -0.5, -0.809017, 0.0, 0.5, -0.809017, 0.309017, 0.0, 0.0, 0.0, 0.0, 1.0 ], [ -0.5, 0.809017, -0.309017, 0.0, -0.809017, -0.309017, 0.5, 0.0, 0.309017, 0.5, 0.809017, 0.0, 0.0, 0.0, 0.0, 1.0 ], [ -0.309017, -0.5, -0.809017, 0.0, -0.5, 0.809017, -0.309017, 0.0, 0.809017, 0.309017, -0.5, 0.0, 0.0, 0.0, 0.0, 1.0 ], [ -1.0, 0.0, 0.0, 0.0, 0.0, 1.0, 0.0, 0.0, 0.0, 0.0, -1.0, 0.0, 0.0, 0.0, 0.0, 1.0 ], [ 0.0, 0.0, -1.0, 0.0, 1.0, 0.0, 0.0, 0.0, 0.0, -1.0, 0.0, 0.0, 0.0, 0.0, 0.0, 1.0 ], [ 0.0, -1.0, 0.0, 0.0, 0.0, 0.0, 1.0, 0.0, -1.0, 0.0, 0.0, 0.0, 0.0, 0.0, 0.0, 1.0 ], [ -0.809017, -0.309017, -0.5, 0.0, 0.309017, 0.5, -0.809017, 0.0, 0.5, -0.809017, -0.309017, 0.0, 0.0, 0.0, 0.0, 1.0 ], [ 0.5, -0.809017, -0.309017, 0.0, 0.809017, 0.309017, 0.5, 0.0, -0.309017, -0.5, 0.809017, 0.0, 0.0, 0.0, 0.0, 1.0 ], [ -0.309017, -0.5, 0.809017, 0.0, -0.5, 0.809017, 0.309017, 0.0, -0.809017, -0.309017, -0.5, 0.0, 0.0, 0.0, 0.0, 1.0 ], [ -0.5, -0.809017, -0.309017, 0.0, 0.809017, -0.309017, -0.5, 0.0, 0.309017, -0.5, 0.809017, 0.0, 0.0, 0.0, 0.0, 1.0 ], [ 0.309017, -0.5, 0.809017, 0.0, 0.5, 0.809017, 0.309017, 0.0, -0.809017, 0.309017, 0.5, 0.0, 0.0, 0.0, 0.0, 1.0 ], [ -0.809017, 0.309017, 0.5, 0.0, -0.309017, 0.5, -0.809017, 0.0, -0.5, -0.809017, -0.309017, 0.0, 0.0, 0.0, 0.0, 1.0 ], [ -0.5, -0.809017, 0.309017, 0.0, 0.809017, -0.309017, 0.5, 0.0, -0.309017, 0.5, 0.809017, 0.0, 0.0, 0.0, 0.0, 1.0 ], [ -0.309017, 0.5, 0.809017, 0.0, 0.5, 0.809017, -0.309017, 0.0, -0.809017, 0.309017, -0.5, 0.0, 0.0, 0.0, 0.0, 1.0 ], [ -0.809017, 0.309017, -0.5, 0.0, 0.309017, -0.5, -0.809017, 0.0, -0.5, -0.809017, 0.309017, 0.0, 0.0, 0.0, 0.0, 1.0 ], [ -0.809017, -0.309017, 0.5, 0.0, 0.309017, 0.5, 0.809017, 0.0, -0.5, 0.809017, -0.309017, 0.0, 0.0, 0.0, 0.0, 1.0 ], [ -0.5, 0.809017, -0.309017, 0.0, 0.809017, 0.309017, -0.5, 0.0, -0.309017, -0.5, -0.809017, 0.0, 0.0, 0.0, 0.0, 1.0 ], [ -0.309017, -0.5, -0.809017, 0.0, 0.5, -0.809017, 0.309017, 0.0, -0.809017, -0.309017, 0.5, 0.0, 0.0, 0.0, 0.0, 1.0 ] ],
  "lights" : {
    "ambientColor" : "#292929",
    "backgroundColor" : "#E8F3FF",
    "directionalLights" : [ {
      "direction" : {
        "x" : 1.0,
        "y" : -1.0,
        "z" : -1.0
      },
      "color" : "#EBEBE4"
    }, {
      "direction" : {
        "x" : -1.0,
        "y" : 0.0,
        "z" : 0.0
      },
      "color" : "#E4E4EB"
    }, {
      "direction" : {
        "x" : 0.0,
        "y" : 0.0,
        "z" : -1.0
      },
      "color" : "#1E1E1E"
    } ]
  },
  "camera" : {
    "lookDirection" : {
      "x" : 0.0,
      "y" : 0.0,
      "z" : -1.0
    },
    "upDirection" : {
      "x" : 0.0,
      "y" : 1.0,
      "z" : 0.0
    },
    "lookAtPoint" : {
      "x" : 0.0,
      "y" : 0.0,
      "z" : 0.0
    },
    "viewDistance" : 135.48752,
    "nearClipDistance" : 0.33871892,
    "farClipDistance" : 270.97473,
    "fieldOfView" : 0.44262883,
    "perspective" : false,
    "width" : 60.96937,
    "stereo" : false,
    "position" : {
      "x" : 0.0,
      "y" : 0.0,
      "z" : 135.48752
    }
  },
  "embedding" : [ 1.0, 0.0, 0.0, 0.0, 0.0, 1.0, 0.0, 0.0, 0.0, 0.0, 1.0, 0.0, 0.0, 0.0, 0.0, 1.0 ],
  "shapes" : [ {
    "id" : "723a91ee-ad94-4372-bad6-adc94b40fe4a",
    "vertices" : [ {
      "x" : 1.0,
      "y" : 0.309017,
      "z" : 0.19098301
    }, {
      "x" : 1.0,
      "y" : -0.309017,
      "z" : 0.19098301
    }, {
      "x" : 5.854102,
      "y" : -0.309017,
      "z" : 0.19098301
    }, {
      "x" : 5.854102,
      "y" : 0.309017,
      "z" : 0.19098301
    }, {
      "x" : 5.854102,
      "y" : -0.309017,
      "z" : -0.19098301
    }, {
      "x" : 5.854102,
      "y" : 0.309017,
      "z" : -0.19098301
    }, {
      "x" : 6.472136,
      "y" : 0.0,
      "z" : 0.0
    }, {
      "x" : 0.38196602,
      "y" : 0.0,
      "z" : 0.0
    }, {
      "x" : 1.0,
      "y" : 0.309017,
      "z" : -0.19098301
    }, {
      "x" : 1.0,
      "y" : -0.309017,
      "z" : -0.19098301
    }, {
      "x" : 6.854102,
      "y" : 0.0,
      "z" : 0.0
    } ],
    "faces" : [ {
      "vertices" : [ 1, 9, 4 ]
    }, {
      "vertices" : [ 1, 4, 2 ]
    }, {
      "vertices" : [ 0, 3, 5 ]
    }, {
      "vertices" : [ 0, 5, 8 ]
    }, {
      "vertices" : [ 1, 7, 9 ]
    }, {
      "vertices" : [ 0, 1, 2 ]
    }, {
      "vertices" : [ 0, 2, 3 ]
    }, {
      "vertices" : [ 7, 8, 9 ]
    }, {
      "vertices" : [ 0, 7, 1 ]
    }, {
      "vertices" : [ 4, 9, 8 ]
    }, {
      "vertices" : [ 4, 8, 5 ]
    }, {
      "vertices" : [ 2, 6, 3 ]
    }, {
      "vertices" : [ 2, 4, 6 ]
    }, {
      "vertices" : [ 3, 6, 5 ]
    }, {
      "vertices" : [ 4, 5, 6 ]
    }, {
      "vertices" : [ 0, 8, 7 ]
    } ]
  }, {
    "id" : "eb6515c5-f08b-47b7-9588-319d39ac0025",
    "vertices" : [ {
      "x" : 0.309017,
      "y" : -0.309017,
      "z" : -0.309017
    }, {
      "x" : 0.5,
      "y" : 0.0,
      "z" : -0.19098301
    }, {
      "x" : 0.5,
      "y" : 0.0,
      "z" : 0.19098301
    }, {
      "x" : 0.309017,
      "y" : -0.309017,
      "z" : 0.309017
    }, {
      "x" : 0.19098301,
      "y" : -0.5,
      "z" : 0.0
    }, {
      "x" : 0.0,
      "y" : 0.19098301,
      "z" : 0.5
    }, {
      "x" : 0.0,
      "y" : -0.19098301,
      "z" : 0.5
    }, {
      "x" : 0.309017,
      "y" : 0.309017,
      "z" : 0.309017
    }, {
      "x" : -0.309017,
      "y" : -0.309017,
      "z" : 0.309017
    }, {
      "x" : -0.309017,
      "y" : 0.309017,
      "z" : 0.309017
    }, {
      "x" : -0.5,
      "y" : 0.0,
      "z" : 0.19098301
    }, {
      "x" : 0.0,
      "y" : -0.19098301,
      "z" : -0.5
    }, {
      "x" : 0.0,
      "y" : 0.19098301,
      "z" : -0.5
    }, {
      "x" : 0.309017,
      "y" : 0.309017,
      "z" : -0.309017
    }, {
      "x" : -0.309017,
      "y" : -0.309017,
      "z" : -0.309017
    }, {
      "x" : -0.19098301,
      "y" : -0.5,
      "z" : 0.0
    }, {
      "x" : -0.5,
      "y" : 0.0,
      "z" : -0.19098301
    }, {
      "x" : 0.19098301,
      "y" : 0.5,
      "z" : 0.0
    }, {
      "x" : -0.309017,
      "y" : 0.309017,
      "z" : -0.309017
    }, {
      "x" : 0.0,
      "y" : 0.0,
      "z" : 0.0
    }, {
      "x" : -0.19098301,
      "y" : 0.5,
      "z" : 0.0
    } ],
    "faces" : [ {
      "vertices" : [ 12, 18, 20 ]
    }, {
      "vertices" : [ 12, 20, 17 ]
    }, {
      "vertices" : [ 12, 17, 13 ]
    }, {
      "vertices" : [ 3, 6, 8 ]
    }, {
      "vertices" : [ 3, 8, 15 ]
    }, {
      "vertices" : [ 3, 15, 4 ]
    }, {
      "vertices" : [ 0, 11, 12 ]
    }, {
      "vertices" : [ 0, 12, 13 ]
    }, {
      "vertices" : [ 0, 13, 1 ]
    }, {
      "vertices" : [ 5, 9, 10 ]
    }, {
      "vertices" : [ 5, 10, 8 ]
    }, {
      "vertices" : [ 5, 8, 6 ]
    }, {
      "vertices" : [ 2, 7, 5 ]
    }, {
      "vertices" : [ 2, 5, 6 ]
    }, {
      "vertices" : [ 2, 6, 3 ]
    }, {
      "vertices" : [ 11, 14, 16 ]
    }, {
      "vertices" : [ 11, 16, 18 ]
    }, {
      "vertices" : [ 11, 18, 12 ]
    }, {
      "vertices" : [ 1, 13, 17 ]
    }, {
      "vertices" : [ 1, 17, 7 ]
    }, {
      "vertices" : [ 1, 7, 2 ]
    }, {
      "vertices" : [ 9, 20, 18 ]
    }, {
      "vertices" : [ 9, 18, 16 ]
    }, {
      "vertices" : [ 9, 16, 10 ]
    }, {
      "vertices" : [ 0, 1, 2 ]
    }, {
      "vertices" : [ 0, 2, 3 ]
    }, {
      "vertices" : [ 0, 3, 4 ]
    }, {
      "vertices" : [ 5, 7, 17 ]
    }, {
      "vertices" : [ 5, 17, 20 ]
    }, {
      "vertices" : [ 5, 20, 9 ]
    }, {
      "vertices" : [ 0, 4, 15 ]
    }, {
      "vertices" : [ 0, 15, 14 ]
    }, {
      "vertices" : [ 0, 14, 11 ]
    }, {
      "vertices" : [ 8, 10, 16 ]
    }, {
      "vertices" : [ 8, 16, 14 ]
    }, {
      "vertices" : [ 8, 14, 15 ]
    } ]
  }, {
    "id" : "5bb4cd15-fee2-4272-9b8a-68c4ebc9614b",
    "vertices" : [ {
      "x" : 8.663119,
      "y" : 3.309017,
      "z" : -1.263932
    }, {
      "x" : 8.281153,
      "y" : 2.854102,
      "z" : -1.072949
    }, {
      "x" : 8.118034,
      "y" : 3.118034,
      "z" : -1.5
    }, {
      "x" : 8.045085,
      "y" : 3.381966,
      "z" : -1.309017
    }, {
      "x" : 0.85410196,
      "y" : 0.309017,
      "z" : 0.19098301
    }, {
      "x" : 0.690983,
      "y" : 0.572949,
      "z" : -0.23606798
    }, {
      "x" : 0.309017,
      "y" : 0.11803399,
      "z" : -0.045084972
    }, {
      "x" : 0.76393205,
      "y" : 0.309017,
      "z" : -0.42705098
    }, {
      "x" : 0.927051,
      "y" : 0.045084972,
      "z" : 0.0
    }, {
      "x" : 8.208204,
      "y" : 3.118034,
      "z" : -0.881966
    }, {
      "x" : 8.972136,
      "y" : 3.427051,
      "z" : -1.309017
    } ],
    "faces" : [ {
      "vertices" : [ 2, 7, 5 ]
    }, {
      "vertices" : [ 2, 5, 3 ]
    }, {
      "vertices" : [ 1, 8, 7 ]
    }, {
      "vertices" : [ 1, 7, 2 ]
    }, {
      "vertices" : [ 4, 6, 8 ]
    }, {
      "vertices" : [ 5, 7, 6 ]
    }, {
      "vertices" : [ 0, 1, 2 ]
    }, {
      "vertices" : [ 0, 2, 3 ]
    }, {
      "vertices" : [ 6, 7, 8 ]
    }, {
      "vertices" : [ 3, 5, 4 ]
    }, {
      "vertices" : [ 3, 4, 9 ]
    }, {
      "vertices" : [ 1, 9, 4 ]
    }, {
      "vertices" : [ 1, 4, 8 ]
    }, {
      "vertices" : [ 0, 9, 1 ]
    }, {
      "vertices" : [ 0, 3, 9 ]
    }, {
      "vertices" : [ 4, 5, 6 ]
    } ]
  }, {
    "id" : "005e0208-a1c4-44b2-ab7a-d4a362c63cef",
    "vertices" : [ {
      "x" : 0.9045085,
      "y" : 0.3454915,
      "z" : 0.25
    }, {
      "x" : 17.230747,
      "y" : 10.435661,
      "z" : 0.25
    }, {
      "x" : 17.039762,
      "y" : 10.7446785,
      "z" : 0.25
    }, {
      "x" : 0.7135255,
      "y" : 0.6545085,
      "z" : 0.25
    }, {
      "x" : 0.809017,
      "y" : 0.5,
      "z" : -0.309017
    }, {
      "x" : 0.9635255,
      "y" : 0.25,
      "z" : -0.095491506
    }, {
      "x" : 0.309017,
      "y" : 0.19098301,
      "z" : 0.0
    }, {
      "x" : 17.635256,
      "y" : 10.899187,
      "z" : 0.0
    }, {
      "x" : 16.980747,
      "y" : 10.84017,
      "z" : -0.095491506
    }, {
      "x" : 17.135256,
      "y" : 10.59017,
      "z" : -0.309017
    }, {
      "x" : 17.944271,
      "y" : 11.09017,
      "z" : 0.0
    }, {
      "x" : 0.6545085,
      "y" : 0.75,
      "z" : -0.095491506
    }, {
      "x" : 17.289762,
      "y" : 10.34017,
      "z" : -0.095491506
    } ],
    "faces" : [ {
      "vertices" : [ 4, 11, 8 ]
    }, {
      "vertices" : [ 4, 8, 9 ]
    }, {
      "vertices" : [ 0, 1, 2 ]
    }, {
      "vertices" : [ 0, 2, 3 ]
    }, {
      "vertices" : [ 0, 3, 6 ]
    }, {
      "vertices" : [ 1, 7, 2 ]
    }, {
      "vertices" : [ 0, 6, 5 ]
    }, {
      "vertices" : [ 4, 5, 6 ]
    }, {
      "vertices" : [ 2, 7, 8 ]
    }, {
      "vertices" : [ 0, 5, 12 ]
    }, {
      "vertices" : [ 0, 12, 1 ]
    }, {
      "vertices" : [ 1, 12, 7 ]
    }, {
      "vertices" : [ 3, 11, 6 ]
    }, {
      "vertices" : [ 4, 6, 11 ]
    }, {
      "vertices" : [ 7, 9, 8 ]
    }, {
      "vertices" : [ 2, 8, 11 ]
    }, {
      "vertices" : [ 2, 11, 3 ]
    }, {
      "vertices" : [ 7, 12, 9 ]
    }, {
      "vertices" : [ 4, 9, 12 ]
    }, {
      "vertices" : [ 4, 12, 5 ]
    } ]
  } ],
  "instances" : [ {
    "shape" : "723a91ee-ad94-4372-bad6-adc94b40fe4a",
    "color" : "#007695",
    "position" : {
      "x" : -3.427051,
      "y" : -3.427051,
      "z" : 14.5172205
    },
    "orientation" : 53
  }, {
    "shape" : "eb6515c5-f08b-47b7-9588-319d39ac0025",
    "color" : "#FFFFFF",
    "position" : {
      "x" : 12.399187,
      "y" : 0.0,
      "z" : -8.972136
    }
  }, {
    "shape" : "723a91ee-ad94-4372-bad6-adc94b40fe4a",
    "color" : "#007695",
    "position" : {
      "x" : 3.427051,
      "y" : 3.427051,
      "z" : -14.5172205
    },
    "orientation" : 16
  }, {
    "shape" : "eb6515c5-f08b-47b7-9588-319d39ac0025",
    "color" : "#FFFFFF",
    "position" : {
      "x" : 11.09017,
      "y" : 8.972136,
      "z" : -5.545085
    }
  }, {
    "shape" : "eb6515c5-f08b-47b7-9588-319d39ac0025",
    "color" : "#FFFFFF",
    "position" : {
      "x" : -3.427051,
      "y" : -14.5172205,
      "z" : -3.427051
    }
  }, {
    "shape" : "5bb4cd15-fee2-4272-9b8a-68c4ebc9614b",
    "color" : "#008D36",
    "position" : {
      "x" : -5.545085,
      "y" : -11.09017,
      "z" : -8.972136
    },
    "orientation" : 44
  }, {
    "shape" : "eb6515c5-f08b-47b7-9588-319d39ac0025",
    "color" : "#FFFFFF",
    "position" : {
      "x" : 0.0,
      "y" : -8.972136,
      "z" : 12.399187
    }
  }, {
    "shape" : "eb6515c5-f08b-47b7-9588-319d39ac0025",
    "color" : "#FFFFFF",
    "position" : {
      "x" : 3.427051,
      "y" : 14.5172205,
      "z" : 3.427051
    }
  }, {
    "shape" : "005e0208-a1c4-44b2-ab7a-d4a362c63cef",
    "color" : "#AF0000",
    "position" : {
      "x" : -11.09017,
      "y" : -8.972136,
      "z" : 5.545085
    },
    "orientation" : 17
  }, {
    "shape" : "723a91ee-ad94-4372-bad6-adc94b40fe4a",
    "color" : "#007695",
    "position" : {
      "x" : -8.972136,
      "y" : -12.399187,
      "z" : 0.0
    },
    "orientation" : 55
  }, {
    "shape" : "723a91ee-ad94-4372-bad6-adc94b40fe4a",
    "color" : "#007695",
    "position" : {
      "x" : 3.427051,
      "y" : -14.5172205,
      "z" : -3.427051
    },
    "orientation" : 52
  }, {
    "shape" : "5bb4cd15-fee2-4272-9b8a-68c4ebc9614b",
    "color" : "#008D36",
    "position" : {
      "x" : 12.399187,
      "y" : 0.0,
      "z" : 8.972136
    },
    "orientation" : 16
  }, {
    "shape" : "eb6515c5-f08b-47b7-9588-319d39ac0025",
    "color" : "#FFFFFF",
    "position" : {
      "x" : 14.5172205,
      "y" : -3.427051,
      "z" : -3.427051
    }
  }, {
    "shape" : "005e0208-a1c4-44b2-ab7a-d4a362c63cef",
    "color" : "#AF0000",
    "position" : {
      "x" : -3.427051,
      "y" : -3.427051,
      "z" : -14.5172205
    },
    "orientation" : 1
  }, {
    "shape" : "eb6515c5-f08b-47b7-9588-319d39ac0025",
    "color" : "#FFFFFF",
    "position" : {
      "x" : 0.0,
      "y" : 0.0,
      "z" : 0.0
    }
  }, {
    "shape" : "005e0208-a1c4-44b2-ab7a-d4a362c63cef",
    "color" : "#AF0000",
    "position" : {
      "x" : 14.5172205,
      "y" : 3.427051,
      "z" : -3.427051
    },
    "orientation" : 32
  }, {
    "shape" : "005e0208-a1c4-44b2-ab7a-d4a362c63cef",
    "color" : "#AF0000",
    "position" : {
      "x" : -3.427051,
      "y" : 3.427051,
      "z" : -14.5172205
    },
    "orientation" : 32
  }, {
    "shape" : "005e0208-a1c4-44b2-ab7a-d4a362c63cef",
    "color" : "#AF0000",
    "position" : {
      "x" : -8.972136,
      "y" : -5.545085,
      "z" : -11.09017
    },
    "orientation" : 0
  }, {
    "shape" : "723a91ee-ad94-4372-bad6-adc94b40fe4a",
    "color" : "#007695",
    "position" : {
      "x" : 3.427051,
      "y" : -3.427051,
      "z" : -14.5172205
    },
    "orientation" : 8
  }, {
    "shape" : "005e0208-a1c4-44b2-ab7a-d4a362c63cef",
    "color" : "#AF0000",
    "position" : {
      "x" : -8.972136,
      "y" : 5.545085,
      "z" : -11.09017
    },
    "orientation" : 31
  }, {
    "shape" : "5bb4cd15-fee2-4272-9b8a-68c4ebc9614b",
    "color" : "#008D36",
    "position" : {
      "x" : 3.427051,
      "y" : 14.5172205,
      "z" : 3.427051
    },
    "orientation" : 18
  }, {
    "shape" : "723a91ee-ad94-4372-bad6-adc94b40fe4a",
    "color" : "#007695",
    "position" : {
      "x" : -3.427051,
      "y" : -3.427051,
      "z" : -14.5172205
    },
    "orientation" : 1
  }, {
    "shape" : "005e0208-a1c4-44b2-ab7a-d4a362c63cef",
    "color" : "#AF0000",
    "position" : {
      "x" : 11.09017,
      "y" : -8.972136,
      "z" : -5.545085
    },
    "orientation" : 32
  }, {
    "shape" : "5bb4cd15-fee2-4272-9b8a-68c4ebc9614b",
    "color" : "#008D36",
    "position" : {
      "x" : 3.427051,
      "y" : -3.427051,
      "z" : 14.5172205
    },
    "orientation" : 51
  }, {
    "shape" : "005e0208-a1c4-44b2-ab7a-d4a362c63cef",
    "color" : "#AF0000",
    "position" : {
      "x" : -5.545085,
      "y" : 11.09017,
      "z" : 8.972136
    },
    "orientation" : 17
  }, {
    "shape" : "eb6515c5-f08b-47b7-9588-319d39ac0025",
    "color" : "#FFFFFF",
    "position" : {
      "x" : -3.427051,
      "y" : 3.427051,
      "z" : 14.5172205
    }
  }, {
    "shape" : "005e0208-a1c4-44b2-ab7a-d4a362c63cef",
    "color" : "#AF0000",
    "position" : {
      "x" : -14.5172205,
      "y" : -3.427051,
      "z" : -3.427051
    },
    "orientation" : 2
  }, {
    "shape" : "eb6515c5-f08b-47b7-9588-319d39ac0025",
    "color" : "#FFFFFF",
    "position" : {
      "x" : -3.427051,
      "y" : 14.5172205,
      "z" : 3.427051
    }
  }, {
    "shape" : "eb6515c5-f08b-47b7-9588-319d39ac0025",
    "color" : "#FFFFFF",
    "position" : {
      "x" : 11.09017,
      "y" : 8.972136,
      "z" : 5.545085
    }
  }, {
    "shape" : "5bb4cd15-fee2-4272-9b8a-68c4ebc9614b",
    "color" : "#008D36",
    "position" : {
      "x" : 8.972136,
      "y" : 5.545085,
      "z" : -11.09017
    },
    "orientation" : 57
  }, {
    "shape" : "eb6515c5-f08b-47b7-9588-319d39ac0025",
    "color" : "#FFFFFF",
    "position" : {
      "x" : -14.5172205,
      "y" : -3.427051,
      "z" : -3.427051
    }
  }, {
    "shape" : "723a91ee-ad94-4372-bad6-adc94b40fe4a",
    "color" : "#007695",
    "position" : {
      "x" : -11.09017,
      "y" : -8.972136,
      "z" : 5.545085
    },
    "orientation" : 25
  }, {
    "shape" : "723a91ee-ad94-4372-bad6-adc94b40fe4a",
    "color" : "#007695",
    "position" : {
      "x" : 8.972136,
      "y" : -5.545085,
      "z" : 11.09017
    },
    "orientation" : 38
  }, {
    "shape" : "723a91ee-ad94-4372-bad6-adc94b40fe4a",
    "color" : "#007695",
    "position" : {
      "x" : -3.427051,
      "y" : -14.5172205,
      "z" : -3.427051
    },
    "orientation" : 0
  }, {
    "shape" : "005e0208-a1c4-44b2-ab7a-d4a362c63cef",
    "color" : "#AF0000",
    "position" : {
      "x" : -8.972136,
      "y" : -5.545085,
      "z" : 11.09017
    },
    "orientation" : 46
  }, {
    "shape" : "5bb4cd15-fee2-4272-9b8a-68c4ebc9614b",
    "color" : "#008D36",
    "position" : {
      "x" : 3.427051,
      "y" : -3.427051,
      "z" : -14.5172205
    },
    "orientation" : 34
  }, {
    "shape" : "723a91ee-ad94-4372-bad6-adc94b40fe4a",
    "color" : "#007695",
    "position" : {
      "x" : -8.972136,
      "y" : 5.545085,
      "z" : 11.09017
    },
    "orientation" : 8
  }, {
    "shape" : "723a91ee-ad94-4372-bad6-adc94b40fe4a",
    "color" : "#007695",
    "position" : {
      "x" : -5.545085,
      "y" : 11.09017,
      "z" : -8.972136
    },
    "orientation" : 26
  }, {
    "shape" : "723a91ee-ad94-4372-bad6-adc94b40fe4a",
    "color" : "#007695",
    "position" : {
      "x" : 3.427051,
      "y" : 3.427051,
      "z" : 14.5172205
    },
    "orientation" : 23
  }, {
    "shape" : "005e0208-a1c4-44b2-ab7a-d4a362c63cef",
    "color" : "#AF0000",
    "position" : {
      "x" : -11.09017,
      "y" : -8.972136,
      "z" : -5.545085
    },
    "orientation" : 1
  }, {
    "shape" : "723a91ee-ad94-4372-bad6-adc94b40fe4a",
    "color" : "#007695",
    "position" : {
      "x" : -8.972136,
      "y" : -5.545085,
      "z" : -11.09017
    },
    "orientation" : 23
  }, {
    "shape" : "5bb4cd15-fee2-4272-9b8a-68c4ebc9614b",
    "color" : "#008D36",
    "position" : {
      "x" : -3.427051,
      "y" : 14.5172205,
      "z" : -3.427051
    },
    "orientation" : 33
  }, {
    "shape" : "723a91ee-ad94-4372-bad6-adc94b40fe4a",
    "color" : "#007695",
    "position" : {
      "x" : 0.0,
      "y" : -8.972136,
      "z" : 12.399187
    },
    "orientation" : 26
  }, {
    "shape" : "723a91ee-ad94-4372-bad6-adc94b40fe4a",
    "color" : "#007695",
    "position" : {
      "x" : -8.972136,
      "y" : 5.545085,
      "z" : -11.09017
    },
    "orientation" : 39
  }, {
    "shape" : "723a91ee-ad94-4372-bad6-adc94b40fe4a",
    "color" : "#007695",
    "position" : {
      "x" : 14.5172205,
      "y" : 3.427051,
      "z" : 3.427051
    },
    "orientation" : 51
  }, {
    "shape" : "723a91ee-ad94-4372-bad6-adc94b40fe4a",
    "color" : "#007695",
    "position" : {
      "x" : 11.09017,
      "y" : 8.972136,
      "z" : 5.545085
    },
    "orientation" : 55
  }, {
    "shape" : "723a91ee-ad94-4372-bad6-adc94b40fe4a",
    "color" : "#007695",
    "position" : {
      "x" : -11.09017,
      "y" : 8.972136,
      "z" : -5.545085
    },
    "orientation" : 10
  }, {
    "shape" : "005e0208-a1c4-44b2-ab7a-d4a362c63cef",
    "color" : "#AF0000",
    "position" : {
      "x" : -14.5172205,
      "y" : 3.427051,
      "z" : -3.427051
    },
    "orientation" : 0
  }, {
    "shape" : "eb6515c5-f08b-47b7-9588-319d39ac0025",
    "color" : "#FFFFFF",
    "position" : {
      "x" : -8.972136,
      "y" : -5.545085,
      "z" : 11.09017
    }
  }, {
    "shape" : "eb6515c5-f08b-47b7-9588-319d39ac0025",
    "color" : "#FFFFFF",
    "position" : {
      "x" : -8.972136,
      "y" : 5.545085,
      "z" : -11.09017
    }
  }, {
    "shape" : "eb6515c5-f08b-47b7-9588-319d39ac0025",
    "color" : "#FFFFFF",
    "position" : {
      "x" : -14.5172205,
      "y" : -3.427051,
      "z" : 3.427051
    }
  }, {
    "shape" : "005e0208-a1c4-44b2-ab7a-d4a362c63cef",
    "color" : "#AF0000",
    "position" : {
      "x" : 5.545085,
      "y" : 11.09017,
      "z" : 8.972136
    },
    "orientation" : 30
  }, {
    "shape" : "723a91ee-ad94-4372-bad6-adc94b40fe4a",
    "color" : "#007695",
    "position" : {
      "x" : -8.972136,
      "y" : 12.399187,
      "z" : 0.0
    },
    "orientation" : 40
  }, {
    "shape" : "723a91ee-ad94-4372-bad6-adc94b40fe4a",
    "color" : "#007695",
    "position" : {
      "x" : 5.545085,
      "y" : -11.09017,
      "z" : -8.972136
    },
    "orientation" : 56
  }, {
    "shape" : "005e0208-a1c4-44b2-ab7a-d4a362c63cef",
    "color" : "#AF0000",
    "position" : {
      "x" : 11.09017,
      "y" : 8.972136,
      "z" : -5.545085
    },
    "orientation" : 31
  }, {
    "shape" : "5bb4cd15-fee2-4272-9b8a-68c4ebc9614b",
    "color" : "#008D36",
    "position" : {
      "x" : 0.0,
      "y" : -8.972136,
      "z" : -12.399187
    },
    "orientation" : 45
  }, {
    "shape" : "eb6515c5-f08b-47b7-9588-319d39ac0025",
    "color" : "#FFFFFF",
    "position" : {
      "x" : 3.427051,
      "y" : 3.427051,
      "z" : 14.5172205
    }
  }, {
    "shape" : "005e0208-a1c4-44b2-ab7a-d4a362c63cef",
    "color" : "#AF0000",
    "position" : {
      "x" : -14.5172205,
      "y" : -3.427051,
      "z" : 3.427051
    },
    "orientation" : 15
  }, {
    "shape" : "eb6515c5-f08b-47b7-9588-319d39ac0025",
    "color" : "#FFFFFF",
    "position" : {
      "x" : -12.399187,
      "y" : 0.0,
      "z" : -8.972136
    }
  }, {
    "shape" : "5bb4cd15-fee2-4272-9b8a-68c4ebc9614b",
    "color" : "#008D36",
    "position" : {
      "x" : 3.427051,
      "y" : -14.5172205,
      "z" : -3.427051
    },
    "orientation" : 3
  }, {
    "shape" : "5bb4cd15-fee2-4272-9b8a-68c4ebc9614b",
    "color" : "#008D36",
    "position" : {
      "x" : -14.5172205,
      "y" : -3.427051,
      "z" : -3.427051
    },
    "orientation" : 7
  }, {
    "shape" : "eb6515c5-f08b-47b7-9588-319d39ac0025",
    "color" : "#FFFFFF",
    "position" : {
      "x" : -8.972136,
      "y" : 12.399187,
      "z" : 0.0
    }
  }, {
    "shape" : "723a91ee-ad94-4372-bad6-adc94b40fe4a",
    "color" : "#007695",
    "position" : {
      "x" : 3.427051,
      "y" : -14.5172205,
      "z" : 3.427051
    },
    "orientation" : 45
  }, {
    "shape" : "723a91ee-ad94-4372-bad6-adc94b40fe4a",
    "color" : "#007695",
    "position" : {
      "x" : 8.972136,
      "y" : 12.399187,
      "z" : 0.0
    },
    "orientation" : 25
  }, {
    "shape" : "005e0208-a1c4-44b2-ab7a-d4a362c63cef",
    "color" : "#AF0000",
    "position" : {
      "x" : 3.427051,
      "y" : -14.5172205,
      "z" : -3.427051
    },
    "orientation" : 46
  }, {
    "shape" : "723a91ee-ad94-4372-bad6-adc94b40fe4a",
    "color" : "#007695",
    "position" : {
      "x" : 8.972136,
      "y" : 5.545085,
      "z" : -11.09017
    },
    "orientation" : 53
  }, {
    "shape" : "723a91ee-ad94-4372-bad6-adc94b40fe4a",
    "color" : "#007695",
    "position" : {
      "x" : 3.427051,
      "y" : 14.5172205,
      "z" : -3.427051
    },
    "orientation" : 45
  }, {
    "shape" : "005e0208-a1c4-44b2-ab7a-d4a362c63cef",
    "color" : "#AF0000",
    "position" : {
      "x" : -3.427051,
      "y" : 14.5172205,
      "z" : 3.427051
    },
    "orientation" : 15
  }, {
    "shape" : "eb6515c5-f08b-47b7-9588-319d39ac0025",
    "color" : "#FFFFFF",
    "position" : {
      "x" : -3.427051,
      "y" : -3.427051,
      "z" : -14.5172205
    }
  }, {
    "shape" : "5bb4cd15-fee2-4272-9b8a-68c4ebc9614b",
    "color" : "#008D36",
    "position" : {
      "x" : 0.0,
      "y" : 8.972136,
      "z" : 12.399187
    },
    "orientation" : 30
  }, {
    "shape" : "723a91ee-ad94-4372-bad6-adc94b40fe4a",
    "color" : "#007695",
    "position" : {
      "x" : 5.545085,
      "y" : 11.09017,
      "z" : 8.972136
    },
    "orientation" : 41
  }, {
    "shape" : "723a91ee-ad94-4372-bad6-adc94b40fe4a",
    "color" : "#007695",
    "position" : {
      "x" : 0.0,
      "y" : 8.972136,
      "z" : 12.399187
    },
    "orientation" : 56
  }, {
    "shape" : "005e0208-a1c4-44b2-ab7a-d4a362c63cef",
    "color" : "#AF0000",
    "position" : {
      "x" : 5.545085,
      "y" : -11.09017,
      "z" : -8.972136
    },
    "orientation" : 45
  }, {
    "shape" : "723a91ee-ad94-4372-bad6-adc94b40fe4a",
    "color" : "#007695",
    "position" : {
      "x" : 0.0,
      "y" : -8.972136,
      "z" : -12.399187
    },
    "orientation" : 41
  }, {
    "shape" : "723a91ee-ad94-4372-bad6-adc94b40fe4a",
    "color" : "#007695",
    "position" : {
      "x" : 14.5172205,
      "y" : 3.427051,
      "z" : -3.427051
    },
    "orientation" : 2
  }, {
    "shape" : "eb6515c5-f08b-47b7-9588-319d39ac0025",
    "color" : "#FFFFFF",
    "position" : {
      "x" : 3.427051,
      "y" : 3.427051,
      "z" : -14.5172205
    }
  }, {
    "shape" : "723a91ee-ad94-4372-bad6-adc94b40fe4a",
    "color" : "#007695",
    "position" : {
      "x" : -14.5172205,
      "y" : 3.427051,
      "z" : -3.427051
    },
    "orientation" : 6
  }, {
    "shape" : "005e0208-a1c4-44b2-ab7a-d4a362c63cef",
    "color" : "#AF0000",
    "position" : {
      "x" : 3.427051,
      "y" : -3.427051,
      "z" : -14.5172205
    },
    "orientation" : 2
  }, {
    "shape" : "eb6515c5-f08b-47b7-9588-319d39ac0025",
    "color" : "#FFFFFF",
    "position" : {
      "x" : 8.972136,
      "y" : 5.545085,
      "z" : -11.09017
    }
  }, {
    "shape" : "eb6515c5-f08b-47b7-9588-319d39ac0025",
    "color" : "#FFFFFF",
    "position" : {
      "x" : 3.427051,
      "y" : -3.427051,
      "z" : 14.5172205
    }
  }, {
    "shape" : "005e0208-a1c4-44b2-ab7a-d4a362c63cef",
    "color" : "#AF0000",
    "position" : {
      "x" : 11.09017,
      "y" : 8.972136,
      "z" : 5.545085
    },
    "orientation" : 47
  }, {
    "shape" : "723a91ee-ad94-4372-bad6-adc94b40fe4a",
    "color" : "#007695",
    "position" : {
      "x" : -3.427051,
      "y" : 14.5172205,
      "z" : 3.427051
    },
    "orientation" : 0
  }, {
    "shape" : "723a91ee-ad94-4372-bad6-adc94b40fe4a",
    "color" : "#007695",
    "position" : {
      "x" : -5.545085,
      "y" : -11.09017,
      "z" : 8.972136
    },
    "orientation" : 11
  }, {
    "shape" : "005e0208-a1c4-44b2-ab7a-d4a362c63cef",
    "color" : "#AF0000",
    "position" : {
      "x" : -3.427051,
      "y" : -14.5172205,
      "z" : -3.427051
    },
    "orientation" : 0
  }, {
    "shape" : "005e0208-a1c4-44b2-ab7a-d4a362c63cef",
    "color" : "#AF0000",
    "position" : {
      "x" : -3.427051,
      "y" : 3.427051,
      "z" : 14.5172205
    },
    "orientation" : 16
  }, {
    "shape" : "723a91ee-ad94-4372-bad6-adc94b40fe4a",
    "color" : "#007695",
    "position" : {
      "x" : 8.972136,
      "y" : 5.545085,
      "z" : 11.09017
    },
    "orientation" : 24
  }, {
    "shape" : "5bb4cd15-fee2-4272-9b8a-68c4ebc9614b",
    "color" : "#008D36",
    "position" : {
      "x" : -3.427051,
      "y" : -14.5172205,
      "z" : -3.427051
    },
    "orientation" : 8
  }, {
    "shape" : "eb6515c5-f08b-47b7-9588-319d39ac0025",
    "color" : "#FFFFFF",
    "position" : {
      "x" : -12.399187,
      "y" : 0.0,
      "z" : 8.972136
    }
  }, {
    "shape" : "eb6515c5-f08b-47b7-9588-319d39ac0025",
    "color" : "#FFFFFF",
    "position" : {
      "x" : -5.545085,
      "y" : 11.09017,
      "z" : 8.972136
    }
  }, {
    "shape" : "5bb4cd15-fee2-4272-9b8a-68c4ebc9614b",
    "color" : "#008D36",
    "position" : {
      "x" : -14.5172205,
      "y" : 3.427051,
      "z" : -3.427051
    },
    "orientation" : 20
  }, {
    "shape" : "723a91ee-ad94-4372-bad6-adc94b40fe4a",
    "color" : "#007695",
    "position" : {
      "x" : 11.09017,
      "y" : 8.972136,
      "z" : -5.545085
    },
    "orientation" : 21
  }, {
    "shape" : "723a91ee-ad94-4372-bad6-adc94b40fe4a",
    "color" : "#007695",
    "position" : {
      "x" : 14.5172205,
      "y" : -3.427051,
      "z" : 3.427051
    },
    "orientation" : 47
  }, {
    "shape" : "005e0208-a1c4-44b2-ab7a-d4a362c63cef",
    "color" : "#AF0000",
    "position" : {
      "x" : -5.545085,
      "y" : -11.09017,
      "z" : 8.972136
    },
    "orientation" : 0
  }, {
    "shape" : "723a91ee-ad94-4372-bad6-adc94b40fe4a",
    "color" : "#007695",
    "position" : {
      "x" : -12.399187,
      "y" : 0.0,
      "z" : 8.972136
    },
    "orientation" : 9
  }, {
    "shape" : "005e0208-a1c4-44b2-ab7a-d4a362c63cef",
    "color" : "#AF0000",
    "position" : {
      "x" : 8.972136,
      "y" : -5.545085,
      "z" : -11.09017
    },
    "orientation" : 1
  }, {
    "shape" : "723a91ee-ad94-4372-bad6-adc94b40fe4a",
    "color" : "#007695",
    "position" : {
      "x" : 5.545085,
      "y" : -11.09017,
      "z" : 8.972136
    },
    "orientation" : 22
  }, {
    "shape" : "723a91ee-ad94-4372-bad6-adc94b40fe4a",
    "color" : "#007695",
    "position" : {
      "x" : 11.09017,
      "y" : -8.972136,
      "z" : -5.545085
    },
    "orientation" : 40
  }, {
    "shape" : "eb6515c5-f08b-47b7-9588-319d39ac0025",
    "color" : "#FFFFFF",
    "position" : {
      "x" : -14.5172205,
      "y" : 3.427051,
      "z" : 3.427051
    }
  }, {
    "shape" : "eb6515c5-f08b-47b7-9588-319d39ac0025",
    "color" : "#FFFFFF",
    "position" : {
      "x" : -11.09017,
      "y" : 8.972136,
      "z" : -5.545085
    }
  }, {
    "shape" : "5bb4cd15-fee2-4272-9b8a-68c4ebc9614b",
    "color" : "#008D36",
    "position" : {
      "x" : 14.5172205,
      "y" : 3.427051,
      "z" : 3.427051
    },
    "orientation" : 35
  }, {
    "shape" : "eb6515c5-f08b-47b7-9588-319d39ac0025",
    "color" : "#FFFFFF",
    "position" : {
      "x" : -3.427051,
      "y" : -14.5172205,
      "z" : 3.427051
    }
  }, {
    "shape" : "eb6515c5-f08b-47b7-9588-319d39ac0025",
    "color" : "#FFFFFF",
    "position" : {
      "x" : 5.545085,
      "y" : 11.09017,
      "z" : -8.972136
    }
  }, {
    "shape" : "eb6515c5-f08b-47b7-9588-319d39ac0025",
    "color" : "#FFFFFF",
    "position" : {
      "x" : -11.09017,
      "y" : -8.972136,
      "z" : -5.545085
    }
  }, {
    "shape" : "005e0208-a1c4-44b2-ab7a-d4a362c63cef",
    "color" : "#AF0000",
    "position" : {
      "x" : -5.545085,
      "y" : -11.09017,
      "z" : -8.972136
    },
    "orientation" : 2
  }, {
    "shape" : "5bb4cd15-fee2-4272-9b8a-68c4ebc9614b",
    "color" : "#008D36",
    "position" : {
      "x" : 3.427051,
      "y" : 3.427051,
      "z" : -14.5172205
    },
    "orientation" : 36
  }, {
    "shape" : "005e0208-a1c4-44b2-ab7a-d4a362c63cef",
    "color" : "#AF0000",
    "position" : {
      "x" : -8.972136,
      "y" : 5.545085,
      "z" : 11.09017
    },
    "orientation" : 15
  }, {
    "shape" : "5bb4cd15-fee2-4272-9b8a-68c4ebc9614b",
    "color" : "#008D36",
    "position" : {
      "x" : -3.427051,
      "y" : -3.427051,
      "z" : 14.5172205
    },
    "orientation" : 19
  }, {
    "shape" : "723a91ee-ad94-4372-bad6-adc94b40fe4a",
    "color" : "#007695",
    "position" : {
      "x" : -3.427051,
      "y" : -14.5172205,
      "z" : 3.427051
    },
    "orientation" : 7
  }, {
    "shape" : "723a91ee-ad94-4372-bad6-adc94b40fe4a",
    "color" : "#007695",
    "position" : {
      "x" : -11.09017,
      "y" : 8.972136,
      "z" : 5.545085
    },
    "orientation" : 36
  }, {
    "shape" : "eb6515c5-f08b-47b7-9588-319d39ac0025",
    "color" : "#FFFFFF",
    "position" : {
      "x" : 3.427051,
      "y" : 14.5172205,
      "z" : -3.427051
    }
  }, {
    "shape" : "005e0208-a1c4-44b2-ab7a-d4a362c63cef",
    "color" : "#AF0000",
    "position" : {
      "x" : 8.972136,
      "y" : 5.545085,
      "z" : 11.09017
    },
    "orientation" : 16
  }, {
    "shape" : "5bb4cd15-fee2-4272-9b8a-68c4ebc9614b",
    "color" : "#008D36",
    "position" : {
      "x" : 8.972136,
      "y" : -12.399187,
      "z" : 0.0
    },
    "orientation" : 32
  }, {
    "shape" : "eb6515c5-f08b-47b7-9588-319d39ac0025",
    "color" : "#FFFFFF",
    "position" : {
      "x" : -3.427051,
      "y" : -3.427051,
      "z" : 14.5172205
    }
  }, {
    "shape" : "723a91ee-ad94-4372-bad6-adc94b40fe4a",
    "color" : "#007695",
    "position" : {
      "x" : -14.5172205,
      "y" : -3.427051,
      "z" : -3.427051
    },
    "orientation" : 2
  }, {
    "shape" : "5bb4cd15-fee2-4272-9b8a-68c4ebc9614b",
    "color" : "#008D36",
    "position" : {
      "x" : 14.5172205,
      "y" : -3.427051,
      "z" : -3.427051
    },
    "orientation" : 50
  }, {
    "shape" : "eb6515c5-f08b-47b7-9588-319d39ac0025",
    "color" : "#FFFFFF",
    "position" : {
      "x" : -11.09017,
      "y" : 8.972136,
      "z" : 5.545085
    }
  }, {
    "shape" : "eb6515c5-f08b-47b7-9588-319d39ac0025",
    "color" : "#FFFFFF",
    "position" : {
      "x" : 5.545085,
      "y" : -11.09017,
      "z" : 8.972136
    }
  }, {
    "shape" : "723a91ee-ad94-4372-bad6-adc94b40fe4a",
    "color" : "#007695",
    "position" : {
      "x" : 0.0,
      "y" : 8.972136,
      "z" : -12.399187
    },
    "orientation" : 11
  }, {
    "shape" : "723a91ee-ad94-4372-bad6-adc94b40fe4a",
    "color" : "#007695",
    "position" : {
      "x" : 11.09017,
      "y" : -8.972136,
      "z" : 5.545085
    },
    "orientation" : 6
  }, {
    "shape" : "eb6515c5-f08b-47b7-9588-319d39ac0025",
    "color" : "#FFFFFF",
    "position" : {
      "x" : -8.972136,
      "y" : -5.545085,
      "z" : -11.09017
    }
  }, {
    "shape" : "eb6515c5-f08b-47b7-9588-319d39ac0025",
    "color" : "#FFFFFF",
    "position" : {
      "x" : 0.0,
      "y" : -8.972136,
      "z" : -12.399187
    }
  }, {
    "shape" : "eb6515c5-f08b-47b7-9588-319d39ac0025",
    "color" : "#FFFFFF",
    "position" : {
      "x" : 8.972136,
      "y" : 12.399187,
      "z" : 0.0
    }
  }, {
    "shape" : "eb6515c5-f08b-47b7-9588-319d39ac0025",
    "color" : "#FFFFFF",
    "position" : {
      "x" : 8.972136,
      "y" : -5.545085,
      "z" : 11.09017
    }
  }, {
    "shape" : "eb6515c5-f08b-47b7-9588-319d39ac0025",
    "color" : "#FFFFFF",
    "position" : {
