{
  "field" : "golden",
  "symmetry" : "icosahedral",
  "orientations" : [ [ 1.0, 0.0, 0.0, 0.0, 0.0, 1.0, 0.0, 0.0, 0.0, 0.0, 1.0, 0.0, 0.0, 0.0, 0.0, 1.0 ], [ 0.0, 0.0, 1.0, 0.0, 1.0, 0.0, 0.0, 0.0, 0.0, 1.0, 0.0, 0.0, 0.0, 0.0, 0.0, 1.0 ], [ 0.0, 1.0, 0.0, 0.0, 0.0, 0.0, 1.0, 0.0, 1.0, 0.0, 0.0, 0.0, 0.0, 0.0, 0.0, 1.0 ], [ 0.809017, 0.309017, 0.5, 0.0, 0.309017, 0.5, -0.809017, 0.0, -0.5, 0.809017, 0.309017, 0.0, 0.0, 0.0, 0.0, 1.0 ], [ -0.5, 0.809017, 0.309017, 0.0, 0.809017, 0.309017, 0.5, 0.0, 0.309017, 0.5, -0.809017, 0.0, 0.0, 0.0, 0.0, 1.0 ], [ 0.309017, 0.5, -0.809017, 0.0, -0.5, 0.809017, 0.309017, 0.0, 0.809017, 0.309017, 0.5, 0.0, 0.0, 0.0, 0.0, 1.0 ], [ 0.5, 0.809017, 0.309017, 0.0, 0.809017, -0.309017, -0.5, 0.0, -0.309017, 0.5, -0.809017, 0.0, 0.0, 0.0, 0.0, 1.0 ], [ -0.309017, 0.5, -0.809017, 0.0, 0.5, 0.809017, 0.309017, 0.0, 0.809017, -0.309017, -0.5, 0.0, 0.0, 0.0, 0.0, 1.0 ], [ 0.809017, -0.309017, -0.5, 0.0, -0.309017, 0.5, -0.809017, 0.0, 0.5, 0.809017, 0.309017, 0.0, 0.0, 0.0, 0.0, 1.0 ], [ 0.5, 0.809017, -0.309017, 0.0, 0.809017, -0.309017, 0.5, 0.0, 0.309017, -0.5, -0.809017, 0.0, 0.0, 0.0, 0.0, 1.0 ], [ 0.309017, -0.5, -0.809017, 0.0, 0.5, 0.809017, -0.309017, 0.0, 0.809017, -0.309017, 0.5, 0.0, 0.0, 0.0, 0.0, 1.0 ], [ 0.809017, -0.309017, 0.5, 0.0, 0.309017, -0.5, -0.809017, 0.0, 0.5, 0.809017, -0.309017, 0.0, 0.0, 0.0, 0.0, 1.0 ], [ 0.809017, 0.309017, -0.5, 0.0, 0.309017, 0.5, 0.809017, 0.0, 0.5, -0.809017, 0.309017, 0.0, 0.0, 0.0, 0.0, 1.0 ], [ 0.5, -0.809017, 0.309017, 0.0, 0.809017, 0.309017, -0.5, 0.0, 0.309017, 0.5, 0.809017, 0.0, 0.0, 0.0, 0.0, 1.0 ], [ 0.309017, 0.5, 0.809017, 0.0, 0.5, -0.809017, 0.309017, 0.0, 0.809017, 0.309017, -0.5, 0.0, 0.0, 0.0, 0.0, 1.0 ], [ 1.0, 0.0, 0.0, 0.0, 0.0, -1.0, 0.0, 0.0, 0.0, 0.0, -1.0, 0.0, 0.0, 0.0, 0.0, 1.0 ], [ 0.0, 0.0, 1.0, 0.0, -1.0, 0.0, 0.0, 0.0, 0.0, -1.0, 0.0, 0.0, 0.0, 0.0, 0.0, 1.0 ], [ 0.0, 1.0, 0.0, 0.0, 0.0, 0.0, -1.0, 0.0, -1.0, 0.0, 0.0, 0.0, 0.0, 0.0, 0.0, 1.0 ], [ 0.809017, 0.309017, 0.5, 0.0, -0.309017, -0.5, 0.809017, 0.0, 0.5, -0.809017, -0.309017, 0.0, 0.0, 0.0, 0.0, 1.0 ], [ -0.5, 0.809017, 0.309017, 0.0, -0.809017, -0.309017, -0.5, 0.0, -0.309017, -0.5, 0.809017, 0.0, 0.0, 0.0, 0.0, 1.0 ], [ 0.309017, 0.5, -0.809017, 0.0, 0.5, -0.809017, -0.309017, 0.0, -0.809017, -0.309017, -0.5, 0.0, 0.0, 0.0, 0.0, 1.0 ], [ 0.5, 0.809017, 0.309017, 0.0, -0.809017, 0.309017, 0.5, 0.0, 0.309017, -0.5, 0.809017, 0.0, 0.0, 0.0, 0.0, 1.0 ], [ -0.309017, 0.5, -0.809017, 0.0, -0.5, -0.809017, -0.309017, 0.0, -0.809017, 0.309017, 0.5, 0.0, 0.0, 0.0, 0.0, 1.0 ], [ 0.809017, -0.309017, -0.5, 0.0, 0.309017, -0.5, 0.809017, 0.0, -0.5, -0.809017, -0.309017, 0.0, 0.0, 0.0, 0.0, 1.0 ], [ 0.5, 0.809017, -0.309017, 0.0, -0.809017, 0.309017, -0.5, 0.0, -0.309017, 0.5, 0.809017, 0.0, 0.0, 0.0, 0.0, 1.0 ], [ 0.309017, -0.5, -0.809017, 0.0, -0.5, -0.809017, 0.309017, 0.0, -0.809017, 0.309017, -0.5, 0.0, 0.0, 0.0, 0.0, 1.0 ], [ 0.809017, -0.309017, 0.5, 0.0, -0.309017, 0.5, 0.809017, 0.0, -0.5, -0.809017, 0.309017, 0.0, 0.0, 0.0, 0.0, 1.0 ], [ 0.809017, 0.309017, -0.5, 0.0, -0.309017, -0.5, -0.809017, 0.0, -0.5, 0.809017, -0.309017, 0.0, 0.0, 0.0, 0.0, 1.0 ], [ 0.5, -0.809017, 0.309017, 0.0, -0.809017, -0.309017, 0.5, 0.0, -0.309017, -0.5, -0.809017, 0.0, 0.0, 0.0, 0.0, 1.0 ], [ 0.309017, 0.5, 0.809017, 0.0, -0.5, 0.809017, -0.309017, 0.0, -0.809017, -0.309017, 0.5, 0.0, 0.0, 0.0, 0.0, 1.0 ], [ -1.0, 0.0, 0.0, 0.0, 0.0, -1.0, 0.0, 0.0, 0.0, 0.0, 1.0, 0.0, 0.0, 0.0, 0.0, 1.0 ], [ 0.0, 0.0, -1.0, 0.0, -1.0, 0.0, 0.0, 0.0, 0.0, 1.0, 0.0, 0.0, 0.0, 0.0, 0.0, 1.0 ], [ 0.0, -1.0, 0.0, 0.0, 0.0, 0.0, -1.0, 0.0, 1.0, 0.0, 0.0, 0.0, 0.0, 0.0, 0.0, 1.0 ], [ -0.809017, -0.309017, -0.5, 0.0, -0.309017, -0.5, 0.809017, 0.0, -0.5, 0.809017, 0.309017, 0.0, 0.0, 0.0, 0.0, 1.0 ], [ 0.5, -0.809017, -0.309017, 0.0, -0.809017, -0.309017, -0.5, 0.0, 0.309017, 0.5, -0.809017, 0.0, 0.0, 0.0, 0.0, 1.0 ], [ -0.309017, -0.5, 0.809017, 0.0, 0.5, -0.809017, -0.309017, 0.0, 0.809017, 0.309017, 0.5, 0.0, 0.0, 0.0, 0.0, 1.0 ], [ -0.5, -0.809017, -0.309017, 0.0, -0.809017, 0.309017, 0.5, 0.0, -0.309017, 0.5, -0.809017, 0.0, 0.0, 0.0, 0.0, 1.0 ], [ 0.309017, -0.5, 0.809017, 0.0, -0.5, -0.809017, -0.309017, 0.0, 0.809017, -0.309017, -0.5, 0.0, 0.0, 0.0, 0.0, 1.0 ], [ -0.809017, 0.309017, 0.5, 0.0, 0.309017, -0.5, 0.809017, 0.0, 0.5, 0.809017, 0.309017, 0.0, 0.0, 0.0, 0.0, 1.0 ], [ -0.5, -0.809017, 0.309017, 0.0, -0.809017, 0.309017, -0.5, 0.0, 0.309017, -0.5, -0.809017, 0.0, 0.0, 0.0, 0.0, 1.0 ], [ -0.309017, 0.5, 0.809017, 0.0, -0.5, -0.809017, 0.309017, 0.0, 0.809017, -0.309017, 0.5, 0.0, 0.0, 0.0, 0.0, 1.0 ], [ -0.809017, 0.309017, -0.5, 0.0, -0.309017, 0.5, 0.809017, 0.0, 0.5, 0.809017, -0.309017, 0.0, 0.0, 0.0, 0.0, 1.0 ], [ -0.809017, -0.309017, 0.5, 0.0, -0.309017, -0.5, -0.809017, 0.0, 0.5, -0.809017, 0.309017, 0.0, 0.0, 0.0, 0.0, 1.0 ], [ -0.5, 0.809017, -0.309017, 0.0, -0.809017, -0.309017, 0.5, 0.0, 0.309017, 0.5, 0.809017, 0.0, 0.0, 0.0, 0.0, 1.0 ], [ -0.309017, -0.5, -0.809017, 0.0, -0.5, 0.809017, -0.309017, 0.0, 0.809017, 0.309017, -0.5, 0.0, 0.0, 0.0, 0.0, 1.0 ], [ -1.0, 0.0, 0.0, 0.0, 0.0, 1.0, 0.0, 0.0, 0.0, 0.0, -1.0, 0.0, 0.0, 0.0, 0.0, 1.0 ], [ 0.0, 0.0, -1.0, 0.0, 1.0, 0.0, 0.0, 0.0, 0.0, -1.0, 0.0, 0.0, 0.0, 0.0, 0.0, 1.0 ], [ 0.0, -1.0, 0.0, 0.0, 0.0, 0.0, 1.0, 0.0, -1.0, 0.0, 0.0, 0.0, 0.0, 0.0, 0.0, 1.0 ], [ -0.809017, -0.309017, -0.5, 0.0, 0.309017, 0.5, -0.809017, 0.0, 0.5, -0.809017, -0.309017, 0.0, 0.0, 0.0, 0.0, 1.0 ], [ 0.5, -0.809017, -0.309017, 0.0, 0.809017, 0.309017, 0.5, 0.0, -0.309017, -0.5, 0.809017, 0.0, 0.0, 0.0, 0.0, 1.0 ], [ -0.309017, -0.5, 0.809017, 0.0, -0.5, 0.809017, 0.309017, 0.0, -0.809017, -0.309017, -0.5, 0.0, 0.0, 0.0, 0.0, 1.0 ], [ -0.5, -0.809017, -0.309017, 0.0, 0.809017, -0.309017, -0.5, 0.0, 0.309017, -0.5, 0.809017, 0.0, 0.0, 0.0, 0.0, 1.0 ], [ 0.309017, -0.5, 0.809017, 0.0, 0.5, 0.809017, 0.309017, 0.0, -0.809017, 0.309017, 0.5, 0.0, 0.0, 0.0, 0.0, 1.0 ], [ -0.809017, 0.309017, 0.5, 0.0, -0.309017, 0.5, -0.809017, 0.0, -0.5, -0.809017, -0.309017, 0.0, 0.0, 0.0, 0.0, 1.0 ], [ -0.5, -0.809017, 0.309017, 0.0, 0.809017, -0.309017, 0.5, 0.0, -0.309017, 0.5, 0.809017, 0.0, 0.0, 0.0, 0.0, 1.0 ], [ -0.309017, 0.5, 0.809017, 0.0, 0.5, 0.809017, -0.309017, 0.0, -0.809017, 0.309017, -0.5, 0.0, 0.0, 0.0, 0.0, 1.0 ], [ -0.809017, 0.309017, -0.5, 0.0, 0.309017, -0.5, -0.809017, 0.0, -0.5, -0.809017, 0.309017, 0.0, 0.0, 0.0, 0.0, 1.0 ], [ -0.809017, -0.309017, 0.5, 0.0, 0.309017, 0.5, 0.809017, 0.0, -0.5, 0.809017, -0.309017, 0.0, 0.0, 0.0, 0.0, 1.0 ], [ -0.5, 0.809017, -0.309017, 0.0, 0.809017, 0.309017, -0.5, 0.0, -0.309017, -0.5, -0.809017, 0.0, 0.0, 0.0, 0.0, 1.0 ], [ -0.309017, -0.5, -0.809017, 0.0, 0.5, -0.809017, 0.309017, 0.0, -0.809017, -0.309017, 0.5, 0.0, 0.0, 0.0, 0.0, 1.0 ] ],
  "lights" : {
    "ambientColor" : "#292929",
    "backgroundColor" : "#666666",
    "directionalLights" : [ {
      "direction" : {
        "x" : 1.0,
        "y" : -1.0,
        "z" : -1.0
      },
      "color" : "#EBEBE4"
    }, {
      "direction" : {
        "x" : -1.0,
        "y" : 0.0,
        "z" : 0.0
      },
      "color" : "#E4E4EB"
    }, {
      "direction" : {
        "x" : 0.0,
        "y" : 0.0,
        "z" : -1.0
      },
      "color" : "#1E1E1E"
    } ]
  },
  "camera" : {
    "viewDistance" : 127.59733,
    "nearClipDistance" : 0.31899375,
    "farClipDistance" : 255.19432,
    "lookAtPoint" : {
      "x" : 0.0,
      "y" : 0.0,
      "z" : 0.0
    },
    "fieldOfView" : 0.4426301,
    "perspective" : true,
    "lookDirection" : {
      "x" : 0.032189947,
      "y" : 0.023872413,
      "z" : -0.9991886
    },
    "upDirection" : {
      "x" : 0.0067198314,
      "y" : 0.9996816,
      "z" : 0.024098426
    },
    "stereo" : false,
    "width" : 57.418964,
    "position" : {
      "x" : -4.1073513,
      "y" : -3.046056,
      "z" : 127.4938
    }
  },
  "embedding" : [ 1.0, 0.0, 0.0, 0.0, 0.0, 1.0, 0.0, 0.0, 0.0, 0.0, 1.0, 0.0, 0.0, 0.0, 0.0, 1.0 ],
  "shapes" : [ {
    "id" : "a300d622-cc8b-4d6d-be93-5d6c2fcbb554",
    "vertices" : [ {
      "x" : 0.309017,
      "y" : -0.309017,
      "z" : -0.309017
    }, {
      "x" : 0.5,
      "y" : 0.0,
      "z" : -0.19098301
    }, {
      "x" : 0.5,
      "y" : 0.0,
      "z" : 0.19098301
    }, {
      "x" : 0.309017,
      "y" : -0.309017,
      "z" : 0.309017
    }, {
      "x" : 0.19098301,
      "y" : -0.5,
      "z" : 0.0
    }, {
      "x" : 0.0,
      "y" : 0.19098301,
      "z" : 0.5
    }, {
      "x" : 0.0,
      "y" : -0.19098301,
      "z" : 0.5
    }, {
      "x" : 0.309017,
      "y" : 0.309017,
      "z" : 0.309017
    }, {
      "x" : -0.309017,
      "y" : -0.309017,
      "z" : 0.309017
    }, {
      "x" : -0.309017,
      "y" : 0.309017,
      "z" : 0.309017
    }, {
      "x" : -0.5,
      "y" : 0.0,
      "z" : 0.19098301
    }, {
      "x" : 0.0,
      "y" : -0.19098301,
      "z" : -0.5
    }, {
      "x" : 0.0,
      "y" : 0.19098301,
      "z" : -0.5
    }, {
      "x" : 0.309017,
      "y" : 0.309017,
      "z" : -0.309017
    }, {
      "x" : -0.309017,
      "y" : -0.309017,
      "z" : -0.309017
    }, {
      "x" : -0.19098301,
      "y" : -0.5,
      "z" : 0.0
    }, {
      "x" : -0.5,
      "y" : 0.0,
      "z" : -0.19098301
    }, {
      "x" : 0.19098301,
      "y" : 0.5,
      "z" : 0.0
    }, {
      "x" : -0.309017,
      "y" : 0.309017,
      "z" : -0.309017
    }, {
      "x" : 0.0,
      "y" : 0.0,
      "z" : 0.0
    }, {
      "x" : -0.19098301,
      "y" : 0.5,
      "z" : 0.0
    } ],
    "faces" : [ {
      "vertices" : [ 12, 18, 20 ]
    }, {
      "vertices" : [ 12, 20, 17 ]
    }, {
      "vertices" : [ 12, 17, 13 ]
    }, {
      "vertices" : [ 3, 6, 8 ]
    }, {
      "vertices" : [ 3, 8, 15 ]
    }, {
      "vertices" : [ 3, 15, 4 ]
    }, {
      "vertices" : [ 0, 11, 12 ]
    }, {
      "vertices" : [ 0, 12, 13 ]
    }, {
      "vertices" : [ 0, 13, 1 ]
    }, {
      "vertices" : [ 5, 9, 10 ]
    }, {
      "vertices" : [ 5, 10, 8 ]
    }, {
      "vertices" : [ 5, 8, 6 ]
    }, {
      "vertices" : [ 2, 7, 5 ]
    }, {
      "vertices" : [ 2, 5, 6 ]
    }, {
      "vertices" : [ 2, 6, 3 ]
    }, {
      "vertices" : [ 11, 14, 16 ]
    }, {
      "vertices" : [ 11, 16, 18 ]
    }, {
      "vertices" : [ 11, 18, 12 ]
    }, {
      "vertices" : [ 1, 13, 17 ]
    }, {
      "vertices" : [ 1, 17, 7 ]
    }, {
      "vertices" : [ 1, 7, 2 ]
    }, {
      "vertices" : [ 9, 20, 18 ]
    }, {
      "vertices" : [ 9, 18, 16 ]
    }, {
      "vertices" : [ 9, 16, 10 ]
    }, {
      "vertices" : [ 0, 1, 2 ]
    }, {
      "vertices" : [ 0, 2, 3 ]
    }, {
      "vertices" : [ 0, 3, 4 ]
    }, {
      "vertices" : [ 5, 7, 17 ]
    }, {
      "vertices" : [ 5, 17, 20 ]
    }, {
      "vertices" : [ 5, 20, 9 ]
    }, {
      "vertices" : [ 0, 4, 15 ]
    }, {
      "vertices" : [ 0, 15, 14 ]
    }, {
      "vertices" : [ 0, 14, 11 ]
    }, {
      "vertices" : [ 8, 10, 16 ]
    }, {
      "vertices" : [ 8, 16, 14 ]
    }, {
      "vertices" : [ 8, 14, 15 ]
    } ]
  }, {
    "id" : "808783a2-3d52-46c6-9cd7-cffccc52f2ff",
    "vertices" : [ {
      "x" : 17.944271,
      "y" : 0.0,
      "z" : -6.854102
    }, {
      "x" : 0.872678,
      "y" : 11.09017,
      "z" : -15.659572
    }, {
      "x" : -11.962848,
      "y" : -6.854102,
      "z" : -13.37487
    }, {
      "x" : 5.108746,
      "y" : -17.944271,
      "z" : -4.5694013
    } ],
    "faces" : [ {
      "vertices" : [ 0, 1, 2 ]
    }, {
      "vertices" : [ 0, 2, 3 ]
    }, {
      "vertices" : [ 0, 3, 2 ]
    }, {
      "vertices" : [ 0, 2, 1 ]
    } ]
  }, {
    "id" : "32f94eee-45a2-424d-8c5a-9a6b83ebf76f",
    "vertices" : [ {
      "x" : 1.0,
      "y" : 0.309017,
      "z" : 0.19098301
    }, {
      "x" : 1.0,
      "y" : -0.309017,
      "z" : 0.19098301
    }, {
      "x" : 7.472136,
      "y" : -0.309017,
      "z" : 0.19098301
    }, {
      "x" : 7.472136,
      "y" : 0.309017,
      "z" : 0.19098301
    }, {
      "x" : 7.472136,
      "y" : -0.309017,
      "z" : -0.19098301
    }, {
      "x" : 7.472136,
      "y" : 0.309017,
      "z" : -0.19098301
    }, {
      "x" : 8.09017,
      "y" : 0.0,
      "z" : 0.0
    }, {
      "x" : 0.38196602,
      "y" : 0.0,
      "z" : 0.0
    }, {
      "x" : 1.0,
      "y" : 0.309017,
      "z" : -0.19098301
    }, {
      "x" : 1.0,
      "y" : -0.309017,
      "z" : -0.19098301
    }, {
      "x" : 8.472136,
      "y" : 0.0,
      "z" : 0.0
    } ],
    "faces" : [ {
      "vertices" : [ 1, 9, 4 ]
    }, {
      "vertices" : [ 1, 4, 2 ]
    }, {
      "vertices" : [ 0, 3, 5 ]
    }, {
      "vertices" : [ 0, 5, 8 ]
    }, {
      "vertices" : [ 1, 7, 9 ]
    }, {
      "vertices" : [ 0, 1, 2 ]
    }, {
      "vertices" : [ 0, 2, 3 ]
    }, {
      "vertices" : [ 7, 8, 9 ]
    }, {
      "vertices" : [ 0, 7, 1 ]
    }, {
      "vertices" : [ 4, 9, 8 ]
    }, {
      "vertices" : [ 4, 8, 5 ]
    }, {
      "vertices" : [ 2, 6, 3 ]
    }, {
      "vertices" : [ 2, 4, 6 ]
    }, {
      "vertices" : [ 3, 6, 5 ]
    }, {
      "vertices" : [ 4, 5, 6 ]
    }, {
      "vertices" : [ 0, 8, 7 ]
    } ]
  }, {
    "id" : "e75d660b-47a2-4b67-a355-aef2e04023fa",
    "vertices" : [ {
      "x" : 14.247549,
      "y" : -10.550825,
      "z" : -7.3934464
    }, {
      "x" : 3.6967232,
      "y" : -18.483616,
      "z" : -3.6967232
    }, {
      "x" : 1.4120227,
      "y" : -16.53225,
      "z" : 9.678147
    }, {
      "x" : 10.550825,
      "y" : -7.3934464,
      "z" : 14.247549
    }, {
      "x" : 18.483616,
      "y" : -3.6967232,
      "z" : 3.6967232
    } ],
    "faces" : [ {
      "vertices" : [ 0, 1, 2 ]
    }, {
      "vertices" : [ 0, 2, 3 ]
    }, {
      "vertices" : [ 0, 3, 4 ]
    }, {
      "vertices" : [ 0, 4, 3 ]
    }, {
      "vertices" : [ 0, 3, 2 ]
    }, {
      "vertices" : [ 0, 2, 1 ]
    } ]
  }, {
    "id" : "ff528754-5ee1-4028-8d8a-08f21d6d99c6",
    "vertices" : [ {
      "x" : 4.236068,
      "y" : -4.236068,
      "z" : -4.236068
    }, {
      "x" : -1.4120227,
      "y" : -7.0601134,
      "z" : 1.4120227
    }, {
      "x" : 1.4120227,
      "y" : -1.4120227,
      "z" : 7.0601134
    }, {
      "x" : 7.0601134,
      "y" : 1.4120227,
      "z" : 1.4120227
    } ],
    "faces" : [ {
      "vertices" : [ 0, 1, 2 ]
    }, {
      "vertices" : [ 0, 2, 3 ]
    }, {
      "vertices" : [ 0, 3, 2 ]
    }, {
      "vertices" : [ 0, 2, 1 ]
    } ]
  }, {
    "id" : "65712db6-b799-4596-bdbd-27e2ef2c4354",
    "vertices" : [ {
      "x" : 0.0,
      "y" : -6.854102,
      "z" : 17.944271
    }, {
      "x" : 6.854102,
      "y" : 13.37487,
      "z" : 11.962848
    }, {
      "x" : 17.944271,
      "y" : 4.5694013,
      "z" : -5.108746
    }, {
      "x" : 11.09017,
      "y" : -15.659572,
      "z" : 0.872678
    } ],
    "faces" : [ {
      "vertices" : [ 0, 1, 2 ]
    }, {
      "vertices" : [ 0, 2, 3 ]
    }, {
      "vertices" : [ 0, 3, 2 ]
    }, {
      "vertices" : [ 0, 2, 1 ]
    } ]
  }, {
    "id" : "a86a87b9-c107-4255-b6c2-5a3a2a26b239",
    "vertices" : [ {
      "x" : -4.236068,
      "y" : 4.236068,
      "z" : 4.236068
    }, {
      "x" : -4.236068,
      "y" : -4.236068,
      "z" : 4.236068
    }, {
      "x" : -4.236068,
      "y" : -4.236068,
      "z" : -4.236068
    }, {
      "x" : -4.236068,
      "y" : 4.236068,
      "z" : -4.236068
    } ],
    "faces" : [ {
      "vertices" : [ 0, 1, 2 ]
    }, {
      "vertices" : [ 0, 2, 3 ]
    }, {
      "vertices" : [ 0, 3, 2 ]
    }, {
      "vertices" : [ 0, 2, 1 ]
    } ]
  }, {
    "id" : "1b08ab4b-3c01-4b5f-9eae-d779f2ad54a7",
    "vertices" : [ {
      "x" : -0.872678,
      "y" : -11.09017,
      "z" : -15.659572
    }, {
      "x" : 5.108746,
      "y" : -17.944271,
      "z" : 4.5694013
    }, {
      "x" : 17.944271,
      "y" : 0.0,
      "z" : 6.854102
    }, {
      "x" : 11.962848,
      "y" : 6.854102,
      "z" : -13.37487
    } ],
    "faces" : [ {
      "vertices" : [ 0, 1, 2 ]
    }, {
      "vertices" : [ 0, 2, 3 ]
    }, {
      "vertices" : [ 0, 3, 2 ]
    }, {
      "vertices" : [ 0, 2, 1 ]
    } ]
  }, {
    "id" : "45feaaa7-80dd-4e78-b814-75c0d1ac2961",
    "vertices" : [ {
      "x" : 1.0943019,
      "y" : -1.2387991,
      "z" : 7.643642
    }, {
      "x" : 1.1943018,
      "y" : -0.8387991,
      "z" : 7.743642
    }, {
      "x" : 0.31772077,
      "y" : 0.0327878,
      "z" : 0.62248266
    }, {
      "x" : 0.21772076,
      "y" : -0.3672122,
      "z" : 0.5224827
    }, {
      "x" : 1.4943019,
      "y" : -0.97213244,
      "z" : 7.5103087
    }, {
      "x" : 1.3943019,
      "y" : -1.3721324,
      "z" : 7.410309
    }, {
      "x" : -0.08227924,
      "y" : -0.23387887,
      "z" : 0.755816
    }, {
      "x" : 0.017720759,
      "y" : 0.16612114,
      "z" : 0.855816
    } ],
    "faces" : [ {
      "vertices" : [ 2, 3, 6 ]
    }, {
      "vertices" : [ 2, 6, 7 ]
    }, {
      "vertices" : [ 0, 5, 4 ]
    }, {
      "vertices" : [ 0, 4, 1 ]
    }, {
      "vertices" : [ 2, 4, 5 ]
    }, {
      "vertices" : [ 2, 5, 3 ]
    }, {
      "vertices" : [ 0, 6, 3 ]
    }, {
      "vertices" : [ 0, 3, 5 ]
    }, {
      "vertices" : [ 0, 1, 7 ]
    }, {
      "vertices" : [ 0, 7, 6 ]
    }, {
      "vertices" : [ 1, 4, 2 ]
    }, {
      "vertices" : [ 1, 2, 7 ]
    } ]
  }, {
    "id" : "569daf36-a80e-4624-b0d0-578d23a5daf9",
    "vertices" : [ {
      "x" : 15.659572,
      "y" : -0.872678,
      "z" : 11.09017
    }, {
      "x" : 13.37487,
      "y" : 11.962848,
      "z" : 6.854102
    }, {
      "x" : 13.37487,
      "y" : 11.962848,
      "z" : -6.854102
    }, {
      "x" : 15.659572,
      "y" : -0.872678,
      "z" : -11.09017
    }, {
      "x" : 17.071594,
      "y" : -8.8054695,
      "z" : 0.0
    } ],
    "faces" : [ {
      "vertices" : [ 0, 1, 2 ]
    }, {
      "vertices" : [ 0, 2, 3 ]
    }, {
      "vertices" : [ 0, 3, 4 ]
    }, {
      "vertices" : [ 0, 4, 3 ]
    }, {
      "vertices" : [ 0, 3, 2 ]
    }, {
      "vertices" : [ 0, 2, 1 ]
    } ]
  }, {
    "id" : "d7e67612-09ed-46e0-81f8-4c64079006c0",
    "vertices" : [ {
      "x" : 0.0,
      "y" : 6.854102,
      "z" : 17.944271
    }, {
      "x" : -11.09017,
      "y" : 15.659572,
      "z" : 0.872678
    }, {
      "x" : 6.854102,
      "y" : 13.37487,
      "z" : -11.962848
    }, {
      "x" : 17.944271,
      "y" : 4.5694013,
      "z" : 5.108746
    } ],
    "faces" : [ {
      "vertices" : [ 0, 1, 2 ]
    }, {
      "vertices" : [ 0, 2, 3 ]
    }, {
      "vertices" : [ 0, 3, 2 ]
    }, {
      "vertices" : [ 0, 2, 1 ]
    } ]
  }, {
    "id" : "c426d637-3c2b-4bb9-a818-5293b5a72b6d",
    "vertices" : [ {
      "x" : -7.0601134,
      "y" : 1.4120227,
      "z" : -1.4120227
    }, {
      "x" : -1.4120227,
      "y" : 7.0601134,
      "z" : 1.4120227
    }, {
      "x" : 1.4120227,
      "y" : 1.4120227,
      "z" : 7.0601134
    }, {
      "x" : -4.236068,
      "y" : -4.236068,
      "z" : 4.236068
    } ],
    "faces" : [ {
      "vertices" : [ 0, 1, 2 ]
    }, {
      "vertices" : [ 0, 2, 3 ]
    }, {
      "vertices" : [ 0, 3, 2 ]
    }, {
      "vertices" : [ 0, 2, 1 ]
    } ]
  }, {
    "id" : "18e84077-a477-4c54-a8e5-20560b37667f",
    "vertices" : [ {
      "x" : 0.0,
      "y" : -6.854102,
      "z" : -17.944271
    }, {
      "x" : 0.0,
      "y" : -17.071594,
      "z" : -8.8054695
    }, {
      "x" : 11.09017,
      "y" : -15.659572,
      "z" : -0.872678
    }, {
      "x" : 17.944271,
      "y" : -4.5694013,
      "z" : -5.108746
    }, {
      "x" : 11.09017,
      "y" : 0.872678,
      "z" : -15.659572
    } ],
    "faces" : [ {
      "vertices" : [ 0, 1, 2 ]
    }, {
      "vertices" : [ 0, 2, 3 ]
    }, {
      "vertices" : [ 0, 3, 4 ]
    }, {
      "vertices" : [ 0, 4, 3 ]
    }, {
      "vertices" : [ 0, 3, 2 ]
    }, {
      "vertices" : [ 0, 2, 1 ]
    } ]
  }, {
    "id" : "48a0ac6c-119a-4abe-a07c-f1f4ea0e27f7",
    "vertices" : [ {
      "x" : -6.854102,
      "y" : 17.944271,
      "z" : 0.0
    }, {
      "x" : 0.0,
      "y" : 6.854102,
      "z" : 17.944271
    }, {
      "x" : -11.09017,
      "y" : -11.09017,
      "z" : 11.09017
    }, {
      "x" : -17.944271,
      "y" : 0.0,
      "z" : -6.854102
    } ],
    "faces" : [ {
      "vertices" : [ 0, 1, 2 ]
    }, {
      "vertices" : [ 0, 2, 3 ]
    }, {
      "vertices" : [ 0, 3, 2 ]
    }, {
      "vertices" : [ 0, 2, 1 ]
    } ]
  }, {
    "id" : "7a2637e8-8ecf-4ee5-941d-f3df69f0e830",
    "vertices" : [ {
      "x" : 11.962848,
      "y" : 6.854102,
      "z" : 13.37487
    }, {
      "x" : -0.872678,
      "y" : -11.09017,
      "z" : 15.659572
    }, {
      "x" : -17.944271,
      "y" : 0.0,
      "z" : 6.854102
    }, {
      "x" : -5.108746,
      "y" : 17.944271,
      "z" : 4.5694013
    } ],
    "faces" : [ {
      "vertices" : [ 0, 1, 2 ]
    }, {
      "vertices" : [ 0, 2, 3 ]
    }, {
      "vertices" : [ 0, 3, 2 ]
    }, {
      "vertices" : [ 0, 2, 1 ]
    } ]
  }, {
    "id" : "db517208-c4d7-4787-b590-ada6a8b3319b",
    "vertices" : [ {
      "x" : 11.09017,
      "y" : -11.09017,
      "z" : 11.09017
    }, {
      "x" : -1.4120227,
      "y" : -16.53225,
      "z" : 9.678147
    }, {
      "x" : -10.550825,
      "y" : -7.3934464,
      "z" : 14.247549
    }, {
      "x" : -3.6967232,
      "y" : 3.6967232,
      "z" : 18.483616
    }, {
      "x" : 9.678147,
      "y" : 1.4120227,
      "z" : 16.53225
    } ],
    "faces" : [ {
      "vertices" : [ 0, 1, 2 ]
    }, {
      "vertices" : [ 0, 2, 3 ]
    }, {
      "vertices" : [ 0, 3, 4 ]
    }, {
      "vertices" : [ 0, 4, 3 ]
    }, {
      "vertices" : [ 0, 3, 2 ]
    }, {
      "vertices" : [ 0, 2, 1 ]
    } ]
  }, {
    "id" : "c68f22cd-a27a-41ba-acc9-2cafea79527a",
    "vertices" : [ {
      "x" : 17.944271,
      "y" : 0.0,
      "z" : -6.854102
    }, {
      "x" : 6.854102,
      "y" : 17.944271,
      "z" : 0.0
    }, {
      "x" : -11.09017,
      "y" : 11.09017,
      "z" : -11.09017
    }, {
      "x" : 0.0,
      "y" : -6.854102,
      "z" : -17.944271
    } ],
    "faces" : [ {
      "vertices" : [ 0, 1, 2 ]
    }, {
      "vertices" : [ 0, 2, 3 ]
    }, {
      "vertices" : [ 0, 3, 2 ]
    }, {
      "vertices" : [ 0, 2, 1 ]
    } ]
  }, {
    "id" : "09551cd1-1260-4909-9cc2-45ef1e844511",
    "vertices" : [ {
      "x" : -11.09017,
      "y" : -11.09017,
      "z" : -11.09017
    }, {
      "x" : 3.6967232,
      "y" : 3.6967232,
      "z" : -18.483616
    }, {
      "x" : -3.6967232,
      "y" : 18.483616,
      "z" : -3.6967232
    }, {
      "x" : -18.483616,
      "y" : 3.6967232,
      "z" : 3.6967232
    } ],
    "faces" : [ {
      "vertices" : [ 0, 1, 2 ]
    }, {
      "vertices" : [ 0, 2, 3 ]
    }, {
      "vertices" : [ 0, 3, 2 ]
    }, {
      "vertices" : [ 0, 2, 1 ]
    } ]
  }, {
    "id" : "57b014be-6ba5-464a-8445-25f2f915d531",
    "vertices" : [ {
      "x" : 7.1810536,
      "y" : -2.8968215,
      "z" : 0.93684644
    }, {
      "x" : 7.2810535,
      "y" : -2.9968214,
      "z" : 0.53684646
    }, {
      "x" : 0.5457263,
      "y" : -0.46656853,
      "z" : -0.064168446
    }, {
      "x" : 0.44572628,
      "y" : -0.3665685,
      "z" : 0.33583155
    }, {
      "x" : 7.0477204,
      "y" : -3.2968214,
      "z" : 0.6701798
    }, {
      "x" : 6.9477205,
      "y" : -3.1968215,
      "z" : 1.0701798
    }, {
      "x" : 0.6790596,
      "y" : -0.066568516,
      "z" : 0.20249821
    }, {
      "x" : 0.7790596,
      "y" : -0.16656852,
      "z" : -0.19750178
    } ],
    "faces" : [ {
      "vertices" : [ 2, 3, 6 ]
    }, {
      "vertices" : [ 2, 6, 7 ]
    }, {
      "vertices" : [ 0, 5, 4 ]
    }, {
      "vertices" : [ 0, 4, 1 ]
    }, {
      "vertices" : [ 2, 4, 5 ]
    }, {
      "vertices" : [ 2, 5, 3 ]
    }, {
      "vertices" : [ 0, 6, 3 ]
    }, {
      "vertices" : [ 0, 3, 5 ]
    }, {
      "vertices" : [ 0, 1, 7 ]
    }, {
      "vertices" : [ 0, 7, 6 ]
    }, {
      "vertices" : [ 1, 4, 2 ]
    }, {
      "vertices" : [ 1, 2, 7 ]
    } ]
  }, {
    "id" : "fc99b0d9-6743-4444-aec5-568b80fedf53",
    "vertices" : [ {
      "x" : -1.4120227,
      "y" : -1.4120227,
      "z" : -7.0601134
    }, {
      "x" : 1.4120227,
      "y" : -7.0601134,
      "z" : -1.4120227
    }, {
      "x" : -4.236068,
      "y" : -4.236068,
      "z" : 4.236068
    }, {
      "x" : -7.0601134,
      "y" : 1.4120227,
      "z" : -1.4120227
    } ],
    "faces" : [ {
      "vertices" : [ 0, 1, 2 ]
    }, {
      "vertices" : [ 0, 2, 3 ]
    }, {
      "vertices" : [ 0, 3, 2 ]
    }, {
      "vertices" : [ 0, 2, 1 ]
    } ]
  }, {
    "id" : "c63393e2-a64b-42c9-97c6-1859749e2763",
    "vertices" : [ {
      "x" : -11.09017,
      "y" : -11.09017,
      "z" : 11.09017
    }, {
      "x" : 10.550825,
      "y" : -7.3934464,
      "z" : 14.247549
    }, {
      "x" : 14.247549,
      "y" : -10.550825,
      "z" : -7.3934464
    }, {
      "x" : -7.3934464,
      "y" : -14.247549,
      "z" : -10.550825
    } ],
    "faces" : [ {
      "vertices" : [ 0, 1, 2 ]
    }, {
      "vertices" : [ 0, 2, 3 ]
    }, {
      "vertices" : [ 0, 3, 2 ]
    }, {
      "vertices" : [ 0, 2, 1 ]
    } ]
  }, {
    "id" : "3712cab9-2c39-492d-92de-a6d2ad68cfa4",
    "vertices" : [ {
      "x" : 3.6967232,
      "y" : -18.483616,
      "z" : 3.6967232
    }, {
      "x" : -3.6967232,
      "y" : -3.6967232,
      "z" : 18.483616
    }, {
      "x" : 11.09017,
      "y" : 11.09017,
      "z" : 11.09017
    }, {
      "x" : 18.483616,
      "y" : -3.6967232,
      "z" : -3.6967232
    } ],
    "faces" : [ {
      "vertices" : [ 0, 1, 2 ]
    }, {
      "vertices" : [ 0, 2, 3 ]
    }, {
      "vertices" : [ 0, 3, 2 ]
    }, {
      "vertices" : [ 0, 2, 1 ]
    } ]
  }, {
    "id" : "341751f2-2687-4493-8afa-cd23c7f63a1b",
    "vertices" : [ {
      "x" : -4.5694013,
      "y" : -5.108746,
      "z" : 17.944271
    }, {
      "x" : -13.37487,
      "y" : 11.962848,
      "z" : 6.854102
    }, {
      "x" : 6.854102,
      "y" : 17.944271,
      "z" : 0.0
    }, {
      "x" : 15.659572,
      "y" : 0.872678,
      "z" : 11.09017
    } ],
    "faces" : [ {
      "vertices" : [ 0, 1, 2 ]
    }, {
      "vertices" : [ 0, 2, 3 ]
    }, {
      "vertices" : [ 0, 3, 2 ]
    }, {
      "vertices" : [ 0, 2, 1 ]
    } ]
  }, {
    "id" : "4e40b97b-fad3-4503-998e-41182adb25a5",
    "vertices" : [ {
      "x" : -17.944271,
      "y" : 0.0,
      "z" : -6.854102
    }, {
      "x" : -0.872678,
      "y" : -11.09017,
      "z" : -15.659572
    }, {
      "x" : 11.962848,
      "y" : 6.854102,
      "z" : -13.37487
    }, {
      "x" : -5.108746,
      "y" : 17.944271,
      "z" : -4.5694013
    } ],
    "faces" : [ {
      "vertices" : [ 0, 1, 2 ]
    }, {
      "vertices" : [ 0, 2, 3 ]
    }, {
      "vertices" : [ 0, 3, 2 ]
    }, {
      "vertices" : [ 0, 2, 1 ]
    } ]
  }, {
    "id" : "e04ddc55-65f4-437e-88f9-f318394b6d96",
    "vertices" : [ {
      "x" : 17.944271,
      "y" : 0.0,
      "z" : -6.854102
    }, {
      "x" : 8.8054695,
      "y" : 0.0,
      "z" : -17.071594
    }, {
      "x" : 0.872678,
      "y" : -11.09017,
      "z" : -15.659572
    }, {
      "x" : 5.108746,
      "y" : -17.944271,
      "z" : -4.5694013
    }, {
      "x" : 15.659572,
      "y" : -11.09017,
      "z" : 0.872678
    } ],
    "faces" : [ {
      "vertices" : [ 0, 1, 2 ]
    }, {
      "vertices" : [ 0, 2, 3 ]
    }, {
      "vertices" : [ 0, 3, 4 ]
    }, {
      "vertices" : [ 0, 4, 3 ]
    }, {
      "vertices" : [ 0, 3, 2 ]
    }, {
      "vertices" : [ 0, 2, 1 ]
    } ]
  }, {
    "id" : "0208b72b-1a55-4a7f-b4a8-78594e6856f9",
    "vertices" : [ {
      "x" : 0.0,
      "y" : 4.236068,
      "z" : -11.09017
    }, {
      "x" : 6.854102,
      "y" : -0.53934467,
      "z" : -9.678147
    }, {
      "x" : 11.09017,
      "y" : 2.8240454,
      "z" : -3.1573787
    }, {
      "x" : 6.854102,
      "y" : 9.678147,
      "z" : -0.53934467
    }, {
      "x" : 0.0,
      "y" : 10.550825,
      "z" : -5.4420795
    } ],
    "faces" : [ {
      "vertices" : [ 0, 1, 2 ]
    }, {
      "vertices" : [ 0, 2, 3 ]
    }, {
      "vertices" : [ 0, 3, 4 ]
    }, {
      "vertices" : [ 0, 4, 3 ]
    }, {
      "vertices" : [ 0, 3, 2 ]
    }, {
      "vertices" : [ 0, 2, 1 ]
    } ]
  }, {
    "id" : "abb683d9-4426-491e-8805-cae624814cb8",
    "vertices" : [ {
      "x" : 4.4247394,
      "y" : 1.8418862,
      "z" : 6.1846914
    }, {
      "x" : 4.3247395,
      "y" : 2.2418861,
      "z" : 6.0846915
    }, {
      "x" : 0.47799522,
      "y" : 0.44281447,
      "z" : 0.3360771
    }, {
      "x" : 0.5779952,
      "y" : 0.04281446,
      "z" : 0.4360771
    }, {
      "x" : 4.6247396,
      "y" : 2.3752196,
      "z" : 5.8513584
    }, {
      "x" : 4.7247396,
      "y" : 1.9752195,
      "z" : 5.9513583
    }, {
      "x" : 0.2779952,
      "y" : -0.09051888,
      "z" : 0.6694104
    }, {
      "x" : 0.1779952,
      "y" : 0.3094811,
      "z" : 0.56941044
    } ],
    "faces" : [ {
      "vertices" : [ 2, 3, 6 ]
    }, {
      "vertices" : [ 2, 6, 7 ]
    }, {
      "vertices" : [ 0, 5, 4 ]
    }, {
      "vertices" : [ 0, 4, 1 ]
    }, {
      "vertices" : [ 2, 4, 5 ]
    }, {
      "vertices" : [ 2, 5, 3 ]
    }, {
      "vertices" : [ 0, 6, 3 ]
    }, {
      "vertices" : [ 0, 3, 5 ]
    }, {
      "vertices" : [ 0, 1, 7 ]
    }, {
      "vertices" : [ 0, 7, 6 ]
    }, {
      "vertices" : [ 1, 4, 2 ]
    }, {
      "vertices" : [ 1, 2, 7 ]
    } ]
  }, {
    "id" : "7464c246-f6be-4b5d-9025-d4a2e184ca07",
    "vertices" : [ {
      "x" : -3.6967232,
      "y" : -18.483616,
      "z" : -3.6967232
    }, {
      "x" : 7.3934464,
      "y" : -14.247549,
      "z" : -10.550825
    }, {
      "x" : 3.6967232,
      "y" : -3.6967232,
      "z" : -18.483616
    }, {
      "x" : -9.678147,
      "y" : -1.4120227,
      "z" : -16.53225
    }, {
      "x" : -14.247549,
      "y" : -10.550825,
      "z" : -7.3934464
    } ],
    "faces" : [ {
      "vertices" : [ 0, 1, 2 ]
    }, {
      "vertices" : [ 0, 2, 3 ]
    }, {
      "vertices" : [ 0, 3, 4 ]
    }, {
      "vertices" : [ 0, 4, 3 ]
    }, {
      "vertices" : [ 0, 3, 2 ]
    }, {
      "vertices" : [ 0, 2, 1 ]
    } ]
  }, {
    "id" : "77ef6f99-cfd9-4c95-b78d-04dbd9aa5067",
    "vertices" : [ {
      "x" : -17.944271,
      "y" : 0.0,
      "z" : 6.854102
    }, {
      "x" : -8.8054695,
      "y" : 0.0,
      "z" : 17.071594
    }, {
      "x" : -0.872678,
      "y" : -11.09017,
      "z" : 15.659572
    }, {
      "x" : -5.108746,
      "y" : -17.944271,
      "z" : 4.5694013
    }, {
      "x" : -15.659572,
      "y" : -11.09017,
      "z" : -0.872678
    } ],
    "faces" : [ {
      "vertices" : [ 0, 1, 2 ]
    }, {
      "vertices" : [ 0, 2, 3 ]
    }, {
      "vertices" : [ 0, 3, 4 ]
    }, {
      "vertices" : [ 0, 4, 3 ]
    }, {
      "vertices" : [ 0, 3, 2 ]
    }, {
      "vertices" : [ 0, 2, 1 ]
    } ]
  }, {
    "id" : "6d84e12e-97cc-4065-b703-5e934f6c12c5",
    "vertices" : [ {
      "x" : -11.09017,
      "y" : 15.659572,
      "z" : 0.872678
    }, {
      "x" : -6.854102,
      "y" : 13.37487,
      "z" : -11.962848
    }, {
      "x" : 6.854102,
      "y" : 13.37487,
      "z" : -11.962848
    }, {
      "x" : 11.09017,
      "y" : 15.659572,
      "z" : 0.872678
    }, {
      "x" : 0.0,
      "y" : 17.071594,
      "z" : 8.8054695
    } ],
    "faces" : [ {
      "vertices" : [ 0, 1, 2 ]
    }, {
      "vertices" : [ 0, 2, 3 ]
    }, {
      "vertices" : [ 0, 3, 4 ]
    }, {
      "vertices" : [ 0, 4, 3 ]
    }, {
      "vertices" : [ 0, 3, 2 ]
    }, {
      "vertices" : [ 0, 2, 1 ]
    } ]
  }, {
    "id" : "3e70f57b-a8bf-4ef0-962d-27d6d978f41f",
    "vertices" : [ {
      "x" : 0.0,
      "y" : -4.236068,
      "z" : -11.09017
    }, {
      "x" : -6.854102,
      "y" : 0.53934467,
      "z" : -9.678147
    }, {
      "x" : -11.09017,
      "y" : -2.8240454,
      "z" : -3.1573787
    }, {
      "x" : -6.854102,
      "y" : -9.678147,
      "z" : -0.53934467
    }, {
      "x" : 0.0,
      "y" : -10.550825,
      "z" : -5.4420795
    } ],
    "faces" : [ {
      "vertices" : [ 0, 1, 2 ]
    }, {
      "vertices" : [ 0, 2, 3 ]
    }, {
      "vertices" : [ 0, 3, 4 ]
    }, {
      "vertices" : [ 0, 4, 3 ]
    }, {
      "vertices" : [ 0, 3, 2 ]
    }, {
      "vertices" : [ 0, 2, 1 ]
    } ]
  }, {
    "id" : "747d8a15-c2b5-42ae-8019-e5cd9ec36241",
    "vertices" : [ {
      "x" : -6.854102,
      "y" : 17.944271,
      "z" : 0.0
    }, {
      "x" : 0.872678,
      "y" : 15.659572,
      "z" : -11.09017
    }, {
      "x" : 13.37487,
      "y" : 11.962848,
      "z" : -6.854102
    }, {
      "x" : 13.37487,
      "y" : 11.962848,
      "z" : 6.854102
    }, {
      "x" : 0.872678,
      "y" : 15.659572,
      "z" : 11.09017
    } ],
    "faces" : [ {
      "vertices" : [ 0, 1, 2 ]
    }, {
      "vertices" : [ 0, 2, 3 ]
    }, {
      "vertices" : [ 0, 3, 4 ]
    }, {
      "vertices" : [ 0, 4, 3 ]
    }, {
      "vertices" : [ 0, 3, 2 ]
    }, {
      "vertices" : [ 0, 2, 1 ]
    } ]
  }, {
    "id" : "7d359150-0a52-45f2-b64d-dfd77c524f27",
    "vertices" : [ {
      "x" : 4.236068,
      "y" : -8.266125,
      "z" : -7.3934464
    }, {
      "x" : 6.854102,
      "y" : -9.678147,
      "z" : 0.53934467
    }, {
      "x" : 11.09017,
      "y" : -2.8240454,
      "z" : 3.1573787
    }, {
      "x" : 11.09017,
      "y" : 2.8240454,
      "z" : -3.1573787
    }, {
      "x" : 6.854102,
      "y" : -0.53934467,
      "z" : -9.678147
    } ],
    "faces" : [ {
      "vertices" : [ 0, 1, 2 ]
    }, {
      "vertices" : [ 0, 2, 3 ]
    }, {
      "vertices" : [ 0, 3, 4 ]
    }, {
      "vertices" : [ 0, 4, 3 ]
    }, {
      "vertices" : [ 0, 3, 2 ]
    }, {
      "vertices" : [ 0, 2, 1 ]
    } ]
  }, {
    "id" : "cabadfed-140f-42c2-b92e-372c7f8ea68f",
    "vertices" : [ {
      "x" : 11.423503,
      "y" : -2.2847006,
      "z" : -2.2847006
    }, {
      "x" : 10.217492,
      "y" : 5.981424,
      "z" : -0.872678
    }, {
      "x" : 4.5694013,
      "y" : 8.8054695,
      "z" : -6.5207686
    }, {
      "x" : 2.2847006,
      "y" : 2.2847006,
      "z" : -11.423503
    }, {
      "x" : 6.5207686,
      "y" : -4.5694013,
      "z" : -8.8054695
    } ],
    "faces" : [ {
      "vertices" : [ 0, 1, 2 ]
    }, {
      "vertices" : [ 0, 2, 3 ]
    }, {
      "vertices" : [ 0, 3, 4 ]
    }, {
      "vertices" : [ 0, 4, 3 ]
    }, {
      "vertices" : [ 0, 3, 2 ]
    }, {
      "vertices" : [ 0, 2, 1 ]
    } ]
  }, {
    "id" : "eb0487b6-00df-4b92-8aba-8b5b596c1acb",
    "vertices" : [ {
      "x" : 0.0,
      "y" : -4.236068,
      "z" : 11.09017
    }, {
      "x" : 6.854102,
      "y" : 0.53934467,
      "z" : 9.678147
    }, {
      "x" : 11.09017,
      "y" : -2.8240454,
      "z" : 3.1573787
    }, {
      "x" : 6.854102,
      "y" : -9.678147,
      "z" : 0.53934467
    }, {
      "x" : 0.0,
      "y" : -10.550825,
      "z" : 5.4420795
    } ],
    "faces" : [ {
      "vertices" : [ 0, 1, 2 ]
    }, {
      "vertices" : [ 0, 2, 3 ]
    }, {
      "vertices" : [ 0, 3, 4 ]
    }, {
      "vertices" : [ 0, 4, 3 ]
    }, {
      "vertices" : [ 0, 3, 2 ]
    }, {
      "vertices" : [ 0, 2, 1 ]
    } ]
  }, {
    "id" : "52f7addb-0566-4148-afa5-b18bd073896b",
    "vertices" : [ {
      "x" : 6.854102,
      "y" : 17.944271,
      "z" : 0.0
    }, {
      "x" : 17.944271,
      "y" : 0.0,
      "z" : 6.854102
    }, {
      "x" : 0.0,
      "y" : -6.854102,
      "z" : 17.944271
    }, {
      "x" : -11.09017,
      "y" : 11.09017,
      "z" : 11.09017
    } ],
    "faces" : [ {
      "vertices" : [ 0, 1, 2 ]
    }, {
      "vertices" : [ 0, 2, 3 ]
    }, {
      "vertices" : [ 0, 3, 2 ]
    }, {
      "vertices" : [ 0, 2, 1 ]
    } ]
  }, {
    "id" : "8b8df4ab-382a-46cd-849d-bc9c2029ebe1",
    "vertices" : [ {
      "x" : 11.09017,
      "y" : 0.0,
      "z" : 4.236068
    }, {
      "x" : 9.678147,
      "y" : -6.854102,
      "z" : -0.53934467
    }, {
      "x" : 3.1573787,
      "y" : -11.09017,
      "z" : 2.8240454
    }, {
      "x" : 0.53934467,
      "y" : -6.854102,
      "z" : 9.678147
    }, {
      "x" : 5.4420795,
      "y" : 0.0,
      "z" : 10.550825
    } ],
    "faces" : [ {
      "vertices" : [ 0, 1, 2 ]
    }, {
      "vertices" : [ 0, 2, 3 ]
    }, {
      "vertices" : [ 0, 3, 4 ]
    }, {
      "vertices" : [ 0, 4, 3 ]
    }, {
      "vertices" : [ 0, 3, 2 ]
    }, {
      "vertices" : [ 0, 2, 1 ]
    } ]
  }, {
    "id" : "f5f2fd5f-4caf-4dba-a35a-ec8938aecb5f",
    "vertices" : [ {
      "x" : 0.53934467,
      "y" : 6.854102,
      "z" : -9.678147
    }, {
      "x" : -7.3934464,
      "y" : 4.236068,
      "z" : -8.266125
    }, {
      "x" : -7.3934464,
      "y" : -4.236068,
      "z" : -8.266125
    }, {
      "x" : 0.53934467,
      "y" : -6.854102,
      "z" : -9.678147
    }, {
      "x" : 5.4420795,
      "y" : 0.0,
      "z" : -10.550825
    } ],
    "faces" : [ {
      "vertices" : [ 0, 1, 2 ]
    }, {
      "vertices" : [ 0, 2, 3 ]
    }, {
      "vertices" : [ 0, 3, 4 ]
    }, {
      "vertices" : [ 0, 4, 3 ]
    }, {
      "vertices" : [ 0, 3, 2 ]
    }, {
      "vertices" : [ 0, 2, 1 ]
    } ]
  }, {
    "id" : "ad405920-58af-4f3c-9ec5-2ec31c640919",
    "vertices" : [ {
      "x" : -4.236068,
      "y" : -4.236068,
      "z" : -4.236068
    }, {
      "x" : 4.236068,
      "y" : -4.236068,
      "z" : -4.236068
    }, {
      "x" : 4.236068,
      "y" : 4.236068,
      "z" : -4.236068
    }, {
      "x" : -4.236068,
      "y" : 4.236068,
      "z" : -4.236068
    } ],
    "faces" : [ {
      "vertices" : [ 0, 1, 2 ]
    }, {
      "vertices" : [ 0, 2, 3 ]
    }, {
      "vertices" : [ 0, 3, 2 ]
    }, {
      "vertices" : [ 0, 2, 1 ]
    } ]
  }, {
    "id" : "b71614b7-eefe-4fad-b5dd-68677c091172",
    "vertices" : [ {
      "x" : 0.53934467,
      "y" : -6.854102,
      "z" : 9.678147
    }, {
      "x" : -7.3934464,
      "y" : -4.236068,
      "z" : 8.266125
    }, {
      "x" : -7.3934464,
      "y" : 4.236068,
      "z" : 8.266125
    }, {
      "x" : 0.53934467,
      "y" : 6.854102,
      "z" : 9.678147
    }, {
      "x" : 5.4420795,
      "y" : 0.0,
      "z" : 10.550825
    } ],
    "faces" : [ {
      "vertices" : [ 0, 1, 2 ]
    }, {
      "vertices" : [ 0, 2, 3 ]
    }, {
      "vertices" : [ 0, 3, 4 ]
    }, {
      "vertices" : [ 0, 4, 3 ]
    }, {
      "vertices" : [ 0, 3, 2 ]
    }, {
      "vertices" : [ 0, 2, 1 ]
    } ]
  }, {
    "id" : "7a990f0d-a063-415f-862d-3e204251c2fe",
    "vertices" : [ {
      "x" : -9.678147,
      "y" : 0.53934467,
      "z" : 6.854102
    }, {
      "x" : -8.266125,
      "y" : -7.3934464,
      "z" : 4.236068
    }, {
      "x" : -8.266125,
      "y" : -7.3934464,
      "z" : -4.236068
    }, {
      "x" : -9.678147,
      "y" : 0.53934467,
      "z" : -6.854102
    }, {
      "x" : -10.550825,
      "y" : 5.4420795,
      "z" : 0.0
    } ],
    "faces" : [ {
      "vertices" : [ 0, 1, 2 ]
    }, {
      "vertices" : [ 0, 2, 3 ]
    }, {
      "vertices" : [ 0, 3, 4 ]
    }, {
      "vertices" : [ 0, 4, 3 ]
    }, {
      "vertices" : [ 0, 3, 2 ]
    }, {
      "vertices" : [ 0, 2, 1 ]
    } ]
  }, {
    "id" : "4a8184bd-4cde-4313-ac56-7e6cea24dda2",
    "vertices" : [ {
      "x" : -2.2847006,
      "y" : -11.423503,
      "z" : -2.2847006
    }, {
      "x" : 4.5694013,
      "y" : -8.8054695,
      "z" : -6.5207686
    }, {
      "x" : 2.2847006,
      "y" : -2.2847006,
      "z" : -11.423503
    }, {
      "x" : -5.981424,
      "y" : -0.872678,
      "z" : -10.217492
    }, {
      "x" : -8.8054695,
      "y" : -6.5207686,
      "z" : -4.5694013
    } ],
    "faces" : [ {
      "vertices" : [ 0, 1, 2 ]
    }, {
      "vertices" : [ 0, 2, 3 ]
    }, {
      "vertices" : [ 0, 3, 4 ]
    }, {
      "vertices" : [ 0, 4, 3 ]
    }, {
      "vertices" : [ 0, 3, 2 ]
    }, {
      "vertices" : [ 0, 2, 1 ]
    } ]
  }, {
    "id" : "def5725a-8ed0-47de-b216-e5ed841f749b",
    "vertices" : [ {
      "x" : -10.550825,
      "y" : 7.3934464,
