{
  "field" : "golden",
  "symmetry" : "icosahedral",
  "orientations" : [ [ 1.0, 0.0, 0.0, 0.0, 0.0, 1.0, 0.0, 0.0, 0.0, 0.0, 1.0, 0.0, 0.0, 0.0, 0.0, 1.0 ], [ 0.0, 0.0, 1.0, 0.0, 1.0, 0.0, 0.0, 0.0, 0.0, 1.0, 0.0, 0.0, 0.0, 0.0, 0.0, 1.0 ], [ 0.0, 1.0, 0.0, 0.0, 0.0, 0.0, 1.0, 0.0, 1.0, 0.0, 0.0, 0.0, 0.0, 0.0, 0.0, 1.0 ], [ 0.809017, 0.309017, 0.5, 0.0, 0.309017, 0.5, -0.809017, 0.0, -0.5, 0.809017, 0.309017, 0.0, 0.0, 0.0, 0.0, 1.0 ], [ -0.5, 0.809017, 0.309017, 0.0, 0.809017, 0.309017, 0.5, 0.0, 0.309017, 0.5, -0.809017, 0.0, 0.0, 0.0, 0.0, 1.0 ], [ 0.309017, 0.5, -0.809017, 0.0, -0.5, 0.809017, 0.309017, 0.0, 0.809017, 0.309017, 0.5, 0.0, 0.0, 0.0, 0.0, 1.0 ], [ 0.5, 0.809017, 0.309017, 0.0, 0.809017, -0.309017, -0.5, 0.0, -0.309017, 0.5, -0.809017, 0.0, 0.0, 0.0, 0.0, 1.0 ], [ -0.309017, 0.5, -0.809017, 0.0, 0.5, 0.809017, 0.309017, 0.0, 0.809017, -0.309017, -0.5, 0.0, 0.0, 0.0, 0.0, 1.0 ], [ 0.809017, -0.309017, -0.5, 0.0, -0.309017, 0.5, -0.809017, 0.0, 0.5, 0.809017, 0.309017, 0.0, 0.0, 0.0, 0.0, 1.0 ], [ 0.5, 0.809017, -0.309017, 0.0, 0.809017, -0.309017, 0.5, 0.0, 0.309017, -0.5, -0.809017, 0.0, 0.0, 0.0, 0.0, 1.0 ], [ 0.309017, -0.5, -0.809017, 0.0, 0.5, 0.809017, -0.309017, 0.0, 0.809017, -0.309017, 0.5, 0.0, 0.0, 0.0, 0.0, 1.0 ], [ 0.809017, -0.309017, 0.5, 0.0, 0.309017, -0.5, -0.809017, 0.0, 0.5, 0.809017, -0.309017, 0.0, 0.0, 0.0, 0.0, 1.0 ], [ 0.809017, 0.309017, -0.5, 0.0, 0.309017, 0.5, 0.809017, 0.0, 0.5, -0.809017, 0.309017, 0.0, 0.0, 0.0, 0.0, 1.0 ], [ 0.5, -0.809017, 0.309017, 0.0, 0.809017, 0.309017, -0.5, 0.0, 0.309017, 0.5, 0.809017, 0.0, 0.0, 0.0, 0.0, 1.0 ], [ 0.309017, 0.5, 0.809017, 0.0, 0.5, -0.809017, 0.309017, 0.0, 0.809017, 0.309017, -0.5, 0.0, 0.0, 0.0, 0.0, 1.0 ], [ 1.0, 0.0, 0.0, 0.0, 0.0, -1.0, 0.0, 0.0, 0.0, 0.0, -1.0, 0.0, 0.0, 0.0, 0.0, 1.0 ], [ 0.0, 0.0, 1.0, 0.0, -1.0, 0.0, 0.0, 0.0, 0.0, -1.0, 0.0, 0.0, 0.0, 0.0, 0.0, 1.0 ], [ 0.0, 1.0, 0.0, 0.0, 0.0, 0.0, -1.0, 0.0, -1.0, 0.0, 0.0, 0.0, 0.0, 0.0, 0.0, 1.0 ], [ 0.809017, 0.309017, 0.5, 0.0, -0.309017, -0.5, 0.809017, 0.0, 0.5, -0.809017, -0.309017, 0.0, 0.0, 0.0, 0.0, 1.0 ], [ -0.5, 0.809017, 0.309017, 0.0, -0.809017, -0.309017, -0.5, 0.0, -0.309017, -0.5, 0.809017, 0.0, 0.0, 0.0, 0.0, 1.0 ], [ 0.309017, 0.5, -0.809017, 0.0, 0.5, -0.809017, -0.309017, 0.0, -0.809017, -0.309017, -0.5, 0.0, 0.0, 0.0, 0.0, 1.0 ], [ 0.5, 0.809017, 0.309017, 0.0, -0.809017, 0.309017, 0.5, 0.0, 0.309017, -0.5, 0.809017, 0.0, 0.0, 0.0, 0.0, 1.0 ], [ -0.309017, 0.5, -0.809017, 0.0, -0.5, -0.809017, -0.309017, 0.0, -0.809017, 0.309017, 0.5, 0.0, 0.0, 0.0, 0.0, 1.0 ], [ 0.809017, -0.309017, -0.5, 0.0, 0.309017, -0.5, 0.809017, 0.0, -0.5, -0.809017, -0.309017, 0.0, 0.0, 0.0, 0.0, 1.0 ], [ 0.5, 0.809017, -0.309017, 0.0, -0.809017, 0.309017, -0.5, 0.0, -0.309017, 0.5, 0.809017, 0.0, 0.0, 0.0, 0.0, 1.0 ], [ 0.309017, -0.5, -0.809017, 0.0, -0.5, -0.809017, 0.309017, 0.0, -0.809017, 0.309017, -0.5, 0.0, 0.0, 0.0, 0.0, 1.0 ], [ 0.809017, -0.309017, 0.5, 0.0, -0.309017, 0.5, 0.809017, 0.0, -0.5, -0.809017, 0.309017, 0.0, 0.0, 0.0, 0.0, 1.0 ], [ 0.809017, 0.309017, -0.5, 0.0, -0.309017, -0.5, -0.809017, 0.0, -0.5, 0.809017, -0.309017, 0.0, 0.0, 0.0, 0.0, 1.0 ], [ 0.5, -0.809017, 0.309017, 0.0, -0.809017, -0.309017, 0.5, 0.0, -0.309017, -0.5, -0.809017, 0.0, 0.0, 0.0, 0.0, 1.0 ], [ 0.309017, 0.5, 0.809017, 0.0, -0.5, 0.809017, -0.309017, 0.0, -0.809017, -0.309017, 0.5, 0.0, 0.0, 0.0, 0.0, 1.0 ], [ -1.0, 0.0, 0.0, 0.0, 0.0, -1.0, 0.0, 0.0, 0.0, 0.0, 1.0, 0.0, 0.0, 0.0, 0.0, 1.0 ], [ 0.0, 0.0, -1.0, 0.0, -1.0, 0.0, 0.0, 0.0, 0.0, 1.0, 0.0, 0.0, 0.0, 0.0, 0.0, 1.0 ], [ 0.0, -1.0, 0.0, 0.0, 0.0, 0.0, -1.0, 0.0, 1.0, 0.0, 0.0, 0.0, 0.0, 0.0, 0.0, 1.0 ], [ -0.809017, -0.309017, -0.5, 0.0, -0.309017, -0.5, 0.809017, 0.0, -0.5, 0.809017, 0.309017, 0.0, 0.0, 0.0, 0.0, 1.0 ], [ 0.5, -0.809017, -0.309017, 0.0, -0.809017, -0.309017, -0.5, 0.0, 0.309017, 0.5, -0.809017, 0.0, 0.0, 0.0, 0.0, 1.0 ], [ -0.309017, -0.5, 0.809017, 0.0, 0.5, -0.809017, -0.309017, 0.0, 0.809017, 0.309017, 0.5, 0.0, 0.0, 0.0, 0.0, 1.0 ], [ -0.5, -0.809017, -0.309017, 0.0, -0.809017, 0.309017, 0.5, 0.0, -0.309017, 0.5, -0.809017, 0.0, 0.0, 0.0, 0.0, 1.0 ], [ 0.309017, -0.5, 0.809017, 0.0, -0.5, -0.809017, -0.309017, 0.0, 0.809017, -0.309017, -0.5, 0.0, 0.0, 0.0, 0.0, 1.0 ], [ -0.809017, 0.309017, 0.5, 0.0, 0.309017, -0.5, 0.809017, 0.0, 0.5, 0.809017, 0.309017, 0.0, 0.0, 0.0, 0.0, 1.0 ], [ -0.5, -0.809017, 0.309017, 0.0, -0.809017, 0.309017, -0.5, 0.0, 0.309017, -0.5, -0.809017, 0.0, 0.0, 0.0, 0.0, 1.0 ], [ -0.309017, 0.5, 0.809017, 0.0, -0.5, -0.809017, 0.309017, 0.0, 0.809017, -0.309017, 0.5, 0.0, 0.0, 0.0, 0.0, 1.0 ], [ -0.809017, 0.309017, -0.5, 0.0, -0.309017, 0.5, 0.809017, 0.0, 0.5, 0.809017, -0.309017, 0.0, 0.0, 0.0, 0.0, 1.0 ], [ -0.809017, -0.309017, 0.5, 0.0, -0.309017, -0.5, -0.809017, 0.0, 0.5, -0.809017, 0.309017, 0.0, 0.0, 0.0, 0.0, 1.0 ], [ -0.5, 0.809017, -0.309017, 0.0, -0.809017, -0.309017, 0.5, 0.0, 0.309017, 0.5, 0.809017, 0.0, 0.0, 0.0, 0.0, 1.0 ], [ -0.309017, -0.5, -0.809017, 0.0, -0.5, 0.809017, -0.309017, 0.0, 0.809017, 0.309017, -0.5, 0.0, 0.0, 0.0, 0.0, 1.0 ], [ -1.0, 0.0, 0.0, 0.0, 0.0, 1.0, 0.0, 0.0, 0.0, 0.0, -1.0, 0.0, 0.0, 0.0, 0.0, 1.0 ], [ 0.0, 0.0, -1.0, 0.0, 1.0, 0.0, 0.0, 0.0, 0.0, -1.0, 0.0, 0.0, 0.0, 0.0, 0.0, 1.0 ], [ 0.0, -1.0, 0.0, 0.0, 0.0, 0.0, 1.0, 0.0, -1.0, 0.0, 0.0, 0.0, 0.0, 0.0, 0.0, 1.0 ], [ -0.809017, -0.309017, -0.5, 0.0, 0.309017, 0.5, -0.809017, 0.0, 0.5, -0.809017, -0.309017, 0.0, 0.0, 0.0, 0.0, 1.0 ], [ 0.5, -0.809017, -0.309017, 0.0, 0.809017, 0.309017, 0.5, 0.0, -0.309017, -0.5, 0.809017, 0.0, 0.0, 0.0, 0.0, 1.0 ], [ -0.309017, -0.5, 0.809017, 0.0, -0.5, 0.809017, 0.309017, 0.0, -0.809017, -0.309017, -0.5, 0.0, 0.0, 0.0, 0.0, 1.0 ], [ -0.5, -0.809017, -0.309017, 0.0, 0.809017, -0.309017, -0.5, 0.0, 0.309017, -0.5, 0.809017, 0.0, 0.0, 0.0, 0.0, 1.0 ], [ 0.309017, -0.5, 0.809017, 0.0, 0.5, 0.809017, 0.309017, 0.0, -0.809017, 0.309017, 0.5, 0.0, 0.0, 0.0, 0.0, 1.0 ], [ -0.809017, 0.309017, 0.5, 0.0, -0.309017, 0.5, -0.809017, 0.0, -0.5, -0.809017, -0.309017, 0.0, 0.0, 0.0, 0.0, 1.0 ], [ -0.5, -0.809017, 0.309017, 0.0, 0.809017, -0.309017, 0.5, 0.0, -0.309017, 0.5, 0.809017, 0.0, 0.0, 0.0, 0.0, 1.0 ], [ -0.309017, 0.5, 0.809017, 0.0, 0.5, 0.809017, -0.309017, 0.0, -0.809017, 0.309017, -0.5, 0.0, 0.0, 0.0, 0.0, 1.0 ], [ -0.809017, 0.309017, -0.5, 0.0, 0.309017, -0.5, -0.809017, 0.0, -0.5, -0.809017, 0.309017, 0.0, 0.0, 0.0, 0.0, 1.0 ], [ -0.809017, -0.309017, 0.5, 0.0, 0.309017, 0.5, 0.809017, 0.0, -0.5, 0.809017, -0.309017, 0.0, 0.0, 0.0, 0.0, 1.0 ], [ -0.5, 0.809017, -0.309017, 0.0, 0.809017, 0.309017, -0.5, 0.0, -0.309017, -0.5, -0.809017, 0.0, 0.0, 0.0, 0.0, 1.0 ], [ -0.309017, -0.5, -0.809017, 0.0, 0.5, -0.809017, 0.309017, 0.0, -0.809017, -0.309017, 0.5, 0.0, 0.0, 0.0, 0.0, 1.0 ] ],
  "lights" : {
    "ambientColor" : "#292929",
    "backgroundColor" : "#999999",
    "directionalLights" : [ {
      "direction" : {
        "x" : 1.0,
        "y" : -1.0,
        "z" : -1.0
      },
      "color" : "#EBEBE4"
    }, {
      "direction" : {
        "x" : -1.0,
        "y" : 0.0,
        "z" : 0.0
      },
      "color" : "#E4E4EB"
    }, {
      "direction" : {
        "x" : 0.0,
        "y" : 0.0,
        "z" : -1.0
      },
      "color" : "#1E1E1E"
    } ]
  },
  "camera" : {
    "stereo" : false,
    "width" : 80.67032,
    "perspective" : true,
    "viewDistance" : 179.26756,
    "nearClipDistance" : 0.448169,
    "farClipDistance" : 358.53436,
    "lookAtPoint" : {
      "x" : 0.0,
      "y" : 0.0,
      "z" : 0.0
    },
    "fieldOfView" : 0.44262844,
    "lookDirection" : {
      "x" : 0.0,
      "y" : 0.0,
      "z" : -1.0
    },
    "upDirection" : {
      "x" : 0.0,
      "y" : 1.0,
      "z" : 0.0
    },
    "position" : {
      "x" : 0.0,
      "y" : 0.0,
      "z" : 179.26756
    }
  },
  "embedding" : [ 1.0, 0.0, 0.0, 0.0, 0.0, 1.0, 0.0, 0.0, 0.0, 0.0, 1.0, 0.0, 0.0, 0.0, 0.0, 1.0 ],
  "shapes" : [ {
    "id" : "ca75ecf9-8dc7-4db1-a0a8-4203de52e996",
    "vertices" : [ {
      "x" : 0.0,
      "y" : 18.391485,
      "z" : -11.366563
    }, {
      "x" : 0.0,
      "y" : 19.91268,
      "z" : 0.0
    }, {
      "x" : 7.236068,
      "y" : 18.944271,
      "z" : 0.0
    } ],
    "faces" : [ {
      "vertices" : [ 0, 1, 2 ]
    }, {
      "vertices" : [ 0, 2, 1 ]
    } ]
  }, {
    "id" : "713be5f8-4a31-45b1-8adb-0dfac6b176d8",
    "vertices" : [ {
      "x" : 1.0,
      "y" : 0.309017,
      "z" : 0.19098301
    }, {
      "x" : 1.0,
      "y" : -0.309017,
      "z" : 0.19098301
    }, {
      "x" : 4.236068,
      "y" : -0.309017,
      "z" : 0.19098301
    }, {
      "x" : 4.236068,
      "y" : 0.309017,
      "z" : 0.19098301
    }, {
      "x" : 4.236068,
      "y" : -0.309017,
      "z" : -0.19098301
    }, {
      "x" : 4.236068,
      "y" : 0.309017,
      "z" : -0.19098301
    }, {
      "x" : 4.854102,
      "y" : 0.0,
      "z" : 0.0
    }, {
      "x" : 0.38196602,
      "y" : 0.0,
      "z" : 0.0
    }, {
      "x" : 1.0,
      "y" : 0.309017,
      "z" : -0.19098301
    }, {
      "x" : 1.0,
      "y" : -0.309017,
      "z" : -0.19098301
    }, {
      "x" : 5.236068,
      "y" : 0.0,
      "z" : 0.0
    } ],
    "faces" : [ {
      "vertices" : [ 1, 9, 4 ]
    }, {
      "vertices" : [ 1, 4, 2 ]
    }, {
      "vertices" : [ 0, 3, 5 ]
    }, {
      "vertices" : [ 0, 5, 8 ]
    }, {
      "vertices" : [ 1, 7, 9 ]
    }, {
      "vertices" : [ 0, 1, 2 ]
    }, {
      "vertices" : [ 0, 2, 3 ]
    }, {
      "vertices" : [ 7, 8, 9 ]
    }, {
      "vertices" : [ 0, 7, 1 ]
    }, {
      "vertices" : [ 4, 9, 8 ]
    }, {
      "vertices" : [ 4, 8, 5 ]
    }, {
      "vertices" : [ 2, 6, 3 ]
    }, {
      "vertices" : [ 2, 4, 6 ]
    }, {
      "vertices" : [ 3, 6, 5 ]
    }, {
      "vertices" : [ 4, 5, 6 ]
    }, {
      "vertices" : [ 0, 8, 7 ]
    } ]
  }, {
    "id" : "e8456695-df27-4c70-a277-03e3cc5a7ddb",
    "vertices" : [ {
      "x" : 0.13333334,
      "y" : -6.5621986,
      "z" : 0.66930056
    }, {
      "x" : -0.26666668,
      "y" : -6.6621985,
      "z" : 0.7693005
    }, {
      "x" : -0.13333334,
      "y" : -0.6738695,
      "z" : 0.29910636
    }, {
      "x" : 0.26666668,
      "y" : -0.5738695,
      "z" : 0.19910637
    }, {
      "x" : -0.13333334,
      "y" : -6.428865,
      "z" : 1.0693005
    }, {
      "x" : 0.26666668,
      "y" : -6.328865,
      "z" : 0.9693005
    }, {
      "x" : 0.13333334,
      "y" : -0.8072029,
      "z" : -0.10089364
    }, {
      "x" : -0.26666668,
      "y" : -0.90720284,
      "z" : -8.936415E-4
    } ],
    "faces" : [ {
      "vertices" : [ 2, 3, 6 ]
    }, {
      "vertices" : [ 2, 6, 7 ]
    }, {
      "vertices" : [ 0, 5, 4 ]
    }, {
      "vertices" : [ 0, 4, 1 ]
    }, {
      "vertices" : [ 2, 4, 5 ]
    }, {
      "vertices" : [ 2, 5, 3 ]
    }, {
      "vertices" : [ 0, 6, 3 ]
    }, {
      "vertices" : [ 0, 3, 5 ]
    }, {
      "vertices" : [ 0, 1, 7 ]
    }, {
      "vertices" : [ 0, 7, 6 ]
    }, {
      "vertices" : [ 1, 4, 2 ]
    }, {
      "vertices" : [ 1, 2, 7 ]
    } ]
  }, {
    "id" : "a17b21a6-e23f-40a1-b7b3-d5f0b347d4fc",
    "vertices" : [ {
      "x" : -6.6726594,
      "y" : 0.6583578,
      "z" : 10.86238
    }, {
      "x" : -6.7726593,
      "y" : 0.25835776,
      "z" : 10.962379
    }, {
      "x" : -0.5634088,
      "y" : -0.105571374,
      "z" : 0.5041833
    }, {
      "x" : -0.4634088,
      "y" : 0.29442862,
      "z" : 0.40418327
    }, {
      "x" : -7.072659,
      "y" : 0.39169112,
      "z" : 10.729047
    }, {
      "x" : -6.972659,
      "y" : 0.7916911,
      "z" : 10.629046
    }, {
      "x" : -0.16340879,
      "y" : 0.16109529,
      "z" : 0.6375166
    }, {
      "x" : -0.26340878,
      "y" : -0.2389047,
      "z" : 0.7375166
    } ],
    "faces" : [ {
      "vertices" : [ 2, 3, 6 ]
    }, {
      "vertices" : [ 2, 6, 7 ]
    }, {
      "vertices" : [ 0, 5, 4 ]
    }, {
      "vertices" : [ 0, 4, 1 ]
    }, {
      "vertices" : [ 2, 4, 5 ]
    }, {
      "vertices" : [ 2, 5, 3 ]
    }, {
      "vertices" : [ 0, 6, 3 ]
    }, {
      "vertices" : [ 0, 3, 5 ]
    }, {
      "vertices" : [ 0, 1, 7 ]
    }, {
      "vertices" : [ 0, 7, 6 ]
    }, {
      "vertices" : [ 1, 4, 2 ]
    }, {
      "vertices" : [ 1, 2, 7 ]
    } ]
  }, {
    "id" : "66a13195-fa89-462d-a2e8-cbf38346ff33",
    "vertices" : [ {
      "x" : 18.391485,
      "y" : 11.366563,
      "z" : 0.0
    }, {
      "x" : 19.91268,
      "y" : 0.0,
      "z" : 0.0
    }, {
      "x" : 18.944271,
      "y" : 0.0,
      "z" : -7.236068
    } ],
    "faces" : [ {
      "vertices" : [ 0, 1, 2 ]
    }, {
      "vertices" : [ 0, 2, 1 ]
    } ]
  }, {
    "id" : "4551fd29-87b9-4b5d-89f6-9333baa7a9fc",
    "vertices" : [ {
      "x" : 0.309017,
      "y" : -0.309017,
      "z" : -0.309017
    }, {
      "x" : 0.5,
      "y" : 0.0,
      "z" : -0.19098301
    }, {
      "x" : 0.5,
      "y" : 0.0,
      "z" : 0.19098301
    }, {
      "x" : 0.309017,
      "y" : -0.309017,
      "z" : 0.309017
    }, {
      "x" : 0.19098301,
      "y" : -0.5,
      "z" : 0.0
    }, {
      "x" : 0.0,
      "y" : 0.19098301,
      "z" : 0.5
    }, {
      "x" : 0.0,
      "y" : -0.19098301,
      "z" : 0.5
    }, {
      "x" : 0.309017,
      "y" : 0.309017,
      "z" : 0.309017
    }, {
      "x" : -0.309017,
      "y" : -0.309017,
      "z" : 0.309017
    }, {
      "x" : -0.309017,
      "y" : 0.309017,
      "z" : 0.309017
    }, {
      "x" : -0.5,
      "y" : 0.0,
      "z" : 0.19098301
    }, {
      "x" : 0.0,
      "y" : -0.19098301,
      "z" : -0.5
    }, {
      "x" : 0.0,
      "y" : 0.19098301,
      "z" : -0.5
    }, {
      "x" : 0.309017,
      "y" : 0.309017,
      "z" : -0.309017
    }, {
      "x" : -0.309017,
      "y" : -0.309017,
      "z" : -0.309017
    }, {
      "x" : -0.19098301,
      "y" : -0.5,
      "z" : 0.0
    }, {
      "x" : -0.5,
      "y" : 0.0,
      "z" : -0.19098301
    }, {
      "x" : 0.19098301,
      "y" : 0.5,
      "z" : 0.0
    }, {
      "x" : -0.309017,
      "y" : 0.309017,
      "z" : -0.309017
    }, {
      "x" : 0.0,
      "y" : 0.0,
      "z" : 0.0
    }, {
      "x" : -0.19098301,
      "y" : 0.5,
      "z" : 0.0
    } ],
    "faces" : [ {
      "vertices" : [ 12, 18, 20 ]
    }, {
      "vertices" : [ 12, 20, 17 ]
    }, {
      "vertices" : [ 12, 17, 13 ]
    }, {
      "vertices" : [ 3, 6, 8 ]
    }, {
      "vertices" : [ 3, 8, 15 ]
    }, {
      "vertices" : [ 3, 15, 4 ]
    }, {
      "vertices" : [ 0, 11, 12 ]
    }, {
      "vertices" : [ 0, 12, 13 ]
    }, {
      "vertices" : [ 0, 13, 1 ]
    }, {
      "vertices" : [ 5, 9, 10 ]
    }, {
      "vertices" : [ 5, 10, 8 ]
    }, {
      "vertices" : [ 5, 8, 6 ]
    }, {
      "vertices" : [ 2, 7, 5 ]
    }, {
      "vertices" : [ 2, 5, 6 ]
    }, {
      "vertices" : [ 2, 6, 3 ]
    }, {
      "vertices" : [ 11, 14, 16 ]
    }, {
      "vertices" : [ 11, 16, 18 ]
    }, {
      "vertices" : [ 11, 18, 12 ]
    }, {
      "vertices" : [ 1, 13, 17 ]
    }, {
      "vertices" : [ 1, 17, 7 ]
    }, {
      "vertices" : [ 1, 7, 2 ]
    }, {
      "vertices" : [ 9, 20, 18 ]
    }, {
      "vertices" : [ 9, 18, 16 ]
    }, {
      "vertices" : [ 9, 16, 10 ]
    }, {
      "vertices" : [ 0, 1, 2 ]
    }, {
      "vertices" : [ 0, 2, 3 ]
    }, {
      "vertices" : [ 0, 3, 4 ]
    }, {
      "vertices" : [ 5, 7, 17 ]
    }, {
      "vertices" : [ 5, 17, 20 ]
    }, {
      "vertices" : [ 5, 20, 9 ]
    }, {
      "vertices" : [ 0, 4, 15 ]
    }, {
      "vertices" : [ 0, 15, 14 ]
    }, {
      "vertices" : [ 0, 14, 11 ]
    }, {
      "vertices" : [ 8, 10, 16 ]
    }, {
      "vertices" : [ 8, 16, 14 ]
    }, {
      "vertices" : [ 8, 14, 15 ]
    } ]
  }, {
    "id" : "6db34421-8ac6-4417-b7bd-9100113313ec",
    "vertices" : [ {
      "x" : 0.0,
      "y" : 18.391485,
      "z" : -11.366563
    }, {
      "x" : 6.153356,
      "y" : 9.95634,
      "z" : -16.109695
    }, {
      "x" : 0.0,
      "y" : 7.236068,
      "z" : -18.944271
    } ],
    "faces" : [ {
      "vertices" : [ 0, 1, 2 ]
    }, {
      "vertices" : [ 0, 2, 1 ]
    } ]
  }, {
    "id" : "b0c93429-c13c-4b8b-90e2-5e11e09f4305",
    "vertices" : [ {
      "x" : 1.3220869,
      "y" : -10.792694,
      "z" : -0.26666668
    }, {
      "x" : 1.2220869,
      "y" : -10.692694,
      "z" : 0.13333334
    }, {
      "x" : 0.19910637,
      "y" : -0.5738695,
      "z" : 0.26666668
    }, {
      "x" : 0.29910636,
      "y" : -0.6738695,
      "z" : -0.13333334
    }, {
      "x" : 1.522087,
      "y" : -10.45936,
      "z" : 0.26666668
    }, {
      "x" : 1.6220869,
      "y" : -10.5593605,
      "z" : -0.13333334
    }, {
      "x" : -8.936415E-4,
      "y" : -0.90720284,
      "z" : -0.26666668
    }, {
      "x" : -0.10089364,
      "y" : -0.8072029,
      "z" : 0.13333334
    } ],
    "faces" : [ {
      "vertices" : [ 2, 3, 6 ]
    }, {
      "vertices" : [ 2, 6, 7 ]
    }, {
      "vertices" : [ 0, 5, 4 ]
    }, {
      "vertices" : [ 0, 4, 1 ]
    }, {
      "vertices" : [ 2, 4, 5 ]
    }, {
      "vertices" : [ 2, 5, 3 ]
    }, {
      "vertices" : [ 0, 6, 3 ]
    }, {
      "vertices" : [ 0, 3, 5 ]
    }, {
      "vertices" : [ 0, 1, 7 ]
    }, {
      "vertices" : [ 0, 7, 6 ]
    }, {
      "vertices" : [ 1, 4, 2 ]
    }, {
      "vertices" : [ 1, 2, 7 ]
    } ]
  }, {
    "id" : "b7746066-a94a-4873-9898-7474fdc05b28",
    "vertices" : [ {
      "x" : -11.366563,
      "y" : 0.0,
      "z" : 18.391485
    }, {
      "x" : -6.153356,
      "y" : -9.95634,
      "z" : 16.109695
    }, {
      "x" : -11.708204,
      "y" : -11.708204,
      "z" : 11.708204
    } ],
    "faces" : [ {
      "vertices" : [ 0, 1, 2 ]
    }, {
      "vertices" : [ 0, 2, 1 ]
    } ]
  }, {
    "id" : "f26b2fb7-25c4-42bf-92d7-f260c1561270",
    "vertices" : [ {
      "x" : -11.366563,
      "y" : 0.0,
      "z" : -18.391485
    }, {
      "x" : -6.153356,
      "y" : -9.95634,
      "z" : -16.109695
    }, {
      "x" : -11.708204,
      "y" : -11.708204,
      "z" : -11.708204
    } ],
    "faces" : [ {
      "vertices" : [ 0, 1, 2 ]
    }, {
      "vertices" : [ 0, 2, 1 ]
    } ]
  }, {
    "id" : "ebc5765d-7f7a-4c3e-917e-9cd188040326",
    "vertices" : [ {
      "x" : 11.366563,
      "y" : 0.0,
      "z" : -18.391485
    }, {
      "x" : 0.0,
      "y" : 0.0,
      "z" : -19.91268
    }, {
      "x" : 0.0,
      "y" : 7.236068,
      "z" : -18.944271
    } ],
    "faces" : [ {
      "vertices" : [ 0, 1, 2 ]
    }, {
      "vertices" : [ 0, 2, 1 ]
    } ]
  }, {
    "id" : "367294e9-d6ec-415d-bbc6-ce35f049c58f",
    "vertices" : [ {
      "x" : 0.0,
      "y" : -18.391485,
      "z" : -11.366563
    }, {
      "x" : -9.95634,
      "y" : -16.109695,
      "z" : -6.153356
    }, {
      "x" : -11.708204,
      "y" : -11.708204,
      "z" : -11.708204
    } ],
    "faces" : [ {
      "vertices" : [ 0, 1, 2 ]
    }, {
      "vertices" : [ 0, 2, 1 ]
    } ]
  }, {
    "id" : "e6d8bbc0-e59d-4972-b903-69c6af82f3f5",
    "vertices" : [ {
      "x" : -18.391485,
      "y" : -11.366563,
      "z" : 0.0
    }, {
      "x" : -19.91268,
      "y" : 0.0,
      "z" : 0.0
    }, {
      "x" : -18.944271,
      "y" : 0.0,
      "z" : 7.236068
    } ],
    "faces" : [ {
      "vertices" : [ 0, 1, 2 ]
    }, {
      "vertices" : [ 0, 2, 1 ]
    } ]
  }, {
    "id" : "1d27e020-7293-4cf9-a929-e3207d14be20",
    "vertices" : [ {
      "x" : 0.0,
      "y" : 18.391485,
      "z" : 11.366563
    }, {
      "x" : 9.95634,
      "y" : 16.109695,
      "z" : 6.153356
    }, {
      "x" : 11.708204,
      "y" : 11.708204,
      "z" : 11.708204
    } ],
    "faces" : [ {
      "vertices" : [ 0, 1, 2 ]
    }, {
      "vertices" : [ 0, 2, 1 ]
    } ]
  }, {
    "id" : "eac997b0-d0bf-46ec-827a-a7edf6742916",
    "vertices" : [ {
      "x" : 18.391485,
      "y" : 11.366563,
      "z" : 0.0
    }, {
      "x" : 9.95634,
      "y" : 16.109695,
      "z" : -6.153356
    }, {
      "x" : 7.236068,
      "y" : 18.944271,
      "z" : 0.0
    } ],
    "faces" : [ {
      "vertices" : [ 0, 1, 2 ]
    }, {
      "vertices" : [ 0, 2, 1 ]
    } ]
  }, {
    "id" : "cf897a75-7404-43fb-90e0-483c8090f733",
    "vertices" : [ {
      "x" : 18.391485,
      "y" : 11.366563,
      "z" : 0.0
    }, {
      "x" : 9.95634,
      "y" : 16.109695,
      "z" : 6.153356
    }, {
      "x" : 7.236068,
      "y" : 18.944271,
      "z" : 0.0
    } ],
    "faces" : [ {
      "vertices" : [ 0, 1, 2 ]
    }, {
      "vertices" : [ 0, 2, 1 ]
    } ]
  }, {
    "id" : "ae075aeb-2629-4d9f-8294-4d8199f1b5c6",
    "vertices" : [ {
      "x" : 0.0,
      "y" : 18.391485,
      "z" : 11.366563
    }, {
      "x" : -6.153356,
      "y" : 9.95634,
      "z" : 16.109695
    }, {
      "x" : 0.0,
      "y" : 7.236068,
      "z" : 18.944271
    } ],
    "faces" : [ {
      "vertices" : [ 0, 1, 2 ]
    }, {
      "vertices" : [ 0, 2, 1 ]
    } ]
  }, {
    "id" : "2617c74d-6da1-4b1b-8f7d-4eb0eee8b869",
    "vertices" : [ {
      "x" : 0.0,
      "y" : -18.391485,
      "z" : 11.366563
    }, {
      "x" : 0.0,
      "y" : -19.91268,
      "z" : 0.0
    }, {
      "x" : 7.236068,
      "y" : -18.944271,
      "z" : 0.0
    } ],
    "faces" : [ {
      "vertices" : [ 0, 1, 2 ]
    }, {
      "vertices" : [ 0, 2, 1 ]
    } ]
  }, {
    "id" : "10b2e33c-3f3b-4259-a7ed-d4dab9abbf81",
    "vertices" : [ {
      "x" : 0.0,
      "y" : -18.391485,
      "z" : 11.366563
    }, {
      "x" : -6.153356,
      "y" : -9.95634,
      "z" : 16.109695
    }, {
      "x" : 0.0,
      "y" : -7.236068,
      "z" : 18.944271
    } ],
    "faces" : [ {
      "vertices" : [ 0, 1, 2 ]
    }, {
      "vertices" : [ 0, 2, 1 ]
    } ]
  }, {
    "id" : "fdf058b2-95bf-474f-8506-932a2f7b5e2d",
    "vertices" : [ {
      "x" : 0.0,
      "y" : -18.391485,
      "z" : 11.366563
    }, {
      "x" : 6.153356,
      "y" : -9.95634,
      "z" : 16.109695
    }, {
      "x" : 0.0,
      "y" : -7.236068,
      "z" : 18.944271
    } ],
    "faces" : [ {
      "vertices" : [ 0, 1, 2 ]
    }, {
      "vertices" : [ 0, 2, 1 ]
    } ]
  }, {
    "id" : "ebd4355c-1a07-46e0-a799-c321c23f88b4",
    "vertices" : [ {
      "x" : 0.0,
      "y" : -18.391485,
      "z" : 11.366563
    }, {
      "x" : -9.95634,
      "y" : -16.109695,
      "z" : 6.153356
    }, {
      "x" : -7.236068,
      "y" : -18.944271,
      "z" : 0.0
    } ],
    "faces" : [ {
      "vertices" : [ 0, 1, 2 ]
    }, {
      "vertices" : [ 0, 2, 1 ]
    } ]
  }, {
    "id" : "c37495f8-cde5-4970-9a4e-534d66b03c95",
    "vertices" : [ {
      "x" : 11.366563,
      "y" : 0.0,
      "z" : 18.391485
    }, {
      "x" : 6.153356,
      "y" : 9.95634,
      "z" : 16.109695
    }, {
      "x" : 0.0,
      "y" : 7.236068,
      "z" : 18.944271
    } ],
    "faces" : [ {
      "vertices" : [ 0, 1, 2 ]
    }, {
      "vertices" : [ 0, 2, 1 ]
    } ]
  }, {
    "id" : "0420afc5-e60b-461c-8490-f6db3fd4c6cb",
    "vertices" : [ {
      "x" : 18.391485,
      "y" : -11.366563,
      "z" : 0.0
    }, {
      "x" : 9.95634,
      "y" : -16.109695,
      "z" : -6.153356
    }, {
      "x" : 11.708204,
      "y" : -11.708204,
      "z" : -11.708204
    } ],
    "faces" : [ {
      "vertices" : [ 0, 1, 2 ]
    }, {
      "vertices" : [ 0, 2, 1 ]
    } ]
  }, {
    "id" : "1d74557b-a880-471d-a1db-34e37d3e8e48",
    "vertices" : [ {
      "x" : -11.366563,
      "y" : 0.0,
      "z" : -18.391485
    }, {
      "x" : 0.0,
      "y" : 0.0,
      "z" : -19.91268
    }, {
      "x" : 0.0,
      "y" : -7.236068,
      "z" : -18.944271
    } ],
    "faces" : [ {
      "vertices" : [ 0, 1, 2 ]
    }, {
      "vertices" : [ 0, 2, 1 ]
    } ]
  }, {
    "id" : "4e52e4b7-6600-4ac1-a636-85c39f91bbd9",
    "vertices" : [ {
      "x" : 11.366563,
      "y" : 0.0,
      "z" : -18.391485
    }, {
      "x" : 6.153356,
      "y" : -9.95634,
      "z" : -16.109695
    }, {
      "x" : 11.708204,
      "y" : -11.708204,
      "z" : -11.708204
    } ],
    "faces" : [ {
      "vertices" : [ 0, 1, 2 ]
    }, {
      "vertices" : [ 0, 2, 1 ]
    } ]
  }, {
    "id" : "88248594-0140-459e-84bd-fdd68d45066c",
    "vertices" : [ {
      "x" : -11.366563,
      "y" : 0.0,
      "z" : 18.391485
    }, {
      "x" : -6.153356,
      "y" : 9.95634,
      "z" : 16.109695
    }, {
      "x" : 0.0,
      "y" : 7.236068,
      "z" : 18.944271
    } ],
    "faces" : [ {
      "vertices" : [ 0, 1, 2 ]
    }, {
      "vertices" : [ 0, 2, 1 ]
    } ]
  }, {
    "id" : "f7663971-c795-4798-a5a2-629575d25b6c",
    "vertices" : [ {
      "x" : 18.391485,
      "y" : -11.366563,
      "z" : 0.0
    }, {
      "x" : 9.95634,
      "y" : -16.109695,
      "z" : 6.153356
    }, {
      "x" : 11.708204,
      "y" : -11.708204,
      "z" : 11.708204
    } ],
    "faces" : [ {
      "vertices" : [ 0, 1, 2 ]
    }, {
      "vertices" : [ 0, 2, 1 ]
    } ]
  }, {
    "id" : "585debae-5f13-4127-9aa0-7665e67f9100",
    "vertices" : [ {
      "x" : 11.366563,
      "y" : 0.0,
      "z" : -18.391485
    }, {
      "x" : 6.153356,
      "y" : -9.95634,
      "z" : -16.109695
    }, {
      "x" : 0.0,
      "y" : -7.236068,
      "z" : -18.944271
    } ],
    "faces" : [ {
      "vertices" : [ 0, 1, 2 ]
    }, {
      "vertices" : [ 0, 2, 1 ]
    } ]
  }, {
    "id" : "8a3c96a3-fa1b-42fe-91bd-4a6bc3ce0d90",
    "vertices" : [ {
      "x" : -18.391485,
      "y" : 11.366563,
      "z" : 0.0
    }, {
      "x" : -16.109695,
      "y" : 6.153356,
      "z" : 9.95634
    }, {
      "x" : -18.944271,
      "y" : 0.0,
      "z" : 7.236068
    } ],
    "faces" : [ {
      "vertices" : [ 0, 1, 2 ]
    }, {
      "vertices" : [ 0, 2, 1 ]
    } ]
  }, {
    "id" : "8507f742-ed60-4b5a-9d9b-002aed13e73f",
    "vertices" : [ {
      "x" : 0.0,
      "y" : -18.391485,
      "z" : -11.366563
    }, {
      "x" : 9.95634,
      "y" : -16.109695,
      "z" : -6.153356
    }, {
      "x" : 11.708204,
      "y" : -11.708204,
      "z" : -11.708204
    } ],
    "faces" : [ {
      "vertices" : [ 0, 1, 2 ]
    }, {
      "vertices" : [ 0, 2, 1 ]
    } ]
  }, {
    "id" : "73db1784-932a-4be4-93ba-b493c6a030c9",
    "vertices" : [ {
      "x" : 11.366563,
      "y" : 0.0,
      "z" : 18.391485
    }, {
      "x" : 6.153356,
      "y" : 9.95634,
      "z" : 16.109695
    }, {
      "x" : 11.708204,
      "y" : 11.708204,
      "z" : 11.708204
    } ],
    "faces" : [ {
      "vertices" : [ 0, 1, 2 ]
    }, {
      "vertices" : [ 0, 2, 1 ]
    } ]
  }, {
    "id" : "bf64600a-5fcc-40c8-82c3-2956d6055212",
    "vertices" : [ {
      "x" : -11.366563,
      "y" : 0.0,
      "z" : -18.391485
    }, {
      "x" : -16.109695,
      "y" : 6.153356,
      "z" : -9.95634
    }, {
      "x" : -18.944271,
      "y" : 0.0,
      "z" : -7.236068
    } ],
    "faces" : [ {
      "vertices" : [ 0, 1, 2 ]
    }, {
      "vertices" : [ 0, 2, 1 ]
    } ]
  }, {
    "id" : "479ab7d8-e483-4c84-a32b-961b0afcc49e",
    "vertices" : [ {
      "x" : 18.391485,
      "y" : 11.366563,
      "z" : 0.0
    }, {
      "x" : 9.95634,
      "y" : 16.109695,
      "z" : 6.153356
    }, {
      "x" : 11.708204,
      "y" : 11.708204,
      "z" : 11.708204
    } ],
    "faces" : [ {
      "vertices" : [ 0, 1, 2 ]
    }, {
      "vertices" : [ 0, 2, 1 ]
    } ]
  }, {
    "id" : "87690cd6-de0f-4466-ac8e-08ac245a1756",
    "vertices" : [ {
      "x" : 0.0,
      "y" : -18.391485,
      "z" : 11.366563
    }, {
      "x" : -6.153356,
      "y" : -9.95634,
      "z" : 16.109695
    }, {
      "x" : -11.708204,
      "y" : -11.708204,
      "z" : 11.708204
    } ],
    "faces" : [ {
      "vertices" : [ 0, 1, 2 ]
    }, {
      "vertices" : [ 0, 2, 1 ]
    } ]
  }, {
    "id" : "a715e5ac-bf98-4924-baf8-7307165a4aa6",
    "vertices" : [ {
      "x" : -18.391485,
      "y" : -11.366563,
      "z" : 0.0
    }, {
      "x" : -9.95634,
      "y" : -16.109695,
      "z" : 6.153356
    }, {
      "x" : -11.708204,
      "y" : -11.708204,
      "z" : 11.708204
    } ],
    "faces" : [ {
      "vertices" : [ 0, 1, 2 ]
    }, {
      "vertices" : [ 0, 2, 1 ]
    } ]
  }, {
    "id" : "ce39164a-9b7a-47c4-9d34-b5bc857c6cbc",
    "vertices" : [ {
      "x" : -11.366563,
      "y" : 0.0,
      "z" : -18.391485
    }, {
      "x" : -6.153356,
      "y" : 9.95634,
      "z" : -16.109695
    }, {
      "x" : 0.0,
      "y" : 7.236068,
      "z" : -18.944271
    } ],
    "faces" : [ {
      "vertices" : [ 0, 1, 2 ]
    }, {
      "vertices" : [ 0, 2, 1 ]
    } ]
  }, {
    "id" : "8cf5e3c8-fa8d-4261-8943-9fcc9660c196",
    "vertices" : [ {
      "x" : -11.366563,
      "y" : 0.0,
      "z" : 18.391485
    }, {
      "x" : 0.0,
      "y" : 0.0,
      "z" : 19.91268
    }, {
      "x" : 0.0,
      "y" : 7.236068,
      "z" : 18.944271
    } ],
    "faces" : [ {
      "vertices" : [ 0, 1, 2 ]
    }, {
      "vertices" : [ 0, 2, 1 ]
    } ]
  }, {
    "id" : "4ddfce05-686a-45fe-9197-c1218fdd3b69",
    "vertices" : [ {
      "x" : 11.366563,
      "y" : 0.0,
      "z" : 18.391485
    }, {
      "x" : 16.109695,
      "y" : -6.153356,
      "z" : 9.95634
    }, {
      "x" : 18.944271,
      "y" : 0.0,
      "z" : 7.236068
    } ],
    "faces" : [ {
      "vertices" : [ 0, 1, 2 ]
    }, {
      "vertices" : [ 0, 2, 1 ]
    } ]
  }, {
    "id" : "9fb03fbb-5968-4b81-89bc-bd5a5f848c8d",
    "vertices" : [ {
      "x" : 0.13333334,
      "y" : -18.888437,
      "z" : 2.3189275
    }, {
      "x" : -0.26666668,
      "y" : -18.988436,
      "z" : 2.4189277
    }, {
      "x" : -0.13333334,
      "y" : -0.6738695,
      "z" : 0.29910636
    }, {
      "x" : 0.26666668,
      "y" : -0.5738695,
      "z" : 0.19910637
    }, {
      "x" : -0.13333334,
      "y" : -18.755102,
      "z" : 2.7189276
    }, {
      "x" : 0.26666668,
      "y" : -18.655104,
      "z" : 2.6189277
    }, {
      "x" : 0.13333334,
      "y" : -0.8072029,
      "z" : -0.10089364
    }, {
      "x" : -0.26666668,
      "y" : -0.90720284,
      "z" : -8.936415E-4
    } ],
    "faces" : [ {
      "vertices" : [ 2, 3, 6 ]
    }, {
      "vertices" : [ 2, 6, 7 ]
    }, {
      "vertices" : [ 0, 5, 4 ]
    }, {
      "vertices" : [ 0, 4, 1 ]
    }, {
      "vertices" : [ 2, 4, 5 ]
    }, {
      "vertices" : [ 2, 5, 3 ]
    }, {
      "vertices" : [ 0, 6, 3 ]
    }, {
      "vertices" : [ 0, 3, 5 ]
    }, {
      "vertices" : [ 0, 1, 7 ]
    }, {
      "vertices" : [ 0, 7, 6 ]
    }, {
      "vertices" : [ 1, 4, 2 ]
    }, {
      "vertices" : [ 1, 2, 7 ]
    } ]
  }, {
    "id" : "b55a84ee-6087-4394-a7bd-133f6569ee76",
    "vertices" : [ {
      "x" : 18.391485,
      "y" : 11.366563,
      "z" : 0.0
    }, {
      "x" : 16.109695,
      "y" : 6.153356,
      "z" : 9.95634
    }, {
      "x" : 11.708204,
      "y" : 11.708204,
      "z" : 11.708204
    } ],
    "faces" : [ {
      "vertices" : [ 0, 1, 2 ]
    }, {
      "vertices" : [ 0, 2, 1 ]
    } ]
  }, {
    "id" : "11d0f7f8-873a-46a6-bd11-59cabf211862",
    "vertices" : [ {
      "x" : -11.366563,
      "y" : 0.0,
      "z" : 18.391485
    }, {
      "x" : -16.109695,
      "y" : 6.153356,
      "z" : 9.95634
    }, {
      "x" : -11.708204,
      "y" : 11.708204,
      "z" : 11.708204
    } ],
    "faces" : [ {
      "vertices" : [ 0, 1, 2 ]
    }, {
      "vertices" : [ 0, 2, 1 ]
    } ]
  }, {
    "id" : "e4b32279-2626-4117-b030-ca3747b6cb23",
    "vertices" : [ {
      "x" : -18.391485,
      "y" : 11.366563,
      "z" : 0.0
    }, {
      "x" : -9.95634,
      "y" : 16.109695,
      "z" : -6.153356
    }, {
      "x" : -11.708204,
      "y" : 11.708204,
      "z" : -11.708204
    } ],
    "faces" : [ {
      "vertices" : [ 0, 1, 2 ]
    }, {
      "vertices" : [ 0, 2, 1 ]
    } ]
  }, {
    "id" : "f2ebaf23-ea4c-46a5-a2fe-cb5a9696075a",
    "vertices" : [ {
      "x" : -18.391485,
      "y" : 11.366563,
      "z" : 0.0
    }, {
      "x" : -19.91268,
      "y" : 0.0,
      "z" : 0.0
    }, {
      "x" : -18.944271,
      "y" : 0.0,
      "z" : -7.236068
    } ],
    "faces" : [ {
      "vertices" : [ 0, 1, 2 ]
    }, {
      "vertices" : [ 0, 2, 1 ]
    } ]
  }, {
    "id" : "373a4603-cbdb-446d-8a09-c9476d2bf79c",
    "vertices" : [ {
      "x" : 0.0,
      "y" : 18.391485,
      "z" : 11.366563
    }, {
      "x" : 0.0,
      "y" : 19.91268,
      "z" : 0.0
    }, {
      "x" : -7.236068,
      "y" : 18.944271,
      "z" : 0.0
    } ],
    "faces" : [ {
      "vertices" : [ 0, 1, 2 ]
    }, {
      "vertices" : [ 0, 2, 1 ]
    } ]
  }, {
    "id" : "84f772b4-a9cc-44ba-a321-f52d58059ec1",
    "vertices" : [ {
      "x" : 0.0,
      "y" : 18.391485,
      "z" : -11.366563
    }, {
      "x" : -9.95634,
      "y" : 16.109695,
      "z" : -6.153356
    }, {
      "x" : -7.236068,
      "y" : 18.944271,
      "z" : 0.0
    } ],
    "faces" : [ {
      "vertices" : [ 0, 1, 2 ]
    }, {
      "vertices" : [ 0, 2, 1 ]
    } ]
  }, {
    "id" : "56740228-3229-4217-a2bc-fb9cf91ba9b5",
    "vertices" : [ {
      "x" : 2.4189277,
      "y" : -18.988436,
      "z" : -0.26666668
    }, {
      "x" : 2.3189275,
      "y" : -18.888437,
      "z" : 0.13333334
    }, {
      "x" : 0.19910637,
      "y" : -0.5738695,
      "z" : 0.26666668
    }, {
      "x" : 0.29910636,
      "y" : -0.6738695,
      "z" : -0.13333334
    }, {
      "x" : 2.6189277,
      "y" : -18.655104,
      "z" : 0.26666668
    }, {
      "x" : 2.7189276,
      "y" : -18.755102,
      "z" : -0.13333334
    }, {
      "x" : -8.936415E-4,
      "y" : -0.90720284,
      "z" : -0.26666668
    }, {
      "x" : -0.10089364,
      "y" : -0.8072029,
      "z" : 0.13333334
    } ],
    "faces" : [ {
      "vertices" : [ 2, 3, 6 ]
    }, {
      "vertices" : [ 2, 6, 7 ]
    }, {
      "vertices" : [ 0, 5, 4 ]
    }, {
      "vertices" : [ 0, 4, 1 ]
    }, {
      "vertices" : [ 2, 4, 5 ]
    }, {
      "vertices" : [ 2, 5, 3 ]
    }, {
      "vertices" : [ 0, 6, 3 ]
    }, {
      "vertices" : [ 0, 3, 5 ]
    }, {
      "vertices" : [ 0, 1, 7 ]
    }, {
      "vertices" : [ 0, 7, 6 ]
    }, {
      "vertices" : [ 1, 4, 2 ]
    }, {
      "vertices" : [ 1, 2, 7 ]
    } ]
  }, {
    "id" : "410aec5b-c4ca-4a36-8980-bf1638493827",
    "vertices" : [ {
      "x" : 11.366563,
      "y" : 0.0,
      "z" : 18.391485
    }, {
      "x" : 0.0,
      "y" : 0.0,
      "z" : 19.91268
    }, {
      "x" : 0.0,
      "y" : 7.236068,
      "z" : 18.944271
    } ],
    "faces" : [ {
      "vertices" : [ 0, 1, 2 ]
    }, {
      "vertices" : [ 0, 2, 1 ]
    } ]
  }, {
    "id" : "eadde2c0-347d-49fb-9ff3-cc293d946e43",
    "vertices" : [ {
      "x" : -18.391485,
      "y" : -11.366563,
      "z" : 0.0
    }, {
      "x" : -9.95634,
      "y" : -16.109695,
      "z" : -6.153356
    }, {
      "x" : -11.708204,
      "y" : -11.708204,
      "z" : -11.708204
    } ],
    "faces" : [ {
      "vertices" : [ 0, 1, 2 ]
    }, {
      "vertices" : [ 0, 2, 1 ]
    } ]
  }, {
    "id" : "26a55343-8364-4379-a3b4-349509c404b6",
    "vertices" : [ {
      "x" : 4.4725137,
      "y" : -18.272335,
      "z" : 3.5247686
    }, {
      "x" : 4.372514,
      "y" : -18.172335,
      "z" : 3.9247684
    }, {
      "x" : 0.26355416,
      "y" : -0.48095456,
      "z" : 0.40228242
    }, {
      "x" : 0.36355415,
      "y" : -0.58095455,
      "z" : 0.002282426
    }, {
      "x" : 4.672514,
      "y" : -17.939001,
      "z" : 4.0581017
    }, {
      "x" : 4.772514,
      "y" : -18.039001,
      "z" : 3.6581018
    }, {
      "x" : 0.063554145,
      "y" : -0.8142879,
      "z" : -0.13105091
    }, {
      "x" : -0.036445856,
      "y" : -0.7142879,
      "z" : 0.2689491
    } ],
    "faces" : [ {
      "vertices" : [ 2, 3, 6 ]
    }, {
      "vertices" : [ 2, 6, 7 ]
    }, {
      "vertices" : [ 0, 5, 4 ]
    }, {
      "vertices" : [ 0, 4, 1 ]
    }, {
      "vertices" : [ 2, 4, 5 ]
    }, {
      "vertices" : [ 2, 5, 3 ]
    }, {
      "vertices" : [ 0, 6, 3 ]
    }, {
      "vertices" : [ 0, 3, 5 ]
    }, {
      "vertices" : [ 0, 1, 7 ]
    }, {
      "vertices" : [ 0, 7, 6 ]
    }, {
      "vertices" : [ 1, 4, 2 ]
    }, {
      "vertices" : [ 1, 2, 7 ]
    } ]
  }, {
    "id" : "71c92aef-4b2d-48c0-85d0-c51eb7707f6f",
    "vertices" : [ {
      "x" : -18.391485,
      "y" : 11.366563,
      "z" : 0.0
    }, {
      "x" : -16.109695,
      "y" : 6.153356,
      "z" : -9.95634
    }, {
      "x" : -18.944271,
      "y" : 0.0,
      "z" : -7.236068
    } ],
    "faces" : [ {
      "vertices" : [ 0, 1, 2 ]
    }, {
      "vertices" : [ 0, 2, 1 ]
    } ]
  }, {
    "id" : "e2b51065-78fd-46e0-b4c6-e66b0a164e91",
    "vertices" : [ {
      "x" : 18.391485,
      "y" : 11.366563,
      "z" : 0.0
    }, {
      "x" : 16.109695,
      "y" : 6.153356,
      "z" : -9.95634
    }, {
      "x" : 18.944271,
      "y" : 0.0,
      "z" : -7.236068
    } ],
    "faces" : [ {
      "vertices" : [ 0, 1, 2 ]
    }, {
      "vertices" : [ 0, 2, 1 ]
    } ]
  }, {
    "id" : "60dfcb1e-c183-452d-8c63-e6ef23b3398a",
    "vertices" : [ {
      "x" : -11.366563,
      "y" : 0.0,
      "z" : -18.391485
    }, {
      "x" : -16.109695,
      "y" : -6.153356,
      "z" : -9.95634
    }, {
      "x" : -18.944271,
      "y" : 0.0,
      "z" : -7.236068
    } ],
    "faces" : [ {
      "vertices" : [ 0, 1, 2 ]
    }, {
      "vertices" : [ 0, 2, 1 ]
    } ]
  }, {
    "id" : "d8859e85-856f-4aa6-b81d-b1e425c13de9",
    "vertices" : [ {
      "x" : 18.391485,
      "y" : 11.366563,
      "z" : 0.0
    }, {
      "x" : 9.95634,
      "y" : 16.109695,
      "z" : -6.153356
    }, {
      "x" : 11.708204,
      "y" : 11.708204,
      "z" : -11.708204
    } ],
    "faces" : [ {
      "vertices" : [ 0, 1, 2 ]
    }, {
      "vertices" : [ 0, 2, 1 ]
    } ]
  }, {
    "id" : "ae9266c3-7304-4388-83b1-b567c0fb0c9a",
    "vertices" : [ {
      "x" : 0.0,
      "y" : 18.391485,
      "z" : -11.366563
    }, {
      "x" : -6.153356,
      "y" : 9.95634,
      "z" : -16.109695
    }, {
      "x" : -11.708204,
      "y" : 11.708204,
      "z" : -11.708204
    } ],
    "faces" : [ {
      "vertices" : [ 0, 1, 2 ]
    }, {
      "vertices" : [ 0, 2, 1 ]
    } ]
  }, {
    "id" : "28e5a4e7-bc7d-4ae6-8e98-7c85ec5880e8",
    "vertices" : [ {
      "x" : -11.366563,
      "y" : 0.0,
      "z" : -18.391485
    }, {
      "x" : 0.0,
      "y" : 0.0,
      "z" : -19.91268
    }, {
      "x" : 0.0,
      "y" : 7.236068,
      "z" : -18.944271
    } ],
    "faces" : [ {
      "vertices" : [ 0, 1, 2 ]
    }, {
      "vertices" : [ 0, 2, 1 ]
    } ]
  }, {
    "id" : "d77467cc-e631-4ed7-871c-c795c9f92074",
    "vertices" : [ {
      "x" : 18.391485,
      "y" : 11.366563,
      "z" : 0.0
    }, {
      "x" : 19.91268,
      "y" : 0.0,
      "z" : 0.0
    }, {
      "x" : 18.944271,
      "y" : 0.0,
      "z" : 7.236068
    } ],
    "faces" : [ {
      "vertices" : [ 0, 1, 2 ]
    }, {
      "vertices" : [ 0, 2, 1 ]
    } ]
  }, {
    "id" : "2d7e63bf-ecd0-4ecd-8b86-2745a59f7794",
    "vertices" : [ {
      "x" : 0.0,
      "y" : -18.391485,
      "z" : -11.366563
    }, {
      "x" : 0.0,
      "y" : -19.91268,
      "z" : 0.0
    }, {
      "x" : -7.236068,
      "y" : -18.944271,
      "z" : 0.0
    } ],
    "faces" : [ {
      "vertices" : [ 0, 1, 2 ]
    }, {
      "vertices" : [ 0, 2, 1 ]
    } ]
  }, {
    "id" : "8dda03f7-a9d0-4695-ac83-b173020ff6c5",
    "vertices" : [ {
      "x" : 0.0,
      "y" : 18.391485,
      "z" : -11.366563
    }, {
      "x" : 9.95634,
      "y" : 16.109695,
      "z" : -6.153356
    }, {
      "x" : 7.236068,
      "y" : 18.944271,
      "z" : 0.0
    } ],
    "faces" : [ {
      "vertices" : [ 0, 1, 2 ]
    }, {
      "vertices" : [ 0, 2, 1 ]
    } ]
  }, {
    "id" : "7a35611e-69e4-4cea-9147-ac4425df86cb",
    "vertices" : [ {
      "x" : 0.0,
      "y" : -18.391485,
      "z" : 11.366563
    }, {
      "x" : 6.153356,
      "y" : -9.95634,
      "z" : 16.109695
    }, {
      "x" : 11.708204,
      "y" : -11.708204,
      "z" : 11.708204
    } ],
    "faces" : [ {
      "vertices" : [ 0, 1, 2 ]
    }, {
      "vertices" : [ 0, 2, 1 ]
    } ]
  }, {
    "id" : "93248c17-dc97-465a-84be-34a82b036096",
