{
  "polygons" : "true",
  "field" : "golden",
  "symmetry" : "icosahedral",
  "orientations" : [ [ 1.0, 0.0, 0.0, 0.0, 0.0, 1.0, 0.0, 0.0, 0.0, 0.0, 1.0, 0.0, 0.0, 0.0, 0.0, 1.0 ], [ 0.0, 0.0, 1.0, 0.0, 1.0, 0.0, 0.0, 0.0, 0.0, 1.0, 0.0, 0.0, 0.0, 0.0, 0.0, 1.0 ], [ 0.0, 1.0, 0.0, 0.0, 0.0, 0.0, 1.0, 0.0, 1.0, 0.0, 0.0, 0.0, 0.0, 0.0, 0.0, 1.0 ], [ 0.809017, 0.309017, 0.5, 0.0, 0.309017, 0.5, -0.809017, 0.0, -0.5, 0.809017, 0.309017, 0.0, 0.0, 0.0, 0.0, 1.0 ], [ -0.5, 0.809017, 0.309017, 0.0, 0.809017, 0.309017, 0.5, 0.0, 0.309017, 0.5, -0.809017, 0.0, 0.0, 0.0, 0.0, 1.0 ], [ 0.309017, 0.5, -0.809017, 0.0, -0.5, 0.809017, 0.309017, 0.0, 0.809017, 0.309017, 0.5, 0.0, 0.0, 0.0, 0.0, 1.0 ], [ 0.5, 0.809017, 0.309017, 0.0, 0.809017, -0.309017, -0.5, 0.0, -0.309017, 0.5, -0.809017, 0.0, 0.0, 0.0, 0.0, 1.0 ], [ -0.309017, 0.5, -0.809017, 0.0, 0.5, 0.809017, 0.309017, 0.0, 0.809017, -0.309017, -0.5, 0.0, 0.0, 0.0, 0.0, 1.0 ], [ 0.809017, -0.309017, -0.5, 0.0, -0.309017, 0.5, -0.809017, 0.0, 0.5, 0.809017, 0.309017, 0.0, 0.0, 0.0, 0.0, 1.0 ], [ 0.5, 0.809017, -0.309017, 0.0, 0.809017, -0.309017, 0.5, 0.0, 0.309017, -0.5, -0.809017, 0.0, 0.0, 0.0, 0.0, 1.0 ], [ 0.309017, -0.5, -0.809017, 0.0, 0.5, 0.809017, -0.309017, 0.0, 0.809017, -0.309017, 0.5, 0.0, 0.0, 0.0, 0.0, 1.0 ], [ 0.809017, -0.309017, 0.5, 0.0, 0.309017, -0.5, -0.809017, 0.0, 0.5, 0.809017, -0.309017, 0.0, 0.0, 0.0, 0.0, 1.0 ], [ 0.809017, 0.309017, -0.5, 0.0, 0.309017, 0.5, 0.809017, 0.0, 0.5, -0.809017, 0.309017, 0.0, 0.0, 0.0, 0.0, 1.0 ], [ 0.5, -0.809017, 0.309017, 0.0, 0.809017, 0.309017, -0.5, 0.0, 0.309017, 0.5, 0.809017, 0.0, 0.0, 0.0, 0.0, 1.0 ], [ 0.309017, 0.5, 0.809017, 0.0, 0.5, -0.809017, 0.309017, 0.0, 0.809017, 0.309017, -0.5, 0.0, 0.0, 0.0, 0.0, 1.0 ], [ 1.0, 0.0, 0.0, 0.0, 0.0, -1.0, 0.0, 0.0, 0.0, 0.0, -1.0, 0.0, 0.0, 0.0, 0.0, 1.0 ], [ 0.0, 0.0, 1.0, 0.0, -1.0, 0.0, 0.0, 0.0, 0.0, -1.0, 0.0, 0.0, 0.0, 0.0, 0.0, 1.0 ], [ 0.0, 1.0, 0.0, 0.0, 0.0, 0.0, -1.0, 0.0, -1.0, 0.0, 0.0, 0.0, 0.0, 0.0, 0.0, 1.0 ], [ 0.809017, 0.309017, 0.5, 0.0, -0.309017, -0.5, 0.809017, 0.0, 0.5, -0.809017, -0.309017, 0.0, 0.0, 0.0, 0.0, 1.0 ], [ -0.5, 0.809017, 0.309017, 0.0, -0.809017, -0.309017, -0.5, 0.0, -0.309017, -0.5, 0.809017, 0.0, 0.0, 0.0, 0.0, 1.0 ], [ 0.309017, 0.5, -0.809017, 0.0, 0.5, -0.809017, -0.309017, 0.0, -0.809017, -0.309017, -0.5, 0.0, 0.0, 0.0, 0.0, 1.0 ], [ 0.5, 0.809017, 0.309017, 0.0, -0.809017, 0.309017, 0.5, 0.0, 0.309017, -0.5, 0.809017, 0.0, 0.0, 0.0, 0.0, 1.0 ], [ -0.309017, 0.5, -0.809017, 0.0, -0.5, -0.809017, -0.309017, 0.0, -0.809017, 0.309017, 0.5, 0.0, 0.0, 0.0, 0.0, 1.0 ], [ 0.809017, -0.309017, -0.5, 0.0, 0.309017, -0.5, 0.809017, 0.0, -0.5, -0.809017, -0.309017, 0.0, 0.0, 0.0, 0.0, 1.0 ], [ 0.5, 0.809017, -0.309017, 0.0, -0.809017, 0.309017, -0.5, 0.0, -0.309017, 0.5, 0.809017, 0.0, 0.0, 0.0, 0.0, 1.0 ], [ 0.309017, -0.5, -0.809017, 0.0, -0.5, -0.809017, 0.309017, 0.0, -0.809017, 0.309017, -0.5, 0.0, 0.0, 0.0, 0.0, 1.0 ], [ 0.809017, -0.309017, 0.5, 0.0, -0.309017, 0.5, 0.809017, 0.0, -0.5, -0.809017, 0.309017, 0.0, 0.0, 0.0, 0.0, 1.0 ], [ 0.809017, 0.309017, -0.5, 0.0, -0.309017, -0.5, -0.809017, 0.0, -0.5, 0.809017, -0.309017, 0.0, 0.0, 0.0, 0.0, 1.0 ], [ 0.5, -0.809017, 0.309017, 0.0, -0.809017, -0.309017, 0.5, 0.0, -0.309017, -0.5, -0.809017, 0.0, 0.0, 0.0, 0.0, 1.0 ], [ 0.309017, 0.5, 0.809017, 0.0, -0.5, 0.809017, -0.309017, 0.0, -0.809017, -0.309017, 0.5, 0.0, 0.0, 0.0, 0.0, 1.0 ], [ -1.0, 0.0, 0.0, 0.0, 0.0, -1.0, 0.0, 0.0, 0.0, 0.0, 1.0, 0.0, 0.0, 0.0, 0.0, 1.0 ], [ 0.0, 0.0, -1.0, 0.0, -1.0, 0.0, 0.0, 0.0, 0.0, 1.0, 0.0, 0.0, 0.0, 0.0, 0.0, 1.0 ], [ 0.0, -1.0, 0.0, 0.0, 0.0, 0.0, -1.0, 0.0, 1.0, 0.0, 0.0, 0.0, 0.0, 0.0, 0.0, 1.0 ], [ -0.809017, -0.309017, -0.5, 0.0, -0.309017, -0.5, 0.809017, 0.0, -0.5, 0.809017, 0.309017, 0.0, 0.0, 0.0, 0.0, 1.0 ], [ 0.5, -0.809017, -0.309017, 0.0, -0.809017, -0.309017, -0.5, 0.0, 0.309017, 0.5, -0.809017, 0.0, 0.0, 0.0, 0.0, 1.0 ], [ -0.309017, -0.5, 0.809017, 0.0, 0.5, -0.809017, -0.309017, 0.0, 0.809017, 0.309017, 0.5, 0.0, 0.0, 0.0, 0.0, 1.0 ], [ -0.5, -0.809017, -0.309017, 0.0, -0.809017, 0.309017, 0.5, 0.0, -0.309017, 0.5, -0.809017, 0.0, 0.0, 0.0, 0.0, 1.0 ], [ 0.309017, -0.5, 0.809017, 0.0, -0.5, -0.809017, -0.309017, 0.0, 0.809017, -0.309017, -0.5, 0.0, 0.0, 0.0, 0.0, 1.0 ], [ -0.809017, 0.309017, 0.5, 0.0, 0.309017, -0.5, 0.809017, 0.0, 0.5, 0.809017, 0.309017, 0.0, 0.0, 0.0, 0.0, 1.0 ], [ -0.5, -0.809017, 0.309017, 0.0, -0.809017, 0.309017, -0.5, 0.0, 0.309017, -0.5, -0.809017, 0.0, 0.0, 0.0, 0.0, 1.0 ], [ -0.309017, 0.5, 0.809017, 0.0, -0.5, -0.809017, 0.309017, 0.0, 0.809017, -0.309017, 0.5, 0.0, 0.0, 0.0, 0.0, 1.0 ], [ -0.809017, 0.309017, -0.5, 0.0, -0.309017, 0.5, 0.809017, 0.0, 0.5, 0.809017, -0.309017, 0.0, 0.0, 0.0, 0.0, 1.0 ], [ -0.809017, -0.309017, 0.5, 0.0, -0.309017, -0.5, -0.809017, 0.0, 0.5, -0.809017, 0.309017, 0.0, 0.0, 0.0, 0.0, 1.0 ], [ -0.5, 0.809017, -0.309017, 0.0, -0.809017, -0.309017, 0.5, 0.0, 0.309017, 0.5, 0.809017, 0.0, 0.0, 0.0, 0.0, 1.0 ], [ -0.309017, -0.5, -0.809017, 0.0, -0.5, 0.809017, -0.309017, 0.0, 0.809017, 0.309017, -0.5, 0.0, 0.0, 0.0, 0.0, 1.0 ], [ -1.0, 0.0, 0.0, 0.0, 0.0, 1.0, 0.0, 0.0, 0.0, 0.0, -1.0, 0.0, 0.0, 0.0, 0.0, 1.0 ], [ 0.0, 0.0, -1.0, 0.0, 1.0, 0.0, 0.0, 0.0, 0.0, -1.0, 0.0, 0.0, 0.0, 0.0, 0.0, 1.0 ], [ 0.0, -1.0, 0.0, 0.0, 0.0, 0.0, 1.0, 0.0, -1.0, 0.0, 0.0, 0.0, 0.0, 0.0, 0.0, 1.0 ], [ -0.809017, -0.309017, -0.5, 0.0, 0.309017, 0.5, -0.809017, 0.0, 0.5, -0.809017, -0.309017, 0.0, 0.0, 0.0, 0.0, 1.0 ], [ 0.5, -0.809017, -0.309017, 0.0, 0.809017, 0.309017, 0.5, 0.0, -0.309017, -0.5, 0.809017, 0.0, 0.0, 0.0, 0.0, 1.0 ], [ -0.309017, -0.5, 0.809017, 0.0, -0.5, 0.809017, 0.309017, 0.0, -0.809017, -0.309017, -0.5, 0.0, 0.0, 0.0, 0.0, 1.0 ], [ -0.5, -0.809017, -0.309017, 0.0, 0.809017, -0.309017, -0.5, 0.0, 0.309017, -0.5, 0.809017, 0.0, 0.0, 0.0, 0.0, 1.0 ], [ 0.309017, -0.5, 0.809017, 0.0, 0.5, 0.809017, 0.309017, 0.0, -0.809017, 0.309017, 0.5, 0.0, 0.0, 0.0, 0.0, 1.0 ], [ -0.809017, 0.309017, 0.5, 0.0, -0.309017, 0.5, -0.809017, 0.0, -0.5, -0.809017, -0.309017, 0.0, 0.0, 0.0, 0.0, 1.0 ], [ -0.5, -0.809017, 0.309017, 0.0, 0.809017, -0.309017, 0.5, 0.0, -0.309017, 0.5, 0.809017, 0.0, 0.0, 0.0, 0.0, 1.0 ], [ -0.309017, 0.5, 0.809017, 0.0, 0.5, 0.809017, -0.309017, 0.0, -0.809017, 0.309017, -0.5, 0.0, 0.0, 0.0, 0.0, 1.0 ], [ -0.809017, 0.309017, -0.5, 0.0, 0.309017, -0.5, -0.809017, 0.0, -0.5, -0.809017, 0.309017, 0.0, 0.0, 0.0, 0.0, 1.0 ], [ -0.809017, -0.309017, 0.5, 0.0, 0.309017, 0.5, 0.809017, 0.0, -0.5, 0.809017, -0.309017, 0.0, 0.0, 0.0, 0.0, 1.0 ], [ -0.5, 0.809017, -0.309017, 0.0, 0.809017, 0.309017, -0.5, 0.0, -0.309017, -0.5, -0.809017, 0.0, 0.0, 0.0, 0.0, 1.0 ], [ -0.309017, -0.5, -0.809017, 0.0, 0.5, -0.809017, 0.309017, 0.0, -0.809017, -0.309017, 0.5, 0.0, 0.0, 0.0, 0.0, 1.0 ] ],
  "lights" : {
    "ambientColor" : "#292929",
    "backgroundColor" : "#CCCCCC",
    "directionalLights" : [ {
      "direction" : [ 1.0, -1.0, -1.0 ],
      "color" : "#EBEBE4"
    }, {
      "direction" : [ -1.0, 0.0, 0.0 ],
      "color" : "#E4E4EB"
    }, {
      "direction" : [ 0.0, 0.0, -1.0 ],
      "color" : "#1E1E1E"
    } ]
  },
  "camera" : {
    "lookDirection" : {
      "x" : -0.021993872,
      "y" : 0.038542256,
      "z" : -0.99901354
    },
    "upDirection" : {
      "x" : -0.06303822,
      "y" : 0.997213,
      "z" : 0.03986006
    },
    "lookAtPoint" : {
      "x" : 0.0,
      "y" : 0.0,
      "z" : 0.0
    },
    "perspective" : false,
    "viewDistance" : 127.59733,
    "nearClipDistance" : 0.31899345,
    "farClipDistance" : 255.19424,
    "fieldOfView" : 0.44262895,
    "width" : 57.418808,
    "stereo" : false,
    "position" : {
      "x" : 2.8063593,
      "y" : -4.9178886,
      "z" : 127.47146
    }
  },
  "embedding" : [ 1.0, 0.0, 0.0, 0.0, 0.0, 1.0, 0.0, 0.0, 0.0, 0.0, 1.0, 0.0, 0.0, 0.0, 0.0, 1.0 ],
  "shapes" : [ {
    "id" : "7d5423ad-5e40-4f55-bfb2-79277a847e7c",
    "orbit" : "blue",
    "name" : " :1/2 +1/2*phi",
    "vertices" : [ {
      "x" : 1.0,
      "y" : 0.309017,
      "z" : 0.19098301
    }, {
      "x" : 1.0,
      "y" : -0.309017,
      "z" : 0.19098301
    }, {
      "x" : 10.09017,
      "y" : -0.309017,
      "z" : 0.19098301
    }, {
      "x" : 10.09017,
      "y" : 0.309017,
      "z" : 0.19098301
    }, {
      "x" : 10.09017,
      "y" : -0.309017,
      "z" : -0.19098301
    }, {
      "x" : 10.09017,
      "y" : 0.309017,
      "z" : -0.19098301
    }, {
      "x" : 10.708204,
      "y" : 0.0,
      "z" : 0.0
    }, {
      "x" : 0.38196602,
      "y" : 0.0,
      "z" : 0.0
    }, {
      "x" : 1.0,
      "y" : 0.309017,
      "z" : -0.19098301
    }, {
      "x" : 1.0,
      "y" : -0.309017,
      "z" : -0.19098301
    }, {
      "x" : 11.09017,
      "y" : 0.0,
      "z" : 0.0
    } ],
    "faces" : [ {
      "vertices" : [ 1, 9, 4, 2 ]
    }, {
      "vertices" : [ 0, 3, 5, 8 ]
    }, {
      "vertices" : [ 1, 7, 9 ]
    }, {
      "vertices" : [ 0, 1, 2, 3 ]
    }, {
      "vertices" : [ 7, 8, 9 ]
    }, {
      "vertices" : [ 0, 7, 1 ]
    }, {
      "vertices" : [ 4, 9, 8, 5 ]
    }, {
      "vertices" : [ 2, 6, 3 ]
    }, {
      "vertices" : [ 2, 4, 6 ]
    }, {
      "vertices" : [ 3, 6, 5 ]
    }, {
      "vertices" : [ 4, 5, 6 ]
    }, {
      "vertices" : [ 0, 8, 7 ]
    } ]
  }, {
    "id" : "21050c75-ca71-43fc-bc12-2fd420039473",
    "name" : "ball",
    "vertices" : [ {
      "x" : 0.309017,
      "y" : -0.309017,
      "z" : -0.309017
    }, {
      "x" : 0.5,
      "y" : 0.0,
      "z" : -0.19098301
    }, {
      "x" : 0.5,
      "y" : 0.0,
      "z" : 0.19098301
    }, {
      "x" : 0.309017,
      "y" : -0.309017,
      "z" : 0.309017
    }, {
      "x" : 0.19098301,
      "y" : -0.5,
      "z" : 0.0
    }, {
      "x" : 0.0,
      "y" : 0.19098301,
      "z" : 0.5
    }, {
      "x" : 0.0,
      "y" : -0.19098301,
      "z" : 0.5
    }, {
      "x" : 0.309017,
      "y" : 0.309017,
      "z" : 0.309017
    }, {
      "x" : -0.309017,
      "y" : -0.309017,
      "z" : 0.309017
    }, {
      "x" : -0.309017,
      "y" : 0.309017,
      "z" : 0.309017
    }, {
      "x" : -0.5,
      "y" : 0.0,
      "z" : 0.19098301
    }, {
      "x" : 0.0,
      "y" : -0.19098301,
      "z" : -0.5
    }, {
      "x" : 0.0,
      "y" : 0.19098301,
      "z" : -0.5
    }, {
      "x" : 0.309017,
      "y" : 0.309017,
      "z" : -0.309017
    }, {
      "x" : -0.309017,
      "y" : -0.309017,
      "z" : -0.309017
    }, {
      "x" : -0.19098301,
      "y" : -0.5,
      "z" : 0.0
    }, {
      "x" : -0.5,
      "y" : 0.0,
      "z" : -0.19098301
    }, {
      "x" : 0.19098301,
      "y" : 0.5,
      "z" : 0.0
    }, {
      "x" : -0.309017,
      "y" : 0.309017,
      "z" : -0.309017
    }, {
      "x" : 0.0,
      "y" : 0.0,
      "z" : 0.0
    }, {
      "x" : -0.19098301,
      "y" : 0.5,
      "z" : 0.0
    } ],
    "faces" : [ {
      "vertices" : [ 12, 18, 20, 17, 13 ]
    }, {
      "vertices" : [ 3, 6, 8, 15, 4 ]
    }, {
      "vertices" : [ 0, 11, 12, 13, 1 ]
    }, {
      "vertices" : [ 5, 9, 10, 8, 6 ]
    }, {
      "vertices" : [ 2, 7, 5, 6, 3 ]
    }, {
      "vertices" : [ 11, 14, 16, 18, 12 ]
    }, {
      "vertices" : [ 1, 13, 17, 7, 2 ]
    }, {
      "vertices" : [ 9, 20, 18, 16, 10 ]
    }, {
      "vertices" : [ 0, 1, 2, 3, 4 ]
    }, {
      "vertices" : [ 5, 7, 17, 20, 9 ]
    }, {
      "vertices" : [ 0, 4, 15, 14, 11 ]
    }, {
      "vertices" : [ 8, 10, 16, 14, 15 ]
    } ]
  }, {
    "id" : "aa8ff4c9-47d0-40b8-9b03-85361748b347",
    "orbit" : "4",
    "name" : "medium",
    "vertices" : [ {
      "x" : -8.100231,
      "y" : -6.3183885,
      "z" : -0.26666668
    }, {
      "x" : -8.000231,
      "y" : -6.218388,
      "z" : 0.13333334
    }, {
      "x" : -0.37190512,
      "y" : -0.53571373,
      "z" : 0.26666668
    }, {
      "x" : -0.4719051,
      "y" : -0.6357137,
      "z" : -0.13333334
    }, {
      "x" : -7.7668977,
      "y" : -6.5183883,
      "z" : 0.26666668
    }, {
      "x" : -7.8668976,
      "y" : -6.618388,
      "z" : -0.13333334
    }, {
      "x" : -0.70523846,
      "y" : -0.3357137,
      "z" : -0.26666668
    }, {
      "x" : -0.60523844,
      "y" : -0.23571372,
      "z" : 0.13333334
    } ],
    "faces" : [ {
      "vertices" : [ 2, 3, 6, 7 ]
    }, {
      "vertices" : [ 0, 5, 4, 1 ]
    }, {
      "vertices" : [ 2, 4, 5, 3 ]
    }, {
      "vertices" : [ 0, 6, 3, 5 ]
    }, {
      "vertices" : [ 0, 1, 7, 6 ]
    }, {
      "vertices" : [ 1, 4, 2, 7 ]
    } ]
  }, {
    "id" : "c0d3954d-8f5a-44d9-84b5-445cc90c2494",
    "orbit" : "blue",
    "name" : " :1/2*phi",
    "vertices" : [ {
      "x" : 1.0,
      "y" : 0.309017,
      "z" : 0.19098301
    }, {
      "x" : 1.0,
      "y" : -0.309017,
      "z" : 0.19098301
    }, {
      "x" : 5.854102,
      "y" : -0.309017,
      "z" : 0.19098301
    }, {
      "x" : 5.854102,
      "y" : 0.309017,
      "z" : 0.19098301
    }, {
      "x" : 5.854102,
      "y" : -0.309017,
      "z" : -0.19098301
    }, {
      "x" : 5.854102,
      "y" : 0.309017,
      "z" : -0.19098301
    }, {
      "x" : 6.472136,
      "y" : 0.0,
      "z" : 0.0
    }, {
      "x" : 0.38196602,
      "y" : 0.0,
      "z" : 0.0
    }, {
      "x" : 1.0,
      "y" : 0.309017,
      "z" : -0.19098301
    }, {
      "x" : 1.0,
      "y" : -0.309017,
      "z" : -0.19098301
    }, {
      "x" : 6.854102,
      "y" : 0.0,
      "z" : 0.0
    } ],
    "faces" : [ {
      "vertices" : [ 1, 9, 4, 2 ]
    }, {
      "vertices" : [ 0, 3, 5, 8 ]
    }, {
      "vertices" : [ 1, 7, 9 ]
    }, {
      "vertices" : [ 0, 1, 2, 3 ]
    }, {
      "vertices" : [ 7, 8, 9 ]
    }, {
      "vertices" : [ 0, 7, 1 ]
    }, {
      "vertices" : [ 4, 9, 8, 5 ]
    }, {
      "vertices" : [ 2, 6, 3 ]
    }, {
      "vertices" : [ 2, 4, 6 ]
    }, {
      "vertices" : [ 3, 6, 5 ]
    }, {
      "vertices" : [ 4, 5, 6 ]
    }, {
      "vertices" : [ 0, 8, 7 ]
    } ]
  }, {
    "id" : "023cdd30-80ef-4fc3-990d-e02276f5de3d",
    "orbit" : "yellow",
    "name" : "y1",
    "vertices" : [ {
      "x" : 6.854102,
      "y" : 0.0,
      "z" : -2.618034
    }, {
      "x" : 6.545085,
      "y" : 0.0,
      "z" : -2.5
    }, {
      "x" : 6.1405764,
      "y" : -0.1545085,
      "z" : -2.059017
    }, {
      "x" : 5.9495935,
      "y" : -0.1545085,
      "z" : -2.559017
    }, {
      "x" : 0.9045085,
      "y" : -0.1545085,
      "z" : -0.059016995
    }, {
      "x" : 0.809017,
      "y" : 0.309017,
      "z" : -0.309017
    }, {
      "x" : 0.309017,
      "y" : 0.0,
      "z" : -0.11803399
    }, {
      "x" : 6.045085,
      "y" : 0.309017,
      "z" : -2.309017
    }, {
      "x" : 0.7135255,
      "y" : -0.1545085,
      "z" : -0.559017
    } ],
    "faces" : [ {
      "vertices" : [ 2, 4, 8, 3 ]
    }, {
      "vertices" : [ 2, 7, 5, 4 ]
    }, {
      "vertices" : [ 4, 6, 8 ]
    }, {
      "vertices" : [ 5, 8, 6 ]
    }, {
      "vertices" : [ 1, 2, 3 ]
    }, {
      "vertices" : [ 3, 8, 5, 7 ]
    }, {
      "vertices" : [ 1, 7, 2 ]
    }, {
      "vertices" : [ 1, 3, 7 ]
    }, {
      "vertices" : [ 4, 5, 6 ]
    } ]
  }, {
    "id" : "3c0c0126-e184-46de-83bb-f32319a22b83",
    "orbit" : "1",
    "name" : "medium",
    "vertices" : [ {
      "x" : -7.495699,
      "y" : -6.295885,
      "z" : -0.26666668
    }, {
      "x" : -7.3956985,
      "y" : -6.195885,
      "z" : 0.13333334
    }, {
      "x" : -0.35840318,
      "y" : -0.5582169,
      "z" : 0.26666668
    }, {
      "x" : -0.4584032,
      "y" : -0.6582169,
      "z" : -0.13333334
    }, {
      "x" : -7.1623654,
      "y" : -6.495885,
      "z" : 0.26666668
    }, {
      "x" : -7.2623653,
      "y" : -6.5958853,
      "z" : -0.13333334
    }, {
      "x" : -0.6917365,
      "y" : -0.3582169,
      "z" : -0.26666668
    }, {
      "x" : -0.5917365,
      "y" : -0.25821692,
      "z" : 0.13333334
    } ],
    "faces" : [ {
      "vertices" : [ 2, 3, 6, 7 ]
    }, {
      "vertices" : [ 0, 5, 4, 1 ]
    }, {
      "vertices" : [ 2, 4, 5, 3 ]
    }, {
      "vertices" : [ 0, 6, 3, 5 ]
    }, {
      "vertices" : [ 0, 1, 7, 6 ]
    }, {
      "vertices" : [ 1, 4, 2, 7 ]
    } ]
  }, {
    "id" : "4fb5ddcf-1133-4ed2-b636-75baccf17293",
    "orbit" : "rose",
    "name" : " :2/5 +1/5*phi",
    "vertices" : [ {
      "x" : 0.42705098,
      "y" : 1.381966,
      "z" : -0.309017
    }, {
      "x" : 1.1257354,
      "y" : 5.472136,
      "z" : -0.309017
    }, {
      "x" : 1.1257354,
      "y" : 5.472136,
      "z" : 0.309017
    }, {
      "x" : 0.42705098,
      "y" : 1.381966,
      "z" : 0.309017
    }, {
      "x" : 0.045084972,
      "y" : 1.381966,
      "z" : -0.309017
    }, {
      "x" : 0.7437694,
      "y" : 5.472136,
      "z" : -0.309017
    }, {
      "x" : 0.090169944,
      "y" : 0.52786404,
      "z" : 0.0
    }, {
      "x" : 0.045084972,
      "y" : 1.381966,
      "z" : 0.309017
    }, {
      "x" : 0.7437694,
      "y" : 5.472136,
      "z" : 0.309017
    }, {
      "x" : 1.0806504,
      "y" : 6.326238,
      "z" : 0.0
    }, {
      "x" : 1.1708204,
      "y" : 6.854102,
      "z" : 0.0
    } ],
    "faces" : [ {
      "vertices" : [ 3, 7, 6 ]
    }, {
      "vertices" : [ 4, 6, 7 ]
    }, {
      "vertices" : [ 2, 9, 8 ]
    }, {
      "vertices" : [ 2, 8, 7, 3 ]
    }, {
      "vertices" : [ 0, 1, 2, 3 ]
    }, {
      "vertices" : [ 5, 8, 9 ]
    }, {
      "vertices" : [ 4, 7, 8, 5 ]
    }, {
      "vertices" : [ 0, 3, 6 ]
    }, {
      "vertices" : [ 0, 4, 5, 1 ]
    }, {
      "vertices" : [ 0, 6, 4 ]
    }, {
      "vertices" : [ 1, 9, 2 ]
    }, {
      "vertices" : [ 1, 5, 9 ]
    } ]
  }, {
    "id" : "9f84516b-bd8a-4c3f-91ee-73f332fe6c80",
    "orbit" : "red",
    "name" : "r2",
    "vertices" : [ {
      "x" : 0.9045085,
      "y" : 0.3454915,
      "z" : 0.25
    }, {
      "x" : 10.376644,
      "y" : 6.1995935,
      "z" : 0.25
    }, {
      "x" : 10.185661,
      "y" : 6.5086102,
      "z" : 0.25
    }, {
      "x" : 0.7135255,
      "y" : 0.6545085,
      "z" : 0.25
    }, {
      "x" : 0.809017,
      "y" : 0.5,
      "z" : -0.309017
    }, {
      "x" : 0.9635255,
      "y" : 0.25,
      "z" : -0.095491506
    }, {
      "x" : 0.309017,
      "y" : 0.19098301,
      "z" : 0.0
    }, {
      "x" : 10.781153,
      "y" : 6.663119,
      "z" : 0.0
    }, {
      "x" : 10.126644,
      "y" : 6.604102,
      "z" : -0.095491506
    }, {
      "x" : 10.281153,
      "y" : 6.354102,
      "z" : -0.309017
    }, {
      "x" : 11.09017,
      "y" : 6.854102,
      "z" : 0.0
    }, {
      "x" : 0.6545085,
      "y" : 0.75,
      "z" : -0.095491506
    }, {
      "x" : 10.435661,
      "y" : 6.104102,
      "z" : -0.095491506
    } ],
    "faces" : [ {
      "vertices" : [ 4, 11, 8, 9 ]
    }, {
      "vertices" : [ 0, 1, 2, 3 ]
    }, {
      "vertices" : [ 0, 3, 6 ]
    }, {
      "vertices" : [ 1, 7, 2 ]
    }, {
      "vertices" : [ 0, 6, 5 ]
    }, {
      "vertices" : [ 4, 5, 6 ]
    }, {
      "vertices" : [ 2, 7, 8 ]
    }, {
      "vertices" : [ 0, 5, 12, 1 ]
    }, {
      "vertices" : [ 1, 12, 7 ]
    }, {
      "vertices" : [ 3, 11, 6 ]
    }, {
      "vertices" : [ 4, 6, 11 ]
    }, {
      "vertices" : [ 7, 9, 8 ]
    }, {
      "vertices" : [ 2, 8, 11, 3 ]
    }, {
      "vertices" : [ 7, 12, 9 ]
    }, {
      "vertices" : [ 4, 9, 12, 5 ]
    } ]
  }, {
    "id" : "4a093311-182a-407b-9991-21336548cd02",
    "orbit" : "coral",
    "name" : " :1/3 +1/3*phi",
    "vertices" : [ {
      "x" : 5.899187,
      "y" : 0.0,
      "z" : 2.7696724
    }, {
      "x" : 6.416408,
      "y" : 0.0,
      "z" : 3.4606555
    }, {
      "x" : 5.708204,
      "y" : -0.309017,
      "z" : 3.2696724
    }, {
      "x" : 0.95491505,
      "y" : 0.0,
      "z" : 0.927051
    }, {
      "x" : 5.517221,
      "y" : 0.0,
      "z" : 3.3877063
    }, {
      "x" : 5.708204,
      "y" : 0.309017,
      "z" : 2.8877063
    }, {
      "x" : 1.145898,
      "y" : 0.309017,
      "z" : 0.42705098
    }, {
      "x" : 1.336881,
      "y" : 0.0,
      "z" : 0.309017
    }, {
      "x" : 1.145898,
      "y" : -0.309017,
      "z" : 0.809017
    }, {
      "x" : 0.4376941,
      "y" : 0.0,
      "z" : 0.23606798
    }, {
      "x" : 6.854102,
      "y" : 0.0,
      "z" : 3.6967232
    } ],
    "faces" : [ {
      "vertices" : [ 0, 2, 8, 7 ]
    }, {
      "vertices" : [ 2, 4, 3, 8 ]
    }, {
      "vertices" : [ 3, 4, 5, 6 ]
    }, {
      "vertices" : [ 0, 7, 6, 5 ]
    }, {
      "vertices" : [ 3, 6, 9 ]
    }, {
      "vertices" : [ 0, 1, 2 ]
    }, {
      "vertices" : [ 3, 9, 8 ]
    }, {
      "vertices" : [ 0, 5, 1 ]
    }, {
      "vertices" : [ 6, 7, 9 ]
    }, {
      "vertices" : [ 1, 4, 2 ]
    }, {
      "vertices" : [ 7, 8, 9 ]
    }, {
      "vertices" : [ 1, 5, 4 ]
    } ]
  }, {
    "id" : "90da178c-742c-4df0-aeaa-e6bf8d719d45",
    "orbit" : "olive",
    "name" : " :1/5 +3/5*phi",
    "vertices" : [ {
      "x" : 7.4068885,
      "y" : 7.215905,
      "z" : 1.3944272
    }, {
      "x" : 1.0,
      "y" : 0.809017,
      "z" : -0.11803399
    }, {
      "x" : 0.5,
      "y" : 1.0,
      "z" : 0.19098301
    }, {
      "x" : 6.9068885,
      "y" : 7.4068885,
      "z" : 1.7034442
    }, {
      "x" : 1.118034,
      "y" : 0.618034,
      "z" : 0.19098301
    }, {
      "x" : 7.5249224,
      "y" : 7.0249224,
      "z" : 1.7034442
    }, {
      "x" : 7.715905,
      "y" : 7.715905,
      "z" : 1.8214781
    }, {
      "x" : 7.0249224,
      "y" : 7.215905,
      "z" : 2.0124612
    }, {
      "x" : 0.618034,
      "y" : 0.809017,
      "z" : 0.5
    }, {
      "x" : 0.309017,
      "y" : 0.309017,
      "z" : 0.072949015
    }, {
      "x" : 8.024922,
      "y" : 8.024922,
      "z" : 1.8944272
    } ],
    "faces" : [ {
      "vertices" : [ 3, 7, 6 ]
    }, {
      "vertices" : [ 5, 6, 7 ]
    }, {
      "vertices" : [ 2, 9, 8 ]
    }, {
      "vertices" : [ 2, 8, 7, 3 ]
    }, {
      "vertices" : [ 4, 8, 9 ]
    }, {
      "vertices" : [ 0, 1, 2, 3 ]
    }, {
      "vertices" : [ 4, 5, 7, 8 ]
    }, {
      "vertices" : [ 0, 3, 6 ]
    }, {
      "vertices" : [ 0, 5, 4, 1 ]
    }, {
      "vertices" : [ 0, 6, 5 ]
    }, {
      "vertices" : [ 1, 9, 2 ]
    }, {
      "vertices" : [ 1, 4, 9 ]
    } ]
  }, {
    "id" : "39d80150-0455-43ad-9859-f79ec9621d68",
    "orbit" : "2",
    "name" : "medium",
    "vertices" : [ {
      "x" : -10.626085,
      "y" : -4.5775943,
      "z" : -0.26666668
    }, {
      "x" : -10.526085,
      "y" : -4.477594,
      "z" : 0.13333334
    }, {
      "x" : -0.46408492,
      "y" : -0.38208067,
      "z" : 0.26666668
    }, {
      "x" : -0.56408495,
      "y" : -0.4820807,
      "z" : -0.13333334
    }, {
      "x" : -10.292751,
      "y" : -4.777594,
      "z" : 0.26666668
    }, {
      "x" : -10.392752,
      "y" : -4.877594,
      "z" : -0.13333334
    }, {
      "x" : -0.79741824,
      "y" : -0.18208069,
      "z" : -0.26666668
    }, {
      "x" : -0.6974183,
      "y" : -0.082080685,
      "z" : 0.13333334
    } ],
    "faces" : [ {
      "vertices" : [ 2, 3, 6, 7 ]
    }, {
      "vertices" : [ 0, 5, 4, 1 ]
    }, {
      "vertices" : [ 2, 4, 5, 3 ]
    }, {
      "vertices" : [ 0, 6, 3, 5 ]
    }, {
      "vertices" : [ 0, 1, 7, 6 ]
    }, {
      "vertices" : [ 1, 4, 2, 7 ]
    } ]
  }, {
    "id" : "45c1a13a-f792-4775-a3d5-1c6c12198c8a",
    "orbit" : "orange",
    "name" : "short",
    "vertices" : [ {
      "x" : 6.9495935,
      "y" : 1.1545085,
      "z" : -1.559017
    }, {
      "x" : 7.3176274,
      "y" : 1.25,
      "z" : -2.0225425
    }, {
      "x" : 1.0954915,
      "y" : 0.1545085,
      "z" : 0.059016995
    }, {
      "x" : 6.7586102,
      "y" : 1.4635255,
      "z" : -2.059017
    }, {
      "x" : 0.9045085,
      "y" : 0.4635255,
      "z" : -0.440983
    }, {
      "x" : 6.7586102,
      "y" : 0.8454915,
      "z" : -1.677051
    }, {
      "x" : 0.9045085,
      "y" : -0.1545085,
      "z" : -0.059016995
    }, {
      "x" : 6.5676274,
      "y" : 1.1545085,
      "z" : -2.177051
    }, {
      "x" : 7.663119,
      "y" : 1.309017,
      "z" : -2.118034
    }, {
      "x" : 0.3454915,
      "y" : 0.059016995,
      "z" : -0.095491506
    }, {
      "x" : 0.7135255,
      "y" : 0.1545085,
      "z" : -0.559017
    } ],
    "faces" : [ {
      "vertices" : [ 2, 9, 6 ]
    }, {
      "vertices" : [ 0, 1, 3 ]
    }, {
      "vertices" : [ 0, 5, 1 ]
    }, {
      "vertices" : [ 4, 10, 9 ]
    }, {
      "vertices" : [ 3, 7, 10, 4 ]
    }, {
      "vertices" : [ 0, 3, 4, 2 ]
    }, {
      "vertices" : [ 6, 9, 10 ]
    }, {
      "vertices" : [ 1, 7, 3 ]
    }, {
      "vertices" : [ 5, 6, 10, 7 ]
    }, {
      "vertices" : [ 0, 2, 6, 5 ]
    }, {
      "vertices" : [ 1, 5, 7 ]
    }, {
      "vertices" : [ 2, 4, 9 ]
    } ]
  }, {
    "id" : "a3dc848f-8dd4-4ade-a89c-bfdc6d22206c",
    "orbit" : "3",
    "name" : "medium",
    "vertices" : [ {
      "x" : -10.641452,
      "y" : -5.1373925,
      "z" : -0.26666668
    }, {
      "x" : -10.541452,
      "y" : -5.0373926,
      "z" : 0.13333334
    }, {
      "x" : -0.44871795,
      "y" : -0.4076923,
      "z" : 0.26666668
    }, {
      "x" : -0.548718,
      "y" : -0.50769234,
      "z" : -0.13333334
    }, {
      "x" : -10.308119,
      "y" : -5.337393,
      "z" : 0.26666668
    }, {
      "x" : -10.408118,
      "y" : -5.4373927,
      "z" : -0.13333334
    }, {
      "x" : -0.78205127,
      "y" : -0.20769231,
      "z" : -0.26666668
    }, {
      "x" : -0.6820513,
      "y" : -0.10769231,
      "z" : 0.13333334
    } ],
    "faces" : [ {
      "vertices" : [ 2, 3, 6, 7 ]
    }, {
      "vertices" : [ 0, 5, 4, 1 ]
    }, {
      "vertices" : [ 2, 4, 5, 3 ]
    }, {
      "vertices" : [ 0, 6, 3, 5 ]
    }, {
      "vertices" : [ 0, 1, 7, 6 ]
    }, {
      "vertices" : [ 1, 4, 2, 7 ]
    } ]
  }, {
    "id" : "84c8a3c4-1cfb-4d1d-9d92-16d83ae6cf4b",
    "orbit" : "purple",
    "name" : "medium",
    "vertices" : [ {
      "x" : 0.809017,
      "y" : 0.618034,
      "z" : -0.19098301
    }, {
      "x" : 0.809017,
      "y" : 0.0,
      "z" : -0.19098301
    }, {
      "x" : 0.309017,
      "y" : 0.11803399,
      "z" : 0.0
    }, {
      "x" : 10.281153,
      "y" : 4.236068,
      "z" : 0.19098301
    }, {
      "x" : 0.809017,
      "y" : 0.618034,
      "z" : 0.19098301
    }, {
      "x" : 0.809017,
      "y" : 0.0,
      "z" : 0.19098301
    }, {
      "x" : 10.281153,
      "y" : 3.618034,
      "z" : 0.19098301
    }, {
      "x" : 10.781153,
      "y" : 4.118034,
      "z" : 0.0
    }, {
      "x" : 10.281153,
      "y" : 4.236068,
      "z" : -0.19098301
    }, {
      "x" : 11.09017,
      "y" : 4.236068,
      "z" : 0.0
    }, {
      "x" : 10.281153,
      "y" : 3.618034,
      "z" : -0.19098301
    } ],
    "faces" : [ {
      "vertices" : [ 3, 6, 7 ]
    }, {
      "vertices" : [ 3, 4, 5, 6 ]
    }, {
      "vertices" : [ 3, 7, 8 ]
    }, {
      "vertices" : [ 0, 1, 2 ]
    }, {
      "vertices" : [ 0, 8, 10, 1 ]
    }, {
      "vertices" : [ 1, 10, 6, 5 ]
    }, {
      "vertices" : [ 0, 2, 4 ]
    }, {
      "vertices" : [ 6, 10, 7 ]
    }, {
      "vertices" : [ 1, 5, 2 ]
    }, {
      "vertices" : [ 7, 10, 8 ]
    }, {
      "vertices" : [ 2, 5, 4 ]
    }, {
      "vertices" : [ 0, 4, 3, 8 ]
    } ]
  }, {
    "id" : "1a37b344-2395-4168-89fa-60baa84195f5",
    "orbit" : "blue",
    "name" : " :-3 +2*phi",
    "vertices" : [ {
      "x" : 1.0,
      "y" : 0.309017,
      "z" : 0.19098301
    }, {
      "x" : 1.0,
      "y" : -0.309017,
      "z" : 0.19098301
    }, {
      "x" : 1.0,
      "y" : -0.309017,
      "z" : 0.19098301
    }, {
      "x" : 1.0,
      "y" : 0.309017,
      "z" : 0.19098301
    }, {
      "x" : 1.0,
      "y" : -0.309017,
      "z" : -0.19098301
    }, {
      "x" : 1.0,
      "y" : 0.309017,
      "z" : -0.19098301
    }, {
      "x" : 1.618034,
      "y" : 0.0,
      "z" : 0.0
    }, {
      "x" : 0.38196602,
      "y" : 0.0,
      "z" : 0.0
    }, {
      "x" : 1.0,
      "y" : 0.309017,
      "z" : -0.19098301
    }, {
      "x" : 1.0,
      "y" : -0.309017,
      "z" : -0.19098301
    }, {
      "x" : 2.0,
      "y" : 0.0,
      "z" : 0.0
    } ],
    "faces" : [ {
      "vertices" : [ 1, 9, 4, 2 ]
    }, {
      "vertices" : [ 0, 3, 5, 8 ]
    }, {
      "vertices" : [ 1, 7, 9 ]
    }, {
      "vertices" : [ 0, 1, 2, 3 ]
    }, {
      "vertices" : [ 7, 8, 9 ]
    }, {
      "vertices" : [ 0, 7, 1 ]
    }, {
      "vertices" : [ 4, 9, 8, 5 ]
    }, {
      "vertices" : [ 2, 6, 3 ]
    }, {
      "vertices" : [ 2, 4, 6 ]
    }, {
      "vertices" : [ 3, 6, 5 ]
    }, {
      "vertices" : [ 4, 5, 6 ]
    }, {
      "vertices" : [ 0, 8, 7 ]
    } ]
  }, {
    "id" : "273eb430-9b99-4e44-8214-538949780db9",
    "orbit" : "sulfur",
    "name" : " :1/3 +2/3*phi",
    "vertices" : [ {
      "x" : 1.145898,
      "y" : -0.072949015,
      "z" : 0.19098301
    }, {
      "x" : 1.145898,
      "y" : 0.54508495,
      "z" : 0.19098301
    }, {
      "x" : 0.4376941,
      "y" : 0.090169944,
      "z" : 0.0
    }, {
      "x" : 1.145898,
      "y" : 0.54508495,
      "z" : -0.19098301
    }, {
      "x" : 9.5065775,
      "y" : 2.2674797,
      "z" : -0.19098301
    }, {
      "x" : 9.5065775,
      "y" : 1.6494458,
      "z" : -0.19098301
    }, {
      "x" : 1.145898,
      "y" : -0.072949015,
      "z" : -0.19098301
    }, {
      "x" : 9.5065775,
      "y" : 1.6494458,
      "z" : 0.19098301
    }, {
      "x" : 9.5065775,
      "y" : 2.2674797,
      "z" : 0.19098301
    }, {
      "x" : 10.214782,
      "y" : 2.1043608,
      "z" : 0.0
    }, {
      "x" : 11.09017,
      "y" : 2.2847006,
      "z" : 0.0
    } ],
    "faces" : [ {
      "vertices" : [ 0, 7, 8, 1 ]
    }, {
      "vertices" : [ 1, 8, 4, 3 ]
    }, {
      "vertices" : [ 3, 4, 5, 6 ]
    }, {
      "vertices" : [ 4, 9, 5 ]
    }, {
      "vertices" : [ 0, 6, 5, 7 ]
    }, {
      "vertices" : [ 0, 1, 2 ]
    }, {
      "vertices" : [ 5, 9, 7 ]
    }, {
      "vertices" : [ 4, 8, 9 ]
    }, {
      "vertices" : [ 1, 3, 2 ]
    }, {
      "vertices" : [ 7, 9, 8 ]
    }, {
      "vertices" : [ 0, 2, 6 ]
    }, {
      "vertices" : [ 2, 3, 6 ]
    } ]
  }, {
    "id" : "19394b77-cf7c-4add-bbb7-1538b29873fd",
    "orbit" : "green",
    "name" : " :1/2*phi",
    "vertices" : [ {
      "x" : 8.663119,
      "y" : 3.309017,
      "z" : -1.263932
    }, {
      "x" : 8.281153,
      "y" : 2.854102,
      "z" : -1.072949
    }, {
      "x" : 8.118034,
      "y" : 3.118034,
      "z" : -1.5
    }, {
      "x" : 8.045085,
      "y" : 3.381966,
      "z" : -1.309017
    }, {
      "x" : 0.85410196,
      "y" : 0.309017,
      "z" : 0.19098301
    }, {
      "x" : 0.690983,
      "y" : 0.572949,
      "z" : -0.23606798
    }, {
      "x" : 0.309017,
      "y" : 0.11803399,
      "z" : -0.045084972
    }, {
      "x" : 0.76393205,
      "y" : 0.309017,
      "z" : -0.42705098
    }, {
      "x" : 0.927051,
      "y" : 0.045084972,
      "z" : 0.0
    }, {
      "x" : 8.208204,
      "y" : 3.118034,
      "z" : -0.881966
    }, {
      "x" : 8.972136,
      "y" : 3.427051,
      "z" : -1.309017
    } ],
    "faces" : [ {
      "vertices" : [ 2, 7, 5, 3 ]
    }, {
      "vertices" : [ 1, 8, 7, 2 ]
    }, {
      "vertices" : [ 4, 6, 8 ]
    }, {
      "vertices" : [ 5, 7, 6 ]
    }, {
      "vertices" : [ 0, 1, 2 ]
    }, {
      "vertices" : [ 0, 2, 3 ]
    }, {
      "vertices" : [ 6, 7, 8 ]
    }, {
      "vertices" : [ 3, 5, 4, 9 ]
    }, {
      "vertices" : [ 1, 9, 4, 8 ]
    }, {
      "vertices" : [ 0, 9, 1 ]
    }, {
      "vertices" : [ 0, 3, 9 ]
    }, {
      "vertices" : [ 4, 5, 6 ]
    } ]
  }, {
    "id" : "77dbd7d0-254b-4bb3-aedc-7cbc0e2c265f",
    "orbit" : "0",
    "name" : "short",
    "vertices" : [ {
      "x" : -2.9193587,
      "y" : -6.305384,
      "z" : 0.13333334
    }, {
      "x" : -3.0193586,
      "y" : -6.405384,
      "z" : -0.26666668
    }, {
      "x" : -0.50769234,
      "y" : -0.548718,
      "z" : -0.13333334
    }, {
      "x" : -0.4076923,
      "y" : -0.44871795,
      "z" : 0.26666668
    }, {
      "x" : -3.3193586,
      "y" : -6.1720505,
      "z" : -0.13333334
    }, {
      "x" : -3.2193587,
      "y" : -6.0720506,
      "z" : 0.26666668
    }, {
      "x" : -0.10769231,
      "y" : -0.6820513,
      "z" : 0.13333334
    }, {
      "x" : -0.20769231,
      "y" : -0.78205127,
      "z" : -0.26666668
    } ],
    "faces" : [ {
      "vertices" : [ 2, 3, 6, 7 ]
    }, {
      "vertices" : [ 0, 5, 4, 1 ]
    }, {
      "vertices" : [ 2, 4, 5, 3 ]
    }, {
      "vertices" : [ 0, 6, 3, 5 ]
    }, {
      "vertices" : [ 0, 1, 7, 6 ]
    }, {
      "vertices" : [ 1, 4, 2, 7 ]
    } ]
  }, {
    "id" : "a940a659-b4d1-4d47-b36b-a972e3784e6f",
    "orbit" : "lavender",
    "name" : " :1/5 +3/5*phi",
    "vertices" : [ {
      "x" : 1.8042573,
      "y" : 7.6429563,
      "z" : 1.8042573
    }, {
      "x" : 1.4673762,
      "y" : 7.0249224,
      "z" : 1.3493422
    }, {
      "x" : 1.3493422,
      "y" : 7.215905,
      "z" : 1.6583592
    }, {
      "x" : 0.090169944,
      "y" : 0.38196602,
      "z" : 0.090169944
    }, {
      "x" : -0.072949015,
      "y" : 1.190983,
      "z" : 0.23606798
    }, {
      "x" : 0.045084972,
      "y" : 1.0,
      "z" : -0.072949015
    }, {
      "x" : 1.8493422,
      "y" : 7.0249224,
      "z" : 1.9673762
    }, {
      "x" : 0.54508495,
      "y" : 0.809017,
      "z" : 0.23606798
    }, {
      "x" : 1.9673762,
      "y" : 6.8339396,
      "z" : 1.6583592
    }, {
      "x" : 1.8944272,
      "y" : 8.024922,
      "z" : 1.8944272
    }, {
      "x" : 0.42705098,
      "y" : 1.0,
      "z" : 0.54508495
    } ],
    "faces" : [ {
      "vertices" : [ 3, 10, 4 ]
    }, {
      "vertices" : [ 0, 1, 2 ]
    }, {
      "vertices" : [ 3, 7, 10 ]
    }, {
      "vertices" : [ 1, 8, 7, 5 ]
    }, {
      "vertices" : [ 2, 4, 10, 6 ]
    }, {
      "vertices" : [ 0, 2, 6 ]
    }, {
      "vertices" : [ 0, 8, 1 ]
    }, {
      "vertices" : [ 3, 4, 5 ]
    }, {
      "vertices" : [ 1, 5, 4, 2 ]
    }, {
      "vertices" : [ 0, 6, 8 ]
    }, {
      "vertices" : [ 6, 10, 7, 8 ]
    }, {
      "vertices" : [ 3, 5, 7 ]
    } ]
  }, {
    "id" : "9f66ea08-87f4-4a5c-8642-dad6d8c14e55",
    "orbit" : "maroon",
    "name" : "medium",
    "vertices" : [ {
      "x" : 4.045085,
      "y" : 8.618034,
      "z" : -3.545085
    }, {
      "x" : 0.14589803,
      "y" : 0.32623792,
      "z" : -0.14589803
    }, {
      "x" : 0.690983,
      "y" : 0.66311896,
      "z" : -0.38196602
    }, {
      "x" : 0.572949,
      "y" : 0.85410196,
      "z" : -0.072949015
    }, {
      "x" : 4.09017,
      "y" : 9.145898,
      "z" : -4.09017
    }, {
      "x" : 4.163119,
      "y" : 8.427051,
      "z" : -3.854102
    }, {
      "x" : 3.6405764,
      "y" : 8.581559,
      "z" : -4.149187
    }, {
      "x" : 3.5225425,
      "y" : 8.772543,
      "z" : -3.84017
    }, {
      "x" : 0.16844052,
      "y" : 0.81762743,
      "z" : -0.677051
    }, {
      "x" : 0.05040653,
      "y" : 1.0086105,
      "z" : -0.36803398
    }, {
      "x" : 4.236068,
      "y" : 9.472136,
      "z" : -4.236068
    } ],
    "faces" : [ {
      "vertices" : [ 4, 6, 7 ]
    }, {
      "vertices" : [ 1, 9, 8 ]
    }, {
      "vertices" : [ 0, 7, 9, 3 ]
    }, {
      "vertices" : [ 2, 8, 6, 5 ]
    }, {
      "vertices" : [ 1, 2, 3 ]
    }, {
      "vertices" : [ 0, 5, 4 ]
    }, {
      "vertices" : [ 0, 3, 2, 5 ]
    }, {
      "vertices" : [ 0, 4, 7 ]
    }, {
      "vertices" : [ 1, 8, 2 ]
    }, {
      "vertices" : [ 1, 3, 9 ]
    }, {
      "vertices" : [ 6, 8, 9, 7 ]
    }, {
      "vertices" : [ 4, 5, 6 ]
    } ]
  }, {
    "id" : "dfe85a25-f767-4a30-8fcf-684d14b49b56",
    "orbit" : "navy",
    "name" : "short",
    "vertices" : [ {
      "x" : 5.527864,
      "y" : 6.472136,
      "z" : 0.0
    }, {
      "x" : 4.809017,
      "y" : 5.854102,
      "z" : 0.309017
    }, {
      "x" : 5.309017,
      "y" : 5.663119,
      "z" : 0.0
    }, {
      "x" : 5.190983,
      "y" : 5.854102,
      "z" : -0.309017
    }, {
      "x" : 4.690983,
      "y" : 6.045085,
      "z" : 0.0
    }, {
      "x" : 0.54508495,
      "y" : 1.190983,
      "z" : 0.0
    }, {
      "x" : 0.66311896,
      "y" : 1.0,
      "z" : 0.309017
    }, {
      "x" : 1.163119,
      "y" : 0.809017,
      "z" : 0.0
    }, {
      "x" : 1.045085,
      "y" : 1.0,
      "z" : -0.309017
    }, {
      "x" : 0.32623792,
      "y" : 0.38196602,
      "z" : 0.0
    }, {
      "x" : 5.854102,
      "y" : 6.854102,
      "z" : 0.0
    } ],
    "faces" : [ {
      "vertices" : [ 1, 4, 5, 6 ]
    }, {
      "vertices" : [ 1, 6, 7, 2 ]
    }, {
      "vertices" : [ 0, 1, 2 ]
    }, {
      "vertices" : [ 2, 7, 8, 3 ]
    }, {
      "vertices" : [ 5, 9, 6 ]
    }, {
      "vertices" : [ 3, 8, 5, 4 ]
    }, {
      "vertices" : [ 0, 2, 3 ]
    }, {
      "vertices" : [ 0, 4, 1 ]
    }, {
      "vertices" : [ 6, 9, 7 ]
    }, {
      "vertices" : [ 5, 8, 9 ]
    }, {
      "vertices" : [ 0, 3, 4 ]
    }, {
      "vertices" : [ 7, 9, 8 ]
    } ]
  }, {
    "id" : "395d9f43-19b3-412a-a5d9-9043abb6a612",
    "vertices" : [ {
      "x" : 0.0,
      "y" : 0.0,
      "z" : 0.0
    }, {
      "x" : 0.0,
      "y" : -11.09017,
      "z" : 6.854102
    }, {
      "x" : 0.0,
      "y" : -22.18034,
      "z" : 0.0
    }, {
      "x" : 0.0,
      "y" : -11.09017,
      "z" : -6.854102
    } ],
    "faces" : [ {
      "vertices" : [ 0, 1, 2, 3 ]
    }, {
      "vertices" : [ 0, 3, 2, 1 ]
    } ]
  }, {
    "id" : "278f4f75-5b06-45d1-adf9-5c02e7a57993",
    "vertices" : [ {
      "x" : 0.0,
      "y" : 0.0,
      "z" : 0.0
    }, {
      "x" : 0.0,
      "y" : 11.09017,
      "z" : -6.854102
    }, {
      "x" : 0.0,
      "y" : 22.18034,
      "z" : 0.0
    }, {
      "x" : 0.0,
      "y" : 11.09017,
      "z" : 6.854102
    } ],
    "faces" : [ {
      "vertices" : [ 0, 1, 2, 3 ]
    }, {
      "vertices" : [ 0, 3, 2, 1 ]
    } ]
  }, {
    "id" : "238e3c9f-8ad2-47dc-b5b0-d1ebac6a090c",
    "orbit" : "maroon",
    "name" : " :2*phi",
    "vertices" : [ {
      "x" : 8.281153,
      "y" : 18.09017,
      "z" : -7.7811527
    }, {
      "x" : 0.14589803,
      "y" : 0.32623792,
      "z" : -0.14589803
    }, {
      "x" : 0.690983,
      "y" : 0.66311896,
      "z" : -0.38196602
    }, {
      "x" : 0.572949,
      "y" : 0.85410196,
      "z" : -0.072949015
    }, {
      "x" : 8.326238,
      "y" : 18.618034,
      "z" : -8.326238
    }, {
      "x" : 8.399187,
      "y" : 17.899187,
      "z" : -8.09017
    }, {
      "x" : 7.8766446,
      "y" : 18.053696,
      "z" : -8.385255
    }, {
      "x" : 7.7586102,
      "y" : 18.244678,
      "z" : -8.076238
    }, {
      "x" : 0.16844052,
      "y" : 0.81762743,
      "z" : -0.677051
    }, {
      "x" : 0.05040653,
      "y" : 1.0086105,
      "z" : -0.36803398
    }, {
      "x" : 8.472136,
      "y" : 18.944271,
      "z" : -8.472136
    } ],
    "faces" : [ {
      "vertices" : [ 4, 6, 7 ]
    }, {
      "vertices" : [ 1, 9, 8 ]
    }, {
      "vertices" : [ 0, 7, 9, 3 ]
    }, {
      "vertices" : [ 2, 8, 6, 5 ]
    }, {
      "vertices" : [ 1, 2, 3 ]
    }, {
      "vertices" : [ 0, 5, 4 ]
    }, {
      "vertices" : [ 0, 3, 2, 5 ]
    }, {
      "vertices" : [ 0, 4, 7 ]
    }, {
      "vertices" : [ 1, 8, 2 ]
    }, {
      "vertices" : [ 1, 3, 9 ]
    }, {
      "vertices" : [ 6, 8, 9, 7 ]
    }, {
      "vertices" : [ 4, 5, 6 ]
    } ]
  }, {
    "id" : "d46f1eba-9ad3-4f34-83f3-c87e88241dd6",
    "orbit" : "sulfur",
    "name" : " :2/3 +4/3*phi",
    "vertices" : [ {
      "x" : 1.145898,
      "y" : -0.072949015,
      "z" : 0.19098301
    }, {
      "x" : 1.145898,
      "y" : 0.54508495,
      "z" : 0.19098301
    }, {
      "x" : 0.4376941,
      "y" : 0.090169944,
      "z" : 0.0
    }, {
      "x" : 1.145898,
      "y" : 0.54508495,
      "z" : -0.19098301
    }, {
      "x" : 20.596748,
      "y" : 4.5521803,
      "z" : -0.19098301
    }, {
      "x" : 20.596748,
