{
  "field" : "golden",
  "symmetry" : "icosahedral",
  "orientations" : [ [ 1.0, 0.0, 0.0, 0.0, 0.0, 1.0, 0.0, 0.0, 0.0, 0.0, 1.0, 0.0, 0.0, 0.0, 0.0, 1.0 ], [ 0.0, 0.0, 1.0, 0.0, 1.0, 0.0, 0.0, 0.0, 0.0, 1.0, 0.0, 0.0, 0.0, 0.0, 0.0, 1.0 ], [ 0.0, 1.0, 0.0, 0.0, 0.0, 0.0, 1.0, 0.0, 1.0, 0.0, 0.0, 0.0, 0.0, 0.0, 0.0, 1.0 ], [ 0.809017, 0.309017, 0.5, 0.0, 0.309017, 0.5, -0.809017, 0.0, -0.5, 0.809017, 0.309017, 0.0, 0.0, 0.0, 0.0, 1.0 ], [ -0.5, 0.809017, 0.309017, 0.0, 0.809017, 0.309017, 0.5, 0.0, 0.309017, 0.5, -0.809017, 0.0, 0.0, 0.0, 0.0, 1.0 ], [ 0.309017, 0.5, -0.809017, 0.0, -0.5, 0.809017, 0.309017, 0.0, 0.809017, 0.309017, 0.5, 0.0, 0.0, 0.0, 0.0, 1.0 ], [ 0.5, 0.809017, 0.309017, 0.0, 0.809017, -0.309017, -0.5, 0.0, -0.309017, 0.5, -0.809017, 0.0, 0.0, 0.0, 0.0, 1.0 ], [ -0.309017, 0.5, -0.809017, 0.0, 0.5, 0.809017, 0.309017, 0.0, 0.809017, -0.309017, -0.5, 0.0, 0.0, 0.0, 0.0, 1.0 ], [ 0.809017, -0.309017, -0.5, 0.0, -0.309017, 0.5, -0.809017, 0.0, 0.5, 0.809017, 0.309017, 0.0, 0.0, 0.0, 0.0, 1.0 ], [ 0.5, 0.809017, -0.309017, 0.0, 0.809017, -0.309017, 0.5, 0.0, 0.309017, -0.5, -0.809017, 0.0, 0.0, 0.0, 0.0, 1.0 ], [ 0.309017, -0.5, -0.809017, 0.0, 0.5, 0.809017, -0.309017, 0.0, 0.809017, -0.309017, 0.5, 0.0, 0.0, 0.0, 0.0, 1.0 ], [ 0.809017, -0.309017, 0.5, 0.0, 0.309017, -0.5, -0.809017, 0.0, 0.5, 0.809017, -0.309017, 0.0, 0.0, 0.0, 0.0, 1.0 ], [ 0.809017, 0.309017, -0.5, 0.0, 0.309017, 0.5, 0.809017, 0.0, 0.5, -0.809017, 0.309017, 0.0, 0.0, 0.0, 0.0, 1.0 ], [ 0.5, -0.809017, 0.309017, 0.0, 0.809017, 0.309017, -0.5, 0.0, 0.309017, 0.5, 0.809017, 0.0, 0.0, 0.0, 0.0, 1.0 ], [ 0.309017, 0.5, 0.809017, 0.0, 0.5, -0.809017, 0.309017, 0.0, 0.809017, 0.309017, -0.5, 0.0, 0.0, 0.0, 0.0, 1.0 ], [ 1.0, 0.0, 0.0, 0.0, 0.0, -1.0, 0.0, 0.0, 0.0, 0.0, -1.0, 0.0, 0.0, 0.0, 0.0, 1.0 ], [ 0.0, 0.0, 1.0, 0.0, -1.0, 0.0, 0.0, 0.0, 0.0, -1.0, 0.0, 0.0, 0.0, 0.0, 0.0, 1.0 ], [ 0.0, 1.0, 0.0, 0.0, 0.0, 0.0, -1.0, 0.0, -1.0, 0.0, 0.0, 0.0, 0.0, 0.0, 0.0, 1.0 ], [ 0.809017, 0.309017, 0.5, 0.0, -0.309017, -0.5, 0.809017, 0.0, 0.5, -0.809017, -0.309017, 0.0, 0.0, 0.0, 0.0, 1.0 ], [ -0.5, 0.809017, 0.309017, 0.0, -0.809017, -0.309017, -0.5, 0.0, -0.309017, -0.5, 0.809017, 0.0, 0.0, 0.0, 0.0, 1.0 ], [ 0.309017, 0.5, -0.809017, 0.0, 0.5, -0.809017, -0.309017, 0.0, -0.809017, -0.309017, -0.5, 0.0, 0.0, 0.0, 0.0, 1.0 ], [ 0.5, 0.809017, 0.309017, 0.0, -0.809017, 0.309017, 0.5, 0.0, 0.309017, -0.5, 0.809017, 0.0, 0.0, 0.0, 0.0, 1.0 ], [ -0.309017, 0.5, -0.809017, 0.0, -0.5, -0.809017, -0.309017, 0.0, -0.809017, 0.309017, 0.5, 0.0, 0.0, 0.0, 0.0, 1.0 ], [ 0.809017, -0.309017, -0.5, 0.0, 0.309017, -0.5, 0.809017, 0.0, -0.5, -0.809017, -0.309017, 0.0, 0.0, 0.0, 0.0, 1.0 ], [ 0.5, 0.809017, -0.309017, 0.0, -0.809017, 0.309017, -0.5, 0.0, -0.309017, 0.5, 0.809017, 0.0, 0.0, 0.0, 0.0, 1.0 ], [ 0.309017, -0.5, -0.809017, 0.0, -0.5, -0.809017, 0.309017, 0.0, -0.809017, 0.309017, -0.5, 0.0, 0.0, 0.0, 0.0, 1.0 ], [ 0.809017, -0.309017, 0.5, 0.0, -0.309017, 0.5, 0.809017, 0.0, -0.5, -0.809017, 0.309017, 0.0, 0.0, 0.0, 0.0, 1.0 ], [ 0.809017, 0.309017, -0.5, 0.0, -0.309017, -0.5, -0.809017, 0.0, -0.5, 0.809017, -0.309017, 0.0, 0.0, 0.0, 0.0, 1.0 ], [ 0.5, -0.809017, 0.309017, 0.0, -0.809017, -0.309017, 0.5, 0.0, -0.309017, -0.5, -0.809017, 0.0, 0.0, 0.0, 0.0, 1.0 ], [ 0.309017, 0.5, 0.809017, 0.0, -0.5, 0.809017, -0.309017, 0.0, -0.809017, -0.309017, 0.5, 0.0, 0.0, 0.0, 0.0, 1.0 ], [ -1.0, 0.0, 0.0, 0.0, 0.0, -1.0, 0.0, 0.0, 0.0, 0.0, 1.0, 0.0, 0.0, 0.0, 0.0, 1.0 ], [ 0.0, 0.0, -1.0, 0.0, -1.0, 0.0, 0.0, 0.0, 0.0, 1.0, 0.0, 0.0, 0.0, 0.0, 0.0, 1.0 ], [ 0.0, -1.0, 0.0, 0.0, 0.0, 0.0, -1.0, 0.0, 1.0, 0.0, 0.0, 0.0, 0.0, 0.0, 0.0, 1.0 ], [ -0.809017, -0.309017, -0.5, 0.0, -0.309017, -0.5, 0.809017, 0.0, -0.5, 0.809017, 0.309017, 0.0, 0.0, 0.0, 0.0, 1.0 ], [ 0.5, -0.809017, -0.309017, 0.0, -0.809017, -0.309017, -0.5, 0.0, 0.309017, 0.5, -0.809017, 0.0, 0.0, 0.0, 0.0, 1.0 ], [ -0.309017, -0.5, 0.809017, 0.0, 0.5, -0.809017, -0.309017, 0.0, 0.809017, 0.309017, 0.5, 0.0, 0.0, 0.0, 0.0, 1.0 ], [ -0.5, -0.809017, -0.309017, 0.0, -0.809017, 0.309017, 0.5, 0.0, -0.309017, 0.5, -0.809017, 0.0, 0.0, 0.0, 0.0, 1.0 ], [ 0.309017, -0.5, 0.809017, 0.0, -0.5, -0.809017, -0.309017, 0.0, 0.809017, -0.309017, -0.5, 0.0, 0.0, 0.0, 0.0, 1.0 ], [ -0.809017, 0.309017, 0.5, 0.0, 0.309017, -0.5, 0.809017, 0.0, 0.5, 0.809017, 0.309017, 0.0, 0.0, 0.0, 0.0, 1.0 ], [ -0.5, -0.809017, 0.309017, 0.0, -0.809017, 0.309017, -0.5, 0.0, 0.309017, -0.5, -0.809017, 0.0, 0.0, 0.0, 0.0, 1.0 ], [ -0.309017, 0.5, 0.809017, 0.0, -0.5, -0.809017, 0.309017, 0.0, 0.809017, -0.309017, 0.5, 0.0, 0.0, 0.0, 0.0, 1.0 ], [ -0.809017, 0.309017, -0.5, 0.0, -0.309017, 0.5, 0.809017, 0.0, 0.5, 0.809017, -0.309017, 0.0, 0.0, 0.0, 0.0, 1.0 ], [ -0.809017, -0.309017, 0.5, 0.0, -0.309017, -0.5, -0.809017, 0.0, 0.5, -0.809017, 0.309017, 0.0, 0.0, 0.0, 0.0, 1.0 ], [ -0.5, 0.809017, -0.309017, 0.0, -0.809017, -0.309017, 0.5, 0.0, 0.309017, 0.5, 0.809017, 0.0, 0.0, 0.0, 0.0, 1.0 ], [ -0.309017, -0.5, -0.809017, 0.0, -0.5, 0.809017, -0.309017, 0.0, 0.809017, 0.309017, -0.5, 0.0, 0.0, 0.0, 0.0, 1.0 ], [ -1.0, 0.0, 0.0, 0.0, 0.0, 1.0, 0.0, 0.0, 0.0, 0.0, -1.0, 0.0, 0.0, 0.0, 0.0, 1.0 ], [ 0.0, 0.0, -1.0, 0.0, 1.0, 0.0, 0.0, 0.0, 0.0, -1.0, 0.0, 0.0, 0.0, 0.0, 0.0, 1.0 ], [ 0.0, -1.0, 0.0, 0.0, 0.0, 0.0, 1.0, 0.0, -1.0, 0.0, 0.0, 0.0, 0.0, 0.0, 0.0, 1.0 ], [ -0.809017, -0.309017, -0.5, 0.0, 0.309017, 0.5, -0.809017, 0.0, 0.5, -0.809017, -0.309017, 0.0, 0.0, 0.0, 0.0, 1.0 ], [ 0.5, -0.809017, -0.309017, 0.0, 0.809017, 0.309017, 0.5, 0.0, -0.309017, -0.5, 0.809017, 0.0, 0.0, 0.0, 0.0, 1.0 ], [ -0.309017, -0.5, 0.809017, 0.0, -0.5, 0.809017, 0.309017, 0.0, -0.809017, -0.309017, -0.5, 0.0, 0.0, 0.0, 0.0, 1.0 ], [ -0.5, -0.809017, -0.309017, 0.0, 0.809017, -0.309017, -0.5, 0.0, 0.309017, -0.5, 0.809017, 0.0, 0.0, 0.0, 0.0, 1.0 ], [ 0.309017, -0.5, 0.809017, 0.0, 0.5, 0.809017, 0.309017, 0.0, -0.809017, 0.309017, 0.5, 0.0, 0.0, 0.0, 0.0, 1.0 ], [ -0.809017, 0.309017, 0.5, 0.0, -0.309017, 0.5, -0.809017, 0.0, -0.5, -0.809017, -0.309017, 0.0, 0.0, 0.0, 0.0, 1.0 ], [ -0.5, -0.809017, 0.309017, 0.0, 0.809017, -0.309017, 0.5, 0.0, -0.309017, 0.5, 0.809017, 0.0, 0.0, 0.0, 0.0, 1.0 ], [ -0.309017, 0.5, 0.809017, 0.0, 0.5, 0.809017, -0.309017, 0.0, -0.809017, 0.309017, -0.5, 0.0, 0.0, 0.0, 0.0, 1.0 ], [ -0.809017, 0.309017, -0.5, 0.0, 0.309017, -0.5, -0.809017, 0.0, -0.5, -0.809017, 0.309017, 0.0, 0.0, 0.0, 0.0, 1.0 ], [ -0.809017, -0.309017, 0.5, 0.0, 0.309017, 0.5, 0.809017, 0.0, -0.5, 0.809017, -0.309017, 0.0, 0.0, 0.0, 0.0, 1.0 ], [ -0.5, 0.809017, -0.309017, 0.0, 0.809017, 0.309017, -0.5, 0.0, -0.309017, -0.5, -0.809017, 0.0, 0.0, 0.0, 0.0, 1.0 ], [ -0.309017, -0.5, -0.809017, 0.0, 0.5, -0.809017, 0.309017, 0.0, -0.809017, -0.309017, 0.5, 0.0, 0.0, 0.0, 0.0, 1.0 ] ],
  "lights" : {
    "ambientColor" : "#292929",
    "backgroundColor" : "#AFC8DC",
    "directionalLights" : [ {
      "direction" : {
        "x" : 1.0,
        "y" : -1.0,
        "z" : -1.0
      },
      "color" : "#EBEBE4"
    }, {
      "direction" : {
        "x" : -1.0,
        "y" : 0.0,
        "z" : 0.0
      },
      "color" : "#E4E4EB"
    }, {
      "direction" : {
        "x" : 0.0,
        "y" : 0.0,
        "z" : -1.0
      },
      "color" : "#1E1E1E"
    } ]
  },
  "camera" : {
    "stereo" : false,
    "width" : 125.257835,
    "lookDirection" : {
      "x" : 0.4689975,
      "y" : 0.36016423,
      "z" : -0.80643266
    },
    "upDirection" : {
      "x" : -0.5536589,
      "y" : -0.59149307,
      "z" : -0.5861445
    },
    "lookAtPoint" : {
      "x" : 0.0,
      "y" : 0.0,
      "z" : 0.0
    },
    "viewDistance" : 278.35007,
    "nearClipDistance" : 0.6958754,
    "farClipDistance" : 556.69934,
    "fieldOfView" : 0.44262993,
    "perspective" : false,
    "position" : {
      "x" : -130.54549,
      "y" : -100.25174,
      "z" : 224.47058
    }
  },
  "embedding" : [ 1.0, 0.0, 0.0, 0.0, 0.0, 1.0, 0.0, 0.0, 0.0, 0.0, 1.0, 0.0, 0.0, 0.0, 0.0, 1.0 ],
  "shapes" : [ {
    "id" : "cb92934b-8451-488e-a24c-73bdb2754cb9",
    "vertices" : [ {
      "x" : -2.5022166,
      "y" : 1.603929,
      "z" : -7.2416954
    }, {
      "x" : -2.4022167,
      "y" : 2.0039291,
      "z" : -7.1416955
    }, {
      "x" : -0.32182872,
      "y" : 0.42612758,
      "z" : -0.43645173
    }, {
      "x" : -0.42182872,
      "y" : 0.026127595,
      "z" : -0.5364517
    }, {
      "x" : -2.7022166,
      "y" : 2.1372623,
      "z" : -6.9083624
    }, {
      "x" : -2.8022165,
      "y" : 1.7372624,
      "z" : -7.0083623
    }, {
      "x" : -0.12182873,
      "y" : -0.10720574,
      "z" : -0.76978505
    }, {
      "x" : -0.021828732,
      "y" : 0.29279426,
      "z" : -0.6697851
    } ],
    "faces" : [ {
      "vertices" : [ 2, 3, 6 ]
    }, {
      "vertices" : [ 2, 6, 7 ]
    }, {
      "vertices" : [ 0, 5, 4 ]
    }, {
      "vertices" : [ 0, 4, 1 ]
    }, {
      "vertices" : [ 2, 4, 5 ]
    }, {
      "vertices" : [ 2, 5, 3 ]
    }, {
      "vertices" : [ 0, 6, 3 ]
    }, {
      "vertices" : [ 0, 3, 5 ]
    }, {
      "vertices" : [ 0, 1, 7 ]
    }, {
      "vertices" : [ 0, 7, 6 ]
    }, {
      "vertices" : [ 1, 4, 2 ]
    }, {
      "vertices" : [ 1, 2, 7 ]
    } ]
  }, {
    "id" : "1d955e5b-2743-495f-a15e-7859e7140abd",
    "vertices" : [ {
      "x" : 7.2416954,
      "y" : -1.603929,
      "z" : 2.5022166
    }, {
      "x" : 7.1416955,
      "y" : -2.0039291,
      "z" : 2.4022167
    }, {
      "x" : 0.43645173,
      "y" : -0.42612758,
      "z" : 0.32182872
    }, {
      "x" : 0.5364517,
      "y" : -0.026127595,
      "z" : 0.42182872
    }, {
      "x" : 6.9083624,
      "y" : -2.1372623,
      "z" : 2.7022166
    }, {
      "x" : 7.0083623,
      "y" : -1.7372624,
      "z" : 2.8022165
    }, {
      "x" : 0.76978505,
      "y" : 0.10720574,
      "z" : 0.12182873
    }, {
      "x" : 0.6697851,
      "y" : -0.29279426,
      "z" : 0.021828732
    } ],
    "faces" : [ {
      "vertices" : [ 2, 3, 6 ]
    }, {
      "vertices" : [ 2, 6, 7 ]
    }, {
      "vertices" : [ 0, 5, 4 ]
    }, {
      "vertices" : [ 0, 4, 1 ]
    }, {
      "vertices" : [ 2, 4, 5 ]
    }, {
      "vertices" : [ 2, 5, 3 ]
    }, {
      "vertices" : [ 0, 6, 3 ]
    }, {
      "vertices" : [ 0, 3, 5 ]
    }, {
      "vertices" : [ 0, 1, 7 ]
    }, {
      "vertices" : [ 0, 7, 6 ]
    }, {
      "vertices" : [ 1, 4, 2 ]
    }, {
      "vertices" : [ 1, 2, 7 ]
    } ]
  }, {
    "id" : "8c80ecf2-4e7a-43d3-9111-ced8b61de921",
    "vertices" : [ {
      "x" : -5.3703127,
      "y" : -5.1036463,
      "z" : 2.3351564
    }, {
      "x" : -5.270313,
      "y" : -5.0036464,
      "z" : 2.7351565
    }, {
      "x" : -0.2777778,
      "y" : -0.54444444,
      "z" : 0.4888889
    }, {
      "x" : -0.37777779,
      "y" : -0.64444447,
      "z" : 0.08888889
    }, {
      "x" : -5.0369797,
      "y" : -5.303646,
      "z" : 2.8684897
    }, {
      "x" : -5.1369796,
      "y" : -5.403646,
      "z" : 2.4684896
    }, {
      "x" : -0.6111111,
      "y" : -0.34444445,
      "z" : -0.044444446
    }, {
      "x" : -0.51111114,
      "y" : -0.24444444,
      "z" : 0.35555556
    } ],
    "faces" : [ {
      "vertices" : [ 2, 3, 6 ]
    }, {
      "vertices" : [ 2, 6, 7 ]
    }, {
      "vertices" : [ 0, 5, 4 ]
    }, {
      "vertices" : [ 0, 4, 1 ]
    }, {
      "vertices" : [ 2, 4, 5 ]
    }, {
      "vertices" : [ 2, 5, 3 ]
    }, {
      "vertices" : [ 0, 6, 3 ]
    }, {
      "vertices" : [ 0, 3, 5 ]
    }, {
      "vertices" : [ 0, 1, 7 ]
    }, {
      "vertices" : [ 0, 7, 6 ]
    }, {
      "vertices" : [ 1, 4, 2 ]
    }, {
      "vertices" : [ 1, 2, 7 ]
    } ]
  }, {
    "id" : "2c063753-7ff8-4b6e-baf2-010bc32aba49",
    "vertices" : [ {
      "x" : 0.309017,
      "y" : -0.309017,
      "z" : -0.309017
    }, {
      "x" : 0.5,
      "y" : 0.0,
      "z" : -0.19098301
    }, {
      "x" : 0.5,
      "y" : 0.0,
      "z" : 0.19098301
    }, {
      "x" : 0.309017,
      "y" : -0.309017,
      "z" : 0.309017
    }, {
      "x" : 0.19098301,
      "y" : -0.5,
      "z" : 0.0
    }, {
      "x" : 0.0,
      "y" : 0.19098301,
      "z" : 0.5
    }, {
      "x" : 0.0,
      "y" : -0.19098301,
      "z" : 0.5
    }, {
      "x" : 0.309017,
      "y" : 0.309017,
      "z" : 0.309017
    }, {
      "x" : -0.309017,
      "y" : -0.309017,
      "z" : 0.309017
    }, {
      "x" : -0.309017,
      "y" : 0.309017,
      "z" : 0.309017
    }, {
      "x" : -0.5,
      "y" : 0.0,
      "z" : 0.19098301
    }, {
      "x" : 0.0,
      "y" : -0.19098301,
      "z" : -0.5
    }, {
      "x" : 0.0,
      "y" : 0.19098301,
      "z" : -0.5
    }, {
      "x" : 0.309017,
      "y" : 0.309017,
      "z" : -0.309017
    }, {
      "x" : -0.309017,
      "y" : -0.309017,
      "z" : -0.309017
    }, {
      "x" : -0.19098301,
      "y" : -0.5,
      "z" : 0.0
    }, {
      "x" : -0.5,
      "y" : 0.0,
      "z" : -0.19098301
    }, {
      "x" : 0.19098301,
      "y" : 0.5,
      "z" : 0.0
    }, {
      "x" : -0.309017,
      "y" : 0.309017,
      "z" : -0.309017
    }, {
      "x" : 0.0,
      "y" : 0.0,
      "z" : 0.0
    }, {
      "x" : -0.19098301,
      "y" : 0.5,
      "z" : 0.0
    } ],
    "faces" : [ {
      "vertices" : [ 12, 18, 20 ]
    }, {
      "vertices" : [ 12, 20, 17 ]
    }, {
      "vertices" : [ 12, 17, 13 ]
    }, {
      "vertices" : [ 3, 6, 8 ]
    }, {
      "vertices" : [ 3, 8, 15 ]
    }, {
      "vertices" : [ 3, 15, 4 ]
    }, {
      "vertices" : [ 0, 11, 12 ]
    }, {
      "vertices" : [ 0, 12, 13 ]
    }, {
      "vertices" : [ 0, 13, 1 ]
    }, {
      "vertices" : [ 5, 9, 10 ]
    }, {
      "vertices" : [ 5, 10, 8 ]
    }, {
      "vertices" : [ 5, 8, 6 ]
    }, {
      "vertices" : [ 2, 7, 5 ]
    }, {
      "vertices" : [ 2, 5, 6 ]
    }, {
      "vertices" : [ 2, 6, 3 ]
    }, {
      "vertices" : [ 11, 14, 16 ]
    }, {
      "vertices" : [ 11, 16, 18 ]
    }, {
      "vertices" : [ 11, 18, 12 ]
    }, {
      "vertices" : [ 1, 13, 17 ]
    }, {
      "vertices" : [ 1, 17, 7 ]
    }, {
      "vertices" : [ 1, 7, 2 ]
    }, {
      "vertices" : [ 9, 20, 18 ]
    }, {
      "vertices" : [ 9, 18, 16 ]
    }, {
      "vertices" : [ 9, 16, 10 ]
    }, {
      "vertices" : [ 0, 1, 2 ]
    }, {
      "vertices" : [ 0, 2, 3 ]
    }, {
      "vertices" : [ 0, 3, 4 ]
    }, {
      "vertices" : [ 5, 7, 17 ]
    }, {
      "vertices" : [ 5, 17, 20 ]
    }, {
      "vertices" : [ 5, 20, 9 ]
    }, {
      "vertices" : [ 0, 4, 15 ]
    }, {
      "vertices" : [ 0, 15, 14 ]
    }, {
      "vertices" : [ 0, 14, 11 ]
    }, {
      "vertices" : [ 8, 10, 16 ]
    }, {
      "vertices" : [ 8, 16, 14 ]
    }, {
      "vertices" : [ 8, 14, 15 ]
    } ]
  }, {
    "id" : "9d62c98b-faf0-411a-8b74-5141530cf7f3",
    "vertices" : [ {
      "x" : 1.0,
      "y" : 0.309017,
      "z" : 0.19098301
    }, {
      "x" : 1.0,
      "y" : -0.309017,
      "z" : 0.19098301
    }, {
      "x" : 7.472136,
      "y" : -0.309017,
      "z" : 0.19098301
    }, {
      "x" : 7.472136,
      "y" : 0.309017,
      "z" : 0.19098301
    }, {
      "x" : 7.472136,
      "y" : -0.309017,
      "z" : -0.19098301
    }, {
      "x" : 7.472136,
      "y" : 0.309017,
      "z" : -0.19098301
    }, {
      "x" : 8.09017,
      "y" : 0.0,
      "z" : 0.0
    }, {
      "x" : 0.38196602,
      "y" : 0.0,
      "z" : 0.0
    }, {
      "x" : 1.0,
      "y" : 0.309017,
      "z" : -0.19098301
    }, {
      "x" : 1.0,
      "y" : -0.309017,
      "z" : -0.19098301
    }, {
      "x" : 8.472136,
      "y" : 0.0,
      "z" : 0.0
    } ],
    "faces" : [ {
      "vertices" : [ 1, 9, 4 ]
    }, {
      "vertices" : [ 1, 4, 2 ]
    }, {
      "vertices" : [ 0, 3, 5 ]
    }, {
      "vertices" : [ 0, 5, 8 ]
    }, {
      "vertices" : [ 1, 7, 9 ]
    }, {
      "vertices" : [ 0, 1, 2 ]
    }, {
      "vertices" : [ 0, 2, 3 ]
    }, {
      "vertices" : [ 7, 8, 9 ]
    }, {
      "vertices" : [ 0, 7, 1 ]
    }, {
      "vertices" : [ 4, 9, 8 ]
    }, {
      "vertices" : [ 4, 8, 5 ]
    }, {
      "vertices" : [ 2, 6, 3 ]
    }, {
      "vertices" : [ 2, 4, 6 ]
    }, {
      "vertices" : [ 3, 6, 5 ]
    }, {
      "vertices" : [ 4, 5, 6 ]
    }, {
      "vertices" : [ 0, 8, 7 ]
    } ]
  }, {
    "id" : "9663b5ec-61bd-4f75-af24-50c5109fd6c8",
    "vertices" : [ {
      "x" : 5.648091,
      "y" : 5.648091,
      "z" : -2.8240454
    }, {
      "x" : 11.296182,
      "y" : 2.8240454,
      "z" : 2.8240454
    }, {
      "x" : 8.472136,
      "y" : 8.472136,
      "z" : 8.472136
    }, {
      "x" : 2.8240454,
      "y" : 11.296182,
      "z" : 2.8240454
    } ],
    "faces" : [ {
      "vertices" : [ 0, 1, 2 ]
    }, {
      "vertices" : [ 0, 2, 3 ]
    }, {
      "vertices" : [ 0, 3, 2 ]
    }, {
      "vertices" : [ 0, 2, 1 ]
    } ]
  }, {
    "id" : "30226ffb-16df-40fa-89f7-c64204c9adf2",
    "vertices" : [ {
      "x" : 16.944271,
      "y" : 16.944271,
      "z" : 16.944271
    }, {
      "x" : 11.296182,
      "y" : 19.768318,
      "z" : 11.296182
    }, {
      "x" : 5.648091,
      "y" : 14.120227,
      "z" : 14.120227
    }, {
      "x" : 11.296182,
      "y" : 11.296182,
      "z" : 19.768318
    } ],
    "faces" : [ {
      "vertices" : [ 0, 1, 2 ]
    }, {
      "vertices" : [ 0, 2, 3 ]
    }, {
      "vertices" : [ 0, 3, 2 ]
    }, {
      "vertices" : [ 0, 2, 1 ]
    } ]
  }, {
    "id" : "d715271d-1a15-40ef-a863-b003c0a2ce0f",
    "vertices" : [ {
      "x" : -11.296182,
      "y" : -11.296182,
      "z" : -19.768318
    }, {
      "x" : -5.648091,
      "y" : -14.120227,
      "z" : -14.120227
    }, {
      "x" : -8.472136,
      "y" : -8.472136,
      "z" : -8.472136
    }, {
      "x" : -14.120227,
      "y" : -5.648091,
      "z" : -14.120227
    } ],
    "faces" : [ {
      "vertices" : [ 0, 1, 2 ]
    }, {
      "vertices" : [ 0, 2, 3 ]
    }, {
      "vertices" : [ 0, 3, 2 ]
    }, {
      "vertices" : [ 0, 2, 1 ]
    } ]
  }, {
    "id" : "35bd7802-0ea6-4f81-8be2-e1de7d888710",
    "vertices" : [ {
      "x" : -16.944271,
      "y" : -16.944271,
      "z" : -16.944271
    }, {
      "x" : -11.296182,
      "y" : -19.768318,
      "z" : -11.296182
    }, {
      "x" : -5.648091,
      "y" : -14.120227,
      "z" : -14.120227
    }, {
      "x" : -11.296182,
      "y" : -11.296182,
      "z" : -19.768318
    } ],
    "faces" : [ {
      "vertices" : [ 0, 1, 2 ]
    }, {
      "vertices" : [ 0, 2, 3 ]
    }, {
      "vertices" : [ 0, 3, 2 ]
    }, {
      "vertices" : [ 0, 2, 1 ]
    } ]
  }, {
    "id" : "a539cd16-96ac-405c-aed4-3d87697ee06c",
    "vertices" : [ {
      "x" : 16.944271,
      "y" : 16.944271,
      "z" : 16.944271
    }, {
      "x" : 11.296182,
      "y" : 11.296182,
      "z" : 19.768318
    }, {
      "x" : 14.120227,
      "y" : 5.648091,
      "z" : 14.120227
    }, {
      "x" : 19.768318,
      "y" : 11.296182,
      "z" : 11.296182
    } ],
    "faces" : [ {
      "vertices" : [ 0, 1, 2 ]
    }, {
      "vertices" : [ 0, 2, 3 ]
    }, {
      "vertices" : [ 0, 3, 2 ]
    }, {
      "vertices" : [ 0, 2, 1 ]
    } ]
  }, {
    "id" : "4f0d0a1a-fdb6-4984-b5ff-cde50843c8f5",
    "vertices" : [ {
      "x" : -11.296182,
      "y" : -19.768318,
      "z" : -11.296182
    }, {
      "x" : -14.120227,
      "y" : -14.120227,
      "z" : -5.648091
    }, {
      "x" : -8.472136,
      "y" : -8.472136,
      "z" : -8.472136
    }, {
      "x" : -5.648091,
      "y" : -14.120227,
      "z" : -14.120227
    } ],
    "faces" : [ {
      "vertices" : [ 0, 1, 2 ]
    }, {
      "vertices" : [ 0, 2, 3 ]
    }, {
      "vertices" : [ 0, 3, 2 ]
    }, {
      "vertices" : [ 0, 2, 1 ]
    } ]
  }, {
    "id" : "52cef3f8-a86a-4502-878b-f6b7a3944b45",
    "vertices" : [ {
      "x" : 0.0,
      "y" : 0.0,
      "z" : 0.0
    }, {
      "x" : -2.8240454,
      "y" : 5.648091,
      "z" : 5.648091
    }, {
      "x" : 2.8240454,
      "y" : 2.8240454,
      "z" : 11.296182
    }, {
      "x" : 5.648091,
      "y" : -2.8240454,
      "z" : 5.648091
    } ],
    "faces" : [ {
      "vertices" : [ 0, 1, 2 ]
    }, {
      "vertices" : [ 0, 2, 3 ]
    }, {
      "vertices" : [ 0, 3, 2 ]
    }, {
      "vertices" : [ 0, 2, 1 ]
    } ]
  }, {
    "id" : "75050eab-35e2-43fc-b32b-86441c04c0ff",
    "vertices" : [ {
      "x" : 0.0,
      "y" : 0.0,
      "z" : 0.0
    }, {
      "x" : 2.0300567,
      "y" : -7.6781473,
      "z" : -2.8240454
    }, {
      "x" : -0.79398865,
      "y" : -5.648091,
      "z" : -10.5021925
    }, {
      "x" : -2.8240454,
      "y" : 2.0300567,
      "z" : -7.6781473
    } ],
    "faces" : [ {
      "vertices" : [ 0, 1, 2 ]
    }, {
      "vertices" : [ 0, 2, 3 ]
    }, {
      "vertices" : [ 0, 3, 2 ]
    }, {
      "vertices" : [ 0, 2, 1 ]
    } ]
  }, {
    "id" : "6dbb5acd-87c9-4d76-a0a9-b0f213eb6e57",
    "vertices" : [ {
      "x" : 0.0,
      "y" : 0.0,
      "z" : 0.0
    }, {
      "x" : 5.648091,
      "y" : 5.648091,
      "z" : -2.8240454
    }, {
      "x" : 2.8240454,
      "y" : 11.296182,
      "z" : 2.8240454
    }, {
      "x" : -2.8240454,
      "y" : 5.648091,
      "z" : 5.648091
    } ],
    "faces" : [ {
      "vertices" : [ 0, 1, 2 ]
    }, {
      "vertices" : [ 0, 2, 3 ]
    }, {
      "vertices" : [ 0, 3, 2 ]
    }, {
      "vertices" : [ 0, 2, 1 ]
    } ]
  }, {
    "id" : "9e8c4fe5-5b4b-48fd-80ab-48f9aa30e024",
    "vertices" : [ {
      "x" : 0.0,
      "y" : 0.0,
      "z" : 0.0
    }, {
      "x" : 5.648091,
      "y" : -2.8240454,
      "z" : 5.648091
    }, {
      "x" : 11.296182,
      "y" : 2.8240454,
      "z" : 2.8240454
    }, {
      "x" : 5.648091,
      "y" : 5.648091,
      "z" : -2.8240454
    } ],
    "faces" : [ {
      "vertices" : [ 0, 1, 2 ]
    }, {
      "vertices" : [ 0, 2, 3 ]
    }, {
      "vertices" : [ 0, 3, 2 ]
    }, {
      "vertices" : [ 0, 2, 1 ]
    } ]
  }, {
    "id" : "864bbfd0-66c3-4ed6-b186-ffe54cb86a49",
    "vertices" : [ {
      "x" : 5.648091,
      "y" : -2.8240454,
      "z" : 5.648091
    }, {
      "x" : 2.8240454,
      "y" : 2.8240454,
      "z" : 11.296182
    }, {
      "x" : 8.472136,
      "y" : 8.472136,
      "z" : 8.472136
    }, {
      "x" : 11.296182,
      "y" : 2.8240454,
      "z" : 2.8240454
    } ],
    "faces" : [ {
      "vertices" : [ 0, 1, 2 ]
    }, {
      "vertices" : [ 0, 2, 3 ]
    }, {
      "vertices" : [ 0, 3, 2 ]
    }, {
      "vertices" : [ 0, 2, 1 ]
    } ]
  }, {
    "id" : "cc9601bb-de24-4657-a696-58f834c603a4",
    "vertices" : [ {
      "x" : 0.0,
      "y" : 0.0,
      "z" : 0.0
    }, {
      "x" : -7.6781473,
      "y" : -2.8240454,
      "z" : 2.0300567
    }, {
      "x" : -5.648091,
      "y" : -10.5021925,
      "z" : -0.79398865
    }, {
      "x" : 2.0300567,
      "y" : -7.6781473,
      "z" : -2.8240454
    } ],
    "faces" : [ {
      "vertices" : [ 0, 1, 2 ]
    }, {
      "vertices" : [ 0, 2, 3 ]
    }, {
      "vertices" : [ 0, 3, 2 ]
    }, {
      "vertices" : [ 0, 2, 1 ]
    } ]
  }, {
    "id" : "b282f734-4248-4d4e-86f6-fcf7e651ef69",
    "vertices" : [ {
      "x" : -16.944271,
      "y" : -16.944271,
      "z" : -16.944271
    }, {
      "x" : -19.768318,
      "y" : -11.296182,
      "z" : -11.296182
    }, {
      "x" : -14.120227,
      "y" : -14.120227,
      "z" : -5.648091
    }, {
      "x" : -11.296182,
      "y" : -19.768318,
      "z" : -11.296182
    } ],
    "faces" : [ {
      "vertices" : [ 0, 1, 2 ]
    }, {
      "vertices" : [ 0, 2, 3 ]
    }, {
      "vertices" : [ 0, 3, 2 ]
    }, {
      "vertices" : [ 0, 2, 1 ]
    } ]
  }, {
    "id" : "cf25d657-807e-40a3-9d61-e247f937edfc",
    "vertices" : [ {
      "x" : 2.0300567,
      "y" : -7.6781473,
      "z" : -2.8240454
    }, {
      "x" : -5.648091,
      "y" : -10.5021925,
      "z" : -0.79398865
    }, {
      "x" : -8.472136,
      "y" : -8.472136,
      "z" : -8.472136
    }, {
      "x" : -0.79398865,
      "y" : -5.648091,
      "z" : -10.5021925
    } ],
    "faces" : [ {
      "vertices" : [ 0, 1, 2 ]
    }, {
      "vertices" : [ 0, 2, 3 ]
    }, {
      "vertices" : [ 0, 3, 2 ]
    }, {
      "vertices" : [ 0, 2, 1 ]
    } ]
  }, {
    "id" : "d9a9185f-7ee3-48e7-8ae2-9f0980ce8be3",
    "vertices" : [ {
      "x" : -16.944271,
      "y" : -16.944271,
      "z" : -16.944271
    }, {
      "x" : -11.296182,
      "y" : -11.296182,
      "z" : -19.768318
    }, {
      "x" : -14.120227,
      "y" : -5.648091,
      "z" : -14.120227
    }, {
      "x" : -19.768318,
      "y" : -11.296182,
      "z" : -11.296182
    } ],
    "faces" : [ {
      "vertices" : [ 0, 1, 2 ]
    }, {
      "vertices" : [ 0, 2, 3 ]
    }, {
      "vertices" : [ 0, 3, 2 ]
    }, {
      "vertices" : [ 0, 2, 1 ]
    } ]
  }, {
    "id" : "86d69b7a-67fd-48b3-966e-7de3cdd7558e",
    "vertices" : [ {
      "x" : -7.6781473,
      "y" : -2.8240454,
      "z" : 2.0300567
    }, {
      "x" : -10.5021925,
      "y" : -0.79398865,
      "z" : -5.648091
    }, {
      "x" : -8.472136,
      "y" : -8.472136,
      "z" : -8.472136
    }, {
      "x" : -5.648091,
      "y" : -10.5021925,
      "z" : -0.79398865
    } ],
    "faces" : [ {
      "vertices" : [ 0, 1, 2 ]
    }, {
      "vertices" : [ 0, 2, 3 ]
    }, {
      "vertices" : [ 0, 3, 2 ]
    }, {
      "vertices" : [ 0, 2, 1 ]
    } ]
  }, {
    "id" : "34395daf-0bdb-47ee-9672-5265554679ed",
    "vertices" : [ {
      "x" : 19.768318,
      "y" : 11.296182,
      "z" : 11.296182
    }, {
      "x" : 14.120227,
      "y" : 5.648091,
      "z" : 14.120227
    }, {
      "x" : 8.472136,
      "y" : 8.472136,
      "z" : 8.472136
    }, {
      "x" : 14.120227,
      "y" : 14.120227,
      "z" : 5.648091
    } ],
    "faces" : [ {
      "vertices" : [ 0, 1, 2 ]
    }, {
      "vertices" : [ 0, 2, 3 ]
    }, {
      "vertices" : [ 0, 3, 2 ]
    }, {
      "vertices" : [ 0, 2, 1 ]
    } ]
  }, {
    "id" : "b81b1ba1-79eb-45dc-9789-58ee30ba770d",
    "vertices" : [ {
      "x" : 16.944271,
      "y" : 16.944271,
      "z" : 16.944271
    }, {
      "x" : 19.768318,
      "y" : 11.296182,
      "z" : 11.296182
    }, {
      "x" : 14.120227,
      "y" : 14.120227,
      "z" : 5.648091
    }, {
      "x" : 11.296182,
      "y" : 19.768318,
      "z" : 11.296182
    } ],
    "faces" : [ {
      "vertices" : [ 0, 1, 2 ]
    }, {
      "vertices" : [ 0, 2, 3 ]
    }, {
      "vertices" : [ 0, 3, 2 ]
    }, {
      "vertices" : [ 0, 2, 1 ]
    } ]
  }, {
    "id" : "83b0cc9e-1e37-44ad-ae51-9c3f628d4a0a",
    "vertices" : [ {
      "x" : -19.768318,
      "y" : -11.296182,
      "z" : -11.296182
    }, {
      "x" : -14.120227,
      "y" : -5.648091,
      "z" : -14.120227
    }, {
      "x" : -8.472136,
      "y" : -8.472136,
      "z" : -8.472136
    }, {
      "x" : -14.120227,
      "y" : -14.120227,
      "z" : -5.648091
    } ],
    "faces" : [ {
      "vertices" : [ 0, 1, 2 ]
    }, {
      "vertices" : [ 0, 2, 3 ]
    }, {
      "vertices" : [ 0, 3, 2 ]
    }, {
      "vertices" : [ 0, 2, 1 ]
    } ]
  }, {
    "id" : "bf3b2113-dafb-4a22-a83d-cc3c7e8598e7",
    "vertices" : [ {
      "x" : 11.296182,
      "y" : 19.768318,
      "z" : 11.296182
    }, {
      "x" : 14.120227,
      "y" : 14.120227,
      "z" : 5.648091
    }, {
      "x" : 8.472136,
      "y" : 8.472136,
      "z" : 8.472136
    }, {
      "x" : 5.648091,
      "y" : 14.120227,
      "z" : 14.120227
    } ],
    "faces" : [ {
      "vertices" : [ 0, 1, 2 ]
    }, {
      "vertices" : [ 0, 2, 3 ]
    }, {
      "vertices" : [ 0, 3, 2 ]
    }, {
      "vertices" : [ 0, 2, 1 ]
    } ]
  }, {
    "id" : "1a260388-2822-44f8-a5c5-4204ea7e9785",
    "vertices" : [ {
      "x" : -2.8240454,
      "y" : 5.648091,
      "z" : 5.648091
    }, {
      "x" : 2.8240454,
      "y" : 11.296182,
      "z" : 2.8240454
    }, {
      "x" : 8.472136,
      "y" : 8.472136,
      "z" : 8.472136
    }, {
      "x" : 2.8240454,
      "y" : 2.8240454,
      "z" : 11.296182
    } ],
    "faces" : [ {
      "vertices" : [ 0, 1, 2 ]
    }, {
      "vertices" : [ 0, 2, 3 ]
    }, {
      "vertices" : [ 0, 3, 2 ]
    }, {
      "vertices" : [ 0, 2, 1 ]
    } ]
  }, {
    "id" : "9b4a1575-d3ce-41c2-b185-80a1595447ea",
    "vertices" : [ {
      "x" : 11.296182,
      "y" : 11.296182,
      "z" : 19.768318
    }, {
      "x" : 5.648091,
      "y" : 14.120227,
      "z" : 14.120227
    }, {
      "x" : 8.472136,
      "y" : 8.472136,
      "z" : 8.472136
    }, {
      "x" : 14.120227,
      "y" : 5.648091,
      "z" : 14.120227
    } ],
    "faces" : [ {
      "vertices" : [ 0, 1, 2 ]
    }, {
      "vertices" : [ 0, 2, 3 ]
    }, {
      "vertices" : [ 0, 3, 2 ]
    }, {
      "vertices" : [ 0, 2, 1 ]
    } ]
  }, {
    "id" : "ca35383f-7d82-4d93-97c5-cb61ba0f4447",
    "vertices" : [ {
      "x" : -2.8240454,
      "y" : 2.0300567,
      "z" : -7.6781473
    }, {
      "x" : -0.79398865,
      "y" : -5.648091,
      "z" : -10.5021925
    }, {
      "x" : -8.472136,
      "y" : -8.472136,
      "z" : -8.472136
    }, {
      "x" : -10.5021925,
      "y" : -0.79398865,
      "z" : -5.648091
    } ],
    "faces" : [ {
      "vertices" : [ 0, 1, 2 ]
    }, {
      "vertices" : [ 0, 2, 3 ]
    }, {
      "vertices" : [ 0, 3, 2 ]
    }, {
      "vertices" : [ 0, 2, 1 ]
    } ]
  }, {
    "id" : "1afd2847-6231-4e60-aad0-696b57f32a11",
    "vertices" : [ {
      "x" : 0.0,
      "y" : 0.0,
      "z" : 0.0
    }, {
      "x" : -2.8240454,
      "y" : 2.0300567,
      "z" : -7.6781473
    }, {
      "x" : -10.5021925,
      "y" : -0.79398865,
      "z" : -5.648091
    }, {
      "x" : -7.6781473,
      "y" : -2.8240454,
      "z" : 2.0300567
    } ],
    "faces" : [ {
      "vertices" : [ 0, 1, 2 ]
    }, {
      "vertices" : [ 0, 2, 3 ]
    }, {
      "vertices" : [ 0, 3, 2 ]
    }, {
      "vertices" : [ 0, 2, 1 ]
    } ]
  } ],
  "instances" : [ {
    "shape" : "cb92934b-8451-488e-a24c-73bdb2754cb9",
    "color" : "#FFFFFF",
    "position" : {
      "x" : 19.768318,
      "y" : 11.296182,
      "z" : 11.296182
    },
    "orientation" : 2
  }, {
    "shape" : "1d955e5b-2743-495f-a15e-7859e7140abd",
    "color" : "#FFFFFF",
    "position" : {
      "x" : 18.974329,
      "y" : 14.120227,
      "z" : 9.266125
    },
    "orientation" : 2
  }, {
    "shape" : "8c80ecf2-4e7a-43d3-9111-ced8b61de921",
    "color" : "#FFFFFF",
    "position" : {
      "x" : -13.326238,
      "y" : -13.326238,
      "z" : 18.18034
    },
    "orientation" : 2
  }, {
    "shape" : "cb92934b-8451-488e-a24c-73bdb2754cb9",
    "color" : "#FFFFFF",
    "position" : {
      "x" : -21.798374,
      "y" : -3.618034,
      "z" : -8.472136
    },
    "orientation" : 2
  }, {
    "shape" : "1d955e5b-2743-495f-a15e-7859e7140abd",
    "color" : "#FFFFFF",
    "position" : {
      "x" : 21.798374,
      "y" : 8.472136,
      "z" : 3.618034
    },
    "orientation" : 2
  }, {
    "shape" : "cb92934b-8451-488e-a24c-73bdb2754cb9",
    "color" : "#FFFFFF",
    "position" : {
      "x" : 15.356295,
      "y" : -21.004385,
      "z" : 5.648091
    },
    "orientation" : 1
  }, {
    "shape" : "2c063753-7ff8-4b6e-baf2-010bc32aba49",
    "color" : "#FFFFFF",
    "position" : {
      "x" : -6.8841586,
      "y" : 16.150284,
      "z" : 16.150284
    }
  }, {
    "shape" : "2c063753-7ff8-4b6e-baf2-010bc32aba49",
    "color" : "#FFFFFF",
    "position" : {
      "x" : -11.296182,
      "y" : -19.768318,
      "z" : -11.296182
    }
  }, {
    "shape" : "9d62c98b-faf0-411a-8b74-5141530cf7f3",
    "color" : "#007695",
    "position" : {
      "x" : 21.004385,
      "y" : -5.648091,
      "z" : -15.356295
    },
    "orientation" : 1
  }, {
    "shape" : "8c80ecf2-4e7a-43d3-9111-ced8b61de921",
    "color" : "#FFFFFF",
    "position" : {
      "x" : 14.120227,
      "y" : 18.974329,
      "z" : 0.79398865
    },
    "orientation" : 2
  }, {
    "shape" : "1d955e5b-2743-495f-a15e-7859e7140abd",
    "color" : "#FFFFFF",
    "position" : {
      "x" : -18.974329,
      "y" : -9.266125,
      "z" : -14.120227
    },
    "orientation" : 2
  }, {
    "shape" : "2c063753-7ff8-4b6e-baf2-010bc32aba49",
    "color" : "#FFFFFF",
    "position" : {
      "x" : -18.974329,
      "y" : -14.120227,
      "z" : -0.79398865
    }
  }, {
    "shape" : "1d955e5b-2743-495f-a15e-7859e7140abd",
    "color" : "#FFFFFF",
    "position" : {
      "x" : -13.326238,
      "y" : -13.326238,
      "z" : 18.18034
    },
    "orientation" : 0
  }, {
    "shape" : "9663b5ec-61bd-4f75-af24-50c5109fd6c8",
    "color" : "#FFFFFF",
    "position" : {
      "x" : 0.0,
      "y" : 0.0,
      "z" : 0.0
    }
  }, {
    "shape" : "9d62c98b-faf0-411a-8b74-5141530cf7f3",
    "color" : "#007695",
    "position" : {
      "x" : -21.798374,
      "y" : -8.472136,
      "z" : -3.618034
    },
    "orientation" : 2
  }, {
    "shape" : "2c063753-7ff8-4b6e-baf2-010bc32aba49",
    "color" : "#FFFFFF",
    "position" : {
      "x" : -18.974329,
      "y" : 12.532249,
      "z" : -10.5021925
    }
  }, {
    "shape" : "30226ffb-16df-40fa-89f7-c64204c9adf2",
    "color" : "#FFFFFF",
    "position" : {
      "x" : 0.0,
      "y" : 0.0,
      "z" : 0.0
    }
  }, {
    "shape" : "9d62c98b-faf0-411a-8b74-5141530cf7f3",
    "color" : "#007695",
    "position" : {
      "x" : -2.8240454,
      "y" : 5.648091,
      "z" : 5.648091
    },
    "orientation" : 1
  }, {
    "shape" : "2c063753-7ff8-4b6e-baf2-010bc32aba49",
    "color" : "#FFFFFF",
    "position" : {
      "x" : 8.472136,
      "y" : -4.854102,
      "z" : 21.798374
    }
  }, {
    "shape" : "1d955e5b-2743-495f-a15e-7859e7140abd",
    "color" : "#FFFFFF",
    "position" : {
      "x" : -8.472136,
      "y" : -21.798374,
      "z" : 4.854102
    },
    "orientation" : 2
  }, {
    "shape" : "8c80ecf2-4e7a-43d3-9111-ced8b61de921",
    "color" : "#FFFFFF",
    "position" : {
      "x" : 19.768318,
      "y" : 11.296182,
      "z" : 11.296182
    },
    "orientation" : 0
  }, {
    "shape" : "2c063753-7ff8-4b6e-baf2-010bc32aba49",
    "color" : "#FFFFFF",
    "position" : {
      "x" : -8.472136,
      "y" : -21.798374,
      "z" : 4.854102
    }
  }, {
    "shape" : "2c063753-7ff8-4b6e-baf2-010bc32aba49",
    "color" : "#FFFFFF",
    "position" : {
      "x" : -10.5021925,
      "y" : -10.5021925,
      "z" : 4.0601134
    }
  }, {
    "shape" : "cb92934b-8451-488e-a24c-73bdb2754cb9",
    "color" : "#FFFFFF",
    "position" : {
      "x" : -18.974329,
      "y" : -10.5021925,
      "z" : 12.532249
    },
    "orientation" : 0
  }, {
    "shape" : "1d955e5b-2743-495f-a15e-7859e7140abd",
    "color" : "#FFFFFF",
    "position" : {
      "x" : 2.8240454,
      "y" : 21.004385,
      "z" : -15.356295
    },
    "orientation" : 2
  }, {
    "shape" : "2c063753-7ff8-4b6e-baf2-010bc32aba49",
    "color" : "#FFFFFF",
    "position" : {
      "x" : 14.120227,
      "y" : 0.79398865,
      "z" : 18.974329
    }
  }, {
    "shape" : "cb92934b-8451-488e-a24c-73bdb2754cb9",
    "color" : "#FFFFFF",
    "position" : {
      "x" : -0.79398865,
      "y" : -0.79398865,
      "z" : -15.356295
    },
    "orientation" : 2
  }, {
    "shape" : "9d62c98b-faf0-411a-8b74-5141530cf7f3",
    "color" : "#007695",
    "position" : {
      "x" : -0.79398865,
      "y" : -23.82843,
      "z" : 7.6781473
    },
    "orientation" : 0
  }, {
    "shape" : "2c063753-7ff8-4b6e-baf2-010bc32aba49",
    "color" : "#FFFFFF",
    "position" : {
      "x" : 11.296182,
      "y" : 2.8240454,
      "z" : 2.8240454
    }
  }, {
    "shape" : "2c063753-7ff8-4b6e-baf2-010bc32aba49",
    "color" : "#FFFFFF",
    "position" : {
      "x" : -15.356295,
      "y" : -0.79398865,
      "z" : -0.79398865
    }
  }, {
    "shape" : "cb92934b-8451-488e-a24c-73bdb2754cb9",
    "color" : "#FFFFFF",
    "position" : {
      "x" : -16.150284,
      "y" : -16.150284,
      "z" : -1.5879773
    },
    "orientation" : 0
  }, {
    "shape" : "9d62c98b-faf0-411a-8b74-5141530cf7f3",
    "color" : "#007695",
    "position" : {
      "x" : 2.8240454,
      "y" : 2.8240454,
      "z" : 19.768318
    },
    "orientation" : 1
  }, {
    "shape" : "1d955e5b-2743-495f-a15e-7859e7140abd",
    "color" : "#FFFFFF",
    "position" : {
      "x" : 2.8240454,
      "y" : 21.004385,
      "z" : -15.356295
    },
    "orientation" : 0
  }, {
    "shape" : "8c80ecf2-4e7a-43d3-9111-ced8b61de921",
    "color" : "#FFFFFF",
    "position" : {
      "x" : 18.18034,
      "y" : -13.326238,
      "z" : -13.326238
    },
    "orientation" : 0
  }, {
    "shape" : "cb92934b-8451-488e-a24c-73bdb2754cb9",
    "color" : "#FFFFFF",
    "position" : {
      "x" : -15.356295,
      "y" : -0.79398865,
      "z" : -0.79398865
    },
    "orientation" : 0
  }, {
    "shape" : "cb92934b-8451-488e-a24c-73bdb2754cb9",
    "color" : "#FFFFFF",
    "position" : {
      "x" : -21.004385,
      "y" : 5.648091,
      "z" : 15.356295
    },
    "orientation" : 0
  }, {
    "shape" : "1d955e5b-2743-495f-a15e-7859e7140abd",
    "color" : "#FFFFFF",
    "position" : {
      "x" : -15.356295,
      "y" : -5.648091,
      "z" : 21.004385
    },
    "orientation" : 0
  }, {
    "shape" : "cb92934b-8451-488e-a24c-73bdb2754cb9",
    "color" : "#FFFFFF",
    "position" : {
      "x" : -21.004385,
      "y" : -2.8240454,
      "z" : 15.356295
    },
    "orientation" : 0
  }, {
    "shape" : "2c063753-7ff8-4b6e-baf2-010bc32aba49",
    "color" : "#FFFFFF",
    "position" : {
      "x" : 5.648091,
      "y" : -21.004385,
      "z" : 15.356295
    }
  }, {
    "shape" : "2c063753-7ff8-4b6e-baf2-010bc32aba49",
    "color" : "#FFFFFF",
    "position" : {
      "x" : 4.0601134,
      "y" : -10.5021925,
      "z" : -10.5021925
    }
  }, {
    "shape" : "cb92934b-8451-488e-a24c-73bdb2754cb9",
    "color" : "#FFFFFF",
    "position" : {
      "x" : 2.0300567,
      "y" : -2.8240454,
      "z" : -7.6781473
    },
    "orientation" : 2
  }, {
    "shape" : "cb92934b-8451-488e-a24c-73bdb2754cb9",
    "color" : "#FFFFFF",
    "position" : {
      "x" : 0.0,
      "y" : 0.0,
      "z" : 0.0
    },
    "orientation" : 0
  }, {
    "shape" : "1d955e5b-2743-495f-a15e-7859e7140abd",
    "color" : "#FFFFFF",
    "position" : {
      "x" : -23.82843,
      "y" : 7.6781473,
      "z" : -0.79398865
    },
    "orientation" : 1
  }, {
    "shape" : "9d62c98b-faf0-411a-8b74-5141530cf7f3",
    "color" : "#007695",
    "position" : {
      "x" : 18.974329,
      "y" : 14.120227,
      "z" : 9.266125
    },
    "orientation" : 47
  }, {
    "shape" : "d715271d-1a15-40ef-a863-b003c0a2ce0f",
    "color" : "#FFFFFF",
    "position" : {
      "x" : 0.0,
      "y" : 0.0,
      "z" : 0.0
    }
  }, {
    "shape" : "2c063753-7ff8-4b6e-baf2-010bc32aba49",
    "color" : "#FFFFFF",
    "position" : {
      "x" : -18.974329,
      "y" : -10.5021925,
      "z" : 12.532249
    }
  }, {
    "shape" : "2c063753-7ff8-4b6e-baf2-010bc32aba49",
    "color" : "#FFFFFF",
    "position" : {
      "x" : 5.648091,
      "y" : 5.648091,
      "z" : -2.8240454
    }
  }, {
    "shape" : "2c063753-7ff8-4b6e-baf2-010bc32aba49",
    "color" : "#FFFFFF",
    "position" : {
      "x" : -0.79398865,
      "y" : -0.79398865,
      "z" : -15.356295
    }
  }, {
    "shape" : "8c80ecf2-4e7a-43d3-9111-ced8b61de921",
    "color" : "#FFFFFF",
    "position" : {
      "x" : 18.974329,
      "y" : 9.266125,
      "z" : 14.120227
    },
    "orientation" : 1
  }, {
    "shape" : "cb92934b-8451-488e-a24c-73bdb2754cb9",
    "color" : "#FFFFFF",
    "position" : {
      "x" : -4.854102,
      "y" : 21.798374,
      "z" : 8.472136
    },
    "orientation" : 1
  }, {
    "shape" : "8c80ecf2-4e7a-43d3-9111-ced8b61de921",
    "color" : "#FFFFFF",
    "position" : {
      "x" : -13.326238,
      "y" : 18.18034,
      "z" : -13.326238
    },
    "orientation" : 0
  }, {
    "shape" : "8c80ecf2-4e7a-43d3-9111-ced8b61de921",
    "color" : "#FFFFFF",
    "position" : {
      "x" : 2.8240454,
      "y" : 2.8240454,
      "z" : 11.296182
    },
    "orientation" : 2
  }, {
    "shape" : "35bd7802-0ea6-4f81-8be2-e1de7d888710",
    "color" : "#FFFFFF",
    "position" : {
      "x" : 0.0,
      "y" : 0.0,
      "z" : 0.0
    }
  }, {
