{
  "field" : "golden",
  "symmetry" : "icosahedral",
  "orientations" : [ [ 1.0, 0.0, 0.0, 0.0, 0.0, 1.0, 0.0, 0.0, 0.0, 0.0, 1.0, 0.0, 0.0, 0.0, 0.0, 1.0 ], [ 0.0, 0.0, 1.0, 0.0, 1.0, 0.0, 0.0, 0.0, 0.0, 1.0, 0.0, 0.0, 0.0, 0.0, 0.0, 1.0 ], [ 0.0, 1.0, 0.0, 0.0, 0.0, 0.0, 1.0, 0.0, 1.0, 0.0, 0.0, 0.0, 0.0, 0.0, 0.0, 1.0 ], [ 0.809017, 0.309017, 0.5, 0.0, 0.309017, 0.5, -0.809017, 0.0, -0.5, 0.809017, 0.309017, 0.0, 0.0, 0.0, 0.0, 1.0 ], [ -0.5, 0.809017, 0.309017, 0.0, 0.809017, 0.309017, 0.5, 0.0, 0.309017, 0.5, -0.809017, 0.0, 0.0, 0.0, 0.0, 1.0 ], [ 0.309017, 0.5, -0.809017, 0.0, -0.5, 0.809017, 0.309017, 0.0, 0.809017, 0.309017, 0.5, 0.0, 0.0, 0.0, 0.0, 1.0 ], [ 0.5, 0.809017, 0.309017, 0.0, 0.809017, -0.309017, -0.5, 0.0, -0.309017, 0.5, -0.809017, 0.0, 0.0, 0.0, 0.0, 1.0 ], [ -0.309017, 0.5, -0.809017, 0.0, 0.5, 0.809017, 0.309017, 0.0, 0.809017, -0.309017, -0.5, 0.0, 0.0, 0.0, 0.0, 1.0 ], [ 0.809017, -0.309017, -0.5, 0.0, -0.309017, 0.5, -0.809017, 0.0, 0.5, 0.809017, 0.309017, 0.0, 0.0, 0.0, 0.0, 1.0 ], [ 0.5, 0.809017, -0.309017, 0.0, 0.809017, -0.309017, 0.5, 0.0, 0.309017, -0.5, -0.809017, 0.0, 0.0, 0.0, 0.0, 1.0 ], [ 0.309017, -0.5, -0.809017, 0.0, 0.5, 0.809017, -0.309017, 0.0, 0.809017, -0.309017, 0.5, 0.0, 0.0, 0.0, 0.0, 1.0 ], [ 0.809017, -0.309017, 0.5, 0.0, 0.309017, -0.5, -0.809017, 0.0, 0.5, 0.809017, -0.309017, 0.0, 0.0, 0.0, 0.0, 1.0 ], [ 0.809017, 0.309017, -0.5, 0.0, 0.309017, 0.5, 0.809017, 0.0, 0.5, -0.809017, 0.309017, 0.0, 0.0, 0.0, 0.0, 1.0 ], [ 0.5, -0.809017, 0.309017, 0.0, 0.809017, 0.309017, -0.5, 0.0, 0.309017, 0.5, 0.809017, 0.0, 0.0, 0.0, 0.0, 1.0 ], [ 0.309017, 0.5, 0.809017, 0.0, 0.5, -0.809017, 0.309017, 0.0, 0.809017, 0.309017, -0.5, 0.0, 0.0, 0.0, 0.0, 1.0 ], [ 1.0, 0.0, 0.0, 0.0, 0.0, -1.0, 0.0, 0.0, 0.0, 0.0, -1.0, 0.0, 0.0, 0.0, 0.0, 1.0 ], [ 0.0, 0.0, 1.0, 0.0, -1.0, 0.0, 0.0, 0.0, 0.0, -1.0, 0.0, 0.0, 0.0, 0.0, 0.0, 1.0 ], [ 0.0, 1.0, 0.0, 0.0, 0.0, 0.0, -1.0, 0.0, -1.0, 0.0, 0.0, 0.0, 0.0, 0.0, 0.0, 1.0 ], [ 0.809017, 0.309017, 0.5, 0.0, -0.309017, -0.5, 0.809017, 0.0, 0.5, -0.809017, -0.309017, 0.0, 0.0, 0.0, 0.0, 1.0 ], [ -0.5, 0.809017, 0.309017, 0.0, -0.809017, -0.309017, -0.5, 0.0, -0.309017, -0.5, 0.809017, 0.0, 0.0, 0.0, 0.0, 1.0 ], [ 0.309017, 0.5, -0.809017, 0.0, 0.5, -0.809017, -0.309017, 0.0, -0.809017, -0.309017, -0.5, 0.0, 0.0, 0.0, 0.0, 1.0 ], [ 0.5, 0.809017, 0.309017, 0.0, -0.809017, 0.309017, 0.5, 0.0, 0.309017, -0.5, 0.809017, 0.0, 0.0, 0.0, 0.0, 1.0 ], [ -0.309017, 0.5, -0.809017, 0.0, -0.5, -0.809017, -0.309017, 0.0, -0.809017, 0.309017, 0.5, 0.0, 0.0, 0.0, 0.0, 1.0 ], [ 0.809017, -0.309017, -0.5, 0.0, 0.309017, -0.5, 0.809017, 0.0, -0.5, -0.809017, -0.309017, 0.0, 0.0, 0.0, 0.0, 1.0 ], [ 0.5, 0.809017, -0.309017, 0.0, -0.809017, 0.309017, -0.5, 0.0, -0.309017, 0.5, 0.809017, 0.0, 0.0, 0.0, 0.0, 1.0 ], [ 0.309017, -0.5, -0.809017, 0.0, -0.5, -0.809017, 0.309017, 0.0, -0.809017, 0.309017, -0.5, 0.0, 0.0, 0.0, 0.0, 1.0 ], [ 0.809017, -0.309017, 0.5, 0.0, -0.309017, 0.5, 0.809017, 0.0, -0.5, -0.809017, 0.309017, 0.0, 0.0, 0.0, 0.0, 1.0 ], [ 0.809017, 0.309017, -0.5, 0.0, -0.309017, -0.5, -0.809017, 0.0, -0.5, 0.809017, -0.309017, 0.0, 0.0, 0.0, 0.0, 1.0 ], [ 0.5, -0.809017, 0.309017, 0.0, -0.809017, -0.309017, 0.5, 0.0, -0.309017, -0.5, -0.809017, 0.0, 0.0, 0.0, 0.0, 1.0 ], [ 0.309017, 0.5, 0.809017, 0.0, -0.5, 0.809017, -0.309017, 0.0, -0.809017, -0.309017, 0.5, 0.0, 0.0, 0.0, 0.0, 1.0 ], [ -1.0, 0.0, 0.0, 0.0, 0.0, -1.0, 0.0, 0.0, 0.0, 0.0, 1.0, 0.0, 0.0, 0.0, 0.0, 1.0 ], [ 0.0, 0.0, -1.0, 0.0, -1.0, 0.0, 0.0, 0.0, 0.0, 1.0, 0.0, 0.0, 0.0, 0.0, 0.0, 1.0 ], [ 0.0, -1.0, 0.0, 0.0, 0.0, 0.0, -1.0, 0.0, 1.0, 0.0, 0.0, 0.0, 0.0, 0.0, 0.0, 1.0 ], [ -0.809017, -0.309017, -0.5, 0.0, -0.309017, -0.5, 0.809017, 0.0, -0.5, 0.809017, 0.309017, 0.0, 0.0, 0.0, 0.0, 1.0 ], [ 0.5, -0.809017, -0.309017, 0.0, -0.809017, -0.309017, -0.5, 0.0, 0.309017, 0.5, -0.809017, 0.0, 0.0, 0.0, 0.0, 1.0 ], [ -0.309017, -0.5, 0.809017, 0.0, 0.5, -0.809017, -0.309017, 0.0, 0.809017, 0.309017, 0.5, 0.0, 0.0, 0.0, 0.0, 1.0 ], [ -0.5, -0.809017, -0.309017, 0.0, -0.809017, 0.309017, 0.5, 0.0, -0.309017, 0.5, -0.809017, 0.0, 0.0, 0.0, 0.0, 1.0 ], [ 0.309017, -0.5, 0.809017, 0.0, -0.5, -0.809017, -0.309017, 0.0, 0.809017, -0.309017, -0.5, 0.0, 0.0, 0.0, 0.0, 1.0 ], [ -0.809017, 0.309017, 0.5, 0.0, 0.309017, -0.5, 0.809017, 0.0, 0.5, 0.809017, 0.309017, 0.0, 0.0, 0.0, 0.0, 1.0 ], [ -0.5, -0.809017, 0.309017, 0.0, -0.809017, 0.309017, -0.5, 0.0, 0.309017, -0.5, -0.809017, 0.0, 0.0, 0.0, 0.0, 1.0 ], [ -0.309017, 0.5, 0.809017, 0.0, -0.5, -0.809017, 0.309017, 0.0, 0.809017, -0.309017, 0.5, 0.0, 0.0, 0.0, 0.0, 1.0 ], [ -0.809017, 0.309017, -0.5, 0.0, -0.309017, 0.5, 0.809017, 0.0, 0.5, 0.809017, -0.309017, 0.0, 0.0, 0.0, 0.0, 1.0 ], [ -0.809017, -0.309017, 0.5, 0.0, -0.309017, -0.5, -0.809017, 0.0, 0.5, -0.809017, 0.309017, 0.0, 0.0, 0.0, 0.0, 1.0 ], [ -0.5, 0.809017, -0.309017, 0.0, -0.809017, -0.309017, 0.5, 0.0, 0.309017, 0.5, 0.809017, 0.0, 0.0, 0.0, 0.0, 1.0 ], [ -0.309017, -0.5, -0.809017, 0.0, -0.5, 0.809017, -0.309017, 0.0, 0.809017, 0.309017, -0.5, 0.0, 0.0, 0.0, 0.0, 1.0 ], [ -1.0, 0.0, 0.0, 0.0, 0.0, 1.0, 0.0, 0.0, 0.0, 0.0, -1.0, 0.0, 0.0, 0.0, 0.0, 1.0 ], [ 0.0, 0.0, -1.0, 0.0, 1.0, 0.0, 0.0, 0.0, 0.0, -1.0, 0.0, 0.0, 0.0, 0.0, 0.0, 1.0 ], [ 0.0, -1.0, 0.0, 0.0, 0.0, 0.0, 1.0, 0.0, -1.0, 0.0, 0.0, 0.0, 0.0, 0.0, 0.0, 1.0 ], [ -0.809017, -0.309017, -0.5, 0.0, 0.309017, 0.5, -0.809017, 0.0, 0.5, -0.809017, -0.309017, 0.0, 0.0, 0.0, 0.0, 1.0 ], [ 0.5, -0.809017, -0.309017, 0.0, 0.809017, 0.309017, 0.5, 0.0, -0.309017, -0.5, 0.809017, 0.0, 0.0, 0.0, 0.0, 1.0 ], [ -0.309017, -0.5, 0.809017, 0.0, -0.5, 0.809017, 0.309017, 0.0, -0.809017, -0.309017, -0.5, 0.0, 0.0, 0.0, 0.0, 1.0 ], [ -0.5, -0.809017, -0.309017, 0.0, 0.809017, -0.309017, -0.5, 0.0, 0.309017, -0.5, 0.809017, 0.0, 0.0, 0.0, 0.0, 1.0 ], [ 0.309017, -0.5, 0.809017, 0.0, 0.5, 0.809017, 0.309017, 0.0, -0.809017, 0.309017, 0.5, 0.0, 0.0, 0.0, 0.0, 1.0 ], [ -0.809017, 0.309017, 0.5, 0.0, -0.309017, 0.5, -0.809017, 0.0, -0.5, -0.809017, -0.309017, 0.0, 0.0, 0.0, 0.0, 1.0 ], [ -0.5, -0.809017, 0.309017, 0.0, 0.809017, -0.309017, 0.5, 0.0, -0.309017, 0.5, 0.809017, 0.0, 0.0, 0.0, 0.0, 1.0 ], [ -0.309017, 0.5, 0.809017, 0.0, 0.5, 0.809017, -0.309017, 0.0, -0.809017, 0.309017, -0.5, 0.0, 0.0, 0.0, 0.0, 1.0 ], [ -0.809017, 0.309017, -0.5, 0.0, 0.309017, -0.5, -0.809017, 0.0, -0.5, -0.809017, 0.309017, 0.0, 0.0, 0.0, 0.0, 1.0 ], [ -0.809017, -0.309017, 0.5, 0.0, 0.309017, 0.5, 0.809017, 0.0, -0.5, 0.809017, -0.309017, 0.0, 0.0, 0.0, 0.0, 1.0 ], [ -0.5, 0.809017, -0.309017, 0.0, 0.809017, 0.309017, -0.5, 0.0, -0.309017, -0.5, -0.809017, 0.0, 0.0, 0.0, 0.0, 1.0 ], [ -0.309017, -0.5, -0.809017, 0.0, 0.5, -0.809017, 0.309017, 0.0, -0.809017, -0.309017, 0.5, 0.0, 0.0, 0.0, 0.0, 1.0 ] ],
  "lights" : {
    "ambientColor" : "#292929",
    "backgroundColor" : "#AFC8DC",
    "directionalLights" : [ {
      "direction" : {
        "x" : 1.0,
        "y" : -1.0,
        "z" : -1.0
      },
      "color" : "#EBEBE4"
    }, {
      "direction" : {
        "x" : -1.0,
        "y" : 0.0,
        "z" : 0.0
      },
      "color" : "#E4E4EB"
    }, {
      "direction" : {
        "x" : 0.0,
        "y" : 0.0,
        "z" : -1.0
      },
      "color" : "#1E1E1E"
    } ]
  },
  "camera" : {
    "perspective" : false,
    "viewDistance" : 210.37245,
    "nearClipDistance" : 0.525931,
    "farClipDistance" : 420.74472,
    "lookAtPoint" : {
      "x" : 0.0,
      "y" : 0.0,
      "z" : 0.0
    },
    "fieldOfView" : 0.44262883,
    "lookDirection" : {
      "x" : 1.0,
      "y" : 0.0,
      "z" : 0.0
    },
    "upDirection" : {
      "x" : 0.0,
      "y" : 0.5257311,
      "z" : -0.8506508
    },
    "width" : 94.66759,
    "stereo" : false,
    "position" : {
      "x" : -210.37245,
      "y" : 0.0,
      "z" : 0.0
    }
  },
  "embedding" : [ 1.0, 0.0, 0.0, 0.0, 0.0, 1.0, 0.0, 0.0, 0.0, 0.0, 1.0, 0.0, 0.0, 0.0, 0.0, 1.0 ],
  "shapes" : [ {
    "id" : "a06a2d40-8322-475c-a2da-5536b18c9495",
    "vertices" : [ {
      "x" : 0.309017,
      "y" : -0.309017,
      "z" : -0.309017
    }, {
      "x" : 0.5,
      "y" : 0.0,
      "z" : -0.19098301
    }, {
      "x" : 0.5,
      "y" : 0.0,
      "z" : 0.19098301
    }, {
      "x" : 0.309017,
      "y" : -0.309017,
      "z" : 0.309017
    }, {
      "x" : 0.19098301,
      "y" : -0.5,
      "z" : 0.0
    }, {
      "x" : 0.0,
      "y" : 0.19098301,
      "z" : 0.5
    }, {
      "x" : 0.0,
      "y" : -0.19098301,
      "z" : 0.5
    }, {
      "x" : 0.309017,
      "y" : 0.309017,
      "z" : 0.309017
    }, {
      "x" : -0.309017,
      "y" : -0.309017,
      "z" : 0.309017
    }, {
      "x" : -0.309017,
      "y" : 0.309017,
      "z" : 0.309017
    }, {
      "x" : -0.5,
      "y" : 0.0,
      "z" : 0.19098301
    }, {
      "x" : 0.0,
      "y" : -0.19098301,
      "z" : -0.5
    }, {
      "x" : 0.0,
      "y" : 0.19098301,
      "z" : -0.5
    }, {
      "x" : 0.309017,
      "y" : 0.309017,
      "z" : -0.309017
    }, {
      "x" : -0.309017,
      "y" : -0.309017,
      "z" : -0.309017
    }, {
      "x" : -0.19098301,
      "y" : -0.5,
      "z" : 0.0
    }, {
      "x" : -0.5,
      "y" : 0.0,
      "z" : -0.19098301
    }, {
      "x" : 0.19098301,
      "y" : 0.5,
      "z" : 0.0
    }, {
      "x" : -0.309017,
      "y" : 0.309017,
      "z" : -0.309017
    }, {
      "x" : 0.0,
      "y" : 0.0,
      "z" : 0.0
    }, {
      "x" : -0.19098301,
      "y" : 0.5,
      "z" : 0.0
    } ],
    "faces" : [ {
      "vertices" : [ 12, 18, 20 ]
    }, {
      "vertices" : [ 12, 20, 17 ]
    }, {
      "vertices" : [ 12, 17, 13 ]
    }, {
      "vertices" : [ 3, 6, 8 ]
    }, {
      "vertices" : [ 3, 8, 15 ]
    }, {
      "vertices" : [ 3, 15, 4 ]
    }, {
      "vertices" : [ 0, 11, 12 ]
    }, {
      "vertices" : [ 0, 12, 13 ]
    }, {
      "vertices" : [ 0, 13, 1 ]
    }, {
      "vertices" : [ 5, 9, 10 ]
    }, {
      "vertices" : [ 5, 10, 8 ]
    }, {
      "vertices" : [ 5, 8, 6 ]
    }, {
      "vertices" : [ 2, 7, 5 ]
    }, {
      "vertices" : [ 2, 5, 6 ]
    }, {
      "vertices" : [ 2, 6, 3 ]
    }, {
      "vertices" : [ 11, 14, 16 ]
    }, {
      "vertices" : [ 11, 16, 18 ]
    }, {
      "vertices" : [ 11, 18, 12 ]
    }, {
      "vertices" : [ 1, 13, 17 ]
    }, {
      "vertices" : [ 1, 17, 7 ]
    }, {
      "vertices" : [ 1, 7, 2 ]
    }, {
      "vertices" : [ 9, 20, 18 ]
    }, {
      "vertices" : [ 9, 18, 16 ]
    }, {
      "vertices" : [ 9, 16, 10 ]
    }, {
      "vertices" : [ 0, 1, 2 ]
    }, {
      "vertices" : [ 0, 2, 3 ]
    }, {
      "vertices" : [ 0, 3, 4 ]
    }, {
      "vertices" : [ 5, 7, 17 ]
    }, {
      "vertices" : [ 5, 17, 20 ]
    }, {
      "vertices" : [ 5, 20, 9 ]
    }, {
      "vertices" : [ 0, 4, 15 ]
    }, {
      "vertices" : [ 0, 15, 14 ]
    }, {
      "vertices" : [ 0, 14, 11 ]
    }, {
      "vertices" : [ 8, 10, 16 ]
    }, {
      "vertices" : [ 8, 16, 14 ]
    }, {
      "vertices" : [ 8, 14, 15 ]
    } ]
  }, {
    "id" : "659e9628-93b1-42c0-909b-1248e497bd24",
    "vertices" : [ {
      "x" : 1.0994585,
      "y" : 12.262478,
      "z" : 5.1651855
    }, {
      "x" : 1.4994584,
      "y" : 12.1624775,
      "z" : 5.0651855
    }, {
      "x" : 0.33583155,
      "y" : 0.44572628,
      "z" : 0.3665685
    }, {
      "x" : -0.064168446,
      "y" : 0.5457263,
      "z" : 0.46656853
    }, {
      "x" : 1.6327918,
      "y" : 11.929144,
      "z" : 5.3651853
    }, {
      "x" : 1.2327918,
      "y" : 12.029144,
      "z" : 5.4651856
    }, {
      "x" : -0.19750178,
      "y" : 0.7790596,
      "z" : 0.16656852
    }, {
      "x" : 0.20249821,
      "y" : 0.6790596,
      "z" : 0.066568516
    } ],
    "faces" : [ {
      "vertices" : [ 2, 3, 6 ]
    }, {
      "vertices" : [ 2, 6, 7 ]
    }, {
      "vertices" : [ 0, 5, 4 ]
    }, {
      "vertices" : [ 0, 4, 1 ]
    }, {
      "vertices" : [ 2, 4, 5 ]
    }, {
      "vertices" : [ 2, 5, 3 ]
    }, {
      "vertices" : [ 0, 6, 3 ]
    }, {
      "vertices" : [ 0, 3, 5 ]
    }, {
      "vertices" : [ 0, 1, 7 ]
    }, {
      "vertices" : [ 0, 7, 6 ]
    }, {
      "vertices" : [ 1, 4, 2 ]
    }, {
      "vertices" : [ 1, 2, 7 ]
    } ]
  }, {
    "id" : "f3d6863f-445a-4b9e-8b37-77d84c4bfdd1",
    "vertices" : [ {
      "x" : 1.0,
      "y" : 0.309017,
      "z" : 0.19098301
    }, {
      "x" : 1.0,
      "y" : -0.309017,
      "z" : 0.19098301
    }, {
      "x" : 7.472136,
      "y" : -0.309017,
      "z" : 0.19098301
    }, {
      "x" : 7.472136,
      "y" : 0.309017,
      "z" : 0.19098301
    }, {
      "x" : 7.472136,
      "y" : -0.309017,
      "z" : -0.19098301
    }, {
      "x" : 7.472136,
      "y" : 0.309017,
      "z" : -0.19098301
    }, {
      "x" : 8.09017,
      "y" : 0.0,
      "z" : 0.0
    }, {
      "x" : 0.38196602,
      "y" : 0.0,
      "z" : 0.0
    }, {
      "x" : 1.0,
      "y" : 0.309017,
      "z" : -0.19098301
    }, {
      "x" : 1.0,
      "y" : -0.309017,
      "z" : -0.19098301
    }, {
      "x" : 8.472136,
      "y" : 0.0,
      "z" : 0.0
    } ],
    "faces" : [ {
      "vertices" : [ 1, 9, 4 ]
    }, {
      "vertices" : [ 1, 4, 2 ]
    }, {
      "vertices" : [ 0, 3, 5 ]
    }, {
      "vertices" : [ 0, 5, 8 ]
    }, {
      "vertices" : [ 1, 7, 9 ]
    }, {
      "vertices" : [ 0, 1, 2 ]
    }, {
      "vertices" : [ 0, 2, 3 ]
    }, {
      "vertices" : [ 7, 8, 9 ]
    }, {
      "vertices" : [ 0, 7, 1 ]
    }, {
      "vertices" : [ 4, 9, 8 ]
    }, {
      "vertices" : [ 4, 8, 5 ]
    }, {
      "vertices" : [ 2, 6, 3 ]
    }, {
      "vertices" : [ 2, 4, 6 ]
    }, {
      "vertices" : [ 3, 6, 5 ]
    }, {
      "vertices" : [ 4, 5, 6 ]
    }, {
      "vertices" : [ 0, 8, 7 ]
    } ]
  }, {
    "id" : "55269abb-adca-48d5-82e4-f7064b26b511",
    "vertices" : [ {
      "x" : 0.0,
      "y" : 7.854102,
      "z" : -20.562305
    }, {
      "x" : -12.708204,
      "y" : 12.708204,
      "z" : -12.708204
    }, {
      "x" : -11.272914,
      "y" : 0.0,
      "z" : -18.239958
    } ],
    "faces" : [ {
      "vertices" : [ 0, 1, 2 ]
    }, {
      "vertices" : [ 0, 2, 1 ]
    } ]
  }, {
    "id" : "281b612d-b683-4637-b472-1925dd0f8ac7",
    "vertices" : [ {
      "x" : -7.854102,
      "y" : 20.562305,
      "z" : 0.0
    }, {
      "x" : 7.854102,
      "y" : 20.562305,
      "z" : 0.0
    }, {
      "x" : 0.0,
      "y" : 18.239958,
      "z" : 11.272914
    } ],
    "faces" : [ {
      "vertices" : [ 0, 1, 2 ]
    }, {
      "vertices" : [ 0, 2, 1 ]
    } ]
  }, {
    "id" : "fe2afcc3-2b75-4476-9efb-a677010baea0",
    "vertices" : [ {
      "x" : 1.0,
      "y" : 0.309017,
      "z" : 0.19098301
    }, {
      "x" : 1.0,
      "y" : -0.309017,
      "z" : 0.19098301
    }, {
      "x" : 14.708204,
      "y" : -0.309017,
      "z" : 0.19098301
    }, {
      "x" : 14.708204,
      "y" : 0.309017,
      "z" : 0.19098301
    }, {
      "x" : 14.708204,
      "y" : -0.309017,
      "z" : -0.19098301
    }, {
      "x" : 14.708204,
      "y" : 0.309017,
      "z" : -0.19098301
    }, {
      "x" : 15.326238,
      "y" : 0.0,
      "z" : 0.0
    }, {
      "x" : 0.38196602,
      "y" : 0.0,
      "z" : 0.0
    }, {
      "x" : 1.0,
      "y" : 0.309017,
      "z" : -0.19098301
    }, {
      "x" : 1.0,
      "y" : -0.309017,
      "z" : -0.19098301
    }, {
      "x" : 15.708204,
      "y" : 0.0,
      "z" : 0.0
    } ],
    "faces" : [ {
      "vertices" : [ 1, 9, 4 ]
    }, {
      "vertices" : [ 1, 4, 2 ]
    }, {
      "vertices" : [ 0, 3, 5 ]
    }, {
      "vertices" : [ 0, 5, 8 ]
    }, {
      "vertices" : [ 1, 7, 9 ]
    }, {
      "vertices" : [ 0, 1, 2 ]
    }, {
      "vertices" : [ 0, 2, 3 ]
    }, {
      "vertices" : [ 7, 8, 9 ]
    }, {
      "vertices" : [ 0, 7, 1 ]
    }, {
      "vertices" : [ 4, 9, 8 ]
    }, {
      "vertices" : [ 4, 8, 5 ]
    }, {
      "vertices" : [ 2, 6, 3 ]
    }, {
      "vertices" : [ 2, 4, 6 ]
    }, {
      "vertices" : [ 3, 6, 5 ]
    }, {
      "vertices" : [ 4, 5, 6 ]
    }, {
      "vertices" : [ 0, 8, 7 ]
    } ]
  }, {
    "id" : "5beedd6a-516f-41db-9dab-db74e07a4cea",
    "vertices" : [ {
      "x" : 7.854102,
      "y" : 20.562305,
      "z" : 0.0
    }, {
      "x" : 12.708204,
      "y" : 12.708204,
      "z" : -12.708204
    }, {
      "x" : 18.239958,
      "y" : 11.272914,
      "z" : 0.0
    } ],
    "faces" : [ {
      "vertices" : [ 0, 1, 2 ]
    }, {
      "vertices" : [ 0, 2, 1 ]
    } ]
  }, {
    "id" : "51477a0b-d727-45ac-b1df-ffa056c8b737",
    "vertices" : [ {
      "x" : 12.708204,
      "y" : -12.708204,
      "z" : -12.708204
    }, {
      "x" : 7.854102,
      "y" : -20.562305,
      "z" : 0.0
    }, {
      "x" : 18.239958,
      "y" : -11.272914,
      "z" : 0.0
    } ],
    "faces" : [ {
      "vertices" : [ 0, 1, 2 ]
    }, {
      "vertices" : [ 0, 2, 1 ]
    } ]
  }, {
    "id" : "8fa84aaf-e65a-4fb4-824e-7993b2bfff42",
    "vertices" : [ {
      "x" : -7.854102,
      "y" : -20.562305,
      "z" : 0.0
    }, {
      "x" : 7.854102,
      "y" : -20.562305,
      "z" : 0.0
    }, {
      "x" : 0.0,
      "y" : -18.239958,
      "z" : -11.272914
    } ],
    "faces" : [ {
      "vertices" : [ 0, 1, 2 ]
    }, {
      "vertices" : [ 0, 2, 1 ]
    } ]
  }, {
    "id" : "b7803c2d-4982-4e9a-b6b2-f68f5ecae733",
    "vertices" : [ {
      "x" : -7.854102,
      "y" : -20.562305,
      "z" : 0.0
    }, {
      "x" : -12.708204,
      "y" : -12.708204,
      "z" : 12.708204
    }, {
      "x" : 0.0,
      "y" : -18.239958,
      "z" : 11.272914
    } ],
    "faces" : [ {
      "vertices" : [ 0, 1, 2 ]
    }, {
      "vertices" : [ 0, 2, 1 ]
    } ]
  }, {
    "id" : "84165eec-08aa-4a7d-9174-61c0aaae4b27",
    "vertices" : [ {
      "x" : 0.9045085,
      "y" : 0.3454915,
      "z" : 0.25
    }, {
      "x" : 17.230747,
      "y" : 10.435661,
      "z" : 0.25
    }, {
      "x" : 17.039762,
      "y" : 10.7446785,
      "z" : 0.25
    }, {
      "x" : 0.7135255,
      "y" : 0.6545085,
      "z" : 0.25
    }, {
      "x" : 0.809017,
      "y" : 0.5,
      "z" : -0.309017
    }, {
      "x" : 0.9635255,
      "y" : 0.25,
      "z" : -0.095491506
    }, {
      "x" : 0.309017,
      "y" : 0.19098301,
      "z" : 0.0
    }, {
      "x" : 17.635256,
      "y" : 10.899187,
      "z" : 0.0
    }, {
      "x" : 16.980747,
      "y" : 10.84017,
      "z" : -0.095491506
    }, {
      "x" : 17.135256,
      "y" : 10.59017,
      "z" : -0.309017
    }, {
      "x" : 17.944271,
      "y" : 11.09017,
      "z" : 0.0
    }, {
      "x" : 0.6545085,
      "y" : 0.75,
      "z" : -0.095491506
    }, {
      "x" : 17.289762,
      "y" : 10.34017,
      "z" : -0.095491506
    } ],
    "faces" : [ {
      "vertices" : [ 4, 11, 8 ]
    }, {
      "vertices" : [ 4, 8, 9 ]
    }, {
      "vertices" : [ 0, 1, 2 ]
    }, {
      "vertices" : [ 0, 2, 3 ]
    }, {
      "vertices" : [ 0, 3, 6 ]
    }, {
      "vertices" : [ 1, 7, 2 ]
    }, {
      "vertices" : [ 0, 6, 5 ]
    }, {
      "vertices" : [ 4, 5, 6 ]
    }, {
      "vertices" : [ 2, 7, 8 ]
    }, {
      "vertices" : [ 0, 5, 12 ]
    }, {
      "vertices" : [ 0, 12, 1 ]
    }, {
      "vertices" : [ 1, 12, 7 ]
    }, {
      "vertices" : [ 3, 11, 6 ]
    }, {
      "vertices" : [ 4, 6, 11 ]
    }, {
      "vertices" : [ 7, 9, 8 ]
    }, {
      "vertices" : [ 2, 8, 11 ]
    }, {
      "vertices" : [ 2, 11, 3 ]
    }, {
      "vertices" : [ 7, 12, 9 ]
    }, {
      "vertices" : [ 4, 9, 12 ]
    }, {
      "vertices" : [ 4, 12, 5 ]
    } ]
  }, {
    "id" : "e93adef3-e881-464d-885f-ce0ba0841e33",
    "vertices" : [ {
      "x" : 12.708204,
      "y" : -12.708204,
      "z" : -12.708204
    }, {
      "x" : 20.562305,
      "y" : 0.0,
      "z" : -7.854102
    }, {
      "x" : 11.272914,
      "y" : 0.0,
      "z" : -18.239958
    } ],
    "faces" : [ {
      "vertices" : [ 0, 1, 2 ]
    }, {
      "vertices" : [ 0, 2, 1 ]
    } ]
  }, {
    "id" : "a84e5275-a69d-47c8-aa1d-ade7eeb7cb1e",
    "vertices" : [ {
      "x" : 20.562305,
      "y" : 0.0,
      "z" : 7.854102
    }, {
      "x" : 12.708204,
      "y" : 12.708204,
      "z" : 12.708204
    }, {
      "x" : 18.239958,
      "y" : 11.272914,
      "z" : 0.0
    } ],
    "faces" : [ {
      "vertices" : [ 0, 1, 2 ]
    }, {
      "vertices" : [ 0, 2, 1 ]
    } ]
  }, {
    "id" : "f418a01a-2083-4b6b-b881-9917dd6403ab",
    "vertices" : [ {
      "x" : 12.708204,
      "y" : 12.708204,
      "z" : -12.708204
    }, {
      "x" : 7.854102,
      "y" : 20.562305,
      "z" : 0.0
    }, {
      "x" : 0.0,
      "y" : 18.239958,
      "z" : -11.272914
    } ],
    "faces" : [ {
      "vertices" : [ 0, 1, 2 ]
    }, {
      "vertices" : [ 0, 2, 1 ]
    } ]
  }, {
    "id" : "fa9b15f9-e87e-45f6-945c-773a7c1c6d65",
    "vertices" : [ {
      "x" : 7.854102,
      "y" : -20.562305,
      "z" : 0.0
    }, {
      "x" : -7.854102,
      "y" : -20.562305,
      "z" : 0.0
    }, {
      "x" : 0.0,
      "y" : -18.239958,
      "z" : 11.272914
    } ],
    "faces" : [ {
      "vertices" : [ 0, 1, 2 ]
    }, {
      "vertices" : [ 0, 2, 1 ]
    } ]
  }, {
    "id" : "0b37df5d-b98d-48dd-9c52-ba2a31f0b6f2",
    "vertices" : [ {
      "x" : -7.854102,
      "y" : 20.562305,
      "z" : 0.0
    }, {
      "x" : -12.708204,
      "y" : 12.708204,
      "z" : 12.708204
    }, {
      "x" : -18.239958,
      "y" : 11.272914,
      "z" : 0.0
    } ],
    "faces" : [ {
      "vertices" : [ 0, 1, 2 ]
    }, {
      "vertices" : [ 0, 2, 1 ]
    } ]
  }, {
    "id" : "129673ec-6034-4dba-8f69-4f3bf561912c",
    "vertices" : [ {
      "x" : -12.708204,
      "y" : -12.708204,
      "z" : -12.708204
    }, {
      "x" : -20.562305,
      "y" : 0.0,
      "z" : -7.854102
    }, {
      "x" : -18.239958,
      "y" : -11.272914,
      "z" : 0.0
    } ],
    "faces" : [ {
      "vertices" : [ 0, 1, 2 ]
    }, {
      "vertices" : [ 0, 2, 1 ]
    } ]
  }, {
    "id" : "40e7f09e-6331-4d34-8bcc-83fe07ce525a",
    "vertices" : [ {
      "x" : 20.562305,
      "y" : 0.0,
      "z" : 7.854102
    }, {
      "x" : 20.562305,
      "y" : 0.0,
      "z" : -7.854102
    }, {
      "x" : 18.239958,
      "y" : -11.272914,
      "z" : 0.0
    } ],
    "faces" : [ {
      "vertices" : [ 0, 1, 2 ]
    }, {
      "vertices" : [ 0, 2, 1 ]
    } ]
  }, {
    "id" : "5e0ddebc-27e5-4af6-8cd5-1c36e175694d",
    "vertices" : [ {
      "x" : 0.0,
      "y" : -7.854102,
      "z" : 20.562305
    }, {
      "x" : -12.708204,
      "y" : -12.708204,
      "z" : 12.708204
    }, {
      "x" : -11.272914,
      "y" : 0.0,
      "z" : 18.239958
    } ],
    "faces" : [ {
      "vertices" : [ 0, 1, 2 ]
    }, {
      "vertices" : [ 0, 2, 1 ]
    } ]
  }, {
    "id" : "13aa4ec9-f1f8-49b8-9935-b3cbef8cfc91",
    "vertices" : [ {
      "x" : 0.0,
      "y" : 7.854102,
      "z" : 20.562305
    }, {
      "x" : 12.708204,
      "y" : 12.708204,
      "z" : 12.708204
    }, {
      "x" : 11.272914,
      "y" : 0.0,
      "z" : 18.239958
    } ],
    "faces" : [ {
      "vertices" : [ 0, 1, 2 ]
    }, {
      "vertices" : [ 0, 2, 1 ]
    } ]
  }, {
    "id" : "bfa75e45-249a-47cd-a280-ae73a9e2a9b7",
    "vertices" : [ {
      "x" : -20.562305,
      "y" : 0.0,
      "z" : -7.854102
    }, {
      "x" : -12.708204,
      "y" : -12.708204,
      "z" : -12.708204
    }, {
      "x" : -11.272914,
      "y" : 0.0,
      "z" : -18.239958
    } ],
    "faces" : [ {
      "vertices" : [ 0, 1, 2 ]
    }, {
      "vertices" : [ 0, 2, 1 ]
    } ]
  }, {
    "id" : "d9cd9cf2-6ab3-4794-9b3d-d2c878879926",
    "vertices" : [ {
      "x" : -12.708204,
      "y" : -12.708204,
      "z" : -12.708204
    }, {
      "x" : -7.854102,
      "y" : -20.562305,
      "z" : 0.0
    }, {
      "x" : 0.0,
      "y" : -18.239958,
      "z" : -11.272914
    } ],
    "faces" : [ {
      "vertices" : [ 0, 1, 2 ]
    }, {
      "vertices" : [ 0, 2, 1 ]
    } ]
  }, {
    "id" : "12e37fcd-92a2-4753-bd3b-e08cad00aada",
    "vertices" : [ {
      "x" : 0.0,
      "y" : 7.854102,
      "z" : 20.562305
    }, {
      "x" : 0.0,
      "y" : -7.854102,
      "z" : 20.562305
    }, {
      "x" : -11.272914,
      "y" : 0.0,
      "z" : 18.239958
    } ],
    "faces" : [ {
      "vertices" : [ 0, 1, 2 ]
    }, {
      "vertices" : [ 0, 2, 1 ]
    } ]
  }, {
    "id" : "96300bef-b4c9-43bf-b1ac-32d0595478f4",
    "vertices" : [ {
      "x" : -7.854102,
      "y" : -20.562305,
      "z" : 0.0
    }, {
      "x" : -12.708204,
      "y" : -12.708204,
      "z" : -12.708204
    }, {
      "x" : -18.239958,
      "y" : -11.272914,
      "z" : 0.0
    } ],
    "faces" : [ {
      "vertices" : [ 0, 1, 2 ]
    }, {
      "vertices" : [ 0, 2, 1 ]
    } ]
  }, {
    "id" : "5cfac1db-7640-4d06-a7e0-6b34514379db",
    "vertices" : [ {
      "x" : 12.708204,
      "y" : 12.708204,
      "z" : -12.708204
    }, {
      "x" : 0.0,
      "y" : 7.854102,
      "z" : -20.562305
    }, {
      "x" : 11.272914,
      "y" : 0.0,
      "z" : -18.239958
    } ],
    "faces" : [ {
      "vertices" : [ 0, 1, 2 ]
    }, {
      "vertices" : [ 0, 2, 1 ]
    } ]
  }, {
    "id" : "8ef7e161-19b1-45e8-8b4b-8c7e36dcf5d4",
    "vertices" : [ {
      "x" : -20.562305,
      "y" : 0.0,
      "z" : 7.854102
    }, {
      "x" : -12.708204,
      "y" : 12.708204,
      "z" : 12.708204
    }, {
      "x" : -11.272914,
      "y" : 0.0,
      "z" : 18.239958
    } ],
    "faces" : [ {
      "vertices" : [ 0, 1, 2 ]
    }, {
      "vertices" : [ 0, 2, 1 ]
    } ]
  }, {
    "id" : "d451a75f-878c-4c9d-b237-195b3c783c1c",
    "vertices" : [ {
      "x" : 1.0,
      "y" : 0.309017,
      "z" : 0.19098301
    }, {
      "x" : 1.0,
      "y" : -0.309017,
      "z" : 0.19098301
    }, {
      "x" : 19.562305,
      "y" : -0.309017,
      "z" : 0.19098301
    }, {
      "x" : 19.562305,
      "y" : 0.309017,
      "z" : 0.19098301
    }, {
      "x" : 19.562305,
      "y" : -0.309017,
      "z" : -0.19098301
    }, {
      "x" : 19.562305,
      "y" : 0.309017,
      "z" : -0.19098301
    }, {
      "x" : 20.18034,
      "y" : 0.0,
      "z" : 0.0
    }, {
      "x" : 0.38196602,
      "y" : 0.0,
      "z" : 0.0
    }, {
      "x" : 1.0,
      "y" : 0.309017,
      "z" : -0.19098301
    }, {
      "x" : 1.0,
      "y" : -0.309017,
      "z" : -0.19098301
    }, {
      "x" : 20.562305,
      "y" : 0.0,
      "z" : 0.0
    } ],
    "faces" : [ {
      "vertices" : [ 1, 9, 4 ]
    }, {
      "vertices" : [ 1, 4, 2 ]
    }, {
      "vertices" : [ 0, 3, 5 ]
    }, {
      "vertices" : [ 0, 5, 8 ]
    }, {
      "vertices" : [ 1, 7, 9 ]
    }, {
      "vertices" : [ 0, 1, 2 ]
    }, {
      "vertices" : [ 0, 2, 3 ]
    }, {
      "vertices" : [ 7, 8, 9 ]
    }, {
      "vertices" : [ 0, 7, 1 ]
    }, {
      "vertices" : [ 4, 9, 8 ]
    }, {
      "vertices" : [ 4, 8, 5 ]
    }, {
      "vertices" : [ 2, 6, 3 ]
    }, {
      "vertices" : [ 2, 4, 6 ]
    }, {
      "vertices" : [ 3, 6, 5 ]
    }, {
      "vertices" : [ 4, 5, 6 ]
    }, {
      "vertices" : [ 0, 8, 7 ]
    } ]
  }, {
    "id" : "28fb504c-6a21-4b3f-ad03-7cc12a3028e3",
    "vertices" : [ {
      "x" : 0.0,
      "y" : -7.854102,
      "z" : 20.562305
    }, {
      "x" : 12.708204,
      "y" : -12.708204,
      "z" : 12.708204
    }, {
      "x" : 0.0,
      "y" : -18.239958,
      "z" : 11.272914
    } ],
    "faces" : [ {
      "vertices" : [ 0, 1, 2 ]
    }, {
      "vertices" : [ 0, 2, 1 ]
    } ]
  }, {
    "id" : "aa208906-e3f9-4093-adee-b86f7a5f574b",
    "vertices" : [ {
      "x" : -7.854102,
      "y" : 20.562305,
      "z" : 0.0
    }, {
      "x" : -12.708204,
      "y" : 12.708204,
      "z" : -12.708204
    }, {
      "x" : 0.0,
      "y" : 18.239958,
      "z" : -11.272914
    } ],
    "faces" : [ {
      "vertices" : [ 0, 1, 2 ]
    }, {
      "vertices" : [ 0, 2, 1 ]
    } ]
  }, {
    "id" : "b3a0ddcd-7012-41e6-a795-03224cf7ee56",
    "vertices" : [ {
      "x" : -12.708204,
      "y" : -12.708204,
      "z" : -12.708204
    }, {
      "x" : 0.0,
      "y" : -7.854102,
      "z" : -20.562305
    }, {
      "x" : -11.272914,
      "y" : 0.0,
      "z" : -18.239958
    } ],
    "faces" : [ {
      "vertices" : [ 0, 1, 2 ]
    }, {
      "vertices" : [ 0, 2, 1 ]
    } ]
  }, {
    "id" : "c7c968e2-c830-4293-ab1d-74a006bbeff0",
    "vertices" : [ {
      "x" : 12.708204,
      "y" : 12.708204,
      "z" : -12.708204
    }, {
      "x" : 20.562305,
      "y" : 0.0,
      "z" : -7.854102
    }, {
      "x" : 18.239958,
      "y" : 11.272914,
      "z" : 0.0
    } ],
    "faces" : [ {
      "vertices" : [ 0, 1, 2 ]
    }, {
      "vertices" : [ 0, 2, 1 ]
    } ]
  }, {
    "id" : "02d6ac28-8dc2-4d90-96b7-2db056b9cfe6",
    "vertices" : [ {
      "x" : -12.708204,
      "y" : 12.708204,
      "z" : 12.708204
    }, {
      "x" : -7.854102,
      "y" : 20.562305,
      "z" : 0.0
    }, {
      "x" : 0.0,
      "y" : 18.239958,
      "z" : 11.272914
    } ],
    "faces" : [ {
      "vertices" : [ 0, 1, 2 ]
    }, {
      "vertices" : [ 0, 2, 1 ]
    } ]
  }, {
    "id" : "bf07e850-9a9a-4a4f-a495-d0f696a3a1c6",
    "vertices" : [ {
      "x" : 0.0,
      "y" : -7.854102,
      "z" : -20.562305
    }, {
      "x" : -12.708204,
      "y" : -12.708204,
      "z" : -12.708204
    }, {
      "x" : 0.0,
      "y" : -18.239958,
      "z" : -11.272914
    } ],
    "faces" : [ {
      "vertices" : [ 0, 1, 2 ]
    }, {
      "vertices" : [ 0, 2, 1 ]
    } ]
  }, {
    "id" : "49df34fe-8a2b-43e0-8790-357d25da1745",
    "vertices" : [ {
      "x" : 7.854102,
      "y" : -20.562305,
      "z" : 0.0
    }, {
      "x" : 12.708204,
      "y" : -12.708204,
      "z" : 12.708204
    }, {
      "x" : 18.239958,
      "y" : -11.272914,
      "z" : 0.0
    } ],
    "faces" : [ {
      "vertices" : [ 0, 1, 2 ]
    }, {
      "vertices" : [ 0, 2, 1 ]
    } ]
  }, {
    "id" : "b789e395-2c04-44c9-ab97-882c60fe032d",
    "vertices" : [ {
      "x" : -20.562305,
      "y" : 0.0,
      "z" : 7.854102
    }, {
      "x" : -20.562305,
      "y" : 0.0,
      "z" : -7.854102
    }, {
      "x" : -18.239958,
      "y" : 11.272914,
      "z" : 0.0
    } ],
    "faces" : [ {
      "vertices" : [ 0, 1, 2 ]
    }, {
      "vertices" : [ 0, 2, 1 ]
    } ]
  }, {
    "id" : "eae4f1b6-07e1-41ea-943c-bddf0b173b05",
    "vertices" : [ {
      "x" : 12.708204,
      "y" : 12.708204,
      "z" : 12.708204
    }, {
      "x" : 0.0,
      "y" : 7.854102,
      "z" : 20.562305
    }, {
      "x" : 0.0,
      "y" : 18.239958,
      "z" : 11.272914
    } ],
    "faces" : [ {
      "vertices" : [ 0, 1, 2 ]
    }, {
      "vertices" : [ 0, 2, 1 ]
    } ]
  }, {
    "id" : "fbaa03e5-197e-4294-8d39-d6de80dcda07",
    "vertices" : [ {
      "x" : 12.708204,
      "y" : -12.708204,
      "z" : 12.708204
    }, {
      "x" : 7.854102,
      "y" : -20.562305,
      "z" : 0.0
    }, {
      "x" : 0.0,
      "y" : -18.239958,
      "z" : 11.272914
    } ],
    "faces" : [ {
      "vertices" : [ 0, 1, 2 ]
    }, {
      "vertices" : [ 0, 2, 1 ]
    } ]
  }, {
    "id" : "d05ff39e-9ee7-417f-b686-680b32fb6ba1",
    "vertices" : [ {
      "x" : -12.708204,
      "y" : -12.708204,
      "z" : 12.708204
    }, {
      "x" : 0.0,
      "y" : -7.854102,
      "z" : 20.562305
    }, {
      "x" : 0.0,
      "y" : -18.239958,
      "z" : 11.272914
    } ],
    "faces" : [ {
      "vertices" : [ 0, 1, 2 ]
    }, {
      "vertices" : [ 0, 2, 1 ]
    } ]
  }, {
    "id" : "040cfa67-789b-48cd-a8e4-e3d2701f4add",
    "vertices" : [ {
      "x" : 12.708204,
      "y" : -12.708204,
      "z" : -12.708204
    }, {
      "x" : 0.0,
      "y" : -7.854102,
      "z" : -20.562305
    }, {
      "x" : 0.0,
      "y" : -18.239958,
      "z" : -11.272914
    } ],
    "faces" : [ {
      "vertices" : [ 0, 1, 2 ]
    }, {
      "vertices" : [ 0, 2, 1 ]
    } ]
  }, {
    "id" : "909455f4-1778-4508-8742-34f85a9fd7fc",
    "vertices" : [ {
      "x" : 20.562305,
      "y" : 0.0,
      "z" : 7.854102
    }, {
      "x" : 12.708204,
      "y" : -12.708204,
      "z" : 12.708204
    }, {
      "x" : 11.272914,
      "y" : 0.0,
      "z" : 18.239958
    } ],
    "faces" : [ {
      "vertices" : [ 0, 1, 2 ]
    }, {
      "vertices" : [ 0, 2, 1 ]
    } ]
  }, {
    "id" : "dfe14679-b42b-4f1b-8bf2-004b558a5a2a",
    "vertices" : [ {
      "x" : -20.562305,
      "y" : 0.0,
      "z" : -7.854102
    }, {
      "x" : -20.562305,
      "y" : 0.0,
      "z" : 7.854102
    }, {
      "x" : -18.239958,
      "y" : -11.272914,
      "z" : 0.0
    } ],
    "faces" : [ {
      "vertices" : [ 0, 1, 2 ]
    }, {
      "vertices" : [ 0, 2, 1 ]
    } ]
  }, {
    "id" : "96fadf53-be24-4707-a692-36897dfad979",
    "vertices" : [ {
      "x" : 20.562305,
      "y" : 0.0,
      "z" : -7.854102
    }, {
      "x" : 12.708204,
      "y" : -12.708204,
      "z" : -12.708204
    }, {
      "x" : 18.239958,
      "y" : -11.272914,
      "z" : 0.0
    } ],
    "faces" : [ {
      "vertices" : [ 0, 1, 2 ]
    }, {
      "vertices" : [ 0, 2, 1 ]
    } ]
  }, {
    "id" : "84921033-ac9c-4b3e-908f-b781c3d5e3c8",
    "vertices" : [ {
      "x" : 12.708204,
      "y" : -12.708204,
      "z" : 12.708204
    }, {
      "x" : 20.562305,
      "y" : 0.0,
      "z" : 7.854102
    }, {
      "x" : 18.239958,
      "y" : -11.272914,
      "z" : 0.0
    } ],
    "faces" : [ {
      "vertices" : [ 0, 1, 2 ]
    }, {
      "vertices" : [ 0, 2, 1 ]
    } ]
  }, {
    "id" : "841cf071-e786-4fc6-8b30-34f76fbb6bc5",
    "vertices" : [ {
      "x" : 20.562305,
      "y" : 0.0,
      "z" : -7.854102
    }, {
      "x" : 12.708204,
      "y" : 12.708204,
      "z" : -12.708204
    }, {
      "x" : 11.272914,
      "y" : 0.0,
      "z" : -18.239958
    } ],
    "faces" : [ {
      "vertices" : [ 0, 1, 2 ]
    }, {
      "vertices" : [ 0, 2, 1 ]
    } ]
  }, {
    "id" : "fbb175eb-280a-4368-9552-bcda477b53b3",
    "vertices" : [ {
      "x" : -12.708204,
      "y" : 12.708204,
      "z" : -12.708204
    }, {
      "x" : -20.562305,
      "y" : 0.0,
      "z" : -7.854102
    }, {
      "x" : -11.272914,
      "y" : 0.0,
      "z" : -18.239958
    } ],
    "faces" : [ {
      "vertices" : [ 0, 1, 2 ]
    }, {
      "vertices" : [ 0, 2, 1 ]
    } ]
  }, {
    "id" : "b9e29a9f-5300-4774-8bbb-0ea22dbb4e90",
    "vertices" : [ {
      "x" : 0.0,
      "y" : -7.854102,
      "z" : -20.562305
    }, {
      "x" : 12.708204,
      "y" : -12.708204,
      "z" : -12.708204
    }, {
      "x" : 11.272914,
      "y" : 0.0,
      "z" : -18.239958
    } ],
    "faces" : [ {
      "vertices" : [ 0, 1, 2 ]
    }, {
      "vertices" : [ 0, 2, 1 ]
    } ]
  }, {
    "id" : "caa2f69c-6b8d-4619-961f-1a6dc1c6b6d3",
    "vertices" : [ {
      "x" : 7.854102,
      "y" : 20.562305,
      "z" : 0.0
    }, {
      "x" : 12.708204,
      "y" : 12.708204,
      "z" : 12.708204
    }, {
      "x" : 0.0,
      "y" : 18.239958,
      "z" : 11.272914
    } ],
    "faces" : [ {
      "vertices" : [ 0, 1, 2 ]
    }, {
      "vertices" : [ 0, 2, 1 ]
    } ]
  }, {
    "id" : "239a4147-dc97-4167-be21-a0546c019144",
    "vertices" : [ {
      "x" : 0.0,
      "y" : 7.854102,
      "z" : -20.562305
    }, {
      "x" : 12.708204,
      "y" : 12.708204,
      "z" : -12.708204
    }, {
      "x" : 0.0,
      "y" : 18.239958,
      "z" : -11.272914
    } ],
    "faces" : [ {
      "vertices" : [ 0, 1, 2 ]
    }, {
      "vertices" : [ 0, 2, 1 ]
    } ]
  }, {
    "id" : "c98095c4-e899-47b4-adb1-a5cac69954c6",
    "vertices" : [ {
      "x" : 7.854102,
      "y" : -20.562305,
      "z" : 0.0
    }, {
      "x" : 12.708204,
      "y" : -12.708204,
      "z" : -12.708204
    }, {
      "x" : 0.0,
      "y" : -18.239958,
      "z" : -11.272914
    } ],
    "faces" : [ {
      "vertices" : [ 0, 1, 2 ]
    }, {
      "vertices" : [ 0, 2, 1 ]
    } ]
  }, {
    "id" : "45e3f59f-7fde-4c5b-8216-983ede7d3b3c",
    "vertices" : [ {
      "x" : -11.421192,
      "y" : -5.1022706,
      "z" : 15.490161
    }, {
      "x" : -11.321192,
      "y" : -5.5022707,
      "z" : 15.390161
    }, {
      "x" : -0.47799522,
      "y" : -0.44281447,
      "z" : 0.3360771
    }, {
      "x" : -0.5779952,
      "y" : -0.04281446,
      "z" : 0.4360771
    }, {
      "x" : -11.621192,
      "y" : -5.635604,
      "z" : 15.156828
    }, {
      "x" : -11.721191,
      "y" : -5.235604,
      "z" : 15.256827
    }, {
      "x" : -0.2779952,
      "y" : 0.09051888,
      "z" : 0.6694104
    }, {
      "x" : -0.1779952,
      "y" : -0.3094811,
      "z" : 0.56941044
    } ],
    "faces" : [ {
      "vertices" : [ 2, 3, 6 ]
    }, {
      "vertices" : [ 2, 6, 7 ]
    }, {
      "vertices" : [ 0, 5, 4 ]
    }, {
      "vertices" : [ 0, 4, 1 ]
    }, {
      "vertices" : [ 2, 4, 5 ]
    }, {
      "vertices" : [ 2, 5, 3 ]
    }, {
      "vertices" : [ 0, 6, 3 ]
    }, {
      "vertices" : [ 0, 3, 5 ]
    }, {
      "vertices" : [ 0, 1, 7 ]
    }, {
      "vertices" : [ 0, 7, 6 ]
    }, {
      "vertices" : [ 1, 4, 2 ]
    }, {
      "vertices" : [ 1, 2, 7 ]
    } ]
  }, {
    "id" : "b4d2683f-0753-4c7f-ba87-dca99ad43ab1",
    "vertices" : [ {
      "x" : 12.708204,
      "y" : 12.708204,
      "z" : 12.708204
    }, {
      "x" : 20.562305,
      "y" : 0.0,
      "z" : 7.854102
    }, {
      "x" : 11.272914,
      "y" : 0.0,
      "z" : 18.239958
    } ],
    "faces" : [ {
      "vertices" : [ 0, 1, 2 ]
    }, {
      "vertices" : [ 0, 2, 1 ]
    } ]
  }, {
    "id" : "439eab15-aa21-4e3d-8423-8437db01c45e",
    "vertices" : [ {
      "x" : 0.0,
      "y" : -7.854102,
      "z" : -20.562305
    }, {
      "x" : 0.0,
      "y" : 7.854102,
      "z" : -20.562305
    }, {
      "x" : -11.272914,
      "y" : 0.0,
      "z" : -18.239958
    } ],
    "faces" : [ {
      "vertices" : [ 0, 1, 2 ]
    }, {
      "vertices" : [ 0, 2, 1 ]
    } ]
  }, {
    "id" : "aadf8311-8757-412d-80a4-65b81d932921",
    "vertices" : [ {
      "x" : -12.708204,
      "y" : -12.708204,
      "z" : 12.708204
    }, {
      "x" : -7.854102,
      "y" : -20.562305,
      "z" : 0.0
    }, {
      "x" : -18.239958,
      "y" : -11.272914,
      "z" : 0.0
    } ],
    "faces" : [ {
      "vertices" : [ 0, 1, 2 ]
    }, {
      "vertices" : [ 0, 2, 1 ]
    } ]
  }, {
    "id" : "df4ee2c2-a9fa-48f1-95db-e86d49242325",
    "vertices" : [ {
      "x" : -12.708204,
      "y" : 12.708204,
      "z" : 12.708204
    }, {
      "x" : 0.0,
      "y" : 7.854102,
      "z" : 20.562305
    }, {
      "x" : -11.272914,
      "y" : 0.0,
      "z" : 18.239958
    } ],
    "faces" : [ {
      "vertices" : [ 0, 1, 2 ]
    }, {
      "vertices" : [ 0, 2, 1 ]
    } ]
  }, {
    "id" : "d3c29ae4-2d57-4182-825e-554d99c2c98e",
    "vertices" : [ {
      "x" : 7.854102,
      "y" : 20.562305,
      "z" : 0.0
    }, {
      "x" : -7.854102,
      "y" : 20.562305,
      "z" : 0.0
    }, {
      "x" : 0.0,
      "y" : 18.239958,
      "z" : -11.272914
    } ],
    "faces" : [ {
      "vertices" : [ 0, 1, 2 ]
    }, {
      "vertices" : [ 0, 2, 1 ]
    } ]
  }, {
    "id" : "3920cbd1-6708-4296-9c18-0d6313896551",
    "vertices" : [ {
      "x" : 12.708204,
      "y" : 12.708204,
      "z" : 12.708204
    }, {
      "x" : 7.854102,
      "y" : 20.562305,
      "z" : 0.0
    }, {
      "x" : 18.239958,
      "y" : 11.272914,
      "z" : 0.0
    } ],
    "faces" : [ {
      "vertices" : [ 0, 1, 2 ]
    }, {
      "vertices" : [ 0, 2, 1 ]
    } ]
  }, {
    "id" : "a21a48a2-85aa-4511-ac97-5d3f5430310d",
    "vertices" : [ {
      "x" : -12.708204,
      "y" : 12.708204,
      "z" : 12.708204
    }, {
      "x" : -20.562305,
      "y" : 0.0,
      "z" : 7.854102
    }, {
      "x" : -18.239958,
      "y" : 11.272914,
      "z" : 0.0
    } ],
    "faces" : [ {
      "vertices" : [ 0, 1, 2 ]
    }, {
      "vertices" : [ 0, 2, 1 ]
    } ]
  }, {
    "id" : "50d7c4c4-c6e2-4743-9f52-f9a1363985c0",
    "vertices" : [ {
      "x" : 12.708204,
      "y" : -12.708204,
      "z" : 12.708204
    }, {
      "x" : 0.0,
      "y" : -7.854102,
      "z" : 20.562305
    }, {
      "x" : 11.272914,
      "y" : 0.0,
      "z" : 18.239958
    } ],
    "faces" : [ {
