{
  "field" : "golden",
  "symmetry" : "icosahedral",
  "orientations" : [ [ 1.0, 0.0, 0.0, 0.0, 0.0, 1.0, 0.0, 0.0, 0.0, 0.0, 1.0, 0.0, 0.0, 0.0, 0.0, 1.0 ], [ 0.0, 0.0, 1.0, 0.0, 1.0, 0.0, 0.0, 0.0, 0.0, 1.0, 0.0, 0.0, 0.0, 0.0, 0.0, 1.0 ], [ 0.0, 1.0, 0.0, 0.0, 0.0, 0.0, 1.0, 0.0, 1.0, 0.0, 0.0, 0.0, 0.0, 0.0, 0.0, 1.0 ], [ 0.809017, 0.309017, 0.5, 0.0, 0.309017, 0.5, -0.809017, 0.0, -0.5, 0.809017, 0.309017, 0.0, 0.0, 0.0, 0.0, 1.0 ], [ -0.5, 0.809017, 0.309017, 0.0, 0.809017, 0.309017, 0.5, 0.0, 0.309017, 0.5, -0.809017, 0.0, 0.0, 0.0, 0.0, 1.0 ], [ 0.309017, 0.5, -0.809017, 0.0, -0.5, 0.809017, 0.309017, 0.0, 0.809017, 0.309017, 0.5, 0.0, 0.0, 0.0, 0.0, 1.0 ], [ 0.5, 0.809017, 0.309017, 0.0, 0.809017, -0.309017, -0.5, 0.0, -0.309017, 0.5, -0.809017, 0.0, 0.0, 0.0, 0.0, 1.0 ], [ -0.309017, 0.5, -0.809017, 0.0, 0.5, 0.809017, 0.309017, 0.0, 0.809017, -0.309017, -0.5, 0.0, 0.0, 0.0, 0.0, 1.0 ], [ 0.809017, -0.309017, -0.5, 0.0, -0.309017, 0.5, -0.809017, 0.0, 0.5, 0.809017, 0.309017, 0.0, 0.0, 0.0, 0.0, 1.0 ], [ 0.5, 0.809017, -0.309017, 0.0, 0.809017, -0.309017, 0.5, 0.0, 0.309017, -0.5, -0.809017, 0.0, 0.0, 0.0, 0.0, 1.0 ], [ 0.309017, -0.5, -0.809017, 0.0, 0.5, 0.809017, -0.309017, 0.0, 0.809017, -0.309017, 0.5, 0.0, 0.0, 0.0, 0.0, 1.0 ], [ 0.809017, -0.309017, 0.5, 0.0, 0.309017, -0.5, -0.809017, 0.0, 0.5, 0.809017, -0.309017, 0.0, 0.0, 0.0, 0.0, 1.0 ], [ 0.809017, 0.309017, -0.5, 0.0, 0.309017, 0.5, 0.809017, 0.0, 0.5, -0.809017, 0.309017, 0.0, 0.0, 0.0, 0.0, 1.0 ], [ 0.5, -0.809017, 0.309017, 0.0, 0.809017, 0.309017, -0.5, 0.0, 0.309017, 0.5, 0.809017, 0.0, 0.0, 0.0, 0.0, 1.0 ], [ 0.309017, 0.5, 0.809017, 0.0, 0.5, -0.809017, 0.309017, 0.0, 0.809017, 0.309017, -0.5, 0.0, 0.0, 0.0, 0.0, 1.0 ], [ 1.0, 0.0, 0.0, 0.0, 0.0, -1.0, 0.0, 0.0, 0.0, 0.0, -1.0, 0.0, 0.0, 0.0, 0.0, 1.0 ], [ 0.0, 0.0, 1.0, 0.0, -1.0, 0.0, 0.0, 0.0, 0.0, -1.0, 0.0, 0.0, 0.0, 0.0, 0.0, 1.0 ], [ 0.0, 1.0, 0.0, 0.0, 0.0, 0.0, -1.0, 0.0, -1.0, 0.0, 0.0, 0.0, 0.0, 0.0, 0.0, 1.0 ], [ 0.809017, 0.309017, 0.5, 0.0, -0.309017, -0.5, 0.809017, 0.0, 0.5, -0.809017, -0.309017, 0.0, 0.0, 0.0, 0.0, 1.0 ], [ -0.5, 0.809017, 0.309017, 0.0, -0.809017, -0.309017, -0.5, 0.0, -0.309017, -0.5, 0.809017, 0.0, 0.0, 0.0, 0.0, 1.0 ], [ 0.309017, 0.5, -0.809017, 0.0, 0.5, -0.809017, -0.309017, 0.0, -0.809017, -0.309017, -0.5, 0.0, 0.0, 0.0, 0.0, 1.0 ], [ 0.5, 0.809017, 0.309017, 0.0, -0.809017, 0.309017, 0.5, 0.0, 0.309017, -0.5, 0.809017, 0.0, 0.0, 0.0, 0.0, 1.0 ], [ -0.309017, 0.5, -0.809017, 0.0, -0.5, -0.809017, -0.309017, 0.0, -0.809017, 0.309017, 0.5, 0.0, 0.0, 0.0, 0.0, 1.0 ], [ 0.809017, -0.309017, -0.5, 0.0, 0.309017, -0.5, 0.809017, 0.0, -0.5, -0.809017, -0.309017, 0.0, 0.0, 0.0, 0.0, 1.0 ], [ 0.5, 0.809017, -0.309017, 0.0, -0.809017, 0.309017, -0.5, 0.0, -0.309017, 0.5, 0.809017, 0.0, 0.0, 0.0, 0.0, 1.0 ], [ 0.309017, -0.5, -0.809017, 0.0, -0.5, -0.809017, 0.309017, 0.0, -0.809017, 0.309017, -0.5, 0.0, 0.0, 0.0, 0.0, 1.0 ], [ 0.809017, -0.309017, 0.5, 0.0, -0.309017, 0.5, 0.809017, 0.0, -0.5, -0.809017, 0.309017, 0.0, 0.0, 0.0, 0.0, 1.0 ], [ 0.809017, 0.309017, -0.5, 0.0, -0.309017, -0.5, -0.809017, 0.0, -0.5, 0.809017, -0.309017, 0.0, 0.0, 0.0, 0.0, 1.0 ], [ 0.5, -0.809017, 0.309017, 0.0, -0.809017, -0.309017, 0.5, 0.0, -0.309017, -0.5, -0.809017, 0.0, 0.0, 0.0, 0.0, 1.0 ], [ 0.309017, 0.5, 0.809017, 0.0, -0.5, 0.809017, -0.309017, 0.0, -0.809017, -0.309017, 0.5, 0.0, 0.0, 0.0, 0.0, 1.0 ], [ -1.0, 0.0, 0.0, 0.0, 0.0, -1.0, 0.0, 0.0, 0.0, 0.0, 1.0, 0.0, 0.0, 0.0, 0.0, 1.0 ], [ 0.0, 0.0, -1.0, 0.0, -1.0, 0.0, 0.0, 0.0, 0.0, 1.0, 0.0, 0.0, 0.0, 0.0, 0.0, 1.0 ], [ 0.0, -1.0, 0.0, 0.0, 0.0, 0.0, -1.0, 0.0, 1.0, 0.0, 0.0, 0.0, 0.0, 0.0, 0.0, 1.0 ], [ -0.809017, -0.309017, -0.5, 0.0, -0.309017, -0.5, 0.809017, 0.0, -0.5, 0.809017, 0.309017, 0.0, 0.0, 0.0, 0.0, 1.0 ], [ 0.5, -0.809017, -0.309017, 0.0, -0.809017, -0.309017, -0.5, 0.0, 0.309017, 0.5, -0.809017, 0.0, 0.0, 0.0, 0.0, 1.0 ], [ -0.309017, -0.5, 0.809017, 0.0, 0.5, -0.809017, -0.309017, 0.0, 0.809017, 0.309017, 0.5, 0.0, 0.0, 0.0, 0.0, 1.0 ], [ -0.5, -0.809017, -0.309017, 0.0, -0.809017, 0.309017, 0.5, 0.0, -0.309017, 0.5, -0.809017, 0.0, 0.0, 0.0, 0.0, 1.0 ], [ 0.309017, -0.5, 0.809017, 0.0, -0.5, -0.809017, -0.309017, 0.0, 0.809017, -0.309017, -0.5, 0.0, 0.0, 0.0, 0.0, 1.0 ], [ -0.809017, 0.309017, 0.5, 0.0, 0.309017, -0.5, 0.809017, 0.0, 0.5, 0.809017, 0.309017, 0.0, 0.0, 0.0, 0.0, 1.0 ], [ -0.5, -0.809017, 0.309017, 0.0, -0.809017, 0.309017, -0.5, 0.0, 0.309017, -0.5, -0.809017, 0.0, 0.0, 0.0, 0.0, 1.0 ], [ -0.309017, 0.5, 0.809017, 0.0, -0.5, -0.809017, 0.309017, 0.0, 0.809017, -0.309017, 0.5, 0.0, 0.0, 0.0, 0.0, 1.0 ], [ -0.809017, 0.309017, -0.5, 0.0, -0.309017, 0.5, 0.809017, 0.0, 0.5, 0.809017, -0.309017, 0.0, 0.0, 0.0, 0.0, 1.0 ], [ -0.809017, -0.309017, 0.5, 0.0, -0.309017, -0.5, -0.809017, 0.0, 0.5, -0.809017, 0.309017, 0.0, 0.0, 0.0, 0.0, 1.0 ], [ -0.5, 0.809017, -0.309017, 0.0, -0.809017, -0.309017, 0.5, 0.0, 0.309017, 0.5, 0.809017, 0.0, 0.0, 0.0, 0.0, 1.0 ], [ -0.309017, -0.5, -0.809017, 0.0, -0.5, 0.809017, -0.309017, 0.0, 0.809017, 0.309017, -0.5, 0.0, 0.0, 0.0, 0.0, 1.0 ], [ -1.0, 0.0, 0.0, 0.0, 0.0, 1.0, 0.0, 0.0, 0.0, 0.0, -1.0, 0.0, 0.0, 0.0, 0.0, 1.0 ], [ 0.0, 0.0, -1.0, 0.0, 1.0, 0.0, 0.0, 0.0, 0.0, -1.0, 0.0, 0.0, 0.0, 0.0, 0.0, 1.0 ], [ 0.0, -1.0, 0.0, 0.0, 0.0, 0.0, 1.0, 0.0, -1.0, 0.0, 0.0, 0.0, 0.0, 0.0, 0.0, 1.0 ], [ -0.809017, -0.309017, -0.5, 0.0, 0.309017, 0.5, -0.809017, 0.0, 0.5, -0.809017, -0.309017, 0.0, 0.0, 0.0, 0.0, 1.0 ], [ 0.5, -0.809017, -0.309017, 0.0, 0.809017, 0.309017, 0.5, 0.0, -0.309017, -0.5, 0.809017, 0.0, 0.0, 0.0, 0.0, 1.0 ], [ -0.309017, -0.5, 0.809017, 0.0, -0.5, 0.809017, 0.309017, 0.0, -0.809017, -0.309017, -0.5, 0.0, 0.0, 0.0, 0.0, 1.0 ], [ -0.5, -0.809017, -0.309017, 0.0, 0.809017, -0.309017, -0.5, 0.0, 0.309017, -0.5, 0.809017, 0.0, 0.0, 0.0, 0.0, 1.0 ], [ 0.309017, -0.5, 0.809017, 0.0, 0.5, 0.809017, 0.309017, 0.0, -0.809017, 0.309017, 0.5, 0.0, 0.0, 0.0, 0.0, 1.0 ], [ -0.809017, 0.309017, 0.5, 0.0, -0.309017, 0.5, -0.809017, 0.0, -0.5, -0.809017, -0.309017, 0.0, 0.0, 0.0, 0.0, 1.0 ], [ -0.5, -0.809017, 0.309017, 0.0, 0.809017, -0.309017, 0.5, 0.0, -0.309017, 0.5, 0.809017, 0.0, 0.0, 0.0, 0.0, 1.0 ], [ -0.309017, 0.5, 0.809017, 0.0, 0.5, 0.809017, -0.309017, 0.0, -0.809017, 0.309017, -0.5, 0.0, 0.0, 0.0, 0.0, 1.0 ], [ -0.809017, 0.309017, -0.5, 0.0, 0.309017, -0.5, -0.809017, 0.0, -0.5, -0.809017, 0.309017, 0.0, 0.0, 0.0, 0.0, 1.0 ], [ -0.809017, -0.309017, 0.5, 0.0, 0.309017, 0.5, 0.809017, 0.0, -0.5, 0.809017, -0.309017, 0.0, 0.0, 0.0, 0.0, 1.0 ], [ -0.5, 0.809017, -0.309017, 0.0, 0.809017, 0.309017, -0.5, 0.0, -0.309017, -0.5, -0.809017, 0.0, 0.0, 0.0, 0.0, 1.0 ], [ -0.309017, -0.5, -0.809017, 0.0, 0.5, -0.809017, 0.309017, 0.0, -0.809017, -0.309017, 0.5, 0.0, 0.0, 0.0, 0.0, 1.0 ] ],
  "lights" : {
    "backgroundColor" : "#AFC8DC",
    "ambientColor" : "#292929",
    "directionalLights" : [ {
      "direction" : {
        "x" : 1.0,
        "y" : -1.0,
        "z" : -1.0
      },
      "color" : "#EBEBE4"
    }, {
      "direction" : {
        "x" : -1.0,
        "y" : 0.0,
        "z" : 0.0
      },
      "color" : "#E4E4EB"
    }, {
      "direction" : {
        "x" : 0.0,
        "y" : 0.0,
        "z" : -1.0
      },
      "color" : "#1E1E1E"
    } ]
  },
  "camera" : {
    "lookDirection" : {
      "x" : 0.0,
      "y" : 0.0,
      "z" : -1.0
    },
    "upDirection" : {
      "x" : 0.0,
      "y" : 1.0,
      "z" : 0.0
    },
    "lookAtPoint" : {
      "x" : 0.0,
      "y" : 0.0,
      "z" : 0.0
    },
    "viewDistance" : 375.73325,
    "nearClipDistance" : 0.9393332,
    "farClipDistance" : 751.46643,
    "fieldOfView" : 0.4426289,
    "perspective" : false,
    "width" : 169.07997,
    "stereo" : false,
    "position" : {
      "x" : 0.0,
      "y" : 0.0,
      "z" : 375.73325
    }
  },
  "embedding" : [ 1.0, 0.0, 0.0, 0.0, 0.0, 1.0, 0.0, 0.0, 0.0, 0.0, 1.0, 0.0, 0.0, 0.0, 0.0, 1.0 ],
  "shapes" : [ {
    "id" : "4f46b951-81db-4d2e-b7ea-06aec77a34a7",
    "vertices" : [ {
      "x" : 1.0,
      "y" : 0.309017,
      "z" : 0.19098301
    }, {
      "x" : 1.0,
      "y" : -0.309017,
      "z" : 0.19098301
    }, {
      "x" : 7.472136,
      "y" : -0.309017,
      "z" : 0.19098301
    }, {
      "x" : 7.472136,
      "y" : 0.309017,
      "z" : 0.19098301
    }, {
      "x" : 7.472136,
      "y" : -0.309017,
      "z" : -0.19098301
    }, {
      "x" : 7.472136,
      "y" : 0.309017,
      "z" : -0.19098301
    }, {
      "x" : 8.09017,
      "y" : 0.0,
      "z" : 0.0
    }, {
      "x" : 0.38196602,
      "y" : 0.0,
      "z" : 0.0
    }, {
      "x" : 1.0,
      "y" : 0.309017,
      "z" : -0.19098301
    }, {
      "x" : 1.0,
      "y" : -0.309017,
      "z" : -0.19098301
    }, {
      "x" : 8.472136,
      "y" : 0.0,
      "z" : 0.0
    } ],
    "faces" : [ {
      "vertices" : [ 1, 9, 4 ]
    }, {
      "vertices" : [ 1, 4, 2 ]
    }, {
      "vertices" : [ 0, 3, 5 ]
    }, {
      "vertices" : [ 0, 5, 8 ]
    }, {
      "vertices" : [ 1, 7, 9 ]
    }, {
      "vertices" : [ 0, 1, 2 ]
    }, {
      "vertices" : [ 0, 2, 3 ]
    }, {
      "vertices" : [ 7, 8, 9 ]
    }, {
      "vertices" : [ 0, 7, 1 ]
    }, {
      "vertices" : [ 4, 9, 8 ]
    }, {
      "vertices" : [ 4, 8, 5 ]
    }, {
      "vertices" : [ 2, 6, 3 ]
    }, {
      "vertices" : [ 2, 4, 6 ]
    }, {
      "vertices" : [ 3, 6, 5 ]
    }, {
      "vertices" : [ 4, 5, 6 ]
    }, {
      "vertices" : [ 0, 8, 7 ]
    } ]
  }, {
    "id" : "402a66ce-ead1-4b8a-9402-78fa8103f3c2",
    "vertices" : [ {
      "x" : 4.57365,
      "y" : -19.964565,
      "z" : -0.26666668
    }, {
      "x" : 4.47365,
      "y" : -19.864565,
      "z" : 0.13333334
    }, {
      "x" : 0.26542366,
      "y" : -0.53407913,
      "z" : 0.26666668
    }, {
      "x" : 0.36542365,
      "y" : -0.63407916,
      "z" : -0.13333334
    }, {
      "x" : 4.77365,
      "y" : -19.631233,
      "z" : 0.26666668
    }, {
      "x" : 4.87365,
      "y" : -19.731232,
      "z" : -0.13333334
    }, {
      "x" : 0.065423645,
      "y" : -0.8674125,
      "z" : -0.26666668
    }, {
      "x" : -0.034576353,
      "y" : -0.7674125,
      "z" : 0.13333334
    } ],
    "faces" : [ {
      "vertices" : [ 2, 3, 6 ]
    }, {
      "vertices" : [ 2, 6, 7 ]
    }, {
      "vertices" : [ 0, 5, 4 ]
    }, {
      "vertices" : [ 0, 4, 1 ]
    }, {
      "vertices" : [ 2, 4, 5 ]
    }, {
      "vertices" : [ 2, 5, 3 ]
    }, {
      "vertices" : [ 0, 6, 3 ]
    }, {
      "vertices" : [ 0, 3, 5 ]
    }, {
      "vertices" : [ 0, 1, 7 ]
    }, {
      "vertices" : [ 0, 7, 6 ]
    }, {
      "vertices" : [ 1, 4, 2 ]
    }, {
      "vertices" : [ 1, 2, 7 ]
    } ]
  }, {
    "id" : "cccf49a2-2917-4c3b-8f2a-bc8c9cd3b712",
    "vertices" : [ {
      "x" : 0.309017,
      "y" : -0.309017,
      "z" : -0.309017
    }, {
      "x" : 0.5,
      "y" : 0.0,
      "z" : -0.19098301
    }, {
      "x" : 0.5,
      "y" : 0.0,
      "z" : 0.19098301
    }, {
      "x" : 0.309017,
      "y" : -0.309017,
      "z" : 0.309017
    }, {
      "x" : 0.19098301,
      "y" : -0.5,
      "z" : 0.0
    }, {
      "x" : 0.0,
      "y" : 0.19098301,
      "z" : 0.5
    }, {
      "x" : 0.0,
      "y" : -0.19098301,
      "z" : 0.5
    }, {
      "x" : 0.309017,
      "y" : 0.309017,
      "z" : 0.309017
    }, {
      "x" : -0.309017,
      "y" : -0.309017,
      "z" : 0.309017
    }, {
      "x" : -0.309017,
      "y" : 0.309017,
      "z" : 0.309017
    }, {
      "x" : -0.5,
      "y" : 0.0,
      "z" : 0.19098301
    }, {
      "x" : 0.0,
      "y" : -0.19098301,
      "z" : -0.5
    }, {
      "x" : 0.0,
      "y" : 0.19098301,
      "z" : -0.5
    }, {
      "x" : 0.309017,
      "y" : 0.309017,
      "z" : -0.309017
    }, {
      "x" : -0.309017,
      "y" : -0.309017,
      "z" : -0.309017
    }, {
      "x" : -0.19098301,
      "y" : -0.5,
      "z" : 0.0
    }, {
      "x" : -0.5,
      "y" : 0.0,
      "z" : -0.19098301
    }, {
      "x" : 0.19098301,
      "y" : 0.5,
      "z" : 0.0
    }, {
      "x" : -0.309017,
      "y" : 0.309017,
      "z" : -0.309017
    }, {
      "x" : 0.0,
      "y" : 0.0,
      "z" : 0.0
    }, {
      "x" : -0.19098301,
      "y" : 0.5,
      "z" : 0.0
    } ],
    "faces" : [ {
      "vertices" : [ 12, 18, 20 ]
    }, {
      "vertices" : [ 12, 20, 17 ]
    }, {
      "vertices" : [ 12, 17, 13 ]
    }, {
      "vertices" : [ 3, 6, 8 ]
    }, {
      "vertices" : [ 3, 8, 15 ]
    }, {
      "vertices" : [ 3, 15, 4 ]
    }, {
      "vertices" : [ 0, 11, 12 ]
    }, {
      "vertices" : [ 0, 12, 13 ]
    }, {
      "vertices" : [ 0, 13, 1 ]
    }, {
      "vertices" : [ 5, 9, 10 ]
    }, {
      "vertices" : [ 5, 10, 8 ]
    }, {
      "vertices" : [ 5, 8, 6 ]
    }, {
      "vertices" : [ 2, 7, 5 ]
    }, {
      "vertices" : [ 2, 5, 6 ]
    }, {
      "vertices" : [ 2, 6, 3 ]
    }, {
      "vertices" : [ 11, 14, 16 ]
    }, {
      "vertices" : [ 11, 16, 18 ]
    }, {
      "vertices" : [ 11, 18, 12 ]
    }, {
      "vertices" : [ 1, 13, 17 ]
    }, {
      "vertices" : [ 1, 17, 7 ]
    }, {
      "vertices" : [ 1, 7, 2 ]
    }, {
      "vertices" : [ 9, 20, 18 ]
    }, {
      "vertices" : [ 9, 18, 16 ]
    }, {
      "vertices" : [ 9, 16, 10 ]
    }, {
      "vertices" : [ 0, 1, 2 ]
    }, {
      "vertices" : [ 0, 2, 3 ]
    }, {
      "vertices" : [ 0, 3, 4 ]
    }, {
      "vertices" : [ 5, 7, 17 ]
    }, {
      "vertices" : [ 5, 17, 20 ]
    }, {
      "vertices" : [ 5, 20, 9 ]
    }, {
      "vertices" : [ 0, 4, 15 ]
    }, {
      "vertices" : [ 0, 15, 14 ]
    }, {
      "vertices" : [ 0, 14, 11 ]
    }, {
      "vertices" : [ 8, 10, 16 ]
    }, {
      "vertices" : [ 8, 16, 14 ]
    }, {
      "vertices" : [ 8, 14, 15 ]
    } ]
  }, {
    "id" : "96cae4f1-dc00-4f5e-bde9-b9a2a678b5ab",
    "vertices" : [ {
      "x" : -33.167503,
      "y" : 20.498646,
      "z" : 0.0
    }, {
      "x" : -30.747967,
      "y" : 11.7446785,
      "z" : -19.003288
    }, {
      "x" : -21.546509,
      "y" : 21.546509,
      "z" : -21.546509
    }, {
      "x" : -19.003288,
      "y" : 30.747967,
      "z" : -11.7446785
    } ],
    "faces" : [ {
      "vertices" : [ 0, 1, 2 ]
    }, {
      "vertices" : [ 0, 2, 3 ]
    }, {
      "vertices" : [ 0, 3, 2 ]
    }, {
      "vertices" : [ 0, 2, 1 ]
    } ]
  }, {
    "id" : "f3765647-5936-4eba-9a06-113a64f9c8e1",
    "vertices" : [ {
      "x" : 4.0524297,
      "y" : -11.252167,
      "z" : 5.216058
    }, {
      "x" : 3.6524296,
      "y" : -11.352167,
      "z" : 5.3160577
    }, {
      "x" : 0.062587515,
      "y" : -0.49251142,
      "z" : 0.47075596
    }, {
      "x" : 0.4625875,
      "y" : -0.39251143,
      "z" : 0.37075597
    }, {
      "x" : 3.785763,
      "y" : -11.118834,
      "z" : 5.616058
    }, {
      "x" : 4.185763,
      "y" : -11.018834,
      "z" : 5.516058
    }, {
      "x" : 0.32925418,
      "y" : -0.6258448,
      "z" : 0.07075596
    }, {
      "x" : -0.07074582,
      "y" : -0.72584474,
      "z" : 0.17075595
    } ],
    "faces" : [ {
      "vertices" : [ 2, 3, 6 ]
    }, {
      "vertices" : [ 2, 6, 7 ]
    }, {
      "vertices" : [ 0, 5, 4 ]
    }, {
      "vertices" : [ 0, 4, 1 ]
    }, {
      "vertices" : [ 2, 4, 5 ]
    }, {
      "vertices" : [ 2, 5, 3 ]
    }, {
      "vertices" : [ 0, 6, 3 ]
    }, {
      "vertices" : [ 0, 3, 5 ]
    }, {
      "vertices" : [ 0, 1, 7 ]
    }, {
      "vertices" : [ 0, 7, 6 ]
    }, {
      "vertices" : [ 1, 4, 2 ]
    }, {
      "vertices" : [ 1, 2, 7 ]
    } ]
  }, {
    "id" : "0435d3b0-cd02-4fd6-91c7-f123afc6ba28",
    "vertices" : [ {
      "x" : 0.0,
      "y" : 33.167503,
      "z" : -20.498646
    }, {
      "x" : 11.7446785,
      "y" : 19.003288,
      "z" : -30.747967
    }, {
      "x" : 21.546509,
      "y" : 21.546509,
      "z" : -21.546509
    }, {
      "x" : 19.003288,
      "y" : 30.747967,
      "z" : -11.7446785
    } ],
    "faces" : [ {
      "vertices" : [ 0, 1, 2 ]
    }, {
      "vertices" : [ 0, 2, 3 ]
    }, {
      "vertices" : [ 0, 3, 2 ]
    }, {
      "vertices" : [ 0, 2, 1 ]
    } ]
  }, {
    "id" : "3cb8faf1-2130-49c0-b496-fc1391ce0c32",
    "vertices" : [ {
      "x" : 0.0,
      "y" : 33.167503,
      "z" : 20.498646
    }, {
      "x" : 19.003288,
      "y" : 30.747967,
      "z" : 11.7446785
    }, {
      "x" : 21.546509,
      "y" : 21.546509,
      "z" : 21.546509
    }, {
      "x" : 11.7446785,
      "y" : 19.003288,
      "z" : 30.747967
    } ],
    "faces" : [ {
      "vertices" : [ 0, 1, 2 ]
    }, {
      "vertices" : [ 0, 2, 3 ]
    }, {
      "vertices" : [ 0, 3, 2 ]
    }, {
      "vertices" : [ 0, 2, 1 ]
    } ]
  }, {
    "id" : "54eb5bb4-8d8d-4616-b979-4c360e09fc55",
    "vertices" : [ {
      "x" : -33.167503,
      "y" : -20.498646,
      "z" : 0.0
    }, {
      "x" : -30.747967,
      "y" : -11.7446785,
      "z" : 19.003288
    }, {
      "x" : -21.546509,
      "y" : -21.546509,
      "z" : 21.546509
    }, {
      "x" : -19.003288,
      "y" : -30.747967,
      "z" : 11.7446785
    } ],
    "faces" : [ {
      "vertices" : [ 0, 1, 2 ]
    }, {
      "vertices" : [ 0, 2, 3 ]
    }, {
      "vertices" : [ 0, 3, 2 ]
    }, {
      "vertices" : [ 0, 2, 1 ]
    } ]
  }, {
    "id" : "d0e3200e-79cf-4276-ada3-1ea99f2a0241",
    "vertices" : [ {
      "x" : 1.0,
      "y" : 0.309017,
      "z" : 0.19098301
    }, {
      "x" : 1.0,
      "y" : -0.309017,
      "z" : 0.19098301
    }, {
      "x" : 37.006577,
      "y" : -0.309017,
      "z" : 0.19098301
    }, {
      "x" : 37.006577,
      "y" : 0.309017,
      "z" : 0.19098301
    }, {
      "x" : 37.006577,
      "y" : -0.309017,
      "z" : -0.19098301
    }, {
      "x" : 37.006577,
      "y" : 0.309017,
      "z" : -0.19098301
    }, {
      "x" : 37.62461,
      "y" : 0.0,
      "z" : 0.0
    }, {
      "x" : 0.38196602,
      "y" : 0.0,
      "z" : 0.0
    }, {
      "x" : 1.0,
      "y" : 0.309017,
      "z" : -0.19098301
    }, {
      "x" : 1.0,
      "y" : -0.309017,
      "z" : -0.19098301
    }, {
      "x" : 38.006577,
      "y" : 0.0,
      "z" : 0.0
    } ],
    "faces" : [ {
      "vertices" : [ 1, 9, 4 ]
    }, {
      "vertices" : [ 1, 4, 2 ]
    }, {
      "vertices" : [ 0, 3, 5 ]
    }, {
      "vertices" : [ 0, 5, 8 ]
    }, {
      "vertices" : [ 1, 7, 9 ]
    }, {
      "vertices" : [ 0, 1, 2 ]
    }, {
      "vertices" : [ 0, 2, 3 ]
    }, {
      "vertices" : [ 7, 8, 9 ]
    }, {
      "vertices" : [ 0, 7, 1 ]
    }, {
      "vertices" : [ 4, 9, 8 ]
    }, {
      "vertices" : [ 4, 8, 5 ]
    }, {
      "vertices" : [ 2, 6, 3 ]
    }, {
      "vertices" : [ 2, 4, 6 ]
    }, {
      "vertices" : [ 3, 6, 5 ]
    }, {
      "vertices" : [ 4, 5, 6 ]
    }, {
      "vertices" : [ 0, 8, 7 ]
    } ]
  }, {
    "id" : "99d35c8a-f246-4df4-9eb2-3c9cedd2148a",
    "vertices" : [ {
      "x" : 20.498646,
      "y" : 0.0,
      "z" : -33.167503
    }, {
      "x" : 30.747967,
      "y" : -11.7446785,
      "z" : -19.003288
    }, {
      "x" : 34.862984,
      "y" : 0.0,
      "z" : -13.316475
    }, {
      "x" : 30.747967,
      "y" : 11.7446785,
      "z" : -19.003288
    } ],
    "faces" : [ {
      "vertices" : [ 0, 1, 2 ]
    }, {
      "vertices" : [ 0, 2, 3 ]
    }, {
      "vertices" : [ 0, 3, 2 ]
    }, {
      "vertices" : [ 0, 2, 1 ]
    } ]
  }, {
    "id" : "ad977321-0951-4188-96c6-0a5930caf6f3",
    "vertices" : [ {
      "x" : -20.498646,
      "y" : 0.0,
      "z" : -33.167503
    }, {
      "x" : -11.7446785,
      "y" : 19.003288,
      "z" : -30.747967
    }, {
      "x" : -21.546509,
      "y" : 21.546509,
      "z" : -21.546509
    }, {
      "x" : -30.747967,
      "y" : 11.7446785,
      "z" : -19.003288
    } ],
    "faces" : [ {
      "vertices" : [ 0, 1, 2 ]
    }, {
      "vertices" : [ 0, 2, 3 ]
    }, {
      "vertices" : [ 0, 3, 2 ]
    }, {
      "vertices" : [ 0, 2, 1 ]
    } ]
  }, {
    "id" : "804ca24e-018d-4923-9ea1-247ca6033254",
    "vertices" : [ {
      "x" : 20.498646,
      "y" : 0.0,
      "z" : -33.167503
    }, {
      "x" : 0.0,
      "y" : 0.0,
      "z" : -38.006577
    }, {
      "x" : 0.0,
      "y" : -13.316475,
      "z" : -34.862984
    }, {
      "x" : 11.7446785,
      "y" : -19.003288,
      "z" : -30.747967
    } ],
    "faces" : [ {
      "vertices" : [ 0, 1, 2 ]
    }, {
      "vertices" : [ 0, 2, 3 ]
    }, {
      "vertices" : [ 0, 3, 2 ]
    }, {
      "vertices" : [ 0, 2, 1 ]
    } ]
  }, {
    "id" : "b4631dea-7ec9-4192-ae34-d163e458275d",
    "vertices" : [ {
      "x" : -33.167503,
      "y" : 20.498646,
      "z" : 0.0
    }, {
      "x" : -30.747967,
      "y" : 11.7446785,
      "z" : 19.003288
    }, {
      "x" : -34.862984,
      "y" : 0.0,
      "z" : 13.316475
    }, {
      "x" : -38.006577,
      "y" : 0.0,
      "z" : 0.0
    } ],
    "faces" : [ {
      "vertices" : [ 0, 1, 2 ]
    }, {
      "vertices" : [ 0, 2, 3 ]
    }, {
      "vertices" : [ 0, 3, 2 ]
    }, {
      "vertices" : [ 0, 2, 1 ]
    } ]
  }, {
    "id" : "3ef5e27e-6df9-47e1-bd8c-39409bc21f83",
    "vertices" : [ {
      "x" : -20.498646,
      "y" : 0.0,
      "z" : 33.167503
    }, {
      "x" : -30.747967,
      "y" : -11.7446785,
      "z" : 19.003288
    }, {
      "x" : -34.862984,
      "y" : 0.0,
      "z" : 13.316475
    }, {
      "x" : -30.747967,
      "y" : 11.7446785,
      "z" : 19.003288
    } ],
    "faces" : [ {
      "vertices" : [ 0, 1, 2 ]
    }, {
      "vertices" : [ 0, 2, 3 ]
    }, {
      "vertices" : [ 0, 3, 2 ]
    }, {
      "vertices" : [ 0, 2, 1 ]
    } ]
  }, {
    "id" : "a986c702-bd2c-41f3-81de-5ad0ca486b4c",
    "vertices" : [ {
      "x" : -20.498646,
      "y" : 0.0,
      "z" : -33.167503
    }, {
      "x" : -30.747967,
      "y" : 11.7446785,
      "z" : -19.003288
    }, {
      "x" : -34.862984,
      "y" : 0.0,
      "z" : -13.316475
    }, {
      "x" : -30.747967,
      "y" : -11.7446785,
      "z" : -19.003288
    } ],
    "faces" : [ {
      "vertices" : [ 0, 1, 2 ]
    }, {
      "vertices" : [ 0, 2, 3 ]
    }, {
      "vertices" : [ 0, 3, 2 ]
    }, {
      "vertices" : [ 0, 2, 1 ]
    } ]
  }, {
    "id" : "2ac34db8-7743-44e2-9a2b-aeb6d411dc88",
    "vertices" : [ {
      "x" : -33.167503,
      "y" : -20.498646,
      "z" : 0.0
    }, {
      "x" : -30.747967,
      "y" : -11.7446785,
      "z" : -19.003288
    }, {
      "x" : -34.862984,
      "y" : 0.0,
      "z" : -13.316475
    }, {
      "x" : -38.006577,
      "y" : 0.0,
      "z" : 0.0
    } ],
    "faces" : [ {
      "vertices" : [ 0, 1, 2 ]
    }, {
      "vertices" : [ 0, 2, 3 ]
    }, {
      "vertices" : [ 0, 3, 2 ]
    }, {
      "vertices" : [ 0, 2, 1 ]
    } ]
  }, {
    "id" : "9a7227fd-47e4-47d1-8b03-3cd466ddc220",
    "vertices" : [ {
      "x" : -20.498646,
      "y" : 0.0,
      "z" : -33.167503
    }, {
      "x" : -11.7446785,
      "y" : -19.003288,
      "z" : -30.747967
    }, {
      "x" : 0.0,
      "y" : -13.316475,
      "z" : -34.862984
    }, {
      "x" : 0.0,
      "y" : 0.0,
      "z" : -38.006577
    } ],
    "faces" : [ {
      "vertices" : [ 0, 1, 2 ]
    }, {
      "vertices" : [ 0, 2, 3 ]
    }, {
      "vertices" : [ 0, 3, 2 ]
    }, {
      "vertices" : [ 0, 2, 1 ]
    } ]
  }, {
    "id" : "7a90f0e8-c9ec-4dd3-8182-c6c22f0bf53a",
    "vertices" : [ {
      "x" : -20.498646,
      "y" : 0.0,
      "z" : -33.167503
    }, {
      "x" : -30.747967,
      "y" : -11.7446785,
      "z" : -19.003288
    }, {
      "x" : -21.546509,
      "y" : -21.546509,
      "z" : -21.546509
    }, {
      "x" : -11.7446785,
      "y" : -19.003288,
      "z" : -30.747967
    } ],
    "faces" : [ {
      "vertices" : [ 0, 1, 2 ]
    }, {
      "vertices" : [ 0, 2, 3 ]
    }, {
      "vertices" : [ 0, 3, 2 ]
    }, {
      "vertices" : [ 0, 2, 1 ]
    } ]
  }, {
    "id" : "7d2f3ada-a7e4-4fb1-826b-3de7726147c5",
    "vertices" : [ {
      "x" : 33.167503,
      "y" : 20.498646,
      "z" : 0.0
    }, {
      "x" : 30.747967,
      "y" : 11.7446785,
      "z" : 19.003288
    }, {
      "x" : 21.546509,
      "y" : 21.546509,
      "z" : 21.546509
    }, {
      "x" : 19.003288,
      "y" : 30.747967,
      "z" : 11.7446785
    } ],
    "faces" : [ {
      "vertices" : [ 0, 1, 2 ]
    }, {
      "vertices" : [ 0, 2, 3 ]
    }, {
      "vertices" : [ 0, 3, 2 ]
    }, {
      "vertices" : [ 0, 2, 1 ]
    } ]
  }, {
    "id" : "77ad15ff-7e76-4689-a5b8-b45370419681",
    "vertices" : [ {
      "x" : 0.0,
      "y" : 33.167503,
      "z" : -20.498646
    }, {
      "x" : -11.7446785,
      "y" : 19.003288,
      "z" : -30.747967
    }, {
      "x" : 0.0,
      "y" : 13.316475,
      "z" : -34.862984
    }, {
      "x" : 11.7446785,
      "y" : 19.003288,
      "z" : -30.747967
    } ],
    "faces" : [ {
      "vertices" : [ 0, 1, 2 ]
    }, {
      "vertices" : [ 0, 2, 3 ]
    }, {
      "vertices" : [ 0, 3, 2 ]
    }, {
      "vertices" : [ 0, 2, 1 ]
    } ]
  }, {
    "id" : "914732e1-8f75-44e8-88cb-fba4e18fb111",
    "vertices" : [ {
      "x" : -20.498646,
      "y" : 0.0,
      "z" : 33.167503
    }, {
      "x" : -11.7446785,
      "y" : -19.003288,
      "z" : 30.747967
    }, {
      "x" : -21.546509,
      "y" : -21.546509,
      "z" : 21.546509
    }, {
      "x" : -30.747967,
      "y" : -11.7446785,
      "z" : 19.003288
    } ],
    "faces" : [ {
      "vertices" : [ 0, 1, 2 ]
    }, {
      "vertices" : [ 0, 2, 3 ]
    }, {
      "vertices" : [ 0, 3, 2 ]
    }, {
      "vertices" : [ 0, 2, 1 ]
    } ]
  }, {
    "id" : "4a841a1c-7e38-43af-a8b8-3cbc0321b8cd",
    "vertices" : [ {
      "x" : 0.0,
      "y" : -33.167503,
      "z" : -20.498646
    }, {
      "x" : 0.0,
      "y" : -38.006577,
      "z" : 0.0
    }, {
      "x" : 13.316475,
      "y" : -34.862984,
      "z" : 0.0
    }, {
      "x" : 19.003288,
      "y" : -30.747967,
      "z" : -11.7446785
    } ],
    "faces" : [ {
      "vertices" : [ 0, 1, 2 ]
    }, {
      "vertices" : [ 0, 2, 3 ]
    }, {
      "vertices" : [ 0, 3, 2 ]
    }, {
      "vertices" : [ 0, 2, 1 ]
    } ]
  }, {
    "id" : "781fdd12-36c2-4df8-858b-3ab99a489415",
    "vertices" : [ {
      "x" : 33.167503,
      "y" : -20.498646,
      "z" : 0.0
    }, {
      "x" : 30.747967,
      "y" : -11.7446785,
      "z" : 19.003288
    }, {
      "x" : 34.862984,
      "y" : 0.0,
      "z" : 13.316475
    }, {
      "x" : 38.006577,
      "y" : 0.0,
      "z" : 0.0
    } ],
    "faces" : [ {
      "vertices" : [ 0, 1, 2 ]
    }, {
      "vertices" : [ 0, 2, 3 ]
    }, {
      "vertices" : [ 0, 3, 2 ]
    }, {
      "vertices" : [ 0, 2, 1 ]
    } ]
  }, {
    "id" : "fcaec970-ea5e-4881-accd-58c684d5e52e",
    "vertices" : [ {
      "x" : -20.498646,
      "y" : 0.0,
      "z" : 33.167503
    }, {
      "x" : 0.0,
      "y" : 0.0,
      "z" : 38.006577
    }, {
      "x" : 0.0,
      "y" : -13.316475,
      "z" : 34.862984
    }, {
      "x" : -11.7446785,
      "y" : -19.003288,
      "z" : 30.747967
    } ],
    "faces" : [ {
      "vertices" : [ 0, 1, 2 ]
    }, {
      "vertices" : [ 0, 2, 3 ]
    }, {
      "vertices" : [ 0, 3, 2 ]
    }, {
      "vertices" : [ 0, 2, 1 ]
    } ]
  }, {
    "id" : "87c0055d-c3f5-43ec-89b7-40c63b2631e8",
    "vertices" : [ {
      "x" : 0.0,
      "y" : 33.167503,
      "z" : -20.498646
    }, {
      "x" : -19.003288,
      "y" : 30.747967,
      "z" : -11.7446785
    }, {
      "x" : -21.546509,
      "y" : 21.546509,
      "z" : -21.546509
    }, {
      "x" : -11.7446785,
      "y" : 19.003288,
      "z" : -30.747967
    } ],
    "faces" : [ {
      "vertices" : [ 0, 1, 2 ]
    }, {
      "vertices" : [ 0, 2, 3 ]
    }, {
      "vertices" : [ 0, 3, 2 ]
    }, {
      "vertices" : [ 0, 2, 1 ]
    } ]
  }, {
    "id" : "970e7924-a1db-45f7-ac08-04e7c45e5bf9",
    "vertices" : [ {
      "x" : 20.498646,
      "y" : 0.0,
      "z" : 33.167503
    }, {
      "x" : 30.747967,
      "y" : -11.7446785,
      "z" : 19.003288
    }, {
      "x" : 21.546509,
      "y" : -21.546509,
      "z" : 21.546509
    }, {
      "x" : 11.7446785,
      "y" : -19.003288,
      "z" : 30.747967
    } ],
    "faces" : [ {
      "vertices" : [ 0, 1, 2 ]
    }, {
      "vertices" : [ 0, 2, 3 ]
    }, {
      "vertices" : [ 0, 3, 2 ]
    }, {
      "vertices" : [ 0, 2, 1 ]
    } ]
  }, {
    "id" : "fc98f4b8-012d-485c-aeda-a2093f2fdd1f",
    "vertices" : [ {
      "x" : 0.0,
      "y" : 33.167503,
      "z" : 20.498646
    }, {
      "x" : -19.003288,
      "y" : 30.747967,
      "z" : 11.7446785
    }, {
      "x" : -13.316475,
      "y" : 34.862984,
      "z" : 0.0
    }, {
      "x" : 0.0,
      "y" : 38.006577,
      "z" : 0.0
    } ],
    "faces" : [ {
      "vertices" : [ 0, 1, 2 ]
    }, {
      "vertices" : [ 0, 2, 3 ]
    }, {
      "vertices" : [ 0, 3, 2 ]
    }, {
      "vertices" : [ 0, 2, 1 ]
    } ]
  }, {
    "id" : "9f64b784-9093-4495-81dd-28fc819feef8",
    "vertices" : [ {
      "x" : 0.0,
      "y" : -33.167503,
      "z" : 20.498646
    }, {
      "x" : 11.7446785,
      "y" : -19.003288,
      "z" : 30.747967
    }, {
      "x" : 21.546509,
      "y" : -21.546509,
      "z" : 21.546509
    }, {
      "x" : 19.003288,
      "y" : -30.747967,
      "z" : 11.7446785
    } ],
    "faces" : [ {
      "vertices" : [ 0, 1, 2 ]
    }, {
      "vertices" : [ 0, 2, 3 ]
    }, {
      "vertices" : [ 0, 3, 2 ]
    }, {
      "vertices" : [ 0, 2, 1 ]
    } ]
  }, {
    "id" : "3bc5362b-fa01-43bd-9126-d35494209d5f",
    "vertices" : [ {
      "x" : 20.498646,
      "y" : 0.0,
      "z" : 33.167503
    }, {
      "x" : 11.7446785,
      "y" : 19.003288,
      "z" : 30.747967
    }, {
      "x" : 21.546509,
      "y" : 21.546509,
      "z" : 21.546509
    }, {
      "x" : 30.747967,
      "y" : 11.7446785,
      "z" : 19.003288
    } ],
    "faces" : [ {
      "vertices" : [ 0, 1, 2 ]
    }, {
      "vertices" : [ 0, 2, 3 ]
    }, {
      "vertices" : [ 0, 3, 2 ]
    }, {
      "vertices" : [ 0, 2, 1 ]
    } ]
  }, {
    "id" : "9335c763-102f-494d-847d-bdf8ccea4e3c",
    "vertices" : [ {
      "x" : -33.167503,
      "y" : 20.498646,
      "z" : 0.0
    }, {
      "x" : -19.003288,
      "y" : 30.747967,
      "z" : 11.7446785
    }, {
      "x" : -21.546509,
      "y" : 21.546509,
      "z" : 21.546509
    }, {
      "x" : -30.747967,
      "y" : 11.7446785,
      "z" : 19.003288
    } ],
    "faces" : [ {
      "vertices" : [ 0, 1, 2 ]
    }, {
      "vertices" : [ 0, 2, 3 ]
    }, {
      "vertices" : [ 0, 3, 2 ]
    }, {
      "vertices" : [ 0, 2, 1 ]
    } ]
  }, {
    "id" : "a10166b6-0806-4a13-b162-90c80f8637a0",
    "vertices" : [ {
      "x" : -33.167503,
      "y" : 20.498646,
      "z" : 0.0
    }, {
      "x" : -38.006577,
      "y" : 0.0,
      "z" : 0.0
    }, {
      "x" : -34.862984,
      "y" : 0.0,
      "z" : -13.316475
    }, {
      "x" : -30.747967,
      "y" : 11.7446785,
      "z" : -19.003288
    } ],
    "faces" : [ {
      "vertices" : [ 0, 1, 2 ]
    }, {
      "vertices" : [ 0, 2, 3 ]
    }, {
      "vertices" : [ 0, 3, 2 ]
    }, {
      "vertices" : [ 0, 2, 1 ]
    } ]
  }, {
    "id" : "8997cbf9-0e9e-435f-a304-90edfc7300e7",
    "vertices" : [ {
      "x" : -20.498646,
      "y" : 0.0,
      "z" : -33.167503
    }, {
      "x" : 0.0,
      "y" : 0.0,
      "z" : -38.006577
    }, {
      "x" : 0.0,
      "y" : 13.316475,
      "z" : -34.862984
    }, {
      "x" : -11.7446785,
      "y" : 19.003288,
      "z" : -30.747967
    } ],
    "faces" : [ {
      "vertices" : [ 0, 1, 2 ]
    }, {
      "vertices" : [ 0, 2, 3 ]
    }, {
      "vertices" : [ 0, 3, 2 ]
    }, {
      "vertices" : [ 0, 2, 1 ]
    } ]
  }, {
    "id" : "ce5fb7ed-3f69-45b1-a589-767606ae7f9d",
    "vertices" : [ {
      "x" : 20.498646,
      "y" : 0.0,
      "z" : -33.167503
    }, {
      "x" : 11.7446785,
      "y" : -19.003288,
      "z" : -30.747967
    }, {
      "x" : 21.546509,
      "y" : -21.546509,
      "z" : -21.546509
    }, {
      "x" : 30.747967,
      "y" : -11.7446785,
      "z" : -19.003288
    } ],
    "faces" : [ {
      "vertices" : [ 0, 1, 2 ]
    }, {
      "vertices" : [ 0, 2, 3 ]
    }, {
      "vertices" : [ 0, 3, 2 ]
    }, {
      "vertices" : [ 0, 2, 1 ]
    } ]
  }, {
    "id" : "c44b0f34-15c0-4ed0-ae4d-360cdb2cb37e",
    "vertices" : [ {
      "x" : 33.167503,
      "y" : 20.498646,
      "z" : 0.0
    }, {
      "x" : 19.003288,
      "y" : 30.747967,
      "z" : -11.7446785
    }, {
      "x" : 21.546509,
      "y" : 21.546509,
      "z" : -21.546509
    }, {
      "x" : 30.747967,
      "y" : 11.7446785,
      "z" : -19.003288
    } ],
    "faces" : [ {
      "vertices" : [ 0, 1, 2 ]
    }, {
      "vertices" : [ 0, 2, 3 ]
    }, {
      "vertices" : [ 0, 3, 2 ]
    }, {
      "vertices" : [ 0, 2, 1 ]
    } ]
  }, {
    "id" : "d6b82705-3b3b-4120-8fa7-f49610cd29ad",
    "vertices" : [ {
      "x" : 0.0,
      "y" : 33.167503,
      "z" : -20.498646
    }, {
      "x" : 19.003288,
      "y" : 30.747967,
      "z" : -11.7446785
    }, {
      "x" : 13.316475,
      "y" : 34.862984,
      "z" : 0.0
    }, {
      "x" : 0.0,
      "y" : 38.006577,
      "z" : 0.0
    } ],
    "faces" : [ {
      "vertices" : [ 0, 1, 2 ]
    }, {
      "vertices" : [ 0, 2, 3 ]
    }, {
      "vertices" : [ 0, 3, 2 ]
    }, {
      "vertices" : [ 0, 2, 1 ]
    } ]
  }, {
    "id" : "6d59afeb-2f1b-49dd-853e-3c9e8ef9c26d",
    "vertices" : [ {
      "x" : 0.0,
      "y" : -33.167503,
      "z" : -20.498646
    }, {
      "x" : -19.003288,
      "y" : -30.747967,
      "z" : -11.7446785
    }, {
      "x" : -13.316475,
      "y" : -34.862984,
      "z" : 0.0
    }, {
      "x" : 0.0,
      "y" : -38.006577,
      "z" : 0.0
    } ],
    "faces" : [ {
      "vertices" : [ 0, 1, 2 ]
    }, {
      "vertices" : [ 0, 2, 3 ]
    }, {
      "vertices" : [ 0, 3, 2 ]
    }, {
      "vertices" : [ 0, 2, 1 ]
    } ]
  }, {
    "id" : "088329ce-5a66-483d-8a70-c2022276905c",
    "vertices" : [ {
      "x" : 20.498646,
      "y" : 0.0,
      "z" : 33.167503
    }, {
      "x" : 30.747967,
      "y" : 11.7446785,
      "z" : 19.003288
    }, {
      "x" : 34.862984,
      "y" : 0.0,
      "z" : 13.316475
    }, {
      "x" : 30.747967,
      "y" : -11.7446785,
      "z" : 19.003288
    } ],
    "faces" : [ {
      "vertices" : [ 0, 1, 2 ]
    }, {
      "vertices" : [ 0, 2, 3 ]
    }, {
      "vertices" : [ 0, 3, 2 ]
    }, {
      "vertices" : [ 0, 2, 1 ]
    } ]
  }, {
    "id" : "286082e0-aa79-44c7-9bbb-c902cc563506",
    "vertices" : [ {
      "x" : 33.167503,
      "y" : -20.498646,
      "z" : 0.0
    }, {
      "x" : 30.747967,
      "y" : -11.7446785,
      "z" : -19.003288
    }, {
      "x" : 21.546509,
      "y" : -21.546509,
      "z" : -21.546509
    }, {
      "x" : 19.003288,
      "y" : -30.747967,
      "z" : -11.7446785
    } ],
    "faces" : [ {
      "vertices" : [ 0, 1, 2 ]
    }, {
      "vertices" : [ 0, 2, 3 ]
    }, {
      "vertices" : [ 0, 3, 2 ]
    }, {
      "vertices" : [ 0, 2, 1 ]
    } ]
  }, {
    "id" : "31bffe4c-4cda-45c9-a8fa-d5ff3adbf2c4",
    "vertices" : [ {
      "x" : 0.0,
      "y" : 33.167503,
      "z" : 20.498646
    }, {
      "x" : -11.7446785,
      "y" : 19.003288,
      "z" : 30.747967
    }, {
      "x" : -21.546509,
      "y" : 21.546509,
      "z" : 21.546509
    }, {
      "x" : -19.003288,
      "y" : 30.747967,
      "z" : 11.7446785
    } ],
    "faces" : [ {
      "vertices" : [ 0, 1, 2 ]
    }, {
      "vertices" : [ 0, 2, 3 ]
    }, {
      "vertices" : [ 0, 3, 2 ]
    }, {
      "vertices" : [ 0, 2, 1 ]
    } ]
  }, {
    "id" : "c7d29875-e29d-4c9c-a54a-331474a10802",
    "vertices" : [ {
      "x" : -33.167503,
      "y" : -20.498646,
      "z" : 0.0
    }, {
      "x" : -19.003288,
      "y" : -30.747967,
      "z" : -11.7446785
    }, {
      "x" : -21.546509,
      "y" : -21.546509,
      "z" : -21.546509
    }, {
      "x" : -30.747967,
      "y" : -11.7446785,
      "z" : -19.003288
    } ],
    "faces" : [ {
      "vertices" : [ 0, 1, 2 ]
    }, {
      "vertices" : [ 0, 2, 3 ]
    }, {
      "vertices" : [ 0, 3, 2 ]
    }, {
      "vertices" : [ 0, 2, 1 ]
    } ]
  }, {
    "id" : "6e0a2790-8ab6-4f8d-b5db-2c3f2fe5cc23",
    "vertices" : [ {
      "x" : 8.233106,
      "y" : -35.466267,
      "z" : -0.26666668
    }, {
      "x" : 8.133105,
      "y" : -35.36627,
      "z" : 0.13333334
    }, {
      "x" : 0.26542366,
      "y" : -0.53407913,
      "z" : 0.26666668
    }, {
      "x" : 0.36542365,
      "y" : -0.63407916,
      "z" : -0.13333334
    }, {
      "x" : 8.433105,
      "y" : -35.132935,
      "z" : 0.26666668
    }, {
      "x" : 8.533106,
      "y" : -35.232933,
      "z" : -0.13333334
    }, {
      "x" : 0.065423645,
      "y" : -0.8674125,
      "z" : -0.26666668
    }, {
      "x" : -0.034576353,
      "y" : -0.7674125,
      "z" : 0.13333334
    } ],
    "faces" : [ {
      "vertices" : [ 2, 3, 6 ]
    }, {
      "vertices" : [ 2, 6, 7 ]
    }, {
      "vertices" : [ 0, 5, 4 ]
    }, {
      "vertices" : [ 0, 4, 1 ]
    }, {
      "vertices" : [ 2, 4, 5 ]
    }, {
      "vertices" : [ 2, 5, 3 ]
    }, {
      "vertices" : [ 0, 6, 3 ]
    }, {
      "vertices" : [ 0, 3, 5 ]
    }, {
      "vertices" : [ 0, 1, 7 ]
    }, {
      "vertices" : [ 0, 7, 6 ]
    }, {
      "vertices" : [ 1, 4, 2 ]
    }, {
      "vertices" : [ 1, 2, 7 ]
    } ]
  }, {
    "id" : "b57b6d83-b3d5-422d-bcd3-705abf069fcc",
    "vertices" : [ {
      "x" : 0.0,
      "y" : -33.167503,
      "z" : 20.498646
    }, {
      "x" : -11.7446785,
      "y" : -19.003288,
      "z" : 30.747967
    }, {
      "x" : 0.0,
      "y" : -13.316475,
      "z" : 34.862984
    }, {
      "x" : 11.7446785,
      "y" : -19.003288,
      "z" : 30.747967
    } ],
    "faces" : [ {
      "vertices" : [ 0, 1, 2 ]
    }, {
      "vertices" : [ 0, 2, 3 ]
    }, {
      "vertices" : [ 0, 3, 2 ]
    }, {
      "vertices" : [ 0, 2, 1 ]
    } ]
  }, {
    "id" : "123742c9-4f43-4861-b03e-2f220851dd77",
    "vertices" : [ {
      "x" : 0.9045085,
      "y" : 0.3454915,
      "z" : 0.25
    }, {
      "x" : 32.45398,
      "y" : 19.844137,
      "z" : 0.25
    }, {
      "x" : 32.262997,
      "y" : 20.153152,
      "z" : 0.25
    }, {
      "x" : 0.7135255,
      "y" : 0.6545085,
      "z" : 0.25
    }, {
      "x" : 0.809017,
      "y" : 0.5,
      "z" : -0.309017
    }, {
      "x" : 0.9635255,
      "y" : 0.25,
      "z" : -0.095491506
    }, {
      "x" : 0.309017,
      "y" : 0.19098301,
      "z" : 0.0
    }, {
      "x" : 32.858486,
      "y" : 20.307661,
      "z" : 0.0
    }, {
      "x" : 32.20398,
      "y" : 20.248646,
      "z" : -0.095491506
    }, {
      "x" : 32.358486,
      "y" : 19.998646,
      "z" : -0.309017
    }, {
      "x" : 33.167503,
      "y" : 20.498646,
      "z" : 0.0
    }, {
      "x" : 0.6545085,
      "y" : 0.75,
      "z" : -0.095491506
    }, {
      "x" : 32.512997,
      "y" : 19.748646,
      "z" : -0.095491506
    } ],
    "faces" : [ {
      "vertices" : [ 4, 11, 8 ]
    }, {
      "vertices" : [ 4, 8, 9 ]
    }, {
      "vertices" : [ 0, 1, 2 ]
    }, {
      "vertices" : [ 0, 2, 3 ]
    }, {
      "vertices" : [ 0, 3, 6 ]
    }, {
      "vertices" : [ 1, 7, 2 ]
    }, {
      "vertices" : [ 0, 6, 5 ]
    }, {
      "vertices" : [ 4, 5, 6 ]
    }, {
      "vertices" : [ 2, 7, 8 ]
    }, {
      "vertices" : [ 0, 5, 12 ]
    }, {
      "vertices" : [ 0, 12, 1 ]
    }, {
      "vertices" : [ 1, 12, 7 ]
    }, {
      "vertices" : [ 3, 11, 6 ]
    }, {
      "vertices" : [ 4, 6, 11 ]
    }, {
      "vertices" : [ 7, 9, 8 ]
    }, {
      "vertices" : [ 2, 8, 11 ]
    }, {
      "vertices" : [ 2, 11, 3 ]
    }, {
      "vertices" : [ 7, 12, 9 ]
    }, {
      "vertices" : [ 4, 9, 12 ]
    }, {
      "vertices" : [ 4, 12, 5 ]
    } ]
  }, {
    "id" : "706635eb-c6f6-4964-b35f-3105bade5fd6",
    "vertices" : [ {
      "x" : 0.0,
      "y" : -33.167503,
      "z" : 20.498646
    }, {
      "x" : 0.0,
      "y" : -38.006577,
      "z" : 0.0
    }, {
      "x" : -13.316475,
      "y" : -34.862984,
      "z" : 0.0
    }, {
      "x" : -19.003288,
      "y" : -30.747967,
      "z" : 11.7446785
    } ],
