{
  "field" : "sqrtPhi",
  "symmetry" : "icosahedral",
  "orientations" : [ [ 1.0, 0.0, 0.0, 0.0, 0.0, 1.0, 0.0, 0.0, 0.0, 0.0, 1.0, 0.0, 0.0, 0.0, 0.0, 1.0 ], [ 0.0, 0.0, 1.0, 0.0, 1.0, 0.0, 0.0, 0.0, 0.0, 1.0, 0.0, 0.0, 0.0, 0.0, 0.0, 1.0 ], [ 0.0, 1.0, 0.0, 0.0, 0.0, 0.0, 1.0, 0.0, 1.0, 0.0, 0.0, 0.0, 0.0, 0.0, 0.0, 1.0 ], [ 0.809017, 0.309017, 0.5, 0.0, 0.309017, 0.5, -0.809017, 0.0, -0.5, 0.809017, 0.309017, 0.0, 0.0, 0.0, 0.0, 1.0 ], [ -0.5, 0.809017, 0.309017, 0.0, 0.809017, 0.309017, 0.5, 0.0, 0.309017, 0.5, -0.809017, 0.0, 0.0, 0.0, 0.0, 1.0 ], [ 0.309017, 0.5, -0.809017, 0.0, -0.5, 0.809017, 0.309017, 0.0, 0.809017, 0.309017, 0.5, 0.0, 0.0, 0.0, 0.0, 1.0 ], [ 0.5, 0.809017, 0.309017, 0.0, 0.809017, -0.309017, -0.5, 0.0, -0.309017, 0.5, -0.809017, 0.0, 0.0, 0.0, 0.0, 1.0 ], [ -0.309017, 0.5, -0.809017, 0.0, 0.5, 0.809017, 0.309017, 0.0, 0.809017, -0.309017, -0.5, 0.0, 0.0, 0.0, 0.0, 1.0 ], [ 0.809017, -0.309017, -0.5, 0.0, -0.309017, 0.5, -0.809017, 0.0, 0.5, 0.809017, 0.309017, 0.0, 0.0, 0.0, 0.0, 1.0 ], [ 0.5, 0.809017, -0.309017, 0.0, 0.809017, -0.309017, 0.5, 0.0, 0.309017, -0.5, -0.809017, 0.0, 0.0, 0.0, 0.0, 1.0 ], [ 0.309017, -0.5, -0.809017, 0.0, 0.5, 0.809017, -0.309017, 0.0, 0.809017, -0.309017, 0.5, 0.0, 0.0, 0.0, 0.0, 1.0 ], [ 0.809017, -0.309017, 0.5, 0.0, 0.309017, -0.5, -0.809017, 0.0, 0.5, 0.809017, -0.309017, 0.0, 0.0, 0.0, 0.0, 1.0 ], [ 0.809017, 0.309017, -0.5, 0.0, 0.309017, 0.5, 0.809017, 0.0, 0.5, -0.809017, 0.309017, 0.0, 0.0, 0.0, 0.0, 1.0 ], [ 0.5, -0.809017, 0.309017, 0.0, 0.809017, 0.309017, -0.5, 0.0, 0.309017, 0.5, 0.809017, 0.0, 0.0, 0.0, 0.0, 1.0 ], [ 0.309017, 0.5, 0.809017, 0.0, 0.5, -0.809017, 0.309017, 0.0, 0.809017, 0.309017, -0.5, 0.0, 0.0, 0.0, 0.0, 1.0 ], [ 1.0, 0.0, 0.0, 0.0, 0.0, -1.0, 0.0, 0.0, 0.0, 0.0, -1.0, 0.0, 0.0, 0.0, 0.0, 1.0 ], [ 0.0, 0.0, 1.0, 0.0, -1.0, 0.0, 0.0, 0.0, 0.0, -1.0, 0.0, 0.0, 0.0, 0.0, 0.0, 1.0 ], [ 0.0, 1.0, 0.0, 0.0, 0.0, 0.0, -1.0, 0.0, -1.0, 0.0, 0.0, 0.0, 0.0, 0.0, 0.0, 1.0 ], [ 0.809017, 0.309017, 0.5, 0.0, -0.309017, -0.5, 0.809017, 0.0, 0.5, -0.809017, -0.309017, 0.0, 0.0, 0.0, 0.0, 1.0 ], [ -0.5, 0.809017, 0.309017, 0.0, -0.809017, -0.309017, -0.5, 0.0, -0.309017, -0.5, 0.809017, 0.0, 0.0, 0.0, 0.0, 1.0 ], [ 0.309017, 0.5, -0.809017, 0.0, 0.5, -0.809017, -0.309017, 0.0, -0.809017, -0.309017, -0.5, 0.0, 0.0, 0.0, 0.0, 1.0 ], [ 0.5, 0.809017, 0.309017, 0.0, -0.809017, 0.309017, 0.5, 0.0, 0.309017, -0.5, 0.809017, 0.0, 0.0, 0.0, 0.0, 1.0 ], [ -0.309017, 0.5, -0.809017, 0.0, -0.5, -0.809017, -0.309017, 0.0, -0.809017, 0.309017, 0.5, 0.0, 0.0, 0.0, 0.0, 1.0 ], [ 0.809017, -0.309017, -0.5, 0.0, 0.309017, -0.5, 0.809017, 0.0, -0.5, -0.809017, -0.309017, 0.0, 0.0, 0.0, 0.0, 1.0 ], [ 0.5, 0.809017, -0.309017, 0.0, -0.809017, 0.309017, -0.5, 0.0, -0.309017, 0.5, 0.809017, 0.0, 0.0, 0.0, 0.0, 1.0 ], [ 0.309017, -0.5, -0.809017, 0.0, -0.5, -0.809017, 0.309017, 0.0, -0.809017, 0.309017, -0.5, 0.0, 0.0, 0.0, 0.0, 1.0 ], [ 0.809017, -0.309017, 0.5, 0.0, -0.309017, 0.5, 0.809017, 0.0, -0.5, -0.809017, 0.309017, 0.0, 0.0, 0.0, 0.0, 1.0 ], [ 0.809017, 0.309017, -0.5, 0.0, -0.309017, -0.5, -0.809017, 0.0, -0.5, 0.809017, -0.309017, 0.0, 0.0, 0.0, 0.0, 1.0 ], [ 0.5, -0.809017, 0.309017, 0.0, -0.809017, -0.309017, 0.5, 0.0, -0.309017, -0.5, -0.809017, 0.0, 0.0, 0.0, 0.0, 1.0 ], [ 0.309017, 0.5, 0.809017, 0.0, -0.5, 0.809017, -0.309017, 0.0, -0.809017, -0.309017, 0.5, 0.0, 0.0, 0.0, 0.0, 1.0 ], [ -1.0, 0.0, 0.0, 0.0, 0.0, -1.0, 0.0, 0.0, 0.0, 0.0, 1.0, 0.0, 0.0, 0.0, 0.0, 1.0 ], [ 0.0, 0.0, -1.0, 0.0, -1.0, 0.0, 0.0, 0.0, 0.0, 1.0, 0.0, 0.0, 0.0, 0.0, 0.0, 1.0 ], [ 0.0, -1.0, 0.0, 0.0, 0.0, 0.0, -1.0, 0.0, 1.0, 0.0, 0.0, 0.0, 0.0, 0.0, 0.0, 1.0 ], [ -0.809017, -0.309017, -0.5, 0.0, -0.309017, -0.5, 0.809017, 0.0, -0.5, 0.809017, 0.309017, 0.0, 0.0, 0.0, 0.0, 1.0 ], [ 0.5, -0.809017, -0.309017, 0.0, -0.809017, -0.309017, -0.5, 0.0, 0.309017, 0.5, -0.809017, 0.0, 0.0, 0.0, 0.0, 1.0 ], [ -0.309017, -0.5, 0.809017, 0.0, 0.5, -0.809017, -0.309017, 0.0, 0.809017, 0.309017, 0.5, 0.0, 0.0, 0.0, 0.0, 1.0 ], [ -0.5, -0.809017, -0.309017, 0.0, -0.809017, 0.309017, 0.5, 0.0, -0.309017, 0.5, -0.809017, 0.0, 0.0, 0.0, 0.0, 1.0 ], [ 0.309017, -0.5, 0.809017, 0.0, -0.5, -0.809017, -0.309017, 0.0, 0.809017, -0.309017, -0.5, 0.0, 0.0, 0.0, 0.0, 1.0 ], [ -0.809017, 0.309017, 0.5, 0.0, 0.309017, -0.5, 0.809017, 0.0, 0.5, 0.809017, 0.309017, 0.0, 0.0, 0.0, 0.0, 1.0 ], [ -0.5, -0.809017, 0.309017, 0.0, -0.809017, 0.309017, -0.5, 0.0, 0.309017, -0.5, -0.809017, 0.0, 0.0, 0.0, 0.0, 1.0 ], [ -0.309017, 0.5, 0.809017, 0.0, -0.5, -0.809017, 0.309017, 0.0, 0.809017, -0.309017, 0.5, 0.0, 0.0, 0.0, 0.0, 1.0 ], [ -0.809017, 0.309017, -0.5, 0.0, -0.309017, 0.5, 0.809017, 0.0, 0.5, 0.809017, -0.309017, 0.0, 0.0, 0.0, 0.0, 1.0 ], [ -0.809017, -0.309017, 0.5, 0.0, -0.309017, -0.5, -0.809017, 0.0, 0.5, -0.809017, 0.309017, 0.0, 0.0, 0.0, 0.0, 1.0 ], [ -0.5, 0.809017, -0.309017, 0.0, -0.809017, -0.309017, 0.5, 0.0, 0.309017, 0.5, 0.809017, 0.0, 0.0, 0.0, 0.0, 1.0 ], [ -0.309017, -0.5, -0.809017, 0.0, -0.5, 0.809017, -0.309017, 0.0, 0.809017, 0.309017, -0.5, 0.0, 0.0, 0.0, 0.0, 1.0 ], [ -1.0, 0.0, 0.0, 0.0, 0.0, 1.0, 0.0, 0.0, 0.0, 0.0, -1.0, 0.0, 0.0, 0.0, 0.0, 1.0 ], [ 0.0, 0.0, -1.0, 0.0, 1.0, 0.0, 0.0, 0.0, 0.0, -1.0, 0.0, 0.0, 0.0, 0.0, 0.0, 1.0 ], [ 0.0, -1.0, 0.0, 0.0, 0.0, 0.0, 1.0, 0.0, -1.0, 0.0, 0.0, 0.0, 0.0, 0.0, 0.0, 1.0 ], [ -0.809017, -0.309017, -0.5, 0.0, 0.309017, 0.5, -0.809017, 0.0, 0.5, -0.809017, -0.309017, 0.0, 0.0, 0.0, 0.0, 1.0 ], [ 0.5, -0.809017, -0.309017, 0.0, 0.809017, 0.309017, 0.5, 0.0, -0.309017, -0.5, 0.809017, 0.0, 0.0, 0.0, 0.0, 1.0 ], [ -0.309017, -0.5, 0.809017, 0.0, -0.5, 0.809017, 0.309017, 0.0, -0.809017, -0.309017, -0.5, 0.0, 0.0, 0.0, 0.0, 1.0 ], [ -0.5, -0.809017, -0.309017, 0.0, 0.809017, -0.309017, -0.5, 0.0, 0.309017, -0.5, 0.809017, 0.0, 0.0, 0.0, 0.0, 1.0 ], [ 0.309017, -0.5, 0.809017, 0.0, 0.5, 0.809017, 0.309017, 0.0, -0.809017, 0.309017, 0.5, 0.0, 0.0, 0.0, 0.0, 1.0 ], [ -0.809017, 0.309017, 0.5, 0.0, -0.309017, 0.5, -0.809017, 0.0, -0.5, -0.809017, -0.309017, 0.0, 0.0, 0.0, 0.0, 1.0 ], [ -0.5, -0.809017, 0.309017, 0.0, 0.809017, -0.309017, 0.5, 0.0, -0.309017, 0.5, 0.809017, 0.0, 0.0, 0.0, 0.0, 1.0 ], [ -0.309017, 0.5, 0.809017, 0.0, 0.5, 0.809017, -0.309017, 0.0, -0.809017, 0.309017, -0.5, 0.0, 0.0, 0.0, 0.0, 1.0 ], [ -0.809017, 0.309017, -0.5, 0.0, 0.309017, -0.5, -0.809017, 0.0, -0.5, -0.809017, 0.309017, 0.0, 0.0, 0.0, 0.0, 1.0 ], [ -0.809017, -0.309017, 0.5, 0.0, 0.309017, 0.5, 0.809017, 0.0, -0.5, 0.809017, -0.309017, 0.0, 0.0, 0.0, 0.0, 1.0 ], [ -0.5, 0.809017, -0.309017, 0.0, 0.809017, 0.309017, -0.5, 0.0, -0.309017, -0.5, -0.809017, 0.0, 0.0, 0.0, 0.0, 1.0 ], [ -0.309017, -0.5, -0.809017, 0.0, 0.5, -0.809017, 0.309017, 0.0, -0.809017, -0.309017, 0.5, 0.0, 0.0, 0.0, 0.0, 1.0 ] ],
  "lights" : {
    "backgroundColor" : "#AFC8DC",
    "ambientColor" : "#292929",
    "directionalLights" : [ {
      "direction" : {
        "x" : 1.0,
        "y" : -1.0,
        "z" : -1.0
      },
      "color" : "#EBEBE4"
    }, {
      "direction" : {
        "x" : -1.0,
        "y" : 0.0,
        "z" : 0.0
      },
      "color" : "#E4E4EB"
    }, {
      "direction" : {
        "x" : 0.0,
        "y" : 0.0,
        "z" : -1.0
      },
      "color" : "#1E1E1E"
    } ]
  },
  "camera" : {
    "width" : 130.36935,
    "stereo" : false,
    "viewDistance" : 289.70972,
    "nearClipDistance" : 0.72427416,
    "farClipDistance" : 579.4181,
    "lookAtPoint" : {
      "x" : 0.0,
      "y" : 0.0,
      "z" : 0.0
    },
    "fieldOfView" : 0.44262883,
    "perspective" : false,
    "lookDirection" : {
      "x" : 0.0,
      "y" : -1.0,
      "z" : 0.0
    },
    "upDirection" : {
      "x" : 0.0,
      "y" : 0.0,
      "z" : 1.0
    },
    "position" : {
      "x" : 0.0,
      "y" : 289.70972,
      "z" : 0.0
    }
  },
  "embedding" : [ 1.0, 0.0, 0.0, 0.0, 0.0, 1.0, 0.0, 0.0, 0.0, 0.0, 1.0, 0.0, 0.0, 0.0, 0.0, 1.0 ],
  "shapes" : [ {
    "id" : "0f779394-430a-4419-9bd6-1f0278111307",
    "vertices" : [ {
      "x" : -0.3465678,
      "y" : -0.21419069,
      "z" : 0.0
    }, {
      "x" : -0.3465678,
      "y" : 0.21419069,
      "z" : 0.0
    }, {
      "x" : -0.21419069,
      "y" : 0.0,
      "z" : -0.3465678
    }, {
      "x" : -0.21419069,
      "y" : 0.0,
      "z" : 0.3465678
    }, {
      "x" : 0.0,
      "y" : -0.3465678,
      "z" : -0.21419069
    }, {
      "x" : 0.0,
      "y" : -0.3465678,
      "z" : 0.21419069
    }, {
      "x" : 0.0,
      "y" : 0.3465678,
      "z" : -0.21419069
    }, {
      "x" : 0.0,
      "y" : 0.3465678,
      "z" : 0.21419069
    }, {
      "x" : 0.21419069,
      "y" : 0.0,
      "z" : -0.3465678
    }, {
      "x" : 0.21419069,
      "y" : 0.0,
      "z" : 0.3465678
    }, {
      "x" : 0.3465678,
      "y" : -0.21419069,
      "z" : 0.0
    }, {
      "x" : 0.3465678,
      "y" : 0.21419069,
      "z" : 0.0
    } ],
    "faces" : [ {
      "vertices" : [ 0, 1, 2 ]
    }, {
      "vertices" : [ 0, 3, 1 ]
    }, {
      "vertices" : [ 0, 2, 4 ]
    }, {
      "vertices" : [ 0, 5, 3 ]
    }, {
      "vertices" : [ 0, 4, 5 ]
    }, {
      "vertices" : [ 1, 6, 2 ]
    }, {
      "vertices" : [ 1, 3, 7 ]
    }, {
      "vertices" : [ 1, 7, 6 ]
    }, {
      "vertices" : [ 2, 8, 4 ]
    }, {
      "vertices" : [ 2, 6, 8 ]
    }, {
      "vertices" : [ 3, 5, 9 ]
    }, {
      "vertices" : [ 3, 9, 7 ]
    }, {
      "vertices" : [ 4, 10, 5 ]
    }, {
      "vertices" : [ 4, 8, 10 ]
    }, {
      "vertices" : [ 5, 10, 9 ]
    }, {
      "vertices" : [ 6, 7, 11 ]
    }, {
      "vertices" : [ 6, 11, 8 ]
    }, {
      "vertices" : [ 7, 9, 11 ]
    }, {
      "vertices" : [ 8, 11, 10 ]
    }, {
      "vertices" : [ 9, 10, 11 ]
    } ]
  }, {
    "id" : "62d3248c-3492-4da7-a7d0-ac5890d72bbd",
    "vertices" : [ {
      "x" : 0.42838138,
      "y" : 0.0,
      "z" : 0.0
    }, {
      "x" : 1.121517,
      "y" : -0.3465678,
      "z" : -0.21419069
    }, {
      "x" : 1.121517,
      "y" : -0.3465678,
      "z" : 0.21419069
    }, {
      "x" : 1.121517,
      "y" : 0.3465678,
      "z" : -0.21419069
    }, {
      "x" : 1.121517,
      "y" : 0.3465678,
      "z" : 0.21419069
    }, {
      "x" : 7.5970354,
      "y" : -0.3465678,
      "z" : -0.21419069
    }, {
      "x" : 7.5970354,
      "y" : -0.3465678,
      "z" : 0.21419069
    }, {
      "x" : 7.5970354,
      "y" : 0.3465678,
      "z" : -0.21419069
    }, {
      "x" : 7.5970354,
      "y" : 0.3465678,
      "z" : 0.21419069
    }, {
      "x" : 8.290171,
      "y" : 0.0,
      "z" : 0.0
    }, {
      "x" : 8.718553,
      "y" : 0.0,
      "z" : 0.0
    } ],
    "faces" : [ {
      "vertices" : [ 1, 3, 7 ]
    }, {
      "vertices" : [ 1, 7, 5 ]
    }, {
      "vertices" : [ 0, 1, 2 ]
    }, {
      "vertices" : [ 0, 3, 1 ]
    }, {
      "vertices" : [ 5, 9, 6 ]
    }, {
      "vertices" : [ 2, 6, 8 ]
    }, {
      "vertices" : [ 2, 8, 4 ]
    }, {
      "vertices" : [ 5, 7, 9 ]
    }, {
      "vertices" : [ 0, 2, 4 ]
    }, {
      "vertices" : [ 3, 4, 8 ]
    }, {
      "vertices" : [ 3, 8, 7 ]
    }, {
      "vertices" : [ 0, 4, 3 ]
    }, {
      "vertices" : [ 6, 9, 8 ]
    }, {
      "vertices" : [ 7, 8, 9 ]
    }, {
      "vertices" : [ 1, 5, 6 ]
    }, {
      "vertices" : [ 1, 6, 2 ]
    } ]
  }, {
    "id" : "f255b46f-1620-42f0-8a61-0e3ff7258055",
    "vertices" : [ {
      "x" : 0.42838138,
      "y" : 0.0,
      "z" : 0.0
    }, {
      "x" : 1.121517,
      "y" : -0.3465678,
      "z" : -0.21419069
    }, {
      "x" : 1.121517,
      "y" : -0.3465678,
      "z" : 0.21419069
    }, {
      "x" : 1.121517,
      "y" : 0.3465678,
      "z" : -0.21419069
    }, {
      "x" : 1.121517,
      "y" : 0.3465678,
      "z" : 0.21419069
    }, {
      "x" : 21.058823,
      "y" : -0.3465678,
      "z" : -0.21419069
    }, {
      "x" : 21.058823,
      "y" : -0.3465678,
      "z" : 0.21419069
    }, {
      "x" : 21.058823,
      "y" : 0.3465678,
      "z" : -0.21419069
    }, {
      "x" : 21.058823,
      "y" : 0.3465678,
      "z" : 0.21419069
    }, {
      "x" : 21.751959,
      "y" : 0.0,
      "z" : 0.0
    }, {
      "x" : 22.18034,
      "y" : 0.0,
      "z" : 0.0
    } ],
    "faces" : [ {
      "vertices" : [ 1, 3, 7 ]
    }, {
      "vertices" : [ 1, 7, 5 ]
    }, {
      "vertices" : [ 0, 1, 2 ]
    }, {
      "vertices" : [ 0, 3, 1 ]
    }, {
      "vertices" : [ 5, 9, 6 ]
    }, {
      "vertices" : [ 2, 6, 8 ]
    }, {
      "vertices" : [ 2, 8, 4 ]
    }, {
      "vertices" : [ 5, 7, 9 ]
    }, {
      "vertices" : [ 0, 2, 4 ]
    }, {
      "vertices" : [ 3, 4, 8 ]
    }, {
      "vertices" : [ 3, 8, 7 ]
    }, {
      "vertices" : [ 0, 4, 3 ]
    }, {
      "vertices" : [ 6, 9, 8 ]
    }, {
      "vertices" : [ 7, 8, 9 ]
    }, {
      "vertices" : [ 1, 5, 6 ]
    }, {
      "vertices" : [ 1, 6, 2 ]
    } ]
  }, {
    "id" : "bde513d3-1534-41e2-82f7-7c2dd888be2d",
    "vertices" : [ {
      "x" : 0.13333334,
      "y" : 4.761016,
      "z" : 6.3771763
    }, {
      "x" : -0.26666668,
      "y" : 4.861016,
      "z" : 6.477176
    }, {
      "x" : -0.13333334,
      "y" : 0.6273459,
      "z" : 0.47692576
    }, {
      "x" : 0.26666668,
      "y" : 0.52734596,
      "z" : 0.37692577
    }, {
      "x" : -0.13333334,
      "y" : 5.161016,
      "z" : 6.243843
    }, {
      "x" : 0.26666668,
      "y" : 5.0610156,
      "z" : 6.1438427
    }, {
      "x" : 0.13333334,
      "y" : 0.22734594,
      "z" : 0.6102591
    }, {
      "x" : -0.26666668,
      "y" : 0.32734594,
      "z" : 0.7102591
    } ],
    "faces" : [ {
      "vertices" : [ 2, 3, 6 ]
    }, {
      "vertices" : [ 2, 6, 7 ]
    }, {
      "vertices" : [ 0, 5, 4 ]
    }, {
      "vertices" : [ 0, 4, 1 ]
    }, {
      "vertices" : [ 2, 4, 5 ]
    }, {
      "vertices" : [ 2, 5, 3 ]
    }, {
      "vertices" : [ 0, 6, 3 ]
    }, {
      "vertices" : [ 0, 3, 5 ]
    }, {
      "vertices" : [ 0, 1, 7 ]
    }, {
      "vertices" : [ 0, 7, 6 ]
    }, {
      "vertices" : [ 1, 4, 2 ]
    }, {
      "vertices" : [ 1, 2, 7 ]
    } ]
  }, {
    "id" : "f85f335e-a155-4ee2-9788-a9bdf017975d",
    "vertices" : [ {
      "x" : -4.761016,
      "y" : 0.13333334,
      "z" : 6.3771763
    }, {
      "x" : -4.861016,
      "y" : -0.26666668,
      "z" : 6.477176
    }, {
      "x" : -0.6273459,
      "y" : -0.13333334,
      "z" : 0.47692576
    }, {
      "x" : -0.52734596,
      "y" : 0.26666668,
      "z" : 0.37692577
    }, {
      "x" : -5.161016,
      "y" : -0.13333334,
      "z" : 6.243843
    }, {
      "x" : -5.0610156,
      "y" : 0.26666668,
      "z" : 6.1438427
    }, {
      "x" : -0.22734594,
      "y" : 0.13333334,
      "z" : 0.6102591
    }, {
      "x" : -0.32734594,
      "y" : -0.26666668,
      "z" : 0.7102591
    } ],
    "faces" : [ {
      "vertices" : [ 2, 3, 6 ]
    }, {
      "vertices" : [ 2, 6, 7 ]
    }, {
      "vertices" : [ 0, 5, 4 ]
    }, {
      "vertices" : [ 0, 4, 1 ]
    }, {
      "vertices" : [ 2, 4, 5 ]
    }, {
      "vertices" : [ 2, 5, 3 ]
    }, {
      "vertices" : [ 0, 6, 3 ]
    }, {
      "vertices" : [ 0, 3, 5 ]
    }, {
      "vertices" : [ 0, 1, 7 ]
    }, {
      "vertices" : [ 0, 7, 6 ]
    }, {
      "vertices" : [ 1, 4, 2 ]
    }, {
      "vertices" : [ 1, 2, 7 ]
    } ]
  }, {
    "id" : "9ae00cce-8eff-49b7-944e-0da7a43aed6f",
    "vertices" : [ {
      "x" : 0.42838138,
      "y" : 0.0,
      "z" : 0.0
    }, {
      "x" : 1.121517,
      "y" : -0.3465678,
      "z" : -0.21419069
    }, {
      "x" : 1.121517,
      "y" : -0.3465678,
      "z" : 0.21419069
    }, {
      "x" : 1.121517,
      "y" : 0.3465678,
      "z" : -0.21419069
    }, {
      "x" : 1.121517,
      "y" : 0.3465678,
      "z" : 0.21419069
    }, {
      "x" : 27.912926,
      "y" : -0.3465678,
      "z" : -0.21419069
    }, {
      "x" : 27.912926,
      "y" : -0.3465678,
      "z" : 0.21419069
    }, {
      "x" : 27.912926,
      "y" : 0.3465678,
      "z" : -0.21419069
    }, {
      "x" : 27.912926,
      "y" : 0.3465678,
      "z" : 0.21419069
    }, {
      "x" : 28.60606,
      "y" : 0.0,
      "z" : 0.0
    }, {
      "x" : 29.034441,
      "y" : 0.0,
      "z" : 0.0
    } ],
    "faces" : [ {
      "vertices" : [ 1, 3, 7 ]
    }, {
      "vertices" : [ 1, 7, 5 ]
    }, {
      "vertices" : [ 0, 1, 2 ]
    }, {
      "vertices" : [ 0, 3, 1 ]
    }, {
      "vertices" : [ 5, 9, 6 ]
    }, {
      "vertices" : [ 2, 6, 8 ]
    }, {
      "vertices" : [ 2, 8, 4 ]
    }, {
      "vertices" : [ 5, 7, 9 ]
    }, {
      "vertices" : [ 0, 2, 4 ]
    }, {
      "vertices" : [ 3, 4, 8 ]
    }, {
      "vertices" : [ 3, 8, 7 ]
    }, {
      "vertices" : [ 0, 4, 3 ]
    }, {
      "vertices" : [ 6, 9, 8 ]
    }, {
      "vertices" : [ 7, 8, 9 ]
    }, {
      "vertices" : [ 1, 5, 6 ]
    }, {
      "vertices" : [ 1, 6, 2 ]
    } ]
  }, {
    "id" : "d675cf74-b11a-4396-bea3-5845fc362a33",
    "vertices" : [ {
      "x" : -5.137156,
      "y" : 4.8704896,
      "z" : -3.6408904
    }, {
      "x" : -5.037156,
      "y" : 4.770489,
      "z" : -4.04089
    }, {
      "x" : -0.25120562,
      "y" : 0.5178723,
      "z" : -0.59517753
    }, {
      "x" : -0.35120562,
      "y" : 0.6178723,
      "z" : -0.19517754
    }, {
      "x" : -4.8038225,
      "y" : 5.0704894,
      "z" : -4.174224
    }, {
      "x" : -4.903823,
      "y" : 5.1704893,
      "z" : -3.7742238
    }, {
      "x" : -0.58453894,
      "y" : 0.3178723,
      "z" : -0.061844204
    }, {
      "x" : -0.48453894,
      "y" : 0.21787228,
      "z" : -0.4618442
    } ],
    "faces" : [ {
      "vertices" : [ 2, 3, 6 ]
    }, {
      "vertices" : [ 2, 6, 7 ]
    }, {
      "vertices" : [ 0, 5, 4 ]
    }, {
      "vertices" : [ 0, 4, 1 ]
    }, {
      "vertices" : [ 2, 4, 5 ]
    }, {
      "vertices" : [ 2, 5, 3 ]
    }, {
      "vertices" : [ 0, 6, 3 ]
    }, {
      "vertices" : [ 0, 3, 5 ]
    }, {
      "vertices" : [ 0, 1, 7 ]
    }, {
      "vertices" : [ 0, 7, 6 ]
    }, {
      "vertices" : [ 1, 4, 2 ]
    }, {
      "vertices" : [ 1, 2, 7 ]
    } ]
  }, {
    "id" : "48a7c5ff-4fdc-48d0-91c7-f95c30e1e4f7",
    "vertices" : [ {
      "x" : -19.116098,
      "y" : 18.849432,
      "z" : 9.388847
    }, {
      "x" : -19.216099,
      "y" : 18.94943,
      "z" : 8.988848
    }, {
      "x" : -0.3791779,
      "y" : 0.6458446,
      "z" : 0.083288394
    }, {
      "x" : -0.2791779,
      "y" : 0.54584455,
      "z" : 0.4832884
    }, {
      "x" : -18.982765,
      "y" : 19.249432,
      "z" : 9.122181
    }, {
      "x" : -18.882765,
      "y" : 19.149431,
      "z" : 9.522181
    }, {
      "x" : -0.51251125,
      "y" : 0.24584457,
      "z" : 0.34995505
    }, {
      "x" : -0.6125112,
      "y" : 0.34584457,
      "z" : -0.05004494
    } ],
    "faces" : [ {
      "vertices" : [ 2, 3, 6 ]
    }, {
      "vertices" : [ 2, 6, 7 ]
    }, {
      "vertices" : [ 0, 5, 4 ]
    }, {
      "vertices" : [ 0, 4, 1 ]
    }, {
      "vertices" : [ 2, 4, 5 ]
    }, {
      "vertices" : [ 2, 5, 3 ]
    }, {
      "vertices" : [ 0, 6, 3 ]
    }, {
      "vertices" : [ 0, 3, 5 ]
    }, {
      "vertices" : [ 0, 1, 7 ]
    }, {
      "vertices" : [ 0, 7, 6 ]
    }, {
      "vertices" : [ 1, 4, 2 ]
    }, {
      "vertices" : [ 1, 2, 7 ]
    } ]
  }, {
    "id" : "abdae52a-5a29-43ed-9bfd-397ebfba4f3e",
    "vertices" : [ {
      "x" : 13.871306,
      "y" : -13.60464,
      "z" : -13.050633
    }, {
      "x" : 13.771307,
      "y" : -13.504641,
      "z" : -13.450633
    }, {
      "x" : 0.23560727,
      "y" : -0.5022739,
      "z" : -0.65757096
    }, {
      "x" : 0.33560726,
      "y" : -0.60227394,
      "z" : -0.25757095
    }, {
      "x" : 13.537973,
      "y" : -13.80464,
      "z" : -13.583966
    }, {
      "x" : 13.637974,
      "y" : -13.90464,
      "z" : -13.183967
    }, {
      "x" : 0.5689406,
      "y" : -0.30227393,
      "z" : -0.12423761
    }, {
      "x" : 0.4689406,
      "y" : -0.20227394,
      "z" : -0.52423763
    } ],
    "faces" : [ {
      "vertices" : [ 2, 3, 6 ]
    }, {
      "vertices" : [ 2, 6, 7 ]
    }, {
      "vertices" : [ 0, 5, 4 ]
    }, {
      "vertices" : [ 0, 4, 1 ]
    }, {
      "vertices" : [ 2, 4, 5 ]
    }, {
      "vertices" : [ 2, 5, 3 ]
    }, {
      "vertices" : [ 0, 6, 3 ]
    }, {
      "vertices" : [ 0, 3, 5 ]
    }, {
      "vertices" : [ 0, 1, 7 ]
    }, {
      "vertices" : [ 0, 7, 6 ]
    }, {
      "vertices" : [ 1, 4, 2 ]
    }, {
      "vertices" : [ 1, 2, 7 ]
    } ]
  } ],
  "instances" : [ {
    "shape" : "0f779394-430a-4419-9bd6-1f0278111307",
    "color" : "#FFFFFF",
    "position" : {
      "x" : -11.09017,
      "y" : 29.034441,
      "z" : 0.0
    }
  }, {
    "shape" : "62d3248c-3492-4da7-a7d0-ac5890d72bbd",
    "color" : "#007695",
    "position" : {
      "x" : 19.495275,
      "y" : -5.388362,
      "z" : -2.618034
    },
    "orientation" : 16
  }, {
    "shape" : "f255b46f-1620-42f0-8a61-0e3ff7258055",
    "color" : "#007695",
    "position" : {
      "x" : 11.09017,
      "y" : 29.034441,
      "z" : 0.0
    },
    "orientation" : 25
  }, {
    "shape" : "62d3248c-3492-4da7-a7d0-ac5890d72bbd",
    "color" : "#007695",
    "position" : {
      "x" : 19.495275,
      "y" : -19.495275,
      "z" : -9.472136
    },
    "orientation" : 45
  }, {
    "shape" : "62d3248c-3492-4da7-a7d0-ac5890d72bbd",
    "color" : "#007695",
    "position" : {
      "x" : 14.1069145,
      "y" : -5.388362,
      "z" : 4.236068
    },
    "orientation" : 16
  }, {
    "shape" : "0f779394-430a-4419-9bd6-1f0278111307",
    "color" : "#FFFFFF",
    "position" : {
      "x" : -17.944271,
      "y" : -17.944271,
      "z" : -17.944271
    }
  }, {
    "shape" : "bde513d3-1534-41e2-82f7-7c2dd888be2d",
    "color" : "#FFFFFF",
    "position" : {
      "x" : -14.1069145,
      "y" : 5.388362,
      "z" : 13.708204
    },
    "orientation" : 15
  }, {
    "shape" : "f255b46f-1620-42f0-8a61-0e3ff7258055",
    "color" : "#007695",
    "position" : {
      "x" : -11.09017,
      "y" : -29.034441,
      "z" : 0.0
    },
    "orientation" : 7
  }, {
    "shape" : "0f779394-430a-4419-9bd6-1f0278111307",
    "color" : "#FFFFFF",
    "position" : {
      "x" : -19.495275,
      "y" : 14.1069145,
      "z" : 2.618034
    }
  }, {
    "shape" : "f85f335e-a155-4ee2-9788-a9bdf017975d",
    "color" : "#FFFFFF",
    "position" : {
      "x" : -5.388362,
      "y" : 5.388362,
      "z" : -4.236068
    },
    "orientation" : 45
  }, {
    "shape" : "0f779394-430a-4419-9bd6-1f0278111307",
    "color" : "#FFFFFF",
    "position" : {
      "x" : -5.388362,
      "y" : 5.388362,
      "z" : 13.708204
    }
  }, {
    "shape" : "bde513d3-1534-41e2-82f7-7c2dd888be2d",
    "color" : "#FFFFFF",
    "position" : {
      "x" : 19.495275,
      "y" : -10.776724,
      "z" : -9.472136
    },
    "orientation" : 0
  }, {
    "shape" : "f255b46f-1620-42f0-8a61-0e3ff7258055",
    "color" : "#007695",
    "position" : {
      "x" : -17.944271,
      "y" : 17.944271,
      "z" : 17.944271
    },
    "orientation" : 52
  }, {
    "shape" : "9ae00cce-8eff-49b7-944e-0da7a43aed6f",
    "color" : "#007695",
    "position" : {
      "x" : 0.0,
      "y" : 0.0,
      "z" : 0.0
    },
    "orientation" : 16
  }, {
    "shape" : "0f779394-430a-4419-9bd6-1f0278111307",
    "color" : "#FFFFFF",
    "position" : {
      "x" : -11.09017,
      "y" : -29.034441,
      "z" : 0.0
    }
  }, {
    "shape" : "d675cf74-b11a-4396-bea3-5845fc362a33",
    "color" : "#FFFFFF",
    "position" : {
      "x" : -14.1069145,
      "y" : 14.1069145,
      "z" : 13.708204
    },
    "orientation" : 0
  }, {
    "shape" : "f255b46f-1620-42f0-8a61-0e3ff7258055",
    "color" : "#007695",
    "position" : {
      "x" : -11.09017,
      "y" : -29.034441,
      "z" : 0.0
    },
    "orientation" : 0
  }, {
    "shape" : "f85f335e-a155-4ee2-9788-a9bdf017975d",
    "color" : "#FFFFFF",
    "position" : {
      "x" : 0.0,
      "y" : 14.1069145,
      "z" : 6.854102
    },
    "orientation" : 0
  }, {
    "shape" : "f85f335e-a155-4ee2-9788-a9bdf017975d",
    "color" : "#FFFFFF",
    "position" : {
      "x" : 0.0,
      "y" : -14.1069145,
      "z" : -6.854102
    },
    "orientation" : 45
  }, {
    "shape" : "f85f335e-a155-4ee2-9788-a9bdf017975d",
    "color" : "#FFFFFF",
    "position" : {
      "x" : 0.0,
      "y" : 0.0,
      "z" : -17.944271
    },
    "orientation" : 0
  }, {
    "shape" : "0f779394-430a-4419-9bd6-1f0278111307",
    "color" : "#FFFFFF",
    "position" : {
      "x" : 19.495275,
      "y" : -5.388362,
      "z" : -2.618034
    }
  }, {
    "shape" : "f255b46f-1620-42f0-8a61-0e3ff7258055",
    "color" : "#007695",
    "position" : {
      "x" : -29.034441,
      "y" : 0.0,
      "z" : -11.09017
    },
    "orientation" : 2
  }, {
    "shape" : "48a7c5ff-4fdc-48d0-91c7-f95c30e1e4f7",
    "color" : "#FFFFFF",
    "position" : {
      "x" : 0.0,
      "y" : 0.0,
      "z" : 0.0
    },
    "orientation" : 0
  }, {
    "shape" : "abdae52a-5a29-43ed-9bfd-397ebfba4f3e",
    "color" : "#FFFFFF",
    "position" : {
      "x" : 0.0,
      "y" : 0.0,
      "z" : 0.0
    },
    "orientation" : 0
  }, {
    "shape" : "0f779394-430a-4419-9bd6-1f0278111307",
    "color" : "#FFFFFF",
    "position" : {
      "x" : 0.0,
      "y" : 0.0,
      "z" : 17.944271
    }
  }, {
    "shape" : "0f779394-430a-4419-9bd6-1f0278111307",
    "color" : "#FFFFFF",
    "position" : {
      "x" : 29.034441,
      "y" : 0.0,
      "z" : 0.0
    }
  }, {
    "shape" : "f255b46f-1620-42f0-8a61-0e3ff7258055",
    "color" : "#007695",
    "position" : {
      "x" : 29.034441,
      "y" : 0.0,
      "z" : -11.09017
    },
    "orientation" : 2
  }, {
    "shape" : "f85f335e-a155-4ee2-9788-a9bdf017975d",
    "color" : "#FFFFFF",
    "position" : {
      "x" : 0.0,
      "y" : -5.388362,
      "z" : -6.854102
    },
    "orientation" : 45
  }, {
    "shape" : "f85f335e-a155-4ee2-9788-a9bdf017975d",
    "color" : "#FFFFFF",
    "position" : {
      "x" : 0.0,
      "y" : 0.0,
      "z" : 0.0
    },
    "orientation" : 45
  }, {
    "shape" : "f255b46f-1620-42f0-8a61-0e3ff7258055",
    "color" : "#007695",
    "position" : {
      "x" : -29.034441,
      "y" : 0.0,
      "z" : 11.09017
    },
    "orientation" : 9
  }, {
    "shape" : "d675cf74-b11a-4396-bea3-5845fc362a33",
    "color" : "#FFFFFF",
    "position" : {
      "x" : 5.388362,
      "y" : 0.0,
      "z" : 11.09017
    },
    "orientation" : 0
  }, {
    "shape" : "f85f335e-a155-4ee2-9788-a9bdf017975d",
    "color" : "#FFFFFF",
    "position" : {
      "x" : 19.495275,
      "y" : -5.388362,
      "z" : -2.618034
    },
    "orientation" : 0
  }, {
    "shape" : "f85f335e-a155-4ee2-9788-a9bdf017975d",
    "color" : "#FFFFFF",
    "position" : {
      "x" : -19.495275,
      "y" : 19.495275,
      "z" : 9.472136
    },
    "orientation" : 45
  }, {
    "shape" : "f255b46f-1620-42f0-8a61-0e3ff7258055",
    "color" : "#007695",
    "position" : {
      "x" : -11.09017,
      "y" : 29.034441,
      "z" : 0.0
    },
    "orientation" : 0
  }, {
    "shape" : "0f779394-430a-4419-9bd6-1f0278111307",
    "color" : "#FFFFFF",
    "position" : {
      "x" : -14.1069145,
      "y" : 14.1069145,
      "z" : -4.236068
    }
  }, {
    "shape" : "bde513d3-1534-41e2-82f7-7c2dd888be2d",
    "color" : "#FFFFFF",
    "position" : {
      "x" : -5.388362,
      "y" : 14.1069145,
      "z" : -4.236068
    },
    "orientation" : 0
  }, {
    "shape" : "f255b46f-1620-42f0-8a61-0e3ff7258055",
    "color" : "#007695",
    "position" : {
      "x" : -17.944271,
      "y" : 17.944271,
      "z" : -17.944271
    },
    "orientation" : 26
  }, {
    "shape" : "62d3248c-3492-4da7-a7d0-ac5890d72bbd",
    "color" : "#007695",
    "position" : {
      "x" : 19.495275,
      "y" : -10.776724,
      "z" : -9.472136
    },
    "orientation" : 16
  }, {
    "shape" : "f85f335e-a155-4ee2-9788-a9bdf017975d",
    "color" : "#FFFFFF",
    "position" : {
      "x" : 0.0,
      "y" : 0.0,
      "z" : 0.0
    },
    "orientation" : 0
  }, {
    "shape" : "0f779394-430a-4419-9bd6-1f0278111307",
    "color" : "#FFFFFF",
    "position" : {
      "x" : 14.1069145,
      "y" : -19.495275,
      "z" : -2.618034
    }
  }, {
    "shape" : "d675cf74-b11a-4396-bea3-5845fc362a33",
    "color" : "#FFFFFF",
    "position" : {
      "x" : 19.495275,
      "y" : -10.776724,
      "z" : -9.472136
    },
    "orientation" : 0
  }, {
    "shape" : "d675cf74-b11a-4396-bea3-5845fc362a33",
    "color" : "#FFFFFF",
    "position" : {
      "x" : 5.388362,
      "y" : 0.0,
      "z" : -6.854102
    },
    "orientation" : 0
  }, {
    "shape" : "0f779394-430a-4419-9bd6-1f0278111307",
    "color" : "#FFFFFF",
    "position" : {
      "x" : 0.0,
      "y" : 14.1069145,
      "z" : 6.854102
    }
  }, {
    "shape" : "f255b46f-1620-42f0-8a61-0e3ff7258055",
    "color" : "#007695",
    "position" : {
      "x" : 0.0,
      "y" : 11.09017,
      "z" : -29.034441
    },
    "orientation" : 11
  }, {
    "shape" : "f255b46f-1620-42f0-8a61-0e3ff7258055",
    "color" : "#007695",
    "position" : {
      "x" : -17.944271,
      "y" : -17.944271,
      "z" : 17.944271
    },
    "orientation" : 11
  }, {
    "shape" : "bde513d3-1534-41e2-82f7-7c2dd888be2d",
    "color" : "#FFFFFF",
    "position" : {
      "x" : -5.388362,
      "y" : 0.0,
      "z" : -11.09017
    },
    "orientation" : 0
  }, {
    "shape" : "0f779394-430a-4419-9bd6-1f0278111307",
    "color" : "#FFFFFF",
    "position" : {
      "x" : -14.1069145,
      "y" : 5.388362,
      "z" : 13.708204
    }
  }, {
    "shape" : "0f779394-430a-4419-9bd6-1f0278111307",
    "color" : "#FFFFFF",
    "position" : {
      "x" : 29.034441,
      "y" : 0.0,
      "z" : 11.09017
    }
  }, {
    "shape" : "f255b46f-1620-42f0-8a61-0e3ff7258055",
    "color" : "#007695",
    "position" : {
      "x" : -17.944271,
      "y" : 17.944271,
      "z" : 17.944271
    },
    "orientation" : 8
  }, {
    "shape" : "f85f335e-a155-4ee2-9788-a9bdf017975d",
    "color" : "#FFFFFF",
    "position" : {
      "x" : 0.0,
      "y" : 0.0,
      "z" : 17.944271
    },
    "orientation" : 45
  }, {
    "shape" : "f255b46f-1620-42f0-8a61-0e3ff7258055",
    "color" : "#007695",
    "position" : {
      "x" : 0.0,
      "y" : -11.09017,
      "z" : -29.034441
    },
    "orientation" : 8
  }, {
    "shape" : "f255b46f-1620-42f0-8a61-0e3ff7258055",
    "color" : "#007695",
    "position" : {
      "x" : -29.034441,
      "y" : 0.0,
      "z" : 11.09017
    },
    "orientation" : 21
  }, {
    "shape" : "bde513d3-1534-41e2-82f7-7c2dd888be2d",
    "color" : "#FFFFFF",
    "position" : {
      "x" : -19.495275,
      "y" : 10.776724,
      "z" : 9.472136
    },
    "orientation" : 15
  }, {
    "shape" : "0f779394-430a-4419-9bd6-1f0278111307",
    "color" : "#FFFFFF",
    "position" : {
      "x" : -17.944271,
      "y" : 17.944271,
      "z" : -17.944271
    }
  }, {
    "shape" : "bde513d3-1534-41e2-82f7-7c2dd888be2d",
    "color" : "#FFFFFF",
    "position" : {
      "x" : 0.0,
      "y" : 0.0,
      "z" : 0.0
    },
    "orientation" : 0
  }, {
    "shape" : "d675cf74-b11a-4396-bea3-5845fc362a33",
    "color" : "#FFFFFF",
    "position" : {
      "x" : 0.0,
      "y" : 8.718553,
      "z" : 0.0
    },
    "orientation" : 0
  }, {
    "shape" : "62d3248c-3492-4da7-a7d0-ac5890d72bbd",
    "color" : "#007695",
    "position" : {
      "x" : 0.0,
      "y" : -14.1069145,
      "z" : -6.854102
    },
    "orientation" : 1
  }, {
    "shape" : "0f779394-430a-4419-9bd6-1f0278111307",
    "color" : "#FFFFFF",
    "position" : {
      "x" : 19.495275,
      "y" : -10.776724,
      "z" : -9.472136
    }
  }, {
    "shape" : "d675cf74-b11a-4396-bea3-5845fc362a33",
    "color" : "#FFFFFF",
    "position" : {
      "x" : 0.0,
      "y" : -5.388362,
      "z" : -6.854102
    },
    "orientation" : 0
  }, {
    "shape" : "0f779394-430a-4419-9bd6-1f0278111307",
    "color" : "#FFFFFF",
    "position" : {
      "x" : 0.0,
      "y" : -11.09017,
      "z" : 29.034441
    }
  }, {
    "shape" : "0f779394-430a-4419-9bd6-1f0278111307",
    "color" : "#FFFFFF",
    "position" : {
      "x" : 0.0,
      "y" : 29.034441,
      "z" : 0.0
    }
  }, {
    "shape" : "62d3248c-3492-4da7-a7d0-ac5890d72bbd",
    "color" : "#007695",
    "position" : {
      "x" : -14.1069145,
      "y" : 5.388362,
      "z" : -4.236068
    },
    "orientation" : 0
  }, {
    "shape" : "bde513d3-1534-41e2-82f7-7c2dd888be2d",
    "color" : "#FFFFFF",
    "position" : {
      "x" : 14.1069145,
      "y" : -5.388362,
      "z" : -13.708204
    },
    "orientation" : 0
  }, {
    "shape" : "48a7c5ff-4fdc-48d0-91c7-f95c30e1e4f7",
    "color" : "#FFFFFF",
    "position" : {
      "x" : 19.495275,
      "y" : -19.495275,
      "z" : -9.472136
    },
    "orientation" : 0
  }, {
    "shape" : "0f779394-430a-4419-9bd6-1f0278111307",
    "color" : "#FFFFFF",
    "position" : {
      "x" : -17.944271,
      "y" : -17.944271,
      "z" : 17.944271
    }
  }, {
    "shape" : "f255b46f-1620-42f0-8a61-0e3ff7258055",
    "color" : "#007695",
    "position" : {
      "x" : 11.09017,
      "y" : -29.034441,
      "z" : 0.0
    },
    "orientation" : 10
  }, {
    "shape" : "62d3248c-3492-4da7-a7d0-ac5890d72bbd",
    "color" : "#007695",
    "position" : {
      "x" : -5.388362,
      "y" : 5.388362,
      "z" : 13.708204
    },
    "orientation" : 45
  }, {
    "shape" : "d675cf74-b11a-4396-bea3-5845fc362a33",
    "color" : "#FFFFFF",
    "position" : {
      "x" : 5.388362,
      "y" : -14.1069145,
      "z" : 4.236068
    },
    "orientation" : 0
  }, {
    "shape" : "bde513d3-1534-41e2-82f7-7c2dd888be2d",
    "color" : "#FFFFFF",
    "position" : {
      "x" : 0.0,
      "y" : -8.718553,
      "z" : 0.0
    },
    "orientation" : 15
  }, {
    "shape" : "62d3248c-3492-4da7-a7d0-ac5890d72bbd",
    "color" : "#007695",
    "position" : {
      "x" : 0.0,
      "y" : 14.1069145,
      "z" : 6.854102
    },
    "orientation" : 16
  }, {
    "shape" : "0f779394-430a-4419-9bd6-1f0278111307",
    "color" : "#FFFFFF",
    "position" : {
      "x" : -19.495275,
      "y" : 10.776724,
      "z" : 9.472136
    }
  }, {
    "shape" : "f85f335e-a155-4ee2-9788-a9bdf017975d",
    "color" : "#FFFFFF",
    "position" : {
      "x" : -19.495275,
      "y" : 5.388362,
      "z" : 2.618034
    },
    "orientation" : 45
  }, {
    "shape" : "62d3248c-3492-4da7-a7d0-ac5890d72bbd",
    "color" : "#007695",
    "position" : {
      "x" : 14.1069145,
      "y" : -19.495275,
      "z" : -2.618034
    },
    "orientation" : 45
  }, {
    "shape" : "f255b46f-1620-42f0-8a61-0e3ff7258055",
    "color" : "#007695",
    "position" : {
      "x" : 11.09017,
      "y" : 29.034441,
      "z" : 0.0
    },
    "orientation" : 37
  }, {
    "shape" : "bde513d3-1534-41e2-82f7-7c2dd888be2d",
    "color" : "#FFFFFF",
    "position" : {
      "x" : 0.0,
      "y" : 5.388362,
      "z" : -11.09017
    },
    "orientation" : 15
  }, {
    "shape" : "0f779394-430a-4419-9bd6-1f0278111307",
    "color" : "#FFFFFF",
    "position" : {
      "x" : -14.1069145,
      "y" : 19.495275,
      "z" : 2.618034
    }
  }, {
    "shape" : "0f779394-430a-4419-9bd6-1f0278111307",
    "color" : "#FFFFFF",
    "position" : {
      "x" : 17.944271,
      "y" : -17.944271,
      "z" : 17.944271
    }
  }, {
    "shape" : "0f779394-430a-4419-9bd6-1f0278111307",
    "color" : "#FFFFFF",
    "position" : {
      "x" : -29.034441,
      "y" : 0.0,
      "z" : 0.0
    }
  }, {
    "shape" : "0f779394-430a-4419-9bd6-1f0278111307",
    "color" : "#FFFFFF",
    "position" : {
      "x" : 17.944271,
      "y" : 17.944271,
      "z" : 17.944271
    }
  }, {
    "shape" : "62d3248c-3492-4da7-a7d0-ac5890d72bbd",
    "color" : "#007695",
    "position" : {
      "x" : -14.1069145,
      "y" : 5.388362,
      "z" : -4.236068
    },
    "orientation" : 1
  }, {
    "shape" : "62d3248c-3492-4da7-a7d0-ac5890d72bbd",
    "color" : "#FFFFFF",
    "position" : {
      "x" : 0.0,
      "y" : 0.0,
      "z" : 0.0
    },
    "orientation" : 16
  }, {
    "shape" : "62d3248c-3492-4da7-a7d0-ac5890d72bbd",
    "color" : "#007695",
    "position" : {
      "x" : -14.1069145,
      "y" : 14.1069145,
      "z" : 13.708204
    },
    "orientation" : 16
  }, {
    "shape" : "0f779394-430a-4419-9bd6-1f0278111307",
    "color" : "#FFFFFF",
    "position" : {
      "x" : 0.0,
      "y" : 8.718553,
      "z" : 0.0
    }
  }, {
    "shape" : "62d3248c-3492-4da7-a7d0-ac5890d72bbd",
    "color" : "#007695",
    "position" : {
      "x" : -5.388362,
      "y" : 5.388362,
      "z" : -4.236068
    },
    "orientation" : 1
  }, {
    "shape" : "0f779394-430a-4419-9bd6-1f0278111307",
    "color" : "#FFFFFF",
    "position" : {
      "x" : 14.1069145,
      "y" : -5.388362,
      "z" : -13.708204
    }
  }, {
    "shape" : "0f779394-430a-4419-9bd6-1f0278111307",
    "color" : "#FFFFFF",
    "position" : {
      "x" : -10.776724,
      "y" : 19.495275,
      "z" : 9.472136
    }
  }, {
    "shape" : "62d3248c-3492-4da7-a7d0-ac5890d72bbd",
    "color" : "#FFFFFF",
    "position" : {
      "x" : 0.0,
      "y" : 0.0,
      "z" : 0.0
    },
    "orientation" : 0
  }, {
    "shape" : "62d3248c-3492-4da7-a7d0-ac5890d72bbd",
    "color" : "#007695",
    "position" : {
      "x" : 5.388362,
      "y" : 0.0,
      "z" : -6.854102
    },
    "orientation" : 0
  }, {
    "shape" : "f85f335e-a155-4ee2-9788-a9bdf017975d",
    "color" : "#FFFFFF",
    "position" : {
      "x" : 5.388362,
      "y" : -19.495275,
      "z" : -2.618034
    },
    "orientation" : 45
  }, {
    "shape" : "9ae00cce-8eff-49b7-944e-0da7a43aed6f",
    "color" : "#007695",
    "position" : {
      "x" : 0.0,
      "y" : 0.0,
      "z" : 0.0
    },
    "orientation" : 47
  }, {
    "shape" : "0f779394-430a-4419-9bd6-1f0278111307",
    "color" : "#FFFFFF",
    "position" : {
      "x" : 14.1069145,
      "y" : -14.1069145,
      "z" : -13.708204
    }
  }, {
    "shape" : "f255b46f-1620-42f0-8a61-0e3ff7258055",
    "color" : "#007695",
    "position" : {
      "x" : -17.944271,
      "y" : -17.944271,
      "z" : -17.944271
    },
    "orientation" : 51
  }, {
    "shape" : "d675cf74-b11a-4396-bea3-5845fc362a33",
    "color" : "#FFFFFF",
    "position" : {
      "x" : 0.0,
      "y" : 0.0,
      "z" : 17.944271
    },
    "orientation" : 0
  }, {
    "shape" : "62d3248c-3492-4da7-a7d0-ac5890d72bbd",
    "color" : "#007695",
    "position" : {
      "x" : 5.388362,
      "y" : -5.388362,
      "z" : -13.708204
    },
    "orientation" : 0
  }, {
    "shape" : "0f779394-430a-4419-9bd6-1f0278111307",
    "color" : "#FFFFFF",
    "position" : {
      "x" : 11.09017,
      "y" : 29.034441,
      "z" : 0.0
    }
  }, {
    "shape" : "0f779394-430a-4419-9bd6-1f0278111307",
    "color" : "#FFFFFF",
    "position" : {
      "x" : 19.495275,
      "y" : -14.1069145,
      "z" : -2.618034
    }
  }, {
    "shape" : "bde513d3-1534-41e2-82f7-7c2dd888be2d",
    "color" : "#FFFFFF",
    "position" : {
      "x" : 5.388362,
      "y" : -5.388362,
      "z" : -13.708204
    },
    "orientation" : 0
  }, {
    "shape" : "0f779394-430a-4419-9bd6-1f0278111307",
    "color" : "#FFFFFF",
    "position" : {
      "x" : -17.944271,
      "y" : 17.944271,
      "z" : 17.944271
    }
  }, {
    "shape" : "62d3248c-3492-4da7-a7d0-ac5890d72bbd",
    "color" : "#007695",
    "position" : {
      "x" : -5.388362,
      "y" : 14.1069145,
      "z" : 13.708204
    },
    "orientation" : 45
  }, {
    "shape" : "0f779394-430a-4419-9bd6-1f0278111307",
    "color" : "#FFFFFF",
    "position" : {
      "x" : -5.388362,
      "y" : 0.0,
      "z" : -11.09017
    }
  }, {
    "shape" : "f85f335e-a155-4ee2-9788-a9bdf017975d",
    "color" : "#FFFFFF",
    "position" : {
      "x" : 19.495275,
      "y" : -14.1069145,
      "z" : -2.618034
    },
    "orientation" : 0
  }, {
    "shape" : "bde513d3-1534-41e2-82f7-7c2dd888be2d",
    "color" : "#FFFFFF",
    "position" : {
      "x" : 0.0,
      "y" : 0.0,
      "z" : 17.944271
    },
    "orientation" : 15
  }, {
