{
  "field" : "golden",
  "symmetry" : "icosahedral",
  "orientations" : [ [ 1.0, 0.0, 0.0, 0.0, 0.0, 1.0, 0.0, 0.0, 0.0, 0.0, 1.0, 0.0, 0.0, 0.0, 0.0, 1.0 ], [ 0.0, 0.0, 1.0, 0.0, 1.0, 0.0, 0.0, 0.0, 0.0, 1.0, 0.0, 0.0, 0.0, 0.0, 0.0, 1.0 ], [ 0.0, 1.0, 0.0, 0.0, 0.0, 0.0, 1.0, 0.0, 1.0, 0.0, 0.0, 0.0, 0.0, 0.0, 0.0, 1.0 ], [ 0.809017, 0.309017, 0.5, 0.0, 0.309017, 0.5, -0.809017, 0.0, -0.5, 0.809017, 0.309017, 0.0, 0.0, 0.0, 0.0, 1.0 ], [ -0.5, 0.809017, 0.309017, 0.0, 0.809017, 0.309017, 0.5, 0.0, 0.309017, 0.5, -0.809017, 0.0, 0.0, 0.0, 0.0, 1.0 ], [ 0.309017, 0.5, -0.809017, 0.0, -0.5, 0.809017, 0.309017, 0.0, 0.809017, 0.309017, 0.5, 0.0, 0.0, 0.0, 0.0, 1.0 ], [ 0.5, 0.809017, 0.309017, 0.0, 0.809017, -0.309017, -0.5, 0.0, -0.309017, 0.5, -0.809017, 0.0, 0.0, 0.0, 0.0, 1.0 ], [ -0.309017, 0.5, -0.809017, 0.0, 0.5, 0.809017, 0.309017, 0.0, 0.809017, -0.309017, -0.5, 0.0, 0.0, 0.0, 0.0, 1.0 ], [ 0.809017, -0.309017, -0.5, 0.0, -0.309017, 0.5, -0.809017, 0.0, 0.5, 0.809017, 0.309017, 0.0, 0.0, 0.0, 0.0, 1.0 ], [ 0.5, 0.809017, -0.309017, 0.0, 0.809017, -0.309017, 0.5, 0.0, 0.309017, -0.5, -0.809017, 0.0, 0.0, 0.0, 0.0, 1.0 ], [ 0.309017, -0.5, -0.809017, 0.0, 0.5, 0.809017, -0.309017, 0.0, 0.809017, -0.309017, 0.5, 0.0, 0.0, 0.0, 0.0, 1.0 ], [ 0.809017, -0.309017, 0.5, 0.0, 0.309017, -0.5, -0.809017, 0.0, 0.5, 0.809017, -0.309017, 0.0, 0.0, 0.0, 0.0, 1.0 ], [ 0.809017, 0.309017, -0.5, 0.0, 0.309017, 0.5, 0.809017, 0.0, 0.5, -0.809017, 0.309017, 0.0, 0.0, 0.0, 0.0, 1.0 ], [ 0.5, -0.809017, 0.309017, 0.0, 0.809017, 0.309017, -0.5, 0.0, 0.309017, 0.5, 0.809017, 0.0, 0.0, 0.0, 0.0, 1.0 ], [ 0.309017, 0.5, 0.809017, 0.0, 0.5, -0.809017, 0.309017, 0.0, 0.809017, 0.309017, -0.5, 0.0, 0.0, 0.0, 0.0, 1.0 ], [ 1.0, 0.0, 0.0, 0.0, 0.0, -1.0, 0.0, 0.0, 0.0, 0.0, -1.0, 0.0, 0.0, 0.0, 0.0, 1.0 ], [ 0.0, 0.0, 1.0, 0.0, -1.0, 0.0, 0.0, 0.0, 0.0, -1.0, 0.0, 0.0, 0.0, 0.0, 0.0, 1.0 ], [ 0.0, 1.0, 0.0, 0.0, 0.0, 0.0, -1.0, 0.0, -1.0, 0.0, 0.0, 0.0, 0.0, 0.0, 0.0, 1.0 ], [ 0.809017, 0.309017, 0.5, 0.0, -0.309017, -0.5, 0.809017, 0.0, 0.5, -0.809017, -0.309017, 0.0, 0.0, 0.0, 0.0, 1.0 ], [ -0.5, 0.809017, 0.309017, 0.0, -0.809017, -0.309017, -0.5, 0.0, -0.309017, -0.5, 0.809017, 0.0, 0.0, 0.0, 0.0, 1.0 ], [ 0.309017, 0.5, -0.809017, 0.0, 0.5, -0.809017, -0.309017, 0.0, -0.809017, -0.309017, -0.5, 0.0, 0.0, 0.0, 0.0, 1.0 ], [ 0.5, 0.809017, 0.309017, 0.0, -0.809017, 0.309017, 0.5, 0.0, 0.309017, -0.5, 0.809017, 0.0, 0.0, 0.0, 0.0, 1.0 ], [ -0.309017, 0.5, -0.809017, 0.0, -0.5, -0.809017, -0.309017, 0.0, -0.809017, 0.309017, 0.5, 0.0, 0.0, 0.0, 0.0, 1.0 ], [ 0.809017, -0.309017, -0.5, 0.0, 0.309017, -0.5, 0.809017, 0.0, -0.5, -0.809017, -0.309017, 0.0, 0.0, 0.0, 0.0, 1.0 ], [ 0.5, 0.809017, -0.309017, 0.0, -0.809017, 0.309017, -0.5, 0.0, -0.309017, 0.5, 0.809017, 0.0, 0.0, 0.0, 0.0, 1.0 ], [ 0.309017, -0.5, -0.809017, 0.0, -0.5, -0.809017, 0.309017, 0.0, -0.809017, 0.309017, -0.5, 0.0, 0.0, 0.0, 0.0, 1.0 ], [ 0.809017, -0.309017, 0.5, 0.0, -0.309017, 0.5, 0.809017, 0.0, -0.5, -0.809017, 0.309017, 0.0, 0.0, 0.0, 0.0, 1.0 ], [ 0.809017, 0.309017, -0.5, 0.0, -0.309017, -0.5, -0.809017, 0.0, -0.5, 0.809017, -0.309017, 0.0, 0.0, 0.0, 0.0, 1.0 ], [ 0.5, -0.809017, 0.309017, 0.0, -0.809017, -0.309017, 0.5, 0.0, -0.309017, -0.5, -0.809017, 0.0, 0.0, 0.0, 0.0, 1.0 ], [ 0.309017, 0.5, 0.809017, 0.0, -0.5, 0.809017, -0.309017, 0.0, -0.809017, -0.309017, 0.5, 0.0, 0.0, 0.0, 0.0, 1.0 ], [ -1.0, 0.0, 0.0, 0.0, 0.0, -1.0, 0.0, 0.0, 0.0, 0.0, 1.0, 0.0, 0.0, 0.0, 0.0, 1.0 ], [ 0.0, 0.0, -1.0, 0.0, -1.0, 0.0, 0.0, 0.0, 0.0, 1.0, 0.0, 0.0, 0.0, 0.0, 0.0, 1.0 ], [ 0.0, -1.0, 0.0, 0.0, 0.0, 0.0, -1.0, 0.0, 1.0, 0.0, 0.0, 0.0, 0.0, 0.0, 0.0, 1.0 ], [ -0.809017, -0.309017, -0.5, 0.0, -0.309017, -0.5, 0.809017, 0.0, -0.5, 0.809017, 0.309017, 0.0, 0.0, 0.0, 0.0, 1.0 ], [ 0.5, -0.809017, -0.309017, 0.0, -0.809017, -0.309017, -0.5, 0.0, 0.309017, 0.5, -0.809017, 0.0, 0.0, 0.0, 0.0, 1.0 ], [ -0.309017, -0.5, 0.809017, 0.0, 0.5, -0.809017, -0.309017, 0.0, 0.809017, 0.309017, 0.5, 0.0, 0.0, 0.0, 0.0, 1.0 ], [ -0.5, -0.809017, -0.309017, 0.0, -0.809017, 0.309017, 0.5, 0.0, -0.309017, 0.5, -0.809017, 0.0, 0.0, 0.0, 0.0, 1.0 ], [ 0.309017, -0.5, 0.809017, 0.0, -0.5, -0.809017, -0.309017, 0.0, 0.809017, -0.309017, -0.5, 0.0, 0.0, 0.0, 0.0, 1.0 ], [ -0.809017, 0.309017, 0.5, 0.0, 0.309017, -0.5, 0.809017, 0.0, 0.5, 0.809017, 0.309017, 0.0, 0.0, 0.0, 0.0, 1.0 ], [ -0.5, -0.809017, 0.309017, 0.0, -0.809017, 0.309017, -0.5, 0.0, 0.309017, -0.5, -0.809017, 0.0, 0.0, 0.0, 0.0, 1.0 ], [ -0.309017, 0.5, 0.809017, 0.0, -0.5, -0.809017, 0.309017, 0.0, 0.809017, -0.309017, 0.5, 0.0, 0.0, 0.0, 0.0, 1.0 ], [ -0.809017, 0.309017, -0.5, 0.0, -0.309017, 0.5, 0.809017, 0.0, 0.5, 0.809017, -0.309017, 0.0, 0.0, 0.0, 0.0, 1.0 ], [ -0.809017, -0.309017, 0.5, 0.0, -0.309017, -0.5, -0.809017, 0.0, 0.5, -0.809017, 0.309017, 0.0, 0.0, 0.0, 0.0, 1.0 ], [ -0.5, 0.809017, -0.309017, 0.0, -0.809017, -0.309017, 0.5, 0.0, 0.309017, 0.5, 0.809017, 0.0, 0.0, 0.0, 0.0, 1.0 ], [ -0.309017, -0.5, -0.809017, 0.0, -0.5, 0.809017, -0.309017, 0.0, 0.809017, 0.309017, -0.5, 0.0, 0.0, 0.0, 0.0, 1.0 ], [ -1.0, 0.0, 0.0, 0.0, 0.0, 1.0, 0.0, 0.0, 0.0, 0.0, -1.0, 0.0, 0.0, 0.0, 0.0, 1.0 ], [ 0.0, 0.0, -1.0, 0.0, 1.0, 0.0, 0.0, 0.0, 0.0, -1.0, 0.0, 0.0, 0.0, 0.0, 0.0, 1.0 ], [ 0.0, -1.0, 0.0, 0.0, 0.0, 0.0, 1.0, 0.0, -1.0, 0.0, 0.0, 0.0, 0.0, 0.0, 0.0, 1.0 ], [ -0.809017, -0.309017, -0.5, 0.0, 0.309017, 0.5, -0.809017, 0.0, 0.5, -0.809017, -0.309017, 0.0, 0.0, 0.0, 0.0, 1.0 ], [ 0.5, -0.809017, -0.309017, 0.0, 0.809017, 0.309017, 0.5, 0.0, -0.309017, -0.5, 0.809017, 0.0, 0.0, 0.0, 0.0, 1.0 ], [ -0.309017, -0.5, 0.809017, 0.0, -0.5, 0.809017, 0.309017, 0.0, -0.809017, -0.309017, -0.5, 0.0, 0.0, 0.0, 0.0, 1.0 ], [ -0.5, -0.809017, -0.309017, 0.0, 0.809017, -0.309017, -0.5, 0.0, 0.309017, -0.5, 0.809017, 0.0, 0.0, 0.0, 0.0, 1.0 ], [ 0.309017, -0.5, 0.809017, 0.0, 0.5, 0.809017, 0.309017, 0.0, -0.809017, 0.309017, 0.5, 0.0, 0.0, 0.0, 0.0, 1.0 ], [ -0.809017, 0.309017, 0.5, 0.0, -0.309017, 0.5, -0.809017, 0.0, -0.5, -0.809017, -0.309017, 0.0, 0.0, 0.0, 0.0, 1.0 ], [ -0.5, -0.809017, 0.309017, 0.0, 0.809017, -0.309017, 0.5, 0.0, -0.309017, 0.5, 0.809017, 0.0, 0.0, 0.0, 0.0, 1.0 ], [ -0.309017, 0.5, 0.809017, 0.0, 0.5, 0.809017, -0.309017, 0.0, -0.809017, 0.309017, -0.5, 0.0, 0.0, 0.0, 0.0, 1.0 ], [ -0.809017, 0.309017, -0.5, 0.0, 0.309017, -0.5, -0.809017, 0.0, -0.5, -0.809017, 0.309017, 0.0, 0.0, 0.0, 0.0, 1.0 ], [ -0.809017, -0.309017, 0.5, 0.0, 0.309017, 0.5, 0.809017, 0.0, -0.5, 0.809017, -0.309017, 0.0, 0.0, 0.0, 0.0, 1.0 ], [ -0.5, 0.809017, -0.309017, 0.0, 0.809017, 0.309017, -0.5, 0.0, -0.309017, -0.5, -0.809017, 0.0, 0.0, 0.0, 0.0, 1.0 ], [ -0.309017, -0.5, -0.809017, 0.0, 0.5, -0.809017, 0.309017, 0.0, -0.809017, -0.309017, 0.5, 0.0, 0.0, 0.0, 0.0, 1.0 ] ],
  "lights" : {
    "ambientColor" : "#292929",
    "backgroundColor" : "#333333",
    "directionalLights" : [ {
      "direction" : {
        "x" : 1.0,
        "y" : -1.0,
        "z" : -1.0
      },
      "color" : "#EBEBE4"
    }, {
      "direction" : {
        "x" : -1.0,
        "y" : 0.0,
        "z" : 0.0
      },
      "color" : "#E4E4EB"
    }, {
      "direction" : {
        "x" : 0.0,
        "y" : 0.0,
        "z" : -1.0
      },
      "color" : "#1E1E1E"
    } ]
  },
  "camera" : {
    "perspective" : true,
    "viewDistance" : 194.19821,
    "nearClipDistance" : 0.48549613,
    "farClipDistance" : 388.39548,
    "lookAtPoint" : {
      "x" : 0.0,
      "y" : 0.0,
      "z" : 0.0
    },
    "fieldOfView" : 0.4426289,
    "lookDirection" : {
      "x" : -0.3928887,
      "y" : -0.21239553,
      "z" : -0.89472085
    },
    "upDirection" : {
      "x" : -0.1792446,
      "y" : 0.97197574,
      "z" : -0.15200861
    },
    "stereo" : false,
    "width" : 87.3892,
    "position" : {
      "x" : 76.29828,
      "y" : 41.246834,
      "z" : 173.75319
    }
  },
  "embedding" : [ 1.0, 0.0, 0.0, 0.0, 0.0, 1.0, 0.0, 0.0, 0.0, 0.0, 1.0, 0.0, 0.0, 0.0, 0.0, 1.0 ],
  "shapes" : [ {
    "id" : "90073167-fa24-4675-ab2e-3f405cabab00",
    "vertices" : [ {
      "x" : 5.9425116,
      "y" : 5.6758447,
      "z" : -0.017496688
    }, {
      "x" : 5.8425117,
      "y" : 5.575845,
      "z" : 0.3825033
    }, {
      "x" : 0.32799837,
      "y" : 0.59466505,
      "z" : 0.2880065
    }, {
      "x" : 0.42799836,
      "y" : 0.694665,
      "z" : -0.111993484
    }, {
      "x" : 5.609178,
      "y" : 5.875845,
      "z" : 0.51583666
    }, {
      "x" : 5.709178,
      "y" : 5.975845,
      "z" : 0.11583664
    }, {
      "x" : 0.6613317,
      "y" : 0.39466503,
      "z" : -0.24532682
    }, {
      "x" : 0.5613317,
      "y" : 0.29466504,
      "z" : 0.15467319
    } ],
    "faces" : [ {
      "vertices" : [ 2, 3, 6 ]
    }, {
      "vertices" : [ 2, 6, 7 ]
    }, {
      "vertices" : [ 0, 5, 4 ]
    }, {
      "vertices" : [ 0, 4, 1 ]
    }, {
      "vertices" : [ 2, 4, 5 ]
    }, {
      "vertices" : [ 2, 5, 3 ]
    }, {
      "vertices" : [ 0, 6, 3 ]
    }, {
      "vertices" : [ 0, 3, 5 ]
    }, {
      "vertices" : [ 0, 1, 7 ]
    }, {
      "vertices" : [ 0, 7, 6 ]
    }, {
      "vertices" : [ 1, 4, 2 ]
    }, {
      "vertices" : [ 1, 2, 7 ]
    } ]
  }, {
    "id" : "1736e4ad-e2cb-4a23-b20a-5cd41af918f2",
    "vertices" : [ {
      "x" : 0.309017,
      "y" : -0.309017,
      "z" : -0.309017
    }, {
      "x" : 0.5,
      "y" : 0.0,
      "z" : -0.19098301
    }, {
      "x" : 0.5,
      "y" : 0.0,
      "z" : 0.19098301
    }, {
      "x" : 0.309017,
      "y" : -0.309017,
      "z" : 0.309017
    }, {
      "x" : 0.19098301,
      "y" : -0.5,
      "z" : 0.0
    }, {
      "x" : 0.0,
      "y" : 0.19098301,
      "z" : 0.5
    }, {
      "x" : 0.0,
      "y" : -0.19098301,
      "z" : 0.5
    }, {
      "x" : 0.309017,
      "y" : 0.309017,
      "z" : 0.309017
    }, {
      "x" : -0.309017,
      "y" : -0.309017,
      "z" : 0.309017
    }, {
      "x" : -0.309017,
      "y" : 0.309017,
      "z" : 0.309017
    }, {
      "x" : -0.5,
      "y" : 0.0,
      "z" : 0.19098301
    }, {
      "x" : 0.0,
      "y" : -0.19098301,
      "z" : -0.5
    }, {
      "x" : 0.0,
      "y" : 0.19098301,
      "z" : -0.5
    }, {
      "x" : 0.309017,
      "y" : 0.309017,
      "z" : -0.309017
    }, {
      "x" : -0.309017,
      "y" : -0.309017,
      "z" : -0.309017
    }, {
      "x" : -0.19098301,
      "y" : -0.5,
      "z" : 0.0
    }, {
      "x" : -0.5,
      "y" : 0.0,
      "z" : -0.19098301
    }, {
      "x" : 0.19098301,
      "y" : 0.5,
      "z" : 0.0
    }, {
      "x" : -0.309017,
      "y" : 0.309017,
      "z" : -0.309017
    }, {
      "x" : 0.0,
      "y" : 0.0,
      "z" : 0.0
    }, {
      "x" : -0.19098301,
      "y" : 0.5,
      "z" : 0.0
    } ],
    "faces" : [ {
      "vertices" : [ 12, 18, 20 ]
    }, {
      "vertices" : [ 12, 20, 17 ]
    }, {
      "vertices" : [ 12, 17, 13 ]
    }, {
      "vertices" : [ 3, 6, 8 ]
    }, {
      "vertices" : [ 3, 8, 15 ]
    }, {
      "vertices" : [ 3, 15, 4 ]
    }, {
      "vertices" : [ 0, 11, 12 ]
    }, {
      "vertices" : [ 0, 12, 13 ]
    }, {
      "vertices" : [ 0, 13, 1 ]
    }, {
      "vertices" : [ 5, 9, 10 ]
    }, {
      "vertices" : [ 5, 10, 8 ]
    }, {
      "vertices" : [ 5, 8, 6 ]
    }, {
      "vertices" : [ 2, 7, 5 ]
    }, {
      "vertices" : [ 2, 5, 6 ]
    }, {
      "vertices" : [ 2, 6, 3 ]
    }, {
      "vertices" : [ 11, 14, 16 ]
    }, {
      "vertices" : [ 11, 16, 18 ]
    }, {
      "vertices" : [ 11, 18, 12 ]
    }, {
      "vertices" : [ 1, 13, 17 ]
    }, {
      "vertices" : [ 1, 17, 7 ]
    }, {
      "vertices" : [ 1, 7, 2 ]
    }, {
      "vertices" : [ 9, 20, 18 ]
    }, {
      "vertices" : [ 9, 18, 16 ]
    }, {
      "vertices" : [ 9, 16, 10 ]
    }, {
      "vertices" : [ 0, 1, 2 ]
    }, {
      "vertices" : [ 0, 2, 3 ]
    }, {
      "vertices" : [ 0, 3, 4 ]
    }, {
      "vertices" : [ 5, 7, 17 ]
    }, {
      "vertices" : [ 5, 17, 20 ]
    }, {
      "vertices" : [ 5, 20, 9 ]
    }, {
      "vertices" : [ 0, 4, 15 ]
    }, {
      "vertices" : [ 0, 15, 14 ]
    }, {
      "vertices" : [ 0, 14, 11 ]
    }, {
      "vertices" : [ 8, 10, 16 ]
    }, {
      "vertices" : [ 8, 16, 14 ]
    }, {
      "vertices" : [ 8, 14, 15 ]
    } ]
  }, {
    "id" : "58d03018-46ed-4a3a-b107-fb64d36ad64a",
    "vertices" : [ {
      "x" : 6.854102,
      "y" : 0.0,
      "z" : -2.618034
    }, {
      "x" : 6.545085,
      "y" : 0.0,
      "z" : -2.5
    }, {
      "x" : 6.1405764,
      "y" : -0.1545085,
      "z" : -2.059017
    }, {
      "x" : 5.9495935,
      "y" : -0.1545085,
      "z" : -2.559017
    }, {
      "x" : 0.9045085,
      "y" : -0.1545085,
      "z" : -0.059016995
    }, {
      "x" : 0.809017,
      "y" : 0.309017,
      "z" : -0.309017
    }, {
      "x" : 0.309017,
      "y" : 0.0,
      "z" : -0.11803399
    }, {
      "x" : 6.045085,
      "y" : 0.309017,
      "z" : -2.309017
    }, {
      "x" : 0.7135255,
      "y" : -0.1545085,
      "z" : -0.559017
    } ],
    "faces" : [ {
      "vertices" : [ 2, 4, 8 ]
    }, {
      "vertices" : [ 2, 8, 3 ]
    }, {
      "vertices" : [ 2, 7, 5 ]
    }, {
      "vertices" : [ 2, 5, 4 ]
    }, {
      "vertices" : [ 4, 6, 8 ]
    }, {
      "vertices" : [ 5, 8, 6 ]
    }, {
      "vertices" : [ 1, 2, 3 ]
    }, {
      "vertices" : [ 3, 8, 5 ]
    }, {
      "vertices" : [ 3, 5, 7 ]
    }, {
      "vertices" : [ 1, 7, 2 ]
    }, {
      "vertices" : [ 1, 3, 7 ]
    }, {
      "vertices" : [ 4, 5, 6 ]
    } ]
  }, {
    "id" : "3d843548-44ad-42d9-a0b4-6bae97abddca",
    "vertices" : [ {
      "x" : -5.8185363,
      "y" : -11.818537,
      "z" : -17.818537
    }, {
      "x" : -6.9644346,
      "y" : -6.9644346,
      "z" : -18.964434
    }, {
      "x" : -0.69392467,
      "y" : -0.69392467,
      "z" : -18.693924
    }, {
      "x" : 6.722483,
      "y" : 0.72248316,
      "z" : -17.277517
    }, {
      "x" : 7.868381,
      "y" : -4.131619,
      "z" : -16.131618
    }, {
      "x" : 1.5978714,
      "y" : -10.402128,
      "z" : -16.402128
    } ],
    "faces" : [ {
      "vertices" : [ 0, 1, 2 ]
    }, {
      "vertices" : [ 0, 2, 3 ]
    }, {
      "vertices" : [ 0, 3, 4 ]
    }, {
      "vertices" : [ 0, 4, 5 ]
    }, {
      "vertices" : [ 0, 5, 4 ]
    }, {
      "vertices" : [ 0, 4, 3 ]
    }, {
      "vertices" : [ 0, 3, 2 ]
    }, {
      "vertices" : [ 0, 2, 1 ]
    } ]
  }, {
    "id" : "f8fdbec7-e4ad-47dc-9dcd-f0e3c2287510",
    "vertices" : [ {
      "x" : 1.0557281,
      "y" : 4.472136,
      "z" : 1.0557281
    }, {
      "x" : 0.71884704,
      "y" : 3.854102,
      "z" : 0.6008131
    }, {
      "x" : 0.6008131,
      "y" : 4.045085,
      "z" : 0.90983003
    }, {
      "x" : 0.090169944,
      "y" : 0.38196602,
      "z" : 0.090169944
    }, {
      "x" : -0.072949015,
      "y" : 1.190983,
      "z" : 0.23606798
    }, {
      "x" : 0.045084972,
      "y" : 1.0,
      "z" : -0.072949015
    }, {
      "x" : 1.100813,
      "y" : 3.854102,
      "z" : 1.218847
    }, {
      "x" : 0.54508495,
      "y" : 0.809017,
      "z" : 0.23606798
    }, {
      "x" : 1.218847,
      "y" : 3.663119,
      "z" : 0.90983003
    }, {
      "x" : 1.145898,
      "y" : 4.854102,
      "z" : 1.145898
    }, {
      "x" : 0.42705098,
      "y" : 1.0,
      "z" : 0.54508495
    } ],
    "faces" : [ {
      "vertices" : [ 3, 10, 4 ]
    }, {
      "vertices" : [ 0, 1, 2 ]
    }, {
      "vertices" : [ 3, 7, 10 ]
    }, {
      "vertices" : [ 1, 8, 7 ]
    }, {
      "vertices" : [ 1, 7, 5 ]
    }, {
      "vertices" : [ 2, 4, 10 ]
    }, {
      "vertices" : [ 2, 10, 6 ]
    }, {
      "vertices" : [ 0, 2, 6 ]
    }, {
      "vertices" : [ 0, 8, 1 ]
    }, {
      "vertices" : [ 3, 4, 5 ]
    }, {
      "vertices" : [ 1, 5, 4 ]
    }, {
      "vertices" : [ 1, 4, 2 ]
    }, {
      "vertices" : [ 0, 6, 8 ]
    }, {
      "vertices" : [ 6, 10, 7 ]
    }, {
      "vertices" : [ 6, 7, 8 ]
    }, {
      "vertices" : [ 3, 5, 7 ]
    } ]
  }, {
    "id" : "865bcb0c-991f-429c-931a-21ba1c101577",
    "vertices" : [ {
      "x" : -12.152905,
      "y" : -0.15290503,
      "z" : 17.847095
    }, {
      "x" : -9.320089,
      "y" : 8.679911,
      "z" : 26.67991
    }, {
      "x" : -8.444701,
      "y" : -2.4447012,
      "z" : 21.5553
    } ],
    "faces" : [ {
      "vertices" : [ 0, 1, 2 ]
    }, {
      "vertices" : [ 0, 2, 1 ]
    } ]
  }, {
    "id" : "bfa7d59a-e64d-4cea-b7fd-c5b2215ec5ba",
    "vertices" : [ {
      "x" : 8.536596,
      "y" : 8.269929,
      "z" : 2.4176946
    }, {
      "x" : 8.436596,
      "y" : 8.1699295,
      "z" : 2.8176944
    }, {
      "x" : 0.2962197,
      "y" : 0.56288636,
      "z" : 0.41512123
    }, {
      "x" : 0.3962197,
      "y" : 0.6628864,
      "z" : 0.015121225
    }, {
      "x" : 8.203262,
      "y" : 8.46993,
      "z" : 2.9510279
    }, {
      "x" : 8.303263,
      "y" : 8.569929,
      "z" : 2.5510278
    }, {
      "x" : 0.629553,
      "y" : 0.36288637,
      "z" : -0.11821211
    }, {
      "x" : 0.52955306,
      "y" : 0.26288635,
      "z" : 0.2817879
    } ],
    "faces" : [ {
      "vertices" : [ 2, 3, 6 ]
    }, {
      "vertices" : [ 2, 6, 7 ]
    }, {
      "vertices" : [ 0, 5, 4 ]
    }, {
      "vertices" : [ 0, 4, 1 ]
    }, {
      "vertices" : [ 2, 4, 5 ]
    }, {
      "vertices" : [ 2, 5, 3 ]
    }, {
      "vertices" : [ 0, 6, 3 ]
    }, {
      "vertices" : [ 0, 3, 5 ]
    }, {
      "vertices" : [ 0, 1, 7 ]
    }, {
      "vertices" : [ 0, 7, 6 ]
    }, {
      "vertices" : [ 1, 4, 2 ]
    }, {
      "vertices" : [ 1, 2, 7 ]
    } ]
  }, {
    "id" : "d12eea62-5eee-43b0-bb6d-012fd37275fc",
    "vertices" : [ {
      "x" : -8.715211,
      "y" : -8.715211,
      "z" : 15.284789
    }, {
      "x" : -2.4447012,
      "y" : -8.444701,
      "z" : 21.5553
    }, {
      "x" : -8.444701,
      "y" : -2.4447012,
      "z" : 21.5553
    } ],
    "faces" : [ {
      "vertices" : [ 0, 1, 2 ]
    }, {
      "vertices" : [ 0, 2, 1 ]
    } ]
  }, {
    "id" : "467ecf1f-bd9b-4e4a-8822-6a3691fcdf37",
    "vertices" : [ {
      "x" : 0.9605887,
      "y" : -4.642837,
      "z" : -10.5795965
    }, {
      "x" : 0.56058866,
      "y" : -4.742837,
      "z" : -10.679596
    }, {
      "x" : -0.08520048,
      "y" : -0.48177463,
      "z" : -0.5450154
    }, {
      "x" : 0.31479952,
      "y" : -0.3817746,
      "z" : -0.44501543
    }, {
      "x" : 0.69392204,
      "y" : -5.042837,
      "z" : -10.446263
    }, {
      "x" : 1.093922,
      "y" : -4.942837,
      "z" : -10.346263
    }, {
      "x" : 0.18146618,
      "y" : -0.08177462,
      "z" : -0.6783488
    }, {
      "x" : -0.21853381,
      "y" : -0.18177462,
      "z" : -0.77834874
    } ],
    "faces" : [ {
      "vertices" : [ 2, 3, 6 ]
    }, {
      "vertices" : [ 2, 6, 7 ]
    }, {
      "vertices" : [ 0, 5, 4 ]
    }, {
      "vertices" : [ 0, 4, 1 ]
    }, {
      "vertices" : [ 2, 4, 5 ]
    }, {
      "vertices" : [ 2, 5, 3 ]
    }, {
      "vertices" : [ 0, 6, 3 ]
    }, {
      "vertices" : [ 0, 3, 5 ]
    }, {
      "vertices" : [ 0, 1, 7 ]
    }, {
      "vertices" : [ 0, 7, 6 ]
    }, {
      "vertices" : [ 1, 4, 2 ]
    }, {
      "vertices" : [ 1, 2, 7 ]
    } ]
  }, {
    "id" : "fb9f4eeb-bad8-45b9-ae1f-6a3e77cfb77a",
    "vertices" : [ {
      "x" : -17.818537,
      "y" : -11.818537,
      "z" : -5.8185363
    }, {
      "x" : -18.964434,
      "y" : -6.9644346,
      "z" : -6.9644346
    }, {
      "x" : -18.693924,
      "y" : -0.69392467,
      "z" : -0.69392467
    }, {
      "x" : -17.277517,
      "y" : 0.72248316,
      "z" : 6.722483
    }, {
      "x" : -16.131618,
      "y" : -4.131619,
      "z" : 7.868381
    }, {
      "x" : -16.402128,
      "y" : -10.402128,
      "z" : 1.5978714
    } ],
    "faces" : [ {
      "vertices" : [ 0, 1, 2 ]
    }, {
      "vertices" : [ 0, 2, 3 ]
    }, {
      "vertices" : [ 0, 3, 4 ]
    }, {
      "vertices" : [ 0, 4, 5 ]
    }, {
      "vertices" : [ 0, 5, 4 ]
    }, {
      "vertices" : [ 0, 4, 3 ]
    }, {
      "vertices" : [ 0, 3, 2 ]
    }, {
      "vertices" : [ 0, 2, 1 ]
    } ]
  }, {
    "id" : "a013d4a2-e663-4ffa-b03e-16536502b1d5",
    "vertices" : [ {
      "x" : 9.573429,
      "y" : 3.6506653,
      "z" : 3.4839985
    }, {
      "x" : 9.473429,
      "y" : 3.5506651,
      "z" : 3.8839986
    }, {
      "x" : 0.4052848,
      "y" : 0.32804856,
      "z" : 0.4947152
    }, {
      "x" : 0.5052848,
      "y" : 0.42804855,
      "z" : 0.09471521
    }, {
      "x" : 9.240096,
      "y" : 3.8506653,
      "z" : 4.017332
    }, {
      "x" : 9.3400955,
      "y" : 3.9506652,
      "z" : 3.617332
    }, {
      "x" : 0.73861814,
      "y" : 0.12804854,
      "z" : -0.038618125
    }, {
      "x" : 0.6386181,
      "y" : 0.028048543,
      "z" : 0.3613819
    } ],
    "faces" : [ {
      "vertices" : [ 2, 3, 6 ]
    }, {
      "vertices" : [ 2, 6, 7 ]
    }, {
      "vertices" : [ 0, 5, 4 ]
    }, {
      "vertices" : [ 0, 4, 1 ]
    }, {
      "vertices" : [ 2, 4, 5 ]
    }, {
      "vertices" : [ 2, 5, 3 ]
    }, {
      "vertices" : [ 0, 6, 3 ]
    }, {
      "vertices" : [ 0, 3, 5 ]
    }, {
      "vertices" : [ 0, 1, 7 ]
    }, {
      "vertices" : [ 0, 7, 6 ]
    }, {
      "vertices" : [ 1, 4, 2 ]
    }, {
      "vertices" : [ 1, 2, 7 ]
    } ]
  }, {
    "id" : "ba060c6c-c73f-4cbf-84ae-042cca1d07df",
    "vertices" : [ {
      "x" : 2.5196846,
      "y" : 8.040996,
      "z" : -3.001626
    }, {
      "x" : 2.1196845,
      "y" : 8.140995,
      "z" : -3.1016262
    }, {
      "x" : 0.042621348,
      "y" : 0.5213107,
      "z" : -0.43606797
    }, {
      "x" : 0.44262135,
      "y" : 0.42131066,
      "z" : -0.33606797
    }, {
      "x" : 2.253018,
      "y" : 7.907662,
      "z" : -3.401626
    }, {
      "x" : 2.653018,
      "y" : 7.807662,
      "z" : -3.3016262
    }, {
      "x" : 0.30928802,
      "y" : 0.654644,
      "z" : -0.036067978
    }, {
      "x" : -0.09071199,
      "y" : 0.75464404,
      "z" : -0.13606797
    } ],
    "faces" : [ {
      "vertices" : [ 2, 3, 6 ]
    }, {
      "vertices" : [ 2, 6, 7 ]
    }, {
      "vertices" : [ 0, 5, 4 ]
    }, {
      "vertices" : [ 0, 4, 1 ]
    }, {
      "vertices" : [ 2, 4, 5 ]
    }, {
      "vertices" : [ 2, 5, 3 ]
    }, {
      "vertices" : [ 0, 6, 3 ]
    }, {
      "vertices" : [ 0, 3, 5 ]
    }, {
      "vertices" : [ 0, 1, 7 ]
    }, {
      "vertices" : [ 0, 7, 6 ]
    }, {
      "vertices" : [ 1, 4, 2 ]
    }, {
      "vertices" : [ 1, 2, 7 ]
    } ]
  }, {
    "id" : "6fa1e5b4-bbb4-47fe-878c-41edb57f2881",
    "vertices" : [ {
      "x" : 0.40325224,
      "y" : 2.763932,
      "z" : 4.472136
    }, {
      "x" : 0.34752417,
      "y" : 2.690983,
      "z" : 3.663119
    }, {
      "x" : 0.090169944,
      "y" : 0.309017,
      "z" : 1.190983
    }, {
      "x" : 0.34752417,
      "y" : 2.072949,
      "z" : 4.045085
    }, {
      "x" : 0.038507164,
      "y" : 2.572949,
      "z" : 3.854102
    }, {
      "x" : -0.21884705,
      "y" : 0.809017,
      "z" : 1.0
    }, {
      "x" : 0.39918694,
      "y" : 0.42705098,
      "z" : 1.0
    }, {
      "x" : 0.034441855,
      "y" : 0.23606798,
      "z" : 0.38196602
    }, {
      "x" : 0.090169944,
      "y" : 0.927051,
      "z" : 0.809017
    }, {
      "x" : 0.4376941,
      "y" : 3.0,
      "z" : 4.854102
    }, {
      "x" : 0.65654117,
      "y" : 2.190983,
      "z" : 3.854102
    } ],
    "faces" : [ {
      "vertices" : [ 1, 8, 5 ]
    }, {
      "vertices" : [ 1, 5, 4 ]
    }, {
      "vertices" : [ 5, 8, 7 ]
    }, {
      "vertices" : [ 6, 7, 8 ]
    }, {
      "vertices" : [ 2, 6, 10 ]
    }, {
      "vertices" : [ 2, 10, 3 ]
    }, {
      "vertices" : [ 0, 1, 4 ]
    }, {
      "vertices" : [ 0, 4, 3 ]
    }, {
      "vertices" : [ 1, 10, 6 ]
    }, {
      "vertices" : [ 1, 6, 8 ]
    }, {
      "vertices" : [ 0, 10, 1 ]
    }, {
      "vertices" : [ 0, 3, 10 ]
    }, {
      "vertices" : [ 2, 3, 4 ]
    }, {
      "vertices" : [ 2, 4, 5 ]
    }, {
      "vertices" : [ 2, 5, 7 ]
    }, {
      "vertices" : [ 2, 7, 6 ]
    } ]
  }, {
    "id" : "6660e112-fb95-46d2-bd69-22d8146cd71d",
    "vertices" : [ {
      "x" : 1.0881219,
      "y" : 6.8113604,
      "z" : 1.4214553
    }, {
      "x" : 1.1881219,
      "y" : 6.9113603,
      "z" : 1.0214553
    }, {
      "x" : 0.32828596,
      "y" : 0.60504735,
      "z" : -0.005047368
    }, {
      "x" : 0.22828597,
      "y" : 0.5050474,
      "z" : 0.39495263
    }, {
      "x" : 1.4881219,
      "y" : 6.678027,
      "z" : 1.1547886
    }, {
      "x" : 1.3881218,
      "y" : 6.5780272,
      "z" : 1.5547886
    }, {
      "x" : -0.071714036,
      "y" : 0.73838073,
      "z" : 0.2616193
    }, {
      "x" : 0.028285965,
      "y" : 0.8383807,
      "z" : -0.1383807
    } ],
    "faces" : [ {
      "vertices" : [ 2, 3, 6 ]
    }, {
      "vertices" : [ 2, 6, 7 ]
    }, {
      "vertices" : [ 0, 5, 4 ]
    }, {
      "vertices" : [ 0, 4, 1 ]
    }, {
      "vertices" : [ 2, 4, 5 ]
    }, {
      "vertices" : [ 2, 5, 3 ]
    }, {
      "vertices" : [ 0, 6, 3 ]
    }, {
      "vertices" : [ 0, 3, 5 ]
    }, {
      "vertices" : [ 0, 1, 7 ]
    }, {
      "vertices" : [ 0, 7, 6 ]
    }, {
      "vertices" : [ 1, 4, 2 ]
    }, {
      "vertices" : [ 1, 2, 7 ]
    } ]
  }, {
    "id" : "33c241b8-fefb-4dcb-aa31-85adf537b2b3",
    "vertices" : [ {
      "x" : -8.536449,
      "y" : 2.5302174,
      "z" : 2.8635507
    }, {
      "x" : -8.636449,
      "y" : 2.6302173,
      "z" : 2.4635508
    }, {
      "x" : -0.5383178,
      "y" : 0.39501554,
      "z" : 0.061682194
    }, {
      "x" : -0.4383178,
      "y" : 0.2950155,
      "z" : 0.4616822
    }, {
      "x" : -8.403116,
      "y" : 2.9302175,
      "z" : 2.596884
    }, {
      "x" : -8.303116,
      "y" : 2.8302174,
      "z" : 2.996884
    }, {
      "x" : -0.6716511,
      "y" : -0.004984472,
      "z" : 0.32834888
    }, {
      "x" : -0.77165115,
      "y" : 0.095015526,
      "z" : -0.07165114
    } ],
    "faces" : [ {
      "vertices" : [ 2, 3, 6 ]
    }, {
      "vertices" : [ 2, 6, 7 ]
    }, {
      "vertices" : [ 0, 5, 4 ]
    }, {
      "vertices" : [ 0, 4, 1 ]
    }, {
      "vertices" : [ 2, 4, 5 ]
    }, {
      "vertices" : [ 2, 5, 3 ]
    }, {
      "vertices" : [ 0, 6, 3 ]
    }, {
      "vertices" : [ 0, 3, 5 ]
    }, {
      "vertices" : [ 0, 1, 7 ]
    }, {
      "vertices" : [ 0, 7, 6 ]
    }, {
      "vertices" : [ 1, 4, 2 ]
    }, {
      "vertices" : [ 1, 2, 7 ]
    } ]
  }, {
    "id" : "ccdfb2f5-e290-4d3f-963b-377cf0da0119",
    "vertices" : [ {
      "x" : 9.555299,
      "y" : 15.555299,
      "z" : -14.444701
    }, {
      "x" : 16.971706,
      "y" : 16.971706,
      "z" : -13.028294
    }, {
      "x" : 13.534013,
      "y" : 25.534012,
      "z" : -10.465987
    } ],
    "faces" : [ {
      "vertices" : [ 0, 1, 2 ]
    }, {
      "vertices" : [ 0, 2, 1 ]
    } ]
  }, {
    "id" : "07a13110-f946-441f-a075-8f5f8fcb1fd1",
    "vertices" : [ {
      "x" : -15.52674,
      "y" : -15.52674,
      "z" : -9.52674
    }, {
      "x" : -17.818537,
      "y" : -11.818537,
      "z" : -5.8185363
    }, {
      "x" : -16.402128,
      "y" : -10.402128,
      "z" : 1.5978714
    }, {
      "x" : -12.693925,
      "y" : -12.693925,
      "z" : 5.306075
    }, {
      "x" : -10.402128,
      "y" : -16.402128,
      "z" : 1.5978714
    }, {
      "x" : -11.818537,
      "y" : -17.818537,
      "z" : -5.8185363
    } ],
    "faces" : [ {
      "vertices" : [ 0, 1, 2 ]
    }, {
      "vertices" : [ 0, 2, 3 ]
    }, {
      "vertices" : [ 0, 3, 4 ]
    }, {
      "vertices" : [ 0, 4, 5 ]
    }, {
      "vertices" : [ 0, 5, 4 ]
    }, {
      "vertices" : [ 0, 4, 3 ]
    }, {
      "vertices" : [ 0, 3, 2 ]
    }, {
      "vertices" : [ 0, 2, 1 ]
    } ]
  }, {
    "id" : "d72c7914-3ee2-4546-8389-768cb8c97724",
    "vertices" : [ {
      "x" : -16.131618,
      "y" : 7.868381,
      "z" : -4.131619
    }, {
      "x" : -17.277517,
      "y" : 6.722483,
      "z" : 0.72248316
    }, {
      "x" : -14.444701,
      "y" : 15.555299,
      "z" : 9.555299
    }, {
      "x" : -10.465987,
      "y" : 25.534012,
      "z" : 13.534013
    }, {
      "x" : -9.320089,
      "y" : 26.67991,
      "z" : 8.679911
    }, {
      "x" : -12.152905,
      "y" : 17.847095,
      "z" : -0.15290503
    } ],
    "faces" : [ {
      "vertices" : [ 0, 1, 2 ]
    }, {
      "vertices" : [ 0, 2, 3 ]
    }, {
      "vertices" : [ 0, 3, 4 ]
    }, {
      "vertices" : [ 0, 4, 5 ]
    }, {
      "vertices" : [ 0, 5, 4 ]
    }, {
      "vertices" : [ 0, 4, 3 ]
    }, {
      "vertices" : [ 0, 3, 2 ]
    }, {
      "vertices" : [ 0, 2, 1 ]
    } ]
  }, {
    "id" : "a93941ea-f487-4e74-8a6c-bb3a7a1bb88c",
    "vertices" : [ {
      "x" : -17.818537,
      "y" : -5.8185363,
      "z" : -11.818537
    }, {
      "x" : -18.964434,
      "y" : -6.9644346,
      "z" : -6.9644346
    }, {
      "x" : -18.693924,
      "y" : -0.69392467,
      "z" : -0.69392467
    }, {
      "x" : -17.277517,
      "y" : 6.722483,
      "z" : 0.72248316
    }, {
      "x" : -16.131618,
      "y" : 7.868381,
      "z" : -4.131619
    }, {
      "x" : -16.402128,
      "y" : 1.5978714,
      "z" : -10.402128
    } ],
    "faces" : [ {
      "vertices" : [ 0, 1, 2 ]
    }, {
      "vertices" : [ 0, 2, 3 ]
    }, {
      "vertices" : [ 0, 3, 4 ]
    }, {
      "vertices" : [ 0, 4, 5 ]
    }, {
      "vertices" : [ 0, 5, 4 ]
    }, {
      "vertices" : [ 0, 4, 3 ]
    }, {
      "vertices" : [ 0, 3, 2 ]
    }, {
      "vertices" : [ 0, 2, 1 ]
    } ]
  }, {
    "id" : "4543d22e-2065-4b71-8a92-707d40bae868",
    "vertices" : [ {
      "x" : -11.818537,
      "y" : -17.818537,
      "z" : -5.8185363
    }, {
      "x" : -6.9644346,
      "y" : -18.964434,
      "z" : -6.9644346
    }, {
      "x" : -0.69392467,
      "y" : -18.693924,
      "z" : -0.69392467
    }, {
      "x" : 0.72248316,
      "y" : -17.277517,
      "z" : 6.722483
    }, {
      "x" : -4.131619,
      "y" : -16.131618,
      "z" : 7.868381
    }, {
      "x" : -10.402128,
      "y" : -16.402128,
      "z" : 1.5978714
    } ],
    "faces" : [ {
      "vertices" : [ 0, 1, 2 ]
    }, {
      "vertices" : [ 0, 2, 3 ]
    }, {
      "vertices" : [ 0, 3, 4 ]
    }, {
      "vertices" : [ 0, 4, 5 ]
    }, {
      "vertices" : [ 0, 5, 4 ]
    }, {
      "vertices" : [ 0, 4, 3 ]
    }, {
      "vertices" : [ 0, 3, 2 ]
    }, {
      "vertices" : [ 0, 2, 1 ]
    } ]
  }, {
    "id" : "caa21beb-ef57-4c70-b6c2-bc06387f8ed1",
    "vertices" : [ {
      "x" : -8.444701,
      "y" : 21.5553,
      "z" : -2.4447012
    }, {
      "x" : -12.152905,
      "y" : 17.847095,
      "z" : -0.15290503
    }, {
      "x" : -16.131618,
      "y" : 7.868381,
      "z" : -4.131619
    }, {
      "x" : -16.402128,
      "y" : 1.5978714,
      "z" : -10.402128
    }, {
      "x" : -12.693925,
      "y" : 5.306075,
      "z" : -12.693925
    }, {
      "x" : -8.715211,
      "y" : 15.284789,
      "z" : -8.715211
    } ],
    "faces" : [ {
      "vertices" : [ 0, 1, 2 ]
    }, {
      "vertices" : [ 0, 2, 3 ]
    }, {
      "vertices" : [ 0, 3, 4 ]
    }, {
      "vertices" : [ 0, 4, 5 ]
    }, {
      "vertices" : [ 0, 5, 4 ]
    }, {
      "vertices" : [ 0, 4, 3 ]
    }, {
      "vertices" : [ 0, 3, 2 ]
    }, {
      "vertices" : [ 0, 2, 1 ]
    } ]
  }, {
    "id" : "176f32f5-9de6-4fc9-a2f5-085d393da502",
    "vertices" : [ {
      "x" : -0.69392467,
      "y" : -18.693924,
      "z" : -0.69392467
    }, {
      "x" : 6.722483,
      "y" : -17.277517,
      "z" : 0.72248316
    }, {
      "x" : 15.555299,
      "y" : -14.444701,
      "z" : 9.555299
    }, {
      "x" : 16.971706,
      "y" : -13.028294,
      "z" : 16.971706
    }, {
      "x" : 9.555299,
      "y" : -14.444701,
      "z" : 15.555299
    }, {
      "x" : 0.72248316,
      "y" : -17.277517,
      "z" : 6.722483
    } ],
    "faces" : [ {
      "vertices" : [ 0, 1, 2 ]
    }, {
      "vertices" : [ 0, 2, 3 ]
    }, {
      "vertices" : [ 0, 3, 4 ]
    }, {
      "vertices" : [ 0, 4, 5 ]
    }, {
      "vertices" : [ 0, 5, 4 ]
    }, {
      "vertices" : [ 0, 4, 3 ]
    }, {
      "vertices" : [ 0, 3, 2 ]
    }, {
      "vertices" : [ 0, 2, 1 ]
    } ]
  }, {
    "id" : "1e2fb5a8-5aaf-43cb-a622-b8825cd6984c",
    "vertices" : [ {
      "x" : -9.52674,
      "y" : -15.52674,
      "z" : -15.52674
    }, {
      "x" : -5.8185363,
      "y" : -17.818537,
      "z" : -11.818537
    }, {
      "x" : 1.5978714,
      "y" : -16.402128,
      "z" : -10.402128
    }, {
      "x" : 5.306075,
      "y" : -12.693925,
      "z" : -12.693925
    }, {
      "x" : 1.5978714,
      "y" : -10.402128,
      "z" : -16.402128
    }, {
      "x" : -5.8185363,
      "y" : -11.818537,
      "z" : -17.818537
    } ],
    "faces" : [ {
      "vertices" : [ 0, 1, 2 ]
    }, {
      "vertices" : [ 0, 2, 3 ]
    }, {
      "vertices" : [ 0, 3, 4 ]
    }, {
      "vertices" : [ 0, 4, 5 ]
    }, {
      "vertices" : [ 0, 5, 4 ]
    }, {
      "vertices" : [ 0, 4, 3 ]
    }, {
      "vertices" : [ 0, 3, 2 ]
    }, {
      "vertices" : [ 0, 2, 1 ]
    } ]
  }, {
    "id" : "a3463e8d-bdf1-436e-b762-1d045eeba54a",
    "vertices" : [ {
      "x" : 9.555299,
      "y" : -14.444701,
      "z" : 15.555299
    }, {
      "x" : 16.971706,
      "y" : -13.028294,
      "z" : 16.971706
    }, {
      "x" : 13.534013,
      "y" : -10.465987,
      "z" : 25.534012
    } ],
    "faces" : [ {
      "vertices" : [ 0, 1, 2 ]
    }, {
      "vertices" : [ 0, 2, 1 ]
    } ]
  }, {
    "id" : "4c1c37e2-a997-4655-a253-cb824e91a7d7",
    "vertices" : [ {
      "x" : -16.131618,
      "y" : -4.131619,
      "z" : 7.868381
    }, {
      "x" : -17.277517,
      "y" : 0.72248316,
      "z" : 6.722483
    }, {
      "x" : -14.444701,
      "y" : 9.555299,
      "z" : 15.555299
    }, {
      "x" : -10.465987,
      "y" : 13.534013,
      "z" : 25.534012
    }, {
      "x" : -9.320089,
      "y" : 8.679911,
      "z" : 26.67991
    }, {
      "x" : -12.152905,
      "y" : -0.15290503,
      "z" : 17.847095
    } ],
    "faces" : [ {
      "vertices" : [ 0, 1, 2 ]
    }, {
      "vertices" : [ 0, 2, 3 ]
    }, {
      "vertices" : [ 0, 3, 4 ]
    }, {
      "vertices" : [ 0, 4, 5 ]
    }, {
      "vertices" : [ 0, 5, 4 ]
    }, {
      "vertices" : [ 0, 4, 3 ]
    }, {
      "vertices" : [ 0, 3, 2 ]
    }, {
      "vertices" : [ 0, 2, 1 ]
    } ]
  }, {
    "id" : "57e31e53-645d-4381-aee1-6ed162ee98bf",
    "vertices" : [ {
      "x" : 15.284789,
      "y" : -8.715211,
      "z" : -8.715211
    }, {
      "x" : 21.5553,
      "y" : -2.4447012,
      "z" : -8.444701
    }, {
      "x" : 21.5553,
      "y" : -8.444701,
      "z" : -2.4447012
    } ],
    "faces" : [ {
      "vertices" : [ 0, 1, 2 ]
    }, {
      "vertices" : [ 0, 2, 1 ]
    } ]
  }, {
    "id" : "5e1ac427-a224-4340-af6b-b8b149fa202b",
    "vertices" : [ {
      "x" : 7.545085,
      "y" : 2.881966,
      "z" : -1.100813
    }, {
      "x" : 7.163119,
      "y" : 2.427051,
      "z" : -0.90983003
    }, {
      "x" : 7.0,
      "y" : 2.690983,
      "z" : -1.336881
    }, {
      "x" : 6.927051,
      "y" : 2.954915,
      "z" : -1.145898
    }, {
      "x" : 0.85410196,
      "y" : 0.309017,
      "z" : 0.19098301
    }, {
      "x" : 0.690983,
      "y" : 0.572949,
      "z" : -0.23606798
    }, {
      "x" : 0.309017,
      "y" : 0.11803399,
      "z" : -0.045084972
    }, {
      "x" : 0.76393205,
      "y" : 0.309017,
      "z" : -0.42705098
    }, {
      "x" : 0.927051,
      "y" : 0.045084972,
      "z" : 0.0
    }, {
      "x" : 7.09017,
      "y" : 2.690983,
      "z" : -0.71884704
    }, {
      "x" : 7.854102,
      "y" : 3.0,
      "z" : -1.145898
    } ],
    "faces" : [ {
      "vertices" : [ 2, 7, 5 ]
    }, {
      "vertices" : [ 2, 5, 3 ]
    }, {
      "vertices" : [ 1, 8, 7 ]
    }, {
      "vertices" : [ 1, 7, 2 ]
    }, {
      "vertices" : [ 4, 6, 8 ]
    }, {
      "vertices" : [ 5, 7, 6 ]
    }, {
      "vertices" : [ 0, 1, 2 ]
    }, {
      "vertices" : [ 0, 2, 3 ]
    }, {
      "vertices" : [ 6, 7, 8 ]
    }, {
      "vertices" : [ 3, 5, 4 ]
    }, {
      "vertices" : [ 3, 4, 9 ]
    }, {
      "vertices" : [ 1, 9, 4 ]
    }, {
      "vertices" : [ 1, 4, 8 ]
    }, {
      "vertices" : [ 0, 9, 1 ]
    }, {
      "vertices" : [ 0, 3, 9 ]
    }, {
      "vertices" : [ 4, 5, 6 ]
    } ]
  }, {
    "id" : "1761ed8e-c5a6-4916-b910-b2c7a486aab4",
    "vertices" : [ {
      "x" : -0.69392467,
      "y" : -0.69392467,
      "z" : -18.693924
    }, {
      "x" : 0.72248316,
      "y" : 6.722483,
      "z" : -17.277517
    }, {
      "x" : 9.555299,
      "y" : 15.555299,
      "z" : -14.444701
    }, {
      "x" : 16.971706,
      "y" : 16.971706,
      "z" : -13.028294
    }, {
      "x" : 15.555299,
      "y" : 9.555299,
      "z" : -14.444701
    }, {
      "x" : 6.722483,
      "y" : 0.72248316,
      "z" : -17.277517
    } ],
    "faces" : [ {
      "vertices" : [ 0, 1, 2 ]
    }, {
      "vertices" : [ 0, 2, 3 ]
    }, {
      "vertices" : [ 0, 3, 4 ]
    }, {
      "vertices" : [ 0, 4, 5 ]
    }, {
      "vertices" : [ 0, 5, 4 ]
    }, {
      "vertices" : [ 0, 4, 3 ]
    }, {
      "vertices" : [ 0, 3, 2 ]
    }, {
      "vertices" : [ 0, 2, 1 ]
    } ]
  }, {
    "id" : "0f717252-6972-4c07-bf90-98ea128f1323",
    "vertices" : [ {
      "x" : 17.847095,
      "y" : -12.152905,
      "z" : -0.15290503
    }, {
      "x" : 26.67991,
      "y" : -9.320089,
      "z" : 8.679911
    }, {
      "x" : 21.5553,
      "y" : -8.444701,
      "z" : -2.4447012
    } ],
    "faces" : [ {
      "vertices" : [ 0, 1, 2 ]
    }, {
      "vertices" : [ 0, 2, 1 ]
    } ]
  }, {
    "id" : "176c6c61-d76b-4c94-b480-e968419fad09",
    "vertices" : [ {
      "x" : -4.131619,
      "y" : 7.868381,
      "z" : -16.131618
    }, {
      "x" : 0.72248316,
      "y" : 6.722483,
      "z" : -17.277517
    }, {
      "x" : 9.555299,
      "y" : 15.555299,
      "z" : -14.444701
    }, {
      "x" : 13.534013,
      "y" : 25.534012,
      "z" : -10.465987
    }, {
      "x" : 8.679911,
      "y" : 26.67991,
      "z" : -9.320089
    }, {
      "x" : -0.15290503,
      "y" : 17.847095,
      "z" : -12.152905
    } ],
    "faces" : [ {
      "vertices" : [ 0, 1, 2 ]
    }, {
      "vertices" : [ 0, 2, 3 ]
    }, {
      "vertices" : [ 0, 3, 4 ]
    }, {
      "vertices" : [ 0, 4, 5 ]
    }, {
      "vertices" : [ 0, 5, 4 ]
    }, {
      "vertices" : [ 0, 4, 3 ]
    }, {
      "vertices" : [ 0, 3, 2 ]
    }, {
      "vertices" : [ 0, 2, 1 ]
    } ]
  }, {
    "id" : "7e64cd13-6e3b-4854-a0d3-44e21e874bad",
    "vertices" : [ {
      "x" : 10.5795965,
      "y" : 4.642837,
      "z" : -0.9605887
    }, {
      "x" : 10.679596,
      "y" : 4.742837,
      "z" : -0.56058866
    }, {
      "x" : 0.5450154,
      "y" : 0.48177463,
      "z" : 0.08520048
    }, {
      "x" : 0.44501543,
      "y" : 0.3817746,
      "z" : -0.31479952
    }, {
      "x" : 10.446263,
      "y" : 5.042837,
      "z" : -0.69392204
    }, {
      "x" : 10.346263,
      "y" : 4.942837,
      "z" : -1.093922
    }, {
      "x" : 0.6783488,
      "y" : 0.08177462,
      "z" : -0.18146618
    }, {
      "x" : 0.77834874,
      "y" : 0.18177462,
      "z" : 0.21853381
    } ],
    "faces" : [ {
      "vertices" : [ 2, 3, 6 ]
    }, {
      "vertices" : [ 2, 6, 7 ]
    }, {
      "vertices" : [ 0, 5, 4 ]
    }, {
      "vertices" : [ 0, 4, 1 ]
    }, {
      "vertices" : [ 2, 4, 5 ]
    }, {
      "vertices" : [ 2, 5, 3 ]
    }, {
      "vertices" : [ 0, 6, 3 ]
    }, {
      "vertices" : [ 0, 3, 5 ]
    }, {
      "vertices" : [ 0, 1, 7 ]
    }, {
      "vertices" : [ 0, 7, 6 ]
    }, {
      "vertices" : [ 1, 4, 2 ]
    }, {
      "vertices" : [ 1, 2, 7 ]
    } ]
  }, {
    "id" : "083db42d-6f8d-4107-9afd-13672c45f186",
    "vertices" : [ {
      "x" : -15.52674,
      "y" : -9.52674,
      "z" : -15.52674
    }, {
      "x" : -11.818537,
      "y" : -5.8185363,
      "z" : -17.818537
    }, {
      "x" : -10.402128,
