{
  "polygons" : "true",
  "field" : "golden",
  "symmetry" : "icosahedral",
  "orientations" : [ [ 1.0, 0.0, 0.0, 0.0, 0.0, 1.0, 0.0, 0.0, 0.0, 0.0, 1.0, 0.0, 0.0, 0.0, 0.0, 1.0 ], [ 0.0, 0.0, 1.0, 0.0, 1.0, 0.0, 0.0, 0.0, 0.0, 1.0, 0.0, 0.0, 0.0, 0.0, 0.0, 1.0 ], [ 0.0, 1.0, 0.0, 0.0, 0.0, 0.0, 1.0, 0.0, 1.0, 0.0, 0.0, 0.0, 0.0, 0.0, 0.0, 1.0 ], [ 0.809017, 0.309017, 0.5, 0.0, 0.309017, 0.5, -0.809017, 0.0, -0.5, 0.809017, 0.309017, 0.0, 0.0, 0.0, 0.0, 1.0 ], [ -0.5, 0.809017, 0.309017, 0.0, 0.809017, 0.309017, 0.5, 0.0, 0.309017, 0.5, -0.809017, 0.0, 0.0, 0.0, 0.0, 1.0 ], [ 0.309017, 0.5, -0.809017, 0.0, -0.5, 0.809017, 0.309017, 0.0, 0.809017, 0.309017, 0.5, 0.0, 0.0, 0.0, 0.0, 1.0 ], [ 0.5, 0.809017, 0.309017, 0.0, 0.809017, -0.309017, -0.5, 0.0, -0.309017, 0.5, -0.809017, 0.0, 0.0, 0.0, 0.0, 1.0 ], [ -0.309017, 0.5, -0.809017, 0.0, 0.5, 0.809017, 0.309017, 0.0, 0.809017, -0.309017, -0.5, 0.0, 0.0, 0.0, 0.0, 1.0 ], [ 0.809017, -0.309017, -0.5, 0.0, -0.309017, 0.5, -0.809017, 0.0, 0.5, 0.809017, 0.309017, 0.0, 0.0, 0.0, 0.0, 1.0 ], [ 0.5, 0.809017, -0.309017, 0.0, 0.809017, -0.309017, 0.5, 0.0, 0.309017, -0.5, -0.809017, 0.0, 0.0, 0.0, 0.0, 1.0 ], [ 0.309017, -0.5, -0.809017, 0.0, 0.5, 0.809017, -0.309017, 0.0, 0.809017, -0.309017, 0.5, 0.0, 0.0, 0.0, 0.0, 1.0 ], [ 0.809017, -0.309017, 0.5, 0.0, 0.309017, -0.5, -0.809017, 0.0, 0.5, 0.809017, -0.309017, 0.0, 0.0, 0.0, 0.0, 1.0 ], [ 0.809017, 0.309017, -0.5, 0.0, 0.309017, 0.5, 0.809017, 0.0, 0.5, -0.809017, 0.309017, 0.0, 0.0, 0.0, 0.0, 1.0 ], [ 0.5, -0.809017, 0.309017, 0.0, 0.809017, 0.309017, -0.5, 0.0, 0.309017, 0.5, 0.809017, 0.0, 0.0, 0.0, 0.0, 1.0 ], [ 0.309017, 0.5, 0.809017, 0.0, 0.5, -0.809017, 0.309017, 0.0, 0.809017, 0.309017, -0.5, 0.0, 0.0, 0.0, 0.0, 1.0 ], [ 1.0, 0.0, 0.0, 0.0, 0.0, -1.0, 0.0, 0.0, 0.0, 0.0, -1.0, 0.0, 0.0, 0.0, 0.0, 1.0 ], [ 0.0, 0.0, 1.0, 0.0, -1.0, 0.0, 0.0, 0.0, 0.0, -1.0, 0.0, 0.0, 0.0, 0.0, 0.0, 1.0 ], [ 0.0, 1.0, 0.0, 0.0, 0.0, 0.0, -1.0, 0.0, -1.0, 0.0, 0.0, 0.0, 0.0, 0.0, 0.0, 1.0 ], [ 0.809017, 0.309017, 0.5, 0.0, -0.309017, -0.5, 0.809017, 0.0, 0.5, -0.809017, -0.309017, 0.0, 0.0, 0.0, 0.0, 1.0 ], [ -0.5, 0.809017, 0.309017, 0.0, -0.809017, -0.309017, -0.5, 0.0, -0.309017, -0.5, 0.809017, 0.0, 0.0, 0.0, 0.0, 1.0 ], [ 0.309017, 0.5, -0.809017, 0.0, 0.5, -0.809017, -0.309017, 0.0, -0.809017, -0.309017, -0.5, 0.0, 0.0, 0.0, 0.0, 1.0 ], [ 0.5, 0.809017, 0.309017, 0.0, -0.809017, 0.309017, 0.5, 0.0, 0.309017, -0.5, 0.809017, 0.0, 0.0, 0.0, 0.0, 1.0 ], [ -0.309017, 0.5, -0.809017, 0.0, -0.5, -0.809017, -0.309017, 0.0, -0.809017, 0.309017, 0.5, 0.0, 0.0, 0.0, 0.0, 1.0 ], [ 0.809017, -0.309017, -0.5, 0.0, 0.309017, -0.5, 0.809017, 0.0, -0.5, -0.809017, -0.309017, 0.0, 0.0, 0.0, 0.0, 1.0 ], [ 0.5, 0.809017, -0.309017, 0.0, -0.809017, 0.309017, -0.5, 0.0, -0.309017, 0.5, 0.809017, 0.0, 0.0, 0.0, 0.0, 1.0 ], [ 0.309017, -0.5, -0.809017, 0.0, -0.5, -0.809017, 0.309017, 0.0, -0.809017, 0.309017, -0.5, 0.0, 0.0, 0.0, 0.0, 1.0 ], [ 0.809017, -0.309017, 0.5, 0.0, -0.309017, 0.5, 0.809017, 0.0, -0.5, -0.809017, 0.309017, 0.0, 0.0, 0.0, 0.0, 1.0 ], [ 0.809017, 0.309017, -0.5, 0.0, -0.309017, -0.5, -0.809017, 0.0, -0.5, 0.809017, -0.309017, 0.0, 0.0, 0.0, 0.0, 1.0 ], [ 0.5, -0.809017, 0.309017, 0.0, -0.809017, -0.309017, 0.5, 0.0, -0.309017, -0.5, -0.809017, 0.0, 0.0, 0.0, 0.0, 1.0 ], [ 0.309017, 0.5, 0.809017, 0.0, -0.5, 0.809017, -0.309017, 0.0, -0.809017, -0.309017, 0.5, 0.0, 0.0, 0.0, 0.0, 1.0 ], [ -1.0, 0.0, 0.0, 0.0, 0.0, -1.0, 0.0, 0.0, 0.0, 0.0, 1.0, 0.0, 0.0, 0.0, 0.0, 1.0 ], [ 0.0, 0.0, -1.0, 0.0, -1.0, 0.0, 0.0, 0.0, 0.0, 1.0, 0.0, 0.0, 0.0, 0.0, 0.0, 1.0 ], [ 0.0, -1.0, 0.0, 0.0, 0.0, 0.0, -1.0, 0.0, 1.0, 0.0, 0.0, 0.0, 0.0, 0.0, 0.0, 1.0 ], [ -0.809017, -0.309017, -0.5, 0.0, -0.309017, -0.5, 0.809017, 0.0, -0.5, 0.809017, 0.309017, 0.0, 0.0, 0.0, 0.0, 1.0 ], [ 0.5, -0.809017, -0.309017, 0.0, -0.809017, -0.309017, -0.5, 0.0, 0.309017, 0.5, -0.809017, 0.0, 0.0, 0.0, 0.0, 1.0 ], [ -0.309017, -0.5, 0.809017, 0.0, 0.5, -0.809017, -0.309017, 0.0, 0.809017, 0.309017, 0.5, 0.0, 0.0, 0.0, 0.0, 1.0 ], [ -0.5, -0.809017, -0.309017, 0.0, -0.809017, 0.309017, 0.5, 0.0, -0.309017, 0.5, -0.809017, 0.0, 0.0, 0.0, 0.0, 1.0 ], [ 0.309017, -0.5, 0.809017, 0.0, -0.5, -0.809017, -0.309017, 0.0, 0.809017, -0.309017, -0.5, 0.0, 0.0, 0.0, 0.0, 1.0 ], [ -0.809017, 0.309017, 0.5, 0.0, 0.309017, -0.5, 0.809017, 0.0, 0.5, 0.809017, 0.309017, 0.0, 0.0, 0.0, 0.0, 1.0 ], [ -0.5, -0.809017, 0.309017, 0.0, -0.809017, 0.309017, -0.5, 0.0, 0.309017, -0.5, -0.809017, 0.0, 0.0, 0.0, 0.0, 1.0 ], [ -0.309017, 0.5, 0.809017, 0.0, -0.5, -0.809017, 0.309017, 0.0, 0.809017, -0.309017, 0.5, 0.0, 0.0, 0.0, 0.0, 1.0 ], [ -0.809017, 0.309017, -0.5, 0.0, -0.309017, 0.5, 0.809017, 0.0, 0.5, 0.809017, -0.309017, 0.0, 0.0, 0.0, 0.0, 1.0 ], [ -0.809017, -0.309017, 0.5, 0.0, -0.309017, -0.5, -0.809017, 0.0, 0.5, -0.809017, 0.309017, 0.0, 0.0, 0.0, 0.0, 1.0 ], [ -0.5, 0.809017, -0.309017, 0.0, -0.809017, -0.309017, 0.5, 0.0, 0.309017, 0.5, 0.809017, 0.0, 0.0, 0.0, 0.0, 1.0 ], [ -0.309017, -0.5, -0.809017, 0.0, -0.5, 0.809017, -0.309017, 0.0, 0.809017, 0.309017, -0.5, 0.0, 0.0, 0.0, 0.0, 1.0 ], [ -1.0, 0.0, 0.0, 0.0, 0.0, 1.0, 0.0, 0.0, 0.0, 0.0, -1.0, 0.0, 0.0, 0.0, 0.0, 1.0 ], [ 0.0, 0.0, -1.0, 0.0, 1.0, 0.0, 0.0, 0.0, 0.0, -1.0, 0.0, 0.0, 0.0, 0.0, 0.0, 1.0 ], [ 0.0, -1.0, 0.0, 0.0, 0.0, 0.0, 1.0, 0.0, -1.0, 0.0, 0.0, 0.0, 0.0, 0.0, 0.0, 1.0 ], [ -0.809017, -0.309017, -0.5, 0.0, 0.309017, 0.5, -0.809017, 0.0, 0.5, -0.809017, -0.309017, 0.0, 0.0, 0.0, 0.0, 1.0 ], [ 0.5, -0.809017, -0.309017, 0.0, 0.809017, 0.309017, 0.5, 0.0, -0.309017, -0.5, 0.809017, 0.0, 0.0, 0.0, 0.0, 1.0 ], [ -0.309017, -0.5, 0.809017, 0.0, -0.5, 0.809017, 0.309017, 0.0, -0.809017, -0.309017, -0.5, 0.0, 0.0, 0.0, 0.0, 1.0 ], [ -0.5, -0.809017, -0.309017, 0.0, 0.809017, -0.309017, -0.5, 0.0, 0.309017, -0.5, 0.809017, 0.0, 0.0, 0.0, 0.0, 1.0 ], [ 0.309017, -0.5, 0.809017, 0.0, 0.5, 0.809017, 0.309017, 0.0, -0.809017, 0.309017, 0.5, 0.0, 0.0, 0.0, 0.0, 1.0 ], [ -0.809017, 0.309017, 0.5, 0.0, -0.309017, 0.5, -0.809017, 0.0, -0.5, -0.809017, -0.309017, 0.0, 0.0, 0.0, 0.0, 1.0 ], [ -0.5, -0.809017, 0.309017, 0.0, 0.809017, -0.309017, 0.5, 0.0, -0.309017, 0.5, 0.809017, 0.0, 0.0, 0.0, 0.0, 1.0 ], [ -0.309017, 0.5, 0.809017, 0.0, 0.5, 0.809017, -0.309017, 0.0, -0.809017, 0.309017, -0.5, 0.0, 0.0, 0.0, 0.0, 1.0 ], [ -0.809017, 0.309017, -0.5, 0.0, 0.309017, -0.5, -0.809017, 0.0, -0.5, -0.809017, 0.309017, 0.0, 0.0, 0.0, 0.0, 1.0 ], [ -0.809017, -0.309017, 0.5, 0.0, 0.309017, 0.5, 0.809017, 0.0, -0.5, 0.809017, -0.309017, 0.0, 0.0, 0.0, 0.0, 1.0 ], [ -0.5, 0.809017, -0.309017, 0.0, 0.809017, 0.309017, -0.5, 0.0, -0.309017, -0.5, -0.809017, 0.0, 0.0, 0.0, 0.0, 1.0 ], [ -0.309017, -0.5, -0.809017, 0.0, 0.5, -0.809017, 0.309017, 0.0, -0.809017, -0.309017, 0.5, 0.0, 0.0, 0.0, 0.0, 1.0 ] ],
  "lights" : {
    "backgroundColor" : "#AFC8DC",
    "ambientColor" : "#292929",
    "directionalLights" : [ {
      "direction" : [ 1.0, -1.0, -1.0 ],
      "color" : "#EBEBE4"
    }, {
      "direction" : [ -1.0, 0.0, 0.0 ],
      "color" : "#E4E4EB"
    }, {
      "direction" : [ 0.0, 0.0, -1.0 ],
      "color" : "#1E1E1E"
    } ]
  },
  "camera" : {
    "perspective" : true,
    "fieldOfView" : 0.44262868,
    "viewDistance" : 141.01686,
    "lookAtPointRV" : {
      "x" : 0.0,
      "y" : 0.0,
      "z" : 0.0,
      "zero" : true
    },
    "lookDirectionRV" : {
      "x" : -0.8668563,
      "y" : -0.25208968,
      "z" : 0.43013078,
      "zero" : false
    },
    "upDirectionRV" : {
      "x" : -0.13818933,
      "y" : 0.9504342,
      "z" : 0.27853522,
      "zero" : false
    },
    "lookAtPoint" : {
      "x" : 0.0,
      "y" : 0.0,
      "z" : 0.0
    },
    "lookDirection" : {
      "x" : -0.8668563,
      "y" : -0.25208968,
      "z" : 0.43013078
    },
    "upDirection" : {
      "x" : -0.13818933,
      "y" : 0.9504342,
      "z" : 0.27853522
    },
    "nearClipDistance" : 0.35254225,
    "farClipDistance" : 282.03333,
    "width" : 63.457558,
    "stereo" : false,
    "position" : {
      "x" : 122.24135,
      "y" : 35.548897,
      "z" : -60.655693
    }
  },
  "embedding" : [ 1.0, 0.0, 0.0, 0.0, 0.0, 1.0, 0.0, 0.0, 0.0, 0.0, 1.0, 0.0, 0.0, 0.0, 0.0, 1.0 ],
  "shapes" : [ {
    "id" : "4b841c07-756e-4ce4-88ea-5e9d9f7c6c44",
    "vertices" : [ {
      "x" : 0.0,
      "y" : 0.0,
      "z" : 0.0
    }, {
      "x" : -1.3951216,
      "y" : 2.6524758,
      "z" : -2.618034
    }, {
      "x" : -1.9098301,
      "y" : 4.0,
      "z" : -2.618034
    }, {
      "x" : -1.8917961,
      "y" : 4.0068884,
      "z" : -2.4763932
    } ],
    "faces" : [ {
      "vertices" : [ 0, 1, 2, 3 ]
    }, {
      "vertices" : [ 0, 3, 2, 1 ]
    } ]
  }, {
    "id" : "f12798be-dee1-4d0e-9778-b8da818a72c9",
    "vertices" : [ {
      "x" : 0.0,
      "y" : 0.0,
      "z" : 0.0
    }, {
      "x" : -0.19453071,
      "y" : 0.097265355,
      "z" : 0.048632678
    }, {
      "x" : -3.3846762,
      "y" : 2.2634144,
      "z" : 0.5606309
    }, {
      "x" : -0.021286236,
      "y" : 5.6268044,
      "z" : -2.8027592
    }, {
      "x" : 2.8027592,
      "y" : 2.8027592,
      "z" : -2.8027592
    } ],
    "faces" : [ {
      "vertices" : [ 0, 1, 2, 3, 4 ]
    }, {
      "vertices" : [ 0, 4, 3, 2, 1 ]
    } ]
  }, {
    "id" : "f9dba834-8e82-411c-a326-8b7c72163761",
    "vertices" : [ {
      "x" : 0.0,
      "y" : 0.0,
      "z" : 0.0
    }, {
      "x" : 0.14589803,
      "y" : 0.14589803,
      "z" : -0.14589803
    }, {
      "x" : -3.09017,
      "y" : 3.381966,
      "z" : -0.14589803
    } ],
    "faces" : [ {
      "vertices" : [ 0, 1, 2 ]
    }, {
      "vertices" : [ 0, 2, 1 ]
    } ]
  }, {
    "id" : "bb04fbaa-56af-4fce-ac16-3ceb84b41d33",
    "vertices" : [ {
      "x" : 0.0,
      "y" : 0.0,
      "z" : 0.0
    }, {
      "x" : 2.8753881,
      "y" : -2.4809062,
      "z" : -0.19724092
    }, {
      "x" : 3.9513674,
      "y" : -1.6967233,
      "z" : -1.127322
    }, {
      "x" : 1.0,
      "y" : 1.0,
      "z" : -1.0
    } ],
    "faces" : [ {
      "vertices" : [ 0, 1, 2, 3 ]
    }, {
      "vertices" : [ 0, 3, 2, 1 ]
    } ]
  }, {
    "id" : "158594a5-17ff-4a9d-9bcd-97867859d541",
    "vertices" : [ {
      "x" : 0.0,
      "y" : 0.0,
      "z" : 0.0
    }, {
      "x" : -0.9382117,
      "y" : 2.4562702,
      "z" : 0.0
    }, {
      "x" : -0.60487837,
      "y" : 2.5835922,
      "z" : 2.618034
    }, {
      "x" : 1.3951216,
      "y" : -2.6524758,
      "z" : 2.618034
    } ],
    "faces" : [ {
      "vertices" : [ 0, 1, 2, 3 ]
    }, {
      "vertices" : [ 0, 3, 2, 1 ]
    } ]
  }, {
    "id" : "81c0c499-5691-4bf9-9c10-007045667e87",
    "vertices" : [ {
      "x" : 0.0,
      "y" : 0.0,
      "z" : 0.0
    }, {
      "x" : 1.7322004,
      "y" : -4.5349593,
      "z" : 0.0
    }, {
      "x" : 1.398867,
      "y" : -4.6622815,
      "z" : -2.618034
    }, {
      "x" : 1.0,
      "y" : -3.618034,
      "z" : -2.618034
    } ],
    "faces" : [ {
      "vertices" : [ 0, 1, 2, 3 ]
    }, {
      "vertices" : [ 0, 3, 2, 1 ]
    } ]
  }, {
    "id" : "8d7693a8-f27a-45fa-aa75-c896ab3749ac",
    "vertices" : [ {
      "x" : 0.0,
      "y" : 0.0,
      "z" : 0.0
    }, {
      "x" : 2.5694013,
      "y" : 2.5694013,
      "z" : -2.5694013
    }, {
      "x" : 6.7595468,
      "y" : 1.4032522,
      "z" : -4.0813994
    }, {
      "x" : 2.4809062,
      "y" : -2.8753881,
      "z" : 0.19724092
    } ],
    "faces" : [ {
      "vertices" : [ 0, 1, 2, 3 ]
    }, {
      "vertices" : [ 0, 3, 2, 1 ]
    } ]
  }, {
    "id" : "2800f31e-8746-4f78-8edd-cc17f90c0ecc",
    "vertices" : [ {
      "x" : 0.0,
      "y" : 0.0,
      "z" : 0.0
    }, {
      "x" : -0.23343685,
      "y" : 0.11671843,
      "z" : 0.058359213
    }, {
      "x" : -0.29179606,
      "y" : 0.0,
      "z" : 0.0
    }, {
      "x" : -0.048632678,
      "y" : -0.097265355,
      "z" : -0.048632678
    } ],
    "faces" : [ {
      "vertices" : [ 0, 1, 2, 3 ]
    }, {
      "vertices" : [ 0, 3, 2, 1 ]
    } ]
  }, {
    "id" : "3970d70f-20c8-4877-bdac-2d16ea41b0db",
    "vertices" : [ {
      "x" : 0.0,
      "y" : 0.0,
      "z" : 0.0
    }, {
      "x" : 0.24316339,
      "y" : -0.048632678,
      "z" : -0.097265355
    }, {
      "x" : 1.0759791,
      "y" : 0.784183,
      "z" : -0.93008107
    } ],
    "faces" : [ {
      "vertices" : [ 0, 1, 2 ]
    }, {
      "vertices" : [ 0, 2, 1 ]
    } ]
  }, {
    "id" : "770eaa6b-ebc4-434a-9177-1f0a74fe86e6",
    "vertices" : [ {
      "x" : 0.0,
      "y" : 0.0,
      "z" : 0.0
    }, {
      "x" : -4.1901455,
      "y" : 1.166149,
      "z" : 1.5119982
    }, {
      "x" : -3.1901455,
      "y" : 2.1661491,
      "z" : 0.51199824
    } ],
    "faces" : [ {
      "vertices" : [ 0, 1, 2 ]
    }, {
      "vertices" : [ 0, 2, 1 ]
    } ]
  }, {
    "id" : "a75e517d-0114-4f43-9e81-775c1d097e4d",
    "vertices" : [ {
      "x" : 0.0,
      "y" : 0.0,
      "z" : 0.0
    }, {
      "x" : -0.14589803,
      "y" : -0.14589803,
      "z" : 0.14589803
    }, {
      "x" : -3.381966,
      "y" : 3.09017,
      "z" : 0.14589803
    } ],
    "faces" : [ {
      "vertices" : [ 0, 1, 2 ]
    }, {
      "vertices" : [ 0, 2, 1 ]
    } ]
  }, {
    "id" : "755b44f2-cd0e-4593-a0d9-2ccb7e4fd36d",
    "vertices" : [ {
      "x" : 0.0,
      "y" : 0.0,
      "z" : 0.0
    }, {
      "x" : 0.048632678,
      "y" : 0.048632678,
      "z" : -0.097265355
    }, {
      "x" : -0.14589803,
      "y" : 0.14589803,
      "z" : -0.14589803
    } ],
    "faces" : [ {
      "vertices" : [ 0, 1, 2 ]
    }, {
      "vertices" : [ 0, 2, 1 ]
    } ]
  }, {
    "id" : "beb9bfbd-2136-43d0-93d7-0d491f3f0cd7",
    "vertices" : [ {
      "x" : 0.0,
      "y" : 0.0,
      "z" : 0.0
    }, {
      "x" : 3.9442718,
      "y" : 3.9442718,
      "z" : -3.9442718
    }, {
      "x" : 0.85410196,
      "y" : 7.326238,
      "z" : -4.09017
    }, {
      "x" : -1.763932,
      "y" : 4.708204,
      "z" : -1.4721359
    } ],
    "faces" : [ {
      "vertices" : [ 0, 1, 2, 3 ]
    }, {
      "vertices" : [ 0, 3, 2, 1 ]
    } ]
  }, {
    "id" : "6d4ea5a7-3a10-4074-8c71-4487c97f6022",
    "vertices" : [ {
      "x" : 0.0,
      "y" : 0.0,
      "z" : 0.0
    }, {
      "x" : 0.9382117,
      "y" : -2.4562702,
      "z" : 0.0
    }, {
      "x" : 0.60487837,
      "y" : -2.5835922,
      "z" : -2.618034
    }, {
      "x" : -1.3951216,
      "y" : 2.6524758,
      "z" : -2.618034
    } ],
    "faces" : [ {
      "vertices" : [ 0, 1, 2, 3 ]
    }, {
      "vertices" : [ 0, 3, 2, 1 ]
    } ]
  }, {
    "id" : "3fe97acf-b646-4eec-8c89-aeb8434e24c7",
    "vertices" : [ {
      "x" : 0.0,
      "y" : 0.0,
      "z" : 0.0
    }, {
      "x" : 2.4809062,
      "y" : -2.8753881,
      "z" : 0.19724092
    }, {
      "x" : 1.6967233,
      "y" : -3.9513674,
      "z" : 1.127322
    }, {
      "x" : -1.0,
      "y" : -1.0,
      "z" : 1.0
    } ],
    "faces" : [ {
      "vertices" : [ 0, 1, 2, 3 ]
    }, {
      "vertices" : [ 0, 3, 2, 1 ]
    } ]
  }, {
    "id" : "b1ed5f0e-5c77-4abe-a1b6-6a4801a64c4e",
    "vertices" : [ {
      "x" : 0.0,
      "y" : 0.0,
      "z" : 0.0
    }, {
      "x" : -1.618034,
      "y" : 4.236068,
      "z" : 0.0
    }, {
      "x" : -1.618034,
      "y" : 4.634935,
      "z" : 1.0442475
    }, {
      "x" : 0.0,
      "y" : 0.9382117,
      "z" : 2.4562702
    } ],
    "faces" : [ {
      "vertices" : [ 0, 1, 2, 3 ]
    }, {
      "vertices" : [ 0, 3, 2, 1 ]
    } ]
  }, {
    "id" : "8bc4fdbe-f080-47ca-968d-1842fea9d872",
    "vertices" : [ {
      "x" : 0.0,
      "y" : 0.0,
      "z" : 0.0
    }, {
      "x" : 1.618034,
      "y" : -4.236068,
      "z" : 0.0
    }, {
      "x" : 1.618034,
      "y" : -4.634935,
      "z" : -1.0442475
    }, {
      "x" : 0.0,
      "y" : -0.9382117,
      "z" : -2.4562702
    } ],
    "faces" : [ {
      "vertices" : [ 0, 1, 2, 3 ]
    }, {
      "vertices" : [ 0, 3, 2, 1 ]
    } ]
  }, {
    "id" : "65665e73-c4fc-4a86-9b00-556dc8e25cd3",
    "vertices" : [ {
      "x" : 0.0,
      "y" : 0.0,
      "z" : 0.0
    }, {
      "x" : 0.23343685,
      "y" : -0.058359213,
      "z" : -0.11671843
    }, {
      "x" : 0.29179606,
      "y" : 0.0,
      "z" : 0.0
    }, {
      "x" : 0.048632678,
      "y" : 0.048632678,
      "z" : 0.097265355
    } ],
    "faces" : [ {
      "vertices" : [ 0, 1, 2, 3 ]
    }, {
      "vertices" : [ 0, 3, 2, 1 ]
    } ]
  }, {
    "id" : "1d964679-7e18-4b21-8b62-0cd8fb5cd9a9",
    "vertices" : [ {
      "x" : 0.0,
      "y" : 0.0,
      "z" : 0.0
    }, {
      "x" : 0.11671843,
      "y" : -0.23343685,
      "z" : 0.058359213
    }, {
      "x" : -4.5914855,
      "y" : 1.5304952,
      "z" : 1.5304952
    } ],
    "faces" : [ {
      "vertices" : [ 0, 1, 2 ]
    }, {
      "vertices" : [ 0, 2, 1 ]
    } ]
  }, {
    "id" : "d16aeaab-34d4-4878-8f42-91882392d425",
    "vertices" : [ {
      "x" : 0.0,
      "y" : 0.0,
      "z" : 0.0
    }, {
      "x" : 0.23343685,
      "y" : -0.11671843,
      "z" : -0.058359213
    }, {
      "x" : -1.5304952,
      "y" : 4.5914855,
      "z" : -1.5304952
    } ],
    "faces" : [ {
      "vertices" : [ 0, 1, 2 ]
    }, {
      "vertices" : [ 0, 2, 1 ]
    } ]
  }, {
    "id" : "6feaeb12-d5f3-468e-9f09-ec613d472ee5",
    "vertices" : [ {
      "x" : 0.0,
      "y" : 0.0,
      "z" : 0.0
    }, {
      "x" : 2.6443453,
      "y" : -6.9229856,
      "z" : 0.0
    }, {
      "x" : 2.6293168,
      "y" : -6.928726,
      "z" : -0.11803399
    }, {
      "x" : -0.015028324,
      "y" : -0.005740309,
      "z" : -0.11803399
    } ],
    "faces" : [ {
      "vertices" : [ 0, 1, 2, 3 ]
    }, {
      "vertices" : [ 0, 3, 2, 1 ]
    } ]
  }, {
    "id" : "3014aec6-7ace-407f-9733-298078ed51c8",
    "vertices" : [ {
      "x" : 0.0,
      "y" : 0.0,
      "z" : 0.0
    }, {
      "x" : -2.8240454,
      "y" : 2.8240454,
      "z" : 0.0
    }, {
      "x" : 0.53934467,
      "y" : 6.187435,
      "z" : -3.36339
    }, {
      "x" : 3.236068,
      "y" : 3.236068,
      "z" : -3.236068
    } ],
    "faces" : [ {
      "vertices" : [ 0, 1, 2, 3 ]
    }, {
      "vertices" : [ 0, 3, 2, 1 ]
    } ]
  }, {
    "id" : "6acb8870-b4b2-4cf3-b7b2-30b769bd3efa",
    "vertices" : [ {
      "x" : 0.0,
      "y" : 0.0,
      "z" : 0.0
    }, {
      "x" : 0.872678,
      "y" : 1.0,
      "z" : 2.2847006
    }, {
      "x" : 1.4120227,
      "y" : -2.6967232,
      "z" : 3.6967232
    }, {
      "x" : 0.53934467,
      "y" : -5.854102,
      "z" : 1.4120227
    }, {
      "x" : -0.20601133,
      "y" : -4.236068,
      "z" : -0.53934467
    } ],
    "faces" : [ {
      "vertices" : [ 0, 1, 2, 3, 4 ]
    }, {
      "vertices" : [ 0, 4, 3, 2, 1 ]
    } ]
  }, {
    "id" : "09400993-ed74-4bd7-8031-53c38760a909",
    "vertices" : [ {
      "x" : 0.0,
      "y" : 0.0,
      "z" : 0.0
    }, {
      "x" : -1.7322004,
      "y" : 4.5349593,
      "z" : 0.0
    }, {
      "x" : -1.398867,
      "y" : 4.6622815,
      "z" : 2.618034
    }, {
      "x" : -1.0,
      "y" : 3.618034,
      "z" : 2.618034
    } ],
    "faces" : [ {
      "vertices" : [ 0, 1, 2, 3 ]
    }, {
      "vertices" : [ 0, 3, 2, 1 ]
    } ]
  }, {
    "id" : "98b1c401-aa4c-4839-8204-46575b80dc4b",
    "vertices" : [ {
      "x" : 0.0,
      "y" : 0.0,
      "z" : 0.0
    }, {
      "x" : 0.872678,
      "y" : -1.0,
      "z" : 2.2847006
    }, {
      "x" : 0.33333334,
      "y" : -4.6967235,
      "z" : 0.872678
    }, {
      "x" : -1.0786893,
      "y" : -5.236068,
      "z" : -2.8240454
    }, {
      "x" : -1.2060113,
      "y" : -2.618034,
      "z" : -3.1573787
    } ],
    "faces" : [ {
      "vertices" : [ 0, 1, 2, 3, 4 ]
    }, {
      "vertices" : [ 0, 4, 3, 2, 1 ]
    } ]
  }, {
    "id" : "971970dd-fe4d-4379-8bcc-93aa24bdf80e",
    "vertices" : [ {
      "x" : 0.0,
      "y" : 0.0,
      "z" : 0.0
    }, {
      "x" : -2.6443453,
      "y" : 6.9229856,
      "z" : 0.0
    }, {
      "x" : -2.6293168,
      "y" : 6.928726,
      "z" : 0.11803399
    }, {
      "x" : 0.015028324,
      "y" : 0.005740309,
      "z" : 0.11803399
    } ],
    "faces" : [ {
      "vertices" : [ 0, 1, 2, 3 ]
    }, {
      "vertices" : [ 0, 3, 2, 1 ]
    } ]
  }, {
    "id" : "cb16f32c-71e8-4954-a46e-4144da1d2b82",
    "vertices" : [ {
      "x" : 0.0,
      "y" : 0.0,
      "z" : 0.0
    }, {
      "x" : 1.3951216,
      "y" : -2.6524758,
      "z" : 2.618034
    }, {
      "x" : 1.9098301,
      "y" : -4.0,
      "z" : 2.618034
    }, {
      "x" : 1.8917961,
      "y" : -4.0068884,
      "z" : 2.4763932
    } ],
    "faces" : [ {
      "vertices" : [ 0, 1, 2, 3 ]
    }, {
      "vertices" : [ 0, 3, 2, 1 ]
    } ]
  }, {
    "id" : "e2364527-b04a-4401-8c7e-f35e761b5c9e",
    "vertices" : [ {
      "x" : 0.0,
      "y" : 0.0,
      "z" : 0.0
    }, {
      "x" : -2.5694013,
      "y" : -2.5694013,
      "z" : 2.5694013
    }, {
      "x" : -1.4032522,
      "y" : -6.7595468,
      "z" : 4.0813994
    }, {
      "x" : 2.8753881,
      "y" : -2.4809062,
      "z" : -0.19724092
    } ],
    "faces" : [ {
      "vertices" : [ 0, 1, 2, 3 ]
    }, {
      "vertices" : [ 0, 3, 2, 1 ]
    } ]
  }, {
    "id" : "c92c0384-d73c-42c4-8ffc-95d98678ebf2",
    "name" : "ball",
    "vertices" : [ {
      "x" : -0.309017,
      "y" : -0.19098301,
      "z" : 0.0
    }, {
      "x" : -0.309017,
      "y" : 0.19098301,
      "z" : 0.0
    }, {
      "x" : -0.19098301,
      "y" : 0.0,
      "z" : -0.309017
    }, {
      "x" : -0.19098301,
      "y" : 0.0,
      "z" : 0.309017
    }, {
      "x" : 0.0,
      "y" : -0.309017,
      "z" : -0.19098301
    }, {
      "x" : 0.0,
      "y" : -0.309017,
      "z" : 0.19098301
    }, {
      "x" : 0.0,
      "y" : 0.309017,
      "z" : -0.19098301
    }, {
      "x" : 0.0,
      "y" : 0.309017,
      "z" : 0.19098301
    }, {
      "x" : 0.19098301,
      "y" : 0.0,
      "z" : -0.309017
    }, {
      "x" : 0.19098301,
      "y" : 0.0,
      "z" : 0.309017
    }, {
      "x" : 0.309017,
      "y" : -0.19098301,
      "z" : 0.0
    }, {
      "x" : 0.309017,
      "y" : 0.19098301,
      "z" : 0.0
    } ],
    "faces" : [ {
      "vertices" : [ 0, 1, 2 ]
    }, {
      "vertices" : [ 0, 3, 1 ]
    }, {
      "vertices" : [ 0, 2, 4 ]
    }, {
      "vertices" : [ 0, 5, 3 ]
    }, {
      "vertices" : [ 0, 4, 5 ]
    }, {
      "vertices" : [ 1, 6, 2 ]
    }, {
      "vertices" : [ 1, 3, 7 ]
    }, {
      "vertices" : [ 1, 7, 6 ]
    }, {
      "vertices" : [ 2, 8, 4 ]
    }, {
      "vertices" : [ 2, 6, 8 ]
    }, {
      "vertices" : [ 3, 5, 9 ]
    }, {
      "vertices" : [ 3, 9, 7 ]
    }, {
      "vertices" : [ 4, 10, 5 ]
    }, {
      "vertices" : [ 4, 8, 10 ]
    }, {
      "vertices" : [ 5, 10, 9 ]
    }, {
      "vertices" : [ 6, 7, 11 ]
    }, {
      "vertices" : [ 6, 11, 8 ]
    }, {
      "vertices" : [ 7, 9, 11 ]
    }, {
      "vertices" : [ 8, 11, 10 ]
    }, {
      "vertices" : [ 9, 10, 11 ]
    } ]
  }, {
    "id" : "c7204a46-074a-4956-8c78-9e0252fe9cdf",
    "vertices" : [ {
      "x" : 0.0,
      "y" : 0.0,
      "z" : 0.0
    }, {
      "x" : -0.097265355,
      "y" : 0.048632678,
      "z" : -0.048632678
    }, {
      "x" : -0.14589803,
      "y" : 0.14589803,
      "z" : 0.14589803
    } ],
    "faces" : [ {
      "vertices" : [ 0, 1, 2 ]
    }, {
      "vertices" : [ 0, 2, 1 ]
    } ]
  }, {
    "id" : "a759568a-2882-44ac-a61d-6780c43a19d7",
    "vertices" : [ {
      "x" : 0.0,
      "y" : 0.0,
      "z" : 0.0
    }, {
      "x" : -1.166149,
      "y" : 4.1901455,
      "z" : -1.5119982
    }, {
      "x" : -2.1661491,
      "y" : 3.1901455,
      "z" : -0.51199824
    } ],
    "faces" : [ {
      "vertices" : [ 0, 1, 2 ]
    }, {
      "vertices" : [ 0, 2, 1 ]
    } ]
  }, {
    "id" : "7f327b29-6af9-483e-9bf7-12302d756328",
    "vertices" : [ {
      "x" : 0.0,
      "y" : 0.0,
      "z" : 0.0
    }, {
      "x" : -2.8240454,
      "y" : 2.8240454,
      "z" : 0.0
    }, {
      "x" : -6.187435,
      "y" : -0.53934467,
      "z" : 3.36339
    }, {
      "x" : -3.236068,
      "y" : -3.236068,
      "z" : 3.236068
    } ],
    "faces" : [ {
      "vertices" : [ 0, 1, 2, 3 ]
    }, {
      "vertices" : [ 0, 3, 2, 1 ]
    } ]
  }, {
    "id" : "1920eebb-9ca6-48ad-a910-12024a3112c0",
    "vertices" : [ {
      "x" : 0.0,
      "y" : 0.0,
      "z" : 0.0
    }, {
      "x" : 0.048632678,
      "y" : -0.24316339,
      "z" : 0.097265355
    }, {
      "x" : -0.784183,
      "y" : -1.0759791,
      "z" : 0.93008107
    } ],
    "faces" : [ {
      "vertices" : [ 0, 1, 2 ]
    }, {
      "vertices" : [ 0, 2, 1 ]
    } ]
  }, {
    "id" : "106ebebf-aea4-40e0-84ab-f56ee483c0e7",
    "vertices" : [ {
      "x" : 0.0,
      "y" : 0.0,
      "z" : 0.0
    }, {
      "x" : -2.437694,
      "y" : 6.381966,
      "z" : 0.0
    }, {
      "x" : -2.437694,
      "y" : 9.026311,
      "z" : 6.9229856
    }, {
      "x" : 0.0,
      "y" : 2.6443453,
      "z" : 6.9229856
    } ],
    "faces" : [ {
      "vertices" : [ 0, 1, 2, 3 ]
    }, {
      "vertices" : [ 0, 3, 2, 1 ]
    } ]
  }, {
    "id" : "5654f1a4-9452-4ccb-a8c3-4750e1311c37",
    "vertices" : [ {
      "x" : 0.0,
      "y" : 0.0,
      "z" : 0.0
    }, {
      "x" : -0.097265355,
      "y" : 0.19453071,
      "z" : -0.048632678
    }, {
      "x" : -2.2634144,
      "y" : 3.3846762,
      "z" : -0.5606309
    }, {
      "x" : -5.6268044,
      "y" : 0.021286236,
      "z" : 2.8027592
    }, {
      "x" : -2.8027592,
      "y" : -2.8027592,
      "z" : 2.8027592
    } ],
    "faces" : [ {
      "vertices" : [ 0, 1, 2, 3, 4 ]
    }, {
      "vertices" : [ 0, 4, 3, 2, 1 ]
    } ]
  }, {
    "id" : "bbd235a5-34ea-4105-85f0-f672e33afd5c",
    "vertices" : [ {
      "x" : 0.0,
      "y" : 0.0,
      "z" : 0.0
    }, {
      "x" : -0.74535596,
      "y" : 1.618034,
      "z" : -1.9513674
    }, {
      "x" : 0.127322,
      "y" : 4.7754126,
      "z" : 0.33333334
    }, {
      "x" : 1.5393447,
      "y" : 4.236068,
      "z" : 4.0300565
    }, {
      "x" : 1.4120227,
      "y" : 1.618034,
      "z" : 3.6967232
    } ],
    "faces" : [ {
      "vertices" : [ 0, 1, 2, 3, 4 ]
    }, {
      "vertices" : [ 0, 4, 3, 2, 1 ]
    } ]
  }, {
    "id" : "ae37ab02-16e0-4400-8eba-8d8fee2c0f2b",
    "vertices" : [ {
      "x" : 0.0,
      "y" : 0.0,
      "z" : 0.0
    }, {
      "x" : -3.9442718,
      "y" : -3.9442718,
      "z" : 3.9442718
    }, {
      "x" : -7.326238,
      "y" : -0.85410196,
      "z" : 4.09017
    }, {
      "x" : -4.708204,
      "y" : 1.763932,
      "z" : 1.4721359
    } ],
    "faces" : [ {
      "vertices" : [ 0, 1, 2, 3 ]
    }, {
      "vertices" : [ 0, 3, 2, 1 ]
    } ]
  }, {
    "id" : "33f60572-9ee3-4fde-999c-ce68edd9539e",
    "vertices" : [ {
      "x" : 0.0,
      "y" : 0.0,
      "z" : 0.0
    }, {
      "x" : -0.127322,
      "y" : 2.618034,
      "z" : -0.33333334
    }, {
      "x" : 1.2847006,
      "y" : 3.1573787,
      "z" : 3.36339
    }, {
      "x" : 2.1573787,
      "y" : 0.0,
      "z" : 5.648091
    }, {
      "x" : 1.4120227,
      "y" : -1.618034,
      "z" : 3.6967232
    } ],
    "faces" : [ {
      "vertices" : [ 0, 1, 2, 3, 4 ]
    }, {
      "vertices" : [ 0, 4, 3, 2, 1 ]
    } ]
  }, {
    "id" : "3ae1d8ce-d9a3-43b7-8df9-2234fd736255",
    "vertices" : [ {
      "x" : 0.0,
      "y" : 0.0,
      "z" : 0.0
    }, {
      "x" : -0.74535596,
      "y" : -1.618034,
      "z" : -1.9513674
    }, {
      "x" : -1.618034,
      "y" : 1.5393447,
      "z" : -4.236068
    }, {
      "x" : -1.0786893,
      "y" : 5.236068,
      "z" : -2.8240454
    }, {
      "x" : -0.20601133,
      "y" : 4.236068,
      "z" : -0.53934467
    } ],
    "faces" : [ {
      "vertices" : [ 0, 1, 2, 3, 4 ]
    }, {
      "vertices" : [ 0, 4, 3, 2, 1 ]
    } ]
  }, {
    "id" : "cec3f553-5718-4f75-afe2-42eea8cfe951",
    "vertices" : [ {
      "x" : 0.0,
      "y" : 0.0,
      "z" : 0.0
    }, {
      "x" : -0.127322,
      "y" : -2.618034,
      "z" : -0.33333334
    }, {
      "x" : -1.5393447,
      "y" : -2.0786893,
      "z" : -4.0300565
    }, {
      "x" : -2.0786893,
      "y" : 1.618034,
      "z" : -5.4420795
    }, {
      "x" : -1.2060113,
      "y" : 2.618034,
      "z" : -3.1573787
    } ],
    "faces" : [ {
      "vertices" : [ 0, 1, 2, 3, 4 ]
    }, {
      "vertices" : [ 0, 4, 3, 2, 1 ]
    } ]
  }, {
    "id" : "71da9cf0-4875-488b-88b6-d3b40ec41c68",
    "orbit" : "green",
    "orbitC" : "[[2,-1,1],[5,-3,1]]",
    "length" : "[1,0,1]",
    "name" : "g1",
    "vertices" : [ {
      "x" : 10.781153,
      "y" : 4.118034,
      "z" : -1.572949
    }, {
      "x" : 10.399187,
      "y" : 3.663119,
      "z" : -1.381966
    }, {
      "x" : 10.236068,
      "y" : 3.927051,
      "z" : -1.809017
    }, {
      "x" : 10.163119,
      "y" : 4.190983,
      "z" : -1.618034
    }, {
      "x" : 0.85410196,
      "y" : 0.309017,
      "z" : 0.19098301
    }, {
      "x" : 0.690983,
      "y" : 0.572949,
      "z" : -0.23606798
    }, {
      "x" : 0.309017,
      "y" : 0.11803399,
      "z" : -0.045084972
    }, {
      "x" : 0.76393205,
      "y" : 0.309017,
      "z" : -0.42705098
    }, {
      "x" : 0.927051,
      "y" : 0.045084972,
      "z" : 0.0
    }, {
      "x" : 10.326238,
      "y" : 3.927051,
      "z" : -1.190983
    }, {
      "x" : 11.09017,
      "y" : 4.236068,
      "z" : -1.618034
    } ],
    "faces" : [ {
      "vertices" : [ 2, 7, 5, 3 ]
    }, {
      "vertices" : [ 1, 8, 7, 2 ]
    }, {
      "vertices" : [ 4, 6, 8 ]
    }, {
      "vertices" : [ 5, 7, 6 ]
    }, {
      "vertices" : [ 0, 1, 2 ]
    }, {
      "vertices" : [ 0, 2, 3 ]
    }, {
      "vertices" : [ 6, 7, 8 ]
    }, {
      "vertices" : [ 3, 5, 4, 9 ]
    }, {
      "vertices" : [ 1, 9, 4, 8 ]
    }, {
      "vertices" : [ 0, 9, 1 ]
    }, {
      "vertices" : [ 0, 3, 9 ]
    }, {
      "vertices" : [ 4, 5, 6 ]
    } ]
  }, {
    "id" : "b67dd622-8d73-4525-af69-748942ed5f60",
    "vertices" : [ {
      "x" : 0.0,
      "y" : 0.0,
      "z" : 0.0
    }, {
      "x" : 2.618034,
      "y" : 9.472136,
      "z" : 6.854102
    }, {
      "x" : 4.236068,
      "y" : -1.618034,
      "z" : 11.09017
    } ],
    "faces" : [ {
      "vertices" : [ 0, 1, 2 ]
    }, {
      "vertices" : [ 0, 2, 1 ]
    } ]
  }, {
    "id" : "78d20912-627c-4df5-9e19-9786d9b09c76",
    "vertices" : [ {
      "x" : 0.0,
      "y" : 0.0,
      "z" : 0.0
    }, {
      "x" : -2.618034,
      "y" : 9.472136,
      "z" : -6.854102
    }, {
      "x" : 1.618034,
      "y" : 11.09017,
      "z" : 4.236068
    } ],
    "faces" : [ {
      "vertices" : [ 0, 1, 2 ]
    }, {
      "vertices" : [ 0, 2, 1 ]
    } ]
  }, {
    "id" : "aec9579e-9647-4532-a83e-9e169714a092",
    "vertices" : [ {
      "x" : 0.0,
      "y" : 0.0,
      "z" : 0.0
    }, {
      "x" : -2.618034,
      "y" : -9.472136,
      "z" : -6.854102
    }, {
      "x" : -4.236068,
      "y" : 1.618034,
      "z" : -11.09017
    } ],
    "faces" : [ {
      "vertices" : [ 0, 1, 2 ]
    }, {
      "vertices" : [ 0, 2, 1 ]
    } ]
  }, {
    "id" : "467c878c-396c-453d-9362-2988171de32d",
    "vertices" : [ {
      "x" : 0.0,
      "y" : 0.0,
      "z" : 0.0
    }, {
      "x" : 6.854102,
      "y" : 7.854102,
      "z" : 17.944271
    }, {
      "x" : 4.236068,
      "y" : -1.618034,
      "z" : 11.09017
    } ],
    "faces" : [ {
      "vertices" : [ 0, 1, 2 ]
    }, {
      "vertices" : [ 0, 2, 1 ]
    } ]
  } ],
  "instances" : [ {
    "shape" : "4b841c07-756e-4ce4-88ea-5e9d9f7c6c44",
    "color" : "#7FCC9F",
    "position" : {
      "x" : -0.63932025,
      "y" : -5.875388,
      "z" : 5.875388
    },
    "orientation" : 7
  }, {
    "shape" : "f12798be-dee1-4d0e-9778-b8da818a72c9",
    "color" : "#3366FF",
    "position" : {
      "x" : 0.021286236,
      "y" : 8.4934225,
      "z" : -0.021286236
    },
    "orientation" : 17
  }, {
    "shape" : "4b841c07-756e-4ce4-88ea-5e9d9f7c6c44",
    "color" : "#7FCC9F",
    "position" : {
      "x" : -5.875388,
      "y" : -5.875388,
      "z" : 0.63932025
    },
    "orientation" : 21
  }, {
    "shape" : "f9dba834-8e82-411c-a326-8b7c72163761",
    "color" : "#B59A8C",
    "position" : {
      "x" : -0.124611795,
      "y" : 8.347524,
      "z" : 0.16718426
    },
    "orientation" : 17
  }, {
    "shape" : "bb04fbaa-56af-4fce-ac16-3ceb84b41d33",
    "color" : "#B59A8C",
    "position" : {
      "x" : -1.2847006,
      "y" : -6.932791,
      "z" : 4.36339
    },
    "orientation" : 30
  }, {
    "shape" : "158594a5-17ff-4a9d-9bcd-97867859d541",
    "color" : "#7FCC9F",
    "position" : {
      "x" : 5.875388,
      "y" : -0.63932025,
      "z" : 5.875388
    },
    "orientation" : 38
  }, {
    "shape" : "81c0c499-5691-4bf9-9c10-007045667e87",
    "color" : "#3366FF",
    "position" : {
      "x" : -0.021286236,
      "y" : -0.021286236,
      "z" : 8.4934225
    },
    "orientation" : 21
  }, {
    "shape" : "8d7693a8-f27a-45fa-aa75-c896ab3749ac",
    "color" : "#B59A8C",
    "position" : {
      "x" : -6.932791,
      "y" : 1.2847006,
      "z" : 4.36339
    },
    "orientation" : 15
  }, {
    "shape" : "2800f31e-8746-4f78-8edd-cc17f90c0ecc",
    "color" : "#D7EFF2",
    "position" : {
      "x" : -4.403252,
      "y" : -4.1114564,
      "z" : -4.068884
    },
    "orientation" : 1
  }, {
    "shape" : "3970d70f-20c8-4877-bdac-2d16ea41b0db",
    "color" : "#B59A8C",
    "position" : {
      "x" : -4.4518847,
      "y" : -4.166149,
      "z" : 4.160089
    },
    "orientation" : 32
  }, {
    "shape" : "770eaa6b-ebc4-434a-9177-1f0a74fe86e6",
    "color" : "#B59A8C",
    "position" : {
      "x" : -8.44479,
      "y" : -0.17324448,
      "z" : 0.11855159
    },
    "orientation" : 1
  }, {
    "shape" : "a75e517d-0114-4f43-9e81-775c1d097e4d",
    "color" : "#B59A8C",
    "position" : {
      "x" : -0.16718426,
      "y" : 8.347524,
      "z" : -0.124611795
    },
    "orientation" : 47
  }, {
    "shape" : "755b44f2-cd0e-4593-a0d9-2ccb7e4fd36d",
    "color" : "#FFFFFF",
    "position" : {
      "x" : -0.124611795,
      "y" : -0.16718426,
      "z" : 8.347524
    },
    "orientation" : 45
  }, {
    "shape" : "bb04fbaa-56af-4fce-ac16-3ceb84b41d33",
    "color" : "#B59A8C",
    "position" : {
      "x" : -4.36339,
      "y" : 1.2847006,
      "z" : -6.932791
    },
    "orientation" : 46
  }, {
    "shape" : "2800f31e-8746-4f78-8edd-cc17f90c0ecc",
    "color" : "#D7EFF2",
    "position" : {
      "x" : 4.068884,
      "y" : -4.403252,
      "z" : 4.1114564
    },
    "orientation" : 47
  }, {
    "shape" : "a75e517d-0114-4f43-9e81-775c1d097e4d",
    "color" : "#B59A8C",
    "position" : {
      "x" : -0.124611795,
      "y" : 0.16718426,
      "z" : -8.347524
    },
    "orientation" : 45
  }, {
    "shape" : "bb04fbaa-56af-4fce-ac16-3ceb84b41d33",
    "color" : "#B59A8C",
    "position" : {
      "x" : 4.36339,
      "y" : 1.2847006,
      "z" : 6.932791
    },
    "orientation" : 1
  }, {
    "shape" : "beb9bfbd-2136-43d0-93d7-0d491f3f0cd7",
    "color" : "#B59A8C",
    "position" : {
      "x" : 4.068884,
      "y" : -4.403252,
      "z" : 4.1114564
    },
    "orientation" : 47
  }, {
    "shape" : "6d4ea5a7-3a10-4074-8c71-4487c97f6022",
    "color" : "#7FCC9F",
    "position" : {
      "x" : 0.63932025,
      "y" : -5.875388,
      "z" : -5.875388
    },
    "orientation" : 52
  }, {
    "shape" : "3fe97acf-b646-4eec-8c89-aeb8434e24c7",
    "color" : "#B59A8C",
    "position" : {
      "x" : 4.36339,
      "y" : 6.932791,
      "z" : -1.2847006
    },
    "orientation" : 31
  }, {
    "shape" : "3970d70f-20c8-4877-bdac-2d16ea41b0db",
    "color" : "#3366FF",
    "position" : {
      "x" : 4.160089,
      "y" : 4.4518847,
      "z" : 4.166149
    },
    "orientation" : 0
  }, {
    "shape" : "b1ed5f0e-5c77-4abe-a1b6-6a4801a64c4e",
    "color" : "#7FCC9F",
    "position" : {
      "x" : -0.63932025,
      "y" : -5.875388,
      "z" : 5.875388
    },
    "orientation" : 51
  }, {
    "shape" : "beb9bfbd-2136-43d0-93d7-0d491f3f0cd7",
    "color" : "#B59A8C",
    "position" : {
      "x" : 4.068884,
      "y" : 4.403252,
      "z" : -4.1114564
    },
    "orientation" : 32
  }, {
    "shape" : "8bc4fdbe-f080-47ca-968d-1842fea9d872",
    "color" : "#7FCC9F",
    "position" : {
      "x" : -0.63932025,
      "y" : -5.875388,
      "z" : -5.875388
    },
    "orientation" : 38
  }, {
    "shape" : "65665e73-c4fc-4a86-9b00-556dc8e25cd3",
    "color" : "#DBC285",
    "position" : {
      "x" : -4.1114564,
      "y" : -4.403252,
      "z" : 4.068884
    },
    "orientation" : 30
  }, {
    "shape" : "1d964679-7e18-4b21-8b62-0cd8fb5cd9a9",
    "color" : "#B59A8C",
    "position" : {
      "x" : 3.9521654,
      "y" : 4.344893,
      "z" : 4.344893
    },
    "orientation" : 0
  }, {
    "shape" : "d16aeaab-34d4-4878-8f42-91882392d425",
    "color" : "#B59A8C",
    "position" : {
      "x" : -4.344893,
      "y" : 4.344893,
      "z" : 3.9521654
    },
    "orientation" : 16
  }, {
    "shape" : "770eaa6b-ebc4-434a-9177-1f0a74fe86e6",
    "color" : "#B59A8C",
    "position" : {
      "x" : 8.44479,
      "y" : -0.17324448,
      "z" : -0.11855159
    },
    "orientation" : 46
  }, {
    "shape" : "158594a5-17ff-4a9d-9bcd-97867859d541",
    "color" : "#7FCC9F",
    "position" : {
      "x" : -0.63932025,
      "y" : 5.875388,
      "z" : 5.875388
    },
    "orientation" : 52
  }, {
    "shape" : "beb9bfbd-2136-43d0-93d7-0d491f3f0cd7",
    "color" : "#3366FF",
    "position" : {
      "x" : -4.1114564,
      "y" : 4.068884,
      "z" : 4.403252
    },
    "orientation" : 15
  }, {
    "shape" : "6feaeb12-d5f3-468e-9f09-ec613d472ee5",
    "color" : "#7FCC9F",
    "position" : {
      "x" : 4.4518847,
      "y" : 4.166149,
      "z" : 4.160089
    },
    "orientation" : 38
  }, {
    "shape" : "770eaa6b-ebc4-434a-9177-1f0a74fe86e6",
    "color" : "#B59A8C",
    "position" : {
      "x" : -0.11855159,
      "y" : -8.44479,
      "z" : 0.17324448
    },
    "orientation" : 47
  }, {
    "shape" : "3014aec6-7ace-407f-9733-298078ed51c8",
    "color" : "#B59A8C",
    "position" : {
      "x" : 8.472136,
      "y" : 0.0,
      "z" : 8.472136
    },
    "orientation" : 47
  }, {
    "shape" : "f9dba834-8e82-411c-a326-8b7c72163761",
    "color" : "#B59A8C",
    "position" : {
      "x" : -8.347524,
      "y" : -0.16718426,
      "z" : -0.124611795
    },
    "orientation" : 1
  }, {
    "shape" : "6acb8870-b4b2-4cf3-b7b2-30b769bd3efa",
    "color" : "#FFD98C",
    "position" : {
      "x" : 3.9027348,
      "y" : -3.9027348,
      "z" : 9.138803
    },
    "orientation" : 5
  }, {
    "shape" : "6d4ea5a7-3a10-4074-8c71-4487c97f6022",
    "color" : "#3366FF",
    "position" : {
      "x" : -5.875388,
      "y" : -0.63932025,
      "z" : 5.875388
    },
    "orientation" : 53
  }, {
    "shape" : "b1ed5f0e-5c77-4abe-a1b6-6a4801a64c4e",
    "color" : "#7FCC9F",
    "position" : {
      "x" : -0.63932025,
      "y" : 5.875388,
      "z" : -5.875388
    },
    "orientation" : 36
  }, {
    "shape" : "6feaeb12-d5f3-468e-9f09-ec613d472ee5",
    "color" : "#7FCC9F",
    "position" : {
      "x" : 4.4518847,
      "y" : -4.166149,
      "z" : -4.160089
    },
    "orientation" : 53
  }, {
    "shape" : "4b841c07-756e-4ce4-88ea-5e9d9f7c6c44",
    "color" : "#7FCC9F",
    "position" : {
      "x" : -5.875388,
      "y" : 0.63932025,
      "z" : -5.875388
    },
    "orientation" : 38
  }, {
    "shape" : "3fe97acf-b646-4eec-8c89-aeb8434e24c7",
    "color" : "#B59A8C",
    "position" : {
      "x" : 6.932791,
      "y" : 1.2847006,
      "z" : -4.36339
    },
    "orientation" : 30
  }, {
    "shape" : "09400993-ed74-4bd7-8031-53c38760a909",
    "color" : "#7FCC9F",
    "position" : {
      "x" : 0.021286236,
      "y" : 0.021286236,
      "z" : -8.4934225
    },
    "orientation" : 21
  }, {
    "shape" : "98b1c401-aa4c-4839-8204-46575b80dc4b",
    "color" : "#FFD98C",
    "position" : {
      "x" : -3.9027348,
      "y" : 9.138803,
      "z" : -3.9027348
    },
    "orientation" : 54
  }, {
    "shape" : "971970dd-fe4d-4379-8bcc-93aa24bdf80e",
    "color" : "#7FCC9F",
