{
  "field" : "golden",
  "symmetry" : "icosahedral",
  "orientations" : [ [ 1.0, 0.0, 0.0, 0.0, 0.0, 1.0, 0.0, 0.0, 0.0, 0.0, 1.0, 0.0, 0.0, 0.0, 0.0, 1.0 ], [ 0.0, 0.0, 1.0, 0.0, 1.0, 0.0, 0.0, 0.0, 0.0, 1.0, 0.0, 0.0, 0.0, 0.0, 0.0, 1.0 ], [ 0.0, 1.0, 0.0, 0.0, 0.0, 0.0, 1.0, 0.0, 1.0, 0.0, 0.0, 0.0, 0.0, 0.0, 0.0, 1.0 ], [ 0.809017, 0.309017, 0.5, 0.0, 0.309017, 0.5, -0.809017, 0.0, -0.5, 0.809017, 0.309017, 0.0, 0.0, 0.0, 0.0, 1.0 ], [ -0.5, 0.809017, 0.309017, 0.0, 0.809017, 0.309017, 0.5, 0.0, 0.309017, 0.5, -0.809017, 0.0, 0.0, 0.0, 0.0, 1.0 ], [ 0.309017, 0.5, -0.809017, 0.0, -0.5, 0.809017, 0.309017, 0.0, 0.809017, 0.309017, 0.5, 0.0, 0.0, 0.0, 0.0, 1.0 ], [ 0.5, 0.809017, 0.309017, 0.0, 0.809017, -0.309017, -0.5, 0.0, -0.309017, 0.5, -0.809017, 0.0, 0.0, 0.0, 0.0, 1.0 ], [ -0.309017, 0.5, -0.809017, 0.0, 0.5, 0.809017, 0.309017, 0.0, 0.809017, -0.309017, -0.5, 0.0, 0.0, 0.0, 0.0, 1.0 ], [ 0.809017, -0.309017, -0.5, 0.0, -0.309017, 0.5, -0.809017, 0.0, 0.5, 0.809017, 0.309017, 0.0, 0.0, 0.0, 0.0, 1.0 ], [ 0.5, 0.809017, -0.309017, 0.0, 0.809017, -0.309017, 0.5, 0.0, 0.309017, -0.5, -0.809017, 0.0, 0.0, 0.0, 0.0, 1.0 ], [ 0.309017, -0.5, -0.809017, 0.0, 0.5, 0.809017, -0.309017, 0.0, 0.809017, -0.309017, 0.5, 0.0, 0.0, 0.0, 0.0, 1.0 ], [ 0.809017, -0.309017, 0.5, 0.0, 0.309017, -0.5, -0.809017, 0.0, 0.5, 0.809017, -0.309017, 0.0, 0.0, 0.0, 0.0, 1.0 ], [ 0.809017, 0.309017, -0.5, 0.0, 0.309017, 0.5, 0.809017, 0.0, 0.5, -0.809017, 0.309017, 0.0, 0.0, 0.0, 0.0, 1.0 ], [ 0.5, -0.809017, 0.309017, 0.0, 0.809017, 0.309017, -0.5, 0.0, 0.309017, 0.5, 0.809017, 0.0, 0.0, 0.0, 0.0, 1.0 ], [ 0.309017, 0.5, 0.809017, 0.0, 0.5, -0.809017, 0.309017, 0.0, 0.809017, 0.309017, -0.5, 0.0, 0.0, 0.0, 0.0, 1.0 ], [ 1.0, 0.0, 0.0, 0.0, 0.0, -1.0, 0.0, 0.0, 0.0, 0.0, -1.0, 0.0, 0.0, 0.0, 0.0, 1.0 ], [ 0.0, 0.0, 1.0, 0.0, -1.0, 0.0, 0.0, 0.0, 0.0, -1.0, 0.0, 0.0, 0.0, 0.0, 0.0, 1.0 ], [ 0.0, 1.0, 0.0, 0.0, 0.0, 0.0, -1.0, 0.0, -1.0, 0.0, 0.0, 0.0, 0.0, 0.0, 0.0, 1.0 ], [ 0.809017, 0.309017, 0.5, 0.0, -0.309017, -0.5, 0.809017, 0.0, 0.5, -0.809017, -0.309017, 0.0, 0.0, 0.0, 0.0, 1.0 ], [ -0.5, 0.809017, 0.309017, 0.0, -0.809017, -0.309017, -0.5, 0.0, -0.309017, -0.5, 0.809017, 0.0, 0.0, 0.0, 0.0, 1.0 ], [ 0.309017, 0.5, -0.809017, 0.0, 0.5, -0.809017, -0.309017, 0.0, -0.809017, -0.309017, -0.5, 0.0, 0.0, 0.0, 0.0, 1.0 ], [ 0.5, 0.809017, 0.309017, 0.0, -0.809017, 0.309017, 0.5, 0.0, 0.309017, -0.5, 0.809017, 0.0, 0.0, 0.0, 0.0, 1.0 ], [ -0.309017, 0.5, -0.809017, 0.0, -0.5, -0.809017, -0.309017, 0.0, -0.809017, 0.309017, 0.5, 0.0, 0.0, 0.0, 0.0, 1.0 ], [ 0.809017, -0.309017, -0.5, 0.0, 0.309017, -0.5, 0.809017, 0.0, -0.5, -0.809017, -0.309017, 0.0, 0.0, 0.0, 0.0, 1.0 ], [ 0.5, 0.809017, -0.309017, 0.0, -0.809017, 0.309017, -0.5, 0.0, -0.309017, 0.5, 0.809017, 0.0, 0.0, 0.0, 0.0, 1.0 ], [ 0.309017, -0.5, -0.809017, 0.0, -0.5, -0.809017, 0.309017, 0.0, -0.809017, 0.309017, -0.5, 0.0, 0.0, 0.0, 0.0, 1.0 ], [ 0.809017, -0.309017, 0.5, 0.0, -0.309017, 0.5, 0.809017, 0.0, -0.5, -0.809017, 0.309017, 0.0, 0.0, 0.0, 0.0, 1.0 ], [ 0.809017, 0.309017, -0.5, 0.0, -0.309017, -0.5, -0.809017, 0.0, -0.5, 0.809017, -0.309017, 0.0, 0.0, 0.0, 0.0, 1.0 ], [ 0.5, -0.809017, 0.309017, 0.0, -0.809017, -0.309017, 0.5, 0.0, -0.309017, -0.5, -0.809017, 0.0, 0.0, 0.0, 0.0, 1.0 ], [ 0.309017, 0.5, 0.809017, 0.0, -0.5, 0.809017, -0.309017, 0.0, -0.809017, -0.309017, 0.5, 0.0, 0.0, 0.0, 0.0, 1.0 ], [ -1.0, 0.0, 0.0, 0.0, 0.0, -1.0, 0.0, 0.0, 0.0, 0.0, 1.0, 0.0, 0.0, 0.0, 0.0, 1.0 ], [ 0.0, 0.0, -1.0, 0.0, -1.0, 0.0, 0.0, 0.0, 0.0, 1.0, 0.0, 0.0, 0.0, 0.0, 0.0, 1.0 ], [ 0.0, -1.0, 0.0, 0.0, 0.0, 0.0, -1.0, 0.0, 1.0, 0.0, 0.0, 0.0, 0.0, 0.0, 0.0, 1.0 ], [ -0.809017, -0.309017, -0.5, 0.0, -0.309017, -0.5, 0.809017, 0.0, -0.5, 0.809017, 0.309017, 0.0, 0.0, 0.0, 0.0, 1.0 ], [ 0.5, -0.809017, -0.309017, 0.0, -0.809017, -0.309017, -0.5, 0.0, 0.309017, 0.5, -0.809017, 0.0, 0.0, 0.0, 0.0, 1.0 ], [ -0.309017, -0.5, 0.809017, 0.0, 0.5, -0.809017, -0.309017, 0.0, 0.809017, 0.309017, 0.5, 0.0, 0.0, 0.0, 0.0, 1.0 ], [ -0.5, -0.809017, -0.309017, 0.0, -0.809017, 0.309017, 0.5, 0.0, -0.309017, 0.5, -0.809017, 0.0, 0.0, 0.0, 0.0, 1.0 ], [ 0.309017, -0.5, 0.809017, 0.0, -0.5, -0.809017, -0.309017, 0.0, 0.809017, -0.309017, -0.5, 0.0, 0.0, 0.0, 0.0, 1.0 ], [ -0.809017, 0.309017, 0.5, 0.0, 0.309017, -0.5, 0.809017, 0.0, 0.5, 0.809017, 0.309017, 0.0, 0.0, 0.0, 0.0, 1.0 ], [ -0.5, -0.809017, 0.309017, 0.0, -0.809017, 0.309017, -0.5, 0.0, 0.309017, -0.5, -0.809017, 0.0, 0.0, 0.0, 0.0, 1.0 ], [ -0.309017, 0.5, 0.809017, 0.0, -0.5, -0.809017, 0.309017, 0.0, 0.809017, -0.309017, 0.5, 0.0, 0.0, 0.0, 0.0, 1.0 ], [ -0.809017, 0.309017, -0.5, 0.0, -0.309017, 0.5, 0.809017, 0.0, 0.5, 0.809017, -0.309017, 0.0, 0.0, 0.0, 0.0, 1.0 ], [ -0.809017, -0.309017, 0.5, 0.0, -0.309017, -0.5, -0.809017, 0.0, 0.5, -0.809017, 0.309017, 0.0, 0.0, 0.0, 0.0, 1.0 ], [ -0.5, 0.809017, -0.309017, 0.0, -0.809017, -0.309017, 0.5, 0.0, 0.309017, 0.5, 0.809017, 0.0, 0.0, 0.0, 0.0, 1.0 ], [ -0.309017, -0.5, -0.809017, 0.0, -0.5, 0.809017, -0.309017, 0.0, 0.809017, 0.309017, -0.5, 0.0, 0.0, 0.0, 0.0, 1.0 ], [ -1.0, 0.0, 0.0, 0.0, 0.0, 1.0, 0.0, 0.0, 0.0, 0.0, -1.0, 0.0, 0.0, 0.0, 0.0, 1.0 ], [ 0.0, 0.0, -1.0, 0.0, 1.0, 0.0, 0.0, 0.0, 0.0, -1.0, 0.0, 0.0, 0.0, 0.0, 0.0, 1.0 ], [ 0.0, -1.0, 0.0, 0.0, 0.0, 0.0, 1.0, 0.0, -1.0, 0.0, 0.0, 0.0, 0.0, 0.0, 0.0, 1.0 ], [ -0.809017, -0.309017, -0.5, 0.0, 0.309017, 0.5, -0.809017, 0.0, 0.5, -0.809017, -0.309017, 0.0, 0.0, 0.0, 0.0, 1.0 ], [ 0.5, -0.809017, -0.309017, 0.0, 0.809017, 0.309017, 0.5, 0.0, -0.309017, -0.5, 0.809017, 0.0, 0.0, 0.0, 0.0, 1.0 ], [ -0.309017, -0.5, 0.809017, 0.0, -0.5, 0.809017, 0.309017, 0.0, -0.809017, -0.309017, -0.5, 0.0, 0.0, 0.0, 0.0, 1.0 ], [ -0.5, -0.809017, -0.309017, 0.0, 0.809017, -0.309017, -0.5, 0.0, 0.309017, -0.5, 0.809017, 0.0, 0.0, 0.0, 0.0, 1.0 ], [ 0.309017, -0.5, 0.809017, 0.0, 0.5, 0.809017, 0.309017, 0.0, -0.809017, 0.309017, 0.5, 0.0, 0.0, 0.0, 0.0, 1.0 ], [ -0.809017, 0.309017, 0.5, 0.0, -0.309017, 0.5, -0.809017, 0.0, -0.5, -0.809017, -0.309017, 0.0, 0.0, 0.0, 0.0, 1.0 ], [ -0.5, -0.809017, 0.309017, 0.0, 0.809017, -0.309017, 0.5, 0.0, -0.309017, 0.5, 0.809017, 0.0, 0.0, 0.0, 0.0, 1.0 ], [ -0.309017, 0.5, 0.809017, 0.0, 0.5, 0.809017, -0.309017, 0.0, -0.809017, 0.309017, -0.5, 0.0, 0.0, 0.0, 0.0, 1.0 ], [ -0.809017, 0.309017, -0.5, 0.0, 0.309017, -0.5, -0.809017, 0.0, -0.5, -0.809017, 0.309017, 0.0, 0.0, 0.0, 0.0, 1.0 ], [ -0.809017, -0.309017, 0.5, 0.0, 0.309017, 0.5, 0.809017, 0.0, -0.5, 0.809017, -0.309017, 0.0, 0.0, 0.0, 0.0, 1.0 ], [ -0.5, 0.809017, -0.309017, 0.0, 0.809017, 0.309017, -0.5, 0.0, -0.309017, -0.5, -0.809017, 0.0, 0.0, 0.0, 0.0, 1.0 ], [ -0.309017, -0.5, -0.809017, 0.0, 0.5, -0.809017, 0.309017, 0.0, -0.809017, -0.309017, 0.5, 0.0, 0.0, 0.0, 0.0, 1.0 ] ],
  "lights" : {
    "backgroundColor" : "#FFFFFF",
    "ambientColor" : "#292929",
    "directionalLights" : [ {
      "direction" : {
        "x" : 1.0,
        "y" : -1.0,
        "z" : -1.0
      },
      "color" : "#EBEBE4"
    }, {
      "direction" : {
        "x" : -1.0,
        "y" : 0.0,
        "z" : 0.0
      },
      "color" : "#E4E4EB"
    }, {
      "direction" : {
        "x" : 0.0,
        "y" : 0.0,
        "z" : -1.0
      },
      "color" : "#1E1E1E"
    } ]
  },
  "camera" : {
    "perspective" : false,
    "viewDistance" : 158.99606,
    "nearClipDistance" : 0.3974902,
    "farClipDistance" : 317.99213,
    "lookAtPoint" : {
      "x" : 0.0,
      "y" : 0.0,
      "z" : 0.0
    },
    "fieldOfView" : 0.44262895,
    "lookDirection" : {
      "x" : 0.0,
      "y" : -0.70710677,
      "z" : 0.70710677
    },
    "upDirection" : {
      "x" : -1.0,
      "y" : 0.0,
      "z" : 0.0
    },
    "width" : 71.54824,
    "stereo" : false,
    "position" : {
      "x" : 0.0,
      "y" : 112.42719,
      "z" : -112.42719
    }
  },
  "embedding" : [ 1.0, 0.0, 0.0, 0.0, 0.0, 1.0, 0.0, 0.0, 0.0, 0.0, 1.0, 0.0, 0.0, 0.0, 0.0, 1.0 ],
  "shapes" : [ {
    "id" : "31fb4e11-88e5-49f7-a3f1-5eeb891bc8bc",
    "vertices" : [ {
      "x" : 14.208204,
      "y" : 5.427051,
      "z" : -2.072949
    }, {
      "x" : 13.826238,
      "y" : 4.972136,
      "z" : -1.881966
    }, {
      "x" : 13.663119,
      "y" : 5.236068,
      "z" : -2.309017
    }, {
      "x" : 13.59017,
      "y" : 5.5,
      "z" : -2.118034
    }, {
      "x" : 0.85410196,
      "y" : 0.309017,
      "z" : 0.19098301
    }, {
      "x" : 0.690983,
      "y" : 0.572949,
      "z" : -0.23606798
    }, {
      "x" : 0.309017,
      "y" : 0.11803399,
      "z" : -0.045084972
    }, {
      "x" : 0.76393205,
      "y" : 0.309017,
      "z" : -0.42705098
    }, {
      "x" : 0.927051,
      "y" : 0.045084972,
      "z" : 0.0
    }, {
      "x" : 13.753289,
      "y" : 5.236068,
      "z" : -1.690983
    }, {
      "x" : 14.5172205,
      "y" : 5.545085,
      "z" : -2.118034
    } ],
    "faces" : [ {
      "vertices" : [ 2, 7, 5 ]
    }, {
      "vertices" : [ 2, 5, 3 ]
    }, {
      "vertices" : [ 1, 8, 7 ]
    }, {
      "vertices" : [ 1, 7, 2 ]
    }, {
      "vertices" : [ 4, 6, 8 ]
    }, {
      "vertices" : [ 5, 7, 6 ]
    }, {
      "vertices" : [ 0, 1, 2 ]
    }, {
      "vertices" : [ 0, 2, 3 ]
    }, {
      "vertices" : [ 6, 7, 8 ]
    }, {
      "vertices" : [ 3, 5, 4 ]
    }, {
      "vertices" : [ 3, 4, 9 ]
    }, {
      "vertices" : [ 1, 9, 4 ]
    }, {
      "vertices" : [ 1, 4, 8 ]
    }, {
      "vertices" : [ 0, 9, 1 ]
    }, {
      "vertices" : [ 0, 3, 9 ]
    }, {
      "vertices" : [ 4, 5, 6 ]
    } ]
  }, {
    "id" : "76c48d3b-7f53-45dc-9373-0432ce2ecd2f",
    "vertices" : [ {
      "x" : 8.663119,
      "y" : 3.309017,
      "z" : -1.263932
    }, {
      "x" : 8.281153,
      "y" : 2.854102,
      "z" : -1.072949
    }, {
      "x" : 8.118034,
      "y" : 3.118034,
      "z" : -1.5
    }, {
      "x" : 8.045085,
      "y" : 3.381966,
      "z" : -1.309017
    }, {
      "x" : 0.85410196,
      "y" : 0.309017,
      "z" : 0.19098301
    }, {
      "x" : 0.690983,
      "y" : 0.572949,
      "z" : -0.23606798
    }, {
      "x" : 0.309017,
      "y" : 0.11803399,
      "z" : -0.045084972
    }, {
      "x" : 0.76393205,
      "y" : 0.309017,
      "z" : -0.42705098
    }, {
      "x" : 0.927051,
      "y" : 0.045084972,
      "z" : 0.0
    }, {
      "x" : 8.208204,
      "y" : 3.118034,
      "z" : -0.881966
    }, {
      "x" : 8.972136,
      "y" : 3.427051,
      "z" : -1.309017
    } ],
    "faces" : [ {
      "vertices" : [ 2, 7, 5 ]
    }, {
      "vertices" : [ 2, 5, 3 ]
    }, {
      "vertices" : [ 1, 8, 7 ]
    }, {
      "vertices" : [ 1, 7, 2 ]
    }, {
      "vertices" : [ 4, 6, 8 ]
    }, {
      "vertices" : [ 5, 7, 6 ]
    }, {
      "vertices" : [ 0, 1, 2 ]
    }, {
      "vertices" : [ 0, 2, 3 ]
    }, {
      "vertices" : [ 6, 7, 8 ]
    }, {
      "vertices" : [ 3, 5, 4 ]
    }, {
      "vertices" : [ 3, 4, 9 ]
    }, {
      "vertices" : [ 1, 9, 4 ]
    }, {
      "vertices" : [ 1, 4, 8 ]
    }, {
      "vertices" : [ 0, 9, 1 ]
    }, {
      "vertices" : [ 0, 3, 9 ]
    }, {
      "vertices" : [ 4, 5, 6 ]
    } ]
  }, {
    "id" : "ca33e330-bbff-408b-9079-a1b8a4b59f95",
    "vertices" : [ {
      "x" : 0.309017,
      "y" : -0.309017,
      "z" : -0.309017
    }, {
      "x" : 0.5,
      "y" : 0.0,
      "z" : -0.19098301
    }, {
      "x" : 0.5,
      "y" : 0.0,
      "z" : 0.19098301
    }, {
      "x" : 0.309017,
      "y" : -0.309017,
      "z" : 0.309017
    }, {
      "x" : 0.19098301,
      "y" : -0.5,
      "z" : 0.0
    }, {
      "x" : 0.0,
      "y" : 0.19098301,
      "z" : 0.5
    }, {
      "x" : 0.0,
      "y" : -0.19098301,
      "z" : 0.5
    }, {
      "x" : 0.309017,
      "y" : 0.309017,
      "z" : 0.309017
    }, {
      "x" : -0.309017,
      "y" : -0.309017,
      "z" : 0.309017
    }, {
      "x" : -0.309017,
      "y" : 0.309017,
      "z" : 0.309017
    }, {
      "x" : -0.5,
      "y" : 0.0,
      "z" : 0.19098301
    }, {
      "x" : 0.0,
      "y" : -0.19098301,
      "z" : -0.5
    }, {
      "x" : 0.0,
      "y" : 0.19098301,
      "z" : -0.5
    }, {
      "x" : 0.309017,
      "y" : 0.309017,
      "z" : -0.309017
    }, {
      "x" : -0.309017,
      "y" : -0.309017,
      "z" : -0.309017
    }, {
      "x" : -0.19098301,
      "y" : -0.5,
      "z" : 0.0
    }, {
      "x" : -0.5,
      "y" : 0.0,
      "z" : -0.19098301
    }, {
      "x" : 0.19098301,
      "y" : 0.5,
      "z" : 0.0
    }, {
      "x" : -0.309017,
      "y" : 0.309017,
      "z" : -0.309017
    }, {
      "x" : 0.0,
      "y" : 0.0,
      "z" : 0.0
    }, {
      "x" : -0.19098301,
      "y" : 0.5,
      "z" : 0.0
    } ],
    "faces" : [ {
      "vertices" : [ 12, 18, 20 ]
    }, {
      "vertices" : [ 12, 20, 17 ]
    }, {
      "vertices" : [ 12, 17, 13 ]
    }, {
      "vertices" : [ 3, 6, 8 ]
    }, {
      "vertices" : [ 3, 8, 15 ]
    }, {
      "vertices" : [ 3, 15, 4 ]
    }, {
      "vertices" : [ 0, 11, 12 ]
    }, {
      "vertices" : [ 0, 12, 13 ]
    }, {
      "vertices" : [ 0, 13, 1 ]
    }, {
      "vertices" : [ 5, 9, 10 ]
    }, {
      "vertices" : [ 5, 10, 8 ]
    }, {
      "vertices" : [ 5, 8, 6 ]
    }, {
      "vertices" : [ 2, 7, 5 ]
    }, {
      "vertices" : [ 2, 5, 6 ]
    }, {
      "vertices" : [ 2, 6, 3 ]
    }, {
      "vertices" : [ 11, 14, 16 ]
    }, {
      "vertices" : [ 11, 16, 18 ]
    }, {
      "vertices" : [ 11, 18, 12 ]
    }, {
      "vertices" : [ 1, 13, 17 ]
    }, {
      "vertices" : [ 1, 17, 7 ]
    }, {
      "vertices" : [ 1, 7, 2 ]
    }, {
      "vertices" : [ 9, 20, 18 ]
    }, {
      "vertices" : [ 9, 18, 16 ]
    }, {
      "vertices" : [ 9, 16, 10 ]
    }, {
      "vertices" : [ 0, 1, 2 ]
    }, {
      "vertices" : [ 0, 2, 3 ]
    }, {
      "vertices" : [ 0, 3, 4 ]
    }, {
      "vertices" : [ 5, 7, 17 ]
    }, {
      "vertices" : [ 5, 17, 20 ]
    }, {
      "vertices" : [ 5, 20, 9 ]
    }, {
      "vertices" : [ 0, 4, 15 ]
    }, {
      "vertices" : [ 0, 15, 14 ]
    }, {
      "vertices" : [ 0, 14, 11 ]
    }, {
      "vertices" : [ 8, 10, 16 ]
    }, {
      "vertices" : [ 8, 16, 14 ]
    }, {
      "vertices" : [ 8, 14, 15 ]
    } ]
  }, {
    "id" : "f024e210-3356-4d8d-8a2f-380715e4637f",
    "vertices" : [ {
      "x" : 28.725426,
      "y" : 10.972136,
      "z" : -4.190983
    }, {
      "x" : 28.343458,
      "y" : 10.5172205,
      "z" : -4.0
    }, {
      "x" : 28.18034,
      "y" : 10.781153,
      "z" : -4.427051
    }, {
      "x" : 28.107391,
      "y" : 11.045085,
      "z" : -4.236068
    }, {
      "x" : 0.85410196,
      "y" : 0.309017,
      "z" : 0.19098301
    }, {
      "x" : 0.690983,
      "y" : 0.572949,
      "z" : -0.23606798
    }, {
      "x" : 0.309017,
      "y" : 0.11803399,
      "z" : -0.045084972
    }, {
      "x" : 0.76393205,
      "y" : 0.309017,
      "z" : -0.42705098
    }, {
      "x" : 0.927051,
      "y" : 0.045084972,
      "z" : 0.0
    }, {
      "x" : 28.27051,
      "y" : 10.781153,
      "z" : -3.809017
    }, {
      "x" : 29.034441,
      "y" : 11.09017,
      "z" : -4.236068
    } ],
    "faces" : [ {
      "vertices" : [ 2, 7, 5 ]
    }, {
      "vertices" : [ 2, 5, 3 ]
    }, {
      "vertices" : [ 1, 8, 7 ]
    }, {
      "vertices" : [ 1, 7, 2 ]
    }, {
      "vertices" : [ 4, 6, 8 ]
    }, {
      "vertices" : [ 5, 7, 6 ]
    }, {
      "vertices" : [ 0, 1, 2 ]
    }, {
      "vertices" : [ 0, 2, 3 ]
    }, {
      "vertices" : [ 6, 7, 8 ]
    }, {
      "vertices" : [ 3, 5, 4 ]
    }, {
      "vertices" : [ 3, 4, 9 ]
    }, {
      "vertices" : [ 1, 9, 4 ]
    }, {
      "vertices" : [ 1, 4, 8 ]
    }, {
      "vertices" : [ 0, 9, 1 ]
    }, {
      "vertices" : [ 0, 3, 9 ]
    }, {
      "vertices" : [ 4, 5, 6 ]
    } ]
  }, {
    "id" : "1f65aa93-ebd7-4278-9224-2f85a25c1dcf",
    "vertices" : [ {
      "x" : 17.944271,
      "y" : 0.0,
      "z" : -6.854102
    }, {
      "x" : 17.635256,
      "y" : 0.0,
      "z" : -6.736068
    }, {
      "x" : 17.230747,
      "y" : -0.1545085,
      "z" : -6.295085
    }, {
      "x" : 17.039762,
      "y" : -0.1545085,
      "z" : -6.795085
    }, {
      "x" : 0.9045085,
      "y" : -0.1545085,
      "z" : -0.059016995
    }, {
      "x" : 0.809017,
      "y" : 0.309017,
      "z" : -0.309017
    }, {
      "x" : 0.309017,
      "y" : 0.0,
      "z" : -0.11803399
    }, {
      "x" : 17.135256,
      "y" : 0.309017,
      "z" : -6.545085
    }, {
      "x" : 0.7135255,
      "y" : -0.1545085,
      "z" : -0.559017
    } ],
    "faces" : [ {
      "vertices" : [ 2, 4, 8 ]
    }, {
      "vertices" : [ 2, 8, 3 ]
    }, {
      "vertices" : [ 2, 7, 5 ]
    }, {
      "vertices" : [ 2, 5, 4 ]
    }, {
      "vertices" : [ 4, 6, 8 ]
    }, {
      "vertices" : [ 5, 8, 6 ]
    }, {
      "vertices" : [ 1, 2, 3 ]
    }, {
      "vertices" : [ 3, 8, 5 ]
    }, {
      "vertices" : [ 3, 5, 7 ]
    }, {
      "vertices" : [ 1, 7, 2 ]
    }, {
      "vertices" : [ 1, 3, 7 ]
    }, {
      "vertices" : [ 4, 5, 6 ]
    } ]
  } ],
  "instances" : [ {
    "shape" : "31fb4e11-88e5-49f7-a3f1-5eeb891bc8bc",
    "color" : "#008D36",
    "position" : {
      "x" : -11.09017,
      "y" : 0.0,
      "z" : 0.0
    },
    "orientation" : 21
  }, {
    "shape" : "76c48d3b-7f53-45dc-9373-0432ce2ecd2f",
    "color" : "#008D36",
    "position" : {
      "x" : 0.0,
      "y" : -11.09017,
      "z" : 0.0
    },
    "orientation" : 36
  }, {
    "shape" : "76c48d3b-7f53-45dc-9373-0432ce2ecd2f",
    "color" : "#008D36",
    "position" : {
      "x" : 0.0,
      "y" : 11.09017,
      "z" : 0.0
    },
    "orientation" : 51
  }, {
    "shape" : "76c48d3b-7f53-45dc-9373-0432ce2ecd2f",
    "color" : "#008D36",
    "position" : {
      "x" : 0.0,
      "y" : 0.0,
      "z" : -11.09017
    },
    "orientation" : 22
  }, {
    "shape" : "ca33e330-bbff-408b-9079-a1b8a4b59f95",
    "color" : "#FFFFFF",
    "position" : {
      "x" : 0.0,
      "y" : 6.854102,
      "z" : -17.944271
    }
  }, {
    "shape" : "f024e210-3356-4d8d-8a2f-380715e4637f",
    "color" : "#008D36",
    "position" : {
      "x" : -11.09017,
      "y" : -11.09017,
      "z" : 11.09017
    },
    "orientation" : 6
  }, {
    "shape" : "1f65aa93-ebd7-4278-9224-2f85a25c1dcf",
    "color" : "#F0A000",
    "position" : {
      "x" : 0.0,
      "y" : 0.0,
      "z" : 0.0
    },
    "orientation" : 22
  }, {
    "shape" : "76c48d3b-7f53-45dc-9373-0432ce2ecd2f",
    "color" : "#008D36",
    "position" : {
      "x" : 11.09017,
      "y" : 0.0,
      "z" : 0.0
    },
    "orientation" : 8
  }, {
    "shape" : "ca33e330-bbff-408b-9079-a1b8a4b59f95",
    "color" : "#FFFFFF",
    "position" : {
      "x" : -11.09017,
      "y" : -11.09017,
      "z" : -11.09017
    }
  }, {
    "shape" : "1f65aa93-ebd7-4278-9224-2f85a25c1dcf",
    "color" : "#F0A000",
    "position" : {
      "x" : 0.0,
      "y" : 0.0,
      "z" : 0.0
    },
    "orientation" : 54
  }, {
    "shape" : "31fb4e11-88e5-49f7-a3f1-5eeb891bc8bc",
    "color" : "#008D36",
    "position" : {
      "x" : 11.09017,
      "y" : 0.0,
      "z" : 0.0
    },
    "orientation" : 51
  }, {
    "shape" : "ca33e330-bbff-408b-9079-a1b8a4b59f95",
    "color" : "#FFFFFF",
    "position" : {
      "x" : -11.09017,
      "y" : 0.0,
      "z" : 0.0
    }
  }, {
    "shape" : "76c48d3b-7f53-45dc-9373-0432ce2ecd2f",
    "color" : "#008D36",
    "position" : {
      "x" : 11.09017,
      "y" : 0.0,
      "z" : 0.0
    },
    "orientation" : 23
  }, {
    "shape" : "f024e210-3356-4d8d-8a2f-380715e4637f",
    "color" : "#008D36",
    "position" : {
      "x" : -11.09017,
      "y" : 11.09017,
      "z" : -11.09017
    },
    "orientation" : 21
  }, {
    "shape" : "1f65aa93-ebd7-4278-9224-2f85a25c1dcf",
    "color" : "#F0A000",
    "position" : {
      "x" : 0.0,
      "y" : 0.0,
      "z" : 0.0
    },
    "orientation" : 30
  }, {
    "shape" : "ca33e330-bbff-408b-9079-a1b8a4b59f95",
    "color" : "#FFFFFF",
    "position" : {
      "x" : 0.0,
      "y" : 0.0,
      "z" : 11.09017
    }
  }, {
    "shape" : "1f65aa93-ebd7-4278-9224-2f85a25c1dcf",
    "color" : "#F0A000",
    "position" : {
      "x" : 0.0,
      "y" : 0.0,
      "z" : 0.0
    },
    "orientation" : 8
  }, {
    "shape" : "31fb4e11-88e5-49f7-a3f1-5eeb891bc8bc",
    "color" : "#008D36",
    "position" : {
      "x" : 0.0,
      "y" : 11.09017,
      "z" : 0.0
    },
    "orientation" : 37
  }, {
    "shape" : "1f65aa93-ebd7-4278-9224-2f85a25c1dcf",
    "color" : "#F0A000",
    "position" : {
      "x" : 0.0,
      "y" : 0.0,
      "z" : 0.0
    },
    "orientation" : 16
  }, {
    "shape" : "ca33e330-bbff-408b-9079-a1b8a4b59f95",
    "color" : "#FFFFFF",
    "position" : {
      "x" : 6.854102,
      "y" : 17.944271,
      "z" : 0.0
    }
  }, {
    "shape" : "f024e210-3356-4d8d-8a2f-380715e4637f",
    "color" : "#008D36",
    "position" : {
      "x" : 11.09017,
      "y" : -11.09017,
      "z" : -11.09017
    },
    "orientation" : 7
  }, {
    "shape" : "1f65aa93-ebd7-4278-9224-2f85a25c1dcf",
    "color" : "#F0A000",
    "position" : {
      "x" : 0.0,
      "y" : 0.0,
      "z" : 0.0
    },
    "orientation" : 2
  }, {
    "shape" : "ca33e330-bbff-408b-9079-a1b8a4b59f95",
    "color" : "#FFFFFF",
    "position" : {
      "x" : 6.854102,
      "y" : -17.944271,
      "z" : 0.0
    }
  }, {
    "shape" : "1f65aa93-ebd7-4278-9224-2f85a25c1dcf",
    "color" : "#F0A000",
    "position" : {
      "x" : 0.0,
      "y" : 0.0,
      "z" : 0.0
    },
    "orientation" : 38
  }, {
    "shape" : "1f65aa93-ebd7-4278-9224-2f85a25c1dcf",
    "color" : "#F0A000",
    "position" : {
      "x" : 0.0,
      "y" : 0.0,
      "z" : 0.0
    },
    "orientation" : 7
  }, {
    "shape" : "ca33e330-bbff-408b-9079-a1b8a4b59f95",
    "color" : "#FFFFFF",
    "position" : {
      "x" : -11.09017,
      "y" : -11.09017,
      "z" : 11.09017
    }
  }, {
    "shape" : "ca33e330-bbff-408b-9079-a1b8a4b59f95",
    "color" : "#FFFFFF",
    "position" : {
      "x" : 0.0,
      "y" : -6.854102,
      "z" : -17.944271
    }
  }, {
    "shape" : "ca33e330-bbff-408b-9079-a1b8a4b59f95",
    "color" : "#FFFFFF",
    "position" : {
      "x" : -11.09017,
      "y" : 11.09017,
      "z" : 11.09017
    }
  }, {
    "shape" : "1f65aa93-ebd7-4278-9224-2f85a25c1dcf",
    "color" : "#F0A000",
    "position" : {
      "x" : 0.0,
      "y" : 0.0,
      "z" : 0.0
    },
    "orientation" : 17
  }, {
    "shape" : "31fb4e11-88e5-49f7-a3f1-5eeb891bc8bc",
    "color" : "#008D36",
    "position" : {
      "x" : 0.0,
      "y" : 0.0,
      "z" : -11.09017
    },
    "orientation" : 38
  }, {
    "shape" : "1f65aa93-ebd7-4278-9224-2f85a25c1dcf",
    "color" : "#F0A000",
    "position" : {
      "x" : 0.0,
      "y" : 0.0,
      "z" : 0.0
    },
    "orientation" : 9
  }, {
    "shape" : "76c48d3b-7f53-45dc-9373-0432ce2ecd2f",
    "color" : "#008D36",
    "position" : {
      "x" : 0.0,
      "y" : 11.09017,
      "z" : 0.0
    },
    "orientation" : 6
  }, {
    "shape" : "31fb4e11-88e5-49f7-a3f1-5eeb891bc8bc",
    "color" : "#008D36",
    "position" : {
      "x" : 0.0,
      "y" : -11.09017,
      "z" : 0.0
    },
    "orientation" : 7
  }, {
    "shape" : "31fb4e11-88e5-49f7-a3f1-5eeb891bc8bc",
    "color" : "#008D36",
    "position" : {
      "x" : 0.0,
      "y" : 0.0,
      "z" : 11.09017
    },
    "orientation" : 53
  }, {
    "shape" : "ca33e330-bbff-408b-9079-a1b8a4b59f95",
    "color" : "#FFFFFF",
    "position" : {
      "x" : 11.09017,
      "y" : 0.0,
      "z" : 0.0
    }
  }, {
    "shape" : "ca33e330-bbff-408b-9079-a1b8a4b59f95",
    "color" : "#FFFFFF",
    "position" : {
      "x" : 0.0,
      "y" : 11.09017,
      "z" : 0.0
    }
  }, {
    "shape" : "31fb4e11-88e5-49f7-a3f1-5eeb891bc8bc",
    "color" : "#008D36",
    "position" : {
      "x" : 0.0,
      "y" : -11.09017,
      "z" : 0.0
    },
    "orientation" : 52
  }, {
    "shape" : "ca33e330-bbff-408b-9079-a1b8a4b59f95",
    "color" : "#FFFFFF",
    "position" : {
      "x" : 0.0,
      "y" : -11.09017,
      "z" : 0.0
    }
  }, {
    "shape" : "76c48d3b-7f53-45dc-9373-0432ce2ecd2f",
    "color" : "#008D36",
    "position" : {
      "x" : -11.09017,
      "y" : 0.0,
      "z" : 0.0
    },
    "orientation" : 38
  }, {
    "shape" : "ca33e330-bbff-408b-9079-a1b8a4b59f95",
    "color" : "#FFFFFF",
    "position" : {
      "x" : 17.944271,
      "y" : 0.0,
      "z" : 6.854102
    }
  }, {
    "shape" : "f024e210-3356-4d8d-8a2f-380715e4637f",
    "color" : "#008D36",
    "position" : {
      "x" : -11.09017,
      "y" : -11.09017,
      "z" : 11.09017
    },
    "orientation" : 23
  }, {
    "shape" : "31fb4e11-88e5-49f7-a3f1-5eeb891bc8bc",
    "color" : "#008D36",
    "position" : {
      "x" : 11.09017,
      "y" : 0.0,
      "z" : 0.0
    },
    "orientation" : 36
  }, {
    "shape" : "31fb4e11-88e5-49f7-a3f1-5eeb891bc8bc",
    "color" : "#008D36",
    "position" : {
      "x" : 0.0,
      "y" : 11.09017,
      "z" : 0.0
    },
    "orientation" : 22
  }, {
    "shape" : "ca33e330-bbff-408b-9079-a1b8a4b59f95",
    "color" : "#FFFFFF",
    "position" : {
      "x" : 0.0,
      "y" : 0.0,
      "z" : 0.0
    }
  }, {
    "shape" : "31fb4e11-88e5-49f7-a3f1-5eeb891bc8bc",
    "color" : "#008D36",
    "position" : {
      "x" : 0.0,
      "y" : 0.0,
      "z" : 11.09017
    },
    "orientation" : 23
  }, {
    "shape" : "ca33e330-bbff-408b-9079-a1b8a4b59f95",
    "color" : "#FFFFFF",
    "position" : {
      "x" : 11.09017,
      "y" : 11.09017,
      "z" : 11.09017
    }
  }, {
    "shape" : "ca33e330-bbff-408b-9079-a1b8a4b59f95",
    "color" : "#FFFFFF",
    "position" : {
      "x" : 0.0,
      "y" : -6.854102,
      "z" : 17.944271
    }
  }, {
    "shape" : "ca33e330-bbff-408b-9079-a1b8a4b59f95",
    "color" : "#FFFFFF",
    "position" : {
      "x" : 0.0,
      "y" : 6.854102,
      "z" : 17.944271
    }
  }, {
    "shape" : "76c48d3b-7f53-45dc-9373-0432ce2ecd2f",
    "color" : "#008D36",
    "position" : {
      "x" : 0.0,
      "y" : 0.0,
      "z" : 11.09017
    },
    "orientation" : 37
  }, {
    "shape" : "1f65aa93-ebd7-4278-9224-2f85a25c1dcf",
    "color" : "#F0A000",
    "position" : {
      "x" : 0.0,
      "y" : 0.0,
      "z" : 0.0
    },
    "orientation" : 21
  }, {
    "shape" : "1f65aa93-ebd7-4278-9224-2f85a25c1dcf",
    "color" : "#F0A000",
    "position" : {
      "x" : 0.0,
      "y" : 0.0,
      "z" : 0.0
    },
    "orientation" : 6
  }, {
    "shape" : "76c48d3b-7f53-45dc-9373-0432ce2ecd2f",
    "color" : "#008D36",
    "position" : {
      "x" : 0.0,
      "y" : -11.09017,
      "z" : 0.0
    },
    "orientation" : 21
  }, {
    "shape" : "76c48d3b-7f53-45dc-9373-0432ce2ecd2f",
    "color" : "#008D36",
    "position" : {
      "x" : -11.09017,
      "y" : 0.0,
      "z" : 0.0
    },
    "orientation" : 53
  }, {
    "shape" : "31fb4e11-88e5-49f7-a3f1-5eeb891bc8bc",
    "color" : "#008D36",
    "position" : {
      "x" : -11.09017,
      "y" : 0.0,
      "z" : 0.0
    },
    "orientation" : 6
  }, {
    "shape" : "1f65aa93-ebd7-4278-9224-2f85a25c1dcf",
    "color" : "#F0A000",
    "position" : {
      "x" : 0.0,
      "y" : 0.0,
      "z" : 0.0
    },
    "orientation" : 24
  }, {
    "shape" : "ca33e330-bbff-408b-9079-a1b8a4b59f95",
    "color" : "#FFFFFF",
    "position" : {
      "x" : 0.0,
      "y" : 0.0,
      "z" : -11.09017
    }
  }, {
    "shape" : "31fb4e11-88e5-49f7-a3f1-5eeb891bc8bc",
    "color" : "#008D36",
    "position" : {
      "x" : 0.0,
      "y" : 0.0,
      "z" : -11.09017
    },
    "orientation" : 8
  }, {
    "shape" : "1f65aa93-ebd7-4278-9224-2f85a25c1dcf",
    "color" : "#F0A000",
    "position" : {
      "x" : 0.0,
      "y" : 0.0,
      "z" : 0.0
    },
    "orientation" : 1
  }, {
    "shape" : "1f65aa93-ebd7-4278-9224-2f85a25c1dcf",
    "color" : "#F0A000",
    "position" : {
      "x" : 0.0,
      "y" : 0.0,
      "z" : 0.0
    },
    "orientation" : 39
  }, {
    "shape" : "ca33e330-bbff-408b-9079-a1b8a4b59f95",
    "color" : "#FFFFFF",
    "position" : {
      "x" : 11.09017,
      "y" : -11.09017,
      "z" : 11.09017
    }
  }, {
    "shape" : "ca33e330-bbff-408b-9079-a1b8a4b59f95",
    "color" : "#FFFFFF",
    "position" : {
      "x" : 17.944271,
      "y" : 0.0,
      "z" : -6.854102
    }
  }, {
    "shape" : "76c48d3b-7f53-45dc-9373-0432ce2ecd2f",
    "color" : "#008D36",
    "position" : {
      "x" : 0.0,
      "y" : 0.0,
      "z" : -11.09017
    },
    "orientation" : 52
  }, {
    "shape" : "ca33e330-bbff-408b-9079-a1b8a4b59f95",
    "color" : "#FFFFFF",
    "position" : {
      "x" : 11.09017,
      "y" : -11.09017,
      "z" : -11.09017
    }
  }, {
    "shape" : "76c48d3b-7f53-45dc-9373-0432ce2ecd2f",
    "color" : "#008D36",
    "position" : {
      "x" : 0.0,
      "y" : 0.0,
      "z" : 11.09017
    },
    "orientation" : 7
  }, {
    "shape" : "ca33e330-bbff-408b-9079-a1b8a4b59f95",
    "color" : "#FFFFFF",
    "position" : {
      "x" : -17.944271,
      "y" : 0.0,
      "z" : -6.854102
    }
  }, {
    "shape" : "ca33e330-bbff-408b-9079-a1b8a4b59f95",
    "color" : "#FFFFFF",
    "position" : {
      "x" : -6.854102,
      "y" : -17.944271,
      "z" : 0.0
    }
  }, {
    "shape" : "ca33e330-bbff-408b-9079-a1b8a4b59f95",
    "color" : "#FFFFFF",
    "position" : {
      "x" : -6.854102,
      "y" : 17.944271,
      "z" : 0.0
    }
  }, {
    "shape" : "f024e210-3356-4d8d-8a2f-380715e4637f",
    "color" : "#008D36",
    "position" : {
      "x" : -11.09017,
      "y" : 11.09017,
      "z" : -11.09017
    },
    "orientation" : 37
  }, {
    "shape" : "ca33e330-bbff-408b-9079-a1b8a4b59f95",
    "color" : "#FFFFFF",
    "position" : {
      "x" : 11.09017,
      "y" : 11.09017,
      "z" : -11.09017
    }
  }, {
    "shape" : "1f65aa93-ebd7-4278-9224-2f85a25c1dcf",
    "color" : "#F0A000",
    "position" : {
      "x" : 0.0,
      "y" : 0.0,
      "z" : 0.0
    },
    "orientation" : 0
  }, {
    "shape" : "f024e210-3356-4d8d-8a2f-380715e4637f",
    "color" : "#008D36",
    "position" : {
      "x" : -11.09017,
      "y" : 11.09017,
      "z" : -11.09017
    },
    "orientation" : 8
  }, {
    "shape" : "ca33e330-bbff-408b-9079-a1b8a4b59f95",
    "color" : "#FFFFFF",
    "position" : {
      "x" : -11.09017,
      "y" : 11.09017,
      "z" : -11.09017
    }
  }, {
    "shape" : "ca33e330-bbff-408b-9079-a1b8a4b59f95",
    "color" : "#FFFFFF",
    "position" : {
      "x" : -17.944271,
      "y" : 0.0,
      "z" : 6.854102
    }
  } ]
}