{
  "polygons" : "true",
  "field" : "golden",
  "symmetry" : "icosahedral",
  "orientations" : [ [ 1.0, 0.0, 0.0, 0.0, 0.0, 1.0, 0.0, 0.0, 0.0, 0.0, 1.0, 0.0, 0.0, 0.0, 0.0, 1.0 ], [ 0.0, 0.0, 1.0, 0.0, 1.0, 0.0, 0.0, 0.0, 0.0, 1.0, 0.0, 0.0, 0.0, 0.0, 0.0, 1.0 ], [ 0.0, 1.0, 0.0, 0.0, 0.0, 0.0, 1.0, 0.0, 1.0, 0.0, 0.0, 0.0, 0.0, 0.0, 0.0, 1.0 ], [ 0.809017, 0.309017, 0.5, 0.0, 0.309017, 0.5, -0.809017, 0.0, -0.5, 0.809017, 0.309017, 0.0, 0.0, 0.0, 0.0, 1.0 ], [ -0.5, 0.809017, 0.309017, 0.0, 0.809017, 0.309017, 0.5, 0.0, 0.309017, 0.5, -0.809017, 0.0, 0.0, 0.0, 0.0, 1.0 ], [ 0.309017, 0.5, -0.809017, 0.0, -0.5, 0.809017, 0.309017, 0.0, 0.809017, 0.309017, 0.5, 0.0, 0.0, 0.0, 0.0, 1.0 ], [ 0.5, 0.809017, 0.309017, 0.0, 0.809017, -0.309017, -0.5, 0.0, -0.309017, 0.5, -0.809017, 0.0, 0.0, 0.0, 0.0, 1.0 ], [ -0.309017, 0.5, -0.809017, 0.0, 0.5, 0.809017, 0.309017, 0.0, 0.809017, -0.309017, -0.5, 0.0, 0.0, 0.0, 0.0, 1.0 ], [ 0.809017, -0.309017, -0.5, 0.0, -0.309017, 0.5, -0.809017, 0.0, 0.5, 0.809017, 0.309017, 0.0, 0.0, 0.0, 0.0, 1.0 ], [ 0.5, 0.809017, -0.309017, 0.0, 0.809017, -0.309017, 0.5, 0.0, 0.309017, -0.5, -0.809017, 0.0, 0.0, 0.0, 0.0, 1.0 ], [ 0.309017, -0.5, -0.809017, 0.0, 0.5, 0.809017, -0.309017, 0.0, 0.809017, -0.309017, 0.5, 0.0, 0.0, 0.0, 0.0, 1.0 ], [ 0.809017, -0.309017, 0.5, 0.0, 0.309017, -0.5, -0.809017, 0.0, 0.5, 0.809017, -0.309017, 0.0, 0.0, 0.0, 0.0, 1.0 ], [ 0.809017, 0.309017, -0.5, 0.0, 0.309017, 0.5, 0.809017, 0.0, 0.5, -0.809017, 0.309017, 0.0, 0.0, 0.0, 0.0, 1.0 ], [ 0.5, -0.809017, 0.309017, 0.0, 0.809017, 0.309017, -0.5, 0.0, 0.309017, 0.5, 0.809017, 0.0, 0.0, 0.0, 0.0, 1.0 ], [ 0.309017, 0.5, 0.809017, 0.0, 0.5, -0.809017, 0.309017, 0.0, 0.809017, 0.309017, -0.5, 0.0, 0.0, 0.0, 0.0, 1.0 ], [ 1.0, 0.0, 0.0, 0.0, 0.0, -1.0, 0.0, 0.0, 0.0, 0.0, -1.0, 0.0, 0.0, 0.0, 0.0, 1.0 ], [ 0.0, 0.0, 1.0, 0.0, -1.0, 0.0, 0.0, 0.0, 0.0, -1.0, 0.0, 0.0, 0.0, 0.0, 0.0, 1.0 ], [ 0.0, 1.0, 0.0, 0.0, 0.0, 0.0, -1.0, 0.0, -1.0, 0.0, 0.0, 0.0, 0.0, 0.0, 0.0, 1.0 ], [ 0.809017, 0.309017, 0.5, 0.0, -0.309017, -0.5, 0.809017, 0.0, 0.5, -0.809017, -0.309017, 0.0, 0.0, 0.0, 0.0, 1.0 ], [ -0.5, 0.809017, 0.309017, 0.0, -0.809017, -0.309017, -0.5, 0.0, -0.309017, -0.5, 0.809017, 0.0, 0.0, 0.0, 0.0, 1.0 ], [ 0.309017, 0.5, -0.809017, 0.0, 0.5, -0.809017, -0.309017, 0.0, -0.809017, -0.309017, -0.5, 0.0, 0.0, 0.0, 0.0, 1.0 ], [ 0.5, 0.809017, 0.309017, 0.0, -0.809017, 0.309017, 0.5, 0.0, 0.309017, -0.5, 0.809017, 0.0, 0.0, 0.0, 0.0, 1.0 ], [ -0.309017, 0.5, -0.809017, 0.0, -0.5, -0.809017, -0.309017, 0.0, -0.809017, 0.309017, 0.5, 0.0, 0.0, 0.0, 0.0, 1.0 ], [ 0.809017, -0.309017, -0.5, 0.0, 0.309017, -0.5, 0.809017, 0.0, -0.5, -0.809017, -0.309017, 0.0, 0.0, 0.0, 0.0, 1.0 ], [ 0.5, 0.809017, -0.309017, 0.0, -0.809017, 0.309017, -0.5, 0.0, -0.309017, 0.5, 0.809017, 0.0, 0.0, 0.0, 0.0, 1.0 ], [ 0.309017, -0.5, -0.809017, 0.0, -0.5, -0.809017, 0.309017, 0.0, -0.809017, 0.309017, -0.5, 0.0, 0.0, 0.0, 0.0, 1.0 ], [ 0.809017, -0.309017, 0.5, 0.0, -0.309017, 0.5, 0.809017, 0.0, -0.5, -0.809017, 0.309017, 0.0, 0.0, 0.0, 0.0, 1.0 ], [ 0.809017, 0.309017, -0.5, 0.0, -0.309017, -0.5, -0.809017, 0.0, -0.5, 0.809017, -0.309017, 0.0, 0.0, 0.0, 0.0, 1.0 ], [ 0.5, -0.809017, 0.309017, 0.0, -0.809017, -0.309017, 0.5, 0.0, -0.309017, -0.5, -0.809017, 0.0, 0.0, 0.0, 0.0, 1.0 ], [ 0.309017, 0.5, 0.809017, 0.0, -0.5, 0.809017, -0.309017, 0.0, -0.809017, -0.309017, 0.5, 0.0, 0.0, 0.0, 0.0, 1.0 ], [ -1.0, 0.0, 0.0, 0.0, 0.0, -1.0, 0.0, 0.0, 0.0, 0.0, 1.0, 0.0, 0.0, 0.0, 0.0, 1.0 ], [ 0.0, 0.0, -1.0, 0.0, -1.0, 0.0, 0.0, 0.0, 0.0, 1.0, 0.0, 0.0, 0.0, 0.0, 0.0, 1.0 ], [ 0.0, -1.0, 0.0, 0.0, 0.0, 0.0, -1.0, 0.0, 1.0, 0.0, 0.0, 0.0, 0.0, 0.0, 0.0, 1.0 ], [ -0.809017, -0.309017, -0.5, 0.0, -0.309017, -0.5, 0.809017, 0.0, -0.5, 0.809017, 0.309017, 0.0, 0.0, 0.0, 0.0, 1.0 ], [ 0.5, -0.809017, -0.309017, 0.0, -0.809017, -0.309017, -0.5, 0.0, 0.309017, 0.5, -0.809017, 0.0, 0.0, 0.0, 0.0, 1.0 ], [ -0.309017, -0.5, 0.809017, 0.0, 0.5, -0.809017, -0.309017, 0.0, 0.809017, 0.309017, 0.5, 0.0, 0.0, 0.0, 0.0, 1.0 ], [ -0.5, -0.809017, -0.309017, 0.0, -0.809017, 0.309017, 0.5, 0.0, -0.309017, 0.5, -0.809017, 0.0, 0.0, 0.0, 0.0, 1.0 ], [ 0.309017, -0.5, 0.809017, 0.0, -0.5, -0.809017, -0.309017, 0.0, 0.809017, -0.309017, -0.5, 0.0, 0.0, 0.0, 0.0, 1.0 ], [ -0.809017, 0.309017, 0.5, 0.0, 0.309017, -0.5, 0.809017, 0.0, 0.5, 0.809017, 0.309017, 0.0, 0.0, 0.0, 0.0, 1.0 ], [ -0.5, -0.809017, 0.309017, 0.0, -0.809017, 0.309017, -0.5, 0.0, 0.309017, -0.5, -0.809017, 0.0, 0.0, 0.0, 0.0, 1.0 ], [ -0.309017, 0.5, 0.809017, 0.0, -0.5, -0.809017, 0.309017, 0.0, 0.809017, -0.309017, 0.5, 0.0, 0.0, 0.0, 0.0, 1.0 ], [ -0.809017, 0.309017, -0.5, 0.0, -0.309017, 0.5, 0.809017, 0.0, 0.5, 0.809017, -0.309017, 0.0, 0.0, 0.0, 0.0, 1.0 ], [ -0.809017, -0.309017, 0.5, 0.0, -0.309017, -0.5, -0.809017, 0.0, 0.5, -0.809017, 0.309017, 0.0, 0.0, 0.0, 0.0, 1.0 ], [ -0.5, 0.809017, -0.309017, 0.0, -0.809017, -0.309017, 0.5, 0.0, 0.309017, 0.5, 0.809017, 0.0, 0.0, 0.0, 0.0, 1.0 ], [ -0.309017, -0.5, -0.809017, 0.0, -0.5, 0.809017, -0.309017, 0.0, 0.809017, 0.309017, -0.5, 0.0, 0.0, 0.0, 0.0, 1.0 ], [ -1.0, 0.0, 0.0, 0.0, 0.0, 1.0, 0.0, 0.0, 0.0, 0.0, -1.0, 0.0, 0.0, 0.0, 0.0, 1.0 ], [ 0.0, 0.0, -1.0, 0.0, 1.0, 0.0, 0.0, 0.0, 0.0, -1.0, 0.0, 0.0, 0.0, 0.0, 0.0, 1.0 ], [ 0.0, -1.0, 0.0, 0.0, 0.0, 0.0, 1.0, 0.0, -1.0, 0.0, 0.0, 0.0, 0.0, 0.0, 0.0, 1.0 ], [ -0.809017, -0.309017, -0.5, 0.0, 0.309017, 0.5, -0.809017, 0.0, 0.5, -0.809017, -0.309017, 0.0, 0.0, 0.0, 0.0, 1.0 ], [ 0.5, -0.809017, -0.309017, 0.0, 0.809017, 0.309017, 0.5, 0.0, -0.309017, -0.5, 0.809017, 0.0, 0.0, 0.0, 0.0, 1.0 ], [ -0.309017, -0.5, 0.809017, 0.0, -0.5, 0.809017, 0.309017, 0.0, -0.809017, -0.309017, -0.5, 0.0, 0.0, 0.0, 0.0, 1.0 ], [ -0.5, -0.809017, -0.309017, 0.0, 0.809017, -0.309017, -0.5, 0.0, 0.309017, -0.5, 0.809017, 0.0, 0.0, 0.0, 0.0, 1.0 ], [ 0.309017, -0.5, 0.809017, 0.0, 0.5, 0.809017, 0.309017, 0.0, -0.809017, 0.309017, 0.5, 0.0, 0.0, 0.0, 0.0, 1.0 ], [ -0.809017, 0.309017, 0.5, 0.0, -0.309017, 0.5, -0.809017, 0.0, -0.5, -0.809017, -0.309017, 0.0, 0.0, 0.0, 0.0, 1.0 ], [ -0.5, -0.809017, 0.309017, 0.0, 0.809017, -0.309017, 0.5, 0.0, -0.309017, 0.5, 0.809017, 0.0, 0.0, 0.0, 0.0, 1.0 ], [ -0.309017, 0.5, 0.809017, 0.0, 0.5, 0.809017, -0.309017, 0.0, -0.809017, 0.309017, -0.5, 0.0, 0.0, 0.0, 0.0, 1.0 ], [ -0.809017, 0.309017, -0.5, 0.0, 0.309017, -0.5, -0.809017, 0.0, -0.5, -0.809017, 0.309017, 0.0, 0.0, 0.0, 0.0, 1.0 ], [ -0.809017, -0.309017, 0.5, 0.0, 0.309017, 0.5, 0.809017, 0.0, -0.5, 0.809017, -0.309017, 0.0, 0.0, 0.0, 0.0, 1.0 ], [ -0.5, 0.809017, -0.309017, 0.0, 0.809017, 0.309017, -0.5, 0.0, -0.309017, -0.5, -0.809017, 0.0, 0.0, 0.0, 0.0, 1.0 ], [ -0.309017, -0.5, -0.809017, 0.0, 0.5, -0.809017, 0.309017, 0.0, -0.809017, -0.309017, 0.5, 0.0, 0.0, 0.0, 0.0, 1.0 ] ],
  "lights" : {
    "ambientColor" : "#292929",
    "backgroundColor" : "#AFC8DC",
    "directionalLights" : [ {
      "direction" : [ 1.0, -1.0, -1.0 ],
      "color" : "#EBEBE4"
    }, {
      "direction" : [ -1.0, 0.0, 0.0 ],
      "color" : "#E4E4EB"
    }, {
      "direction" : [ 0.0, 0.0, -1.0 ],
      "color" : "#1E1E1E"
    } ]
  },
  "camera" : {
    "width" : 459.61005,
    "perspective" : true,
    "fieldOfView" : 0.44263175,
    "lookAtPoint" : {
      "x" : 0.0,
      "y" : 0.0,
      "z" : 0.0
    },
    "upDirection" : {
      "x" : 0.083562136,
      "y" : -0.95480174,
      "z" : 0.28512418
    },
    "stereo" : false,
    "lookDirection" : {
      "x" : -0.9945611,
      "y" : -0.097602636,
      "z" : -0.035386153
    },
    "nearClipDistance" : 2.5534024,
    "farClipDistance" : 2042.7024,
    "viewDistance" : 1021.3489,
    "lookAtPointRV" : {
      "x" : 0.0,
      "y" : 0.0,
      "z" : 0.0,
      "zero" : true
    },
    "lookDirectionRV" : {
      "x" : -0.9945611,
      "y" : -0.097602636,
      "z" : -0.035386153,
      "zero" : false
    },
    "upDirectionRV" : {
      "x" : 0.083562136,
      "y" : -0.95480174,
      "z" : 0.28512418,
      "zero" : false
    },
    "position" : {
      "x" : 1015.7938,
      "y" : 99.68634,
      "z" : 36.141605
    }
  },
  "embedding" : [ 1.0, 0.0, 0.0, 0.0, 0.0, 1.0, 0.0, 0.0, 0.0, 0.0, 1.0, 0.0, 0.0, 0.0, 0.0, 1.0 ],
  "shapes" : [ {
    "id" : "f906d099-29ba-4403-8632-317a7a3c3299",
    "name" : "ball",
    "vertices" : [ {
      "x" : 0.309017,
      "y" : -0.309017,
      "z" : -0.309017
    }, {
      "x" : 0.5,
      "y" : 0.0,
      "z" : -0.19098301
    }, {
      "x" : 0.5,
      "y" : 0.0,
      "z" : 0.19098301
    }, {
      "x" : 0.309017,
      "y" : -0.309017,
      "z" : 0.309017
    }, {
      "x" : 0.19098301,
      "y" : -0.5,
      "z" : 0.0
    }, {
      "x" : 0.0,
      "y" : 0.19098301,
      "z" : 0.5
    }, {
      "x" : 0.0,
      "y" : -0.19098301,
      "z" : 0.5
    }, {
      "x" : 0.309017,
      "y" : 0.309017,
      "z" : 0.309017
    }, {
      "x" : -0.309017,
      "y" : -0.309017,
      "z" : 0.309017
    }, {
      "x" : -0.309017,
      "y" : 0.309017,
      "z" : 0.309017
    }, {
      "x" : -0.5,
      "y" : 0.0,
      "z" : 0.19098301
    }, {
      "x" : 0.0,
      "y" : -0.19098301,
      "z" : -0.5
    }, {
      "x" : 0.0,
      "y" : 0.19098301,
      "z" : -0.5
    }, {
      "x" : 0.309017,
      "y" : 0.309017,
      "z" : -0.309017
    }, {
      "x" : -0.309017,
      "y" : -0.309017,
      "z" : -0.309017
    }, {
      "x" : -0.19098301,
      "y" : -0.5,
      "z" : 0.0
    }, {
      "x" : -0.5,
      "y" : 0.0,
      "z" : -0.19098301
    }, {
      "x" : 0.19098301,
      "y" : 0.5,
      "z" : 0.0
    }, {
      "x" : -0.309017,
      "y" : 0.309017,
      "z" : -0.309017
    }, {
      "x" : 0.0,
      "y" : 0.0,
      "z" : 0.0
    }, {
      "x" : -0.19098301,
      "y" : 0.5,
      "z" : 0.0
    } ],
    "faces" : [ {
      "vertices" : [ 12, 18, 20, 17, 13 ]
    }, {
      "vertices" : [ 3, 6, 8, 15, 4 ]
    }, {
      "vertices" : [ 0, 11, 12, 13, 1 ]
    }, {
      "vertices" : [ 5, 9, 10, 8, 6 ]
    }, {
      "vertices" : [ 2, 7, 5, 6, 3 ]
    }, {
      "vertices" : [ 11, 14, 16, 18, 12 ]
    }, {
      "vertices" : [ 1, 13, 17, 7, 2 ]
    }, {
      "vertices" : [ 9, 20, 18, 16, 10 ]
    }, {
      "vertices" : [ 0, 1, 2, 3, 4 ]
    }, {
      "vertices" : [ 5, 7, 17, 20, 9 ]
    }, {
      "vertices" : [ 0, 4, 15, 14, 11 ]
    }, {
      "vertices" : [ 8, 10, 16, 14, 15 ]
    } ]
  }, {
    "id" : "c33ad5ed-f04b-4ed4-87a7-97f9760c5a8f",
    "vertices" : [ {
      "x" : 0.0,
      "y" : 0.0,
      "z" : 0.0
    }, {
      "x" : -0.38196602,
      "y" : 0.618034,
      "z" : -1.0
    }, {
      "x" : -0.38196602,
      "y" : 7.09017,
      "z" : 15.944272
    }, {
      "x" : 0.0,
      "y" : 6.09017,
      "z" : 15.944272
    } ],
    "faces" : [ {
      "vertices" : [ 0, 1, 2, 3 ]
    }, {
      "vertices" : [ 0, 3, 2, 1 ]
    } ]
  }, {
    "id" : "b8867957-96ff-4efd-9a38-685c1bc94722",
    "orbit" : "yellow",
    "orbitC" : "[[0,0,1],[2,-1,1]]",
    "length" : "[\"5\",\"-3\",\"1\"]",
    "name" : " :5 -3*phi",
    "vertices" : [ {
      "x" : 0.51582605,
      "y" : -0.26666668,
      "z" : -0.033367023
    }, {
      "x" : 0.41582605,
      "y" : 0.13333334,
      "z" : 0.06663298
    }, {
      "x" : 0.48417395,
      "y" : 0.26666668,
      "z" : -0.348599
    }, {
      "x" : 0.5841739,
      "y" : -0.13333334,
      "z" : -0.44859898
    }, {
      "x" : 0.18249273,
      "y" : 0.26666668,
      "z" : -0.23336703
    }, {
      "x" : 0.28249273,
      "y" : -0.13333334,
      "z" : -0.33336702
    }, {
      "x" : 0.81750727,
      "y" : -0.26666668,
      "z" : -0.14859898
    }, {
      "x" : 0.71750724,
      "y" : 0.13333334,
      "z" : -0.04859899
    } ],
    "faces" : [ {
      "vertices" : [ 2, 3, 6, 7 ]
    }, {
      "vertices" : [ 0, 5, 4, 1 ]
    }, {
      "vertices" : [ 2, 4, 5, 3 ]
    }, {
      "vertices" : [ 0, 6, 3, 5 ]
    }, {
      "vertices" : [ 0, 1, 7, 6 ]
    }, {
      "vertices" : [ 1, 4, 2, 7 ]
    } ]
  }, {
    "id" : "2fc31159-91aa-42f5-a205-fa66032c4f9d",
    "vertices" : [ {
      "x" : 0.0,
      "y" : 0.0,
      "z" : 0.0
    }, {
      "x" : -0.3379681,
      "y" : 0.5468439,
      "z" : -0.884812
    }, {
      "x" : -0.3379681,
      "y" : 6.637014,
      "z" : 15.05946
    }, {
      "x" : 0.0,
      "y" : 6.09017,
      "z" : 15.944272
    } ],
    "faces" : [ {
      "vertices" : [ 0, 1, 2, 3 ]
    }, {
      "vertices" : [ 0, 3, 2, 1 ]
    } ]
  }, {
    "id" : "69a586d5-ee7d-4f21-935e-15da08cf612d",
    "orbit" : "yellow",
    "orbitC" : "[[0,0,1],[2,-1,1]]",
    "length" : "[\"1\",\"1\",\"1\"]",
    "name" : "y3",
    "vertices" : [ {
      "x" : 17.944271,
      "y" : 0.0,
      "z" : -6.854102
    }, {
      "x" : 17.635256,
      "y" : 0.0,
      "z" : -6.736068
    }, {
      "x" : 17.230747,
      "y" : -0.1545085,
      "z" : -6.295085
    }, {
      "x" : 17.039762,
      "y" : -0.1545085,
      "z" : -6.795085
    }, {
      "x" : 0.9045085,
      "y" : -0.1545085,
      "z" : -0.059016995
    }, {
      "x" : 0.809017,
      "y" : 0.309017,
      "z" : -0.309017
    }, {
      "x" : 0.309017,
      "y" : 0.0,
      "z" : -0.11803399
    }, {
      "x" : 17.135256,
      "y" : 0.309017,
      "z" : -6.545085
    }, {
      "x" : 0.7135255,
      "y" : -0.1545085,
      "z" : -0.559017
    } ],
    "faces" : [ {
      "vertices" : [ 2, 4, 8, 3 ]
    }, {
      "vertices" : [ 2, 7, 5, 4 ]
    }, {
      "vertices" : [ 4, 6, 8 ]
    }, {
      "vertices" : [ 5, 8, 6 ]
    }, {
      "vertices" : [ 1, 2, 3 ]
    }, {
      "vertices" : [ 3, 8, 5, 7 ]
    }, {
      "vertices" : [ 1, 7, 2 ]
    }, {
      "vertices" : [ 1, 3, 7 ]
    }, {
      "vertices" : [ 4, 5, 6 ]
    } ]
  }, {
    "id" : "4765c2b4-e72b-414f-a10d-4330b454dae5",
    "orbit" : "blue",
    "orbitC" : "[[0,0,1],[0,0,1]]",
    "length" : "[\"5\",\"-3\",\"1\"]",
    "name" : " :5 -3*phi",
    "vertices" : [ {
      "x" : 0.6027346,
      "y" : -0.1,
      "z" : -0.26666668
    }, {
      "x" : 0.50273466,
      "y" : -0.2,
      "z" : 0.13333334
    }, {
      "x" : 0.6333333,
      "y" : 0.1,
      "z" : 0.26666668
    }, {
      "x" : 0.73333335,
      "y" : 0.2,
      "z" : -0.13333334
    }, {
      "x" : 0.2694013,
      "y" : 0.1,
      "z" : 0.26666668
    }, {
      "x" : 0.3694013,
      "y" : 0.2,
      "z" : -0.13333334
    }, {
      "x" : 0.96666664,
      "y" : -0.1,
      "z" : -0.26666668
    }, {
      "x" : 0.8666667,
      "y" : -0.2,
      "z" : 0.13333334
    } ],
    "faces" : [ {
      "vertices" : [ 2, 3, 6, 7 ]
    }, {
      "vertices" : [ 0, 5, 4, 1 ]
    }, {
      "vertices" : [ 2, 4, 5, 3 ]
    }, {
      "vertices" : [ 0, 6, 3, 5 ]
    }, {
      "vertices" : [ 0, 1, 7, 6 ]
    }, {
      "vertices" : [ 1, 4, 2, 7 ]
    } ]
  }, {
    "id" : "4fc87d15-a757-43da-84bd-c812ad022bf9",
    "orbit" : "yellow",
    "orbitC" : "[[0,0,1],[2,-1,1]]",
    "length" : "[\"-4\",\"4\",\"1\"]",
    "name" : " :-4 +4*phi",
    "vertices" : [ {
      "x" : 16.944271,
      "y" : 0.0,
      "z" : -6.472136
    }, {
      "x" : 16.635256,
      "y" : 0.0,
      "z" : -6.354102
    }, {
      "x" : 16.230747,
      "y" : -0.1545085,
      "z" : -5.913119
    }, {
      "x" : 16.039762,
      "y" : -0.1545085,
      "z" : -6.413119
    }, {
      "x" : 0.9045085,
      "y" : -0.1545085,
      "z" : -0.059016995
    }, {
      "x" : 0.809017,
      "y" : 0.309017,
      "z" : -0.309017
    }, {
      "x" : 0.309017,
      "y" : 0.0,
      "z" : -0.11803399
    }, {
      "x" : 16.135256,
      "y" : 0.309017,
      "z" : -6.163119
    }, {
      "x" : 0.7135255,
      "y" : -0.1545085,
      "z" : -0.559017
    } ],
    "faces" : [ {
      "vertices" : [ 2, 4, 8, 3 ]
    }, {
      "vertices" : [ 2, 7, 5, 4 ]
    }, {
      "vertices" : [ 4, 6, 8 ]
    }, {
      "vertices" : [ 5, 8, 6 ]
    }, {
      "vertices" : [ 1, 2, 3 ]
    }, {
      "vertices" : [ 3, 8, 5, 7 ]
    }, {
      "vertices" : [ 1, 7, 2 ]
    }, {
      "vertices" : [ 1, 3, 7 ]
    }, {
      "vertices" : [ 4, 5, 6 ]
    } ]
  }, {
    "id" : "09c48e79-c50f-4965-b10e-8c6cf2267db2",
    "vertices" : [ {
      "x" : 0.0,
      "y" : 0.0,
      "z" : 0.0
    }, {
      "x" : -0.3379681,
      "y" : 0.5468439,
      "z" : -0.884812
    }, {
      "x" : -6.4281383,
      "y" : 16.491116,
      "z" : -0.884812
    }, {
      "x" : -6.09017,
      "y" : 15.944272,
      "z" : 0.0
    } ],
    "faces" : [ {
      "vertices" : [ 0, 1, 2, 3 ]
    }, {
      "vertices" : [ 0, 3, 2, 1 ]
    } ]
  }, {
    "id" : "dc031571-dc16-4155-a782-d28ecdb115b5",
    "vertices" : [ {
      "x" : 0.0,
      "y" : 0.0,
      "z" : 0.0
    }, {
      "x" : -6.09017,
      "y" : 15.944272,
      "z" : 0.0
    }, {
      "x" : -6.09017,
      "y" : 22.034441,
      "z" : 15.944272
    }, {
      "x" : 0.0,
      "y" : 6.09017,
      "z" : 15.944272
    } ],
    "faces" : [ {
      "vertices" : [ 0, 1, 2, 3 ]
    }, {
      "vertices" : [ 0, 3, 2, 1 ]
    } ]
  }, {
    "id" : "b5f4a11b-ff62-4d53-b96d-07e0255b3852",
    "vertices" : [ {
      "x" : 0.0,
      "y" : 0.0,
      "z" : 0.0
    }, {
      "x" : 0.3379681,
      "y" : -0.5468439,
      "z" : 0.884812
    }, {
      "x" : 6.472136,
      "y" : -16.606304,
      "z" : 0.884812
    }, {
      "x" : 6.472136,
      "y" : -16.944271,
      "z" : 0.0
    } ],
    "faces" : [ {
      "vertices" : [ 0, 1, 2, 3 ]
    }, {
      "vertices" : [ 0, 3, 2, 1 ]
    } ]
  }, {
    "id" : "b59295f8-7d72-44d4-80c7-4c6434dfa436",
    "vertices" : [ {
      "x" : 0.0,
      "y" : 0.0,
      "z" : 0.0
    }, {
      "x" : 0.38196602,
      "y" : -0.618034,
      "z" : 1.0
    }, {
      "x" : 6.472136,
      "y" : -16.562305,
      "z" : 1.0
    }, {
      "x" : 6.09017,
      "y" : -15.944272,
      "z" : 0.0
    } ],
    "faces" : [ {
      "vertices" : [ 0, 1, 2, 3 ]
    }, {
      "vertices" : [ 0, 3, 2, 1 ]
    } ]
  }, {
    "id" : "e7dc60f8-edba-4a78-b04a-621bd1f75ff2",
    "vertices" : [ {
      "x" : 0.0,
      "y" : 0.0,
      "z" : 0.0
    }, {
      "x" : 0.0,
      "y" : 0.38196602,
      "z" : 1.0
    }, {
      "x" : 6.472136,
      "y" : -16.562305,
      "z" : 1.0
    }, {
      "x" : 6.09017,
      "y" : -15.944272,
      "z" : 0.0
    } ],
    "faces" : [ {
      "vertices" : [ 0, 1, 2, 3 ]
    }, {
      "vertices" : [ 0, 3, 2, 1 ]
    } ]
  }, {
    "id" : "ae599cc3-a709-4d35-8d1e-62f1ba4251e5",
    "vertices" : [ {
      "x" : 0.0,
      "y" : 0.0,
      "z" : 0.0
    }, {
      "x" : 0.3379681,
      "y" : -0.884812,
      "z" : 0.0
    }, {
      "x" : 0.3379681,
      "y" : -7.01898,
      "z" : -16.05946
    }, {
      "x" : 0.04399789,
      "y" : -6.543326,
      "z" : -16.829084
    }, {
      "x" : 0.0,
      "y" : -6.4281383,
      "z" : -16.829084
    } ],
    "faces" : [ {
      "vertices" : [ 0, 1, 2, 3, 4 ]
    }, {
      "vertices" : [ 0, 4, 3, 2, 1 ]
    } ]
  }, {
    "id" : "49c694da-25b1-4753-ab03-16c06bd61806",
    "vertices" : [ {
      "x" : 0.0,
      "y" : 0.0,
      "z" : 0.0
    }, {
      "x" : 0.0,
      "y" : -6.1341677,
      "z" : -16.05946
    }, {
      "x" : -6.09017,
      "y" : 9.810104,
      "z" : -16.05946
    }, {
      "x" : -6.09017,
      "y" : 9.854102,
      "z" : -15.944272
    } ],
    "faces" : [ {
      "vertices" : [ 0, 1, 2, 3 ]
    }, {
      "vertices" : [ 0, 3, 2, 1 ]
    } ]
  }, {
    "id" : "a70781e8-41a4-4dad-bd7d-5856142206fe",
    "vertices" : [ {
      "x" : 0.0,
      "y" : 0.0,
      "z" : 0.0
    }, {
      "x" : 0.0,
      "y" : -0.38196602,
      "z" : -1.0
    }, {
      "x" : -6.472136,
      "y" : 16.562305,
      "z" : -1.0
    }, {
      "x" : -6.09017,
      "y" : 15.944272,
      "z" : 0.0
    } ],
    "faces" : [ {
      "vertices" : [ 0, 1, 2, 3 ]
    }, {
      "vertices" : [ 0, 3, 2, 1 ]
    } ]
  }, {
    "id" : "649d2cde-b95f-47b4-a7fb-ffb6d59a41f2",
    "vertices" : [ {
      "x" : 0.0,
      "y" : 0.0,
      "z" : 0.0
    }, {
      "x" : -0.04399789,
      "y" : 0.11518797,
      "z" : 0.0
    }, {
      "x" : -0.04399789,
      "y" : 6.205358,
      "z" : 15.944272
    }, {
      "x" : 6.09017,
      "y" : -9.854102,
      "z" : 15.944272
    } ],
    "faces" : [ {
      "vertices" : [ 0, 1, 2, 3 ]
    }, {
      "vertices" : [ 0, 3, 2, 1 ]
    } ]
  }, {
    "id" : "94d686ae-b357-4293-95fb-8cd1d113b551",
    "vertices" : [ {
      "x" : 0.0,
      "y" : 0.0,
      "z" : 0.0
    }, {
      "x" : -0.3379681,
      "y" : 0.5468439,
      "z" : -0.884812
    }, {
      "x" : -0.3379681,
      "y" : 7.01898,
      "z" : 16.05946
    }, {
      "x" : 0.0,
      "y" : 6.1341677,
      "z" : 16.05946
    } ],
    "faces" : [ {
      "vertices" : [ 0, 1, 2, 3 ]
    }, {
      "vertices" : [ 0, 3, 2, 1 ]
    } ]
  }, {
    "id" : "458b9130-b9fc-459c-81cd-fb2b746a2489",
    "vertices" : [ {
      "x" : 0.0,
      "y" : 0.0,
      "z" : 0.0
    }, {
      "x" : -0.38196602,
      "y" : 1.0,
      "z" : 0.0
    }, {
      "x" : -0.38196602,
      "y" : 7.09017,
      "z" : 15.944272
    }, {
      "x" : -0.04399789,
      "y" : 6.543326,
      "z" : 16.829084
    }, {
      "x" : 0.0,
      "y" : 6.4281383,
      "z" : 16.829084
    } ],
    "faces" : [ {
      "vertices" : [ 0, 1, 2, 3, 4 ]
    }, {
      "vertices" : [ 0, 4, 3, 2, 1 ]
    } ]
  }, {
    "id" : "b8f66db0-44a2-40ea-acf3-d6f40b45c600",
    "vertices" : [ {
      "x" : 0.0,
      "y" : 0.0,
      "z" : 0.0
    }, {
      "x" : 0.3379681,
      "y" : -0.884812,
      "z" : 0.0
    }, {
      "x" : 0.3379681,
      "y" : -7.01898,
      "z" : -16.05946
    }, {
      "x" : 0.0,
      "y" : -6.472136,
      "z" : -16.944271
    } ],
    "faces" : [ {
      "vertices" : [ 0, 1, 2, 3 ]
    }, {
      "vertices" : [ 0, 3, 2, 1 ]
    } ]
  }, {
    "id" : "dc017709-c24c-4955-8d40-8ecd0474dc60",
    "vertices" : [ {
      "x" : 0.0,
      "y" : 0.0,
      "z" : 0.0
    }, {
      "x" : 0.0,
      "y" : 0.04399789,
      "z" : 0.11518797
    }, {
      "x" : 6.09017,
      "y" : -9.810104,
      "z" : 16.05946
    }, {
      "x" : 6.09017,
      "y" : -15.944272,
      "z" : 0.0
    } ],
    "faces" : [ {
      "vertices" : [ 0, 1, 2, 3 ]
    }, {
      "vertices" : [ 0, 3, 2, 1 ]
    } ]
  }, {
    "id" : "4cb57392-176c-44b8-bc89-07771569e865",
    "vertices" : [ {
      "x" : 0.0,
      "y" : 0.0,
      "z" : 0.0
    }, {
      "x" : 0.0,
      "y" : 0.04399789,
      "z" : 0.11518797
    }, {
      "x" : 0.3379681,
      "y" : -0.502846,
      "z" : 1.0
    }, {
      "x" : 6.4281383,
      "y" : -16.447119,
      "z" : 1.0
    }, {
      "x" : 6.4281383,
      "y" : -16.829084,
      "z" : 0.0
    } ],
    "faces" : [ {
      "vertices" : [ 0, 1, 2, 3, 4 ]
    }, {
      "vertices" : [ 0, 4, 3, 2, 1 ]
    } ]
  }, {
    "id" : "f396033f-0524-4d5a-896e-ced81f5c7ebd",
    "vertices" : [ {
      "x" : 0.0,
      "y" : 0.0,
      "z" : 0.0
    }, {
      "x" : 0.0,
      "y" : -0.3379681,
      "z" : -0.884812
    }, {
      "x" : -6.472136,
      "y" : 16.606304,
      "z" : -0.884812
    }, {
      "x" : -6.1341677,
      "y" : 16.05946,
      "z" : 0.0
    } ],
    "faces" : [ {
      "vertices" : [ 0, 1, 2, 3 ]
    }, {
      "vertices" : [ 0, 3, 2, 1 ]
    } ]
  }, {
    "id" : "cda65477-423f-4fca-a1f0-3683e8a31187",
    "vertices" : [ {
      "x" : 0.0,
      "y" : 0.0,
      "z" : 0.0
    }, {
      "x" : 0.38196602,
      "y" : -0.618034,
      "z" : 1.0
    }, {
      "x" : 0.38196602,
      "y" : -7.09017,
      "z" : -15.944272
    }, {
      "x" : 0.0,
      "y" : -6.09017,
      "z" : -15.944272
    } ],
    "faces" : [ {
      "vertices" : [ 0, 1, 2, 3 ]
    }, {
      "vertices" : [ 0, 3, 2, 1 ]
    } ]
  }, {
    "id" : "30132a25-655a-4d22-9f9e-e2d78388f085",
    "vertices" : [ {
      "x" : 0.0,
      "y" : 0.0,
      "z" : 0.0
    }, {
      "x" : -0.04399789,
      "y" : 0.11518797,
      "z" : 0.0
    }, {
      "x" : -0.04399789,
      "y" : 6.543326,
      "z" : 16.829084
    }, {
      "x" : 0.29397023,
      "y" : 5.658514,
      "z" : 16.829084
    }, {
      "x" : 0.29397023,
      "y" : -0.47565383,
      "z" : 0.76962405
    } ],
    "faces" : [ {
      "vertices" : [ 0, 1, 2, 3, 4 ]
    }, {
      "vertices" : [ 0, 4, 3, 2, 1 ]
    } ]
  }, {
    "id" : "e4e69da9-c823-42f4-b38b-b79391629f26",
    "vertices" : [ {
      "x" : 0.0,
      "y" : 0.0,
      "z" : 0.0
    }, {
      "x" : 0.0,
      "y" : 6.09017,
      "z" : 15.944272
    }, {
      "x" : 0.38196602,
      "y" : 5.472136,
      "z" : 16.944271
    }, {
      "x" : 0.38196602,
      "y" : -0.618034,
      "z" : 1.0
    } ],
    "faces" : [ {
      "vertices" : [ 0, 1, 2, 3 ]
    }, {
      "vertices" : [ 0, 3, 2, 1 ]
    } ]
  }, {
    "id" : "02e0e36d-8b40-4ccd-9719-c4af2b7d8424",
    "vertices" : [ {
      "x" : 0.0,
      "y" : 0.0,
      "z" : 0.0
    }, {
      "x" : 0.0,
      "y" : -0.04399789,
      "z" : -0.11518797
    }, {
      "x" : -0.3379681,
      "y" : 0.502846,
      "z" : -1.0
    }, {
      "x" : -6.4281383,
      "y" : 16.447119,
      "z" : -1.0
    }, {
      "x" : -6.4281383,
      "y" : 16.829084,
      "z" : 0.0
    } ],
    "faces" : [ {
      "vertices" : [ 0, 1, 2, 3, 4 ]
    }, {
      "vertices" : [ 0, 4, 3, 2, 1 ]
    } ]
  }, {
    "id" : "c2377470-8345-40d3-b0b5-80186bb86c09",
    "vertices" : [ {
      "x" : 0.0,
      "y" : 0.0,
      "z" : 0.0
    }, {
      "x" : 0.3379681,
      "y" : -0.5468439,
      "z" : 0.884812
    }, {
      "x" : 0.3379681,
      "y" : -6.637014,
      "z" : -15.05946
    }, {
      "x" : 0.0,
      "y" : -6.09017,
      "z" : -15.944272
    } ],
    "faces" : [ {
      "vertices" : [ 0, 1, 2, 3 ]
    }, {
      "vertices" : [ 0, 3, 2, 1 ]
    } ]
  }, {
    "id" : "1e7bd976-e649-45af-96ce-4f6a7cc61881",
    "vertices" : [ {
      "x" : 0.0,
      "y" : 0.0,
      "z" : 0.0
    }, {
      "x" : 0.0,
      "y" : 0.3379681,
      "z" : 0.884812
    }, {
      "x" : 6.472136,
      "y" : -16.606304,
      "z" : 0.884812
    }, {
      "x" : 6.1341677,
      "y" : -16.05946,
      "z" : 0.0
    } ],
    "faces" : [ {
      "vertices" : [ 0, 1, 2, 3 ]
    }, {
      "vertices" : [ 0, 3, 2, 1 ]
    } ]
  }, {
    "id" : "55c339cb-604c-4f11-a890-4d9329a5ce63",
    "vertices" : [ {
      "x" : 0.0,
      "y" : 0.0,
      "z" : 0.0
    }, {
      "x" : 0.3379681,
      "y" : -0.5468439,
      "z" : 0.884812
    }, {
      "x" : 0.3379681,
      "y" : -7.01898,
      "z" : -16.05946
    }, {
      "x" : 0.0,
      "y" : -6.1341677,
      "z" : -16.05946
    } ],
    "faces" : [ {
      "vertices" : [ 0, 1, 2, 3 ]
    }, {
      "vertices" : [ 0, 3, 2, 1 ]
    } ]
  }, {
    "id" : "448308ef-e020-4932-94fd-9493cf9c31f9",
    "vertices" : [ {
      "x" : 0.0,
      "y" : 0.0,
      "z" : 0.0
    }, {
      "x" : 0.0,
      "y" : -0.3379681,
      "z" : -0.884812
    }, {
      "x" : -6.4281383,
      "y" : 16.491116,
      "z" : -0.884812
    }, {
      "x" : -6.4281383,
      "y" : 16.535114,
      "z" : -0.76962405
    }, {
      "x" : -6.1341677,
      "y" : 16.05946,
      "z" : 0.0
    } ],
    "faces" : [ {
      "vertices" : [ 0, 1, 2, 3, 4 ]
    }, {
      "vertices" : [ 0, 4, 3, 2, 1 ]
    } ]
  }, {
    "id" : "4ee34783-6cae-4d73-88d5-095ccd921b73",
    "vertices" : [ {
      "x" : 0.0,
      "y" : 0.0,
      "z" : 0.0
    }, {
      "x" : -6.472136,
      "y" : 16.944271,
      "z" : 0.0
    }, {
      "x" : -6.1341677,
      "y" : 16.397429,
      "z" : 0.884812
    }, {
      "x" : 0.0,
      "y" : 0.3379681,
      "z" : 0.884812
    } ],
    "faces" : [ {
      "vertices" : [ 0, 1, 2, 3 ]
    }, {
      "vertices" : [ 0, 3, 2, 1 ]
    } ]
  }, {
    "id" : "c18f24d6-d168-4e43-a221-2a433ef7102b",
    "vertices" : [ {
      "x" : 0.0,
      "y" : 0.0,
      "z" : 0.0
    }, {
      "x" : -0.3379681,
      "y" : 0.5468439,
      "z" : -0.884812
    }, {
      "x" : -0.38196602,
      "y" : 0.6620319,
      "z" : -0.884812
    }, {
      "x" : -0.38196602,
      "y" : 7.09017,
      "z" : 15.944272
    }, {
      "x" : 0.0,
      "y" : 6.09017,
      "z" : 15.944272
    } ],
    "faces" : [ {
      "vertices" : [ 0, 1, 2, 3, 4 ]
    }, {
      "vertices" : [ 0, 4, 3, 2, 1 ]
    } ]
  }, {
    "id" : "f9cb4410-fef1-4ceb-ba27-83746d11d995",
    "vertices" : [ {
      "x" : 0.0,
      "y" : 0.0,
      "z" : 0.0
    }, {
      "x" : 0.3379681,
      "y" : -0.5468439,
      "z" : 0.884812
    }, {
      "x" : 6.4281383,
      "y" : -16.491116,
      "z" : 0.884812
    }, {
      "x" : 6.09017,
      "y" : -15.944272,
      "z" : 0.0
    } ],
    "faces" : [ {
      "vertices" : [ 0, 1, 2, 3 ]
    }, {
      "vertices" : [ 0, 3, 2, 1 ]
    } ]
  }, {
    "id" : "06f573f9-0f9a-4d8d-ad96-6ecca03c6dc2",
    "vertices" : [ {
      "x" : 0.0,
      "y" : 0.0,
      "z" : 0.0
    }, {
      "x" : 0.3379681,
      "y" : -0.5468439,
      "z" : 0.884812
    }, {
      "x" : 0.38196602,
      "y" : -0.6620319,
      "z" : 0.884812
    }, {
      "x" : 0.38196602,
      "y" : -7.09017,
      "z" : -15.944272
    }, {
      "x" : 0.0,
      "y" : -6.09017,
      "z" : -15.944272
    } ],
    "faces" : [ {
      "vertices" : [ 0, 1, 2, 3, 4 ]
    }, {
      "vertices" : [ 0, 4, 3, 2, 1 ]
    } ]
  }, {
    "id" : "b174c0cb-2010-4c3d-b343-0d46171cd576",
    "vertices" : [ {
      "x" : 0.0,
      "y" : 0.0,
      "z" : 0.0
    }, {
      "x" : -0.29397023,
      "y" : 0.47565383,
      "z" : -0.76962405
    }, {
      "x" : -0.29397023,
      "y" : 6.5658236,
      "z" : 15.174648
    }, {
      "x" : 0.0,
      "y" : 6.09017,
      "z" : 15.944272
    } ],
    "faces" : [ {
      "vertices" : [ 0, 1, 2, 3 ]
    }, {
      "vertices" : [ 0, 3, 2, 1 ]
    } ]
  }, {
    "id" : "8360e9ab-6216-4ed5-9941-54b34bc06e34",
    "vertices" : [ {
      "x" : 0.0,
      "y" : 0.0,
      "z" : 0.0
    }, {
      "x" : 0.0,
      "y" : 0.38196602,
      "z" : 1.0
    }, {
      "x" : 6.4281383,
      "y" : -16.447119,
      "z" : 1.0
    }, {
      "x" : 6.4281383,
      "y" : -16.491116,
      "z" : 0.884812
    }, {
      "x" : 6.09017,
      "y" : -15.944272,
      "z" : 0.0
    } ],
    "faces" : [ {
      "vertices" : [ 0, 1, 2, 3, 4 ]
    }, {
      "vertices" : [ 0, 4, 3, 2, 1 ]
    } ]
  }, {
    "id" : "c7bbf296-e06f-4ba7-92e1-1995b4e4e9fa",
    "vertices" : [ {
      "x" : 0.0,
      "y" : 0.0,
      "z" : 0.0
    }, {
      "x" : 0.0,
      "y" : 6.1341677,
      "z" : 16.05946
    }, {
      "x" : 6.09017,
      "y" : -9.810104,
      "z" : 16.05946
    }, {
      "x" : 6.09017,
      "y" : -9.854102,
      "z" : 15.944272
    } ],
    "faces" : [ {
      "vertices" : [ 0, 1, 2, 3 ]
    }, {
      "vertices" : [ 0, 3, 2, 1 ]
    } ]
  }, {
    "id" : "4998069f-d2ad-42b8-8338-9a50835cdcfa",
    "vertices" : [ {
      "x" : 0.0,
      "y" : 0.0,
      "z" : 0.0
    }, {
      "x" : 0.29397023,
      "y" : -0.47565383,
      "z" : 0.76962405
    }, {
      "x" : 6.38414,
      "y" : -16.419926,
      "z" : 0.76962405
    }, {
      "x" : 6.09017,
      "y" : -15.944272,
      "z" : 0.0
    } ],
    "faces" : [ {
      "vertices" : [ 0, 1, 2, 3 ]
    }, {
      "vertices" : [ 0, 3, 2, 1 ]
    } ]
  }, {
    "id" : "1628fe7d-4252-4783-90d6-3ddf96f2b49a",
    "vertices" : [ {
      "x" : 0.0,
      "y" : 0.0,
      "z" : 0.0
    }, {
      "x" : 0.04399789,
      "y" : -0.11518797,
      "z" : 0.0
    }, {
      "x" : 0.04399789,
      "y" : -6.543326,
      "z" : -16.829084
    }, {
      "x" : -0.3379681,
      "y" : -5.543326,
      "z" : -16.829084
    }, {
      "x" : -0.3379681,
      "y" : 0.5468439,
      "z" : -0.884812
    } ],
    "faces" : [ {
      "vertices" : [ 0, 1, 2, 3, 4 ]
    }, {
      "vertices" : [ 0, 4, 3, 2, 1 ]
    } ]
  }, {
    "id" : "3b550ae6-f68e-481e-a2b7-a3c31024f574",
    "vertices" : [ {
      "x" : 0.0,
      "y" : 0.0,
      "z" : 0.0
    }, {
      "x" : 6.09017,
      "y" : -15.944272,
      "z" : 0.0
    }, {
      "x" : 6.09017,
      "y" : -22.034441,
      "z" : -15.944272
    }, {
      "x" : 0.0,
      "y" : -6.09017,
      "z" : -15.944272
    } ],
    "faces" : [ {
      "vertices" : [ 0, 1, 2, 3 ]
    }, {
      "vertices" : [ 0, 3, 2, 1 ]
    } ]
  }, {
    "id" : "9947c773-39f3-47d9-9ca9-f89c9c547a3a",
    "vertices" : [ {
      "x" : 0.0,
      "y" : 0.0,
      "z" : 0.0
    }, {
      "x" : 0.04399789,
      "y" : -6.205358,
      "z" : -15.944272
    }, {
      "x" : 0.0,
      "y" : -6.09017,
      "z" : -15.944272
    } ],
    "faces" : [ {
      "vertices" : [ 0, 1, 2 ]
    }, {
      "vertices" : [ 0, 2, 1 ]
    } ]
  }, {
    "id" : "2c54ff45-881a-4afd-9e55-21b0fea6d5fb",
    "vertices" : [ {
      "x" : 0.0,
      "y" : 0.0,
      "z" : 0.0
    }, {
      "x" : 0.04399789,
      "y" : -0.11518797,
      "z" : 0.0
    }, {
      "x" : 0.04399789,
      "y" : -6.205358,
      "z" : -15.944272
    }, {
      "x" : -6.09017,
      "y" : 9.854102,
      "z" : -15.944272
    } ],
    "faces" : [ {
      "vertices" : [ 0, 1, 2, 3 ]
    }, {
      "vertices" : [ 0, 3, 2, 1 ]
    } ]
  }, {
    "id" : "193a159d-3709-4b89-907b-f365f8326666",
    "orbit" : "blue",
    "orbitC" : "[[0,0,1],[0,0,1]]",
    "length" : "[\"-41373\",\"25570\",\"1\"]",
    "name" : " :-41373 +25570*phi",
    "vertices" : [ {
      "x" : 0.46035448,
      "y" : -0.1,
      "z" : -0.26666668
    }, {
      "x" : 0.36035448,
      "y" : -0.2,
      "z" : 0.13333334
    }, {
      "x" : 0.6333333,
      "y" : 0.1,
      "z" : 0.26666668
    }, {
      "x" : 0.73333335,
      "y" : 0.2,
      "z" : -0.13333334
    }, {
      "x" : 0.12702115,
      "y" : 0.1,
      "z" : 0.26666668
    }, {
      "x" : 0.22702114,
      "y" : 0.2,
      "z" : -0.13333334
    }, {
      "x" : 0.96666664,
      "y" : -0.1,
      "z" : -0.26666668
    }, {
      "x" : 0.8666667,
      "y" : -0.2,
      "z" : 0.13333334
    } ],
    "faces" : [ {
      "vertices" : [ 2, 3, 6, 7 ]
    }, {
      "vertices" : [ 0, 5, 4, 1 ]
    }, {
      "vertices" : [ 2, 4, 5, 3 ]
    }, {
      "vertices" : [ 0, 6, 3, 5 ]
    }, {
      "vertices" : [ 0, 1, 7, 6 ]
    }, {
      "vertices" : [ 1, 4, 2, 7 ]
    } ]
  }, {
    "id" : "05bf2b7e-8221-4b40-ba81-60e193d0a77f",
    "vertices" : [ {
      "x" : 0.0,
      "y" : 0.0,
      "z" : 0.0
    }, {
      "x" : 0.29397023,
      "y" : -0.47565383,
      "z" : 0.76962405
    }, {
      "x" : 0.3379681,
      "y" : -0.59084177,
      "z" : 0.76962405
    }, {
      "x" : 0.3379681,
      "y" : -7.01898,
      "z" : -16.05946
    }, {
      "x" : 0.0,
      "y" : -6.1341677,
      "z" : -16.05946
    } ],
    "faces" : [ {
      "vertices" : [ 0, 1, 2, 3, 4 ]
    }, {
      "vertices" : [ 0, 4, 3, 2, 1 ]
    } ]
  }, {
    "id" : "e26ada71-fbd9-4c4d-9c43-e5b0a31f30d2",
    "vertices" : [ {
      "x" : 0.0,
      "y" : 0.0,
      "z" : 0.0
    }, {
      "x" : 0.0,
      "y" : -0.04399789,
      "z" : -0.11518797
    }, {
      "x" : -0.29397023,
      "y" : 0.43165594,
      "z" : -0.884812
    }, {
      "x" : -6.4281383,
      "y" : 16.491116,
      "z" : -0.884812
    }, {
      "x" : -6.4281383,
      "y" : 16.829084,
      "z" : 0.0
    } ],
    "faces" : [ {
      "vertices" : [ 0, 1, 2, 3, 4 ]
    }, {
      "vertices" : [ 0, 4, 3, 2, 1 ]
    } ]
  }, {
    "id" : "b176fda4-c7b3-46bc-9dc0-a59bca879685",
    "vertices" : [ {
      "x" : 0.0,
      "y" : 0.0,
      "z" : 0.0
    }, {
      "x" : -0.29397023,
      "y" : 0.47565383,
      "z" : -0.76962405
    }, {
      "x" : -6.38414,
      "y" : 16.419926,
      "z" : -0.76962405
    }, {
      "x" : -6.09017,
      "y" : 15.944272,
      "z" : 0.0
    } ],
    "faces" : [ {
      "vertices" : [ 0, 1, 2, 3 ]
    }, {
      "vertices" : [ 0, 3, 2, 1 ]
    } ]
  }, {
    "id" : "22c97c1f-f663-47ee-a1ca-bd8b96bc0885",
    "vertices" : [ {
      "x" : 0.0,
      "y" : 0.0,
      "z" : 0.0
    }, {
      "x" : -0.3379681,
      "y" : 0.5468439,
      "z" : -0.884812
    }, {
      "x" : -6.472136,
      "y" : 16.606304,
      "z" : -0.884812
    }, {
      "x" : -6.472136,
      "y" : 16.944271,
      "z" : 0.0
    } ],
    "faces" : [ {
      "vertices" : [ 0, 1, 2, 3 ]
    }, {
      "vertices" : [ 0, 3, 2, 1 ]
    } ]
  }, {
    "id" : "bbe68d05-3c36-4de0-934a-3c9a311ec093",
    "vertices" : [ {
      "x" : 0.0,
      "y" : 0.0,
      "z" : 0.0
    }, {
      "x" : 6.1341677,
      "y" : -16.05946,
      "z" : 0.0
    }, {
      "x" : 0.04399789,
      "y" : -6.205358,
      "z" : -15.944272
    }, {
      "x" : 0.0,
      "y" : -6.09017,
      "z" : -15.944272
    } ],
    "faces" : [ {
      "vertices" : [ 0, 1, 2, 3 ]
    }, {
      "vertices" : [ 0, 3, 2, 1 ]
    } ]
  }, {
    "id" : "25ef2d30-0a14-48bd-b1e6-f5a103a14f0f",
    "vertices" : [ {
      "x" : 0.0,
      "y" : 0.0,
      "z" : 0.0
    }, {
      "x" : 6.1341677,
      "y" : -16.05946,
      "z" : 0.0
    }, {
      "x" : 6.1341677,
      "y" : -22.193628,
      "z" : -16.05946
    }, {
      "x" : 0.04399789,
      "y" : -6.249356,
      "z" : -16.05946
    }, {
      "x" : 0.04399789,
      "y" : -6.205358,
      "z" : -15.944272
    } ],
    "faces" : [ {
      "vertices" : [ 0, 1, 2, 3, 4 ]
    }, {
      "vertices" : [ 0, 4, 3, 2, 1 ]
    } ]
  }, {
    "id" : "5e6b012c-84b7-4550-9beb-899a9a949098",
    "orbit" : "22",
    "orbitC" : "[[7,-4,15],[1,0,3]]",
    "length" : "[\"1\",\"1\",\"1\"]",
    "name" : "long",
    "vertices" : [ {
      "x" : 9.223914,
      "y" : -10.847717,
      "z" : -10.58105
    }, {
      "x" : 9.623915,
      "y" : -10.747717,
      "z" : -10.4810505
    }, {
      "x" : 0.6301875,
      "y" : -0.24245311,
      "z" : -0.5091198
    }, {
      "x" : 0.23018752,
      "y" : -0.34245312,
      "z" : -0.6091198
    }, {
      "x" : 9.757248,
      "y" : -10.514383,
      "z" : -10.78105
    }, {
      "x" : 9.357247,
      "y" : -10.614384,
      "z" : -10.88105
    }, {
      "x" : 0.09685419,
      "y" : -0.5757865,
      "z" : -0.3091198
    }, {
      "x" : 0.4968542,
      "y" : -0.47578645,
      "z" : -0.20911978
    } ],
    "faces" : [ {
      "vertices" : [ 2, 3, 6, 7 ]
    }, {
      "vertices" : [ 0, 5, 4, 1 ]
    }, {
      "vertices" : [ 2, 4, 5, 3 ]
    }, {
      "vertices" : [ 0, 6, 3, 5 ]
    }, {
      "vertices" : [ 0, 1, 7, 6 ]
    }, {
      "vertices" : [ 1, 4, 2, 7 ]
    } ]
  }, {
    "id" : "fd5c8d5f-a037-4324-ba65-c4c69deecd43",
    "vertices" : [ {
      "x" : 0.0,
      "y" : 0.0,
      "z" : 0.0
    }, {
      "x" : -0.04399789,
      "y" : 0.07119008,
      "z" : -0.11518797
    }, {
      "x" : -0.04399789,
      "y" : 6.205358,
      "z" : 15.944272
    } ],
    "faces" : [ {
      "vertices" : [ 0, 1, 2 ]
    }, {
      "vertices" : [ 0, 2, 1 ]
    } ]
  }, {
    "id" : "bb54f076-6c95-4da5-a2d9-103cfa7ec87a",
    "vertices" : [ {
      "x" : 0.0,
      "y" : 0.0,
      "z" : 0.0
    }, {
      "x" : 0.38196602,
      "y" : -0.9560021,
      "z" : 0.11518797
    }, {
      "x" : 0.38196602,
      "y" : -7.046172,
      "z" : -15.829084
    }, {
      "x" : 0.0,
      "y" : -6.4281383,
      "z" : -16.829084
    } ],
    "faces" : [ {
      "vertices" : [ 0, 1, 2, 3 ]
    }, {
      "vertices" : [ 0, 3, 2, 1 ]
    } ]
  }, {
    "id" : "01e26178-9253-46b6-bdcb-c975f97a3706",
    "vertices" : [ {
      "x" : 0.0,
      "y" : 0.0,
      "z" : 0.0
    }, {
      "x" : 0.38196602,
      "y" : -0.618034,
      "z" : 1.0
    }, {
      "x" : 6.472136,
      "y" : -16.562305,
      "z" : 1.0
    }, {
      "x" : 6.472136,
      "y" : -16.900274,
      "z" : 0.11518797
    }, {
      "x" : 6.4281383,
      "y" : -16.829084,
      "z" : 0.0
    } ],
    "faces" : [ {
      "vertices" : [ 0, 1, 2, 3, 4 ]
    }, {
      "vertices" : [ 0, 4, 3, 2, 1 ]
    } ]
  }, {
    "id" : "b463040e-7291-4e2a-9f73-b339d24d5483",
    "vertices" : [ {
      "x" : 0.0,
      "y" : 0.0,
      "z" : 0.0
    }, {
      "x" : 0.0,
      "y" : 6.09017,
      "z" : 15.944272
    }, {
      "x" : 6.09017,
      "y" : -9.854102,
      "z" : 15.944272
    }, {
      "x" : 6.09017,
      "y" : -15.944272,
      "z" : 0.0
    } ],
    "faces" : [ {
