{
  "field" : "golden",
  "symmetry" : "icosahedral",
  "orientations" : [ [ 1.0, 0.0, 0.0, 0.0, 0.0, 1.0, 0.0, 0.0, 0.0, 0.0, 1.0, 0.0, 0.0, 0.0, 0.0, 1.0 ], [ 0.0, 0.0, 1.0, 0.0, 1.0, 0.0, 0.0, 0.0, 0.0, 1.0, 0.0, 0.0, 0.0, 0.0, 0.0, 1.0 ], [ 0.0, 1.0, 0.0, 0.0, 0.0, 0.0, 1.0, 0.0, 1.0, 0.0, 0.0, 0.0, 0.0, 0.0, 0.0, 1.0 ], [ 0.809017, 0.309017, 0.5, 0.0, 0.309017, 0.5, -0.809017, 0.0, -0.5, 0.809017, 0.309017, 0.0, 0.0, 0.0, 0.0, 1.0 ], [ -0.5, 0.809017, 0.309017, 0.0, 0.809017, 0.309017, 0.5, 0.0, 0.309017, 0.5, -0.809017, 0.0, 0.0, 0.0, 0.0, 1.0 ], [ 0.309017, 0.5, -0.809017, 0.0, -0.5, 0.809017, 0.309017, 0.0, 0.809017, 0.309017, 0.5, 0.0, 0.0, 0.0, 0.0, 1.0 ], [ 0.5, 0.809017, 0.309017, 0.0, 0.809017, -0.309017, -0.5, 0.0, -0.309017, 0.5, -0.809017, 0.0, 0.0, 0.0, 0.0, 1.0 ], [ -0.309017, 0.5, -0.809017, 0.0, 0.5, 0.809017, 0.309017, 0.0, 0.809017, -0.309017, -0.5, 0.0, 0.0, 0.0, 0.0, 1.0 ], [ 0.809017, -0.309017, -0.5, 0.0, -0.309017, 0.5, -0.809017, 0.0, 0.5, 0.809017, 0.309017, 0.0, 0.0, 0.0, 0.0, 1.0 ], [ 0.5, 0.809017, -0.309017, 0.0, 0.809017, -0.309017, 0.5, 0.0, 0.309017, -0.5, -0.809017, 0.0, 0.0, 0.0, 0.0, 1.0 ], [ 0.309017, -0.5, -0.809017, 0.0, 0.5, 0.809017, -0.309017, 0.0, 0.809017, -0.309017, 0.5, 0.0, 0.0, 0.0, 0.0, 1.0 ], [ 0.809017, -0.309017, 0.5, 0.0, 0.309017, -0.5, -0.809017, 0.0, 0.5, 0.809017, -0.309017, 0.0, 0.0, 0.0, 0.0, 1.0 ], [ 0.809017, 0.309017, -0.5, 0.0, 0.309017, 0.5, 0.809017, 0.0, 0.5, -0.809017, 0.309017, 0.0, 0.0, 0.0, 0.0, 1.0 ], [ 0.5, -0.809017, 0.309017, 0.0, 0.809017, 0.309017, -0.5, 0.0, 0.309017, 0.5, 0.809017, 0.0, 0.0, 0.0, 0.0, 1.0 ], [ 0.309017, 0.5, 0.809017, 0.0, 0.5, -0.809017, 0.309017, 0.0, 0.809017, 0.309017, -0.5, 0.0, 0.0, 0.0, 0.0, 1.0 ], [ 1.0, 0.0, 0.0, 0.0, 0.0, -1.0, 0.0, 0.0, 0.0, 0.0, -1.0, 0.0, 0.0, 0.0, 0.0, 1.0 ], [ 0.0, 0.0, 1.0, 0.0, -1.0, 0.0, 0.0, 0.0, 0.0, -1.0, 0.0, 0.0, 0.0, 0.0, 0.0, 1.0 ], [ 0.0, 1.0, 0.0, 0.0, 0.0, 0.0, -1.0, 0.0, -1.0, 0.0, 0.0, 0.0, 0.0, 0.0, 0.0, 1.0 ], [ 0.809017, 0.309017, 0.5, 0.0, -0.309017, -0.5, 0.809017, 0.0, 0.5, -0.809017, -0.309017, 0.0, 0.0, 0.0, 0.0, 1.0 ], [ -0.5, 0.809017, 0.309017, 0.0, -0.809017, -0.309017, -0.5, 0.0, -0.309017, -0.5, 0.809017, 0.0, 0.0, 0.0, 0.0, 1.0 ], [ 0.309017, 0.5, -0.809017, 0.0, 0.5, -0.809017, -0.309017, 0.0, -0.809017, -0.309017, -0.5, 0.0, 0.0, 0.0, 0.0, 1.0 ], [ 0.5, 0.809017, 0.309017, 0.0, -0.809017, 0.309017, 0.5, 0.0, 0.309017, -0.5, 0.809017, 0.0, 0.0, 0.0, 0.0, 1.0 ], [ -0.309017, 0.5, -0.809017, 0.0, -0.5, -0.809017, -0.309017, 0.0, -0.809017, 0.309017, 0.5, 0.0, 0.0, 0.0, 0.0, 1.0 ], [ 0.809017, -0.309017, -0.5, 0.0, 0.309017, -0.5, 0.809017, 0.0, -0.5, -0.809017, -0.309017, 0.0, 0.0, 0.0, 0.0, 1.0 ], [ 0.5, 0.809017, -0.309017, 0.0, -0.809017, 0.309017, -0.5, 0.0, -0.309017, 0.5, 0.809017, 0.0, 0.0, 0.0, 0.0, 1.0 ], [ 0.309017, -0.5, -0.809017, 0.0, -0.5, -0.809017, 0.309017, 0.0, -0.809017, 0.309017, -0.5, 0.0, 0.0, 0.0, 0.0, 1.0 ], [ 0.809017, -0.309017, 0.5, 0.0, -0.309017, 0.5, 0.809017, 0.0, -0.5, -0.809017, 0.309017, 0.0, 0.0, 0.0, 0.0, 1.0 ], [ 0.809017, 0.309017, -0.5, 0.0, -0.309017, -0.5, -0.809017, 0.0, -0.5, 0.809017, -0.309017, 0.0, 0.0, 0.0, 0.0, 1.0 ], [ 0.5, -0.809017, 0.309017, 0.0, -0.809017, -0.309017, 0.5, 0.0, -0.309017, -0.5, -0.809017, 0.0, 0.0, 0.0, 0.0, 1.0 ], [ 0.309017, 0.5, 0.809017, 0.0, -0.5, 0.809017, -0.309017, 0.0, -0.809017, -0.309017, 0.5, 0.0, 0.0, 0.0, 0.0, 1.0 ], [ -1.0, 0.0, 0.0, 0.0, 0.0, -1.0, 0.0, 0.0, 0.0, 0.0, 1.0, 0.0, 0.0, 0.0, 0.0, 1.0 ], [ 0.0, 0.0, -1.0, 0.0, -1.0, 0.0, 0.0, 0.0, 0.0, 1.0, 0.0, 0.0, 0.0, 0.0, 0.0, 1.0 ], [ 0.0, -1.0, 0.0, 0.0, 0.0, 0.0, -1.0, 0.0, 1.0, 0.0, 0.0, 0.0, 0.0, 0.0, 0.0, 1.0 ], [ -0.809017, -0.309017, -0.5, 0.0, -0.309017, -0.5, 0.809017, 0.0, -0.5, 0.809017, 0.309017, 0.0, 0.0, 0.0, 0.0, 1.0 ], [ 0.5, -0.809017, -0.309017, 0.0, -0.809017, -0.309017, -0.5, 0.0, 0.309017, 0.5, -0.809017, 0.0, 0.0, 0.0, 0.0, 1.0 ], [ -0.309017, -0.5, 0.809017, 0.0, 0.5, -0.809017, -0.309017, 0.0, 0.809017, 0.309017, 0.5, 0.0, 0.0, 0.0, 0.0, 1.0 ], [ -0.5, -0.809017, -0.309017, 0.0, -0.809017, 0.309017, 0.5, 0.0, -0.309017, 0.5, -0.809017, 0.0, 0.0, 0.0, 0.0, 1.0 ], [ 0.309017, -0.5, 0.809017, 0.0, -0.5, -0.809017, -0.309017, 0.0, 0.809017, -0.309017, -0.5, 0.0, 0.0, 0.0, 0.0, 1.0 ], [ -0.809017, 0.309017, 0.5, 0.0, 0.309017, -0.5, 0.809017, 0.0, 0.5, 0.809017, 0.309017, 0.0, 0.0, 0.0, 0.0, 1.0 ], [ -0.5, -0.809017, 0.309017, 0.0, -0.809017, 0.309017, -0.5, 0.0, 0.309017, -0.5, -0.809017, 0.0, 0.0, 0.0, 0.0, 1.0 ], [ -0.309017, 0.5, 0.809017, 0.0, -0.5, -0.809017, 0.309017, 0.0, 0.809017, -0.309017, 0.5, 0.0, 0.0, 0.0, 0.0, 1.0 ], [ -0.809017, 0.309017, -0.5, 0.0, -0.309017, 0.5, 0.809017, 0.0, 0.5, 0.809017, -0.309017, 0.0, 0.0, 0.0, 0.0, 1.0 ], [ -0.809017, -0.309017, 0.5, 0.0, -0.309017, -0.5, -0.809017, 0.0, 0.5, -0.809017, 0.309017, 0.0, 0.0, 0.0, 0.0, 1.0 ], [ -0.5, 0.809017, -0.309017, 0.0, -0.809017, -0.309017, 0.5, 0.0, 0.309017, 0.5, 0.809017, 0.0, 0.0, 0.0, 0.0, 1.0 ], [ -0.309017, -0.5, -0.809017, 0.0, -0.5, 0.809017, -0.309017, 0.0, 0.809017, 0.309017, -0.5, 0.0, 0.0, 0.0, 0.0, 1.0 ], [ -1.0, 0.0, 0.0, 0.0, 0.0, 1.0, 0.0, 0.0, 0.0, 0.0, -1.0, 0.0, 0.0, 0.0, 0.0, 1.0 ], [ 0.0, 0.0, -1.0, 0.0, 1.0, 0.0, 0.0, 0.0, 0.0, -1.0, 0.0, 0.0, 0.0, 0.0, 0.0, 1.0 ], [ 0.0, -1.0, 0.0, 0.0, 0.0, 0.0, 1.0, 0.0, -1.0, 0.0, 0.0, 0.0, 0.0, 0.0, 0.0, 1.0 ], [ -0.809017, -0.309017, -0.5, 0.0, 0.309017, 0.5, -0.809017, 0.0, 0.5, -0.809017, -0.309017, 0.0, 0.0, 0.0, 0.0, 1.0 ], [ 0.5, -0.809017, -0.309017, 0.0, 0.809017, 0.309017, 0.5, 0.0, -0.309017, -0.5, 0.809017, 0.0, 0.0, 0.0, 0.0, 1.0 ], [ -0.309017, -0.5, 0.809017, 0.0, -0.5, 0.809017, 0.309017, 0.0, -0.809017, -0.309017, -0.5, 0.0, 0.0, 0.0, 0.0, 1.0 ], [ -0.5, -0.809017, -0.309017, 0.0, 0.809017, -0.309017, -0.5, 0.0, 0.309017, -0.5, 0.809017, 0.0, 0.0, 0.0, 0.0, 1.0 ], [ 0.309017, -0.5, 0.809017, 0.0, 0.5, 0.809017, 0.309017, 0.0, -0.809017, 0.309017, 0.5, 0.0, 0.0, 0.0, 0.0, 1.0 ], [ -0.809017, 0.309017, 0.5, 0.0, -0.309017, 0.5, -0.809017, 0.0, -0.5, -0.809017, -0.309017, 0.0, 0.0, 0.0, 0.0, 1.0 ], [ -0.5, -0.809017, 0.309017, 0.0, 0.809017, -0.309017, 0.5, 0.0, -0.309017, 0.5, 0.809017, 0.0, 0.0, 0.0, 0.0, 1.0 ], [ -0.309017, 0.5, 0.809017, 0.0, 0.5, 0.809017, -0.309017, 0.0, -0.809017, 0.309017, -0.5, 0.0, 0.0, 0.0, 0.0, 1.0 ], [ -0.809017, 0.309017, -0.5, 0.0, 0.309017, -0.5, -0.809017, 0.0, -0.5, -0.809017, 0.309017, 0.0, 0.0, 0.0, 0.0, 1.0 ], [ -0.809017, -0.309017, 0.5, 0.0, 0.309017, 0.5, 0.809017, 0.0, -0.5, 0.809017, -0.309017, 0.0, 0.0, 0.0, 0.0, 1.0 ], [ -0.5, 0.809017, -0.309017, 0.0, 0.809017, 0.309017, -0.5, 0.0, -0.309017, -0.5, -0.809017, 0.0, 0.0, 0.0, 0.0, 1.0 ], [ -0.309017, -0.5, -0.809017, 0.0, 0.5, -0.809017, 0.309017, 0.0, -0.809017, -0.309017, 0.5, 0.0, 0.0, 0.0, 0.0, 1.0 ] ],
  "lights" : {
    "backgroundColor" : "#D8EBFF",
    "ambientColor" : "#292929",
    "directionalLights" : [ {
      "direction" : {
        "x" : 1.0,
        "y" : -1.0,
        "z" : -1.0
      },
      "color" : "#EBEBE4"
    }, {
      "direction" : {
        "x" : -1.0,
        "y" : 0.0,
        "z" : 0.0
      },
      "color" : "#E4E4EB"
    }, {
      "direction" : {
        "x" : 0.0,
        "y" : 0.0,
        "z" : -1.0
      },
      "color" : "#1E1E1E"
    } ]
  },
  "camera" : {
    "lookDirection" : {
      "x" : 0.0,
      "y" : 0.0,
      "z" : -1.0
    },
    "upDirection" : {
      "x" : 0.0,
      "y" : 1.0,
      "z" : 0.0
    },
    "lookAtPoint" : {
      "x" : 0.0,
      "y" : 0.0,
      "z" : 0.0
    },
    "viewDistance" : 440.9271,
    "nearClipDistance" : 1.1023238,
    "farClipDistance" : 881.8564,
    "fieldOfView" : 0.44263074,
    "perspective" : true,
    "stereo" : false,
    "width" : 198.41806,
    "position" : {
      "x" : 0.0,
      "y" : 0.0,
      "z" : 440.9271
    }
  },
  "embedding" : [ 1.0, 0.0, 0.0, 0.0, 0.0, 1.0, 0.0, 0.0, 0.0, 0.0, 1.0, 0.0, 0.0, 0.0, 0.0, 1.0 ],
  "shapes" : [ {
    "id" : "8a761ee7-ece9-44c4-8984-a54a792881bc",
    "vertices" : [ {
      "x" : 29.034441,
      "y" : 46.978714,
      "z" : 17.944271
    }, {
      "x" : 31.862059,
      "y" : 36.126175,
      "z" : 15.427718
    }, {
      "x" : 6.8994856,
      "y" : -4.2641163,
      "z" : 49.925144
    }, {
      "x" : 0.0,
      "y" : 0.0,
      "z" : 58.068882
    } ],
    "faces" : [ {
      "vertices" : [ 0, 1, 2 ]
    }, {
      "vertices" : [ 0, 2, 3 ]
    }, {
      "vertices" : [ 0, 3, 2 ]
    }, {
      "vertices" : [ 0, 2, 1 ]
    } ]
  }, {
    "id" : "45684a63-87fa-4823-a574-930db872250b",
    "vertices" : [ {
      "x" : -17.944271,
      "y" : -29.034441,
      "z" : 46.978714
    }, {
      "x" : -8.528233,
      "y" : -29.22669,
      "z" : 40.390293
    }, {
      "x" : 22.327204,
      "y" : 20.698456,
      "z" : 40.390293
    }, {
      "x" : 17.944271,
      "y" : 29.034441,
      "z" : 46.978714
    } ],
    "faces" : [ {
      "vertices" : [ 0, 1, 2 ]
    }, {
      "vertices" : [ 0, 2, 3 ]
    }, {
      "vertices" : [ 0, 3, 2 ]
    }, {
      "vertices" : [ 0, 2, 1 ]
    } ]
  }, {
    "id" : "018597d9-084e-45e1-83b6-a74172cb27c5",
    "vertices" : [ {
      "x" : 38.006577,
      "y" : -14.5172205,
      "z" : -23.489357
    }, {
      "x" : 36.126175,
      "y" : -15.427718,
      "z" : -31.862059
    }, {
      "x" : 20.698456,
      "y" : 40.390293,
      "z" : -22.327204
    }, {
      "x" : 23.489357,
      "y" : 38.006577,
      "z" : -14.5172205
    } ],
    "faces" : [ {
      "vertices" : [ 0, 1, 2 ]
    }, {
      "vertices" : [ 0, 2, 3 ]
    }, {
      "vertices" : [ 0, 3, 2 ]
    }, {
      "vertices" : [ 0, 2, 1 ]
    } ]
  }, {
    "id" : "56caa104-8356-4ce9-9869-6c2d645042ac",
    "vertices" : [ {
      "x" : 29.034441,
      "y" : -46.978714,
      "z" : 17.944271
    }, {
      "x" : 31.862059,
      "y" : -36.126175,
      "z" : 15.427718
    }, {
      "x" : 6.8994856,
      "y" : 4.2641163,
      "z" : 49.925144
    }, {
      "x" : 0.0,
      "y" : 0.0,
      "z" : 58.068882
    } ],
    "faces" : [ {
      "vertices" : [ 0, 1, 2 ]
    }, {
      "vertices" : [ 0, 2, 3 ]
    }, {
      "vertices" : [ 0, 3, 2 ]
    }, {
      "vertices" : [ 0, 2, 1 ]
    } ]
  }, {
    "id" : "567d4fbc-14d9-464a-aaba-5d409d7eb5c8",
    "vertices" : [ {
      "x" : 58.068882,
      "y" : 0.0,
      "z" : 0.0
    }, {
      "x" : 49.925144,
      "y" : 6.8994856,
      "z" : -4.2641163
    }, {
      "x" : 15.427718,
      "y" : -18.063087,
      "z" : -44.654408
    }, {
      "x" : 17.944271,
      "y" : -29.034441,
      "z" : -46.978714
    } ],
    "faces" : [ {
      "vertices" : [ 0, 1, 2 ]
    }, {
      "vertices" : [ 0, 2, 3 ]
    }, {
      "vertices" : [ 0, 3, 2 ]
    }, {
      "vertices" : [ 0, 2, 1 ]
    } ]
  }, {
    "id" : "efd78b1f-e6e4-4756-9b33-0463c48aeeaf",
    "vertices" : [ {
      "x" : -14.5172205,
      "y" : 23.489357,
      "z" : 38.006577
    }, {
      "x" : -22.327204,
      "y" : 20.698456,
      "z" : 40.390293
    }, {
      "x" : 8.528233,
      "y" : -29.22669,
      "z" : 40.390293
    }, {
      "x" : 14.5172205,
      "y" : -23.489357,
      "z" : 38.006577
    } ],
    "faces" : [ {
      "vertices" : [ 0, 1, 2 ]
    }, {
      "vertices" : [ 0, 2, 3 ]
    }, {
      "vertices" : [ 0, 3, 2 ]
    }, {
      "vertices" : [ 0, 2, 1 ]
    } ]
  }, {
    "id" : "2657431d-b2c8-465c-ac7a-014f1ad1e1a8",
    "vertices" : [ {
      "x" : 17.944271,
      "y" : 29.034441,
      "z" : 46.978714
    }, {
      "x" : 22.327204,
      "y" : 20.698456,
      "z" : 40.390293
    }, {
      "x" : 31.862059,
      "y" : 36.126175,
      "z" : -15.427718
    }, {
      "x" : 29.034441,
      "y" : 46.978714,
      "z" : -17.944271
    } ],
    "faces" : [ {
      "vertices" : [ 0, 1, 2 ]
    }, {
      "vertices" : [ 0, 2, 3 ]
    }, {
      "vertices" : [ 0, 3, 2 ]
    }, {
      "vertices" : [ 0, 2, 1 ]
    } ]
  }, {
    "id" : "6e63ed3c-cdab-4554-bd06-32693393499c",
    "vertices" : [ {
      "x" : -29.034441,
      "y" : -46.978714,
      "z" : -17.944271
    }, {
      "x" : -18.063087,
      "y" : -44.654408,
      "z" : -15.427718
    }, {
      "x" : -8.528233,
      "y" : -29.22669,
      "z" : 40.390293
    }, {
      "x" : -17.944271,
      "y" : -29.034441,
      "z" : 46.978714
    } ],
    "faces" : [ {
      "vertices" : [ 0, 1, 2 ]
    }, {
      "vertices" : [ 0, 2, 3 ]
    }, {
      "vertices" : [ 0, 3, 2 ]
    }, {
      "vertices" : [ 0, 2, 1 ]
    } ]
  }, {
    "id" : "2dbe6077-2db9-4cf0-9bf3-68f7a30087c1",
    "vertices" : [ {
      "x" : -46.978714,
      "y" : 17.944271,
      "z" : 29.034441
    }, {
      "x" : -40.390293,
      "y" : 22.327204,
      "z" : 20.698456
    }, {
      "x" : 15.427718,
      "y" : 31.862059,
      "z" : 36.126175
    }, {
      "x" : 17.944271,
      "y" : 29.034441,
      "z" : 46.978714
    } ],
    "faces" : [ {
      "vertices" : [ 0, 1, 2 ]
    }, {
      "vertices" : [ 0, 2, 3 ]
    }, {
      "vertices" : [ 0, 3, 2 ]
    }, {
      "vertices" : [ 0, 2, 1 ]
    } ]
  }, {
    "id" : "93941068-3fdd-4144-a708-ef11421eb98b",
    "vertices" : [ {
      "x" : 0.0,
      "y" : 46.978714,
      "z" : 0.0
    }, {
      "x" : 4.2641163,
      "y" : 49.925144,
      "z" : 6.8994856
    }, {
      "x" : -36.126175,
      "y" : 15.427718,
      "z" : 31.862059
    }, {
      "x" : -38.006577,
      "y" : 14.5172205,
      "z" : 23.489357
    } ],
    "faces" : [ {
      "vertices" : [ 0, 1, 2 ]
    }, {
      "vertices" : [ 0, 2, 3 ]
    }, {
      "vertices" : [ 0, 3, 2 ]
    }, {
      "vertices" : [ 0, 2, 1 ]
    } ]
  }, {
    "id" : "33e610a3-1c22-40d3-ac9f-7742e2770083",
    "vertices" : [ {
      "x" : -14.5172205,
      "y" : 23.489357,
      "z" : 38.006577
    }, {
      "x" : -8.528233,
      "y" : 29.22669,
      "z" : 40.390293
    }, {
      "x" : -18.063087,
      "y" : 44.654408,
      "z" : -15.427718
    }, {
      "x" : -23.489357,
      "y" : 38.006577,
      "z" : -14.5172205
    } ],
    "faces" : [ {
      "vertices" : [ 0, 1, 2 ]
    }, {
      "vertices" : [ 0, 2, 3 ]
    }, {
      "vertices" : [ 0, 3, 2 ]
    }, {
      "vertices" : [ 0, 2, 1 ]
    } ]
  }, {
    "id" : "74178960-58ee-4483-b234-855746da3908",
    "vertices" : [ {
      "x" : 0.0,
      "y" : 0.0,
      "z" : -58.068882
    }, {
      "x" : -6.8994856,
      "y" : 4.2641163,
      "z" : -49.925144
    }, {
      "x" : 18.063087,
      "y" : 44.654408,
      "z" : -15.427718
    }, {
      "x" : 29.034441,
      "y" : 46.978714,
      "z" : -17.944271
    } ],
    "faces" : [ {
      "vertices" : [ 0, 1, 2 ]
    }, {
      "vertices" : [ 0, 2, 3 ]
    }, {
      "vertices" : [ 0, 3, 2 ]
    }, {
      "vertices" : [ 0, 2, 1 ]
    } ]
  }, {
    "id" : "976ed8e7-bf70-4660-8190-a0e26f090ea0",
    "vertices" : [ {
      "x" : 23.489357,
      "y" : -38.006577,
      "z" : -14.5172205
    }, {
      "x" : 31.862059,
      "y" : -36.126175,
      "z" : -15.427718
    }, {
      "x" : 22.327204,
      "y" : -20.698456,
      "z" : 40.390293
    }, {
      "x" : 14.5172205,
      "y" : -23.489357,
      "z" : 38.006577
    } ],
    "faces" : [ {
      "vertices" : [ 0, 1, 2 ]
    }, {
      "vertices" : [ 0, 2, 3 ]
    }, {
      "vertices" : [ 0, 3, 2 ]
    }, {
      "vertices" : [ 0, 2, 1 ]
    } ]
  }, {
    "id" : "397c6a59-b448-4310-992f-20b7beb16f54",
    "vertices" : [ {
      "x" : -29.034441,
      "y" : 46.978714,
      "z" : -17.944271
    }, {
      "x" : -20.698456,
      "y" : 40.390293,
      "z" : -22.327204
    }, {
      "x" : -36.126175,
      "y" : -15.427718,
      "z" : -31.862059
    }, {
      "x" : -46.978714,
      "y" : -17.944271,
      "z" : -29.034441
    } ],
    "faces" : [ {
      "vertices" : [ 0, 1, 2 ]
    }, {
      "vertices" : [ 0, 2, 3 ]
    }, {
      "vertices" : [ 0, 3, 2 ]
    }, {
      "vertices" : [ 0, 2, 1 ]
    } ]
  }, {
    "id" : "534b94f0-750f-41f0-a822-347af569d735",
    "vertices" : [ {
      "x" : -29.034441,
      "y" : -46.978714,
      "z" : -17.944271
    }, {
      "x" : -31.862059,
      "y" : -36.126175,
      "z" : -15.427718
    }, {
      "x" : -6.8994856,
      "y" : 4.2641163,
      "z" : -49.925144
    }, {
      "x" : 0.0,
      "y" : 0.0,
      "z" : -58.068882
    } ],
    "faces" : [ {
      "vertices" : [ 0, 1, 2 ]
    }, {
      "vertices" : [ 0, 2, 3 ]
    }, {
      "vertices" : [ 0, 3, 2 ]
    }, {
      "vertices" : [ 0, 2, 1 ]
    } ]
  }, {
    "id" : "d38e6b20-7534-4bbd-8c04-f49e9f3c1335",
    "vertices" : [ {
      "x" : -38.006577,
      "y" : -14.5172205,
      "z" : 23.489357
    }, {
      "x" : -40.390293,
      "y" : -22.327204,
      "z" : 20.698456
    }, {
      "x" : -40.390293,
      "y" : 8.528233,
      "z" : -29.22669
    }, {
      "x" : -38.006577,
      "y" : 14.5172205,
      "z" : -23.489357
    } ],
    "faces" : [ {
      "vertices" : [ 0, 1, 2 ]
    }, {
      "vertices" : [ 0, 2, 3 ]
    }, {
      "vertices" : [ 0, 3, 2 ]
    }, {
      "vertices" : [ 0, 2, 1 ]
    } ]
  }, {
    "id" : "f05d1728-f225-4188-9e9f-2cba7d2e53e1",
    "vertices" : [ {
      "x" : 0.0,
      "y" : 0.0,
      "z" : -46.978714
    }, {
      "x" : 6.8994856,
      "y" : -4.2641163,
      "z" : -49.925144
    }, {
      "x" : 31.862059,
      "y" : 36.126175,
      "z" : -15.427718
    }, {
      "x" : 23.489357,
      "y" : 38.006577,
      "z" : -14.5172205
    } ],
    "faces" : [ {
      "vertices" : [ 0, 1, 2 ]
    }, {
      "vertices" : [ 0, 2, 3 ]
    }, {
      "vertices" : [ 0, 3, 2 ]
    }, {
      "vertices" : [ 0, 2, 1 ]
    } ]
  }, {
    "id" : "f821067f-2b76-4459-b852-7196d8c94e5d",
    "vertices" : [ {
      "x" : 0.0,
      "y" : -58.068882,
      "z" : 0.0
    }, {
      "x" : 4.2641163,
      "y" : -49.925144,
      "z" : 6.8994856
    }, {
      "x" : 44.654408,
      "y" : -15.427718,
      "z" : -18.063087
    }, {
      "x" : 46.978714,
      "y" : -17.944271,
      "z" : -29.034441
    } ],
    "faces" : [ {
      "vertices" : [ 0, 1, 2 ]
    }, {
      "vertices" : [ 0, 2, 3 ]
    }, {
      "vertices" : [ 0, 3, 2 ]
    }, {
      "vertices" : [ 0, 2, 1 ]
    } ]
  }, {
    "id" : "ca7658c2-e3f5-4633-bf41-3b865bf52255",
    "vertices" : [ {
      "x" : -46.978714,
      "y" : 17.944271,
      "z" : -29.034441
    }, {
      "x" : -44.654408,
      "y" : 15.427718,
      "z" : -18.063087
    }, {
      "x" : -29.22669,
      "y" : -40.390293,
      "z" : -8.528233
    }, {
      "x" : -29.034441,
      "y" : -46.978714,
      "z" : -17.944271
    } ],
    "faces" : [ {
      "vertices" : [ 0, 1, 2 ]
    }, {
      "vertices" : [ 0, 2, 3 ]
    }, {
      "vertices" : [ 0, 3, 2 ]
    }, {
      "vertices" : [ 0, 2, 1 ]
    } ]
  }, {
    "id" : "eedaa29b-6f89-4d83-afcb-dc0244d34318",
    "vertices" : [ {
      "x" : -29.034441,
      "y" : -46.978714,
      "z" : 17.944271
    }, {
      "x" : -20.698456,
      "y" : -40.390293,
      "z" : 22.327204
    }, {
      "x" : -36.126175,
      "y" : 15.427718,
      "z" : 31.862059
    }, {
      "x" : -46.978714,
      "y" : 17.944271,
      "z" : 29.034441
    } ],
    "faces" : [ {
      "vertices" : [ 0, 1, 2 ]
    }, {
      "vertices" : [ 0, 2, 3 ]
    }, {
      "vertices" : [ 0, 3, 2 ]
    }, {
      "vertices" : [ 0, 2, 1 ]
    } ]
  }, {
    "id" : "86905018-c2b9-48de-8fcd-dc845fd1b940",
    "vertices" : [ {
      "x" : 29.034441,
      "y" : 46.978714,
      "z" : 17.944271
    }, {
      "x" : 29.22669,
      "y" : 40.390293,
      "z" : 8.528233
    }, {
      "x" : -20.698456,
      "y" : 40.390293,
      "z" : -22.327204
    }, {
      "x" : -29.034441,
      "y" : 46.978714,
      "z" : -17.944271
    } ],
    "faces" : [ {
      "vertices" : [ 0, 1, 2 ]
    }, {
      "vertices" : [ 0, 2, 3 ]
    }, {
      "vertices" : [ 0, 3, 2 ]
    }, {
      "vertices" : [ 0, 2, 1 ]
    } ]
  }, {
    "id" : "68de6298-773a-4718-a3c9-a9b46674bf30",
    "vertices" : [ {
      "x" : 0.0,
      "y" : -58.068882,
      "z" : 0.0
    }, {
      "x" : -4.2641163,
      "y" : -49.925144,
      "z" : 6.8994856
    }, {
      "x" : -44.654408,
      "y" : -15.427718,
      "z" : -18.063087
    }, {
      "x" : -46.978714,
      "y" : -17.944271,
      "z" : -29.034441
    } ],
    "faces" : [ {
      "vertices" : [ 0, 1, 2 ]
    }, {
      "vertices" : [ 0, 2, 3 ]
    }, {
      "vertices" : [ 0, 3, 2 ]
    }, {
      "vertices" : [ 0, 2, 1 ]
    } ]
  }, {
    "id" : "1accdfec-c9ec-4613-9aa1-415794ae69b7",
    "vertices" : [ {
      "x" : 0.0,
      "y" : 0.0,
      "z" : -46.978714
    }, {
      "x" : -6.8994856,
      "y" : -4.2641163,
      "z" : -49.925144
    }, {
      "x" : -31.862059,
      "y" : 36.126175,
      "z" : -15.427718
    }, {
      "x" : -23.489357,
      "y" : 38.006577,
      "z" : -14.5172205
    } ],
    "faces" : [ {
      "vertices" : [ 0, 1, 2 ]
    }, {
      "vertices" : [ 0, 2, 3 ]
    }, {
      "vertices" : [ 0, 3, 2 ]
    }, {
      "vertices" : [ 0, 2, 1 ]
    } ]
  }, {
    "id" : "f06d94c1-04f2-4e03-bbf8-adbff27e941e",
    "vertices" : [ {
      "x" : -17.944271,
      "y" : -29.034441,
      "z" : 46.978714
    }, {
      "x" : -15.427718,
      "y" : -18.063087,
      "z" : 44.654408
    }, {
      "x" : 40.390293,
      "y" : -8.528233,
      "z" : 29.22669
    }, {
      "x" : 46.978714,
      "y" : -17.944271,
      "z" : 29.034441
    } ],
    "faces" : [ {
      "vertices" : [ 0, 1, 2 ]
    }, {
      "vertices" : [ 0, 2, 3 ]
    }, {
      "vertices" : [ 0, 3, 2 ]
    }, {
      "vertices" : [ 0, 2, 1 ]
    } ]
  }, {
    "id" : "6346dead-fb52-4788-80d5-789bc08e5cb1",
    "vertices" : [ {
      "x" : 46.978714,
      "y" : 17.944271,
      "z" : -29.034441
    }, {
      "x" : 40.390293,
      "y" : 22.327204,
      "z" : -20.698456
    }, {
      "x" : -15.427718,
      "y" : 31.862059,
      "z" : -36.126175
    }, {
      "x" : -17.944271,
      "y" : 29.034441,
      "z" : -46.978714
    } ],
    "faces" : [ {
      "vertices" : [ 0, 1, 2 ]
    }, {
      "vertices" : [ 0, 2, 3 ]
    }, {
      "vertices" : [ 0, 3, 2 ]
    }, {
      "vertices" : [ 0, 2, 1 ]
    } ]
  }, {
    "id" : "9dc90031-5217-4125-9c30-b64ed571ad88",
    "vertices" : [ {
      "x" : 17.944271,
      "y" : -29.034441,
      "z" : 46.978714
    }, {
      "x" : 15.427718,
      "y" : -31.862059,
      "z" : 36.126175
    }, {
      "x" : 49.925144,
      "y" : -6.8994856,
      "z" : -4.2641163
    }, {
      "x" : 58.068882,
      "y" : 0.0,
      "z" : 0.0
    } ],
    "faces" : [ {
      "vertices" : [ 0, 1, 2 ]
    }, {
      "vertices" : [ 0, 2, 3 ]
    }, {
      "vertices" : [ 0, 3, 2 ]
    }, {
      "vertices" : [ 0, 2, 1 ]
    } ]
  }, {
    "id" : "21933e19-ed1a-4950-b42e-336f921c7624",
    "vertices" : [ {
      "x" : 17.944271,
      "y" : -29.034441,
      "z" : -46.978714
    }, {
      "x" : 15.427718,
      "y" : -31.862059,
      "z" : -36.126175
    }, {
      "x" : 49.925144,
      "y" : -6.8994856,
      "z" : 4.2641163
    }, {
      "x" : 58.068882,
      "y" : 0.0,
      "z" : 0.0
    } ],
    "faces" : [ {
      "vertices" : [ 0, 1, 2 ]
    }, {
      "vertices" : [ 0, 2, 3 ]
    }, {
      "vertices" : [ 0, 3, 2 ]
    }, {
      "vertices" : [ 0, 2, 1 ]
    } ]
  }, {
    "id" : "17cf6b94-e810-4858-b0df-852938490204",
    "vertices" : [ {
      "x" : -38.006577,
      "y" : 14.5172205,
      "z" : 23.489357
    }, {
      "x" : -40.390293,
      "y" : 8.528233,
      "z" : 29.22669
    }, {
      "x" : 15.427718,
      "y" : 18.063087,
      "z" : 44.654408
    }, {
      "x" : 14.5172205,
      "y" : 23.489357,
      "z" : 38.006577
    } ],
    "faces" : [ {
      "vertices" : [ 0, 1, 2 ]
    }, {
      "vertices" : [ 0, 2, 3 ]
    }, {
      "vertices" : [ 0, 3, 2 ]
    }, {
      "vertices" : [ 0, 2, 1 ]
    } ]
  }, {
    "id" : "be3c9cdc-5043-4f5e-86f9-531aba1a677a",
    "vertices" : [ {
      "x" : 38.006577,
      "y" : 14.5172205,
      "z" : 23.489357
    }, {
      "x" : 44.654408,
      "y" : 15.427718,
      "z" : 18.063087
    }, {
      "x" : 4.2641163,
      "y" : 49.925144,
      "z" : -6.8994856
    }, {
      "x" : 0.0,
      "y" : 46.978714,
      "z" : 0.0
    } ],
    "faces" : [ {
      "vertices" : [ 0, 1, 2 ]
    }, {
      "vertices" : [ 0, 2, 3 ]
    }, {
      "vertices" : [ 0, 3, 2 ]
    }, {
      "vertices" : [ 0, 2, 1 ]
    } ]
  }, {
    "id" : "2397c3ad-7aa1-402b-b84c-6ba21b8e70ad",
    "vertices" : [ {
      "x" : 0.0,
      "y" : 0.0,
      "z" : 46.978714
    }, {
      "x" : -6.8994856,
      "y" : 4.2641163,
      "z" : 49.925144
    }, {
      "x" : -31.862059,
      "y" : -36.126175,
      "z" : 15.427718
    }, {
      "x" : -23.489357,
      "y" : -38.006577,
      "z" : 14.5172205
    } ],
    "faces" : [ {
      "vertices" : [ 0, 1, 2 ]
    }, {
      "vertices" : [ 0, 2, 3 ]
    }, {
      "vertices" : [ 0, 3, 2 ]
    }, {
      "vertices" : [ 0, 2, 1 ]
    } ]
  }, {
    "id" : "e428585d-3f6d-427c-9f75-ff070c997b9c",
    "vertices" : [ {
      "x" : -17.944271,
      "y" : 29.034441,
      "z" : 46.978714
    }, {
      "x" : -8.528233,
      "y" : 29.22669,
      "z" : 40.390293
    }, {
      "x" : 22.327204,
      "y" : -20.698456,
      "z" : 40.390293
    }, {
      "x" : 17.944271,
      "y" : -29.034441,
      "z" : 46.978714
    } ],
    "faces" : [ {
      "vertices" : [ 0, 1, 2 ]
    }, {
      "vertices" : [ 0, 2, 3 ]
    }, {
      "vertices" : [ 0, 3, 2 ]
    }, {
      "vertices" : [ 0, 2, 1 ]
    } ]
  }, {
    "id" : "56a5eac6-618e-4f27-a570-922eb1120823",
    "vertices" : [ {
      "x" : -46.978714,
      "y" : -17.944271,
      "z" : 29.034441
    }, {
      "x" : -40.390293,
      "y" : -8.528233,
      "z" : 29.22669
    }, {
      "x" : -40.390293,
      "y" : 22.327204,
      "z" : -20.698456
    }, {
      "x" : -46.978714,
      "y" : 17.944271,
      "z" : -29.034441
    } ],
    "faces" : [ {
      "vertices" : [ 0, 1, 2 ]
    }, {
      "vertices" : [ 0, 2, 3 ]
    }, {
      "vertices" : [ 0, 3, 2 ]
    }, {
      "vertices" : [ 0, 2, 1 ]
    } ]
  }, {
    "id" : "fc51c0d5-01b3-49b7-8548-583752a519d7",
    "vertices" : [ {
      "x" : 38.006577,
      "y" : -14.5172205,
      "z" : -23.489357
    }, {
      "x" : 40.390293,
      "y" : -22.327204,
      "z" : -20.698456
    }, {
      "x" : 40.390293,
      "y" : 8.528233,
      "z" : 29.22669
    }, {
      "x" : 38.006577,
      "y" : 14.5172205,
      "z" : 23.489357
    } ],
    "faces" : [ {
      "vertices" : [ 0, 1, 2 ]
    }, {
      "vertices" : [ 0, 2, 3 ]
    }, {
      "vertices" : [ 0, 3, 2 ]
    }, {
      "vertices" : [ 0, 2, 1 ]
    } ]
  }, {
    "id" : "84505223-ccbb-42d9-9a5f-0aa793263c40",
    "vertices" : [ {
      "x" : 0.0,
      "y" : -58.068882,
      "z" : 0.0
    }, {
      "x" : -4.2641163,
      "y" : -49.925144,
      "z" : -6.8994856
    }, {
      "x" : -44.654408,
      "y" : -15.427718,
      "z" : 18.063087
    }, {
      "x" : -46.978714,
      "y" : -17.944271,
      "z" : 29.034441
    } ],
    "faces" : [ {
      "vertices" : [ 0, 1, 2 ]
    }, {
      "vertices" : [ 0, 2, 3 ]
    }, {
      "vertices" : [ 0, 3, 2 ]
    }, {
      "vertices" : [ 0, 2, 1 ]
    } ]
  }, {
    "id" : "7104a668-8266-4997-b266-46bb13084b6c",
    "vertices" : [ {
      "x" : 58.068882,
      "y" : 0.0,
      "z" : 0.0
    }, {
      "x" : 49.925144,
      "y" : -6.8994856,
      "z" : 4.2641163
    }, {
      "x" : 15.427718,
      "y" : 18.063087,
      "z" : 44.654408
    }, {
      "x" : 17.944271,
      "y" : 29.034441,
      "z" : 46.978714
    } ],
    "faces" : [ {
      "vertices" : [ 0, 1, 2 ]
    }, {
      "vertices" : [ 0, 2, 3 ]
    }, {
      "vertices" : [ 0, 3, 2 ]
    }, {
      "vertices" : [ 0, 2, 1 ]
    } ]
  }, {
    "id" : "7c73026e-2795-47c6-8077-b6f404c2cbe2",
    "vertices" : [ {
      "x" : 29.034441,
      "y" : 46.978714,
      "z" : -17.944271
    }, {
      "x" : 31.862059,
      "y" : 36.126175,
      "z" : -15.427718
    }, {
      "x" : 6.8994856,
      "y" : -4.2641163,
      "z" : -49.925144
    }, {
      "x" : 0.0,
      "y" : 0.0,
      "z" : -58.068882
    } ],
    "faces" : [ {
      "vertices" : [ 0, 1, 2 ]
    }, {
      "vertices" : [ 0, 2, 3 ]
    }, {
      "vertices" : [ 0, 3, 2 ]
    }, {
      "vertices" : [ 0, 2, 1 ]
    } ]
  }, {
    "id" : "eb2fc0e6-d641-4b8d-8c68-e43446f0844c",
    "vertices" : [ {
      "x" : 38.006577,
      "y" : -14.5172205,
      "z" : 23.489357
    }, {
      "x" : 44.654408,
      "y" : -15.427718,
      "z" : 18.063087
    }, {
      "x" : 4.2641163,
      "y" : -49.925144,
      "z" : -6.8994856
    }, {
      "x" : 0.0,
      "y" : -46.978714,
      "z" : 0.0
    } ],
    "faces" : [ {
      "vertices" : [ 0, 1, 2 ]
    }, {
      "vertices" : [ 0, 2, 3 ]
    }, {
      "vertices" : [ 0, 3, 2 ]
    }, {
      "vertices" : [ 0, 2, 1 ]
    } ]
  }, {
    "id" : "2b7db323-47fc-439d-9463-1efb383a0531",
    "vertices" : [ {
      "x" : -29.034441,
      "y" : -46.978714,
      "z" : 17.944271
    }, {
      "x" : -29.22669,
      "y" : -40.390293,
      "z" : 8.528233
    }, {
      "x" : 20.698456,
      "y" : -40.390293,
      "z" : -22.327204
    }, {
      "x" : 29.034441,
      "y" : -46.978714,
      "z" : -17.944271
    } ],
    "faces" : [ {
      "vertices" : [ 0, 1, 2 ]
    }, {
      "vertices" : [ 0, 2, 3 ]
    }, {
      "vertices" : [ 0, 3, 2 ]
    }, {
      "vertices" : [ 0, 2, 1 ]
    } ]
  }, {
    "id" : "9d23cdd8-b4b3-4f25-ae64-7f0d36f4d4e3",
    "vertices" : [ {
      "x" : -17.944271,
      "y" : -29.034441,
      "z" : -46.978714
    }, {
      "x" : -22.327204,
      "y" : -20.698456,
      "z" : -40.390293
    }, {
      "x" : -31.862059,
      "y" : -36.126175,
      "z" : 15.427718
    }, {
      "x" : -29.034441,
      "y" : -46.978714,
      "z" : 17.944271
    } ],
    "faces" : [ {
      "vertices" : [ 0, 1, 2 ]
    }, {
      "vertices" : [ 0, 2, 3 ]
    }, {
      "vertices" : [ 0, 3, 2 ]
    }, {
      "vertices" : [ 0, 2, 1 ]
    } ]
  }, {
    "id" : "53c6f9da-7ed4-40b2-8358-976354e99085",
    "vertices" : [ {
      "x" : -23.489357,
      "y" : 38.006577,
      "z" : 14.5172205
    }, {
      "x" : -29.22669,
      "y" : 40.390293,
      "z" : 8.528233
    }, {
      "x" : -44.654408,
      "y" : -15.427718,
      "z" : 18.063087
    }, {
      "x" : -38.006577,
      "y" : -14.5172205,
      "z" : 23.489357
    } ],
    "faces" : [ {
      "vertices" : [ 0, 1, 2 ]
    }, {
      "vertices" : [ 0, 2, 3 ]
    }, {
      "vertices" : [ 0, 3, 2 ]
    }, {
      "vertices" : [ 0, 2, 1 ]
    } ]
  }, {
    "id" : "b91e9f67-9f77-4d7d-9960-b8cdf563a875",
    "vertices" : [ {
      "x" : -23.489357,
      "y" : 38.006577,
      "z" : -14.5172205
    }, {
      "x" : -31.862059,
      "y" : 36.126175,
      "z" : -15.427718
    }, {
      "x" : -22.327204,
      "y" : 20.698456,
      "z" : 40.390293
    }, {
      "x" : -14.5172205,
      "y" : 23.489357,
      "z" : 38.006577
    } ],
    "faces" : [ {
      "vertices" : [ 0, 1, 2 ]
    }, {
      "vertices" : [ 0, 2, 3 ]
    }, {
      "vertices" : [ 0, 3, 2 ]
    }, {
      "vertices" : [ 0, 2, 1 ]
    } ]
  }, {
    "id" : "8c982c95-b2fd-46eb-9d48-4dc5790eb8f6",
    "vertices" : [ {
      "x" : 14.5172205,
      "y" : 23.489357,
      "z" : -38.006577
    }, {
      "x" : 8.528233,
      "y" : 29.22669,
      "z" : -40.390293
    }, {
      "x" : 18.063087,
      "y" : 44.654408,
      "z" : 15.427718
    }, {
      "x" : 23.489357,
      "y" : 38.006577,
      "z" : 14.5172205
    } ],
    "faces" : [ {
      "vertices" : [ 0, 1, 2 ]
    }, {
      "vertices" : [ 0, 2, 3 ]
    }, {
      "vertices" : [ 0, 3, 2 ]
    }, {
      "vertices" : [ 0, 2, 1 ]
    } ]
  }, {
    "id" : "2c3ef22c-c9df-4d39-afc9-a47ded5aa39b",
    "vertices" : [ {
      "x" : 46.978714,
      "y" : -17.944271,
      "z" : -29.034441
    }, {
      "x" : 36.126175,
      "y" : -15.427718,
      "z" : -31.862059
    }, {
      "x" : -4.2641163,
      "y" : -49.925144,
      "z" : -6.8994856
    }, {
      "x" : 0.0,
      "y" : -58.068882,
      "z" : 0.0
    } ],
    "faces" : [ {
      "vertices" : [ 0, 1, 2 ]
    }, {
      "vertices" : [ 0, 2, 3 ]
    }, {
      "vertices" : [ 0, 3, 2 ]
    }, {
      "vertices" : [ 0, 2, 1 ]
    } ]
  }, {
    "id" : "82520214-2a66-48bd-8f0e-bd7cafe0be27",
    "vertices" : [ {
      "x" : -46.978714,
      "y" : 0.0,
      "z" : 0.0
    }, {
      "x" : -49.925144,
      "y" : 6.8994856,
      "z" : -4.2641163
    }, {
      "x" : -15.427718,
      "y" : 31.862059,
      "z" : 36.126175
    }, {
      "x" : -14.5172205,
      "y" : 23.489357,
      "z" : 38.006577
    } ],
    "faces" : [ {
      "vertices" : [ 0, 1, 2 ]
    }, {
      "vertices" : [ 0, 2, 3 ]
    }, {
      "vertices" : [ 0, 3, 2 ]
    }, {
      "vertices" : [ 0, 2, 1 ]
    } ]
  }, {
    "id" : "1911cd55-8703-4cbd-8731-1c90187a90d9",
    "vertices" : [ {
      "x" : -17.944271,
      "y" : 29.034441,
      "z" : 46.978714
    }, {
      "x" : -22.327204,
      "y" : 20.698456,
      "z" : 40.390293
    }, {
      "x" : -31.862059,
      "y" : 36.126175,
      "z" : -15.427718
    }, {
      "x" : -29.034441,
      "y" : 46.978714,
      "z" : -17.944271
    } ],
    "faces" : [ {
      "vertices" : [ 0, 1, 2 ]
    }, {
      "vertices" : [ 0, 2, 3 ]
    }, {
      "vertices" : [ 0, 3, 2 ]
    }, {
      "vertices" : [ 0, 2, 1 ]
    } ]
  }, {
    "id" : "db01fdd2-513b-42a8-8f32-bb96ca792cdc",
    "vertices" : [ {
      "x" : -23.489357,
      "y" : -38.006577,
      "z" : -14.5172205
    }, {
      "x" : -20.698456,
      "y" : -40.390293,
      "z" : -22.327204
    }, {
      "x" : 29.22669,
      "y" : -40.390293,
      "z" : 8.528233
    }, {
      "x" : 23.489357,
      "y" : -38.006577,
      "z" : 14.5172205
    } ],
    "faces" : [ {
      "vertices" : [ 0, 1, 2 ]
    }, {
      "vertices" : [ 0, 2, 3 ]
    }, {
      "vertices" : [ 0, 3, 2 ]
    }, {
      "vertices" : [ 0, 2, 1 ]
    } ]
  }, {
    "id" : "1ef94e83-b841-4d56-97b5-56922df8e9b0",
    "vertices" : [ {
      "x" : -14.5172205,
      "y" : -23.489357,
      "z" : -38.006577
    }, {
      "x" : -15.427718,
      "y" : -18.063087,
      "z" : -44.654408
    }, {
      "x" : -49.925144,
      "y" : 6.8994856,
      "z" : -4.2641163
    }, {
      "x" : -46.978714,
      "y" : 0.0,
      "z" : 0.0
    } ],
    "faces" : [ {
      "vertices" : [ 0, 1, 2 ]
    }, {
      "vertices" : [ 0, 2, 3 ]
    }, {
      "vertices" : [ 0, 3, 2 ]
    }, {
      "vertices" : [ 0, 2, 1 ]
    } ]
  }, {
    "id" : "cddd2fca-42e1-4f4e-ab12-7573957308ac",
    "vertices" : [ {
      "x" : -38.006577,
      "y" : 14.5172205,
      "z" : -23.489357
    }, {
      "x" : -40.390293,
      "y" : 22.327204,
      "z" : -20.698456
    }, {
      "x" : -40.390293,
      "y" : -8.528233,
      "z" : 29.22669
    }, {
      "x" : -38.006577,
      "y" : -14.5172205,
      "z" : 23.489357
    } ],
    "faces" : [ {
      "vertices" : [ 0, 1, 2 ]
    }, {
      "vertices" : [ 0, 2, 3 ]
    }, {
      "vertices" : [ 0, 3, 2 ]
    }, {
      "vertices" : [ 0, 2, 1 ]
    } ]
  }, {
    "id" : "41e4496a-2159-4d1c-87d3-6fb9220d39dc",
    "vertices" : [ {
      "x" : -29.034441,
      "y" : -46.978714,
      "z" : -17.944271
    }, {
      "x" : -29.22669,
      "y" : -40.390293,
      "z" : -8.528233
    }, {
      "x" : 20.698456,
      "y" : -40.390293,
      "z" : 22.327204
    }, {
      "x" : 29.034441,
      "y" : -46.978714,
      "z" : 17.944271
    } ],
    "faces" : [ {
      "vertices" : [ 0, 1, 2 ]
    }, {
      "vertices" : [ 0, 2, 3 ]
    }, {
      "vertices" : [ 0, 3, 2 ]
    }, {
      "vertices" : [ 0, 2, 1 ]
    } ]
  }, {
    "id" : "d8d670cf-8a82-4d4a-b74a-6e805c3ceac7",
    "vertices" : [ {
      "x" : 0.0,
      "y" : 0.0,
      "z" : 46.978714
    }, {
      "x" : 6.8994856,
      "y" : 4.2641163,
      "z" : 49.925144
    }, {
      "x" : 31.862059,
      "y" : -36.126175,
      "z" : 15.427718
    }, {
      "x" : 23.489357,
      "y" : -38.006577,
      "z" : 14.5172205
    } ],
    "faces" : [ {
      "vertices" : [ 0, 1, 2 ]
    }, {
      "vertices" : [ 0, 2, 3 ]
    }, {
      "vertices" : [ 0, 3, 2 ]
    }, {
      "vertices" : [ 0, 2, 1 ]
    } ]
  }, {
    "id" : "197d7adc-639f-46a4-aba5-440477b2e26f",
    "vertices" : [ {
      "x" : -46.978714,
      "y" : -17.944271,
      "z" : -29.034441
    }, {
      "x" : -40.390293,
      "y" : -8.528233,
      "z" : -29.22669
    }, {
      "x" : -40.390293,
      "y" : 22.327204,
      "z" : 20.698456
    }, {
      "x" : -46.978714,
      "y" : 17.944271,
      "z" : 29.034441
    } ],
    "faces" : [ {
      "vertices" : [ 0, 1, 2 ]
    }, {
      "vertices" : [ 0, 2, 3 ]
    }, {
      "vertices" : [ 0, 3, 2 ]
    }, {
      "vertices" : [ 0, 2, 1 ]
    } ]
  }, {
    "id" : "dd7c0e9f-befb-4497-9ce0-a1c336071e22",
    "vertices" : [ {
      "x" : 0.0,
      "y" : 0.0,
      "z" : 46.978714
    }, {
      "x" : 6.8994856,
      "y" : -4.2641163,
      "z" : 49.925144
    }, {
      "x" : 31.862059,
      "y" : 36.126175,
      "z" : 15.427718
    }, {
      "x" : 23.489357,
      "y" : 38.006577,
      "z" : 14.5172205
    } ],
    "faces" : [ {
      "vertices" : [ 0, 1, 2 ]
    }, {
      "vertices" : [ 0, 2, 3 ]
    }, {
      "vertices" : [ 0, 3, 2 ]
    }, {
      "vertices" : [ 0, 2, 1 ]
    } ]
  }, {
    "id" : "2b1f47ed-ce23-412d-9a5c-f686a5d4bf4b",
    "vertices" : [ {
      "x" : -23.489357,
      "y" : 38.006577,
      "z" : -14.5172205
    }, {
      "x" : -29.22669,
      "y" : 40.390293,
      "z" : -8.528233
    }, {
      "x" : -44.654408,
      "y" : -15.427718,
      "z" : -18.063087
    }, {
      "x" : -38.006577,
      "y" : -14.5172205,
      "z" : -23.489357
    } ],
    "faces" : [ {
      "vertices" : [ 0, 1, 2 ]
    }, {
      "vertices" : [ 0, 2, 3 ]
    }, {
      "vertices" : [ 0, 3, 2 ]
    }, {
      "vertices" : [ 0, 2, 1 ]
    } ]
  }, {
    "id" : "b13fd5dc-68bf-4174-99d1-86c1a82d5255",
    "vertices" : [ {
      "x" : -23.489357,
      "y" : -38.006577,
      "z" : 14.5172205
    }, {
      "x" : -29.22669,
      "y" : -40.390293,
      "z" : 8.528233
    }, {
      "x" : -44.654408,
      "y" : 15.427718,
      "z" : 18.063087
    }, {
      "x" : -38.006577,
      "y" : 14.5172205,
      "z" : 23.489357
    } ],
    "faces" : [ {
      "vertices" : [ 0, 1, 2 ]
    }, {
      "vertices" : [ 0, 2, 3 ]
    }, {
      "vertices" : [ 0, 3, 2 ]
    }, {
      "vertices" : [ 0, 2, 1 ]
    } ]
  }, {
    "id" : "51081d90-80ce-439c-befe-850ba58c6ce7",
    "vertices" : [ {
      "x" : -14.5172205,
      "y" : -23.489357,
      "z" : 38.006577
    }, {
      "x" : -15.427718,
      "y" : -18.063087,
      "z" : 44.654408
    }, {
      "x" : -49.925144,
      "y" : 6.8994856,
      "z" : 4.2641163
    }, {
      "x" : -46.978714,
      "y" : 0.0,
      "z" : 0.0
    } ],
    "faces" : [ {
      "vertices" : [ 0, 1, 2 ]
    }, {
      "vertices" : [ 0, 2, 3 ]
    }, {
      "vertices" : [ 0, 3, 2 ]
    }, {
      "vertices" : [ 0, 2, 1 ]
    } ]
  }, {
    "id" : "64af6b3d-b7e3-458f-a5ac-fbd19ce76bc6",
    "vertices" : [ {
      "x" : -46.978714,
      "y" : -17.944271,
      "z" : 29.034441
    }, {
      "x" : -44.654408,
      "y" : -15.427718,
      "z" : 18.063087
    }, {
      "x" : -29.22669,
      "y" : 40.390293,
      "z" : 8.528233
    }, {
      "x" : -29.034441,
      "y" : 46.978714,
      "z" : 17.944271
    } ],
    "faces" : [ {
      "vertices" : [ 0, 1, 2 ]
    }, {
      "vertices" : [ 0, 2, 3 ]
    }, {
      "vertices" : [ 0, 3, 2 ]
    }, {
      "vertices" : [ 0, 2, 1 ]
    } ]
  }, {
    "id" : "74184db0-ffeb-4d7b-8d18-a52878a79a1a",
    "vertices" : [ {
      "x" : -14.5172205,
      "y" : 23.489357,
      "z" : -38.006577
    }, {
      "x" : -15.427718,
      "y" : 31.862059,
      "z" : -36.126175
    }, {
      "x" : 40.390293,
      "y" : 22.327204,
      "z" : -20.698456
    }, {
      "x" : 38.006577,
      "y" : 14.5172205,
      "z" : -23.489357
    } ],
    "faces" : [ {
      "vertices" : [ 0, 1, 2 ]
    }, {
