{
  "field" : "golden",
  "symmetry" : "icosahedral",
  "orientations" : [ [ 1.0, 0.0, 0.0, 0.0, 0.0, 1.0, 0.0, 0.0, 0.0, 0.0, 1.0, 0.0, 0.0, 0.0, 0.0, 1.0 ], [ 0.0, 0.0, 1.0, 0.0, 1.0, 0.0, 0.0, 0.0, 0.0, 1.0, 0.0, 0.0, 0.0, 0.0, 0.0, 1.0 ], [ 0.0, 1.0, 0.0, 0.0, 0.0, 0.0, 1.0, 0.0, 1.0, 0.0, 0.0, 0.0, 0.0, 0.0, 0.0, 1.0 ], [ 0.809017, 0.309017, 0.5, 0.0, 0.309017, 0.5, -0.809017, 0.0, -0.5, 0.809017, 0.309017, 0.0, 0.0, 0.0, 0.0, 1.0 ], [ -0.5, 0.809017, 0.309017, 0.0, 0.809017, 0.309017, 0.5, 0.0, 0.309017, 0.5, -0.809017, 0.0, 0.0, 0.0, 0.0, 1.0 ], [ 0.309017, 0.5, -0.809017, 0.0, -0.5, 0.809017, 0.309017, 0.0, 0.809017, 0.309017, 0.5, 0.0, 0.0, 0.0, 0.0, 1.0 ], [ 0.5, 0.809017, 0.309017, 0.0, 0.809017, -0.309017, -0.5, 0.0, -0.309017, 0.5, -0.809017, 0.0, 0.0, 0.0, 0.0, 1.0 ], [ -0.309017, 0.5, -0.809017, 0.0, 0.5, 0.809017, 0.309017, 0.0, 0.809017, -0.309017, -0.5, 0.0, 0.0, 0.0, 0.0, 1.0 ], [ 0.809017, -0.309017, -0.5, 0.0, -0.309017, 0.5, -0.809017, 0.0, 0.5, 0.809017, 0.309017, 0.0, 0.0, 0.0, 0.0, 1.0 ], [ 0.5, 0.809017, -0.309017, 0.0, 0.809017, -0.309017, 0.5, 0.0, 0.309017, -0.5, -0.809017, 0.0, 0.0, 0.0, 0.0, 1.0 ], [ 0.309017, -0.5, -0.809017, 0.0, 0.5, 0.809017, -0.309017, 0.0, 0.809017, -0.309017, 0.5, 0.0, 0.0, 0.0, 0.0, 1.0 ], [ 0.809017, -0.309017, 0.5, 0.0, 0.309017, -0.5, -0.809017, 0.0, 0.5, 0.809017, -0.309017, 0.0, 0.0, 0.0, 0.0, 1.0 ], [ 0.809017, 0.309017, -0.5, 0.0, 0.309017, 0.5, 0.809017, 0.0, 0.5, -0.809017, 0.309017, 0.0, 0.0, 0.0, 0.0, 1.0 ], [ 0.5, -0.809017, 0.309017, 0.0, 0.809017, 0.309017, -0.5, 0.0, 0.309017, 0.5, 0.809017, 0.0, 0.0, 0.0, 0.0, 1.0 ], [ 0.309017, 0.5, 0.809017, 0.0, 0.5, -0.809017, 0.309017, 0.0, 0.809017, 0.309017, -0.5, 0.0, 0.0, 0.0, 0.0, 1.0 ], [ 1.0, 0.0, 0.0, 0.0, 0.0, -1.0, 0.0, 0.0, 0.0, 0.0, -1.0, 0.0, 0.0, 0.0, 0.0, 1.0 ], [ 0.0, 0.0, 1.0, 0.0, -1.0, 0.0, 0.0, 0.0, 0.0, -1.0, 0.0, 0.0, 0.0, 0.0, 0.0, 1.0 ], [ 0.0, 1.0, 0.0, 0.0, 0.0, 0.0, -1.0, 0.0, -1.0, 0.0, 0.0, 0.0, 0.0, 0.0, 0.0, 1.0 ], [ 0.809017, 0.309017, 0.5, 0.0, -0.309017, -0.5, 0.809017, 0.0, 0.5, -0.809017, -0.309017, 0.0, 0.0, 0.0, 0.0, 1.0 ], [ -0.5, 0.809017, 0.309017, 0.0, -0.809017, -0.309017, -0.5, 0.0, -0.309017, -0.5, 0.809017, 0.0, 0.0, 0.0, 0.0, 1.0 ], [ 0.309017, 0.5, -0.809017, 0.0, 0.5, -0.809017, -0.309017, 0.0, -0.809017, -0.309017, -0.5, 0.0, 0.0, 0.0, 0.0, 1.0 ], [ 0.5, 0.809017, 0.309017, 0.0, -0.809017, 0.309017, 0.5, 0.0, 0.309017, -0.5, 0.809017, 0.0, 0.0, 0.0, 0.0, 1.0 ], [ -0.309017, 0.5, -0.809017, 0.0, -0.5, -0.809017, -0.309017, 0.0, -0.809017, 0.309017, 0.5, 0.0, 0.0, 0.0, 0.0, 1.0 ], [ 0.809017, -0.309017, -0.5, 0.0, 0.309017, -0.5, 0.809017, 0.0, -0.5, -0.809017, -0.309017, 0.0, 0.0, 0.0, 0.0, 1.0 ], [ 0.5, 0.809017, -0.309017, 0.0, -0.809017, 0.309017, -0.5, 0.0, -0.309017, 0.5, 0.809017, 0.0, 0.0, 0.0, 0.0, 1.0 ], [ 0.309017, -0.5, -0.809017, 0.0, -0.5, -0.809017, 0.309017, 0.0, -0.809017, 0.309017, -0.5, 0.0, 0.0, 0.0, 0.0, 1.0 ], [ 0.809017, -0.309017, 0.5, 0.0, -0.309017, 0.5, 0.809017, 0.0, -0.5, -0.809017, 0.309017, 0.0, 0.0, 0.0, 0.0, 1.0 ], [ 0.809017, 0.309017, -0.5, 0.0, -0.309017, -0.5, -0.809017, 0.0, -0.5, 0.809017, -0.309017, 0.0, 0.0, 0.0, 0.0, 1.0 ], [ 0.5, -0.809017, 0.309017, 0.0, -0.809017, -0.309017, 0.5, 0.0, -0.309017, -0.5, -0.809017, 0.0, 0.0, 0.0, 0.0, 1.0 ], [ 0.309017, 0.5, 0.809017, 0.0, -0.5, 0.809017, -0.309017, 0.0, -0.809017, -0.309017, 0.5, 0.0, 0.0, 0.0, 0.0, 1.0 ], [ -1.0, 0.0, 0.0, 0.0, 0.0, -1.0, 0.0, 0.0, 0.0, 0.0, 1.0, 0.0, 0.0, 0.0, 0.0, 1.0 ], [ 0.0, 0.0, -1.0, 0.0, -1.0, 0.0, 0.0, 0.0, 0.0, 1.0, 0.0, 0.0, 0.0, 0.0, 0.0, 1.0 ], [ 0.0, -1.0, 0.0, 0.0, 0.0, 0.0, -1.0, 0.0, 1.0, 0.0, 0.0, 0.0, 0.0, 0.0, 0.0, 1.0 ], [ -0.809017, -0.309017, -0.5, 0.0, -0.309017, -0.5, 0.809017, 0.0, -0.5, 0.809017, 0.309017, 0.0, 0.0, 0.0, 0.0, 1.0 ], [ 0.5, -0.809017, -0.309017, 0.0, -0.809017, -0.309017, -0.5, 0.0, 0.309017, 0.5, -0.809017, 0.0, 0.0, 0.0, 0.0, 1.0 ], [ -0.309017, -0.5, 0.809017, 0.0, 0.5, -0.809017, -0.309017, 0.0, 0.809017, 0.309017, 0.5, 0.0, 0.0, 0.0, 0.0, 1.0 ], [ -0.5, -0.809017, -0.309017, 0.0, -0.809017, 0.309017, 0.5, 0.0, -0.309017, 0.5, -0.809017, 0.0, 0.0, 0.0, 0.0, 1.0 ], [ 0.309017, -0.5, 0.809017, 0.0, -0.5, -0.809017, -0.309017, 0.0, 0.809017, -0.309017, -0.5, 0.0, 0.0, 0.0, 0.0, 1.0 ], [ -0.809017, 0.309017, 0.5, 0.0, 0.309017, -0.5, 0.809017, 0.0, 0.5, 0.809017, 0.309017, 0.0, 0.0, 0.0, 0.0, 1.0 ], [ -0.5, -0.809017, 0.309017, 0.0, -0.809017, 0.309017, -0.5, 0.0, 0.309017, -0.5, -0.809017, 0.0, 0.0, 0.0, 0.0, 1.0 ], [ -0.309017, 0.5, 0.809017, 0.0, -0.5, -0.809017, 0.309017, 0.0, 0.809017, -0.309017, 0.5, 0.0, 0.0, 0.0, 0.0, 1.0 ], [ -0.809017, 0.309017, -0.5, 0.0, -0.309017, 0.5, 0.809017, 0.0, 0.5, 0.809017, -0.309017, 0.0, 0.0, 0.0, 0.0, 1.0 ], [ -0.809017, -0.309017, 0.5, 0.0, -0.309017, -0.5, -0.809017, 0.0, 0.5, -0.809017, 0.309017, 0.0, 0.0, 0.0, 0.0, 1.0 ], [ -0.5, 0.809017, -0.309017, 0.0, -0.809017, -0.309017, 0.5, 0.0, 0.309017, 0.5, 0.809017, 0.0, 0.0, 0.0, 0.0, 1.0 ], [ -0.309017, -0.5, -0.809017, 0.0, -0.5, 0.809017, -0.309017, 0.0, 0.809017, 0.309017, -0.5, 0.0, 0.0, 0.0, 0.0, 1.0 ], [ -1.0, 0.0, 0.0, 0.0, 0.0, 1.0, 0.0, 0.0, 0.0, 0.0, -1.0, 0.0, 0.0, 0.0, 0.0, 1.0 ], [ 0.0, 0.0, -1.0, 0.0, 1.0, 0.0, 0.0, 0.0, 0.0, -1.0, 0.0, 0.0, 0.0, 0.0, 0.0, 1.0 ], [ 0.0, -1.0, 0.0, 0.0, 0.0, 0.0, 1.0, 0.0, -1.0, 0.0, 0.0, 0.0, 0.0, 0.0, 0.0, 1.0 ], [ -0.809017, -0.309017, -0.5, 0.0, 0.309017, 0.5, -0.809017, 0.0, 0.5, -0.809017, -0.309017, 0.0, 0.0, 0.0, 0.0, 1.0 ], [ 0.5, -0.809017, -0.309017, 0.0, 0.809017, 0.309017, 0.5, 0.0, -0.309017, -0.5, 0.809017, 0.0, 0.0, 0.0, 0.0, 1.0 ], [ -0.309017, -0.5, 0.809017, 0.0, -0.5, 0.809017, 0.309017, 0.0, -0.809017, -0.309017, -0.5, 0.0, 0.0, 0.0, 0.0, 1.0 ], [ -0.5, -0.809017, -0.309017, 0.0, 0.809017, -0.309017, -0.5, 0.0, 0.309017, -0.5, 0.809017, 0.0, 0.0, 0.0, 0.0, 1.0 ], [ 0.309017, -0.5, 0.809017, 0.0, 0.5, 0.809017, 0.309017, 0.0, -0.809017, 0.309017, 0.5, 0.0, 0.0, 0.0, 0.0, 1.0 ], [ -0.809017, 0.309017, 0.5, 0.0, -0.309017, 0.5, -0.809017, 0.0, -0.5, -0.809017, -0.309017, 0.0, 0.0, 0.0, 0.0, 1.0 ], [ -0.5, -0.809017, 0.309017, 0.0, 0.809017, -0.309017, 0.5, 0.0, -0.309017, 0.5, 0.809017, 0.0, 0.0, 0.0, 0.0, 1.0 ], [ -0.309017, 0.5, 0.809017, 0.0, 0.5, 0.809017, -0.309017, 0.0, -0.809017, 0.309017, -0.5, 0.0, 0.0, 0.0, 0.0, 1.0 ], [ -0.809017, 0.309017, -0.5, 0.0, 0.309017, -0.5, -0.809017, 0.0, -0.5, -0.809017, 0.309017, 0.0, 0.0, 0.0, 0.0, 1.0 ], [ -0.809017, -0.309017, 0.5, 0.0, 0.309017, 0.5, 0.809017, 0.0, -0.5, 0.809017, -0.309017, 0.0, 0.0, 0.0, 0.0, 1.0 ], [ -0.5, 0.809017, -0.309017, 0.0, 0.809017, 0.309017, -0.5, 0.0, -0.309017, -0.5, -0.809017, 0.0, 0.0, 0.0, 0.0, 1.0 ], [ -0.309017, -0.5, -0.809017, 0.0, 0.5, -0.809017, 0.309017, 0.0, -0.809017, -0.309017, 0.5, 0.0, 0.0, 0.0, 0.0, 1.0 ] ],
  "lights" : {
    "ambientColor" : "#292929",
    "backgroundColor" : "#D6EAFF",
    "directionalLights" : [ {
      "direction" : {
        "x" : 1.0,
        "y" : -1.0,
        "z" : -1.0
      },
      "color" : "#EBEBE4"
    }, {
      "direction" : {
        "x" : -1.0,
        "y" : 0.0,
        "z" : 0.0
      },
      "color" : "#E4E4EB"
    }, {
      "direction" : {
        "x" : 0.0,
        "y" : 0.0,
        "z" : -1.0
      },
      "color" : "#1E1E1E"
    } ]
  },
  "camera" : {
    "viewDistance" : 210.37245,
    "nearClipDistance" : 0.52593124,
    "lookDirection" : {
      "x" : -0.12941507,
      "y" : 0.9912903,
      "z" : -0.023835823
    },
    "upDirection" : {
      "x" : 0.23011729,
      "y" : 0.0066641625,
      "z" : -0.973027
    },
    "lookAtPoint" : {
      "x" : 0.0,
      "y" : 0.0,
      "z" : 0.0
    },
    "perspective" : true,
    "fieldOfView" : 0.4426289,
    "farClipDistance" : 420.74405,
    "stereo" : false,
    "width" : 94.66761,
    "position" : {
      "x" : 27.225365,
      "y" : -208.54016,
      "z" : 5.0144005
    }
  },
  "embedding" : [ 1.0, 0.0, 0.0, 0.0, 0.0, 1.0, 0.0, 0.0, 0.0, 0.0, 1.0, 0.0, 0.0, 0.0, 0.0, 1.0 ],
  "shapes" : [ {
    "id" : "214203d4-80dc-40dc-b0e0-94221d31b89f",
    "vertices" : [ {
      "x" : 4.045085,
      "y" : 8.618034,
      "z" : -3.545085
    }, {
      "x" : 0.14589803,
      "y" : 0.32623792,
      "z" : -0.14589803
    }, {
      "x" : 0.690983,
      "y" : 0.66311896,
      "z" : -0.38196602
    }, {
      "x" : 0.572949,
      "y" : 0.85410196,
      "z" : -0.072949015
    }, {
      "x" : 4.09017,
      "y" : 9.145898,
      "z" : -4.09017
    }, {
      "x" : 4.163119,
      "y" : 8.427051,
      "z" : -3.854102
    }, {
      "x" : 3.6405764,
      "y" : 8.581559,
      "z" : -4.149187
    }, {
      "x" : 3.5225425,
      "y" : 8.772543,
      "z" : -3.84017
    }, {
      "x" : 0.16844052,
      "y" : 0.81762743,
      "z" : -0.677051
    }, {
      "x" : 0.05040653,
      "y" : 1.0086105,
      "z" : -0.36803398
    }, {
      "x" : 4.236068,
      "y" : 9.472136,
      "z" : -4.236068
    } ],
    "faces" : [ {
      "vertices" : [ 4, 6, 7 ]
    }, {
      "vertices" : [ 1, 9, 8 ]
    }, {
      "vertices" : [ 0, 7, 9 ]
    }, {
      "vertices" : [ 0, 9, 3 ]
    }, {
      "vertices" : [ 2, 8, 6 ]
    }, {
      "vertices" : [ 2, 6, 5 ]
    }, {
      "vertices" : [ 1, 2, 3 ]
    }, {
      "vertices" : [ 0, 5, 4 ]
    }, {
      "vertices" : [ 0, 3, 2 ]
    }, {
      "vertices" : [ 0, 2, 5 ]
    }, {
      "vertices" : [ 0, 4, 7 ]
    }, {
      "vertices" : [ 1, 8, 2 ]
    }, {
      "vertices" : [ 1, 3, 9 ]
    }, {
      "vertices" : [ 6, 8, 9 ]
    }, {
      "vertices" : [ 6, 9, 7 ]
    }, {
      "vertices" : [ 4, 5, 6 ]
    } ]
  }, {
    "id" : "4704221f-cadb-4fa4-ad9e-44e9c160b11a",
    "vertices" : [ {
      "x" : 0.0,
      "y" : 0.0,
      "z" : 13.708204
    }, {
      "x" : -1.618034,
      "y" : -2.618034,
      "z" : 1.0
    }, {
      "x" : 0.0,
      "y" : -5.236068,
      "z" : -11.708204
    }, {
      "x" : 1.618034,
      "y" : -2.618034,
      "z" : 1.0
    } ],
    "faces" : [ {
      "vertices" : [ 0, 1, 2 ]
    }, {
      "vertices" : [ 0, 2, 3 ]
    }, {
      "vertices" : [ 0, 3, 2 ]
    }, {
      "vertices" : [ 0, 2, 1 ]
    } ]
  }, {
    "id" : "6ae8a9e5-8d73-431a-b312-c6b9997cbbdb",
    "vertices" : [ {
      "x" : 0.16311896,
      "y" : 0.66311896,
      "z" : 0.76393205
    }, {
      "x" : 4.454915,
      "y" : 4.954915,
      "z" : 7.708204
    }, {
      "x" : 4.763932,
      "y" : 5.072949,
      "z" : 7.517221
    }, {
      "x" : 0.47213596,
      "y" : 0.78115296,
      "z" : 0.572949
    }, {
      "x" : 5.236068,
      "y" : 5.236068,
      "z" : 8.472136
    }, {
      "x" : 0.78115296,
      "y" : 0.28115296,
      "z" : 0.76393205
    }, {
      "x" : 0.18033989,
      "y" : 0.18033989,
      "z" : 0.29179606
    }, {
      "x" : 5.072949,
      "y" : 4.572949,
      "z" : 7.708204
    }, {
      "x" : 4.763932,
      "y" : 4.454915,
      "z" : 7.899187
    }, {
      "x" : 0.47213596,
      "y" : 0.16311896,
      "z" : 0.95491505
    }, {
      "x" : 5.055728,
      "y" : 5.055728,
      "z" : 8.18034
    } ],
    "faces" : [ {
      "vertices" : [ 2, 7, 5 ]
    }, {
      "vertices" : [ 2, 5, 3 ]
    }, {
      "vertices" : [ 0, 9, 8 ]
    }, {
      "vertices" : [ 0, 8, 1 ]
    }, {
      "vertices" : [ 2, 10, 7 ]
    }, {
      "vertices" : [ 1, 8, 10 ]
    }, {
      "vertices" : [ 5, 9, 6 ]
    }, {
      "vertices" : [ 0, 1, 2 ]
    }, {
      "vertices" : [ 0, 2, 3 ]
    }, {
      "vertices" : [ 0, 3, 6 ]
    }, {
      "vertices" : [ 7, 10, 8 ]
    }, {
      "vertices" : [ 5, 7, 8 ]
    }, {
      "vertices" : [ 5, 8, 9 ]
    }, {
      "vertices" : [ 1, 10, 2 ]
    }, {
      "vertices" : [ 3, 5, 6 ]
    }, {
      "vertices" : [ 0, 6, 9 ]
    } ]
  }, {
    "id" : "98c993c6-c69d-4c17-8c57-aa01e880e6bf",
    "vertices" : [ {
      "x" : 0.309017,
      "y" : -0.309017,
      "z" : -0.309017
    }, {
      "x" : 0.5,
      "y" : 0.0,
      "z" : -0.19098301
    }, {
      "x" : 0.5,
      "y" : 0.0,
      "z" : 0.19098301
    }, {
      "x" : 0.309017,
      "y" : -0.309017,
      "z" : 0.309017
    }, {
      "x" : 0.19098301,
      "y" : -0.5,
      "z" : 0.0
    }, {
      "x" : 0.0,
      "y" : 0.19098301,
      "z" : 0.5
    }, {
      "x" : 0.0,
      "y" : -0.19098301,
      "z" : 0.5
    }, {
      "x" : 0.309017,
      "y" : 0.309017,
      "z" : 0.309017
    }, {
      "x" : -0.309017,
      "y" : -0.309017,
      "z" : 0.309017
    }, {
      "x" : -0.309017,
      "y" : 0.309017,
      "z" : 0.309017
    }, {
      "x" : -0.5,
      "y" : 0.0,
      "z" : 0.19098301
    }, {
      "x" : 0.0,
      "y" : -0.19098301,
      "z" : -0.5
    }, {
      "x" : 0.0,
      "y" : 0.19098301,
      "z" : -0.5
    }, {
      "x" : 0.309017,
      "y" : 0.309017,
      "z" : -0.309017
    }, {
      "x" : -0.309017,
      "y" : -0.309017,
      "z" : -0.309017
    }, {
      "x" : -0.19098301,
      "y" : -0.5,
      "z" : 0.0
    }, {
      "x" : -0.5,
      "y" : 0.0,
      "z" : -0.19098301
    }, {
      "x" : 0.19098301,
      "y" : 0.5,
      "z" : 0.0
    }, {
      "x" : -0.309017,
      "y" : 0.309017,
      "z" : -0.309017
    }, {
      "x" : 0.0,
      "y" : 0.0,
      "z" : 0.0
    }, {
      "x" : -0.19098301,
      "y" : 0.5,
      "z" : 0.0
    } ],
    "faces" : [ {
      "vertices" : [ 12, 18, 20 ]
    }, {
      "vertices" : [ 12, 20, 17 ]
    }, {
      "vertices" : [ 12, 17, 13 ]
    }, {
      "vertices" : [ 3, 6, 8 ]
    }, {
      "vertices" : [ 3, 8, 15 ]
    }, {
      "vertices" : [ 3, 15, 4 ]
    }, {
      "vertices" : [ 0, 11, 12 ]
    }, {
      "vertices" : [ 0, 12, 13 ]
    }, {
      "vertices" : [ 0, 13, 1 ]
    }, {
      "vertices" : [ 5, 9, 10 ]
    }, {
      "vertices" : [ 5, 10, 8 ]
    }, {
      "vertices" : [ 5, 8, 6 ]
    }, {
      "vertices" : [ 2, 7, 5 ]
    }, {
      "vertices" : [ 2, 5, 6 ]
    }, {
      "vertices" : [ 2, 6, 3 ]
    }, {
      "vertices" : [ 11, 14, 16 ]
    }, {
      "vertices" : [ 11, 16, 18 ]
    }, {
      "vertices" : [ 11, 18, 12 ]
    }, {
      "vertices" : [ 1, 13, 17 ]
    }, {
      "vertices" : [ 1, 17, 7 ]
    }, {
      "vertices" : [ 1, 7, 2 ]
    }, {
      "vertices" : [ 9, 20, 18 ]
    }, {
      "vertices" : [ 9, 18, 16 ]
    }, {
      "vertices" : [ 9, 16, 10 ]
    }, {
      "vertices" : [ 0, 1, 2 ]
    }, {
      "vertices" : [ 0, 2, 3 ]
    }, {
      "vertices" : [ 0, 3, 4 ]
    }, {
      "vertices" : [ 5, 7, 17 ]
    }, {
      "vertices" : [ 5, 17, 20 ]
    }, {
      "vertices" : [ 5, 20, 9 ]
    }, {
      "vertices" : [ 0, 4, 15 ]
    }, {
      "vertices" : [ 0, 15, 14 ]
    }, {
      "vertices" : [ 0, 14, 11 ]
    }, {
      "vertices" : [ 8, 10, 16 ]
    }, {
      "vertices" : [ 8, 16, 14 ]
    }, {
      "vertices" : [ 8, 14, 15 ]
    } ]
  }, {
    "id" : "0d56415c-6efb-4993-816d-aa2d06bfcf50",
    "vertices" : [ {
      "x" : 0.0,
      "y" : 0.0,
      "z" : 13.708204
    }, {
      "x" : 4.236068,
      "y" : 9.472136,
      "z" : 9.472136
    }, {
      "x" : 13.708204,
      "y" : 13.708204,
      "z" : 5.236068
    }, {
      "x" : 9.472136,
      "y" : 4.236068,
      "z" : 9.472136
    } ],
    "faces" : [ {
      "vertices" : [ 0, 1, 2 ]
    }, {
      "vertices" : [ 0, 2, 3 ]
    }, {
      "vertices" : [ 0, 3, 2 ]
    }, {
      "vertices" : [ 0, 2, 1 ]
    } ]
  }, {
    "id" : "57c85b8d-0a94-45c1-9fcc-5c30f7647512",
    "vertices" : [ {
      "x" : 0.9655582,
      "y" : 6.618034,
      "z" : 10.708204
    }, {
      "x" : 0.90983003,
      "y" : 6.545085,
      "z" : 9.899187
    }, {
      "x" : 0.090169944,
      "y" : 0.309017,
      "z" : 1.190983
    }, {
      "x" : 0.90983003,
      "y" : 5.927051,
      "z" : 10.281153
    }, {
      "x" : 0.6008131,
      "y" : 6.427051,
      "z" : 10.09017
    }, {
      "x" : -0.21884705,
      "y" : 0.809017,
      "z" : 1.0
    }, {
      "x" : 0.39918694,
      "y" : 0.42705098,
      "z" : 1.0
    }, {
      "x" : 0.034441855,
      "y" : 0.23606798,
      "z" : 0.38196602
    }, {
      "x" : 0.090169944,
      "y" : 0.927051,
      "z" : 0.809017
    }, {
      "x" : 1.0,
      "y" : 6.854102,
      "z" : 11.09017
    }, {
      "x" : 1.218847,
      "y" : 6.045085,
      "z" : 10.09017
    } ],
    "faces" : [ {
      "vertices" : [ 1, 8, 5 ]
    }, {
      "vertices" : [ 1, 5, 4 ]
    }, {
      "vertices" : [ 5, 8, 7 ]
    }, {
      "vertices" : [ 6, 7, 8 ]
    }, {
      "vertices" : [ 2, 6, 10 ]
    }, {
      "vertices" : [ 2, 10, 3 ]
    }, {
      "vertices" : [ 0, 1, 4 ]
    }, {
      "vertices" : [ 0, 4, 3 ]
    }, {
      "vertices" : [ 1, 10, 6 ]
    }, {
      "vertices" : [ 1, 6, 8 ]
    }, {
      "vertices" : [ 0, 10, 1 ]
    }, {
      "vertices" : [ 0, 3, 10 ]
    }, {
      "vertices" : [ 2, 3, 4 ]
    }, {
      "vertices" : [ 2, 4, 5 ]
    }, {
      "vertices" : [ 2, 5, 7 ]
    }, {
      "vertices" : [ 2, 7, 6 ]
    } ]
  }, {
    "id" : "638db84f-5302-4d10-a276-52903d5068b0",
    "vertices" : [ {
      "x" : 0.0,
      "y" : 0.0,
      "z" : 13.708204
    }, {
      "x" : 1.618034,
      "y" : -2.618034,
      "z" : 1.0
    }, {
      "x" : 3.236068,
      "y" : 0.0,
      "z" : -11.708204
    }, {
      "x" : 1.618034,
      "y" : 2.618034,
      "z" : 1.0
    } ],
    "faces" : [ {
      "vertices" : [ 0, 1, 2 ]
    }, {
      "vertices" : [ 0, 2, 3 ]
    }, {
      "vertices" : [ 0, 3, 2 ]
    }, {
      "vertices" : [ 0, 2, 1 ]
    } ]
  }, {
    "id" : "3f6ab43f-fd50-4cc7-84e9-362c53c1baa1",
    "vertices" : [ {
      "x" : -3.427051,
      "y" : 3.927051,
      "z" : 4.736068
    }, {
      "x" : 0.809017,
      "y" : 8.163119,
      "z" : -3.736068
    }, {
      "x" : -3.427051,
      "y" : 3.927051,
      "z" : -12.208204
    }, {
      "x" : -7.663119,
      "y" : -0.309017,
      "z" : -3.736068
    } ],
    "faces" : [ {
      "vertices" : [ 0, 1, 2 ]
    }, {
      "vertices" : [ 0, 2, 3 ]
    }, {
      "vertices" : [ 0, 3, 2 ]
    }, {
      "vertices" : [ 0, 2, 1 ]
    } ]
  }, {
    "id" : "7c688fe5-1288-49ca-a82d-b901db4fded2",
    "vertices" : [ {
      "x" : 1.0,
      "y" : 1.618034,
      "z" : 2.618034
    }, {
      "x" : 2.0,
      "y" : 0.0,
      "z" : -8.472136
    }, {
      "x" : 1.0,
      "y" : 1.618034,
      "z" : -19.562305
    }, {
      "x" : 0.0,
      "y" : 3.236068,
      "z" : -8.472136
    } ],
    "faces" : [ {
      "vertices" : [ 0, 1, 2 ]
    }, {
      "vertices" : [ 0, 2, 3 ]
    }, {
      "vertices" : [ 0, 3, 2 ]
    }, {
      "vertices" : [ 0, 2, 1 ]
    } ]
  }, {
    "id" : "616dd9a8-7517-4c03-ac0f-90d47ee8695f",
    "vertices" : [ {
      "x" : 3.854102,
      "y" : 3.545085,
      "z" : 7.899187
    }, {
      "x" : 0.38196602,
      "y" : 0.072949015,
      "z" : 0.95491505
    }, {
      "x" : 0.690983,
      "y" : 0.19098301,
      "z" : 0.76393205
    }, {
      "x" : 4.163119,
      "y" : 3.663119,
      "z" : 7.708204
    }, {
      "x" : 3.854102,
      "y" : 4.163119,
      "z" : 7.517221
    }, {
      "x" : 4.236068,
      "y" : 4.236068,
      "z" : 8.472136
    }, {
      "x" : 0.38196602,
      "y" : 0.690983,
      "z" : 0.572949
    }, {
      "x" : 4.09017,
      "y" : 4.09017,
      "z" : 8.18034
    }, {
      "x" : 0.14589803,
      "y" : 0.14589803,
      "z" : 0.29179606
    }, {
      "x" : 0.072949015,
      "y" : 0.572949,
      "z" : 0.76393205
    }, {
      "x" : 3.545085,
      "y" : 4.045085,
      "z" : 7.708204
    } ],
    "faces" : [ {
      "vertices" : [ 2, 8, 6 ]
    }, {
      "vertices" : [ 0, 7, 10 ]
    }, {
      "vertices" : [ 1, 9, 8 ]
    }, {
      "vertices" : [ 0, 10, 9 ]
    }, {
      "vertices" : [ 0, 9, 1 ]
    }, {
      "vertices" : [ 4, 10, 7 ]
    }, {
      "vertices" : [ 0, 1, 2 ]
    }, {
      "vertices" : [ 0, 2, 3 ]
    }, {
      "vertices" : [ 6, 8, 9 ]
    }, {
      "vertices" : [ 0, 3, 7 ]
    }, {
      "vertices" : [ 1, 8, 2 ]
    }, {
      "vertices" : [ 4, 6, 9 ]
    }, {
      "vertices" : [ 4, 9, 10 ]
    }, {
      "vertices" : [ 3, 4, 7 ]
    }, {
      "vertices" : [ 2, 6, 4 ]
    }, {
      "vertices" : [ 2, 4, 3 ]
    } ]
  }, {
    "id" : "ff998b34-1db2-4514-9a24-cba3246fe711",
    "vertices" : [ {
      "x" : 0.0,
      "y" : 0.0,
      "z" : 13.708204
    }, {
      "x" : 9.472136,
      "y" : -4.236068,
      "z" : 9.472136
    }, {
      "x" : 13.708204,
      "y" : -13.708204,
      "z" : 5.236068
    }, {
      "x" : 4.236068,
      "y" : -9.472136,
      "z" : 9.472136
    } ],
    "faces" : [ {
      "vertices" : [ 0, 1, 2 ]
    }, {
      "vertices" : [ 0, 2, 3 ]
    }, {
      "vertices" : [ 0, 3, 2 ]
    }, {
      "vertices" : [ 0, 2, 1 ]
    } ]
  }, {
    "id" : "ca4f2817-0e6d-45e1-9ac4-5ca97f88342b",
    "vertices" : [ {
      "x" : 2.0,
      "y" : 0.0,
      "z" : -8.472136
    }, {
      "x" : 1.0,
      "y" : -1.618034,
      "z" : -19.562305
    }, {
      "x" : 0.0,
      "y" : 0.0,
      "z" : -30.652475
    }, {
      "x" : 1.0,
      "y" : 1.618034,
      "z" : -19.562305
    } ],
    "faces" : [ {
      "vertices" : [ 0, 1, 2 ]
    }, {
      "vertices" : [ 0, 2, 3 ]
    }, {
      "vertices" : [ 0, 3, 2 ]
    }, {
      "vertices" : [ 0, 2, 1 ]
    } ]
  }, {
    "id" : "ed336d3b-f48e-4a62-aaf1-41cb185eedcd",
    "vertices" : [ {
      "x" : 0.0,
      "y" : 0.0,
      "z" : 13.708204
    }, {
      "x" : -4.236068,
      "y" : -9.472136,
      "z" : 9.472136
    }, {
      "x" : -13.708204,
      "y" : -13.708204,
      "z" : 5.236068
    }, {
      "x" : -9.472136,
      "y" : -4.236068,
      "z" : 9.472136
    } ],
    "faces" : [ {
      "vertices" : [ 0, 1, 2 ]
    }, {
      "vertices" : [ 0, 2, 3 ]
    }, {
      "vertices" : [ 0, 3, 2 ]
    }, {
      "vertices" : [ 0, 2, 1 ]
    } ]
  }, {
    "id" : "21b8377c-6ff5-430f-9abd-70d19d3a036c",
    "vertices" : [ {
      "x" : 0.0,
      "y" : 0.0,
      "z" : 13.708204
    }, {
      "x" : 3.427051,
      "y" : -3.927051,
      "z" : 4.736068
    }, {
      "x" : 7.663119,
      "y" : 0.309017,
      "z" : -3.736068
    }, {
      "x" : 4.236068,
      "y" : 4.236068,
      "z" : 5.236068
    } ],
    "faces" : [ {
      "vertices" : [ 0, 1, 2 ]
    }, {
      "vertices" : [ 0, 2, 3 ]
    }, {
      "vertices" : [ 0, 3, 2 ]
    }, {
      "vertices" : [ 0, 2, 1 ]
    } ]
  }, {
    "id" : "b7f1216b-4b5d-4cf7-980e-29dc8777b7a6",
    "vertices" : [ {
      "x" : 0.0,
      "y" : 0.0,
      "z" : 13.708204
    }, {
      "x" : -9.472136,
      "y" : 4.236068,
      "z" : 9.472136
    }, {
      "x" : -13.708204,
      "y" : 13.708204,
      "z" : 5.236068
    }, {
      "x" : -4.236068,
      "y" : 9.472136,
      "z" : 9.472136
    } ],
    "faces" : [ {
      "vertices" : [ 0, 1, 2 ]
    }, {
      "vertices" : [ 0, 2, 3 ]
    }, {
      "vertices" : [ 0, 3, 2 ]
    }, {
      "vertices" : [ 0, 2, 1 ]
    } ]
  }, {
    "id" : "030993fd-215e-4a03-bd43-8e2b4c5b9747",
    "vertices" : [ {
      "x" : -1.0,
      "y" : 1.618034,
      "z" : 2.618034
    }, {
      "x" : 0.0,
      "y" : 3.236068,
      "z" : -8.472136
    }, {
      "x" : -1.0,
      "y" : 1.618034,
      "z" : -19.562305
    }, {
      "x" : -2.0,
      "y" : 0.0,
      "z" : -8.472136
    } ],
    "faces" : [ {
      "vertices" : [ 0, 1, 2 ]
    }, {
      "vertices" : [ 0, 2, 3 ]
    }, {
      "vertices" : [ 0, 3, 2 ]
    }, {
      "vertices" : [ 0, 2, 1 ]
    } ]
  }, {
    "id" : "2bc8587b-af28-4187-bea4-e9dd802586e4",
    "vertices" : [ {
      "x" : 0.0,
      "y" : 0.0,
      "z" : 13.708204
    }, {
      "x" : 4.236068,
      "y" : -9.472136,
      "z" : 9.472136
    }, {
      "x" : 0.0,
      "y" : -18.944271,
      "z" : 5.236068
    }, {
      "x" : -4.236068,
      "y" : -9.472136,
      "z" : 9.472136
    } ],
    "faces" : [ {
      "vertices" : [ 0, 1, 2 ]
    }, {
      "vertices" : [ 0, 2, 3 ]
    }, {
      "vertices" : [ 0, 3, 2 ]
    }, {
      "vertices" : [ 0, 2, 1 ]
    } ]
  }, {
    "id" : "dfb9e877-2a43-48bb-a507-4afd8e5e5d6c",
    "vertices" : [ {
      "x" : 0.0,
      "y" : 0.0,
      "z" : 13.708204
    }, {
      "x" : 4.236068,
      "y" : 4.236068,
      "z" : 5.236068
    }, {
      "x" : 0.809017,
      "y" : 8.163119,
      "z" : -3.736068
    }, {
      "x" : -3.427051,
      "y" : 3.927051,
      "z" : 4.736068
    } ],
    "faces" : [ {
      "vertices" : [ 0, 1, 2 ]
    }, {
      "vertices" : [ 0, 2, 3 ]
    }, {
      "vertices" : [ 0, 3, 2 ]
    }, {
      "vertices" : [ 0, 2, 1 ]
    } ]
  }, {
    "id" : "48dc3a30-6fdc-4ab9-91bb-cd2a35f1f947",
    "vertices" : [ {
      "x" : 0.0,
      "y" : 3.236068,
      "z" : -8.472136
    }, {
      "x" : 1.0,
      "y" : 1.618034,
      "z" : -19.562305
    }, {
      "x" : 0.0,
      "y" : 0.0,
      "z" : -30.652475
    }, {
      "x" : -1.0,
      "y" : 1.618034,
      "z" : -19.562305
    } ],
    "faces" : [ {
      "vertices" : [ 0, 1, 2 ]
    }, {
      "vertices" : [ 0, 2, 3 ]
    }, {
      "vertices" : [ 0, 3, 2 ]
    }, {
      "vertices" : [ 0, 2, 1 ]
    } ]
  }, {
    "id" : "6e9cdd3a-d49c-4d4b-adc1-347242cbef10",
    "vertices" : [ {
      "x" : 0.0,
      "y" : 0.0,
      "z" : 13.708204
    }, {
      "x" : -4.236068,
      "y" : -4.236068,
      "z" : 5.236068
    }, {
      "x" : -0.809017,
      "y" : -8.163119,
      "z" : -3.736068
    }, {
      "x" : 3.427051,
      "y" : -3.927051,
      "z" : 4.736068
    } ],
    "faces" : [ {
      "vertices" : [ 0, 1, 2 ]
    }, {
      "vertices" : [ 0, 2, 3 ]
    }, {
      "vertices" : [ 0, 3, 2 ]
    }, {
      "vertices" : [ 0, 2, 1 ]
    } ]
  }, {
    "id" : "476f7026-da99-427d-89fa-46e1214e6d94",
    "vertices" : [ {
      "x" : -1.618034,
      "y" : 2.618034,
      "z" : 1.0
    }, {
      "x" : 0.0,
      "y" : 5.236068,
      "z" : -11.708204
    }, {
      "x" : -1.618034,
      "y" : 2.618034,
      "z" : -24.416409
    }, {
      "x" : -3.236068,
      "y" : 0.0,
      "z" : -11.708204
    } ],
    "faces" : [ {
      "vertices" : [ 0, 1, 2 ]
    }, {
      "vertices" : [ 0, 2, 3 ]
    }, {
      "vertices" : [ 0, 3, 2 ]
    }, {
      "vertices" : [ 0, 2, 1 ]
    } ]
  }, {
    "id" : "2b1a1c5c-6763-4119-a728-3375b13105eb",
    "vertices" : [ {
      "x" : 0.0,
      "y" : 0.0,
      "z" : 13.708204
    }, {
      "x" : -1.618034,
      "y" : 2.618034,
      "z" : 1.0
    }, {
      "x" : -3.236068,
      "y" : 0.0,
      "z" : -11.708204
    }, {
      "x" : -1.618034,
      "y" : -2.618034,
      "z" : 1.0
    } ],
    "faces" : [ {
      "vertices" : [ 0, 1, 2 ]
    }, {
      "vertices" : [ 0, 2, 3 ]
    }, {
      "vertices" : [ 0, 3, 2 ]
    }, {
      "vertices" : [ 0, 2, 1 ]
    } ]
  }, {
    "id" : "3fb94b27-5a42-4124-9b99-a7ea0ab52068",
    "vertices" : [ {
      "x" : 1.618034,
      "y" : -2.618034,
      "z" : 1.0
    }, {
      "x" : 0.0,
      "y" : -5.236068,
      "z" : -11.708204
    }, {
      "x" : 1.618034,
      "y" : -2.618034,
      "z" : -24.416409
    }, {
      "x" : 3.236068,
      "y" : 0.0,
      "z" : -11.708204
    } ],
    "faces" : [ {
      "vertices" : [ 0, 1, 2 ]
    }, {
      "vertices" : [ 0, 2, 3 ]
    }, {
      "vertices" : [ 0, 3, 2 ]
    }, {
      "vertices" : [ 0, 2, 1 ]
    } ]
  }, {
    "id" : "16af4aec-083c-4f36-8103-afd3d78fb6b3",
    "vertices" : [ {
      "x" : 0.0,
      "y" : -3.236068,
      "z" : -8.472136
    }, {
      "x" : -1.0,
      "y" : -1.618034,
      "z" : -19.562305
    }, {
      "x" : 0.0,
      "y" : 0.0,
      "z" : -30.652475
    }, {
      "x" : 1.0,
      "y" : -1.618034,
      "z" : -19.562305
    } ],
    "faces" : [ {
      "vertices" : [ 0, 1, 2 ]
    }, {
      "vertices" : [ 0, 2, 3 ]
    }, {
      "vertices" : [ 0, 3, 2 ]
    }, {
      "vertices" : [ 0, 2, 1 ]
    } ]
  }, {
    "id" : "02d635d4-3239-475b-8ccf-871a5c58b57d",
    "vertices" : [ {
      "x" : 0.0,
      "y" : 0.0,
      "z" : 13.708204
    }, {
      "x" : 1.618034,
      "y" : 2.618034,
      "z" : 1.0
    }, {
      "x" : 0.0,
      "y" : 5.236068,
      "z" : -11.708204
    }, {
      "x" : -1.618034,
      "y" : 2.618034,
      "z" : 1.0
    } ],
    "faces" : [ {
      "vertices" : [ 0, 1, 2 ]
    }, {
      "vertices" : [ 0, 2, 3 ]
    }, {
      "vertices" : [ 0, 3, 2 ]
    }, {
      "vertices" : [ 0, 2, 1 ]
    } ]
  }, {
    "id" : "f2b34cb5-86a9-489b-a434-52de6446a7d3",
    "vertices" : [ {
      "x" : 0.0,
      "y" : 0.0,
      "z" : 13.708204
    }, {
      "x" : -1.0,
      "y" : -1.618034,
      "z" : 2.618034
    }, {
      "x" : 0.0,
      "y" : -3.236068,
      "z" : -8.472136
    }, {
      "x" : 1.0,
      "y" : -1.618034,
      "z" : 2.618034
    } ],
    "faces" : [ {
      "vertices" : [ 0, 1, 2 ]
    }, {
      "vertices" : [ 0, 2, 3 ]
    }, {
      "vertices" : [ 0, 3, 2 ]
    }, {
      "vertices" : [ 0, 2, 1 ]
    } ]
  }, {
    "id" : "54af3204-6c2c-4e81-9f78-203a132f84f1",
    "vertices" : [ {
      "x" : 0.0,
      "y" : 0.0,
      "z" : 13.708204
    }, {
      "x" : -3.427051,
      "y" : 3.927051,
      "z" : 4.736068
    }, {
      "x" : -7.663119,
      "y" : -0.309017,
      "z" : -3.736068
    }, {
      "x" : -4.236068,
      "y" : -4.236068,
      "z" : 5.236068
    } ],
    "faces" : [ {
      "vertices" : [ 0, 1, 2 ]
    }, {
      "vertices" : [ 0, 2, 3 ]
    }, {
      "vertices" : [ 0, 3, 2 ]
    }, {
      "vertices" : [ 0, 2, 1 ]
    } ]
  }, {
    "id" : "3ecb5dd6-7474-4aa8-8b97-d7ad751d6748",
    "vertices" : [ {
      "x" : -1.618034,
      "y" : -2.618034,
      "z" : 1.0
    }, {
      "x" : -3.236068,
      "y" : 0.0,
      "z" : -11.708204
    }, {
      "x" : -1.618034,
      "y" : -2.618034,
      "z" : -24.416409
    }, {
      "x" : 0.0,
      "y" : -5.236068,
      "z" : -11.708204
    } ],
    "faces" : [ {
      "vertices" : [ 0, 1, 2 ]
    }, {
      "vertices" : [ 0, 2, 3 ]
    }, {
      "vertices" : [ 0, 3, 2 ]
    }, {
      "vertices" : [ 0, 2, 1 ]
    } ]
  }, {
    "id" : "d4ae68cb-1507-4525-aea3-f836c7d01332",
    "vertices" : [ {
      "x" : 1.0,
      "y" : 0.309017,
      "z" : 0.19098301
    }, {
      "x" : 1.0,
      "y" : -0.309017,
      "z" : 0.19098301
    }, {
      "x" : 12.708204,
      "y" : -0.309017,
      "z" : 0.19098301
    }, {
      "x" : 12.708204,
      "y" : 0.309017,
      "z" : 0.19098301
    }, {
      "x" : 12.708204,
      "y" : -0.309017,
      "z" : -0.19098301
    }, {
      "x" : 12.708204,
      "y" : 0.309017,
      "z" : -0.19098301
    }, {
      "x" : 13.326238,
      "y" : 0.0,
      "z" : 0.0
    }, {
      "x" : 0.38196602,
      "y" : 0.0,
      "z" : 0.0
    }, {
      "x" : 1.0,
      "y" : 0.309017,
      "z" : -0.19098301
    }, {
      "x" : 1.0,
      "y" : -0.309017,
      "z" : -0.19098301
    }, {
      "x" : 13.708204,
      "y" : 0.0,
      "z" : 0.0
    } ],
    "faces" : [ {
      "vertices" : [ 1, 9, 4 ]
    }, {
      "vertices" : [ 1, 4, 2 ]
    }, {
      "vertices" : [ 0, 3, 5 ]
    }, {
      "vertices" : [ 0, 5, 8 ]
    }, {
      "vertices" : [ 1, 7, 9 ]
    }, {
      "vertices" : [ 0, 1, 2 ]
    }, {
      "vertices" : [ 0, 2, 3 ]
    }, {
      "vertices" : [ 7, 8, 9 ]
    }, {
      "vertices" : [ 0, 7, 1 ]
    }, {
      "vertices" : [ 4, 9, 8 ]
    }, {
      "vertices" : [ 4, 8, 5 ]
    }, {
      "vertices" : [ 2, 6, 3 ]
    }, {
      "vertices" : [ 2, 4, 6 ]
    }, {
      "vertices" : [ 3, 6, 5 ]
    }, {
      "vertices" : [ 4, 5, 6 ]
    }, {
      "vertices" : [ 0, 8, 7 ]
    } ]
  }, {
    "id" : "f3557343-a475-4fad-8b1c-443bdb3ce5c6",
    "vertices" : [ {
      "x" : 0.0,
      "y" : 0.0,
      "z" : 13.708204
    }, {
      "x" : -4.236068,
      "y" : 9.472136,
      "z" : 9.472136
    }, {
      "x" : 0.0,
      "y" : 18.944271,
      "z" : 5.236068
    }, {
      "x" : 4.236068,
      "y" : 9.472136,
      "z" : 9.472136
    } ],
    "faces" : [ {
      "vertices" : [ 0, 1, 2 ]
    }, {
      "vertices" : [ 0, 2, 3 ]
    }, {
      "vertices" : [ 0, 3, 2 ]
    }, {
      "vertices" : [ 0, 2, 1 ]
    } ]
  }, {
    "id" : "c8f58c0b-f414-42c4-afa1-940c00c1777a",
    "vertices" : [ {
      "x" : 0.0,
      "y" : 0.0,
      "z" : 13.708204
    }, {
      "x" : -1.0,
      "y" : 1.618034,
      "z" : 2.618034
    }, {
      "x" : -2.0,
      "y" : 0.0,
      "z" : -8.472136
    }, {
      "x" : -1.0,
      "y" : -1.618034,
      "z" : 2.618034
    } ],
    "faces" : [ {
      "vertices" : [ 0, 1, 2 ]
    }, {
      "vertices" : [ 0, 2, 3 ]
    }, {
      "vertices" : [ 0, 3, 2 ]
    }, {
      "vertices" : [ 0, 2, 1 ]
    } ]
  }, {
    "id" : "60a927ad-bb9d-4e29-a90b-d1889f5fa482",
    "vertices" : [ {
      "x" : 0.0,
      "y" : 0.0,
      "z" : 13.708204
    }, {
      "x" : 1.0,
      "y" : 1.618034,
      "z" : 2.618034
    }, {
      "x" : 0.0,
      "y" : 3.236068,
      "z" : -8.472136
    }, {
      "x" : -1.0,
      "y" : 1.618034,
      "z" : 2.618034
    } ],
    "faces" : [ {
      "vertices" : [ 0, 1, 2 ]
    }, {
      "vertices" : [ 0, 2, 3 ]
    }, {
      "vertices" : [ 0, 3, 2 ]
    }, {
      "vertices" : [ 0, 2, 1 ]
    } ]
  }, {
    "id" : "a3f30190-467a-4563-94cf-dac9dc6b5813",
    "vertices" : [ {
      "x" : 4.236068,
      "y" : 4.236068,
      "z" : 5.236068
    }, {
      "x" : 7.663119,
      "y" : 0.309017,
      "z" : -3.736068
    }, {
      "x" : 4.236068,
      "y" : 4.236068,
      "z" : -12.708204
    }, {
      "x" : 0.809017,
      "y" : 8.163119,
      "z" : -3.736068
    } ],
    "faces" : [ {
      "vertices" : [ 0, 1, 2 ]
    }, {
      "vertices" : [ 0, 2, 3 ]
    }, {
      "vertices" : [ 0, 3, 2 ]
    }, {
      "vertices" : [ 0, 2, 1 ]
    } ]
  }, {
    "id" : "874b5010-5070-4873-8a92-d45f822de818",
    "vertices" : [ {
      "x" : 1.618034,
      "y" : 2.618034,
      "z" : 1.0
    }, {
      "x" : 3.236068,
      "y" : 0.0,
      "z" : -11.708204
    }, {
      "x" : 1.618034,
      "y" : 2.618034,
      "z" : -24.416409
    }, {
      "x" : 0.0,
      "y" : 5.236068,
      "z" : -11.708204
    } ],
    "faces" : [ {
      "vertices" : [ 0, 1, 2 ]
    }, {
      "vertices" : [ 0, 2, 3 ]
    }, {
      "vertices" : [ 0, 3, 2 ]
    }, {
      "vertices" : [ 0, 2, 1 ]
    } ]
  }, {
    "id" : "7b074bc3-9a7e-4dd2-be2c-c4cce3f9ad77",
    "vertices" : [ {
      "x" : 0.0,
      "y" : 0.0,
      "z" : 13.708204
    }, {
      "x" : 9.472136,
      "y" : 4.236068,
      "z" : 9.472136
    }, {
      "x" : 18.944271,
      "y" : 0.0,
      "z" : 5.236068
    }, {
      "x" : 9.472136,
      "y" : -4.236068,
      "z" : 9.472136
    } ],
    "faces" : [ {
      "vertices" : [ 0, 1, 2 ]
    }, {
      "vertices" : [ 0, 2, 3 ]
    }, {
      "vertices" : [ 0, 3, 2 ]
    }, {
      "vertices" : [ 0, 2, 1 ]
    } ]
  }, {
    "id" : "7b17c98c-fa0f-4b58-94ea-b20bc3996c09",
    "vertices" : [ {
      "x" : -1.0,
      "y" : -1.618034,
      "z" : 2.618034
    }, {
      "x" : -2.0,
      "y" : 0.0,
      "z" : -8.472136
    }, {
      "x" : -1.0,
      "y" : -1.618034,
      "z" : -19.562305
    }, {
      "x" : 0.0,
      "y" : -3.236068,
      "z" : -8.472136
    } ],
    "faces" : [ {
      "vertices" : [ 0, 1, 2 ]
    }, {
      "vertices" : [ 0, 2, 3 ]
    }, {
      "vertices" : [ 0, 3, 2 ]
    }, {
      "vertices" : [ 0, 2, 1 ]
    } ]
  }, {
    "id" : "59a1791a-1ec7-4024-88b5-fc4aca023622",
    "vertices" : [ {
      "x" : 1.0,
      "y" : -1.618034,
      "z" : 2.618034
    }, {
      "x" : 0.0,
      "y" : -3.236068,
      "z" : -8.472136
    }, {
      "x" : 1.0,
      "y" : -1.618034,
      "z" : -19.562305
    }, {
      "x" : 2.0,
      "y" : 0.0,
      "z" : -8.472136
    } ],
    "faces" : [ {
      "vertices" : [ 0, 1, 2 ]
    }, {
      "vertices" : [ 0, 2, 3 ]
    }, {
      "vertices" : [ 0, 3, 2 ]
    }, {
      "vertices" : [ 0, 2, 1 ]
    } ]
  }, {
    "id" : "5c0ca186-87f9-4b3c-a4a3-036d12fd3775",
    "vertices" : [ {
      "x" : 3.427051,
      "y" : -3.927051,
      "z" : 4.736068
    }, {
      "x" : -0.809017,
      "y" : -8.163119,
      "z" : -3.736068
    }, {
      "x" : 3.427051,
      "y" : -3.927051,
      "z" : -12.208204
    }, {
      "x" : 7.663119,
      "y" : 0.309017,
      "z" : -3.736068
    } ],
    "faces" : [ {
      "vertices" : [ 0, 1, 2 ]
    }, {
      "vertices" : [ 0, 2, 3 ]
    }, {
      "vertices" : [ 0, 3, 2 ]
    }, {
      "vertices" : [ 0, 2, 1 ]
    } ]
  }, {
    "id" : "c9226c77-2da6-461c-af6f-9040df2420d3",
    "vertices" : [ {
      "x" : 0.0,
      "y" : 0.0,
      "z" : 13.708204
    }, {
      "x" : -9.472136,
      "y" : -4.236068,
      "z" : 9.472136
    }, {
      "x" : -18.944271,
      "y" : 0.0,
      "z" : 5.236068
    }, {
      "x" : -9.472136,
      "y" : 4.236068,
      "z" : 9.472136
    } ],
    "faces" : [ {
      "vertices" : [ 0, 1, 2 ]
    }, {
      "vertices" : [ 0, 2, 3 ]
    }, {
      "vertices" : [ 0, 3, 2 ]
    }, {
      "vertices" : [ 0, 2, 1 ]
    } ]
  }, {
    "id" : "ff31ba33-793e-4028-8e96-3a810feebcd3",
    "vertices" : [ {
      "x" : -2.0,
      "y" : 0.0,
      "z" : -8.472136
    }, {
      "x" : -1.0,
      "y" : 1.618034,
      "z" : -19.562305
    }, {
      "x" : 0.0,
      "y" : 0.0,
      "z" : -30.652475
    }, {
      "x" : -1.0,
      "y" : -1.618034,
      "z" : -19.562305
    } ],
    "faces" : [ {
      "vertices" : [ 0, 1, 2 ]
    }, {
      "vertices" : [ 0, 2, 3 ]
    }, {
      "vertices" : [ 0, 3, 2 ]
    }, {
      "vertices" : [ 0, 2, 1 ]
    } ]
  }, {
    "id" : "305b080e-8b76-403f-876b-38cdf22ef815",
    "vertices" : [ {
      "x" : -4.236068,
      "y" : -4.236068,
      "z" : 5.236068
    }, {
      "x" : -7.663119,
      "y" : -0.309017,
      "z" : -3.736068
    }, {
      "x" : -4.236068,
      "y" : -4.236068,
      "z" : -12.708204
    }, {
      "x" : -0.809017,
      "y" : -8.163119,
      "z" : -3.736068
    } ],
    "faces" : [ {
      "vertices" : [ 0, 1, 2 ]
    }, {
      "vertices" : [ 0, 2, 3 ]
    }, {
      "vertices" : [ 0, 3, 2 ]
    }, {
      "vertices" : [ 0, 2, 1 ]
    } ]
  }, {
    "id" : "aad00d64-36e9-4436-acc0-e95b1b983e0e",
    "vertices" : [ {
      "x" : 0.0,
      "y" : 0.0,
      "z" : 13.708204
    }, {
      "x" : 1.0,
      "y" : -1.618034,
      "z" : 2.618034
    }, {
      "x" : 2.0,
      "y" : 0.0,
      "z" : -8.472136
    }, {
      "x" : 1.0,
      "y" : 1.618034,
      "z" : 2.618034
    } ],
    "faces" : [ {
      "vertices" : [ 0, 1, 2 ]
    }, {
      "vertices" : [ 0, 2, 3 ]
    }, {
      "vertices" : [ 0, 3, 2 ]
    }, {
      "vertices" : [ 0, 2, 1 ]
    } ]
  }, {
    "id" : "3cad95af-c75d-43ad-91fa-14e908c88c75",
    "vertices" : [ {
      "x" : 0.0,
      "y" : 0.0,
      "z" : 13.708204
    }, {
      "x" : 0.0,
      "y" : -4.236068,
      "z" : 2.618034
    }, {
      "x" : 4.236068,
      "y" : -4.236068,
      "z" : -8.472136
    }, {
      "x" : 4.236068,
      "y" : 0.0,
      "z" : 2.618034
    } ],
    "faces" : [ {
      "vertices" : [ 0, 1, 2 ]
    }, {
      "vertices" : [ 0, 2, 3 ]
    }, {
      "vertices" : [ 0, 3, 2 ]
    }, {
      "vertices" : [ 0, 2, 1 ]
    } ]
  }, {
    "id" : "ab6ee168-d821-4836-9e37-30e69fd6ece8",
    "vertices" : [ {
      "x" : 0.8837894,
      "y" : 2.5151756,
      "z" : 8.389352
    }, {
      "x" : 0.4837894,
      "y" : 2.6151757,
      "z" : 8.489352
    }, {
      "x" : -0.074772425,
      "y" : 0.41187537,
      "z" : 0.58278376
    }, {
      "x" : 0.3252276,
      "y" : 0.31187534,
      "z" : 0.48278376
    }, {
      "x" : 0.61712277,
      "y" : 2.9151757,
      "z" : 8.256019
    }, {
      "x" : 1.0171227,
      "y" : 2.8151755,
      "z" : 8.156019
    }, {
      "x" : 0.19189425,
      "y" : 0.011875356,
      "z" : 0.7161171
    }, {
      "x" : -0.20810576,
      "y" : 0.111875355,
      "z" : 0.8161171
    } ],
    "faces" : [ {
      "vertices" : [ 2, 3, 6 ]
    }, {
      "vertices" : [ 2, 6, 7 ]
    }, {
      "vertices" : [ 0, 5, 4 ]
    }, {
      "vertices" : [ 0, 4, 1 ]
    }, {
      "vertices" : [ 2, 4, 5 ]
    }, {
      "vertices" : [ 2, 5, 3 ]
    }, {
      "vertices" : [ 0, 6, 3 ]
    }, {
      "vertices" : [ 0, 3, 5 ]
    }, {
      "vertices" : [ 0, 1, 7 ]
    }, {
