{
  "field" : "golden",
  "symmetry" : "icosahedral",
  "orientations" : [ [ 1.0, 0.0, 0.0, 0.0, 0.0, 1.0, 0.0, 0.0, 0.0, 0.0, 1.0, 0.0, 0.0, 0.0, 0.0, 1.0 ], [ 0.0, 0.0, 1.0, 0.0, 1.0, 0.0, 0.0, 0.0, 0.0, 1.0, 0.0, 0.0, 0.0, 0.0, 0.0, 1.0 ], [ 0.0, 1.0, 0.0, 0.0, 0.0, 0.0, 1.0, 0.0, 1.0, 0.0, 0.0, 0.0, 0.0, 0.0, 0.0, 1.0 ], [ 0.809017, 0.309017, 0.5, 0.0, 0.309017, 0.5, -0.809017, 0.0, -0.5, 0.809017, 0.309017, 0.0, 0.0, 0.0, 0.0, 1.0 ], [ -0.5, 0.809017, 0.309017, 0.0, 0.809017, 0.309017, 0.5, 0.0, 0.309017, 0.5, -0.809017, 0.0, 0.0, 0.0, 0.0, 1.0 ], [ 0.309017, 0.5, -0.809017, 0.0, -0.5, 0.809017, 0.309017, 0.0, 0.809017, 0.309017, 0.5, 0.0, 0.0, 0.0, 0.0, 1.0 ], [ 0.5, 0.809017, 0.309017, 0.0, 0.809017, -0.309017, -0.5, 0.0, -0.309017, 0.5, -0.809017, 0.0, 0.0, 0.0, 0.0, 1.0 ], [ -0.309017, 0.5, -0.809017, 0.0, 0.5, 0.809017, 0.309017, 0.0, 0.809017, -0.309017, -0.5, 0.0, 0.0, 0.0, 0.0, 1.0 ], [ 0.809017, -0.309017, -0.5, 0.0, -0.309017, 0.5, -0.809017, 0.0, 0.5, 0.809017, 0.309017, 0.0, 0.0, 0.0, 0.0, 1.0 ], [ 0.5, 0.809017, -0.309017, 0.0, 0.809017, -0.309017, 0.5, 0.0, 0.309017, -0.5, -0.809017, 0.0, 0.0, 0.0, 0.0, 1.0 ], [ 0.309017, -0.5, -0.809017, 0.0, 0.5, 0.809017, -0.309017, 0.0, 0.809017, -0.309017, 0.5, 0.0, 0.0, 0.0, 0.0, 1.0 ], [ 0.809017, -0.309017, 0.5, 0.0, 0.309017, -0.5, -0.809017, 0.0, 0.5, 0.809017, -0.309017, 0.0, 0.0, 0.0, 0.0, 1.0 ], [ 0.809017, 0.309017, -0.5, 0.0, 0.309017, 0.5, 0.809017, 0.0, 0.5, -0.809017, 0.309017, 0.0, 0.0, 0.0, 0.0, 1.0 ], [ 0.5, -0.809017, 0.309017, 0.0, 0.809017, 0.309017, -0.5, 0.0, 0.309017, 0.5, 0.809017, 0.0, 0.0, 0.0, 0.0, 1.0 ], [ 0.309017, 0.5, 0.809017, 0.0, 0.5, -0.809017, 0.309017, 0.0, 0.809017, 0.309017, -0.5, 0.0, 0.0, 0.0, 0.0, 1.0 ], [ 1.0, 0.0, 0.0, 0.0, 0.0, -1.0, 0.0, 0.0, 0.0, 0.0, -1.0, 0.0, 0.0, 0.0, 0.0, 1.0 ], [ 0.0, 0.0, 1.0, 0.0, -1.0, 0.0, 0.0, 0.0, 0.0, -1.0, 0.0, 0.0, 0.0, 0.0, 0.0, 1.0 ], [ 0.0, 1.0, 0.0, 0.0, 0.0, 0.0, -1.0, 0.0, -1.0, 0.0, 0.0, 0.0, 0.0, 0.0, 0.0, 1.0 ], [ 0.809017, 0.309017, 0.5, 0.0, -0.309017, -0.5, 0.809017, 0.0, 0.5, -0.809017, -0.309017, 0.0, 0.0, 0.0, 0.0, 1.0 ], [ -0.5, 0.809017, 0.309017, 0.0, -0.809017, -0.309017, -0.5, 0.0, -0.309017, -0.5, 0.809017, 0.0, 0.0, 0.0, 0.0, 1.0 ], [ 0.309017, 0.5, -0.809017, 0.0, 0.5, -0.809017, -0.309017, 0.0, -0.809017, -0.309017, -0.5, 0.0, 0.0, 0.0, 0.0, 1.0 ], [ 0.5, 0.809017, 0.309017, 0.0, -0.809017, 0.309017, 0.5, 0.0, 0.309017, -0.5, 0.809017, 0.0, 0.0, 0.0, 0.0, 1.0 ], [ -0.309017, 0.5, -0.809017, 0.0, -0.5, -0.809017, -0.309017, 0.0, -0.809017, 0.309017, 0.5, 0.0, 0.0, 0.0, 0.0, 1.0 ], [ 0.809017, -0.309017, -0.5, 0.0, 0.309017, -0.5, 0.809017, 0.0, -0.5, -0.809017, -0.309017, 0.0, 0.0, 0.0, 0.0, 1.0 ], [ 0.5, 0.809017, -0.309017, 0.0, -0.809017, 0.309017, -0.5, 0.0, -0.309017, 0.5, 0.809017, 0.0, 0.0, 0.0, 0.0, 1.0 ], [ 0.309017, -0.5, -0.809017, 0.0, -0.5, -0.809017, 0.309017, 0.0, -0.809017, 0.309017, -0.5, 0.0, 0.0, 0.0, 0.0, 1.0 ], [ 0.809017, -0.309017, 0.5, 0.0, -0.309017, 0.5, 0.809017, 0.0, -0.5, -0.809017, 0.309017, 0.0, 0.0, 0.0, 0.0, 1.0 ], [ 0.809017, 0.309017, -0.5, 0.0, -0.309017, -0.5, -0.809017, 0.0, -0.5, 0.809017, -0.309017, 0.0, 0.0, 0.0, 0.0, 1.0 ], [ 0.5, -0.809017, 0.309017, 0.0, -0.809017, -0.309017, 0.5, 0.0, -0.309017, -0.5, -0.809017, 0.0, 0.0, 0.0, 0.0, 1.0 ], [ 0.309017, 0.5, 0.809017, 0.0, -0.5, 0.809017, -0.309017, 0.0, -0.809017, -0.309017, 0.5, 0.0, 0.0, 0.0, 0.0, 1.0 ], [ -1.0, 0.0, 0.0, 0.0, 0.0, -1.0, 0.0, 0.0, 0.0, 0.0, 1.0, 0.0, 0.0, 0.0, 0.0, 1.0 ], [ 0.0, 0.0, -1.0, 0.0, -1.0, 0.0, 0.0, 0.0, 0.0, 1.0, 0.0, 0.0, 0.0, 0.0, 0.0, 1.0 ], [ 0.0, -1.0, 0.0, 0.0, 0.0, 0.0, -1.0, 0.0, 1.0, 0.0, 0.0, 0.0, 0.0, 0.0, 0.0, 1.0 ], [ -0.809017, -0.309017, -0.5, 0.0, -0.309017, -0.5, 0.809017, 0.0, -0.5, 0.809017, 0.309017, 0.0, 0.0, 0.0, 0.0, 1.0 ], [ 0.5, -0.809017, -0.309017, 0.0, -0.809017, -0.309017, -0.5, 0.0, 0.309017, 0.5, -0.809017, 0.0, 0.0, 0.0, 0.0, 1.0 ], [ -0.309017, -0.5, 0.809017, 0.0, 0.5, -0.809017, -0.309017, 0.0, 0.809017, 0.309017, 0.5, 0.0, 0.0, 0.0, 0.0, 1.0 ], [ -0.5, -0.809017, -0.309017, 0.0, -0.809017, 0.309017, 0.5, 0.0, -0.309017, 0.5, -0.809017, 0.0, 0.0, 0.0, 0.0, 1.0 ], [ 0.309017, -0.5, 0.809017, 0.0, -0.5, -0.809017, -0.309017, 0.0, 0.809017, -0.309017, -0.5, 0.0, 0.0, 0.0, 0.0, 1.0 ], [ -0.809017, 0.309017, 0.5, 0.0, 0.309017, -0.5, 0.809017, 0.0, 0.5, 0.809017, 0.309017, 0.0, 0.0, 0.0, 0.0, 1.0 ], [ -0.5, -0.809017, 0.309017, 0.0, -0.809017, 0.309017, -0.5, 0.0, 0.309017, -0.5, -0.809017, 0.0, 0.0, 0.0, 0.0, 1.0 ], [ -0.309017, 0.5, 0.809017, 0.0, -0.5, -0.809017, 0.309017, 0.0, 0.809017, -0.309017, 0.5, 0.0, 0.0, 0.0, 0.0, 1.0 ], [ -0.809017, 0.309017, -0.5, 0.0, -0.309017, 0.5, 0.809017, 0.0, 0.5, 0.809017, -0.309017, 0.0, 0.0, 0.0, 0.0, 1.0 ], [ -0.809017, -0.309017, 0.5, 0.0, -0.309017, -0.5, -0.809017, 0.0, 0.5, -0.809017, 0.309017, 0.0, 0.0, 0.0, 0.0, 1.0 ], [ -0.5, 0.809017, -0.309017, 0.0, -0.809017, -0.309017, 0.5, 0.0, 0.309017, 0.5, 0.809017, 0.0, 0.0, 0.0, 0.0, 1.0 ], [ -0.309017, -0.5, -0.809017, 0.0, -0.5, 0.809017, -0.309017, 0.0, 0.809017, 0.309017, -0.5, 0.0, 0.0, 0.0, 0.0, 1.0 ], [ -1.0, 0.0, 0.0, 0.0, 0.0, 1.0, 0.0, 0.0, 0.0, 0.0, -1.0, 0.0, 0.0, 0.0, 0.0, 1.0 ], [ 0.0, 0.0, -1.0, 0.0, 1.0, 0.0, 0.0, 0.0, 0.0, -1.0, 0.0, 0.0, 0.0, 0.0, 0.0, 1.0 ], [ 0.0, -1.0, 0.0, 0.0, 0.0, 0.0, 1.0, 0.0, -1.0, 0.0, 0.0, 0.0, 0.0, 0.0, 0.0, 1.0 ], [ -0.809017, -0.309017, -0.5, 0.0, 0.309017, 0.5, -0.809017, 0.0, 0.5, -0.809017, -0.309017, 0.0, 0.0, 0.0, 0.0, 1.0 ], [ 0.5, -0.809017, -0.309017, 0.0, 0.809017, 0.309017, 0.5, 0.0, -0.309017, -0.5, 0.809017, 0.0, 0.0, 0.0, 0.0, 1.0 ], [ -0.309017, -0.5, 0.809017, 0.0, -0.5, 0.809017, 0.309017, 0.0, -0.809017, -0.309017, -0.5, 0.0, 0.0, 0.0, 0.0, 1.0 ], [ -0.5, -0.809017, -0.309017, 0.0, 0.809017, -0.309017, -0.5, 0.0, 0.309017, -0.5, 0.809017, 0.0, 0.0, 0.0, 0.0, 1.0 ], [ 0.309017, -0.5, 0.809017, 0.0, 0.5, 0.809017, 0.309017, 0.0, -0.809017, 0.309017, 0.5, 0.0, 0.0, 0.0, 0.0, 1.0 ], [ -0.809017, 0.309017, 0.5, 0.0, -0.309017, 0.5, -0.809017, 0.0, -0.5, -0.809017, -0.309017, 0.0, 0.0, 0.0, 0.0, 1.0 ], [ -0.5, -0.809017, 0.309017, 0.0, 0.809017, -0.309017, 0.5, 0.0, -0.309017, 0.5, 0.809017, 0.0, 0.0, 0.0, 0.0, 1.0 ], [ -0.309017, 0.5, 0.809017, 0.0, 0.5, 0.809017, -0.309017, 0.0, -0.809017, 0.309017, -0.5, 0.0, 0.0, 0.0, 0.0, 1.0 ], [ -0.809017, 0.309017, -0.5, 0.0, 0.309017, -0.5, -0.809017, 0.0, -0.5, -0.809017, 0.309017, 0.0, 0.0, 0.0, 0.0, 1.0 ], [ -0.809017, -0.309017, 0.5, 0.0, 0.309017, 0.5, 0.809017, 0.0, -0.5, 0.809017, -0.309017, 0.0, 0.0, 0.0, 0.0, 1.0 ], [ -0.5, 0.809017, -0.309017, 0.0, 0.809017, 0.309017, -0.5, 0.0, -0.309017, -0.5, -0.809017, 0.0, 0.0, 0.0, 0.0, 1.0 ], [ -0.309017, -0.5, -0.809017, 0.0, 0.5, -0.809017, 0.309017, 0.0, -0.809017, -0.309017, 0.5, 0.0, 0.0, 0.0, 0.0, 1.0 ] ],
  "lights" : {
    "ambientColor" : "#292929",
    "backgroundColor" : "#999999",
    "directionalLights" : [ {
      "direction" : {
        "x" : 1.0,
        "y" : -1.0,
        "z" : -1.0
      },
      "color" : "#EBEBE4"
    }, {
      "direction" : {
        "x" : -1.0,
        "y" : 0.0,
        "z" : 0.0
      },
      "color" : "#E4E4EB"
    }, {
      "direction" : {
        "x" : 0.0,
        "y" : 0.0,
        "z" : -1.0
      },
      "color" : "#1E1E1E"
    } ]
  },
  "camera" : {
    "farClipDistance" : 446.76318,
    "width" : 100.521614,
    "viewDistance" : 223.38115,
    "nearClipDistance" : 0.55845237,
    "position" : {
      "x" : 182.28241,
      "y" : -125.43052,
      "z" : 30.648233
    },
    "perspective" : false,
    "lookDirection" : {
      "x" : -0.8160152,
      "y" : 0.56150895,
      "z" : -0.13720152
    },
    "upDirection" : {
      "x" : -0.13977066,
      "y" : 0.03863852,
      "z" : 0.9894276
    },
    "lookAtPoint" : {
      "x" : 0.0,
      "y" : 0.0,
      "z" : 0.0
    },
    "stereo" : false,
    "fieldOfView" : 0.4426293
  },
  "embedding" : [ 1.0, 0.0, 0.0, 0.0, 0.0, 1.0, 0.0, 0.0, 0.0, 0.0, 1.0, 0.0, 0.0, 0.0, 0.0, 1.0 ],
  "shapes" : [ {
    "id" : "8c2e06a3-f755-44c7-954f-bbfb74d9a296",
    "vertices" : [ {
      "x" : 11.09017,
      "y" : 0.0,
      "z" : -4.236068
    }, {
      "x" : 10.781153,
      "y" : 0.0,
      "z" : -4.118034
    }, {
      "x" : 10.376644,
      "y" : -0.1545085,
      "z" : -3.677051
    }, {
      "x" : 10.185661,
      "y" : -0.1545085,
      "z" : -4.177051
    }, {
      "x" : 0.9045085,
      "y" : -0.1545085,
      "z" : -0.059016995
    }, {
      "x" : 0.809017,
      "y" : 0.309017,
      "z" : -0.309017
    }, {
      "x" : 0.309017,
      "y" : 0.0,
      "z" : -0.11803399
    }, {
      "x" : 10.281153,
      "y" : 0.309017,
      "z" : -3.927051
    }, {
      "x" : 0.7135255,
      "y" : -0.1545085,
      "z" : -0.559017
    } ],
    "faces" : [ {
      "vertices" : [ 2, 4, 8 ]
    }, {
      "vertices" : [ 2, 8, 3 ]
    }, {
      "vertices" : [ 2, 7, 5 ]
    }, {
      "vertices" : [ 2, 5, 4 ]
    }, {
      "vertices" : [ 4, 6, 8 ]
    }, {
      "vertices" : [ 5, 8, 6 ]
    }, {
      "vertices" : [ 1, 2, 3 ]
    }, {
      "vertices" : [ 3, 8, 5 ]
    }, {
      "vertices" : [ 3, 5, 7 ]
    }, {
      "vertices" : [ 1, 7, 2 ]
    }, {
      "vertices" : [ 1, 3, 7 ]
    }, {
      "vertices" : [ 4, 5, 6 ]
    } ]
  }, {
    "id" : "915bb349-4dd1-48e3-bed8-16e5e7dcc31a",
    "vertices" : [ {
      "x" : -0.26666668,
      "y" : 9.312918,
      "z" : 6.357357
    }, {
      "x" : 0.13333334,
      "y" : 9.212917,
      "z" : 6.2573566
    }, {
      "x" : 0.26666668,
      "y" : 0.39528626,
      "z" : 0.49674514
    }, {
      "x" : -0.13333334,
      "y" : 0.49528626,
      "z" : 0.59674513
    }, {
      "x" : 0.26666668,
      "y" : 8.979585,
      "z" : 6.557357
    }, {
      "x" : -0.13333334,
      "y" : 9.079584,
      "z" : 6.6573567
    }, {
      "x" : -0.26666668,
      "y" : 0.7286196,
      "z" : 0.29674512
    }, {
      "x" : 0.13333334,
      "y" : 0.6286196,
      "z" : 0.19674513
    } ],
    "faces" : [ {
      "vertices" : [ 2, 3, 6 ]
    }, {
      "vertices" : [ 2, 6, 7 ]
    }, {
      "vertices" : [ 0, 5, 4 ]
    }, {
      "vertices" : [ 0, 4, 1 ]
    }, {
      "vertices" : [ 2, 4, 5 ]
    }, {
      "vertices" : [ 2, 5, 3 ]
    }, {
      "vertices" : [ 0, 6, 3 ]
    }, {
      "vertices" : [ 0, 3, 5 ]
    }, {
      "vertices" : [ 0, 1, 7 ]
    }, {
      "vertices" : [ 0, 7, 6 ]
    }, {
      "vertices" : [ 1, 4, 2 ]
    }, {
      "vertices" : [ 1, 2, 7 ]
    } ]
  }, {
    "id" : "141ecf12-36dd-41e1-b6b3-e4e85e84c89a",
    "vertices" : [ {
      "x" : 16.562305,
      "y" : 6.854102,
      "z" : 0.0
    }, {
      "x" : 6.854102,
      "y" : 16.562305,
      "z" : 0.0
    }, {
      "x" : 9.708204,
      "y" : 23.416409,
      "z" : 0.0
    } ],
    "faces" : [ {
      "vertices" : [ 0, 1, 2 ]
    }, {
      "vertices" : [ 0, 2, 1 ]
    } ]
  }, {
    "id" : "3b026602-89bc-4188-958f-b13062cba676",
    "vertices" : [ {
      "x" : 9.212917,
      "y" : 0.13333334,
      "z" : 6.2573566
    }, {
      "x" : 9.312918,
      "y" : -0.26666668,
      "z" : 6.357357
    }, {
      "x" : 0.49528626,
      "y" : -0.13333334,
      "z" : 0.59674513
    }, {
      "x" : 0.39528626,
      "y" : 0.26666668,
      "z" : 0.49674514
    }, {
      "x" : 9.079584,
      "y" : -0.13333334,
      "z" : 6.6573567
    }, {
      "x" : 8.979585,
      "y" : 0.26666668,
      "z" : 6.557357
    }, {
      "x" : 0.6286196,
      "y" : 0.13333334,
      "z" : 0.19674513
    }, {
      "x" : 0.7286196,
      "y" : -0.26666668,
      "z" : 0.29674512
    } ],
    "faces" : [ {
      "vertices" : [ 2, 3, 6 ]
    }, {
      "vertices" : [ 2, 6, 7 ]
    }, {
      "vertices" : [ 0, 5, 4 ]
    }, {
      "vertices" : [ 0, 4, 1 ]
    }, {
      "vertices" : [ 2, 4, 5 ]
    }, {
      "vertices" : [ 2, 5, 3 ]
    }, {
      "vertices" : [ 0, 6, 3 ]
    }, {
      "vertices" : [ 0, 3, 5 ]
    }, {
      "vertices" : [ 0, 1, 7 ]
    }, {
      "vertices" : [ 0, 7, 6 ]
    }, {
      "vertices" : [ 1, 4, 2 ]
    }, {
      "vertices" : [ 1, 2, 7 ]
    } ]
  }, {
    "id" : "33874c6d-c0b9-4fcf-96e4-673c7faebc69",
    "vertices" : [ {
      "x" : -9.708204,
      "y" : 0.0,
      "z" : 20.562305
    }, {
      "x" : -6.854102,
      "y" : 6.854102,
      "z" : 20.562305
    }, {
      "x" : 0.0,
      "y" : 9.708204,
      "z" : 20.562305
    } ],
    "faces" : [ {
      "vertices" : [ 0, 1, 2 ]
    }, {
      "vertices" : [ 0, 2, 1 ]
    } ]
  }, {
    "id" : "84f3ac9a-1497-472b-a331-772e165e9a40",
    "vertices" : [ {
      "x" : 0.309017,
      "y" : -0.309017,
      "z" : -0.309017
    }, {
      "x" : 0.5,
      "y" : 0.0,
      "z" : -0.19098301
    }, {
      "x" : 0.5,
      "y" : 0.0,
      "z" : 0.19098301
    }, {
      "x" : 0.309017,
      "y" : -0.309017,
      "z" : 0.309017
    }, {
      "x" : 0.19098301,
      "y" : -0.5,
      "z" : 0.0
    }, {
      "x" : 0.0,
      "y" : 0.19098301,
      "z" : 0.5
    }, {
      "x" : 0.0,
      "y" : -0.19098301,
      "z" : 0.5
    }, {
      "x" : 0.309017,
      "y" : 0.309017,
      "z" : 0.309017
    }, {
      "x" : -0.309017,
      "y" : -0.309017,
      "z" : 0.309017
    }, {
      "x" : -0.309017,
      "y" : 0.309017,
      "z" : 0.309017
    }, {
      "x" : -0.5,
      "y" : 0.0,
      "z" : 0.19098301
    }, {
      "x" : 0.0,
      "y" : -0.19098301,
      "z" : -0.5
    }, {
      "x" : 0.0,
      "y" : 0.19098301,
      "z" : -0.5
    }, {
      "x" : 0.309017,
      "y" : 0.309017,
      "z" : -0.309017
    }, {
      "x" : -0.309017,
      "y" : -0.309017,
      "z" : -0.309017
    }, {
      "x" : -0.19098301,
      "y" : -0.5,
      "z" : 0.0
    }, {
      "x" : -0.5,
      "y" : 0.0,
      "z" : -0.19098301
    }, {
      "x" : 0.19098301,
      "y" : 0.5,
      "z" : 0.0
    }, {
      "x" : -0.309017,
      "y" : 0.309017,
      "z" : -0.309017
    }, {
      "x" : 0.0,
      "y" : 0.0,
      "z" : 0.0
    }, {
      "x" : -0.19098301,
      "y" : 0.5,
      "z" : 0.0
    } ],
    "faces" : [ {
      "vertices" : [ 12, 18, 20 ]
    }, {
      "vertices" : [ 12, 20, 17 ]
    }, {
      "vertices" : [ 12, 17, 13 ]
    }, {
      "vertices" : [ 3, 6, 8 ]
    }, {
      "vertices" : [ 3, 8, 15 ]
    }, {
      "vertices" : [ 3, 15, 4 ]
    }, {
      "vertices" : [ 0, 11, 12 ]
    }, {
      "vertices" : [ 0, 12, 13 ]
    }, {
      "vertices" : [ 0, 13, 1 ]
    }, {
      "vertices" : [ 5, 9, 10 ]
    }, {
      "vertices" : [ 5, 10, 8 ]
    }, {
      "vertices" : [ 5, 8, 6 ]
    }, {
      "vertices" : [ 2, 7, 5 ]
    }, {
      "vertices" : [ 2, 5, 6 ]
    }, {
      "vertices" : [ 2, 6, 3 ]
    }, {
      "vertices" : [ 11, 14, 16 ]
    }, {
      "vertices" : [ 11, 16, 18 ]
    }, {
      "vertices" : [ 11, 18, 12 ]
    }, {
      "vertices" : [ 1, 13, 17 ]
    }, {
      "vertices" : [ 1, 17, 7 ]
    }, {
      "vertices" : [ 1, 7, 2 ]
    }, {
      "vertices" : [ 9, 20, 18 ]
    }, {
      "vertices" : [ 9, 18, 16 ]
    }, {
      "vertices" : [ 9, 16, 10 ]
    }, {
      "vertices" : [ 0, 1, 2 ]
    }, {
      "vertices" : [ 0, 2, 3 ]
    }, {
      "vertices" : [ 0, 3, 4 ]
    }, {
      "vertices" : [ 5, 7, 17 ]
    }, {
      "vertices" : [ 5, 17, 20 ]
    }, {
      "vertices" : [ 5, 20, 9 ]
    }, {
      "vertices" : [ 0, 4, 15 ]
    }, {
      "vertices" : [ 0, 15, 14 ]
    }, {
      "vertices" : [ 0, 14, 11 ]
    }, {
      "vertices" : [ 8, 10, 16 ]
    }, {
      "vertices" : [ 8, 16, 14 ]
    }, {
      "vertices" : [ 8, 14, 15 ]
    } ]
  }, {
    "id" : "06525ea8-2526-4ee1-a732-c8d34f68ae2b",
    "vertices" : [ {
      "x" : 13.708204,
      "y" : 0.0,
      "z" : -13.708204
    }, {
      "x" : 16.562305,
      "y" : 6.854102,
      "z" : -13.708204
    }, {
      "x" : 0.0,
      "y" : 13.708204,
      "z" : -13.708204
    } ],
    "faces" : [ {
      "vertices" : [ 0, 1, 2 ]
    }, {
      "vertices" : [ 0, 2, 1 ]
    } ]
  }, {
    "id" : "f286fd94-c289-4bcf-8864-bc843159d806",
    "vertices" : [ {
      "x" : -13.708204,
      "y" : 0.0,
      "z" : -13.708204
    }, {
      "x" : -16.562305,
      "y" : 6.854102,
      "z" : -13.708204
    }, {
      "x" : -16.562305,
      "y" : -6.854102,
      "z" : -13.708204
    } ],
    "faces" : [ {
      "vertices" : [ 0, 1, 2 ]
    }, {
      "vertices" : [ 0, 2, 1 ]
    } ]
  }, {
    "id" : "ebedc8dc-507a-4a28-b397-0fb9a3fc5e6f",
    "vertices" : [ {
      "x" : -6.854102,
      "y" : 2.854102,
      "z" : 0.0
    }, {
      "x" : -16.562305,
      "y" : -6.854102,
      "z" : 0.0
    }, {
      "x" : -6.854102,
      "y" : -16.562305,
      "z" : 0.0
    } ],
    "faces" : [ {
      "vertices" : [ 0, 1, 2 ]
    }, {
      "vertices" : [ 0, 2, 1 ]
    } ]
  }, {
    "id" : "eaeb99f6-2d37-43f0-9789-9a233f5b07ab",
    "vertices" : [ {
      "x" : 13.708204,
      "y" : 0.0,
      "z" : -13.708204
    }, {
      "x" : 0.0,
      "y" : -13.708204,
      "z" : -13.708204
    }, {
      "x" : 6.854102,
      "y" : -16.562305,
      "z" : -13.708204
    } ],
    "faces" : [ {
      "vertices" : [ 0, 1, 2 ]
    }, {
      "vertices" : [ 0, 2, 1 ]
    } ]
  }, {
    "id" : "71c22095-3d38-4d73-9dea-882a6efc69d4",
    "vertices" : [ {
      "x" : 0.0,
      "y" : 0.0,
      "z" : 0.0
    }, {
      "x" : 6.854102,
      "y" : -16.562305,
      "z" : 0.0
    }, {
      "x" : 6.854102,
      "y" : -2.854102,
      "z" : 0.0
    } ],
    "faces" : [ {
      "vertices" : [ 0, 1, 2 ]
    }, {
      "vertices" : [ 0, 2, 1 ]
    } ]
  }, {
    "id" : "24a511f0-1641-490c-a1d3-4f63ccc4a980",
    "vertices" : [ {
      "x" : 6.854102,
      "y" : -2.854102,
      "z" : 0.0
    }, {
      "x" : 6.854102,
      "y" : 16.562305,
      "z" : 0.0
    }, {
      "x" : 0.0,
      "y" : 0.0,
      "z" : 0.0
    } ],
    "faces" : [ {
      "vertices" : [ 0, 1, 2 ]
    }, {
      "vertices" : [ 0, 2, 1 ]
    } ]
  }, {
    "id" : "b3921830-3872-4592-ac31-d92ff3dfe93a",
    "vertices" : [ {
      "x" : 0.0,
      "y" : 0.0,
      "z" : 0.0
    }, {
      "x" : 6.854102,
      "y" : 16.562305,
      "z" : 0.0
    }, {
      "x" : -6.854102,
      "y" : 16.562305,
      "z" : 0.0
    } ],
    "faces" : [ {
      "vertices" : [ 0, 1, 2 ]
    }, {
      "vertices" : [ 0, 2, 1 ]
    } ]
  }, {
    "id" : "a91bb593-ce55-42d8-b86f-d91379115776",
    "vertices" : [ {
      "x" : 0.0,
      "y" : -13.708204,
      "z" : -13.708204
    }, {
      "x" : -6.854102,
      "y" : -16.562305,
      "z" : -13.708204
    }, {
      "x" : -16.562305,
      "y" : -6.854102,
      "z" : -13.708204
    } ],
    "faces" : [ {
      "vertices" : [ 0, 1, 2 ]
    }, {
      "vertices" : [ 0, 2, 1 ]
    } ]
  }, {
    "id" : "058bd647-4b5f-4062-8f56-54f3c11f5075",
    "vertices" : [ {
      "x" : -16.562305,
      "y" : -6.854102,
      "z" : 0.0
    }, {
      "x" : -23.416409,
      "y" : 9.708204,
      "z" : 0.0
    }, {
      "x" : -23.416409,
      "y" : -9.708204,
      "z" : 0.0
    } ],
    "faces" : [ {
      "vertices" : [ 0, 1, 2 ]
    }, {
      "vertices" : [ 0, 2, 1 ]
    } ]
  }, {
    "id" : "c3b43a0b-fac4-4d04-b5b6-7858275b75c0",
    "vertices" : [ {
      "x" : -13.708204,
      "y" : 0.0,
      "z" : -13.708204
    }, {
      "x" : 0.0,
      "y" : 0.0,
      "z" : -13.708204
    }, {
      "x" : 0.0,
      "y" : 13.708204,
      "z" : -13.708204
    } ],
    "faces" : [ {
      "vertices" : [ 0, 1, 2 ]
    }, {
      "vertices" : [ 0, 2, 1 ]
    } ]
  }, {
    "id" : "d0720870-237c-45e6-8faf-57b7a65225ad",
    "vertices" : [ {
      "x" : -16.562305,
      "y" : -6.854102,
      "z" : 0.0
    }, {
      "x" : -23.416409,
      "y" : -9.708204,
      "z" : 0.0
    }, {
      "x" : -9.708204,
      "y" : -23.416409,
      "z" : 0.0
    } ],
    "faces" : [ {
      "vertices" : [ 0, 1, 2 ]
    }, {
      "vertices" : [ 0, 2, 1 ]
    } ]
  }, {
    "id" : "bd178d6a-30a7-4b5e-bc6e-c1e254ed5082",
    "vertices" : [ {
      "x" : -6.854102,
      "y" : 16.562305,
      "z" : 0.0
    }, {
      "x" : -9.708204,
      "y" : 23.416409,
      "z" : 0.0
    }, {
      "x" : -23.416409,
      "y" : 9.708204,
      "z" : 0.0
    } ],
    "faces" : [ {
      "vertices" : [ 0, 1, 2 ]
    }, {
      "vertices" : [ 0, 2, 1 ]
    } ]
  }, {
    "id" : "eca4522f-391e-4754-8309-65cfa27e548e",
    "vertices" : [ {
      "x" : -13.708204,
      "y" : 0.0,
      "z" : -13.708204
    }, {
      "x" : 0.0,
      "y" : 13.708204,
      "z" : -13.708204
    }, {
      "x" : -6.854102,
      "y" : 16.562305,
      "z" : -13.708204
    } ],
    "faces" : [ {
      "vertices" : [ 0, 1, 2 ]
    }, {
      "vertices" : [ 0, 2, 1 ]
    } ]
  }, {
    "id" : "4f12aa81-ca7c-495e-b381-da472ec8d185",
    "vertices" : [ {
      "x" : -23.416409,
      "y" : 9.708204,
      "z" : 0.0
    }, {
      "x" : -6.854102,
      "y" : 2.854102,
      "z" : 0.0
    }, {
      "x" : -6.854102,
      "y" : 16.562305,
      "z" : 0.0
    } ],
    "faces" : [ {
      "vertices" : [ 0, 1, 2 ]
    }, {
      "vertices" : [ 0, 2, 1 ]
    } ]
  }, {
    "id" : "b92e8105-e180-45a3-827f-18e353341de0",
    "vertices" : [ {
      "x" : 9.708204,
      "y" : 0.0,
      "z" : 20.562305
    }, {
      "x" : 0.0,
      "y" : -9.708204,
      "z" : 20.562305
    }, {
      "x" : -9.708204,
      "y" : 0.0,
      "z" : 20.562305
    } ],
    "faces" : [ {
      "vertices" : [ 0, 1, 2 ]
    }, {
      "vertices" : [ 0, 2, 1 ]
    } ]
  }, {
    "id" : "4859c831-07fa-47db-83e6-ac1b6681c87b",
    "vertices" : [ {
      "x" : 9.708204,
      "y" : 0.0,
      "z" : 20.562305
    }, {
      "x" : 6.854102,
      "y" : -6.854102,
      "z" : 20.562305
    }, {
      "x" : 0.0,
      "y" : -9.708204,
      "z" : 20.562305
    } ],
    "faces" : [ {
      "vertices" : [ 0, 1, 2 ]
    }, {
      "vertices" : [ 0, 2, 1 ]
    } ]
  }, {
    "id" : "da7f4a77-30d3-4c79-a89b-0f21cb6293e9",
    "vertices" : [ {
      "x" : 16.562305,
      "y" : 6.854102,
      "z" : 0.0
    }, {
      "x" : 6.854102,
      "y" : -2.854102,
      "z" : 0.0
    }, {
      "x" : 23.416409,
      "y" : -9.708204,
      "z" : 0.0
    } ],
    "faces" : [ {
      "vertices" : [ 0, 1, 2 ]
    }, {
      "vertices" : [ 0, 2, 1 ]
    } ]
  }, {
    "id" : "1f06191a-b91d-4f3c-8ca2-a92a8c2deda5",
    "vertices" : [ {
      "x" : -16.562305,
      "y" : -6.854102,
      "z" : 0.0
    }, {
      "x" : -6.854102,
      "y" : -16.562305,
      "z" : 0.0
    }, {
      "x" : -9.708204,
      "y" : -23.416409,
      "z" : 0.0
    } ],
    "faces" : [ {
      "vertices" : [ 0, 1, 2 ]
    }, {
      "vertices" : [ 0, 2, 1 ]
    } ]
  }, {
    "id" : "42771621-c154-46d5-8e49-eab887456603",
    "vertices" : [ {
      "x" : 0.0,
      "y" : 0.0,
      "z" : -13.708204
    }, {
      "x" : 13.708204,
      "y" : 0.0,
      "z" : -13.708204
    }, {
      "x" : 0.0,
      "y" : 13.708204,
      "z" : -13.708204
    } ],
    "faces" : [ {
      "vertices" : [ 0, 1, 2 ]
    }, {
      "vertices" : [ 0, 2, 1 ]
    } ]
  }, {
    "id" : "e0ffaca2-c415-45e4-835d-a1a4165818b0",
    "vertices" : [ {
      "x" : 16.562305,
      "y" : 6.854102,
      "z" : 0.0
    }, {
      "x" : 23.416409,
      "y" : 9.708204,
      "z" : 0.0
    }, {
      "x" : 9.708204,
      "y" : 23.416409,
      "z" : 0.0
    } ],
    "faces" : [ {
      "vertices" : [ 0, 1, 2 ]
    }, {
      "vertices" : [ 0, 2, 1 ]
    } ]
  }, {
    "id" : "33b6e3ab-38eb-40b6-907c-fdd0cbf26cc4",
    "vertices" : [ {
      "x" : 0.0,
      "y" : 13.708204,
      "z" : -13.708204
    }, {
      "x" : 6.854102,
      "y" : 16.562305,
      "z" : -13.708204
    }, {
      "x" : 16.562305,
      "y" : 6.854102,
      "z" : -13.708204
    } ],
    "faces" : [ {
      "vertices" : [ 0, 1, 2 ]
    }, {
      "vertices" : [ 0, 2, 1 ]
    } ]
  }, {
    "id" : "61e288a8-b6e6-4ef3-96dd-8aa2440dce8f",
    "vertices" : [ {
      "x" : -6.854102,
      "y" : 2.854102,
      "z" : 0.0
    }, {
      "x" : -6.854102,
      "y" : -16.562305,
      "z" : 0.0
    }, {
      "x" : 0.0,
      "y" : 0.0,
      "z" : 0.0
    } ],
    "faces" : [ {
      "vertices" : [ 0, 1, 2 ]
    }, {
      "vertices" : [ 0, 2, 1 ]
    } ]
  }, {
    "id" : "2c3259f0-5974-414d-923e-407d92b46b6c",
    "vertices" : [ {
      "x" : 6.854102,
      "y" : -16.562305,
      "z" : 0.0
    }, {
      "x" : -9.708204,
      "y" : -23.416409,
      "z" : 0.0
    }, {
      "x" : 9.708204,
      "y" : -23.416409,
      "z" : 0.0
    } ],
    "faces" : [ {
      "vertices" : [ 0, 1, 2 ]
    }, {
      "vertices" : [ 0, 2, 1 ]
    } ]
  }, {
    "id" : "616e8a00-c1d2-4907-9309-b1144248ba67",
    "vertices" : [ {
      "x" : 13.708204,
      "y" : 0.0,
      "z" : -13.708204
    }, {
      "x" : 0.0,
      "y" : 0.0,
      "z" : -13.708204
    }, {
      "x" : 0.0,
      "y" : -13.708204,
      "z" : -13.708204
    } ],
    "faces" : [ {
      "vertices" : [ 0, 1, 2 ]
    }, {
      "vertices" : [ 0, 2, 1 ]
    } ]
  }, {
    "id" : "9f9ef825-8974-4b92-9721-7bbbc476ba85",
    "vertices" : [ {
      "x" : -6.854102,
      "y" : -16.562305,
      "z" : -13.708204
    }, {
      "x" : 0.0,
      "y" : -13.708204,
      "z" : -13.708204
    }, {
      "x" : 6.854102,
      "y" : -16.562305,
      "z" : -13.708204
    } ],
    "faces" : [ {
      "vertices" : [ 0, 1, 2 ]
    }, {
      "vertices" : [ 0, 2, 1 ]
    } ]
  }, {
    "id" : "7799c76a-cec1-4acd-a1dc-a74df197c8ed",
    "vertices" : [ {
      "x" : -13.708204,
      "y" : 0.0,
      "z" : -13.708204
    }, {
      "x" : -16.562305,
      "y" : -6.854102,
      "z" : -13.708204
    }, {
      "x" : 0.0,
      "y" : -13.708204,
      "z" : -13.708204
    } ],
    "faces" : [ {
      "vertices" : [ 0, 1, 2 ]
    }, {
      "vertices" : [ 0, 2, 1 ]
    } ]
  }, {
    "id" : "a4dd6aef-d6f1-4a3f-bb31-2fb86013145e",
    "vertices" : [ {
      "x" : 6.854102,
      "y" : -16.562305,
      "z" : 0.0
    }, {
      "x" : 9.708204,
      "y" : -23.416409,
      "z" : 0.0
    }, {
      "x" : 23.416409,
      "y" : -9.708204,
      "z" : 0.0
    } ],
    "faces" : [ {
      "vertices" : [ 0, 1, 2 ]
    }, {
      "vertices" : [ 0, 2, 1 ]
    } ]
  }, {
    "id" : "7cf280e5-c9b5-48ce-aecf-d879742823db",
    "vertices" : [ {
      "x" : -13.708204,
      "y" : 0.0,
      "z" : -13.708204
    }, {
      "x" : -6.854102,
      "y" : 16.562305,
      "z" : -13.708204
    }, {
      "x" : -16.562305,
      "y" : 6.854102,
      "z" : -13.708204
    } ],
    "faces" : [ {
      "vertices" : [ 0, 1, 2 ]
    }, {
      "vertices" : [ 0, 2, 1 ]
    } ]
  }, {
    "id" : "28efe8db-3d48-4cc8-9168-ed8ad0c03f16",
    "vertices" : [ {
      "x" : 9.708204,
      "y" : 0.0,
      "z" : 20.562305
    }, {
      "x" : -9.708204,
      "y" : 0.0,
      "z" : 20.562305
    }, {
      "x" : 0.0,
      "y" : 9.708204,
      "z" : 20.562305
    } ],
    "faces" : [ {
      "vertices" : [ 0, 1, 2 ]
    }, {
      "vertices" : [ 0, 2, 1 ]
    } ]
  }, {
    "id" : "271f684c-79e2-4c10-af48-80cd1d97b562",
    "vertices" : [ {
      "x" : 0.0,
      "y" : 0.0,
      "z" : -13.708204
    }, {
      "x" : -13.708204,
      "y" : 0.0,
      "z" : -13.708204
    }, {
      "x" : 0.0,
      "y" : -13.708204,
      "z" : -13.708204
    } ],
    "faces" : [ {
      "vertices" : [ 0, 1, 2 ]
    }, {
      "vertices" : [ 0, 2, 1 ]
    } ]
  }, {
    "id" : "8251db5e-6877-4082-ac46-94a177b5602d",
    "vertices" : [ {
      "x" : 16.562305,
      "y" : 6.854102,
      "z" : 0.0
    }, {
      "x" : 23.416409,
      "y" : -9.708204,
      "z" : 0.0
    }, {
      "x" : 23.416409,
      "y" : 9.708204,
      "z" : 0.0
    } ],
    "faces" : [ {
      "vertices" : [ 0, 1, 2 ]
    }, {
      "vertices" : [ 0, 2, 1 ]
    } ]
  }, {
    "id" : "dc386670-bf82-4b94-86e6-cce75599a52e",
    "vertices" : [ {
      "x" : -6.854102,
      "y" : 16.562305,
      "z" : 0.0
    }, {
      "x" : 9.708204,
      "y" : 23.416409,
      "z" : 0.0
    }, {
      "x" : -9.708204,
      "y" : 23.416409,
      "z" : 0.0
    } ],
    "faces" : [ {
      "vertices" : [ 0, 1, 2 ]
    }, {
      "vertices" : [ 0, 2, 1 ]
    } ]
  }, {
    "id" : "3c6af229-3102-4ab4-908c-c698663d024a",
    "vertices" : [ {
      "x" : 13.708204,
      "y" : 0.0,
      "z" : -13.708204
    }, {
      "x" : 6.854102,
      "y" : -16.562305,
      "z" : -13.708204
    }, {
      "x" : 16.562305,
      "y" : -6.854102,
      "z" : -13.708204
    } ],
    "faces" : [ {
      "vertices" : [ 0, 1, 2 ]
    }, {
      "vertices" : [ 0, 2, 1 ]
    } ]
  }, {
    "id" : "59e6c9e2-b357-4ada-896a-e502b97d5760",
    "vertices" : [ {
      "x" : -16.562305,
      "y" : -6.854102,
      "z" : 0.0
    }, {
      "x" : -6.854102,
      "y" : 2.854102,
      "z" : 0.0
    }, {
      "x" : -23.416409,
      "y" : 9.708204,
      "z" : 0.0
    } ],
    "faces" : [ {
      "vertices" : [ 0, 1, 2 ]
    }, {
      "vertices" : [ 0, 2, 1 ]
    } ]
  }, {
    "id" : "fbcce6cb-0f86-44c9-b728-6adf36aced1f",
    "vertices" : [ {
      "x" : 0.0,
      "y" : 0.0,
      "z" : 0.0
    }, {
      "x" : -6.854102,
      "y" : -16.562305,
      "z" : 0.0
    }, {
      "x" : 6.854102,
      "y" : -16.562305,
      "z" : 0.0
    } ],
    "faces" : [ {
      "vertices" : [ 0, 1, 2 ]
    }, {
      "vertices" : [ 0, 2, 1 ]
    } ]
  }, {
    "id" : "b45c28fc-ad77-43a9-8849-f744da74932a",
    "vertices" : [ {
      "x" : 0.0,
      "y" : 9.708204,
      "z" : 20.562305
    }, {
      "x" : 6.854102,
      "y" : 6.854102,
      "z" : 20.562305
    }, {
      "x" : 9.708204,
      "y" : 0.0,
      "z" : 20.562305
    } ],
    "faces" : [ {
      "vertices" : [ 0, 1, 2 ]
    }, {
      "vertices" : [ 0, 2, 1 ]
    } ]
  }, {
    "id" : "6ecf8129-4eb1-4571-aa5c-1875a9c8b301",
    "vertices" : [ {
      "x" : 0.0,
      "y" : 0.0,
      "z" : 0.0
    }, {
      "x" : -6.854102,
      "y" : 16.562305,
      "z" : 0.0
    }, {
      "x" : -6.854102,
      "y" : 2.854102,
      "z" : 0.0
    } ],
    "faces" : [ {
      "vertices" : [ 0, 1, 2 ]
    }, {
      "vertices" : [ 0, 2, 1 ]
    } ]
  }, {
    "id" : "ca4419a3-d8e9-48ca-b6f2-6e966a9e4e76",
    "vertices" : [ {
      "x" : 6.854102,
      "y" : 16.562305,
      "z" : -13.708204
    }, {
      "x" : 0.0,
      "y" : 13.708204,
      "z" : -13.708204
    }, {
      "x" : -6.854102,
      "y" : 16.562305,
      "z" : -13.708204
    } ],
    "faces" : [ {
      "vertices" : [ 0, 1, 2 ]
    }, {
      "vertices" : [ 0, 2, 1 ]
    } ]
  }, {
    "id" : "4f75a146-31b0-4198-b3d6-fee408a82a8f",
    "vertices" : [ {
      "x" : 13.708204,
      "y" : 0.0,
      "z" : -13.708204
    }, {
      "x" : 16.562305,
      "y" : -6.854102,
      "z" : -13.708204
    }, {
      "x" : 16.562305,
      "y" : 6.854102,
      "z" : -13.708204
    } ],
    "faces" : [ {
      "vertices" : [ 0, 1, 2 ]
    }, {
      "vertices" : [ 0, 2, 1 ]
    } ]
  }, {
    "id" : "a9db1fc9-4695-4280-be8c-5298d272b2c9",
    "vertices" : [ {
      "x" : -6.854102,
      "y" : 16.562305,
      "z" : 0.0
    }, {
      "x" : 6.854102,
      "y" : 16.562305,
      "z" : 0.0
    }, {
      "x" : 9.708204,
      "y" : 23.416409,
      "z" : 0.0
    } ],
    "faces" : [ {
      "vertices" : [ 0, 1, 2 ]
    }, {
      "vertices" : [ 0, 2, 1 ]
    } ]
  }, {
    "id" : "a7dac82e-4bcc-47c2-9c49-ce8d08afc9f8",
    "vertices" : [ {
      "x" : 6.854102,
      "y" : -2.854102,
      "z" : 0.0
    }, {
      "x" : 16.562305,
      "y" : 6.854102,
      "z" : 0.0
    }, {
      "x" : 6.854102,
      "y" : 16.562305,
      "z" : 0.0
    } ],
    "faces" : [ {
      "vertices" : [ 0, 1, 2 ]
    }, {
      "vertices" : [ 0, 2, 1 ]
    } ]
  }, {
    "id" : "2a9891d9-d719-475d-9100-ee85dd17ce05",
    "vertices" : [ {
      "x" : 0.0,
      "y" : -9.708204,
      "z" : 20.562305
    }, {
      "x" : -6.854102,
      "y" : -6.854102,
      "z" : 20.562305
    }, {
      "x" : -9.708204,
      "y" : 0.0,
      "z" : 20.562305
    } ],
    "faces" : [ {
      "vertices" : [ 0, 1, 2 ]
    }, {
      "vertices" : [ 0, 2, 1 ]
    } ]
  }, {
    "id" : "12f3fe19-7297-4190-94a6-e214c2f59e9b",
    "vertices" : [ {
      "x" : 23.416409,
      "y" : -9.708204,
      "z" : 0.0
    }, {
      "x" : 6.854102,
      "y" : -2.854102,
      "z" : 0.0
    }, {
      "x" : 6.854102,
      "y" : -16.562305,
      "z" : 0.0
    } ],
    "faces" : [ {
      "vertices" : [ 0, 1, 2 ]
    }, {
      "vertices" : [ 0, 2, 1 ]
    } ]
  }, {
    "id" : "7aee566c-9461-477e-baff-e67f6366b2ad",
    "vertices" : [ {
      "x" : 6.854102,
      "y" : -16.562305,
      "z" : 0.0
    }, {
      "x" : -6.854102,
      "y" : -16.562305,
      "z" : 0.0
    }, {
      "x" : -9.708204,
      "y" : -23.416409,
      "z" : 0.0
    } ],
    "faces" : [ {
      "vertices" : [ 0, 1, 2 ]
    }, {
      "vertices" : [ 0, 2, 1 ]
    } ]
  } ],
  "instances" : [ {
    "shape" : "8c2e06a3-f755-44c7-954f-bbfb74d9a296",
    "color" : "#F0A000",
    "position" : {
      "x" : -16.562305,
      "y" : 6.854102,
      "z" : -13.708204
    },
    "orientation" : 24
  }, {
    "shape" : "915bb349-4dd1-48e3-bed8-16e5e7dcc31a",
    "color" : "#FFFFFF",
    "position" : {
      "x" : 0.0,
      "y" : 0.0,
      "z" : -27.416409
    },
    "orientation" : 0
  }, {
    "shape" : "141ecf12-36dd-41e1-b6b3-e4e85e84c89a",
    "color" : "#7FBACA",
    "position" : {
      "x" : 0.0,
      "y" : 0.0,
      "z" : 0.0
    }
  }, {
    "shape" : "3b026602-89bc-4188-958f-b13062cba676",
    "color" : "#FFFFFF",
    "position" : {
      "x" : 0.0,
      "y" : -23.416409,
      "z" : 6.854102
    },
    "orientation" : 15
  }, {
    "shape" : "33874c6d-c0b9-4fcf-96e4-673c7faebc69",
    "color" : "#7FBACA",
    "position" : {
      "x" : 0.0,
      "y" : 0.0,
      "z" : 0.0
    }
  }, {
    "shape" : "3b026602-89bc-4188-958f-b13062cba676",
    "color" : "#FFFFFF",
    "position" : {
      "x" : 16.562305,
      "y" : 16.562305,
      "z" : 6.854102
    },
    "orientation" : 30
  }, {
    "shape" : "84f3ac9a-1497-472b-a331-772e165e9a40",
    "color" : "#FFFFFF",
    "position" : {
      "x" : -6.854102,
      "y" : 16.562305,
      "z" : 0.0
    }
  }, {
    "shape" : "84f3ac9a-1497-472b-a331-772e165e9a40",
    "color" : "#FFFFFF",
    "position" : {
      "x" : 0.0,
      "y" : -23.416409,
      "z" : -6.854102
    }
  }, {
    "shape" : "8c2e06a3-f755-44c7-954f-bbfb74d9a296",
    "color" : "#F0A000",
    "position" : {
      "x" : 0.0,
      "y" : -13.708204,
      "z" : -13.708204
    },
    "orientation" : 9
  }, {
    "shape" : "06525ea8-2526-4ee1-a732-c8d34f68ae2b",
    "color" : "#7FBACA",
    "position" : {
      "x" : 0.0,
      "y" : 0.0,
      "z" : 0.0
    }
  }, {
    "shape" : "84f3ac9a-1497-472b-a331-772e165e9a40",
    "color" : "#FFFFFF",
    "position" : {
      "x" : 16.562305,
      "y" : -6.854102,
      "z" : 13.708204
    }
  }, {
    "shape" : "f286fd94-c289-4bcf-8864-bc843159d806",
    "color" : "#7FBACA",
    "position" : {
      "x" : 0.0,
      "y" : 0.0,
      "z" : 0.0
    }
  }, {
    "shape" : "84f3ac9a-1497-472b-a331-772e165e9a40",
    "color" : "#FFFFFF",
    "position" : {
      "x" : 6.854102,
      "y" : -6.854102,
      "z" : 20.562305
    }
  }, {
    "shape" : "915bb349-4dd1-48e3-bed8-16e5e7dcc31a",
    "color" : "#FFFFFF",
    "position" : {
      "x" : -16.562305,
      "y" : 16.562305,
      "z" : -6.854102
    },
    "orientation" : 15
  }, {
    "shape" : "3b026602-89bc-4188-958f-b13062cba676",
    "color" : "#FFFFFF",
    "position" : {
      "x" : -9.708204,
      "y" : 0.0,
      "z" : 20.562305
    },
    "orientation" : 0
  }, {
    "shape" : "84f3ac9a-1497-472b-a331-772e165e9a40",
    "color" : "#FFFFFF",
    "position" : {
      "x" : 16.562305,
      "y" : 16.562305,
      "z" : 6.854102
    }
  }, {
    "shape" : "8c2e06a3-f755-44c7-954f-bbfb74d9a296",
    "color" : "#F0A000",
    "position" : {
      "x" : -16.562305,
      "y" : -16.562305,
      "z" : 6.854102
    },
    "orientation" : 24
  }, {
    "shape" : "84f3ac9a-1497-472b-a331-772e165e9a40",
    "color" : "#FFFFFF",
    "position" : {
      "x" : -23.416409,
      "y" : 9.708204,
      "z" : 0.0
    }
  }, {
    "shape" : "84f3ac9a-1497-472b-a331-772e165e9a40",
    "color" : "#FFFFFF",
    "position" : {
      "x" : 0.0,
      "y" : 0.0,
      "z" : 27.416409
    }
  }, {
    "shape" : "915bb349-4dd1-48e3-bed8-16e5e7dcc31a",
    "color" : "#FFFFFF",
    "position" : {
      "x" : -6.854102,
      "y" : -6.854102,
      "z" : -20.562305
    },
    "orientation" : 30
  }, {
    "shape" : "3b026602-89bc-4188-958f-b13062cba676",
    "color" : "#FFFFFF",
    "position" : {
      "x" : 6.854102,
      "y" : -6.854102,
      "z" : 20.562305
    },
    "orientation" : 15
  }, {
    "shape" : "8c2e06a3-f755-44c7-954f-bbfb74d9a296",
    "color" : "#F0A000",
    "position" : {
      "x" : 13.708204,
      "y" : 0.0,
      "z" : -13.708204
    },
    "orientation" : 4
  }, {
    "shape" : "84f3ac9a-1497-472b-a331-772e165e9a40",
    "color" : "#FFFFFF",
    "position" : {
      "x" : 6.854102,
      "y" : 6.854102,
      "z" : -20.562305
    }
  }, {
    "shape" : "8c2e06a3-f755-44c7-954f-bbfb74d9a296",
    "color" : "#F0A000",
    "position" : {
      "x" : -9.708204,
      "y" : 23.416409,
      "z" : 0.0
    },
    "orientation" : 19
  }, {
    "shape" : "915bb349-4dd1-48e3-bed8-16e5e7dcc31a",
    "color" : "#FFFFFF",
    "position" : {
      "x" : 9.708204,
      "y" : 23.416409,
      "z" : 0.0
    },
    "orientation" : 15
  }, {
    "shape" : "8c2e06a3-f755-44c7-954f-bbfb74d9a296",
    "color" : "#F0A000",
    "position" : {
      "x" : 6.854102,
      "y" : 16.562305,
      "z" : -13.708204
    },
    "orientation" : 4
  }, {
    "shape" : "3b026602-89bc-4188-958f-b13062cba676",
    "color" : "#FFFFFF",
    "position" : {
      "x" : -6.854102,
      "y" : -6.854102,
      "z" : 6.854102
    },
    "orientation" : 30
  }, {
    "shape" : "8c2e06a3-f755-44c7-954f-bbfb74d9a296",
    "color" : "#F0A000",
    "position" : {
      "x" : 0.0,
      "y" : -13.708204,
      "z" : -13.708204
    },
    "orientation" : 54
  }, {
    "shape" : "8c2e06a3-f755-44c7-954f-bbfb74d9a296",
    "color" : "#F0A000",
    "position" : {
      "x" : 0.0,
      "y" : 0.0,
      "z" : -13.708204
    },
    "orientation" : 19
  }, {
    "shape" : "915bb349-4dd1-48e3-bed8-16e5e7dcc31a",
    "color" : "#FFFFFF",
    "position" : {
      "x" : 0.0,
      "y" : 9.708204,
      "z" : 6.854102
    },
    "orientation" : 30
  }, {
    "shape" : "915bb349-4dd1-48e3-bed8-16e5e7dcc31a",
    "color" : "#FFFFFF",
    "position" : {
      "x" : -16.562305,
      "y" : -6.854102,
      "z" : 13.708204
    },
    "orientation" : 15
  }, {
    "shape" : "84f3ac9a-1497-472b-a331-772e165e9a40",
    "color" : "#FFFFFF",
    "position" : {
      "x" : 0.0,
      "y" : 0.0,
      "z" : -27.416409
    }
  }, {
    "shape" : "915bb349-4dd1-48e3-bed8-16e5e7dcc31a",
    "color" : "#FFFFFF",
    "position" : {
      "x" : 0.0,
      "y" : 0.0,
      "z" : -27.416409
    },
    "orientation" : 30
  }, {
    "shape" : "84f3ac9a-1497-472b-a331-772e165e9a40",
    "color" : "#FFFFFF",
    "position" : {
      "x" : -16.562305,
      "y" : -16.562305,
      "z" : -6.854102
    }
  }, {
    "shape" : "8c2e06a3-f755-44c7-954f-bbfb74d9a296",
    "color" : "#F0A000",
    "position" : {
      "x" : 2.854102,
      "y" : 16.562305,
      "z" : 6.854102
    },
    "orientation" : 5
  }, {
    "shape" : "8c2e06a3-f755-44c7-954f-bbfb74d9a296",
    "color" : "#F0A000",
    "position" : {
      "x" : -16.562305,
      "y" : 16.562305,
      "z" : 6.854102
    },
    "orientation" : 5
  }, {
    "shape" : "84f3ac9a-1497-472b-a331-772e165e9a40",
    "color" : "#FFFFFF",
    "position" : {
      "x" : 6.854102,
      "y" : -6.854102,
      "z" : -6.854102
    }
  }, {
    "shape" : "8c2e06a3-f755-44c7-954f-bbfb74d9a296",
    "color" : "#F0A000",
    "position" : {
      "x" : 2.854102,
      "y" : 16.562305,
      "z" : 6.854102
    },
    "orientation" : 3
  }, {
    "shape" : "8c2e06a3-f755-44c7-954f-bbfb74d9a296",
    "color" : "#F0A000",
    "position" : {
      "x" : -6.854102,
