{
  "field" : "golden",
  "symmetry" : "icosahedral",
  "orientations" : [ [ 1.0, 0.0, 0.0, 0.0, 0.0, 1.0, 0.0, 0.0, 0.0, 0.0, 1.0, 0.0, 0.0, 0.0, 0.0, 1.0 ], [ 0.0, 0.0, 1.0, 0.0, 1.0, 0.0, 0.0, 0.0, 0.0, 1.0, 0.0, 0.0, 0.0, 0.0, 0.0, 1.0 ], [ 0.0, 1.0, 0.0, 0.0, 0.0, 0.0, 1.0, 0.0, 1.0, 0.0, 0.0, 0.0, 0.0, 0.0, 0.0, 1.0 ], [ 0.809017, 0.309017, 0.5, 0.0, 0.309017, 0.5, -0.809017, 0.0, -0.5, 0.809017, 0.309017, 0.0, 0.0, 0.0, 0.0, 1.0 ], [ -0.5, 0.809017, 0.309017, 0.0, 0.809017, 0.309017, 0.5, 0.0, 0.309017, 0.5, -0.809017, 0.0, 0.0, 0.0, 0.0, 1.0 ], [ 0.309017, 0.5, -0.809017, 0.0, -0.5, 0.809017, 0.309017, 0.0, 0.809017, 0.309017, 0.5, 0.0, 0.0, 0.0, 0.0, 1.0 ], [ 0.5, 0.809017, 0.309017, 0.0, 0.809017, -0.309017, -0.5, 0.0, -0.309017, 0.5, -0.809017, 0.0, 0.0, 0.0, 0.0, 1.0 ], [ -0.309017, 0.5, -0.809017, 0.0, 0.5, 0.809017, 0.309017, 0.0, 0.809017, -0.309017, -0.5, 0.0, 0.0, 0.0, 0.0, 1.0 ], [ 0.809017, -0.309017, -0.5, 0.0, -0.309017, 0.5, -0.809017, 0.0, 0.5, 0.809017, 0.309017, 0.0, 0.0, 0.0, 0.0, 1.0 ], [ 0.5, 0.809017, -0.309017, 0.0, 0.809017, -0.309017, 0.5, 0.0, 0.309017, -0.5, -0.809017, 0.0, 0.0, 0.0, 0.0, 1.0 ], [ 0.309017, -0.5, -0.809017, 0.0, 0.5, 0.809017, -0.309017, 0.0, 0.809017, -0.309017, 0.5, 0.0, 0.0, 0.0, 0.0, 1.0 ], [ 0.809017, -0.309017, 0.5, 0.0, 0.309017, -0.5, -0.809017, 0.0, 0.5, 0.809017, -0.309017, 0.0, 0.0, 0.0, 0.0, 1.0 ], [ 0.809017, 0.309017, -0.5, 0.0, 0.309017, 0.5, 0.809017, 0.0, 0.5, -0.809017, 0.309017, 0.0, 0.0, 0.0, 0.0, 1.0 ], [ 0.5, -0.809017, 0.309017, 0.0, 0.809017, 0.309017, -0.5, 0.0, 0.309017, 0.5, 0.809017, 0.0, 0.0, 0.0, 0.0, 1.0 ], [ 0.309017, 0.5, 0.809017, 0.0, 0.5, -0.809017, 0.309017, 0.0, 0.809017, 0.309017, -0.5, 0.0, 0.0, 0.0, 0.0, 1.0 ], [ 1.0, 0.0, 0.0, 0.0, 0.0, -1.0, 0.0, 0.0, 0.0, 0.0, -1.0, 0.0, 0.0, 0.0, 0.0, 1.0 ], [ 0.0, 0.0, 1.0, 0.0, -1.0, 0.0, 0.0, 0.0, 0.0, -1.0, 0.0, 0.0, 0.0, 0.0, 0.0, 1.0 ], [ 0.0, 1.0, 0.0, 0.0, 0.0, 0.0, -1.0, 0.0, -1.0, 0.0, 0.0, 0.0, 0.0, 0.0, 0.0, 1.0 ], [ 0.809017, 0.309017, 0.5, 0.0, -0.309017, -0.5, 0.809017, 0.0, 0.5, -0.809017, -0.309017, 0.0, 0.0, 0.0, 0.0, 1.0 ], [ -0.5, 0.809017, 0.309017, 0.0, -0.809017, -0.309017, -0.5, 0.0, -0.309017, -0.5, 0.809017, 0.0, 0.0, 0.0, 0.0, 1.0 ], [ 0.309017, 0.5, -0.809017, 0.0, 0.5, -0.809017, -0.309017, 0.0, -0.809017, -0.309017, -0.5, 0.0, 0.0, 0.0, 0.0, 1.0 ], [ 0.5, 0.809017, 0.309017, 0.0, -0.809017, 0.309017, 0.5, 0.0, 0.309017, -0.5, 0.809017, 0.0, 0.0, 0.0, 0.0, 1.0 ], [ -0.309017, 0.5, -0.809017, 0.0, -0.5, -0.809017, -0.309017, 0.0, -0.809017, 0.309017, 0.5, 0.0, 0.0, 0.0, 0.0, 1.0 ], [ 0.809017, -0.309017, -0.5, 0.0, 0.309017, -0.5, 0.809017, 0.0, -0.5, -0.809017, -0.309017, 0.0, 0.0, 0.0, 0.0, 1.0 ], [ 0.5, 0.809017, -0.309017, 0.0, -0.809017, 0.309017, -0.5, 0.0, -0.309017, 0.5, 0.809017, 0.0, 0.0, 0.0, 0.0, 1.0 ], [ 0.309017, -0.5, -0.809017, 0.0, -0.5, -0.809017, 0.309017, 0.0, -0.809017, 0.309017, -0.5, 0.0, 0.0, 0.0, 0.0, 1.0 ], [ 0.809017, -0.309017, 0.5, 0.0, -0.309017, 0.5, 0.809017, 0.0, -0.5, -0.809017, 0.309017, 0.0, 0.0, 0.0, 0.0, 1.0 ], [ 0.809017, 0.309017, -0.5, 0.0, -0.309017, -0.5, -0.809017, 0.0, -0.5, 0.809017, -0.309017, 0.0, 0.0, 0.0, 0.0, 1.0 ], [ 0.5, -0.809017, 0.309017, 0.0, -0.809017, -0.309017, 0.5, 0.0, -0.309017, -0.5, -0.809017, 0.0, 0.0, 0.0, 0.0, 1.0 ], [ 0.309017, 0.5, 0.809017, 0.0, -0.5, 0.809017, -0.309017, 0.0, -0.809017, -0.309017, 0.5, 0.0, 0.0, 0.0, 0.0, 1.0 ], [ -1.0, 0.0, 0.0, 0.0, 0.0, -1.0, 0.0, 0.0, 0.0, 0.0, 1.0, 0.0, 0.0, 0.0, 0.0, 1.0 ], [ 0.0, 0.0, -1.0, 0.0, -1.0, 0.0, 0.0, 0.0, 0.0, 1.0, 0.0, 0.0, 0.0, 0.0, 0.0, 1.0 ], [ 0.0, -1.0, 0.0, 0.0, 0.0, 0.0, -1.0, 0.0, 1.0, 0.0, 0.0, 0.0, 0.0, 0.0, 0.0, 1.0 ], [ -0.809017, -0.309017, -0.5, 0.0, -0.309017, -0.5, 0.809017, 0.0, -0.5, 0.809017, 0.309017, 0.0, 0.0, 0.0, 0.0, 1.0 ], [ 0.5, -0.809017, -0.309017, 0.0, -0.809017, -0.309017, -0.5, 0.0, 0.309017, 0.5, -0.809017, 0.0, 0.0, 0.0, 0.0, 1.0 ], [ -0.309017, -0.5, 0.809017, 0.0, 0.5, -0.809017, -0.309017, 0.0, 0.809017, 0.309017, 0.5, 0.0, 0.0, 0.0, 0.0, 1.0 ], [ -0.5, -0.809017, -0.309017, 0.0, -0.809017, 0.309017, 0.5, 0.0, -0.309017, 0.5, -0.809017, 0.0, 0.0, 0.0, 0.0, 1.0 ], [ 0.309017, -0.5, 0.809017, 0.0, -0.5, -0.809017, -0.309017, 0.0, 0.809017, -0.309017, -0.5, 0.0, 0.0, 0.0, 0.0, 1.0 ], [ -0.809017, 0.309017, 0.5, 0.0, 0.309017, -0.5, 0.809017, 0.0, 0.5, 0.809017, 0.309017, 0.0, 0.0, 0.0, 0.0, 1.0 ], [ -0.5, -0.809017, 0.309017, 0.0, -0.809017, 0.309017, -0.5, 0.0, 0.309017, -0.5, -0.809017, 0.0, 0.0, 0.0, 0.0, 1.0 ], [ -0.309017, 0.5, 0.809017, 0.0, -0.5, -0.809017, 0.309017, 0.0, 0.809017, -0.309017, 0.5, 0.0, 0.0, 0.0, 0.0, 1.0 ], [ -0.809017, 0.309017, -0.5, 0.0, -0.309017, 0.5, 0.809017, 0.0, 0.5, 0.809017, -0.309017, 0.0, 0.0, 0.0, 0.0, 1.0 ], [ -0.809017, -0.309017, 0.5, 0.0, -0.309017, -0.5, -0.809017, 0.0, 0.5, -0.809017, 0.309017, 0.0, 0.0, 0.0, 0.0, 1.0 ], [ -0.5, 0.809017, -0.309017, 0.0, -0.809017, -0.309017, 0.5, 0.0, 0.309017, 0.5, 0.809017, 0.0, 0.0, 0.0, 0.0, 1.0 ], [ -0.309017, -0.5, -0.809017, 0.0, -0.5, 0.809017, -0.309017, 0.0, 0.809017, 0.309017, -0.5, 0.0, 0.0, 0.0, 0.0, 1.0 ], [ -1.0, 0.0, 0.0, 0.0, 0.0, 1.0, 0.0, 0.0, 0.0, 0.0, -1.0, 0.0, 0.0, 0.0, 0.0, 1.0 ], [ 0.0, 0.0, -1.0, 0.0, 1.0, 0.0, 0.0, 0.0, 0.0, -1.0, 0.0, 0.0, 0.0, 0.0, 0.0, 1.0 ], [ 0.0, -1.0, 0.0, 0.0, 0.0, 0.0, 1.0, 0.0, -1.0, 0.0, 0.0, 0.0, 0.0, 0.0, 0.0, 1.0 ], [ -0.809017, -0.309017, -0.5, 0.0, 0.309017, 0.5, -0.809017, 0.0, 0.5, -0.809017, -0.309017, 0.0, 0.0, 0.0, 0.0, 1.0 ], [ 0.5, -0.809017, -0.309017, 0.0, 0.809017, 0.309017, 0.5, 0.0, -0.309017, -0.5, 0.809017, 0.0, 0.0, 0.0, 0.0, 1.0 ], [ -0.309017, -0.5, 0.809017, 0.0, -0.5, 0.809017, 0.309017, 0.0, -0.809017, -0.309017, -0.5, 0.0, 0.0, 0.0, 0.0, 1.0 ], [ -0.5, -0.809017, -0.309017, 0.0, 0.809017, -0.309017, -0.5, 0.0, 0.309017, -0.5, 0.809017, 0.0, 0.0, 0.0, 0.0, 1.0 ], [ 0.309017, -0.5, 0.809017, 0.0, 0.5, 0.809017, 0.309017, 0.0, -0.809017, 0.309017, 0.5, 0.0, 0.0, 0.0, 0.0, 1.0 ], [ -0.809017, 0.309017, 0.5, 0.0, -0.309017, 0.5, -0.809017, 0.0, -0.5, -0.809017, -0.309017, 0.0, 0.0, 0.0, 0.0, 1.0 ], [ -0.5, -0.809017, 0.309017, 0.0, 0.809017, -0.309017, 0.5, 0.0, -0.309017, 0.5, 0.809017, 0.0, 0.0, 0.0, 0.0, 1.0 ], [ -0.309017, 0.5, 0.809017, 0.0, 0.5, 0.809017, -0.309017, 0.0, -0.809017, 0.309017, -0.5, 0.0, 0.0, 0.0, 0.0, 1.0 ], [ -0.809017, 0.309017, -0.5, 0.0, 0.309017, -0.5, -0.809017, 0.0, -0.5, -0.809017, 0.309017, 0.0, 0.0, 0.0, 0.0, 1.0 ], [ -0.809017, -0.309017, 0.5, 0.0, 0.309017, 0.5, 0.809017, 0.0, -0.5, 0.809017, -0.309017, 0.0, 0.0, 0.0, 0.0, 1.0 ], [ -0.5, 0.809017, -0.309017, 0.0, 0.809017, 0.309017, -0.5, 0.0, -0.309017, -0.5, -0.809017, 0.0, 0.0, 0.0, 0.0, 1.0 ], [ -0.309017, -0.5, -0.809017, 0.0, 0.5, -0.809017, 0.309017, 0.0, -0.809017, -0.309017, 0.5, 0.0, 0.0, 0.0, 0.0, 1.0 ] ],
  "lights" : {
    "ambientColor" : "#292929",
    "backgroundColor" : "#999999",
    "directionalLights" : [ {
      "direction" : {
        "x" : 1.0,
        "y" : -1.0,
        "z" : -1.0
      },
      "color" : "#EBEBE4"
    }, {
      "direction" : {
        "x" : -1.0,
        "y" : 0.0,
        "z" : 0.0
      },
      "color" : "#E4E4EB"
    }, {
      "direction" : {
        "x" : 0.0,
        "y" : 0.0,
        "z" : -1.0
      },
      "color" : "#1E1E1E"
    } ]
  },
  "camera" : {
    "stereo" : false,
    "width" : 100.52164,
    "viewDistance" : 223.38115,
    "nearClipDistance" : 0.55845237,
    "farClipDistance" : 446.76324,
    "lookAtPoint" : {
      "x" : 0.0,
      "y" : 0.0,
      "z" : 0.0
    },
    "fieldOfView" : 0.4426294,
    "perspective" : false,
    "lookDirection" : {
      "x" : -0.8085941,
      "y" : 0.33704773,
      "z" : -0.48225582
    },
    "upDirection" : {
      "x" : -0.44031635,
      "y" : 0.19700246,
      "z" : 0.87596005
    },
    "position" : {
      "x" : 180.62468,
      "y" : -75.29011,
      "z" : 107.72686
    }
  },
  "embedding" : [ 1.0, 0.0, 0.0, 0.0, 0.0, 1.0, 0.0, 0.0, 0.0, 0.0, 1.0, 0.0, 0.0, 0.0, 0.0, 1.0 ],
  "shapes" : [ {
    "id" : "aaf509aa-b322-4eac-ac8b-a5daf7165c67",
    "vertices" : [ {
      "x" : -0.26666668,
      "y" : 9.312918,
      "z" : 6.357357
    }, {
      "x" : 0.13333334,
      "y" : 9.212917,
      "z" : 6.2573566
    }, {
      "x" : 0.26666668,
      "y" : 0.39528626,
      "z" : 0.49674514
    }, {
      "x" : -0.13333334,
      "y" : 0.49528626,
      "z" : 0.59674513
    }, {
      "x" : 0.26666668,
      "y" : 8.979585,
      "z" : 6.557357
    }, {
      "x" : -0.13333334,
      "y" : 9.079584,
      "z" : 6.6573567
    }, {
      "x" : -0.26666668,
      "y" : 0.7286196,
      "z" : 0.29674512
    }, {
      "x" : 0.13333334,
      "y" : 0.6286196,
      "z" : 0.19674513
    } ],
    "faces" : [ {
      "vertices" : [ 2, 3, 6 ]
    }, {
      "vertices" : [ 2, 6, 7 ]
    }, {
      "vertices" : [ 0, 5, 4 ]
    }, {
      "vertices" : [ 0, 4, 1 ]
    }, {
      "vertices" : [ 2, 4, 5 ]
    }, {
      "vertices" : [ 2, 5, 3 ]
    }, {
      "vertices" : [ 0, 6, 3 ]
    }, {
      "vertices" : [ 0, 3, 5 ]
    }, {
      "vertices" : [ 0, 1, 7 ]
    }, {
      "vertices" : [ 0, 7, 6 ]
    }, {
      "vertices" : [ 1, 4, 2 ]
    }, {
      "vertices" : [ 1, 2, 7 ]
    } ]
  }, {
    "id" : "92e1dd9d-9a7f-49ea-aa1b-37a0a3564c1a",
    "vertices" : [ {
      "x" : 6.854102,
      "y" : -2.854102,
      "z" : 0.0
    }, {
      "x" : 6.854102,
      "y" : 16.562305,
      "z" : 0.0
    }, {
      "x" : 0.0,
      "y" : 0.0,
      "z" : 0.0
    } ],
    "faces" : [ {
      "vertices" : [ 0, 1, 2 ]
    }, {
      "vertices" : [ 0, 2, 1 ]
    } ]
  }, {
    "id" : "9c1fcb13-b1ec-4e6d-9aa5-7c1fd3ec3f41",
    "vertices" : [ {
      "x" : 13.708204,
      "y" : 0.0,
      "z" : -13.708204
    }, {
      "x" : 6.854102,
      "y" : -16.562305,
      "z" : -13.708204
    }, {
      "x" : 16.562305,
      "y" : -6.854102,
      "z" : -13.708204
    } ],
    "faces" : [ {
      "vertices" : [ 0, 1, 2 ]
    }, {
      "vertices" : [ 0, 2, 1 ]
    } ]
  }, {
    "id" : "30925433-f7ba-4ace-aef0-3179c5c720d2",
    "vertices" : [ {
      "x" : -16.562305,
      "y" : -6.854102,
      "z" : 0.0
    }, {
      "x" : -23.416409,
      "y" : 9.708204,
      "z" : 0.0
    }, {
      "x" : -23.416409,
      "y" : -9.708204,
      "z" : 0.0
    } ],
    "faces" : [ {
      "vertices" : [ 0, 1, 2 ]
    }, {
      "vertices" : [ 0, 2, 1 ]
    } ]
  }, {
    "id" : "574c093c-0e04-4072-96a1-d2b405cdd3d2",
    "vertices" : [ {
      "x" : 11.09017,
      "y" : 0.0,
      "z" : -4.236068
    }, {
      "x" : 10.781153,
      "y" : 0.0,
      "z" : -4.118034
    }, {
      "x" : 10.376644,
      "y" : -0.1545085,
      "z" : -3.677051
    }, {
      "x" : 10.185661,
      "y" : -0.1545085,
      "z" : -4.177051
    }, {
      "x" : 0.9045085,
      "y" : -0.1545085,
      "z" : -0.059016995
    }, {
      "x" : 0.809017,
      "y" : 0.309017,
      "z" : -0.309017
    }, {
      "x" : 0.309017,
      "y" : 0.0,
      "z" : -0.11803399
    }, {
      "x" : 10.281153,
      "y" : 0.309017,
      "z" : -3.927051
    }, {
      "x" : 0.7135255,
      "y" : -0.1545085,
      "z" : -0.559017
    } ],
    "faces" : [ {
      "vertices" : [ 2, 4, 8 ]
    }, {
      "vertices" : [ 2, 8, 3 ]
    }, {
      "vertices" : [ 2, 7, 5 ]
    }, {
      "vertices" : [ 2, 5, 4 ]
    }, {
      "vertices" : [ 4, 6, 8 ]
    }, {
      "vertices" : [ 5, 8, 6 ]
    }, {
      "vertices" : [ 1, 2, 3 ]
    }, {
      "vertices" : [ 3, 8, 5 ]
    }, {
      "vertices" : [ 3, 5, 7 ]
    }, {
      "vertices" : [ 1, 7, 2 ]
    }, {
      "vertices" : [ 1, 3, 7 ]
    }, {
      "vertices" : [ 4, 5, 6 ]
    } ]
  }, {
    "id" : "80110f48-c213-4091-a687-82781088921f",
    "vertices" : [ {
      "x" : 0.309017,
      "y" : -0.309017,
      "z" : -0.309017
    }, {
      "x" : 0.5,
      "y" : 0.0,
      "z" : -0.19098301
    }, {
      "x" : 0.5,
      "y" : 0.0,
      "z" : 0.19098301
    }, {
      "x" : 0.309017,
      "y" : -0.309017,
      "z" : 0.309017
    }, {
      "x" : 0.19098301,
      "y" : -0.5,
      "z" : 0.0
    }, {
      "x" : 0.0,
      "y" : 0.19098301,
      "z" : 0.5
    }, {
      "x" : 0.0,
      "y" : -0.19098301,
      "z" : 0.5
    }, {
      "x" : 0.309017,
      "y" : 0.309017,
      "z" : 0.309017
    }, {
      "x" : -0.309017,
      "y" : -0.309017,
      "z" : 0.309017
    }, {
      "x" : -0.309017,
      "y" : 0.309017,
      "z" : 0.309017
    }, {
      "x" : -0.5,
      "y" : 0.0,
      "z" : 0.19098301
    }, {
      "x" : 0.0,
      "y" : -0.19098301,
      "z" : -0.5
    }, {
      "x" : 0.0,
      "y" : 0.19098301,
      "z" : -0.5
    }, {
      "x" : 0.309017,
      "y" : 0.309017,
      "z" : -0.309017
    }, {
      "x" : -0.309017,
      "y" : -0.309017,
      "z" : -0.309017
    }, {
      "x" : -0.19098301,
      "y" : -0.5,
      "z" : 0.0
    }, {
      "x" : -0.5,
      "y" : 0.0,
      "z" : -0.19098301
    }, {
      "x" : 0.19098301,
      "y" : 0.5,
      "z" : 0.0
    }, {
      "x" : -0.309017,
      "y" : 0.309017,
      "z" : -0.309017
    }, {
      "x" : 0.0,
      "y" : 0.0,
      "z" : 0.0
    }, {
      "x" : -0.19098301,
      "y" : 0.5,
      "z" : 0.0
    } ],
    "faces" : [ {
      "vertices" : [ 12, 18, 20 ]
    }, {
      "vertices" : [ 12, 20, 17 ]
    }, {
      "vertices" : [ 12, 17, 13 ]
    }, {
      "vertices" : [ 3, 6, 8 ]
    }, {
      "vertices" : [ 3, 8, 15 ]
    }, {
      "vertices" : [ 3, 15, 4 ]
    }, {
      "vertices" : [ 0, 11, 12 ]
    }, {
      "vertices" : [ 0, 12, 13 ]
    }, {
      "vertices" : [ 0, 13, 1 ]
    }, {
      "vertices" : [ 5, 9, 10 ]
    }, {
      "vertices" : [ 5, 10, 8 ]
    }, {
      "vertices" : [ 5, 8, 6 ]
    }, {
      "vertices" : [ 2, 7, 5 ]
    }, {
      "vertices" : [ 2, 5, 6 ]
    }, {
      "vertices" : [ 2, 6, 3 ]
    }, {
      "vertices" : [ 11, 14, 16 ]
    }, {
      "vertices" : [ 11, 16, 18 ]
    }, {
      "vertices" : [ 11, 18, 12 ]
    }, {
      "vertices" : [ 1, 13, 17 ]
    }, {
      "vertices" : [ 1, 17, 7 ]
    }, {
      "vertices" : [ 1, 7, 2 ]
    }, {
      "vertices" : [ 9, 20, 18 ]
    }, {
      "vertices" : [ 9, 18, 16 ]
    }, {
      "vertices" : [ 9, 16, 10 ]
    }, {
      "vertices" : [ 0, 1, 2 ]
    }, {
      "vertices" : [ 0, 2, 3 ]
    }, {
      "vertices" : [ 0, 3, 4 ]
    }, {
      "vertices" : [ 5, 7, 17 ]
    }, {
      "vertices" : [ 5, 17, 20 ]
    }, {
      "vertices" : [ 5, 20, 9 ]
    }, {
      "vertices" : [ 0, 4, 15 ]
    }, {
      "vertices" : [ 0, 15, 14 ]
    }, {
      "vertices" : [ 0, 14, 11 ]
    }, {
      "vertices" : [ 8, 10, 16 ]
    }, {
      "vertices" : [ 8, 16, 14 ]
    }, {
      "vertices" : [ 8, 14, 15 ]
    } ]
  }, {
    "id" : "824c1891-c675-454c-93c8-b15cb6cab60c",
    "vertices" : [ {
      "x" : -23.416409,
      "y" : 9.708204,
      "z" : 0.0
    }, {
      "x" : -6.854102,
      "y" : 2.854102,
      "z" : 0.0
    }, {
      "x" : -6.854102,
      "y" : 16.562305,
      "z" : 0.0
    } ],
    "faces" : [ {
      "vertices" : [ 0, 1, 2 ]
    }, {
      "vertices" : [ 0, 2, 1 ]
    } ]
  }, {
    "id" : "3f9f394b-406b-465d-819b-1d0a0b810ea0",
    "vertices" : [ {
      "x" : -13.708204,
      "y" : 0.0,
      "z" : -13.708204
    }, {
      "x" : 0.0,
      "y" : 13.708204,
      "z" : -13.708204
    }, {
      "x" : -6.854102,
      "y" : 16.562305,
      "z" : -13.708204
    } ],
    "faces" : [ {
      "vertices" : [ 0, 1, 2 ]
    }, {
      "vertices" : [ 0, 2, 1 ]
    } ]
  }, {
    "id" : "daee1963-efcb-4b7d-b849-2f47643f75c0",
    "vertices" : [ {
      "x" : 9.212917,
      "y" : 0.13333334,
      "z" : 6.2573566
    }, {
      "x" : 9.312918,
      "y" : -0.26666668,
      "z" : 6.357357
    }, {
      "x" : 0.49528626,
      "y" : -0.13333334,
      "z" : 0.59674513
    }, {
      "x" : 0.39528626,
      "y" : 0.26666668,
      "z" : 0.49674514
    }, {
      "x" : 9.079584,
      "y" : -0.13333334,
      "z" : 6.6573567
    }, {
      "x" : 8.979585,
      "y" : 0.26666668,
      "z" : 6.557357
    }, {
      "x" : 0.6286196,
      "y" : 0.13333334,
      "z" : 0.19674513
    }, {
      "x" : 0.7286196,
      "y" : -0.26666668,
      "z" : 0.29674512
    } ],
    "faces" : [ {
      "vertices" : [ 2, 3, 6 ]
    }, {
      "vertices" : [ 2, 6, 7 ]
    }, {
      "vertices" : [ 0, 5, 4 ]
    }, {
      "vertices" : [ 0, 4, 1 ]
    }, {
      "vertices" : [ 2, 4, 5 ]
    }, {
      "vertices" : [ 2, 5, 3 ]
    }, {
      "vertices" : [ 0, 6, 3 ]
    }, {
      "vertices" : [ 0, 3, 5 ]
    }, {
      "vertices" : [ 0, 1, 7 ]
    }, {
      "vertices" : [ 0, 7, 6 ]
    }, {
      "vertices" : [ 1, 4, 2 ]
    }, {
      "vertices" : [ 1, 2, 7 ]
    } ]
  }, {
    "id" : "7b3460c0-122b-4070-a649-8f7221243ea6",
    "vertices" : [ {
      "x" : -6.854102,
      "y" : -16.562305,
      "z" : -13.708204
    }, {
      "x" : 0.0,
      "y" : -13.708204,
      "z" : -13.708204
    }, {
      "x" : 6.854102,
      "y" : -16.562305,
      "z" : -13.708204
    } ],
    "faces" : [ {
      "vertices" : [ 0, 1, 2 ]
    }, {
      "vertices" : [ 0, 2, 1 ]
    } ]
  }, {
    "id" : "ef44aa40-a11b-41a7-9e60-8dcfe6d76263",
    "vertices" : [ {
      "x" : 0.0,
      "y" : 0.0,
      "z" : 0.0
    }, {
      "x" : -6.854102,
      "y" : 16.562305,
      "z" : 0.0
    }, {
      "x" : -6.854102,
      "y" : 2.854102,
      "z" : 0.0
    } ],
    "faces" : [ {
      "vertices" : [ 0, 1, 2 ]
    }, {
      "vertices" : [ 0, 2, 1 ]
    } ]
  }, {
    "id" : "1bfe1d04-4a9c-4ad8-af05-e020d98e7521",
    "vertices" : [ {
      "x" : -6.854102,
      "y" : 16.562305,
      "z" : 0.0
    }, {
      "x" : 6.854102,
      "y" : 16.562305,
      "z" : 0.0
    }, {
      "x" : 9.708204,
      "y" : 23.416409,
      "z" : 0.0
    } ],
    "faces" : [ {
      "vertices" : [ 0, 1, 2 ]
    }, {
      "vertices" : [ 0, 2, 1 ]
    } ]
  }, {
    "id" : "683a43ce-c289-47a7-8085-c0b1d382fc6d",
    "vertices" : [ {
      "x" : -6.854102,
      "y" : 16.562305,
      "z" : 0.0
    }, {
      "x" : -9.708204,
      "y" : 23.416409,
      "z" : 0.0
    }, {
      "x" : -23.416409,
      "y" : 9.708204,
      "z" : 0.0
    } ],
    "faces" : [ {
      "vertices" : [ 0, 1, 2 ]
    }, {
      "vertices" : [ 0, 2, 1 ]
    } ]
  }, {
    "id" : "ce66c9ba-9c51-4f79-9b0b-0226a72292a7",
    "vertices" : [ {
      "x" : -9.708204,
      "y" : 0.0,
      "z" : 20.562305
    }, {
      "x" : -6.854102,
      "y" : 6.854102,
      "z" : 20.562305
    }, {
      "x" : 0.0,
      "y" : 9.708204,
      "z" : 20.562305
    } ],
    "faces" : [ {
      "vertices" : [ 0, 1, 2 ]
    }, {
      "vertices" : [ 0, 2, 1 ]
    } ]
  }, {
    "id" : "b6fbf80b-a98e-4d59-8a02-832ed3e18671",
    "vertices" : [ {
      "x" : 9.708204,
      "y" : 0.0,
      "z" : 20.562305
    }, {
      "x" : 6.854102,
      "y" : -6.854102,
      "z" : 20.562305
    }, {
      "x" : 0.0,
      "y" : -9.708204,
      "z" : 20.562305
    } ],
    "faces" : [ {
      "vertices" : [ 0, 1, 2 ]
    }, {
      "vertices" : [ 0, 2, 1 ]
    } ]
  }, {
    "id" : "b082a142-990f-4f06-8e1a-cdce87fb4d00",
    "vertices" : [ {
      "x" : 0.0,
      "y" : 9.708204,
      "z" : 20.562305
    }, {
      "x" : 6.854102,
      "y" : 6.854102,
      "z" : 20.562305
    }, {
      "x" : 9.708204,
      "y" : 0.0,
      "z" : 20.562305
    } ],
    "faces" : [ {
      "vertices" : [ 0, 1, 2 ]
    }, {
      "vertices" : [ 0, 2, 1 ]
    } ]
  }, {
    "id" : "5c76a40b-5738-4e74-b342-b5378d6f1f18",
    "vertices" : [ {
      "x" : 6.854102,
      "y" : -16.562305,
      "z" : 0.0
    }, {
      "x" : -9.708204,
      "y" : -23.416409,
      "z" : 0.0
    }, {
      "x" : 9.708204,
      "y" : -23.416409,
      "z" : 0.0
    } ],
    "faces" : [ {
      "vertices" : [ 0, 1, 2 ]
    }, {
      "vertices" : [ 0, 2, 1 ]
    } ]
  }, {
    "id" : "4d32a105-e7c1-4584-bcec-b22451e95b7a",
    "vertices" : [ {
      "x" : -6.854102,
      "y" : 2.854102,
      "z" : 0.0
    }, {
      "x" : -6.854102,
      "y" : -16.562305,
      "z" : 0.0
    }, {
      "x" : 0.0,
      "y" : 0.0,
      "z" : 0.0
    } ],
    "faces" : [ {
      "vertices" : [ 0, 1, 2 ]
    }, {
      "vertices" : [ 0, 2, 1 ]
    } ]
  }, {
    "id" : "c0b15523-278c-4c57-bcc9-c6452038ddca",
    "vertices" : [ {
      "x" : 0.0,
      "y" : 0.0,
      "z" : -13.708204
    }, {
      "x" : -13.708204,
      "y" : 0.0,
      "z" : -13.708204
    }, {
      "x" : 0.0,
      "y" : -13.708204,
      "z" : -13.708204
    } ],
    "faces" : [ {
      "vertices" : [ 0, 1, 2 ]
    }, {
      "vertices" : [ 0, 2, 1 ]
    } ]
  }, {
    "id" : "f5c1a344-16b9-4410-944b-2998c930bb4a",
    "vertices" : [ {
      "x" : -6.854102,
      "y" : 16.562305,
      "z" : 0.0
    }, {
      "x" : 9.708204,
      "y" : 23.416409,
      "z" : 0.0
    }, {
      "x" : -9.708204,
      "y" : 23.416409,
      "z" : 0.0
    } ],
    "faces" : [ {
      "vertices" : [ 0, 1, 2 ]
    }, {
      "vertices" : [ 0, 2, 1 ]
    } ]
  }, {
    "id" : "75e31f70-04a7-4c86-8b4a-f5076a6b38da",
    "vertices" : [ {
      "x" : 0.0,
      "y" : 0.0,
      "z" : 0.0
    }, {
      "x" : -6.854102,
      "y" : -16.562305,
      "z" : 0.0
    }, {
      "x" : 6.854102,
      "y" : -16.562305,
      "z" : 0.0
    } ],
    "faces" : [ {
      "vertices" : [ 0, 1, 2 ]
    }, {
      "vertices" : [ 0, 2, 1 ]
    } ]
  }, {
    "id" : "e7371dc1-e4c7-4588-84e1-0cde072a0e5f",
    "vertices" : [ {
      "x" : 9.708204,
      "y" : 0.0,
      "z" : 20.562305
    }, {
      "x" : 0.0,
      "y" : -9.708204,
      "z" : 20.562305
    }, {
      "x" : -9.708204,
      "y" : 0.0,
      "z" : 20.562305
    } ],
    "faces" : [ {
      "vertices" : [ 0, 1, 2 ]
    }, {
      "vertices" : [ 0, 2, 1 ]
    } ]
  }, {
    "id" : "7ca2c511-cf3b-43a4-8746-7932add26ab4",
    "vertices" : [ {
      "x" : -13.708204,
      "y" : 0.0,
      "z" : -13.708204
    }, {
      "x" : -16.562305,
      "y" : -6.854102,
      "z" : -13.708204
    }, {
      "x" : 0.0,
      "y" : -13.708204,
      "z" : -13.708204
    } ],
    "faces" : [ {
      "vertices" : [ 0, 1, 2 ]
    }, {
      "vertices" : [ 0, 2, 1 ]
    } ]
  }, {
    "id" : "c79d7624-985c-4282-9e0b-8cc615daef70",
    "vertices" : [ {
      "x" : 16.562305,
      "y" : 6.854102,
      "z" : 0.0
    }, {
      "x" : 6.854102,
      "y" : -2.854102,
      "z" : 0.0
    }, {
      "x" : 23.416409,
      "y" : -9.708204,
      "z" : 0.0
    } ],
    "faces" : [ {
      "vertices" : [ 0, 1, 2 ]
    }, {
      "vertices" : [ 0, 2, 1 ]
    } ]
  }, {
    "id" : "f4f3e4fa-08f8-44ef-a12d-8d9ebaf5f150",
    "vertices" : [ {
      "x" : 6.854102,
      "y" : -16.562305,
      "z" : 0.0
    }, {
      "x" : -6.854102,
      "y" : -16.562305,
      "z" : 0.0
    }, {
      "x" : -9.708204,
      "y" : -23.416409,
      "z" : 0.0
    } ],
    "faces" : [ {
      "vertices" : [ 0, 1, 2 ]
    }, {
      "vertices" : [ 0, 2, 1 ]
    } ]
  }, {
    "id" : "e0ed715c-0b80-4d2a-b4ab-8cb70408b0cd",
    "vertices" : [ {
      "x" : 0.0,
      "y" : 0.0,
      "z" : 0.0
    }, {
      "x" : 6.854102,
      "y" : 16.562305,
      "z" : 0.0
    }, {
      "x" : -6.854102,
      "y" : 16.562305,
      "z" : 0.0
    } ],
    "faces" : [ {
      "vertices" : [ 0, 1, 2 ]
    }, {
      "vertices" : [ 0, 2, 1 ]
    } ]
  }, {
    "id" : "fd050fbd-c8e9-47c4-8dfc-e1e37e24bf96",
    "vertices" : [ {
      "x" : 0.0,
      "y" : -9.708204,
      "z" : 20.562305
    }, {
      "x" : -6.854102,
      "y" : -6.854102,
      "z" : 20.562305
    }, {
      "x" : -9.708204,
      "y" : 0.0,
      "z" : 20.562305
    } ],
    "faces" : [ {
      "vertices" : [ 0, 1, 2 ]
    }, {
      "vertices" : [ 0, 2, 1 ]
    } ]
  }, {
    "id" : "1564c67e-f746-4edc-bfdc-243ee031e4b5",
    "vertices" : [ {
      "x" : 6.854102,
      "y" : -16.562305,
      "z" : 0.0
    }, {
      "x" : 9.708204,
      "y" : -23.416409,
      "z" : 0.0
    }, {
      "x" : 23.416409,
      "y" : -9.708204,
      "z" : 0.0
    } ],
    "faces" : [ {
      "vertices" : [ 0, 1, 2 ]
    }, {
      "vertices" : [ 0, 2, 1 ]
    } ]
  }, {
    "id" : "dca30ff1-cd1f-4f50-bb4f-8c771a1c5470",
    "vertices" : [ {
      "x" : 0.0,
      "y" : -13.708204,
      "z" : -13.708204
    }, {
      "x" : -6.854102,
      "y" : -16.562305,
      "z" : -13.708204
    }, {
      "x" : -16.562305,
      "y" : -6.854102,
      "z" : -13.708204
    } ],
    "faces" : [ {
      "vertices" : [ 0, 1, 2 ]
    }, {
      "vertices" : [ 0, 2, 1 ]
    } ]
  }, {
    "id" : "c1df6da0-c27c-4110-b15d-c64027adc0c3",
    "vertices" : [ {
      "x" : 13.708204,
      "y" : 0.0,
      "z" : -13.708204
    }, {
      "x" : 16.562305,
      "y" : -6.854102,
      "z" : -13.708204
    }, {
      "x" : 16.562305,
      "y" : 6.854102,
      "z" : -13.708204
    } ],
    "faces" : [ {
      "vertices" : [ 0, 1, 2 ]
    }, {
      "vertices" : [ 0, 2, 1 ]
    } ]
  }, {
    "id" : "8b88f9ad-4d28-4147-8e3d-a58ca0275879",
    "vertices" : [ {
      "x" : -16.562305,
      "y" : -6.854102,
      "z" : 0.0
    }, {
      "x" : -23.416409,
      "y" : -9.708204,
      "z" : 0.0
    }, {
      "x" : -9.708204,
      "y" : -23.416409,
      "z" : 0.0
    } ],
    "faces" : [ {
      "vertices" : [ 0, 1, 2 ]
    }, {
      "vertices" : [ 0, 2, 1 ]
    } ]
  }, {
    "id" : "1f65e34c-3cab-4023-b380-cdd716a05fad",
    "vertices" : [ {
      "x" : 0.0,
      "y" : 13.708204,
      "z" : -13.708204
    }, {
      "x" : 6.854102,
      "y" : 16.562305,
      "z" : -13.708204
    }, {
      "x" : 16.562305,
      "y" : 6.854102,
      "z" : -13.708204
    } ],
    "faces" : [ {
      "vertices" : [ 0, 1, 2 ]
    }, {
      "vertices" : [ 0, 2, 1 ]
    } ]
  }, {
    "id" : "eb2220f4-aa9c-4e97-8c73-3fc7a75b1574",
    "vertices" : [ {
      "x" : -13.708204,
      "y" : 0.0,
      "z" : -13.708204
    }, {
      "x" : -6.854102,
      "y" : 16.562305,
      "z" : -13.708204
    }, {
      "x" : -16.562305,
      "y" : 6.854102,
      "z" : -13.708204
    } ],
    "faces" : [ {
      "vertices" : [ 0, 1, 2 ]
    }, {
      "vertices" : [ 0, 2, 1 ]
    } ]
  }, {
    "id" : "b48e22ac-c96d-45f8-b90b-644465231353",
    "vertices" : [ {
      "x" : 0.0,
      "y" : 0.0,
      "z" : -13.708204
    }, {
      "x" : 13.708204,
      "y" : 0.0,
      "z" : -13.708204
    }, {
      "x" : 0.0,
      "y" : 13.708204,
      "z" : -13.708204
    } ],
    "faces" : [ {
      "vertices" : [ 0, 1, 2 ]
    }, {
      "vertices" : [ 0, 2, 1 ]
    } ]
  }, {
    "id" : "8560d1c5-0867-4b2a-9bda-c92d7b610c88",
    "vertices" : [ {
      "x" : -16.562305,
      "y" : -6.854102,
      "z" : 0.0
    }, {
      "x" : -6.854102,
      "y" : -16.562305,
      "z" : 0.0
    }, {
      "x" : -9.708204,
      "y" : -23.416409,
      "z" : 0.0
    } ],
    "faces" : [ {
      "vertices" : [ 0, 1, 2 ]
    }, {
      "vertices" : [ 0, 2, 1 ]
    } ]
  }, {
    "id" : "6be9f501-b86f-47ff-9d63-1f6d71c1a536",
    "vertices" : [ {
      "x" : 16.562305,
      "y" : 6.854102,
      "z" : 0.0
    }, {
      "x" : 23.416409,
      "y" : -9.708204,
      "z" : 0.0
    }, {
      "x" : 23.416409,
      "y" : 9.708204,
      "z" : 0.0
    } ],
    "faces" : [ {
      "vertices" : [ 0, 1, 2 ]
    }, {
      "vertices" : [ 0, 2, 1 ]
    } ]
  }, {
    "id" : "dd1720f8-ee2d-4845-97a0-b58938d13ac6",
    "vertices" : [ {
      "x" : 6.854102,
      "y" : -2.854102,
      "z" : 0.0
    }, {
      "x" : 16.562305,
      "y" : 6.854102,
      "z" : 0.0
    }, {
      "x" : 6.854102,
      "y" : 16.562305,
      "z" : 0.0
    } ],
    "faces" : [ {
      "vertices" : [ 0, 1, 2 ]
    }, {
      "vertices" : [ 0, 2, 1 ]
    } ]
  }, {
    "id" : "cf832643-7b78-4acc-8db6-dfd5babbf7f7",
    "vertices" : [ {
      "x" : -16.562305,
      "y" : -6.854102,
      "z" : 0.0
    }, {
      "x" : -6.854102,
      "y" : 2.854102,
      "z" : 0.0
    }, {
      "x" : -23.416409,
      "y" : 9.708204,
      "z" : 0.0
    } ],
    "faces" : [ {
      "vertices" : [ 0, 1, 2 ]
    }, {
      "vertices" : [ 0, 2, 1 ]
    } ]
  }, {
    "id" : "2b2b3475-7ff0-47d7-9277-a054c78a4fd5",
    "vertices" : [ {
      "x" : -13.708204,
      "y" : 0.0,
      "z" : -13.708204
    }, {
      "x" : 0.0,
      "y" : 0.0,
      "z" : -13.708204
    }, {
      "x" : 0.0,
      "y" : 13.708204,
      "z" : -13.708204
    } ],
    "faces" : [ {
      "vertices" : [ 0, 1, 2 ]
    }, {
      "vertices" : [ 0, 2, 1 ]
    } ]
  }, {
    "id" : "ffa574cf-a1a6-4af4-81ac-1c83a7f438d1",
    "vertices" : [ {
      "x" : 13.708204,
      "y" : 0.0,
      "z" : -13.708204
    }, {
      "x" : 16.562305,
      "y" : 6.854102,
      "z" : -13.708204
    }, {
      "x" : 0.0,
      "y" : 13.708204,
      "z" : -13.708204
    } ],
    "faces" : [ {
      "vertices" : [ 0, 1, 2 ]
    }, {
      "vertices" : [ 0, 2, 1 ]
    } ]
  }, {
    "id" : "6a264a69-f888-4004-a757-c38ddcc985bc",
    "vertices" : [ {
      "x" : 16.562305,
      "y" : 6.854102,
      "z" : 0.0
    }, {
      "x" : 23.416409,
      "y" : 9.708204,
      "z" : 0.0
    }, {
      "x" : 9.708204,
      "y" : 23.416409,
      "z" : 0.0
    } ],
    "faces" : [ {
      "vertices" : [ 0, 1, 2 ]
    }, {
      "vertices" : [ 0, 2, 1 ]
    } ]
  }, {
    "id" : "d0355dec-9666-475b-bc44-121e35965b35",
    "vertices" : [ {
      "x" : 13.708204,
      "y" : 0.0,
      "z" : -13.708204
    }, {
      "x" : 0.0,
      "y" : -13.708204,
      "z" : -13.708204
    }, {
      "x" : 6.854102,
      "y" : -16.562305,
      "z" : -13.708204
    } ],
    "faces" : [ {
      "vertices" : [ 0, 1, 2 ]
    }, {
      "vertices" : [ 0, 2, 1 ]
    } ]
  }, {
    "id" : "d6590d04-a668-4b25-9d68-f9c0f1a0a961",
    "vertices" : [ {
      "x" : 0.0,
      "y" : 0.0,
      "z" : 0.0
    }, {
      "x" : 6.854102,
      "y" : -16.562305,
      "z" : 0.0
    }, {
      "x" : 6.854102,
      "y" : -2.854102,
      "z" : 0.0
    } ],
    "faces" : [ {
      "vertices" : [ 0, 1, 2 ]
    }, {
      "vertices" : [ 0, 2, 1 ]
    } ]
  }, {
    "id" : "694c5cf7-30d9-4d21-8438-08a22d097fa4",
    "vertices" : [ {
      "x" : 9.708204,
      "y" : 0.0,
      "z" : 20.562305
    }, {
      "x" : -9.708204,
      "y" : 0.0,
      "z" : 20.562305
    }, {
      "x" : 0.0,
      "y" : 9.708204,
      "z" : 20.562305
    } ],
    "faces" : [ {
      "vertices" : [ 0, 1, 2 ]
    }, {
      "vertices" : [ 0, 2, 1 ]
    } ]
  }, {
    "id" : "a1c4c861-5cc2-4246-a5ac-86c7565cbcd6",
    "vertices" : [ {
      "x" : 13.708204,
      "y" : 0.0,
      "z" : -13.708204
    }, {
      "x" : 0.0,
      "y" : 0.0,
      "z" : -13.708204
    }, {
      "x" : 0.0,
      "y" : -13.708204,
      "z" : -13.708204
    } ],
    "faces" : [ {
      "vertices" : [ 0, 1, 2 ]
    }, {
      "vertices" : [ 0, 2, 1 ]
    } ]
  }, {
    "id" : "1c1eb23c-2cdc-4b27-ad96-bc9844b0d8a7",
    "vertices" : [ {
      "x" : -6.854102,
      "y" : 2.854102,
      "z" : 0.0
    }, {
      "x" : -16.562305,
      "y" : -6.854102,
      "z" : 0.0
    }, {
      "x" : -6.854102,
      "y" : -16.562305,
      "z" : 0.0
    } ],
    "faces" : [ {
      "vertices" : [ 0, 1, 2 ]
    }, {
      "vertices" : [ 0, 2, 1 ]
    } ]
  }, {
    "id" : "e58812a0-fb67-497b-ad75-bf145d203d24",
    "vertices" : [ {
      "x" : -13.708204,
      "y" : 0.0,
      "z" : -13.708204
    }, {
      "x" : -16.562305,
      "y" : 6.854102,
      "z" : -13.708204
    }, {
      "x" : -16.562305,
      "y" : -6.854102,
      "z" : -13.708204
    } ],
    "faces" : [ {
      "vertices" : [ 0, 1, 2 ]
    }, {
      "vertices" : [ 0, 2, 1 ]
    } ]
  }, {
    "id" : "e2291597-6788-4d2a-8274-55373736d5a8",
    "vertices" : [ {
      "x" : 6.854102,
      "y" : 16.562305,
      "z" : -13.708204
    }, {
      "x" : 0.0,
      "y" : 13.708204,
      "z" : -13.708204
    }, {
      "x" : -6.854102,
      "y" : 16.562305,
      "z" : -13.708204
    } ],
    "faces" : [ {
      "vertices" : [ 0, 1, 2 ]
    }, {
      "vertices" : [ 0, 2, 1 ]
    } ]
  }, {
    "id" : "e4debdc5-8d6b-41c1-8024-196ed9a89962",
    "vertices" : [ {
      "x" : 16.562305,
      "y" : 6.854102,
      "z" : 0.0
    }, {
      "x" : 6.854102,
      "y" : 16.562305,
      "z" : 0.0
    }, {
      "x" : 9.708204,
      "y" : 23.416409,
      "z" : 0.0
    } ],
    "faces" : [ {
      "vertices" : [ 0, 1, 2 ]
    }, {
      "vertices" : [ 0, 2, 1 ]
    } ]
  }, {
    "id" : "1d231ca2-e152-45b2-af36-27e00d3ea143",
    "vertices" : [ {
      "x" : 23.416409,
      "y" : -9.708204,
      "z" : 0.0
    }, {
      "x" : 6.854102,
      "y" : -2.854102,
      "z" : 0.0
    }, {
      "x" : 6.854102,
      "y" : -16.562305,
      "z" : 0.0
    } ],
    "faces" : [ {
      "vertices" : [ 0, 1, 2 ]
    }, {
      "vertices" : [ 0, 2, 1 ]
    } ]
  } ],
  "instances" : [ {
    "shape" : "aaf509aa-b322-4eac-ac8b-a5daf7165c67",
    "color" : "#FFFFFF",
    "position" : {
      "x" : 16.562305,
      "y" : 6.854102,
      "z" : 13.708204
    },
    "orientation" : 45
  }, {
    "shape" : "92e1dd9d-9a7f-49ea-aa1b-37a0a3564c1a",
    "color" : "#7FBACA",
    "position" : {
      "x" : 0.0,
      "y" : 0.0,
      "z" : 0.0
    }
  }, {
    "shape" : "9c1fcb13-b1ec-4e6d-9aa5-7c1fd3ec3f41",
    "color" : "#7FBACA",
    "position" : {
      "x" : 0.0,
      "y" : 0.0,
      "z" : 0.0
    }
  }, {
    "shape" : "30925433-f7ba-4ace-aef0-3179c5c720d2",
    "color" : "#FF9999",
    "position" : {
      "x" : 0.0,
      "y" : 0.0,
      "z" : 0.0
    }
  }, {
    "shape" : "574c093c-0e04-4072-96a1-d2b405cdd3d2",
    "color" : "#F0A000",
    "position" : {
      "x" : 0.0,
      "y" : 9.708204,
      "z" : 6.854102
    },
    "orientation" : 19
  }, {
    "shape" : "80110f48-c213-4091-a687-82781088921f",
    "color" : "#FFFFFF",
    "position" : {
      "x" : 0.0,
      "y" : 0.0,
      "z" : -27.416409
    }
  }, {
    "shape" : "aaf509aa-b322-4eac-ac8b-a5daf7165c67",
    "color" : "#FFFFFF",
    "position" : {
      "x" : -16.562305,
      "y" : -6.854102,
      "z" : 0.0
    },
    "orientation" : 0
  }, {
    "shape" : "80110f48-c213-4091-a687-82781088921f",
    "color" : "#FFFFFF",
    "position" : {
      "x" : 9.708204,
      "y" : 0.0,
      "z" : -20.562305
    }
  }, {
    "shape" : "80110f48-c213-4091-a687-82781088921f",
    "color" : "#FFFFFF",
    "position" : {
      "x" : 16.562305,
      "y" : 16.562305,
      "z" : -6.854102
    }
  }, {
    "shape" : "574c093c-0e04-4072-96a1-d2b405cdd3d2",
    "color" : "#F0A000",
    "position" : {
      "x" : -6.854102,
      "y" : 16.562305,
      "z" : 0.0
    },
    "orientation" : 5
  }, {
    "shape" : "80110f48-c213-4091-a687-82781088921f",
    "color" : "#FFFFFF",
    "position" : {
      "x" : -9.708204,
      "y" : 23.416409,
      "z" : 0.0
    }
  }, {
    "shape" : "80110f48-c213-4091-a687-82781088921f",
    "color" : "#FFFFFF",
    "position" : {
      "x" : 6.854102,
      "y" : 16.562305,
      "z" : 0.0
    }
  }, {
    "shape" : "574c093c-0e04-4072-96a1-d2b405cdd3d2",
    "color" : "#F0A000",
    "position" : {
      "x" : 0.0,
      "y" : 13.708204,
      "z" : -13.708204
    },
    "orientation" : 5
  }, {
    "shape" : "824c1891-c675-454c-93c8-b15cb6cab60c",
    "color" : "#FF9999",
    "position" : {
      "x" : 0.0,
      "y" : 0.0,
      "z" : 0.0
    }
  }, {
    "shape" : "80110f48-c213-4091-a687-82781088921f",
    "color" : "#FFFFFF",
    "position" : {
      "x" : -9.708204,
      "y" : 0.0,
      "z" : -20.562305
    }
  }, {
    "shape" : "80110f48-c213-4091-a687-82781088921f",
    "color" : "#FFFFFF",
    "position" : {
      "x" : -23.416409,
      "y" : 0.0,
      "z" : 6.854102
    }
  }, {
    "shape" : "80110f48-c213-4091-a687-82781088921f",
    "color" : "#FFFFFF",
    "position" : {
      "x" : 0.0,
      "y" : -9.708204,
      "z" : -20.562305
    }
  }, {
    "shape" : "574c093c-0e04-4072-96a1-d2b405cdd3d2",
    "color" : "#F0A000",
    "position" : {
      "x" : 13.708204,
      "y" : 0.0,
      "z" : -13.708204
    },
    "orientation" : 19
  }, {
    "shape" : "aaf509aa-b322-4eac-ac8b-a5daf7165c67",
    "color" : "#FFFFFF",
    "position" : {
      "x" : 16.562305,
      "y" : -16.562305,
      "z" : 6.854102
    },
    "orientation" : 0
  }, {
    "shape" : "80110f48-c213-4091-a687-82781088921f",
    "color" : "#FFFFFF",
    "position" : {
      "x" : 9.708204,
      "y" : -9.708204,
      "z" : 13.708204
    }
  }, {
    "shape" : "aaf509aa-b322-4eac-ac8b-a5daf7165c67",
    "color" : "#FFFFFF",
    "position" : {
      "x" : -23.416409,
      "y" : 0.0,
      "z" : 6.854102
    },
    "orientation" : 15
  }, {
    "shape" : "aaf509aa-b322-4eac-ac8b-a5daf7165c67",
    "color" : "#FFFFFF",
    "position" : {
      "x" : -13.708204,
      "y" : 9.708204,
      "z" : -6.854102
    },
    "orientation" : 15
  }, {
    "shape" : "3f9f394b-406b-465d-819b-1d0a0b810ea0",
    "color" : "#FFFFFF",
    "position" : {
      "x" : 0.0,
      "y" : 0.0,
      "z" : 0.0
    }
  }, {
    "shape" : "aaf509aa-b322-4eac-ac8b-a5daf7165c67",
    "color" : "#FFFFFF",
    "position" : {
      "x" : 6.854102,
      "y" : 6.854102,
      "z" : -20.562305
    },
    "orientation" : 0
  }, {
    "shape" : "aaf509aa-b322-4eac-ac8b-a5daf7165c67",
    "color" : "#FFFFFF",
    "position" : {
      "x" : 0.0,
      "y" : 9.708204,
      "z" : 20.562305
    },
    "orientation" : 30
  }, {
    "shape" : "daee1963-efcb-4b7d-b849-2f47643f75c0",
    "color" : "#FFFFFF",
    "position" : {
      "x" : 0.0,
      "y" : 23.416409,
      "z" : 6.854102
    },
    "orientation" : 45
  }, {
    "shape" : "574c093c-0e04-4072-96a1-d2b405cdd3d2",
    "color" : "#F0A000",
    "position" : {
      "x" : 16.562305,
      "y" : -16.562305,
      "z" : 6.854102
    },
    "orientation" : 3
  }, {
    "shape" : "574c093c-0e04-4072-96a1-d2b405cdd3d2",
    "color" : "#F0A000",
    "position" : {
      "x" : 2.854102,
      "y" : 16.562305,
      "z" : 6.854102
    },
    "orientation" : 3
  }, {
    "shape" : "80110f48-c213-4091-a687-82781088921f",
    "color" : "#FFFFFF",
    "position" : {
      "x" : 6.854102,
      "y" : -16.562305,
      "z" : 13.708204
    }
  }, {
    "shape" : "80110f48-c213-4091-a687-82781088921f",
    "color" : "#FFFFFF",
    "position" : {
      "x" : 6.854102,
      "y" : -6.854102,
      "z" : -20.562305
    }
  }, {
    "shape" : "574c093c-0e04-4072-96a1-d2b405cdd3d2",
    "color" : "#F0A000",
    "position" : {
      "x" : 9.708204,
      "y" : 13.708204,
      "z" : -6.854102
    },
    "orientation" : 5
  }, {
    "shape" : "daee1963-efcb-4b7d-b849-2f47643f75c0",
    "color" : "#FFFFFF",
    "position" : {
      "x" : -9.708204,
      "y" : 9.708204,
      "z" : 13.708204
    },
    "orientation" : 0
  }, {
    "shape" : "aaf509aa-b322-4eac-ac8b-a5daf7165c67",
    "color" : "#FFFFFF",
    "position" : {
      "x" : -16.562305,
      "y" : -6.854102,
      "z" : 13.708204
    },
    "orientation" : 15
  }, {
    "shape" : "aaf509aa-b322-4eac-ac8b-a5daf7165c67",
    "color" : "#FFFFFF",
    "position" : {
      "x" : 6.854102,
      "y" : -6.854102,
      "z" : -6.854102
    },
    "orientation" : 30
  }, {
    "shape" : "80110f48-c213-4091-a687-82781088921f",
    "color" : "#FFFFFF",
    "position" : {
      "x" : 6.854102,
      "y" : -6.854102,
      "z" : 20.562305
    }
  }, {
    "shape" : "574c093c-0e04-4072-96a1-d2b405cdd3d2",
    "color" : "#F0A000",
    "position" : {
      "x" : -13.708204,
      "y" : 9.708204,
      "z" : -6.854102
    },
    "orientation" : 5
  }, {
    "shape" : "7b3460c0-122b-4070-a649-8f7221243ea6",
    "color" : "#7FBACA",
    "position" : {
      "x" : 0.0,
      "y" : 0.0,
      "z" : 0.0
    }
  }, {
    "shape" : "574c093c-0e04-4072-96a1-d2b405cdd3d2",
    "color" : "#F0A000",
    "position" : {
      "x" : -9.708204,
      "y" : 23.416409,
      "z" : 0.0
    },
    "orientation" : 39
  }, {
    "shape" : "80110f48-c213-4091-a687-82781088921f",
    "color" : "#FFFFFF",
    "position" : {
      "x" : -6.854102,
      "y" : -6.854102,
      "z" : -20.562305
    }
  }, {
