{
  "field" : "golden",
  "symmetry" : "icosahedral",
  "orientations" : [ [ 1.0, 0.0, 0.0, 0.0, 0.0, 1.0, 0.0, 0.0, 0.0, 0.0, 1.0, 0.0, 0.0, 0.0, 0.0, 1.0 ], [ 0.0, 0.0, 1.0, 0.0, 1.0, 0.0, 0.0, 0.0, 0.0, 1.0, 0.0, 0.0, 0.0, 0.0, 0.0, 1.0 ], [ 0.0, 1.0, 0.0, 0.0, 0.0, 0.0, 1.0, 0.0, 1.0, 0.0, 0.0, 0.0, 0.0, 0.0, 0.0, 1.0 ], [ 0.809017, 0.309017, 0.5, 0.0, 0.309017, 0.5, -0.809017, 0.0, -0.5, 0.809017, 0.309017, 0.0, 0.0, 0.0, 0.0, 1.0 ], [ -0.5, 0.809017, 0.309017, 0.0, 0.809017, 0.309017, 0.5, 0.0, 0.309017, 0.5, -0.809017, 0.0, 0.0, 0.0, 0.0, 1.0 ], [ 0.309017, 0.5, -0.809017, 0.0, -0.5, 0.809017, 0.309017, 0.0, 0.809017, 0.309017, 0.5, 0.0, 0.0, 0.0, 0.0, 1.0 ], [ 0.5, 0.809017, 0.309017, 0.0, 0.809017, -0.309017, -0.5, 0.0, -0.309017, 0.5, -0.809017, 0.0, 0.0, 0.0, 0.0, 1.0 ], [ -0.309017, 0.5, -0.809017, 0.0, 0.5, 0.809017, 0.309017, 0.0, 0.809017, -0.309017, -0.5, 0.0, 0.0, 0.0, 0.0, 1.0 ], [ 0.809017, -0.309017, -0.5, 0.0, -0.309017, 0.5, -0.809017, 0.0, 0.5, 0.809017, 0.309017, 0.0, 0.0, 0.0, 0.0, 1.0 ], [ 0.5, 0.809017, -0.309017, 0.0, 0.809017, -0.309017, 0.5, 0.0, 0.309017, -0.5, -0.809017, 0.0, 0.0, 0.0, 0.0, 1.0 ], [ 0.309017, -0.5, -0.809017, 0.0, 0.5, 0.809017, -0.309017, 0.0, 0.809017, -0.309017, 0.5, 0.0, 0.0, 0.0, 0.0, 1.0 ], [ 0.809017, -0.309017, 0.5, 0.0, 0.309017, -0.5, -0.809017, 0.0, 0.5, 0.809017, -0.309017, 0.0, 0.0, 0.0, 0.0, 1.0 ], [ 0.809017, 0.309017, -0.5, 0.0, 0.309017, 0.5, 0.809017, 0.0, 0.5, -0.809017, 0.309017, 0.0, 0.0, 0.0, 0.0, 1.0 ], [ 0.5, -0.809017, 0.309017, 0.0, 0.809017, 0.309017, -0.5, 0.0, 0.309017, 0.5, 0.809017, 0.0, 0.0, 0.0, 0.0, 1.0 ], [ 0.309017, 0.5, 0.809017, 0.0, 0.5, -0.809017, 0.309017, 0.0, 0.809017, 0.309017, -0.5, 0.0, 0.0, 0.0, 0.0, 1.0 ], [ 1.0, 0.0, 0.0, 0.0, 0.0, -1.0, 0.0, 0.0, 0.0, 0.0, -1.0, 0.0, 0.0, 0.0, 0.0, 1.0 ], [ 0.0, 0.0, 1.0, 0.0, -1.0, 0.0, 0.0, 0.0, 0.0, -1.0, 0.0, 0.0, 0.0, 0.0, 0.0, 1.0 ], [ 0.0, 1.0, 0.0, 0.0, 0.0, 0.0, -1.0, 0.0, -1.0, 0.0, 0.0, 0.0, 0.0, 0.0, 0.0, 1.0 ], [ 0.809017, 0.309017, 0.5, 0.0, -0.309017, -0.5, 0.809017, 0.0, 0.5, -0.809017, -0.309017, 0.0, 0.0, 0.0, 0.0, 1.0 ], [ -0.5, 0.809017, 0.309017, 0.0, -0.809017, -0.309017, -0.5, 0.0, -0.309017, -0.5, 0.809017, 0.0, 0.0, 0.0, 0.0, 1.0 ], [ 0.309017, 0.5, -0.809017, 0.0, 0.5, -0.809017, -0.309017, 0.0, -0.809017, -0.309017, -0.5, 0.0, 0.0, 0.0, 0.0, 1.0 ], [ 0.5, 0.809017, 0.309017, 0.0, -0.809017, 0.309017, 0.5, 0.0, 0.309017, -0.5, 0.809017, 0.0, 0.0, 0.0, 0.0, 1.0 ], [ -0.309017, 0.5, -0.809017, 0.0, -0.5, -0.809017, -0.309017, 0.0, -0.809017, 0.309017, 0.5, 0.0, 0.0, 0.0, 0.0, 1.0 ], [ 0.809017, -0.309017, -0.5, 0.0, 0.309017, -0.5, 0.809017, 0.0, -0.5, -0.809017, -0.309017, 0.0, 0.0, 0.0, 0.0, 1.0 ], [ 0.5, 0.809017, -0.309017, 0.0, -0.809017, 0.309017, -0.5, 0.0, -0.309017, 0.5, 0.809017, 0.0, 0.0, 0.0, 0.0, 1.0 ], [ 0.309017, -0.5, -0.809017, 0.0, -0.5, -0.809017, 0.309017, 0.0, -0.809017, 0.309017, -0.5, 0.0, 0.0, 0.0, 0.0, 1.0 ], [ 0.809017, -0.309017, 0.5, 0.0, -0.309017, 0.5, 0.809017, 0.0, -0.5, -0.809017, 0.309017, 0.0, 0.0, 0.0, 0.0, 1.0 ], [ 0.809017, 0.309017, -0.5, 0.0, -0.309017, -0.5, -0.809017, 0.0, -0.5, 0.809017, -0.309017, 0.0, 0.0, 0.0, 0.0, 1.0 ], [ 0.5, -0.809017, 0.309017, 0.0, -0.809017, -0.309017, 0.5, 0.0, -0.309017, -0.5, -0.809017, 0.0, 0.0, 0.0, 0.0, 1.0 ], [ 0.309017, 0.5, 0.809017, 0.0, -0.5, 0.809017, -0.309017, 0.0, -0.809017, -0.309017, 0.5, 0.0, 0.0, 0.0, 0.0, 1.0 ], [ -1.0, 0.0, 0.0, 0.0, 0.0, -1.0, 0.0, 0.0, 0.0, 0.0, 1.0, 0.0, 0.0, 0.0, 0.0, 1.0 ], [ 0.0, 0.0, -1.0, 0.0, -1.0, 0.0, 0.0, 0.0, 0.0, 1.0, 0.0, 0.0, 0.0, 0.0, 0.0, 1.0 ], [ 0.0, -1.0, 0.0, 0.0, 0.0, 0.0, -1.0, 0.0, 1.0, 0.0, 0.0, 0.0, 0.0, 0.0, 0.0, 1.0 ], [ -0.809017, -0.309017, -0.5, 0.0, -0.309017, -0.5, 0.809017, 0.0, -0.5, 0.809017, 0.309017, 0.0, 0.0, 0.0, 0.0, 1.0 ], [ 0.5, -0.809017, -0.309017, 0.0, -0.809017, -0.309017, -0.5, 0.0, 0.309017, 0.5, -0.809017, 0.0, 0.0, 0.0, 0.0, 1.0 ], [ -0.309017, -0.5, 0.809017, 0.0, 0.5, -0.809017, -0.309017, 0.0, 0.809017, 0.309017, 0.5, 0.0, 0.0, 0.0, 0.0, 1.0 ], [ -0.5, -0.809017, -0.309017, 0.0, -0.809017, 0.309017, 0.5, 0.0, -0.309017, 0.5, -0.809017, 0.0, 0.0, 0.0, 0.0, 1.0 ], [ 0.309017, -0.5, 0.809017, 0.0, -0.5, -0.809017, -0.309017, 0.0, 0.809017, -0.309017, -0.5, 0.0, 0.0, 0.0, 0.0, 1.0 ], [ -0.809017, 0.309017, 0.5, 0.0, 0.309017, -0.5, 0.809017, 0.0, 0.5, 0.809017, 0.309017, 0.0, 0.0, 0.0, 0.0, 1.0 ], [ -0.5, -0.809017, 0.309017, 0.0, -0.809017, 0.309017, -0.5, 0.0, 0.309017, -0.5, -0.809017, 0.0, 0.0, 0.0, 0.0, 1.0 ], [ -0.309017, 0.5, 0.809017, 0.0, -0.5, -0.809017, 0.309017, 0.0, 0.809017, -0.309017, 0.5, 0.0, 0.0, 0.0, 0.0, 1.0 ], [ -0.809017, 0.309017, -0.5, 0.0, -0.309017, 0.5, 0.809017, 0.0, 0.5, 0.809017, -0.309017, 0.0, 0.0, 0.0, 0.0, 1.0 ], [ -0.809017, -0.309017, 0.5, 0.0, -0.309017, -0.5, -0.809017, 0.0, 0.5, -0.809017, 0.309017, 0.0, 0.0, 0.0, 0.0, 1.0 ], [ -0.5, 0.809017, -0.309017, 0.0, -0.809017, -0.309017, 0.5, 0.0, 0.309017, 0.5, 0.809017, 0.0, 0.0, 0.0, 0.0, 1.0 ], [ -0.309017, -0.5, -0.809017, 0.0, -0.5, 0.809017, -0.309017, 0.0, 0.809017, 0.309017, -0.5, 0.0, 0.0, 0.0, 0.0, 1.0 ], [ -1.0, 0.0, 0.0, 0.0, 0.0, 1.0, 0.0, 0.0, 0.0, 0.0, -1.0, 0.0, 0.0, 0.0, 0.0, 1.0 ], [ 0.0, 0.0, -1.0, 0.0, 1.0, 0.0, 0.0, 0.0, 0.0, -1.0, 0.0, 0.0, 0.0, 0.0, 0.0, 1.0 ], [ 0.0, -1.0, 0.0, 0.0, 0.0, 0.0, 1.0, 0.0, -1.0, 0.0, 0.0, 0.0, 0.0, 0.0, 0.0, 1.0 ], [ -0.809017, -0.309017, -0.5, 0.0, 0.309017, 0.5, -0.809017, 0.0, 0.5, -0.809017, -0.309017, 0.0, 0.0, 0.0, 0.0, 1.0 ], [ 0.5, -0.809017, -0.309017, 0.0, 0.809017, 0.309017, 0.5, 0.0, -0.309017, -0.5, 0.809017, 0.0, 0.0, 0.0, 0.0, 1.0 ], [ -0.309017, -0.5, 0.809017, 0.0, -0.5, 0.809017, 0.309017, 0.0, -0.809017, -0.309017, -0.5, 0.0, 0.0, 0.0, 0.0, 1.0 ], [ -0.5, -0.809017, -0.309017, 0.0, 0.809017, -0.309017, -0.5, 0.0, 0.309017, -0.5, 0.809017, 0.0, 0.0, 0.0, 0.0, 1.0 ], [ 0.309017, -0.5, 0.809017, 0.0, 0.5, 0.809017, 0.309017, 0.0, -0.809017, 0.309017, 0.5, 0.0, 0.0, 0.0, 0.0, 1.0 ], [ -0.809017, 0.309017, 0.5, 0.0, -0.309017, 0.5, -0.809017, 0.0, -0.5, -0.809017, -0.309017, 0.0, 0.0, 0.0, 0.0, 1.0 ], [ -0.5, -0.809017, 0.309017, 0.0, 0.809017, -0.309017, 0.5, 0.0, -0.309017, 0.5, 0.809017, 0.0, 0.0, 0.0, 0.0, 1.0 ], [ -0.309017, 0.5, 0.809017, 0.0, 0.5, 0.809017, -0.309017, 0.0, -0.809017, 0.309017, -0.5, 0.0, 0.0, 0.0, 0.0, 1.0 ], [ -0.809017, 0.309017, -0.5, 0.0, 0.309017, -0.5, -0.809017, 0.0, -0.5, -0.809017, 0.309017, 0.0, 0.0, 0.0, 0.0, 1.0 ], [ -0.809017, -0.309017, 0.5, 0.0, 0.309017, 0.5, 0.809017, 0.0, -0.5, 0.809017, -0.309017, 0.0, 0.0, 0.0, 0.0, 1.0 ], [ -0.5, 0.809017, -0.309017, 0.0, 0.809017, 0.309017, -0.5, 0.0, -0.309017, -0.5, -0.809017, 0.0, 0.0, 0.0, 0.0, 1.0 ], [ -0.309017, -0.5, -0.809017, 0.0, 0.5, -0.809017, 0.309017, 0.0, -0.809017, -0.309017, 0.5, 0.0, 0.0, 0.0, 0.0, 1.0 ] ],
  "lights" : {
    "ambientColor" : "#292929",
    "backgroundColor" : "#999999",
    "directionalLights" : [ {
      "direction" : {
        "x" : 1.0,
        "y" : -1.0,
        "z" : -1.0
      },
      "color" : "#EBEBE4"
    }, {
      "direction" : {
        "x" : -1.0,
        "y" : 0.0,
        "z" : 0.0
      },
      "color" : "#E4E4EB"
    }, {
      "direction" : {
        "x" : 0.0,
        "y" : 0.0,
        "z" : -1.0
      },
      "color" : "#1E1E1E"
    } ]
  },
  "camera" : {
    "stereo" : false,
    "width" : 100.521614,
    "viewDistance" : 223.38115,
    "nearClipDistance" : 0.55845237,
    "farClipDistance" : 446.76318,
    "lookAtPoint" : {
      "x" : 0.0,
      "y" : 0.0,
      "z" : 0.0
    },
    "fieldOfView" : 0.4426293,
    "perspective" : false,
    "lookDirection" : {
      "x" : -0.8160152,
      "y" : 0.56150895,
      "z" : -0.13720152
    },
    "upDirection" : {
      "x" : -0.13977066,
      "y" : 0.03863852,
      "z" : 0.9894276
    },
    "position" : {
      "x" : 182.28241,
      "y" : -125.43052,
      "z" : 30.648233
    }
  },
  "embedding" : [ 1.0, 0.0, 0.0, 0.0, 0.0, 1.0, 0.0, 0.0, 0.0, 0.0, 1.0, 0.0, 0.0, 0.0, 0.0, 1.0 ],
  "shapes" : [ {
    "id" : "cd4f07c5-a017-4d7c-9247-da4ade2e5fa1",
    "vertices" : [ {
      "x" : 13.708204,
      "y" : 0.0,
      "z" : -13.708204
    }, {
      "x" : 16.562305,
      "y" : 6.854102,
      "z" : -13.708204
    }, {
      "x" : 0.0,
      "y" : 13.708204,
      "z" : -13.708204
    } ],
    "faces" : [ {
      "vertices" : [ 0, 1, 2 ]
    }, {
      "vertices" : [ 0, 2, 1 ]
    } ]
  }, {
    "id" : "b78f85ee-0f70-4c0f-82da-879b1eb57ba4",
    "vertices" : [ {
      "x" : 0.309017,
      "y" : -0.309017,
      "z" : -0.309017
    }, {
      "x" : 0.5,
      "y" : 0.0,
      "z" : -0.19098301
    }, {
      "x" : 0.5,
      "y" : 0.0,
      "z" : 0.19098301
    }, {
      "x" : 0.309017,
      "y" : -0.309017,
      "z" : 0.309017
    }, {
      "x" : 0.19098301,
      "y" : -0.5,
      "z" : 0.0
    }, {
      "x" : 0.0,
      "y" : 0.19098301,
      "z" : 0.5
    }, {
      "x" : 0.0,
      "y" : -0.19098301,
      "z" : 0.5
    }, {
      "x" : 0.309017,
      "y" : 0.309017,
      "z" : 0.309017
    }, {
      "x" : -0.309017,
      "y" : -0.309017,
      "z" : 0.309017
    }, {
      "x" : -0.309017,
      "y" : 0.309017,
      "z" : 0.309017
    }, {
      "x" : -0.5,
      "y" : 0.0,
      "z" : 0.19098301
    }, {
      "x" : 0.0,
      "y" : -0.19098301,
      "z" : -0.5
    }, {
      "x" : 0.0,
      "y" : 0.19098301,
      "z" : -0.5
    }, {
      "x" : 0.309017,
      "y" : 0.309017,
      "z" : -0.309017
    }, {
      "x" : -0.309017,
      "y" : -0.309017,
      "z" : -0.309017
    }, {
      "x" : -0.19098301,
      "y" : -0.5,
      "z" : 0.0
    }, {
      "x" : -0.5,
      "y" : 0.0,
      "z" : -0.19098301
    }, {
      "x" : 0.19098301,
      "y" : 0.5,
      "z" : 0.0
    }, {
      "x" : -0.309017,
      "y" : 0.309017,
      "z" : -0.309017
    }, {
      "x" : 0.0,
      "y" : 0.0,
      "z" : 0.0
    }, {
      "x" : -0.19098301,
      "y" : 0.5,
      "z" : 0.0
    } ],
    "faces" : [ {
      "vertices" : [ 12, 18, 20 ]
    }, {
      "vertices" : [ 12, 20, 17 ]
    }, {
      "vertices" : [ 12, 17, 13 ]
    }, {
      "vertices" : [ 3, 6, 8 ]
    }, {
      "vertices" : [ 3, 8, 15 ]
    }, {
      "vertices" : [ 3, 15, 4 ]
    }, {
      "vertices" : [ 0, 11, 12 ]
    }, {
      "vertices" : [ 0, 12, 13 ]
    }, {
      "vertices" : [ 0, 13, 1 ]
    }, {
      "vertices" : [ 5, 9, 10 ]
    }, {
      "vertices" : [ 5, 10, 8 ]
    }, {
      "vertices" : [ 5, 8, 6 ]
    }, {
      "vertices" : [ 2, 7, 5 ]
    }, {
      "vertices" : [ 2, 5, 6 ]
    }, {
      "vertices" : [ 2, 6, 3 ]
    }, {
      "vertices" : [ 11, 14, 16 ]
    }, {
      "vertices" : [ 11, 16, 18 ]
    }, {
      "vertices" : [ 11, 18, 12 ]
    }, {
      "vertices" : [ 1, 13, 17 ]
    }, {
      "vertices" : [ 1, 17, 7 ]
    }, {
      "vertices" : [ 1, 7, 2 ]
    }, {
      "vertices" : [ 9, 20, 18 ]
    }, {
      "vertices" : [ 9, 18, 16 ]
    }, {
      "vertices" : [ 9, 16, 10 ]
    }, {
      "vertices" : [ 0, 1, 2 ]
    }, {
      "vertices" : [ 0, 2, 3 ]
    }, {
      "vertices" : [ 0, 3, 4 ]
    }, {
      "vertices" : [ 5, 7, 17 ]
    }, {
      "vertices" : [ 5, 17, 20 ]
    }, {
      "vertices" : [ 5, 20, 9 ]
    }, {
      "vertices" : [ 0, 4, 15 ]
    }, {
      "vertices" : [ 0, 15, 14 ]
    }, {
      "vertices" : [ 0, 14, 11 ]
    }, {
      "vertices" : [ 8, 10, 16 ]
    }, {
      "vertices" : [ 8, 16, 14 ]
    }, {
      "vertices" : [ 8, 14, 15 ]
    } ]
  }, {
    "id" : "da659e9a-4e3a-4c1a-9d3c-aacf7333c38f",
    "vertices" : [ {
      "x" : 0.0,
      "y" : 0.0,
      "z" : 0.0
    }, {
      "x" : -6.854102,
      "y" : -16.562305,
      "z" : 0.0
    }, {
      "x" : 6.854102,
      "y" : -16.562305,
      "z" : 0.0
    } ],
    "faces" : [ {
      "vertices" : [ 0, 1, 2 ]
    }, {
      "vertices" : [ 0, 2, 1 ]
    } ]
  }, {
    "id" : "46de5e03-d7d3-481b-9fa2-535976fd51fb",
    "vertices" : [ {
      "x" : -13.708204,
      "y" : 0.0,
      "z" : -13.708204
    }, {
      "x" : 0.0,
      "y" : 13.708204,
      "z" : -13.708204
    }, {
      "x" : -6.854102,
      "y" : 16.562305,
      "z" : -13.708204
    } ],
    "faces" : [ {
      "vertices" : [ 0, 1, 2 ]
    }, {
      "vertices" : [ 0, 2, 1 ]
    } ]
  }, {
    "id" : "261fb34e-0173-4d96-aa7b-b0270ac73612",
    "vertices" : [ {
      "x" : 9.212917,
      "y" : 0.13333334,
      "z" : 6.2573566
    }, {
      "x" : 9.312918,
      "y" : -0.26666668,
      "z" : 6.357357
    }, {
      "x" : 0.49528626,
      "y" : -0.13333334,
      "z" : 0.59674513
    }, {
      "x" : 0.39528626,
      "y" : 0.26666668,
      "z" : 0.49674514
    }, {
      "x" : 9.079584,
      "y" : -0.13333334,
      "z" : 6.6573567
    }, {
      "x" : 8.979585,
      "y" : 0.26666668,
      "z" : 6.557357
    }, {
      "x" : 0.6286196,
      "y" : 0.13333334,
      "z" : 0.19674513
    }, {
      "x" : 0.7286196,
      "y" : -0.26666668,
      "z" : 0.29674512
    } ],
    "faces" : [ {
      "vertices" : [ 2, 3, 6 ]
    }, {
      "vertices" : [ 2, 6, 7 ]
    }, {
      "vertices" : [ 0, 5, 4 ]
    }, {
      "vertices" : [ 0, 4, 1 ]
    }, {
      "vertices" : [ 2, 4, 5 ]
    }, {
      "vertices" : [ 2, 5, 3 ]
    }, {
      "vertices" : [ 0, 6, 3 ]
    }, {
      "vertices" : [ 0, 3, 5 ]
    }, {
      "vertices" : [ 0, 1, 7 ]
    }, {
      "vertices" : [ 0, 7, 6 ]
    }, {
      "vertices" : [ 1, 4, 2 ]
    }, {
      "vertices" : [ 1, 2, 7 ]
    } ]
  }, {
    "id" : "58c9eae5-45b8-4a3a-b94d-37bfaf32189b",
    "vertices" : [ {
      "x" : 11.09017,
      "y" : 0.0,
      "z" : -4.236068
    }, {
      "x" : 10.781153,
      "y" : 0.0,
      "z" : -4.118034
    }, {
      "x" : 10.376644,
      "y" : -0.1545085,
      "z" : -3.677051
    }, {
      "x" : 10.185661,
      "y" : -0.1545085,
      "z" : -4.177051
    }, {
      "x" : 0.9045085,
      "y" : -0.1545085,
      "z" : -0.059016995
    }, {
      "x" : 0.809017,
      "y" : 0.309017,
      "z" : -0.309017
    }, {
      "x" : 0.309017,
      "y" : 0.0,
      "z" : -0.11803399
    }, {
      "x" : 10.281153,
      "y" : 0.309017,
      "z" : -3.927051
    }, {
      "x" : 0.7135255,
      "y" : -0.1545085,
      "z" : -0.559017
    } ],
    "faces" : [ {
      "vertices" : [ 2, 4, 8 ]
    }, {
      "vertices" : [ 2, 8, 3 ]
    }, {
      "vertices" : [ 2, 7, 5 ]
    }, {
      "vertices" : [ 2, 5, 4 ]
    }, {
      "vertices" : [ 4, 6, 8 ]
    }, {
      "vertices" : [ 5, 8, 6 ]
    }, {
      "vertices" : [ 1, 2, 3 ]
    }, {
      "vertices" : [ 3, 8, 5 ]
    }, {
      "vertices" : [ 3, 5, 7 ]
    }, {
      "vertices" : [ 1, 7, 2 ]
    }, {
      "vertices" : [ 1, 3, 7 ]
    }, {
      "vertices" : [ 4, 5, 6 ]
    } ]
  }, {
    "id" : "b099929a-d9e4-40ba-b665-b07dd5bd8012",
    "vertices" : [ {
      "x" : -16.562305,
      "y" : -6.854102,
      "z" : 0.0
    }, {
      "x" : -6.854102,
      "y" : 2.854102,
      "z" : 0.0
    }, {
      "x" : -23.416409,
      "y" : 9.708204,
      "z" : 0.0
    } ],
    "faces" : [ {
      "vertices" : [ 0, 1, 2 ]
    }, {
      "vertices" : [ 0, 2, 1 ]
    } ]
  }, {
    "id" : "ec38aba5-cea9-4076-be9d-7846a79cf3e9",
    "vertices" : [ {
      "x" : -0.26666668,
      "y" : 9.312918,
      "z" : 6.357357
    }, {
      "x" : 0.13333334,
      "y" : 9.212917,
      "z" : 6.2573566
    }, {
      "x" : 0.26666668,
      "y" : 0.39528626,
      "z" : 0.49674514
    }, {
      "x" : -0.13333334,
      "y" : 0.49528626,
      "z" : 0.59674513
    }, {
      "x" : 0.26666668,
      "y" : 8.979585,
      "z" : 6.557357
    }, {
      "x" : -0.13333334,
      "y" : 9.079584,
      "z" : 6.6573567
    }, {
      "x" : -0.26666668,
      "y" : 0.7286196,
      "z" : 0.29674512
    }, {
      "x" : 0.13333334,
      "y" : 0.6286196,
      "z" : 0.19674513
    } ],
    "faces" : [ {
      "vertices" : [ 2, 3, 6 ]
    }, {
      "vertices" : [ 2, 6, 7 ]
    }, {
      "vertices" : [ 0, 5, 4 ]
    }, {
      "vertices" : [ 0, 4, 1 ]
    }, {
      "vertices" : [ 2, 4, 5 ]
    }, {
      "vertices" : [ 2, 5, 3 ]
    }, {
      "vertices" : [ 0, 6, 3 ]
    }, {
      "vertices" : [ 0, 3, 5 ]
    }, {
      "vertices" : [ 0, 1, 7 ]
    }, {
      "vertices" : [ 0, 7, 6 ]
    }, {
      "vertices" : [ 1, 4, 2 ]
    }, {
      "vertices" : [ 1, 2, 7 ]
    } ]
  }, {
    "id" : "e49e2561-97c7-45b6-87ff-be7c9efbc655",
    "vertices" : [ {
      "x" : 13.708204,
      "y" : 0.0,
      "z" : -13.708204
    }, {
      "x" : 0.0,
      "y" : 0.0,
      "z" : -13.708204
    }, {
      "x" : 0.0,
      "y" : -13.708204,
      "z" : -13.708204
    } ],
    "faces" : [ {
      "vertices" : [ 0, 1, 2 ]
    }, {
      "vertices" : [ 0, 2, 1 ]
    } ]
  }, {
    "id" : "a0ba8d6c-2f79-49c7-8965-b765ec07aa8c",
    "vertices" : [ {
      "x" : 0.0,
      "y" : 9.708204,
      "z" : 20.562305
    }, {
      "x" : 6.854102,
      "y" : 6.854102,
      "z" : 20.562305
    }, {
      "x" : 9.708204,
      "y" : 0.0,
      "z" : 20.562305
    } ],
    "faces" : [ {
      "vertices" : [ 0, 1, 2 ]
    }, {
      "vertices" : [ 0, 2, 1 ]
    } ]
  }, {
    "id" : "e5b1fd1f-b099-4077-9fba-565d0352176e",
    "vertices" : [ {
      "x" : -13.708204,
      "y" : 0.0,
      "z" : -13.708204
    }, {
      "x" : 0.0,
      "y" : 0.0,
      "z" : -13.708204
    }, {
      "x" : 0.0,
      "y" : 13.708204,
      "z" : -13.708204
    } ],
    "faces" : [ {
      "vertices" : [ 0, 1, 2 ]
    }, {
      "vertices" : [ 0, 2, 1 ]
    } ]
  }, {
    "id" : "bdad2f8a-2853-4fd6-8b5f-0515e5424a46",
    "vertices" : [ {
      "x" : 6.854102,
      "y" : -2.854102,
      "z" : 0.0
    }, {
      "x" : 16.562305,
      "y" : 6.854102,
      "z" : 0.0
    }, {
      "x" : 6.854102,
      "y" : 16.562305,
      "z" : 0.0
    } ],
    "faces" : [ {
      "vertices" : [ 0, 1, 2 ]
    }, {
      "vertices" : [ 0, 2, 1 ]
    } ]
  }, {
    "id" : "e81c10bc-421b-411c-882d-04f21cdcca6f",
    "vertices" : [ {
      "x" : 6.854102,
      "y" : -16.562305,
      "z" : 0.0
    }, {
      "x" : -6.854102,
      "y" : -16.562305,
      "z" : 0.0
    }, {
      "x" : -9.708204,
      "y" : -23.416409,
      "z" : 0.0
    } ],
    "faces" : [ {
      "vertices" : [ 0, 1, 2 ]
    }, {
      "vertices" : [ 0, 2, 1 ]
    } ]
  }, {
    "id" : "c33020a1-8fda-4dc4-acf2-0aeaa49e480c",
    "vertices" : [ {
      "x" : 0.0,
      "y" : 0.0,
      "z" : 0.0
    }, {
      "x" : 6.854102,
      "y" : -16.562305,
      "z" : 0.0
    }, {
      "x" : 6.854102,
      "y" : -2.854102,
      "z" : 0.0
    } ],
    "faces" : [ {
      "vertices" : [ 0, 1, 2 ]
    }, {
      "vertices" : [ 0, 2, 1 ]
    } ]
  }, {
    "id" : "08fdcfdf-f008-4b48-832c-eb6cb93ee5fb",
    "vertices" : [ {
      "x" : 0.0,
      "y" : 0.0,
      "z" : -13.708204
    }, {
      "x" : -13.708204,
      "y" : 0.0,
      "z" : -13.708204
    }, {
      "x" : 0.0,
      "y" : -13.708204,
      "z" : -13.708204
    } ],
    "faces" : [ {
      "vertices" : [ 0, 1, 2 ]
    }, {
      "vertices" : [ 0, 2, 1 ]
    } ]
  }, {
    "id" : "b7f9db41-7762-471a-b70a-c8e41f3935fd",
    "vertices" : [ {
      "x" : 9.708204,
      "y" : 0.0,
      "z" : 20.562305
    }, {
      "x" : 6.854102,
      "y" : -6.854102,
      "z" : 20.562305
    }, {
      "x" : 0.0,
      "y" : -9.708204,
      "z" : 20.562305
    } ],
    "faces" : [ {
      "vertices" : [ 0, 1, 2 ]
    }, {
      "vertices" : [ 0, 2, 1 ]
    } ]
  }, {
    "id" : "08ff9a55-19b2-4e11-bb0e-194e463b9806",
    "vertices" : [ {
      "x" : -6.854102,
      "y" : 2.854102,
      "z" : 0.0
    }, {
      "x" : -16.562305,
      "y" : -6.854102,
      "z" : 0.0
    }, {
      "x" : -6.854102,
      "y" : -16.562305,
      "z" : 0.0
    } ],
    "faces" : [ {
      "vertices" : [ 0, 1, 2 ]
    }, {
      "vertices" : [ 0, 2, 1 ]
    } ]
  }, {
    "id" : "6f141ad6-f603-40e4-be07-b3fed4b6f87d",
    "vertices" : [ {
      "x" : -16.562305,
      "y" : -6.854102,
      "z" : 0.0
    }, {
      "x" : -23.416409,
      "y" : -9.708204,
      "z" : 0.0
    }, {
      "x" : -9.708204,
      "y" : -23.416409,
      "z" : 0.0
    } ],
    "faces" : [ {
      "vertices" : [ 0, 1, 2 ]
    }, {
      "vertices" : [ 0, 2, 1 ]
    } ]
  }, {
    "id" : "715f11f9-d1ce-42b8-a827-d977a90b5c1e",
    "vertices" : [ {
      "x" : 16.562305,
      "y" : 6.854102,
      "z" : 0.0
    }, {
      "x" : 6.854102,
      "y" : 16.562305,
      "z" : 0.0
    }, {
      "x" : 9.708204,
      "y" : 23.416409,
      "z" : 0.0
    } ],
    "faces" : [ {
      "vertices" : [ 0, 1, 2 ]
    }, {
      "vertices" : [ 0, 2, 1 ]
    } ]
  }, {
    "id" : "031b2dcc-9f87-4f75-9f9b-48e2effecb39",
    "vertices" : [ {
      "x" : 6.854102,
      "y" : 16.562305,
      "z" : -13.708204
    }, {
      "x" : 0.0,
      "y" : 13.708204,
      "z" : -13.708204
    }, {
      "x" : -6.854102,
      "y" : 16.562305,
      "z" : -13.708204
    } ],
    "faces" : [ {
      "vertices" : [ 0, 1, 2 ]
    }, {
      "vertices" : [ 0, 2, 1 ]
    } ]
  }, {
    "id" : "923ce6e1-7af3-4dc9-bfe4-f78ad3639398",
    "vertices" : [ {
      "x" : 0.0,
      "y" : 0.0,
      "z" : -13.708204
    }, {
      "x" : 13.708204,
      "y" : 0.0,
      "z" : -13.708204
    }, {
      "x" : 0.0,
      "y" : 13.708204,
      "z" : -13.708204
    } ],
    "faces" : [ {
      "vertices" : [ 0, 1, 2 ]
    }, {
      "vertices" : [ 0, 2, 1 ]
    } ]
  }, {
    "id" : "d1546be3-c613-4079-8094-a29fe17fe86c",
    "vertices" : [ {
      "x" : 0.0,
      "y" : 0.0,
      "z" : 0.0
    }, {
      "x" : -6.854102,
      "y" : 16.562305,
      "z" : 0.0
    }, {
      "x" : -6.854102,
      "y" : 2.854102,
      "z" : 0.0
    } ],
    "faces" : [ {
      "vertices" : [ 0, 1, 2 ]
    }, {
      "vertices" : [ 0, 2, 1 ]
    } ]
  }, {
    "id" : "9dec1c7c-750f-46de-aa21-0af5bfb28d7a",
    "vertices" : [ {
      "x" : -6.854102,
      "y" : 16.562305,
      "z" : 0.0
    }, {
      "x" : 6.854102,
      "y" : 16.562305,
      "z" : 0.0
    }, {
      "x" : 9.708204,
      "y" : 23.416409,
      "z" : 0.0
    } ],
    "faces" : [ {
      "vertices" : [ 0, 1, 2 ]
    }, {
      "vertices" : [ 0, 2, 1 ]
    } ]
  }, {
    "id" : "5e57a1d1-53c5-464f-b84b-47ce971a8bc4",
    "vertices" : [ {
      "x" : 9.708204,
      "y" : 0.0,
      "z" : 20.562305
    }, {
      "x" : -9.708204,
      "y" : 0.0,
      "z" : 20.562305
    }, {
      "x" : 0.0,
      "y" : 9.708204,
      "z" : 20.562305
    } ],
    "faces" : [ {
      "vertices" : [ 0, 1, 2 ]
    }, {
      "vertices" : [ 0, 2, 1 ]
    } ]
  }, {
    "id" : "d6378321-c16a-4e8f-bf86-166d425c4f2f",
    "vertices" : [ {
      "x" : 13.708204,
      "y" : 0.0,
      "z" : -13.708204
    }, {
      "x" : 6.854102,
      "y" : -16.562305,
      "z" : -13.708204
    }, {
      "x" : 16.562305,
      "y" : -6.854102,
      "z" : -13.708204
    } ],
    "faces" : [ {
      "vertices" : [ 0, 1, 2 ]
    }, {
      "vertices" : [ 0, 2, 1 ]
    } ]
  }, {
    "id" : "fdb12b70-3f86-4958-8bd0-8f837020de43",
    "vertices" : [ {
      "x" : 13.708204,
      "y" : 0.0,
      "z" : -13.708204
    }, {
      "x" : 16.562305,
      "y" : -6.854102,
      "z" : -13.708204
    }, {
      "x" : 16.562305,
      "y" : 6.854102,
      "z" : -13.708204
    } ],
    "faces" : [ {
      "vertices" : [ 0, 1, 2 ]
    }, {
      "vertices" : [ 0, 2, 1 ]
    } ]
  }, {
    "id" : "91805682-51cb-4405-8e8d-37812e22ce1c",
    "vertices" : [ {
      "x" : 13.708204,
      "y" : 0.0,
      "z" : -13.708204
    }, {
      "x" : 0.0,
      "y" : -13.708204,
      "z" : -13.708204
    }, {
      "x" : 6.854102,
      "y" : -16.562305,
      "z" : -13.708204
    } ],
    "faces" : [ {
      "vertices" : [ 0, 1, 2 ]
    }, {
      "vertices" : [ 0, 2, 1 ]
    } ]
  }, {
    "id" : "e9c97856-ab02-4567-9046-a5b41f7559df",
    "vertices" : [ {
      "x" : -13.708204,
      "y" : 0.0,
      "z" : -13.708204
    }, {
      "x" : -6.854102,
      "y" : 16.562305,
      "z" : -13.708204
    }, {
      "x" : -16.562305,
      "y" : 6.854102,
      "z" : -13.708204
    } ],
    "faces" : [ {
      "vertices" : [ 0, 1, 2 ]
    }, {
      "vertices" : [ 0, 2, 1 ]
    } ]
  }, {
    "id" : "376a7d5b-b188-4f82-af38-21d80e129b14",
    "vertices" : [ {
      "x" : -6.854102,
      "y" : 16.562305,
      "z" : 0.0
    }, {
      "x" : -9.708204,
      "y" : 23.416409,
      "z" : 0.0
    }, {
      "x" : -23.416409,
      "y" : 9.708204,
      "z" : 0.0
    } ],
    "faces" : [ {
      "vertices" : [ 0, 1, 2 ]
    }, {
      "vertices" : [ 0, 2, 1 ]
    } ]
  }, {
    "id" : "fe3b5365-6a27-4694-9e82-a3527ec170d9",
    "vertices" : [ {
      "x" : 6.854102,
      "y" : -16.562305,
      "z" : 0.0
    }, {
      "x" : 9.708204,
      "y" : -23.416409,
      "z" : 0.0
    }, {
      "x" : 23.416409,
      "y" : -9.708204,
      "z" : 0.0
    } ],
    "faces" : [ {
      "vertices" : [ 0, 1, 2 ]
    }, {
      "vertices" : [ 0, 2, 1 ]
    } ]
  }, {
    "id" : "11b64293-db41-4133-9c4a-6644069cc23f",
    "vertices" : [ {
      "x" : 16.562305,
      "y" : 6.854102,
      "z" : 0.0
    }, {
      "x" : 23.416409,
      "y" : -9.708204,
      "z" : 0.0
    }, {
      "x" : 23.416409,
      "y" : 9.708204,
      "z" : 0.0
    } ],
    "faces" : [ {
      "vertices" : [ 0, 1, 2 ]
    }, {
      "vertices" : [ 0, 2, 1 ]
    } ]
  }, {
    "id" : "ce2f7c53-9940-4c2f-b592-174ee13bff72",
    "vertices" : [ {
      "x" : 6.854102,
      "y" : -2.854102,
      "z" : 0.0
    }, {
      "x" : 6.854102,
      "y" : 16.562305,
      "z" : 0.0
    }, {
      "x" : 0.0,
      "y" : 0.0,
      "z" : 0.0
    } ],
    "faces" : [ {
      "vertices" : [ 0, 1, 2 ]
    }, {
      "vertices" : [ 0, 2, 1 ]
    } ]
  }, {
    "id" : "a67123d0-add4-4c3d-91b1-3664eabe3f39",
    "vertices" : [ {
      "x" : -9.708204,
      "y" : 0.0,
      "z" : 20.562305
    }, {
      "x" : -6.854102,
      "y" : 6.854102,
      "z" : 20.562305
    }, {
      "x" : 0.0,
      "y" : 9.708204,
      "z" : 20.562305
    } ],
    "faces" : [ {
      "vertices" : [ 0, 1, 2 ]
    }, {
      "vertices" : [ 0, 2, 1 ]
    } ]
  }, {
    "id" : "6d3be9e0-d764-4be4-a5e8-bd47bef59f26",
    "vertices" : [ {
      "x" : 9.708204,
      "y" : 0.0,
      "z" : 20.562305
    }, {
      "x" : 0.0,
      "y" : -9.708204,
      "z" : 20.562305
    }, {
      "x" : -9.708204,
      "y" : 0.0,
      "z" : 20.562305
    } ],
    "faces" : [ {
      "vertices" : [ 0, 1, 2 ]
    }, {
      "vertices" : [ 0, 2, 1 ]
    } ]
  }, {
    "id" : "4df28237-df55-44a1-b057-ce9aeacc3b75",
    "vertices" : [ {
      "x" : -23.416409,
      "y" : 9.708204,
      "z" : 0.0
    }, {
      "x" : -6.854102,
      "y" : 2.854102,
      "z" : 0.0
    }, {
      "x" : -6.854102,
      "y" : 16.562305,
      "z" : 0.0
    } ],
    "faces" : [ {
      "vertices" : [ 0, 1, 2 ]
    }, {
      "vertices" : [ 0, 2, 1 ]
    } ]
  }, {
    "id" : "d8f36a5a-9159-4939-96e5-ab99e66eb83b",
    "vertices" : [ {
      "x" : 0.0,
      "y" : 0.0,
      "z" : 0.0
    }, {
      "x" : 6.854102,
      "y" : 16.562305,
      "z" : 0.0
    }, {
      "x" : -6.854102,
      "y" : 16.562305,
      "z" : 0.0
    } ],
    "faces" : [ {
      "vertices" : [ 0, 1, 2 ]
    }, {
      "vertices" : [ 0, 2, 1 ]
    } ]
  }, {
    "id" : "c149cd91-7ae7-4a34-8a8a-d58ca39b0200",
    "vertices" : [ {
      "x" : -16.562305,
      "y" : -6.854102,
      "z" : 0.0
    }, {
      "x" : -23.416409,
      "y" : 9.708204,
      "z" : 0.0
    }, {
      "x" : -23.416409,
      "y" : -9.708204,
      "z" : 0.0
    } ],
    "faces" : [ {
      "vertices" : [ 0, 1, 2 ]
    }, {
      "vertices" : [ 0, 2, 1 ]
    } ]
  }, {
    "id" : "8cd35b63-620c-42c5-a97f-e40228690396",
    "vertices" : [ {
      "x" : 23.416409,
      "y" : -9.708204,
      "z" : 0.0
    }, {
      "x" : 6.854102,
      "y" : -2.854102,
      "z" : 0.0
    }, {
      "x" : 6.854102,
      "y" : -16.562305,
      "z" : 0.0
    } ],
    "faces" : [ {
      "vertices" : [ 0, 1, 2 ]
    }, {
      "vertices" : [ 0, 2, 1 ]
    } ]
  }, {
    "id" : "72ea077a-cfff-45e2-82b9-94a8770c4625",
    "vertices" : [ {
      "x" : 16.562305,
      "y" : 6.854102,
      "z" : 0.0
    }, {
      "x" : 23.416409,
      "y" : 9.708204,
      "z" : 0.0
    }, {
      "x" : 9.708204,
      "y" : 23.416409,
      "z" : 0.0
    } ],
    "faces" : [ {
      "vertices" : [ 0, 1, 2 ]
    }, {
      "vertices" : [ 0, 2, 1 ]
    } ]
  }, {
    "id" : "f49d46cf-fcdf-478e-976f-70cfe22398cd",
    "vertices" : [ {
      "x" : -16.562305,
      "y" : -6.854102,
      "z" : 0.0
    }, {
      "x" : -6.854102,
      "y" : -16.562305,
      "z" : 0.0
    }, {
      "x" : -9.708204,
      "y" : -23.416409,
      "z" : 0.0
    } ],
    "faces" : [ {
      "vertices" : [ 0, 1, 2 ]
    }, {
      "vertices" : [ 0, 2, 1 ]
    } ]
  }, {
    "id" : "2de4b015-9865-447b-be13-14708368f76b",
    "vertices" : [ {
      "x" : 0.0,
      "y" : -13.708204,
      "z" : -13.708204
    }, {
      "x" : -6.854102,
      "y" : -16.562305,
      "z" : -13.708204
    }, {
      "x" : -16.562305,
      "y" : -6.854102,
      "z" : -13.708204
    } ],
    "faces" : [ {
      "vertices" : [ 0, 1, 2 ]
    }, {
      "vertices" : [ 0, 2, 1 ]
    } ]
  }, {
    "id" : "b7c2e65d-5d34-4d89-89c1-de664924ed9d",
    "vertices" : [ {
      "x" : 16.562305,
      "y" : 6.854102,
      "z" : 0.0
    }, {
      "x" : 6.854102,
      "y" : -2.854102,
      "z" : 0.0
    }, {
      "x" : 23.416409,
      "y" : -9.708204,
      "z" : 0.0
    } ],
    "faces" : [ {
      "vertices" : [ 0, 1, 2 ]
    }, {
      "vertices" : [ 0, 2, 1 ]
    } ]
  }, {
    "id" : "9560e843-48a4-4ba4-ade0-5c4a6e170429",
    "vertices" : [ {
      "x" : -6.854102,
      "y" : 16.562305,
      "z" : 0.0
    }, {
      "x" : 9.708204,
      "y" : 23.416409,
      "z" : 0.0
    }, {
      "x" : -9.708204,
      "y" : 23.416409,
      "z" : 0.0
    } ],
    "faces" : [ {
      "vertices" : [ 0, 1, 2 ]
    }, {
      "vertices" : [ 0, 2, 1 ]
    } ]
  }, {
    "id" : "a51e9387-03a1-45d6-bf7b-0a0baef875e0",
    "vertices" : [ {
      "x" : 0.0,
      "y" : -9.708204,
      "z" : 20.562305
    }, {
      "x" : -6.854102,
      "y" : -6.854102,
      "z" : 20.562305
    }, {
      "x" : -9.708204,
      "y" : 0.0,
      "z" : 20.562305
    } ],
    "faces" : [ {
      "vertices" : [ 0, 1, 2 ]
    }, {
      "vertices" : [ 0, 2, 1 ]
    } ]
  }, {
    "id" : "05a3212f-47d9-425c-80fe-0d763952215c",
    "vertices" : [ {
      "x" : -6.854102,
      "y" : 2.854102,
      "z" : 0.0
    }, {
      "x" : -6.854102,
      "y" : -16.562305,
      "z" : 0.0
    }, {
      "x" : 0.0,
      "y" : 0.0,
      "z" : 0.0
    } ],
    "faces" : [ {
      "vertices" : [ 0, 1, 2 ]
    }, {
      "vertices" : [ 0, 2, 1 ]
    } ]
  }, {
    "id" : "2fa9bff3-b872-46d5-b236-a0625f595bd3",
    "vertices" : [ {
      "x" : 0.0,
      "y" : 13.708204,
      "z" : -13.708204
    }, {
      "x" : 6.854102,
      "y" : 16.562305,
      "z" : -13.708204
    }, {
      "x" : 16.562305,
      "y" : 6.854102,
      "z" : -13.708204
    } ],
    "faces" : [ {
      "vertices" : [ 0, 1, 2 ]
    }, {
      "vertices" : [ 0, 2, 1 ]
    } ]
  }, {
    "id" : "1dac3ea7-698c-47f7-b80a-7daa90af0eed",
    "vertices" : [ {
      "x" : -6.854102,
      "y" : -16.562305,
      "z" : -13.708204
    }, {
      "x" : 0.0,
      "y" : -13.708204,
      "z" : -13.708204
    }, {
      "x" : 6.854102,
      "y" : -16.562305,
      "z" : -13.708204
    } ],
    "faces" : [ {
      "vertices" : [ 0, 1, 2 ]
    }, {
      "vertices" : [ 0, 2, 1 ]
    } ]
  }, {
    "id" : "032e7af2-80df-4b44-bb6e-60355d645aa2",
    "vertices" : [ {
      "x" : -13.708204,
      "y" : 0.0,
      "z" : -13.708204
    }, {
      "x" : -16.562305,
      "y" : 6.854102,
      "z" : -13.708204
    }, {
      "x" : -16.562305,
      "y" : -6.854102,
      "z" : -13.708204
    } ],
    "faces" : [ {
      "vertices" : [ 0, 1, 2 ]
    }, {
      "vertices" : [ 0, 2, 1 ]
    } ]
  }, {
    "id" : "fa5c4058-6be1-4a1c-951f-30b98c3a8c10",
    "vertices" : [ {
      "x" : -13.708204,
      "y" : 0.0,
      "z" : -13.708204
    }, {
      "x" : -16.562305,
      "y" : -6.854102,
      "z" : -13.708204
    }, {
      "x" : 0.0,
      "y" : -13.708204,
      "z" : -13.708204
    } ],
    "faces" : [ {
      "vertices" : [ 0, 1, 2 ]
    }, {
      "vertices" : [ 0, 2, 1 ]
    } ]
  }, {
    "id" : "b767da52-8698-4b38-a6d9-0febc1be6b92",
    "vertices" : [ {
      "x" : 6.854102,
      "y" : -16.562305,
      "z" : 0.0
    }, {
      "x" : -9.708204,
      "y" : -23.416409,
      "z" : 0.0
    }, {
      "x" : 9.708204,
      "y" : -23.416409,
      "z" : 0.0
    } ],
    "faces" : [ {
      "vertices" : [ 0, 1, 2 ]
    }, {
      "vertices" : [ 0, 2, 1 ]
    } ]
  } ],
  "instances" : [ {
    "shape" : "cd4f07c5-a017-4d7c-9247-da4ade2e5fa1",
    "color" : "#FFFFFF",
    "position" : {
      "x" : 0.0,
      "y" : 0.0,
      "z" : 0.0
    }
  }, {
    "shape" : "b78f85ee-0f70-4c0f-82da-879b1eb57ba4",
    "color" : "#FFFFFF",
    "position" : {
      "x" : -23.416409,
      "y" : 0.0,
      "z" : 6.854102
    }
  }, {
    "shape" : "b78f85ee-0f70-4c0f-82da-879b1eb57ba4",
    "color" : "#FFFFFF",
    "position" : {
      "x" : -16.562305,
      "y" : 16.562305,
      "z" : -6.854102
    }
  }, {
    "shape" : "b78f85ee-0f70-4c0f-82da-879b1eb57ba4",
    "color" : "#FFFFFF",
    "position" : {
      "x" : 0.0,
      "y" : 13.708204,
      "z" : -13.708204
    }
  }, {
    "shape" : "da659e9a-4e3a-4c1a-9d3c-aacf7333c38f",
    "color" : "#FF9999",
    "position" : {
      "x" : 0.0,
      "y" : 0.0,
      "z" : 0.0
    }
  }, {
    "shape" : "46de5e03-d7d3-481b-9fa2-535976fd51fb",
    "color" : "#FFFFFF",
    "position" : {
      "x" : 0.0,
      "y" : 0.0,
      "z" : 0.0
    }
  }, {
    "shape" : "261fb34e-0173-4d96-aa7b-b0270ac73612",
    "color" : "#FFFFFF",
    "position" : {
      "x" : 0.0,
      "y" : 9.708204,
      "z" : 20.562305
    },
    "orientation" : 15
  }, {
    "shape" : "58c9eae5-45b8-4a3a-b94d-37bfaf32189b",
    "color" : "#F0A000",
    "position" : {
      "x" : 0.0,
      "y" : 9.708204,
      "z" : -20.562305
    },
    "orientation" : 4
  }, {
    "shape" : "261fb34e-0173-4d96-aa7b-b0270ac73612",
    "color" : "#FFFFFF",
    "position" : {
      "x" : 16.562305,
      "y" : 16.562305,
      "z" : 6.854102
    },
    "orientation" : 45
  }, {
    "shape" : "b78f85ee-0f70-4c0f-82da-879b1eb57ba4",
    "color" : "#FFFFFF",
    "position" : {
      "x" : -6.854102,
      "y" : -16.562305,
      "z" : 0.0
    }
  }, {
    "shape" : "58c9eae5-45b8-4a3a-b94d-37bfaf32189b",
    "color" : "#F0A000",
    "position" : {
      "x" : -23.416409,
      "y" : 0.0,
      "z" : -6.854102
    },
    "orientation" : 24
  }, {
    "shape" : "58c9eae5-45b8-4a3a-b94d-37bfaf32189b",
    "color" : "#F0A000",
    "position" : {
      "x" : -9.708204,
      "y" : -13.708204,
      "z" : -6.854102
    },
    "orientation" : 4
  }, {
    "shape" : "58c9eae5-45b8-4a3a-b94d-37bfaf32189b",
    "color" : "#F0A000",
    "position" : {
      "x" : -2.854102,
      "y" : -16.562305,
      "z" : 6.854102
    },
    "orientation" : 4
  }, {
    "shape" : "b78f85ee-0f70-4c0f-82da-879b1eb57ba4",
    "color" : "#FFFFFF",
    "position" : {
      "x" : 6.854102,
      "y" : -16.562305,
      "z" : 13.708204
    }
  }, {
    "shape" : "b78f85ee-0f70-4c0f-82da-879b1eb57ba4",
    "color" : "#FFFFFF",
    "position" : {
      "x" : 0.0,
      "y" : 0.0,
      "z" : -13.708204
    }
  }, {
    "shape" : "b099929a-d9e4-40ba-b665-b07dd5bd8012",
    "color" : "#7FBACA",
    "position" : {
      "x" : 0.0,
      "y" : 0.0,
      "z" : 0.0
    }
  }, {
    "shape" : "58c9eae5-45b8-4a3a-b94d-37bfaf32189b",
    "color" : "#F0A000",
    "position" : {
      "x" : 9.708204,
      "y" : -9.708204,
      "z" : 13.708204
    },
    "orientation" : 3
  }, {
    "shape" : "58c9eae5-45b8-4a3a-b94d-37bfaf32189b",
    "color" : "#F0A000",
    "position" : {
      "x" : -16.562305,
      "y" : 16.562305,
      "z" : 6.854102
    },
    "orientation" : 19
  }, {
    "shape" : "b78f85ee-0f70-4c0f-82da-879b1eb57ba4",
    "color" : "#FFFFFF",
    "position" : {
      "x" : 6.854102,
      "y" : -16.562305,
      "z" : -13.708204
    }
  }, {
    "shape" : "ec38aba5-cea9-4076-be9d-7846a79cf3e9",
    "color" : "#FFFFFF",
    "position" : {
      "x" : -6.854102,
      "y" : 2.854102,
      "z" : 0.0
    },
    "orientation" : 15
  }, {
    "shape" : "b78f85ee-0f70-4c0f-82da-879b1eb57ba4",
    "color" : "#FFFFFF",
    "position" : {
      "x" : 0.0,
      "y" : -23.416409,
      "z" : -6.854102
    }
  }, {
    "shape" : "ec38aba5-cea9-4076-be9d-7846a79cf3e9",
    "color" : "#FFFFFF",
    "position" : {
      "x" : -6.854102,
      "y" : -6.854102,
      "z" : 6.854102
    },
    "orientation" : 15
  }, {
    "shape" : "b78f85ee-0f70-4c0f-82da-879b1eb57ba4",
    "color" : "#FFFFFF",
    "position" : {
      "x" : -6.854102,
      "y" : 16.562305,
      "z" : 0.0
    }
  }, {
    "shape" : "e49e2561-97c7-45b6-87ff-be7c9efbc655",
    "color" : "#FF9999",
    "position" : {
      "x" : 0.0,
      "y" : 0.0,
      "z" : 0.0
    }
  }, {
    "shape" : "b78f85ee-0f70-4c0f-82da-879b1eb57ba4",
    "color" : "#FFFFFF",
    "position" : {
      "x" : 6.854102,
      "y" : 6.854102,
      "z" : 20.562305
    }
  }, {
    "shape" : "a0ba8d6c-2f79-49c7-8965-b765ec07aa8c",
    "color" : "#7FBACA",
    "position" : {
      "x" : 0.0,
      "y" : 0.0,
      "z" : 0.0
    }
  }, {
    "shape" : "e5b1fd1f-b099-4077-9fba-565d0352176e",
    "color" : "#FF9999",
    "position" : {
      "x" : 0.0,
      "y" : 0.0,
      "z" : 0.0
    }
  }, {
    "shape" : "ec38aba5-cea9-4076-be9d-7846a79cf3e9",
    "color" : "#FFFFFF",
    "position" : {
      "x" : 0.0,
      "y" : 9.708204,
      "z" : 20.562305
    },
    "orientation" : 30
  }, {
    "shape" : "b78f85ee-0f70-4c0f-82da-879b1eb57ba4",
    "color" : "#FFFFFF",
    "position" : {
      "x" : 16.562305,
      "y" : -2.854102,
      "z" : 6.854102
    }
  }, {
    "shape" : "b78f85ee-0f70-4c0f-82da-879b1eb57ba4",
    "color" : "#FFFFFF",
    "position" : {
      "x" : 9.708204,
      "y" : 0.0,
      "z" : 20.562305
    }
  }, {
    "shape" : "58c9eae5-45b8-4a3a-b94d-37bfaf32189b",
    "color" : "#F0A000",
    "position" : {
      "x" : 6.854102,
      "y" : 16.562305,
      "z" : -13.708204
    },
    "orientation" : 19
  }, {
    "shape" : "b78f85ee-0f70-4c0f-82da-879b1eb57ba4",
    "color" : "#FFFFFF",
    "position" : {
      "x" : -6.854102,
      "y" : -16.562305,
      "z" : -13.708204
    }
  }, {
    "shape" : "58c9eae5-45b8-4a3a-b94d-37bfaf32189b",
    "color" : "#F0A000",
    "position" : {
      "x" : 0.0,
      "y" : 9.708204,
      "z" : 20.562305
    },
    "orientation" : 54
  }, {
    "shape" : "bdad2f8a-2853-4fd6-8b5f-0515e5424a46",
    "color" : "#FFFFFF",
    "position" : {
      "x" : 0.0,
      "y" : 0.0,
      "z" : 0.0
    }
  }, {
    "shape" : "e81c10bc-421b-411c-882d-04f21cdcca6f",
    "color" : "#7FBACA",
    "position" : {
      "x" : 0.0,
      "y" : 0.0,
      "z" : 0.0
    }
  }, {
    "shape" : "58c9eae5-45b8-4a3a-b94d-37bfaf32189b",
    "color" : "#F0A000",
    "position" : {
      "x" : 16.562305,
      "y" : -16.562305,
      "z" : 6.854102
    },
    "orientation" : 4
  }, {
    "shape" : "58c9eae5-45b8-4a3a-b94d-37bfaf32189b",
    "color" : "#F0A000",
    "position" : {
      "x" : -16.562305,
      "y" : -6.854102,
      "z" : 0.0
    },
    "orientation" : 54
  }, {
    "shape" : "b78f85ee-0f70-4c0f-82da-879b1eb57ba4",
    "color" : "#FFFFFF",
    "position" : {
      "x" : -9.708204,
      "y" : 0.0,
      "z" : -20.562305
    }
  }, {
    "shape" : "58c9eae5-45b8-4a3a-b94d-37bfaf32189b",
    "color" : "#F0A000",
    "position" : {
      "x" : -9.708204,
      "y" : 23.416409,
      "z" : 0.0
    },
    "orientation" : 39
  }, {
    "shape" : "ec38aba5-cea9-4076-be9d-7846a79cf3e9",
    "color" : "#FFFFFF",
    "position" : {
      "x" : 23.416409,
      "y" : 0.0,
      "z" : 6.854102
    },
