{
  "field" : "golden",
  "symmetry" : "icosahedral",
  "orientations" : [ [ 1.0, 0.0, 0.0, 0.0, 0.0, 1.0, 0.0, 0.0, 0.0, 0.0, 1.0, 0.0, 0.0, 0.0, 0.0, 1.0 ], [ 0.0, 0.0, 1.0, 0.0, 1.0, 0.0, 0.0, 0.0, 0.0, 1.0, 0.0, 0.0, 0.0, 0.0, 0.0, 1.0 ], [ 0.0, 1.0, 0.0, 0.0, 0.0, 0.0, 1.0, 0.0, 1.0, 0.0, 0.0, 0.0, 0.0, 0.0, 0.0, 1.0 ], [ 0.809017, 0.309017, 0.5, 0.0, 0.309017, 0.5, -0.809017, 0.0, -0.5, 0.809017, 0.309017, 0.0, 0.0, 0.0, 0.0, 1.0 ], [ -0.5, 0.809017, 0.309017, 0.0, 0.809017, 0.309017, 0.5, 0.0, 0.309017, 0.5, -0.809017, 0.0, 0.0, 0.0, 0.0, 1.0 ], [ 0.309017, 0.5, -0.809017, 0.0, -0.5, 0.809017, 0.309017, 0.0, 0.809017, 0.309017, 0.5, 0.0, 0.0, 0.0, 0.0, 1.0 ], [ 0.5, 0.809017, 0.309017, 0.0, 0.809017, -0.309017, -0.5, 0.0, -0.309017, 0.5, -0.809017, 0.0, 0.0, 0.0, 0.0, 1.0 ], [ -0.309017, 0.5, -0.809017, 0.0, 0.5, 0.809017, 0.309017, 0.0, 0.809017, -0.309017, -0.5, 0.0, 0.0, 0.0, 0.0, 1.0 ], [ 0.809017, -0.309017, -0.5, 0.0, -0.309017, 0.5, -0.809017, 0.0, 0.5, 0.809017, 0.309017, 0.0, 0.0, 0.0, 0.0, 1.0 ], [ 0.5, 0.809017, -0.309017, 0.0, 0.809017, -0.309017, 0.5, 0.0, 0.309017, -0.5, -0.809017, 0.0, 0.0, 0.0, 0.0, 1.0 ], [ 0.309017, -0.5, -0.809017, 0.0, 0.5, 0.809017, -0.309017, 0.0, 0.809017, -0.309017, 0.5, 0.0, 0.0, 0.0, 0.0, 1.0 ], [ 0.809017, -0.309017, 0.5, 0.0, 0.309017, -0.5, -0.809017, 0.0, 0.5, 0.809017, -0.309017, 0.0, 0.0, 0.0, 0.0, 1.0 ], [ 0.809017, 0.309017, -0.5, 0.0, 0.309017, 0.5, 0.809017, 0.0, 0.5, -0.809017, 0.309017, 0.0, 0.0, 0.0, 0.0, 1.0 ], [ 0.5, -0.809017, 0.309017, 0.0, 0.809017, 0.309017, -0.5, 0.0, 0.309017, 0.5, 0.809017, 0.0, 0.0, 0.0, 0.0, 1.0 ], [ 0.309017, 0.5, 0.809017, 0.0, 0.5, -0.809017, 0.309017, 0.0, 0.809017, 0.309017, -0.5, 0.0, 0.0, 0.0, 0.0, 1.0 ], [ 1.0, 0.0, 0.0, 0.0, 0.0, -1.0, 0.0, 0.0, 0.0, 0.0, -1.0, 0.0, 0.0, 0.0, 0.0, 1.0 ], [ 0.0, 0.0, 1.0, 0.0, -1.0, 0.0, 0.0, 0.0, 0.0, -1.0, 0.0, 0.0, 0.0, 0.0, 0.0, 1.0 ], [ 0.0, 1.0, 0.0, 0.0, 0.0, 0.0, -1.0, 0.0, -1.0, 0.0, 0.0, 0.0, 0.0, 0.0, 0.0, 1.0 ], [ 0.809017, 0.309017, 0.5, 0.0, -0.309017, -0.5, 0.809017, 0.0, 0.5, -0.809017, -0.309017, 0.0, 0.0, 0.0, 0.0, 1.0 ], [ -0.5, 0.809017, 0.309017, 0.0, -0.809017, -0.309017, -0.5, 0.0, -0.309017, -0.5, 0.809017, 0.0, 0.0, 0.0, 0.0, 1.0 ], [ 0.309017, 0.5, -0.809017, 0.0, 0.5, -0.809017, -0.309017, 0.0, -0.809017, -0.309017, -0.5, 0.0, 0.0, 0.0, 0.0, 1.0 ], [ 0.5, 0.809017, 0.309017, 0.0, -0.809017, 0.309017, 0.5, 0.0, 0.309017, -0.5, 0.809017, 0.0, 0.0, 0.0, 0.0, 1.0 ], [ -0.309017, 0.5, -0.809017, 0.0, -0.5, -0.809017, -0.309017, 0.0, -0.809017, 0.309017, 0.5, 0.0, 0.0, 0.0, 0.0, 1.0 ], [ 0.809017, -0.309017, -0.5, 0.0, 0.309017, -0.5, 0.809017, 0.0, -0.5, -0.809017, -0.309017, 0.0, 0.0, 0.0, 0.0, 1.0 ], [ 0.5, 0.809017, -0.309017, 0.0, -0.809017, 0.309017, -0.5, 0.0, -0.309017, 0.5, 0.809017, 0.0, 0.0, 0.0, 0.0, 1.0 ], [ 0.309017, -0.5, -0.809017, 0.0, -0.5, -0.809017, 0.309017, 0.0, -0.809017, 0.309017, -0.5, 0.0, 0.0, 0.0, 0.0, 1.0 ], [ 0.809017, -0.309017, 0.5, 0.0, -0.309017, 0.5, 0.809017, 0.0, -0.5, -0.809017, 0.309017, 0.0, 0.0, 0.0, 0.0, 1.0 ], [ 0.809017, 0.309017, -0.5, 0.0, -0.309017, -0.5, -0.809017, 0.0, -0.5, 0.809017, -0.309017, 0.0, 0.0, 0.0, 0.0, 1.0 ], [ 0.5, -0.809017, 0.309017, 0.0, -0.809017, -0.309017, 0.5, 0.0, -0.309017, -0.5, -0.809017, 0.0, 0.0, 0.0, 0.0, 1.0 ], [ 0.309017, 0.5, 0.809017, 0.0, -0.5, 0.809017, -0.309017, 0.0, -0.809017, -0.309017, 0.5, 0.0, 0.0, 0.0, 0.0, 1.0 ], [ -1.0, 0.0, 0.0, 0.0, 0.0, -1.0, 0.0, 0.0, 0.0, 0.0, 1.0, 0.0, 0.0, 0.0, 0.0, 1.0 ], [ 0.0, 0.0, -1.0, 0.0, -1.0, 0.0, 0.0, 0.0, 0.0, 1.0, 0.0, 0.0, 0.0, 0.0, 0.0, 1.0 ], [ 0.0, -1.0, 0.0, 0.0, 0.0, 0.0, -1.0, 0.0, 1.0, 0.0, 0.0, 0.0, 0.0, 0.0, 0.0, 1.0 ], [ -0.809017, -0.309017, -0.5, 0.0, -0.309017, -0.5, 0.809017, 0.0, -0.5, 0.809017, 0.309017, 0.0, 0.0, 0.0, 0.0, 1.0 ], [ 0.5, -0.809017, -0.309017, 0.0, -0.809017, -0.309017, -0.5, 0.0, 0.309017, 0.5, -0.809017, 0.0, 0.0, 0.0, 0.0, 1.0 ], [ -0.309017, -0.5, 0.809017, 0.0, 0.5, -0.809017, -0.309017, 0.0, 0.809017, 0.309017, 0.5, 0.0, 0.0, 0.0, 0.0, 1.0 ], [ -0.5, -0.809017, -0.309017, 0.0, -0.809017, 0.309017, 0.5, 0.0, -0.309017, 0.5, -0.809017, 0.0, 0.0, 0.0, 0.0, 1.0 ], [ 0.309017, -0.5, 0.809017, 0.0, -0.5, -0.809017, -0.309017, 0.0, 0.809017, -0.309017, -0.5, 0.0, 0.0, 0.0, 0.0, 1.0 ], [ -0.809017, 0.309017, 0.5, 0.0, 0.309017, -0.5, 0.809017, 0.0, 0.5, 0.809017, 0.309017, 0.0, 0.0, 0.0, 0.0, 1.0 ], [ -0.5, -0.809017, 0.309017, 0.0, -0.809017, 0.309017, -0.5, 0.0, 0.309017, -0.5, -0.809017, 0.0, 0.0, 0.0, 0.0, 1.0 ], [ -0.309017, 0.5, 0.809017, 0.0, -0.5, -0.809017, 0.309017, 0.0, 0.809017, -0.309017, 0.5, 0.0, 0.0, 0.0, 0.0, 1.0 ], [ -0.809017, 0.309017, -0.5, 0.0, -0.309017, 0.5, 0.809017, 0.0, 0.5, 0.809017, -0.309017, 0.0, 0.0, 0.0, 0.0, 1.0 ], [ -0.809017, -0.309017, 0.5, 0.0, -0.309017, -0.5, -0.809017, 0.0, 0.5, -0.809017, 0.309017, 0.0, 0.0, 0.0, 0.0, 1.0 ], [ -0.5, 0.809017, -0.309017, 0.0, -0.809017, -0.309017, 0.5, 0.0, 0.309017, 0.5, 0.809017, 0.0, 0.0, 0.0, 0.0, 1.0 ], [ -0.309017, -0.5, -0.809017, 0.0, -0.5, 0.809017, -0.309017, 0.0, 0.809017, 0.309017, -0.5, 0.0, 0.0, 0.0, 0.0, 1.0 ], [ -1.0, 0.0, 0.0, 0.0, 0.0, 1.0, 0.0, 0.0, 0.0, 0.0, -1.0, 0.0, 0.0, 0.0, 0.0, 1.0 ], [ 0.0, 0.0, -1.0, 0.0, 1.0, 0.0, 0.0, 0.0, 0.0, -1.0, 0.0, 0.0, 0.0, 0.0, 0.0, 1.0 ], [ 0.0, -1.0, 0.0, 0.0, 0.0, 0.0, 1.0, 0.0, -1.0, 0.0, 0.0, 0.0, 0.0, 0.0, 0.0, 1.0 ], [ -0.809017, -0.309017, -0.5, 0.0, 0.309017, 0.5, -0.809017, 0.0, 0.5, -0.809017, -0.309017, 0.0, 0.0, 0.0, 0.0, 1.0 ], [ 0.5, -0.809017, -0.309017, 0.0, 0.809017, 0.309017, 0.5, 0.0, -0.309017, -0.5, 0.809017, 0.0, 0.0, 0.0, 0.0, 1.0 ], [ -0.309017, -0.5, 0.809017, 0.0, -0.5, 0.809017, 0.309017, 0.0, -0.809017, -0.309017, -0.5, 0.0, 0.0, 0.0, 0.0, 1.0 ], [ -0.5, -0.809017, -0.309017, 0.0, 0.809017, -0.309017, -0.5, 0.0, 0.309017, -0.5, 0.809017, 0.0, 0.0, 0.0, 0.0, 1.0 ], [ 0.309017, -0.5, 0.809017, 0.0, 0.5, 0.809017, 0.309017, 0.0, -0.809017, 0.309017, 0.5, 0.0, 0.0, 0.0, 0.0, 1.0 ], [ -0.809017, 0.309017, 0.5, 0.0, -0.309017, 0.5, -0.809017, 0.0, -0.5, -0.809017, -0.309017, 0.0, 0.0, 0.0, 0.0, 1.0 ], [ -0.5, -0.809017, 0.309017, 0.0, 0.809017, -0.309017, 0.5, 0.0, -0.309017, 0.5, 0.809017, 0.0, 0.0, 0.0, 0.0, 1.0 ], [ -0.309017, 0.5, 0.809017, 0.0, 0.5, 0.809017, -0.309017, 0.0, -0.809017, 0.309017, -0.5, 0.0, 0.0, 0.0, 0.0, 1.0 ], [ -0.809017, 0.309017, -0.5, 0.0, 0.309017, -0.5, -0.809017, 0.0, -0.5, -0.809017, 0.309017, 0.0, 0.0, 0.0, 0.0, 1.0 ], [ -0.809017, -0.309017, 0.5, 0.0, 0.309017, 0.5, 0.809017, 0.0, -0.5, 0.809017, -0.309017, 0.0, 0.0, 0.0, 0.0, 1.0 ], [ -0.5, 0.809017, -0.309017, 0.0, 0.809017, 0.309017, -0.5, 0.0, -0.309017, -0.5, -0.809017, 0.0, 0.0, 0.0, 0.0, 1.0 ], [ -0.309017, -0.5, -0.809017, 0.0, 0.5, -0.809017, 0.309017, 0.0, -0.809017, -0.309017, 0.5, 0.0, 0.0, 0.0, 0.0, 1.0 ] ],
  "lights" : {
    "ambientColor" : "#292929",
    "backgroundColor" : "#999999",
    "directionalLights" : [ {
      "direction" : {
        "x" : 1.0,
        "y" : -1.0,
        "z" : -1.0
      },
      "color" : "#EBEBE4"
    }, {
      "direction" : {
        "x" : -1.0,
        "y" : 0.0,
        "z" : 0.0
      },
      "color" : "#E4E4EB"
    }, {
      "direction" : {
        "x" : 0.0,
        "y" : 0.0,
        "z" : -1.0
      },
      "color" : "#1E1E1E"
    } ]
  },
  "camera" : {
    "width" : 100.521614,
    "stereo" : false,
    "lookDirection" : {
      "x" : -0.8160152,
      "y" : 0.56150895,
      "z" : -0.13720152
    },
    "upDirection" : {
      "x" : -0.13977066,
      "y" : 0.03863852,
      "z" : 0.9894276
    },
    "lookAtPoint" : {
      "x" : 0.0,
      "y" : 0.0,
      "z" : 0.0
    },
    "perspective" : false,
    "viewDistance" : 223.38115,
    "nearClipDistance" : 0.55845237,
    "farClipDistance" : 446.76318,
    "fieldOfView" : 0.4426293,
    "position" : {
      "x" : 182.28241,
      "y" : -125.43052,
      "z" : 30.648233
    }
  },
  "embedding" : [ 1.0, 0.0, 0.0, 0.0, 0.0, 1.0, 0.0, 0.0, 0.0, 0.0, 1.0, 0.0, 0.0, 0.0, 0.0, 1.0 ],
  "shapes" : [ {
    "id" : "e3b46c05-d8f4-4245-b82e-f0be041f4997",
    "vertices" : [ {
      "x" : 6.854102,
      "y" : -16.562305,
      "z" : 0.0
    }, {
      "x" : -6.854102,
      "y" : -16.562305,
      "z" : 0.0
    }, {
      "x" : -9.708204,
      "y" : -23.416409,
      "z" : 0.0
    } ],
    "faces" : [ {
      "vertices" : [ 0, 1, 2 ]
    }, {
      "vertices" : [ 0, 2, 1 ]
    } ]
  }, {
    "id" : "5c906d7a-d37e-422d-9815-b49b308e12c4",
    "vertices" : [ {
      "x" : 9.212917,
      "y" : 0.13333334,
      "z" : 6.2573566
    }, {
      "x" : 9.312918,
      "y" : -0.26666668,
      "z" : 6.357357
    }, {
      "x" : 0.49528626,
      "y" : -0.13333334,
      "z" : 0.59674513
    }, {
      "x" : 0.39528626,
      "y" : 0.26666668,
      "z" : 0.49674514
    }, {
      "x" : 9.079584,
      "y" : -0.13333334,
      "z" : 6.6573567
    }, {
      "x" : 8.979585,
      "y" : 0.26666668,
      "z" : 6.557357
    }, {
      "x" : 0.6286196,
      "y" : 0.13333334,
      "z" : 0.19674513
    }, {
      "x" : 0.7286196,
      "y" : -0.26666668,
      "z" : 0.29674512
    } ],
    "faces" : [ {
      "vertices" : [ 2, 3, 6 ]
    }, {
      "vertices" : [ 2, 6, 7 ]
    }, {
      "vertices" : [ 0, 5, 4 ]
    }, {
      "vertices" : [ 0, 4, 1 ]
    }, {
      "vertices" : [ 2, 4, 5 ]
    }, {
      "vertices" : [ 2, 5, 3 ]
    }, {
      "vertices" : [ 0, 6, 3 ]
    }, {
      "vertices" : [ 0, 3, 5 ]
    }, {
      "vertices" : [ 0, 1, 7 ]
    }, {
      "vertices" : [ 0, 7, 6 ]
    }, {
      "vertices" : [ 1, 4, 2 ]
    }, {
      "vertices" : [ 1, 2, 7 ]
    } ]
  }, {
    "id" : "64e4b846-3eed-41e2-842a-7a12230d4910",
    "vertices" : [ {
      "x" : 11.09017,
      "y" : 0.0,
      "z" : -4.236068
    }, {
      "x" : 10.781153,
      "y" : 0.0,
      "z" : -4.118034
    }, {
      "x" : 10.376644,
      "y" : -0.1545085,
      "z" : -3.677051
    }, {
      "x" : 10.185661,
      "y" : -0.1545085,
      "z" : -4.177051
    }, {
      "x" : 0.9045085,
      "y" : -0.1545085,
      "z" : -0.059016995
    }, {
      "x" : 0.809017,
      "y" : 0.309017,
      "z" : -0.309017
    }, {
      "x" : 0.309017,
      "y" : 0.0,
      "z" : -0.11803399
    }, {
      "x" : 10.281153,
      "y" : 0.309017,
      "z" : -3.927051
    }, {
      "x" : 0.7135255,
      "y" : -0.1545085,
      "z" : -0.559017
    } ],
    "faces" : [ {
      "vertices" : [ 2, 4, 8 ]
    }, {
      "vertices" : [ 2, 8, 3 ]
    }, {
      "vertices" : [ 2, 7, 5 ]
    }, {
      "vertices" : [ 2, 5, 4 ]
    }, {
      "vertices" : [ 4, 6, 8 ]
    }, {
      "vertices" : [ 5, 8, 6 ]
    }, {
      "vertices" : [ 1, 2, 3 ]
    }, {
      "vertices" : [ 3, 8, 5 ]
    }, {
      "vertices" : [ 3, 5, 7 ]
    }, {
      "vertices" : [ 1, 7, 2 ]
    }, {
      "vertices" : [ 1, 3, 7 ]
    }, {
      "vertices" : [ 4, 5, 6 ]
    } ]
  }, {
    "id" : "59830b88-c3ec-4d91-b526-19f16a71b5e1",
    "vertices" : [ {
      "x" : 6.854102,
      "y" : -2.854102,
      "z" : 0.0
    }, {
      "x" : 16.562305,
      "y" : 6.854102,
      "z" : 0.0
    }, {
      "x" : 6.854102,
      "y" : 16.562305,
      "z" : 0.0
    } ],
    "faces" : [ {
      "vertices" : [ 0, 1, 2 ]
    }, {
      "vertices" : [ 0, 2, 1 ]
    } ]
  }, {
    "id" : "1d35c1df-bd70-4d92-bd21-8680c83a57e3",
    "vertices" : [ {
      "x" : -0.26666668,
      "y" : 9.312918,
      "z" : 6.357357
    }, {
      "x" : 0.13333334,
      "y" : 9.212917,
      "z" : 6.2573566
    }, {
      "x" : 0.26666668,
      "y" : 0.39528626,
      "z" : 0.49674514
    }, {
      "x" : -0.13333334,
      "y" : 0.49528626,
      "z" : 0.59674513
    }, {
      "x" : 0.26666668,
      "y" : 8.979585,
      "z" : 6.557357
    }, {
      "x" : -0.13333334,
      "y" : 9.079584,
      "z" : 6.6573567
    }, {
      "x" : -0.26666668,
      "y" : 0.7286196,
      "z" : 0.29674512
    }, {
      "x" : 0.13333334,
      "y" : 0.6286196,
      "z" : 0.19674513
    } ],
    "faces" : [ {
      "vertices" : [ 2, 3, 6 ]
    }, {
      "vertices" : [ 2, 6, 7 ]
    }, {
      "vertices" : [ 0, 5, 4 ]
    }, {
      "vertices" : [ 0, 4, 1 ]
    }, {
      "vertices" : [ 2, 4, 5 ]
    }, {
      "vertices" : [ 2, 5, 3 ]
    }, {
      "vertices" : [ 0, 6, 3 ]
    }, {
      "vertices" : [ 0, 3, 5 ]
    }, {
      "vertices" : [ 0, 1, 7 ]
    }, {
      "vertices" : [ 0, 7, 6 ]
    }, {
      "vertices" : [ 1, 4, 2 ]
    }, {
      "vertices" : [ 1, 2, 7 ]
    } ]
  }, {
    "id" : "69ae02ad-c5fa-4352-a872-5fdf822ed8cf",
    "vertices" : [ {
      "x" : 0.309017,
      "y" : -0.309017,
      "z" : -0.309017
    }, {
      "x" : 0.5,
      "y" : 0.0,
      "z" : -0.19098301
    }, {
      "x" : 0.5,
      "y" : 0.0,
      "z" : 0.19098301
    }, {
      "x" : 0.309017,
      "y" : -0.309017,
      "z" : 0.309017
    }, {
      "x" : 0.19098301,
      "y" : -0.5,
      "z" : 0.0
    }, {
      "x" : 0.0,
      "y" : 0.19098301,
      "z" : 0.5
    }, {
      "x" : 0.0,
      "y" : -0.19098301,
      "z" : 0.5
    }, {
      "x" : 0.309017,
      "y" : 0.309017,
      "z" : 0.309017
    }, {
      "x" : -0.309017,
      "y" : -0.309017,
      "z" : 0.309017
    }, {
      "x" : -0.309017,
      "y" : 0.309017,
      "z" : 0.309017
    }, {
      "x" : -0.5,
      "y" : 0.0,
      "z" : 0.19098301
    }, {
      "x" : 0.0,
      "y" : -0.19098301,
      "z" : -0.5
    }, {
      "x" : 0.0,
      "y" : 0.19098301,
      "z" : -0.5
    }, {
      "x" : 0.309017,
      "y" : 0.309017,
      "z" : -0.309017
    }, {
      "x" : -0.309017,
      "y" : -0.309017,
      "z" : -0.309017
    }, {
      "x" : -0.19098301,
      "y" : -0.5,
      "z" : 0.0
    }, {
      "x" : -0.5,
      "y" : 0.0,
      "z" : -0.19098301
    }, {
      "x" : 0.19098301,
      "y" : 0.5,
      "z" : 0.0
    }, {
      "x" : -0.309017,
      "y" : 0.309017,
      "z" : -0.309017
    }, {
      "x" : 0.0,
      "y" : 0.0,
      "z" : 0.0
    }, {
      "x" : -0.19098301,
      "y" : 0.5,
      "z" : 0.0
    } ],
    "faces" : [ {
      "vertices" : [ 12, 18, 20 ]
    }, {
      "vertices" : [ 12, 20, 17 ]
    }, {
      "vertices" : [ 12, 17, 13 ]
    }, {
      "vertices" : [ 3, 6, 8 ]
    }, {
      "vertices" : [ 3, 8, 15 ]
    }, {
      "vertices" : [ 3, 15, 4 ]
    }, {
      "vertices" : [ 0, 11, 12 ]
    }, {
      "vertices" : [ 0, 12, 13 ]
    }, {
      "vertices" : [ 0, 13, 1 ]
    }, {
      "vertices" : [ 5, 9, 10 ]
    }, {
      "vertices" : [ 5, 10, 8 ]
    }, {
      "vertices" : [ 5, 8, 6 ]
    }, {
      "vertices" : [ 2, 7, 5 ]
    }, {
      "vertices" : [ 2, 5, 6 ]
    }, {
      "vertices" : [ 2, 6, 3 ]
    }, {
      "vertices" : [ 11, 14, 16 ]
    }, {
      "vertices" : [ 11, 16, 18 ]
    }, {
      "vertices" : [ 11, 18, 12 ]
    }, {
      "vertices" : [ 1, 13, 17 ]
    }, {
      "vertices" : [ 1, 17, 7 ]
    }, {
      "vertices" : [ 1, 7, 2 ]
    }, {
      "vertices" : [ 9, 20, 18 ]
    }, {
      "vertices" : [ 9, 18, 16 ]
    }, {
      "vertices" : [ 9, 16, 10 ]
    }, {
      "vertices" : [ 0, 1, 2 ]
    }, {
      "vertices" : [ 0, 2, 3 ]
    }, {
      "vertices" : [ 0, 3, 4 ]
    }, {
      "vertices" : [ 5, 7, 17 ]
    }, {
      "vertices" : [ 5, 17, 20 ]
    }, {
      "vertices" : [ 5, 20, 9 ]
    }, {
      "vertices" : [ 0, 4, 15 ]
    }, {
      "vertices" : [ 0, 15, 14 ]
    }, {
      "vertices" : [ 0, 14, 11 ]
    }, {
      "vertices" : [ 8, 10, 16 ]
    }, {
      "vertices" : [ 8, 16, 14 ]
    }, {
      "vertices" : [ 8, 14, 15 ]
    } ]
  }, {
    "id" : "50cba653-faf6-4f98-9589-2f5032c35cf4",
    "vertices" : [ {
      "x" : 9.708204,
      "y" : 0.0,
      "z" : 20.562305
    }, {
      "x" : 0.0,
      "y" : -9.708204,
      "z" : 20.562305
    }, {
      "x" : -9.708204,
      "y" : 0.0,
      "z" : 20.562305
    } ],
    "faces" : [ {
      "vertices" : [ 0, 1, 2 ]
    }, {
      "vertices" : [ 0, 2, 1 ]
    } ]
  }, {
    "id" : "8ef9e653-47cf-437e-b187-3ab75cb3b5a9",
    "vertices" : [ {
      "x" : 0.0,
      "y" : 0.0,
      "z" : -13.708204
    }, {
      "x" : 13.708204,
      "y" : 0.0,
      "z" : -13.708204
    }, {
      "x" : 0.0,
      "y" : 13.708204,
      "z" : -13.708204
    } ],
    "faces" : [ {
      "vertices" : [ 0, 1, 2 ]
    }, {
      "vertices" : [ 0, 2, 1 ]
    } ]
  }, {
    "id" : "c38d9770-80dc-4113-9775-5f6b6b828ec1",
    "vertices" : [ {
      "x" : 0.0,
      "y" : 13.708204,
      "z" : -13.708204
    }, {
      "x" : 6.854102,
      "y" : 16.562305,
      "z" : -13.708204
    }, {
      "x" : 16.562305,
      "y" : 6.854102,
      "z" : -13.708204
    } ],
    "faces" : [ {
      "vertices" : [ 0, 1, 2 ]
    }, {
      "vertices" : [ 0, 2, 1 ]
    } ]
  }, {
    "id" : "6c2e0ccd-5921-4f00-bb83-ea6f1253a508",
    "vertices" : [ {
      "x" : 13.708204,
      "y" : 0.0,
      "z" : -13.708204
    }, {
      "x" : 0.0,
      "y" : -13.708204,
      "z" : -13.708204
    }, {
      "x" : 6.854102,
      "y" : -16.562305,
      "z" : -13.708204
    } ],
    "faces" : [ {
      "vertices" : [ 0, 1, 2 ]
    }, {
      "vertices" : [ 0, 2, 1 ]
    } ]
  }, {
    "id" : "0486c039-3ae2-4f0f-880b-27be86b2493a",
    "vertices" : [ {
      "x" : 16.562305,
      "y" : 6.854102,
      "z" : 0.0
    }, {
      "x" : 23.416409,
      "y" : -9.708204,
      "z" : 0.0
    }, {
      "x" : 23.416409,
      "y" : 9.708204,
      "z" : 0.0
    } ],
    "faces" : [ {
      "vertices" : [ 0, 1, 2 ]
    }, {
      "vertices" : [ 0, 2, 1 ]
    } ]
  }, {
    "id" : "c7777252-15d2-4a00-9a7d-03e6f6f28e12",
    "vertices" : [ {
      "x" : -16.562305,
      "y" : -6.854102,
      "z" : 0.0
    }, {
      "x" : -23.416409,
      "y" : -9.708204,
      "z" : 0.0
    }, {
      "x" : -9.708204,
      "y" : -23.416409,
      "z" : 0.0
    } ],
    "faces" : [ {
      "vertices" : [ 0, 1, 2 ]
    }, {
      "vertices" : [ 0, 2, 1 ]
    } ]
  }, {
    "id" : "5de6919c-8002-4fdd-b8cd-508821ae11e7",
    "vertices" : [ {
      "x" : -13.708204,
      "y" : 0.0,
      "z" : -13.708204
    }, {
      "x" : -6.854102,
      "y" : 16.562305,
      "z" : -13.708204
    }, {
      "x" : -16.562305,
      "y" : 6.854102,
      "z" : -13.708204
    } ],
    "faces" : [ {
      "vertices" : [ 0, 1, 2 ]
    }, {
      "vertices" : [ 0, 2, 1 ]
    } ]
  }, {
    "id" : "e166e85b-d4e6-4d0d-8797-675c785ff19c",
    "vertices" : [ {
      "x" : 16.562305,
      "y" : 6.854102,
      "z" : 0.0
    }, {
      "x" : 6.854102,
      "y" : -2.854102,
      "z" : 0.0
    }, {
      "x" : 23.416409,
      "y" : -9.708204,
      "z" : 0.0
    } ],
    "faces" : [ {
      "vertices" : [ 0, 1, 2 ]
    }, {
      "vertices" : [ 0, 2, 1 ]
    } ]
  }, {
    "id" : "0fd84bab-5cbd-4f64-b8df-d6ff83d9879a",
    "vertices" : [ {
      "x" : 6.854102,
      "y" : -16.562305,
      "z" : 0.0
    }, {
      "x" : -9.708204,
      "y" : -23.416409,
      "z" : 0.0
    }, {
      "x" : 9.708204,
      "y" : -23.416409,
      "z" : 0.0
    } ],
    "faces" : [ {
      "vertices" : [ 0, 1, 2 ]
    }, {
      "vertices" : [ 0, 2, 1 ]
    } ]
  }, {
    "id" : "5b957180-ba27-472d-bd69-408160f52b38",
    "vertices" : [ {
      "x" : 0.0,
      "y" : 0.0,
      "z" : 0.0
    }, {
      "x" : -6.854102,
      "y" : 16.562305,
      "z" : 0.0
    }, {
      "x" : -6.854102,
      "y" : 2.854102,
      "z" : 0.0
    } ],
    "faces" : [ {
      "vertices" : [ 0, 1, 2 ]
    }, {
      "vertices" : [ 0, 2, 1 ]
    } ]
  }, {
    "id" : "fedb266a-b66d-4b6f-9d65-59cfb3a95f2c",
    "vertices" : [ {
      "x" : 6.854102,
      "y" : -16.562305,
      "z" : 0.0
    }, {
      "x" : 9.708204,
      "y" : -23.416409,
      "z" : 0.0
    }, {
      "x" : 23.416409,
      "y" : -9.708204,
      "z" : 0.0
    } ],
    "faces" : [ {
      "vertices" : [ 0, 1, 2 ]
    }, {
      "vertices" : [ 0, 2, 1 ]
    } ]
  }, {
    "id" : "79135102-d723-40c2-b47d-863172c1d7c2",
    "vertices" : [ {
      "x" : 16.562305,
      "y" : 6.854102,
      "z" : 0.0
    }, {
      "x" : 23.416409,
      "y" : 9.708204,
      "z" : 0.0
    }, {
      "x" : 9.708204,
      "y" : 23.416409,
      "z" : 0.0
    } ],
    "faces" : [ {
      "vertices" : [ 0, 1, 2 ]
    }, {
      "vertices" : [ 0, 2, 1 ]
    } ]
  }, {
    "id" : "be6743e2-eb70-4416-9a45-0c041a7369bd",
    "vertices" : [ {
      "x" : 13.708204,
      "y" : 0.0,
      "z" : -13.708204
    }, {
      "x" : 0.0,
      "y" : 0.0,
      "z" : -13.708204
    }, {
      "x" : 0.0,
      "y" : -13.708204,
      "z" : -13.708204
    } ],
    "faces" : [ {
      "vertices" : [ 0, 1, 2 ]
    }, {
      "vertices" : [ 0, 2, 1 ]
    } ]
  }, {
    "id" : "86403122-75aa-4e7f-8de6-0ff817e1b64c",
    "vertices" : [ {
      "x" : 9.708204,
      "y" : 0.0,
      "z" : 20.562305
    }, {
      "x" : 6.854102,
      "y" : -6.854102,
      "z" : 20.562305
    }, {
      "x" : 0.0,
      "y" : -9.708204,
      "z" : 20.562305
    } ],
    "faces" : [ {
      "vertices" : [ 0, 1, 2 ]
    }, {
      "vertices" : [ 0, 2, 1 ]
    } ]
  }, {
    "id" : "a6c48bfd-18ce-4189-a0a8-7201151caa92",
    "vertices" : [ {
      "x" : 6.854102,
      "y" : -2.854102,
      "z" : 0.0
    }, {
      "x" : 6.854102,
      "y" : 16.562305,
      "z" : 0.0
    }, {
      "x" : 0.0,
      "y" : 0.0,
      "z" : 0.0
    } ],
    "faces" : [ {
      "vertices" : [ 0, 1, 2 ]
    }, {
      "vertices" : [ 0, 2, 1 ]
    } ]
  }, {
    "id" : "57808a9e-2319-4360-8761-2173b5a29506",
    "vertices" : [ {
      "x" : 9.708204,
      "y" : 0.0,
      "z" : 20.562305
    }, {
      "x" : -9.708204,
      "y" : 0.0,
      "z" : 20.562305
    }, {
      "x" : 0.0,
      "y" : 9.708204,
      "z" : 20.562305
    } ],
    "faces" : [ {
      "vertices" : [ 0, 1, 2 ]
    }, {
      "vertices" : [ 0, 2, 1 ]
    } ]
  }, {
    "id" : "5ca1d29f-baf0-4ce2-9630-66bac476893c",
    "vertices" : [ {
      "x" : -6.854102,
      "y" : -16.562305,
      "z" : -13.708204
    }, {
      "x" : 0.0,
      "y" : -13.708204,
      "z" : -13.708204
    }, {
      "x" : 6.854102,
      "y" : -16.562305,
      "z" : -13.708204
    } ],
    "faces" : [ {
      "vertices" : [ 0, 1, 2 ]
    }, {
      "vertices" : [ 0, 2, 1 ]
    } ]
  }, {
    "id" : "8ca0593c-955a-48f3-b60f-4edf4cbc22af",
    "vertices" : [ {
      "x" : 0.0,
      "y" : 0.0,
      "z" : 0.0
    }, {
      "x" : 6.854102,
      "y" : 16.562305,
      "z" : 0.0
    }, {
      "x" : -6.854102,
      "y" : 16.562305,
      "z" : 0.0
    } ],
    "faces" : [ {
      "vertices" : [ 0, 1, 2 ]
    }, {
      "vertices" : [ 0, 2, 1 ]
    } ]
  }, {
    "id" : "3e28374a-592f-4d23-b3d6-823b558377ea",
    "vertices" : [ {
      "x" : 6.854102,
      "y" : 16.562305,
      "z" : -13.708204
    }, {
      "x" : 0.0,
      "y" : 13.708204,
      "z" : -13.708204
    }, {
      "x" : -6.854102,
      "y" : 16.562305,
      "z" : -13.708204
    } ],
    "faces" : [ {
      "vertices" : [ 0, 1, 2 ]
    }, {
      "vertices" : [ 0, 2, 1 ]
    } ]
  }, {
    "id" : "a0b36503-389d-4597-bda4-aaf499082a7c",
    "vertices" : [ {
      "x" : -13.708204,
      "y" : 0.0,
      "z" : -13.708204
    }, {
      "x" : 0.0,
      "y" : 0.0,
      "z" : -13.708204
    }, {
      "x" : 0.0,
      "y" : 13.708204,
      "z" : -13.708204
    } ],
    "faces" : [ {
      "vertices" : [ 0, 1, 2 ]
    }, {
      "vertices" : [ 0, 2, 1 ]
    } ]
  }, {
    "id" : "55f00d1a-f979-4b5d-a21f-e26333a80593",
    "vertices" : [ {
      "x" : 23.416409,
      "y" : -9.708204,
      "z" : 0.0
    }, {
      "x" : 6.854102,
      "y" : -2.854102,
      "z" : 0.0
    }, {
      "x" : 6.854102,
      "y" : -16.562305,
      "z" : 0.0
    } ],
    "faces" : [ {
      "vertices" : [ 0, 1, 2 ]
    }, {
      "vertices" : [ 0, 2, 1 ]
    } ]
  }, {
    "id" : "bc6610a0-2d5a-4bdc-a476-5510828d792c",
    "vertices" : [ {
      "x" : -9.708204,
      "y" : 0.0,
      "z" : 20.562305
    }, {
      "x" : -6.854102,
      "y" : 6.854102,
      "z" : 20.562305
    }, {
      "x" : 0.0,
      "y" : 9.708204,
      "z" : 20.562305
    } ],
    "faces" : [ {
      "vertices" : [ 0, 1, 2 ]
    }, {
      "vertices" : [ 0, 2, 1 ]
    } ]
  }, {
    "id" : "15a54113-1482-4523-b7f0-42e9234602a2",
    "vertices" : [ {
      "x" : -13.708204,
      "y" : 0.0,
      "z" : -13.708204
    }, {
      "x" : -16.562305,
      "y" : 6.854102,
      "z" : -13.708204
    }, {
      "x" : -16.562305,
      "y" : -6.854102,
      "z" : -13.708204
    } ],
    "faces" : [ {
      "vertices" : [ 0, 1, 2 ]
    }, {
      "vertices" : [ 0, 2, 1 ]
    } ]
  }, {
    "id" : "ff300927-805a-4fe3-80a6-1f8e8c84b2aa",
    "vertices" : [ {
      "x" : -16.562305,
      "y" : -6.854102,
      "z" : 0.0
    }, {
      "x" : -6.854102,
      "y" : 2.854102,
      "z" : 0.0
    }, {
      "x" : -23.416409,
      "y" : 9.708204,
      "z" : 0.0
    } ],
    "faces" : [ {
      "vertices" : [ 0, 1, 2 ]
    }, {
      "vertices" : [ 0, 2, 1 ]
    } ]
  }, {
    "id" : "05287e88-9ec9-4c77-9561-24dd7362f5fb",
    "vertices" : [ {
      "x" : 0.0,
      "y" : 9.708204,
      "z" : 20.562305
    }, {
      "x" : 6.854102,
      "y" : 6.854102,
      "z" : 20.562305
    }, {
      "x" : 9.708204,
      "y" : 0.0,
      "z" : 20.562305
    } ],
    "faces" : [ {
      "vertices" : [ 0, 1, 2 ]
    }, {
      "vertices" : [ 0, 2, 1 ]
    } ]
  }, {
    "id" : "ec3eb7c5-ee61-43ab-ac93-1a7c80dd2989",
    "vertices" : [ {
      "x" : -6.854102,
      "y" : 2.854102,
      "z" : 0.0
    }, {
      "x" : -6.854102,
      "y" : -16.562305,
      "z" : 0.0
    }, {
      "x" : 0.0,
      "y" : 0.0,
      "z" : 0.0
    } ],
    "faces" : [ {
      "vertices" : [ 0, 1, 2 ]
    }, {
      "vertices" : [ 0, 2, 1 ]
    } ]
  }, {
    "id" : "38a1a2ae-2016-4824-ab16-0939d9afbbe5",
    "vertices" : [ {
      "x" : -16.562305,
      "y" : -6.854102,
      "z" : 0.0
    }, {
      "x" : -23.416409,
      "y" : 9.708204,
      "z" : 0.0
    }, {
      "x" : -23.416409,
      "y" : -9.708204,
      "z" : 0.0
    } ],
    "faces" : [ {
      "vertices" : [ 0, 1, 2 ]
    }, {
      "vertices" : [ 0, 2, 1 ]
    } ]
  }, {
    "id" : "f47d473e-2db9-46db-a4a9-6032786120b9",
    "vertices" : [ {
      "x" : 13.708204,
      "y" : 0.0,
      "z" : -13.708204
    }, {
      "x" : 16.562305,
      "y" : 6.854102,
      "z" : -13.708204
    }, {
      "x" : 0.0,
      "y" : 13.708204,
      "z" : -13.708204
    } ],
    "faces" : [ {
      "vertices" : [ 0, 1, 2 ]
    }, {
      "vertices" : [ 0, 2, 1 ]
    } ]
  }, {
    "id" : "15f1e528-4cf7-47d0-891f-48225476e0c9",
    "vertices" : [ {
      "x" : -13.708204,
      "y" : 0.0,
      "z" : -13.708204
    }, {
      "x" : -16.562305,
      "y" : -6.854102,
      "z" : -13.708204
    }, {
      "x" : 0.0,
      "y" : -13.708204,
      "z" : -13.708204
    } ],
    "faces" : [ {
      "vertices" : [ 0, 1, 2 ]
    }, {
      "vertices" : [ 0, 2, 1 ]
    } ]
  }, {
    "id" : "67533ccd-c10c-4a57-9475-2a0296e2d1bf",
    "vertices" : [ {
      "x" : 13.708204,
      "y" : 0.0,
      "z" : -13.708204
    }, {
      "x" : 6.854102,
      "y" : -16.562305,
      "z" : -13.708204
    }, {
      "x" : 16.562305,
      "y" : -6.854102,
      "z" : -13.708204
    } ],
    "faces" : [ {
      "vertices" : [ 0, 1, 2 ]
    }, {
      "vertices" : [ 0, 2, 1 ]
    } ]
  }, {
    "id" : "568d5ee4-8bc4-4935-9b91-9150d723adb0",
    "vertices" : [ {
      "x" : 0.0,
      "y" : -9.708204,
      "z" : 20.562305
    }, {
      "x" : -6.854102,
      "y" : -6.854102,
      "z" : 20.562305
    }, {
      "x" : -9.708204,
      "y" : 0.0,
      "z" : 20.562305
    } ],
    "faces" : [ {
      "vertices" : [ 0, 1, 2 ]
    }, {
      "vertices" : [ 0, 2, 1 ]
    } ]
  }, {
    "id" : "67236e06-4750-499f-a39e-525cd2b48b1f",
    "vertices" : [ {
      "x" : 0.0,
      "y" : 0.0,
      "z" : -13.708204
    }, {
      "x" : -13.708204,
      "y" : 0.0,
      "z" : -13.708204
    }, {
      "x" : 0.0,
      "y" : -13.708204,
      "z" : -13.708204
    } ],
    "faces" : [ {
      "vertices" : [ 0, 1, 2 ]
    }, {
      "vertices" : [ 0, 2, 1 ]
    } ]
  }, {
    "id" : "900909f5-0a75-44c8-af2c-34ae3c037436",
    "vertices" : [ {
      "x" : -13.708204,
      "y" : 0.0,
      "z" : -13.708204
    }, {
      "x" : 0.0,
      "y" : 13.708204,
      "z" : -13.708204
    }, {
      "x" : -6.854102,
      "y" : 16.562305,
      "z" : -13.708204
    } ],
    "faces" : [ {
      "vertices" : [ 0, 1, 2 ]
    }, {
      "vertices" : [ 0, 2, 1 ]
    } ]
  }, {
    "id" : "0f089c7c-23db-436b-8dc2-cf390edfb5f3",
    "vertices" : [ {
      "x" : -16.562305,
      "y" : -6.854102,
      "z" : 0.0
    }, {
      "x" : -6.854102,
      "y" : -16.562305,
      "z" : 0.0
    }, {
      "x" : -9.708204,
      "y" : -23.416409,
      "z" : 0.0
    } ],
    "faces" : [ {
      "vertices" : [ 0, 1, 2 ]
    }, {
      "vertices" : [ 0, 2, 1 ]
    } ]
  }, {
    "id" : "5d55e078-8480-455b-a929-fb6e7a9b01df",
    "vertices" : [ {
      "x" : -23.416409,
      "y" : 9.708204,
      "z" : 0.0
    }, {
      "x" : -6.854102,
      "y" : 2.854102,
      "z" : 0.0
    }, {
      "x" : -6.854102,
      "y" : 16.562305,
      "z" : 0.0
    } ],
    "faces" : [ {
      "vertices" : [ 0, 1, 2 ]
    }, {
      "vertices" : [ 0, 2, 1 ]
    } ]
  }, {
    "id" : "adb8d764-3bfe-4b91-ab55-7377b4b0a8c3",
    "vertices" : [ {
      "x" : 0.0,
      "y" : 0.0,
      "z" : 0.0
    }, {
      "x" : -6.854102,
      "y" : -16.562305,
      "z" : 0.0
    }, {
      "x" : 6.854102,
      "y" : -16.562305,
      "z" : 0.0
    } ],
    "faces" : [ {
      "vertices" : [ 0, 1, 2 ]
    }, {
      "vertices" : [ 0, 2, 1 ]
    } ]
  }, {
    "id" : "4f3d9c70-8541-4b3a-9697-b63e23c716d0",
    "vertices" : [ {
      "x" : 16.562305,
      "y" : 6.854102,
      "z" : 0.0
    }, {
      "x" : 6.854102,
      "y" : 16.562305,
      "z" : 0.0
    }, {
      "x" : 9.708204,
      "y" : 23.416409,
      "z" : 0.0
    } ],
    "faces" : [ {
      "vertices" : [ 0, 1, 2 ]
    }, {
      "vertices" : [ 0, 2, 1 ]
    } ]
  }, {
    "id" : "9d496e95-bc24-4a01-89c6-437a8f61e70d",
    "vertices" : [ {
      "x" : 0.0,
      "y" : -13.708204,
      "z" : -13.708204
    }, {
      "x" : -6.854102,
      "y" : -16.562305,
      "z" : -13.708204
    }, {
      "x" : -16.562305,
      "y" : -6.854102,
      "z" : -13.708204
    } ],
    "faces" : [ {
      "vertices" : [ 0, 1, 2 ]
    }, {
      "vertices" : [ 0, 2, 1 ]
    } ]
  }, {
    "id" : "8ebf610f-cc97-4245-baea-190c0e1b6ff3",
    "vertices" : [ {
      "x" : 0.0,
      "y" : 0.0,
      "z" : 0.0
    }, {
      "x" : 6.854102,
      "y" : -16.562305,
      "z" : 0.0
    }, {
      "x" : 6.854102,
      "y" : -2.854102,
      "z" : 0.0
    } ],
    "faces" : [ {
      "vertices" : [ 0, 1, 2 ]
    }, {
      "vertices" : [ 0, 2, 1 ]
    } ]
  }, {
    "id" : "53211465-8b78-413f-b815-be15218ee91f",
    "vertices" : [ {
      "x" : -6.854102,
      "y" : 2.854102,
      "z" : 0.0
    }, {
      "x" : -16.562305,
      "y" : -6.854102,
      "z" : 0.0
    }, {
      "x" : -6.854102,
      "y" : -16.562305,
      "z" : 0.0
    } ],
    "faces" : [ {
      "vertices" : [ 0, 1, 2 ]
    }, {
      "vertices" : [ 0, 2, 1 ]
    } ]
  }, {
    "id" : "b56d438c-d4fa-46a8-9f14-563898685543",
    "vertices" : [ {
      "x" : -6.854102,
      "y" : 16.562305,
      "z" : 0.0
    }, {
      "x" : 9.708204,
      "y" : 23.416409,
      "z" : 0.0
    }, {
      "x" : -9.708204,
      "y" : 23.416409,
      "z" : 0.0
    } ],
    "faces" : [ {
      "vertices" : [ 0, 1, 2 ]
    }, {
      "vertices" : [ 0, 2, 1 ]
    } ]
  }, {
    "id" : "99e64f64-5975-47ca-9ee1-9955f1bea0ce",
    "vertices" : [ {
      "x" : -6.854102,
      "y" : 16.562305,
      "z" : 0.0
    }, {
      "x" : -9.708204,
      "y" : 23.416409,
      "z" : 0.0
    }, {
      "x" : -23.416409,
      "y" : 9.708204,
      "z" : 0.0
    } ],
    "faces" : [ {
      "vertices" : [ 0, 1, 2 ]
    }, {
      "vertices" : [ 0, 2, 1 ]
    } ]
  }, {
    "id" : "c27b5d0e-e9a0-4e1b-bdea-ea1b608e7dd3",
    "vertices" : [ {
      "x" : -6.854102,
      "y" : 16.562305,
      "z" : 0.0
    }, {
      "x" : 6.854102,
      "y" : 16.562305,
      "z" : 0.0
    }, {
      "x" : 9.708204,
      "y" : 23.416409,
      "z" : 0.0
    } ],
    "faces" : [ {
      "vertices" : [ 0, 1, 2 ]
    }, {
      "vertices" : [ 0, 2, 1 ]
    } ]
  }, {
    "id" : "d5c26d33-4cd1-419f-a277-ad08e97e9563",
    "vertices" : [ {
      "x" : 13.708204,
      "y" : 0.0,
      "z" : -13.708204
    }, {
      "x" : 16.562305,
      "y" : -6.854102,
      "z" : -13.708204
    }, {
      "x" : 16.562305,
      "y" : 6.854102,
      "z" : -13.708204
    } ],
    "faces" : [ {
      "vertices" : [ 0, 1, 2 ]
    }, {
      "vertices" : [ 0, 2, 1 ]
    } ]
  } ],
  "instances" : [ {
    "shape" : "e3b46c05-d8f4-4245-b82e-f0be041f4997",
    "color" : "#7FBACA",
    "position" : {
      "x" : 0.0,
      "y" : 0.0,
      "z" : 0.0
    }
  }, {
    "shape" : "5c906d7a-d37e-422d-9815-b49b308e12c4",
    "color" : "#FFFFFF",
    "position" : {
      "x" : 16.562305,
      "y" : 6.854102,
      "z" : 13.708204
    },
    "orientation" : 30
  }, {
    "shape" : "64e4b846-3eed-41e2-842a-7a12230d4910",
    "color" : "#F0A000",
    "position" : {
      "x" : -23.416409,
      "y" : 0.0,
      "z" : 6.854102
    },
    "orientation" : 5
  }, {
    "shape" : "64e4b846-3eed-41e2-842a-7a12230d4910",
    "color" : "#F0A000",
    "position" : {
      "x" : -16.562305,
      "y" : 6.854102,
      "z" : -13.708204
    },
    "orientation" : 24
  }, {
    "shape" : "59830b88-c3ec-4d91-b526-19f16a71b5e1",
    "color" : "#7FBACA",
    "position" : {
      "x" : 0.0,
      "y" : 0.0,
      "z" : 0.0
    }
  }, {
    "shape" : "5c906d7a-d37e-422d-9815-b49b308e12c4",
    "color" : "#FFFFFF",
    "position" : {
      "x" : 6.854102,
      "y" : -6.854102,
      "z" : -20.562305
    },
    "orientation" : 0
  }, {
    "shape" : "5c906d7a-d37e-422d-9815-b49b308e12c4",
    "color" : "#FFFFFF",
    "position" : {
      "x" : -16.562305,
      "y" : 16.562305,
      "z" : 6.854102
    },
    "orientation" : 15
  }, {
    "shape" : "1d35c1df-bd70-4d92-bd21-8680c83a57e3",
    "color" : "#FFFFFF",
    "position" : {
      "x" : 23.416409,
      "y" : -9.708204,
      "z" : 0.0
    },
    "orientation" : 45
  }, {
    "shape" : "5c906d7a-d37e-422d-9815-b49b308e12c4",
    "color" : "#FFFFFF",
    "position" : {
      "x" : 0.0,
      "y" : -9.708204,
      "z" : 6.854102
    },
    "orientation" : 0
  }, {
    "shape" : "64e4b846-3eed-41e2-842a-7a12230d4910",
    "color" : "#F0A000",
    "position" : {
      "x" : 0.0,
      "y" : 0.0,
      "z" : -13.708204
    },
    "orientation" : 3
  }, {
    "shape" : "69ae02ad-c5fa-4352-a872-5fdf822ed8cf",
    "color" : "#FFFFFF",
    "position" : {
      "x" : -9.708204,
      "y" : 9.708204,
      "z" : 13.708204
    }
  }, {
    "shape" : "50cba653-faf6-4f98-9589-2f5032c35cf4",
    "color" : "#7FBACA",
    "position" : {
      "x" : 0.0,
      "y" : 0.0,
      "z" : 0.0
    }
  }, {
    "shape" : "5c906d7a-d37e-422d-9815-b49b308e12c4",
    "color" : "#FFFFFF",
    "position" : {
      "x" : -6.854102,
      "y" : 16.562305,
      "z" : 13.708204
    },
    "orientation" : 45
  }, {
    "shape" : "69ae02ad-c5fa-4352-a872-5fdf822ed8cf",
    "color" : "#FFFFFF",
    "position" : {
      "x" : 9.708204,
      "y" : -23.416409,
      "z" : 0.0
    }
  }, {
    "shape" : "5c906d7a-d37e-422d-9815-b49b308e12c4",
    "color" : "#FFFFFF",
    "position" : {
      "x" : -6.854102,
      "y" : -6.854102,
      "z" : 6.854102
    },
    "orientation" : 30
  }, {
    "shape" : "69ae02ad-c5fa-4352-a872-5fdf822ed8cf",
    "color" : "#FFFFFF",
    "position" : {
      "x" : -16.562305,
      "y" : 6.854102,
      "z" : 13.708204
    }
  }, {
    "shape" : "64e4b846-3eed-41e2-842a-7a12230d4910",
    "color" : "#F0A000",
    "position" : {
      "x" : 0.0,
      "y" : 9.708204,
      "z" : 6.854102
    },
    "orientation" : 19
  }, {
    "shape" : "5c906d7a-d37e-422d-9815-b49b308e12c4",
    "color" : "#FFFFFF",
    "position" : {
      "x" : 0.0,
      "y" : 23.416409,
      "z" : 6.854102
    },
    "orientation" : 45
  }, {
    "shape" : "5c906d7a-d37e-422d-9815-b49b308e12c4",
    "color" : "#FFFFFF",
    "position" : {
      "x" : 13.708204,
      "y" : -9.708204,
      "z" : -6.854102
    },
    "orientation" : 0
  }, {
    "shape" : "64e4b846-3eed-41e2-842a-7a12230d4910",
    "color" : "#F0A000",
    "position" : {
      "x" : 9.708204,
      "y" : 0.0,
      "z" : -20.562305
    },
    "orientation" : 9
  }, {
    "shape" : "1d35c1df-bd70-4d92-bd21-8680c83a57e3",
    "color" : "#FFFFFF",
    "position" : {
      "x" : 0.0,
      "y" : 9.708204,
      "z" : 20.562305
    },
    "orientation" : 30
  }, {
    "shape" : "8ef9e653-47cf-437e-b187-3ab75cb3b5a9",
    "color" : "#7FBACA",
    "position" : {
      "x" : 0.0,
      "y" : 0.0,
      "z" : 0.0
    }
  }, {
    "shape" : "64e4b846-3eed-41e2-842a-7a12230d4910",
    "color" : "#F0A000",
    "position" : {
      "x" : 16.562305,
      "y" : 16.562305,
      "z" : 6.854102
    },
    "orientation" : 39
  }, {
    "shape" : "69ae02ad-c5fa-4352-a872-5fdf822ed8cf",
    "color" : "#FFFFFF",
    "position" : {
      "x" : 9.708204,
      "y" : -9.708204,
      "z" : 13.708204
    }
  }, {
    "shape" : "64e4b846-3eed-41e2-842a-7a12230d4910",
    "color" : "#F0A000",
    "position" : {
      "x" : 0.0,
      "y" : 13.708204,
      "z" : -13.708204
    },
    "orientation" : 39
  }, {
    "shape" : "69ae02ad-c5fa-4352-a872-5fdf822ed8cf",
    "color" : "#FFFFFF",
    "position" : {
      "x" : 0.0,
      "y" : 0.0,
      "z" : -13.708204
    }
  }, {
    "shape" : "5c906d7a-d37e-422d-9815-b49b308e12c4",
    "color" : "#FFFFFF",
    "position" : {
      "x" : 6.854102,
      "y" : -6.854102,
      "z" : 20.562305
    },
    "orientation" : 15
  }, {
    "shape" : "5c906d7a-d37e-422d-9815-b49b308e12c4",
    "color" : "#FFFFFF",
    "position" : {
      "x" : -16.562305,
      "y" : -6.854102,
      "z" : -13.708204
    },
    "orientation" : 15
  }, {
    "shape" : "c38d9770-80dc-4113-9775-5f6b6b828ec1",
    "color" : "#7FBACA",
    "position" : {
      "x" : 0.0,
      "y" : 0.0,
      "z" : 0.0
    }
  }, {
    "shape" : "6c2e0ccd-5921-4f00-bb83-ea6f1253a508",
    "color" : "#7FBACA",
    "position" : {
      "x" : 0.0,
      "y" : 0.0,
      "z" : 0.0
    }
  }, {
    "shape" : "64e4b846-3eed-41e2-842a-7a12230d4910",
    "color" : "#F0A000",
    "position" : {
      "x" : -2.854102,
      "y" : -16.562305,
      "z" : 6.854102
    },
    "orientation" : 4
  }, {
    "shape" : "64e4b846-3eed-41e2-842a-7a12230d4910",
    "color" : "#F0A000",
    "position" : {
      "x" : -23.416409,
      "y" : -9.708204,
      "z" : 0.0
    },
    "orientation" : 5
  }, {
    "shape" : "64e4b846-3eed-41e2-842a-7a12230d4910",
    "color" : "#F0A000",
    "position" : {
      "x" : -23.416409,
      "y" : -9.708204,
      "z" : 0.0
    },
    "orientation" : 24
  }, {
    "shape" : "64e4b846-3eed-41e2-842a-7a12230d4910",
    "color" : "#F0A000",
    "position" : {
      "x" : -6.854102,
      "y" : 6.854102,
      "z" : -20.562305
    },
    "orientation" : 24
  }, {
    "shape" : "1d35c1df-bd70-4d92-bd21-8680c83a57e3",
    "color" : "#FFFFFF",
    "position" : {
      "x" : 23.416409,
      "y" : 0.0,
      "z" : 6.854102
    },
    "orientation" : 45
  }, {
    "shape" : "64e4b846-3eed-41e2-842a-7a12230d4910",
    "color" : "#F0A000",
    "position" : {
      "x" : 13.708204,
      "y" : 0.0,
      "z" : -13.708204
    },
    "orientation" : 19
  }, {
    "shape" : "64e4b846-3eed-41e2-842a-7a12230d4910",
    "color" : "#F0A000",
    "position" : {
      "x" : 9.708204,
      "y" : -9.708204,
      "z" : 13.708204
    },
    "orientation" : 3
  }, {
    "shape" : "0486c039-3ae2-4f0f-880b-27be86b2493a",
    "color" : "#7FBACA",
    "position" : {
      "x" : 0.0,
      "y" : 0.0,
      "z" : 0.0
    }
  }, {
    "shape" : "64e4b846-3eed-41e2-842a-7a12230d4910",
    "color" : "#F0A000",
