{
  "field" : "golden",
  "symmetry" : "icosahedral",
  "orientations" : [ [ 1.0, 0.0, 0.0, 0.0, 0.0, 1.0, 0.0, 0.0, 0.0, 0.0, 1.0, 0.0, 0.0, 0.0, 0.0, 1.0 ], [ 0.0, 0.0, 1.0, 0.0, 1.0, 0.0, 0.0, 0.0, 0.0, 1.0, 0.0, 0.0, 0.0, 0.0, 0.0, 1.0 ], [ 0.0, 1.0, 0.0, 0.0, 0.0, 0.0, 1.0, 0.0, 1.0, 0.0, 0.0, 0.0, 0.0, 0.0, 0.0, 1.0 ], [ 0.809017, 0.309017, 0.5, 0.0, 0.309017, 0.5, -0.809017, 0.0, -0.5, 0.809017, 0.309017, 0.0, 0.0, 0.0, 0.0, 1.0 ], [ -0.5, 0.809017, 0.309017, 0.0, 0.809017, 0.309017, 0.5, 0.0, 0.309017, 0.5, -0.809017, 0.0, 0.0, 0.0, 0.0, 1.0 ], [ 0.309017, 0.5, -0.809017, 0.0, -0.5, 0.809017, 0.309017, 0.0, 0.809017, 0.309017, 0.5, 0.0, 0.0, 0.0, 0.0, 1.0 ], [ 0.5, 0.809017, 0.309017, 0.0, 0.809017, -0.309017, -0.5, 0.0, -0.309017, 0.5, -0.809017, 0.0, 0.0, 0.0, 0.0, 1.0 ], [ -0.309017, 0.5, -0.809017, 0.0, 0.5, 0.809017, 0.309017, 0.0, 0.809017, -0.309017, -0.5, 0.0, 0.0, 0.0, 0.0, 1.0 ], [ 0.809017, -0.309017, -0.5, 0.0, -0.309017, 0.5, -0.809017, 0.0, 0.5, 0.809017, 0.309017, 0.0, 0.0, 0.0, 0.0, 1.0 ], [ 0.5, 0.809017, -0.309017, 0.0, 0.809017, -0.309017, 0.5, 0.0, 0.309017, -0.5, -0.809017, 0.0, 0.0, 0.0, 0.0, 1.0 ], [ 0.309017, -0.5, -0.809017, 0.0, 0.5, 0.809017, -0.309017, 0.0, 0.809017, -0.309017, 0.5, 0.0, 0.0, 0.0, 0.0, 1.0 ], [ 0.809017, -0.309017, 0.5, 0.0, 0.309017, -0.5, -0.809017, 0.0, 0.5, 0.809017, -0.309017, 0.0, 0.0, 0.0, 0.0, 1.0 ], [ 0.809017, 0.309017, -0.5, 0.0, 0.309017, 0.5, 0.809017, 0.0, 0.5, -0.809017, 0.309017, 0.0, 0.0, 0.0, 0.0, 1.0 ], [ 0.5, -0.809017, 0.309017, 0.0, 0.809017, 0.309017, -0.5, 0.0, 0.309017, 0.5, 0.809017, 0.0, 0.0, 0.0, 0.0, 1.0 ], [ 0.309017, 0.5, 0.809017, 0.0, 0.5, -0.809017, 0.309017, 0.0, 0.809017, 0.309017, -0.5, 0.0, 0.0, 0.0, 0.0, 1.0 ], [ 1.0, 0.0, 0.0, 0.0, 0.0, -1.0, 0.0, 0.0, 0.0, 0.0, -1.0, 0.0, 0.0, 0.0, 0.0, 1.0 ], [ 0.0, 0.0, 1.0, 0.0, -1.0, 0.0, 0.0, 0.0, 0.0, -1.0, 0.0, 0.0, 0.0, 0.0, 0.0, 1.0 ], [ 0.0, 1.0, 0.0, 0.0, 0.0, 0.0, -1.0, 0.0, -1.0, 0.0, 0.0, 0.0, 0.0, 0.0, 0.0, 1.0 ], [ 0.809017, 0.309017, 0.5, 0.0, -0.309017, -0.5, 0.809017, 0.0, 0.5, -0.809017, -0.309017, 0.0, 0.0, 0.0, 0.0, 1.0 ], [ -0.5, 0.809017, 0.309017, 0.0, -0.809017, -0.309017, -0.5, 0.0, -0.309017, -0.5, 0.809017, 0.0, 0.0, 0.0, 0.0, 1.0 ], [ 0.309017, 0.5, -0.809017, 0.0, 0.5, -0.809017, -0.309017, 0.0, -0.809017, -0.309017, -0.5, 0.0, 0.0, 0.0, 0.0, 1.0 ], [ 0.5, 0.809017, 0.309017, 0.0, -0.809017, 0.309017, 0.5, 0.0, 0.309017, -0.5, 0.809017, 0.0, 0.0, 0.0, 0.0, 1.0 ], [ -0.309017, 0.5, -0.809017, 0.0, -0.5, -0.809017, -0.309017, 0.0, -0.809017, 0.309017, 0.5, 0.0, 0.0, 0.0, 0.0, 1.0 ], [ 0.809017, -0.309017, -0.5, 0.0, 0.309017, -0.5, 0.809017, 0.0, -0.5, -0.809017, -0.309017, 0.0, 0.0, 0.0, 0.0, 1.0 ], [ 0.5, 0.809017, -0.309017, 0.0, -0.809017, 0.309017, -0.5, 0.0, -0.309017, 0.5, 0.809017, 0.0, 0.0, 0.0, 0.0, 1.0 ], [ 0.309017, -0.5, -0.809017, 0.0, -0.5, -0.809017, 0.309017, 0.0, -0.809017, 0.309017, -0.5, 0.0, 0.0, 0.0, 0.0, 1.0 ], [ 0.809017, -0.309017, 0.5, 0.0, -0.309017, 0.5, 0.809017, 0.0, -0.5, -0.809017, 0.309017, 0.0, 0.0, 0.0, 0.0, 1.0 ], [ 0.809017, 0.309017, -0.5, 0.0, -0.309017, -0.5, -0.809017, 0.0, -0.5, 0.809017, -0.309017, 0.0, 0.0, 0.0, 0.0, 1.0 ], [ 0.5, -0.809017, 0.309017, 0.0, -0.809017, -0.309017, 0.5, 0.0, -0.309017, -0.5, -0.809017, 0.0, 0.0, 0.0, 0.0, 1.0 ], [ 0.309017, 0.5, 0.809017, 0.0, -0.5, 0.809017, -0.309017, 0.0, -0.809017, -0.309017, 0.5, 0.0, 0.0, 0.0, 0.0, 1.0 ], [ -1.0, 0.0, 0.0, 0.0, 0.0, -1.0, 0.0, 0.0, 0.0, 0.0, 1.0, 0.0, 0.0, 0.0, 0.0, 1.0 ], [ 0.0, 0.0, -1.0, 0.0, -1.0, 0.0, 0.0, 0.0, 0.0, 1.0, 0.0, 0.0, 0.0, 0.0, 0.0, 1.0 ], [ 0.0, -1.0, 0.0, 0.0, 0.0, 0.0, -1.0, 0.0, 1.0, 0.0, 0.0, 0.0, 0.0, 0.0, 0.0, 1.0 ], [ -0.809017, -0.309017, -0.5, 0.0, -0.309017, -0.5, 0.809017, 0.0, -0.5, 0.809017, 0.309017, 0.0, 0.0, 0.0, 0.0, 1.0 ], [ 0.5, -0.809017, -0.309017, 0.0, -0.809017, -0.309017, -0.5, 0.0, 0.309017, 0.5, -0.809017, 0.0, 0.0, 0.0, 0.0, 1.0 ], [ -0.309017, -0.5, 0.809017, 0.0, 0.5, -0.809017, -0.309017, 0.0, 0.809017, 0.309017, 0.5, 0.0, 0.0, 0.0, 0.0, 1.0 ], [ -0.5, -0.809017, -0.309017, 0.0, -0.809017, 0.309017, 0.5, 0.0, -0.309017, 0.5, -0.809017, 0.0, 0.0, 0.0, 0.0, 1.0 ], [ 0.309017, -0.5, 0.809017, 0.0, -0.5, -0.809017, -0.309017, 0.0, 0.809017, -0.309017, -0.5, 0.0, 0.0, 0.0, 0.0, 1.0 ], [ -0.809017, 0.309017, 0.5, 0.0, 0.309017, -0.5, 0.809017, 0.0, 0.5, 0.809017, 0.309017, 0.0, 0.0, 0.0, 0.0, 1.0 ], [ -0.5, -0.809017, 0.309017, 0.0, -0.809017, 0.309017, -0.5, 0.0, 0.309017, -0.5, -0.809017, 0.0, 0.0, 0.0, 0.0, 1.0 ], [ -0.309017, 0.5, 0.809017, 0.0, -0.5, -0.809017, 0.309017, 0.0, 0.809017, -0.309017, 0.5, 0.0, 0.0, 0.0, 0.0, 1.0 ], [ -0.809017, 0.309017, -0.5, 0.0, -0.309017, 0.5, 0.809017, 0.0, 0.5, 0.809017, -0.309017, 0.0, 0.0, 0.0, 0.0, 1.0 ], [ -0.809017, -0.309017, 0.5, 0.0, -0.309017, -0.5, -0.809017, 0.0, 0.5, -0.809017, 0.309017, 0.0, 0.0, 0.0, 0.0, 1.0 ], [ -0.5, 0.809017, -0.309017, 0.0, -0.809017, -0.309017, 0.5, 0.0, 0.309017, 0.5, 0.809017, 0.0, 0.0, 0.0, 0.0, 1.0 ], [ -0.309017, -0.5, -0.809017, 0.0, -0.5, 0.809017, -0.309017, 0.0, 0.809017, 0.309017, -0.5, 0.0, 0.0, 0.0, 0.0, 1.0 ], [ -1.0, 0.0, 0.0, 0.0, 0.0, 1.0, 0.0, 0.0, 0.0, 0.0, -1.0, 0.0, 0.0, 0.0, 0.0, 1.0 ], [ 0.0, 0.0, -1.0, 0.0, 1.0, 0.0, 0.0, 0.0, 0.0, -1.0, 0.0, 0.0, 0.0, 0.0, 0.0, 1.0 ], [ 0.0, -1.0, 0.0, 0.0, 0.0, 0.0, 1.0, 0.0, -1.0, 0.0, 0.0, 0.0, 0.0, 0.0, 0.0, 1.0 ], [ -0.809017, -0.309017, -0.5, 0.0, 0.309017, 0.5, -0.809017, 0.0, 0.5, -0.809017, -0.309017, 0.0, 0.0, 0.0, 0.0, 1.0 ], [ 0.5, -0.809017, -0.309017, 0.0, 0.809017, 0.309017, 0.5, 0.0, -0.309017, -0.5, 0.809017, 0.0, 0.0, 0.0, 0.0, 1.0 ], [ -0.309017, -0.5, 0.809017, 0.0, -0.5, 0.809017, 0.309017, 0.0, -0.809017, -0.309017, -0.5, 0.0, 0.0, 0.0, 0.0, 1.0 ], [ -0.5, -0.809017, -0.309017, 0.0, 0.809017, -0.309017, -0.5, 0.0, 0.309017, -0.5, 0.809017, 0.0, 0.0, 0.0, 0.0, 1.0 ], [ 0.309017, -0.5, 0.809017, 0.0, 0.5, 0.809017, 0.309017, 0.0, -0.809017, 0.309017, 0.5, 0.0, 0.0, 0.0, 0.0, 1.0 ], [ -0.809017, 0.309017, 0.5, 0.0, -0.309017, 0.5, -0.809017, 0.0, -0.5, -0.809017, -0.309017, 0.0, 0.0, 0.0, 0.0, 1.0 ], [ -0.5, -0.809017, 0.309017, 0.0, 0.809017, -0.309017, 0.5, 0.0, -0.309017, 0.5, 0.809017, 0.0, 0.0, 0.0, 0.0, 1.0 ], [ -0.309017, 0.5, 0.809017, 0.0, 0.5, 0.809017, -0.309017, 0.0, -0.809017, 0.309017, -0.5, 0.0, 0.0, 0.0, 0.0, 1.0 ], [ -0.809017, 0.309017, -0.5, 0.0, 0.309017, -0.5, -0.809017, 0.0, -0.5, -0.809017, 0.309017, 0.0, 0.0, 0.0, 0.0, 1.0 ], [ -0.809017, -0.309017, 0.5, 0.0, 0.309017, 0.5, 0.809017, 0.0, -0.5, 0.809017, -0.309017, 0.0, 0.0, 0.0, 0.0, 1.0 ], [ -0.5, 0.809017, -0.309017, 0.0, 0.809017, 0.309017, -0.5, 0.0, -0.309017, -0.5, -0.809017, 0.0, 0.0, 0.0, 0.0, 1.0 ], [ -0.309017, -0.5, -0.809017, 0.0, 0.5, -0.809017, 0.309017, 0.0, -0.809017, -0.309017, 0.5, 0.0, 0.0, 0.0, 0.0, 1.0 ] ],
  "lights" : {
    "ambientColor" : "#292929",
    "backgroundColor" : "#666666",
    "directionalLights" : [ {
      "direction" : {
        "x" : 1.0,
        "y" : -1.0,
        "z" : -1.0
      },
      "color" : "#EBEBE4"
    }, {
      "direction" : {
        "x" : -1.0,
        "y" : 0.0,
        "z" : 0.0
      },
      "color" : "#E4E4EB"
    }, {
      "direction" : {
        "x" : 0.0,
        "y" : 0.0,
        "z" : -1.0
      },
      "color" : "#1E1E1E"
    } ]
  },
  "camera" : {
    "perspective" : false,
    "viewDistance" : 223.38115,
    "nearClipDistance" : 0.55845237,
    "farClipDistance" : 446.76318,
    "lookAtPoint" : {
      "x" : 0.0,
      "y" : 0.0,
      "z" : 0.0
    },
    "fieldOfView" : 0.4426293,
    "lookDirection" : {
      "x" : -0.8848368,
      "y" : -0.35885078,
      "z" : -0.29712227
    },
    "upDirection" : {
      "x" : -0.2686747,
      "y" : -0.12797697,
      "z" : 0.9546848
    },
    "width" : 100.521614,
    "stereo" : false,
    "position" : {
      "x" : 197.65585,
      "y" : 80.1605,
      "z" : 66.37151
    }
  },
  "embedding" : [ 1.0, 0.0, 0.0, 0.0, 0.0, 1.0, 0.0, 0.0, 0.0, 0.0, 1.0, 0.0, 0.0, 0.0, 0.0, 1.0 ],
  "shapes" : [ {
    "id" : "25a45199-a5f9-4fe5-bd0d-5a3507b24aa4",
    "vertices" : [ {
      "x" : 0.309017,
      "y" : -0.309017,
      "z" : -0.309017
    }, {
      "x" : 0.5,
      "y" : 0.0,
      "z" : -0.19098301
    }, {
      "x" : 0.5,
      "y" : 0.0,
      "z" : 0.19098301
    }, {
      "x" : 0.309017,
      "y" : -0.309017,
      "z" : 0.309017
    }, {
      "x" : 0.19098301,
      "y" : -0.5,
      "z" : 0.0
    }, {
      "x" : 0.0,
      "y" : 0.19098301,
      "z" : 0.5
    }, {
      "x" : 0.0,
      "y" : -0.19098301,
      "z" : 0.5
    }, {
      "x" : 0.309017,
      "y" : 0.309017,
      "z" : 0.309017
    }, {
      "x" : -0.309017,
      "y" : -0.309017,
      "z" : 0.309017
    }, {
      "x" : -0.309017,
      "y" : 0.309017,
      "z" : 0.309017
    }, {
      "x" : -0.5,
      "y" : 0.0,
      "z" : 0.19098301
    }, {
      "x" : 0.0,
      "y" : -0.19098301,
      "z" : -0.5
    }, {
      "x" : 0.0,
      "y" : 0.19098301,
      "z" : -0.5
    }, {
      "x" : 0.309017,
      "y" : 0.309017,
      "z" : -0.309017
    }, {
      "x" : -0.309017,
      "y" : -0.309017,
      "z" : -0.309017
    }, {
      "x" : -0.19098301,
      "y" : -0.5,
      "z" : 0.0
    }, {
      "x" : -0.5,
      "y" : 0.0,
      "z" : -0.19098301
    }, {
      "x" : 0.19098301,
      "y" : 0.5,
      "z" : 0.0
    }, {
      "x" : -0.309017,
      "y" : 0.309017,
      "z" : -0.309017
    }, {
      "x" : 0.0,
      "y" : 0.0,
      "z" : 0.0
    }, {
      "x" : -0.19098301,
      "y" : 0.5,
      "z" : 0.0
    } ],
    "faces" : [ {
      "vertices" : [ 12, 18, 20 ]
    }, {
      "vertices" : [ 12, 20, 17 ]
    }, {
      "vertices" : [ 12, 17, 13 ]
    }, {
      "vertices" : [ 3, 6, 8 ]
    }, {
      "vertices" : [ 3, 8, 15 ]
    }, {
      "vertices" : [ 3, 15, 4 ]
    }, {
      "vertices" : [ 0, 11, 12 ]
    }, {
      "vertices" : [ 0, 12, 13 ]
    }, {
      "vertices" : [ 0, 13, 1 ]
    }, {
      "vertices" : [ 5, 9, 10 ]
    }, {
      "vertices" : [ 5, 10, 8 ]
    }, {
      "vertices" : [ 5, 8, 6 ]
    }, {
      "vertices" : [ 2, 7, 5 ]
    }, {
      "vertices" : [ 2, 5, 6 ]
    }, {
      "vertices" : [ 2, 6, 3 ]
    }, {
      "vertices" : [ 11, 14, 16 ]
    }, {
      "vertices" : [ 11, 16, 18 ]
    }, {
      "vertices" : [ 11, 18, 12 ]
    }, {
      "vertices" : [ 1, 13, 17 ]
    }, {
      "vertices" : [ 1, 17, 7 ]
    }, {
      "vertices" : [ 1, 7, 2 ]
    }, {
      "vertices" : [ 9, 20, 18 ]
    }, {
      "vertices" : [ 9, 18, 16 ]
    }, {
      "vertices" : [ 9, 16, 10 ]
    }, {
      "vertices" : [ 0, 1, 2 ]
    }, {
      "vertices" : [ 0, 2, 3 ]
    }, {
      "vertices" : [ 0, 3, 4 ]
    }, {
      "vertices" : [ 5, 7, 17 ]
    }, {
      "vertices" : [ 5, 17, 20 ]
    }, {
      "vertices" : [ 5, 20, 9 ]
    }, {
      "vertices" : [ 0, 4, 15 ]
    }, {
      "vertices" : [ 0, 15, 14 ]
    }, {
      "vertices" : [ 0, 14, 11 ]
    }, {
      "vertices" : [ 8, 10, 16 ]
    }, {
      "vertices" : [ 8, 16, 14 ]
    }, {
      "vertices" : [ 8, 14, 15 ]
    } ]
  }, {
    "id" : "f3abf4dd-475a-49ae-9428-17aedca8e673",
    "vertices" : [ {
      "x" : -0.26666668,
      "y" : 9.312918,
      "z" : 6.357357
    }, {
      "x" : 0.13333334,
      "y" : 9.212917,
      "z" : 6.2573566
    }, {
      "x" : 0.26666668,
      "y" : 0.39528626,
      "z" : 0.49674514
    }, {
      "x" : -0.13333334,
      "y" : 0.49528626,
      "z" : 0.59674513
    }, {
      "x" : 0.26666668,
      "y" : 8.979585,
      "z" : 6.557357
    }, {
      "x" : -0.13333334,
      "y" : 9.079584,
      "z" : 6.6573567
    }, {
      "x" : -0.26666668,
      "y" : 0.7286196,
      "z" : 0.29674512
    }, {
      "x" : 0.13333334,
      "y" : 0.6286196,
      "z" : 0.19674513
    } ],
    "faces" : [ {
      "vertices" : [ 2, 3, 6 ]
    }, {
      "vertices" : [ 2, 6, 7 ]
    }, {
      "vertices" : [ 0, 5, 4 ]
    }, {
      "vertices" : [ 0, 4, 1 ]
    }, {
      "vertices" : [ 2, 4, 5 ]
    }, {
      "vertices" : [ 2, 5, 3 ]
    }, {
      "vertices" : [ 0, 6, 3 ]
    }, {
      "vertices" : [ 0, 3, 5 ]
    }, {
      "vertices" : [ 0, 1, 7 ]
    }, {
      "vertices" : [ 0, 7, 6 ]
    }, {
      "vertices" : [ 1, 4, 2 ]
    }, {
      "vertices" : [ 1, 2, 7 ]
    } ]
  }, {
    "id" : "f6b3647f-2bd3-4835-9986-f41d348fad2c",
    "vertices" : [ {
      "x" : 6.854102,
      "y" : -2.854102,
      "z" : 0.0
    }, {
      "x" : 6.854102,
      "y" : 16.562305,
      "z" : 0.0
    }, {
      "x" : 0.0,
      "y" : 0.0,
      "z" : 0.0
    } ],
    "faces" : [ {
      "vertices" : [ 0, 1, 2 ]
    }, {
      "vertices" : [ 0, 2, 1 ]
    } ]
  }, {
    "id" : "4b35d56d-bee8-44a3-8775-0a46764571df",
    "vertices" : [ {
      "x" : 11.09017,
      "y" : 0.0,
      "z" : -4.236068
    }, {
      "x" : 10.781153,
      "y" : 0.0,
      "z" : -4.118034
    }, {
      "x" : 10.376644,
      "y" : -0.1545085,
      "z" : -3.677051
    }, {
      "x" : 10.185661,
      "y" : -0.1545085,
      "z" : -4.177051
    }, {
      "x" : 0.9045085,
      "y" : -0.1545085,
      "z" : -0.059016995
    }, {
      "x" : 0.809017,
      "y" : 0.309017,
      "z" : -0.309017
    }, {
      "x" : 0.309017,
      "y" : 0.0,
      "z" : -0.11803399
    }, {
      "x" : 10.281153,
      "y" : 0.309017,
      "z" : -3.927051
    }, {
      "x" : 0.7135255,
      "y" : -0.1545085,
      "z" : -0.559017
    } ],
    "faces" : [ {
      "vertices" : [ 2, 4, 8 ]
    }, {
      "vertices" : [ 2, 8, 3 ]
    }, {
      "vertices" : [ 2, 7, 5 ]
    }, {
      "vertices" : [ 2, 5, 4 ]
    }, {
      "vertices" : [ 4, 6, 8 ]
    }, {
      "vertices" : [ 5, 8, 6 ]
    }, {
      "vertices" : [ 1, 2, 3 ]
    }, {
      "vertices" : [ 3, 8, 5 ]
    }, {
      "vertices" : [ 3, 5, 7 ]
    }, {
      "vertices" : [ 1, 7, 2 ]
    }, {
      "vertices" : [ 1, 3, 7 ]
    }, {
      "vertices" : [ 4, 5, 6 ]
    } ]
  }, {
    "id" : "51e83c16-2b8a-48da-918d-a2851c407a2c",
    "vertices" : [ {
      "x" : 9.212917,
      "y" : 0.13333334,
      "z" : 6.2573566
    }, {
      "x" : 9.312918,
      "y" : -0.26666668,
      "z" : 6.357357
    }, {
      "x" : 0.49528626,
      "y" : -0.13333334,
      "z" : 0.59674513
    }, {
      "x" : 0.39528626,
      "y" : 0.26666668,
      "z" : 0.49674514
    }, {
      "x" : 9.079584,
      "y" : -0.13333334,
      "z" : 6.6573567
    }, {
      "x" : 8.979585,
      "y" : 0.26666668,
      "z" : 6.557357
    }, {
      "x" : 0.6286196,
      "y" : 0.13333334,
      "z" : 0.19674513
    }, {
      "x" : 0.7286196,
      "y" : -0.26666668,
      "z" : 0.29674512
    } ],
    "faces" : [ {
      "vertices" : [ 2, 3, 6 ]
    }, {
      "vertices" : [ 2, 6, 7 ]
    }, {
      "vertices" : [ 0, 5, 4 ]
    }, {
      "vertices" : [ 0, 4, 1 ]
    }, {
      "vertices" : [ 2, 4, 5 ]
    }, {
      "vertices" : [ 2, 5, 3 ]
    }, {
      "vertices" : [ 0, 6, 3 ]
    }, {
      "vertices" : [ 0, 3, 5 ]
    }, {
      "vertices" : [ 0, 1, 7 ]
    }, {
      "vertices" : [ 0, 7, 6 ]
    }, {
      "vertices" : [ 1, 4, 2 ]
    }, {
      "vertices" : [ 1, 2, 7 ]
    } ]
  }, {
    "id" : "b44f18d7-cb76-4fbe-ac36-e49c03ad2473",
    "vertices" : [ {
      "x" : 23.416409,
      "y" : -9.708204,
      "z" : 0.0
    }, {
      "x" : 6.854102,
      "y" : -2.854102,
      "z" : 0.0
    }, {
      "x" : 6.854102,
      "y" : -16.562305,
      "z" : 0.0
    } ],
    "faces" : [ {
      "vertices" : [ 0, 1, 2 ]
    }, {
      "vertices" : [ 0, 2, 1 ]
    } ]
  }, {
    "id" : "d2ccce68-aae2-4413-9fdf-d07f13d68a3f",
    "vertices" : [ {
      "x" : 0.0,
      "y" : -9.708204,
      "z" : 20.562305
    }, {
      "x" : -6.854102,
      "y" : -6.854102,
      "z" : 20.562305
    }, {
      "x" : -9.708204,
      "y" : 0.0,
      "z" : 20.562305
    } ],
    "faces" : [ {
      "vertices" : [ 0, 1, 2 ]
    }, {
      "vertices" : [ 0, 2, 1 ]
    } ]
  }, {
    "id" : "5ad253e6-8818-412f-8aa6-527c497ac54a",
    "vertices" : [ {
      "x" : -13.708204,
      "y" : 0.0,
      "z" : -13.708204
    }, {
      "x" : -6.854102,
      "y" : 16.562305,
      "z" : -13.708204
    }, {
      "x" : -16.562305,
      "y" : 6.854102,
      "z" : -13.708204
    } ],
    "faces" : [ {
      "vertices" : [ 0, 1, 2 ]
    }, {
      "vertices" : [ 0, 2, 1 ]
    } ]
  }, {
    "id" : "736610a7-3d1f-43ef-a064-af6fd1b35d82",
    "vertices" : [ {
      "x" : 16.562305,
      "y" : 6.854102,
      "z" : 0.0
    }, {
      "x" : 6.854102,
      "y" : -2.854102,
      "z" : 0.0
    }, {
      "x" : 23.416409,
      "y" : -9.708204,
      "z" : 0.0
    } ],
    "faces" : [ {
      "vertices" : [ 0, 1, 2 ]
    }, {
      "vertices" : [ 0, 2, 1 ]
    } ]
  }, {
    "id" : "0c681987-2929-4c53-a699-467cc612b25b",
    "vertices" : [ {
      "x" : -6.854102,
      "y" : 16.562305,
      "z" : 0.0
    }, {
      "x" : 9.708204,
      "y" : 23.416409,
      "z" : 0.0
    }, {
      "x" : -9.708204,
      "y" : 23.416409,
      "z" : 0.0
    } ],
    "faces" : [ {
      "vertices" : [ 0, 1, 2 ]
    }, {
      "vertices" : [ 0, 2, 1 ]
    } ]
  }, {
    "id" : "fbc0dee4-85f1-4c6c-aaa8-85e135a57c99",
    "vertices" : [ {
      "x" : 9.708204,
      "y" : 0.0,
      "z" : 20.562305
    }, {
      "x" : 6.854102,
      "y" : -6.854102,
      "z" : 20.562305
    }, {
      "x" : 0.0,
      "y" : -9.708204,
      "z" : 20.562305
    } ],
    "faces" : [ {
      "vertices" : [ 0, 1, 2 ]
    }, {
      "vertices" : [ 0, 2, 1 ]
    } ]
  }, {
    "id" : "d2706117-8435-423c-a8ad-327dc5285413",
    "vertices" : [ {
      "x" : -6.854102,
      "y" : 2.854102,
      "z" : 0.0
    }, {
      "x" : -16.562305,
      "y" : -6.854102,
      "z" : 0.0
    }, {
      "x" : -6.854102,
      "y" : -16.562305,
      "z" : 0.0
    } ],
    "faces" : [ {
      "vertices" : [ 0, 1, 2 ]
    }, {
      "vertices" : [ 0, 2, 1 ]
    } ]
  }, {
    "id" : "61d84552-4fa6-4dc7-9740-2eae34b72a0e",
    "vertices" : [ {
      "x" : 6.854102,
      "y" : -16.562305,
      "z" : 0.0
    }, {
      "x" : -6.854102,
      "y" : -16.562305,
      "z" : 0.0
    }, {
      "x" : -9.708204,
      "y" : -23.416409,
      "z" : 0.0
    } ],
    "faces" : [ {
      "vertices" : [ 0, 1, 2 ]
    }, {
      "vertices" : [ 0, 2, 1 ]
    } ]
  }, {
    "id" : "f28649b0-5881-41a6-b57f-db02a7cb5bf6",
    "vertices" : [ {
      "x" : 6.854102,
      "y" : -16.562305,
      "z" : 0.0
    }, {
      "x" : -9.708204,
      "y" : -23.416409,
      "z" : 0.0
    }, {
      "x" : 9.708204,
      "y" : -23.416409,
      "z" : 0.0
    } ],
    "faces" : [ {
      "vertices" : [ 0, 1, 2 ]
    }, {
      "vertices" : [ 0, 2, 1 ]
    } ]
  }, {
    "id" : "14262ac0-3681-4f50-90b2-b94a2f601434",
    "vertices" : [ {
      "x" : 13.708204,
      "y" : 0.0,
      "z" : -13.708204
    }, {
      "x" : 16.562305,
      "y" : 6.854102,
      "z" : -13.708204
    }, {
      "x" : 0.0,
      "y" : 13.708204,
      "z" : -13.708204
    } ],
    "faces" : [ {
      "vertices" : [ 0, 1, 2 ]
    }, {
      "vertices" : [ 0, 2, 1 ]
    } ]
  }, {
    "id" : "9d404fb9-2517-4cb3-bfef-cf71178ae157",
    "vertices" : [ {
      "x" : -6.854102,
      "y" : 16.562305,
      "z" : 0.0
    }, {
      "x" : -9.708204,
      "y" : 23.416409,
      "z" : 0.0
    }, {
      "x" : -23.416409,
      "y" : 9.708204,
      "z" : 0.0
    } ],
    "faces" : [ {
      "vertices" : [ 0, 1, 2 ]
    }, {
      "vertices" : [ 0, 2, 1 ]
    } ]
  }, {
    "id" : "ef6e78e9-2a8a-4c70-b779-a4f6fc5206e5",
    "vertices" : [ {
      "x" : -13.708204,
      "y" : 0.0,
      "z" : -13.708204
    }, {
      "x" : 0.0,
      "y" : 13.708204,
      "z" : -13.708204
    }, {
      "x" : -6.854102,
      "y" : 16.562305,
      "z" : -13.708204
    } ],
    "faces" : [ {
      "vertices" : [ 0, 1, 2 ]
    }, {
      "vertices" : [ 0, 2, 1 ]
    } ]
  }, {
    "id" : "22c6f86e-0db1-42b8-b634-b8b7ce3178e0",
    "vertices" : [ {
      "x" : 0.0,
      "y" : 0.0,
      "z" : -13.708204
    }, {
      "x" : -13.708204,
      "y" : 0.0,
      "z" : -13.708204
    }, {
      "x" : 0.0,
      "y" : -13.708204,
      "z" : -13.708204
    } ],
    "faces" : [ {
      "vertices" : [ 0, 1, 2 ]
    }, {
      "vertices" : [ 0, 2, 1 ]
    } ]
  }, {
    "id" : "197ca403-0270-43e7-ad3e-f1406f5e617b",
    "vertices" : [ {
      "x" : 0.0,
      "y" : 0.0,
      "z" : 0.0
    }, {
      "x" : -6.854102,
      "y" : -16.562305,
      "z" : 0.0
    }, {
      "x" : 6.854102,
      "y" : -16.562305,
      "z" : 0.0
    } ],
    "faces" : [ {
      "vertices" : [ 0, 1, 2 ]
    }, {
      "vertices" : [ 0, 2, 1 ]
    } ]
  }, {
    "id" : "b6521617-3161-4053-bbeb-f1fb88020582",
    "vertices" : [ {
      "x" : 6.854102,
      "y" : 16.562305,
      "z" : -13.708204
    }, {
      "x" : 0.0,
      "y" : 13.708204,
      "z" : -13.708204
    }, {
      "x" : -6.854102,
      "y" : 16.562305,
      "z" : -13.708204
    } ],
    "faces" : [ {
      "vertices" : [ 0, 1, 2 ]
    }, {
      "vertices" : [ 0, 2, 1 ]
    } ]
  }, {
    "id" : "f1440be4-5b38-4e3c-8713-4b6dbd8093f1",
    "vertices" : [ {
      "x" : 9.708204,
      "y" : 0.0,
      "z" : 20.562305
    }, {
      "x" : -9.708204,
      "y" : 0.0,
      "z" : 20.562305
    }, {
      "x" : 0.0,
      "y" : 9.708204,
      "z" : 20.562305
    } ],
    "faces" : [ {
      "vertices" : [ 0, 1, 2 ]
    }, {
      "vertices" : [ 0, 2, 1 ]
    } ]
  }, {
    "id" : "aa105cf3-9742-48cd-a73f-79071916aec0",
    "vertices" : [ {
      "x" : 16.562305,
      "y" : 6.854102,
      "z" : 0.0
    }, {
      "x" : 6.854102,
      "y" : 16.562305,
      "z" : 0.0
    }, {
      "x" : 9.708204,
      "y" : 23.416409,
      "z" : 0.0
    } ],
    "faces" : [ {
      "vertices" : [ 0, 1, 2 ]
    }, {
      "vertices" : [ 0, 2, 1 ]
    } ]
  }, {
    "id" : "014255b1-2483-4df9-a580-611bb4095124",
    "vertices" : [ {
      "x" : 9.708204,
      "y" : 0.0,
      "z" : 20.562305
    }, {
      "x" : 0.0,
      "y" : -9.708204,
      "z" : 20.562305
    }, {
      "x" : -9.708204,
      "y" : 0.0,
      "z" : 20.562305
    } ],
    "faces" : [ {
      "vertices" : [ 0, 1, 2 ]
    }, {
      "vertices" : [ 0, 2, 1 ]
    } ]
  }, {
    "id" : "f16c00d8-6c97-46c8-b4d4-f2e6d6572127",
    "vertices" : [ {
      "x" : -13.708204,
      "y" : 0.0,
      "z" : -13.708204
    }, {
      "x" : -16.562305,
      "y" : -6.854102,
      "z" : -13.708204
    }, {
      "x" : 0.0,
      "y" : -13.708204,
      "z" : -13.708204
    } ],
    "faces" : [ {
      "vertices" : [ 0, 1, 2 ]
    }, {
      "vertices" : [ 0, 2, 1 ]
    } ]
  }, {
    "id" : "6f226525-bb9e-47ab-be34-14ab17446d53",
    "vertices" : [ {
      "x" : -16.562305,
      "y" : -6.854102,
      "z" : 0.0
    }, {
      "x" : -6.854102,
      "y" : 2.854102,
      "z" : 0.0
    }, {
      "x" : -23.416409,
      "y" : 9.708204,
      "z" : 0.0
    } ],
    "faces" : [ {
      "vertices" : [ 0, 1, 2 ]
    }, {
      "vertices" : [ 0, 2, 1 ]
    } ]
  }, {
    "id" : "633fcb43-7647-42ed-b8d2-05323324fbe6",
    "vertices" : [ {
      "x" : 0.0,
      "y" : 0.0,
      "z" : -13.708204
    }, {
      "x" : 13.708204,
      "y" : 0.0,
      "z" : -13.708204
    }, {
      "x" : 0.0,
      "y" : 13.708204,
      "z" : -13.708204
    } ],
    "faces" : [ {
      "vertices" : [ 0, 1, 2 ]
    }, {
      "vertices" : [ 0, 2, 1 ]
    } ]
  }, {
    "id" : "c273c03f-1ad9-4961-a027-7d6140cf53e0",
    "vertices" : [ {
      "x" : -23.416409,
      "y" : 9.708204,
      "z" : 0.0
    }, {
      "x" : -6.854102,
      "y" : 2.854102,
      "z" : 0.0
    }, {
      "x" : -6.854102,
      "y" : 16.562305,
      "z" : 0.0
    } ],
    "faces" : [ {
      "vertices" : [ 0, 1, 2 ]
    }, {
      "vertices" : [ 0, 2, 1 ]
    } ]
  }, {
    "id" : "09873de9-cd56-4e43-a9c3-d42f805b0251",
    "vertices" : [ {
      "x" : -6.854102,
      "y" : 16.562305,
      "z" : 0.0
    }, {
      "x" : 6.854102,
      "y" : 16.562305,
      "z" : 0.0
    }, {
      "x" : 9.708204,
      "y" : 23.416409,
      "z" : 0.0
    } ],
    "faces" : [ {
      "vertices" : [ 0, 1, 2 ]
    }, {
      "vertices" : [ 0, 2, 1 ]
    } ]
  }, {
    "id" : "5383f19f-b7d0-48c5-b8d6-60101db7b802",
    "vertices" : [ {
      "x" : 13.708204,
      "y" : 0.0,
      "z" : -13.708204
    }, {
      "x" : 6.854102,
      "y" : -16.562305,
      "z" : -13.708204
    }, {
      "x" : 16.562305,
      "y" : -6.854102,
      "z" : -13.708204
    } ],
    "faces" : [ {
      "vertices" : [ 0, 1, 2 ]
    }, {
      "vertices" : [ 0, 2, 1 ]
    } ]
  }, {
    "id" : "d9343382-b83f-46fc-8794-0bd863ae2739",
    "vertices" : [ {
      "x" : -9.708204,
      "y" : 0.0,
      "z" : 20.562305
    }, {
      "x" : -6.854102,
      "y" : 6.854102,
      "z" : 20.562305
    }, {
      "x" : 0.0,
      "y" : 9.708204,
      "z" : 20.562305
    } ],
    "faces" : [ {
      "vertices" : [ 0, 1, 2 ]
    }, {
      "vertices" : [ 0, 2, 1 ]
    } ]
  }, {
    "id" : "e7a8be03-5ec5-4b5e-9b9e-30b306347a95",
    "vertices" : [ {
      "x" : 0.0,
      "y" : 13.708204,
      "z" : -13.708204
    }, {
      "x" : 6.854102,
      "y" : 16.562305,
      "z" : -13.708204
    }, {
      "x" : 16.562305,
      "y" : 6.854102,
      "z" : -13.708204
    } ],
    "faces" : [ {
      "vertices" : [ 0, 1, 2 ]
    }, {
      "vertices" : [ 0, 2, 1 ]
    } ]
  }, {
    "id" : "59f1ec4e-0cad-49ad-aa80-e3007c06dacb",
    "vertices" : [ {
      "x" : 16.562305,
      "y" : 6.854102,
      "z" : 0.0
    }, {
      "x" : 23.416409,
      "y" : 9.708204,
      "z" : 0.0
    }, {
      "x" : 9.708204,
      "y" : 23.416409,
      "z" : 0.0
    } ],
    "faces" : [ {
      "vertices" : [ 0, 1, 2 ]
    }, {
      "vertices" : [ 0, 2, 1 ]
    } ]
  }, {
    "id" : "4dc992cc-f90f-4afb-9cc9-819e517e988d",
    "vertices" : [ {
      "x" : -6.854102,
      "y" : -16.562305,
      "z" : -13.708204
    }, {
      "x" : 0.0,
      "y" : -13.708204,
      "z" : -13.708204
    }, {
      "x" : 6.854102,
      "y" : -16.562305,
      "z" : -13.708204
    } ],
    "faces" : [ {
      "vertices" : [ 0, 1, 2 ]
    }, {
      "vertices" : [ 0, 2, 1 ]
    } ]
  }, {
    "id" : "25295fdd-4802-4f39-a9e3-2af5a88e3dd5",
    "vertices" : [ {
      "x" : 13.708204,
      "y" : 0.0,
      "z" : -13.708204
    }, {
      "x" : 0.0,
      "y" : 0.0,
      "z" : -13.708204
    }, {
      "x" : 0.0,
      "y" : -13.708204,
      "z" : -13.708204
    } ],
    "faces" : [ {
      "vertices" : [ 0, 1, 2 ]
    }, {
      "vertices" : [ 0, 2, 1 ]
    } ]
  }, {
    "id" : "2fbbc4b8-fb50-417e-94c9-7eb6f5d0993c",
    "vertices" : [ {
      "x" : -6.854102,
      "y" : 2.854102,
      "z" : 0.0
    }, {
      "x" : -6.854102,
      "y" : -16.562305,
      "z" : 0.0
    }, {
      "x" : 0.0,
      "y" : 0.0,
      "z" : 0.0
    } ],
    "faces" : [ {
      "vertices" : [ 0, 1, 2 ]
    }, {
      "vertices" : [ 0, 2, 1 ]
    } ]
  }, {
    "id" : "f3c90657-eb73-449d-bc1b-3f0f33fcebca",
    "vertices" : [ {
      "x" : -16.562305,
      "y" : -6.854102,
      "z" : 0.0
    }, {
      "x" : -23.416409,
      "y" : 9.708204,
      "z" : 0.0
    }, {
      "x" : -23.416409,
      "y" : -9.708204,
      "z" : 0.0
    } ],
    "faces" : [ {
      "vertices" : [ 0, 1, 2 ]
    }, {
      "vertices" : [ 0, 2, 1 ]
    } ]
  }, {
    "id" : "de6a49d5-7e04-4e76-9d75-d2fe6116977b",
    "vertices" : [ {
      "x" : 0.0,
      "y" : 0.0,
      "z" : 0.0
    }, {
      "x" : 6.854102,
      "y" : 16.562305,
      "z" : 0.0
    }, {
      "x" : -6.854102,
      "y" : 16.562305,
      "z" : 0.0
    } ],
    "faces" : [ {
      "vertices" : [ 0, 1, 2 ]
    }, {
      "vertices" : [ 0, 2, 1 ]
    } ]
  }, {
    "id" : "c1c51218-b0a8-47fe-8345-1bd6b76c2649",
    "vertices" : [ {
      "x" : 13.708204,
      "y" : 0.0,
      "z" : -13.708204
    }, {
      "x" : 16.562305,
      "y" : -6.854102,
      "z" : -13.708204
    }, {
      "x" : 16.562305,
      "y" : 6.854102,
      "z" : -13.708204
    } ],
    "faces" : [ {
      "vertices" : [ 0, 1, 2 ]
    }, {
      "vertices" : [ 0, 2, 1 ]
    } ]
  }, {
    "id" : "a37fb376-2891-4f73-ac28-b243fec310e4",
    "vertices" : [ {
      "x" : -13.708204,
      "y" : 0.0,
      "z" : -13.708204
    }, {
      "x" : 0.0,
      "y" : 0.0,
      "z" : -13.708204
    }, {
      "x" : 0.0,
      "y" : 13.708204,
      "z" : -13.708204
    } ],
    "faces" : [ {
      "vertices" : [ 0, 1, 2 ]
    }, {
      "vertices" : [ 0, 2, 1 ]
    } ]
  }, {
    "id" : "944c2311-02af-4992-860d-2d6c61112e1b",
    "vertices" : [ {
      "x" : -13.708204,
      "y" : 0.0,
      "z" : -13.708204
    }, {
      "x" : -16.562305,
      "y" : 6.854102,
      "z" : -13.708204
    }, {
      "x" : -16.562305,
      "y" : -6.854102,
      "z" : -13.708204
    } ],
    "faces" : [ {
      "vertices" : [ 0, 1, 2 ]
    }, {
      "vertices" : [ 0, 2, 1 ]
    } ]
  }, {
    "id" : "f7032903-3af2-4e6e-a198-f4ff5d105a92",
    "vertices" : [ {
      "x" : 13.708204,
      "y" : 0.0,
      "z" : -13.708204
    }, {
      "x" : 0.0,
      "y" : -13.708204,
      "z" : -13.708204
    }, {
      "x" : 6.854102,
      "y" : -16.562305,
      "z" : -13.708204
    } ],
    "faces" : [ {
      "vertices" : [ 0, 1, 2 ]
    }, {
      "vertices" : [ 0, 2, 1 ]
    } ]
  }, {
    "id" : "2f6d9d8e-65dd-402a-be8c-f03d452511b9",
    "vertices" : [ {
      "x" : 0.0,
      "y" : 0.0,
      "z" : 0.0
    }, {
      "x" : -6.854102,
      "y" : 16.562305,
      "z" : 0.0
    }, {
      "x" : -6.854102,
      "y" : 2.854102,
      "z" : 0.0
    } ],
    "faces" : [ {
      "vertices" : [ 0, 1, 2 ]
    }, {
      "vertices" : [ 0, 2, 1 ]
    } ]
  }, {
    "id" : "f79d0f29-9843-4797-96af-be57f9dc9da7",
    "vertices" : [ {
      "x" : 6.854102,
      "y" : -16.562305,
      "z" : 0.0
    }, {
      "x" : 9.708204,
      "y" : -23.416409,
      "z" : 0.0
    }, {
      "x" : 23.416409,
      "y" : -9.708204,
      "z" : 0.0
    } ],
    "faces" : [ {
      "vertices" : [ 0, 1, 2 ]
    }, {
      "vertices" : [ 0, 2, 1 ]
    } ]
  }, {
    "id" : "f81c55db-a0f9-42a0-8b3b-e7747bffed26",
    "vertices" : [ {
      "x" : -16.562305,
      "y" : -6.854102,
      "z" : 0.0
    }, {
      "x" : -6.854102,
      "y" : -16.562305,
      "z" : 0.0
    }, {
      "x" : -9.708204,
      "y" : -23.416409,
      "z" : 0.0
    } ],
    "faces" : [ {
      "vertices" : [ 0, 1, 2 ]
    }, {
      "vertices" : [ 0, 2, 1 ]
    } ]
  }, {
    "id" : "5cb6cb22-1943-42f7-b4c5-8df9be65a339",
    "vertices" : [ {
      "x" : 6.854102,
      "y" : -2.854102,
      "z" : 0.0
    }, {
      "x" : 16.562305,
      "y" : 6.854102,
      "z" : 0.0
    }, {
      "x" : 6.854102,
      "y" : 16.562305,
      "z" : 0.0
    } ],
    "faces" : [ {
      "vertices" : [ 0, 1, 2 ]
    }, {
      "vertices" : [ 0, 2, 1 ]
    } ]
  }, {
    "id" : "00ec1538-7325-494c-9070-8d14ae822cbe",
    "vertices" : [ {
      "x" : 16.562305,
      "y" : 6.854102,
      "z" : 0.0
    }, {
      "x" : 23.416409,
      "y" : -9.708204,
      "z" : 0.0
    }, {
      "x" : 23.416409,
      "y" : 9.708204,
      "z" : 0.0
    } ],
    "faces" : [ {
      "vertices" : [ 0, 1, 2 ]
    }, {
      "vertices" : [ 0, 2, 1 ]
    } ]
  }, {
    "id" : "433e6a9e-dfe1-4761-85ec-b7cf98f48e0c",
    "vertices" : [ {
      "x" : -16.562305,
      "y" : -6.854102,
      "z" : 0.0
    }, {
      "x" : -23.416409,
      "y" : -9.708204,
      "z" : 0.0
    }, {
      "x" : -9.708204,
      "y" : -23.416409,
      "z" : 0.0
    } ],
    "faces" : [ {
      "vertices" : [ 0, 1, 2 ]
    }, {
      "vertices" : [ 0, 2, 1 ]
    } ]
  }, {
    "id" : "5942a005-e593-4d22-8277-f8157199c23e",
    "vertices" : [ {
      "x" : 0.0,
      "y" : 9.708204,
      "z" : 20.562305
    }, {
      "x" : 6.854102,
      "y" : 6.854102,
      "z" : 20.562305
    }, {
      "x" : 9.708204,
      "y" : 0.0,
      "z" : 20.562305
    } ],
    "faces" : [ {
      "vertices" : [ 0, 1, 2 ]
    }, {
      "vertices" : [ 0, 2, 1 ]
    } ]
  }, {
    "id" : "e84cb1e3-2492-4048-986a-de4e92c0340a",
    "vertices" : [ {
      "x" : 0.0,
      "y" : 0.0,
      "z" : 0.0
    }, {
      "x" : 6.854102,
      "y" : -16.562305,
      "z" : 0.0
    }, {
      "x" : 6.854102,
      "y" : -2.854102,
      "z" : 0.0
    } ],
    "faces" : [ {
      "vertices" : [ 0, 1, 2 ]
    }, {
      "vertices" : [ 0, 2, 1 ]
    } ]
  }, {
    "id" : "622738c7-83e7-46da-b69d-2fd8a6ef70e3",
    "vertices" : [ {
      "x" : 0.0,
      "y" : -13.708204,
      "z" : -13.708204
    }, {
      "x" : -6.854102,
      "y" : -16.562305,
      "z" : -13.708204
    }, {
      "x" : -16.562305,
      "y" : -6.854102,
      "z" : -13.708204
    } ],
    "faces" : [ {
      "vertices" : [ 0, 1, 2 ]
    }, {
      "vertices" : [ 0, 2, 1 ]
    } ]
  } ],
  "instances" : [ {
    "shape" : "25a45199-a5f9-4fe5-bd0d-5a3507b24aa4",
    "color" : "#FFFFFF",
    "position" : {
      "x" : 16.562305,
      "y" : -16.562305,
      "z" : 6.854102
    }
  }, {
    "shape" : "f3abf4dd-475a-49ae-9428-17aedca8e673",
    "color" : "#FFFFFF",
    "position" : {
      "x" : -6.854102,
      "y" : 2.854102,
      "z" : 0.0
    },
    "orientation" : 15
  }, {
    "shape" : "25a45199-a5f9-4fe5-bd0d-5a3507b24aa4",
    "color" : "#FFFFFF",
    "position" : {
      "x" : 0.0,
      "y" : 23.416409,
      "z" : -6.854102
    }
  }, {
    "shape" : "f6b3647f-2bd3-4835-9986-f41d348fad2c",
    "color" : "#7FBACA",
    "position" : {
      "x" : 0.0,
      "y" : 0.0,
      "z" : 0.0
    }
  }, {
    "shape" : "25a45199-a5f9-4fe5-bd0d-5a3507b24aa4",
    "color" : "#FFFFFF",
    "position" : {
      "x" : 23.416409,
      "y" : 0.0,
      "z" : 6.854102
    }
  }, {
    "shape" : "4b35d56d-bee8-44a3-8775-0a46764571df",
    "color" : "#F0A000",
    "position" : {
      "x" : 0.0,
      "y" : 0.0,
      "z" : 0.0
    },
    "orientation" : 3
  }, {
    "shape" : "25a45199-a5f9-4fe5-bd0d-5a3507b24aa4",
    "color" : "#FFFFFF",
    "position" : {
      "x" : -6.854102,
      "y" : 16.562305,
      "z" : 0.0
    }
  }, {
    "shape" : "51e83c16-2b8a-48da-918d-a2851c407a2c",
    "color" : "#FFFFFF",
    "position" : {
      "x" : -13.708204,
      "y" : 9.708204,
      "z" : -6.854102
    },
    "orientation" : 30
  }, {
    "shape" : "25a45199-a5f9-4fe5-bd0d-5a3507b24aa4",
    "color" : "#FFFFFF",
    "position" : {
      "x" : 6.854102,
      "y" : 16.562305,
      "z" : -13.708204
    }
  }, {
    "shape" : "25a45199-a5f9-4fe5-bd0d-5a3507b24aa4",
    "color" : "#FFFFFF",
    "position" : {
      "x" : 0.0,
      "y" : -13.708204,
      "z" : -13.708204
    }
  }, {
    "shape" : "f3abf4dd-475a-49ae-9428-17aedca8e673",
    "color" : "#FFFFFF",
    "position" : {
      "x" : 9.708204,
      "y" : 23.416409,
      "z" : 0.0
    },
    "orientation" : 15
  }, {
    "shape" : "b44f18d7-cb76-4fbe-ac36-e49c03ad2473",
    "color" : "#FF9999",
    "position" : {
      "x" : 0.0,
      "y" : 0.0,
      "z" : 0.0
    }
  }, {
    "shape" : "51e83c16-2b8a-48da-918d-a2851c407a2c",
    "color" : "#FFFFFF",
    "position" : {
      "x" : 6.854102,
      "y" : -2.854102,
      "z" : 0.0
    },
    "orientation" : 0
  }, {
    "shape" : "4b35d56d-bee8-44a3-8775-0a46764571df",
    "color" : "#F0A000",
    "position" : {
      "x" : -6.854102,
      "y" : 16.562305,
      "z" : 0.0
    },
    "orientation" : 19
  }, {
    "shape" : "25a45199-a5f9-4fe5-bd0d-5a3507b24aa4",
    "color" : "#FFFFFF",
    "position" : {
      "x" : -9.708204,
      "y" : -23.416409,
      "z" : 0.0
    }
  }, {
    "shape" : "4b35d56d-bee8-44a3-8775-0a46764571df",
    "color" : "#F0A000",
    "position" : {
      "x" : 0.0,
      "y" : 13.708204,
      "z" : -13.708204
    },
    "orientation" : 5
  }, {
    "shape" : "d2ccce68-aae2-4413-9fdf-d07f13d68a3f",
    "color" : "#FF9999",
    "position" : {
      "x" : 0.0,
      "y" : 0.0,
      "z" : 0.0
    }
  }, {
    "shape" : "25a45199-a5f9-4fe5-bd0d-5a3507b24aa4",
    "color" : "#FFFFFF",
    "position" : {
      "x" : -9.708204,
      "y" : -9.708204,
      "z" : 13.708204
    }
  }, {
    "shape" : "51e83c16-2b8a-48da-918d-a2851c407a2c",
    "color" : "#FFFFFF",
    "position" : {
      "x" : -6.854102,
      "y" : 16.562305,
      "z" : 13.708204
    },
    "orientation" : 45
  }, {
    "shape" : "5ad253e6-8818-412f-8aa6-527c497ac54a",
    "color" : "#7FBACA",
    "position" : {
      "x" : 0.0,
      "y" : 0.0,
      "z" : 0.0
    }
  }, {
    "shape" : "4b35d56d-bee8-44a3-8775-0a46764571df",
    "color" : "#F0A000",
    "position" : {
      "x" : -6.854102,
      "y" : 6.854102,
      "z" : -6.854102
    },
    "orientation" : 5
  }, {
    "shape" : "4b35d56d-bee8-44a3-8775-0a46764571df",
    "color" : "#F0A000",
    "position" : {
      "x" : 0.0,
      "y" : 23.416409,
      "z" : 6.854102
    },
    "orientation" : 39
  }, {
    "shape" : "51e83c16-2b8a-48da-918d-a2851c407a2c",
    "color" : "#FFFFFF",
    "position" : {
      "x" : -9.708204,
      "y" : -23.416409,
      "z" : 0.0
    },
    "orientation" : 0
  }, {
    "shape" : "25a45199-a5f9-4fe5-bd0d-5a3507b24aa4",
    "color" : "#FFFFFF",
    "position" : {
      "x" : -6.854102,
      "y" : -6.854102,
      "z" : 6.854102
    }
  }, {
    "shape" : "f3abf4dd-475a-49ae-9428-17aedca8e673",
    "color" : "#FFFFFF",
    "position" : {
      "x" : 9.708204,
      "y" : 0.0,
      "z" : 20.562305
    },
    "orientation" : 15
  }, {
    "shape" : "25a45199-a5f9-4fe5-bd0d-5a3507b24aa4",
    "color" : "#FFFFFF",
    "position" : {
      "x" : 6.854102,
      "y" : 6.854102,
      "z" : -20.562305
    }
  }, {
    "shape" : "25a45199-a5f9-4fe5-bd0d-5a3507b24aa4",
    "color" : "#FFFFFF",
    "position" : {
      "x" : 0.0,
      "y" : -9.708204,
      "z" : 20.562305
    }
  }, {
    "shape" : "736610a7-3d1f-43ef-a064-af6fd1b35d82",
    "color" : "#7FBACA",
    "position" : {
      "x" : 0.0,
      "y" : 0.0,
      "z" : 0.0
    }
  }, {
    "shape" : "25a45199-a5f9-4fe5-bd0d-5a3507b24aa4",
    "color" : "#FFFFFF",
    "position" : {
      "x" : -6.854102,
      "y" : 16.562305,
      "z" : 13.708204
    }
  }, {
    "shape" : "f3abf4dd-475a-49ae-9428-17aedca8e673",
    "color" : "#FFFFFF",
    "position" : {
      "x" : -9.708204,
      "y" : -9.708204,
      "z" : 13.708204
    },
    "orientation" : 0
  }, {
    "shape" : "f3abf4dd-475a-49ae-9428-17aedca8e673",
    "color" : "#FFFFFF",
    "position" : {
      "x" : 0.0,
      "y" : -23.416409,
      "z" : -6.854102
    },
    "orientation" : 45
  }, {
    "shape" : "25a45199-a5f9-4fe5-bd0d-5a3507b24aa4",
    "color" : "#FFFFFF",
    "position" : {
      "x" : -16.562305,
      "y" : -6.854102,
      "z" : -13.708204
    }
  }, {
    "shape" : "4b35d56d-bee8-44a3-8775-0a46764571df",
    "color" : "#F0A000",
    "position" : {
      "x" : -6.854102,
      "y" : 16.562305,
      "z" : 0.0
    },
    "orientation" : 3
  }, {
    "shape" : "51e83c16-2b8a-48da-918d-a2851c407a2c",
    "color" : "#FFFFFF",
    "position" : {
      "x" : 0.0,
      "y" : 9.708204,
      "z" : 6.854102
    },
    "orientation" : 30
  }, {
    "shape" : "0c681987-2929-4c53-a699-467cc612b25b",
    "color" : "#FF9999",
    "position" : {
      "x" : 0.0,
      "y" : 0.0,
      "z" : 0.0
    }
  }, {
    "shape" : "4b35d56d-bee8-44a3-8775-0a46764571df",
    "color" : "#F0A000",
    "position" : {
      "x" : 6.854102,
      "y" : 16.562305,
      "z" : -13.708204
    },
    "orientation" : 19
  }, {
    "shape" : "4b35d56d-bee8-44a3-8775-0a46764571df",
    "color" : "#F0A000",
    "position" : {
      "x" : 16.562305,
      "y" : -16.562305,
      "z" : 6.854102
    },
    "orientation" : 4
  }, {
    "shape" : "51e83c16-2b8a-48da-918d-a2851c407a2c",
    "color" : "#FFFFFF",
    "position" : {
      "x" : 9.708204,
      "y" : 9.708204,
      "z" : 13.708204
    },
    "orientation" : 45
  }, {
    "shape" : "4b35d56d-bee8-44a3-8775-0a46764571df",
    "color" : "#F0A000",
    "position" : {
      "x" : 6.854102,
      "y" : -16.562305,
      "z" : 0.0
    },
    "orientation" : 3
  }, {
    "shape" : "fbc0dee4-85f1-4c6c-aaa8-85e135a57c99",
