{
  "field" : "golden",
  "symmetry" : "icosahedral",
  "orientations" : [ [ 1.0, 0.0, 0.0, 0.0, 0.0, 1.0, 0.0, 0.0, 0.0, 0.0, 1.0, 0.0, 0.0, 0.0, 0.0, 1.0 ], [ 0.0, 0.0, 1.0, 0.0, 1.0, 0.0, 0.0, 0.0, 0.0, 1.0, 0.0, 0.0, 0.0, 0.0, 0.0, 1.0 ], [ 0.0, 1.0, 0.0, 0.0, 0.0, 0.0, 1.0, 0.0, 1.0, 0.0, 0.0, 0.0, 0.0, 0.0, 0.0, 1.0 ], [ 0.809017, 0.309017, 0.5, 0.0, 0.309017, 0.5, -0.809017, 0.0, -0.5, 0.809017, 0.309017, 0.0, 0.0, 0.0, 0.0, 1.0 ], [ -0.5, 0.809017, 0.309017, 0.0, 0.809017, 0.309017, 0.5, 0.0, 0.309017, 0.5, -0.809017, 0.0, 0.0, 0.0, 0.0, 1.0 ], [ 0.309017, 0.5, -0.809017, 0.0, -0.5, 0.809017, 0.309017, 0.0, 0.809017, 0.309017, 0.5, 0.0, 0.0, 0.0, 0.0, 1.0 ], [ 0.5, 0.809017, 0.309017, 0.0, 0.809017, -0.309017, -0.5, 0.0, -0.309017, 0.5, -0.809017, 0.0, 0.0, 0.0, 0.0, 1.0 ], [ -0.309017, 0.5, -0.809017, 0.0, 0.5, 0.809017, 0.309017, 0.0, 0.809017, -0.309017, -0.5, 0.0, 0.0, 0.0, 0.0, 1.0 ], [ 0.809017, -0.309017, -0.5, 0.0, -0.309017, 0.5, -0.809017, 0.0, 0.5, 0.809017, 0.309017, 0.0, 0.0, 0.0, 0.0, 1.0 ], [ 0.5, 0.809017, -0.309017, 0.0, 0.809017, -0.309017, 0.5, 0.0, 0.309017, -0.5, -0.809017, 0.0, 0.0, 0.0, 0.0, 1.0 ], [ 0.309017, -0.5, -0.809017, 0.0, 0.5, 0.809017, -0.309017, 0.0, 0.809017, -0.309017, 0.5, 0.0, 0.0, 0.0, 0.0, 1.0 ], [ 0.809017, -0.309017, 0.5, 0.0, 0.309017, -0.5, -0.809017, 0.0, 0.5, 0.809017, -0.309017, 0.0, 0.0, 0.0, 0.0, 1.0 ], [ 0.809017, 0.309017, -0.5, 0.0, 0.309017, 0.5, 0.809017, 0.0, 0.5, -0.809017, 0.309017, 0.0, 0.0, 0.0, 0.0, 1.0 ], [ 0.5, -0.809017, 0.309017, 0.0, 0.809017, 0.309017, -0.5, 0.0, 0.309017, 0.5, 0.809017, 0.0, 0.0, 0.0, 0.0, 1.0 ], [ 0.309017, 0.5, 0.809017, 0.0, 0.5, -0.809017, 0.309017, 0.0, 0.809017, 0.309017, -0.5, 0.0, 0.0, 0.0, 0.0, 1.0 ], [ 1.0, 0.0, 0.0, 0.0, 0.0, -1.0, 0.0, 0.0, 0.0, 0.0, -1.0, 0.0, 0.0, 0.0, 0.0, 1.0 ], [ 0.0, 0.0, 1.0, 0.0, -1.0, 0.0, 0.0, 0.0, 0.0, -1.0, 0.0, 0.0, 0.0, 0.0, 0.0, 1.0 ], [ 0.0, 1.0, 0.0, 0.0, 0.0, 0.0, -1.0, 0.0, -1.0, 0.0, 0.0, 0.0, 0.0, 0.0, 0.0, 1.0 ], [ 0.809017, 0.309017, 0.5, 0.0, -0.309017, -0.5, 0.809017, 0.0, 0.5, -0.809017, -0.309017, 0.0, 0.0, 0.0, 0.0, 1.0 ], [ -0.5, 0.809017, 0.309017, 0.0, -0.809017, -0.309017, -0.5, 0.0, -0.309017, -0.5, 0.809017, 0.0, 0.0, 0.0, 0.0, 1.0 ], [ 0.309017, 0.5, -0.809017, 0.0, 0.5, -0.809017, -0.309017, 0.0, -0.809017, -0.309017, -0.5, 0.0, 0.0, 0.0, 0.0, 1.0 ], [ 0.5, 0.809017, 0.309017, 0.0, -0.809017, 0.309017, 0.5, 0.0, 0.309017, -0.5, 0.809017, 0.0, 0.0, 0.0, 0.0, 1.0 ], [ -0.309017, 0.5, -0.809017, 0.0, -0.5, -0.809017, -0.309017, 0.0, -0.809017, 0.309017, 0.5, 0.0, 0.0, 0.0, 0.0, 1.0 ], [ 0.809017, -0.309017, -0.5, 0.0, 0.309017, -0.5, 0.809017, 0.0, -0.5, -0.809017, -0.309017, 0.0, 0.0, 0.0, 0.0, 1.0 ], [ 0.5, 0.809017, -0.309017, 0.0, -0.809017, 0.309017, -0.5, 0.0, -0.309017, 0.5, 0.809017, 0.0, 0.0, 0.0, 0.0, 1.0 ], [ 0.309017, -0.5, -0.809017, 0.0, -0.5, -0.809017, 0.309017, 0.0, -0.809017, 0.309017, -0.5, 0.0, 0.0, 0.0, 0.0, 1.0 ], [ 0.809017, -0.309017, 0.5, 0.0, -0.309017, 0.5, 0.809017, 0.0, -0.5, -0.809017, 0.309017, 0.0, 0.0, 0.0, 0.0, 1.0 ], [ 0.809017, 0.309017, -0.5, 0.0, -0.309017, -0.5, -0.809017, 0.0, -0.5, 0.809017, -0.309017, 0.0, 0.0, 0.0, 0.0, 1.0 ], [ 0.5, -0.809017, 0.309017, 0.0, -0.809017, -0.309017, 0.5, 0.0, -0.309017, -0.5, -0.809017, 0.0, 0.0, 0.0, 0.0, 1.0 ], [ 0.309017, 0.5, 0.809017, 0.0, -0.5, 0.809017, -0.309017, 0.0, -0.809017, -0.309017, 0.5, 0.0, 0.0, 0.0, 0.0, 1.0 ], [ -1.0, 0.0, 0.0, 0.0, 0.0, -1.0, 0.0, 0.0, 0.0, 0.0, 1.0, 0.0, 0.0, 0.0, 0.0, 1.0 ], [ 0.0, 0.0, -1.0, 0.0, -1.0, 0.0, 0.0, 0.0, 0.0, 1.0, 0.0, 0.0, 0.0, 0.0, 0.0, 1.0 ], [ 0.0, -1.0, 0.0, 0.0, 0.0, 0.0, -1.0, 0.0, 1.0, 0.0, 0.0, 0.0, 0.0, 0.0, 0.0, 1.0 ], [ -0.809017, -0.309017, -0.5, 0.0, -0.309017, -0.5, 0.809017, 0.0, -0.5, 0.809017, 0.309017, 0.0, 0.0, 0.0, 0.0, 1.0 ], [ 0.5, -0.809017, -0.309017, 0.0, -0.809017, -0.309017, -0.5, 0.0, 0.309017, 0.5, -0.809017, 0.0, 0.0, 0.0, 0.0, 1.0 ], [ -0.309017, -0.5, 0.809017, 0.0, 0.5, -0.809017, -0.309017, 0.0, 0.809017, 0.309017, 0.5, 0.0, 0.0, 0.0, 0.0, 1.0 ], [ -0.5, -0.809017, -0.309017, 0.0, -0.809017, 0.309017, 0.5, 0.0, -0.309017, 0.5, -0.809017, 0.0, 0.0, 0.0, 0.0, 1.0 ], [ 0.309017, -0.5, 0.809017, 0.0, -0.5, -0.809017, -0.309017, 0.0, 0.809017, -0.309017, -0.5, 0.0, 0.0, 0.0, 0.0, 1.0 ], [ -0.809017, 0.309017, 0.5, 0.0, 0.309017, -0.5, 0.809017, 0.0, 0.5, 0.809017, 0.309017, 0.0, 0.0, 0.0, 0.0, 1.0 ], [ -0.5, -0.809017, 0.309017, 0.0, -0.809017, 0.309017, -0.5, 0.0, 0.309017, -0.5, -0.809017, 0.0, 0.0, 0.0, 0.0, 1.0 ], [ -0.309017, 0.5, 0.809017, 0.0, -0.5, -0.809017, 0.309017, 0.0, 0.809017, -0.309017, 0.5, 0.0, 0.0, 0.0, 0.0, 1.0 ], [ -0.809017, 0.309017, -0.5, 0.0, -0.309017, 0.5, 0.809017, 0.0, 0.5, 0.809017, -0.309017, 0.0, 0.0, 0.0, 0.0, 1.0 ], [ -0.809017, -0.309017, 0.5, 0.0, -0.309017, -0.5, -0.809017, 0.0, 0.5, -0.809017, 0.309017, 0.0, 0.0, 0.0, 0.0, 1.0 ], [ -0.5, 0.809017, -0.309017, 0.0, -0.809017, -0.309017, 0.5, 0.0, 0.309017, 0.5, 0.809017, 0.0, 0.0, 0.0, 0.0, 1.0 ], [ -0.309017, -0.5, -0.809017, 0.0, -0.5, 0.809017, -0.309017, 0.0, 0.809017, 0.309017, -0.5, 0.0, 0.0, 0.0, 0.0, 1.0 ], [ -1.0, 0.0, 0.0, 0.0, 0.0, 1.0, 0.0, 0.0, 0.0, 0.0, -1.0, 0.0, 0.0, 0.0, 0.0, 1.0 ], [ 0.0, 0.0, -1.0, 0.0, 1.0, 0.0, 0.0, 0.0, 0.0, -1.0, 0.0, 0.0, 0.0, 0.0, 0.0, 1.0 ], [ 0.0, -1.0, 0.0, 0.0, 0.0, 0.0, 1.0, 0.0, -1.0, 0.0, 0.0, 0.0, 0.0, 0.0, 0.0, 1.0 ], [ -0.809017, -0.309017, -0.5, 0.0, 0.309017, 0.5, -0.809017, 0.0, 0.5, -0.809017, -0.309017, 0.0, 0.0, 0.0, 0.0, 1.0 ], [ 0.5, -0.809017, -0.309017, 0.0, 0.809017, 0.309017, 0.5, 0.0, -0.309017, -0.5, 0.809017, 0.0, 0.0, 0.0, 0.0, 1.0 ], [ -0.309017, -0.5, 0.809017, 0.0, -0.5, 0.809017, 0.309017, 0.0, -0.809017, -0.309017, -0.5, 0.0, 0.0, 0.0, 0.0, 1.0 ], [ -0.5, -0.809017, -0.309017, 0.0, 0.809017, -0.309017, -0.5, 0.0, 0.309017, -0.5, 0.809017, 0.0, 0.0, 0.0, 0.0, 1.0 ], [ 0.309017, -0.5, 0.809017, 0.0, 0.5, 0.809017, 0.309017, 0.0, -0.809017, 0.309017, 0.5, 0.0, 0.0, 0.0, 0.0, 1.0 ], [ -0.809017, 0.309017, 0.5, 0.0, -0.309017, 0.5, -0.809017, 0.0, -0.5, -0.809017, -0.309017, 0.0, 0.0, 0.0, 0.0, 1.0 ], [ -0.5, -0.809017, 0.309017, 0.0, 0.809017, -0.309017, 0.5, 0.0, -0.309017, 0.5, 0.809017, 0.0, 0.0, 0.0, 0.0, 1.0 ], [ -0.309017, 0.5, 0.809017, 0.0, 0.5, 0.809017, -0.309017, 0.0, -0.809017, 0.309017, -0.5, 0.0, 0.0, 0.0, 0.0, 1.0 ], [ -0.809017, 0.309017, -0.5, 0.0, 0.309017, -0.5, -0.809017, 0.0, -0.5, -0.809017, 0.309017, 0.0, 0.0, 0.0, 0.0, 1.0 ], [ -0.809017, -0.309017, 0.5, 0.0, 0.309017, 0.5, 0.809017, 0.0, -0.5, 0.809017, -0.309017, 0.0, 0.0, 0.0, 0.0, 1.0 ], [ -0.5, 0.809017, -0.309017, 0.0, 0.809017, 0.309017, -0.5, 0.0, -0.309017, -0.5, -0.809017, 0.0, 0.0, 0.0, 0.0, 1.0 ], [ -0.309017, -0.5, -0.809017, 0.0, 0.5, -0.809017, 0.309017, 0.0, -0.809017, -0.309017, 0.5, 0.0, 0.0, 0.0, 0.0, 1.0 ] ],
  "lights" : {
    "backgroundColor" : "#AFC8DC",
    "ambientColor" : "#292929",
    "directionalLights" : [ {
      "direction" : {
        "x" : 1.0,
        "y" : -1.0,
        "z" : -1.0
      },
      "color" : "#EBEBE4"
    }, {
      "direction" : {
        "x" : -1.0,
        "y" : 0.0,
        "z" : 0.0
      },
      "color" : "#E4E4EB"
    }, {
      "direction" : {
        "x" : 0.0,
        "y" : 0.0,
        "z" : -1.0
      },
      "color" : "#1E1E1E"
    } ]
  },
  "camera" : {
    "viewDistance" : 267.43576,
    "nearClipDistance" : 0.66859,
    "farClipDistance" : 534.87286,
    "lookAtPoint" : {
      "x" : 0.0,
      "y" : 0.0,
      "z" : 0.0
    },
    "fieldOfView" : 0.44262937,
    "perspective" : false,
    "lookDirection" : {
      "x" : 0.63882107,
      "y" : 0.548814,
      "z" : 0.53917885
    },
    "upDirection" : {
      "x" : 0.74497336,
      "y" : -0.2662514,
      "z" : -0.6116505
    },
    "width" : 120.34622,
    "stereo" : false,
    "position" : {
      "x" : -170.8436,
      "y" : -146.77249,
      "z" : -144.19571
    }
  },
  "embedding" : [ 1.0, 0.0, 0.0, 0.0, 0.0, 1.0, 0.0, 0.0, 0.0, 0.0, 1.0, 0.0, 0.0, 0.0, 0.0, 1.0 ],
  "shapes" : [ {
    "id" : "05d074ce-f4ae-4a87-9497-f0453a6a870c",
    "vertices" : [ {
      "x" : 10.781153,
      "y" : 4.118034,
      "z" : -1.572949
    }, {
      "x" : 10.399187,
      "y" : 3.663119,
      "z" : -1.381966
    }, {
      "x" : 10.236068,
      "y" : 3.927051,
      "z" : -1.809017
    }, {
      "x" : 10.163119,
      "y" : 4.190983,
      "z" : -1.618034
    }, {
      "x" : 0.85410196,
      "y" : 0.309017,
      "z" : 0.19098301
    }, {
      "x" : 0.690983,
      "y" : 0.572949,
      "z" : -0.23606798
    }, {
      "x" : 0.309017,
      "y" : 0.11803399,
      "z" : -0.045084972
    }, {
      "x" : 0.76393205,
      "y" : 0.309017,
      "z" : -0.42705098
    }, {
      "x" : 0.927051,
      "y" : 0.045084972,
      "z" : 0.0
    }, {
      "x" : 10.326238,
      "y" : 3.927051,
      "z" : -1.190983
    }, {
      "x" : 11.09017,
      "y" : 4.236068,
      "z" : -1.618034
    } ],
    "faces" : [ {
      "vertices" : [ 2, 7, 5 ]
    }, {
      "vertices" : [ 2, 5, 3 ]
    }, {
      "vertices" : [ 1, 8, 7 ]
    }, {
      "vertices" : [ 1, 7, 2 ]
    }, {
      "vertices" : [ 4, 6, 8 ]
    }, {
      "vertices" : [ 5, 7, 6 ]
    }, {
      "vertices" : [ 0, 1, 2 ]
    }, {
      "vertices" : [ 0, 2, 3 ]
    }, {
      "vertices" : [ 6, 7, 8 ]
    }, {
      "vertices" : [ 3, 5, 4 ]
    }, {
      "vertices" : [ 3, 4, 9 ]
    }, {
      "vertices" : [ 1, 9, 4 ]
    }, {
      "vertices" : [ 1, 4, 8 ]
    }, {
      "vertices" : [ 0, 9, 1 ]
    }, {
      "vertices" : [ 0, 3, 9 ]
    }, {
      "vertices" : [ 4, 5, 6 ]
    } ]
  }, {
    "id" : "4f9b432b-fd82-4320-9724-b139e21aa981",
    "vertices" : [ {
      "x" : 4.236068,
      "y" : -26.416409,
      "z" : 4.236068
    }, {
      "x" : -4.236068,
      "y" : -26.416409,
      "z" : -4.236068
    }, {
      "x" : -8.472136,
      "y" : -24.798374,
      "z" : 6.854102
    }, {
      "x" : 0.0,
      "y" : -24.798374,
      "z" : 15.326238
    } ],
    "faces" : [ {
      "vertices" : [ 0, 1, 2 ]
    }, {
      "vertices" : [ 0, 2, 3 ]
    }, {
      "vertices" : [ 0, 3, 2 ]
    }, {
      "vertices" : [ 0, 2, 1 ]
    } ]
  }, {
    "id" : "083a8b24-0042-4f9a-b801-2c482971ed78",
    "vertices" : [ {
      "x" : -2.618034,
      "y" : 40.12461,
      "z" : -23.798374
    }, {
      "x" : -9.472136,
      "y" : 34.27051,
      "z" : -24.798374
    }, {
      "x" : -6.854102,
      "y" : 24.798374,
      "z" : -31.652475
    }, {
      "x" : 0.0,
      "y" : 30.652475,
      "z" : -30.652475
    } ],
    "faces" : [ {
      "vertices" : [ 0, 1, 2 ]
    }, {
      "vertices" : [ 0, 2, 3 ]
    }, {
      "vertices" : [ 0, 3, 2 ]
    }, {
      "vertices" : [ 0, 2, 1 ]
    } ]
  }, {
    "id" : "5509295f-5135-4105-a0a5-33e27164d6e8",
    "vertices" : [ {
      "x" : 0.809017,
      "y" : 0.618034,
      "z" : -0.19098301
    }, {
      "x" : 0.809017,
      "y" : 0.0,
      "z" : -0.19098301
    }, {
      "x" : 0.309017,
      "y" : 0.11803399,
      "z" : 0.0
    }, {
      "x" : 7.663119,
      "y" : 3.236068,
      "z" : 0.19098301
    }, {
      "x" : 0.809017,
      "y" : 0.618034,
      "z" : 0.19098301
    }, {
      "x" : 0.809017,
      "y" : 0.0,
      "z" : 0.19098301
    }, {
      "x" : 7.663119,
      "y" : 2.618034,
      "z" : 0.19098301
    }, {
      "x" : 8.163119,
      "y" : 3.118034,
      "z" : 0.0
    }, {
      "x" : 7.663119,
      "y" : 3.236068,
      "z" : -0.19098301
    }, {
      "x" : 8.472136,
      "y" : 3.236068,
      "z" : 0.0
    }, {
      "x" : 7.663119,
      "y" : 2.618034,
      "z" : -0.19098301
    } ],
    "faces" : [ {
      "vertices" : [ 3, 6, 7 ]
    }, {
      "vertices" : [ 3, 4, 5 ]
    }, {
      "vertices" : [ 3, 5, 6 ]
    }, {
      "vertices" : [ 3, 7, 8 ]
    }, {
      "vertices" : [ 0, 1, 2 ]
    }, {
      "vertices" : [ 0, 8, 10 ]
    }, {
      "vertices" : [ 0, 10, 1 ]
    }, {
      "vertices" : [ 1, 10, 6 ]
    }, {
      "vertices" : [ 1, 6, 5 ]
    }, {
      "vertices" : [ 0, 2, 4 ]
    }, {
      "vertices" : [ 6, 10, 7 ]
    }, {
      "vertices" : [ 1, 5, 2 ]
    }, {
      "vertices" : [ 7, 10, 8 ]
    }, {
      "vertices" : [ 2, 5, 4 ]
    }, {
      "vertices" : [ 0, 4, 3 ]
    }, {
      "vertices" : [ 0, 3, 8 ]
    } ]
  }, {
    "id" : "cc256679-f837-4b6d-9227-6eb923a26c2c",
    "vertices" : [ {
      "x" : 9.472136,
      "y" : -9.472136,
      "z" : 9.472136
    }, {
      "x" : 11.09017,
      "y" : -20.562305,
      "z" : 13.708204
    }, {
      "x" : 20.562305,
      "y" : -13.708204,
      "z" : 11.09017
    } ],
    "faces" : [ {
      "vertices" : [ 0, 1, 2 ]
    }, {
      "vertices" : [ 0, 2, 1 ]
    } ]
  }, {
    "id" : "64bdf9eb-dc9d-4c2d-8405-e95fd1cc5c12",
    "vertices" : [ {
      "x" : 0.0,
      "y" : -5.854102,
      "z" : -15.326238
    }, {
      "x" : -4.236068,
      "y" : -4.236068,
      "z" : -26.416409
    }, {
      "x" : 6.854102,
      "y" : -8.472136,
      "z" : -24.798374
    } ],
    "faces" : [ {
      "vertices" : [ 0, 1, 2 ]
    }, {
      "vertices" : [ 0, 2, 1 ]
    } ]
  }, {
    "id" : "7e2ce8ab-85d8-4292-b097-7e661717b764",
    "vertices" : [ {
      "x" : 2.618034,
      "y" : 40.12461,
      "z" : -37.506577
    }, {
      "x" : 0.0,
      "y" : 49.59675,
      "z" : -30.652475
    }, {
      "x" : -9.472136,
      "y" : 42.742645,
      "z" : -33.27051
    }, {
      "x" : -6.854102,
      "y" : 33.27051,
      "z" : -40.12461
    } ],
    "faces" : [ {
      "vertices" : [ 0, 1, 2 ]
    }, {
      "vertices" : [ 0, 2, 3 ]
    }, {
      "vertices" : [ 0, 3, 2 ]
    }, {
      "vertices" : [ 0, 2, 1 ]
    } ]
  }, {
    "id" : "a24c560e-c8ff-4700-b1b1-d963584daa07",
    "vertices" : [ {
      "x" : 0.309017,
      "y" : -0.309017,
      "z" : -0.309017
    }, {
      "x" : 0.5,
      "y" : 0.0,
      "z" : -0.19098301
    }, {
      "x" : 0.5,
      "y" : 0.0,
      "z" : 0.19098301
    }, {
      "x" : 0.309017,
      "y" : -0.309017,
      "z" : 0.309017
    }, {
      "x" : 0.19098301,
      "y" : -0.5,
      "z" : 0.0
    }, {
      "x" : 0.0,
      "y" : 0.19098301,
      "z" : 0.5
    }, {
      "x" : 0.0,
      "y" : -0.19098301,
      "z" : 0.5
    }, {
      "x" : 0.309017,
      "y" : 0.309017,
      "z" : 0.309017
    }, {
      "x" : -0.309017,
      "y" : -0.309017,
      "z" : 0.309017
    }, {
      "x" : -0.309017,
      "y" : 0.309017,
      "z" : 0.309017
    }, {
      "x" : -0.5,
      "y" : 0.0,
      "z" : 0.19098301
    }, {
      "x" : 0.0,
      "y" : -0.19098301,
      "z" : -0.5
    }, {
      "x" : 0.0,
      "y" : 0.19098301,
      "z" : -0.5
    }, {
      "x" : 0.309017,
      "y" : 0.309017,
      "z" : -0.309017
    }, {
      "x" : -0.309017,
      "y" : -0.309017,
      "z" : -0.309017
    }, {
      "x" : -0.19098301,
      "y" : -0.5,
      "z" : 0.0
    }, {
      "x" : -0.5,
      "y" : 0.0,
      "z" : -0.19098301
    }, {
      "x" : 0.19098301,
      "y" : 0.5,
      "z" : 0.0
    }, {
      "x" : -0.309017,
      "y" : 0.309017,
      "z" : -0.309017
    }, {
      "x" : 0.0,
      "y" : 0.0,
      "z" : 0.0
    }, {
      "x" : -0.19098301,
      "y" : 0.5,
      "z" : 0.0
    } ],
    "faces" : [ {
      "vertices" : [ 12, 18, 20 ]
    }, {
      "vertices" : [ 12, 20, 17 ]
    }, {
      "vertices" : [ 12, 17, 13 ]
    }, {
      "vertices" : [ 3, 6, 8 ]
    }, {
      "vertices" : [ 3, 8, 15 ]
    }, {
      "vertices" : [ 3, 15, 4 ]
    }, {
      "vertices" : [ 0, 11, 12 ]
    }, {
      "vertices" : [ 0, 12, 13 ]
    }, {
      "vertices" : [ 0, 13, 1 ]
    }, {
      "vertices" : [ 5, 9, 10 ]
    }, {
      "vertices" : [ 5, 10, 8 ]
    }, {
      "vertices" : [ 5, 8, 6 ]
    }, {
      "vertices" : [ 2, 7, 5 ]
    }, {
      "vertices" : [ 2, 5, 6 ]
    }, {
      "vertices" : [ 2, 6, 3 ]
    }, {
      "vertices" : [ 11, 14, 16 ]
    }, {
      "vertices" : [ 11, 16, 18 ]
    }, {
      "vertices" : [ 11, 18, 12 ]
    }, {
      "vertices" : [ 1, 13, 17 ]
    }, {
      "vertices" : [ 1, 17, 7 ]
    }, {
      "vertices" : [ 1, 7, 2 ]
    }, {
      "vertices" : [ 9, 20, 18 ]
    }, {
      "vertices" : [ 9, 18, 16 ]
    }, {
      "vertices" : [ 9, 16, 10 ]
    }, {
      "vertices" : [ 0, 1, 2 ]
    }, {
      "vertices" : [ 0, 2, 3 ]
    }, {
      "vertices" : [ 0, 3, 4 ]
    }, {
      "vertices" : [ 5, 7, 17 ]
    }, {
      "vertices" : [ 5, 17, 20 ]
    }, {
      "vertices" : [ 5, 20, 9 ]
    }, {
      "vertices" : [ 0, 4, 15 ]
    }, {
      "vertices" : [ 0, 15, 14 ]
    }, {
      "vertices" : [ 0, 14, 11 ]
    }, {
      "vertices" : [ 8, 10, 16 ]
    }, {
      "vertices" : [ 8, 16, 14 ]
    }, {
      "vertices" : [ 8, 14, 15 ]
    } ]
  }, {
    "id" : "799faa3b-5453-404a-aa4e-13cb5e7a77d6",
    "vertices" : [ {
      "x" : -15.326238,
      "y" : 0.0,
      "z" : 5.854102
    }, {
      "x" : -24.798374,
      "y" : -6.854102,
      "z" : 8.472136
    }, {
      "x" : -22.18034,
      "y" : 2.618034,
      "z" : 15.326238
    } ],
    "faces" : [ {
      "vertices" : [ 0, 1, 2 ]
    }, {
      "vertices" : [ 0, 2, 1 ]
    } ]
  }, {
    "id" : "70aad902-3c3c-4591-9619-a516e054266b",
    "vertices" : [ {
      "x" : 0.0,
      "y" : 5.854102,
      "z" : 15.326238
    }, {
      "x" : -2.618034,
      "y" : 15.326238,
      "z" : 22.18034
    }, {
      "x" : -4.236068,
      "y" : 4.236068,
      "z" : 26.416409
    } ],
    "faces" : [ {
      "vertices" : [ 0, 1, 2 ]
    }, {
      "vertices" : [ 0, 2, 1 ]
    } ]
  }, {
    "id" : "5bb72c6a-a3db-40e5-a2d7-4e821b4dd0cf",
    "vertices" : [ {
      "x" : 22.18034,
      "y" : -2.618034,
      "z" : 15.326238
    }, {
      "x" : 20.562305,
      "y" : -13.708204,
      "z" : 11.09017
    }, {
      "x" : 13.708204,
      "y" : -11.09017,
      "z" : 20.562305
    }, {
      "x" : 15.326238,
      "y" : 0.0,
      "z" : 24.798374
    } ],
    "faces" : [ {
      "vertices" : [ 0, 1, 2 ]
    }, {
      "vertices" : [ 0, 2, 3 ]
    }, {
      "vertices" : [ 0, 3, 2 ]
    }, {
      "vertices" : [ 0, 2, 1 ]
    } ]
  }, {
    "id" : "7d9a419c-fefa-4c1c-90c7-4a8fcf78a821",
    "vertices" : [ {
      "x" : 6.854102,
      "y" : 8.472136,
      "z" : 24.798374
    }, {
      "x" : 9.472136,
      "y" : 17.944271,
      "z" : 17.944271
    }, {
      "x" : 17.944271,
      "y" : 9.472136,
      "z" : 17.944271
    }, {
      "x" : 15.326238,
      "y" : 0.0,
      "z" : 24.798374
    } ],
    "faces" : [ {
      "vertices" : [ 0, 1, 2 ]
    }, {
      "vertices" : [ 0, 2, 3 ]
    }, {
      "vertices" : [ 0, 3, 2 ]
    }, {
      "vertices" : [ 0, 2, 1 ]
    } ]
  }, {
    "id" : "d1fa358c-675d-42de-9925-64eb4320d32f",
    "vertices" : [ {
      "x" : -9.472136,
      "y" : -9.472136,
      "z" : 9.472136
    }, {
      "x" : -17.944271,
      "y" : -9.472136,
      "z" : 17.944271
    }, {
      "x" : -17.944271,
      "y" : -17.944271,
      "z" : 9.472136
    } ],
    "faces" : [ {
      "vertices" : [ 0, 1, 2 ]
    }, {
      "vertices" : [ 0, 2, 1 ]
    } ]
  }, {
    "id" : "2a282d19-7ae8-49bc-a0e9-b08e9ec48f61",
    "vertices" : [ {
      "x" : -9.472136,
      "y" : -9.472136,
      "z" : 9.472136
    }, {
      "x" : -17.944271,
      "y" : -17.944271,
      "z" : 9.472136
    }, {
      "x" : -9.472136,
      "y" : -17.944271,
      "z" : 17.944271
    } ],
    "faces" : [ {
      "vertices" : [ 0, 1, 2 ]
    }, {
      "vertices" : [ 0, 2, 1 ]
    } ]
  }, {
    "id" : "5a7c9253-1989-4305-be3c-b07ed2fc44a8",
    "vertices" : [ {
      "x" : 1.0,
      "y" : 0.309017,
      "z" : 0.19098301
    }, {
      "x" : 1.0,
      "y" : -0.309017,
      "z" : 0.19098301
    }, {
      "x" : 7.472136,
      "y" : -0.309017,
      "z" : 0.19098301
    }, {
      "x" : 7.472136,
      "y" : 0.309017,
      "z" : 0.19098301
    }, {
      "x" : 7.472136,
      "y" : -0.309017,
      "z" : -0.19098301
    }, {
      "x" : 7.472136,
      "y" : 0.309017,
      "z" : -0.19098301
    }, {
      "x" : 8.09017,
      "y" : 0.0,
      "z" : 0.0
    }, {
      "x" : 0.38196602,
      "y" : 0.0,
      "z" : 0.0
    }, {
      "x" : 1.0,
      "y" : 0.309017,
      "z" : -0.19098301
    }, {
      "x" : 1.0,
      "y" : -0.309017,
      "z" : -0.19098301
    }, {
      "x" : 8.472136,
      "y" : 0.0,
      "z" : 0.0
    } ],
    "faces" : [ {
      "vertices" : [ 1, 9, 4 ]
    }, {
      "vertices" : [ 1, 4, 2 ]
    }, {
      "vertices" : [ 0, 3, 5 ]
    }, {
      "vertices" : [ 0, 5, 8 ]
    }, {
      "vertices" : [ 1, 7, 9 ]
    }, {
      "vertices" : [ 0, 1, 2 ]
    }, {
      "vertices" : [ 0, 2, 3 ]
    }, {
      "vertices" : [ 7, 8, 9 ]
    }, {
      "vertices" : [ 0, 7, 1 ]
    }, {
      "vertices" : [ 4, 9, 8 ]
    }, {
      "vertices" : [ 4, 8, 5 ]
    }, {
      "vertices" : [ 2, 6, 3 ]
    }, {
      "vertices" : [ 2, 4, 6 ]
    }, {
      "vertices" : [ 3, 6, 5 ]
    }, {
      "vertices" : [ 4, 5, 6 ]
    }, {
      "vertices" : [ 0, 8, 7 ]
    } ]
  }, {
    "id" : "b204dc44-4206-43e2-9e71-75c9da13081c",
    "vertices" : [ {
      "x" : 0.9045085,
      "y" : 0.3454915,
      "z" : 0.25
    }, {
      "x" : 8.758611,
      "y" : 5.1995935,
      "z" : 0.25
    }, {
      "x" : 8.567628,
      "y" : 5.5086102,
      "z" : 0.25
    }, {
      "x" : 0.7135255,
      "y" : 0.6545085,
      "z" : 0.25
    }, {
      "x" : 0.809017,
      "y" : 0.5,
      "z" : -0.309017
    }, {
      "x" : 0.9635255,
      "y" : 0.25,
      "z" : -0.095491506
    }, {
      "x" : 0.309017,
      "y" : 0.19098301,
      "z" : 0.0
    }, {
      "x" : 9.163119,
      "y" : 5.663119,
      "z" : 0.0
    }, {
      "x" : 8.508611,
      "y" : 5.604102,
      "z" : -0.095491506
    }, {
      "x" : 8.663119,
      "y" : 5.354102,
      "z" : -0.309017
    }, {
      "x" : 9.472136,
      "y" : 5.854102,
      "z" : 0.0
    }, {
      "x" : 0.6545085,
      "y" : 0.75,
      "z" : -0.095491506
    }, {
      "x" : 8.817628,
      "y" : 5.104102,
      "z" : -0.095491506
    } ],
    "faces" : [ {
      "vertices" : [ 4, 11, 8 ]
    }, {
      "vertices" : [ 4, 8, 9 ]
    }, {
      "vertices" : [ 0, 1, 2 ]
    }, {
      "vertices" : [ 0, 2, 3 ]
    }, {
      "vertices" : [ 0, 3, 6 ]
    }, {
      "vertices" : [ 1, 7, 2 ]
    }, {
      "vertices" : [ 0, 6, 5 ]
    }, {
      "vertices" : [ 4, 5, 6 ]
    }, {
      "vertices" : [ 2, 7, 8 ]
    }, {
      "vertices" : [ 0, 5, 12 ]
    }, {
      "vertices" : [ 0, 12, 1 ]
    }, {
      "vertices" : [ 1, 12, 7 ]
    }, {
      "vertices" : [ 3, 11, 6 ]
    }, {
      "vertices" : [ 4, 6, 11 ]
    }, {
      "vertices" : [ 7, 9, 8 ]
    }, {
      "vertices" : [ 2, 8, 11 ]
    }, {
      "vertices" : [ 2, 11, 3 ]
    }, {
      "vertices" : [ 7, 12, 9 ]
    }, {
      "vertices" : [ 4, 9, 12 ]
    }, {
      "vertices" : [ 4, 12, 5 ]
    } ]
  }, {
    "id" : "9cb4e12c-d9ee-4f0d-9f0b-086153411eac",
    "vertices" : [ {
      "x" : 0.0,
      "y" : 30.652475,
      "z" : -30.652475
    }, {
      "x" : -2.618034,
      "y" : 40.12461,
      "z" : -23.798374
    }, {
      "x" : 0.0,
      "y" : 49.59675,
      "z" : -30.652475
    }, {
      "x" : 2.618034,
      "y" : 40.12461,
      "z" : -37.506577
    } ],
    "faces" : [ {
      "vertices" : [ 0, 1, 2 ]
    }, {
      "vertices" : [ 0, 2, 3 ]
    }, {
      "vertices" : [ 0, 3, 2 ]
    }, {
      "vertices" : [ 0, 2, 1 ]
    } ]
  }, {
    "id" : "5b473cc4-54db-4754-b1d7-126e06e49f89",
    "vertices" : [ {
      "x" : -5.854102,
      "y" : -15.326238,
      "z" : 0.0
    }, {
      "x" : -4.236068,
      "y" : -26.416409,
      "z" : -4.236068
    }, {
      "x" : -8.472136,
      "y" : -24.798374,
      "z" : 6.854102
    } ],
    "faces" : [ {
      "vertices" : [ 0, 1, 2 ]
    }, {
      "vertices" : [ 0, 2, 1 ]
    } ]
  }, {
    "id" : "e80b667b-45a1-4adb-a0ec-413c6da34870",
    "vertices" : [ {
      "x" : 15.326238,
      "y" : 0.0,
      "z" : 5.854102
    }, {
      "x" : 22.18034,
      "y" : -2.618034,
      "z" : 15.326238
    }, {
      "x" : 26.416409,
      "y" : -4.236068,
      "z" : 4.236068
    } ],
    "faces" : [ {
      "vertices" : [ 0, 1, 2 ]
    }, {
      "vertices" : [ 0, 2, 1 ]
    } ]
  }, {
    "id" : "9c86672f-f17f-429d-a986-f9c676b03ab8",
    "vertices" : [ {
      "x" : 9.472136,
      "y" : 17.944271,
      "z" : 17.944271
    }, {
      "x" : 6.854102,
      "y" : 8.472136,
      "z" : 24.798374
    }, {
      "x" : -2.618034,
      "y" : 15.326238,
      "z" : 22.18034
    }, {
      "x" : 0.0,
      "y" : 24.798374,
      "z" : 15.326238
    } ],
    "faces" : [ {
      "vertices" : [ 0, 1, 2 ]
    }, {
      "vertices" : [ 0, 2, 3 ]
    }, {
      "vertices" : [ 0, 3, 2 ]
    }, {
      "vertices" : [ 0, 2, 1 ]
    } ]
  }, {
    "id" : "c954b569-936b-46bb-93d3-0aa6a5a04d11",
    "vertices" : [ {
      "x" : -5.854102,
      "y" : -15.326238,
      "z" : 0.0
    }, {
      "x" : -15.326238,
      "y" : -22.18034,
      "z" : -2.618034
    }, {
      "x" : -4.236068,
      "y" : -26.416409,
      "z" : -4.236068
    } ],
    "faces" : [ {
      "vertices" : [ 0, 1, 2 ]
    }, {
      "vertices" : [ 0, 2, 1 ]
    } ]
  }, {
    "id" : "5399e249-8f6d-4046-a5d8-8c426fc15ce2",
    "vertices" : [ {
      "x" : -26.416409,
      "y" : -4.236068,
      "z" : -4.236068
    }, {
      "x" : -26.416409,
      "y" : 4.236068,
      "z" : 4.236068
    }, {
      "x" : -24.798374,
      "y" : -6.854102,
      "z" : 8.472136
    }, {
      "x" : -24.798374,
      "y" : -15.326238,
      "z" : 0.0
    } ],
    "faces" : [ {
      "vertices" : [ 0, 1, 2 ]
    }, {
      "vertices" : [ 0, 2, 3 ]
    }, {
      "vertices" : [ 0, 3, 2 ]
    }, {
      "vertices" : [ 0, 2, 1 ]
    } ]
  }, {
    "id" : "3087fb75-98e5-4971-8387-865cb17b2874",
    "vertices" : [ {
      "x" : -2.618034,
      "y" : -15.326238,
      "z" : -22.18034
    }, {
      "x" : -13.708204,
      "y" : -11.09017,
      "z" : -20.562305
    }, {
      "x" : -11.09017,
      "y" : -20.562305,
      "z" : -13.708204
    }, {
      "x" : 0.0,
      "y" : -24.798374,
      "z" : -15.326238
    } ],
    "faces" : [ {
      "vertices" : [ 0, 1, 2 ]
    }, {
      "vertices" : [ 0, 2, 3 ]
    }, {
      "vertices" : [ 0, 3, 2 ]
    }, {
      "vertices" : [ 0, 2, 1 ]
    } ]
  }, {
    "id" : "6a242b0d-f1fe-4d24-b88f-40b8a895530a",
    "vertices" : [ {
      "x" : 9.472136,
      "y" : -9.472136,
      "z" : -9.472136
    }, {
      "x" : 17.944271,
      "y" : -9.472136,
      "z" : -17.944271
    }, {
      "x" : 17.944271,
      "y" : -17.944271,
      "z" : -9.472136
    } ],
    "faces" : [ {
      "vertices" : [ 0, 1, 2 ]
    }, {
      "vertices" : [ 0, 2, 1 ]
    } ]
  }, {
    "id" : "47b6df19-c6e3-47f6-bdcf-a92d598088be",
    "vertices" : [ {
      "x" : -17.944271,
      "y" : -17.944271,
      "z" : 9.472136
    }, {
      "x" : -8.472136,
      "y" : -24.798374,
      "z" : 6.854102
    }, {
      "x" : -15.326238,
      "y" : -22.18034,
      "z" : -2.618034
    }, {
      "x" : -24.798374,
      "y" : -15.326238,
      "z" : 0.0
    } ],
    "faces" : [ {
      "vertices" : [ 0, 1, 2 ]
    }, {
      "vertices" : [ 0, 2, 3 ]
    }, {
      "vertices" : [ 0, 3, 2 ]
    }, {
      "vertices" : [ 0, 2, 1 ]
    } ]
  }, {
    "id" : "ab0904d2-a62c-4604-b1cd-d9c7d1f23e46",
    "vertices" : [ {
      "x" : -2.618034,
      "y" : 40.12461,
      "z" : -23.798374
    }, {
      "x" : -9.472136,
      "y" : 34.27051,
      "z" : -24.798374
    }, {
      "x" : -9.472136,
      "y" : 42.742645,
      "z" : -33.27051
    } ],
    "faces" : [ {
      "vertices" : [ 0, 1, 2 ]
    }, {
      "vertices" : [ 0, 2, 1 ]
    } ]
  }, {
    "id" : "e699168a-467b-418b-9374-cc49d4a69df6",
    "vertices" : [ {
      "x" : 15.326238,
      "y" : 0.0,
      "z" : -5.854102
    }, {
      "x" : 22.18034,
      "y" : 2.618034,
      "z" : -15.326238
    }, {
      "x" : 26.416409,
      "y" : 4.236068,
      "z" : -4.236068
    } ],
    "faces" : [ {
      "vertices" : [ 0, 1, 2 ]
    }, {
      "vertices" : [ 0, 2, 1 ]
    } ]
  }, {
    "id" : "465a0f6e-1d58-47d2-8a1c-d9918d99f01e",
    "vertices" : [ {
      "x" : 9.472136,
      "y" : 9.472136,
      "z" : -9.472136
    }, {
      "x" : 11.09017,
      "y" : 20.562305,
      "z" : -13.708204
    }, {
      "x" : 20.562305,
      "y" : 13.708204,
      "z" : -11.09017
    } ],
    "faces" : [ {
      "vertices" : [ 0, 1, 2 ]
    }, {
      "vertices" : [ 0, 2, 1 ]
    } ]
  }, {
    "id" : "56009cf3-5e1f-4c0d-a2c6-7a4f082537a9",
    "vertices" : [ {
      "x" : 0.0,
      "y" : -5.854102,
      "z" : -15.326238
    }, {
      "x" : 6.854102,
      "y" : -8.472136,
      "z" : -24.798374
    }, {
      "x" : -2.618034,
      "y" : -15.326238,
      "z" : -22.18034
    } ],
    "faces" : [ {
      "vertices" : [ 0, 1, 2 ]
    }, {
      "vertices" : [ 0, 2, 1 ]
    } ]
  }, {
    "id" : "c819c087-9890-4137-978c-35ae1db0bc3e",
    "vertices" : [ {
      "x" : 5.854102,
      "y" : 15.326238,
      "z" : 0.0
    }, {
      "x" : 15.326238,
      "y" : 22.18034,
      "z" : -2.618034
    }, {
      "x" : 4.236068,
      "y" : 26.416409,
      "z" : -4.236068
    } ],
    "faces" : [ {
      "vertices" : [ 0, 1, 2 ]
    }, {
      "vertices" : [ 0, 2, 1 ]
    } ]
  }, {
    "id" : "a87f3df9-f232-46d8-a2ea-b75eaac94418",
    "vertices" : [ {
      "x" : 9.472136,
      "y" : 9.472136,
      "z" : 9.472136
    }, {
      "x" : 9.472136,
      "y" : 17.944271,
      "z" : 17.944271
    }, {
      "x" : 17.944271,
      "y" : 9.472136,
      "z" : 17.944271
    } ],
    "faces" : [ {
      "vertices" : [ 0, 1, 2 ]
    }, {
      "vertices" : [ 0, 2, 1 ]
    } ]
  }, {
    "id" : "db3f38f5-1298-4344-8e56-5916e75536ae",
    "vertices" : [ {
      "x" : -15.326238,
      "y" : 0.0,
      "z" : 5.854102
    }, {
      "x" : -22.18034,
      "y" : 2.618034,
      "z" : 15.326238
    }, {
      "x" : -26.416409,
      "y" : 4.236068,
      "z" : 4.236068
    } ],
    "faces" : [ {
      "vertices" : [ 0, 1, 2 ]
    }, {
      "vertices" : [ 0, 2, 1 ]
    } ]
  }, {
    "id" : "d84bf837-c50e-4cc6-8fc8-4dfd8b004074",
    "vertices" : [ {
      "x" : 5.854102,
      "y" : 15.326238,
      "z" : 0.0
    }, {
      "x" : 4.236068,
      "y" : 26.416409,
      "z" : -4.236068
    }, {
      "x" : 8.472136,
      "y" : 24.798374,
      "z" : 6.854102
    } ],
    "faces" : [ {
      "vertices" : [ 0, 1, 2 ]
    }, {
      "vertices" : [ 0, 2, 1 ]
    } ]
  }, {
    "id" : "5db3b6a7-2791-4346-9b54-d5ac1942c4a7",
    "vertices" : [ {
      "x" : -9.472136,
      "y" : 34.27051,
      "z" : -24.798374
    }, {
      "x" : -6.854102,
      "y" : 24.798374,
      "z" : -31.652475
    }, {
      "x" : -15.326238,
      "y" : 24.798374,
      "z" : -40.12461
    }, {
      "x" : -17.944271,
      "y" : 34.27051,
      "z" : -33.27051
    } ],
    "faces" : [ {
      "vertices" : [ 0, 1, 2 ]
    }, {
      "vertices" : [ 0, 2, 3 ]
    }, {
      "vertices" : [ 0, 3, 2 ]
    }, {
      "vertices" : [ 0, 2, 1 ]
    } ]
  }, {
    "id" : "9a7ab878-1eaa-4dfb-a7cc-0eccc9ace00d",
    "vertices" : [ {
      "x" : 8.472136,
      "y" : 24.798374,
      "z" : 6.854102
    }, {
      "x" : 17.944271,
      "y" : 17.944271,
      "z" : 9.472136
    }, {
      "x" : 9.472136,
      "y" : 17.944271,
      "z" : 17.944271
    }, {
      "x" : 0.0,
      "y" : 24.798374,
      "z" : 15.326238
    } ],
    "faces" : [ {
      "vertices" : [ 0, 1, 2 ]
    }, {
      "vertices" : [ 0, 2, 3 ]
    }, {
      "vertices" : [ 0, 3, 2 ]
    }, {
      "vertices" : [ 0, 2, 1 ]
    } ]
  }, {
    "id" : "fcc396ff-e4c6-43c2-ae1c-cb8cbca66969",
    "vertices" : [ {
      "x" : 9.472136,
      "y" : -9.472136,
      "z" : 9.472136
    }, {
      "x" : 20.562305,
      "y" : -13.708204,
      "z" : 11.09017
    }, {
      "x" : 13.708204,
      "y" : -11.09017,
      "z" : 20.562305
    } ],
    "faces" : [ {
      "vertices" : [ 0, 1, 2 ]
    }, {
      "vertices" : [ 0, 2, 1 ]
    } ]
  }, {
    "id" : "144d4124-3632-4d86-88f4-d11d2a0157b6",
    "vertices" : [ {
      "x" : 26.416409,
      "y" : -4.236068,
      "z" : 4.236068
    }, {
      "x" : 26.416409,
      "y" : 4.236068,
      "z" : -4.236068
    }, {
      "x" : 24.798374,
      "y" : -6.854102,
      "z" : -8.472136
    }, {
      "x" : 24.798374,
      "y" : -15.326238,
      "z" : 0.0
    } ],
    "faces" : [ {
      "vertices" : [ 0, 1, 2 ]
    }, {
      "vertices" : [ 0, 2, 3 ]
    }, {
      "vertices" : [ 0, 3, 2 ]
    }, {
      "vertices" : [ 0, 2, 1 ]
    } ]
  }, {
    "id" : "08f99786-8024-4a3f-a022-bcb752cb60d7",
    "vertices" : [ {
      "x" : -24.798374,
      "y" : -6.854102,
      "z" : 8.472136
    }, {
      "x" : -17.944271,
      "y" : -9.472136,
      "z" : 17.944271
    }, {
      "x" : -17.944271,
      "y" : -17.944271,
      "z" : 9.472136
    }, {
      "x" : -24.798374,
      "y" : -15.326238,
      "z" : 0.0
    } ],
    "faces" : [ {
      "vertices" : [ 0, 1, 2 ]
    }, {
      "vertices" : [ 0, 2, 3 ]
    }, {
      "vertices" : [ 0, 3, 2 ]
    }, {
      "vertices" : [ 0, 2, 1 ]
    } ]
  }, {
    "id" : "f5403d5d-fd53-4a9d-b1d6-c09d0ea3374a",
    "vertices" : [ {
      "x" : 0.0,
      "y" : 5.854102,
      "z" : -15.326238
    }, {
      "x" : -6.854102,
      "y" : 8.472136,
      "z" : -24.798374
    }, {
      "x" : 2.618034,
      "y" : 15.326238,
      "z" : -22.18034
    } ],
    "faces" : [ {
      "vertices" : [ 0, 1, 2 ]
    }, {
      "vertices" : [ 0, 2, 1 ]
    } ]
  }, {
    "id" : "cd739175-bdfa-4275-aae1-8d6f44068484",
    "vertices" : [ {
      "x" : -9.472136,
      "y" : 9.472136,
      "z" : 9.472136
    }, {
      "x" : -20.562305,
      "y" : 13.708204,
      "z" : 11.09017
    }, {
      "x" : -13.708204,
      "y" : 11.09017,
      "z" : 20.562305
    } ],
    "faces" : [ {
      "vertices" : [ 0, 1, 2 ]
    }, {
      "vertices" : [ 0, 2, 1 ]
    } ]
  }, {
    "id" : "5d659e57-41d1-4693-beb8-5f178631ee28",
    "vertices" : [ {
      "x" : -9.472136,
      "y" : -9.472136,
      "z" : -9.472136
    }, {
      "x" : -13.708204,
      "y" : -11.09017,
      "z" : -20.562305
    }, {
      "x" : -11.09017,
      "y" : -20.562305,
      "z" : -13.708204
    } ],
    "faces" : [ {
      "vertices" : [ 0, 1, 2 ]
    }, {
      "vertices" : [ 0, 2, 1 ]
    } ]
  }, {
    "id" : "0636ad97-5874-4695-b32a-d6658aa6f6b1",
    "vertices" : [ {
      "x" : -15.326238,
      "y" : 0.0,
      "z" : 5.854102
    }, {
      "x" : -26.416409,
      "y" : 4.236068,
      "z" : 4.236068
    }, {
      "x" : -24.798374,
      "y" : -6.854102,
      "z" : 8.472136
    } ],
    "faces" : [ {
      "vertices" : [ 0, 1, 2 ]
    }, {
      "vertices" : [ 0, 2, 1 ]
    } ]
  }, {
    "id" : "73c566ef-debc-457b-b585-bb76ad720ce1",
    "vertices" : [ {
      "x" : -5.854102,
      "y" : 15.326238,
      "z" : 0.0
    }, {
      "x" : -4.236068,
      "y" : 26.416409,
      "z" : 4.236068
    }, {
      "x" : -8.472136,
      "y" : 24.798374,
      "z" : -6.854102
    } ],
    "faces" : [ {
      "vertices" : [ 0, 1, 2 ]
    }, {
      "vertices" : [ 0, 2, 1 ]
    } ]
  }, {
    "id" : "a33699da-03f1-415a-93e5-6d35cfd26b1c",
    "vertices" : [ {
      "x" : -17.944271,
      "y" : 17.944271,
      "z" : -9.472136
    }, {
      "x" : -8.472136,
      "y" : 24.798374,
      "z" : -6.854102
    }, {
      "x" : -15.326238,
      "y" : 22.18034,
      "z" : 2.618034
    }, {
      "x" : -24.798374,
      "y" : 15.326238,
      "z" : 0.0
    } ],
    "faces" : [ {
      "vertices" : [ 0, 1, 2 ]
    }, {
      "vertices" : [ 0, 2, 3 ]
    }, {
      "vertices" : [ 0, 3, 2 ]
    }, {
      "vertices" : [ 0, 2, 1 ]
    } ]
  }, {
    "id" : "b39979a5-160d-4412-9b70-1a4f6c4f5339",
    "vertices" : [ {
      "x" : 0.0,
      "y" : 5.854102,
      "z" : 15.326238
    }, {
      "x" : 6.854102,
      "y" : 8.472136,
      "z" : 24.798374
    }, {
      "x" : -2.618034,
      "y" : 15.326238,
      "z" : 22.18034
    } ],
    "faces" : [ {
      "vertices" : [ 0, 1, 2 ]
    }, {
      "vertices" : [ 0, 2, 1 ]
    } ]
  }, {
    "id" : "b41d04f2-e988-49f8-aed0-f2fd9e96c213",
    "vertices" : [ {
      "x" : -17.944271,
      "y" : -9.472136,
      "z" : 17.944271
    }, {
      "x" : -24.798374,
      "y" : -6.854102,
      "z" : 8.472136
    }, {
      "x" : -22.18034,
      "y" : 2.618034,
      "z" : 15.326238
    }, {
      "x" : -15.326238,
      "y" : 0.0,
      "z" : 24.798374
    } ],
    "faces" : [ {
      "vertices" : [ 0, 1, 2 ]
    }, {
      "vertices" : [ 0, 2, 3 ]
    }, {
      "vertices" : [ 0, 3, 2 ]
    }, {
      "vertices" : [ 0, 2, 1 ]
    } ]
  }, {
    "id" : "3e8f18ff-be6e-426a-a542-227a97ce447c",
    "vertices" : [ {
      "x" : -9.472136,
      "y" : 9.472136,
      "z" : -9.472136
    }, {
      "x" : -9.472136,
      "y" : 17.944271,
      "z" : -17.944271
    }, {
      "x" : -17.944271,
      "y" : 9.472136,
      "z" : -17.944271
    } ],
    "faces" : [ {
      "vertices" : [ 0, 1, 2 ]
    }, {
      "vertices" : [ 0, 2, 1 ]
    } ]
  }, {
    "id" : "c6034ae7-435f-4db2-b483-7d783b845461",
    "vertices" : [ {
      "x" : 4.236068,
      "y" : -4.236068,
      "z" : 26.416409
    }, {
      "x" : -4.236068,
      "y" : 4.236068,
      "z" : 26.416409
    }, {
      "x" : 6.854102,
      "y" : 8.472136,
      "z" : 24.798374
    }, {
      "x" : 15.326238,
      "y" : 0.0,
      "z" : 24.798374
    } ],
    "faces" : [ {
      "vertices" : [ 0, 1, 2 ]
    }, {
      "vertices" : [ 0, 2, 3 ]
    }, {
      "vertices" : [ 0, 3, 2 ]
    }, {
      "vertices" : [ 0, 2, 1 ]
    } ]
  }, {
    "id" : "7d751889-8798-45d0-bbb7-0ba8f1995266",
    "vertices" : [ {
      "x" : -6.854102,
      "y" : 8.472136,
      "z" : -24.798374
    }, {
      "x" : -9.472136,
      "y" : 17.944271,
      "z" : -17.944271
    }, {
      "x" : -17.944271,
      "y" : 9.472136,
      "z" : -17.944271
    }, {
      "x" : -15.326238,
      "y" : 0.0,
      "z" : -24.798374
    } ],
    "faces" : [ {
      "vertices" : [ 0, 1, 2 ]
    }, {
      "vertices" : [ 0, 2, 3 ]
    }, {
      "vertices" : [ 0, 3, 2 ]
    }, {
      "vertices" : [ 0, 2, 1 ]
    } ]
  }, {
    "id" : "0648a1e2-a4a1-40e6-81ed-198007d4bc31",
    "vertices" : [ {
      "x" : 17.944271,
      "y" : 17.944271,
      "z" : 9.472136
    }, {
      "x" : 8.472136,
      "y" : 24.798374,
      "z" : 6.854102
    }, {
      "x" : 15.326238,
      "y" : 22.18034,
      "z" : -2.618034
    }, {
      "x" : 24.798374,
      "y" : 15.326238,
      "z" : 0.0
    } ],
    "faces" : [ {
      "vertices" : [ 0, 1, 2 ]
    }, {
      "vertices" : [ 0, 2, 3 ]
    }, {
      "vertices" : [ 0, 3, 2 ]
    }, {
      "vertices" : [ 0, 2, 1 ]
    } ]
  }, {
    "id" : "a88c0016-1a47-4f32-98af-46598c6154bd",
    "vertices" : [ {
      "x" : -22.18034,
      "y" : 2.618034,
      "z" : 15.326238
    }, {
      "x" : -20.562305,
      "y" : 13.708204,
      "z" : 11.09017
    }, {
      "x" : -13.708204,
      "y" : 11.09017,
      "z" : 20.562305
    }, {
      "x" : -15.326238,
      "y" : 0.0,
      "z" : 24.798374
    } ],
    "faces" : [ {
      "vertices" : [ 0, 1, 2 ]
    }, {
      "vertices" : [ 0, 2, 3 ]
    }, {
      "vertices" : [ 0, 3, 2 ]
    }, {
      "vertices" : [ 0, 2, 1 ]
    } ]
  }, {
    "id" : "63778137-da0d-4199-b241-359268b8ac56",
    "vertices" : [ {
      "x" : -26.416409,
      "y" : 4.236068,
      "z" : 4.236068
    }, {
      "x" : -26.416409,
      "y" : -4.236068,
      "z" : -4.236068
    }, {
      "x" : -24.798374,
      "y" : 6.854102,
      "z" : -8.472136
    }, {
      "x" : -24.798374,
      "y" : 15.326238,
      "z" : 0.0
    } ],
    "faces" : [ {
      "vertices" : [ 0, 1, 2 ]
    }, {
      "vertices" : [ 0, 2, 3 ]
    }, {
      "vertices" : [ 0, 3, 2 ]
    }, {
      "vertices" : [ 0, 2, 1 ]
    } ]
  }, {
    "id" : "01d14008-92d3-4730-965d-ef250d62a4a1",
    "vertices" : [ {
      "x" : 24.798374,
      "y" : 6.854102,
      "z" : 8.472136
    }, {
      "x" : 17.944271,
      "y" : 9.472136,
      "z" : 17.944271
    }, {
      "x" : 17.944271,
