{
  "polygons" : "true",
  "field" : "golden",
  "symmetry" : "icosahedral",
  "orientations" : [ [ 1.0, 0.0, 0.0, 0.0, 0.0, 1.0, 0.0, 0.0, 0.0, 0.0, 1.0, 0.0, 0.0, 0.0, 0.0, 1.0 ], [ 0.0, 0.0, 1.0, 0.0, 1.0, 0.0, 0.0, 0.0, 0.0, 1.0, 0.0, 0.0, 0.0, 0.0, 0.0, 1.0 ], [ 0.0, 1.0, 0.0, 0.0, 0.0, 0.0, 1.0, 0.0, 1.0, 0.0, 0.0, 0.0, 0.0, 0.0, 0.0, 1.0 ], [ 0.809017, 0.309017, 0.5, 0.0, 0.309017, 0.5, -0.809017, 0.0, -0.5, 0.809017, 0.309017, 0.0, 0.0, 0.0, 0.0, 1.0 ], [ -0.5, 0.809017, 0.309017, 0.0, 0.809017, 0.309017, 0.5, 0.0, 0.309017, 0.5, -0.809017, 0.0, 0.0, 0.0, 0.0, 1.0 ], [ 0.309017, 0.5, -0.809017, 0.0, -0.5, 0.809017, 0.309017, 0.0, 0.809017, 0.309017, 0.5, 0.0, 0.0, 0.0, 0.0, 1.0 ], [ 0.5, 0.809017, 0.309017, 0.0, 0.809017, -0.309017, -0.5, 0.0, -0.309017, 0.5, -0.809017, 0.0, 0.0, 0.0, 0.0, 1.0 ], [ -0.309017, 0.5, -0.809017, 0.0, 0.5, 0.809017, 0.309017, 0.0, 0.809017, -0.309017, -0.5, 0.0, 0.0, 0.0, 0.0, 1.0 ], [ 0.809017, -0.309017, -0.5, 0.0, -0.309017, 0.5, -0.809017, 0.0, 0.5, 0.809017, 0.309017, 0.0, 0.0, 0.0, 0.0, 1.0 ], [ 0.5, 0.809017, -0.309017, 0.0, 0.809017, -0.309017, 0.5, 0.0, 0.309017, -0.5, -0.809017, 0.0, 0.0, 0.0, 0.0, 1.0 ], [ 0.309017, -0.5, -0.809017, 0.0, 0.5, 0.809017, -0.309017, 0.0, 0.809017, -0.309017, 0.5, 0.0, 0.0, 0.0, 0.0, 1.0 ], [ 0.809017, -0.309017, 0.5, 0.0, 0.309017, -0.5, -0.809017, 0.0, 0.5, 0.809017, -0.309017, 0.0, 0.0, 0.0, 0.0, 1.0 ], [ 0.809017, 0.309017, -0.5, 0.0, 0.309017, 0.5, 0.809017, 0.0, 0.5, -0.809017, 0.309017, 0.0, 0.0, 0.0, 0.0, 1.0 ], [ 0.5, -0.809017, 0.309017, 0.0, 0.809017, 0.309017, -0.5, 0.0, 0.309017, 0.5, 0.809017, 0.0, 0.0, 0.0, 0.0, 1.0 ], [ 0.309017, 0.5, 0.809017, 0.0, 0.5, -0.809017, 0.309017, 0.0, 0.809017, 0.309017, -0.5, 0.0, 0.0, 0.0, 0.0, 1.0 ], [ 1.0, 0.0, 0.0, 0.0, 0.0, -1.0, 0.0, 0.0, 0.0, 0.0, -1.0, 0.0, 0.0, 0.0, 0.0, 1.0 ], [ 0.0, 0.0, 1.0, 0.0, -1.0, 0.0, 0.0, 0.0, 0.0, -1.0, 0.0, 0.0, 0.0, 0.0, 0.0, 1.0 ], [ 0.0, 1.0, 0.0, 0.0, 0.0, 0.0, -1.0, 0.0, -1.0, 0.0, 0.0, 0.0, 0.0, 0.0, 0.0, 1.0 ], [ 0.809017, 0.309017, 0.5, 0.0, -0.309017, -0.5, 0.809017, 0.0, 0.5, -0.809017, -0.309017, 0.0, 0.0, 0.0, 0.0, 1.0 ], [ -0.5, 0.809017, 0.309017, 0.0, -0.809017, -0.309017, -0.5, 0.0, -0.309017, -0.5, 0.809017, 0.0, 0.0, 0.0, 0.0, 1.0 ], [ 0.309017, 0.5, -0.809017, 0.0, 0.5, -0.809017, -0.309017, 0.0, -0.809017, -0.309017, -0.5, 0.0, 0.0, 0.0, 0.0, 1.0 ], [ 0.5, 0.809017, 0.309017, 0.0, -0.809017, 0.309017, 0.5, 0.0, 0.309017, -0.5, 0.809017, 0.0, 0.0, 0.0, 0.0, 1.0 ], [ -0.309017, 0.5, -0.809017, 0.0, -0.5, -0.809017, -0.309017, 0.0, -0.809017, 0.309017, 0.5, 0.0, 0.0, 0.0, 0.0, 1.0 ], [ 0.809017, -0.309017, -0.5, 0.0, 0.309017, -0.5, 0.809017, 0.0, -0.5, -0.809017, -0.309017, 0.0, 0.0, 0.0, 0.0, 1.0 ], [ 0.5, 0.809017, -0.309017, 0.0, -0.809017, 0.309017, -0.5, 0.0, -0.309017, 0.5, 0.809017, 0.0, 0.0, 0.0, 0.0, 1.0 ], [ 0.309017, -0.5, -0.809017, 0.0, -0.5, -0.809017, 0.309017, 0.0, -0.809017, 0.309017, -0.5, 0.0, 0.0, 0.0, 0.0, 1.0 ], [ 0.809017, -0.309017, 0.5, 0.0, -0.309017, 0.5, 0.809017, 0.0, -0.5, -0.809017, 0.309017, 0.0, 0.0, 0.0, 0.0, 1.0 ], [ 0.809017, 0.309017, -0.5, 0.0, -0.309017, -0.5, -0.809017, 0.0, -0.5, 0.809017, -0.309017, 0.0, 0.0, 0.0, 0.0, 1.0 ], [ 0.5, -0.809017, 0.309017, 0.0, -0.809017, -0.309017, 0.5, 0.0, -0.309017, -0.5, -0.809017, 0.0, 0.0, 0.0, 0.0, 1.0 ], [ 0.309017, 0.5, 0.809017, 0.0, -0.5, 0.809017, -0.309017, 0.0, -0.809017, -0.309017, 0.5, 0.0, 0.0, 0.0, 0.0, 1.0 ], [ -1.0, 0.0, 0.0, 0.0, 0.0, -1.0, 0.0, 0.0, 0.0, 0.0, 1.0, 0.0, 0.0, 0.0, 0.0, 1.0 ], [ 0.0, 0.0, -1.0, 0.0, -1.0, 0.0, 0.0, 0.0, 0.0, 1.0, 0.0, 0.0, 0.0, 0.0, 0.0, 1.0 ], [ 0.0, -1.0, 0.0, 0.0, 0.0, 0.0, -1.0, 0.0, 1.0, 0.0, 0.0, 0.0, 0.0, 0.0, 0.0, 1.0 ], [ -0.809017, -0.309017, -0.5, 0.0, -0.309017, -0.5, 0.809017, 0.0, -0.5, 0.809017, 0.309017, 0.0, 0.0, 0.0, 0.0, 1.0 ], [ 0.5, -0.809017, -0.309017, 0.0, -0.809017, -0.309017, -0.5, 0.0, 0.309017, 0.5, -0.809017, 0.0, 0.0, 0.0, 0.0, 1.0 ], [ -0.309017, -0.5, 0.809017, 0.0, 0.5, -0.809017, -0.309017, 0.0, 0.809017, 0.309017, 0.5, 0.0, 0.0, 0.0, 0.0, 1.0 ], [ -0.5, -0.809017, -0.309017, 0.0, -0.809017, 0.309017, 0.5, 0.0, -0.309017, 0.5, -0.809017, 0.0, 0.0, 0.0, 0.0, 1.0 ], [ 0.309017, -0.5, 0.809017, 0.0, -0.5, -0.809017, -0.309017, 0.0, 0.809017, -0.309017, -0.5, 0.0, 0.0, 0.0, 0.0, 1.0 ], [ -0.809017, 0.309017, 0.5, 0.0, 0.309017, -0.5, 0.809017, 0.0, 0.5, 0.809017, 0.309017, 0.0, 0.0, 0.0, 0.0, 1.0 ], [ -0.5, -0.809017, 0.309017, 0.0, -0.809017, 0.309017, -0.5, 0.0, 0.309017, -0.5, -0.809017, 0.0, 0.0, 0.0, 0.0, 1.0 ], [ -0.309017, 0.5, 0.809017, 0.0, -0.5, -0.809017, 0.309017, 0.0, 0.809017, -0.309017, 0.5, 0.0, 0.0, 0.0, 0.0, 1.0 ], [ -0.809017, 0.309017, -0.5, 0.0, -0.309017, 0.5, 0.809017, 0.0, 0.5, 0.809017, -0.309017, 0.0, 0.0, 0.0, 0.0, 1.0 ], [ -0.809017, -0.309017, 0.5, 0.0, -0.309017, -0.5, -0.809017, 0.0, 0.5, -0.809017, 0.309017, 0.0, 0.0, 0.0, 0.0, 1.0 ], [ -0.5, 0.809017, -0.309017, 0.0, -0.809017, -0.309017, 0.5, 0.0, 0.309017, 0.5, 0.809017, 0.0, 0.0, 0.0, 0.0, 1.0 ], [ -0.309017, -0.5, -0.809017, 0.0, -0.5, 0.809017, -0.309017, 0.0, 0.809017, 0.309017, -0.5, 0.0, 0.0, 0.0, 0.0, 1.0 ], [ -1.0, 0.0, 0.0, 0.0, 0.0, 1.0, 0.0, 0.0, 0.0, 0.0, -1.0, 0.0, 0.0, 0.0, 0.0, 1.0 ], [ 0.0, 0.0, -1.0, 0.0, 1.0, 0.0, 0.0, 0.0, 0.0, -1.0, 0.0, 0.0, 0.0, 0.0, 0.0, 1.0 ], [ 0.0, -1.0, 0.0, 0.0, 0.0, 0.0, 1.0, 0.0, -1.0, 0.0, 0.0, 0.0, 0.0, 0.0, 0.0, 1.0 ], [ -0.809017, -0.309017, -0.5, 0.0, 0.309017, 0.5, -0.809017, 0.0, 0.5, -0.809017, -0.309017, 0.0, 0.0, 0.0, 0.0, 1.0 ], [ 0.5, -0.809017, -0.309017, 0.0, 0.809017, 0.309017, 0.5, 0.0, -0.309017, -0.5, 0.809017, 0.0, 0.0, 0.0, 0.0, 1.0 ], [ -0.309017, -0.5, 0.809017, 0.0, -0.5, 0.809017, 0.309017, 0.0, -0.809017, -0.309017, -0.5, 0.0, 0.0, 0.0, 0.0, 1.0 ], [ -0.5, -0.809017, -0.309017, 0.0, 0.809017, -0.309017, -0.5, 0.0, 0.309017, -0.5, 0.809017, 0.0, 0.0, 0.0, 0.0, 1.0 ], [ 0.309017, -0.5, 0.809017, 0.0, 0.5, 0.809017, 0.309017, 0.0, -0.809017, 0.309017, 0.5, 0.0, 0.0, 0.0, 0.0, 1.0 ], [ -0.809017, 0.309017, 0.5, 0.0, -0.309017, 0.5, -0.809017, 0.0, -0.5, -0.809017, -0.309017, 0.0, 0.0, 0.0, 0.0, 1.0 ], [ -0.5, -0.809017, 0.309017, 0.0, 0.809017, -0.309017, 0.5, 0.0, -0.309017, 0.5, 0.809017, 0.0, 0.0, 0.0, 0.0, 1.0 ], [ -0.309017, 0.5, 0.809017, 0.0, 0.5, 0.809017, -0.309017, 0.0, -0.809017, 0.309017, -0.5, 0.0, 0.0, 0.0, 0.0, 1.0 ], [ -0.809017, 0.309017, -0.5, 0.0, 0.309017, -0.5, -0.809017, 0.0, -0.5, -0.809017, 0.309017, 0.0, 0.0, 0.0, 0.0, 1.0 ], [ -0.809017, -0.309017, 0.5, 0.0, 0.309017, 0.5, 0.809017, 0.0, -0.5, 0.809017, -0.309017, 0.0, 0.0, 0.0, 0.0, 1.0 ], [ -0.5, 0.809017, -0.309017, 0.0, 0.809017, 0.309017, -0.5, 0.0, -0.309017, -0.5, -0.809017, 0.0, 0.0, 0.0, 0.0, 1.0 ], [ -0.309017, -0.5, -0.809017, 0.0, 0.5, -0.809017, 0.309017, 0.0, -0.809017, -0.309017, 0.5, 0.0, 0.0, 0.0, 0.0, 1.0 ] ],
  "lights" : {
    "backgroundColor" : "#AFC8DC",
    "ambientColor" : "#292929",
    "directionalLights" : [ {
      "direction" : [ 1.0, -1.0, -1.0 ],
      "color" : "#EBEBE4"
    }, {
      "direction" : [ -1.0, 0.0, 0.0 ],
      "color" : "#E4E4EB"
    }, {
      "direction" : [ 0.0, 0.0, -1.0 ],
      "color" : "#1E1E1E"
    } ]
  },
  "camera" : {
    "lookAtPoint" : {
      "x" : 0.0,
      "y" : 0.0,
      "z" : 0.0
    },
    "lookDirection" : {
      "x" : 0.0109266685,
      "y" : 0.0012537527,
      "z" : 0.9999395
    },
    "upDirection" : {
      "x" : -0.99984056,
      "y" : -0.014108512,
      "z" : 0.010943278
    },
    "nearClipDistance" : 0.22255407,
    "farClipDistance" : 178.04329,
    "lookAtPointRV" : {
      "x" : 0.0,
      "y" : 0.0,
      "z" : 0.0,
      "zero" : true
    },
    "fieldOfView" : 0.4426288,
    "upDirectionRV" : {
      "x" : -0.99984056,
      "y" : -0.014108512,
      "z" : 0.010943278,
      "zero" : false
    },
    "lookDirectionRV" : {
      "x" : 0.0109266685,
      "y" : 0.0012537527,
      "z" : 0.9999395,
      "zero" : false
    },
    "perspective" : false,
    "viewDistance" : 89.02164,
    "width" : 40.059727,
    "stereo" : false,
    "position" : {
      "x" : -0.9727099,
      "y" : -0.11161112,
      "z" : -89.01625
    }
  },
  "embedding" : [ 1.0, 0.0, 0.0, 0.0, 0.0, 1.0, 0.0, 0.0, 0.0, 0.0, 1.0, 0.0, 0.0, 0.0, 0.0, 1.0 ],
  "shapes" : [ {
    "id" : "76891f0b-4c82-416b-b825-c9f7fd7e6cac",
    "orbit" : "yellow",
    "orbitC" : "[[0,0,1],[2,-1,1]]",
    "length" : "[-1,1,1]",
    "name" : "y0",
    "vertices" : [ {
      "x" : 4.236068,
      "y" : 0.0,
      "z" : -1.618034
    }, {
      "x" : 3.927051,
      "y" : 0.0,
      "z" : -1.5
    }, {
      "x" : 3.5225425,
      "y" : -0.1545085,
      "z" : -1.059017
    }, {
      "x" : 3.3315594,
      "y" : -0.1545085,
      "z" : -1.559017
    }, {
      "x" : 0.9045085,
      "y" : -0.1545085,
      "z" : -0.059016995
    }, {
      "x" : 0.809017,
      "y" : 0.309017,
      "z" : -0.309017
    }, {
      "x" : 0.309017,
      "y" : 0.0,
      "z" : -0.11803399
    }, {
      "x" : 3.427051,
      "y" : 0.309017,
      "z" : -1.309017
    }, {
      "x" : 0.7135255,
      "y" : -0.1545085,
      "z" : -0.559017
    } ],
    "faces" : [ {
      "vertices" : [ 2, 4, 8, 3 ]
    }, {
      "vertices" : [ 2, 7, 5, 4 ]
    }, {
      "vertices" : [ 4, 6, 8 ]
    }, {
      "vertices" : [ 5, 8, 6 ]
    }, {
      "vertices" : [ 1, 2, 3 ]
    }, {
      "vertices" : [ 3, 8, 5, 7 ]
    }, {
      "vertices" : [ 1, 7, 2 ]
    }, {
      "vertices" : [ 1, 3, 7 ]
    }, {
      "vertices" : [ 4, 5, 6 ]
    } ]
  }, {
    "id" : "79a918dc-8d03-48e7-8a2a-4debaba07fbb",
    "name" : "ball",
    "vertices" : [ {
      "x" : 0.309017,
      "y" : -0.309017,
      "z" : -0.309017
    }, {
      "x" : 0.5,
      "y" : 0.0,
      "z" : -0.19098301
    }, {
      "x" : 0.5,
      "y" : 0.0,
      "z" : 0.19098301
    }, {
      "x" : 0.309017,
      "y" : -0.309017,
      "z" : 0.309017
    }, {
      "x" : 0.19098301,
      "y" : -0.5,
      "z" : 0.0
    }, {
      "x" : 0.0,
      "y" : 0.19098301,
      "z" : 0.5
    }, {
      "x" : 0.0,
      "y" : -0.19098301,
      "z" : 0.5
    }, {
      "x" : 0.309017,
      "y" : 0.309017,
      "z" : 0.309017
    }, {
      "x" : -0.309017,
      "y" : -0.309017,
      "z" : 0.309017
    }, {
      "x" : -0.309017,
      "y" : 0.309017,
      "z" : 0.309017
    }, {
      "x" : -0.5,
      "y" : 0.0,
      "z" : 0.19098301
    }, {
      "x" : 0.0,
      "y" : -0.19098301,
      "z" : -0.5
    }, {
      "x" : 0.0,
      "y" : 0.19098301,
      "z" : -0.5
    }, {
      "x" : 0.309017,
      "y" : 0.309017,
      "z" : -0.309017
    }, {
      "x" : -0.309017,
      "y" : -0.309017,
      "z" : -0.309017
    }, {
      "x" : -0.19098301,
      "y" : -0.5,
      "z" : 0.0
    }, {
      "x" : -0.5,
      "y" : 0.0,
      "z" : -0.19098301
    }, {
      "x" : 0.19098301,
      "y" : 0.5,
      "z" : 0.0
    }, {
      "x" : -0.309017,
      "y" : 0.309017,
      "z" : -0.309017
    }, {
      "x" : 0.0,
      "y" : 0.0,
      "z" : 0.0
    }, {
      "x" : -0.19098301,
      "y" : 0.5,
      "z" : 0.0
    } ],
    "faces" : [ {
      "vertices" : [ 12, 18, 20, 17, 13 ]
    }, {
      "vertices" : [ 3, 6, 8, 15, 4 ]
    }, {
      "vertices" : [ 0, 11, 12, 13, 1 ]
    }, {
      "vertices" : [ 5, 9, 10, 8, 6 ]
    }, {
      "vertices" : [ 2, 7, 5, 6, 3 ]
    }, {
      "vertices" : [ 11, 14, 16, 18, 12 ]
    }, {
      "vertices" : [ 1, 13, 17, 7, 2 ]
    }, {
      "vertices" : [ 9, 20, 18, 16, 10 ]
    }, {
      "vertices" : [ 0, 1, 2, 3, 4 ]
    }, {
      "vertices" : [ 5, 7, 17, 20, 9 ]
    }, {
      "vertices" : [ 0, 4, 15, 14, 11 ]
    }, {
      "vertices" : [ 8, 10, 16, 14, 15 ]
    } ]
  } ],
  "instances" : [ {
    "shape" : "76891f0b-4c82-416b-b825-c9f7fd7e6cac",
    "color" : "#F0A000",
    "position" : {
      "x" : 0.0,
      "y" : -5.236068,
      "z" : 0.0
    },
    "orientation" : 39
  }, {
    "shape" : "76891f0b-4c82-416b-b825-c9f7fd7e6cac",
    "color" : "#F0A000",
    "position" : {
      "x" : 7.854102,
      "y" : 2.618034,
      "z" : -2.618034
    },
    "orientation" : 5
  }, {
    "shape" : "79a918dc-8d03-48e7-8a2a-4debaba07fbb",
    "color" : "#F2F2F2",
    "position" : {
      "x" : 2.618034,
      "y" : 7.854102,
      "z" : 2.618034
    }
  }, {
    "shape" : "76891f0b-4c82-416b-b825-c9f7fd7e6cac",
    "color" : "#F0A000",
    "position" : {
      "x" : 0.0,
      "y" : -5.236068,
      "z" : -5.236068
    },
    "orientation" : 39
  }, {
    "shape" : "76891f0b-4c82-416b-b825-c9f7fd7e6cac",
    "color" : "#F0A000",
    "position" : {
      "x" : 0.0,
      "y" : -5.236068,
      "z" : 0.0
    },
    "orientation" : 24
  }, {
    "shape" : "79a918dc-8d03-48e7-8a2a-4debaba07fbb",
    "color" : "#F2F2F2",
    "position" : {
      "x" : 0.0,
      "y" : 0.0,
      "z" : 0.0
    }
  }, {
    "shape" : "76891f0b-4c82-416b-b825-c9f7fd7e6cac",
    "color" : "#F0A000",
    "position" : {
      "x" : -2.618034,
      "y" : -2.618034,
      "z" : 2.618034
    },
    "orientation" : 4
  }, {
    "shape" : "79a918dc-8d03-48e7-8a2a-4debaba07fbb",
    "color" : "#F2F2F2",
    "position" : {
      "x" : 5.236068,
      "y" : 0.0,
      "z" : -5.236068
    }
  }, {
    "shape" : "79a918dc-8d03-48e7-8a2a-4debaba07fbb",
    "color" : "#F2F2F2",
    "position" : {
      "x" : -10.472136,
      "y" : 0.0,
      "z" : 0.0
    }
  }, {
    "shape" : "76891f0b-4c82-416b-b825-c9f7fd7e6cac",
    "color" : "#F0A000",
    "position" : {
      "x" : 0.0,
      "y" : -5.236068,
      "z" : 0.0
    },
    "orientation" : 54
  }, {
    "shape" : "76891f0b-4c82-416b-b825-c9f7fd7e6cac",
    "color" : "#F0A000",
    "position" : {
      "x" : 0.0,
      "y" : 0.0,
      "z" : 0.0
    },
    "orientation" : 9
  }, {
    "shape" : "76891f0b-4c82-416b-b825-c9f7fd7e6cac",
    "color" : "#F0A000",
    "position" : {
      "x" : 0.0,
      "y" : 5.236068,
      "z" : 0.0
    },
    "orientation" : 9
  }, {
    "shape" : "79a918dc-8d03-48e7-8a2a-4debaba07fbb",
    "color" : "#F2F2F2",
    "position" : {
      "x" : 7.854102,
      "y" : -2.618034,
      "z" : 2.618034
    }
  }, {
    "shape" : "76891f0b-4c82-416b-b825-c9f7fd7e6cac",
    "color" : "#F0A000",
    "position" : {
      "x" : 0.0,
      "y" : 0.0,
      "z" : -5.236068
    },
    "orientation" : 24
  }, {
    "shape" : "79a918dc-8d03-48e7-8a2a-4debaba07fbb",
    "color" : "#F2F2F2",
    "position" : {
      "x" : -5.236068,
      "y" : 0.0,
      "z" : 5.236068
    }
  }, {
    "shape" : "76891f0b-4c82-416b-b825-c9f7fd7e6cac",
    "color" : "#F0A000",
    "position" : {
      "x" : -5.236068,
      "y" : 0.0,
      "z" : -5.236068
    },
    "orientation" : 24
  }, {
    "shape" : "76891f0b-4c82-416b-b825-c9f7fd7e6cac",
    "color" : "#F0A000",
    "position" : {
      "x" : 0.0,
      "y" : -5.236068,
      "z" : 0.0
    },
    "orientation" : 9
  }, {
    "shape" : "79a918dc-8d03-48e7-8a2a-4debaba07fbb",
    "color" : "#F2F2F2",
    "position" : {
      "x" : 2.618034,
      "y" : -7.854102,
      "z" : -2.618034
    }
  }, {
    "shape" : "76891f0b-4c82-416b-b825-c9f7fd7e6cac",
    "color" : "#F0A000",
    "position" : {
      "x" : 2.618034,
      "y" : 2.618034,
      "z" : -2.618034
    },
    "orientation" : 3
  }, {
    "shape" : "76891f0b-4c82-416b-b825-c9f7fd7e6cac",
    "color" : "#F0A000",
    "position" : {
      "x" : -5.236068,
      "y" : -5.236068,
      "z" : 0.0
    },
    "orientation" : 24
  }, {
    "shape" : "79a918dc-8d03-48e7-8a2a-4debaba07fbb",
    "color" : "#F2F2F2",
    "position" : {
      "x" : 2.618034,
      "y" : 2.618034,
      "z" : 7.854102
    }
  }, {
    "shape" : "76891f0b-4c82-416b-b825-c9f7fd7e6cac",
    "color" : "#F0A000",
    "position" : {
      "x" : -7.854102,
      "y" : -2.618034,
      "z" : 2.618034
    },
    "orientation" : 5
  }, {
    "shape" : "76891f0b-4c82-416b-b825-c9f7fd7e6cac",
    "color" : "#F0A000",
    "position" : {
      "x" : 5.236068,
      "y" : 0.0,
      "z" : 0.0
    },
    "orientation" : 9
  }, {
    "shape" : "79a918dc-8d03-48e7-8a2a-4debaba07fbb",
    "color" : "#F2F2F2",
    "position" : {
      "x" : -7.854102,
      "y" : 2.618034,
      "z" : -2.618034
    }
  }, {
    "shape" : "79a918dc-8d03-48e7-8a2a-4debaba07fbb",
    "color" : "#F2F2F2",
    "position" : {
      "x" : 0.0,
      "y" : -5.236068,
      "z" : 5.236068
    }
  }, {
    "shape" : "76891f0b-4c82-416b-b825-c9f7fd7e6cac",
    "color" : "#F0A000",
    "position" : {
      "x" : -2.618034,
      "y" : -2.618034,
      "z" : 2.618034
    },
    "orientation" : 5
  }, {
    "shape" : "76891f0b-4c82-416b-b825-c9f7fd7e6cac",
    "color" : "#F0A000",
    "position" : {
      "x" : 5.236068,
      "y" : 0.0,
      "z" : 0.0
    },
    "orientation" : 24
  }, {
    "shape" : "76891f0b-4c82-416b-b825-c9f7fd7e6cac",
    "color" : "#F0A000",
    "position" : {
      "x" : -5.236068,
      "y" : 0.0,
      "z" : 0.0
    },
    "orientation" : 24
  }, {
    "shape" : "79a918dc-8d03-48e7-8a2a-4debaba07fbb",
    "color" : "#F2F2F2",
    "position" : {
      "x" : 5.236068,
      "y" : 5.236068,
      "z" : 0.0
    }
  }, {
    "shape" : "79a918dc-8d03-48e7-8a2a-4debaba07fbb",
    "color" : "#F2F2F2",
    "position" : {
      "x" : 2.618034,
      "y" : -7.854102,
      "z" : 2.618034
    }
  }, {
    "shape" : "76891f0b-4c82-416b-b825-c9f7fd7e6cac",
    "color" : "#F0A000",
    "position" : {
      "x" : -5.236068,
      "y" : 0.0,
      "z" : 5.236068
    },
    "orientation" : 54
  }, {
    "shape" : "76891f0b-4c82-416b-b825-c9f7fd7e6cac",
    "color" : "#F0A000",
    "position" : {
      "x" : 5.236068,
      "y" : 0.0,
      "z" : 0.0
    },
    "orientation" : 54
  }, {
    "shape" : "76891f0b-4c82-416b-b825-c9f7fd7e6cac",
    "color" : "#F0A000",
    "position" : {
      "x" : 5.236068,
      "y" : -5.236068,
      "z" : 0.0
    },
    "orientation" : 39
  }, {
    "shape" : "79a918dc-8d03-48e7-8a2a-4debaba07fbb",
    "color" : "#F2F2F2",
    "position" : {
      "x" : -2.618034,
      "y" : 2.618034,
      "z" : -7.854102
    }
  }, {
    "shape" : "79a918dc-8d03-48e7-8a2a-4debaba07fbb",
    "color" : "#F2F2F2",
    "position" : {
      "x" : 2.618034,
      "y" : 2.618034,
      "z" : 2.618034
    }
  }, {
    "shape" : "79a918dc-8d03-48e7-8a2a-4debaba07fbb",
    "color" : "#F2F2F2",
    "position" : {
      "x" : 0.0,
      "y" : 5.236068,
      "z" : 0.0
    }
  }, {
    "shape" : "79a918dc-8d03-48e7-8a2a-4debaba07fbb",
    "color" : "#F2F2F2",
    "position" : {
      "x" : 0.0,
      "y" : 0.0,
      "z" : 5.236068
    }
  }, {
    "shape" : "76891f0b-4c82-416b-b825-c9f7fd7e6cac",
    "color" : "#F0A000",
    "position" : {
      "x" : 2.618034,
      "y" : 7.854102,
      "z" : 2.618034
    },
    "orientation" : 5
  }, {
    "shape" : "76891f0b-4c82-416b-b825-c9f7fd7e6cac",
    "color" : "#F0A000",
    "position" : {
      "x" : 0.0,
      "y" : 5.236068,
      "z" : -5.236068
    },
    "orientation" : 9
  }, {
    "shape" : "76891f0b-4c82-416b-b825-c9f7fd7e6cac",
    "color" : "#F0A000",
    "position" : {
      "x" : 0.0,
      "y" : 0.0,
      "z" : 5.236068
    },
    "orientation" : 39
  }, {
    "shape" : "76891f0b-4c82-416b-b825-c9f7fd7e6cac",
    "color" : "#F0A000",
    "position" : {
      "x" : -5.236068,
      "y" : 0.0,
      "z" : 5.236068
    },
    "orientation" : 9
  }, {
    "shape" : "76891f0b-4c82-416b-b825-c9f7fd7e6cac",
    "color" : "#F0A000",
    "position" : {
      "x" : -2.618034,
      "y" : -2.618034,
      "z" : -7.854102
    },
    "orientation" : 3
  }, {
    "shape" : "76891f0b-4c82-416b-b825-c9f7fd7e6cac",
    "color" : "#F0A000",
    "position" : {
      "x" : -7.854102,
      "y" : 2.618034,
      "z" : -2.618034
    },
    "orientation" : 3
  }, {
    "shape" : "79a918dc-8d03-48e7-8a2a-4debaba07fbb",
    "color" : "#F2F2F2",
    "position" : {
      "x" : -2.618034,
      "y" : -2.618034,
      "z" : 7.854102
    }
  }, {
    "shape" : "76891f0b-4c82-416b-b825-c9f7fd7e6cac",
    "color" : "#F0A000",
    "position" : {
      "x" : -5.236068,
      "y" : 5.236068,
      "z" : 0.0
    },
    "orientation" : 39
  }, {
    "shape" : "79a918dc-8d03-48e7-8a2a-4debaba07fbb",
    "color" : "#F2F2F2",
    "position" : {
      "x" : -7.854102,
      "y" : -2.618034,
      "z" : -2.618034
    }
  }, {
    "shape" : "76891f0b-4c82-416b-b825-c9f7fd7e6cac",
    "color" : "#F0A000",
    "position" : {
      "x" : -2.618034,
      "y" : -7.854102,
      "z" : 2.618034
    },
    "orientation" : 4
  }, {
    "shape" : "76891f0b-4c82-416b-b825-c9f7fd7e6cac",
    "color" : "#F0A000",
    "position" : {
      "x" : 2.618034,
      "y" : -2.618034,
      "z" : -7.854102
    },
    "orientation" : 5
  }, {
    "shape" : "76891f0b-4c82-416b-b825-c9f7fd7e6cac",
    "color" : "#F0A000",
    "position" : {
      "x" : -7.854102,
      "y" : 2.618034,
      "z" : 2.618034
    },
    "orientation" : 19
  }, {
    "shape" : "79a918dc-8d03-48e7-8a2a-4debaba07fbb",
    "color" : "#F2F2F2",
    "position" : {
      "x" : -2.618034,
      "y" : 2.618034,
      "z" : -2.618034
    }
  }, {
    "shape" : "76891f0b-4c82-416b-b825-c9f7fd7e6cac",
    "color" : "#F0A000",
    "position" : {
      "x" : -2.618034,
      "y" : -2.618034,
      "z" : 7.854102
    },
    "orientation" : 19
  }, {
    "shape" : "79a918dc-8d03-48e7-8a2a-4debaba07fbb",
    "color" : "#F2F2F2",
    "position" : {
      "x" : 5.236068,
      "y" : -5.236068,
      "z" : -5.236068
    }
  }, {
    "shape" : "79a918dc-8d03-48e7-8a2a-4debaba07fbb",
    "color" : "#F2F2F2",
    "position" : {
      "x" : -2.618034,
      "y" : -7.854102,
      "z" : -2.618034
    }
  }, {
    "shape" : "76891f0b-4c82-416b-b825-c9f7fd7e6cac",
    "color" : "#F0A000",
    "position" : {
      "x" : -2.618034,
      "y" : 2.618034,
      "z" : 7.854102
    },
    "orientation" : 5
  }, {
    "shape" : "79a918dc-8d03-48e7-8a2a-4debaba07fbb",
    "color" : "#F2F2F2",
    "position" : {
      "x" : -5.236068,
      "y" : 0.0,
      "z" : -5.236068
    }
  }, {
    "shape" : "76891f0b-4c82-416b-b825-c9f7fd7e6cac",
    "color" : "#F0A000",
    "position" : {
      "x" : -2.618034,
      "y" : 2.618034,
      "z" : -2.618034
    },
    "orientation" : 3
  }, {
    "shape" : "76891f0b-4c82-416b-b825-c9f7fd7e6cac",
    "color" : "#F0A000",
    "position" : {
      "x" : -5.236068,
      "y" : 0.0,
      "z" : -5.236068
    },
    "orientation" : 39
  }, {
    "shape" : "79a918dc-8d03-48e7-8a2a-4debaba07fbb",
    "color" : "#F2F2F2",
    "position" : {
      "x" : -2.618034,
      "y" : 7.854102,
      "z" : -2.618034
    }
  }, {
    "shape" : "76891f0b-4c82-416b-b825-c9f7fd7e6cac",
    "color" : "#F0A000",
    "position" : {
      "x" : 0.0,
      "y" : 0.0,
      "z" : 0.0
    },
    "orientation" : 54
  }, {
    "shape" : "76891f0b-4c82-416b-b825-c9f7fd7e6cac",
    "color" : "#F0A000",
    "position" : {
      "x" : -2.618034,
      "y" : 2.618034,
      "z" : -2.618034
    },
    "orientation" : 19
  }, {
    "shape" : "79a918dc-8d03-48e7-8a2a-4debaba07fbb",
    "color" : "#F2F2F2",
    "position" : {
      "x" : -2.618034,
      "y" : 7.854102,
      "z" : 2.618034
    }
  }, {
    "shape" : "76891f0b-4c82-416b-b825-c9f7fd7e6cac",
    "color" : "#F0A000",
    "position" : {
      "x" : 5.236068,
      "y" : 0.0,
      "z" : 0.0
    },
    "orientation" : 39
  }, {
    "shape" : "79a918dc-8d03-48e7-8a2a-4debaba07fbb",
    "color" : "#F2F2F2",
    "position" : {
      "x" : -5.236068,
      "y" : 5.236068,
      "z" : 5.236068
    }
  }, {
    "shape" : "76891f0b-4c82-416b-b825-c9f7fd7e6cac",
    "color" : "#F0A000",
    "position" : {
      "x" : -5.236068,
      "y" : 0.0,
      "z" : 0.0
    },
    "orientation" : 9
  }, {
    "shape" : "76891f0b-4c82-416b-b825-c9f7fd7e6cac",
    "color" : "#F0A000",
    "position" : {
      "x" : -7.854102,
      "y" : -2.618034,
      "z" : -2.618034
    },
    "orientation" : 4
  }, {
    "shape" : "76891f0b-4c82-416b-b825-c9f7fd7e6cac",
    "color" : "#F0A000",
    "position" : {
      "x" : 2.618034,
      "y" : 2.618034,
      "z" : 7.854102
    },
    "orientation" : 39
  }, {
    "shape" : "76891f0b-4c82-416b-b825-c9f7fd7e6cac",
    "color" : "#F0A000",
    "position" : {
      "x" : -5.236068,
      "y" : -5.236068,
      "z" : 0.0
    },
    "orientation" : 54
  }, {
    "shape" : "76891f0b-4c82-416b-b825-c9f7fd7e6cac",
    "color" : "#F0A000",
    "position" : {
      "x" : 5.236068,
      "y" : 0.0,
      "z" : -5.236068
    },
    "orientation" : 54
  }, {
    "shape" : "76891f0b-4c82-416b-b825-c9f7fd7e6cac",
    "color" : "#F0A000",
    "position" : {
      "x" : 2.618034,
      "y" : 2.618034,
      "z" : -7.854102
    },
    "orientation" : 19
  }, {
    "shape" : "76891f0b-4c82-416b-b825-c9f7fd7e6cac",
    "color" : "#F0A000",
    "position" : {
      "x" : 2.618034,
      "y" : -2.618034,
      "z" : -2.618034
    },
    "orientation" : 5
  }, {
    "shape" : "76891f0b-4c82-416b-b825-c9f7fd7e6cac",
    "color" : "#F0A000",
    "position" : {
      "x" : 0.0,
      "y" : 5.236068,
      "z" : 5.236068
    },
    "orientation" : 54
  }, {
    "shape" : "76891f0b-4c82-416b-b825-c9f7fd7e6cac",
    "color" : "#F0A000",
    "position" : {
      "x" : 2.618034,
      "y" : -7.854102,
      "z" : 2.618034
    },
    "orientation" : 19
  }, {
    "shape" : "79a918dc-8d03-48e7-8a2a-4debaba07fbb",
    "color" : "#F2F2F2",
    "position" : {
      "x" : 0.0,
      "y" : -5.236068,
      "z" : -5.236068
    }
  }, {
    "shape" : "79a918dc-8d03-48e7-8a2a-4debaba07fbb",
    "color" : "#F2F2F2",
    "position" : {
      "x" : 0.0,
      "y" : 5.236068,
      "z" : -5.236068
    }
  }, {
    "shape" : "76891f0b-4c82-416b-b825-c9f7fd7e6cac",
    "color" : "#F0A000",
    "position" : {
      "x" : 0.0,
      "y" : -5.236068,
      "z" : -5.236068
    },
    "orientation" : 54
  }, {
    "shape" : "79a918dc-8d03-48e7-8a2a-4debaba07fbb",
    "color" : "#F2F2F2",
    "position" : {
      "x" : 7.854102,
      "y" : -2.618034,
      "z" : -2.618034
    }
  }, {
    "shape" : "79a918dc-8d03-48e7-8a2a-4debaba07fbb",
    "color" : "#F2F2F2",
    "position" : {
      "x" : -5.236068,
      "y" : -5.236068,
      "z" : 5.236068
    }
  }, {
    "shape" : "76891f0b-4c82-416b-b825-c9f7fd7e6cac",
    "color" : "#F0A000",
    "position" : {
      "x" : 5.236068,
      "y" : 5.236068,
      "z" : 0.0
    },
    "orientation" : 24
  }, {
    "shape" : "76891f0b-4c82-416b-b825-c9f7fd7e6cac",
    "color" : "#F0A000",
    "position" : {
      "x" : -5.236068,
      "y" : 5.236068,
      "z" : 0.0
    },
    "orientation" : 9
  }, {
    "shape" : "76891f0b-4c82-416b-b825-c9f7fd7e6cac",
    "color" : "#F0A000",
    "position" : {
      "x" : -5.236068,
      "y" : 0.0,
      "z" : 0.0
    },
    "orientation" : 39
  }, {
    "shape" : "76891f0b-4c82-416b-b825-c9f7fd7e6cac",
    "color" : "#F0A000",
    "position" : {
      "x" : 0.0,
      "y" : 0.0,
      "z" : -5.236068
    },
    "orientation" : 9
  }, {
    "shape" : "79a918dc-8d03-48e7-8a2a-4debaba07fbb",
    "color" : "#F2F2F2",
    "position" : {
      "x" : 0.0,
      "y" : 0.0,
      "z" : 10.472136
    }
  }, {
    "shape" : "76891f0b-4c82-416b-b825-c9f7fd7e6cac",
    "color" : "#F0A000",
    "position" : {
      "x" : 0.0,
      "y" : 5.236068,
      "z" : 0.0
    },
    "orientation" : 54
  }, {
    "shape" : "76891f0b-4c82-416b-b825-c9f7fd7e6cac",
    "color" : "#F0A000",
    "position" : {
      "x" : 5.236068,
      "y" : -5.236068,
      "z" : 0.0
    },
    "orientation" : 9
  }, {
    "shape" : "79a918dc-8d03-48e7-8a2a-4debaba07fbb",
    "color" : "#F2F2F2",
    "position" : {
      "x" : 2.618034,
      "y" : -2.618034,
      "z" : 7.854102
    }
  }, {
    "shape" : "76891f0b-4c82-416b-b825-c9f7fd7e6cac",
    "color" : "#F0A000",
    "position" : {
      "x" : 7.854102,
      "y" : -2.618034,
      "z" : 2.618034
    },
    "orientation" : 3
  }, {
    "shape" : "76891f0b-4c82-416b-b825-c9f7fd7e6cac",
    "color" : "#F0A000",
    "position" : {
      "x" : 0.0,
      "y" : 0.0,
      "z" : 5.236068
    },
    "orientation" : 54
  }, {
    "shape" : "76891f0b-4c82-416b-b825-c9f7fd7e6cac",
    "color" : "#F0A000",
    "position" : {
      "x" : 2.618034,
      "y" : -2.618034,
      "z" : 7.854102
    },
    "orientation" : 4
  }, {
    "shape" : "79a918dc-8d03-48e7-8a2a-4debaba07fbb",
    "color" : "#F2F2F2",
    "position" : {
      "x" : -2.618034,
      "y" : 2.618034,
      "z" : 2.618034
    }
  }, {
    "shape" : "79a918dc-8d03-48e7-8a2a-4debaba07fbb",
    "color" : "#F2F2F2",
    "position" : {
      "x" : -5.236068,
      "y" : 5.236068,
      "z" : -5.236068
    }
  }, {
    "shape" : "76891f0b-4c82-416b-b825-c9f7fd7e6cac",
    "color" : "#F0A000",
    "position" : {
      "x" : 7.854102,
      "y" : -2.618034,
      "z" : -2.618034
    },
    "orientation" : 19
  }, {
    "shape" : "79a918dc-8d03-48e7-8a2a-4debaba07fbb",
    "color" : "#F2F2F2",
    "position" : {
      "x" : 7.854102,
      "y" : 2.618034,
      "z" : -2.618034
    }
  }, {
    "shape" : "76891f0b-4c82-416b-b825-c9f7fd7e6cac",
    "color" : "#F0A000",
    "position" : {
      "x" : 2.618034,
      "y" : -2.618034,
      "z" : 2.618034
    },
    "orientation" : 5
  }, {
    "shape" : "76891f0b-4c82-416b-b825-c9f7fd7e6cac",
    "color" : "#F0A000",
    "position" : {
      "x" : 2.618034,
      "y" : -2.618034,
      "z" : -2.618034
    },
    "orientation" : 19
  }, {
    "shape" : "79a918dc-8d03-48e7-8a2a-4debaba07fbb",
    "color" : "#F2F2F2",
    "position" : {
      "x" : -2.618034,
      "y" : -7.854102,
      "z" : 2.618034
    }
  }, {
    "shape" : "76891f0b-4c82-416b-b825-c9f7fd7e6cac",
    "color" : "#F0A000",
    "position" : {
      "x" : 0.0,
      "y" : 0.0,
      "z" : 5.236068
    },
    "orientation" : 24
  }, {
    "shape" : "76891f0b-4c82-416b-b825-c9f7fd7e6cac",
    "color" : "#F0A000",
    "position" : {
      "x" : 2.618034,
      "y" : -7.854102,
      "z" : -2.618034
    },
    "orientation" : 3
  }, {
    "shape" : "79a918dc-8d03-48e7-8a2a-4debaba07fbb",
    "color" : "#F2F2F2",
    "position" : {
      "x" : 5.236068,
      "y" : -5.236068,
      "z" : 0.0
    }
  }, {
    "shape" : "79a918dc-8d03-48e7-8a2a-4debaba07fbb",
    "color" : "#F2F2F2",
    "position" : {
      "x" : 5.236068,
      "y" : 0.0,
      "z" : 0.0
    }
  }, {
    "shape" : "79a918dc-8d03-48e7-8a2a-4debaba07fbb",
    "color" : "#F2F2F2",
    "position" : {
      "x" : 0.0,
      "y" : 10.472136,
      "z" : 0.0
    }
  }, {
    "shape" : "79a918dc-8d03-48e7-8a2a-4debaba07fbb",
    "color" : "#F2F2F2",
    "position" : {
      "x" : 5.236068,
      "y" : 0.0,
      "z" : 5.236068
    }
  }, {
    "shape" : "76891f0b-4c82-416b-b825-c9f7fd7e6cac",
    "color" : "#F0A000",
    "position" : {
      "x" : 0.0,
      "y" : 0.0,
      "z" : 5.236068
    },
    "orientation" : 9
  }, {
    "shape" : "79a918dc-8d03-48e7-8a2a-4debaba07fbb",
    "color" : "#F2F2F2",
    "position" : {
      "x" : 0.0,
      "y" : 5.236068,
      "z" : 5.236068
    }
  }, {
    "shape" : "76891f0b-4c82-416b-b825-c9f7fd7e6cac",
    "color" : "#F0A000",
    "position" : {
      "x" : 0.0,
      "y" : -5.236068,
      "z" : 5.236068
    },
    "orientation" : 24
  }, {
    "shape" : "76891f0b-4c82-416b-b825-c9f7fd7e6cac",
    "color" : "#F0A000",
    "position" : {
      "x" : 0.0,
      "y" : 0.0,
      "z" : 0.0
    },
    "orientation" : 39
  }, {
    "shape" : "79a918dc-8d03-48e7-8a2a-4debaba07fbb",
    "color" : "#F2F2F2",
    "position" : {
      "x" : -5.236068,
      "y" : 5.236068,
      "z" : 0.0
    }
  }, {
    "shape" : "76891f0b-4c82-416b-b825-c9f7fd7e6cac",
    "color" : "#F0A000",
    "position" : {
      "x" : 5.236068,
      "y" : 5.236068,
      "z" : 0.0
    },
    "orientation" : 54
  }, {
    "shape" : "79a918dc-8d03-48e7-8a2a-4debaba07fbb",
    "color" : "#F2F2F2",
    "position" : {
      "x" : 2.618034,
      "y" : -2.618034,
      "z" : -2.618034
    }
  }, {
    "shape" : "79a918dc-8d03-48e7-8a2a-4debaba07fbb",
    "color" : "#F2F2F2",
    "position" : {
      "x" : -5.236068,
      "y" : 0.0,
      "z" : 0.0
    }
  }, {
    "shape" : "79a918dc-8d03-48e7-8a2a-4debaba07fbb",
    "color" : "#F2F2F2",
    "position" : {
      "x" : -2.618034,
      "y" : -2.618034,
      "z" : -2.618034
    }
  }, {
    "shape" : "76891f0b-4c82-416b-b825-c9f7fd7e6cac",
    "color" : "#F0A000",
    "position" : {
      "x" : 0.0,
      "y" : 0.0,
      "z" : -5.236068
    },
    "orientation" : 39
  }, {
    "shape" : "76891f0b-4c82-416b-b825-c9f7fd7e6cac",
    "color" : "#F0A000",
    "position" : {
      "x" : -2.618034,
      "y" : 7.854102,
      "z" : -2.618034
    },
    "orientation" : 19
  }, {
    "shape" : "76891f0b-4c82-416b-b825-c9f7fd7e6cac",
    "color" : "#F0A000",
    "position" : {
      "x" : -2.618034,
      "y" : -7.854102,
      "z" : -2.618034
    },
    "orientation" : 5
  }, {
    "shape" : "76891f0b-4c82-416b-b825-c9f7fd7e6cac",
    "color" : "#F0A000",
    "position" : {
      "x" : 7.854102,
      "y" : 2.618034,
      "z" : 2.618034
    },
    "orientation" : 4
  }, {
    "shape" : "76891f0b-4c82-416b-b825-c9f7fd7e6cac",
    "color" : "#F0A000",
    "position" : {
      "x" : 2.618034,
      "y" : -2.618034,
      "z" : -2.618034
    },
    "orientation" : 3
  }, {
    "shape" : "79a918dc-8d03-48e7-8a2a-4debaba07fbb",
    "color" : "#F2F2F2",
    "position" : {
      "x" : 5.236068,
      "y" : 5.236068,
      "z" : -5.236068
    }
  }, {
    "shape" : "76891f0b-4c82-416b-b825-c9f7fd7e6cac",
    "color" : "#F0A000",
    "position" : {
      "x" : 0.0,
      "y" : 5.236068,
      "z" : -5.236068
    },
    "orientation" : 24
  }, {
    "shape" : "76891f0b-4c82-416b-b825-c9f7fd7e6cac",
    "color" : "#F0A000",
    "position" : {
      "x" : 0.0,
      "y" : 5.236068,
      "z" : 0.0
    },
    "orientation" : 39
  }, {
    "shape" : "79a918dc-8d03-48e7-8a2a-4debaba07fbb",
    "color" : "#F2F2F2",
    "position" : {
      "x" : 0.0,
      "y" : -10.472136,
      "z" : 0.0
    }
  }, {
    "shape" : "76891f0b-4c82-416b-b825-c9f7fd7e6cac",
    "color" : "#F0A000",
    "position" : {
      "x" : -2.618034,
      "y" : 7.854102,
      "z" : 2.618034
    },
    "orientation" : 3
  }, {
    "shape" : "76891f0b-4c82-416b-b825-c9f7fd7e6cac",
    "color" : "#F0A000",
    "position" : {
      "x" : 2.618034,
      "y" : 2.618034,
      "z" : 7.854102
    },
    "orientation" : 3
  }, {
    "shape" : "79a918dc-8d03-48e7-8a2a-4debaba07fbb",
    "color" : "#F2F2F2",
    "position" : {
      "x" : -5.236068,
      "y" : -5.236068,
      "z" : -5.236068
    }
  }, {
    "shape" : "79a918dc-8d03-48e7-8a2a-4debaba07fbb",
    "color" : "#F2F2F2",
    "position" : {
      "x" : -2.618034,
      "y" : -2.618034,
      "z" : -7.854102
    }
  }, {
    "shape" : "79a918dc-8d03-48e7-8a2a-4debaba07fbb",
    "color" : "#F2F2F2",
    "position" : {
      "x" : -7.854102,
      "y" : -2.618034,
      "z" : 2.618034
    }
  }, {
    "shape" : "79a918dc-8d03-48e7-8a2a-4debaba07fbb",
    "color" : "#F2F2F2",
    "position" : {
      "x" : -2.618034,
      "y" : -2.618034,
      "z" : 2.618034
    }
  }, {
    "shape" : "79a918dc-8d03-48e7-8a2a-4debaba07fbb",
    "color" : "#F2F2F2",
    "position" : {
      "x" : 2.618034,
      "y" : -2.618034,
      "z" : -7.854102
    }
  }, {
    "shape" : "79a918dc-8d03-48e7-8a2a-4debaba07fbb",
    "color" : "#F2F2F2",
    "position" : {
      "x" : 0.0,
      "y" : 0.0,
      "z" : -10.472136
    }
  }, {
    "shape" : "76891f0b-4c82-416b-b825-c9f7fd7e6cac",
    "color" : "#F0A000",
    "position" : {
      "x" : 5.236068,
      "y" : 0.0,
      "z" : 5.236068
    },
    "orientation" : 39
  }, {
    "shape" : "79a918dc-8d03-48e7-8a2a-4debaba07fbb",
    "color" : "#F2F2F2",
    "position" : {
      "x" : 10.472136,
      "y" : 0.0,
      "z" : 0.0
    }
  }, {
    "shape" : "79a918dc-8d03-48e7-8a2a-4debaba07fbb",
    "color" : "#F2F2F2",
    "position" : {
      "x" : 2.618034,
      "y" : 2.618034,
      "z" : -2.618034
    }
  }, {
    "shape" : "76891f0b-4c82-416b-b825-c9f7fd7e6cac",
    "color" : "#F0A000",
    "position" : {
      "x" : 5.236068,
      "y" : 0.0,
      "z" : -5.236068
    },
    "orientation" : 9
  }, {
    "shape" : "79a918dc-8d03-48e7-8a2a-4debaba07fbb",
    "color" : "#F2F2F2",
    "position" : {
      "x" : 0.0,
      "y" : 0.0,
      "z" : -5.236068
    }
  }, {
    "shape" : "79a918dc-8d03-48e7-8a2a-4debaba07fbb",
    "color" : "#F2F2F2",
    "position" : {
      "x" : 7.854102,
      "y" : 2.618034,
      "z" : 2.618034
    }
  }, {
    "shape" : "79a918dc-8d03-48e7-8a2a-4debaba07fbb",
    "color" : "#F2F2F2",
    "position" : {
      "x" : 2.618034,
      "y" : -2.618034,
      "z" : 2.618034
    }
  }, {
    "shape" : "76891f0b-4c82-416b-b825-c9f7fd7e6cac",
    "color" : "#F0A000",
    "position" : {
      "x" : -2.618034,
      "y" : -2.618034,
      "z" : 2.618034
    },
    "orientation" : 19
  }, {
    "shape" : "76891f0b-4c82-416b-b825-c9f7fd7e6cac",
    "color" : "#F0A000",
    "position" : {
      "x" : 0.0,
      "y" : 5.236068,
      "z" : 5.236068
    },
    "orientation" : 39
  }, {
    "shape" : "79a918dc-8d03-48e7-8a2a-4debaba07fbb",
    "color" : "#F2F2F2",
    "position" : {
      "x" : 2.618034,
      "y" : 7.854102,
      "z" : -2.618034
    }
  }, {
    "shape" : "76891f0b-4c82-416b-b825-c9f7fd7e6cac",
    "color" : "#F0A000",
    "position" : {
      "x" : 0.0,
      "y" : 5.236068,
      "z" : 0.0
    },
    "orientation" : 24
  }, {
    "shape" : "76891f0b-4c82-416b-b825-c9f7fd7e6cac",
    "color" : "#F0A000",
    "position" : {
      "x" : 2.618034,
      "y" : 7.854102,
      "z" : -2.618034
    },
    "orientation" : 4
  }, {
    "shape" : "79a918dc-8d03-48e7-8a2a-4debaba07fbb",
    "color" : "#F2F2F2",
    "position" : {
      "x" : -7.854102,
      "y" : 2.618034,
      "z" : 2.618034
    }
  }, {
    "shape" : "76891f0b-4c82-416b-b825-c9f7fd7e6cac",
    "color" : "#F0A000",
    "position" : {
      "x" : 0.0,
      "y" : 0.0,
      "z" : -5.236068
    },
    "orientation" : 54
  }, {
    "shape" : "79a918dc-8d03-48e7-8a2a-4debaba07fbb",
    "color" : "#F2F2F2",
    "position" : {
      "x" : -2.618034,
      "y" : 2.618034,
      "z" : 7.854102
    }
  }, {
    "shape" : "76891f0b-4c82-416b-b825-c9f7fd7e6cac",
    "color" : "#F0A000",
    "position" : {
      "x" : -2.618034,
      "y" : 2.618034,
      "z" : 2.618034
    },
    "orientation" : 4
  }, {
    "shape" : "76891f0b-4c82-416b-b825-c9f7fd7e6cac",
    "color" : "#F0A000",
    "position" : {
      "x" : 0.0,
      "y" : -5.236068,
      "z" : 5.236068
    },
    "orientation" : 9
  }, {
    "shape" : "76891f0b-4c82-416b-b825-c9f7fd7e6cac",
    "color" : "#F0A000",
    "position" : {
      "x" : 5.236068,
      "y" : 0.0,
      "z" : 5.236068
    },
    "orientation" : 24
  }, {
    "shape" : "79a918dc-8d03-48e7-8a2a-4debaba07fbb",
    "color" : "#F2F2F2",
    "position" : {
      "x" : 5.236068,
      "y" : -5.236068,
      "z" : 5.236068
    }
  }, {
    "shape" : "76891f0b-4c82-416b-b825-c9f7fd7e6cac",
    "color" : "#F0A000",
    "position" : {
      "x" : -5.236068,
      "y" : 0.0,
      "z" : 0.0
    },
    "orientation" : 54
  }, {
    "shape" : "79a918dc-8d03-48e7-8a2a-4debaba07fbb",
    "color" : "#F2F2F2",
    "position" : {
      "x" : -5.236068,
      "y" : -5.236068,
      "z" : 0.0
    }
  }, {
    "shape" : "79a918dc-8d03-48e7-8a2a-4debaba07fbb",
    "color" : "#F2F2F2",
    "position" : {
      "x" : 5.236068,
      "y" : 5.236068,
      "z" : 5.236068
    }
  }, {
    "shape" : "76891f0b-4c82-416b-b825-c9f7fd7e6cac",
    "color" : "#F0A000",
    "position" : {
      "x" : -2.618034,
      "y" : -2.618034,
      "z" : -2.618034
    },
    "orientation" : 19
  }, {
    "shape" : "76891f0b-4c82-416b-b825-c9f7fd7e6cac",
    "color" : "#F0A000",
    "position" : {
      "x" : 2.618034,
      "y" : 2.618034,
      "z" : 2.618034
    },
    "orientation" : 5
  }, {
    "shape" : "76891f0b-4c82-416b-b825-c9f7fd7e6cac",
    "color" : "#F0A000",
