{
  "field" : "golden",
  "symmetry" : "icosahedral",
  "orientations" : [ [ 1.0, 0.0, 0.0, 0.0, 0.0, 1.0, 0.0, 0.0, 0.0, 0.0, 1.0, 0.0, 0.0, 0.0, 0.0, 1.0 ], [ 0.0, 0.0, 1.0, 0.0, 1.0, 0.0, 0.0, 0.0, 0.0, 1.0, 0.0, 0.0, 0.0, 0.0, 0.0, 1.0 ], [ 0.0, 1.0, 0.0, 0.0, 0.0, 0.0, 1.0, 0.0, 1.0, 0.0, 0.0, 0.0, 0.0, 0.0, 0.0, 1.0 ], [ 0.809017, 0.309017, 0.5, 0.0, 0.309017, 0.5, -0.809017, 0.0, -0.5, 0.809017, 0.309017, 0.0, 0.0, 0.0, 0.0, 1.0 ], [ -0.5, 0.809017, 0.309017, 0.0, 0.809017, 0.309017, 0.5, 0.0, 0.309017, 0.5, -0.809017, 0.0, 0.0, 0.0, 0.0, 1.0 ], [ 0.309017, 0.5, -0.809017, 0.0, -0.5, 0.809017, 0.309017, 0.0, 0.809017, 0.309017, 0.5, 0.0, 0.0, 0.0, 0.0, 1.0 ], [ 0.5, 0.809017, 0.309017, 0.0, 0.809017, -0.309017, -0.5, 0.0, -0.309017, 0.5, -0.809017, 0.0, 0.0, 0.0, 0.0, 1.0 ], [ -0.309017, 0.5, -0.809017, 0.0, 0.5, 0.809017, 0.309017, 0.0, 0.809017, -0.309017, -0.5, 0.0, 0.0, 0.0, 0.0, 1.0 ], [ 0.809017, -0.309017, -0.5, 0.0, -0.309017, 0.5, -0.809017, 0.0, 0.5, 0.809017, 0.309017, 0.0, 0.0, 0.0, 0.0, 1.0 ], [ 0.5, 0.809017, -0.309017, 0.0, 0.809017, -0.309017, 0.5, 0.0, 0.309017, -0.5, -0.809017, 0.0, 0.0, 0.0, 0.0, 1.0 ], [ 0.309017, -0.5, -0.809017, 0.0, 0.5, 0.809017, -0.309017, 0.0, 0.809017, -0.309017, 0.5, 0.0, 0.0, 0.0, 0.0, 1.0 ], [ 0.809017, -0.309017, 0.5, 0.0, 0.309017, -0.5, -0.809017, 0.0, 0.5, 0.809017, -0.309017, 0.0, 0.0, 0.0, 0.0, 1.0 ], [ 0.809017, 0.309017, -0.5, 0.0, 0.309017, 0.5, 0.809017, 0.0, 0.5, -0.809017, 0.309017, 0.0, 0.0, 0.0, 0.0, 1.0 ], [ 0.5, -0.809017, 0.309017, 0.0, 0.809017, 0.309017, -0.5, 0.0, 0.309017, 0.5, 0.809017, 0.0, 0.0, 0.0, 0.0, 1.0 ], [ 0.309017, 0.5, 0.809017, 0.0, 0.5, -0.809017, 0.309017, 0.0, 0.809017, 0.309017, -0.5, 0.0, 0.0, 0.0, 0.0, 1.0 ], [ 1.0, 0.0, 0.0, 0.0, 0.0, -1.0, 0.0, 0.0, 0.0, 0.0, -1.0, 0.0, 0.0, 0.0, 0.0, 1.0 ], [ 0.0, 0.0, 1.0, 0.0, -1.0, 0.0, 0.0, 0.0, 0.0, -1.0, 0.0, 0.0, 0.0, 0.0, 0.0, 1.0 ], [ 0.0, 1.0, 0.0, 0.0, 0.0, 0.0, -1.0, 0.0, -1.0, 0.0, 0.0, 0.0, 0.0, 0.0, 0.0, 1.0 ], [ 0.809017, 0.309017, 0.5, 0.0, -0.309017, -0.5, 0.809017, 0.0, 0.5, -0.809017, -0.309017, 0.0, 0.0, 0.0, 0.0, 1.0 ], [ -0.5, 0.809017, 0.309017, 0.0, -0.809017, -0.309017, -0.5, 0.0, -0.309017, -0.5, 0.809017, 0.0, 0.0, 0.0, 0.0, 1.0 ], [ 0.309017, 0.5, -0.809017, 0.0, 0.5, -0.809017, -0.309017, 0.0, -0.809017, -0.309017, -0.5, 0.0, 0.0, 0.0, 0.0, 1.0 ], [ 0.5, 0.809017, 0.309017, 0.0, -0.809017, 0.309017, 0.5, 0.0, 0.309017, -0.5, 0.809017, 0.0, 0.0, 0.0, 0.0, 1.0 ], [ -0.309017, 0.5, -0.809017, 0.0, -0.5, -0.809017, -0.309017, 0.0, -0.809017, 0.309017, 0.5, 0.0, 0.0, 0.0, 0.0, 1.0 ], [ 0.809017, -0.309017, -0.5, 0.0, 0.309017, -0.5, 0.809017, 0.0, -0.5, -0.809017, -0.309017, 0.0, 0.0, 0.0, 0.0, 1.0 ], [ 0.5, 0.809017, -0.309017, 0.0, -0.809017, 0.309017, -0.5, 0.0, -0.309017, 0.5, 0.809017, 0.0, 0.0, 0.0, 0.0, 1.0 ], [ 0.309017, -0.5, -0.809017, 0.0, -0.5, -0.809017, 0.309017, 0.0, -0.809017, 0.309017, -0.5, 0.0, 0.0, 0.0, 0.0, 1.0 ], [ 0.809017, -0.309017, 0.5, 0.0, -0.309017, 0.5, 0.809017, 0.0, -0.5, -0.809017, 0.309017, 0.0, 0.0, 0.0, 0.0, 1.0 ], [ 0.809017, 0.309017, -0.5, 0.0, -0.309017, -0.5, -0.809017, 0.0, -0.5, 0.809017, -0.309017, 0.0, 0.0, 0.0, 0.0, 1.0 ], [ 0.5, -0.809017, 0.309017, 0.0, -0.809017, -0.309017, 0.5, 0.0, -0.309017, -0.5, -0.809017, 0.0, 0.0, 0.0, 0.0, 1.0 ], [ 0.309017, 0.5, 0.809017, 0.0, -0.5, 0.809017, -0.309017, 0.0, -0.809017, -0.309017, 0.5, 0.0, 0.0, 0.0, 0.0, 1.0 ], [ -1.0, 0.0, 0.0, 0.0, 0.0, -1.0, 0.0, 0.0, 0.0, 0.0, 1.0, 0.0, 0.0, 0.0, 0.0, 1.0 ], [ 0.0, 0.0, -1.0, 0.0, -1.0, 0.0, 0.0, 0.0, 0.0, 1.0, 0.0, 0.0, 0.0, 0.0, 0.0, 1.0 ], [ 0.0, -1.0, 0.0, 0.0, 0.0, 0.0, -1.0, 0.0, 1.0, 0.0, 0.0, 0.0, 0.0, 0.0, 0.0, 1.0 ], [ -0.809017, -0.309017, -0.5, 0.0, -0.309017, -0.5, 0.809017, 0.0, -0.5, 0.809017, 0.309017, 0.0, 0.0, 0.0, 0.0, 1.0 ], [ 0.5, -0.809017, -0.309017, 0.0, -0.809017, -0.309017, -0.5, 0.0, 0.309017, 0.5, -0.809017, 0.0, 0.0, 0.0, 0.0, 1.0 ], [ -0.309017, -0.5, 0.809017, 0.0, 0.5, -0.809017, -0.309017, 0.0, 0.809017, 0.309017, 0.5, 0.0, 0.0, 0.0, 0.0, 1.0 ], [ -0.5, -0.809017, -0.309017, 0.0, -0.809017, 0.309017, 0.5, 0.0, -0.309017, 0.5, -0.809017, 0.0, 0.0, 0.0, 0.0, 1.0 ], [ 0.309017, -0.5, 0.809017, 0.0, -0.5, -0.809017, -0.309017, 0.0, 0.809017, -0.309017, -0.5, 0.0, 0.0, 0.0, 0.0, 1.0 ], [ -0.809017, 0.309017, 0.5, 0.0, 0.309017, -0.5, 0.809017, 0.0, 0.5, 0.809017, 0.309017, 0.0, 0.0, 0.0, 0.0, 1.0 ], [ -0.5, -0.809017, 0.309017, 0.0, -0.809017, 0.309017, -0.5, 0.0, 0.309017, -0.5, -0.809017, 0.0, 0.0, 0.0, 0.0, 1.0 ], [ -0.309017, 0.5, 0.809017, 0.0, -0.5, -0.809017, 0.309017, 0.0, 0.809017, -0.309017, 0.5, 0.0, 0.0, 0.0, 0.0, 1.0 ], [ -0.809017, 0.309017, -0.5, 0.0, -0.309017, 0.5, 0.809017, 0.0, 0.5, 0.809017, -0.309017, 0.0, 0.0, 0.0, 0.0, 1.0 ], [ -0.809017, -0.309017, 0.5, 0.0, -0.309017, -0.5, -0.809017, 0.0, 0.5, -0.809017, 0.309017, 0.0, 0.0, 0.0, 0.0, 1.0 ], [ -0.5, 0.809017, -0.309017, 0.0, -0.809017, -0.309017, 0.5, 0.0, 0.309017, 0.5, 0.809017, 0.0, 0.0, 0.0, 0.0, 1.0 ], [ -0.309017, -0.5, -0.809017, 0.0, -0.5, 0.809017, -0.309017, 0.0, 0.809017, 0.309017, -0.5, 0.0, 0.0, 0.0, 0.0, 1.0 ], [ -1.0, 0.0, 0.0, 0.0, 0.0, 1.0, 0.0, 0.0, 0.0, 0.0, -1.0, 0.0, 0.0, 0.0, 0.0, 1.0 ], [ 0.0, 0.0, -1.0, 0.0, 1.0, 0.0, 0.0, 0.0, 0.0, -1.0, 0.0, 0.0, 0.0, 0.0, 0.0, 1.0 ], [ 0.0, -1.0, 0.0, 0.0, 0.0, 0.0, 1.0, 0.0, -1.0, 0.0, 0.0, 0.0, 0.0, 0.0, 0.0, 1.0 ], [ -0.809017, -0.309017, -0.5, 0.0, 0.309017, 0.5, -0.809017, 0.0, 0.5, -0.809017, -0.309017, 0.0, 0.0, 0.0, 0.0, 1.0 ], [ 0.5, -0.809017, -0.309017, 0.0, 0.809017, 0.309017, 0.5, 0.0, -0.309017, -0.5, 0.809017, 0.0, 0.0, 0.0, 0.0, 1.0 ], [ -0.309017, -0.5, 0.809017, 0.0, -0.5, 0.809017, 0.309017, 0.0, -0.809017, -0.309017, -0.5, 0.0, 0.0, 0.0, 0.0, 1.0 ], [ -0.5, -0.809017, -0.309017, 0.0, 0.809017, -0.309017, -0.5, 0.0, 0.309017, -0.5, 0.809017, 0.0, 0.0, 0.0, 0.0, 1.0 ], [ 0.309017, -0.5, 0.809017, 0.0, 0.5, 0.809017, 0.309017, 0.0, -0.809017, 0.309017, 0.5, 0.0, 0.0, 0.0, 0.0, 1.0 ], [ -0.809017, 0.309017, 0.5, 0.0, -0.309017, 0.5, -0.809017, 0.0, -0.5, -0.809017, -0.309017, 0.0, 0.0, 0.0, 0.0, 1.0 ], [ -0.5, -0.809017, 0.309017, 0.0, 0.809017, -0.309017, 0.5, 0.0, -0.309017, 0.5, 0.809017, 0.0, 0.0, 0.0, 0.0, 1.0 ], [ -0.309017, 0.5, 0.809017, 0.0, 0.5, 0.809017, -0.309017, 0.0, -0.809017, 0.309017, -0.5, 0.0, 0.0, 0.0, 0.0, 1.0 ], [ -0.809017, 0.309017, -0.5, 0.0, 0.309017, -0.5, -0.809017, 0.0, -0.5, -0.809017, 0.309017, 0.0, 0.0, 0.0, 0.0, 1.0 ], [ -0.809017, -0.309017, 0.5, 0.0, 0.309017, 0.5, 0.809017, 0.0, -0.5, 0.809017, -0.309017, 0.0, 0.0, 0.0, 0.0, 1.0 ], [ -0.5, 0.809017, -0.309017, 0.0, 0.809017, 0.309017, -0.5, 0.0, -0.309017, -0.5, -0.809017, 0.0, 0.0, 0.0, 0.0, 1.0 ], [ -0.309017, -0.5, -0.809017, 0.0, 0.5, -0.809017, 0.309017, 0.0, -0.809017, -0.309017, 0.5, 0.0, 0.0, 0.0, 0.0, 1.0 ] ],
  "lights" : {
    "ambientColor" : "#292929",
    "backgroundColor" : "#E0EFFF",
    "directionalLights" : [ {
      "direction" : {
        "x" : 1.0,
        "y" : -1.0,
        "z" : -1.0
      },
      "color" : "#EBEBE4"
    }, {
      "direction" : {
        "x" : -1.0,
        "y" : 0.0,
        "z" : 0.0
      },
      "color" : "#E4E4EB"
    }, {
      "direction" : {
        "x" : 0.0,
        "y" : 0.0,
        "z" : -1.0
      },
      "color" : "#1E1E1E"
    } ]
  },
  "camera" : {
    "width" : 40.869,
    "stereo" : false,
    "viewDistance" : 90.81999,
    "nearClipDistance" : 0.22705,
    "farClipDistance" : 181.64,
    "lookAtPoint" : {
      "x" : 0.0,
      "y" : 0.0,
      "z" : 0.0
    },
    "fieldOfView" : 0.44262892,
    "perspective" : true,
    "lookDirection" : {
      "x" : 0.0,
      "y" : 0.0,
      "z" : 1.0
    },
    "upDirection" : {
      "x" : -1.0,
      "y" : 0.0,
      "z" : 0.0
    },
    "position" : {
      "x" : 0.0,
      "y" : 0.0,
      "z" : -90.81999
    }
  },
  "embedding" : [ 1.0, 0.0, 0.0, 0.0, 0.0, 1.0, 0.0, 0.0, 0.0, 0.0, 1.0, 0.0, 0.0, 0.0, 0.0, 1.0 ],
  "shapes" : [ {
    "id" : "20588bab-0922-4235-b5ef-87ce1da2e153",
    "vertices" : [ {
      "x" : 4.236068,
      "y" : 0.0,
      "z" : -1.618034
    }, {
      "x" : 3.927051,
      "y" : 0.0,
      "z" : -1.5
    }, {
      "x" : 3.5225425,
      "y" : -0.1545085,
      "z" : -1.059017
    }, {
      "x" : 3.3315594,
      "y" : -0.1545085,
      "z" : -1.559017
    }, {
      "x" : 0.9045085,
      "y" : -0.1545085,
      "z" : -0.059016995
    }, {
      "x" : 0.809017,
      "y" : 0.309017,
      "z" : -0.309017
    }, {
      "x" : 0.309017,
      "y" : 0.0,
      "z" : -0.11803399
    }, {
      "x" : 3.427051,
      "y" : 0.309017,
      "z" : -1.309017
    }, {
      "x" : 0.7135255,
      "y" : -0.1545085,
      "z" : -0.559017
    } ],
    "faces" : [ {
      "vertices" : [ 2, 4, 8 ]
    }, {
      "vertices" : [ 2, 8, 3 ]
    }, {
      "vertices" : [ 2, 7, 5 ]
    }, {
      "vertices" : [ 2, 5, 4 ]
    }, {
      "vertices" : [ 4, 6, 8 ]
    }, {
      "vertices" : [ 5, 8, 6 ]
    }, {
      "vertices" : [ 1, 2, 3 ]
    }, {
      "vertices" : [ 3, 8, 5 ]
    }, {
      "vertices" : [ 3, 5, 7 ]
    }, {
      "vertices" : [ 1, 7, 2 ]
    }, {
      "vertices" : [ 1, 3, 7 ]
    }, {
      "vertices" : [ 4, 5, 6 ]
    } ]
  }, {
    "id" : "48f9bc06-2662-4cec-a90b-578b3e46dfdb",
    "vertices" : [ {
      "x" : 0.309017,
      "y" : -0.309017,
      "z" : -0.309017
    }, {
      "x" : 0.5,
      "y" : 0.0,
      "z" : -0.19098301
    }, {
      "x" : 0.5,
      "y" : 0.0,
      "z" : 0.19098301
    }, {
      "x" : 0.309017,
      "y" : -0.309017,
      "z" : 0.309017
    }, {
      "x" : 0.19098301,
      "y" : -0.5,
      "z" : 0.0
    }, {
      "x" : 0.0,
      "y" : 0.19098301,
      "z" : 0.5
    }, {
      "x" : 0.0,
      "y" : -0.19098301,
      "z" : 0.5
    }, {
      "x" : 0.309017,
      "y" : 0.309017,
      "z" : 0.309017
    }, {
      "x" : -0.309017,
      "y" : -0.309017,
      "z" : 0.309017
    }, {
      "x" : -0.309017,
      "y" : 0.309017,
      "z" : 0.309017
    }, {
      "x" : -0.5,
      "y" : 0.0,
      "z" : 0.19098301
    }, {
      "x" : 0.0,
      "y" : -0.19098301,
      "z" : -0.5
    }, {
      "x" : 0.0,
      "y" : 0.19098301,
      "z" : -0.5
    }, {
      "x" : 0.309017,
      "y" : 0.309017,
      "z" : -0.309017
    }, {
      "x" : -0.309017,
      "y" : -0.309017,
      "z" : -0.309017
    }, {
      "x" : -0.19098301,
      "y" : -0.5,
      "z" : 0.0
    }, {
      "x" : -0.5,
      "y" : 0.0,
      "z" : -0.19098301
    }, {
      "x" : 0.19098301,
      "y" : 0.5,
      "z" : 0.0
    }, {
      "x" : -0.309017,
      "y" : 0.309017,
      "z" : -0.309017
    }, {
      "x" : 0.0,
      "y" : 0.0,
      "z" : 0.0
    }, {
      "x" : -0.19098301,
      "y" : 0.5,
      "z" : 0.0
    } ],
    "faces" : [ {
      "vertices" : [ 12, 18, 20 ]
    }, {
      "vertices" : [ 12, 20, 17 ]
    }, {
      "vertices" : [ 12, 17, 13 ]
    }, {
      "vertices" : [ 3, 6, 8 ]
    }, {
      "vertices" : [ 3, 8, 15 ]
    }, {
      "vertices" : [ 3, 15, 4 ]
    }, {
      "vertices" : [ 0, 11, 12 ]
    }, {
      "vertices" : [ 0, 12, 13 ]
    }, {
      "vertices" : [ 0, 13, 1 ]
    }, {
      "vertices" : [ 5, 9, 10 ]
    }, {
      "vertices" : [ 5, 10, 8 ]
    }, {
      "vertices" : [ 5, 8, 6 ]
    }, {
      "vertices" : [ 2, 7, 5 ]
    }, {
      "vertices" : [ 2, 5, 6 ]
    }, {
      "vertices" : [ 2, 6, 3 ]
    }, {
      "vertices" : [ 11, 14, 16 ]
    }, {
      "vertices" : [ 11, 16, 18 ]
    }, {
      "vertices" : [ 11, 18, 12 ]
    }, {
      "vertices" : [ 1, 13, 17 ]
    }, {
      "vertices" : [ 1, 17, 7 ]
    }, {
      "vertices" : [ 1, 7, 2 ]
    }, {
      "vertices" : [ 9, 20, 18 ]
    }, {
      "vertices" : [ 9, 18, 16 ]
    }, {
      "vertices" : [ 9, 16, 10 ]
    }, {
      "vertices" : [ 0, 1, 2 ]
    }, {
      "vertices" : [ 0, 2, 3 ]
    }, {
      "vertices" : [ 0, 3, 4 ]
    }, {
      "vertices" : [ 5, 7, 17 ]
    }, {
      "vertices" : [ 5, 17, 20 ]
    }, {
      "vertices" : [ 5, 20, 9 ]
    }, {
      "vertices" : [ 0, 4, 15 ]
    }, {
      "vertices" : [ 0, 15, 14 ]
    }, {
      "vertices" : [ 0, 14, 11 ]
    }, {
      "vertices" : [ 8, 10, 16 ]
    }, {
      "vertices" : [ 8, 16, 14 ]
    }, {
      "vertices" : [ 8, 14, 15 ]
    } ]
  } ],
  "instances" : [ {
    "shape" : "20588bab-0922-4235-b5ef-87ce1da2e153",
    "color" : "#F0A000",
    "position" : {
      "x" : -2.618034,
      "y" : -2.618034,
      "z" : 2.618034
    },
    "orientation" : 4
  }, {
    "shape" : "20588bab-0922-4235-b5ef-87ce1da2e153",
    "color" : "#F0A000",
    "position" : {
      "x" : 2.618034,
      "y" : -2.618034,
      "z" : -7.854102
    },
    "orientation" : 5
  }, {
    "shape" : "20588bab-0922-4235-b5ef-87ce1da2e153",
    "color" : "#F0A000",
    "position" : {
      "x" : 2.618034,
      "y" : -7.854102,
      "z" : 2.618034
    },
    "orientation" : 19
  }, {
    "shape" : "20588bab-0922-4235-b5ef-87ce1da2e153",
    "color" : "#F0A000",
    "position" : {
      "x" : 2.618034,
      "y" : -7.854102,
      "z" : -2.618034
    },
    "orientation" : 3
  }, {
    "shape" : "48f9bc06-2662-4cec-a90b-578b3e46dfdb",
    "color" : "#FFFFFF",
    "position" : {
      "x" : 0.0,
      "y" : 5.236068,
      "z" : 0.0
    }
  }, {
    "shape" : "48f9bc06-2662-4cec-a90b-578b3e46dfdb",
    "color" : "#FFFFFF",
    "position" : {
      "x" : -7.854102,
      "y" : 2.618034,
      "z" : -2.618034
    }
  }, {
    "shape" : "48f9bc06-2662-4cec-a90b-578b3e46dfdb",
    "color" : "#FFFFFF",
    "position" : {
      "x" : 5.236068,
      "y" : 0.0,
      "z" : 0.0
    }
  }, {
    "shape" : "48f9bc06-2662-4cec-a90b-578b3e46dfdb",
    "color" : "#FFFFFF",
    "position" : {
      "x" : -7.854102,
      "y" : -2.618034,
      "z" : 2.618034
    }
  }, {
    "shape" : "20588bab-0922-4235-b5ef-87ce1da2e153",
    "color" : "#F0A000",
    "position" : {
      "x" : 2.618034,
      "y" : 7.854102,
      "z" : 2.618034
    },
    "orientation" : 5
  }, {
    "shape" : "48f9bc06-2662-4cec-a90b-578b3e46dfdb",
    "color" : "#FFFFFF",
    "position" : {
      "x" : 0.0,
      "y" : 10.472136,
      "z" : 0.0
    }
  }, {
    "shape" : "48f9bc06-2662-4cec-a90b-578b3e46dfdb",
    "color" : "#FFFFFF",
    "position" : {
      "x" : -2.618034,
      "y" : 7.854102,
      "z" : -2.618034
    }
  }, {
    "shape" : "20588bab-0922-4235-b5ef-87ce1da2e153",
    "color" : "#F0A000",
    "position" : {
      "x" : -2.618034,
      "y" : -2.618034,
      "z" : -2.618034
    },
    "orientation" : 19
  }, {
    "shape" : "48f9bc06-2662-4cec-a90b-578b3e46dfdb",
    "color" : "#FFFFFF",
    "position" : {
      "x" : -5.236068,
      "y" : 0.0,
      "z" : -5.236068
    }
  }, {
    "shape" : "20588bab-0922-4235-b5ef-87ce1da2e153",
    "color" : "#F0A000",
    "position" : {
      "x" : 2.618034,
      "y" : -2.618034,
      "z" : -2.618034
    },
    "orientation" : 19
  }, {
    "shape" : "20588bab-0922-4235-b5ef-87ce1da2e153",
    "color" : "#F0A000",
    "position" : {
      "x" : 2.618034,
      "y" : 7.854102,
      "z" : -2.618034
    },
    "orientation" : 4
  }, {
    "shape" : "48f9bc06-2662-4cec-a90b-578b3e46dfdb",
    "color" : "#FFFFFF",
    "position" : {
      "x" : 5.236068,
      "y" : -5.236068,
      "z" : -5.236068
    }
  }, {
    "shape" : "20588bab-0922-4235-b5ef-87ce1da2e153",
    "color" : "#F0A000",
    "position" : {
      "x" : 0.0,
      "y" : 0.0,
      "z" : 0.0
    },
    "orientation" : 39
  }, {
    "shape" : "20588bab-0922-4235-b5ef-87ce1da2e153",
    "color" : "#F0A000",
    "position" : {
      "x" : 2.618034,
      "y" : 2.618034,
      "z" : 7.854102
    },
    "orientation" : 3
  }, {
    "shape" : "20588bab-0922-4235-b5ef-87ce1da2e153",
    "color" : "#F0A000",
    "position" : {
      "x" : 0.0,
      "y" : 5.236068,
      "z" : -5.236068
    },
    "orientation" : 9
  }, {
    "shape" : "20588bab-0922-4235-b5ef-87ce1da2e153",
    "color" : "#F0A000",
    "position" : {
      "x" : 0.0,
      "y" : -5.236068,
      "z" : -5.236068
    },
    "orientation" : 39
  }, {
    "shape" : "20588bab-0922-4235-b5ef-87ce1da2e153",
    "color" : "#F0A000",
    "position" : {
      "x" : -7.854102,
      "y" : 2.618034,
      "z" : 2.618034
    },
    "orientation" : 19
  }, {
    "shape" : "20588bab-0922-4235-b5ef-87ce1da2e153",
    "color" : "#F0A000",
    "position" : {
      "x" : 5.236068,
      "y" : 0.0,
      "z" : -5.236068
    },
    "orientation" : 54
  }, {
    "shape" : "48f9bc06-2662-4cec-a90b-578b3e46dfdb",
    "color" : "#FFFFFF",
    "position" : {
      "x" : 5.236068,
      "y" : 0.0,
      "z" : -5.236068
    }
  }, {
    "shape" : "48f9bc06-2662-4cec-a90b-578b3e46dfdb",
    "color" : "#FFFFFF",
    "position" : {
      "x" : -2.618034,
      "y" : -2.618034,
      "z" : 7.854102
    }
  }, {
    "shape" : "20588bab-0922-4235-b5ef-87ce1da2e153",
    "color" : "#F0A000",
    "position" : {
      "x" : -7.854102,
      "y" : 2.618034,
      "z" : -2.618034
    },
    "orientation" : 3
  }, {
    "shape" : "20588bab-0922-4235-b5ef-87ce1da2e153",
    "color" : "#F0A000",
    "position" : {
      "x" : -5.236068,
      "y" : 0.0,
      "z" : 0.0
    },
    "orientation" : 54
  }, {
    "shape" : "48f9bc06-2662-4cec-a90b-578b3e46dfdb",
    "color" : "#FFFFFF",
    "position" : {
      "x" : -5.236068,
      "y" : -5.236068,
      "z" : 5.236068
    }
  }, {
    "shape" : "20588bab-0922-4235-b5ef-87ce1da2e153",
    "color" : "#F0A000",
    "position" : {
      "x" : 0.0,
      "y" : -5.236068,
      "z" : 0.0
    },
    "orientation" : 39
  }, {
    "shape" : "48f9bc06-2662-4cec-a90b-578b3e46dfdb",
    "color" : "#FFFFFF",
    "position" : {
      "x" : 2.618034,
      "y" : -2.618034,
      "z" : -2.618034
    }
  }, {
    "shape" : "20588bab-0922-4235-b5ef-87ce1da2e153",
    "color" : "#F0A000",
    "position" : {
      "x" : 5.236068,
      "y" : 0.0,
      "z" : 0.0
    },
    "orientation" : 9
  }, {
    "shape" : "48f9bc06-2662-4cec-a90b-578b3e46dfdb",
    "color" : "#FFFFFF",
    "position" : {
      "x" : -5.236068,
      "y" : 5.236068,
      "z" : 5.236068
    }
  }, {
    "shape" : "20588bab-0922-4235-b5ef-87ce1da2e153",
    "color" : "#F0A000",
    "position" : {
      "x" : 0.0,
      "y" : -5.236068,
      "z" : 0.0
    },
    "orientation" : 54
  }, {
    "shape" : "20588bab-0922-4235-b5ef-87ce1da2e153",
    "color" : "#F0A000",
    "position" : {
      "x" : -5.236068,
      "y" : -5.236068,
      "z" : 0.0
    },
    "orientation" : 24
  }, {
    "shape" : "48f9bc06-2662-4cec-a90b-578b3e46dfdb",
    "color" : "#FFFFFF",
    "position" : {
      "x" : 2.618034,
      "y" : 2.618034,
      "z" : -2.618034
    }
  }, {
    "shape" : "20588bab-0922-4235-b5ef-87ce1da2e153",
    "color" : "#F0A000",
    "position" : {
      "x" : 5.236068,
      "y" : -5.236068,
      "z" : 0.0
    },
    "orientation" : 39
  }, {
    "shape" : "20588bab-0922-4235-b5ef-87ce1da2e153",
    "color" : "#F0A000",
    "position" : {
      "x" : 0.0,
      "y" : 0.0,
      "z" : -5.236068
    },
    "orientation" : 24
  }, {
    "shape" : "48f9bc06-2662-4cec-a90b-578b3e46dfdb",
    "color" : "#FFFFFF",
    "position" : {
      "x" : 5.236068,
      "y" : 5.236068,
      "z" : 0.0
    }
  }, {
    "shape" : "20588bab-0922-4235-b5ef-87ce1da2e153",
    "color" : "#F0A000",
    "position" : {
      "x" : 0.0,
      "y" : -5.236068,
      "z" : 0.0
    },
    "orientation" : 24
  }, {
    "shape" : "48f9bc06-2662-4cec-a90b-578b3e46dfdb",
    "color" : "#FFFFFF",
    "position" : {
      "x" : 5.236068,
      "y" : 5.236068,
      "z" : 5.236068
    }
  }, {
    "shape" : "48f9bc06-2662-4cec-a90b-578b3e46dfdb",
    "color" : "#FFFFFF",
    "position" : {
      "x" : -5.236068,
      "y" : 5.236068,
      "z" : -5.236068
    }
  }, {
    "shape" : "48f9bc06-2662-4cec-a90b-578b3e46dfdb",
    "color" : "#FFFFFF",
    "position" : {
      "x" : -2.618034,
      "y" : 2.618034,
      "z" : 7.854102
    }
  }, {
    "shape" : "20588bab-0922-4235-b5ef-87ce1da2e153",
    "color" : "#F0A000",
    "position" : {
      "x" : 5.236068,
      "y" : 5.236068,
      "z" : 0.0
    },
    "orientation" : 54
  }, {
    "shape" : "20588bab-0922-4235-b5ef-87ce1da2e153",
    "color" : "#F0A000",
    "position" : {
      "x" : 7.854102,
      "y" : -2.618034,
      "z" : -2.618034
    },
    "orientation" : 19
  }, {
    "shape" : "20588bab-0922-4235-b5ef-87ce1da2e153",
    "color" : "#F0A000",
    "position" : {
      "x" : 2.618034,
      "y" : 2.618034,
      "z" : -7.854102
    },
    "orientation" : 19
  }, {
    "shape" : "48f9bc06-2662-4cec-a90b-578b3e46dfdb",
    "color" : "#FFFFFF",
    "position" : {
      "x" : -2.618034,
      "y" : -7.854102,
      "z" : -2.618034
    }
  }, {
    "shape" : "48f9bc06-2662-4cec-a90b-578b3e46dfdb",
    "color" : "#FFFFFF",
    "position" : {
      "x" : 2.618034,
      "y" : 2.618034,
      "z" : -7.854102
    }
  }, {
    "shape" : "20588bab-0922-4235-b5ef-87ce1da2e153",
    "color" : "#F0A000",
    "position" : {
      "x" : 7.854102,
      "y" : 2.618034,
      "z" : 2.618034
    },
    "orientation" : 4
  }, {
    "shape" : "20588bab-0922-4235-b5ef-87ce1da2e153",
    "color" : "#F0A000",
    "position" : {
      "x" : 0.0,
      "y" : 5.236068,
      "z" : 0.0
    },
    "orientation" : 39
  }, {
    "shape" : "20588bab-0922-4235-b5ef-87ce1da2e153",
    "color" : "#F0A000",
    "position" : {
      "x" : -2.618034,
      "y" : 7.854102,
      "z" : -2.618034
    },
    "orientation" : 19
  }, {
    "shape" : "48f9bc06-2662-4cec-a90b-578b3e46dfdb",
    "color" : "#FFFFFF",
    "position" : {
      "x" : 0.0,
      "y" : 0.0,
      "z" : 0.0
    }
  }, {
    "shape" : "20588bab-0922-4235-b5ef-87ce1da2e153",
    "color" : "#F0A000",
    "position" : {
      "x" : 0.0,
      "y" : -5.236068,
      "z" : 5.236068
    },
    "orientation" : 24
  }, {
    "shape" : "20588bab-0922-4235-b5ef-87ce1da2e153",
    "color" : "#F0A000",
    "position" : {
      "x" : 2.618034,
      "y" : -2.618034,
      "z" : -2.618034
    },
    "orientation" : 3
  }, {
    "shape" : "20588bab-0922-4235-b5ef-87ce1da2e153",
    "color" : "#F0A000",
    "position" : {
      "x" : 0.0,
      "y" : 5.236068,
      "z" : 0.0
    },
    "orientation" : 9
  }, {
    "shape" : "20588bab-0922-4235-b5ef-87ce1da2e153",
    "color" : "#F0A000",
    "position" : {
      "x" : 5.236068,
      "y" : 0.0,
      "z" : 0.0
    },
    "orientation" : 54
  }, {
    "shape" : "20588bab-0922-4235-b5ef-87ce1da2e153",
    "color" : "#F0A000",
    "position" : {
      "x" : 0.0,
      "y" : 5.236068,
      "z" : 5.236068
    },
    "orientation" : 39
  }, {
    "shape" : "48f9bc06-2662-4cec-a90b-578b3e46dfdb",
    "color" : "#FFFFFF",
    "position" : {
      "x" : -2.618034,
      "y" : -2.618034,
      "z" : -7.854102
    }
  }, {
    "shape" : "20588bab-0922-4235-b5ef-87ce1da2e153",
    "color" : "#F0A000",
    "position" : {
      "x" : -2.618034,
      "y" : 2.618034,
      "z" : -2.618034
    },
    "orientation" : 3
  }, {
    "shape" : "20588bab-0922-4235-b5ef-87ce1da2e153",
    "color" : "#F0A000",
    "position" : {
      "x" : -5.236068,
      "y" : 0.0,
      "z" : -5.236068
    },
    "orientation" : 24
  }, {
    "shape" : "48f9bc06-2662-4cec-a90b-578b3e46dfdb",
    "color" : "#FFFFFF",
    "position" : {
      "x" : 0.0,
      "y" : 0.0,
      "z" : -5.236068
    }
  }, {
    "shape" : "48f9bc06-2662-4cec-a90b-578b3e46dfdb",
    "color" : "#FFFFFF",
    "position" : {
      "x" : 5.236068,
      "y" : 0.0,
      "z" : 5.236068
    }
  }, {
    "shape" : "48f9bc06-2662-4cec-a90b-578b3e46dfdb",
    "color" : "#FFFFFF",
    "position" : {
      "x" : -2.618034,
      "y" : 2.618034,
      "z" : -2.618034
    }
  }, {
    "shape" : "20588bab-0922-4235-b5ef-87ce1da2e153",
    "color" : "#F0A000",
    "position" : {
      "x" : -2.618034,
      "y" : -2.618034,
      "z" : 2.618034
    },
    "orientation" : 19
  }, {
    "shape" : "20588bab-0922-4235-b5ef-87ce1da2e153",
    "color" : "#F0A000",
    "position" : {
      "x" : 0.0,
      "y" : -5.236068,
      "z" : 0.0
    },
    "orientation" : 9
  }, {
    "shape" : "20588bab-0922-4235-b5ef-87ce1da2e153",
    "color" : "#F0A000",
    "position" : {
      "x" : -7.854102,
      "y" : -2.618034,
      "z" : -2.618034
    },
    "orientation" : 4
  }, {
    "shape" : "20588bab-0922-4235-b5ef-87ce1da2e153",
    "color" : "#F0A000",
    "position" : {
      "x" : 2.618034,
      "y" : 2.618034,
      "z" : 2.618034
    },
    "orientation" : 5
  }, {
    "shape" : "48f9bc06-2662-4cec-a90b-578b3e46dfdb",
    "color" : "#FFFFFF",
    "position" : {
      "x" : -7.854102,
      "y" : 2.618034,
      "z" : 2.618034
    }
  }, {
    "shape" : "20588bab-0922-4235-b5ef-87ce1da2e153",
    "color" : "#F0A000",
    "position" : {
      "x" : 0.0,
      "y" : 0.0,
      "z" : -5.236068
    },
    "orientation" : 54
  }, {
    "shape" : "48f9bc06-2662-4cec-a90b-578b3e46dfdb",
    "color" : "#FFFFFF",
    "position" : {
      "x" : 2.618034,
      "y" : -7.854102,
      "z" : -2.618034
    }
  }, {
    "shape" : "20588bab-0922-4235-b5ef-87ce1da2e153",
    "color" : "#F0A000",
    "position" : {
      "x" : 7.854102,
      "y" : -2.618034,
      "z" : 2.618034
    },
    "orientation" : 3
  }, {
    "shape" : "20588bab-0922-4235-b5ef-87ce1da2e153",
    "color" : "#F0A000",
    "position" : {
      "x" : -2.618034,
      "y" : 2.618034,
      "z" : 2.618034
    },
    "orientation" : 4
  }, {
    "shape" : "20588bab-0922-4235-b5ef-87ce1da2e153",
    "color" : "#F0A000",
    "position" : {
      "x" : -2.618034,
      "y" : 2.618034,
      "z" : -2.618034
    },
    "orientation" : 4
  }, {
    "shape" : "48f9bc06-2662-4cec-a90b-578b3e46dfdb",
    "color" : "#FFFFFF",
    "position" : {
      "x" : -5.236068,
      "y" : -5.236068,
      "z" : 0.0
    }
  }, {
    "shape" : "48f9bc06-2662-4cec-a90b-578b3e46dfdb",
    "color" : "#FFFFFF",
    "position" : {
      "x" : 2.618034,
      "y" : -2.618034,
      "z" : 7.854102
    }
  }, {
    "shape" : "20588bab-0922-4235-b5ef-87ce1da2e153",
    "color" : "#F0A000",
    "position" : {
      "x" : 0.0,
      "y" : 0.0,
      "z" : 0.0
    },
    "orientation" : 24
  }, {
    "shape" : "48f9bc06-2662-4cec-a90b-578b3e46dfdb",
    "color" : "#FFFFFF",
    "position" : {
      "x" : 7.854102,
      "y" : -2.618034,
      "z" : -2.618034
    }
  }, {
    "shape" : "48f9bc06-2662-4cec-a90b-578b3e46dfdb",
    "color" : "#FFFFFF",
    "position" : {
      "x" : -5.236068,
      "y" : -5.236068,
      "z" : -5.236068
    }
  }, {
    "shape" : "48f9bc06-2662-4cec-a90b-578b3e46dfdb",
    "color" : "#FFFFFF",
    "position" : {
      "x" : 7.854102,
      "y" : 2.618034,
      "z" : 2.618034
    }
  }, {
    "shape" : "20588bab-0922-4235-b5ef-87ce1da2e153",
    "color" : "#F0A000",
    "position" : {
      "x" : 2.618034,
      "y" : -2.618034,
      "z" : -2.618034
    },
    "orientation" : 5
  }, {
    "shape" : "20588bab-0922-4235-b5ef-87ce1da2e153",
    "color" : "#F0A000",
    "position" : {
      "x" : 0.0,
      "y" : 5.236068,
      "z" : 0.0
    },
    "orientation" : 24
  }, {
    "shape" : "20588bab-0922-4235-b5ef-87ce1da2e153",
    "color" : "#F0A000",
    "position" : {
      "x" : -5.236068,
      "y" : 0.0,
      "z" : 5.236068
    },
    "orientation" : 9
  }, {
    "shape" : "20588bab-0922-4235-b5ef-87ce1da2e153",
    "color" : "#F0A000",
    "position" : {
      "x" : -2.618034,
      "y" : 7.854102,
      "z" : 2.618034
    },
    "orientation" : 3
  }, {
    "shape" : "48f9bc06-2662-4cec-a90b-578b3e46dfdb",
    "color" : "#FFFFFF",
    "position" : {
      "x" : -2.618034,
      "y" : -7.854102,
      "z" : 2.618034
    }
  }, {
    "shape" : "20588bab-0922-4235-b5ef-87ce1da2e153",
    "color" : "#F0A000",
    "position" : {
      "x" : 0.0,
      "y" : 0.0,
      "z" : 5.236068
    },
    "orientation" : 54
  }, {
    "shape" : "48f9bc06-2662-4cec-a90b-578b3e46dfdb",
    "color" : "#FFFFFF",
    "position" : {
      "x" : -5.236068,
      "y" : 0.0,
      "z" : 0.0
    }
  }, {
    "shape" : "20588bab-0922-4235-b5ef-87ce1da2e153",
    "color" : "#F0A000",
    "position" : {
      "x" : 2.618034,
      "y" : 2.618034,
      "z" : 7.854102
    },
    "orientation" : 39
  }, {
    "shape" : "48f9bc06-2662-4cec-a90b-578b3e46dfdb",
    "color" : "#FFFFFF",
    "position" : {
      "x" : 5.236068,
      "y" : -5.236068,
      "z" : 0.0
    }
  }, {
    "shape" : "20588bab-0922-4235-b5ef-87ce1da2e153",
    "color" : "#F0A000",
    "position" : {
      "x" : 5.236068,
      "y" : 0.0,
      "z" : 0.0
    },
    "orientation" : 24
  }, {
    "shape" : "48f9bc06-2662-4cec-a90b-578b3e46dfdb",
    "color" : "#FFFFFF",
    "position" : {
      "x" : -2.618034,
      "y" : 2.618034,
      "z" : 2.618034
    }
  }, {
    "shape" : "48f9bc06-2662-4cec-a90b-578b3e46dfdb",
    "color" : "#FFFFFF",
    "position" : {
      "x" : 2.618034,
      "y" : -7.854102,
      "z" : 2.618034
    }
  }, {
    "shape" : "48f9bc06-2662-4cec-a90b-578b3e46dfdb",
    "color" : "#FFFFFF",
    "position" : {
      "x" : 5.236068,
      "y" : 5.236068,
      "z" : -5.236068
    }
  }, {
    "shape" : "48f9bc06-2662-4cec-a90b-578b3e46dfdb",
    "color" : "#FFFFFF",
    "position" : {
      "x" : 0.0,
      "y" : -5.236068,
      "z" : -5.236068
    }
  }, {
    "shape" : "20588bab-0922-4235-b5ef-87ce1da2e153",
    "color" : "#F0A000",
    "position" : {
      "x" : -5.236068,
      "y" : 0.0,
      "z" : 0.0
    },
    "orientation" : 9
  }, {
    "shape" : "20588bab-0922-4235-b5ef-87ce1da2e153",
    "color" : "#F0A000",
    "position" : {
      "x" : -5.236068,
      "y" : -5.236068,
      "z" : 0.0
    },
    "orientation" : 54
  }, {
    "shape" : "48f9bc06-2662-4cec-a90b-578b3e46dfdb",
    "color" : "#FFFFFF",
    "position" : {
      "x" : -2.618034,
      "y" : -2.618034,
      "z" : -2.618034
    }
  }, {
    "shape" : "20588bab-0922-4235-b5ef-87ce1da2e153",
    "color" : "#F0A000",
    "position" : {
      "x" : 0.0,
      "y" : 5.236068,
      "z" : 0.0
    },
    "orientation" : 54
  }, {
    "shape" : "20588bab-0922-4235-b5ef-87ce1da2e153",
    "color" : "#F0A000",
    "position" : {
      "x" : 0.0,
      "y" : 0.0,
      "z" : 5.236068
    },
    "orientation" : 24
  }, {
    "shape" : "20588bab-0922-4235-b5ef-87ce1da2e153",
    "color" : "#F0A000",
    "position" : {
      "x" : 0.0,
      "y" : 5.236068,
      "z" : 5.236068
    },
    "orientation" : 54
  }, {
    "shape" : "48f9bc06-2662-4cec-a90b-578b3e46dfdb",
    "color" : "#FFFFFF",
    "position" : {
      "x" : 2.618034,
      "y" : 2.618034,
      "z" : 7.854102
    }
  }, {
    "shape" : "48f9bc06-2662-4cec-a90b-578b3e46dfdb",
    "color" : "#FFFFFF",
    "position" : {
      "x" : 0.0,
      "y" : 0.0,
      "z" : 5.236068
    }
  }, {
    "shape" : "20588bab-0922-4235-b5ef-87ce1da2e153",
    "color" : "#F0A000",
    "position" : {
      "x" : 5.236068,
      "y" : 0.0,
      "z" : 0.0
    },
    "orientation" : 39
  }, {
    "shape" : "20588bab-0922-4235-b5ef-87ce1da2e153",
    "color" : "#F0A000",
    "position" : {
      "x" : -5.236068,
      "y" : 0.0,
      "z" : 0.0
    },
    "orientation" : 39
  }, {
    "shape" : "20588bab-0922-4235-b5ef-87ce1da2e153",
    "color" : "#F0A000",
    "position" : {
      "x" : -5.236068,
      "y" : 0.0,
      "z" : 0.0
    },
    "orientation" : 24
  }, {
    "shape" : "20588bab-0922-4235-b5ef-87ce1da2e153",
    "color" : "#F0A000",
    "position" : {
      "x" : 0.0,
      "y" : 0.0,
      "z" : 0.0
    },
    "orientation" : 54
  }, {
    "shape" : "20588bab-0922-4235-b5ef-87ce1da2e153",
    "color" : "#F0A000",
    "position" : {
      "x" : 5.236068,
      "y" : 0.0,
      "z" : 5.236068
    },
    "orientation" : 24
  }, {
    "shape" : "20588bab-0922-4235-b5ef-87ce1da2e153",
    "color" : "#F0A000",
    "position" : {
      "x" : 2.618034,
      "y" : 2.618034,
      "z" : -2.618034
    },
    "orientation" : 3
  }, {
    "shape" : "48f9bc06-2662-4cec-a90b-578b3e46dfdb",
    "color" : "#FFFFFF",
    "position" : {
      "x" : 2.618034,
      "y" : 2.618034,
      "z" : 2.618034
    }
  }, {
    "shape" : "48f9bc06-2662-4cec-a90b-578b3e46dfdb",
    "color" : "#FFFFFF",
    "position" : {
      "x" : -2.618034,
      "y" : 7.854102,
      "z" : 2.618034
    }
  }, {
    "shape" : "20588bab-0922-4235-b5ef-87ce1da2e153",
    "color" : "#F0A000",
    "position" : {
      "x" : -2.618034,
      "y" : -2.618034,
      "z" : 2.618034
    },
    "orientation" : 5
  }, {
    "shape" : "48f9bc06-2662-4cec-a90b-578b3e46dfdb",
    "color" : "#FFFFFF",
    "position" : {
      "x" : 2.618034,
      "y" : 7.854102,
      "z" : 2.618034
    }
  }, {
    "shape" : "48f9bc06-2662-4cec-a90b-578b3e46dfdb",
    "color" : "#FFFFFF",
    "position" : {
      "x" : 0.0,
      "y" : 5.236068,
      "z" : 5.236068
    }
  }, {
    "shape" : "48f9bc06-2662-4cec-a90b-578b3e46dfdb",
    "color" : "#FFFFFF",
    "position" : {
      "x" : 0.0,
      "y" : 0.0,
      "z" : -10.472136
    }
  }, {
    "shape" : "20588bab-0922-4235-b5ef-87ce1da2e153",
    "color" : "#F0A000",
    "position" : {
      "x" : 0.0,
      "y" : 0.0,
      "z" : -5.236068
    },
    "orientation" : 39
  }, {
    "shape" : "20588bab-0922-4235-b5ef-87ce1da2e153",
    "color" : "#F0A000",
    "position" : {
      "x" : -5.236068,
      "y" : 5.236068,
      "z" : 0.0
    },
    "orientation" : 39
  }, {
    "shape" : "48f9bc06-2662-4cec-a90b-578b3e46dfdb",
    "color" : "#FFFFFF",
    "position" : {
      "x" : 2.618034,
      "y" : 7.854102,
      "z" : -2.618034
    }
  }, {
    "shape" : "48f9bc06-2662-4cec-a90b-578b3e46dfdb",
    "color" : "#FFFFFF",
    "position" : {
      "x" : 0.0,
      "y" : 5.236068,
      "z" : -5.236068
    }
  }, {
    "shape" : "20588bab-0922-4235-b5ef-87ce1da2e153",
    "color" : "#F0A000",
    "position" : {
      "x" : 5.236068,
      "y" : -5.236068,
      "z" : 0.0
    },
    "orientation" : 9
  }, {
    "shape" : "48f9bc06-2662-4cec-a90b-578b3e46dfdb",
    "color" : "#FFFFFF",
    "position" : {
      "x" : -7.854102,
      "y" : -2.618034,
      "z" : -2.618034
    }
  }, {
    "shape" : "20588bab-0922-4235-b5ef-87ce1da2e153",
    "color" : "#F0A000",
    "position" : {
      "x" : 2.618034,
      "y" : 2.618034,
      "z" : 2.618034
    },
    "orientation" : 4
  }, {
    "shape" : "20588bab-0922-4235-b5ef-87ce1da2e153",
    "color" : "#F0A000",
    "position" : {
      "x" : 7.854102,
      "y" : 2.618034,
      "z" : -2.618034
    },
    "orientation" : 5
  }, {
    "shape" : "20588bab-0922-4235-b5ef-87ce1da2e153",
    "color" : "#F0A000",
    "position" : {
      "x" : -2.618034,
      "y" : 2.618034,
      "z" : 7.854102
    },
    "orientation" : 5
  }, {
    "shape" : "48f9bc06-2662-4cec-a90b-578b3e46dfdb",
    "color" : "#FFFFFF",
    "position" : {
      "x" : 10.472136,
      "y" : 0.0,
      "z" : 0.0
    }
  }, {
    "shape" : "20588bab-0922-4235-b5ef-87ce1da2e153",
    "color" : "#F0A000",
    "position" : {
      "x" : -5.236068,
      "y" : 5.236068,
      "z" : 0.0
    },
    "orientation" : 9
  }, {
    "shape" : "20588bab-0922-4235-b5ef-87ce1da2e153",
    "color" : "#F0A000",
    "position" : {
      "x" : -2.618034,
      "y" : -2.618034,
      "z" : 7.854102
    },
    "orientation" : 19
  }, {
    "shape" : "20588bab-0922-4235-b5ef-87ce1da2e153",
    "color" : "#F0A000",
    "position" : {
      "x" : 0.0,
      "y" : 5.236068,
      "z" : -5.236068
    },
    "orientation" : 24
  }, {
    "shape" : "20588bab-0922-4235-b5ef-87ce1da2e153",
    "color" : "#F0A000",
    "position" : {
      "x" : -5.236068,
      "y" : 0.0,
      "z" : 5.236068
    },
    "orientation" : 54
  }, {
    "shape" : "48f9bc06-2662-4cec-a90b-578b3e46dfdb",
    "color" : "#FFFFFF",
    "position" : {
      "x" : 0.0,
      "y" : -5.236068,
      "z" : 0.0
    }
  }, {
    "shape" : "20588bab-0922-4235-b5ef-87ce1da2e153",
    "color" : "#F0A000",
    "position" : {
      "x" : 2.618034,
      "y" : -2.618034,
      "z" : 2.618034
    },
    "orientation" : 5
  }, {
    "shape" : "20588bab-0922-4235-b5ef-87ce1da2e153",
    "color" : "#F0A000",
    "position" : {
      "x" : 5.236068,
      "y" : 0.0,
      "z" : -5.236068
    },
    "orientation" : 9
  }, {
    "shape" : "48f9bc06-2662-4cec-a90b-578b3e46dfdb",
    "color" : "#FFFFFF",
    "position" : {
      "x" : -2.618034,
      "y" : 2.618034,
      "z" : -7.854102
    }
  }, {
    "shape" : "20588bab-0922-4235-b5ef-87ce1da2e153",
    "color" : "#F0A000",
    "position" : {
      "x" : 0.0,
      "y" : 0.0,
      "z" : -5.236068
    },
    "orientation" : 9
  }, {
    "shape" : "20588bab-0922-4235-b5ef-87ce1da2e153",
    "color" : "#F0A000",
    "position" : {
      "x" : -2.618034,
      "y" : -7.854102,
      "z" : 2.618034
    },
    "orientation" : 4
  }, {
    "shape" : "20588bab-0922-4235-b5ef-87ce1da2e153",
    "color" : "#F0A000",
    "position" : {
      "x" : 2.618034,
      "y" : 2.618034,
      "z" : 2.618034
    },
    "orientation" : 3
  }, {
    "shape" : "20588bab-0922-4235-b5ef-87ce1da2e153",
    "color" : "#F0A000",
    "position" : {
      "x" : -2.618034,
      "y" : 2.618034,
      "z" : -7.854102
    },
    "orientation" : 4
  }, {
    "shape" : "48f9bc06-2662-4cec-a90b-578b3e46dfdb",
    "color" : "#FFFFFF",
    "position" : {
      "x" : -10.472136,
      "y" : 0.0,
      "z" : 0.0
    }
  }, {
    "shape" : "20588bab-0922-4235-b5ef-87ce1da2e153",
    "color" : "#F0A000",
    "position" : {
      "x" : -2.618034,
      "y" : 2.618034,
      "z" : -2.618034
    },
    "orientation" : 19
  }, {
    "shape" : "48f9bc06-2662-4cec-a90b-578b3e46dfdb",
    "color" : "#FFFFFF",
    "position" : {
      "x" : 5.236068,
      "y" : -5.236068,
      "z" : 5.236068
    }
  }, {
    "shape" : "48f9bc06-2662-4cec-a90b-578b3e46dfdb",
    "color" : "#FFFFFF",
    "position" : {
      "x" : 0.0,
      "y" : 0.0,
      "z" : 10.472136
    }
  }, {
    "shape" : "20588bab-0922-4235-b5ef-87ce1da2e153",
    "color" : "#F0A000",
    "position" : {
      "x" : 0.0,
      "y" : 0.0,
      "z" : 0.0
    },
    "orientation" : 9
  }, {
    "shape" : "48f9bc06-2662-4cec-a90b-578b3e46dfdb",
    "color" : "#FFFFFF",
    "position" : {
      "x" : 7.854102,
      "y" : 2.618034,
      "z" : -2.618034
    }
  }, {
    "shape" : "48f9bc06-2662-4cec-a90b-578b3e46dfdb",
    "color" : "#FFFFFF",
    "position" : {
      "x" : -5.236068,
      "y" : 0.0,
      "z" : 5.236068
    }
  }, {
    "shape" : "20588bab-0922-4235-b5ef-87ce1da2e153",
    "color" : "#F0A000",
    "position" : {
      "x" : 0.0,
      "y" : -5.236068,
      "z" : -5.236068
    },
    "orientation" : 54
  }, {
    "shape" : "20588bab-0922-4235-b5ef-87ce1da2e153",
    "color" : "#F0A000",
    "position" : {
      "x" : -5.236068,
      "y" : 0.0,
      "z" : -5.236068
    },
    "orientation" : 39
  }, {
    "shape" : "48f9bc06-2662-4cec-a90b-578b3e46dfdb",
    "color" : "#FFFFFF",
    "position" : {
      "x" : 2.618034,
      "y" : -2.618034,
      "z" : 2.618034
    }
  }, {
    "shape" : "48f9bc06-2662-4cec-a90b-578b3e46dfdb",
    "color" : "#FFFFFF",
    "position" : {
      "x" : 0.0,
      "y" : -5.236068,
      "z" : 5.236068
    }
  }, {
    "shape" : "48f9bc06-2662-4cec-a90b-578b3e46dfdb",
    "color" : "#FFFFFF",
    "position" : {
      "x" : 2.618034,
      "y" : -2.618034,
      "z" : -7.854102
    }
  }, {
    "shape" : "20588bab-0922-4235-b5ef-87ce1da2e153",
    "color" : "#F0A000",
    "position" : {
      "x" : 5.236068,
      "y" : 5.236068,
      "z" : 0.0
    },
    "orientation" : 24
  }, {
    "shape" : "20588bab-0922-4235-b5ef-87ce1da2e153",
    "color" : "#F0A000",
    "position" : {
      "x" : 5.236068,
      "y" : 0.0,
      "z" : 5.236068
    },
    "orientation" : 39
  }, {
    "shape" : "48f9bc06-2662-4cec-a90b-578b3e46dfdb",
    "color" : "#FFFFFF",
    "position" : {
      "x" : 0.0,
      "y" : -10.472136,
      "z" : 0.0
    }
  }, {
    "shape" : "48f9bc06-2662-4cec-a90b-578b3e46dfdb",
    "color" : "#FFFFFF",
