{
  "polygons" : "true",
  "field" : "golden",
  "symmetry" : "icosahedral",
  "orientations" : [ [ 1.0, 0.0, 0.0, 0.0, 0.0, 1.0, 0.0, 0.0, 0.0, 0.0, 1.0, 0.0, 0.0, 0.0, 0.0, 1.0 ], [ 0.0, 0.0, 1.0, 0.0, 1.0, 0.0, 0.0, 0.0, 0.0, 1.0, 0.0, 0.0, 0.0, 0.0, 0.0, 1.0 ], [ 0.0, 1.0, 0.0, 0.0, 0.0, 0.0, 1.0, 0.0, 1.0, 0.0, 0.0, 0.0, 0.0, 0.0, 0.0, 1.0 ], [ 0.809017, 0.309017, 0.5, 0.0, 0.309017, 0.5, -0.809017, 0.0, -0.5, 0.809017, 0.309017, 0.0, 0.0, 0.0, 0.0, 1.0 ], [ -0.5, 0.809017, 0.309017, 0.0, 0.809017, 0.309017, 0.5, 0.0, 0.309017, 0.5, -0.809017, 0.0, 0.0, 0.0, 0.0, 1.0 ], [ 0.309017, 0.5, -0.809017, 0.0, -0.5, 0.809017, 0.309017, 0.0, 0.809017, 0.309017, 0.5, 0.0, 0.0, 0.0, 0.0, 1.0 ], [ 0.5, 0.809017, 0.309017, 0.0, 0.809017, -0.309017, -0.5, 0.0, -0.309017, 0.5, -0.809017, 0.0, 0.0, 0.0, 0.0, 1.0 ], [ -0.309017, 0.5, -0.809017, 0.0, 0.5, 0.809017, 0.309017, 0.0, 0.809017, -0.309017, -0.5, 0.0, 0.0, 0.0, 0.0, 1.0 ], [ 0.809017, -0.309017, -0.5, 0.0, -0.309017, 0.5, -0.809017, 0.0, 0.5, 0.809017, 0.309017, 0.0, 0.0, 0.0, 0.0, 1.0 ], [ 0.5, 0.809017, -0.309017, 0.0, 0.809017, -0.309017, 0.5, 0.0, 0.309017, -0.5, -0.809017, 0.0, 0.0, 0.0, 0.0, 1.0 ], [ 0.309017, -0.5, -0.809017, 0.0, 0.5, 0.809017, -0.309017, 0.0, 0.809017, -0.309017, 0.5, 0.0, 0.0, 0.0, 0.0, 1.0 ], [ 0.809017, -0.309017, 0.5, 0.0, 0.309017, -0.5, -0.809017, 0.0, 0.5, 0.809017, -0.309017, 0.0, 0.0, 0.0, 0.0, 1.0 ], [ 0.809017, 0.309017, -0.5, 0.0, 0.309017, 0.5, 0.809017, 0.0, 0.5, -0.809017, 0.309017, 0.0, 0.0, 0.0, 0.0, 1.0 ], [ 0.5, -0.809017, 0.309017, 0.0, 0.809017, 0.309017, -0.5, 0.0, 0.309017, 0.5, 0.809017, 0.0, 0.0, 0.0, 0.0, 1.0 ], [ 0.309017, 0.5, 0.809017, 0.0, 0.5, -0.809017, 0.309017, 0.0, 0.809017, 0.309017, -0.5, 0.0, 0.0, 0.0, 0.0, 1.0 ], [ 1.0, 0.0, 0.0, 0.0, 0.0, -1.0, 0.0, 0.0, 0.0, 0.0, -1.0, 0.0, 0.0, 0.0, 0.0, 1.0 ], [ 0.0, 0.0, 1.0, 0.0, -1.0, 0.0, 0.0, 0.0, 0.0, -1.0, 0.0, 0.0, 0.0, 0.0, 0.0, 1.0 ], [ 0.0, 1.0, 0.0, 0.0, 0.0, 0.0, -1.0, 0.0, -1.0, 0.0, 0.0, 0.0, 0.0, 0.0, 0.0, 1.0 ], [ 0.809017, 0.309017, 0.5, 0.0, -0.309017, -0.5, 0.809017, 0.0, 0.5, -0.809017, -0.309017, 0.0, 0.0, 0.0, 0.0, 1.0 ], [ -0.5, 0.809017, 0.309017, 0.0, -0.809017, -0.309017, -0.5, 0.0, -0.309017, -0.5, 0.809017, 0.0, 0.0, 0.0, 0.0, 1.0 ], [ 0.309017, 0.5, -0.809017, 0.0, 0.5, -0.809017, -0.309017, 0.0, -0.809017, -0.309017, -0.5, 0.0, 0.0, 0.0, 0.0, 1.0 ], [ 0.5, 0.809017, 0.309017, 0.0, -0.809017, 0.309017, 0.5, 0.0, 0.309017, -0.5, 0.809017, 0.0, 0.0, 0.0, 0.0, 1.0 ], [ -0.309017, 0.5, -0.809017, 0.0, -0.5, -0.809017, -0.309017, 0.0, -0.809017, 0.309017, 0.5, 0.0, 0.0, 0.0, 0.0, 1.0 ], [ 0.809017, -0.309017, -0.5, 0.0, 0.309017, -0.5, 0.809017, 0.0, -0.5, -0.809017, -0.309017, 0.0, 0.0, 0.0, 0.0, 1.0 ], [ 0.5, 0.809017, -0.309017, 0.0, -0.809017, 0.309017, -0.5, 0.0, -0.309017, 0.5, 0.809017, 0.0, 0.0, 0.0, 0.0, 1.0 ], [ 0.309017, -0.5, -0.809017, 0.0, -0.5, -0.809017, 0.309017, 0.0, -0.809017, 0.309017, -0.5, 0.0, 0.0, 0.0, 0.0, 1.0 ], [ 0.809017, -0.309017, 0.5, 0.0, -0.309017, 0.5, 0.809017, 0.0, -0.5, -0.809017, 0.309017, 0.0, 0.0, 0.0, 0.0, 1.0 ], [ 0.809017, 0.309017, -0.5, 0.0, -0.309017, -0.5, -0.809017, 0.0, -0.5, 0.809017, -0.309017, 0.0, 0.0, 0.0, 0.0, 1.0 ], [ 0.5, -0.809017, 0.309017, 0.0, -0.809017, -0.309017, 0.5, 0.0, -0.309017, -0.5, -0.809017, 0.0, 0.0, 0.0, 0.0, 1.0 ], [ 0.309017, 0.5, 0.809017, 0.0, -0.5, 0.809017, -0.309017, 0.0, -0.809017, -0.309017, 0.5, 0.0, 0.0, 0.0, 0.0, 1.0 ], [ -1.0, 0.0, 0.0, 0.0, 0.0, -1.0, 0.0, 0.0, 0.0, 0.0, 1.0, 0.0, 0.0, 0.0, 0.0, 1.0 ], [ 0.0, 0.0, -1.0, 0.0, -1.0, 0.0, 0.0, 0.0, 0.0, 1.0, 0.0, 0.0, 0.0, 0.0, 0.0, 1.0 ], [ 0.0, -1.0, 0.0, 0.0, 0.0, 0.0, -1.0, 0.0, 1.0, 0.0, 0.0, 0.0, 0.0, 0.0, 0.0, 1.0 ], [ -0.809017, -0.309017, -0.5, 0.0, -0.309017, -0.5, 0.809017, 0.0, -0.5, 0.809017, 0.309017, 0.0, 0.0, 0.0, 0.0, 1.0 ], [ 0.5, -0.809017, -0.309017, 0.0, -0.809017, -0.309017, -0.5, 0.0, 0.309017, 0.5, -0.809017, 0.0, 0.0, 0.0, 0.0, 1.0 ], [ -0.309017, -0.5, 0.809017, 0.0, 0.5, -0.809017, -0.309017, 0.0, 0.809017, 0.309017, 0.5, 0.0, 0.0, 0.0, 0.0, 1.0 ], [ -0.5, -0.809017, -0.309017, 0.0, -0.809017, 0.309017, 0.5, 0.0, -0.309017, 0.5, -0.809017, 0.0, 0.0, 0.0, 0.0, 1.0 ], [ 0.309017, -0.5, 0.809017, 0.0, -0.5, -0.809017, -0.309017, 0.0, 0.809017, -0.309017, -0.5, 0.0, 0.0, 0.0, 0.0, 1.0 ], [ -0.809017, 0.309017, 0.5, 0.0, 0.309017, -0.5, 0.809017, 0.0, 0.5, 0.809017, 0.309017, 0.0, 0.0, 0.0, 0.0, 1.0 ], [ -0.5, -0.809017, 0.309017, 0.0, -0.809017, 0.309017, -0.5, 0.0, 0.309017, -0.5, -0.809017, 0.0, 0.0, 0.0, 0.0, 1.0 ], [ -0.309017, 0.5, 0.809017, 0.0, -0.5, -0.809017, 0.309017, 0.0, 0.809017, -0.309017, 0.5, 0.0, 0.0, 0.0, 0.0, 1.0 ], [ -0.809017, 0.309017, -0.5, 0.0, -0.309017, 0.5, 0.809017, 0.0, 0.5, 0.809017, -0.309017, 0.0, 0.0, 0.0, 0.0, 1.0 ], [ -0.809017, -0.309017, 0.5, 0.0, -0.309017, -0.5, -0.809017, 0.0, 0.5, -0.809017, 0.309017, 0.0, 0.0, 0.0, 0.0, 1.0 ], [ -0.5, 0.809017, -0.309017, 0.0, -0.809017, -0.309017, 0.5, 0.0, 0.309017, 0.5, 0.809017, 0.0, 0.0, 0.0, 0.0, 1.0 ], [ -0.309017, -0.5, -0.809017, 0.0, -0.5, 0.809017, -0.309017, 0.0, 0.809017, 0.309017, -0.5, 0.0, 0.0, 0.0, 0.0, 1.0 ], [ -1.0, 0.0, 0.0, 0.0, 0.0, 1.0, 0.0, 0.0, 0.0, 0.0, -1.0, 0.0, 0.0, 0.0, 0.0, 1.0 ], [ 0.0, 0.0, -1.0, 0.0, 1.0, 0.0, 0.0, 0.0, 0.0, -1.0, 0.0, 0.0, 0.0, 0.0, 0.0, 1.0 ], [ 0.0, -1.0, 0.0, 0.0, 0.0, 0.0, 1.0, 0.0, -1.0, 0.0, 0.0, 0.0, 0.0, 0.0, 0.0, 1.0 ], [ -0.809017, -0.309017, -0.5, 0.0, 0.309017, 0.5, -0.809017, 0.0, 0.5, -0.809017, -0.309017, 0.0, 0.0, 0.0, 0.0, 1.0 ], [ 0.5, -0.809017, -0.309017, 0.0, 0.809017, 0.309017, 0.5, 0.0, -0.309017, -0.5, 0.809017, 0.0, 0.0, 0.0, 0.0, 1.0 ], [ -0.309017, -0.5, 0.809017, 0.0, -0.5, 0.809017, 0.309017, 0.0, -0.809017, -0.309017, -0.5, 0.0, 0.0, 0.0, 0.0, 1.0 ], [ -0.5, -0.809017, -0.309017, 0.0, 0.809017, -0.309017, -0.5, 0.0, 0.309017, -0.5, 0.809017, 0.0, 0.0, 0.0, 0.0, 1.0 ], [ 0.309017, -0.5, 0.809017, 0.0, 0.5, 0.809017, 0.309017, 0.0, -0.809017, 0.309017, 0.5, 0.0, 0.0, 0.0, 0.0, 1.0 ], [ -0.809017, 0.309017, 0.5, 0.0, -0.309017, 0.5, -0.809017, 0.0, -0.5, -0.809017, -0.309017, 0.0, 0.0, 0.0, 0.0, 1.0 ], [ -0.5, -0.809017, 0.309017, 0.0, 0.809017, -0.309017, 0.5, 0.0, -0.309017, 0.5, 0.809017, 0.0, 0.0, 0.0, 0.0, 1.0 ], [ -0.309017, 0.5, 0.809017, 0.0, 0.5, 0.809017, -0.309017, 0.0, -0.809017, 0.309017, -0.5, 0.0, 0.0, 0.0, 0.0, 1.0 ], [ -0.809017, 0.309017, -0.5, 0.0, 0.309017, -0.5, -0.809017, 0.0, -0.5, -0.809017, 0.309017, 0.0, 0.0, 0.0, 0.0, 1.0 ], [ -0.809017, -0.309017, 0.5, 0.0, 0.309017, 0.5, 0.809017, 0.0, -0.5, 0.809017, -0.309017, 0.0, 0.0, 0.0, 0.0, 1.0 ], [ -0.5, 0.809017, -0.309017, 0.0, 0.809017, 0.309017, -0.5, 0.0, -0.309017, -0.5, -0.809017, 0.0, 0.0, 0.0, 0.0, 1.0 ], [ -0.309017, -0.5, -0.809017, 0.0, 0.5, -0.809017, 0.309017, 0.0, -0.809017, -0.309017, 0.5, 0.0, 0.0, 0.0, 0.0, 1.0 ] ],
  "lights" : {
    "ambientColor" : "#292929",
    "backgroundColor" : "#CCCCCC",
    "directionalLights" : [ {
      "direction" : [ 1.0, -1.0, -1.0 ],
      "color" : "#EBEBE4"
    }, {
      "direction" : [ -1.0, 0.0, 0.0 ],
      "color" : "#E4E4EB"
    }, {
      "direction" : [ 0.0, 0.0, -1.0 ],
      "color" : "#1E1E1E"
    } ]
  },
  "camera" : {
    "width" : 125.25773,
    "stereo" : false,
    "perspective" : false,
    "fieldOfView" : 0.44262955,
    "viewDistance" : 278.35007,
    "lookAtPointRV" : {
      "x" : 0.0,
      "y" : 0.0,
      "z" : 0.0,
      "zero" : true
    },
    "lookDirectionRV" : {
      "x" : 0.23957682,
      "y" : -0.12214734,
      "z" : -0.96314454,
      "zero" : false
    },
    "upDirectionRV" : {
      "x" : -0.36175835,
      "y" : -0.93181115,
      "z" : 0.028195933,
      "zero" : false
    },
    "lookAtPoint" : {
      "x" : 0.0,
      "y" : 0.0,
      "z" : 0.0
    },
    "lookDirection" : {
      "x" : 0.23957682,
      "y" : -0.12214734,
      "z" : -0.96314454
    },
    "upDirection" : {
      "x" : -0.36175835,
      "y" : -0.93181115,
      "z" : 0.028195933
    },
    "nearClipDistance" : 0.6958751,
    "farClipDistance" : 556.6986,
    "position" : {
      "x" : -66.686226,
      "y" : 33.999718,
      "z" : 268.09134
    }
  },
  "embedding" : [ 1.0, 0.0, 0.0, 0.0, 0.0, 1.0, 0.0, 0.0, 0.0, 0.0, 1.0, 0.0, 0.0, 0.0, 0.0, 1.0 ],
  "shapes" : [ {
    "id" : "70eb791f-1b6f-43fa-94a9-c41ae6aafa89",
    "vertices" : [ {
      "x" : 0.0,
      "y" : 0.0,
      "z" : 0.0
    }, {
      "x" : 0.0,
      "y" : -1.7082039,
      "z" : -4.472136
    }, {
      "x" : -3.854102,
      "y" : 8.618034,
      "z" : -3.854102
    }, {
      "x" : -3.291796,
      "y" : 8.618034,
      "z" : 0.0
    } ],
    "faces" : [ {
      "vertices" : [ 0, 1, 2, 3 ]
    }, {
      "vertices" : [ 0, 3, 2, 1 ]
    } ]
  }, {
    "id" : "c60905b3-487c-4667-8ba2-358e29f8f805",
    "vertices" : [ {
      "x" : 0.0,
      "y" : 0.0,
      "z" : 0.0
    }, {
      "x" : -0.47360224,
      "y" : 1.0820394,
      "z" : -0.41330224
    }, {
      "x" : -0.47360224,
      "y" : 1.5278641,
      "z" : 0.75388205
    }, {
      "x" : 0.0,
      "y" : 0.4458247,
      "z" : 1.1671842
    } ],
    "faces" : [ {
      "vertices" : [ 0, 1, 2, 3 ]
    }, {
      "vertices" : [ 0, 3, 2, 1 ]
    } ]
  }, {
    "id" : "e977f549-7be7-434d-b017-e1f5a43296ab",
    "vertices" : [ {
      "x" : 0.0,
      "y" : 0.0,
      "z" : 0.0
    }, {
      "x" : -0.44720927,
      "y" : 0.44720927,
      "z" : 0.0
    }, {
      "x" : 0.27415028,
      "y" : 1.1685688,
      "z" : -0.72135955
    }, {
      "x" : 0.72135955,
      "y" : 0.72135955,
      "z" : -0.72135955
    } ],
    "faces" : [ {
      "vertices" : [ 0, 1, 2, 3 ]
    }, {
      "vertices" : [ 0, 3, 2, 1 ]
    } ]
  }, {
    "id" : "3f18e3f5-7a14-4a85-83cf-e2d080ea0083",
    "vertices" : [ {
      "x" : 0.0,
      "y" : 0.0,
      "z" : 0.0
    }, {
      "x" : 0.0,
      "y" : 0.0,
      "z" : 0.6099034
    }, {
      "x" : 0.4458247,
      "y" : -1.1671842,
      "z" : 0.6099034
    }, {
      "x" : 0.4458247,
      "y" : -1.1671842,
      "z" : 0.0
    } ],
    "faces" : [ {
      "vertices" : [ 0, 1, 2, 3 ]
    }, {
      "vertices" : [ 0, 3, 2, 1 ]
    } ]
  }, {
    "id" : "0a810474-53d9-4bab-a90a-d1b139cfae07",
    "vertices" : [ {
      "x" : 0.0,
      "y" : 0.0,
      "z" : 0.0
    }, {
      "x" : -3.854102,
      "y" : 10.09017,
      "z" : 0.0
    }, {
      "x" : -3.854102,
      "y" : 12.854102,
      "z" : 7.236068
    }, {
      "x" : 0.0,
      "y" : 2.381966,
      "z" : 6.236068
    } ],
    "faces" : [ {
      "vertices" : [ 0, 1, 2, 3 ]
    }, {
      "vertices" : [ 0, 3, 2, 1 ]
    } ]
  }, {
    "id" : "e0920488-181c-4afc-bafb-82df0bba3f6a",
    "vertices" : [ {
      "x" : 0.0,
      "y" : 0.0,
      "z" : 0.0
    }, {
      "x" : -0.35300225,
      "y" : -0.7663045,
      "z" : -0.9241719
    }, {
      "x" : -0.49119753,
      "y" : -0.26630932,
      "z" : -1.2859719
    }, {
      "x" : -0.13819526,
      "y" : 0.49999517,
      "z" : -0.3617999
    } ],
    "faces" : [ {
      "vertices" : [ 0, 1, 2, 3 ]
    }, {
      "vertices" : [ 0, 3, 2, 1 ]
    } ]
  }, {
    "id" : "128e685e-6b8b-4a19-91a3-8abf04f1a078",
    "vertices" : [ {
      "x" : 0.0,
      "y" : 0.0,
      "z" : 0.0
    }, {
      "x" : -0.72135955,
      "y" : -0.72135955,
      "z" : 0.72135955
    }, {
      "x" : -1.1685688,
      "y" : -0.27415028,
      "z" : 0.72135955
    }, {
      "x" : -0.44720927,
      "y" : 0.44720927,
      "z" : 0.0
    } ],
    "faces" : [ {
      "vertices" : [ 0, 1, 2, 3 ]
    }, {
      "vertices" : [ 0, 3, 2, 1 ]
    } ]
  }, {
    "id" : "3165d2ad-b8ac-4579-92ee-fcac4c05763a",
    "vertices" : [ {
      "x" : 0.0,
      "y" : 0.0,
      "z" : 0.0
    }, {
      "x" : 0.0,
      "y" : 1.1671842,
      "z" : 0.4458247
    }, {
      "x" : 0.0,
      "y" : 0.72135955,
      "z" : 1.613009
    }, {
      "x" : 0.0,
      "y" : -0.4458247,
      "z" : 1.1671842
    } ],
    "faces" : [ {
      "vertices" : [ 0, 1, 2, 3 ]
    }, {
      "vertices" : [ 0, 3, 2, 1 ]
    } ]
  }, {
    "id" : "5b44baed-9dca-4ad9-b85b-a8ebc9616448",
    "vertices" : [ {
      "x" : 0.0,
      "y" : 0.0,
      "z" : 0.0
    }, {
      "x" : 0.0,
      "y" : 0.0,
      "z" : 0.23606798
    }, {
      "x" : 2.763932,
      "y" : -7.236068,
      "z" : 0.23606798
    }, {
      "x" : 2.763932,
      "y" : -7.236068,
      "z" : 0.0
    } ],
    "faces" : [ {
      "vertices" : [ 0, 1, 2, 3 ]
    }, {
      "vertices" : [ 0, 3, 2, 1 ]
    } ]
  }, {
    "id" : "df76730e-6ec1-476d-9bec-d7e141d3b5dd",
    "vertices" : [ {
      "x" : 0.0,
      "y" : 0.0,
      "z" : 0.0
    }, {
      "x" : 0.0,
      "y" : 1.4994824,
      "z" : 0.5727513
    }, {
      "x" : 0.0,
      "y" : 1.0598689,
      "z" : 1.7236743
    }, {
      "x" : 0.0,
      "y" : -0.4396135,
      "z" : 1.150923
    } ],
    "faces" : [ {
      "vertices" : [ 0, 1, 2, 3 ]
    }, {
      "vertices" : [ 0, 3, 2, 1 ]
    } ]
  }, {
    "id" : "62fcd93a-0ca7-4179-a0b7-3f7fe63f292e",
    "vertices" : [ {
      "x" : 0.0,
      "y" : 0.0,
      "z" : 0.0
    }, {
      "x" : 1.381966,
      "y" : -3.618034,
      "z" : 0.0
    }, {
      "x" : 1.381966,
      "y" : -7.236068,
      "z" : -9.472136
    }, {
      "x" : 0.0,
      "y" : -4.145898,
      "z" : -10.854102
    } ],
    "faces" : [ {
      "vertices" : [ 0, 1, 2, 3 ]
    }, {
      "vertices" : [ 0, 3, 2, 1 ]
    } ]
  }, {
    "id" : "5cbb6524-4aaf-490c-a3f9-748ded1f4609",
    "vertices" : [ {
      "x" : 0.0,
      "y" : 0.0,
      "z" : 0.0
    }, {
      "x" : 0.0,
      "y" : -1.4994824,
      "z" : -0.5727513
    }, {
      "x" : 0.0,
      "y" : -1.0598689,
      "z" : -1.7236743
    }, {
      "x" : 0.0,
      "y" : 0.4396135,
      "z" : -1.150923
    } ],
    "faces" : [ {
      "vertices" : [ 0, 1, 2, 3 ]
    }, {
      "vertices" : [ 0, 3, 2, 1 ]
    } ]
  }, {
    "id" : "007aa255-f839-4e1e-acc3-c88896ce36ef",
    "vertices" : [ {
      "x" : 0.0,
      "y" : 0.0,
      "z" : 0.0
    }, {
      "x" : 0.0,
      "y" : -3.618034,
      "z" : 2.236068
    }, {
      "x" : 2.763932,
      "y" : -2.763932,
      "z" : 0.0
    } ],
    "faces" : [ {
      "vertices" : [ 0, 1, 2 ]
    }, {
      "vertices" : [ 0, 2, 1 ]
    } ]
  }, {
    "id" : "0c0e02a8-453a-4e3d-a1c2-82a7f8d6e7e0",
    "vertices" : [ {
      "x" : 0.0,
      "y" : 0.0,
      "z" : 0.0
    }, {
      "x" : 0.0,
      "y" : 0.0,
      "z" : 0.23606798
    }, {
      "x" : 2.236068,
      "y" : -5.854102,
      "z" : 0.23606798
    }, {
      "x" : 2.236068,
      "y" : -5.854102,
      "z" : 0.0
    } ],
    "faces" : [ {
      "vertices" : [ 0, 1, 2, 3 ]
    }, {
      "vertices" : [ 0, 3, 2, 1 ]
    } ]
  }, {
    "id" : "ad249bc8-cde2-439e-b7b5-da95416cf75d",
    "vertices" : [ {
      "x" : 0.0,
      "y" : 0.0,
      "z" : 0.0
    }, {
      "x" : -0.11803399,
      "y" : 0.11803399,
      "z" : 0.0
    }, {
      "x" : -5.444272,
      "y" : -5.208204,
      "z" : 5.326238
    }, {
      "x" : -5.326238,
      "y" : -5.326238,
      "z" : 5.326238
    } ],
    "faces" : [ {
      "vertices" : [ 0, 1, 2, 3 ]
    }, {
      "vertices" : [ 0, 3, 2, 1 ]
    } ]
  }, {
    "id" : "ed7656d9-d5c6-419e-8af8-7dff5c5c80b0",
    "vertices" : [ {
      "x" : 0.0,
      "y" : 0.0,
      "z" : 0.0
    }, {
      "x" : 0.0,
      "y" : -4.236068,
      "z" : -11.09017
    }, {
      "x" : -3.854102,
      "y" : 6.236068,
      "z" : -10.09017
    }, {
      "x" : -3.854102,
      "y" : 10.326238,
      "z" : 0.618034
    } ],
    "faces" : [ {
      "vertices" : [ 0, 1, 2, 3 ]
    }, {
      "vertices" : [ 0, 3, 2, 1 ]
    } ]
  }, {
    "id" : "d50327eb-6445-4c6a-b551-d75dec89109e",
    "vertices" : [ {
      "x" : 0.0,
      "y" : 0.0,
      "z" : 0.0
    }, {
      "x" : 0.0,
      "y" : 0.4458247,
      "z" : 1.1671842
    }, {
      "x" : 0.0,
      "y" : -0.72135955,
      "z" : 1.613009
    }, {
      "x" : 0.0,
      "y" : -1.1671842,
      "z" : 0.4458247
    } ],
    "faces" : [ {
      "vertices" : [ 0, 1, 2, 3 ]
    }, {
      "vertices" : [ 0, 3, 2, 1 ]
    } ]
  }, {
    "id" : "c5ae1f2b-3df7-40f5-91ac-35c4975153ec",
    "vertices" : [ {
      "x" : 0.0,
      "y" : 0.0,
      "z" : 0.0
    }, {
      "x" : 0.18847051,
      "y" : -0.3049517,
      "z" : 0.49342218
    }, {
      "x" : -0.034441855,
      "y" : -1.386991,
      "z" : -0.090169944
    }, {
      "x" : -0.22291236,
      "y" : -1.0820394,
      "z" : -0.5835921
    } ],
    "faces" : [ {
      "vertices" : [ 0, 1, 2, 3 ]
    }, {
      "vertices" : [ 0, 3, 2, 1 ]
    } ]
  }, {
    "id" : "a0d2e016-a362-4453-b474-c24aad9a8c53",
    "vertices" : [ {
      "x" : 0.0,
      "y" : 0.0,
      "z" : 0.0
    }, {
      "x" : -0.41138285,
      "y" : -0.47140282,
      "z" : -1.0770143
    }, {
      "x" : -0.49342218,
      "y" : 0.09090308,
      "z" : -1.2917961
    }, {
      "x" : -0.08203933,
      "y" : 0.5623059,
      "z" : -0.21478175
    } ],
    "faces" : [ {
      "vertices" : [ 0, 1, 2, 3 ]
    }, {
      "vertices" : [ 0, 3, 2, 1 ]
    } ]
  }, {
    "id" : "7a4a3ac8-a402-474f-8592-c8748dbed4c7",
    "vertices" : [ {
      "x" : 0.0,
      "y" : 0.0,
      "z" : 0.0
    }, {
      "x" : 0.11803399,
      "y" : -0.11803399,
      "z" : 0.0
    }, {
      "x" : -6.5,
      "y" : -6.736068,
      "z" : 6.618034
    }, {
      "x" : -6.618034,
      "y" : -6.618034,
      "z" : 6.618034
    } ],
    "faces" : [ {
      "vertices" : [ 0, 1, 2, 3 ]
    }, {
      "vertices" : [ 0, 3, 2, 1 ]
    } ]
  }, {
    "id" : "8a7463a0-ed0c-452d-87f8-c1cbc133d8a9",
    "vertices" : [ {
      "x" : 0.0,
      "y" : 0.0,
      "z" : 0.0
    }, {
      "x" : 0.4458247,
      "y" : 0.0,
      "z" : 1.1671842
    }, {
      "x" : 0.4458247,
      "y" : -0.6099034,
      "z" : 1.1671842
    }, {
      "x" : 0.0,
      "y" : -0.6099034,
      "z" : 0.0
    } ],
    "faces" : [ {
      "vertices" : [ 0, 1, 2, 3 ]
    }, {
      "vertices" : [ 0, 3, 2, 1 ]
    } ]
  }, {
    "id" : "ffac9a56-ea1f-4b07-b9cb-4f952e0af51e",
    "vertices" : [ {
      "x" : 0.0,
      "y" : 0.0,
      "z" : 0.0
    }, {
      "x" : -0.4458247,
      "y" : 1.1671842,
      "z" : 0.0
    }, {
      "x" : -0.4458247,
      "y" : 1.1671842,
      "z" : 0.6099034
    }, {
      "x" : 0.0,
      "y" : 0.0,
      "z" : 0.6099034
    } ],
    "faces" : [ {
      "vertices" : [ 0, 1, 2, 3 ]
    }, {
      "vertices" : [ 0, 3, 2, 1 ]
    } ]
  }, {
    "id" : "7f4a2bf6-0c44-40fb-920b-e0064b55d876",
    "vertices" : [ {
      "x" : 0.0,
      "y" : 0.0,
      "z" : 0.0
    }, {
      "x" : 0.0,
      "y" : -0.4458247,
      "z" : 1.1671842
    }, {
      "x" : 0.0,
      "y" : -1.613009,
      "z" : 0.72135955
    }, {
      "x" : 0.0,
      "y" : -1.1671842,
      "z" : -0.4458247
    } ],
    "faces" : [ {
      "vertices" : [ 0, 1, 2, 3 ]
    }, {
      "vertices" : [ 0, 3, 2, 1 ]
    } ]
  }, {
    "id" : "38b03d3b-f787-4dec-ab7b-25cd4153a16a",
    "vertices" : [ {
      "x" : 0.0,
      "y" : 0.0,
      "z" : 0.0
    }, {
      "x" : 0.0,
      "y" : -1.1671842,
      "z" : 0.4458247
    }, {
      "x" : 0.0,
      "y" : -1.613009,
      "z" : -0.72135955
    }, {
      "x" : 0.0,
      "y" : -0.4458247,
      "z" : -1.1671842
    } ],
    "faces" : [ {
      "vertices" : [ 0, 1, 2, 3 ]
    }, {
      "vertices" : [ 0, 3, 2, 1 ]
    } ]
  }, {
    "id" : "b6d1e5db-aea6-4847-83d0-92e4784299d3",
    "vertices" : [ {
      "x" : 0.0,
      "y" : 0.0,
      "z" : 0.0
    }, {
      "x" : 0.4396135,
      "y" : -1.150923,
      "z" : 0.0
    }, {
      "x" : 0.2824792,
      "y" : -1.210943,
      "z" : -1.2341486
    }, {
      "x" : -0.15713428,
      "y" : -0.06001995,
      "z" : -1.2341486
    } ],
    "faces" : [ {
      "vertices" : [ 0, 1, 2, 3 ]
    }, {
      "vertices" : [ 0, 3, 2, 1 ]
    } ]
  }, {
    "id" : "0955dcf6-e6ea-4b8a-83d8-82fe475ae668",
    "vertices" : [ {
      "x" : 0.0,
      "y" : 0.0,
      "z" : 0.0
    }, {
      "x" : 0.41330224,
      "y" : 0.47360224,
      "z" : 1.0820394
    }, {
      "x" : 0.49871162,
      "y" : -0.11180232,
      "z" : 1.3056439
    }, {
      "x" : 0.08540937,
      "y" : -0.5854046,
      "z" : 0.22360463
    } ],
    "faces" : [ {
      "vertices" : [ 0, 1, 2, 3 ]
    }, {
      "vertices" : [ 0, 3, 2, 1 ]
    } ]
  }, {
    "id" : "64d065fb-114e-4eae-9faf-b47693ede864",
    "vertices" : [ {
      "x" : 0.0,
      "y" : 0.0,
      "z" : 0.0
    }, {
      "x" : -0.18847051,
      "y" : 0.3049517,
      "z" : -0.49342218
    }, {
      "x" : 0.034441855,
      "y" : 1.386991,
      "z" : 0.090169944
    }, {
      "x" : 0.22291236,
      "y" : 1.0820394,
      "z" : 0.5835921
    } ],
    "faces" : [ {
      "vertices" : [ 0, 1, 2, 3 ]
    }, {
      "vertices" : [ 0, 3, 2, 1 ]
    } ]
  }, {
    "id" : "f03fabab-3108-4fed-a9a0-8404044e746a",
    "vertices" : [ {
      "x" : 0.0,
      "y" : 0.0,
      "z" : 0.0
    }, {
      "x" : 0.13274242,
      "y" : -0.48026657,
      "z" : 0.34752417
    }, {
      "x" : -0.2186205,
      "y" : -1.2430123,
      "z" : -0.57235587
    }, {
      "x" : -0.3513629,
      "y" : -0.7627458,
      "z" : -0.91988003
    } ],
    "faces" : [ {
      "vertices" : [ 0, 1, 2, 3 ]
    }, {
      "vertices" : [ 0, 3, 2, 1 ]
    } ]
  }, {
    "id" : "01f49fe7-e6ed-413d-8729-7145f32f0b0f",
    "vertices" : [ {
      "x" : 0.0,
      "y" : 0.0,
      "z" : 0.0
    }, {
      "x" : 0.22360463,
      "y" : 0.08540937,
      "z" : 0.5854046
    }, {
      "x" : 0.109725475,
      "y" : -2.256209,
      "z" : 0.28726503
    } ],
    "faces" : [ {
      "vertices" : [ 0, 1, 2 ]
    }, {
      "vertices" : [ 0, 2, 1 ]
    } ]
  }, {
    "id" : "c82ef1eb-9af0-4c02-a0e5-0e325177a8f1",
    "vertices" : [ {
      "x" : 0.0,
      "y" : 0.0,
      "z" : 0.0
    }, {
      "x" : -0.47140282,
      "y" : 1.0770143,
      "z" : -0.41138285
    }, {
      "x" : -0.47140282,
      "y" : 1.5166278,
      "z" : 0.73954016
    }, {
      "x" : 0.0,
      "y" : 0.4396135,
      "z" : 1.150923
    } ],
    "faces" : [ {
      "vertices" : [ 0, 1, 2, 3 ]
    }, {
      "vertices" : [ 0, 3, 2, 1 ]
    } ]
  }, {
    "id" : "20d22579-5ddc-43b3-b3d9-789dbf12a7ff",
    "vertices" : [ {
      "x" : 0.0,
      "y" : 0.0,
      "z" : 0.0
    }, {
      "x" : 1.381966,
      "y" : -2.763932,
      "z" : 2.236068
    }, {
      "x" : 1.381966,
      "y" : -6.381966,
      "z" : -7.236068
    }, {
      "x" : 0.0,
      "y" : -2.763932,
      "z" : -7.236068
    } ],
    "faces" : [ {
      "vertices" : [ 0, 1, 2, 3 ]
    }, {
      "vertices" : [ 0, 3, 2, 1 ]
    } ]
  }, {
    "id" : "71a0a886-3185-4bbc-9281-a8fc28b29214",
    "vertices" : [ {
      "x" : 0.0,
      "y" : 0.0,
      "z" : 0.0
    }, {
      "x" : 0.0,
      "y" : 2.381966,
      "z" : 6.236068
    }, {
      "x" : 0.0,
      "y" : -0.23606798,
      "z" : 13.09017
    }, {
      "x" : 0.0,
      "y" : -4.09017,
      "z" : 10.708204
    } ],
    "faces" : [ {
      "vertices" : [ 0, 1, 2, 3 ]
    }, {
      "vertices" : [ 0, 3, 2, 1 ]
    } ]
  }, {
    "id" : "11179b8a-23be-4f95-868d-82071f5799e2",
    "vertices" : [ {
      "x" : 0.0,
      "y" : 0.0,
      "z" : 0.0
    }, {
      "x" : 0.11803399,
      "y" : -0.11803399,
      "z" : 0.0
    }, {
      "x" : 6.972136,
      "y" : 6.736068,
      "z" : -6.854102
    }, {
      "x" : 6.854102,
      "y" : 6.854102,
      "z" : -6.854102
    } ],
    "faces" : [ {
      "vertices" : [ 0, 1, 2, 3 ]
    }, {
      "vertices" : [ 0, 3, 2, 1 ]
    } ]
  }, {
    "id" : "342e119a-8778-4675-b475-3c3bc9ac698a",
    "vertices" : [ {
      "x" : 0.0,
      "y" : 0.0,
      "z" : 0.0
    }, {
      "x" : -0.86179507,
      "y" : 1.9689438,
      "z" : -0.7520696
    }, {
      "x" : -0.86179507,
      "y" : 2.4147685,
      "z" : 0.41511467
    }, {
      "x" : 0.0,
      "y" : 0.4458247,
      "z" : 1.1671842
    } ],
    "faces" : [ {
      "vertices" : [ 0, 1, 2, 3 ]
    }, {
      "vertices" : [ 0, 3, 2, 1 ]
    } ]
  }, {
    "id" : "1d4a24d3-5d4b-4130-a2b3-64890c4c9641",
    "vertices" : [ {
      "x" : 0.0,
      "y" : 0.0,
      "z" : 0.0
    }, {
      "x" : 0.0,
      "y" : 0.0,
      "z" : -0.23606798
    }, {
      "x" : -4.145898,
      "y" : 10.854102,
      "z" : -0.23606798
    }, {
      "x" : -4.145898,
      "y" : 10.854102,
      "z" : 0.0
    } ],
    "faces" : [ {
      "vertices" : [ 0, 1, 2, 3 ]
    }, {
      "vertices" : [ 0, 3, 2, 1 ]
    } ]
  }, {
    "id" : "e73ce5b4-b165-430c-ad6c-aedcc6721516",
    "vertices" : [ {
      "x" : 0.0,
      "y" : 0.0,
      "z" : 0.0
    }, {
      "x" : 0.0,
      "y" : -2.381966,
      "z" : -6.236068
    }, {
      "x" : -2.381966,
      "y" : 3.854102,
      "z" : -6.236068
    } ],
    "faces" : [ {
      "vertices" : [ 0, 1, 2 ]
    }, {
      "vertices" : [ 0, 2, 1 ]
    } ]
  }, {
    "id" : "2fec74eb-664e-446f-912a-d8b4447bdeef",
    "vertices" : [ {
      "x" : 0.0,
      "y" : 0.0,
      "z" : 0.0
    }, {
      "x" : 0.6099034,
      "y" : -1.3934467,
      "z" : 0.5322493
    }, {
      "x" : 0.6099034,
      "y" : -1.8392713,
      "z" : -0.634935
    }, {
      "x" : 0.0,
      "y" : -0.4458247,
      "z" : -1.1671842
    } ],
    "faces" : [ {
      "vertices" : [ 0, 1, 2, 3 ]
    }, {
      "vertices" : [ 0, 3, 2, 1 ]
    } ]
  }, {
    "id" : "4a8bdd47-56f9-4f73-a4d0-98d830a261d0",
    "vertices" : [ {
      "x" : 0.0,
      "y" : 0.0,
      "z" : 0.0
    }, {
      "x" : -0.059016995,
      "y" : -0.022542486,
      "z" : 0.1545085
    }, {
      "x" : -0.059016995,
      "y" : -3.8766444,
      "z" : -0.4077974
    }, {
      "x" : 0.0,
      "y" : -3.854102,
      "z" : -0.5623059
    } ],
    "faces" : [ {
      "vertices" : [ 0, 1, 2, 3 ]
    }, {
      "vertices" : [ 0, 3, 2, 1 ]
    } ]
  }, {
    "id" : "05e2f3a3-2e19-4d00-b3e9-bfd585e18d14",
    "vertices" : [ {
      "x" : 0.0,
      "y" : 0.0,
      "z" : 0.0
    }, {
      "x" : 0.11803399,
      "y" : -0.11803399,
      "z" : 0.0
    }, {
      "x" : 2.881966,
      "y" : 2.645898,
      "z" : -2.763932
    }, {
      "x" : 2.763932,
      "y" : 2.763932,
      "z" : -2.763932
    } ],
    "faces" : [ {
      "vertices" : [ 0, 1, 2, 3 ]
    }, {
      "vertices" : [ 0, 3, 2, 1 ]
    } ]
  }, {
    "id" : "ad6609ea-34fa-46c9-a972-6960495bae1e",
    "vertices" : [ {
      "x" : 0.0,
      "y" : 0.0,
      "z" : 0.0
    }, {
      "x" : 0.0,
      "y" : 0.6099034,
      "z" : 0.0
    }, {
      "x" : 0.4458247,
      "y" : 0.6099034,
      "z" : 1.1671842
    }, {
      "x" : 0.4458247,
      "y" : 0.0,
      "z" : 1.1671842
    } ],
    "faces" : [ {
      "vertices" : [ 0, 1, 2, 3 ]
    }, {
      "vertices" : [ 0, 3, 2, 1 ]
    } ]
  }, {
    "id" : "1ccaba16-29c9-4fb5-ac6c-5bba297bfa90",
    "vertices" : [ {
      "x" : 0.0,
      "y" : 0.0,
      "z" : 0.0
    }, {
      "x" : 0.11803399,
      "y" : -0.11803399,
      "z" : 0.0
    }, {
      "x" : 3.972136,
      "y" : 3.736068,
      "z" : -3.854102
    }, {
      "x" : 3.854102,
      "y" : 3.854102,
      "z" : -3.854102
    } ],
    "faces" : [ {
      "vertices" : [ 0, 1, 2, 3 ]
    }, {
      "vertices" : [ 0, 3, 2, 1 ]
    } ]
  }, {
    "id" : "297b571b-be5a-4413-9429-f97ad2a0dd01",
    "vertices" : [ {
      "x" : 0.0,
      "y" : 0.0,
      "z" : 0.0
    }, {
      "x" : 0.0,
      "y" : -1.7082039,
      "z" : -4.472136
    }, {
      "x" : -2.381966,
      "y" : 3.618034,
      "z" : -6.854102
    }, {
      "x" : -2.381966,
      "y" : 6.236068,
      "z" : 0.0
    } ],
    "faces" : [ {
      "vertices" : [ 0, 1, 2, 3 ]
    }, {
      "vertices" : [ 0, 3, 2, 1 ]
    } ]
  }, {
    "id" : "797031a8-8406-4214-bb7a-612e108a9058",
    "vertices" : [ {
      "x" : 0.0,
      "y" : 0.0,
      "z" : 0.0
    }, {
      "x" : -0.89441854,
      "y" : 2.0434787,
      "z" : -0.7805394
    }, {
      "x" : -0.89441854,
      "y" : 2.4893034,
      "z" : 0.38664487
    }, {
      "x" : 0.0,
      "y" : 0.4458247,
      "z" : 1.1671842
    } ],
    "faces" : [ {
      "vertices" : [ 0, 1, 2, 3 ]
    }, {
      "vertices" : [ 0, 3, 2, 1 ]
    } ]
  }, {
    "id" : "a64974fd-2dfb-45e8-930b-5f037d004b08",
    "vertices" : [ {
      "x" : 0.0,
      "y" : 0.0,
      "z" : 0.0
    }, {
      "x" : -0.71130955,
      "y" : -0.71130955,
      "z" : 0.71130955
    }, {
      "x" : -0.28174606,
      "y" : -1.1408731,
      "z" : 0.71130955
    }, {
      "x" : 0.4295635,
      "y" : -0.4295635,
      "z" : 0.0
    } ],
    "faces" : [ {
      "vertices" : [ 0, 1, 2, 3 ]
    }, {
      "vertices" : [ 0, 3, 2, 1 ]
    } ]
  }, {
    "id" : "a1c7d418-cd8c-4d51-9f1a-6abf6eca7fe9",
    "vertices" : [ {
      "x" : 0.0,
      "y" : 0.0,
      "z" : 0.0
    }, {
      "x" : -0.08540937,
      "y" : -0.5854046,
      "z" : -0.22360463
    }, {
      "x" : -0.49871162,
      "y" : -0.11180232,
      "z" : -1.3056439
    }, {
      "x" : -0.41330224,
      "y" : 0.47360224,
      "z" : -1.0820394
    } ],
    "faces" : [ {
      "vertices" : [ 0, 1, 2, 3 ]
    }, {
      "vertices" : [ 0, 3, 2, 1 ]
    } ]
  }, {
    "id" : "b51309c4-1707-47b4-ab08-8d816f0c3107",
    "vertices" : [ {
      "x" : 0.0,
      "y" : 0.0,
      "z" : 0.0
    }, {
      "x" : 0.490712,
      "y" : -0.5623059,
      "z" : 1.2847006
    }, {
      "x" : -0.08203933,
      "y" : -0.5623059,
      "z" : -0.21478175
    } ],
    "faces" : [ {
      "vertices" : [ 0, 1, 2 ]
    }, {
      "vertices" : [ 0, 2, 1 ]
    } ]
  }, {
    "id" : "e5107d87-ebd1-42d2-b423-45280e5cbe70",
    "vertices" : [ {
      "x" : 0.0,
      "y" : 0.0,
      "z" : 0.0
    }, {
      "x" : 0.072949015,
      "y" : -0.11803399,
      "z" : 0.19098301
    }, {
      "x" : 0.072949015,
      "y" : -3.736068,
      "z" : -2.045085
    }, {
      "x" : 0.0,
      "y" : -3.618034,
      "z" : -2.236068
    } ],
    "faces" : [ {
      "vertices" : [ 0, 1, 2, 3 ]
    }, {
      "vertices" : [ 0, 3, 2, 1 ]
    } ]
  }, {
    "id" : "61e0e90b-19a0-4bfd-a6d3-6318f4dafb79",
    "vertices" : [ {
      "x" : 0.0,
      "y" : 0.0,
      "z" : 0.0
    }, {
      "x" : 0.0,
      "y" : 0.4396135,
      "z" : 1.150923
    }, {
      "x" : 0.5623059,
      "y" : -0.8450872,
      "z" : 1.6416351
    }, {
      "x" : 0.5623059,
      "y" : -1.2847006,
      "z" : 0.490712
    } ],
    "faces" : [ {
      "vertices" : [ 0, 1, 2, 3 ]
    }, {
      "vertices" : [ 0, 3, 2, 1 ]
    } ]
  }, {
    "id" : "815e8b89-da7d-433b-bb66-8d62d76869b0",
    "vertices" : [ {
      "x" : 0.0,
      "y" : 0.0,
      "z" : 0.0
    }, {
      "x" : -0.22291236,
      "y" : -1.0820394,
      "z" : -0.5835921
    }, {
      "x" : -0.41138285,
      "y" : -0.7770876,
      "z" : -1.0770143
    }, {
      "x" : -0.18847051,
      "y" : 0.3049517,
      "z" : -0.49342218
    } ],
    "faces" : [ {
      "vertices" : [ 0, 1, 2, 3 ]
    }, {
      "vertices" : [ 0, 3, 2, 1 ]
    } ]
  }, {
    "id" : "3f9fb46b-a9ef-4f6e-8618-c487c71f76c3",
    "vertices" : [ {
      "x" : 0.0,
      "y" : 0.0,
      "z" : 0.0
    }, {
      "x" : 0.0,
      "y" : 0.4458247,
      "z" : -1.1671842
    }, {
      "x" : 0.0,
      "y" : 1.613009,
      "z" : -0.72135955
    }, {
      "x" : 0.0,
      "y" : 1.1671842,
      "z" : 0.4458247
    } ],
    "faces" : [ {
      "vertices" : [ 0, 1, 2, 3 ]
    }, {
      "vertices" : [ 0, 3, 2, 1 ]
    } ]
  }, {
    "id" : "b1d447d4-798c-480e-8fe1-90bc2a0dcfbc",
    "vertices" : [ {
      "x" : 0.0,
      "y" : 0.0,
      "z" : 0.0
    }, {
      "x" : -0.13274242,
      "y" : 0.48026657,
      "z" : -0.34752417
    }, {
      "x" : 0.2186205,
      "y" : 1.2430123,
      "z" : 0.57235587
    }, {
      "x" : 0.3513629,
      "y" : 0.7627458,
      "z" : 0.91988003
    } ],
    "faces" : [ {
      "vertices" : [ 0, 1, 2, 3 ]
    }, {
      "vertices" : [ 0, 3, 2, 1 ]
    } ]
  }, {
    "id" : "7562fb69-8de7-4ef7-9954-c49ca0d67402",
    "vertices" : [ {
      "x" : 0.0,
      "y" : 0.0,
      "z" : 0.0
    }, {
      "x" : -0.85410196,
      "y" : 3.09017,
      "z" : 2.236068
    }, {
      "x" : 0.0,
      "y" : 2.236068,
      "z" : 5.854102
    } ],
    "faces" : [ {
      "vertices" : [ 0, 1, 2 ]
    }, {
      "vertices" : [ 0, 2, 1 ]
    } ]
  }, {
    "id" : "03ab2897-cce4-4ca4-833e-330fcc809584",
    "vertices" : [ {
      "x" : 0.0,
      "y" : 0.0,
      "z" : 0.0
    }, {
      "x" : 0.0,
      "y" : -0.6099034,
      "z" : 0.0
    }, {
      "x" : -0.4458247,
      "y" : -0.6099034,
      "z" : -1.1671842
    }, {
      "x" : -0.4458247,
      "y" : 0.0,
      "z" : -1.1671842
    } ],
    "faces" : [ {
      "vertices" : [ 0, 1, 2, 3 ]
    }, {
      "vertices" : [ 0, 3, 2, 1 ]
    } ]
  }, {
    "id" : "8cd7bc70-bf92-428c-a188-b519b72b090a",
    "vertices" : [ {
      "x" : 0.0,
      "y" : 0.0,
      "z" : 0.0
    }, {
      "x" : 0.0,
      "y" : -4.236068,
      "z" : -11.09017
    }, {
      "x" : -2.381966,
      "y" : 2.0,
      "z" : -11.09017
    }, {
      "x" : -2.381966,
      "y" : 6.236068,
      "z" : 0.0
    } ],
    "faces" : [ {
      "vertices" : [ 0, 1, 2, 3 ]
    }, {
      "vertices" : [ 0, 3, 2, 1 ]
    } ]
  }, {
    "id" : "593e500c-2b75-4bfc-a6c9-5c9411638d92",
    "vertices" : [ {
      "x" : 0.0,
      "y" : 0.0,
      "z" : 0.0
    }, {
      "x" : -0.08203933,
      "y" : -0.5623059,
      "z" : -0.21478175
    }, {
      "x" : -0.49342218,
      "y" : -0.09090308,
      "z" : -1.2917961
    }, {
      "x" : -0.41138285,
      "y" : 0.47140282,
      "z" : -1.0770143
    } ],
    "faces" : [ {
      "vertices" : [ 0, 1, 2, 3 ]
    }, {
      "vertices" : [ 0, 3, 2, 1 ]
    } ]
  }, {
    "id" : "62a5f38b-c415-4611-bcc6-176f706d9d27",
    "vertices" : [ {
      "x" : 0.0,
      "y" : 0.0,
      "z" : 0.0
    }, {
      "x" : 0.0,
      "y" : 5.854102,
      "z" : 3.618034
    }, {
      "x" : 0.0,
      "y" : 2.236068,
      "z" : 5.854102
    } ],
    "faces" : [ {
      "vertices" : [ 0, 1, 2 ]
    }, {
      "vertices" : [ 0, 2, 1 ]
    } ]
  }, {
    "id" : "2fda50a6-77c1-4887-8856-169e44820c10",
    "vertices" : [ {
      "x" : 0.0,
      "y" : 0.0,
      "z" : 0.0
    }, {
      "x" : -0.08540937,
      "y" : -0.5854046,
      "z" : -0.22360463
    }, {
      "x" : -0.7520696,
      "y" : 0.86179507,
      "z" : -1.9689438
    } ],
    "faces" : [ {
      "vertices" : [ 0, 1, 2 ]
    }, {
      "vertices" : [ 0, 2, 1 ]
    } ]
  }, {
    "id" : "42dd9d2b-3896-46cb-a7aa-349b8fea086d",
    "vertices" : [ {
      "x" : 0.0,
      "y" : 0.0,
      "z" : 0.0
    }, {
      "x" : 0.90983003,
      "y" : -3.291796,
      "z" : -2.381966
    }, {
      "x" : 0.0,
      "y" : -3.291796,
      "z" : -8.618034
    } ],
    "faces" : [ {
      "vertices" : [ 0, 1, 2 ]
    }, {
      "vertices" : [ 0, 2, 1 ]
    } ]
  }, {
    "id" : "8b136780-d99b-4b34-874d-912db6f9e38e",
    "vertices" : [ {
      "x" : 0.0,
      "y" : 0.0,
      "z" : 0.0
    }, {
      "x" : -0.18847051,
      "y" : -0.3049517,
      "z" : -0.49342218
    }, {
      "x" : -0.26612464,
      "y" : 1.2917961,
      "z" : -0.69672334
    } ],
    "faces" : [ {
      "vertices" : [ 0, 1, 2 ]
    }, {
      "vertices" : [ 0, 2, 1 ]
    } ]
  }, {
    "id" : "55cc9caf-9b58-4c3d-91b8-c9a51f636022",
    "vertices" : [ {
      "x" : 0.0,
      "y" : 0.0,
      "z" : 0.0
    }, {
      "x" : -0.4295635,
      "y" : 0.4295635,
      "z" : 0.0
    }, {
      "x" : -1.1408731,
      "y" : -0.28174606,
      "z" : 0.71130955
    }, {
      "x" : -0.71130955,
      "y" : -0.71130955,
      "z" : 0.71130955
    } ],
    "faces" : [ {
      "vertices" : [ 0, 1, 2, 3 ]
    }, {
      "vertices" : [ 0, 3, 2, 1 ]
    } ]
  }, {
    "id" : "ad6dfe1f-0755-40a7-b66b-5a61c64e59bc",
    "vertices" : [ {
      "x" : 0.0,
      "y" : 0.0,
      "z" : 0.0
    }, {
      "x" : -0.15786742,
      "y" : -0.060299985,
      "z" : -1.2399068
    }, {
      "x" : -0.6036921,
      "y" : 1.1068842,
      "z" : -1.2399068
    }, {
      "x" : -0.4458247,
      "y" : 1.1671842,
      "z" : 0.0
    } ],
    "faces" : [ {
      "vertices" : [ 0, 1, 2, 3 ]
    }, {
      "vertices" : [ 0, 3, 2, 1 ]
    } ]
  }, {
    "id" : "4e5f2151-115b-42ec-89b6-17e037074995",
    "vertices" : [ {
      "x" : 0.0,
      "y" : 0.0,
      "z" : 0.0
    }, {
      "x" : -0.11803399,
      "y" : 0.11803399,
      "z" : 0.0
    }, {
      "x" : 6.118034,
      "y" : 6.354102,
      "z" : -6.236068
    }, {
      "x" : 6.236068,
      "y" : 6.236068,
      "z" : -6.236068
    } ],
    "faces" : [ {
      "vertices" : [ 0, 1, 2, 3 ]
    }, {
      "vertices" : [ 0, 3, 2, 1 ]
    } ]
  }, {
    "id" : "2a20f0df-da89-4a03-9133-a8634c86e290",
    "vertices" : [ {
      "x" : 0.0,
      "y" : 0.0,
      "z" : 0.0
    }, {
      "x" : 0.4295635,
      "y" : -0.4295635,
      "z" : 0.0
    }, {
      "x" : -0.28174606,
      "y" : -1.1408731,
      "z" : 0.71130955
    }, {
      "x" : -0.71130955,
      "y" : -0.71130955,
      "z" : 0.71130955
    } ],
    "faces" : [ {
      "vertices" : [ 0, 1, 2, 3 ]
    }, {
      "vertices" : [ 0, 3, 2, 1 ]
    } ]
  }, {
    "id" : "40141afb-024a-4920-ae4c-c9a66c19b143",
    "vertices" : [ {
      "x" : 0.0,
      "y" : 0.0,
      "z" : 0.0
    }, {
      "x" : -0.21478175,
      "y" : -0.08203933,
      "z" : -0.5623059
    }, {
      "x" : -0.2748017,
      "y" : 1.1521093,
      "z" : -0.71944016
    }, {
      "x" : -0.06001995,
      "y" : 1.2341486,
      "z" : -0.15713428
    } ],
    "faces" : [ {
      "vertices" : [ 0, 1, 2, 3 ]
    }, {
      "vertices" : [ 0, 3, 2, 1 ]
    } ]
  }, {
    "id" : "6d357c03-a695-49f9-8b24-be320067035a",
    "vertices" : [ {
      "x" : 0.0,
      "y" : 0.0,
      "z" : 0.0
    }, {
      "x" : -0.07159391,
      "y" : 1.4721359,
      "z" : -0.1874353
    }, {
      "x" : 0.21478175,
      "y" : 0.08203933,
      "z" : 0.5623059
    } ],
    "faces" : [ {
      "vertices" : [ 0, 1, 2 ]
    }, {
      "vertices" : [ 0, 2, 1 ]
    } ]
  }, {
    "id" : "45441375-6429-4809-98e1-20492d0a66da",
    "vertices" : [ {
      "x" : 0.0,
      "y" : 0.0,
      "z" : 0.0
    }, {
      "x" : 0.3513629,
      "y" : -0.7627458,
      "z" : 0.91988003
    }, {
      "x" : 0.2186205,
      "y" : -1.2430123,
      "z" : 0.57235587
    }, {
      "x" : -0.13274242,
      "y" : -0.48026657,
      "z" : -0.34752417
    } ],
    "faces" : [ {
      "vertices" : [ 0, 1, 2, 3 ]
    }, {
      "vertices" : [ 0, 3, 2, 1 ]
    } ]
  }, {
    "id" : "66028d15-7772-44a5-866b-f54e704e2c91",
    "vertices" : [ {
      "x" : 0.0,
      "y" : 0.0,
      "z" : 0.0
    }, {
      "x" : 0.0,
      "y" : 3.854102,
      "z" : 2.381966
    }, {
      "x" : 0.0,
      "y" : -0.38196602,
      "z" : 13.472136
    }, {
      "x" : 0.0,
      "y" : -2.763932,
      "z" : 7.236068
    } ],
    "faces" : [ {
      "vertices" : [ 0, 1, 2, 3 ]
    }, {
      "vertices" : [ 0, 3, 2, 1 ]
    } ]
  }, {
    "id" : "bf5202ae-c5d8-4c4f-abdc-f90560da77ab",
    "vertices" : [ {
      "x" : 0.0,
      "y" : 0.0,
      "z" : 0.0
    }, {
      "x" : 0.0,
      "y" : -3.854102,
      "z" : 10.09017
    }, {
      "x" : 0.0,
      "y" : -3.854102,
      "z" : 2.381966
    } ],
    "faces" : [ {
      "vertices" : [ 0, 1, 2 ]
    }, {
      "vertices" : [ 0, 2, 1 ]
    } ]
  }, {
    "id" : "b00e7eb7-5688-4d96-9693-af6edb0d58eb",
    "vertices" : [ {
      "x" : 0.0,
      "y" : 0.0,
      "z" : 0.0
    }, {
      "x" : 0.0,
      "y" : 5.854102,
      "z" : 3.618034
    }, {
      "x" : 0.0,
      "y" : 3.09017,
      "z" : 10.854102
    }, {
      "x" : 0.0,
      "y" : -4.145898,
      "z" : 10.854102
    } ],
    "faces" : [ {
      "vertices" : [ 0, 1, 2, 3 ]
    }, {
      "vertices" : [ 0, 3, 2, 1 ]
    } ]
  }, {
    "id" : "4604ac6e-1662-444f-b855-1795fa89c31e",
    "vertices" : [ {
      "x" : 0.0,
      "y" : 0.0,
      "z" : 0.0
    }, {
      "x" : 0.18847051,
      "y" : 0.3049517,
      "z" : 0.49342218
    }, {
      "x" : 0.41138285,
      "y" : -0.7770876,
      "z" : 1.0770143
    }, {
      "x" : 0.22291236,
      "y" : -1.0820394,
      "z" : 0.5835921
    } ],
    "faces" : [ {
