{
  "field" : "golden",
  "symmetry" : "icosahedral",
  "orientations" : [ [ 1.0, 0.0, 0.0, 0.0, 0.0, 1.0, 0.0, 0.0, 0.0, 0.0, 1.0, 0.0, 0.0, 0.0, 0.0, 1.0 ], [ 0.0, 0.0, 1.0, 0.0, 1.0, 0.0, 0.0, 0.0, 0.0, 1.0, 0.0, 0.0, 0.0, 0.0, 0.0, 1.0 ], [ 0.0, 1.0, 0.0, 0.0, 0.0, 0.0, 1.0, 0.0, 1.0, 0.0, 0.0, 0.0, 0.0, 0.0, 0.0, 1.0 ], [ 0.809017, 0.309017, 0.5, 0.0, 0.309017, 0.5, -0.809017, 0.0, -0.5, 0.809017, 0.309017, 0.0, 0.0, 0.0, 0.0, 1.0 ], [ -0.5, 0.809017, 0.309017, 0.0, 0.809017, 0.309017, 0.5, 0.0, 0.309017, 0.5, -0.809017, 0.0, 0.0, 0.0, 0.0, 1.0 ], [ 0.309017, 0.5, -0.809017, 0.0, -0.5, 0.809017, 0.309017, 0.0, 0.809017, 0.309017, 0.5, 0.0, 0.0, 0.0, 0.0, 1.0 ], [ 0.5, 0.809017, 0.309017, 0.0, 0.809017, -0.309017, -0.5, 0.0, -0.309017, 0.5, -0.809017, 0.0, 0.0, 0.0, 0.0, 1.0 ], [ -0.309017, 0.5, -0.809017, 0.0, 0.5, 0.809017, 0.309017, 0.0, 0.809017, -0.309017, -0.5, 0.0, 0.0, 0.0, 0.0, 1.0 ], [ 0.809017, -0.309017, -0.5, 0.0, -0.309017, 0.5, -0.809017, 0.0, 0.5, 0.809017, 0.309017, 0.0, 0.0, 0.0, 0.0, 1.0 ], [ 0.5, 0.809017, -0.309017, 0.0, 0.809017, -0.309017, 0.5, 0.0, 0.309017, -0.5, -0.809017, 0.0, 0.0, 0.0, 0.0, 1.0 ], [ 0.309017, -0.5, -0.809017, 0.0, 0.5, 0.809017, -0.309017, 0.0, 0.809017, -0.309017, 0.5, 0.0, 0.0, 0.0, 0.0, 1.0 ], [ 0.809017, -0.309017, 0.5, 0.0, 0.309017, -0.5, -0.809017, 0.0, 0.5, 0.809017, -0.309017, 0.0, 0.0, 0.0, 0.0, 1.0 ], [ 0.809017, 0.309017, -0.5, 0.0, 0.309017, 0.5, 0.809017, 0.0, 0.5, -0.809017, 0.309017, 0.0, 0.0, 0.0, 0.0, 1.0 ], [ 0.5, -0.809017, 0.309017, 0.0, 0.809017, 0.309017, -0.5, 0.0, 0.309017, 0.5, 0.809017, 0.0, 0.0, 0.0, 0.0, 1.0 ], [ 0.309017, 0.5, 0.809017, 0.0, 0.5, -0.809017, 0.309017, 0.0, 0.809017, 0.309017, -0.5, 0.0, 0.0, 0.0, 0.0, 1.0 ], [ 1.0, 0.0, 0.0, 0.0, 0.0, -1.0, 0.0, 0.0, 0.0, 0.0, -1.0, 0.0, 0.0, 0.0, 0.0, 1.0 ], [ 0.0, 0.0, 1.0, 0.0, -1.0, 0.0, 0.0, 0.0, 0.0, -1.0, 0.0, 0.0, 0.0, 0.0, 0.0, 1.0 ], [ 0.0, 1.0, 0.0, 0.0, 0.0, 0.0, -1.0, 0.0, -1.0, 0.0, 0.0, 0.0, 0.0, 0.0, 0.0, 1.0 ], [ 0.809017, 0.309017, 0.5, 0.0, -0.309017, -0.5, 0.809017, 0.0, 0.5, -0.809017, -0.309017, 0.0, 0.0, 0.0, 0.0, 1.0 ], [ -0.5, 0.809017, 0.309017, 0.0, -0.809017, -0.309017, -0.5, 0.0, -0.309017, -0.5, 0.809017, 0.0, 0.0, 0.0, 0.0, 1.0 ], [ 0.309017, 0.5, -0.809017, 0.0, 0.5, -0.809017, -0.309017, 0.0, -0.809017, -0.309017, -0.5, 0.0, 0.0, 0.0, 0.0, 1.0 ], [ 0.5, 0.809017, 0.309017, 0.0, -0.809017, 0.309017, 0.5, 0.0, 0.309017, -0.5, 0.809017, 0.0, 0.0, 0.0, 0.0, 1.0 ], [ -0.309017, 0.5, -0.809017, 0.0, -0.5, -0.809017, -0.309017, 0.0, -0.809017, 0.309017, 0.5, 0.0, 0.0, 0.0, 0.0, 1.0 ], [ 0.809017, -0.309017, -0.5, 0.0, 0.309017, -0.5, 0.809017, 0.0, -0.5, -0.809017, -0.309017, 0.0, 0.0, 0.0, 0.0, 1.0 ], [ 0.5, 0.809017, -0.309017, 0.0, -0.809017, 0.309017, -0.5, 0.0, -0.309017, 0.5, 0.809017, 0.0, 0.0, 0.0, 0.0, 1.0 ], [ 0.309017, -0.5, -0.809017, 0.0, -0.5, -0.809017, 0.309017, 0.0, -0.809017, 0.309017, -0.5, 0.0, 0.0, 0.0, 0.0, 1.0 ], [ 0.809017, -0.309017, 0.5, 0.0, -0.309017, 0.5, 0.809017, 0.0, -0.5, -0.809017, 0.309017, 0.0, 0.0, 0.0, 0.0, 1.0 ], [ 0.809017, 0.309017, -0.5, 0.0, -0.309017, -0.5, -0.809017, 0.0, -0.5, 0.809017, -0.309017, 0.0, 0.0, 0.0, 0.0, 1.0 ], [ 0.5, -0.809017, 0.309017, 0.0, -0.809017, -0.309017, 0.5, 0.0, -0.309017, -0.5, -0.809017, 0.0, 0.0, 0.0, 0.0, 1.0 ], [ 0.309017, 0.5, 0.809017, 0.0, -0.5, 0.809017, -0.309017, 0.0, -0.809017, -0.309017, 0.5, 0.0, 0.0, 0.0, 0.0, 1.0 ], [ -1.0, 0.0, 0.0, 0.0, 0.0, -1.0, 0.0, 0.0, 0.0, 0.0, 1.0, 0.0, 0.0, 0.0, 0.0, 1.0 ], [ 0.0, 0.0, -1.0, 0.0, -1.0, 0.0, 0.0, 0.0, 0.0, 1.0, 0.0, 0.0, 0.0, 0.0, 0.0, 1.0 ], [ 0.0, -1.0, 0.0, 0.0, 0.0, 0.0, -1.0, 0.0, 1.0, 0.0, 0.0, 0.0, 0.0, 0.0, 0.0, 1.0 ], [ -0.809017, -0.309017, -0.5, 0.0, -0.309017, -0.5, 0.809017, 0.0, -0.5, 0.809017, 0.309017, 0.0, 0.0, 0.0, 0.0, 1.0 ], [ 0.5, -0.809017, -0.309017, 0.0, -0.809017, -0.309017, -0.5, 0.0, 0.309017, 0.5, -0.809017, 0.0, 0.0, 0.0, 0.0, 1.0 ], [ -0.309017, -0.5, 0.809017, 0.0, 0.5, -0.809017, -0.309017, 0.0, 0.809017, 0.309017, 0.5, 0.0, 0.0, 0.0, 0.0, 1.0 ], [ -0.5, -0.809017, -0.309017, 0.0, -0.809017, 0.309017, 0.5, 0.0, -0.309017, 0.5, -0.809017, 0.0, 0.0, 0.0, 0.0, 1.0 ], [ 0.309017, -0.5, 0.809017, 0.0, -0.5, -0.809017, -0.309017, 0.0, 0.809017, -0.309017, -0.5, 0.0, 0.0, 0.0, 0.0, 1.0 ], [ -0.809017, 0.309017, 0.5, 0.0, 0.309017, -0.5, 0.809017, 0.0, 0.5, 0.809017, 0.309017, 0.0, 0.0, 0.0, 0.0, 1.0 ], [ -0.5, -0.809017, 0.309017, 0.0, -0.809017, 0.309017, -0.5, 0.0, 0.309017, -0.5, -0.809017, 0.0, 0.0, 0.0, 0.0, 1.0 ], [ -0.309017, 0.5, 0.809017, 0.0, -0.5, -0.809017, 0.309017, 0.0, 0.809017, -0.309017, 0.5, 0.0, 0.0, 0.0, 0.0, 1.0 ], [ -0.809017, 0.309017, -0.5, 0.0, -0.309017, 0.5, 0.809017, 0.0, 0.5, 0.809017, -0.309017, 0.0, 0.0, 0.0, 0.0, 1.0 ], [ -0.809017, -0.309017, 0.5, 0.0, -0.309017, -0.5, -0.809017, 0.0, 0.5, -0.809017, 0.309017, 0.0, 0.0, 0.0, 0.0, 1.0 ], [ -0.5, 0.809017, -0.309017, 0.0, -0.809017, -0.309017, 0.5, 0.0, 0.309017, 0.5, 0.809017, 0.0, 0.0, 0.0, 0.0, 1.0 ], [ -0.309017, -0.5, -0.809017, 0.0, -0.5, 0.809017, -0.309017, 0.0, 0.809017, 0.309017, -0.5, 0.0, 0.0, 0.0, 0.0, 1.0 ], [ -1.0, 0.0, 0.0, 0.0, 0.0, 1.0, 0.0, 0.0, 0.0, 0.0, -1.0, 0.0, 0.0, 0.0, 0.0, 1.0 ], [ 0.0, 0.0, -1.0, 0.0, 1.0, 0.0, 0.0, 0.0, 0.0, -1.0, 0.0, 0.0, 0.0, 0.0, 0.0, 1.0 ], [ 0.0, -1.0, 0.0, 0.0, 0.0, 0.0, 1.0, 0.0, -1.0, 0.0, 0.0, 0.0, 0.0, 0.0, 0.0, 1.0 ], [ -0.809017, -0.309017, -0.5, 0.0, 0.309017, 0.5, -0.809017, 0.0, 0.5, -0.809017, -0.309017, 0.0, 0.0, 0.0, 0.0, 1.0 ], [ 0.5, -0.809017, -0.309017, 0.0, 0.809017, 0.309017, 0.5, 0.0, -0.309017, -0.5, 0.809017, 0.0, 0.0, 0.0, 0.0, 1.0 ], [ -0.309017, -0.5, 0.809017, 0.0, -0.5, 0.809017, 0.309017, 0.0, -0.809017, -0.309017, -0.5, 0.0, 0.0, 0.0, 0.0, 1.0 ], [ -0.5, -0.809017, -0.309017, 0.0, 0.809017, -0.309017, -0.5, 0.0, 0.309017, -0.5, 0.809017, 0.0, 0.0, 0.0, 0.0, 1.0 ], [ 0.309017, -0.5, 0.809017, 0.0, 0.5, 0.809017, 0.309017, 0.0, -0.809017, 0.309017, 0.5, 0.0, 0.0, 0.0, 0.0, 1.0 ], [ -0.809017, 0.309017, 0.5, 0.0, -0.309017, 0.5, -0.809017, 0.0, -0.5, -0.809017, -0.309017, 0.0, 0.0, 0.0, 0.0, 1.0 ], [ -0.5, -0.809017, 0.309017, 0.0, 0.809017, -0.309017, 0.5, 0.0, -0.309017, 0.5, 0.809017, 0.0, 0.0, 0.0, 0.0, 1.0 ], [ -0.309017, 0.5, 0.809017, 0.0, 0.5, 0.809017, -0.309017, 0.0, -0.809017, 0.309017, -0.5, 0.0, 0.0, 0.0, 0.0, 1.0 ], [ -0.809017, 0.309017, -0.5, 0.0, 0.309017, -0.5, -0.809017, 0.0, -0.5, -0.809017, 0.309017, 0.0, 0.0, 0.0, 0.0, 1.0 ], [ -0.809017, -0.309017, 0.5, 0.0, 0.309017, 0.5, 0.809017, 0.0, -0.5, 0.809017, -0.309017, 0.0, 0.0, 0.0, 0.0, 1.0 ], [ -0.5, 0.809017, -0.309017, 0.0, 0.809017, 0.309017, -0.5, 0.0, -0.309017, -0.5, -0.809017, 0.0, 0.0, 0.0, 0.0, 1.0 ], [ -0.309017, -0.5, -0.809017, 0.0, 0.5, -0.809017, 0.309017, 0.0, -0.809017, -0.309017, 0.5, 0.0, 0.0, 0.0, 0.0, 1.0 ] ],
  "lights" : {
    "backgroundColor" : "#FFEFEF",
    "ambientColor" : "#292929",
    "directionalLights" : [ {
      "direction" : {
        "x" : 1.0,
        "y" : -1.0,
        "z" : -1.0
      },
      "color" : "#EBEBE4"
    }, {
      "direction" : {
        "x" : -1.0,
        "y" : 0.0,
        "z" : 0.0
      },
      "color" : "#E4E4EB"
    }, {
      "direction" : {
        "x" : 0.0,
        "y" : 0.0,
        "z" : -1.0
      },
      "color" : "#1E1E1E"
    } ]
  },
  "camera" : {
    "width" : 117.9631,
    "stereo" : false,
    "viewDistance" : 262.1402,
    "nearClipDistance" : 0.6553505,
    "farClipDistance" : 524.2805,
    "fieldOfView" : 0.4426289,
    "perspective" : false,
    "lookAtPoint" : {
      "x" : 0.0,
      "y" : 0.0,
      "z" : 0.0
    },
    "lookDirection" : {
      "x" : 0.93417233,
      "y" : 0.0,
      "z" : -0.3568221
    },
    "upDirection" : {
      "x" : 0.0,
      "y" : 0.99999994,
      "z" : 0.0
    },
    "position" : {
      "x" : -244.88412,
      "y" : 0.0,
      "z" : 93.537415
    }
  },
  "embedding" : [ 1.0, 0.0, 0.0, 0.0, 0.0, 1.0, 0.0, 0.0, 0.0, 0.0, 1.0, 0.0, 0.0, 0.0, 0.0, 1.0 ],
  "shapes" : [ {
    "id" : "67028723-a4f8-4734-b40d-e61f49a1d6b8",
    "vertices" : [ {
      "x" : 22.18034,
      "y" : -11.09017,
      "z" : -6.854102
    }, {
      "x" : 29.034441,
      "y" : -6.854102,
      "z" : -6.854102
    }, {
      "x" : 29.034441,
      "y" : 0.0,
      "z" : -2.618034
    }, {
      "x" : 22.18034,
      "y" : -4.236068,
      "z" : -2.618034
    } ],
    "faces" : [ {
      "vertices" : [ 0, 1, 2 ]
    }, {
      "vertices" : [ 0, 2, 3 ]
    }, {
      "vertices" : [ 0, 3, 2 ]
    }, {
      "vertices" : [ 0, 2, 1 ]
    } ]
  }, {
    "id" : "53531f4d-ad05-42a0-b840-8b778fc7c14d",
    "vertices" : [ {
      "x" : -24.798374,
      "y" : -6.854102,
      "z" : 0.0
    }, {
      "x" : -17.944271,
      "y" : -2.618034,
      "z" : 0.0
    }, {
      "x" : -17.944271,
      "y" : 4.236068,
      "z" : -4.236068
    }, {
      "x" : -24.798374,
      "y" : 0.0,
      "z" : -4.236068
    } ],
    "faces" : [ {
      "vertices" : [ 0, 1, 2 ]
    }, {
      "vertices" : [ 0, 2, 3 ]
    }, {
      "vertices" : [ 0, 3, 2 ]
    }, {
      "vertices" : [ 0, 2, 1 ]
    } ]
  }, {
    "id" : "59c7fcf8-fd95-4d64-b43b-c2881ea81a39",
    "vertices" : [ {
      "x" : -11.09017,
      "y" : 6.854102,
      "z" : 13.708204
    }, {
      "x" : -6.854102,
      "y" : 6.854102,
      "z" : 6.854102
    }, {
      "x" : -6.854102,
      "y" : 0.0,
      "z" : 11.09017
    }, {
      "x" : -11.09017,
      "y" : 0.0,
      "z" : 17.944271
    } ],
    "faces" : [ {
      "vertices" : [ 0, 1, 2 ]
    }, {
      "vertices" : [ 0, 2, 3 ]
    }, {
      "vertices" : [ 0, 3, 2 ]
    }, {
      "vertices" : [ 0, 2, 1 ]
    } ]
  }, {
    "id" : "6dad4c90-c653-4cbe-a932-5d9d28014c32",
    "vertices" : [ {
      "x" : 17.944271,
      "y" : 4.236068,
      "z" : -17.944271
    }, {
      "x" : 17.944271,
      "y" : 11.09017,
      "z" : -22.18034
    }, {
      "x" : 13.708204,
      "y" : 11.09017,
      "z" : -29.034441
    }, {
      "x" : 13.708204,
      "y" : 4.236068,
      "z" : -24.798374
    } ],
    "faces" : [ {
      "vertices" : [ 0, 1, 2 ]
    }, {
      "vertices" : [ 0, 2, 3 ]
    }, {
      "vertices" : [ 0, 3, 2 ]
    }, {
      "vertices" : [ 0, 2, 1 ]
    } ]
  }, {
    "id" : "6b0dca85-a0ea-4e57-ba83-d544fc2f91fc",
    "vertices" : [ {
      "x" : 29.034441,
      "y" : 0.0,
      "z" : 11.09017
    }, {
      "x" : 24.798374,
      "y" : 0.0,
      "z" : 17.944271
    }, {
      "x" : 24.798374,
      "y" : 6.854102,
      "z" : 22.18034
    }, {
      "x" : 29.034441,
      "y" : 6.854102,
      "z" : 15.326238
    } ],
    "faces" : [ {
      "vertices" : [ 0, 1, 2 ]
    }, {
      "vertices" : [ 0, 2, 3 ]
    }, {
      "vertices" : [ 0, 3, 2 ]
    }, {
      "vertices" : [ 0, 2, 1 ]
    } ]
  }, {
    "id" : "ea390a3b-c083-4924-9c38-1e6f900387ba",
    "vertices" : [ {
      "x" : 0.0,
      "y" : -11.09017,
      "z" : -6.854102
    }, {
      "x" : 0.0,
      "y" : -17.944271,
      "z" : -2.618034
    }, {
      "x" : 0.0,
      "y" : -24.798374,
      "z" : -6.854102
    }, {
      "x" : 0.0,
      "y" : -17.944271,
      "z" : -11.09017
    } ],
    "faces" : [ {
      "vertices" : [ 0, 1, 2 ]
    }, {
      "vertices" : [ 0, 2, 3 ]
    }, {
      "vertices" : [ 0, 3, 2 ]
    }, {
      "vertices" : [ 0, 2, 1 ]
    } ]
  }, {
    "id" : "f451b7e5-d436-44a4-9e9f-0b816a408415",
    "vertices" : [ {
      "x" : 22.18034,
      "y" : -11.09017,
      "z" : -6.854102
    }, {
      "x" : 17.944271,
      "y" : -11.09017,
      "z" : -13.708204
    }, {
      "x" : 17.944271,
      "y" : -17.944271,
      "z" : -17.944271
    }, {
      "x" : 22.18034,
      "y" : -17.944271,
      "z" : -11.09017
    } ],
    "faces" : [ {
      "vertices" : [ 0, 1, 2 ]
    }, {
      "vertices" : [ 0, 2, 3 ]
    }, {
      "vertices" : [ 0, 3, 2 ]
    }, {
      "vertices" : [ 0, 2, 1 ]
    } ]
  }, {
    "id" : "db9c1ec7-a516-41b8-83c7-8689046aac60",
    "vertices" : [ {
      "x" : 24.798374,
      "y" : 6.854102,
      "z" : 22.18034
    }, {
      "x" : 24.798374,
      "y" : 13.708204,
      "z" : 17.944271
    }, {
      "x" : 29.034441,
      "y" : 13.708204,
      "z" : 11.09017
    }, {
      "x" : 29.034441,
      "y" : 6.854102,
      "z" : 15.326238
    } ],
    "faces" : [ {
      "vertices" : [ 0, 1, 2 ]
    }, {
      "vertices" : [ 0, 2, 3 ]
    }, {
      "vertices" : [ 0, 3, 2 ]
    }, {
      "vertices" : [ 0, 2, 1 ]
    } ]
  }, {
    "id" : "0e99e7ff-9f3d-4201-82d6-273fc58923f8",
    "vertices" : [ {
      "x" : -13.708204,
      "y" : -11.09017,
      "z" : 6.854102
    }, {
      "x" : -13.708204,
      "y" : -4.236068,
      "z" : 11.09017
    }, {
      "x" : -6.854102,
      "y" : 0.0,
      "z" : 11.09017
    }, {
      "x" : -6.854102,
      "y" : -6.854102,
      "z" : 6.854102
    } ],
    "faces" : [ {
      "vertices" : [ 0, 1, 2 ]
    }, {
      "vertices" : [ 0, 2, 3 ]
    }, {
      "vertices" : [ 0, 3, 2 ]
    }, {
      "vertices" : [ 0, 2, 1 ]
    } ]
  }, {
    "id" : "33728e5f-3d19-4a82-9822-e9ef5d7812fa",
    "vertices" : [ {
      "x" : 29.034441,
      "y" : 0.0,
      "z" : -2.618034
    }, {
      "x" : 29.034441,
      "y" : 6.854102,
      "z" : -6.854102
    }, {
      "x" : 24.798374,
      "y" : 6.854102,
      "z" : -13.708204
    }, {
      "x" : 24.798374,
      "y" : 0.0,
      "z" : -9.472136
    } ],
    "faces" : [ {
      "vertices" : [ 0, 1, 2 ]
    }, {
      "vertices" : [ 0, 2, 3 ]
    }, {
      "vertices" : [ 0, 3, 2 ]
    }, {
      "vertices" : [ 0, 2, 1 ]
    } ]
  }, {
    "id" : "4b4a708a-e04a-4846-b05f-63988155cd9d",
    "vertices" : [ {
      "x" : 17.944271,
      "y" : 17.944271,
      "z" : -17.944271
    }, {
      "x" : 11.09017,
      "y" : 22.18034,
      "z" : -17.944271
    }, {
      "x" : 6.854102,
      "y" : 22.18034,
      "z" : -24.798374
    }, {
      "x" : 13.708204,
      "y" : 17.944271,
      "z" : -24.798374
    } ],
    "faces" : [ {
      "vertices" : [ 0, 1, 2 ]
    }, {
      "vertices" : [ 0, 2, 3 ]
    }, {
      "vertices" : [ 0, 3, 2 ]
    }, {
      "vertices" : [ 0, 2, 1 ]
    } ]
  }, {
    "id" : "5f7149ee-b12c-46b7-bcd5-41a38ab57fed",
    "vertices" : [ {
      "x" : 24.798374,
      "y" : 6.854102,
      "z" : 22.18034
    }, {
      "x" : 24.798374,
      "y" : 0.0,
      "z" : 17.944271
    }, {
      "x" : 17.944271,
      "y" : -4.236068,
      "z" : 17.944271
    }, {
      "x" : 17.944271,
      "y" : 2.618034,
      "z" : 22.18034
    } ],
    "faces" : [ {
      "vertices" : [ 0, 1, 2 ]
    }, {
      "vertices" : [ 0, 2, 3 ]
    }, {
      "vertices" : [ 0, 3, 2 ]
    }, {
      "vertices" : [ 0, 2, 1 ]
    } ]
  }, {
    "id" : "68a8df83-dadf-462b-b3a7-440e3ed3eedc",
    "vertices" : [ {
      "x" : -6.854102,
      "y" : -13.708204,
      "z" : -11.09017
    }, {
      "x" : -6.854102,
      "y" : -6.854102,
      "z" : -15.326238
    }, {
      "x" : -6.854102,
      "y" : 0.0,
      "z" : -11.09017
    }, {
      "x" : -6.854102,
      "y" : -6.854102,
      "z" : -6.854102
    } ],
    "faces" : [ {
      "vertices" : [ 0, 1, 2 ]
    }, {
      "vertices" : [ 0, 2, 3 ]
    }, {
      "vertices" : [ 0, 3, 2 ]
    }, {
      "vertices" : [ 0, 2, 1 ]
    } ]
  }, {
    "id" : "5ef1e199-6ce5-4faa-8fca-5815a1195375",
    "vertices" : [ {
      "x" : -11.09017,
      "y" : -6.854102,
      "z" : 0.0
    }, {
      "x" : -6.854102,
      "y" : -6.854102,
      "z" : 6.854102
    }, {
      "x" : 0.0,
      "y" : -11.09017,
      "z" : 6.854102
    }, {
      "x" : -4.236068,
      "y" : -11.09017,
      "z" : 0.0
    } ],
    "faces" : [ {
      "vertices" : [ 0, 1, 2 ]
    }, {
      "vertices" : [ 0, 2, 3 ]
    }, {
      "vertices" : [ 0, 3, 2 ]
    }, {
      "vertices" : [ 0, 2, 1 ]
    } ]
  }, {
    "id" : "c41a823a-7cf7-42cb-bd46-c0010d126636",
    "vertices" : [ {
      "x" : 17.944271,
      "y" : -17.944271,
      "z" : 4.236068
    }, {
      "x" : 11.09017,
      "y" : -22.18034,
      "z" : 4.236068
    }, {
      "x" : 4.236068,
      "y" : -17.944271,
      "z" : 4.236068
    }, {
      "x" : 11.09017,
      "y" : -13.708204,
      "z" : 4.236068
    } ],
    "faces" : [ {
      "vertices" : [ 0, 1, 2 ]
    }, {
      "vertices" : [ 0, 2, 3 ]
    }, {
      "vertices" : [ 0, 3, 2 ]
    }, {
      "vertices" : [ 0, 2, 1 ]
    } ]
  }, {
    "id" : "6ec892f2-3165-4cfb-9815-66887476764a",
    "vertices" : [ {
      "x" : 6.854102,
      "y" : 0.0,
      "z" : -24.798374
    }, {
      "x" : 13.708204,
      "y" : 4.236068,
      "z" : -24.798374
    }, {
      "x" : 13.708204,
      "y" : 11.09017,
      "z" : -29.034441
    }, {
      "x" : 6.854102,
      "y" : 6.854102,
      "z" : -29.034441
    } ],
    "faces" : [ {
      "vertices" : [ 0, 1, 2 ]
    }, {
      "vertices" : [ 0, 2, 3 ]
    }, {
      "vertices" : [ 0, 3, 2 ]
    }, {
      "vertices" : [ 0, 2, 1 ]
    } ]
  }, {
    "id" : "0f63e0ee-2a15-4328-a8c0-befedf6c2ce3",
    "vertices" : [ {
      "x" : 0.0,
      "y" : 11.09017,
      "z" : 6.854102
    }, {
      "x" : -4.236068,
      "y" : 11.09017,
      "z" : 0.0
    }, {
      "x" : -4.236068,
      "y" : 17.944271,
      "z" : -4.236068
    }, {
      "x" : 0.0,
      "y" : 17.944271,
      "z" : 2.618034
    } ],
    "faces" : [ {
      "vertices" : [ 0, 1, 2 ]
    }, {
      "vertices" : [ 0, 2, 3 ]
    }, {
      "vertices" : [ 0, 3, 2 ]
    }, {
      "vertices" : [ 0, 2, 1 ]
    } ]
  }, {
    "id" : "c09a7f05-212c-40d3-94be-4b2deadf80d8",
    "vertices" : [ {
      "x" : -24.798374,
      "y" : -6.854102,
      "z" : -22.18034
    }, {
      "x" : -24.798374,
      "y" : 0.0,
      "z" : -17.944271
    }, {
      "x" : -17.944271,
      "y" : 4.236068,
      "z" : -17.944271
    }, {
      "x" : -17.944271,
      "y" : -2.618034,
      "z" : -22.18034
    } ],
    "faces" : [ {
      "vertices" : [ 0, 1, 2 ]
    }, {
      "vertices" : [ 0, 2, 3 ]
    }, {
      "vertices" : [ 0, 3, 2 ]
    }, {
      "vertices" : [ 0, 2, 1 ]
    } ]
  }, {
    "id" : "fac04d39-631a-4e61-b9e7-600b7891058d",
    "vertices" : [ {
      "x" : -11.09017,
      "y" : 6.854102,
      "z" : 13.708204
    }, {
      "x" : -15.326238,
      "y" : 6.854102,
      "z" : 6.854102
    }, {
      "x" : -11.09017,
      "y" : 6.854102,
      "z" : 0.0
    }, {
      "x" : -6.854102,
      "y" : 6.854102,
      "z" : 6.854102
    } ],
    "faces" : [ {
      "vertices" : [ 0, 1, 2 ]
    }, {
      "vertices" : [ 0, 2, 3 ]
    }, {
      "vertices" : [ 0, 3, 2 ]
    }, {
      "vertices" : [ 0, 2, 1 ]
    } ]
  }, {
    "id" : "f0f42347-14f8-4c8c-8fe8-e7b593e75ddc",
    "vertices" : [ {
      "x" : -6.854102,
      "y" : -13.708204,
      "z" : -11.09017
    }, {
      "x" : -11.09017,
      "y" : -13.708204,
      "z" : -4.236068
    }, {
      "x" : -17.944271,
      "y" : -17.944271,
      "z" : -4.236068
    }, {
      "x" : -13.708204,
      "y" : -17.944271,
      "z" : -11.09017
    } ],
    "faces" : [ {
      "vertices" : [ 0, 1, 2 ]
    }, {
      "vertices" : [ 0, 2, 3 ]
    }, {
      "vertices" : [ 0, 3, 2 ]
    }, {
      "vertices" : [ 0, 2, 1 ]
    } ]
  }, {
    "id" : "4c736b6c-e9da-431c-a879-2a6942062c18",
    "vertices" : [ {
      "x" : 0.0,
      "y" : 11.09017,
      "z" : -29.034441
    }, {
      "x" : -4.236068,
      "y" : 11.09017,
      "z" : -22.18034
    }, {
      "x" : -4.236068,
      "y" : 4.236068,
      "z" : -17.944271
    }, {
      "x" : 0.0,
      "y" : 4.236068,
      "z" : -24.798374
    } ],
    "faces" : [ {
      "vertices" : [ 0, 1, 2 ]
    }, {
      "vertices" : [ 0, 2, 3 ]
    }, {
      "vertices" : [ 0, 3, 2 ]
    }, {
      "vertices" : [ 0, 2, 1 ]
    } ]
  }, {
    "id" : "07736936-a32c-472e-b8eb-924962bfe6bb",
    "vertices" : [ {
      "x" : -17.944271,
      "y" : -17.944271,
      "z" : 17.944271
    }, {
      "x" : -13.708204,
      "y" : -17.944271,
      "z" : 24.798374
    }, {
      "x" : -13.708204,
      "y" : -11.09017,
      "z" : 29.034441
    }, {
      "x" : -17.944271,
      "y" : -11.09017,
      "z" : 22.18034
    } ],
    "faces" : [ {
      "vertices" : [ 0, 1, 2 ]
    }, {
      "vertices" : [ 0, 2, 3 ]
    }, {
      "vertices" : [ 0, 3, 2 ]
    }, {
      "vertices" : [ 0, 2, 1 ]
    } ]
  }, {
    "id" : "f490a2f3-bfc6-4f04-aad6-9d42ae5caecb",
    "vertices" : [ {
      "x" : 13.708204,
      "y" : 11.09017,
      "z" : -29.034441
    }, {
      "x" : 13.708204,
      "y" : 17.944271,
      "z" : -24.798374
    }, {
      "x" : 6.854102,
      "y" : 22.18034,
      "z" : -24.798374
    }, {
      "x" : 6.854102,
      "y" : 15.326238,
      "z" : -29.034441
    } ],
    "faces" : [ {
      "vertices" : [ 0, 1, 2 ]
    }, {
      "vertices" : [ 0, 2, 3 ]
    }, {
      "vertices" : [ 0, 3, 2 ]
    }, {
      "vertices" : [ 0, 2, 1 ]
    } ]
  }, {
    "id" : "a1b58e78-f3d4-4eaf-96dd-a460546dc354",
    "vertices" : [ {
      "x" : 4.236068,
      "y" : -17.944271,
      "z" : 4.236068
    }, {
      "x" : 0.0,
      "y" : -17.944271,
      "z" : 11.09017
    }, {
      "x" : -6.854102,
      "y" : -22.18034,
      "z" : 11.09017
    }, {
      "x" : -2.618034,
      "y" : -22.18034,
      "z" : 4.236068
    } ],
    "faces" : [ {
      "vertices" : [ 0, 1, 2 ]
    }, {
      "vertices" : [ 0, 2, 3 ]
    }, {
      "vertices" : [ 0, 3, 2 ]
    }, {
      "vertices" : [ 0, 2, 1 ]
    } ]
  }, {
    "id" : "a1da7070-87a8-412d-82a9-f6de49ff39a9",
    "vertices" : [ {
      "x" : 0.0,
      "y" : 2.618034,
      "z" : 29.034441
    }, {
      "x" : 6.854102,
      "y" : 6.854102,
      "z" : 29.034441
    }, {
      "x" : 11.09017,
      "y" : 6.854102,
      "z" : 22.18034
    }, {
      "x" : 4.236068,
      "y" : 2.618034,
      "z" : 22.18034
    } ],
    "faces" : [ {
      "vertices" : [ 0, 1, 2 ]
    }, {
      "vertices" : [ 0, 2, 3 ]
    }, {
      "vertices" : [ 0, 3, 2 ]
    }, {
      "vertices" : [ 0, 2, 1 ]
    } ]
  }, {
    "id" : "eb073a86-0b21-4906-9b60-718da2b0043f",
    "vertices" : [ {
      "x" : 0.0,
      "y" : 11.09017,
      "z" : -6.854102
    }, {
      "x" : 0.0,
      "y" : 4.236068,
      "z" : -11.09017
    }, {
      "x" : 6.854102,
      "y" : 0.0,
      "z" : -11.09017
    }, {
      "x" : 6.854102,
      "y" : 6.854102,
      "z" : -6.854102
    } ],
    "faces" : [ {
      "vertices" : [ 0, 1, 2 ]
    }, {
      "vertices" : [ 0, 2, 3 ]
    }, {
      "vertices" : [ 0, 3, 2 ]
    }, {
      "vertices" : [ 0, 2, 1 ]
    } ]
  }, {
    "id" : "58254d1c-a90a-4e43-b606-72feacd1c21d",
    "vertices" : [ {
      "x" : -24.798374,
      "y" : -6.854102,
      "z" : 0.0
    }, {
      "x" : -29.034441,
      "y" : -6.854102,
      "z" : -6.854102
    }, {
      "x" : -29.034441,
      "y" : -13.708204,
      "z" : -11.09017
    }, {
      "x" : -24.798374,
      "y" : -13.708204,
      "z" : -4.236068
    } ],
    "faces" : [ {
      "vertices" : [ 0, 1, 2 ]
    }, {
      "vertices" : [ 0, 2, 3 ]
    }, {
      "vertices" : [ 0, 3, 2 ]
    }, {
      "vertices" : [ 0, 2, 1 ]
    } ]
  }, {
    "id" : "62a5271e-7a70-41c3-8061-d5889f16a1d8",
    "vertices" : [ {
      "x" : 22.18034,
      "y" : -11.09017,
      "z" : -6.854102
    }, {
      "x" : 22.18034,
      "y" : -17.944271,
      "z" : -11.09017
    }, {
      "x" : 22.18034,
      "y" : -24.798374,
      "z" : -6.854102
    }, {
      "x" : 22.18034,
      "y" : -17.944271,
      "z" : -2.618034
    } ],
    "faces" : [ {
      "vertices" : [ 0, 1, 2 ]
    }, {
      "vertices" : [ 0, 2, 3 ]
    }, {
      "vertices" : [ 0, 3, 2 ]
    }, {
      "vertices" : [ 0, 2, 1 ]
    } ]
  }, {
    "id" : "1251e5c2-229a-475f-964c-1ed8b3210767",
    "vertices" : [ {
      "x" : 11.09017,
      "y" : 6.854102,
      "z" : 0.0
    }, {
      "x" : 17.944271,
      "y" : 2.618034,
      "z" : 0.0
    }, {
      "x" : 24.798374,
      "y" : 6.854102,
      "z" : 0.0
    }, {
      "x" : 17.944271,
      "y" : 11.09017,
      "z" : 0.0
    } ],
    "faces" : [ {
      "vertices" : [ 0, 1, 2 ]
    }, {
      "vertices" : [ 0, 2, 3 ]
    }, {
      "vertices" : [ 0, 3, 2 ]
    }, {
      "vertices" : [ 0, 2, 1 ]
    } ]
  }, {
    "id" : "d2cdfd8e-573f-42e3-8cd2-9837c2c9e853",
    "vertices" : [ {
      "x" : 0.0,
      "y" : -24.798374,
      "z" : -6.854102
    }, {
      "x" : 6.854102,
      "y" : -29.034441,
      "z" : -6.854102
    }, {
      "x" : 11.09017,
      "y" : -29.034441,
      "z" : -13.708204
    }, {
      "x" : 4.236068,
      "y" : -24.798374,
      "z" : -13.708204
    } ],
    "faces" : [ {
      "vertices" : [ 0, 1, 2 ]
    }, {
      "vertices" : [ 0, 2, 3 ]
    }, {
      "vertices" : [ 0, 3, 2 ]
    }, {
      "vertices" : [ 0, 2, 1 ]
    } ]
  }, {
    "id" : "21cc1a15-1bdc-403e-8c6f-44686002c836",
    "vertices" : [ {
      "x" : -24.798374,
      "y" : -6.854102,
      "z" : 0.0
    }, {
      "x" : -24.798374,
      "y" : -13.708204,
      "z" : -4.236068
    }, {
      "x" : -17.944271,
      "y" : -17.944271,
      "z" : -4.236068
    }, {
      "x" : -17.944271,
      "y" : -11.09017,
      "z" : 0.0
    } ],
    "faces" : [ {
      "vertices" : [ 0, 1, 2 ]
    }, {
      "vertices" : [ 0, 2, 3 ]
    }, {
      "vertices" : [ 0, 3, 2 ]
    }, {
      "vertices" : [ 0, 2, 1 ]
    } ]
  }, {
    "id" : "7622947e-b85a-4dab-9607-ba7d8eda4d61",
    "vertices" : [ {
      "x" : 17.944271,
      "y" : 17.944271,
      "z" : -17.944271
    }, {
      "x" : 13.708204,
      "y" : 17.944271,
      "z" : -24.798374
    }, {
      "x" : 13.708204,
      "y" : 11.09017,
      "z" : -29.034441
    }, {
      "x" : 17.944271,
      "y" : 11.09017,
      "z" : -22.18034
    } ],
    "faces" : [ {
      "vertices" : [ 0, 1, 2 ]
    }, {
      "vertices" : [ 0, 2, 3 ]
    }, {
      "vertices" : [ 0, 3, 2 ]
    }, {
      "vertices" : [ 0, 2, 1 ]
    } ]
  }, {
    "id" : "1e7b3be3-6dbe-4f30-86e6-7fb571de21ee",
    "vertices" : [ {
      "x" : 0.309017,
      "y" : -0.809017,
      "z" : 0.618034
    }, {
      "x" : 0.809017,
      "y" : -0.618034,
      "z" : 0.309017
    }, {
      "x" : 0.618034,
      "y" : -0.309017,
      "z" : 0.809017
    }, {
      "x" : 1.0,
      "y" : 0.309017,
      "z" : 0.19098301
    }, {
      "x" : 0.809017,
      "y" : 0.618034,
      "z" : 0.309017
    }, {
      "x" : 0.618034,
      "y" : 0.309017,
      "z" : 0.809017
    }, {
      "x" : 0.809017,
      "y" : 0.0,
      "z" : 0.690983
    }, {
      "x" : 0.19098301,
      "y" : -1.0,
      "z" : 0.309017
    }, {
      "x" : -0.19098301,
      "y" : -1.0,
      "z" : 0.309017
    }, {
      "x" : -0.19098301,
      "y" : -1.0,
      "z" : -0.309017
    }, {
      "x" : 0.19098301,
      "y" : -1.0,
      "z" : -0.309017
    }, {
      "x" : 1.0,
      "y" : -0.309017,
      "z" : -0.19098301
    }, {
      "x" : 0.809017,
      "y" : -0.618034,
      "z" : -0.309017
    }, {
      "x" : 0.618034,
      "y" : -0.309017,
      "z" : -0.809017
    }, {
      "x" : 0.809017,
      "y" : 0.0,
      "z" : -0.690983
    }, {
      "x" : 0.0,
      "y" : 0.690983,
      "z" : -0.809017
    }, {
      "x" : 0.309017,
      "y" : 0.809017,
      "z" : -0.618034
    }, {
      "x" : 0.618034,
      "y" : 0.309017,
      "z" : -0.809017
    }, {
      "x" : 0.309017,
      "y" : 0.19098301,
      "z" : -1.0
    }, {
      "x" : 1.0,
      "y" : 0.309017,
      "z" : -0.19098301
    }, {
      "x" : -0.309017,
      "y" : -0.809017,
      "z" : 0.618034
    }, {
      "x" : 0.0,
      "y" : -0.690983,
      "z" : 0.809017
    }, {
      "x" : 0.809017,
      "y" : 0.618034,
      "z" : -0.309017
    }, {
      "x" : 0.690983,
      "y" : 0.809017,
      "z" : 0.0
    }, {
      "x" : -0.690983,
      "y" : 0.809017,
      "z" : 0.0
    }, {
      "x" : -0.809017,
      "y" : 0.618034,
      "z" : 0.309017
    }, {
      "x" : -0.309017,
      "y" : 0.809017,
      "z" : 0.618034
    }, {
      "x" : -0.19098301,
      "y" : 1.0,
      "z" : 0.309017
    }, {
      "x" : 0.309017,
      "y" : -0.19098301,
      "z" : -1.0
    }, {
      "x" : 0.19098301,
      "y" : 1.0,
      "z" : 0.309017
    }, {
      "x" : 0.309017,
      "y" : 0.809017,
      "z" : 0.618034
    }, {
      "x" : -0.809017,
      "y" : -0.618034,
      "z" : 0.309017
    }, {
      "x" : -0.690983,
      "y" : -0.809017,
      "z" : 0.0
    }, {
      "x" : 0.0,
      "y" : 0.690983,
      "z" : 0.809017
    }, {
      "x" : 0.309017,
      "y" : -0.809017,
      "z" : -0.618034
    }, {
      "x" : 0.0,
      "y" : -0.690983,
      "z" : -0.809017
    }, {
      "x" : -1.0,
      "y" : 0.309017,
      "z" : 0.19098301
    }, {
      "x" : -0.809017,
      "y" : 0.0,
      "z" : 0.690983
    }, {
      "x" : -0.618034,
      "y" : 0.309017,
      "z" : 0.809017
    }, {
      "x" : 1.0,
      "y" : -0.309017,
      "z" : 0.19098301
    }, {
      "x" : -0.309017,
      "y" : -0.809017,
      "z" : -0.618034
    }, {
      "x" : -1.0,
      "y" : 0.309017,
      "z" : -0.19098301
    }, {
      "x" : -1.0,
      "y" : -0.309017,
      "z" : -0.19098301
    }, {
      "x" : -1.0,
      "y" : -0.309017,
      "z" : 0.19098301
    }, {
      "x" : 0.19098301,
      "y" : 1.0,
      "z" : -0.309017
    }, {
      "x" : -0.809017,
      "y" : 0.618034,
      "z" : -0.309017
    }, {
      "x" : -0.19098301,
      "y" : 1.0,
      "z" : -0.309017
    }, {
      "x" : -0.309017,
      "y" : 0.809017,
      "z" : -0.618034
    }, {
      "x" : -0.618034,
      "y" : -0.309017,
      "z" : 0.809017
    }, {
      "x" : 0.309017,
      "y" : 0.19098301,
      "z" : 1.0
    }, {
      "x" : -0.309017,
      "y" : 0.19098301,
      "z" : -1.0
    }, {
      "x" : -0.309017,
      "y" : 0.19098301,
      "z" : 1.0
    }, {
      "x" : -0.309017,
      "y" : -0.19098301,
      "z" : 1.0
    }, {
      "x" : 0.309017,
      "y" : -0.19098301,
      "z" : 1.0
    }, {
      "x" : 0.690983,
      "y" : -0.809017,
      "z" : 0.0
    }, {
      "x" : -0.809017,
      "y" : 0.0,
      "z" : -0.690983
    }, {
      "x" : -0.618034,
      "y" : -0.309017,
      "z" : -0.809017
    }, {
      "x" : -0.309017,
      "y" : -0.19098301,
      "z" : -1.0
    }, {
      "x" : -0.618034,
      "y" : 0.309017,
      "z" : -0.809017
    }, {
      "x" : -0.809017,
      "y" : -0.618034,
      "z" : -0.309017
    } ],
    "faces" : [ {
      "vertices" : [ 9, 40, 35 ]
    }, {
      "vertices" : [ 9, 35, 34 ]
    }, {
      "vertices" : [ 9, 34, 10 ]
    }, {
      "vertices" : [ 0, 1, 2 ]
    }, {
      "vertices" : [ 33, 51, 49 ]
    }, {
      "vertices" : [ 25, 36, 37 ]
    }, {
      "vertices" : [ 25, 37, 38 ]
    }, {
      "vertices" : [ 41, 55, 42 ]
    }, {
      "vertices" : [ 9, 32, 59 ]
    }, {
      "vertices" : [ 9, 59, 40 ]
    }, {
      "vertices" : [ 20, 21, 52 ]
    }, {
      "vertices" : [ 20, 52, 48 ]
    }, {
      "vertices" : [ 26, 33, 30 ]
    }, {
      "vertices" : [ 26, 30, 29 ]
    }, {
      "vertices" : [ 26, 29, 27 ]
    }, {
      "vertices" : [ 3, 4, 5 ]
    }, {
      "vertices" : [ 3, 5, 6 ]
    }, {
      "vertices" : [ 27, 29, 44 ]
    }, {
      "vertices" : [ 27, 44, 46 ]
    }, {
      "vertices" : [ 50, 57, 56 ]
    }, {
      "vertices" : [ 50, 56, 55 ]
    }, {
      "vertices" : [ 50, 55, 58 ]
    }, {
      "vertices" : [ 26, 38, 51 ]
    }, {
      "vertices" : [ 26, 51, 33 ]
    }, {
      "vertices" : [ 45, 47, 58 ]
    }, {
      "vertices" : [ 18, 28, 57 ]
    }, {
      "vertices" : [ 18, 57, 50 ]
    }, {
      "vertices" : [ 40, 59, 56 ]
    }, {
      "vertices" : [ 31, 48, 37 ]
    }, {
      "vertices" : [ 31, 37, 43 ]
    }, {
      "vertices" : [ 7, 8, 9 ]
    }, {
      "vertices" : [ 7, 9, 10 ]
    }, {
      "vertices" : [ 36, 41, 42 ]
    }, {
      "vertices" : [ 36, 42, 43 ]
    }, {
      "vertices" : [ 24, 46, 47 ]
    }, {
      "vertices" : [ 24, 47, 45 ]
    }, {
      "vertices" : [ 4, 30, 5 ]
    }, {
      "vertices" : [ 15, 47, 46 ]
    }, {
      "vertices" : [ 15, 46, 44 ]
    }, {
      "vertices" : [ 15, 44, 16 ]
    }, {
      "vertices" : [ 15, 50, 58 ]
    }, {
      "vertices" : [ 15, 58, 47 ]
    }, {
      "vertices" : [ 24, 45, 41 ]
    }, {
      "vertices" : [ 24, 41, 36 ]
    }, {
      "vertices" : [ 24, 36, 25 ]
    }, {
      "vertices" : [ 11, 14, 19 ]
    }, {
      "vertices" : [ 3, 6, 39 ]
    }, {
      "vertices" : [ 1, 39, 6 ]
    }, {
      "vertices" : [ 1, 6, 2 ]
    }, {
      "vertices" : [ 8, 32, 9 ]
    }, {
      "vertices" : [ 11, 12, 13 ]
    }, {
      "vertices" : [ 11, 13, 14 ]
    }, {
      "vertices" : [ 16, 22, 17 ]
    }, {
      "vertices" : [ 0, 21, 20 ]
    }, {
      "vertices" : [ 0, 20, 8 ]
    }, {
      "vertices" : [ 0, 8, 7 ]
    }, {
      "vertices" : [ 12, 34, 13 ]
    }, {
      "vertices" : [ 35, 40, 56 ]
    }, {
      "vertices" : [ 35, 56, 57 ]
    }, {
      "vertices" : [ 0, 7, 54 ]
    }, {
      "vertices" : [ 0, 54, 1 ]
    }, {
      "vertices" : [ 15, 16, 17 ]
    }, {
      "vertices" : [ 15, 17, 18 ]
    }, {
      "vertices" : [ 3, 19, 22 ]
    }, {
      "vertices" : [ 3, 22, 23 ]
    }, {
      "vertices" : [ 3, 23, 4 ]
    }, {
      "vertices" : [ 7, 10, 54 ]
    }, {
      "vertices" : [ 41, 45, 58 ]
    }, {
      "vertices" : [ 41, 58, 55 ]
    }, {
      "vertices" : [ 3, 39, 11 ]
    }, {
      "vertices" : [ 3, 11, 19 ]
    }, {
      "vertices" : [ 14, 17, 22 ]
    }, {
      "vertices" : [ 14, 22, 19 ]
    }, {
      "vertices" : [ 0, 2, 53 ]
    }, {
      "vertices" : [ 0, 53, 21 ]
    }, {
      "vertices" : [ 49, 51, 52 ]
    }, {
      "vertices" : [ 49, 52, 53 ]
    }, {
      "vertices" : [ 31, 43, 42 ]
    }, {
      "vertices" : [ 31, 42, 59 ]
    }, {
      "vertices" : [ 31, 59, 32 ]
    }, {
      "vertices" : [ 15, 18, 50 ]
    }, {
      "vertices" : [ 42, 55, 56 ]
    }, {
      "vertices" : [ 42, 56, 59 ]
    }, {
      "vertices" : [ 4, 23, 29 ]
    }, {
      "vertices" : [ 4, 29, 30 ]
    }, {
      "vertices" : [ 25, 38, 26 ]
    }, {
      "vertices" : [ 13, 28, 18 ]
    }, {
      "vertices" : [ 13, 18, 17 ]
    }, {
      "vertices" : [ 13, 17, 14 ]
    }, {
      "vertices" : [ 8, 20, 31 ]
    }, {
      "vertices" : [ 8, 31, 32 ]
    }, {
      "vertices" : [ 23, 44, 29 ]
    }, {
      "vertices" : [ 24, 27, 46 ]
    }, {
      "vertices" : [ 37, 48, 52 ]
    }, {
      "vertices" : [ 37, 52, 51 ]
    }, {
      "vertices" : [ 37, 51, 38 ]
    }, {
      "vertices" : [ 20, 48, 31 ]
    }, {
      "vertices" : [ 24, 25, 26 ]
    }, {
      "vertices" : [ 24, 26, 27 ]
    }, {
      "vertices" : [ 16, 44, 23 ]
    }, {
      "vertices" : [ 16, 23, 22 ]
    }, {
      "vertices" : [ 13, 34, 35 ]
    }, {
      "vertices" : [ 13, 35, 28 ]
    }, {
      "vertices" : [ 10, 34, 12 ]
    }, {
      "vertices" : [ 10, 12, 54 ]
    }, {
      "vertices" : [ 2, 6, 5 ]
    }, {
      "vertices" : [ 2, 5, 49 ]
    }, {
      "vertices" : [ 2, 49, 53 ]
    }, {
      "vertices" : [ 36, 43, 37 ]
    }, {
      "vertices" : [ 5, 30, 33 ]
    }, {
      "vertices" : [ 5, 33, 49 ]
    }, {
      "vertices" : [ 1, 54, 12 ]
    }, {
      "vertices" : [ 1, 12, 11 ]
    }, {
      "vertices" : [ 1, 11, 39 ]
    }, {
      "vertices" : [ 28, 35, 57 ]
    }, {
      "vertices" : [ 21, 53, 52 ]
    } ]
  }, {
    "id" : "2336637e-9e78-4baa-b980-4104c02f50f2",
    "vertices" : [ {
      "x" : -11.09017,
      "y" : -6.854102,
      "z" : 0.0
    }, {
      "x" : -17.944271,
      "y" : -11.09017,
      "z" : 0.0
    }, {
      "x" : -17.944271,
      "y" : -17.944271,
      "z" : -4.236068
    }, {
      "x" : -11.09017,
      "y" : -13.708204,
      "z" : -4.236068
    } ],
    "faces" : [ {
      "vertices" : [ 0, 1, 2 ]
    }, {
      "vertices" : [ 0, 2, 3 ]
    }, {
      "vertices" : [ 0, 3, 2 ]
    }, {
      "vertices" : [ 0, 2, 1 ]
    } ]
  }, {
    "id" : "23de8433-46b1-4107-8ac2-46b60b966d2e",
    "vertices" : [ {
      "x" : -6.854102,
      "y" : 0.0,
      "z" : -11.09017
    }, {
      "x" : -11.09017,
      "y" : 0.0,
      "z" : -4.236068
    }, {
      "x" : -11.09017,
      "y" : -6.854102,
      "z" : 0.0
    }, {
      "x" : -6.854102,
      "y" : -6.854102,
      "z" : -6.854102
    } ],
    "faces" : [ {
      "vertices" : [ 0, 1, 2 ]
    }, {
      "vertices" : [ 0, 2, 3 ]
    }, {
      "vertices" : [ 0, 3, 2 ]
    }, {
      "vertices" : [ 0, 2, 1 ]
    } ]
  }, {
    "id" : "805b0be0-ebcc-4582-8666-8c1a4c7fec8a",
    "vertices" : [ {
      "x" : -17.944271,
      "y" : 4.236068,
      "z" : -4.236068
    }, {
      "x" : -22.18034,
      "y" : 4.236068,
      "z" : -11.09017
    }, {
      "x" : -29.034441,
      "y" : 0.0,
      "z" : -11.09017
    }, {
      "x" : -24.798374,
      "y" : 0.0,
      "z" : -4.236068
    } ],
    "faces" : [ {
      "vertices" : [ 0, 1, 2 ]
    }, {
      "vertices" : [ 0, 2, 3 ]
    }, {
      "vertices" : [ 0, 3, 2 ]
    }, {
      "vertices" : [ 0, 2, 1 ]
    } ]
  }, {
    "id" : "8dad1b7b-9b92-4b37-ba43-746939ad2d2d",
    "vertices" : [ {
      "x" : -13.708204,
      "y" : -11.09017,
      "z" : 6.854102
    }, {
      "x" : -6.854102,
      "y" : -15.326238,
      "z" : 6.854102
    }, {
      "x" : -6.854102,
      "y" : -22.18034,
      "z" : 11.09017
    }, {
      "x" : -13.708204,
      "y" : -17.944271,
      "z" : 11.09017
    } ],
    "faces" : [ {
      "vertices" : [ 0, 1, 2 ]
    }, {
      "vertices" : [ 0, 2, 3 ]
    }, {
      "vertices" : [ 0, 3, 2 ]
    }, {
      "vertices" : [ 0, 2, 1 ]
    } ]
  }, {
    "id" : "20838def-d6c5-420a-8fae-86eb27fe26e0",
    "vertices" : [ {
      "x" : 0.0,
      "y" : 11.09017,
      "z" : -6.854102
    }, {
      "x" : 0.0,
      "y" : 4.236068,
      "z" : -11.09017
    }, {
      "x" : -4.236068,
      "y" : 4.236068,
      "z" : -17.944271
    }, {
      "x" : -4.236068,
      "y" : 11.09017,
      "z" : -13.708204
    } ],
    "faces" : [ {
      "vertices" : [ 0, 1, 2 ]
    }, {
      "vertices" : [ 0, 2, 3 ]
    }, {
      "vertices" : [ 0, 3, 2 ]
    }, {
      "vertices" : [ 0, 2, 1 ]
    } ]
  }, {
    "id" : "3f090759-ddde-4ea9-8158-e2cef4123f19",
    "vertices" : [ {
      "x" : 6.854102,
      "y" : 0.0,
      "z" : -24.798374
    }, {
      "x" : 6.854102,
      "y" : 6.854102,
      "z" : -29.034441
    }, {
      "x" : 0.0,
      "y" : 11.09017,
      "z" : -29.034441
    }, {
      "x" : 0.0,
      "y" : 4.236068,
      "z" : -24.798374
    } ],
    "faces" : [ {
      "vertices" : [ 0, 1, 2 ]
    }, {
      "vertices" : [ 0, 2, 3 ]
    }, {
      "vertices" : [ 0, 3, 2 ]
    }, {
      "vertices" : [ 0, 2, 1 ]
    } ]
  }, {
    "id" : "cd0b2f3b-3028-4b4c-b1b2-e321d1a29607",
    "vertices" : [ {
      "x" : 17.944271,
      "y" : 11.09017,
      "z" : -13.708204
    }, {
      "x" : 17.944271,
      "y" : 4.236068,
      "z" : -17.944271
    }, {
      "x" : 24.798374,
      "y" : 0.0,
      "z" : -17.944271
    }, {
      "x" : 24.798374,
      "y" : 6.854102,
      "z" : -13.708204
    } ],
    "faces" : [ {
      "vertices" : [ 0, 1, 2 ]
    }, {
      "vertices" : [ 0, 2, 3 ]
    }, {
      "vertices" : [ 0, 3, 2 ]
    }, {
      "vertices" : [ 0, 2, 1 ]
    } ]
  }, {
    "id" : "311308c9-b17b-4f84-8914-aa08d6662e5f",
    "vertices" : [ {
      "x" : -11.09017,
      "y" : 29.034441,
      "z" : 0.0
    }, {
      "x" : -6.854102,
      "y" : 29.034441,
      "z" : 6.854102
    }, {
      "x" : 0.0,
      "y" : 24.798374,
      "z" : 6.854102
    }, {
      "x" : -4.236068,
      "y" : 24.798374,
      "z" : 0.0
    } ],
    "faces" : [ {
      "vertices" : [ 0, 1, 2 ]
    }, {
      "vertices" : [ 0, 2, 3 ]
    }, {
      "vertices" : [ 0, 3, 2 ]
    }, {
      "vertices" : [ 0, 2, 1 ]
    } ]
  }, {
    "id" : "1eb714ec-5a8b-4a25-9fc4-e104067014a0",
    "vertices" : [ {
      "x" : -29.034441,
      "y" : 0.0,
      "z" : -11.09017
    }, {
      "x" : -29.034441,
      "y" : -6.854102,
      "z" : -6.854102
    }, {
      "x" : -24.798374,
      "y" : -6.854102,
      "z" : 0.0
    }, {
      "x" : -24.798374,
      "y" : 0.0,
      "z" : -4.236068
    } ],
    "faces" : [ {
      "vertices" : [ 0, 1, 2 ]
