{
  "field" : "golden",
  "symmetry" : "icosahedral",
  "orientations" : [ [ 1.0, 0.0, 0.0, 0.0, 0.0, 1.0, 0.0, 0.0, 0.0, 0.0, 1.0, 0.0, 0.0, 0.0, 0.0, 1.0 ], [ 0.0, 0.0, 1.0, 0.0, 1.0, 0.0, 0.0, 0.0, 0.0, 1.0, 0.0, 0.0, 0.0, 0.0, 0.0, 1.0 ], [ 0.0, 1.0, 0.0, 0.0, 0.0, 0.0, 1.0, 0.0, 1.0, 0.0, 0.0, 0.0, 0.0, 0.0, 0.0, 1.0 ], [ 0.809017, 0.309017, 0.5, 0.0, 0.309017, 0.5, -0.809017, 0.0, -0.5, 0.809017, 0.309017, 0.0, 0.0, 0.0, 0.0, 1.0 ], [ -0.5, 0.809017, 0.309017, 0.0, 0.809017, 0.309017, 0.5, 0.0, 0.309017, 0.5, -0.809017, 0.0, 0.0, 0.0, 0.0, 1.0 ], [ 0.309017, 0.5, -0.809017, 0.0, -0.5, 0.809017, 0.309017, 0.0, 0.809017, 0.309017, 0.5, 0.0, 0.0, 0.0, 0.0, 1.0 ], [ 0.5, 0.809017, 0.309017, 0.0, 0.809017, -0.309017, -0.5, 0.0, -0.309017, 0.5, -0.809017, 0.0, 0.0, 0.0, 0.0, 1.0 ], [ -0.309017, 0.5, -0.809017, 0.0, 0.5, 0.809017, 0.309017, 0.0, 0.809017, -0.309017, -0.5, 0.0, 0.0, 0.0, 0.0, 1.0 ], [ 0.809017, -0.309017, -0.5, 0.0, -0.309017, 0.5, -0.809017, 0.0, 0.5, 0.809017, 0.309017, 0.0, 0.0, 0.0, 0.0, 1.0 ], [ 0.5, 0.809017, -0.309017, 0.0, 0.809017, -0.309017, 0.5, 0.0, 0.309017, -0.5, -0.809017, 0.0, 0.0, 0.0, 0.0, 1.0 ], [ 0.309017, -0.5, -0.809017, 0.0, 0.5, 0.809017, -0.309017, 0.0, 0.809017, -0.309017, 0.5, 0.0, 0.0, 0.0, 0.0, 1.0 ], [ 0.809017, -0.309017, 0.5, 0.0, 0.309017, -0.5, -0.809017, 0.0, 0.5, 0.809017, -0.309017, 0.0, 0.0, 0.0, 0.0, 1.0 ], [ 0.809017, 0.309017, -0.5, 0.0, 0.309017, 0.5, 0.809017, 0.0, 0.5, -0.809017, 0.309017, 0.0, 0.0, 0.0, 0.0, 1.0 ], [ 0.5, -0.809017, 0.309017, 0.0, 0.809017, 0.309017, -0.5, 0.0, 0.309017, 0.5, 0.809017, 0.0, 0.0, 0.0, 0.0, 1.0 ], [ 0.309017, 0.5, 0.809017, 0.0, 0.5, -0.809017, 0.309017, 0.0, 0.809017, 0.309017, -0.5, 0.0, 0.0, 0.0, 0.0, 1.0 ], [ 1.0, 0.0, 0.0, 0.0, 0.0, -1.0, 0.0, 0.0, 0.0, 0.0, -1.0, 0.0, 0.0, 0.0, 0.0, 1.0 ], [ 0.0, 0.0, 1.0, 0.0, -1.0, 0.0, 0.0, 0.0, 0.0, -1.0, 0.0, 0.0, 0.0, 0.0, 0.0, 1.0 ], [ 0.0, 1.0, 0.0, 0.0, 0.0, 0.0, -1.0, 0.0, -1.0, 0.0, 0.0, 0.0, 0.0, 0.0, 0.0, 1.0 ], [ 0.809017, 0.309017, 0.5, 0.0, -0.309017, -0.5, 0.809017, 0.0, 0.5, -0.809017, -0.309017, 0.0, 0.0, 0.0, 0.0, 1.0 ], [ -0.5, 0.809017, 0.309017, 0.0, -0.809017, -0.309017, -0.5, 0.0, -0.309017, -0.5, 0.809017, 0.0, 0.0, 0.0, 0.0, 1.0 ], [ 0.309017, 0.5, -0.809017, 0.0, 0.5, -0.809017, -0.309017, 0.0, -0.809017, -0.309017, -0.5, 0.0, 0.0, 0.0, 0.0, 1.0 ], [ 0.5, 0.809017, 0.309017, 0.0, -0.809017, 0.309017, 0.5, 0.0, 0.309017, -0.5, 0.809017, 0.0, 0.0, 0.0, 0.0, 1.0 ], [ -0.309017, 0.5, -0.809017, 0.0, -0.5, -0.809017, -0.309017, 0.0, -0.809017, 0.309017, 0.5, 0.0, 0.0, 0.0, 0.0, 1.0 ], [ 0.809017, -0.309017, -0.5, 0.0, 0.309017, -0.5, 0.809017, 0.0, -0.5, -0.809017, -0.309017, 0.0, 0.0, 0.0, 0.0, 1.0 ], [ 0.5, 0.809017, -0.309017, 0.0, -0.809017, 0.309017, -0.5, 0.0, -0.309017, 0.5, 0.809017, 0.0, 0.0, 0.0, 0.0, 1.0 ], [ 0.309017, -0.5, -0.809017, 0.0, -0.5, -0.809017, 0.309017, 0.0, -0.809017, 0.309017, -0.5, 0.0, 0.0, 0.0, 0.0, 1.0 ], [ 0.809017, -0.309017, 0.5, 0.0, -0.309017, 0.5, 0.809017, 0.0, -0.5, -0.809017, 0.309017, 0.0, 0.0, 0.0, 0.0, 1.0 ], [ 0.809017, 0.309017, -0.5, 0.0, -0.309017, -0.5, -0.809017, 0.0, -0.5, 0.809017, -0.309017, 0.0, 0.0, 0.0, 0.0, 1.0 ], [ 0.5, -0.809017, 0.309017, 0.0, -0.809017, -0.309017, 0.5, 0.0, -0.309017, -0.5, -0.809017, 0.0, 0.0, 0.0, 0.0, 1.0 ], [ 0.309017, 0.5, 0.809017, 0.0, -0.5, 0.809017, -0.309017, 0.0, -0.809017, -0.309017, 0.5, 0.0, 0.0, 0.0, 0.0, 1.0 ], [ -1.0, 0.0, 0.0, 0.0, 0.0, -1.0, 0.0, 0.0, 0.0, 0.0, 1.0, 0.0, 0.0, 0.0, 0.0, 1.0 ], [ 0.0, 0.0, -1.0, 0.0, -1.0, 0.0, 0.0, 0.0, 0.0, 1.0, 0.0, 0.0, 0.0, 0.0, 0.0, 1.0 ], [ 0.0, -1.0, 0.0, 0.0, 0.0, 0.0, -1.0, 0.0, 1.0, 0.0, 0.0, 0.0, 0.0, 0.0, 0.0, 1.0 ], [ -0.809017, -0.309017, -0.5, 0.0, -0.309017, -0.5, 0.809017, 0.0, -0.5, 0.809017, 0.309017, 0.0, 0.0, 0.0, 0.0, 1.0 ], [ 0.5, -0.809017, -0.309017, 0.0, -0.809017, -0.309017, -0.5, 0.0, 0.309017, 0.5, -0.809017, 0.0, 0.0, 0.0, 0.0, 1.0 ], [ -0.309017, -0.5, 0.809017, 0.0, 0.5, -0.809017, -0.309017, 0.0, 0.809017, 0.309017, 0.5, 0.0, 0.0, 0.0, 0.0, 1.0 ], [ -0.5, -0.809017, -0.309017, 0.0, -0.809017, 0.309017, 0.5, 0.0, -0.309017, 0.5, -0.809017, 0.0, 0.0, 0.0, 0.0, 1.0 ], [ 0.309017, -0.5, 0.809017, 0.0, -0.5, -0.809017, -0.309017, 0.0, 0.809017, -0.309017, -0.5, 0.0, 0.0, 0.0, 0.0, 1.0 ], [ -0.809017, 0.309017, 0.5, 0.0, 0.309017, -0.5, 0.809017, 0.0, 0.5, 0.809017, 0.309017, 0.0, 0.0, 0.0, 0.0, 1.0 ], [ -0.5, -0.809017, 0.309017, 0.0, -0.809017, 0.309017, -0.5, 0.0, 0.309017, -0.5, -0.809017, 0.0, 0.0, 0.0, 0.0, 1.0 ], [ -0.309017, 0.5, 0.809017, 0.0, -0.5, -0.809017, 0.309017, 0.0, 0.809017, -0.309017, 0.5, 0.0, 0.0, 0.0, 0.0, 1.0 ], [ -0.809017, 0.309017, -0.5, 0.0, -0.309017, 0.5, 0.809017, 0.0, 0.5, 0.809017, -0.309017, 0.0, 0.0, 0.0, 0.0, 1.0 ], [ -0.809017, -0.309017, 0.5, 0.0, -0.309017, -0.5, -0.809017, 0.0, 0.5, -0.809017, 0.309017, 0.0, 0.0, 0.0, 0.0, 1.0 ], [ -0.5, 0.809017, -0.309017, 0.0, -0.809017, -0.309017, 0.5, 0.0, 0.309017, 0.5, 0.809017, 0.0, 0.0, 0.0, 0.0, 1.0 ], [ -0.309017, -0.5, -0.809017, 0.0, -0.5, 0.809017, -0.309017, 0.0, 0.809017, 0.309017, -0.5, 0.0, 0.0, 0.0, 0.0, 1.0 ], [ -1.0, 0.0, 0.0, 0.0, 0.0, 1.0, 0.0, 0.0, 0.0, 0.0, -1.0, 0.0, 0.0, 0.0, 0.0, 1.0 ], [ 0.0, 0.0, -1.0, 0.0, 1.0, 0.0, 0.0, 0.0, 0.0, -1.0, 0.0, 0.0, 0.0, 0.0, 0.0, 1.0 ], [ 0.0, -1.0, 0.0, 0.0, 0.0, 0.0, 1.0, 0.0, -1.0, 0.0, 0.0, 0.0, 0.0, 0.0, 0.0, 1.0 ], [ -0.809017, -0.309017, -0.5, 0.0, 0.309017, 0.5, -0.809017, 0.0, 0.5, -0.809017, -0.309017, 0.0, 0.0, 0.0, 0.0, 1.0 ], [ 0.5, -0.809017, -0.309017, 0.0, 0.809017, 0.309017, 0.5, 0.0, -0.309017, -0.5, 0.809017, 0.0, 0.0, 0.0, 0.0, 1.0 ], [ -0.309017, -0.5, 0.809017, 0.0, -0.5, 0.809017, 0.309017, 0.0, -0.809017, -0.309017, -0.5, 0.0, 0.0, 0.0, 0.0, 1.0 ], [ -0.5, -0.809017, -0.309017, 0.0, 0.809017, -0.309017, -0.5, 0.0, 0.309017, -0.5, 0.809017, 0.0, 0.0, 0.0, 0.0, 1.0 ], [ 0.309017, -0.5, 0.809017, 0.0, 0.5, 0.809017, 0.309017, 0.0, -0.809017, 0.309017, 0.5, 0.0, 0.0, 0.0, 0.0, 1.0 ], [ -0.809017, 0.309017, 0.5, 0.0, -0.309017, 0.5, -0.809017, 0.0, -0.5, -0.809017, -0.309017, 0.0, 0.0, 0.0, 0.0, 1.0 ], [ -0.5, -0.809017, 0.309017, 0.0, 0.809017, -0.309017, 0.5, 0.0, -0.309017, 0.5, 0.809017, 0.0, 0.0, 0.0, 0.0, 1.0 ], [ -0.309017, 0.5, 0.809017, 0.0, 0.5, 0.809017, -0.309017, 0.0, -0.809017, 0.309017, -0.5, 0.0, 0.0, 0.0, 0.0, 1.0 ], [ -0.809017, 0.309017, -0.5, 0.0, 0.309017, -0.5, -0.809017, 0.0, -0.5, -0.809017, 0.309017, 0.0, 0.0, 0.0, 0.0, 1.0 ], [ -0.809017, -0.309017, 0.5, 0.0, 0.309017, 0.5, 0.809017, 0.0, -0.5, 0.809017, -0.309017, 0.0, 0.0, 0.0, 0.0, 1.0 ], [ -0.5, 0.809017, -0.309017, 0.0, 0.809017, 0.309017, -0.5, 0.0, -0.309017, -0.5, -0.809017, 0.0, 0.0, 0.0, 0.0, 1.0 ], [ -0.309017, -0.5, -0.809017, 0.0, 0.5, -0.809017, 0.309017, 0.0, -0.809017, -0.309017, 0.5, 0.0, 0.0, 0.0, 0.0, 1.0 ] ],
  "lights" : {
    "ambientColor" : "#292929",
    "backgroundColor" : "#AFC8DC",
    "directionalLights" : [ {
      "direction" : {
        "x" : 1.0,
        "y" : -1.0,
        "z" : -1.0
      },
      "color" : "#EBEBE4"
    }, {
      "direction" : {
        "x" : -1.0,
        "y" : 0.0,
        "z" : 0.0
      },
      "color" : "#E4E4EB"
    }, {
      "direction" : {
        "x" : 0.0,
        "y" : 0.0,
        "z" : -1.0
      },
      "color" : "#1E1E1E"
    } ]
  },
  "camera" : {
    "width" : 90.9558,
    "stereo" : false,
    "lookDirection" : {
      "x" : 0.5713861,
      "y" : -0.58750975,
      "z" : 0.5730173
    },
    "upDirection" : {
      "x" : 0.65720737,
      "y" : -0.09061674,
      "z" : -0.7482417
    },
    "lookAtPoint" : {
      "x" : 0.0,
      "y" : 0.0,
      "z" : 0.0
    },
    "viewDistance" : 202.12361,
    "nearClipDistance" : 0.5053091,
    "farClipDistance" : 404.24615,
    "fieldOfView" : 0.44262972,
    "perspective" : false,
    "position" : {
      "x" : -115.49062,
      "y" : 118.749596,
      "z" : -115.82033
    }
  },
  "embedding" : [ 1.0, 0.0, 0.0, 0.0, 0.0, 1.0, 0.0, 0.0, 0.0, 0.0, 1.0, 0.0, 0.0, 0.0, 0.0, 1.0 ],
  "shapes" : [ {
    "id" : "761aaebf-2edb-4392-8847-bbe7821f9df0",
    "vertices" : [ {
      "x" : 0.309017,
      "y" : -0.309017,
      "z" : -0.309017
    }, {
      "x" : 0.5,
      "y" : 0.0,
      "z" : -0.19098301
    }, {
      "x" : 0.5,
      "y" : 0.0,
      "z" : 0.19098301
    }, {
      "x" : 0.309017,
      "y" : -0.309017,
      "z" : 0.309017
    }, {
      "x" : 0.19098301,
      "y" : -0.5,
      "z" : 0.0
    }, {
      "x" : 0.0,
      "y" : 0.19098301,
      "z" : 0.5
    }, {
      "x" : 0.0,
      "y" : -0.19098301,
      "z" : 0.5
    }, {
      "x" : 0.309017,
      "y" : 0.309017,
      "z" : 0.309017
    }, {
      "x" : -0.309017,
      "y" : -0.309017,
      "z" : 0.309017
    }, {
      "x" : -0.309017,
      "y" : 0.309017,
      "z" : 0.309017
    }, {
      "x" : -0.5,
      "y" : 0.0,
      "z" : 0.19098301
    }, {
      "x" : 0.0,
      "y" : -0.19098301,
      "z" : -0.5
    }, {
      "x" : 0.0,
      "y" : 0.19098301,
      "z" : -0.5
    }, {
      "x" : 0.309017,
      "y" : 0.309017,
      "z" : -0.309017
    }, {
      "x" : -0.309017,
      "y" : -0.309017,
      "z" : -0.309017
    }, {
      "x" : -0.19098301,
      "y" : -0.5,
      "z" : 0.0
    }, {
      "x" : -0.5,
      "y" : 0.0,
      "z" : -0.19098301
    }, {
      "x" : 0.19098301,
      "y" : 0.5,
      "z" : 0.0
    }, {
      "x" : -0.309017,
      "y" : 0.309017,
      "z" : -0.309017
    }, {
      "x" : 0.0,
      "y" : 0.0,
      "z" : 0.0
    }, {
      "x" : -0.19098301,
      "y" : 0.5,
      "z" : 0.0
    } ],
    "faces" : [ {
      "vertices" : [ 12, 18, 20 ]
    }, {
      "vertices" : [ 12, 20, 17 ]
    }, {
      "vertices" : [ 12, 17, 13 ]
    }, {
      "vertices" : [ 3, 6, 8 ]
    }, {
      "vertices" : [ 3, 8, 15 ]
    }, {
      "vertices" : [ 3, 15, 4 ]
    }, {
      "vertices" : [ 0, 11, 12 ]
    }, {
      "vertices" : [ 0, 12, 13 ]
    }, {
      "vertices" : [ 0, 13, 1 ]
    }, {
      "vertices" : [ 5, 9, 10 ]
    }, {
      "vertices" : [ 5, 10, 8 ]
    }, {
      "vertices" : [ 5, 8, 6 ]
    }, {
      "vertices" : [ 2, 7, 5 ]
    }, {
      "vertices" : [ 2, 5, 6 ]
    }, {
      "vertices" : [ 2, 6, 3 ]
    }, {
      "vertices" : [ 11, 14, 16 ]
    }, {
      "vertices" : [ 11, 16, 18 ]
    }, {
      "vertices" : [ 11, 18, 12 ]
    }, {
      "vertices" : [ 1, 13, 17 ]
    }, {
      "vertices" : [ 1, 17, 7 ]
    }, {
      "vertices" : [ 1, 7, 2 ]
    }, {
      "vertices" : [ 9, 20, 18 ]
    }, {
      "vertices" : [ 9, 18, 16 ]
    }, {
      "vertices" : [ 9, 16, 10 ]
    }, {
      "vertices" : [ 0, 1, 2 ]
    }, {
      "vertices" : [ 0, 2, 3 ]
    }, {
      "vertices" : [ 0, 3, 4 ]
    }, {
      "vertices" : [ 5, 7, 17 ]
    }, {
      "vertices" : [ 5, 17, 20 ]
    }, {
      "vertices" : [ 5, 20, 9 ]
    }, {
      "vertices" : [ 0, 4, 15 ]
    }, {
      "vertices" : [ 0, 15, 14 ]
    }, {
      "vertices" : [ 0, 14, 11 ]
    }, {
      "vertices" : [ 8, 10, 16 ]
    }, {
      "vertices" : [ 8, 16, 14 ]
    }, {
      "vertices" : [ 8, 14, 15 ]
    } ]
  }, {
    "id" : "6dad6b67-5616-43d4-bac4-af67a2774c31",
    "vertices" : [ {
      "x" : 1.0,
      "y" : 0.309017,
      "z" : 0.19098301
    }, {
      "x" : 1.0,
      "y" : -0.309017,
      "z" : 0.19098301
    }, {
      "x" : 12.708204,
      "y" : -0.309017,
      "z" : 0.19098301
    }, {
      "x" : 12.708204,
      "y" : 0.309017,
      "z" : 0.19098301
    }, {
      "x" : 12.708204,
      "y" : -0.309017,
      "z" : -0.19098301
    }, {
      "x" : 12.708204,
      "y" : 0.309017,
      "z" : -0.19098301
    }, {
      "x" : 13.326238,
      "y" : 0.0,
      "z" : 0.0
    }, {
      "x" : 0.38196602,
      "y" : 0.0,
      "z" : 0.0
    }, {
      "x" : 1.0,
      "y" : 0.309017,
      "z" : -0.19098301
    }, {
      "x" : 1.0,
      "y" : -0.309017,
      "z" : -0.19098301
    }, {
      "x" : 13.708204,
      "y" : 0.0,
      "z" : 0.0
    } ],
    "faces" : [ {
      "vertices" : [ 1, 9, 4 ]
    }, {
      "vertices" : [ 1, 4, 2 ]
    }, {
      "vertices" : [ 0, 3, 5 ]
    }, {
      "vertices" : [ 0, 5, 8 ]
    }, {
      "vertices" : [ 1, 7, 9 ]
    }, {
      "vertices" : [ 0, 1, 2 ]
    }, {
      "vertices" : [ 0, 2, 3 ]
    }, {
      "vertices" : [ 7, 8, 9 ]
    }, {
      "vertices" : [ 0, 7, 1 ]
    }, {
      "vertices" : [ 4, 9, 8 ]
    }, {
      "vertices" : [ 4, 8, 5 ]
    }, {
      "vertices" : [ 2, 6, 3 ]
    }, {
      "vertices" : [ 2, 4, 6 ]
    }, {
      "vertices" : [ 3, 6, 5 ]
    }, {
      "vertices" : [ 4, 5, 6 ]
    }, {
      "vertices" : [ 0, 8, 7 ]
    } ]
  }, {
    "id" : "2d398317-b872-4817-a0cc-a08443961e13",
    "vertices" : [ {
      "x" : 10.781153,
      "y" : 4.118034,
      "z" : -1.572949
    }, {
      "x" : 10.399187,
      "y" : 3.663119,
      "z" : -1.381966
    }, {
      "x" : 10.236068,
      "y" : 3.927051,
      "z" : -1.809017
    }, {
      "x" : 10.163119,
      "y" : 4.190983,
      "z" : -1.618034
    }, {
      "x" : 0.85410196,
      "y" : 0.309017,
      "z" : 0.19098301
    }, {
      "x" : 0.690983,
      "y" : 0.572949,
      "z" : -0.23606798
    }, {
      "x" : 0.309017,
      "y" : 0.11803399,
      "z" : -0.045084972
    }, {
      "x" : 0.76393205,
      "y" : 0.309017,
      "z" : -0.42705098
    }, {
      "x" : 0.927051,
      "y" : 0.045084972,
      "z" : 0.0
    }, {
      "x" : 10.326238,
      "y" : 3.927051,
      "z" : -1.190983
    }, {
      "x" : 11.09017,
      "y" : 4.236068,
      "z" : -1.618034
    } ],
    "faces" : [ {
      "vertices" : [ 2, 7, 5 ]
    }, {
      "vertices" : [ 2, 5, 3 ]
    }, {
      "vertices" : [ 1, 8, 7 ]
    }, {
      "vertices" : [ 1, 7, 2 ]
    }, {
      "vertices" : [ 4, 6, 8 ]
    }, {
      "vertices" : [ 5, 7, 6 ]
    }, {
      "vertices" : [ 0, 1, 2 ]
    }, {
      "vertices" : [ 0, 2, 3 ]
    }, {
      "vertices" : [ 6, 7, 8 ]
    }, {
      "vertices" : [ 3, 5, 4 ]
    }, {
      "vertices" : [ 3, 4, 9 ]
    }, {
      "vertices" : [ 1, 9, 4 ]
    }, {
      "vertices" : [ 1, 4, 8 ]
    }, {
      "vertices" : [ 0, 9, 1 ]
    }, {
      "vertices" : [ 0, 3, 9 ]
    }, {
      "vertices" : [ 4, 5, 6 ]
    } ]
  }, {
    "id" : "d56ea315-cc46-4a9f-81d5-47cbb120ff04",
    "vertices" : [ {
      "x" : 11.09017,
      "y" : 0.0,
      "z" : -4.236068
    }, {
      "x" : 10.781153,
      "y" : 0.0,
      "z" : -4.118034
    }, {
      "x" : 10.376644,
      "y" : -0.1545085,
      "z" : -3.677051
    }, {
      "x" : 10.185661,
      "y" : -0.1545085,
      "z" : -4.177051
    }, {
      "x" : 0.9045085,
      "y" : -0.1545085,
      "z" : -0.059016995
    }, {
      "x" : 0.809017,
      "y" : 0.309017,
      "z" : -0.309017
    }, {
      "x" : 0.309017,
      "y" : 0.0,
      "z" : -0.11803399
    }, {
      "x" : 10.281153,
      "y" : 0.309017,
      "z" : -3.927051
    }, {
      "x" : 0.7135255,
      "y" : -0.1545085,
      "z" : -0.559017
    } ],
    "faces" : [ {
      "vertices" : [ 2, 4, 8 ]
    }, {
      "vertices" : [ 2, 8, 3 ]
    }, {
      "vertices" : [ 2, 7, 5 ]
    }, {
      "vertices" : [ 2, 5, 4 ]
    }, {
      "vertices" : [ 4, 6, 8 ]
    }, {
      "vertices" : [ 5, 8, 6 ]
    }, {
      "vertices" : [ 1, 2, 3 ]
    }, {
      "vertices" : [ 3, 8, 5 ]
    }, {
      "vertices" : [ 3, 5, 7 ]
    }, {
      "vertices" : [ 1, 7, 2 ]
    }, {
      "vertices" : [ 1, 3, 7 ]
    }, {
      "vertices" : [ 4, 5, 6 ]
    } ]
  }, {
    "id" : "f44e0a51-6edc-444b-a17c-98a582da7a5e",
    "vertices" : [ {
      "x" : 5.981424,
      "y" : 5.108746,
      "z" : -0.872678
    }, {
      "x" : 5.981424,
      "y" : 9.344814,
      "z" : -11.962848
    }, {
      "x" : 1.745356,
      "y" : 20.434984,
      "z" : -11.962848
    }, {
      "x" : 1.745356,
      "y" : 16.198915,
      "z" : -0.872678
    } ],
    "faces" : [ {
      "vertices" : [ 0, 1, 2 ]
    }, {
      "vertices" : [ 0, 2, 3 ]
    }, {
      "vertices" : [ 0, 3, 2 ]
    }, {
      "vertices" : [ 0, 2, 1 ]
    } ]
  }, {
    "id" : "5b76654b-201a-44b5-ab64-aebad705c70b",
    "vertices" : [ {
      "x" : -9.344814,
      "y" : 9.344814,
      "z" : 12.8355255
    }, {
      "x" : 1.745356,
      "y" : 5.108746,
      "z" : 5.981424
    }, {
      "x" : 5.981424,
      "y" : -5.981424,
      "z" : 5.981424
    }, {
      "x" : -5.108746,
      "y" : -1.745356,
      "z" : 12.8355255
    } ],
    "faces" : [ {
      "vertices" : [ 0, 1, 2 ]
    }, {
      "vertices" : [ 0, 2, 3 ]
    }, {
      "vertices" : [ 0, 3, 2 ]
    }, {
      "vertices" : [ 0, 2, 1 ]
    } ]
  }, {
    "id" : "599fde6c-9e0d-473f-b2a9-8f3c4c84db17",
    "vertices" : [ {
      "x" : -11.962848,
      "y" : -5.981424,
      "z" : -9.344814
    }, {
      "x" : -0.872678,
      "y" : -5.981424,
      "z" : -5.108746
    }, {
      "x" : 5.981424,
      "y" : -5.981424,
      "z" : 5.981424
    }, {
      "x" : -5.108746,
      "y" : -5.981424,
      "z" : 1.745356
    } ],
    "faces" : [ {
      "vertices" : [ 0, 1, 2 ]
    }, {
      "vertices" : [ 0, 2, 3 ]
    }, {
      "vertices" : [ 0, 3, 2 ]
    }, {
      "vertices" : [ 0, 2, 1 ]
    } ]
  }, {
    "id" : "5624167e-7e07-4f7e-8e0b-cfe95a3c7ddd",
    "vertices" : [ {
      "x" : 0.9045085,
      "y" : 0.3454915,
      "z" : 0.25
    }, {
      "x" : 10.376644,
      "y" : 6.1995935,
      "z" : 0.25
    }, {
      "x" : 10.185661,
      "y" : 6.5086102,
      "z" : 0.25
    }, {
      "x" : 0.7135255,
      "y" : 0.6545085,
      "z" : 0.25
    }, {
      "x" : 0.809017,
      "y" : 0.5,
      "z" : -0.309017
    }, {
      "x" : 0.9635255,
      "y" : 0.25,
      "z" : -0.095491506
    }, {
      "x" : 0.309017,
      "y" : 0.19098301,
      "z" : 0.0
    }, {
      "x" : 10.781153,
      "y" : 6.663119,
      "z" : 0.0
    }, {
      "x" : 10.126644,
      "y" : 6.604102,
      "z" : -0.095491506
    }, {
      "x" : 10.281153,
      "y" : 6.354102,
      "z" : -0.309017
    }, {
      "x" : 11.09017,
      "y" : 6.854102,
      "z" : 0.0
    }, {
      "x" : 0.6545085,
      "y" : 0.75,
      "z" : -0.095491506
    }, {
      "x" : 10.435661,
      "y" : 6.104102,
      "z" : -0.095491506
    } ],
    "faces" : [ {
      "vertices" : [ 4, 11, 8 ]
    }, {
      "vertices" : [ 4, 8, 9 ]
    }, {
      "vertices" : [ 0, 1, 2 ]
    }, {
      "vertices" : [ 0, 2, 3 ]
    }, {
      "vertices" : [ 0, 3, 6 ]
    }, {
      "vertices" : [ 1, 7, 2 ]
    }, {
      "vertices" : [ 0, 6, 5 ]
    }, {
      "vertices" : [ 4, 5, 6 ]
    }, {
      "vertices" : [ 2, 7, 8 ]
    }, {
      "vertices" : [ 0, 5, 12 ]
    }, {
      "vertices" : [ 0, 12, 1 ]
    }, {
      "vertices" : [ 1, 12, 7 ]
    }, {
      "vertices" : [ 3, 11, 6 ]
    }, {
      "vertices" : [ 4, 6, 11 ]
    }, {
      "vertices" : [ 7, 9, 8 ]
    }, {
      "vertices" : [ 2, 8, 11 ]
    }, {
      "vertices" : [ 2, 11, 3 ]
    }, {
      "vertices" : [ 7, 12, 9 ]
    }, {
      "vertices" : [ 4, 9, 12 ]
    }, {
      "vertices" : [ 4, 12, 5 ]
    } ]
  }, {
    "id" : "37992e31-e3c6-4d6f-bbb5-26373e5f9f59",
    "vertices" : [ {
      "x" : -6.72678,
      "y" : 9.344814,
      "z" : 17.071594
    }, {
      "x" : -5.108746,
      "y" : -1.745356,
      "z" : 12.8355255
    }, {
      "x" : -16.198915,
      "y" : -5.981424,
      "z" : 11.217492
    }, {
      "x" : -17.81695,
      "y" : 5.108746,
      "z" : 15.45356
    } ],
    "faces" : [ {
      "vertices" : [ 0, 1, 2 ]
    }, {
      "vertices" : [ 0, 2, 3 ]
    }, {
      "vertices" : [ 0, 3, 2 ]
    }, {
      "vertices" : [ 0, 2, 1 ]
    } ]
  }, {
    "id" : "8cd1ac8e-555e-4d21-9f0a-0c1efee0f34b",
    "vertices" : [ {
      "x" : 4.36339,
      "y" : 5.108746,
      "z" : 10.217492
    }, {
      "x" : 11.217492,
      "y" : 16.198915,
      "z" : 5.981424
    }, {
      "x" : 0.127322,
      "y" : 20.434984,
      "z" : 12.8355255
    }, {
      "x" : -6.72678,
      "y" : 9.344814,
      "z" : 17.071594
    } ],
    "faces" : [ {
      "vertices" : [ 0, 1, 2 ]
    }, {
      "vertices" : [ 0, 2, 3 ]
    }, {
      "vertices" : [ 0, 3, 2 ]
    }, {
      "vertices" : [ 0, 2, 1 ]
    } ]
  }, {
    "id" : "b2b10c77-142c-42c3-9e35-13430f5dff64",
    "vertices" : [ {
      "x" : -16.198915,
      "y" : -5.981424,
      "z" : 11.217492
    }, {
      "x" : -5.108746,
      "y" : -1.745356,
      "z" : 12.8355255
    }, {
      "x" : 5.981424,
      "y" : -5.981424,
      "z" : 5.981424
    }, {
      "x" : -5.108746,
      "y" : -10.217492,
      "z" : 4.36339
    } ],
    "faces" : [ {
      "vertices" : [ 0, 1, 2 ]
    }, {
      "vertices" : [ 0, 2, 3 ]
    }, {
      "vertices" : [ 0, 3, 2 ]
    }, {
      "vertices" : [ 0, 2, 1 ]
    } ]
  }, {
    "id" : "6df9ac51-26cb-4651-a35d-c502e58d5cf7",
    "vertices" : [ {
      "x" : -5.108746,
      "y" : -10.217492,
      "z" : 4.36339
    }, {
      "x" : -16.198915,
      "y" : -5.981424,
      "z" : 11.217492
    }, {
      "x" : -20.434984,
      "y" : -12.8355255,
      "z" : 0.127322
    }, {
      "x" : -9.344814,
      "y" : -17.071594,
      "z" : -6.72678
    } ],
    "faces" : [ {
      "vertices" : [ 0, 1, 2 ]
    }, {
      "vertices" : [ 0, 2, 3 ]
    }, {
      "vertices" : [ 0, 3, 2 ]
    }, {
      "vertices" : [ 0, 2, 1 ]
    } ]
  }, {
    "id" : "9ce8a535-44cb-4a06-b11f-8db4268b96e8",
    "vertices" : [ {
      "x" : -9.344814,
      "y" : 11.962848,
      "z" : 5.981424
    }, {
      "x" : -5.108746,
      "y" : 0.872678,
      "z" : 5.981424
    }, {
      "x" : 5.981424,
      "y" : -5.981424,
      "z" : 5.981424
    }, {
      "x" : 1.745356,
      "y" : 5.108746,
      "z" : 5.981424
    } ],
    "faces" : [ {
      "vertices" : [ 0, 1, 2 ]
    }, {
      "vertices" : [ 0, 2, 3 ]
    }, {
      "vertices" : [ 0, 3, 2 ]
    }, {
      "vertices" : [ 0, 2, 1 ]
    } ]
  }, {
    "id" : "04fb7cd1-10b9-49a0-8e1b-960bd537ac3e",
    "vertices" : [ {
      "x" : 5.981424,
      "y" : -5.981424,
      "z" : 5.981424
    }, {
      "x" : 5.981424,
      "y" : -1.745356,
      "z" : -5.108746
    }, {
      "x" : 1.745356,
      "y" : -8.599458,
      "z" : -16.198915
    }, {
      "x" : 1.745356,
      "y" : -12.8355255,
      "z" : -5.108746
    } ],
    "faces" : [ {
      "vertices" : [ 0, 1, 2 ]
    }, {
      "vertices" : [ 0, 2, 3 ]
    }, {
      "vertices" : [ 0, 3, 2 ]
    }, {
      "vertices" : [ 0, 2, 1 ]
    } ]
  }, {
    "id" : "a09eacce-a3ab-4a5b-a754-79c24797ee62",
    "vertices" : [ {
      "x" : 10.217492,
      "y" : -4.36339,
      "z" : -5.108746
    }, {
      "x" : 5.981424,
      "y" : -11.217492,
      "z" : -16.198915
    }, {
      "x" : 12.8355255,
      "y" : -0.127322,
      "z" : -20.434984
    }, {
      "x" : 17.071594,
      "y" : 6.72678,
      "z" : -9.344814
    } ],
    "faces" : [ {
      "vertices" : [ 0, 1, 2 ]
    }, {
      "vertices" : [ 0, 2, 3 ]
    }, {
      "vertices" : [ 0, 3, 2 ]
    }, {
      "vertices" : [ 0, 2, 1 ]
    } ]
  }, {
    "id" : "fbdae543-f392-4a55-b390-7629e6a53002",
    "vertices" : [ {
      "x" : 5.981424,
      "y" : -5.981424,
      "z" : 5.981424
    }, {
      "x" : -5.108746,
      "y" : -5.981424,
      "z" : 1.745356
    }, {
      "x" : -16.198915,
      "y" : -1.745356,
      "z" : 8.599458
    }, {
      "x" : -5.108746,
      "y" : -1.745356,
      "z" : 12.8355255
    } ],
    "faces" : [ {
      "vertices" : [ 0, 1, 2 ]
    }, {
      "vertices" : [ 0, 2, 3 ]
    }, {
      "vertices" : [ 0, 3, 2 ]
    }, {
      "vertices" : [ 0, 2, 1 ]
    } ]
  }, {
    "id" : "abe810d0-e92e-40ad-b971-e82618c3738c",
    "vertices" : [ {
      "x" : 5.981424,
      "y" : -5.981424,
      "z" : 5.981424
    }, {
      "x" : 4.36339,
      "y" : 5.108746,
      "z" : 10.217492
    }, {
      "x" : -6.72678,
      "y" : 9.344814,
      "z" : 17.071594
    }, {
      "x" : -5.108746,
      "y" : -1.745356,
      "z" : 12.8355255
    } ],
    "faces" : [ {
      "vertices" : [ 0, 1, 2 ]
    }, {
      "vertices" : [ 0, 2, 3 ]
    }, {
      "vertices" : [ 0, 3, 2 ]
    }, {
      "vertices" : [ 0, 2, 1 ]
    } ]
  }, {
    "id" : "12a29dc8-f297-43ca-b8bd-fb3f1df23726",
    "vertices" : [ {
      "x" : 12.8355255,
      "y" : 5.108746,
      "z" : 1.745356
    }, {
      "x" : 12.8355255,
      "y" : 9.344814,
      "z" : -9.344814
    }, {
      "x" : 8.599458,
      "y" : 20.434984,
      "z" : -9.344814
    }, {
      "x" : 8.599458,
      "y" : 16.198915,
      "z" : 1.745356
    } ],
    "faces" : [ {
      "vertices" : [ 0, 1, 2 ]
    }, {
      "vertices" : [ 0, 2, 3 ]
    }, {
      "vertices" : [ 0, 3, 2 ]
    }, {
      "vertices" : [ 0, 2, 1 ]
    } ]
  }, {
    "id" : "52021a7a-a937-4a38-b64c-e7e40a473b92",
    "vertices" : [ {
      "x" : -9.344814,
      "y" : -17.071594,
      "z" : -6.72678
    }, {
      "x" : 1.745356,
      "y" : -12.8355255,
      "z" : -5.108746
    }, {
      "x" : 5.981424,
      "y" : -11.217492,
      "z" : -16.198915
    }, {
      "x" : -5.108746,
      "y" : -15.45356,
      "z" : -17.81695
    } ],
    "faces" : [ {
      "vertices" : [ 0, 1, 2 ]
    }, {
      "vertices" : [ 0, 2, 3 ]
    }, {
      "vertices" : [ 0, 3, 2 ]
    }, {
      "vertices" : [ 0, 2, 1 ]
    } ]
  }, {
    "id" : "3822c388-c69b-453d-8a52-b315f94fa3aa",
    "vertices" : [ {
      "x" : -5.108746,
      "y" : -1.745356,
      "z" : 12.8355255
    }, {
      "x" : -9.344814,
      "y" : 9.344814,
      "z" : 12.8355255
    }, {
      "x" : -20.434984,
      "y" : 9.344814,
      "z" : 8.599458
    }, {
      "x" : -16.198915,
      "y" : -1.745356,
      "z" : 8.599458
    } ],
    "faces" : [ {
      "vertices" : [ 0, 1, 2 ]
    }, {
      "vertices" : [ 0, 2, 3 ]
    }, {
      "vertices" : [ 0, 3, 2 ]
    }, {
      "vertices" : [ 0, 2, 1 ]
    } ]
  }, {
    "id" : "a226f931-7afb-4445-9df9-4a1aaff3be75",
    "vertices" : [ {
      "x" : 5.981424,
      "y" : -11.217492,
      "z" : -16.198915
    }, {
      "x" : 1.745356,
      "y" : -12.8355255,
      "z" : -5.108746
    }, {
      "x" : 5.981424,
      "y" : -5.981424,
      "z" : 5.981424
    }, {
      "x" : 10.217492,
      "y" : -4.36339,
      "z" : -5.108746
    } ],
    "faces" : [ {
      "vertices" : [ 0, 1, 2 ]
    }, {
      "vertices" : [ 0, 2, 3 ]
    }, {
      "vertices" : [ 0, 3, 2 ]
    }, {
      "vertices" : [ 0, 2, 1 ]
    } ]
  }, {
    "id" : "d9525494-13f5-4487-ac87-7d71761f254e",
    "vertices" : [ {
      "x" : -9.344814,
      "y" : -12.8355255,
      "z" : -9.344814
    }, {
      "x" : -5.108746,
      "y" : -5.981424,
      "z" : 1.745356
    }, {
      "x" : 5.981424,
      "y" : -5.981424,
      "z" : 5.981424
    }, {
      "x" : 1.745356,
      "y" : -12.8355255,
      "z" : -5.108746
    } ],
    "faces" : [ {
      "vertices" : [ 0, 1, 2 ]
    }, {
      "vertices" : [ 0, 2, 3 ]
    }, {
      "vertices" : [ 0, 3, 2 ]
    }, {
      "vertices" : [ 0, 2, 1 ]
    } ]
  }, {
    "id" : "4af67122-5d32-46e0-ad4e-3b2880824a95",
    "vertices" : [ {
      "x" : 11.217492,
      "y" : 16.198915,
      "z" : 5.981424
    }, {
      "x" : 12.8355255,
      "y" : 5.108746,
      "z" : 1.745356
    }, {
      "x" : 5.981424,
      "y" : -5.981424,
      "z" : 5.981424
    }, {
      "x" : 4.36339,
      "y" : 5.108746,
      "z" : 10.217492
    } ],
    "faces" : [ {
      "vertices" : [ 0, 1, 2 ]
    }, {
      "vertices" : [ 0, 2, 3 ]
    }, {
      "vertices" : [ 0, 3, 2 ]
    }, {
      "vertices" : [ 0, 2, 1 ]
    } ]
  }, {
    "id" : "76396a96-78ec-4ed9-85de-2a8322ff0d2e",
    "vertices" : [ {
      "x" : 5.981424,
      "y" : -5.981424,
      "z" : 5.981424
    }, {
      "x" : -5.108746,
      "y" : -10.217492,
      "z" : 4.36339
    }, {
      "x" : -9.344814,
      "y" : -17.071594,
      "z" : -6.72678
    }, {
      "x" : 1.745356,
      "y" : -12.8355255,
      "z" : -5.108746
    } ],
    "faces" : [ {
      "vertices" : [ 0, 1, 2 ]
    }, {
      "vertices" : [ 0, 2, 3 ]
    }, {
      "vertices" : [ 0, 3, 2 ]
    }, {
      "vertices" : [ 0, 2, 1 ]
    } ]
  }, {
    "id" : "1e69fbfa-a274-48ce-bc17-fc7f060f5e21",
    "vertices" : [ {
      "x" : 5.981424,
      "y" : -1.745356,
      "z" : -5.108746
    }, {
      "x" : -0.872678,
      "y" : -1.745356,
      "z" : -16.198915
    }, {
      "x" : -0.872678,
      "y" : 9.344814,
      "z" : -23.053019
    }, {
      "x" : 5.981424,
      "y" : 9.344814,
      "z" : -11.962848
    } ],
    "faces" : [ {
      "vertices" : [ 0, 1, 2 ]
    }, {
      "vertices" : [ 0, 2, 3 ]
    }, {
      "vertices" : [ 0, 3, 2 ]
    }, {
      "vertices" : [ 0, 2, 1 ]
    } ]
  }, {
    "id" : "e28d4b4b-da76-482f-b9f2-347e8e2207b7",
    "vertices" : [ {
      "x" : 1.745356,
      "y" : -12.8355255,
      "z" : -5.108746
    }, {
      "x" : -9.344814,
      "y" : -12.8355255,
      "z" : -9.344814
    }, {
      "x" : -9.344814,
      "y" : -8.599458,
      "z" : -20.434984
    }, {
      "x" : 1.745356,
      "y" : -8.599458,
      "z" : -16.198915
    } ],
    "faces" : [ {
      "vertices" : [ 0, 1, 2 ]
    }, {
      "vertices" : [ 0, 2, 3 ]
    }, {
      "vertices" : [ 0, 3, 2 ]
    }, {
      "vertices" : [ 0, 2, 1 ]
    } ]
  }, {
    "id" : "84e5926b-e912-47b4-847a-4e329c69f3e7",
    "vertices" : [ {
      "x" : 5.981424,
      "y" : -5.981424,
      "z" : 5.981424
    }, {
      "x" : -5.108746,
      "y" : 0.872678,
      "z" : 5.981424
    }, {
      "x" : -16.198915,
      "y" : 0.872678,
      "z" : 1.745356
    }, {
      "x" : -5.108746,
      "y" : -5.981424,
      "z" : 1.745356
    } ],
    "faces" : [ {
      "vertices" : [ 0, 1, 2 ]
    }, {
      "vertices" : [ 0, 2, 3 ]
    }, {
      "vertices" : [ 0, 3, 2 ]
    }, {
      "vertices" : [ 0, 2, 1 ]
    } ]
  }, {
    "id" : "55bebd0f-960b-42cb-8a9a-4e6db27989cd",
    "vertices" : [ {
      "x" : 5.981424,
      "y" : -5.981424,
      "z" : 5.981424
    }, {
      "x" : 1.745356,
      "y" : 5.108746,
      "z" : 5.981424
    }, {
      "x" : 8.599458,
      "y" : 16.198915,
      "z" : 1.745356
    }, {
      "x" : 12.8355255,
      "y" : 5.108746,
      "z" : 1.745356
    } ],
    "faces" : [ {
      "vertices" : [ 0, 1, 2 ]
    }, {
      "vertices" : [ 0, 2, 3 ]
    }, {
      "vertices" : [ 0, 3, 2 ]
    }, {
      "vertices" : [ 0, 2, 1 ]
    } ]
  }, {
    "id" : "7ebf1e47-cda3-4a69-8d86-6a92c4a36fab",
    "vertices" : [ {
      "x" : 5.981424,
      "y" : -5.981424,
      "z" : 5.981424
    }, {
      "x" : 10.217492,
      "y" : -4.36339,
      "z" : -5.108746
    }, {
      "x" : 17.071594,
      "y" : 6.72678,
      "z" : -9.344814
    }, {
      "x" : 12.8355255,
      "y" : 5.108746,
      "z" : 1.745356
    } ],
    "faces" : [ {
      "vertices" : [ 0, 1, 2 ]
    }, {
      "vertices" : [ 0, 2, 3 ]
    }, {
      "vertices" : [ 0, 3, 2 ]
    }, {
      "vertices" : [ 0, 2, 1 ]
    } ]
  }, {
    "id" : "276cfbf0-3c6c-4d50-83ed-7cbc061353bd",
    "vertices" : [ {
      "x" : 5.981424,
      "y" : 9.344814,
      "z" : -11.962848
    }, {
      "x" : 5.981424,
      "y" : 5.108746,
      "z" : -0.872678
    }, {
      "x" : 5.981424,
      "y" : -5.981424,
      "z" : 5.981424
    }, {
      "x" : 5.981424,
      "y" : -1.745356,
      "z" : -5.108746
    } ],
    "faces" : [ {
      "vertices" : [ 0, 1, 2 ]
    }, {
      "vertices" : [ 0, 2, 3 ]
    }, {
      "vertices" : [ 0, 3, 2 ]
    }, {
      "vertices" : [ 0, 2, 1 ]
    } ]
  }, {
    "id" : "8f85acdb-5b33-4081-ab98-7700ab085498",
    "vertices" : [ {
      "x" : -0.872678,
      "y" : -5.981424,
      "z" : -5.108746
    }, {
      "x" : -11.962848,
      "y" : -5.981424,
      "z" : -9.344814
    }, {
      "x" : -11.962848,
      "y" : -1.745356,
      "z" : -20.434984
    }, {
      "x" : -0.872678,
      "y" : -1.745356,
      "z" : -16.198915
    } ],
    "faces" : [ {
      "vertices" : [ 0, 1, 2 ]
    }, {
      "vertices" : [ 0, 2, 3 ]
    }, {
      "vertices" : [ 0, 3, 2 ]
    }, {
      "vertices" : [ 0, 2, 1 ]
    } ]
  }, {
    "id" : "7a7a57c5-b72d-4b68-94e7-947ccd51cf2d",
    "vertices" : [ {
      "x" : -5.108746,
      "y" : -5.981424,
      "z" : 1.745356
    }, {
      "x" : -16.198915,
      "y" : 0.872678,
      "z" : 1.745356
    }, {
      "x" : -23.053019,
      "y" : 0.872678,
      "z" : -9.344814
    }, {
      "x" : -11.962848,
      "y" : -5.981424,
      "z" : -9.344814
    } ],
    "faces" : [ {
      "vertices" : [ 0, 1, 2 ]
    }, {
      "vertices" : [ 0, 2, 3 ]
    }, {
      "vertices" : [ 0, 3, 2 ]
    }, {
      "vertices" : [ 0, 2, 1 ]
    } ]
  }, {
    "id" : "9405b35f-5f2c-4688-aef2-d1841c3eff24",
    "vertices" : [ {
      "x" : -16.198915,
      "y" : -1.745356,
      "z" : 8.599458
    }, {
      "x" : -20.434984,
      "y" : -8.599458,
      "z" : -2.490712
    }, {
      "x" : -9.344814,
      "y" : -12.8355255,
      "z" : -9.344814
    }, {
      "x" : -5.108746,
      "y" : -5.981424,
      "z" : 1.745356
    } ],
    "faces" : [ {
      "vertices" : [ 0, 1, 2 ]
    }, {
      "vertices" : [ 0, 2, 3 ]
    }, {
      "vertices" : [ 0, 3, 2 ]
    }, {
      "vertices" : [ 0, 2, 1 ]
    } ]
  }, {
    "id" : "783f6dc5-5169-477a-97db-be604d9d2832",
    "vertices" : [ {
      "x" : 8.599458,
      "y" : 16.198915,
      "z" : 1.745356
    }, {
      "x" : -2.490712,
      "y" : 20.434984,
      "z" : 8.599458
    }, {
      "x" : -9.344814,
      "y" : 9.344814,
      "z" : 12.8355255
    }, {
      "x" : 1.745356,
      "y" : 5.108746,
      "z" : 5.981424
    } ],
    "faces" : [ {
      "vertices" : [ 0, 1, 2 ]
    }, {
      "vertices" : [ 0, 2, 3 ]
    }, {
      "vertices" : [ 0, 3, 2 ]
    }, {
      "vertices" : [ 0, 2, 1 ]
    } ]
  }, {
    "id" : "5e7e478a-feba-4d88-8dd1-588ae5373bc7",
    "vertices" : [ {
      "x" : 12.8355255,
      "y" : 9.344814,
      "z" : -9.344814
    }, {
      "x" : 5.981424,
      "y" : -1.745356,
      "z" : -5.108746
    }, {
      "x" : 5.981424,
      "y" : -5.981424,
      "z" : 5.981424
    }, {
      "x" : 12.8355255,
      "y" : 5.108746,
      "z" : 1.745356
    } ],
    "faces" : [ {
      "vertices" : [ 0, 1, 2 ]
    }, {
      "vertices" : [ 0, 2, 3 ]
    }, {
      "vertices" : [ 0, 3, 2 ]
    }, {
      "vertices" : [ 0, 2, 1 ]
    } ]
  }, {
    "id" : "adcf477a-57f9-4b5d-9f56-36a3f94e5960",
    "vertices" : [ {
      "x" : 1.745356,
      "y" : -8.599458,
      "z" : -16.198915
    }, {
      "x" : 8.599458,
      "y" : 2.490712,
      "z" : -20.434984
    }, {
      "x" : 12.8355255,
      "y" : 9.344814,
      "z" : -9.344814
    }, {
      "x" : 5.981424,
      "y" : -1.745356,
      "z" : -5.108746
    } ],
    "faces" : [ {
      "vertices" : [ 0, 1, 2 ]
    }, {
      "vertices" : [ 0, 2, 3 ]
    }, {
      "vertices" : [ 0, 3, 2 ]
    }, {
      "vertices" : [ 0, 2, 1 ]
    } ]
  }, {
    "id" : "8d57f538-7d85-4bb9-a19a-c50dd0e515f9",
    "vertices" : [ {
      "x" : 0.9045085,
      "y" : 0.3454915,
      "z" : 0.25
    }, {
      "x" : -0.095491506,
      "y" : -0.27254248,
      "z" : 0.25
    }, {
      "x" : -0.2864745,
      "y" : 0.036474507,
      "z" : 0.25
    }, {
      "x" : 0.7135255,
      "y" : 0.6545085,
      "z" : 0.25
    }, {
      "x" : 0.809017,
      "y" : 0.5,
      "z" : -0.309017
    }, {
      "x" : 0.9635255,
      "y" : 0.25,
      "z" : -0.095491506
    }, {
      "x" : 0.309017,
      "y" : 0.19098301,
      "z" : 0.0
    }, {
      "x" : 0.309017,
      "y" : 0.19098301,
      "z" : 0.0
    }, {
      "x" : -0.3454915,
      "y" : 0.13196601,
      "z" : -0.095491506
    }, {
      "x" : -0.19098301,
      "y" : -0.11803399,
      "z" : -0.309017
    }, {
      "x" : 0.618034,
      "y" : 0.38196602,
      "z" : 0.0
    }, {
      "x" : 0.6545085,
      "y" : 0.75,
      "z" : -0.095491506
    }, {
      "x" : -0.036474507,
      "y" : -0.36803398,
      "z" : -0.095491506
    } ],
    "faces" : [ {
      "vertices" : [ 4, 11, 8 ]
    }, {
      "vertices" : [ 4, 8, 9 ]
    }, {
      "vertices" : [ 0, 1, 2 ]
    }, {
      "vertices" : [ 0, 2, 3 ]
    }, {
      "vertices" : [ 0, 3, 6 ]
    }, {
      "vertices" : [ 1, 7, 2 ]
    }, {
      "vertices" : [ 0, 6, 5 ]
    }, {
      "vertices" : [ 4, 5, 6 ]
    }, {
      "vertices" : [ 2, 7, 8 ]
    }, {
      "vertices" : [ 0, 5, 12 ]
    }, {
      "vertices" : [ 0, 12, 1 ]
    }, {
      "vertices" : [ 1, 12, 7 ]
    }, {
      "vertices" : [ 3, 11, 6 ]
    }, {
      "vertices" : [ 4, 6, 11 ]
    }, {
      "vertices" : [ 7, 9, 8 ]
    }, {
      "vertices" : [ 2, 8, 11 ]
    }, {
      "vertices" : [ 2, 11, 3 ]
    }, {
      "vertices" : [ 7, 12, 9 ]
    }, {
      "vertices" : [ 4, 9, 12 ]
    }, {
      "vertices" : [ 4, 12, 5 ]
    } ]
  }, {
    "id" : "bb03682a-26d4-429c-a2d6-1ff0630fe893",
    "vertices" : [ {
      "x" : 17.071594,
      "y" : 6.72678,
      "z" : -9.344814
    }, {
      "x" : 12.8355255,
      "y" : 5.108746,
      "z" : 1.745356
    }, {
      "x" : 11.217492,
      "y" : 16.198915,
      "z" : 5.981424
    }, {
      "x" : 15.45356,
      "y" : 17.81695,
      "z" : -5.108746
    } ],
    "faces" : [ {
      "vertices" : [ 0, 1, 2 ]
    }, {
      "vertices" : [ 0, 2, 3 ]
    }, {
      "vertices" : [ 0, 3, 2 ]
    }, {
      "vertices" : [ 0, 2, 1 ]
    } ]
  }, {
    "id" : "bb34fc94-b7aa-4068-88bb-7787fc2a2ce5",
    "vertices" : [ {
      "x" : 5.981424,
      "y" : -5.981424,
      "z" : 5.981424
    }, {
      "x" : 5.981424,
      "y" : 5.108746,
      "z" : -0.872678
    }, {
      "x" : 1.745356,
      "y" : 16.198915,
      "z" : -0.872678
    }, {
      "x" : 1.745356,
      "y" : 5.108746,
      "z" : 5.981424
    } ],
    "faces" : [ {
      "vertices" : [ 0, 1, 2 ]
    }, {
      "vertices" : [ 0, 2, 3 ]
    }, {
      "vertices" : [ 0, 3, 2 ]
    }, {
      "vertices" : [ 0, 2, 1 ]
    } ]
  }, {
    "id" : "6016b375-5888-48b2-88e0-9b90bc567cff",
    "vertices" : [ {
      "x" : 5.981424,
      "y" : -5.981424,
      "z" : 5.981424
    }, {
      "x" : -0.872678,
      "y" : -5.981424,
      "z" : -5.108746
    }, {
      "x" : -0.872678,
      "y" : -1.745356,
      "z" : -16.198915
    }, {
      "x" : 5.981424,
      "y" : -1.745356,
      "z" : -5.108746
    } ],
    "faces" : [ {
      "vertices" : [ 0, 1, 2 ]
    }, {
      "vertices" : [ 0, 2, 3 ]
    }, {
      "vertices" : [ 0, 3, 2 ]
    }, {
      "vertices" : [ 0, 2, 1 ]
    } ]
  }, {
    "id" : "73bed37d-d001-4f4e-84e2-e0d57853008d",
    "vertices" : [ {
      "x" : 1.745356,
      "y" : 5.108746,
      "z" : 5.981424
    }, {
      "x" : 1.745356,
      "y" : 16.198915,
      "z" : -0.872678
    }, {
      "x" : -9.344814,
      "y" : 23.053019,
      "z" : -0.872678
    }, {
      "x" : -9.344814,
      "y" : 11.962848,
      "z" : 5.981424
    } ],
    "faces" : [ {
      "vertices" : [ 0, 1, 2 ]
    }, {
      "vertices" : [ 0, 2, 3 ]
    }, {
      "vertices" : [ 0, 3, 2 ]
    }, {
      "vertices" : [ 0, 2, 1 ]
    } ]
  }, {
    "id" : "3538f3a0-8869-428c-89a4-877f4f7e48e1",
    "vertices" : [ {
      "x" : -5.108746,
      "y" : 0.872678,
      "z" : 5.981424
    }, {
      "x" : -9.344814,
      "y" : 11.962848,
      "z" : 5.981424
    }, {
      "x" : -20.434984,
      "y" : 11.962848,
      "z" : 1.745356
    }, {
      "x" : -16.198915,
      "y" : 0.872678,
      "z" : 1.745356
    } ],
    "faces" : [ {
      "vertices" : [ 0, 1, 2 ]
    }, {
      "vertices" : [ 0, 2, 3 ]
    }, {
      "vertices" : [ 0, 3, 2 ]
    }, {
      "vertices" : [ 0, 2, 1 ]
    } ]
  }, {
    "id" : "6438e6b6-df27-4e31-a35b-8be02768bf2e",
    "vertices" : [ {
      "x" : 9.678147,
      "y" : 0.0,
      "z" : -3.6967232
    }, {
      "x" : 9.36913,
      "y" : 0.0,
      "z" : -3.5786893
    }, {
      "x" : 8.964622,
      "y" : -0.1545085,
      "z" : -3.1377063
    }, {
      "x" : 8.773639,
      "y" : -0.1545085,
      "z" : -3.6377063
    }, {
      "x" : 0.9045085,
      "y" : -0.1545085,
      "z" : -0.059016995
    }, {
      "x" : 0.809017,
      "y" : 0.309017,
      "z" : -0.309017
    }, {
      "x" : 0.309017,
      "y" : 0.0,
      "z" : -0.11803399
    }, {
      "x" : 8.86913,
