{
  "field" : "golden",
  "symmetry" : "icosahedral",
  "orientations" : [ [ 1.0, 0.0, 0.0, 0.0, 0.0, 1.0, 0.0, 0.0, 0.0, 0.0, 1.0, 0.0, 0.0, 0.0, 0.0, 1.0 ], [ 0.0, 0.0, 1.0, 0.0, 1.0, 0.0, 0.0, 0.0, 0.0, 1.0, 0.0, 0.0, 0.0, 0.0, 0.0, 1.0 ], [ 0.0, 1.0, 0.0, 0.0, 0.0, 0.0, 1.0, 0.0, 1.0, 0.0, 0.0, 0.0, 0.0, 0.0, 0.0, 1.0 ], [ 0.809017, 0.309017, 0.5, 0.0, 0.309017, 0.5, -0.809017, 0.0, -0.5, 0.809017, 0.309017, 0.0, 0.0, 0.0, 0.0, 1.0 ], [ -0.5, 0.809017, 0.309017, 0.0, 0.809017, 0.309017, 0.5, 0.0, 0.309017, 0.5, -0.809017, 0.0, 0.0, 0.0, 0.0, 1.0 ], [ 0.309017, 0.5, -0.809017, 0.0, -0.5, 0.809017, 0.309017, 0.0, 0.809017, 0.309017, 0.5, 0.0, 0.0, 0.0, 0.0, 1.0 ], [ 0.5, 0.809017, 0.309017, 0.0, 0.809017, -0.309017, -0.5, 0.0, -0.309017, 0.5, -0.809017, 0.0, 0.0, 0.0, 0.0, 1.0 ], [ -0.309017, 0.5, -0.809017, 0.0, 0.5, 0.809017, 0.309017, 0.0, 0.809017, -0.309017, -0.5, 0.0, 0.0, 0.0, 0.0, 1.0 ], [ 0.809017, -0.309017, -0.5, 0.0, -0.309017, 0.5, -0.809017, 0.0, 0.5, 0.809017, 0.309017, 0.0, 0.0, 0.0, 0.0, 1.0 ], [ 0.5, 0.809017, -0.309017, 0.0, 0.809017, -0.309017, 0.5, 0.0, 0.309017, -0.5, -0.809017, 0.0, 0.0, 0.0, 0.0, 1.0 ], [ 0.309017, -0.5, -0.809017, 0.0, 0.5, 0.809017, -0.309017, 0.0, 0.809017, -0.309017, 0.5, 0.0, 0.0, 0.0, 0.0, 1.0 ], [ 0.809017, -0.309017, 0.5, 0.0, 0.309017, -0.5, -0.809017, 0.0, 0.5, 0.809017, -0.309017, 0.0, 0.0, 0.0, 0.0, 1.0 ], [ 0.809017, 0.309017, -0.5, 0.0, 0.309017, 0.5, 0.809017, 0.0, 0.5, -0.809017, 0.309017, 0.0, 0.0, 0.0, 0.0, 1.0 ], [ 0.5, -0.809017, 0.309017, 0.0, 0.809017, 0.309017, -0.5, 0.0, 0.309017, 0.5, 0.809017, 0.0, 0.0, 0.0, 0.0, 1.0 ], [ 0.309017, 0.5, 0.809017, 0.0, 0.5, -0.809017, 0.309017, 0.0, 0.809017, 0.309017, -0.5, 0.0, 0.0, 0.0, 0.0, 1.0 ], [ 1.0, 0.0, 0.0, 0.0, 0.0, -1.0, 0.0, 0.0, 0.0, 0.0, -1.0, 0.0, 0.0, 0.0, 0.0, 1.0 ], [ 0.0, 0.0, 1.0, 0.0, -1.0, 0.0, 0.0, 0.0, 0.0, -1.0, 0.0, 0.0, 0.0, 0.0, 0.0, 1.0 ], [ 0.0, 1.0, 0.0, 0.0, 0.0, 0.0, -1.0, 0.0, -1.0, 0.0, 0.0, 0.0, 0.0, 0.0, 0.0, 1.0 ], [ 0.809017, 0.309017, 0.5, 0.0, -0.309017, -0.5, 0.809017, 0.0, 0.5, -0.809017, -0.309017, 0.0, 0.0, 0.0, 0.0, 1.0 ], [ -0.5, 0.809017, 0.309017, 0.0, -0.809017, -0.309017, -0.5, 0.0, -0.309017, -0.5, 0.809017, 0.0, 0.0, 0.0, 0.0, 1.0 ], [ 0.309017, 0.5, -0.809017, 0.0, 0.5, -0.809017, -0.309017, 0.0, -0.809017, -0.309017, -0.5, 0.0, 0.0, 0.0, 0.0, 1.0 ], [ 0.5, 0.809017, 0.309017, 0.0, -0.809017, 0.309017, 0.5, 0.0, 0.309017, -0.5, 0.809017, 0.0, 0.0, 0.0, 0.0, 1.0 ], [ -0.309017, 0.5, -0.809017, 0.0, -0.5, -0.809017, -0.309017, 0.0, -0.809017, 0.309017, 0.5, 0.0, 0.0, 0.0, 0.0, 1.0 ], [ 0.809017, -0.309017, -0.5, 0.0, 0.309017, -0.5, 0.809017, 0.0, -0.5, -0.809017, -0.309017, 0.0, 0.0, 0.0, 0.0, 1.0 ], [ 0.5, 0.809017, -0.309017, 0.0, -0.809017, 0.309017, -0.5, 0.0, -0.309017, 0.5, 0.809017, 0.0, 0.0, 0.0, 0.0, 1.0 ], [ 0.309017, -0.5, -0.809017, 0.0, -0.5, -0.809017, 0.309017, 0.0, -0.809017, 0.309017, -0.5, 0.0, 0.0, 0.0, 0.0, 1.0 ], [ 0.809017, -0.309017, 0.5, 0.0, -0.309017, 0.5, 0.809017, 0.0, -0.5, -0.809017, 0.309017, 0.0, 0.0, 0.0, 0.0, 1.0 ], [ 0.809017, 0.309017, -0.5, 0.0, -0.309017, -0.5, -0.809017, 0.0, -0.5, 0.809017, -0.309017, 0.0, 0.0, 0.0, 0.0, 1.0 ], [ 0.5, -0.809017, 0.309017, 0.0, -0.809017, -0.309017, 0.5, 0.0, -0.309017, -0.5, -0.809017, 0.0, 0.0, 0.0, 0.0, 1.0 ], [ 0.309017, 0.5, 0.809017, 0.0, -0.5, 0.809017, -0.309017, 0.0, -0.809017, -0.309017, 0.5, 0.0, 0.0, 0.0, 0.0, 1.0 ], [ -1.0, 0.0, 0.0, 0.0, 0.0, -1.0, 0.0, 0.0, 0.0, 0.0, 1.0, 0.0, 0.0, 0.0, 0.0, 1.0 ], [ 0.0, 0.0, -1.0, 0.0, -1.0, 0.0, 0.0, 0.0, 0.0, 1.0, 0.0, 0.0, 0.0, 0.0, 0.0, 1.0 ], [ 0.0, -1.0, 0.0, 0.0, 0.0, 0.0, -1.0, 0.0, 1.0, 0.0, 0.0, 0.0, 0.0, 0.0, 0.0, 1.0 ], [ -0.809017, -0.309017, -0.5, 0.0, -0.309017, -0.5, 0.809017, 0.0, -0.5, 0.809017, 0.309017, 0.0, 0.0, 0.0, 0.0, 1.0 ], [ 0.5, -0.809017, -0.309017, 0.0, -0.809017, -0.309017, -0.5, 0.0, 0.309017, 0.5, -0.809017, 0.0, 0.0, 0.0, 0.0, 1.0 ], [ -0.309017, -0.5, 0.809017, 0.0, 0.5, -0.809017, -0.309017, 0.0, 0.809017, 0.309017, 0.5, 0.0, 0.0, 0.0, 0.0, 1.0 ], [ -0.5, -0.809017, -0.309017, 0.0, -0.809017, 0.309017, 0.5, 0.0, -0.309017, 0.5, -0.809017, 0.0, 0.0, 0.0, 0.0, 1.0 ], [ 0.309017, -0.5, 0.809017, 0.0, -0.5, -0.809017, -0.309017, 0.0, 0.809017, -0.309017, -0.5, 0.0, 0.0, 0.0, 0.0, 1.0 ], [ -0.809017, 0.309017, 0.5, 0.0, 0.309017, -0.5, 0.809017, 0.0, 0.5, 0.809017, 0.309017, 0.0, 0.0, 0.0, 0.0, 1.0 ], [ -0.5, -0.809017, 0.309017, 0.0, -0.809017, 0.309017, -0.5, 0.0, 0.309017, -0.5, -0.809017, 0.0, 0.0, 0.0, 0.0, 1.0 ], [ -0.309017, 0.5, 0.809017, 0.0, -0.5, -0.809017, 0.309017, 0.0, 0.809017, -0.309017, 0.5, 0.0, 0.0, 0.0, 0.0, 1.0 ], [ -0.809017, 0.309017, -0.5, 0.0, -0.309017, 0.5, 0.809017, 0.0, 0.5, 0.809017, -0.309017, 0.0, 0.0, 0.0, 0.0, 1.0 ], [ -0.809017, -0.309017, 0.5, 0.0, -0.309017, -0.5, -0.809017, 0.0, 0.5, -0.809017, 0.309017, 0.0, 0.0, 0.0, 0.0, 1.0 ], [ -0.5, 0.809017, -0.309017, 0.0, -0.809017, -0.309017, 0.5, 0.0, 0.309017, 0.5, 0.809017, 0.0, 0.0, 0.0, 0.0, 1.0 ], [ -0.309017, -0.5, -0.809017, 0.0, -0.5, 0.809017, -0.309017, 0.0, 0.809017, 0.309017, -0.5, 0.0, 0.0, 0.0, 0.0, 1.0 ], [ -1.0, 0.0, 0.0, 0.0, 0.0, 1.0, 0.0, 0.0, 0.0, 0.0, -1.0, 0.0, 0.0, 0.0, 0.0, 1.0 ], [ 0.0, 0.0, -1.0, 0.0, 1.0, 0.0, 0.0, 0.0, 0.0, -1.0, 0.0, 0.0, 0.0, 0.0, 0.0, 1.0 ], [ 0.0, -1.0, 0.0, 0.0, 0.0, 0.0, 1.0, 0.0, -1.0, 0.0, 0.0, 0.0, 0.0, 0.0, 0.0, 1.0 ], [ -0.809017, -0.309017, -0.5, 0.0, 0.309017, 0.5, -0.809017, 0.0, 0.5, -0.809017, -0.309017, 0.0, 0.0, 0.0, 0.0, 1.0 ], [ 0.5, -0.809017, -0.309017, 0.0, 0.809017, 0.309017, 0.5, 0.0, -0.309017, -0.5, 0.809017, 0.0, 0.0, 0.0, 0.0, 1.0 ], [ -0.309017, -0.5, 0.809017, 0.0, -0.5, 0.809017, 0.309017, 0.0, -0.809017, -0.309017, -0.5, 0.0, 0.0, 0.0, 0.0, 1.0 ], [ -0.5, -0.809017, -0.309017, 0.0, 0.809017, -0.309017, -0.5, 0.0, 0.309017, -0.5, 0.809017, 0.0, 0.0, 0.0, 0.0, 1.0 ], [ 0.309017, -0.5, 0.809017, 0.0, 0.5, 0.809017, 0.309017, 0.0, -0.809017, 0.309017, 0.5, 0.0, 0.0, 0.0, 0.0, 1.0 ], [ -0.809017, 0.309017, 0.5, 0.0, -0.309017, 0.5, -0.809017, 0.0, -0.5, -0.809017, -0.309017, 0.0, 0.0, 0.0, 0.0, 1.0 ], [ -0.5, -0.809017, 0.309017, 0.0, 0.809017, -0.309017, 0.5, 0.0, -0.309017, 0.5, 0.809017, 0.0, 0.0, 0.0, 0.0, 1.0 ], [ -0.309017, 0.5, 0.809017, 0.0, 0.5, 0.809017, -0.309017, 0.0, -0.809017, 0.309017, -0.5, 0.0, 0.0, 0.0, 0.0, 1.0 ], [ -0.809017, 0.309017, -0.5, 0.0, 0.309017, -0.5, -0.809017, 0.0, -0.5, -0.809017, 0.309017, 0.0, 0.0, 0.0, 0.0, 1.0 ], [ -0.809017, -0.309017, 0.5, 0.0, 0.309017, 0.5, 0.809017, 0.0, -0.5, 0.809017, -0.309017, 0.0, 0.0, 0.0, 0.0, 1.0 ], [ -0.5, 0.809017, -0.309017, 0.0, 0.809017, 0.309017, -0.5, 0.0, -0.309017, -0.5, -0.809017, 0.0, 0.0, 0.0, 0.0, 1.0 ], [ -0.309017, -0.5, -0.809017, 0.0, 0.5, -0.809017, 0.309017, 0.0, -0.809017, -0.309017, 0.5, 0.0, 0.0, 0.0, 0.0, 1.0 ] ],
  "lights" : {
    "ambientColor" : "#292929",
    "backgroundColor" : "#B4C9DC",
    "directionalLights" : [ {
      "direction" : {
        "x" : 1.0,
        "y" : -1.0,
        "z" : -1.0
      },
      "color" : "#EBEBE4"
    }, {
      "direction" : {
        "x" : -1.0,
        "y" : 0.0,
        "z" : 0.0
      },
      "color" : "#E4E4EB"
    }, {
      "direction" : {
        "x" : 0.0,
        "y" : 0.0,
        "z" : -1.0
      },
      "color" : "#1E1E1E"
    } ]
  },
  "camera" : {
    "lookDirection" : {
      "x" : 0.89170265,
      "y" : -0.17334415,
      "z" : -0.4181191
    },
    "upDirection" : {
      "x" : -0.42822522,
      "y" : -0.023874493,
      "z" : -0.9033557
    },
    "lookAtPoint" : {
      "x" : 0.0,
      "y" : 0.0,
      "z" : 0.0
    },
    "viewDistance" : 237.19424,
    "nearClipDistance" : 0.59298575,
    "farClipDistance" : 474.3885,
    "fieldOfView" : 0.4426289,
    "perspective" : false,
    "width" : 106.73741,
    "stereo" : false,
    "position" : {
      "x" : -211.50673,
      "y" : 41.116234,
      "z" : 99.175446
    }
  },
  "embedding" : [ 1.0, 0.0, 0.0, 0.0, 0.0, 1.0, 0.0, 0.0, 0.0, 0.0, 1.0, 0.0, 0.0, 0.0, 0.0, 1.0 ],
  "shapes" : [ {
    "id" : "f551a55e-0478-4674-84a6-fd54ad257402",
    "vertices" : [ {
      "x" : 36.579525,
      "y" : 13.972136,
      "z" : -5.336881
    }, {
      "x" : 36.19756,
      "y" : 13.5172205,
      "z" : -5.145898
    }, {
      "x" : 36.034443,
      "y" : 13.781153,
      "z" : -5.572949
    }, {
      "x" : 35.961494,
      "y" : 14.045085,
      "z" : -5.381966
    }, {
      "x" : 0.85410196,
      "y" : 0.309017,
      "z" : 0.19098301
    }, {
      "x" : 0.690983,
      "y" : 0.572949,
      "z" : -0.23606798
    }, {
      "x" : 0.309017,
      "y" : 0.11803399,
      "z" : -0.045084972
    }, {
      "x" : 0.76393205,
      "y" : 0.309017,
      "z" : -0.42705098
    }, {
      "x" : 0.927051,
      "y" : 0.045084972,
      "z" : 0.0
    }, {
      "x" : 36.12461,
      "y" : 13.781153,
      "z" : -4.954915
    }, {
      "x" : 36.888542,
      "y" : 14.09017,
      "z" : -5.381966
    } ],
    "faces" : [ {
      "vertices" : [ 2, 7, 5 ]
    }, {
      "vertices" : [ 2, 5, 3 ]
    }, {
      "vertices" : [ 1, 8, 7 ]
    }, {
      "vertices" : [ 1, 7, 2 ]
    }, {
      "vertices" : [ 4, 6, 8 ]
    }, {
      "vertices" : [ 5, 7, 6 ]
    }, {
      "vertices" : [ 0, 1, 2 ]
    }, {
      "vertices" : [ 0, 2, 3 ]
    }, {
      "vertices" : [ 6, 7, 8 ]
    }, {
      "vertices" : [ 3, 5, 4 ]
    }, {
      "vertices" : [ 3, 4, 9 ]
    }, {
      "vertices" : [ 1, 9, 4 ]
    }, {
      "vertices" : [ 1, 4, 8 ]
    }, {
      "vertices" : [ 0, 9, 1 ]
    }, {
      "vertices" : [ 0, 3, 9 ]
    }, {
      "vertices" : [ 4, 5, 6 ]
    } ]
  }, {
    "id" : "609dd801-229c-4fe1-bf82-1ea2de5b7b15",
    "vertices" : [ {
      "x" : 1.0,
      "y" : 0.309017,
      "z" : 0.19098301
    }, {
      "x" : 1.0,
      "y" : -0.309017,
      "z" : 0.19098301
    }, {
      "x" : 7.472136,
      "y" : -0.309017,
      "z" : 0.19098301
    }, {
      "x" : 7.472136,
      "y" : 0.309017,
      "z" : 0.19098301
    }, {
      "x" : 7.472136,
      "y" : -0.309017,
      "z" : -0.19098301
    }, {
      "x" : 7.472136,
      "y" : 0.309017,
      "z" : -0.19098301
    }, {
      "x" : 8.09017,
      "y" : 0.0,
      "z" : 0.0
    }, {
      "x" : 0.38196602,
      "y" : 0.0,
      "z" : 0.0
    }, {
      "x" : 1.0,
      "y" : 0.309017,
      "z" : -0.19098301
    }, {
      "x" : 1.0,
      "y" : -0.309017,
      "z" : -0.19098301
    }, {
      "x" : 8.472136,
      "y" : 0.0,
      "z" : 0.0
    } ],
    "faces" : [ {
      "vertices" : [ 1, 9, 4 ]
    }, {
      "vertices" : [ 1, 4, 2 ]
    }, {
      "vertices" : [ 0, 3, 5 ]
    }, {
      "vertices" : [ 0, 5, 8 ]
    }, {
      "vertices" : [ 1, 7, 9 ]
    }, {
      "vertices" : [ 0, 1, 2 ]
    }, {
      "vertices" : [ 0, 2, 3 ]
    }, {
      "vertices" : [ 7, 8, 9 ]
    }, {
      "vertices" : [ 0, 7, 1 ]
    }, {
      "vertices" : [ 4, 9, 8 ]
    }, {
      "vertices" : [ 4, 8, 5 ]
    }, {
      "vertices" : [ 2, 6, 3 ]
    }, {
      "vertices" : [ 2, 4, 6 ]
    }, {
      "vertices" : [ 3, 6, 5 ]
    }, {
      "vertices" : [ 4, 5, 6 ]
    }, {
      "vertices" : [ 0, 8, 7 ]
    } ]
  }, {
    "id" : "015d7453-0565-419e-a2b0-cb0a1af884b4",
    "vertices" : [ {
      "x" : 1.0,
      "y" : 0.309017,
      "z" : 0.19098301
    }, {
      "x" : 1.0,
      "y" : -0.309017,
      "z" : 0.19098301
    }, {
      "x" : 12.708204,
      "y" : -0.309017,
      "z" : 0.19098301
    }, {
      "x" : 12.708204,
      "y" : 0.309017,
      "z" : 0.19098301
    }, {
      "x" : 12.708204,
      "y" : -0.309017,
      "z" : -0.19098301
    }, {
      "x" : 12.708204,
      "y" : 0.309017,
      "z" : -0.19098301
    }, {
      "x" : 13.326238,
      "y" : 0.0,
      "z" : 0.0
    }, {
      "x" : 0.38196602,
      "y" : 0.0,
      "z" : 0.0
    }, {
      "x" : 1.0,
      "y" : 0.309017,
      "z" : -0.19098301
    }, {
      "x" : 1.0,
      "y" : -0.309017,
      "z" : -0.19098301
    }, {
      "x" : 13.708204,
      "y" : 0.0,
      "z" : 0.0
    } ],
    "faces" : [ {
      "vertices" : [ 1, 9, 4 ]
    }, {
      "vertices" : [ 1, 4, 2 ]
    }, {
      "vertices" : [ 0, 3, 5 ]
    }, {
      "vertices" : [ 0, 5, 8 ]
    }, {
      "vertices" : [ 1, 7, 9 ]
    }, {
      "vertices" : [ 0, 1, 2 ]
    }, {
      "vertices" : [ 0, 2, 3 ]
    }, {
      "vertices" : [ 7, 8, 9 ]
    }, {
      "vertices" : [ 0, 7, 1 ]
    }, {
      "vertices" : [ 4, 9, 8 ]
    }, {
      "vertices" : [ 4, 8, 5 ]
    }, {
      "vertices" : [ 2, 6, 3 ]
    }, {
      "vertices" : [ 2, 4, 6 ]
    }, {
      "vertices" : [ 3, 6, 5 ]
    }, {
      "vertices" : [ 4, 5, 6 ]
    }, {
      "vertices" : [ 0, 8, 7 ]
    } ]
  }, {
    "id" : "bd0f7b7e-b683-496f-8c62-6ab3870f33e3",
    "vertices" : [ {
      "x" : -0.309017,
      "y" : -0.19098301,
      "z" : 0.0
    }, {
      "x" : -0.309017,
      "y" : 0.19098301,
      "z" : 0.0
    }, {
      "x" : -0.19098301,
      "y" : 0.0,
      "z" : -0.309017
    }, {
      "x" : -0.19098301,
      "y" : 0.0,
      "z" : 0.309017
    }, {
      "x" : 0.0,
      "y" : -0.309017,
      "z" : -0.19098301
    }, {
      "x" : 0.0,
      "y" : -0.309017,
      "z" : 0.19098301
    }, {
      "x" : 0.0,
      "y" : 0.309017,
      "z" : -0.19098301
    }, {
      "x" : 0.0,
      "y" : 0.309017,
      "z" : 0.19098301
    }, {
      "x" : 0.19098301,
      "y" : 0.0,
      "z" : -0.309017
    }, {
      "x" : 0.19098301,
      "y" : 0.0,
      "z" : 0.309017
    }, {
      "x" : 0.309017,
      "y" : -0.19098301,
      "z" : 0.0
    }, {
      "x" : 0.309017,
      "y" : 0.19098301,
      "z" : 0.0
    } ],
    "faces" : [ {
      "vertices" : [ 0, 1, 2 ]
    }, {
      "vertices" : [ 0, 3, 1 ]
    }, {
      "vertices" : [ 0, 2, 4 ]
    }, {
      "vertices" : [ 0, 5, 3 ]
    }, {
      "vertices" : [ 0, 4, 5 ]
    }, {
      "vertices" : [ 1, 6, 2 ]
    }, {
      "vertices" : [ 1, 3, 7 ]
    }, {
      "vertices" : [ 1, 7, 6 ]
    }, {
      "vertices" : [ 2, 8, 4 ]
    }, {
      "vertices" : [ 2, 6, 8 ]
    }, {
      "vertices" : [ 3, 5, 9 ]
    }, {
      "vertices" : [ 3, 9, 7 ]
    }, {
      "vertices" : [ 4, 10, 5 ]
    }, {
      "vertices" : [ 4, 8, 10 ]
    }, {
      "vertices" : [ 5, 10, 9 ]
    }, {
      "vertices" : [ 6, 7, 11 ]
    }, {
      "vertices" : [ 6, 11, 8 ]
    }, {
      "vertices" : [ 7, 9, 11 ]
    }, {
      "vertices" : [ 8, 11, 10 ]
    }, {
      "vertices" : [ 9, 10, 11 ]
    } ]
  }, {
    "id" : "1938f1ae-d7fd-451c-b4ac-03125485a1ad",
    "vertices" : [ {
      "x" : -1.618034,
      "y" : 23.798374,
      "z" : -23.798374
    }, {
      "x" : 11.09017,
      "y" : -3.236068,
      "z" : -31.652475
    }, {
      "x" : -6.854102,
      "y" : -25.798374,
      "z" : -20.562305
    }, {
      "x" : -30.652475,
      "y" : -12.708204,
      "z" : -5.854102
    }, {
      "x" : -27.416409,
      "y" : 17.944271,
      "z" : -7.854102
    } ],
    "faces" : [ {
      "vertices" : [ 0, 1, 2 ]
    }, {
      "vertices" : [ 0, 2, 3 ]
    }, {
      "vertices" : [ 0, 3, 4 ]
    }, {
      "vertices" : [ 0, 4, 3 ]
    }, {
      "vertices" : [ 0, 3, 2 ]
    }, {
      "vertices" : [ 0, 2, 1 ]
    } ]
  } ],
  "instances" : [ {
    "shape" : "f551a55e-0478-4674-84a6-fd54ad257402",
    "color" : "#FFCC33",
    "position" : {
      "x" : 6.854102,
      "y" : -1.618034,
      "z" : -29.034441
    },
    "orientation" : 44
  }, {
    "shape" : "609dd801-229c-4fe1-bf82-1ea2de5b7b15",
    "color" : "#CCCCCC",
    "position" : {
      "x" : 6.854102,
      "y" : -6.854102,
      "z" : 6.854102
    },
    "orientation" : 38
  }, {
    "shape" : "015d7453-0565-419e-a2b0-cb0a1af884b4",
    "color" : "#CCCCCC",
    "position" : {
      "x" : 6.854102,
      "y" : -6.854102,
      "z" : 6.854102
    },
    "orientation" : 53
  }, {
    "shape" : "bd0f7b7e-b683-496f-8c62-6ab3870f33e3",
    "color" : "#FFCC33",
    "position" : {
      "x" : 7.236068,
      "y" : 7.0,
      "z" : -7.854102
    }
  }, {
    "shape" : "bd0f7b7e-b683-496f-8c62-6ab3870f33e3",
    "color" : "#FFCC33",
    "position" : {
      "x" : -5.09017,
      "y" : -11.708204,
      "z" : -0.23606798
    }
  }, {
    "shape" : "f551a55e-0478-4674-84a6-fd54ad257402",
    "color" : "#FFCC33",
    "position" : {
      "x" : 6.854102,
      "y" : 20.562305,
      "z" : 20.562305
    },
    "orientation" : 22
  }, {
    "shape" : "015d7453-0565-419e-a2b0-cb0a1af884b4",
    "color" : "#CCCCCC",
    "position" : {
      "x" : -6.854102,
      "y" : -6.854102,
      "z" : 6.854102
    },
    "orientation" : 47
  }, {
    "shape" : "f551a55e-0478-4674-84a6-fd54ad257402",
    "color" : "#FFCC33",
    "position" : {
      "x" : -24.798374,
      "y" : 13.708204,
      "z" : -9.472136
    },
    "orientation" : 15
  }, {
    "shape" : "015d7453-0565-419e-a2b0-cb0a1af884b4",
    "color" : "#CCCCCC",
    "position" : {
      "x" : 0.0,
      "y" : 4.236068,
      "z" : -11.09017
    },
    "orientation" : 21
  }, {
    "shape" : "1938f1ae-d7fd-451c-b4ac-03125485a1ad",
    "color" : "#FFFFFF",
    "position" : {
      "x" : 0.0,
      "y" : 0.0,
      "z" : 0.0
    }
  }, {
    "shape" : "f551a55e-0478-4674-84a6-fd54ad257402",
    "color" : "#FFCC33",
    "position" : {
      "x" : -6.854102,
      "y" : -20.562305,
      "z" : -20.562305
    },
    "orientation" : 7
  }, {
    "shape" : "609dd801-229c-4fe1-bf82-1ea2de5b7b15",
    "color" : "#CCCCCC",
    "position" : {
      "x" : 0.0,
      "y" : 4.236068,
      "z" : 11.09017
    },
    "orientation" : 23
  }, {
    "shape" : "609dd801-229c-4fe1-bf82-1ea2de5b7b15",
    "color" : "#CCCCCC",
    "position" : {
      "x" : 0.0,
      "y" : -4.236068,
      "z" : 11.09017
    },
    "orientation" : 1
  }, {
    "shape" : "015d7453-0565-419e-a2b0-cb0a1af884b4",
    "color" : "#CCCCCC",
    "position" : {
      "x" : 11.09017,
      "y" : 0.0,
      "z" : -4.236068
    },
    "orientation" : 7
  }, {
    "shape" : "015d7453-0565-419e-a2b0-cb0a1af884b4",
    "color" : "#CCCCCC",
    "position" : {
      "x" : -11.09017,
      "y" : 0.0,
      "z" : -4.236068
    },
    "orientation" : 9
  }, {
    "shape" : "bd0f7b7e-b683-496f-8c62-6ab3870f33e3",
    "color" : "#FFCC33",
    "position" : {
      "x" : 26.416409,
      "y" : 11.09017,
      "z" : 8.472136
    }
  }, {
    "shape" : "015d7453-0565-419e-a2b0-cb0a1af884b4",
    "color" : "#CCCCCC",
    "position" : {
      "x" : -6.854102,
      "y" : 6.854102,
      "z" : 6.854102
    },
    "orientation" : 21
  }, {
    "shape" : "015d7453-0565-419e-a2b0-cb0a1af884b4",
    "color" : "#CCCCCC",
    "position" : {
      "x" : 4.236068,
      "y" : -11.09017,
      "z" : 0.0
    },
    "orientation" : 9
  }, {
    "shape" : "015d7453-0565-419e-a2b0-cb0a1af884b4",
    "color" : "#CCCCCC",
    "position" : {
      "x" : -6.854102,
      "y" : 6.854102,
      "z" : -6.854102
    },
    "orientation" : 0
  }, {
    "shape" : "015d7453-0565-419e-a2b0-cb0a1af884b4",
    "color" : "#CCCCCC",
    "position" : {
      "x" : 11.09017,
      "y" : 0.0,
      "z" : 4.236068
    },
    "orientation" : 22
  }, {
    "shape" : "bd0f7b7e-b683-496f-8c62-6ab3870f33e3",
    "color" : "#FFCC33",
    "position" : {
      "x" : 4.472136,
      "y" : -11.944272,
      "z" : 0.618034
    }
  }, {
    "shape" : "609dd801-229c-4fe1-bf82-1ea2de5b7b15",
    "color" : "#CCCCCC",
    "position" : {
      "x" : -4.236068,
      "y" : 11.09017,
      "z" : 0.0
    },
    "orientation" : 40
  }, {
    "shape" : "f551a55e-0478-4674-84a6-fd54ad257402",
    "color" : "#FFCC33",
    "position" : {
      "x" : 26.416409,
      "y" : 11.09017,
      "z" : 8.472136
    },
    "orientation" : 33
  }, {
    "shape" : "015d7453-0565-419e-a2b0-cb0a1af884b4",
    "color" : "#CCCCCC",
    "position" : {
      "x" : -6.854102,
      "y" : -6.854102,
      "z" : 6.854102
    },
    "orientation" : 0
  }, {
    "shape" : "bd0f7b7e-b683-496f-8c62-6ab3870f33e3",
    "color" : "#FFCC33",
    "position" : {
      "x" : -6.854102,
      "y" : 7.618034,
      "z" : 7.618034
    }
  }, {
    "shape" : "bd0f7b7e-b683-496f-8c62-6ab3870f33e3",
    "color" : "#FFCC33",
    "position" : {
      "x" : -4.472136,
      "y" : 11.944272,
      "z" : -0.618034
    }
  }, {
    "shape" : "015d7453-0565-419e-a2b0-cb0a1af884b4",
    "color" : "#CCCCCC",
    "position" : {
      "x" : 11.09017,
      "y" : 0.0,
      "z" : -4.236068
    },
    "orientation" : 56
  }, {
    "shape" : "bd0f7b7e-b683-496f-8c62-6ab3870f33e3",
    "color" : "#FFCC33",
    "position" : {
      "x" : 4.236068,
      "y" : -19.562305,
      "z" : 22.18034
    }
  }, {
    "shape" : "609dd801-229c-4fe1-bf82-1ea2de5b7b15",
    "color" : "#CCCCCC",
    "position" : {
      "x" : -11.09017,
      "y" : 0.0,
      "z" : -4.236068
    },
    "orientation" : 24
  }, {
    "shape" : "015d7453-0565-419e-a2b0-cb0a1af884b4",
    "color" : "#CCCCCC",
    "position" : {
      "x" : 4.236068,
      "y" : 11.09017,
      "z" : 0.0
    },
    "orientation" : 53
  }, {
    "shape" : "609dd801-229c-4fe1-bf82-1ea2de5b7b15",
    "color" : "#CCCCCC",
    "position" : {
      "x" : -6.854102,
      "y" : -6.854102,
      "z" : -6.854102
    },
    "orientation" : 23
  }, {
    "shape" : "609dd801-229c-4fe1-bf82-1ea2de5b7b15",
    "color" : "#CCCCCC",
    "position" : {
      "x" : 4.236068,
      "y" : 11.09017,
      "z" : 0.0
    },
    "orientation" : 45
  }, {
    "shape" : "bd0f7b7e-b683-496f-8c62-6ab3870f33e3",
    "color" : "#FFCC33",
    "position" : {
      "x" : 24.798374,
      "y" : -13.708204,
      "z" : 9.472136
    }
  }, {
    "shape" : "015d7453-0565-419e-a2b0-cb0a1af884b4",
    "color" : "#CCCCCC",
    "position" : {
      "x" : -6.854102,
      "y" : -6.854102,
      "z" : -6.854102
    },
    "orientation" : 7
  }, {
    "shape" : "609dd801-229c-4fe1-bf82-1ea2de5b7b15",
    "color" : "#CCCCCC",
    "position" : {
      "x" : 11.09017,
      "y" : 0.0,
      "z" : -4.236068
    },
    "orientation" : 54
  }, {
    "shape" : "f551a55e-0478-4674-84a6-fd54ad257402",
    "color" : "#FFCC33",
    "position" : {
      "x" : 4.236068,
      "y" : -19.562305,
      "z" : 22.18034
    },
    "orientation" : 55
  }, {
    "shape" : "015d7453-0565-419e-a2b0-cb0a1af884b4",
    "color" : "#CCCCCC",
    "position" : {
      "x" : 4.236068,
      "y" : 11.09017,
      "z" : 0.0
    },
    "orientation" : 40
  }, {
    "shape" : "015d7453-0565-419e-a2b0-cb0a1af884b4",
    "color" : "#CCCCCC",
    "position" : {
      "x" : 6.854102,
      "y" : 6.854102,
      "z" : 6.854102
    },
    "orientation" : 47
  }, {
    "shape" : "609dd801-229c-4fe1-bf82-1ea2de5b7b15",
    "color" : "#CCCCCC",
    "position" : {
      "x" : 4.236068,
      "y" : -11.09017,
      "z" : 0.0
    },
    "orientation" : 52
  }, {
    "shape" : "f551a55e-0478-4674-84a6-fd54ad257402",
    "color" : "#FFCC33",
    "position" : {
      "x" : -6.854102,
      "y" : 1.618034,
      "z" : 29.034441
    },
    "orientation" : 17
  }, {
    "shape" : "f551a55e-0478-4674-84a6-fd54ad257402",
    "color" : "#FFCC33",
    "position" : {
      "x" : -26.416409,
      "y" : -11.09017,
      "z" : -8.472136
    },
    "orientation" : 9
  }, {
    "shape" : "609dd801-229c-4fe1-bf82-1ea2de5b7b15",
    "color" : "#CCCCCC",
    "position" : {
      "x" : 6.854102,
      "y" : 6.854102,
      "z" : -6.854102
    },
    "orientation" : 7
  }, {
    "shape" : "609dd801-229c-4fe1-bf82-1ea2de5b7b15",
    "color" : "#CCCCCC",
    "position" : {
      "x" : 0.0,
      "y" : -4.236068,
      "z" : -11.09017
    },
    "orientation" : 1
  }, {
    "shape" : "015d7453-0565-419e-a2b0-cb0a1af884b4",
    "color" : "#CCCCCC",
    "position" : {
      "x" : 0.0,
      "y" : -4.236068,
      "z" : -11.09017
    },
    "orientation" : 40
  }, {
    "shape" : "609dd801-229c-4fe1-bf82-1ea2de5b7b15",
    "color" : "#CCCCCC",
    "position" : {
      "x" : -11.09017,
      "y" : 0.0,
      "z" : 4.236068
    },
    "orientation" : 21
  }, {
    "shape" : "015d7453-0565-419e-a2b0-cb0a1af884b4",
    "color" : "#CCCCCC",
    "position" : {
      "x" : 0.0,
      "y" : -4.236068,
      "z" : 11.09017
    },
    "orientation" : 56
  }, {
    "shape" : "609dd801-229c-4fe1-bf82-1ea2de5b7b15",
    "color" : "#CCCCCC",
    "position" : {
      "x" : -4.236068,
      "y" : -11.09017,
      "z" : 0.0
    },
    "orientation" : 0
  }, {
    "shape" : "609dd801-229c-4fe1-bf82-1ea2de5b7b15",
    "color" : "#CCCCCC",
    "position" : {
      "x" : -6.854102,
      "y" : 6.854102,
      "z" : -6.854102
    },
    "orientation" : 39
  }, {
    "shape" : "bd0f7b7e-b683-496f-8c62-6ab3870f33e3",
    "color" : "#FFCC33",
    "position" : {
      "x" : -6.854102,
      "y" : 1.618034,
      "z" : 29.034441
    }
  }, {
    "shape" : "bd0f7b7e-b683-496f-8c62-6ab3870f33e3",
    "color" : "#FFCC33",
    "position" : {
      "x" : 6.854102,
      "y" : -7.618034,
      "z" : -7.618034
    }
  }, {
    "shape" : "015d7453-0565-419e-a2b0-cb0a1af884b4",
    "color" : "#CCCCCC",
    "position" : {
      "x" : 4.236068,
      "y" : -11.09017,
      "z" : 0.0
    },
    "orientation" : 55
  }, {
    "shape" : "bd0f7b7e-b683-496f-8c62-6ab3870f33e3",
    "color" : "#FFCC33",
    "position" : {
      "x" : -7.236068,
      "y" : -7.0,
      "z" : 7.854102
    }
  }, {
    "shape" : "bd0f7b7e-b683-496f-8c62-6ab3870f33e3",
    "color" : "#FFCC33",
    "position" : {
      "x" : 6.854102,
      "y" : 20.562305,
      "z" : 20.562305
    }
  }, {
    "shape" : "609dd801-229c-4fe1-bf82-1ea2de5b7b15",
    "color" : "#CCCCCC",
    "position" : {
      "x" : 11.09017,
      "y" : 0.0,
      "z" : 4.236068
    },
    "orientation" : 39
  }, {
    "shape" : "f551a55e-0478-4674-84a6-fd54ad257402",
    "color" : "#FFCC33",
    "position" : {
      "x" : 24.798374,
      "y" : -13.708204,
      "z" : 9.472136
    },
    "orientation" : 57
  }, {
    "shape" : "015d7453-0565-419e-a2b0-cb0a1af884b4",
    "color" : "#CCCCCC",
    "position" : {
      "x" : 0.0,
      "y" : 4.236068,
      "z" : 11.09017
    },
    "orientation" : 55
  }, {
    "shape" : "bd0f7b7e-b683-496f-8c62-6ab3870f33e3",
    "color" : "#FFCC33",
    "position" : {
      "x" : -12.09017,
      "y" : 0.38196602,
      "z" : 4.09017
    }
  }, {
    "shape" : "609dd801-229c-4fe1-bf82-1ea2de5b7b15",
    "color" : "#CCCCCC",
    "position" : {
      "x" : 6.854102,
      "y" : -6.854102,
      "z" : -6.854102
    },
    "orientation" : 9
  }, {
    "shape" : "609dd801-229c-4fe1-bf82-1ea2de5b7b15",
    "color" : "#CCCCCC",
    "position" : {
      "x" : 0.0,
      "y" : 4.236068,
      "z" : -11.09017
    },
    "orientation" : 38
  }, {
    "shape" : "f551a55e-0478-4674-84a6-fd54ad257402",
    "color" : "#FFCC33",
    "position" : {
      "x" : -4.236068,
      "y" : 19.562305,
      "z" : -22.18034
    },
    "orientation" : 34
  }, {
    "shape" : "bd0f7b7e-b683-496f-8c62-6ab3870f33e3",
    "color" : "#FFCC33",
    "position" : {
      "x" : 5.09017,
      "y" : 11.708204,
      "z" : 0.23606798
    }
  }, {
    "shape" : "bd0f7b7e-b683-496f-8c62-6ab3870f33e3",
    "color" : "#FFCC33",
    "position" : {
      "x" : 12.09017,
      "y" : -0.38196602,
      "z" : -4.09017
    }
  }, {
    "shape" : "609dd801-229c-4fe1-bf82-1ea2de5b7b15",
    "color" : "#CCCCCC",
    "position" : {
      "x" : -6.854102,
      "y" : 6.854102,
      "z" : 6.854102
    },
    "orientation" : 36
  }, {
    "shape" : "609dd801-229c-4fe1-bf82-1ea2de5b7b15",
    "color" : "#CCCCCC",
    "position" : {
      "x" : -6.854102,
      "y" : -6.854102,
      "z" : 6.854102
    },
    "orientation" : 25
  }, {
    "shape" : "609dd801-229c-4fe1-bf82-1ea2de5b7b15",
    "color" : "#CCCCCC",
    "position" : {
      "x" : 6.854102,
      "y" : 6.854102,
      "z" : 6.854102
    },
    "orientation" : 24
  }, {
    "shape" : "015d7453-0565-419e-a2b0-cb0a1af884b4",
    "color" : "#CCCCCC",
    "position" : {
      "x" : -6.854102,
      "y" : 6.854102,
      "z" : 6.854102
    },
    "orientation" : 22
  } ]
}