{
  "polygons" : "true",
  "field" : "golden",
  "symmetry" : "icosahedral",
  "orientations" : [ [ 1.0, 0.0, 0.0, 0.0, 0.0, 1.0, 0.0, 0.0, 0.0, 0.0, 1.0, 0.0, 0.0, 0.0, 0.0, 1.0 ], [ 0.0, 0.0, 1.0, 0.0, 1.0, 0.0, 0.0, 0.0, 0.0, 1.0, 0.0, 0.0, 0.0, 0.0, 0.0, 1.0 ], [ 0.0, 1.0, 0.0, 0.0, 0.0, 0.0, 1.0, 0.0, 1.0, 0.0, 0.0, 0.0, 0.0, 0.0, 0.0, 1.0 ], [ 0.809017, 0.309017, 0.5, 0.0, 0.309017, 0.5, -0.809017, 0.0, -0.5, 0.809017, 0.309017, 0.0, 0.0, 0.0, 0.0, 1.0 ], [ -0.5, 0.809017, 0.309017, 0.0, 0.809017, 0.309017, 0.5, 0.0, 0.309017, 0.5, -0.809017, 0.0, 0.0, 0.0, 0.0, 1.0 ], [ 0.309017, 0.5, -0.809017, 0.0, -0.5, 0.809017, 0.309017, 0.0, 0.809017, 0.309017, 0.5, 0.0, 0.0, 0.0, 0.0, 1.0 ], [ 0.5, 0.809017, 0.309017, 0.0, 0.809017, -0.309017, -0.5, 0.0, -0.309017, 0.5, -0.809017, 0.0, 0.0, 0.0, 0.0, 1.0 ], [ -0.309017, 0.5, -0.809017, 0.0, 0.5, 0.809017, 0.309017, 0.0, 0.809017, -0.309017, -0.5, 0.0, 0.0, 0.0, 0.0, 1.0 ], [ 0.809017, -0.309017, -0.5, 0.0, -0.309017, 0.5, -0.809017, 0.0, 0.5, 0.809017, 0.309017, 0.0, 0.0, 0.0, 0.0, 1.0 ], [ 0.5, 0.809017, -0.309017, 0.0, 0.809017, -0.309017, 0.5, 0.0, 0.309017, -0.5, -0.809017, 0.0, 0.0, 0.0, 0.0, 1.0 ], [ 0.309017, -0.5, -0.809017, 0.0, 0.5, 0.809017, -0.309017, 0.0, 0.809017, -0.309017, 0.5, 0.0, 0.0, 0.0, 0.0, 1.0 ], [ 0.809017, -0.309017, 0.5, 0.0, 0.309017, -0.5, -0.809017, 0.0, 0.5, 0.809017, -0.309017, 0.0, 0.0, 0.0, 0.0, 1.0 ], [ 0.809017, 0.309017, -0.5, 0.0, 0.309017, 0.5, 0.809017, 0.0, 0.5, -0.809017, 0.309017, 0.0, 0.0, 0.0, 0.0, 1.0 ], [ 0.5, -0.809017, 0.309017, 0.0, 0.809017, 0.309017, -0.5, 0.0, 0.309017, 0.5, 0.809017, 0.0, 0.0, 0.0, 0.0, 1.0 ], [ 0.309017, 0.5, 0.809017, 0.0, 0.5, -0.809017, 0.309017, 0.0, 0.809017, 0.309017, -0.5, 0.0, 0.0, 0.0, 0.0, 1.0 ], [ 1.0, 0.0, 0.0, 0.0, 0.0, -1.0, 0.0, 0.0, 0.0, 0.0, -1.0, 0.0, 0.0, 0.0, 0.0, 1.0 ], [ 0.0, 0.0, 1.0, 0.0, -1.0, 0.0, 0.0, 0.0, 0.0, -1.0, 0.0, 0.0, 0.0, 0.0, 0.0, 1.0 ], [ 0.0, 1.0, 0.0, 0.0, 0.0, 0.0, -1.0, 0.0, -1.0, 0.0, 0.0, 0.0, 0.0, 0.0, 0.0, 1.0 ], [ 0.809017, 0.309017, 0.5, 0.0, -0.309017, -0.5, 0.809017, 0.0, 0.5, -0.809017, -0.309017, 0.0, 0.0, 0.0, 0.0, 1.0 ], [ -0.5, 0.809017, 0.309017, 0.0, -0.809017, -0.309017, -0.5, 0.0, -0.309017, -0.5, 0.809017, 0.0, 0.0, 0.0, 0.0, 1.0 ], [ 0.309017, 0.5, -0.809017, 0.0, 0.5, -0.809017, -0.309017, 0.0, -0.809017, -0.309017, -0.5, 0.0, 0.0, 0.0, 0.0, 1.0 ], [ 0.5, 0.809017, 0.309017, 0.0, -0.809017, 0.309017, 0.5, 0.0, 0.309017, -0.5, 0.809017, 0.0, 0.0, 0.0, 0.0, 1.0 ], [ -0.309017, 0.5, -0.809017, 0.0, -0.5, -0.809017, -0.309017, 0.0, -0.809017, 0.309017, 0.5, 0.0, 0.0, 0.0, 0.0, 1.0 ], [ 0.809017, -0.309017, -0.5, 0.0, 0.309017, -0.5, 0.809017, 0.0, -0.5, -0.809017, -0.309017, 0.0, 0.0, 0.0, 0.0, 1.0 ], [ 0.5, 0.809017, -0.309017, 0.0, -0.809017, 0.309017, -0.5, 0.0, -0.309017, 0.5, 0.809017, 0.0, 0.0, 0.0, 0.0, 1.0 ], [ 0.309017, -0.5, -0.809017, 0.0, -0.5, -0.809017, 0.309017, 0.0, -0.809017, 0.309017, -0.5, 0.0, 0.0, 0.0, 0.0, 1.0 ], [ 0.809017, -0.309017, 0.5, 0.0, -0.309017, 0.5, 0.809017, 0.0, -0.5, -0.809017, 0.309017, 0.0, 0.0, 0.0, 0.0, 1.0 ], [ 0.809017, 0.309017, -0.5, 0.0, -0.309017, -0.5, -0.809017, 0.0, -0.5, 0.809017, -0.309017, 0.0, 0.0, 0.0, 0.0, 1.0 ], [ 0.5, -0.809017, 0.309017, 0.0, -0.809017, -0.309017, 0.5, 0.0, -0.309017, -0.5, -0.809017, 0.0, 0.0, 0.0, 0.0, 1.0 ], [ 0.309017, 0.5, 0.809017, 0.0, -0.5, 0.809017, -0.309017, 0.0, -0.809017, -0.309017, 0.5, 0.0, 0.0, 0.0, 0.0, 1.0 ], [ -1.0, 0.0, 0.0, 0.0, 0.0, -1.0, 0.0, 0.0, 0.0, 0.0, 1.0, 0.0, 0.0, 0.0, 0.0, 1.0 ], [ 0.0, 0.0, -1.0, 0.0, -1.0, 0.0, 0.0, 0.0, 0.0, 1.0, 0.0, 0.0, 0.0, 0.0, 0.0, 1.0 ], [ 0.0, -1.0, 0.0, 0.0, 0.0, 0.0, -1.0, 0.0, 1.0, 0.0, 0.0, 0.0, 0.0, 0.0, 0.0, 1.0 ], [ -0.809017, -0.309017, -0.5, 0.0, -0.309017, -0.5, 0.809017, 0.0, -0.5, 0.809017, 0.309017, 0.0, 0.0, 0.0, 0.0, 1.0 ], [ 0.5, -0.809017, -0.309017, 0.0, -0.809017, -0.309017, -0.5, 0.0, 0.309017, 0.5, -0.809017, 0.0, 0.0, 0.0, 0.0, 1.0 ], [ -0.309017, -0.5, 0.809017, 0.0, 0.5, -0.809017, -0.309017, 0.0, 0.809017, 0.309017, 0.5, 0.0, 0.0, 0.0, 0.0, 1.0 ], [ -0.5, -0.809017, -0.309017, 0.0, -0.809017, 0.309017, 0.5, 0.0, -0.309017, 0.5, -0.809017, 0.0, 0.0, 0.0, 0.0, 1.0 ], [ 0.309017, -0.5, 0.809017, 0.0, -0.5, -0.809017, -0.309017, 0.0, 0.809017, -0.309017, -0.5, 0.0, 0.0, 0.0, 0.0, 1.0 ], [ -0.809017, 0.309017, 0.5, 0.0, 0.309017, -0.5, 0.809017, 0.0, 0.5, 0.809017, 0.309017, 0.0, 0.0, 0.0, 0.0, 1.0 ], [ -0.5, -0.809017, 0.309017, 0.0, -0.809017, 0.309017, -0.5, 0.0, 0.309017, -0.5, -0.809017, 0.0, 0.0, 0.0, 0.0, 1.0 ], [ -0.309017, 0.5, 0.809017, 0.0, -0.5, -0.809017, 0.309017, 0.0, 0.809017, -0.309017, 0.5, 0.0, 0.0, 0.0, 0.0, 1.0 ], [ -0.809017, 0.309017, -0.5, 0.0, -0.309017, 0.5, 0.809017, 0.0, 0.5, 0.809017, -0.309017, 0.0, 0.0, 0.0, 0.0, 1.0 ], [ -0.809017, -0.309017, 0.5, 0.0, -0.309017, -0.5, -0.809017, 0.0, 0.5, -0.809017, 0.309017, 0.0, 0.0, 0.0, 0.0, 1.0 ], [ -0.5, 0.809017, -0.309017, 0.0, -0.809017, -0.309017, 0.5, 0.0, 0.309017, 0.5, 0.809017, 0.0, 0.0, 0.0, 0.0, 1.0 ], [ -0.309017, -0.5, -0.809017, 0.0, -0.5, 0.809017, -0.309017, 0.0, 0.809017, 0.309017, -0.5, 0.0, 0.0, 0.0, 0.0, 1.0 ], [ -1.0, 0.0, 0.0, 0.0, 0.0, 1.0, 0.0, 0.0, 0.0, 0.0, -1.0, 0.0, 0.0, 0.0, 0.0, 1.0 ], [ 0.0, 0.0, -1.0, 0.0, 1.0, 0.0, 0.0, 0.0, 0.0, -1.0, 0.0, 0.0, 0.0, 0.0, 0.0, 1.0 ], [ 0.0, -1.0, 0.0, 0.0, 0.0, 0.0, 1.0, 0.0, -1.0, 0.0, 0.0, 0.0, 0.0, 0.0, 0.0, 1.0 ], [ -0.809017, -0.309017, -0.5, 0.0, 0.309017, 0.5, -0.809017, 0.0, 0.5, -0.809017, -0.309017, 0.0, 0.0, 0.0, 0.0, 1.0 ], [ 0.5, -0.809017, -0.309017, 0.0, 0.809017, 0.309017, 0.5, 0.0, -0.309017, -0.5, 0.809017, 0.0, 0.0, 0.0, 0.0, 1.0 ], [ -0.309017, -0.5, 0.809017, 0.0, -0.5, 0.809017, 0.309017, 0.0, -0.809017, -0.309017, -0.5, 0.0, 0.0, 0.0, 0.0, 1.0 ], [ -0.5, -0.809017, -0.309017, 0.0, 0.809017, -0.309017, -0.5, 0.0, 0.309017, -0.5, 0.809017, 0.0, 0.0, 0.0, 0.0, 1.0 ], [ 0.309017, -0.5, 0.809017, 0.0, 0.5, 0.809017, 0.309017, 0.0, -0.809017, 0.309017, 0.5, 0.0, 0.0, 0.0, 0.0, 1.0 ], [ -0.809017, 0.309017, 0.5, 0.0, -0.309017, 0.5, -0.809017, 0.0, -0.5, -0.809017, -0.309017, 0.0, 0.0, 0.0, 0.0, 1.0 ], [ -0.5, -0.809017, 0.309017, 0.0, 0.809017, -0.309017, 0.5, 0.0, -0.309017, 0.5, 0.809017, 0.0, 0.0, 0.0, 0.0, 1.0 ], [ -0.309017, 0.5, 0.809017, 0.0, 0.5, 0.809017, -0.309017, 0.0, -0.809017, 0.309017, -0.5, 0.0, 0.0, 0.0, 0.0, 1.0 ], [ -0.809017, 0.309017, -0.5, 0.0, 0.309017, -0.5, -0.809017, 0.0, -0.5, -0.809017, 0.309017, 0.0, 0.0, 0.0, 0.0, 1.0 ], [ -0.809017, -0.309017, 0.5, 0.0, 0.309017, 0.5, 0.809017, 0.0, -0.5, 0.809017, -0.309017, 0.0, 0.0, 0.0, 0.0, 1.0 ], [ -0.5, 0.809017, -0.309017, 0.0, 0.809017, 0.309017, -0.5, 0.0, -0.309017, -0.5, -0.809017, 0.0, 0.0, 0.0, 0.0, 1.0 ], [ -0.309017, -0.5, -0.809017, 0.0, 0.5, -0.809017, 0.309017, 0.0, -0.809017, -0.309017, 0.5, 0.0, 0.0, 0.0, 0.0, 1.0 ] ],
  "lights" : {
    "ambientColor" : "#292929",
    "backgroundColor" : "#AFC8DC",
    "directionalLights" : [ {
      "direction" : [ 1.0, -1.0, -1.0 ],
      "color" : "#EBEBE4"
    }, {
      "direction" : [ -1.0, 0.0, 0.0 ],
      "color" : "#E4E4EB"
    }, {
      "direction" : [ 0.0, 0.0, -1.0 ],
      "color" : "#1E1E1E"
    } ]
  },
  "camera" : {
    "perspective" : true,
    "fieldOfView" : 0.4426278,
    "viewDistance" : 96.43599,
    "lookAtPointRV" : {
      "x" : 0.0,
      "y" : 0.0,
      "z" : 0.0,
      "zero" : true
    },
    "lookDirectionRV" : {
      "x" : -0.5420612,
      "y" : 0.6146536,
      "z" : -0.57304895,
      "zero" : false
    },
    "upDirectionRV" : {
      "x" : 0.30422124,
      "y" : 0.7791846,
      "z" : 0.54799986,
      "zero" : false
    },
    "lookAtPoint" : {
      "x" : 0.0,
      "y" : 0.0,
      "z" : 0.0
    },
    "lookDirection" : {
      "x" : -0.5420612,
      "y" : 0.6146536,
      "z" : -0.57304895
    },
    "upDirection" : {
      "x" : 0.30422124,
      "y" : 0.7791846,
      "z" : 0.54799986
    },
    "nearClipDistance" : 0.0892927,
    "farClipDistance" : 192.87157,
    "width" : 43.396084,
    "stereo" : false,
    "position" : {
      "x" : 52.274208,
      "y" : -59.274727,
      "z" : 55.262543
    }
  },
  "embedding" : [ 1.0, 0.0, 0.0, 0.0, 0.0, 1.0, 0.0, 0.0, 0.0, 0.0, 1.0, 0.0, 0.0, 0.0, 0.0, 1.0 ],
  "shapes" : [ {
    "id" : "b7285f30-520a-43f3-a234-406f45b51523",
    "vertices" : [ {
      "x" : 0.0,
      "y" : 0.0,
      "z" : 0.0
    }, {
      "x" : -1.6855251,
      "y" : 4.4127617,
      "z" : 0.0
    }, {
      "x" : 0.0,
      "y" : 2.5839412,
      "z" : 6.764846
    } ],
    "faces" : [ {
      "vertices" : [ 0, 1, 2 ]
    }, {
      "vertices" : [ 0, 2, 1 ]
    } ]
  }, {
    "id" : "303dda17-7bb3-4d45-ac99-e75af5e1ef87",
    "vertices" : [ {
      "x" : 0.0,
      "y" : 0.0,
      "z" : 0.0
    }, {
      "x" : -0.29319078,
      "y" : -0.16240355,
      "z" : -2.4347374
    }, {
      "x" : -0.6776016,
      "y" : 0.84399706,
      "z" : -2.4347374
    }, {
      "x" : -1.6075885,
      "y" : 4.2087216,
      "z" : 0.0
    } ],
    "faces" : [ {
      "vertices" : [ 0, 1, 2, 3 ]
    }, {
      "vertices" : [ 0, 3, 2, 1 ]
    } ]
  }, {
    "id" : "57145aa8-3491-4798-b52a-40d97d128979",
    "vertices" : [ {
      "x" : 0.0,
      "y" : 0.0,
      "z" : 0.0
    }, {
      "x" : -4.684177,
      "y" : 1.5613923,
      "z" : 1.5613923
    }, {
      "x" : -7.12222,
      "y" : -0.8766508,
      "z" : 3.9994354
    }, {
      "x" : -3.9994354,
      "y" : -3.9994354,
      "z" : 3.9994354
    } ],
    "faces" : [ {
      "vertices" : [ 0, 1, 2, 3 ]
    }, {
      "vertices" : [ 0, 3, 2, 1 ]
    } ]
  }, {
    "id" : "541baa7a-3c6a-4cfb-a660-db9d49fdf10f",
    "vertices" : [ {
      "x" : 0.0,
      "y" : 0.0,
      "z" : 0.0
    }, {
      "x" : 0.0,
      "y" : -0.090169944,
      "z" : -0.23606798
    }, {
      "x" : -0.7825081,
      "y" : 2.0486326,
      "z" : 0.0
    } ],
    "faces" : [ {
      "vertices" : [ 0, 1, 2 ]
    }, {
      "vertices" : [ 0, 2, 1 ]
    } ]
  }, {
    "id" : "094334fc-4eb7-4861-9d54-43eb8cf416c8",
    "vertices" : [ {
      "x" : 0.0,
      "y" : 0.0,
      "z" : 0.0
    }, {
      "x" : 0.0,
      "y" : 1.6855251,
      "z" : 4.4127617
    }, {
      "x" : 0.9649935,
      "y" : -0.18009429,
      "z" : 6.1426706
    }, {
      "x" : 0.9649935,
      "y" : -0.5963988,
      "z" : 5.0527716
    } ],
    "faces" : [ {
      "vertices" : [ 0, 1, 2, 3 ]
    }, {
      "vertices" : [ 0, 3, 2, 1 ]
    } ]
  }, {
    "id" : "a10d9c38-3242-46dd-94c9-06a597da84b2",
    "vertices" : [ {
      "x" : 0.0,
      "y" : 0.0,
      "z" : 0.0
    }, {
      "x" : 0.0,
      "y" : 0.38441083,
      "z" : 1.0064006
    }, {
      "x" : 1.5077071,
      "y" : -3.5628176,
      "z" : 1.0064006
    }, {
      "x" : 1.5077071,
      "y" : -3.9472284,
      "z" : 0.0
    } ],
    "faces" : [ {
      "vertices" : [ 0, 1, 2, 3 ]
    }, {
      "vertices" : [ 0, 3, 2, 1 ]
    } ]
  }, {
    "id" : "f6b92587-a999-4075-9b34-ba338d580eff",
    "vertices" : [ {
      "x" : 0.0,
      "y" : 0.0,
      "z" : 0.0
    }, {
      "x" : -0.3181073,
      "y" : 0.7426458,
      "z" : -0.23606798
    }, {
      "x" : -2.7898943,
      "y" : 7.213868,
      "z" : -0.23606798
    }, {
      "x" : -2.8935688,
      "y" : 7.5754614,
      "z" : 0.0
    } ],
    "faces" : [ {
      "vertices" : [ 0, 1, 2, 3 ]
    }, {
      "vertices" : [ 0, 3, 2, 1 ]
    } ]
  }, {
    "id" : "2e85f67e-02d6-40bd-8864-a75ad26177d0",
    "vertices" : [ {
      "x" : 0.0,
      "y" : 0.0,
      "z" : 0.0
    }, {
      "x" : -2.630535,
      "y" : 0.4922497,
      "z" : 0.4922497
    }, {
      "x" : 1.3689005,
      "y" : 4.491685,
      "z" : -3.5071857
    }, {
      "x" : 2.438043,
      "y" : 2.438043,
      "z" : -2.438043
    } ],
    "faces" : [ {
      "vertices" : [ 0, 1, 2, 3 ]
    }, {
      "vertices" : [ 0, 3, 2, 1 ]
    } ]
  }, {
    "id" : "2dba8ddb-3f85-45ec-a712-8c1e1ac12509",
    "vertices" : [ {
      "x" : 0.0,
      "y" : 0.0,
      "z" : 0.0
    }, {
      "x" : -0.7825081,
      "y" : 2.1388025,
      "z" : 0.23606798
    }, {
      "x" : 1.9256959,
      "y" : -4.9513674,
      "z" : 0.23606798
    }, {
      "x" : 1.6075885,
      "y" : -4.2087216,
      "z" : 0.0
    } ],
    "faces" : [ {
      "vertices" : [ 0, 1, 2, 3 ]
    }, {
      "vertices" : [ 0, 3, 2, 1 ]
    } ]
  }, {
    "id" : "8f8ada4c-462d-4917-8714-1dbf53db79fb",
    "vertices" : [ {
      "x" : 0.0,
      "y" : 0.0,
      "z" : 0.0
    }, {
      "x" : -3.9442718,
      "y" : -3.9442718,
      "z" : 3.9442718
    }, {
      "x" : -1.4091635,
      "y" : -4.4186645,
      "z" : 3.4698792
    }, {
      "x" : 1.0303578,
      "y" : -1.9791431,
      "z" : 1.0303578
    } ],
    "faces" : [ {
      "vertices" : [ 0, 1, 2, 3 ]
    }, {
      "vertices" : [ 0, 3, 2, 1 ]
    } ]
  }, {
    "id" : "de5ceb26-2684-4e52-9202-2c97518ee364",
    "vertices" : [ {
      "x" : 0.0,
      "y" : 0.0,
      "z" : 0.0
    }, {
      "x" : 2.437694,
      "y" : -6.381966,
      "z" : 0.0
    }, {
      "x" : 1.6855251,
      "y" : -7.120966,
      "z" : -7.09017
    }, {
      "x" : 0.0,
      "y" : -2.708204,
      "z" : -7.09017
    } ],
    "faces" : [ {
      "vertices" : [ 0, 1, 2, 3 ]
    }, {
      "vertices" : [ 0, 3, 2, 1 ]
    } ]
  }, {
    "id" : "aefb7a75-a871-49eb-a0fd-eabce02fe25b",
    "vertices" : [ {
      "x" : 0.0,
      "y" : 0.0,
      "z" : 0.0
    }, {
      "x" : 0.0,
      "y" : 0.4163045,
      "z" : 1.0898993
    }, {
      "x" : 0.9649935,
      "y" : -1.8058542,
      "z" : 1.886376
    } ],
    "faces" : [ {
      "vertices" : [ 0, 1, 2 ]
    }, {
      "vertices" : [ 0, 2, 1 ]
    } ]
  }, {
    "id" : "c91d4b24-50af-4b00-bf60-fde8a58699d3",
    "vertices" : [ {
      "x" : 0.0,
      "y" : 0.0,
      "z" : 0.0
    }, {
      "x" : -0.090169944,
      "y" : 0.23606798,
      "z" : 0.0
    }, {
      "x" : -0.090169944,
      "y" : 2.673762,
      "z" : 6.381966
    }, {
      "x" : 0.0,
      "y" : 2.527864,
      "z" : 6.618034
    } ],
    "faces" : [ {
      "vertices" : [ 0, 1, 2, 3 ]
    }, {
      "vertices" : [ 0, 3, 2, 1 ]
    } ]
  }, {
    "id" : "ea5c8ee2-ba6d-4a38-b88a-b497809ae81a",
    "vertices" : [ {
      "x" : 0.0,
      "y" : 0.0,
      "z" : 0.0
    }, {
      "x" : 0.0,
      "y" : -0.7825081,
      "z" : -2.0486326
    }, {
      "x" : -2.437694,
      "y" : 5.5994577,
      "z" : -2.0486326
    }, {
      "x" : -2.437694,
      "y" : 6.381966,
      "z" : 0.0
    } ],
    "faces" : [ {
      "vertices" : [ 0, 1, 2, 3 ]
    }, {
      "vertices" : [ 0, 3, 2, 1 ]
    } ]
  }, {
    "id" : "aeceef2c-c8e4-4faf-9c72-7c18a8fb240d",
    "vertices" : [ {
      "x" : 0.0,
      "y" : 0.0,
      "z" : 0.0
    }, {
      "x" : -1.8599739,
      "y" : 3.939488,
      "z" : -2.4347374
    }, {
      "x" : -2.2443848,
      "y" : 4.9458885,
      "z" : -2.4347374
    }, {
      "x" : -1.6075885,
      "y" : 4.2087216,
      "z" : 0.0
    } ],
    "faces" : [ {
      "vertices" : [ 0, 1, 2, 3 ]
    }, {
      "vertices" : [ 0, 3, 2, 1 ]
    } ]
  }, {
    "id" : "a5b8c436-105d-48ba-99db-642e278639cf",
    "vertices" : [ {
      "x" : 0.0,
      "y" : 0.0,
      "z" : 0.0
    }, {
      "x" : -0.4163045,
      "y" : 1.0898993,
      "z" : 0.0
    }, {
      "x" : -0.4163045,
      "y" : 2.5966928,
      "z" : 3.9448366
    }, {
      "x" : 0.0,
      "y" : 1.5067935,
      "z" : 3.9448366
    } ],
    "faces" : [ {
      "vertices" : [ 0, 1, 2, 3 ]
    }, {
      "vertices" : [ 0, 3, 2, 1 ]
    } ]
  }, {
    "id" : "4d146880-bb0d-4480-8113-cf56657997ac",
    "vertices" : [ {
      "x" : 0.0,
      "y" : 0.0,
      "z" : 0.0
    }, {
      "x" : 0.7521691,
      "y" : 0.7389997,
      "z" : 7.09017
    }, {
      "x" : 0.0,
      "y" : -2.471787,
      "z" : -6.4712224
    } ],
    "faces" : [ {
      "vertices" : [ 0, 1, 2 ]
    }, {
      "vertices" : [ 0, 2, 1 ]
    } ]
  }, {
    "id" : "741a10fd-515b-4ac5-bc16-8911ae6e480f",
    "vertices" : [ {
      "x" : 0.0,
      "y" : 0.0,
      "z" : 0.0
    }, {
      "x" : -0.7521691,
      "y" : 2.115451,
      "z" : 0.38287964
    }, {
      "x" : 1.6855251,
      "y" : -1.8288207,
      "z" : 6.764846
    } ],
    "faces" : [ {
      "vertices" : [ 0, 1, 2 ]
    }, {
      "vertices" : [ 0, 2, 1 ]
    } ]
  }, {
    "id" : "3438018a-bba9-46dd-a702-95e23e49253c",
    "vertices" : [ {
      "x" : 0.0,
      "y" : 0.0,
      "z" : 0.0
    }, {
      "x" : 3.9442718,
      "y" : 3.9442718,
      "z" : -3.9442718
    }, {
      "x" : 1.4091635,
      "y" : 3.4698792,
      "z" : -4.4186645
    }, {
      "x" : -1.0303578,
      "y" : 1.0303578,
      "z" : -1.9791431
    } ],
    "faces" : [ {
      "vertices" : [ 0, 1, 2, 3 ]
    }, {
      "vertices" : [ 0, 3, 2, 1 ]
    } ]
  }, {
    "id" : "5de1d11c-c009-42c4-b82c-eaec5398d507",
    "vertices" : [ {
      "x" : 0.0,
      "y" : 0.0,
      "z" : 0.0
    }, {
      "x" : 0.090169944,
      "y" : -0.23606798,
      "z" : 0.0
    }, {
      "x" : 0.090169944,
      "y" : -2.673762,
      "z" : -6.381966
    }, {
      "x" : 0.0,
      "y" : -2.527864,
      "z" : -6.618034
    } ],
    "faces" : [ {
      "vertices" : [ 0, 1, 2, 3 ]
    }, {
      "vertices" : [ 0, 3, 2, 1 ]
    } ]
  }, {
    "id" : "323f100a-228c-4f06-881d-5c3079da9e8d",
    "vertices" : [ {
      "x" : 0.0,
      "y" : 0.0,
      "z" : 0.0
    }, {
      "x" : 1.8599739,
      "y" : -3.939488,
      "z" : 2.4347374
    }, {
      "x" : 2.2443848,
      "y" : -4.9458885,
      "z" : 2.4347374
    }, {
      "x" : 1.6075885,
      "y" : -4.2087216,
      "z" : 0.0
    } ],
    "faces" : [ {
      "vertices" : [ 0, 1, 2, 3 ]
    }, {
      "vertices" : [ 0, 3, 2, 1 ]
    } ]
  }, {
    "id" : "b5a8eff5-9070-4c1a-a8e6-dae660bbcfe4",
    "vertices" : [ {
      "x" : 0.0,
      "y" : 0.0,
      "z" : 0.0
    }, {
      "x" : -0.9649935,
      "y" : 1.8058542,
      "z" : -1.886376
    }, {
      "x" : -0.9649935,
      "y" : 3.4913793,
      "z" : 2.5263858
    } ],
    "faces" : [ {
      "vertices" : [ 0, 1, 2 ]
    }, {
      "vertices" : [ 0, 2, 1 ]
    } ]
  }, {
    "id" : "f0613a08-4b32-4031-b32e-697ec9d5d7ec",
    "vertices" : [ {
      "x" : 0.0,
      "y" : 0.0,
      "z" : 0.0
    }, {
      "x" : 0.7521691,
      "y" : -2.115451,
      "z" : -0.38287964
    }, {
      "x" : -1.6855251,
      "y" : 1.8288207,
      "z" : -6.764846
    } ],
    "faces" : [ {
      "vertices" : [ 0, 1, 2 ]
    }, {
      "vertices" : [ 0, 2, 1 ]
    } ]
  }, {
    "id" : "b4446710-23b3-410f-b1c5-50d37328efbd",
    "vertices" : [ {
      "x" : 0.0,
      "y" : 0.0,
      "z" : 0.0
    }, {
      "x" : 0.0,
      "y" : -0.38441083,
      "z" : -1.0064006
    }, {
      "x" : -1.5077071,
      "y" : 3.5628176,
      "z" : -1.0064006
    }, {
      "x" : -1.5077071,
      "y" : 3.9472284,
      "z" : 0.0
    } ],
    "faces" : [ {
      "vertices" : [ 0, 1, 2, 3 ]
    }, {
      "vertices" : [ 0, 3, 2, 1 ]
    } ]
  }, {
    "id" : "d7e912d0-86db-41f5-b79a-cf86457b24c2",
    "vertices" : [ {
      "x" : 0.0,
      "y" : 0.0,
      "z" : 0.0
    }, {
      "x" : 0.7825081,
      "y" : -2.1388025,
      "z" : -0.23606798
    }, {
      "x" : -1.9256959,
      "y" : 4.9513674,
      "z" : -0.23606798
    }, {
      "x" : -1.6075885,
      "y" : 4.2087216,
      "z" : 0.0
    } ],
    "faces" : [ {
      "vertices" : [ 0, 1, 2, 3 ]
    }, {
      "vertices" : [ 0, 3, 2, 1 ]
    } ]
  }, {
    "id" : "799ea744-c54d-4844-90de-34bb30d7f2ea",
    "vertices" : [ {
      "x" : 0.0,
      "y" : 0.0,
      "z" : 0.0
    }, {
      "x" : -0.7521691,
      "y" : -3.2107868,
      "z" : -13.561392
    }, {
      "x" : -0.7521691,
      "y" : 2.115451,
      "z" : 0.38287964
    } ],
    "faces" : [ {
      "vertices" : [ 0, 1, 2 ]
    }, {
      "vertices" : [ 0, 2, 1 ]
    } ]
  }, {
    "id" : "95ae0d58-c838-477d-b564-7b292066795c",
    "vertices" : [ {
      "x" : 0.0,
      "y" : 0.0,
      "z" : 0.0
    }, {
      "x" : 0.0,
      "y" : 0.090169944,
      "z" : 0.23606798
    }, {
      "x" : 0.7825081,
      "y" : -2.0486326,
      "z" : 0.0
    } ],
    "faces" : [ {
      "vertices" : [ 0, 1, 2 ]
    }, {
      "vertices" : [ 0, 2, 1 ]
    } ]
  }, {
    "id" : "5dc325cd-3b80-4009-b275-f82d7759a140",
    "vertices" : [ {
      "x" : 0.0,
      "y" : 0.0,
      "z" : 0.0
    }, {
      "x" : 0.0,
      "y" : -0.4163045,
      "z" : -1.0898993
    }, {
      "x" : -0.9649935,
      "y" : 1.8058542,
      "z" : -1.886376
    } ],
    "faces" : [ {
      "vertices" : [ 0, 1, 2 ]
    }, {
      "vertices" : [ 0, 2, 1 ]
    } ]
  }, {
    "id" : "93727239-b6ae-4b6b-be55-caf79b1ed4ac",
    "vertices" : [ {
      "x" : 0.0,
      "y" : 0.0,
      "z" : 0.0
    }, {
      "x" : -0.872678,
      "y" : 2.1945307,
      "z" : -0.23606798
    }, {
      "x" : -2.4802666,
      "y" : 6.403252,
      "z" : -0.23606798
    }, {
      "x" : -2.5839412,
      "y" : 6.764846,
      "z" : 0.0
    } ],
    "faces" : [ {
      "vertices" : [ 0, 1, 2, 3 ]
    }, {
      "vertices" : [ 0, 3, 2, 1 ]
    } ]
  }, {
    "id" : "41abf5e2-2101-460b-bbcd-02dbff27dbfd",
    "vertices" : [ {
      "x" : 0.0,
      "y" : 0.0,
      "z" : 0.0
    }, {
      "x" : 0.0,
      "y" : 0.7825081,
      "z" : 2.0486326
    }, {
      "x" : 2.437694,
      "y" : -5.5994577,
      "z" : 2.0486326
    }, {
      "x" : 2.437694,
      "y" : -6.381966,
      "z" : 0.0
    } ],
    "faces" : [ {
      "vertices" : [ 0, 1, 2, 3 ]
    }, {
      "vertices" : [ 0, 3, 2, 1 ]
    } ]
  }, {
    "id" : "d8241fbe-2ad7-4907-99c2-dcf13dbcc905",
    "vertices" : [ {
      "x" : 0.0,
      "y" : 0.0,
      "z" : 0.0
    }, {
      "x" : 0.872678,
      "y" : -2.1945307,
      "z" : 0.23606798
    }, {
      "x" : 0.7825081,
      "y" : -2.0486326,
      "z" : 0.0
    } ],
    "faces" : [ {
      "vertices" : [ 0, 1, 2 ]
    }, {
      "vertices" : [ 0, 2, 1 ]
    } ]
  }, {
    "id" : "8a941897-0b12-4732-b835-d403648df70c",
    "vertices" : [ {
      "x" : 0.0,
      "y" : 0.0,
      "z" : 0.0
    }, {
      "x" : -0.872678,
      "y" : 2.1945307,
      "z" : -0.23606798
    }, {
      "x" : -0.7825081,
      "y" : 2.0486326,
      "z" : 0.0
    } ],
    "faces" : [ {
      "vertices" : [ 0, 1, 2 ]
    }, {
      "vertices" : [ 0, 2, 1 ]
    } ]
  }, {
    "id" : "d2cee75e-867e-4a28-93af-15d88810f990",
    "vertices" : [ {
      "x" : 0.0,
      "y" : 0.0,
      "z" : 0.0
    }, {
      "x" : -3.009501,
      "y" : 3.009501,
      "z" : 0.0
    }, {
      "x" : -5.4490223,
      "y" : 0.5699797,
      "z" : 2.4395213
    }, {
      "x" : -3.9442718,
      "y" : -3.9442718,
      "z" : 3.9442718
    } ],
    "faces" : [ {
      "vertices" : [ 0, 1, 2, 3 ]
    }, {
      "vertices" : [ 0, 3, 2, 1 ]
    } ]
  }, {
    "id" : "378134dc-83e1-4264-8357-70eef36583bb",
    "vertices" : [ {
      "x" : 0.0,
      "y" : 0.0,
      "z" : 0.0
    }, {
      "x" : 1.6855251,
      "y" : -4.4127617,
      "z" : 0.0
    }, {
      "x" : 0.0,
      "y" : -2.5839412,
      "z" : -6.764846
    } ],
    "faces" : [ {
      "vertices" : [ 0, 1, 2 ]
    }, {
      "vertices" : [ 0, 2, 1 ]
    } ]
  }, {
    "id" : "3c67fd2b-9653-4928-9a03-f3469c11c1aa",
    "vertices" : [ {
      "x" : 0.0,
      "y" : 0.0,
      "z" : 0.0
    }, {
      "x" : 0.7521691,
      "y" : 3.2107868,
      "z" : 13.561392
    }, {
      "x" : 0.7521691,
      "y" : -2.115451,
      "z" : -0.38287964
    } ],
    "faces" : [ {
      "vertices" : [ 0, 1, 2 ]
    }, {
      "vertices" : [ 0, 2, 1 ]
    } ]
  }, {
    "id" : "fa0c2d48-2d64-453f-b791-cc69a03d2257",
    "vertices" : [ {
      "x" : 0.0,
      "y" : 0.0,
      "z" : 0.0
    }, {
      "x" : 0.0,
      "y" : 2.8935688,
      "z" : 7.5754614
    }, {
      "x" : 2.437694,
      "y" : -3.4883971,
      "z" : 7.5754614
    }, {
      "x" : 2.437694,
      "y" : -6.381966,
      "z" : 0.0
    } ],
    "faces" : [ {
      "vertices" : [ 0, 1, 2, 3 ]
    }, {
      "vertices" : [ 0, 3, 2, 1 ]
    } ]
  }, {
    "id" : "4e63b4e1-86c3-4e07-ac12-c362ae4f6183",
    "vertices" : [ {
      "x" : 0.0,
      "y" : 0.0,
      "z" : 0.0
    }, {
      "x" : 0.0,
      "y" : -1.6855251,
      "z" : -4.4127617
    }, {
      "x" : -0.9649935,
      "y" : 0.18009429,
      "z" : -6.1426706
    }, {
      "x" : -0.9649935,
      "y" : 0.5963988,
      "z" : -5.0527716
    } ],
    "faces" : [ {
      "vertices" : [ 0, 1, 2, 3 ]
    }, {
      "vertices" : [ 0, 3, 2, 1 ]
    } ]
  }, {
    "id" : "52f2059b-4506-44a9-8151-f975e6bde274",
    "vertices" : [ {
      "x" : 0.0,
      "y" : 0.0,
      "z" : 0.0
    }, {
      "x" : -0.090169944,
      "y" : 0.23606798,
      "z" : 0.0
    }, {
      "x" : -0.090169944,
      "y" : 2.673762,
      "z" : 6.381966
    }, {
      "x" : 2.437694,
      "y" : -3.9442718,
      "z" : 6.381966
    } ],
    "faces" : [ {
      "vertices" : [ 0, 1, 2, 3 ]
    }, {
      "vertices" : [ 0, 3, 2, 1 ]
    } ]
  }, {
    "id" : "3c2b83cc-1ea8-4421-88d9-afd1491abfd7",
    "vertices" : [ {
      "x" : 0.0,
      "y" : 0.0,
      "z" : 0.0
    }, {
      "x" : 0.9649935,
      "y" : -1.8058542,
      "z" : 1.886376
    }, {
      "x" : 0.9649935,
      "y" : -3.4913793,
      "z" : -2.5263858
    } ],
    "faces" : [ {
      "vertices" : [ 0, 1, 2 ]
    }, {
      "vertices" : [ 0, 2, 1 ]
    } ]
  }, {
    "id" : "fc9fde67-47af-4c29-8a1b-b9bdd3fef318",
    "vertices" : [ {
      "x" : 0.0,
      "y" : 0.0,
      "z" : 0.0
    }, {
      "x" : 0.29319078,
      "y" : 0.16240355,
      "z" : 2.4347374
    }, {
      "x" : 0.6776016,
      "y" : -0.84399706,
      "z" : 2.4347374
    }, {
      "x" : 1.6075885,
      "y" : -4.2087216,
      "z" : 0.0
    } ],
    "faces" : [ {
      "vertices" : [ 0, 1, 2, 3 ]
    }, {
      "vertices" : [ 0, 3, 2, 1 ]
    } ]
  }, {
    "id" : "8598f051-d16c-46e2-882c-46fb91b0e976",
    "vertices" : [ {
      "x" : 0.0,
      "y" : 0.0,
      "z" : 0.0
    }, {
      "x" : 0.0,
      "y" : 0.090169944,
      "z" : 0.23606798
    }, {
      "x" : 5.326238,
      "y" : -13.854102,
      "z" : 0.23606798
    }, {
      "x" : 5.326238,
      "y" : -13.944272,
      "z" : 0.0
    } ],
    "faces" : [ {
      "vertices" : [ 0, 1, 2, 3 ]
    }, {
      "vertices" : [ 0, 3, 2, 1 ]
    } ]
  }, {
    "id" : "ceea401c-5329-4341-bec7-3e51d9428fb1",
    "vertices" : [ {
      "x" : 0.0,
      "y" : 0.0,
      "z" : 0.0
    }, {
      "x" : 0.3181073,
      "y" : -0.7426458,
      "z" : 0.23606798
    }, {
      "x" : 2.7898943,
      "y" : -7.213868,
      "z" : 0.23606798
    }, {
      "x" : 2.8935688,
      "y" : -7.5754614,
      "z" : 0.0
    } ],
    "faces" : [ {
      "vertices" : [ 0, 1, 2, 3 ]
    }, {
      "vertices" : [ 0, 3, 2, 1 ]
    } ]
  }, {
    "id" : "53027b69-f8f1-4f34-a05f-355493e5ea3d",
    "vertices" : [ {
      "x" : 0.0,
      "y" : 0.0,
      "z" : 0.0
    }, {
      "x" : -3.009501,
      "y" : 3.009501,
      "z" : 0.0
    }, {
      "x" : -0.5699797,
      "y" : 5.4490223,
      "z" : -2.4395213
    }, {
      "x" : 3.9442718,
      "y" : 3.9442718,
      "z" : -3.9442718
    } ],
    "faces" : [ {
      "vertices" : [ 0, 1, 2, 3 ]
    }, {
      "vertices" : [ 0, 3, 2, 1 ]
    } ]
  }, {
    "id" : "37a45ec3-5a01-4f2f-8d68-04b32c39a884",
    "vertices" : [ {
      "x" : 0.0,
      "y" : 0.0,
      "z" : 0.0
    }, {
      "x" : 0.4163045,
      "y" : -1.0898993,
      "z" : 0.0
    }, {
      "x" : 0.4163045,
      "y" : -2.5966928,
      "z" : -3.9448366
    }, {
      "x" : 0.0,
      "y" : -1.5067935,
      "z" : -3.9448366
    } ],
    "faces" : [ {
      "vertices" : [ 0, 1, 2, 3 ]
    }, {
      "vertices" : [ 0, 3, 2, 1 ]
    } ]
  }, {
    "id" : "9ed69813-01f4-446e-b7d9-68e0c70d182d",
    "vertices" : [ {
      "x" : 0.0,
      "y" : 0.0,
      "z" : 0.0
    }, {
      "x" : -2.437694,
      "y" : 6.381966,
      "z" : 0.0
    }, {
      "x" : -1.6855251,
      "y" : 7.120966,
      "z" : 7.09017
    }, {
      "x" : 0.0,
      "y" : 2.708204,
      "z" : 7.09017
    } ],
    "faces" : [ {
      "vertices" : [ 0, 1, 2, 3 ]
    }, {
      "vertices" : [ 0, 3, 2, 1 ]
    } ]
  }, {
    "id" : "f63b5b24-276e-40e7-a87e-03f351dfcc4e",
    "vertices" : [ {
      "x" : 0.0,
      "y" : 0.0,
      "z" : 0.0
    }, {
      "x" : 2.630535,
      "y" : 0.4922497,
      "z" : 0.4922497
    }, {
      "x" : -1.3689005,
      "y" : -3.5071857,
      "z" : 4.491685
    }, {
      "x" : -2.438043,
      "y" : -2.438043,
      "z" : 2.438043
    } ],
    "faces" : [ {
      "vertices" : [ 0, 1, 2, 3 ]
    }, {
      "vertices" : [ 0, 3, 2, 1 ]
    } ]
  }, {
    "id" : "abcbc680-7774-4180-ad2c-048397030c33",
    "vertices" : [ {
      "x" : 0.0,
      "y" : 0.0,
      "z" : 0.0
    }, {
      "x" : -1.5613923,
      "y" : 4.684177,
      "z" : -1.5613923
    }, {
      "x" : 0.8766508,
      "y" : 7.12222,
      "z" : -3.9994354
    }, {
      "x" : 3.9994354,
      "y" : 3.9994354,
      "z" : -3.9994354
    } ],
    "faces" : [ {
      "vertices" : [ 0, 1, 2, 3 ]
    }, {
      "vertices" : [ 0, 3, 2, 1 ]
    } ]
  }, {
    "id" : "f0f1193b-70a0-4e08-9abb-57967062e988",
    "vertices" : [ {
      "x" : 0.0,
      "y" : 0.0,
      "z" : 0.0
    }, {
      "x" : -0.7521691,
      "y" : -0.7389997,
      "z" : -7.09017
    }, {
      "x" : 0.0,
      "y" : 2.471787,
      "z" : 6.4712224
    } ],
    "faces" : [ {
      "vertices" : [ 0, 1, 2 ]
    }, {
      "vertices" : [ 0, 2, 1 ]
    } ]
  }, {
    "id" : "c945e63e-9e0d-4756-b834-a0d7e7cd6ee2",
    "vertices" : [ {
      "x" : 0.0,
      "y" : 0.0,
      "z" : 0.0
    }, {
      "x" : 0.090169944,
      "y" : -0.23606798,
      "z" : 0.0
    }, {
      "x" : 0.090169944,
      "y" : -2.673762,
      "z" : -6.381966
    }, {
      "x" : -2.437694,
      "y" : 3.9442718,
      "z" : -6.381966
    } ],
    "faces" : [ {
      "vertices" : [ 0, 1, 2, 3 ]
    }, {
      "vertices" : [ 0, 3, 2, 1 ]
    } ]
  }, {
    "id" : "e6aae0b5-84e1-4cb0-ba86-c178ee538082",
    "vertices" : [ {
      "x" : 0.0,
      "y" : 0.0,
      "z" : 0.0
    }, {
      "x" : 0.872678,
      "y" : -2.1945307,
      "z" : 0.23606798
    }, {
      "x" : 2.4802666,
      "y" : -6.403252,
      "z" : 0.23606798
    }, {
      "x" : 2.5839412,
      "y" : -6.764846,
      "z" : 0.0
    } ],
    "faces" : [ {
      "vertices" : [ 0, 1, 2, 3 ]
    }, {
      "vertices" : [ 0, 3, 2, 1 ]
    } ]
  }, {
    "id" : "b2941b20-9d9e-4fc3-b907-03b8d76037b9",
    "vertices" : [ {
      "x" : 0.0,
      "y" : 0.0,
      "z" : 0.0
    }, {
      "x" : 0.39886704,
      "y" : -1.0442475,
      "z" : 0.0
    }, {
      "x" : 0.39886704,
      "y" : -2.6622815,
      "z" : -4.236068
    }, {
      "x" : 0.0,
      "y" : -1.618034,
      "z" : -4.236068
    } ],
    "faces" : [ {
      "vertices" : [ 0, 1, 2, 3 ]
    }, {
      "vertices" : [ 0, 3, 2, 1 ]
    } ]
  }, {
    "id" : "aa9e91b2-1e39-43f2-afae-bb3953fe0f2d",
    "vertices" : [ {
      "x" : 0.0,
      "y" : 0.0,
      "z" : 0.0
    }, {
      "x" : 0.3775808,
      "y" : -0.9885194,
      "z" : 0.0
    }, {
      "x" : -0.28908587,
      "y" : -0.24316339,
      "z" : -2.618034
    }, {
      "x" : -2.0,
      "y" : 4.236068,
      "z" : -2.618034
    } ],
    "faces" : [ {
      "vertices" : [ 0, 1, 2, 3 ]
    }, {
      "vertices" : [ 0, 3, 2, 1 ]
    } ]
  }, {
    "id" : "801259b5-8356-43a5-8748-bb8407dc0cd6",
    "vertices" : [ {
      "x" : 0.0,
      "y" : 0.0,
      "z" : 0.0
    }, {
      "x" : 3.9442718,
      "y" : 3.9442718,
      "z" : -3.9442718
    }, {
      "x" : 0.7082039,
      "y" : 7.18034,
      "z" : -3.9442718
    }, {
      "x" : -1.618034,
      "y" : 4.854102,
      "z" : -1.618034
    } ],
    "faces" : [ {
      "vertices" : [ 0, 1, 2, 3 ]
    }, {
      "vertices" : [ 0, 3, 2, 1 ]
    } ]
  }, {
    "id" : "bf5f097e-1b3c-4dae-a7cb-443c04c672aa",
    "vertices" : [ {
      "x" : 0.0,
      "y" : 0.0,
      "z" : 0.0
    }, {
      "x" : -0.038507164,
      "y" : 0.10081306,
      "z" : 0.0
    }, {
      "x" : 0.16750416,
      "y" : 1.0893325,
      "z" : 4.0
    }, {
      "x" : 0.5663712,
      "y" : 0.045084972,
      "z" : 4.0
    } ],
    "faces" : [ {
      "vertices" : [ 0, 1, 2, 3 ]
    }, {
      "vertices" : [ 0, 3, 2, 1 ]
    } ]
  }, {
    "id" : "d425ac8b-7d85-45e4-9fbe-e07619557f32",
    "vertices" : [ {
      "x" : 0.0,
      "y" : 0.0,
      "z" : 0.0
    }, {
      "x" : 1.4120227,
      "y" : -0.28240454,
      "z" : -0.28240454
    }, {
      "x" : -2.8240454,
      "y" : 3.9536633,
      "z" : -4.5184727
    } ],
    "faces" : [ {
      "vertices" : [ 0, 1, 2 ]
    }, {
      "vertices" : [ 0, 2, 1 ]
    } ]
  }, {
    "id" : "dc0ddd71-6695-4f77-a03e-2c40c34c4ea0",
    "vertices" : [ {
      "x" : 0.0,
      "y" : 0.0,
      "z" : 0.0
    }, {
      "x" : 1.7109141,
      "y" : -4.4792314,
      "z" : 0.0
    }, {
      "x" : 1.3775808,
      "y" : -4.6065536,
      "z" : -2.618034
    }, {
      "x" : 1.0,
      "y" : -3.618034,
      "z" : -2.618034
    } ],
    "faces" : [ {
      "vertices" : [ 0, 1, 2, 3 ]
    }, {
      "vertices" : [ 0, 3, 2, 1 ]
    } ]
  }, {
    "id" : "ee2f5c0a-ef6e-4b9f-8c0d-1e34eb8a9b4a",
    "vertices" : [ {
      "x" : 0.0,
      "y" : 0.0,
      "z" : 0.0
    }, {
      "x" : 0.0,
      "y" : -2.618034,
      "z" : -6.854102
    }, {
      "x" : -2.437694,
      "y" : 3.763932,
      "z" : -6.854102
    }, {
      "x" : -1.655186,
      "y" : 4.3333335,
      "z" : 0.0
    } ],
    "faces" : [ {
      "vertices" : [ 0, 1, 2, 3 ]
    }, {
      "vertices" : [ 0, 3, 2, 1 ]
    } ]
  }, {
    "id" : "d754145b-2889-4483-a2cf-32c35c8ae297",
    "vertices" : [ {
      "x" : 0.0,
      "y" : 0.0,
      "z" : 0.0
    }, {
      "x" : -2.5663712,
      "y" : 6.68034,
      "z" : -0.10081306
    }, {
      "x" : 0.038507164,
      "y" : -0.04915028,
      "z" : 0.13525492
    } ],
    "faces" : [ {
      "vertices" : [ 0, 1, 2 ]
    }, {
      "vertices" : [ 0, 2, 1 ]
    } ]
  }, {
    "id" : "07472406-3705-49df-aa4a-b0e7ad3c2b9b",
    "vertices" : [ {
      "x" : 0.0,
      "y" : 0.0,
      "z" : 0.0
    }, {
      "x" : -0.090169944,
      "y" : 0.14589803,
      "z" : -0.23606798
    }, {
      "x" : -0.89396423,
      "y" : 2.2502587,
      "z" : -0.23606798
    } ],
    "faces" : [ {
      "vertices" : [ 0, 1, 2 ]
    }, {
      "vertices" : [ 0, 2, 1 ]
    } ]
  }, {
    "id" : "ecec9581-ec48-488e-b04c-07b450609be8",
    "vertices" : [ {
      "x" : 0.0,
      "y" : 0.0,
      "z" : 0.0
    }, {
      "x" : -1.3426213,
      "y" : 4.027864,
      "z" : -1.3426213
    }, {
      "x" : 1.0623059,
      "y" : 7.2852182,
      "z" : -4.173762
    }, {
      "x" : 4.173762,
      "y" : 4.173762,
      "z" : -4.173762
    } ],
    "faces" : [ {
      "vertices" : [ 0, 1, 2, 3 ]
    }, {
      "vertices" : [ 0, 3, 2, 1 ]
    } ]
  }, {
    "id" : "f4fe96b4-eb0d-429f-a8e8-10c1dec2dae2",
    "vertices" : [ {
      "x" : 0.0,
      "y" : 0.0,
      "z" : 0.0
    }, {
      "x" : -1.655186,
      "y" : 4.3333335,
      "z" : 0.0
    }, {
      "x" : 0.0,
      "y" : 2.527864,
      "z" : 6.618034
    } ],
    "faces" : [ {
      "vertices" : [ 0, 1, 2 ]
    }, {
      "vertices" : [ 0, 2, 1 ]
    } ]
  }, {
    "id" : "b63900e3-c28d-42fc-9ba0-5c0c15e6cd6f",
    "vertices" : [ {
      "x" : 0.0,
      "y" : 0.0,
      "z" : 0.0
    }, {
      "x" : 0.80379426,
      "y" : -2.1043608,
      "z" : 0.0
    }, {
      "x" : 0.80379426,
      "y" : -2.1945307,
      "z" : -0.23606798
    } ],
    "faces" : [ {
      "vertices" : [ 0, 1, 2 ]
    }, {
      "vertices" : [ 0, 2, 1 ]
    } ]
  }, {
    "id" : "cf251488-b8d0-4c48-82f7-8a9c6e015b50",
    "vertices" : [ {
      "x" : 0.0,
      "y" : 0.0,
      "z" : 0.0
    }, {
      "x" : 0.0,
      "y" : -0.39886704,
      "z" : -1.0442475
    }, {
      "x" : -1.0,
      "y" : 1.8858336,
      "z" : -1.9169254
    } ],
    "faces" : [ {
      "vertices" : [ 0, 1, 2 ]
    }, {
      "vertices" : [ 0, 2, 1 ]
    } ]
  }, {
    "id" : "fe6cf124-569f-4a05-a9a8-b0a7e8765223",
    "vertices" : [ {
      "x" : 0.0,
      "y" : 0.0,
      "z" : 0.0
    }, {
      "x" : 0.5663712,
      "y" : 0.045084972,
      "z" : 4.0
    }, {
      "x" : 0.82978565,
      "y" : -0.51283574,
      "z" : 4.344814
    } ],
    "faces" : [ {
      "vertices" : [ 0, 1, 2 ]
    }, {
      "vertices" : [ 0, 2, 1 ]
    } ]
  }, {
    "id" : "49c2c2ef-4d28-45ae-bfa8-3cddd6c2f767",
    "vertices" : [ {
      "x" : 0.0,
      "y" : 0.0,
      "z" : 0.0
    }, {
      "x" : 2.6048784,
      "y" : -6.7294903,
      "z" : 0.23606798
    }, {
      "x" : 1.7109141,
      "y" : -4.4792314,
      "z" : 0.0
    } ],
    "faces" : [ {
      "vertices" : [ 0, 1, 2 ]
    }, {
      "vertices" : [ 0, 2, 1 ]
    } ]
  }, {
    "id" : "88d8d64f-6bd8-4432-97bf-796736fb06af",
    "vertices" : [ {
      "x" : 0.0,
      "y" : 0.0,
      "z" : 0.0
    }, {
      "x" : -0.3775808,
      "y" : 0.9885194,
      "z" : 0.0
    }, {
      "x" : 0.28908587,
      "y" : 0.24316339,
      "z" : 2.618034
    }, {
      "x" : 2.0,
      "y" : -4.236068,
      "z" : 2.618034
    } ],
    "faces" : [ {
      "vertices" : [ 0, 1, 2, 3 ]
    }, {
      "vertices" : [ 0, 3, 2, 1 ]
    } ]
  }, {
    "id" : "65e7e96d-9d51-4d6c-8ca9-deb9939915a3",
    "vertices" : [ {
      "x" : 0.0,
      "y" : 0.0,
      "z" : 0.0
    }, {
      "x" : -0.7825081,
      "y" : -0.5694013,
      "z" : -6.854102
    }, {
      "x" : -0.7825081,
      "y" : 4.7568364,
      "z" : 7.09017
    }, {
      "x" : 0.0,
      "y" : 2.618034,
      "z" : 6.854102
    } ],
    "faces" : [ {
      "vertices" : [ 0, 1, 2, 3 ]
    }, {
      "vertices" : [ 0, 3, 2, 1 ]
    } ]
  }, {
    "id" : "54cc43cc-4ea4-487f-883e-96d7bdb23df3",
    "vertices" : [ {
      "x" : 0.0,
      "y" : 0.0,
      "z" : 0.0
    }, {
      "x" : -3.9442718,
      "y" : -3.9442718,
      "z" : 3.9442718
    }, {
      "x" : -7.18034,
      "y" : -0.7082039,
      "z" : 3.9442718
    }, {
      "x" : -4.854102,
      "y" : 1.618034,
      "z" : 1.618034
    } ],
    "faces" : [ {
      "vertices" : [ 0, 1, 2, 3 ]
    }, {
      "vertices" : [ 0, 3, 2, 1 ]
    } ]
  }, {
    "id" : "09dd2b10-7206-45b0-bb15-ea37fb828514",
    "vertices" : [ {
      "x" : 0.0,
      "y" : 0.0,
      "z" : 0.0
    }, {
      "x" : -2.6048784,
      "y" : 6.7294903,
      "z" : -0.23606798
    }, {
      "x" : -1.7109141,
      "y" : 4.4792314,
      "z" : 0.0
    } ],
    "faces" : [ {
      "vertices" : [ 0, 1, 2 ]
    }, {
      "vertices" : [ 0, 2, 1 ]
    } ]
  }, {
    "id" : "44c0f807-b1b4-4592-8bb6-96d3dedd7d00",
    "vertices" : [ {
      "x" : 0.0,
      "y" : 0.0,
      "z" : 0.0
    }, {
      "x" : -0.39886704,
      "y" : 1.0442475,
      "z" : 0.0
    }, {
      "x" : -0.39886704,
      "y" : 2.6622815,
      "z" : 4.236068
    }, {
      "x" : 0.0,
      "y" : 1.618034,
      "z" : 4.236068
    } ],
    "faces" : [ {
      "vertices" : [ 0, 1, 2, 3 ]
    }, {
      "vertices" : [ 0, 3, 2, 1 ]
    } ]
  }, {
    "id" : "f2b45bc7-94e9-4b31-8d92-bd41726b671b",
    "vertices" : [ {
      "x" : 0.0,
      "y" : 0.0,
      "z" : 0.0
    }, {
      "x" : 0.0,
      "y" : -0.80379426,
      "z" : -2.1043608
    }, {
      "x" : -2.437694,
      "y" : 5.5781717,
      "z" : -2.1043608
    }, {
      "x" : -2.437694,
      "y" : 6.381966,
      "z" : 0.0
    } ],
    "faces" : [ {
      "vertices" : [ 0, 1, 2, 3 ]
    }, {
      "vertices" : [ 0, 3, 2, 1 ]
    } ]
  }, {
    "id" : "57265e17-2cc4-4799-b63f-800a947656ec",
    "vertices" : [ {
      "x" : 0.0,
      "y" : 0.0,
      "z" : 0.0
    }, {
      "x" : 0.0,
      "y" : 0.3775808,
      "z" : 0.9885194
    }, {
      "x" : 1.4376941,
      "y" : -3.386351,
      "z" : 0.9885194
    }, {
      "x" : 1.4376941,
      "y" : -3.763932,
      "z" : 0.0
    } ],
    "faces" : [ {
      "vertices" : [ 0, 1, 2, 3 ]
    }, {
      "vertices" : [ 0, 3, 2, 1 ]
    } ]
  }, {
    "id" : "160ebe3d-3bd2-4540-ab1f-2c9710911b3b",
    "vertices" : [ {
      "x" : 0.0,
      "y" : 0.0,
      "z" : 0.0
    }, {
      "x" : -0.20601133,
