{
  "polygons" : "true",
  "field" : "sqrtPhi",
  "symmetry" : "icosahedral",
  "orientations" : [ [ 1.0, 0.0, 0.0, 0.0, 0.0, 1.0, 0.0, 0.0, 0.0, 0.0, 1.0, 0.0, 0.0, 0.0, 0.0, 1.0 ], [ 0.0, 0.0, 1.0, 0.0, 1.0, 0.0, 0.0, 0.0, 0.0, 1.0, 0.0, 0.0, 0.0, 0.0, 0.0, 1.0 ], [ 0.0, 1.0, 0.0, 0.0, 0.0, 0.0, 1.0, 0.0, 1.0, 0.0, 0.0, 0.0, 0.0, 0.0, 0.0, 1.0 ], [ 0.809017, 0.309017, 0.5, 0.0, 0.309017, 0.5, -0.809017, 0.0, -0.5, 0.809017, 0.309017, 0.0, 0.0, 0.0, 0.0, 1.0 ], [ -0.5, 0.809017, 0.309017, 0.0, 0.809017, 0.309017, 0.5, 0.0, 0.309017, 0.5, -0.809017, 0.0, 0.0, 0.0, 0.0, 1.0 ], [ 0.309017, 0.5, -0.809017, 0.0, -0.5, 0.809017, 0.309017, 0.0, 0.809017, 0.309017, 0.5, 0.0, 0.0, 0.0, 0.0, 1.0 ], [ 0.5, 0.809017, 0.309017, 0.0, 0.809017, -0.309017, -0.5, 0.0, -0.309017, 0.5, -0.809017, 0.0, 0.0, 0.0, 0.0, 1.0 ], [ -0.309017, 0.5, -0.809017, 0.0, 0.5, 0.809017, 0.309017, 0.0, 0.809017, -0.309017, -0.5, 0.0, 0.0, 0.0, 0.0, 1.0 ], [ 0.809017, -0.309017, -0.5, 0.0, -0.309017, 0.5, -0.809017, 0.0, 0.5, 0.809017, 0.309017, 0.0, 0.0, 0.0, 0.0, 1.0 ], [ 0.5, 0.809017, -0.309017, 0.0, 0.809017, -0.309017, 0.5, 0.0, 0.309017, -0.5, -0.809017, 0.0, 0.0, 0.0, 0.0, 1.0 ], [ 0.309017, -0.5, -0.809017, 0.0, 0.5, 0.809017, -0.309017, 0.0, 0.809017, -0.309017, 0.5, 0.0, 0.0, 0.0, 0.0, 1.0 ], [ 0.809017, -0.309017, 0.5, 0.0, 0.309017, -0.5, -0.809017, 0.0, 0.5, 0.809017, -0.309017, 0.0, 0.0, 0.0, 0.0, 1.0 ], [ 0.809017, 0.309017, -0.5, 0.0, 0.309017, 0.5, 0.809017, 0.0, 0.5, -0.809017, 0.309017, 0.0, 0.0, 0.0, 0.0, 1.0 ], [ 0.5, -0.809017, 0.309017, 0.0, 0.809017, 0.309017, -0.5, 0.0, 0.309017, 0.5, 0.809017, 0.0, 0.0, 0.0, 0.0, 1.0 ], [ 0.309017, 0.5, 0.809017, 0.0, 0.5, -0.809017, 0.309017, 0.0, 0.809017, 0.309017, -0.5, 0.0, 0.0, 0.0, 0.0, 1.0 ], [ 1.0, 0.0, 0.0, 0.0, 0.0, -1.0, 0.0, 0.0, 0.0, 0.0, -1.0, 0.0, 0.0, 0.0, 0.0, 1.0 ], [ 0.0, 0.0, 1.0, 0.0, -1.0, 0.0, 0.0, 0.0, 0.0, -1.0, 0.0, 0.0, 0.0, 0.0, 0.0, 1.0 ], [ 0.0, 1.0, 0.0, 0.0, 0.0, 0.0, -1.0, 0.0, -1.0, 0.0, 0.0, 0.0, 0.0, 0.0, 0.0, 1.0 ], [ 0.809017, 0.309017, 0.5, 0.0, -0.309017, -0.5, 0.809017, 0.0, 0.5, -0.809017, -0.309017, 0.0, 0.0, 0.0, 0.0, 1.0 ], [ -0.5, 0.809017, 0.309017, 0.0, -0.809017, -0.309017, -0.5, 0.0, -0.309017, -0.5, 0.809017, 0.0, 0.0, 0.0, 0.0, 1.0 ], [ 0.309017, 0.5, -0.809017, 0.0, 0.5, -0.809017, -0.309017, 0.0, -0.809017, -0.309017, -0.5, 0.0, 0.0, 0.0, 0.0, 1.0 ], [ 0.5, 0.809017, 0.309017, 0.0, -0.809017, 0.309017, 0.5, 0.0, 0.309017, -0.5, 0.809017, 0.0, 0.0, 0.0, 0.0, 1.0 ], [ -0.309017, 0.5, -0.809017, 0.0, -0.5, -0.809017, -0.309017, 0.0, -0.809017, 0.309017, 0.5, 0.0, 0.0, 0.0, 0.0, 1.0 ], [ 0.809017, -0.309017, -0.5, 0.0, 0.309017, -0.5, 0.809017, 0.0, -0.5, -0.809017, -0.309017, 0.0, 0.0, 0.0, 0.0, 1.0 ], [ 0.5, 0.809017, -0.309017, 0.0, -0.809017, 0.309017, -0.5, 0.0, -0.309017, 0.5, 0.809017, 0.0, 0.0, 0.0, 0.0, 1.0 ], [ 0.309017, -0.5, -0.809017, 0.0, -0.5, -0.809017, 0.309017, 0.0, -0.809017, 0.309017, -0.5, 0.0, 0.0, 0.0, 0.0, 1.0 ], [ 0.809017, -0.309017, 0.5, 0.0, -0.309017, 0.5, 0.809017, 0.0, -0.5, -0.809017, 0.309017, 0.0, 0.0, 0.0, 0.0, 1.0 ], [ 0.809017, 0.309017, -0.5, 0.0, -0.309017, -0.5, -0.809017, 0.0, -0.5, 0.809017, -0.309017, 0.0, 0.0, 0.0, 0.0, 1.0 ], [ 0.5, -0.809017, 0.309017, 0.0, -0.809017, -0.309017, 0.5, 0.0, -0.309017, -0.5, -0.809017, 0.0, 0.0, 0.0, 0.0, 1.0 ], [ 0.309017, 0.5, 0.809017, 0.0, -0.5, 0.809017, -0.309017, 0.0, -0.809017, -0.309017, 0.5, 0.0, 0.0, 0.0, 0.0, 1.0 ], [ -1.0, 0.0, 0.0, 0.0, 0.0, -1.0, 0.0, 0.0, 0.0, 0.0, 1.0, 0.0, 0.0, 0.0, 0.0, 1.0 ], [ 0.0, 0.0, -1.0, 0.0, -1.0, 0.0, 0.0, 0.0, 0.0, 1.0, 0.0, 0.0, 0.0, 0.0, 0.0, 1.0 ], [ 0.0, -1.0, 0.0, 0.0, 0.0, 0.0, -1.0, 0.0, 1.0, 0.0, 0.0, 0.0, 0.0, 0.0, 0.0, 1.0 ], [ -0.809017, -0.309017, -0.5, 0.0, -0.309017, -0.5, 0.809017, 0.0, -0.5, 0.809017, 0.309017, 0.0, 0.0, 0.0, 0.0, 1.0 ], [ 0.5, -0.809017, -0.309017, 0.0, -0.809017, -0.309017, -0.5, 0.0, 0.309017, 0.5, -0.809017, 0.0, 0.0, 0.0, 0.0, 1.0 ], [ -0.309017, -0.5, 0.809017, 0.0, 0.5, -0.809017, -0.309017, 0.0, 0.809017, 0.309017, 0.5, 0.0, 0.0, 0.0, 0.0, 1.0 ], [ -0.5, -0.809017, -0.309017, 0.0, -0.809017, 0.309017, 0.5, 0.0, -0.309017, 0.5, -0.809017, 0.0, 0.0, 0.0, 0.0, 1.0 ], [ 0.309017, -0.5, 0.809017, 0.0, -0.5, -0.809017, -0.309017, 0.0, 0.809017, -0.309017, -0.5, 0.0, 0.0, 0.0, 0.0, 1.0 ], [ -0.809017, 0.309017, 0.5, 0.0, 0.309017, -0.5, 0.809017, 0.0, 0.5, 0.809017, 0.309017, 0.0, 0.0, 0.0, 0.0, 1.0 ], [ -0.5, -0.809017, 0.309017, 0.0, -0.809017, 0.309017, -0.5, 0.0, 0.309017, -0.5, -0.809017, 0.0, 0.0, 0.0, 0.0, 1.0 ], [ -0.309017, 0.5, 0.809017, 0.0, -0.5, -0.809017, 0.309017, 0.0, 0.809017, -0.309017, 0.5, 0.0, 0.0, 0.0, 0.0, 1.0 ], [ -0.809017, 0.309017, -0.5, 0.0, -0.309017, 0.5, 0.809017, 0.0, 0.5, 0.809017, -0.309017, 0.0, 0.0, 0.0, 0.0, 1.0 ], [ -0.809017, -0.309017, 0.5, 0.0, -0.309017, -0.5, -0.809017, 0.0, 0.5, -0.809017, 0.309017, 0.0, 0.0, 0.0, 0.0, 1.0 ], [ -0.5, 0.809017, -0.309017, 0.0, -0.809017, -0.309017, 0.5, 0.0, 0.309017, 0.5, 0.809017, 0.0, 0.0, 0.0, 0.0, 1.0 ], [ -0.309017, -0.5, -0.809017, 0.0, -0.5, 0.809017, -0.309017, 0.0, 0.809017, 0.309017, -0.5, 0.0, 0.0, 0.0, 0.0, 1.0 ], [ -1.0, 0.0, 0.0, 0.0, 0.0, 1.0, 0.0, 0.0, 0.0, 0.0, -1.0, 0.0, 0.0, 0.0, 0.0, 1.0 ], [ 0.0, 0.0, -1.0, 0.0, 1.0, 0.0, 0.0, 0.0, 0.0, -1.0, 0.0, 0.0, 0.0, 0.0, 0.0, 1.0 ], [ 0.0, -1.0, 0.0, 0.0, 0.0, 0.0, 1.0, 0.0, -1.0, 0.0, 0.0, 0.0, 0.0, 0.0, 0.0, 1.0 ], [ -0.809017, -0.309017, -0.5, 0.0, 0.309017, 0.5, -0.809017, 0.0, 0.5, -0.809017, -0.309017, 0.0, 0.0, 0.0, 0.0, 1.0 ], [ 0.5, -0.809017, -0.309017, 0.0, 0.809017, 0.309017, 0.5, 0.0, -0.309017, -0.5, 0.809017, 0.0, 0.0, 0.0, 0.0, 1.0 ], [ -0.309017, -0.5, 0.809017, 0.0, -0.5, 0.809017, 0.309017, 0.0, -0.809017, -0.309017, -0.5, 0.0, 0.0, 0.0, 0.0, 1.0 ], [ -0.5, -0.809017, -0.309017, 0.0, 0.809017, -0.309017, -0.5, 0.0, 0.309017, -0.5, 0.809017, 0.0, 0.0, 0.0, 0.0, 1.0 ], [ 0.309017, -0.5, 0.809017, 0.0, 0.5, 0.809017, 0.309017, 0.0, -0.809017, 0.309017, 0.5, 0.0, 0.0, 0.0, 0.0, 1.0 ], [ -0.809017, 0.309017, 0.5, 0.0, -0.309017, 0.5, -0.809017, 0.0, -0.5, -0.809017, -0.309017, 0.0, 0.0, 0.0, 0.0, 1.0 ], [ -0.5, -0.809017, 0.309017, 0.0, 0.809017, -0.309017, 0.5, 0.0, -0.309017, 0.5, 0.809017, 0.0, 0.0, 0.0, 0.0, 1.0 ], [ -0.309017, 0.5, 0.809017, 0.0, 0.5, 0.809017, -0.309017, 0.0, -0.809017, 0.309017, -0.5, 0.0, 0.0, 0.0, 0.0, 1.0 ], [ -0.809017, 0.309017, -0.5, 0.0, 0.309017, -0.5, -0.809017, 0.0, -0.5, -0.809017, 0.309017, 0.0, 0.0, 0.0, 0.0, 1.0 ], [ -0.809017, -0.309017, 0.5, 0.0, 0.309017, 0.5, 0.809017, 0.0, -0.5, 0.809017, -0.309017, 0.0, 0.0, 0.0, 0.0, 1.0 ], [ -0.5, 0.809017, -0.309017, 0.0, 0.809017, 0.309017, -0.5, 0.0, -0.309017, -0.5, -0.809017, 0.0, 0.0, 0.0, 0.0, 1.0 ], [ -0.309017, -0.5, -0.809017, 0.0, 0.5, -0.809017, 0.309017, 0.0, -0.809017, -0.309017, 0.5, 0.0, 0.0, 0.0, 0.0, 1.0 ] ],
  "lights" : {
    "backgroundColor" : "#AFC8DC",
    "ambientColor" : "#292929",
    "directionalLights" : [ {
      "direction" : [ 1.0, -1.0, -1.0 ],
      "color" : "#EBEBE4"
    }, {
      "direction" : [ -1.0, 0.0, 0.0 ],
      "color" : "#E4E4EB"
    }, {
      "direction" : [ 0.0, 0.0, -1.0 ],
      "color" : "#1E1E1E"
    } ]
  },
  "camera" : {
    "lookAtPoint" : {
      "x" : 0.0,
      "y" : 0.0,
      "z" : 0.0
    },
    "lookDirection" : {
      "x" : -0.03483582,
      "y" : 0.017414061,
      "z" : -0.99924153
    },
    "upDirection" : {
      "x" : -0.016557707,
      "y" : 0.999701,
      "z" : 0.017999303
    },
    "nearClipDistance" : 0.3189934,
    "farClipDistance" : 255.194,
    "viewDistance" : 127.59733,
    "fieldOfView" : 0.44262865,
    "lookDirectionRV" : {
      "x" : -0.03483582,
      "y" : 0.017414061,
      "z" : -0.99924153,
      "zero" : false
    },
    "lookAtPointRV" : {
      "x" : 0.0,
      "y" : 0.0,
      "z" : 0.0,
      "zero" : true
    },
    "upDirectionRV" : {
      "x" : -0.016557707,
      "y" : 0.999701,
      "z" : 0.017999303,
      "zero" : false
    },
    "perspective" : false,
    "width" : 57.418766,
    "stereo" : false,
    "position" : {
      "x" : 4.4449573,
      "y" : -2.2219877,
      "z" : 127.50055
    }
  },
  "embedding" : [ 1.0, 0.0, 0.0, 0.0, 0.0, 1.0, 0.0, 0.0, 0.0, 0.0, 1.0, 0.0, 0.0, 0.0, 0.0, 1.0 ],
  "shapes" : [ {
    "id" : "1322037e-efdc-49ee-9fb8-a5d7eca4a7c9",
    "orbit" : "blue",
    "orbitC" : "[[0,0,0,0,1],[0,0,0,0,1]]",
    "length" : "[0,1,-1,1,1]",
    "name" : " :sqrt(phi) -phi +phi*sqrt(phi)",
    "vertices" : [ {
      "x" : 6.381156,
      "y" : 0.20601133,
      "z" : 0.127322
    }, {
      "x" : 6.381156,
      "y" : 0.20601133,
      "z" : -0.127322
    }, {
      "x" : 0.6666667,
      "y" : 0.20601133,
      "z" : -0.127322
    }, {
      "x" : 0.6666667,
      "y" : 0.20601133,
      "z" : 0.127322
    }, {
      "x" : 6.381156,
      "y" : -0.20601133,
      "z" : 0.127322
    }, {
      "x" : 0.6666667,
      "y" : -0.20601133,
      "z" : 0.127322
    }, {
      "x" : 0.6666667,
      "y" : -0.20601133,
      "z" : -0.127322
    }, {
      "x" : 6.381156,
      "y" : -0.20601133,
      "z" : -0.127322
    }, {
      "x" : 7.0478225,
      "y" : 0.0,
      "z" : 0.0
    }, {
      "x" : 0.0,
      "y" : 0.0,
      "z" : 0.0
    } ],
    "faces" : [ {
      "vertices" : [ 1, 7, 6, 2 ]
    }, {
      "vertices" : [ 1, 8, 7 ]
    }, {
      "vertices" : [ 3, 9, 5 ]
    }, {
      "vertices" : [ 2, 6, 9 ]
    }, {
      "vertices" : [ 4, 7, 8 ]
    }, {
      "vertices" : [ 5, 9, 6 ]
    }, {
      "vertices" : [ 0, 1, 2, 3 ]
    }, {
      "vertices" : [ 4, 5, 6, 7 ]
    }, {
      "vertices" : [ 0, 8, 1 ]
    }, {
      "vertices" : [ 0, 3, 5, 4 ]
    }, {
      "vertices" : [ 0, 4, 8 ]
    }, {
      "vertices" : [ 2, 9, 3 ]
    } ]
  }, {
    "id" : "7b100dc7-0c90-4afa-bebf-2a7d8fd58bdc",
    "name" : "ball",
    "vertices" : [ {
      "x" : -0.6545085,
      "y" : -0.20225425,
      "z" : -0.125
    }, {
      "x" : -0.6545085,
      "y" : -0.20225425,
      "z" : 0.125
    }, {
      "x" : -0.6545085,
      "y" : 0.20225425,
      "z" : -0.125
    }, {
      "x" : -0.6545085,
      "y" : 0.20225425,
      "z" : 0.125
    }, {
      "x" : -0.5295085,
      "y" : -0.4045085,
      "z" : -0.20225425
    }, {
      "x" : -0.5295085,
      "y" : -0.4045085,
      "z" : 0.20225425
    }, {
      "x" : -0.5295085,
      "y" : 0.0,
      "z" : -0.45225424
    }, {
      "x" : -0.5295085,
      "y" : 0.0,
      "z" : 0.45225424
    }, {
      "x" : -0.5295085,
      "y" : 0.4045085,
      "z" : -0.20225425
    }, {
      "x" : -0.5295085,
      "y" : 0.4045085,
      "z" : 0.20225425
    }, {
      "x" : -0.45225424,
      "y" : -0.5295085,
      "z" : 0.0
    }, {
      "x" : -0.45225424,
      "y" : 0.5295085,
      "z" : 0.0
    }, {
      "x" : -0.4045085,
      "y" : -0.20225425,
      "z" : -0.5295085
    }, {
      "x" : -0.4045085,
      "y" : -0.20225425,
      "z" : 0.5295085
    }, {
      "x" : -0.4045085,
      "y" : 0.20225425,
      "z" : -0.5295085
    }, {
      "x" : -0.4045085,
      "y" : 0.20225425,
      "z" : 0.5295085
    }, {
      "x" : -0.20225425,
      "y" : -0.5295085,
      "z" : -0.4045085
    }, {
      "x" : -0.20225425,
      "y" : -0.5295085,
      "z" : 0.4045085
    }, {
      "x" : -0.20225425,
      "y" : -0.125,
      "z" : -0.6545085
    }, {
      "x" : -0.20225425,
      "y" : -0.125,
      "z" : 0.6545085
    }, {
      "x" : -0.20225425,
      "y" : 0.125,
      "z" : -0.6545085
    }, {
      "x" : -0.20225425,
      "y" : 0.125,
      "z" : 0.6545085
    }, {
      "x" : -0.20225425,
      "y" : 0.5295085,
      "z" : -0.4045085
    }, {
      "x" : -0.20225425,
      "y" : 0.5295085,
      "z" : 0.4045085
    }, {
      "x" : -0.125,
      "y" : -0.6545085,
      "z" : -0.20225425
    }, {
      "x" : -0.125,
      "y" : -0.6545085,
      "z" : 0.20225425
    }, {
      "x" : -0.125,
      "y" : 0.6545085,
      "z" : -0.20225425
    }, {
      "x" : -0.125,
      "y" : 0.6545085,
      "z" : 0.20225425
    }, {
      "x" : 0.0,
      "y" : -0.45225424,
      "z" : -0.5295085
    }, {
      "x" : 0.0,
      "y" : -0.45225424,
      "z" : 0.5295085
    }, {
      "x" : 0.0,
      "y" : 0.45225424,
      "z" : -0.5295085
    }, {
      "x" : 0.0,
      "y" : 0.45225424,
      "z" : 0.5295085
    }, {
      "x" : 0.125,
      "y" : -0.6545085,
      "z" : -0.20225425
    }, {
      "x" : 0.125,
      "y" : -0.6545085,
      "z" : 0.20225425
    }, {
      "x" : 0.125,
      "y" : 0.6545085,
      "z" : -0.20225425
    }, {
      "x" : 0.125,
      "y" : 0.6545085,
      "z" : 0.20225425
    }, {
      "x" : 0.20225425,
      "y" : -0.5295085,
      "z" : -0.4045085
    }, {
      "x" : 0.20225425,
      "y" : -0.5295085,
      "z" : 0.4045085
    }, {
      "x" : 0.20225425,
      "y" : -0.125,
      "z" : -0.6545085
    }, {
      "x" : 0.20225425,
      "y" : -0.125,
      "z" : 0.6545085
    }, {
      "x" : 0.20225425,
      "y" : 0.125,
      "z" : -0.6545085
    }, {
      "x" : 0.20225425,
      "y" : 0.125,
      "z" : 0.6545085
    }, {
      "x" : 0.20225425,
      "y" : 0.5295085,
      "z" : -0.4045085
    }, {
      "x" : 0.20225425,
      "y" : 0.5295085,
      "z" : 0.4045085
    }, {
      "x" : 0.4045085,
      "y" : -0.20225425,
      "z" : -0.5295085
    }, {
      "x" : 0.4045085,
      "y" : -0.20225425,
      "z" : 0.5295085
    }, {
      "x" : 0.4045085,
      "y" : 0.20225425,
      "z" : -0.5295085
    }, {
      "x" : 0.4045085,
      "y" : 0.20225425,
      "z" : 0.5295085
    }, {
      "x" : 0.45225424,
      "y" : -0.5295085,
      "z" : 0.0
    }, {
      "x" : 0.45225424,
      "y" : 0.5295085,
      "z" : 0.0
    }, {
      "x" : 0.5295085,
      "y" : -0.4045085,
      "z" : -0.20225425
    }, {
      "x" : 0.5295085,
      "y" : -0.4045085,
      "z" : 0.20225425
    }, {
      "x" : 0.5295085,
      "y" : 0.0,
      "z" : -0.45225424
    }, {
      "x" : 0.5295085,
      "y" : 0.0,
      "z" : 0.45225424
    }, {
      "x" : 0.5295085,
      "y" : 0.4045085,
      "z" : -0.20225425
    }, {
      "x" : 0.5295085,
      "y" : 0.4045085,
      "z" : 0.20225425
    }, {
      "x" : 0.6545085,
      "y" : -0.20225425,
      "z" : -0.125
    }, {
      "x" : 0.6545085,
      "y" : -0.20225425,
      "z" : 0.125
    }, {
      "x" : 0.6545085,
      "y" : 0.20225425,
      "z" : -0.125
    }, {
      "x" : 0.6545085,
      "y" : 0.20225425,
      "z" : 0.125
    } ],
    "faces" : [ {
      "vertices" : [ 36, 44, 50 ]
    }, {
      "vertices" : [ 37, 51, 45 ]
    }, {
      "vertices" : [ 0, 1, 3, 2 ]
    }, {
      "vertices" : [ 48, 50, 56, 57, 51 ]
    }, {
      "vertices" : [ 0, 2, 6 ]
    }, {
      "vertices" : [ 16, 28, 36, 32, 24 ]
    }, {
      "vertices" : [ 1, 7, 3 ]
    }, {
      "vertices" : [ 17, 25, 33, 37, 29 ]
    }, {
      "vertices" : [ 42, 54, 46 ]
    }, {
      "vertices" : [ 43, 47, 55 ]
    }, {
      "vertices" : [ 28, 38, 44, 36 ]
    }, {
      "vertices" : [ 49, 55, 59, 58, 54 ]
    }, {
      "vertices" : [ 0, 4, 10, 5, 1 ]
    }, {
      "vertices" : [ 0, 6, 12, 4 ]
    }, {
      "vertices" : [ 29, 37, 45, 39 ]
    }, {
      "vertices" : [ 1, 5, 13, 7 ]
    }, {
      "vertices" : [ 22, 26, 34, 42, 30 ]
    }, {
      "vertices" : [ 2, 8, 14, 6 ]
    }, {
      "vertices" : [ 30, 42, 46, 40 ]
    }, {
      "vertices" : [ 23, 31, 43, 35, 27 ]
    }, {
      "vertices" : [ 4, 12, 16 ]
    }, {
      "vertices" : [ 2, 3, 9, 11, 8 ]
    }, {
      "vertices" : [ 3, 7, 15, 9 ]
    }, {
      "vertices" : [ 31, 41, 47, 43 ]
    }, {
      "vertices" : [ 5, 17, 13 ]
    }, {
      "vertices" : [ 52, 58, 56 ]
    }, {
      "vertices" : [ 32, 36, 50, 48 ]
    }, {
      "vertices" : [ 53, 57, 59 ]
    }, {
      "vertices" : [ 33, 48, 51, 37 ]
    }, {
      "vertices" : [ 8, 22, 14 ]
    }, {
      "vertices" : [ 9, 15, 23 ]
    }, {
      "vertices" : [ 34, 49, 54, 42 ]
    }, {
      "vertices" : [ 4, 16, 24, 10 ]
    }, {
      "vertices" : [ 35, 43, 55, 49 ]
    }, {
      "vertices" : [ 5, 10, 25, 17 ]
    }, {
      "vertices" : [ 10, 24, 25 ]
    }, {
      "vertices" : [ 11, 27, 26 ]
    }, {
      "vertices" : [ 8, 11, 26, 22 ]
    }, {
      "vertices" : [ 9, 23, 27, 11 ]
    }, {
      "vertices" : [ 6, 14, 20, 18, 12 ]
    }, {
      "vertices" : [ 12, 18, 28, 16 ]
    }, {
      "vertices" : [ 44, 52, 56, 50 ]
    }, {
      "vertices" : [ 7, 13, 19, 21, 15 ]
    }, {
      "vertices" : [ 13, 17, 29, 19 ]
    }, {
      "vertices" : [ 45, 51, 57, 53 ]
    }, {
      "vertices" : [ 46, 54, 58, 52 ]
    }, {
      "vertices" : [ 18, 38, 28 ]
    }, {
      "vertices" : [ 14, 22, 30, 20 ]
    }, {
      "vertices" : [ 47, 53, 59, 55 ]
    }, {
      "vertices" : [ 19, 29, 39 ]
    }, {
      "vertices" : [ 20, 30, 40 ]
    }, {
      "vertices" : [ 15, 21, 31, 23 ]
    }, {
      "vertices" : [ 38, 40, 46, 52, 44 ]
    }, {
      "vertices" : [ 21, 41, 31 ]
    }, {
      "vertices" : [ 39, 45, 53, 47, 41 ]
    }, {
      "vertices" : [ 56, 58, 59, 57 ]
    }, {
      "vertices" : [ 32, 48, 33 ]
    }, {
      "vertices" : [ 24, 32, 33, 25 ]
    }, {
      "vertices" : [ 18, 20, 40, 38 ]
    }, {
      "vertices" : [ 34, 35, 49 ]
    }, {
      "vertices" : [ 19, 39, 41, 21 ]
    }, {
      "vertices" : [ 26, 27, 35, 34 ]
    } ]
  }, {
    "id" : "0896a8e8-cfd8-4b85-a7ef-ac1b4e04c0fa",
    "orbit" : "blue",
    "orbitC" : "[[0,0,0,0,1],[0,0,0,0,1]]",
    "length" : "[1,0,2,-1,1]",
    "name" : " :1 +2*phi -phi*sqrt(phi)",
    "vertices" : [ {
      "x" : 8.298302,
      "y" : 0.20601133,
      "z" : 0.127322
    }, {
      "x" : 8.298302,
      "y" : 0.20601133,
      "z" : -0.127322
    }, {
      "x" : 0.6666667,
      "y" : 0.20601133,
      "z" : -0.127322
    }, {
      "x" : 0.6666667,
      "y" : 0.20601133,
      "z" : 0.127322
    }, {
      "x" : 8.298302,
      "y" : -0.20601133,
      "z" : 0.127322
    }, {
      "x" : 0.6666667,
      "y" : -0.20601133,
      "z" : 0.127322
    }, {
      "x" : 0.6666667,
      "y" : -0.20601133,
      "z" : -0.127322
    }, {
      "x" : 8.298302,
      "y" : -0.20601133,
      "z" : -0.127322
    }, {
      "x" : 8.964969,
      "y" : 0.0,
      "z" : 0.0
    }, {
      "x" : 0.0,
      "y" : 0.0,
      "z" : 0.0
    } ],
    "faces" : [ {
      "vertices" : [ 1, 7, 6, 2 ]
    }, {
      "vertices" : [ 1, 8, 7 ]
    }, {
      "vertices" : [ 3, 9, 5 ]
    }, {
      "vertices" : [ 2, 6, 9 ]
    }, {
      "vertices" : [ 4, 7, 8 ]
    }, {
      "vertices" : [ 5, 9, 6 ]
    }, {
      "vertices" : [ 0, 1, 2, 3 ]
    }, {
      "vertices" : [ 4, 5, 6, 7 ]
    }, {
      "vertices" : [ 0, 8, 1 ]
    }, {
      "vertices" : [ 0, 3, 5, 4 ]
    }, {
      "vertices" : [ 0, 4, 8 ]
    }, {
      "vertices" : [ 2, 9, 3 ]
    } ]
  }, {
    "id" : "31284144-ff79-4bdb-b848-8e879a96b055",
    "orbit" : "67",
    "orbitC" : "[[-1,1,0,0,1],[1,1,0,-1,1]]",
    "length" : "[1,0,2,0,1]",
    "name" : " :1 +2*phi",
    "vertices" : [ {
      "x" : -4.1082177,
      "y" : -3.5202446,
      "z" : -15.904558
    }, {
      "x" : -4.2082176,
      "y" : -3.1202447,
      "z" : -16.004559
    }, {
      "x" : -0.37426668,
      "y" : -0.003666649,
      "z" : -0.57397336
    }, {
      "x" : -0.27426666,
      "y" : -0.40366665,
      "z" : -0.47397333
    }, {
      "x" : -4.508218,
      "y" : -3.253578,
      "z" : -15.771225
    }, {
      "x" : -4.408218,
      "y" : -3.653578,
      "z" : -15.671225
    }, {
      "x" : 0.025733331,
      "y" : -0.27033332,
      "z" : -0.7073067
    }, {
      "x" : -0.07426667,
      "y" : 0.12966669,
      "z" : -0.80730665
    } ],
    "faces" : [ {
      "vertices" : [ 2, 3, 6, 7 ]
    }, {
      "vertices" : [ 0, 5, 4, 1 ]
    }, {
      "vertices" : [ 2, 4, 5, 3 ]
    }, {
      "vertices" : [ 0, 6, 3, 5 ]
    }, {
      "vertices" : [ 0, 1, 7, 6 ]
    }, {
      "vertices" : [ 1, 4, 2, 7 ]
    } ]
  }, {
    "id" : "ea1be641-42a6-44c3-8052-426fe7c92f58",
    "vertices" : [ {
      "x" : 0.0,
      "y" : 0.0,
      "z" : 0.0
    }, {
      "x" : -5.7018085,
      "y" : -9.225719,
      "z" : 3.5239112
    }, {
      "x" : -20.002443,
      "y" : -11.996047,
      "z" : 8.006395
    }, {
      "x" : -29.433151,
      "y" : -5.7018085,
      "z" : 9.225719
    }, {
      "x" : -32.95706,
      "y" : 8.964969,
      "z" : 7.0478225
    }, {
      "x" : -27.255255,
      "y" : 18.19069,
      "z" : 3.5239112
    }, {
      "x" : -12.95462,
      "y" : 20.961016,
      "z" : -0.9585731
    }, {
      "x" : -3.5239112,
      "y" : 14.666777,
      "z" : -2.177897
    } ],
    "faces" : [ {
      "vertices" : [ 0, 1, 2, 3, 4, 5, 6, 7 ]
    }, {
      "vertices" : [ 0, 7, 6, 5, 4, 3, 2, 1 ]
    } ]
  }, {
    "id" : "67e6ddbf-e916-43a9-aab7-7aedd5f487a5",
    "orbit" : "blue",
    "orbitC" : "[[0,0,0,0,1],[0,0,0,0,1]]",
    "length" : "[0,0,0,1,1]",
    "name" : " :phi*sqrt(phi)",
    "vertices" : [ {
      "x" : 7.8054695,
      "y" : 0.20601133,
      "z" : 0.127322
    }, {
      "x" : 7.8054695,
      "y" : 0.20601133,
      "z" : -0.127322
    }, {
      "x" : 0.6666667,
      "y" : 0.20601133,
      "z" : -0.127322
    }, {
      "x" : 0.6666667,
      "y" : 0.20601133,
      "z" : 0.127322
    }, {
      "x" : 7.8054695,
      "y" : -0.20601133,
      "z" : 0.127322
    }, {
      "x" : 0.6666667,
      "y" : -0.20601133,
      "z" : 0.127322
    }, {
      "x" : 0.6666667,
      "y" : -0.20601133,
      "z" : -0.127322
    }, {
      "x" : 7.8054695,
      "y" : -0.20601133,
      "z" : -0.127322
    }, {
      "x" : 8.472136,
      "y" : 0.0,
      "z" : 0.0
    }, {
      "x" : 0.0,
      "y" : 0.0,
      "z" : 0.0
    } ],
    "faces" : [ {
      "vertices" : [ 1, 7, 6, 2 ]
    }, {
      "vertices" : [ 1, 8, 7 ]
    }, {
      "vertices" : [ 3, 9, 5 ]
    }, {
      "vertices" : [ 2, 6, 9 ]
    }, {
      "vertices" : [ 4, 7, 8 ]
    }, {
      "vertices" : [ 5, 9, 6 ]
    }, {
      "vertices" : [ 0, 1, 2, 3 ]
    }, {
      "vertices" : [ 4, 5, 6, 7 ]
    }, {
      "vertices" : [ 0, 8, 1 ]
    }, {
      "vertices" : [ 0, 3, 5, 4 ]
    }, {
      "vertices" : [ 0, 4, 8 ]
    }, {
      "vertices" : [ 2, 9, 3 ]
    } ]
  }, {
    "id" : "409b3d4e-9cfb-40a5-9fc7-df57bb560a92",
    "orbit" : "lavender",
    "orbitC" : "[[-3,0,2,0,1],[-3,0,2,0,1]]",
    "length" : "[0,1,0,2,1]",
    "name" : " :sqrt(phi) +2*phi*sqrt(phi)",
    "vertices" : [ {
      "x" : 3.8832815,
      "y" : 17.363726,
      "z" : 4.2166147
    }, {
      "x" : 3.9832816,
      "y" : 17.463724,
      "z" : 3.8166149
    }, {
      "x" : 0.3527864,
      "y" : 0.5805469,
      "z" : 0.019453071
    }, {
      "x" : 0.2527864,
      "y" : 0.48054692,
      "z" : 0.41945308
    }, {
      "x" : 4.283282,
      "y" : 17.230392,
      "z" : 3.9499483
    }, {
      "x" : 4.1832814,
      "y" : 17.130392,
      "z" : 4.3499484
    }, {
      "x" : -0.047213595,
      "y" : 0.71388024,
      "z" : 0.28611973
    }, {
      "x" : 0.052786406,
      "y" : 0.81388026,
      "z" : -0.11388026
    } ],
    "faces" : [ {
      "vertices" : [ 2, 3, 6, 7 ]
    }, {
      "vertices" : [ 0, 5, 4, 1 ]
    }, {
      "vertices" : [ 2, 4, 5, 3 ]
    }, {
      "vertices" : [ 0, 6, 3, 5 ]
    }, {
      "vertices" : [ 0, 1, 7, 6 ]
    }, {
      "vertices" : [ 1, 4, 2, 7 ]
    } ]
  }, {
    "id" : "a1eb67b0-d39d-44e7-8b90-e4f4614bf901",
    "orbit" : "65",
    "orbitC" : "[[6,8,7,-10,29],[5,26,1,-18,29]]",
    "length" : "[2,0,3,0,1]",
    "name" : " :2 +3*phi",
    "vertices" : [ {
      "x" : 6.615676,
      "y" : -21.654104,
      "z" : 8.045667
    }, {
      "x" : 6.215676,
      "y" : -21.754103,
      "z" : 8.145667
    }, {
      "x" : 0.04470547,
      "y" : -0.5262365,
      "z" : 0.42646885
    }, {
      "x" : 0.44470546,
      "y" : -0.4262365,
      "z" : 0.32646886
    }, {
      "x" : 6.349009,
      "y" : -21.52077,
      "z" : 8.445667
    }, {
      "x" : 6.749009,
      "y" : -21.42077,
      "z" : 8.345667
    }, {
      "x" : 0.31137213,
      "y" : -0.65956986,
      "z" : 0.026468856
    }, {
      "x" : -0.08862786,
      "y" : -0.7595698,
      "z" : 0.12646885
    } ],
    "faces" : [ {
      "vertices" : [ 2, 3, 6, 7 ]
    }, {
      "vertices" : [ 0, 5, 4, 1 ]
    }, {
      "vertices" : [ 2, 4, 5, 3 ]
    }, {
      "vertices" : [ 0, 6, 3, 5 ]
    }, {
      "vertices" : [ 0, 1, 7, 6 ]
    }, {
      "vertices" : [ 1, 4, 2, 7 ]
    } ]
  }, {
    "id" : "63e3e116-c562-46aa-8a18-687f5adeea16",
    "vertices" : [ {
      "x" : 0.0,
      "y" : 0.0,
      "z" : 0.0
    }, {
      "x" : 0.0,
      "y" : -8.964969,
      "z" : 0.0
    }, {
      "x" : -2.7703278,
      "y" : -4.4824843,
      "z" : -7.252812
    } ],
    "faces" : [ {
      "vertices" : [ 0, 1, 2 ]
    }, {
      "vertices" : [ 0, 2, 1 ]
    } ]
  }, {
    "id" : "5135ec82-8779-4271-b0ec-ad66d31066d8",
    "orbit" : "61",
    "orbitC" : "[[2,10,-3,-4,11],[-3,-4,-1,6,11]]",
    "length" : "[2,0,3,0,1]",
    "name" : " :2 +3*phi",
    "vertices" : [ {
      "x" : 13.142319,
      "y" : 10.622416,
      "z" : -17.038359
    }, {
      "x" : 13.242319,
      "y" : 10.222416,
      "z" : -17.13836
    }, {
      "x" : 0.5658849,
      "y" : 0.15430756,
      "z" : -0.39874607
    }, {
      "x" : 0.46588486,
      "y" : 0.5543076,
      "z" : -0.29874605
    }, {
      "x" : 13.542319,
      "y" : 10.355749,
      "z" : -16.905025
    }, {
      "x" : 13.442319,
      "y" : 10.755749,
      "z" : -16.805025
    }, {
      "x" : 0.16588485,
      "y" : 0.42097422,
      "z" : -0.5320794
    }, {
      "x" : 0.26588485,
      "y" : 0.020974219,
      "z" : -0.6320794
    } ],
    "faces" : [ {
      "vertices" : [ 2, 3, 6, 7 ]
    }, {
      "vertices" : [ 0, 5, 4, 1 ]
    }, {
      "vertices" : [ 2, 4, 5, 3 ]
    }, {
      "vertices" : [ 0, 6, 3, 5 ]
    }, {
      "vertices" : [ 0, 1, 7, 6 ]
    }, {
      "vertices" : [ 1, 4, 2, 7 ]
    } ]
  }, {
    "id" : "4a0362d2-456a-4b67-8e0b-507ca3454d8a",
    "vertices" : [ {
      "x" : 0.0,
      "y" : 0.0,
      "z" : 0.0
    }, {
      "x" : 0.0,
      "y" : -8.964969,
      "z" : 0.0
    }, {
      "x" : 0.0,
      "y" : -8.964969,
      "z" : -7.0478225
    }, {
      "x" : 0.0,
      "y" : 0.0,
      "z" : -7.0478225
    } ],
    "faces" : [ {
      "vertices" : [ 0, 1, 2, 3 ]
    }, {
      "vertices" : [ 0, 3, 2, 1 ]
    } ]
  }, {
    "id" : "597feb81-9834-499d-bc8e-40f6a84c3f1f",
    "vertices" : [ {
      "x" : 0.0,
      "y" : 0.0,
      "z" : 0.0
    }, {
      "x" : -2.7703278,
      "y" : 4.4824843,
      "z" : -7.252812
    }, {
      "x" : 0.0,
      "y" : 8.964969,
      "z" : 0.0
    } ],
    "faces" : [ {
      "vertices" : [ 0, 1, 2 ]
    }, {
      "vertices" : [ 0, 2, 1 ]
    } ]
  }, {
    "id" : "8fb6b0f0-7dab-476c-8371-c9e34385f5e9",
    "vertices" : [ {
      "x" : 0.0,
      "y" : 0.0,
      "z" : 0.0
    }, {
      "x" : 2.7703278,
      "y" : 4.4824843,
      "z" : 7.252812
    }, {
      "x" : 2.7703278,
      "y" : -4.4824843,
      "z" : 7.252812
    } ],
    "faces" : [ {
      "vertices" : [ 0, 1, 2 ]
    }, {
      "vertices" : [ 0, 2, 1 ]
    } ]
  }, {
    "id" : "4e7555c0-2fc2-42b1-8ec5-8c1b739f02e1",
    "vertices" : [ {
      "x" : 0.0,
      "y" : 0.0,
      "z" : 0.0
    }, {
      "x" : 0.0,
      "y" : 0.0,
      "z" : -7.0478225
    }, {
      "x" : 0.0,
      "y" : 8.964969,
      "z" : -7.0478225
    }, {
      "x" : 0.0,
      "y" : 8.964969,
      "z" : 0.0
    } ],
    "faces" : [ {
      "vertices" : [ 0, 1, 2, 3 ]
    }, {
      "vertices" : [ 0, 3, 2, 1 ]
    } ]
  }, {
    "id" : "1b16a0e2-d829-47cd-81aa-3148170adc60",
    "vertices" : [ {
      "x" : 0.0,
      "y" : 0.0,
      "z" : 0.0
    }, {
      "x" : 0.0,
      "y" : 8.964969,
      "z" : 0.0
    }, {
      "x" : 0.0,
      "y" : 8.964969,
      "z" : 7.0478225
    }, {
      "x" : 0.0,
      "y" : 0.0,
      "z" : 7.0478225
    } ],
    "faces" : [ {
      "vertices" : [ 0, 1, 2, 3 ]
    }, {
      "vertices" : [ 0, 3, 2, 1 ]
    } ]
  }, {
    "id" : "4eaef92b-c800-44d9-8baf-a129e3e8efac",
    "vertices" : [ {
      "x" : 0.0,
      "y" : 0.0,
      "z" : 0.0
    }, {
      "x" : -2.177897,
      "y" : 3.5239112,
      "z" : 5.7018085
    }, {
      "x" : 0.0,
      "y" : 0.0,
      "z" : 11.403617
    }, {
      "x" : 3.5239112,
      "y" : -5.7018085,
      "z" : 9.225719
    }, {
      "x" : 3.5239112,
      "y" : -5.7018085,
      "z" : 2.177897
    } ],
    "faces" : [ {
      "vertices" : [ 0, 1, 2, 3, 4 ]
    }, {
      "vertices" : [ 0, 4, 3, 2, 1 ]
    } ]
  }, {
    "id" : "0a44a630-e7cc-4590-ad31-a71367ff76dd",
    "vertices" : [ {
      "x" : 0.0,
      "y" : 0.0,
      "z" : 0.0
    }, {
      "x" : 2.177897,
      "y" : -3.5239112,
      "z" : 5.7018085
    }, {
      "x" : 5.7018085,
      "y" : -9.225719,
      "z" : 3.5239112
    }, {
      "x" : 5.7018085,
      "y" : -9.225719,
      "z" : -3.5239112
    }, {
      "x" : 2.177897,
      "y" : -3.5239112,
      "z" : -5.7018085
    } ],
    "faces" : [ {
      "vertices" : [ 0, 1, 2, 3, 4 ]
    }, {
      "vertices" : [ 0, 4, 3, 2, 1 ]
    } ]
  }, {
    "id" : "29148529-3b9a-4419-bf1e-f1829542aba5",
    "vertices" : [ {
      "x" : 0.0,
      "y" : 0.0,
      "z" : 0.0
    }, {
      "x" : 0.0,
      "y" : 0.0,
      "z" : 7.0478225
    }, {
      "x" : 0.0,
      "y" : -8.964969,
      "z" : 7.0478225
    }, {
      "x" : 0.0,
      "y" : -8.964969,
      "z" : 0.0
    } ],
    "faces" : [ {
      "vertices" : [ 0, 1, 2, 3 ]
    }, {
      "vertices" : [ 0, 3, 2, 1 ]
    } ]
  }, {
    "id" : "b39e52cc-315d-4760-bb21-24f2c79c8278",
    "vertices" : [ {
      "x" : 0.0,
      "y" : 0.0,
      "z" : 0.0
    }, {
      "x" : 0.0,
      "y" : 0.0,
      "z" : -7.0478225
    }, {
      "x" : -3.5239112,
      "y" : 5.7018085,
      "z" : -9.225719
    }, {
      "x" : -5.7018085,
      "y" : 9.225719,
      "z" : -3.5239112
    }, {
      "x" : -3.5239112,
      "y" : 5.7018085,
      "z" : 2.177897
    } ],
    "faces" : [ {
      "vertices" : [ 0, 1, 2, 3, 4 ]
    }, {
      "vertices" : [ 0, 4, 3, 2, 1 ]
    } ]
  }, {
    "id" : "a0274012-6932-4113-91de-1e99be8f7173",
    "vertices" : [ {
      "x" : 0.0,
      "y" : 0.0,
      "z" : 0.0
    }, {
      "x" : 0.0,
      "y" : 8.964969,
      "z" : 0.0
    }, {
      "x" : 0.0,
      "y" : 8.964969,
      "z" : 7.0478225
    } ],
    "faces" : [ {
      "vertices" : [ 0, 1, 2 ]
    }, {
      "vertices" : [ 0, 2, 1 ]
    } ]
  }, {
    "id" : "391359a0-35fa-4f14-bf35-60792ee47c6a",
    "vertices" : [ {
      "x" : 0.0,
      "y" : 0.0,
      "z" : 0.0
    }, {
      "x" : -3.5239112,
      "y" : 5.7018085,
      "z" : -2.177897
    }, {
      "x" : -5.7018085,
      "y" : 9.225719,
      "z" : 3.5239112
    }, {
      "x" : -3.5239112,
      "y" : 5.7018085,
      "z" : 9.225719
    }, {
      "x" : 0.0,
      "y" : 0.0,
      "z" : 7.0478225
    } ],
    "faces" : [ {
      "vertices" : [ 0, 1, 2, 3, 4 ]
    }, {
      "vertices" : [ 0, 4, 3, 2, 1 ]
    } ]
  }, {
    "id" : "eb56b901-21d5-4e5a-8dea-b909935bffa6",
    "orbit" : "62",
    "orbitC" : "[[-2,0,-1,2,1],[1,-2,1,0,1]]",
    "length" : "[0,1,0,1,1]",
    "name" : " :sqrt(phi) +phi*sqrt(phi)",
    "vertices" : [ {
      "x" : 1.2814296,
      "y" : 8.946476,
      "z" : -5.7265577
    }, {
      "x" : 0.8814297,
      "y" : 9.046475,
      "z" : -5.8265576
    }, {
      "x" : -0.062105853,
      "y" : 0.48423347,
      "z" : -0.5676815
    }, {
      "x" : 0.33789414,
      "y" : 0.38423344,
      "z" : -0.46768147
    }, {
      "x" : 1.014763,
      "y" : 8.813142,
      "z" : -6.1265574
    }, {
      "x" : 1.414763,
      "y" : 8.713142,
      "z" : -6.0265574
    }, {
      "x" : 0.20456082,
      "y" : 0.61756676,
      "z" : -0.16768147
    }, {
      "x" : -0.19543919,
      "y" : 0.7175668,
      "z" : -0.26768148
    } ],
    "faces" : [ {
      "vertices" : [ 2, 3, 6, 7 ]
    }, {
      "vertices" : [ 0, 5, 4, 1 ]
    }, {
      "vertices" : [ 2, 4, 5, 3 ]
    }, {
      "vertices" : [ 0, 6, 3, 5 ]
    }, {
      "vertices" : [ 0, 1, 7, 6 ]
    }, {
      "vertices" : [ 1, 4, 2, 7 ]
    } ]
  }, {
    "id" : "059cc97e-b71b-4e9e-913f-0e7fad331725",
    "vertices" : [ {
      "x" : 0.0,
      "y" : 0.0,
      "z" : 0.0
    }, {
      "x" : 3.5239112,
      "y" : -5.7018085,
      "z" : -2.177897
    }, {
      "x" : 3.5239112,
      "y" : -5.7018085,
      "z" : -9.225719
    }, {
      "x" : 0.0,
      "y" : 0.0,
      "z" : -11.403617
    }, {
      "x" : -2.177897,
      "y" : 3.5239112,
      "z" : -5.7018085
    } ],
    "faces" : [ {
      "vertices" : [ 0, 1, 2, 3, 4 ]
    }, {
      "vertices" : [ 0, 4, 3, 2, 1 ]
    } ]
  }, {
    "id" : "f8f3a0af-0a3c-4b7f-834d-7463a11ed057",
    "vertices" : [ {
      "x" : 0.0,
      "y" : 0.0,
      "z" : 0.0
    }, {
      "x" : 16.47853,
      "y" : -6.294239,
      "z" : -17.232115
    }, {
      "x" : 10.776724,
      "y" : 17.437105,
      "z" : -13.708204
    } ],
    "faces" : [ {
      "vertices" : [ 0, 1, 2 ]
    }, {
      "vertices" : [ 0, 2, 1 ]
    } ]
  }, {
    "id" : "cf1b9997-6f41-4bf7-91b5-fb16b0a5882c",
    "vertices" : [ {
      "x" : 0.0,
      "y" : 0.0,
      "z" : 0.0
    }, {
      "x" : 16.47853,
      "y" : -6.294239,
      "z" : -17.232115
    }, {
      "x" : 5.7018085,
      "y" : -23.731344,
      "z" : -3.5239112
    } ],
    "faces" : [ {
      "vertices" : [ 0, 1, 2 ]
    }, {
      "vertices" : [ 0, 2, 1 ]
    } ]
  }, {
    "id" : "367f9017-ab4c-4add-82c2-fc64039ba18a",
    "vertices" : [ {
      "x" : 0.0,
      "y" : 0.0,
      "z" : 0.0
    }, {
      "x" : 6.294239,
      "y" : -17.232115,
      "z" : 16.47853
    }, {
      "x" : -2.177897,
      "y" : -23.892496,
      "z" : -5.7018085
    } ],
    "faces" : [ {
      "vertices" : [ 0, 1, 2 ]
    }, {
      "vertices" : [ 0, 2, 1 ]
    } ]
  }, {
    "id" : "3394ceb2-ee14-4b4a-85c0-32a931f2e9a7",
    "vertices" : [ {
      "x" : 0.0,
      "y" : 0.0,
      "z" : 0.0
    }, {
      "x" : -6.294239,
      "y" : -17.232115,
      "z" : -16.47853
    }, {
      "x" : -8.472136,
      "y" : 6.6603813,
      "z" : -22.18034
    } ],
    "faces" : [ {
      "vertices" : [ 0, 1, 2 ]
    }, {
      "vertices" : [ 0, 2, 1 ]
    } ]
  }, {
    "id" : "df36f79e-7770-49af-bd70-e6ece8ec57da",
    "vertices" : [ {
      "x" : 0.0,
      "y" : 0.0,
      "z" : 0.0
    }, {
      "x" : -2.177897,
      "y" : 23.892496,
      "z" : -5.7018085
    }, {
      "x" : 6.294239,
      "y" : 17.232115,
      "z" : 16.47853
    } ],
    "faces" : [ {
      "vertices" : [ 0, 1, 2 ]
    }, {
      "vertices" : [ 0, 2, 1 ]
    } ]
  }, {
    "id" : "dc0a7bfd-ec34-4cfe-be16-54a7e95bd454",
    "vertices" : [ {
      "x" : 0.0,
      "y" : 0.0,
      "z" : 0.0
    }, {
      "x" : 2.177897,
      "y" : 23.892496,
      "z" : 5.7018085
    }, {
      "x" : 8.472136,
      "y" : 6.6603813,
      "z" : 22.18034
    } ],
    "faces" : [ {
      "vertices" : [ 0, 1, 2 ]
    }, {
      "vertices" : [ 0, 2, 1 ]
    } ]
  }, {
    "id" : "053e9f0d-adc5-4ca2-880c-aba0a78fe224",
    "vertices" : [ {
      "x" : 0.0,
      "y" : 0.0,
      "z" : 0.0
    }, {
      "x" : -8.472136,
      "y" : -6.6603813,
      "z" : -22.18034
    }, {
      "x" : -6.294239,
      "y" : 17.232115,
      "z" : -16.47853
    } ],
    "faces" : [ {
      "vertices" : [ 0, 1, 2 ]
    }, {
      "vertices" : [ 0, 2, 1 ]
    } ]
  }, {
    "id" : "5273011a-c995-44c0-8a46-e398050157d0",
    "vertices" : [ {
      "x" : 0.0,
      "y" : 0.0,
      "z" : 0.0
    }, {
      "x" : 8.472136,
      "y" : -6.6603813,
      "z" : 22.18034
    }, {
      "x" : 2.177897,
      "y" : -23.892496,
      "z" : 5.7018085
    } ],
    "faces" : [ {
      "vertices" : [ 0, 1, 2 ]
    }, {
      "vertices" : [ 0, 2, 1 ]
    } ]
  } ],
  "instances" : [ {
    "shape" : "1322037e-efdc-49ee-9fb8-a5d7eca4a7c9",
    "color" : "#008EC2",
    "position" : {
      "x" : 10.184293,
      "y" : 5.7018085,
      "z" : -12.95462
    },
    "orientation" : 53
  }, {
    "shape" : "7b100dc7-0c90-4afa-bebf-2a7d8fd58bdc",
    "color" : "#F2F2F2",
    "position" : {
      "x" : -16.47853,
      "y" : -4.4824843,
      "z" : 3.5239112
    }
  }, {
    "shape" : "0896a8e8-cfd8-4b85-a7ef-ac1b4e04c0fa",
    "color" : "#008EC2",
    "position" : {
      "x" : -13.708204,
      "y" : 0.0,
      "z" : 10.776724
    },
    "orientation" : 22
  }, {
    "shape" : "0896a8e8-cfd8-4b85-a7ef-ac1b4e04c0fa",
    "color" : "#008EC2",
    "position" : {
      "x" : 12.95462,
      "y" : -10.184293,
      "z" : 5.7018085
    },
    "orientation" : 41
  }, {
    "shape" : "7b100dc7-0c90-4afa-bebf-2a7d8fd58bdc",
    "color" : "#F2F2F2",
    "position" : {
      "x" : -4.4824843,
      "y" : -3.5239112,
      "z" : -16.47853
    }
  }, {
    "shape" : "0896a8e8-cfd8-4b85-a7ef-ac1b4e04c0fa",
    "color" : "#008EC2",
    "position" : {
      "x" : 0.0,
      "y" : 10.776724,
      "z" : -13.708204
    },
    "orientation" : 36
  }, {
    "shape" : "7b100dc7-0c90-4afa-bebf-2a7d8fd58bdc",
    "color" : "#F2F2F2",
    "position" : {
      "x" : 4.4824843,
      "y" : 3.5239112,
      "z" : -16.47853
    }
  }, {
    "shape" : "7b100dc7-0c90-4afa-bebf-2a7d8fd58bdc",
    "color" : "#F2F2F2",
    "position" : {
      "x" : 3.5239112,
      "y" : -16.47853,
      "z" : 4.4824843
    }
  }, {
    "shape" : "0896a8e8-cfd8-4b85-a7ef-ac1b4e04c0fa",
    "color" : "#008EC2",
    "position" : {
      "x" : -13.708204,
      "y" : 0.0,
      "z" : -10.776724
    },
    "orientation" : 7
  }, {
    "shape" : "1322037e-efdc-49ee-9fb8-a5d7eca4a7c9",
    "color" : "#008EC2",
    "position" : {
      "x" : -10.776724,
      "y" : -13.708204,
      "z" : 0.0
    },
    "orientation" : 55
  }, {
    "shape" : "7b100dc7-0c90-4afa-bebf-2a7d8fd58bdc",
    "color" : "#F2F2F2",
    "position" : {
      "x" : -13.708204,
      "y" : 0.0,
      "z" : -10.776724
    }
  }, {
    "shape" : "0896a8e8-cfd8-4b85-a7ef-ac1b4e04c0fa",
    "color" : "#008EC2",
    "position" : {
      "x" : 10.184293,
      "y" : -5.7018085,
      "z" : -12.95462
    },
    "orientation" : 39
  }, {
    "shape" : "7b100dc7-0c90-4afa-bebf-2a7d8fd58bdc",
    "color" : "#F2F2F2",
    "position" : {
      "x" : -12.95462,
      "y" : 10.184293,
      "z" : 5.7018085
    }
  }, {
    "shape" : "1322037e-efdc-49ee-9fb8-a5d7eca4a7c9",
    "color" : "#008EC2",
    "position" : {
      "x" : -5.7018085,
      "y" : 12.95462,
      "z" : 10.184293
    },
    "orientation" : 52
  }, {
    "shape" : "0896a8e8-cfd8-4b85-a7ef-ac1b4e04c0fa",
    "color" : "#008EC2",
    "position" : {
      "x" : -16.47853,
      "y" : 4.4824843,
      "z" : -3.5239112
    },
    "orientation" : 16
  }, {
    "shape" : "7b100dc7-0c90-4afa-bebf-2a7d8fd58bdc",
    "color" : "#F2F2F2",
    "position" : {
      "x" : -13.708204,
      "y" : 0.0,
      "z" : 10.776724
    }
  }, {
    "shape" : "31284144-ff79-4bdb-b848-8e879a96b055",
    "color" : "#FFFFFF",
    "position" : {
      "x" : 0.0,
      "y" : 0.0,
      "z" : 0.0
    },
    "orientation" : 32
  }, {
    "shape" : "7b100dc7-0c90-4afa-bebf-2a7d8fd58bdc",
    "color" : "#F2F2F2",
    "position" : {
      "x" : -16.47853,
      "y" : 4.4824843,
      "z" : 3.5239112
    }
  }, {
    "shape" : "0896a8e8-cfd8-4b85-a7ef-ac1b4e04c0fa",
    "color" : "#008EC2",
    "position" : {
      "x" : -12.95462,
      "y" : 10.184293,
      "z" : -5.7018085
    },
    "orientation" : 25
  }, {
    "shape" : "0896a8e8-cfd8-4b85-a7ef-ac1b4e04c0fa",
    "color" : "#008EC2",
    "position" : {
      "x" : 5.7018085,
      "y" : -12.95462,
      "z" : -10.184293
    },
    "orientation" : 11
  }, {
    "shape" : "1322037e-efdc-49ee-9fb8-a5d7eca4a7c9",
    "color" : "#008EC2",
    "position" : {
      "x" : 5.7018085,
      "y" : -12.95462,
      "z" : -10.184293
    },
    "orientation" : 56
  }, {
    "shape" : "7b100dc7-0c90-4afa-bebf-2a7d8fd58bdc",
    "color" : "#F2F2F2",
    "position" : {
      "x" : 5.7018085,
      "y" : -12.95462,
      "z" : 10.184293
    }
  }, {
