{
  "field" : "golden",
  "symmetry" : "icosahedral",
  "orientations" : [ [ 1.0, 0.0, 0.0, 0.0, 0.0, 1.0, 0.0, 0.0, 0.0, 0.0, 1.0, 0.0, 0.0, 0.0, 0.0, 1.0 ], [ 0.0, 0.0, 1.0, 0.0, 1.0, 0.0, 0.0, 0.0, 0.0, 1.0, 0.0, 0.0, 0.0, 0.0, 0.0, 1.0 ], [ 0.0, 1.0, 0.0, 0.0, 0.0, 0.0, 1.0, 0.0, 1.0, 0.0, 0.0, 0.0, 0.0, 0.0, 0.0, 1.0 ], [ 0.809017, 0.309017, 0.5, 0.0, 0.309017, 0.5, -0.809017, 0.0, -0.5, 0.809017, 0.309017, 0.0, 0.0, 0.0, 0.0, 1.0 ], [ -0.5, 0.809017, 0.309017, 0.0, 0.809017, 0.309017, 0.5, 0.0, 0.309017, 0.5, -0.809017, 0.0, 0.0, 0.0, 0.0, 1.0 ], [ 0.309017, 0.5, -0.809017, 0.0, -0.5, 0.809017, 0.309017, 0.0, 0.809017, 0.309017, 0.5, 0.0, 0.0, 0.0, 0.0, 1.0 ], [ 0.5, 0.809017, 0.309017, 0.0, 0.809017, -0.309017, -0.5, 0.0, -0.309017, 0.5, -0.809017, 0.0, 0.0, 0.0, 0.0, 1.0 ], [ -0.309017, 0.5, -0.809017, 0.0, 0.5, 0.809017, 0.309017, 0.0, 0.809017, -0.309017, -0.5, 0.0, 0.0, 0.0, 0.0, 1.0 ], [ 0.809017, -0.309017, -0.5, 0.0, -0.309017, 0.5, -0.809017, 0.0, 0.5, 0.809017, 0.309017, 0.0, 0.0, 0.0, 0.0, 1.0 ], [ 0.5, 0.809017, -0.309017, 0.0, 0.809017, -0.309017, 0.5, 0.0, 0.309017, -0.5, -0.809017, 0.0, 0.0, 0.0, 0.0, 1.0 ], [ 0.309017, -0.5, -0.809017, 0.0, 0.5, 0.809017, -0.309017, 0.0, 0.809017, -0.309017, 0.5, 0.0, 0.0, 0.0, 0.0, 1.0 ], [ 0.809017, -0.309017, 0.5, 0.0, 0.309017, -0.5, -0.809017, 0.0, 0.5, 0.809017, -0.309017, 0.0, 0.0, 0.0, 0.0, 1.0 ], [ 0.809017, 0.309017, -0.5, 0.0, 0.309017, 0.5, 0.809017, 0.0, 0.5, -0.809017, 0.309017, 0.0, 0.0, 0.0, 0.0, 1.0 ], [ 0.5, -0.809017, 0.309017, 0.0, 0.809017, 0.309017, -0.5, 0.0, 0.309017, 0.5, 0.809017, 0.0, 0.0, 0.0, 0.0, 1.0 ], [ 0.309017, 0.5, 0.809017, 0.0, 0.5, -0.809017, 0.309017, 0.0, 0.809017, 0.309017, -0.5, 0.0, 0.0, 0.0, 0.0, 1.0 ], [ 1.0, 0.0, 0.0, 0.0, 0.0, -1.0, 0.0, 0.0, 0.0, 0.0, -1.0, 0.0, 0.0, 0.0, 0.0, 1.0 ], [ 0.0, 0.0, 1.0, 0.0, -1.0, 0.0, 0.0, 0.0, 0.0, -1.0, 0.0, 0.0, 0.0, 0.0, 0.0, 1.0 ], [ 0.0, 1.0, 0.0, 0.0, 0.0, 0.0, -1.0, 0.0, -1.0, 0.0, 0.0, 0.0, 0.0, 0.0, 0.0, 1.0 ], [ 0.809017, 0.309017, 0.5, 0.0, -0.309017, -0.5, 0.809017, 0.0, 0.5, -0.809017, -0.309017, 0.0, 0.0, 0.0, 0.0, 1.0 ], [ -0.5, 0.809017, 0.309017, 0.0, -0.809017, -0.309017, -0.5, 0.0, -0.309017, -0.5, 0.809017, 0.0, 0.0, 0.0, 0.0, 1.0 ], [ 0.309017, 0.5, -0.809017, 0.0, 0.5, -0.809017, -0.309017, 0.0, -0.809017, -0.309017, -0.5, 0.0, 0.0, 0.0, 0.0, 1.0 ], [ 0.5, 0.809017, 0.309017, 0.0, -0.809017, 0.309017, 0.5, 0.0, 0.309017, -0.5, 0.809017, 0.0, 0.0, 0.0, 0.0, 1.0 ], [ -0.309017, 0.5, -0.809017, 0.0, -0.5, -0.809017, -0.309017, 0.0, -0.809017, 0.309017, 0.5, 0.0, 0.0, 0.0, 0.0, 1.0 ], [ 0.809017, -0.309017, -0.5, 0.0, 0.309017, -0.5, 0.809017, 0.0, -0.5, -0.809017, -0.309017, 0.0, 0.0, 0.0, 0.0, 1.0 ], [ 0.5, 0.809017, -0.309017, 0.0, -0.809017, 0.309017, -0.5, 0.0, -0.309017, 0.5, 0.809017, 0.0, 0.0, 0.0, 0.0, 1.0 ], [ 0.309017, -0.5, -0.809017, 0.0, -0.5, -0.809017, 0.309017, 0.0, -0.809017, 0.309017, -0.5, 0.0, 0.0, 0.0, 0.0, 1.0 ], [ 0.809017, -0.309017, 0.5, 0.0, -0.309017, 0.5, 0.809017, 0.0, -0.5, -0.809017, 0.309017, 0.0, 0.0, 0.0, 0.0, 1.0 ], [ 0.809017, 0.309017, -0.5, 0.0, -0.309017, -0.5, -0.809017, 0.0, -0.5, 0.809017, -0.309017, 0.0, 0.0, 0.0, 0.0, 1.0 ], [ 0.5, -0.809017, 0.309017, 0.0, -0.809017, -0.309017, 0.5, 0.0, -0.309017, -0.5, -0.809017, 0.0, 0.0, 0.0, 0.0, 1.0 ], [ 0.309017, 0.5, 0.809017, 0.0, -0.5, 0.809017, -0.309017, 0.0, -0.809017, -0.309017, 0.5, 0.0, 0.0, 0.0, 0.0, 1.0 ], [ -1.0, 0.0, 0.0, 0.0, 0.0, -1.0, 0.0, 0.0, 0.0, 0.0, 1.0, 0.0, 0.0, 0.0, 0.0, 1.0 ], [ 0.0, 0.0, -1.0, 0.0, -1.0, 0.0, 0.0, 0.0, 0.0, 1.0, 0.0, 0.0, 0.0, 0.0, 0.0, 1.0 ], [ 0.0, -1.0, 0.0, 0.0, 0.0, 0.0, -1.0, 0.0, 1.0, 0.0, 0.0, 0.0, 0.0, 0.0, 0.0, 1.0 ], [ -0.809017, -0.309017, -0.5, 0.0, -0.309017, -0.5, 0.809017, 0.0, -0.5, 0.809017, 0.309017, 0.0, 0.0, 0.0, 0.0, 1.0 ], [ 0.5, -0.809017, -0.309017, 0.0, -0.809017, -0.309017, -0.5, 0.0, 0.309017, 0.5, -0.809017, 0.0, 0.0, 0.0, 0.0, 1.0 ], [ -0.309017, -0.5, 0.809017, 0.0, 0.5, -0.809017, -0.309017, 0.0, 0.809017, 0.309017, 0.5, 0.0, 0.0, 0.0, 0.0, 1.0 ], [ -0.5, -0.809017, -0.309017, 0.0, -0.809017, 0.309017, 0.5, 0.0, -0.309017, 0.5, -0.809017, 0.0, 0.0, 0.0, 0.0, 1.0 ], [ 0.309017, -0.5, 0.809017, 0.0, -0.5, -0.809017, -0.309017, 0.0, 0.809017, -0.309017, -0.5, 0.0, 0.0, 0.0, 0.0, 1.0 ], [ -0.809017, 0.309017, 0.5, 0.0, 0.309017, -0.5, 0.809017, 0.0, 0.5, 0.809017, 0.309017, 0.0, 0.0, 0.0, 0.0, 1.0 ], [ -0.5, -0.809017, 0.309017, 0.0, -0.809017, 0.309017, -0.5, 0.0, 0.309017, -0.5, -0.809017, 0.0, 0.0, 0.0, 0.0, 1.0 ], [ -0.309017, 0.5, 0.809017, 0.0, -0.5, -0.809017, 0.309017, 0.0, 0.809017, -0.309017, 0.5, 0.0, 0.0, 0.0, 0.0, 1.0 ], [ -0.809017, 0.309017, -0.5, 0.0, -0.309017, 0.5, 0.809017, 0.0, 0.5, 0.809017, -0.309017, 0.0, 0.0, 0.0, 0.0, 1.0 ], [ -0.809017, -0.309017, 0.5, 0.0, -0.309017, -0.5, -0.809017, 0.0, 0.5, -0.809017, 0.309017, 0.0, 0.0, 0.0, 0.0, 1.0 ], [ -0.5, 0.809017, -0.309017, 0.0, -0.809017, -0.309017, 0.5, 0.0, 0.309017, 0.5, 0.809017, 0.0, 0.0, 0.0, 0.0, 1.0 ], [ -0.309017, -0.5, -0.809017, 0.0, -0.5, 0.809017, -0.309017, 0.0, 0.809017, 0.309017, -0.5, 0.0, 0.0, 0.0, 0.0, 1.0 ], [ -1.0, 0.0, 0.0, 0.0, 0.0, 1.0, 0.0, 0.0, 0.0, 0.0, -1.0, 0.0, 0.0, 0.0, 0.0, 1.0 ], [ 0.0, 0.0, -1.0, 0.0, 1.0, 0.0, 0.0, 0.0, 0.0, -1.0, 0.0, 0.0, 0.0, 0.0, 0.0, 1.0 ], [ 0.0, -1.0, 0.0, 0.0, 0.0, 0.0, 1.0, 0.0, -1.0, 0.0, 0.0, 0.0, 0.0, 0.0, 0.0, 1.0 ], [ -0.809017, -0.309017, -0.5, 0.0, 0.309017, 0.5, -0.809017, 0.0, 0.5, -0.809017, -0.309017, 0.0, 0.0, 0.0, 0.0, 1.0 ], [ 0.5, -0.809017, -0.309017, 0.0, 0.809017, 0.309017, 0.5, 0.0, -0.309017, -0.5, 0.809017, 0.0, 0.0, 0.0, 0.0, 1.0 ], [ -0.309017, -0.5, 0.809017, 0.0, -0.5, 0.809017, 0.309017, 0.0, -0.809017, -0.309017, -0.5, 0.0, 0.0, 0.0, 0.0, 1.0 ], [ -0.5, -0.809017, -0.309017, 0.0, 0.809017, -0.309017, -0.5, 0.0, 0.309017, -0.5, 0.809017, 0.0, 0.0, 0.0, 0.0, 1.0 ], [ 0.309017, -0.5, 0.809017, 0.0, 0.5, 0.809017, 0.309017, 0.0, -0.809017, 0.309017, 0.5, 0.0, 0.0, 0.0, 0.0, 1.0 ], [ -0.809017, 0.309017, 0.5, 0.0, -0.309017, 0.5, -0.809017, 0.0, -0.5, -0.809017, -0.309017, 0.0, 0.0, 0.0, 0.0, 1.0 ], [ -0.5, -0.809017, 0.309017, 0.0, 0.809017, -0.309017, 0.5, 0.0, -0.309017, 0.5, 0.809017, 0.0, 0.0, 0.0, 0.0, 1.0 ], [ -0.309017, 0.5, 0.809017, 0.0, 0.5, 0.809017, -0.309017, 0.0, -0.809017, 0.309017, -0.5, 0.0, 0.0, 0.0, 0.0, 1.0 ], [ -0.809017, 0.309017, -0.5, 0.0, 0.309017, -0.5, -0.809017, 0.0, -0.5, -0.809017, 0.309017, 0.0, 0.0, 0.0, 0.0, 1.0 ], [ -0.809017, -0.309017, 0.5, 0.0, 0.309017, 0.5, 0.809017, 0.0, -0.5, 0.809017, -0.309017, 0.0, 0.0, 0.0, 0.0, 1.0 ], [ -0.5, 0.809017, -0.309017, 0.0, 0.809017, 0.309017, -0.5, 0.0, -0.309017, -0.5, -0.809017, 0.0, 0.0, 0.0, 0.0, 1.0 ], [ -0.309017, -0.5, -0.809017, 0.0, 0.5, -0.809017, 0.309017, 0.0, -0.809017, -0.309017, 0.5, 0.0, 0.0, 0.0, 0.0, 1.0 ] ],
  "lights" : {
    "ambientColor" : "#292929",
    "backgroundColor" : "#E0EFFF",
    "directionalLights" : [ {
      "direction" : {
        "x" : 1.0,
        "y" : -1.0,
        "z" : -1.0
      },
      "color" : "#EBEBE4"
    }, {
      "direction" : {
        "x" : -1.0,
        "y" : 0.0,
        "z" : 0.0
      },
      "color" : "#E4E4EB"
    }, {
      "direction" : {
        "x" : 0.0,
        "y" : 0.0,
        "z" : -1.0
      },
      "color" : "#1E1E1E"
    } ]
  },
  "camera" : {
    "width" : 314.30756,
    "stereo" : false,
    "viewDistance" : 698.4612,
    "nearClipDistance" : 1.7461532,
    "farClipDistance" : 1396.9225,
    "lookAtPoint" : {
      "x" : 0.0,
      "y" : 0.0,
      "z" : 0.0
    },
    "fieldOfView" : 0.44262892,
    "perspective" : true,
    "lookDirection" : {
      "x" : 0.0,
      "y" : 0.0,
      "z" : -1.0
    },
    "upDirection" : {
      "x" : 0.0,
      "y" : 1.0,
      "z" : 0.0
    },
    "position" : {
      "x" : 0.0,
      "y" : 0.0,
      "z" : 698.4612
    }
  },
  "embedding" : [ 1.0, 0.0, 0.0, 0.0, 0.0, 1.0, 0.0, 0.0, 0.0, 0.0, 1.0, 0.0, 0.0, 0.0, 0.0, 1.0 ],
  "shapes" : [ {
    "id" : "2ed38a93-716a-4316-bbf0-4b531f689846",
    "vertices" : [ {
      "x" : 16.944271,
      "y" : 0.0,
      "z" : -44.36068
    }, {
      "x" : 8.472136,
      "y" : 41.12461,
      "z" : -22.18034
    }, {
      "x" : 25.416409,
      "y" : 41.12461,
      "z" : -66.54102
    } ],
    "faces" : [ {
      "vertices" : [ 0, 1, 2 ]
    }, {
      "vertices" : [ 0, 2, 1 ]
    } ]
  }, {
    "id" : "6054ea6e-8ead-4417-b189-0d379309588d",
    "vertices" : [ {
      "x" : 12.708204,
      "y" : -20.562305,
      "z" : -33.27051
    }, {
      "x" : 25.416409,
      "y" : -41.12461,
      "z" : -66.54102
    }, {
      "x" : 33.27051,
      "y" : -12.708204,
      "z" : -20.562305
    } ],
    "faces" : [ {
      "vertices" : [ 0, 1, 2 ]
    }, {
      "vertices" : [ 0, 2, 1 ]
    } ]
  }, {
    "id" : "ffa26e84-aa27-46ef-b849-6eb037f317f3",
    "vertices" : [ {
      "x" : -8.472136,
      "y" : 41.12461,
      "z" : -22.18034
    }, {
      "x" : 8.472136,
      "y" : 41.12461,
      "z" : 22.18034
    }, {
      "x" : 0.0,
      "y" : 82.24922,
      "z" : 0.0
    } ],
    "faces" : [ {
      "vertices" : [ 0, 1, 2 ]
    }, {
      "vertices" : [ 0, 2, 1 ]
    } ]
  }, {
    "id" : "23e03e2b-f3c6-48c3-b443-e9c0f9f9da50",
    "vertices" : [ {
      "x" : 0.309017,
      "y" : -0.309017,
      "z" : -0.309017
    }, {
      "x" : 0.5,
      "y" : 0.0,
      "z" : -0.19098301
    }, {
      "x" : 0.5,
      "y" : 0.0,
      "z" : 0.19098301
    }, {
      "x" : 0.309017,
      "y" : -0.309017,
      "z" : 0.309017
    }, {
      "x" : 0.19098301,
      "y" : -0.5,
      "z" : 0.0
    }, {
      "x" : 0.0,
      "y" : 0.19098301,
      "z" : 0.5
    }, {
      "x" : 0.0,
      "y" : -0.19098301,
      "z" : 0.5
    }, {
      "x" : 0.309017,
      "y" : 0.309017,
      "z" : 0.309017
    }, {
      "x" : -0.309017,
      "y" : -0.309017,
      "z" : 0.309017
    }, {
      "x" : -0.309017,
      "y" : 0.309017,
      "z" : 0.309017
    }, {
      "x" : -0.5,
      "y" : 0.0,
      "z" : 0.19098301
    }, {
      "x" : 0.0,
      "y" : -0.19098301,
      "z" : -0.5
    }, {
      "x" : 0.0,
      "y" : 0.19098301,
      "z" : -0.5
    }, {
      "x" : 0.309017,
      "y" : 0.309017,
      "z" : -0.309017
    }, {
      "x" : -0.309017,
      "y" : -0.309017,
      "z" : -0.309017
    }, {
      "x" : -0.19098301,
      "y" : -0.5,
      "z" : 0.0
    }, {
      "x" : -0.5,
      "y" : 0.0,
      "z" : -0.19098301
    }, {
      "x" : 0.19098301,
      "y" : 0.5,
      "z" : 0.0
    }, {
      "x" : -0.309017,
      "y" : 0.309017,
      "z" : -0.309017
    }, {
      "x" : 0.0,
      "y" : 0.0,
      "z" : 0.0
    }, {
      "x" : -0.19098301,
      "y" : 0.5,
      "z" : 0.0
    } ],
    "faces" : [ {
      "vertices" : [ 12, 18, 20 ]
    }, {
      "vertices" : [ 12, 20, 17 ]
    }, {
      "vertices" : [ 12, 17, 13 ]
    }, {
      "vertices" : [ 3, 6, 8 ]
    }, {
      "vertices" : [ 3, 8, 15 ]
    }, {
      "vertices" : [ 3, 15, 4 ]
    }, {
      "vertices" : [ 0, 11, 12 ]
    }, {
      "vertices" : [ 0, 12, 13 ]
    }, {
      "vertices" : [ 0, 13, 1 ]
    }, {
      "vertices" : [ 5, 9, 10 ]
    }, {
      "vertices" : [ 5, 10, 8 ]
    }, {
      "vertices" : [ 5, 8, 6 ]
    }, {
      "vertices" : [ 2, 7, 5 ]
    }, {
      "vertices" : [ 2, 5, 6 ]
    }, {
      "vertices" : [ 2, 6, 3 ]
    }, {
      "vertices" : [ 11, 14, 16 ]
    }, {
      "vertices" : [ 11, 16, 18 ]
    }, {
      "vertices" : [ 11, 18, 12 ]
    }, {
      "vertices" : [ 1, 13, 17 ]
    }, {
      "vertices" : [ 1, 17, 7 ]
    }, {
      "vertices" : [ 1, 7, 2 ]
    }, {
      "vertices" : [ 9, 20, 18 ]
    }, {
      "vertices" : [ 9, 18, 16 ]
    }, {
      "vertices" : [ 9, 16, 10 ]
    }, {
      "vertices" : [ 0, 1, 2 ]
    }, {
      "vertices" : [ 0, 2, 3 ]
    }, {
      "vertices" : [ 0, 3, 4 ]
    }, {
      "vertices" : [ 5, 7, 17 ]
    }, {
      "vertices" : [ 5, 17, 20 ]
    }, {
      "vertices" : [ 5, 20, 9 ]
    }, {
      "vertices" : [ 0, 4, 15 ]
    }, {
      "vertices" : [ 0, 15, 14 ]
    }, {
      "vertices" : [ 0, 14, 11 ]
    }, {
      "vertices" : [ 8, 10, 16 ]
    }, {
      "vertices" : [ 8, 16, 14 ]
    }, {
      "vertices" : [ 8, 14, 15 ]
    } ]
  }, {
    "id" : "4cefa968-01e3-496c-bad6-55dce2de35bc",
    "vertices" : [ {
      "x" : 33.27051,
      "y" : 12.708204,
      "z" : 20.562305
    }, {
      "x" : 66.54102,
      "y" : 25.416409,
      "z" : 41.12461
    }, {
      "x" : 33.27051,
      "y" : -12.708204,
      "z" : 20.562305
    } ],
    "faces" : [ {
      "vertices" : [ 0, 1, 2 ]
    }, {
      "vertices" : [ 0, 2, 1 ]
    } ]
  }, {
    "id" : "acaea04c-823a-46a7-a46f-cb8929568299",
    "vertices" : [ {
      "x" : 33.27051,
      "y" : 12.708204,
      "z" : 20.562305
    }, {
      "x" : 66.54102,
      "y" : 25.416409,
      "z" : 41.12461
    }, {
      "x" : 20.562305,
      "y" : 33.27051,
      "z" : 12.708204
    } ],
    "faces" : [ {
      "vertices" : [ 0, 1, 2 ]
    }, {
      "vertices" : [ 0, 2, 1 ]
    } ]
  }, {
    "id" : "5790da6a-4051-41d0-9861-fa29b4596903",
    "vertices" : [ {
      "x" : 33.27051,
      "y" : 12.708204,
      "z" : -20.562305
    }, {
      "x" : 12.708204,
      "y" : 20.562305,
      "z" : -33.27051
    }, {
      "x" : 25.416409,
      "y" : 41.12461,
      "z" : -66.54102
    } ],
    "faces" : [ {
      "vertices" : [ 0, 1, 2 ]
    }, {
      "vertices" : [ 0, 2, 1 ]
    } ]
  }, {
    "id" : "7750d2a1-55c4-43c4-84d9-ac9f3e2be731",
    "vertices" : [ {
      "x" : 0.809017,
      "y" : 0.618034,
      "z" : -0.19098301
    }, {
      "x" : 0.809017,
      "y" : 0.0,
      "z" : -0.19098301
    }, {
      "x" : 0.309017,
      "y" : 0.11803399,
      "z" : 0.0
    }, {
      "x" : 43.551662,
      "y" : 16.944271,
      "z" : 0.19098301
    }, {
      "x" : 0.809017,
      "y" : 0.618034,
      "z" : 0.19098301
    }, {
      "x" : 0.809017,
      "y" : 0.0,
      "z" : 0.19098301
    }, {
      "x" : 43.551662,
      "y" : 16.326239,
      "z" : 0.19098301
    }, {
      "x" : 44.051662,
      "y" : 16.826239,
      "z" : 0.0
    }, {
      "x" : 43.551662,
      "y" : 16.944271,
      "z" : -0.19098301
    }, {
      "x" : 44.36068,
      "y" : 16.944271,
      "z" : 0.0
    }, {
      "x" : 43.551662,
      "y" : 16.326239,
      "z" : -0.19098301
    } ],
    "faces" : [ {
      "vertices" : [ 3, 6, 7 ]
    }, {
      "vertices" : [ 3, 4, 5 ]
    }, {
      "vertices" : [ 3, 5, 6 ]
    }, {
      "vertices" : [ 3, 7, 8 ]
    }, {
      "vertices" : [ 0, 1, 2 ]
    }, {
      "vertices" : [ 0, 8, 10 ]
    }, {
      "vertices" : [ 0, 10, 1 ]
    }, {
      "vertices" : [ 1, 10, 6 ]
    }, {
      "vertices" : [ 1, 6, 5 ]
    }, {
      "vertices" : [ 0, 2, 4 ]
    }, {
      "vertices" : [ 6, 10, 7 ]
    }, {
      "vertices" : [ 1, 5, 2 ]
    }, {
      "vertices" : [ 7, 10, 8 ]
    }, {
      "vertices" : [ 2, 5, 4 ]
    }, {
      "vertices" : [ 0, 4, 3 ]
    }, {
      "vertices" : [ 0, 3, 8 ]
    } ]
  }, {
    "id" : "429ae764-0799-4432-8e51-aaacd5a160bb",
    "vertices" : [ {
      "x" : -20.562305,
      "y" : -33.27051,
      "z" : -12.708204
    }, {
      "x" : -33.27051,
      "y" : -12.708204,
      "z" : -20.562305
    }, {
      "x" : -66.54102,
      "y" : -25.416409,
      "z" : -41.12461
    } ],
    "faces" : [ {
      "vertices" : [ 0, 1, 2 ]
    }, {
      "vertices" : [ 0, 2, 1 ]
    } ]
  }, {
    "id" : "7ff1ed0c-dd7a-4021-bdb8-173a0a13ae32",
    "vertices" : [ {
      "x" : 20.562305,
      "y" : 33.27051,
      "z" : -12.708204
    }, {
      "x" : 0.0,
      "y" : 41.12461,
      "z" : 0.0
    }, {
      "x" : 0.0,
      "y" : 82.24922,
      "z" : 0.0
    } ],
    "faces" : [ {
      "vertices" : [ 0, 1, 2 ]
    }, {
      "vertices" : [ 0, 2, 1 ]
    } ]
  }, {
    "id" : "5927009b-6940-4e70-8058-10685c083c93",
    "vertices" : [ {
      "x" : 0.16311896,
      "y" : 0.66311896,
      "z" : 0.76393205
    }, {
      "x" : 24.635256,
      "y" : 25.135256,
      "z" : 40.36068
    }, {
      "x" : 24.944271,
      "y" : 25.253288,
      "z" : 40.169697
    }, {
      "x" : 0.47213596,
      "y" : 0.78115296,
      "z" : 0.572949
    }, {
      "x" : 25.416409,
      "y" : 25.416409,
      "z" : 41.12461
    }, {
      "x" : 0.78115296,
      "y" : 0.28115296,
      "z" : 0.76393205
    }, {
      "x" : 0.18033989,
      "y" : 0.18033989,
      "z" : 0.29179606
    }, {
      "x" : 25.253288,
      "y" : 24.753288,
      "z" : 40.36068
    }, {
      "x" : 24.944271,
      "y" : 24.635256,
      "z" : 40.551662
    }, {
      "x" : 0.47213596,
      "y" : 0.16311896,
      "z" : 0.95491505
    }, {
      "x" : 25.236069,
      "y" : 25.236069,
      "z" : 40.832817
    } ],
    "faces" : [ {
      "vertices" : [ 2, 7, 5 ]
    }, {
      "vertices" : [ 2, 5, 3 ]
    }, {
      "vertices" : [ 0, 9, 8 ]
    }, {
      "vertices" : [ 0, 8, 1 ]
    }, {
      "vertices" : [ 2, 10, 7 ]
    }, {
      "vertices" : [ 1, 8, 10 ]
    }, {
      "vertices" : [ 5, 9, 6 ]
    }, {
      "vertices" : [ 0, 1, 2 ]
    }, {
      "vertices" : [ 0, 2, 3 ]
    }, {
      "vertices" : [ 0, 3, 6 ]
    }, {
      "vertices" : [ 7, 10, 8 ]
    }, {
      "vertices" : [ 5, 7, 8 ]
    }, {
      "vertices" : [ 5, 8, 9 ]
    }, {
      "vertices" : [ 1, 10, 2 ]
    }, {
      "vertices" : [ 3, 5, 6 ]
    }, {
      "vertices" : [ 0, 6, 9 ]
    } ]
  }, {
    "id" : "e4d5baeb-066a-4758-b538-5243e80fd9f3",
    "vertices" : [ {
      "x" : -20.562305,
      "y" : 33.27051,
      "z" : -12.708204
    }, {
      "x" : -41.12461,
      "y" : 66.54102,
      "z" : -25.416409
    }, {
      "x" : -20.562305,
      "y" : 33.27051,
      "z" : 12.708204
    } ],
    "faces" : [ {
      "vertices" : [ 0, 1, 2 ]
    }, {
      "vertices" : [ 0, 2, 1 ]
    } ]
  }, {
    "id" : "bc5e59d4-c896-48b5-9c4b-8b98d2b25ff5",
    "vertices" : [ {
      "x" : 41.12461,
      "y" : -22.18034,
      "z" : 8.472136
    }, {
      "x" : 41.12461,
      "y" : 22.18034,
      "z" : -8.472136
    }, {
      "x" : 82.24922,
      "y" : 0.0,
      "z" : 0.0
    } ],
    "faces" : [ {
      "vertices" : [ 0, 1, 2 ]
    }, {
      "vertices" : [ 0, 2, 1 ]
    } ]
  }, {
    "id" : "5d7c8061-b406-40d6-af75-13638d643b95",
    "vertices" : [ {
      "x" : 33.27051,
      "y" : 12.708204,
      "z" : -20.562305
    }, {
      "x" : 66.54102,
      "y" : 25.416409,
      "z" : -41.12461
    }, {
      "x" : 12.708204,
      "y" : 20.562305,
      "z" : -33.27051
    } ],
    "faces" : [ {
      "vertices" : [ 0, 1, 2 ]
    }, {
      "vertices" : [ 0, 2, 1 ]
    } ]
  }, {
    "id" : "a26a87ef-d1ca-4dfe-adb4-65f82592a6c7",
    "vertices" : [ {
      "x" : -33.27051,
      "y" : -12.708204,
      "z" : 20.562305
    }, {
      "x" : -20.562305,
      "y" : -33.27051,
      "z" : 12.708204
    }, {
      "x" : -41.12461,
      "y" : -66.54102,
      "z" : 25.416409
    } ],
    "faces" : [ {
      "vertices" : [ 0, 1, 2 ]
    }, {
      "vertices" : [ 0, 2, 1 ]
    } ]
  }, {
    "id" : "3120e8bb-e1ad-4d6b-90cc-5c0056c3fb8e",
    "vertices" : [ {
      "x" : 41.12461,
      "y" : 22.18034,
      "z" : 8.472136
    }, {
      "x" : 0.0,
      "y" : 44.36068,
      "z" : 16.944271
    }, {
      "x" : 41.12461,
      "y" : 66.54102,
      "z" : 25.416409
    } ],
    "faces" : [ {
      "vertices" : [ 0, 1, 2 ]
    }, {
      "vertices" : [ 0, 2, 1 ]
    } ]
  }, {
    "id" : "31e99a2c-d990-4c64-b40e-f56af0627568",
    "vertices" : [ {
      "x" : -41.12461,
      "y" : 0.0,
      "z" : 0.0
    }, {
      "x" : -82.24922,
      "y" : 0.0,
      "z" : 0.0
    }, {
      "x" : -33.27051,
      "y" : 12.708204,
      "z" : -20.562305
    } ],
    "faces" : [ {
      "vertices" : [ 0, 1, 2 ]
    }, {
      "vertices" : [ 0, 2, 1 ]
    } ]
  }, {
    "id" : "7b8a70a4-7084-4153-902c-897c01754cd4",
    "vertices" : [ {
      "x" : 0.0,
      "y" : 41.12461,
      "z" : 0.0
    }, {
      "x" : -20.562305,
      "y" : 33.27051,
      "z" : -12.708204
    }, {
      "x" : -41.12461,
      "y" : 66.54102,
      "z" : -25.416409
    } ],
    "faces" : [ {
      "vertices" : [ 0, 1, 2 ]
    }, {
      "vertices" : [ 0, 2, 1 ]
    } ]
  }, {
    "id" : "1845a196-c279-4421-a4e4-2218bd477e96",
    "vertices" : [ {
      "x" : -41.12461,
      "y" : 0.0,
      "z" : 0.0
    }, {
      "x" : -33.27051,
      "y" : -12.708204,
      "z" : 20.562305
    }, {
      "x" : -66.54102,
      "y" : -25.416409,
      "z" : 41.12461
    } ],
    "faces" : [ {
      "vertices" : [ 0, 1, 2 ]
    }, {
      "vertices" : [ 0, 2, 1 ]
    } ]
  }, {
    "id" : "28d35b78-f3f7-40d2-850d-1b0e91f55916",
    "vertices" : [ {
      "x" : 35.888542,
      "y" : -30.652475,
      "z" : -5.236068
    }, {
      "x" : 30.652475,
      "y" : 5.236068,
      "z" : -35.888542
    }, {
      "x" : 66.54102,
      "y" : -25.416409,
      "z" : -41.12461
    } ],
    "faces" : [ {
      "vertices" : [ 0, 1, 2 ]
    }, {
      "vertices" : [ 0, 2, 1 ]
    } ]
  }, {
    "id" : "0a2e229e-1f4e-436d-b767-94e34c8afca2",
    "vertices" : [ {
      "x" : -33.27051,
      "y" : -12.708204,
      "z" : -20.562305
    }, {
      "x" : -66.54102,
      "y" : -25.416409,
      "z" : -41.12461
    }, {
      "x" : -41.12461,
      "y" : 0.0,
      "z" : 0.0
    } ],
    "faces" : [ {
      "vertices" : [ 0, 1, 2 ]
    }, {
      "vertices" : [ 0, 2, 1 ]
    } ]
  }, {
    "id" : "ab8e93dc-e0a5-4042-996d-9e8ad320ed6c",
    "vertices" : [ {
      "x" : -12.708204,
      "y" : 20.562305,
      "z" : -33.27051
    }, {
      "x" : -33.27051,
      "y" : 12.708204,
      "z" : -20.562305
    }, {
      "x" : -66.54102,
      "y" : 25.416409,
      "z" : -41.12461
    } ],
    "faces" : [ {
      "vertices" : [ 0, 1, 2 ]
    }, {
      "vertices" : [ 0, 2, 1 ]
    } ]
  }, {
    "id" : "366a3842-e977-4d07-baba-255eb22c4cc9",
    "vertices" : [ {
      "x" : -8.472136,
      "y" : -41.12461,
      "z" : 22.18034
    }, {
      "x" : 8.472136,
      "y" : -41.12461,
      "z" : -22.18034
    }, {
      "x" : 0.0,
      "y" : -82.24922,
      "z" : 0.0
    } ],
    "faces" : [ {
      "vertices" : [ 0, 1, 2 ]
    }, {
      "vertices" : [ 0, 2, 1 ]
    } ]
  }, {
    "id" : "43ed6975-7cde-421a-b1ea-586e27522066",
    "vertices" : [ {
      "x" : 0.0,
      "y" : -41.12461,
      "z" : 0.0
    }, {
      "x" : 20.562305,
      "y" : -33.27051,
      "z" : -12.708204
    }, {
      "x" : 41.12461,
      "y" : -66.54102,
      "z" : -25.416409
    } ],
    "faces" : [ {
      "vertices" : [ 0, 1, 2 ]
    }, {
      "vertices" : [ 0, 2, 1 ]
    } ]
  }, {
    "id" : "04d9948c-818b-4b7f-83c8-c76212cc7a86",
    "vertices" : [ {
      "x" : 12.708204,
      "y" : 20.562305,
      "z" : 33.27051
    }, {
      "x" : 25.416409,
      "y" : 41.12461,
      "z" : 66.54102
    }, {
      "x" : -12.708204,
      "y" : 20.562305,
      "z" : 33.27051
    } ],
    "faces" : [ {
      "vertices" : [ 0, 1, 2 ]
    }, {
      "vertices" : [ 0, 2, 1 ]
    } ]
  }, {
    "id" : "61a8b4cc-da4f-4124-94dd-25e9ad06caab",
    "vertices" : [ {
      "x" : -20.562305,
      "y" : -33.27051,
      "z" : -12.708204
    }, {
      "x" : -41.12461,
      "y" : -66.54102,
      "z" : -25.416409
    }, {
      "x" : 0.0,
      "y" : -41.12461,
      "z" : 0.0
    } ],
    "faces" : [ {
      "vertices" : [ 0, 1, 2 ]
    }, {
      "vertices" : [ 0, 2, 1 ]
    } ]
  }, {
    "id" : "84f09aaf-e493-4ade-96f6-ad41c85ac1b5",
    "vertices" : [ {
      "x" : 0.0,
      "y" : 0.0,
      "z" : -41.12461
    }, {
      "x" : 0.0,
      "y" : 0.0,
      "z" : -82.24922
    }, {
      "x" : 12.708204,
      "y" : -20.562305,
      "z" : -33.27051
    } ],
    "faces" : [ {
      "vertices" : [ 0, 1, 2 ]
    }, {
      "vertices" : [ 0, 2, 1 ]
    } ]
  }, {
    "id" : "65420f58-61b6-4c4c-ac86-699682479840",
    "vertices" : [ {
      "x" : -12.708204,
      "y" : 20.562305,
      "z" : -33.27051
    }, {
      "x" : -25.416409,
      "y" : 41.12461,
      "z" : -66.54102
    }, {
      "x" : -33.27051,
      "y" : 12.708204,
      "z" : -20.562305
    } ],
    "faces" : [ {
      "vertices" : [ 0, 1, 2 ]
    }, {
      "vertices" : [ 0, 2, 1 ]
    } ]
  }, {
    "id" : "defa25bd-4bf7-4e50-bd29-730a5a739bdf",
    "vertices" : [ {
      "x" : 41.12461,
      "y" : 0.0,
      "z" : 0.0
    }, {
      "x" : 33.27051,
      "y" : 12.708204,
      "z" : 20.562305
    }, {
      "x" : 66.54102,
      "y" : 25.416409,
      "z" : 41.12461
    } ],
    "faces" : [ {
      "vertices" : [ 0, 1, 2 ]
    }, {
      "vertices" : [ 0, 2, 1 ]
    } ]
  }, {
    "id" : "fd0b7c16-0904-4ee5-87be-dd55b2445322",
    "vertices" : [ {
      "x" : -12.708204,
      "y" : -20.562305,
      "z" : 33.27051
    }, {
      "x" : 12.708204,
      "y" : -20.562305,
      "z" : 33.27051
    }, {
      "x" : 25.416409,
      "y" : -41.12461,
      "z" : 66.54102
    } ],
    "faces" : [ {
      "vertices" : [ 0, 1, 2 ]
    }, {
      "vertices" : [ 0, 2, 1 ]
    } ]
  }, {
    "id" : "db554f58-0f33-4f69-ba02-f059a6206ee6",
    "vertices" : [ {
      "x" : 20.562305,
      "y" : 33.27051,
      "z" : 12.708204
    }, {
      "x" : 12.708204,
      "y" : 20.562305,
      "z" : 33.27051
    }, {
      "x" : 25.416409,
      "y" : 41.12461,
      "z" : 66.54102
    } ],
    "faces" : [ {
      "vertices" : [ 0, 1, 2 ]
    }, {
      "vertices" : [ 0, 2, 1 ]
    } ]
  }, {
    "id" : "5d1b8902-a56f-4f4b-9887-93d3cfc8289a",
    "vertices" : [ {
      "x" : 20.562305,
      "y" : 33.27051,
      "z" : -12.708204
    }, {
      "x" : 33.27051,
      "y" : 12.708204,
      "z" : -20.562305
    }, {
      "x" : 66.54102,
      "y" : 25.416409,
      "z" : -41.12461
    } ],
    "faces" : [ {
      "vertices" : [ 0, 1, 2 ]
    }, {
      "vertices" : [ 0, 2, 1 ]
    } ]
  }, {
    "id" : "23b849cd-825d-44fd-b948-c2fccc9dd880",
    "vertices" : [ {
      "x" : 8.472136,
      "y" : -41.12461,
      "z" : -22.18034
    }, {
      "x" : 16.944271,
      "y" : 0.0,
      "z" : -44.36068
    }, {
      "x" : 25.416409,
      "y" : -41.12461,
      "z" : -66.54102
    } ],
    "faces" : [ {
      "vertices" : [ 0, 1, 2 ]
    }, {
      "vertices" : [ 0, 2, 1 ]
    } ]
  }, {
    "id" : "79b03691-4a8a-4884-a56b-0d411c811657",
    "vertices" : [ {
      "x" : -44.36068,
      "y" : -16.944271,
      "z" : 0.0
    }, {
      "x" : -22.18034,
      "y" : -8.472136,
      "z" : -41.12461
    }, {
      "x" : -66.54102,
      "y" : -25.416409,
      "z" : -41.12461
    } ],
    "faces" : [ {
      "vertices" : [ 0, 1, 2 ]
    }, {
      "vertices" : [ 0, 2, 1 ]
    } ]
  }, {
    "id" : "4e91c78b-b321-45c4-9bdd-71fa8751f626",
    "vertices" : [ {
      "x" : -20.562305,
      "y" : 33.27051,
      "z" : 12.708204
    }, {
      "x" : 0.0,
      "y" : 41.12461,
      "z" : 0.0
    }, {
      "x" : 0.0,
      "y" : 82.24922,
      "z" : 0.0
    } ],
    "faces" : [ {
      "vertices" : [ 0, 1, 2 ]
    }, {
      "vertices" : [ 0, 2, 1 ]
    } ]
  }, {
    "id" : "0fda3aa3-d5ff-4126-9822-5a5e9d2a7d00",
    "vertices" : [ {
      "x" : 0.0,
      "y" : 44.36068,
      "z" : -16.944271
    }, {
      "x" : -41.12461,
      "y" : 22.18034,
      "z" : -8.472136
    }, {
      "x" : -41.12461,
      "y" : 66.54102,
      "z" : -25.416409
    } ],
    "faces" : [ {
      "vertices" : [ 0, 1, 2 ]
    }, {
      "vertices" : [ 0, 2, 1 ]
    } ]
  }, {
    "id" : "d261f0be-9681-4a9a-8096-6a95afad50b0",
    "vertices" : [ {
      "x" : 12.708204,
      "y" : 20.562305,
      "z" : -33.27051
    }, {
      "x" : 0.0,
      "y" : 0.0,
      "z" : -41.12461
    }, {
      "x" : 0.0,
      "y" : 0.0,
      "z" : -82.24922
    } ],
    "faces" : [ {
      "vertices" : [ 0, 1, 2 ]
    }, {
      "vertices" : [ 0, 2, 1 ]
    } ]
  }, {
    "id" : "8094b3d8-f287-45e7-9e98-d59e8050005c",
    "vertices" : [ {
      "x" : 5.236068,
      "y" : -35.888542,
      "z" : 30.652475
    }, {
      "x" : 35.888542,
      "y" : -30.652475,
      "z" : -5.236068
    }, {
      "x" : 41.12461,
      "y" : -66.54102,
      "z" : 25.416409
    } ],
    "faces" : [ {
      "vertices" : [ 0, 1, 2 ]
    }, {
      "vertices" : [ 0, 2, 1 ]
    } ]
  }, {
    "id" : "85e0497e-4f6b-4032-878e-9a99c5dd4d7a",
    "vertices" : [ {
      "x" : -8.472136,
      "y" : 41.12461,
      "z" : 22.18034
    }, {
      "x" : -16.944271,
      "y" : 0.0,
      "z" : 44.36068
    }, {
      "x" : -25.416409,
      "y" : 41.12461,
      "z" : 66.54102
    } ],
    "faces" : [ {
      "vertices" : [ 0, 1, 2 ]
    }, {
      "vertices" : [ 0, 2, 1 ]
    } ]
  }, {
    "id" : "95d9f5fd-ab83-42c0-a656-5805a5e39c0b",
    "vertices" : [ {
      "x" : -30.652475,
      "y" : -5.236068,
      "z" : 35.888542
    }, {
      "x" : 5.236068,
      "y" : -35.888542,
      "z" : 30.652475
    }, {
      "x" : -25.416409,
      "y" : -41.12461,
      "z" : 66.54102
    } ],
    "faces" : [ {
      "vertices" : [ 0, 1, 2 ]
    }, {
      "vertices" : [ 0, 2, 1 ]
    } ]
  }, {
    "id" : "d49d7b0a-f445-4e95-99d2-5931079b4f9e",
    "vertices" : [ {
      "x" : 30.652475,
      "y" : 5.236068,
      "z" : -35.888542
    }, {
      "x" : -5.236068,
      "y" : 35.888542,
      "z" : -30.652475
    }, {
      "x" : 25.416409,
      "y" : 41.12461,
      "z" : -66.54102
    } ],
    "faces" : [ {
      "vertices" : [ 0, 1, 2 ]
    }, {
      "vertices" : [ 0, 2, 1 ]
    } ]
  }, {
    "id" : "c2870187-4e06-46b2-93ed-bb794992932d",
    "vertices" : [ {
      "x" : -33.27051,
      "y" : -12.708204,
      "z" : -20.562305
    }, {
      "x" : -41.12461,
      "y" : 0.0,
      "z" : 0.0
    }, {
      "x" : -82.24922,
      "y" : 0.0,
      "z" : 0.0
    } ],
    "faces" : [ {
      "vertices" : [ 0, 1, 2 ]
    }, {
      "vertices" : [ 0, 2, 1 ]
    } ]
  }, {
    "id" : "ddf510b1-62cb-4cf9-a84b-abb142c420e2",
    "vertices" : [ {
      "x" : 30.652475,
      "y" : -5.236068,
      "z" : 35.888542
    }, {
      "x" : 35.888542,
      "y" : 30.652475,
      "z" : 5.236068
    }, {
      "x" : 66.54102,
      "y" : 25.416409,
      "z" : 41.12461
    } ],
    "faces" : [ {
      "vertices" : [ 0, 1, 2 ]
    }, {
      "vertices" : [ 0, 2, 1 ]
    } ]
  }, {
    "id" : "52c0fa88-1a9b-44a6-a46c-4a22de38e020",
    "vertices" : [ {
      "x" : 44.36068,
      "y" : -16.944271,
      "z" : 0.0
    }, {
      "x" : 22.18034,
      "y" : -8.472136,
      "z" : -41.12461
    }, {
      "x" : 66.54102,
      "y" : -25.416409,
      "z" : -41.12461
    } ],
    "faces" : [ {
      "vertices" : [ 0, 1, 2 ]
    }, {
      "vertices" : [ 0, 2, 1 ]
    } ]
  }, {
    "id" : "2088abf4-d2e9-4456-96b4-078161e51023",
    "vertices" : [ {
      "x" : 33.27051,
      "y" : -12.708204,
      "z" : 20.562305
    }, {
      "x" : 12.708204,
      "y" : -20.562305,
      "z" : 33.27051
    }, {
      "x" : 25.416409,
      "y" : -41.12461,
      "z" : 66.54102
    } ],
    "faces" : [ {
      "vertices" : [ 0, 1, 2 ]
    }, {
      "vertices" : [ 0, 2, 1 ]
    } ]
  }, {
    "id" : "abd103e1-7eb4-4b8d-b2e4-4976525621bf",
    "vertices" : [ {
      "x" : 5.236068,
      "y" : 35.888542,
      "z" : 30.652475
    }, {
      "x" : -30.652475,
      "y" : 5.236068,
      "z" : 35.888542
    }, {
      "x" : -25.416409,
      "y" : 41.12461,
      "z" : 66.54102
    } ],
    "faces" : [ {
      "vertices" : [ 0, 1, 2 ]
    }, {
      "vertices" : [ 0, 2, 1 ]
    } ]
  }, {
    "id" : "43314ce2-77bf-4dbd-9c7e-bc27b859be6a",
    "vertices" : [ {
      "x" : -20.562305,
      "y" : -33.27051,
      "z" : 12.708204
    }, {
      "x" : -20.562305,
      "y" : -33.27051,
      "z" : -12.708204
    }, {
      "x" : -41.12461,
      "y" : -66.54102,
      "z" : -25.416409
    } ],
    "faces" : [ {
      "vertices" : [ 0, 1, 2 ]
    }, {
      "vertices" : [ 0, 2, 1 ]
    } ]
  }, {
    "id" : "5cb2f098-7c2f-4eaa-907a-4b1b2959b4dd",
    "vertices" : [ {
      "x" : 0.0,
      "y" : -41.12461,
      "z" : 0.0
    }, {
      "x" : 0.0,
      "y" : -82.24922,
      "z" : 0.0
    }, {
      "x" : 20.562305,
      "y" : -33.27051,
      "z" : -12.708204
    } ],
    "faces" : [ {
      "vertices" : [ 0, 1, 2 ]
    }, {
      "vertices" : [ 0, 2, 1 ]
    } ]
  }, {
    "id" : "78d5d92e-c146-4be2-a6b9-14a90b1c8548",
    "vertices" : [ {
      "x" : 12.708204,
      "y" : 20.562305,
      "z" : 33.27051
    }, {
      "x" : 33.27051,
      "y" : 12.708204,
      "z" : 20.562305
    }, {
      "x" : 66.54102,
      "y" : 25.416409,
      "z" : 41.12461
    } ],
    "faces" : [ {
      "vertices" : [ 0, 1, 2 ]
    }, {
      "vertices" : [ 0, 2, 1 ]
    } ]
  }, {
    "id" : "33c09741-4f07-4008-8d05-e06cb9a7ff57",
    "vertices" : [ {
      "x" : -20.562305,
      "y" : -33.27051,
      "z" : 12.708204
    }, {
      "x" : -12.708204,
      "y" : -20.562305,
      "z" : 33.27051
    }, {
      "x" : -25.416409,
      "y" : -41.12461,
      "z" : 66.54102
    } ],
    "faces" : [ {
      "vertices" : [ 0, 1, 2 ]
    }, {
      "vertices" : [ 0, 2, 1 ]
    } ]
  }, {
    "id" : "dff89195-378a-4016-ad19-5d7df28de580",
    "vertices" : [ {
      "x" : 33.27051,
      "y" : -12.708204,
      "z" : -20.562305
    }, {
      "x" : 20.562305,
      "y" : -33.27051,
      "z" : -12.708204
    }, {
      "x" : 41.12461,
      "y" : -66.54102,
      "z" : -25.416409
    } ],
    "faces" : [ {
      "vertices" : [ 0, 1, 2 ]
    }, {
      "vertices" : [ 0, 2, 1 ]
    } ]
  }, {
    "id" : "a3d5faa2-1184-4fdf-ae9d-affbfa506421",
    "vertices" : [ {
      "x" : 0.0,
      "y" : 0.0,
      "z" : 41.12461
    }, {
      "x" : 0.0,
      "y" : 0.0,
      "z" : 82.24922
    }, {
      "x" : -12.708204,
      "y" : -20.562305,
      "z" : 33.27051
    } ],
    "faces" : [ {
      "vertices" : [ 0, 1, 2 ]
    }, {
      "vertices" : [ 0, 2, 1 ]
    } ]
  }, {
    "id" : "7a68c59b-6047-461b-9677-496cbbc4bc2a",
    "vertices" : [ {
      "x" : -33.27051,
      "y" : 12.708204,
      "z" : 20.562305
    }, {
      "x" : -66.54102,
      "y" : 25.416409,
      "z" : 41.12461
    }, {
      "x" : -12.708204,
      "y" : 20.562305,
      "z" : 33.27051
    } ],
    "faces" : [ {
      "vertices" : [ 0, 1, 2 ]
    }, {
      "vertices" : [ 0, 2, 1 ]
    } ]
  }, {
    "id" : "5ea2de17-183e-4328-bb99-308694a616de",
    "vertices" : [ {
      "x" : 12.708204,
      "y" : -20.562305,
      "z" : -33.27051
    }, {
      "x" : 25.416409,
      "y" : -41.12461,
      "z" : -66.54102
    }, {
      "x" : -12.708204,
      "y" : -20.562305,
      "z" : -33.27051
    } ],
    "faces" : [ {
      "vertices" : [ 0, 1, 2 ]
    }, {
      "vertices" : [ 0, 2, 1 ]
    } ]
  }, {
    "id" : "c6296cac-bbef-4782-80bb-45d3be27024f",
    "vertices" : [ {
      "x" : 41.12461,
      "y" : -22.18034,
      "z" : -8.472136
    }, {
      "x" : 0.0,
      "y" : -44.36068,
      "z" : -16.944271
    }, {
      "x" : 41.12461,
      "y" : -66.54102,
      "z" : -25.416409
    } ],
    "faces" : [ {
      "vertices" : [ 0, 1, 2 ]
    }, {
      "vertices" : [ 0, 2, 1 ]
    } ]
  }, {
    "id" : "b7e70675-bbcf-44bd-af65-3498a5bd4cd3",
    "vertices" : [ {
      "x" : 20.562305,
      "y" : 33.27051,
      "z" : 12.708204
    }, {
      "x" : 41.12461,
      "y" : 66.54102,
      "z" : 25.416409
    }, {
      "x" : 12.708204,
      "y" : 20.562305,
      "z" : 33.27051
    } ],
    "faces" : [ {
      "vertices" : [ 0, 1, 2 ]
    }, {
      "vertices" : [ 0, 2, 1 ]
    } ]
  }, {
    "id" : "597cea1b-2d6b-4787-beb6-6a1d379a8224",
    "vertices" : [ {
      "x" : -35.888542,
      "y" : -30.652475,
      "z" : -5.236068
    }, {
      "x" : -30.652475,
      "y" : 5.236068,
      "z" : -35.888542
    }, {
      "x" : -66.54102,
      "y" : -25.416409,
      "z" : -41.12461
    } ],
    "faces" : [ {
      "vertices" : [ 0, 1, 2 ]
    }, {
      "vertices" : [ 0, 2, 1 ]
    } ]
  }, {
    "id" : "e21321ea-33bb-43b4-ba3a-0f1c6c844813",
    "vertices" : [ {
      "x" : -12.708204,
      "y" : 20.562305,
      "z" : 33.27051
    }, {
      "x" : -25.416409,
      "y" : 41.12461,
      "z" : 66.54102
    }, {
      "x" : 0.0,
      "y" : 0.0,
      "z" : 41.12461
    } ],
    "faces" : [ {
      "vertices" : [ 0, 1, 2 ]
    }, {
      "vertices" : [ 0, 2, 1 ]
    } ]
  }, {
    "id" : "11edfb58-6657-4f08-bc54-6e653bc9063b",
    "vertices" : [ {
      "x" : -12.708204,
      "y" : -20.562305,
      "z" : -33.27051
    }, {
      "x" : -25.416409,
      "y" : -41.12461,
      "z" : -66.54102
    }, {
      "x" : -20.562305,
      "y" : -33.27051,
      "z" : -12.708204
    } ],
    "faces" : [ {
      "vertices" : [ 0, 1, 2 ]
    }, {
      "vertices" : [ 0, 2, 1 ]
    } ]
  }, {
    "id" : "5124670d-1c8c-4420-9e7d-d303c0d23e4f",
    "vertices" : [ {
      "x" : 22.18034,
      "y" : 8.472136,
      "z" : -41.12461
    }, {
      "x" : 44.36068,
      "y" : 16.944271,
      "z" : 0.0
    }, {
      "x" : 66.54102,
      "y" : 25.416409,
      "z" : -41.12461
    } ],
    "faces" : [ {
      "vertices" : [ 0, 1, 2 ]
    }, {
      "vertices" : [ 0, 2, 1 ]
    } ]
  }, {
    "id" : "6757ba08-a245-4e31-b24f-ddfb816a4308",
    "vertices" : [ {
      "x" : 16.944271,
      "y" : 0.0,
      "z" : 44.36068
    }, {
      "x" : 8.472136,
      "y" : -41.12461,
      "z" : 22.18034
    }, {
      "x" : 25.416409,
      "y" : -41.12461,
      "z" : 66.54102
    } ],
    "faces" : [ {
      "vertices" : [ 0, 1, 2 ]
    }, {
      "vertices" : [ 0, 2, 1 ]
    } ]
  }, {
    "id" : "ef8deaf2-2ec9-414f-add5-c34ef1eb8b94",
    "vertices" : [ {
      "x" : -30.652475,
      "y" : 5.236068,
      "z" : 35.888542
    }, {
      "x" : -35.888542,
      "y" : -30.652475,
      "z" : 5.236068
    }, {
      "x" : -66.54102,
      "y" : -25.416409,
      "z" : 41.12461
    } ],
    "faces" : [ {
      "vertices" : [ 0, 1, 2 ]
    }, {
      "vertices" : [ 0, 2, 1 ]
    } ]
  }, {
    "id" : "9a72a480-8400-43cd-bd26-ab7728f71182",
    "vertices" : [ {
      "x" : -20.562305,
      "y" : -33.27051,
      "z" : 12.708204
    }, {
      "x" : -41.12461,
      "y" : -66.54102,
      "z" : 25.416409
    }, {
      "x" : -12.708204,
      "y" : -20.562305,
      "z" : 33.27051
    } ],
    "faces" : [ {
      "vertices" : [ 0, 1, 2 ]
    }, {
      "vertices" : [ 0, 2, 1 ]
    } ]
  }, {
    "id" : "8fb2b82d-fdd1-44d2-b632-47d2c1ceb344",
    "vertices" : [ {
      "x" : 0.0,
      "y" : 0.0,
      "z" : 41.12461
    }, {
      "x" : 12.708204,
      "y" : 20.562305,
      "z" : 33.27051
    }, {
      "x" : 25.416409,
      "y" : 41.12461,
      "z" : 66.54102
    } ],
    "faces" : [ {
      "vertices" : [ 0, 1, 2 ]
    }, {
      "vertices" : [ 0, 2, 1 ]
    } ]
  }, {
    "id" : "ed5abfe7-6045-40dd-b7cb-e7be1b2e191c",
    "vertices" : [ {
      "x" : 35.888542,
      "y" : 30.652475,
      "z" : -5.236068
    }, {
      "x" : 5.236068,
      "y" : 35.888542,
      "z" : 30.652475
    }, {
      "x" : 41.12461,
      "y" : 66.54102,
      "z" : 25.416409
    } ],
    "faces" : [ {
      "vertices" : [ 0, 1, 2 ]
    }, {
      "vertices" : [ 0, 2, 1 ]
    } ]
  }, {
    "id" : "3e55e7b5-e694-42a5-acc9-c2d75139255e",
    "vertices" : [ {
      "x" : 41.12461,
      "y" : 0.0,
      "z" : 0.0
    }, {
      "x" : 82.24922,
      "y" : 0.0,
      "z" : 0.0
    }, {
      "x" : 33.27051,
      "y" : -12.708204,
      "z" : -20.562305
    } ],
    "faces" : [ {
      "vertices" : [ 0, 1, 2 ]
    }, {
      "vertices" : [ 0, 2, 1 ]
    } ]
  }, {
    "id" : "849aabd1-ee44-4700-87ab-cfe6eae1c7f3",
    "vertices" : [ {
      "x" : 12.708204,
      "y" : 20.562305,
      "z" : 33.27051
    }, {
      "x" : -12.708204,
      "y" : 20.562305,
      "z" : 33.27051
    }, {
      "x" : -25.416409,
      "y" : 41.12461,
      "z" : 66.54102
    } ],
    "faces" : [ {
      "vertices" : [ 0, 1, 2 ]
    }, {
      "vertices" : [ 0, 2, 1 ]
    } ]
  }, {
    "id" : "0a4d7c47-396a-42ea-88a1-a5277c22f786",
    "vertices" : [ {
      "x" : -5.236068,
      "y" : 35.888542,
      "z" : 30.652475
    }, {
      "x" : -35.888542,
      "y" : 30.652475,
      "z" : -5.236068
    }, {
