{
  "field" : "golden",
  "symmetry" : "icosahedral",
  "orientations" : [ [ 1.0, 0.0, 0.0, 0.0, 0.0, 1.0, 0.0, 0.0, 0.0, 0.0, 1.0, 0.0, 0.0, 0.0, 0.0, 1.0 ], [ 0.0, 0.0, 1.0, 0.0, 1.0, 0.0, 0.0, 0.0, 0.0, 1.0, 0.0, 0.0, 0.0, 0.0, 0.0, 1.0 ], [ 0.0, 1.0, 0.0, 0.0, 0.0, 0.0, 1.0, 0.0, 1.0, 0.0, 0.0, 0.0, 0.0, 0.0, 0.0, 1.0 ], [ 0.809017, 0.309017, 0.5, 0.0, 0.309017, 0.5, -0.809017, 0.0, -0.5, 0.809017, 0.309017, 0.0, 0.0, 0.0, 0.0, 1.0 ], [ -0.5, 0.809017, 0.309017, 0.0, 0.809017, 0.309017, 0.5, 0.0, 0.309017, 0.5, -0.809017, 0.0, 0.0, 0.0, 0.0, 1.0 ], [ 0.309017, 0.5, -0.809017, 0.0, -0.5, 0.809017, 0.309017, 0.0, 0.809017, 0.309017, 0.5, 0.0, 0.0, 0.0, 0.0, 1.0 ], [ 0.5, 0.809017, 0.309017, 0.0, 0.809017, -0.309017, -0.5, 0.0, -0.309017, 0.5, -0.809017, 0.0, 0.0, 0.0, 0.0, 1.0 ], [ -0.309017, 0.5, -0.809017, 0.0, 0.5, 0.809017, 0.309017, 0.0, 0.809017, -0.309017, -0.5, 0.0, 0.0, 0.0, 0.0, 1.0 ], [ 0.809017, -0.309017, -0.5, 0.0, -0.309017, 0.5, -0.809017, 0.0, 0.5, 0.809017, 0.309017, 0.0, 0.0, 0.0, 0.0, 1.0 ], [ 0.5, 0.809017, -0.309017, 0.0, 0.809017, -0.309017, 0.5, 0.0, 0.309017, -0.5, -0.809017, 0.0, 0.0, 0.0, 0.0, 1.0 ], [ 0.309017, -0.5, -0.809017, 0.0, 0.5, 0.809017, -0.309017, 0.0, 0.809017, -0.309017, 0.5, 0.0, 0.0, 0.0, 0.0, 1.0 ], [ 0.809017, -0.309017, 0.5, 0.0, 0.309017, -0.5, -0.809017, 0.0, 0.5, 0.809017, -0.309017, 0.0, 0.0, 0.0, 0.0, 1.0 ], [ 0.809017, 0.309017, -0.5, 0.0, 0.309017, 0.5, 0.809017, 0.0, 0.5, -0.809017, 0.309017, 0.0, 0.0, 0.0, 0.0, 1.0 ], [ 0.5, -0.809017, 0.309017, 0.0, 0.809017, 0.309017, -0.5, 0.0, 0.309017, 0.5, 0.809017, 0.0, 0.0, 0.0, 0.0, 1.0 ], [ 0.309017, 0.5, 0.809017, 0.0, 0.5, -0.809017, 0.309017, 0.0, 0.809017, 0.309017, -0.5, 0.0, 0.0, 0.0, 0.0, 1.0 ], [ 1.0, 0.0, 0.0, 0.0, 0.0, -1.0, 0.0, 0.0, 0.0, 0.0, -1.0, 0.0, 0.0, 0.0, 0.0, 1.0 ], [ 0.0, 0.0, 1.0, 0.0, -1.0, 0.0, 0.0, 0.0, 0.0, -1.0, 0.0, 0.0, 0.0, 0.0, 0.0, 1.0 ], [ 0.0, 1.0, 0.0, 0.0, 0.0, 0.0, -1.0, 0.0, -1.0, 0.0, 0.0, 0.0, 0.0, 0.0, 0.0, 1.0 ], [ 0.809017, 0.309017, 0.5, 0.0, -0.309017, -0.5, 0.809017, 0.0, 0.5, -0.809017, -0.309017, 0.0, 0.0, 0.0, 0.0, 1.0 ], [ -0.5, 0.809017, 0.309017, 0.0, -0.809017, -0.309017, -0.5, 0.0, -0.309017, -0.5, 0.809017, 0.0, 0.0, 0.0, 0.0, 1.0 ], [ 0.309017, 0.5, -0.809017, 0.0, 0.5, -0.809017, -0.309017, 0.0, -0.809017, -0.309017, -0.5, 0.0, 0.0, 0.0, 0.0, 1.0 ], [ 0.5, 0.809017, 0.309017, 0.0, -0.809017, 0.309017, 0.5, 0.0, 0.309017, -0.5, 0.809017, 0.0, 0.0, 0.0, 0.0, 1.0 ], [ -0.309017, 0.5, -0.809017, 0.0, -0.5, -0.809017, -0.309017, 0.0, -0.809017, 0.309017, 0.5, 0.0, 0.0, 0.0, 0.0, 1.0 ], [ 0.809017, -0.309017, -0.5, 0.0, 0.309017, -0.5, 0.809017, 0.0, -0.5, -0.809017, -0.309017, 0.0, 0.0, 0.0, 0.0, 1.0 ], [ 0.5, 0.809017, -0.309017, 0.0, -0.809017, 0.309017, -0.5, 0.0, -0.309017, 0.5, 0.809017, 0.0, 0.0, 0.0, 0.0, 1.0 ], [ 0.309017, -0.5, -0.809017, 0.0, -0.5, -0.809017, 0.309017, 0.0, -0.809017, 0.309017, -0.5, 0.0, 0.0, 0.0, 0.0, 1.0 ], [ 0.809017, -0.309017, 0.5, 0.0, -0.309017, 0.5, 0.809017, 0.0, -0.5, -0.809017, 0.309017, 0.0, 0.0, 0.0, 0.0, 1.0 ], [ 0.809017, 0.309017, -0.5, 0.0, -0.309017, -0.5, -0.809017, 0.0, -0.5, 0.809017, -0.309017, 0.0, 0.0, 0.0, 0.0, 1.0 ], [ 0.5, -0.809017, 0.309017, 0.0, -0.809017, -0.309017, 0.5, 0.0, -0.309017, -0.5, -0.809017, 0.0, 0.0, 0.0, 0.0, 1.0 ], [ 0.309017, 0.5, 0.809017, 0.0, -0.5, 0.809017, -0.309017, 0.0, -0.809017, -0.309017, 0.5, 0.0, 0.0, 0.0, 0.0, 1.0 ], [ -1.0, 0.0, 0.0, 0.0, 0.0, -1.0, 0.0, 0.0, 0.0, 0.0, 1.0, 0.0, 0.0, 0.0, 0.0, 1.0 ], [ 0.0, 0.0, -1.0, 0.0, -1.0, 0.0, 0.0, 0.0, 0.0, 1.0, 0.0, 0.0, 0.0, 0.0, 0.0, 1.0 ], [ 0.0, -1.0, 0.0, 0.0, 0.0, 0.0, -1.0, 0.0, 1.0, 0.0, 0.0, 0.0, 0.0, 0.0, 0.0, 1.0 ], [ -0.809017, -0.309017, -0.5, 0.0, -0.309017, -0.5, 0.809017, 0.0, -0.5, 0.809017, 0.309017, 0.0, 0.0, 0.0, 0.0, 1.0 ], [ 0.5, -0.809017, -0.309017, 0.0, -0.809017, -0.309017, -0.5, 0.0, 0.309017, 0.5, -0.809017, 0.0, 0.0, 0.0, 0.0, 1.0 ], [ -0.309017, -0.5, 0.809017, 0.0, 0.5, -0.809017, -0.309017, 0.0, 0.809017, 0.309017, 0.5, 0.0, 0.0, 0.0, 0.0, 1.0 ], [ -0.5, -0.809017, -0.309017, 0.0, -0.809017, 0.309017, 0.5, 0.0, -0.309017, 0.5, -0.809017, 0.0, 0.0, 0.0, 0.0, 1.0 ], [ 0.309017, -0.5, 0.809017, 0.0, -0.5, -0.809017, -0.309017, 0.0, 0.809017, -0.309017, -0.5, 0.0, 0.0, 0.0, 0.0, 1.0 ], [ -0.809017, 0.309017, 0.5, 0.0, 0.309017, -0.5, 0.809017, 0.0, 0.5, 0.809017, 0.309017, 0.0, 0.0, 0.0, 0.0, 1.0 ], [ -0.5, -0.809017, 0.309017, 0.0, -0.809017, 0.309017, -0.5, 0.0, 0.309017, -0.5, -0.809017, 0.0, 0.0, 0.0, 0.0, 1.0 ], [ -0.309017, 0.5, 0.809017, 0.0, -0.5, -0.809017, 0.309017, 0.0, 0.809017, -0.309017, 0.5, 0.0, 0.0, 0.0, 0.0, 1.0 ], [ -0.809017, 0.309017, -0.5, 0.0, -0.309017, 0.5, 0.809017, 0.0, 0.5, 0.809017, -0.309017, 0.0, 0.0, 0.0, 0.0, 1.0 ], [ -0.809017, -0.309017, 0.5, 0.0, -0.309017, -0.5, -0.809017, 0.0, 0.5, -0.809017, 0.309017, 0.0, 0.0, 0.0, 0.0, 1.0 ], [ -0.5, 0.809017, -0.309017, 0.0, -0.809017, -0.309017, 0.5, 0.0, 0.309017, 0.5, 0.809017, 0.0, 0.0, 0.0, 0.0, 1.0 ], [ -0.309017, -0.5, -0.809017, 0.0, -0.5, 0.809017, -0.309017, 0.0, 0.809017, 0.309017, -0.5, 0.0, 0.0, 0.0, 0.0, 1.0 ], [ -1.0, 0.0, 0.0, 0.0, 0.0, 1.0, 0.0, 0.0, 0.0, 0.0, -1.0, 0.0, 0.0, 0.0, 0.0, 1.0 ], [ 0.0, 0.0, -1.0, 0.0, 1.0, 0.0, 0.0, 0.0, 0.0, -1.0, 0.0, 0.0, 0.0, 0.0, 0.0, 1.0 ], [ 0.0, -1.0, 0.0, 0.0, 0.0, 0.0, 1.0, 0.0, -1.0, 0.0, 0.0, 0.0, 0.0, 0.0, 0.0, 1.0 ], [ -0.809017, -0.309017, -0.5, 0.0, 0.309017, 0.5, -0.809017, 0.0, 0.5, -0.809017, -0.309017, 0.0, 0.0, 0.0, 0.0, 1.0 ], [ 0.5, -0.809017, -0.309017, 0.0, 0.809017, 0.309017, 0.5, 0.0, -0.309017, -0.5, 0.809017, 0.0, 0.0, 0.0, 0.0, 1.0 ], [ -0.309017, -0.5, 0.809017, 0.0, -0.5, 0.809017, 0.309017, 0.0, -0.809017, -0.309017, -0.5, 0.0, 0.0, 0.0, 0.0, 1.0 ], [ -0.5, -0.809017, -0.309017, 0.0, 0.809017, -0.309017, -0.5, 0.0, 0.309017, -0.5, 0.809017, 0.0, 0.0, 0.0, 0.0, 1.0 ], [ 0.309017, -0.5, 0.809017, 0.0, 0.5, 0.809017, 0.309017, 0.0, -0.809017, 0.309017, 0.5, 0.0, 0.0, 0.0, 0.0, 1.0 ], [ -0.809017, 0.309017, 0.5, 0.0, -0.309017, 0.5, -0.809017, 0.0, -0.5, -0.809017, -0.309017, 0.0, 0.0, 0.0, 0.0, 1.0 ], [ -0.5, -0.809017, 0.309017, 0.0, 0.809017, -0.309017, 0.5, 0.0, -0.309017, 0.5, 0.809017, 0.0, 0.0, 0.0, 0.0, 1.0 ], [ -0.309017, 0.5, 0.809017, 0.0, 0.5, 0.809017, -0.309017, 0.0, -0.809017, 0.309017, -0.5, 0.0, 0.0, 0.0, 0.0, 1.0 ], [ -0.809017, 0.309017, -0.5, 0.0, 0.309017, -0.5, -0.809017, 0.0, -0.5, -0.809017, 0.309017, 0.0, 0.0, 0.0, 0.0, 1.0 ], [ -0.809017, -0.309017, 0.5, 0.0, 0.309017, 0.5, 0.809017, 0.0, -0.5, 0.809017, -0.309017, 0.0, 0.0, 0.0, 0.0, 1.0 ], [ -0.5, 0.809017, -0.309017, 0.0, 0.809017, 0.309017, -0.5, 0.0, -0.309017, -0.5, -0.809017, 0.0, 0.0, 0.0, 0.0, 1.0 ], [ -0.309017, -0.5, -0.809017, 0.0, 0.5, -0.809017, 0.309017, 0.0, -0.809017, -0.309017, 0.5, 0.0, 0.0, 0.0, 0.0, 1.0 ] ],
  "lights" : {
    "ambientColor" : "#292929",
    "backgroundColor" : "#E0EFFF",
    "directionalLights" : [ {
      "direction" : {
        "x" : 1.0,
        "y" : -1.0,
        "z" : -1.0
      },
      "color" : "#EBEBE4"
    }, {
      "direction" : {
        "x" : -1.0,
        "y" : 0.0,
        "z" : 0.0
      },
      "color" : "#E4E4EB"
    }, {
      "direction" : {
        "x" : 0.0,
        "y" : 0.0,
        "z" : -1.0
      },
      "color" : "#1E1E1E"
    } ]
  },
  "camera" : {
    "width" : 290.14246,
    "stereo" : false,
    "viewDistance" : 644.7608,
    "nearClipDistance" : 1.6119022,
    "farClipDistance" : 1289.5214,
    "lookAtPoint" : {
      "x" : 0.0,
      "y" : 0.0,
      "z" : 0.0
    },
    "fieldOfView" : 0.442629,
    "perspective" : true,
    "lookDirection" : {
      "x" : 0.0,
      "y" : 0.0,
      "z" : -1.0
    },
    "upDirection" : {
      "x" : 0.0,
      "y" : 1.0,
      "z" : 0.0
    },
    "position" : {
      "x" : 0.0,
      "y" : 0.0,
      "z" : 644.7608
    }
  },
  "embedding" : [ 1.0, 0.0, 0.0, 0.0, 0.0, 1.0, 0.0, 0.0, 0.0, 0.0, 1.0, 0.0, 0.0, 0.0, 0.0, 1.0 ],
  "shapes" : [ {
    "id" : "2f3c4445-1156-4f33-a817-ae6858c46e05",
    "vertices" : [ {
      "x" : -41.12461,
      "y" : 0.0,
      "z" : 0.0
    }, {
      "x" : -33.27051,
      "y" : -12.708204,
      "z" : 20.562305
    }, {
      "x" : -66.54102,
      "y" : -25.416409,
      "z" : 41.12461
    } ],
    "faces" : [ {
      "vertices" : [ 0, 1, 2 ]
    }, {
      "vertices" : [ 0, 2, 1 ]
    } ]
  }, {
    "id" : "c66ba971-bc1c-473c-8dff-6a6c8e739731",
    "vertices" : [ {
      "x" : 0.16311896,
      "y" : 0.66311896,
      "z" : 0.76393205
    }, {
      "x" : 24.635256,
      "y" : 25.135256,
      "z" : 40.36068
    }, {
      "x" : 24.944271,
      "y" : 25.253288,
      "z" : 40.169697
    }, {
      "x" : 0.47213596,
      "y" : 0.78115296,
      "z" : 0.572949
    }, {
      "x" : 25.416409,
      "y" : 25.416409,
      "z" : 41.12461
    }, {
      "x" : 0.78115296,
      "y" : 0.28115296,
      "z" : 0.76393205
    }, {
      "x" : 0.18033989,
      "y" : 0.18033989,
      "z" : 0.29179606
    }, {
      "x" : 25.253288,
      "y" : 24.753288,
      "z" : 40.36068
    }, {
      "x" : 24.944271,
      "y" : 24.635256,
      "z" : 40.551662
    }, {
      "x" : 0.47213596,
      "y" : 0.16311896,
      "z" : 0.95491505
    }, {
      "x" : 25.236069,
      "y" : 25.236069,
      "z" : 40.832817
    } ],
    "faces" : [ {
      "vertices" : [ 2, 7, 5 ]
    }, {
      "vertices" : [ 2, 5, 3 ]
    }, {
      "vertices" : [ 0, 9, 8 ]
    }, {
      "vertices" : [ 0, 8, 1 ]
    }, {
      "vertices" : [ 2, 10, 7 ]
    }, {
      "vertices" : [ 1, 8, 10 ]
    }, {
      "vertices" : [ 5, 9, 6 ]
    }, {
      "vertices" : [ 0, 1, 2 ]
    }, {
      "vertices" : [ 0, 2, 3 ]
    }, {
      "vertices" : [ 0, 3, 6 ]
    }, {
      "vertices" : [ 7, 10, 8 ]
    }, {
      "vertices" : [ 5, 7, 8 ]
    }, {
      "vertices" : [ 5, 8, 9 ]
    }, {
      "vertices" : [ 1, 10, 2 ]
    }, {
      "vertices" : [ 3, 5, 6 ]
    }, {
      "vertices" : [ 0, 6, 9 ]
    } ]
  }, {
    "id" : "9496528e-89bc-4117-b9cb-39a404e10af2",
    "vertices" : [ {
      "x" : 33.27051,
      "y" : -12.708204,
      "z" : 20.562305
    }, {
      "x" : 66.54102,
      "y" : -25.416409,
      "z" : 41.12461
    }, {
      "x" : 12.708204,
      "y" : -20.562305,
      "z" : 33.27051
    } ],
    "faces" : [ {
      "vertices" : [ 0, 1, 2 ]
    }, {
      "vertices" : [ 0, 2, 1 ]
    } ]
  }, {
    "id" : "c253fd7c-c52f-4cba-b171-6b33a0b3e30c",
    "vertices" : [ {
      "x" : -20.562305,
      "y" : 33.27051,
      "z" : -12.708204
    }, {
      "x" : -12.708204,
      "y" : 20.562305,
      "z" : -33.27051
    }, {
      "x" : -25.416409,
      "y" : 41.12461,
      "z" : -66.54102
    } ],
    "faces" : [ {
      "vertices" : [ 0, 1, 2 ]
    }, {
      "vertices" : [ 0, 2, 1 ]
    } ]
  }, {
    "id" : "80853548-5fb8-41ad-84d0-e798fd19d197",
    "vertices" : [ {
      "x" : 0.809017,
      "y" : 0.618034,
      "z" : -0.19098301
    }, {
      "x" : 0.809017,
      "y" : 0.0,
      "z" : -0.19098301
    }, {
      "x" : 0.309017,
      "y" : 0.11803399,
      "z" : 0.0
    }, {
      "x" : 43.551662,
      "y" : 16.944271,
      "z" : 0.19098301
    }, {
      "x" : 0.809017,
      "y" : 0.618034,
      "z" : 0.19098301
    }, {
      "x" : 0.809017,
      "y" : 0.0,
      "z" : 0.19098301
    }, {
      "x" : 43.551662,
      "y" : 16.326239,
      "z" : 0.19098301
    }, {
      "x" : 44.051662,
      "y" : 16.826239,
      "z" : 0.0
    }, {
      "x" : 43.551662,
      "y" : 16.944271,
      "z" : -0.19098301
    }, {
      "x" : 44.36068,
      "y" : 16.944271,
      "z" : 0.0
    }, {
      "x" : 43.551662,
      "y" : 16.326239,
      "z" : -0.19098301
    } ],
    "faces" : [ {
      "vertices" : [ 3, 6, 7 ]
    }, {
      "vertices" : [ 3, 4, 5 ]
    }, {
      "vertices" : [ 3, 5, 6 ]
    }, {
      "vertices" : [ 3, 7, 8 ]
    }, {
      "vertices" : [ 0, 1, 2 ]
    }, {
      "vertices" : [ 0, 8, 10 ]
    }, {
      "vertices" : [ 0, 10, 1 ]
    }, {
      "vertices" : [ 1, 10, 6 ]
    }, {
      "vertices" : [ 1, 6, 5 ]
    }, {
      "vertices" : [ 0, 2, 4 ]
    }, {
      "vertices" : [ 6, 10, 7 ]
    }, {
      "vertices" : [ 1, 5, 2 ]
    }, {
      "vertices" : [ 7, 10, 8 ]
    }, {
      "vertices" : [ 2, 5, 4 ]
    }, {
      "vertices" : [ 0, 4, 3 ]
    }, {
      "vertices" : [ 0, 3, 8 ]
    } ]
  }, {
    "id" : "3b4d3358-71f7-40c2-a96f-1c3ae06f6054",
    "vertices" : [ {
      "x" : -12.708204,
      "y" : 20.562305,
      "z" : 33.27051
    }, {
      "x" : -20.562305,
      "y" : 33.27051,
      "z" : 12.708204
    }, {
      "x" : -41.12461,
      "y" : 66.54102,
      "z" : 25.416409
    } ],
    "faces" : [ {
      "vertices" : [ 0, 1, 2 ]
    }, {
      "vertices" : [ 0, 2, 1 ]
    } ]
  }, {
    "id" : "7a390278-d63f-4c65-bdec-8efc907cd37d",
    "vertices" : [ {
      "x" : 0.309017,
      "y" : -0.309017,
      "z" : -0.309017
    }, {
      "x" : 0.5,
      "y" : 0.0,
      "z" : -0.19098301
    }, {
      "x" : 0.5,
      "y" : 0.0,
      "z" : 0.19098301
    }, {
      "x" : 0.309017,
      "y" : -0.309017,
      "z" : 0.309017
    }, {
      "x" : 0.19098301,
      "y" : -0.5,
      "z" : 0.0
    }, {
      "x" : 0.0,
      "y" : 0.19098301,
      "z" : 0.5
    }, {
      "x" : 0.0,
      "y" : -0.19098301,
      "z" : 0.5
    }, {
      "x" : 0.309017,
      "y" : 0.309017,
      "z" : 0.309017
    }, {
      "x" : -0.309017,
      "y" : -0.309017,
      "z" : 0.309017
    }, {
      "x" : -0.309017,
      "y" : 0.309017,
      "z" : 0.309017
    }, {
      "x" : -0.5,
      "y" : 0.0,
      "z" : 0.19098301
    }, {
      "x" : 0.0,
      "y" : -0.19098301,
      "z" : -0.5
    }, {
      "x" : 0.0,
      "y" : 0.19098301,
      "z" : -0.5
    }, {
      "x" : 0.309017,
      "y" : 0.309017,
      "z" : -0.309017
    }, {
      "x" : -0.309017,
      "y" : -0.309017,
      "z" : -0.309017
    }, {
      "x" : -0.19098301,
      "y" : -0.5,
      "z" : 0.0
    }, {
      "x" : -0.5,
      "y" : 0.0,
      "z" : -0.19098301
    }, {
      "x" : 0.19098301,
      "y" : 0.5,
      "z" : 0.0
    }, {
      "x" : -0.309017,
      "y" : 0.309017,
      "z" : -0.309017
    }, {
      "x" : 0.0,
      "y" : 0.0,
      "z" : 0.0
    }, {
      "x" : -0.19098301,
      "y" : 0.5,
      "z" : 0.0
    } ],
    "faces" : [ {
      "vertices" : [ 12, 18, 20 ]
    }, {
      "vertices" : [ 12, 20, 17 ]
    }, {
      "vertices" : [ 12, 17, 13 ]
    }, {
      "vertices" : [ 3, 6, 8 ]
    }, {
      "vertices" : [ 3, 8, 15 ]
    }, {
      "vertices" : [ 3, 15, 4 ]
    }, {
      "vertices" : [ 0, 11, 12 ]
    }, {
      "vertices" : [ 0, 12, 13 ]
    }, {
      "vertices" : [ 0, 13, 1 ]
    }, {
      "vertices" : [ 5, 9, 10 ]
    }, {
      "vertices" : [ 5, 10, 8 ]
    }, {
      "vertices" : [ 5, 8, 6 ]
    }, {
      "vertices" : [ 2, 7, 5 ]
    }, {
      "vertices" : [ 2, 5, 6 ]
    }, {
      "vertices" : [ 2, 6, 3 ]
    }, {
      "vertices" : [ 11, 14, 16 ]
    }, {
      "vertices" : [ 11, 16, 18 ]
    }, {
      "vertices" : [ 11, 18, 12 ]
    }, {
      "vertices" : [ 1, 13, 17 ]
    }, {
      "vertices" : [ 1, 17, 7 ]
    }, {
      "vertices" : [ 1, 7, 2 ]
    }, {
      "vertices" : [ 9, 20, 18 ]
    }, {
      "vertices" : [ 9, 18, 16 ]
    }, {
      "vertices" : [ 9, 16, 10 ]
    }, {
      "vertices" : [ 0, 1, 2 ]
    }, {
      "vertices" : [ 0, 2, 3 ]
    }, {
      "vertices" : [ 0, 3, 4 ]
    }, {
      "vertices" : [ 5, 7, 17 ]
    }, {
      "vertices" : [ 5, 17, 20 ]
    }, {
      "vertices" : [ 5, 20, 9 ]
    }, {
      "vertices" : [ 0, 4, 15 ]
    }, {
      "vertices" : [ 0, 15, 14 ]
    }, {
      "vertices" : [ 0, 14, 11 ]
    }, {
      "vertices" : [ 8, 10, 16 ]
    }, {
      "vertices" : [ 8, 16, 14 ]
    }, {
      "vertices" : [ 8, 14, 15 ]
    } ]
  }, {
    "id" : "0d9b17da-7f2c-4609-b4f2-4095615752c0",
    "vertices" : [ {
      "x" : 0.0,
      "y" : -44.36068,
      "z" : 16.944271
    }, {
      "x" : 41.12461,
      "y" : -22.18034,
      "z" : 8.472136
    }, {
      "x" : 41.12461,
      "y" : -66.54102,
      "z" : 25.416409
    } ],
    "faces" : [ {
      "vertices" : [ 0, 1, 2 ]
    }, {
      "vertices" : [ 0, 2, 1 ]
    } ]
  }, {
    "id" : "6d959c54-d15c-4d09-962c-d38ddacd4b85",
    "vertices" : [ {
      "x" : 30.652475,
      "y" : -5.236068,
      "z" : 35.888542
    }, {
      "x" : -5.236068,
      "y" : -35.888542,
      "z" : 30.652475
    }, {
      "x" : 25.416409,
      "y" : -41.12461,
      "z" : 66.54102
    } ],
    "faces" : [ {
      "vertices" : [ 0, 1, 2 ]
    }, {
      "vertices" : [ 0, 2, 1 ]
    } ]
  }, {
    "id" : "444ec5b2-4faa-4af1-bde2-e9f911e50352",
    "vertices" : [ {
      "x" : -20.562305,
      "y" : 33.27051,
      "z" : -12.708204
    }, {
      "x" : -41.12461,
      "y" : 66.54102,
      "z" : -25.416409
    }, {
      "x" : -12.708204,
      "y" : 20.562305,
      "z" : -33.27051
    } ],
    "faces" : [ {
      "vertices" : [ 0, 1, 2 ]
    }, {
      "vertices" : [ 0, 2, 1 ]
    } ]
  }, {
    "id" : "3cf2fa44-4b36-4a3b-ab76-6d57f24aa5fa",
    "vertices" : [ {
      "x" : 22.18034,
      "y" : 8.472136,
      "z" : 41.12461
    }, {
      "x" : 44.36068,
      "y" : 16.944271,
      "z" : 0.0
    }, {
      "x" : 66.54102,
      "y" : 25.416409,
      "z" : 41.12461
    } ],
    "faces" : [ {
      "vertices" : [ 0, 1, 2 ]
    }, {
      "vertices" : [ 0, 2, 1 ]
    } ]
  }, {
    "id" : "b54abb42-01c2-496a-9322-fd1963bec27d",
    "vertices" : [ {
      "x" : 20.562305,
      "y" : -33.27051,
      "z" : -12.708204
    }, {
      "x" : 20.562305,
      "y" : -33.27051,
      "z" : 12.708204
    }, {
      "x" : 41.12461,
      "y" : -66.54102,
      "z" : 25.416409
    } ],
    "faces" : [ {
      "vertices" : [ 0, 1, 2 ]
    }, {
      "vertices" : [ 0, 2, 1 ]
    } ]
  }, {
    "id" : "54b10b3b-9071-4892-9faf-d21f10f1a188",
    "vertices" : [ {
      "x" : 12.708204,
      "y" : -20.562305,
      "z" : -33.27051
    }, {
      "x" : -12.708204,
      "y" : -20.562305,
      "z" : -33.27051
    }, {
      "x" : -25.416409,
      "y" : -41.12461,
      "z" : -66.54102
    } ],
    "faces" : [ {
      "vertices" : [ 0, 1, 2 ]
    }, {
      "vertices" : [ 0, 2, 1 ]
    } ]
  }, {
    "id" : "10ba8df7-0071-490b-8631-222f9646b589",
    "vertices" : [ {
      "x" : 12.708204,
      "y" : -20.562305,
      "z" : 33.27051
    }, {
      "x" : 20.562305,
      "y" : -33.27051,
      "z" : 12.708204
    }, {
      "x" : 41.12461,
      "y" : -66.54102,
      "z" : 25.416409
    } ],
    "faces" : [ {
      "vertices" : [ 0, 1, 2 ]
    }, {
      "vertices" : [ 0, 2, 1 ]
    } ]
  }, {
    "id" : "69d00841-e067-4b57-af3b-d33697ba4d95",
    "vertices" : [ {
      "x" : -33.27051,
      "y" : -12.708204,
      "z" : 20.562305
    }, {
      "x" : -66.54102,
      "y" : -25.416409,
      "z" : 41.12461
    }, {
      "x" : -20.562305,
      "y" : -33.27051,
      "z" : 12.708204
    } ],
    "faces" : [ {
      "vertices" : [ 0, 1, 2 ]
    }, {
      "vertices" : [ 0, 2, 1 ]
    } ]
  }, {
    "id" : "39aeba42-10ee-487b-ab5f-75539ce3cf43",
    "vertices" : [ {
      "x" : 22.18034,
      "y" : -8.472136,
      "z" : 41.12461
    }, {
      "x" : 44.36068,
      "y" : -16.944271,
      "z" : 0.0
    }, {
      "x" : 66.54102,
      "y" : -25.416409,
      "z" : 41.12461
    } ],
    "faces" : [ {
      "vertices" : [ 0, 1, 2 ]
    }, {
      "vertices" : [ 0, 2, 1 ]
    } ]
  }, {
    "id" : "ae4d7e62-69dc-4be9-a422-49b6d3e0c52b",
    "vertices" : [ {
      "x" : -16.944271,
      "y" : 0.0,
      "z" : 44.36068
    }, {
      "x" : -8.472136,
      "y" : -41.12461,
      "z" : 22.18034
    }, {
      "x" : -25.416409,
      "y" : -41.12461,
      "z" : 66.54102
    } ],
    "faces" : [ {
      "vertices" : [ 0, 1, 2 ]
    }, {
      "vertices" : [ 0, 2, 1 ]
    } ]
  }, {
    "id" : "09ddcd4b-c5f6-45ff-92ad-dd98b4e14451",
    "vertices" : [ {
      "x" : -5.236068,
      "y" : -35.888542,
      "z" : 30.652475
    }, {
      "x" : -35.888542,
      "y" : -30.652475,
      "z" : -5.236068
    }, {
      "x" : -41.12461,
      "y" : -66.54102,
      "z" : 25.416409
    } ],
    "faces" : [ {
      "vertices" : [ 0, 1, 2 ]
    }, {
      "vertices" : [ 0, 2, 1 ]
    } ]
  }, {
    "id" : "1663fce3-fda2-41f1-b415-8283f61dc51e",
    "vertices" : [ {
      "x" : -5.236068,
      "y" : 35.888542,
      "z" : -30.652475
    }, {
      "x" : -35.888542,
      "y" : 30.652475,
      "z" : 5.236068
    }, {
      "x" : -41.12461,
      "y" : 66.54102,
      "z" : -25.416409
    } ],
    "faces" : [ {
      "vertices" : [ 0, 1, 2 ]
    }, {
      "vertices" : [ 0, 2, 1 ]
    } ]
  }, {
    "id" : "797214e6-dde7-4990-bd88-661b09cce6d1",
    "vertices" : [ {
      "x" : 0.0,
      "y" : -41.12461,
      "z" : 0.0
    }, {
      "x" : 0.0,
      "y" : -82.24922,
      "z" : 0.0
    }, {
      "x" : -20.562305,
      "y" : -33.27051,
      "z" : 12.708204
    } ],
    "faces" : [ {
      "vertices" : [ 0, 1, 2 ]
    }, {
      "vertices" : [ 0, 2, 1 ]
    } ]
  }, {
    "id" : "009aa541-119a-480b-96c3-f2e2b14b0bea",
    "vertices" : [ {
      "x" : -35.888542,
      "y" : 30.652475,
      "z" : 5.236068
    }, {
      "x" : -30.652475,
      "y" : -5.236068,
      "z" : 35.888542
    }, {
      "x" : -66.54102,
      "y" : 25.416409,
      "z" : 41.12461
    } ],
    "faces" : [ {
      "vertices" : [ 0, 1, 2 ]
    }, {
      "vertices" : [ 0, 2, 1 ]
    } ]
  }, {
    "id" : "3d8ed5a7-8fd9-4748-917f-5ba39aa47eb8",
    "vertices" : [ {
      "x" : 0.0,
      "y" : -41.12461,
      "z" : 0.0
    }, {
      "x" : 20.562305,
      "y" : -33.27051,
      "z" : -12.708204
    }, {
      "x" : 41.12461,
      "y" : -66.54102,
      "z" : -25.416409
    } ],
    "faces" : [ {
      "vertices" : [ 0, 1, 2 ]
    }, {
      "vertices" : [ 0, 2, 1 ]
    } ]
  }, {
    "id" : "15981a74-6cce-4cd4-bd83-e2bc6701f2a2",
    "vertices" : [ {
      "x" : -35.888542,
      "y" : 30.652475,
      "z" : -5.236068
    }, {
      "x" : -30.652475,
      "y" : -5.236068,
      "z" : -35.888542
    }, {
      "x" : -66.54102,
      "y" : 25.416409,
      "z" : -41.12461
    } ],
    "faces" : [ {
      "vertices" : [ 0, 1, 2 ]
    }, {
      "vertices" : [ 0, 2, 1 ]
    } ]
  }, {
    "id" : "e2a931da-1473-4319-8d9f-a6118aea453f",
    "vertices" : [ {
      "x" : -8.472136,
      "y" : -41.12461,
      "z" : -22.18034
    }, {
      "x" : -16.944271,
      "y" : 0.0,
      "z" : -44.36068
    }, {
      "x" : -25.416409,
      "y" : -41.12461,
      "z" : -66.54102
    } ],
    "faces" : [ {
      "vertices" : [ 0, 1, 2 ]
    }, {
      "vertices" : [ 0, 2, 1 ]
    } ]
  }, {
    "id" : "ba933bb3-c220-4abe-b86b-134f6ad63c06",
    "vertices" : [ {
      "x" : -41.12461,
      "y" : 0.0,
      "z" : 0.0
    }, {
      "x" : -82.24922,
      "y" : 0.0,
      "z" : 0.0
    }, {
      "x" : -33.27051,
      "y" : -12.708204,
      "z" : 20.562305
    } ],
    "faces" : [ {
      "vertices" : [ 0, 1, 2 ]
    }, {
      "vertices" : [ 0, 2, 1 ]
    } ]
  }, {
    "id" : "cfbe54db-8ca2-4cc9-8ba2-e50f3ba69905",
    "vertices" : [ {
      "x" : -20.562305,
      "y" : -33.27051,
      "z" : -12.708204
    }, {
      "x" : -41.12461,
      "y" : -66.54102,
      "z" : -25.416409
    }, {
      "x" : -33.27051,
      "y" : -12.708204,
      "z" : -20.562305
    } ],
    "faces" : [ {
      "vertices" : [ 0, 1, 2 ]
    }, {
      "vertices" : [ 0, 2, 1 ]
    } ]
  }, {
    "id" : "483e8f3b-0fd5-4202-8d5e-07c404dbcb22",
    "vertices" : [ {
      "x" : -12.708204,
      "y" : -20.562305,
      "z" : -33.27051
    }, {
      "x" : -25.416409,
      "y" : -41.12461,
      "z" : -66.54102
    }, {
      "x" : 0.0,
      "y" : 0.0,
      "z" : -41.12461
    } ],
    "faces" : [ {
      "vertices" : [ 0, 1, 2 ]
    }, {
      "vertices" : [ 0, 2, 1 ]
    } ]
  }, {
    "id" : "faafa0bc-4364-437d-8087-b4f7f15bf3b8",
    "vertices" : [ {
      "x" : -12.708204,
      "y" : -20.562305,
      "z" : -33.27051
    }, {
      "x" : 0.0,
      "y" : 0.0,
      "z" : -41.12461
    }, {
      "x" : 0.0,
      "y" : 0.0,
      "z" : -82.24922
    } ],
    "faces" : [ {
      "vertices" : [ 0, 1, 2 ]
    }, {
      "vertices" : [ 0, 2, 1 ]
    } ]
  }, {
    "id" : "a586b152-f6d8-4a29-b8fb-c41b1ae95177",
    "vertices" : [ {
      "x" : -35.888542,
      "y" : -30.652475,
      "z" : -5.236068
    }, {
      "x" : -30.652475,
      "y" : 5.236068,
      "z" : -35.888542
    }, {
      "x" : -66.54102,
      "y" : -25.416409,
      "z" : -41.12461
    } ],
    "faces" : [ {
      "vertices" : [ 0, 1, 2 ]
    }, {
      "vertices" : [ 0, 2, 1 ]
    } ]
  }, {
    "id" : "0fdf60ec-bd3a-4315-9a83-cd113e3a8bea",
    "vertices" : [ {
      "x" : 0.0,
      "y" : 0.0,
      "z" : 41.12461
    }, {
      "x" : 12.708204,
      "y" : 20.562305,
      "z" : 33.27051
    }, {
      "x" : 25.416409,
      "y" : 41.12461,
      "z" : 66.54102
    } ],
    "faces" : [ {
      "vertices" : [ 0, 1, 2 ]
    }, {
      "vertices" : [ 0, 2, 1 ]
    } ]
  }, {
    "id" : "29bf7eb7-a636-475c-8514-f68462fcd948",
    "vertices" : [ {
      "x" : -16.944271,
      "y" : 0.0,
      "z" : -44.36068
    }, {
      "x" : -8.472136,
      "y" : 41.12461,
      "z" : -22.18034
    }, {
      "x" : -25.416409,
      "y" : 41.12461,
      "z" : -66.54102
    } ],
    "faces" : [ {
      "vertices" : [ 0, 1, 2 ]
    }, {
      "vertices" : [ 0, 2, 1 ]
    } ]
  }, {
    "id" : "4c1fbc4e-1002-4d89-9487-ac18ece3d5e7",
    "vertices" : [ {
      "x" : 33.27051,
      "y" : -12.708204,
      "z" : -20.562305
    }, {
      "x" : 66.54102,
      "y" : -25.416409,
      "z" : -41.12461
    }, {
      "x" : 20.562305,
      "y" : -33.27051,
      "z" : -12.708204
    } ],
    "faces" : [ {
      "vertices" : [ 0, 1, 2 ]
    }, {
      "vertices" : [ 0, 2, 1 ]
    } ]
  }, {
    "id" : "d0dffc5e-ee0e-4efb-be87-0cacc2625cc9",
    "vertices" : [ {
      "x" : 35.888542,
      "y" : 30.652475,
      "z" : -5.236068
    }, {
      "x" : 5.236068,
      "y" : 35.888542,
      "z" : 30.652475
    }, {
      "x" : 41.12461,
      "y" : 66.54102,
      "z" : 25.416409
    } ],
    "faces" : [ {
      "vertices" : [ 0, 1, 2 ]
    }, {
      "vertices" : [ 0, 2, 1 ]
    } ]
  }, {
    "id" : "88551c04-b164-4ada-8b3c-add167358475",
    "vertices" : [ {
      "x" : -33.27051,
      "y" : 12.708204,
      "z" : 20.562305
    }, {
      "x" : -66.54102,
      "y" : 25.416409,
      "z" : 41.12461
    }, {
      "x" : -41.12461,
      "y" : 0.0,
      "z" : 0.0
    } ],
    "faces" : [ {
      "vertices" : [ 0, 1, 2 ]
    }, {
      "vertices" : [ 0, 2, 1 ]
    } ]
  }, {
    "id" : "7ce34fb8-536c-4290-9bc4-2fa04dee1ac5",
    "vertices" : [ {
      "x" : 33.27051,
      "y" : -12.708204,
      "z" : -20.562305
    }, {
      "x" : 33.27051,
      "y" : 12.708204,
      "z" : -20.562305
    }, {
      "x" : 66.54102,
      "y" : 25.416409,
      "z" : -41.12461
    } ],
    "faces" : [ {
      "vertices" : [ 0, 1, 2 ]
    }, {
      "vertices" : [ 0, 2, 1 ]
    } ]
  }, {
    "id" : "9806c955-2d9c-4c8c-a14f-6e0d1e8b3973",
    "vertices" : [ {
      "x" : 41.12461,
      "y" : 22.18034,
      "z" : -8.472136
    }, {
      "x" : 0.0,
      "y" : 44.36068,
      "z" : -16.944271
    }, {
      "x" : 41.12461,
      "y" : 66.54102,
      "z" : -25.416409
    } ],
    "faces" : [ {
      "vertices" : [ 0, 1, 2 ]
    }, {
      "vertices" : [ 0, 2, 1 ]
    } ]
  }, {
    "id" : "2dbca48a-f092-451d-ae09-42af3a0c0c11",
    "vertices" : [ {
      "x" : -12.708204,
      "y" : -20.562305,
      "z" : 33.27051
    }, {
      "x" : -25.416409,
      "y" : -41.12461,
      "z" : 66.54102
    }, {
      "x" : -33.27051,
      "y" : -12.708204,
      "z" : 20.562305
    } ],
    "faces" : [ {
      "vertices" : [ 0, 1, 2 ]
    }, {
      "vertices" : [ 0, 2, 1 ]
    } ]
  }, {
    "id" : "1b14517d-261c-4e06-ace6-2b5463493dfd",
    "vertices" : [ {
      "x" : -20.562305,
      "y" : 33.27051,
      "z" : -12.708204
    }, {
      "x" : -20.562305,
      "y" : 33.27051,
      "z" : 12.708204
    }, {
      "x" : -41.12461,
      "y" : 66.54102,
      "z" : 25.416409
    } ],
    "faces" : [ {
      "vertices" : [ 0, 1, 2 ]
    }, {
      "vertices" : [ 0, 2, 1 ]
    } ]
  }, {
    "id" : "f1242ac6-4c6f-4fa7-a870-46060b90d2b2",
    "vertices" : [ {
      "x" : -33.27051,
      "y" : -12.708204,
      "z" : 20.562305
    }, {
      "x" : -20.562305,
      "y" : -33.27051,
      "z" : 12.708204
    }, {
      "x" : -41.12461,
      "y" : -66.54102,
      "z" : 25.416409
    } ],
    "faces" : [ {
      "vertices" : [ 0, 1, 2 ]
    }, {
      "vertices" : [ 0, 2, 1 ]
    } ]
  }, {
    "id" : "ad2895ec-a496-44ba-86a2-60994deabc17",
    "vertices" : [ {
      "x" : 12.708204,
      "y" : 20.562305,
      "z" : -33.27051
    }, {
      "x" : 0.0,
      "y" : 0.0,
      "z" : -41.12461
    }, {
      "x" : 0.0,
      "y" : 0.0,
      "z" : -82.24922
    } ],
    "faces" : [ {
      "vertices" : [ 0, 1, 2 ]
    }, {
      "vertices" : [ 0, 2, 1 ]
    } ]
  }, {
    "id" : "d8cf2e10-9ee7-4509-ba5b-0bc35335d4bd",
    "vertices" : [ {
      "x" : 30.652475,
      "y" : 5.236068,
      "z" : 35.888542
    }, {
      "x" : 35.888542,
      "y" : -30.652475,
      "z" : 5.236068
    }, {
      "x" : 66.54102,
      "y" : -25.416409,
      "z" : 41.12461
    } ],
    "faces" : [ {
      "vertices" : [ 0, 1, 2 ]
    }, {
      "vertices" : [ 0, 2, 1 ]
    } ]
  }, {
    "id" : "a898b151-c4b9-45f5-8faa-7cb5e5f183b3",
    "vertices" : [ {
      "x" : -8.472136,
      "y" : -41.12461,
      "z" : 22.18034
    }, {
      "x" : 8.472136,
      "y" : -41.12461,
      "z" : -22.18034
    }, {
      "x" : 0.0,
      "y" : -82.24922,
      "z" : 0.0
    } ],
    "faces" : [ {
      "vertices" : [ 0, 1, 2 ]
    }, {
      "vertices" : [ 0, 2, 1 ]
    } ]
  }, {
    "id" : "7ebe645a-3bd0-493d-a00c-02cbeeaa2686",
    "vertices" : [ {
      "x" : -30.652475,
      "y" : 5.236068,
      "z" : -35.888542
    }, {
      "x" : 5.236068,
      "y" : 35.888542,
      "z" : -30.652475
    }, {
      "x" : -25.416409,
      "y" : 41.12461,
      "z" : -66.54102
    } ],
    "faces" : [ {
      "vertices" : [ 0, 1, 2 ]
    }, {
      "vertices" : [ 0, 2, 1 ]
    } ]
  }, {
    "id" : "d83aa406-72ba-425c-b5d7-5bdc70cf3b99",
    "vertices" : [ {
      "x" : -12.708204,
      "y" : -20.562305,
      "z" : 33.27051
    }, {
      "x" : 12.708204,
      "y" : -20.562305,
      "z" : 33.27051
    }, {
      "x" : 25.416409,
      "y" : -41.12461,
      "z" : 66.54102
    } ],
    "faces" : [ {
      "vertices" : [ 0, 1, 2 ]
    }, {
      "vertices" : [ 0, 2, 1 ]
    } ]
  }, {
    "id" : "4e34f8f6-ed26-47cf-8943-5029527e733e",
    "vertices" : [ {
      "x" : -41.12461,
      "y" : 22.18034,
      "z" : 8.472136
    }, {
      "x" : -41.12461,
      "y" : -22.18034,
      "z" : -8.472136
    }, {
      "x" : -82.24922,
      "y" : 0.0,
      "z" : 0.0
    } ],
    "faces" : [ {
      "vertices" : [ 0, 1, 2 ]
    }, {
      "vertices" : [ 0, 2, 1 ]
    } ]
  }, {
    "id" : "431296bc-414a-4e5d-b23e-90d1fad5c76d",
    "vertices" : [ {
      "x" : -12.708204,
      "y" : -20.562305,
      "z" : 33.27051
    }, {
      "x" : -25.416409,
      "y" : -41.12461,
      "z" : 66.54102
    }, {
      "x" : 12.708204,
      "y" : -20.562305,
      "z" : 33.27051
    } ],
    "faces" : [ {
      "vertices" : [ 0, 1, 2 ]
    }, {
      "vertices" : [ 0, 2, 1 ]
    } ]
  }, {
    "id" : "bb3fd33a-4692-4ff9-a679-cff560e2ca7a",
    "vertices" : [ {
      "x" : 0.0,
      "y" : 44.36068,
      "z" : 16.944271
    }, {
      "x" : -41.12461,
      "y" : 22.18034,
      "z" : 8.472136
    }, {
      "x" : -41.12461,
      "y" : 66.54102,
      "z" : 25.416409
    } ],
    "faces" : [ {
      "vertices" : [ 0, 1, 2 ]
    }, {
      "vertices" : [ 0, 2, 1 ]
    } ]
  }, {
    "id" : "00fcfc8b-79f4-48cd-a15b-e1a25f7c359a",
    "vertices" : [ {
      "x" : -20.562305,
      "y" : -33.27051,
      "z" : 12.708204
    }, {
      "x" : -41.12461,
      "y" : -66.54102,
      "z" : 25.416409
    }, {
      "x" : -12.708204,
      "y" : -20.562305,
      "z" : 33.27051
    } ],
    "faces" : [ {
      "vertices" : [ 0, 1, 2 ]
    }, {
      "vertices" : [ 0, 2, 1 ]
    } ]
  }, {
    "id" : "d19822af-fbfd-40fd-8937-99cbb81aabdc",
    "vertices" : [ {
      "x" : 33.27051,
      "y" : 12.708204,
      "z" : -20.562305
    }, {
      "x" : 66.54102,
      "y" : 25.416409,
      "z" : -41.12461
    }, {
      "x" : 12.708204,
      "y" : 20.562305,
      "z" : -33.27051
    } ],
    "faces" : [ {
      "vertices" : [ 0, 1, 2 ]
    }, {
      "vertices" : [ 0, 2, 1 ]
    } ]
  }, {
    "id" : "440b1a17-1c28-4ff1-91bd-ac556846030a",
    "vertices" : [ {
      "x" : -22.18034,
      "y" : -8.472136,
      "z" : 41.12461
    }, {
      "x" : 22.18034,
      "y" : 8.472136,
      "z" : 41.12461
    }, {
      "x" : 0.0,
      "y" : 0.0,
      "z" : 82.24922
    } ],
    "faces" : [ {
      "vertices" : [ 0, 1, 2 ]
    }, {
      "vertices" : [ 0, 2, 1 ]
    } ]
  }, {
    "id" : "51d8ee2c-1f8f-49a9-9e7e-83ea163e32bf",
    "vertices" : [ {
      "x" : -20.562305,
      "y" : 33.27051,
      "z" : 12.708204
    }, {
      "x" : -41.12461,
      "y" : 66.54102,
      "z" : 25.416409
    }, {
      "x" : -33.27051,
      "y" : 12.708204,
      "z" : 20.562305
    } ],
    "faces" : [ {
      "vertices" : [ 0, 1, 2 ]
    }, {
      "vertices" : [ 0, 2, 1 ]
    } ]
  }, {
    "id" : "948873b3-791e-49e9-8338-6b1de916f947",
    "vertices" : [ {
      "x" : 41.12461,
      "y" : 0.0,
      "z" : 0.0
    }, {
      "x" : 82.24922,
      "y" : 0.0,
      "z" : 0.0
    }, {
      "x" : 33.27051,
      "y" : -12.708204,
      "z" : -20.562305
    } ],
    "faces" : [ {
      "vertices" : [ 0, 1, 2 ]
    }, {
      "vertices" : [ 0, 2, 1 ]
    } ]
  }, {
    "id" : "1bbce276-f1fb-408e-b084-60c7d7e1bff7",
    "vertices" : [ {
      "x" : -12.708204,
      "y" : 20.562305,
      "z" : -33.27051
    }, {
      "x" : -33.27051,
      "y" : 12.708204,
      "z" : -20.562305
    }, {
      "x" : -66.54102,
      "y" : 25.416409,
      "z" : -41.12461
    } ],
    "faces" : [ {
      "vertices" : [ 0, 1, 2 ]
    }, {
      "vertices" : [ 0, 2, 1 ]
    } ]
  }, {
    "id" : "488d1cd2-1aa9-4516-b027-53b4337ec6c6",
    "vertices" : [ {
      "x" : -20.562305,
      "y" : -33.27051,
      "z" : -12.708204
    }, {
      "x" : -33.27051,
      "y" : -12.708204,
      "z" : -20.562305
    }, {
      "x" : -66.54102,
      "y" : -25.416409,
      "z" : -41.12461
    } ],
    "faces" : [ {
      "vertices" : [ 0, 1, 2 ]
    }, {
      "vertices" : [ 0, 2, 1 ]
    } ]
  }, {
    "id" : "8e973767-a8ed-434d-a815-76c90a8e678f",
    "vertices" : [ {
      "x" : -20.562305,
      "y" : -33.27051,
      "z" : 12.708204
    }, {
      "x" : -41.12461,
      "y" : -66.54102,
      "z" : 25.416409
    }, {
      "x" : -20.562305,
      "y" : -33.27051,
      "z" : -12.708204
    } ],
    "faces" : [ {
      "vertices" : [ 0, 1, 2 ]
    }, {
      "vertices" : [ 0, 2, 1 ]
    } ]
  }, {
    "id" : "ed44485e-d9b9-4f50-8c4e-52d263fc7503",
    "vertices" : [ {
      "x" : 12.708204,
      "y" : 20.562305,
      "z" : 33.27051
    }, {
      "x" : 33.27051,
      "y" : 12.708204,
      "z" : 20.562305
    }, {
      "x" : 66.54102,
      "y" : 25.416409,
      "z" : 41.12461
    } ],
    "faces" : [ {
      "vertices" : [ 0, 1, 2 ]
    }, {
      "vertices" : [ 0, 2, 1 ]
    } ]
  }, {
    "id" : "4ca24cb2-5fbe-48f4-8fa4-3beb3cd0b323",
    "vertices" : [ {
      "x" : 0.0,
      "y" : 0.0,
      "z" : 41.12461
    }, {
      "x" : 0.0,
      "y" : 0.0,
      "z" : 82.24922
    }, {
      "x" : -12.708204,
      "y" : -20.562305,
      "z" : 33.27051
    } ],
    "faces" : [ {
      "vertices" : [ 0, 1, 2 ]
    }, {
      "vertices" : [ 0, 2, 1 ]
    } ]
  }, {
    "id" : "3cbc851e-e557-4c85-81cc-16879ec1ba87",
    "vertices" : [ {
      "x" : 20.562305,
      "y" : -33.27051,
      "z" : 12.708204
    }, {
      "x" : 33.27051,
      "y" : -12.708204,
      "z" : 20.562305
    }, {
      "x" : 66.54102,
      "y" : -25.416409,
      "z" : 41.12461
    } ],
    "faces" : [ {
      "vertices" : [ 0, 1, 2 ]
    }, {
      "vertices" : [ 0, 2, 1 ]
    } ]
  }, {
    "id" : "c4f148a5-52fa-40e7-a5a5-c577aed79199",
    "vertices" : [ {
      "x" : -33.27051,
      "y" : -12.708204,
      "z" : -20.562305
    }, {
      "x" : -41.12461,
      "y" : 0.0,
      "z" : 0.0
    }, {
      "x" : -82.24922,
      "y" : 0.0,
      "z" : 0.0
    } ],
    "faces" : [ {
      "vertices" : [ 0, 1, 2 ]
    }, {
      "vertices" : [ 0, 2, 1 ]
    } ]
  }, {
    "id" : "e64b8024-5084-45a0-a643-63d5f331fb3d",
    "vertices" : [ {
      "x" : -41.12461,
      "y" : 22.18034,
      "z" : -8.472136
    }, {
      "x" : -41.12461,
      "y" : -22.18034,
      "z" : 8.472136
    }, {
      "x" : -82.24922,
      "y" : 0.0,
      "z" : 0.0
    } ],
    "faces" : [ {
      "vertices" : [ 0, 1, 2 ]
    }, {
      "vertices" : [ 0, 2, 1 ]
    } ]
  }, {
    "id" : "f9f9c823-8176-45be-8ae7-1bb113514c9b",
    "vertices" : [ {
      "x" : 12.708204,
      "y" : 20.562305,
      "z" : 33.27051
    }, {
      "x" : 25.416409,
      "y" : 41.12461,
      "z" : 66.54102
    }, {
      "x" : 33.27051,
      "y" : 12.708204,
      "z" : 20.562305
    } ],
    "faces" : [ {
      "vertices" : [ 0, 1, 2 ]
    }, {
      "vertices" : [ 0, 2, 1 ]
    } ]
  }, {
    "id" : "e2616afe-669d-41f3-9231-58d03dbb1df1",
    "vertices" : [ {
      "x" : -5.236068,
      "y" : 35.888542,
      "z" : 30.652475
    }, {
      "x" : -35.888542,
      "y" : 30.652475,
      "z" : -5.236068
    }, {
      "x" : -41.12461,
      "y" : 66.54102,
      "z" : 25.416409
    } ],
    "faces" : [ {
      "vertices" : [ 0, 1, 2 ]
    }, {
      "vertices" : [ 0, 2, 1 ]
    } ]
  }, {
    "id" : "72aed7ad-f3c4-486f-b72c-02d6ec456c8f",
    "vertices" : [ {
      "x" : 5.236068,
      "y" : -35.888542,
      "z" : 30.652475
    }, {
      "x" : 35.888542,
      "y" : -30.652475,
      "z" : -5.236068
    }, {
      "x" : 41.12461,
      "y" : -66.54102,
      "z" : 25.416409
    } ],
    "faces" : [ {
      "vertices" : [ 0, 1, 2 ]
    }, {
      "vertices" : [ 0, 2, 1 ]
    } ]
  }, {
    "id" : "1eaab0f2-df4c-4a49-9470-dcd4dc63540d",
    "vertices" : [ {
      "x" : 5.236068,
      "y" : 35.888542,
      "z" : 30.652475
    }, {
      "x" : -30.652475,
      "y" : 5.236068,
      "z" : 35.888542
    }, {
      "x" : -25.416409,
      "y" : 41.12461,
      "z" : 66.54102
    } ],
    "faces" : [ {
      "vertices" : [ 0, 1, 2 ]
    }, {
      "vertices" : [ 0, 2, 1 ]
    } ]
  }, {
    "id" : "d03c6846-f92a-488f-88ac-1e717eb2cdce",
    "vertices" : [ {
      "x" : -33.27051,
      "y" : -12.708204,
      "z" : -20.562305
    }, {
      "x" : -66.54102,
      "y" : -25.416409,
      "z" : -41.12461
    }, {
      "x" : -12.708204,
      "y" : -20.562305,
      "z" : -33.27051
    } ],
    "faces" : [ {
      "vertices" : [ 0, 1, 2 ]
    }, {
      "vertices" : [ 0, 2, 1 ]
    } ]
  }, {
    "id" : "8722f9a5-a8f6-40b8-a3ae-02719243eafc",
    "vertices" : [ {
      "x" : 41.12461,
      "y" : 0.0,
      "z" : 0.0
    }, {
      "x" : 82.24922,
      "y" : 0.0,
      "z" : 0.0
    }, {
      "x" : 33.27051,
      "y" : 12.708204,
      "z" : 20.562305
    } ],
    "faces" : [ {
      "vertices" : [ 0, 1, 2 ]
    }, {
      "vertices" : [ 0, 2, 1 ]
    } ]
  }, {
    "id" : "17cdb3f0-8b05-4cd4-a157-c93ee502dd4c",
    "vertices" : [ {
      "x" : 0.0,
      "y" : 41.12461,
      "z" : 0.0
    }, {
      "x" : -20.562305,
      "y" : 33.27051,
      "z" : -12.708204
    }, {
      "x" : -41.12461,
      "y" : 66.54102,
      "z" : -25.416409
    } ],
    "faces" : [ {
      "vertices" : [ 0, 1, 2 ]
    }, {
      "vertices" : [ 0, 2, 1 ]
    } ]
  }, {
    "id" : "07a1c717-cc7f-4204-a3f2-7688b23435ed",
    "vertices" : [ {
      "x" : 12.708204,
      "y" : 20.562305,
      "z" : -33.27051
    }, {
