{
  "field" : "golden",
  "symmetry" : "icosahedral",
  "orientations" : [ [ 1.0, 0.0, 0.0, 0.0, 0.0, 1.0, 0.0, 0.0, 0.0, 0.0, 1.0, 0.0, 0.0, 0.0, 0.0, 1.0 ], [ 0.0, 0.0, 1.0, 0.0, 1.0, 0.0, 0.0, 0.0, 0.0, 1.0, 0.0, 0.0, 0.0, 0.0, 0.0, 1.0 ], [ 0.0, 1.0, 0.0, 0.0, 0.0, 0.0, 1.0, 0.0, 1.0, 0.0, 0.0, 0.0, 0.0, 0.0, 0.0, 1.0 ], [ 0.809017, 0.309017, 0.5, 0.0, 0.309017, 0.5, -0.809017, 0.0, -0.5, 0.809017, 0.309017, 0.0, 0.0, 0.0, 0.0, 1.0 ], [ -0.5, 0.809017, 0.309017, 0.0, 0.809017, 0.309017, 0.5, 0.0, 0.309017, 0.5, -0.809017, 0.0, 0.0, 0.0, 0.0, 1.0 ], [ 0.309017, 0.5, -0.809017, 0.0, -0.5, 0.809017, 0.309017, 0.0, 0.809017, 0.309017, 0.5, 0.0, 0.0, 0.0, 0.0, 1.0 ], [ 0.5, 0.809017, 0.309017, 0.0, 0.809017, -0.309017, -0.5, 0.0, -0.309017, 0.5, -0.809017, 0.0, 0.0, 0.0, 0.0, 1.0 ], [ -0.309017, 0.5, -0.809017, 0.0, 0.5, 0.809017, 0.309017, 0.0, 0.809017, -0.309017, -0.5, 0.0, 0.0, 0.0, 0.0, 1.0 ], [ 0.809017, -0.309017, -0.5, 0.0, -0.309017, 0.5, -0.809017, 0.0, 0.5, 0.809017, 0.309017, 0.0, 0.0, 0.0, 0.0, 1.0 ], [ 0.5, 0.809017, -0.309017, 0.0, 0.809017, -0.309017, 0.5, 0.0, 0.309017, -0.5, -0.809017, 0.0, 0.0, 0.0, 0.0, 1.0 ], [ 0.309017, -0.5, -0.809017, 0.0, 0.5, 0.809017, -0.309017, 0.0, 0.809017, -0.309017, 0.5, 0.0, 0.0, 0.0, 0.0, 1.0 ], [ 0.809017, -0.309017, 0.5, 0.0, 0.309017, -0.5, -0.809017, 0.0, 0.5, 0.809017, -0.309017, 0.0, 0.0, 0.0, 0.0, 1.0 ], [ 0.809017, 0.309017, -0.5, 0.0, 0.309017, 0.5, 0.809017, 0.0, 0.5, -0.809017, 0.309017, 0.0, 0.0, 0.0, 0.0, 1.0 ], [ 0.5, -0.809017, 0.309017, 0.0, 0.809017, 0.309017, -0.5, 0.0, 0.309017, 0.5, 0.809017, 0.0, 0.0, 0.0, 0.0, 1.0 ], [ 0.309017, 0.5, 0.809017, 0.0, 0.5, -0.809017, 0.309017, 0.0, 0.809017, 0.309017, -0.5, 0.0, 0.0, 0.0, 0.0, 1.0 ], [ 1.0, 0.0, 0.0, 0.0, 0.0, -1.0, 0.0, 0.0, 0.0, 0.0, -1.0, 0.0, 0.0, 0.0, 0.0, 1.0 ], [ 0.0, 0.0, 1.0, 0.0, -1.0, 0.0, 0.0, 0.0, 0.0, -1.0, 0.0, 0.0, 0.0, 0.0, 0.0, 1.0 ], [ 0.0, 1.0, 0.0, 0.0, 0.0, 0.0, -1.0, 0.0, -1.0, 0.0, 0.0, 0.0, 0.0, 0.0, 0.0, 1.0 ], [ 0.809017, 0.309017, 0.5, 0.0, -0.309017, -0.5, 0.809017, 0.0, 0.5, -0.809017, -0.309017, 0.0, 0.0, 0.0, 0.0, 1.0 ], [ -0.5, 0.809017, 0.309017, 0.0, -0.809017, -0.309017, -0.5, 0.0, -0.309017, -0.5, 0.809017, 0.0, 0.0, 0.0, 0.0, 1.0 ], [ 0.309017, 0.5, -0.809017, 0.0, 0.5, -0.809017, -0.309017, 0.0, -0.809017, -0.309017, -0.5, 0.0, 0.0, 0.0, 0.0, 1.0 ], [ 0.5, 0.809017, 0.309017, 0.0, -0.809017, 0.309017, 0.5, 0.0, 0.309017, -0.5, 0.809017, 0.0, 0.0, 0.0, 0.0, 1.0 ], [ -0.309017, 0.5, -0.809017, 0.0, -0.5, -0.809017, -0.309017, 0.0, -0.809017, 0.309017, 0.5, 0.0, 0.0, 0.0, 0.0, 1.0 ], [ 0.809017, -0.309017, -0.5, 0.0, 0.309017, -0.5, 0.809017, 0.0, -0.5, -0.809017, -0.309017, 0.0, 0.0, 0.0, 0.0, 1.0 ], [ 0.5, 0.809017, -0.309017, 0.0, -0.809017, 0.309017, -0.5, 0.0, -0.309017, 0.5, 0.809017, 0.0, 0.0, 0.0, 0.0, 1.0 ], [ 0.309017, -0.5, -0.809017, 0.0, -0.5, -0.809017, 0.309017, 0.0, -0.809017, 0.309017, -0.5, 0.0, 0.0, 0.0, 0.0, 1.0 ], [ 0.809017, -0.309017, 0.5, 0.0, -0.309017, 0.5, 0.809017, 0.0, -0.5, -0.809017, 0.309017, 0.0, 0.0, 0.0, 0.0, 1.0 ], [ 0.809017, 0.309017, -0.5, 0.0, -0.309017, -0.5, -0.809017, 0.0, -0.5, 0.809017, -0.309017, 0.0, 0.0, 0.0, 0.0, 1.0 ], [ 0.5, -0.809017, 0.309017, 0.0, -0.809017, -0.309017, 0.5, 0.0, -0.309017, -0.5, -0.809017, 0.0, 0.0, 0.0, 0.0, 1.0 ], [ 0.309017, 0.5, 0.809017, 0.0, -0.5, 0.809017, -0.309017, 0.0, -0.809017, -0.309017, 0.5, 0.0, 0.0, 0.0, 0.0, 1.0 ], [ -1.0, 0.0, 0.0, 0.0, 0.0, -1.0, 0.0, 0.0, 0.0, 0.0, 1.0, 0.0, 0.0, 0.0, 0.0, 1.0 ], [ 0.0, 0.0, -1.0, 0.0, -1.0, 0.0, 0.0, 0.0, 0.0, 1.0, 0.0, 0.0, 0.0, 0.0, 0.0, 1.0 ], [ 0.0, -1.0, 0.0, 0.0, 0.0, 0.0, -1.0, 0.0, 1.0, 0.0, 0.0, 0.0, 0.0, 0.0, 0.0, 1.0 ], [ -0.809017, -0.309017, -0.5, 0.0, -0.309017, -0.5, 0.809017, 0.0, -0.5, 0.809017, 0.309017, 0.0, 0.0, 0.0, 0.0, 1.0 ], [ 0.5, -0.809017, -0.309017, 0.0, -0.809017, -0.309017, -0.5, 0.0, 0.309017, 0.5, -0.809017, 0.0, 0.0, 0.0, 0.0, 1.0 ], [ -0.309017, -0.5, 0.809017, 0.0, 0.5, -0.809017, -0.309017, 0.0, 0.809017, 0.309017, 0.5, 0.0, 0.0, 0.0, 0.0, 1.0 ], [ -0.5, -0.809017, -0.309017, 0.0, -0.809017, 0.309017, 0.5, 0.0, -0.309017, 0.5, -0.809017, 0.0, 0.0, 0.0, 0.0, 1.0 ], [ 0.309017, -0.5, 0.809017, 0.0, -0.5, -0.809017, -0.309017, 0.0, 0.809017, -0.309017, -0.5, 0.0, 0.0, 0.0, 0.0, 1.0 ], [ -0.809017, 0.309017, 0.5, 0.0, 0.309017, -0.5, 0.809017, 0.0, 0.5, 0.809017, 0.309017, 0.0, 0.0, 0.0, 0.0, 1.0 ], [ -0.5, -0.809017, 0.309017, 0.0, -0.809017, 0.309017, -0.5, 0.0, 0.309017, -0.5, -0.809017, 0.0, 0.0, 0.0, 0.0, 1.0 ], [ -0.309017, 0.5, 0.809017, 0.0, -0.5, -0.809017, 0.309017, 0.0, 0.809017, -0.309017, 0.5, 0.0, 0.0, 0.0, 0.0, 1.0 ], [ -0.809017, 0.309017, -0.5, 0.0, -0.309017, 0.5, 0.809017, 0.0, 0.5, 0.809017, -0.309017, 0.0, 0.0, 0.0, 0.0, 1.0 ], [ -0.809017, -0.309017, 0.5, 0.0, -0.309017, -0.5, -0.809017, 0.0, 0.5, -0.809017, 0.309017, 0.0, 0.0, 0.0, 0.0, 1.0 ], [ -0.5, 0.809017, -0.309017, 0.0, -0.809017, -0.309017, 0.5, 0.0, 0.309017, 0.5, 0.809017, 0.0, 0.0, 0.0, 0.0, 1.0 ], [ -0.309017, -0.5, -0.809017, 0.0, -0.5, 0.809017, -0.309017, 0.0, 0.809017, 0.309017, -0.5, 0.0, 0.0, 0.0, 0.0, 1.0 ], [ -1.0, 0.0, 0.0, 0.0, 0.0, 1.0, 0.0, 0.0, 0.0, 0.0, -1.0, 0.0, 0.0, 0.0, 0.0, 1.0 ], [ 0.0, 0.0, -1.0, 0.0, 1.0, 0.0, 0.0, 0.0, 0.0, -1.0, 0.0, 0.0, 0.0, 0.0, 0.0, 1.0 ], [ 0.0, -1.0, 0.0, 0.0, 0.0, 0.0, 1.0, 0.0, -1.0, 0.0, 0.0, 0.0, 0.0, 0.0, 0.0, 1.0 ], [ -0.809017, -0.309017, -0.5, 0.0, 0.309017, 0.5, -0.809017, 0.0, 0.5, -0.809017, -0.309017, 0.0, 0.0, 0.0, 0.0, 1.0 ], [ 0.5, -0.809017, -0.309017, 0.0, 0.809017, 0.309017, 0.5, 0.0, -0.309017, -0.5, 0.809017, 0.0, 0.0, 0.0, 0.0, 1.0 ], [ -0.309017, -0.5, 0.809017, 0.0, -0.5, 0.809017, 0.309017, 0.0, -0.809017, -0.309017, -0.5, 0.0, 0.0, 0.0, 0.0, 1.0 ], [ -0.5, -0.809017, -0.309017, 0.0, 0.809017, -0.309017, -0.5, 0.0, 0.309017, -0.5, 0.809017, 0.0, 0.0, 0.0, 0.0, 1.0 ], [ 0.309017, -0.5, 0.809017, 0.0, 0.5, 0.809017, 0.309017, 0.0, -0.809017, 0.309017, 0.5, 0.0, 0.0, 0.0, 0.0, 1.0 ], [ -0.809017, 0.309017, 0.5, 0.0, -0.309017, 0.5, -0.809017, 0.0, -0.5, -0.809017, -0.309017, 0.0, 0.0, 0.0, 0.0, 1.0 ], [ -0.5, -0.809017, 0.309017, 0.0, 0.809017, -0.309017, 0.5, 0.0, -0.309017, 0.5, 0.809017, 0.0, 0.0, 0.0, 0.0, 1.0 ], [ -0.309017, 0.5, 0.809017, 0.0, 0.5, 0.809017, -0.309017, 0.0, -0.809017, 0.309017, -0.5, 0.0, 0.0, 0.0, 0.0, 1.0 ], [ -0.809017, 0.309017, -0.5, 0.0, 0.309017, -0.5, -0.809017, 0.0, -0.5, -0.809017, 0.309017, 0.0, 0.0, 0.0, 0.0, 1.0 ], [ -0.809017, -0.309017, 0.5, 0.0, 0.309017, 0.5, 0.809017, 0.0, -0.5, 0.809017, -0.309017, 0.0, 0.0, 0.0, 0.0, 1.0 ], [ -0.5, 0.809017, -0.309017, 0.0, 0.809017, 0.309017, -0.5, 0.0, -0.309017, -0.5, -0.809017, 0.0, 0.0, 0.0, 0.0, 1.0 ], [ -0.309017, -0.5, -0.809017, 0.0, 0.5, -0.809017, 0.309017, 0.0, -0.809017, -0.309017, 0.5, 0.0, 0.0, 0.0, 0.0, 1.0 ] ],
  "lights" : {
    "ambientColor" : "#292929",
    "backgroundColor" : "#E0EFFF",
    "directionalLights" : [ {
      "direction" : {
        "x" : 1.0,
        "y" : -1.0,
        "z" : -1.0
      },
      "color" : "#EBEBE4"
    }, {
      "direction" : {
        "x" : -1.0,
        "y" : 0.0,
        "z" : 0.0
      },
      "color" : "#E4E4EB"
    }, {
      "direction" : {
        "x" : 0.0,
        "y" : 0.0,
        "z" : -1.0
      },
      "color" : "#1E1E1E"
    } ]
  },
  "camera" : {
    "viewDistance" : 179.26756,
    "nearClipDistance" : 0.44816884,
    "farClipDistance" : 358.53506,
    "lookAtPoint" : {
      "x" : 0.0,
      "y" : 0.0,
      "z" : 0.0
    },
    "fieldOfView" : 0.44262883,
    "perspective" : false,
    "lookDirection" : {
      "x" : 0.0,
      "y" : 0.0,
      "z" : -1.0
    },
    "upDirection" : {
      "x" : 0.0,
      "y" : 1.0,
      "z" : 0.0
    },
    "width" : 80.670395,
    "stereo" : false,
    "position" : {
      "x" : 0.0,
      "y" : 0.0,
      "z" : 179.26756
    }
  },
  "embedding" : [ 1.0, 0.0, 0.0, 0.0, 0.0, 1.0, 0.0, 0.0, 0.0, 0.0, 1.0, 0.0, 0.0, 0.0, 0.0, 1.0 ],
  "shapes" : [ {
    "id" : "f4512224-d94b-4514-bc34-2536b21c08ec",
    "vertices" : [ {
      "x" : 1.145898,
      "y" : -0.072949015,
      "z" : 0.19098301
    }, {
      "x" : 1.145898,
      "y" : 0.54508495,
      "z" : 0.19098301
    }, {
      "x" : 0.4376941,
      "y" : 0.090169944,
      "z" : 0.0
    }, {
      "x" : 1.145898,
      "y" : 0.54508495,
      "z" : -0.19098301
    }, {
      "x" : 9.5065775,
      "y" : 2.2674797,
      "z" : -0.19098301
    }, {
      "x" : 9.5065775,
      "y" : 1.6494458,
      "z" : -0.19098301
    }, {
      "x" : 1.145898,
      "y" : -0.072949015,
      "z" : -0.19098301
    }, {
      "x" : 9.5065775,
      "y" : 1.6494458,
      "z" : 0.19098301
    }, {
      "x" : 9.5065775,
      "y" : 2.2674797,
      "z" : 0.19098301
    }, {
      "x" : 10.214782,
      "y" : 2.1043608,
      "z" : 0.0
    }, {
      "x" : 11.09017,
      "y" : 2.2847006,
      "z" : 0.0
    } ],
    "faces" : [ {
      "vertices" : [ 0, 7, 8 ]
    }, {
      "vertices" : [ 0, 8, 1 ]
    }, {
      "vertices" : [ 1, 8, 4 ]
    }, {
      "vertices" : [ 1, 4, 3 ]
    }, {
      "vertices" : [ 3, 4, 5 ]
    }, {
      "vertices" : [ 3, 5, 6 ]
    }, {
      "vertices" : [ 4, 9, 5 ]
    }, {
      "vertices" : [ 0, 6, 5 ]
    }, {
      "vertices" : [ 0, 5, 7 ]
    }, {
      "vertices" : [ 0, 1, 2 ]
    }, {
      "vertices" : [ 5, 9, 7 ]
    }, {
      "vertices" : [ 4, 8, 9 ]
    }, {
      "vertices" : [ 1, 3, 2 ]
    }, {
      "vertices" : [ 7, 9, 8 ]
    }, {
      "vertices" : [ 0, 2, 6 ]
    }, {
      "vertices" : [ 2, 3, 6 ]
    } ]
  }, {
    "id" : "735ed27e-0a48-492f-9ddb-e53c974accc0",
    "vertices" : [ {
      "x" : -12.324521,
      "y" : 14.541739,
      "z" : -5.662319
    }, {
      "x" : -12.424521,
      "y" : 14.641739,
      "z" : -5.262319
    }, {
      "x" : -0.61401016,
      "y" : 0.41182086,
      "z" : -0.049432635
    }, {
      "x" : -0.5140102,
      "y" : 0.31182083,
      "z" : -0.44943264
    }, {
      "x" : -12.724522,
      "y" : 14.408405,
      "z" : -5.3956523
    }, {
      "x" : -12.624521,
      "y" : 14.308406,
      "z" : -5.7956524
    }, {
      "x" : -0.21401016,
      "y" : 0.54515415,
      "z" : -0.3160993
    }, {
      "x" : -0.31401017,
      "y" : 0.6451542,
      "z" : 0.0839007
    } ],
    "faces" : [ {
      "vertices" : [ 2, 3, 6 ]
    }, {
      "vertices" : [ 2, 6, 7 ]
    }, {
      "vertices" : [ 0, 5, 4 ]
    }, {
      "vertices" : [ 0, 4, 1 ]
    }, {
      "vertices" : [ 2, 4, 5 ]
    }, {
      "vertices" : [ 2, 5, 3 ]
    }, {
      "vertices" : [ 0, 6, 3 ]
    }, {
      "vertices" : [ 0, 3, 5 ]
    }, {
      "vertices" : [ 0, 1, 7 ]
    }, {
      "vertices" : [ 0, 7, 6 ]
    }, {
      "vertices" : [ 1, 4, 2 ]
    }, {
      "vertices" : [ 1, 2, 7 ]
    } ]
  }, {
    "id" : "a055dac0-77a9-42d7-a5b5-e9496154a7fa",
    "vertices" : [ {
      "x" : 0.309017,
      "y" : -0.309017,
      "z" : -0.309017
    }, {
      "x" : 0.5,
      "y" : 0.0,
      "z" : -0.19098301
    }, {
      "x" : 0.5,
      "y" : 0.0,
      "z" : 0.19098301
    }, {
      "x" : 0.309017,
      "y" : -0.309017,
      "z" : 0.309017
    }, {
      "x" : 0.19098301,
      "y" : -0.5,
      "z" : 0.0
    }, {
      "x" : 0.0,
      "y" : 0.19098301,
      "z" : 0.5
    }, {
      "x" : 0.0,
      "y" : -0.19098301,
      "z" : 0.5
    }, {
      "x" : 0.309017,
      "y" : 0.309017,
      "z" : 0.309017
    }, {
      "x" : -0.309017,
      "y" : -0.309017,
      "z" : 0.309017
    }, {
      "x" : -0.309017,
      "y" : 0.309017,
      "z" : 0.309017
    }, {
      "x" : -0.5,
      "y" : 0.0,
      "z" : 0.19098301
    }, {
      "x" : 0.0,
      "y" : -0.19098301,
      "z" : -0.5
    }, {
      "x" : 0.0,
      "y" : 0.19098301,
      "z" : -0.5
    }, {
      "x" : 0.309017,
      "y" : 0.309017,
      "z" : -0.309017
    }, {
      "x" : -0.309017,
      "y" : -0.309017,
      "z" : -0.309017
    }, {
      "x" : -0.19098301,
      "y" : -0.5,
      "z" : 0.0
    }, {
      "x" : -0.5,
      "y" : 0.0,
      "z" : -0.19098301
    }, {
      "x" : 0.19098301,
      "y" : 0.5,
      "z" : 0.0
    }, {
      "x" : -0.309017,
      "y" : 0.309017,
      "z" : -0.309017
    }, {
      "x" : 0.0,
      "y" : 0.0,
      "z" : 0.0
    }, {
      "x" : -0.19098301,
      "y" : 0.5,
      "z" : 0.0
    } ],
    "faces" : [ {
      "vertices" : [ 12, 18, 20 ]
    }, {
      "vertices" : [ 12, 20, 17 ]
    }, {
      "vertices" : [ 12, 17, 13 ]
    }, {
      "vertices" : [ 3, 6, 8 ]
    }, {
      "vertices" : [ 3, 8, 15 ]
    }, {
      "vertices" : [ 3, 15, 4 ]
    }, {
      "vertices" : [ 0, 11, 12 ]
    }, {
      "vertices" : [ 0, 12, 13 ]
    }, {
      "vertices" : [ 0, 13, 1 ]
    }, {
      "vertices" : [ 5, 9, 10 ]
    }, {
      "vertices" : [ 5, 10, 8 ]
    }, {
      "vertices" : [ 5, 8, 6 ]
    }, {
      "vertices" : [ 2, 7, 5 ]
    }, {
      "vertices" : [ 2, 5, 6 ]
    }, {
      "vertices" : [ 2, 6, 3 ]
    }, {
      "vertices" : [ 11, 14, 16 ]
    }, {
      "vertices" : [ 11, 16, 18 ]
    }, {
      "vertices" : [ 11, 18, 12 ]
    }, {
      "vertices" : [ 1, 13, 17 ]
    }, {
      "vertices" : [ 1, 17, 7 ]
    }, {
      "vertices" : [ 1, 7, 2 ]
    }, {
      "vertices" : [ 9, 20, 18 ]
    }, {
      "vertices" : [ 9, 18, 16 ]
    }, {
      "vertices" : [ 9, 16, 10 ]
    }, {
      "vertices" : [ 0, 1, 2 ]
    }, {
      "vertices" : [ 0, 2, 3 ]
    }, {
      "vertices" : [ 0, 3, 4 ]
    }, {
      "vertices" : [ 5, 7, 17 ]
    }, {
      "vertices" : [ 5, 17, 20 ]
    }, {
      "vertices" : [ 5, 20, 9 ]
    }, {
      "vertices" : [ 0, 4, 15 ]
    }, {
      "vertices" : [ 0, 15, 14 ]
    }, {
      "vertices" : [ 0, 14, 11 ]
    }, {
      "vertices" : [ 8, 10, 16 ]
    }, {
      "vertices" : [ 8, 16, 14 ]
    }, {
      "vertices" : [ 8, 14, 15 ]
    } ]
  }, {
    "id" : "e3c0c13f-e005-4904-a865-08e08ff783f1",
    "vertices" : [ {
      "x" : 1.0,
      "y" : 0.309017,
      "z" : 0.19098301
    }, {
      "x" : 1.0,
      "y" : -0.309017,
      "z" : 0.19098301
    }, {
      "x" : 10.09017,
      "y" : -0.309017,
      "z" : 0.19098301
    }, {
      "x" : 10.09017,
      "y" : 0.309017,
      "z" : 0.19098301
    }, {
      "x" : 10.09017,
      "y" : -0.309017,
      "z" : -0.19098301
    }, {
      "x" : 10.09017,
      "y" : 0.309017,
      "z" : -0.19098301
    }, {
      "x" : 10.708204,
      "y" : 0.0,
      "z" : 0.0
    }, {
      "x" : 0.38196602,
      "y" : 0.0,
      "z" : 0.0
    }, {
      "x" : 1.0,
      "y" : 0.309017,
      "z" : -0.19098301
    }, {
      "x" : 1.0,
      "y" : -0.309017,
      "z" : -0.19098301
    }, {
      "x" : 11.09017,
      "y" : 0.0,
      "z" : 0.0
    } ],
    "faces" : [ {
      "vertices" : [ 1, 9, 4 ]
    }, {
      "vertices" : [ 1, 4, 2 ]
    }, {
      "vertices" : [ 0, 3, 5 ]
    }, {
      "vertices" : [ 0, 5, 8 ]
    }, {
      "vertices" : [ 1, 7, 9 ]
    }, {
      "vertices" : [ 0, 1, 2 ]
    }, {
      "vertices" : [ 0, 2, 3 ]
    }, {
      "vertices" : [ 7, 8, 9 ]
    }, {
      "vertices" : [ 0, 7, 1 ]
    }, {
      "vertices" : [ 4, 9, 8 ]
    }, {
      "vertices" : [ 4, 8, 5 ]
    }, {
      "vertices" : [ 2, 6, 3 ]
    }, {
      "vertices" : [ 2, 4, 6 ]
    }, {
      "vertices" : [ 3, 6, 5 ]
    }, {
      "vertices" : [ 4, 5, 6 ]
    }, {
      "vertices" : [ 0, 8, 7 ]
    } ]
  }, {
    "id" : "040cadd0-e4bc-4478-a65f-e52eb84f513e",
    "vertices" : [ {
      "x" : 1.8408475,
      "y" : 0.2818305,
      "z" : -0.14699434
    }, {
      "x" : 2.2088814,
      "y" : 0.37732202,
      "z" : -0.6105198
    }, {
      "x" : 1.0954915,
      "y" : 0.1545085,
      "z" : 0.059016995
    }, {
      "x" : 1.6498644,
      "y" : 0.5908475,
      "z" : -0.64699435
    }, {
      "x" : 0.9045085,
      "y" : 0.4635255,
      "z" : -0.440983
    }, {
      "x" : 1.6498644,
      "y" : -0.027186494,
      "z" : -0.26502833
    }, {
      "x" : 0.9045085,
      "y" : -0.1545085,
      "z" : -0.059016995
    }, {
      "x" : 1.4588815,
      "y" : 0.2818305,
      "z" : -0.7650283
    }, {
      "x" : 2.554373,
      "y" : 0.436339,
      "z" : -0.70601135
    }, {
      "x" : 0.3454915,
      "y" : 0.059016995,
      "z" : -0.095491506
    }, {
      "x" : 0.7135255,
      "y" : 0.1545085,
      "z" : -0.559017
    } ],
    "faces" : [ {
      "vertices" : [ 2, 9, 6 ]
    }, {
      "vertices" : [ 0, 1, 3 ]
    }, {
      "vertices" : [ 0, 5, 1 ]
    }, {
      "vertices" : [ 4, 10, 9 ]
    }, {
      "vertices" : [ 3, 7, 10 ]
    }, {
      "vertices" : [ 3, 10, 4 ]
    }, {
      "vertices" : [ 0, 3, 4 ]
    }, {
      "vertices" : [ 0, 4, 2 ]
    }, {
      "vertices" : [ 6, 9, 10 ]
    }, {
      "vertices" : [ 1, 7, 3 ]
    }, {
      "vertices" : [ 5, 6, 10 ]
    }, {
      "vertices" : [ 5, 10, 7 ]
    }, {
      "vertices" : [ 0, 2, 6 ]
    }, {
      "vertices" : [ 0, 6, 5 ]
    }, {
      "vertices" : [ 1, 5, 7 ]
    }, {
      "vertices" : [ 2, 4, 9 ]
    } ]
  } ],
  "instances" : [ {
    "shape" : "f4512224-d94b-4514-bc34-2536b21c08ec",
    "color" : "#E6F53E",
    "position" : {
      "x" : -18.650284,
      "y" : 9.94782,
      "z" : 1.8483616
    },
    "orientation" : 12
  }, {
    "shape" : "735ed27e-0a48-492f-9ddb-e53c974accc0",
    "color" : "#FFFFFF",
    "position" : {
      "x" : -2.2847006,
      "y" : 17.944271,
      "z" : -11.09017
    },
    "orientation" : 47
  }, {
    "shape" : "a055dac0-77a9-42d7-a5b5-e9496154a7fa",
    "color" : "#FFFFFF",
    "position" : {
      "x" : 8.972136,
      "y" : 14.5172205,
      "z" : 5.545085
    }
  }, {
    "shape" : "a055dac0-77a9-42d7-a5b5-e9496154a7fa",
    "color" : "#FFFFFF",
    "position" : {
      "x" : -12.23252,
      "y" : 1.8483616,
      "z" : 17.23826
    }
  }, {
    "shape" : "e3c0c13f-e005-4904-a865-08e08ff783f1",
    "color" : "#007695",
    "position" : {
      "x" : 17.944271,
      "y" : -11.09017,
      "z" : 0.0
    },
    "orientation" : 41
  }, {
    "shape" : "a055dac0-77a9-42d7-a5b5-e9496154a7fa",
    "color" : "#FFFFFF",
    "position" : {
      "x" : -16.801922,
      "y" : 12.938532,
      "z" : -0.70601135
    }
  }, {
    "shape" : "040cadd0-e4bc-4478-a65f-e52eb84f513e",
    "color" : "#DC4C00",
    "position" : {
      "x" : -1.8483616,
      "y" : -17.23826,
      "z" : -12.23252
    },
    "orientation" : 37
  }, {
    "shape" : "f4512224-d94b-4514-bc34-2536b21c08ec",
    "color" : "#E6F53E",
    "position" : {
      "x" : -2.2847006,
      "y" : -17.944271,
      "z" : 11.09017
    },
    "orientation" : 17
  }, {
    "shape" : "040cadd0-e4bc-4478-a65f-e52eb84f513e",
    "color" : "#DC4C00",
    "position" : {
      "x" : -12.23252,
      "y" : 1.8483616,
      "z" : 17.23826
    },
    "orientation" : 8
  }, {
    "shape" : "735ed27e-0a48-492f-9ddb-e53c974accc0",
    "color" : "#FFFFFF",
    "position" : {
      "x" : 19.086622,
      "y" : -9.241808,
      "z" : -0.70601135
    },
    "orientation" : 29
  }, {
    "shape" : "040cadd0-e4bc-4478-a65f-e52eb84f513e",
    "color" : "#DC4C00",
    "position" : {
      "x" : -18.650284,
      "y" : -9.94782,
      "z" : -1.8483616
    },
    "orientation" : 32
  }, {
    "shape" : "040cadd0-e4bc-4478-a65f-e52eb84f513e",
    "color" : "#DC4C00",
    "position" : {
      "x" : -17.944271,
      "y" : -11.09017,
      "z" : 2.2847006
    },
    "orientation" : 25
  }, {
    "shape" : "735ed27e-0a48-492f-9ddb-e53c974accc0",
    "color" : "#FFFFFF",
    "position" : {
      "x" : -0.70601135,
      "y" : -19.086622,
      "z" : 9.241808
    },
    "orientation" : 42
  }, {
    "shape" : "e3c0c13f-e005-4904-a865-08e08ff783f1",
    "color" : "#007695",
    "position" : {
      "x" : -17.944271,
      "y" : -11.09017,
      "z" : 0.0
    },
    "orientation" : 8
  }, {
    "shape" : "a055dac0-77a9-42d7-a5b5-e9496154a7fa",
    "color" : "#FFFFFF",
    "position" : {
      "x" : 0.70601135,
      "y" : 19.086622,
      "z" : 9.241808
    }
  }, {
    "shape" : "040cadd0-e4bc-4478-a65f-e52eb84f513e",
    "color" : "#DC4C00",
    "position" : {
      "x" : -0.70601135,
      "y" : 16.801922,
      "z" : -12.938532
    },
    "orientation" : 12
  }, {
    "shape" : "a055dac0-77a9-42d7-a5b5-e9496154a7fa",
    "color" : "#FFFFFF",
    "position" : {
      "x" : 0.0,
      "y" : 0.0,
      "z" : 17.944271
    }
  }, {
    "shape" : "735ed27e-0a48-492f-9ddb-e53c974accc0",
    "color" : "#FFFFFF",
    "position" : {
      "x" : 16.801922,
      "y" : -12.938532,
      "z" : -0.70601135
    },
    "orientation" : 37
  }, {
    "shape" : "a055dac0-77a9-42d7-a5b5-e9496154a7fa",
    "color" : "#FFFFFF",
    "position" : {
      "x" : 1.8483616,
      "y" : 18.650284,
      "z" : -9.94782
    }
  }, {
    "shape" : "735ed27e-0a48-492f-9ddb-e53c974accc0",
    "color" : "#FFFFFF",
    "position" : {
      "x" : -17.23826,
      "y" : 12.23252,
      "z" : 1.8483616
    },
    "orientation" : 41
  }, {
    "shape" : "a055dac0-77a9-42d7-a5b5-e9496154a7fa",
    "color" : "#FFFFFF",
    "position" : {
      "x" : -9.94782,
      "y" : 1.8483616,
      "z" : 18.650284
    }
  }, {
    "shape" : "040cadd0-e4bc-4478-a65f-e52eb84f513e",
    "color" : "#DC4C00",
    "position" : {
      "x" : -17.23826,
      "y" : 12.23252,
      "z" : 1.8483616
    },
    "orientation" : 36
  }, {
    "shape" : "e3c0c13f-e005-4904-a865-08e08ff783f1",
    "color" : "#007695",
    "position" : {
      "x" : 0.0,
      "y" : 17.944271,
      "z" : -11.09017
    },
    "orientation" : 2
  }, {
    "shape" : "e3c0c13f-e005-4904-a865-08e08ff783f1",
    "color" : "#007695",
    "position" : {
      "x" : 17.944271,
      "y" : 11.09017,
      "z" : 0.0
    },
    "orientation" : 38
  }, {
    "shape" : "e3c0c13f-e005-4904-a865-08e08ff783f1",
    "color" : "#007695",
    "position" : {
      "x" : 17.944271,
      "y" : 11.09017,
      "z" : 0.0
    },
    "orientation" : 56
  }, {
    "shape" : "a055dac0-77a9-42d7-a5b5-e9496154a7fa",
    "color" : "#FFFFFF",
    "position" : {
      "x" : -17.944271,
      "y" : 11.09017,
      "z" : -2.2847006
    }
  }, {
    "shape" : "735ed27e-0a48-492f-9ddb-e53c974accc0",
    "color" : "#FFFFFF",
    "position" : {
      "x" : 11.09017,
      "y" : 2.2847006,
      "z" : 17.944271
    },
    "orientation" : 0
  }, {
    "shape" : "e3c0c13f-e005-4904-a865-08e08ff783f1",
    "color" : "#007695",
    "position" : {
      "x" : 0.0,
      "y" : 17.944271,
      "z" : -11.09017
    },
    "orientation" : 41
  }, {
    "shape" : "735ed27e-0a48-492f-9ddb-e53c974accc0",
    "color" : "#FFFFFF",
    "position" : {
      "x" : -17.23826,
      "y" : -12.23252,
      "z" : -1.8483616
    },
    "orientation" : 56
  }, {
    "shape" : "e3c0c13f-e005-4904-a865-08e08ff783f1",
    "color" : "#007695",
    "position" : {
      "x" : 17.944271,
      "y" : -11.09017,
      "z" : 0.0
    },
    "orientation" : 53
  }, {
    "shape" : "735ed27e-0a48-492f-9ddb-e53c974accc0",
    "color" : "#FFFFFF",
    "position" : {
      "x" : 0.70601135,
      "y" : -19.086622,
      "z" : -9.241808
    },
    "orientation" : 27
  }, {
    "shape" : "040cadd0-e4bc-4478-a65f-e52eb84f513e",
    "color" : "#DC4C00",
    "position" : {
      "x" : -18.650284,
      "y" : 9.94782,
      "z" : 1.8483616
    },
    "orientation" : 47
  }, {
    "shape" : "e3c0c13f-e005-4904-a865-08e08ff783f1",
    "color" : "#007695",
    "position" : {
      "x" : -11.09017,
      "y" : 0.0,
      "z" : -17.944271
    },
    "orientation" : 7
  }, {
    "shape" : "a055dac0-77a9-42d7-a5b5-e9496154a7fa",
    "color" : "#FFFFFF",
    "position" : {
      "x" : -12.23252,
      "y" : -1.8483616,
      "z" : -17.23826
    }
  }, {
    "shape" : "f4512224-d94b-4514-bc34-2536b21c08ec",
    "color" : "#E6F53E",
    "position" : {
      "x" : -19.086622,
      "y" : -9.241808,
      "z" : 0.70601135
    },
    "orientation" : 20
  }, {
    "shape" : "a055dac0-77a9-42d7-a5b5-e9496154a7fa",
    "color" : "#FFFFFF",
    "position" : {
      "x" : 8.972136,
      "y" : -14.5172205,
      "z" : -5.545085
    }
  }, {
    "shape" : "f4512224-d94b-4514-bc34-2536b21c08ec",
    "color" : "#E6F53E",
    "position" : {
      "x" : 12.23252,
      "y" : -1.8483616,
      "z" : 17.23826
    },
    "orientation" : 52
  }, {
    "shape" : "040cadd0-e4bc-4478-a65f-e52eb84f513e",
    "color" : "#DC4C00",
    "position" : {
      "x" : 11.09017,
      "y" : -2.2847006,
      "z" : -17.944271
    },
    "orientation" : 9
  }, {
    "shape" : "040cadd0-e4bc-4478-a65f-e52eb84f513e",
    "color" : "#DC4C00",
    "position" : {
      "x" : 9.241808,
      "y" : 0.70601135,
      "z" : 19.086622
    },
    "orientation" : 3
  }, {
    "shape" : "e3c0c13f-e005-4904-a865-08e08ff783f1",
    "color" : "#007695",
    "position" : {
      "x" : 11.09017,
      "y" : 0.0,
      "z" : -17.944271
    },
    "orientation" : 10
  }, {
    "shape" : "e3c0c13f-e005-4904-a865-08e08ff783f1",
    "color" : "#007695",
    "position" : {
      "x" : -11.09017,
      "y" : 0.0,
      "z" : 17.944271
    },
    "orientation" : 24
  }, {
    "shape" : "e3c0c13f-e005-4904-a865-08e08ff783f1",
    "color" : "#007695",
    "position" : {
      "x" : -11.09017,
      "y" : 0.0,
      "z" : -17.944271
    },
    "orientation" : 0
  }, {
    "shape" : "e3c0c13f-e005-4904-a865-08e08ff783f1",
    "color" : "#007695",
    "position" : {
      "x" : 0.0,
      "y" : 17.944271,
      "z" : 11.09017
    },
    "orientation" : 47
  }, {
    "shape" : "040cadd0-e4bc-4478-a65f-e52eb84f513e",
    "color" : "#DC4C00",
    "position" : {
      "x" : 9.94782,
      "y" : 1.8483616,
      "z" : -18.650284
    },
    "orientation" : 16
  }, {
    "shape" : "e3c0c13f-e005-4904-a865-08e08ff783f1",
    "color" : "#007695",
    "position" : {
      "x" : -11.09017,
      "y" : 0.0,
      "z" : 17.944271
    },
    "orientation" : 22
  }, {
    "shape" : "f4512224-d94b-4514-bc34-2536b21c08ec",
    "color" : "#E6F53E",
    "position" : {
      "x" : 1.8483616,
      "y" : -18.650284,
      "z" : 9.94782
    },
    "orientation" : 13
  }, {
    "shape" : "040cadd0-e4bc-4478-a65f-e52eb84f513e",
    "color" : "#DC4C00",
    "position" : {
      "x" : -12.23252,
      "y" : -1.8483616,
      "z" : -17.23826
    },
    "orientation" : 23
  }, {
    "shape" : "735ed27e-0a48-492f-9ddb-e53c974accc0",
    "color" : "#FFFFFF",
    "position" : {
      "x" : 9.241808,
      "y" : 0.70601135,
      "z" : 19.086622
    },
    "orientation" : 13
  }, {
    "shape" : "735ed27e-0a48-492f-9ddb-e53c974accc0",
    "color" : "#FFFFFF",
    "position" : {
      "x" : -1.8483616,
      "y" : -18.650284,
      "z" : -9.94782
    },
    "orientation" : 34
  }, {
    "shape" : "040cadd0-e4bc-4478-a65f-e52eb84f513e",
    "color" : "#DC4C00",
    "position" : {
      "x" : 2.2847006,
      "y" : 17.944271,
      "z" : 11.09017
    },
    "orientation" : 41
  }, {
    "shape" : "040cadd0-e4bc-4478-a65f-e52eb84f513e",
    "color" : "#DC4C00",
    "position" : {
      "x" : 19.086622,
      "y" : -9.241808,
      "z" : -0.70601135
    },
    "orientation" : 19
  }, {
    "shape" : "a055dac0-77a9-42d7-a5b5-e9496154a7fa",
    "color" : "#FFFFFF",
    "position" : {
      "x" : 17.944271,
      "y" : -11.09017,
      "z" : -2.2847006
    }
  }, {
    "shape" : "040cadd0-e4bc-4478-a65f-e52eb84f513e",
    "color" : "#DC4C00",
    "position" : {
      "x" : -12.938532,
      "y" : -0.70601135,
      "z" : 16.801922
    },
    "orientation" : 13
  }, {
    "shape" : "040cadd0-e4bc-4478-a65f-e52eb84f513e",
    "color" : "#DC4C00",
    "position" : {
      "x" : 9.94782,
      "y" : -1.8483616,
      "z" : 18.650284
    },
    "orientation" : 1
  }, {
    "shape" : "e3c0c13f-e005-4904-a865-08e08ff783f1",
    "color" : "#007695",
    "position" : {
      "x" : -11.09017,
      "y" : 0.0,
      "z" : 17.944271
    },
    "orientation" : 55
  }, {
    "shape" : "040cadd0-e4bc-4478-a65f-e52eb84f513e",
    "color" : "#DC4C00",
    "position" : {
      "x" : 2.2847006,
      "y" : -17.944271,
      "z" : -11.09017
    },
    "orientation" : 56
  }, {
    "shape" : "040cadd0-e4bc-4478-a65f-e52eb84f513e",
    "color" : "#DC4C00",
    "position" : {
      "x" : -0.70601135,
      "y" : -19.086622,
      "z" : 9.241808
    },
    "orientation" : 35
  }, {
    "shape" : "a055dac0-77a9-42d7-a5b5-e9496154a7fa",
    "color" : "#FFFFFF",
    "position" : {
      "x" : 8.972136,
      "y" : -14.5172205,
      "z" : 5.545085
    }
  }, {
    "shape" : "735ed27e-0a48-492f-9ddb-e53c974accc0",
    "color" : "#FFFFFF",
    "position" : {
      "x" : -12.938532,
      "y" : -0.70601135,
      "z" : 16.801922
    },
    "orientation" : 51
  }, {
    "shape" : "040cadd0-e4bc-4478-a65f-e52eb84f513e",
    "color" : "#DC4C00",
    "position" : {
      "x" : 19.086622,
      "y" : 9.241808,
      "z" : 0.70601135
    },
    "orientation" : 4
  }, {
    "shape" : "a055dac0-77a9-42d7-a5b5-e9496154a7fa",
    "color" : "#FFFFFF",
    "position" : {
      "x" : 14.5172205,
      "y" : 5.545085,
      "z" : 8.972136
    }
  }, {
    "shape" : "e3c0c13f-e005-4904-a865-08e08ff783f1",
    "color" : "#007695",
    "position" : {
      "x" : 11.09017,
      "y" : 0.0,
      "z" : 17.944271
    },
    "orientation" : 52
  }, {
    "shape" : "040cadd0-e4bc-4478-a65f-e52eb84f513e",
    "color" : "#DC4C00",
    "position" : {
      "x" : -1.8483616,
      "y" : 17.23826,
      "z" : 12.23252
    },
    "orientation" : 52
  }, {
    "shape" : "e3c0c13f-e005-4904-a865-08e08ff783f1",
    "color" : "#007695",
    "position" : {
      "x" : 11.09017,
      "y" : 0.0,
      "z" : 17.944271
    },
    "orientation" : 45
  }, {
    "shape" : "a055dac0-77a9-42d7-a5b5-e9496154a7fa",
    "color" : "#FFFFFF",
    "position" : {
      "x" : 0.70601135,
      "y" : -16.801922,
      "z" : -12.938532
    }
  }, {
    "shape" : "040cadd0-e4bc-4478-a65f-e52eb84f513e",
    "color" : "#DC4C00",
    "position" : {
      "x" : 0.70601135,
      "y" : -19.086622,
      "z" : -9.241808
    },
    "orientation" : 20
  }, {
    "shape" : "a055dac0-77a9-42d7-a5b5-e9496154a7fa",
    "color" : "#FFFFFF",
    "position" : {
      "x" : 16.801922,
      "y" : -12.938532,
      "z" : -0.70601135
    }
  }, {
    "shape" : "a055dac0-77a9-42d7-a5b5-e9496154a7fa",
    "color" : "#FFFFFF",
    "position" : {
      "x" : -2.2847006,
      "y" : -17.944271,
      "z" : 11.09017
    }
  }, {
    "shape" : "e3c0c13f-e005-4904-a865-08e08ff783f1",
    "color" : "#007695",
    "position" : {
      "x" : 11.09017,
      "y" : 0.0,
      "z" : 17.944271
    },
    "orientation" : 25
  }, {
    "shape" : "f4512224-d94b-4514-bc34-2536b21c08ec",
    "color" : "#E6F53E",
    "position" : {
      "x" : -11.09017,
      "y" : 2.2847006,
      "z" : -17.944271
    },
    "orientation" : 15
  }, {
    "shape" : "e3c0c13f-e005-4904-a865-08e08ff783f1",
    "color" : "#007695",
    "position" : {
      "x" : -17.944271,
      "y" : -11.09017,
      "z" : 0.0
    },
    "orientation" : 10
  }, {
    "shape" : "a055dac0-77a9-42d7-a5b5-e9496154a7fa",
    "color" : "#FFFFFF",
    "position" : {
      "x" : 11.09017,
      "y" : 2.2847006,
      "z" : 17.944271
    }
  }, {
    "shape" : "f4512224-d94b-4514-bc34-2536b21c08ec",
    "color" : "#E6F53E",
    "position" : {
      "x" : -9.94782,
      "y" : -1.8483616,
      "z" : -18.650284
    },
    "orientation" : 44
  }, {
    "shape" : "a055dac0-77a9-42d7-a5b5-e9496154a7fa",
    "color" : "#FFFFFF",
    "position" : {
      "x" : -5.545085,
      "y" : 8.972136,
      "z" : -14.5172205
    }
  }, {
    "shape" : "735ed27e-0a48-492f-9ddb-e53c974accc0",
    "color" : "#FFFFFF",
    "position" : {
      "x" : 17.944271,
      "y" : 11.09017,
      "z" : 2.2847006
    },
    "orientation" : 1
  }, {
    "shape" : "a055dac0-77a9-42d7-a5b5-e9496154a7fa",
    "color" : "#FFFFFF",
    "position" : {
      "x" : -9.94782,
      "y" : -1.8483616,
      "z" : -18.650284
    }
  }, {
    "shape" : "a055dac0-77a9-42d7-a5b5-e9496154a7fa",
    "color" : "#FFFFFF",
    "position" : {
      "x" : -17.944271,
      "y" : 0.0,
      "z" : 0.0
    }
  }, {
    "shape" : "f4512224-d94b-4514-bc34-2536b21c08ec",
    "color" : "#E6F53E",
    "position" : {
      "x" : 9.94782,
      "y" : -1.8483616,
      "z" : 18.650284
    },
    "orientation" : 29
  }, {
    "shape" : "e3c0c13f-e005-4904-a865-08e08ff783f1",
    "color" : "#007695",
    "position" : {
      "x" : -17.944271,
      "y" : -11.09017,
      "z" : 0.0
    },
    "orientation" : 26
  }, {
    "shape" : "a055dac0-77a9-42d7-a5b5-e9496154a7fa",
    "color" : "#FFFFFF",
    "position" : {
      "x" : -0.70601135,
      "y" : 19.086622,
      "z" : -9.241808
    }
  }, {
    "shape" : "a055dac0-77a9-42d7-a5b5-e9496154a7fa",
    "color" : "#FFFFFF",
    "position" : {
      "x" : 5.545085,
      "y" : -8.972136,
      "z" : -14.5172205
    }
  }, {
    "shape" : "040cadd0-e4bc-4478-a65f-e52eb84f513e",
    "color" : "#DC4C00",
    "position" : {
      "x" : 16.801922,
      "y" : 12.938532,
      "z" : 0.70601135
    },
    "orientation" : 29
  }, {
    "shape" : "040cadd0-e4bc-4478-a65f-e52eb84f513e",
    "color" : "#DC4C00",
    "position" : {
      "x" : -2.2847006,
      "y" : -17.944271,
      "z" : 11.09017
    },
    "orientation" : 11
  }, {
    "shape" : "a055dac0-77a9-42d7-a5b5-e9496154a7fa",
    "color" : "#FFFFFF",
    "position" : {
      "x" : 16.801922,
      "y" : 12.938532,
      "z" : 0.70601135
    }
  }, {
    "shape" : "a055dac0-77a9-42d7-a5b5-e9496154a7fa",
    "color" : "#FFFFFF",
    "position" : {
      "x" : 14.5172205,
      "y" : -5.545085,
      "z" : -8.972136
    }
  }, {
    "shape" : "735ed27e-0a48-492f-9ddb-e53c974accc0",
    "color" : "#FFFFFF",
    "position" : {
      "x" : 17.23826,
      "y" : -12.23252,
      "z" : 1.8483616
    },
    "orientation" : 11
  }, {
    "shape" : "735ed27e-0a48-492f-9ddb-e53c974accc0",
    "color" : "#FFFFFF",
    "position" : {
      "x" : 0.70601135,
      "y" : 16.801922,
      "z" : 12.938532
    },
    "orientation" : 38
  }, {
    "shape" : "040cadd0-e4bc-4478-a65f-e52eb84f513e",
    "color" : "#DC4C00",
    "position" : {
      "x" : 12.938532,
      "y" : 0.70601135,
      "z" : 16.801922
    },
    "orientation" : 43
  }, {
    "shape" : "f4512224-d94b-4514-bc34-2536b21c08ec",
    "color" : "#E6F53E",
    "position" : {
      "x" : -19.086622,
      "y" : 9.241808,
      "z" : -0.70601135
    },
    "orientation" : 5
  }, {
    "shape" : "a055dac0-77a9-42d7-a5b5-e9496154a7fa",
    "color" : "#FFFFFF",
    "position" : {
      "x" : -17.944271,
      "y" : 11.09017,
      "z" : 0.0
    }
  }, {
    "shape" : "a055dac0-77a9-42d7-a5b5-e9496154a7fa",
    "color" : "#FFFFFF",
    "position" : {
      "x" : -17.944271,
      "y" : -11.09017,
      "z" : 0.0
    }
  }, {
    "shape" : "a055dac0-77a9-42d7-a5b5-e9496154a7fa",
    "color" : "#FFFFFF",
    "position" : {
      "x" : -1.8483616,
      "y" : -18.650284,
      "z" : -9.94782
    }
  }, {
    "shape" : "f4512224-d94b-4514-bc34-2536b21c08ec",
    "color" : "#E6F53E",
    "position" : {
      "x" : -9.241808,
      "y" : 0.70601135,
      "z" : -19.086622
    },
    "orientation" : 34
  }, {
    "shape" : "e3c0c13f-e005-4904-a865-08e08ff783f1",
    "color" : "#007695",
    "position" : {
      "x" : 17.944271,
      "y" : -11.09017,
      "z" : 0.0
    },
    "orientation" : 55
  }, {
    "shape" : "a055dac0-77a9-42d7-a5b5-e9496154a7fa",
    "color" : "#FFFFFF",
    "position" : {
      "x" : -9.241808,
      "y" : 0.70601135,
      "z" : -19.086622
    }
  }, {
    "shape" : "040cadd0-e4bc-4478-a65f-e52eb84f513e",
    "color" : "#DC4C00",
    "position" : {
      "x" : -0.70601135,
      "y" : -16.801922,
      "z" : 12.938532
    },
    "orientation" : 27
  }, {
    "shape" : "040cadd0-e4bc-4478-a65f-e52eb84f513e",
    "color" : "#DC4C00",
    "position" : {
      "x" : -1.8483616,
      "y" : 18.650284,
      "z" : 9.94782
    },
    "orientation" : 0
  }, {
    "shape" : "e3c0c13f-e005-4904-a865-08e08ff783f1",
    "color" : "#007695",
    "position" : {
      "x" : 11.09017,
      "y" : 0.0,
      "z" : -17.944271
    },
    "orientation" : 37
  }, {
    "shape" : "f4512224-d94b-4514-bc34-2536b21c08ec",
    "color" : "#E6F53E",
    "position" : {
      "x" : 9.241808,
      "y" : -0.70601135,
      "z" : -19.086622
    },
    "orientation" : 4
  }, {
    "shape" : "a055dac0-77a9-42d7-a5b5-e9496154a7fa",
    "color" : "#FFFFFF",
    "position" : {
      "x" : 19.086622,
      "y" : -9.241808,
      "z" : -0.70601135
    }
  }, {
    "shape" : "a055dac0-77a9-42d7-a5b5-e9496154a7fa",
    "color" : "#FFFFFF",
    "position" : {
      "x" : -14.5172205,
      "y" : 5.545085,
      "z" : -8.972136
    }
  }, {
    "shape" : "a055dac0-77a9-42d7-a5b5-e9496154a7fa",
    "color" : "#FFFFFF",
    "position" : {
      "x" : -14.5172205,
      "y" : -5.545085,
      "z" : 8.972136
    }
  }, {
    "shape" : "735ed27e-0a48-492f-9ddb-e53c974accc0",
    "color" : "#FFFFFF",
    "position" : {
      "x" : 12.23252,
      "y" : -1.8483616,
      "z" : 17.23826
    },
    "orientation" : 40
  }, {
    "shape" : "e3c0c13f-e005-4904-a865-08e08ff783f1",
    "color" : "#007695",
    "position" : {
      "x" : -17.944271,
      "y" : -11.09017,
      "z" : 0.0
    },
    "orientation" : 1
  }, {
    "shape" : "f4512224-d94b-4514-bc34-2536b21c08ec",
    "color" : "#E6F53E",
    "position" : {
      "x" : 2.2847006,
      "y" : -17.944271,
      "z" : -11.09017
    },
    "orientation" : 32
  }, {
    "shape" : "a055dac0-77a9-42d7-a5b5-e9496154a7fa",
    "color" : "#FFFFFF",
    "position" : {
      "x" : 17.944271,
      "y" : 11.09017,
      "z" : 2.2847006
    }
  }, {
    "shape" : "735ed27e-0a48-492f-9ddb-e53c974accc0",
    "color" : "#FFFFFF",
    "position" : {
      "x" : 1.8483616,
      "y" : -17.23826,
      "z" : 12.23252
    },
    "orientation" : 24
  }, {
    "shape" : "f4512224-d94b-4514-bc34-2536b21c08ec",
    "color" : "#E6F53E",
    "position" : {
      "x" : -12.23252,
      "y" : -1.8483616,
      "z" : -17.23826
    },
    "orientation" : 7
  }, {
    "shape" : "040cadd0-e4bc-4478-a65f-e52eb84f513e",
    "color" : "#DC4C00",
    "position" : {
      "x" : -1.8483616,
      "y" : -18.650284,
      "z" : -9.94782
    },
    "orientation" : 15
  }, {
    "shape" : "a055dac0-77a9-42d7-a5b5-e9496154a7fa",
    "color" : "#FFFFFF",
    "position" : {
      "x" : 12.938532,
      "y" : 0.70601135,
      "z" : 16.801922
    }
  }, {
    "shape" : "735ed27e-0a48-492f-9ddb-e53c974accc0",
    "color" : "#FFFFFF",
    "position" : {
      "x" : 1.8483616,
      "y" : -18.650284,
      "z" : 9.94782
    },
    "orientation" : 19
  }, {
    "shape" : "e3c0c13f-e005-4904-a865-08e08ff783f1",
    "color" : "#007695",
    "position" : {
      "x" : 0.0,
      "y" : -17.944271,
      "z" : -11.09017
    },
    "orientation" : 2
  }, {
    "shape" : "a055dac0-77a9-42d7-a5b5-e9496154a7fa",
    "color" : "#FFFFFF",
    "position" : {
      "x" : 0.70601135,
      "y" : 16.801922,
      "z" : 12.938532
    }
  }, {
    "shape" : "040cadd0-e4bc-4478-a65f-e52eb84f513e",
    "color" : "#DC4C00",
    "position" : {
      "x" : 0.70601135,
      "y" : 19.086622,
      "z" : 9.241808
    },
    "orientation" : 5
  }, {
    "shape" : "f4512224-d94b-4514-bc34-2536b21c08ec",
    "color" : "#E6F53E",
    "position" : {
      "x" : 17.944271,
      "y" : -11.09017,
      "z" : -2.2847006
    },
    "orientation" : 1
  }, {
    "shape" : "040cadd0-e4bc-4478-a65f-e52eb84f513e",
    "color" : "#DC4C00",
    "position" : {
      "x" : -16.801922,
      "y" : 12.938532,
      "z" : -0.70601135
    },
    "orientation" : 44
  }, {
    "shape" : "f4512224-d94b-4514-bc34-2536b21c08ec",
    "color" : "#E6F53E",
    "position" : {
      "x" : -1.8483616,
      "y" : 17.23826,
      "z" : 12.23252
    },
    "orientation" : 21
  }, {
    "shape" : "735ed27e-0a48-492f-9ddb-e53c974accc0",
    "color" : "#FFFFFF",
    "position" : {
      "x" : -1.8483616,
      "y" : -17.23826,
      "z" : -12.23252
    },
    "orientation" : 39
  }, {
