{
  "field" : "golden",
  "symmetry" : "icosahedral",
  "orientations" : [ [ 1.0, 0.0, 0.0, 0.0, 0.0, 1.0, 0.0, 0.0, 0.0, 0.0, 1.0, 0.0, 0.0, 0.0, 0.0, 1.0 ], [ 0.0, 0.0, 1.0, 0.0, 1.0, 0.0, 0.0, 0.0, 0.0, 1.0, 0.0, 0.0, 0.0, 0.0, 0.0, 1.0 ], [ 0.0, 1.0, 0.0, 0.0, 0.0, 0.0, 1.0, 0.0, 1.0, 0.0, 0.0, 0.0, 0.0, 0.0, 0.0, 1.0 ], [ 0.809017, 0.309017, 0.5, 0.0, 0.309017, 0.5, -0.809017, 0.0, -0.5, 0.809017, 0.309017, 0.0, 0.0, 0.0, 0.0, 1.0 ], [ -0.5, 0.809017, 0.309017, 0.0, 0.809017, 0.309017, 0.5, 0.0, 0.309017, 0.5, -0.809017, 0.0, 0.0, 0.0, 0.0, 1.0 ], [ 0.309017, 0.5, -0.809017, 0.0, -0.5, 0.809017, 0.309017, 0.0, 0.809017, 0.309017, 0.5, 0.0, 0.0, 0.0, 0.0, 1.0 ], [ 0.5, 0.809017, 0.309017, 0.0, 0.809017, -0.309017, -0.5, 0.0, -0.309017, 0.5, -0.809017, 0.0, 0.0, 0.0, 0.0, 1.0 ], [ -0.309017, 0.5, -0.809017, 0.0, 0.5, 0.809017, 0.309017, 0.0, 0.809017, -0.309017, -0.5, 0.0, 0.0, 0.0, 0.0, 1.0 ], [ 0.809017, -0.309017, -0.5, 0.0, -0.309017, 0.5, -0.809017, 0.0, 0.5, 0.809017, 0.309017, 0.0, 0.0, 0.0, 0.0, 1.0 ], [ 0.5, 0.809017, -0.309017, 0.0, 0.809017, -0.309017, 0.5, 0.0, 0.309017, -0.5, -0.809017, 0.0, 0.0, 0.0, 0.0, 1.0 ], [ 0.309017, -0.5, -0.809017, 0.0, 0.5, 0.809017, -0.309017, 0.0, 0.809017, -0.309017, 0.5, 0.0, 0.0, 0.0, 0.0, 1.0 ], [ 0.809017, -0.309017, 0.5, 0.0, 0.309017, -0.5, -0.809017, 0.0, 0.5, 0.809017, -0.309017, 0.0, 0.0, 0.0, 0.0, 1.0 ], [ 0.809017, 0.309017, -0.5, 0.0, 0.309017, 0.5, 0.809017, 0.0, 0.5, -0.809017, 0.309017, 0.0, 0.0, 0.0, 0.0, 1.0 ], [ 0.5, -0.809017, 0.309017, 0.0, 0.809017, 0.309017, -0.5, 0.0, 0.309017, 0.5, 0.809017, 0.0, 0.0, 0.0, 0.0, 1.0 ], [ 0.309017, 0.5, 0.809017, 0.0, 0.5, -0.809017, 0.309017, 0.0, 0.809017, 0.309017, -0.5, 0.0, 0.0, 0.0, 0.0, 1.0 ], [ 1.0, 0.0, 0.0, 0.0, 0.0, -1.0, 0.0, 0.0, 0.0, 0.0, -1.0, 0.0, 0.0, 0.0, 0.0, 1.0 ], [ 0.0, 0.0, 1.0, 0.0, -1.0, 0.0, 0.0, 0.0, 0.0, -1.0, 0.0, 0.0, 0.0, 0.0, 0.0, 1.0 ], [ 0.0, 1.0, 0.0, 0.0, 0.0, 0.0, -1.0, 0.0, -1.0, 0.0, 0.0, 0.0, 0.0, 0.0, 0.0, 1.0 ], [ 0.809017, 0.309017, 0.5, 0.0, -0.309017, -0.5, 0.809017, 0.0, 0.5, -0.809017, -0.309017, 0.0, 0.0, 0.0, 0.0, 1.0 ], [ -0.5, 0.809017, 0.309017, 0.0, -0.809017, -0.309017, -0.5, 0.0, -0.309017, -0.5, 0.809017, 0.0, 0.0, 0.0, 0.0, 1.0 ], [ 0.309017, 0.5, -0.809017, 0.0, 0.5, -0.809017, -0.309017, 0.0, -0.809017, -0.309017, -0.5, 0.0, 0.0, 0.0, 0.0, 1.0 ], [ 0.5, 0.809017, 0.309017, 0.0, -0.809017, 0.309017, 0.5, 0.0, 0.309017, -0.5, 0.809017, 0.0, 0.0, 0.0, 0.0, 1.0 ], [ -0.309017, 0.5, -0.809017, 0.0, -0.5, -0.809017, -0.309017, 0.0, -0.809017, 0.309017, 0.5, 0.0, 0.0, 0.0, 0.0, 1.0 ], [ 0.809017, -0.309017, -0.5, 0.0, 0.309017, -0.5, 0.809017, 0.0, -0.5, -0.809017, -0.309017, 0.0, 0.0, 0.0, 0.0, 1.0 ], [ 0.5, 0.809017, -0.309017, 0.0, -0.809017, 0.309017, -0.5, 0.0, -0.309017, 0.5, 0.809017, 0.0, 0.0, 0.0, 0.0, 1.0 ], [ 0.309017, -0.5, -0.809017, 0.0, -0.5, -0.809017, 0.309017, 0.0, -0.809017, 0.309017, -0.5, 0.0, 0.0, 0.0, 0.0, 1.0 ], [ 0.809017, -0.309017, 0.5, 0.0, -0.309017, 0.5, 0.809017, 0.0, -0.5, -0.809017, 0.309017, 0.0, 0.0, 0.0, 0.0, 1.0 ], [ 0.809017, 0.309017, -0.5, 0.0, -0.309017, -0.5, -0.809017, 0.0, -0.5, 0.809017, -0.309017, 0.0, 0.0, 0.0, 0.0, 1.0 ], [ 0.5, -0.809017, 0.309017, 0.0, -0.809017, -0.309017, 0.5, 0.0, -0.309017, -0.5, -0.809017, 0.0, 0.0, 0.0, 0.0, 1.0 ], [ 0.309017, 0.5, 0.809017, 0.0, -0.5, 0.809017, -0.309017, 0.0, -0.809017, -0.309017, 0.5, 0.0, 0.0, 0.0, 0.0, 1.0 ], [ -1.0, 0.0, 0.0, 0.0, 0.0, -1.0, 0.0, 0.0, 0.0, 0.0, 1.0, 0.0, 0.0, 0.0, 0.0, 1.0 ], [ 0.0, 0.0, -1.0, 0.0, -1.0, 0.0, 0.0, 0.0, 0.0, 1.0, 0.0, 0.0, 0.0, 0.0, 0.0, 1.0 ], [ 0.0, -1.0, 0.0, 0.0, 0.0, 0.0, -1.0, 0.0, 1.0, 0.0, 0.0, 0.0, 0.0, 0.0, 0.0, 1.0 ], [ -0.809017, -0.309017, -0.5, 0.0, -0.309017, -0.5, 0.809017, 0.0, -0.5, 0.809017, 0.309017, 0.0, 0.0, 0.0, 0.0, 1.0 ], [ 0.5, -0.809017, -0.309017, 0.0, -0.809017, -0.309017, -0.5, 0.0, 0.309017, 0.5, -0.809017, 0.0, 0.0, 0.0, 0.0, 1.0 ], [ -0.309017, -0.5, 0.809017, 0.0, 0.5, -0.809017, -0.309017, 0.0, 0.809017, 0.309017, 0.5, 0.0, 0.0, 0.0, 0.0, 1.0 ], [ -0.5, -0.809017, -0.309017, 0.0, -0.809017, 0.309017, 0.5, 0.0, -0.309017, 0.5, -0.809017, 0.0, 0.0, 0.0, 0.0, 1.0 ], [ 0.309017, -0.5, 0.809017, 0.0, -0.5, -0.809017, -0.309017, 0.0, 0.809017, -0.309017, -0.5, 0.0, 0.0, 0.0, 0.0, 1.0 ], [ -0.809017, 0.309017, 0.5, 0.0, 0.309017, -0.5, 0.809017, 0.0, 0.5, 0.809017, 0.309017, 0.0, 0.0, 0.0, 0.0, 1.0 ], [ -0.5, -0.809017, 0.309017, 0.0, -0.809017, 0.309017, -0.5, 0.0, 0.309017, -0.5, -0.809017, 0.0, 0.0, 0.0, 0.0, 1.0 ], [ -0.309017, 0.5, 0.809017, 0.0, -0.5, -0.809017, 0.309017, 0.0, 0.809017, -0.309017, 0.5, 0.0, 0.0, 0.0, 0.0, 1.0 ], [ -0.809017, 0.309017, -0.5, 0.0, -0.309017, 0.5, 0.809017, 0.0, 0.5, 0.809017, -0.309017, 0.0, 0.0, 0.0, 0.0, 1.0 ], [ -0.809017, -0.309017, 0.5, 0.0, -0.309017, -0.5, -0.809017, 0.0, 0.5, -0.809017, 0.309017, 0.0, 0.0, 0.0, 0.0, 1.0 ], [ -0.5, 0.809017, -0.309017, 0.0, -0.809017, -0.309017, 0.5, 0.0, 0.309017, 0.5, 0.809017, 0.0, 0.0, 0.0, 0.0, 1.0 ], [ -0.309017, -0.5, -0.809017, 0.0, -0.5, 0.809017, -0.309017, 0.0, 0.809017, 0.309017, -0.5, 0.0, 0.0, 0.0, 0.0, 1.0 ], [ -1.0, 0.0, 0.0, 0.0, 0.0, 1.0, 0.0, 0.0, 0.0, 0.0, -1.0, 0.0, 0.0, 0.0, 0.0, 1.0 ], [ 0.0, 0.0, -1.0, 0.0, 1.0, 0.0, 0.0, 0.0, 0.0, -1.0, 0.0, 0.0, 0.0, 0.0, 0.0, 1.0 ], [ 0.0, -1.0, 0.0, 0.0, 0.0, 0.0, 1.0, 0.0, -1.0, 0.0, 0.0, 0.0, 0.0, 0.0, 0.0, 1.0 ], [ -0.809017, -0.309017, -0.5, 0.0, 0.309017, 0.5, -0.809017, 0.0, 0.5, -0.809017, -0.309017, 0.0, 0.0, 0.0, 0.0, 1.0 ], [ 0.5, -0.809017, -0.309017, 0.0, 0.809017, 0.309017, 0.5, 0.0, -0.309017, -0.5, 0.809017, 0.0, 0.0, 0.0, 0.0, 1.0 ], [ -0.309017, -0.5, 0.809017, 0.0, -0.5, 0.809017, 0.309017, 0.0, -0.809017, -0.309017, -0.5, 0.0, 0.0, 0.0, 0.0, 1.0 ], [ -0.5, -0.809017, -0.309017, 0.0, 0.809017, -0.309017, -0.5, 0.0, 0.309017, -0.5, 0.809017, 0.0, 0.0, 0.0, 0.0, 1.0 ], [ 0.309017, -0.5, 0.809017, 0.0, 0.5, 0.809017, 0.309017, 0.0, -0.809017, 0.309017, 0.5, 0.0, 0.0, 0.0, 0.0, 1.0 ], [ -0.809017, 0.309017, 0.5, 0.0, -0.309017, 0.5, -0.809017, 0.0, -0.5, -0.809017, -0.309017, 0.0, 0.0, 0.0, 0.0, 1.0 ], [ -0.5, -0.809017, 0.309017, 0.0, 0.809017, -0.309017, 0.5, 0.0, -0.309017, 0.5, 0.809017, 0.0, 0.0, 0.0, 0.0, 1.0 ], [ -0.309017, 0.5, 0.809017, 0.0, 0.5, 0.809017, -0.309017, 0.0, -0.809017, 0.309017, -0.5, 0.0, 0.0, 0.0, 0.0, 1.0 ], [ -0.809017, 0.309017, -0.5, 0.0, 0.309017, -0.5, -0.809017, 0.0, -0.5, -0.809017, 0.309017, 0.0, 0.0, 0.0, 0.0, 1.0 ], [ -0.809017, -0.309017, 0.5, 0.0, 0.309017, 0.5, 0.809017, 0.0, -0.5, 0.809017, -0.309017, 0.0, 0.0, 0.0, 0.0, 1.0 ], [ -0.5, 0.809017, -0.309017, 0.0, 0.809017, 0.309017, -0.5, 0.0, -0.309017, -0.5, -0.809017, 0.0, 0.0, 0.0, 0.0, 1.0 ], [ -0.309017, -0.5, -0.809017, 0.0, 0.5, -0.809017, 0.309017, 0.0, -0.809017, -0.309017, 0.5, 0.0, 0.0, 0.0, 0.0, 1.0 ] ],
  "lights" : {
    "backgroundColor" : "#E0E0FF",
    "ambientColor" : "#292929",
    "directionalLights" : [ {
      "direction" : {
        "x" : 1.0,
        "y" : -1.0,
        "z" : -1.0
      },
      "color" : "#EBEBE4"
    }, {
      "direction" : {
        "x" : -1.0,
        "y" : 0.0,
        "z" : 0.0
      },
      "color" : "#E4E4EB"
    }, {
      "direction" : {
        "x" : 0.0,
        "y" : 0.0,
        "z" : -1.0
      },
      "color" : "#1E1E1E"
    } ]
  },
  "camera" : {
    "stereo" : false,
    "width" : 314.3078,
    "lookDirection" : {
      "x" : 0.0,
      "y" : 0.0,
      "z" : 1.0
    },
    "upDirection" : {
      "x" : 0.0,
      "y" : -1.0,
      "z" : 0.0
    },
    "lookAtPoint" : {
      "x" : 0.0,
      "y" : 0.0,
      "z" : 0.0
    },
    "viewDistance" : 698.4612,
    "nearClipDistance" : 1.7461512,
    "farClipDistance" : 1396.9194,
    "fieldOfView" : 0.44262925,
    "perspective" : false,
    "position" : {
      "x" : 0.0,
      "y" : 0.0,
      "z" : -698.4612
    }
  },
  "embedding" : [ 1.0, 0.0, 0.0, 0.0, 0.0, 1.0, 0.0, 0.0, 0.0, 0.0, 1.0, 0.0, 0.0, 0.0, 0.0, 1.0 ],
  "shapes" : [ {
    "id" : "995a2346-12c5-4b65-9de7-c7752d2d109d",
    "vertices" : [ {
      "x" : -40.12461,
      "y" : 34.27051,
      "z" : -24.798374
    }, {
      "x" : -37.506577,
      "y" : 31.652475,
      "z" : -35.888542
    }, {
      "x" : -44.36068,
      "y" : 27.416409,
      "z" : -44.36068
    }, {
      "x" : -46.978714,
      "y" : 30.034441,
      "z" : -33.27051
    } ],
    "faces" : [ {
      "vertices" : [ 0, 1, 2 ]
    }, {
      "vertices" : [ 0, 2, 3 ]
    }, {
      "vertices" : [ 0, 3, 2 ]
    }, {
      "vertices" : [ 0, 2, 1 ]
    } ]
  }, {
    "id" : "030dda26-ee42-4ff3-9faa-917b2d8097b6",
    "vertices" : [ {
      "x" : 2.527864,
      "y" : 10.708204,
      "z" : 2.527864
    }, {
      "x" : 2.190983,
      "y" : 10.09017,
      "z" : 2.072949
    }, {
      "x" : 2.072949,
      "y" : 10.281153,
      "z" : 2.381966
    }, {
      "x" : 0.090169944,
      "y" : 0.38196602,
      "z" : 0.090169944
    }, {
      "x" : -0.072949015,
      "y" : 1.190983,
      "z" : 0.23606798
    }, {
      "x" : 0.045084972,
      "y" : 1.0,
      "z" : -0.072949015
    }, {
      "x" : 2.572949,
      "y" : 10.09017,
      "z" : 2.690983
    }, {
      "x" : 0.54508495,
      "y" : 0.809017,
      "z" : 0.23606798
    }, {
      "x" : 2.690983,
      "y" : 9.899187,
      "z" : 2.381966
    }, {
      "x" : 2.618034,
      "y" : 11.09017,
      "z" : 2.618034
    }, {
      "x" : 0.42705098,
      "y" : 1.0,
      "z" : 0.54508495
    } ],
    "faces" : [ {
      "vertices" : [ 3, 10, 4 ]
    }, {
      "vertices" : [ 0, 1, 2 ]
    }, {
      "vertices" : [ 3, 7, 10 ]
    }, {
      "vertices" : [ 1, 8, 7 ]
    }, {
      "vertices" : [ 1, 7, 5 ]
    }, {
      "vertices" : [ 2, 4, 10 ]
    }, {
      "vertices" : [ 2, 10, 6 ]
    }, {
      "vertices" : [ 0, 2, 6 ]
    }, {
      "vertices" : [ 0, 8, 1 ]
    }, {
      "vertices" : [ 3, 4, 5 ]
    }, {
      "vertices" : [ 1, 5, 4 ]
    }, {
      "vertices" : [ 1, 4, 2 ]
    }, {
      "vertices" : [ 0, 6, 8 ]
    }, {
      "vertices" : [ 6, 10, 7 ]
    }, {
      "vertices" : [ 6, 7, 8 ]
    }, {
      "vertices" : [ 3, 5, 7 ]
    } ]
  }, {
    "id" : "1f65f7da-52f8-466a-9ee5-1d994ed2582c",
    "vertices" : [ {
      "x" : -34.27051,
      "y" : -69.15905,
      "z" : 81.24922
    }, {
      "x" : -42.742645,
      "y" : -62.30495,
      "z" : 85.48529
    }, {
      "x" : -35.888542,
      "y" : -58.068882,
      "z" : 93.95743
    }, {
      "x" : -27.416409,
      "y" : -64.92299,
      "z" : 89.72136
    } ],
    "faces" : [ {
      "vertices" : [ 0, 1, 2 ]
    }, {
      "vertices" : [ 0, 2, 3 ]
    }, {
      "vertices" : [ 0, 3, 2 ]
    }, {
      "vertices" : [ 0, 2, 1 ]
    } ]
  }, {
    "id" : "7f3df2e5-03be-4da0-adaa-964fa0e923dc",
    "vertices" : [ {
      "x" : 95.57546,
      "y" : -2.618034,
      "z" : -26.416409
    }, {
      "x" : 104.0476,
      "y" : 4.236068,
      "z" : -22.18034
    }, {
      "x" : 97.1935,
      "y" : 13.708204,
      "z" : -22.18034
    }, {
      "x" : 88.72136,
      "y" : 6.854102,
      "z" : -26.416409
    } ],
    "faces" : [ {
      "vertices" : [ 0, 1, 2 ]
    }, {
      "vertices" : [ 0, 2, 3 ]
    }, {
      "vertices" : [ 0, 3, 2 ]
    }, {
      "vertices" : [ 0, 2, 1 ]
    } ]
  }, {
    "id" : "3fe32702-1e1d-47c2-a4fc-20e739bee58b",
    "vertices" : [ {
      "x" : -12.09017,
      "y" : 62.30495,
      "z" : -85.48529
    }, {
      "x" : -9.472136,
      "y" : 64.92299,
      "z" : -74.39512
    }, {
      "x" : -17.944271,
      "y" : 71.777084,
      "z" : -70.15905
    }, {
      "x" : -20.562305,
      "y" : 69.15905,
      "z" : -81.24922
    } ],
    "faces" : [ {
      "vertices" : [ 0, 1, 2 ]
    }, {
      "vertices" : [ 0, 2, 3 ]
    }, {
      "vertices" : [ 0, 3, 2 ]
    }, {
      "vertices" : [ 0, 2, 1 ]
    } ]
  }, {
    "id" : "08727e4b-4202-41f0-806b-1c72da7f3c1c",
    "vertices" : [ {
      "x" : 20.562305,
      "y" : -19.562305,
      "z" : 92.95743
    }, {
      "x" : 17.944271,
      "y" : -30.652475,
      "z" : 95.57546
    }, {
      "x" : 9.472136,
      "y" : -37.506577,
      "z" : 91.33939
    }, {
      "x" : 12.09017,
      "y" : -26.416409,
      "z" : 88.72136
    } ],
    "faces" : [ {
      "vertices" : [ 0, 1, 2 ]
    }, {
      "vertices" : [ 0, 2, 3 ]
    }, {
      "vertices" : [ 0, 3, 2 ]
    }, {
      "vertices" : [ 0, 2, 1 ]
    } ]
  }, {
    "id" : "4920ff44-b758-45aa-a272-87935cb60a37",
    "vertices" : [ {
      "x" : -48.59675,
      "y" : 27.416409,
      "z" : 1.618034
    }, {
      "x" : -55.45085,
      "y" : 17.944271,
      "z" : 1.618034
    }, {
      "x" : -46.978714,
      "y" : 11.09017,
      "z" : -2.618034
    }, {
      "x" : -40.12461,
      "y" : 20.562305,
      "z" : -2.618034
    } ],
    "faces" : [ {
      "vertices" : [ 0, 1, 2 ]
    }, {
      "vertices" : [ 0, 2, 3 ]
    }, {
      "vertices" : [ 0, 3, 2 ]
    }, {
      "vertices" : [ 0, 2, 1 ]
    } ]
  }, {
    "id" : "4118a615-8d00-4714-a1c7-ed97ae824244",
    "vertices" : [ {
      "x" : 31.652475,
      "y" : 27.416409,
      "z" : 1.618034
    }, {
      "x" : 38.506577,
      "y" : 36.888542,
      "z" : 1.618034
    }, {
      "x" : 35.888542,
      "y" : 47.978714,
      "z" : -1.0
    }, {
      "x" : 29.034441,
      "y" : 38.506577,
      "z" : -1.0
    } ],
    "faces" : [ {
      "vertices" : [ 0, 1, 2 ]
    }, {
      "vertices" : [ 0, 2, 3 ]
    }, {
      "vertices" : [ 0, 3, 2 ]
    }, {
      "vertices" : [ 0, 2, 1 ]
    } ]
  }, {
    "id" : "10cf0472-e8e1-4dd9-b46c-1488c7d181e2",
    "vertices" : [ {
      "x" : 0.309017,
      "y" : -0.309017,
      "z" : -0.309017
    }, {
      "x" : 0.5,
      "y" : 0.0,
      "z" : -0.19098301
    }, {
      "x" : 0.5,
      "y" : 0.0,
      "z" : 0.19098301
    }, {
      "x" : 0.309017,
      "y" : -0.309017,
      "z" : 0.309017
    }, {
      "x" : 0.19098301,
      "y" : -0.5,
      "z" : 0.0
    }, {
      "x" : 0.0,
      "y" : 0.19098301,
      "z" : 0.5
    }, {
      "x" : 0.0,
      "y" : -0.19098301,
      "z" : 0.5
    }, {
      "x" : 0.309017,
      "y" : 0.309017,
      "z" : 0.309017
    }, {
      "x" : -0.309017,
      "y" : -0.309017,
      "z" : 0.309017
    }, {
      "x" : -0.309017,
      "y" : 0.309017,
      "z" : 0.309017
    }, {
      "x" : -0.5,
      "y" : 0.0,
      "z" : 0.19098301
    }, {
      "x" : 0.0,
      "y" : -0.19098301,
      "z" : -0.5
    }, {
      "x" : 0.0,
      "y" : 0.19098301,
      "z" : -0.5
    }, {
      "x" : 0.309017,
      "y" : 0.309017,
      "z" : -0.309017
    }, {
      "x" : -0.309017,
      "y" : -0.309017,
      "z" : -0.309017
    }, {
      "x" : -0.19098301,
      "y" : -0.5,
      "z" : 0.0
    }, {
      "x" : -0.5,
      "y" : 0.0,
      "z" : -0.19098301
    }, {
      "x" : 0.19098301,
      "y" : 0.5,
      "z" : 0.0
    }, {
      "x" : -0.309017,
      "y" : 0.309017,
      "z" : -0.309017
    }, {
      "x" : 0.0,
      "y" : 0.0,
      "z" : 0.0
    }, {
      "x" : -0.19098301,
      "y" : 0.5,
      "z" : 0.0
    } ],
    "faces" : [ {
      "vertices" : [ 12, 18, 20 ]
    }, {
      "vertices" : [ 12, 20, 17 ]
    }, {
      "vertices" : [ 12, 17, 13 ]
    }, {
      "vertices" : [ 3, 6, 8 ]
    }, {
      "vertices" : [ 3, 8, 15 ]
    }, {
      "vertices" : [ 3, 15, 4 ]
    }, {
      "vertices" : [ 0, 11, 12 ]
    }, {
      "vertices" : [ 0, 12, 13 ]
    }, {
      "vertices" : [ 0, 13, 1 ]
    }, {
      "vertices" : [ 5, 9, 10 ]
    }, {
      "vertices" : [ 5, 10, 8 ]
    }, {
      "vertices" : [ 5, 8, 6 ]
    }, {
      "vertices" : [ 2, 7, 5 ]
    }, {
      "vertices" : [ 2, 5, 6 ]
    }, {
      "vertices" : [ 2, 6, 3 ]
    }, {
      "vertices" : [ 11, 14, 16 ]
    }, {
      "vertices" : [ 11, 16, 18 ]
    }, {
      "vertices" : [ 11, 18, 12 ]
    }, {
      "vertices" : [ 1, 13, 17 ]
    }, {
      "vertices" : [ 1, 17, 7 ]
    }, {
      "vertices" : [ 1, 7, 2 ]
    }, {
      "vertices" : [ 9, 20, 18 ]
    }, {
      "vertices" : [ 9, 18, 16 ]
    }, {
      "vertices" : [ 9, 16, 10 ]
    }, {
      "vertices" : [ 0, 1, 2 ]
    }, {
      "vertices" : [ 0, 2, 3 ]
    }, {
      "vertices" : [ 0, 3, 4 ]
    }, {
      "vertices" : [ 5, 7, 17 ]
    }, {
      "vertices" : [ 5, 17, 20 ]
    }, {
      "vertices" : [ 5, 20, 9 ]
    }, {
      "vertices" : [ 0, 4, 15 ]
    }, {
      "vertices" : [ 0, 15, 14 ]
    }, {
      "vertices" : [ 0, 14, 11 ]
    }, {
      "vertices" : [ 8, 10, 16 ]
    }, {
      "vertices" : [ 8, 16, 14 ]
    }, {
      "vertices" : [ 8, 14, 15 ]
    } ]
  }, {
    "id" : "bf29710e-a6f5-4a63-937c-869f8c3af33c",
    "vertices" : [ {
      "x" : -24.798374,
      "y" : -17.944271,
      "z" : -32.27051
    }, {
      "x" : -33.27051,
      "y" : -11.09017,
      "z" : -28.034441
    }, {
      "x" : -35.888542,
      "y" : 0.0,
      "z" : -30.652475
    }, {
      "x" : -27.416409,
      "y" : -6.854102,
      "z" : -34.888542
    } ],
    "faces" : [ {
      "vertices" : [ 0, 1, 2 ]
    }, {
      "vertices" : [ 0, 2, 3 ]
    }, {
      "vertices" : [ 0, 3, 2 ]
    }, {
      "vertices" : [ 0, 2, 1 ]
    } ]
  }, {
    "id" : "7167faa8-2c4a-4791-a591-8220531bef72",
    "vertices" : [ {
      "x" : -13.708204,
      "y" : -12.09017,
      "z" : -57.068882
    }, {
      "x" : -5.236068,
      "y" : -5.236068,
      "z" : -52.832817
    }, {
      "x" : -2.618034,
      "y" : 5.854102,
      "z" : -55.45085
    }, {
      "x" : -11.09017,
      "y" : -1.0,
      "z" : -59.686916
    } ],
    "faces" : [ {
      "vertices" : [ 0, 1, 2 ]
    }, {
      "vertices" : [ 0, 2, 3 ]
    }, {
      "vertices" : [ 0, 3, 2 ]
    }, {
      "vertices" : [ 0, 2, 1 ]
    } ]
  }, {
    "id" : "d0890845-d0f6-4b76-804e-81cced172441",
    "vertices" : [ {
      "x" : 33.27051,
      "y" : -30.034441,
      "z" : -28.034441
    }, {
      "x" : 40.12461,
      "y" : -20.562305,
      "z" : -28.034441
    }, {
      "x" : 37.506577,
      "y" : -17.944271,
      "z" : -16.944271
    }, {
      "x" : 30.652475,
      "y" : -27.416409,
      "z" : -16.944271
    } ],
    "faces" : [ {
      "vertices" : [ 0, 1, 2 ]
    }, {
      "vertices" : [ 0, 2, 3 ]
    }, {
      "vertices" : [ 0, 3, 2 ]
    }, {
      "vertices" : [ 0, 2, 1 ]
    } ]
  }, {
    "id" : "aa82aafe-e528-40c5-85c5-ed4726a61399",
    "vertices" : [ {
      "x" : 46.978714,
      "y" : 30.034441,
      "z" : -2.618034
    }, {
      "x" : 55.45085,
      "y" : 36.888542,
      "z" : 1.618034
    }, {
      "x" : 46.978714,
      "y" : 43.742645,
      "z" : 5.854102
    }, {
      "x" : 38.506577,
      "y" : 36.888542,
      "z" : 1.618034
    } ],
    "faces" : [ {
      "vertices" : [ 0, 1, 2 ]
    }, {
      "vertices" : [ 0, 2, 3 ]
    }, {
      "vertices" : [ 0, 3, 2 ]
    }, {
      "vertices" : [ 0, 2, 1 ]
    } ]
  }, {
    "id" : "0c30f7f5-e012-4018-9ca5-a22b64f6d5cd",
    "vertices" : [ {
      "x" : 5.236068,
      "y" : -35.888542,
      "z" : 58.068882
    }, {
      "x" : 2.618034,
      "y" : -33.27051,
      "z" : 69.15905
    }, {
      "x" : 0.0,
      "y" : -44.36068,
      "z" : 71.777084
    }, {
      "x" : 2.618034,
      "y" : -46.978714,
      "z" : 60.686916
    } ],
    "faces" : [ {
      "vertices" : [ 0, 1, 2 ]
    }, {
      "vertices" : [ 0, 2, 3 ]
    }, {
      "vertices" : [ 0, 3, 2 ]
    }, {
      "vertices" : [ 0, 2, 1 ]
    } ]
  }, {
    "id" : "0a1df5ff-7726-4cf0-9cf4-63444625dfe8",
    "vertices" : [ {
      "x" : -15.326238,
      "y" : -38.506577,
      "z" : 1.0
    }, {
      "x" : -22.18034,
      "y" : -42.742645,
      "z" : -7.472136
    }, {
      "x" : -15.326238,
      "y" : -52.214783,
      "z" : -7.472136
    }, {
      "x" : -8.472136,
      "y" : -47.978714,
      "z" : 1.0
    } ],
    "faces" : [ {
      "vertices" : [ 0, 1, 2 ]
    }, {
      "vertices" : [ 0, 2, 3 ]
    }, {
      "vertices" : [ 0, 3, 2 ]
    }, {
      "vertices" : [ 0, 2, 1 ]
    } ]
  }, {
    "id" : "b638c7d7-dcce-4cbe-a464-8c98fc2e30cc",
    "vertices" : [ {
      "x" : -24.798374,
      "y" : -23.18034,
      "z" : 6.854102
    }, {
      "x" : -22.18034,
      "y" : -34.27051,
      "z" : 9.472136
    }, {
      "x" : -24.798374,
      "y" : -31.652475,
      "z" : 20.562305
    }, {
      "x" : -27.416409,
      "y" : -20.562305,
      "z" : 17.944271
    } ],
    "faces" : [ {
      "vertices" : [ 0, 1, 2 ]
    }, {
      "vertices" : [ 0, 2, 3 ]
    }, {
      "vertices" : [ 0, 3, 2 ]
    }, {
      "vertices" : [ 0, 2, 1 ]
    } ]
  }, {
    "id" : "6d85fa5c-7fd9-489c-a413-d291d4769d98",
    "vertices" : [ {
      "x" : -24.798374,
      "y" : -4.236068,
      "z" : -23.798374
    }, {
      "x" : -31.652475,
      "y" : -13.708204,
      "z" : -23.798374
    }, {
      "x" : -29.034441,
      "y" : -16.326239,
      "z" : -34.888542
    }, {
      "x" : -22.18034,
      "y" : -6.854102,
      "z" : -34.888542
    } ],
    "faces" : [ {
      "vertices" : [ 0, 1, 2 ]
    }, {
      "vertices" : [ 0, 2, 3 ]
    }, {
      "vertices" : [ 0, 3, 2 ]
    }, {
      "vertices" : [ 0, 2, 1 ]
    } ]
  }, {
    "id" : "cc3a5fb9-ad67-4efa-82b3-a6708ac7c07b",
    "vertices" : [ {
      "x" : -17.944271,
      "y" : -30.652475,
      "z" : 95.57546
    }, {
      "x" : -24.798374,
      "y" : -21.18034,
      "z" : 95.57546
    }, {
      "x" : -27.416409,
      "y" : -10.09017,
      "z" : 92.95743
    }, {
      "x" : -20.562305,
      "y" : -19.562305,
      "z" : 92.95743
    } ],
    "faces" : [ {
      "vertices" : [ 0, 1, 2 ]
    }, {
      "vertices" : [ 0, 2, 3 ]
    }, {
      "vertices" : [ 0, 3, 2 ]
    }, {
      "vertices" : [ 0, 2, 1 ]
    } ]
  }, {
    "id" : "6fc89d89-0e8d-40a3-8261-f1fdfa750e95",
    "vertices" : [ {
      "x" : 2.618034,
      "y" : 46.978714,
      "z" : -30.034441
    }, {
      "x" : 9.472136,
      "y" : 42.742645,
      "z" : -38.506577
    }, {
      "x" : 16.326239,
      "y" : 33.27051,
      "z" : -38.506577
    }, {
      "x" : 9.472136,
      "y" : 37.506577,
      "z" : -30.034441
    } ],
    "faces" : [ {
      "vertices" : [ 0, 1, 2 ]
    }, {
      "vertices" : [ 0, 2, 3 ]
    }, {
      "vertices" : [ 0, 3, 2 ]
    }, {
      "vertices" : [ 0, 2, 1 ]
    } ]
  }, {
    "id" : "6c446f82-e6e5-4a12-8860-e5082254e209",
    "vertices" : [ {
      "x" : 42.742645,
      "y" : 26.416409,
      "z" : -88.72136
    }, {
      "x" : 49.59675,
      "y" : 30.652475,
      "z" : -80.24922
    }, {
      "x" : 52.214783,
      "y" : 41.742645,
      "z" : -82.867256
    }, {
      "x" : 45.36068,
      "y" : 37.506577,
      "z" : -91.33939
    } ],
    "faces" : [ {
      "vertices" : [ 0, 1, 2 ]
    }, {
      "vertices" : [ 0, 2, 3 ]
    }, {
      "vertices" : [ 0, 3, 2 ]
    }, {
      "vertices" : [ 0, 2, 1 ]
    } ]
  }, {
    "id" : "75b257b7-4b03-4a0a-b6d6-235fc1b74e21",
    "vertices" : [ {
      "x" : 24.798374,
      "y" : 4.236068,
      "z" : -37.506577
    }, {
      "x" : 17.944271,
      "y" : -5.236068,
      "z" : -37.506577
    }, {
      "x" : 9.472136,
      "y" : 1.618034,
      "z" : -33.27051
    }, {
      "x" : 16.326239,
      "y" : 11.09017,
      "z" : -33.27051
    } ],
    "faces" : [ {
      "vertices" : [ 0, 1, 2 ]
    }, {
      "vertices" : [ 0, 2, 3 ]
    }, {
      "vertices" : [ 0, 3, 2 ]
    }, {
      "vertices" : [ 0, 2, 1 ]
    } ]
  }, {
    "id" : "21cf7f7d-57e1-43ae-9dd5-629778794203",
    "vertices" : [ {
      "x" : -27.416409,
      "y" : -1.618034,
      "z" : 48.59675
    }, {
      "x" : -34.27051,
      "y" : 2.618034,
      "z" : 57.068882
    }, {
      "x" : -27.416409,
      "y" : 12.09017,
      "z" : 57.068882
    }, {
      "x" : -20.562305,
      "y" : 7.854102,
      "z" : 48.59675
    } ],
    "faces" : [ {
      "vertices" : [ 0, 1, 2 ]
    }, {
      "vertices" : [ 0, 2, 3 ]
    }, {
      "vertices" : [ 0, 3, 2 ]
    }, {
      "vertices" : [ 0, 2, 1 ]
    } ]
  }, {
    "id" : "195d62dd-fb2c-415b-9535-518655f0dc08",
    "vertices" : [ {
      "x" : 86.103325,
      "y" : 31.652475,
      "z" : 10.09017
    }, {
      "x" : 79.24922,
      "y" : 27.416409,
      "z" : 1.618034
    }, {
      "x" : 81.867256,
      "y" : 24.798374,
      "z" : -9.472136
    }, {
      "x" : 88.72136,
      "y" : 29.034441,
      "z" : -1.0
    } ],
    "faces" : [ {
      "vertices" : [ 0, 1, 2 ]
    }, {
      "vertices" : [ 0, 2, 3 ]
    }, {
      "vertices" : [ 0, 3, 2 ]
    }, {
      "vertices" : [ 0, 2, 1 ]
    } ]
  }, {
    "id" : "20185604-a947-4cdf-b039-a3fe034d9ab1",
    "vertices" : [ {
      "x" : -93.95743,
      "y" : 18.944271,
      "z" : -30.652475
    }, {
      "x" : -102.429565,
      "y" : 12.09017,
      "z" : -34.888542
    }, {
      "x" : -110.9017,
      "y" : 18.944271,
      "z" : -30.652475
    }, {
      "x" : -102.429565,
      "y" : 25.798374,
      "z" : -26.416409
    } ],
    "faces" : [ {
      "vertices" : [ 0, 1, 2 ]
    }, {
      "vertices" : [ 0, 2, 3 ]
    }, {
      "vertices" : [ 0, 3, 2 ]
    }, {
      "vertices" : [ 0, 2, 1 ]
    } ]
  }, {
    "id" : "f83792cd-2f68-48ed-a258-e0a27991782a",
    "vertices" : [ {
      "x" : 35.888542,
      "y" : 13.708204,
      "z" : -22.18034
    }, {
      "x" : 33.27051,
      "y" : 24.798374,
      "z" : -24.798374
    }, {
      "x" : 30.652475,
      "y" : 22.18034,
      "z" : -35.888542
    }, {
      "x" : 33.27051,
      "y" : 11.09017,
      "z" : -33.27051
    } ],
    "faces" : [ {
      "vertices" : [ 0, 1, 2 ]
    }, {
      "vertices" : [ 0, 2, 3 ]
    }, {
      "vertices" : [ 0, 3, 2 ]
    }, {
      "vertices" : [ 0, 2, 1 ]
    } ]
  }, {
    "id" : "8dc81bdd-2216-476e-bebc-b87f42b22bbe",
    "vertices" : [ {
      "x" : 46.978714,
      "y" : 11.09017,
      "z" : 28.034441
    }, {
      "x" : 40.12461,
      "y" : 1.618034,
      "z" : 28.034441
    }, {
      "x" : 42.742645,
      "y" : -9.472136,
      "z" : 30.652475
    }, {
      "x" : 49.59675,
      "y" : 0.0,
      "z" : 30.652475
    } ],
    "faces" : [ {
      "vertices" : [ 0, 1, 2 ]
    }, {
      "vertices" : [ 0, 2, 3 ]
    }, {
      "vertices" : [ 0, 3, 2 ]
    }, {
      "vertices" : [ 0, 2, 1 ]
    } ]
  }, {
    "id" : "fe2d1f8d-81fb-4254-9554-0b9453623145",
    "vertices" : [ {
      "x" : 27.416409,
      "y" : 20.562305,
      "z" : -17.944271
    }, {
      "x" : 35.888542,
      "y" : 13.708204,
      "z" : -22.18034
    }, {
      "x" : 27.416409,
      "y" : 6.854102,
      "z" : -26.416409
    }, {
      "x" : 18.944271,
      "y" : 13.708204,
      "z" : -22.18034
    } ],
    "faces" : [ {
      "vertices" : [ 0, 1, 2 ]
    }, {
      "vertices" : [ 0, 2, 3 ]
    }, {
      "vertices" : [ 0, 3, 2 ]
    }, {
      "vertices" : [ 0, 2, 1 ]
    } ]
  }, {
    "id" : "c8773959-f034-4ae4-837a-b0579b2a95ca",
    "vertices" : [ {
      "x" : 0.0,
      "y" : -8.472136,
      "z" : 44.36068
    }, {
      "x" : 2.618034,
      "y" : 2.618034,
      "z" : 41.742645
    }, {
      "x" : 5.236068,
      "y" : 5.236068,
      "z" : 52.832817
    }, {
      "x" : 2.618034,
      "y" : -5.854102,
      "z" : 55.45085
    } ],
    "faces" : [ {
      "vertices" : [ 0, 1, 2 ]
    }, {
      "vertices" : [ 0, 2, 3 ]
    }, {
      "vertices" : [ 0, 3, 2 ]
    }, {
      "vertices" : [ 0, 2, 1 ]
    } ]
  }, {
    "id" : "a0004ccf-2ac3-435a-9e47-2e27a8643347",
    "vertices" : [ {
      "x" : -24.798374,
      "y" : -4.236068,
      "z" : 37.506577
    }, {
      "x" : -22.18034,
      "y" : -15.326238,
      "z" : 40.12461
    }, {
      "x" : -13.708204,
      "y" : -22.18034,
      "z" : 35.888542
    }, {
      "x" : -16.326239,
      "y" : -11.09017,
      "z" : 33.27051
    } ],
    "faces" : [ {
      "vertices" : [ 0, 1, 2 ]
    }, {
      "vertices" : [ 0, 2, 3 ]
    }, {
      "vertices" : [ 0, 3, 2 ]
    }, {
      "vertices" : [ 0, 2, 1 ]
    } ]
  }, {
    "id" : "8584ce3b-2ebe-4d03-b610-85d304a94730",
    "vertices" : [ {
      "x" : 27.416409,
      "y" : 64.92299,
      "z" : -89.72136
    }, {
      "x" : 34.27051,
      "y" : 69.15905,
      "z" : -81.24922
    }, {
      "x" : 27.416409,
      "y" : 73.39512,
      "z" : -72.777084
    }, {
      "x" : 20.562305,
      "y" : 69.15905,
      "z" : -81.24922
    } ],
    "faces" : [ {
      "vertices" : [ 0, 1, 2 ]
    }, {
      "vertices" : [ 0, 2, 3 ]
    }, {
      "vertices" : [ 0, 3, 2 ]
    }, {
      "vertices" : [ 0, 2, 1 ]
    } ]
  }, {
    "id" : "58cce6f4-5be7-452d-b47e-8c3b4f82442f",
    "vertices" : [ {
      "x" : 87.103325,
      "y" : -31.652475,
      "z" : 66.54102
    }, {
      "x" : 78.63119,
      "y" : -24.798374,
      "z" : 70.777084
    }, {
      "x" : 81.24922,
      "y" : -13.708204,
      "z" : 68.15905
    }, {
      "x" : 89.72136,
      "y" : -20.562305,
      "z" : 63.922985
    } ],
    "faces" : [ {
      "vertices" : [ 0, 1, 2 ]
    }, {
      "vertices" : [ 0, 2, 3 ]
    }, {
      "vertices" : [ 0, 3, 2 ]
    }, {
      "vertices" : [ 0, 2, 1 ]
    } ]
  }, {
    "id" : "5c7d0dcf-e23c-4d5e-97ad-12c4bd9536ea",
    "vertices" : [ {
      "x" : -12.09017,
      "y" : 26.416409,
      "z" : -88.72136
    }, {
      "x" : -5.236068,
      "y" : 30.652475,
      "z" : -80.24922
    }, {
      "x" : -2.618034,
      "y" : 41.742645,
      "z" : -82.867256
    }, {
      "x" : -9.472136,
      "y" : 37.506577,
      "z" : -91.33939
    } ],
    "faces" : [ {
      "vertices" : [ 0, 1, 2 ]
    }, {
      "vertices" : [ 0, 2, 3 ]
    }, {
      "vertices" : [ 0, 3, 2 ]
    }, {
      "vertices" : [ 0, 2, 1 ]
    } ]
  }, {
    "id" : "9e21dcf2-daf5-40cb-944f-759ce67cf0c0",
    "vertices" : [ {
      "x" : 2.618034,
      "y" : -2.618034,
      "z" : -41.742645
    }, {
      "x" : 0.0,
      "y" : -13.708204,
      "z" : -39.12461
    }, {
      "x" : 2.618034,
      "y" : -16.326239,
      "z" : -50.214783
    }, {
      "x" : 5.236068,
      "y" : -5.236068,
      "z" : -52.832817
    } ],
    "faces" : [ {
      "vertices" : [ 0, 1, 2 ]
    }, {
      "vertices" : [ 0, 2, 3 ]
    }, {
      "vertices" : [ 0, 3, 2 ]
    }, {
      "vertices" : [ 0, 2, 1 ]
    } ]
  }, {
    "id" : "3ce34128-890e-48cc-b0e9-3e485c71651f",
    "vertices" : [ {
      "x" : -44.36068,
      "y" : 34.27051,
      "z" : 21.18034
    }, {
      "x" : -41.742645,
      "y" : 23.18034,
      "z" : 23.798374
    }, {
      "x" : -48.59675,
      "y" : 13.708204,
      "z" : 23.798374
    }, {
      "x" : -51.214783,
      "y" : 24.798374,
      "z" : 21.18034
    } ],
    "faces" : [ {
      "vertices" : [ 0, 1, 2 ]
    }, {
      "vertices" : [ 0, 2, 3 ]
    }, {
      "vertices" : [ 0, 3, 2 ]
    }, {
      "vertices" : [ 0, 2, 1 ]
    } ]
  }, {
    "id" : "3e5f54b9-af6f-4a4d-b9b9-7c248bc17b50",
    "vertices" : [ {
      "x" : -6.854102,
      "y" : -26.416409,
      "z" : 27.416409
    }, {
      "x" : 0.0,
      "y" : -16.944271,
      "z" : 27.416409
    }, {
      "x" : 6.854102,
      "y" : -26.416409,
      "z" : 27.416409
    }, {
      "x" : 0.0,
      "y" : -35.888542,
      "z" : 27.416409
    } ],
    "faces" : [ {
      "vertices" : [ 0, 1, 2 ]
    }, {
      "vertices" : [ 0, 2, 3 ]
    }, {
      "vertices" : [ 0, 3, 2 ]
    }, {
      "vertices" : [ 0, 2, 1 ]
    } ]
  }, {
    "id" : "c651de3d-2683-442f-bee8-7b006642c26c",
    "vertices" : [ {
      "x" : 49.59675,
      "y" : -18.944271,
      "z" : 30.652475
    }, {
      "x" : 56.45085,
      "y" : -9.472136,
      "z" : 30.652475
    }, {
      "x" : 63.30495,
      "y" : -13.708204,
      "z" : 22.18034
    }, {
      "x" : 56.45085,
      "y" : -23.18034,
      "z" : 22.18034
    } ],
    "faces" : [ {
      "vertices" : [ 0, 1, 2 ]
    }, {
      "vertices" : [ 0, 2, 3 ]
    }, {
      "vertices" : [ 0, 3, 2 ]
    }, {
      "vertices" : [ 0, 2, 1 ]
    } ]
  }, {
    "id" : "2f3ca10b-abcb-4ea4-9f22-8f650b7b8def",
    "vertices" : [ {
      "x" : 2.618034,
      "y" : -5.854102,
      "z" : 55.45085
    }, {
      "x" : 5.236068,
      "y" : 5.236068,
      "z" : 52.832817
    }, {
      "x" : 2.618034,
      "y" : 7.854102,
      "z" : 63.922985
    }, {
      "x" : 0.0,
      "y" : -3.236068,
      "z" : 66.54102
    } ],
    "faces" : [ {
      "vertices" : [ 0, 1, 2 ]
    }, {
      "vertices" : [ 0, 2, 3 ]
    }, {
      "vertices" : [ 0, 3, 2 ]
    }, {
      "vertices" : [ 0, 2, 1 ]
    } ]
  }, {
    "id" : "1a585835-c193-4a63-a455-f36f35b0b533",
    "vertices" : [ {
      "x" : -40.12461,
      "y" : 20.562305,
      "z" : -2.618034
    }, {
      "x" : -31.652475,
      "y" : 27.416409,
      "z" : 1.618034
    }, {
      "x" : -38.506577,
      "y" : 36.888542,
      "z" : 1.618034
    }, {
      "x" : -46.978714,
      "y" : 30.034441,
      "z" : -2.618034
    } ],
    "faces" : [ {
      "vertices" : [ 0, 1, 2 ]
    }, {
      "vertices" : [ 0, 2, 3 ]
    }, {
      "vertices" : [ 0, 3, 2 ]
    }, {
      "vertices" : [ 0, 2, 1 ]
    } ]
  }, {
    "id" : "4b9ac078-bce3-492a-8b72-ba94f1c549aa",
    "vertices" : [ {
      "x" : -48.59675,
      "y" : -27.416409,
      "z" : -1.618034
    }, {
      "x" : -55.45085,
      "y" : -17.944271,
      "z" : -1.618034
    }, {
      "x" : -52.832817,
      "y" : -6.854102,
      "z" : -4.236068
    }, {
      "x" : -45.978714,
      "y" : -16.326239,
      "z" : -4.236068
    } ],
    "faces" : [ {
      "vertices" : [ 0, 1, 2 ]
    }, {
      "vertices" : [ 0, 2, 3 ]
    }, {
      "vertices" : [ 0, 3, 2 ]
    }, {
      "vertices" : [ 0, 2, 1 ]
    } ]
  }, {
    "id" : "042ead2c-f60c-4599-a734-dea72a6ecfa5",
    "vertices" : [ {
      "x" : -6.854102,
      "y" : 9.472136,
      "z" : 30.652475
    }, {
      "x" : -15.326238,
      "y" : 16.326239,
      "z" : 34.888542
    }, {
      "x" : -8.472136,
      "y" : 20.562305,
      "z" : 43.36068
    }, {
      "x" : 0.0,
      "y" : 13.708204,
      "z" : 39.12461
    } ],
    "faces" : [ {
      "vertices" : [ 0, 1, 2 ]
    }, {
      "vertices" : [ 0, 2, 3 ]
    }, {
      "vertices" : [ 0, 3, 2 ]
    }, {
      "vertices" : [ 0, 2, 1 ]
    } ]
  }, {
    "id" : "fac217f7-ce84-4d9d-90c5-5b29d15ff0fd",
    "vertices" : [ {
      "x" : -35.888542,
      "y" : 20.562305,
      "z" : 43.36068
    }, {
      "x" : -29.034441,
      "y" : 11.09017,
      "z" : 43.36068
    }, {
      "x" : -31.652475,
      "y" : 8.472136,
      "z" : 32.27051
    }, {
      "x" : -38.506577,
      "y" : 17.944271,
      "z" : 32.27051
    } ],
    "faces" : [ {
      "vertices" : [ 0, 1, 2 ]
    }, {
      "vertices" : [ 0, 2, 3 ]
    }, {
      "vertices" : [ 0, 3, 2 ]
    }, {
      "vertices" : [ 0, 2, 1 ]
    } ]
  }, {
    "id" : "75191fbe-e1a4-4d46-99a9-88ee439e1731",
    "vertices" : [ {
      "x" : -87.103325,
      "y" : 23.18034,
      "z" : -22.18034
    }, {
      "x" : -89.72136,
      "y" : 34.27051,
      "z" : -24.798374
    }, {
      "x" : -81.24922,
      "y" : 41.12461,
      "z" : -20.562305
    }, {
      "x" : -78.63119,
      "y" : 30.034441,
      "z" : -17.944271
    } ],
    "faces" : [ {
      "vertices" : [ 0, 1, 2 ]
    }, {
      "vertices" : [ 0, 2, 3 ]
    }, {
      "vertices" : [ 0, 3, 2 ]
    }, {
      "vertices" : [ 0, 2, 1 ]
    } ]
  }, {
    "id" : "0942c7ae-fcf8-474a-8d68-61fac99858ea",
    "vertices" : [ {
      "x" : 27.416409,
      "y" : -34.27051,
      "z" : -21.18034
    }, {
      "x" : 35.888542,
      "y" : -41.12461,
      "z" : -25.416409
    }, {
      "x" : 33.27051,
      "y" : -43.742645,
      "z" : -36.506577
    }, {
      "x" : 24.798374,
      "y" : -36.888542,
      "z" : -32.27051
    } ],
    "faces" : [ {
      "vertices" : [ 0, 1, 2 ]
    }, {
      "vertices" : [ 0, 2, 3 ]
    }, {
      "vertices" : [ 0, 3, 2 ]
    }, {
      "vertices" : [ 0, 2, 1 ]
    } ]
  }, {
    "id" : "378f920a-cbf7-4bf0-a849-7a18574bc45d",
    "vertices" : [ {
      "x" : -22.18034,
      "y" : 20.562305,
      "z" : 12.708204
    }, {
      "x" : -24.798374,
      "y" : 23.18034,
      "z" : 23.798374
    }, {
      "x" : -33.27051,
      "y" : 16.326239,
      "z" : 19.562305
    }, {
      "x" : -30.652475,
      "y" : 13.708204,
      "z" : 8.472136
    } ],
    "faces" : [ {
      "vertices" : [ 0, 1, 2 ]
    }, {
      "vertices" : [ 0, 2, 3 ]
    }, {
      "vertices" : [ 0, 3, 2 ]
    }, {
      "vertices" : [ 0, 2, 1 ]
    } ]
  }, {
    "id" : "89f01d16-07c2-4195-95bf-acfa46db3e2e",
    "vertices" : [ {
      "x" : 24.798374,
      "y" : -31.652475,
      "z" : 20.562305
    }, {
      "x" : 27.416409,
      "y" : -42.742645,
      "z" : 23.18034
    }, {
      "x" : 20.562305,
      "y" : -46.978714,
      "z" : 14.708204
    }, {
      "x" : 17.944271,
      "y" : -35.888542,
      "z" : 12.09017
    } ],
    "faces" : [ {
      "vertices" : [ 0, 1, 2 ]
    }, {
      "vertices" : [ 0, 2, 3 ]
    }, {
      "vertices" : [ 0, 3, 2 ]
    }, {
      "vertices" : [ 0, 2, 1 ]
    } ]
  }, {
    "id" : "8402629d-4086-42a6-a61c-ec57aa16f86c",
    "vertices" : [ {
      "x" : -33.27051,
      "y" : -24.798374,
      "z" : -5.854102
    }, {
      "x" : -30.652475,
      "y" : -13.708204,
      "z" : -8.472136
    }, {
      "x" : -37.506577,
      "y" : -9.472136,
      "z" : 0.0
    }, {
      "x" : -40.12461,
      "y" : -20.562305,
      "z" : 2.618034
    } ],
    "faces" : [ {
      "vertices" : [ 0, 1, 2 ]
    }, {
      "vertices" : [ 0, 2, 3 ]
    }, {
      "vertices" : [ 0, 3, 2 ]
    }, {
      "vertices" : [ 0, 2, 1 ]
    } ]
  }, {
    "id" : "5b51450e-1c32-40d3-9f3c-9cbe85240c64",
    "vertices" : [ {
      "x" : -73.39512,
      "y" : -23.18034,
      "z" : -8.472136
    }, {
      "x" : -70.777084,
      "y" : -20.562305,
      "z" : 2.618034
    }, {
      "x" : -63.922985,
      "y" : -11.09017,
      "z" : 2.618034
    }, {
      "x" : -66.54102,
      "y" : -13.708204,
      "z" : -8.472136
    } ],
    "faces" : [ {
      "vertices" : [ 0, 1, 2 ]
    }, {
      "vertices" : [ 0, 2, 3 ]
    }, {
      "vertices" : [ 0, 3, 2 ]
    }, {
      "vertices" : [ 0, 2, 1 ]
    } ]
  }, {
    "id" : "001da2c6-5d0a-499f-9868-a83f1ff093eb",
    "vertices" : [ {
      "x" : 24.798374,
      "y" : 23.18034,
      "z" : -6.854102
    }, {
      "x" : 22.18034,
      "y" : 34.27051,
      "z" : -9.472136
    }, {
      "x" : 29.034441,
      "y" : 38.506577,
      "z" : -1.0
    }, {
      "x" : 31.652475,
      "y" : 27.416409,
      "z" : 1.618034
    } ],
    "faces" : [ {
      "vertices" : [ 0, 1, 2 ]
    }, {
      "vertices" : [ 0, 2, 3 ]
    }, {
      "vertices" : [ 0, 3, 2 ]
    }, {
      "vertices" : [ 0, 2, 1 ]
    } ]
  }, {
    "id" : "41d8d034-5524-48a6-a6be-bd6897c26ec8",
    "vertices" : [ {
      "x" : -29.034441,
      "y" : -52.214783,
      "z" : -7.472136
    }, {
      "x" : -22.18034,
      "y" : -47.978714,
      "z" : 1.0
    }, {
      "x" : -24.798374,
      "y" : -36.888542,
      "z" : -1.618034
    }, {
      "x" : -31.652475,
      "y" : -41.12461,
      "z" : -10.09017
    } ],
    "faces" : [ {
      "vertices" : [ 0, 1, 2 ]
    }, {
      "vertices" : [ 0, 2, 3 ]
    }, {
      "vertices" : [ 0, 3, 2 ]
    }, {
      "vertices" : [ 0, 2, 1 ]
    } ]
  }, {
    "id" : "522213e2-72a1-416a-b3bc-1cb3d82420d2",
    "vertices" : [ {
      "x" : -70.777084,
      "y" : 20.562305,
      "z" : -2.618034
    }, {
      "x" : -63.922985,
      "y" : 11.09017,
      "z" : -2.618034
    }, {
      "x" : -66.54102,
      "y" : 8.472136,
      "z" : -13.708204
    }, {
      "x" : -73.39512,
      "y" : 17.944271,
      "z" : -13.708204
    } ],
    "faces" : [ {
      "vertices" : [ 0, 1, 2 ]
    }, {
      "vertices" : [ 0, 2, 3 ]
    }, {
      "vertices" : [ 0, 3, 2 ]
    }, {
      "vertices" : [ 0, 2, 1 ]
    } ]
  }, {
    "id" : "b7863d9d-eb47-4746-bccc-c9b44876642c",
    "vertices" : [ {
      "x" : -49.59675,
      "y" : 18.944271,
      "z" : -30.652475
    }, {
      "x" : -46.978714,
      "y" : 30.034441,
      "z" : -33.27051
    }, {
      "x" : -44.36068,
      "y" : 27.416409,
      "z" : -44.36068
    }, {
      "x" : -46.978714,
      "y" : 16.326239,
      "z" : -41.742645
    } ],
    "faces" : [ {
      "vertices" : [ 0, 1, 2 ]
    }, {
