{
  "polygons" : "true",
  "field" : "golden",
  "symmetry" : "icosahedral",
  "orientations" : [ [ 1.0, 0.0, 0.0, 0.0, 0.0, 1.0, 0.0, 0.0, 0.0, 0.0, 1.0, 0.0, 0.0, 0.0, 0.0, 1.0 ], [ 0.0, 0.0, 1.0, 0.0, 1.0, 0.0, 0.0, 0.0, 0.0, 1.0, 0.0, 0.0, 0.0, 0.0, 0.0, 1.0 ], [ 0.0, 1.0, 0.0, 0.0, 0.0, 0.0, 1.0, 0.0, 1.0, 0.0, 0.0, 0.0, 0.0, 0.0, 0.0, 1.0 ], [ 0.809017, 0.309017, 0.5, 0.0, 0.309017, 0.5, -0.809017, 0.0, -0.5, 0.809017, 0.309017, 0.0, 0.0, 0.0, 0.0, 1.0 ], [ -0.5, 0.809017, 0.309017, 0.0, 0.809017, 0.309017, 0.5, 0.0, 0.309017, 0.5, -0.809017, 0.0, 0.0, 0.0, 0.0, 1.0 ], [ 0.309017, 0.5, -0.809017, 0.0, -0.5, 0.809017, 0.309017, 0.0, 0.809017, 0.309017, 0.5, 0.0, 0.0, 0.0, 0.0, 1.0 ], [ 0.5, 0.809017, 0.309017, 0.0, 0.809017, -0.309017, -0.5, 0.0, -0.309017, 0.5, -0.809017, 0.0, 0.0, 0.0, 0.0, 1.0 ], [ -0.309017, 0.5, -0.809017, 0.0, 0.5, 0.809017, 0.309017, 0.0, 0.809017, -0.309017, -0.5, 0.0, 0.0, 0.0, 0.0, 1.0 ], [ 0.809017, -0.309017, -0.5, 0.0, -0.309017, 0.5, -0.809017, 0.0, 0.5, 0.809017, 0.309017, 0.0, 0.0, 0.0, 0.0, 1.0 ], [ 0.5, 0.809017, -0.309017, 0.0, 0.809017, -0.309017, 0.5, 0.0, 0.309017, -0.5, -0.809017, 0.0, 0.0, 0.0, 0.0, 1.0 ], [ 0.309017, -0.5, -0.809017, 0.0, 0.5, 0.809017, -0.309017, 0.0, 0.809017, -0.309017, 0.5, 0.0, 0.0, 0.0, 0.0, 1.0 ], [ 0.809017, -0.309017, 0.5, 0.0, 0.309017, -0.5, -0.809017, 0.0, 0.5, 0.809017, -0.309017, 0.0, 0.0, 0.0, 0.0, 1.0 ], [ 0.809017, 0.309017, -0.5, 0.0, 0.309017, 0.5, 0.809017, 0.0, 0.5, -0.809017, 0.309017, 0.0, 0.0, 0.0, 0.0, 1.0 ], [ 0.5, -0.809017, 0.309017, 0.0, 0.809017, 0.309017, -0.5, 0.0, 0.309017, 0.5, 0.809017, 0.0, 0.0, 0.0, 0.0, 1.0 ], [ 0.309017, 0.5, 0.809017, 0.0, 0.5, -0.809017, 0.309017, 0.0, 0.809017, 0.309017, -0.5, 0.0, 0.0, 0.0, 0.0, 1.0 ], [ 1.0, 0.0, 0.0, 0.0, 0.0, -1.0, 0.0, 0.0, 0.0, 0.0, -1.0, 0.0, 0.0, 0.0, 0.0, 1.0 ], [ 0.0, 0.0, 1.0, 0.0, -1.0, 0.0, 0.0, 0.0, 0.0, -1.0, 0.0, 0.0, 0.0, 0.0, 0.0, 1.0 ], [ 0.0, 1.0, 0.0, 0.0, 0.0, 0.0, -1.0, 0.0, -1.0, 0.0, 0.0, 0.0, 0.0, 0.0, 0.0, 1.0 ], [ 0.809017, 0.309017, 0.5, 0.0, -0.309017, -0.5, 0.809017, 0.0, 0.5, -0.809017, -0.309017, 0.0, 0.0, 0.0, 0.0, 1.0 ], [ -0.5, 0.809017, 0.309017, 0.0, -0.809017, -0.309017, -0.5, 0.0, -0.309017, -0.5, 0.809017, 0.0, 0.0, 0.0, 0.0, 1.0 ], [ 0.309017, 0.5, -0.809017, 0.0, 0.5, -0.809017, -0.309017, 0.0, -0.809017, -0.309017, -0.5, 0.0, 0.0, 0.0, 0.0, 1.0 ], [ 0.5, 0.809017, 0.309017, 0.0, -0.809017, 0.309017, 0.5, 0.0, 0.309017, -0.5, 0.809017, 0.0, 0.0, 0.0, 0.0, 1.0 ], [ -0.309017, 0.5, -0.809017, 0.0, -0.5, -0.809017, -0.309017, 0.0, -0.809017, 0.309017, 0.5, 0.0, 0.0, 0.0, 0.0, 1.0 ], [ 0.809017, -0.309017, -0.5, 0.0, 0.309017, -0.5, 0.809017, 0.0, -0.5, -0.809017, -0.309017, 0.0, 0.0, 0.0, 0.0, 1.0 ], [ 0.5, 0.809017, -0.309017, 0.0, -0.809017, 0.309017, -0.5, 0.0, -0.309017, 0.5, 0.809017, 0.0, 0.0, 0.0, 0.0, 1.0 ], [ 0.309017, -0.5, -0.809017, 0.0, -0.5, -0.809017, 0.309017, 0.0, -0.809017, 0.309017, -0.5, 0.0, 0.0, 0.0, 0.0, 1.0 ], [ 0.809017, -0.309017, 0.5, 0.0, -0.309017, 0.5, 0.809017, 0.0, -0.5, -0.809017, 0.309017, 0.0, 0.0, 0.0, 0.0, 1.0 ], [ 0.809017, 0.309017, -0.5, 0.0, -0.309017, -0.5, -0.809017, 0.0, -0.5, 0.809017, -0.309017, 0.0, 0.0, 0.0, 0.0, 1.0 ], [ 0.5, -0.809017, 0.309017, 0.0, -0.809017, -0.309017, 0.5, 0.0, -0.309017, -0.5, -0.809017, 0.0, 0.0, 0.0, 0.0, 1.0 ], [ 0.309017, 0.5, 0.809017, 0.0, -0.5, 0.809017, -0.309017, 0.0, -0.809017, -0.309017, 0.5, 0.0, 0.0, 0.0, 0.0, 1.0 ], [ -1.0, 0.0, 0.0, 0.0, 0.0, -1.0, 0.0, 0.0, 0.0, 0.0, 1.0, 0.0, 0.0, 0.0, 0.0, 1.0 ], [ 0.0, 0.0, -1.0, 0.0, -1.0, 0.0, 0.0, 0.0, 0.0, 1.0, 0.0, 0.0, 0.0, 0.0, 0.0, 1.0 ], [ 0.0, -1.0, 0.0, 0.0, 0.0, 0.0, -1.0, 0.0, 1.0, 0.0, 0.0, 0.0, 0.0, 0.0, 0.0, 1.0 ], [ -0.809017, -0.309017, -0.5, 0.0, -0.309017, -0.5, 0.809017, 0.0, -0.5, 0.809017, 0.309017, 0.0, 0.0, 0.0, 0.0, 1.0 ], [ 0.5, -0.809017, -0.309017, 0.0, -0.809017, -0.309017, -0.5, 0.0, 0.309017, 0.5, -0.809017, 0.0, 0.0, 0.0, 0.0, 1.0 ], [ -0.309017, -0.5, 0.809017, 0.0, 0.5, -0.809017, -0.309017, 0.0, 0.809017, 0.309017, 0.5, 0.0, 0.0, 0.0, 0.0, 1.0 ], [ -0.5, -0.809017, -0.309017, 0.0, -0.809017, 0.309017, 0.5, 0.0, -0.309017, 0.5, -0.809017, 0.0, 0.0, 0.0, 0.0, 1.0 ], [ 0.309017, -0.5, 0.809017, 0.0, -0.5, -0.809017, -0.309017, 0.0, 0.809017, -0.309017, -0.5, 0.0, 0.0, 0.0, 0.0, 1.0 ], [ -0.809017, 0.309017, 0.5, 0.0, 0.309017, -0.5, 0.809017, 0.0, 0.5, 0.809017, 0.309017, 0.0, 0.0, 0.0, 0.0, 1.0 ], [ -0.5, -0.809017, 0.309017, 0.0, -0.809017, 0.309017, -0.5, 0.0, 0.309017, -0.5, -0.809017, 0.0, 0.0, 0.0, 0.0, 1.0 ], [ -0.309017, 0.5, 0.809017, 0.0, -0.5, -0.809017, 0.309017, 0.0, 0.809017, -0.309017, 0.5, 0.0, 0.0, 0.0, 0.0, 1.0 ], [ -0.809017, 0.309017, -0.5, 0.0, -0.309017, 0.5, 0.809017, 0.0, 0.5, 0.809017, -0.309017, 0.0, 0.0, 0.0, 0.0, 1.0 ], [ -0.809017, -0.309017, 0.5, 0.0, -0.309017, -0.5, -0.809017, 0.0, 0.5, -0.809017, 0.309017, 0.0, 0.0, 0.0, 0.0, 1.0 ], [ -0.5, 0.809017, -0.309017, 0.0, -0.809017, -0.309017, 0.5, 0.0, 0.309017, 0.5, 0.809017, 0.0, 0.0, 0.0, 0.0, 1.0 ], [ -0.309017, -0.5, -0.809017, 0.0, -0.5, 0.809017, -0.309017, 0.0, 0.809017, 0.309017, -0.5, 0.0, 0.0, 0.0, 0.0, 1.0 ], [ -1.0, 0.0, 0.0, 0.0, 0.0, 1.0, 0.0, 0.0, 0.0, 0.0, -1.0, 0.0, 0.0, 0.0, 0.0, 1.0 ], [ 0.0, 0.0, -1.0, 0.0, 1.0, 0.0, 0.0, 0.0, 0.0, -1.0, 0.0, 0.0, 0.0, 0.0, 0.0, 1.0 ], [ 0.0, -1.0, 0.0, 0.0, 0.0, 0.0, 1.0, 0.0, -1.0, 0.0, 0.0, 0.0, 0.0, 0.0, 0.0, 1.0 ], [ -0.809017, -0.309017, -0.5, 0.0, 0.309017, 0.5, -0.809017, 0.0, 0.5, -0.809017, -0.309017, 0.0, 0.0, 0.0, 0.0, 1.0 ], [ 0.5, -0.809017, -0.309017, 0.0, 0.809017, 0.309017, 0.5, 0.0, -0.309017, -0.5, 0.809017, 0.0, 0.0, 0.0, 0.0, 1.0 ], [ -0.309017, -0.5, 0.809017, 0.0, -0.5, 0.809017, 0.309017, 0.0, -0.809017, -0.309017, -0.5, 0.0, 0.0, 0.0, 0.0, 1.0 ], [ -0.5, -0.809017, -0.309017, 0.0, 0.809017, -0.309017, -0.5, 0.0, 0.309017, -0.5, 0.809017, 0.0, 0.0, 0.0, 0.0, 1.0 ], [ 0.309017, -0.5, 0.809017, 0.0, 0.5, 0.809017, 0.309017, 0.0, -0.809017, 0.309017, 0.5, 0.0, 0.0, 0.0, 0.0, 1.0 ], [ -0.809017, 0.309017, 0.5, 0.0, -0.309017, 0.5, -0.809017, 0.0, -0.5, -0.809017, -0.309017, 0.0, 0.0, 0.0, 0.0, 1.0 ], [ -0.5, -0.809017, 0.309017, 0.0, 0.809017, -0.309017, 0.5, 0.0, -0.309017, 0.5, 0.809017, 0.0, 0.0, 0.0, 0.0, 1.0 ], [ -0.309017, 0.5, 0.809017, 0.0, 0.5, 0.809017, -0.309017, 0.0, -0.809017, 0.309017, -0.5, 0.0, 0.0, 0.0, 0.0, 1.0 ], [ -0.809017, 0.309017, -0.5, 0.0, 0.309017, -0.5, -0.809017, 0.0, -0.5, -0.809017, 0.309017, 0.0, 0.0, 0.0, 0.0, 1.0 ], [ -0.809017, -0.309017, 0.5, 0.0, 0.309017, 0.5, 0.809017, 0.0, -0.5, 0.809017, -0.309017, 0.0, 0.0, 0.0, 0.0, 1.0 ], [ -0.5, 0.809017, -0.309017, 0.0, 0.809017, 0.309017, -0.5, 0.0, -0.309017, -0.5, -0.809017, 0.0, 0.0, 0.0, 0.0, 1.0 ], [ -0.309017, -0.5, -0.809017, 0.0, 0.5, -0.809017, 0.309017, 0.0, -0.809017, -0.309017, 0.5, 0.0, 0.0, 0.0, 0.0, 1.0 ] ],
  "lights" : {
    "ambientColor" : "#292929",
    "backgroundColor" : "#E5E5E5",
    "directionalLights" : [ {
      "direction" : [ 1.0, -1.0, -1.0 ],
      "color" : "#EBEBE4"
    }, {
      "direction" : [ -1.0, 0.0, 0.0 ],
      "color" : "#E4E4EB"
    }, {
      "direction" : [ 0.0, 0.0, -1.0 ],
      "color" : "#1E1E1E"
    } ]
  },
  "camera" : {
    "lookDirection" : {
      "x" : 0.0,
      "y" : 0.0,
      "z" : -1.0
    },
    "upDirection" : {
      "x" : 0.0,
      "y" : 1.0,
      "z" : 0.0
    },
    "lookAtPoint" : {
      "x" : 0.0,
      "y" : 0.0,
      "z" : 0.0
    },
    "viewDistance" : 106.578255,
    "nearClipDistance" : 0.26644576,
    "farClipDistance" : 213.15703,
    "fieldOfView" : 0.44262964,
    "perspective" : false,
    "width" : 47.9603,
    "stereo" : false,
    "position" : {
      "x" : 0.0,
      "y" : 0.0,
      "z" : 106.578255
    }
  },
  "embedding" : [ 1.0, 0.0, 0.0, 0.0, 0.0, 1.0, 0.0, 0.0, 0.0, 0.0, 1.0, 0.0, 0.0, 0.0, 0.0, 1.0 ],
  "shapes" : [ {
    "id" : "54dfa8b4-c789-4327-a3b7-7bc76b609342",
    "orbit" : "blue",
    "name" : " :2*phi",
    "vertices" : [ {
      "x" : 1.0,
      "y" : 0.309017,
      "z" : 0.19098301
    }, {
      "x" : 1.0,
      "y" : -0.309017,
      "z" : 0.19098301
    }, {
      "x" : 26.416409,
      "y" : -0.309017,
      "z" : 0.19098301
    }, {
      "x" : 26.416409,
      "y" : 0.309017,
      "z" : 0.19098301
    }, {
      "x" : 26.416409,
      "y" : -0.309017,
      "z" : -0.19098301
    }, {
      "x" : 26.416409,
      "y" : 0.309017,
      "z" : -0.19098301
    }, {
      "x" : 27.034441,
      "y" : 0.0,
      "z" : 0.0
    }, {
      "x" : 0.38196602,
      "y" : 0.0,
      "z" : 0.0
    }, {
      "x" : 1.0,
      "y" : 0.309017,
      "z" : -0.19098301
    }, {
      "x" : 1.0,
      "y" : -0.309017,
      "z" : -0.19098301
    }, {
      "x" : 27.416409,
      "y" : 0.0,
      "z" : 0.0
    } ],
    "faces" : [ {
      "vertices" : [ 1, 9, 4, 2 ]
    }, {
      "vertices" : [ 0, 3, 5, 8 ]
    }, {
      "vertices" : [ 1, 7, 9 ]
    }, {
      "vertices" : [ 0, 1, 2, 3 ]
    }, {
      "vertices" : [ 7, 8, 9 ]
    }, {
      "vertices" : [ 0, 7, 1 ]
    }, {
      "vertices" : [ 4, 9, 8, 5 ]
    }, {
      "vertices" : [ 2, 6, 3 ]
    }, {
      "vertices" : [ 2, 4, 6 ]
    }, {
      "vertices" : [ 3, 6, 5 ]
    }, {
      "vertices" : [ 4, 5, 6 ]
    }, {
      "vertices" : [ 0, 8, 7 ]
    } ]
  }, {
    "id" : "623a51a5-afe1-4776-abf1-6657f5c983fa",
    "name" : "ball",
    "vertices" : [ {
      "x" : -0.309017,
      "y" : -0.19098301,
      "z" : 0.0
    }, {
      "x" : -0.309017,
      "y" : 0.19098301,
      "z" : 0.0
    }, {
      "x" : -0.19098301,
      "y" : 0.0,
      "z" : -0.309017
    }, {
      "x" : -0.19098301,
      "y" : 0.0,
      "z" : 0.309017
    }, {
      "x" : 0.0,
      "y" : -0.309017,
      "z" : -0.19098301
    }, {
      "x" : 0.0,
      "y" : -0.309017,
      "z" : 0.19098301
    }, {
      "x" : 0.0,
      "y" : 0.309017,
      "z" : -0.19098301
    }, {
      "x" : 0.0,
      "y" : 0.309017,
      "z" : 0.19098301
    }, {
      "x" : 0.19098301,
      "y" : 0.0,
      "z" : -0.309017
    }, {
      "x" : 0.19098301,
      "y" : 0.0,
      "z" : 0.309017
    }, {
      "x" : 0.309017,
      "y" : -0.19098301,
      "z" : 0.0
    }, {
      "x" : 0.309017,
      "y" : 0.19098301,
      "z" : 0.0
    } ],
    "faces" : [ {
      "vertices" : [ 0, 1, 2 ]
    }, {
      "vertices" : [ 0, 3, 1 ]
    }, {
      "vertices" : [ 0, 2, 4 ]
    }, {
      "vertices" : [ 0, 5, 3 ]
    }, {
      "vertices" : [ 0, 4, 5 ]
    }, {
      "vertices" : [ 1, 6, 2 ]
    }, {
      "vertices" : [ 1, 3, 7 ]
    }, {
      "vertices" : [ 1, 7, 6 ]
    }, {
      "vertices" : [ 2, 8, 4 ]
    }, {
      "vertices" : [ 2, 6, 8 ]
    }, {
      "vertices" : [ 3, 5, 9 ]
    }, {
      "vertices" : [ 3, 9, 7 ]
    }, {
      "vertices" : [ 4, 10, 5 ]
    }, {
      "vertices" : [ 4, 8, 10 ]
    }, {
      "vertices" : [ 5, 10, 9 ]
    }, {
      "vertices" : [ 6, 7, 11 ]
    }, {
      "vertices" : [ 6, 11, 8 ]
    }, {
      "vertices" : [ 7, 9, 11 ]
    }, {
      "vertices" : [ 8, 11, 10 ]
    }, {
      "vertices" : [ 9, 10, 11 ]
    } ]
  }, {
    "id" : "b311ae9e-5b45-481e-83db-bc1147fd6d03",
    "orbit" : "yellow",
    "name" : " :3 +phi",
    "vertices" : [ {
      "x" : 31.652475,
      "y" : 0.0,
      "z" : -12.09017
    }, {
      "x" : 31.343458,
      "y" : 0.0,
      "z" : -11.972136
    }, {
      "x" : 30.93895,
      "y" : -0.1545085,
      "z" : -11.531153
    }, {
      "x" : 30.747967,
      "y" : -0.1545085,
      "z" : -12.031153
    }, {
      "x" : 0.9045085,
      "y" : -0.1545085,
      "z" : -0.059016995
    }, {
      "x" : 0.809017,
      "y" : 0.309017,
      "z" : -0.309017
    }, {
      "x" : 0.309017,
      "y" : 0.0,
      "z" : -0.11803399
    }, {
      "x" : 30.843458,
      "y" : 0.309017,
      "z" : -11.781153
    }, {
      "x" : 0.7135255,
      "y" : -0.1545085,
      "z" : -0.559017
    } ],
    "faces" : [ {
      "vertices" : [ 2, 4, 8, 3 ]
    }, {
      "vertices" : [ 2, 7, 5, 4 ]
    }, {
      "vertices" : [ 4, 6, 8 ]
    }, {
      "vertices" : [ 5, 8, 6 ]
    }, {
      "vertices" : [ 1, 2, 3 ]
    }, {
      "vertices" : [ 3, 8, 5, 7 ]
    }, {
      "vertices" : [ 1, 7, 2 ]
    }, {
      "vertices" : [ 1, 3, 7 ]
    }, {
      "vertices" : [ 4, 5, 6 ]
    } ]
  } ],
  "instances" : [ {
    "shape" : "54dfa8b4-c789-4327-a3b7-7bc76b609342",
    "color" : "#007695",
    "position" : {
      "x" : 2.6666667,
      "y" : -13.708204,
      "z" : -3.3333333
    },
    "orientation" : 1
  }, {
    "shape" : "54dfa8b4-c789-4327-a3b7-7bc76b609342",
    "color" : "#007695",
    "position" : {
      "x" : -13.708204,
      "y" : 3.3333333,
      "z" : -2.6666667
    },
    "orientation" : 0
  }, {
    "shape" : "623a51a5-afe1-4776-abf1-6657f5c983fa",
    "color" : "#007695",
    "position" : {
      "x" : -2.6666667,
      "y" : 13.708204,
      "z" : -3.3333333
    }
  }, {
    "shape" : "623a51a5-afe1-4776-abf1-6657f5c983fa",
    "color" : "#F0A000",
    "position" : {
      "x" : 11.326238,
      "y" : -8.562305,
      "z" : 10.09017
    }
  }, {
    "shape" : "54dfa8b4-c789-4327-a3b7-7bc76b609342",
    "color" : "#007695",
    "position" : {
      "x" : -2.6666667,
      "y" : 13.708204,
      "z" : -3.3333333
    },
    "orientation" : 16
  }, {
    "shape" : "623a51a5-afe1-4776-abf1-6657f5c983fa",
    "color" : "#F0A000",
    "position" : {
      "x" : -8.65423,
      "y" : 9.987564,
      "z" : 11.320897
    }
  }, {
    "shape" : "b311ae9e-5b45-481e-83db-bc1147fd6d03",
    "color" : "#F0A000",
    "position" : {
      "x" : -9.987564,
      "y" : 11.320897,
      "z" : 8.65423
    },
    "orientation" : 24
  }, {
    "shape" : "623a51a5-afe1-4776-abf1-6657f5c983fa",
    "color" : "#007695",
    "position" : {
      "x" : 13.708204,
      "y" : -3.3333333,
      "z" : -2.6666667
    }
  }, {
    "shape" : "623a51a5-afe1-4776-abf1-6657f5c983fa",
    "color" : "#F0A000",
    "position" : {
      "x" : 9.987564,
      "y" : -11.320897,
      "z" : 8.65423
    }
  }, {
    "shape" : "623a51a5-afe1-4776-abf1-6657f5c983fa",
    "color" : "#F0A000",
    "position" : {
      "x" : -10.908075,
      "y" : -9.574742,
      "z" : 8.241408
    }
  }, {
    "shape" : "623a51a5-afe1-4776-abf1-6657f5c983fa",
    "color" : "#F0A000",
    "position" : {
      "x" : 8.562305,
      "y" : -10.09017,
      "z" : 11.326238
    }
  }, {
    "shape" : "623a51a5-afe1-4776-abf1-6657f5c983fa",
    "color" : "#007695",
    "position" : {
      "x" : 3.3333333,
      "y" : 2.6666667,
      "z" : -13.708204
    }
  }, {
    "shape" : "623a51a5-afe1-4776-abf1-6657f5c983fa",
    "color" : "#F0A000",
    "position" : {
      "x" : -8.65423,
      "y" : -9.987564,
      "z" : -11.320897
    }
  }, {
    "shape" : "623a51a5-afe1-4776-abf1-6657f5c983fa",
    "color" : "#007695",
    "position" : {
      "x" : 2.6666667,
      "y" : 13.708204,
      "z" : 3.3333333
    }
  }, {
    "shape" : "54dfa8b4-c789-4327-a3b7-7bc76b609342",
    "color" : "#007695",
    "position" : {
      "x" : -13.708204,
      "y" : -3.3333333,
      "z" : 2.6666667
    },
    "orientation" : 0
  }, {
    "shape" : "623a51a5-afe1-4776-abf1-6657f5c983fa",
    "color" : "#F0A000",
    "position" : {
      "x" : -11.326238,
      "y" : 8.562305,
      "z" : 10.09017
    }
  }, {
    "shape" : "623a51a5-afe1-4776-abf1-6657f5c983fa",
    "color" : "#F0A000",
    "position" : {
      "x" : 9.574742,
      "y" : 8.241408,
      "z" : 10.908075
    }
  }, {
    "shape" : "623a51a5-afe1-4776-abf1-6657f5c983fa",
    "color" : "#F0A000",
    "position" : {
      "x" : 8.65423,
      "y" : 9.987564,
      "z" : -11.320897
    }
  }, {
    "shape" : "623a51a5-afe1-4776-abf1-6657f5c983fa",
    "color" : "#007695",
    "position" : {
      "x" : 3.3333333,
      "y" : -2.6666667,
      "z" : 13.708204
    }
  }, {
    "shape" : "623a51a5-afe1-4776-abf1-6657f5c983fa",
    "color" : "#007695",
    "position" : {
      "x" : -3.3333333,
      "y" : -2.6666667,
      "z" : -13.708204
    }
  }, {
    "shape" : "623a51a5-afe1-4776-abf1-6657f5c983fa",
    "color" : "#007695",
    "position" : {
      "x" : 3.3333333,
      "y" : 2.6666667,
      "z" : 13.708204
    }
  }, {
    "shape" : "54dfa8b4-c789-4327-a3b7-7bc76b609342",
    "color" : "#007695",
    "position" : {
      "x" : 13.708204,
      "y" : 3.3333333,
      "z" : 2.6666667
    },
    "orientation" : 45
  }, {
    "shape" : "623a51a5-afe1-4776-abf1-6657f5c983fa",
    "color" : "#F0A000",
    "position" : {
      "x" : 11.320897,
      "y" : 8.65423,
      "z" : -9.987564
    }
  }, {
    "shape" : "623a51a5-afe1-4776-abf1-6657f5c983fa",
    "color" : "#007695",
    "position" : {
      "x" : -13.708204,
      "y" : -3.3333333,
      "z" : 2.6666667
    }
  }, {
    "shape" : "623a51a5-afe1-4776-abf1-6657f5c983fa",
    "color" : "#007695",
    "position" : {
      "x" : 13.708204,
      "y" : 3.3333333,
      "z" : -2.6666667
    }
  }, {
    "shape" : "623a51a5-afe1-4776-abf1-6657f5c983fa",
    "color" : "#007695",
    "position" : {
      "x" : 3.3333333,
      "y" : -2.6666667,
      "z" : -13.708204
    }
  }, {
    "shape" : "b311ae9e-5b45-481e-83db-bc1147fd6d03",
    "color" : "#F0A000",
    "position" : {
      "x" : -11.320897,
      "y" : 8.65423,
      "z" : 9.987564
    },
    "orientation" : 24
  }, {
    "shape" : "623a51a5-afe1-4776-abf1-6657f5c983fa",
    "color" : "#F0A000",
    "position" : {
      "x" : 10.09017,
      "y" : 11.326238,
      "z" : -8.562305
    }
  }, {
    "shape" : "623a51a5-afe1-4776-abf1-6657f5c983fa",
    "color" : "#F0A000",
    "position" : {
      "x" : -11.320897,
      "y" : 8.65423,
      "z" : 9.987564
    }
  }, {
    "shape" : "623a51a5-afe1-4776-abf1-6657f5c983fa",
    "color" : "#F0A000",
    "position" : {
      "x" : -8.562305,
      "y" : 10.09017,
      "z" : 11.326238
    }
  }, {
    "shape" : "623a51a5-afe1-4776-abf1-6657f5c983fa",
    "color" : "#F0A000",
    "position" : {
      "x" : -10.09017,
      "y" : 11.326238,
      "z" : 8.562305
    }
  }, {
    "shape" : "623a51a5-afe1-4776-abf1-6657f5c983fa",
    "color" : "#F0A000",
    "position" : {
      "x" : -9.987564,
      "y" : -11.320897,
      "z" : -8.65423
    }
  }, {
    "shape" : "b311ae9e-5b45-481e-83db-bc1147fd6d03",
    "color" : "#F0A000",
    "position" : {
      "x" : 9.987564,
      "y" : -11.320897,
      "z" : 8.65423
    },
    "orientation" : 54
  }, {
    "shape" : "b311ae9e-5b45-481e-83db-bc1147fd6d03",
    "color" : "#F0A000",
    "position" : {
      "x" : 9.987564,
      "y" : 11.320897,
      "z" : -8.65423
    },
    "orientation" : 39
  }, {
    "shape" : "623a51a5-afe1-4776-abf1-6657f5c983fa",
    "color" : "#F0A000",
    "position" : {
      "x" : -9.574742,
      "y" : -8.241408,
      "z" : 10.908075
    }
  }, {
    "shape" : "623a51a5-afe1-4776-abf1-6657f5c983fa",
    "color" : "#007695",
    "position" : {
      "x" : -2.6666667,
      "y" : -13.708204,
      "z" : -3.3333333
    }
  }, {
    "shape" : "623a51a5-afe1-4776-abf1-6657f5c983fa",
    "color" : "#F0A000",
    "position" : {
      "x" : 11.320897,
      "y" : -8.65423,
      "z" : 9.987564
    }
  }, {
    "shape" : "b311ae9e-5b45-481e-83db-bc1147fd6d03",
    "color" : "#F0A000",
    "position" : {
      "x" : -8.65423,
      "y" : 9.987564,
      "z" : 11.320897
    },
    "orientation" : 24
  }, {
    "shape" : "623a51a5-afe1-4776-abf1-6657f5c983fa",
    "color" : "#F0A000",
    "position" : {
      "x" : -11.326238,
      "y" : -8.562305,
      "z" : -10.09017
    }
  }, {
    "shape" : "623a51a5-afe1-4776-abf1-6657f5c983fa",
    "color" : "#F0A000",
    "position" : {
      "x" : 8.241408,
      "y" : 10.908075,
      "z" : 9.574742
    }
  }, {
    "shape" : "623a51a5-afe1-4776-abf1-6657f5c983fa",
    "color" : "#007695",
    "position" : {
      "x" : -3.3333333,
      "y" : -2.6666667,
      "z" : 13.708204
    }
  }, {
    "shape" : "54dfa8b4-c789-4327-a3b7-7bc76b609342",
    "color" : "#007695",
    "position" : {
      "x" : -3.3333333,
      "y" : -2.6666667,
      "z" : 13.708204
    },
    "orientation" : 47
  }, {
    "shape" : "623a51a5-afe1-4776-abf1-6657f5c983fa",
    "color" : "#F0A000",
    "position" : {
      "x" : 10.908075,
      "y" : 9.574742,
      "z" : 8.241408
    }
  }, {
    "shape" : "623a51a5-afe1-4776-abf1-6657f5c983fa",
    "color" : "#F0A000",
    "position" : {
      "x" : -8.562305,
      "y" : -10.09017,
      "z" : -11.326238
    }
  }, {
    "shape" : "54dfa8b4-c789-4327-a3b7-7bc76b609342",
    "color" : "#007695",
    "position" : {
      "x" : 3.3333333,
      "y" : 2.6666667,
      "z" : 13.708204
    },
    "orientation" : 47
  }, {
    "shape" : "b311ae9e-5b45-481e-83db-bc1147fd6d03",
    "color" : "#F0A000",
    "position" : {
      "x" : 11.320897,
      "y" : 8.65423,
      "z" : -9.987564
    },
    "orientation" : 39
  }, {
    "shape" : "623a51a5-afe1-4776-abf1-6657f5c983fa",
    "color" : "#F0A000",
    "position" : {
      "x" : 9.574742,
      "y" : -8.241408,
      "z" : -10.908075
    }
  }, {
    "shape" : "623a51a5-afe1-4776-abf1-6657f5c983fa",
    "color" : "#F0A000",
    "position" : {
      "x" : -11.320897,
      "y" : -8.65423,
      "z" : -9.987564
    }
  }, {
    "shape" : "623a51a5-afe1-4776-abf1-6657f5c983fa",
    "color" : "#F0A000",
    "position" : {
      "x" : 9.987564,
      "y" : 11.320897,
      "z" : -8.65423
    }
  }, {
    "shape" : "623a51a5-afe1-4776-abf1-6657f5c983fa",
    "color" : "#F0A000",
    "position" : {
      "x" : 8.241408,
      "y" : -10.908075,
      "z" : -9.574742
    }
  }, {
    "shape" : "54dfa8b4-c789-4327-a3b7-7bc76b609342",
    "color" : "#007695",
    "position" : {
      "x" : -2.6666667,
      "y" : -13.708204,
      "z" : 3.3333333
    },
    "orientation" : 1
  }, {
    "shape" : "623a51a5-afe1-4776-abf1-6657f5c983fa",
    "color" : "#F0A000",
    "position" : {
      "x" : 10.908075,
      "y" : -9.574742,
      "z" : -8.241408
    }
  }, {
    "shape" : "623a51a5-afe1-4776-abf1-6657f5c983fa",
    "color" : "#007695",
    "position" : {
      "x" : 13.708204,
      "y" : -3.3333333,
      "z" : 2.6666667
    }
  }, {
    "shape" : "623a51a5-afe1-4776-abf1-6657f5c983fa",
    "color" : "#F0A000",
    "position" : {
      "x" : -8.241408,
      "y" : -10.908075,
      "z" : 9.574742
    }
  }, {
    "shape" : "b311ae9e-5b45-481e-83db-bc1147fd6d03",
    "color" : "#F0A000",
    "position" : {
      "x" : 8.65423,
      "y" : 9.987564,
      "z" : -11.320897
    },
    "orientation" : 39
  }, {
    "shape" : "623a51a5-afe1-4776-abf1-6657f5c983fa",
    "color" : "#F0A000",
    "position" : {
      "x" : 10.09017,
      "y" : -11.326238,
      "z" : 8.562305
    }
  }, {
    "shape" : "623a51a5-afe1-4776-abf1-6657f5c983fa",
    "color" : "#007695",
    "position" : {
      "x" : -13.708204,
      "y" : 3.3333333,
      "z" : -2.6666667
    }
  }, {
    "shape" : "b311ae9e-5b45-481e-83db-bc1147fd6d03",
    "color" : "#F0A000",
    "position" : {
      "x" : -8.65423,
      "y" : -9.987564,
      "z" : -11.320897
    },
    "orientation" : 9
  }, {
    "shape" : "623a51a5-afe1-4776-abf1-6657f5c983fa",
    "color" : "#F0A000",
    "position" : {
      "x" : 8.562305,
      "y" : 10.09017,
      "z" : -11.326238
    }
  }, {
    "shape" : "623a51a5-afe1-4776-abf1-6657f5c983fa",
    "color" : "#F0A000",
    "position" : {
      "x" : -10.09017,
      "y" : -11.326238,
      "z" : -8.562305
    }
  }, {
    "shape" : "623a51a5-afe1-4776-abf1-6657f5c983fa",
    "color" : "#007695",
    "position" : {
      "x" : -13.708204,
      "y" : -3.3333333,
      "z" : -2.6666667
    }
  }, {
    "shape" : "623a51a5-afe1-4776-abf1-6657f5c983fa",
    "color" : "#007695",
    "position" : {
      "x" : 2.6666667,
      "y" : -13.708204,
      "z" : 3.3333333
    }
  }, {
    "shape" : "54dfa8b4-c789-4327-a3b7-7bc76b609342",
    "color" : "#007695",
    "position" : {
      "x" : 3.3333333,
      "y" : -2.6666667,
      "z" : -13.708204
    },
    "orientation" : 2
  }, {
    "shape" : "623a51a5-afe1-4776-abf1-6657f5c983fa",
    "color" : "#007695",
    "position" : {
      "x" : 2.6666667,
      "y" : -13.708204,
      "z" : -3.3333333
    }
  }, {
    "shape" : "b311ae9e-5b45-481e-83db-bc1147fd6d03",
    "color" : "#F0A000",
    "position" : {
      "x" : 11.320897,
      "y" : -8.65423,
      "z" : 9.987564
    },
    "orientation" : 54
  }, {
    "shape" : "623a51a5-afe1-4776-abf1-6657f5c983fa",
    "color" : "#F0A000",
    "position" : {
      "x" : -9.574742,
      "y" : 8.241408,
      "z" : -10.908075
    }
  }, {
    "shape" : "b311ae9e-5b45-481e-83db-bc1147fd6d03",
    "color" : "#F0A000",
    "position" : {
      "x" : 8.65423,
      "y" : -9.987564,
      "z" : 11.320897
    },
    "orientation" : 54
  }, {
    "shape" : "623a51a5-afe1-4776-abf1-6657f5c983fa",
    "color" : "#007695",
    "position" : {
      "x" : -3.3333333,
      "y" : 2.6666667,
      "z" : 13.708204
    }
  }, {
    "shape" : "623a51a5-afe1-4776-abf1-6657f5c983fa",
    "color" : "#007695",
    "position" : {
      "x" : 13.708204,
      "y" : 3.3333333,
      "z" : 2.6666667
    }
  }, {
    "shape" : "623a51a5-afe1-4776-abf1-6657f5c983fa",
    "color" : "#F0A000",
    "position" : {
      "x" : 8.65423,
      "y" : -9.987564,
      "z" : 11.320897
    }
  }, {
    "shape" : "b311ae9e-5b45-481e-83db-bc1147fd6d03",
    "color" : "#F0A000",
    "position" : {
      "x" : -11.320897,
      "y" : -8.65423,
      "z" : -9.987564
    },
    "orientation" : 9
  }, {
    "shape" : "54dfa8b4-c789-4327-a3b7-7bc76b609342",
    "color" : "#007695",
    "position" : {
      "x" : 13.708204,
      "y" : -3.3333333,
      "z" : -2.6666667
    },
    "orientation" : 45
  }, {
    "shape" : "623a51a5-afe1-4776-abf1-6657f5c983fa",
    "color" : "#007695",
    "position" : {
      "x" : 2.6666667,
      "y" : 13.708204,
      "z" : -3.3333333
    }
  }, {
    "shape" : "623a51a5-afe1-4776-abf1-6657f5c983fa",
    "color" : "#007695",
    "position" : {
      "x" : -13.708204,
      "y" : 3.3333333,
      "z" : 2.6666667
    }
  }, {
    "shape" : "623a51a5-afe1-4776-abf1-6657f5c983fa",
    "color" : "#F0A000",
    "position" : {
      "x" : -9.987564,
      "y" : 11.320897,
      "z" : 8.65423
    }
  }, {
    "shape" : "623a51a5-afe1-4776-abf1-6657f5c983fa",
    "color" : "#F0A000",
    "position" : {
      "x" : -8.241408,
      "y" : 10.908075,
      "z" : -9.574742
    }
  }, {
    "shape" : "54dfa8b4-c789-4327-a3b7-7bc76b609342",
    "color" : "#007695",
    "position" : {
      "x" : -3.3333333,
      "y" : 2.6666667,
      "z" : -13.708204
    },
    "orientation" : 2
  }, {
    "shape" : "623a51a5-afe1-4776-abf1-6657f5c983fa",
    "color" : "#F0A000",
    "position" : {
      "x" : 11.326238,
      "y" : 8.562305,
      "z" : -10.09017
    }
  }, {
    "shape" : "54dfa8b4-c789-4327-a3b7-7bc76b609342",
    "color" : "#007695",
    "position" : {
      "x" : 2.6666667,
      "y" : 13.708204,
      "z" : 3.3333333
    },
    "orientation" : 16
  }, {
    "shape" : "623a51a5-afe1-4776-abf1-6657f5c983fa",
    "color" : "#007695",
    "position" : {
      "x" : -2.6666667,
      "y" : 13.708204,
      "z" : 3.3333333
    }
  }, {
    "shape" : "b311ae9e-5b45-481e-83db-bc1147fd6d03",
    "color" : "#F0A000",
    "position" : {
      "x" : -9.987564,
      "y" : -11.320897,
      "z" : -8.65423
    },
    "orientation" : 9
  }, {
    "shape" : "623a51a5-afe1-4776-abf1-6657f5c983fa",
    "color" : "#007695",
    "position" : {
      "x" : -3.3333333,
      "y" : 2.6666667,
      "z" : -13.708204
    }
  }, {
    "shape" : "623a51a5-afe1-4776-abf1-6657f5c983fa",
    "color" : "#F0A000",
    "position" : {
      "x" : -10.908075,
      "y" : 9.574742,
      "z" : -8.241408
    }
  }, {
    "shape" : "623a51a5-afe1-4776-abf1-6657f5c983fa",
    "color" : "#007695",
    "position" : {
      "x" : -2.6666667,
      "y" : -13.708204,
      "z" : 3.3333333
    }
  } ],
  "scenes" : [ ],
  "snapshots" : [ ]
}