{
  "field" : "golden",
  "symmetry" : "icosahedral",
  "orientations" : [ [ 1.0, 0.0, 0.0, 0.0, 0.0, 1.0, 0.0, 0.0, 0.0, 0.0, 1.0, 0.0, 0.0, 0.0, 0.0, 1.0 ], [ 0.0, 0.0, 1.0, 0.0, 1.0, 0.0, 0.0, 0.0, 0.0, 1.0, 0.0, 0.0, 0.0, 0.0, 0.0, 1.0 ], [ 0.0, 1.0, 0.0, 0.0, 0.0, 0.0, 1.0, 0.0, 1.0, 0.0, 0.0, 0.0, 0.0, 0.0, 0.0, 1.0 ], [ 0.809017, 0.309017, 0.5, 0.0, 0.309017, 0.5, -0.809017, 0.0, -0.5, 0.809017, 0.309017, 0.0, 0.0, 0.0, 0.0, 1.0 ], [ -0.5, 0.809017, 0.309017, 0.0, 0.809017, 0.309017, 0.5, 0.0, 0.309017, 0.5, -0.809017, 0.0, 0.0, 0.0, 0.0, 1.0 ], [ 0.309017, 0.5, -0.809017, 0.0, -0.5, 0.809017, 0.309017, 0.0, 0.809017, 0.309017, 0.5, 0.0, 0.0, 0.0, 0.0, 1.0 ], [ 0.5, 0.809017, 0.309017, 0.0, 0.809017, -0.309017, -0.5, 0.0, -0.309017, 0.5, -0.809017, 0.0, 0.0, 0.0, 0.0, 1.0 ], [ -0.309017, 0.5, -0.809017, 0.0, 0.5, 0.809017, 0.309017, 0.0, 0.809017, -0.309017, -0.5, 0.0, 0.0, 0.0, 0.0, 1.0 ], [ 0.809017, -0.309017, -0.5, 0.0, -0.309017, 0.5, -0.809017, 0.0, 0.5, 0.809017, 0.309017, 0.0, 0.0, 0.0, 0.0, 1.0 ], [ 0.5, 0.809017, -0.309017, 0.0, 0.809017, -0.309017, 0.5, 0.0, 0.309017, -0.5, -0.809017, 0.0, 0.0, 0.0, 0.0, 1.0 ], [ 0.309017, -0.5, -0.809017, 0.0, 0.5, 0.809017, -0.309017, 0.0, 0.809017, -0.309017, 0.5, 0.0, 0.0, 0.0, 0.0, 1.0 ], [ 0.809017, -0.309017, 0.5, 0.0, 0.309017, -0.5, -0.809017, 0.0, 0.5, 0.809017, -0.309017, 0.0, 0.0, 0.0, 0.0, 1.0 ], [ 0.809017, 0.309017, -0.5, 0.0, 0.309017, 0.5, 0.809017, 0.0, 0.5, -0.809017, 0.309017, 0.0, 0.0, 0.0, 0.0, 1.0 ], [ 0.5, -0.809017, 0.309017, 0.0, 0.809017, 0.309017, -0.5, 0.0, 0.309017, 0.5, 0.809017, 0.0, 0.0, 0.0, 0.0, 1.0 ], [ 0.309017, 0.5, 0.809017, 0.0, 0.5, -0.809017, 0.309017, 0.0, 0.809017, 0.309017, -0.5, 0.0, 0.0, 0.0, 0.0, 1.0 ], [ 1.0, 0.0, 0.0, 0.0, 0.0, -1.0, 0.0, 0.0, 0.0, 0.0, -1.0, 0.0, 0.0, 0.0, 0.0, 1.0 ], [ 0.0, 0.0, 1.0, 0.0, -1.0, 0.0, 0.0, 0.0, 0.0, -1.0, 0.0, 0.0, 0.0, 0.0, 0.0, 1.0 ], [ 0.0, 1.0, 0.0, 0.0, 0.0, 0.0, -1.0, 0.0, -1.0, 0.0, 0.0, 0.0, 0.0, 0.0, 0.0, 1.0 ], [ 0.809017, 0.309017, 0.5, 0.0, -0.309017, -0.5, 0.809017, 0.0, 0.5, -0.809017, -0.309017, 0.0, 0.0, 0.0, 0.0, 1.0 ], [ -0.5, 0.809017, 0.309017, 0.0, -0.809017, -0.309017, -0.5, 0.0, -0.309017, -0.5, 0.809017, 0.0, 0.0, 0.0, 0.0, 1.0 ], [ 0.309017, 0.5, -0.809017, 0.0, 0.5, -0.809017, -0.309017, 0.0, -0.809017, -0.309017, -0.5, 0.0, 0.0, 0.0, 0.0, 1.0 ], [ 0.5, 0.809017, 0.309017, 0.0, -0.809017, 0.309017, 0.5, 0.0, 0.309017, -0.5, 0.809017, 0.0, 0.0, 0.0, 0.0, 1.0 ], [ -0.309017, 0.5, -0.809017, 0.0, -0.5, -0.809017, -0.309017, 0.0, -0.809017, 0.309017, 0.5, 0.0, 0.0, 0.0, 0.0, 1.0 ], [ 0.809017, -0.309017, -0.5, 0.0, 0.309017, -0.5, 0.809017, 0.0, -0.5, -0.809017, -0.309017, 0.0, 0.0, 0.0, 0.0, 1.0 ], [ 0.5, 0.809017, -0.309017, 0.0, -0.809017, 0.309017, -0.5, 0.0, -0.309017, 0.5, 0.809017, 0.0, 0.0, 0.0, 0.0, 1.0 ], [ 0.309017, -0.5, -0.809017, 0.0, -0.5, -0.809017, 0.309017, 0.0, -0.809017, 0.309017, -0.5, 0.0, 0.0, 0.0, 0.0, 1.0 ], [ 0.809017, -0.309017, 0.5, 0.0, -0.309017, 0.5, 0.809017, 0.0, -0.5, -0.809017, 0.309017, 0.0, 0.0, 0.0, 0.0, 1.0 ], [ 0.809017, 0.309017, -0.5, 0.0, -0.309017, -0.5, -0.809017, 0.0, -0.5, 0.809017, -0.309017, 0.0, 0.0, 0.0, 0.0, 1.0 ], [ 0.5, -0.809017, 0.309017, 0.0, -0.809017, -0.309017, 0.5, 0.0, -0.309017, -0.5, -0.809017, 0.0, 0.0, 0.0, 0.0, 1.0 ], [ 0.309017, 0.5, 0.809017, 0.0, -0.5, 0.809017, -0.309017, 0.0, -0.809017, -0.309017, 0.5, 0.0, 0.0, 0.0, 0.0, 1.0 ], [ -1.0, 0.0, 0.0, 0.0, 0.0, -1.0, 0.0, 0.0, 0.0, 0.0, 1.0, 0.0, 0.0, 0.0, 0.0, 1.0 ], [ 0.0, 0.0, -1.0, 0.0, -1.0, 0.0, 0.0, 0.0, 0.0, 1.0, 0.0, 0.0, 0.0, 0.0, 0.0, 1.0 ], [ 0.0, -1.0, 0.0, 0.0, 0.0, 0.0, -1.0, 0.0, 1.0, 0.0, 0.0, 0.0, 0.0, 0.0, 0.0, 1.0 ], [ -0.809017, -0.309017, -0.5, 0.0, -0.309017, -0.5, 0.809017, 0.0, -0.5, 0.809017, 0.309017, 0.0, 0.0, 0.0, 0.0, 1.0 ], [ 0.5, -0.809017, -0.309017, 0.0, -0.809017, -0.309017, -0.5, 0.0, 0.309017, 0.5, -0.809017, 0.0, 0.0, 0.0, 0.0, 1.0 ], [ -0.309017, -0.5, 0.809017, 0.0, 0.5, -0.809017, -0.309017, 0.0, 0.809017, 0.309017, 0.5, 0.0, 0.0, 0.0, 0.0, 1.0 ], [ -0.5, -0.809017, -0.309017, 0.0, -0.809017, 0.309017, 0.5, 0.0, -0.309017, 0.5, -0.809017, 0.0, 0.0, 0.0, 0.0, 1.0 ], [ 0.309017, -0.5, 0.809017, 0.0, -0.5, -0.809017, -0.309017, 0.0, 0.809017, -0.309017, -0.5, 0.0, 0.0, 0.0, 0.0, 1.0 ], [ -0.809017, 0.309017, 0.5, 0.0, 0.309017, -0.5, 0.809017, 0.0, 0.5, 0.809017, 0.309017, 0.0, 0.0, 0.0, 0.0, 1.0 ], [ -0.5, -0.809017, 0.309017, 0.0, -0.809017, 0.309017, -0.5, 0.0, 0.309017, -0.5, -0.809017, 0.0, 0.0, 0.0, 0.0, 1.0 ], [ -0.309017, 0.5, 0.809017, 0.0, -0.5, -0.809017, 0.309017, 0.0, 0.809017, -0.309017, 0.5, 0.0, 0.0, 0.0, 0.0, 1.0 ], [ -0.809017, 0.309017, -0.5, 0.0, -0.309017, 0.5, 0.809017, 0.0, 0.5, 0.809017, -0.309017, 0.0, 0.0, 0.0, 0.0, 1.0 ], [ -0.809017, -0.309017, 0.5, 0.0, -0.309017, -0.5, -0.809017, 0.0, 0.5, -0.809017, 0.309017, 0.0, 0.0, 0.0, 0.0, 1.0 ], [ -0.5, 0.809017, -0.309017, 0.0, -0.809017, -0.309017, 0.5, 0.0, 0.309017, 0.5, 0.809017, 0.0, 0.0, 0.0, 0.0, 1.0 ], [ -0.309017, -0.5, -0.809017, 0.0, -0.5, 0.809017, -0.309017, 0.0, 0.809017, 0.309017, -0.5, 0.0, 0.0, 0.0, 0.0, 1.0 ], [ -1.0, 0.0, 0.0, 0.0, 0.0, 1.0, 0.0, 0.0, 0.0, 0.0, -1.0, 0.0, 0.0, 0.0, 0.0, 1.0 ], [ 0.0, 0.0, -1.0, 0.0, 1.0, 0.0, 0.0, 0.0, 0.0, -1.0, 0.0, 0.0, 0.0, 0.0, 0.0, 1.0 ], [ 0.0, -1.0, 0.0, 0.0, 0.0, 0.0, 1.0, 0.0, -1.0, 0.0, 0.0, 0.0, 0.0, 0.0, 0.0, 1.0 ], [ -0.809017, -0.309017, -0.5, 0.0, 0.309017, 0.5, -0.809017, 0.0, 0.5, -0.809017, -0.309017, 0.0, 0.0, 0.0, 0.0, 1.0 ], [ 0.5, -0.809017, -0.309017, 0.0, 0.809017, 0.309017, 0.5, 0.0, -0.309017, -0.5, 0.809017, 0.0, 0.0, 0.0, 0.0, 1.0 ], [ -0.309017, -0.5, 0.809017, 0.0, -0.5, 0.809017, 0.309017, 0.0, -0.809017, -0.309017, -0.5, 0.0, 0.0, 0.0, 0.0, 1.0 ], [ -0.5, -0.809017, -0.309017, 0.0, 0.809017, -0.309017, -0.5, 0.0, 0.309017, -0.5, 0.809017, 0.0, 0.0, 0.0, 0.0, 1.0 ], [ 0.309017, -0.5, 0.809017, 0.0, 0.5, 0.809017, 0.309017, 0.0, -0.809017, 0.309017, 0.5, 0.0, 0.0, 0.0, 0.0, 1.0 ], [ -0.809017, 0.309017, 0.5, 0.0, -0.309017, 0.5, -0.809017, 0.0, -0.5, -0.809017, -0.309017, 0.0, 0.0, 0.0, 0.0, 1.0 ], [ -0.5, -0.809017, 0.309017, 0.0, 0.809017, -0.309017, 0.5, 0.0, -0.309017, 0.5, 0.809017, 0.0, 0.0, 0.0, 0.0, 1.0 ], [ -0.309017, 0.5, 0.809017, 0.0, 0.5, 0.809017, -0.309017, 0.0, -0.809017, 0.309017, -0.5, 0.0, 0.0, 0.0, 0.0, 1.0 ], [ -0.809017, 0.309017, -0.5, 0.0, 0.309017, -0.5, -0.809017, 0.0, -0.5, -0.809017, 0.309017, 0.0, 0.0, 0.0, 0.0, 1.0 ], [ -0.809017, -0.309017, 0.5, 0.0, 0.309017, 0.5, 0.809017, 0.0, -0.5, 0.809017, -0.309017, 0.0, 0.0, 0.0, 0.0, 1.0 ], [ -0.5, 0.809017, -0.309017, 0.0, 0.809017, 0.309017, -0.5, 0.0, -0.309017, -0.5, -0.809017, 0.0, 0.0, 0.0, 0.0, 1.0 ], [ -0.309017, -0.5, -0.809017, 0.0, 0.5, -0.809017, 0.309017, 0.0, -0.809017, -0.309017, 0.5, 0.0, 0.0, 0.0, 0.0, 1.0 ] ],
  "lights" : {
    "backgroundColor" : "#E8E8FF",
    "ambientColor" : "#292929",
    "directionalLights" : [ {
      "direction" : {
        "x" : 1.0,
        "y" : -1.0,
        "z" : -1.0
      },
      "color" : "#EBEBE4"
    }, {
      "direction" : {
        "x" : -1.0,
        "y" : 0.0,
        "z" : 0.0
      },
      "color" : "#E4E4EB"
    }, {
      "direction" : {
        "x" : 0.0,
        "y" : 0.0,
        "z" : -1.0
      },
      "color" : "#1E1E1E"
    } ]
  },
  "camera" : {
    "width" : 58.578724,
    "stereo" : false,
    "lookDirection" : {
      "x" : -0.62161654,
      "y" : 0.73127687,
      "z" : -0.2807128
    },
    "upDirection" : {
      "x" : -0.015139755,
      "y" : 0.34706742,
      "z" : 0.93767744
    },
    "lookAtPoint" : {
      "x" : 0.0,
      "y" : 0.0,
      "z" : 0.0
    },
    "viewDistance" : 130.17497,
    "nearClipDistance" : 0.32543758,
    "farClipDistance" : 260.34958,
    "fieldOfView" : 0.4426288,
    "perspective" : false,
    "position" : {
      "x" : 80.918915,
      "y" : -95.19395,
      "z" : 36.541782
    }
  },
  "embedding" : [ 1.0, 0.0, 0.0, 0.0, 0.0, 1.0, 0.0, 0.0, 0.0, 0.0, 1.0, 0.0, 0.0, 0.0, 0.0, 1.0 ],
  "shapes" : [ {
    "id" : "305df332-dde7-4ad6-be2f-83fb286e483b",
    "vertices" : [ {
      "x" : 0.309017,
      "y" : -0.309017,
      "z" : -0.309017
    }, {
      "x" : 0.5,
      "y" : 0.0,
      "z" : -0.19098301
    }, {
      "x" : 0.5,
      "y" : 0.0,
      "z" : 0.19098301
    }, {
      "x" : 0.309017,
      "y" : -0.309017,
      "z" : 0.309017
    }, {
      "x" : 0.19098301,
      "y" : -0.5,
      "z" : 0.0
    }, {
      "x" : 0.0,
      "y" : 0.19098301,
      "z" : 0.5
    }, {
      "x" : 0.0,
      "y" : -0.19098301,
      "z" : 0.5
    }, {
      "x" : 0.309017,
      "y" : 0.309017,
      "z" : 0.309017
    }, {
      "x" : -0.309017,
      "y" : -0.309017,
      "z" : 0.309017
    }, {
      "x" : -0.309017,
      "y" : 0.309017,
      "z" : 0.309017
    }, {
      "x" : -0.5,
      "y" : 0.0,
      "z" : 0.19098301
    }, {
      "x" : 0.0,
      "y" : -0.19098301,
      "z" : -0.5
    }, {
      "x" : 0.0,
      "y" : 0.19098301,
      "z" : -0.5
    }, {
      "x" : 0.309017,
      "y" : 0.309017,
      "z" : -0.309017
    }, {
      "x" : -0.309017,
      "y" : -0.309017,
      "z" : -0.309017
    }, {
      "x" : -0.19098301,
      "y" : -0.5,
      "z" : 0.0
    }, {
      "x" : -0.5,
      "y" : 0.0,
      "z" : -0.19098301
    }, {
      "x" : 0.19098301,
      "y" : 0.5,
      "z" : 0.0
    }, {
      "x" : -0.309017,
      "y" : 0.309017,
      "z" : -0.309017
    }, {
      "x" : 0.0,
      "y" : 0.0,
      "z" : 0.0
    }, {
      "x" : -0.19098301,
      "y" : 0.5,
      "z" : 0.0
    } ],
    "faces" : [ {
      "vertices" : [ 12, 18, 20 ]
    }, {
      "vertices" : [ 12, 20, 17 ]
    }, {
      "vertices" : [ 12, 17, 13 ]
    }, {
      "vertices" : [ 3, 6, 8 ]
    }, {
      "vertices" : [ 3, 8, 15 ]
    }, {
      "vertices" : [ 3, 15, 4 ]
    }, {
      "vertices" : [ 0, 11, 12 ]
    }, {
      "vertices" : [ 0, 12, 13 ]
    }, {
      "vertices" : [ 0, 13, 1 ]
    }, {
      "vertices" : [ 5, 9, 10 ]
    }, {
      "vertices" : [ 5, 10, 8 ]
    }, {
      "vertices" : [ 5, 8, 6 ]
    }, {
      "vertices" : [ 2, 7, 5 ]
    }, {
      "vertices" : [ 2, 5, 6 ]
    }, {
      "vertices" : [ 2, 6, 3 ]
    }, {
      "vertices" : [ 11, 14, 16 ]
    }, {
      "vertices" : [ 11, 16, 18 ]
    }, {
      "vertices" : [ 11, 18, 12 ]
    }, {
      "vertices" : [ 1, 13, 17 ]
    }, {
      "vertices" : [ 1, 17, 7 ]
    }, {
      "vertices" : [ 1, 7, 2 ]
    }, {
      "vertices" : [ 9, 20, 18 ]
    }, {
      "vertices" : [ 9, 18, 16 ]
    }, {
      "vertices" : [ 9, 16, 10 ]
    }, {
      "vertices" : [ 0, 1, 2 ]
    }, {
      "vertices" : [ 0, 2, 3 ]
    }, {
      "vertices" : [ 0, 3, 4 ]
    }, {
      "vertices" : [ 5, 7, 17 ]
    }, {
      "vertices" : [ 5, 17, 20 ]
    }, {
      "vertices" : [ 5, 20, 9 ]
    }, {
      "vertices" : [ 0, 4, 15 ]
    }, {
      "vertices" : [ 0, 15, 14 ]
    }, {
      "vertices" : [ 0, 14, 11 ]
    }, {
      "vertices" : [ 8, 10, 16 ]
    }, {
      "vertices" : [ 8, 16, 14 ]
    }, {
      "vertices" : [ 8, 14, 15 ]
    } ]
  }, {
    "id" : "cdc979b6-6840-4eb3-958c-6fbedb06fea3",
    "vertices" : [ {
      "x" : 2.2129288,
      "y" : 7.188106,
      "z" : 2.2390432
    }, {
      "x" : 2.312929,
      "y" : 7.288106,
      "z" : 1.8390433
    }, {
      "x" : 0.40510514,
      "y" : 0.53867394,
      "z" : 0.04565741
    }, {
      "x" : 0.30510515,
      "y" : 0.43867394,
      "z" : 0.4456574
    }, {
      "x" : 2.6129289,
      "y" : 7.054773,
      "z" : 1.9723766
    }, {
      "x" : 2.512929,
      "y" : 6.9547725,
      "z" : 2.3723767
    }, {
      "x" : 0.005105143,
      "y" : 0.67200726,
      "z" : 0.31232408
    }, {
      "x" : 0.10510514,
      "y" : 0.7720073,
      "z" : -0.08767592
    } ],
    "faces" : [ {
      "vertices" : [ 2, 3, 6 ]
    }, {
      "vertices" : [ 2, 6, 7 ]
    }, {
      "vertices" : [ 0, 5, 4 ]
    }, {
      "vertices" : [ 0, 4, 1 ]
    }, {
      "vertices" : [ 2, 4, 5 ]
    }, {
      "vertices" : [ 2, 5, 3 ]
    }, {
      "vertices" : [ 0, 6, 3 ]
    }, {
      "vertices" : [ 0, 3, 5 ]
    }, {
      "vertices" : [ 0, 1, 7 ]
    }, {
      "vertices" : [ 0, 7, 6 ]
    }, {
      "vertices" : [ 1, 4, 2 ]
    }, {
      "vertices" : [ 1, 2, 7 ]
    } ]
  }, {
    "id" : "9d336e49-8c28-4c4e-8469-49f6a03072de",
    "vertices" : [ {
      "x" : 10.781153,
      "y" : 4.118034,
      "z" : -1.572949
    }, {
      "x" : 10.399187,
      "y" : 3.663119,
      "z" : -1.381966
    }, {
      "x" : 10.236068,
      "y" : 3.927051,
      "z" : -1.809017
    }, {
      "x" : 10.163119,
      "y" : 4.190983,
      "z" : -1.618034
    }, {
      "x" : 0.85410196,
      "y" : 0.309017,
      "z" : 0.19098301
    }, {
      "x" : 0.690983,
      "y" : 0.572949,
      "z" : -0.23606798
    }, {
      "x" : 0.309017,
      "y" : 0.11803399,
      "z" : -0.045084972
    }, {
      "x" : 0.76393205,
      "y" : 0.309017,
      "z" : -0.42705098
    }, {
      "x" : 0.927051,
      "y" : 0.045084972,
      "z" : 0.0
    }, {
      "x" : 10.326238,
      "y" : 3.927051,
      "z" : -1.190983
    }, {
      "x" : 11.09017,
      "y" : 4.236068,
      "z" : -1.618034
    } ],
    "faces" : [ {
      "vertices" : [ 2, 7, 5 ]
    }, {
      "vertices" : [ 2, 5, 3 ]
    }, {
      "vertices" : [ 1, 8, 7 ]
    }, {
      "vertices" : [ 1, 7, 2 ]
    }, {
      "vertices" : [ 4, 6, 8 ]
    }, {
      "vertices" : [ 5, 7, 6 ]
    }, {
      "vertices" : [ 0, 1, 2 ]
    }, {
      "vertices" : [ 0, 2, 3 ]
    }, {
      "vertices" : [ 6, 7, 8 ]
    }, {
      "vertices" : [ 3, 5, 4 ]
    }, {
      "vertices" : [ 3, 4, 9 ]
    }, {
      "vertices" : [ 1, 9, 4 ]
    }, {
      "vertices" : [ 1, 4, 8 ]
    }, {
      "vertices" : [ 0, 9, 1 ]
    }, {
      "vertices" : [ 0, 3, 9 ]
    }, {
      "vertices" : [ 4, 5, 6 ]
    } ]
  }, {
    "id" : "47ef8dcd-698a-4aee-82aa-4e13a8089cd4",
    "vertices" : [ {
      "x" : 2.4420793,
      "y" : 2.1330624,
      "z" : 5.0751414
    }, {
      "x" : 0.38196602,
      "y" : 0.072949015,
      "z" : 0.95491505
    }, {
      "x" : 0.690983,
      "y" : 0.19098301,
      "z" : 0.76393205
    }, {
      "x" : 2.7510962,
      "y" : 2.2510962,
      "z" : 4.8841586
    }, {
      "x" : 2.4420793,
      "y" : 2.7510962,
      "z" : 4.693176
    }, {
      "x" : 2.8240454,
      "y" : 2.8240454,
      "z" : 5.648091
    }, {
      "x" : 0.38196602,
      "y" : 0.690983,
      "z" : 0.572949
    }, {
      "x" : 2.6781473,
      "y" : 2.6781473,
      "z" : 5.3562946
    }, {
      "x" : 0.14589803,
      "y" : 0.14589803,
      "z" : 0.29179606
    }, {
      "x" : 0.072949015,
      "y" : 0.572949,
      "z" : 0.76393205
    }, {
      "x" : 2.1330624,
      "y" : 2.6330624,
      "z" : 4.8841586
    } ],
    "faces" : [ {
      "vertices" : [ 2, 8, 6 ]
    }, {
      "vertices" : [ 0, 7, 10 ]
    }, {
      "vertices" : [ 1, 9, 8 ]
    }, {
      "vertices" : [ 0, 10, 9 ]
    }, {
      "vertices" : [ 0, 9, 1 ]
    }, {
      "vertices" : [ 4, 10, 7 ]
    }, {
      "vertices" : [ 0, 1, 2 ]
    }, {
      "vertices" : [ 0, 2, 3 ]
    }, {
      "vertices" : [ 6, 8, 9 ]
    }, {
      "vertices" : [ 0, 3, 7 ]
    }, {
      "vertices" : [ 1, 8, 2 ]
    }, {
      "vertices" : [ 4, 6, 9 ]
    }, {
      "vertices" : [ 4, 9, 10 ]
    }, {
      "vertices" : [ 3, 4, 7 ]
    }, {
      "vertices" : [ 2, 6, 4 ]
    }, {
      "vertices" : [ 2, 4, 3 ]
    } ]
  }, {
    "id" : "9a757a4d-6212-4ca3-a5f3-07ff2182ffc8",
    "vertices" : [ {
      "x" : 1.0,
      "y" : 0.309017,
      "z" : 0.19098301
    }, {
      "x" : 1.0,
      "y" : -0.309017,
      "z" : 0.19098301
    }, {
      "x" : 7.472136,
      "y" : -0.309017,
      "z" : 0.19098301
    }, {
      "x" : 7.472136,
      "y" : 0.309017,
      "z" : 0.19098301
    }, {
      "x" : 7.472136,
      "y" : -0.309017,
      "z" : -0.19098301
    }, {
      "x" : 7.472136,
      "y" : 0.309017,
      "z" : -0.19098301
    }, {
      "x" : 8.09017,
      "y" : 0.0,
      "z" : 0.0
    }, {
      "x" : 0.38196602,
      "y" : 0.0,
      "z" : 0.0
    }, {
      "x" : 1.0,
      "y" : 0.309017,
      "z" : -0.19098301
    }, {
      "x" : 1.0,
      "y" : -0.309017,
      "z" : -0.19098301
    }, {
      "x" : 8.472136,
      "y" : 0.0,
      "z" : 0.0
    } ],
    "faces" : [ {
      "vertices" : [ 1, 9, 4 ]
    }, {
      "vertices" : [ 1, 4, 2 ]
    }, {
      "vertices" : [ 0, 3, 5 ]
    }, {
      "vertices" : [ 0, 5, 8 ]
    }, {
      "vertices" : [ 1, 7, 9 ]
    }, {
      "vertices" : [ 0, 1, 2 ]
    }, {
      "vertices" : [ 0, 2, 3 ]
    }, {
      "vertices" : [ 7, 8, 9 ]
    }, {
      "vertices" : [ 0, 7, 1 ]
    }, {
      "vertices" : [ 4, 9, 8 ]
    }, {
      "vertices" : [ 4, 8, 5 ]
    }, {
      "vertices" : [ 2, 6, 3 ]
    }, {
      "vertices" : [ 2, 4, 6 ]
    }, {
      "vertices" : [ 3, 6, 5 ]
    }, {
      "vertices" : [ 4, 5, 6 ]
    }, {
      "vertices" : [ 0, 8, 7 ]
    } ]
  }, {
    "id" : "4199770c-34c4-4a52-b3dd-13f81da094e2",
    "vertices" : [ {
      "x" : 4.236068,
      "y" : -1.618034,
      "z" : 11.09017
    }, {
      "x" : 6.854102,
      "y" : 4.36339,
      "z" : 8.8054695
    }, {
      "x" : 11.09017,
      "y" : -4.236068,
      "z" : 1.618034
    } ],
    "faces" : [ {
      "vertices" : [ 0, 1, 2 ]
    }, {
      "vertices" : [ 0, 2, 1 ]
    } ]
  }, {
    "id" : "a3d7db86-1622-4e4b-87bc-95e6b1f9149f",
    "vertices" : [ {
      "x" : 11.09017,
      "y" : -4.236068,
      "z" : 1.618034
    }, {
      "x" : 6.854102,
      "y" : 4.36339,
      "z" : 8.8054695
    }, {
      "x" : 9.472136,
      "y" : 6.854102,
      "z" : -2.618034
    } ],
    "faces" : [ {
      "vertices" : [ 0, 1, 2 ]
    }, {
      "vertices" : [ 0, 2, 1 ]
    } ]
  }, {
    "id" : "b57a7783-2ba7-4a6d-afdd-1377d680fb55",
    "vertices" : [ {
      "x" : 11.09017,
      "y" : -4.236068,
      "z" : 1.618034
    }, {
      "x" : 9.472136,
      "y" : 6.854102,
      "z" : -2.618034
    }, {
      "x" : 6.854102,
      "y" : -2.618034,
      "z" : -9.472136
    } ],
    "faces" : [ {
      "vertices" : [ 0, 1, 2 ]
    }, {
      "vertices" : [ 0, 2, 1 ]
    } ]
  }, {
    "id" : "e4931571-2c00-464f-a1f9-e9d0a1483eff",
    "vertices" : [ {
      "x" : 6.3801556,
      "y" : 3.8586655,
      "z" : 8.491727
    }, {
      "x" : 6.2801557,
      "y" : 4.2586656,
      "z" : 8.3917265
    }, {
      "x" : 0.4739463,
      "y" : 0.5047246,
      "z" : 0.31374237
    }, {
      "x" : 0.5739463,
      "y" : 0.10472462,
      "z" : 0.41374236
    }, {
      "x" : 6.580156,
      "y" : 4.391999,
      "z" : 8.158394
    }, {
      "x" : 6.6801558,
      "y" : 3.9919987,
      "z" : 8.258393
    }, {
      "x" : 0.2739463,
      "y" : -0.028608711,
      "z" : 0.6470757
    }, {
      "x" : 0.17394629,
      "y" : 0.3713913,
      "z" : 0.5470757
    } ],
    "faces" : [ {
      "vertices" : [ 2, 3, 6 ]
    }, {
      "vertices" : [ 2, 6, 7 ]
    }, {
      "vertices" : [ 0, 5, 4 ]
    }, {
      "vertices" : [ 0, 4, 1 ]
    }, {
      "vertices" : [ 2, 4, 5 ]
    }, {
      "vertices" : [ 2, 5, 3 ]
    }, {
      "vertices" : [ 0, 6, 3 ]
    }, {
      "vertices" : [ 0, 3, 5 ]
    }, {
      "vertices" : [ 0, 1, 7 ]
    }, {
      "vertices" : [ 0, 7, 6 ]
    }, {
      "vertices" : [ 1, 4, 2 ]
    }, {
      "vertices" : [ 1, 2, 7 ]
    } ]
  }, {
    "id" : "a17a9e00-cbdc-45d0-b5d9-0c84bbb2be96",
    "vertices" : [ {
      "x" : 2.618034,
      "y" : 2.490712,
      "z" : -11.423503
    }, {
      "x" : -1.618034,
      "y" : 11.09017,
      "z" : -4.236068
    }, {
      "x" : -4.236068,
      "y" : 1.618034,
      "z" : -11.09017
    } ],
    "faces" : [ {
      "vertices" : [ 0, 1, 2 ]
    }, {
      "vertices" : [ 0, 2, 1 ]
    } ]
  }, {
    "id" : "15c31d02-d6df-447e-8be0-e2a3f4493f8e",
    "vertices" : [ {
      "x" : 6.854102,
      "y" : 4.36339,
      "z" : 8.8054695
    }, {
      "x" : 2.618034,
      "y" : 9.472136,
      "z" : 6.854102
    }, {
      "x" : 9.472136,
      "y" : 6.854102,
      "z" : -2.618034
    } ],
    "faces" : [ {
      "vertices" : [ 0, 1, 2 ]
    }, {
      "vertices" : [ 0, 2, 1 ]
    } ]
  }, {
    "id" : "6ca50742-5aad-4fb4-ba81-0ac487e86670",
    "vertices" : [ {
      "x" : 1.618034,
      "y" : -11.09017,
      "z" : 4.236068
    }, {
      "x" : 4.236068,
      "y" : -1.618034,
      "z" : 11.09017
    }, {
      "x" : 11.09017,
      "y" : -4.236068,
      "z" : 1.618034
    } ],
    "faces" : [ {
      "vertices" : [ 0, 1, 2 ]
    }, {
      "vertices" : [ 0, 2, 1 ]
    } ]
  }, {
    "id" : "61465cca-18c4-45da-aa12-7b8fa472dda2",
    "vertices" : [ {
      "x" : -6.854102,
      "y" : 2.618034,
      "z" : 9.472136
    }, {
      "x" : -2.618034,
      "y" : -2.490712,
      "z" : 11.423503
    }, {
      "x" : -9.472136,
      "y" : -6.854102,
      "z" : 2.618034
    } ],
    "faces" : [ {
      "vertices" : [ 0, 1, 2 ]
    }, {
      "vertices" : [ 0, 2, 1 ]
    } ]
  }, {
    "id" : "7205243f-5b06-4268-8ad1-b9a2e7ad2d1e",
    "vertices" : [ {
      "x" : -6.854102,
      "y" : -4.36339,
      "z" : -8.8054695
    }, {
      "x" : -9.472136,
      "y" : -6.854102,
      "z" : 2.618034
    }, {
      "x" : -2.618034,
      "y" : -9.472136,
      "z" : -6.854102
    } ],
    "faces" : [ {
      "vertices" : [ 0, 1, 2 ]
    }, {
      "vertices" : [ 0, 2, 1 ]
    } ]
  }, {
    "id" : "2bad1148-4174-4059-9c41-e0f91c8a21e3",
    "vertices" : [ {
      "x" : -9.472136,
      "y" : -6.854102,
      "z" : 2.618034
    }, {
      "x" : 1.618034,
      "y" : -11.09017,
      "z" : 4.236068
    }, {
      "x" : -2.618034,
      "y" : -9.472136,
      "z" : -6.854102
    } ],
    "faces" : [ {
      "vertices" : [ 0, 1, 2 ]
    }, {
      "vertices" : [ 0, 2, 1 ]
    } ]
  }, {
    "id" : "0ea99b06-f707-4114-9683-a0fc41f0c784",
    "vertices" : [ {
      "x" : -2.618034,
      "y" : -2.490712,
      "z" : 11.423503
    }, {
      "x" : 4.236068,
      "y" : -1.618034,
      "z" : 11.09017
    }, {
      "x" : 1.618034,
      "y" : -11.09017,
      "z" : 4.236068
    } ],
    "faces" : [ {
      "vertices" : [ 0, 1, 2 ]
    }, {
      "vertices" : [ 0, 2, 1 ]
    } ]
  }, {
    "id" : "398373d8-ebbe-4837-bac8-618bbaff98ad",
    "vertices" : [ {
      "x" : 1.618034,
      "y" : -11.09017,
      "z" : 4.236068
    }, {
      "x" : 11.09017,
      "y" : -4.236068,
      "z" : 1.618034
    }, {
      "x" : 4.236068,
      "y" : -8.599458,
      "z" : -7.187435
    } ],
    "faces" : [ {
      "vertices" : [ 0, 1, 2 ]
    }, {
      "vertices" : [ 0, 2, 1 ]
    } ]
  }, {
    "id" : "986763b4-a5b2-4b7d-aa94-7da2ccadcc79",
    "vertices" : [ {
      "x" : -1.618034,
      "y" : 11.09017,
      "z" : -4.236068
    }, {
      "x" : -11.09017,
      "y" : 4.236068,
      "z" : -1.618034
    }, {
      "x" : -4.236068,
      "y" : 1.618034,
      "z" : -11.09017
    } ],
    "faces" : [ {
      "vertices" : [ 0, 1, 2 ]
    }, {
      "vertices" : [ 0, 2, 1 ]
    } ]
  }, {
    "id" : "a332e948-7753-4418-9740-6d865787853f",
    "vertices" : [ {
      "x" : -9.472136,
      "y" : -6.854102,
      "z" : 2.618034
    }, {
      "x" : -2.618034,
      "y" : -2.490712,
      "z" : 11.423503
    }, {
      "x" : 1.618034,
      "y" : -11.09017,
      "z" : 4.236068
    } ],
    "faces" : [ {
      "vertices" : [ 0, 1, 2 ]
    }, {
      "vertices" : [ 0, 2, 1 ]
    } ]
  }, {
    "id" : "be0521a2-d6c8-4863-89eb-898d0ab570ae",
    "vertices" : [ {
      "x" : -4.236068,
      "y" : 8.599458,
      "z" : 7.187435
    }, {
      "x" : -6.854102,
      "y" : 2.618034,
      "z" : 9.472136
    }, {
      "x" : -11.09017,
      "y" : 4.236068,
      "z" : -1.618034
    } ],
    "faces" : [ {
      "vertices" : [ 0, 1, 2 ]
    }, {
      "vertices" : [ 0, 2, 1 ]
    } ]
  }, {
    "id" : "0fa6d0c1-06aa-4161-aae2-b4a6d50af7e7",
    "vertices" : [ {
      "x" : 4.236068,
      "y" : -8.599458,
      "z" : -7.187435
    }, {
      "x" : 11.09017,
      "y" : -4.236068,
      "z" : 1.618034
    }, {
      "x" : 6.854102,
      "y" : -2.618034,
      "z" : -9.472136
    } ],
    "faces" : [ {
      "vertices" : [ 0, 1, 2 ]
    }, {
      "vertices" : [ 0, 2, 1 ]
    } ]
  }, {
    "id" : "69b0e314-1ead-4327-8579-f8db51283bc0",
    "vertices" : [ {
      "x" : -11.09017,
      "y" : 4.236068,
      "z" : -1.618034
    }, {
      "x" : -6.854102,
      "y" : 2.618034,
      "z" : 9.472136
    }, {
      "x" : -9.472136,
      "y" : -6.854102,
      "z" : 2.618034
    } ],
    "faces" : [ {
      "vertices" : [ 0, 1, 2 ]
    }, {
      "vertices" : [ 0, 2, 1 ]
    } ]
  }, {
    "id" : "9c6d4ba3-5bae-4da8-9817-6e2db0e6b69f",
    "vertices" : [ {
      "x" : -1.618034,
      "y" : 11.09017,
      "z" : -4.236068
    }, {
      "x" : -4.236068,
      "y" : 8.599458,
      "z" : 7.187435
    }, {
      "x" : -11.09017,
      "y" : 4.236068,
      "z" : -1.618034
    } ],
    "faces" : [ {
      "vertices" : [ 0, 1, 2 ]
    }, {
      "vertices" : [ 0, 2, 1 ]
    } ]
  }, {
    "id" : "4fb51568-56e0-4384-aee0-a72bcdfbdd22",
    "vertices" : [ {
      "x" : 9.472136,
      "y" : 6.854102,
      "z" : -2.618034
    }, {
      "x" : -1.618034,
      "y" : 11.09017,
      "z" : -4.236068
    }, {
      "x" : 2.618034,
      "y" : 2.490712,
      "z" : -11.423503
    } ],
    "faces" : [ {
      "vertices" : [ 0, 1, 2 ]
    }, {
      "vertices" : [ 0, 2, 1 ]
    } ]
  }, {
    "id" : "d7fb52fa-b2cc-45af-a725-a86e5c3b47b2",
    "vertices" : [ {
      "x" : -11.09017,
      "y" : 4.236068,
      "z" : -1.618034
    }, {
      "x" : -9.472136,
      "y" : -6.854102,
      "z" : 2.618034
    }, {
      "x" : -6.854102,
      "y" : -4.36339,
      "z" : -8.8054695
    } ],
    "faces" : [ {
      "vertices" : [ 0, 1, 2 ]
    }, {
      "vertices" : [ 0, 2, 1 ]
    } ]
  }, {
    "id" : "f5a46f71-63a5-48b5-9abe-1b6a49dcf9be",
    "vertices" : [ {
      "x" : 9.472136,
      "y" : 6.854102,
      "z" : -2.618034
    }, {
      "x" : 2.618034,
      "y" : 9.472136,
      "z" : 6.854102
    }, {
      "x" : -1.618034,
      "y" : 11.09017,
      "z" : -4.236068
    } ],
    "faces" : [ {
      "vertices" : [ 0, 1, 2 ]
    }, {
      "vertices" : [ 0, 2, 1 ]
    } ]
  }, {
    "id" : "2b536f39-68ed-4264-97e0-dfa9bf9b8407",
    "vertices" : [ {
      "x" : 9.472136,
      "y" : 6.854102,
      "z" : -2.618034
    }, {
      "x" : 2.618034,
      "y" : 2.490712,
      "z" : -11.423503
    }, {
      "x" : 6.854102,
      "y" : -2.618034,
      "z" : -9.472136
    } ],
    "faces" : [ {
      "vertices" : [ 0, 1, 2 ]
    }, {
      "vertices" : [ 0, 2, 1 ]
    } ]
  }, {
    "id" : "39c03f89-8827-46fb-8fb3-6ec3bd1d2976",
    "vertices" : [ {
      "x" : 2.618034,
      "y" : 9.472136,
      "z" : 6.854102
    }, {
      "x" : -4.236068,
      "y" : 8.599458,
      "z" : 7.187435
    }, {
      "x" : -1.618034,
      "y" : 11.09017,
      "z" : -4.236068
    } ],
    "faces" : [ {
      "vertices" : [ 0, 1, 2 ]
    }, {
      "vertices" : [ 0, 2, 1 ]
    } ]
  } ],
  "instances" : [ {
    "shape" : "305df332-dde7-4ad6-be2f-83fb286e483b",
    "color" : "#FFFFFF",
    "position" : {
      "x" : -1.618034,
      "y" : 9.344814,
      "z" : -8.8054695
    }
  }, {
    "shape" : "cdc979b6-6840-4eb3-958c-6fbedb06fea3",
    "color" : "#FFFFFF",
    "position" : {
      "x" : 8.472136,
      "y" : -10.217492,
      "z" : 3.9027348
    },
    "orientation" : 54
  }, {
    "shape" : "305df332-dde7-4ad6-be2f-83fb286e483b",
    "color" : "#FFFFFF",
    "position" : {
      "x" : -9.472136,
      "y" : -5.108746,
      "z" : 7.187435
    }
  }, {
    "shape" : "9d336e49-8c28-4c4e-8469-49f6a03072de",
    "color" : "#008D36",
    "position" : {
      "x" : 2.618034,
      "y" : 9.472136,
      "z" : 6.854102
    },
    "orientation" : 26
  }, {
    "shape" : "47ef8dcd-698a-4aee-82aa-4e13a8089cd4",
    "color" : "#6B351A",
    "position" : {
      "x" : -6.854102,
      "y" : 2.618034,
      "z" : 9.472136
    },
    "orientation" : 11
  }, {
    "shape" : "9a757a4d-6212-4ca3-a5f3-07ff2182ffc8",
    "color" : "#007695",
    "position" : {
      "x" : 9.472136,
      "y" : 5.108746,
      "z" : -7.187435
    },
    "orientation" : 53
  }, {
    "shape" : "305df332-dde7-4ad6-be2f-83fb286e483b",
    "color" : "#FFFFFF",
    "position" : {
      "x" : 8.472136,
      "y" : -10.217492,
      "z" : 3.9027348
    }
  }, {
    "shape" : "4199770c-34c4-4a52-b3dd-13f81da094e2",
    "color" : "#88E6C9",
    "position" : {
      "x" : 0.0,
      "y" : 0.0,
      "z" : 0.0
    }
  }, {
    "shape" : "cdc979b6-6840-4eb3-958c-6fbedb06fea3",
    "color" : "#FFFFFF",
    "position" : {
      "x" : -11.09017,
      "y" : 2.490712,
      "z" : -6.187435
    },
    "orientation" : 0
  }, {
    "shape" : "9a757a4d-6212-4ca3-a5f3-07ff2182ffc8",
    "color" : "#007695",
    "position" : {
      "x" : -8.472136,
      "y" : 10.217492,
      "z" : -3.9027348
    },
    "orientation" : 40
  }, {
    "shape" : "47ef8dcd-698a-4aee-82aa-4e13a8089cd4",
    "color" : "#6B351A",
    "position" : {
      "x" : 4.236068,
      "y" : -1.618034,
      "z" : 11.09017
    },
    "orientation" : 4
  }, {
    "shape" : "a3d7db86-1622-4e4b-87bc-95e6b1f9149f",
    "color" : "#FFFFFF",
    "position" : {
      "x" : 0.0,
      "y" : 0.0,
      "z" : 0.0
    }
  }, {
    "shape" : "b57a7783-2ba7-4a6d-afdd-1377d680fb55",
    "color" : "#F7CF7F",
    "position" : {
      "x" : 0.0,
      "y" : 0.0,
      "z" : 0.0
    }
  }, {
    "shape" : "305df332-dde7-4ad6-be2f-83fb286e483b",
    "color" : "#FFFFFF",
    "position" : {
      "x" : -1.618034,
      "y" : 11.09017,
      "z" : -4.236068
    }
  }, {
    "shape" : "305df332-dde7-4ad6-be2f-83fb286e483b",
    "color" : "#FFFFFF",
    "position" : {
      "x" : 1.618034,
      "y" : -9.344814,
      "z" : 8.8054695
    }
  }, {
    "shape" : "e4931571-2c00-464f-a1f9-e9d0a1483eff",
    "color" : "#FFFFFF",
    "position" : {
      "x" : -6.854102,
      "y" : -4.36339,
      "z" : -8.8054695
    },
    "orientation" : 54
  }, {
    "shape" : "305df332-dde7-4ad6-be2f-83fb286e483b",
    "color" : "#FFFFFF",
    "position" : {
      "x" : 11.09017,
      "y" : -2.490712,
      "z" : 6.187435
    }
  }, {
    "shape" : "9a757a4d-6212-4ca3-a5f3-07ff2182ffc8",
    "color" : "#007695",
    "position" : {
      "x" : -11.09017,
      "y" : 2.490712,
      "z" : -6.187435
    },
    "orientation" : 24
  }, {
    "shape" : "cdc979b6-6840-4eb3-958c-6fbedb06fea3",
    "color" : "#FFFFFF",
    "position" : {
      "x" : 1.618034,
      "y" : -12.8355255,
      "z" : -0.33333334
    },
    "orientation" : 54
  }, {
    "shape" : "a17a9e00-cbdc-45d0-b5d9-0c84bbb2be96",
    "color" : "#88E6C9",
    "position" : {
      "x" : 0.0,
      "y" : 0.0,
      "z" : 0.0
    }
  }, {
    "shape" : "cdc979b6-6840-4eb3-958c-6fbedb06fea3",
    "color" : "#FFFFFF",
    "position" : {
      "x" : -2.618034,
      "y" : -9.472136,
      "z" : -6.854102
    },
    "orientation" : 54
  }, {
    "shape" : "47ef8dcd-698a-4aee-82aa-4e13a8089cd4",
    "color" : "#6B351A",
    "position" : {
      "x" : 4.236068,
      "y" : -8.599458,
      "z" : -7.187435
    },
    "orientation" : 4
  }, {
    "shape" : "cdc979b6-6840-4eb3-958c-6fbedb06fea3",
    "color" : "#FFFFFF",
    "position" : {
      "x" : 5.236068,
      "y" : 11.962848,
      "z" : -4.5694013
    },
    "orientation" : 54
  }, {
    "shape" : "9a757a4d-6212-4ca3-a5f3-07ff2182ffc8",
    "color" : "#007695",
    "position" : {
      "x" : -11.09017,
      "y" : 2.490712,
      "z" : -6.187435
    },
    "orientation" : 40
  }, {
    "shape" : "cdc979b6-6840-4eb3-958c-6fbedb06fea3",
    "color" : "#FFFFFF",
    "position" : {
      "x" : 5.236068,
      "y" : 11.962848,
      "z" : -4.5694013
    },
    "orientation" : 43
  }, {
    "shape" : "305df332-dde7-4ad6-be2f-83fb286e483b",
    "color" : "#FFFFFF",
    "position" : {
      "x" : -4.236068,
      "y" : 8.599458,
      "z" : 7.187435
    }
  }, {
    "shape" : "cdc979b6-6840-4eb3-958c-6fbedb06fea3",
    "color" : "#FFFFFF",
    "position" : {
      "x" : 6.854102,
      "y" : -2.618034,
      "z" : -9.472136
    },
    "orientation" : 43
  }, {
    "shape" : "9a757a4d-6212-4ca3-a5f3-07ff2182ffc8",
    "color" : "#007695",
    "position" : {
      "x" : -9.472136,
      "y" : -5.108746,
      "z" : 7.187435
    },
    "orientation" : 11
  }, {
    "shape" : "15c31d02-d6df-447e-8be0-e2a3f4493f8e",
    "color" : "#88E6C9",
    "position" : {
      "x" : 0.0,
      "y" : 0.0,
      "z" : 0.0
    }
  }, {
    "shape" : "e4931571-2c00-464f-a1f9-e9d0a1483eff",
    "color" : "#FFFFFF",
    "position" : {
      "x" : 0.0,
      "y" : 0.0,
      "z" : 0.0
    },
    "orientation" : 0
  }, {
    "shape" : "47ef8dcd-698a-4aee-82aa-4e13a8089cd4",
    "color" : "#6B351A",
    "position" : {
      "x" : 4.236068,
      "y" : -1.618034,
      "z" : 11.09017
    },
    "orientation" : 44
  }, {
    "shape" : "6ca50742-5aad-4fb4-ba81-0ac487e86670",
    "color" : "#F7CF7F",
    "position" : {
      "x" : 0.0,
      "y" : 0.0,
      "z" : 0.0
    }
  }, {
    "shape" : "9d336e49-8c28-4c4e-8469-49f6a03072de",
    "color" : "#008D36",
    "position" : {
      "x" : -4.236068,
      "y" : 1.618034,
      "z" : -11.09017
    },
    "orientation" : 35
  }, {
    "shape" : "9d336e49-8c28-4c4e-8469-49f6a03072de",
    "color" : "#008D36",
    "position" : {
      "x" : 0.0,
      "y" : 0.0,
      "z" : 0.0
    },
    "orientation" : 15
  }, {
    "shape" : "9d336e49-8c28-4c4e-8469-49f6a03072de",
    "color" : "#008D36",
    "position" : {
      "x" : 0.0,
      "y" : 0.0,
      "z" : 0.0
    },
    "orientation" : 39
  }, {
    "shape" : "305df332-dde7-4ad6-be2f-83fb286e483b",
    "color" : "#FFFFFF",
    "position" : {
      "x" : 0.0,
      "y" : -5.236068,
      "z" : -13.708204
    }
  }, {
    "shape" : "305df332-dde7-4ad6-be2f-83fb286e483b",
    "color" : "#FFFFFF",
    "position" : {
      "x" : -8.472136,
      "y" : 10.217492,
      "z" : -3.9027348
    }
  }, {
    "shape" : "cdc979b6-6840-4eb3-958c-6fbedb06fea3",
    "color" : "#FFFFFF",
    "position" : {
      "x" : -4.236068,
      "y" : 1.618034,
      "z" : -11.09017
    },
    "orientation" : 0
  }, {
    "shape" : "9d336e49-8c28-4c4e-8469-49f6a03072de",
    "color" : "#008D36",
    "position" : {
      "x" : -1.618034,
      "y" : 11.09017,
      "z" : -4.236068
    },
    "orientation" : 19
  }, {
    "shape" : "9d336e49-8c28-4c4e-8469-49f6a03072de",
    "color" : "#008D36",
    "position" : {
      "x" : -11.09017,
      "y" : 4.236068,
      "z" : -1.618034
    },
    "orientation" : 31
  }, {
    "shape" : "9d336e49-8c28-4c4e-8469-49f6a03072de",
    "color" : "#008D36",
    "position" : {
      "x" : -2.618034,
      "y" : -9.472136,
      "z" : -6.854102
    },
    "orientation" : 2
  }, {
    "shape" : "305df332-dde7-4ad6-be2f-83fb286e483b",
    "color" : "#FFFFFF",
    "position" : {
      "x" : 5.236068,
      "y" : 11.962848,
      "z" : -4.5694013
    }
  }, {
    "shape" : "9a757a4d-6212-4ca3-a5f3-07ff2182ffc8",
    "color" : "#007695",
    "position" : {
      "x" : 2.618034,
      "y" : 2.490712,
      "z" : -11.423503
    },
    "orientation" : 51
  }, {
    "shape" : "61465cca-18c4-45da-aa12-7b8fa472dda2",
    "color" : "#88E6C9",
    "position" : {
      "x" : 0.0,
      "y" : 0.0,
      "z" : 0.0
    }
  }, {
    "shape" : "305df332-dde7-4ad6-be2f-83fb286e483b",
    "color" : "#FFFFFF",
    "position" : {
      "x" : -4.236068,
      "y" : 1.618034,
      "z" : -11.09017
    }
  }, {
    "shape" : "9d336e49-8c28-4c4e-8469-49f6a03072de",
    "color" : "#008D36",
    "position" : {
      "x" : -1.618034,
      "y" : 11.09017,
      "z" : -4.236068
    },
    "orientation" : 2
  }, {
    "shape" : "9d336e49-8c28-4c4e-8469-49f6a03072de",
    "color" : "#008D36",
    "position" : {
      "x" : 11.09017,
      "y" : -4.236068,
      "z" : 1.618034
    },
    "orientation" : 59
  }, {
    "shape" : "7205243f-5b06-4268-8ad1-b9a2e7ad2d1e",
    "color" : "#88E6C9",
    "position" : {
      "x" : 0.0,
      "y" : 0.0,
      "z" : 0.0
    }
  }, {
    "shape" : "305df332-dde7-4ad6-be2f-83fb286e483b",
    "color" : "#FFFFFF",
    "position" : {
      "x" : -2.618034,
      "y" : -9.472136,
      "z" : -6.854102
    }
  }, {
    "shape" : "9d336e49-8c28-4c4e-8469-49f6a03072de",
    "color" : "#008D36",
    "position" : {
      "x" : -6.854102,
      "y" : 2.618034,
      "z" : 9.472136
    },
    "orientation" : 59
  }, {
    "shape" : "305df332-dde7-4ad6-be2f-83fb286e483b",
    "color" : "#FFFFFF",
    "position" : {
      "x" : -2.618034,
      "y" : -2.490712,
      "z" : 11.423503
    }
  }, {
    "shape" : "cdc979b6-6840-4eb3-958c-6fbedb06fea3",
    "color" : "#FFFFFF",
    "position" : {
      "x" : 11.09017,
      "y" : -5.981424,
      "z" : -2.9513674
    },
    "orientation" : 0
  }, {
    "shape" : "9a757a4d-6212-4ca3-a5f3-07ff2182ffc8",
    "color" : "#007695",
    "position" : {
      "x" : -5.236068,
      "y" : -11.962848,
      "z" : 4.5694013
    },
    "orientation" : 11
  }, {
    "shape" : "9d336e49-8c28-4c4e-8469-49f6a03072de",
    "color" : "#008D36",
    "position" : {
      "x" : 0.0,
      "y" : 0.0,
      "z" : 0.0
    },
    "orientation" : 2
  }, {
    "shape" : "305df332-dde7-4ad6-be2f-83fb286e483b",
    "color" : "#FFFFFF",
    "position" : {
      "x" : 0.0,
      "y" : 5.236068,
      "z" : 13.708204
    }
  }, {
    "shape" : "9d336e49-8c28-4c4e-8469-49f6a03072de",
    "color" : "#008D36",
    "position" : {
      "x" : 11.09017,
      "y" : -4.236068,
      "z" : 1.618034
    },
    "orientation" : 35
  }, {
    "shape" : "9d336e49-8c28-4c4e-8469-49f6a03072de",
    "color" : "#008D36",
    "position" : {
      "x" : 1.618034,
      "y" : -11.09017,
      "z" : 4.236068
    },
    "orientation" : 3
  }, {
    "shape" : "9d336e49-8c28-4c4e-8469-49f6a03072de",
    "color" : "#008D36",
    "position" : {
      "x" : 4.236068,
      "y" : -1.618034,
      "z" : 11.09017
    },
    "orientation" : 19
  }, {
    "shape" : "9d336e49-8c28-4c4e-8469-49f6a03072de",
    "color" : "#008D36",
    "position" : {
      "x" : 9.472136,
      "y" : 6.854102,
      "z" : -2.618034
    },
    "orientation" : 57
  }, {
    "shape" : "e4931571-2c00-464f-a1f9-e9d0a1483eff",
    "color" : "#FFFFFF",
    "position" : {
      "x" : 2.618034,
      "y" : 2.490712,
      "z" : -11.423503
    },
    "orientation" : 43
  }, {
    "shape" : "305df332-dde7-4ad6-be2f-83fb286e483b",
    "color" : "#FFFFFF",
    "position" : {
      "x" : 2.618034,
      "y" : 2.490712,
      "z" : -11.423503
    }
  }, {
    "shape" : "9a757a4d-6212-4ca3-a5f3-07ff2182ffc8",
    "color" : "#007695",
    "position" : {
      "x" : 1.618034,
      "y" : -12.8355255,
      "z" : -0.33333334
    },
    "orientation" : 52
  }, {
    "shape" : "9a757a4d-6212-4ca3-a5f3-07ff2182ffc8",
    "color" : "#007695",
    "position" : {
      "x" : -9.472136,
      "y" : -5.108746,
      "z" : 7.187435
    },
    "orientation" : 24
  }, {
    "shape" : "2bad1148-4174-4059-9c41-e0f91c8a21e3",
    "color" : "#F7CF7F",
    "position" : {
      "x" : 0.0,
      "y" : 0.0,
      "z" : 0.0
    }
  }, {
    "shape" : "cdc979b6-6840-4eb3-958c-6fbedb06fea3",
    "color" : "#FFFFFF",
    "position" : {
      "x" : -4.236068,
      "y" : 8.599458,
      "z" : 7.187435
    },
    "orientation" : 43
  }, {
    "shape" : "305df332-dde7-4ad6-be2f-83fb286e483b",
    "color" : "#FFFFFF",
    "position" : {
      "x" : 11.09017,
      "y" : -4.236068,
      "z" : 1.618034
    }
  }, {
    "shape" : "9d336e49-8c28-4c4e-8469-49f6a03072de",
    "color" : "#008D36",
    "position" : {
      "x" : 0.0,
      "y" : 0.0,
      "z" : 0.0
    },
    "orientation" : 26
  }, {
    "shape" : "305df332-dde7-4ad6-be2f-83fb286e483b",
    "color" : "#FFFFFF",
    "position" : {
      "x" : 11.09017,
      "y" : -5.981424,
      "z" : -2.9513674
    }
  }, {
    "shape" : "e4931571-2c00-464f-a1f9-e9d0a1483eff",
    "color" : "#FFFFFF",
    "position" : {
