{
  "field" : "golden",
  "symmetry" : "icosahedral",
  "orientations" : [ [ 1.0, 0.0, 0.0, 0.0, 0.0, 1.0, 0.0, 0.0, 0.0, 0.0, 1.0, 0.0, 0.0, 0.0, 0.0, 1.0 ], [ 0.0, 0.0, 1.0, 0.0, 1.0, 0.0, 0.0, 0.0, 0.0, 1.0, 0.0, 0.0, 0.0, 0.0, 0.0, 1.0 ], [ 0.0, 1.0, 0.0, 0.0, 0.0, 0.0, 1.0, 0.0, 1.0, 0.0, 0.0, 0.0, 0.0, 0.0, 0.0, 1.0 ], [ 0.809017, 0.309017, 0.5, 0.0, 0.309017, 0.5, -0.809017, 0.0, -0.5, 0.809017, 0.309017, 0.0, 0.0, 0.0, 0.0, 1.0 ], [ -0.5, 0.809017, 0.309017, 0.0, 0.809017, 0.309017, 0.5, 0.0, 0.309017, 0.5, -0.809017, 0.0, 0.0, 0.0, 0.0, 1.0 ], [ 0.309017, 0.5, -0.809017, 0.0, -0.5, 0.809017, 0.309017, 0.0, 0.809017, 0.309017, 0.5, 0.0, 0.0, 0.0, 0.0, 1.0 ], [ 0.5, 0.809017, 0.309017, 0.0, 0.809017, -0.309017, -0.5, 0.0, -0.309017, 0.5, -0.809017, 0.0, 0.0, 0.0, 0.0, 1.0 ], [ -0.309017, 0.5, -0.809017, 0.0, 0.5, 0.809017, 0.309017, 0.0, 0.809017, -0.309017, -0.5, 0.0, 0.0, 0.0, 0.0, 1.0 ], [ 0.809017, -0.309017, -0.5, 0.0, -0.309017, 0.5, -0.809017, 0.0, 0.5, 0.809017, 0.309017, 0.0, 0.0, 0.0, 0.0, 1.0 ], [ 0.5, 0.809017, -0.309017, 0.0, 0.809017, -0.309017, 0.5, 0.0, 0.309017, -0.5, -0.809017, 0.0, 0.0, 0.0, 0.0, 1.0 ], [ 0.309017, -0.5, -0.809017, 0.0, 0.5, 0.809017, -0.309017, 0.0, 0.809017, -0.309017, 0.5, 0.0, 0.0, 0.0, 0.0, 1.0 ], [ 0.809017, -0.309017, 0.5, 0.0, 0.309017, -0.5, -0.809017, 0.0, 0.5, 0.809017, -0.309017, 0.0, 0.0, 0.0, 0.0, 1.0 ], [ 0.809017, 0.309017, -0.5, 0.0, 0.309017, 0.5, 0.809017, 0.0, 0.5, -0.809017, 0.309017, 0.0, 0.0, 0.0, 0.0, 1.0 ], [ 0.5, -0.809017, 0.309017, 0.0, 0.809017, 0.309017, -0.5, 0.0, 0.309017, 0.5, 0.809017, 0.0, 0.0, 0.0, 0.0, 1.0 ], [ 0.309017, 0.5, 0.809017, 0.0, 0.5, -0.809017, 0.309017, 0.0, 0.809017, 0.309017, -0.5, 0.0, 0.0, 0.0, 0.0, 1.0 ], [ 1.0, 0.0, 0.0, 0.0, 0.0, -1.0, 0.0, 0.0, 0.0, 0.0, -1.0, 0.0, 0.0, 0.0, 0.0, 1.0 ], [ 0.0, 0.0, 1.0, 0.0, -1.0, 0.0, 0.0, 0.0, 0.0, -1.0, 0.0, 0.0, 0.0, 0.0, 0.0, 1.0 ], [ 0.0, 1.0, 0.0, 0.0, 0.0, 0.0, -1.0, 0.0, -1.0, 0.0, 0.0, 0.0, 0.0, 0.0, 0.0, 1.0 ], [ 0.809017, 0.309017, 0.5, 0.0, -0.309017, -0.5, 0.809017, 0.0, 0.5, -0.809017, -0.309017, 0.0, 0.0, 0.0, 0.0, 1.0 ], [ -0.5, 0.809017, 0.309017, 0.0, -0.809017, -0.309017, -0.5, 0.0, -0.309017, -0.5, 0.809017, 0.0, 0.0, 0.0, 0.0, 1.0 ], [ 0.309017, 0.5, -0.809017, 0.0, 0.5, -0.809017, -0.309017, 0.0, -0.809017, -0.309017, -0.5, 0.0, 0.0, 0.0, 0.0, 1.0 ], [ 0.5, 0.809017, 0.309017, 0.0, -0.809017, 0.309017, 0.5, 0.0, 0.309017, -0.5, 0.809017, 0.0, 0.0, 0.0, 0.0, 1.0 ], [ -0.309017, 0.5, -0.809017, 0.0, -0.5, -0.809017, -0.309017, 0.0, -0.809017, 0.309017, 0.5, 0.0, 0.0, 0.0, 0.0, 1.0 ], [ 0.809017, -0.309017, -0.5, 0.0, 0.309017, -0.5, 0.809017, 0.0, -0.5, -0.809017, -0.309017, 0.0, 0.0, 0.0, 0.0, 1.0 ], [ 0.5, 0.809017, -0.309017, 0.0, -0.809017, 0.309017, -0.5, 0.0, -0.309017, 0.5, 0.809017, 0.0, 0.0, 0.0, 0.0, 1.0 ], [ 0.309017, -0.5, -0.809017, 0.0, -0.5, -0.809017, 0.309017, 0.0, -0.809017, 0.309017, -0.5, 0.0, 0.0, 0.0, 0.0, 1.0 ], [ 0.809017, -0.309017, 0.5, 0.0, -0.309017, 0.5, 0.809017, 0.0, -0.5, -0.809017, 0.309017, 0.0, 0.0, 0.0, 0.0, 1.0 ], [ 0.809017, 0.309017, -0.5, 0.0, -0.309017, -0.5, -0.809017, 0.0, -0.5, 0.809017, -0.309017, 0.0, 0.0, 0.0, 0.0, 1.0 ], [ 0.5, -0.809017, 0.309017, 0.0, -0.809017, -0.309017, 0.5, 0.0, -0.309017, -0.5, -0.809017, 0.0, 0.0, 0.0, 0.0, 1.0 ], [ 0.309017, 0.5, 0.809017, 0.0, -0.5, 0.809017, -0.309017, 0.0, -0.809017, -0.309017, 0.5, 0.0, 0.0, 0.0, 0.0, 1.0 ], [ -1.0, 0.0, 0.0, 0.0, 0.0, -1.0, 0.0, 0.0, 0.0, 0.0, 1.0, 0.0, 0.0, 0.0, 0.0, 1.0 ], [ 0.0, 0.0, -1.0, 0.0, -1.0, 0.0, 0.0, 0.0, 0.0, 1.0, 0.0, 0.0, 0.0, 0.0, 0.0, 1.0 ], [ 0.0, -1.0, 0.0, 0.0, 0.0, 0.0, -1.0, 0.0, 1.0, 0.0, 0.0, 0.0, 0.0, 0.0, 0.0, 1.0 ], [ -0.809017, -0.309017, -0.5, 0.0, -0.309017, -0.5, 0.809017, 0.0, -0.5, 0.809017, 0.309017, 0.0, 0.0, 0.0, 0.0, 1.0 ], [ 0.5, -0.809017, -0.309017, 0.0, -0.809017, -0.309017, -0.5, 0.0, 0.309017, 0.5, -0.809017, 0.0, 0.0, 0.0, 0.0, 1.0 ], [ -0.309017, -0.5, 0.809017, 0.0, 0.5, -0.809017, -0.309017, 0.0, 0.809017, 0.309017, 0.5, 0.0, 0.0, 0.0, 0.0, 1.0 ], [ -0.5, -0.809017, -0.309017, 0.0, -0.809017, 0.309017, 0.5, 0.0, -0.309017, 0.5, -0.809017, 0.0, 0.0, 0.0, 0.0, 1.0 ], [ 0.309017, -0.5, 0.809017, 0.0, -0.5, -0.809017, -0.309017, 0.0, 0.809017, -0.309017, -0.5, 0.0, 0.0, 0.0, 0.0, 1.0 ], [ -0.809017, 0.309017, 0.5, 0.0, 0.309017, -0.5, 0.809017, 0.0, 0.5, 0.809017, 0.309017, 0.0, 0.0, 0.0, 0.0, 1.0 ], [ -0.5, -0.809017, 0.309017, 0.0, -0.809017, 0.309017, -0.5, 0.0, 0.309017, -0.5, -0.809017, 0.0, 0.0, 0.0, 0.0, 1.0 ], [ -0.309017, 0.5, 0.809017, 0.0, -0.5, -0.809017, 0.309017, 0.0, 0.809017, -0.309017, 0.5, 0.0, 0.0, 0.0, 0.0, 1.0 ], [ -0.809017, 0.309017, -0.5, 0.0, -0.309017, 0.5, 0.809017, 0.0, 0.5, 0.809017, -0.309017, 0.0, 0.0, 0.0, 0.0, 1.0 ], [ -0.809017, -0.309017, 0.5, 0.0, -0.309017, -0.5, -0.809017, 0.0, 0.5, -0.809017, 0.309017, 0.0, 0.0, 0.0, 0.0, 1.0 ], [ -0.5, 0.809017, -0.309017, 0.0, -0.809017, -0.309017, 0.5, 0.0, 0.309017, 0.5, 0.809017, 0.0, 0.0, 0.0, 0.0, 1.0 ], [ -0.309017, -0.5, -0.809017, 0.0, -0.5, 0.809017, -0.309017, 0.0, 0.809017, 0.309017, -0.5, 0.0, 0.0, 0.0, 0.0, 1.0 ], [ -1.0, 0.0, 0.0, 0.0, 0.0, 1.0, 0.0, 0.0, 0.0, 0.0, -1.0, 0.0, 0.0, 0.0, 0.0, 1.0 ], [ 0.0, 0.0, -1.0, 0.0, 1.0, 0.0, 0.0, 0.0, 0.0, -1.0, 0.0, 0.0, 0.0, 0.0, 0.0, 1.0 ], [ 0.0, -1.0, 0.0, 0.0, 0.0, 0.0, 1.0, 0.0, -1.0, 0.0, 0.0, 0.0, 0.0, 0.0, 0.0, 1.0 ], [ -0.809017, -0.309017, -0.5, 0.0, 0.309017, 0.5, -0.809017, 0.0, 0.5, -0.809017, -0.309017, 0.0, 0.0, 0.0, 0.0, 1.0 ], [ 0.5, -0.809017, -0.309017, 0.0, 0.809017, 0.309017, 0.5, 0.0, -0.309017, -0.5, 0.809017, 0.0, 0.0, 0.0, 0.0, 1.0 ], [ -0.309017, -0.5, 0.809017, 0.0, -0.5, 0.809017, 0.309017, 0.0, -0.809017, -0.309017, -0.5, 0.0, 0.0, 0.0, 0.0, 1.0 ], [ -0.5, -0.809017, -0.309017, 0.0, 0.809017, -0.309017, -0.5, 0.0, 0.309017, -0.5, 0.809017, 0.0, 0.0, 0.0, 0.0, 1.0 ], [ 0.309017, -0.5, 0.809017, 0.0, 0.5, 0.809017, 0.309017, 0.0, -0.809017, 0.309017, 0.5, 0.0, 0.0, 0.0, 0.0, 1.0 ], [ -0.809017, 0.309017, 0.5, 0.0, -0.309017, 0.5, -0.809017, 0.0, -0.5, -0.809017, -0.309017, 0.0, 0.0, 0.0, 0.0, 1.0 ], [ -0.5, -0.809017, 0.309017, 0.0, 0.809017, -0.309017, 0.5, 0.0, -0.309017, 0.5, 0.809017, 0.0, 0.0, 0.0, 0.0, 1.0 ], [ -0.309017, 0.5, 0.809017, 0.0, 0.5, 0.809017, -0.309017, 0.0, -0.809017, 0.309017, -0.5, 0.0, 0.0, 0.0, 0.0, 1.0 ], [ -0.809017, 0.309017, -0.5, 0.0, 0.309017, -0.5, -0.809017, 0.0, -0.5, -0.809017, 0.309017, 0.0, 0.0, 0.0, 0.0, 1.0 ], [ -0.809017, -0.309017, 0.5, 0.0, 0.309017, 0.5, 0.809017, 0.0, -0.5, 0.809017, -0.309017, 0.0, 0.0, 0.0, 0.0, 1.0 ], [ -0.5, 0.809017, -0.309017, 0.0, 0.809017, 0.309017, -0.5, 0.0, -0.309017, -0.5, -0.809017, 0.0, 0.0, 0.0, 0.0, 1.0 ], [ -0.309017, -0.5, -0.809017, 0.0, 0.5, -0.809017, 0.309017, 0.0, -0.809017, -0.309017, 0.5, 0.0, 0.0, 0.0, 0.0, 1.0 ] ],
  "lights" : {
    "ambientColor" : "#292929",
    "backgroundColor" : "#FFF9F9",
    "directionalLights" : [ {
      "direction" : {
        "x" : 1.0,
        "y" : -1.0,
        "z" : -1.0
      },
      "color" : "#EBEBE4"
    }, {
      "direction" : {
        "x" : -1.0,
        "y" : 0.0,
        "z" : 0.0
      },
      "color" : "#E4E4EB"
    }, {
      "direction" : {
        "x" : 0.0,
        "y" : 0.0,
        "z" : -1.0
      },
      "color" : "#1E1E1E"
    } ]
  },
  "camera" : {
    "width" : 67.38155,
    "stereo" : false,
    "perspective" : false,
    "viewDistance" : 149.73685,
    "nearClipDistance" : 0.37434226,
    "farClipDistance" : 299.47333,
    "lookAtPoint" : {
      "x" : 0.0,
      "y" : 0.0,
      "z" : 0.0
    },
    "fieldOfView" : 0.4426287,
    "lookDirection" : {
      "x" : 0.0077824323,
      "y" : -0.0041266493,
      "z" : -0.99996096
    },
    "upDirection" : {
      "x" : 6.415606E-4,
      "y" : 0.99997413,
      "z" : -0.0041236146
    },
    "position" : {
      "x" : -1.1653168,
      "y" : 0.61791146,
      "z" : 149.731
    }
  },
  "embedding" : [ 1.0, 0.0, 0.0, 0.0, 0.0, 1.0, 0.0, 0.0, 0.0, 0.0, 1.0, 0.0, 0.0, 0.0, 0.0, 1.0 ],
  "shapes" : [ {
    "id" : "97177f93-0aa9-47db-9546-6f51f6227420",
    "vertices" : [ {
      "x" : 0.309017,
      "y" : -0.309017,
      "z" : -0.309017
    }, {
      "x" : 0.5,
      "y" : 0.0,
      "z" : -0.19098301
    }, {
      "x" : 0.5,
      "y" : 0.0,
      "z" : 0.19098301
    }, {
      "x" : 0.309017,
      "y" : -0.309017,
      "z" : 0.309017
    }, {
      "x" : 0.19098301,
      "y" : -0.5,
      "z" : 0.0
    }, {
      "x" : 0.0,
      "y" : 0.19098301,
      "z" : 0.5
    }, {
      "x" : 0.0,
      "y" : -0.19098301,
      "z" : 0.5
    }, {
      "x" : 0.309017,
      "y" : 0.309017,
      "z" : 0.309017
    }, {
      "x" : -0.309017,
      "y" : -0.309017,
      "z" : 0.309017
    }, {
      "x" : -0.309017,
      "y" : 0.309017,
      "z" : 0.309017
    }, {
      "x" : -0.5,
      "y" : 0.0,
      "z" : 0.19098301
    }, {
      "x" : 0.0,
      "y" : -0.19098301,
      "z" : -0.5
    }, {
      "x" : 0.0,
      "y" : 0.19098301,
      "z" : -0.5
    }, {
      "x" : 0.309017,
      "y" : 0.309017,
      "z" : -0.309017
    }, {
      "x" : -0.309017,
      "y" : -0.309017,
      "z" : -0.309017
    }, {
      "x" : -0.19098301,
      "y" : -0.5,
      "z" : 0.0
    }, {
      "x" : -0.5,
      "y" : 0.0,
      "z" : -0.19098301
    }, {
      "x" : 0.19098301,
      "y" : 0.5,
      "z" : 0.0
    }, {
      "x" : -0.309017,
      "y" : 0.309017,
      "z" : -0.309017
    }, {
      "x" : 0.0,
      "y" : 0.0,
      "z" : 0.0
    }, {
      "x" : -0.19098301,
      "y" : 0.5,
      "z" : 0.0
    } ],
    "faces" : [ {
      "vertices" : [ 12, 18, 20 ]
    }, {
      "vertices" : [ 12, 20, 17 ]
    }, {
      "vertices" : [ 12, 17, 13 ]
    }, {
      "vertices" : [ 3, 6, 8 ]
    }, {
      "vertices" : [ 3, 8, 15 ]
    }, {
      "vertices" : [ 3, 15, 4 ]
    }, {
      "vertices" : [ 0, 11, 12 ]
    }, {
      "vertices" : [ 0, 12, 13 ]
    }, {
      "vertices" : [ 0, 13, 1 ]
    }, {
      "vertices" : [ 5, 9, 10 ]
    }, {
      "vertices" : [ 5, 10, 8 ]
    }, {
      "vertices" : [ 5, 8, 6 ]
    }, {
      "vertices" : [ 2, 7, 5 ]
    }, {
      "vertices" : [ 2, 5, 6 ]
    }, {
      "vertices" : [ 2, 6, 3 ]
    }, {
      "vertices" : [ 11, 14, 16 ]
    }, {
      "vertices" : [ 11, 16, 18 ]
    }, {
      "vertices" : [ 11, 18, 12 ]
    }, {
      "vertices" : [ 1, 13, 17 ]
    }, {
      "vertices" : [ 1, 17, 7 ]
    }, {
      "vertices" : [ 1, 7, 2 ]
    }, {
      "vertices" : [ 9, 20, 18 ]
    }, {
      "vertices" : [ 9, 18, 16 ]
    }, {
      "vertices" : [ 9, 16, 10 ]
    }, {
      "vertices" : [ 0, 1, 2 ]
    }, {
      "vertices" : [ 0, 2, 3 ]
    }, {
      "vertices" : [ 0, 3, 4 ]
    }, {
      "vertices" : [ 5, 7, 17 ]
    }, {
      "vertices" : [ 5, 17, 20 ]
    }, {
      "vertices" : [ 5, 20, 9 ]
    }, {
      "vertices" : [ 0, 4, 15 ]
    }, {
      "vertices" : [ 0, 15, 14 ]
    }, {
      "vertices" : [ 0, 14, 11 ]
    }, {
      "vertices" : [ 8, 10, 16 ]
    }, {
      "vertices" : [ 8, 16, 14 ]
    }, {
      "vertices" : [ 8, 14, 15 ]
    } ]
  }, {
    "id" : "944a7568-dbf8-4582-9236-2e97ee345298",
    "vertices" : [ {
      "x" : 4.236068,
      "y" : 0.0,
      "z" : -1.618034
    }, {
      "x" : 3.927051,
      "y" : 0.0,
      "z" : -1.5
    }, {
      "x" : 3.5225425,
      "y" : -0.1545085,
      "z" : -1.059017
    }, {
      "x" : 3.3315594,
      "y" : -0.1545085,
      "z" : -1.559017
    }, {
      "x" : 0.9045085,
      "y" : -0.1545085,
      "z" : -0.059016995
    }, {
      "x" : 0.809017,
      "y" : 0.309017,
      "z" : -0.309017
    }, {
      "x" : 0.309017,
      "y" : 0.0,
      "z" : -0.11803399
    }, {
      "x" : 3.427051,
      "y" : 0.309017,
      "z" : -1.309017
    }, {
      "x" : 0.7135255,
      "y" : -0.1545085,
      "z" : -0.559017
    } ],
    "faces" : [ {
      "vertices" : [ 2, 4, 8 ]
    }, {
      "vertices" : [ 2, 8, 3 ]
    }, {
      "vertices" : [ 2, 7, 5 ]
    }, {
      "vertices" : [ 2, 5, 4 ]
    }, {
      "vertices" : [ 4, 6, 8 ]
    }, {
      "vertices" : [ 5, 8, 6 ]
    }, {
      "vertices" : [ 1, 2, 3 ]
    }, {
      "vertices" : [ 3, 8, 5 ]
    }, {
      "vertices" : [ 3, 5, 7 ]
    }, {
      "vertices" : [ 1, 7, 2 ]
    }, {
      "vertices" : [ 1, 3, 7 ]
    }, {
      "vertices" : [ 4, 5, 6 ]
    } ]
  }, {
    "id" : "6d9bc4d7-6282-4b0c-afba-00fc54108827",
    "vertices" : [ {
      "x" : 2.427051,
      "y" : 5.0,
      "z" : -1.927051
    }, {
      "x" : 0.14589803,
      "y" : 0.32623792,
      "z" : -0.14589803
    }, {
      "x" : 0.690983,
      "y" : 0.66311896,
      "z" : -0.38196602
    }, {
      "x" : 0.572949,
      "y" : 0.85410196,
      "z" : -0.072949015
    }, {
      "x" : 2.472136,
      "y" : 5.527864,
      "z" : -2.472136
    }, {
      "x" : 2.545085,
      "y" : 4.809017,
      "z" : -2.236068
    }, {
      "x" : 2.0225425,
      "y" : 4.9635253,
      "z" : -2.531153
    }, {
      "x" : 1.9045085,
      "y" : 5.1545086,
      "z" : -2.222136
    }, {
      "x" : 0.16844052,
      "y" : 0.81762743,
      "z" : -0.677051
    }, {
      "x" : 0.05040653,
      "y" : 1.0086105,
      "z" : -0.36803398
    }, {
      "x" : 2.618034,
      "y" : 5.854102,
      "z" : -2.618034
    } ],
    "faces" : [ {
      "vertices" : [ 4, 6, 7 ]
    }, {
      "vertices" : [ 1, 9, 8 ]
    }, {
      "vertices" : [ 0, 7, 9 ]
    }, {
      "vertices" : [ 0, 9, 3 ]
    }, {
      "vertices" : [ 2, 8, 6 ]
    }, {
      "vertices" : [ 2, 6, 5 ]
    }, {
      "vertices" : [ 1, 2, 3 ]
    }, {
      "vertices" : [ 0, 5, 4 ]
    }, {
      "vertices" : [ 0, 3, 2 ]
    }, {
      "vertices" : [ 0, 2, 5 ]
    }, {
      "vertices" : [ 0, 4, 7 ]
    }, {
      "vertices" : [ 1, 8, 2 ]
    }, {
      "vertices" : [ 1, 3, 9 ]
    }, {
      "vertices" : [ 6, 8, 9 ]
    }, {
      "vertices" : [ 6, 9, 7 ]
    }, {
      "vertices" : [ 4, 5, 6 ]
    } ]
  }, {
    "id" : "c092bbfb-41d9-4700-acd8-2b371af51fcc",
    "vertices" : [ {
      "x" : 1.0,
      "y" : 0.309017,
      "z" : 0.19098301
    }, {
      "x" : 1.0,
      "y" : -0.309017,
      "z" : 0.19098301
    }, {
      "x" : 4.236068,
      "y" : -0.309017,
      "z" : 0.19098301
    }, {
      "x" : 4.236068,
      "y" : 0.309017,
      "z" : 0.19098301
    }, {
      "x" : 4.236068,
      "y" : -0.309017,
      "z" : -0.19098301
    }, {
      "x" : 4.236068,
      "y" : 0.309017,
      "z" : -0.19098301
    }, {
      "x" : 4.854102,
      "y" : 0.0,
      "z" : 0.0
    }, {
      "x" : 0.38196602,
      "y" : 0.0,
      "z" : 0.0
    }, {
      "x" : 1.0,
      "y" : 0.309017,
      "z" : -0.19098301
    }, {
      "x" : 1.0,
      "y" : -0.309017,
      "z" : -0.19098301
    }, {
      "x" : 5.236068,
      "y" : 0.0,
      "z" : 0.0
    } ],
    "faces" : [ {
      "vertices" : [ 1, 9, 4 ]
    }, {
      "vertices" : [ 1, 4, 2 ]
    }, {
      "vertices" : [ 0, 3, 5 ]
    }, {
      "vertices" : [ 0, 5, 8 ]
    }, {
      "vertices" : [ 1, 7, 9 ]
    }, {
      "vertices" : [ 0, 1, 2 ]
    }, {
      "vertices" : [ 0, 2, 3 ]
    }, {
      "vertices" : [ 7, 8, 9 ]
    }, {
      "vertices" : [ 0, 7, 1 ]
    }, {
      "vertices" : [ 4, 9, 8 ]
    }, {
      "vertices" : [ 4, 8, 5 ]
    }, {
      "vertices" : [ 2, 6, 3 ]
    }, {
      "vertices" : [ 2, 4, 6 ]
    }, {
      "vertices" : [ 3, 6, 5 ]
    }, {
      "vertices" : [ 4, 5, 6 ]
    }, {
      "vertices" : [ 0, 8, 7 ]
    } ]
  } ],
  "instances" : [ {
    "shape" : "97177f93-0aa9-47db-9546-6f51f6227420",
    "color" : "#FFFFFF",
    "position" : {
      "x" : 5.854102,
      "y" : 2.618034,
      "z" : 16.326239
    }
  }, {
    "shape" : "97177f93-0aa9-47db-9546-6f51f6227420",
    "color" : "#FFFFFF",
    "position" : {
      "x" : -8.472136,
      "y" : 8.472136,
      "z" : -13.708204
    }
  }, {
    "shape" : "944a7568-dbf8-4582-9236-2e97ee345298",
    "color" : "#F0A000",
    "position" : {
      "x" : -11.09017,
      "y" : -11.09017,
      "z" : -11.09017
    },
    "orientation" : 3
  }, {
    "shape" : "944a7568-dbf8-4582-9236-2e97ee345298",
    "color" : "#F0A000",
    "position" : {
      "x" : -11.09017,
      "y" : -11.09017,
      "z" : 11.09017
    },
    "orientation" : 24
  }, {
    "shape" : "97177f93-0aa9-47db-9546-6f51f6227420",
    "color" : "#FFFFFF",
    "position" : {
      "x" : 2.618034,
      "y" : 16.326239,
      "z" : 5.854102
    }
  }, {
    "shape" : "97177f93-0aa9-47db-9546-6f51f6227420",
    "color" : "#FFFFFF",
    "position" : {
      "x" : -8.472136,
      "y" : -13.708204,
      "z" : -8.472136
    }
  }, {
    "shape" : "97177f93-0aa9-47db-9546-6f51f6227420",
    "color" : "#FFFFFF",
    "position" : {
      "x" : -13.708204,
      "y" : -8.472136,
      "z" : 8.472136
    }
  }, {
    "shape" : "944a7568-dbf8-4582-9236-2e97ee345298",
    "color" : "#F0A000",
    "position" : {
      "x" : 11.09017,
      "y" : 11.09017,
      "z" : 11.09017
    },
    "orientation" : 54
  }, {
    "shape" : "97177f93-0aa9-47db-9546-6f51f6227420",
    "color" : "#FFFFFF",
    "position" : {
      "x" : 11.09017,
      "y" : 11.09017,
      "z" : 11.09017
    }
  }, {
    "shape" : "97177f93-0aa9-47db-9546-6f51f6227420",
    "color" : "#FFFFFF",
    "position" : {
      "x" : -2.618034,
      "y" : -16.326239,
      "z" : 5.854102
    }
  }, {
    "shape" : "944a7568-dbf8-4582-9236-2e97ee345298",
    "color" : "#F0A000",
    "position" : {
      "x" : 11.09017,
      "y" : 11.09017,
      "z" : -11.09017
    },
    "orientation" : 5
  }, {
    "shape" : "6d9bc4d7-6282-4b0c-afba-00fc54108827",
    "color" : "#750032",
    "position" : {
      "x" : 8.472136,
      "y" : -8.472136,
      "z" : 13.708204
    },
    "orientation" : 45
  }, {
    "shape" : "97177f93-0aa9-47db-9546-6f51f6227420",
    "color" : "#FFFFFF",
    "position" : {
      "x" : -5.854102,
      "y" : 2.618034,
      "z" : 16.326239
    }
  }, {
    "shape" : "944a7568-dbf8-4582-9236-2e97ee345298",
    "color" : "#F0A000",
    "position" : {
      "x" : -11.09017,
      "y" : -11.09017,
      "z" : 11.09017
    },
    "orientation" : 9
  }, {
    "shape" : "944a7568-dbf8-4582-9236-2e97ee345298",
    "color" : "#F0A000",
    "position" : {
      "x" : 11.09017,
      "y" : -11.09017,
      "z" : -11.09017
    },
    "orientation" : 9
  }, {
    "shape" : "97177f93-0aa9-47db-9546-6f51f6227420",
    "color" : "#FFFFFF",
    "position" : {
      "x" : -13.708204,
      "y" : 8.472136,
      "z" : 8.472136
    }
  }, {
    "shape" : "97177f93-0aa9-47db-9546-6f51f6227420",
    "color" : "#FFFFFF",
    "position" : {
      "x" : 5.854102,
      "y" : -2.618034,
      "z" : 16.326239
    }
  }, {
    "shape" : "c092bbfb-41d9-4700-acd8-2b371af51fcc",
    "color" : "#007695",
    "position" : {
      "x" : -2.618034,
      "y" : 16.326239,
      "z" : -5.854102
    },
    "orientation" : 0
  }, {
    "shape" : "97177f93-0aa9-47db-9546-6f51f6227420",
    "color" : "#FFFFFF",
    "position" : {
      "x" : 11.09017,
      "y" : 11.09017,
      "z" : -11.09017
    }
  }, {
    "shape" : "6d9bc4d7-6282-4b0c-afba-00fc54108827",
    "color" : "#750032",
    "position" : {
      "x" : -13.708204,
      "y" : 8.472136,
      "z" : 8.472136
    },
    "orientation" : 16
  }, {
    "shape" : "97177f93-0aa9-47db-9546-6f51f6227420",
    "color" : "#FFFFFF",
    "position" : {
      "x" : -2.618034,
      "y" : 16.326239,
      "z" : 5.854102
    }
  }, {
    "shape" : "6d9bc4d7-6282-4b0c-afba-00fc54108827",
    "color" : "#750032",
    "position" : {
      "x" : -13.708204,
      "y" : -8.472136,
      "z" : -8.472136
    },
    "orientation" : 1
  }, {
    "shape" : "97177f93-0aa9-47db-9546-6f51f6227420",
    "color" : "#FFFFFF",
    "position" : {
      "x" : -11.09017,
      "y" : 11.09017,
      "z" : 11.09017
    }
  }, {
    "shape" : "97177f93-0aa9-47db-9546-6f51f6227420",
    "color" : "#FFFFFF",
    "position" : {
      "x" : -5.854102,
      "y" : -2.618034,
      "z" : 16.326239
    }
  }, {
    "shape" : "c092bbfb-41d9-4700-acd8-2b371af51fcc",
    "color" : "#007695",
    "position" : {
      "x" : -16.326239,
      "y" : -5.854102,
      "z" : 2.618034
    },
    "orientation" : 47
  }, {
    "shape" : "944a7568-dbf8-4582-9236-2e97ee345298",
    "color" : "#F0A000",
    "position" : {
      "x" : -11.09017,
      "y" : 11.09017,
      "z" : 11.09017
    },
    "orientation" : 3
  }, {
    "shape" : "97177f93-0aa9-47db-9546-6f51f6227420",
    "color" : "#FFFFFF",
    "position" : {
      "x" : -8.472136,
      "y" : -13.708204,
      "z" : 8.472136
    }
  }, {
    "shape" : "97177f93-0aa9-47db-9546-6f51f6227420",
    "color" : "#FFFFFF",
    "position" : {
      "x" : -8.472136,
      "y" : -8.472136,
      "z" : 13.708204
    }
  }, {
    "shape" : "6d9bc4d7-6282-4b0c-afba-00fc54108827",
    "color" : "#750032",
    "position" : {
      "x" : -13.708204,
      "y" : -8.472136,
      "z" : 8.472136
    },
    "orientation" : 49
  }, {
    "shape" : "97177f93-0aa9-47db-9546-6f51f6227420",
    "color" : "#FFFFFF",
    "position" : {
      "x" : 13.708204,
      "y" : 8.472136,
      "z" : -8.472136
    }
  }, {
    "shape" : "944a7568-dbf8-4582-9236-2e97ee345298",
    "color" : "#F0A000",
    "position" : {
      "x" : -11.09017,
      "y" : -11.09017,
      "z" : -11.09017
    },
    "orientation" : 5
  }, {
    "shape" : "c092bbfb-41d9-4700-acd8-2b371af51fcc",
    "color" : "#007695",
    "position" : {
      "x" : -2.618034,
      "y" : -16.326239,
      "z" : 5.854102
    },
    "orientation" : 0
  }, {
    "shape" : "97177f93-0aa9-47db-9546-6f51f6227420",
    "color" : "#FFFFFF",
    "position" : {
      "x" : 13.708204,
      "y" : -8.472136,
      "z" : -8.472136
    }
  }, {
    "shape" : "6d9bc4d7-6282-4b0c-afba-00fc54108827",
    "color" : "#750032",
    "position" : {
      "x" : 8.472136,
      "y" : 13.708204,
      "z" : -8.472136
    },
    "orientation" : 32
  }, {
    "shape" : "c092bbfb-41d9-4700-acd8-2b371af51fcc",
    "color" : "#007695",
    "position" : {
      "x" : -5.854102,
      "y" : 2.618034,
      "z" : -16.326239
    },
    "orientation" : 16
  }, {
    "shape" : "944a7568-dbf8-4582-9236-2e97ee345298",
    "color" : "#F0A000",
    "position" : {
      "x" : -11.09017,
      "y" : 11.09017,
      "z" : -11.09017
    },
    "orientation" : 24
  }, {
    "shape" : "97177f93-0aa9-47db-9546-6f51f6227420",
    "color" : "#FFFFFF",
    "position" : {
      "x" : 13.708204,
      "y" : -8.472136,
      "z" : 8.472136
    }
  }, {
    "shape" : "97177f93-0aa9-47db-9546-6f51f6227420",
    "color" : "#FFFFFF",
    "position" : {
      "x" : 2.618034,
      "y" : -16.326239,
      "z" : 5.854102
    }
  }, {
    "shape" : "944a7568-dbf8-4582-9236-2e97ee345298",
    "color" : "#F0A000",
    "position" : {
      "x" : 11.09017,
      "y" : 11.09017,
      "z" : 11.09017
    },
    "orientation" : 24
  }, {
    "shape" : "6d9bc4d7-6282-4b0c-afba-00fc54108827",
    "color" : "#750032",
    "position" : {
      "x" : 8.472136,
      "y" : -8.472136,
      "z" : -13.708204
    },
    "orientation" : 48
  }, {
    "shape" : "6d9bc4d7-6282-4b0c-afba-00fc54108827",
    "color" : "#750032",
    "position" : {
      "x" : -8.472136,
      "y" : -8.472136,
      "z" : 13.708204
    },
    "orientation" : 3
  }, {
    "shape" : "6d9bc4d7-6282-4b0c-afba-00fc54108827",
    "color" : "#750032",
    "position" : {
      "x" : 8.472136,
      "y" : 13.708204,
      "z" : 8.472136
    },
    "orientation" : 50
  }, {
    "shape" : "97177f93-0aa9-47db-9546-6f51f6227420",
    "color" : "#FFFFFF",
    "position" : {
      "x" : 8.472136,
      "y" : -13.708204,
      "z" : 8.472136
    }
  }, {
    "shape" : "944a7568-dbf8-4582-9236-2e97ee345298",
    "color" : "#F0A000",
    "position" : {
      "x" : 11.09017,
      "y" : 11.09017,
      "z" : -11.09017
    },
    "orientation" : 19
  }, {
    "shape" : "6d9bc4d7-6282-4b0c-afba-00fc54108827",
    "color" : "#750032",
    "position" : {
      "x" : -8.472136,
      "y" : 8.472136,
      "z" : 13.708204
    },
    "orientation" : 15
  }, {
    "shape" : "6d9bc4d7-6282-4b0c-afba-00fc54108827",
    "color" : "#750032",
    "position" : {
      "x" : 8.472136,
      "y" : 8.472136,
      "z" : 13.708204
    },
    "orientation" : 33
  }, {
    "shape" : "944a7568-dbf8-4582-9236-2e97ee345298",
    "color" : "#F0A000",
    "position" : {
      "x" : -11.09017,
      "y" : -11.09017,
      "z" : 11.09017
    },
    "orientation" : 54
  }, {
    "shape" : "6d9bc4d7-6282-4b0c-afba-00fc54108827",
    "color" : "#750032",
    "position" : {
      "x" : -8.472136,
      "y" : 8.472136,
      "z" : -13.708204
    },
    "orientation" : 18
  }, {
    "shape" : "944a7568-dbf8-4582-9236-2e97ee345298",
    "color" : "#F0A000",
    "position" : {
      "x" : -11.09017,
      "y" : 11.09017,
      "z" : -11.09017
    },
    "orientation" : 39
  }, {
    "shape" : "6d9bc4d7-6282-4b0c-afba-00fc54108827",
    "color" : "#750032",
    "position" : {
      "x" : -8.472136,
      "y" : 13.708204,
      "z" : 8.472136
    },
    "orientation" : 17
  }, {
    "shape" : "97177f93-0aa9-47db-9546-6f51f6227420",
    "color" : "#FFFFFF",
    "position" : {
      "x" : 8.472136,
      "y" : 13.708204,
      "z" : -8.472136
    }
  }, {
    "shape" : "97177f93-0aa9-47db-9546-6f51f6227420",
    "color" : "#FFFFFF",
    "position" : {
      "x" : 2.618034,
      "y" : -16.326239,
      "z" : -5.854102
    }
  }, {
    "shape" : "97177f93-0aa9-47db-9546-6f51f6227420",
    "color" : "#FFFFFF",
    "position" : {
      "x" : 13.708204,
      "y" : 8.472136,
      "z" : 8.472136
    }
  }, {
    "shape" : "c092bbfb-41d9-4700-acd8-2b371af51fcc",
    "color" : "#007695",
    "position" : {
      "x" : 5.854102,
      "y" : 2.618034,
      "z" : 16.326239
    },
    "orientation" : 16
  }, {
    "shape" : "97177f93-0aa9-47db-9546-6f51f6227420",
    "color" : "#FFFFFF",
    "position" : {
      "x" : 16.326239,
      "y" : -5.854102,
      "z" : -2.618034
    }
  }, {
    "shape" : "944a7568-dbf8-4582-9236-2e97ee345298",
    "color" : "#F0A000",
    "position" : {
      "x" : 11.09017,
      "y" : 11.09017,
      "z" : -11.09017
    },
    "orientation" : 4
  }, {
    "shape" : "6d9bc4d7-6282-4b0c-afba-00fc54108827",
    "color" : "#750032",
    "position" : {
      "x" : -8.472136,
      "y" : -8.472136,
      "z" : -13.708204
    },
    "orientation" : 0
  }, {
    "shape" : "97177f93-0aa9-47db-9546-6f51f6227420",
    "color" : "#FFFFFF",
    "position" : {
      "x" : 16.326239,
      "y" : -5.854102,
      "z" : 2.618034
    }
  }, {
    "shape" : "944a7568-dbf8-4582-9236-2e97ee345298",
    "color" : "#F0A000",
    "position" : {
      "x" : -11.09017,
      "y" : 11.09017,
      "z" : 11.09017
    },
    "orientation" : 19
  }, {
    "shape" : "97177f93-0aa9-47db-9546-6f51f6227420",
    "color" : "#FFFFFF",
    "position" : {
      "x" : -13.708204,
      "y" : -8.472136,
      "z" : -8.472136
    }
  }, {
    "shape" : "97177f93-0aa9-47db-9546-6f51f6227420",
    "color" : "#FFFFFF",
    "position" : {
      "x" : -16.326239,
      "y" : -5.854102,
      "z" : 2.618034
    }
  }, {
    "shape" : "6d9bc4d7-6282-4b0c-afba-00fc54108827",
    "color" : "#750032",
    "position" : {
      "x" : 8.472136,
      "y" : -13.708204,
      "z" : 8.472136
    },
    "orientation" : 47
  }, {
    "shape" : "6d9bc4d7-6282-4b0c-afba-00fc54108827",
    "color" : "#750032",
    "position" : {
      "x" : -8.472136,
      "y" : -13.708204,
      "z" : 8.472136
    },
    "orientation" : 20
  }, {
    "shape" : "97177f93-0aa9-47db-9546-6f51f6227420",
    "color" : "#FFFFFF",
    "position" : {
      "x" : 16.326239,
      "y" : 5.854102,
      "z" : 2.618034
    }
  }, {
    "shape" : "944a7568-dbf8-4582-9236-2e97ee345298",
    "color" : "#F0A000",
    "position" : {
      "x" : -11.09017,
      "y" : 11.09017,
      "z" : 11.09017
    },
    "orientation" : 5
  }, {
    "shape" : "944a7568-dbf8-4582-9236-2e97ee345298",
    "color" : "#F0A000",
    "position" : {
      "x" : -11.09017,
      "y" : -11.09017,
      "z" : -11.09017
    },
    "orientation" : 4
  }, {
    "shape" : "6d9bc4d7-6282-4b0c-afba-00fc54108827",
    "color" : "#750032",
    "position" : {
      "x" : 13.708204,
      "y" : -8.472136,
      "z" : 8.472136
    },
    "orientation" : 46
  }, {
    "shape" : "944a7568-dbf8-4582-9236-2e97ee345298",
    "color" : "#F0A000",
    "position" : {
      "x" : 11.09017,
      "y" : -11.09017,
      "z" : 11.09017
    },
    "orientation" : 3
  }, {
    "shape" : "97177f93-0aa9-47db-9546-6f51f6227420",
    "color" : "#FFFFFF",
    "position" : {
      "x" : -2.618034,
      "y" : 16.326239,
      "z" : -5.854102
    }
  }, {
    "shape" : "944a7568-dbf8-4582-9236-2e97ee345298",
    "color" : "#F0A000",
    "position" : {
      "x" : 11.09017,
      "y" : -11.09017,
      "z" : 11.09017
    },
    "orientation" : 4
  }, {
    "shape" : "944a7568-dbf8-4582-9236-2e97ee345298",
    "color" : "#F0A000",
    "position" : {
      "x" : 11.09017,
      "y" : 11.09017,
      "z" : 11.09017
    },
    "orientation" : 39
  }, {
    "shape" : "97177f93-0aa9-47db-9546-6f51f6227420",
    "color" : "#FFFFFF",
    "position" : {
      "x" : 11.09017,
      "y" : -11.09017,
      "z" : -11.09017
    }
  }, {
    "shape" : "c092bbfb-41d9-4700-acd8-2b371af51fcc",
    "color" : "#007695",
    "position" : {
      "x" : 5.854102,
      "y" : -2.618034,
      "z" : -16.326239
    },
    "orientation" : 1
  }, {
    "shape" : "97177f93-0aa9-47db-9546-6f51f6227420",
    "color" : "#FFFFFF",
    "position" : {
      "x" : 5.854102,
      "y" : 2.618034,
      "z" : -16.326239
    }
  }, {
    "shape" : "97177f93-0aa9-47db-9546-6f51f6227420",
    "color" : "#FFFFFF",
    "position" : {
      "x" : -8.472136,
      "y" : 13.708204,
      "z" : -8.472136
    }
  }, {
    "shape" : "97177f93-0aa9-47db-9546-6f51f6227420",
    "color" : "#FFFFFF",
    "position" : {
      "x" : -11.09017,
      "y" : -11.09017,
      "z" : -11.09017
    }
  }, {
    "shape" : "c092bbfb-41d9-4700-acd8-2b371af51fcc",
    "color" : "#007695",
    "position" : {
      "x" : 2.618034,
      "y" : 16.326239,
      "z" : 5.854102
    },
    "orientation" : 45
  }, {
    "shape" : "97177f93-0aa9-47db-9546-6f51f6227420",
    "color" : "#FFFFFF",
    "position" : {
      "x" : 11.09017,
      "y" : -11.09017,
      "z" : 11.09017
    }
  }, {
    "shape" : "97177f93-0aa9-47db-9546-6f51f6227420",
    "color" : "#FFFFFF",
    "position" : {
      "x" : -16.326239,
      "y" : 5.854102,
      "z" : -2.618034
    }
  }, {
    "shape" : "6d9bc4d7-6282-4b0c-afba-00fc54108827",
    "color" : "#750032",
    "position" : {
      "x" : -13.708204,
      "y" : 8.472136,
      "z" : -8.472136
    },
    "orientation" : 34
  }, {
    "shape" : "97177f93-0aa9-47db-9546-6f51f6227420",
    "color" : "#FFFFFF",
    "position" : {
      "x" : 8.472136,
      "y" : 8.472136,
      "z" : -13.708204
    }
  }, {
    "shape" : "97177f93-0aa9-47db-9546-6f51f6227420",
    "color" : "#FFFFFF",
    "position" : {
      "x" : -11.09017,
      "y" : 11.09017,
      "z" : -11.09017
    }
  }, {
    "shape" : "97177f93-0aa9-47db-9546-6f51f6227420",
    "color" : "#FFFFFF",
    "position" : {
      "x" : -11.09017,
      "y" : -11.09017,
      "z" : 11.09017
    }
  }, {
    "shape" : "6d9bc4d7-6282-4b0c-afba-00fc54108827",
    "color" : "#750032",
    "position" : {
      "x" : 13.708204,
      "y" : 8.472136,
      "z" : -8.472136
    },
    "orientation" : 31
  }, {
    "shape" : "97177f93-0aa9-47db-9546-6f51f6227420",
    "color" : "#FFFFFF",
    "position" : {
      "x" : 8.472136,
      "y" : -13.708204,
      "z" : -8.472136
    }
  }, {
    "shape" : "97177f93-0aa9-47db-9546-6f51f6227420",
    "color" : "#FFFFFF",
    "position" : {
      "x" : 8.472136,
      "y" : 13.708204,
      "z" : 8.472136
    }
  }, {
    "shape" : "6d9bc4d7-6282-4b0c-afba-00fc54108827",
    "color" : "#750032",
    "position" : {
      "x" : -8.472136,
      "y" : 13.708204,
      "z" : -8.472136
    },
    "orientation" : 5
  }, {
    "shape" : "97177f93-0aa9-47db-9546-6f51f6227420",
    "color" : "#FFFFFF",
    "position" : {
      "x" : 8.472136,
      "y" : 8.472136,
      "z" : 13.708204
    }
  }, {
    "shape" : "97177f93-0aa9-47db-9546-6f51f6227420",
    "color" : "#FFFFFF",
    "position" : {
      "x" : 8.472136,
      "y" : -8.472136,
      "z" : 13.708204
    }
  }, {
    "shape" : "97177f93-0aa9-47db-9546-6f51f6227420",
    "color" : "#FFFFFF",
    "position" : {
      "x" : -5.854102,
      "y" : -2.618034,
      "z" : -16.326239
    }
  }, {
    "shape" : "97177f93-0aa9-47db-9546-6f51f6227420",
    "color" : "#FFFFFF",
    "position" : {
      "x" : -16.326239,
      "y" : -5.854102,
      "z" : -2.618034
    }
  }, {
    "shape" : "c092bbfb-41d9-4700-acd8-2b371af51fcc",
    "color" : "#007695",
    "position" : {
      "x" : 2.618034,
      "y" : -16.326239,
      "z" : -5.854102
    },
    "orientation" : 45
  }, {
    "shape" : "97177f93-0aa9-47db-9546-6f51f6227420",
    "color" : "#FFFFFF",
    "position" : {
      "x" : -8.472136,
      "y" : 8.472136,
      "z" : 13.708204
    }
  }, {
    "shape" : "c092bbfb-41d9-4700-acd8-2b371af51fcc",
    "color" : "#007695",
    "position" : {
      "x" : 16.326239,
      "y" : 5.854102,
      "z" : 2.618034
    },
    "orientation" : 47
  }, {
    "shape" : "944a7568-dbf8-4582-9236-2e97ee345298",
    "color" : "#F0A000",
    "position" : {
      "x" : 11.09017,
      "y" : -11.09017,
      "z" : 11.09017
    },
    "orientation" : 19
  }, {
    "shape" : "944a7568-dbf8-4582-9236-2e97ee345298",
    "color" : "#F0A000",
    "position" : {
      "x" : 11.09017,
      "y" : -11.09017,
      "z" : -11.09017
    },
    "orientation" : 39
  }, {
    "shape" : "97177f93-0aa9-47db-9546-6f51f6227420",
    "color" : "#FFFFFF",
    "position" : {
      "x" : 8.472136,
      "y" : -8.472136,
      "z" : -13.708204
    }
  }, {
    "shape" : "c092bbfb-41d9-4700-acd8-2b371af51fcc",
    "color" : "#007695",
    "position" : {
      "x" : -5.854102,
      "y" : -2.618034,
      "z" : 16.326239
    },
    "orientation" : 1
  }, {
    "shape" : "97177f93-0aa9-47db-9546-6f51f6227420",
    "color" : "#FFFFFF",
    "position" : {
      "x" : -8.472136,
      "y" : -8.472136,
      "z" : -13.708204
    }
  }, {
    "shape" : "97177f93-0aa9-47db-9546-6f51f6227420",
    "color" : "#FFFFFF",
    "position" : {
      "x" : -13.708204,
      "y" : 8.472136,
      "z" : -8.472136
    }
  }, {
    "shape" : "97177f93-0aa9-47db-9546-6f51f6227420",
    "color" : "#FFFFFF",
    "position" : {
      "x" : -2.618034,
      "y" : -16.326239,
      "z" : -5.854102
    }
  }, {
    "shape" : "6d9bc4d7-6282-4b0c-afba-00fc54108827",
    "color" : "#750032",
    "position" : {
      "x" : 13.708204,
      "y" : 8.472136,
      "z" : 8.472136
    },
    "orientation" : 19
  }, {
    "shape" : "6d9bc4d7-6282-4b0c-afba-00fc54108827",
    "color" : "#750032",
    "position" : {
      "x" : 8.472136,
      "y" : -13.708204,
      "z" : -8.472136
    },
    "orientation" : 35
  }, {
    "shape" : "97177f93-0aa9-47db-9546-6f51f6227420",
    "color" : "#FFFFFF",
    "position" : {
      "x" : 2.618034,
      "y" : 16.326239,
      "z" : -5.854102
    }
  }, {
    "shape" : "c092bbfb-41d9-4700-acd8-2b371af51fcc",
    "color" : "#007695",
    "position" : {
      "x" : 16.326239,
      "y" : -5.854102,
      "z" : -2.618034
    },
    "orientation" : 2
  }, {
    "shape" : "6d9bc4d7-6282-4b0c-afba-00fc54108827",
    "color" : "#750032",
    "position" : {
      "x" : 8.472136,
      "y" : 8.472136,
      "z" : -13.708204
    },
    "orientation" : 30
  }, {
    "shape" : "c092bbfb-41d9-4700-acd8-2b371af51fcc",
    "color" : "#007695",
    "position" : {
      "x" : -16.326239,
      "y" : 5.854102,
      "z" : -2.618034
    },
    "orientation" : 2
  }, {
    "shape" : "6d9bc4d7-6282-4b0c-afba-00fc54108827",
    "color" : "#750032",
    "position" : {
      "x" : -8.472136,
      "y" : -13.708204,
      "z" : -8.472136
    },
    "orientation" : 2
  }, {
    "shape" : "97177f93-0aa9-47db-9546-6f51f6227420",
    "color" : "#FFFFFF",
    "position" : {
      "x" : -16.326239,
      "y" : 5.854102,
      "z" : 2.618034
    }
  }, {
    "shape" : "944a7568-dbf8-4582-9236-2e97ee345298",
    "color" : "#F0A000",
    "position" : {
      "x" : 11.09017,
      "y" : -11.09017,
      "z" : -11.09017
    },
    "orientation" : 54
  }, {
    "shape" : "97177f93-0aa9-47db-9546-6f51f6227420",
    "color" : "#FFFFFF",
    "position" : {
      "x" : -8.472136,
      "y" : 13.708204,
      "z" : 8.472136
    }
  }, {
    "shape" : "97177f93-0aa9-47db-9546-6f51f6227420",
    "color" : "#FFFFFF",
    "position" : {
      "x" : 5.854102,
      "y" : -2.618034,
      "z" : -16.326239
    }
  }, {
    "shape" : "944a7568-dbf8-4582-9236-2e97ee345298",
    "color" : "#F0A000",
    "position" : {
      "x" : -11.09017,
      "y" : 11.09017,
      "z" : -11.09017
    },
    "orientation" : 9
  }, {
    "shape" : "6d9bc4d7-6282-4b0c-afba-00fc54108827",
    "color" : "#750032",
    "position" : {
      "x" : 13.708204,
      "y" : -8.472136,
      "z" : -8.472136
    },
    "orientation" : 4
  }, {
    "shape" : "97177f93-0aa9-47db-9546-6f51f6227420",
    "color" : "#FFFFFF",
    "position" : {
      "x" : -5.854102,
      "y" : 2.618034,
      "z" : -16.326239
    }
  }, {
    "shape" : "97177f93-0aa9-47db-9546-6f51f6227420",
    "color" : "#FFFFFF",
    "position" : {
      "x" : 16.326239,
      "y" : 5.854102,
      "z" : -2.618034
    }
  } ]
}