{
  "field" : "golden",
  "symmetry" : "icosahedral",
  "orientations" : [ [ 1.0, 0.0, 0.0, 0.0, 0.0, 1.0, 0.0, 0.0, 0.0, 0.0, 1.0, 0.0, 0.0, 0.0, 0.0, 1.0 ], [ 0.0, 0.0, 1.0, 0.0, 1.0, 0.0, 0.0, 0.0, 0.0, 1.0, 0.0, 0.0, 0.0, 0.0, 0.0, 1.0 ], [ 0.0, 1.0, 0.0, 0.0, 0.0, 0.0, 1.0, 0.0, 1.0, 0.0, 0.0, 0.0, 0.0, 0.0, 0.0, 1.0 ], [ 0.809017, 0.309017, 0.5, 0.0, 0.309017, 0.5, -0.809017, 0.0, -0.5, 0.809017, 0.309017, 0.0, 0.0, 0.0, 0.0, 1.0 ], [ -0.5, 0.809017, 0.309017, 0.0, 0.809017, 0.309017, 0.5, 0.0, 0.309017, 0.5, -0.809017, 0.0, 0.0, 0.0, 0.0, 1.0 ], [ 0.309017, 0.5, -0.809017, 0.0, -0.5, 0.809017, 0.309017, 0.0, 0.809017, 0.309017, 0.5, 0.0, 0.0, 0.0, 0.0, 1.0 ], [ 0.5, 0.809017, 0.309017, 0.0, 0.809017, -0.309017, -0.5, 0.0, -0.309017, 0.5, -0.809017, 0.0, 0.0, 0.0, 0.0, 1.0 ], [ -0.309017, 0.5, -0.809017, 0.0, 0.5, 0.809017, 0.309017, 0.0, 0.809017, -0.309017, -0.5, 0.0, 0.0, 0.0, 0.0, 1.0 ], [ 0.809017, -0.309017, -0.5, 0.0, -0.309017, 0.5, -0.809017, 0.0, 0.5, 0.809017, 0.309017, 0.0, 0.0, 0.0, 0.0, 1.0 ], [ 0.5, 0.809017, -0.309017, 0.0, 0.809017, -0.309017, 0.5, 0.0, 0.309017, -0.5, -0.809017, 0.0, 0.0, 0.0, 0.0, 1.0 ], [ 0.309017, -0.5, -0.809017, 0.0, 0.5, 0.809017, -0.309017, 0.0, 0.809017, -0.309017, 0.5, 0.0, 0.0, 0.0, 0.0, 1.0 ], [ 0.809017, -0.309017, 0.5, 0.0, 0.309017, -0.5, -0.809017, 0.0, 0.5, 0.809017, -0.309017, 0.0, 0.0, 0.0, 0.0, 1.0 ], [ 0.809017, 0.309017, -0.5, 0.0, 0.309017, 0.5, 0.809017, 0.0, 0.5, -0.809017, 0.309017, 0.0, 0.0, 0.0, 0.0, 1.0 ], [ 0.5, -0.809017, 0.309017, 0.0, 0.809017, 0.309017, -0.5, 0.0, 0.309017, 0.5, 0.809017, 0.0, 0.0, 0.0, 0.0, 1.0 ], [ 0.309017, 0.5, 0.809017, 0.0, 0.5, -0.809017, 0.309017, 0.0, 0.809017, 0.309017, -0.5, 0.0, 0.0, 0.0, 0.0, 1.0 ], [ 1.0, 0.0, 0.0, 0.0, 0.0, -1.0, 0.0, 0.0, 0.0, 0.0, -1.0, 0.0, 0.0, 0.0, 0.0, 1.0 ], [ 0.0, 0.0, 1.0, 0.0, -1.0, 0.0, 0.0, 0.0, 0.0, -1.0, 0.0, 0.0, 0.0, 0.0, 0.0, 1.0 ], [ 0.0, 1.0, 0.0, 0.0, 0.0, 0.0, -1.0, 0.0, -1.0, 0.0, 0.0, 0.0, 0.0, 0.0, 0.0, 1.0 ], [ 0.809017, 0.309017, 0.5, 0.0, -0.309017, -0.5, 0.809017, 0.0, 0.5, -0.809017, -0.309017, 0.0, 0.0, 0.0, 0.0, 1.0 ], [ -0.5, 0.809017, 0.309017, 0.0, -0.809017, -0.309017, -0.5, 0.0, -0.309017, -0.5, 0.809017, 0.0, 0.0, 0.0, 0.0, 1.0 ], [ 0.309017, 0.5, -0.809017, 0.0, 0.5, -0.809017, -0.309017, 0.0, -0.809017, -0.309017, -0.5, 0.0, 0.0, 0.0, 0.0, 1.0 ], [ 0.5, 0.809017, 0.309017, 0.0, -0.809017, 0.309017, 0.5, 0.0, 0.309017, -0.5, 0.809017, 0.0, 0.0, 0.0, 0.0, 1.0 ], [ -0.309017, 0.5, -0.809017, 0.0, -0.5, -0.809017, -0.309017, 0.0, -0.809017, 0.309017, 0.5, 0.0, 0.0, 0.0, 0.0, 1.0 ], [ 0.809017, -0.309017, -0.5, 0.0, 0.309017, -0.5, 0.809017, 0.0, -0.5, -0.809017, -0.309017, 0.0, 0.0, 0.0, 0.0, 1.0 ], [ 0.5, 0.809017, -0.309017, 0.0, -0.809017, 0.309017, -0.5, 0.0, -0.309017, 0.5, 0.809017, 0.0, 0.0, 0.0, 0.0, 1.0 ], [ 0.309017, -0.5, -0.809017, 0.0, -0.5, -0.809017, 0.309017, 0.0, -0.809017, 0.309017, -0.5, 0.0, 0.0, 0.0, 0.0, 1.0 ], [ 0.809017, -0.309017, 0.5, 0.0, -0.309017, 0.5, 0.809017, 0.0, -0.5, -0.809017, 0.309017, 0.0, 0.0, 0.0, 0.0, 1.0 ], [ 0.809017, 0.309017, -0.5, 0.0, -0.309017, -0.5, -0.809017, 0.0, -0.5, 0.809017, -0.309017, 0.0, 0.0, 0.0, 0.0, 1.0 ], [ 0.5, -0.809017, 0.309017, 0.0, -0.809017, -0.309017, 0.5, 0.0, -0.309017, -0.5, -0.809017, 0.0, 0.0, 0.0, 0.0, 1.0 ], [ 0.309017, 0.5, 0.809017, 0.0, -0.5, 0.809017, -0.309017, 0.0, -0.809017, -0.309017, 0.5, 0.0, 0.0, 0.0, 0.0, 1.0 ], [ -1.0, 0.0, 0.0, 0.0, 0.0, -1.0, 0.0, 0.0, 0.0, 0.0, 1.0, 0.0, 0.0, 0.0, 0.0, 1.0 ], [ 0.0, 0.0, -1.0, 0.0, -1.0, 0.0, 0.0, 0.0, 0.0, 1.0, 0.0, 0.0, 0.0, 0.0, 0.0, 1.0 ], [ 0.0, -1.0, 0.0, 0.0, 0.0, 0.0, -1.0, 0.0, 1.0, 0.0, 0.0, 0.0, 0.0, 0.0, 0.0, 1.0 ], [ -0.809017, -0.309017, -0.5, 0.0, -0.309017, -0.5, 0.809017, 0.0, -0.5, 0.809017, 0.309017, 0.0, 0.0, 0.0, 0.0, 1.0 ], [ 0.5, -0.809017, -0.309017, 0.0, -0.809017, -0.309017, -0.5, 0.0, 0.309017, 0.5, -0.809017, 0.0, 0.0, 0.0, 0.0, 1.0 ], [ -0.309017, -0.5, 0.809017, 0.0, 0.5, -0.809017, -0.309017, 0.0, 0.809017, 0.309017, 0.5, 0.0, 0.0, 0.0, 0.0, 1.0 ], [ -0.5, -0.809017, -0.309017, 0.0, -0.809017, 0.309017, 0.5, 0.0, -0.309017, 0.5, -0.809017, 0.0, 0.0, 0.0, 0.0, 1.0 ], [ 0.309017, -0.5, 0.809017, 0.0, -0.5, -0.809017, -0.309017, 0.0, 0.809017, -0.309017, -0.5, 0.0, 0.0, 0.0, 0.0, 1.0 ], [ -0.809017, 0.309017, 0.5, 0.0, 0.309017, -0.5, 0.809017, 0.0, 0.5, 0.809017, 0.309017, 0.0, 0.0, 0.0, 0.0, 1.0 ], [ -0.5, -0.809017, 0.309017, 0.0, -0.809017, 0.309017, -0.5, 0.0, 0.309017, -0.5, -0.809017, 0.0, 0.0, 0.0, 0.0, 1.0 ], [ -0.309017, 0.5, 0.809017, 0.0, -0.5, -0.809017, 0.309017, 0.0, 0.809017, -0.309017, 0.5, 0.0, 0.0, 0.0, 0.0, 1.0 ], [ -0.809017, 0.309017, -0.5, 0.0, -0.309017, 0.5, 0.809017, 0.0, 0.5, 0.809017, -0.309017, 0.0, 0.0, 0.0, 0.0, 1.0 ], [ -0.809017, -0.309017, 0.5, 0.0, -0.309017, -0.5, -0.809017, 0.0, 0.5, -0.809017, 0.309017, 0.0, 0.0, 0.0, 0.0, 1.0 ], [ -0.5, 0.809017, -0.309017, 0.0, -0.809017, -0.309017, 0.5, 0.0, 0.309017, 0.5, 0.809017, 0.0, 0.0, 0.0, 0.0, 1.0 ], [ -0.309017, -0.5, -0.809017, 0.0, -0.5, 0.809017, -0.309017, 0.0, 0.809017, 0.309017, -0.5, 0.0, 0.0, 0.0, 0.0, 1.0 ], [ -1.0, 0.0, 0.0, 0.0, 0.0, 1.0, 0.0, 0.0, 0.0, 0.0, -1.0, 0.0, 0.0, 0.0, 0.0, 1.0 ], [ 0.0, 0.0, -1.0, 0.0, 1.0, 0.0, 0.0, 0.0, 0.0, -1.0, 0.0, 0.0, 0.0, 0.0, 0.0, 1.0 ], [ 0.0, -1.0, 0.0, 0.0, 0.0, 0.0, 1.0, 0.0, -1.0, 0.0, 0.0, 0.0, 0.0, 0.0, 0.0, 1.0 ], [ -0.809017, -0.309017, -0.5, 0.0, 0.309017, 0.5, -0.809017, 0.0, 0.5, -0.809017, -0.309017, 0.0, 0.0, 0.0, 0.0, 1.0 ], [ 0.5, -0.809017, -0.309017, 0.0, 0.809017, 0.309017, 0.5, 0.0, -0.309017, -0.5, 0.809017, 0.0, 0.0, 0.0, 0.0, 1.0 ], [ -0.309017, -0.5, 0.809017, 0.0, -0.5, 0.809017, 0.309017, 0.0, -0.809017, -0.309017, -0.5, 0.0, 0.0, 0.0, 0.0, 1.0 ], [ -0.5, -0.809017, -0.309017, 0.0, 0.809017, -0.309017, -0.5, 0.0, 0.309017, -0.5, 0.809017, 0.0, 0.0, 0.0, 0.0, 1.0 ], [ 0.309017, -0.5, 0.809017, 0.0, 0.5, 0.809017, 0.309017, 0.0, -0.809017, 0.309017, 0.5, 0.0, 0.0, 0.0, 0.0, 1.0 ], [ -0.809017, 0.309017, 0.5, 0.0, -0.309017, 0.5, -0.809017, 0.0, -0.5, -0.809017, -0.309017, 0.0, 0.0, 0.0, 0.0, 1.0 ], [ -0.5, -0.809017, 0.309017, 0.0, 0.809017, -0.309017, 0.5, 0.0, -0.309017, 0.5, 0.809017, 0.0, 0.0, 0.0, 0.0, 1.0 ], [ -0.309017, 0.5, 0.809017, 0.0, 0.5, 0.809017, -0.309017, 0.0, -0.809017, 0.309017, -0.5, 0.0, 0.0, 0.0, 0.0, 1.0 ], [ -0.809017, 0.309017, -0.5, 0.0, 0.309017, -0.5, -0.809017, 0.0, -0.5, -0.809017, 0.309017, 0.0, 0.0, 0.0, 0.0, 1.0 ], [ -0.809017, -0.309017, 0.5, 0.0, 0.309017, 0.5, 0.809017, 0.0, -0.5, 0.809017, -0.309017, 0.0, 0.0, 0.0, 0.0, 1.0 ], [ -0.5, 0.809017, -0.309017, 0.0, 0.809017, 0.309017, -0.5, 0.0, -0.309017, -0.5, -0.809017, 0.0, 0.0, 0.0, 0.0, 1.0 ], [ -0.309017, -0.5, -0.809017, 0.0, 0.5, -0.809017, 0.309017, 0.0, -0.809017, -0.309017, 0.5, 0.0, 0.0, 0.0, 0.0, 1.0 ] ],
  "lights" : {
    "ambientColor" : "#292929",
    "backgroundColor" : "#AFC8DC",
    "directionalLights" : [ {
      "direction" : {
        "x" : 1.0,
        "y" : -1.0,
        "z" : -1.0
      },
      "color" : "#EBEBE4"
    }, {
      "direction" : {
        "x" : -1.0,
        "y" : 0.0,
        "z" : 0.0
      },
      "color" : "#E4E4EB"
    }, {
      "direction" : {
        "x" : 0.0,
        "y" : 0.0,
        "z" : -1.0
      },
      "color" : "#1E1E1E"
    } ]
  },
  "camera" : {
    "viewDistance" : 771.9189,
    "nearClipDistance" : 1.9297972,
    "farClipDistance" : 1543.838,
    "lookAtPoint" : {
      "x" : 0.0,
      "y" : 0.0,
      "z" : 0.0
    },
    "fieldOfView" : 0.44262907,
    "perspective" : false,
    "lookDirection" : {
      "x" : 0.07587545,
      "y" : 0.512252,
      "z" : -0.85547584
    },
    "upDirection" : {
      "x" : 0.016370926,
      "y" : 0.8571855,
      "z" : 0.51472795
    },
    "width" : 347.36365,
    "stereo" : false,
    "position" : {
      "x" : -58.569695,
      "y" : -395.41696,
      "z" : 660.358
    }
  },
  "embedding" : [ 1.0, 0.0, 0.0, 0.0, 0.0, 1.0, 0.0, 0.0, 0.0, 0.0, 1.0, 0.0, 0.0, 0.0, 0.0, 1.0 ],
  "shapes" : [ {
    "id" : "5000786e-ad53-4cf1-9eb6-e1aeb963eb30",
    "vertices" : [ {
      "x" : 0.0,
      "y" : -29.034441,
      "z" : 0.0
    }, {
      "x" : -14.5172205,
      "y" : -23.489357,
      "z" : 8.972136
    }, {
      "x" : 0.0,
      "y" : -76.01315,
      "z" : 46.978714
    } ],
    "faces" : [ {
      "vertices" : [ 0, 1, 2 ]
    }, {
      "vertices" : [ 0, 2, 1 ]
    } ]
  }, {
    "id" : "45e7a31f-3152-4a9f-b399-1924bada472f",
    "vertices" : [ {
      "x" : 29.034441,
      "y" : -29.034441,
      "z" : 29.034441
    }, {
      "x" : 23.489357,
      "y" : -8.972136,
      "z" : 14.5172205
    }, {
      "x" : 14.5172205,
      "y" : -23.489357,
      "z" : 8.972136
    } ],
    "faces" : [ {
      "vertices" : [ 0, 1, 2 ]
    }, {
      "vertices" : [ 0, 2, 1 ]
    } ]
  }, {
    "id" : "7751ac44-55e2-4290-8c7a-dc2b45e13e91",
    "vertices" : [ {
      "x" : 14.5172205,
      "y" : 23.489357,
      "z" : -8.972136
    }, {
      "x" : 23.489357,
      "y" : 8.972136,
      "z" : -14.5172205
    }, {
      "x" : 76.01315,
      "y" : 46.978714,
      "z" : 0.0
    } ],
    "faces" : [ {
      "vertices" : [ 0, 1, 2 ]
    }, {
      "vertices" : [ 0, 2, 1 ]
    } ]
  }, {
    "id" : "a1e8a075-5101-4d48-ab81-30a088bcee75",
    "vertices" : [ {
      "x" : 23.489357,
      "y" : 8.972136,
      "z" : 14.5172205
    }, {
      "x" : 14.5172205,
      "y" : 23.489357,
      "z" : 8.972136
    }, {
      "x" : 76.01315,
      "y" : 46.978714,
      "z" : 0.0
    } ],
    "faces" : [ {
      "vertices" : [ 0, 1, 2 ]
    }, {
      "vertices" : [ 0, 2, 1 ]
    } ]
  }, {
    "id" : "839b078b-03ad-4fd4-8888-0710bedfa83c",
    "vertices" : [ {
      "x" : 46.978714,
      "y" : 0.0,
      "z" : 17.944271
    }, {
      "x" : 23.489357,
      "y" : -8.972136,
      "z" : 14.5172205
    }, {
      "x" : 23.489357,
      "y" : 8.972136,
      "z" : 14.5172205
    } ],
    "faces" : [ {
      "vertices" : [ 0, 1, 2 ]
    }, {
      "vertices" : [ 0, 2, 1 ]
    } ]
  }, {
    "id" : "a75b3e1c-b1d6-48f5-9f88-288aa46887da",
    "vertices" : [ {
      "x" : 29.034441,
      "y" : -29.034441,
      "z" : 29.034441
    }, {
      "x" : 8.972136,
      "y" : -14.5172205,
      "z" : 23.489357
    }, {
      "x" : 23.489357,
      "y" : -8.972136,
      "z" : 14.5172205
    } ],
    "faces" : [ {
      "vertices" : [ 0, 1, 2 ]
    }, {
      "vertices" : [ 0, 2, 1 ]
    } ]
  }, {
    "id" : "125b3510-b723-4a9e-9446-f18902691ba1",
    "vertices" : [ {
      "x" : 29.034441,
      "y" : 29.034441,
      "z" : 29.034441
    }, {
      "x" : 23.489357,
      "y" : 8.972136,
      "z" : 14.5172205
    }, {
      "x" : 8.972136,
      "y" : 14.5172205,
      "z" : 23.489357
    } ],
    "faces" : [ {
      "vertices" : [ 0, 1, 2 ]
    }, {
      "vertices" : [ 0, 2, 1 ]
    } ]
  }, {
    "id" : "2b1c713c-94da-4725-8f59-263f7460cf2b",
    "vertices" : [ {
      "x" : -8.972136,
      "y" : 14.5172205,
      "z" : 23.489357
    }, {
      "x" : -14.5172205,
      "y" : 23.489357,
      "z" : 8.972136
    }, {
      "x" : 0.0,
      "y" : 76.01315,
      "z" : 46.978714
    } ],
    "faces" : [ {
      "vertices" : [ 0, 1, 2 ]
    }, {
      "vertices" : [ 0, 2, 1 ]
    } ]
  }, {
    "id" : "bb153ffe-cceb-4f07-807a-c4cbbaabc421",
    "vertices" : [ {
      "x" : 46.978714,
      "y" : 0.0,
      "z" : -17.944271
    }, {
      "x" : 23.489357,
      "y" : 8.972136,
      "z" : -14.5172205
    }, {
      "x" : 23.489357,
      "y" : -8.972136,
      "z" : -14.5172205
    } ],
    "faces" : [ {
      "vertices" : [ 0, 1, 2 ]
    }, {
      "vertices" : [ 0, 2, 1 ]
    } ]
  }, {
    "id" : "7d108175-3a64-4e5c-bbbc-6e68edd17063",
    "vertices" : [ {
      "x" : -14.5172205,
      "y" : -23.489357,
      "z" : -8.972136
    }, {
      "x" : 0.0,
      "y" : -29.034441,
      "z" : 0.0
    }, {
      "x" : 0.0,
      "y" : -76.01315,
      "z" : -46.978714
    } ],
    "faces" : [ {
      "vertices" : [ 0, 1, 2 ]
    }, {
      "vertices" : [ 0, 2, 1 ]
    } ]
  }, {
    "id" : "c4d5d3bd-3ac0-454d-a184-d598e2c46aa7",
    "vertices" : [ {
      "x" : -23.489357,
      "y" : -8.972136,
      "z" : -14.5172205
    }, {
      "x" : -8.972136,
      "y" : -14.5172205,
      "z" : -23.489357
    }, {
      "x" : -46.978714,
      "y" : 0.0,
      "z" : -76.01315
    } ],
    "faces" : [ {
      "vertices" : [ 0, 1, 2 ]
    }, {
      "vertices" : [ 0, 2, 1 ]
    } ]
  }, {
    "id" : "64490b5f-8333-4b90-b29d-f3d9d851e261",
    "vertices" : [ {
      "x" : -8.972136,
      "y" : -14.5172205,
      "z" : -23.489357
    }, {
      "x" : 0.0,
      "y" : 0.0,
      "z" : -29.034441
    }, {
      "x" : -46.978714,
      "y" : 0.0,
      "z" : -76.01315
    } ],
    "faces" : [ {
      "vertices" : [ 0, 1, 2 ]
    }, {
      "vertices" : [ 0, 2, 1 ]
    } ]
  }, {
    "id" : "9e949219-3df0-41c8-9ba9-2dc8dc0178fd",
    "vertices" : [ {
      "x" : 0.0,
      "y" : -17.944271,
      "z" : -46.978714
    }, {
      "x" : 8.972136,
      "y" : -14.5172205,
      "z" : -23.489357
    }, {
      "x" : 0.0,
      "y" : 0.0,
      "z" : -29.034441
    } ],
    "faces" : [ {
      "vertices" : [ 0, 1, 2 ]
    }, {
      "vertices" : [ 0, 2, 1 ]
    } ]
  }, {
    "id" : "4f6e2df7-18c1-47ac-96d8-cdad31d90a53",
    "vertices" : [ {
      "x" : 29.034441,
      "y" : 29.034441,
      "z" : -29.034441
    }, {
      "x" : 8.972136,
      "y" : 14.5172205,
      "z" : -23.489357
    }, {
      "x" : 23.489357,
      "y" : 8.972136,
      "z" : -14.5172205
    } ],
    "faces" : [ {
      "vertices" : [ 0, 1, 2 ]
    }, {
      "vertices" : [ 0, 2, 1 ]
    } ]
  }, {
    "id" : "4bbf55af-7ddc-4a4b-bb4f-5e63a5dfd5de",
    "vertices" : [ {
      "x" : 8.972136,
      "y" : -14.5172205,
      "z" : -23.489357
    }, {
      "x" : -8.972136,
      "y" : -14.5172205,
      "z" : -23.489357
    }, {
      "x" : 0.0,
      "y" : -76.01315,
      "z" : -46.978714
    } ],
    "faces" : [ {
      "vertices" : [ 0, 1, 2 ]
    }, {
      "vertices" : [ 0, 2, 1 ]
    } ]
  }, {
    "id" : "2439152b-de41-4953-a5d9-35c408577f71",
    "vertices" : [ {
      "x" : 0.0,
      "y" : 17.944271,
      "z" : -46.978714
    }, {
      "x" : -8.972136,
      "y" : 14.5172205,
      "z" : -23.489357
    }, {
      "x" : 0.0,
      "y" : 0.0,
      "z" : -29.034441
    } ],
    "faces" : [ {
      "vertices" : [ 0, 1, 2 ]
    }, {
      "vertices" : [ 0, 2, 1 ]
    } ]
  }, {
    "id" : "98c9fd29-f08b-4377-bb7b-777dd3368926",
    "vertices" : [ {
      "x" : 23.489357,
      "y" : 8.972136,
      "z" : 14.5172205
    }, {
      "x" : 23.489357,
      "y" : -8.972136,
      "z" : 14.5172205
    }, {
      "x" : 46.978714,
      "y" : 0.0,
      "z" : 76.01315
    } ],
    "faces" : [ {
      "vertices" : [ 0, 1, 2 ]
    }, {
      "vertices" : [ 0, 2, 1 ]
    } ]
  }, {
    "id" : "96e82822-e943-4f58-89a5-d15a871e681d",
    "vertices" : [ {
      "x" : -29.034441,
      "y" : -29.034441,
      "z" : 29.034441
    }, {
      "x" : -8.972136,
      "y" : -14.5172205,
      "z" : 23.489357
    }, {
      "x" : -14.5172205,
      "y" : -23.489357,
      "z" : 8.972136
    } ],
    "faces" : [ {
      "vertices" : [ 0, 1, 2 ]
    }, {
      "vertices" : [ 0, 2, 1 ]
    } ]
  }, {
    "id" : "6a7cf558-759e-47a8-b0a2-009f4ef39203",
    "vertices" : [ {
      "x" : -17.944271,
      "y" : 46.978714,
      "z" : 0.0
    }, {
      "x" : -14.5172205,
      "y" : 23.489357,
      "z" : -8.972136
    }, {
      "x" : 0.0,
      "y" : 29.034441,
      "z" : 0.0
    } ],
    "faces" : [ {
      "vertices" : [ 0, 1, 2 ]
    }, {
      "vertices" : [ 0, 2, 1 ]
    } ]
  }, {
    "id" : "3421322d-5a15-488e-9faa-a67ff05e9164",
    "vertices" : [ {
      "x" : 0.0,
      "y" : 0.0,
      "z" : -29.034441
    }, {
      "x" : -8.972136,
      "y" : 14.5172205,
      "z" : -23.489357
    }, {
      "x" : -46.978714,
      "y" : 0.0,
      "z" : -76.01315
    } ],
    "faces" : [ {
      "vertices" : [ 0, 1, 2 ]
    }, {
      "vertices" : [ 0, 2, 1 ]
    } ]
  }, {
    "id" : "286086e3-51e5-4a72-9e69-c5d6e2ec11b5",
    "vertices" : [ {
      "x" : 0.0,
      "y" : -29.034441,
      "z" : 0.0
    }, {
      "x" : 14.5172205,
      "y" : -23.489357,
      "z" : -8.972136
    }, {
      "x" : 0.0,
      "y" : -76.01315,
      "z" : -46.978714
    } ],
    "faces" : [ {
      "vertices" : [ 0, 1, 2 ]
    }, {
      "vertices" : [ 0, 2, 1 ]
    } ]
  }, {
    "id" : "18d3683b-d867-4b86-afab-22988429bd74",
    "vertices" : [ {
      "x" : 0.0,
      "y" : -17.944271,
      "z" : -46.978714
    }, {
      "x" : 0.0,
      "y" : 0.0,
      "z" : -29.034441
    }, {
      "x" : -8.972136,
      "y" : -14.5172205,
      "z" : -23.489357
    } ],
    "faces" : [ {
      "vertices" : [ 0, 1, 2 ]
    }, {
      "vertices" : [ 0, 2, 1 ]
    } ]
  }, {
    "id" : "6643281e-2bbf-4bd2-b82d-9011a6505e32",
    "vertices" : [ {
      "x" : -46.978714,
      "y" : 0.0,
      "z" : 17.944271
    }, {
      "x" : -23.489357,
      "y" : -8.972136,
      "z" : 14.5172205
    }, {
      "x" : -29.034441,
      "y" : 0.0,
      "z" : 0.0
    } ],
    "faces" : [ {
      "vertices" : [ 0, 1, 2 ]
    }, {
      "vertices" : [ 0, 2, 1 ]
    } ]
  }, {
    "id" : "452e39ca-9524-42ad-b898-86b4f491362d",
    "vertices" : [ {
      "x" : -46.978714,
      "y" : 0.0,
      "z" : -17.944271
    }, {
      "x" : -23.489357,
      "y" : 8.972136,
      "z" : -14.5172205
    }, {
      "x" : -29.034441,
      "y" : 0.0,
      "z" : 0.0
    } ],
    "faces" : [ {
      "vertices" : [ 0, 1, 2 ]
    }, {
      "vertices" : [ 0, 2, 1 ]
    } ]
  }, {
    "id" : "9bbedb23-f3d3-4912-afd6-22d9ba3a862a",
    "vertices" : [ {
      "x" : -14.5172205,
      "y" : 23.489357,
      "z" : 8.972136
    }, {
      "x" : -23.489357,
      "y" : 8.972136,
      "z" : 14.5172205
    }, {
      "x" : -76.01315,
      "y" : 46.978714,
      "z" : 0.0
    } ],
    "faces" : [ {
      "vertices" : [ 0, 1, 2 ]
    }, {
      "vertices" : [ 0, 2, 1 ]
    } ]
  }, {
    "id" : "dac39abf-7e40-47ec-b9ba-6b678a551406",
    "vertices" : [ {
      "x" : -46.978714,
      "y" : 0.0,
      "z" : 17.944271
    }, {
      "x" : -23.489357,
      "y" : 8.972136,
      "z" : 14.5172205
    }, {
      "x" : -23.489357,
      "y" : -8.972136,
      "z" : 14.5172205
    } ],
    "faces" : [ {
      "vertices" : [ 0, 1, 2 ]
    }, {
      "vertices" : [ 0, 2, 1 ]
    } ]
  }, {
    "id" : "e9d98ac9-82cd-4b29-a1bf-162f7aad6a80",
    "vertices" : [ {
      "x" : 29.034441,
      "y" : 0.0,
      "z" : 0.0
    }, {
      "x" : 23.489357,
      "y" : 8.972136,
      "z" : 14.5172205
    }, {
      "x" : 76.01315,
      "y" : 46.978714,
      "z" : 0.0
    } ],
    "faces" : [ {
      "vertices" : [ 0, 1, 2 ]
    }, {
      "vertices" : [ 0, 2, 1 ]
    } ]
  }, {
    "id" : "b99e43b1-aca9-4327-a27e-e3f1e9aa34fe",
    "vertices" : [ {
      "x" : 0.0,
      "y" : 17.944271,
      "z" : 46.978714
    }, {
      "x" : -8.972136,
      "y" : 14.5172205,
      "z" : 23.489357
    }, {
      "x" : 8.972136,
      "y" : 14.5172205,
      "z" : 23.489357
    } ],
    "faces" : [ {
      "vertices" : [ 0, 1, 2 ]
    }, {
      "vertices" : [ 0, 2, 1 ]
    } ]
  }, {
    "id" : "900fa362-6e4f-4957-9dc2-ca9652810871",
    "vertices" : [ {
      "x" : 8.972136,
      "y" : -14.5172205,
      "z" : 23.489357
    }, {
      "x" : 14.5172205,
      "y" : -23.489357,
      "z" : 8.972136
    }, {
      "x" : 0.0,
      "y" : -76.01315,
      "z" : 46.978714
    } ],
    "faces" : [ {
      "vertices" : [ 0, 1, 2 ]
    }, {
      "vertices" : [ 0, 2, 1 ]
    } ]
  }, {
    "id" : "30097de7-9f1c-4824-95b2-6f1b920c9b81",
    "vertices" : [ {
      "x" : -29.034441,
      "y" : 29.034441,
      "z" : 29.034441
    }, {
      "x" : -8.972136,
      "y" : 14.5172205,
      "z" : 23.489357
    }, {
      "x" : -23.489357,
      "y" : 8.972136,
      "z" : 14.5172205
    } ],
    "faces" : [ {
      "vertices" : [ 0, 1, 2 ]
    }, {
      "vertices" : [ 0, 2, 1 ]
    } ]
  }, {
    "id" : "1692b927-1d29-4a8d-ad88-091a3a22c054",
    "vertices" : [ {
      "x" : 23.489357,
      "y" : -8.972136,
      "z" : -14.5172205
    }, {
      "x" : 14.5172205,
      "y" : -23.489357,
      "z" : -8.972136
    }, {
      "x" : 76.01315,
      "y" : -46.978714,
      "z" : 0.0
    } ],
    "faces" : [ {
      "vertices" : [ 0, 1, 2 ]
    }, {
      "vertices" : [ 0, 2, 1 ]
    } ]
  }, {
    "id" : "62dfebe1-e70d-4300-94d5-e829c4a2c515",
    "vertices" : [ {
      "x" : -8.972136,
      "y" : -14.5172205,
      "z" : 23.489357
    }, {
      "x" : 8.972136,
      "y" : -14.5172205,
      "z" : 23.489357
    }, {
      "x" : 0.0,
      "y" : -76.01315,
      "z" : 46.978714
    } ],
    "faces" : [ {
      "vertices" : [ 0, 1, 2 ]
    }, {
      "vertices" : [ 0, 2, 1 ]
    } ]
  }, {
    "id" : "d3d5f9ca-9793-4fc3-93e1-4afcff754c6e",
    "vertices" : [ {
      "x" : -8.972136,
      "y" : -14.5172205,
      "z" : 23.489357
    }, {
      "x" : -23.489357,
      "y" : -8.972136,
      "z" : 14.5172205
    }, {
      "x" : -46.978714,
      "y" : 0.0,
      "z" : 76.01315
    } ],
    "faces" : [ {
      "vertices" : [ 0, 1, 2 ]
    }, {
      "vertices" : [ 0, 2, 1 ]
    } ]
  }, {
    "id" : "06538781-56c4-4adf-a67e-6ffd55a60160",
    "vertices" : [ {
      "x" : 0.0,
      "y" : 17.944271,
      "z" : -46.978714
    }, {
      "x" : 0.0,
      "y" : 0.0,
      "z" : -29.034441
    }, {
      "x" : 8.972136,
      "y" : 14.5172205,
      "z" : -23.489357
    } ],
    "faces" : [ {
      "vertices" : [ 0, 1, 2 ]
    }, {
      "vertices" : [ 0, 2, 1 ]
    } ]
  }, {
    "id" : "68191084-8890-4e7a-abe3-74d4194ec0af",
    "vertices" : [ {
      "x" : -8.972136,
      "y" : -14.5172205,
      "z" : -23.489357
    }, {
      "x" : -14.5172205,
      "y" : -23.489357,
      "z" : -8.972136
    }, {
      "x" : 0.0,
      "y" : -76.01315,
      "z" : -46.978714
    } ],
    "faces" : [ {
      "vertices" : [ 0, 1, 2 ]
    }, {
      "vertices" : [ 0, 2, 1 ]
    } ]
  }, {
    "id" : "836c7b75-1fed-49ce-bbc8-9c9aef593523",
    "vertices" : [ {
      "x" : -17.944271,
      "y" : -46.978714,
      "z" : 0.0
    }, {
      "x" : -14.5172205,
      "y" : -23.489357,
      "z" : 8.972136
    }, {
      "x" : 0.0,
      "y" : -29.034441,
      "z" : 0.0
    } ],
    "faces" : [ {
      "vertices" : [ 0, 1, 2 ]
    }, {
      "vertices" : [ 0, 2, 1 ]
    } ]
  }, {
    "id" : "d2dd6242-3cf8-4338-a385-aa7ddb0631b2",
    "vertices" : [ {
      "x" : 46.978714,
      "y" : 0.0,
      "z" : -17.944271
    }, {
      "x" : 29.034441,
      "y" : 0.0,
      "z" : 0.0
    }, {
      "x" : 23.489357,
      "y" : 8.972136,
      "z" : -14.5172205
    } ],
    "faces" : [ {
      "vertices" : [ 0, 1, 2 ]
    }, {
      "vertices" : [ 0, 2, 1 ]
    } ]
  }, {
    "id" : "942f6e4e-e914-42dc-9deb-efca607f1e9d",
    "vertices" : [ {
      "x" : 0.0,
      "y" : -17.944271,
      "z" : -46.978714
    }, {
      "x" : -8.972136,
      "y" : -14.5172205,
      "z" : -23.489357
    }, {
      "x" : 8.972136,
      "y" : -14.5172205,
      "z" : -23.489357
    } ],
    "faces" : [ {
      "vertices" : [ 0, 1, 2 ]
    }, {
      "vertices" : [ 0, 2, 1 ]
    } ]
  }, {
    "id" : "18cfb87b-7c88-40b0-be1e-a2429c5a30dc",
    "vertices" : [ {
      "x" : -14.5172205,
      "y" : -23.489357,
      "z" : -8.972136
    }, {
      "x" : -23.489357,
      "y" : -8.972136,
      "z" : -14.5172205
    }, {
      "x" : -76.01315,
      "y" : -46.978714,
      "z" : 0.0
    } ],
    "faces" : [ {
      "vertices" : [ 0, 1, 2 ]
    }, {
      "vertices" : [ 0, 2, 1 ]
    } ]
  }, {
    "id" : "6f0775c4-1791-4b5b-81dc-f0646f3aed55",
    "vertices" : [ {
      "x" : -23.489357,
      "y" : 8.972136,
      "z" : 14.5172205
    }, {
      "x" : -8.972136,
      "y" : 14.5172205,
      "z" : 23.489357
    }, {
      "x" : -46.978714,
      "y" : 0.0,
      "z" : 76.01315
    } ],
    "faces" : [ {
      "vertices" : [ 0, 1, 2 ]
    }, {
      "vertices" : [ 0, 2, 1 ]
    } ]
  }, {
    "id" : "82b1c2c5-44a6-4af3-a5fd-e3c848b5ce9e",
    "vertices" : [ {
      "x" : -14.5172205,
      "y" : 23.489357,
      "z" : -8.972136
    }, {
      "x" : -8.972136,
      "y" : 14.5172205,
      "z" : -23.489357
    }, {
      "x" : 0.0,
      "y" : 76.01315,
      "z" : -46.978714
    } ],
    "faces" : [ {
      "vertices" : [ 0, 1, 2 ]
    }, {
      "vertices" : [ 0, 2, 1 ]
    } ]
  }, {
    "id" : "125f8425-aa2a-4841-b24a-e771075d8368",
    "vertices" : [ {
      "x" : -14.5172205,
      "y" : 23.489357,
      "z" : 8.972136
    }, {
      "x" : 0.0,
      "y" : 29.034441,
      "z" : 0.0
    }, {
      "x" : 0.0,
      "y" : 76.01315,
      "z" : 46.978714
    } ],
    "faces" : [ {
      "vertices" : [ 0, 1, 2 ]
    }, {
      "vertices" : [ 0, 2, 1 ]
    } ]
  }, {
    "id" : "18c5d789-6c9f-4fd0-a290-573f0bf9186a",
    "vertices" : [ {
      "x" : 23.489357,
      "y" : -8.972136,
      "z" : -14.5172205
    }, {
      "x" : 23.489357,
      "y" : 8.972136,
      "z" : -14.5172205
    }, {
      "x" : 46.978714,
      "y" : 0.0,
      "z" : -76.01315
    } ],
    "faces" : [ {
      "vertices" : [ 0, 1, 2 ]
    }, {
      "vertices" : [ 0, 2, 1 ]
    } ]
  }, {
    "id" : "3f0e7091-9e74-455d-9803-2a7a25472a64",
    "vertices" : [ {
      "x" : -29.034441,
      "y" : -29.034441,
      "z" : 29.034441
    }, {
      "x" : -14.5172205,
      "y" : -23.489357,
      "z" : 8.972136
    }, {
      "x" : -23.489357,
      "y" : -8.972136,
      "z" : 14.5172205
    } ],
    "faces" : [ {
      "vertices" : [ 0, 1, 2 ]
    }, {
      "vertices" : [ 0, 2, 1 ]
    } ]
  }, {
    "id" : "4d0f16e2-a474-496c-964e-09995fa89a6d",
    "vertices" : [ {
      "x" : -23.489357,
      "y" : -8.972136,
      "z" : 14.5172205
    }, {
      "x" : -23.489357,
      "y" : 8.972136,
      "z" : 14.5172205
    }, {
      "x" : -46.978714,
      "y" : 0.0,
      "z" : 76.01315
    } ],
    "faces" : [ {
      "vertices" : [ 0, 1, 2 ]
    }, {
      "vertices" : [ 0, 2, 1 ]
    } ]
  }, {
    "id" : "b61c2044-c731-41bb-8900-5bdddde11bde",
    "vertices" : [ {
      "x" : 0.0,
      "y" : 0.0,
      "z" : 29.034441
    }, {
      "x" : -8.972136,
      "y" : -14.5172205,
      "z" : 23.489357
    }, {
      "x" : -46.978714,
      "y" : 0.0,
      "z" : 76.01315
    } ],
    "faces" : [ {
      "vertices" : [ 0, 1, 2 ]
    }, {
      "vertices" : [ 0, 2, 1 ]
    } ]
  }, {
    "id" : "89441ac5-1642-4557-9a93-8a855735aa63",
    "vertices" : [ {
      "x" : 8.972136,
      "y" : -14.5172205,
      "z" : -23.489357
    }, {
      "x" : 23.489357,
      "y" : -8.972136,
      "z" : -14.5172205
    }, {
      "x" : 46.978714,
      "y" : 0.0,
      "z" : -76.01315
    } ],
    "faces" : [ {
      "vertices" : [ 0, 1, 2 ]
    }, {
      "vertices" : [ 0, 2, 1 ]
    } ]
  }, {
    "id" : "0f124ded-9e1d-460b-8250-a07b7870363f",
    "vertices" : [ {
      "x" : -14.5172205,
      "y" : -23.489357,
      "z" : 8.972136
    }, {
      "x" : -8.972136,
      "y" : -14.5172205,
      "z" : 23.489357
    }, {
      "x" : 0.0,
      "y" : -76.01315,
      "z" : 46.978714
    } ],
    "faces" : [ {
      "vertices" : [ 0, 1, 2 ]
    }, {
      "vertices" : [ 0, 2, 1 ]
    } ]
  }, {
    "id" : "0fc061bd-d83b-4e08-ab13-c744844d1ed9",
    "vertices" : [ {
      "x" : 17.944271,
      "y" : 46.978714,
      "z" : 0.0
    }, {
      "x" : 0.0,
      "y" : 29.034441,
      "z" : 0.0
    }, {
      "x" : 14.5172205,
      "y" : 23.489357,
      "z" : -8.972136
    } ],
    "faces" : [ {
      "vertices" : [ 0, 1, 2 ]
    }, {
      "vertices" : [ 0, 2, 1 ]
    } ]
  }, {
    "id" : "9324078a-5caa-47e5-966d-d57ff529cabf",
    "vertices" : [ {
      "x" : 8.972136,
      "y" : 14.5172205,
      "z" : 23.489357
    }, {
      "x" : -8.972136,
      "y" : 14.5172205,
      "z" : 23.489357
    }, {
      "x" : 0.0,
      "y" : 76.01315,
      "z" : 46.978714
    } ],
    "faces" : [ {
      "vertices" : [ 0, 1, 2 ]
    }, {
      "vertices" : [ 0, 2, 1 ]
    } ]
  }, {
    "id" : "a7e839f1-8246-45ad-9b4e-92dbac301b99",
    "vertices" : [ {
      "x" : 14.5172205,
      "y" : -23.489357,
      "z" : -8.972136
    }, {
      "x" : 14.5172205,
      "y" : -23.489357,
      "z" : 8.972136
    }, {
      "x" : 76.01315,
      "y" : -46.978714,
      "z" : 0.0
    } ],
    "faces" : [ {
      "vertices" : [ 0, 1, 2 ]
    }, {
      "vertices" : [ 0, 2, 1 ]
    } ]
  }, {
    "id" : "d0a4275e-3061-4029-ac06-8e2e3fa47e62",
    "vertices" : [ {
      "x" : 17.944271,
      "y" : 46.978714,
      "z" : 0.0
    }, {
      "x" : 14.5172205,
      "y" : 23.489357,
      "z" : 8.972136
    }, {
      "x" : 0.0,
      "y" : 29.034441,
      "z" : 0.0
    } ],
    "faces" : [ {
      "vertices" : [ 0, 1, 2 ]
    }, {
      "vertices" : [ 0, 2, 1 ]
    } ]
  }, {
    "id" : "8eeed7ad-5ab4-4fc7-9c2f-821bed517238",
    "vertices" : [ {
      "x" : -29.034441,
      "y" : 0.0,
      "z" : 0.0
    }, {
      "x" : -23.489357,
      "y" : -8.972136,
      "z" : 14.5172205
    }, {
      "x" : -76.01315,
      "y" : -46.978714,
      "z" : 0.0
    } ],
    "faces" : [ {
      "vertices" : [ 0, 1, 2 ]
    }, {
      "vertices" : [ 0, 2, 1 ]
    } ]
  }, {
    "id" : "b689b0cc-9865-4adc-bbd6-e835007b9575",
    "vertices" : [ {
      "x" : -29.034441,
      "y" : -29.034441,
      "z" : -29.034441
    }, {
      "x" : -8.972136,
      "y" : -14.5172205,
      "z" : -23.489357
    }, {
      "x" : -23.489357,
      "y" : -8.972136,
      "z" : -14.5172205
    } ],
    "faces" : [ {
      "vertices" : [ 0, 1, 2 ]
    }, {
      "vertices" : [ 0, 2, 1 ]
    } ]
  }, {
    "id" : "9542065d-2a38-4319-8fb0-ffaf9a322b6d",
    "vertices" : [ {
      "x" : -29.034441,
      "y" : -29.034441,
      "z" : -29.034441
    }, {
      "x" : -14.5172205,
      "y" : -23.489357,
      "z" : -8.972136
    }, {
      "x" : -8.972136,
      "y" : -14.5172205,
      "z" : -23.489357
    } ],
    "faces" : [ {
      "vertices" : [ 0, 1, 2 ]
    }, {
      "vertices" : [ 0, 2, 1 ]
    } ]
  }, {
    "id" : "2db42535-4f3f-4645-98d2-359e2a3d0ed3",
    "vertices" : [ {
      "x" : -46.978714,
      "y" : 0.0,
      "z" : 17.944271
    }, {
      "x" : -29.034441,
      "y" : 0.0,
      "z" : 0.0
    }, {
      "x" : -23.489357,
      "y" : 8.972136,
      "z" : 14.5172205
    } ],
    "faces" : [ {
      "vertices" : [ 0, 1, 2 ]
    }, {
      "vertices" : [ 0, 2, 1 ]
    } ]
  }, {
    "id" : "63672c60-dd38-4b4b-9315-afcbeeab958e",
    "vertices" : [ {
      "x" : 14.5172205,
      "y" : -23.489357,
      "z" : -8.972136
    }, {
      "x" : 8.972136,
      "y" : -14.5172205,
      "z" : -23.489357
    }, {
      "x" : 0.0,
      "y" : -76.01315,
      "z" : -46.978714
    } ],
    "faces" : [ {
      "vertices" : [ 0, 1, 2 ]
    }, {
      "vertices" : [ 0, 2, 1 ]
    } ]
  }, {
    "id" : "f6328c40-465d-43d6-94f1-d05cc5503799",
    "vertices" : [ {
      "x" : 23.489357,
      "y" : 8.972136,
      "z" : -14.5172205
    }, {
      "x" : 8.972136,
      "y" : 14.5172205,
      "z" : -23.489357
    }, {
      "x" : 46.978714,
      "y" : 0.0,
      "z" : -76.01315
    } ],
    "faces" : [ {
      "vertices" : [ 0, 1, 2 ]
    }, {
      "vertices" : [ 0, 2, 1 ]
    } ]
  }, {
    "id" : "db096830-37be-4056-9210-237ae0600b9f",
    "vertices" : [ {
      "x" : 23.489357,
      "y" : -8.972136,
      "z" : 14.5172205
    }, {
      "x" : 8.972136,
      "y" : -14.5172205,
      "z" : 23.489357
    }, {
      "x" : 46.978714,
      "y" : 0.0,
      "z" : 76.01315
    } ],
    "faces" : [ {
      "vertices" : [ 0, 1, 2 ]
    }, {
      "vertices" : [ 0, 2, 1 ]
    } ]
  }, {
    "id" : "3876e370-1087-4ba4-90a2-05d7fc0184cb",
    "vertices" : [ {
      "x" : -17.944271,
      "y" : -46.978714,
      "z" : 0.0
    }, {
      "x" : 0.0,
      "y" : -29.034441,
      "z" : 0.0
    }, {
      "x" : -14.5172205,
      "y" : -23.489357,
      "z" : -8.972136
    } ],
    "faces" : [ {
      "vertices" : [ 0, 1, 2 ]
    }, {
      "vertices" : [ 0, 2, 1 ]
    } ]
  }, {
    "id" : "99b92124-c50b-467d-9809-9e291a3f47c7",
    "vertices" : [ {
      "x" : -46.978714,
      "y" : 0.0,
      "z" : -17.944271
    }, {
      "x" : -29.034441,
      "y" : 0.0,
      "z" : 0.0
    }, {
      "x" : -23.489357,
      "y" : -8.972136,
      "z" : -14.5172205
    } ],
    "faces" : [ {
      "vertices" : [ 0, 1, 2 ]
    }, {
      "vertices" : [ 0, 2, 1 ]
    } ]
  }, {
    "id" : "cca029f7-aa44-486b-9796-4defeddd0c58",
    "vertices" : [ {
      "x" : 29.034441,
      "y" : -29.034441,
      "z" : -29.034441
    }, {
      "x" : 23.489357,
      "y" : -8.972136,
      "z" : -14.5172205
    }, {
      "x" : 8.972136,
      "y" : -14.5172205,
      "z" : -23.489357
    } ],
    "faces" : [ {
      "vertices" : [ 0, 1, 2 ]
    }, {
      "vertices" : [ 0, 2, 1 ]
    } ]
  }, {
    "id" : "d8592820-617f-452c-ab4c-f5df9bd7a9ff",
    "vertices" : [ {
      "x" : -23.489357,
      "y" : 8.972136,
      "z" : -14.5172205
    }, {
      "x" : -23.489357,
      "y" : -8.972136,
      "z" : -14.5172205
    }, {
      "x" : -46.978714,
      "y" : 0.0,
      "z" : -76.01315
    } ],
    "faces" : [ {
      "vertices" : [ 0, 1, 2 ]
    }, {
      "vertices" : [ 0, 2, 1 ]
    } ]
  }, {
    "id" : "381e3ee4-7a10-4321-a980-b5cd2a1bf420",
    "vertices" : [ {
      "x" : -23.489357,
      "y" : 8.972136,
      "z" : 14.5172205
    }, {
      "x" : -29.034441,
      "y" : 0.0,
      "z" : 0.0
    }, {
      "x" : -76.01315,
      "y" : 46.978714,
      "z" : 0.0
    } ],
    "faces" : [ {
      "vertices" : [ 0, 1, 2 ]
    }, {
      "vertices" : [ 0, 2, 1 ]
    } ]
  }, {
    "id" : "8f8beb4a-95ad-4254-b50f-c21deeb959c6",
    "vertices" : [ {
      "x" : -29.034441,
      "y" : 29.034441,
      "z" : -29.034441
    }, {
      "x" : -8.972136,
      "y" : 14.5172205,
      "z" : -23.489357
    }, {
      "x" : -14.5172205,
      "y" : 23.489357,
      "z" : -8.972136
    } ],
    "faces" : [ {
      "vertices" : [ 0, 1, 2 ]
    }, {
      "vertices" : [ 0, 2, 1 ]
    } ]
  }, {
    "id" : "84e4cfdb-551d-4059-a401-6732dec2b1b8",
    "vertices" : [ {
      "x" : 29.034441,
      "y" : 29.034441,
      "z" : 29.034441
    }, {
      "x" : 8.972136,
      "y" : 14.5172205,
      "z" : 23.489357
    }, {
      "x" : 14.5172205,
      "y" : 23.489357,
      "z" : 8.972136
    } ],
    "faces" : [ {
      "vertices" : [ 0, 1, 2 ]
    }, {
      "vertices" : [ 0, 2, 1 ]
    } ]
  }, {
    "id" : "725987ed-9031-4790-bba2-e415de77e2ac",
    "vertices" : [ {
      "x" : -46.978714,
      "y" : 0.0,
      "z" : -17.944271
    }, {
      "x" : -23.489357,
      "y" : -8.972136,
      "z" : -14.5172205
    }, {
      "x" : -23.489357,
      "y" : 8.972136,
      "z" : -14.5172205
    } ],
    "faces" : [ {
      "vertices" : [ 0, 1, 2 ]
    }, {
      "vertices" : [ 0, 2, 1 ]
    } ]
  }, {
    "id" : "d6c91bd4-253e-4c9a-b747-70a2cd4fd3ea",
    "vertices" : [ {
      "x" : 29.034441,
      "y" : 29.034441,
      "z" : -29.034441
    }, {
      "x" : 23.489357,
      "y" : 8.972136,
      "z" : -14.5172205
    }, {
      "x" : 14.5172205,
      "y" : 23.489357,
      "z" : -8.972136
    } ],
    "faces" : [ {
      "vertices" : [ 0, 1, 2 ]
    }, {
      "vertices" : [ 0, 2, 1 ]
    } ]
  }, {
    "id" : "f8d95f73-991a-4232-909b-6e1b44ee4df0",
    "vertices" : [ {
      "x" : -17.944271,
      "y" : -46.978714,
      "z" : 0.0
    }, {
      "x" : -14.5172205,
      "y" : -23.489357,
      "z" : -8.972136
    }, {
      "x" : -14.5172205,
      "y" : -23.489357,
      "z" : 8.972136
    } ],
    "faces" : [ {
      "vertices" : [ 0, 1, 2 ]
    }, {
      "vertices" : [ 0, 2, 1 ]
    } ]
  }, {
    "id" : "b269be4c-5894-4454-8caa-b0993f3e7b87",
    "vertices" : [ {
      "x" : 46.978714,
      "y" : 0.0,
      "z" : 17.944271
    }, {
      "x" : 29.034441,
      "y" : 0.0,
      "z" : 0.0
    }, {
      "x" : 23.489357,
      "y" : -8.972136,
      "z" : 14.5172205
    } ],
    "faces" : [ {
      "vertices" : [ 0, 1, 2 ]
    }, {
      "vertices" : [ 0, 2, 1 ]
    } ]
  }, {
    "id" : "3be389bb-3bfc-44a4-ba11-409492728138",
    "vertices" : [ {
      "x" : 0.0,
      "y" : 17.944271,
      "z" : -46.978714
    }, {
      "x" : 8.972136,
      "y" : 14.5172205,
      "z" : -23.489357
    }, {
      "x" : -8.972136,
      "y" : 14.5172205,
      "z" : -23.489357
    } ],
    "faces" : [ {
      "vertices" : [ 0, 1, 2 ]
    }, {
      "vertices" : [ 0, 2, 1 ]
    } ]
  }, {
    "id" : "a900d0d5-3514-4af7-9c00-61fe156d236d",
    "vertices" : [ {
      "x" : 17.944271,
      "y" : 46.978714,
      "z" : 0.0
    }, {
      "x" : 14.5172205,
      "y" : 23.489357,
      "z" : -8.972136
    }, {
      "x" : 14.5172205,
      "y" : 23.489357,
      "z" : 8.972136
    } ],
    "faces" : [ {
      "vertices" : [ 0, 1, 2 ]
    }, {
      "vertices" : [ 0, 2, 1 ]
    } ]
  }, {
    "id" : "5aa4ed92-1917-40c4-a8df-972d2e2d1a06",
    "vertices" : [ {
      "x" : -8.972136,
      "y" : 14.5172205,
      "z" : -23.489357
    }, {
      "x" : 8.972136,
      "y" : 14.5172205,
      "z" : -23.489357
    }, {
      "x" : 0.0,
      "y" : 76.01315,
      "z" : -46.978714
    } ],
    "faces" : [ {
      "vertices" : [ 0, 1, 2 ]
    }, {
      "vertices" : [ 0, 2, 1 ]
    } ]
  }, {
    "id" : "dbb831b0-b37b-4f3f-982a-65b340b59450",
    "vertices" : [ {
      "x" : -29.034441,
      "y" : 0.0,
      "z" : 0.0
    }, {
      "x" : -23.489357,
      "y" : 8.972136,
      "z" : -14.5172205
    }, {
      "x" : -76.01315,
      "y" : 46.978714,
      "z" : 0.0
    } ],
    "faces" : [ {
      "vertices" : [ 0, 1, 2 ]
    }, {
      "vertices" : [ 0, 2, 1 ]
    } ]
  }, {
    "id" : "40f291b2-bd1e-42fb-a6f7-09de92da5209",
    "vertices" : [ {
      "x" : 0.0,
      "y" : 0.0,
      "z" : -29.034441
    }, {
      "x" : 8.972136,
      "y" : -14.5172205,
      "z" : -23.489357
    }, {
      "x" : 46.978714,
      "y" : 0.0,
      "z" : -76.01315
    } ],
    "faces" : [ {
      "vertices" : [ 0, 1, 2 ]
    }, {
      "vertices" : [ 0, 2, 1 ]
    } ]
  }, {
    "id" : "74847b3c-e380-4d9f-b804-537d580c02a2",
    "vertices" : [ {
      "x" : 0.0,
      "y" : -17.944271,
      "z" : 46.978714
    }, {
      "x" : 0.0,
      "y" : 0.0,
      "z" : 29.034441
    }, {
      "x" : 8.972136,
      "y" : -14.5172205,
      "z" : 23.489357
    } ],
    "faces" : [ {
      "vertices" : [ 0, 1, 2 ]
    }, {
      "vertices" : [ 0, 2, 1 ]
    } ]
  }, {
    "id" : "513ee14f-a310-456f-8bc0-9f77abea08b8",
    "vertices" : [ {
      "x" : -8.972136,
      "y" : 14.5172205,
      "z" : -23.489357
    }, {
      "x" : -23.489357,
      "y" : 8.972136,
      "z" : -14.5172205
    }, {
      "x" : -46.978714,
      "y" : 0.0,
      "z" : -76.01315
    } ],
    "faces" : [ {
      "vertices" : [ 0, 1, 2 ]
    }, {
      "vertices" : [ 0, 2, 1 ]
    } ]
  }, {
    "id" : "fbba3a0c-4077-4103-aa4d-b8371af78355",
    "vertices" : [ {
      "x" : 14.5172205,
      "y" : -23.489357,
      "z" : 8.972136
    }, {
      "x" : 23.489357,
      "y" : -8.972136,
      "z" : 14.5172205
    }, {
      "x" : 76.01315,
      "y" : -46.978714,
      "z" : 0.0
    } ],
    "faces" : [ {
      "vertices" : [ 0, 1, 2 ]
    }, {
      "vertices" : [ 0, 2, 1 ]
    } ]
  }, {
    "id" : "1464273f-bdad-4f75-8e9d-5a9690f0cec7",
    "vertices" : [ {
      "x" : -29.034441,
      "y" : 29.034441,
      "z" : 29.034441
    }, {
      "x" : -23.489357,
      "y" : 8.972136,
      "z" : 14.5172205
    }, {
      "x" : -14.5172205,
      "y" : 23.489357,
      "z" : 8.972136
    } ],
    "faces" : [ {
      "vertices" : [ 0, 1, 2 ]
    }, {
      "vertices" : [ 0, 2, 1 ]
    } ]
  }, {
    "id" : "bab809bf-8edb-43f5-b025-f969f9866885",
    "vertices" : [ {
      "x" : -14.5172205,
      "y" : -23.489357,
      "z" : 8.972136
    }, {
      "x" : -14.5172205,
      "y" : -23.489357,
      "z" : -8.972136
    }, {
      "x" : -76.01315,
      "y" : -46.978714,
      "z" : 0.0
    } ],
