{
  "polygons" : "true",
  "field" : "golden",
  "symmetry" : "icosahedral",
  "orientations" : [ [ 1.0, 0.0, 0.0, 0.0, 0.0, 1.0, 0.0, 0.0, 0.0, 0.0, 1.0, 0.0, 0.0, 0.0, 0.0, 1.0 ], [ 0.0, 0.0, 1.0, 0.0, 1.0, 0.0, 0.0, 0.0, 0.0, 1.0, 0.0, 0.0, 0.0, 0.0, 0.0, 1.0 ], [ 0.0, 1.0, 0.0, 0.0, 0.0, 0.0, 1.0, 0.0, 1.0, 0.0, 0.0, 0.0, 0.0, 0.0, 0.0, 1.0 ], [ 0.809017, 0.309017, 0.5, 0.0, 0.309017, 0.5, -0.809017, 0.0, -0.5, 0.809017, 0.309017, 0.0, 0.0, 0.0, 0.0, 1.0 ], [ -0.5, 0.809017, 0.309017, 0.0, 0.809017, 0.309017, 0.5, 0.0, 0.309017, 0.5, -0.809017, 0.0, 0.0, 0.0, 0.0, 1.0 ], [ 0.309017, 0.5, -0.809017, 0.0, -0.5, 0.809017, 0.309017, 0.0, 0.809017, 0.309017, 0.5, 0.0, 0.0, 0.0, 0.0, 1.0 ], [ 0.5, 0.809017, 0.309017, 0.0, 0.809017, -0.309017, -0.5, 0.0, -0.309017, 0.5, -0.809017, 0.0, 0.0, 0.0, 0.0, 1.0 ], [ -0.309017, 0.5, -0.809017, 0.0, 0.5, 0.809017, 0.309017, 0.0, 0.809017, -0.309017, -0.5, 0.0, 0.0, 0.0, 0.0, 1.0 ], [ 0.809017, -0.309017, -0.5, 0.0, -0.309017, 0.5, -0.809017, 0.0, 0.5, 0.809017, 0.309017, 0.0, 0.0, 0.0, 0.0, 1.0 ], [ 0.5, 0.809017, -0.309017, 0.0, 0.809017, -0.309017, 0.5, 0.0, 0.309017, -0.5, -0.809017, 0.0, 0.0, 0.0, 0.0, 1.0 ], [ 0.309017, -0.5, -0.809017, 0.0, 0.5, 0.809017, -0.309017, 0.0, 0.809017, -0.309017, 0.5, 0.0, 0.0, 0.0, 0.0, 1.0 ], [ 0.809017, -0.309017, 0.5, 0.0, 0.309017, -0.5, -0.809017, 0.0, 0.5, 0.809017, -0.309017, 0.0, 0.0, 0.0, 0.0, 1.0 ], [ 0.809017, 0.309017, -0.5, 0.0, 0.309017, 0.5, 0.809017, 0.0, 0.5, -0.809017, 0.309017, 0.0, 0.0, 0.0, 0.0, 1.0 ], [ 0.5, -0.809017, 0.309017, 0.0, 0.809017, 0.309017, -0.5, 0.0, 0.309017, 0.5, 0.809017, 0.0, 0.0, 0.0, 0.0, 1.0 ], [ 0.309017, 0.5, 0.809017, 0.0, 0.5, -0.809017, 0.309017, 0.0, 0.809017, 0.309017, -0.5, 0.0, 0.0, 0.0, 0.0, 1.0 ], [ 1.0, 0.0, 0.0, 0.0, 0.0, -1.0, 0.0, 0.0, 0.0, 0.0, -1.0, 0.0, 0.0, 0.0, 0.0, 1.0 ], [ 0.0, 0.0, 1.0, 0.0, -1.0, 0.0, 0.0, 0.0, 0.0, -1.0, 0.0, 0.0, 0.0, 0.0, 0.0, 1.0 ], [ 0.0, 1.0, 0.0, 0.0, 0.0, 0.0, -1.0, 0.0, -1.0, 0.0, 0.0, 0.0, 0.0, 0.0, 0.0, 1.0 ], [ 0.809017, 0.309017, 0.5, 0.0, -0.309017, -0.5, 0.809017, 0.0, 0.5, -0.809017, -0.309017, 0.0, 0.0, 0.0, 0.0, 1.0 ], [ -0.5, 0.809017, 0.309017, 0.0, -0.809017, -0.309017, -0.5, 0.0, -0.309017, -0.5, 0.809017, 0.0, 0.0, 0.0, 0.0, 1.0 ], [ 0.309017, 0.5, -0.809017, 0.0, 0.5, -0.809017, -0.309017, 0.0, -0.809017, -0.309017, -0.5, 0.0, 0.0, 0.0, 0.0, 1.0 ], [ 0.5, 0.809017, 0.309017, 0.0, -0.809017, 0.309017, 0.5, 0.0, 0.309017, -0.5, 0.809017, 0.0, 0.0, 0.0, 0.0, 1.0 ], [ -0.309017, 0.5, -0.809017, 0.0, -0.5, -0.809017, -0.309017, 0.0, -0.809017, 0.309017, 0.5, 0.0, 0.0, 0.0, 0.0, 1.0 ], [ 0.809017, -0.309017, -0.5, 0.0, 0.309017, -0.5, 0.809017, 0.0, -0.5, -0.809017, -0.309017, 0.0, 0.0, 0.0, 0.0, 1.0 ], [ 0.5, 0.809017, -0.309017, 0.0, -0.809017, 0.309017, -0.5, 0.0, -0.309017, 0.5, 0.809017, 0.0, 0.0, 0.0, 0.0, 1.0 ], [ 0.309017, -0.5, -0.809017, 0.0, -0.5, -0.809017, 0.309017, 0.0, -0.809017, 0.309017, -0.5, 0.0, 0.0, 0.0, 0.0, 1.0 ], [ 0.809017, -0.309017, 0.5, 0.0, -0.309017, 0.5, 0.809017, 0.0, -0.5, -0.809017, 0.309017, 0.0, 0.0, 0.0, 0.0, 1.0 ], [ 0.809017, 0.309017, -0.5, 0.0, -0.309017, -0.5, -0.809017, 0.0, -0.5, 0.809017, -0.309017, 0.0, 0.0, 0.0, 0.0, 1.0 ], [ 0.5, -0.809017, 0.309017, 0.0, -0.809017, -0.309017, 0.5, 0.0, -0.309017, -0.5, -0.809017, 0.0, 0.0, 0.0, 0.0, 1.0 ], [ 0.309017, 0.5, 0.809017, 0.0, -0.5, 0.809017, -0.309017, 0.0, -0.809017, -0.309017, 0.5, 0.0, 0.0, 0.0, 0.0, 1.0 ], [ -1.0, 0.0, 0.0, 0.0, 0.0, -1.0, 0.0, 0.0, 0.0, 0.0, 1.0, 0.0, 0.0, 0.0, 0.0, 1.0 ], [ 0.0, 0.0, -1.0, 0.0, -1.0, 0.0, 0.0, 0.0, 0.0, 1.0, 0.0, 0.0, 0.0, 0.0, 0.0, 1.0 ], [ 0.0, -1.0, 0.0, 0.0, 0.0, 0.0, -1.0, 0.0, 1.0, 0.0, 0.0, 0.0, 0.0, 0.0, 0.0, 1.0 ], [ -0.809017, -0.309017, -0.5, 0.0, -0.309017, -0.5, 0.809017, 0.0, -0.5, 0.809017, 0.309017, 0.0, 0.0, 0.0, 0.0, 1.0 ], [ 0.5, -0.809017, -0.309017, 0.0, -0.809017, -0.309017, -0.5, 0.0, 0.309017, 0.5, -0.809017, 0.0, 0.0, 0.0, 0.0, 1.0 ], [ -0.309017, -0.5, 0.809017, 0.0, 0.5, -0.809017, -0.309017, 0.0, 0.809017, 0.309017, 0.5, 0.0, 0.0, 0.0, 0.0, 1.0 ], [ -0.5, -0.809017, -0.309017, 0.0, -0.809017, 0.309017, 0.5, 0.0, -0.309017, 0.5, -0.809017, 0.0, 0.0, 0.0, 0.0, 1.0 ], [ 0.309017, -0.5, 0.809017, 0.0, -0.5, -0.809017, -0.309017, 0.0, 0.809017, -0.309017, -0.5, 0.0, 0.0, 0.0, 0.0, 1.0 ], [ -0.809017, 0.309017, 0.5, 0.0, 0.309017, -0.5, 0.809017, 0.0, 0.5, 0.809017, 0.309017, 0.0, 0.0, 0.0, 0.0, 1.0 ], [ -0.5, -0.809017, 0.309017, 0.0, -0.809017, 0.309017, -0.5, 0.0, 0.309017, -0.5, -0.809017, 0.0, 0.0, 0.0, 0.0, 1.0 ], [ -0.309017, 0.5, 0.809017, 0.0, -0.5, -0.809017, 0.309017, 0.0, 0.809017, -0.309017, 0.5, 0.0, 0.0, 0.0, 0.0, 1.0 ], [ -0.809017, 0.309017, -0.5, 0.0, -0.309017, 0.5, 0.809017, 0.0, 0.5, 0.809017, -0.309017, 0.0, 0.0, 0.0, 0.0, 1.0 ], [ -0.809017, -0.309017, 0.5, 0.0, -0.309017, -0.5, -0.809017, 0.0, 0.5, -0.809017, 0.309017, 0.0, 0.0, 0.0, 0.0, 1.0 ], [ -0.5, 0.809017, -0.309017, 0.0, -0.809017, -0.309017, 0.5, 0.0, 0.309017, 0.5, 0.809017, 0.0, 0.0, 0.0, 0.0, 1.0 ], [ -0.309017, -0.5, -0.809017, 0.0, -0.5, 0.809017, -0.309017, 0.0, 0.809017, 0.309017, -0.5, 0.0, 0.0, 0.0, 0.0, 1.0 ], [ -1.0, 0.0, 0.0, 0.0, 0.0, 1.0, 0.0, 0.0, 0.0, 0.0, -1.0, 0.0, 0.0, 0.0, 0.0, 1.0 ], [ 0.0, 0.0, -1.0, 0.0, 1.0, 0.0, 0.0, 0.0, 0.0, -1.0, 0.0, 0.0, 0.0, 0.0, 0.0, 1.0 ], [ 0.0, -1.0, 0.0, 0.0, 0.0, 0.0, 1.0, 0.0, -1.0, 0.0, 0.0, 0.0, 0.0, 0.0, 0.0, 1.0 ], [ -0.809017, -0.309017, -0.5, 0.0, 0.309017, 0.5, -0.809017, 0.0, 0.5, -0.809017, -0.309017, 0.0, 0.0, 0.0, 0.0, 1.0 ], [ 0.5, -0.809017, -0.309017, 0.0, 0.809017, 0.309017, 0.5, 0.0, -0.309017, -0.5, 0.809017, 0.0, 0.0, 0.0, 0.0, 1.0 ], [ -0.309017, -0.5, 0.809017, 0.0, -0.5, 0.809017, 0.309017, 0.0, -0.809017, -0.309017, -0.5, 0.0, 0.0, 0.0, 0.0, 1.0 ], [ -0.5, -0.809017, -0.309017, 0.0, 0.809017, -0.309017, -0.5, 0.0, 0.309017, -0.5, 0.809017, 0.0, 0.0, 0.0, 0.0, 1.0 ], [ 0.309017, -0.5, 0.809017, 0.0, 0.5, 0.809017, 0.309017, 0.0, -0.809017, 0.309017, 0.5, 0.0, 0.0, 0.0, 0.0, 1.0 ], [ -0.809017, 0.309017, 0.5, 0.0, -0.309017, 0.5, -0.809017, 0.0, -0.5, -0.809017, -0.309017, 0.0, 0.0, 0.0, 0.0, 1.0 ], [ -0.5, -0.809017, 0.309017, 0.0, 0.809017, -0.309017, 0.5, 0.0, -0.309017, 0.5, 0.809017, 0.0, 0.0, 0.0, 0.0, 1.0 ], [ -0.309017, 0.5, 0.809017, 0.0, 0.5, 0.809017, -0.309017, 0.0, -0.809017, 0.309017, -0.5, 0.0, 0.0, 0.0, 0.0, 1.0 ], [ -0.809017, 0.309017, -0.5, 0.0, 0.309017, -0.5, -0.809017, 0.0, -0.5, -0.809017, 0.309017, 0.0, 0.0, 0.0, 0.0, 1.0 ], [ -0.809017, -0.309017, 0.5, 0.0, 0.309017, 0.5, 0.809017, 0.0, -0.5, 0.809017, -0.309017, 0.0, 0.0, 0.0, 0.0, 1.0 ], [ -0.5, 0.809017, -0.309017, 0.0, 0.809017, 0.309017, -0.5, 0.0, -0.309017, -0.5, -0.809017, 0.0, 0.0, 0.0, 0.0, 1.0 ], [ -0.309017, -0.5, -0.809017, 0.0, 0.5, -0.809017, 0.309017, 0.0, -0.809017, -0.309017, 0.5, 0.0, 0.0, 0.0, 0.0, 1.0 ] ],
  "lights" : {
    "ambientColor" : "#292929",
    "backgroundColor" : "#E0EFFF",
    "directionalLights" : [ {
      "direction" : [ 1.0, -1.0, -1.0 ],
      "color" : "#EBEBE4"
    }, {
      "direction" : [ -1.0, 0.0, 0.0 ],
      "color" : "#E4E4EB"
    }, {
      "direction" : [ 0.0, 0.0, -1.0 ],
      "color" : "#1E1E1E"
    } ]
  },
  "camera" : {
    "viewDistance" : 241.98589,
    "nearClipDistance" : 0.6049703,
    "farClipDistance" : 483.97293,
    "lookAtPoint" : {
      "x" : 0.0,
      "y" : 0.0,
      "z" : 0.0
    },
    "fieldOfView" : 0.4426324,
    "perspective" : false,
    "lookDirection" : {
      "x" : -0.7547485,
      "y" : -0.65218335,
      "z" : 0.07087615
    },
    "upDirection" : {
      "x" : -0.61368984,
      "y" : 0.6637677,
      "z" : -0.42738363
    },
    "stereo" : false,
    "width" : 108.89455,
    "position" : {
      "x" : 182.63849,
      "y" : 157.81917,
      "z" : -17.151028
    }
  },
  "embedding" : [ 1.0, 0.0, 0.0, 0.0, 0.0, 1.0, 0.0, 0.0, 0.0, 0.0, 1.0, 0.0, 0.0, 0.0, 0.0, 1.0 ],
  "shapes" : [ {
    "id" : "eec7fe17-e997-4fb4-ad48-8cb089b8b1ca",
    "vertices" : [ {
      "x" : 0.0,
      "y" : 0.0,
      "z" : 0.0
    }, {
      "x" : 0.35410196,
      "y" : -0.13525492,
      "z" : 0.927051
    }, {
      "x" : 0.56622815,
      "y" : -2.7485292,
      "z" : 1.4824046
    } ],
    "faces" : [ {
      "vertices" : [ 0, 1, 2 ]
    }, {
      "vertices" : [ 0, 2, 1 ]
    } ]
  }, {
    "id" : "5eff8737-4076-40ec-b03f-dbeebfb5a761",
    "vertices" : [ {
      "x" : 0.0,
      "y" : 0.0,
      "z" : 0.0
    }, {
      "x" : -3.7034442,
      "y" : -6.998182,
      "z" : -9.695743
    }, {
      "x" : -3.7034442,
      "y" : 2.58541,
      "z" : -9.695743
    } ],
    "faces" : [ {
      "vertices" : [ 0, 1, 2 ]
    }, {
      "vertices" : [ 0, 2, 1 ]
    } ]
  }, {
    "id" : "95dbebfb-ef07-4d9e-b9b9-0f68c1994fda",
    "vertices" : [ {
      "x" : 0.0,
      "y" : 0.0,
      "z" : 0.0
    }, {
      "x" : 3.0978713,
      "y" : -0.4347524,
      "z" : 2.1257355
    }, {
      "x" : 7.854102,
      "y" : -3.0,
      "z" : 1.145898
    } ],
    "faces" : [ {
      "vertices" : [ 0, 1, 2 ]
    }, {
      "vertices" : [ 0, 2, 1 ]
    } ]
  }, {
    "id" : "7a17dc6e-83ca-4e6d-baa4-c7fcf297f415",
    "vertices" : [ {
      "x" : 0.0,
      "y" : 0.0,
      "z" : 0.0
    }, {
      "x" : -0.27050984,
      "y" : -0.97871375,
      "z" : -0.7082039
    }, {
      "x" : -0.71968454,
      "y" : 1.2016262,
      "z" : -1.8841586
    }, {
      "x" : -0.48361656,
      "y" : 2.3475242,
      "z" : -1.2661246
    } ],
    "faces" : [ {
      "vertices" : [ 0, 1, 2, 3 ]
    }, {
      "vertices" : [ 0, 3, 2, 1 ]
    } ]
  }, {
    "id" : "3b2e7caf-f9e4-49bf-b8c8-ae91cd1f8e48",
    "vertices" : [ {
      "x" : 0.0,
      "y" : 0.0,
      "z" : 0.0
    }, {
      "x" : -1.3416408,
      "y" : -0.5124612,
      "z" : -2.4875388
    }, {
      "x" : -4.9193497,
      "y" : 1.4171569,
      "z" : -1.7504903
    }, {
      "x" : -3.0652475,
      "y" : 1.653225,
      "z" : 0.63147575
    } ],
    "faces" : [ {
      "vertices" : [ 0, 1, 2, 3 ]
    }, {
      "vertices" : [ 0, 3, 2, 1 ]
    } ]
  }, {
    "id" : "a844f912-bb09-4663-bd01-341a58a47e9a",
    "vertices" : [ {
      "x" : 0.0,
      "y" : 0.0,
      "z" : 0.0
    }, {
      "x" : 0.0,
      "y" : 1.7082039,
      "z" : 0.0
    }, {
      "x" : 0.0,
      "y" : 2.0,
      "z" : 9.583592
    }, {
      "x" : 0.0,
      "y" : -0.29179606,
      "z" : 9.583592
    } ],
    "faces" : [ {
      "vertices" : [ 0, 1, 2, 3 ]
    }, {
      "vertices" : [ 0, 3, 2, 1 ]
    } ]
  }, {
    "id" : "bdbdcfd4-1ae8-43e7-8fbd-e77ab496c537",
    "vertices" : [ {
      "x" : 0.0,
      "y" : 0.0,
      "z" : 0.0
    }, {
      "x" : 6.9519734,
      "y" : -2.972136,
      "z" : 18.200502
    }, {
      "x" : 6.472136,
      "y" : -10.472136,
      "z" : 16.944271
    } ],
    "faces" : [ {
      "vertices" : [ 0, 1, 2 ]
    }, {
      "vertices" : [ 0, 2, 1 ]
    } ]
  }, {
    "id" : "eca6518b-80c5-4afb-a309-b0569138658a",
    "vertices" : [ {
      "x" : 0.0,
      "y" : 0.0,
      "z" : 0.0
    }, {
      "x" : 0.97983736,
      "y" : -1.0480267,
      "z" : 2.5652475
    }, {
      "x" : 4.4068885,
      "y" : -17.68328,
      "z" : 11.537383
    }, {
      "x" : 4.09017,
      "y" : -19.854101,
      "z" : 10.708204
    } ],
    "faces" : [ {
      "vertices" : [ 0, 1, 2, 3 ]
    }, {
      "vertices" : [ 0, 3, 2, 1 ]
    } ]
  }, {
    "id" : "44e65793-73d2-49a6-80b9-0d6b68dfb842",
    "vertices" : [ {
      "x" : 0.0,
      "y" : 0.0,
      "z" : 0.0
    }, {
      "x" : -0.13525492,
      "y" : 0.927051,
      "z" : -0.35410196
    }, {
      "x" : 0.56622815,
      "y" : 2.7485292,
      "z" : 1.4824046
    } ],
    "faces" : [ {
      "vertices" : [ 0, 1, 2 ]
    }, {
      "vertices" : [ 0, 2, 1 ]
    } ]
  }, {
    "id" : "18761f51-ce88-4759-8790-9ac33b48ec54",
    "vertices" : [ {
      "x" : 0.0,
      "y" : 0.0,
      "z" : 0.0
    }, {
      "x" : -0.97983736,
      "y" : -4.7562304,
      "z" : -2.5652475
    }, {
      "x" : -0.97983736,
      "y" : -1.0480267,
      "z" : -2.5652475
    } ],
    "faces" : [ {
      "vertices" : [ 0, 1, 2 ]
    }, {
      "vertices" : [ 0, 2, 1 ]
    } ]
  }, {
    "id" : "eb0ad904-f0d4-41d8-b4ca-b8f75978f1d4",
    "vertices" : [ {
      "x" : 0.0,
      "y" : 0.0,
      "z" : 0.0
    }, {
      "x" : 0.0,
      "y" : -2.291796,
      "z" : 0.0
    }, {
      "x" : 0.0,
      "y" : -2.0,
      "z" : -5.875388
    }, {
      "x" : 0.0,
      "y" : -0.29179606,
      "z" : -5.875388
    } ],
    "faces" : [ {
      "vertices" : [ 0, 1, 2, 3 ]
    }, {
      "vertices" : [ 0, 3, 2, 1 ]
    } ]
  }, {
    "id" : "23889de8-ab1d-4be6-99e8-9cad6001c763",
    "vertices" : [ {
      "x" : 0.0,
      "y" : 0.0,
      "z" : 0.0
    }, {
      "x" : -3.4347525,
      "y" : 0.97983736,
      "z" : -1.2437694
    }, {
      "x" : 2.5652475,
      "y" : 0.97983736,
      "z" : 4.7562304
    } ],
    "faces" : [ {
      "vertices" : [ 0, 1, 2 ]
    }, {
      "vertices" : [ 0, 2, 1 ]
    } ]
  }, {
    "id" : "fdc4ef3e-954d-4a04-bac9-e8fa53ecb8e9",
    "vertices" : [ {
      "x" : 0.0,
      "y" : 0.0,
      "z" : 0.0
    }, {
      "x" : 6.9904804,
      "y" : 0.6737621,
      "z" : 18.301315
    }, {
      "x" : 8.806075,
      "y" : -2.263932,
      "z" : 23.054604
    } ],
    "faces" : [ {
      "vertices" : [ 0, 1, 2 ]
    }, {
      "vertices" : [ 0, 2, 1 ]
    } ]
  }, {
    "id" : "eaea1e29-4f90-4e9d-91cb-fc62e92d5f9b",
    "vertices" : [ {
      "x" : 0.0,
      "y" : 0.0,
      "z" : 0.0
    }, {
      "x" : 2.5575461,
      "y" : 18.358862,
      "z" : 6.6957426
    }, {
      "x" : 2.5575461,
      "y" : -2.58541,
      "z" : 6.6957426
    } ],
    "faces" : [ {
      "vertices" : [ 0, 1, 2 ]
    }, {
      "vertices" : [ 0, 2, 1 ]
    } ]
  }, {
    "id" : "0395c4a8-77a2-47ea-a4dc-0b631d6846f1",
    "vertices" : [ {
      "x" : 0.0,
      "y" : 0.0,
      "z" : 0.0
    }, {
      "x" : 0.54984474,
      "y" : -0.21002199,
      "z" : 1.4395121
    }, {
      "x" : -1.5278641,
      "y" : -5.124612,
      "z" : -4.0
    } ],
    "faces" : [ {
      "vertices" : [ 0, 1, 2 ]
    }, {
      "vertices" : [ 0, 2, 1 ]
    } ]
  }, {
    "id" : "6d6663b7-111d-4263-af6a-ac1c9165936e",
    "vertices" : [ {
      "x" : 0.0,
      "y" : 0.0,
      "z" : 0.0
    }, {
      "x" : 1.145898,
      "y" : -3.0,
      "z" : 1.145898
    }, {
      "x" : 1.145898,
      "y" : -3.0,
      "z" : -1.145898
    } ],
    "faces" : [ {
      "vertices" : [ 0, 1, 2 ]
    }, {
      "vertices" : [ 0, 2, 1 ]
    } ]
  }, {
    "id" : "e7bb1e90-f368-4980-87fe-ce9de8edf912",
    "vertices" : [ {
      "x" : 0.0,
      "y" : 0.0,
      "z" : 0.0
    }, {
      "x" : -3.7034442,
      "y" : 16.629372,
      "z" : -9.695743
    }, {
      "x" : -3.7034442,
      "y" : 22.504759,
      "z" : -9.695743
    } ],
    "faces" : [ {
      "vertices" : [ 0, 1, 2 ]
    }, {
      "vertices" : [ 0, 2, 1 ]
    } ]
  }, {
    "id" : "22619220-1b5f-4ddc-865f-b79cc58a60f3",
    "vertices" : [ {
      "x" : 0.0,
      "y" : 0.0,
      "z" : 0.0
    }, {
      "x" : 0.0,
      "y" : 0.29179606,
      "z" : 0.0
    }, {
      "x" : 0.0,
      "y" : 0.0,
      "z" : 5.875388
    } ],
    "faces" : [ {
      "vertices" : [ 0, 1, 2 ]
    }, {
      "vertices" : [ 0, 2, 1 ]
    } ]
  }, {
    "id" : "9c32d483-c298-4723-8a2f-85f7f484ca93",
    "vertices" : [ {
      "x" : 0.0,
      "y" : 0.0,
      "z" : 0.0
    }, {
      "x" : 3.7034442,
      "y" : 2.58541,
      "z" : 9.695743
    }, {
      "x" : 3.326238,
      "y" : 0.0,
      "z" : 8.708204
    } ],
    "faces" : [ {
      "vertices" : [ 0, 1, 2 ]
    }, {
      "vertices" : [ 0, 2, 1 ]
    } ]
  }, {
    "id" : "324a8f19-e644-424e-946d-39318d87f4f1",
    "vertices" : [ {
      "x" : 0.0,
      "y" : 0.0,
      "z" : 0.0
    }, {
      "x" : -1.5835922,
      "y" : 0.27050984,
      "z" : 1.854102
    }, {
      "x" : 2.3606799,
      "y" : -0.40325224,
      "z" : 6.472136
    }, {
      "x" : 5.7147818,
      "y" : -0.97620124,
      "z" : 6.690983
    } ],
    "faces" : [ {
      "vertices" : [ 0, 1, 2, 3 ]
    }, {
      "vertices" : [ 0, 3, 2, 1 ]
    } ]
  }, {
    "id" : "84b8e13c-7a0a-43d2-b643-5bd9e7754017",
    "vertices" : [ {
      "x" : 0.0,
      "y" : 0.0,
      "z" : 0.0
    }, {
      "x" : 0.0,
      "y" : -0.29179606,
      "z" : 0.0
    }, {
      "x" : 0.0,
      "y" : -0.29179606,
      "z" : -9.631189
    }, {
      "x" : 0.0,
      "y" : 0.0,
      "z" : -9.631189
    } ],
    "faces" : [ {
      "vertices" : [ 0, 1, 2, 3 ]
    }, {
      "vertices" : [ 0, 3, 2, 1 ]
    } ]
  }, {
    "id" : "2da343c7-532f-48ed-8edc-7019102a8c56",
    "vertices" : [ {
      "x" : 0.0,
      "y" : 0.0,
      "z" : 0.0
    }, {
      "x" : 0.48361656,
      "y" : -2.3475242,
      "z" : 1.2661246
    }, {
      "x" : -0.066228144,
      "y" : -2.5575461,
      "z" : -0.17338754
    } ],
    "faces" : [ {
      "vertices" : [ 0, 1, 2 ]
    }, {
      "vertices" : [ 0, 2, 1 ]
    } ]
  }, {
    "id" : "1f5517da-708a-46f9-8fe6-ca0f130ba290",
    "vertices" : [ {
      "x" : 0.0,
      "y" : 0.0,
      "z" : 0.0
    }, {
      "x" : -0.76393205,
      "y" : 0.0,
      "z" : -2.0
    }, {
      "x" : -1.3954078,
      "y" : 3.0652475,
      "z" : -3.653225
    }, {
      "x" : -0.56622815,
      "y" : 2.7485292,
      "z" : -1.4824046
    } ],
    "faces" : [ {
      "vertices" : [ 0, 1, 2, 3 ]
    }, {
      "vertices" : [ 0, 3, 2, 1 ]
    } ]
  }, {
    "id" : "627a92e9-5aef-44ae-8466-a52396524549",
    "vertices" : [ {
      "x" : 0.0,
      "y" : 0.0,
      "z" : 0.0
    }, {
      "x" : -1.5835922,
      "y" : 0.27050984,
      "z" : -1.854102
    }, {
      "x" : -3.8611975,
      "y" : 0.65957123,
      "z" : 0.8125647
    }, {
      "x" : -1.6251293,
      "y" : 0.27760524,
      "z" : 1.9027346
    } ],
    "faces" : [ {
      "vertices" : [ 0, 1, 2, 3 ]
    }, {
      "vertices" : [ 0, 3, 2, 1 ]
    } ]
  }, {
    "id" : "71893c2b-a833-47eb-9949-cb5c46c13c05",
    "vertices" : [ {
      "x" : 0.0,
      "y" : 0.0,
      "z" : 0.0
    }, {
      "x" : 0.54984474,
      "y" : -0.21002199,
      "z" : 1.4395121
    }, {
      "x" : 0.066228144,
      "y" : -2.5575461,
      "z" : 0.17338754
    } ],
    "faces" : [ {
      "vertices" : [ 0, 1, 2 ]
    }, {
      "vertices" : [ 0, 2, 1 ]
    } ]
  }, {
    "id" : "d88d2df9-54b3-4e62-8013-72c64ddbaa7f",
    "vertices" : [ {
      "x" : 0.0,
      "y" : 0.0,
      "z" : 0.0
    }, {
      "x" : -1.145898,
      "y" : -1.854102,
      "z" : -3.0
    }, {
      "x" : -0.16606064,
      "y" : 2.9021287,
      "z" : -0.4347524
    } ],
    "faces" : [ {
      "vertices" : [ 0, 1, 2 ]
    }, {
      "vertices" : [ 0, 2, 1 ]
    } ]
  }, {
    "id" : "22651dec-7421-4298-8e7e-48c1a2f2e462",
    "vertices" : [ {
      "x" : 0.0,
      "y" : 0.0,
      "z" : 0.0
    }, {
      "x" : 0.19098301,
      "y" : 1.309017,
      "z" : 0.5
    }, {
      "x" : 2.7485292,
      "y" : -17.049845,
      "z" : 7.1957426
    } ],
    "faces" : [ {
      "vertices" : [ 0, 1, 2 ]
    }, {
      "vertices" : [ 0, 2, 1 ]
    } ]
  }, {
    "id" : "e0eee914-91b2-4cfa-afeb-d0027c8f3ccb",
    "vertices" : [ {
      "x" : 0.0,
      "y" : 0.0,
      "z" : 0.0
    }, {
      "x" : 8.024922,
      "y" : 3.0652475,
      "z" : 14.8790245
    }, {
      "x" : 11.459675,
      "y" : 2.08541,
      "z" : 16.122793
    }, {
      "x" : 2.4875388,
      "y" : -1.3416408,
      "z" : -0.5124612
    } ],
    "faces" : [ {
      "vertices" : [ 0, 1, 2, 3 ]
    }, {
      "vertices" : [ 0, 3, 2, 1 ]
    } ]
  }, {
    "id" : "e31d7ed3-2fdf-464b-ac77-4800485b3eb6",
    "vertices" : [ {
      "x" : 0.0,
      "y" : 0.0,
      "z" : 0.0
    }, {
      "x" : -3.7034442,
      "y" : 2.58541,
      "z" : -9.695743
    }, {
      "x" : -0.37720627,
      "y" : 2.58541,
      "z" : -0.9875388
    } ],
    "faces" : [ {
      "vertices" : [ 0, 1, 2 ]
    }, {
      "vertices" : [ 0, 2, 1 ]
    } ]
  }, {
    "id" : "f79fb2b5-e793-4955-bb73-5896de939e10",
    "vertices" : [ {
      "x" : 0.0,
      "y" : 0.0,
      "z" : 0.0
    }, {
      "x" : 1.663119,
      "y" : 8.072949,
      "z" : 4.354102
    }, {
      "x" : 2.017221,
      "y" : 7.5,
      "z" : 5.2811527
    }, {
      "x" : 0.4376941,
      "y" : -0.16718426,
      "z" : 1.145898
    } ],
    "faces" : [ {
      "vertices" : [ 0, 1, 2, 3 ]
    }, {
      "vertices" : [ 0, 3, 2, 1 ]
    } ]
  }, {
    "id" : "e631a770-9020-462c-be10-30283f603354",
    "vertices" : [ {
      "x" : 0.0,
      "y" : 0.0,
      "z" : 0.0
    }, {
      "x" : -0.81377673,
      "y" : -1.854102,
      "z" : -2.130495
    }, {
      "x" : -7.6678786,
      "y" : -1.854102,
      "z" : -20.074766
    }, {
      "x" : -8.18034,
      "y" : 0.0,
      "z" : -21.416409
    } ],
    "faces" : [ {
      "vertices" : [ 0, 1, 2, 3 ]
    }, {
      "vertices" : [ 0, 3, 2, 1 ]
    } ]
  }, {
    "id" : "e7a3ca8e-ad22-4d98-86fe-5dda82afe427",
    "vertices" : [ {
      "x" : 0.0,
      "y" : 0.0,
      "z" : 0.0
    }, {
      "x" : 4.09017,
      "y" : -19.854101,
      "z" : 10.708204
    }, {
      "x" : 3.7034442,
      "y" : -22.504759,
      "z" : 9.695743
    } ],
    "faces" : [ {
      "vertices" : [ 0, 1, 2 ]
    }, {
      "vertices" : [ 0, 2, 1 ]
    } ]
  }, {
    "id" : "a5216e6d-b53b-4579-aee9-21c395b9b649",
    "vertices" : [ {
      "x" : 0.0,
      "y" : 0.0,
      "z" : 0.0
    }, {
      "x" : -0.73704857,
      "y" : -3.5777087,
      "z" : -1.9296181
    }, {
      "x" : -0.6708204,
      "y" : -0.2562306,
      "z" : -1.7562306
    } ],
    "faces" : [ {
      "vertices" : [ 0, 1, 2 ]
    }, {
      "vertices" : [ 0, 2, 1 ]
    } ]
  }, {
    "id" : "b7f551ea-200d-42e6-bb4d-49364a5da149",
    "vertices" : [ {
      "x" : 0.0,
      "y" : 0.0,
      "z" : 0.0
    }, {
      "x" : 0.0,
      "y" : 2.0,
      "z" : 0.0
    }, {
      "x" : 0.0,
      "y" : 2.0,
      "z" : 1.7082039
    }, {
      "x" : 0.0,
      "y" : 0.0,
      "z" : 1.7082039
    } ],
    "faces" : [ {
      "vertices" : [ 0, 1, 2, 3 ]
    }, {
      "vertices" : [ 0, 3, 2, 1 ]
    } ]
  }, {
    "id" : "09e643b9-3630-4f8e-ba93-99844ee6af52",
    "vertices" : [ {
      "x" : 0.0,
      "y" : 0.0,
      "z" : 0.0
    }, {
      "x" : -8.806075,
      "y" : -2.263932,
      "z" : -23.054604
    }, {
      "x" : -8.18034,
      "y" : 0.0,
      "z" : -21.416409
    } ],
    "faces" : [ {
      "vertices" : [ 0, 1, 2 ]
    }, {
      "vertices" : [ 0, 2, 1 ]
    } ]
  }, {
    "id" : "a8e29790-83f2-4b42-92f1-515928f18474",
    "vertices" : [ {
      "x" : 0.0,
      "y" : 0.0,
      "z" : 0.0
    }, {
      "x" : -0.066228144,
      "y" : -3.3214781,
      "z" : -0.17338754
    }, {
      "x" : -0.6957427,
      "y" : -0.26575008,
      "z" : -1.8214781
    } ],
    "faces" : [ {
      "vertices" : [ 0, 1, 2 ]
    }, {
      "vertices" : [ 0, 2, 1 ]
    } ]
  }, {
    "id" : "c2b87f36-9722-4d4d-9cb1-d49bdf4cc2c6",
    "vertices" : [ {
      "x" : 0.0,
      "y" : 0.0,
      "z" : 0.0
    }, {
      "x" : -2.763932,
      "y" : 1.236068,
      "z" : 0.0
    }, {
      "x" : -0.83431387,
      "y" : 1.9731165,
      "z" : 3.5777087
    }, {
      "x" : 1.653225,
      "y" : 0.63147575,
      "z" : 3.0652475
    } ],
    "faces" : [ {
      "vertices" : [ 0, 1, 2, 3 ]
    }, {
      "vertices" : [ 0, 3, 2, 1 ]
    } ]
  }, {
    "id" : "999ab047-fb18-4a62-906f-3c056f584880",
    "vertices" : [ {
      "x" : 0.0,
      "y" : 0.0,
      "z" : 0.0
    }, {
      "x" : 1.0901699,
      "y" : 5.291796,
      "z" : 2.854102
    }, {
      "x" : 1.5278641,
      "y" : 5.124612,
      "z" : 4.0
    } ],
    "faces" : [ {
      "vertices" : [ 0, 1, 2 ]
    }, {
      "vertices" : [ 0, 2, 1 ]
    } ]
  }, {
    "id" : "3b0b20ac-2a56-4b22-879a-f71b26e88bee",
    "vertices" : [ {
      "x" : 0.0,
      "y" : 0.0,
      "z" : 0.0
    }, {
      "x" : 0.31671843,
      "y" : 2.1708205,
      "z" : 0.8291796
    }, {
      "x" : 0.94819415,
      "y" : -0.8944272,
      "z" : 2.4824045
    }, {
      "x" : 0.56622815,
      "y" : -2.7485292,
      "z" : 1.4824046
    } ],
    "faces" : [ {
      "vertices" : [ 0, 1, 2, 3 ]
    }, {
      "vertices" : [ 0, 3, 2, 1 ]
    } ]
  }, {
    "id" : "cf47c3fe-cbf5-4199-a9d8-2d3a96fce33d",
    "vertices" : [ {
      "x" : 0.0,
      "y" : 0.0,
      "z" : 0.0
    }, {
      "x" : -0.31671843,
      "y" : 2.1708205,
      "z" : -0.8291796
    }, {
      "x" : 2.7485292,
      "y" : 17.049845,
      "z" : 7.1957426
    } ],
    "faces" : [ {
      "vertices" : [ 0, 1, 2 ]
    }, {
      "vertices" : [ 0, 2, 1 ]
    } ]
  }, {
    "id" : "51438b7d-2f27-4486-84b1-c310c5ab7254",
    "vertices" : [ {
      "x" : 0.0,
      "y" : 0.0,
      "z" : 0.0
    }, {
      "x" : -3.7034442,
      "y" : -16.629372,
      "z" : -9.695743
    }, {
      "x" : -3.7034442,
      "y" : -6.998182,
      "z" : -9.695743
    } ],
    "faces" : [ {
      "vertices" : [ 0, 1, 2 ]
    }, {
      "vertices" : [ 0, 2, 1 ]
    } ]
  }, {
    "id" : "d9b96b36-3637-4130-a15d-27cab647b616",
    "vertices" : [ {
      "x" : 0.0,
      "y" : 0.0,
      "z" : 0.0
    }, {
      "x" : 0.0,
      "y" : 0.29179606,
      "z" : 0.0
    }, {
      "x" : 0.0,
      "y" : 0.29179606,
      "z" : 9.631189
    }, {
      "x" : 0.0,
      "y" : 0.0,
      "z" : 9.631189
    } ],
    "faces" : [ {
      "vertices" : [ 0, 1, 2, 3 ]
    }, {
      "vertices" : [ 0, 3, 2, 1 ]
    } ]
  }, {
    "id" : "11be3ecd-d9f5-478a-9f7c-1a303187ea0c",
    "vertices" : [ {
      "x" : 0.0,
      "y" : 0.0,
      "z" : 0.0
    }, {
      "x" : -0.31083506,
      "y" : 12.487539,
      "z" : -0.81377673
    }, {
      "x" : 2.650658,
      "y" : 7.6957426,
      "z" : 6.9395123
    } ],
    "faces" : [ {
      "vertices" : [ 0, 1, 2 ]
    }, {
      "vertices" : [ 0, 2, 1 ]
    } ]
  }, {
    "id" : "32c2bd78-5449-44fd-8051-128959483d12",
    "orbit" : "blue",
    "orbitC" : "[[0,0,1],[0,0,1]]",
    "length" : "[-24,15,2]",
    "name" : " :-12 +15/2*phi",
    "vertices" : [ {
      "x" : 1.0,
      "y" : 0.309017,
      "z" : 0.19098301
    }, {
      "x" : 1.0,
      "y" : -0.309017,
      "z" : 0.19098301
    }, {
      "x" : 0.14589803,
      "y" : -0.309017,
      "z" : 0.19098301
    }, {
      "x" : 0.14589803,
      "y" : 0.309017,
      "z" : 0.19098301
    }, {
      "x" : 0.14589803,
      "y" : -0.309017,
      "z" : -0.19098301
    }, {
      "x" : 0.14589803,
      "y" : 0.309017,
      "z" : -0.19098301
    }, {
      "x" : 0.76393205,
      "y" : 0.0,
      "z" : 0.0
    }, {
      "x" : 0.38196602,
      "y" : 0.0,
      "z" : 0.0
    }, {
      "x" : 1.0,
      "y" : 0.309017,
      "z" : -0.19098301
    }, {
      "x" : 1.0,
      "y" : -0.309017,
      "z" : -0.19098301
    }, {
      "x" : 1.145898,
      "y" : 0.0,
      "z" : 0.0
    } ],
    "faces" : [ {
      "vertices" : [ 1, 9, 4, 2 ]
    }, {
      "vertices" : [ 0, 3, 5, 8 ]
    }, {
      "vertices" : [ 1, 7, 9 ]
    }, {
      "vertices" : [ 0, 1, 2, 3 ]
    }, {
      "vertices" : [ 7, 8, 9 ]
    }, {
      "vertices" : [ 0, 7, 1 ]
    }, {
      "vertices" : [ 4, 9, 8, 5 ]
    }, {
      "vertices" : [ 2, 6, 3 ]
    }, {
      "vertices" : [ 2, 4, 6 ]
    }, {
      "vertices" : [ 3, 6, 5 ]
    }, {
      "vertices" : [ 4, 5, 6 ]
    }, {
      "vertices" : [ 0, 8, 7 ]
    } ]
  }, {
    "id" : "ebde5e1d-2578-46fc-9e67-b9704e39e6b7",
    "vertices" : [ {
      "x" : 0.0,
      "y" : 0.0,
      "z" : 0.0
    }, {
      "x" : 0.0,
      "y" : -0.29179606,
      "z" : 0.0
    }, {
      "x" : 0.0,
      "y" : 0.0,
      "z" : -5.875388
    } ],
    "faces" : [ {
      "vertices" : [ 0, 1, 2 ]
    }, {
      "vertices" : [ 0, 2, 1 ]
    } ]
  }, {
    "id" : "f0d260db-f095-4980-b9cc-7cf7bf537b6d",
    "vertices" : [ {
      "x" : 0.0,
      "y" : 0.0,
      "z" : 0.0
    }, {
      "x" : -3.427051,
      "y" : -16.635256,
      "z" : -8.972136
    }, {
      "x" : -4.4068885,
      "y" : -17.68328,
      "z" : -11.537383
    }, {
      "x" : -0.31671843,
      "y" : 2.1708205,
      "z" : -0.8291796
    } ],
    "faces" : [ {
      "vertices" : [ 0, 1, 2, 3 ]
    }, {
      "vertices" : [ 0, 3, 2, 1 ]
    } ]
  }, {
    "id" : "13941558-461f-4618-958a-6bec0b8c35b4",
    "vertices" : [ {
      "x" : 0.0,
      "y" : 0.0,
      "z" : 0.0
    }, {
      "x" : 0.31671843,
      "y" : 2.1708205,
      "z" : 0.8291796
    }, {
      "x" : 3.0652475,
      "y" : -14.8790245,
      "z" : 8.024922
    } ],
    "faces" : [ {
      "vertices" : [ 0, 1, 2 ]
    }, {
      "vertices" : [ 0, 2, 1 ]
    } ]
  }, {
    "id" : "d8a29990-9553-4d98-b504-59f71a5d66ca",
    "vertices" : [ {
      "x" : 0.0,
      "y" : 0.0,
      "z" : 0.0
    }, {
      "x" : 0.0,
      "y" : -0.29179606,
      "z" : 0.0
    }, {
      "x" : 0.0,
      "y" : -0.29179606,
      "z" : -9.583592
    } ],
    "faces" : [ {
      "vertices" : [ 0, 1, 2 ]
    }, {
      "vertices" : [ 0, 2, 1 ]
    } ]
  }, {
    "id" : "4ab7607d-4abc-4fd7-a4bb-1258abb7723a",
    "vertices" : [ {
      "x" : 0.0,
      "y" : 0.0,
      "z" : 0.0
    }, {
      "x" : 0.27050984,
      "y" : -0.97871375,
      "z" : 0.7082039
    }, {
      "x" : -0.21310674,
      "y" : -3.326238,
      "z" : -0.5579207
    }, {
      "x" : -0.44917473,
      "y" : -2.1803398,
      "z" : -1.1759547
    } ],
    "faces" : [ {
      "vertices" : [ 0, 1, 2, 3 ]
    }, {
      "vertices" : [ 0, 3, 2, 1 ]
    } ]
  }, {
    "id" : "2efea034-8de2-466f-bbeb-55be1bee2087",
    "vertices" : [ {
      "x" : 0.0,
      "y" : 0.0,
      "z" : 0.0
    }, {
      "x" : 0.8291796,
      "y" : -0.31671843,
      "z" : 2.1708205
    }, {
      "x" : 3.8944273,
      "y" : -15.195743,
      "z" : 10.195743
    } ],
    "faces" : [ {
      "vertices" : [ 0, 1, 2 ]
    }, {
      "vertices" : [ 0, 2, 1 ]
    } ]
  }, {
    "id" : "01881b20-85b2-4c90-96da-caef51634dab",
    "vertices" : [ {
      "x" : 0.0,
      "y" : 0.0,
      "z" : 0.0
    }, {
      "x" : -0.27050984,
      "y" : 0.97871375,
      "z" : -0.7082039
    }, {
      "x" : 1.309017,
      "y" : 8.645898,
      "z" : 3.427051
    }, {
      "x" : 1.663119,
      "y" : 8.072949,
      "z" : 4.354102
    } ],
    "faces" : [ {
      "vertices" : [ 0, 1, 2, 3 ]
    }, {
      "vertices" : [ 0, 3, 2, 1 ]
    } ]
  }, {
    "id" : "1f439914-80a3-450d-9f77-968c7412f246",
    "vertices" : [ {
      "x" : 0.0,
      "y" : 0.0,
      "z" : 0.0
    }, {
      "x" : -3.354102,
      "y" : 0.572949,
      "z" : 0.21884705
    }, {
      "x" : -7.2983737,
      "y" : 1.2467111,
      "z" : 4.836881
    }, {
      "x" : -5.7147818,
      "y" : 0.97620124,
      "z" : 6.690983
    } ],
    "faces" : [ {
      "vertices" : [ 0, 1, 2, 3 ]
    }, {
      "vertices" : [ 0, 3, 2, 1 ]
    } ]
  }, {
    "id" : "978dd093-3c4e-4309-826e-af6e2e874af8",
    "vertices" : [ {
      "x" : 0.0,
      "y" : 0.0,
      "z" : 0.0
    }, {
      "x" : -1.5835922,
      "y" : 0.27050984,
      "z" : 1.854102
    }, {
      "x" : 0.0,
      "y" : 0.0,
      "z" : 3.708204
    }, {
      "x" : 1.5835922,
      "y" : -0.27050984,
      "z" : 1.854102
    } ],
    "faces" : [ {
      "vertices" : [ 0, 1, 2, 3 ]
    }, {
      "vertices" : [ 0, 3, 2, 1 ]
    } ]
  }, {
    "id" : "049c2ddd-c6be-4e9c-9080-7c5901700e79",
    "vertices" : [ {
      "x" : 0.0,
      "y" : 0.0,
      "z" : 0.0
    }, {
      "x" : 0.73704857,
      "y" : 3.5777087,
      "z" : 1.9296181
    }, {
      "x" : 0.9932791,
      "y" : 1.8214781,
      "z" : 2.6004386
    } ],
    "faces" : [ {
      "vertices" : [ 0, 1, 2 ]
    }, {
      "vertices" : [ 0, 2, 1 ]
    } ]
  }, {
    "id" : "60503ab2-efab-4371-affc-d5d05f8ef043",
    "vertices" : [ {
      "x" : 0.0,
      "y" : 0.0,
      "z" : 0.0
    }, {
      "x" : 4.3944273,
      "y" : -15.386725,
      "z" : 11.50476
    }, {
      "x" : -2.0777087,
      "y" : -4.91459,
      "z" : -5.4395123
    } ],
    "faces" : [ {
      "vertices" : [ 0, 1, 2 ]
    }, {
      "vertices" : [ 0, 2, 1 ]
    } ]
  }, {
    "id" : "e1700c9b-2fa7-46d0-8004-8f814ea98c26",
    "vertices" : [ {
      "x" : 0.0,
      "y" : 0.0,
      "z" : 0.0
    }, {
      "x" : -0.54984474,
      "y" : -0.21002199,
      "z" : -1.4395121
    }, {
      "x" : -2.0777087,
      "y" : 4.91459,
      "z" : -5.4395123
    } ],
    "faces" : [ {
      "vertices" : [ 0, 1, 2 ]
    }, {
      "vertices" : [ 0, 2, 1 ]
    } ]
  }, {
    "id" : "d7fe9489-e3a9-4fcb-bfba-7b7af8456a5e",
    "vertices" : [ {
      "x" : 0.0,
      "y" : 0.0,
      "z" : 0.0
    }, {
      "x" : 1.145898,
      "y" : -1.854102,
      "z" : 3.0
    }, {
      "x" : -0.81377673,
      "y" : -1.854102,
      "z" : -2.130495
    } ],
    "faces" : [ {
      "vertices" : [ 0, 1, 2 ]
    }, {
      "vertices" : [ 0, 2, 1 ]
    } ]
  }, {
    "id" : "fea157f2-1930-4dac-88df-d45d5b1561c2",
    "vertices" : [ {
      "x" : 0.0,
      "y" : 0.0,
      "z" : 0.0
    }, {
      "x" : -0.21002199,
      "y" : 1.4395121,
      "z" : -0.54984474
    }, {
      "x" : 2.3475242,
      "y" : -1.145898,
      "z" : 6.145898
    } ],
    "faces" : [ {
      "vertices" : [ 0, 1, 2 ]
    }, {
      "vertices" : [ 0, 2, 1 ]
    } ]
  }, {
    "id" : "7df308d1-089f-43c9-90e6-3b987af433fc",
    "vertices" : [ {
      "x" : 0.0,
      "y" : 0.0,
      "z" : 0.0
    }, {
      "x" : 1.5278641,
      "y" : -5.124612,
      "z" : 4.0
    }, {
      "x" : 1.0901699,
      "y" : -5.291796,
      "z" : 2.854102
    } ],
    "faces" : [ {
      "vertices" : [ 0, 1, 2 ]
    }, {
      "vertices" : [ 0, 2, 1 ]
    } ]
  }, {
    "id" : "446381d7-25f0-4ddd-a176-5293d015e2dd",
    "vertices" : [ {
      "x" : 0.0,
      "y" : 0.0,
      "z" : 0.0
    }, {
      "x" : -0.8291796,
      "y" : -0.31671843,
      "z" : -2.1708205
    }, {
      "x" : 3.0652475,
      "y" : 14.8790245,
      "z" : 8.024922
    } ],
    "faces" : [ {
      "vertices" : [ 0, 1, 2 ]
    }, {
      "vertices" : [ 0, 2, 1 ]
    } ]
  }, {
    "id" : "325787d3-82be-49d7-855a-226c0b50e8d0",
    "vertices" : [ {
      "x" : 0.0,
      "y" : 0.0,
      "z" : 0.0
    }, {
      "x" : 0.0,
      "y" : 0.0,
      "z" : -2.0
    }, {
      "x" : 0.0,
      "y" : 9.631189,
      "z" : -2.0
    }, {
      "x" : 0.0,
      "y" : 9.631189,
      "z" : 0.0
    } ],
    "faces" : [ {
      "vertices" : [ 0, 1, 2, 3 ]
    }, {
      "vertices" : [ 0, 3, 2, 1 ]
    } ]
  }, {
    "id" : "644a80f2-0244-4157-8a7f-8c73761af4d3",
    "vertices" : [ {
      "x" : 0.0,
      "y" : 0.0,
      "z" : 0.0
    }, {
      "x" : -0.9932791,
      "y" : 1.8214781,
      "z" : -2.6004386
    }, {
      "x" : 0.26575008,
      "y" : 1.8214781,
      "z" : 0.6957427
    } ],
    "faces" : [ {
      "vertices" : [ 0, 1, 2 ]
    }, {
      "vertices" : [ 0, 2, 1 ]
    } ]
  }, {
    "id" : "4268abde-357d-423d-ab13-e8728164778a",
    "vertices" : [ {
      "x" : 0.0,
      "y" : 0.0,
      "z" : 0.0
    }, {
      "x" : -0.5,
      "y" : -0.19098301,
      "z" : -1.309017
    }, {
      "x" : 3.8944273,
      "y" : 15.195743,
      "z" : 10.195743
    } ],
    "faces" : [ {
      "vertices" : [ 0, 1, 2 ]
    }, {
      "vertices" : [ 0, 2, 1 ]
    } ]
  }, {
    "id" : "9b6d77b8-c395-4efb-8f25-31f3d9cc578e",
    "vertices" : [ {
      "x" : 0.0,
      "y" : 0.0,
      "z" : 0.0
    }, {
      "x" : 3.7034442,
      "y" : -6.998182,
      "z" : 9.695743
    }, {
      "x" : 0.0,
      "y" : -9.583592,
      "z" : 0.0
    } ],
    "faces" : [ {
      "vertices" : [ 0, 1, 2 ]
    }, {
      "vertices" : [ 0, 2, 1 ]
    } ]
  }, {
    "id" : "6c69ef32-4623-44a7-ab66-b47a4c64f53f",
    "vertices" : [ {
      "x" : 0.0,
      "y" : 0.0,
      "z" : 0.0
    }, {
      "x" : -3.0978713,
      "y" : 0.4347524,
      "z" : -2.1257355
    }, {
      "x" : -17.976896,
      "y" : 8.459675,
      "z" : 0.93951213
    }, {
      "x" : -16.635256,
      "y" : 8.972136,
      "z" : 3.427051
    } ],
    "faces" : [ {
      "vertices" : [ 0, 1, 2, 3 ]
    }, {
      "vertices" : [ 0, 3, 2, 1 ]
    } ]
  }, {
    "id" : "9427e52b-b6a5-4426-8e4f-d63a4d3f42d7",
    "vertices" : [ {
      "x" : 0.0,
      "y" : 0.0,
      "z" : 0.0
    }, {
      "x" : 0.9932791,
      "y" : 1.8214781,
      "z" : 2.6004386
    }, {
      "x" : 1.2590293,
      "y" : 0.0,
      "z" : 3.2961812
    } ],
    "faces" : [ {
      "vertices" : [ 0, 1, 2 ]
    }, {
      "vertices" : [ 0, 2, 1 ]
    } ]
  }, {
    "id" : "cc4f63df-ba54-4bdf-9680-a89b3fe2bc51",
    "vertices" : [ {
      "x" : 0.0,
      "y" : 0.0,
      "z" : 0.0
    }, {
      "x" : 0.38196602,
      "y" : 1.854102,
      "z" : 1.0
    }, {
      "x" : 1.6449175,
      "y" : 1.854102,
      "z" : 4.30645
    }, {
      "x" : 1.1324563,
      "y" : 0.0,
      "z" : 2.9648092
    } ],
    "faces" : [ {
      "vertices" : [ 0, 1, 2, 3 ]
    }, {
      "vertices" : [ 0, 3, 2, 1 ]
    } ]
  }, {
    "id" : "45f35a58-1cef-4719-8b75-a31c9f095af6",
    "vertices" : [ {
      "x" : 0.0,
      "y" : 0.0,
      "z" : 0.0
    }, {
      "x" : 0.309017,
      "y" : -1.118034,
      "z" : 0.809017
    }, {
      "x" : -6.6429563,
      "y" : 1.854102,
      "z" : -17.391485
    } ],
    "faces" : [ {
      "vertices" : [ 0, 1, 2 ]
    }, {
      "vertices" : [ 0, 2, 1 ]
    } ]
  }, {
    "id" : "ccadb57d-9c9c-43ff-9d1f-cb0611d3cb3c",
    "vertices" : [ {
      "x" : 0.0,
      "y" : 0.0,
      "z" : 0.0
    }, {
      "x" : -0.33982274,
      "y" : -1.2294902,
      "z" : -0.88966745
    }, {
      "x" : -0.8196601,
      "y" : 6.2705097,
      "z" : -2.145898
    } ],
    "faces" : [ {
      "vertices" : [ 0, 1, 2 ]
    }, {
      "vertices" : [ 0, 2, 1 ]
    } ]
  }, {
    "id" : "9ba5e8a4-b214-4e9b-897e-53bcc4fd6311",
    "vertices" : [ {
      "x" : 0.0,
      "y" : 0.0,
      "z" : 0.0
    }, {
      "x" : 0.0,
      "y" : 1.7082039,
      "z" : 0.0
    }, {
      "x" : 0.0,
      "y" : 1.7082039,
      "z" : 9.631189
    }, {
      "x" : 0.0,
      "y" : 0.0,
      "z" : 9.631189
    } ],
    "faces" : [ {
      "vertices" : [ 0, 1, 2, 3 ]
    }, {
      "vertices" : [ 0, 3, 2, 1 ]
    } ]
  }, {
    "id" : "d076b7e9-68a7-4ff7-90e9-f8053a934b32",
    "vertices" : [ {
      "x" : 0.0,
      "y" : 0.0,
      "z" : 0.0
    }, {
      "x" : -1.6251293,
      "y" : 0.27760524,
      "z" : -1.9027346
    }, {
      "x" : -3.8611975,
      "y" : 0.65957123,
      "z" : -0.8125647
    }, {
      "x" : -1.5835922,
      "y" : 0.27050984,
      "z" : 1.854102
    } ],
    "faces" : [ {
      "vertices" : [ 0, 1, 2, 3 ]
    }, {
      "vertices" : [ 0, 3, 2, 1 ]
    } ]
  }, {
    "id" : "e07b22e9-d16a-456a-a0d6-9d9e329b6364",
    "vertices" : [ {
      "x" : 0.0,
      "y" : 0.0,
      "z" : 0.0
    }, {
      "x" : 1.0901699,
      "y" : -5.291796,
      "z" : 2.854102
    }, {
      "x" : 0.8196601,
      "y" : -6.2705097,
      "z" : 2.145898
    } ],
    "faces" : [ {
      "vertices" : [ 0, 1, 2 ]
    }, {
      "vertices" : [ 0, 2, 1 ]
    } ]
  }, {
    "id" : "aa7e1463-f910-415f-9af4-62584115d0b2",
    "vertices" : [ {
      "x" : 0.0,
      "y" : 0.0,
      "z" : 0.0
    }, {
      "x" : 2.9762013,
      "y" : -4.8155947,
      "z" : 7.791796
    }, {
      "x" : -4.0142794,
      "y" : -5.489357,
      "z" : -10.50952
    } ],
    "faces" : [ {
      "vertices" : [ 0, 1, 2 ]
    }, {
      "vertices" : [ 0, 2, 1 ]
    } ]
  }, {
    "id" : "be5b67e8-8d51-4817-8ee7-5e68d2a6372b",
    "vertices" : [ {
      "x" : 0.0,
      "y" : 0.0,
      "z" : 0.0
    }, {
      "x" : 0.38196602,
      "y" : -1.854102,
      "z" : 1.0
    }, {
      "x" : -0.24950972,
      "y" : -4.9193497,
      "z" : -0.65322495
    }, {
      "x" : -0.56622815,
      "y" : -2.7485292,
      "z" : -1.4824046
    } ],
    "faces" : [ {
      "vertices" : [ 0, 1, 2, 3 ]
    }, {
      "vertices" : [ 0, 3, 2, 1 ]
    } ]
  }, {
    "id" : "2e719f56-2ba8-4214-81b3-c8dc4bb7ce88",
    "vertices" : [ {
      "x" : 0.0,
      "y" : 0.0,
      "z" : 0.0
    }, {
      "x" : 6.9904804,
      "y" : -0.6737621,
      "z" : 18.301315
    }, {
      "x" : 4.0142794,
