{
  "field" : "golden",
  "symmetry" : "icosahedral",
  "orientations" : [ [ 1.0, 0.0, 0.0, 0.0, 0.0, 1.0, 0.0, 0.0, 0.0, 0.0, 1.0, 0.0, 0.0, 0.0, 0.0, 1.0 ], [ 0.0, 0.0, 1.0, 0.0, 1.0, 0.0, 0.0, 0.0, 0.0, 1.0, 0.0, 0.0, 0.0, 0.0, 0.0, 1.0 ], [ 0.0, 1.0, 0.0, 0.0, 0.0, 0.0, 1.0, 0.0, 1.0, 0.0, 0.0, 0.0, 0.0, 0.0, 0.0, 1.0 ], [ 0.809017, 0.309017, 0.5, 0.0, 0.309017, 0.5, -0.809017, 0.0, -0.5, 0.809017, 0.309017, 0.0, 0.0, 0.0, 0.0, 1.0 ], [ -0.5, 0.809017, 0.309017, 0.0, 0.809017, 0.309017, 0.5, 0.0, 0.309017, 0.5, -0.809017, 0.0, 0.0, 0.0, 0.0, 1.0 ], [ 0.309017, 0.5, -0.809017, 0.0, -0.5, 0.809017, 0.309017, 0.0, 0.809017, 0.309017, 0.5, 0.0, 0.0, 0.0, 0.0, 1.0 ], [ 0.5, 0.809017, 0.309017, 0.0, 0.809017, -0.309017, -0.5, 0.0, -0.309017, 0.5, -0.809017, 0.0, 0.0, 0.0, 0.0, 1.0 ], [ -0.309017, 0.5, -0.809017, 0.0, 0.5, 0.809017, 0.309017, 0.0, 0.809017, -0.309017, -0.5, 0.0, 0.0, 0.0, 0.0, 1.0 ], [ 0.809017, -0.309017, -0.5, 0.0, -0.309017, 0.5, -0.809017, 0.0, 0.5, 0.809017, 0.309017, 0.0, 0.0, 0.0, 0.0, 1.0 ], [ 0.5, 0.809017, -0.309017, 0.0, 0.809017, -0.309017, 0.5, 0.0, 0.309017, -0.5, -0.809017, 0.0, 0.0, 0.0, 0.0, 1.0 ], [ 0.309017, -0.5, -0.809017, 0.0, 0.5, 0.809017, -0.309017, 0.0, 0.809017, -0.309017, 0.5, 0.0, 0.0, 0.0, 0.0, 1.0 ], [ 0.809017, -0.309017, 0.5, 0.0, 0.309017, -0.5, -0.809017, 0.0, 0.5, 0.809017, -0.309017, 0.0, 0.0, 0.0, 0.0, 1.0 ], [ 0.809017, 0.309017, -0.5, 0.0, 0.309017, 0.5, 0.809017, 0.0, 0.5, -0.809017, 0.309017, 0.0, 0.0, 0.0, 0.0, 1.0 ], [ 0.5, -0.809017, 0.309017, 0.0, 0.809017, 0.309017, -0.5, 0.0, 0.309017, 0.5, 0.809017, 0.0, 0.0, 0.0, 0.0, 1.0 ], [ 0.309017, 0.5, 0.809017, 0.0, 0.5, -0.809017, 0.309017, 0.0, 0.809017, 0.309017, -0.5, 0.0, 0.0, 0.0, 0.0, 1.0 ], [ 1.0, 0.0, 0.0, 0.0, 0.0, -1.0, 0.0, 0.0, 0.0, 0.0, -1.0, 0.0, 0.0, 0.0, 0.0, 1.0 ], [ 0.0, 0.0, 1.0, 0.0, -1.0, 0.0, 0.0, 0.0, 0.0, -1.0, 0.0, 0.0, 0.0, 0.0, 0.0, 1.0 ], [ 0.0, 1.0, 0.0, 0.0, 0.0, 0.0, -1.0, 0.0, -1.0, 0.0, 0.0, 0.0, 0.0, 0.0, 0.0, 1.0 ], [ 0.809017, 0.309017, 0.5, 0.0, -0.309017, -0.5, 0.809017, 0.0, 0.5, -0.809017, -0.309017, 0.0, 0.0, 0.0, 0.0, 1.0 ], [ -0.5, 0.809017, 0.309017, 0.0, -0.809017, -0.309017, -0.5, 0.0, -0.309017, -0.5, 0.809017, 0.0, 0.0, 0.0, 0.0, 1.0 ], [ 0.309017, 0.5, -0.809017, 0.0, 0.5, -0.809017, -0.309017, 0.0, -0.809017, -0.309017, -0.5, 0.0, 0.0, 0.0, 0.0, 1.0 ], [ 0.5, 0.809017, 0.309017, 0.0, -0.809017, 0.309017, 0.5, 0.0, 0.309017, -0.5, 0.809017, 0.0, 0.0, 0.0, 0.0, 1.0 ], [ -0.309017, 0.5, -0.809017, 0.0, -0.5, -0.809017, -0.309017, 0.0, -0.809017, 0.309017, 0.5, 0.0, 0.0, 0.0, 0.0, 1.0 ], [ 0.809017, -0.309017, -0.5, 0.0, 0.309017, -0.5, 0.809017, 0.0, -0.5, -0.809017, -0.309017, 0.0, 0.0, 0.0, 0.0, 1.0 ], [ 0.5, 0.809017, -0.309017, 0.0, -0.809017, 0.309017, -0.5, 0.0, -0.309017, 0.5, 0.809017, 0.0, 0.0, 0.0, 0.0, 1.0 ], [ 0.309017, -0.5, -0.809017, 0.0, -0.5, -0.809017, 0.309017, 0.0, -0.809017, 0.309017, -0.5, 0.0, 0.0, 0.0, 0.0, 1.0 ], [ 0.809017, -0.309017, 0.5, 0.0, -0.309017, 0.5, 0.809017, 0.0, -0.5, -0.809017, 0.309017, 0.0, 0.0, 0.0, 0.0, 1.0 ], [ 0.809017, 0.309017, -0.5, 0.0, -0.309017, -0.5, -0.809017, 0.0, -0.5, 0.809017, -0.309017, 0.0, 0.0, 0.0, 0.0, 1.0 ], [ 0.5, -0.809017, 0.309017, 0.0, -0.809017, -0.309017, 0.5, 0.0, -0.309017, -0.5, -0.809017, 0.0, 0.0, 0.0, 0.0, 1.0 ], [ 0.309017, 0.5, 0.809017, 0.0, -0.5, 0.809017, -0.309017, 0.0, -0.809017, -0.309017, 0.5, 0.0, 0.0, 0.0, 0.0, 1.0 ], [ -1.0, 0.0, 0.0, 0.0, 0.0, -1.0, 0.0, 0.0, 0.0, 0.0, 1.0, 0.0, 0.0, 0.0, 0.0, 1.0 ], [ 0.0, 0.0, -1.0, 0.0, -1.0, 0.0, 0.0, 0.0, 0.0, 1.0, 0.0, 0.0, 0.0, 0.0, 0.0, 1.0 ], [ 0.0, -1.0, 0.0, 0.0, 0.0, 0.0, -1.0, 0.0, 1.0, 0.0, 0.0, 0.0, 0.0, 0.0, 0.0, 1.0 ], [ -0.809017, -0.309017, -0.5, 0.0, -0.309017, -0.5, 0.809017, 0.0, -0.5, 0.809017, 0.309017, 0.0, 0.0, 0.0, 0.0, 1.0 ], [ 0.5, -0.809017, -0.309017, 0.0, -0.809017, -0.309017, -0.5, 0.0, 0.309017, 0.5, -0.809017, 0.0, 0.0, 0.0, 0.0, 1.0 ], [ -0.309017, -0.5, 0.809017, 0.0, 0.5, -0.809017, -0.309017, 0.0, 0.809017, 0.309017, 0.5, 0.0, 0.0, 0.0, 0.0, 1.0 ], [ -0.5, -0.809017, -0.309017, 0.0, -0.809017, 0.309017, 0.5, 0.0, -0.309017, 0.5, -0.809017, 0.0, 0.0, 0.0, 0.0, 1.0 ], [ 0.309017, -0.5, 0.809017, 0.0, -0.5, -0.809017, -0.309017, 0.0, 0.809017, -0.309017, -0.5, 0.0, 0.0, 0.0, 0.0, 1.0 ], [ -0.809017, 0.309017, 0.5, 0.0, 0.309017, -0.5, 0.809017, 0.0, 0.5, 0.809017, 0.309017, 0.0, 0.0, 0.0, 0.0, 1.0 ], [ -0.5, -0.809017, 0.309017, 0.0, -0.809017, 0.309017, -0.5, 0.0, 0.309017, -0.5, -0.809017, 0.0, 0.0, 0.0, 0.0, 1.0 ], [ -0.309017, 0.5, 0.809017, 0.0, -0.5, -0.809017, 0.309017, 0.0, 0.809017, -0.309017, 0.5, 0.0, 0.0, 0.0, 0.0, 1.0 ], [ -0.809017, 0.309017, -0.5, 0.0, -0.309017, 0.5, 0.809017, 0.0, 0.5, 0.809017, -0.309017, 0.0, 0.0, 0.0, 0.0, 1.0 ], [ -0.809017, -0.309017, 0.5, 0.0, -0.309017, -0.5, -0.809017, 0.0, 0.5, -0.809017, 0.309017, 0.0, 0.0, 0.0, 0.0, 1.0 ], [ -0.5, 0.809017, -0.309017, 0.0, -0.809017, -0.309017, 0.5, 0.0, 0.309017, 0.5, 0.809017, 0.0, 0.0, 0.0, 0.0, 1.0 ], [ -0.309017, -0.5, -0.809017, 0.0, -0.5, 0.809017, -0.309017, 0.0, 0.809017, 0.309017, -0.5, 0.0, 0.0, 0.0, 0.0, 1.0 ], [ -1.0, 0.0, 0.0, 0.0, 0.0, 1.0, 0.0, 0.0, 0.0, 0.0, -1.0, 0.0, 0.0, 0.0, 0.0, 1.0 ], [ 0.0, 0.0, -1.0, 0.0, 1.0, 0.0, 0.0, 0.0, 0.0, -1.0, 0.0, 0.0, 0.0, 0.0, 0.0, 1.0 ], [ 0.0, -1.0, 0.0, 0.0, 0.0, 0.0, 1.0, 0.0, -1.0, 0.0, 0.0, 0.0, 0.0, 0.0, 0.0, 1.0 ], [ -0.809017, -0.309017, -0.5, 0.0, 0.309017, 0.5, -0.809017, 0.0, 0.5, -0.809017, -0.309017, 0.0, 0.0, 0.0, 0.0, 1.0 ], [ 0.5, -0.809017, -0.309017, 0.0, 0.809017, 0.309017, 0.5, 0.0, -0.309017, -0.5, 0.809017, 0.0, 0.0, 0.0, 0.0, 1.0 ], [ -0.309017, -0.5, 0.809017, 0.0, -0.5, 0.809017, 0.309017, 0.0, -0.809017, -0.309017, -0.5, 0.0, 0.0, 0.0, 0.0, 1.0 ], [ -0.5, -0.809017, -0.309017, 0.0, 0.809017, -0.309017, -0.5, 0.0, 0.309017, -0.5, 0.809017, 0.0, 0.0, 0.0, 0.0, 1.0 ], [ 0.309017, -0.5, 0.809017, 0.0, 0.5, 0.809017, 0.309017, 0.0, -0.809017, 0.309017, 0.5, 0.0, 0.0, 0.0, 0.0, 1.0 ], [ -0.809017, 0.309017, 0.5, 0.0, -0.309017, 0.5, -0.809017, 0.0, -0.5, -0.809017, -0.309017, 0.0, 0.0, 0.0, 0.0, 1.0 ], [ -0.5, -0.809017, 0.309017, 0.0, 0.809017, -0.309017, 0.5, 0.0, -0.309017, 0.5, 0.809017, 0.0, 0.0, 0.0, 0.0, 1.0 ], [ -0.309017, 0.5, 0.809017, 0.0, 0.5, 0.809017, -0.309017, 0.0, -0.809017, 0.309017, -0.5, 0.0, 0.0, 0.0, 0.0, 1.0 ], [ -0.809017, 0.309017, -0.5, 0.0, 0.309017, -0.5, -0.809017, 0.0, -0.5, -0.809017, 0.309017, 0.0, 0.0, 0.0, 0.0, 1.0 ], [ -0.809017, -0.309017, 0.5, 0.0, 0.309017, 0.5, 0.809017, 0.0, -0.5, 0.809017, -0.309017, 0.0, 0.0, 0.0, 0.0, 1.0 ], [ -0.5, 0.809017, -0.309017, 0.0, 0.809017, 0.309017, -0.5, 0.0, -0.309017, -0.5, -0.809017, 0.0, 0.0, 0.0, 0.0, 1.0 ], [ -0.309017, -0.5, -0.809017, 0.0, 0.5, -0.809017, 0.309017, 0.0, -0.809017, -0.309017, 0.5, 0.0, 0.0, 0.0, 0.0, 1.0 ] ],
  "lights" : {
    "backgroundColor" : "#FFFFFF",
    "ambientColor" : "#292929",
    "directionalLights" : [ {
      "direction" : {
        "x" : 1.0,
        "y" : -1.0,
        "z" : -1.0
      },
      "color" : "#EBEBE4"
    }, {
      "direction" : {
        "x" : -1.0,
        "y" : 0.0,
        "z" : 0.0
      },
      "color" : "#E4E4EB"
    }, {
      "direction" : {
        "x" : 0.0,
        "y" : 0.0,
        "z" : -1.0
      },
      "color" : "#1E1E1E"
    } ]
  },
  "camera" : {
    "width" : 92.792984,
    "stereo" : false,
    "lookDirection" : {
      "x" : 0.0,
      "y" : 1.0,
      "z" : 0.0
    },
    "upDirection" : {
      "x" : 0.0,
      "y" : 0.0,
      "z" : 1.0
    },
    "lookAtPoint" : {
      "x" : 0.0,
      "y" : 0.0,
      "z" : 0.0
    },
    "viewDistance" : 206.20677,
    "nearClipDistance" : 0.51551706,
    "farClipDistance" : 412.4129,
    "fieldOfView" : 0.4426286,
    "perspective" : false,
    "position" : {
      "x" : 0.0,
      "y" : -206.20677,
      "z" : 0.0
    }
  },
  "embedding" : [ 1.0, 0.0, 0.0, 0.0, 0.0, 1.0, 0.0, 0.0, 0.0, 0.0, 1.0, 0.0, 0.0, 0.0, 0.0, 1.0 ],
  "shapes" : [ {
    "id" : "d523abb1-5548-47e8-b96a-df13d703f728",
    "vertices" : [ {
      "x" : -0.309017,
      "y" : -0.19098301,
      "z" : 0.0
    }, {
      "x" : -0.309017,
      "y" : 0.19098301,
      "z" : 0.0
    }, {
      "x" : -0.19098301,
      "y" : 0.0,
      "z" : -0.309017
    }, {
      "x" : -0.19098301,
      "y" : 0.0,
      "z" : 0.309017
    }, {
      "x" : 0.0,
      "y" : -0.309017,
      "z" : -0.19098301
    }, {
      "x" : 0.0,
      "y" : -0.309017,
      "z" : 0.19098301
    }, {
      "x" : 0.0,
      "y" : 0.309017,
      "z" : -0.19098301
    }, {
      "x" : 0.0,
      "y" : 0.309017,
      "z" : 0.19098301
    }, {
      "x" : 0.19098301,
      "y" : 0.0,
      "z" : -0.309017
    }, {
      "x" : 0.19098301,
      "y" : 0.0,
      "z" : 0.309017
    }, {
      "x" : 0.309017,
      "y" : -0.19098301,
      "z" : 0.0
    }, {
      "x" : 0.309017,
      "y" : 0.19098301,
      "z" : 0.0
    } ],
    "faces" : [ {
      "vertices" : [ 0, 1, 2 ]
    }, {
      "vertices" : [ 0, 3, 1 ]
    }, {
      "vertices" : [ 0, 2, 4 ]
    }, {
      "vertices" : [ 0, 5, 3 ]
    }, {
      "vertices" : [ 0, 4, 5 ]
    }, {
      "vertices" : [ 1, 6, 2 ]
    }, {
      "vertices" : [ 1, 3, 7 ]
    }, {
      "vertices" : [ 1, 7, 6 ]
    }, {
      "vertices" : [ 2, 8, 4 ]
    }, {
      "vertices" : [ 2, 6, 8 ]
    }, {
      "vertices" : [ 3, 5, 9 ]
    }, {
      "vertices" : [ 3, 9, 7 ]
    }, {
      "vertices" : [ 4, 10, 5 ]
    }, {
      "vertices" : [ 4, 8, 10 ]
    }, {
      "vertices" : [ 5, 10, 9 ]
    }, {
      "vertices" : [ 6, 7, 11 ]
    }, {
      "vertices" : [ 6, 11, 8 ]
    }, {
      "vertices" : [ 7, 9, 11 ]
    }, {
      "vertices" : [ 8, 11, 10 ]
    }, {
      "vertices" : [ 9, 10, 11 ]
    } ]
  }, {
    "id" : "205942a0-1e71-4ead-ab2c-ca969d755ca9",
    "vertices" : [ {
      "x" : 1.236068,
      "y" : 0.54508495,
      "z" : 0.33688104
    }, {
      "x" : 1.236068,
      "y" : -0.072949015,
      "z" : 0.33688104
    }, {
      "x" : 5.618034,
      "y" : 0.76393205,
      "z" : 0.85410196
    }, {
      "x" : 5.618034,
      "y" : 1.381966,
      "z" : 0.85410196
    }, {
      "x" : 6.854102,
      "y" : 1.309017,
      "z" : 0.809017
    }, {
      "x" : 0.295686,
      "y" : 0.056471,
      "z" : 0.034900997
    }, {
      "x" : 1.236068,
      "y" : 0.54508495,
      "z" : -0.045084972
    }, {
      "x" : 5.618034,
      "y" : 0.76393205,
      "z" : 0.47213596
    }, {
      "x" : 1.236068,
      "y" : -0.072949015,
      "z" : -0.045084972
    }, {
      "x" : 5.618034,
      "y" : 1.381966,
      "z" : 0.47213596
    }, {
      "x" : 6.558416,
      "y" : 1.252546,
      "z" : 0.774116
    } ],
    "faces" : [ {
      "vertices" : [ 1, 8, 7 ]
    }, {
      "vertices" : [ 1, 7, 2 ]
    }, {
      "vertices" : [ 0, 3, 9 ]
    }, {
      "vertices" : [ 0, 9, 6 ]
    }, {
      "vertices" : [ 2, 7, 10 ]
    }, {
      "vertices" : [ 5, 6, 8 ]
    }, {
      "vertices" : [ 0, 1, 2 ]
    }, {
      "vertices" : [ 0, 2, 3 ]
    }, {
      "vertices" : [ 0, 5, 1 ]
    }, {
      "vertices" : [ 3, 10, 9 ]
    }, {
      "vertices" : [ 7, 9, 10 ]
    }, {
      "vertices" : [ 0, 6, 5 ]
    }, {
      "vertices" : [ 6, 9, 7 ]
    }, {
      "vertices" : [ 6, 7, 8 ]
    }, {
      "vertices" : [ 1, 5, 8 ]
    }, {
      "vertices" : [ 2, 10, 3 ]
    } ]
  }, {
    "id" : "a23a6dc4-fd23-4a86-bf41-038e165c62af",
    "vertices" : [ {
      "x" : 6.854102,
      "y" : 0.0,
      "z" : -2.618034
    }, {
      "x" : 6.545085,
      "y" : 0.0,
      "z" : -2.5
    }, {
      "x" : 6.1405764,
      "y" : -0.1545085,
      "z" : -2.059017
    }, {
      "x" : 5.9495935,
      "y" : -0.1545085,
      "z" : -2.559017
    }, {
      "x" : 0.9045085,
      "y" : -0.1545085,
      "z" : -0.059016995
    }, {
      "x" : 0.809017,
      "y" : 0.309017,
      "z" : -0.309017
    }, {
      "x" : 0.309017,
      "y" : 0.0,
      "z" : -0.11803399
    }, {
      "x" : 6.045085,
      "y" : 0.309017,
      "z" : -2.309017
    }, {
      "x" : 0.7135255,
      "y" : -0.1545085,
      "z" : -0.559017
    } ],
    "faces" : [ {
      "vertices" : [ 2, 4, 8 ]
    }, {
      "vertices" : [ 2, 8, 3 ]
    }, {
      "vertices" : [ 2, 7, 5 ]
    }, {
      "vertices" : [ 2, 5, 4 ]
    }, {
      "vertices" : [ 4, 6, 8 ]
    }, {
      "vertices" : [ 5, 8, 6 ]
    }, {
      "vertices" : [ 1, 2, 3 ]
    }, {
      "vertices" : [ 3, 8, 5 ]
    }, {
      "vertices" : [ 3, 5, 7 ]
    }, {
      "vertices" : [ 1, 7, 2 ]
    }, {
      "vertices" : [ 1, 3, 7 ]
    }, {
      "vertices" : [ 4, 5, 6 ]
    } ]
  }, {
    "id" : "62186783-c398-4362-9f8a-9000e051cd62",
    "vertices" : [ {
      "x" : 6.545085,
      "y" : 2.5,
      "z" : -0.95491505
    }, {
      "x" : 6.163119,
      "y" : 2.045085,
      "z" : -0.76393205
    }, {
      "x" : 6.0,
      "y" : 2.309017,
      "z" : -1.190983
    }, {
      "x" : 5.927051,
      "y" : 2.572949,
      "z" : -1.0
    }, {
      "x" : 0.85410196,
      "y" : 0.309017,
      "z" : 0.19098301
    }, {
      "x" : 0.690983,
      "y" : 0.572949,
      "z" : -0.23606798
    }, {
      "x" : 0.309017,
      "y" : 0.11803399,
      "z" : -0.045084972
    }, {
      "x" : 0.76393205,
      "y" : 0.309017,
      "z" : -0.42705098
    }, {
      "x" : 0.927051,
      "y" : 0.045084972,
      "z" : 0.0
    }, {
      "x" : 6.09017,
      "y" : 2.309017,
      "z" : -0.572949
    }, {
      "x" : 6.854102,
      "y" : 2.618034,
      "z" : -1.0
    } ],
    "faces" : [ {
      "vertices" : [ 2, 7, 5 ]
    }, {
      "vertices" : [ 2, 5, 3 ]
    }, {
      "vertices" : [ 1, 8, 7 ]
    }, {
      "vertices" : [ 1, 7, 2 ]
    }, {
      "vertices" : [ 4, 6, 8 ]
    }, {
      "vertices" : [ 5, 7, 6 ]
    }, {
      "vertices" : [ 0, 1, 2 ]
    }, {
      "vertices" : [ 0, 2, 3 ]
    }, {
      "vertices" : [ 6, 7, 8 ]
    }, {
      "vertices" : [ 3, 5, 4 ]
    }, {
      "vertices" : [ 3, 4, 9 ]
    }, {
      "vertices" : [ 1, 9, 4 ]
    }, {
      "vertices" : [ 1, 4, 8 ]
    }, {
      "vertices" : [ 0, 9, 1 ]
    }, {
      "vertices" : [ 0, 3, 9 ]
    }, {
      "vertices" : [ 4, 5, 6 ]
    } ]
  }, {
    "id" : "42b27c6b-9435-45e9-8ab3-af1b1ec12766",
    "vertices" : [ {
      "x" : 2.9967234,
      "y" : -4.5420794,
      "z" : -3.3300567
    }, {
      "x" : 3.0967233,
      "y" : -4.6420794,
      "z" : -2.9300566
    }, {
      "x" : 0.53333336,
      "y" : -0.4,
      "z" : -0.2
    }, {
      "x" : 0.43333334,
      "y" : -0.3,
      "z" : -0.6
    }, {
      "x" : 3.3967233,
      "y" : -4.408746,
      "z" : -3.06339
    }, {
      "x" : 3.2967234,
      "y" : -4.308746,
      "z" : -3.4633899
    }, {
      "x" : 0.13333334,
      "y" : -0.53333336,
      "z" : -0.46666667
    }, {
      "x" : 0.23333333,
      "y" : -0.6333333,
      "z" : -0.06666667
    } ],
    "faces" : [ {
      "vertices" : [ 2, 3, 6 ]
    }, {
      "vertices" : [ 2, 6, 7 ]
    }, {
      "vertices" : [ 0, 5, 4 ]
    }, {
      "vertices" : [ 0, 4, 1 ]
    }, {
      "vertices" : [ 2, 4, 5 ]
    }, {
      "vertices" : [ 2, 5, 3 ]
    }, {
      "vertices" : [ 0, 6, 3 ]
    }, {
      "vertices" : [ 0, 3, 5 ]
    }, {
      "vertices" : [ 0, 1, 7 ]
    }, {
      "vertices" : [ 0, 7, 6 ]
    }, {
      "vertices" : [ 1, 4, 2 ]
    }, {
      "vertices" : [ 1, 2, 7 ]
    } ]
  }, {
    "id" : "96f90519-058b-4427-8b3b-cbfe6e7f442e",
    "vertices" : [ {
      "x" : 2.2847006,
      "y" : 0.0,
      "z" : -0.872678
    }, {
      "x" : 1.9756837,
      "y" : 0.0,
      "z" : -0.75464404
    }, {
      "x" : 1.5711752,
      "y" : -0.1545085,
      "z" : -0.313661
    }, {
      "x" : 1.3801922,
      "y" : -0.1545085,
      "z" : -0.813661
    }, {
      "x" : 0.9045085,
      "y" : -0.1545085,
      "z" : -0.059016995
    }, {
      "x" : 0.809017,
      "y" : 0.309017,
      "z" : -0.309017
    }, {
      "x" : 0.309017,
      "y" : 0.0,
      "z" : -0.11803399
    }, {
      "x" : 1.4756837,
      "y" : 0.309017,
      "z" : -0.563661
    }, {
      "x" : 0.7135255,
      "y" : -0.1545085,
      "z" : -0.559017
    } ],
    "faces" : [ {
      "vertices" : [ 2, 4, 8 ]
    }, {
      "vertices" : [ 2, 8, 3 ]
    }, {
      "vertices" : [ 2, 7, 5 ]
    }, {
      "vertices" : [ 2, 5, 4 ]
    }, {
      "vertices" : [ 4, 6, 8 ]
    }, {
      "vertices" : [ 5, 8, 6 ]
    }, {
      "vertices" : [ 1, 2, 3 ]
    }, {
      "vertices" : [ 3, 8, 5 ]
    }, {
      "vertices" : [ 3, 5, 7 ]
    }, {
      "vertices" : [ 1, 7, 2 ]
    }, {
      "vertices" : [ 1, 3, 7 ]
    }, {
      "vertices" : [ 4, 5, 6 ]
    } ]
  }, {
    "id" : "0a71f647-abac-482f-958e-2e62c398beed",
    "vertices" : [ {
      "x" : 1.0,
      "y" : 0.309017,
      "z" : 0.19098301
    }, {
      "x" : 1.0,
      "y" : -0.309017,
      "z" : 0.19098301
    }, {
      "x" : 6.708204,
      "y" : -0.309017,
      "z" : 0.19098301
    }, {
      "x" : 6.708204,
      "y" : 0.309017,
      "z" : 0.19098301
    }, {
      "x" : 6.708204,
      "y" : -0.309017,
      "z" : -0.19098301
    }, {
      "x" : 6.708204,
      "y" : 0.309017,
      "z" : -0.19098301
    }, {
      "x" : 7.326238,
      "y" : 0.0,
      "z" : 0.0
    }, {
      "x" : 0.38196602,
      "y" : 0.0,
      "z" : 0.0
    }, {
      "x" : 1.0,
      "y" : 0.309017,
      "z" : -0.19098301
    }, {
      "x" : 1.0,
      "y" : -0.309017,
      "z" : -0.19098301
    }, {
      "x" : 7.708204,
      "y" : 0.0,
      "z" : 0.0
    } ],
    "faces" : [ {
      "vertices" : [ 1, 9, 4 ]
    }, {
      "vertices" : [ 1, 4, 2 ]
    }, {
      "vertices" : [ 0, 3, 5 ]
    }, {
      "vertices" : [ 0, 5, 8 ]
    }, {
      "vertices" : [ 1, 7, 9 ]
    }, {
      "vertices" : [ 0, 1, 2 ]
    }, {
      "vertices" : [ 0, 2, 3 ]
    }, {
      "vertices" : [ 7, 8, 9 ]
    }, {
      "vertices" : [ 0, 7, 1 ]
    }, {
      "vertices" : [ 4, 9, 8 ]
    }, {
      "vertices" : [ 4, 8, 5 ]
    }, {
      "vertices" : [ 2, 6, 3 ]
    }, {
      "vertices" : [ 2, 4, 6 ]
    }, {
      "vertices" : [ 3, 6, 5 ]
    }, {
      "vertices" : [ 4, 5, 6 ]
    }, {
      "vertices" : [ 0, 8, 7 ]
    } ]
  }, {
    "id" : "a98d3c00-f4d5-4cc8-886d-9939cabafde0",
    "vertices" : [ {
      "x" : 22.18034,
      "y" : -11.708204,
      "z" : -0.76393205
    }, {
      "x" : 22.18034,
      "y" : -22.18034,
      "z" : -0.76393205
    }, {
      "x" : 11.708204,
      "y" : -22.18034,
      "z" : -0.76393205
    }, {
      "x" : 11.708204,
      "y" : -11.708204,
      "z" : -0.76393205
    } ],
    "faces" : [ {
      "vertices" : [ 0, 1, 2 ]
    }, {
      "vertices" : [ 0, 2, 3 ]
    }, {
      "vertices" : [ 0, 3, 2 ]
    }, {
      "vertices" : [ 0, 2, 1 ]
    } ]
  }, {
    "id" : "24f4dbba-00ae-4764-bac3-c40e7b393e1b",
    "vertices" : [ {
      "x" : 4.5694013,
      "y" : 0.0,
      "z" : -1.745356
    }, {
      "x" : 4.260384,
      "y" : 0.0,
      "z" : -1.627322
    }, {
      "x" : 3.8558757,
      "y" : -0.1545085,
      "z" : -1.186339
    }, {
      "x" : 3.664893,
      "y" : -0.1545085,
      "z" : -1.686339
    }, {
      "x" : 0.9045085,
      "y" : -0.1545085,
      "z" : -0.059016995
    }, {
      "x" : 0.809017,
      "y" : 0.309017,
      "z" : -0.309017
    }, {
      "x" : 0.309017,
      "y" : 0.0,
      "z" : -0.11803399
    }, {
      "x" : 3.7603843,
      "y" : 0.309017,
      "z" : -1.436339
    }, {
      "x" : 0.7135255,
      "y" : -0.1545085,
      "z" : -0.559017
    } ],
    "faces" : [ {
      "vertices" : [ 2, 4, 8 ]
    }, {
      "vertices" : [ 2, 8, 3 ]
    }, {
      "vertices" : [ 2, 7, 5 ]
    }, {
      "vertices" : [ 2, 5, 4 ]
    }, {
      "vertices" : [ 4, 6, 8 ]
    }, {
      "vertices" : [ 5, 8, 6 ]
    }, {
      "vertices" : [ 1, 2, 3 ]
    }, {
      "vertices" : [ 3, 8, 5 ]
    }, {
      "vertices" : [ 3, 5, 7 ]
    }, {
      "vertices" : [ 1, 7, 2 ]
    }, {
      "vertices" : [ 1, 3, 7 ]
    }, {
      "vertices" : [ 4, 5, 6 ]
    } ]
  }, {
    "id" : "c5dbe66b-8950-4886-b593-a7834431daf0",
    "vertices" : [ {
      "x" : 11.708204,
      "y" : 0.76393205,
      "z" : 22.18034
    }, {
      "x" : 22.18034,
      "y" : 0.76393205,
      "z" : 22.18034
    }, {
      "x" : 22.18034,
      "y" : 0.76393205,
      "z" : 11.708204
    }, {
      "x" : 11.708204,
      "y" : 0.76393205,
      "z" : 11.708204
    } ],
    "faces" : [ {
      "vertices" : [ 0, 1, 2 ]
    }, {
      "vertices" : [ 0, 2, 3 ]
    }, {
      "vertices" : [ 0, 3, 2 ]
    }, {
      "vertices" : [ 0, 2, 1 ]
    } ]
  }, {
    "id" : "36d70e32-df90-4d0c-b4a2-901cad43b48c",
    "vertices" : [ {
      "x" : 22.18034,
      "y" : 11.708204,
      "z" : -0.76393205
    }, {
      "x" : 22.18034,
      "y" : 22.18034,
      "z" : -0.76393205
    }, {
      "x" : 11.708204,
      "y" : 22.18034,
      "z" : -0.76393205
    }, {
      "x" : 11.708204,
      "y" : 11.708204,
      "z" : -0.76393205
    } ],
    "faces" : [ {
      "vertices" : [ 0, 1, 2 ]
    }, {
      "vertices" : [ 0, 2, 3 ]
    }, {
      "vertices" : [ 0, 3, 2 ]
    }, {
      "vertices" : [ 0, 2, 1 ]
    } ]
  }, {
    "id" : "6ea6aa87-e256-4105-80da-8aac5c87b522",
    "vertices" : [ {
      "x" : -22.18034,
      "y" : -11.708204,
      "z" : -0.76393205
    }, {
      "x" : -22.18034,
      "y" : -22.18034,
      "z" : -0.76393205
    }, {
      "x" : -11.708204,
      "y" : -22.18034,
      "z" : -0.76393205
    }, {
      "x" : -11.708204,
      "y" : -11.708204,
      "z" : -0.76393205
    } ],
    "faces" : [ {
      "vertices" : [ 0, 1, 2 ]
    }, {
      "vertices" : [ 0, 2, 3 ]
    }, {
      "vertices" : [ 0, 3, 2 ]
    }, {
      "vertices" : [ 0, 2, 1 ]
    } ]
  }, {
    "id" : "86b79c66-fdad-4287-9f89-69b463a9bb24",
    "vertices" : [ {
      "x" : -0.76393205,
      "y" : -22.18034,
      "z" : -11.708204
    }, {
      "x" : -0.76393205,
      "y" : -22.18034,
      "z" : -22.18034
    }, {
      "x" : -0.76393205,
      "y" : -11.708204,
      "z" : -22.18034
    }, {
      "x" : -0.76393205,
      "y" : -11.708204,
      "z" : -11.708204
    } ],
    "faces" : [ {
      "vertices" : [ 0, 1, 2 ]
    }, {
      "vertices" : [ 0, 2, 3 ]
    }, {
      "vertices" : [ 0, 3, 2 ]
    }, {
      "vertices" : [ 0, 2, 1 ]
    } ]
  }, {
    "id" : "16d58d1b-5b3c-41e1-acfe-2b2cff8afb25",
    "vertices" : [ {
      "x" : 22.18034,
      "y" : 11.708204,
      "z" : 0.76393205
    }, {
      "x" : 22.18034,
      "y" : 22.18034,
      "z" : 0.76393205
    }, {
      "x" : 11.708204,
      "y" : 22.18034,
      "z" : 0.76393205
    }, {
      "x" : 11.708204,
      "y" : 11.708204,
      "z" : 0.76393205
    } ],
    "faces" : [ {
      "vertices" : [ 0, 1, 2 ]
    }, {
      "vertices" : [ 0, 2, 3 ]
    }, {
      "vertices" : [ 0, 3, 2 ]
    }, {
      "vertices" : [ 0, 2, 1 ]
    } ]
  }, {
    "id" : "3d1e34ce-3c73-48d9-8265-bb494028cbff",
    "vertices" : [ {
      "x" : 0.76393205,
      "y" : 22.18034,
      "z" : 11.708204
    }, {
      "x" : 0.76393205,
      "y" : 22.18034,
      "z" : 22.18034
    }, {
      "x" : 0.76393205,
      "y" : 11.708204,
      "z" : 22.18034
    }, {
      "x" : 0.76393205,
      "y" : 11.708204,
      "z" : 11.708204
    } ],
    "faces" : [ {
      "vertices" : [ 0, 1, 2 ]
    }, {
      "vertices" : [ 0, 2, 3 ]
    }, {
      "vertices" : [ 0, 3, 2 ]
    }, {
      "vertices" : [ 0, 2, 1 ]
    } ]
  }, {
    "id" : "1c6abcec-9330-4a1b-b0b9-45d89931eaf6",
    "vertices" : [ {
      "x" : -11.708204,
      "y" : -0.76393205,
      "z" : 22.18034
    }, {
      "x" : -22.18034,
      "y" : -0.76393205,
      "z" : 22.18034
    }, {
      "x" : -22.18034,
      "y" : -0.76393205,
      "z" : 11.708204
    }, {
      "x" : -11.708204,
      "y" : -0.76393205,
      "z" : 11.708204
    } ],
    "faces" : [ {
      "vertices" : [ 0, 1, 2 ]
    }, {
      "vertices" : [ 0, 2, 3 ]
    }, {
      "vertices" : [ 0, 3, 2 ]
    }, {
      "vertices" : [ 0, 2, 1 ]
    } ]
  }, {
    "id" : "a7383a51-19e8-4ca5-bc77-d808452772a4",
    "vertices" : [ {
      "x" : -22.18034,
      "y" : 11.708204,
      "z" : 0.76393205
    }, {
      "x" : -22.18034,
      "y" : 22.18034,
      "z" : 0.76393205
    }, {
      "x" : -11.708204,
      "y" : 22.18034,
      "z" : 0.76393205
    }, {
      "x" : -11.708204,
      "y" : 11.708204,
      "z" : 0.76393205
    } ],
    "faces" : [ {
      "vertices" : [ 0, 1, 2 ]
    }, {
      "vertices" : [ 0, 2, 3 ]
    }, {
      "vertices" : [ 0, 3, 2 ]
    }, {
      "vertices" : [ 0, 2, 1 ]
    } ]
  }, {
    "id" : "9a52bbbe-5c97-4d41-91eb-afcb365873ee",
    "vertices" : [ {
      "x" : 0.76393205,
      "y" : 22.18034,
      "z" : -11.708204
    }, {
      "x" : 0.76393205,
      "y" : 22.18034,
      "z" : -22.18034
    }, {
      "x" : 0.76393205,
      "y" : 11.708204,
      "z" : -22.18034
    }, {
      "x" : 0.76393205,
      "y" : 11.708204,
      "z" : -11.708204
    } ],
    "faces" : [ {
      "vertices" : [ 0, 1, 2 ]
    }, {
      "vertices" : [ 0, 2, 3 ]
    }, {
      "vertices" : [ 0, 3, 2 ]
    }, {
      "vertices" : [ 0, 2, 1 ]
    } ]
  }, {
    "id" : "5c381f59-a002-42ae-a617-4bd9a0162fe8",
    "vertices" : [ {
      "x" : 0.76393205,
      "y" : -22.18034,
      "z" : 11.708204
    }, {
      "x" : 0.76393205,
      "y" : -22.18034,
      "z" : 22.18034
    }, {
      "x" : 0.76393205,
      "y" : -11.708204,
      "z" : 22.18034
    }, {
      "x" : 0.76393205,
      "y" : -11.708204,
      "z" : 11.708204
    } ],
    "faces" : [ {
      "vertices" : [ 0, 1, 2 ]
    }, {
      "vertices" : [ 0, 2, 3 ]
    }, {
      "vertices" : [ 0, 3, 2 ]
    }, {
      "vertices" : [ 0, 2, 1 ]
    } ]
  }, {
    "id" : "091846c7-6d86-4301-bc59-fc2dfa533a61",
    "vertices" : [ {
      "x" : -0.76393205,
      "y" : -22.18034,
      "z" : 11.708204
    }, {
      "x" : -0.76393205,
      "y" : -22.18034,
      "z" : 22.18034
    }, {
      "x" : -0.76393205,
      "y" : -11.708204,
      "z" : 22.18034
    }, {
      "x" : -0.76393205,
      "y" : -11.708204,
      "z" : 11.708204
    } ],
    "faces" : [ {
      "vertices" : [ 0, 1, 2 ]
    }, {
      "vertices" : [ 0, 2, 3 ]
    }, {
      "vertices" : [ 0, 3, 2 ]
    }, {
      "vertices" : [ 0, 2, 1 ]
    } ]
  }, {
    "id" : "f86ef097-6154-4991-937d-332ae03a390c",
    "vertices" : [ {
      "x" : 11.708204,
      "y" : -0.76393205,
      "z" : 22.18034
    }, {
      "x" : 22.18034,
      "y" : -0.76393205,
      "z" : 22.18034
    }, {
      "x" : 22.18034,
      "y" : -0.76393205,
      "z" : 11.708204
    }, {
      "x" : 11.708204,
      "y" : -0.76393205,
      "z" : 11.708204
    } ],
    "faces" : [ {
      "vertices" : [ 0, 1, 2 ]
    }, {
      "vertices" : [ 0, 2, 3 ]
    }, {
      "vertices" : [ 0, 3, 2 ]
    }, {
      "vertices" : [ 0, 2, 1 ]
    } ]
  }, {
    "id" : "e5fde964-b5e6-4a05-b35f-85fa25c53230",
    "vertices" : [ {
      "x" : -22.18034,
      "y" : -11.708204,
      "z" : 0.76393205
    }, {
      "x" : -22.18034,
      "y" : -22.18034,
      "z" : 0.76393205
    }, {
      "x" : -11.708204,
      "y" : -22.18034,
      "z" : 0.76393205
    }, {
      "x" : -11.708204,
      "y" : -11.708204,
      "z" : 0.76393205
    } ],
    "faces" : [ {
      "vertices" : [ 0, 1, 2 ]
    }, {
      "vertices" : [ 0, 2, 3 ]
    }, {
      "vertices" : [ 0, 3, 2 ]
    }, {
      "vertices" : [ 0, 2, 1 ]
    } ]
  }, {
    "id" : "4d169c21-e00f-4b01-a3f0-5b6853a9b2c4",
    "vertices" : [ {
      "x" : -0.76393205,
      "y" : 22.18034,
      "z" : -11.708204
    }, {
      "x" : -0.76393205,
      "y" : 22.18034,
      "z" : -22.18034
    }, {
      "x" : -0.76393205,
      "y" : 11.708204,
      "z" : -22.18034
    }, {
      "x" : -0.76393205,
      "y" : 11.708204,
      "z" : -11.708204
    } ],
    "faces" : [ {
      "vertices" : [ 0, 1, 2 ]
    }, {
      "vertices" : [ 0, 2, 3 ]
    }, {
      "vertices" : [ 0, 3, 2 ]
    }, {
      "vertices" : [ 0, 2, 1 ]
    } ]
  }, {
    "id" : "89d9febc-3424-4874-b71c-86e2fb13be54",
    "vertices" : [ {
      "x" : 11.708204,
      "y" : -0.76393205,
      "z" : -22.18034
    }, {
      "x" : 22.18034,
      "y" : -0.76393205,
      "z" : -22.18034
    }, {
      "x" : 22.18034,
      "y" : -0.76393205,
      "z" : -11.708204
    }, {
      "x" : 11.708204,
      "y" : -0.76393205,
      "z" : -11.708204
    } ],
    "faces" : [ {
      "vertices" : [ 0, 1, 2 ]
    }, {
      "vertices" : [ 0, 2, 3 ]
    }, {
      "vertices" : [ 0, 3, 2 ]
    }, {
      "vertices" : [ 0, 2, 1 ]
    } ]
  }, {
    "id" : "97d5d07e-3fe1-4736-ab14-59859fc4e6c1",
    "vertices" : [ {
      "x" : 0.76393205,
      "y" : -22.18034,
      "z" : -11.708204
    }, {
      "x" : 0.76393205,
      "y" : -22.18034,
      "z" : -22.18034
    }, {
      "x" : 0.76393205,
      "y" : -11.708204,
      "z" : -22.18034
    }, {
      "x" : 0.76393205,
      "y" : -11.708204,
      "z" : -11.708204
    } ],
    "faces" : [ {
      "vertices" : [ 0, 1, 2 ]
    }, {
      "vertices" : [ 0, 2, 3 ]
    }, {
      "vertices" : [ 0, 3, 2 ]
    }, {
      "vertices" : [ 0, 2, 1 ]
    } ]
  }, {
    "id" : "3d66f8d4-d903-40b8-a4c0-00d9dedffe1c",
    "vertices" : [ {
      "x" : -1.1786894,
      "y" : 1.0120226,
      "z" : -6.5601134
    }, {
      "x" : -1.0786893,
      "y" : 1.4120227,
      "z" : -6.4601135
    }, {
      "x" : -0.23333333,
      "y" : 0.4,
      "z" : -0.5
    }, {
      "x" : -0.33333334,
      "y" : 0.0,
      "z" : -0.6
    }, {
      "x" : -1.3786893,
      "y" : 1.545356,
      "z" : -6.22678
    }, {
      "x" : -1.4786893,
      "y" : 1.1453559,
      "z" : -6.32678
    }, {
      "x" : -0.033333335,
      "y" : -0.13333334,
      "z" : -0.8333333
    }, {
      "x" : 0.06666667,
      "y" : 0.26666668,
      "z" : -0.73333335
    } ],
    "faces" : [ {
      "vertices" : [ 2, 3, 6 ]
    }, {
      "vertices" : [ 2, 6, 7 ]
    }, {
      "vertices" : [ 0, 5, 4 ]
    }, {
      "vertices" : [ 0, 4, 1 ]
    }, {
      "vertices" : [ 2, 4, 5 ]
    }, {
      "vertices" : [ 2, 5, 3 ]
    }, {
      "vertices" : [ 0, 6, 3 ]
    }, {
      "vertices" : [ 0, 3, 5 ]
    }, {
      "vertices" : [ 0, 1, 7 ]
    }, {
      "vertices" : [ 0, 7, 6 ]
    }, {
      "vertices" : [ 1, 4, 2 ]
    }, {
      "vertices" : [ 1, 2, 7 ]
    } ]
  }, {
    "id" : "1f9f0ce3-bd2d-4a87-a084-6ee235517049",
    "vertices" : [ {
      "x" : -11.708204,
      "y" : 0.76393205,
      "z" : -22.18034
    }, {
      "x" : -22.18034,
      "y" : 0.76393205,
      "z" : -22.18034
    }, {
      "x" : -22.18034,
      "y" : 0.76393205,
      "z" : -11.708204
    }, {
      "x" : -11.708204,
      "y" : 0.76393205,
      "z" : -11.708204
    } ],
    "faces" : [ {
      "vertices" : [ 0, 1, 2 ]
    }, {
      "vertices" : [ 0, 2, 3 ]
    }, {
      "vertices" : [ 0, 3, 2 ]
    }, {
      "vertices" : [ 0, 2, 1 ]
    } ]
  }, {
    "id" : "67c834a5-10e3-4373-9109-f7f6ba8bffa2",
    "vertices" : [ {
      "x" : 22.18034,
      "y" : -11.708204,
      "z" : 0.76393205
    }, {
      "x" : 22.18034,
      "y" : -22.18034,
      "z" : 0.76393205
    }, {
      "x" : 11.708204,
      "y" : -22.18034,
      "z" : 0.76393205
    }, {
      "x" : 11.708204,
      "y" : -11.708204,
      "z" : 0.76393205
    } ],
    "faces" : [ {
      "vertices" : [ 0, 1, 2 ]
    }, {
      "vertices" : [ 0, 2, 3 ]
    }, {
      "vertices" : [ 0, 3, 2 ]
    }, {
      "vertices" : [ 0, 2, 1 ]
    } ]
  }, {
    "id" : "bbe05efe-fe49-492b-8c23-6fa5d5037a64",
    "vertices" : [ {
      "x" : -11.708204,
      "y" : 0.76393205,
      "z" : 22.18034
    }, {
      "x" : -22.18034,
      "y" : 0.76393205,
      "z" : 22.18034
    }, {
      "x" : -22.18034,
      "y" : 0.76393205,
      "z" : 11.708204
    }, {
      "x" : -11.708204,
      "y" : 0.76393205,
      "z" : 11.708204
    } ],
    "faces" : [ {
      "vertices" : [ 0, 1, 2 ]
    }, {
      "vertices" : [ 0, 2, 3 ]
    }, {
      "vertices" : [ 0, 3, 2 ]
    }, {
      "vertices" : [ 0, 2, 1 ]
    } ]
  }, {
    "id" : "f620ca99-055d-464e-9217-46381945a5dd",
    "vertices" : [ {
      "x" : -0.76393205,
      "y" : 22.18034,
      "z" : 11.708204
    }, {
      "x" : -0.76393205,
      "y" : 22.18034,
      "z" : 22.18034
    }, {
      "x" : -0.76393205,
      "y" : 11.708204,
      "z" : 22.18034
    }, {
      "x" : -0.76393205,
      "y" : 11.708204,
      "z" : 11.708204
    } ],
    "faces" : [ {
      "vertices" : [ 0, 1, 2 ]
    }, {
      "vertices" : [ 0, 2, 3 ]
    }, {
      "vertices" : [ 0, 3, 2 ]
    }, {
      "vertices" : [ 0, 2, 1 ]
    } ]
  }, {
    "id" : "6b6a4eab-8539-4d92-b611-5d0d01cde4b8",
    "vertices" : [ {
      "x" : 11.708204,
      "y" : 0.76393205,
      "z" : -22.18034
    }, {
      "x" : 22.18034,
      "y" : 0.76393205,
      "z" : -22.18034
    }, {
      "x" : 22.18034,
      "y" : 0.76393205,
      "z" : -11.708204
    }, {
      "x" : 11.708204,
      "y" : 0.76393205,
      "z" : -11.708204
    } ],
    "faces" : [ {
      "vertices" : [ 0, 1, 2 ]
    }, {
      "vertices" : [ 0, 2, 3 ]
    }, {
      "vertices" : [ 0, 3, 2 ]
    }, {
      "vertices" : [ 0, 2, 1 ]
    } ]
  }, {
    "id" : "fda4cc0c-908b-47fb-9c7f-66869faef821",
    "vertices" : [ {
      "x" : -11.708204,
      "y" : -0.76393205,
      "z" : -22.18034
    }, {
      "x" : -22.18034,
      "y" : -0.76393205,
      "z" : -22.18034
    }, {
      "x" : -22.18034,
      "y" : -0.76393205,
      "z" : -11.708204
    }, {
      "x" : -11.708204,
      "y" : -0.76393205,
      "z" : -11.708204
    } ],
    "faces" : [ {
      "vertices" : [ 0, 1, 2 ]
    }, {
      "vertices" : [ 0, 2, 3 ]
    }, {
      "vertices" : [ 0, 3, 2 ]
    }, {
      "vertices" : [ 0, 2, 1 ]
    } ]
  }, {
    "id" : "ea3c673f-224f-49ed-8dbb-7f91fb673b75",
    "vertices" : [ {
      "x" : -22.18034,
      "y" : 11.708204,
      "z" : -0.76393205
    }, {
      "x" : -22.18034,
      "y" : 22.18034,
      "z" : -0.76393205
    }, {
      "x" : -11.708204,
      "y" : 22.18034,
      "z" : -0.76393205
    }, {
      "x" : -11.708204,
      "y" : 11.708204,
      "z" : -0.76393205
    } ],
    "faces" : [ {
      "vertices" : [ 0, 1, 2 ]
    }, {
      "vertices" : [ 0, 2, 3 ]
    }, {
      "vertices" : [ 0, 3, 2 ]
    }, {
      "vertices" : [ 0, 2, 1 ]
    } ]
  } ],
  "instances" : [ {
    "shape" : "d523abb1-5548-47e8-b96a-df13d703f728",
    "color" : "#FFFFFF",
    "position" : {
      "x" : -15.532249,
      "y" : -7.0601134,
      "z" : 15.532249
    }
  }, {
    "shape" : "d523abb1-5548-47e8-b96a-df13d703f728",
    "color" : "#FFFFFF",
    "position" : {
      "x" : 11.708204,
      "y" : -0.76393205,
      "z" : -22.18034
    }
  }, {
    "shape" : "205942a0-1e71-4ead-ab2c-ca969d755ca9",
    "color" : "#CC6600",
    "position" : {
      "x" : 6.354102,
      "y" : -6.354102,
      "z" : 14.826238
    },
    "orientation" : 3
  }, {
    "shape" : "205942a0-1e71-4ead-ab2c-ca969d755ca9",
    "color" : "#CC6600",
    "position" : {
      "x" : -15.532249,
      "y" : -7.0601134,
      "z" : 15.532249
    },
    "orientation" : 50
  }, {
    "shape" : "205942a0-1e71-4ead-ab2c-ca969d755ca9",
    "color" : "#CC6600",
    "position" : {
      "x" : -3.5300567,
      "y" : -12.0021925,
      "z" : -3.5300567
    },
    "orientation" : 20
  }, {
    "shape" : "d523abb1-5548-47e8-b96a-df13d703f728",
    "color" : "#FFFFFF",
    "position" : {
      "x" : -12.708204,
      "y" : -12.708204,
      "z" : -4.236068
    }
  }, {
    "shape" : "a23a6dc4-fd23-4a86-bf41-038e165c62af",
    "color" : "#CCCCCC",
    "position" : {
      "x" : -8.472136,
      "y" : -8.472136,
      "z" : 0.0
    },
    "orientation" : 24
  }, {
    "shape" : "d523abb1-5548-47e8-b96a-df13d703f728",
    "color" : "#FFFFFF",
    "position" : {
      "x" : 11.296182,
      "y" : 2.8240454,
      "z" : 11.296182
    }
  }, {
    "shape" : "d523abb1-5548-47e8-b96a-df13d703f728",
    "color" : "#FFFFFF",
    "position" : {
      "x" : 15.532249,
      "y" : -15.532249,
      "z" : 7.0601134
    }
  }, {
    "shape" : "62186783-c398-4362-9f8a-9000e051cd62",
    "color" : "#008D36",
    "position" : {
      "x" : 11.708204,
      "y" : -11.708204,
      "z" : 0.76393205
    },
    "orientation" : 21
  }, {
    "shape" : "62186783-c398-4362-9f8a-9000e051cd62",
    "color" : "#008D36",
    "position" : {
      "x" : 16.944271,
      "y" : -0.76393205,
      "z" : -16.944271
    },
    "orientation" : 8
  }, {
    "shape" : "d523abb1-5548-47e8-b96a-df13d703f728",
    "color" : "#FFFFFF",
    "position" : {
      "x" : 7.0601134,
      "y" : 15.532249,
      "z" : 15.532249
    }
  }, {
    "shape" : "205942a0-1e71-4ead-ab2c-ca969d755ca9",
    "color" : "#CC6600",
    "position" : {
      "x" : 12.708204,
      "y" : -4.236068,
      "z" : -12.708204
    },
    "orientation" : 5
  }, {
    "shape" : "a23a6dc4-fd23-4a86-bf41-038e165c62af",
    "color" : "#CCCCCC",
    "position" : {
      "x" : 4.236068,
      "y" : -4.236068,
      "z" : -4.236068
    },
    "orientation" : 19
  }, {
    "shape" : "42b27c6b-9435-45e9-8ab3-af1b1ec12766",
    "color" : "#CC6600",
    "position" : {
      "x" : 9.178147,
      "y" : 9.178147,
      "z" : 17.650284
    },
    "orientation" : 47
  }, {
    "shape" : "d523abb1-5548-47e8-b96a-df13d703f728",
    "color" : "#FFFFFF",
    "position" : {
      "x" : -5.648091,
      "y" : 14.120227,
      "z" : -14.120227
    }
  }, {
    "shape" : "42b27c6b-9435-45e9-8ab3-af1b1ec12766",
    "color" : "#CC6600",
    "position" : {
      "x" : 11.296182,
      "y" : -2.8240454,
      "z" : 11.296182
    },
    "orientation" : 31
  }, {
    "shape" : "d523abb1-5548-47e8-b96a-df13d703f728",
    "color" : "#FFFFFF",
    "position" : {
      "x" : 4.236068,
      "y" : 4.236068,
      "z" : -12.708204
    }
  }, {
    "shape" : "d523abb1-5548-47e8-b96a-df13d703f728",
    "color" : "#FFFFFF",
    "position" : {
      "x" : 9.178147,
      "y" : 9.178147,
      "z" : -17.650284
    }
  }, {
    "shape" : "d523abb1-5548-47e8-b96a-df13d703f728",
    "color" : "#FFFFFF",
    "position" : {
      "x" : -6.354102,
      "y" : -6.354102,
      "z" : -14.826238
    }
  }, {
    "shape" : "42b27c6b-9435-45e9-8ab3-af1b1ec12766",
    "color" : "#CC6600",
    "position" : {
      "x" : -10.59017,
      "y" : -19.062305,
      "z" : 10.59017
    },
    "orientation" : 46
  }, {
    "shape" : "d523abb1-5548-47e8-b96a-df13d703f728",
    "color" : "#FFFFFF",
    "position" : {
      "x" : -6.354102,
      "y" : 14.826238,
      "z" : -6.354102
    }
  }, {
    "shape" : "a23a6dc4-fd23-4a86-bf41-038e165c62af",
    "color" : "#CCCCCC",
    "position" : {
      "x" : -8.472136,
      "y" : -8.472136,
      "z" : 0.0
    },
    "orientation" : 5
  }, {
    "shape" : "d523abb1-5548-47e8-b96a-df13d703f728",
    "color" : "#FFFFFF",
    "position" : {
      "x" : -4.236068,
      "y" : 4.236068,
      "z" : 4.236068
    }
  }, {
    "shape" : "42b27c6b-9435-45e9-8ab3-af1b1ec12766",
    "color" : "#CC6600",
    "position" : {
      "x" : 9.178147,
      "y" : -9.178147,
      "z" : -17.650284
    },
    "orientation" : 32
  }, {
    "shape" : "62186783-c398-4362-9f8a-9000e051cd62",
    "color" : "#008D36",
    "position" : {
      "x" : 0.76393205,
      "y" : -16.944271,
      "z" : 16.944271
    },
    "orientation" : 37
  }, {
    "shape" : "d523abb1-5548-47e8-b96a-df13d703f728",
    "color" : "#FFFFFF",
    "position" : {
      "x" : -0.76393205,
      "y" : -11.708204,
      "z" : 22.18034
    }
  }, {
    "shape" : "d523abb1-5548-47e8-b96a-df13d703f728",
    "color" : "#FFFFFF",
    "position" : {
      "x" : -4.9420795,
      "y" : -13.414215,
      "z" : 4.9420795
    }
  }, {
    "shape" : "d523abb1-5548-47e8-b96a-df13d703f728",
    "color" : "#FFFFFF",
    "position" : {
      "x" : -15.532249,
      "y" : 7.0601134,
      "z" : -15.532249
    }
  }, {
    "shape" : "d523abb1-5548-47e8-b96a-df13d703f728",
    "color" : "#FFFFFF",
    "position" : {
      "x" : -16.944271,
      "y" : -16.944271,
      "z" : -0.76393205
    }
  }, {
    "shape" : "d523abb1-5548-47e8-b96a-df13d703f728",
