{
  "field" : "golden",
  "symmetry" : "icosahedral",
  "orientations" : [ [ 1.0, 0.0, 0.0, 0.0, 0.0, 1.0, 0.0, 0.0, 0.0, 0.0, 1.0, 0.0, 0.0, 0.0, 0.0, 1.0 ], [ 0.0, 0.0, 1.0, 0.0, 1.0, 0.0, 0.0, 0.0, 0.0, 1.0, 0.0, 0.0, 0.0, 0.0, 0.0, 1.0 ], [ 0.0, 1.0, 0.0, 0.0, 0.0, 0.0, 1.0, 0.0, 1.0, 0.0, 0.0, 0.0, 0.0, 0.0, 0.0, 1.0 ], [ 0.809017, 0.309017, 0.5, 0.0, 0.309017, 0.5, -0.809017, 0.0, -0.5, 0.809017, 0.309017, 0.0, 0.0, 0.0, 0.0, 1.0 ], [ -0.5, 0.809017, 0.309017, 0.0, 0.809017, 0.309017, 0.5, 0.0, 0.309017, 0.5, -0.809017, 0.0, 0.0, 0.0, 0.0, 1.0 ], [ 0.309017, 0.5, -0.809017, 0.0, -0.5, 0.809017, 0.309017, 0.0, 0.809017, 0.309017, 0.5, 0.0, 0.0, 0.0, 0.0, 1.0 ], [ 0.5, 0.809017, 0.309017, 0.0, 0.809017, -0.309017, -0.5, 0.0, -0.309017, 0.5, -0.809017, 0.0, 0.0, 0.0, 0.0, 1.0 ], [ -0.309017, 0.5, -0.809017, 0.0, 0.5, 0.809017, 0.309017, 0.0, 0.809017, -0.309017, -0.5, 0.0, 0.0, 0.0, 0.0, 1.0 ], [ 0.809017, -0.309017, -0.5, 0.0, -0.309017, 0.5, -0.809017, 0.0, 0.5, 0.809017, 0.309017, 0.0, 0.0, 0.0, 0.0, 1.0 ], [ 0.5, 0.809017, -0.309017, 0.0, 0.809017, -0.309017, 0.5, 0.0, 0.309017, -0.5, -0.809017, 0.0, 0.0, 0.0, 0.0, 1.0 ], [ 0.309017, -0.5, -0.809017, 0.0, 0.5, 0.809017, -0.309017, 0.0, 0.809017, -0.309017, 0.5, 0.0, 0.0, 0.0, 0.0, 1.0 ], [ 0.809017, -0.309017, 0.5, 0.0, 0.309017, -0.5, -0.809017, 0.0, 0.5, 0.809017, -0.309017, 0.0, 0.0, 0.0, 0.0, 1.0 ], [ 0.809017, 0.309017, -0.5, 0.0, 0.309017, 0.5, 0.809017, 0.0, 0.5, -0.809017, 0.309017, 0.0, 0.0, 0.0, 0.0, 1.0 ], [ 0.5, -0.809017, 0.309017, 0.0, 0.809017, 0.309017, -0.5, 0.0, 0.309017, 0.5, 0.809017, 0.0, 0.0, 0.0, 0.0, 1.0 ], [ 0.309017, 0.5, 0.809017, 0.0, 0.5, -0.809017, 0.309017, 0.0, 0.809017, 0.309017, -0.5, 0.0, 0.0, 0.0, 0.0, 1.0 ], [ 1.0, 0.0, 0.0, 0.0, 0.0, -1.0, 0.0, 0.0, 0.0, 0.0, -1.0, 0.0, 0.0, 0.0, 0.0, 1.0 ], [ 0.0, 0.0, 1.0, 0.0, -1.0, 0.0, 0.0, 0.0, 0.0, -1.0, 0.0, 0.0, 0.0, 0.0, 0.0, 1.0 ], [ 0.0, 1.0, 0.0, 0.0, 0.0, 0.0, -1.0, 0.0, -1.0, 0.0, 0.0, 0.0, 0.0, 0.0, 0.0, 1.0 ], [ 0.809017, 0.309017, 0.5, 0.0, -0.309017, -0.5, 0.809017, 0.0, 0.5, -0.809017, -0.309017, 0.0, 0.0, 0.0, 0.0, 1.0 ], [ -0.5, 0.809017, 0.309017, 0.0, -0.809017, -0.309017, -0.5, 0.0, -0.309017, -0.5, 0.809017, 0.0, 0.0, 0.0, 0.0, 1.0 ], [ 0.309017, 0.5, -0.809017, 0.0, 0.5, -0.809017, -0.309017, 0.0, -0.809017, -0.309017, -0.5, 0.0, 0.0, 0.0, 0.0, 1.0 ], [ 0.5, 0.809017, 0.309017, 0.0, -0.809017, 0.309017, 0.5, 0.0, 0.309017, -0.5, 0.809017, 0.0, 0.0, 0.0, 0.0, 1.0 ], [ -0.309017, 0.5, -0.809017, 0.0, -0.5, -0.809017, -0.309017, 0.0, -0.809017, 0.309017, 0.5, 0.0, 0.0, 0.0, 0.0, 1.0 ], [ 0.809017, -0.309017, -0.5, 0.0, 0.309017, -0.5, 0.809017, 0.0, -0.5, -0.809017, -0.309017, 0.0, 0.0, 0.0, 0.0, 1.0 ], [ 0.5, 0.809017, -0.309017, 0.0, -0.809017, 0.309017, -0.5, 0.0, -0.309017, 0.5, 0.809017, 0.0, 0.0, 0.0, 0.0, 1.0 ], [ 0.309017, -0.5, -0.809017, 0.0, -0.5, -0.809017, 0.309017, 0.0, -0.809017, 0.309017, -0.5, 0.0, 0.0, 0.0, 0.0, 1.0 ], [ 0.809017, -0.309017, 0.5, 0.0, -0.309017, 0.5, 0.809017, 0.0, -0.5, -0.809017, 0.309017, 0.0, 0.0, 0.0, 0.0, 1.0 ], [ 0.809017, 0.309017, -0.5, 0.0, -0.309017, -0.5, -0.809017, 0.0, -0.5, 0.809017, -0.309017, 0.0, 0.0, 0.0, 0.0, 1.0 ], [ 0.5, -0.809017, 0.309017, 0.0, -0.809017, -0.309017, 0.5, 0.0, -0.309017, -0.5, -0.809017, 0.0, 0.0, 0.0, 0.0, 1.0 ], [ 0.309017, 0.5, 0.809017, 0.0, -0.5, 0.809017, -0.309017, 0.0, -0.809017, -0.309017, 0.5, 0.0, 0.0, 0.0, 0.0, 1.0 ], [ -1.0, 0.0, 0.0, 0.0, 0.0, -1.0, 0.0, 0.0, 0.0, 0.0, 1.0, 0.0, 0.0, 0.0, 0.0, 1.0 ], [ 0.0, 0.0, -1.0, 0.0, -1.0, 0.0, 0.0, 0.0, 0.0, 1.0, 0.0, 0.0, 0.0, 0.0, 0.0, 1.0 ], [ 0.0, -1.0, 0.0, 0.0, 0.0, 0.0, -1.0, 0.0, 1.0, 0.0, 0.0, 0.0, 0.0, 0.0, 0.0, 1.0 ], [ -0.809017, -0.309017, -0.5, 0.0, -0.309017, -0.5, 0.809017, 0.0, -0.5, 0.809017, 0.309017, 0.0, 0.0, 0.0, 0.0, 1.0 ], [ 0.5, -0.809017, -0.309017, 0.0, -0.809017, -0.309017, -0.5, 0.0, 0.309017, 0.5, -0.809017, 0.0, 0.0, 0.0, 0.0, 1.0 ], [ -0.309017, -0.5, 0.809017, 0.0, 0.5, -0.809017, -0.309017, 0.0, 0.809017, 0.309017, 0.5, 0.0, 0.0, 0.0, 0.0, 1.0 ], [ -0.5, -0.809017, -0.309017, 0.0, -0.809017, 0.309017, 0.5, 0.0, -0.309017, 0.5, -0.809017, 0.0, 0.0, 0.0, 0.0, 1.0 ], [ 0.309017, -0.5, 0.809017, 0.0, -0.5, -0.809017, -0.309017, 0.0, 0.809017, -0.309017, -0.5, 0.0, 0.0, 0.0, 0.0, 1.0 ], [ -0.809017, 0.309017, 0.5, 0.0, 0.309017, -0.5, 0.809017, 0.0, 0.5, 0.809017, 0.309017, 0.0, 0.0, 0.0, 0.0, 1.0 ], [ -0.5, -0.809017, 0.309017, 0.0, -0.809017, 0.309017, -0.5, 0.0, 0.309017, -0.5, -0.809017, 0.0, 0.0, 0.0, 0.0, 1.0 ], [ -0.309017, 0.5, 0.809017, 0.0, -0.5, -0.809017, 0.309017, 0.0, 0.809017, -0.309017, 0.5, 0.0, 0.0, 0.0, 0.0, 1.0 ], [ -0.809017, 0.309017, -0.5, 0.0, -0.309017, 0.5, 0.809017, 0.0, 0.5, 0.809017, -0.309017, 0.0, 0.0, 0.0, 0.0, 1.0 ], [ -0.809017, -0.309017, 0.5, 0.0, -0.309017, -0.5, -0.809017, 0.0, 0.5, -0.809017, 0.309017, 0.0, 0.0, 0.0, 0.0, 1.0 ], [ -0.5, 0.809017, -0.309017, 0.0, -0.809017, -0.309017, 0.5, 0.0, 0.309017, 0.5, 0.809017, 0.0, 0.0, 0.0, 0.0, 1.0 ], [ -0.309017, -0.5, -0.809017, 0.0, -0.5, 0.809017, -0.309017, 0.0, 0.809017, 0.309017, -0.5, 0.0, 0.0, 0.0, 0.0, 1.0 ], [ -1.0, 0.0, 0.0, 0.0, 0.0, 1.0, 0.0, 0.0, 0.0, 0.0, -1.0, 0.0, 0.0, 0.0, 0.0, 1.0 ], [ 0.0, 0.0, -1.0, 0.0, 1.0, 0.0, 0.0, 0.0, 0.0, -1.0, 0.0, 0.0, 0.0, 0.0, 0.0, 1.0 ], [ 0.0, -1.0, 0.0, 0.0, 0.0, 0.0, 1.0, 0.0, -1.0, 0.0, 0.0, 0.0, 0.0, 0.0, 0.0, 1.0 ], [ -0.809017, -0.309017, -0.5, 0.0, 0.309017, 0.5, -0.809017, 0.0, 0.5, -0.809017, -0.309017, 0.0, 0.0, 0.0, 0.0, 1.0 ], [ 0.5, -0.809017, -0.309017, 0.0, 0.809017, 0.309017, 0.5, 0.0, -0.309017, -0.5, 0.809017, 0.0, 0.0, 0.0, 0.0, 1.0 ], [ -0.309017, -0.5, 0.809017, 0.0, -0.5, 0.809017, 0.309017, 0.0, -0.809017, -0.309017, -0.5, 0.0, 0.0, 0.0, 0.0, 1.0 ], [ -0.5, -0.809017, -0.309017, 0.0, 0.809017, -0.309017, -0.5, 0.0, 0.309017, -0.5, 0.809017, 0.0, 0.0, 0.0, 0.0, 1.0 ], [ 0.309017, -0.5, 0.809017, 0.0, 0.5, 0.809017, 0.309017, 0.0, -0.809017, 0.309017, 0.5, 0.0, 0.0, 0.0, 0.0, 1.0 ], [ -0.809017, 0.309017, 0.5, 0.0, -0.309017, 0.5, -0.809017, 0.0, -0.5, -0.809017, -0.309017, 0.0, 0.0, 0.0, 0.0, 1.0 ], [ -0.5, -0.809017, 0.309017, 0.0, 0.809017, -0.309017, 0.5, 0.0, -0.309017, 0.5, 0.809017, 0.0, 0.0, 0.0, 0.0, 1.0 ], [ -0.309017, 0.5, 0.809017, 0.0, 0.5, 0.809017, -0.309017, 0.0, -0.809017, 0.309017, -0.5, 0.0, 0.0, 0.0, 0.0, 1.0 ], [ -0.809017, 0.309017, -0.5, 0.0, 0.309017, -0.5, -0.809017, 0.0, -0.5, -0.809017, 0.309017, 0.0, 0.0, 0.0, 0.0, 1.0 ], [ -0.809017, -0.309017, 0.5, 0.0, 0.309017, 0.5, 0.809017, 0.0, -0.5, 0.809017, -0.309017, 0.0, 0.0, 0.0, 0.0, 1.0 ], [ -0.5, 0.809017, -0.309017, 0.0, 0.809017, 0.309017, -0.5, 0.0, -0.309017, -0.5, -0.809017, 0.0, 0.0, 0.0, 0.0, 1.0 ], [ -0.309017, -0.5, -0.809017, 0.0, 0.5, -0.809017, 0.309017, 0.0, -0.809017, -0.309017, 0.5, 0.0, 0.0, 0.0, 0.0, 1.0 ] ],
  "lights" : {
    "ambientColor" : "#292929",
    "backgroundColor" : "#CCCCCC",
    "directionalLights" : [ {
      "direction" : [ 1.0, -1.0, -1.0 ],
      "color" : "#EBEBE4"
    }, {
      "direction" : [ -1.0, 0.0, 0.0 ],
      "color" : "#E4E4EB"
    }, {
      "direction" : [ 0.0, 0.0, -1.0 ],
      "color" : "#1E1E1E"
    } ]
  },
  "camera" : {
    "stereo" : false,
    "width" : 77.507256,
    "perspective" : true,
    "lookDirection" : {
      "x" : 0.0,
      "y" : -1.0,
      "z" : 0.0
    },
    "upDirection" : {
      "x" : 1.0,
      "y" : 0.0,
      "z" : 0.0
    },
    "lookAtPoint" : {
      "x" : 0.0,
      "y" : 0.0,
      "z" : 0.0
    },
    "viewDistance" : 172.23839,
    "nearClipDistance" : 0.43059614,
    "farClipDistance" : 344.47626,
    "fieldOfView" : 0.4426288,
    "position" : {
      "x" : 0.0,
      "y" : 172.23839,
      "z" : 0.0
    }
  },
  "embedding" : [ 1.0, 0.0, 0.0, 0.0, 0.0, 1.0, 0.0, 0.0, 0.0, 0.0, 1.0, 0.0, 0.0, 0.0, 0.0, 1.0 ],
  "shapes" : [ {
    "id" : "ea701e82-b388-4649-8d37-048830762b20",
    "vertices" : [ {
      "x" : -16.635256,
      "y" : -6.354102,
      "z" : 10.281153
    }, {
      "x" : 7.854102,
      "y" : -20.562305,
      "z" : 0.0
    }, {
      "x" : -7.854102,
      "y" : 20.562305,
      "z" : 0.0
    } ],
    "faces" : [ {
      "vertices" : [ 0, 1, 2 ]
    }, {
      "vertices" : [ 0, 2, 1 ]
    } ]
  }, {
    "id" : "8419471b-cf36-4f36-a57e-1c3f033964eb",
    "vertices" : [ {
      "x" : -16.635256,
      "y" : 6.354102,
      "z" : -10.281153
    }, {
      "x" : -7.854102,
      "y" : -20.562305,
      "z" : 0.0
    }, {
      "x" : 7.854102,
      "y" : 20.562305,
      "z" : 0.0
    } ],
    "faces" : [ {
      "vertices" : [ 0, 1, 2 ]
    }, {
      "vertices" : [ 0, 2, 1 ]
    } ]
  }, {
    "id" : "74bdc0b2-7594-4475-ac86-8a9c9ce2b519",
    "vertices" : [ {
      "x" : 12.708204,
      "y" : -1.0,
      "z" : 17.944271
    }, {
      "x" : 7.854102,
      "y" : -15.326238,
      "z" : 13.708204
    }, {
      "x" : 12.708204,
      "y" : -17.944271,
      "z" : -1.0
    }, {
      "x" : 20.562305,
      "y" : -5.236068,
      "z" : -5.854102
    }, {
      "x" : 20.562305,
      "y" : 5.236068,
      "z" : 5.854102
    } ],
    "faces" : [ {
      "vertices" : [ 0, 1, 2 ]
    }, {
      "vertices" : [ 0, 2, 3 ]
    }, {
      "vertices" : [ 0, 3, 4 ]
    }, {
      "vertices" : [ 0, 4, 3 ]
    }, {
      "vertices" : [ 0, 3, 2 ]
    }, {
      "vertices" : [ 0, 2, 1 ]
    } ]
  }, {
    "id" : "10858c52-7f68-4c8a-970b-425af0df624d",
    "vertices" : [ {
      "x" : 12.708204,
      "y" : 12.708204,
      "z" : -12.708204
    }, {
      "x" : -1.618034,
      "y" : 18.944271,
      "z" : -11.09017
    }, {
      "x" : -4.236068,
      "y" : 21.18034,
      "z" : 4.236068
    }, {
      "x" : 8.472136,
      "y" : 16.326239,
      "z" : 12.09017
    }, {
      "x" : 18.944271,
      "y" : 11.09017,
      "z" : 1.618034
    } ],
    "faces" : [ {
      "vertices" : [ 0, 1, 2 ]
    }, {
      "vertices" : [ 0, 2, 3 ]
    }, {
      "vertices" : [ 0, 3, 4 ]
    }, {
      "vertices" : [ 0, 4, 3 ]
    }, {
      "vertices" : [ 0, 3, 2 ]
    }, {
      "vertices" : [ 0, 2, 1 ]
    } ]
  }, {
    "id" : "d5c068da-356e-4b57-ac57-9cad698ed6c2",
    "vertices" : [ {
      "x" : -20.562305,
      "y" : 0.0,
      "z" : 7.854102
    }, {
      "x" : -17.944271,
      "y" : 12.708204,
      "z" : -1.0
    }, {
      "x" : -13.708204,
      "y" : 7.854102,
      "z" : -15.326238
    }, {
      "x" : -13.708204,
      "y" : -7.854102,
      "z" : -15.326238
    }, {
      "x" : -17.944271,
      "y" : -12.708204,
      "z" : -1.0
    } ],
    "faces" : [ {
      "vertices" : [ 0, 1, 2 ]
    }, {
      "vertices" : [ 0, 2, 3 ]
    }, {
      "vertices" : [ 0, 3, 4 ]
    }, {
      "vertices" : [ 0, 4, 3 ]
    }, {
      "vertices" : [ 0, 3, 2 ]
    }, {
      "vertices" : [ 0, 2, 1 ]
    } ]
  }, {
    "id" : "c811f024-0e79-451e-ad8f-f515bc115663",
    "vertices" : [ {
      "x" : -7.854102,
      "y" : 20.562305,
      "z" : 0.0
    }, {
      "x" : -19.562305,
      "y" : 10.09017,
      "z" : 0.0
    }, {
      "x" : -17.944271,
      "y" : 1.0,
      "z" : 12.708204
    }, {
      "x" : -5.236068,
      "y" : 5.854102,
      "z" : 20.562305
    }, {
      "x" : 1.0,
      "y" : 17.944271,
      "z" : 12.708204
    } ],
    "faces" : [ {
      "vertices" : [ 0, 1, 2 ]
    }, {
      "vertices" : [ 0, 2, 3 ]
    }, {
      "vertices" : [ 0, 3, 4 ]
    }, {
      "vertices" : [ 0, 4, 3 ]
    }, {
      "vertices" : [ 0, 3, 2 ]
    }, {
      "vertices" : [ 0, 2, 1 ]
    } ]
  }, {
    "id" : "e6f6d83f-50a9-4bae-b4cd-cb84ceb5cb12",
    "vertices" : [ {
      "x" : -20.562305,
      "y" : 0.0,
      "z" : -7.854102
    }, {
      "x" : -20.562305,
      "y" : 0.0,
      "z" : 7.854102
    }, {
      "x" : -12.708204,
      "y" : 12.708204,
      "z" : 12.708204
    }, {
      "x" : -7.854102,
      "y" : 20.562305,
      "z" : 0.0
    }, {
      "x" : -12.708204,
      "y" : 12.708204,
      "z" : -12.708204
    } ],
    "faces" : [ {
      "vertices" : [ 0, 1, 2 ]
    }, {
      "vertices" : [ 0, 2, 3 ]
    }, {
      "vertices" : [ 0, 3, 4 ]
    }, {
      "vertices" : [ 0, 4, 3 ]
    }, {
      "vertices" : [ 0, 3, 2 ]
    }, {
      "vertices" : [ 0, 2, 1 ]
    } ]
  }, {
    "id" : "90928ae1-d3e3-46fd-a794-dd3ee3093429",
    "vertices" : [ {
      "x" : -7.854102,
      "y" : -20.562305,
      "z" : 0.0
    }, {
      "x" : 7.854102,
      "y" : -20.562305,
      "z" : 0.0
    }, {
      "x" : 12.708204,
      "y" : -12.708204,
      "z" : 12.708204
    }, {
      "x" : 0.0,
      "y" : -7.854102,
      "z" : 20.562305
    }, {
      "x" : -12.708204,
      "y" : -12.708204,
      "z" : 12.708204
    } ],
    "faces" : [ {
      "vertices" : [ 0, 1, 2 ]
    }, {
      "vertices" : [ 0, 2, 3 ]
    }, {
      "vertices" : [ 0, 3, 4 ]
    }, {
      "vertices" : [ 0, 4, 3 ]
    }, {
      "vertices" : [ 0, 3, 2 ]
    }, {
      "vertices" : [ 0, 2, 1 ]
    } ]
  }, {
    "id" : "2227cb17-c21f-4da1-bd0c-523f24df12ba",
    "vertices" : [ {
      "x" : 0.0,
      "y" : -7.854102,
      "z" : 20.562305
    }, {
      "x" : 0.0,
      "y" : -19.562305,
      "z" : 10.09017
    }, {
      "x" : 12.708204,
      "y" : -17.944271,
      "z" : 1.0
    }, {
      "x" : 20.562305,
      "y" : -5.236068,
      "z" : 5.854102
    }, {
      "x" : 12.708204,
      "y" : 1.0,
      "z" : 17.944271
    } ],
    "faces" : [ {
      "vertices" : [ 0, 1, 2 ]
    }, {
      "vertices" : [ 0, 2, 3 ]
    }, {
      "vertices" : [ 0, 3, 4 ]
    }, {
      "vertices" : [ 0, 4, 3 ]
    }, {
      "vertices" : [ 0, 3, 2 ]
    }, {
      "vertices" : [ 0, 2, 1 ]
    } ]
  }, {
    "id" : "072c404b-6467-4403-8c0a-06682e81feee",
    "vertices" : [ {
      "x" : -16.635256,
      "y" : -6.354102,
      "z" : -10.281153
    }, {
      "x" : -12.708204,
      "y" : 12.708204,
      "z" : 12.708204
    }, {
      "x" : 12.708204,
      "y" : -12.708204,
      "z" : -12.708204
    } ],
    "faces" : [ {
      "vertices" : [ 0, 1, 2 ]
    }, {
      "vertices" : [ 0, 2, 1 ]
    } ]
  }, {
    "id" : "f3f8424e-316f-42aa-a291-bd862d8ac24e",
    "vertices" : [ {
      "x" : 20.562305,
      "y" : 0.0,
      "z" : 0.0
    }, {
      "x" : 0.0,
      "y" : -7.854102,
      "z" : -20.562305
    }, {
      "x" : 0.0,
      "y" : 7.854102,
      "z" : 20.562305
    } ],
    "faces" : [ {
      "vertices" : [ 0, 1, 2 ]
    }, {
      "vertices" : [ 0, 2, 1 ]
    } ]
  }, {
    "id" : "76755fca-dd20-4f96-b8a8-ead50e83a34e",
    "vertices" : [ {
      "x" : 1.618034,
      "y" : 18.944271,
      "z" : 11.09017
    }, {
      "x" : 12.09017,
      "y" : 8.472136,
      "z" : 16.326239
    }, {
      "x" : 21.18034,
      "y" : 4.236068,
      "z" : 4.236068
    }, {
      "x" : 16.326239,
      "y" : 12.09017,
      "z" : -8.472136
    }, {
      "x" : 4.236068,
      "y" : 21.18034,
      "z" : -4.236068
    } ],
    "faces" : [ {
      "vertices" : [ 0, 1, 2 ]
    }, {
      "vertices" : [ 0, 2, 3 ]
    }, {
      "vertices" : [ 0, 3, 4 ]
    }, {
      "vertices" : [ 0, 4, 3 ]
    }, {
      "vertices" : [ 0, 3, 2 ]
    }, {
      "vertices" : [ 0, 2, 1 ]
    } ]
  }, {
    "id" : "9cb5fd90-53c2-4537-9f8b-961b7d75475f",
    "vertices" : [ {
      "x" : 12.708204,
      "y" : -1.0,
      "z" : -17.944271
    }, {
      "x" : 20.562305,
      "y" : 5.236068,
      "z" : -5.854102
    }, {
      "x" : 20.562305,
      "y" : -5.236068,
      "z" : 5.854102
    }, {
      "x" : 12.708204,
      "y" : -17.944271,
      "z" : 1.0
    }, {
      "x" : 7.854102,
      "y" : -15.326238,
      "z" : -13.708204
    } ],
    "faces" : [ {
      "vertices" : [ 0, 1, 2 ]
    }, {
      "vertices" : [ 0, 2, 3 ]
    }, {
      "vertices" : [ 0, 3, 4 ]
    }, {
      "vertices" : [ 0, 4, 3 ]
    }, {
      "vertices" : [ 0, 3, 2 ]
    }, {
      "vertices" : [ 0, 2, 1 ]
    } ]
  }, {
    "id" : "20f442e6-0cfe-4b8b-99b0-ffeeb2e5df19",
    "vertices" : [ {
      "x" : 12.09017,
      "y" : -8.472136,
      "z" : -16.326239
    }, {
      "x" : 1.618034,
      "y" : -18.944271,
      "z" : -11.09017
    }, {
      "x" : -12.708204,
      "y" : -12.708204,
      "z" : -12.708204
    }, {
      "x" : -11.09017,
      "y" : 1.618034,
      "z" : -18.944271
    }, {
      "x" : 4.236068,
      "y" : 4.236068,
      "z" : -21.18034
    } ],
    "faces" : [ {
      "vertices" : [ 0, 1, 2 ]
    }, {
      "vertices" : [ 0, 2, 3 ]
    }, {
      "vertices" : [ 0, 3, 4 ]
    }, {
      "vertices" : [ 0, 4, 3 ]
    }, {
      "vertices" : [ 0, 3, 2 ]
    }, {
      "vertices" : [ 0, 2, 1 ]
    } ]
  }, {
    "id" : "51a08f01-a697-46ae-9546-24da3028b4c6",
    "vertices" : [ {
      "x" : -12.708204,
      "y" : 1.0,
      "z" : 17.944271
    }, {
      "x" : -7.854102,
      "y" : 15.326238,
      "z" : 13.708204
    }, {
      "x" : -12.708204,
      "y" : 17.944271,
      "z" : -1.0
    }, {
      "x" : -20.562305,
      "y" : 5.236068,
      "z" : -5.854102
    }, {
      "x" : -20.562305,
      "y" : -5.236068,
      "z" : 5.854102
    } ],
    "faces" : [ {
      "vertices" : [ 0, 1, 2 ]
    }, {
      "vertices" : [ 0, 2, 3 ]
    }, {
      "vertices" : [ 0, 3, 4 ]
    }, {
      "vertices" : [ 0, 4, 3 ]
    }, {
      "vertices" : [ 0, 3, 2 ]
    }, {
      "vertices" : [ 0, 2, 1 ]
    } ]
  }, {
    "id" : "d50ffd30-bb93-4a58-9e9e-2f01804bb7ed",
    "vertices" : [ {
      "x" : -18.944271,
      "y" : -11.09017,
      "z" : 1.618034
    }, {
      "x" : -8.472136,
      "y" : -16.326239,
      "z" : 12.09017
    }, {
      "x" : -4.236068,
      "y" : -4.236068,
      "z" : 21.18034
    }, {
      "x" : -12.09017,
      "y" : 8.472136,
      "z" : 16.326239
    }, {
      "x" : -21.18034,
      "y" : 4.236068,
      "z" : 4.236068
    } ],
    "faces" : [ {
      "vertices" : [ 0, 1, 2 ]
    }, {
      "vertices" : [ 0, 2, 3 ]
    }, {
      "vertices" : [ 0, 3, 4 ]
    }, {
      "vertices" : [ 0, 4, 3 ]
    }, {
      "vertices" : [ 0, 3, 2 ]
    }, {
      "vertices" : [ 0, 2, 1 ]
    } ]
  }, {
    "id" : "bd0864b8-f3b5-4c16-b7d5-d99f7760c7b2",
    "vertices" : [ {
      "x" : -7.854102,
      "y" : -20.562305,
      "z" : 0.0
    }, {
      "x" : -19.562305,
      "y" : -10.09017,
      "z" : 0.0
    }, {
      "x" : -17.944271,
      "y" : -1.0,
      "z" : -12.708204
    }, {
      "x" : -5.236068,
      "y" : -5.854102,
      "z" : -20.562305
    }, {
      "x" : 1.0,
      "y" : -17.944271,
      "z" : -12.708204
    } ],
    "faces" : [ {
      "vertices" : [ 0, 1, 2 ]
    }, {
      "vertices" : [ 0, 2, 3 ]
    }, {
      "vertices" : [ 0, 3, 4 ]
    }, {
      "vertices" : [ 0, 4, 3 ]
    }, {
      "vertices" : [ 0, 3, 2 ]
    }, {
      "vertices" : [ 0, 2, 1 ]
    } ]
  }, {
    "id" : "ee1defdf-6793-41ea-8e41-527f186b01df",
    "vertices" : [ {
      "x" : -17.944271,
      "y" : -12.708204,
      "z" : 1.0
    }, {
      "x" : -5.854102,
      "y" : -20.562305,
      "z" : -5.236068
    }, {
      "x" : 5.854102,
      "y" : -20.562305,
      "z" : 5.236068
    }, {
      "x" : 1.0,
      "y" : -12.708204,
      "z" : 17.944271
    }, {
      "x" : -13.708204,
      "y" : -7.854102,
      "z" : 15.326238
    } ],
    "faces" : [ {
      "vertices" : [ 0, 1, 2 ]
    }, {
      "vertices" : [ 0, 2, 3 ]
    }, {
      "vertices" : [ 0, 3, 4 ]
    }, {
      "vertices" : [ 0, 4, 3 ]
    }, {
      "vertices" : [ 0, 3, 2 ]
    }, {
      "vertices" : [ 0, 2, 1 ]
    } ]
  }, {
    "id" : "9a962e92-6429-4ad0-832d-2fce60ab638d",
    "vertices" : [ {
      "x" : 0.0,
      "y" : 0.0,
      "z" : -20.562305
    }, {
      "x" : -7.854102,
      "y" : 20.562305,
      "z" : 0.0
    }, {
      "x" : 7.854102,
      "y" : -20.562305,
      "z" : 0.0
    } ],
    "faces" : [ {
      "vertices" : [ 0, 1, 2 ]
    }, {
      "vertices" : [ 0, 2, 1 ]
    } ]
  }, {
    "id" : "2f79e186-f774-459b-ba4c-9bac94ab728c",
    "vertices" : [ {
      "x" : -12.708204,
      "y" : 12.708204,
      "z" : -12.708204
    }, {
      "x" : -7.854102,
      "y" : 20.562305,
      "z" : 0.0
    }, {
      "x" : 7.854102,
      "y" : 20.562305,
      "z" : 0.0
    }, {
      "x" : 12.708204,
      "y" : 12.708204,
      "z" : -12.708204
    }, {
      "x" : 0.0,
      "y" : 7.854102,
      "z" : -20.562305
    } ],
    "faces" : [ {
      "vertices" : [ 0, 1, 2 ]
    }, {
      "vertices" : [ 0, 2, 3 ]
    }, {
      "vertices" : [ 0, 3, 4 ]
    }, {
      "vertices" : [ 0, 4, 3 ]
    }, {
      "vertices" : [ 0, 3, 2 ]
    }, {
      "vertices" : [ 0, 2, 1 ]
    } ]
  }, {
    "id" : "824cec0e-5834-4b1e-b06d-433a9eba9540",
    "vertices" : [ {
      "x" : -12.708204,
      "y" : -1.0,
      "z" : 17.944271
    }, {
      "x" : -20.562305,
      "y" : 5.236068,
      "z" : 5.854102
    }, {
      "x" : -20.562305,
      "y" : -5.236068,
      "z" : -5.854102
    }, {
      "x" : -12.708204,
      "y" : -17.944271,
      "z" : -1.0
    }, {
      "x" : -7.854102,
      "y" : -15.326238,
      "z" : 13.708204
    } ],
    "faces" : [ {
      "vertices" : [ 0, 1, 2 ]
    }, {
      "vertices" : [ 0, 2, 3 ]
    }, {
      "vertices" : [ 0, 3, 4 ]
    }, {
      "vertices" : [ 0, 4, 3 ]
    }, {
      "vertices" : [ 0, 3, 2 ]
    }, {
      "vertices" : [ 0, 2, 1 ]
    } ]
  }, {
    "id" : "2c9aac0f-70ce-4b16-ad16-63e99a03ea14",
    "vertices" : [ {
      "x" : 0.0,
      "y" : 0.0,
      "z" : 20.562305
    }, {
      "x" : -7.854102,
      "y" : -20.562305,
      "z" : 0.0
    }, {
      "x" : 7.854102,
      "y" : 20.562305,
      "z" : 0.0
    } ],
    "faces" : [ {
      "vertices" : [ 0, 1, 2 ]
    }, {
      "vertices" : [ 0, 2, 1 ]
    } ]
  }, {
    "id" : "6af60a30-6cdf-4ac4-bdf7-b45fd5b0b59e",
    "vertices" : [ {
      "x" : -10.281153,
      "y" : 16.635256,
      "z" : -6.354102
    }, {
      "x" : 12.708204,
      "y" : 12.708204,
      "z" : 12.708204
    }, {
      "x" : 0.0,
      "y" : 0.0,
      "z" : 0.0
    } ],
    "faces" : [ {
      "vertices" : [ 0, 1, 2 ]
    }, {
      "vertices" : [ 0, 2, 1 ]
    } ]
  }, {
    "id" : "c7b02e7e-2dc8-438d-b5d2-0455edcd5494",
    "vertices" : [ {
      "x" : -12.708204,
      "y" : -1.0,
      "z" : -17.944271
    }, {
      "x" : -7.854102,
      "y" : -15.326238,
      "z" : -13.708204
    }, {
      "x" : -12.708204,
      "y" : -17.944271,
      "z" : 1.0
    }, {
      "x" : -20.562305,
      "y" : -5.236068,
      "z" : 5.854102
    }, {
      "x" : -20.562305,
      "y" : 5.236068,
      "z" : -5.854102
    } ],
    "faces" : [ {
      "vertices" : [ 0, 1, 2 ]
    }, {
      "vertices" : [ 0, 2, 3 ]
    }, {
      "vertices" : [ 0, 3, 4 ]
    }, {
      "vertices" : [ 0, 4, 3 ]
    }, {
      "vertices" : [ 0, 3, 2 ]
    }, {
      "vertices" : [ 0, 2, 1 ]
    } ]
  }, {
    "id" : "3bc7d4f2-418a-4622-9d56-d4cea742f0b1",
    "vertices" : [ {
      "x" : 20.562305,
      "y" : 0.0,
      "z" : -7.854102
    }, {
      "x" : 17.944271,
      "y" : 12.708204,
      "z" : 1.0
    }, {
      "x" : 13.708204,
      "y" : 7.854102,
      "z" : 15.326238
    }, {
      "x" : 13.708204,
      "y" : -7.854102,
      "z" : 15.326238
    }, {
      "x" : 17.944271,
      "y" : -12.708204,
      "z" : 1.0
    } ],
    "faces" : [ {
      "vertices" : [ 0, 1, 2 ]
    }, {
      "vertices" : [ 0, 2, 3 ]
    }, {
      "vertices" : [ 0, 3, 4 ]
    }, {
      "vertices" : [ 0, 4, 3 ]
    }, {
      "vertices" : [ 0, 3, 2 ]
    }, {
      "vertices" : [ 0, 2, 1 ]
    } ]
  }, {
    "id" : "45a1a832-a4ca-4cd6-9bf3-bf1205795bca",
    "vertices" : [ {
      "x" : 20.562305,
      "y" : 0.0,
      "z" : -7.854102
    }, {
      "x" : 17.944271,
      "y" : -12.708204,
      "z" : 1.0
    }, {
      "x" : 5.854102,
      "y" : -20.562305,
      "z" : -5.236068
    }, {
      "x" : 1.0,
      "y" : -12.708204,
      "z" : -17.944271
    }, {
      "x" : 10.09017,
      "y" : 0.0,
      "z" : -19.562305
    } ],
    "faces" : [ {
      "vertices" : [ 0, 1, 2 ]
    }, {
      "vertices" : [ 0, 2, 3 ]
    }, {
      "vertices" : [ 0, 3, 4 ]
    }, {
      "vertices" : [ 0, 4, 3 ]
    }, {
      "vertices" : [ 0, 3, 2 ]
    }, {
      "vertices" : [ 0, 2, 1 ]
    } ]
  }, {
    "id" : "19d7f1e7-c0f0-43d7-ac76-45b7feb7ae5d",
    "vertices" : [ {
      "x" : 0.0,
      "y" : -19.562305,
      "z" : -10.09017
    }, {
      "x" : 12.708204,
      "y" : -17.944271,
      "z" : -1.0
    }, {
      "x" : 7.854102,
      "y" : -15.326238,
      "z" : 13.708204
    }, {
      "x" : -7.854102,
      "y" : -15.326238,
      "z" : 13.708204
    }, {
      "x" : -12.708204,
      "y" : -17.944271,
      "z" : -1.0
    } ],
    "faces" : [ {
      "vertices" : [ 0, 1, 2 ]
    }, {
      "vertices" : [ 0, 2, 3 ]
    }, {
      "vertices" : [ 0, 3, 4 ]
    }, {
      "vertices" : [ 0, 4, 3 ]
    }, {
      "vertices" : [ 0, 3, 2 ]
    }, {
      "vertices" : [ 0, 2, 1 ]
    } ]
  }, {
    "id" : "ae903caf-d738-49b5-9c3e-abe28806eb8b",
    "vertices" : [ {
      "x" : -18.944271,
      "y" : -11.09017,
      "z" : 1.618034
    }, {
      "x" : -21.18034,
      "y" : 4.236068,
      "z" : 4.236068
    }, {
      "x" : -16.326239,
      "y" : 12.09017,
      "z" : -8.472136
    }, {
      "x" : -11.09017,
      "y" : 1.618034,
      "z" : -18.944271
    }, {
      "x" : -12.708204,
      "y" : -12.708204,
      "z" : -12.708204
    } ],
    "faces" : [ {
      "vertices" : [ 0, 1, 2 ]
    }, {
      "vertices" : [ 0, 2, 3 ]
    }, {
      "vertices" : [ 0, 3, 4 ]
    }, {
      "vertices" : [ 0, 4, 3 ]
    }, {
      "vertices" : [ 0, 3, 2 ]
    }, {
      "vertices" : [ 0, 2, 1 ]
    } ]
  }, {
    "id" : "72702dd4-ad17-435e-9724-377a838a249c",
    "vertices" : [ {
      "x" : -12.708204,
      "y" : 12.708204,
      "z" : -12.708204
    }, {
      "x" : 1.618034,
      "y" : 18.944271,
      "z" : -11.09017
    }, {
      "x" : 12.09017,
      "y" : 8.472136,
      "z" : -16.326239
    }, {
      "x" : 4.236068,
      "y" : -4.236068,
      "z" : -21.18034
    }, {
      "x" : -11.09017,
      "y" : -1.618034,
      "z" : -18.944271
    } ],
    "faces" : [ {
      "vertices" : [ 0, 1, 2 ]
    }, {
      "vertices" : [ 0, 2, 3 ]
    }, {
      "vertices" : [ 0, 3, 4 ]
    }, {
      "vertices" : [ 0, 4, 3 ]
    }, {
      "vertices" : [ 0, 3, 2 ]
    }, {
      "vertices" : [ 0, 2, 1 ]
    } ]
  }, {
    "id" : "f828f109-0d41-4dfa-b446-39d2e4e2a1c4",
    "vertices" : [ {
      "x" : -12.708204,
      "y" : -12.708204,
      "z" : 12.708204
    }, {
      "x" : 0.0,
      "y" : -7.854102,
      "z" : 20.562305
    }, {
      "x" : 0.0,
      "y" : 7.854102,
      "z" : 20.562305
    }, {
      "x" : -12.708204,
      "y" : 12.708204,
      "z" : 12.708204
    }, {
      "x" : -20.562305,
      "y" : 0.0,
      "z" : 7.854102
    } ],
    "faces" : [ {
      "vertices" : [ 0, 1, 2 ]
    }, {
      "vertices" : [ 0, 2, 3 ]
    }, {
      "vertices" : [ 0, 3, 4 ]
    }, {
      "vertices" : [ 0, 4, 3 ]
    }, {
      "vertices" : [ 0, 3, 2 ]
    }, {
      "vertices" : [ 0, 2, 1 ]
    } ]
  }, {
    "id" : "aafc8806-01bb-47e3-8fee-dbd5a7a3025d",
    "vertices" : [ {
      "x" : -12.708204,
      "y" : -12.708204,
      "z" : -12.708204
    }, {
      "x" : -20.562305,
      "y" : 0.0,
      "z" : -7.854102
    }, {
      "x" : -12.708204,
      "y" : 12.708204,
      "z" : -12.708204
    }, {
      "x" : 0.0,
      "y" : 7.854102,
      "z" : -20.562305
    }, {
      "x" : 0.0,
      "y" : -7.854102,
      "z" : -20.562305
    } ],
    "faces" : [ {
      "vertices" : [ 0, 1, 2 ]
    }, {
      "vertices" : [ 0, 2, 3 ]
    }, {
      "vertices" : [ 0, 3, 4 ]
    }, {
      "vertices" : [ 0, 4, 3 ]
    }, {
      "vertices" : [ 0, 3, 2 ]
    }, {
      "vertices" : [ 0, 2, 1 ]
    } ]
  }, {
    "id" : "84fd6aec-afd5-4f71-998f-119c2e2bb4b4",
    "vertices" : [ {
      "x" : 0.0,
      "y" : 7.854102,
      "z" : 20.562305
    }, {
      "x" : 12.708204,
      "y" : -1.0,
      "z" : 17.944271
    }, {
      "x" : 20.562305,
      "y" : 5.236068,
      "z" : 5.854102
    }, {
      "x" : 12.708204,
      "y" : 17.944271,
      "z" : 1.0
    }, {
      "x" : 0.0,
      "y" : 19.562305,
      "z" : 10.09017
    } ],
    "faces" : [ {
      "vertices" : [ 0, 1, 2 ]
    }, {
      "vertices" : [ 0, 2, 3 ]
    }, {
      "vertices" : [ 0, 3, 4 ]
    }, {
      "vertices" : [ 0, 4, 3 ]
    }, {
      "vertices" : [ 0, 3, 2 ]
    }, {
      "vertices" : [ 0, 2, 1 ]
    } ]
  }, {
    "id" : "1e1194c1-3ffd-43a0-9e7f-e36e8145ca62",
    "vertices" : [ {
      "x" : -7.854102,
      "y" : 20.562305,
      "z" : 0.0
    }, {
      "x" : 1.0,
      "y" : 17.944271,
      "z" : -12.708204
    }, {
      "x" : -5.236068,
      "y" : 5.854102,
      "z" : -20.562305
    }, {
      "x" : -17.944271,
      "y" : 1.0,
      "z" : -12.708204
    }, {
      "x" : -19.562305,
      "y" : 10.09017,
      "z" : 0.0
    } ],
    "faces" : [ {
      "vertices" : [ 0, 1, 2 ]
    }, {
      "vertices" : [ 0, 2, 3 ]
    }, {
      "vertices" : [ 0, 3, 4 ]
    }, {
      "vertices" : [ 0, 4, 3 ]
    }, {
      "vertices" : [ 0, 3, 2 ]
    }, {
      "vertices" : [ 0, 2, 1 ]
    } ]
  }, {
    "id" : "6e0229d5-e1e4-48e2-ba0b-72ecd3363183",
    "vertices" : [ {
      "x" : 18.944271,
      "y" : -11.09017,
      "z" : -1.618034
    }, {
      "x" : 8.472136,
      "y" : -16.326239,
      "z" : -12.09017
    }, {
      "x" : 4.236068,
      "y" : -4.236068,
      "z" : -21.18034
    }, {
      "x" : 12.09017,
      "y" : 8.472136,
      "z" : -16.326239
    }, {
      "x" : 21.18034,
      "y" : 4.236068,
      "z" : -4.236068
    } ],
    "faces" : [ {
      "vertices" : [ 0, 1, 2 ]
    }, {
      "vertices" : [ 0, 2, 3 ]
    }, {
      "vertices" : [ 0, 3, 4 ]
    }, {
      "vertices" : [ 0, 4, 3 ]
    }, {
      "vertices" : [ 0, 3, 2 ]
    }, {
      "vertices" : [ 0, 2, 1 ]
    } ]
  }, {
    "id" : "a2cb2a80-b05e-4b7f-b1cf-ff473b1da593",
    "vertices" : [ {
      "x" : -12.708204,
      "y" : 12.708204,
      "z" : 12.708204
    }, {
      "x" : 0.0,
      "y" : 7.854102,
      "z" : 20.562305
    }, {
      "x" : 12.708204,
      "y" : 12.708204,
      "z" : 12.708204
    }, {
      "x" : 7.854102,
      "y" : 20.562305,
      "z" : 0.0
    }, {
      "x" : -7.854102,
      "y" : 20.562305,
      "z" : 0.0
    } ],
    "faces" : [ {
      "vertices" : [ 0, 1, 2 ]
    }, {
      "vertices" : [ 0, 2, 3 ]
    }, {
      "vertices" : [ 0, 3, 4 ]
    }, {
      "vertices" : [ 0, 4, 3 ]
    }, {
      "vertices" : [ 0, 3, 2 ]
    }, {
      "vertices" : [ 0, 2, 1 ]
    } ]
  }, {
    "id" : "258b9ba2-da10-424d-b3cd-b160700ba6a8",
    "vertices" : [ {
      "x" : -1.0,
      "y" : 17.944271,
      "z" : 12.708204
    }, {
      "x" : -15.326238,
      "y" : 13.708204,
      "z" : 7.854102
    }, {
      "x" : -17.944271,
      "y" : -1.0,
      "z" : 12.708204
    }, {
      "x" : -5.236068,
      "y" : -5.854102,
      "z" : 20.562305
    }, {
      "x" : 5.236068,
      "y" : 5.854102,
      "z" : 20.562305
    } ],
    "faces" : [ {
      "vertices" : [ 0, 1, 2 ]
    }, {
      "vertices" : [ 0, 2, 3 ]
    }, {
      "vertices" : [ 0, 3, 4 ]
    }, {
      "vertices" : [ 0, 4, 3 ]
    }, {
      "vertices" : [ 0, 3, 2 ]
    }, {
      "vertices" : [ 0, 2, 1 ]
    } ]
  }, {
    "id" : "9cdfe6f1-ab31-48df-8af4-67d7ae23a14a",
    "vertices" : [ {
      "x" : 1.618034,
      "y" : 18.944271,
      "z" : -11.09017
    }, {
      "x" : 4.236068,
      "y" : 21.18034,
      "z" : 4.236068
    }, {
      "x" : 16.326239,
      "y" : 12.09017,
      "z" : 8.472136
    }, {
      "x" : 21.18034,
      "y" : 4.236068,
      "z" : -4.236068
    }, {
      "x" : 12.09017,
      "y" : 8.472136,
      "z" : -16.326239
    } ],
    "faces" : [ {
      "vertices" : [ 0, 1, 2 ]
    }, {
      "vertices" : [ 0, 2, 3 ]
    }, {
      "vertices" : [ 0, 3, 4 ]
    }, {
      "vertices" : [ 0, 4, 3 ]
    }, {
      "vertices" : [ 0, 3, 2 ]
    }, {
      "vertices" : [ 0, 2, 1 ]
    } ]
  }, {
    "id" : "bca11fba-4051-4475-b22d-11daba00fa0b",
    "vertices" : [ {
      "x" : 12.708204,
      "y" : -12.708204,
      "z" : -12.708204
    }, {
      "x" : -1.618034,
      "y" : -18.944271,
      "z" : -11.09017
    }, {
      "x" : -12.09017,
      "y" : -8.472136,
      "z" : -16.326239
    }, {
      "x" : -4.236068,
      "y" : 4.236068,
      "z" : -21.18034
    }, {
      "x" : 11.09017,
      "y" : 1.618034,
      "z" : -18.944271
    } ],
    "faces" : [ {
      "vertices" : [ 0, 1, 2 ]
    }, {
      "vertices" : [ 0, 2, 3 ]
    }, {
      "vertices" : [ 0, 3, 4 ]
    }, {
      "vertices" : [ 0, 4, 3 ]
    }, {
      "vertices" : [ 0, 3, 2 ]
    }, {
      "vertices" : [ 0, 2, 1 ]
    } ]
  }, {
    "id" : "887e1456-a812-48a3-ac2a-1c7c7eed5fc4",
    "vertices" : [ {
      "x" : -17.944271,
      "y" : 12.708204,
      "z" : -1.0
    }, {
      "x" : -5.854102,
      "y" : 20.562305,
      "z" : 5.236068
    }, {
      "x" : 5.854102,
      "y" : 20.562305,
      "z" : -5.236068
    }, {
      "x" : 1.0,
      "y" : 12.708204,
      "z" : -17.944271
    }, {
      "x" : -13.708204,
      "y" : 7.854102,
      "z" : -15.326238
    } ],
    "faces" : [ {
      "vertices" : [ 0, 1, 2 ]
    }, {
      "vertices" : [ 0, 2, 3 ]
    }, {
      "vertices" : [ 0, 3, 4 ]
    }, {
      "vertices" : [ 0, 4, 3 ]
    }, {
      "vertices" : [ 0, 3, 2 ]
    }, {
      "vertices" : [ 0, 2, 1 ]
    } ]
  }, {
    "id" : "33c2d9e8-e2e8-4257-9bfc-6791c712ca6d",
    "vertices" : [ {
      "x" : -11.09017,
      "y" : -1.618034,
      "z" : -18.944271
    }, {
      "x" : 4.236068,
      "y" : -4.236068,
      "z" : -21.18034
    }, {
      "x" : 8.472136,
      "y" : -16.326239,
      "z" : -12.09017
    }, {
      "x" : -4.236068,
      "y" : -21.18034,
      "z" : -4.236068
    }, {
      "x" : -16.326239,
      "y" : -12.09017,
      "z" : -8.472136
    } ],
    "faces" : [ {
      "vertices" : [ 0, 1, 2 ]
    }, {
      "vertices" : [ 0, 2, 3 ]
    }, {
      "vertices" : [ 0, 3, 4 ]
    }, {
      "vertices" : [ 0, 4, 3 ]
    }, {
      "vertices" : [ 0, 3, 2 ]
    }, {
      "vertices" : [ 0, 2, 1 ]
    } ]
  }, {
    "id" : "3c905ae0-1911-45d7-9fd6-ac26ebe0d921",
    "vertices" : [ {
      "x" : -18.944271,
      "y" : 11.09017,
      "z" : -1.618034
    }, {
      "x" : -8.472136,
      "y" : 16.326239,
      "z" : -12.09017
    }, {
      "x" : -4.236068,
      "y" : 4.236068,
      "z" : -21.18034
    }, {
      "x" : -12.09017,
      "y" : -8.472136,
      "z" : -16.326239
    }, {
      "x" : -21.18034,
      "y" : -4.236068,
      "z" : -4.236068
    } ],
    "faces" : [ {
      "vertices" : [ 0, 1, 2 ]
    }, {
      "vertices" : [ 0, 2, 3 ]
    }, {
      "vertices" : [ 0, 3, 4 ]
    }, {
      "vertices" : [ 0, 4, 3 ]
    }, {
      "vertices" : [ 0, 3, 2 ]
    }, {
      "vertices" : [ 0, 2, 1 ]
    } ]
  }, {
    "id" : "34d75169-352d-42e8-99a3-05f4d53d9f94",
    "vertices" : [ {
      "x" : 11.09017,
      "y" : -1.618034,
      "z" : -18.944271
    }, {
      "x" : 16.326239,
      "y" : -12.09017,
      "z" : -8.472136
    }, {
      "x" : 4.236068,
      "y" : -21.18034,
      "z" : -4.236068
    }, {
      "x" : -8.472136,
      "y" : -16.326239,
      "z" : -12.09017
    }, {
      "x" : -4.236068,
      "y" : -4.236068,
      "z" : -21.18034
    } ],
    "faces" : [ {
      "vertices" : [ 0, 1, 2 ]
    }, {
      "vertices" : [ 0, 2, 3 ]
    }, {
      "vertices" : [ 0, 3, 4 ]
    }, {
      "vertices" : [ 0, 4, 3 ]
    }, {
      "vertices" : [ 0, 3, 2 ]
    }, {
      "vertices" : [ 0, 2, 1 ]
    } ]
  }, {
    "id" : "22d1a7a1-7b7a-4dd0-a360-c0a3a2e3eb06",
    "vertices" : [ {
      "x" : -12.708204,
      "y" : 12.708204,
      "z" : 12.708204
    }, {
      "x" : -11.09017,
      "y" : -1.618034,
      "z" : 18.944271
    }, {
      "x" : 4.236068,
      "y" : -4.236068,
      "z" : 21.18034
    }, {
      "x" : 12.09017,
      "y" : 8.472136,
      "z" : 16.326239
    }, {
      "x" : 1.618034,
      "y" : 18.944271,
      "z" : 11.09017
    } ],
    "faces" : [ {
      "vertices" : [ 0, 1, 2 ]
    }, {
      "vertices" : [ 0, 2, 3 ]
    }, {
      "vertices" : [ 0, 3, 4 ]
    }, {
      "vertices" : [ 0, 4, 3 ]
    }, {
      "vertices" : [ 0, 3, 2 ]
    }, {
      "vertices" : [ 0, 2, 1 ]
    } ]
  }, {
    "id" : "dc3c8741-743b-44a3-86fb-b9d36a9c21bd",
    "vertices" : [ {
      "x" : -6.354102,
      "y" : -10.281153,
      "z" : -16.635256
    }, {
      "x" : 12.708204,
      "y" : 12.708204,
      "z" : -12.708204
    }, {
      "x" : -12.708204,
      "y" : -12.708204,
      "z" : 12.708204
    } ],
    "faces" : [ {
      "vertices" : [ 0, 1, 2 ]
    }, {
      "vertices" : [ 0, 2, 1 ]
    } ]
  }, {
    "id" : "16b9c927-c10e-4127-b62c-302fc63ff7bf",
    "vertices" : [ {
      "x" : 19.562305,
      "y" : -10.09017,
      "z" : 0.0
    }, {
      "x" : 17.944271,
      "y" : -1.0,
      "z" : -12.708204
    }, {
      "x" : 15.326238,
      "y" : 13.708204,
      "z" : -7.854102
    }, {
      "x" : 15.326238,
      "y" : 13.708204,
      "z" : 7.854102
    }, {
      "x" : 17.944271,
      "y" : -1.0,
      "z" : 12.708204
    } ],
    "faces" : [ {
      "vertices" : [ 0, 1, 2 ]
    }, {
      "vertices" : [ 0, 2, 3 ]
    }, {
      "vertices" : [ 0, 3, 4 ]
    }, {
      "vertices" : [ 0, 4, 3 ]
    }, {
      "vertices" : [ 0, 3, 2 ]
    }, {
      "vertices" : [ 0, 2, 1 ]
    } ]
  }, {
    "id" : "89529fff-b966-4388-9a2a-0cc7fbde74b8",
    "vertices" : [ {
      "x" : 16.635256,
      "y" : -6.354102,
      "z" : 10.281153
    }, {
      "x" : -12.708204,
      "y" : -12.708204,
      "z" : 12.708204
    }, {
      "x" : 12.708204,
      "y" : 12.708204,
      "z" : -12.708204
    } ],
    "faces" : [ {
      "vertices" : [ 0, 1, 2 ]
    }, {
      "vertices" : [ 0, 2, 1 ]
    } ]
  }, {
    "id" : "b4214d49-9620-4ce3-a1d8-29713a045178",
    "vertices" : [ {
      "x" : 20.562305,
      "y" : 0.0,
      "z" : 7.854102
    }, {
      "x" : 17.944271,
      "y" : -12.708204,
      "z" : -1.0
    }, {
      "x" : 13.708204,
      "y" : -7.854102,
      "z" : -15.326238
    }, {
      "x" : 13.708204,
      "y" : 7.854102,
      "z" : -15.326238
    }, {
      "x" : 17.944271,
      "y" : 12.708204,
      "z" : -1.0
    } ],
    "faces" : [ {
      "vertices" : [ 0, 1, 2 ]
    }, {
      "vertices" : [ 0, 2, 3 ]
    }, {
      "vertices" : [ 0, 3, 4 ]
    }, {
      "vertices" : [ 0, 4, 3 ]
    }, {
      "vertices" : [ 0, 3, 2 ]
    }, {
      "vertices" : [ 0, 2, 1 ]
    } ]
  }, {
    "id" : "0df4b317-f486-46a4-846e-9601a87e7ec8",
    "vertices" : [ {
      "x" : 1.0,
      "y" : 17.944271,
      "z" : 12.708204
    }, {
      "x" : -5.236068,
      "y" : 5.854102,
      "z" : 20.562305
    }, {
      "x" : 5.236068,
      "y" : -5.854102,
      "z" : 20.562305
    }, {
      "x" : 17.944271,
      "y" : -1.0,
      "z" : 12.708204
    }, {
      "x" : 15.326238,
      "y" : 13.708204,
      "z" : 7.854102
    } ],
    "faces" : [ {
      "vertices" : [ 0, 1, 2 ]
    }, {
      "vertices" : [ 0, 2, 3 ]
    }, {
      "vertices" : [ 0, 3, 4 ]
    }, {
      "vertices" : [ 0, 4, 3 ]
    }, {
      "vertices" : [ 0, 3, 2 ]
    }, {
      "vertices" : [ 0, 2, 1 ]
    } ]
  }, {
    "id" : "944eb412-f2a3-4ada-91f1-66281281cb4f",
    "vertices" : [ {
      "x" : -12.708204,
      "y" : 12.708204,
      "z" : -12.708204
    }, {
      "x" : -18.944271,
      "y" : 11.09017,
      "z" : 1.618034
    }, {
      "x" : -8.472136,
      "y" : 16.326239,
      "z" : 12.09017
    }, {
      "x" : 4.236068,
      "y" : 21.18034,
      "z" : 4.236068
    }, {
      "x" : 1.618034,
      "y" : 18.944271,
      "z" : -11.09017
    } ],
    "faces" : [ {
      "vertices" : [ 0, 1, 2 ]
    }, {
      "vertices" : [ 0, 2, 3 ]
    }, {
      "vertices" : [ 0, 3, 4 ]
    }, {
      "vertices" : [ 0, 4, 3 ]
    }, {
      "vertices" : [ 0, 3, 2 ]
    }, {
      "vertices" : [ 0, 2, 1 ]
    } ]
  }, {
    "id" : "27df8b72-c4b8-4648-b42d-825abe84ee4a",
    "vertices" : [ {
      "x" : -6.354102,
      "y" : 10.281153,
      "z" : -16.635256
    }, {
      "x" : -20.562305,
      "y" : 0.0,
