{
  "polygons" : "true",
  "field" : "golden",
  "symmetry" : "icosahedral",
  "orientations" : [ [ 1.0, 0.0, 0.0, 0.0, 0.0, 1.0, 0.0, 0.0, 0.0, 0.0, 1.0, 0.0, 0.0, 0.0, 0.0, 1.0 ], [ 0.0, 0.0, 1.0, 0.0, 1.0, 0.0, 0.0, 0.0, 0.0, 1.0, 0.0, 0.0, 0.0, 0.0, 0.0, 1.0 ], [ 0.0, 1.0, 0.0, 0.0, 0.0, 0.0, 1.0, 0.0, 1.0, 0.0, 0.0, 0.0, 0.0, 0.0, 0.0, 1.0 ], [ 0.809017, 0.309017, 0.5, 0.0, 0.309017, 0.5, -0.809017, 0.0, -0.5, 0.809017, 0.309017, 0.0, 0.0, 0.0, 0.0, 1.0 ], [ -0.5, 0.809017, 0.309017, 0.0, 0.809017, 0.309017, 0.5, 0.0, 0.309017, 0.5, -0.809017, 0.0, 0.0, 0.0, 0.0, 1.0 ], [ 0.309017, 0.5, -0.809017, 0.0, -0.5, 0.809017, 0.309017, 0.0, 0.809017, 0.309017, 0.5, 0.0, 0.0, 0.0, 0.0, 1.0 ], [ 0.5, 0.809017, 0.309017, 0.0, 0.809017, -0.309017, -0.5, 0.0, -0.309017, 0.5, -0.809017, 0.0, 0.0, 0.0, 0.0, 1.0 ], [ -0.309017, 0.5, -0.809017, 0.0, 0.5, 0.809017, 0.309017, 0.0, 0.809017, -0.309017, -0.5, 0.0, 0.0, 0.0, 0.0, 1.0 ], [ 0.809017, -0.309017, -0.5, 0.0, -0.309017, 0.5, -0.809017, 0.0, 0.5, 0.809017, 0.309017, 0.0, 0.0, 0.0, 0.0, 1.0 ], [ 0.5, 0.809017, -0.309017, 0.0, 0.809017, -0.309017, 0.5, 0.0, 0.309017, -0.5, -0.809017, 0.0, 0.0, 0.0, 0.0, 1.0 ], [ 0.309017, -0.5, -0.809017, 0.0, 0.5, 0.809017, -0.309017, 0.0, 0.809017, -0.309017, 0.5, 0.0, 0.0, 0.0, 0.0, 1.0 ], [ 0.809017, -0.309017, 0.5, 0.0, 0.309017, -0.5, -0.809017, 0.0, 0.5, 0.809017, -0.309017, 0.0, 0.0, 0.0, 0.0, 1.0 ], [ 0.809017, 0.309017, -0.5, 0.0, 0.309017, 0.5, 0.809017, 0.0, 0.5, -0.809017, 0.309017, 0.0, 0.0, 0.0, 0.0, 1.0 ], [ 0.5, -0.809017, 0.309017, 0.0, 0.809017, 0.309017, -0.5, 0.0, 0.309017, 0.5, 0.809017, 0.0, 0.0, 0.0, 0.0, 1.0 ], [ 0.309017, 0.5, 0.809017, 0.0, 0.5, -0.809017, 0.309017, 0.0, 0.809017, 0.309017, -0.5, 0.0, 0.0, 0.0, 0.0, 1.0 ], [ 1.0, 0.0, 0.0, 0.0, 0.0, -1.0, 0.0, 0.0, 0.0, 0.0, -1.0, 0.0, 0.0, 0.0, 0.0, 1.0 ], [ 0.0, 0.0, 1.0, 0.0, -1.0, 0.0, 0.0, 0.0, 0.0, -1.0, 0.0, 0.0, 0.0, 0.0, 0.0, 1.0 ], [ 0.0, 1.0, 0.0, 0.0, 0.0, 0.0, -1.0, 0.0, -1.0, 0.0, 0.0, 0.0, 0.0, 0.0, 0.0, 1.0 ], [ 0.809017, 0.309017, 0.5, 0.0, -0.309017, -0.5, 0.809017, 0.0, 0.5, -0.809017, -0.309017, 0.0, 0.0, 0.0, 0.0, 1.0 ], [ -0.5, 0.809017, 0.309017, 0.0, -0.809017, -0.309017, -0.5, 0.0, -0.309017, -0.5, 0.809017, 0.0, 0.0, 0.0, 0.0, 1.0 ], [ 0.309017, 0.5, -0.809017, 0.0, 0.5, -0.809017, -0.309017, 0.0, -0.809017, -0.309017, -0.5, 0.0, 0.0, 0.0, 0.0, 1.0 ], [ 0.5, 0.809017, 0.309017, 0.0, -0.809017, 0.309017, 0.5, 0.0, 0.309017, -0.5, 0.809017, 0.0, 0.0, 0.0, 0.0, 1.0 ], [ -0.309017, 0.5, -0.809017, 0.0, -0.5, -0.809017, -0.309017, 0.0, -0.809017, 0.309017, 0.5, 0.0, 0.0, 0.0, 0.0, 1.0 ], [ 0.809017, -0.309017, -0.5, 0.0, 0.309017, -0.5, 0.809017, 0.0, -0.5, -0.809017, -0.309017, 0.0, 0.0, 0.0, 0.0, 1.0 ], [ 0.5, 0.809017, -0.309017, 0.0, -0.809017, 0.309017, -0.5, 0.0, -0.309017, 0.5, 0.809017, 0.0, 0.0, 0.0, 0.0, 1.0 ], [ 0.309017, -0.5, -0.809017, 0.0, -0.5, -0.809017, 0.309017, 0.0, -0.809017, 0.309017, -0.5, 0.0, 0.0, 0.0, 0.0, 1.0 ], [ 0.809017, -0.309017, 0.5, 0.0, -0.309017, 0.5, 0.809017, 0.0, -0.5, -0.809017, 0.309017, 0.0, 0.0, 0.0, 0.0, 1.0 ], [ 0.809017, 0.309017, -0.5, 0.0, -0.309017, -0.5, -0.809017, 0.0, -0.5, 0.809017, -0.309017, 0.0, 0.0, 0.0, 0.0, 1.0 ], [ 0.5, -0.809017, 0.309017, 0.0, -0.809017, -0.309017, 0.5, 0.0, -0.309017, -0.5, -0.809017, 0.0, 0.0, 0.0, 0.0, 1.0 ], [ 0.309017, 0.5, 0.809017, 0.0, -0.5, 0.809017, -0.309017, 0.0, -0.809017, -0.309017, 0.5, 0.0, 0.0, 0.0, 0.0, 1.0 ], [ -1.0, 0.0, 0.0, 0.0, 0.0, -1.0, 0.0, 0.0, 0.0, 0.0, 1.0, 0.0, 0.0, 0.0, 0.0, 1.0 ], [ 0.0, 0.0, -1.0, 0.0, -1.0, 0.0, 0.0, 0.0, 0.0, 1.0, 0.0, 0.0, 0.0, 0.0, 0.0, 1.0 ], [ 0.0, -1.0, 0.0, 0.0, 0.0, 0.0, -1.0, 0.0, 1.0, 0.0, 0.0, 0.0, 0.0, 0.0, 0.0, 1.0 ], [ -0.809017, -0.309017, -0.5, 0.0, -0.309017, -0.5, 0.809017, 0.0, -0.5, 0.809017, 0.309017, 0.0, 0.0, 0.0, 0.0, 1.0 ], [ 0.5, -0.809017, -0.309017, 0.0, -0.809017, -0.309017, -0.5, 0.0, 0.309017, 0.5, -0.809017, 0.0, 0.0, 0.0, 0.0, 1.0 ], [ -0.309017, -0.5, 0.809017, 0.0, 0.5, -0.809017, -0.309017, 0.0, 0.809017, 0.309017, 0.5, 0.0, 0.0, 0.0, 0.0, 1.0 ], [ -0.5, -0.809017, -0.309017, 0.0, -0.809017, 0.309017, 0.5, 0.0, -0.309017, 0.5, -0.809017, 0.0, 0.0, 0.0, 0.0, 1.0 ], [ 0.309017, -0.5, 0.809017, 0.0, -0.5, -0.809017, -0.309017, 0.0, 0.809017, -0.309017, -0.5, 0.0, 0.0, 0.0, 0.0, 1.0 ], [ -0.809017, 0.309017, 0.5, 0.0, 0.309017, -0.5, 0.809017, 0.0, 0.5, 0.809017, 0.309017, 0.0, 0.0, 0.0, 0.0, 1.0 ], [ -0.5, -0.809017, 0.309017, 0.0, -0.809017, 0.309017, -0.5, 0.0, 0.309017, -0.5, -0.809017, 0.0, 0.0, 0.0, 0.0, 1.0 ], [ -0.309017, 0.5, 0.809017, 0.0, -0.5, -0.809017, 0.309017, 0.0, 0.809017, -0.309017, 0.5, 0.0, 0.0, 0.0, 0.0, 1.0 ], [ -0.809017, 0.309017, -0.5, 0.0, -0.309017, 0.5, 0.809017, 0.0, 0.5, 0.809017, -0.309017, 0.0, 0.0, 0.0, 0.0, 1.0 ], [ -0.809017, -0.309017, 0.5, 0.0, -0.309017, -0.5, -0.809017, 0.0, 0.5, -0.809017, 0.309017, 0.0, 0.0, 0.0, 0.0, 1.0 ], [ -0.5, 0.809017, -0.309017, 0.0, -0.809017, -0.309017, 0.5, 0.0, 0.309017, 0.5, 0.809017, 0.0, 0.0, 0.0, 0.0, 1.0 ], [ -0.309017, -0.5, -0.809017, 0.0, -0.5, 0.809017, -0.309017, 0.0, 0.809017, 0.309017, -0.5, 0.0, 0.0, 0.0, 0.0, 1.0 ], [ -1.0, 0.0, 0.0, 0.0, 0.0, 1.0, 0.0, 0.0, 0.0, 0.0, -1.0, 0.0, 0.0, 0.0, 0.0, 1.0 ], [ 0.0, 0.0, -1.0, 0.0, 1.0, 0.0, 0.0, 0.0, 0.0, -1.0, 0.0, 0.0, 0.0, 0.0, 0.0, 1.0 ], [ 0.0, -1.0, 0.0, 0.0, 0.0, 0.0, 1.0, 0.0, -1.0, 0.0, 0.0, 0.0, 0.0, 0.0, 0.0, 1.0 ], [ -0.809017, -0.309017, -0.5, 0.0, 0.309017, 0.5, -0.809017, 0.0, 0.5, -0.809017, -0.309017, 0.0, 0.0, 0.0, 0.0, 1.0 ], [ 0.5, -0.809017, -0.309017, 0.0, 0.809017, 0.309017, 0.5, 0.0, -0.309017, -0.5, 0.809017, 0.0, 0.0, 0.0, 0.0, 1.0 ], [ -0.309017, -0.5, 0.809017, 0.0, -0.5, 0.809017, 0.309017, 0.0, -0.809017, -0.309017, -0.5, 0.0, 0.0, 0.0, 0.0, 1.0 ], [ -0.5, -0.809017, -0.309017, 0.0, 0.809017, -0.309017, -0.5, 0.0, 0.309017, -0.5, 0.809017, 0.0, 0.0, 0.0, 0.0, 1.0 ], [ 0.309017, -0.5, 0.809017, 0.0, 0.5, 0.809017, 0.309017, 0.0, -0.809017, 0.309017, 0.5, 0.0, 0.0, 0.0, 0.0, 1.0 ], [ -0.809017, 0.309017, 0.5, 0.0, -0.309017, 0.5, -0.809017, 0.0, -0.5, -0.809017, -0.309017, 0.0, 0.0, 0.0, 0.0, 1.0 ], [ -0.5, -0.809017, 0.309017, 0.0, 0.809017, -0.309017, 0.5, 0.0, -0.309017, 0.5, 0.809017, 0.0, 0.0, 0.0, 0.0, 1.0 ], [ -0.309017, 0.5, 0.809017, 0.0, 0.5, 0.809017, -0.309017, 0.0, -0.809017, 0.309017, -0.5, 0.0, 0.0, 0.0, 0.0, 1.0 ], [ -0.809017, 0.309017, -0.5, 0.0, 0.309017, -0.5, -0.809017, 0.0, -0.5, -0.809017, 0.309017, 0.0, 0.0, 0.0, 0.0, 1.0 ], [ -0.809017, -0.309017, 0.5, 0.0, 0.309017, 0.5, 0.809017, 0.0, -0.5, 0.809017, -0.309017, 0.0, 0.0, 0.0, 0.0, 1.0 ], [ -0.5, 0.809017, -0.309017, 0.0, 0.809017, 0.309017, -0.5, 0.0, -0.309017, -0.5, -0.809017, 0.0, 0.0, 0.0, 0.0, 1.0 ], [ -0.309017, -0.5, -0.809017, 0.0, 0.5, -0.809017, 0.309017, 0.0, -0.809017, -0.309017, 0.5, 0.0, 0.0, 0.0, 0.0, 1.0 ] ],
  "lights" : {
    "ambientColor" : "#292929",
    "backgroundColor" : "#AFC8DC",
    "directionalLights" : [ {
      "direction" : [ 1.0, -1.0, -1.0 ],
      "color" : "#EBEBE4"
    }, {
      "direction" : [ -1.0, 0.0, 0.0 ],
      "color" : "#E4E4EB"
    }, {
      "direction" : [ 0.0, 0.0, -1.0 ],
      "color" : "#1E1E1E"
    } ]
  },
  "camera" : {
    "viewDistance" : 113.16868,
    "lookAtPointRV" : {
      "x" : 0.0,
      "y" : 0.0,
      "z" : 0.0,
      "zero" : true
    },
    "lookDirectionRV" : {
      "x" : 0.678378,
      "y" : -0.6657718,
      "z" : 0.31072652,
      "zero" : false
    },
    "upDirectionRV" : {
      "x" : 0.20370628,
      "y" : 0.57678974,
      "z" : 0.7910698,
      "zero" : false
    },
    "lookDirection" : {
      "x" : 0.678378,
      "y" : -0.6657718,
      "z" : 0.31072652
    },
    "nearClipDistance" : 0.10478593,
    "farClipDistance" : 226.3368,
    "width" : 50.925743,
    "perspective" : true,
    "fieldOfView" : 0.44262752,
    "lookAtPoint" : {
      "x" : 0.0,
      "y" : 0.0,
      "z" : 0.0
    },
    "upDirection" : {
      "x" : 0.20370628,
      "y" : 0.57678974,
      "z" : 0.7910698
    },
    "stereo" : false,
    "position" : {
      "x" : -76.77114,
      "y" : 75.34451,
      "z" : -35.16451
    }
  },
  "embedding" : [ 1.0, 0.0, 0.0, 0.0, 0.0, 1.0, 0.0, 0.0, 0.0, 0.0, 1.0, 0.0, 0.0, 0.0, 0.0, 1.0 ],
  "shapes" : [ {
    "id" : "21857aa0-ae09-4710-8fce-9b3517c1f434",
    "vertices" : [ {
      "x" : 0.0,
      "y" : 0.0,
      "z" : 0.0
    }, {
      "x" : -0.29319078,
      "y" : -0.16240355,
      "z" : -2.4347374
    }, {
      "x" : -0.6776016,
      "y" : 0.84399706,
      "z" : -2.4347374
    }, {
      "x" : -1.6075885,
      "y" : 4.2087216,
      "z" : 0.0
    } ],
    "faces" : [ {
      "vertices" : [ 0, 1, 2, 3 ]
    }, {
      "vertices" : [ 0, 3, 2, 1 ]
    } ]
  }, {
    "id" : "625e6484-798f-478f-99e3-bee179caf34f",
    "vertices" : [ {
      "x" : 0.0,
      "y" : 0.0,
      "z" : 0.0
    }, {
      "x" : 0.96676695,
      "y" : -2.5310287,
      "z" : 0.0
    }, {
      "x" : 0.04639347,
      "y" : -1.7290483,
      "z" : -4.2087216
    }, {
      "x" : 0.0,
      "y" : -1.6075885,
      "z" : -4.2087216
    } ],
    "faces" : [ {
      "vertices" : [ 0, 1, 2, 3 ]
    }, {
      "vertices" : [ 0, 3, 2, 1 ]
    } ]
  }, {
    "id" : "22f0a81e-4442-427b-83c2-3af976e94415",
    "vertices" : [ {
      "x" : 0.0,
      "y" : 0.0,
      "z" : 0.0
    }, {
      "x" : 0.32016838,
      "y" : -0.8382117,
      "z" : 0.0
    }, {
      "x" : -0.188009,
      "y" : -0.24993613,
      "z" : -1.9429741
    } ],
    "faces" : [ {
      "vertices" : [ 0, 1, 2 ]
    }, {
      "vertices" : [ 0, 2, 1 ]
    } ]
  }, {
    "id" : "a6b75982-546f-41ca-8bba-3e3d4cf75ccb",
    "vertices" : [ {
      "x" : 0.0,
      "y" : 0.0,
      "z" : 0.0
    }, {
      "x" : 0.0,
      "y" : -2.8935688,
      "z" : -7.5754614
    }, {
      "x" : -1.4709271,
      "y" : 0.9573685,
      "z" : -7.5754614
    }, {
      "x" : -0.96676695,
      "y" : 2.5310287,
      "z" : 0.0
    } ],
    "faces" : [ {
      "vertices" : [ 0, 1, 2, 3 ]
    }, {
      "vertices" : [ 0, 3, 2, 1 ]
    } ]
  }, {
    "id" : "a67426c3-f0f6-4883-af55-063d5920cdbf",
    "vertices" : [ {
      "x" : 0.0,
      "y" : 0.0,
      "z" : 0.0
    }, {
      "x" : 0.29319078,
      "y" : 0.16240355,
      "z" : 2.4347374
    }, {
      "x" : 0.6776016,
      "y" : -0.84399706,
      "z" : 2.4347374
    }, {
      "x" : 1.6075885,
      "y" : -4.2087216,
      "z" : 0.0
    } ],
    "faces" : [ {
      "vertices" : [ 0, 1, 2, 3 ]
    }, {
      "vertices" : [ 0, 3, 2, 1 ]
    } ]
  }, {
    "id" : "4ca686e3-59be-4d86-b333-b72b6ea765bb",
    "vertices" : [ {
      "x" : 0.0,
      "y" : 0.0,
      "z" : 0.0
    }, {
      "x" : 0.0,
      "y" : -0.32016838,
      "z" : -0.8382117
    }, {
      "x" : -0.03677996,
      "y" : -0.28811964,
      "z" : -1.0064006
    }, {
      "x" : -1.5077071,
      "y" : 3.5628176,
      "z" : -1.0064006
    }, {
      "x" : -1.5077071,
      "y" : 3.9472284,
      "z" : 0.0
    } ],
    "faces" : [ {
      "vertices" : [ 0, 1, 2, 3, 4 ]
    }, {
      "vertices" : [ 0, 4, 3, 2, 1 ]
    } ]
  }, {
    "id" : "8728b7ec-c43c-4ddf-97ef-c20d67fb94b8",
    "vertices" : [ {
      "x" : 0.0,
      "y" : 0.0,
      "z" : 0.0
    }, {
      "x" : 0.04639347,
      "y" : -0.121459685,
      "z" : 0.0
    }, {
      "x" : 0.0,
      "y" : -0.7825081,
      "z" : -2.0486326
    } ],
    "faces" : [ {
      "vertices" : [ 0, 1, 2 ]
    }, {
      "vertices" : [ 0, 2, 1 ]
    } ]
  }, {
    "id" : "4ee017ac-766d-44d6-8211-a3558c8b451b",
    "name" : "ball",
    "vertices" : [ {
      "x" : -0.309017,
      "y" : -0.19098301,
      "z" : 0.0
    }, {
      "x" : -0.309017,
      "y" : 0.19098301,
      "z" : 0.0
    }, {
      "x" : -0.19098301,
      "y" : 0.0,
      "z" : -0.309017
    }, {
      "x" : -0.19098301,
      "y" : 0.0,
      "z" : 0.309017
    }, {
      "x" : 0.0,
      "y" : -0.309017,
      "z" : -0.19098301
    }, {
      "x" : 0.0,
      "y" : -0.309017,
      "z" : 0.19098301
    }, {
      "x" : 0.0,
      "y" : 0.309017,
      "z" : -0.19098301
    }, {
      "x" : 0.0,
      "y" : 0.309017,
      "z" : 0.19098301
    }, {
      "x" : 0.19098301,
      "y" : 0.0,
      "z" : -0.309017
    }, {
      "x" : 0.19098301,
      "y" : 0.0,
      "z" : 0.309017
    }, {
      "x" : 0.309017,
      "y" : -0.19098301,
      "z" : 0.0
    }, {
      "x" : 0.309017,
      "y" : 0.19098301,
      "z" : 0.0
    } ],
    "faces" : [ {
      "vertices" : [ 0, 1, 2 ]
    }, {
      "vertices" : [ 0, 3, 1 ]
    }, {
      "vertices" : [ 0, 2, 4 ]
    }, {
      "vertices" : [ 0, 5, 3 ]
    }, {
      "vertices" : [ 0, 4, 5 ]
    }, {
      "vertices" : [ 1, 6, 2 ]
    }, {
      "vertices" : [ 1, 3, 7 ]
    }, {
      "vertices" : [ 1, 7, 6 ]
    }, {
      "vertices" : [ 2, 8, 4 ]
    }, {
      "vertices" : [ 2, 6, 8 ]
    }, {
      "vertices" : [ 3, 5, 9 ]
    }, {
      "vertices" : [ 3, 9, 7 ]
    }, {
      "vertices" : [ 4, 10, 5 ]
    }, {
      "vertices" : [ 4, 8, 10 ]
    }, {
      "vertices" : [ 5, 10, 9 ]
    }, {
      "vertices" : [ 6, 7, 11 ]
    }, {
      "vertices" : [ 6, 11, 8 ]
    }, {
      "vertices" : [ 7, 9, 11 ]
    }, {
      "vertices" : [ 8, 11, 10 ]
    }, {
      "vertices" : [ 9, 10, 11 ]
    } ]
  }, {
    "id" : "f1168806-3c47-4400-af9f-0cf3a9c7de5e",
    "vertices" : [ {
      "x" : 0.0,
      "y" : 0.0,
      "z" : 0.0
    }, {
      "x" : -0.96676695,
      "y" : 2.5310287,
      "z" : 0.0
    }, {
      "x" : -0.04639347,
      "y" : 1.7290483,
      "z" : 4.2087216
    }, {
      "x" : 0.0,
      "y" : 1.6075885,
      "z" : 4.2087216
    } ],
    "faces" : [ {
      "vertices" : [ 0, 1, 2, 3 ]
    }, {
      "vertices" : [ 0, 3, 2, 1 ]
    } ]
  }, {
    "id" : "af477a97-61ac-41ee-a15d-336d816523d5",
    "vertices" : [ {
      "x" : 0.0,
      "y" : 0.0,
      "z" : 0.0
    }, {
      "x" : -0.04639347,
      "y" : 0.121459685,
      "z" : 0.0
    }, {
      "x" : 0.0,
      "y" : 0.7825081,
      "z" : 2.0486326
    } ],
    "faces" : [ {
      "vertices" : [ 0, 1, 2 ]
    }, {
      "vertices" : [ 0, 2, 1 ]
    } ]
  }, {
    "id" : "3056fd89-5914-4c68-b4b6-884a722a94fb",
    "vertices" : [ {
      "x" : 0.0,
      "y" : 0.0,
      "z" : 0.0
    }, {
      "x" : 0.9649935,
      "y" : -2.2819238,
      "z" : 0.6400097
    }, {
      "x" : 0.0,
      "y" : -0.4163045,
      "z" : -1.0898993
    } ],
    "faces" : [ {
      "vertices" : [ 0, 1, 2 ]
    }, {
      "vertices" : [ 0, 2, 1 ]
    } ]
  }, {
    "id" : "975f471b-ae58-4e57-98f2-0b6cb95f0aa1",
    "vertices" : [ {
      "x" : 0.0,
      "y" : 0.0,
      "z" : 0.0
    }, {
      "x" : -0.7521691,
      "y" : -0.7389997,
      "z" : -7.09017
    }, {
      "x" : 0.0,
      "y" : 2.471787,
      "z" : 6.4712224
    } ],
    "faces" : [ {
      "vertices" : [ 0, 1, 2 ]
    }, {
      "vertices" : [ 0, 2, 1 ]
    } ]
  }, {
    "id" : "9a32b129-d70a-43d8-b3e7-f411c5aa6fc0",
    "vertices" : [ {
      "x" : 0.0,
      "y" : 0.0,
      "z" : 0.0
    }, {
      "x" : -0.10367454,
      "y" : 0.36159343,
      "z" : 0.23606798
    }, {
      "x" : 2.7898943,
      "y" : -7.213868,
      "z" : 0.23606798
    }, {
      "x" : 1.5067935,
      "y" : -3.9448366,
      "z" : 0.0
    } ],
    "faces" : [ {
      "vertices" : [ 0, 1, 2, 3 ]
    }, {
      "vertices" : [ 0, 3, 2, 1 ]
    } ]
  }, {
    "id" : "f6b3c00d-c444-4935-a81a-dad09a37f0af",
    "vertices" : [ {
      "x" : 0.0,
      "y" : 0.0,
      "z" : 0.0
    }, {
      "x" : -1.2831008,
      "y" : 3.2690315,
      "z" : -0.23606798
    }, {
      "x" : -0.9649935,
      "y" : 2.5263858,
      "z" : 0.0
    } ],
    "faces" : [ {
      "vertices" : [ 0, 1, 2 ]
    }, {
      "vertices" : [ 0, 2, 1 ]
    } ]
  }, {
    "id" : "08ed01b3-3882-45f4-9295-8cea08aedc93",
    "vertices" : [ {
      "x" : 0.0,
      "y" : 0.0,
      "z" : 0.0
    }, {
      "x" : 0.090169944,
      "y" : -0.23606798,
      "z" : 0.0
    }, {
      "x" : 0.090169944,
      "y" : -2.673762,
      "z" : -6.381966
    }, {
      "x" : -2.437694,
      "y" : 3.9442718,
      "z" : -6.381966
    } ],
    "faces" : [ {
      "vertices" : [ 0, 1, 2, 3 ]
    }, {
      "vertices" : [ 0, 3, 2, 1 ]
    } ]
  }, {
    "id" : "c5ad5db5-6c52-4a24-aca5-398392fe06e1",
    "vertices" : [ {
      "x" : 0.0,
      "y" : 0.0,
      "z" : 0.0
    }, {
      "x" : 1.2831008,
      "y" : -3.2690315,
      "z" : 0.23606798
    }, {
      "x" : 0.9649935,
      "y" : -2.5263858,
      "z" : 0.0
    } ],
    "faces" : [ {
      "vertices" : [ 0, 1, 2 ]
    }, {
      "vertices" : [ 0, 2, 1 ]
    } ]
  }, {
    "id" : "5e9f6bed-9713-4283-8242-1670ebb14a97",
    "vertices" : [ {
      "x" : 0.0,
      "y" : 0.0,
      "z" : 0.0
    }, {
      "x" : 0.43696997,
      "y" : -0.1708831,
      "z" : -0.020750673
    }, {
      "x" : 2.4600422,
      "y" : -0.54945886,
      "z" : -0.39932644
    }, {
      "x" : 4.899564,
      "y" : 1.8900626,
      "z" : -2.8388479
    }, {
      "x" : 3.8692057,
      "y" : 3.8692057,
      "z" : -3.8692057
    } ],
    "faces" : [ {
      "vertices" : [ 0, 1, 2, 3, 4 ]
    }, {
      "vertices" : [ 0, 4, 3, 2, 1 ]
    } ]
  }, {
    "id" : "6bff10d9-0db4-4327-96c0-a8c6da4cafa2",
    "vertices" : [ {
      "x" : 0.0,
      "y" : 0.0,
      "z" : 0.0
    }, {
      "x" : 0.7521691,
      "y" : -2.115451,
      "z" : -0.38287964
    }, {
      "x" : -1.6855251,
      "y" : 1.8288207,
      "z" : -6.764846
    } ],
    "faces" : [ {
      "vertices" : [ 0, 1, 2 ]
    }, {
      "vertices" : [ 0, 2, 1 ]
    } ]
  }, {
    "id" : "c92182cc-542c-42b3-859f-e37afe7e75b2",
    "vertices" : [ {
      "x" : 0.0,
      "y" : 0.0,
      "z" : 0.0
    }, {
      "x" : -0.872678,
      "y" : 2.1945307,
      "z" : -0.23606798
    }, {
      "x" : -0.7825081,
      "y" : 2.0486326,
      "z" : 0.0
    } ],
    "faces" : [ {
      "vertices" : [ 0, 1, 2 ]
    }, {
      "vertices" : [ 0, 2, 1 ]
    } ]
  }, {
    "id" : "bab3dc99-9932-4f1f-a424-520ee7e02ba3",
    "vertices" : [ {
      "x" : 0.0,
      "y" : 0.0,
      "z" : 0.0
    }, {
      "x" : -0.9649935,
      "y" : 1.8058542,
      "z" : -1.886376
    }, {
      "x" : -0.9649935,
      "y" : 3.4913793,
      "z" : 2.5263858
    } ],
    "faces" : [ {
      "vertices" : [ 0, 1, 2 ]
    }, {
      "vertices" : [ 0, 2, 1 ]
    } ]
  }, {
    "id" : "26e27e19-5505-4815-92f2-2659cbcfe36d",
    "vertices" : [ {
      "x" : 0.0,
      "y" : 0.0,
      "z" : 0.0
    }, {
      "x" : 0.0,
      "y" : 0.32016838,
      "z" : 0.8382117
    }, {
      "x" : 0.03677996,
      "y" : 0.28811964,
      "z" : 1.0064006
    }, {
      "x" : 1.5077071,
      "y" : -3.5628176,
      "z" : 1.0064006
    }, {
      "x" : 1.5077071,
      "y" : -3.9472284,
      "z" : 0.0
    } ],
    "faces" : [ {
      "vertices" : [ 0, 1, 2, 3, 4 ]
    }, {
      "vertices" : [ 0, 4, 3, 2, 1 ]
    } ]
  }, {
    "id" : "a8d00068-c55a-4795-9474-0d39af43c130",
    "vertices" : [ {
      "x" : 0.0,
      "y" : 0.0,
      "z" : 0.0
    }, {
      "x" : -0.7521691,
      "y" : 2.115451,
      "z" : 0.38287964
    }, {
      "x" : 1.6855251,
      "y" : -1.8288207,
      "z" : 6.764846
    } ],
    "faces" : [ {
      "vertices" : [ 0, 1, 2 ]
    }, {
      "vertices" : [ 0, 2, 1 ]
    } ]
  }, {
    "id" : "c9923b67-a378-4a24-a815-e4c7ff649b57",
    "vertices" : [ {
      "x" : 0.0,
      "y" : 0.0,
      "z" : 0.0
    }, {
      "x" : -3.009501,
      "y" : 3.009501,
      "z" : 0.0
    }, {
      "x" : -3.1729589,
      "y" : 3.0539362,
      "z" : -0.044435237
    }, {
      "x" : -4.0695777,
      "y" : 1.5489074,
      "z" : -0.9410543
    }, {
      "x" : -4.0903287,
      "y" : 1.1119374,
      "z" : -1.1119374
    } ],
    "faces" : [ {
      "vertices" : [ 0, 1, 2, 3, 4 ]
    }, {
      "vertices" : [ 0, 4, 3, 2, 1 ]
    } ]
  }, {
    "id" : "848b6a8b-875d-40ca-a877-c24b13c4be6c",
    "vertices" : [ {
      "x" : 0.0,
      "y" : 0.0,
      "z" : 0.0
    }, {
      "x" : 0.0,
      "y" : 0.4163045,
      "z" : 1.0898993
    }, {
      "x" : 0.9649935,
      "y" : -1.8058542,
      "z" : 1.886376
    } ],
    "faces" : [ {
      "vertices" : [ 0, 1, 2 ]
    }, {
      "vertices" : [ 0, 2, 1 ]
    } ]
  }, {
    "id" : "0be73063-8227-4748-a045-37f53dbb0b8e",
    "vertices" : [ {
      "x" : 0.0,
      "y" : 0.0,
      "z" : 0.0
    }, {
      "x" : 0.7825081,
      "y" : -2.1388025,
      "z" : -0.23606798
    }, {
      "x" : -1.9256959,
      "y" : 4.9513674,
      "z" : -0.23606798
    }, {
      "x" : -1.6075885,
      "y" : 4.2087216,
      "z" : 0.0
    } ],
    "faces" : [ {
      "vertices" : [ 0, 1, 2, 3 ]
    }, {
      "vertices" : [ 0, 3, 2, 1 ]
    } ]
  }, {
    "id" : "dfdd1731-d0c0-4482-a989-c9ac2710281c",
    "vertices" : [ {
      "x" : 0.0,
      "y" : 0.0,
      "z" : 0.0
    }, {
      "x" : 0.872678,
      "y" : -2.1945307,
      "z" : 0.23606798
    }, {
      "x" : 0.7825081,
      "y" : -2.0486326,
      "z" : 0.0
    } ],
    "faces" : [ {
      "vertices" : [ 0, 1, 2 ]
    }, {
      "vertices" : [ 0, 2, 1 ]
    } ]
  }, {
    "id" : "bee1672b-0ebe-4c6e-90a2-98f5ed0d267c",
    "vertices" : [ {
      "x" : 0.0,
      "y" : 0.0,
      "z" : 0.0
    }, {
      "x" : -4.288629,
      "y" : 1.1658446,
      "z" : -1.1658446
    }, {
      "x" : -3.1227846,
      "y" : 3.1227846,
      "z" : 0.0
    } ],
    "faces" : [ {
      "vertices" : [ 0, 1, 2 ]
    }, {
      "vertices" : [ 0, 2, 1 ]
    } ]
  }, {
    "id" : "e48c8f61-fbce-4778-b3d9-f5e658309a44",
    "vertices" : [ {
      "x" : 0.0,
      "y" : 0.0,
      "z" : 0.0
    }, {
      "x" : 0.0,
      "y" : 0.090169944,
      "z" : 0.23606798
    }, {
      "x" : 0.7825081,
      "y" : -2.0486326,
      "z" : 0.0
    } ],
    "faces" : [ {
      "vertices" : [ 0, 1, 2 ]
    }, {
      "vertices" : [ 0, 2, 1 ]
    } ]
  }, {
    "id" : "8483ee2d-43de-45cb-8224-6d857c993f87",
    "vertices" : [ {
      "x" : 0.0,
      "y" : 0.0,
      "z" : 0.0
    }, {
      "x" : 0.0,
      "y" : 2.8935688,
      "z" : 7.5754614
    }, {
      "x" : 1.4709271,
      "y" : -0.9573685,
      "z" : 7.5754614
    }, {
      "x" : 0.96676695,
      "y" : -2.5310287,
      "z" : 0.0
    } ],
    "faces" : [ {
      "vertices" : [ 0, 1, 2, 3 ]
    }, {
      "vertices" : [ 0, 3, 2, 1 ]
    } ]
  }, {
    "id" : "f79dfaca-4b7f-4971-8057-d19f098f5319",
    "vertices" : [ {
      "x" : 0.0,
      "y" : 0.0,
      "z" : 0.0
    }, {
      "x" : 0.0,
      "y" : -0.4163045,
      "z" : -1.0898993
    }, {
      "x" : -0.9649935,
      "y" : 1.8058542,
      "z" : -1.886376
    } ],
    "faces" : [ {
      "vertices" : [ 0, 1, 2 ]
    }, {
      "vertices" : [ 0, 2, 1 ]
    } ]
  }, {
    "id" : "7a6ce324-59ab-4219-9b01-226b605487d9",
    "vertices" : [ {
      "x" : 0.0,
      "y" : 0.0,
      "z" : 0.0
    }, {
      "x" : -0.43696997,
      "y" : -0.020750673,
      "z" : -0.1708831
    }, {
      "x" : -2.4600422,
      "y" : -0.39932644,
      "z" : -0.54945886
    }, {
      "x" : -4.899564,
      "y" : -2.8388479,
      "z" : 1.8900626
    }, {
      "x" : -3.8692057,
      "y" : -3.8692057,
      "z" : 3.8692057
    } ],
    "faces" : [ {
      "vertices" : [ 0, 1, 2, 3, 4 ]
    }, {
      "vertices" : [ 0, 4, 3, 2, 1 ]
    } ]
  }, {
    "id" : "820e54b5-74bc-4c41-87c1-b3aaa5227ff2",
    "vertices" : [ {
      "x" : 0.0,
      "y" : 0.0,
      "z" : 0.0
    }, {
      "x" : -0.872678,
      "y" : 2.1945307,
      "z" : -0.23606798
    }, {
      "x" : -2.4802666,
      "y" : 6.403252,
      "z" : -0.23606798
    }, {
      "x" : -2.5839412,
      "y" : 6.764846,
      "z" : 0.0
    } ],
    "faces" : [ {
      "vertices" : [ 0, 1, 2, 3 ]
    }, {
      "vertices" : [ 0, 3, 2, 1 ]
    } ]
  }, {
    "id" : "2d9a7413-8078-44c4-a7f3-b5928061fe47",
    "vertices" : [ {
      "x" : 0.0,
      "y" : 0.0,
      "z" : 0.0
    }, {
      "x" : 0.7521691,
      "y" : 3.2107868,
      "z" : 13.561392
    }, {
      "x" : 0.7521691,
      "y" : -2.115451,
      "z" : -0.38287964
    } ],
    "faces" : [ {
      "vertices" : [ 0, 1, 2 ]
    }, {
      "vertices" : [ 0, 2, 1 ]
    } ]
  }, {
    "id" : "12fc17cd-3899-4bba-a53a-2146a72a03c9",
    "vertices" : [ {
      "x" : 0.0,
      "y" : 0.0,
      "z" : 0.0
    }, {
      "x" : -3.1227846,
      "y" : 3.1227846,
      "z" : 0.0
    }, {
      "x" : -5.5608277,
      "y" : 0.68474144,
      "z" : 2.438043
    }, {
      "x" : -2.438043,
      "y" : -2.438043,
      "z" : 2.438043
    } ],
    "faces" : [ {
      "vertices" : [ 0, 1, 2, 3 ]
    }, {
      "vertices" : [ 0, 3, 2, 1 ]
    } ]
  }, {
    "id" : "69f5eb35-b0ae-4637-b724-ed05003b3b9b",
    "vertices" : [ {
      "x" : 0.0,
      "y" : 0.0,
      "z" : 0.0
    }, {
      "x" : -3.009501,
      "y" : 3.009501,
      "z" : 0.0
    }, {
      "x" : -0.6294909,
      "y" : 5.389511,
      "z" : -2.3800101
    }, {
      "x" : 2.3800101,
      "y" : 2.3800101,
      "z" : -2.3800101
    } ],
    "faces" : [ {
      "vertices" : [ 0, 1, 2, 3 ]
    }, {
      "vertices" : [ 0, 3, 2, 1 ]
    } ]
  }, {
    "id" : "a1b58589-d87c-44a4-9fa6-a5fb10407dd8",
    "vertices" : [ {
      "x" : 0.0,
      "y" : 0.0,
      "z" : 0.0
    }, {
      "x" : -3.1227846,
      "y" : 3.1227846,
      "z" : 0.0
    }, {
      "x" : -0.68474144,
      "y" : 5.5608277,
      "z" : -2.438043
    }, {
      "x" : 2.438043,
      "y" : 2.438043,
      "z" : -2.438043
    } ],
    "faces" : [ {
      "vertices" : [ 0, 1, 2, 3 ]
    }, {
      "vertices" : [ 0, 3, 2, 1 ]
    } ]
  }, {
    "id" : "e5ceefe3-da64-49b0-9349-15e45286f80c",
    "vertices" : [ {
      "x" : 0.0,
      "y" : 0.0,
      "z" : 0.0
    }, {
      "x" : -0.090169944,
      "y" : 0.23606798,
      "z" : 0.0
    }, {
      "x" : -0.090169944,
      "y" : 2.673762,
      "z" : 6.381966
    }, {
      "x" : 0.0,
      "y" : 2.527864,
      "z" : 6.618034
    } ],
    "faces" : [ {
      "vertices" : [ 0, 1, 2, 3 ]
    }, {
      "vertices" : [ 0, 3, 2, 1 ]
    } ]
  }, {
    "id" : "b6ee12c1-c60a-433c-ad60-5f8b299d2436",
    "vertices" : [ {
      "x" : 0.0,
      "y" : 0.0,
      "z" : 0.0
    }, {
      "x" : -0.7825081,
      "y" : 2.1388025,
      "z" : 0.23606798
    }, {
      "x" : 1.9256959,
      "y" : -4.9513674,
      "z" : 0.23606798
    }, {
      "x" : 1.6075885,
      "y" : -4.2087216,
      "z" : 0.0
    } ],
    "faces" : [ {
      "vertices" : [ 0, 1, 2, 3 ]
    }, {
      "vertices" : [ 0, 3, 2, 1 ]
    } ]
  }, {
    "id" : "53340e93-9e38-4d17-9a0b-c404b372383d",
    "vertices" : [ {
      "x" : 0.0,
      "y" : 0.0,
      "z" : 0.0
    }, {
      "x" : 1.6855251,
      "y" : -4.4127617,
      "z" : 0.0
    }, {
      "x" : 0.0,
      "y" : -2.5839412,
      "z" : -6.764846
    } ],
    "faces" : [ {
      "vertices" : [ 0, 1, 2 ]
    }, {
      "vertices" : [ 0, 2, 1 ]
    } ]
  }, {
    "id" : "986574bc-3525-4454-8afe-9b6607b1dda0",
    "vertices" : [ {
      "x" : 0.0,
      "y" : 0.0,
      "z" : 0.0
    }, {
      "x" : -0.090169944,
      "y" : 0.23606798,
      "z" : 0.0
    }, {
      "x" : -0.090169944,
      "y" : 2.673762,
      "z" : 6.381966
    }, {
      "x" : 2.437694,
      "y" : -3.9442718,
      "z" : 6.381966
    } ],
    "faces" : [ {
      "vertices" : [ 0, 1, 2, 3 ]
    }, {
      "vertices" : [ 0, 3, 2, 1 ]
    } ]
  }, {
    "id" : "5f790d07-38a9-44ae-a3e4-ca0440519487",
    "vertices" : [ {
      "x" : 0.0,
      "y" : 0.0,
      "z" : 0.0
    }, {
      "x" : -0.9649935,
      "y" : 2.2819238,
      "z" : -0.6400097
    }, {
      "x" : 0.0,
      "y" : 0.4163045,
      "z" : 1.0898993
    } ],
    "faces" : [ {
      "vertices" : [ 0, 1, 2 ]
    }, {
      "vertices" : [ 0, 2, 1 ]
    } ]
  }, {
    "id" : "37a5b7d5-7ec6-4b8e-b3fe-2a53ba3d96b8",
    "vertices" : [ {
      "x" : 0.0,
      "y" : 0.0,
      "z" : 0.0
    }, {
      "x" : 0.04639347,
      "y" : 0.66104835,
      "z" : 2.0486326
    }, {
      "x" : 2.437694,
      "y" : -5.5994577,
      "z" : 2.0486326
    }, {
      "x" : 2.437694,
      "y" : -6.381966,
      "z" : 0.0
    } ],
    "faces" : [ {
      "vertices" : [ 0, 1, 2, 3 ]
    }, {
      "vertices" : [ 0, 3, 2, 1 ]
    } ]
  }, {
    "id" : "df6991c0-d958-4039-bbe8-08e0d846f17a",
    "vertices" : [ {
      "x" : 0.0,
      "y" : 0.0,
      "z" : 0.0
    }, {
      "x" : -2.437694,
      "y" : 6.381966,
      "z" : 0.0
    }, {
      "x" : -1.6855251,
      "y" : 7.120966,
      "z" : 7.09017
    }, {
      "x" : 0.0,
      "y" : 2.708204,
      "z" : 7.09017
    } ],
    "faces" : [ {
      "vertices" : [ 0, 1, 2, 3 ]
    }, {
      "vertices" : [ 0, 3, 2, 1 ]
    } ]
  }, {
    "id" : "b09d5559-4a62-43bd-9cc8-af3bd9f2c7a6",
    "vertices" : [ {
      "x" : 0.0,
      "y" : 0.0,
      "z" : 0.0
    }, {
      "x" : 0.10367454,
      "y" : -0.36159343,
      "z" : -0.23606798
    }, {
      "x" : -2.7898943,
      "y" : 7.213868,
      "z" : -0.23606798
    }, {
      "x" : -1.5067935,
      "y" : 3.9448366,
      "z" : 0.0
    } ],
    "faces" : [ {
      "vertices" : [ 0, 1, 2, 3 ]
    }, {
      "vertices" : [ 0, 3, 2, 1 ]
    } ]
  }, {
    "id" : "97d7faad-8e52-4a9f-847e-c170769e1a86",
    "vertices" : [ {
      "x" : 0.0,
      "y" : 0.0,
      "z" : 0.0
    }, {
      "x" : -0.4163045,
      "y" : 1.0898993,
      "z" : 0.0
    }, {
      "x" : -0.4163045,
      "y" : 2.5966928,
      "z" : 3.9448366
    }, {
      "x" : 0.0,
      "y" : 1.5067935,
      "z" : 3.9448366
    } ],
    "faces" : [ {
      "vertices" : [ 0, 1, 2, 3 ]
    }, {
      "vertices" : [ 0, 3, 2, 1 ]
    } ]
  }, {
    "id" : "bb095044-e4f4-4022-ba73-bb2533e36bd3",
    "vertices" : [ {
      "x" : 0.0,
      "y" : 0.0,
      "z" : 0.0
    }, {
      "x" : 0.4163045,
      "y" : -1.0898993,
      "z" : 0.0
    }, {
      "x" : 0.4163045,
      "y" : -2.5966928,
      "z" : -3.9448366
    }, {
      "x" : 0.0,
      "y" : -1.5067935,
      "z" : -3.9448366
    } ],
    "faces" : [ {
      "vertices" : [ 0, 1, 2, 3 ]
    }, {
      "vertices" : [ 0, 3, 2, 1 ]
    } ]
  }, {
    "id" : "48e0240f-2366-44d7-b997-5bc267ec7e63",
    "vertices" : [ {
      "x" : 0.0,
      "y" : 0.0,
      "z" : 0.0
    }, {
      "x" : 2.437694,
      "y" : -6.381966,
      "z" : 0.0
    }, {
      "x" : 1.6855251,
      "y" : -7.120966,
      "z" : -7.09017
    }, {
      "x" : 0.0,
      "y" : -2.708204,
      "z" : -7.09017
    } ],
    "faces" : [ {
      "vertices" : [ 0, 1, 2, 3 ]
    }, {
      "vertices" : [ 0, 3, 2, 1 ]
    } ]
  }, {
    "id" : "634b11d8-48c2-4b46-919a-16eed6fcba48",
    "vertices" : [ {
      "x" : 0.0,
      "y" : 0.0,
      "z" : 0.0
    }, {
      "x" : 0.0,
      "y" : -0.9649935,
      "z" : -2.5263858
    }, {
      "x" : -1.6855251,
      "y" : 3.4477682,
      "z" : -2.5263858
    } ],
    "faces" : [ {
      "vertices" : [ 0, 1, 2 ]
    }, {
      "vertices" : [ 0, 2, 1 ]
    } ]
  }, {
    "id" : "a7ff7cfa-ef9a-4e59-a99a-ad76e982caee",
    "vertices" : [ {
      "x" : 0.0,
      "y" : 0.0,
      "z" : 0.0
    }, {
      "x" : 0.0,
      "y" : 0.9649935,
      "z" : 2.5263858
    }, {
      "x" : 1.6855251,
      "y" : -3.4477682,
      "z" : 2.5263858
    } ],
    "faces" : [ {
      "vertices" : [ 0, 1, 2 ]
    }, {
      "vertices" : [ 0, 2, 1 ]
    } ]
  }, {
    "id" : "f78f348d-94a4-4f4f-bfcb-1250225e919d",
    "vertices" : [ {
      "x" : 0.0,
      "y" : 0.0,
      "z" : 0.0
    }, {
      "x" : 0.0,
      "y" : 0.090169944,
      "z" : 0.23606798
    }, {
      "x" : 5.326238,
      "y" : -13.854102,
      "z" : 0.23606798
    }, {
      "x" : 5.326238,
      "y" : -13.944272,
      "z" : 0.0
    } ],
    "faces" : [ {
      "vertices" : [ 0, 1, 2, 3 ]
    }, {
      "vertices" : [ 0, 3, 2, 1 ]
    } ]
  }, {
    "id" : "956832bd-074a-43a6-acfb-316b04b623f6",
    "vertices" : [ {
      "x" : 0.0,
      "y" : 0.0,
      "z" : 0.0
    }, {
      "x" : -0.32016838,
      "y" : 0.8382117,
      "z" : 0.0
    }, {
      "x" : 0.188009,
      "y" : 0.24993613,
      "z" : 1.9429741
    } ],
    "faces" : [ {
      "vertices" : [ 0, 1, 2 ]
    }, {
      "vertices" : [ 0, 2, 1 ]
    } ]
  }, {
    "id" : "a36a2ef8-ac53-4722-a818-edd8ecae6aad",
    "vertices" : [ {
      "x" : 0.0,
      "y" : 0.0,
      "z" : 0.0
    }, {
      "x" : -2.630535,
      "y" : 0.4922497,
      "z" : 0.4922497
    }, {
      "x" : 1.3689005,
      "y" : 4.491685,
      "z" : -3.5071857
    }, {
      "x" : 2.438043,
      "y" : 2.438043,
      "z" : -2.438043
    } ],
    "faces" : [ {
      "vertices" : [ 0, 1, 2, 3 ]
    }, {
      "vertices" : [ 0, 3, 2, 1 ]
    } ]
  }, {
    "id" : "d84a436c-e514-4daf-8437-f18932a770ec",
    "vertices" : [ {
      "x" : 0.0,
      "y" : 0.0,
      "z" : 0.0
    }, {
      "x" : -0.04639347,
      "y" : -0.66104835,
      "z" : -2.0486326
    }, {
      "x" : -2.437694,
      "y" : 5.5994577,
      "z" : -2.0486326
    }, {
      "x" : -2.437694,
      "y" : 6.381966,
      "z" : 0.0
    } ],
    "faces" : [ {
      "vertices" : [ 0, 1, 2, 3 ]
    }, {
      "vertices" : [ 0, 3, 2, 1 ]
    } ]
  }, {
    "id" : "8caea5d7-9552-4886-8fc8-5958999e6a4b",
    "vertices" : [ {
      "x" : 0.0,
      "y" : 0.0,
      "z" : 0.0
    }, {
      "x" : -1.1658446,
      "y" : 4.288629,
      "z" : 1.1658446
    }, {
      "x" : -3.1227846,
      "y" : 3.1227846,
      "z" : 0.0
    } ],
    "faces" : [ {
      "vertices" : [ 0, 1, 2 ]
    }, {
      "vertices" : [ 0, 2, 1 ]
    } ]
  }, {
    "id" : "ce7ea579-6e89-44a1-a3ea-654d98e7603f",
    "vertices" : [ {
      "x" : 0.0,
      "y" : 0.0,
      "z" : 0.0
    }, {
      "x" : 0.872678,
      "y" : -2.1945307,
      "z" : 0.23606798
    }, {
      "x" : 2.4802666,
      "y" : -6.403252,
      "z" : 0.23606798
    }, {
      "x" : 2.5839412,
      "y" : -6.764846,
      "z" : 0.0
    } ],
    "faces" : [ {
      "vertices" : [ 0, 1, 2, 3 ]
    }, {
      "vertices" : [ 0, 3, 2, 1 ]
    } ]
  }, {
    "id" : "4848e478-09f6-40ae-bb08-51a11f22e4aa",
    "vertices" : [ {
      "x" : 0.0,
      "y" : 0.0,
      "z" : 0.0
    }, {
      "x" : 0.0,
      "y" : -0.090169944,
      "z" : -0.23606798
    }, {
      "x" : -0.7825081,
      "y" : 2.0486326,
      "z" : 0.0
    } ],
    "faces" : [ {
      "vertices" : [ 0, 1, 2 ]
    }, {
      "vertices" : [ 0, 2, 1 ]
    } ]
  }, {
    "id" : "40ccffa5-1762-4d3e-a15e-3da4b3fb212d",
    "vertices" : [ {
      "x" : 0.0,
      "y" : 0.0,
      "z" : 0.0
    }, {
      "x" : 0.090169944,
      "y" : -0.23606798,
      "z" : 0.0
    }, {
      "x" : 0.090169944,
      "y" : -2.673762,
      "z" : -6.381966
    }, {
      "x" : 0.0,
      "y" : -2.527864,
      "z" : -6.618034
    } ],
    "faces" : [ {
      "vertices" : [ 0, 1, 2, 3 ]
    }, {
      "vertices" : [ 0, 3, 2, 1 ]
    } ]
  }, {
    "id" : "fb4a2201-a253-4afb-a5df-396e1de5c52d",
    "orbit" : "green",
    "orbitC" : "[[2,-1,1],[5,-3,1]]",
    "length" : "[-593,369,11]",
    "name" : " :-593/11 +369/11*phi",
    "vertices" : [ {
      "x" : 3.778761,
      "y" : 1.4433583,
      "z" : -0.5513138
    }, {
      "x" : 3.396795,
      "y" : 0.98844326,
      "z" : -0.3603308
    }, {
      "x" : 3.233676,
      "y" : 1.2523752,
      "z" : -0.78738177
    }, {
      "x" : 3.160727,
      "y" : 1.5163072,
      "z" : -0.5963988
    }, {
      "x" : 0.85410196,
      "y" : 0.309017,
      "z" : 0.19098301
    }, {
      "x" : 0.690983,
      "y" : 0.572949,
      "z" : -0.23606798
    }, {
      "x" : 0.309017,
      "y" : 0.11803399,
      "z" : -0.045084972
    }, {
      "x" : 0.76393205,
      "y" : 0.309017,
      "z" : -0.42705098
    }, {
      "x" : 0.927051,
      "y" : 0.045084972,
      "z" : 0.0
    }, {
      "x" : 3.323846,
      "y" : 1.2523752,
      "z" : -0.1693478
    }, {
      "x" : 4.087778,
      "y" : 1.5613923,
      "z" : -0.5963988
    } ],
    "faces" : [ {
      "vertices" : [ 2, 7, 5, 3 ]
    }, {
      "vertices" : [ 1, 8, 7, 2 ]
    }, {
      "vertices" : [ 4, 6, 8 ]
    }, {
      "vertices" : [ 5, 7, 6 ]
    }, {
      "vertices" : [ 0, 1, 2 ]
    }, {
      "vertices" : [ 0, 2, 3 ]
    }, {
      "vertices" : [ 6, 7, 8 ]
    }, {
      "vertices" : [ 3, 5, 4, 9 ]
    }, {
      "vertices" : [ 1, 9, 4, 8 ]
    }, {
      "vertices" : [ 0, 9, 1 ]
    }, {
      "vertices" : [ 0, 3, 9 ]
    }, {
      "vertices" : [ 4, 5, 6 ]
    } ]
  }, {
    "id" : "d5b37a4d-8403-44d9-ab05-486646d43180",
    "vertices" : [ {
      "x" : 0.0,
      "y" : 0.0,
      "z" : 0.0
    }, {
      "x" : 0.9649935,
      "y" : -1.8058542,
      "z" : 1.886376
    }, {
      "x" : 0.9649935,
      "y" : -3.4913793,
      "z" : -2.5263858
    } ],
    "faces" : [ {
      "vertices" : [ 0, 1, 2 ]
    }, {
      "vertices" : [ 0, 2, 1 ]
    } ]
  }, {
    "id" : "53da7ef7-8778-4caf-a1bd-bf3227893c11",
    "vertices" : [ {
      "x" : 0.0,
      "y" : 0.0,
      "z" : 0.0
    }, {
      "x" : 2.630535,
      "y" : 0.4922497,
      "z" : 0.4922497
    }, {
      "x" : -1.3689005,
      "y" : -3.5071857,
      "z" : 4.491685
    }, {
      "x" : -2.438043,
      "y" : -2.438043,
      "z" : 2.438043
    } ],
    "faces" : [ {
      "vertices" : [ 0, 1, 2, 3 ]
    }, {
      "vertices" : [ 0, 3, 2, 1 ]
    } ]
  }, {
    "id" : "ee96176d-a6eb-4cea-96c7-68993df57f10",
    "vertices" : [ {
      "x" : 0.0,
      "y" : 0.0,
      "z" : 0.0
    }, {
      "x" : -1.6855251,
      "y" : 4.4127617,
      "z" : 0.0
    }, {
      "x" : 0.0,
      "y" : 2.5839412,
      "z" : 6.764846
    } ],
    "faces" : [ {
      "vertices" : [ 0, 1, 2 ]
    }, {
      "vertices" : [ 0, 2, 1 ]
    } ]
  }, {
    "id" : "685c747f-0316-40ed-b1e1-c6ea44e35080",
    "vertices" : [ {
      "x" : 0.0,
      "y" : 0.0,
      "z" : 0.0
    }, {
      "x" : -3.009501,
      "y" : 3.009501,
      "z" : 0.0
    }, {
      "x" : -5.389511,
      "y" : 0.6294909,
      "z" : 2.3800101
    }, {
      "x" : -2.3800101,
      "y" : -2.3800101,
      "z" : 2.3800101
    } ],
    "faces" : [ {
      "vertices" : [ 0, 1, 2, 3 ]
    }, {
      "vertices" : [ 0, 3, 2, 1 ]
    } ]
  }, {
    "id" : "20d83050-095c-4dd9-a58b-2f4be348b9cc",
    "vertices" : [ {
      "x" : 0.0,
      "y" : 0.0,
      "z" : 0.0
    }, {
      "x" : 0.7521691,
      "y" : 0.7389997,
      "z" : 7.09017
    }, {
      "x" : 0.0,
      "y" : -2.471787,
      "z" : -6.4712224
    } ],
    "faces" : [ {
      "vertices" : [ 0, 1, 2 ]
    }, {
      "vertices" : [ 0, 2, 1 ]
    } ]
  }, {
    "id" : "4ee0b5a2-eb6b-4d03-961b-3b05be0b8c3e",
    "vertices" : [ {
      "x" : 0.0,
      "y" : 0.0,
      "z" : 0.0
    }, {
      "x" : -0.7521691,
      "y" : -3.2107868,
      "z" : -13.561392
    }, {
      "x" : -0.7521691,
      "y" : 2.115451,
      "z" : 0.38287964
    } ],
    "faces" : [ {
      "vertices" : [ 0, 1, 2 ]
    }, {
      "vertices" : [ 0, 2, 1 ]
    } ]
  }, {
    "id" : "90096fa0-5d42-4117-b014-f8f2a95d2676",
    "vertices" : [ {
      "x" : 0.0,
      "y" : 0.0,
      "z" : 0.0
    }, {
      "x" : -3.009501,
      "y" : 3.009501,
      "z" : 0.0
    }, {
      "x" : -3.0539362,
      "y" : 3.1729589,
      "z" : 0.044435237
    }, {
      "x" : -1.5489074,
      "y" : 4.0695777,
      "z" : 0.9410543
    }, {
      "x" : -1.1119374,
      "y" : 4.0903287,
      "z" : 1.1119374
    } ],
    "faces" : [ {
      "vertices" : [ 0, 1, 2, 3, 4 ]
    }, {
      "vertices" : [ 0, 4, 3, 2, 1 ]
    } ]
  } ],
  "instances" : [ {
    "shape" : "21857aa0-ae09-4710-8fce-9b3517c1f434",
    "color" : "#7FCC9F",
    "position" : {
      "x" : -2.6781473,
      "y" : 11.150283,
      "z" : -2.9699433
    },
    "orientation" : 38
  }, {
    "shape" : "625e6484-798f-478f-99e3-bee179caf34f",
    "color" : "#7FCC9F",
    "position" : {
      "x" : -4.313082,
      "y" : -4.6048784,
      "z" : 3.8672576
    },
    "orientation" : 52
  }, {
    "shape" : "22f0a81e-4442-427b-83c2-3af976e94415",
    "color" : "#7FCC9F",
    "position" : {
      "x" : -6.2135754,
      "y" : 5.921779,
      "z" : -0.7509405
    },
    "orientation" : 6
  }, {
    "shape" : "a6b75982-546f-41ca-8bba-3e3d4cf75ccb",
    "color" : "#7FCC9F",
