{
  "field" : "golden",
  "symmetry" : "icosahedral",
  "orientations" : [ [ 1.0, 0.0, 0.0, 0.0, 0.0, 1.0, 0.0, 0.0, 0.0, 0.0, 1.0, 0.0, 0.0, 0.0, 0.0, 1.0 ], [ 0.0, 0.0, 1.0, 0.0, 1.0, 0.0, 0.0, 0.0, 0.0, 1.0, 0.0, 0.0, 0.0, 0.0, 0.0, 1.0 ], [ 0.0, 1.0, 0.0, 0.0, 0.0, 0.0, 1.0, 0.0, 1.0, 0.0, 0.0, 0.0, 0.0, 0.0, 0.0, 1.0 ], [ 0.809017, 0.309017, 0.5, 0.0, 0.309017, 0.5, -0.809017, 0.0, -0.5, 0.809017, 0.309017, 0.0, 0.0, 0.0, 0.0, 1.0 ], [ -0.5, 0.809017, 0.309017, 0.0, 0.809017, 0.309017, 0.5, 0.0, 0.309017, 0.5, -0.809017, 0.0, 0.0, 0.0, 0.0, 1.0 ], [ 0.309017, 0.5, -0.809017, 0.0, -0.5, 0.809017, 0.309017, 0.0, 0.809017, 0.309017, 0.5, 0.0, 0.0, 0.0, 0.0, 1.0 ], [ 0.5, 0.809017, 0.309017, 0.0, 0.809017, -0.309017, -0.5, 0.0, -0.309017, 0.5, -0.809017, 0.0, 0.0, 0.0, 0.0, 1.0 ], [ -0.309017, 0.5, -0.809017, 0.0, 0.5, 0.809017, 0.309017, 0.0, 0.809017, -0.309017, -0.5, 0.0, 0.0, 0.0, 0.0, 1.0 ], [ 0.809017, -0.309017, -0.5, 0.0, -0.309017, 0.5, -0.809017, 0.0, 0.5, 0.809017, 0.309017, 0.0, 0.0, 0.0, 0.0, 1.0 ], [ 0.5, 0.809017, -0.309017, 0.0, 0.809017, -0.309017, 0.5, 0.0, 0.309017, -0.5, -0.809017, 0.0, 0.0, 0.0, 0.0, 1.0 ], [ 0.309017, -0.5, -0.809017, 0.0, 0.5, 0.809017, -0.309017, 0.0, 0.809017, -0.309017, 0.5, 0.0, 0.0, 0.0, 0.0, 1.0 ], [ 0.809017, -0.309017, 0.5, 0.0, 0.309017, -0.5, -0.809017, 0.0, 0.5, 0.809017, -0.309017, 0.0, 0.0, 0.0, 0.0, 1.0 ], [ 0.809017, 0.309017, -0.5, 0.0, 0.309017, 0.5, 0.809017, 0.0, 0.5, -0.809017, 0.309017, 0.0, 0.0, 0.0, 0.0, 1.0 ], [ 0.5, -0.809017, 0.309017, 0.0, 0.809017, 0.309017, -0.5, 0.0, 0.309017, 0.5, 0.809017, 0.0, 0.0, 0.0, 0.0, 1.0 ], [ 0.309017, 0.5, 0.809017, 0.0, 0.5, -0.809017, 0.309017, 0.0, 0.809017, 0.309017, -0.5, 0.0, 0.0, 0.0, 0.0, 1.0 ], [ 1.0, 0.0, 0.0, 0.0, 0.0, -1.0, 0.0, 0.0, 0.0, 0.0, -1.0, 0.0, 0.0, 0.0, 0.0, 1.0 ], [ 0.0, 0.0, 1.0, 0.0, -1.0, 0.0, 0.0, 0.0, 0.0, -1.0, 0.0, 0.0, 0.0, 0.0, 0.0, 1.0 ], [ 0.0, 1.0, 0.0, 0.0, 0.0, 0.0, -1.0, 0.0, -1.0, 0.0, 0.0, 0.0, 0.0, 0.0, 0.0, 1.0 ], [ 0.809017, 0.309017, 0.5, 0.0, -0.309017, -0.5, 0.809017, 0.0, 0.5, -0.809017, -0.309017, 0.0, 0.0, 0.0, 0.0, 1.0 ], [ -0.5, 0.809017, 0.309017, 0.0, -0.809017, -0.309017, -0.5, 0.0, -0.309017, -0.5, 0.809017, 0.0, 0.0, 0.0, 0.0, 1.0 ], [ 0.309017, 0.5, -0.809017, 0.0, 0.5, -0.809017, -0.309017, 0.0, -0.809017, -0.309017, -0.5, 0.0, 0.0, 0.0, 0.0, 1.0 ], [ 0.5, 0.809017, 0.309017, 0.0, -0.809017, 0.309017, 0.5, 0.0, 0.309017, -0.5, 0.809017, 0.0, 0.0, 0.0, 0.0, 1.0 ], [ -0.309017, 0.5, -0.809017, 0.0, -0.5, -0.809017, -0.309017, 0.0, -0.809017, 0.309017, 0.5, 0.0, 0.0, 0.0, 0.0, 1.0 ], [ 0.809017, -0.309017, -0.5, 0.0, 0.309017, -0.5, 0.809017, 0.0, -0.5, -0.809017, -0.309017, 0.0, 0.0, 0.0, 0.0, 1.0 ], [ 0.5, 0.809017, -0.309017, 0.0, -0.809017, 0.309017, -0.5, 0.0, -0.309017, 0.5, 0.809017, 0.0, 0.0, 0.0, 0.0, 1.0 ], [ 0.309017, -0.5, -0.809017, 0.0, -0.5, -0.809017, 0.309017, 0.0, -0.809017, 0.309017, -0.5, 0.0, 0.0, 0.0, 0.0, 1.0 ], [ 0.809017, -0.309017, 0.5, 0.0, -0.309017, 0.5, 0.809017, 0.0, -0.5, -0.809017, 0.309017, 0.0, 0.0, 0.0, 0.0, 1.0 ], [ 0.809017, 0.309017, -0.5, 0.0, -0.309017, -0.5, -0.809017, 0.0, -0.5, 0.809017, -0.309017, 0.0, 0.0, 0.0, 0.0, 1.0 ], [ 0.5, -0.809017, 0.309017, 0.0, -0.809017, -0.309017, 0.5, 0.0, -0.309017, -0.5, -0.809017, 0.0, 0.0, 0.0, 0.0, 1.0 ], [ 0.309017, 0.5, 0.809017, 0.0, -0.5, 0.809017, -0.309017, 0.0, -0.809017, -0.309017, 0.5, 0.0, 0.0, 0.0, 0.0, 1.0 ], [ -1.0, 0.0, 0.0, 0.0, 0.0, -1.0, 0.0, 0.0, 0.0, 0.0, 1.0, 0.0, 0.0, 0.0, 0.0, 1.0 ], [ 0.0, 0.0, -1.0, 0.0, -1.0, 0.0, 0.0, 0.0, 0.0, 1.0, 0.0, 0.0, 0.0, 0.0, 0.0, 1.0 ], [ 0.0, -1.0, 0.0, 0.0, 0.0, 0.0, -1.0, 0.0, 1.0, 0.0, 0.0, 0.0, 0.0, 0.0, 0.0, 1.0 ], [ -0.809017, -0.309017, -0.5, 0.0, -0.309017, -0.5, 0.809017, 0.0, -0.5, 0.809017, 0.309017, 0.0, 0.0, 0.0, 0.0, 1.0 ], [ 0.5, -0.809017, -0.309017, 0.0, -0.809017, -0.309017, -0.5, 0.0, 0.309017, 0.5, -0.809017, 0.0, 0.0, 0.0, 0.0, 1.0 ], [ -0.309017, -0.5, 0.809017, 0.0, 0.5, -0.809017, -0.309017, 0.0, 0.809017, 0.309017, 0.5, 0.0, 0.0, 0.0, 0.0, 1.0 ], [ -0.5, -0.809017, -0.309017, 0.0, -0.809017, 0.309017, 0.5, 0.0, -0.309017, 0.5, -0.809017, 0.0, 0.0, 0.0, 0.0, 1.0 ], [ 0.309017, -0.5, 0.809017, 0.0, -0.5, -0.809017, -0.309017, 0.0, 0.809017, -0.309017, -0.5, 0.0, 0.0, 0.0, 0.0, 1.0 ], [ -0.809017, 0.309017, 0.5, 0.0, 0.309017, -0.5, 0.809017, 0.0, 0.5, 0.809017, 0.309017, 0.0, 0.0, 0.0, 0.0, 1.0 ], [ -0.5, -0.809017, 0.309017, 0.0, -0.809017, 0.309017, -0.5, 0.0, 0.309017, -0.5, -0.809017, 0.0, 0.0, 0.0, 0.0, 1.0 ], [ -0.309017, 0.5, 0.809017, 0.0, -0.5, -0.809017, 0.309017, 0.0, 0.809017, -0.309017, 0.5, 0.0, 0.0, 0.0, 0.0, 1.0 ], [ -0.809017, 0.309017, -0.5, 0.0, -0.309017, 0.5, 0.809017, 0.0, 0.5, 0.809017, -0.309017, 0.0, 0.0, 0.0, 0.0, 1.0 ], [ -0.809017, -0.309017, 0.5, 0.0, -0.309017, -0.5, -0.809017, 0.0, 0.5, -0.809017, 0.309017, 0.0, 0.0, 0.0, 0.0, 1.0 ], [ -0.5, 0.809017, -0.309017, 0.0, -0.809017, -0.309017, 0.5, 0.0, 0.309017, 0.5, 0.809017, 0.0, 0.0, 0.0, 0.0, 1.0 ], [ -0.309017, -0.5, -0.809017, 0.0, -0.5, 0.809017, -0.309017, 0.0, 0.809017, 0.309017, -0.5, 0.0, 0.0, 0.0, 0.0, 1.0 ], [ -1.0, 0.0, 0.0, 0.0, 0.0, 1.0, 0.0, 0.0, 0.0, 0.0, -1.0, 0.0, 0.0, 0.0, 0.0, 1.0 ], [ 0.0, 0.0, -1.0, 0.0, 1.0, 0.0, 0.0, 0.0, 0.0, -1.0, 0.0, 0.0, 0.0, 0.0, 0.0, 1.0 ], [ 0.0, -1.0, 0.0, 0.0, 0.0, 0.0, 1.0, 0.0, -1.0, 0.0, 0.0, 0.0, 0.0, 0.0, 0.0, 1.0 ], [ -0.809017, -0.309017, -0.5, 0.0, 0.309017, 0.5, -0.809017, 0.0, 0.5, -0.809017, -0.309017, 0.0, 0.0, 0.0, 0.0, 1.0 ], [ 0.5, -0.809017, -0.309017, 0.0, 0.809017, 0.309017, 0.5, 0.0, -0.309017, -0.5, 0.809017, 0.0, 0.0, 0.0, 0.0, 1.0 ], [ -0.309017, -0.5, 0.809017, 0.0, -0.5, 0.809017, 0.309017, 0.0, -0.809017, -0.309017, -0.5, 0.0, 0.0, 0.0, 0.0, 1.0 ], [ -0.5, -0.809017, -0.309017, 0.0, 0.809017, -0.309017, -0.5, 0.0, 0.309017, -0.5, 0.809017, 0.0, 0.0, 0.0, 0.0, 1.0 ], [ 0.309017, -0.5, 0.809017, 0.0, 0.5, 0.809017, 0.309017, 0.0, -0.809017, 0.309017, 0.5, 0.0, 0.0, 0.0, 0.0, 1.0 ], [ -0.809017, 0.309017, 0.5, 0.0, -0.309017, 0.5, -0.809017, 0.0, -0.5, -0.809017, -0.309017, 0.0, 0.0, 0.0, 0.0, 1.0 ], [ -0.5, -0.809017, 0.309017, 0.0, 0.809017, -0.309017, 0.5, 0.0, -0.309017, 0.5, 0.809017, 0.0, 0.0, 0.0, 0.0, 1.0 ], [ -0.309017, 0.5, 0.809017, 0.0, 0.5, 0.809017, -0.309017, 0.0, -0.809017, 0.309017, -0.5, 0.0, 0.0, 0.0, 0.0, 1.0 ], [ -0.809017, 0.309017, -0.5, 0.0, 0.309017, -0.5, -0.809017, 0.0, -0.5, -0.809017, 0.309017, 0.0, 0.0, 0.0, 0.0, 1.0 ], [ -0.809017, -0.309017, 0.5, 0.0, 0.309017, 0.5, 0.809017, 0.0, -0.5, 0.809017, -0.309017, 0.0, 0.0, 0.0, 0.0, 1.0 ], [ -0.5, 0.809017, -0.309017, 0.0, 0.809017, 0.309017, -0.5, 0.0, -0.309017, -0.5, -0.809017, 0.0, 0.0, 0.0, 0.0, 1.0 ], [ -0.309017, -0.5, -0.809017, 0.0, 0.5, -0.809017, 0.309017, 0.0, -0.809017, -0.309017, 0.5, 0.0, 0.0, 0.0, 0.0, 1.0 ] ],
  "lights" : {
    "ambientColor" : "#292929",
    "backgroundColor" : "#AFC8DC",
    "directionalLights" : [ {
      "direction" : {
        "x" : 1.0,
        "y" : -1.0,
        "z" : -1.0
      },
      "color" : "#EBEBE4"
    }, {
      "direction" : {
        "x" : -1.0,
        "y" : 0.0,
        "z" : 0.0
      },
      "color" : "#E4E4EB"
    }, {
      "direction" : {
        "x" : 0.0,
        "y" : 0.0,
        "z" : -1.0
      },
      "color" : "#1E1E1E"
    } ]
  },
  "camera" : {
    "width" : 58.578728,
    "stereo" : false,
    "lookDirection" : {
      "x" : -0.43050015,
      "y" : -0.020967815,
      "z" : -0.9023335
    },
    "upDirection" : {
      "x" : -0.019540092,
      "y" : 0.99966514,
      "z" : -0.013887449
    },
    "lookAtPoint" : {
      "x" : 0.0,
      "y" : 0.0,
      "z" : 0.0
    },
    "viewDistance" : 130.17497,
    "nearClipDistance" : 0.32543758,
    "farClipDistance" : 260.34952,
    "fieldOfView" : 0.44262883,
    "perspective" : false,
    "position" : {
      "x" : 56.040344,
      "y" : 2.7294848,
      "z" : 117.461235
    }
  },
  "embedding" : [ 1.0, 0.0, 0.0, 0.0, 0.0, 1.0, 0.0, 0.0, 0.0, 0.0, 1.0, 0.0, 0.0, 0.0, 0.0, 1.0 ],
  "shapes" : [ {
    "id" : "188de171-1d9e-44d3-b16f-a78a4c5ccb82",
    "vertices" : [ {
      "x" : 6.545085,
      "y" : 2.5,
      "z" : -0.95491505
    }, {
      "x" : 6.163119,
      "y" : 2.045085,
      "z" : -0.76393205
    }, {
      "x" : 6.0,
      "y" : 2.309017,
      "z" : -1.190983
    }, {
      "x" : 5.927051,
      "y" : 2.572949,
      "z" : -1.0
    }, {
      "x" : 0.85410196,
      "y" : 0.309017,
      "z" : 0.19098301
    }, {
      "x" : 0.690983,
      "y" : 0.572949,
      "z" : -0.23606798
    }, {
      "x" : 0.309017,
      "y" : 0.11803399,
      "z" : -0.045084972
    }, {
      "x" : 0.76393205,
      "y" : 0.309017,
      "z" : -0.42705098
    }, {
      "x" : 0.927051,
      "y" : 0.045084972,
      "z" : 0.0
    }, {
      "x" : 6.09017,
      "y" : 2.309017,
      "z" : -0.572949
    }, {
      "x" : 6.854102,
      "y" : 2.618034,
      "z" : -1.0
    } ],
    "faces" : [ {
      "vertices" : [ 2, 7, 5 ]
    }, {
      "vertices" : [ 2, 5, 3 ]
    }, {
      "vertices" : [ 1, 8, 7 ]
    }, {
      "vertices" : [ 1, 7, 2 ]
    }, {
      "vertices" : [ 4, 6, 8 ]
    }, {
      "vertices" : [ 5, 7, 6 ]
    }, {
      "vertices" : [ 0, 1, 2 ]
    }, {
      "vertices" : [ 0, 2, 3 ]
    }, {
      "vertices" : [ 6, 7, 8 ]
    }, {
      "vertices" : [ 3, 5, 4 ]
    }, {
      "vertices" : [ 3, 4, 9 ]
    }, {
      "vertices" : [ 1, 9, 4 ]
    }, {
      "vertices" : [ 1, 4, 8 ]
    }, {
      "vertices" : [ 0, 9, 1 ]
    }, {
      "vertices" : [ 0, 3, 9 ]
    }, {
      "vertices" : [ 4, 5, 6 ]
    } ]
  }, {
    "id" : "c559cb63-07f3-4fd1-bd48-ed9324928ea6",
    "vertices" : [ {
      "x" : 2.618034,
      "y" : 0.0,
      "z" : -1.0
    }, {
      "x" : 2.309017,
      "y" : 0.0,
      "z" : -0.881966
    }, {
      "x" : 1.9045085,
      "y" : -0.1545085,
      "z" : -0.440983
    }, {
      "x" : 1.7135255,
      "y" : -0.1545085,
      "z" : -0.940983
    }, {
      "x" : 0.9045085,
      "y" : -0.1545085,
      "z" : -0.059016995
    }, {
      "x" : 0.809017,
      "y" : 0.309017,
      "z" : -0.309017
    }, {
      "x" : 0.309017,
      "y" : 0.0,
      "z" : -0.11803399
    }, {
      "x" : 1.809017,
      "y" : 0.309017,
      "z" : -0.690983
    }, {
      "x" : 0.7135255,
      "y" : -0.1545085,
      "z" : -0.559017
    } ],
    "faces" : [ {
      "vertices" : [ 2, 4, 8 ]
    }, {
      "vertices" : [ 2, 8, 3 ]
    }, {
      "vertices" : [ 2, 7, 5 ]
    }, {
      "vertices" : [ 2, 5, 4 ]
    }, {
      "vertices" : [ 4, 6, 8 ]
    }, {
      "vertices" : [ 5, 8, 6 ]
    }, {
      "vertices" : [ 1, 2, 3 ]
    }, {
      "vertices" : [ 3, 8, 5 ]
    }, {
      "vertices" : [ 3, 5, 7 ]
    }, {
      "vertices" : [ 1, 7, 2 ]
    }, {
      "vertices" : [ 1, 3, 7 ]
    }, {
      "vertices" : [ 4, 5, 6 ]
    } ]
  }, {
    "id" : "d112c27c-9099-466f-8c0e-a30205a7cad6",
    "vertices" : [ {
      "x" : -0.309017,
      "y" : -0.19098301,
      "z" : 0.0
    }, {
      "x" : -0.309017,
      "y" : 0.19098301,
      "z" : 0.0
    }, {
      "x" : -0.19098301,
      "y" : 0.0,
      "z" : -0.309017
    }, {
      "x" : -0.19098301,
      "y" : 0.0,
      "z" : 0.309017
    }, {
      "x" : 0.0,
      "y" : -0.309017,
      "z" : -0.19098301
    }, {
      "x" : 0.0,
      "y" : -0.309017,
      "z" : 0.19098301
    }, {
      "x" : 0.0,
      "y" : 0.309017,
      "z" : -0.19098301
    }, {
      "x" : 0.0,
      "y" : 0.309017,
      "z" : 0.19098301
    }, {
      "x" : 0.19098301,
      "y" : 0.0,
      "z" : -0.309017
    }, {
      "x" : 0.19098301,
      "y" : 0.0,
      "z" : 0.309017
    }, {
      "x" : 0.309017,
      "y" : -0.19098301,
      "z" : 0.0
    }, {
      "x" : 0.309017,
      "y" : 0.19098301,
      "z" : 0.0
    } ],
    "faces" : [ {
      "vertices" : [ 0, 1, 2 ]
    }, {
      "vertices" : [ 0, 3, 1 ]
    }, {
      "vertices" : [ 0, 2, 4 ]
    }, {
      "vertices" : [ 0, 5, 3 ]
    }, {
      "vertices" : [ 0, 4, 5 ]
    }, {
      "vertices" : [ 1, 6, 2 ]
    }, {
      "vertices" : [ 1, 3, 7 ]
    }, {
      "vertices" : [ 1, 7, 6 ]
    }, {
      "vertices" : [ 2, 8, 4 ]
    }, {
      "vertices" : [ 2, 6, 8 ]
    }, {
      "vertices" : [ 3, 5, 9 ]
    }, {
      "vertices" : [ 3, 9, 7 ]
    }, {
      "vertices" : [ 4, 10, 5 ]
    }, {
      "vertices" : [ 4, 8, 10 ]
    }, {
      "vertices" : [ 5, 10, 9 ]
    }, {
      "vertices" : [ 6, 7, 11 ]
    }, {
      "vertices" : [ 6, 11, 8 ]
    }, {
      "vertices" : [ 7, 9, 11 ]
    }, {
      "vertices" : [ 8, 11, 10 ]
    }, {
      "vertices" : [ 9, 10, 11 ]
    } ]
  }, {
    "id" : "d6c285a3-f431-4bae-96e2-3a31004dc986",
    "vertices" : [ {
      "x" : 16.18034,
      "y" : 0.0,
      "z" : -6.18034
    }, {
      "x" : 15.871323,
      "y" : 0.0,
      "z" : -6.062306
    }, {
      "x" : 15.466814,
      "y" : -0.1545085,
      "z" : -5.621323
    }, {
      "x" : 15.275831,
      "y" : -0.1545085,
      "z" : -6.121323
    }, {
      "x" : 0.9045085,
      "y" : -0.1545085,
      "z" : -0.059016995
    }, {
      "x" : 0.809017,
      "y" : 0.309017,
      "z" : -0.309017
    }, {
      "x" : 0.309017,
      "y" : 0.0,
      "z" : -0.11803399
    }, {
      "x" : 15.371323,
      "y" : 0.309017,
      "z" : -5.871323
    }, {
      "x" : 0.7135255,
      "y" : -0.1545085,
      "z" : -0.559017
    } ],
    "faces" : [ {
      "vertices" : [ 2, 4, 8 ]
    }, {
      "vertices" : [ 2, 8, 3 ]
    }, {
      "vertices" : [ 2, 7, 5 ]
    }, {
      "vertices" : [ 2, 5, 4 ]
    }, {
      "vertices" : [ 4, 6, 8 ]
    }, {
      "vertices" : [ 5, 8, 6 ]
    }, {
      "vertices" : [ 1, 2, 3 ]
    }, {
      "vertices" : [ 3, 8, 5 ]
    }, {
      "vertices" : [ 3, 5, 7 ]
    }, {
      "vertices" : [ 1, 7, 2 ]
    }, {
      "vertices" : [ 1, 3, 7 ]
    }, {
      "vertices" : [ 4, 5, 6 ]
    } ]
  }, {
    "id" : "e41a0a46-bfb2-4feb-84fa-245351d1b2c3",
    "vertices" : [ {
      "x" : 1.0,
      "y" : 0.309017,
      "z" : 0.19098301
    }, {
      "x" : 1.0,
      "y" : -0.309017,
      "z" : 0.19098301
    }, {
      "x" : 5.472136,
      "y" : -0.309017,
      "z" : 0.19098301
    }, {
      "x" : 5.472136,
      "y" : 0.309017,
      "z" : 0.19098301
    }, {
      "x" : 5.472136,
      "y" : -0.309017,
      "z" : -0.19098301
    }, {
      "x" : 5.472136,
      "y" : 0.309017,
      "z" : -0.19098301
    }, {
      "x" : 6.09017,
      "y" : 0.0,
      "z" : 0.0
    }, {
      "x" : 0.38196602,
      "y" : 0.0,
      "z" : 0.0
    }, {
      "x" : 1.0,
      "y" : 0.309017,
      "z" : -0.19098301
    }, {
      "x" : 1.0,
      "y" : -0.309017,
      "z" : -0.19098301
    }, {
      "x" : 6.472136,
      "y" : 0.0,
      "z" : 0.0
    } ],
    "faces" : [ {
      "vertices" : [ 1, 9, 4 ]
    }, {
      "vertices" : [ 1, 4, 2 ]
    }, {
      "vertices" : [ 0, 3, 5 ]
    }, {
      "vertices" : [ 0, 5, 8 ]
    }, {
      "vertices" : [ 1, 7, 9 ]
    }, {
      "vertices" : [ 0, 1, 2 ]
    }, {
      "vertices" : [ 0, 2, 3 ]
    }, {
      "vertices" : [ 7, 8, 9 ]
    }, {
      "vertices" : [ 0, 7, 1 ]
    }, {
      "vertices" : [ 4, 9, 8 ]
    }, {
      "vertices" : [ 4, 8, 5 ]
    }, {
      "vertices" : [ 2, 6, 3 ]
    }, {
      "vertices" : [ 2, 4, 6 ]
    }, {
      "vertices" : [ 3, 6, 5 ]
    }, {
      "vertices" : [ 4, 5, 6 ]
    }, {
      "vertices" : [ 0, 8, 7 ]
    } ]
  }, {
    "id" : "335f0696-1322-4522-b6b4-8f22b783ada5",
    "vertices" : [ {
      "x" : -1.7514777,
      "y" : -1.0898387,
      "z" : -0.06918051
    }, {
      "x" : -1.6514777,
      "y" : -0.9898387,
      "z" : 0.3308195
    }, {
      "x" : -0.36655626,
      "y" : -0.5003312,
      "z" : 0.33311254
    }, {
      "x" : -0.46655628,
      "y" : -0.6003312,
      "z" : -0.06688747
    }, {
      "x" : -1.4181443,
      "y" : -1.2898388,
      "z" : 0.4641528
    }, {
      "x" : -1.5181444,
      "y" : -1.3898387,
      "z" : 0.06415282
    }, {
      "x" : -0.6998896,
      "y" : -0.3003312,
      "z" : -0.2002208
    }, {
      "x" : -0.5998896,
      "y" : -0.2003312,
      "z" : 0.1997792
    } ],
    "faces" : [ {
      "vertices" : [ 2, 3, 6 ]
    }, {
      "vertices" : [ 2, 6, 7 ]
    }, {
      "vertices" : [ 0, 5, 4 ]
    }, {
      "vertices" : [ 0, 4, 1 ]
    }, {
      "vertices" : [ 2, 4, 5 ]
    }, {
      "vertices" : [ 2, 5, 3 ]
    }, {
      "vertices" : [ 0, 6, 3 ]
    }, {
      "vertices" : [ 0, 3, 5 ]
    }, {
      "vertices" : [ 0, 1, 7 ]
    }, {
      "vertices" : [ 0, 7, 6 ]
    }, {
      "vertices" : [ 1, 4, 2 ]
    }, {
      "vertices" : [ 1, 2, 7 ]
    } ]
  }, {
    "id" : "a8d901f6-ba9b-4fd7-a0c3-ec02c6e78989",
    "vertices" : [ {
      "x" : 4.236068,
      "y" : 0.0,
      "z" : -1.618034
    }, {
      "x" : 3.927051,
      "y" : 0.0,
      "z" : -1.5
    }, {
      "x" : 3.5225425,
      "y" : -0.1545085,
      "z" : -1.059017
    }, {
      "x" : 3.3315594,
      "y" : -0.1545085,
      "z" : -1.559017
    }, {
      "x" : 0.9045085,
      "y" : -0.1545085,
      "z" : -0.059016995
    }, {
      "x" : 0.809017,
      "y" : 0.309017,
      "z" : -0.309017
    }, {
      "x" : 0.309017,
      "y" : 0.0,
      "z" : -0.11803399
    }, {
      "x" : 3.427051,
      "y" : 0.309017,
      "z" : -1.309017
    }, {
      "x" : 0.7135255,
      "y" : -0.1545085,
      "z" : -0.559017
    } ],
    "faces" : [ {
      "vertices" : [ 2, 4, 8 ]
    }, {
      "vertices" : [ 2, 8, 3 ]
    }, {
      "vertices" : [ 2, 7, 5 ]
    }, {
      "vertices" : [ 2, 5, 4 ]
    }, {
      "vertices" : [ 4, 6, 8 ]
    }, {
      "vertices" : [ 5, 8, 6 ]
    }, {
      "vertices" : [ 1, 2, 3 ]
    }, {
      "vertices" : [ 3, 8, 5 ]
    }, {
      "vertices" : [ 3, 5, 7 ]
    }, {
      "vertices" : [ 1, 7, 2 ]
    }, {
      "vertices" : [ 1, 3, 7 ]
    }, {
      "vertices" : [ 4, 5, 6 ]
    } ]
  }, {
    "id" : "4db292b7-cd63-44c0-a0c1-238a4e8a0354",
    "vertices" : [ {
      "x" : -2.3773904,
      "y" : 1.074978,
      "z" : 0.53422695
    }, {
      "x" : -2.4773903,
      "y" : 1.174978,
      "z" : 0.13422698
    }, {
      "x" : -0.50457567,
      "y" : 0.5151919,
      "z" : -0.034226976
    }, {
      "x" : -0.40457565,
      "y" : 0.41519192,
      "z" : 0.36577302
    }, {
      "x" : -2.244057,
      "y" : 1.4749781,
      "z" : 0.2675603
    }, {
      "x" : -2.144057,
      "y" : 1.3749781,
      "z" : 0.6675603
    }, {
      "x" : -0.637909,
      "y" : 0.11519191,
      "z" : 0.2324397
    }, {
      "x" : -0.73790896,
      "y" : 0.2151919,
      "z" : -0.16756031
    } ],
    "faces" : [ {
      "vertices" : [ 2, 3, 6 ]
    }, {
      "vertices" : [ 2, 6, 7 ]
    }, {
      "vertices" : [ 0, 5, 4 ]
    }, {
      "vertices" : [ 0, 4, 1 ]
    }, {
      "vertices" : [ 2, 4, 5 ]
    }, {
      "vertices" : [ 2, 5, 3 ]
    }, {
      "vertices" : [ 0, 6, 3 ]
    }, {
      "vertices" : [ 0, 3, 5 ]
    }, {
      "vertices" : [ 0, 1, 7 ]
    }, {
      "vertices" : [ 0, 7, 6 ]
    }, {
      "vertices" : [ 1, 4, 2 ]
    }, {
      "vertices" : [ 1, 2, 7 ]
    } ]
  } ],
  "instances" : [ {
    "shape" : "188de171-1d9e-44d3-b16f-a78a4c5ccb82",
    "color" : "#CCCCCC",
    "position" : {
      "x" : 0.0,
      "y" : 0.0,
      "z" : -3.236068
    },
    "orientation" : 22
  }, {
    "shape" : "c559cb63-07f3-4fd1-bd48-ed9324928ea6",
    "color" : "#F0A000",
    "position" : {
      "x" : 5.0,
      "y" : -0.52786404,
      "z" : 4.236068
    },
    "orientation" : 54
  }, {
    "shape" : "d112c27c-9099-466f-8c0e-a30205a7cad6",
    "color" : "#FFFFFF",
    "position" : {
      "x" : 0.0,
      "y" : -5.236068,
      "z" : -8.472136
    }
  }, {
    "shape" : "d112c27c-9099-466f-8c0e-a30205a7cad6",
    "color" : "#FFFFFF",
    "position" : {
      "x" : 5.0,
      "y" : -0.52786404,
      "z" : 4.236068
    }
  }, {
    "shape" : "d112c27c-9099-466f-8c0e-a30205a7cad6",
    "color" : "#FFFFFF",
    "position" : {
      "x" : -4.236068,
      "y" : -0.52786404,
      "z" : 5.0
    }
  }, {
    "shape" : "d112c27c-9099-466f-8c0e-a30205a7cad6",
    "color" : "#FFFFFF",
    "position" : {
      "x" : 5.0,
      "y" : 11.0,
      "z" : -4.236068
    }
  }, {
    "shape" : "d6c285a3-f431-4bae-96e2-3a31004dc986",
    "color" : "#F0A000",
    "position" : {
      "x" : 5.0,
      "y" : 9.472136,
      "z" : 5.763932
    },
    "orientation" : 19
  }, {
    "shape" : "188de171-1d9e-44d3-b16f-a78a4c5ccb82",
    "color" : "#CCCCCC",
    "position" : {
      "x" : 0.0,
      "y" : 0.0,
      "z" : 3.236068
    },
    "orientation" : 37
  }, {
    "shape" : "d112c27c-9099-466f-8c0e-a30205a7cad6",
    "color" : "#FFFFFF",
    "position" : {
      "x" : -5.763932,
      "y" : 0.23606798,
      "z" : 4.236068
    }
  }, {
    "shape" : "d112c27c-9099-466f-8c0e-a30205a7cad6",
    "color" : "#FFFFFF",
    "position" : {
      "x" : -4.236068,
      "y" : 0.23606798,
      "z" : -5.763932
    }
  }, {
    "shape" : "d112c27c-9099-466f-8c0e-a30205a7cad6",
    "color" : "#FFFFFF",
    "position" : {
      "x" : -5.763932,
      "y" : 9.472136,
      "z" : 5.0
    }
  }, {
    "shape" : "d112c27c-9099-466f-8c0e-a30205a7cad6",
    "color" : "#FFFFFF",
    "position" : {
      "x" : 2.118034,
      "y" : 1.5901699,
      "z" : -2.881966
    }
  }, {
    "shape" : "d112c27c-9099-466f-8c0e-a30205a7cad6",
    "color" : "#FFFFFF",
    "position" : {
      "x" : -5.763932,
      "y" : 10.236068,
      "z" : -4.236068
    }
  }, {
    "shape" : "d6c285a3-f431-4bae-96e2-3a31004dc986",
    "color" : "#F0A000",
    "position" : {
      "x" : -4.236068,
      "y" : -0.52786404,
      "z" : 5.0
    },
    "orientation" : 3
  }, {
    "shape" : "d6c285a3-f431-4bae-96e2-3a31004dc986",
    "color" : "#F0A000",
    "position" : {
      "x" : 4.236068,
      "y" : 11.0,
      "z" : 5.0
    },
    "orientation" : 19
  }, {
    "shape" : "d112c27c-9099-466f-8c0e-a30205a7cad6",
    "color" : "#FFFFFF",
    "position" : {
      "x" : 0.0,
      "y" : 0.0,
      "z" : -2.618034
    }
  }, {
    "shape" : "d6c285a3-f431-4bae-96e2-3a31004dc986",
    "color" : "#F0A000",
    "position" : {
      "x" : -5.763932,
      "y" : 0.23606798,
      "z" : 4.236068
    },
    "orientation" : 3
  }, {
    "shape" : "e41a0a46-bfb2-4feb-84fa-245351d1b2c3",
    "color" : "#CCCCCC",
    "position" : {
      "x" : 0.0,
      "y" : -16.944271,
      "z" : 3.236068
    },
    "orientation" : 47
  }, {
    "shape" : "d112c27c-9099-466f-8c0e-a30205a7cad6",
    "color" : "#FFFFFF",
    "position" : {
      "x" : -5.0,
      "y" : 9.472136,
      "z" : -5.763932
    }
  }, {
    "shape" : "d6c285a3-f431-4bae-96e2-3a31004dc986",
    "color" : "#F0A000",
    "position" : {
      "x" : -5.763932,
      "y" : 10.236068,
      "z" : -4.236068
    },
    "orientation" : 5
  }, {
    "shape" : "d112c27c-9099-466f-8c0e-a30205a7cad6",
    "color" : "#FFFFFF",
    "position" : {
      "x" : 4.236068,
      "y" : 0.23606798,
      "z" : 5.763932
    }
  }, {
    "shape" : "d6c285a3-f431-4bae-96e2-3a31004dc986",
    "color" : "#F0A000",
    "position" : {
      "x" : -5.0,
      "y" : 9.472136,
      "z" : -5.763932
    },
    "orientation" : 5
  }, {
    "shape" : "d112c27c-9099-466f-8c0e-a30205a7cad6",
    "color" : "#FFFFFF",
    "position" : {
      "x" : -5.0,
      "y" : 11.0,
      "z" : 4.236068
    }
  }, {
    "shape" : "e41a0a46-bfb2-4feb-84fa-245351d1b2c3",
    "color" : "#CCCCCC",
    "position" : {
      "x" : 0.0,
      "y" : -5.236068,
      "z" : 8.472136
    },
    "orientation" : 16
  }, {
    "shape" : "335f0696-1322-4522-b6b4-8f22b783ada5",
    "color" : "#FFFFFF",
    "position" : {
      "x" : -2.118034,
      "y" : 1.5901699,
      "z" : 2.881966
    },
    "orientation" : 45
  }, {
    "shape" : "335f0696-1322-4522-b6b4-8f22b783ada5",
    "color" : "#FFFFFF",
    "position" : {
      "x" : 2.118034,
      "y" : 1.5901699,
      "z" : -2.881966
    },
    "orientation" : 0
  }, {
    "shape" : "a8d901f6-ba9b-4fd7-a0c3-ec02c6e78989",
    "color" : "#F0A000",
    "position" : {
      "x" : -4.236068,
      "y" : -0.52786404,
      "z" : 5.0
    },
    "orientation" : 3
  }, {
    "shape" : "d112c27c-9099-466f-8c0e-a30205a7cad6",
    "color" : "#FFFFFF",
    "position" : {
      "x" : -5.0,
      "y" : 1.0,
      "z" : 5.763932
    }
  }, {
    "shape" : "d112c27c-9099-466f-8c0e-a30205a7cad6",
    "color" : "#FFFFFF",
    "position" : {
      "x" : -5.0,
      "y" : -0.52786404,
      "z" : -4.236068
    }
  }, {
    "shape" : "188de171-1d9e-44d3-b16f-a78a4c5ccb82",
    "color" : "#CCCCCC",
    "position" : {
      "x" : 0.0,
      "y" : -11.708204,
      "z" : 8.472136
    },
    "orientation" : 22
  }, {
    "shape" : "d112c27c-9099-466f-8c0e-a30205a7cad6",
    "color" : "#FFFFFF",
    "position" : {
      "x" : -5.763932,
      "y" : 1.0,
      "z" : -5.0
    }
  }, {
    "shape" : "d6c285a3-f431-4bae-96e2-3a31004dc986",
    "color" : "#F0A000",
    "position" : {
      "x" : 4.236068,
      "y" : -0.52786404,
      "z" : -5.0
    },
    "orientation" : 4
  }, {
    "shape" : "c559cb63-07f3-4fd1-bd48-ed9324928ea6",
    "color" : "#F0A000",
    "position" : {
      "x" : -5.0,
      "y" : -0.52786404,
      "z" : -4.236068
    },
    "orientation" : 9
  }, {
    "shape" : "d6c285a3-f431-4bae-96e2-3a31004dc986",
    "color" : "#F0A000",
    "position" : {
      "x" : 5.763932,
      "y" : 10.236068,
      "z" : 4.236068
    },
    "orientation" : 19
  }, {
    "shape" : "d112c27c-9099-466f-8c0e-a30205a7cad6",
    "color" : "#FFFFFF",
    "position" : {
      "x" : 0.0,
      "y" : -11.708204,
      "z" : -8.472136
    }
  }, {
    "shape" : "d112c27c-9099-466f-8c0e-a30205a7cad6",
    "color" : "#FFFFFF",
    "position" : {
      "x" : 0.0,
      "y" : -5.236068,
      "z" : 8.472136
    }
  }, {
    "shape" : "d112c27c-9099-466f-8c0e-a30205a7cad6",
    "color" : "#FFFFFF",
    "position" : {
      "x" : 2.881966,
      "y" : 1.5901699,
      "z" : 2.118034
    }
  }, {
    "shape" : "4db292b7-cd63-44c0-a0c1-238a4e8a0354",
    "color" : "#FFFFFF",
    "position" : {
      "x" : 0.0,
      "y" : 0.0,
      "z" : -2.618034
    },
    "orientation" : 0
  }, {
    "shape" : "d112c27c-9099-466f-8c0e-a30205a7cad6",
    "color" : "#FFFFFF",
    "position" : {
      "x" : 5.0,
      "y" : 1.0,
      "z" : -5.763932
    }
  }, {
    "shape" : "a8d901f6-ba9b-4fd7-a0c3-ec02c6e78989",
    "color" : "#F0A000",
    "position" : {
      "x" : 4.236068,
      "y" : -0.52786404,
      "z" : -5.0
    },
    "orientation" : 4
  }, {
    "shape" : "d112c27c-9099-466f-8c0e-a30205a7cad6",
    "color" : "#FFFFFF",
    "position" : {
      "x" : 5.763932,
      "y" : 9.472136,
      "z" : -5.0
    }
  }, {
    "shape" : "d6c285a3-f431-4bae-96e2-3a31004dc986",
    "color" : "#F0A000",
    "position" : {
      "x" : 5.0,
      "y" : 1.0,
      "z" : -5.763932
    },
    "orientation" : 4
  }, {
    "shape" : "d112c27c-9099-466f-8c0e-a30205a7cad6",
    "color" : "#FFFFFF",
    "position" : {
      "x" : 0.0,
      "y" : 0.0,
      "z" : -3.236068
    }
  }, {
    "shape" : "a8d901f6-ba9b-4fd7-a0c3-ec02c6e78989",
    "color" : "#F0A000",
    "position" : {
      "x" : -5.0,
      "y" : -0.52786404,
      "z" : -4.236068
    },
    "orientation" : 9
  }, {
    "shape" : "d112c27c-9099-466f-8c0e-a30205a7cad6",
    "color" : "#FFFFFF",
    "position" : {
      "x" : 5.763932,
      "y" : 0.23606798,
      "z" : -4.236068
    }
  }, {
    "shape" : "d112c27c-9099-466f-8c0e-a30205a7cad6",
    "color" : "#FFFFFF",
    "position" : {
      "x" : 5.0,
      "y" : 9.472136,
      "z" : 5.763932
    }
  }, {
    "shape" : "4db292b7-cd63-44c0-a0c1-238a4e8a0354",
    "color" : "#FFFFFF",
    "position" : {
      "x" : 0.0,
      "y" : 0.0,
      "z" : 2.618034
    },
    "orientation" : 45
  }, {
    "shape" : "188de171-1d9e-44d3-b16f-a78a4c5ccb82",
    "color" : "#CCCCCC",
    "position" : {
      "x" : 0.0,
      "y" : -11.708204,
      "z" : -8.472136
    },
    "orientation" : 37
  }, {
    "shape" : "c559cb63-07f3-4fd1-bd48-ed9324928ea6",
    "color" : "#F0A000",
    "position" : {
      "x" : -4.236068,
      "y" : -0.52786404,
      "z" : 5.0
    },
    "orientation" : 3
  }, {
    "shape" : "a8d901f6-ba9b-4fd7-a0c3-ec02c6e78989",
    "color" : "#F0A000",
    "position" : {
      "x" : 5.0,
      "y" : -0.52786404,
      "z" : 4.236068
    },
    "orientation" : 54
  }, {
    "shape" : "d112c27c-9099-466f-8c0e-a30205a7cad6",
    "color" : "#FFFFFF",
    "position" : {
      "x" : 0.0,
      "y" : -16.944271,
      "z" : -3.236068
    }
  }, {
    "shape" : "e41a0a46-bfb2-4feb-84fa-245351d1b2c3",
    "color" : "#CCCCCC",
    "position" : {
      "x" : 0.0,
      "y" : -5.236068,
      "z" : -8.472136
    },
    "orientation" : 16
  }, {
    "shape" : "d112c27c-9099-466f-8c0e-a30205a7cad6",
    "color" : "#FFFFFF",
    "position" : {
      "x" : 0.0,
      "y" : 0.0,
      "z" : 2.618034
    }
  }, {
    "shape" : "d112c27c-9099-466f-8c0e-a30205a7cad6",
    "color" : "#FFFFFF",
    "position" : {
      "x" : 4.236068,
      "y" : -0.52786404,
      "z" : -5.0
    }
  }, {
    "shape" : "c559cb63-07f3-4fd1-bd48-ed9324928ea6",
    "color" : "#F0A000",
    "position" : {
      "x" : 4.236068,
      "y" : -0.52786404,
      "z" : -5.0
    },
    "orientation" : 4
  }, {
    "shape" : "d112c27c-9099-466f-8c0e-a30205a7cad6",
    "color" : "#FFFFFF",
    "position" : {
      "x" : 5.763932,
      "y" : 1.0,
      "z" : 5.0
    }
  }, {
    "shape" : "d112c27c-9099-466f-8c0e-a30205a7cad6",
    "color" : "#FFFFFF",
    "position" : {
      "x" : 4.236068,
      "y" : 11.0,
      "z" : 5.0
    }
  }, {
    "shape" : "d112c27c-9099-466f-8c0e-a30205a7cad6",
    "color" : "#FFFFFF",
    "position" : {
      "x" : 0.0,
      "y" : 0.0,
      "z" : 3.236068
    }
  }, {
    "shape" : "e41a0a46-bfb2-4feb-84fa-245351d1b2c3",
    "color" : "#CCCCCC",
    "position" : {
      "x" : 0.0,
      "y" : 0.0,
      "z" : -3.236068
    },
    "orientation" : 2
  }, {
    "shape" : "d112c27c-9099-466f-8c0e-a30205a7cad6",
    "color" : "#FFFFFF",
    "position" : {
      "x" : -2.881966,
      "y" : 1.5901699,
      "z" : -2.118034
    }
  }, {
    "shape" : "d112c27c-9099-466f-8c0e-a30205a7cad6",
    "color" : "#FFFFFF",
    "position" : {
      "x" : -2.118034,
      "y" : 1.5901699,
      "z" : 2.881966
    }
  }, {
    "shape" : "d112c27c-9099-466f-8c0e-a30205a7cad6",
    "color" : "#FFFFFF",
    "position" : {
      "x" : 0.0,
      "y" : -16.944271,
      "z" : 3.236068
    }
  }, {
    "shape" : "d6c285a3-f431-4bae-96e2-3a31004dc986",
    "color" : "#F0A000",
    "position" : {
      "x" : -5.0,
      "y" : 1.0,
      "z" : 5.763932
    },
    "orientation" : 3
  }, {
    "shape" : "d112c27c-9099-466f-8c0e-a30205a7cad6",
    "color" : "#FFFFFF",
    "position" : {
      "x" : -4.236068,
      "y" : 11.0,
      "z" : -5.0
    }
  }, {
    "shape" : "d112c27c-9099-466f-8c0e-a30205a7cad6",
    "color" : "#FFFFFF",
    "position" : {
      "x" : 4.236068,
      "y" : 10.236068,
      "z" : -5.763932
    }
  }, {
    "shape" : "d6c285a3-f431-4bae-96e2-3a31004dc986",
    "color" : "#F0A000",
    "position" : {
      "x" : -4.236068,
      "y" : 11.0,
      "z" : -5.0
    },
    "orientation" : 5
  }, {
    "shape" : "d6c285a3-f431-4bae-96e2-3a31004dc986",
    "color" : "#F0A000",
    "position" : {
      "x" : 5.763932,
      "y" : 0.23606798,
      "z" : -4.236068
    },
    "orientation" : 4
  }, {
    "shape" : "d112c27c-9099-466f-8c0e-a30205a7cad6",
    "color" : "#FFFFFF",
    "position" : {
      "x" : 5.763932,
      "y" : 10.236068,
      "z" : 4.236068
    }
  }, {
    "shape" : "d112c27c-9099-466f-8c0e-a30205a7cad6",
    "color" : "#FFFFFF",
    "position" : {
      "x" : 0.0,
      "y" : -11.708204,
      "z" : 8.472136
    }
  }, {
    "shape" : "d112c27c-9099-466f-8c0e-a30205a7cad6",
    "color" : "#FFFFFF",
    "position" : {
      "x" : -4.236068,
      "y" : 10.236068,
      "z" : 5.763932
    }
  } ]
}