{
  "field" : "golden",
  "symmetry" : "icosahedral",
  "orientations" : [ [ 1.0, 0.0, 0.0, 0.0, 0.0, 1.0, 0.0, 0.0, 0.0, 0.0, 1.0, 0.0, 0.0, 0.0, 0.0, 1.0 ], [ 0.0, 0.0, 1.0, 0.0, 1.0, 0.0, 0.0, 0.0, 0.0, 1.0, 0.0, 0.0, 0.0, 0.0, 0.0, 1.0 ], [ 0.0, 1.0, 0.0, 0.0, 0.0, 0.0, 1.0, 0.0, 1.0, 0.0, 0.0, 0.0, 0.0, 0.0, 0.0, 1.0 ], [ 0.809017, 0.309017, 0.5, 0.0, 0.309017, 0.5, -0.809017, 0.0, -0.5, 0.809017, 0.309017, 0.0, 0.0, 0.0, 0.0, 1.0 ], [ -0.5, 0.809017, 0.309017, 0.0, 0.809017, 0.309017, 0.5, 0.0, 0.309017, 0.5, -0.809017, 0.0, 0.0, 0.0, 0.0, 1.0 ], [ 0.309017, 0.5, -0.809017, 0.0, -0.5, 0.809017, 0.309017, 0.0, 0.809017, 0.309017, 0.5, 0.0, 0.0, 0.0, 0.0, 1.0 ], [ 0.5, 0.809017, 0.309017, 0.0, 0.809017, -0.309017, -0.5, 0.0, -0.309017, 0.5, -0.809017, 0.0, 0.0, 0.0, 0.0, 1.0 ], [ -0.309017, 0.5, -0.809017, 0.0, 0.5, 0.809017, 0.309017, 0.0, 0.809017, -0.309017, -0.5, 0.0, 0.0, 0.0, 0.0, 1.0 ], [ 0.809017, -0.309017, -0.5, 0.0, -0.309017, 0.5, -0.809017, 0.0, 0.5, 0.809017, 0.309017, 0.0, 0.0, 0.0, 0.0, 1.0 ], [ 0.5, 0.809017, -0.309017, 0.0, 0.809017, -0.309017, 0.5, 0.0, 0.309017, -0.5, -0.809017, 0.0, 0.0, 0.0, 0.0, 1.0 ], [ 0.309017, -0.5, -0.809017, 0.0, 0.5, 0.809017, -0.309017, 0.0, 0.809017, -0.309017, 0.5, 0.0, 0.0, 0.0, 0.0, 1.0 ], [ 0.809017, -0.309017, 0.5, 0.0, 0.309017, -0.5, -0.809017, 0.0, 0.5, 0.809017, -0.309017, 0.0, 0.0, 0.0, 0.0, 1.0 ], [ 0.809017, 0.309017, -0.5, 0.0, 0.309017, 0.5, 0.809017, 0.0, 0.5, -0.809017, 0.309017, 0.0, 0.0, 0.0, 0.0, 1.0 ], [ 0.5, -0.809017, 0.309017, 0.0, 0.809017, 0.309017, -0.5, 0.0, 0.309017, 0.5, 0.809017, 0.0, 0.0, 0.0, 0.0, 1.0 ], [ 0.309017, 0.5, 0.809017, 0.0, 0.5, -0.809017, 0.309017, 0.0, 0.809017, 0.309017, -0.5, 0.0, 0.0, 0.0, 0.0, 1.0 ], [ 1.0, 0.0, 0.0, 0.0, 0.0, -1.0, 0.0, 0.0, 0.0, 0.0, -1.0, 0.0, 0.0, 0.0, 0.0, 1.0 ], [ 0.0, 0.0, 1.0, 0.0, -1.0, 0.0, 0.0, 0.0, 0.0, -1.0, 0.0, 0.0, 0.0, 0.0, 0.0, 1.0 ], [ 0.0, 1.0, 0.0, 0.0, 0.0, 0.0, -1.0, 0.0, -1.0, 0.0, 0.0, 0.0, 0.0, 0.0, 0.0, 1.0 ], [ 0.809017, 0.309017, 0.5, 0.0, -0.309017, -0.5, 0.809017, 0.0, 0.5, -0.809017, -0.309017, 0.0, 0.0, 0.0, 0.0, 1.0 ], [ -0.5, 0.809017, 0.309017, 0.0, -0.809017, -0.309017, -0.5, 0.0, -0.309017, -0.5, 0.809017, 0.0, 0.0, 0.0, 0.0, 1.0 ], [ 0.309017, 0.5, -0.809017, 0.0, 0.5, -0.809017, -0.309017, 0.0, -0.809017, -0.309017, -0.5, 0.0, 0.0, 0.0, 0.0, 1.0 ], [ 0.5, 0.809017, 0.309017, 0.0, -0.809017, 0.309017, 0.5, 0.0, 0.309017, -0.5, 0.809017, 0.0, 0.0, 0.0, 0.0, 1.0 ], [ -0.309017, 0.5, -0.809017, 0.0, -0.5, -0.809017, -0.309017, 0.0, -0.809017, 0.309017, 0.5, 0.0, 0.0, 0.0, 0.0, 1.0 ], [ 0.809017, -0.309017, -0.5, 0.0, 0.309017, -0.5, 0.809017, 0.0, -0.5, -0.809017, -0.309017, 0.0, 0.0, 0.0, 0.0, 1.0 ], [ 0.5, 0.809017, -0.309017, 0.0, -0.809017, 0.309017, -0.5, 0.0, -0.309017, 0.5, 0.809017, 0.0, 0.0, 0.0, 0.0, 1.0 ], [ 0.309017, -0.5, -0.809017, 0.0, -0.5, -0.809017, 0.309017, 0.0, -0.809017, 0.309017, -0.5, 0.0, 0.0, 0.0, 0.0, 1.0 ], [ 0.809017, -0.309017, 0.5, 0.0, -0.309017, 0.5, 0.809017, 0.0, -0.5, -0.809017, 0.309017, 0.0, 0.0, 0.0, 0.0, 1.0 ], [ 0.809017, 0.309017, -0.5, 0.0, -0.309017, -0.5, -0.809017, 0.0, -0.5, 0.809017, -0.309017, 0.0, 0.0, 0.0, 0.0, 1.0 ], [ 0.5, -0.809017, 0.309017, 0.0, -0.809017, -0.309017, 0.5, 0.0, -0.309017, -0.5, -0.809017, 0.0, 0.0, 0.0, 0.0, 1.0 ], [ 0.309017, 0.5, 0.809017, 0.0, -0.5, 0.809017, -0.309017, 0.0, -0.809017, -0.309017, 0.5, 0.0, 0.0, 0.0, 0.0, 1.0 ], [ -1.0, 0.0, 0.0, 0.0, 0.0, -1.0, 0.0, 0.0, 0.0, 0.0, 1.0, 0.0, 0.0, 0.0, 0.0, 1.0 ], [ 0.0, 0.0, -1.0, 0.0, -1.0, 0.0, 0.0, 0.0, 0.0, 1.0, 0.0, 0.0, 0.0, 0.0, 0.0, 1.0 ], [ 0.0, -1.0, 0.0, 0.0, 0.0, 0.0, -1.0, 0.0, 1.0, 0.0, 0.0, 0.0, 0.0, 0.0, 0.0, 1.0 ], [ -0.809017, -0.309017, -0.5, 0.0, -0.309017, -0.5, 0.809017, 0.0, -0.5, 0.809017, 0.309017, 0.0, 0.0, 0.0, 0.0, 1.0 ], [ 0.5, -0.809017, -0.309017, 0.0, -0.809017, -0.309017, -0.5, 0.0, 0.309017, 0.5, -0.809017, 0.0, 0.0, 0.0, 0.0, 1.0 ], [ -0.309017, -0.5, 0.809017, 0.0, 0.5, -0.809017, -0.309017, 0.0, 0.809017, 0.309017, 0.5, 0.0, 0.0, 0.0, 0.0, 1.0 ], [ -0.5, -0.809017, -0.309017, 0.0, -0.809017, 0.309017, 0.5, 0.0, -0.309017, 0.5, -0.809017, 0.0, 0.0, 0.0, 0.0, 1.0 ], [ 0.309017, -0.5, 0.809017, 0.0, -0.5, -0.809017, -0.309017, 0.0, 0.809017, -0.309017, -0.5, 0.0, 0.0, 0.0, 0.0, 1.0 ], [ -0.809017, 0.309017, 0.5, 0.0, 0.309017, -0.5, 0.809017, 0.0, 0.5, 0.809017, 0.309017, 0.0, 0.0, 0.0, 0.0, 1.0 ], [ -0.5, -0.809017, 0.309017, 0.0, -0.809017, 0.309017, -0.5, 0.0, 0.309017, -0.5, -0.809017, 0.0, 0.0, 0.0, 0.0, 1.0 ], [ -0.309017, 0.5, 0.809017, 0.0, -0.5, -0.809017, 0.309017, 0.0, 0.809017, -0.309017, 0.5, 0.0, 0.0, 0.0, 0.0, 1.0 ], [ -0.809017, 0.309017, -0.5, 0.0, -0.309017, 0.5, 0.809017, 0.0, 0.5, 0.809017, -0.309017, 0.0, 0.0, 0.0, 0.0, 1.0 ], [ -0.809017, -0.309017, 0.5, 0.0, -0.309017, -0.5, -0.809017, 0.0, 0.5, -0.809017, 0.309017, 0.0, 0.0, 0.0, 0.0, 1.0 ], [ -0.5, 0.809017, -0.309017, 0.0, -0.809017, -0.309017, 0.5, 0.0, 0.309017, 0.5, 0.809017, 0.0, 0.0, 0.0, 0.0, 1.0 ], [ -0.309017, -0.5, -0.809017, 0.0, -0.5, 0.809017, -0.309017, 0.0, 0.809017, 0.309017, -0.5, 0.0, 0.0, 0.0, 0.0, 1.0 ], [ -1.0, 0.0, 0.0, 0.0, 0.0, 1.0, 0.0, 0.0, 0.0, 0.0, -1.0, 0.0, 0.0, 0.0, 0.0, 1.0 ], [ 0.0, 0.0, -1.0, 0.0, 1.0, 0.0, 0.0, 0.0, 0.0, -1.0, 0.0, 0.0, 0.0, 0.0, 0.0, 1.0 ], [ 0.0, -1.0, 0.0, 0.0, 0.0, 0.0, 1.0, 0.0, -1.0, 0.0, 0.0, 0.0, 0.0, 0.0, 0.0, 1.0 ], [ -0.809017, -0.309017, -0.5, 0.0, 0.309017, 0.5, -0.809017, 0.0, 0.5, -0.809017, -0.309017, 0.0, 0.0, 0.0, 0.0, 1.0 ], [ 0.5, -0.809017, -0.309017, 0.0, 0.809017, 0.309017, 0.5, 0.0, -0.309017, -0.5, 0.809017, 0.0, 0.0, 0.0, 0.0, 1.0 ], [ -0.309017, -0.5, 0.809017, 0.0, -0.5, 0.809017, 0.309017, 0.0, -0.809017, -0.309017, -0.5, 0.0, 0.0, 0.0, 0.0, 1.0 ], [ -0.5, -0.809017, -0.309017, 0.0, 0.809017, -0.309017, -0.5, 0.0, 0.309017, -0.5, 0.809017, 0.0, 0.0, 0.0, 0.0, 1.0 ], [ 0.309017, -0.5, 0.809017, 0.0, 0.5, 0.809017, 0.309017, 0.0, -0.809017, 0.309017, 0.5, 0.0, 0.0, 0.0, 0.0, 1.0 ], [ -0.809017, 0.309017, 0.5, 0.0, -0.309017, 0.5, -0.809017, 0.0, -0.5, -0.809017, -0.309017, 0.0, 0.0, 0.0, 0.0, 1.0 ], [ -0.5, -0.809017, 0.309017, 0.0, 0.809017, -0.309017, 0.5, 0.0, -0.309017, 0.5, 0.809017, 0.0, 0.0, 0.0, 0.0, 1.0 ], [ -0.309017, 0.5, 0.809017, 0.0, 0.5, 0.809017, -0.309017, 0.0, -0.809017, 0.309017, -0.5, 0.0, 0.0, 0.0, 0.0, 1.0 ], [ -0.809017, 0.309017, -0.5, 0.0, 0.309017, -0.5, -0.809017, 0.0, -0.5, -0.809017, 0.309017, 0.0, 0.0, 0.0, 0.0, 1.0 ], [ -0.809017, -0.309017, 0.5, 0.0, 0.309017, 0.5, 0.809017, 0.0, -0.5, 0.809017, -0.309017, 0.0, 0.0, 0.0, 0.0, 1.0 ], [ -0.5, 0.809017, -0.309017, 0.0, 0.809017, 0.309017, -0.5, 0.0, -0.309017, -0.5, -0.809017, 0.0, 0.0, 0.0, 0.0, 1.0 ], [ -0.309017, -0.5, -0.809017, 0.0, 0.5, -0.809017, 0.309017, 0.0, -0.809017, -0.309017, 0.5, 0.0, 0.0, 0.0, 0.0, 1.0 ] ],
  "lights" : {
    "backgroundColor" : "#E0EFFF",
    "ambientColor" : "#292929",
    "directionalLights" : [ {
      "direction" : {
        "x" : 1.0,
        "y" : -1.0,
        "z" : -1.0
      },
      "color" : "#EBEBE4"
    }, {
      "direction" : {
        "x" : -1.0,
        "y" : 0.0,
        "z" : 0.0
      },
      "color" : "#E4E4EB"
    }, {
      "direction" : {
        "x" : 0.0,
        "y" : 0.0,
        "z" : -1.0
      },
      "color" : "#1E1E1E"
    } ]
  },
  "camera" : {
    "lookDirection" : {
      "x" : 0.0,
      "y" : 0.0,
      "z" : -1.0
    },
    "upDirection" : {
      "x" : 0.0,
      "y" : 1.0,
      "z" : 0.0
    },
    "lookAtPoint" : {
      "x" : 0.0,
      "y" : 0.0,
      "z" : 0.0
    },
    "viewDistance" : 313.83878,
    "nearClipDistance" : 0.78459966,
    "farClipDistance" : 627.67865,
    "fieldOfView" : 0.44262952,
    "perspective" : true,
    "stereo" : false,
    "width" : 141.22766,
    "position" : {
      "x" : 0.0,
      "y" : 0.0,
      "z" : 313.83878
    }
  },
  "embedding" : [ 1.0, 0.0, 0.0, 0.0, 0.0, 1.0, 0.0, 0.0, 0.0, 0.0, 1.0, 0.0, 0.0, 0.0, 0.0, 1.0 ],
  "shapes" : [ {
    "id" : "482dff93-83db-4f6d-bc52-07a46ed4db6b",
    "vertices" : [ {
      "x" : 26.2619,
      "y" : -1.3424746,
      "z" : -13.545797
    }, {
      "x" : 36.805832,
      "y" : 0.0,
      "z" : -14.058577
    }, {
      "x" : -14.058577,
      "y" : -36.805832,
      "z" : 0.0
    }, {
      "x" : -10.031153,
      "y" : -27.604374,
      "z" : -3.5146441
    } ],
    "faces" : [ {
      "vertices" : [ 0, 1, 2 ]
    }, {
      "vertices" : [ 0, 2, 3 ]
    }, {
      "vertices" : [ 0, 3, 2 ]
    }, {
      "vertices" : [ 0, 2, 1 ]
    } ]
  }, {
    "id" : "5aa49950-1bad-4dbf-accb-21eeecf64f6e",
    "vertices" : [ {
      "x" : -27.604374,
      "y" : 3.5146441,
      "z" : -10.031153
    }, {
      "x" : -36.805832,
      "y" : 0.0,
      "z" : -14.058577
    }, {
      "x" : 22.747255,
      "y" : 22.747255,
      "z" : -22.747255
    }, {
      "x" : 14.888271,
      "y" : 19.74539,
      "z" : -16.230747
    } ],
    "faces" : [ {
      "vertices" : [ 0, 1, 2 ]
    }, {
      "vertices" : [ 0, 2, 3 ]
    }, {
      "vertices" : [ 0, 3, 2 ]
    }, {
      "vertices" : [ 0, 2, 1 ]
    } ]
  }, {
    "id" : "485fd313-4e5f-4960-9ea0-8642e160ea45",
    "vertices" : [ {
      "x" : 1.3424746,
      "y" : 13.545797,
      "z" : 26.2619
    }, {
      "x" : 0.0,
      "y" : 14.058577,
      "z" : 36.805832
    }, {
      "x" : 36.805832,
      "y" : 0.0,
      "z" : -14.058577
    }, {
      "x" : 27.604374,
      "y" : 3.5146441,
      "z" : -10.031153
    } ],
    "faces" : [ {
      "vertices" : [ 0, 1, 2 ]
    }, {
      "vertices" : [ 0, 2, 3 ]
    }, {
      "vertices" : [ 0, 3, 2 ]
    }, {
      "vertices" : [ 0, 2, 1 ]
    } ]
  }, {
    "id" : "9291e43e-d516-48d5-9530-ef26eac73d85",
    "vertices" : [ {
      "x" : 14.888271,
      "y" : -19.74539,
      "z" : -16.230747
    }, {
      "x" : 22.747255,
      "y" : -22.747255,
      "z" : -22.747255
    }, {
      "x" : 0.0,
      "y" : -14.058577,
      "z" : 36.805832
    }, {
      "x" : -1.3424746,
      "y" : -13.545797,
      "z" : 26.2619
    } ],
    "faces" : [ {
      "vertices" : [ 0, 1, 2 ]
    }, {
      "vertices" : [ 0, 2, 3 ]
    }, {
      "vertices" : [ 0, 3, 2 ]
    }, {
      "vertices" : [ 0, 2, 1 ]
    } ]
  }, {
    "id" : "e66c6f92-4c3d-475c-bd91-18428673a29a",
    "vertices" : [ {
      "x" : -7.8589835,
      "y" : -28.434069,
      "z" : 2.1721697
    }, {
      "x" : -14.058577,
      "y" : -36.805832,
      "z" : 0.0
    }, {
      "x" : 36.805832,
      "y" : 0.0,
      "z" : -14.058577
    }, {
      "x" : 28.434069,
      "y" : -2.1721697,
      "z" : -7.8589835
    } ],
    "faces" : [ {
      "vertices" : [ 0, 1, 2 ]
    }, {
      "vertices" : [ 0, 2, 3 ]
    }, {
      "vertices" : [ 0, 3, 2 ]
    }, {
      "vertices" : [ 0, 2, 1 ]
    } ]
  }, {
    "id" : "b202ff4a-2fd8-4082-b18d-1d5e70f71047",
    "vertices" : [ {
      "x" : 7.8589835,
      "y" : -28.434069,
      "z" : -2.1721697
    }, {
      "x" : 14.058577,
      "y" : -36.805832,
      "z" : 0.0
    }, {
      "x" : -36.805832,
      "y" : 0.0,
      "z" : 14.058577
    }, {
      "x" : -28.434069,
      "y" : -2.1721697,
      "z" : 7.8589835
    } ],
    "faces" : [ {
      "vertices" : [ 0, 1, 2 ]
    }, {
      "vertices" : [ 0, 2, 3 ]
    }, {
      "vertices" : [ 0, 3, 2 ]
    }, {
      "vertices" : [ 0, 2, 1 ]
    } ]
  }, {
    "id" : "21eea486-8c26-4ae1-99be-d0afad85770f",
    "vertices" : [ {
      "x" : 3.5146441,
      "y" : 10.031153,
      "z" : -27.604374
    }, {
      "x" : 0.0,
      "y" : 14.058577,
      "z" : -36.805832
    }, {
      "x" : 22.747255,
      "y" : 22.747255,
      "z" : 22.747255
    }, {
      "x" : 19.74539,
      "y" : 16.230747,
      "z" : 14.888271
    } ],
    "faces" : [ {
      "vertices" : [ 0, 1, 2 ]
    }, {
      "vertices" : [ 0, 2, 3 ]
    }, {
      "vertices" : [ 0, 3, 2 ]
    }, {
      "vertices" : [ 0, 2, 1 ]
    } ]
  }, {
    "id" : "45c8cd3b-68a7-4661-b860-01a1c3cfc55f",
    "vertices" : [ {
      "x" : -2.1721697,
      "y" : -7.8589835,
      "z" : -28.434069
    }, {
      "x" : 0.0,
      "y" : -14.058577,
      "z" : -36.805832
    }, {
      "x" : 14.058577,
      "y" : 36.805832,
      "z" : 0.0
    }, {
      "x" : 7.8589835,
      "y" : 28.434069,
      "z" : -2.1721697
    } ],
    "faces" : [ {
      "vertices" : [ 0, 1, 2 ]
    }, {
      "vertices" : [ 0, 2, 3 ]
    }, {
      "vertices" : [ 0, 3, 2 ]
    }, {
      "vertices" : [ 0, 2, 1 ]
    } ]
  }, {
    "id" : "c006caa5-45af-4df8-8022-022f6949750d",
    "vertices" : [ {
      "x" : 19.74539,
      "y" : 16.230747,
      "z" : 14.888271
    }, {
      "x" : 22.747255,
      "y" : 22.747255,
      "z" : 22.747255
    }, {
      "x" : 14.058577,
      "y" : -36.805832,
      "z" : 0.0
    }, {
      "x" : 13.545797,
      "y" : -26.2619,
      "z" : -1.3424746
    } ],
    "faces" : [ {
      "vertices" : [ 0, 1, 2 ]
    }, {
      "vertices" : [ 0, 2, 3 ]
    }, {
      "vertices" : [ 0, 3, 2 ]
    }, {
      "vertices" : [ 0, 2, 1 ]
    } ]
  }, {
    "id" : "53ae7745-a428-416f-8928-9d10a34bbb8c",
    "vertices" : [ {
      "x" : -14.058577,
      "y" : -18.402916,
      "z" : 18.402916
    }, {
      "x" : -22.747255,
      "y" : -22.747255,
      "z" : 22.747255
    }, {
      "x" : 22.747255,
      "y" : 22.747255,
      "z" : 22.747255
    }, {
      "x" : 18.402916,
      "y" : 14.058577,
      "z" : 18.402916
    } ],
    "faces" : [ {
      "vertices" : [ 0, 1, 2 ]
    }, {
      "vertices" : [ 0, 2, 3 ]
    }, {
      "vertices" : [ 0, 3, 2 ]
    }, {
      "vertices" : [ 0, 2, 1 ]
    } ]
  }, {
    "id" : "d21f8ecd-75c7-4b37-b0a3-37bc7e40f8b9",
    "vertices" : [ {
      "x" : -28.434069,
      "y" : 2.1721697,
      "z" : 7.8589835
    }, {
      "x" : -36.805832,
      "y" : 0.0,
      "z" : 14.058577
    }, {
      "x" : 0.0,
      "y" : -14.058577,
      "z" : -36.805832
    }, {
      "x" : -2.1721697,
      "y" : -7.8589835,
      "z" : -28.434069
    } ],
    "faces" : [ {
      "vertices" : [ 0, 1, 2 ]
    }, {
      "vertices" : [ 0, 2, 3 ]
    }, {
      "vertices" : [ 0, 3, 2 ]
    }, {
      "vertices" : [ 0, 2, 1 ]
    } ]
  }, {
    "id" : "d5bd5685-de9c-44d0-b2bf-7bbe02349396",
    "vertices" : [ {
      "x" : -14.058577,
      "y" : 18.402916,
      "z" : -18.402916
    }, {
      "x" : -22.747255,
      "y" : 22.747255,
      "z" : -22.747255
    }, {
      "x" : 22.747255,
      "y" : -22.747255,
      "z" : -22.747255
    }, {
      "x" : 18.402916,
      "y" : -14.058577,
      "z" : -18.402916
    } ],
    "faces" : [ {
      "vertices" : [ 0, 1, 2 ]
    }, {
      "vertices" : [ 0, 2, 3 ]
    }, {
      "vertices" : [ 0, 3, 2 ]
    }, {
      "vertices" : [ 0, 2, 1 ]
    } ]
  }, {
    "id" : "453151a1-b1ea-45af-bd1e-eaafe9cf8639",
    "vertices" : [ {
      "x" : -26.2619,
      "y" : -1.3424746,
      "z" : 13.545797
    }, {
      "x" : -36.805832,
      "y" : 0.0,
      "z" : 14.058577
    }, {
      "x" : 14.058577,
      "y" : -36.805832,
      "z" : 0.0
    }, {
      "x" : 10.031153,
      "y" : -27.604374,
      "z" : 3.5146441
    } ],
    "faces" : [ {
      "vertices" : [ 0, 1, 2 ]
    }, {
      "vertices" : [ 0, 2, 3 ]
    }, {
      "vertices" : [ 0, 3, 2 ]
    }, {
      "vertices" : [ 0, 2, 1 ]
    } ]
  }, {
    "id" : "48ad3de0-6dfb-4609-8070-808bc430a5ea",
    "vertices" : [ {
      "x" : -16.230747,
      "y" : 14.888271,
      "z" : -19.74539
    }, {
      "x" : -22.747255,
      "y" : 22.747255,
      "z" : -22.747255
    }, {
      "x" : 36.805832,
      "y" : 0.0,
      "z" : -14.058577
    }, {
      "x" : 26.2619,
      "y" : -1.3424746,
      "z" : -13.545797
    } ],
    "faces" : [ {
      "vertices" : [ 0, 1, 2 ]
    }, {
      "vertices" : [ 0, 2, 3 ]
    }, {
      "vertices" : [ 0, 3, 2 ]
    }, {
      "vertices" : [ 0, 2, 1 ]
    } ]
  }, {
    "id" : "360f6c69-b2d8-4d67-965b-f5aeaa3f7bf8",
    "vertices" : [ {
      "x" : 18.402916,
      "y" : -14.058577,
      "z" : 18.402916
    }, {
      "x" : 22.747255,
      "y" : -22.747255,
      "z" : 22.747255
    }, {
      "x" : 22.747255,
      "y" : 22.747255,
      "z" : -22.747255
    }, {
      "x" : 18.402916,
      "y" : 18.402916,
      "z" : -14.058577
    } ],
    "faces" : [ {
      "vertices" : [ 0, 1, 2 ]
    }, {
      "vertices" : [ 0, 2, 3 ]
    }, {
      "vertices" : [ 0, 3, 2 ]
    }, {
      "vertices" : [ 0, 2, 1 ]
    } ]
  }, {
    "id" : "94b020e2-ae8d-4c45-9636-28038eafffe0",
    "vertices" : [ {
      "x" : -14.058577,
      "y" : -18.402916,
      "z" : -18.402916
    }, {
      "x" : -22.747255,
      "y" : -22.747255,
      "z" : -22.747255
    }, {
      "x" : 22.747255,
      "y" : 22.747255,
      "z" : -22.747255
    }, {
      "x" : 18.402916,
      "y" : 14.058577,
      "z" : -18.402916
    } ],
    "faces" : [ {
      "vertices" : [ 0, 1, 2 ]
    }, {
      "vertices" : [ 0, 2, 3 ]
    }, {
      "vertices" : [ 0, 3, 2 ]
    }, {
      "vertices" : [ 0, 2, 1 ]
    } ]
  }, {
    "id" : "50606d3d-85d5-4979-9fa2-d3f7356b18b5",
    "vertices" : [ {
      "x" : 16.230747,
      "y" : -14.888271,
      "z" : 19.74539
    }, {
      "x" : 22.747255,
      "y" : -22.747255,
      "z" : 22.747255
    }, {
      "x" : -36.805832,
      "y" : 0.0,
      "z" : 14.058577
    }, {
      "x" : -26.2619,
      "y" : 1.3424746,
      "z" : 13.545797
    } ],
    "faces" : [ {
      "vertices" : [ 0, 1, 2 ]
    }, {
      "vertices" : [ 0, 2, 3 ]
    }, {
      "vertices" : [ 0, 3, 2 ]
    }, {
      "vertices" : [ 0, 2, 1 ]
    } ]
  }, {
    "id" : "8ada4b2b-04bf-4271-9eb2-6b4418a89e6f",
    "vertices" : [ {
      "x" : -28.434069,
      "y" : 2.1721697,
      "z" : -7.8589835
    }, {
      "x" : -36.805832,
      "y" : 0.0,
      "z" : -14.058577
    }, {
      "x" : 0.0,
      "y" : -14.058577,
      "z" : 36.805832
    }, {
      "x" : -2.1721697,
      "y" : -7.8589835,
      "z" : 28.434069
    } ],
    "faces" : [ {
      "vertices" : [ 0, 1, 2 ]
    }, {
      "vertices" : [ 0, 2, 3 ]
    }, {
      "vertices" : [ 0, 3, 2 ]
    }, {
      "vertices" : [ 0, 2, 1 ]
    } ]
  }, {
    "id" : "4dde59b9-2957-4a36-88eb-608f6b70aa29",
    "vertices" : [ {
      "x" : -2.1721697,
      "y" : 7.8589835,
      "z" : 28.434069
    }, {
      "x" : 0.0,
      "y" : 14.058577,
      "z" : 36.805832
    }, {
      "x" : 14.058577,
      "y" : -36.805832,
      "z" : 0.0
    }, {
      "x" : 7.8589835,
      "y" : -28.434069,
      "z" : 2.1721697
    } ],
    "faces" : [ {
      "vertices" : [ 0, 1, 2 ]
    }, {
      "vertices" : [ 0, 2, 3 ]
    }, {
      "vertices" : [ 0, 3, 2 ]
    }, {
      "vertices" : [ 0, 2, 1 ]
    } ]
  }, {
    "id" : "5c92aefc-c76f-4f25-9fec-be1fadc3a9f8",
    "vertices" : [ {
      "x" : 2.1721697,
      "y" : 7.8589835,
      "z" : -28.434069
    }, {
      "x" : 0.0,
      "y" : 14.058577,
      "z" : -36.805832
    }, {
      "x" : -14.058577,
      "y" : -36.805832,
      "z" : 0.0
    }, {
      "x" : -7.8589835,
      "y" : -28.434069,
      "z" : -2.1721697
    } ],
    "faces" : [ {
      "vertices" : [ 0, 1, 2 ]
    }, {
      "vertices" : [ 0, 2, 3 ]
    }, {
      "vertices" : [ 0, 3, 2 ]
    }, {
      "vertices" : [ 0, 2, 1 ]
    } ]
  }, {
    "id" : "70ed50fc-db05-4f39-b8dc-4e37a4bb2757",
    "vertices" : [ {
      "x" : -14.888271,
      "y" : 19.74539,
      "z" : 16.230747
    }, {
      "x" : -22.747255,
      "y" : 22.747255,
      "z" : 22.747255
    }, {
      "x" : 0.0,
      "y" : 14.058577,
      "z" : -36.805832
    }, {
      "x" : 1.3424746,
      "y" : 13.545797,
      "z" : -26.2619
    } ],
    "faces" : [ {
      "vertices" : [ 0, 1, 2 ]
    }, {
      "vertices" : [ 0, 2, 3 ]
    }, {
      "vertices" : [ 0, 3, 2 ]
    }, {
      "vertices" : [ 0, 2, 1 ]
    } ]
  }, {
    "id" : "875dc812-98ae-4584-ba24-aee3f75190f9",
    "vertices" : [ {
      "x" : -19.74539,
      "y" : -16.230747,
      "z" : -14.888271
    }, {
      "x" : -22.747255,
      "y" : -22.747255,
      "z" : -22.747255
    }, {
      "x" : -14.058577,
      "y" : 36.805832,
      "z" : 0.0
    }, {
      "x" : -13.545797,
      "y" : 26.2619,
      "z" : 1.3424746
    } ],
    "faces" : [ {
      "vertices" : [ 0, 1, 2 ]
    }, {
      "vertices" : [ 0, 2, 3 ]
    }, {
      "vertices" : [ 0, 3, 2 ]
    }, {
      "vertices" : [ 0, 2, 1 ]
    } ]
  }, {
    "id" : "ec9a149d-7da3-4cb2-b154-107cf45b1e42",
    "vertices" : [ {
      "x" : 28.434069,
      "y" : 2.1721697,
      "z" : 7.8589835
    }, {
      "x" : 36.805832,
      "y" : 0.0,
      "z" : 14.058577
    }, {
      "x" : 0.0,
      "y" : -14.058577,
      "z" : -36.805832
    }, {
      "x" : 2.1721697,
      "y" : -7.8589835,
      "z" : -28.434069
    } ],
    "faces" : [ {
      "vertices" : [ 0, 1, 2 ]
    }, {
      "vertices" : [ 0, 2, 3 ]
    }, {
      "vertices" : [ 0, 3, 2 ]
    }, {
      "vertices" : [ 0, 2, 1 ]
    } ]
  }, {
    "id" : "6ed088a5-7312-4ead-8665-19188762d358",
    "vertices" : [ {
      "x" : -1.3424746,
      "y" : -13.545797,
      "z" : 26.2619
    }, {
      "x" : 0.0,
      "y" : -14.058577,
      "z" : 36.805832
    }, {
      "x" : -36.805832,
      "y" : 0.0,
      "z" : -14.058577
    }, {
      "x" : -27.604374,
      "y" : -3.5146441,
      "z" : -10.031153
    } ],
    "faces" : [ {
      "vertices" : [ 0, 1, 2 ]
    }, {
      "vertices" : [ 0, 2, 3 ]
    }, {
      "vertices" : [ 0, 3, 2 ]
    }, {
      "vertices" : [ 0, 2, 1 ]
    } ]
  }, {
    "id" : "1d3b6492-8f40-475a-abde-56f651489f5f",
    "vertices" : [ {
      "x" : 10.031153,
      "y" : 27.604374,
      "z" : 3.5146441
    }, {
      "x" : 14.058577,
      "y" : 36.805832,
      "z" : 0.0
    }, {
      "x" : 22.747255,
      "y" : -22.747255,
      "z" : 22.747255
    }, {
      "x" : 16.230747,
      "y" : -14.888271,
      "z" : 19.74539
    } ],
    "faces" : [ {
      "vertices" : [ 0, 1, 2 ]
    }, {
      "vertices" : [ 0, 2, 3 ]
    }, {
      "vertices" : [ 0, 3, 2 ]
    }, {
      "vertices" : [ 0, 2, 1 ]
    } ]
  }, {
    "id" : "7d5b5ed3-fbcb-429d-a369-38cdfc01af7e",
    "vertices" : [ {
      "x" : 2.1721697,
      "y" : -7.8589835,
      "z" : -28.434069
    }, {
      "x" : 0.0,
      "y" : -14.058577,
      "z" : -36.805832
    }, {
      "x" : -14.058577,
      "y" : 36.805832,
      "z" : 0.0
    }, {
      "x" : -7.8589835,
      "y" : 28.434069,
      "z" : -2.1721697
    } ],
    "faces" : [ {
      "vertices" : [ 0, 1, 2 ]
    }, {
      "vertices" : [ 0, 2, 3 ]
    }, {
      "vertices" : [ 0, 3, 2 ]
    }, {
      "vertices" : [ 0, 2, 1 ]
    } ]
  }, {
    "id" : "aa29f951-829f-47ed-8344-0e4ea4cf0125",
    "vertices" : [ {
      "x" : -14.058577,
      "y" : 18.402916,
      "z" : 18.402916
    }, {
      "x" : -22.747255,
      "y" : 22.747255,
      "z" : 22.747255
    }, {
      "x" : 22.747255,
      "y" : -22.747255,
      "z" : 22.747255
    }, {
      "x" : 18.402916,
      "y" : -14.058577,
      "z" : 18.402916
    } ],
    "faces" : [ {
      "vertices" : [ 0, 1, 2 ]
    }, {
      "vertices" : [ 0, 2, 3 ]
    }, {
      "vertices" : [ 0, 3, 2 ]
    }, {
      "vertices" : [ 0, 2, 1 ]
    } ]
  }, {
    "id" : "a478cd7a-a0d9-4695-a5ec-2a1cc84dfdcb",
    "vertices" : [ {
      "x" : -13.545797,
      "y" : 26.2619,
      "z" : -1.3424746
    }, {
      "x" : -14.058577,
      "y" : 36.805832,
      "z" : 0.0
    }, {
      "x" : 0.0,
      "y" : -14.058577,
      "z" : -36.805832
    }, {
      "x" : -3.5146441,
      "y" : -10.031153,
      "z" : -27.604374
    } ],
    "faces" : [ {
      "vertices" : [ 0, 1, 2 ]
    }, {
      "vertices" : [ 0, 2, 3 ]
    }, {
      "vertices" : [ 0, 3, 2 ]
    }, {
      "vertices" : [ 0, 2, 1 ]
    } ]
  }, {
    "id" : "5ad2782e-d186-4628-9ea2-807e85d8b12b",
    "vertices" : [ {
      "x" : -26.2619,
      "y" : -1.3424746,
      "z" : -13.545797
    }, {
      "x" : -36.805832,
      "y" : 0.0,
      "z" : -14.058577
    }, {
      "x" : 14.058577,
      "y" : -36.805832,
      "z" : 0.0
    }, {
      "x" : 10.031153,
      "y" : -27.604374,
      "z" : -3.5146441
    } ],
    "faces" : [ {
      "vertices" : [ 0, 1, 2 ]
    }, {
      "vertices" : [ 0, 2, 3 ]
    }, {
      "vertices" : [ 0, 3, 2 ]
    }, {
      "vertices" : [ 0, 2, 1 ]
    } ]
  }, {
    "id" : "1c275e1b-55d4-456b-9469-bf3a183ae225",
    "vertices" : [ {
      "x" : 14.058577,
      "y" : 18.402916,
      "z" : 18.402916
    }, {
      "x" : 22.747255,
      "y" : 22.747255,
      "z" : 22.747255
    }, {
      "x" : -22.747255,
      "y" : -22.747255,
      "z" : 22.747255
    }, {
      "x" : -18.402916,
      "y" : -14.058577,
      "z" : 18.402916
    } ],
    "faces" : [ {
      "vertices" : [ 0, 1, 2 ]
    }, {
      "vertices" : [ 0, 2, 3 ]
    }, {
      "vertices" : [ 0, 3, 2 ]
    }, {
      "vertices" : [ 0, 2, 1 ]
    } ]
  }, {
    "id" : "3c24ffb9-f00a-4ec1-96b5-fd1ab3335774",
    "vertices" : [ {
      "x" : 3.5146441,
      "y" : -10.031153,
      "z" : -27.604374
    }, {
      "x" : 0.0,
      "y" : -14.058577,
      "z" : -36.805832
    }, {
      "x" : 22.747255,
      "y" : -22.747255,
      "z" : 22.747255
    }, {
      "x" : 19.74539,
      "y" : -16.230747,
      "z" : 14.888271
    } ],
    "faces" : [ {
      "vertices" : [ 0, 1, 2 ]
    }, {
      "vertices" : [ 0, 2, 3 ]
    }, {
      "vertices" : [ 0, 3, 2 ]
    }, {
      "vertices" : [ 0, 2, 1 ]
    } ]
  }, {
    "id" : "21412745-7677-4956-abe5-a8280b0f153b",
    "vertices" : [ {
      "x" : 14.058577,
      "y" : -18.402916,
      "z" : -18.402916
    }, {
      "x" : 22.747255,
      "y" : -22.747255,
      "z" : -22.747255
    }, {
      "x" : -22.747255,
      "y" : 22.747255,
      "z" : -22.747255
    }, {
      "x" : -18.402916,
      "y" : 14.058577,
      "z" : -18.402916
    } ],
    "faces" : [ {
      "vertices" : [ 0, 1, 2 ]
    }, {
      "vertices" : [ 0, 2, 3 ]
    }, {
      "vertices" : [ 0, 3, 2 ]
    }, {
      "vertices" : [ 0, 2, 1 ]
    } ]
  }, {
    "id" : "2e3dca09-7176-4677-b665-9c21fd525508",
    "vertices" : [ {
      "x" : 10.031153,
      "y" : -27.604374,
      "z" : -3.5146441
    }, {
      "x" : 14.058577,
      "y" : -36.805832,
      "z" : 0.0
    }, {
      "x" : 22.747255,
      "y" : 22.747255,
      "z" : -22.747255
    }, {
      "x" : 16.230747,
      "y" : 14.888271,
      "z" : -19.74539
    } ],
    "faces" : [ {
      "vertices" : [ 0, 1, 2 ]
    }, {
      "vertices" : [ 0, 2, 3 ]
    }, {
      "vertices" : [ 0, 3, 2 ]
    }, {
      "vertices" : [ 0, 2, 1 ]
    } ]
  }, {
    "id" : "580221e1-36b4-4a52-a7bb-01df7fe0be58",
    "vertices" : [ {
      "x" : -7.8589835,
      "y" : 28.434069,
      "z" : -2.1721697
    }, {
      "x" : -14.058577,
      "y" : 36.805832,
      "z" : 0.0
    }, {
      "x" : 36.805832,
      "y" : 0.0,
      "z" : 14.058577
    }, {
      "x" : 28.434069,
      "y" : 2.1721697,
      "z" : 7.8589835
    } ],
    "faces" : [ {
      "vertices" : [ 0, 1, 2 ]
    }, {
      "vertices" : [ 0, 2, 3 ]
    }, {
      "vertices" : [ 0, 3, 2 ]
    }, {
      "vertices" : [ 0, 2, 1 ]
    } ]
  }, {
    "id" : "7eb36fa4-eca6-43e9-b7ab-0c7b415d3201",
    "vertices" : [ {
      "x" : -13.545797,
      "y" : -26.2619,
      "z" : -1.3424746
    }, {
      "x" : -14.058577,
      "y" : -36.805832,
      "z" : 0.0
    }, {
      "x" : 0.0,
      "y" : 14.058577,
      "z" : -36.805832
    }, {
      "x" : -3.5146441,
      "y" : 10.031153,
      "z" : -27.604374
    } ],
    "faces" : [ {
      "vertices" : [ 0, 1, 2 ]
    }, {
      "vertices" : [ 0, 2, 3 ]
    }, {
      "vertices" : [ 0, 3, 2 ]
    }, {
      "vertices" : [ 0, 2, 1 ]
    } ]
  }, {
    "id" : "88019f24-a527-4f5b-80db-3e6027c2fc07",
    "vertices" : [ {
      "x" : 14.888271,
      "y" : 19.74539,
      "z" : -16.230747
    }, {
      "x" : 22.747255,
      "y" : 22.747255,
      "z" : -22.747255
    }, {
      "x" : 0.0,
      "y" : 14.058577,
      "z" : 36.805832
    }, {
      "x" : -1.3424746,
      "y" : 13.545797,
      "z" : 26.2619
    } ],
    "faces" : [ {
      "vertices" : [ 0, 1, 2 ]
    }, {
      "vertices" : [ 0, 2, 3 ]
    }, {
      "vertices" : [ 0, 3, 2 ]
    }, {
      "vertices" : [ 0, 2, 1 ]
    } ]
  }, {
    "id" : "0d61bdac-a5d9-4858-81d1-e7c84fd3e6b1",
    "vertices" : [ {
      "x" : 1.3424746,
      "y" : 13.545797,
      "z" : -26.2619
    }, {
      "x" : 0.0,
      "y" : 14.058577,
      "z" : -36.805832
    }, {
      "x" : 36.805832,
      "y" : 0.0,
      "z" : 14.058577
    }, {
      "x" : 27.604374,
      "y" : 3.5146441,
      "z" : 10.031153
    } ],
    "faces" : [ {
      "vertices" : [ 0, 1, 2 ]
    }, {
      "vertices" : [ 0, 2, 3 ]
    }, {
      "vertices" : [ 0, 3, 2 ]
    }, {
      "vertices" : [ 0, 2, 1 ]
    } ]
  }, {
    "id" : "a92f2184-ba45-4355-8160-6f190e44eca9",
    "vertices" : [ {
      "x" : -2.1721697,
      "y" : 7.8589835,
      "z" : -28.434069
    }, {
      "x" : 0.0,
      "y" : 14.058577,
      "z" : -36.805832
    }, {
      "x" : 14.058577,
      "y" : -36.805832,
      "z" : 0.0
    }, {
      "x" : 7.8589835,
      "y" : -28.434069,
      "z" : -2.1721697
    } ],
    "faces" : [ {
      "vertices" : [ 0, 1, 2 ]
    }, {
      "vertices" : [ 0, 2, 3 ]
    }, {
      "vertices" : [ 0, 3, 2 ]
    }, {
      "vertices" : [ 0, 2, 1 ]
    } ]
  }, {
    "id" : "f5ed3f3f-e540-4bcb-b08c-4fe017ef0526",
    "vertices" : [ {
      "x" : 18.402916,
      "y" : 14.058577,
      "z" : 18.402916
    }, {
      "x" : 22.747255,
      "y" : 22.747255,
      "z" : 22.747255
    }, {
      "x" : 22.747255,
      "y" : -22.747255,
      "z" : -22.747255
    }, {
      "x" : 18.402916,
      "y" : -18.402916,
      "z" : -14.058577
    } ],
    "faces" : [ {
      "vertices" : [ 0, 1, 2 ]
    }, {
      "vertices" : [ 0, 2, 3 ]
    }, {
      "vertices" : [ 0, 3, 2 ]
    }, {
      "vertices" : [ 0, 2, 1 ]
    } ]
  }, {
    "id" : "85c05a66-7a9d-4f82-8cf5-d3d80df92e25",
    "vertices" : [ {
      "x" : 14.058577,
      "y" : -18.402916,
      "z" : 18.402916
    }, {
      "x" : 22.747255,
      "y" : -22.747255,
      "z" : 22.747255
    }, {
      "x" : -22.747255,
      "y" : 22.747255,
      "z" : 22.747255
    }, {
      "x" : -18.402916,
      "y" : 14.058577,
      "z" : 18.402916
    } ],
    "faces" : [ {
      "vertices" : [ 0, 1, 2 ]
    }, {
      "vertices" : [ 0, 2, 3 ]
    }, {
      "vertices" : [ 0, 3, 2 ]
    }, {
      "vertices" : [ 0, 2, 1 ]
    } ]
  }, {
    "id" : "91406d0c-d0ff-4a8f-b015-481264dd602f",
    "vertices" : [ {
      "x" : -19.74539,
      "y" : -16.230747,
      "z" : 14.888271
    }, {
      "x" : -22.747255,
      "y" : -22.747255,
      "z" : 22.747255
    }, {
      "x" : -14.058577,
      "y" : 36.805832,
      "z" : 0.0
    }, {
      "x" : -13.545797,
      "y" : 26.2619,
      "z" : -1.3424746
    } ],
    "faces" : [ {
      "vertices" : [ 0, 1, 2 ]
    }, {
      "vertices" : [ 0, 2, 3 ]
    }, {
      "vertices" : [ 0, 3, 2 ]
    }, {
      "vertices" : [ 0, 2, 1 ]
    } ]
  }, {
    "id" : "323bba71-6425-4868-9ad3-136d23b756a3",
    "vertices" : [ {
      "x" : -3.5146441,
      "y" : -10.031153,
      "z" : 27.604374
    }, {
      "x" : 0.0,
      "y" : -14.058577,
      "z" : 36.805832
    }, {
      "x" : -22.747255,
      "y" : -22.747255,
      "z" : -22.747255
    }, {
      "x" : -19.74539,
      "y" : -16.230747,
      "z" : -14.888271
    } ],
    "faces" : [ {
      "vertices" : [ 0, 1, 2 ]
    }, {
      "vertices" : [ 0, 2, 3 ]
    }, {
      "vertices" : [ 0, 3, 2 ]
    }, {
      "vertices" : [ 0, 2, 1 ]
    } ]
  }, {
    "id" : "9723c8fb-41c9-47bb-b810-ba3253f02ffb",
    "vertices" : [ {
      "x" : 28.434069,
      "y" : -2.1721697,
      "z" : -7.8589835
    }, {
      "x" : 36.805832,
      "y" : 0.0,
      "z" : -14.058577
    }, {
      "x" : 0.0,
      "y" : 14.058577,
      "z" : 36.805832
    }, {
      "x" : 2.1721697,
      "y" : 7.8589835,
      "z" : 28.434069
    } ],
    "faces" : [ {
      "vertices" : [ 0, 1, 2 ]
    }, {
      "vertices" : [ 0, 2, 3 ]
    }, {
      "vertices" : [ 0, 3, 2 ]
    }, {
      "vertices" : [ 0, 2, 1 ]
    } ]
  }, {
    "id" : "5d8da172-a9e5-4a98-a4ae-4b8d8d2a8688",
    "vertices" : [ {
      "x" : -7.8589835,
      "y" : 28.434069,
      "z" : 2.1721697
    }, {
      "x" : -14.058577,
      "y" : 36.805832,
      "z" : 0.0
    }, {
      "x" : 36.805832,
      "y" : 0.0,
      "z" : -14.058577
    }, {
      "x" : 28.434069,
      "y" : 2.1721697,
      "z" : -7.8589835
    } ],
    "faces" : [ {
      "vertices" : [ 0, 1, 2 ]
    }, {
      "vertices" : [ 0, 2, 3 ]
    }, {
      "vertices" : [ 0, 3, 2 ]
    }, {
      "vertices" : [ 0, 2, 1 ]
    } ]
  }, {
    "id" : "514ddb41-0dc4-4af1-81c0-a8e9e9644283",
    "vertices" : [ {
      "x" : 18.402916,
      "y" : -14.058577,
      "z" : -18.402916
    }, {
      "x" : 22.747255,
      "y" : -22.747255,
      "z" : -22.747255
    }, {
      "x" : 22.747255,
      "y" : 22.747255,
      "z" : 22.747255
    }, {
      "x" : 18.402916,
      "y" : 18.402916,
      "z" : 14.058577
    } ],
    "faces" : [ {
      "vertices" : [ 0, 1, 2 ]
    }, {
      "vertices" : [ 0, 2, 3 ]
    }, {
      "vertices" : [ 0, 3, 2 ]
    }, {
      "vertices" : [ 0, 2, 1 ]
    } ]
  }, {
    "id" : "c56a8625-66e2-47ef-956e-559d9b595d8a",
    "vertices" : [ {
      "x" : -3.5146441,
      "y" : 10.031153,
      "z" : 27.604374
    }, {
      "x" : 0.0,
      "y" : 14.058577,
      "z" : 36.805832
    }, {
      "x" : -22.747255,
      "y" : 22.747255,
      "z" : -22.747255
    }, {
      "x" : -19.74539,
      "y" : 16.230747,
      "z" : -14.888271
    } ],
    "faces" : [ {
      "vertices" : [ 0, 1, 2 ]
    }, {
      "vertices" : [ 0, 2, 3 ]
    }, {
      "vertices" : [ 0, 3, 2 ]
    }, {
      "vertices" : [ 0, 2, 1 ]
    } ]
  }, {
    "id" : "9b62520a-d25d-4cad-b71d-be2bfe6d276c",
    "vertices" : [ {
      "x" : -27.604374,
      "y" : -3.5146441,
      "z" : -10.031153
    }, {
      "x" : -36.805832,
      "y" : 0.0,
      "z" : -14.058577
    }, {
      "x" : 22.747255,
      "y" : -22.747255,
      "z" : -22.747255
    }, {
      "x" : 14.888271,
      "y" : -19.74539,
      "z" : -16.230747
    } ],
    "faces" : [ {
      "vertices" : [ 0, 1, 2 ]
    }, {
      "vertices" : [ 0, 2, 3 ]
    }, {
      "vertices" : [ 0, 3, 2 ]
    }, {
      "vertices" : [ 0, 2, 1 ]
    } ]
  }, {
    "id" : "40b983a3-279b-43a9-be7d-658a167cc6b3",
    "vertices" : [ {
      "x" : 26.2619,
      "y" : 1.3424746,
      "z" : 13.545797
    }, {
      "x" : 36.805832,
      "y" : 0.0,
      "z" : 14.058577
    }, {
      "x" : -14.058577,
      "y" : 36.805832,
      "z" : 0.0
    }, {
      "x" : -10.031153,
      "y" : 27.604374,
      "z" : 3.5146441
    } ],
    "faces" : [ {
      "vertices" : [ 0, 1, 2 ]
    }, {
      "vertices" : [ 0, 2, 3 ]
    }, {
      "vertices" : [ 0, 3, 2 ]
    }, {
      "vertices" : [ 0, 2, 1 ]
    } ]
  }, {
    "id" : "0774d01a-61b6-4ae1-9aaa-38a233c441fd",
    "vertices" : [ {
      "x" : -26.2619,
      "y" : 1.3424746,
      "z" : -13.545797
    }, {
      "x" : -36.805832,
      "y" : 0.0,
      "z" : -14.058577
    }, {
      "x" : 14.058577,
      "y" : 36.805832,
      "z" : 0.0
    }, {
      "x" : 10.031153,
      "y" : 27.604374,
      "z" : -3.5146441
    } ],
    "faces" : [ {
      "vertices" : [ 0, 1, 2 ]
    }, {
      "vertices" : [ 0, 2, 3 ]
    }, {
      "vertices" : [ 0, 3, 2 ]
    }, {
      "vertices" : [ 0, 2, 1 ]
    } ]
  }, {
    "id" : "3aad53da-fe6d-42df-8a63-dd1c9a4080a4",
    "vertices" : [ {
      "x" : 18.402916,
      "y" : 14.058577,
      "z" : -18.402916
    }, {
      "x" : 22.747255,
      "y" : 22.747255,
      "z" : -22.747255
    }, {
      "x" : 22.747255,
      "y" : -22.747255,
      "z" : 22.747255
    }, {
      "x" : 18.402916,
      "y" : -18.402916,
      "z" : 14.058577
    } ],
    "faces" : [ {
      "vertices" : [ 0, 1, 2 ]
    }, {
      "vertices" : [ 0, 2, 3 ]
    }, {
      "vertices" : [ 0, 3, 2 ]
    }, {
      "vertices" : [ 0, 2, 1 ]
    } ]
  }, {
    "id" : "f17df421-a305-433e-a73a-d44ea7b8f954",
    "vertices" : [ {
      "x" : -16.230747,
      "y" : -14.888271,
      "z" : -19.74539
    }, {
      "x" : -22.747255,
      "y" : -22.747255,
      "z" : -22.747255
    }, {
      "x" : 36.805832,
      "y" : 0.0,
      "z" : -14.058577
    }, {
      "x" : 26.2619,
      "y" : 1.3424746,
      "z" : -13.545797
    } ],
    "faces" : [ {
      "vertices" : [ 0, 1, 2 ]
    }, {
      "vertices" : [ 0, 2, 3 ]
    }, {
      "vertices" : [ 0, 3, 2 ]
    }, {
      "vertices" : [ 0, 2, 1 ]
    } ]
  }, {
    "id" : "ccc04af9-1475-4377-9528-12e56b82824c",
    "vertices" : [ {
      "x" : -27.604374,
      "y" : -3.5146441,
      "z" : 10.031153
    }, {
      "x" : -36.805832,
      "y" : 0.0,
      "z" : 14.058577
    }, {
      "x" : 22.747255,
      "y" : -22.747255,
      "z" : 22.747255
    }, {
      "x" : 14.888271,
      "y" : -19.74539,
      "z" : 16.230747
    } ],
    "faces" : [ {
      "vertices" : [ 0, 1, 2 ]
    }, {
      "vertices" : [ 0, 2, 3 ]
    }, {
      "vertices" : [ 0, 3, 2 ]
    }, {
      "vertices" : [ 0, 2, 1 ]
    } ]
  }, {
    "id" : "04e31563-83b3-4827-8da3-7defc3589ceb",
    "vertices" : [ {
      "x" : 10.031153,
      "y" : -27.604374,
      "z" : 3.5146441
    }, {
      "x" : 14.058577,
      "y" : -36.805832,
      "z" : 0.0
    }, {
      "x" : 22.747255,
      "y" : 22.747255,
      "z" : 22.747255
    }, {
      "x" : 16.230747,
      "y" : 14.888271,
      "z" : 19.74539
    } ],
    "faces" : [ {
      "vertices" : [ 0, 1, 2 ]
    }, {
      "vertices" : [ 0, 2, 3 ]
    }, {
      "vertices" : [ 0, 3, 2 ]
    }, {
      "vertices" : [ 0, 2, 1 ]
    } ]
  }, {
    "id" : "448ff455-b104-4e11-a854-c5566242c1bd",
    "vertices" : [ {
      "x" : 27.604374,
      "y" : -3.5146441,
      "z" : 10.031153
    }, {
      "x" : 36.805832,
      "y" : 0.0,
      "z" : 14.058577
    }, {
      "x" : -22.747255,
      "y" : -22.747255,
      "z" : 22.747255
    }, {
      "x" : -14.888271,
      "y" : -19.74539,
      "z" : 16.230747
    } ],
    "faces" : [ {
      "vertices" : [ 0, 1, 2 ]
    }, {
      "vertices" : [ 0, 2, 3 ]
    }, {
      "vertices" : [ 0, 3, 2 ]
    }, {
      "vertices" : [ 0, 2, 1 ]
    } ]
  }, {
    "id" : "af6d3233-ff60-4eb8-a996-9e721d656251",
    "vertices" : [ {
      "x" : 13.545797,
      "y" : 26.2619,
      "z" : 1.3424746
    }, {
      "x" : 14.058577,
      "y" : 36.805832,
      "z" : 0.0
    }, {
      "x" : 0.0,
      "y" : -14.058577,
      "z" : 36.805832
    }, {
      "x" : 3.5146441,
      "y" : -10.031153,
      "z" : 27.604374
    } ],
    "faces" : [ {
      "vertices" : [ 0, 1, 2 ]
    }, {
      "vertices" : [ 0, 2, 3 ]
    }, {
      "vertices" : [ 0, 3, 2 ]
    }, {
      "vertices" : [ 0, 2, 1 ]
    } ]
  }, {
    "id" : "0e534463-08e3-418e-b931-e6f669567fcf",
    "vertices" : [ {
      "x" : 16.230747,
      "y" : 14.888271,
      "z" : -19.74539
    }, {
      "x" : 22.747255,
      "y" : 22.747255,
      "z" : -22.747255
    }, {
      "x" : -36.805832,
      "y" : 0.0,
      "z" : -14.058577
    }, {
      "x" : -26.2619,
      "y" : -1.3424746,
      "z" : -13.545797
    } ],
    "faces" : [ {
      "vertices" : [ 0, 1, 2 ]
    }, {
      "vertices" : [ 0, 2, 3 ]
    }, {
      "vertices" : [ 0, 3, 2 ]
    }, {
      "vertices" : [ 0, 2, 1 ]
    } ]
  }, {
    "id" : "ebf1e8a5-873d-471f-aad4-53225fd9d589",
    "vertices" : [ {
      "x" : 13.545797,
      "y" : -26.2619,
      "z" : 1.3424746
    }, {
      "x" : 14.058577,
      "y" : -36.805832,
      "z" : 0.0
    }, {
      "x" : 0.0,
      "y" : 14.058577,
      "z" : 36.805832
    }, {
      "x" : 3.5146441,
      "y" : 10.031153,
      "z" : 27.604374
    } ],
    "faces" : [ {
      "vertices" : [ 0, 1, 2 ]
    }, {
      "vertices" : [ 0, 2, 3 ]
    }, {
      "vertices" : [ 0, 3, 2 ]
    }, {
      "vertices" : [ 0, 2, 1 ]
    } ]
  }, {
    "id" : "b2d39f4c-6d4e-49c1-bdec-68f3f6c1d553",
    "vertices" : [ {
      "x" : 19.74539,
