{
  "field" : "golden",
  "symmetry" : "icosahedral",
  "orientations" : [ [ 1.0, 0.0, 0.0, 0.0, 0.0, 1.0, 0.0, 0.0, 0.0, 0.0, 1.0, 0.0, 0.0, 0.0, 0.0, 1.0 ], [ 0.0, 0.0, 1.0, 0.0, 1.0, 0.0, 0.0, 0.0, 0.0, 1.0, 0.0, 0.0, 0.0, 0.0, 0.0, 1.0 ], [ 0.0, 1.0, 0.0, 0.0, 0.0, 0.0, 1.0, 0.0, 1.0, 0.0, 0.0, 0.0, 0.0, 0.0, 0.0, 1.0 ], [ 0.809017, 0.309017, 0.5, 0.0, 0.309017, 0.5, -0.809017, 0.0, -0.5, 0.809017, 0.309017, 0.0, 0.0, 0.0, 0.0, 1.0 ], [ -0.5, 0.809017, 0.309017, 0.0, 0.809017, 0.309017, 0.5, 0.0, 0.309017, 0.5, -0.809017, 0.0, 0.0, 0.0, 0.0, 1.0 ], [ 0.309017, 0.5, -0.809017, 0.0, -0.5, 0.809017, 0.309017, 0.0, 0.809017, 0.309017, 0.5, 0.0, 0.0, 0.0, 0.0, 1.0 ], [ 0.5, 0.809017, 0.309017, 0.0, 0.809017, -0.309017, -0.5, 0.0, -0.309017, 0.5, -0.809017, 0.0, 0.0, 0.0, 0.0, 1.0 ], [ -0.309017, 0.5, -0.809017, 0.0, 0.5, 0.809017, 0.309017, 0.0, 0.809017, -0.309017, -0.5, 0.0, 0.0, 0.0, 0.0, 1.0 ], [ 0.809017, -0.309017, -0.5, 0.0, -0.309017, 0.5, -0.809017, 0.0, 0.5, 0.809017, 0.309017, 0.0, 0.0, 0.0, 0.0, 1.0 ], [ 0.5, 0.809017, -0.309017, 0.0, 0.809017, -0.309017, 0.5, 0.0, 0.309017, -0.5, -0.809017, 0.0, 0.0, 0.0, 0.0, 1.0 ], [ 0.309017, -0.5, -0.809017, 0.0, 0.5, 0.809017, -0.309017, 0.0, 0.809017, -0.309017, 0.5, 0.0, 0.0, 0.0, 0.0, 1.0 ], [ 0.809017, -0.309017, 0.5, 0.0, 0.309017, -0.5, -0.809017, 0.0, 0.5, 0.809017, -0.309017, 0.0, 0.0, 0.0, 0.0, 1.0 ], [ 0.809017, 0.309017, -0.5, 0.0, 0.309017, 0.5, 0.809017, 0.0, 0.5, -0.809017, 0.309017, 0.0, 0.0, 0.0, 0.0, 1.0 ], [ 0.5, -0.809017, 0.309017, 0.0, 0.809017, 0.309017, -0.5, 0.0, 0.309017, 0.5, 0.809017, 0.0, 0.0, 0.0, 0.0, 1.0 ], [ 0.309017, 0.5, 0.809017, 0.0, 0.5, -0.809017, 0.309017, 0.0, 0.809017, 0.309017, -0.5, 0.0, 0.0, 0.0, 0.0, 1.0 ], [ 1.0, 0.0, 0.0, 0.0, 0.0, -1.0, 0.0, 0.0, 0.0, 0.0, -1.0, 0.0, 0.0, 0.0, 0.0, 1.0 ], [ 0.0, 0.0, 1.0, 0.0, -1.0, 0.0, 0.0, 0.0, 0.0, -1.0, 0.0, 0.0, 0.0, 0.0, 0.0, 1.0 ], [ 0.0, 1.0, 0.0, 0.0, 0.0, 0.0, -1.0, 0.0, -1.0, 0.0, 0.0, 0.0, 0.0, 0.0, 0.0, 1.0 ], [ 0.809017, 0.309017, 0.5, 0.0, -0.309017, -0.5, 0.809017, 0.0, 0.5, -0.809017, -0.309017, 0.0, 0.0, 0.0, 0.0, 1.0 ], [ -0.5, 0.809017, 0.309017, 0.0, -0.809017, -0.309017, -0.5, 0.0, -0.309017, -0.5, 0.809017, 0.0, 0.0, 0.0, 0.0, 1.0 ], [ 0.309017, 0.5, -0.809017, 0.0, 0.5, -0.809017, -0.309017, 0.0, -0.809017, -0.309017, -0.5, 0.0, 0.0, 0.0, 0.0, 1.0 ], [ 0.5, 0.809017, 0.309017, 0.0, -0.809017, 0.309017, 0.5, 0.0, 0.309017, -0.5, 0.809017, 0.0, 0.0, 0.0, 0.0, 1.0 ], [ -0.309017, 0.5, -0.809017, 0.0, -0.5, -0.809017, -0.309017, 0.0, -0.809017, 0.309017, 0.5, 0.0, 0.0, 0.0, 0.0, 1.0 ], [ 0.809017, -0.309017, -0.5, 0.0, 0.309017, -0.5, 0.809017, 0.0, -0.5, -0.809017, -0.309017, 0.0, 0.0, 0.0, 0.0, 1.0 ], [ 0.5, 0.809017, -0.309017, 0.0, -0.809017, 0.309017, -0.5, 0.0, -0.309017, 0.5, 0.809017, 0.0, 0.0, 0.0, 0.0, 1.0 ], [ 0.309017, -0.5, -0.809017, 0.0, -0.5, -0.809017, 0.309017, 0.0, -0.809017, 0.309017, -0.5, 0.0, 0.0, 0.0, 0.0, 1.0 ], [ 0.809017, -0.309017, 0.5, 0.0, -0.309017, 0.5, 0.809017, 0.0, -0.5, -0.809017, 0.309017, 0.0, 0.0, 0.0, 0.0, 1.0 ], [ 0.809017, 0.309017, -0.5, 0.0, -0.309017, -0.5, -0.809017, 0.0, -0.5, 0.809017, -0.309017, 0.0, 0.0, 0.0, 0.0, 1.0 ], [ 0.5, -0.809017, 0.309017, 0.0, -0.809017, -0.309017, 0.5, 0.0, -0.309017, -0.5, -0.809017, 0.0, 0.0, 0.0, 0.0, 1.0 ], [ 0.309017, 0.5, 0.809017, 0.0, -0.5, 0.809017, -0.309017, 0.0, -0.809017, -0.309017, 0.5, 0.0, 0.0, 0.0, 0.0, 1.0 ], [ -1.0, 0.0, 0.0, 0.0, 0.0, -1.0, 0.0, 0.0, 0.0, 0.0, 1.0, 0.0, 0.0, 0.0, 0.0, 1.0 ], [ 0.0, 0.0, -1.0, 0.0, -1.0, 0.0, 0.0, 0.0, 0.0, 1.0, 0.0, 0.0, 0.0, 0.0, 0.0, 1.0 ], [ 0.0, -1.0, 0.0, 0.0, 0.0, 0.0, -1.0, 0.0, 1.0, 0.0, 0.0, 0.0, 0.0, 0.0, 0.0, 1.0 ], [ -0.809017, -0.309017, -0.5, 0.0, -0.309017, -0.5, 0.809017, 0.0, -0.5, 0.809017, 0.309017, 0.0, 0.0, 0.0, 0.0, 1.0 ], [ 0.5, -0.809017, -0.309017, 0.0, -0.809017, -0.309017, -0.5, 0.0, 0.309017, 0.5, -0.809017, 0.0, 0.0, 0.0, 0.0, 1.0 ], [ -0.309017, -0.5, 0.809017, 0.0, 0.5, -0.809017, -0.309017, 0.0, 0.809017, 0.309017, 0.5, 0.0, 0.0, 0.0, 0.0, 1.0 ], [ -0.5, -0.809017, -0.309017, 0.0, -0.809017, 0.309017, 0.5, 0.0, -0.309017, 0.5, -0.809017, 0.0, 0.0, 0.0, 0.0, 1.0 ], [ 0.309017, -0.5, 0.809017, 0.0, -0.5, -0.809017, -0.309017, 0.0, 0.809017, -0.309017, -0.5, 0.0, 0.0, 0.0, 0.0, 1.0 ], [ -0.809017, 0.309017, 0.5, 0.0, 0.309017, -0.5, 0.809017, 0.0, 0.5, 0.809017, 0.309017, 0.0, 0.0, 0.0, 0.0, 1.0 ], [ -0.5, -0.809017, 0.309017, 0.0, -0.809017, 0.309017, -0.5, 0.0, 0.309017, -0.5, -0.809017, 0.0, 0.0, 0.0, 0.0, 1.0 ], [ -0.309017, 0.5, 0.809017, 0.0, -0.5, -0.809017, 0.309017, 0.0, 0.809017, -0.309017, 0.5, 0.0, 0.0, 0.0, 0.0, 1.0 ], [ -0.809017, 0.309017, -0.5, 0.0, -0.309017, 0.5, 0.809017, 0.0, 0.5, 0.809017, -0.309017, 0.0, 0.0, 0.0, 0.0, 1.0 ], [ -0.809017, -0.309017, 0.5, 0.0, -0.309017, -0.5, -0.809017, 0.0, 0.5, -0.809017, 0.309017, 0.0, 0.0, 0.0, 0.0, 1.0 ], [ -0.5, 0.809017, -0.309017, 0.0, -0.809017, -0.309017, 0.5, 0.0, 0.309017, 0.5, 0.809017, 0.0, 0.0, 0.0, 0.0, 1.0 ], [ -0.309017, -0.5, -0.809017, 0.0, -0.5, 0.809017, -0.309017, 0.0, 0.809017, 0.309017, -0.5, 0.0, 0.0, 0.0, 0.0, 1.0 ], [ -1.0, 0.0, 0.0, 0.0, 0.0, 1.0, 0.0, 0.0, 0.0, 0.0, -1.0, 0.0, 0.0, 0.0, 0.0, 1.0 ], [ 0.0, 0.0, -1.0, 0.0, 1.0, 0.0, 0.0, 0.0, 0.0, -1.0, 0.0, 0.0, 0.0, 0.0, 0.0, 1.0 ], [ 0.0, -1.0, 0.0, 0.0, 0.0, 0.0, 1.0, 0.0, -1.0, 0.0, 0.0, 0.0, 0.0, 0.0, 0.0, 1.0 ], [ -0.809017, -0.309017, -0.5, 0.0, 0.309017, 0.5, -0.809017, 0.0, 0.5, -0.809017, -0.309017, 0.0, 0.0, 0.0, 0.0, 1.0 ], [ 0.5, -0.809017, -0.309017, 0.0, 0.809017, 0.309017, 0.5, 0.0, -0.309017, -0.5, 0.809017, 0.0, 0.0, 0.0, 0.0, 1.0 ], [ -0.309017, -0.5, 0.809017, 0.0, -0.5, 0.809017, 0.309017, 0.0, -0.809017, -0.309017, -0.5, 0.0, 0.0, 0.0, 0.0, 1.0 ], [ -0.5, -0.809017, -0.309017, 0.0, 0.809017, -0.309017, -0.5, 0.0, 0.309017, -0.5, 0.809017, 0.0, 0.0, 0.0, 0.0, 1.0 ], [ 0.309017, -0.5, 0.809017, 0.0, 0.5, 0.809017, 0.309017, 0.0, -0.809017, 0.309017, 0.5, 0.0, 0.0, 0.0, 0.0, 1.0 ], [ -0.809017, 0.309017, 0.5, 0.0, -0.309017, 0.5, -0.809017, 0.0, -0.5, -0.809017, -0.309017, 0.0, 0.0, 0.0, 0.0, 1.0 ], [ -0.5, -0.809017, 0.309017, 0.0, 0.809017, -0.309017, 0.5, 0.0, -0.309017, 0.5, 0.809017, 0.0, 0.0, 0.0, 0.0, 1.0 ], [ -0.309017, 0.5, 0.809017, 0.0, 0.5, 0.809017, -0.309017, 0.0, -0.809017, 0.309017, -0.5, 0.0, 0.0, 0.0, 0.0, 1.0 ], [ -0.809017, 0.309017, -0.5, 0.0, 0.309017, -0.5, -0.809017, 0.0, -0.5, -0.809017, 0.309017, 0.0, 0.0, 0.0, 0.0, 1.0 ], [ -0.809017, -0.309017, 0.5, 0.0, 0.309017, 0.5, 0.809017, 0.0, -0.5, 0.809017, -0.309017, 0.0, 0.0, 0.0, 0.0, 1.0 ], [ -0.5, 0.809017, -0.309017, 0.0, 0.809017, 0.309017, -0.5, 0.0, -0.309017, -0.5, -0.809017, 0.0, 0.0, 0.0, 0.0, 1.0 ], [ -0.309017, -0.5, -0.809017, 0.0, 0.5, -0.809017, 0.309017, 0.0, -0.809017, -0.309017, 0.5, 0.0, 0.0, 0.0, 0.0, 1.0 ] ],
  "lights" : {
    "ambientColor" : "#292929",
    "backgroundColor" : "#E0EFFF",
    "directionalLights" : [ {
      "direction" : {
        "x" : 1.0,
        "y" : -1.0,
        "z" : -1.0
      },
      "color" : "#EBEBE4"
    }, {
      "direction" : {
        "x" : -1.0,
        "y" : 0.0,
        "z" : 0.0
      },
      "color" : "#E4E4EB"
    }, {
      "direction" : {
        "x" : 0.0,
        "y" : 0.0,
        "z" : -1.0
      },
      "color" : "#1E1E1E"
    } ]
  },
  "camera" : {
    "width" : 144.0806,
    "stereo" : false,
    "viewDistance" : 320.17874,
    "nearClipDistance" : 0.8004465,
    "farClipDistance" : 640.35547,
    "lookAtPoint" : {
      "x" : 0.0,
      "y" : 0.0,
      "z" : 0.0
    },
    "fieldOfView" : 0.4426294,
    "perspective" : false,
    "lookDirection" : {
      "x" : 0.9444289,
      "y" : -0.23782966,
      "z" : -0.22691749
    },
    "upDirection" : {
      "x" : 0.09177838,
      "y" : 0.8536419,
      "z" : -0.5127117
    },
    "position" : {
      "x" : -302.38608,
      "y" : 76.148,
      "z" : 72.65416
    }
  },
  "embedding" : [ 1.0, 0.0, 0.0, 0.0, 0.0, 1.0, 0.0, 0.0, 0.0, 0.0, 1.0, 0.0, 0.0, 0.0, 0.0, 1.0 ],
  "shapes" : [ {
    "id" : "00ddd0c2-3cd0-4e0a-b007-d45383d2626a",
    "vertices" : [ {
      "x" : 11.09017,
      "y" : -8.472136,
      "z" : -4.236068
    }, {
      "x" : 9.472136,
      "y" : -4.236068,
      "z" : -4.236068
    }, {
      "x" : 13.708204,
      "y" : -4.236068,
      "z" : -2.618034
    } ],
    "faces" : [ {
      "vertices" : [ 0, 1, 2 ]
    }, {
      "vertices" : [ 0, 2, 1 ]
    } ]
  }, {
    "id" : "617f1703-366a-40f6-8c72-aa57ab1fea95",
    "vertices" : [ {
      "x" : -13.708204,
      "y" : -4.236068,
      "z" : -2.618034
    }, {
      "x" : -9.472136,
      "y" : -4.236068,
      "z" : -4.236068
    }, {
      "x" : -11.09017,
      "y" : -8.472136,
      "z" : -4.236068
    } ],
    "faces" : [ {
      "vertices" : [ 0, 1, 2 ]
    }, {
      "vertices" : [ 0, 2, 1 ]
    } ]
  }, {
    "id" : "ac763f30-fd36-4aba-9fb8-3bb3ca724e9e",
    "vertices" : [ {
      "x" : 2.618034,
      "y" : 13.708204,
      "z" : 4.236068
    }, {
      "x" : 0.0,
      "y" : 11.09017,
      "z" : 1.618034
    }, {
      "x" : -2.618034,
      "y" : 13.708204,
      "z" : 4.236068
    } ],
    "faces" : [ {
      "vertices" : [ 0, 1, 2 ]
    }, {
      "vertices" : [ 0, 2, 1 ]
    } ]
  }, {
    "id" : "ff89b6b7-4173-4a93-8288-38307ea54121",
    "vertices" : [ {
      "x" : -8.472136,
      "y" : -2.618034,
      "z" : 6.854102
    }, {
      "x" : -8.472136,
      "y" : 2.618034,
      "z" : 6.854102
    }, {
      "x" : -11.09017,
      "y" : 0.0,
      "z" : 9.472136
    } ],
    "faces" : [ {
      "vertices" : [ 0, 1, 2 ]
    }, {
      "vertices" : [ 0, 2, 1 ]
    } ]
  }, {
    "id" : "8b34cbb9-cd80-4a91-a792-f443d74e7110",
    "vertices" : [ {
      "x" : -2.618034,
      "y" : 6.854102,
      "z" : 8.472136
    }, {
      "x" : -6.854102,
      "y" : 2.618034,
      "z" : 4.236068
    }, {
      "x" : -4.236068,
      "y" : 9.472136,
      "z" : 4.236068
    } ],
    "faces" : [ {
      "vertices" : [ 0, 1, 2 ]
    }, {
      "vertices" : [ 0, 2, 1 ]
    } ]
  }, {
    "id" : "71c6396f-48ce-460b-86a4-d25b055a7945",
    "vertices" : [ {
      "x" : 4.236068,
      "y" : 2.618034,
      "z" : -13.708204
    }, {
      "x" : 4.236068,
      "y" : 4.236068,
      "z" : -9.472136
    }, {
      "x" : 8.472136,
      "y" : 4.236068,
      "z" : -11.09017
    } ],
    "faces" : [ {
      "vertices" : [ 0, 1, 2 ]
    }, {
      "vertices" : [ 0, 2, 1 ]
    } ]
  }, {
    "id" : "d5bd2010-8904-475c-83a9-cb36dd91e47c",
    "vertices" : [ {
      "x" : 13.708204,
      "y" : -4.236068,
      "z" : -2.618034
    }, {
      "x" : 20.562305,
      "y" : -4.236068,
      "z" : 0.0
    }, {
      "x" : 17.944271,
      "y" : -8.472136,
      "z" : -6.854102
    } ],
    "faces" : [ {
      "vertices" : [ 0, 1, 2 ]
    }, {
      "vertices" : [ 0, 2, 1 ]
    } ]
  }, {
    "id" : "274c9c43-4cc2-41e4-92e9-ea7dbf9c5990",
    "vertices" : [ {
      "x" : -2.618034,
      "y" : -13.708204,
      "z" : 4.236068
    }, {
      "x" : 0.0,
      "y" : -11.09017,
      "z" : 1.618034
    }, {
      "x" : 2.618034,
      "y" : -13.708204,
      "z" : 4.236068
    } ],
    "faces" : [ {
      "vertices" : [ 0, 1, 2 ]
    }, {
      "vertices" : [ 0, 2, 1 ]
    } ]
  }, {
    "id" : "b3698a75-2c2f-47cd-903b-1fceeec73427",
    "vertices" : [ {
      "x" : -4.236068,
      "y" : -11.09017,
      "z" : 8.472136
    }, {
      "x" : -4.236068,
      "y" : -9.472136,
      "z" : 4.236068
    }, {
      "x" : -2.618034,
      "y" : -13.708204,
      "z" : 4.236068
    } ],
    "faces" : [ {
      "vertices" : [ 0, 1, 2 ]
    }, {
      "vertices" : [ 0, 2, 1 ]
    } ]
  }, {
    "id" : "114fe14b-993a-4113-ad10-576cdcad5b7e",
    "vertices" : [ {
      "x" : -4.236068,
      "y" : 9.472136,
      "z" : 4.236068
    }, {
      "x" : -4.236068,
      "y" : 6.854102,
      "z" : -2.618034
    }, {
      "x" : 0.0,
      "y" : 11.09017,
      "z" : 1.618034
    } ],
    "faces" : [ {
      "vertices" : [ 0, 1, 2 ]
    }, {
      "vertices" : [ 0, 2, 1 ]
    } ]
  }, {
    "id" : "edaa8029-65a0-4442-bc42-0a4850e55bb0",
    "vertices" : [ {
      "x" : 11.09017,
      "y" : -8.472136,
      "z" : 4.236068
    }, {
      "x" : 13.708204,
      "y" : -15.326238,
      "z" : 4.236068
    }, {
      "x" : 9.472136,
      "y" : -11.09017,
      "z" : 0.0
    } ],
    "faces" : [ {
      "vertices" : [ 0, 1, 2 ]
    }, {
      "vertices" : [ 0, 2, 1 ]
    } ]
  }, {
    "id" : "7c5d09f4-8f06-4850-bda6-d5ac39a6e8b7",
    "vertices" : [ {
      "x" : 4.236068,
      "y" : 4.236068,
      "z" : 9.472136
    }, {
      "x" : 8.472136,
      "y" : 2.618034,
      "z" : 6.854102
    }, {
      "x" : 8.472136,
      "y" : 4.236068,
      "z" : 11.09017
    } ],
    "faces" : [ {
      "vertices" : [ 0, 1, 2 ]
    }, {
      "vertices" : [ 0, 2, 1 ]
    } ]
  }, {
    "id" : "3de1f22b-46a3-45d1-a2fd-d5ca8cf5ad25",
    "vertices" : [ {
      "x" : -9.472136,
      "y" : -4.236068,
      "z" : 4.236068
    }, {
      "x" : -6.854102,
      "y" : 2.618034,
      "z" : 4.236068
    }, {
      "x" : -2.618034,
      "y" : -4.236068,
      "z" : 6.854102
    } ],
    "faces" : [ {
      "vertices" : [ 0, 1, 2 ]
    }, {
      "vertices" : [ 0, 2, 1 ]
    } ]
  }, {
    "id" : "d325d186-7712-4b87-96ef-b4bdfbbd02bd",
    "vertices" : [ {
      "x" : 35.888542,
      "y" : 0.0,
      "z" : -13.708204
    }, {
      "x" : 35.579525,
      "y" : 0.0,
      "z" : -13.59017
    }, {
      "x" : 35.17502,
      "y" : -0.1545085,
      "z" : -13.149187
    }, {
      "x" : 34.984035,
      "y" : -0.1545085,
      "z" : -13.649187
    }, {
      "x" : 0.9045085,
      "y" : -0.1545085,
      "z" : -0.059016995
    }, {
      "x" : 0.809017,
      "y" : 0.309017,
      "z" : -0.309017
    }, {
      "x" : 0.309017,
      "y" : 0.0,
      "z" : -0.11803399
    }, {
      "x" : 35.079525,
      "y" : 0.309017,
      "z" : -13.399187
    }, {
      "x" : 0.7135255,
      "y" : -0.1545085,
      "z" : -0.559017
    } ],
    "faces" : [ {
      "vertices" : [ 2, 4, 8 ]
    }, {
      "vertices" : [ 2, 8, 3 ]
    }, {
      "vertices" : [ 2, 7, 5 ]
    }, {
      "vertices" : [ 2, 5, 4 ]
    }, {
      "vertices" : [ 4, 6, 8 ]
    }, {
      "vertices" : [ 5, 8, 6 ]
    }, {
      "vertices" : [ 1, 2, 3 ]
    }, {
      "vertices" : [ 3, 8, 5 ]
    }, {
      "vertices" : [ 3, 5, 7 ]
    }, {
      "vertices" : [ 1, 7, 2 ]
    }, {
      "vertices" : [ 1, 3, 7 ]
    }, {
      "vertices" : [ 4, 5, 6 ]
    } ]
  }, {
    "id" : "4c5dd49b-3eb2-48c7-8398-47fc62884b37",
    "vertices" : [ {
      "x" : -4.236068,
      "y" : 11.09017,
      "z" : 8.472136
    }, {
      "x" : -4.236068,
      "y" : 13.708204,
      "z" : 15.326238
    }, {
      "x" : 0.0,
      "y" : 9.472136,
      "z" : 11.09017
    } ],
    "faces" : [ {
      "vertices" : [ 0, 1, 2 ]
    }, {
      "vertices" : [ 0, 2, 1 ]
    } ]
  }, {
    "id" : "56e10282-571a-40f6-b7a1-37752eec9395",
    "vertices" : [ {
      "x" : 1.618034,
      "y" : 0.0,
      "z" : 11.09017
    }, {
      "x" : 4.236068,
      "y" : 4.236068,
      "z" : 9.472136
    }, {
      "x" : 4.236068,
      "y" : 2.618034,
      "z" : 13.708204
    } ],
    "faces" : [ {
      "vertices" : [ 0, 1, 2 ]
    }, {
      "vertices" : [ 0, 2, 1 ]
    } ]
  }, {
    "id" : "9fc7b762-3f0a-4af3-8890-eb33d41e2f82",
    "vertices" : [ {
      "x" : -4.236068,
      "y" : -4.236068,
      "z" : 9.472136
    }, {
      "x" : -8.472136,
      "y" : -2.618034,
      "z" : 6.854102
    }, {
      "x" : -8.472136,
      "y" : -4.236068,
      "z" : 11.09017
    } ],
    "faces" : [ {
      "vertices" : [ 0, 1, 2 ]
    }, {
      "vertices" : [ 0, 2, 1 ]
    } ]
  }, {
    "id" : "445b7053-ff90-40cb-afb8-52c573f305cd",
    "vertices" : [ {
      "x" : -6.854102,
      "y" : 8.472136,
      "z" : 2.618034
    }, {
      "x" : -2.618034,
      "y" : 4.236068,
      "z" : 6.854102
    }, {
      "x" : -9.472136,
      "y" : 4.236068,
      "z" : 4.236068
    } ],
    "faces" : [ {
      "vertices" : [ 0, 1, 2 ]
    }, {
      "vertices" : [ 0, 2, 1 ]
    } ]
  }, {
    "id" : "bc9ad81c-bbd0-4e64-af6b-31adf92edc3b",
    "vertices" : [ {
      "x" : -2.618034,
      "y" : 13.708204,
      "z" : -4.236068
    }, {
      "x" : 0.0,
      "y" : 20.562305,
      "z" : -4.236068
    }, {
      "x" : -6.854102,
      "y" : 17.944271,
      "z" : -8.472136
    } ],
    "faces" : [ {
      "vertices" : [ 0, 1, 2 ]
    }, {
      "vertices" : [ 0, 2, 1 ]
    } ]
  }, {
    "id" : "0d1c2cb3-7128-4d71-9304-fdfbaed92bcd",
    "vertices" : [ {
      "x" : 4.236068,
      "y" : 9.472136,
      "z" : -4.236068
    }, {
      "x" : 0.0,
      "y" : 11.09017,
      "z" : -1.618034
    }, {
      "x" : 2.618034,
      "y" : 13.708204,
      "z" : -4.236068
    } ],
    "faces" : [ {
      "vertices" : [ 0, 1, 2 ]
    }, {
      "vertices" : [ 0, 2, 1 ]
    } ]
  }, {
    "id" : "20bcf90d-b791-491a-88ec-c9b1398d98f2",
    "vertices" : [ {
      "x" : -4.236068,
      "y" : -2.618034,
      "z" : -13.708204
    }, {
      "x" : -4.236068,
      "y" : -4.236068,
      "z" : -9.472136
    }, {
      "x" : -8.472136,
      "y" : -4.236068,
      "z" : -11.09017
    } ],
    "faces" : [ {
      "vertices" : [ 0, 1, 2 ]
    }, {
      "vertices" : [ 0, 2, 1 ]
    } ]
  }, {
    "id" : "9b9b6ae3-7346-4b0e-91e2-ccd89a72ff7d",
    "vertices" : [ {
      "x" : -1.618034,
      "y" : 0.0,
      "z" : 11.09017
    }, {
      "x" : 2.618034,
      "y" : 4.236068,
      "z" : 6.854102
    }, {
      "x" : 2.618034,
      "y" : -4.236068,
      "z" : 6.854102
    } ],
    "faces" : [ {
      "vertices" : [ 0, 1, 2 ]
    }, {
      "vertices" : [ 0, 2, 1 ]
    } ]
  }, {
    "id" : "7d3918e0-9d83-49c9-9db9-d3e57129eb0b",
    "vertices" : [ {
      "x" : 0.0,
      "y" : 9.472136,
      "z" : 11.09017
    }, {
      "x" : 4.236068,
      "y" : 13.708204,
      "z" : 15.326238
    }, {
      "x" : -4.236068,
      "y" : 13.708204,
      "z" : 15.326238
    } ],
    "faces" : [ {
      "vertices" : [ 0, 1, 2 ]
    }, {
      "vertices" : [ 0, 2, 1 ]
    } ]
  }, {
    "id" : "81854b62-f0e6-492d-8d67-cdd2de000ab6",
    "vertices" : [ {
      "x" : 11.09017,
      "y" : 8.472136,
      "z" : -4.236068
    }, {
      "x" : 13.708204,
      "y" : 15.326238,
      "z" : -4.236068
    }, {
      "x" : 9.472136,
      "y" : 11.09017,
      "z" : 0.0
    } ],
    "faces" : [ {
      "vertices" : [ 0, 1, 2 ]
    }, {
      "vertices" : [ 0, 2, 1 ]
    } ]
  }, {
    "id" : "917a8cd1-5679-4ee3-bbb9-5317b191cc4a",
    "vertices" : [ {
      "x" : 2.618034,
      "y" : 6.854102,
      "z" : 8.472136
    }, {
      "x" : -2.618034,
      "y" : 6.854102,
      "z" : 8.472136
    }, {
      "x" : 0.0,
      "y" : 9.472136,
      "z" : 11.09017
    } ],
    "faces" : [ {
      "vertices" : [ 0, 1, 2 ]
    }, {
      "vertices" : [ 0, 2, 1 ]
    } ]
  }, {
    "id" : "c07c02a3-0c3d-4003-8567-8b78fcf8098b",
    "vertices" : [ {
      "x" : 8.472136,
      "y" : 2.618034,
      "z" : 6.854102
    }, {
      "x" : 8.472136,
      "y" : -2.618034,
      "z" : 6.854102
    }, {
      "x" : 11.09017,
      "y" : 0.0,
      "z" : 9.472136
    } ],
    "faces" : [ {
      "vertices" : [ 0, 1, 2 ]
    }, {
      "vertices" : [ 0, 2, 1 ]
    } ]
  }, {
    "id" : "2b89f4bc-ca80-436a-a65c-2d5693014ccb",
    "vertices" : [ {
      "x" : -2.618034,
      "y" : 6.854102,
      "z" : 8.472136
    }, {
      "x" : -4.236068,
      "y" : 9.472136,
      "z" : 4.236068
    }, {
      "x" : -4.236068,
      "y" : 11.09017,
      "z" : 8.472136
    } ],
    "faces" : [ {
      "vertices" : [ 0, 1, 2 ]
    }, {
      "vertices" : [ 0, 2, 1 ]
    } ]
  }, {
    "id" : "2dd26814-e82a-4f17-949c-0be5b76ad436",
    "vertices" : [ {
      "x" : 4.236068,
      "y" : 9.472136,
      "z" : -4.236068
    }, {
      "x" : 6.854102,
      "y" : 2.618034,
      "z" : -4.236068
    }, {
      "x" : 4.236068,
      "y" : 6.854102,
      "z" : 2.618034
    } ],
    "faces" : [ {
      "vertices" : [ 0, 1, 2 ]
    }, {
      "vertices" : [ 0, 2, 1 ]
    } ]
  }, {
    "id" : "dd682e24-3eb8-480f-85e9-4d8767095dad",
    "vertices" : [ {
      "x" : -2.618034,
      "y" : -6.854102,
      "z" : -8.472136
    }, {
      "x" : -6.854102,
      "y" : -2.618034,
      "z" : -4.236068
    }, {
      "x" : -4.236068,
      "y" : -9.472136,
      "z" : -4.236068
    } ],
    "faces" : [ {
      "vertices" : [ 0, 1, 2 ]
    }, {
      "vertices" : [ 0, 2, 1 ]
    } ]
  }, {
    "id" : "86000f1e-d371-49f8-9c86-c027e5e1deeb",
    "vertices" : [ {
      "x" : 6.854102,
      "y" : -8.472136,
      "z" : -2.618034
    }, {
      "x" : 6.854102,
      "y" : -8.472136,
      "z" : 2.618034
    }, {
      "x" : 9.472136,
      "y" : -11.09017,
      "z" : 0.0
    } ],
    "faces" : [ {
      "vertices" : [ 0, 1, 2 ]
    }, {
      "vertices" : [ 0, 2, 1 ]
    } ]
  }, {
    "id" : "dda15554-7249-4bb1-b0a5-a06af604d03c",
    "vertices" : [ {
      "x" : 11.09017,
      "y" : 8.472136,
      "z" : 4.236068
    }, {
      "x" : 17.944271,
      "y" : 8.472136,
      "z" : 6.854102
    }, {
      "x" : 13.708204,
      "y" : 4.236068,
      "z" : 2.618034
    } ],
    "faces" : [ {
      "vertices" : [ 0, 1, 2 ]
    }, {
      "vertices" : [ 0, 2, 1 ]
    } ]
  }, {
    "id" : "942ffb9e-705b-43ef-b500-9fbd8bd60995",
    "vertices" : [ {
      "x" : -9.472136,
      "y" : 4.236068,
      "z" : 4.236068
    }, {
      "x" : -11.09017,
      "y" : 1.618034,
      "z" : 0.0
    }, {
      "x" : -13.708204,
      "y" : 4.236068,
      "z" : 2.618034
    } ],
    "faces" : [ {
      "vertices" : [ 0, 1, 2 ]
    }, {
      "vertices" : [ 0, 2, 1 ]
    } ]
  }, {
    "id" : "6744aba2-0cd7-4d66-9cf2-e3de2fd6fa09",
    "vertices" : [ {
      "x" : -4.236068,
      "y" : 2.618034,
      "z" : -13.708204
    }, {
      "x" : -1.618034,
      "y" : 0.0,
      "z" : -11.09017
    }, {
      "x" : -4.236068,
      "y" : -2.618034,
      "z" : -13.708204
    } ],
    "faces" : [ {
      "vertices" : [ 0, 1, 2 ]
    }, {
      "vertices" : [ 0, 2, 1 ]
    } ]
  }, {
    "id" : "1a6b0ae8-c374-457a-b1ac-215170b97bdd",
    "vertices" : [ {
      "x" : -2.618034,
      "y" : 6.854102,
      "z" : 8.472136
    }, {
      "x" : 0.0,
      "y" : 0.0,
      "z" : 8.472136
    }, {
      "x" : -6.854102,
      "y" : 2.618034,
      "z" : 4.236068
    } ],
    "faces" : [ {
      "vertices" : [ 0, 1, 2 ]
    }, {
      "vertices" : [ 0, 2, 1 ]
    } ]
  }, {
    "id" : "efea7196-bd7d-42ba-9791-24f683a5d129",
    "vertices" : [ {
      "x" : -11.09017,
      "y" : 1.618034,
      "z" : 0.0
    }, {
      "x" : -9.472136,
      "y" : 4.236068,
      "z" : -4.236068
    }, {
      "x" : -13.708204,
      "y" : 4.236068,
      "z" : -2.618034
    } ],
    "faces" : [ {
      "vertices" : [ 0, 1, 2 ]
    }, {
      "vertices" : [ 0, 2, 1 ]
    } ]
  }, {
    "id" : "a4f3d525-b0dd-4678-a64d-805920a11ade",
    "vertices" : [ {
      "x" : -8.472136,
      "y" : 2.618034,
      "z" : 6.854102
    }, {
      "x" : -4.236068,
      "y" : 6.854102,
      "z" : 2.618034
    }, {
      "x" : -4.236068,
      "y" : 4.236068,
      "z" : 9.472136
    } ],
    "faces" : [ {
      "vertices" : [ 0, 1, 2 ]
    }, {
      "vertices" : [ 0, 2, 1 ]
    } ]
  }, {
    "id" : "2f052592-e6fa-46a5-bf33-4d9d3c8970eb",
    "vertices" : [ {
      "x" : -2.618034,
      "y" : 6.854102,
      "z" : -8.472136
    }, {
      "x" : 0.0,
      "y" : 0.0,
      "z" : -8.472136
    }, {
      "x" : 2.618034,
      "y" : 6.854102,
      "z" : -8.472136
    } ],
    "faces" : [ {
      "vertices" : [ 0, 1, 2 ]
    }, {
      "vertices" : [ 0, 2, 1 ]
    } ]
  }, {
    "id" : "ba5b6cbc-ea4b-4262-9dfb-83cecd768eea",
    "vertices" : [ {
      "x" : 11.09017,
      "y" : 8.472136,
      "z" : 4.236068
    }, {
      "x" : 17.944271,
      "y" : 8.472136,
      "z" : 6.854102
    }, {
      "x" : 13.708204,
      "y" : 15.326238,
      "z" : 4.236068
    } ],
    "faces" : [ {
      "vertices" : [ 0, 1, 2 ]
    }, {
      "vertices" : [ 0, 2, 1 ]
    } ]
  }, {
    "id" : "4d27e37e-006f-4108-b40f-238a4d7af340",
    "vertices" : [ {
      "x" : 2.618034,
      "y" : 6.854102,
      "z" : -8.472136
    }, {
      "x" : 0.0,
      "y" : 0.0,
      "z" : -8.472136
    }, {
      "x" : 6.854102,
      "y" : 2.618034,
      "z" : -4.236068
    } ],
    "faces" : [ {
      "vertices" : [ 0, 1, 2 ]
    }, {
      "vertices" : [ 0, 2, 1 ]
    } ]
  }, {
    "id" : "7e5b20ad-d546-41bc-a788-51bec929c9e7",
    "vertices" : [ {
      "x" : 4.236068,
      "y" : 2.618034,
      "z" : 13.708204
    }, {
      "x" : 4.236068,
      "y" : 0.0,
      "z" : 20.562305
    }, {
      "x" : 4.236068,
      "y" : -2.618034,
      "z" : 13.708204
    } ],
    "faces" : [ {
      "vertices" : [ 0, 1, 2 ]
    }, {
      "vertices" : [ 0, 2, 1 ]
    } ]
  }, {
    "id" : "fbded57a-17fe-4e62-81d7-869fa65ee981",
    "vertices" : [ {
      "x" : 4.236068,
      "y" : -2.618034,
      "z" : -13.708204
    }, {
      "x" : 4.236068,
      "y" : 0.0,
      "z" : -20.562305
    }, {
      "x" : 4.236068,
      "y" : 2.618034,
      "z" : -13.708204
    } ],
    "faces" : [ {
      "vertices" : [ 0, 1, 2 ]
    }, {
      "vertices" : [ 0, 2, 1 ]
    } ]
  }, {
    "id" : "f596da06-11b8-4206-a3c1-4e4f4bb05be4",
    "vertices" : [ {
      "x" : -6.854102,
      "y" : 8.472136,
      "z" : -2.618034
    }, {
      "x" : -6.854102,
      "y" : 8.472136,
      "z" : 2.618034
    }, {
      "x" : -9.472136,
      "y" : 11.09017,
      "z" : 0.0
    } ],
    "faces" : [ {
      "vertices" : [ 0, 1, 2 ]
    }, {
      "vertices" : [ 0, 2, 1 ]
    } ]
  }, {
    "id" : "0171f5c0-928c-4bc1-90cf-1604ea0e3a2f",
    "vertices" : [ {
      "x" : -4.236068,
      "y" : 11.09017,
      "z" : -8.472136
    }, {
      "x" : -6.854102,
      "y" : 17.944271,
      "z" : -8.472136
    }, {
      "x" : -2.618034,
      "y" : 13.708204,
      "z" : -4.236068
    } ],
    "faces" : [ {
      "vertices" : [ 0, 1, 2 ]
    }, {
      "vertices" : [ 0, 2, 1 ]
    } ]
  }, {
    "id" : "8c3095cf-a05f-4754-98bf-0792e58b699a",
    "vertices" : [ {
      "x" : -2.618034,
      "y" : -6.854102,
      "z" : 8.472136
    }, {
      "x" : 2.618034,
      "y" : -6.854102,
      "z" : 8.472136
    }, {
      "x" : 0.0,
      "y" : -9.472136,
      "z" : 11.09017
    } ],
    "faces" : [ {
      "vertices" : [ 0, 1, 2 ]
    }, {
      "vertices" : [ 0, 2, 1 ]
    } ]
  }, {
    "id" : "4a1e7a24-ad43-42b5-972b-dcddf3948485",
    "vertices" : [ {
      "x" : -13.708204,
      "y" : 4.236068,
      "z" : 2.618034
    }, {
      "x" : -17.944271,
      "y" : 8.472136,
      "z" : 6.854102
    }, {
      "x" : -20.562305,
      "y" : 4.236068,
      "z" : 0.0
    } ],
    "faces" : [ {
      "vertices" : [ 0, 1, 2 ]
    }, {
      "vertices" : [ 0, 2, 1 ]
    } ]
  }, {
    "id" : "5752948c-4423-4f44-aadf-08d4ca049725",
    "vertices" : [ {
      "x" : -2.618034,
      "y" : -13.708204,
      "z" : 4.236068
    }, {
      "x" : 0.0,
      "y" : -20.562305,
      "z" : 4.236068
    }, {
      "x" : 2.618034,
      "y" : -13.708204,
      "z" : 4.236068
    } ],
    "faces" : [ {
      "vertices" : [ 0, 1, 2 ]
    }, {
      "vertices" : [ 0, 2, 1 ]
    } ]
  }, {
    "id" : "c9eb5a04-2731-487b-86bf-c1d4d8b122d8",
    "vertices" : [ {
      "x" : 11.09017,
      "y" : -1.618034,
      "z" : 0.0
    }, {
      "x" : 9.472136,
      "y" : -4.236068,
      "z" : -4.236068
    }, {
      "x" : 13.708204,
      "y" : -4.236068,
      "z" : -2.618034
    } ],
    "faces" : [ {
      "vertices" : [ 0, 1, 2 ]
    }, {
      "vertices" : [ 0, 2, 1 ]
    } ]
  }, {
    "id" : "b91b868c-020c-4c4c-ab1b-6f3f2aa4dcd3",
    "vertices" : [ {
      "x" : -4.236068,
      "y" : -9.472136,
      "z" : 4.236068
    }, {
      "x" : -4.236068,
      "y" : -6.854102,
      "z" : -2.618034
    }, {
      "x" : -6.854102,
      "y" : -2.618034,
      "z" : 4.236068
    } ],
    "faces" : [ {
      "vertices" : [ 0, 1, 2 ]
    }, {
      "vertices" : [ 0, 2, 1 ]
    } ]
  }, {
    "id" : "37e49808-0f69-4fe8-9b81-6be02782b608",
    "vertices" : [ {
      "x" : -4.236068,
      "y" : -9.472136,
      "z" : -4.236068
    }, {
      "x" : 0.0,
      "y" : -11.09017,
      "z" : -1.618034
    }, {
      "x" : -2.618034,
      "y" : -13.708204,
      "z" : -4.236068
    } ],
    "faces" : [ {
      "vertices" : [ 0, 1, 2 ]
    }, {
      "vertices" : [ 0, 2, 1 ]
    } ]
  }, {
    "id" : "1948dfe3-86a8-4afa-b163-440ee41c15f9",
    "vertices" : [ {
      "x" : -8.472136,
      "y" : -4.236068,
      "z" : -11.09017
    }, {
      "x" : -15.326238,
      "y" : -4.236068,
      "z" : -13.708204
    }, {
      "x" : -11.09017,
      "y" : 0.0,
      "z" : -9.472136
    } ],
    "faces" : [ {
      "vertices" : [ 0, 1, 2 ]
    }, {
      "vertices" : [ 0, 2, 1 ]
    } ]
  }, {
    "id" : "8633832c-75af-4678-a449-a2506cbb2715",
    "vertices" : [ {
      "x" : 4.236068,
      "y" : -9.472136,
      "z" : 4.236068
    }, {
      "x" : 6.854102,
      "y" : -2.618034,
      "z" : 4.236068
    }, {
      "x" : 4.236068,
      "y" : -6.854102,
      "z" : -2.618034
    } ],
    "faces" : [ {
      "vertices" : [ 0, 1, 2 ]
    }, {
      "vertices" : [ 0, 2, 1 ]
    } ]
  }, {
    "id" : "ba147f61-119e-4c85-b4ee-971a33ba77f1",
    "vertices" : [ {
      "x" : 0.0,
      "y" : 11.09017,
      "z" : 1.618034
    }, {
      "x" : -4.236068,
      "y" : 6.854102,
      "z" : -2.618034
    }, {
      "x" : 4.236068,
      "y" : 6.854102,
      "z" : -2.618034
    } ],
    "faces" : [ {
      "vertices" : [ 0, 1, 2 ]
    }, {
      "vertices" : [ 0, 2, 1 ]
    } ]
  }, {
    "id" : "cace793f-21f5-47f6-bade-7fc84767d61a",
    "vertices" : [ {
      "x" : 8.472136,
      "y" : -2.618034,
      "z" : -6.854102
    }, {
      "x" : 8.472136,
      "y" : 0.0,
      "z" : 0.0
    }, {
      "x" : 8.472136,
      "y" : 2.618034,
      "z" : -6.854102
    } ],
    "faces" : [ {
      "vertices" : [ 0, 1, 2 ]
    }, {
      "vertices" : [ 0, 2, 1 ]
    } ]
  }, {
    "id" : "0227c0d7-b12b-403d-bccf-21c361d8da97",
    "vertices" : [ {
      "x" : 8.472136,
      "y" : 2.618034,
      "z" : -6.854102
    }, {
      "x" : 4.236068,
      "y" : 4.236068,
      "z" : -9.472136
    }, {
      "x" : 8.472136,
      "y" : 4.236068,
      "z" : -11.09017
    } ],
    "faces" : [ {
      "vertices" : [ 0, 1, 2 ]
    }, {
      "vertices" : [ 0, 2, 1 ]
    } ]
  }, {
    "id" : "54f2a2d0-ee74-4065-90aa-f4751bcb70d3",
    "vertices" : [ {
      "x" : 0.0,
      "y" : -9.472136,
      "z" : 11.09017
    }, {
      "x" : -4.236068,
      "y" : -13.708204,
      "z" : 15.326238
    }, {
      "x" : -4.236068,
      "y" : -11.09017,
      "z" : 8.472136
    } ],
    "faces" : [ {
      "vertices" : [ 0, 1, 2 ]
    }, {
      "vertices" : [ 0, 2, 1 ]
    } ]
  }, {
    "id" : "efb580d3-eb78-4a27-b536-142e3558c4ac",
    "vertices" : [ {
      "x" : -4.236068,
      "y" : 4.236068,
      "z" : 9.472136
    }, {
      "x" : 2.618034,
      "y" : 4.236068,
      "z" : 6.854102
    }, {
      "x" : -1.618034,
      "y" : 0.0,
      "z" : 11.09017
    } ],
    "faces" : [ {
      "vertices" : [ 0, 1, 2 ]
    }, {
      "vertices" : [ 0, 2, 1 ]
    } ]
  }, {
    "id" : "01e7fded-d56c-418b-9d4e-528dee02fecb",
    "vertices" : [ {
      "x" : -1.618034,
      "y" : 0.0,
      "z" : 11.09017
    }, {
      "x" : -4.236068,
      "y" : -4.236068,
      "z" : 9.472136
    }, {
      "x" : -4.236068,
      "y" : -2.618034,
      "z" : 13.708204
    } ],
    "faces" : [ {
      "vertices" : [ 0, 1, 2 ]
    }, {
      "vertices" : [ 0, 2, 1 ]
    } ]
  }, {
    "id" : "7f32dd49-6d09-40da-bbfe-1ed09d7a75be",
    "vertices" : [ {
      "x" : -13.708204,
      "y" : 4.236068,
      "z" : -2.618034
    }, {
      "x" : -20.562305,
      "y" : 4.236068,
      "z" : 0.0
    }, {
      "x" : -17.944271,
      "y" : 8.472136,
      "z" : -6.854102
    } ],
    "faces" : [ {
      "vertices" : [ 0, 1, 2 ]
    }, {
      "vertices" : [ 0, 2, 1 ]
    } ]
  }, {
    "id" : "7b52b158-387b-40dd-83ad-de2f4e6a2a48",
    "vertices" : [ {
      "x" : -2.618034,
      "y" : -6.854102,
      "z" : 8.472136
    }, {
      "x" : 0.0,
      "y" : 0.0,
      "z" : 8.472136
    }, {
      "x" : 2.618034,
      "y" : -6.854102,
      "z" : 8.472136
    } ],
    "faces" : [ {
      "vertices" : [ 0, 1, 2 ]
    }, {
      "vertices" : [ 0, 2, 1 ]
    } ]
  }, {
    "id" : "0e616081-4e88-4ed8-871b-fb39fc63f493",
    "vertices" : [ {
      "x" : -6.854102,
      "y" : 8.472136,
      "z" : 2.618034
    }, {
      "x" : -9.472136,
      "y" : 4.236068,
      "z" : 4.236068
    }, {
      "x" : -11.09017,
      "y" : 8.472136,
      "z" : 4.236068
    } ],
    "faces" : [ {
      "vertices" : [ 0, 1, 2 ]
    }, {
      "vertices" : [ 0, 2, 1 ]
    } ]
  }, {
    "id" : "daf56354-9e4c-42bb-86a2-4835112a99b8",
    "vertices" : [ {
      "x" : -4.236068,
      "y" : -9.472136,
      "z" : 4.236068
    }, {
      "x" : -6.854102,
      "y" : -2.618034,
      "z" : 4.236068
    }, {
      "x" : -2.618034,
      "y" : -6.854102,
      "z" : 8.472136
    } ],
    "faces" : [ {
      "vertices" : [ 0, 1, 2 ]
    }, {
      "vertices" : [ 0, 2, 1 ]
    } ]
  }, {
    "id" : "e409be81-01fa-49e5-8a4a-6d4f0335f40e",
    "vertices" : [ {
      "x" : 4.236068,
      "y" : -9.472136,
      "z" : -4.236068
    }, {
      "x" : 2.618034,
      "y" : -6.854102,
      "z" : -8.472136
    }, {
      "x" : 4.236068,
      "y" : -11.09017,
      "z" : -8.472136
    } ],
    "faces" : [ {
      "vertices" : [ 0, 1, 2 ]
    }, {
      "vertices" : [ 0, 2, 1 ]
    } ]
  }, {
    "id" : "3e3627b7-0deb-4067-9600-e8b99fdc0ea5",
    "vertices" : [ {
      "x" : 4.236068,
      "y" : -4.236068,
      "z" : 9.472136
    }, {
      "x" : 1.618034,
      "y" : 0.0,
      "z" : 11.09017
    }, {
      "x" : 4.236068,
      "y" : -2.618034,
      "z" : 13.708204
    } ],
    "faces" : [ {
      "vertices" : [ 0, 1, 2 ]
    }, {
      "vertices" : [ 0, 2, 1 ]
    } ]
  }, {
    "id" : "dd16e35b-0cd6-492e-890a-0a7355880059",
    "vertices" : [ {
      "x" : 4.236068,
      "y" : -2.618034,
      "z" : 13.708204
    }, {
      "x" : 8.472136,
      "y" : -6.854102,
      "z" : 17.944271
    }, {
      "x" : 8.472136,
      "y" : -4.236068,
      "z" : 11.09017
    } ],
    "faces" : [ {
      "vertices" : [ 0, 1, 2 ]
    }, {
      "vertices" : [ 0, 2, 1 ]
    } ]
  }, {
    "id" : "de5a1a19-d7c1-4c35-9b73-bff2beeec5f0",
    "vertices" : [ {
      "x" : -4.236068,
      "y" : -2.618034,
      "z" : 13.708204
    }, {
      "x" : -1.618034,
      "y" : 0.0,
      "z" : 11.09017
    }, {
      "x" : -4.236068,
      "y" : 2.618034,
      "z" : 13.708204
    } ],
    "faces" : [ {
      "vertices" : [ 0, 1, 2 ]
    }, {
      "vertices" : [ 0, 2, 1 ]
    } ]
  }, {
    "id" : "7fd510c3-b1d0-4078-9b74-dfbb3d19d3b9",
    "vertices" : [ {
      "x" : 0.0,
      "y" : -11.09017,
      "z" : -1.618034
    }, {
      "x" : 4.236068,
      "y" : -6.854102,
      "z" : 2.618034
    }, {
      "x" : 4.236068,
      "y" : -9.472136,
      "z" : -4.236068
    } ],
    "faces" : [ {
      "vertices" : [ 0, 1, 2 ]
    }, {
      "vertices" : [ 0, 2, 1 ]
    } ]
  }, {
    "id" : "87ea2b46-db00-4374-9972-4a728190dbf4",
    "vertices" : [ {
      "x" : 4.236068,
      "y" : -9.472136,
      "z" : -4.236068
    }, {
      "x" : 4.236068,
      "y" : -6.854102,
      "z" : 2.618034
    }, {
      "x" : 6.854102,
      "y" : -2.618034,
      "z" : -4.236068
    } ],
    "faces" : [ {
      "vertices" : [ 0, 1, 2 ]
    }, {
      "vertices" : [ 0, 2, 1 ]
    } ]
  }, {
    "id" : "fee6a04d-7ecf-47bc-924a-feead4ba9930",
    "vertices" : [ {
      "x" : 11.09017,
      "y" : 0.0,
      "z" : 9.472136
    }, {
      "x" : 15.326238,
      "y" : 4.236068,
      "z" : 13.708204
    }, {
      "x" : 15.326238,
      "y" : -4.236068,
      "z" : 13.708204
    } ],
    "faces" : [ {
      "vertices" : [ 0, 1, 2 ]
    }, {
      "vertices" : [ 0, 2, 1 ]
    } ]
  }, {
    "id" : "114362d5-8086-4798-8026-c2c192f724f2",
    "vertices" : [ {
      "x" : -6.854102,
      "y" : -8.472136,
      "z" : 2.618034
    }, {
      "x" : 0.0,
      "y" : -8.472136,
      "z" : 0.0
    }, {
      "x" : -6.854102,
      "y" : -8.472136,
      "z" : -2.618034
    } ],
    "faces" : [ {
      "vertices" : [ 0, 1, 2 ]
    }, {
      "vertices" : [ 0, 2, 1 ]
    } ]
  }, {
    "id" : "61a5b61b-2f39-4e73-8f02-b1e24c2beab2",
    "vertices" : [ {
      "x" : 11.09017,
      "y" : -1.618034,
      "z" : 0.0
    }, {
      "x" : 6.854102,
      "y" : 2.618034,
      "z" : -4.236068
    }, {
      "x" : 9.472136,
      "y" : -4.236068,
      "z" : -4.236068
    } ],
    "faces" : [ {
      "vertices" : [ 0, 1, 2 ]
    }, {
      "vertices" : [ 0, 2, 1 ]
    } ]
  }, {
    "id" : "3f5d96bd-e059-4db0-ab90-b2b05a541c07",
    "vertices" : [ {
      "x" : 4.236068,
      "y" : 4.236068,
      "z" : -9.472136
    }, {
      "x" : 1.618034,
      "y" : 0.0,
      "z" : -11.09017
    }, {
      "x" : 4.236068,
      "y" : 2.618034,
      "z" : -13.708204
    } ],
    "faces" : [ {
      "vertices" : [ 0, 1, 2 ]
    }, {
      "vertices" : [ 0, 2, 1 ]
    } ]
  }, {
    "id" : "a5d4b633-d51b-44bb-97a1-b686840b4854",
    "vertices" : [ {
      "x" : 11.09017,
      "y" : -8.472136,
      "z" : -4.236068
    }, {
      "x" : 17.944271,
      "y" : -8.472136,
      "z" : -6.854102
    }, {
      "x" : 13.708204,
      "y" : -15.326238,
      "z" : -4.236068
    } ],
    "faces" : [ {
      "vertices" : [ 0, 1, 2 ]
    }, {
      "vertices" : [ 0, 2, 1 ]
    } ]
  }, {
    "id" : "6e14540c-f77a-4959-99c1-9b3c36eccb29",
    "vertices" : [ {
      "x" : -11.09017,
      "y" : 0.0,
      "z" : 9.472136
    }, {
      "x" : -15.326238,
      "y" : -4.236068,
      "z" : 13.708204
    }, {
      "x" : -15.326238,
      "y" : 4.236068,
      "z" : 13.708204
    } ],
    "faces" : [ {
      "vertices" : [ 0, 1, 2 ]
    }, {
      "vertices" : [ 0, 2, 1 ]
    } ]
  }, {
    "id" : "ddd071a4-7084-4ca6-88f1-e8450c9187c9",
    "vertices" : [ {
      "x" : 8.472136,
      "y" : -4.236068,
      "z" : 11.09017
    }, {
      "x" : 15.326238,
      "y" : -4.236068,
      "z" : 13.708204
    }, {
      "x" : 11.09017,
      "y" : 0.0,
      "z" : 9.472136
    } ],
    "faces" : [ {
      "vertices" : [ 0, 1, 2 ]
    }, {
      "vertices" : [ 0, 2, 1 ]
    } ]
  }, {
    "id" : "0d296b2f-d54e-4644-9ce6-74146bfdbae9",
    "vertices" : [ {
      "x" : 6.854102,
      "y" : 8.472136,
      "z" : 2.618034
    }, {
      "x" : 2.618034,
      "y" : 4.236068,
      "z" : 6.854102
    }, {
      "x" : 0.0,
      "y" : 8.472136,
      "z" : 0.0
    } ],
    "faces" : [ {
      "vertices" : [ 0, 1, 2 ]
    }, {
      "vertices" : [ 0, 2, 1 ]
    } ]
  }, {
    "id" : "18dfd698-ecfa-4678-803f-5cb6770a1e32",
    "vertices" : [ {
      "x" : 9.472136,
      "y" : 4.236068,
      "z" : 4.236068
    }, {
      "x" : 6.854102,
      "y" : -2.618034,
      "z" : 4.236068
    }, {
      "x" : 2.618034,
      "y" : 4.236068,
      "z" : 6.854102
    } ],
    "faces" : [ {
      "vertices" : [ 0, 1, 2 ]
    }, {
      "vertices" : [ 0, 2, 1 ]
    } ]
  }, {
    "id" : "976de626-ff83-4545-ac48-e4278586d3b7",
    "vertices" : [ {
      "x" : 0.0,
      "y" : -11.09017,
      "z" : 1.618034
    }, {
      "x" : -4.236068,
      "y" : -6.854102,
      "z" : -2.618034
    }, {
      "x" : -4.236068,
      "y" : -9.472136,
      "z" : 4.236068
    } ],
    "faces" : [ {
      "vertices" : [ 0, 1, 2 ]
    }, {
      "vertices" : [ 0, 2, 1 ]
    } ]
  }, {
    "id" : "768c2e9c-f4e8-4de5-85ab-1ead7c3d03da",
    "vertices" : [ {
      "x" : 9.472136,
      "y" : 4.236068,
      "z" : -4.236068
    }, {
      "x" : 11.09017,
      "y" : 1.618034,
      "z" : 0.0
    }, {
      "x" : 13.708204,
      "y" : 4.236068,
      "z" : -2.618034
    } ],
    "faces" : [ {
      "vertices" : [ 0, 1, 2 ]
    }, {
      "vertices" : [ 0, 2, 1 ]
    } ]
  }, {
