{
  "polygons" : "true",
  "field" : "golden",
  "symmetry" : "icosahedral",
  "orientations" : [ [ 1.0, 0.0, 0.0, 0.0, 0.0, 1.0, 0.0, 0.0, 0.0, 0.0, 1.0, 0.0, 0.0, 0.0, 0.0, 1.0 ], [ 0.0, 0.0, 1.0, 0.0, 1.0, 0.0, 0.0, 0.0, 0.0, 1.0, 0.0, 0.0, 0.0, 0.0, 0.0, 1.0 ], [ 0.0, 1.0, 0.0, 0.0, 0.0, 0.0, 1.0, 0.0, 1.0, 0.0, 0.0, 0.0, 0.0, 0.0, 0.0, 1.0 ], [ 0.809017, 0.309017, 0.5, 0.0, 0.309017, 0.5, -0.809017, 0.0, -0.5, 0.809017, 0.309017, 0.0, 0.0, 0.0, 0.0, 1.0 ], [ -0.5, 0.809017, 0.309017, 0.0, 0.809017, 0.309017, 0.5, 0.0, 0.309017, 0.5, -0.809017, 0.0, 0.0, 0.0, 0.0, 1.0 ], [ 0.309017, 0.5, -0.809017, 0.0, -0.5, 0.809017, 0.309017, 0.0, 0.809017, 0.309017, 0.5, 0.0, 0.0, 0.0, 0.0, 1.0 ], [ 0.5, 0.809017, 0.309017, 0.0, 0.809017, -0.309017, -0.5, 0.0, -0.309017, 0.5, -0.809017, 0.0, 0.0, 0.0, 0.0, 1.0 ], [ -0.309017, 0.5, -0.809017, 0.0, 0.5, 0.809017, 0.309017, 0.0, 0.809017, -0.309017, -0.5, 0.0, 0.0, 0.0, 0.0, 1.0 ], [ 0.809017, -0.309017, -0.5, 0.0, -0.309017, 0.5, -0.809017, 0.0, 0.5, 0.809017, 0.309017, 0.0, 0.0, 0.0, 0.0, 1.0 ], [ 0.5, 0.809017, -0.309017, 0.0, 0.809017, -0.309017, 0.5, 0.0, 0.309017, -0.5, -0.809017, 0.0, 0.0, 0.0, 0.0, 1.0 ], [ 0.309017, -0.5, -0.809017, 0.0, 0.5, 0.809017, -0.309017, 0.0, 0.809017, -0.309017, 0.5, 0.0, 0.0, 0.0, 0.0, 1.0 ], [ 0.809017, -0.309017, 0.5, 0.0, 0.309017, -0.5, -0.809017, 0.0, 0.5, 0.809017, -0.309017, 0.0, 0.0, 0.0, 0.0, 1.0 ], [ 0.809017, 0.309017, -0.5, 0.0, 0.309017, 0.5, 0.809017, 0.0, 0.5, -0.809017, 0.309017, 0.0, 0.0, 0.0, 0.0, 1.0 ], [ 0.5, -0.809017, 0.309017, 0.0, 0.809017, 0.309017, -0.5, 0.0, 0.309017, 0.5, 0.809017, 0.0, 0.0, 0.0, 0.0, 1.0 ], [ 0.309017, 0.5, 0.809017, 0.0, 0.5, -0.809017, 0.309017, 0.0, 0.809017, 0.309017, -0.5, 0.0, 0.0, 0.0, 0.0, 1.0 ], [ 1.0, 0.0, 0.0, 0.0, 0.0, -1.0, 0.0, 0.0, 0.0, 0.0, -1.0, 0.0, 0.0, 0.0, 0.0, 1.0 ], [ 0.0, 0.0, 1.0, 0.0, -1.0, 0.0, 0.0, 0.0, 0.0, -1.0, 0.0, 0.0, 0.0, 0.0, 0.0, 1.0 ], [ 0.0, 1.0, 0.0, 0.0, 0.0, 0.0, -1.0, 0.0, -1.0, 0.0, 0.0, 0.0, 0.0, 0.0, 0.0, 1.0 ], [ 0.809017, 0.309017, 0.5, 0.0, -0.309017, -0.5, 0.809017, 0.0, 0.5, -0.809017, -0.309017, 0.0, 0.0, 0.0, 0.0, 1.0 ], [ -0.5, 0.809017, 0.309017, 0.0, -0.809017, -0.309017, -0.5, 0.0, -0.309017, -0.5, 0.809017, 0.0, 0.0, 0.0, 0.0, 1.0 ], [ 0.309017, 0.5, -0.809017, 0.0, 0.5, -0.809017, -0.309017, 0.0, -0.809017, -0.309017, -0.5, 0.0, 0.0, 0.0, 0.0, 1.0 ], [ 0.5, 0.809017, 0.309017, 0.0, -0.809017, 0.309017, 0.5, 0.0, 0.309017, -0.5, 0.809017, 0.0, 0.0, 0.0, 0.0, 1.0 ], [ -0.309017, 0.5, -0.809017, 0.0, -0.5, -0.809017, -0.309017, 0.0, -0.809017, 0.309017, 0.5, 0.0, 0.0, 0.0, 0.0, 1.0 ], [ 0.809017, -0.309017, -0.5, 0.0, 0.309017, -0.5, 0.809017, 0.0, -0.5, -0.809017, -0.309017, 0.0, 0.0, 0.0, 0.0, 1.0 ], [ 0.5, 0.809017, -0.309017, 0.0, -0.809017, 0.309017, -0.5, 0.0, -0.309017, 0.5, 0.809017, 0.0, 0.0, 0.0, 0.0, 1.0 ], [ 0.309017, -0.5, -0.809017, 0.0, -0.5, -0.809017, 0.309017, 0.0, -0.809017, 0.309017, -0.5, 0.0, 0.0, 0.0, 0.0, 1.0 ], [ 0.809017, -0.309017, 0.5, 0.0, -0.309017, 0.5, 0.809017, 0.0, -0.5, -0.809017, 0.309017, 0.0, 0.0, 0.0, 0.0, 1.0 ], [ 0.809017, 0.309017, -0.5, 0.0, -0.309017, -0.5, -0.809017, 0.0, -0.5, 0.809017, -0.309017, 0.0, 0.0, 0.0, 0.0, 1.0 ], [ 0.5, -0.809017, 0.309017, 0.0, -0.809017, -0.309017, 0.5, 0.0, -0.309017, -0.5, -0.809017, 0.0, 0.0, 0.0, 0.0, 1.0 ], [ 0.309017, 0.5, 0.809017, 0.0, -0.5, 0.809017, -0.309017, 0.0, -0.809017, -0.309017, 0.5, 0.0, 0.0, 0.0, 0.0, 1.0 ], [ -1.0, 0.0, 0.0, 0.0, 0.0, -1.0, 0.0, 0.0, 0.0, 0.0, 1.0, 0.0, 0.0, 0.0, 0.0, 1.0 ], [ 0.0, 0.0, -1.0, 0.0, -1.0, 0.0, 0.0, 0.0, 0.0, 1.0, 0.0, 0.0, 0.0, 0.0, 0.0, 1.0 ], [ 0.0, -1.0, 0.0, 0.0, 0.0, 0.0, -1.0, 0.0, 1.0, 0.0, 0.0, 0.0, 0.0, 0.0, 0.0, 1.0 ], [ -0.809017, -0.309017, -0.5, 0.0, -0.309017, -0.5, 0.809017, 0.0, -0.5, 0.809017, 0.309017, 0.0, 0.0, 0.0, 0.0, 1.0 ], [ 0.5, -0.809017, -0.309017, 0.0, -0.809017, -0.309017, -0.5, 0.0, 0.309017, 0.5, -0.809017, 0.0, 0.0, 0.0, 0.0, 1.0 ], [ -0.309017, -0.5, 0.809017, 0.0, 0.5, -0.809017, -0.309017, 0.0, 0.809017, 0.309017, 0.5, 0.0, 0.0, 0.0, 0.0, 1.0 ], [ -0.5, -0.809017, -0.309017, 0.0, -0.809017, 0.309017, 0.5, 0.0, -0.309017, 0.5, -0.809017, 0.0, 0.0, 0.0, 0.0, 1.0 ], [ 0.309017, -0.5, 0.809017, 0.0, -0.5, -0.809017, -0.309017, 0.0, 0.809017, -0.309017, -0.5, 0.0, 0.0, 0.0, 0.0, 1.0 ], [ -0.809017, 0.309017, 0.5, 0.0, 0.309017, -0.5, 0.809017, 0.0, 0.5, 0.809017, 0.309017, 0.0, 0.0, 0.0, 0.0, 1.0 ], [ -0.5, -0.809017, 0.309017, 0.0, -0.809017, 0.309017, -0.5, 0.0, 0.309017, -0.5, -0.809017, 0.0, 0.0, 0.0, 0.0, 1.0 ], [ -0.309017, 0.5, 0.809017, 0.0, -0.5, -0.809017, 0.309017, 0.0, 0.809017, -0.309017, 0.5, 0.0, 0.0, 0.0, 0.0, 1.0 ], [ -0.809017, 0.309017, -0.5, 0.0, -0.309017, 0.5, 0.809017, 0.0, 0.5, 0.809017, -0.309017, 0.0, 0.0, 0.0, 0.0, 1.0 ], [ -0.809017, -0.309017, 0.5, 0.0, -0.309017, -0.5, -0.809017, 0.0, 0.5, -0.809017, 0.309017, 0.0, 0.0, 0.0, 0.0, 1.0 ], [ -0.5, 0.809017, -0.309017, 0.0, -0.809017, -0.309017, 0.5, 0.0, 0.309017, 0.5, 0.809017, 0.0, 0.0, 0.0, 0.0, 1.0 ], [ -0.309017, -0.5, -0.809017, 0.0, -0.5, 0.809017, -0.309017, 0.0, 0.809017, 0.309017, -0.5, 0.0, 0.0, 0.0, 0.0, 1.0 ], [ -1.0, 0.0, 0.0, 0.0, 0.0, 1.0, 0.0, 0.0, 0.0, 0.0, -1.0, 0.0, 0.0, 0.0, 0.0, 1.0 ], [ 0.0, 0.0, -1.0, 0.0, 1.0, 0.0, 0.0, 0.0, 0.0, -1.0, 0.0, 0.0, 0.0, 0.0, 0.0, 1.0 ], [ 0.0, -1.0, 0.0, 0.0, 0.0, 0.0, 1.0, 0.0, -1.0, 0.0, 0.0, 0.0, 0.0, 0.0, 0.0, 1.0 ], [ -0.809017, -0.309017, -0.5, 0.0, 0.309017, 0.5, -0.809017, 0.0, 0.5, -0.809017, -0.309017, 0.0, 0.0, 0.0, 0.0, 1.0 ], [ 0.5, -0.809017, -0.309017, 0.0, 0.809017, 0.309017, 0.5, 0.0, -0.309017, -0.5, 0.809017, 0.0, 0.0, 0.0, 0.0, 1.0 ], [ -0.309017, -0.5, 0.809017, 0.0, -0.5, 0.809017, 0.309017, 0.0, -0.809017, -0.309017, -0.5, 0.0, 0.0, 0.0, 0.0, 1.0 ], [ -0.5, -0.809017, -0.309017, 0.0, 0.809017, -0.309017, -0.5, 0.0, 0.309017, -0.5, 0.809017, 0.0, 0.0, 0.0, 0.0, 1.0 ], [ 0.309017, -0.5, 0.809017, 0.0, 0.5, 0.809017, 0.309017, 0.0, -0.809017, 0.309017, 0.5, 0.0, 0.0, 0.0, 0.0, 1.0 ], [ -0.809017, 0.309017, 0.5, 0.0, -0.309017, 0.5, -0.809017, 0.0, -0.5, -0.809017, -0.309017, 0.0, 0.0, 0.0, 0.0, 1.0 ], [ -0.5, -0.809017, 0.309017, 0.0, 0.809017, -0.309017, 0.5, 0.0, -0.309017, 0.5, 0.809017, 0.0, 0.0, 0.0, 0.0, 1.0 ], [ -0.309017, 0.5, 0.809017, 0.0, 0.5, 0.809017, -0.309017, 0.0, -0.809017, 0.309017, -0.5, 0.0, 0.0, 0.0, 0.0, 1.0 ], [ -0.809017, 0.309017, -0.5, 0.0, 0.309017, -0.5, -0.809017, 0.0, -0.5, -0.809017, 0.309017, 0.0, 0.0, 0.0, 0.0, 1.0 ], [ -0.809017, -0.309017, 0.5, 0.0, 0.309017, 0.5, 0.809017, 0.0, -0.5, 0.809017, -0.309017, 0.0, 0.0, 0.0, 0.0, 1.0 ], [ -0.5, 0.809017, -0.309017, 0.0, 0.809017, 0.309017, -0.5, 0.0, -0.309017, -0.5, -0.809017, 0.0, 0.0, 0.0, 0.0, 1.0 ], [ -0.309017, -0.5, -0.809017, 0.0, 0.5, -0.809017, 0.309017, 0.0, -0.809017, -0.309017, 0.5, 0.0, 0.0, 0.0, 0.0, 1.0 ] ],
  "lights" : {
    "ambientColor" : "#292929",
    "backgroundColor" : "#999999",
    "directionalLights" : [ {
      "direction" : [ 1.0, -1.0, -1.0 ],
      "color" : "#EBEBE4"
    }, {
      "direction" : [ -1.0, 0.0, 0.0 ],
      "color" : "#E4E4EB"
    }, {
      "direction" : [ 0.0, 0.0, -1.0 ],
      "color" : "#1E1E1E"
    } ]
  },
  "camera" : {
    "stereo" : false,
    "width" : 111.09339,
    "lookAtPoint" : {
      "x" : 0.0,
      "y" : 0.0,
      "z" : 0.0
    },
    "lookDirection" : {
      "x" : 0.0,
      "y" : 0.0,
      "z" : -1.0
    },
    "upDirection" : {
      "x" : 0.0,
      "y" : 1.0,
      "z" : 0.0
    },
    "nearClipDistance" : 0.61718595,
    "farClipDistance" : 493.74765,
    "perspective" : true,
    "fieldOfView" : 0.44262868,
    "viewDistance" : 246.87433,
    "lookAtPointRV" : {
      "x" : 0.0,
      "y" : 0.0,
      "z" : 0.0,
      "zero" : true
    },
    "lookDirectionRV" : {
      "x" : 0.0,
      "y" : 0.0,
      "z" : -1.0,
      "zero" : false
    },
    "upDirectionRV" : {
      "x" : 0.0,
      "y" : 1.0,
      "z" : 0.0,
      "zero" : false
    },
    "position" : {
      "x" : 0.0,
      "y" : 0.0,
      "z" : 246.87433
    }
  },
  "embedding" : [ 1.0, 0.0, 0.0, 0.0, 0.0, 1.0, 0.0, 0.0, 0.0, 0.0, 1.0, 0.0, 0.0, 0.0, 0.0, 1.0 ],
  "shapes" : [ {
    "id" : "c19a8208-5216-41d4-a99f-4218bd5608f7",
    "vertices" : [ {
      "x" : 0.0,
      "y" : 0.0,
      "z" : 0.0
    }, {
      "x" : 0.0,
      "y" : -1.47595,
      "z" : 0.0
    }, {
      "x" : -2.618034,
      "y" : 2.760118,
      "z" : -6.854102
    }, {
      "x" : -2.1619403,
      "y" : 3.498093,
      "z" : -5.660033
    } ],
    "faces" : [ {
      "vertices" : [ 0, 1, 2, 3 ]
    }, {
      "vertices" : [ 0, 3, 2, 1 ]
    } ]
  }, {
    "id" : "b1964a67-2481-44b5-a2de-1e153562b104",
    "vertices" : [ {
      "x" : 0.0,
      "y" : 0.0,
      "z" : 0.0
    }, {
      "x" : 0.0,
      "y" : 4.320181,
      "z" : 2.6700184
    }, {
      "x" : 2.1619403,
      "y" : 0.8220877,
      "z" : 8.330052
    }, {
      "x" : 2.1619403,
      "y" : -3.498093,
      "z" : 5.660033
    } ],
    "faces" : [ {
      "vertices" : [ 0, 1, 2, 3 ]
    }, {
      "vertices" : [ 0, 3, 2, 1 ]
    } ]
  }, {
    "id" : "2ee8b5ac-0602-4d9e-98e5-1d86d262cb1d",
    "name" : "ball",
    "vertices" : [ {
      "x" : -0.309017,
      "y" : -0.19098301,
      "z" : 0.0
    }, {
      "x" : -0.309017,
      "y" : 0.19098301,
      "z" : 0.0
    }, {
      "x" : -0.19098301,
      "y" : 0.0,
      "z" : -0.309017
    }, {
      "x" : -0.19098301,
      "y" : 0.0,
      "z" : 0.309017
    }, {
      "x" : 0.0,
      "y" : -0.309017,
      "z" : -0.19098301
    }, {
      "x" : 0.0,
      "y" : -0.309017,
      "z" : 0.19098301
    }, {
      "x" : 0.0,
      "y" : 0.309017,
      "z" : -0.19098301
    }, {
      "x" : 0.0,
      "y" : 0.309017,
      "z" : 0.19098301
    }, {
      "x" : 0.19098301,
      "y" : 0.0,
      "z" : -0.309017
    }, {
      "x" : 0.19098301,
      "y" : 0.0,
      "z" : 0.309017
    }, {
      "x" : 0.309017,
      "y" : -0.19098301,
      "z" : 0.0
    }, {
      "x" : 0.309017,
      "y" : 0.19098301,
      "z" : 0.0
    } ],
    "faces" : [ {
      "vertices" : [ 0, 1, 2 ]
    }, {
      "vertices" : [ 0, 3, 1 ]
    }, {
      "vertices" : [ 0, 2, 4 ]
    }, {
      "vertices" : [ 0, 5, 3 ]
    }, {
      "vertices" : [ 0, 4, 5 ]
    }, {
      "vertices" : [ 1, 6, 2 ]
    }, {
      "vertices" : [ 1, 3, 7 ]
    }, {
      "vertices" : [ 1, 7, 6 ]
    }, {
      "vertices" : [ 2, 8, 4 ]
    }, {
      "vertices" : [ 2, 6, 8 ]
    }, {
      "vertices" : [ 3, 5, 9 ]
    }, {
      "vertices" : [ 3, 9, 7 ]
    }, {
      "vertices" : [ 4, 10, 5 ]
    }, {
      "vertices" : [ 4, 8, 10 ]
    }, {
      "vertices" : [ 5, 10, 9 ]
    }, {
      "vertices" : [ 6, 7, 11 ]
    }, {
      "vertices" : [ 6, 11, 8 ]
    }, {
      "vertices" : [ 7, 9, 11 ]
    }, {
      "vertices" : [ 8, 11, 10 ]
    }, {
      "vertices" : [ 9, 10, 11 ]
    } ]
  }, {
    "id" : "c5df38d5-5f39-43b0-bc6e-1cf0b9344a2d",
    "vertices" : [ {
      "x" : 0.0,
      "y" : 0.0,
      "z" : 0.0
    }, {
      "x" : -1.1940686,
      "y" : 1.9320436,
      "z" : 0.737975
    }, {
      "x" : -1.1940686,
      "y" : 1.9320436,
      "z" : 7.734161
    }, {
      "x" : 0.0,
      "y" : 0.0,
      "z" : 8.472136
    } ],
    "faces" : [ {
      "vertices" : [ 0, 1, 2, 3 ]
    }, {
      "vertices" : [ 0, 3, 2, 1 ]
    } ]
  }, {
    "id" : "65f6dfb5-44fd-4087-9b36-dcd2b6259eab",
    "vertices" : [ {
      "x" : 0.0,
      "y" : 0.0,
      "z" : 0.0
    }, {
      "x" : 0.4560936,
      "y" : -0.737975,
      "z" : 1.1940686
    }, {
      "x" : -2.1619403,
      "y" : -4.974043,
      "z" : -5.660033
    }, {
      "x" : -2.1619403,
      "y" : -3.498093,
      "z" : -5.660033
    } ],
    "faces" : [ {
      "vertices" : [ 0, 1, 2, 3 ]
    }, {
      "vertices" : [ 0, 3, 2, 1 ]
    } ]
  }, {
    "id" : "981e973d-2b2b-4432-b31a-b7359cf69dd0",
    "vertices" : [ {
      "x" : 0.0,
      "y" : 0.0,
      "z" : 0.0
    }, {
      "x" : 0.0,
      "y" : -0.737975,
      "z" : 0.737975
    }, {
      "x" : 0.0,
      "y" : -7.734161,
      "z" : 0.737975
    }, {
      "x" : 0.0,
      "y" : -8.472136,
      "z" : 0.0
    } ],
    "faces" : [ {
      "vertices" : [ 0, 1, 2, 3 ]
    }, {
      "vertices" : [ 0, 3, 2, 1 ]
    } ]
  }, {
    "id" : "5137cdd5-07e1-405a-9103-49ee23ed3084",
    "vertices" : [ {
      "x" : 0.0,
      "y" : 0.0,
      "z" : 0.0
    }, {
      "x" : 0.4560936,
      "y" : 0.737975,
      "z" : 1.1940686
    }, {
      "x" : 0.4560936,
      "y" : -7.734161,
      "z" : 1.1940686
    }, {
      "x" : 0.0,
      "y" : -6.996186,
      "z" : 0.0
    } ],
    "faces" : [ {
      "vertices" : [ 0, 1, 2, 3 ]
    }, {
      "vertices" : [ 0, 3, 2, 1 ]
    } ]
  }, {
    "id" : "ad1bfb00-3686-42b3-8cde-d66025dcd256",
    "vertices" : [ {
      "x" : 0.0,
      "y" : 0.0,
      "z" : 0.0
    }, {
      "x" : 0.0,
      "y" : 0.0,
      "z" : -5.5142493
    }, {
      "x" : 0.0,
      "y" : 6.996186,
      "z" : -5.5142493
    }, {
      "x" : 0.0,
      "y" : 6.996186,
      "z" : 0.0
    } ],
    "faces" : [ {
      "vertices" : [ 0, 1, 2, 3 ]
    }, {
      "vertices" : [ 0, 3, 2, 1 ]
    } ]
  }, {
    "id" : "816e4137-2cef-4125-a014-21ba679258ff",
    "vertices" : [ {
      "x" : 0.0,
      "y" : 0.0,
      "z" : 0.0
    }, {
      "x" : 0.0,
      "y" : 0.737975,
      "z" : -0.737975
    }, {
      "x" : 0.0,
      "y" : 7.734161,
      "z" : -0.737975
    }, {
      "x" : 0.0,
      "y" : 8.472136,
      "z" : 0.0
    } ],
    "faces" : [ {
      "vertices" : [ 0, 1, 2, 3 ]
    }, {
      "vertices" : [ 0, 3, 2, 1 ]
    } ]
  }, {
    "id" : "fe7e0cec-2d8b-43a4-b896-5448e51a9bd8",
    "vertices" : [ {
      "x" : 0.0,
      "y" : 0.0,
      "z" : 0.0
    }, {
      "x" : 1.1940686,
      "y" : -1.9320436,
      "z" : -0.737975
    }, {
      "x" : 1.1940686,
      "y" : -1.9320436,
      "z" : -7.734161
    }, {
      "x" : 0.0,
      "y" : 0.0,
      "z" : -8.472136
    } ],
    "faces" : [ {
      "vertices" : [ 0, 1, 2, 3 ]
    }, {
      "vertices" : [ 0, 3, 2, 1 ]
    } ]
  }, {
    "id" : "4b6aacd1-690b-4cc5-8bd9-2e419cddf65d",
    "vertices" : [ {
      "x" : 0.0,
      "y" : 0.0,
      "z" : 0.0
    }, {
      "x" : 0.0,
      "y" : -4.320181,
      "z" : -2.6700184
    }, {
      "x" : -2.1619403,
      "y" : -0.8220877,
      "z" : -8.330052
    }, {
      "x" : -2.1619403,
      "y" : 3.498093,
      "z" : -5.660033
    } ],
    "faces" : [ {
      "vertices" : [ 0, 1, 2, 3 ]
    }, {
      "vertices" : [ 0, 3, 2, 1 ]
    } ]
  }, {
    "id" : "59aefefb-3a68-4560-9ebc-14a38bb7c3ad",
    "vertices" : [ {
      "x" : 0.0,
      "y" : 0.0,
      "z" : 0.0
    }, {
      "x" : -1.9320436,
      "y" : 5.0581555,
      "z" : 0.0
    }, {
      "x" : -1.9320436,
      "y" : 5.0581555,
      "z" : 6.996186
    }, {
      "x" : 0.0,
      "y" : 0.0,
      "z" : 6.996186
    } ],
    "faces" : [ {
      "vertices" : [ 0, 1, 2, 3 ]
    }, {
      "vertices" : [ 0, 3, 2, 1 ]
    } ]
  }, {
    "id" : "24442c72-ed5d-4780-9bd3-c63307582f5b",
    "vertices" : [ {
      "x" : 0.0,
      "y" : 0.0,
      "z" : 0.0
    }, {
      "x" : 0.0,
      "y" : 0.0,
      "z" : -8.472136
    }, {
      "x" : 0.0,
      "y" : 0.737975,
      "z" : -7.734161
    }, {
      "x" : 0.0,
      "y" : 0.737975,
      "z" : -0.737975
    } ],
    "faces" : [ {
      "vertices" : [ 0, 1, 2, 3 ]
    }, {
      "vertices" : [ 0, 3, 2, 1 ]
    } ]
  }, {
    "id" : "81aeea24-45f0-47bb-a89a-19870b15b352",
    "vertices" : [ {
      "x" : 0.0,
      "y" : 0.0,
      "z" : 0.0
    }, {
      "x" : 0.737975,
      "y" : -1.1940686,
      "z" : 1.9320436
    }, {
      "x" : 4.236068,
      "y" : -6.854102,
      "z" : -0.22989681
    }, {
      "x" : 4.236068,
      "y" : -6.854102,
      "z" : -2.618034
    } ],
    "faces" : [ {
      "vertices" : [ 0, 1, 2, 3 ]
    }, {
      "vertices" : [ 0, 3, 2, 1 ]
    } ]
  }, {
    "id" : "b6cd0c9e-2334-487b-914a-9d9967ae6f79",
    "vertices" : [ {
      "x" : 0.0,
      "y" : 0.0,
      "z" : 0.0
    }, {
      "x" : 0.0,
      "y" : 0.0,
      "z" : 2.388137
    }, {
      "x" : 3.498093,
      "y" : -5.660033,
      "z" : 4.5500774
    }, {
      "x" : 4.236068,
      "y" : -6.854102,
      "z" : 2.618034
    } ],
    "faces" : [ {
      "vertices" : [ 0, 1, 2, 3 ]
    }, {
      "vertices" : [ 0, 3, 2, 1 ]
    } ]
  }, {
    "id" : "3e1a6153-c0e1-4f63-9946-d77bde0f70cc",
    "vertices" : [ {
      "x" : 0.0,
      "y" : 0.0,
      "z" : 0.0
    }, {
      "x" : 0.0,
      "y" : -5.5142493,
      "z" : 0.0
    }, {
      "x" : 0.0,
      "y" : -5.5142493,
      "z" : -6.996186
    }, {
      "x" : 0.0,
      "y" : 0.0,
      "z" : -6.996186
    } ],
    "faces" : [ {
      "vertices" : [ 0, 1, 2, 3 ]
    }, {
      "vertices" : [ 0, 3, 2, 1 ]
    } ]
  }, {
    "id" : "9e4887cd-f752-46f7-9dd4-2adc3d437ea6",
    "vertices" : [ {
      "x" : 0.0,
      "y" : 0.0,
      "z" : 0.0
    }, {
      "x" : 1.1940686,
      "y" : -1.9320436,
      "z" : 0.737975
    }, {
      "x" : 3.356009,
      "y" : -5.4301367,
      "z" : -4.9220586
    }, {
      "x" : 2.618034,
      "y" : -4.236068,
      "z" : -6.854102
    } ],
    "faces" : [ {
      "vertices" : [ 0, 1, 2, 3 ]
    }, {
      "vertices" : [ 0, 3, 2, 1 ]
    } ]
  }, {
    "id" : "b4d15feb-d7d5-40d1-be8a-80f10621b389",
    "vertices" : [ {
      "x" : 0.0,
      "y" : 0.0,
      "z" : 0.0
    }, {
      "x" : 0.737975,
      "y" : -1.1940686,
      "z" : -1.9320436
    }, {
      "x" : -1.4239655,
      "y" : 2.3040245,
      "z" : -7.592077
    }, {
      "x" : -2.618034,
      "y" : 4.236068,
      "z" : -6.854102
    } ],
    "faces" : [ {
      "vertices" : [ 0, 1, 2, 3 ]
    }, {
      "vertices" : [ 0, 3, 2, 1 ]
    } ]
  }, {
    "id" : "52851065-48b1-4d97-9d33-fe35f3de18b0",
    "vertices" : [ {
      "x" : 0.0,
      "y" : 0.0,
      "z" : 0.0
    }, {
      "x" : -0.4560936,
      "y" : 0.737975,
      "z" : -1.1940686
    }, {
      "x" : 2.1619403,
      "y" : 4.974043,
      "z" : 5.660033
    }, {
      "x" : 2.1619403,
      "y" : 3.498093,
      "z" : 5.660033
    } ],
    "faces" : [ {
      "vertices" : [ 0, 1, 2, 3 ]
    }, {
      "vertices" : [ 0, 3, 2, 1 ]
    } ]
  }, {
    "id" : "c4dca05b-3204-474e-9531-636d04328bb3",
    "vertices" : [ {
      "x" : 0.0,
      "y" : 0.0,
      "z" : 0.0
    }, {
      "x" : -0.737975,
      "y" : 1.1940686,
      "z" : -1.9320436
    }, {
      "x" : -4.236068,
      "y" : 6.854102,
      "z" : 0.22989681
    }, {
      "x" : -4.236068,
      "y" : 6.854102,
      "z" : 2.618034
    } ],
    "faces" : [ {
      "vertices" : [ 0, 1, 2, 3 ]
    }, {
      "vertices" : [ 0, 3, 2, 1 ]
    } ]
  }, {
    "id" : "3ff83ad2-9806-4c49-8ff6-9b217f8063d3",
    "vertices" : [ {
      "x" : 0.0,
      "y" : 0.0,
      "z" : 0.0
    }, {
      "x" : -0.4560936,
      "y" : -0.737975,
      "z" : -1.1940686
    }, {
      "x" : -0.4560936,
      "y" : 7.734161,
      "z" : -1.1940686
    }, {
      "x" : 0.0,
      "y" : 6.996186,
      "z" : 0.0
    } ],
    "faces" : [ {
      "vertices" : [ 0, 1, 2, 3 ]
    }, {
      "vertices" : [ 0, 3, 2, 1 ]
    } ]
  }, {
    "id" : "4a143d86-7d17-4503-91bd-33721c7e7d38",
    "vertices" : [ {
      "x" : 0.0,
      "y" : 0.0,
      "z" : 0.0
    }, {
      "x" : 0.0,
      "y" : 5.5142493,
      "z" : 0.0
    }, {
      "x" : 0.0,
      "y" : 5.5142493,
      "z" : 6.996186
    }, {
      "x" : 0.0,
      "y" : 0.0,
      "z" : 6.996186
    } ],
    "faces" : [ {
      "vertices" : [ 0, 1, 2, 3 ]
    }, {
      "vertices" : [ 0, 3, 2, 1 ]
    } ]
  }, {
    "id" : "da41af43-9fca-4fd6-8f05-451c7ebc78a4",
    "vertices" : [ {
      "x" : 0.0,
      "y" : 0.0,
      "z" : 0.0
    }, {
      "x" : 0.0,
      "y" : 1.47595,
      "z" : 0.0
    }, {
      "x" : 2.618034,
      "y" : -2.760118,
      "z" : 6.854102
    }, {
      "x" : 2.1619403,
      "y" : -3.498093,
      "z" : 5.660033
    } ],
    "faces" : [ {
      "vertices" : [ 0, 1, 2, 3 ]
    }, {
      "vertices" : [ 0, 3, 2, 1 ]
    } ]
  }, {
    "id" : "049cf5c3-594d-43ae-b9ee-7a917f01fe2e",
    "vertices" : [ {
      "x" : 0.0,
      "y" : 0.0,
      "z" : 0.0
    }, {
      "x" : 0.0,
      "y" : 0.0,
      "z" : 8.472136
    }, {
      "x" : 0.0,
      "y" : -0.737975,
      "z" : 7.734161
    }, {
      "x" : 0.0,
      "y" : -0.737975,
      "z" : 0.737975
    } ],
    "faces" : [ {
      "vertices" : [ 0, 1, 2, 3 ]
    }, {
      "vertices" : [ 0, 3, 2, 1 ]
    } ]
  }, {
    "id" : "963ec938-75af-49d0-a90b-b2d8721efcb3",
    "vertices" : [ {
      "x" : 0.0,
      "y" : 0.0,
      "z" : 0.0
    }, {
      "x" : 0.0,
      "y" : 0.0,
      "z" : 5.5142493
    }, {
      "x" : 0.0,
      "y" : -6.996186,
      "z" : 5.5142493
    }, {
      "x" : 0.0,
      "y" : -6.996186,
      "z" : 0.0
    } ],
    "faces" : [ {
      "vertices" : [ 0, 1, 2, 3 ]
    }, {
      "vertices" : [ 0, 3, 2, 1 ]
    } ]
  }, {
    "id" : "dd4b1361-b86f-49bb-ac93-140e78947f43",
    "vertices" : [ {
      "x" : 0.0,
      "y" : 0.0,
      "z" : 0.0
    }, {
      "x" : 0.0,
      "y" : 0.0,
      "z" : -2.388137
    }, {
      "x" : -3.498093,
      "y" : 5.660033,
      "z" : -4.5500774
    }, {
      "x" : -4.236068,
      "y" : 6.854102,
      "z" : -2.618034
    } ],
    "faces" : [ {
      "vertices" : [ 0, 1, 2, 3 ]
    }, {
      "vertices" : [ 0, 3, 2, 1 ]
    } ]
  }, {
    "id" : "4b66c8ab-3cd7-445c-a643-4090433f304d",
    "vertices" : [ {
      "x" : 0.0,
      "y" : 0.0,
      "z" : 0.0
    }, {
      "x" : -1.1940686,
      "y" : 1.9320436,
      "z" : -0.737975
    }, {
      "x" : -3.356009,
      "y" : 5.4301367,
      "z" : 4.9220586
    }, {
      "x" : -2.618034,
      "y" : 4.236068,
      "z" : 6.854102
    } ],
    "faces" : [ {
      "vertices" : [ 0, 1, 2, 3 ]
    }, {
      "vertices" : [ 0, 3, 2, 1 ]
    } ]
  }, {
    "id" : "1970beb6-54a2-4d0a-9b14-ed6723096e34",
    "vertices" : [ {
      "x" : 0.0,
      "y" : 0.0,
      "z" : 0.0
    }, {
      "x" : -0.737975,
      "y" : 1.1940686,
      "z" : 1.9320436
    }, {
      "x" : 1.4239655,
      "y" : -2.3040245,
      "z" : 7.592077
    }, {
      "x" : 2.618034,
      "y" : -4.236068,
      "z" : 6.854102
    } ],
    "faces" : [ {
      "vertices" : [ 0, 1, 2, 3 ]
    }, {
      "vertices" : [ 0, 3, 2, 1 ]
    } ]
  }, {
    "id" : "607cb7ae-05cf-4aee-a965-2bb93e4f620b",
    "vertices" : [ {
      "x" : 0.0,
      "y" : 0.0,
      "z" : 0.0
    }, {
      "x" : 0.0,
      "y" : 0.0,
      "z" : 3.4079936
    }, {
      "x" : 0.0,
      "y" : -4.3238807,
      "z" : 3.4079936
    }, {
      "x" : 0.0,
      "y" : -4.3238807,
      "z" : 0.0
    } ],
    "faces" : [ {
      "vertices" : [ 0, 1, 2, 3 ]
    }, {
      "vertices" : [ 0, 3, 2, 1 ]
    } ]
  }, {
    "id" : "861d3818-21bb-4054-a533-cf3789a207e6",
    "vertices" : [ {
      "x" : 0.0,
      "y" : 0.0,
      "z" : 0.0
    }, {
      "x" : -1.1940686,
      "y" : 3.1261122,
      "z" : 0.0
    }, {
      "x" : -1.1940686,
      "y" : 3.1261122,
      "z" : 4.3238807
    }, {
      "x" : 0.0,
      "y" : 0.0,
      "z" : 4.3238807
    } ],
    "faces" : [ {
      "vertices" : [ 0, 1, 2, 3 ]
    }, {
      "vertices" : [ 0, 3, 2, 1 ]
    } ]
  }, {
    "id" : "f540e630-43be-46e2-9d3b-ae18fc5f5b05",
    "vertices" : [ {
      "x" : 0.0,
      "y" : 0.0,
      "z" : 0.0
    }, {
      "x" : 0.0,
      "y" : -2.6700184,
      "z" : -1.6501622
    }, {
      "x" : -1.3361527,
      "y" : -0.50807816,
      "z" : -5.1482553
    }, {
      "x" : -1.3361527,
      "y" : 2.1619403,
      "z" : -3.498093
    } ],
    "faces" : [ {
      "vertices" : [ 0, 1, 2, 3 ]
    }, {
      "vertices" : [ 0, 3, 2, 1 ]
    } ]
  }, {
    "id" : "d44a8bf1-2235-45ff-865a-9735fdc515bf",
    "vertices" : [ {
      "x" : 0.0,
      "y" : 0.0,
      "z" : 0.0
    }, {
      "x" : 0.0,
      "y" : 2.6700184,
      "z" : 1.6501622
    }, {
      "x" : 1.3361527,
      "y" : 0.50807816,
      "z" : 5.1482553
    }, {
      "x" : 1.3361527,
      "y" : -2.1619403,
      "z" : 3.498093
    } ],
    "faces" : [ {
      "vertices" : [ 0, 1, 2, 3 ]
    }, {
      "vertices" : [ 0, 3, 2, 1 ]
    } ]
  }, {
    "id" : "fba5e9ba-fec1-44d4-9349-9493226bf230",
    "vertices" : [ {
      "x" : 0.0,
      "y" : 0.0,
      "z" : 0.0
    }, {
      "x" : 0.0,
      "y" : 0.0,
      "z" : -3.4079936
    }, {
      "x" : 0.0,
      "y" : 4.3238807,
      "z" : -3.4079936
    }, {
      "x" : 0.0,
      "y" : 4.3238807,
      "z" : 0.0
    } ],
    "faces" : [ {
      "vertices" : [ 0, 1, 2, 3 ]
    }, {
      "vertices" : [ 0, 3, 2, 1 ]
    } ]
  }, {
    "id" : "19ee2a48-c347-4db4-b37d-ea774646d7dd",
    "vertices" : [ {
      "x" : 0.0,
      "y" : 0.0,
      "z" : 0.0
    }, {
      "x" : 0.0,
      "y" : 0.0,
      "z" : 1.47595
    }, {
      "x" : 2.1619403,
      "y" : -3.498093,
      "z" : 2.8121026
    }, {
      "x" : 2.618034,
      "y" : -4.236068,
      "z" : 1.618034
    } ],
    "faces" : [ {
      "vertices" : [ 0, 1, 2, 3 ]
    }, {
      "vertices" : [ 0, 3, 2, 1 ]
    } ]
  }, {
    "id" : "24ec9b75-402e-4890-9f34-bf007c383ebc",
    "vertices" : [ {
      "x" : 0.0,
      "y" : 0.0,
      "z" : 0.0
    }, {
      "x" : 0.0,
      "y" : 0.9121872,
      "z" : 0.0
    }, {
      "x" : 1.618034,
      "y" : -1.7058468,
      "z" : 4.236068
    }, {
      "x" : 1.3361527,
      "y" : -2.1619403,
      "z" : 3.498093
    } ],
    "faces" : [ {
      "vertices" : [ 0, 1, 2, 3 ]
    }, {
      "vertices" : [ 0, 3, 2, 1 ]
    } ]
  }, {
    "id" : "c8073887-47c2-40d2-bcb5-646045a5c521",
    "vertices" : [ {
      "x" : 0.0,
      "y" : 0.0,
      "z" : 0.0
    }, {
      "x" : 0.0,
      "y" : 0.0,
      "z" : -5.236068
    }, {
      "x" : 0.0,
      "y" : 0.4560936,
      "z" : -4.7799745
    }, {
      "x" : 0.0,
      "y" : 0.4560936,
      "z" : -0.4560936
    } ],
    "faces" : [ {
      "vertices" : [ 0, 1, 2, 3 ]
    }, {
      "vertices" : [ 0, 3, 2, 1 ]
    } ]
  }, {
    "id" : "8ac8a87d-6ba3-44f4-b5c5-bacebdc35b6b",
    "vertices" : [ {
      "x" : 0.0,
      "y" : 0.0,
      "z" : 0.0
    }, {
      "x" : 0.0,
      "y" : 0.0,
      "z" : 5.236068
    }, {
      "x" : 0.0,
      "y" : -0.4560936,
      "z" : 4.7799745
    }, {
      "x" : 0.0,
      "y" : -0.4560936,
      "z" : 0.4560936
    } ],
    "faces" : [ {
      "vertices" : [ 0, 1, 2, 3 ]
    }, {
      "vertices" : [ 0, 3, 2, 1 ]
    } ]
  }, {
    "id" : "6813d90d-e1dc-4321-8073-6304ade7f168",
    "vertices" : [ {
      "x" : 0.0,
      "y" : 0.0,
      "z" : 0.0
    }, {
      "x" : 0.4560936,
      "y" : -0.737975,
      "z" : 1.1940686
    }, {
      "x" : 2.618034,
      "y" : -4.236068,
      "z" : -0.14208405
    }, {
      "x" : 2.618034,
      "y" : -4.236068,
      "z" : -1.618034
    } ],
    "faces" : [ {
      "vertices" : [ 0, 1, 2, 3 ]
    }, {
      "vertices" : [ 0, 3, 2, 1 ]
    } ]
  }, {
    "id" : "e07a2cf0-82a1-415a-8c46-5e93c6975aaf",
    "vertices" : [ {
      "x" : 0.0,
      "y" : 0.0,
      "z" : 0.0
    }, {
      "x" : -0.28188136,
      "y" : 0.4560936,
      "z" : -0.737975
    }, {
      "x" : 1.3361527,
      "y" : 3.0741277,
      "z" : 3.498093
    }, {
      "x" : 1.3361527,
      "y" : 2.1619403,
      "z" : 3.498093
    } ],
    "faces" : [ {
      "vertices" : [ 0, 1, 2, 3 ]
    }, {
      "vertices" : [ 0, 3, 2, 1 ]
    } ]
  }, {
    "id" : "224d89df-e806-4af1-895a-d28f0d78642c",
    "vertices" : [ {
      "x" : 0.0,
      "y" : 0.0,
      "z" : 0.0
    }, {
      "x" : 0.737975,
      "y" : -1.1940686,
      "z" : -0.4560936
    }, {
      "x" : 0.737975,
      "y" : -1.1940686,
      "z" : -4.7799745
    }, {
      "x" : 0.0,
      "y" : 0.0,
      "z" : -5.236068
    } ],
    "faces" : [ {
      "vertices" : [ 0, 1, 2, 3 ]
    }, {
      "vertices" : [ 0, 3, 2, 1 ]
    } ]
  }, {
    "id" : "c9dedf15-7978-4df6-8e26-6d0498e097d9",
    "vertices" : [ {
      "x" : 0.0,
      "y" : 0.0,
      "z" : 0.0
    }, {
      "x" : 0.0,
      "y" : -0.4560936,
      "z" : 0.4560936
    }, {
      "x" : 0.0,
      "y" : -4.7799745,
      "z" : 0.4560936
    }, {
      "x" : 0.0,
      "y" : -5.236068,
      "z" : 0.0
    } ],
    "faces" : [ {
      "vertices" : [ 0, 1, 2, 3 ]
    }, {
      "vertices" : [ 0, 3, 2, 1 ]
    } ]
  }, {
    "id" : "9fc66401-1a7c-4ead-9777-a7a6b864824c",
    "vertices" : [ {
      "x" : 0.0,
      "y" : 0.0,
      "z" : 0.0
    }, {
      "x" : 0.737975,
      "y" : -1.1940686,
      "z" : 0.4560936
    }, {
      "x" : 2.0741277,
      "y" : -3.356009,
      "z" : -3.0419993
    }, {
      "x" : 1.618034,
      "y" : -2.618034,
      "z" : -4.236068
    } ],
    "faces" : [ {
      "vertices" : [ 0, 1, 2, 3 ]
    }, {
      "vertices" : [ 0, 3, 2, 1 ]
    } ]
  }, {
    "id" : "c0e2eb93-cf0c-44b5-a588-8b8054a41394",
    "vertices" : [ {
      "x" : 0.0,
      "y" : 0.0,
      "z" : 0.0
    }, {
      "x" : 0.0,
      "y" : -0.9121872,
      "z" : 0.0
    }, {
      "x" : -1.618034,
      "y" : 1.7058468,
      "z" : -4.236068
    }, {
      "x" : -1.3361527,
      "y" : 2.1619403,
      "z" : -3.498093
    } ],
    "faces" : [ {
      "vertices" : [ 0, 1, 2, 3 ]
    }, {
      "vertices" : [ 0, 3, 2, 1 ]
    } ]
  }, {
    "id" : "52573dff-78c9-4b8a-8ac4-69016b88a2d9",
    "vertices" : [ {
      "x" : 0.0,
      "y" : 0.0,
      "z" : 0.0
    }, {
      "x" : 0.0,
      "y" : 3.4079936,
      "z" : 0.0
    }, {
      "x" : 0.0,
      "y" : 3.4079936,
      "z" : 4.3238807
    }, {
      "x" : 0.0,
      "y" : 0.0,
      "z" : 4.3238807
    } ],
    "faces" : [ {
      "vertices" : [ 0, 1, 2, 3 ]
    }, {
      "vertices" : [ 0, 3, 2, 1 ]
    } ]
  }, {
    "id" : "a1a7b7e8-2d9c-48b4-a63e-44fae778dfa9",
    "vertices" : [ {
      "x" : 0.0,
      "y" : 0.0,
      "z" : 0.0
    }, {
      "x" : -0.4560936,
      "y" : 0.737975,
      "z" : 1.1940686
    }, {
      "x" : 0.880059,
      "y" : -1.4239655,
      "z" : 4.6921616
    }, {
      "x" : 1.618034,
      "y" : -2.618034,
      "z" : 4.236068
    } ],
    "faces" : [ {
      "vertices" : [ 0, 1, 2, 3 ]
    }, {
      "vertices" : [ 0, 3, 2, 1 ]
    } ]
  }, {
    "id" : "1a49a9f4-724d-435f-a942-6b6144437ac7",
    "vertices" : [ {
      "x" : 0.0,
      "y" : 0.0,
      "z" : 0.0
    }, {
      "x" : 0.0,
      "y" : 0.4560936,
      "z" : -0.4560936
    }, {
      "x" : 0.0,
      "y" : 4.7799745,
      "z" : -0.4560936
    }, {
      "x" : 0.0,
      "y" : 5.236068,
      "z" : 0.0
    } ],
    "faces" : [ {
      "vertices" : [ 0, 1, 2, 3 ]
    }, {
      "vertices" : [ 0, 3, 2, 1 ]
    } ]
  }, {
    "id" : "3c0d1999-59ff-4d0c-bd4b-a8a5d67a4bf9",
    "vertices" : [ {
      "x" : 0.0,
      "y" : 0.0,
      "z" : 0.0
    }, {
      "x" : 0.28188136,
      "y" : 0.4560936,
      "z" : 0.737975
    }, {
      "x" : 0.28188136,
      "y" : -4.7799745,
      "z" : 0.737975
    }, {
      "x" : 0.0,
      "y" : -4.3238807,
      "z" : 0.0
    } ],
    "faces" : [ {
      "vertices" : [ 0, 1, 2, 3 ]
    }, {
      "vertices" : [ 0, 3, 2, 1 ]
    } ]
  }, {
    "id" : "34434fda-2d59-4d11-aba8-820c8fcc3d6f",
    "vertices" : [ {
      "x" : 0.0,
      "y" : 0.0,
      "z" : 0.0
    }, {
      "x" : -0.737975,
      "y" : 1.1940686,
      "z" : -0.4560936
    }, {
      "x" : -2.0741277,
      "y" : 3.356009,
      "z" : 3.0419993
    }, {
      "x" : -1.618034,
      "y" : 2.618034,
      "z" : 4.236068
    } ],
    "faces" : [ {
      "vertices" : [ 0, 1, 2, 3 ]
    }, {
      "vertices" : [ 0, 3, 2, 1 ]
    } ]
  }, {
    "id" : "f9f174f9-67b9-4a23-a585-062c33d0d894",
    "vertices" : [ {
      "x" : 0.0,
      "y" : 0.0,
      "z" : 0.0
    }, {
      "x" : -0.28188136,
      "y" : -0.4560936,
      "z" : -0.737975
    }, {
      "x" : -0.28188136,
      "y" : 4.7799745,
      "z" : -0.737975
    }, {
      "x" : 0.0,
      "y" : 4.3238807,
      "z" : 0.0
    } ],
    "faces" : [ {
      "vertices" : [ 0, 1, 2, 3 ]
    }, {
      "vertices" : [ 0, 3, 2, 1 ]
    } ]
  }, {
    "id" : "ff88f0e1-8d34-4189-95c0-165d1b6da504",
    "vertices" : [ {
      "x" : 0.0,
      "y" : 0.0,
      "z" : 0.0
    }, {
      "x" : 0.4560936,
      "y" : -0.737975,
      "z" : -1.1940686
    }, {
      "x" : -0.880059,
      "y" : 1.4239655,
      "z" : -4.6921616
    }, {
      "x" : -1.618034,
      "y" : 2.618034,
      "z" : -4.236068
    } ],
    "faces" : [ {
      "vertices" : [ 0, 1, 2, 3 ]
    }, {
      "vertices" : [ 0, 3, 2, 1 ]
    } ]
  }, {
    "id" : "2cc9cc69-32f4-460a-a829-e2e4dfa91ed0",
    "vertices" : [ {
      "x" : 0.0,
      "y" : 0.0,
      "z" : 0.0
    }, {
      "x" : 0.28188136,
      "y" : -0.4560936,
      "z" : 0.737975
    }, {
      "x" : -1.3361527,
      "y" : -3.0741277,
      "z" : -3.498093
    }, {
      "x" : -1.3361527,
      "y" : -2.1619403,
      "z" : -3.498093
    } ],
    "faces" : [ {
      "vertices" : [ 0, 1, 2, 3 ]
    }, {
      "vertices" : [ 0, 3, 2, 1 ]
    } ]
  }, {
    "id" : "1c6154db-750b-4c26-a5dd-f309012c28de",
    "vertices" : [ {
      "x" : 0.0,
      "y" : 0.0,
      "z" : 0.0
    }, {
      "x" : -0.737975,
      "y" : 1.1940686,
      "z" : 0.4560936
    }, {
      "x" : -0.737975,
      "y" : 1.1940686,
      "z" : 4.7799745
    }, {
      "x" : 0.0,
      "y" : 0.0,
      "z" : 5.236068
    } ],
    "faces" : [ {
      "vertices" : [ 0, 1, 2, 3 ]
    }, {
      "vertices" : [ 0, 3, 2, 1 ]
    } ]
  }, {
    "id" : "691730d2-214f-42c4-b917-c1567a0f9c88",
    "vertices" : [ {
      "x" : 0.0,
      "y" : 0.0,
      "z" : 0.0
    }, {
      "x" : -0.4560936,
      "y" : 0.737975,
      "z" : -1.1940686
    }, {
      "x" : -2.618034,
      "y" : 4.236068,
      "z" : 0.14208405
    }, {
      "x" : -2.618034,
      "y" : 4.236068,
      "z" : 1.618034
    } ],
    "faces" : [ {
      "vertices" : [ 0, 1, 2, 3 ]
    }, {
      "vertices" : [ 0, 3, 2, 1 ]
    } ]
  }, {
    "id" : "954afe57-02c8-4844-a245-cd3076151b29",
    "vertices" : [ {
      "x" : 0.0,
      "y" : 0.0,
      "z" : 0.0
    }, {
      "x" : 0.0,
      "y" : -3.4079936,
      "z" : 0.0
    }, {
      "x" : 0.0,
      "y" : -3.4079936,
      "z" : -4.3238807
    }, {
      "x" : 0.0,
      "y" : 0.0,
      "z" : -4.3238807
    } ],
    "faces" : [ {
      "vertices" : [ 0, 1, 2, 3 ]
    }, {
      "vertices" : [ 0, 3, 2, 1 ]
    } ]
  }, {
    "id" : "e60f88de-0193-435c-a37b-56f59c27bdf2",
    "vertices" : [ {
      "x" : 0.0,
      "y" : 0.0,
      "z" : 0.0
    }, {
      "x" : 0.0,
      "y" : 0.0,
      "z" : -1.47595
    }, {
      "x" : -2.1619403,
      "y" : 3.498093,
      "z" : -2.8121026
    }, {
      "x" : -2.618034,
      "y" : 4.236068,
      "z" : -1.618034
    } ],
    "faces" : [ {
      "vertices" : [ 0, 1, 2, 3 ]
    }, {
      "vertices" : [ 0, 3, 2, 1 ]
    } ]
  } ],
  "instances" : [ {
    "shape" : "c19a8208-5216-41d4-a99f-4218bd5608f7",
    "color" : "#F7CF7F",
    "position" : {
      "x" : -23.604305,
      "y" : -15.782331,
      "z" : -14.446178
    },
    "orientation" : 19
  }, {
    "shape" : "b1964a67-2481-44b5-a2de-1e153562b104",
    "color" : "#EDA57F",
    "position" : {
      "x" : 3.498093,
      "y" : -14.81816,
      "z" : 21.814346
    },
    "orientation" : 22
  }, {
    "shape" : "2ee8b5ac-0602-4d9e-98e5-1d86d262cb1d",
    "color" : "#F2F2F2",
    "position" : {
      "x" : -18.316254,
      "y" : 9.158127,
      "z" : -16.9801
    }
  }, {
    "shape" : "2ee8b5ac-0602-4d9e-98e5-1d86d262cb1d",
    "color" : "#F2F2F2",
    "position" : {
      "x" : 11.09017,
      "y" : 29.034441,
      "z" : -6.996186
    }
  }, {
    "shape" : "c5df38d5-5f39-43b0-bc6e-1cf0b9344a2d",
    "color" : "#D77F7F",
    "position" : {
      "x" : -4.236068,
      "y" : 31.652475,
      "z" : 4.236068
    },
    "orientation" : 1
  }, {
    "shape" : "2ee8b5ac-0602-4d9e-98e5-1d86d262cb1d",
    "color" : "#F2F2F2",
    "position" : {
      "x" : -11.09017,
      "y" : 29.034441,
      "z" : 6.996186
    }
  }, {
    "shape" : "65f6dfb5-44fd-4087-9b36-dcd2b6259eab",
    "color" : "#F7CF7F",
    "position" : {
      "x" : 11.09017,
      "y" : -29.034441,
      "z" : 6.996186
    },
    "orientation" : 21
  }, {
    "shape" : "2ee8b5ac-0602-4d9e-98e5-1d86d262cb1d",
    "color" : "#F2F2F2",
    "position" : {
      "x" : -24.484364,
      "y" : -3.498093,
      "z" : 19.13834
    }
  }, {
    "shape" : "2ee8b5ac-0602-4d9e-98e5-1d86d262cb1d",
    "color" : "#F2F2F2",
    "position" : {
      "x" : 3.498093,
      "y" : -3.498093,
      "z" : 31.652475
    }
  }, {
    "shape" : "2ee8b5ac-0602-4d9e-98e5-1d86d262cb1d",
    "color" : "#F2F2F2",
    "position" : {
      "x" : 22.777374,
      "y" : 10.8621235,
      "z" : -19.737225
    }
  }, {
    "shape" : "981e973d-2b2b-4432-b31a-b7359cf69dd0",
    "color" : "#7FBACA",
    "position" : {
      "x" : 4.236068,
      "y" : -17.944271,
      "z" : 26.416409
    },
    "orientation" : 37
  }, {
    "shape" : "2ee8b5ac-0602-4d9e-98e5-1d86d262cb1d",
    "color" : "#F2F2F2",
    "position" : {
      "x" : -21.300282,
      "y" : -20.98627,
      "z" : 9.158127
    }
  }, {
    "shape" : "2ee8b5ac-0602-4d9e-98e5-1d86d262cb1d",
    "color" : "#F2F2F2",
    "position" : {
      "x" : 28.296467,
      "y" : -9.666204,
      "z" : 9.158127
    }
  }, {
    "shape" : "5137cdd5-07e1-405a-9103-49ee23ed3084",
    "color" : "#F7CF7F",
    "position" : {
      "x" : -3.498093,
      "y" : -16.750204,
      "z" : -26.872501
    },
    "orientation" : 22
  }, {
    "shape" : "ad1bfb00-3686-42b3-8cde-d66025dcd256",
    "color" : "#7FBACA",
    "position" : {
      "x" : 11.320066,
      "y" : 20.478193,
      "z" : -12.6562195
    },
    "orientation" : 8
  }, {
    "shape" : "816e4137-2cef-4125-a014-21ba679258ff",
    "color" : "#7FBACA",
    "position" : {
      "x" : -15.326238,
      "y" : 13.708204,
      "z" : 24.798374
    },
    "orientation" : 7
  }, {
    "shape" : "2ee8b5ac-0602-4d9e-98e5-1d86d262cb1d",
    "color" : "#F2F2F2",
    "position" : {
      "x" : -5.4301367,
      "y" : 31.196383,
      "z" : 3.498093
    }
  }, {
    "shape" : "fe7e0cec-2d8b-43a4-b896-5448e51a9bd8",
    "color" : "#D77F7F",
    "position" : {
      "x" : -26.416409,
      "y" : 4.236068,
      "z" : -17.944271
    },
    "orientation" : 47
  }, {
    "shape" : "2ee8b5ac-0602-4d9e-98e5-1d86d262cb1d",
    "color" : "#F2F2F2",
    "position" : {
      "x" : -26.416409,
      "y" : 4.236068,
      "z" : 17.944271
    }
  }, {
    "shape" : "4b6aacd1-690b-4cc5-8bd9-2e419cddf65d",
    "color" : "#EDA57F",
    "position" : {
      "x" : 14.81816,
      "y" : 21.814346,
      "z" : 3.498093
    },
    "orientation" : 25
  }, {
    "shape" : "59aefefb-3a68-4560-9ebc-14a38bb7c3ad",
    "color" : "#B57FE2",
    "position" : {
      "x" : -21.442366,
      "y" : -12.284239,
      "z" : -20.106213
    },
    "orientation" : 24
  }, {
    "shape" : "2ee8b5ac-0602-4d9e-98e5-1d86d262cb1d",
    "color" : "#F2F2F2",
    "position" : {
      "x" : 20.478193,
      "y" : -12.6562195,
      "z" : 11.320066
    }
  }, {
    "shape" : "2ee8b5ac-0602-4d9e-98e5-1d86d262cb1d",
    "color" : "#F2F2F2",
    "position" : {
      "x" : -3.498093,
      "y" : -16.750204,
      "z" : 26.872501
    }
  }, {
    "shape" : "c19a8208-5216-41d4-a99f-4218bd5608f7",
    "color" : "#F7CF7F",
    "position" : {
      "x" : 14.446178,
      "y" : -23.604305,
      "z" : 15.782331
    },
    "orientation" : 5
  }, {
    "shape" : "59aefefb-3a68-4560-9ebc-14a38bb7c3ad",
    "color" : "#B57FE2",
    "position" : {
      "x" : 3.498093,
      "y" : 3.498093,
      "z" : 26.138227
    },
    "orientation" : 57
  }, {
    "shape" : "2ee8b5ac-0602-4d9e-98e5-1d86d262cb1d",
    "color" : "#F2F2F2",
    "position" : {
      "x" : 31.196383,
      "y" : 3.498093,
      "z" : 5.4301367
    }
  }, {
    "shape" : "2ee8b5ac-0602-4d9e-98e5-1d86d262cb1d",
    "color" : "#F2F2F2",
    "position" : {
      "x" : -10.8621235,
      "y" : 19.737225,
      "z" : 22.777374
    }
  }, {
    "shape" : "2ee8b5ac-0602-4d9e-98e5-1d86d262cb1d",
    "color" : "#F2F2F2",
