{
  "field" : "golden",
  "symmetry" : "icosahedral",
  "orientations" : [ [ 1.0, 0.0, 0.0, 0.0, 0.0, 1.0, 0.0, 0.0, 0.0, 0.0, 1.0, 0.0, 0.0, 0.0, 0.0, 1.0 ], [ 0.0, 0.0, 1.0, 0.0, 1.0, 0.0, 0.0, 0.0, 0.0, 1.0, 0.0, 0.0, 0.0, 0.0, 0.0, 1.0 ], [ 0.0, 1.0, 0.0, 0.0, 0.0, 0.0, 1.0, 0.0, 1.0, 0.0, 0.0, 0.0, 0.0, 0.0, 0.0, 1.0 ], [ 0.809017, 0.309017, 0.5, 0.0, 0.309017, 0.5, -0.809017, 0.0, -0.5, 0.809017, 0.309017, 0.0, 0.0, 0.0, 0.0, 1.0 ], [ -0.5, 0.809017, 0.309017, 0.0, 0.809017, 0.309017, 0.5, 0.0, 0.309017, 0.5, -0.809017, 0.0, 0.0, 0.0, 0.0, 1.0 ], [ 0.309017, 0.5, -0.809017, 0.0, -0.5, 0.809017, 0.309017, 0.0, 0.809017, 0.309017, 0.5, 0.0, 0.0, 0.0, 0.0, 1.0 ], [ 0.5, 0.809017, 0.309017, 0.0, 0.809017, -0.309017, -0.5, 0.0, -0.309017, 0.5, -0.809017, 0.0, 0.0, 0.0, 0.0, 1.0 ], [ -0.309017, 0.5, -0.809017, 0.0, 0.5, 0.809017, 0.309017, 0.0, 0.809017, -0.309017, -0.5, 0.0, 0.0, 0.0, 0.0, 1.0 ], [ 0.809017, -0.309017, -0.5, 0.0, -0.309017, 0.5, -0.809017, 0.0, 0.5, 0.809017, 0.309017, 0.0, 0.0, 0.0, 0.0, 1.0 ], [ 0.5, 0.809017, -0.309017, 0.0, 0.809017, -0.309017, 0.5, 0.0, 0.309017, -0.5, -0.809017, 0.0, 0.0, 0.0, 0.0, 1.0 ], [ 0.309017, -0.5, -0.809017, 0.0, 0.5, 0.809017, -0.309017, 0.0, 0.809017, -0.309017, 0.5, 0.0, 0.0, 0.0, 0.0, 1.0 ], [ 0.809017, -0.309017, 0.5, 0.0, 0.309017, -0.5, -0.809017, 0.0, 0.5, 0.809017, -0.309017, 0.0, 0.0, 0.0, 0.0, 1.0 ], [ 0.809017, 0.309017, -0.5, 0.0, 0.309017, 0.5, 0.809017, 0.0, 0.5, -0.809017, 0.309017, 0.0, 0.0, 0.0, 0.0, 1.0 ], [ 0.5, -0.809017, 0.309017, 0.0, 0.809017, 0.309017, -0.5, 0.0, 0.309017, 0.5, 0.809017, 0.0, 0.0, 0.0, 0.0, 1.0 ], [ 0.309017, 0.5, 0.809017, 0.0, 0.5, -0.809017, 0.309017, 0.0, 0.809017, 0.309017, -0.5, 0.0, 0.0, 0.0, 0.0, 1.0 ], [ 1.0, 0.0, 0.0, 0.0, 0.0, -1.0, 0.0, 0.0, 0.0, 0.0, -1.0, 0.0, 0.0, 0.0, 0.0, 1.0 ], [ 0.0, 0.0, 1.0, 0.0, -1.0, 0.0, 0.0, 0.0, 0.0, -1.0, 0.0, 0.0, 0.0, 0.0, 0.0, 1.0 ], [ 0.0, 1.0, 0.0, 0.0, 0.0, 0.0, -1.0, 0.0, -1.0, 0.0, 0.0, 0.0, 0.0, 0.0, 0.0, 1.0 ], [ 0.809017, 0.309017, 0.5, 0.0, -0.309017, -0.5, 0.809017, 0.0, 0.5, -0.809017, -0.309017, 0.0, 0.0, 0.0, 0.0, 1.0 ], [ -0.5, 0.809017, 0.309017, 0.0, -0.809017, -0.309017, -0.5, 0.0, -0.309017, -0.5, 0.809017, 0.0, 0.0, 0.0, 0.0, 1.0 ], [ 0.309017, 0.5, -0.809017, 0.0, 0.5, -0.809017, -0.309017, 0.0, -0.809017, -0.309017, -0.5, 0.0, 0.0, 0.0, 0.0, 1.0 ], [ 0.5, 0.809017, 0.309017, 0.0, -0.809017, 0.309017, 0.5, 0.0, 0.309017, -0.5, 0.809017, 0.0, 0.0, 0.0, 0.0, 1.0 ], [ -0.309017, 0.5, -0.809017, 0.0, -0.5, -0.809017, -0.309017, 0.0, -0.809017, 0.309017, 0.5, 0.0, 0.0, 0.0, 0.0, 1.0 ], [ 0.809017, -0.309017, -0.5, 0.0, 0.309017, -0.5, 0.809017, 0.0, -0.5, -0.809017, -0.309017, 0.0, 0.0, 0.0, 0.0, 1.0 ], [ 0.5, 0.809017, -0.309017, 0.0, -0.809017, 0.309017, -0.5, 0.0, -0.309017, 0.5, 0.809017, 0.0, 0.0, 0.0, 0.0, 1.0 ], [ 0.309017, -0.5, -0.809017, 0.0, -0.5, -0.809017, 0.309017, 0.0, -0.809017, 0.309017, -0.5, 0.0, 0.0, 0.0, 0.0, 1.0 ], [ 0.809017, -0.309017, 0.5, 0.0, -0.309017, 0.5, 0.809017, 0.0, -0.5, -0.809017, 0.309017, 0.0, 0.0, 0.0, 0.0, 1.0 ], [ 0.809017, 0.309017, -0.5, 0.0, -0.309017, -0.5, -0.809017, 0.0, -0.5, 0.809017, -0.309017, 0.0, 0.0, 0.0, 0.0, 1.0 ], [ 0.5, -0.809017, 0.309017, 0.0, -0.809017, -0.309017, 0.5, 0.0, -0.309017, -0.5, -0.809017, 0.0, 0.0, 0.0, 0.0, 1.0 ], [ 0.309017, 0.5, 0.809017, 0.0, -0.5, 0.809017, -0.309017, 0.0, -0.809017, -0.309017, 0.5, 0.0, 0.0, 0.0, 0.0, 1.0 ], [ -1.0, 0.0, 0.0, 0.0, 0.0, -1.0, 0.0, 0.0, 0.0, 0.0, 1.0, 0.0, 0.0, 0.0, 0.0, 1.0 ], [ 0.0, 0.0, -1.0, 0.0, -1.0, 0.0, 0.0, 0.0, 0.0, 1.0, 0.0, 0.0, 0.0, 0.0, 0.0, 1.0 ], [ 0.0, -1.0, 0.0, 0.0, 0.0, 0.0, -1.0, 0.0, 1.0, 0.0, 0.0, 0.0, 0.0, 0.0, 0.0, 1.0 ], [ -0.809017, -0.309017, -0.5, 0.0, -0.309017, -0.5, 0.809017, 0.0, -0.5, 0.809017, 0.309017, 0.0, 0.0, 0.0, 0.0, 1.0 ], [ 0.5, -0.809017, -0.309017, 0.0, -0.809017, -0.309017, -0.5, 0.0, 0.309017, 0.5, -0.809017, 0.0, 0.0, 0.0, 0.0, 1.0 ], [ -0.309017, -0.5, 0.809017, 0.0, 0.5, -0.809017, -0.309017, 0.0, 0.809017, 0.309017, 0.5, 0.0, 0.0, 0.0, 0.0, 1.0 ], [ -0.5, -0.809017, -0.309017, 0.0, -0.809017, 0.309017, 0.5, 0.0, -0.309017, 0.5, -0.809017, 0.0, 0.0, 0.0, 0.0, 1.0 ], [ 0.309017, -0.5, 0.809017, 0.0, -0.5, -0.809017, -0.309017, 0.0, 0.809017, -0.309017, -0.5, 0.0, 0.0, 0.0, 0.0, 1.0 ], [ -0.809017, 0.309017, 0.5, 0.0, 0.309017, -0.5, 0.809017, 0.0, 0.5, 0.809017, 0.309017, 0.0, 0.0, 0.0, 0.0, 1.0 ], [ -0.5, -0.809017, 0.309017, 0.0, -0.809017, 0.309017, -0.5, 0.0, 0.309017, -0.5, -0.809017, 0.0, 0.0, 0.0, 0.0, 1.0 ], [ -0.309017, 0.5, 0.809017, 0.0, -0.5, -0.809017, 0.309017, 0.0, 0.809017, -0.309017, 0.5, 0.0, 0.0, 0.0, 0.0, 1.0 ], [ -0.809017, 0.309017, -0.5, 0.0, -0.309017, 0.5, 0.809017, 0.0, 0.5, 0.809017, -0.309017, 0.0, 0.0, 0.0, 0.0, 1.0 ], [ -0.809017, -0.309017, 0.5, 0.0, -0.309017, -0.5, -0.809017, 0.0, 0.5, -0.809017, 0.309017, 0.0, 0.0, 0.0, 0.0, 1.0 ], [ -0.5, 0.809017, -0.309017, 0.0, -0.809017, -0.309017, 0.5, 0.0, 0.309017, 0.5, 0.809017, 0.0, 0.0, 0.0, 0.0, 1.0 ], [ -0.309017, -0.5, -0.809017, 0.0, -0.5, 0.809017, -0.309017, 0.0, 0.809017, 0.309017, -0.5, 0.0, 0.0, 0.0, 0.0, 1.0 ], [ -1.0, 0.0, 0.0, 0.0, 0.0, 1.0, 0.0, 0.0, 0.0, 0.0, -1.0, 0.0, 0.0, 0.0, 0.0, 1.0 ], [ 0.0, 0.0, -1.0, 0.0, 1.0, 0.0, 0.0, 0.0, 0.0, -1.0, 0.0, 0.0, 0.0, 0.0, 0.0, 1.0 ], [ 0.0, -1.0, 0.0, 0.0, 0.0, 0.0, 1.0, 0.0, -1.0, 0.0, 0.0, 0.0, 0.0, 0.0, 0.0, 1.0 ], [ -0.809017, -0.309017, -0.5, 0.0, 0.309017, 0.5, -0.809017, 0.0, 0.5, -0.809017, -0.309017, 0.0, 0.0, 0.0, 0.0, 1.0 ], [ 0.5, -0.809017, -0.309017, 0.0, 0.809017, 0.309017, 0.5, 0.0, -0.309017, -0.5, 0.809017, 0.0, 0.0, 0.0, 0.0, 1.0 ], [ -0.309017, -0.5, 0.809017, 0.0, -0.5, 0.809017, 0.309017, 0.0, -0.809017, -0.309017, -0.5, 0.0, 0.0, 0.0, 0.0, 1.0 ], [ -0.5, -0.809017, -0.309017, 0.0, 0.809017, -0.309017, -0.5, 0.0, 0.309017, -0.5, 0.809017, 0.0, 0.0, 0.0, 0.0, 1.0 ], [ 0.309017, -0.5, 0.809017, 0.0, 0.5, 0.809017, 0.309017, 0.0, -0.809017, 0.309017, 0.5, 0.0, 0.0, 0.0, 0.0, 1.0 ], [ -0.809017, 0.309017, 0.5, 0.0, -0.309017, 0.5, -0.809017, 0.0, -0.5, -0.809017, -0.309017, 0.0, 0.0, 0.0, 0.0, 1.0 ], [ -0.5, -0.809017, 0.309017, 0.0, 0.809017, -0.309017, 0.5, 0.0, -0.309017, 0.5, 0.809017, 0.0, 0.0, 0.0, 0.0, 1.0 ], [ -0.309017, 0.5, 0.809017, 0.0, 0.5, 0.809017, -0.309017, 0.0, -0.809017, 0.309017, -0.5, 0.0, 0.0, 0.0, 0.0, 1.0 ], [ -0.809017, 0.309017, -0.5, 0.0, 0.309017, -0.5, -0.809017, 0.0, -0.5, -0.809017, 0.309017, 0.0, 0.0, 0.0, 0.0, 1.0 ], [ -0.809017, -0.309017, 0.5, 0.0, 0.309017, 0.5, 0.809017, 0.0, -0.5, 0.809017, -0.309017, 0.0, 0.0, 0.0, 0.0, 1.0 ], [ -0.5, 0.809017, -0.309017, 0.0, 0.809017, 0.309017, -0.5, 0.0, -0.309017, -0.5, -0.809017, 0.0, 0.0, 0.0, 0.0, 1.0 ], [ -0.309017, -0.5, -0.809017, 0.0, 0.5, -0.809017, 0.309017, 0.0, -0.809017, -0.309017, 0.5, 0.0, 0.0, 0.0, 0.0, 1.0 ] ],
  "lights" : {
    "ambientColor" : "#292929",
    "backgroundColor" : "#E0EFFF",
    "directionalLights" : [ {
      "direction" : {
        "x" : 1.0,
        "y" : -1.0,
        "z" : -1.0
      },
      "color" : "#EBEBE4"
    }, {
      "direction" : {
        "x" : -1.0,
        "y" : 0.0,
        "z" : 0.0
      },
      "color" : "#E4E4EB"
    }, {
      "direction" : {
        "x" : 0.0,
        "y" : 0.0,
        "z" : -1.0
      },
      "color" : "#1E1E1E"
    } ]
  },
  "camera" : {
    "width" : 314.3077,
    "stereo" : false,
    "viewDistance" : 698.4612,
    "nearClipDistance" : 1.7461536,
    "farClipDistance" : 1396.9226,
    "lookAtPoint" : {
      "x" : 0.0,
      "y" : 0.0,
      "z" : 0.0
    },
    "fieldOfView" : 0.44262913,
    "perspective" : true,
    "lookDirection" : {
      "x" : 0.0,
      "y" : -0.3568221,
      "z" : -0.93417233
    },
    "upDirection" : {
      "x" : 0.50000006,
      "y" : 0.809017,
      "z" : -0.309017
    },
    "position" : {
      "x" : 0.0,
      "y" : 249.2264,
      "z" : 652.4831
    }
  },
  "embedding" : [ 1.0, 0.0, 0.0, 0.0, 0.0, 1.0, 0.0, 0.0, 0.0, 0.0, 1.0, 0.0, 0.0, 0.0, 0.0, 1.0 ],
  "shapes" : [ {
    "id" : "7749712f-bc85-4a2b-bcb9-0ed932682c3c",
    "vertices" : [ {
      "x" : 0.809017,
      "y" : 0.618034,
      "z" : -0.19098301
    }, {
      "x" : 0.809017,
      "y" : 0.0,
      "z" : -0.19098301
    }, {
      "x" : 0.309017,
      "y" : 0.11803399,
      "z" : 0.0
    }, {
      "x" : 16.135256,
      "y" : 6.472136,
      "z" : 0.19098301
    }, {
      "x" : 0.809017,
      "y" : 0.618034,
      "z" : 0.19098301
    }, {
      "x" : 0.809017,
      "y" : 0.0,
      "z" : 0.19098301
    }, {
      "x" : 16.135256,
      "y" : 5.854102,
      "z" : 0.19098301
    }, {
      "x" : 16.635256,
      "y" : 6.354102,
      "z" : 0.0
    }, {
      "x" : 16.135256,
      "y" : 6.472136,
      "z" : -0.19098301
    }, {
      "x" : 16.944271,
      "y" : 6.472136,
      "z" : 0.0
    }, {
      "x" : 16.135256,
      "y" : 5.854102,
      "z" : -0.19098301
    } ],
    "faces" : [ {
      "vertices" : [ 3, 6, 7 ]
    }, {
      "vertices" : [ 3, 4, 5 ]
    }, {
      "vertices" : [ 3, 5, 6 ]
    }, {
      "vertices" : [ 3, 7, 8 ]
    }, {
      "vertices" : [ 0, 1, 2 ]
    }, {
      "vertices" : [ 0, 8, 10 ]
    }, {
      "vertices" : [ 0, 10, 1 ]
    }, {
      "vertices" : [ 1, 10, 6 ]
    }, {
      "vertices" : [ 1, 6, 5 ]
    }, {
      "vertices" : [ 0, 2, 4 ]
    }, {
      "vertices" : [ 6, 10, 7 ]
    }, {
      "vertices" : [ 1, 5, 2 ]
    }, {
      "vertices" : [ 7, 10, 8 ]
    }, {
      "vertices" : [ 2, 5, 4 ]
    }, {
      "vertices" : [ 0, 4, 3 ]
    }, {
      "vertices" : [ 0, 3, 8 ]
    } ]
  }, {
    "id" : "6ca7efed-ce82-4d6e-aadd-f089399ef604",
    "vertices" : [ {
      "x" : 0.309017,
      "y" : -0.309017,
      "z" : -0.309017
    }, {
      "x" : 0.5,
      "y" : 0.0,
      "z" : -0.19098301
    }, {
      "x" : 0.5,
      "y" : 0.0,
      "z" : 0.19098301
    }, {
      "x" : 0.309017,
      "y" : -0.309017,
      "z" : 0.309017
    }, {
      "x" : 0.19098301,
      "y" : -0.5,
      "z" : 0.0
    }, {
      "x" : 0.0,
      "y" : 0.19098301,
      "z" : 0.5
    }, {
      "x" : 0.0,
      "y" : -0.19098301,
      "z" : 0.5
    }, {
      "x" : 0.309017,
      "y" : 0.309017,
      "z" : 0.309017
    }, {
      "x" : -0.309017,
      "y" : -0.309017,
      "z" : 0.309017
    }, {
      "x" : -0.309017,
      "y" : 0.309017,
      "z" : 0.309017
    }, {
      "x" : -0.5,
      "y" : 0.0,
      "z" : 0.19098301
    }, {
      "x" : 0.0,
      "y" : -0.19098301,
      "z" : -0.5
    }, {
      "x" : 0.0,
      "y" : 0.19098301,
      "z" : -0.5
    }, {
      "x" : 0.309017,
      "y" : 0.309017,
      "z" : -0.309017
    }, {
      "x" : -0.309017,
      "y" : -0.309017,
      "z" : -0.309017
    }, {
      "x" : -0.19098301,
      "y" : -0.5,
      "z" : 0.0
    }, {
      "x" : -0.5,
      "y" : 0.0,
      "z" : -0.19098301
    }, {
      "x" : 0.19098301,
      "y" : 0.5,
      "z" : 0.0
    }, {
      "x" : -0.309017,
      "y" : 0.309017,
      "z" : -0.309017
    }, {
      "x" : 0.0,
      "y" : 0.0,
      "z" : 0.0
    }, {
      "x" : -0.19098301,
      "y" : 0.5,
      "z" : 0.0
    } ],
    "faces" : [ {
      "vertices" : [ 12, 18, 20 ]
    }, {
      "vertices" : [ 12, 20, 17 ]
    }, {
      "vertices" : [ 12, 17, 13 ]
    }, {
      "vertices" : [ 3, 6, 8 ]
    }, {
      "vertices" : [ 3, 8, 15 ]
    }, {
      "vertices" : [ 3, 15, 4 ]
    }, {
      "vertices" : [ 0, 11, 12 ]
    }, {
      "vertices" : [ 0, 12, 13 ]
    }, {
      "vertices" : [ 0, 13, 1 ]
    }, {
      "vertices" : [ 5, 9, 10 ]
    }, {
      "vertices" : [ 5, 10, 8 ]
    }, {
      "vertices" : [ 5, 8, 6 ]
    }, {
      "vertices" : [ 2, 7, 5 ]
    }, {
      "vertices" : [ 2, 5, 6 ]
    }, {
      "vertices" : [ 2, 6, 3 ]
    }, {
      "vertices" : [ 11, 14, 16 ]
    }, {
      "vertices" : [ 11, 16, 18 ]
    }, {
      "vertices" : [ 11, 18, 12 ]
    }, {
      "vertices" : [ 1, 13, 17 ]
    }, {
      "vertices" : [ 1, 17, 7 ]
    }, {
      "vertices" : [ 1, 7, 2 ]
    }, {
      "vertices" : [ 9, 20, 18 ]
    }, {
      "vertices" : [ 9, 18, 16 ]
    }, {
      "vertices" : [ 9, 16, 10 ]
    }, {
      "vertices" : [ 0, 1, 2 ]
    }, {
      "vertices" : [ 0, 2, 3 ]
    }, {
      "vertices" : [ 0, 3, 4 ]
    }, {
      "vertices" : [ 5, 7, 17 ]
    }, {
      "vertices" : [ 5, 17, 20 ]
    }, {
      "vertices" : [ 5, 20, 9 ]
    }, {
      "vertices" : [ 0, 4, 15 ]
    }, {
      "vertices" : [ 0, 15, 14 ]
    }, {
      "vertices" : [ 0, 14, 11 ]
    }, {
      "vertices" : [ 8, 10, 16 ]
    }, {
      "vertices" : [ 8, 16, 14 ]
    }, {
      "vertices" : [ 8, 14, 15 ]
    } ]
  }, {
    "id" : "50994bf4-3edd-4849-ba63-adac611197bd",
    "vertices" : [ {
      "x" : 15.708204,
      "y" : -25.416409,
      "z" : 9.708204
    }, {
      "x" : 29.416409,
      "y" : -37.12461,
      "z" : 7.708204
    }, {
      "x" : 17.708204,
      "y" : -39.12461,
      "z" : 21.416409
    } ],
    "faces" : [ {
      "vertices" : [ 0, 1, 2 ]
    }, {
      "vertices" : [ 0, 2, 1 ]
    } ]
  }, {
    "id" : "0c9128db-aef0-4c67-b40e-f36fcc18c5d3",
    "vertices" : [ {
      "x" : 13.708204,
      "y" : -11.708204,
      "z" : -2.0
    }, {
      "x" : 11.708204,
      "y" : 2.0,
      "z" : -13.708204
    }, {
      "x" : 25.416409,
      "y" : -9.708204,
      "z" : -15.708204
    } ],
    "faces" : [ {
      "vertices" : [ 0, 1, 2 ]
    }, {
      "vertices" : [ 0, 2, 1 ]
    } ]
  }, {
    "id" : "9f67cb5d-478a-4b20-8573-86e6d3eb338b",
    "vertices" : [ {
      "x" : 3.236068,
      "y" : 78.54102,
      "z" : -8.472136
    }, {
      "x" : 0.0,
      "y" : 94.24922,
      "z" : 0.0
    }, {
      "x" : -3.236068,
      "y" : 78.54102,
      "z" : 8.472136
    } ],
    "faces" : [ {
      "vertices" : [ 0, 1, 2 ]
    }, {
      "vertices" : [ 0, 2, 1 ]
    } ]
  }, {
    "id" : "4510365f-55e1-4160-9a3c-0f75ecd7a85c",
    "vertices" : [ {
      "x" : -6.0,
      "y" : -41.12461,
      "z" : -35.12461
    }, {
      "x" : 7.708204,
      "y" : -29.416409,
      "z" : -37.12461
    }, {
      "x" : 5.708204,
      "y" : -43.12461,
      "z" : -48.832817
    } ],
    "faces" : [ {
      "vertices" : [ 0, 1, 2 ]
    }, {
      "vertices" : [ 0, 2, 1 ]
    } ]
  }, {
    "id" : "4bd9c1c7-3a60-4b48-9a6e-063d6e056412",
    "vertices" : [ {
      "x" : 47.12461,
      "y" : 25.416409,
      "z" : -9.708204
    }, {
      "x" : 31.416409,
      "y" : 33.888542,
      "z" : -12.944272
    }, {
      "x" : 47.12461,
      "y" : 42.36068,
      "z" : -16.18034
    } ],
    "faces" : [ {
      "vertices" : [ 0, 1, 2 ]
    }, {
      "vertices" : [ 0, 2, 1 ]
    } ]
  }, {
    "id" : "b3d15b88-68c6-404d-a25a-87a42e0c0061",
    "vertices" : [ {
      "x" : 3.236068,
      "y" : -15.708204,
      "z" : -8.472136
    }, {
      "x" : 6.472136,
      "y" : 0.0,
      "z" : -16.944271
    }, {
      "x" : 9.708204,
      "y" : -15.708204,
      "z" : -25.416409
    } ],
    "faces" : [ {
      "vertices" : [ 0, 1, 2 ]
    }, {
      "vertices" : [ 0, 2, 1 ]
    } ]
  }, {
    "id" : "ff3ddd49-4149-4ddc-ae6c-cd72d32cc4f4",
    "vertices" : [ {
      "x" : 47.12461,
      "y" : -59.30495,
      "z" : 22.652475
    }, {
      "x" : 47.12461,
      "y" : -76.24922,
      "z" : 29.12461
    }, {
      "x" : 31.416409,
      "y" : -67.777084,
      "z" : 25.888544
    } ],
    "faces" : [ {
      "vertices" : [ 0, 1, 2 ]
    }, {
      "vertices" : [ 0, 2, 1 ]
    } ]
  }, {
    "id" : "705c9296-759d-4e22-9544-dcbba511e3b0",
    "vertices" : [ {
      "x" : 9.708204,
      "y" : 15.708204,
      "z" : 25.416409
    }, {
      "x" : 21.416409,
      "y" : 17.708204,
      "z" : 39.12461
    }, {
      "x" : 7.708204,
      "y" : 29.416409,
      "z" : 37.12461
    } ],
    "faces" : [ {
      "vertices" : [ 0, 1, 2 ]
    }, {
      "vertices" : [ 0, 2, 1 ]
    } ]
  }, {
    "id" : "d306c9c7-e8ed-40cb-a920-a46d156ab10e",
    "vertices" : [ {
      "x" : -8.472136,
      "y" : -3.236068,
      "z" : -78.54102
    }, {
      "x" : 0.0,
      "y" : 0.0,
      "z" : -94.24922
    }, {
      "x" : 8.472136,
      "y" : 3.236068,
      "z" : -78.54102
    } ],
    "faces" : [ {
      "vertices" : [ 0, 1, 2 ]
    }, {
      "vertices" : [ 0, 2, 1 ]
    } ]
  }, {
    "id" : "3c3a8cc5-f3af-49f9-b1aa-e67b7972aaa4",
    "vertices" : [ {
      "x" : -15.708204,
      "y" : -25.416409,
      "z" : -9.708204
    }, {
      "x" : -17.708204,
      "y" : -39.12461,
      "z" : -21.416409
    }, {
      "x" : -29.416409,
      "y" : -37.12461,
      "z" : -7.708204
    } ],
    "faces" : [ {
      "vertices" : [ 0, 1, 2 ]
    }, {
      "vertices" : [ 0, 2, 1 ]
    } ]
  }, {
    "id" : "83030118-0cca-490d-8450-fd44884ebd56",
    "vertices" : [ {
      "x" : 35.12461,
      "y" : 6.0,
      "z" : -41.12461
    }, {
      "x" : 37.12461,
      "y" : -7.708204,
      "z" : -29.416409
    }, {
      "x" : 48.832817,
      "y" : -5.708204,
      "z" : -43.12461
    } ],
    "faces" : [ {
      "vertices" : [ 0, 1, 2 ]
    }, {
      "vertices" : [ 0, 2, 1 ]
    } ]
  }, {
    "id" : "26578783-fb2b-42ff-86b6-22dd6c433906",
    "vertices" : [ {
      "x" : -2.0,
      "y" : 13.708204,
      "z" : 11.708204
    }, {
      "x" : 11.708204,
      "y" : 2.0,
      "z" : 13.708204
    }, {
      "x" : 9.708204,
      "y" : 15.708204,
      "z" : 25.416409
    } ],
    "faces" : [ {
      "vertices" : [ 0, 1, 2 ]
    }, {
      "vertices" : [ 0, 2, 1 ]
    } ]
  }, {
    "id" : "03d759d3-9e48-4f68-b46e-faff877f5d81",
    "vertices" : [ {
      "x" : -25.416409,
      "y" : 9.708204,
      "z" : -15.708204
    }, {
      "x" : -39.12461,
      "y" : 21.416409,
      "z" : -17.708204
    }, {
      "x" : -37.12461,
      "y" : 7.708204,
      "z" : -29.416409
    } ],
    "faces" : [ {
      "vertices" : [ 0, 1, 2 ]
    }, {
      "vertices" : [ 0, 2, 1 ]
    } ]
  }, {
    "id" : "dfaa6aee-60d7-4d43-a6da-bc0f2207fcfa",
    "vertices" : [ {
      "x" : 0.0,
      "y" : 50.832817,
      "z" : 19.416409
    }, {
      "x" : -15.708204,
      "y" : 42.36068,
      "z" : 16.18034
    }, {
      "x" : -15.708204,
      "y" : 59.30495,
      "z" : 22.652475
    } ],
    "faces" : [ {
      "vertices" : [ 0, 1, 2 ]
    }, {
      "vertices" : [ 0, 2, 1 ]
    } ]
  }, {
    "id" : "6bf777b4-9f1d-4c5c-a54a-51644cb1fe3b",
    "vertices" : [ {
      "x" : 25.888544,
      "y" : -31.416409,
      "z" : -67.777084
    }, {
      "x" : 29.12461,
      "y" : -47.12461,
      "z" : -76.24922
    }, {
      "x" : 22.652475,
      "y" : -47.12461,
      "z" : -59.30495
    } ],
    "faces" : [ {
      "vertices" : [ 0, 1, 2 ]
    }, {
      "vertices" : [ 0, 2, 1 ]
    } ]
  }, {
    "id" : "0b9eee5a-a952-44bf-9ca9-b4f06cf6776a",
    "vertices" : [ {
      "x" : 12.944272,
      "y" : -31.416409,
      "z" : -33.888542
    }, {
      "x" : 9.708204,
      "y" : -47.12461,
      "z" : -25.416409
    }, {
      "x" : 16.18034,
      "y" : -47.12461,
      "z" : -42.36068
    } ],
    "faces" : [ {
      "vertices" : [ 0, 1, 2 ]
    }, {
      "vertices" : [ 0, 2, 1 ]
    } ]
  }, {
    "id" : "11c218f0-cc67-45cc-9d01-0f2e9d7b4f97",
    "vertices" : [ {
      "x" : 15.708204,
      "y" : 25.416409,
      "z" : 9.708204
    }, {
      "x" : 29.416409,
      "y" : 37.12461,
      "z" : 7.708204
    }, {
      "x" : 17.708204,
      "y" : 39.12461,
      "z" : 21.416409
    } ],
    "faces" : [ {
      "vertices" : [ 0, 1, 2 ]
    }, {
      "vertices" : [ 0, 2, 1 ]
    } ]
  }, {
    "id" : "b1622af8-8e4a-4bf6-8ce1-1a730576336c",
    "vertices" : [ {
      "x" : -9.708204,
      "y" : 15.708204,
      "z" : -25.416409
    }, {
      "x" : -12.944272,
      "y" : 31.416409,
      "z" : -33.888542
    }, {
      "x" : -16.18034,
      "y" : 15.708204,
      "z" : -42.36068
    } ],
    "faces" : [ {
      "vertices" : [ 0, 1, 2 ]
    }, {
      "vertices" : [ 0, 2, 1 ]
    } ]
  }, {
    "id" : "9ff1c861-d58e-46f4-b123-11a5ed5dd930",
    "vertices" : [ {
      "x" : 16.18034,
      "y" : -15.708204,
      "z" : -42.36068
    }, {
      "x" : 19.416409,
      "y" : 0.0,
      "z" : -50.832817
    }, {
      "x" : 22.652475,
      "y" : -15.708204,
      "z" : -59.30495
    } ],
    "faces" : [ {
      "vertices" : [ 0, 1, 2 ]
    }, {
      "vertices" : [ 0, 2, 1 ]
    } ]
  }, {
    "id" : "dcf490b3-0d05-44c5-9a22-215cc8afbcce",
    "vertices" : [ {
      "x" : 67.777084,
      "y" : 25.888544,
      "z" : -31.416409
    }, {
      "x" : 76.24922,
      "y" : 29.12461,
      "z" : -47.12461
    }, {
      "x" : 59.30495,
      "y" : 22.652475,
      "z" : -47.12461
    } ],
    "faces" : [ {
      "vertices" : [ 0, 1, 2 ]
    }, {
      "vertices" : [ 0, 2, 1 ]
    } ]
  }, {
    "id" : "3e32647d-32aa-4d33-8f7d-d2a2010e4d3e",
    "vertices" : [ {
      "x" : 78.54102,
      "y" : 8.472136,
      "z" : 3.236068
    }, {
      "x" : 94.24922,
      "y" : 0.0,
      "z" : 0.0
    }, {
      "x" : 78.54102,
      "y" : -8.472136,
      "z" : -3.236068
    } ],
    "faces" : [ {
      "vertices" : [ 0, 1, 2 ]
    }, {
      "vertices" : [ 0, 2, 1 ]
    } ]
  }, {
    "id" : "a27a3700-2cf5-4f8c-9bc4-5b6604177d84",
    "vertices" : [ {
      "x" : -13.708204,
      "y" : -11.708204,
      "z" : 2.0
    }, {
      "x" : -2.0,
      "y" : -13.708204,
      "z" : -11.708204
    }, {
      "x" : -15.708204,
      "y" : -25.416409,
      "z" : -9.708204
    } ],
    "faces" : [ {
      "vertices" : [ 0, 1, 2 ]
    }, {
      "vertices" : [ 0, 2, 1 ]
    } ]
  }, {
    "id" : "6d2816c7-28a3-48dc-a9e6-6573dc7aead9",
    "vertices" : [ {
      "x" : -9.708204,
      "y" : 15.708204,
      "z" : 25.416409
    }, {
      "x" : -16.18034,
      "y" : 15.708204,
      "z" : 42.36068
    }, {
      "x" : -12.944272,
      "y" : 31.416409,
      "z" : 33.888542
    } ],
    "faces" : [ {
      "vertices" : [ 0, 1, 2 ]
    }, {
      "vertices" : [ 0, 2, 1 ]
    } ]
  }, {
    "id" : "294e28f3-9e14-441c-b576-0e8a56b8b214",
    "vertices" : [ {
      "x" : 8.472136,
      "y" : 3.236068,
      "z" : 78.54102
    }, {
      "x" : 0.0,
      "y" : 0.0,
      "z" : 94.24922
    }, {
      "x" : -8.472136,
      "y" : -3.236068,
      "z" : 78.54102
    } ],
    "faces" : [ {
      "vertices" : [ 0, 1, 2 ]
    }, {
      "vertices" : [ 0, 2, 1 ]
    } ]
  }, {
    "id" : "3486c2f1-f15a-4f0c-98b9-32a7926b8a1a",
    "vertices" : [ {
      "x" : -6.472136,
      "y" : 0.0,
      "z" : 16.944271
    }, {
      "x" : -3.236068,
      "y" : -15.708204,
      "z" : 8.472136
    }, {
      "x" : -9.708204,
      "y" : -15.708204,
      "z" : 25.416409
    } ],
    "faces" : [ {
      "vertices" : [ 0, 1, 2 ]
    }, {
      "vertices" : [ 0, 2, 1 ]
    } ]
  }, {
    "id" : "15eb6ddd-59c4-416d-b12d-1d73d7261921",
    "vertices" : [ {
      "x" : 15.708204,
      "y" : 42.36068,
      "z" : 16.18034
    }, {
      "x" : 0.0,
      "y" : 50.832817,
      "z" : 19.416409
    }, {
      "x" : 15.708204,
      "y" : 59.30495,
      "z" : 22.652475
    } ],
    "faces" : [ {
      "vertices" : [ 0, 1, 2 ]
    }, {
      "vertices" : [ 0, 2, 1 ]
    } ]
  }, {
    "id" : "ef4f1a06-fb39-4296-aaee-8654fab63e1b",
    "vertices" : [ {
      "x" : -47.12461,
      "y" : -8.472136,
      "z" : -3.236068
    }, {
      "x" : -47.12461,
      "y" : -25.416409,
      "z" : -9.708204
    }, {
      "x" : -62.832817,
      "y" : -16.944271,
      "z" : -6.472136
    } ],
    "faces" : [ {
      "vertices" : [ 0, 1, 2 ]
    }, {
      "vertices" : [ 0, 2, 1 ]
    } ]
  }, {
    "id" : "b14cc675-c57e-49a7-8a98-be3a53effae2",
    "vertices" : [ {
      "x" : -50.832817,
      "y" : -19.416409,
      "z" : 0.0
    }, {
      "x" : -42.36068,
      "y" : -16.18034,
      "z" : -15.708204
    }, {
      "x" : -59.30495,
      "y" : -22.652475,
      "z" : -15.708204
    } ],
    "faces" : [ {
      "vertices" : [ 0, 1, 2 ]
    }, {
      "vertices" : [ 0, 2, 1 ]
    } ]
  }, {
    "id" : "f79977e0-9b32-4248-9494-ff1a7ab57b9d",
    "vertices" : [ {
      "x" : 33.41641,
      "y" : 64.54102,
      "z" : -31.12461
    }, {
      "x" : 47.12461,
      "y" : 76.24922,
      "z" : -29.12461
    }, {
      "x" : 45.12461,
      "y" : 62.54102,
      "z" : -17.416409
    } ],
    "faces" : [ {
      "vertices" : [ 0, 1, 2 ]
    }, {
      "vertices" : [ 0, 2, 1 ]
    } ]
  }, {
    "id" : "a555a7a2-1374-4930-bf84-06f7521522ac",
    "vertices" : [ {
      "x" : 25.416409,
      "y" : -9.708204,
      "z" : -15.708204
    }, {
      "x" : 39.12461,
      "y" : -21.416409,
      "z" : -17.708204
    }, {
      "x" : 37.12461,
      "y" : -7.708204,
      "z" : -29.416409
    } ],
    "faces" : [ {
      "vertices" : [ 0, 1, 2 ]
    }, {
      "vertices" : [ 0, 2, 1 ]
    } ]
  }, {
    "id" : "18d447be-506d-456a-be08-791b4ede0787",
    "vertices" : [ {
      "x" : -62.54102,
      "y" : -17.416409,
      "z" : 45.12461
    }, {
      "x" : -76.24922,
      "y" : -29.12461,
      "z" : 47.12461
    }, {
      "x" : -64.54102,
      "y" : -31.12461,
      "z" : 33.41641
    } ],
    "faces" : [ {
      "vertices" : [ 0, 1, 2 ]
    }, {
      "vertices" : [ 0, 2, 1 ]
    } ]
  }, {
    "id" : "2f398e2a-c1d0-486a-b8ca-68b25359e474",
    "vertices" : [ {
      "x" : 25.416409,
      "y" : 9.708204,
      "z" : -15.708204
    }, {
      "x" : 42.36068,
      "y" : 16.18034,
      "z" : -15.708204
    }, {
      "x" : 33.888542,
      "y" : 12.944272,
      "z" : -31.416409
    } ],
    "faces" : [ {
      "vertices" : [ 0, 1, 2 ]
    }, {
      "vertices" : [ 0, 2, 1 ]
    } ]
  }, {
    "id" : "4fe5d88e-7b06-4112-902c-13d7759c9cb3",
    "vertices" : [ {
      "x" : 13.708204,
      "y" : 11.708204,
      "z" : 2.0
    }, {
      "x" : 2.0,
      "y" : 13.708204,
      "z" : -11.708204
    }, {
      "x" : 15.708204,
      "y" : 25.416409,
      "z" : -9.708204
    } ],
    "faces" : [ {
      "vertices" : [ 0, 1, 2 ]
    }, {
      "vertices" : [ 0, 2, 1 ]
    } ]
  }, {
    "id" : "ca0ec435-7680-472c-8688-b039fe49468e",
    "vertices" : [ {
      "x" : 15.708204,
      "y" : -8.472136,
      "z" : -3.236068
    }, {
      "x" : 0.0,
      "y" : -16.944271,
      "z" : -6.472136
    }, {
      "x" : 15.708204,
      "y" : -25.416409,
      "z" : -9.708204
    } ],
    "faces" : [ {
      "vertices" : [ 0, 1, 2 ]
    }, {
      "vertices" : [ 0, 2, 1 ]
    } ]
  }, {
    "id" : "f9fad984-7b66-42bd-8177-403d7dbecbdc",
    "vertices" : [ {
      "x" : -8.472136,
      "y" : 3.236068,
      "z" : 47.12461
    }, {
      "x" : -25.416409,
      "y" : 9.708204,
      "z" : 47.12461
    }, {
      "x" : -16.944271,
      "y" : 6.472136,
      "z" : 62.832817
    } ],
    "faces" : [ {
      "vertices" : [ 0, 1, 2 ]
    }, {
      "vertices" : [ 0, 2, 1 ]
    } ]
  }, {
    "id" : "a4ba824a-d74d-4dea-bf1b-586d53563ca8",
    "vertices" : [ {
      "x" : 17.708204,
      "y" : -39.12461,
      "z" : 21.416409
    }, {
      "x" : 6.0,
      "y" : -41.12461,
      "z" : 35.12461
    }, {
      "x" : 19.708204,
      "y" : -52.832817,
      "z" : 33.12461
    } ],
    "faces" : [ {
      "vertices" : [ 0, 1, 2 ]
    }, {
      "vertices" : [ 0, 2, 1 ]
    } ]
  }, {
    "id" : "c473f657-1c33-4cba-b9c8-cf9ef8c52a9b",
    "vertices" : [ {
      "x" : 2.0,
      "y" : -13.708204,
      "z" : 11.708204
    }, {
      "x" : 13.708204,
      "y" : -11.708204,
      "z" : -2.0
    }, {
      "x" : 15.708204,
      "y" : -25.416409,
      "z" : 9.708204
    } ],
    "faces" : [ {
      "vertices" : [ 0, 1, 2 ]
    }, {
      "vertices" : [ 0, 2, 1 ]
    } ]
  }, {
    "id" : "05c6db90-7ab2-4594-85af-63b110b782fe",
    "vertices" : [ {
      "x" : 25.416409,
      "y" : -9.708204,
      "z" : 15.708204
    }, {
      "x" : 42.36068,
      "y" : -16.18034,
      "z" : 15.708204
    }, {
      "x" : 33.888542,
      "y" : -12.944272,
      "z" : 31.416409
    } ],
    "faces" : [ {
      "vertices" : [ 0, 1, 2 ]
    }, {
      "vertices" : [ 0, 2, 1 ]
    } ]
  }, {
    "id" : "a875a1d8-93b8-4917-a18c-f7047220e152",
    "vertices" : [ {
      "x" : -8.472136,
      "y" : 3.236068,
      "z" : 78.54102
    }, {
      "x" : 0.0,
      "y" : 0.0,
      "z" : 94.24922
    }, {
      "x" : 8.472136,
      "y" : -3.236068,
      "z" : 78.54102
    } ],
    "faces" : [ {
      "vertices" : [ 0, 1, 2 ]
    }, {
      "vertices" : [ 0, 2, 1 ]
    } ]
  }, {
    "id" : "6bbd46cb-5f7d-41aa-bfbc-1ca4456a6a0f",
    "vertices" : [ {
      "x" : 25.888544,
      "y" : 31.416409,
      "z" : 67.777084
    }, {
      "x" : 29.12461,
      "y" : 47.12461,
      "z" : 76.24922
    }, {
      "x" : 22.652475,
      "y" : 47.12461,
      "z" : 59.30495
    } ],
    "faces" : [ {
      "vertices" : [ 0, 1, 2 ]
    }, {
      "vertices" : [ 0, 2, 1 ]
    } ]
  }, {
    "id" : "358011dc-71d8-4c9f-a2c4-996a8d73ac6e",
    "vertices" : [ {
      "x" : 3.236068,
      "y" : 78.54102,
      "z" : 8.472136
    }, {
      "x" : 0.0,
      "y" : 94.24922,
      "z" : 0.0
    }, {
      "x" : -3.236068,
      "y" : 78.54102,
      "z" : -8.472136
    } ],
    "faces" : [ {
      "vertices" : [ 0, 1, 2 ]
    }, {
      "vertices" : [ 0, 2, 1 ]
    } ]
  }, {
    "id" : "03d39c85-bfe0-4f00-9cf4-6a8cb2150f6d",
    "vertices" : [ {
      "x" : -16.944271,
      "y" : -6.472136,
      "z" : 0.0
    }, {
      "x" : -8.472136,
      "y" : -3.236068,
      "z" : -15.708204
    }, {
      "x" : -25.416409,
      "y" : -9.708204,
      "z" : -15.708204
    } ],
    "faces" : [ {
      "vertices" : [ 0, 1, 2 ]
    }, {
      "vertices" : [ 0, 2, 1 ]
    } ]
  }, {
    "id" : "96f1cd20-ba51-4271-b0b5-2a302711809e",
    "vertices" : [ {
      "x" : 42.36068,
      "y" : -16.18034,
      "z" : -15.708204
    }, {
      "x" : 50.832817,
      "y" : -19.416409,
      "z" : 0.0
    }, {
      "x" : 59.30495,
      "y" : -22.652475,
      "z" : -15.708204
    } ],
    "faces" : [ {
      "vertices" : [ 0, 1, 2 ]
    }, {
      "vertices" : [ 0, 2, 1 ]
    } ]
  }, {
    "id" : "7a86d9b9-1bb9-44e2-a064-ec9f7972b446",
    "vertices" : [ {
      "x" : 11.708204,
      "y" : -2.0,
      "z" : 13.708204
    }, {
      "x" : -2.0,
      "y" : -13.708204,
      "z" : 11.708204
    }, {
      "x" : 9.708204,
      "y" : -15.708204,
      "z" : 25.416409
    } ],
    "faces" : [ {
      "vertices" : [ 0, 1, 2 ]
    }, {
      "vertices" : [ 0, 2, 1 ]
    } ]
  }, {
    "id" : "198c0f3c-3b7e-4ae6-ae41-17329cbe4fb6",
    "vertices" : [ {
      "x" : -8.472136,
      "y" : -3.236068,
      "z" : -15.708204
    }, {
      "x" : 8.472136,
      "y" : 3.236068,
      "z" : -15.708204
    }, {
      "x" : 0.0,
      "y" : 0.0,
      "z" : -31.416409
    } ],
    "faces" : [ {
      "vertices" : [ 0, 1, 2 ]
    }, {
      "vertices" : [ 0, 2, 1 ]
    } ]
  }, {
    "id" : "4bf7cf1c-ac75-47b0-80bf-e4be9ac3a034",
    "vertices" : [ {
      "x" : -25.888544,
      "y" : -31.416409,
      "z" : 67.777084
    }, {
      "x" : -29.12461,
      "y" : -47.12461,
      "z" : 76.24922
    }, {
      "x" : -22.652475,
      "y" : -47.12461,
      "z" : 59.30495
    } ],
    "faces" : [ {
      "vertices" : [ 0, 1, 2 ]
    }, {
      "vertices" : [ 0, 2, 1 ]
    } ]
  }, {
    "id" : "13e88420-9bf3-4d47-9681-2b960872fa7e",
    "vertices" : [ {
      "x" : 17.416409,
      "y" : -45.12461,
      "z" : 62.54102
    }, {
      "x" : 29.12461,
      "y" : -47.12461,
      "z" : 76.24922
    }, {
      "x" : 31.12461,
      "y" : -33.41641,
      "z" : 64.54102
    } ],
    "faces" : [ {
      "vertices" : [ 0, 1, 2 ]
    }, {
      "vertices" : [ 0, 2, 1 ]
    } ]
  }, {
    "id" : "f25cda86-4b68-459e-9d5a-d6201ec73ffa",
    "vertices" : [ {
      "x" : -9.708204,
      "y" : 47.12461,
      "z" : 25.416409
    }, {
      "x" : -12.944272,
      "y" : 31.416409,
      "z" : 33.888542
    }, {
      "x" : -16.18034,
      "y" : 47.12461,
      "z" : 42.36068
    } ],
    "faces" : [ {
      "vertices" : [ 0, 1, 2 ]
    }, {
      "vertices" : [ 0, 2, 1 ]
    } ]
  }, {
    "id" : "3266616e-d331-4cd6-b5c3-f385fbc6eda9",
    "vertices" : [ {
      "x" : 0.0,
      "y" : -31.416409,
      "z" : 0.0
    }, {
      "x" : -3.236068,
      "y" : -47.12461,
      "z" : -8.472136
    }, {
      "x" : 3.236068,
      "y" : -47.12461,
      "z" : 8.472136
    } ],
    "faces" : [ {
      "vertices" : [ 0, 1, 2 ]
    }, {
      "vertices" : [ 0, 2, 1 ]
    } ]
  }, {
    "id" : "33ef822c-b257-4c60-84bf-25e3bdeecaff",
    "vertices" : [ {
      "x" : -29.416409,
      "y" : -37.12461,
      "z" : -7.708204
    }, {
      "x" : -41.12461,
      "y" : -35.12461,
      "z" : 6.0
    }, {
      "x" : -43.12461,
      "y" : -48.832817,
      "z" : -5.708204
    } ],
    "faces" : [ {
      "vertices" : [ 0, 1, 2 ]
    }, {
      "vertices" : [ 0, 2, 1 ]
    } ]
  }, {
    "id" : "f36dacda-f13e-4286-ae19-0f233c32479c",
    "vertices" : [ {
      "x" : -3.236068,
      "y" : 15.708204,
      "z" : 8.472136
    }, {
      "x" : -6.472136,
      "y" : 0.0,
      "z" : 16.944271
    }, {
      "x" : -9.708204,
      "y" : 15.708204,
      "z" : 25.416409
    } ],
    "faces" : [ {
      "vertices" : [ 0, 1, 2 ]
    }, {
      "vertices" : [ 0, 2, 1 ]
    } ]
  }, {
    "id" : "08ad9d06-58b2-45df-9b03-7ae27508280a",
    "vertices" : [ {
      "x" : 8.472136,
      "y" : 3.236068,
      "z" : -47.12461
    }, {
      "x" : 25.416409,
      "y" : 9.708204,
      "z" : -47.12461
    }, {
      "x" : 16.944271,
      "y" : 6.472136,
      "z" : -62.832817
    } ],
    "faces" : [ {
      "vertices" : [ 0, 1, 2 ]
    }, {
      "vertices" : [ 0, 2, 1 ]
    } ]
  }, {
    "id" : "25ce693f-2827-43ef-a445-20195b33df91",
    "vertices" : [ {
      "x" : -31.12461,
      "y" : -33.41641,
      "z" : -64.54102
    }, {
      "x" : -29.12461,
      "y" : -47.12461,
      "z" : -76.24922
    }, {
      "x" : -17.416409,
      "y" : -45.12461,
      "z" : -62.54102
    } ],
    "faces" : [ {
      "vertices" : [ 0, 1, 2 ]
    }, {
      "vertices" : [ 0, 2, 1 ]
    } ]
  }, {
    "id" : "7b90cc6e-72dc-4cee-b9aa-4c45c4366911",
    "vertices" : [ {
      "x" : 25.416409,
      "y" : 9.708204,
      "z" : 47.12461
    }, {
      "x" : 8.472136,
      "y" : 3.236068,
      "z" : 47.12461
    }, {
      "x" : 16.944271,
      "y" : 6.472136,
      "z" : 62.832817
    } ],
    "faces" : [ {
      "vertices" : [ 0, 1, 2 ]
    }, {
      "vertices" : [ 0, 2, 1 ]
    } ]
  }, {
    "id" : "239ce269-71d7-4420-ba7d-d625eb87c0e3",
    "vertices" : [ {
      "x" : 67.777084,
      "y" : 25.888544,
      "z" : 31.416409
    }, {
      "x" : 76.24922,
      "y" : 29.12461,
      "z" : 47.12461
    }, {
      "x" : 59.30495,
      "y" : 22.652475,
      "z" : 47.12461
    } ],
    "faces" : [ {
      "vertices" : [ 0, 1, 2 ]
    }, {
      "vertices" : [ 0, 2, 1 ]
    } ]
  }, {
    "id" : "741ffef5-f92b-4dcc-8bed-e71494a74c4f",
    "vertices" : [ {
      "x" : -8.472136,
      "y" : -3.236068,
      "z" : 15.708204
    }, {
      "x" : 8.472136,
      "y" : 3.236068,
      "z" : 15.708204
    }, {
      "x" : 0.0,
      "y" : 0.0,
      "z" : 31.416409
    } ],
    "faces" : [ {
      "vertices" : [ 0, 1, 2 ]
    }, {
      "vertices" : [ 0, 2, 1 ]
    } ]
  }, {
    "id" : "36e6c9db-652b-47a8-ad93-9f6cfe4b410d",
    "vertices" : [ {
      "x" : -12.944272,
      "y" : 31.416409,
      "z" : -33.888542
    }, {
      "x" : -9.708204,
      "y" : 47.12461,
      "z" : -25.416409
    }, {
      "x" : -16.18034,
      "y" : 47.12461,
      "z" : -42.36068
    } ],
    "faces" : [ {
      "vertices" : [ 0, 1, 2 ]
    }, {
      "vertices" : [ 0, 2, 1 ]
    } ]
  }, {
    "id" : "303691b3-f509-4ebb-873f-1299278a56c1",
    "vertices" : [ {
      "x" : 3.236068,
      "y" : 47.12461,
      "z" : -8.472136
    }, {
      "x" : 9.708204,
      "y" : 47.12461,
      "z" : -25.416409
    }, {
      "x" : 6.472136,
      "y" : 62.832817,
      "z" : -16.944271
    } ],
    "faces" : [ {
      "vertices" : [ 0, 1, 2 ]
    }, {
      "vertices" : [ 0, 2, 1 ]
    } ]
  }, {
    "id" : "c3bcad9c-e53b-4f78-9bf8-420d9c9cb8a6",
    "vertices" : [ {
      "x" : -15.708204,
      "y" : 25.416409,
      "z" : 9.708204
    }, {
      "x" : -17.708204,
      "y" : 39.12461,
      "z" : 21.416409
    }, {
      "x" : -29.416409,
      "y" : 37.12461,
      "z" : 7.708204
    } ],
    "faces" : [ {
      "vertices" : [ 0, 1, 2 ]
    }, {
      "vertices" : [ 0, 2, 1 ]
    } ]
  }, {
    "id" : "c881841d-a928-40cd-afa7-c0894c42793e",
    "vertices" : [ {
      "x" : -25.416409,
      "y" : -9.708204,
      "z" : 15.708204
    }, {
      "x" : -33.888542,
      "y" : -12.944272,
      "z" : 31.416409
    }, {
      "x" : -42.36068,
      "y" : -16.18034,
      "z" : 15.708204
    } ],
    "faces" : [ {
      "vertices" : [ 0, 1, 2 ]
    }, {
      "vertices" : [ 0, 2, 1 ]
    } ]
  }, {
    "id" : "95e85acd-8303-4b3f-a5ba-edcffa95f917",
    "vertices" : [ {
      "x" : 15.708204,
      "y" : 25.416409,
      "z" : -9.708204
    }, {
      "x" : 31.416409,
      "y" : 33.888542,
      "z" : -12.944272
    }, {
      "x" : 15.708204,
      "y" : 42.36068,
      "z" : -16.18034
    } ],
    "faces" : [ {
      "vertices" : [ 0, 1, 2 ]
    }, {
      "vertices" : [ 0, 2, 1 ]
    } ]
  }, {
    "id" : "3ee03c48-48aa-499a-aae4-9a920b57998b",
    "vertices" : [ {
      "x" : -3.236068,
      "y" : 15.708204,
      "z" : -8.472136
    }, {
      "x" : 3.236068,
      "y" : 15.708204,
      "z" : 8.472136
    }, {
      "x" : 0.0,
      "y" : 31.416409,
      "z" : 0.0
    } ],
    "faces" : [ {
      "vertices" : [ 0, 1, 2 ]
    }, {
      "vertices" : [ 0, 2, 1 ]
    } ]
  }, {
    "id" : "d72651f5-b3ca-4249-892b-db00acb0b93e",
    "vertices" : [ {
      "x" : 3.236068,
      "y" : -15.708204,
      "z" : 8.472136
    }, {
      "x" : -3.236068,
      "y" : -15.708204,
      "z" : -8.472136
    }, {
      "x" : 0.0,
      "y" : -31.416409,
      "z" : 0.0
    } ],
    "faces" : [ {
      "vertices" : [ 0, 1, 2 ]
    }, {
      "vertices" : [ 0, 2, 1 ]
    } ]
  }, {
    "id" : "591c9284-d182-4385-9919-77c143e2528d",
    "vertices" : [ {
      "x" : -8.472136,
      "y" : -3.236068,
      "z" : 15.708204
    }, {
      "x" : -16.944271,
      "y" : -6.472136,
      "z" : 0.0
    }, {
      "x" : -25.416409,
      "y" : -9.708204,
      "z" : 15.708204
    } ],
    "faces" : [ {
      "vertices" : [ 0, 1, 2 ]
    }, {
      "vertices" : [ 0, 2, 1 ]
    } ]
  }, {
    "id" : "698085b8-95d5-4fe0-8fc8-12ead4916fc2",
    "vertices" : [ {
      "x" : -12.944272,
      "y" : -31.416409,
      "z" : 33.888542
    }, {
      "x" : -9.708204,
      "y" : -47.12461,
      "z" : 25.416409
    }, {
      "x" : -16.18034,
      "y" : -47.12461,
      "z" : 42.36068
    } ],
    "faces" : [ {
      "vertices" : [ 0, 1, 2 ]
    }, {
      "vertices" : [ 0, 2, 1 ]
    } ]
  }, {
    "id" : "30df63bb-cd62-42f7-b080-e0e0f19b799b",
    "vertices" : [ {
      "x" : 7.708204,
      "y" : -29.416409,
      "z" : 37.12461
    }, {
      "x" : -6.0,
      "y" : -41.12461,
      "z" : 35.12461
    }, {
      "x" : 5.708204,
      "y" : -43.12461,
      "z" : 48.832817
    } ],
    "faces" : [ {
      "vertices" : [ 0, 1, 2 ]
    }, {
      "vertices" : [ 0, 2, 1 ]
    } ]
  }, {
    "id" : "1586761c-9258-41a9-ada5-22916cacadfd",
    "vertices" : [ {
      "x" : 9.708204,
      "y" : -15.708204,
      "z" : -25.416409
    }, {
      "x" : 16.18034,
      "y" : -15.708204,
      "z" : -42.36068
    }, {
      "x" : 12.944272,
      "y" : -31.416409,
      "z" : -33.888542
    } ],
    "faces" : [ {
      "vertices" : [ 0, 1, 2 ]
    }, {
      "vertices" : [ 0, 2, 1 ]
    } ]
  }, {
    "id" : "77ea6181-361f-482b-b980-649c5a12b07d",
    "vertices" : [ {
      "x" : -62.54102,
      "y" : 17.416409,
      "z" : -45.12461
    }, {
      "x" : -76.24922,
      "y" : 29.12461,
      "z" : -47.12461
    }, {
      "x" : -64.54102,
      "y" : 31.12461,
      "z" : -33.41641
    } ],
    "faces" : [ {
      "vertices" : [ 0, 1, 2 ]
    }, {
      "vertices" : [ 0, 2, 1 ]
    } ]
  }, {
    "id" : "876830a4-188c-402f-bf32-2c66779016a1",
