{
  "polygons" : "true",
  "field" : "golden",
  "symmetry" : "icosahedral",
  "orientations" : [ [ 1.0, 0.0, 0.0, 0.0, 0.0, 1.0, 0.0, 0.0, 0.0, 0.0, 1.0, 0.0, 0.0, 0.0, 0.0, 1.0 ], [ 0.0, 0.0, 1.0, 0.0, 1.0, 0.0, 0.0, 0.0, 0.0, 1.0, 0.0, 0.0, 0.0, 0.0, 0.0, 1.0 ], [ 0.0, 1.0, 0.0, 0.0, 0.0, 0.0, 1.0, 0.0, 1.0, 0.0, 0.0, 0.0, 0.0, 0.0, 0.0, 1.0 ], [ 0.809017, 0.309017, 0.5, 0.0, 0.309017, 0.5, -0.809017, 0.0, -0.5, 0.809017, 0.309017, 0.0, 0.0, 0.0, 0.0, 1.0 ], [ -0.5, 0.809017, 0.309017, 0.0, 0.809017, 0.309017, 0.5, 0.0, 0.309017, 0.5, -0.809017, 0.0, 0.0, 0.0, 0.0, 1.0 ], [ 0.309017, 0.5, -0.809017, 0.0, -0.5, 0.809017, 0.309017, 0.0, 0.809017, 0.309017, 0.5, 0.0, 0.0, 0.0, 0.0, 1.0 ], [ 0.5, 0.809017, 0.309017, 0.0, 0.809017, -0.309017, -0.5, 0.0, -0.309017, 0.5, -0.809017, 0.0, 0.0, 0.0, 0.0, 1.0 ], [ -0.309017, 0.5, -0.809017, 0.0, 0.5, 0.809017, 0.309017, 0.0, 0.809017, -0.309017, -0.5, 0.0, 0.0, 0.0, 0.0, 1.0 ], [ 0.809017, -0.309017, -0.5, 0.0, -0.309017, 0.5, -0.809017, 0.0, 0.5, 0.809017, 0.309017, 0.0, 0.0, 0.0, 0.0, 1.0 ], [ 0.5, 0.809017, -0.309017, 0.0, 0.809017, -0.309017, 0.5, 0.0, 0.309017, -0.5, -0.809017, 0.0, 0.0, 0.0, 0.0, 1.0 ], [ 0.309017, -0.5, -0.809017, 0.0, 0.5, 0.809017, -0.309017, 0.0, 0.809017, -0.309017, 0.5, 0.0, 0.0, 0.0, 0.0, 1.0 ], [ 0.809017, -0.309017, 0.5, 0.0, 0.309017, -0.5, -0.809017, 0.0, 0.5, 0.809017, -0.309017, 0.0, 0.0, 0.0, 0.0, 1.0 ], [ 0.809017, 0.309017, -0.5, 0.0, 0.309017, 0.5, 0.809017, 0.0, 0.5, -0.809017, 0.309017, 0.0, 0.0, 0.0, 0.0, 1.0 ], [ 0.5, -0.809017, 0.309017, 0.0, 0.809017, 0.309017, -0.5, 0.0, 0.309017, 0.5, 0.809017, 0.0, 0.0, 0.0, 0.0, 1.0 ], [ 0.309017, 0.5, 0.809017, 0.0, 0.5, -0.809017, 0.309017, 0.0, 0.809017, 0.309017, -0.5, 0.0, 0.0, 0.0, 0.0, 1.0 ], [ 1.0, 0.0, 0.0, 0.0, 0.0, -1.0, 0.0, 0.0, 0.0, 0.0, -1.0, 0.0, 0.0, 0.0, 0.0, 1.0 ], [ 0.0, 0.0, 1.0, 0.0, -1.0, 0.0, 0.0, 0.0, 0.0, -1.0, 0.0, 0.0, 0.0, 0.0, 0.0, 1.0 ], [ 0.0, 1.0, 0.0, 0.0, 0.0, 0.0, -1.0, 0.0, -1.0, 0.0, 0.0, 0.0, 0.0, 0.0, 0.0, 1.0 ], [ 0.809017, 0.309017, 0.5, 0.0, -0.309017, -0.5, 0.809017, 0.0, 0.5, -0.809017, -0.309017, 0.0, 0.0, 0.0, 0.0, 1.0 ], [ -0.5, 0.809017, 0.309017, 0.0, -0.809017, -0.309017, -0.5, 0.0, -0.309017, -0.5, 0.809017, 0.0, 0.0, 0.0, 0.0, 1.0 ], [ 0.309017, 0.5, -0.809017, 0.0, 0.5, -0.809017, -0.309017, 0.0, -0.809017, -0.309017, -0.5, 0.0, 0.0, 0.0, 0.0, 1.0 ], [ 0.5, 0.809017, 0.309017, 0.0, -0.809017, 0.309017, 0.5, 0.0, 0.309017, -0.5, 0.809017, 0.0, 0.0, 0.0, 0.0, 1.0 ], [ -0.309017, 0.5, -0.809017, 0.0, -0.5, -0.809017, -0.309017, 0.0, -0.809017, 0.309017, 0.5, 0.0, 0.0, 0.0, 0.0, 1.0 ], [ 0.809017, -0.309017, -0.5, 0.0, 0.309017, -0.5, 0.809017, 0.0, -0.5, -0.809017, -0.309017, 0.0, 0.0, 0.0, 0.0, 1.0 ], [ 0.5, 0.809017, -0.309017, 0.0, -0.809017, 0.309017, -0.5, 0.0, -0.309017, 0.5, 0.809017, 0.0, 0.0, 0.0, 0.0, 1.0 ], [ 0.309017, -0.5, -0.809017, 0.0, -0.5, -0.809017, 0.309017, 0.0, -0.809017, 0.309017, -0.5, 0.0, 0.0, 0.0, 0.0, 1.0 ], [ 0.809017, -0.309017, 0.5, 0.0, -0.309017, 0.5, 0.809017, 0.0, -0.5, -0.809017, 0.309017, 0.0, 0.0, 0.0, 0.0, 1.0 ], [ 0.809017, 0.309017, -0.5, 0.0, -0.309017, -0.5, -0.809017, 0.0, -0.5, 0.809017, -0.309017, 0.0, 0.0, 0.0, 0.0, 1.0 ], [ 0.5, -0.809017, 0.309017, 0.0, -0.809017, -0.309017, 0.5, 0.0, -0.309017, -0.5, -0.809017, 0.0, 0.0, 0.0, 0.0, 1.0 ], [ 0.309017, 0.5, 0.809017, 0.0, -0.5, 0.809017, -0.309017, 0.0, -0.809017, -0.309017, 0.5, 0.0, 0.0, 0.0, 0.0, 1.0 ], [ -1.0, 0.0, 0.0, 0.0, 0.0, -1.0, 0.0, 0.0, 0.0, 0.0, 1.0, 0.0, 0.0, 0.0, 0.0, 1.0 ], [ 0.0, 0.0, -1.0, 0.0, -1.0, 0.0, 0.0, 0.0, 0.0, 1.0, 0.0, 0.0, 0.0, 0.0, 0.0, 1.0 ], [ 0.0, -1.0, 0.0, 0.0, 0.0, 0.0, -1.0, 0.0, 1.0, 0.0, 0.0, 0.0, 0.0, 0.0, 0.0, 1.0 ], [ -0.809017, -0.309017, -0.5, 0.0, -0.309017, -0.5, 0.809017, 0.0, -0.5, 0.809017, 0.309017, 0.0, 0.0, 0.0, 0.0, 1.0 ], [ 0.5, -0.809017, -0.309017, 0.0, -0.809017, -0.309017, -0.5, 0.0, 0.309017, 0.5, -0.809017, 0.0, 0.0, 0.0, 0.0, 1.0 ], [ -0.309017, -0.5, 0.809017, 0.0, 0.5, -0.809017, -0.309017, 0.0, 0.809017, 0.309017, 0.5, 0.0, 0.0, 0.0, 0.0, 1.0 ], [ -0.5, -0.809017, -0.309017, 0.0, -0.809017, 0.309017, 0.5, 0.0, -0.309017, 0.5, -0.809017, 0.0, 0.0, 0.0, 0.0, 1.0 ], [ 0.309017, -0.5, 0.809017, 0.0, -0.5, -0.809017, -0.309017, 0.0, 0.809017, -0.309017, -0.5, 0.0, 0.0, 0.0, 0.0, 1.0 ], [ -0.809017, 0.309017, 0.5, 0.0, 0.309017, -0.5, 0.809017, 0.0, 0.5, 0.809017, 0.309017, 0.0, 0.0, 0.0, 0.0, 1.0 ], [ -0.5, -0.809017, 0.309017, 0.0, -0.809017, 0.309017, -0.5, 0.0, 0.309017, -0.5, -0.809017, 0.0, 0.0, 0.0, 0.0, 1.0 ], [ -0.309017, 0.5, 0.809017, 0.0, -0.5, -0.809017, 0.309017, 0.0, 0.809017, -0.309017, 0.5, 0.0, 0.0, 0.0, 0.0, 1.0 ], [ -0.809017, 0.309017, -0.5, 0.0, -0.309017, 0.5, 0.809017, 0.0, 0.5, 0.809017, -0.309017, 0.0, 0.0, 0.0, 0.0, 1.0 ], [ -0.809017, -0.309017, 0.5, 0.0, -0.309017, -0.5, -0.809017, 0.0, 0.5, -0.809017, 0.309017, 0.0, 0.0, 0.0, 0.0, 1.0 ], [ -0.5, 0.809017, -0.309017, 0.0, -0.809017, -0.309017, 0.5, 0.0, 0.309017, 0.5, 0.809017, 0.0, 0.0, 0.0, 0.0, 1.0 ], [ -0.309017, -0.5, -0.809017, 0.0, -0.5, 0.809017, -0.309017, 0.0, 0.809017, 0.309017, -0.5, 0.0, 0.0, 0.0, 0.0, 1.0 ], [ -1.0, 0.0, 0.0, 0.0, 0.0, 1.0, 0.0, 0.0, 0.0, 0.0, -1.0, 0.0, 0.0, 0.0, 0.0, 1.0 ], [ 0.0, 0.0, -1.0, 0.0, 1.0, 0.0, 0.0, 0.0, 0.0, -1.0, 0.0, 0.0, 0.0, 0.0, 0.0, 1.0 ], [ 0.0, -1.0, 0.0, 0.0, 0.0, 0.0, 1.0, 0.0, -1.0, 0.0, 0.0, 0.0, 0.0, 0.0, 0.0, 1.0 ], [ -0.809017, -0.309017, -0.5, 0.0, 0.309017, 0.5, -0.809017, 0.0, 0.5, -0.809017, -0.309017, 0.0, 0.0, 0.0, 0.0, 1.0 ], [ 0.5, -0.809017, -0.309017, 0.0, 0.809017, 0.309017, 0.5, 0.0, -0.309017, -0.5, 0.809017, 0.0, 0.0, 0.0, 0.0, 1.0 ], [ -0.309017, -0.5, 0.809017, 0.0, -0.5, 0.809017, 0.309017, 0.0, -0.809017, -0.309017, -0.5, 0.0, 0.0, 0.0, 0.0, 1.0 ], [ -0.5, -0.809017, -0.309017, 0.0, 0.809017, -0.309017, -0.5, 0.0, 0.309017, -0.5, 0.809017, 0.0, 0.0, 0.0, 0.0, 1.0 ], [ 0.309017, -0.5, 0.809017, 0.0, 0.5, 0.809017, 0.309017, 0.0, -0.809017, 0.309017, 0.5, 0.0, 0.0, 0.0, 0.0, 1.0 ], [ -0.809017, 0.309017, 0.5, 0.0, -0.309017, 0.5, -0.809017, 0.0, -0.5, -0.809017, -0.309017, 0.0, 0.0, 0.0, 0.0, 1.0 ], [ -0.5, -0.809017, 0.309017, 0.0, 0.809017, -0.309017, 0.5, 0.0, -0.309017, 0.5, 0.809017, 0.0, 0.0, 0.0, 0.0, 1.0 ], [ -0.309017, 0.5, 0.809017, 0.0, 0.5, 0.809017, -0.309017, 0.0, -0.809017, 0.309017, -0.5, 0.0, 0.0, 0.0, 0.0, 1.0 ], [ -0.809017, 0.309017, -0.5, 0.0, 0.309017, -0.5, -0.809017, 0.0, -0.5, -0.809017, 0.309017, 0.0, 0.0, 0.0, 0.0, 1.0 ], [ -0.809017, -0.309017, 0.5, 0.0, 0.309017, 0.5, 0.809017, 0.0, -0.5, 0.809017, -0.309017, 0.0, 0.0, 0.0, 0.0, 1.0 ], [ -0.5, 0.809017, -0.309017, 0.0, 0.809017, 0.309017, -0.5, 0.0, -0.309017, -0.5, -0.809017, 0.0, 0.0, 0.0, 0.0, 1.0 ], [ -0.309017, -0.5, -0.809017, 0.0, 0.5, -0.809017, 0.309017, 0.0, -0.809017, -0.309017, 0.5, 0.0, 0.0, 0.0, 0.0, 1.0 ] ],
  "lights" : {
    "ambientColor" : "#292929",
    "backgroundColor" : "#AFC8DC",
    "directionalLights" : [ {
      "direction" : [ 1.0, -1.0, -1.0 ],
      "color" : "#EBEBE4"
    }, {
      "direction" : [ -1.0, 0.0, 0.0 ],
      "color" : "#E4E4EB"
    }, {
      "direction" : [ 0.0, 0.0, -1.0 ],
      "color" : "#1E1E1E"
    } ]
  },
  "camera" : {
    "viewDistance" : 117.787186,
    "lookAtPointRV" : {
      "x" : 0.0,
      "y" : 0.0,
      "z" : 0.0,
      "zero" : true
    },
    "lookDirectionRV" : {
      "x" : 0.0,
      "y" : 0.0,
      "z" : -1.0,
      "zero" : false
    },
    "upDirectionRV" : {
      "x" : 0.0,
      "y" : 1.0,
      "z" : 0.0,
      "zero" : false
    },
    "lookDirection" : {
      "x" : 0.0,
      "y" : 0.0,
      "z" : -1.0
    },
    "nearClipDistance" : 1.1778724,
    "farClipDistance" : 471.14835,
    "width" : 117.78709,
    "perspective" : false,
    "fieldOfView" : 0.92729455,
    "lookAtPoint" : {
      "x" : 0.0,
      "y" : 0.0,
      "z" : 0.0
    },
    "upDirection" : {
      "x" : 0.0,
      "y" : 1.0,
      "z" : 0.0
    },
    "stereo" : false,
    "position" : {
      "x" : 0.0,
      "y" : 0.0,
      "z" : 117.787186
    }
  },
  "embedding" : [ 1.0, 0.0, 0.0, 0.0, 0.0, 1.0, 0.0, 0.0, 0.0, 0.0, 1.0, 0.0, 0.0, 0.0, 0.0, 1.0 ],
  "shapes" : [ {
    "id" : "99ef0bc9-c0e3-41b6-90e8-cb82aa2ffd04",
    "orbit" : "green",
    "orbitC" : "[[2,-1,1],[5,-3,1]]",
    "length" : "[\"-1\",\"1\",\"1\"]",
    "name" : "g0",
    "vertices" : [ {
      "x" : 6.545085,
      "y" : 2.5,
      "z" : -0.95491505
    }, {
      "x" : 6.163119,
      "y" : 2.045085,
      "z" : -0.76393205
    }, {
      "x" : 6.0,
      "y" : 2.309017,
      "z" : -1.190983
    }, {
      "x" : 5.927051,
      "y" : 2.572949,
      "z" : -1.0
    }, {
      "x" : 0.85410196,
      "y" : 0.309017,
      "z" : 0.19098301
    }, {
      "x" : 0.690983,
      "y" : 0.572949,
      "z" : -0.23606798
    }, {
      "x" : 0.309017,
      "y" : 0.11803399,
      "z" : -0.045084972
    }, {
      "x" : 0.76393205,
      "y" : 0.309017,
      "z" : -0.42705098
    }, {
      "x" : 0.927051,
      "y" : 0.045084972,
      "z" : 0.0
    }, {
      "x" : 6.09017,
      "y" : 2.309017,
      "z" : -0.572949
    }, {
      "x" : 6.854102,
      "y" : 2.618034,
      "z" : -1.0
    } ],
    "faces" : [ {
      "vertices" : [ 2, 7, 5, 3 ]
    }, {
      "vertices" : [ 1, 8, 7, 2 ]
    }, {
      "vertices" : [ 4, 6, 8 ]
    }, {
      "vertices" : [ 5, 7, 6 ]
    }, {
      "vertices" : [ 0, 1, 2 ]
    }, {
      "vertices" : [ 0, 2, 3 ]
    }, {
      "vertices" : [ 6, 7, 8 ]
    }, {
      "vertices" : [ 3, 5, 4, 9 ]
    }, {
      "vertices" : [ 1, 9, 4, 8 ]
    }, {
      "vertices" : [ 0, 9, 1 ]
    }, {
      "vertices" : [ 0, 3, 9 ]
    }, {
      "vertices" : [ 4, 5, 6 ]
    } ]
  }, {
    "id" : "c1987546-4974-4138-8935-a5ebd8af4df5",
    "name" : "ball",
    "vertices" : [ {
      "x" : 0.309017,
      "y" : -0.309017,
      "z" : -0.309017
    }, {
      "x" : 0.5,
      "y" : 0.0,
      "z" : -0.19098301
    }, {
      "x" : 0.5,
      "y" : 0.0,
      "z" : 0.19098301
    }, {
      "x" : 0.309017,
      "y" : -0.309017,
      "z" : 0.309017
    }, {
      "x" : 0.19098301,
      "y" : -0.5,
      "z" : 0.0
    }, {
      "x" : 0.0,
      "y" : 0.19098301,
      "z" : 0.5
    }, {
      "x" : 0.0,
      "y" : -0.19098301,
      "z" : 0.5
    }, {
      "x" : 0.309017,
      "y" : 0.309017,
      "z" : 0.309017
    }, {
      "x" : -0.309017,
      "y" : -0.309017,
      "z" : 0.309017
    }, {
      "x" : -0.309017,
      "y" : 0.309017,
      "z" : 0.309017
    }, {
      "x" : -0.5,
      "y" : 0.0,
      "z" : 0.19098301
    }, {
      "x" : 0.0,
      "y" : -0.19098301,
      "z" : -0.5
    }, {
      "x" : 0.0,
      "y" : 0.19098301,
      "z" : -0.5
    }, {
      "x" : 0.309017,
      "y" : 0.309017,
      "z" : -0.309017
    }, {
      "x" : -0.309017,
      "y" : -0.309017,
      "z" : -0.309017
    }, {
      "x" : -0.19098301,
      "y" : -0.5,
      "z" : 0.0
    }, {
      "x" : -0.5,
      "y" : 0.0,
      "z" : -0.19098301
    }, {
      "x" : 0.19098301,
      "y" : 0.5,
      "z" : 0.0
    }, {
      "x" : -0.309017,
      "y" : 0.309017,
      "z" : -0.309017
    }, {
      "x" : 0.0,
      "y" : 0.0,
      "z" : 0.0
    }, {
      "x" : -0.19098301,
      "y" : 0.5,
      "z" : 0.0
    } ],
    "faces" : [ {
      "vertices" : [ 12, 18, 20, 17, 13 ]
    }, {
      "vertices" : [ 3, 6, 8, 15, 4 ]
    }, {
      "vertices" : [ 0, 11, 12, 13, 1 ]
    }, {
      "vertices" : [ 5, 9, 10, 8, 6 ]
    }, {
      "vertices" : [ 2, 7, 5, 6, 3 ]
    }, {
      "vertices" : [ 11, 14, 16, 18, 12 ]
    }, {
      "vertices" : [ 1, 13, 17, 7, 2 ]
    }, {
      "vertices" : [ 9, 20, 18, 16, 10 ]
    }, {
      "vertices" : [ 0, 1, 2, 3, 4 ]
    }, {
      "vertices" : [ 5, 7, 17, 20, 9 ]
    }, {
      "vertices" : [ 0, 4, 15, 14, 11 ]
    }, {
      "vertices" : [ 8, 10, 16, 14, 15 ]
    } ]
  }, {
    "id" : "a244f538-3c10-470a-a640-1b853b4a401f",
    "orbit" : "green",
    "orbitC" : "[[2,-1,1],[5,-3,1]]",
    "length" : "[\"0\",\"1\",\"1\"]",
    "name" : "g2",
    "vertices" : [ {
      "x" : 17.635256,
      "y" : 6.736068,
      "z" : -2.572949
    }, {
      "x" : 17.253288,
      "y" : 6.2811527,
      "z" : -2.381966
    }, {
      "x" : 17.09017,
      "y" : 6.545085,
      "z" : -2.809017
    }, {
      "x" : 17.017221,
      "y" : 6.809017,
      "z" : -2.618034
    }, {
      "x" : 0.85410196,
      "y" : 0.309017,
      "z" : 0.19098301
    }, {
      "x" : 0.690983,
      "y" : 0.572949,
      "z" : -0.23606798
    }, {
      "x" : 0.309017,
      "y" : 0.11803399,
      "z" : -0.045084972
    }, {
      "x" : 0.76393205,
      "y" : 0.309017,
      "z" : -0.42705098
    }, {
      "x" : 0.927051,
      "y" : 0.045084972,
      "z" : 0.0
    }, {
      "x" : 17.18034,
      "y" : 6.545085,
      "z" : -2.190983
    }, {
      "x" : 17.944271,
      "y" : 6.854102,
      "z" : -2.618034
    } ],
    "faces" : [ {
      "vertices" : [ 2, 7, 5, 3 ]
    }, {
      "vertices" : [ 1, 8, 7, 2 ]
    }, {
      "vertices" : [ 4, 6, 8 ]
    }, {
      "vertices" : [ 5, 7, 6 ]
    }, {
      "vertices" : [ 0, 1, 2 ]
    }, {
      "vertices" : [ 0, 2, 3 ]
    }, {
      "vertices" : [ 6, 7, 8 ]
    }, {
      "vertices" : [ 3, 5, 4, 9 ]
    }, {
      "vertices" : [ 1, 9, 4, 8 ]
    }, {
      "vertices" : [ 0, 9, 1 ]
    }, {
      "vertices" : [ 0, 3, 9 ]
    }, {
      "vertices" : [ 4, 5, 6 ]
    } ]
  }, {
    "id" : "be867f66-ae1c-42e7-83d7-d000af64f68e",
    "orbit" : "green",
    "orbitC" : "[[2,-1,1],[5,-3,1]]",
    "length" : "[\"1\",\"0\",\"1\"]",
    "name" : "g1",
    "vertices" : [ {
      "x" : 10.781153,
      "y" : 4.118034,
      "z" : -1.572949
    }, {
      "x" : 10.399187,
      "y" : 3.663119,
      "z" : -1.381966
    }, {
      "x" : 10.236068,
      "y" : 3.927051,
      "z" : -1.809017
    }, {
      "x" : 10.163119,
      "y" : 4.190983,
      "z" : -1.618034
    }, {
      "x" : 0.85410196,
      "y" : 0.309017,
      "z" : 0.19098301
    }, {
      "x" : 0.690983,
      "y" : 0.572949,
      "z" : -0.23606798
    }, {
      "x" : 0.309017,
      "y" : 0.11803399,
      "z" : -0.045084972
    }, {
      "x" : 0.76393205,
      "y" : 0.309017,
      "z" : -0.42705098
    }, {
      "x" : 0.927051,
      "y" : 0.045084972,
      "z" : 0.0
    }, {
      "x" : 10.326238,
      "y" : 3.927051,
      "z" : -1.190983
    }, {
      "x" : 11.09017,
      "y" : 4.236068,
      "z" : -1.618034
    } ],
    "faces" : [ {
      "vertices" : [ 2, 7, 5, 3 ]
    }, {
      "vertices" : [ 1, 8, 7, 2 ]
    }, {
      "vertices" : [ 4, 6, 8 ]
    }, {
      "vertices" : [ 5, 7, 6 ]
    }, {
      "vertices" : [ 0, 1, 2 ]
    }, {
      "vertices" : [ 0, 2, 3 ]
    }, {
      "vertices" : [ 6, 7, 8 ]
    }, {
      "vertices" : [ 3, 5, 4, 9 ]
    }, {
      "vertices" : [ 1, 9, 4, 8 ]
    }, {
      "vertices" : [ 0, 9, 1 ]
    }, {
      "vertices" : [ 0, 3, 9 ]
    }, {
      "vertices" : [ 4, 5, 6 ]
    } ]
  }, {
    "id" : "969df437-2f44-41d7-8263-59f94c605afd",
    "orbit" : "green",
    "orbitC" : "[[2,-1,1],[5,-3,1]]",
    "length" : "[\"2\",\"-1\",\"1\"]",
    "name" : " :2 -phi",
    "vertices" : [ {
      "x" : 3.927051,
      "y" : 1.5,
      "z" : -0.572949
    }, {
      "x" : 3.545085,
      "y" : 1.045085,
      "z" : -0.38196602
    }, {
      "x" : 3.381966,
      "y" : 1.309017,
      "z" : -0.809017
    }, {
      "x" : 3.309017,
      "y" : 1.572949,
      "z" : -0.618034
    }, {
      "x" : 0.85410196,
      "y" : 0.309017,
      "z" : 0.19098301
    }, {
      "x" : 0.690983,
      "y" : 0.572949,
      "z" : -0.23606798
    }, {
      "x" : 0.309017,
      "y" : 0.11803399,
      "z" : -0.045084972
    }, {
      "x" : 0.76393205,
      "y" : 0.309017,
      "z" : -0.42705098
    }, {
      "x" : 0.927051,
      "y" : 0.045084972,
      "z" : 0.0
    }, {
      "x" : 3.472136,
      "y" : 1.309017,
      "z" : -0.19098301
    }, {
      "x" : 4.236068,
      "y" : 1.618034,
      "z" : -0.618034
    } ],
    "faces" : [ {
      "vertices" : [ 2, 7, 5, 3 ]
    }, {
      "vertices" : [ 1, 8, 7, 2 ]
    }, {
      "vertices" : [ 4, 6, 8 ]
    }, {
      "vertices" : [ 5, 7, 6 ]
    }, {
      "vertices" : [ 0, 1, 2 ]
    }, {
      "vertices" : [ 0, 2, 3 ]
    }, {
      "vertices" : [ 6, 7, 8 ]
    }, {
      "vertices" : [ 3, 5, 4, 9 ]
    }, {
      "vertices" : [ 1, 9, 4, 8 ]
    }, {
      "vertices" : [ 0, 9, 1 ]
    }, {
      "vertices" : [ 0, 3, 9 ]
    }, {
      "vertices" : [ 4, 5, 6 ]
    } ]
  } ],
  "instances" : [ {
    "shape" : "99ef0bc9-c0e3-41b6-90e8-cb82aa2ffd04",
    "color" : "#00993F",
    "position" : {
      "x" : -11.09017,
      "y" : -4.236068,
      "z" : 6.854102
    },
    "orientation" : 11
  }, {
    "shape" : "c1987546-4974-4138-8935-a5ebd8af4df5",
    "color" : "#F2F2F2",
    "position" : {
      "x" : 1.618034,
      "y" : -11.09017,
      "z" : -9.472136
    }
  }, {
    "shape" : "a244f538-3c10-470a-a640-1b853b4a401f",
    "color" : "#00993F",
    "position" : {
      "x" : -22.18034,
      "y" : -8.472136,
      "z" : 0.0
    },
    "orientation" : 44
  }, {
    "shape" : "99ef0bc9-c0e3-41b6-90e8-cb82aa2ffd04",
    "color" : "#00993F",
    "position" : {
      "x" : -6.854102,
      "y" : 2.618034,
      "z" : -12.708204
    },
    "orientation" : 27
  }, {
    "shape" : "be867f66-ae1c-42e7-83d7-d000af64f68e",
    "color" : "#00993F",
    "position" : {
      "x" : 0.0,
      "y" : -22.18034,
      "z" : -8.472136
    },
    "orientation" : 12
  }, {
    "shape" : "c1987546-4974-4138-8935-a5ebd8af4df5",
    "color" : "#F2F2F2",
    "position" : {
      "x" : 0.0,
      "y" : 0.0,
      "z" : 35.888542
    }
  }, {
    "shape" : "c1987546-4974-4138-8935-a5ebd8af4df5",
    "color" : "#F2F2F2",
    "position" : {
      "x" : 0.0,
      "y" : 13.708204,
      "z" : -5.236068
    }
  }, {
    "shape" : "99ef0bc9-c0e3-41b6-90e8-cb82aa2ffd04",
    "color" : "#00993F",
    "position" : {
      "x" : -7.854102,
      "y" : 4.236068,
      "z" : -1.618034
    },
    "orientation" : 46
  }, {
    "shape" : "be867f66-ae1c-42e7-83d7-d000af64f68e",
    "color" : "#00993F",
    "position" : {
      "x" : 12.708204,
      "y" : 6.854102,
      "z" : 2.618034
    },
    "orientation" : 1
  }, {
    "shape" : "be867f66-ae1c-42e7-83d7-d000af64f68e",
    "color" : "#00993F",
    "position" : {
      "x" : -1.618034,
      "y" : -11.09017,
      "z" : 9.472136
    },
    "orientation" : 33
  }, {
    "shape" : "969df437-2f44-41d7-8263-59f94c605afd",
    "color" : "#00993F",
    "position" : {
      "x" : 1.0,
      "y" : 6.854102,
      "z" : -5.854102
    },
    "orientation" : 8
  }, {
    "shape" : "99ef0bc9-c0e3-41b6-90e8-cb82aa2ffd04",
    "color" : "#00993F",
    "position" : {
      "x" : -3.236068,
      "y" : 0.0,
      "z" : 8.472136
    },
    "orientation" : 1
  }, {
    "shape" : "be867f66-ae1c-42e7-83d7-d000af64f68e",
    "color" : "#00993F",
    "position" : {
      "x" : -17.944271,
      "y" : -6.854102,
      "z" : -11.09017
    },
    "orientation" : 44
  }, {
    "shape" : "99ef0bc9-c0e3-41b6-90e8-cb82aa2ffd04",
    "color" : "#00993F",
    "position" : {
      "x" : 0.0,
      "y" : -8.472136,
      "z" : 3.236068
    },
    "orientation" : 42
  }, {
    "shape" : "969df437-2f44-41d7-8263-59f94c605afd",
    "color" : "#00993F",
    "position" : {
      "x" : -8.472136,
      "y" : 0.0,
      "z" : 0.0
    },
    "orientation" : 31
  }, {
    "shape" : "be867f66-ae1c-42e7-83d7-d000af64f68e",
    "color" : "#00993F",
    "position" : {
      "x" : -5.236068,
      "y" : 0.0,
      "z" : 13.708204
    },
    "orientation" : 43
  }, {
    "shape" : "c1987546-4974-4138-8935-a5ebd8af4df5",
    "color" : "#F2F2F2",
    "position" : {
      "x" : -2.618034,
      "y" : -4.236068,
      "z" : -6.854102
    }
  }, {
    "shape" : "be867f66-ae1c-42e7-83d7-d000af64f68e",
    "color" : "#00993F",
    "position" : {
      "x" : -20.562305,
      "y" : 11.09017,
      "z" : 4.236068
    },
    "orientation" : 16
  }, {
    "shape" : "99ef0bc9-c0e3-41b6-90e8-cb82aa2ffd04",
    "color" : "#00993F",
    "position" : {
      "x" : 3.236068,
      "y" : 0.0,
      "z" : 8.472136
    },
    "orientation" : 13
  }, {
    "shape" : "be867f66-ae1c-42e7-83d7-d000af64f68e",
    "color" : "#00993F",
    "position" : {
      "x" : 4.236068,
      "y" : -20.562305,
      "z" : -11.09017
    },
    "orientation" : 49
  }, {
    "shape" : "be867f66-ae1c-42e7-83d7-d000af64f68e",
    "color" : "#00993F",
    "position" : {
      "x" : -6.854102,
      "y" : 2.618034,
      "z" : -12.708204
    },
    "orientation" : 26
  }, {
    "shape" : "99ef0bc9-c0e3-41b6-90e8-cb82aa2ffd04",
    "color" : "#00993F",
    "position" : {
      "x" : 4.236068,
      "y" : -1.618034,
      "z" : 7.854102
    },
    "orientation" : 35
  }, {
    "shape" : "be867f66-ae1c-42e7-83d7-d000af64f68e",
    "color" : "#00993F",
    "position" : {
      "x" : -9.472136,
      "y" : -1.618034,
      "z" : 11.09017
    },
    "orientation" : 51
  }, {
    "shape" : "c1987546-4974-4138-8935-a5ebd8af4df5",
    "color" : "#F2F2F2",
    "position" : {
      "x" : 17.944271,
      "y" : 6.854102,
      "z" : -11.09017
    }
  }, {
    "shape" : "be867f66-ae1c-42e7-83d7-d000af64f68e",
    "color" : "#00993F",
    "position" : {
      "x" : -1.618034,
      "y" : 11.09017,
      "z" : 9.472136
    },
    "orientation" : 54
  }, {
    "shape" : "be867f66-ae1c-42e7-83d7-d000af64f68e",
    "color" : "#00993F",
    "position" : {
      "x" : -2.618034,
      "y" : 17.944271,
      "z" : 15.326238
    },
    "orientation" : 53
  }, {
    "shape" : "c1987546-4974-4138-8935-a5ebd8af4df5",
    "color" : "#F2F2F2",
    "position" : {
      "x" : -8.472136,
      "y" : 0.0,
      "z" : 22.18034
    }
  }, {
    "shape" : "c1987546-4974-4138-8935-a5ebd8af4df5",
    "color" : "#F2F2F2",
    "position" : {
      "x" : -9.472136,
      "y" : -1.618034,
      "z" : -11.09017
    }
  }, {
    "shape" : "c1987546-4974-4138-8935-a5ebd8af4df5",
    "color" : "#F2F2F2",
    "position" : {
      "x" : -1.618034,
      "y" : 11.09017,
      "z" : -9.472136
    }
  }, {
    "shape" : "c1987546-4974-4138-8935-a5ebd8af4df5",
    "color" : "#F2F2F2",
    "position" : {
      "x" : 2.618034,
      "y" : -17.944271,
      "z" : 15.326238
    }
  }, {
    "shape" : "c1987546-4974-4138-8935-a5ebd8af4df5",
    "color" : "#F2F2F2",
    "position" : {
      "x" : 0.0,
      "y" : -35.888542,
      "z" : 0.0
    }
  }, {
    "shape" : "99ef0bc9-c0e3-41b6-90e8-cb82aa2ffd04",
    "color" : "#00993F",
    "position" : {
      "x" : -11.09017,
      "y" : 4.236068,
      "z" : -6.854102
    },
    "orientation" : 32
  }, {
    "shape" : "99ef0bc9-c0e3-41b6-90e8-cb82aa2ffd04",
    "color" : "#00993F",
    "position" : {
      "x" : 6.854102,
      "y" : -11.09017,
      "z" : -4.236068
    },
    "orientation" : 9
  }, {
    "shape" : "a244f538-3c10-470a-a640-1b853b4a401f",
    "color" : "#00993F",
    "position" : {
      "x" : 2.618034,
      "y" : 17.944271,
      "z" : -15.326238
    },
    "orientation" : 9
  }, {
    "shape" : "969df437-2f44-41d7-8263-59f94c605afd",
    "color" : "#00993F",
    "position" : {
      "x" : 2.618034,
      "y" : -4.236068,
      "z" : -6.854102
    },
    "orientation" : 39
  }, {
    "shape" : "c1987546-4974-4138-8935-a5ebd8af4df5",
    "color" : "#F2F2F2",
    "position" : {
      "x" : -1.618034,
      "y" : -11.09017,
      "z" : -9.472136
    }
  }, {
    "shape" : "99ef0bc9-c0e3-41b6-90e8-cb82aa2ffd04",
    "color" : "#00993F",
    "position" : {
      "x" : 5.854102,
      "y" : -1.0,
      "z" : 6.854102
    },
    "orientation" : 6
  }, {
    "shape" : "c1987546-4974-4138-8935-a5ebd8af4df5",
    "color" : "#F2F2F2",
    "position" : {
      "x" : -11.09017,
      "y" : 4.236068,
      "z" : 20.562305
    }
  }, {
    "shape" : "969df437-2f44-41d7-8263-59f94c605afd",
    "color" : "#00993F",
    "position" : {
      "x" : -5.854102,
      "y" : 1.0,
      "z" : -6.854102
    },
    "orientation" : 40
  }, {
    "shape" : "c1987546-4974-4138-8935-a5ebd8af4df5",
    "color" : "#F2F2F2",
    "position" : {
      "x" : -20.562305,
      "y" : -11.09017,
      "z" : -4.236068
    }
  }, {
    "shape" : "99ef0bc9-c0e3-41b6-90e8-cb82aa2ffd04",
    "color" : "#00993F",
    "position" : {
      "x" : -8.472136,
      "y" : 3.236068,
      "z" : 0.0
    },
    "orientation" : 59
  }, {
    "shape" : "c1987546-4974-4138-8935-a5ebd8af4df5",
    "color" : "#F2F2F2",
    "position" : {
      "x" : -5.854102,
      "y" : -1.0,
      "z" : -6.854102
    }
  }, {
    "shape" : "99ef0bc9-c0e3-41b6-90e8-cb82aa2ffd04",
    "color" : "#00993F",
    "position" : {
      "x" : 6.854102,
      "y" : 2.618034,
      "z" : 12.708204
    },
    "orientation" : 42
  }, {
    "shape" : "be867f66-ae1c-42e7-83d7-d000af64f68e",
    "color" : "#00993F",
    "position" : {
      "x" : -11.09017,
      "y" : -4.236068,
      "z" : -20.562305
    },
    "orientation" : 0
  }, {
    "shape" : "99ef0bc9-c0e3-41b6-90e8-cb82aa2ffd04",
    "color" : "#00993F",
    "position" : {
      "x" : -8.472136,
      "y" : -3.236068,
      "z" : 0.0
    },
    "orientation" : 44
  }, {
    "shape" : "c1987546-4974-4138-8935-a5ebd8af4df5",
    "color" : "#F2F2F2",
    "position" : {
      "x" : -1.618034,
      "y" : -7.854102,
      "z" : -4.236068
    }
  }, {
    "shape" : "969df437-2f44-41d7-8263-59f94c605afd",
    "color" : "#00993F",
    "position" : {
      "x" : -4.236068,
      "y" : 1.618034,
      "z" : 7.854102
    },
    "orientation" : 15
  }, {
    "shape" : "c1987546-4974-4138-8935-a5ebd8af4df5",
    "color" : "#F2F2F2",
    "position" : {
      "x" : 3.236068,
      "y" : 0.0,
      "z" : -8.472136
    }
  }, {
    "shape" : "c1987546-4974-4138-8935-a5ebd8af4df5",
    "color" : "#F2F2F2",
    "position" : {
      "x" : 17.944271,
      "y" : 15.326238,
      "z" : -2.618034
    }
  }, {
    "shape" : "a244f538-3c10-470a-a640-1b853b4a401f",
    "color" : "#00993F",
    "position" : {
      "x" : 17.944271,
      "y" : -15.326238,
      "z" : -2.618034
    },
    "orientation" : 20
  }, {
    "shape" : "99ef0bc9-c0e3-41b6-90e8-cb82aa2ffd04",
    "color" : "#00993F",
    "position" : {
      "x" : 6.854102,
      "y" : 5.854102,
      "z" : 1.0
    },
    "orientation" : 52
  }, {
    "shape" : "c1987546-4974-4138-8935-a5ebd8af4df5",
    "color" : "#F2F2F2",
    "position" : {
      "x" : 6.854102,
      "y" : -11.09017,
      "z" : 17.944271
    }
  }, {
    "shape" : "be867f66-ae1c-42e7-83d7-d000af64f68e",
    "color" : "#00993F",
    "position" : {
      "x" : 11.09017,
      "y" : -9.472136,
      "z" : -1.618034
    },
    "orientation" : 37
  }, {
    "shape" : "969df437-2f44-41d7-8263-59f94c605afd",
    "color" : "#00993F",
    "position" : {
      "x" : 2.618034,
      "y" : -4.236068,
      "z" : -6.854102
    },
    "orientation" : 6
  }, {
    "shape" : "be867f66-ae1c-42e7-83d7-d000af64f68e",
    "color" : "#00993F",
    "position" : {
      "x" : 15.326238,
      "y" : 2.618034,
      "z" : 17.944271
    },
    "orientation" : 25
  }, {
    "shape" : "be867f66-ae1c-42e7-83d7-d000af64f68e",
    "color" : "#00993F",
    "position" : {
      "x" : -12.708204,
      "y" : -6.854102,
      "z" : -2.618034
    },
    "orientation" : 48
  }, {
    "shape" : "a244f538-3c10-470a-a640-1b853b4a401f",
    "color" : "#00993F",
    "position" : {
      "x" : -2.618034,
      "y" : -17.944271,
      "z" : 15.326238
    },
    "orientation" : 33
  }, {
    "shape" : "c1987546-4974-4138-8935-a5ebd8af4df5",
    "color" : "#F2F2F2",
    "position" : {
      "x" : -11.09017,
      "y" : -17.944271,
      "z" : 29.034441
    }
  }, {
    "shape" : "be867f66-ae1c-42e7-83d7-d000af64f68e",
    "color" : "#00993F",
    "position" : {
      "x" : 2.618034,
      "y" : 12.708204,
      "z" : -6.854102
    },
    "orientation" : 29
  }, {
    "shape" : "c1987546-4974-4138-8935-a5ebd8af4df5",
    "color" : "#F2F2F2",
    "position" : {
      "x" : -6.854102,
      "y" : 11.09017,
      "z" : 17.944271
    }
  }, {
    "shape" : "be867f66-ae1c-42e7-83d7-d000af64f68e",
    "color" : "#00993F",
    "position" : {
      "x" : 0.0,
      "y" : -22.18034,
      "z" : 8.472136
    },
    "orientation" : 57
  }, {
    "shape" : "be867f66-ae1c-42e7-83d7-d000af64f68e",
    "color" : "#00993F",
    "position" : {
      "x" : 11.09017,
      "y" : 9.472136,
      "z" : 1.618034
    },
    "orientation" : 5
  }, {
    "shape" : "be867f66-ae1c-42e7-83d7-d000af64f68e",
    "color" : "#00993F",
    "position" : {
      "x" : -6.854102,
      "y" : -2.618034,
      "z" : -12.708204
    },
    "orientation" : 42
  }, {
    "shape" : "c1987546-4974-4138-8935-a5ebd8af4df5",
    "color" : "#F2F2F2",
    "position" : {
      "x" : 0.0,
      "y" : -8.472136,
      "z" : 0.0
    }
  }, {
    "shape" : "969df437-2f44-41d7-8263-59f94c605afd",
    "color" : "#00993F",
    "position" : {
      "x" : -6.854102,
      "y" : 2.618034,
      "z" : 4.236068
    },
    "orientation" : 5
  }, {
    "shape" : "a244f538-3c10-470a-a640-1b853b4a401f",
    "color" : "#00993F",
    "position" : {
      "x" : -22.18034,
      "y" : 8.472136,
      "z" : 0.0
    },
    "orientation" : 32
  }, {
    "shape" : "be867f66-ae1c-42e7-83d7-d000af64f68e",
    "color" : "#00993F",
    "position" : {
      "x" : -22.18034,
      "y" : 8.472136,
      "z" : 0.0
    },
    "orientation" : 29
  }, {
    "shape" : "a244f538-3c10-470a-a640-1b853b4a401f",
    "color" : "#00993F",
    "position" : {
      "x" : -20.562305,
      "y" : -11.09017,
      "z" : 4.236068
    },
    "orientation" : 31
  }, {
    "shape" : "969df437-2f44-41d7-8263-59f94c605afd",
    "color" : "#00993F",
    "position" : {
      "x" : 6.854102,
      "y" : 5.854102,
      "z" : -1.0
    },
    "orientation" : 22
  }, {
    "shape" : "969df437-2f44-41d7-8263-59f94c605afd",
    "color" : "#00993F",
    "position" : {
      "x" : -6.854102,
      "y" : 2.618034,
      "z" : 4.236068
    },
    "orientation" : 59
  }, {
    "shape" : "be867f66-ae1c-42e7-83d7-d000af64f68e",
    "color" : "#00993F",
    "position" : {
      "x" : -12.708204,
      "y" : 6.854102,
      "z" : 2.618034
    },
    "orientation" : 13
  }, {
    "shape" : "be867f66-ae1c-42e7-83d7-d000af64f68e",
    "color" : "#00993F",
    "position" : {
      "x" : -17.944271,
      "y" : -15.326238,
      "z" : -2.618034
    },
    "orientation" : 52
  }, {
    "shape" : "99ef0bc9-c0e3-41b6-90e8-cb82aa2ffd04",
    "color" : "#00993F",
    "position" : {
      "x" : 9.472136,
      "y" : 1.618034,
      "z" : 11.09017
    },
    "orientation" : 51
  }, {
    "shape" : "a244f538-3c10-470a-a640-1b853b4a401f",
    "color" : "#00993F",
    "position" : {
      "x" : 17.944271,
      "y" : -15.326238,
      "z" : 2.618034
    },
    "orientation" : 22
  }, {
    "shape" : "c1987546-4974-4138-8935-a5ebd8af4df5",
    "color" : "#F2F2F2",
    "position" : {
      "x" : -17.944271,
      "y" : -29.034441,
      "z" : -11.09017
    }
  }, {
    "shape" : "c1987546-4974-4138-8935-a5ebd8af4df5",
    "color" : "#F2F2F2",
    "position" : {
      "x" : -6.854102,
      "y" : -2.618034,
      "z" : -12.708204
    }
  }, {
    "shape" : "be867f66-ae1c-42e7-83d7-d000af64f68e",
    "color" : "#00993F",
    "position" : {
      "x" : -11.09017,
      "y" : 17.944271,
      "z" : 6.854102
    },
    "orientation" : 33
  }, {
    "shape" : "be867f66-ae1c-42e7-83d7-d000af64f68e",
    "color" : "#00993F",
    "position" : {
      "x" : -6.854102,
      "y" : -11.09017,
      "z" : -17.944271
    },
    "orientation" : 58
  }, {
    "shape" : "be867f66-ae1c-42e7-83d7-d000af64f68e",
    "color" : "#00993F",
    "position" : {
      "x" : -11.09017,
      "y" : -4.236068,
      "z" : 20.562305
    },
    "orientation" : 50
  }, {
    "shape" : "a244f538-3c10-470a-a640-1b853b4a401f",
    "color" : "#00993F",
    "position" : {
      "x" : 4.236068,
      "y" : 20.562305,
      "z" : -11.09017
    },
    "orientation" : 29
  }, {
    "shape" : "c1987546-4974-4138-8935-a5ebd8af4df5",
    "color" : "#F2F2F2",
    "position" : {
      "x" : 4.236068,
      "y" : -20.562305,
      "z" : -11.09017
    }
  }, {
    "shape" : "c1987546-4974-4138-8935-a5ebd8af4df5",
    "color" : "#F2F2F2",
    "position" : {
      "x" : -6.854102,
      "y" : -11.09017,
      "z" : -4.236068
    }
  }, {
    "shape" : "99ef0bc9-c0e3-41b6-90e8-cb82aa2ffd04",
    "color" : "#00993F",
    "position" : {
      "x" : 0.0,
      "y" : -8.472136,
      "z" : 3.236068
    },
    "orientation" : 15
  }, {
    "shape" : "a244f538-3c10-470a-a640-1b853b4a401f",
    "color" : "#00993F",
    "position" : {
      "x" : -20.562305,
      "y" : 11.09017,
      "z" : -4.236068
    },
    "orientation" : 46
  }, {
    "shape" : "c1987546-4974-4138-8935-a5ebd8af4df5",
    "color" : "#F2F2F2",
    "position" : {
      "x" : 17.944271,
      "y" : 29.034441,
      "z" : -11.09017
    }
  }, {
    "shape" : "c1987546-4974-4138-8935-a5ebd8af4df5",
    "color" : "#F2F2F2",
    "position" : {
      "x" : 29.034441,
      "y" : -11.09017,
      "z" : 17.944271
    }
  }, {
    "shape" : "969df437-2f44-41d7-8263-59f94c605afd",
    "color" : "#00993F",
    "position" : {
      "x" : -4.236068,
      "y" : -6.854102,
      "z" : -2.618034
    },
    "orientation" : 27
  }, {
    "shape" : "be867f66-ae1c-42e7-83d7-d000af64f68e",
    "color" : "#00993F",
    "position" : {
      "x" : 0.0,
      "y" : -22.18034,
      "z" : 0.0
    },
    "orientation" : 32
  }, {
    "shape" : "a244f538-3c10-470a-a640-1b853b4a401f",
    "color" : "#00993F",
    "position" : {
      "x" : 0.0,
      "y" : -22.18034,
      "z" : 8.472136
    },
    "orientation" : 15
  }, {
    "shape" : "a244f538-3c10-470a-a640-1b853b4a401f",
    "color" : "#00993F",
    "position" : {
      "x" : -8.472136,
      "y" : 0.0,
      "z" : 22.18034
    },
    "orientation" : 43
  }, {
    "shape" : "99ef0bc9-c0e3-41b6-90e8-cb82aa2ffd04",
    "color" : "#00993F",
    "position" : {
      "x" : -1.618034,
      "y" : -11.09017,
      "z" : 9.472136
    },
    "orientation" : 53
  }, {
    "shape" : "c1987546-4974-4138-8935-a5ebd8af4df5",
    "color" : "#F2F2F2",
    "position" : {
      "x" : 15.326238,
      "y" : -2.618034,
      "z" : -17.944271
    }
  }, {
    "shape" : "99ef0bc9-c0e3-41b6-90e8-cb82aa2ffd04",
    "color" : "#00993F",
    "position" : {
      "x" : -1.618034,
      "y" : -11.09017,
      "z" : -9.472136
    },
    "orientation" : 3
  }, {
    "shape" : "969df437-2f44-41d7-8263-59f94c605afd",
    "color" : "#00993F",
    "position" : {
      "x" : 0.0,
      "y" : -8.472136,
      "z" : -3.236068
    },
    "orientation" : 12
  }, {
    "shape" : "c1987546-4974-4138-8935-a5ebd8af4df5",
    "color" : "#F2F2F2",
    "position" : {
      "x" : -6.854102,
      "y" : 2.618034,
      "z" : 4.236068
    }
  }, {
    "shape" : "be867f66-ae1c-42e7-83d7-d000af64f68e",
    "color" : "#00993F",
    "position" : {
      "x" : 11.09017,
      "y" : -17.944271,
      "z" : -6.854102
    },
    "orientation" : 11
  }, {
    "shape" : "c1987546-4974-4138-8935-a5ebd8af4df5",
    "color" : "#F2F2F2",
    "position" : {
      "x" : -4.236068,
      "y" : -1.618034,
      "z" : 7.854102
    }
  }, {
    "shape" : "c1987546-4974-4138-8935-a5ebd8af4df5",
    "color" : "#F2F2F2",
    "position" : {
      "x" : -11.09017,
      "y" : 17.944271,
      "z" : 6.854102
    }
  }, {
    "shape" : "c1987546-4974-4138-8935-a5ebd8af4df5",
    "color" : "#F2F2F2",
    "position" : {
      "x" : 2.618034,
      "y" : 4.236068,
      "z" : -6.854102
    }
  }, {
    "shape" : "be867f66-ae1c-42e7-83d7-d000af64f68e",
    "color" : "#00993F",
    "position" : {
      "x" : 22.18034,
      "y" : 0.0,
      "z" : 0.0
    },
    "orientation" : 16
  }, {
    "shape" : "c1987546-4974-4138-8935-a5ebd8af4df5",
    "color" : "#F2F2F2",
    "position" : {
      "x" : 0.0,
      "y" : -13.708204,
      "z" : 0.0
    }
  }, {
    "shape" : "a244f538-3c10-470a-a640-1b853b4a401f",
    "color" : "#00993F",
    "position" : {
      "x" : 2.618034,
      "y" : 17.944271,
      "z" : -15.326238
    },
    "orientation" : 53
  }, {
    "shape" : "be867f66-ae1c-42e7-83d7-d000af64f68e",
    "color" : "#00993F",
    "position" : {
      "x" : 6.854102,
      "y" : 2.618034,
      "z" : -12.708204
    },
    "orientation" : 50
  }, {
    "shape" : "a244f538-3c10-470a-a640-1b853b4a401f",
    "color" : "#00993F",
    "position" : {
      "x" : 2.618034,
      "y" : 17.944271,
      "z" : 15.326238
    },
    "orientation" : 3
  }, {
    "shape" : "be867f66-ae1c-42e7-83d7-d000af64f68e",
    "color" : "#00993F",
    "position" : {
      "x" : 1.618034,
      "y" : 11.09017,
      "z" : 9.472136
    },
    "orientation" : 3
  }, {
    "shape" : "99ef0bc9-c0e3-41b6-90e8-cb82aa2ffd04",
    "color" : "#00993F",
    "position" : {
      "x" : 5.236068,
      "y" : 0.0,
      "z" : -13.708204
    },
    "orientation" : 1
  }, {
    "shape" : "a244f538-3c10-470a-a640-1b853b4a401f",
    "color" : "#00993F",
    "position" : {
      "x" : 8.472136,
      "y" : 0.0,
      "z" : -22.18034
    },
    "orientation" : 28
  }, {
    "shape" : "99ef0bc9-c0e3-41b6-90e8-cb82aa2ffd04",
    "color" : "#00993F",
    "position" : {
      "x" : 13.708204,
      "y" : 5.236068,
      "z" : 0.0
    },
    "orientation" : 47
  }, {
    "shape" : "99ef0bc9-c0e3-41b6-90e8-cb82aa2ffd04",
    "color" : "#00993F",
    "position" : {
      "x" : 0.0,
      "y" : 0.0,
      "z" : -13.708204
    },
    "orientation" : 42
  }, {
    "shape" : "be867f66-ae1c-42e7-83d7-d000af64f68e",
    "color" : "#00993F",
    "position" : {
      "x" : -11.09017,
      "y" : -9.472136,
      "z" : 1.618034
    },
    "orientation" : 22
  }, {
    "shape" : "c1987546-4974-4138-8935-a5ebd8af4df5",
    "color" : "#F2F2F2",
    "position" : {
      "x" : -11.09017,
      "y" : -17.944271,
      "z" : -29.034441
    }
  }, {
    "shape" : "be867f66-ae1c-42e7-83d7-d000af64f68e",
    "color" : "#00993F",
    "position" : {
      "x" : 5.236068,
      "y" : 0.0,
      "z" : 13.708204
    },
    "orientation" : 31
  }, {
    "shape" : "969df437-2f44-41d7-8263-59f94c605afd",
    "color" : "#00993F",
    "position" : {
      "x" : 4.236068,
      "y" : -6.854102,
      "z" : -2.618034
    },
    "orientation" : 53
  }, {
    "shape" : "c1987546-4974-4138-8935-a5ebd8af4df5",
    "color" : "#F2F2F2",
    "position" : {
      "x" : -12.708204,
      "y" : -6.854102,
      "z" : 2.618034
    }
  }, {
    "shape" : "99ef0bc9-c0e3-41b6-90e8-cb82aa2ffd04",
    "color" : "#00993F",
    "position" : {
      "x" : 11.09017,
      "y" : 9.472136,
      "z" : -1.618034
    },
    "orientation" : 35
  }, {
    "shape" : "c1987546-4974-4138-8935-a5ebd8af4df5",
    "color" : "#F2F2F2",
    "position" : {
      "x" : 5.854102,
      "y" : 1.0,
      "z" : -6.854102
    }
  }, {
    "shape" : "969df437-2f44-41d7-8263-59f94c605afd",
    "color" : "#00993F",
    "position" : {
      "x" : -4.236068,
      "y" : 6.854102,
      "z" : -2.618034
    },
    "orientation" : 23
  }, {
    "shape" : "c1987546-4974-4138-8935-a5ebd8af4df5",
    "color" : "#F2F2F2",
    "position" : {
      "x" : -5.854102,
      "y" : -1.0,
      "z" : 6.854102
    }
  }, {
    "shape" : "c1987546-4974-4138-8935-a5ebd8af4df5",
    "color" : "#F2F2F2",
    "position" : {
      "x" : -4.236068,
      "y" : -6.854102,
      "z" : -11.09017
    }
  }, {
    "shape" : "c1987546-4974-4138-8935-a5ebd8af4df5",
    "color" : "#F2F2F2",
    "position" : {
      "x" : 0.0,
      "y" : 8.472136,
      "z" : 0.0
    }
  }, {
    "shape" : "99ef0bc9-c0e3-41b6-90e8-cb82aa2ffd04",
    "color" : "#00993F",
    "position" : {
      "x" : 5.854102,
      "y" : 1.0,
      "z" : 6.854102
    },
    "orientation" : 4
  }, {
    "shape" : "be867f66-ae1c-42e7-83d7-d000af64f68e",
    "color" : "#00993F",
    "position" : {
      "x" : 2.618034,
      "y" : 12.708204,
      "z" : 6.854102
    },
    "orientation" : 2
  }, {
    "shape" : "c1987546-4974-4138-8935-a5ebd8af4df5",
