{
  "polygons" : "true",
  "field" : "golden",
  "symmetry" : "icosahedral",
  "orientations" : [ [ 1.0, 0.0, 0.0, 0.0, 0.0, 1.0, 0.0, 0.0, 0.0, 0.0, 1.0, 0.0, 0.0, 0.0, 0.0, 1.0 ], [ 0.0, 0.0, 1.0, 0.0, 1.0, 0.0, 0.0, 0.0, 0.0, 1.0, 0.0, 0.0, 0.0, 0.0, 0.0, 1.0 ], [ 0.0, 1.0, 0.0, 0.0, 0.0, 0.0, 1.0, 0.0, 1.0, 0.0, 0.0, 0.0, 0.0, 0.0, 0.0, 1.0 ], [ 0.809017, 0.309017, 0.5, 0.0, 0.309017, 0.5, -0.809017, 0.0, -0.5, 0.809017, 0.309017, 0.0, 0.0, 0.0, 0.0, 1.0 ], [ -0.5, 0.809017, 0.309017, 0.0, 0.809017, 0.309017, 0.5, 0.0, 0.309017, 0.5, -0.809017, 0.0, 0.0, 0.0, 0.0, 1.0 ], [ 0.309017, 0.5, -0.809017, 0.0, -0.5, 0.809017, 0.309017, 0.0, 0.809017, 0.309017, 0.5, 0.0, 0.0, 0.0, 0.0, 1.0 ], [ 0.5, 0.809017, 0.309017, 0.0, 0.809017, -0.309017, -0.5, 0.0, -0.309017, 0.5, -0.809017, 0.0, 0.0, 0.0, 0.0, 1.0 ], [ -0.309017, 0.5, -0.809017, 0.0, 0.5, 0.809017, 0.309017, 0.0, 0.809017, -0.309017, -0.5, 0.0, 0.0, 0.0, 0.0, 1.0 ], [ 0.809017, -0.309017, -0.5, 0.0, -0.309017, 0.5, -0.809017, 0.0, 0.5, 0.809017, 0.309017, 0.0, 0.0, 0.0, 0.0, 1.0 ], [ 0.5, 0.809017, -0.309017, 0.0, 0.809017, -0.309017, 0.5, 0.0, 0.309017, -0.5, -0.809017, 0.0, 0.0, 0.0, 0.0, 1.0 ], [ 0.309017, -0.5, -0.809017, 0.0, 0.5, 0.809017, -0.309017, 0.0, 0.809017, -0.309017, 0.5, 0.0, 0.0, 0.0, 0.0, 1.0 ], [ 0.809017, -0.309017, 0.5, 0.0, 0.309017, -0.5, -0.809017, 0.0, 0.5, 0.809017, -0.309017, 0.0, 0.0, 0.0, 0.0, 1.0 ], [ 0.809017, 0.309017, -0.5, 0.0, 0.309017, 0.5, 0.809017, 0.0, 0.5, -0.809017, 0.309017, 0.0, 0.0, 0.0, 0.0, 1.0 ], [ 0.5, -0.809017, 0.309017, 0.0, 0.809017, 0.309017, -0.5, 0.0, 0.309017, 0.5, 0.809017, 0.0, 0.0, 0.0, 0.0, 1.0 ], [ 0.309017, 0.5, 0.809017, 0.0, 0.5, -0.809017, 0.309017, 0.0, 0.809017, 0.309017, -0.5, 0.0, 0.0, 0.0, 0.0, 1.0 ], [ 1.0, 0.0, 0.0, 0.0, 0.0, -1.0, 0.0, 0.0, 0.0, 0.0, -1.0, 0.0, 0.0, 0.0, 0.0, 1.0 ], [ 0.0, 0.0, 1.0, 0.0, -1.0, 0.0, 0.0, 0.0, 0.0, -1.0, 0.0, 0.0, 0.0, 0.0, 0.0, 1.0 ], [ 0.0, 1.0, 0.0, 0.0, 0.0, 0.0, -1.0, 0.0, -1.0, 0.0, 0.0, 0.0, 0.0, 0.0, 0.0, 1.0 ], [ 0.809017, 0.309017, 0.5, 0.0, -0.309017, -0.5, 0.809017, 0.0, 0.5, -0.809017, -0.309017, 0.0, 0.0, 0.0, 0.0, 1.0 ], [ -0.5, 0.809017, 0.309017, 0.0, -0.809017, -0.309017, -0.5, 0.0, -0.309017, -0.5, 0.809017, 0.0, 0.0, 0.0, 0.0, 1.0 ], [ 0.309017, 0.5, -0.809017, 0.0, 0.5, -0.809017, -0.309017, 0.0, -0.809017, -0.309017, -0.5, 0.0, 0.0, 0.0, 0.0, 1.0 ], [ 0.5, 0.809017, 0.309017, 0.0, -0.809017, 0.309017, 0.5, 0.0, 0.309017, -0.5, 0.809017, 0.0, 0.0, 0.0, 0.0, 1.0 ], [ -0.309017, 0.5, -0.809017, 0.0, -0.5, -0.809017, -0.309017, 0.0, -0.809017, 0.309017, 0.5, 0.0, 0.0, 0.0, 0.0, 1.0 ], [ 0.809017, -0.309017, -0.5, 0.0, 0.309017, -0.5, 0.809017, 0.0, -0.5, -0.809017, -0.309017, 0.0, 0.0, 0.0, 0.0, 1.0 ], [ 0.5, 0.809017, -0.309017, 0.0, -0.809017, 0.309017, -0.5, 0.0, -0.309017, 0.5, 0.809017, 0.0, 0.0, 0.0, 0.0, 1.0 ], [ 0.309017, -0.5, -0.809017, 0.0, -0.5, -0.809017, 0.309017, 0.0, -0.809017, 0.309017, -0.5, 0.0, 0.0, 0.0, 0.0, 1.0 ], [ 0.809017, -0.309017, 0.5, 0.0, -0.309017, 0.5, 0.809017, 0.0, -0.5, -0.809017, 0.309017, 0.0, 0.0, 0.0, 0.0, 1.0 ], [ 0.809017, 0.309017, -0.5, 0.0, -0.309017, -0.5, -0.809017, 0.0, -0.5, 0.809017, -0.309017, 0.0, 0.0, 0.0, 0.0, 1.0 ], [ 0.5, -0.809017, 0.309017, 0.0, -0.809017, -0.309017, 0.5, 0.0, -0.309017, -0.5, -0.809017, 0.0, 0.0, 0.0, 0.0, 1.0 ], [ 0.309017, 0.5, 0.809017, 0.0, -0.5, 0.809017, -0.309017, 0.0, -0.809017, -0.309017, 0.5, 0.0, 0.0, 0.0, 0.0, 1.0 ], [ -1.0, 0.0, 0.0, 0.0, 0.0, -1.0, 0.0, 0.0, 0.0, 0.0, 1.0, 0.0, 0.0, 0.0, 0.0, 1.0 ], [ 0.0, 0.0, -1.0, 0.0, -1.0, 0.0, 0.0, 0.0, 0.0, 1.0, 0.0, 0.0, 0.0, 0.0, 0.0, 1.0 ], [ 0.0, -1.0, 0.0, 0.0, 0.0, 0.0, -1.0, 0.0, 1.0, 0.0, 0.0, 0.0, 0.0, 0.0, 0.0, 1.0 ], [ -0.809017, -0.309017, -0.5, 0.0, -0.309017, -0.5, 0.809017, 0.0, -0.5, 0.809017, 0.309017, 0.0, 0.0, 0.0, 0.0, 1.0 ], [ 0.5, -0.809017, -0.309017, 0.0, -0.809017, -0.309017, -0.5, 0.0, 0.309017, 0.5, -0.809017, 0.0, 0.0, 0.0, 0.0, 1.0 ], [ -0.309017, -0.5, 0.809017, 0.0, 0.5, -0.809017, -0.309017, 0.0, 0.809017, 0.309017, 0.5, 0.0, 0.0, 0.0, 0.0, 1.0 ], [ -0.5, -0.809017, -0.309017, 0.0, -0.809017, 0.309017, 0.5, 0.0, -0.309017, 0.5, -0.809017, 0.0, 0.0, 0.0, 0.0, 1.0 ], [ 0.309017, -0.5, 0.809017, 0.0, -0.5, -0.809017, -0.309017, 0.0, 0.809017, -0.309017, -0.5, 0.0, 0.0, 0.0, 0.0, 1.0 ], [ -0.809017, 0.309017, 0.5, 0.0, 0.309017, -0.5, 0.809017, 0.0, 0.5, 0.809017, 0.309017, 0.0, 0.0, 0.0, 0.0, 1.0 ], [ -0.5, -0.809017, 0.309017, 0.0, -0.809017, 0.309017, -0.5, 0.0, 0.309017, -0.5, -0.809017, 0.0, 0.0, 0.0, 0.0, 1.0 ], [ -0.309017, 0.5, 0.809017, 0.0, -0.5, -0.809017, 0.309017, 0.0, 0.809017, -0.309017, 0.5, 0.0, 0.0, 0.0, 0.0, 1.0 ], [ -0.809017, 0.309017, -0.5, 0.0, -0.309017, 0.5, 0.809017, 0.0, 0.5, 0.809017, -0.309017, 0.0, 0.0, 0.0, 0.0, 1.0 ], [ -0.809017, -0.309017, 0.5, 0.0, -0.309017, -0.5, -0.809017, 0.0, 0.5, -0.809017, 0.309017, 0.0, 0.0, 0.0, 0.0, 1.0 ], [ -0.5, 0.809017, -0.309017, 0.0, -0.809017, -0.309017, 0.5, 0.0, 0.309017, 0.5, 0.809017, 0.0, 0.0, 0.0, 0.0, 1.0 ], [ -0.309017, -0.5, -0.809017, 0.0, -0.5, 0.809017, -0.309017, 0.0, 0.809017, 0.309017, -0.5, 0.0, 0.0, 0.0, 0.0, 1.0 ], [ -1.0, 0.0, 0.0, 0.0, 0.0, 1.0, 0.0, 0.0, 0.0, 0.0, -1.0, 0.0, 0.0, 0.0, 0.0, 1.0 ], [ 0.0, 0.0, -1.0, 0.0, 1.0, 0.0, 0.0, 0.0, 0.0, -1.0, 0.0, 0.0, 0.0, 0.0, 0.0, 1.0 ], [ 0.0, -1.0, 0.0, 0.0, 0.0, 0.0, 1.0, 0.0, -1.0, 0.0, 0.0, 0.0, 0.0, 0.0, 0.0, 1.0 ], [ -0.809017, -0.309017, -0.5, 0.0, 0.309017, 0.5, -0.809017, 0.0, 0.5, -0.809017, -0.309017, 0.0, 0.0, 0.0, 0.0, 1.0 ], [ 0.5, -0.809017, -0.309017, 0.0, 0.809017, 0.309017, 0.5, 0.0, -0.309017, -0.5, 0.809017, 0.0, 0.0, 0.0, 0.0, 1.0 ], [ -0.309017, -0.5, 0.809017, 0.0, -0.5, 0.809017, 0.309017, 0.0, -0.809017, -0.309017, -0.5, 0.0, 0.0, 0.0, 0.0, 1.0 ], [ -0.5, -0.809017, -0.309017, 0.0, 0.809017, -0.309017, -0.5, 0.0, 0.309017, -0.5, 0.809017, 0.0, 0.0, 0.0, 0.0, 1.0 ], [ 0.309017, -0.5, 0.809017, 0.0, 0.5, 0.809017, 0.309017, 0.0, -0.809017, 0.309017, 0.5, 0.0, 0.0, 0.0, 0.0, 1.0 ], [ -0.809017, 0.309017, 0.5, 0.0, -0.309017, 0.5, -0.809017, 0.0, -0.5, -0.809017, -0.309017, 0.0, 0.0, 0.0, 0.0, 1.0 ], [ -0.5, -0.809017, 0.309017, 0.0, 0.809017, -0.309017, 0.5, 0.0, -0.309017, 0.5, 0.809017, 0.0, 0.0, 0.0, 0.0, 1.0 ], [ -0.309017, 0.5, 0.809017, 0.0, 0.5, 0.809017, -0.309017, 0.0, -0.809017, 0.309017, -0.5, 0.0, 0.0, 0.0, 0.0, 1.0 ], [ -0.809017, 0.309017, -0.5, 0.0, 0.309017, -0.5, -0.809017, 0.0, -0.5, -0.809017, 0.309017, 0.0, 0.0, 0.0, 0.0, 1.0 ], [ -0.809017, -0.309017, 0.5, 0.0, 0.309017, 0.5, 0.809017, 0.0, -0.5, 0.809017, -0.309017, 0.0, 0.0, 0.0, 0.0, 1.0 ], [ -0.5, 0.809017, -0.309017, 0.0, 0.809017, 0.309017, -0.5, 0.0, -0.309017, -0.5, -0.809017, 0.0, 0.0, 0.0, 0.0, 1.0 ], [ -0.309017, -0.5, -0.809017, 0.0, 0.5, -0.809017, 0.309017, 0.0, -0.809017, -0.309017, 0.5, 0.0, 0.0, 0.0, 0.0, 1.0 ] ],
  "lights" : {
    "ambientColor" : "#292929",
    "backgroundColor" : "#AFC8DC",
    "directionalLights" : [ {
      "direction" : [ 1.0, -1.0, -1.0 ],
      "color" : "#EBEBE4"
    }, {
      "direction" : [ -1.0, 0.0, 0.0 ],
      "color" : "#E4E4EB"
    }, {
      "direction" : [ 0.0, 0.0, -1.0 ],
      "color" : "#1E1E1E"
    } ]
  },
  "camera" : {
    "stereo" : false,
    "width" : 55.16736,
    "lookAtPoint" : {
      "x" : 0.0,
      "y" : 0.0,
      "z" : 0.0
    },
    "lookDirection" : {
      "x" : 0.03953263,
      "y" : 0.97617054,
      "z" : -0.21337439
    },
    "upDirection" : {
      "x" : 0.057825733,
      "y" : 0.21094812,
      "z" : 0.97578496
    },
    "nearClipDistance" : 0.30648544,
    "farClipDistance" : 245.18834,
    "perspective" : true,
    "fieldOfView" : 0.44262874,
    "viewDistance" : 122.59417,
    "lookAtPointRV" : {
      "x" : 0.0,
      "y" : 0.0,
      "z" : 0.0,
      "zero" : true
    },
    "lookDirectionRV" : {
      "x" : 0.03953263,
      "y" : 0.97617054,
      "z" : -0.21337439,
      "zero" : false
    },
    "upDirectionRV" : {
      "x" : 0.057825733,
      "y" : 0.21094812,
      "z" : 0.97578496,
      "zero" : false
    },
    "position" : {
      "x" : -4.8464704,
      "y" : -119.67281,
      "z" : 26.158457
    }
  },
  "embedding" : [ 1.0, 0.0, 0.0, 0.0, 0.0, 1.0, 0.0, 0.0, 0.0, 0.0, 1.0, 0.0, 0.0, 0.0, 0.0, 1.0 ],
  "shapes" : [ {
    "id" : "b58bb3cc-e8bb-4c6d-a8cb-1fdc9cf6ab33",
    "vertices" : [ {
      "x" : 0.0,
      "y" : 0.0,
      "z" : 0.0
    }, {
      "x" : -0.3688104,
      "y" : 0.9655582,
      "z" : 0.0
    }, {
      "x" : -1.3688104,
      "y" : 4.583592,
      "z" : 2.618034
    }, {
      "x" : -1.0,
      "y" : 3.618034,
      "z" : 2.618034
    } ],
    "faces" : [ {
      "vertices" : [ 0, 1, 2, 3 ]
    }, {
      "vertices" : [ 0, 3, 2, 1 ]
    } ]
  }, {
    "id" : "1fb75b71-03ab-45a9-acfe-62b0c3c84618",
    "vertices" : [ {
      "x" : 0.0,
      "y" : 0.0,
      "z" : 0.0
    }, {
      "x" : -3.236068,
      "y" : 3.236068,
      "z" : 0.0
    }, {
      "x" : -5.854102,
      "y" : 0.618034,
      "z" : 2.618034
    }, {
      "x" : -4.236068,
      "y" : -4.236068,
      "z" : 4.236068
    } ],
    "faces" : [ {
      "vertices" : [ 0, 1, 2, 3 ]
    }, {
      "vertices" : [ 0, 3, 2, 1 ]
    } ]
  }, {
    "id" : "c2c9595b-e72d-4646-a263-0b8e2f0cafa1",
    "vertices" : [ {
      "x" : 0.0,
      "y" : 0.0,
      "z" : 0.0
    }, {
      "x" : 0.23606798,
      "y" : -0.38196602,
      "z" : 0.618034
    }, {
      "x" : 0.23606798,
      "y" : -2.381966,
      "z" : -4.618034
    }, {
      "x" : 0.0,
      "y" : -2.0,
      "z" : -5.236068
    } ],
    "faces" : [ {
      "vertices" : [ 0, 1, 2, 3 ]
    }, {
      "vertices" : [ 0, 3, 2, 1 ]
    } ]
  }, {
    "id" : "efff2e77-9e69-4e93-8611-b45652515ccc",
    "vertices" : [ {
      "x" : 0.0,
      "y" : 0.0,
      "z" : 0.0
    }, {
      "x" : -3.854102,
      "y" : 1.2847006,
      "z" : 1.2847006
    }, {
      "x" : -0.618034,
      "y" : 4.5207686,
      "z" : -1.9513674
    }, {
      "x" : 3.236068,
      "y" : 3.236068,
      "z" : -3.236068
    } ],
    "faces" : [ {
      "vertices" : [ 0, 1, 2, 3 ]
    }, {
      "vertices" : [ 0, 3, 2, 1 ]
    } ]
  }, {
    "id" : "6a0ce49f-0f33-4cca-b0e3-ec1e208ce9a9",
    "vertices" : [ {
      "x" : 0.0,
      "y" : 0.0,
      "z" : 0.0
    }, {
      "x" : 0.23606798,
      "y" : -0.7507764,
      "z" : -0.34752417
    }, {
      "x" : 0.0,
      "y" : -0.3688104,
      "z" : -0.9655582
    } ],
    "faces" : [ {
      "vertices" : [ 0, 1, 2 ]
    }, {
      "vertices" : [ 0, 2, 1 ]
    } ]
  }, {
    "id" : "c5102bcb-df39-4523-9ad3-f0bd3bf7ea67",
    "vertices" : [ {
      "x" : 0.0,
      "y" : 0.0,
      "z" : 0.0
    }, {
      "x" : -3.236068,
      "y" : 3.236068,
      "z" : 0.0
    }, {
      "x" : -0.618034,
      "y" : 5.854102,
      "z" : -2.618034
    }, {
      "x" : 4.236068,
      "y" : 4.236068,
      "z" : -4.236068
    } ],
    "faces" : [ {
      "vertices" : [ 0, 1, 2, 3 ]
    }, {
      "vertices" : [ 0, 3, 2, 1 ]
    } ]
  }, {
    "id" : "2e5fa9f4-e870-41e2-b642-d8db622249b7",
    "vertices" : [ {
      "x" : 0.0,
      "y" : 0.0,
      "z" : 0.0
    }, {
      "x" : -2.0,
      "y" : 4.236068,
      "z" : -2.618034
    }, {
      "x" : -2.3688104,
      "y" : 5.2016263,
      "z" : -2.618034
    }, {
      "x" : -0.3688104,
      "y" : 0.9655582,
      "z" : 0.0
    } ],
    "faces" : [ {
      "vertices" : [ 0, 1, 2, 3 ]
    }, {
      "vertices" : [ 0, 3, 2, 1 ]
    } ]
  }, {
    "id" : "a9a6ba7f-c67d-4c70-9451-8d5caa0569d3",
    "vertices" : [ {
      "x" : 0.0,
      "y" : 0.0,
      "z" : 0.0
    }, {
      "x" : -0.23606798,
      "y" : 0.38196602,
      "z" : -0.618034
    }, {
      "x" : -0.23606798,
      "y" : 2.381966,
      "z" : 4.618034
    }, {
      "x" : 0.0,
      "y" : 2.0,
      "z" : 5.236068
    } ],
    "faces" : [ {
      "vertices" : [ 0, 1, 2, 3 ]
    }, {
      "vertices" : [ 0, 3, 2, 1 ]
    } ]
  }, {
    "id" : "adcc3cfe-9281-4400-93c5-c64789d9760f",
    "vertices" : [ {
      "x" : 0.0,
      "y" : 0.0,
      "z" : 0.0
    }, {
      "x" : 0.0,
      "y" : -0.24922359,
      "z" : -0.65247583
    }, {
      "x" : -0.23606798,
      "y" : 0.13274242,
      "z" : -1.2705098
    }, {
      "x" : -0.23606798,
      "y" : 0.7507764,
      "z" : 0.34752417
    } ],
    "faces" : [ {
      "vertices" : [ 0, 1, 2, 3 ]
    }, {
      "vertices" : [ 0, 3, 2, 1 ]
    } ]
  }, {
    "id" : "1da31a5a-82c5-4d9e-809c-7d990d52ce14",
    "vertices" : [ {
      "x" : 0.0,
      "y" : 0.0,
      "z" : 0.0
    }, {
      "x" : 0.0,
      "y" : 0.24922359,
      "z" : 0.65247583
    }, {
      "x" : 2.618034,
      "y" : -6.6048784,
      "z" : 0.65247583
    }, {
      "x" : 2.618034,
      "y" : -6.854102,
      "z" : 0.0
    } ],
    "faces" : [ {
      "vertices" : [ 0, 1, 2, 3 ]
    }, {
      "vertices" : [ 0, 3, 2, 1 ]
    } ]
  }, {
    "id" : "f240aeed-dd04-4582-8e48-a5415c2ad284",
    "vertices" : [ {
      "x" : 0.0,
      "y" : 0.0,
      "z" : 0.0
    }, {
      "x" : -1.5879773,
      "y" : 3.36339,
      "z" : -2.0786893
    }, {
      "x" : -2.381966,
      "y" : 6.236068,
      "z" : 0.0
    } ],
    "faces" : [ {
      "vertices" : [ 0, 1, 2 ]
    }, {
      "vertices" : [ 0, 2, 1 ]
    } ]
  }, {
    "id" : "e5016d92-006a-4af5-bf05-b768e4ccc7b2",
    "vertices" : [ {
      "x" : 0.0,
      "y" : 0.0,
      "z" : 0.0
    }, {
      "x" : 0.23606798,
      "y" : -0.618034,
      "z" : 0.0
    }, {
      "x" : 0.0,
      "y" : -0.3688104,
      "z" : -0.9655582
    } ],
    "faces" : [ {
      "vertices" : [ 0, 1, 2 ]
    }, {
      "vertices" : [ 0, 2, 1 ]
    } ]
  }, {
    "id" : "c94dfd5e-d472-448c-b211-168ef31db615",
    "vertices" : [ {
      "x" : 0.0,
      "y" : 0.0,
      "z" : 0.0
    }, {
      "x" : -0.23606798,
      "y" : 0.618034,
      "z" : 0.0
    }, {
      "x" : -0.23606798,
      "y" : 3.0,
      "z" : 6.236068
    }, {
      "x" : 0.0,
      "y" : 2.618034,
      "z" : 6.854102
    } ],
    "faces" : [ {
      "vertices" : [ 0, 1, 2, 3 ]
    }, {
      "vertices" : [ 0, 3, 2, 1 ]
    } ]
  }, {
    "id" : "4f93b24d-d6c3-45fb-8cb1-f1a2d8c2e5a2",
    "vertices" : [ {
      "x" : 0.0,
      "y" : 0.0,
      "z" : 0.0
    }, {
      "x" : -1.2847006,
      "y" : 3.854102,
      "z" : -1.2847006
    }, {
      "x" : -4.5207686,
      "y" : 0.618034,
      "z" : 1.9513674
    }, {
      "x" : -3.236068,
      "y" : -3.236068,
      "z" : 3.236068
    } ],
    "faces" : [ {
      "vertices" : [ 0, 1, 2, 3 ]
    }, {
      "vertices" : [ 0, 3, 2, 1 ]
    } ]
  }, {
    "id" : "ae0d7fa3-a92b-4904-b17a-1b9e70667ed4",
    "vertices" : [ {
      "x" : 0.0,
      "y" : 0.0,
      "z" : 0.0
    }, {
      "x" : 1.0,
      "y" : -1.618034,
      "z" : 2.618034
    }, {
      "x" : 1.0,
      "y" : -4.236068,
      "z" : -4.236068
    }, {
      "x" : 0.0,
      "y" : -1.618034,
      "z" : -4.236068
    } ],
    "faces" : [ {
      "vertices" : [ 0, 1, 2, 3 ]
    }, {
      "vertices" : [ 0, 3, 2, 1 ]
    } ]
  }, {
    "id" : "f0617d23-4be4-4f8b-88f0-0e8f9ecd2eb8",
    "vertices" : [ {
      "x" : 0.0,
      "y" : 0.0,
      "z" : 0.0
    }, {
      "x" : -1.0,
      "y" : -1.0,
      "z" : 1.0
    }, {
      "x" : -4.854102,
      "y" : 0.28470066,
      "z" : 2.2847006
    }, {
      "x" : -3.854102,
      "y" : 1.2847006,
      "z" : 1.2847006
    } ],
    "faces" : [ {
      "vertices" : [ 0, 1, 2, 3 ]
    }, {
      "vertices" : [ 0, 3, 2, 1 ]
    } ]
  }, {
    "id" : "1a58c8a9-56a0-40db-8ddc-2068917a2882",
    "vertices" : [ {
      "x" : 0.0,
      "y" : 0.0,
      "z" : 0.0
    }, {
      "x" : 2.0,
      "y" : -5.236068,
      "z" : 0.0
    }, {
      "x" : 1.0,
      "y" : -3.618034,
      "z" : -2.618034
    } ],
    "faces" : [ {
      "vertices" : [ 0, 1, 2 ]
    }, {
      "vertices" : [ 0, 2, 1 ]
    } ]
  }, {
    "id" : "2a360a07-b000-46c9-b31f-484ae58c9aa9",
    "vertices" : [ {
      "x" : 0.0,
      "y" : 0.0,
      "z" : 0.0
    }, {
      "x" : 0.0,
      "y" : -1.0,
      "z" : -2.618034
    }, {
      "x" : -2.0,
      "y" : 4.236068,
      "z" : -2.618034
    } ],
    "faces" : [ {
      "vertices" : [ 0, 1, 2 ]
    }, {
      "vertices" : [ 0, 2, 1 ]
    } ]
  }, {
    "id" : "a9fc652a-3c30-4b1a-a102-964263a429bb",
    "vertices" : [ {
      "x" : 0.0,
      "y" : 0.0,
      "z" : 0.0
    }, {
      "x" : 0.23606798,
      "y" : -0.618034,
      "z" : 0.0
    }, {
      "x" : 0.23606798,
      "y" : -3.0,
      "z" : -6.236068
    }, {
      "x" : 0.0,
      "y" : -2.618034,
      "z" : -6.854102
    } ],
    "faces" : [ {
      "vertices" : [ 0, 1, 2, 3 ]
    }, {
      "vertices" : [ 0, 3, 2, 1 ]
    } ]
  }, {
    "id" : "7968e9c4-194b-44f2-86d6-664f615cb4bd",
    "vertices" : [ {
      "x" : 0.0,
      "y" : 0.0,
      "z" : 0.0
    }, {
      "x" : 0.0,
      "y" : 0.24922359,
      "z" : 0.65247583
    }, {
      "x" : 0.23606798,
      "y" : -0.13274242,
      "z" : 1.2705098
    }, {
      "x" : 0.23606798,
      "y" : -0.7507764,
      "z" : -0.34752417
    } ],
    "faces" : [ {
      "vertices" : [ 0, 1, 2, 3 ]
    }, {
      "vertices" : [ 0, 3, 2, 1 ]
    } ]
  }, {
    "id" : "645505a0-8eed-44d7-812a-6b7f01ad53be",
    "vertices" : [ {
      "x" : 0.0,
      "y" : 0.0,
      "z" : 0.0
    }, {
      "x" : 0.23606798,
      "y" : -0.24922359,
      "z" : 0.9655582
    }, {
      "x" : 0.23606798,
      "y" : -0.8672576,
      "z" : -0.65247583
    }, {
      "x" : 0.0,
      "y" : -0.24922359,
      "z" : -0.65247583
    } ],
    "faces" : [ {
      "vertices" : [ 0, 1, 2, 3 ]
    }, {
      "vertices" : [ 0, 3, 2, 1 ]
    } ]
  }, {
    "id" : "0be7effd-170f-42da-9446-1238b7893127",
    "vertices" : [ {
      "x" : 0.0,
      "y" : 0.0,
      "z" : 0.0
    }, {
      "x" : 0.0,
      "y" : -0.3688104,
      "z" : -0.9655582
    }, {
      "x" : -1.618034,
      "y" : 3.8672576,
      "z" : -0.9655582
    }, {
      "x" : -1.618034,
      "y" : 4.236068,
      "z" : 0.0
    } ],
    "faces" : [ {
      "vertices" : [ 0, 1, 2, 3 ]
    }, {
      "vertices" : [ 0, 3, 2, 1 ]
    } ]
  }, {
    "id" : "6bf19322-42f6-4bc0-a198-60595970ff54",
    "vertices" : [ {
      "x" : 0.0,
      "y" : 0.0,
      "z" : 0.0
    }, {
      "x" : 1.0,
      "y" : 1.0,
      "z" : -1.0
    }, {
      "x" : -1.5694013,
      "y" : 3.5694013,
      "z" : -1.0
    }, {
      "x" : -2.5694013,
      "y" : 2.5694013,
      "z" : 0.0
    } ],
    "faces" : [ {
      "vertices" : [ 0, 1, 2, 3 ]
    }, {
      "vertices" : [ 0, 3, 2, 1 ]
    } ]
  }, {
    "id" : "879bcba9-2d6a-4035-b485-1e9f6f2d52a5",
    "vertices" : [ {
      "x" : 0.0,
      "y" : 0.0,
      "z" : 0.0
    }, {
      "x" : 0.0,
      "y" : 1.0,
      "z" : 2.618034
    }, {
      "x" : 2.0,
      "y" : -4.236068,
      "z" : 2.618034
    } ],
    "faces" : [ {
      "vertices" : [ 0, 1, 2 ]
    }, {
      "vertices" : [ 0, 2, 1 ]
    } ]
  }, {
    "id" : "7f6af0c0-1909-40d4-8cdd-dee43422e045",
    "vertices" : [ {
      "x" : 0.0,
      "y" : 0.0,
      "z" : 0.0
    }, {
      "x" : -2.5694013,
      "y" : 2.5694013,
      "z" : 0.0
    }, {
      "x" : -5.8054695,
      "y" : -0.6666667,
      "z" : 3.236068
    }, {
      "x" : -3.236068,
      "y" : -3.236068,
      "z" : 3.236068
    } ],
    "faces" : [ {
      "vertices" : [ 0, 1, 2, 3 ]
    }, {
      "vertices" : [ 0, 3, 2, 1 ]
    } ]
  }, {
    "id" : "6a3d7138-43c9-4687-ad58-21fa5a7ff820",
    "vertices" : [ {
      "x" : 0.0,
      "y" : 0.0,
      "z" : 0.0
    }, {
      "x" : 2.618034,
      "y" : -6.854102,
      "z" : 0.0
    }, {
      "x" : 2.618034,
      "y" : -9.472136,
      "z" : -6.854102
    }, {
      "x" : 0.0,
      "y" : -2.618034,
      "z" : -6.854102
    } ],
    "faces" : [ {
      "vertices" : [ 0, 1, 2, 3 ]
    }, {
      "vertices" : [ 0, 3, 2, 1 ]
    } ]
  }, {
    "id" : "8aec5ced-f927-4bb4-a396-685cb20b9a33",
    "vertices" : [ {
      "x" : 0.0,
      "y" : 0.0,
      "z" : 0.0
    }, {
      "x" : -0.23606798,
      "y" : 0.24922359,
      "z" : -0.9655582
    }, {
      "x" : -0.23606798,
      "y" : 0.8672576,
      "z" : 0.65247583
    }, {
      "x" : 0.0,
      "y" : 0.24922359,
      "z" : 0.65247583
    } ],
    "faces" : [ {
      "vertices" : [ 0, 1, 2, 3 ]
    }, {
      "vertices" : [ 0, 3, 2, 1 ]
    } ]
  }, {
    "id" : "f1dbb910-197f-46c2-909f-606b9ad91970",
    "vertices" : [ {
      "x" : 0.0,
      "y" : 0.0,
      "z" : 0.0
    }, {
      "x" : 0.0,
      "y" : 0.3688104,
      "z" : 0.9655582
    }, {
      "x" : 1.618034,
      "y" : -3.8672576,
      "z" : 0.9655582
    }, {
      "x" : 1.618034,
      "y" : -4.236068,
      "z" : 0.0
    } ],
    "faces" : [ {
      "vertices" : [ 0, 1, 2, 3 ]
    }, {
      "vertices" : [ 0, 3, 2, 1 ]
    } ]
  }, {
    "id" : "3e0dd234-8398-4601-910f-c72758e35cdf",
    "vertices" : [ {
      "x" : 0.0,
      "y" : 0.0,
      "z" : 0.0
    }, {
      "x" : 0.3688104,
      "y" : -0.9655582,
      "z" : 0.0
    }, {
      "x" : 1.3688104,
      "y" : -4.583592,
      "z" : -2.618034
    }, {
      "x" : 1.0,
      "y" : -3.618034,
      "z" : -2.618034
    } ],
    "faces" : [ {
      "vertices" : [ 0, 1, 2, 3 ]
    }, {
      "vertices" : [ 0, 3, 2, 1 ]
    } ]
  }, {
    "id" : "41aaaa33-1fc1-40cb-9bf9-591f8e6e9fb4",
    "vertices" : [ {
      "x" : 0.0,
      "y" : 0.0,
      "z" : 0.0
    }, {
      "x" : -0.23606798,
      "y" : 0.618034,
      "z" : 0.0
    }, {
      "x" : -0.23606798,
      "y" : 2.618034,
      "z" : 5.236068
    }, {
      "x" : 0.0,
      "y" : 2.0,
      "z" : 5.236068
    } ],
    "faces" : [ {
      "vertices" : [ 0, 1, 2, 3 ]
    }, {
      "vertices" : [ 0, 3, 2, 1 ]
    } ]
  }, {
    "id" : "d68ec2c0-9479-44ad-b4ee-267b553e8822",
    "vertices" : [ {
      "x" : 0.0,
      "y" : 0.0,
      "z" : 0.0
    }, {
      "x" : 0.0,
      "y" : -0.24922359,
      "z" : -0.65247583
    }, {
      "x" : -2.618034,
      "y" : 6.6048784,
      "z" : -0.65247583
    }, {
      "x" : -2.618034,
      "y" : 6.854102,
      "z" : 0.0
    } ],
    "faces" : [ {
      "vertices" : [ 0, 1, 2, 3 ]
    }, {
      "vertices" : [ 0, 3, 2, 1 ]
    } ]
  }, {
    "id" : "36f03953-9ba7-4b7b-9e56-24233cd97590",
    "vertices" : [ {
      "x" : 0.0,
      "y" : 0.0,
      "z" : 0.0
    }, {
      "x" : 1.5879773,
      "y" : -3.36339,
      "z" : 2.0786893
    }, {
      "x" : 2.381966,
      "y" : -6.236068,
      "z" : 0.0
    } ],
    "faces" : [ {
      "vertices" : [ 0, 1, 2 ]
    }, {
      "vertices" : [ 0, 2, 1 ]
    } ]
  }, {
    "id" : "e3847e5a-ae4c-456a-abea-ab3f73da697f",
    "vertices" : [ {
      "x" : 0.0,
      "y" : 0.0,
      "z" : 0.0
    }, {
      "x" : -2.0,
      "y" : 5.236068,
      "z" : 0.0
    }, {
      "x" : -1.0,
      "y" : 3.618034,
      "z" : 2.618034
    } ],
    "faces" : [ {
      "vertices" : [ 0, 1, 2 ]
    }, {
      "vertices" : [ 0, 2, 1 ]
    } ]
  }, {
    "id" : "52d28b3c-30b5-4c32-9126-f53b3b58c62d",
    "vertices" : [ {
      "x" : 0.0,
      "y" : 0.0,
      "z" : 0.0
    }, {
      "x" : -3.854102,
      "y" : -3.854102,
      "z" : 3.854102
    }, {
      "x" : -6.4235034,
      "y" : -1.2847006,
      "z" : 3.854102
    }, {
      "x" : -3.854102,
      "y" : 1.2847006,
      "z" : 1.2847006
    } ],
    "faces" : [ {
      "vertices" : [ 0, 1, 2, 3 ]
    }, {
      "vertices" : [ 0, 3, 2, 1 ]
    } ]
  }, {
    "id" : "1aad5f81-d892-4062-b2bb-6f1a704b501c",
    "vertices" : [ {
      "x" : 0.0,
      "y" : 0.0,
      "z" : 0.0
    }, {
      "x" : -2.5694013,
      "y" : 2.5694013,
      "z" : 0.0
    }, {
      "x" : 0.6666667,
      "y" : 5.8054695,
      "z" : -3.236068
    }, {
      "x" : 3.236068,
      "y" : 3.236068,
      "z" : -3.236068
    } ],
    "faces" : [ {
      "vertices" : [ 0, 1, 2, 3 ]
    }, {
      "vertices" : [ 0, 3, 2, 1 ]
    } ]
  }, {
    "id" : "54f87ef9-febe-4a47-8bbb-a5cfbd67f4f7",
    "vertices" : [ {
      "x" : 0.0,
      "y" : 0.0,
      "z" : 0.0
    }, {
      "x" : -0.23606798,
      "y" : 0.38196602,
      "z" : -0.618034
    }, {
      "x" : -2.618034,
      "y" : 6.618034,
      "z" : -0.618034
    }, {
      "x" : -2.618034,
      "y" : 6.854102,
      "z" : 0.0
    } ],
    "faces" : [ {
      "vertices" : [ 0, 1, 2, 3 ]
    }, {
      "vertices" : [ 0, 3, 2, 1 ]
    } ]
  }, {
    "id" : "c29fa328-808e-470b-930c-69ee73c37b40",
    "vertices" : [ {
      "x" : 0.0,
      "y" : 0.0,
      "z" : 0.0
    }, {
      "x" : 0.23606798,
      "y" : -0.618034,
      "z" : 0.0
    }, {
      "x" : 0.23606798,
      "y" : -2.618034,
      "z" : -5.236068
    }, {
      "x" : 0.0,
      "y" : -2.0,
      "z" : -5.236068
    } ],
    "faces" : [ {
      "vertices" : [ 0, 1, 2, 3 ]
    }, {
      "vertices" : [ 0, 3, 2, 1 ]
    } ]
  }, {
    "id" : "9305eea9-19f8-41c8-9459-641cd2b05919",
    "vertices" : [ {
      "x" : 0.0,
      "y" : 0.0,
      "z" : 0.0
    }, {
      "x" : 0.23606798,
      "y" : -0.38196602,
      "z" : 0.618034
    }, {
      "x" : 2.618034,
      "y" : -6.618034,
      "z" : 0.618034
    }, {
      "x" : 2.618034,
      "y" : -6.854102,
      "z" : 0.0
    } ],
    "faces" : [ {
      "vertices" : [ 0, 1, 2, 3 ]
    }, {
      "vertices" : [ 0, 3, 2, 1 ]
    } ]
  }, {
    "id" : "8e8fa966-f414-45e6-85c0-77c73e1ef4b5",
    "vertices" : [ {
      "x" : 0.0,
      "y" : 0.0,
      "z" : 0.0
    }, {
      "x" : 3.854102,
      "y" : 3.854102,
      "z" : -3.854102
    }, {
      "x" : 1.2847006,
      "y" : 6.4235034,
      "z" : -3.854102
    }, {
      "x" : -1.2847006,
      "y" : 3.854102,
      "z" : -1.2847006
    } ],
    "faces" : [ {
      "vertices" : [ 0, 1, 2, 3 ]
    }, {
      "vertices" : [ 0, 3, 2, 1 ]
    } ]
  }, {
    "id" : "c7f72fd4-80c2-4957-8168-c79329479cee",
    "vertices" : [ {
      "x" : 0.0,
      "y" : 0.0,
      "z" : 0.0
    }, {
      "x" : 2.0,
      "y" : -4.236068,
      "z" : 2.618034
    }, {
      "x" : 2.3688104,
      "y" : -5.2016263,
      "z" : 2.618034
    }, {
      "x" : 0.3688104,
      "y" : -0.9655582,
      "z" : 0.0
    } ],
    "faces" : [ {
      "vertices" : [ 0, 1, 2, 3 ]
    }, {
      "vertices" : [ 0, 3, 2, 1 ]
    } ]
  }, {
    "id" : "97778a27-7d90-45dd-ab47-b35904324b38",
    "vertices" : [ {
      "x" : 0.0,
      "y" : 0.0,
      "z" : 0.0
    }, {
      "x" : -0.23606798,
      "y" : 0.7507764,
      "z" : 0.34752417
    }, {
      "x" : 0.0,
      "y" : 0.3688104,
      "z" : 0.9655582
    } ],
    "faces" : [ {
      "vertices" : [ 0, 1, 2 ]
    }, {
      "vertices" : [ 0, 2, 1 ]
    } ]
  }, {
    "id" : "55fb8198-6503-4b96-8cdf-d6ba933171d7",
    "vertices" : [ {
      "x" : 0.0,
      "y" : 0.0,
      "z" : 0.0
    }, {
      "x" : 1.0,
      "y" : 1.0,
      "z" : -1.0
    }, {
      "x" : -0.28470066,
      "y" : 4.854102,
      "z" : -2.2847006
    }, {
      "x" : -1.2847006,
      "y" : 3.854102,
      "z" : -1.2847006
    } ],
    "faces" : [ {
      "vertices" : [ 0, 1, 2, 3 ]
    }, {
      "vertices" : [ 0, 3, 2, 1 ]
    } ]
  }, {
    "id" : "e2f503d5-cde2-4fd8-b564-e00df4217857",
    "vertices" : [ {
      "x" : 0.0,
      "y" : 0.0,
      "z" : 0.0
    }, {
      "x" : -0.23606798,
      "y" : 0.618034,
      "z" : 0.0
    }, {
      "x" : 0.0,
      "y" : 0.3688104,
      "z" : 0.9655582
    } ],
    "faces" : [ {
      "vertices" : [ 0, 1, 2 ]
    }, {
      "vertices" : [ 0, 2, 1 ]
    } ]
  }, {
    "id" : "b6321ca0-607b-493b-ac27-8305bebc1df1",
    "vertices" : [ {
      "x" : 0.0,
      "y" : 0.0,
      "z" : 0.0
    }, {
      "x" : -1.0,
      "y" : 1.618034,
      "z" : -2.618034
    }, {
      "x" : -1.0,
      "y" : 4.236068,
      "z" : 4.236068
    }, {
      "x" : 0.0,
      "y" : 1.618034,
      "z" : 4.236068
    } ],
    "faces" : [ {
      "vertices" : [ 0, 1, 2, 3 ]
    }, {
      "vertices" : [ 0, 3, 2, 1 ]
    } ]
  }, {
    "id" : "c74e97cf-6fbc-4c67-91b8-64c389712e47",
    "vertices" : [ {
      "x" : 0.0,
      "y" : 0.0,
      "z" : 0.0
    }, {
      "x" : -1.0,
      "y" : -1.0,
      "z" : 1.0
    }, {
      "x" : -3.5694013,
      "y" : 1.5694013,
      "z" : 1.0
    }, {
      "x" : -2.5694013,
      "y" : 2.5694013,
      "z" : 0.0
    } ],
    "faces" : [ {
      "vertices" : [ 0, 1, 2, 3 ]
    }, {
      "vertices" : [ 0, 3, 2, 1 ]
    } ]
  }, {
    "id" : "ea89e2fc-23d8-4602-b96c-d79435e67584",
    "name" : "ball",
    "vertices" : [ {
      "x" : -0.309017,
      "y" : -0.19098301,
      "z" : 0.0
    }, {
      "x" : -0.309017,
      "y" : 0.19098301,
      "z" : 0.0
    }, {
      "x" : -0.19098301,
      "y" : 0.0,
      "z" : -0.309017
    }, {
      "x" : -0.19098301,
      "y" : 0.0,
      "z" : 0.309017
    }, {
      "x" : 0.0,
      "y" : -0.309017,
      "z" : -0.19098301
    }, {
      "x" : 0.0,
      "y" : -0.309017,
      "z" : 0.19098301
    }, {
      "x" : 0.0,
      "y" : 0.309017,
      "z" : -0.19098301
    }, {
      "x" : 0.0,
      "y" : 0.309017,
      "z" : 0.19098301
    }, {
      "x" : 0.19098301,
      "y" : 0.0,
      "z" : -0.309017
    }, {
      "x" : 0.19098301,
      "y" : 0.0,
      "z" : 0.309017
    }, {
      "x" : 0.309017,
      "y" : -0.19098301,
      "z" : 0.0
    }, {
      "x" : 0.309017,
      "y" : 0.19098301,
      "z" : 0.0
    } ],
    "faces" : [ {
      "vertices" : [ 0, 1, 2 ]
    }, {
      "vertices" : [ 0, 3, 1 ]
    }, {
      "vertices" : [ 0, 2, 4 ]
    }, {
      "vertices" : [ 0, 5, 3 ]
    }, {
      "vertices" : [ 0, 4, 5 ]
    }, {
      "vertices" : [ 1, 6, 2 ]
    }, {
      "vertices" : [ 1, 3, 7 ]
    }, {
      "vertices" : [ 1, 7, 6 ]
    }, {
      "vertices" : [ 2, 8, 4 ]
    }, {
      "vertices" : [ 2, 6, 8 ]
    }, {
      "vertices" : [ 3, 5, 9 ]
    }, {
      "vertices" : [ 3, 9, 7 ]
    }, {
      "vertices" : [ 4, 10, 5 ]
    }, {
      "vertices" : [ 4, 8, 10 ]
    }, {
      "vertices" : [ 5, 10, 9 ]
    }, {
      "vertices" : [ 6, 7, 11 ]
    }, {
      "vertices" : [ 6, 11, 8 ]
    }, {
      "vertices" : [ 7, 9, 11 ]
    }, {
      "vertices" : [ 8, 11, 10 ]
    }, {
      "vertices" : [ 9, 10, 11 ]
    } ]
  }, {
    "id" : "891e70b2-850b-4c31-9316-b262de85c6fb",
    "orbit" : "brown",
    "orbitC" : "[[2,-1,3],[5,-3,3]]",
    "length" : "[1,0,1]",
    "name" : "short",
    "vertices" : [ {
      "x" : 2.236068,
      "y" : 1.927051,
      "z" : 4.663119
    }, {
      "x" : 0.38196602,
      "y" : 0.072949015,
      "z" : 0.95491505
    }, {
      "x" : 0.690983,
      "y" : 0.19098301,
      "z" : 0.76393205
    }, {
      "x" : 2.545085,
      "y" : 2.045085,
      "z" : 4.472136
    }, {
      "x" : 2.236068,
      "y" : 2.545085,
      "z" : 4.2811527
    }, {
      "x" : 2.618034,
      "y" : 2.618034,
      "z" : 5.236068
    }, {
      "x" : 0.38196602,
      "y" : 0.690983,
      "z" : 0.572949
    }, {
      "x" : 2.472136,
      "y" : 2.472136,
      "z" : 4.944272
    }, {
      "x" : 0.14589803,
      "y" : 0.14589803,
      "z" : 0.29179606
    }, {
      "x" : 0.072949015,
      "y" : 0.572949,
      "z" : 0.76393205
    }, {
      "x" : 1.927051,
      "y" : 2.427051,
      "z" : 4.472136
    } ],
    "faces" : [ {
      "vertices" : [ 2, 8, 6 ]
    }, {
      "vertices" : [ 0, 7, 10 ]
    }, {
      "vertices" : [ 1, 9, 8 ]
    }, {
      "vertices" : [ 0, 10, 9, 1 ]
    }, {
      "vertices" : [ 4, 10, 7 ]
    }, {
      "vertices" : [ 0, 1, 2, 3 ]
    }, {
      "vertices" : [ 6, 8, 9 ]
    }, {
      "vertices" : [ 0, 3, 7 ]
    }, {
      "vertices" : [ 1, 8, 2 ]
    }, {
      "vertices" : [ 4, 6, 9, 10 ]
    }, {
      "vertices" : [ 3, 4, 7 ]
    }, {
      "vertices" : [ 2, 6, 4, 3 ]
    } ]
  }, {
    "id" : "9b4ce9f1-90db-4fc1-b6ce-d9eb356fe3e9",
    "orbit" : "green",
    "orbitC" : "[[2,-1,1],[5,-3,1]]",
    "length" : "[-1,1,1]",
    "name" : "g0",
    "vertices" : [ {
      "x" : 6.545085,
      "y" : 2.5,
      "z" : -0.95491505
    }, {
      "x" : 6.163119,
      "y" : 2.045085,
      "z" : -0.76393205
    }, {
      "x" : 6.0,
      "y" : 2.309017,
      "z" : -1.190983
    }, {
      "x" : 5.927051,
      "y" : 2.572949,
      "z" : -1.0
    }, {
      "x" : 0.85410196,
      "y" : 0.309017,
      "z" : 0.19098301
    }, {
      "x" : 0.690983,
      "y" : 0.572949,
      "z" : -0.23606798
    }, {
      "x" : 0.309017,
      "y" : 0.11803399,
      "z" : -0.045084972
    }, {
      "x" : 0.76393205,
      "y" : 0.309017,
      "z" : -0.42705098
    }, {
      "x" : 0.927051,
      "y" : 0.045084972,
      "z" : 0.0
    }, {
      "x" : 6.09017,
      "y" : 2.309017,
      "z" : -0.572949
    }, {
      "x" : 6.854102,
      "y" : 2.618034,
      "z" : -1.0
    } ],
    "faces" : [ {
      "vertices" : [ 2, 7, 5, 3 ]
    }, {
      "vertices" : [ 1, 8, 7, 2 ]
    }, {
      "vertices" : [ 4, 6, 8 ]
    }, {
      "vertices" : [ 5, 7, 6 ]
    }, {
      "vertices" : [ 0, 1, 2 ]
    }, {
      "vertices" : [ 0, 2, 3 ]
    }, {
      "vertices" : [ 6, 7, 8 ]
    }, {
      "vertices" : [ 3, 5, 4, 9 ]
    }, {
      "vertices" : [ 1, 9, 4, 8 ]
    }, {
      "vertices" : [ 0, 9, 1 ]
    }, {
      "vertices" : [ 0, 3, 9 ]
    }, {
      "vertices" : [ 4, 5, 6 ]
    } ]
  }, {
    "id" : "704c3247-fd88-41c6-b80b-78c3841dfbf5",
    "vertices" : [ {
      "x" : 0.0,
      "y" : 0.0,
      "z" : 0.0
    }, {
      "x" : -0.5,
      "y" : -3.427051,
      "z" : -1.309017
    }, {
      "x" : -1.809017,
      "y" : -3.927051,
      "z" : -4.736068
    } ],
    "faces" : [ {
      "vertices" : [ 0, 1, 2 ]
    }, {
      "vertices" : [ 0, 2, 1 ]
    } ]
  }, {
    "id" : "18cb5556-6822-4235-8c14-f9397fb6ca3c",
    "vertices" : [ {
      "x" : 0.0,
      "y" : 0.0,
      "z" : 0.0
    }, {
      "x" : 1.309017,
      "y" : 0.5,
      "z" : 3.427051
    }, {
      "x" : 2.118034,
      "y" : -2.427051,
      "z" : 5.545085
    } ],
    "faces" : [ {
      "vertices" : [ 0, 1, 2 ]
    }, {
      "vertices" : [ 0, 2, 1 ]
    } ]
  }, {
    "id" : "5a76bd93-dd66-4e30-aa79-a8383e3f76e0",
    "vertices" : [ {
      "x" : 0.0,
      "y" : 0.0,
      "z" : 0.0
    }, {
      "x" : -0.809017,
      "y" : 2.927051,
      "z" : -2.118034
    }, {
      "x" : -0.309017,
      "y" : 6.354102,
      "z" : -0.809017
    } ],
    "faces" : [ {
      "vertices" : [ 0, 1, 2 ]
    }, {
      "vertices" : [ 0, 2, 1 ]
    } ]
  } ],
  "instances" : [ {
    "shape" : "b58bb3cc-e8bb-4c6d-a8cb-1fdc9cf6ab33",
    "color" : "#7FCC9F",
    "position" : {
      "x" : 8.875388,
      "y" : -0.40325224,
      "z" : 0.40325224
    },
    "orientation" : 22
  }, {
    "shape" : "1fb75b71-03ab-45a9-acfe-62b0c3c84618",
    "color" : "#B59A8C",
    "position" : {
      "x" : -0.40325224,
      "y" : -0.40325224,
      "z" : 8.875388
    },
    "orientation" : 15
  }, {
    "shape" : "c2c9595b-e72d-4646-a263-0b8e2f0cafa1",
    "color" : "#7FCC9F",
    "position" : {
      "x" : 9.472136,
      "y" : 1.0,
      "z" : -1.0
    },
    "orientation" : 8
  }, {
    "shape" : "efff2e77-9e69-4e93-8611-b45652515ccc",
    "color" : "#B59A8C",
    "position" : {
      "x" : -9.472136,
      "y" : 0.23606798,
      "z" : 1.0
    },
    "orientation" : 1
  }, {
    "shape" : "1fb75b71-03ab-45a9-acfe-62b0c3c84618",
    "color" : "#B59A8C",
    "position" : {
      "x" : -0.40325224,
      "y" : 8.875388,
      "z" : -0.40325224
    },
    "orientation" : 32
  }, {
    "shape" : "6a0ce49f-0f33-4cca-b0e3-ec1e208ce9a9",
    "color" : "#7FCC9F",
    "position" : {
      "x" : 0.40325224,
      "y" : 8.875388,
      "z" : -0.40325224
    },
    "orientation" : 51
  }, {
    "shape" : "c5102bcb-df39-4523-9ad3-f0bd3bf7ea67",
    "color" : "#B59A8C",
    "position" : {
      "x" : -8.875388,
      "y" : 0.40325224,
      "z" : 0.40325224
    },
    "orientation" : 31
  }, {
    "shape" : "2e5fa9f4-e870-41e2-b642-d8db622249b7",
    "color" : "#7FCC9F",
    "position" : {
      "x" : -4.6393204,
      "y" : 4.6393204,
      "z" : -3.8328156
    },
    "orientation" : 36
  }, {
    "shape" : "a9a6ba7f-c67d-4c70-9451-8d5caa0569d3",
    "color" : "#7FCC9F",
    "position" : {
      "x" : 1.0,
      "y" : -9.472136,
      "z" : -1.0
    },
    "orientation" : 37
  }, {
    "shape" : "adcc3cfe-9281-4400-93c5-c64789d9760f",
    "color" : "#7FCC9F",
    "position" : {
      "x" : 0.40325224,
      "y" : -0.40325224,
      "z" : -8.875388
    },
    "orientation" : 53
  }, {
    "shape" : "1da31a5a-82c5-4d9e-809c-7d990d52ce14",
    "color" : "#7FCC9F",
    "position" : {
      "x" : -8.472136,
      "y" : 0.0,
      "z" : 0.0
    },
    "orientation" : 8
  }, {
    "shape" : "f240aeed-dd04-4582-8e48-a5415c2ad284",
    "color" : "#7FCC9F",
    "position" : {
      "x" : 4.236068,
      "y" : 12.708204,
      "z" : -3.472136
    },
    "orientation" : 6
  }, {
    "shape" : "c5102bcb-df39-4523-9ad3-f0bd3bf7ea67",
    "color" : "#B59A8C",
    "position" : {
      "x" : -0.40325224,
      "y" : 0.40325224,
      "z" : 8.875388
    },
    "orientation" : 0
  }, {
    "shape" : "e5016d92-006a-4af5-bf05-b768e4ccc7b2",
    "color" : "#7FCC9F",
    "position" : {
      "x" : -5.236068,
      "y" : 3.236068,
      "z" : 5.236068
    },
    "orientation" : 51
  }, {
    "shape" : "c94dfd5e-d472-448c-b211-168ef31db615",
    "color" : "#7FCC9F",
    "position" : {
      "x" : -4.236068,
      "y" : 4.236068,
      "z" : -4.236068
    },
    "orientation" : 52
  }, {
    "shape" : "4f93b24d-d6c3-45fb-8cb1-f1a2d8c2e5a2",
    "color" : "#B59A8C",
    "position" : {
      "x" : 9.472136,
      "y" : 1.0,
      "z" : 0.23606798
    },
    "orientation" : 16
  }, {
    "shape" : "ae0d7fa3-a92b-4904-b17a-1b9e70667ed4",
    "color" : "#7FCC9F",
    "position" : {
      "x" : 9.472136,
      "y" : 4.236068,
      "z" : -4.236068
    },
    "orientation" : 52
  }, {
    "shape" : "6a0ce49f-0f33-4cca-b0e3-ec1e208ce9a9",
    "color" : "#7FCC9F",
    "position" : {
      "x" : 8.875388,
      "y" : -0.40325224,
      "z" : 0.40325224
    },
    "orientation" : 23
  }, {
    "shape" : "f0617d23-4be4-4f8b-88f0-0e8f9ecd2eb8",
    "color" : "#B59A8C",
    "position" : {
      "x" : -9.472136,
      "y" : -0.23606798,
      "z" : -1.0
    },
    "orientation" : 16
  }, {
    "shape" : "c94dfd5e-d472-448c-b211-168ef31db615",
    "color" : "#7FCC9F",
    "position" : {
      "x" : 4.236068,
      "y" : 4.236068,
      "z" : 4.236068
    },
    "orientation" : 8
  }, {
    "shape" : "adcc3cfe-9281-4400-93c5-c64789d9760f",
    "color" : "#7FCC9F",
    "position" : {
      "x" : 8.875388,
      "y" : -0.40325224,
      "z" : -0.40325224
    },
    "orientation" : 6
  }, {
    "shape" : "4f93b24d-d6c3-45fb-8cb1-f1a2d8c2e5a2",
    "color" : "#B59A8C",
    "position" : {
      "x" : 9.472136,
      "y" : -1.0,
      "z" : -0.23606798
    },
    "orientation" : 1
  }, {
    "shape" : "1a58c8a9-56a0-40db-8ddc-2068917a2882",
    "color" : "#7FCC9F",
    "position" : {
      "x" : 1.0,
      "y" : -9.472136,
      "z" : -1.0
    },
    "orientation" : 8
  }, {
    "shape" : "2a360a07-b000-46c9-b31f-484ae58c9aa9",
    "color" : "#7FCC9F",
    "position" : {
      "x" : -6.854102,
      "y" : -1.618034,
      "z" : 6.854102
    },
    "orientation" : 53
  }, {
    "shape" : "a9fc652a-3c30-4b1a-a102-964263a429bb",
    "color" : "#7FCC9F",
    "position" : {
      "x" : -4.236068,
      "y" : 4.236068,
      "z" : 4.236068
    },
    "orientation" : 7
  }, {
    "shape" : "c94dfd5e-d472-448c-b211-168ef31db615",
    "color" : "#7FCC9F",
    "position" : {
      "x" : -4.236068,
      "y" : -4.236068,
      "z" : 4.236068
    },
    "orientation" : 37
  }, {
    "shape" : "7968e9c4-194b-44f2-86d6-664f615cb4bd",
    "color" : "#7FCC9F",
    "position" : {
      "x" : -8.875388,
      "y" : 0.40325224,
      "z" : 0.40325224
    },
    "orientation" : 53
  }, {
    "shape" : "645505a0-8eed-44d7-812a-6b7f01ad53be",
    "color" : "#7FCC9F",
    "position" : {
      "x" : 4.6393204,
      "y" : -3.8328156,
      "z" : 4.6393204
    },
    "orientation" : 21
  }, {
    "shape" : "6a0ce49f-0f33-4cca-b0e3-ec1e208ce9a9",
    "color" : "#7FCC9F",
    "position" : {
      "x" : 8.875388,
      "y" : 0.40325224,
