{
  "field" : "golden",
  "symmetry" : "icosahedral",
  "orientations" : [ [ 1.0, 0.0, 0.0, 0.0, 0.0, 1.0, 0.0, 0.0, 0.0, 0.0, 1.0, 0.0, 0.0, 0.0, 0.0, 1.0 ], [ 0.0, 0.0, 1.0, 0.0, 1.0, 0.0, 0.0, 0.0, 0.0, 1.0, 0.0, 0.0, 0.0, 0.0, 0.0, 1.0 ], [ 0.0, 1.0, 0.0, 0.0, 0.0, 0.0, 1.0, 0.0, 1.0, 0.0, 0.0, 0.0, 0.0, 0.0, 0.0, 1.0 ], [ 0.809017, 0.309017, 0.5, 0.0, 0.309017, 0.5, -0.809017, 0.0, -0.5, 0.809017, 0.309017, 0.0, 0.0, 0.0, 0.0, 1.0 ], [ -0.5, 0.809017, 0.309017, 0.0, 0.809017, 0.309017, 0.5, 0.0, 0.309017, 0.5, -0.809017, 0.0, 0.0, 0.0, 0.0, 1.0 ], [ 0.309017, 0.5, -0.809017, 0.0, -0.5, 0.809017, 0.309017, 0.0, 0.809017, 0.309017, 0.5, 0.0, 0.0, 0.0, 0.0, 1.0 ], [ 0.5, 0.809017, 0.309017, 0.0, 0.809017, -0.309017, -0.5, 0.0, -0.309017, 0.5, -0.809017, 0.0, 0.0, 0.0, 0.0, 1.0 ], [ -0.309017, 0.5, -0.809017, 0.0, 0.5, 0.809017, 0.309017, 0.0, 0.809017, -0.309017, -0.5, 0.0, 0.0, 0.0, 0.0, 1.0 ], [ 0.809017, -0.309017, -0.5, 0.0, -0.309017, 0.5, -0.809017, 0.0, 0.5, 0.809017, 0.309017, 0.0, 0.0, 0.0, 0.0, 1.0 ], [ 0.5, 0.809017, -0.309017, 0.0, 0.809017, -0.309017, 0.5, 0.0, 0.309017, -0.5, -0.809017, 0.0, 0.0, 0.0, 0.0, 1.0 ], [ 0.309017, -0.5, -0.809017, 0.0, 0.5, 0.809017, -0.309017, 0.0, 0.809017, -0.309017, 0.5, 0.0, 0.0, 0.0, 0.0, 1.0 ], [ 0.809017, -0.309017, 0.5, 0.0, 0.309017, -0.5, -0.809017, 0.0, 0.5, 0.809017, -0.309017, 0.0, 0.0, 0.0, 0.0, 1.0 ], [ 0.809017, 0.309017, -0.5, 0.0, 0.309017, 0.5, 0.809017, 0.0, 0.5, -0.809017, 0.309017, 0.0, 0.0, 0.0, 0.0, 1.0 ], [ 0.5, -0.809017, 0.309017, 0.0, 0.809017, 0.309017, -0.5, 0.0, 0.309017, 0.5, 0.809017, 0.0, 0.0, 0.0, 0.0, 1.0 ], [ 0.309017, 0.5, 0.809017, 0.0, 0.5, -0.809017, 0.309017, 0.0, 0.809017, 0.309017, -0.5, 0.0, 0.0, 0.0, 0.0, 1.0 ], [ 1.0, 0.0, 0.0, 0.0, 0.0, -1.0, 0.0, 0.0, 0.0, 0.0, -1.0, 0.0, 0.0, 0.0, 0.0, 1.0 ], [ 0.0, 0.0, 1.0, 0.0, -1.0, 0.0, 0.0, 0.0, 0.0, -1.0, 0.0, 0.0, 0.0, 0.0, 0.0, 1.0 ], [ 0.0, 1.0, 0.0, 0.0, 0.0, 0.0, -1.0, 0.0, -1.0, 0.0, 0.0, 0.0, 0.0, 0.0, 0.0, 1.0 ], [ 0.809017, 0.309017, 0.5, 0.0, -0.309017, -0.5, 0.809017, 0.0, 0.5, -0.809017, -0.309017, 0.0, 0.0, 0.0, 0.0, 1.0 ], [ -0.5, 0.809017, 0.309017, 0.0, -0.809017, -0.309017, -0.5, 0.0, -0.309017, -0.5, 0.809017, 0.0, 0.0, 0.0, 0.0, 1.0 ], [ 0.309017, 0.5, -0.809017, 0.0, 0.5, -0.809017, -0.309017, 0.0, -0.809017, -0.309017, -0.5, 0.0, 0.0, 0.0, 0.0, 1.0 ], [ 0.5, 0.809017, 0.309017, 0.0, -0.809017, 0.309017, 0.5, 0.0, 0.309017, -0.5, 0.809017, 0.0, 0.0, 0.0, 0.0, 1.0 ], [ -0.309017, 0.5, -0.809017, 0.0, -0.5, -0.809017, -0.309017, 0.0, -0.809017, 0.309017, 0.5, 0.0, 0.0, 0.0, 0.0, 1.0 ], [ 0.809017, -0.309017, -0.5, 0.0, 0.309017, -0.5, 0.809017, 0.0, -0.5, -0.809017, -0.309017, 0.0, 0.0, 0.0, 0.0, 1.0 ], [ 0.5, 0.809017, -0.309017, 0.0, -0.809017, 0.309017, -0.5, 0.0, -0.309017, 0.5, 0.809017, 0.0, 0.0, 0.0, 0.0, 1.0 ], [ 0.309017, -0.5, -0.809017, 0.0, -0.5, -0.809017, 0.309017, 0.0, -0.809017, 0.309017, -0.5, 0.0, 0.0, 0.0, 0.0, 1.0 ], [ 0.809017, -0.309017, 0.5, 0.0, -0.309017, 0.5, 0.809017, 0.0, -0.5, -0.809017, 0.309017, 0.0, 0.0, 0.0, 0.0, 1.0 ], [ 0.809017, 0.309017, -0.5, 0.0, -0.309017, -0.5, -0.809017, 0.0, -0.5, 0.809017, -0.309017, 0.0, 0.0, 0.0, 0.0, 1.0 ], [ 0.5, -0.809017, 0.309017, 0.0, -0.809017, -0.309017, 0.5, 0.0, -0.309017, -0.5, -0.809017, 0.0, 0.0, 0.0, 0.0, 1.0 ], [ 0.309017, 0.5, 0.809017, 0.0, -0.5, 0.809017, -0.309017, 0.0, -0.809017, -0.309017, 0.5, 0.0, 0.0, 0.0, 0.0, 1.0 ], [ -1.0, 0.0, 0.0, 0.0, 0.0, -1.0, 0.0, 0.0, 0.0, 0.0, 1.0, 0.0, 0.0, 0.0, 0.0, 1.0 ], [ 0.0, 0.0, -1.0, 0.0, -1.0, 0.0, 0.0, 0.0, 0.0, 1.0, 0.0, 0.0, 0.0, 0.0, 0.0, 1.0 ], [ 0.0, -1.0, 0.0, 0.0, 0.0, 0.0, -1.0, 0.0, 1.0, 0.0, 0.0, 0.0, 0.0, 0.0, 0.0, 1.0 ], [ -0.809017, -0.309017, -0.5, 0.0, -0.309017, -0.5, 0.809017, 0.0, -0.5, 0.809017, 0.309017, 0.0, 0.0, 0.0, 0.0, 1.0 ], [ 0.5, -0.809017, -0.309017, 0.0, -0.809017, -0.309017, -0.5, 0.0, 0.309017, 0.5, -0.809017, 0.0, 0.0, 0.0, 0.0, 1.0 ], [ -0.309017, -0.5, 0.809017, 0.0, 0.5, -0.809017, -0.309017, 0.0, 0.809017, 0.309017, 0.5, 0.0, 0.0, 0.0, 0.0, 1.0 ], [ -0.5, -0.809017, -0.309017, 0.0, -0.809017, 0.309017, 0.5, 0.0, -0.309017, 0.5, -0.809017, 0.0, 0.0, 0.0, 0.0, 1.0 ], [ 0.309017, -0.5, 0.809017, 0.0, -0.5, -0.809017, -0.309017, 0.0, 0.809017, -0.309017, -0.5, 0.0, 0.0, 0.0, 0.0, 1.0 ], [ -0.809017, 0.309017, 0.5, 0.0, 0.309017, -0.5, 0.809017, 0.0, 0.5, 0.809017, 0.309017, 0.0, 0.0, 0.0, 0.0, 1.0 ], [ -0.5, -0.809017, 0.309017, 0.0, -0.809017, 0.309017, -0.5, 0.0, 0.309017, -0.5, -0.809017, 0.0, 0.0, 0.0, 0.0, 1.0 ], [ -0.309017, 0.5, 0.809017, 0.0, -0.5, -0.809017, 0.309017, 0.0, 0.809017, -0.309017, 0.5, 0.0, 0.0, 0.0, 0.0, 1.0 ], [ -0.809017, 0.309017, -0.5, 0.0, -0.309017, 0.5, 0.809017, 0.0, 0.5, 0.809017, -0.309017, 0.0, 0.0, 0.0, 0.0, 1.0 ], [ -0.809017, -0.309017, 0.5, 0.0, -0.309017, -0.5, -0.809017, 0.0, 0.5, -0.809017, 0.309017, 0.0, 0.0, 0.0, 0.0, 1.0 ], [ -0.5, 0.809017, -0.309017, 0.0, -0.809017, -0.309017, 0.5, 0.0, 0.309017, 0.5, 0.809017, 0.0, 0.0, 0.0, 0.0, 1.0 ], [ -0.309017, -0.5, -0.809017, 0.0, -0.5, 0.809017, -0.309017, 0.0, 0.809017, 0.309017, -0.5, 0.0, 0.0, 0.0, 0.0, 1.0 ], [ -1.0, 0.0, 0.0, 0.0, 0.0, 1.0, 0.0, 0.0, 0.0, 0.0, -1.0, 0.0, 0.0, 0.0, 0.0, 1.0 ], [ 0.0, 0.0, -1.0, 0.0, 1.0, 0.0, 0.0, 0.0, 0.0, -1.0, 0.0, 0.0, 0.0, 0.0, 0.0, 1.0 ], [ 0.0, -1.0, 0.0, 0.0, 0.0, 0.0, 1.0, 0.0, -1.0, 0.0, 0.0, 0.0, 0.0, 0.0, 0.0, 1.0 ], [ -0.809017, -0.309017, -0.5, 0.0, 0.309017, 0.5, -0.809017, 0.0, 0.5, -0.809017, -0.309017, 0.0, 0.0, 0.0, 0.0, 1.0 ], [ 0.5, -0.809017, -0.309017, 0.0, 0.809017, 0.309017, 0.5, 0.0, -0.309017, -0.5, 0.809017, 0.0, 0.0, 0.0, 0.0, 1.0 ], [ -0.309017, -0.5, 0.809017, 0.0, -0.5, 0.809017, 0.309017, 0.0, -0.809017, -0.309017, -0.5, 0.0, 0.0, 0.0, 0.0, 1.0 ], [ -0.5, -0.809017, -0.309017, 0.0, 0.809017, -0.309017, -0.5, 0.0, 0.309017, -0.5, 0.809017, 0.0, 0.0, 0.0, 0.0, 1.0 ], [ 0.309017, -0.5, 0.809017, 0.0, 0.5, 0.809017, 0.309017, 0.0, -0.809017, 0.309017, 0.5, 0.0, 0.0, 0.0, 0.0, 1.0 ], [ -0.809017, 0.309017, 0.5, 0.0, -0.309017, 0.5, -0.809017, 0.0, -0.5, -0.809017, -0.309017, 0.0, 0.0, 0.0, 0.0, 1.0 ], [ -0.5, -0.809017, 0.309017, 0.0, 0.809017, -0.309017, 0.5, 0.0, -0.309017, 0.5, 0.809017, 0.0, 0.0, 0.0, 0.0, 1.0 ], [ -0.309017, 0.5, 0.809017, 0.0, 0.5, 0.809017, -0.309017, 0.0, -0.809017, 0.309017, -0.5, 0.0, 0.0, 0.0, 0.0, 1.0 ], [ -0.809017, 0.309017, -0.5, 0.0, 0.309017, -0.5, -0.809017, 0.0, -0.5, -0.809017, 0.309017, 0.0, 0.0, 0.0, 0.0, 1.0 ], [ -0.809017, -0.309017, 0.5, 0.0, 0.309017, 0.5, 0.809017, 0.0, -0.5, 0.809017, -0.309017, 0.0, 0.0, 0.0, 0.0, 1.0 ], [ -0.5, 0.809017, -0.309017, 0.0, 0.809017, 0.309017, -0.5, 0.0, -0.309017, -0.5, -0.809017, 0.0, 0.0, 0.0, 0.0, 1.0 ], [ -0.309017, -0.5, -0.809017, 0.0, 0.5, -0.809017, 0.309017, 0.0, -0.809017, -0.309017, 0.5, 0.0, 0.0, 0.0, 0.0, 1.0 ] ],
  "lights" : {
    "ambientColor" : "#292929",
    "backgroundColor" : "#E0EFFF",
    "directionalLights" : [ {
      "direction" : {
        "x" : 1.0,
        "y" : -1.0,
        "z" : -1.0
      },
      "color" : "#EBEBE4"
    }, {
      "direction" : {
        "x" : -1.0,
        "y" : 0.0,
        "z" : 0.0
      },
      "color" : "#E4E4EB"
    }, {
      "direction" : {
        "x" : 0.0,
        "y" : 0.0,
        "z" : -1.0
      },
      "color" : "#1E1E1E"
    } ]
  },
  "camera" : {
    "lookDirection" : {
      "x" : 0.0,
      "y" : 0.0,
      "z" : -1.0
    },
    "upDirection" : {
      "x" : 0.0,
      "y" : 1.0,
      "z" : 0.0
    },
    "lookAtPoint" : {
      "x" : 0.0,
      "y" : 0.0,
      "z" : 0.0
    },
    "viewDistance" : 152.76175,
    "nearClipDistance" : 0.38190436,
    "farClipDistance" : 305.52274,
    "fieldOfView" : 0.44262853,
    "perspective" : false,
    "width" : 68.74273,
    "stereo" : false,
    "position" : {
      "x" : 0.0,
      "y" : 0.0,
      "z" : 152.76175
    }
  },
  "embedding" : [ 1.0, 0.0, 0.0, 0.0, 0.0, 1.0, 0.0, 0.0, 0.0, 0.0, 1.0, 0.0, 0.0, 0.0, 0.0, 1.0 ],
  "shapes" : [ {
    "id" : "07488065-d988-4702-87c4-1b5dcdc71dca",
    "vertices" : [ {
      "x" : 1.0,
      "y" : 0.309017,
      "z" : 0.19098301
    }, {
      "x" : 1.0,
      "y" : -0.309017,
      "z" : 0.19098301
    }, {
      "x" : 21.18034,
      "y" : -0.309017,
      "z" : 0.19098301
    }, {
      "x" : 21.18034,
      "y" : 0.309017,
      "z" : 0.19098301
    }, {
      "x" : 21.18034,
      "y" : -0.309017,
      "z" : -0.19098301
    }, {
      "x" : 21.18034,
      "y" : 0.309017,
      "z" : -0.19098301
    }, {
      "x" : 21.798374,
      "y" : 0.0,
      "z" : 0.0
    }, {
      "x" : 0.38196602,
      "y" : 0.0,
      "z" : 0.0
    }, {
      "x" : 1.0,
      "y" : 0.309017,
      "z" : -0.19098301
    }, {
      "x" : 1.0,
      "y" : -0.309017,
      "z" : -0.19098301
    }, {
      "x" : 22.18034,
      "y" : 0.0,
      "z" : 0.0
    } ],
    "faces" : [ {
      "vertices" : [ 1, 9, 4 ]
    }, {
      "vertices" : [ 1, 4, 2 ]
    }, {
      "vertices" : [ 0, 3, 5 ]
    }, {
      "vertices" : [ 0, 5, 8 ]
    }, {
      "vertices" : [ 1, 7, 9 ]
    }, {
      "vertices" : [ 0, 1, 2 ]
    }, {
      "vertices" : [ 0, 2, 3 ]
    }, {
      "vertices" : [ 7, 8, 9 ]
    }, {
      "vertices" : [ 0, 7, 1 ]
    }, {
      "vertices" : [ 4, 9, 8 ]
    }, {
      "vertices" : [ 4, 8, 5 ]
    }, {
      "vertices" : [ 2, 6, 3 ]
    }, {
      "vertices" : [ 2, 4, 6 ]
    }, {
      "vertices" : [ 3, 6, 5 ]
    }, {
      "vertices" : [ 4, 5, 6 ]
    }, {
      "vertices" : [ 0, 8, 7 ]
    } ]
  }, {
    "id" : "865ef97f-a14f-4167-9f06-1f9b72a72319",
    "vertices" : [ {
      "x" : 1.0,
      "y" : 0.309017,
      "z" : 0.19098301
    }, {
      "x" : 1.0,
      "y" : -0.309017,
      "z" : 0.19098301
    }, {
      "x" : 7.472136,
      "y" : -0.309017,
      "z" : 0.19098301
    }, {
      "x" : 7.472136,
      "y" : 0.309017,
      "z" : 0.19098301
    }, {
      "x" : 7.472136,
      "y" : -0.309017,
      "z" : -0.19098301
    }, {
      "x" : 7.472136,
      "y" : 0.309017,
      "z" : -0.19098301
    }, {
      "x" : 8.09017,
      "y" : 0.0,
      "z" : 0.0
    }, {
      "x" : 0.38196602,
      "y" : 0.0,
      "z" : 0.0
    }, {
      "x" : 1.0,
      "y" : 0.309017,
      "z" : -0.19098301
    }, {
      "x" : 1.0,
      "y" : -0.309017,
      "z" : -0.19098301
    }, {
      "x" : 8.472136,
      "y" : 0.0,
      "z" : 0.0
    } ],
    "faces" : [ {
      "vertices" : [ 1, 9, 4 ]
    }, {
      "vertices" : [ 1, 4, 2 ]
    }, {
      "vertices" : [ 0, 3, 5 ]
    }, {
      "vertices" : [ 0, 5, 8 ]
    }, {
      "vertices" : [ 1, 7, 9 ]
    }, {
      "vertices" : [ 0, 1, 2 ]
    }, {
      "vertices" : [ 0, 2, 3 ]
    }, {
      "vertices" : [ 7, 8, 9 ]
    }, {
      "vertices" : [ 0, 7, 1 ]
    }, {
      "vertices" : [ 4, 9, 8 ]
    }, {
      "vertices" : [ 4, 8, 5 ]
    }, {
      "vertices" : [ 2, 6, 3 ]
    }, {
      "vertices" : [ 2, 4, 6 ]
    }, {
      "vertices" : [ 3, 6, 5 ]
    }, {
      "vertices" : [ 4, 5, 6 ]
    }, {
      "vertices" : [ 0, 8, 7 ]
    } ]
  }, {
    "id" : "e8a6a1dd-1c2f-4191-a71d-34c7c5ab6512",
    "vertices" : [ {
      "x" : 1.0,
      "y" : 0.309017,
      "z" : 0.19098301
    }, {
      "x" : 1.0,
      "y" : -0.309017,
      "z" : 0.19098301
    }, {
      "x" : 34.888542,
      "y" : -0.309017,
      "z" : 0.19098301
    }, {
      "x" : 34.888542,
      "y" : 0.309017,
      "z" : 0.19098301
    }, {
      "x" : 34.888542,
      "y" : -0.309017,
      "z" : -0.19098301
    }, {
      "x" : 34.888542,
      "y" : 0.309017,
      "z" : -0.19098301
    }, {
      "x" : 35.506577,
      "y" : 0.0,
      "z" : 0.0
    }, {
      "x" : 0.38196602,
      "y" : 0.0,
      "z" : 0.0
    }, {
      "x" : 1.0,
      "y" : 0.309017,
      "z" : -0.19098301
    }, {
      "x" : 1.0,
      "y" : -0.309017,
      "z" : -0.19098301
    }, {
      "x" : 35.888542,
      "y" : 0.0,
      "z" : 0.0
    } ],
    "faces" : [ {
      "vertices" : [ 1, 9, 4 ]
    }, {
      "vertices" : [ 1, 4, 2 ]
    }, {
      "vertices" : [ 0, 3, 5 ]
    }, {
      "vertices" : [ 0, 5, 8 ]
    }, {
      "vertices" : [ 1, 7, 9 ]
    }, {
      "vertices" : [ 0, 1, 2 ]
    }, {
      "vertices" : [ 0, 2, 3 ]
    }, {
      "vertices" : [ 7, 8, 9 ]
    }, {
      "vertices" : [ 0, 7, 1 ]
    }, {
      "vertices" : [ 4, 9, 8 ]
    }, {
      "vertices" : [ 4, 8, 5 ]
    }, {
      "vertices" : [ 2, 6, 3 ]
    }, {
      "vertices" : [ 2, 4, 6 ]
    }, {
      "vertices" : [ 3, 6, 5 ]
    }, {
      "vertices" : [ 4, 5, 6 ]
    }, {
      "vertices" : [ 0, 8, 7 ]
    } ]
  }, {
    "id" : "6fa6e23b-d6b9-49d6-8472-6aa7a786bb62",
    "vertices" : [ {
      "x" : -0.309017,
      "y" : -0.19098301,
      "z" : 0.0
    }, {
      "x" : -0.309017,
      "y" : 0.19098301,
      "z" : 0.0
    }, {
      "x" : -0.19098301,
      "y" : 0.0,
      "z" : -0.309017
    }, {
      "x" : -0.19098301,
      "y" : 0.0,
      "z" : 0.309017
    }, {
      "x" : 0.0,
      "y" : -0.309017,
      "z" : -0.19098301
    }, {
      "x" : 0.0,
      "y" : -0.309017,
      "z" : 0.19098301
    }, {
      "x" : 0.0,
      "y" : 0.309017,
      "z" : -0.19098301
    }, {
      "x" : 0.0,
      "y" : 0.309017,
      "z" : 0.19098301
    }, {
      "x" : 0.19098301,
      "y" : 0.0,
      "z" : -0.309017
    }, {
      "x" : 0.19098301,
      "y" : 0.0,
      "z" : 0.309017
    }, {
      "x" : 0.309017,
      "y" : -0.19098301,
      "z" : 0.0
    }, {
      "x" : 0.309017,
      "y" : 0.19098301,
      "z" : 0.0
    } ],
    "faces" : [ {
      "vertices" : [ 0, 1, 2 ]
    }, {
      "vertices" : [ 0, 3, 1 ]
    }, {
      "vertices" : [ 0, 2, 4 ]
    }, {
      "vertices" : [ 0, 5, 3 ]
    }, {
      "vertices" : [ 0, 4, 5 ]
    }, {
      "vertices" : [ 1, 6, 2 ]
    }, {
      "vertices" : [ 1, 3, 7 ]
    }, {
      "vertices" : [ 1, 7, 6 ]
    }, {
      "vertices" : [ 2, 8, 4 ]
    }, {
      "vertices" : [ 2, 6, 8 ]
    }, {
      "vertices" : [ 3, 5, 9 ]
    }, {
      "vertices" : [ 3, 9, 7 ]
    }, {
      "vertices" : [ 4, 10, 5 ]
    }, {
      "vertices" : [ 4, 8, 10 ]
    }, {
      "vertices" : [ 5, 10, 9 ]
    }, {
      "vertices" : [ 6, 7, 11 ]
    }, {
      "vertices" : [ 6, 11, 8 ]
    }, {
      "vertices" : [ 7, 9, 11 ]
    }, {
      "vertices" : [ 8, 11, 10 ]
    }, {
      "vertices" : [ 9, 10, 11 ]
    } ]
  }, {
    "id" : "a6c1a156-c942-4344-83d6-835beceb5094",
    "vertices" : [ {
      "x" : -6.354102,
      "y" : -2.118034,
      "z" : 6.354102
    }, {
      "x" : -2.118034,
      "y" : -2.118034,
      "z" : 6.354102
    }, {
      "x" : -2.118034,
      "y" : -2.118034,
      "z" : -6.354102
    }, {
      "x" : -6.354102,
      "y" : -2.118034,
      "z" : -6.354102
    } ],
    "faces" : [ {
      "vertices" : [ 0, 1, 2 ]
    }, {
      "vertices" : [ 0, 2, 3 ]
    }, {
      "vertices" : [ 0, 3, 2 ]
    }, {
      "vertices" : [ 0, 2, 1 ]
    } ]
  }, {
    "id" : "dce3e9dc-55bc-4a9e-b84a-455a78906983",
    "vertices" : [ {
      "x" : -2.118034,
      "y" : -6.354102,
      "z" : 6.354102
    }, {
      "x" : -2.118034,
      "y" : -6.354102,
      "z" : 2.118034
    }, {
      "x" : -2.118034,
      "y" : 6.354102,
      "z" : 2.118034
    }, {
      "x" : -2.118034,
      "y" : 6.354102,
      "z" : 6.354102
    } ],
    "faces" : [ {
      "vertices" : [ 0, 1, 2 ]
    }, {
      "vertices" : [ 0, 2, 3 ]
    }, {
      "vertices" : [ 0, 3, 2 ]
    }, {
      "vertices" : [ 0, 2, 1 ]
    } ]
  }, {
    "id" : "b1e75d2b-6488-46b1-8371-803372025355",
    "vertices" : [ {
      "x" : 6.354102,
      "y" : -2.118034,
      "z" : 6.354102
    }, {
      "x" : 6.354102,
      "y" : 2.118034,
      "z" : 6.354102
    }, {
      "x" : 6.354102,
      "y" : 2.118034,
      "z" : -6.354102
    }, {
      "x" : 6.354102,
      "y" : -2.118034,
      "z" : -6.354102
    } ],
    "faces" : [ {
      "vertices" : [ 0, 1, 2 ]
    }, {
      "vertices" : [ 0, 2, 3 ]
    }, {
      "vertices" : [ 0, 3, 2 ]
    }, {
      "vertices" : [ 0, 2, 1 ]
    } ]
  }, {
    "id" : "c41a60ad-4297-4cbe-9387-2fe2e8d75299",
    "vertices" : [ {
      "x" : 2.118034,
      "y" : -6.354102,
      "z" : -6.354102
    }, {
      "x" : 2.118034,
      "y" : -6.354102,
      "z" : -2.118034
    }, {
      "x" : 2.118034,
      "y" : 6.354102,
      "z" : -2.118034
    }, {
      "x" : 2.118034,
      "y" : 6.354102,
      "z" : -6.354102
    } ],
    "faces" : [ {
      "vertices" : [ 0, 1, 2 ]
    }, {
      "vertices" : [ 0, 2, 3 ]
    }, {
      "vertices" : [ 0, 3, 2 ]
    }, {
      "vertices" : [ 0, 2, 1 ]
    } ]
  }, {
    "id" : "95f807ce-090f-4220-b048-e1626b367fe2",
    "vertices" : [ {
      "x" : 6.354102,
      "y" : -6.354102,
      "z" : -2.118034
    }, {
      "x" : 6.354102,
      "y" : -2.118034,
      "z" : -2.118034
    }, {
      "x" : -6.354102,
      "y" : -2.118034,
      "z" : -2.118034
    }, {
      "x" : -6.354102,
      "y" : -6.354102,
      "z" : -2.118034
    } ],
    "faces" : [ {
      "vertices" : [ 0, 1, 2 ]
    }, {
      "vertices" : [ 0, 2, 3 ]
    }, {
      "vertices" : [ 0, 3, 2 ]
    }, {
      "vertices" : [ 0, 2, 1 ]
    } ]
  }, {
    "id" : "6eea7704-9d89-4d2c-9d4e-aadb162afc6d",
    "vertices" : [ {
      "x" : 1.0,
      "y" : 0.309017,
      "z" : 0.19098301
    }, {
      "x" : 1.0,
      "y" : -0.309017,
      "z" : 0.19098301
    }, {
      "x" : 12.708204,
      "y" : -0.309017,
      "z" : 0.19098301
    }, {
      "x" : 12.708204,
      "y" : 0.309017,
      "z" : 0.19098301
    }, {
      "x" : 12.708204,
      "y" : -0.309017,
      "z" : -0.19098301
    }, {
      "x" : 12.708204,
      "y" : 0.309017,
      "z" : -0.19098301
    }, {
      "x" : 13.326238,
      "y" : 0.0,
      "z" : 0.0
    }, {
      "x" : 0.38196602,
      "y" : 0.0,
      "z" : 0.0
    }, {
      "x" : 1.0,
      "y" : 0.309017,
      "z" : -0.19098301
    }, {
      "x" : 1.0,
      "y" : -0.309017,
      "z" : -0.19098301
    }, {
      "x" : 13.708204,
      "y" : 0.0,
      "z" : 0.0
    } ],
    "faces" : [ {
      "vertices" : [ 1, 9, 4 ]
    }, {
      "vertices" : [ 1, 4, 2 ]
    }, {
      "vertices" : [ 0, 3, 5 ]
    }, {
      "vertices" : [ 0, 5, 8 ]
    }, {
      "vertices" : [ 1, 7, 9 ]
    }, {
      "vertices" : [ 0, 1, 2 ]
    }, {
      "vertices" : [ 0, 2, 3 ]
    }, {
      "vertices" : [ 7, 8, 9 ]
    }, {
      "vertices" : [ 0, 7, 1 ]
    }, {
      "vertices" : [ 4, 9, 8 ]
    }, {
      "vertices" : [ 4, 8, 5 ]
    }, {
      "vertices" : [ 2, 6, 3 ]
    }, {
      "vertices" : [ 2, 4, 6 ]
    }, {
      "vertices" : [ 3, 6, 5 ]
    }, {
      "vertices" : [ 4, 5, 6 ]
    }, {
      "vertices" : [ 0, 8, 7 ]
    } ]
  }, {
    "id" : "48683119-e5b0-4a66-81f6-5cb6331ccf62",
    "vertices" : [ {
      "x" : 6.354102,
      "y" : -6.354102,
      "z" : 2.118034
    }, {
      "x" : 6.354102,
      "y" : -6.354102,
      "z" : -2.118034
    }, {
      "x" : -6.354102,
      "y" : -6.354102,
      "z" : -2.118034
    }, {
      "x" : -6.354102,
      "y" : -6.354102,
      "z" : 2.118034
    } ],
    "faces" : [ {
      "vertices" : [ 0, 1, 2 ]
    }, {
      "vertices" : [ 0, 2, 3 ]
    }, {
      "vertices" : [ 0, 3, 2 ]
    }, {
      "vertices" : [ 0, 2, 1 ]
    } ]
  }, {
    "id" : "7047c458-7d5d-413e-8ae8-35d31f77db64",
    "vertices" : [ {
      "x" : 2.118034,
      "y" : 6.354102,
      "z" : 6.354102
    }, {
      "x" : 2.118034,
      "y" : 6.354102,
      "z" : 2.118034
    }, {
      "x" : 2.118034,
      "y" : -6.354102,
      "z" : 2.118034
    }, {
      "x" : 2.118034,
      "y" : -6.354102,
      "z" : 6.354102
    } ],
    "faces" : [ {
      "vertices" : [ 0, 1, 2 ]
    }, {
      "vertices" : [ 0, 2, 3 ]
    }, {
      "vertices" : [ 0, 3, 2 ]
    }, {
      "vertices" : [ 0, 2, 1 ]
    } ]
  }, {
    "id" : "2a2afd39-ec9b-4b5c-9ebc-1f7b6520ed94",
    "vertices" : [ {
      "x" : -6.354102,
      "y" : 6.354102,
      "z" : -2.118034
    }, {
      "x" : -6.354102,
      "y" : 2.118034,
      "z" : -2.118034
    }, {
      "x" : 6.354102,
      "y" : 2.118034,
      "z" : -2.118034
    }, {
      "x" : 6.354102,
      "y" : 6.354102,
      "z" : -2.118034
    } ],
    "faces" : [ {
      "vertices" : [ 0, 1, 2 ]
    }, {
      "vertices" : [ 0, 2, 3 ]
    }, {
      "vertices" : [ 0, 3, 2 ]
    }, {
      "vertices" : [ 0, 2, 1 ]
    } ]
  }, {
    "id" : "2c071406-0b7d-4e1f-ac6b-96130e0802cc",
    "vertices" : [ {
      "x" : -2.118034,
      "y" : 6.354102,
      "z" : -6.354102
    }, {
      "x" : -2.118034,
      "y" : 6.354102,
      "z" : -2.118034
    }, {
      "x" : -2.118034,
      "y" : -6.354102,
      "z" : -2.118034
    }, {
      "x" : -2.118034,
      "y" : -6.354102,
      "z" : -6.354102
    } ],
    "faces" : [ {
      "vertices" : [ 0, 1, 2 ]
    }, {
      "vertices" : [ 0, 2, 3 ]
    }, {
      "vertices" : [ 0, 3, 2 ]
    }, {
      "vertices" : [ 0, 2, 1 ]
    } ]
  }, {
    "id" : "dc5b6b84-c24c-4b37-9691-ee9fbac1e9e6",
    "vertices" : [ {
      "x" : 6.354102,
      "y" : 6.354102,
      "z" : 2.118034
    }, {
      "x" : 6.354102,
      "y" : 2.118034,
      "z" : 2.118034
    }, {
      "x" : -6.354102,
      "y" : 2.118034,
      "z" : 2.118034
    }, {
      "x" : -6.354102,
      "y" : 6.354102,
      "z" : 2.118034
    } ],
    "faces" : [ {
      "vertices" : [ 0, 1, 2 ]
    }, {
      "vertices" : [ 0, 2, 3 ]
    }, {
      "vertices" : [ 0, 3, 2 ]
    }, {
      "vertices" : [ 0, 2, 1 ]
    } ]
  }, {
    "id" : "ff0480b5-f0cc-4aa8-bad6-2a4f54627240",
    "vertices" : [ {
      "x" : -6.354102,
      "y" : -6.354102,
      "z" : 2.118034
    }, {
      "x" : -6.354102,
      "y" : -2.118034,
      "z" : 2.118034
    }, {
      "x" : 6.354102,
      "y" : -2.118034,
      "z" : 2.118034
    }, {
      "x" : 6.354102,
      "y" : -6.354102,
      "z" : 2.118034
    } ],
    "faces" : [ {
      "vertices" : [ 0, 1, 2 ]
    }, {
      "vertices" : [ 0, 2, 3 ]
    }, {
      "vertices" : [ 0, 3, 2 ]
    }, {
      "vertices" : [ 0, 2, 1 ]
    } ]
  }, {
    "id" : "57ea1bb4-894c-45b1-b1b4-4c339f4b83e8",
    "vertices" : [ {
      "x" : 6.354102,
      "y" : -2.118034,
      "z" : -6.354102
    }, {
      "x" : 2.118034,
      "y" : -2.118034,
      "z" : -6.354102
    }, {
      "x" : 2.118034,
      "y" : -2.118034,
      "z" : 6.354102
    }, {
      "x" : 6.354102,
      "y" : -2.118034,
      "z" : 6.354102
    } ],
    "faces" : [ {
      "vertices" : [ 0, 1, 2 ]
    }, {
      "vertices" : [ 0, 2, 3 ]
    }, {
      "vertices" : [ 0, 3, 2 ]
    }, {
      "vertices" : [ 0, 2, 1 ]
    } ]
  }, {
    "id" : "1d5b6243-22b3-4f14-8f5f-a51d2384250b",
    "vertices" : [ {
      "x" : -6.354102,
      "y" : 2.118034,
      "z" : 6.354102
    }, {
      "x" : -6.354102,
      "y" : -2.118034,
      "z" : 6.354102
    }, {
      "x" : -6.354102,
      "y" : -2.118034,
      "z" : -6.354102
    }, {
      "x" : -6.354102,
      "y" : 2.118034,
      "z" : -6.354102
    } ],
    "faces" : [ {
      "vertices" : [ 0, 1, 2 ]
    }, {
      "vertices" : [ 0, 2, 3 ]
    }, {
      "vertices" : [ 0, 3, 2 ]
    }, {
      "vertices" : [ 0, 2, 1 ]
    } ]
  }, {
    "id" : "b245b9b3-b6ce-4d86-ae56-1d7187fa424a",
    "vertices" : [ {
      "x" : -2.118034,
      "y" : -6.354102,
      "z" : -6.354102
    }, {
      "x" : 2.118034,
      "y" : -6.354102,
      "z" : -6.354102
    }, {
      "x" : 2.118034,
      "y" : 6.354102,
      "z" : -6.354102
    }, {
      "x" : -2.118034,
      "y" : 6.354102,
      "z" : -6.354102
    } ],
    "faces" : [ {
      "vertices" : [ 0, 1, 2 ]
    }, {
      "vertices" : [ 0, 2, 3 ]
    }, {
      "vertices" : [ 0, 3, 2 ]
    }, {
      "vertices" : [ 0, 2, 1 ]
    } ]
  }, {
    "id" : "95ae0f32-1721-43bb-8e36-9c584e7fd016",
    "vertices" : [ {
      "x" : -2.118034,
      "y" : 6.354102,
      "z" : 6.354102
    }, {
      "x" : 2.118034,
      "y" : 6.354102,
      "z" : 6.354102
    }, {
      "x" : 2.118034,
      "y" : -6.354102,
      "z" : 6.354102
    }, {
      "x" : -2.118034,
      "y" : -6.354102,
      "z" : 6.354102
    } ],
    "faces" : [ {
      "vertices" : [ 0, 1, 2 ]
    }, {
      "vertices" : [ 0, 2, 3 ]
    }, {
      "vertices" : [ 0, 3, 2 ]
    }, {
      "vertices" : [ 0, 2, 1 ]
    } ]
  }, {
    "id" : "8c873858-479f-4ae8-af11-88aaa374a4d5",
    "vertices" : [ {
      "x" : 6.354102,
      "y" : 2.118034,
      "z" : 6.354102
    }, {
      "x" : 2.118034,
      "y" : 2.118034,
      "z" : 6.354102
    }, {
      "x" : 2.118034,
      "y" : 2.118034,
      "z" : -6.354102
    }, {
      "x" : 6.354102,
      "y" : 2.118034,
      "z" : -6.354102
    } ],
    "faces" : [ {
      "vertices" : [ 0, 1, 2 ]
    }, {
      "vertices" : [ 0, 2, 3 ]
    }, {
      "vertices" : [ 0, 3, 2 ]
    }, {
      "vertices" : [ 0, 2, 1 ]
    } ]
  }, {
    "id" : "fdb28f90-ceb3-4ff0-9d47-4cffc8e78779",
    "vertices" : [ {
      "x" : 6.354102,
      "y" : 6.354102,
      "z" : -2.118034
    }, {
      "x" : 6.354102,
      "y" : 6.354102,
      "z" : 2.118034
    }, {
      "x" : -6.354102,
      "y" : 6.354102,
      "z" : 2.118034
    }, {
      "x" : -6.354102,
      "y" : 6.354102,
      "z" : -2.118034
    } ],
    "faces" : [ {
      "vertices" : [ 0, 1, 2 ]
    }, {
      "vertices" : [ 0, 2, 3 ]
    }, {
      "vertices" : [ 0, 3, 2 ]
    }, {
      "vertices" : [ 0, 2, 1 ]
    } ]
  }, {
    "id" : "ec15f30e-cbe3-424c-8f0e-34ccde6892d6",
    "vertices" : [ {
      "x" : -6.354102,
      "y" : 2.118034,
      "z" : -6.354102
    }, {
      "x" : -2.118034,
      "y" : 2.118034,
      "z" : -6.354102
    }, {
      "x" : -2.118034,
      "y" : 2.118034,
      "z" : 6.354102
    }, {
      "x" : -6.354102,
      "y" : 2.118034,
      "z" : 6.354102
    } ],
    "faces" : [ {
      "vertices" : [ 0, 1, 2 ]
    }, {
      "vertices" : [ 0, 2, 3 ]
    }, {
      "vertices" : [ 0, 3, 2 ]
    }, {
      "vertices" : [ 0, 2, 1 ]
    } ]
  } ],
  "instances" : [ {
    "shape" : "07488065-d988-4702-87c4-1b5dcdc71dca",
    "color" : "#007695",
    "position" : {
      "x" : 0.0,
      "y" : 17.944271,
      "z" : -11.09017
    },
    "orientation" : 8
  }, {
    "shape" : "07488065-d988-4702-87c4-1b5dcdc71dca",
    "color" : "#007695",
    "position" : {
      "x" : 0.0,
      "y" : 17.944271,
      "z" : -11.09017
    },
    "orientation" : 41
  }, {
    "shape" : "865ef97f-a14f-4167-9f06-1f9b72a72319",
    "color" : "#007695",
    "position" : {
      "x" : -4.236068,
      "y" : 0.0,
      "z" : 6.854102
    },
    "orientation" : 6
  }, {
    "shape" : "e8a6a1dd-1c2f-4191-a71d-34c7c5ab6512",
    "color" : "#000000",
    "position" : {
      "x" : -11.09017,
      "y" : 0.0,
      "z" : -17.944271
    },
    "orientation" : 2
  }, {
    "shape" : "6fa6e23b-d6b9-49d6-8472-6aa7a786bb62",
    "color" : "#FFFFFF",
    "position" : {
      "x" : 17.944271,
      "y" : 11.09017,
      "z" : 0.0
    }
  }, {
    "shape" : "6fa6e23b-d6b9-49d6-8472-6aa7a786bb62",
    "color" : "#FFFFFF",
    "position" : {
      "x" : 0.0,
      "y" : 6.854102,
      "z" : 4.236068
    }
  }, {
    "shape" : "865ef97f-a14f-4167-9f06-1f9b72a72319",
    "color" : "#007695",
    "position" : {
      "x" : -4.236068,
      "y" : 0.0,
      "z" : 6.854102
    },
    "orientation" : 24
  }, {
    "shape" : "6fa6e23b-d6b9-49d6-8472-6aa7a786bb62",
    "color" : "#FFFFFF",
    "position" : {
      "x" : 0.0,
      "y" : -17.944271,
      "z" : -11.09017
    }
  }, {
    "shape" : "6fa6e23b-d6b9-49d6-8472-6aa7a786bb62",
    "color" : "#FFFFFF",
    "position" : {
      "x" : -4.236068,
      "y" : 0.0,
      "z" : -6.854102
    }
  }, {
    "shape" : "a6c1a156-c942-4344-83d6-835beceb5094",
    "color" : "#65B2FF",
    "position" : {
      "x" : 0.0,
      "y" : 0.0,
      "z" : 0.0
    }
  }, {
    "shape" : "865ef97f-a14f-4167-9f06-1f9b72a72319",
    "color" : "#007695",
    "position" : {
      "x" : -6.854102,
      "y" : -4.236068,
      "z" : 0.0
    },
    "orientation" : 52
  }, {
    "shape" : "e8a6a1dd-1c2f-4191-a71d-34c7c5ab6512",
    "color" : "#000000",
    "position" : {
      "x" : -17.944271,
      "y" : 11.09017,
      "z" : 0.0
    },
    "orientation" : 0
  }, {
    "shape" : "dce3e9dc-55bc-4a9e-b84a-455a78906983",
    "color" : "#65B2FF",
    "position" : {
      "x" : 0.0,
      "y" : 0.0,
      "z" : 0.0
    }
  }, {
    "shape" : "07488065-d988-4702-87c4-1b5dcdc71dca",
    "color" : "#007695",
    "position" : {
      "x" : 0.0,
      "y" : -17.944271,
      "z" : -11.09017
    },
    "orientation" : 11
  }, {
    "shape" : "b1e75d2b-6488-46b1-8371-803372025355",
    "color" : "#65B2FF",
    "position" : {
      "x" : 0.0,
      "y" : 0.0,
      "z" : 0.0
    }
  }, {
    "shape" : "07488065-d988-4702-87c4-1b5dcdc71dca",
    "color" : "#007695",
    "position" : {
      "x" : 11.09017,
      "y" : 0.0,
      "z" : 17.944271
    },
    "orientation" : 54
  }, {
    "shape" : "c41a60ad-4297-4cbe-9387-2fe2e8d75299",
    "color" : "#65B2FF",
    "position" : {
      "x" : 0.0,
      "y" : 0.0,
      "z" : 0.0
    }
  }, {
    "shape" : "07488065-d988-4702-87c4-1b5dcdc71dca",
    "color" : "#007695",
    "position" : {
      "x" : 11.09017,
      "y" : 0.0,
      "z" : 17.944271
    },
    "orientation" : 36
  }, {
    "shape" : "07488065-d988-4702-87c4-1b5dcdc71dca",
    "color" : "#007695",
    "position" : {
      "x" : -17.944271,
      "y" : -11.09017,
      "z" : 0.0
    },
    "orientation" : 10
  }, {
    "shape" : "07488065-d988-4702-87c4-1b5dcdc71dca",
    "color" : "#007695",
    "position" : {
      "x" : 0.0,
      "y" : -17.944271,
      "z" : -11.09017
    },
    "orientation" : 38
  }, {
    "shape" : "6fa6e23b-d6b9-49d6-8472-6aa7a786bb62",
    "color" : "#FFFFFF",
    "position" : {
      "x" : 11.09017,
      "y" : 0.0,
      "z" : -17.944271
    }
  }, {
    "shape" : "95f807ce-090f-4220-b048-e1626b367fe2",
    "color" : "#65B2FF",
    "position" : {
      "x" : 0.0,
      "y" : 0.0,
      "z" : 0.0
    }
  }, {
    "shape" : "865ef97f-a14f-4167-9f06-1f9b72a72319",
    "color" : "#007695",
    "position" : {
      "x" : 6.854102,
      "y" : 4.236068,
      "z" : 0.0
    },
    "orientation" : 22
  }, {
    "shape" : "07488065-d988-4702-87c4-1b5dcdc71dca",
    "color" : "#007695",
    "position" : {
      "x" : 17.944271,
      "y" : 11.09017,
      "z" : 0.0
    },
    "orientation" : 40
  }, {
    "shape" : "07488065-d988-4702-87c4-1b5dcdc71dca",
    "color" : "#007695",
    "position" : {
      "x" : -11.09017,
      "y" : 0.0,
      "z" : 17.944271
    },
    "orientation" : 24
  }, {
    "shape" : "6fa6e23b-d6b9-49d6-8472-6aa7a786bb62",
    "color" : "#FFFFFF",
    "position" : {
      "x" : 0.0,
      "y" : 0.0,
      "z" : 0.0
    }
  }, {
    "shape" : "865ef97f-a14f-4167-9f06-1f9b72a72319",
    "color" : "#007695",
    "position" : {
      "x" : 6.854102,
      "y" : -4.236068,
      "z" : 0.0
    },
    "orientation" : 7
  }, {
    "shape" : "6eea7704-9d89-4d2c-9d4e-aadb162afc6d",
    "color" : "#000000",
    "position" : {
      "x" : -6.854102,
      "y" : 4.236068,
      "z" : 0.0
    },
    "orientation" : 0
  }, {
    "shape" : "07488065-d988-4702-87c4-1b5dcdc71dca",
    "color" : "#007695",
    "position" : {
      "x" : -11.09017,
      "y" : 0.0,
      "z" : -17.944271
    },
    "orientation" : 21
  }, {
    "shape" : "e8a6a1dd-1c2f-4191-a71d-34c7c5ab6512",
    "color" : "#000000",
    "position" : {
      "x" : -17.944271,
      "y" : -11.09017,
      "z" : 0.0
    },
    "orientation" : 0
  }, {
    "shape" : "e8a6a1dd-1c2f-4191-a71d-34c7c5ab6512",
    "color" : "#000000",
    "position" : {
      "x" : 0.0,
      "y" : -17.944271,
      "z" : 11.09017
    },
    "orientation" : 1
  }, {
    "shape" : "6fa6e23b-d6b9-49d6-8472-6aa7a786bb62",
    "color" : "#FFFFFF",
    "position" : {
      "x" : -17.944271,
      "y" : -11.09017,
      "z" : 0.0
    }
  }, {
    "shape" : "865ef97f-a14f-4167-9f06-1f9b72a72319",
    "color" : "#007695",
    "position" : {
      "x" : 4.236068,
      "y" : 0.0,
      "z" : -6.854102
    },
    "orientation" : 51
  }, {
    "shape" : "07488065-d988-4702-87c4-1b5dcdc71dca",
    "color" : "#007695",
    "position" : {
      "x" : 11.09017,
      "y" : 0.0,
      "z" : -17.944271
    },
    "orientation" : 51
  }, {
    "shape" : "48683119-e5b0-4a66-81f6-5cb6331ccf62",
    "color" : "#65B2FF",
    "position" : {
      "x" : 0.0,
      "y" : 0.0,
      "z" : 0.0
    }
  }, {
    "shape" : "6fa6e23b-d6b9-49d6-8472-6aa7a786bb62",
    "color" : "#FFFFFF",
    "position" : {
      "x" : 0.0,
      "y" : -17.944271,
      "z" : 11.09017
    }
  }, {
    "shape" : "6fa6e23b-d6b9-49d6-8472-6aa7a786bb62",
    "color" : "#FFFFFF",
    "position" : {
      "x" : -11.09017,
      "y" : 0.0,
      "z" : -17.944271
    }
  }, {
    "shape" : "865ef97f-a14f-4167-9f06-1f9b72a72319",
    "color" : "#007695",
    "position" : {
      "x" : 0.0,
      "y" : -6.854102,
      "z" : -4.236068
    },
    "orientation" : 11
  }, {
    "shape" : "7047c458-7d5d-413e-8ae8-35d31f77db64",
    "color" : "#65B2FF",
    "position" : {
      "x" : 0.0,
      "y" : 0.0,
      "z" : 0.0
    }
  }, {
    "shape" : "865ef97f-a14f-4167-9f06-1f9b72a72319",
    "color" : "#007695",
    "position" : {
      "x" : 6.854102,
      "y" : -4.236068,
      "z" : 0.0
    },
    "orientation" : 55
  }, {
    "shape" : "6eea7704-9d89-4d2c-9d4e-aadb162afc6d",
    "color" : "#000000",
    "position" : {
      "x" : -6.854102,
      "y" : -4.236068,
      "z" : 0.0
    },
    "orientation" : 0
  }, {
    "shape" : "865ef97f-a14f-4167-9f06-1f9b72a72319",
    "color" : "#007695",
    "position" : {
      "x" : -4.236068,
      "y" : 0.0,
      "z" : -6.854102
    },
    "orientation" : 21
  }, {
    "shape" : "6fa6e23b-d6b9-49d6-8472-6aa7a786bb62",
    "color" : "#FFFFFF",
    "position" : {
      "x" : 6.854102,
      "y" : -4.236068,
      "z" : 0.0
    }
  }, {
    "shape" : "6fa6e23b-d6b9-49d6-8472-6aa7a786bb62",
    "color" : "#FFFFFF",
    "position" : {
      "x" : -11.09017,
      "y" : 0.0,
      "z" : 17.944271
    }
  }, {
    "shape" : "6fa6e23b-d6b9-49d6-8472-6aa7a786bb62",
    "color" : "#FFFFFF",
    "position" : {
      "x" : -17.944271,
      "y" : 11.09017,
      "z" : 0.0
    }
  }, {
    "shape" : "07488065-d988-4702-87c4-1b5dcdc71dca",
    "color" : "#007695",
    "position" : {
      "x" : -17.944271,
      "y" : -11.09017,
      "z" : 0.0
    },
    "orientation" : 52
  }, {
    "shape" : "6fa6e23b-d6b9-49d6-8472-6aa7a786bb62",
    "color" : "#FFFFFF",
    "position" : {
      "x" : -6.854102,
      "y" : -4.236068,
      "z" : 0.0
    }
  }, {
    "shape" : "865ef97f-a14f-4167-9f06-1f9b72a72319",
    "color" : "#007695",
    "position" : {
      "x" : 0.0,
      "y" : -6.854102,
      "z" : 4.236068
    },
    "orientation" : 23
  }, {
    "shape" : "07488065-d988-4702-87c4-1b5dcdc71dca",
    "color" : "#007695",
    "position" : {
      "x" : 0.0,
      "y" : 17.944271,
      "z" : 11.09017
    },
    "orientation" : 26
  }, {
    "shape" : "07488065-d988-4702-87c4-1b5dcdc71dca",
    "color" : "#007695",
    "position" : {
      "x" : 11.09017,
      "y" : 0.0,
      "z" : -17.944271
    },
    "orientation" : 39
  }, {
    "shape" : "6fa6e23b-d6b9-49d6-8472-6aa7a786bb62",
    "color" : "#FFFFFF",
    "position" : {
      "x" : 0.0,
      "y" : -6.854102,
      "z" : 4.236068
    }
  }, {
    "shape" : "6fa6e23b-d6b9-49d6-8472-6aa7a786bb62",
    "color" : "#FFFFFF",
    "position" : {
      "x" : 4.236068,
      "y" : 0.0,
      "z" : -6.854102
    }
  }, {
    "shape" : "865ef97f-a14f-4167-9f06-1f9b72a72319",
    "color" : "#007695",
    "position" : {
      "x" : -6.854102,
      "y" : -4.236068,
      "z" : 0.0
    },
    "orientation" : 10
  }, {
    "shape" : "865ef97f-a14f-4167-9f06-1f9b72a72319",
    "color" : "#007695",
    "position" : {
      "x" : 4.236068,
      "y" : 0.0,
      "z" : 6.854102
    },
    "orientation" : 54
  }, {
    "shape" : "2a2afd39-ec9b-4b5c-9ebc-1f7b6520ed94",
    "color" : "#65B2FF",
    "position" : {
      "x" : 0.0,
      "y" : 0.0,
      "z" : 0.0
    }
  }, {
    "shape" : "2c071406-0b7d-4e1f-ac6b-96130e0802cc",
    "color" : "#65B2FF",
    "position" : {
      "x" : 0.0,
      "y" : 0.0,
      "z" : 0.0
    }
  }, {
    "shape" : "865ef97f-a14f-4167-9f06-1f9b72a72319",
    "color" : "#007695",
    "position" : {
      "x" : 0.0,
      "y" : -6.854102,
      "z" : 4.236068
    },
    "orientation" : 56
  }, {
    "shape" : "07488065-d988-4702-87c4-1b5dcdc71dca",
    "color" : "#007695",
    "position" : {
      "x" : -17.944271,
      "y" : 11.09017,
      "z" : 0.0
    },
    "orientation" : 37
  }, {
    "shape" : "07488065-d988-4702-87c4-1b5dcdc71dca",
    "color" : "#007695",
    "position" : {
      "x" : 17.944271,
      "y" : -11.09017,
      "z" : 0.0
    },
    "orientation" : 55
  }, {
    "shape" : "865ef97f-a14f-4167-9f06-1f9b72a72319",
    "color" : "#007695",
    "position" : {
      "x" : 0.0,
      "y" : 6.854102,
      "z" : 4.236068
    },
    "orientation" : 26
  }, {
    "shape" : "6eea7704-9d89-4d2c-9d4e-aadb162afc6d",
    "color" : "#000000",
    "position" : {
      "x" : 4.236068,
      "y" : 0.0,
      "z" : -6.854102
    },
    "orientation" : 2
  }, {
    "shape" : "dc5b6b84-c24c-4b37-9691-ee9fbac1e9e6",
    "color" : "#65B2FF",
    "position" : {
      "x" : 0.0,
      "y" : 0.0,
      "z" : 0.0
    }
  }, {
    "shape" : "07488065-d988-4702-87c4-1b5dcdc71dca",
    "color" : "#007695",
    "position" : {
      "x" : -11.09017,
      "y" : 0.0,
      "z" : -17.944271
    },
    "orientation" : 9
  }, {
    "shape" : "ff0480b5-f0cc-4aa8-bad6-2a4f54627240",
    "color" : "#65B2FF",
    "position" : {
      "x" : 0.0,
      "y" : 0.0,
      "z" : 0.0
    }
  }, {
    "shape" : "57ea1bb4-894c-45b1-b1b4-4c339f4b83e8",
    "color" : "#65B2FF",
    "position" : {
      "x" : 0.0,
      "y" : 0.0,
      "z" : 0.0
    }
  }, {
    "shape" : "07488065-d988-4702-87c4-1b5dcdc71dca",
    "color" : "#007695",
    "position" : {
      "x" : 0.0,
      "y" : 17.944271,
      "z" : 11.09017
    },
    "orientation" : 53
  }, {
    "shape" : "07488065-d988-4702-87c4-1b5dcdc71dca",
    "color" : "#007695",
    "position" : {
      "x" : 17.944271,
      "y" : 11.09017,
      "z" : 0.0
    },
    "orientation" : 22
  }, {
    "shape" : "865ef97f-a14f-4167-9f06-1f9b72a72319",
    "color" : "#007695",
    "position" : {
      "x" : 4.236068,
      "y" : 0.0,
      "z" : -6.854102
    },
    "orientation" : 39
  }, {
    "shape" : "6fa6e23b-d6b9-49d6-8472-6aa7a786bb62",
    "color" : "#FFFFFF",
    "position" : {
      "x" : 6.854102,
      "y" : 4.236068,
      "z" : 0.0
    }
  }, {
    "shape" : "6fa6e23b-d6b9-49d6-8472-6aa7a786bb62",
    "color" : "#FFFFFF",
    "position" : {
      "x" : 11.09017,
      "y" : 0.0,
      "z" : 17.944271
    }
  }, {
    "shape" : "865ef97f-a14f-4167-9f06-1f9b72a72319",
    "color" : "#007695",
    "position" : {
      "x" : -6.854102,
      "y" : 4.236068,
      "z" : 0.0
    },
    "orientation" : 37
  }, {
    "shape" : "6eea7704-9d89-4d2c-9d4e-aadb162afc6d",
    "color" : "#000000",
    "position" : {
      "x" : 0.0,
      "y" : -6.854102,
      "z" : 4.236068
    },
    "orientation" : 1
  }, {
    "shape" : "865ef97f-a14f-4167-9f06-1f9b72a72319",
    "color" : "#007695",
    "position" : {
      "x" : 4.236068,
      "y" : 0.0,
      "z" : 6.854102
    },
    "orientation" : 36
  }, {
    "shape" : "6fa6e23b-d6b9-49d6-8472-6aa7a786bb62",
    "color" : "#FFFFFF",
    "position" : {
      "x" : -6.854102,
      "y" : 4.236068,
      "z" : 0.0
    }
  }, {
    "shape" : "6fa6e23b-d6b9-49d6-8472-6aa7a786bb62",
    "color" : "#FFFFFF",
    "position" : {
      "x" : 17.944271,
      "y" : -11.09017,
      "z" : 0.0
    }
  }, {
    "shape" : "1d5b6243-22b3-4f14-8f5f-a51d2384250b",
    "color" : "#65B2FF",
    "position" : {
      "x" : 0.0,
      "y" : 0.0,
      "z" : 0.0
    }
  }, {
    "shape" : "07488065-d988-4702-87c4-1b5dcdc71dca",
    "color" : "#007695",
    "position" : {
