{
  "field" : "golden",
  "symmetry" : "icosahedral",
  "orientations" : [ [ 1.0, 0.0, 0.0, 0.0, 0.0, 1.0, 0.0, 0.0, 0.0, 0.0, 1.0, 0.0, 0.0, 0.0, 0.0, 1.0 ], [ 0.0, 0.0, 1.0, 0.0, 1.0, 0.0, 0.0, 0.0, 0.0, 1.0, 0.0, 0.0, 0.0, 0.0, 0.0, 1.0 ], [ 0.0, 1.0, 0.0, 0.0, 0.0, 0.0, 1.0, 0.0, 1.0, 0.0, 0.0, 0.0, 0.0, 0.0, 0.0, 1.0 ], [ 0.809017, 0.309017, 0.5, 0.0, 0.309017, 0.5, -0.809017, 0.0, -0.5, 0.809017, 0.309017, 0.0, 0.0, 0.0, 0.0, 1.0 ], [ -0.5, 0.809017, 0.309017, 0.0, 0.809017, 0.309017, 0.5, 0.0, 0.309017, 0.5, -0.809017, 0.0, 0.0, 0.0, 0.0, 1.0 ], [ 0.309017, 0.5, -0.809017, 0.0, -0.5, 0.809017, 0.309017, 0.0, 0.809017, 0.309017, 0.5, 0.0, 0.0, 0.0, 0.0, 1.0 ], [ 0.5, 0.809017, 0.309017, 0.0, 0.809017, -0.309017, -0.5, 0.0, -0.309017, 0.5, -0.809017, 0.0, 0.0, 0.0, 0.0, 1.0 ], [ -0.309017, 0.5, -0.809017, 0.0, 0.5, 0.809017, 0.309017, 0.0, 0.809017, -0.309017, -0.5, 0.0, 0.0, 0.0, 0.0, 1.0 ], [ 0.809017, -0.309017, -0.5, 0.0, -0.309017, 0.5, -0.809017, 0.0, 0.5, 0.809017, 0.309017, 0.0, 0.0, 0.0, 0.0, 1.0 ], [ 0.5, 0.809017, -0.309017, 0.0, 0.809017, -0.309017, 0.5, 0.0, 0.309017, -0.5, -0.809017, 0.0, 0.0, 0.0, 0.0, 1.0 ], [ 0.309017, -0.5, -0.809017, 0.0, 0.5, 0.809017, -0.309017, 0.0, 0.809017, -0.309017, 0.5, 0.0, 0.0, 0.0, 0.0, 1.0 ], [ 0.809017, -0.309017, 0.5, 0.0, 0.309017, -0.5, -0.809017, 0.0, 0.5, 0.809017, -0.309017, 0.0, 0.0, 0.0, 0.0, 1.0 ], [ 0.809017, 0.309017, -0.5, 0.0, 0.309017, 0.5, 0.809017, 0.0, 0.5, -0.809017, 0.309017, 0.0, 0.0, 0.0, 0.0, 1.0 ], [ 0.5, -0.809017, 0.309017, 0.0, 0.809017, 0.309017, -0.5, 0.0, 0.309017, 0.5, 0.809017, 0.0, 0.0, 0.0, 0.0, 1.0 ], [ 0.309017, 0.5, 0.809017, 0.0, 0.5, -0.809017, 0.309017, 0.0, 0.809017, 0.309017, -0.5, 0.0, 0.0, 0.0, 0.0, 1.0 ], [ 1.0, 0.0, 0.0, 0.0, 0.0, -1.0, 0.0, 0.0, 0.0, 0.0, -1.0, 0.0, 0.0, 0.0, 0.0, 1.0 ], [ 0.0, 0.0, 1.0, 0.0, -1.0, 0.0, 0.0, 0.0, 0.0, -1.0, 0.0, 0.0, 0.0, 0.0, 0.0, 1.0 ], [ 0.0, 1.0, 0.0, 0.0, 0.0, 0.0, -1.0, 0.0, -1.0, 0.0, 0.0, 0.0, 0.0, 0.0, 0.0, 1.0 ], [ 0.809017, 0.309017, 0.5, 0.0, -0.309017, -0.5, 0.809017, 0.0, 0.5, -0.809017, -0.309017, 0.0, 0.0, 0.0, 0.0, 1.0 ], [ -0.5, 0.809017, 0.309017, 0.0, -0.809017, -0.309017, -0.5, 0.0, -0.309017, -0.5, 0.809017, 0.0, 0.0, 0.0, 0.0, 1.0 ], [ 0.309017, 0.5, -0.809017, 0.0, 0.5, -0.809017, -0.309017, 0.0, -0.809017, -0.309017, -0.5, 0.0, 0.0, 0.0, 0.0, 1.0 ], [ 0.5, 0.809017, 0.309017, 0.0, -0.809017, 0.309017, 0.5, 0.0, 0.309017, -0.5, 0.809017, 0.0, 0.0, 0.0, 0.0, 1.0 ], [ -0.309017, 0.5, -0.809017, 0.0, -0.5, -0.809017, -0.309017, 0.0, -0.809017, 0.309017, 0.5, 0.0, 0.0, 0.0, 0.0, 1.0 ], [ 0.809017, -0.309017, -0.5, 0.0, 0.309017, -0.5, 0.809017, 0.0, -0.5, -0.809017, -0.309017, 0.0, 0.0, 0.0, 0.0, 1.0 ], [ 0.5, 0.809017, -0.309017, 0.0, -0.809017, 0.309017, -0.5, 0.0, -0.309017, 0.5, 0.809017, 0.0, 0.0, 0.0, 0.0, 1.0 ], [ 0.309017, -0.5, -0.809017, 0.0, -0.5, -0.809017, 0.309017, 0.0, -0.809017, 0.309017, -0.5, 0.0, 0.0, 0.0, 0.0, 1.0 ], [ 0.809017, -0.309017, 0.5, 0.0, -0.309017, 0.5, 0.809017, 0.0, -0.5, -0.809017, 0.309017, 0.0, 0.0, 0.0, 0.0, 1.0 ], [ 0.809017, 0.309017, -0.5, 0.0, -0.309017, -0.5, -0.809017, 0.0, -0.5, 0.809017, -0.309017, 0.0, 0.0, 0.0, 0.0, 1.0 ], [ 0.5, -0.809017, 0.309017, 0.0, -0.809017, -0.309017, 0.5, 0.0, -0.309017, -0.5, -0.809017, 0.0, 0.0, 0.0, 0.0, 1.0 ], [ 0.309017, 0.5, 0.809017, 0.0, -0.5, 0.809017, -0.309017, 0.0, -0.809017, -0.309017, 0.5, 0.0, 0.0, 0.0, 0.0, 1.0 ], [ -1.0, 0.0, 0.0, 0.0, 0.0, -1.0, 0.0, 0.0, 0.0, 0.0, 1.0, 0.0, 0.0, 0.0, 0.0, 1.0 ], [ 0.0, 0.0, -1.0, 0.0, -1.0, 0.0, 0.0, 0.0, 0.0, 1.0, 0.0, 0.0, 0.0, 0.0, 0.0, 1.0 ], [ 0.0, -1.0, 0.0, 0.0, 0.0, 0.0, -1.0, 0.0, 1.0, 0.0, 0.0, 0.0, 0.0, 0.0, 0.0, 1.0 ], [ -0.809017, -0.309017, -0.5, 0.0, -0.309017, -0.5, 0.809017, 0.0, -0.5, 0.809017, 0.309017, 0.0, 0.0, 0.0, 0.0, 1.0 ], [ 0.5, -0.809017, -0.309017, 0.0, -0.809017, -0.309017, -0.5, 0.0, 0.309017, 0.5, -0.809017, 0.0, 0.0, 0.0, 0.0, 1.0 ], [ -0.309017, -0.5, 0.809017, 0.0, 0.5, -0.809017, -0.309017, 0.0, 0.809017, 0.309017, 0.5, 0.0, 0.0, 0.0, 0.0, 1.0 ], [ -0.5, -0.809017, -0.309017, 0.0, -0.809017, 0.309017, 0.5, 0.0, -0.309017, 0.5, -0.809017, 0.0, 0.0, 0.0, 0.0, 1.0 ], [ 0.309017, -0.5, 0.809017, 0.0, -0.5, -0.809017, -0.309017, 0.0, 0.809017, -0.309017, -0.5, 0.0, 0.0, 0.0, 0.0, 1.0 ], [ -0.809017, 0.309017, 0.5, 0.0, 0.309017, -0.5, 0.809017, 0.0, 0.5, 0.809017, 0.309017, 0.0, 0.0, 0.0, 0.0, 1.0 ], [ -0.5, -0.809017, 0.309017, 0.0, -0.809017, 0.309017, -0.5, 0.0, 0.309017, -0.5, -0.809017, 0.0, 0.0, 0.0, 0.0, 1.0 ], [ -0.309017, 0.5, 0.809017, 0.0, -0.5, -0.809017, 0.309017, 0.0, 0.809017, -0.309017, 0.5, 0.0, 0.0, 0.0, 0.0, 1.0 ], [ -0.809017, 0.309017, -0.5, 0.0, -0.309017, 0.5, 0.809017, 0.0, 0.5, 0.809017, -0.309017, 0.0, 0.0, 0.0, 0.0, 1.0 ], [ -0.809017, -0.309017, 0.5, 0.0, -0.309017, -0.5, -0.809017, 0.0, 0.5, -0.809017, 0.309017, 0.0, 0.0, 0.0, 0.0, 1.0 ], [ -0.5, 0.809017, -0.309017, 0.0, -0.809017, -0.309017, 0.5, 0.0, 0.309017, 0.5, 0.809017, 0.0, 0.0, 0.0, 0.0, 1.0 ], [ -0.309017, -0.5, -0.809017, 0.0, -0.5, 0.809017, -0.309017, 0.0, 0.809017, 0.309017, -0.5, 0.0, 0.0, 0.0, 0.0, 1.0 ], [ -1.0, 0.0, 0.0, 0.0, 0.0, 1.0, 0.0, 0.0, 0.0, 0.0, -1.0, 0.0, 0.0, 0.0, 0.0, 1.0 ], [ 0.0, 0.0, -1.0, 0.0, 1.0, 0.0, 0.0, 0.0, 0.0, -1.0, 0.0, 0.0, 0.0, 0.0, 0.0, 1.0 ], [ 0.0, -1.0, 0.0, 0.0, 0.0, 0.0, 1.0, 0.0, -1.0, 0.0, 0.0, 0.0, 0.0, 0.0, 0.0, 1.0 ], [ -0.809017, -0.309017, -0.5, 0.0, 0.309017, 0.5, -0.809017, 0.0, 0.5, -0.809017, -0.309017, 0.0, 0.0, 0.0, 0.0, 1.0 ], [ 0.5, -0.809017, -0.309017, 0.0, 0.809017, 0.309017, 0.5, 0.0, -0.309017, -0.5, 0.809017, 0.0, 0.0, 0.0, 0.0, 1.0 ], [ -0.309017, -0.5, 0.809017, 0.0, -0.5, 0.809017, 0.309017, 0.0, -0.809017, -0.309017, -0.5, 0.0, 0.0, 0.0, 0.0, 1.0 ], [ -0.5, -0.809017, -0.309017, 0.0, 0.809017, -0.309017, -0.5, 0.0, 0.309017, -0.5, 0.809017, 0.0, 0.0, 0.0, 0.0, 1.0 ], [ 0.309017, -0.5, 0.809017, 0.0, 0.5, 0.809017, 0.309017, 0.0, -0.809017, 0.309017, 0.5, 0.0, 0.0, 0.0, 0.0, 1.0 ], [ -0.809017, 0.309017, 0.5, 0.0, -0.309017, 0.5, -0.809017, 0.0, -0.5, -0.809017, -0.309017, 0.0, 0.0, 0.0, 0.0, 1.0 ], [ -0.5, -0.809017, 0.309017, 0.0, 0.809017, -0.309017, 0.5, 0.0, -0.309017, 0.5, 0.809017, 0.0, 0.0, 0.0, 0.0, 1.0 ], [ -0.309017, 0.5, 0.809017, 0.0, 0.5, 0.809017, -0.309017, 0.0, -0.809017, 0.309017, -0.5, 0.0, 0.0, 0.0, 0.0, 1.0 ], [ -0.809017, 0.309017, -0.5, 0.0, 0.309017, -0.5, -0.809017, 0.0, -0.5, -0.809017, 0.309017, 0.0, 0.0, 0.0, 0.0, 1.0 ], [ -0.809017, -0.309017, 0.5, 0.0, 0.309017, 0.5, 0.809017, 0.0, -0.5, 0.809017, -0.309017, 0.0, 0.0, 0.0, 0.0, 1.0 ], [ -0.5, 0.809017, -0.309017, 0.0, 0.809017, 0.309017, -0.5, 0.0, -0.309017, -0.5, -0.809017, 0.0, 0.0, 0.0, 0.0, 1.0 ], [ -0.309017, -0.5, -0.809017, 0.0, 0.5, -0.809017, 0.309017, 0.0, -0.809017, -0.309017, 0.5, 0.0, 0.0, 0.0, 0.0, 1.0 ] ],
  "lights" : {
    "ambientColor" : "#292929",
    "backgroundColor" : "#AFC8DC",
    "directionalLights" : [ {
      "direction" : {
        "x" : 1.0,
        "y" : -1.0,
        "z" : -1.0
      },
      "color" : "#EBEBE4"
    }, {
      "direction" : {
        "x" : -1.0,
        "y" : 0.0,
        "z" : 0.0
      },
      "color" : "#E4E4EB"
    }, {
      "direction" : {
        "x" : 0.0,
        "y" : 0.0,
        "z" : -1.0
      },
      "color" : "#1E1E1E"
    } ]
  },
  "camera" : {
    "lookDirection" : {
      "x" : 0.0,
      "y" : 0.0,
      "z" : -1.0
    },
    "upDirection" : {
      "x" : 0.0,
      "y" : 1.0,
      "z" : 0.0
    },
    "lookAtPoint" : {
      "x" : 0.0,
      "y" : 0.0,
      "z" : 0.0
    },
    "perspective" : false,
    "viewDistance" : 346.84546,
    "nearClipDistance" : 0.86711276,
    "farClipDistance" : 693.6927,
    "fieldOfView" : 0.44262987,
    "stereo" : false,
    "width" : 156.08081,
    "position" : {
      "x" : 0.0,
      "y" : 0.0,
      "z" : 346.84546
    }
  },
  "embedding" : [ 1.0, 0.0, 0.0, 0.0, 0.0, 1.0, 0.0, 0.0, 0.0, 0.0, 1.0, 0.0, 0.0, 0.0, 0.0, 1.0 ],
  "shapes" : [ {
    "id" : "8859b5e1-fdcb-49ab-b315-a51b9ef8e040",
    "vertices" : [ {
      "x" : 33.388542,
      "y" : 8.354102,
      "z" : -3.118034
    }, {
      "x" : 1.190983,
      "y" : 0.0,
      "z" : 0.072949015
    }, {
      "x" : 1.190983,
      "y" : 0.0,
      "z" : -0.309017
    }, {
      "x" : 33.388542,
      "y" : 8.354102,
      "z" : -3.5
    }, {
      "x" : 34.12461,
      "y" : 8.854102,
      "z" : -3.381966
    }, {
      "x" : 1.190983,
      "y" : 0.618034,
      "z" : -0.309017
    }, {
      "x" : 33.388542,
      "y" : 8.972136,
      "z" : -3.5
    }, {
      "x" : 33.388542,
      "y" : 8.972136,
      "z" : -3.118034
    }, {
      "x" : 1.190983,
      "y" : 0.618034,
      "z" : 0.072949015
    }, {
      "x" : 0.45491502,
      "y" : 0.11803399,
      "z" : -0.045084972
    }, {
      "x" : 34.579525,
      "y" : 8.972136,
      "z" : -3.427051
    } ],
    "faces" : [ {
      "vertices" : [ 2, 5, 6 ]
    }, {
      "vertices" : [ 2, 6, 3 ]
    }, {
      "vertices" : [ 0, 7, 8 ]
    }, {
      "vertices" : [ 0, 8, 1 ]
    }, {
      "vertices" : [ 2, 9, 5 ]
    }, {
      "vertices" : [ 4, 6, 7 ]
    }, {
      "vertices" : [ 1, 8, 9 ]
    }, {
      "vertices" : [ 0, 1, 2 ]
    }, {
      "vertices" : [ 0, 2, 3 ]
    }, {
      "vertices" : [ 5, 9, 8 ]
    }, {
      "vertices" : [ 0, 3, 4 ]
    }, {
      "vertices" : [ 5, 8, 7 ]
    }, {
      "vertices" : [ 5, 7, 6 ]
    }, {
      "vertices" : [ 0, 4, 7 ]
    }, {
      "vertices" : [ 1, 9, 2 ]
    }, {
      "vertices" : [ 3, 6, 4 ]
    } ]
  }, {
    "id" : "d78bae78-7d20-4871-b615-7048e9f14ae4",
    "vertices" : [ {
      "x" : 31.806984,
      "y" : -10.031153,
      "z" : 7.2586102
    }, {
      "x" : 26.2619,
      "y" : -19.003288,
      "z" : 10.685661
    }, {
      "x" : 29.034441,
      "y" : -17.944271,
      "z" : 0.0
    } ],
    "faces" : [ {
      "vertices" : [ 0, 1, 2 ]
    }, {
      "vertices" : [ 0, 2, 1 ]
    } ]
  }, {
    "id" : "c27617fe-09be-4217-8eb0-7942212c2672",
    "vertices" : [ {
      "x" : 11.424243,
      "y" : 33.058033,
      "z" : -4.7774267
    }, {
      "x" : 11.324243,
      "y" : 32.95803,
      "z" : -5.1774263
    }, {
      "x" : 0.3204355,
      "y" : 0.4624787,
      "z" : -0.36314997
    }, {
      "x" : 0.4204355,
      "y" : 0.5624787,
      "z" : 0.036850017
    }, {
      "x" : 11.624243,
      "y" : 32.724697,
      "z" : -5.31076
    }, {
      "x" : 11.724243,
      "y" : 32.8247,
      "z" : -4.91076
    }, {
      "x" : 0.12043549,
      "y" : 0.7958121,
      "z" : 0.17018335
    }, {
      "x" : 0.020435493,
      "y" : 0.69581205,
      "z" : -0.22981665
    } ],
    "faces" : [ {
      "vertices" : [ 2, 3, 6 ]
    }, {
      "vertices" : [ 2, 6, 7 ]
    }, {
      "vertices" : [ 0, 5, 4 ]
    }, {
      "vertices" : [ 0, 4, 1 ]
    }, {
      "vertices" : [ 2, 4, 5 ]
    }, {
      "vertices" : [ 2, 5, 3 ]
    }, {
      "vertices" : [ 0, 6, 3 ]
    }, {
      "vertices" : [ 0, 3, 5 ]
    }, {
      "vertices" : [ 0, 1, 7 ]
    }, {
      "vertices" : [ 0, 7, 6 ]
    }, {
      "vertices" : [ 1, 4, 2 ]
    }, {
      "vertices" : [ 1, 2, 7 ]
    } ]
  }, {
    "id" : "7d32812d-a4de-4492-a34d-0407da299b5c",
    "vertices" : [ {
      "x" : 0.309017,
      "y" : -0.309017,
      "z" : -0.309017
    }, {
      "x" : 0.5,
      "y" : 0.0,
      "z" : -0.19098301
    }, {
      "x" : 0.5,
      "y" : 0.0,
      "z" : 0.19098301
    }, {
      "x" : 0.309017,
      "y" : -0.309017,
      "z" : 0.309017
    }, {
      "x" : 0.19098301,
      "y" : -0.5,
      "z" : 0.0
    }, {
      "x" : 0.0,
      "y" : 0.19098301,
      "z" : 0.5
    }, {
      "x" : 0.0,
      "y" : -0.19098301,
      "z" : 0.5
    }, {
      "x" : 0.309017,
      "y" : 0.309017,
      "z" : 0.309017
    }, {
      "x" : -0.309017,
      "y" : -0.309017,
      "z" : 0.309017
    }, {
      "x" : -0.309017,
      "y" : 0.309017,
      "z" : 0.309017
    }, {
      "x" : -0.5,
      "y" : 0.0,
      "z" : 0.19098301
    }, {
      "x" : 0.0,
      "y" : -0.19098301,
      "z" : -0.5
    }, {
      "x" : 0.0,
      "y" : 0.19098301,
      "z" : -0.5
    }, {
      "x" : 0.309017,
      "y" : 0.309017,
      "z" : -0.309017
    }, {
      "x" : -0.309017,
      "y" : -0.309017,
      "z" : -0.309017
    }, {
      "x" : -0.19098301,
      "y" : -0.5,
      "z" : 0.0
    }, {
      "x" : -0.5,
      "y" : 0.0,
      "z" : -0.19098301
    }, {
      "x" : 0.19098301,
      "y" : 0.5,
      "z" : 0.0
    }, {
      "x" : -0.309017,
      "y" : 0.309017,
      "z" : -0.309017
    }, {
      "x" : 0.0,
      "y" : 0.0,
      "z" : 0.0
    }, {
      "x" : -0.19098301,
      "y" : 0.5,
      "z" : 0.0
    } ],
    "faces" : [ {
      "vertices" : [ 12, 18, 20 ]
    }, {
      "vertices" : [ 12, 20, 17 ]
    }, {
      "vertices" : [ 12, 17, 13 ]
    }, {
      "vertices" : [ 3, 6, 8 ]
    }, {
      "vertices" : [ 3, 8, 15 ]
    }, {
      "vertices" : [ 3, 15, 4 ]
    }, {
      "vertices" : [ 0, 11, 12 ]
    }, {
      "vertices" : [ 0, 12, 13 ]
    }, {
      "vertices" : [ 0, 13, 1 ]
    }, {
      "vertices" : [ 5, 9, 10 ]
    }, {
      "vertices" : [ 5, 10, 8 ]
    }, {
      "vertices" : [ 5, 8, 6 ]
    }, {
      "vertices" : [ 2, 7, 5 ]
    }, {
      "vertices" : [ 2, 5, 6 ]
    }, {
      "vertices" : [ 2, 6, 3 ]
    }, {
      "vertices" : [ 11, 14, 16 ]
    }, {
      "vertices" : [ 11, 16, 18 ]
    }, {
      "vertices" : [ 11, 18, 12 ]
    }, {
      "vertices" : [ 1, 13, 17 ]
    }, {
      "vertices" : [ 1, 17, 7 ]
    }, {
      "vertices" : [ 1, 7, 2 ]
    }, {
      "vertices" : [ 9, 20, 18 ]
    }, {
      "vertices" : [ 9, 18, 16 ]
    }, {
      "vertices" : [ 9, 16, 10 ]
    }, {
      "vertices" : [ 0, 1, 2 ]
    }, {
      "vertices" : [ 0, 2, 3 ]
    }, {
      "vertices" : [ 0, 3, 4 ]
    }, {
      "vertices" : [ 5, 7, 17 ]
    }, {
      "vertices" : [ 5, 17, 20 ]
    }, {
      "vertices" : [ 5, 20, 9 ]
    }, {
      "vertices" : [ 0, 4, 15 ]
    }, {
      "vertices" : [ 0, 15, 14 ]
    }, {
      "vertices" : [ 0, 14, 11 ]
    }, {
      "vertices" : [ 8, 10, 16 ]
    }, {
      "vertices" : [ 8, 16, 14 ]
    }, {
      "vertices" : [ 8, 14, 15 ]
    } ]
  }, {
    "id" : "448046b5-0e7a-4728-8a6e-1baa2fcd7e44",
    "vertices" : [ {
      "x" : -6.219227,
      "y" : -30.893225,
      "z" : -15.733076
    }, {
      "x" : -5.8192267,
      "y" : -30.993225,
      "z" : -15.8330765
    }, {
      "x" : 0.019633465,
      "y" : -0.5092513,
      "z" : -0.4976701
    }, {
      "x" : -0.38036653,
      "y" : -0.4092513,
      "z" : -0.39767012
    }, {
      "x" : -5.9525604,
      "y" : -30.759892,
      "z" : -16.133076
    }, {
      "x" : -6.35256,
      "y" : -30.659891,
      "z" : -16.033077
    }, {
      "x" : -0.24703321,
      "y" : -0.6425846,
      "z" : -0.097670116
    }, {
      "x" : 0.1529668,
      "y" : -0.74258465,
      "z" : -0.19767012
    } ],
    "faces" : [ {
      "vertices" : [ 2, 3, 6 ]
    }, {
      "vertices" : [ 2, 6, 7 ]
    }, {
      "vertices" : [ 0, 5, 4 ]
    }, {
      "vertices" : [ 0, 4, 1 ]
    }, {
      "vertices" : [ 2, 4, 5 ]
    }, {
      "vertices" : [ 2, 5, 3 ]
    }, {
      "vertices" : [ 0, 6, 3 ]
    }, {
      "vertices" : [ 0, 3, 5 ]
    }, {
      "vertices" : [ 0, 1, 7 ]
    }, {
      "vertices" : [ 0, 7, 6 ]
    }, {
      "vertices" : [ 1, 4, 2 ]
    }, {
      "vertices" : [ 1, 2, 7 ]
    } ]
  }, {
    "id" : "4926ca21-65b4-48f4-b0ed-4a31fa58de4f",
    "vertices" : [ {
      "x" : 12.300857,
      "y" : 22.313646,
      "z" : -24.262232
    }, {
      "x" : 12.700857,
      "y" : 22.213646,
      "z" : -24.162231
    }, {
      "x" : 0.5028386,
      "y" : 0.5212026,
      "z" : -0.28614298
    }, {
      "x" : 0.1028386,
      "y" : 0.62120265,
      "z" : -0.38614297
    }, {
      "x" : 12.83419,
      "y" : 22.513645,
      "z" : -23.928898
    }, {
      "x" : 12.43419,
      "y" : 22.613646,
      "z" : -24.028898
    }, {
      "x" : -0.030494737,
      "y" : 0.32120264,
      "z" : -0.6194763
    }, {
      "x" : 0.36950526,
      "y" : 0.22120263,
      "z" : -0.5194763
    } ],
    "faces" : [ {
      "vertices" : [ 2, 3, 6 ]
    }, {
      "vertices" : [ 2, 6, 7 ]
    }, {
      "vertices" : [ 0, 5, 4 ]
    }, {
      "vertices" : [ 0, 4, 1 ]
    }, {
      "vertices" : [ 2, 4, 5 ]
    }, {
      "vertices" : [ 2, 5, 3 ]
    }, {
      "vertices" : [ 0, 6, 3 ]
    }, {
      "vertices" : [ 0, 3, 5 ]
    }, {
      "vertices" : [ 0, 1, 7 ]
    }, {
      "vertices" : [ 0, 7, 6 ]
    }, {
      "vertices" : [ 1, 4, 2 ]
    }, {
      "vertices" : [ 1, 2, 7 ]
    } ]
  }, {
    "id" : "aeec9bf0-fd68-4dff-af2c-73c9a4d60c49",
    "vertices" : [ {
      "x" : 32.461494,
      "y" : -8.972136,
      "z" : 5.545085
    }, {
      "x" : 29.034441,
      "y" : -17.944271,
      "z" : 0.0
    }, {
      "x" : 32.461494,
      "y" : -8.972136,
      "z" : -5.545085
    } ],
    "faces" : [ {
      "vertices" : [ 0, 1, 2 ]
    }, {
      "vertices" : [ 0, 2, 1 ]
    } ]
  }, {
    "id" : "ca1898e1-5c57-4756-98ff-b52ac425e45f",
    "vertices" : [ {
      "x" : 1.0,
      "y" : 0.309017,
      "z" : 0.19098301
    }, {
      "x" : 1.0,
      "y" : -0.309017,
      "z" : 0.19098301
    }, {
      "x" : 34.888542,
      "y" : -0.309017,
      "z" : 0.19098301
    }, {
      "x" : 34.888542,
      "y" : 0.309017,
      "z" : 0.19098301
    }, {
      "x" : 34.888542,
      "y" : -0.309017,
      "z" : -0.19098301
    }, {
      "x" : 34.888542,
      "y" : 0.309017,
      "z" : -0.19098301
    }, {
      "x" : 35.506577,
      "y" : 0.0,
      "z" : 0.0
    }, {
      "x" : 0.38196602,
      "y" : 0.0,
      "z" : 0.0
    }, {
      "x" : 1.0,
      "y" : 0.309017,
      "z" : -0.19098301
    }, {
      "x" : 1.0,
      "y" : -0.309017,
      "z" : -0.19098301
    }, {
      "x" : 35.888542,
      "y" : 0.0,
      "z" : 0.0
    } ],
    "faces" : [ {
      "vertices" : [ 1, 9, 4 ]
    }, {
      "vertices" : [ 1, 4, 2 ]
    }, {
      "vertices" : [ 0, 3, 5 ]
    }, {
      "vertices" : [ 0, 5, 8 ]
    }, {
      "vertices" : [ 1, 7, 9 ]
    }, {
      "vertices" : [ 0, 1, 2 ]
    }, {
      "vertices" : [ 0, 2, 3 ]
    }, {
      "vertices" : [ 7, 8, 9 ]
    }, {
      "vertices" : [ 0, 7, 1 ]
    }, {
      "vertices" : [ 4, 9, 8 ]
    }, {
      "vertices" : [ 4, 8, 5 ]
    }, {
      "vertices" : [ 2, 6, 3 ]
    }, {
      "vertices" : [ 2, 4, 6 ]
    }, {
      "vertices" : [ 3, 6, 5 ]
    }, {
      "vertices" : [ 4, 5, 6 ]
    }, {
      "vertices" : [ 0, 8, 7 ]
    } ]
  }, {
    "id" : "3fff99c7-1f83-4b3f-b36b-3b387d0cce72",
    "vertices" : [ {
      "x" : -7.2586102,
      "y" : -31.806984,
      "z" : -10.031153
    }, {
      "x" : -10.685661,
      "y" : -26.2619,
      "z" : -19.003288
    }, {
      "x" : 0.0,
      "y" : -29.034441,
      "z" : -17.944271
    } ],
    "faces" : [ {
      "vertices" : [ 0, 1, 2 ]
    }, {
      "vertices" : [ 0, 2, 1 ]
    } ]
  }, {
    "id" : "b1a3fb66-e631-4b3c-9079-f8247902f6a0",
    "vertices" : [ {
      "x" : 34.593933,
      "y" : 6.271629,
      "z" : -1.8124869
    }, {
      "x" : 34.693935,
      "y" : 6.3716288,
      "z" : -1.4124868
    }, {
      "x" : 0.64010066,
      "y" : 0.33247316,
      "z" : 0.098961346
    }, {
      "x" : 0.54010063,
      "y" : 0.23247315,
      "z" : -0.30103865
    }, {
      "x" : 34.4606,
      "y" : 6.671629,
      "z" : -1.5458201
    }, {
      "x" : 34.3606,
      "y" : 6.571629,
      "z" : -1.9458202
    }, {
      "x" : 0.773434,
      "y" : -0.067526855,
      "z" : -0.16770533
    }, {
      "x" : 0.873434,
      "y" : 0.032473143,
      "z" : 0.23229468
    } ],
    "faces" : [ {
      "vertices" : [ 2, 3, 6 ]
    }, {
      "vertices" : [ 2, 6, 7 ]
    }, {
      "vertices" : [ 0, 5, 4 ]
    }, {
      "vertices" : [ 0, 4, 1 ]
    }, {
      "vertices" : [ 2, 4, 5 ]
    }, {
      "vertices" : [ 2, 5, 3 ]
    }, {
      "vertices" : [ 0, 6, 3 ]
    }, {
      "vertices" : [ 0, 3, 5 ]
    }, {
      "vertices" : [ 0, 1, 7 ]
    }, {
      "vertices" : [ 0, 7, 6 ]
    }, {
      "vertices" : [ 1, 4, 2 ]
    }, {
      "vertices" : [ 1, 2, 7 ]
    } ]
  }, {
    "id" : "cd29e719-569f-43ff-bde6-cca962075d06",
    "vertices" : [ {
      "x" : 20.062305,
      "y" : -14.5172205,
      "z" : 23.489357
    }, {
      "x" : 16.230747,
      "y" : -17.289762,
      "z" : 24.548374
    }, {
      "x" : 14.5172205,
      "y" : -20.062305,
      "z" : 23.489357
    }, {
      "x" : 14.5172205,
      "y" : -23.489357,
      "z" : 20.062305
    }, {
      "x" : 17.289762,
      "y" : -24.548374,
      "z" : 16.230747
    }, {
      "x" : 20.062305,
      "y" : -23.489357,
      "z" : 14.5172205
    }, {
      "x" : 23.489357,
      "y" : -20.062305,
      "z" : 14.5172205
    }, {
      "x" : 24.548374,
      "y" : -16.230747,
      "z" : 17.289762
    }, {
      "x" : 23.489357,
      "y" : -14.5172205,
      "z" : 20.062305
    } ],
    "faces" : [ {
      "vertices" : [ 0, 1, 2 ]
    }, {
      "vertices" : [ 0, 2, 3 ]
    }, {
      "vertices" : [ 0, 3, 4 ]
    }, {
      "vertices" : [ 0, 4, 5 ]
    }, {
      "vertices" : [ 0, 5, 6 ]
    }, {
      "vertices" : [ 0, 6, 7 ]
    }, {
      "vertices" : [ 0, 7, 8 ]
    }, {
      "vertices" : [ 0, 8, 7 ]
    }, {
      "vertices" : [ 0, 7, 6 ]
    }, {
      "vertices" : [ 0, 6, 5 ]
    }, {
      "vertices" : [ 0, 5, 4 ]
    }, {
      "vertices" : [ 0, 4, 3 ]
    }, {
      "vertices" : [ 0, 3, 2 ]
    }, {
      "vertices" : [ 0, 2, 1 ]
    } ]
  }, {
    "id" : "221c9e56-fc2d-474a-a56c-88b2d4910682",
    "vertices" : [ {
      "x" : 7.2586102,
      "y" : 31.806984,
      "z" : 10.031153
    }, {
      "x" : 10.685661,
      "y" : 26.2619,
      "z" : 19.003288
    }, {
      "x" : 17.289762,
      "y" : 24.548374,
      "z" : 16.230747
    }, {
      "x" : 13.458204,
      "y" : 30.747967,
      "z" : 6.1995935
    } ],
    "faces" : [ {
      "vertices" : [ 0, 1, 2 ]
    }, {
      "vertices" : [ 0, 2, 3 ]
    }, {
      "vertices" : [ 0, 3, 2 ]
    }, {
      "vertices" : [ 0, 2, 1 ]
    } ]
  }, {
    "id" : "e47403a3-17c6-4109-98de-214ed0fecf5a",
    "vertices" : [ {
      "x" : 8.972136,
      "y" : 5.545085,
      "z" : 32.461494
    }, {
      "x" : 17.944271,
      "y" : 0.0,
      "z" : 29.034441
    }, {
      "x" : 10.031153,
      "y" : 7.2586102,
      "z" : 31.806984
    } ],
    "faces" : [ {
      "vertices" : [ 0, 1, 2 ]
    }, {
      "vertices" : [ 0, 2, 1 ]
    } ]
  }, {
    "id" : "fb676cb8-6859-40c0-8b11-d2fc7ab6ffc0",
    "vertices" : [ {
      "x" : 5.545085,
      "y" : 32.461494,
      "z" : 8.972136
    }, {
      "x" : 0.0,
      "y" : 29.034441,
      "z" : 17.944271
    }, {
      "x" : 7.2586102,
      "y" : 31.806984,
      "z" : 10.031153
    } ],
    "faces" : [ {
      "vertices" : [ 0, 1, 2 ]
    }, {
      "vertices" : [ 0, 2, 1 ]
    } ]
  }, {
    "id" : "36893363-980d-460f-90aa-a14b34e60779",
    "vertices" : [ {
      "x" : -1.7135255,
      "y" : -6.1995935,
      "z" : -33.52051
    }, {
      "x" : -1.7135255,
      "y" : 6.1995935,
      "z" : -33.52051
    }, {
      "x" : 1.7135255,
      "y" : 6.1995935,
      "z" : -33.52051
    }, {
      "x" : 1.7135255,
      "y" : -6.1995935,
      "z" : -33.52051
    } ],
    "faces" : [ {
      "vertices" : [ 0, 1, 2 ]
    }, {
      "vertices" : [ 0, 2, 3 ]
    }, {
      "vertices" : [ 0, 3, 2 ]
    }, {
      "vertices" : [ 0, 2, 1 ]
    } ]
  }, {
    "id" : "028185de-14db-405a-9250-19767f442602",
    "vertices" : [ {
      "x" : 10.685661,
      "y" : 26.2619,
      "z" : -19.003288
    }, {
      "x" : 17.289762,
      "y" : 24.548374,
      "z" : -16.230747
    }, {
      "x" : 14.5172205,
      "y" : 23.489357,
      "z" : -20.062305
    } ],
    "faces" : [ {
      "vertices" : [ 0, 1, 2 ]
    }, {
      "vertices" : [ 0, 2, 1 ]
    } ]
  }, {
    "id" : "956a2c55-1b45-4b90-8539-edfc55fac1d1",
    "vertices" : [ {
      "x" : -26.2619,
      "y" : -19.003288,
      "z" : 10.685661
    }, {
      "x" : -25.202883,
      "y" : -20.716814,
      "z" : 10.031153
    }, {
      "x" : -23.489357,
      "y" : -20.062305,
      "z" : 14.5172205
    } ],
    "faces" : [ {
      "vertices" : [ 0, 1, 2 ]
    }, {
      "vertices" : [ 0, 2, 1 ]
    } ]
  }, {
    "id" : "f1c19829-52f7-43de-87a7-a4c3bd802eae",
    "vertices" : [ {
      "x" : 0.0,
      "y" : 17.944271,
      "z" : -29.034441
    }, {
      "x" : -1.059017,
      "y" : 21.775831,
      "z" : -26.2619
    }, {
      "x" : 1.059017,
      "y" : 21.775831,
      "z" : -26.2619
    } ],
    "faces" : [ {
      "vertices" : [ 0, 1, 2 ]
    }, {
      "vertices" : [ 0, 2, 1 ]
    } ]
  }, {
    "id" : "f010def0-a1ac-463e-bd9b-5fd30ad07807",
    "vertices" : [ {
      "x" : 20.062305,
      "y" : -14.5172205,
      "z" : -23.489357
    }, {
      "x" : 20.716814,
      "y" : -10.031153,
      "z" : -25.202883
    }, {
      "x" : 23.489357,
      "y" : -14.5172205,
      "z" : -20.062305
    } ],
    "faces" : [ {
      "vertices" : [ 0, 1, 2 ]
    }, {
      "vertices" : [ 0, 2, 1 ]
    } ]
  }, {
    "id" : "42d80832-7753-42ed-99a5-5f531282ca68",
    "vertices" : [ {
      "x" : -21.775831,
      "y" : -26.2619,
      "z" : 1.059017
    }, {
      "x" : -16.230747,
      "y" : -29.68895,
      "z" : 4.486068
    }, {
      "x" : -20.062305,
      "y" : -23.489357,
      "z" : 14.5172205
    }, {
      "x" : -25.202883,
      "y" : -20.716814,
      "z" : 10.031153
    } ],
    "faces" : [ {
      "vertices" : [ 0, 1, 2 ]
    }, {
      "vertices" : [ 0, 2, 3 ]
    }, {
      "vertices" : [ 0, 3, 2 ]
    }, {
      "vertices" : [ 0, 2, 1 ]
    } ]
  }, {
    "id" : "8e962748-ec22-4811-be3d-03faaa85c932",
    "vertices" : [ {
      "x" : 7.2586102,
      "y" : -31.806984,
      "z" : 10.031153
    }, {
      "x" : 8.972136,
      "y" : -32.461494,
      "z" : 5.545085
    }, {
      "x" : 13.458204,
      "y" : -30.747967,
      "z" : 6.1995935
    } ],
    "faces" : [ {
      "vertices" : [ 0, 1, 2 ]
    }, {
      "vertices" : [ 0, 2, 1 ]
    } ]
  }, {
    "id" : "8cb9f421-1bce-4b3f-b198-08ee6927d914",
    "vertices" : [ {
      "x" : -29.034441,
      "y" : 17.944271,
      "z" : 0.0
    }, {
      "x" : -26.2619,
      "y" : 19.003288,
      "z" : 10.685661
    }, {
      "x" : -25.202883,
      "y" : 20.716814,
      "z" : 10.031153
    } ],
    "faces" : [ {
      "vertices" : [ 0, 1, 2 ]
    }, {
      "vertices" : [ 0, 2, 1 ]
    } ]
  }, {
    "id" : "e0b9bfed-8b32-49d7-9c0e-6f16782e98b2",
    "vertices" : [ {
      "x" : 6.1995935,
      "y" : 33.52051,
      "z" : -1.7135255
    }, {
      "x" : -6.1995935,
      "y" : 33.52051,
      "z" : -1.7135255
    }, {
      "x" : -6.1995935,
      "y" : 33.52051,
      "z" : 1.7135255
    }, {
      "x" : 6.1995935,
      "y" : 33.52051,
      "z" : 1.7135255
    } ],
    "faces" : [ {
      "vertices" : [ 0, 1, 2 ]
    }, {
      "vertices" : [ 0, 2, 3 ]
    }, {
      "vertices" : [ 0, 3, 2 ]
    }, {
      "vertices" : [ 0, 2, 1 ]
    } ]
  }, {
    "id" : "c708b7f6-8e72-482b-94b5-d9c198d6fd7c",
    "vertices" : [ {
      "x" : 24.548374,
      "y" : 16.230747,
      "z" : 17.289762
    }, {
      "x" : 23.489357,
      "y" : 20.062305,
      "z" : 14.5172205
    }, {
      "x" : 20.062305,
      "y" : 23.489357,
      "z" : 14.5172205
    }, {
      "x" : 17.289762,
      "y" : 24.548374,
      "z" : 16.230747
    }, {
      "x" : 14.5172205,
      "y" : 23.489357,
      "z" : 20.062305
    }, {
      "x" : 14.5172205,
      "y" : 20.062305,
      "z" : 23.489357
    }, {
      "x" : 16.230747,
      "y" : 17.289762,
      "z" : 24.548374
    }, {
      "x" : 20.062305,
      "y" : 14.5172205,
      "z" : 23.489357
    }, {
      "x" : 23.489357,
      "y" : 14.5172205,
      "z" : 20.062305
    } ],
    "faces" : [ {
      "vertices" : [ 0, 1, 2 ]
    }, {
      "vertices" : [ 0, 2, 3 ]
    }, {
      "vertices" : [ 0, 3, 4 ]
    }, {
      "vertices" : [ 0, 4, 5 ]
    }, {
      "vertices" : [ 0, 5, 6 ]
    }, {
      "vertices" : [ 0, 6, 7 ]
    }, {
      "vertices" : [ 0, 7, 8 ]
    }, {
      "vertices" : [ 0, 8, 7 ]
    }, {
      "vertices" : [ 0, 7, 6 ]
    }, {
      "vertices" : [ 0, 6, 5 ]
    }, {
      "vertices" : [ 0, 5, 4 ]
    }, {
      "vertices" : [ 0, 4, 3 ]
    }, {
      "vertices" : [ 0, 3, 2 ]
    }, {
      "vertices" : [ 0, 2, 1 ]
    } ]
  }, {
    "id" : "8e16ea2b-80d6-47e9-941c-4db7b945099b",
    "vertices" : [ {
      "x" : -20.716814,
      "y" : 10.031153,
      "z" : 25.202883
    }, {
      "x" : -26.2619,
      "y" : 1.059017,
      "z" : 21.775831
    }, {
      "x" : -17.944271,
      "y" : 0.0,
      "z" : 29.034441
    } ],
    "faces" : [ {
      "vertices" : [ 0, 1, 2 ]
    }, {
      "vertices" : [ 0, 2, 1 ]
    } ]
  }, {
    "id" : "2e95ddfb-e6e6-4805-ad21-5e156f3e3f5f",
    "vertices" : [ {
      "x" : -8.972136,
      "y" : 5.545085,
      "z" : 32.461494
    }, {
      "x" : -10.031153,
      "y" : 7.2586102,
      "z" : 31.806984
    }, {
      "x" : -17.944271,
      "y" : 0.0,
      "z" : 29.034441
    } ],
    "faces" : [ {
      "vertices" : [ 0, 1, 2 ]
    }, {
      "vertices" : [ 0, 2, 1 ]
    } ]
  }, {
    "id" : "df7282ff-5af1-4e5d-bfaa-857f6be0b38a",
    "vertices" : [ {
      "x" : -29.034441,
      "y" : 17.944271,
      "z" : 0.0
    }, {
      "x" : -25.202883,
      "y" : 20.716814,
      "z" : -10.031153
    }, {
      "x" : -26.2619,
      "y" : 19.003288,
      "z" : -10.685661
    } ],
    "faces" : [ {
      "vertices" : [ 0, 1, 2 ]
    }, {
      "vertices" : [ 0, 2, 1 ]
    } ]
  }, {
    "id" : "a8690abd-2a3d-4de0-a383-73ebc7ea6265",
    "vertices" : [ {
      "x" : -8.972136,
      "y" : 5.545085,
      "z" : 32.461494
    }, {
      "x" : -5.545085,
      "y" : 8.972136,
      "z" : 32.461494
    }, {
      "x" : -10.031153,
      "y" : 7.2586102,
      "z" : 31.806984
    } ],
    "faces" : [ {
      "vertices" : [ 0, 1, 2 ]
    }, {
      "vertices" : [ 0, 2, 1 ]
    } ]
  }, {
    "id" : "5bd4bc7a-4e04-4026-ad50-43cdf7b00d39",
    "vertices" : [ {
      "x" : -20.062305,
      "y" : 14.5172205,
      "z" : 23.489357
    }, {
      "x" : -23.489357,
      "y" : 14.5172205,
      "z" : 20.062305
    }, {
      "x" : -20.716814,
      "y" : 10.031153,
      "z" : 25.202883
    } ],
    "faces" : [ {
      "vertices" : [ 0, 1, 2 ]
    }, {
      "vertices" : [ 0, 2, 1 ]
    } ]
  }, {
    "id" : "5ea191da-ebec-4c21-ae04-c5577c23bc6c",
    "vertices" : [ {
      "x" : 29.034441,
      "y" : 17.944271,
      "z" : 0.0
    }, {
      "x" : 21.775831,
      "y" : 26.2619,
      "z" : -1.059017
    }, {
      "x" : 21.775831,
      "y" : 26.2619,
      "z" : 1.059017
    } ],
    "faces" : [ {
      "vertices" : [ 0, 1, 2 ]
    }, {
      "vertices" : [ 0, 2, 1 ]
    } ]
  }, {
    "id" : "0e7bfa1a-08fc-4d31-ba18-3acbb6aea9e5",
    "vertices" : [ {
      "x" : 17.289762,
      "y" : 24.548374,
      "z" : 16.230747
    }, {
      "x" : 10.685661,
      "y" : 26.2619,
      "z" : 19.003288
    }, {
      "x" : 14.5172205,
      "y" : 23.489357,
      "z" : 20.062305
    } ],
    "faces" : [ {
      "vertices" : [ 0, 1, 2 ]
    }, {
      "vertices" : [ 0, 2, 1 ]
    } ]
  }, {
    "id" : "bbb41ed6-6801-4960-a223-05e1aee849b6",
    "vertices" : [ {
      "x" : 20.062305,
      "y" : -23.489357,
      "z" : -14.5172205
    }, {
      "x" : 23.489357,
      "y" : -20.062305,
      "z" : -14.5172205
    }, {
      "x" : 25.202883,
      "y" : -20.716814,
      "z" : -10.031153
    } ],
    "faces" : [ {
      "vertices" : [ 0, 1, 2 ]
    }, {
      "vertices" : [ 0, 2, 1 ]
    } ]
  }, {
    "id" : "2ed0a430-cfb3-4d76-9112-b3602c810b93",
    "vertices" : [ {
      "x" : 10.031153,
      "y" : -25.202883,
      "z" : -20.716814
    }, {
      "x" : 14.5172205,
      "y" : -20.062305,
      "z" : -23.489357
    }, {
      "x" : 14.5172205,
      "y" : -23.489357,
      "z" : -20.062305
    } ],
    "faces" : [ {
      "vertices" : [ 0, 1, 2 ]
    }, {
      "vertices" : [ 0, 2, 1 ]
    } ]
  }, {
    "id" : "d259ae85-1eed-4b14-adf6-5ec02a65ed3c",
    "vertices" : [ {
      "x" : 19.003288,
      "y" : 10.685661,
      "z" : -26.2619
    }, {
      "x" : 20.716814,
      "y" : 10.031153,
      "z" : -25.202883
    }, {
      "x" : 17.944271,
      "y" : 0.0,
      "z" : -29.034441
    } ],
    "faces" : [ {
      "vertices" : [ 0, 1, 2 ]
    }, {
      "vertices" : [ 0, 2, 1 ]
    } ]
  }, {
    "id" : "bb55a92b-7185-4f72-8be2-345bdf040693",
    "vertices" : [ {
      "x" : 19.003288,
      "y" : -10.685661,
      "z" : -26.2619
    }, {
      "x" : 17.944271,
      "y" : 0.0,
      "z" : -29.034441
    }, {
      "x" : 20.716814,
      "y" : -10.031153,
      "z" : -25.202883
    } ],
    "faces" : [ {
      "vertices" : [ 0, 1, 2 ]
    }, {
      "vertices" : [ 0, 2, 1 ]
    } ]
  }, {
    "id" : "2c71226e-aa15-43cd-88ec-301afdc76f34",
    "vertices" : [ {
      "x" : -8.972136,
      "y" : 5.545085,
      "z" : 32.461494
    }, {
      "x" : -17.944271,
      "y" : 0.0,
      "z" : 29.034441
    }, {
      "x" : -8.972136,
      "y" : -5.545085,
      "z" : 32.461494
    } ],
    "faces" : [ {
      "vertices" : [ 0, 1, 2 ]
    }, {
      "vertices" : [ 0, 2, 1 ]
    } ]
  }, {
    "id" : "9949bd43-c1d6-45e8-8f80-4acd848de77e",
    "vertices" : [ {
      "x" : 17.289762,
      "y" : -24.548374,
      "z" : 16.230747
    }, {
      "x" : 10.685661,
      "y" : -26.2619,
      "z" : 19.003288
    }, {
      "x" : 7.2586102,
      "y" : -31.806984,
      "z" : 10.031153
    }, {
      "x" : 13.458204,
      "y" : -30.747967,
      "z" : 6.1995935
    } ],
    "faces" : [ {
      "vertices" : [ 0, 1, 2 ]
    }, {
      "vertices" : [ 0, 2, 3 ]
    }, {
      "vertices" : [ 0, 3, 2 ]
    }, {
      "vertices" : [ 0, 2, 1 ]
    } ]
  }, {
    "id" : "ce76cb71-096f-4842-a56f-ecd3bdc61028",
    "vertices" : [ {
      "x" : 8.972136,
      "y" : -32.461494,
      "z" : -5.545085
    }, {
      "x" : 6.1995935,
      "y" : -33.52051,
      "z" : -1.7135255
    }, {
      "x" : 5.545085,
      "y" : -32.461494,
      "z" : -8.972136
    } ],
    "faces" : [ {
      "vertices" : [ 0, 1, 2 ]
    }, {
      "vertices" : [ 0, 2, 1 ]
    } ]
  }, {
    "id" : "7ebb6ade-ab5e-42eb-a6d3-3c17260b6679",
    "vertices" : [ {
      "x" : -29.034441,
      "y" : 17.944271,
      "z" : 0.0
    }, {
      "x" : -21.775831,
      "y" : 26.2619,
      "z" : 1.059017
    }, {
      "x" : -21.775831,
      "y" : 26.2619,
      "z" : -1.059017
    } ],
    "faces" : [ {
      "vertices" : [ 0, 1, 2 ]
    }, {
      "vertices" : [ 0, 2, 1 ]
    } ]
  }, {
    "id" : "f1e86443-ab91-4eaa-9432-083dac06324a",
    "vertices" : [ {
      "x" : -14.5172205,
      "y" : -20.062305,
      "z" : 23.489357
    }, {
      "x" : -16.230747,
      "y" : -17.289762,
      "z" : 24.548374
    }, {
      "x" : -20.062305,
      "y" : -14.5172205,
      "z" : 23.489357
    }, {
      "x" : -23.489357,
      "y" : -14.5172205,
      "z" : 20.062305
    }, {
      "x" : -24.548374,
      "y" : -16.230747,
      "z" : 17.289762
    }, {
      "x" : -23.489357,
      "y" : -20.062305,
      "z" : 14.5172205
    }, {
      "x" : -20.062305,
      "y" : -23.489357,
      "z" : 14.5172205
    }, {
      "x" : -17.289762,
      "y" : -24.548374,
      "z" : 16.230747
    }, {
      "x" : -14.5172205,
      "y" : -23.489357,
      "z" : 20.062305
    } ],
    "faces" : [ {
      "vertices" : [ 0, 1, 2 ]
    }, {
      "vertices" : [ 0, 2, 3 ]
    }, {
      "vertices" : [ 0, 3, 4 ]
    }, {
      "vertices" : [ 0, 4, 5 ]
    }, {
      "vertices" : [ 0, 5, 6 ]
    }, {
      "vertices" : [ 0, 6, 7 ]
    }, {
      "vertices" : [ 0, 7, 8 ]
    }, {
      "vertices" : [ 0, 8, 7 ]
    }, {
      "vertices" : [ 0, 7, 6 ]
    }, {
      "vertices" : [ 0, 6, 5 ]
    }, {
      "vertices" : [ 0, 5, 4 ]
    }, {
      "vertices" : [ 0, 4, 3 ]
    }, {
      "vertices" : [ 0, 3, 2 ]
    }, {
      "vertices" : [ 0, 2, 1 ]
    } ]
  }, {
    "id" : "12db2997-47e4-4f10-9eea-8b3647ba6b76",
    "vertices" : [ {
      "x" : 6.972136,
      "y" : 1.5,
      "z" : -0.5
    }, {
      "x" : 1.190983,
      "y" : 0.0,
      "z" : 0.072949015
    }, {
      "x" : 1.190983,
      "y" : 0.0,
      "z" : -0.309017
    }, {
      "x" : 6.972136,
      "y" : 1.5,
      "z" : -0.881966
    }, {
      "x" : 7.708204,
      "y" : 2.0,
      "z" : -0.76393205
    }, {
      "x" : 1.190983,
      "y" : 0.618034,
      "z" : -0.309017
    }, {
      "x" : 6.972136,
      "y" : 2.118034,
      "z" : -0.881966
    }, {
      "x" : 6.972136,
      "y" : 2.118034,
      "z" : -0.5
    }, {
      "x" : 1.190983,
      "y" : 0.618034,
      "z" : 0.072949015
    }, {
      "x" : 0.45491502,
      "y" : 0.11803399,
      "z" : -0.045084972
    }, {
      "x" : 8.163119,
      "y" : 2.118034,
      "z" : -0.809017
    } ],
    "faces" : [ {
      "vertices" : [ 2, 5, 6 ]
    }, {
      "vertices" : [ 2, 6, 3 ]
    }, {
      "vertices" : [ 0, 7, 8 ]
    }, {
      "vertices" : [ 0, 8, 1 ]
    }, {
      "vertices" : [ 2, 9, 5 ]
    }, {
      "vertices" : [ 4, 6, 7 ]
    }, {
      "vertices" : [ 1, 8, 9 ]
    }, {
      "vertices" : [ 0, 1, 2 ]
    }, {
      "vertices" : [ 0, 2, 3 ]
    }, {
      "vertices" : [ 5, 9, 8 ]
    }, {
      "vertices" : [ 0, 3, 4 ]
    }, {
      "vertices" : [ 5, 8, 7 ]
    }, {
      "vertices" : [ 5, 7, 6 ]
    }, {
      "vertices" : [ 0, 4, 7 ]
    }, {
      "vertices" : [ 1, 9, 2 ]
    }, {
      "vertices" : [ 3, 6, 4 ]
    } ]
  }, {
    "id" : "bc46115b-4c67-49a7-b54a-11103a950269",
    "vertices" : [ {
      "x" : 5.545085,
      "y" : 32.461494,
      "z" : 8.972136
    }, {
      "x" : -5.545085,
      "y" : 32.461494,
      "z" : 8.972136
    }, {
      "x" : 0.0,
      "y" : 29.034441,
      "z" : 17.944271
    } ],
    "faces" : [ {
      "vertices" : [ 0, 1, 2 ]
    }, {
      "vertices" : [ 0, 2, 1 ]
    } ]
  }, {
    "id" : "9f423acc-a894-40a8-bb11-8fe2c478d81a",
    "vertices" : [ {
      "x" : 10.031153,
      "y" : -25.202883,
      "z" : 20.716814
    }, {
      "x" : 1.059017,
      "y" : -21.775831,
      "z" : 26.2619
    }, {
      "x" : 0.0,
      "y" : -29.034441,
      "z" : 17.944271
    } ],
    "faces" : [ {
      "vertices" : [ 0, 1, 2 ]
    }, {
      "vertices" : [ 0, 2, 1 ]
    } ]
  }, {
    "id" : "eabcf494-0c1a-48d9-801e-4ac9e00374cc",
    "vertices" : [ {
      "x" : -30.747967,
      "y" : -6.1995935,
      "z" : 13.458204
    }, {
      "x" : -32.461494,
      "y" : -5.545085,
      "z" : 8.972136
    }, {
      "x" : -31.806984,
      "y" : -10.031153,
      "z" : 7.2586102
    } ],
    "faces" : [ {
      "vertices" : [ 0, 1, 2 ]
    }, {
      "vertices" : [ 0, 2, 1 ]
    } ]
  }, {
    "id" : "2336dd7c-0acb-4157-b8ce-9ac6f0394a83",
    "vertices" : [ {
      "x" : -10.685661,
      "y" : -26.2619,
      "z" : 19.003288
    }, {
      "x" : 0.0,
      "y" : -29.034441,
      "z" : 17.944271
    }, {
      "x" : -10.031153,
      "y" : -25.202883,
      "z" : 20.716814
    } ],
    "faces" : [ {
      "vertices" : [ 0, 1, 2 ]
    }, {
      "vertices" : [ 0, 2, 1 ]
    } ]
  }, {
    "id" : "d3ab0bfa-13a0-41b5-a861-07b52f8bd50a",
    "vertices" : [ {
      "x" : 30.747967,
      "y" : 6.1995935,
      "z" : 13.458204
    }, {
      "x" : 32.461494,
      "y" : 5.545085,
      "z" : 8.972136
    }, {
      "x" : 31.806984,
      "y" : 10.031153,
      "z" : 7.2586102
    } ],
    "faces" : [ {
      "vertices" : [ 0, 1, 2 ]
    }, {
      "vertices" : [ 0, 2, 1 ]
    } ]
  }, {
    "id" : "02489c70-7bd7-416a-a81a-2a3b3d54058c",
    "vertices" : [ {
      "x" : 1.7135255,
      "y" : 6.1995935,
      "z" : 33.52051
    }, {
      "x" : 5.545085,
      "y" : 8.972136,
      "z" : 32.461494
    }, {
      "x" : 6.1995935,
      "y" : 13.458204,
      "z" : 30.747967
    }, {
      "x" : 4.486068,
      "y" : 16.230747,
      "z" : 29.68895
    }, {
      "x" : 0.0,
      "y" : 17.944271,
      "z" : 29.034441
    }, {
      "x" : -4.486068,
