{
  "field" : "golden",
  "symmetry" : "icosahedral",
  "orientations" : [ [ 1.0, 0.0, 0.0, 0.0, 0.0, 1.0, 0.0, 0.0, 0.0, 0.0, 1.0, 0.0, 0.0, 0.0, 0.0, 1.0 ], [ 0.0, 0.0, 1.0, 0.0, 1.0, 0.0, 0.0, 0.0, 0.0, 1.0, 0.0, 0.0, 0.0, 0.0, 0.0, 1.0 ], [ 0.0, 1.0, 0.0, 0.0, 0.0, 0.0, 1.0, 0.0, 1.0, 0.0, 0.0, 0.0, 0.0, 0.0, 0.0, 1.0 ], [ 0.809017, 0.309017, 0.5, 0.0, 0.309017, 0.5, -0.809017, 0.0, -0.5, 0.809017, 0.309017, 0.0, 0.0, 0.0, 0.0, 1.0 ], [ -0.5, 0.809017, 0.309017, 0.0, 0.809017, 0.309017, 0.5, 0.0, 0.309017, 0.5, -0.809017, 0.0, 0.0, 0.0, 0.0, 1.0 ], [ 0.309017, 0.5, -0.809017, 0.0, -0.5, 0.809017, 0.309017, 0.0, 0.809017, 0.309017, 0.5, 0.0, 0.0, 0.0, 0.0, 1.0 ], [ 0.5, 0.809017, 0.309017, 0.0, 0.809017, -0.309017, -0.5, 0.0, -0.309017, 0.5, -0.809017, 0.0, 0.0, 0.0, 0.0, 1.0 ], [ -0.309017, 0.5, -0.809017, 0.0, 0.5, 0.809017, 0.309017, 0.0, 0.809017, -0.309017, -0.5, 0.0, 0.0, 0.0, 0.0, 1.0 ], [ 0.809017, -0.309017, -0.5, 0.0, -0.309017, 0.5, -0.809017, 0.0, 0.5, 0.809017, 0.309017, 0.0, 0.0, 0.0, 0.0, 1.0 ], [ 0.5, 0.809017, -0.309017, 0.0, 0.809017, -0.309017, 0.5, 0.0, 0.309017, -0.5, -0.809017, 0.0, 0.0, 0.0, 0.0, 1.0 ], [ 0.309017, -0.5, -0.809017, 0.0, 0.5, 0.809017, -0.309017, 0.0, 0.809017, -0.309017, 0.5, 0.0, 0.0, 0.0, 0.0, 1.0 ], [ 0.809017, -0.309017, 0.5, 0.0, 0.309017, -0.5, -0.809017, 0.0, 0.5, 0.809017, -0.309017, 0.0, 0.0, 0.0, 0.0, 1.0 ], [ 0.809017, 0.309017, -0.5, 0.0, 0.309017, 0.5, 0.809017, 0.0, 0.5, -0.809017, 0.309017, 0.0, 0.0, 0.0, 0.0, 1.0 ], [ 0.5, -0.809017, 0.309017, 0.0, 0.809017, 0.309017, -0.5, 0.0, 0.309017, 0.5, 0.809017, 0.0, 0.0, 0.0, 0.0, 1.0 ], [ 0.309017, 0.5, 0.809017, 0.0, 0.5, -0.809017, 0.309017, 0.0, 0.809017, 0.309017, -0.5, 0.0, 0.0, 0.0, 0.0, 1.0 ], [ 1.0, 0.0, 0.0, 0.0, 0.0, -1.0, 0.0, 0.0, 0.0, 0.0, -1.0, 0.0, 0.0, 0.0, 0.0, 1.0 ], [ 0.0, 0.0, 1.0, 0.0, -1.0, 0.0, 0.0, 0.0, 0.0, -1.0, 0.0, 0.0, 0.0, 0.0, 0.0, 1.0 ], [ 0.0, 1.0, 0.0, 0.0, 0.0, 0.0, -1.0, 0.0, -1.0, 0.0, 0.0, 0.0, 0.0, 0.0, 0.0, 1.0 ], [ 0.809017, 0.309017, 0.5, 0.0, -0.309017, -0.5, 0.809017, 0.0, 0.5, -0.809017, -0.309017, 0.0, 0.0, 0.0, 0.0, 1.0 ], [ -0.5, 0.809017, 0.309017, 0.0, -0.809017, -0.309017, -0.5, 0.0, -0.309017, -0.5, 0.809017, 0.0, 0.0, 0.0, 0.0, 1.0 ], [ 0.309017, 0.5, -0.809017, 0.0, 0.5, -0.809017, -0.309017, 0.0, -0.809017, -0.309017, -0.5, 0.0, 0.0, 0.0, 0.0, 1.0 ], [ 0.5, 0.809017, 0.309017, 0.0, -0.809017, 0.309017, 0.5, 0.0, 0.309017, -0.5, 0.809017, 0.0, 0.0, 0.0, 0.0, 1.0 ], [ -0.309017, 0.5, -0.809017, 0.0, -0.5, -0.809017, -0.309017, 0.0, -0.809017, 0.309017, 0.5, 0.0, 0.0, 0.0, 0.0, 1.0 ], [ 0.809017, -0.309017, -0.5, 0.0, 0.309017, -0.5, 0.809017, 0.0, -0.5, -0.809017, -0.309017, 0.0, 0.0, 0.0, 0.0, 1.0 ], [ 0.5, 0.809017, -0.309017, 0.0, -0.809017, 0.309017, -0.5, 0.0, -0.309017, 0.5, 0.809017, 0.0, 0.0, 0.0, 0.0, 1.0 ], [ 0.309017, -0.5, -0.809017, 0.0, -0.5, -0.809017, 0.309017, 0.0, -0.809017, 0.309017, -0.5, 0.0, 0.0, 0.0, 0.0, 1.0 ], [ 0.809017, -0.309017, 0.5, 0.0, -0.309017, 0.5, 0.809017, 0.0, -0.5, -0.809017, 0.309017, 0.0, 0.0, 0.0, 0.0, 1.0 ], [ 0.809017, 0.309017, -0.5, 0.0, -0.309017, -0.5, -0.809017, 0.0, -0.5, 0.809017, -0.309017, 0.0, 0.0, 0.0, 0.0, 1.0 ], [ 0.5, -0.809017, 0.309017, 0.0, -0.809017, -0.309017, 0.5, 0.0, -0.309017, -0.5, -0.809017, 0.0, 0.0, 0.0, 0.0, 1.0 ], [ 0.309017, 0.5, 0.809017, 0.0, -0.5, 0.809017, -0.309017, 0.0, -0.809017, -0.309017, 0.5, 0.0, 0.0, 0.0, 0.0, 1.0 ], [ -1.0, 0.0, 0.0, 0.0, 0.0, -1.0, 0.0, 0.0, 0.0, 0.0, 1.0, 0.0, 0.0, 0.0, 0.0, 1.0 ], [ 0.0, 0.0, -1.0, 0.0, -1.0, 0.0, 0.0, 0.0, 0.0, 1.0, 0.0, 0.0, 0.0, 0.0, 0.0, 1.0 ], [ 0.0, -1.0, 0.0, 0.0, 0.0, 0.0, -1.0, 0.0, 1.0, 0.0, 0.0, 0.0, 0.0, 0.0, 0.0, 1.0 ], [ -0.809017, -0.309017, -0.5, 0.0, -0.309017, -0.5, 0.809017, 0.0, -0.5, 0.809017, 0.309017, 0.0, 0.0, 0.0, 0.0, 1.0 ], [ 0.5, -0.809017, -0.309017, 0.0, -0.809017, -0.309017, -0.5, 0.0, 0.309017, 0.5, -0.809017, 0.0, 0.0, 0.0, 0.0, 1.0 ], [ -0.309017, -0.5, 0.809017, 0.0, 0.5, -0.809017, -0.309017, 0.0, 0.809017, 0.309017, 0.5, 0.0, 0.0, 0.0, 0.0, 1.0 ], [ -0.5, -0.809017, -0.309017, 0.0, -0.809017, 0.309017, 0.5, 0.0, -0.309017, 0.5, -0.809017, 0.0, 0.0, 0.0, 0.0, 1.0 ], [ 0.309017, -0.5, 0.809017, 0.0, -0.5, -0.809017, -0.309017, 0.0, 0.809017, -0.309017, -0.5, 0.0, 0.0, 0.0, 0.0, 1.0 ], [ -0.809017, 0.309017, 0.5, 0.0, 0.309017, -0.5, 0.809017, 0.0, 0.5, 0.809017, 0.309017, 0.0, 0.0, 0.0, 0.0, 1.0 ], [ -0.5, -0.809017, 0.309017, 0.0, -0.809017, 0.309017, -0.5, 0.0, 0.309017, -0.5, -0.809017, 0.0, 0.0, 0.0, 0.0, 1.0 ], [ -0.309017, 0.5, 0.809017, 0.0, -0.5, -0.809017, 0.309017, 0.0, 0.809017, -0.309017, 0.5, 0.0, 0.0, 0.0, 0.0, 1.0 ], [ -0.809017, 0.309017, -0.5, 0.0, -0.309017, 0.5, 0.809017, 0.0, 0.5, 0.809017, -0.309017, 0.0, 0.0, 0.0, 0.0, 1.0 ], [ -0.809017, -0.309017, 0.5, 0.0, -0.309017, -0.5, -0.809017, 0.0, 0.5, -0.809017, 0.309017, 0.0, 0.0, 0.0, 0.0, 1.0 ], [ -0.5, 0.809017, -0.309017, 0.0, -0.809017, -0.309017, 0.5, 0.0, 0.309017, 0.5, 0.809017, 0.0, 0.0, 0.0, 0.0, 1.0 ], [ -0.309017, -0.5, -0.809017, 0.0, -0.5, 0.809017, -0.309017, 0.0, 0.809017, 0.309017, -0.5, 0.0, 0.0, 0.0, 0.0, 1.0 ], [ -1.0, 0.0, 0.0, 0.0, 0.0, 1.0, 0.0, 0.0, 0.0, 0.0, -1.0, 0.0, 0.0, 0.0, 0.0, 1.0 ], [ 0.0, 0.0, -1.0, 0.0, 1.0, 0.0, 0.0, 0.0, 0.0, -1.0, 0.0, 0.0, 0.0, 0.0, 0.0, 1.0 ], [ 0.0, -1.0, 0.0, 0.0, 0.0, 0.0, 1.0, 0.0, -1.0, 0.0, 0.0, 0.0, 0.0, 0.0, 0.0, 1.0 ], [ -0.809017, -0.309017, -0.5, 0.0, 0.309017, 0.5, -0.809017, 0.0, 0.5, -0.809017, -0.309017, 0.0, 0.0, 0.0, 0.0, 1.0 ], [ 0.5, -0.809017, -0.309017, 0.0, 0.809017, 0.309017, 0.5, 0.0, -0.309017, -0.5, 0.809017, 0.0, 0.0, 0.0, 0.0, 1.0 ], [ -0.309017, -0.5, 0.809017, 0.0, -0.5, 0.809017, 0.309017, 0.0, -0.809017, -0.309017, -0.5, 0.0, 0.0, 0.0, 0.0, 1.0 ], [ -0.5, -0.809017, -0.309017, 0.0, 0.809017, -0.309017, -0.5, 0.0, 0.309017, -0.5, 0.809017, 0.0, 0.0, 0.0, 0.0, 1.0 ], [ 0.309017, -0.5, 0.809017, 0.0, 0.5, 0.809017, 0.309017, 0.0, -0.809017, 0.309017, 0.5, 0.0, 0.0, 0.0, 0.0, 1.0 ], [ -0.809017, 0.309017, 0.5, 0.0, -0.309017, 0.5, -0.809017, 0.0, -0.5, -0.809017, -0.309017, 0.0, 0.0, 0.0, 0.0, 1.0 ], [ -0.5, -0.809017, 0.309017, 0.0, 0.809017, -0.309017, 0.5, 0.0, -0.309017, 0.5, 0.809017, 0.0, 0.0, 0.0, 0.0, 1.0 ], [ -0.309017, 0.5, 0.809017, 0.0, 0.5, 0.809017, -0.309017, 0.0, -0.809017, 0.309017, -0.5, 0.0, 0.0, 0.0, 0.0, 1.0 ], [ -0.809017, 0.309017, -0.5, 0.0, 0.309017, -0.5, -0.809017, 0.0, -0.5, -0.809017, 0.309017, 0.0, 0.0, 0.0, 0.0, 1.0 ], [ -0.809017, -0.309017, 0.5, 0.0, 0.309017, 0.5, 0.809017, 0.0, -0.5, 0.809017, -0.309017, 0.0, 0.0, 0.0, 0.0, 1.0 ], [ -0.5, 0.809017, -0.309017, 0.0, 0.809017, 0.309017, -0.5, 0.0, -0.309017, -0.5, -0.809017, 0.0, 0.0, 0.0, 0.0, 1.0 ], [ -0.309017, -0.5, -0.809017, 0.0, 0.5, -0.809017, 0.309017, 0.0, -0.809017, -0.309017, 0.5, 0.0, 0.0, 0.0, 0.0, 1.0 ] ],
  "lights" : {
    "ambientColor" : "#292929",
    "backgroundColor" : "#AFC8DC",
    "directionalLights" : [ {
      "direction" : {
        "x" : 1.0,
        "y" : -1.0,
        "z" : -1.0
      },
      "color" : "#EBEBE4"
    }, {
      "direction" : {
        "x" : -1.0,
        "y" : 0.0,
        "z" : 0.0
      },
      "color" : "#E4E4EB"
    }, {
      "direction" : {
        "x" : 0.0,
        "y" : 0.0,
        "z" : -1.0
      },
      "color" : "#1E1E1E"
    } ]
  },
  "camera" : {
    "viewDistance" : 320.17874,
    "nearClipDistance" : 0.8004506,
    "farClipDistance" : 640.3564,
    "lookAtPoint" : {
      "x" : 0.0,
      "y" : 0.0,
      "z" : 0.0
    },
    "fieldOfView" : 0.44262964,
    "perspective" : false,
    "lookDirection" : {
      "x" : 0.539756,
      "y" : 0.0050864364,
      "z" : -0.84179926
    },
    "upDirection" : {
      "x" : 0.82059664,
      "y" : -0.2262916,
      "z" : 0.5247897
    },
    "width" : 144.08069,
    "stereo" : false,
    "position" : {
      "x" : -172.81839,
      "y" : -1.6285688,
      "z" : 269.5262
    }
  },
  "embedding" : [ 1.0, 0.0, 0.0, 0.0, 0.0, 1.0, 0.0, 0.0, 0.0, 0.0, 1.0, 0.0, 0.0, 0.0, 0.0, 1.0 ],
  "shapes" : [ {
    "id" : "9d393d1b-2a8e-4a22-9969-ca155bacf82d",
    "vertices" : [ {
      "x" : -29.034441,
      "y" : 37.506577,
      "z" : 20.562305
    }, {
      "x" : -29.034441,
      "y" : 38.506577,
      "z" : 17.944271
    }, {
      "x" : -22.18034,
      "y" : 45.36068,
      "z" : 11.09017
    }, {
      "x" : -22.18034,
      "y" : 44.36068,
      "z" : 13.708204
    } ],
    "faces" : [ {
      "vertices" : [ 0, 1, 2 ]
    }, {
      "vertices" : [ 0, 2, 3 ]
    }, {
      "vertices" : [ 0, 3, 2 ]
    }, {
      "vertices" : [ 0, 2, 1 ]
    } ]
  }, {
    "id" : "9a90b4a7-7573-4837-a8fd-bf2b3bf34a09",
    "vertices" : [ {
      "x" : 91.33939,
      "y" : 41.742645,
      "z" : -33.27051
    }, {
      "x" : 91.33939,
      "y" : 44.36068,
      "z" : -26.416409
    }, {
      "x" : -19.562305,
      "y" : -69.15905,
      "z" : 77.63119
    }, {
      "x" : -15.326238,
      "y" : -62.30495,
      "z" : 80.24922
    } ],
    "faces" : [ {
      "vertices" : [ 0, 1, 2 ]
    }, {
      "vertices" : [ 0, 2, 3 ]
    }, {
      "vertices" : [ 0, 3, 2 ]
    }, {
      "vertices" : [ 0, 2, 1 ]
    } ]
  }, {
    "id" : "4add4cf8-207c-4126-abb5-47aec46efec3",
    "vertices" : [ {
      "x" : 29.034441,
      "y" : 120.37383,
      "z" : 116.137764
    }, {
      "x" : 42.742645,
      "y" : 120.37383,
      "z" : 116.137764
    }, {
      "x" : 40.12461,
      "y" : 120.37383,
      "z" : 111.9017
    } ],
    "faces" : [ {
      "vertices" : [ 0, 1, 2 ]
    }, {
      "vertices" : [ 0, 2, 1 ]
    } ]
  }, {
    "id" : "eddf4c78-c1bb-4f1c-947b-249455f39d02",
    "vertices" : [ {
      "x" : -22.18034,
      "y" : -46.978714,
      "z" : 29.034441
    }, {
      "x" : -29.034441,
      "y" : -49.59675,
      "z" : 24.798374
    }, {
      "x" : -29.034441,
      "y" : -46.978714,
      "z" : 26.416409
    } ],
    "faces" : [ {
      "vertices" : [ 0, 1, 2 ]
    }, {
      "vertices" : [ 0, 2, 1 ]
    } ]
  }, {
    "id" : "f8c3b210-f115-4d3f-990a-94c7fd2aa301",
    "vertices" : [ {
      "x" : 29.034441,
      "y" : -120.37383,
      "z" : -116.137764
    }, {
      "x" : 42.742645,
      "y" : -120.37383,
      "z" : -116.137764
    }, {
      "x" : 40.12461,
      "y" : -120.37383,
      "z" : -111.9017
    } ],
    "faces" : [ {
      "vertices" : [ 0, 1, 2 ]
    }, {
      "vertices" : [ 0, 2, 1 ]
    } ]
  }, {
    "id" : "3d24de01-a314-49fd-8ca5-145aa36e96e1",
    "vertices" : [ {
      "x" : -15.326238,
      "y" : 73.39512,
      "z" : -73.39512
    }, {
      "x" : -12.708204,
      "y" : 69.15905,
      "z" : -80.24922
    }, {
      "x" : -11.09017,
      "y" : 69.15905,
      "z" : -77.63119
    } ],
    "faces" : [ {
      "vertices" : [ 0, 1, 2 ]
    }, {
      "vertices" : [ 0, 2, 1 ]
    } ]
  }, {
    "id" : "f0355281-ffeb-4355-9e5a-fc2456101843",
    "vertices" : [ {
      "x" : 44.36068,
      "y" : -9.472136,
      "z" : -24.798374
    }, {
      "x" : 42.742645,
      "y" : -11.09017,
      "z" : -26.416409
    }, {
      "x" : 38.506577,
      "y" : -22.18034,
      "z" : -26.416409
    }, {
      "x" : 40.12461,
      "y" : -20.562305,
      "z" : -24.798374
    } ],
    "faces" : [ {
      "vertices" : [ 0, 1, 2 ]
    }, {
      "vertices" : [ 0, 2, 3 ]
    }, {
      "vertices" : [ 0, 3, 2 ]
    }, {
      "vertices" : [ 0, 2, 1 ]
    } ]
  }, {
    "id" : "f4bed04e-cbb1-44ad-9d16-be479e968f66",
    "vertices" : [ {
      "x" : -6.854102,
      "y" : 58.068882,
      "z" : -11.09017
    }, {
      "x" : -4.236068,
      "y" : 62.30495,
      "z" : -4.236068
    }, {
      "x" : -6.854102,
      "y" : 60.686916,
      "z" : -4.236068
    } ],
    "faces" : [ {
      "vertices" : [ 0, 1, 2 ]
    }, {
      "vertices" : [ 0, 2, 1 ]
    } ]
  }, {
    "id" : "c1dfaf2b-7fc7-4b40-93ce-a301ef86f53a",
    "vertices" : [ {
      "x" : -9.472136,
      "y" : -24.798374,
      "z" : 44.36068
    }, {
      "x" : -11.09017,
      "y" : -26.416409,
      "z" : 42.742645
    }, {
      "x" : -22.18034,
      "y" : -26.416409,
      "z" : 38.506577
    }, {
      "x" : -20.562305,
      "y" : -24.798374,
      "z" : 40.12461
    } ],
    "faces" : [ {
      "vertices" : [ 0, 1, 2 ]
    }, {
      "vertices" : [ 0, 2, 3 ]
    }, {
      "vertices" : [ 0, 3, 2 ]
    }, {
      "vertices" : [ 0, 2, 1 ]
    } ]
  }, {
    "id" : "956e78a0-8702-4c78-a471-f60b3f0fafee",
    "vertices" : [ {
      "x" : -35.888542,
      "y" : -46.978714,
      "z" : 6.854102
    }, {
      "x" : -33.27051,
      "y" : -51.214783,
      "z" : 13.708204
    }, {
      "x" : -31.652475,
      "y" : -51.214783,
      "z" : 11.09017
    } ],
    "faces" : [ {
      "vertices" : [ 0, 1, 2 ]
    }, {
      "vertices" : [ 0, 2, 1 ]
    } ]
  }, {
    "id" : "99127b96-cb72-4e87-815b-1e3076ef1c34",
    "vertices" : [ {
      "x" : 33.27051,
      "y" : -91.33939,
      "z" : 33.27051
    }, {
      "x" : 29.034441,
      "y" : -95.57546,
      "z" : 37.506577
    }, {
      "x" : 33.27051,
      "y" : -91.33939,
      "z" : 41.742645
    } ],
    "faces" : [ {
      "vertices" : [ 0, 1, 2 ]
    }, {
      "vertices" : [ 0, 2, 1 ]
    } ]
  }, {
    "id" : "219b767e-638b-412c-9c8d-16f06a94bea9",
    "vertices" : [ {
      "x" : -34.27051,
      "y" : 89.72136,
      "z" : -44.36068
    }, {
      "x" : -27.416409,
      "y" : 89.72136,
      "z" : -46.978714
    }, {
      "x" : 34.27051,
      "y" : -89.72136,
      "z" : -44.36068
    }, {
      "x" : 38.506577,
      "y" : -82.867256,
      "z" : -46.978714
    } ],
    "faces" : [ {
      "vertices" : [ 0, 1, 2 ]
    }, {
      "vertices" : [ 0, 2, 3 ]
    }, {
      "vertices" : [ 0, 3, 2 ]
    }, {
      "vertices" : [ 0, 2, 1 ]
    } ]
  }, {
    "id" : "39cec6e5-15fe-4b3f-ab3f-01bfe3857dd8",
    "vertices" : [ {
      "x" : -53.832817,
      "y" : -17.944271,
      "z" : -17.944271
    }, {
      "x" : -53.832817,
      "y" : -17.944271,
      "z" : -26.416409
    }, {
      "x" : -53.832817,
      "y" : -15.326238,
      "z" : -24.798374
    } ],
    "faces" : [ {
      "vertices" : [ 0, 1, 2 ]
    }, {
      "vertices" : [ 0, 2, 1 ]
    } ]
  }, {
    "id" : "9f9d9059-4598-4ae3-a90f-8f4a81cc459f",
    "vertices" : [ {
      "x" : -76.01315,
      "y" : 62.30495,
      "z" : 134.08205
    }, {
      "x" : -82.867256,
      "y" : 55.45085,
      "z" : 140.93614
    }, {
      "x" : -71.777084,
      "y" : 55.45085,
      "z" : 145.17221
    } ],
    "faces" : [ {
      "vertices" : [ 0, 1, 2 ]
    }, {
      "vertices" : [ 0, 2, 1 ]
    } ]
  }, {
    "id" : "d8f06a1b-6f19-4e4c-82f7-8d6bae6ad48d",
    "vertices" : [ {
      "x" : 91.33939,
      "y" : -33.27051,
      "z" : 33.27051
    }, {
      "x" : 95.57546,
      "y" : -37.506577,
      "z" : 29.034441
    }, {
      "x" : 91.33939,
      "y" : -41.742645,
      "z" : 33.27051
    } ],
    "faces" : [ {
      "vertices" : [ 0, 1, 2 ]
    }, {
      "vertices" : [ 0, 2, 1 ]
    } ]
  }, {
    "id" : "c91f5307-adc1-432e-9245-9a38d464e48c",
    "vertices" : [ {
      "x" : 40.12461,
      "y" : 13.708204,
      "z" : -167.35255
    }, {
      "x" : 46.978714,
      "y" : 2.618034,
      "z" : -163.11649
    }, {
      "x" : 35.888542,
      "y" : 2.618034,
      "z" : -167.35255
    } ],
    "faces" : [ {
      "vertices" : [ 0, 1, 2 ]
    }, {
      "vertices" : [ 0, 2, 1 ]
    } ]
  }, {
    "id" : "319df1de-9cb9-4c5b-9d8a-ffedec1fbff8",
    "vertices" : [ {
      "x" : 80.24922,
      "y" : -15.326238,
      "z" : -62.30495
    }, {
      "x" : 80.24922,
      "y" : -12.708204,
      "z" : -69.15905
    }, {
      "x" : 77.63119,
      "y" : -19.562305,
      "z" : -69.15905
    } ],
    "faces" : [ {
      "vertices" : [ 0, 1, 2 ]
    }, {
      "vertices" : [ 0, 2, 1 ]
    } ]
  }, {
    "id" : "6a5429c0-74d3-478b-b532-9958c2b92e46",
    "vertices" : [ {
      "x" : 87.103325,
      "y" : -51.214783,
      "z" : -34.27051
    }, {
      "x" : 89.72136,
      "y" : -46.978714,
      "z" : -27.416409
    }, {
      "x" : 89.72136,
      "y" : -44.36068,
      "z" : -34.27051
    } ],
    "faces" : [ {
      "vertices" : [ 0, 1, 2 ]
    }, {
      "vertices" : [ 0, 2, 1 ]
    } ]
  }, {
    "id" : "b77ecb46-4665-4c5e-b447-ad1ebfd9477c",
    "vertices" : [ {
      "x" : -60.686916,
      "y" : 46.978714,
      "z" : -154.64435
    }, {
      "x" : -71.777084,
      "y" : 42.742645,
      "z" : -147.79024
    }, {
      "x" : -67.54102,
      "y" : 53.832817,
      "z" : -147.79024
    } ],
    "faces" : [ {
      "vertices" : [ 0, 1, 2 ]
    }, {
      "vertices" : [ 0, 2, 1 ]
    } ]
  }, {
    "id" : "98734680-5f71-4292-ad6e-3d7d57cfad97",
    "vertices" : [ {
      "x" : 6.854102,
      "y" : -51.214783,
      "z" : -1.618034
    }, {
      "x" : 4.236068,
      "y" : -51.214783,
      "z" : -2.618034
    }, {
      "x" : -6.854102,
      "y" : -51.214783,
      "z" : 1.618034
    }, {
      "x" : -4.236068,
      "y" : -51.214783,
      "z" : 2.618034
    } ],
    "faces" : [ {
      "vertices" : [ 0, 1, 2 ]
    }, {
      "vertices" : [ 0, 2, 3 ]
    }, {
      "vertices" : [ 0, 3, 2 ]
    }, {
      "vertices" : [ 0, 2, 1 ]
    } ]
  }, {
    "id" : "96288627-4940-4481-803a-7b15adc16abf",
    "vertices" : [ {
      "x" : -89.72136,
      "y" : 44.36068,
      "z" : -34.27051
    }, {
      "x" : -89.72136,
      "y" : 46.978714,
      "z" : -27.416409
    }, {
      "x" : 89.72136,
      "y" : 44.36068,
      "z" : 34.27051
    }, {
      "x" : 82.867256,
      "y" : 46.978714,
      "z" : 38.506577
    } ],
    "faces" : [ {
      "vertices" : [ 0, 1, 2 ]
    }, {
      "vertices" : [ 0, 2, 3 ]
    }, {
      "vertices" : [ 0, 3, 2 ]
    }, {
      "vertices" : [ 0, 2, 1 ]
    } ]
  }, {
    "id" : "ee3d3e6d-e95a-4bf6-8460-e1640a0c7e8c",
    "vertices" : [ {
      "x" : 167.35255,
      "y" : 40.12461,
      "z" : -13.708204
    }, {
      "x" : 163.11649,
      "y" : 46.978714,
      "z" : -2.618034
    }, {
      "x" : 167.35255,
      "y" : 35.888542,
      "z" : -2.618034
    } ],
    "faces" : [ {
      "vertices" : [ 0, 1, 2 ]
    }, {
      "vertices" : [ 0, 2, 1 ]
    } ]
  }, {
    "id" : "b927ae7f-f5a8-4562-89e9-d33369b28ade",
    "vertices" : [ {
      "x" : 73.39512,
      "y" : 73.39512,
      "z" : 15.326238
    }, {
      "x" : 69.15905,
      "y" : 80.24922,
      "z" : 12.708204
    }, {
      "x" : 69.15905,
      "y" : 77.63119,
      "z" : 11.09017
    } ],
    "faces" : [ {
      "vertices" : [ 0, 1, 2 ]
    }, {
      "vertices" : [ 0, 2, 1 ]
    } ]
  }, {
    "id" : "f9387b57-bd39-402b-b915-2745e00bb596",
    "vertices" : [ {
      "x" : -37.506577,
      "y" : 20.562305,
      "z" : 29.034441
    }, {
      "x" : -38.506577,
      "y" : 17.944271,
      "z" : 29.034441
    }, {
      "x" : -45.36068,
      "y" : 11.09017,
      "z" : 22.18034
    }, {
      "x" : -44.36068,
      "y" : 13.708204,
      "z" : 22.18034
    } ],
    "faces" : [ {
      "vertices" : [ 0, 1, 2 ]
    }, {
      "vertices" : [ 0, 2, 3 ]
    }, {
      "vertices" : [ 0, 3, 2 ]
    }, {
      "vertices" : [ 0, 2, 1 ]
    } ]
  }, {
    "id" : "acfef0e2-0059-4734-87ea-c2c044a2bbc7",
    "vertices" : [ {
      "x" : 46.978714,
      "y" : -17.944271,
      "z" : 29.034441
    }, {
      "x" : 53.832817,
      "y" : -17.944271,
      "z" : 26.416409
    }, {
      "x" : 49.59675,
      "y" : -22.18034,
      "z" : 22.18034
    } ],
    "faces" : [ {
      "vertices" : [ 0, 1, 2 ]
    }, {
      "vertices" : [ 0, 2, 1 ]
    } ]
  }, {
    "id" : "c4b90134-e9e2-4396-ac17-a4541d526544",
    "vertices" : [ {
      "x" : 38.506577,
      "y" : 22.18034,
      "z" : 26.416409
    }, {
      "x" : 40.12461,
      "y" : 20.562305,
      "z" : 24.798374
    }, {
      "x" : 44.36068,
      "y" : 9.472136,
      "z" : 24.798374
    }, {
      "x" : 42.742645,
      "y" : 11.09017,
      "z" : 26.416409
    } ],
    "faces" : [ {
      "vertices" : [ 0, 1, 2 ]
    }, {
      "vertices" : [ 0, 2, 3 ]
    }, {
      "vertices" : [ 0, 3, 2 ]
    }, {
      "vertices" : [ 0, 2, 1 ]
    } ]
  }, {
    "id" : "742ed8b2-46e1-41ca-a1c7-0dd539921d1d",
    "vertices" : [ {
      "x" : -44.36068,
      "y" : 26.416409,
      "z" : 91.33939
    }, {
      "x" : -37.506577,
      "y" : 29.034441,
      "z" : 95.57546
    }, {
      "x" : -37.506577,
      "y" : 26.416409,
      "z" : 93.95743
    } ],
    "faces" : [ {
      "vertices" : [ 0, 1, 2 ]
    }, {
      "vertices" : [ 0, 2, 1 ]
    } ]
  }, {
    "id" : "56722777-94bd-41b7-83e2-fb4461e5be0b",
    "vertices" : [ {
      "x" : -24.798374,
      "y" : -8.472136,
      "z" : 103.429565
    }, {
      "x" : -29.034441,
      "y" : -1.618034,
      "z" : 100.81153
    }, {
      "x" : -22.18034,
      "y" : -1.618034,
      "z" : 103.429565
    } ],
    "faces" : [ {
      "vertices" : [ 0, 1, 2 ]
    }, {
      "vertices" : [ 0, 2, 1 ]
    } ]
  }, {
    "id" : "bb1d04e8-4af0-439b-8b36-9eaee69d858c",
    "vertices" : [ {
      "x" : 134.08205,
      "y" : -76.01315,
      "z" : 62.30495
    }, {
      "x" : 140.93614,
      "y" : -82.867256,
      "z" : 55.45085
    }, {
      "x" : -138.3181,
      "y" : -82.867256,
      "z" : -51.214783
    }, {
      "x" : -145.17221,
      "y" : -76.01315,
      "z" : -44.36068
    } ],
    "faces" : [ {
      "vertices" : [ 0, 1, 2 ]
    }, {
      "vertices" : [ 0, 2, 3 ]
    }, {
      "vertices" : [ 0, 3, 2 ]
    }, {
      "vertices" : [ 0, 2, 1 ]
    } ]
  }, {
    "id" : "9d48817a-662c-421c-b38a-5e39140808b5",
    "vertices" : [ {
      "x" : 29.034441,
      "y" : -13.708204,
      "z" : 163.11649
    }, {
      "x" : 40.12461,
      "y" : -13.708204,
      "z" : 167.35255
    }, {
      "x" : 40.12461,
      "y" : -120.37383,
      "z" : -111.9017
    }, {
      "x" : 29.034441,
      "y" : -120.37383,
      "z" : -116.137764
    } ],
    "faces" : [ {
      "vertices" : [ 0, 1, 2 ]
    }, {
      "vertices" : [ 0, 2, 3 ]
    }, {
      "vertices" : [ 0, 3, 2 ]
    }, {
      "vertices" : [ 0, 2, 1 ]
    } ]
  }, {
    "id" : "ce723667-82ae-46cb-b55d-89f77a7188fe",
    "vertices" : [ {
      "x" : -69.15905,
      "y" : 77.63119,
      "z" : -19.562305
    }, {
      "x" : -73.39512,
      "y" : 73.39512,
      "z" : -15.326238
    }, {
      "x" : 41.742645,
      "y" : -33.27051,
      "z" : 91.33939
    }, {
      "x" : 33.27051,
      "y" : -33.27051,
      "z" : 91.33939
    } ],
    "faces" : [ {
      "vertices" : [ 0, 1, 2 ]
    }, {
      "vertices" : [ 0, 2, 3 ]
    }, {
      "vertices" : [ 0, 3, 2 ]
    }, {
      "vertices" : [ 0, 2, 1 ]
    } ]
  }, {
    "id" : "51d2c5a3-01e0-401f-bf9c-cd8174ce2e2c",
    "vertices" : [ {
      "x" : -46.978714,
      "y" : -38.506577,
      "z" : 82.867256
    }, {
      "x" : -51.214783,
      "y" : -34.27051,
      "z" : 87.103325
    }, {
      "x" : -44.36068,
      "y" : -34.27051,
      "z" : 89.72136
    } ],
    "faces" : [ {
      "vertices" : [ 0, 1, 2 ]
    }, {
      "vertices" : [ 0, 2, 1 ]
    } ]
  }, {
    "id" : "8b8bb4cd-b58e-4cd2-b59c-1f265154e491",
    "vertices" : [ {
      "x" : -80.24922,
      "y" : -12.708204,
      "z" : 69.15905
    }, {
      "x" : -73.39512,
      "y" : -15.326238,
      "z" : 73.39512
    }, {
      "x" : -77.63119,
      "y" : -19.562305,
      "z" : 69.15905
    } ],
    "faces" : [ {
      "vertices" : [ 0, 1, 2 ]
    }, {
      "vertices" : [ 0, 2, 1 ]
    } ]
  }, {
    "id" : "4cdea1fa-029d-4be8-8444-4c0508896c0d",
    "vertices" : [ {
      "x" : 44.36068,
      "y" : -145.17221,
      "z" : 76.01315
    }, {
      "x" : 55.45085,
      "y" : -140.93614,
      "z" : 82.867256
    }, {
      "x" : 51.214783,
      "y" : -138.3181,
      "z" : 82.867256
    } ],
    "faces" : [ {
      "vertices" : [ 0, 1, 2 ]
    }, {
      "vertices" : [ 0, 2, 1 ]
    } ]
  }, {
    "id" : "ab89e77e-cc16-408c-b0a7-e5387f4f6958",
    "vertices" : [ {
      "x" : -29.034441,
      "y" : -46.978714,
      "z" : 17.944271
    }, {
      "x" : -29.034441,
      "y" : -49.59675,
      "z" : 24.798374
    }, {
      "x" : -22.18034,
      "y" : -49.59675,
      "z" : 22.18034
    } ],
    "faces" : [ {
      "vertices" : [ 0, 1, 2 ]
    }, {
      "vertices" : [ 0, 2, 1 ]
    } ]
  }, {
    "id" : "4fb90910-4278-48f2-886b-615a58d2fc64",
    "vertices" : [ {
      "x" : 147.79024,
      "y" : -53.832817,
      "z" : -53.832817
    }, {
      "x" : 154.64435,
      "y" : -60.686916,
      "z" : -46.978714
    }, {
      "x" : 147.79024,
      "y" : -67.54102,
      "z" : -53.832817
    } ],
    "faces" : [ {
      "vertices" : [ 0, 1, 2 ]
    }, {
      "vertices" : [ 0, 2, 1 ]
    } ]
  }, {
    "id" : "7edadef6-0aff-45e2-9ace-b4b75ac1eb63",
    "vertices" : [ {
      "x" : 40.12461,
      "y" : -13.708204,
      "z" : 167.35255
    }, {
      "x" : 42.742645,
      "y" : -13.708204,
      "z" : 163.11649
    }, {
      "x" : 42.742645,
      "y" : -120.37383,
      "z" : -116.137764
    }, {
      "x" : 40.12461,
      "y" : -120.37383,
      "z" : -111.9017
    } ],
    "faces" : [ {
      "vertices" : [ 0, 1, 2 ]
    }, {
      "vertices" : [ 0, 2, 3 ]
    }, {
      "vertices" : [ 0, 3, 2 ]
    }, {
      "vertices" : [ 0, 2, 1 ]
    } ]
  }, {
    "id" : "886676f7-9435-491b-97bd-a44f29094ddc",
    "vertices" : [ {
      "x" : 6.854102,
      "y" : -58.068882,
      "z" : -11.09017
    }, {
      "x" : 4.236068,
      "y" : -62.30495,
      "z" : -4.236068
    }, {
      "x" : 6.854102,
      "y" : -60.686916,
      "z" : -4.236068
    } ],
    "faces" : [ {
      "vertices" : [ 0, 1, 2 ]
    }, {
      "vertices" : [ 0, 2, 1 ]
    } ]
  }, {
    "id" : "527860e2-87af-4046-88bf-409de79407cd",
    "vertices" : [ {
      "x" : -41.742645,
      "y" : -33.27051,
      "z" : -91.33939
    }, {
      "x" : -44.36068,
      "y" : -26.416409,
      "z" : -91.33939
    }, {
      "x" : 69.15905,
      "y" : 77.63119,
      "z" : 19.562305
    }, {
      "x" : 62.30495,
      "y" : 80.24922,
      "z" : 15.326238
    } ],
    "faces" : [ {
      "vertices" : [ 0, 1, 2 ]
    }, {
      "vertices" : [ 0, 2, 3 ]
    }, {
      "vertices" : [ 0, 3, 2 ]
    }, {
      "vertices" : [ 0, 2, 1 ]
    } ]
  }, {
    "id" : "a6a3d184-3e97-4b40-9e66-78584c564093",
    "vertices" : [ {
      "x" : 69.15905,
      "y" : 80.24922,
      "z" : 12.708204
    }, {
      "x" : 73.39512,
      "y" : 73.39512,
      "z" : 15.326238
    }, {
      "x" : 69.15905,
      "y" : 77.63119,
      "z" : 19.562305
    } ],
    "faces" : [ {
      "vertices" : [ 0, 1, 2 ]
    }, {
      "vertices" : [ 0, 2, 1 ]
    } ]
  }, {
    "id" : "25c36b81-e6e2-457c-ac6b-de41c419e7f7",
    "vertices" : [ {
      "x" : -76.01315,
      "y" : -44.36068,
      "z" : -145.17221
    }, {
      "x" : -82.867256,
      "y" : -55.45085,
      "z" : -140.93614
    }, {
      "x" : -82.867256,
      "y" : -51.214783,
      "z" : -138.3181
    } ],
    "faces" : [ {
      "vertices" : [ 0, 1, 2 ]
    }, {
      "vertices" : [ 0, 2, 1 ]
    } ]
  }, {
    "id" : "70b6d813-3664-4321-b41c-b8eee6dd2d78",
    "vertices" : [ {
      "x" : -53.832817,
      "y" : -147.79024,
      "z" : 67.54102
    }, {
      "x" : -53.832817,
      "y" : -147.79024,
      "z" : 53.832817
    }, {
      "x" : 118.7558,
      "y" : 24.798374,
      "z" : -118.7558
    }, {
      "x" : 125.6099,
      "y" : 31.652475,
      "z" : -111.9017
    } ],
    "faces" : [ {
      "vertices" : [ 0, 1, 2 ]
    }, {
      "vertices" : [ 0, 2, 3 ]
    }, {
      "vertices" : [ 0, 3, 2 ]
    }, {
      "vertices" : [ 0, 2, 1 ]
    } ]
  }, {
    "id" : "42946801-3c2d-42d3-898a-83b1d8ef5aad",
    "vertices" : [ {
      "x" : 26.416409,
      "y" : -91.33939,
      "z" : 44.36068
    }, {
      "x" : 29.034441,
      "y" : -95.57546,
      "z" : 37.506577
    }, {
      "x" : 26.416409,
      "y" : -93.95743,
      "z" : 37.506577
    } ],
    "faces" : [ {
      "vertices" : [ 0, 1, 2 ]
    }, {
      "vertices" : [ 0, 2, 1 ]
    } ]
  }, {
    "id" : "249f5989-e596-4a1a-bc5a-f08759458ecf",
    "vertices" : [ {
      "x" : 0.0,
      "y" : 58.068882,
      "z" : 0.0
    }, {
      "x" : 4.236068,
      "y" : 62.30495,
      "z" : 4.236068
    }, {
      "x" : 0.0,
      "y" : 58.068882,
      "z" : 8.472136
    } ],
    "faces" : [ {
      "vertices" : [ 0, 1, 2 ]
    }, {
      "vertices" : [ 0, 2, 1 ]
    } ]
  }, {
    "id" : "e8720e8f-7ec2-4195-be5f-b94d7a069938",
    "vertices" : [ {
      "x" : -2.618034,
      "y" : 24.798374,
      "z" : -46.978714
    }, {
      "x" : 0.0,
      "y" : 26.416409,
      "z" : -46.978714
    }, {
      "x" : -11.09017,
      "y" : 26.416409,
      "z" : -42.742645
    }, {
      "x" : -9.472136,
      "y" : 24.798374,
      "z" : -44.36068
    } ],
    "faces" : [ {
      "vertices" : [ 0, 1, 2 ]
    }, {
      "vertices" : [ 0, 2, 3 ]
    }, {
      "vertices" : [ 0, 3, 2 ]
    }, {
      "vertices" : [ 0, 2, 1 ]
    } ]
  }, {
    "id" : "f2457e8c-acab-4be3-84c2-9abe26c27916",
    "vertices" : [ {
      "x" : 0.0,
      "y" : -58.068882,
      "z" : 0.0
    }, {
      "x" : 4.236068,
      "y" : -62.30495,
      "z" : -4.236068
    }, {
      "x" : 0.0,
      "y" : -58.068882,
      "z" : -8.472136
    } ],
    "faces" : [ {
      "vertices" : [ 0, 1, 2 ]
    }, {
      "vertices" : [ 0, 2, 1 ]
    } ]
  }, {
    "id" : "979a6511-8061-4d87-8711-7838cd991ac5",
    "vertices" : [ {
      "x" : 129.84598,
      "y" : 20.562305,
      "z" : -111.9017
    }, {
      "x" : 118.7558,
      "y" : 24.798374,
      "z" : -118.7558
    }, {
      "x" : 125.6099,
      "y" : 31.652475,
      "z" : -111.9017
    } ],
    "faces" : [ {
      "vertices" : [ 0, 1, 2 ]
    }, {
      "vertices" : [ 0, 2, 1 ]
    } ]
  }, {
    "id" : "bbf267aa-292a-4716-8734-29716927b0a8",
    "vertices" : [ {
      "x" : -87.103325,
      "y" : 51.214783,
      "z" : -34.27051
    }, {
      "x" : -89.72136,
      "y" : 46.978714,
      "z" : -27.416409
    }, {
      "x" : -89.72136,
      "y" : 44.36068,
      "z" : -34.27051
    } ],
    "faces" : [ {
      "vertices" : [ 0, 1, 2 ]
    }, {
      "vertices" : [ 0, 2, 1 ]
    } ]
  }, {
    "id" : "bf56a38a-64ae-4da9-adb8-311ff86d381c",
    "vertices" : [ {
      "x" : 45.36068,
      "y" : 11.09017,
      "z" : -22.18034
    }, {
      "x" : 44.36068,
      "y" : 13.708204,
      "z" : -22.18034
    }, {
      "x" : 37.506577,
      "y" : 20.562305,
      "z" : -29.034441
    }, {
      "x" : 38.506577,
      "y" : 17.944271,
      "z" : -29.034441
    } ],
    "faces" : [ {
      "vertices" : [ 0, 1, 2 ]
    }, {
      "vertices" : [ 0, 2, 3 ]
    }, {
      "vertices" : [ 0, 3, 2 ]
    }, {
      "vertices" : [ 0, 2, 1 ]
    } ]
  }, {
    "id" : "0ad70e86-c18d-4019-8aa4-747513146b98",
    "vertices" : [ {
      "x" : -26.416409,
      "y" : 35.888542,
      "z" : -29.034441
    }, {
      "x" : -24.798374,
      "y" : 35.888542,
      "z" : -31.652475
    }, {
      "x" : -24.798374,
      "y" : 40.12461,
      "z" : -20.562305
    }, {
      "x" : -26.416409,
      "y" : 38.506577,
      "z" : -22.18034
    } ],
    "faces" : [ {
      "vertices" : [ 0, 1, 2 ]
    }, {
      "vertices" : [ 0, 2, 3 ]
    }, {
      "vertices" : [ 0, 3, 2 ]
    }, {
      "vertices" : [ 0, 2, 1 ]
    } ]
  }, {
    "id" : "ae9482e3-147f-48c4-bf84-35f7e45e33b7",
    "vertices" : [ {
      "x" : 19.562305,
      "y" : -69.15905,
      "z" : -77.63119
    }, {
      "x" : 15.326238,
      "y" : -73.39512,
      "z" : -73.39512
    }, {
      "x" : -91.33939,
      "y" : 41.742645,
      "z" : 33.27051
    }, {
      "x" : -91.33939,
      "y" : 33.27051,
      "z" : 33.27051
    } ],
    "faces" : [ {
      "vertices" : [ 0, 1, 2 ]
    }, {
      "vertices" : [ 0, 2, 3 ]
    }, {
      "vertices" : [ 0, 3, 2 ]
    }, {
      "vertices" : [ 0, 2, 1 ]
    } ]
  }, {
    "id" : "5f18fe4b-47f0-476f-896e-9cb9987cff26",
    "vertices" : [ {
      "x" : -167.35255,
      "y" : 35.888542,
      "z" : 2.618034
    }, {
      "x" : -163.11649,
      "y" : 29.034441,
      "z" : 13.708204
    }, {
      "x" : 116.137764,
      "y" : 29.034441,
      "z" : 120.37383
    }, {
      "x" : 122.99187,
      "y" : 35.888542,
      "z" : 113.51973
    } ],
    "faces" : [ {
      "vertices" : [ 0, 1, 2 ]
    }, {
      "vertices" : [ 0, 2, 3 ]
    }, {
      "vertices" : [ 0, 3, 2 ]
    }, {
      "vertices" : [ 0, 2, 1 ]
    } ]
  }, {
    "id" : "b713e3f1-7ef8-47f7-b027-5c82ae57fdfe",
    "vertices" : [ {
      "x" : -24.798374,
      "y" : 100.81153,
      "z" : 129.84598
    }, {
      "x" : -20.562305,
      "y" : 111.9017,
      "z" : 129.84598
    }, {
      "x" : 152.0263,
      "y" : -60.686916,
      "z" : -42.742645
    }, {
      "x" : 147.79024,
      "y" : -71.777084,
      "z" : -42.742645
    } ],
    "faces" : [ {
      "vertices" : [ 0, 1, 2 ]
    }, {
      "vertices" : [ 0, 2, 3 ]
    }, {
      "vertices" : [ 0, 3, 2 ]
    }, {
      "vertices" : [ 0, 2, 1 ]
    } ]
  }, {
    "id" : "b26b389e-1ec9-47b5-8ce1-930d2cdedbcd",
    "vertices" : [ {
      "x" : -46.978714,
      "y" : 109.28367,
      "z" : -116.137764
    }, {
      "x" : -42.742645,
      "y" : 120.37383,
      "z" : -116.137764
    }, {
      "x" : -42.742645,
      "y" : 13.708204,
      "z" : 163.11649
    }, {
      "x" : -46.978714,
      "y" : 2.618034,
      "z" : 163.11649
    } ],
    "faces" : [ {
      "vertices" : [ 0, 1, 2 ]
    }, {
      "vertices" : [ 0, 2, 3 ]
    }, {
      "vertices" : [ 0, 3, 2 ]
    }, {
      "vertices" : [ 0, 2, 1 ]
    } ]
  }, {
    "id" : "dd3466ae-e31c-4f35-b665-bb085b26fedc",
    "vertices" : [ {
      "x" : 33.27051,
      "y" : 33.27051,
      "z" : -24.798374
    }, {
      "x" : 35.888542,
      "y" : 31.652475,
      "z" : -24.798374
    }, {
      "x" : 29.034441,
      "y" : 38.506577,
      "z" : -17.944271
    }, {
      "x" : 29.034441,
      "y" : 37.506577,
      "z" : -20.562305
    } ],
    "faces" : [ {
      "vertices" : [ 0, 1, 2 ]
    }, {
      "vertices" : [ 0, 2, 3 ]
    }, {
      "vertices" : [ 0, 3, 2 ]
    }, {
      "vertices" : [ 0, 2, 1 ]
    } ]
  }, {
    "id" : "009947f6-bbaa-4a7a-b7c6-179a245a2e7c",
    "vertices" : [ {
      "x" : -22.18034,
      "y" : 46.978714,
      "z" : -29.034441
    }, {
      "x" : -29.034441,
      "y" : 49.59675,
      "z" : -24.798374
    }, {
      "x" : -29.034441,
      "y" : 46.978714,
      "z" : -26.416409
    } ],
    "faces" : [ {
      "vertices" : [ 0, 1, 2 ]
    }, {
      "vertices" : [ 0, 2, 1 ]
    } ]
  }, {
    "id" : "a4518e2e-fd96-41d5-91eb-33e4210f4ba7",
    "vertices" : [ {
      "x" : 116.137764,
      "y" : -42.742645,
      "z" : -120.37383
    }, {
      "x" : 111.9017,
      "y" : -40.12461,
      "z" : -120.37383
    }, {
      "x" : -167.35255,
      "y" : -40.12461,
      "z" : -13.708204
    }, {
      "x" : -163.11649,
      "y" : -42.742645,
      "z" : -13.708204
    } ],
    "faces" : [ {
      "vertices" : [ 0, 1, 2 ]
    }, {
      "vertices" : [ 0, 2, 3 ]
    }, {
      "vertices" : [ 0, 3, 2 ]
    }, {
      "vertices" : [ 0, 2, 1 ]
    } ]
  }, {
    "id" : "ecf7b314-19a2-4fc4-8f0e-7042e59542b8",
    "vertices" : [ {
      "x" : -2.618034,
      "y" : -167.35255,
      "z" : -35.888542
    }, {
      "x" : -13.708204,
      "y" : -163.11649,
      "z" : -29.034441
    }, {
      "x" : -120.37383,
      "y" : 116.137764,
      "z" : -29.034441
    }, {
      "x" : -113.51973,
      "y" : 122.99187,
      "z" : -35.888542
    } ],
    "faces" : [ {
      "vertices" : [ 0, 1, 2 ]
    }, {
      "vertices" : [ 0, 2, 3 ]
    }, {
      "vertices" : [ 0, 3, 2 ]
    }, {
      "vertices" : [ 0, 2, 1 ]
    } ]
  }, {
    "id" : "e025135a-109c-4422-a717-066d218cfbfc",
    "vertices" : [ {
      "x" : -87.103325,
      "y" : -51.214783,
      "z" : 34.27051
    }, {
      "x" : -89.72136,
      "y" : -46.978714,
      "z" : 27.416409
    }, {
      "x" : -89.72136,
      "y" : -44.36068,
      "z" : 34.27051
    } ],
    "faces" : [ {
      "vertices" : [ 0, 1, 2 ]
    }, {
      "vertices" : [ 0, 2, 1 ]
    } ]
  }, {
    "id" : "13958779-3590-43fc-8397-041a626d197f",
    "vertices" : [ {
      "x" : 24.798374,
      "y" : 100.81153,
      "z" : -129.84598
    }, {
      "x" : 20.562305,
      "y" : 111.9017,
      "z" : -129.84598
    }, {
      "x" : 31.652475,
      "y" : 111.9017,
      "z" : -125.6099
    } ],
    "faces" : [ {
      "vertices" : [ 0, 1, 2 ]
    }, {
      "vertices" : [ 0, 2, 1 ]
    } ]
  }, {
    "id" : "b4c3759d-6132-4009-8112-855cb3e1f210",
    "vertices" : [ {
      "x" : 76.01315,
      "y" : 22.18034,
      "z" : -70.15905
    }, {
      "x" : 71.777084,
      "y" : 17.944271,
      "z" : -74.39512
    }, {
      "x" : -103.429565,
      "y" : 22.18034,
      "z" : -1.618034
    }, {
      "x" : -100.81153,
      "y" : 17.944271,
      "z" : -8.472136
    } ],
    "faces" : [ {
      "vertices" : [ 0, 1, 2 ]
    }, {
      "vertices" : [ 0, 2, 3 ]
    }, {
      "vertices" : [ 0, 3, 2 ]
    }, {
      "vertices" : [ 0, 2, 1 ]
    } ]
  }, {
    "id" : "ba499b15-d1db-4e14-b726-18f7b1c23a7c",
    "vertices" : [ {
      "x" : -29.034441,
      "y" : -67.54102,
      "z" : -71.777084
    }, {
      "x" : -26.416409,
      "y" : -74.39512,
      "z" : -71.777084
    }, {
      "x" : -26.416409,
      "y" : -8.472136,
      "z" : 100.81153
    }, {
      "x" : -29.034441,
      "y" : -1.618034,
      "z" : 100.81153
    } ],
    "faces" : [ {
      "vertices" : [ 0, 1, 2 ]
    }, {
      "vertices" : [ 0, 2, 3 ]
    }, {
      "vertices" : [ 0, 3, 2 ]
    }, {
      "vertices" : [ 0, 2, 1 ]
    } ]
  }, {
    "id" : "b7037b6f-d1a7-47da-9137-72d2d89907b2",
    "vertices" : [ {
      "x" : 91.33939,
      "y" : -41.742645,
      "z" : 33.27051
    }, {
      "x" : 91.33939,
      "y" : -44.36068,
      "z" : 26.416409
    }, {
      "x" : -19.562305,
      "y" : 69.15905,
      "z" : -77.63119
    }, {
      "x" : -15.326238,
      "y" : 62.30495,
      "z" : -80.24922
    } ],
    "faces" : [ {
      "vertices" : [ 0, 1, 2 ]
    }, {
      "vertices" : [ 0, 2, 3 ]
    }, {
      "vertices" : [ 0, 3, 2 ]
    }, {
      "vertices" : [ 0, 2, 1 ]
    } ]
  }, {
    "id" : "8a4262c6-b879-4f64-b673-c233eafd3ac8",
    "vertices" : [ {
      "x" : -46.978714,
      "y" : -29.034441,
      "z" : 22.18034
    }, {
      "x" : -49.59675,
      "y" : -24.798374,
      "z" : 29.034441
    }, {
      "x" : -46.978714,
      "y" : -26.416409,
      "z" : 29.034441
    } ],
    "faces" : [ {
      "vertices" : [ 0, 1, 2 ]
    }, {
      "vertices" : [ 0, 2, 1 ]
    } ]
  }, {
    "id" : "f7a2f0f9-3215-482e-b143-08b40b9896e2",
    "vertices" : [ {
      "x" : 29.034441,
      "y" : 46.978714,
      "z" : -17.944271
    }, {
      "x" : 35.888542,
      "y" : 46.978714,
      "z" : -20.562305
    }, {
      "x" : 35.888542,
      "y" : 44.36068,
      "z" : -13.708204
    } ],
    "faces" : [ {
      "vertices" : [ 0, 1, 2 ]
    }, {
      "vertices" : [ 0, 2, 1 ]
    } ]
  }, {
    "id" : "5ee4cf98-bc6c-4e70-8c13-334d1e895ec6",
    "vertices" : [ {
      "x" : -55.45085,
      "y" : -145.17221,
      "z" : -71.777084
    }, {
      "x" : -62.30495,
      "y" : -134.08205,
      "z" : -76.01315
    }, {
      "x" : 44.36068,
      "y" : 145.17221,
      "z" : -76.01315
    }, {
      "x" : 55.45085,
      "y" : 145.17221,
      "z" : -71.777084
    } ],
    "faces" : [ {
      "vertices" : [ 0, 1, 2 ]
    }, {
      "vertices" : [ 0, 2, 3 ]
    }, {
      "vertices" : [ 0, 3, 2 ]
    }, {
      "vertices" : [ 0, 2, 1 ]
    } ]
  }, {
    "id" : "f5cc00e6-0c78-4e5e-992f-e175639ee7cc",
    "vertices" : [ {
      "x" : 11.09017,
      "y" : 6.854102,
      "z" : 58.068882
    }, {
      "x" : 4.236068,
      "y" : 4.236068,
      "z" : 62.30495
    }, {
      "x" : 4.236068,
      "y" : 6.854102,
      "z" : 60.686916
    } ],
    "faces" : [ {
      "vertices" : [ 0, 1, 2 ]
    }, {
      "vertices" : [ 0, 2, 1 ]
    } ]
  }, {
    "id" : "bcd4e587-23d9-4587-ae9c-e8d53a26412f",
    "vertices" : [ {
      "x" : -80.24922,
      "y" : 15.326238,
      "z" : -62.30495
    }, {
