{
  "field" : "golden",
  "symmetry" : "icosahedral",
  "orientations" : [ [ 1.0, 0.0, 0.0, 0.0, 0.0, 1.0, 0.0, 0.0, 0.0, 0.0, 1.0, 0.0, 0.0, 0.0, 0.0, 1.0 ], [ 0.0, 0.0, 1.0, 0.0, 1.0, 0.0, 0.0, 0.0, 0.0, 1.0, 0.0, 0.0, 0.0, 0.0, 0.0, 1.0 ], [ 0.0, 1.0, 0.0, 0.0, 0.0, 0.0, 1.0, 0.0, 1.0, 0.0, 0.0, 0.0, 0.0, 0.0, 0.0, 1.0 ], [ 0.809017, 0.309017, 0.5, 0.0, 0.309017, 0.5, -0.809017, 0.0, -0.5, 0.809017, 0.309017, 0.0, 0.0, 0.0, 0.0, 1.0 ], [ -0.5, 0.809017, 0.309017, 0.0, 0.809017, 0.309017, 0.5, 0.0, 0.309017, 0.5, -0.809017, 0.0, 0.0, 0.0, 0.0, 1.0 ], [ 0.309017, 0.5, -0.809017, 0.0, -0.5, 0.809017, 0.309017, 0.0, 0.809017, 0.309017, 0.5, 0.0, 0.0, 0.0, 0.0, 1.0 ], [ 0.5, 0.809017, 0.309017, 0.0, 0.809017, -0.309017, -0.5, 0.0, -0.309017, 0.5, -0.809017, 0.0, 0.0, 0.0, 0.0, 1.0 ], [ -0.309017, 0.5, -0.809017, 0.0, 0.5, 0.809017, 0.309017, 0.0, 0.809017, -0.309017, -0.5, 0.0, 0.0, 0.0, 0.0, 1.0 ], [ 0.809017, -0.309017, -0.5, 0.0, -0.309017, 0.5, -0.809017, 0.0, 0.5, 0.809017, 0.309017, 0.0, 0.0, 0.0, 0.0, 1.0 ], [ 0.5, 0.809017, -0.309017, 0.0, 0.809017, -0.309017, 0.5, 0.0, 0.309017, -0.5, -0.809017, 0.0, 0.0, 0.0, 0.0, 1.0 ], [ 0.309017, -0.5, -0.809017, 0.0, 0.5, 0.809017, -0.309017, 0.0, 0.809017, -0.309017, 0.5, 0.0, 0.0, 0.0, 0.0, 1.0 ], [ 0.809017, -0.309017, 0.5, 0.0, 0.309017, -0.5, -0.809017, 0.0, 0.5, 0.809017, -0.309017, 0.0, 0.0, 0.0, 0.0, 1.0 ], [ 0.809017, 0.309017, -0.5, 0.0, 0.309017, 0.5, 0.809017, 0.0, 0.5, -0.809017, 0.309017, 0.0, 0.0, 0.0, 0.0, 1.0 ], [ 0.5, -0.809017, 0.309017, 0.0, 0.809017, 0.309017, -0.5, 0.0, 0.309017, 0.5, 0.809017, 0.0, 0.0, 0.0, 0.0, 1.0 ], [ 0.309017, 0.5, 0.809017, 0.0, 0.5, -0.809017, 0.309017, 0.0, 0.809017, 0.309017, -0.5, 0.0, 0.0, 0.0, 0.0, 1.0 ], [ 1.0, 0.0, 0.0, 0.0, 0.0, -1.0, 0.0, 0.0, 0.0, 0.0, -1.0, 0.0, 0.0, 0.0, 0.0, 1.0 ], [ 0.0, 0.0, 1.0, 0.0, -1.0, 0.0, 0.0, 0.0, 0.0, -1.0, 0.0, 0.0, 0.0, 0.0, 0.0, 1.0 ], [ 0.0, 1.0, 0.0, 0.0, 0.0, 0.0, -1.0, 0.0, -1.0, 0.0, 0.0, 0.0, 0.0, 0.0, 0.0, 1.0 ], [ 0.809017, 0.309017, 0.5, 0.0, -0.309017, -0.5, 0.809017, 0.0, 0.5, -0.809017, -0.309017, 0.0, 0.0, 0.0, 0.0, 1.0 ], [ -0.5, 0.809017, 0.309017, 0.0, -0.809017, -0.309017, -0.5, 0.0, -0.309017, -0.5, 0.809017, 0.0, 0.0, 0.0, 0.0, 1.0 ], [ 0.309017, 0.5, -0.809017, 0.0, 0.5, -0.809017, -0.309017, 0.0, -0.809017, -0.309017, -0.5, 0.0, 0.0, 0.0, 0.0, 1.0 ], [ 0.5, 0.809017, 0.309017, 0.0, -0.809017, 0.309017, 0.5, 0.0, 0.309017, -0.5, 0.809017, 0.0, 0.0, 0.0, 0.0, 1.0 ], [ -0.309017, 0.5, -0.809017, 0.0, -0.5, -0.809017, -0.309017, 0.0, -0.809017, 0.309017, 0.5, 0.0, 0.0, 0.0, 0.0, 1.0 ], [ 0.809017, -0.309017, -0.5, 0.0, 0.309017, -0.5, 0.809017, 0.0, -0.5, -0.809017, -0.309017, 0.0, 0.0, 0.0, 0.0, 1.0 ], [ 0.5, 0.809017, -0.309017, 0.0, -0.809017, 0.309017, -0.5, 0.0, -0.309017, 0.5, 0.809017, 0.0, 0.0, 0.0, 0.0, 1.0 ], [ 0.309017, -0.5, -0.809017, 0.0, -0.5, -0.809017, 0.309017, 0.0, -0.809017, 0.309017, -0.5, 0.0, 0.0, 0.0, 0.0, 1.0 ], [ 0.809017, -0.309017, 0.5, 0.0, -0.309017, 0.5, 0.809017, 0.0, -0.5, -0.809017, 0.309017, 0.0, 0.0, 0.0, 0.0, 1.0 ], [ 0.809017, 0.309017, -0.5, 0.0, -0.309017, -0.5, -0.809017, 0.0, -0.5, 0.809017, -0.309017, 0.0, 0.0, 0.0, 0.0, 1.0 ], [ 0.5, -0.809017, 0.309017, 0.0, -0.809017, -0.309017, 0.5, 0.0, -0.309017, -0.5, -0.809017, 0.0, 0.0, 0.0, 0.0, 1.0 ], [ 0.309017, 0.5, 0.809017, 0.0, -0.5, 0.809017, -0.309017, 0.0, -0.809017, -0.309017, 0.5, 0.0, 0.0, 0.0, 0.0, 1.0 ], [ -1.0, 0.0, 0.0, 0.0, 0.0, -1.0, 0.0, 0.0, 0.0, 0.0, 1.0, 0.0, 0.0, 0.0, 0.0, 1.0 ], [ 0.0, 0.0, -1.0, 0.0, -1.0, 0.0, 0.0, 0.0, 0.0, 1.0, 0.0, 0.0, 0.0, 0.0, 0.0, 1.0 ], [ 0.0, -1.0, 0.0, 0.0, 0.0, 0.0, -1.0, 0.0, 1.0, 0.0, 0.0, 0.0, 0.0, 0.0, 0.0, 1.0 ], [ -0.809017, -0.309017, -0.5, 0.0, -0.309017, -0.5, 0.809017, 0.0, -0.5, 0.809017, 0.309017, 0.0, 0.0, 0.0, 0.0, 1.0 ], [ 0.5, -0.809017, -0.309017, 0.0, -0.809017, -0.309017, -0.5, 0.0, 0.309017, 0.5, -0.809017, 0.0, 0.0, 0.0, 0.0, 1.0 ], [ -0.309017, -0.5, 0.809017, 0.0, 0.5, -0.809017, -0.309017, 0.0, 0.809017, 0.309017, 0.5, 0.0, 0.0, 0.0, 0.0, 1.0 ], [ -0.5, -0.809017, -0.309017, 0.0, -0.809017, 0.309017, 0.5, 0.0, -0.309017, 0.5, -0.809017, 0.0, 0.0, 0.0, 0.0, 1.0 ], [ 0.309017, -0.5, 0.809017, 0.0, -0.5, -0.809017, -0.309017, 0.0, 0.809017, -0.309017, -0.5, 0.0, 0.0, 0.0, 0.0, 1.0 ], [ -0.809017, 0.309017, 0.5, 0.0, 0.309017, -0.5, 0.809017, 0.0, 0.5, 0.809017, 0.309017, 0.0, 0.0, 0.0, 0.0, 1.0 ], [ -0.5, -0.809017, 0.309017, 0.0, -0.809017, 0.309017, -0.5, 0.0, 0.309017, -0.5, -0.809017, 0.0, 0.0, 0.0, 0.0, 1.0 ], [ -0.309017, 0.5, 0.809017, 0.0, -0.5, -0.809017, 0.309017, 0.0, 0.809017, -0.309017, 0.5, 0.0, 0.0, 0.0, 0.0, 1.0 ], [ -0.809017, 0.309017, -0.5, 0.0, -0.309017, 0.5, 0.809017, 0.0, 0.5, 0.809017, -0.309017, 0.0, 0.0, 0.0, 0.0, 1.0 ], [ -0.809017, -0.309017, 0.5, 0.0, -0.309017, -0.5, -0.809017, 0.0, 0.5, -0.809017, 0.309017, 0.0, 0.0, 0.0, 0.0, 1.0 ], [ -0.5, 0.809017, -0.309017, 0.0, -0.809017, -0.309017, 0.5, 0.0, 0.309017, 0.5, 0.809017, 0.0, 0.0, 0.0, 0.0, 1.0 ], [ -0.309017, -0.5, -0.809017, 0.0, -0.5, 0.809017, -0.309017, 0.0, 0.809017, 0.309017, -0.5, 0.0, 0.0, 0.0, 0.0, 1.0 ], [ -1.0, 0.0, 0.0, 0.0, 0.0, 1.0, 0.0, 0.0, 0.0, 0.0, -1.0, 0.0, 0.0, 0.0, 0.0, 1.0 ], [ 0.0, 0.0, -1.0, 0.0, 1.0, 0.0, 0.0, 0.0, 0.0, -1.0, 0.0, 0.0, 0.0, 0.0, 0.0, 1.0 ], [ 0.0, -1.0, 0.0, 0.0, 0.0, 0.0, 1.0, 0.0, -1.0, 0.0, 0.0, 0.0, 0.0, 0.0, 0.0, 1.0 ], [ -0.809017, -0.309017, -0.5, 0.0, 0.309017, 0.5, -0.809017, 0.0, 0.5, -0.809017, -0.309017, 0.0, 0.0, 0.0, 0.0, 1.0 ], [ 0.5, -0.809017, -0.309017, 0.0, 0.809017, 0.309017, 0.5, 0.0, -0.309017, -0.5, 0.809017, 0.0, 0.0, 0.0, 0.0, 1.0 ], [ -0.309017, -0.5, 0.809017, 0.0, -0.5, 0.809017, 0.309017, 0.0, -0.809017, -0.309017, -0.5, 0.0, 0.0, 0.0, 0.0, 1.0 ], [ -0.5, -0.809017, -0.309017, 0.0, 0.809017, -0.309017, -0.5, 0.0, 0.309017, -0.5, 0.809017, 0.0, 0.0, 0.0, 0.0, 1.0 ], [ 0.309017, -0.5, 0.809017, 0.0, 0.5, 0.809017, 0.309017, 0.0, -0.809017, 0.309017, 0.5, 0.0, 0.0, 0.0, 0.0, 1.0 ], [ -0.809017, 0.309017, 0.5, 0.0, -0.309017, 0.5, -0.809017, 0.0, -0.5, -0.809017, -0.309017, 0.0, 0.0, 0.0, 0.0, 1.0 ], [ -0.5, -0.809017, 0.309017, 0.0, 0.809017, -0.309017, 0.5, 0.0, -0.309017, 0.5, 0.809017, 0.0, 0.0, 0.0, 0.0, 1.0 ], [ -0.309017, 0.5, 0.809017, 0.0, 0.5, 0.809017, -0.309017, 0.0, -0.809017, 0.309017, -0.5, 0.0, 0.0, 0.0, 0.0, 1.0 ], [ -0.809017, 0.309017, -0.5, 0.0, 0.309017, -0.5, -0.809017, 0.0, -0.5, -0.809017, 0.309017, 0.0, 0.0, 0.0, 0.0, 1.0 ], [ -0.809017, -0.309017, 0.5, 0.0, 0.309017, 0.5, 0.809017, 0.0, -0.5, 0.809017, -0.309017, 0.0, 0.0, 0.0, 0.0, 1.0 ], [ -0.5, 0.809017, -0.309017, 0.0, 0.809017, 0.309017, -0.5, 0.0, -0.309017, -0.5, -0.809017, 0.0, 0.0, 0.0, 0.0, 1.0 ], [ -0.309017, -0.5, -0.809017, 0.0, 0.5, -0.809017, 0.309017, 0.0, -0.809017, -0.309017, 0.5, 0.0, 0.0, 0.0, 0.0, 1.0 ] ],
  "lights" : {
    "backgroundColor" : "#666666",
    "ambientColor" : "#292929",
    "directionalLights" : [ {
      "direction" : {
        "x" : 1.0,
        "y" : -1.0,
        "z" : -1.0
      },
      "color" : "#EBEBE4"
    }, {
      "direction" : {
        "x" : -1.0,
        "y" : 0.0,
        "z" : 0.0
      },
      "color" : "#E4E4EB"
    }, {
      "direction" : {
        "x" : 0.0,
        "y" : 0.0,
        "z" : -1.0
      },
      "color" : "#1E1E1E"
    } ]
  },
  "camera" : {
    "lookDirection" : {
      "x" : 0.0,
      "y" : 0.0,
      "z" : -1.0
    },
    "upDirection" : {
      "x" : 0.0,
      "y" : 1.0,
      "z" : 0.0
    },
    "lookAtPoint" : {
      "x" : 0.0,
      "y" : 0.0,
      "z" : 0.0
    },
    "viewDistance" : 40.0,
    "nearClipDistance" : 0.099999994,
    "farClipDistance" : 79.99995,
    "fieldOfView" : 0.4426288,
    "perspective" : false,
    "stereo" : false,
    "width" : 17.999996,
    "position" : {
      "x" : 0.0,
      "y" : 0.0,
      "z" : 40.0
    }
  },
  "embedding" : [ 1.0, 0.0, 0.0, 0.0, 0.0, 1.0, 0.0, 0.0, 0.0, 0.0, 1.0, 0.0, 0.0, 0.0, 0.0, 1.0 ],
  "shapes" : [ {
    "id" : "f883293d-10e6-462e-aa4e-6d6b03768af8",
    "vertices" : [ {
      "x" : -0.309017,
      "y" : -0.19098301,
      "z" : 0.0
    }, {
      "x" : -0.309017,
      "y" : 0.19098301,
      "z" : 0.0
    }, {
      "x" : -0.19098301,
      "y" : 0.0,
      "z" : -0.309017
    }, {
      "x" : -0.19098301,
      "y" : 0.0,
      "z" : 0.309017
    }, {
      "x" : 0.0,
      "y" : -0.309017,
      "z" : -0.19098301
    }, {
      "x" : 0.0,
      "y" : -0.309017,
      "z" : 0.19098301
    }, {
      "x" : 0.0,
      "y" : 0.309017,
      "z" : -0.19098301
    }, {
      "x" : 0.0,
      "y" : 0.309017,
      "z" : 0.19098301
    }, {
      "x" : 0.19098301,
      "y" : 0.0,
      "z" : -0.309017
    }, {
      "x" : 0.19098301,
      "y" : 0.0,
      "z" : 0.309017
    }, {
      "x" : 0.309017,
      "y" : -0.19098301,
      "z" : 0.0
    }, {
      "x" : 0.309017,
      "y" : 0.19098301,
      "z" : 0.0
    } ],
    "faces" : [ {
      "vertices" : [ 0, 1, 2 ]
    }, {
      "vertices" : [ 0, 3, 1 ]
    }, {
      "vertices" : [ 0, 2, 4 ]
    }, {
      "vertices" : [ 0, 5, 3 ]
    }, {
      "vertices" : [ 0, 4, 5 ]
    }, {
      "vertices" : [ 1, 6, 2 ]
    }, {
      "vertices" : [ 1, 3, 7 ]
    }, {
      "vertices" : [ 1, 7, 6 ]
    }, {
      "vertices" : [ 2, 8, 4 ]
    }, {
      "vertices" : [ 2, 6, 8 ]
    }, {
      "vertices" : [ 3, 5, 9 ]
    }, {
      "vertices" : [ 3, 9, 7 ]
    }, {
      "vertices" : [ 4, 10, 5 ]
    }, {
      "vertices" : [ 4, 8, 10 ]
    }, {
      "vertices" : [ 5, 10, 9 ]
    }, {
      "vertices" : [ 6, 7, 11 ]
    }, {
      "vertices" : [ 6, 11, 8 ]
    }, {
      "vertices" : [ 7, 9, 11 ]
    }, {
      "vertices" : [ 8, 11, 10 ]
    }, {
      "vertices" : [ 9, 10, 11 ]
    } ]
  }, {
    "id" : "6f9ecbc0-8170-4e28-b5ba-8a9ac0fdc719",
    "vertices" : [ {
      "x" : 1.9804056,
      "y" : 1.3983582,
      "z" : -6.906515
    }, {
      "x" : 2.0804055,
      "y" : 0.99835825,
      "z" : -7.0065155
    }, {
      "x" : 0.40156043,
      "y" : -0.016392263,
      "z" : -0.56562066
    }, {
      "x" : 0.30156043,
      "y" : 0.38360775,
      "z" : -0.46562064
    }, {
      "x" : 2.3804057,
      "y" : 1.1316916,
      "z" : -6.773182
    }, {
      "x" : 2.2804055,
      "y" : 1.5316916,
      "z" : -6.673182
    }, {
      "x" : 0.0015604248,
      "y" : 0.2502744,
      "z" : -0.698954
    }, {
      "x" : 0.10156042,
      "y" : -0.1497256,
      "z" : -0.798954
    } ],
    "faces" : [ {
      "vertices" : [ 2, 3, 6 ]
    }, {
      "vertices" : [ 2, 6, 7 ]
    }, {
      "vertices" : [ 0, 5, 4 ]
    }, {
      "vertices" : [ 0, 4, 1 ]
    }, {
      "vertices" : [ 2, 4, 5 ]
    }, {
      "vertices" : [ 2, 5, 3 ]
    }, {
      "vertices" : [ 0, 6, 3 ]
    }, {
      "vertices" : [ 0, 3, 5 ]
    }, {
      "vertices" : [ 0, 1, 7 ]
    }, {
      "vertices" : [ 0, 7, 6 ]
    }, {
      "vertices" : [ 1, 4, 2 ]
    }, {
      "vertices" : [ 1, 2, 7 ]
    } ]
  } ],
  "instances" : [ {
    "shape" : "f883293d-10e6-462e-aa4e-6d6b03768af8",
    "color" : "#FFFFFF",
    "position" : {
      "x" : 2.618034,
      "y" : -3.0,
      "z" : -2.381966
    }
  }, {
    "shape" : "f883293d-10e6-462e-aa4e-6d6b03768af8",
    "color" : "#FFFFFF",
    "position" : {
      "x" : -2.618034,
      "y" : 3.0,
      "z" : -2.381966
    }
  }, {
    "shape" : "6f9ecbc0-8170-4e28-b5ba-8a9ac0fdc719",
    "color" : "#FFFFFF",
    "position" : {
      "x" : 0.38196602,
      "y" : -1.854102,
      "z" : 4.236068
    },
    "orientation" : 13
  }, {
    "shape" : "f883293d-10e6-462e-aa4e-6d6b03768af8",
    "color" : "#FFFFFF",
    "position" : {
      "x" : 2.381966,
      "y" : -2.618034,
      "z" : 3.0
    }
  }, {
    "shape" : "f883293d-10e6-462e-aa4e-6d6b03768af8",
    "color" : "#FFFFFF",
    "position" : {
      "x" : -4.236068,
      "y" : 0.38196602,
      "z" : 1.854102
    }
  }, {
    "shape" : "6f9ecbc0-8170-4e28-b5ba-8a9ac0fdc719",
    "color" : "#FFFFFF",
    "position" : {
      "x" : 4.236068,
      "y" : 0.38196602,
      "z" : -1.854102
    },
    "orientation" : 14
  }, {
    "shape" : "f883293d-10e6-462e-aa4e-6d6b03768af8",
    "color" : "#FFFFFF",
    "position" : {
      "x" : 2.618034,
      "y" : -3.0,
      "z" : 2.381966
    }
  }, {
    "shape" : "f883293d-10e6-462e-aa4e-6d6b03768af8",
    "color" : "#FFFFFF",
    "position" : {
      "x" : 0.0,
      "y" : 1.236068,
      "z" : -4.472136
    }
  }, {
    "shape" : "f883293d-10e6-462e-aa4e-6d6b03768af8",
    "color" : "#FFFFFF",
    "position" : {
      "x" : 1.854102,
      "y" : -4.236068,
      "z" : 0.38196602
    }
  }, {
    "shape" : "f883293d-10e6-462e-aa4e-6d6b03768af8",
    "color" : "#FFFFFF",
    "position" : {
      "x" : -0.38196602,
      "y" : -1.854102,
      "z" : -4.236068
    }
  }, {
    "shape" : "f883293d-10e6-462e-aa4e-6d6b03768af8",
    "color" : "#FFFFFF",
    "position" : {
      "x" : 1.854102,
      "y" : 4.236068,
      "z" : -0.38196602
    }
  }, {
    "shape" : "6f9ecbc0-8170-4e28-b5ba-8a9ac0fdc719",
    "color" : "#FFFFFF",
    "position" : {
      "x" : -1.854102,
      "y" : 4.236068,
      "z" : 0.38196602
    },
    "orientation" : 12
  }, {
    "shape" : "f883293d-10e6-462e-aa4e-6d6b03768af8",
    "color" : "#FFFFFF",
    "position" : {
      "x" : 1.236068,
      "y" : 4.472136,
      "z" : 0.0
    }
  }, {
    "shape" : "f883293d-10e6-462e-aa4e-6d6b03768af8",
    "color" : "#FFFFFF",
    "position" : {
      "x" : -2.381966,
      "y" : 2.618034,
      "z" : 3.0
    }
  }, {
    "shape" : "f883293d-10e6-462e-aa4e-6d6b03768af8",
    "color" : "#FFFFFF",
    "position" : {
      "x" : -4.236068,
      "y" : -0.38196602,
      "z" : -1.854102
    }
  }, {
    "shape" : "f883293d-10e6-462e-aa4e-6d6b03768af8",
    "color" : "#FFFFFF",
    "position" : {
      "x" : -4.472136,
      "y" : 0.0,
      "z" : -1.236068
    }
  }, {
    "shape" : "f883293d-10e6-462e-aa4e-6d6b03768af8",
    "color" : "#FFFFFF",
    "position" : {
      "x" : 3.0,
      "y" : -2.381966,
      "z" : -2.618034
    }
  }, {
    "shape" : "f883293d-10e6-462e-aa4e-6d6b03768af8",
    "color" : "#FFFFFF",
    "position" : {
      "x" : -3.0,
      "y" : -2.381966,
      "z" : 2.618034
    }
  }, {
    "shape" : "6f9ecbc0-8170-4e28-b5ba-8a9ac0fdc719",
    "color" : "#FFFFFF",
    "position" : {
      "x" : 0.38196602,
      "y" : -1.854102,
      "z" : -4.236068
    },
    "orientation" : 39
  }, {
    "shape" : "f883293d-10e6-462e-aa4e-6d6b03768af8",
    "color" : "#FFFFFF",
    "position" : {
      "x" : 2.618034,
      "y" : 3.0,
      "z" : -2.381966
    }
  }, {
    "shape" : "f883293d-10e6-462e-aa4e-6d6b03768af8",
    "color" : "#FFFFFF",
    "position" : {
      "x" : 1.854102,
      "y" : 4.236068,
      "z" : 0.38196602
    }
  }, {
    "shape" : "f883293d-10e6-462e-aa4e-6d6b03768af8",
    "color" : "#FFFFFF",
    "position" : {
      "x" : -2.618034,
      "y" : -3.0,
      "z" : -2.381966
    }
  }, {
    "shape" : "f883293d-10e6-462e-aa4e-6d6b03768af8",
    "color" : "#FFFFFF",
    "position" : {
      "x" : -3.0,
      "y" : 2.381966,
      "z" : -2.618034
    }
  }, {
    "shape" : "f883293d-10e6-462e-aa4e-6d6b03768af8",
    "color" : "#FFFFFF",
    "position" : {
      "x" : -1.854102,
      "y" : -4.236068,
      "z" : -0.38196602
    }
  }, {
    "shape" : "f883293d-10e6-462e-aa4e-6d6b03768af8",
    "color" : "#FFFFFF",
    "position" : {
      "x" : -2.618034,
      "y" : 3.0,
      "z" : 2.381966
    }
  }, {
    "shape" : "f883293d-10e6-462e-aa4e-6d6b03768af8",
    "color" : "#FFFFFF",
    "position" : {
      "x" : 2.381966,
      "y" : 2.618034,
      "z" : 3.0
    }
  }, {
    "shape" : "f883293d-10e6-462e-aa4e-6d6b03768af8",
    "color" : "#FFFFFF",
    "position" : {
      "x" : 4.236068,
      "y" : -0.38196602,
      "z" : 1.854102
    }
  }, {
    "shape" : "f883293d-10e6-462e-aa4e-6d6b03768af8",
    "color" : "#FFFFFF",
    "position" : {
      "x" : -2.381966,
      "y" : -2.618034,
      "z" : -3.0
    }
  }, {
    "shape" : "f883293d-10e6-462e-aa4e-6d6b03768af8",
    "color" : "#FFFFFF",
    "position" : {
      "x" : 4.236068,
      "y" : 0.38196602,
      "z" : 1.854102
    }
  }, {
    "shape" : "f883293d-10e6-462e-aa4e-6d6b03768af8",
    "color" : "#FFFFFF",
    "position" : {
      "x" : -1.236068,
      "y" : -4.472136,
      "z" : 0.0
    }
  }, {
    "shape" : "6f9ecbc0-8170-4e28-b5ba-8a9ac0fdc719",
    "color" : "#FFFFFF",
    "position" : {
      "x" : 0.0,
      "y" : -1.236068,
      "z" : 4.472136
    },
    "orientation" : 30
  }, {
    "shape" : "6f9ecbc0-8170-4e28-b5ba-8a9ac0fdc719",
    "color" : "#FFFFFF",
    "position" : {
      "x" : -2.381966,
      "y" : 2.618034,
      "z" : -3.0
    },
    "orientation" : 36
  }, {
    "shape" : "f883293d-10e6-462e-aa4e-6d6b03768af8",
    "color" : "#FFFFFF",
    "position" : {
      "x" : 0.38196602,
      "y" : -1.854102,
      "z" : 4.236068
    }
  }, {
    "shape" : "6f9ecbc0-8170-4e28-b5ba-8a9ac0fdc719",
    "color" : "#FFFFFF",
    "position" : {
      "x" : 0.0,
      "y" : 1.236068,
      "z" : 4.472136
    },
    "orientation" : 0
  }, {
    "shape" : "f883293d-10e6-462e-aa4e-6d6b03768af8",
    "color" : "#FFFFFF",
    "position" : {
      "x" : -2.618034,
      "y" : -3.0,
      "z" : 2.381966
    }
  }, {
    "shape" : "6f9ecbc0-8170-4e28-b5ba-8a9ac0fdc719",
    "color" : "#FFFFFF",
    "position" : {
      "x" : 0.0,
      "y" : 1.236068,
      "z" : -4.472136
    },
    "orientation" : 45
  }, {
    "shape" : "f883293d-10e6-462e-aa4e-6d6b03768af8",
    "color" : "#FFFFFF",
    "position" : {
      "x" : 4.236068,
      "y" : 0.38196602,
      "z" : -1.854102
    }
  }, {
    "shape" : "6f9ecbc0-8170-4e28-b5ba-8a9ac0fdc719",
    "color" : "#FFFFFF",
    "position" : {
      "x" : -1.854102,
      "y" : -4.236068,
      "z" : -0.38196602
    },
    "orientation" : 27
  }, {
    "shape" : "6f9ecbc0-8170-4e28-b5ba-8a9ac0fdc719",
    "color" : "#FFFFFF",
    "position" : {
      "x" : -3.0,
      "y" : 2.381966,
      "z" : -2.618034
    },
    "orientation" : 7
  }, {
    "shape" : "6f9ecbc0-8170-4e28-b5ba-8a9ac0fdc719",
    "color" : "#FFFFFF",
    "position" : {
      "x" : -4.236068,
      "y" : -0.38196602,
      "z" : -1.854102
    },
    "orientation" : 44
  }, {
    "shape" : "f883293d-10e6-462e-aa4e-6d6b03768af8",
    "color" : "#FFFFFF",
    "position" : {
      "x" : -0.38196602,
      "y" : -1.854102,
      "z" : 4.236068
    }
  }, {
    "shape" : "f883293d-10e6-462e-aa4e-6d6b03768af8",
    "color" : "#FFFFFF",
    "position" : {
      "x" : -4.236068,
      "y" : -0.38196602,
      "z" : 1.854102
    }
  }, {
    "shape" : "6f9ecbc0-8170-4e28-b5ba-8a9ac0fdc719",
    "color" : "#FFFFFF",
    "position" : {
      "x" : -4.236068,
      "y" : 0.38196602,
      "z" : -1.854102
    },
    "orientation" : 25
  }, {
    "shape" : "f883293d-10e6-462e-aa4e-6d6b03768af8",
    "color" : "#FFFFFF",
    "position" : {
      "x" : -4.236068,
      "y" : 0.38196602,
      "z" : -1.854102
    }
  }, {
    "shape" : "f883293d-10e6-462e-aa4e-6d6b03768af8",
    "color" : "#FFFFFF",
    "position" : {
      "x" : 4.236068,
      "y" : -0.38196602,
      "z" : -1.854102
    }
  }, {
    "shape" : "f883293d-10e6-462e-aa4e-6d6b03768af8",
    "color" : "#FFFFFF",
    "position" : {
      "x" : -1.854102,
      "y" : 4.236068,
      "z" : -0.38196602
    }
  }, {
    "shape" : "f883293d-10e6-462e-aa4e-6d6b03768af8",
    "color" : "#FFFFFF",
    "position" : {
      "x" : 0.38196602,
      "y" : 1.854102,
      "z" : 4.236068
    }
  }, {
    "shape" : "6f9ecbc0-8170-4e28-b5ba-8a9ac0fdc719",
    "color" : "#FFFFFF",
    "position" : {
      "x" : 1.236068,
      "y" : -4.472136,
      "z" : 0.0
    },
    "orientation" : 17
  }, {
    "shape" : "f883293d-10e6-462e-aa4e-6d6b03768af8",
    "color" : "#FFFFFF",
    "position" : {
      "x" : 2.381966,
      "y" : 2.618034,
      "z" : -3.0
    }
  }, {
    "shape" : "f883293d-10e6-462e-aa4e-6d6b03768af8",
    "color" : "#FFFFFF",
    "position" : {
      "x" : 0.38196602,
      "y" : -1.854102,
      "z" : -4.236068
    }
  }, {
    "shape" : "f883293d-10e6-462e-aa4e-6d6b03768af8",
    "color" : "#FFFFFF",
    "position" : {
      "x" : -2.381966,
      "y" : 2.618034,
      "z" : -3.0
    }
  }, {
    "shape" : "f883293d-10e6-462e-aa4e-6d6b03768af8",
    "color" : "#FFFFFF",
    "position" : {
      "x" : 2.618034,
      "y" : 3.0,
      "z" : 2.381966
    }
  }, {
    "shape" : "6f9ecbc0-8170-4e28-b5ba-8a9ac0fdc719",
    "color" : "#FFFFFF",
    "position" : {
      "x" : -4.472136,
      "y" : 0.0,
      "z" : 1.236068
    },
    "orientation" : 31
  }, {
    "shape" : "f883293d-10e6-462e-aa4e-6d6b03768af8",
    "color" : "#FFFFFF",
    "position" : {
      "x" : 3.0,
      "y" : -2.381966,
      "z" : 2.618034
    }
  }, {
    "shape" : "6f9ecbc0-8170-4e28-b5ba-8a9ac0fdc719",
    "color" : "#FFFFFF",
    "position" : {
      "x" : 0.0,
      "y" : -1.236068,
      "z" : -4.472136
    },
    "orientation" : 15
  }, {
    "shape" : "f883293d-10e6-462e-aa4e-6d6b03768af8",
    "color" : "#FFFFFF",
    "position" : {
      "x" : 0.0,
      "y" : -1.236068,
      "z" : -4.472136
    }
  }, {
    "shape" : "f883293d-10e6-462e-aa4e-6d6b03768af8",
    "color" : "#FFFFFF",
    "position" : {
      "x" : 0.38196602,
      "y" : 1.854102,
      "z" : -4.236068
    }
  }, {
    "shape" : "f883293d-10e6-462e-aa4e-6d6b03768af8",
    "color" : "#FFFFFF",
    "position" : {
      "x" : 1.854102,
      "y" : -4.236068,
      "z" : -0.38196602
    }
  }, {
    "shape" : "6f9ecbc0-8170-4e28-b5ba-8a9ac0fdc719",
    "color" : "#FFFFFF",
    "position" : {
      "x" : -0.38196602,
      "y" : 1.854102,
      "z" : -4.236068
    },
    "orientation" : 9
  }, {
    "shape" : "6f9ecbc0-8170-4e28-b5ba-8a9ac0fdc719",
    "color" : "#FFFFFF",
    "position" : {
      "x" : -4.472136,
      "y" : 0.0,
      "z" : -1.236068
    },
    "orientation" : 46
  }, {
    "shape" : "f883293d-10e6-462e-aa4e-6d6b03768af8",
    "color" : "#FFFFFF",
    "position" : {
      "x" : -0.38196602,
      "y" : 1.854102,
      "z" : -4.236068
    }
  }, {
    "shape" : "6f9ecbc0-8170-4e28-b5ba-8a9ac0fdc719",
    "color" : "#FFFFFF",
    "position" : {
      "x" : 0.38196602,
      "y" : 1.854102,
      "z" : -4.236068
    },
    "orientation" : 28
  }, {
    "shape" : "6f9ecbc0-8170-4e28-b5ba-8a9ac0fdc719",
    "color" : "#FFFFFF",
    "position" : {
      "x" : -2.618034,
      "y" : -3.0,
      "z" : 2.381966
    },
    "orientation" : 8
  }, {
    "shape" : "f883293d-10e6-462e-aa4e-6d6b03768af8",
    "color" : "#FFFFFF",
    "position" : {
      "x" : -0.38196602,
      "y" : 1.854102,
      "z" : 4.236068
    }
  }, {
    "shape" : "f883293d-10e6-462e-aa4e-6d6b03768af8",
    "color" : "#FFFFFF",
    "position" : {
      "x" : -4.472136,
      "y" : 0.0,
      "z" : 1.236068
    }
  }, {
    "shape" : "6f9ecbc0-8170-4e28-b5ba-8a9ac0fdc719",
    "color" : "#FFFFFF",
    "position" : {
      "x" : 2.381966,
      "y" : -2.618034,
      "z" : -3.0
    },
    "orientation" : 6
  }, {
    "shape" : "6f9ecbc0-8170-4e28-b5ba-8a9ac0fdc719",
    "color" : "#FFFFFF",
    "position" : {
      "x" : -4.236068,
      "y" : -0.38196602,
      "z" : 1.854102
    },
    "orientation" : 10
  }, {
    "shape" : "6f9ecbc0-8170-4e28-b5ba-8a9ac0fdc719",
    "color" : "#FFFFFF",
    "position" : {
      "x" : 1.854102,
      "y" : 4.236068,
      "z" : 0.38196602
    },
    "orientation" : 26
  }, {
    "shape" : "f883293d-10e6-462e-aa4e-6d6b03768af8",
    "color" : "#FFFFFF",
    "position" : {
      "x" : -1.854102,
      "y" : 4.236068,
      "z" : 0.38196602
    }
  }, {
    "shape" : "6f9ecbc0-8170-4e28-b5ba-8a9ac0fdc719",
    "color" : "#FFFFFF",
    "position" : {
      "x" : -1.236068,
      "y" : 4.472136,
      "z" : 0.0
    },
    "orientation" : 47
  }, {
    "shape" : "f883293d-10e6-462e-aa4e-6d6b03768af8",
    "color" : "#FFFFFF",
    "position" : {
      "x" : 0.0,
      "y" : -1.236068,
      "z" : 4.472136
    }
  }, {
    "shape" : "f883293d-10e6-462e-aa4e-6d6b03768af8",
    "color" : "#FFFFFF",
    "position" : {
      "x" : -1.854102,
      "y" : -4.236068,
      "z" : 0.38196602
    }
  }, {
    "shape" : "6f9ecbc0-8170-4e28-b5ba-8a9ac0fdc719",
    "color" : "#FFFFFF",
    "position" : {
      "x" : 1.236068,
      "y" : 4.472136,
      "z" : 0.0
    },
    "orientation" : 2
  }, {
    "shape" : "f883293d-10e6-462e-aa4e-6d6b03768af8",
    "color" : "#FFFFFF",
    "position" : {
      "x" : -1.236068,
      "y" : 4.472136,
      "z" : 0.0
    }
  }, {
    "shape" : "f883293d-10e6-462e-aa4e-6d6b03768af8",
    "color" : "#FFFFFF",
    "position" : {
      "x" : 4.472136,
      "y" : 0.0,
      "z" : -1.236068
    }
  }, {
    "shape" : "6f9ecbc0-8170-4e28-b5ba-8a9ac0fdc719",
    "color" : "#FFFFFF",
    "position" : {
      "x" : -1.236068,
      "y" : -4.472136,
      "z" : 0.0
    },
    "orientation" : 32
  }, {
    "shape" : "f883293d-10e6-462e-aa4e-6d6b03768af8",
    "color" : "#FFFFFF",
    "position" : {
      "x" : 3.0,
      "y" : 2.381966,
      "z" : -2.618034
    }
  }, {
    "shape" : "6f9ecbc0-8170-4e28-b5ba-8a9ac0fdc719",
    "color" : "#FFFFFF",
    "position" : {
      "x" : -3.0,
      "y" : -2.381966,
      "z" : 2.618034
    },
    "orientation" : 22
  }, {
    "shape" : "6f9ecbc0-8170-4e28-b5ba-8a9ac0fdc719",
    "color" : "#FFFFFF",
    "position" : {
      "x" : 4.472136,
      "y" : 0.0,
      "z" : -1.236068
    },
    "orientation" : 16
  }, {
    "shape" : "6f9ecbc0-8170-4e28-b5ba-8a9ac0fdc719",
    "color" : "#FFFFFF",
    "position" : {
      "x" : 4.472136,
      "y" : 0.0,
      "z" : 1.236068
    },
    "orientation" : 1
  }, {
    "shape" : "6f9ecbc0-8170-4e28-b5ba-8a9ac0fdc719",
    "color" : "#FFFFFF",
    "position" : {
      "x" : 1.854102,
      "y" : -4.236068,
      "z" : -0.38196602
    },
    "orientation" : 11
  }, {
    "shape" : "f883293d-10e6-462e-aa4e-6d6b03768af8",
    "color" : "#FFFFFF",
    "position" : {
      "x" : 0.0,
      "y" : 1.236068,
      "z" : 4.472136
    }
  }, {
    "shape" : "f883293d-10e6-462e-aa4e-6d6b03768af8",
    "color" : "#FFFFFF",
    "position" : {
      "x" : 2.381966,
      "y" : -2.618034,
      "z" : -3.0
    }
  }, {
    "shape" : "f883293d-10e6-462e-aa4e-6d6b03768af8",
    "color" : "#FFFFFF",
    "position" : {
      "x" : -2.381966,
      "y" : -2.618034,
      "z" : 3.0
    }
  }, {
    "shape" : "f883293d-10e6-462e-aa4e-6d6b03768af8",
    "color" : "#FFFFFF",
    "position" : {
      "x" : -3.0,
      "y" : 2.381966,
      "z" : 2.618034
    }
  }, {
    "shape" : "f883293d-10e6-462e-aa4e-6d6b03768af8",
    "color" : "#FFFFFF",
    "position" : {
      "x" : -3.0,
      "y" : -2.381966,
      "z" : -2.618034
    }
  }, {
    "shape" : "f883293d-10e6-462e-aa4e-6d6b03768af8",
    "color" : "#FFFFFF",
    "position" : {
      "x" : 4.472136,
      "y" : 0.0,
      "z" : 1.236068
    }
  }, {
    "shape" : "6f9ecbc0-8170-4e28-b5ba-8a9ac0fdc719",
    "color" : "#FFFFFF",
    "position" : {
      "x" : -2.618034,
      "y" : 3.0,
      "z" : -2.381966
    },
    "orientation" : 23
  }, {
    "shape" : "f883293d-10e6-462e-aa4e-6d6b03768af8",
    "color" : "#FFFFFF",
    "position" : {
      "x" : 3.0,
      "y" : 2.381966,
      "z" : 2.618034
    }
  }, {
    "shape" : "f883293d-10e6-462e-aa4e-6d6b03768af8",
    "color" : "#FFFFFF",
    "position" : {
      "x" : 1.236068,
      "y" : -4.472136,
      "z" : 0.0
    }
  } ]
}