{
  "field" : "golden",
  "symmetry" : "icosahedral",
  "orientations" : [ [ 1.0, 0.0, 0.0, 0.0, 0.0, 1.0, 0.0, 0.0, 0.0, 0.0, 1.0, 0.0, 0.0, 0.0, 0.0, 1.0 ], [ 0.0, 0.0, 1.0, 0.0, 1.0, 0.0, 0.0, 0.0, 0.0, 1.0, 0.0, 0.0, 0.0, 0.0, 0.0, 1.0 ], [ 0.0, 1.0, 0.0, 0.0, 0.0, 0.0, 1.0, 0.0, 1.0, 0.0, 0.0, 0.0, 0.0, 0.0, 0.0, 1.0 ], [ 0.809017, 0.309017, 0.5, 0.0, 0.309017, 0.5, -0.809017, 0.0, -0.5, 0.809017, 0.309017, 0.0, 0.0, 0.0, 0.0, 1.0 ], [ -0.5, 0.809017, 0.309017, 0.0, 0.809017, 0.309017, 0.5, 0.0, 0.309017, 0.5, -0.809017, 0.0, 0.0, 0.0, 0.0, 1.0 ], [ 0.309017, 0.5, -0.809017, 0.0, -0.5, 0.809017, 0.309017, 0.0, 0.809017, 0.309017, 0.5, 0.0, 0.0, 0.0, 0.0, 1.0 ], [ 0.5, 0.809017, 0.309017, 0.0, 0.809017, -0.309017, -0.5, 0.0, -0.309017, 0.5, -0.809017, 0.0, 0.0, 0.0, 0.0, 1.0 ], [ -0.309017, 0.5, -0.809017, 0.0, 0.5, 0.809017, 0.309017, 0.0, 0.809017, -0.309017, -0.5, 0.0, 0.0, 0.0, 0.0, 1.0 ], [ 0.809017, -0.309017, -0.5, 0.0, -0.309017, 0.5, -0.809017, 0.0, 0.5, 0.809017, 0.309017, 0.0, 0.0, 0.0, 0.0, 1.0 ], [ 0.5, 0.809017, -0.309017, 0.0, 0.809017, -0.309017, 0.5, 0.0, 0.309017, -0.5, -0.809017, 0.0, 0.0, 0.0, 0.0, 1.0 ], [ 0.309017, -0.5, -0.809017, 0.0, 0.5, 0.809017, -0.309017, 0.0, 0.809017, -0.309017, 0.5, 0.0, 0.0, 0.0, 0.0, 1.0 ], [ 0.809017, -0.309017, 0.5, 0.0, 0.309017, -0.5, -0.809017, 0.0, 0.5, 0.809017, -0.309017, 0.0, 0.0, 0.0, 0.0, 1.0 ], [ 0.809017, 0.309017, -0.5, 0.0, 0.309017, 0.5, 0.809017, 0.0, 0.5, -0.809017, 0.309017, 0.0, 0.0, 0.0, 0.0, 1.0 ], [ 0.5, -0.809017, 0.309017, 0.0, 0.809017, 0.309017, -0.5, 0.0, 0.309017, 0.5, 0.809017, 0.0, 0.0, 0.0, 0.0, 1.0 ], [ 0.309017, 0.5, 0.809017, 0.0, 0.5, -0.809017, 0.309017, 0.0, 0.809017, 0.309017, -0.5, 0.0, 0.0, 0.0, 0.0, 1.0 ], [ 1.0, 0.0, 0.0, 0.0, 0.0, -1.0, 0.0, 0.0, 0.0, 0.0, -1.0, 0.0, 0.0, 0.0, 0.0, 1.0 ], [ 0.0, 0.0, 1.0, 0.0, -1.0, 0.0, 0.0, 0.0, 0.0, -1.0, 0.0, 0.0, 0.0, 0.0, 0.0, 1.0 ], [ 0.0, 1.0, 0.0, 0.0, 0.0, 0.0, -1.0, 0.0, -1.0, 0.0, 0.0, 0.0, 0.0, 0.0, 0.0, 1.0 ], [ 0.809017, 0.309017, 0.5, 0.0, -0.309017, -0.5, 0.809017, 0.0, 0.5, -0.809017, -0.309017, 0.0, 0.0, 0.0, 0.0, 1.0 ], [ -0.5, 0.809017, 0.309017, 0.0, -0.809017, -0.309017, -0.5, 0.0, -0.309017, -0.5, 0.809017, 0.0, 0.0, 0.0, 0.0, 1.0 ], [ 0.309017, 0.5, -0.809017, 0.0, 0.5, -0.809017, -0.309017, 0.0, -0.809017, -0.309017, -0.5, 0.0, 0.0, 0.0, 0.0, 1.0 ], [ 0.5, 0.809017, 0.309017, 0.0, -0.809017, 0.309017, 0.5, 0.0, 0.309017, -0.5, 0.809017, 0.0, 0.0, 0.0, 0.0, 1.0 ], [ -0.309017, 0.5, -0.809017, 0.0, -0.5, -0.809017, -0.309017, 0.0, -0.809017, 0.309017, 0.5, 0.0, 0.0, 0.0, 0.0, 1.0 ], [ 0.809017, -0.309017, -0.5, 0.0, 0.309017, -0.5, 0.809017, 0.0, -0.5, -0.809017, -0.309017, 0.0, 0.0, 0.0, 0.0, 1.0 ], [ 0.5, 0.809017, -0.309017, 0.0, -0.809017, 0.309017, -0.5, 0.0, -0.309017, 0.5, 0.809017, 0.0, 0.0, 0.0, 0.0, 1.0 ], [ 0.309017, -0.5, -0.809017, 0.0, -0.5, -0.809017, 0.309017, 0.0, -0.809017, 0.309017, -0.5, 0.0, 0.0, 0.0, 0.0, 1.0 ], [ 0.809017, -0.309017, 0.5, 0.0, -0.309017, 0.5, 0.809017, 0.0, -0.5, -0.809017, 0.309017, 0.0, 0.0, 0.0, 0.0, 1.0 ], [ 0.809017, 0.309017, -0.5, 0.0, -0.309017, -0.5, -0.809017, 0.0, -0.5, 0.809017, -0.309017, 0.0, 0.0, 0.0, 0.0, 1.0 ], [ 0.5, -0.809017, 0.309017, 0.0, -0.809017, -0.309017, 0.5, 0.0, -0.309017, -0.5, -0.809017, 0.0, 0.0, 0.0, 0.0, 1.0 ], [ 0.309017, 0.5, 0.809017, 0.0, -0.5, 0.809017, -0.309017, 0.0, -0.809017, -0.309017, 0.5, 0.0, 0.0, 0.0, 0.0, 1.0 ], [ -1.0, 0.0, 0.0, 0.0, 0.0, -1.0, 0.0, 0.0, 0.0, 0.0, 1.0, 0.0, 0.0, 0.0, 0.0, 1.0 ], [ 0.0, 0.0, -1.0, 0.0, -1.0, 0.0, 0.0, 0.0, 0.0, 1.0, 0.0, 0.0, 0.0, 0.0, 0.0, 1.0 ], [ 0.0, -1.0, 0.0, 0.0, 0.0, 0.0, -1.0, 0.0, 1.0, 0.0, 0.0, 0.0, 0.0, 0.0, 0.0, 1.0 ], [ -0.809017, -0.309017, -0.5, 0.0, -0.309017, -0.5, 0.809017, 0.0, -0.5, 0.809017, 0.309017, 0.0, 0.0, 0.0, 0.0, 1.0 ], [ 0.5, -0.809017, -0.309017, 0.0, -0.809017, -0.309017, -0.5, 0.0, 0.309017, 0.5, -0.809017, 0.0, 0.0, 0.0, 0.0, 1.0 ], [ -0.309017, -0.5, 0.809017, 0.0, 0.5, -0.809017, -0.309017, 0.0, 0.809017, 0.309017, 0.5, 0.0, 0.0, 0.0, 0.0, 1.0 ], [ -0.5, -0.809017, -0.309017, 0.0, -0.809017, 0.309017, 0.5, 0.0, -0.309017, 0.5, -0.809017, 0.0, 0.0, 0.0, 0.0, 1.0 ], [ 0.309017, -0.5, 0.809017, 0.0, -0.5, -0.809017, -0.309017, 0.0, 0.809017, -0.309017, -0.5, 0.0, 0.0, 0.0, 0.0, 1.0 ], [ -0.809017, 0.309017, 0.5, 0.0, 0.309017, -0.5, 0.809017, 0.0, 0.5, 0.809017, 0.309017, 0.0, 0.0, 0.0, 0.0, 1.0 ], [ -0.5, -0.809017, 0.309017, 0.0, -0.809017, 0.309017, -0.5, 0.0, 0.309017, -0.5, -0.809017, 0.0, 0.0, 0.0, 0.0, 1.0 ], [ -0.309017, 0.5, 0.809017, 0.0, -0.5, -0.809017, 0.309017, 0.0, 0.809017, -0.309017, 0.5, 0.0, 0.0, 0.0, 0.0, 1.0 ], [ -0.809017, 0.309017, -0.5, 0.0, -0.309017, 0.5, 0.809017, 0.0, 0.5, 0.809017, -0.309017, 0.0, 0.0, 0.0, 0.0, 1.0 ], [ -0.809017, -0.309017, 0.5, 0.0, -0.309017, -0.5, -0.809017, 0.0, 0.5, -0.809017, 0.309017, 0.0, 0.0, 0.0, 0.0, 1.0 ], [ -0.5, 0.809017, -0.309017, 0.0, -0.809017, -0.309017, 0.5, 0.0, 0.309017, 0.5, 0.809017, 0.0, 0.0, 0.0, 0.0, 1.0 ], [ -0.309017, -0.5, -0.809017, 0.0, -0.5, 0.809017, -0.309017, 0.0, 0.809017, 0.309017, -0.5, 0.0, 0.0, 0.0, 0.0, 1.0 ], [ -1.0, 0.0, 0.0, 0.0, 0.0, 1.0, 0.0, 0.0, 0.0, 0.0, -1.0, 0.0, 0.0, 0.0, 0.0, 1.0 ], [ 0.0, 0.0, -1.0, 0.0, 1.0, 0.0, 0.0, 0.0, 0.0, -1.0, 0.0, 0.0, 0.0, 0.0, 0.0, 1.0 ], [ 0.0, -1.0, 0.0, 0.0, 0.0, 0.0, 1.0, 0.0, -1.0, 0.0, 0.0, 0.0, 0.0, 0.0, 0.0, 1.0 ], [ -0.809017, -0.309017, -0.5, 0.0, 0.309017, 0.5, -0.809017, 0.0, 0.5, -0.809017, -0.309017, 0.0, 0.0, 0.0, 0.0, 1.0 ], [ 0.5, -0.809017, -0.309017, 0.0, 0.809017, 0.309017, 0.5, 0.0, -0.309017, -0.5, 0.809017, 0.0, 0.0, 0.0, 0.0, 1.0 ], [ -0.309017, -0.5, 0.809017, 0.0, -0.5, 0.809017, 0.309017, 0.0, -0.809017, -0.309017, -0.5, 0.0, 0.0, 0.0, 0.0, 1.0 ], [ -0.5, -0.809017, -0.309017, 0.0, 0.809017, -0.309017, -0.5, 0.0, 0.309017, -0.5, 0.809017, 0.0, 0.0, 0.0, 0.0, 1.0 ], [ 0.309017, -0.5, 0.809017, 0.0, 0.5, 0.809017, 0.309017, 0.0, -0.809017, 0.309017, 0.5, 0.0, 0.0, 0.0, 0.0, 1.0 ], [ -0.809017, 0.309017, 0.5, 0.0, -0.309017, 0.5, -0.809017, 0.0, -0.5, -0.809017, -0.309017, 0.0, 0.0, 0.0, 0.0, 1.0 ], [ -0.5, -0.809017, 0.309017, 0.0, 0.809017, -0.309017, 0.5, 0.0, -0.309017, 0.5, 0.809017, 0.0, 0.0, 0.0, 0.0, 1.0 ], [ -0.309017, 0.5, 0.809017, 0.0, 0.5, 0.809017, -0.309017, 0.0, -0.809017, 0.309017, -0.5, 0.0, 0.0, 0.0, 0.0, 1.0 ], [ -0.809017, 0.309017, -0.5, 0.0, 0.309017, -0.5, -0.809017, 0.0, -0.5, -0.809017, 0.309017, 0.0, 0.0, 0.0, 0.0, 1.0 ], [ -0.809017, -0.309017, 0.5, 0.0, 0.309017, 0.5, 0.809017, 0.0, -0.5, 0.809017, -0.309017, 0.0, 0.0, 0.0, 0.0, 1.0 ], [ -0.5, 0.809017, -0.309017, 0.0, 0.809017, 0.309017, -0.5, 0.0, -0.309017, -0.5, -0.809017, 0.0, 0.0, 0.0, 0.0, 1.0 ], [ -0.309017, -0.5, -0.809017, 0.0, 0.5, -0.809017, 0.309017, 0.0, -0.809017, -0.309017, 0.5, 0.0, 0.0, 0.0, 0.0, 1.0 ] ],
  "lights" : {
    "backgroundColor" : "#AFC8DC",
    "ambientColor" : "#292929",
    "directionalLights" : [ {
      "direction" : {
        "x" : 1.0,
        "y" : -1.0,
        "z" : -1.0
      },
      "color" : "#EBEBE4"
    }, {
      "direction" : {
        "x" : -1.0,
        "y" : 0.0,
        "z" : 0.0
      },
      "color" : "#E4E4EB"
    }, {
      "direction" : {
        "x" : 0.0,
        "y" : 0.0,
        "z" : -1.0
      },
      "color" : "#1E1E1E"
    } ]
  },
  "camera" : {
    "lookDirection" : {
      "x" : 0.3568221,
      "y" : -0.93417233,
      "z" : 0.0
    },
    "upDirection" : {
      "x" : 0.0,
      "y" : 0.0,
      "z" : 0.99999994
    },
    "lookAtPoint" : {
      "x" : 0.0,
      "y" : 0.0,
      "z" : 0.0
    },
    "viewDistance" : 278.35007,
    "nearClipDistance" : 0.6958756,
    "farClipDistance" : 556.69904,
    "fieldOfView" : 0.44262886,
    "perspective" : false,
    "stereo" : false,
    "width" : 125.25753,
    "position" : {
      "x" : -99.32146,
      "y" : 260.02692,
      "z" : 0.0
    }
  },
  "embedding" : [ 1.0, 0.0, 0.0, 0.0, 0.0, 1.0, 0.0, 0.0, 0.0, 0.0, 1.0, 0.0, 0.0, 0.0, 0.0, 1.0 ],
  "shapes" : [ {
    "id" : "95c2a150-c655-49a2-b094-82b948f7bab0",
    "vertices" : [ {
      "x" : -16.326239,
      "y" : 2.618034,
      "z" : -19.562305
    }, {
      "x" : -23.798374,
      "y" : -9.472136,
      "z" : 0.0
    }, {
      "x" : -22.18034,
      "y" : -12.09017,
      "z" : -4.236068
    }, {
      "x" : -16.326239,
      "y" : -2.618034,
      "z" : -19.562305
    } ],
    "faces" : [ {
      "vertices" : [ 0, 1, 2 ]
    }, {
      "vertices" : [ 0, 2, 3 ]
    }, {
      "vertices" : [ 0, 3, 2 ]
    }, {
      "vertices" : [ 0, 2, 1 ]
    } ]
  }, {
    "id" : "354b8422-4ee8-4196-8bdb-06e37f1b601b",
    "vertices" : [ {
      "x" : 6.854102,
      "y" : 11.09017,
      "z" : 4.236068
    }, {
      "x" : 12.984597,
      "y" : 14.8790245,
      "z" : 8.024922
    }, {
      "x" : 16.049845,
      "y" : 9.91935,
      "z" : 9.91935
    }, {
      "x" : 11.09017,
      "y" : 4.236068,
      "z" : 6.854102
    } ],
    "faces" : [ {
      "vertices" : [ 0, 1, 2 ]
    }, {
      "vertices" : [ 0, 2, 3 ]
    }, {
      "vertices" : [ 0, 3, 2 ]
    }, {
      "vertices" : [ 0, 2, 1 ]
    } ]
  }, {
    "id" : "e5498876-a5ab-4ba0-b34f-1ac19e904fb3",
    "vertices" : [ {
      "x" : -4.236068,
      "y" : -13.708204,
      "z" : 15.326238
    }, {
      "x" : -3.236068,
      "y" : -14.708204,
      "z" : 14.326238
    }, {
      "x" : -5.236068,
      "y" : -17.944271,
      "z" : 9.09017
    }, {
      "x" : -6.854102,
      "y" : -17.944271,
      "z" : 8.472136
    } ],
    "faces" : [ {
      "vertices" : [ 0, 1, 2 ]
    }, {
      "vertices" : [ 0, 2, 3 ]
    }, {
      "vertices" : [ 0, 3, 2 ]
    }, {
      "vertices" : [ 0, 2, 1 ]
    } ]
  }, {
    "id" : "e52df6d1-87b7-490d-a75b-7c8e4b57b4b1",
    "vertices" : [ {
      "x" : 4.236068,
      "y" : -11.09017,
      "z" : -5.236068
    }, {
      "x" : 2.618034,
      "y" : -8.472136,
      "z" : -9.472136
    }, {
      "x" : 2.618034,
      "y" : -19.562305,
      "z" : -16.326239
    }, {
      "x" : 4.236068,
      "y" : -22.18034,
      "z" : -12.09017
    } ],
    "faces" : [ {
      "vertices" : [ 0, 1, 2 ]
    }, {
      "vertices" : [ 0, 2, 3 ]
    }, {
      "vertices" : [ 0, 3, 2 ]
    }, {
      "vertices" : [ 0, 2, 1 ]
    } ]
  }, {
    "id" : "2851f6e6-ce15-4220-8648-c54be00b7310",
    "vertices" : [ {
      "x" : -21.00952,
      "y" : -1.8944272,
      "z" : 3.0652475
    }, {
      "x" : -22.18034,
      "y" : 0.0,
      "z" : 0.0
    }, {
      "x" : -21.00952,
      "y" : 1.8944272,
      "z" : 3.0652475
    } ],
    "faces" : [ {
      "vertices" : [ 0, 1, 2 ]
    }, {
      "vertices" : [ 0, 2, 1 ]
    } ]
  }, {
    "id" : "69417cfb-0775-4749-87e1-1ef09ce619ef",
    "vertices" : [ {
      "x" : -2.618034,
      "y" : -8.472136,
      "z" : -9.472136
    }, {
      "x" : -4.236068,
      "y" : -11.09017,
      "z" : -5.236068
    }, {
      "x" : -4.236068,
      "y" : -22.18034,
      "z" : -12.09017
    }, {
      "x" : -2.618034,
      "y" : -19.562305,
      "z" : -16.326239
    } ],
    "faces" : [ {
      "vertices" : [ 0, 1, 2 ]
    }, {
      "vertices" : [ 0, 2, 3 ]
    }, {
      "vertices" : [ 0, 3, 2 ]
    }, {
      "vertices" : [ 0, 2, 1 ]
    } ]
  }, {
    "id" : "bf5dc286-ce34-497b-91c2-12cee1cc0a05",
    "vertices" : [ {
      "x" : -4.236068,
      "y" : 6.854102,
      "z" : -11.09017
    }, {
      "x" : -8.024922,
      "y" : 12.984597,
      "z" : -14.8790245
    }, {
      "x" : -9.91935,
      "y" : 16.049845,
      "z" : -9.91935
    }, {
      "x" : -6.854102,
      "y" : 11.09017,
      "z" : -4.236068
    } ],
    "faces" : [ {
      "vertices" : [ 0, 1, 2 ]
    }, {
      "vertices" : [ 0, 2, 3 ]
    }, {
      "vertices" : [ 0, 3, 2 ]
    }, {
      "vertices" : [ 0, 2, 1 ]
    } ]
  }, {
    "id" : "3765cd83-d644-418c-b3e0-6e3609d7b534",
    "vertices" : [ {
      "x" : 9.472136,
      "y" : 4.236068,
      "z" : 17.944271
    }, {
      "x" : 12.09017,
      "y" : 4.236068,
      "z" : 22.18034
    }, {
      "x" : 9.472136,
      "y" : 0.0,
      "z" : 23.798374
    }, {
      "x" : 6.854102,
      "y" : 0.0,
      "z" : 19.562305
    } ],
    "faces" : [ {
      "vertices" : [ 0, 1, 2 ]
    }, {
      "vertices" : [ 0, 2, 3 ]
    }, {
      "vertices" : [ 0, 3, 2 ]
    }, {
      "vertices" : [ 0, 2, 1 ]
    } ]
  }, {
    "id" : "6363db5e-ef14-489c-9a34-a74fdc4355a4",
    "vertices" : [ {
      "x" : -28.034441,
      "y" : 12.09017,
      "z" : 0.0
    }, {
      "x" : -23.798374,
      "y" : 9.472136,
      "z" : 0.0
    }, {
      "x" : -16.326239,
      "y" : -2.618034,
      "z" : 19.562305
    }, {
      "x" : -18.944271,
      "y" : -2.618034,
      "z" : 23.798374
    } ],
    "faces" : [ {
      "vertices" : [ 0, 1, 2 ]
    }, {
      "vertices" : [ 0, 2, 3 ]
    }, {
      "vertices" : [ 0, 3, 2 ]
    }, {
      "vertices" : [ 0, 2, 1 ]
    } ]
  }, {
    "id" : "795622a7-0340-4cc6-93a7-091ed127143f",
    "vertices" : [ {
      "x" : -11.09017,
      "y" : 17.944271,
      "z" : 6.854102
    }, {
      "x" : 0.0,
      "y" : 22.18034,
      "z" : 0.0
    }, {
      "x" : 0.0,
      "y" : 19.562305,
      "z" : 6.854102
    }, {
      "x" : -4.236068,
      "y" : 17.944271,
      "z" : 9.472136
    } ],
    "faces" : [ {
      "vertices" : [ 0, 1, 2 ]
    }, {
      "vertices" : [ 0, 2, 3 ]
    }, {
      "vertices" : [ 0, 3, 2 ]
    }, {
      "vertices" : [ 0, 2, 1 ]
    } ]
  }, {
    "id" : "629aa1f2-df5e-4f94-973b-45dfa345cec1",
    "vertices" : [ {
      "x" : -15.326238,
      "y" : -13.708204,
      "z" : 2.618034
    }, {
      "x" : -11.09017,
      "y" : -17.944271,
      "z" : 6.854102
    }, {
      "x" : -11.09017,
      "y" : -17.944271,
      "z" : -6.854102
    }, {
      "x" : -15.326238,
      "y" : -13.708204,
      "z" : -2.618034
    } ],
    "faces" : [ {
      "vertices" : [ 0, 1, 2 ]
    }, {
      "vertices" : [ 0, 2, 3 ]
    }, {
      "vertices" : [ 0, 3, 2 ]
    }, {
      "vertices" : [ 0, 2, 1 ]
    } ]
  }, {
    "id" : "c9bf065e-dba1-480f-b1a3-53f2f2cce319",
    "vertices" : [ {
      "x" : 0.0,
      "y" : -28.034441,
      "z" : 12.09017
    }, {
      "x" : -23.798374,
      "y" : -18.944271,
      "z" : -2.618034
    }, {
      "x" : -23.798374,
      "y" : -18.944271,
      "z" : 2.618034
    }, {
      "x" : -4.236068,
      "y" : -26.416409,
      "z" : 14.708204
    } ],
    "faces" : [ {
      "vertices" : [ 0, 1, 2 ]
    }, {
      "vertices" : [ 0, 2, 3 ]
    }, {
      "vertices" : [ 0, 3, 2 ]
    }, {
      "vertices" : [ 0, 2, 1 ]
    } ]
  }, {
    "id" : "255d0a48-ec98-42a1-9c67-0e621d435a21",
    "vertices" : [ {
      "x" : -3.0652475,
      "y" : 11.09017,
      "z" : -17.944271
    }, {
      "x" : -6.854102,
      "y" : 11.09017,
      "z" : -17.944271
    }, {
      "x" : -4.959675,
      "y" : 8.024922,
      "z" : -19.115093
    } ],
    "faces" : [ {
      "vertices" : [ 0, 1, 2 ]
    }, {
      "vertices" : [ 0, 2, 1 ]
    } ]
  }, {
    "id" : "217e584b-00be-455b-9c66-383fec556af7",
    "vertices" : [ {
      "x" : 13.708204,
      "y" : -15.326238,
      "z" : -4.236068
    }, {
      "x" : 14.708204,
      "y" : -14.326238,
      "z" : -3.236068
    }, {
      "x" : 17.944271,
      "y" : -9.09017,
      "z" : -5.236068
    }, {
      "x" : 17.944271,
      "y" : -8.472136,
      "z" : -6.854102
    } ],
    "faces" : [ {
      "vertices" : [ 0, 1, 2 ]
    }, {
      "vertices" : [ 0, 2, 3 ]
    }, {
      "vertices" : [ 0, 3, 2 ]
    }, {
      "vertices" : [ 0, 2, 1 ]
    } ]
  }, {
    "id" : "6570bf74-3229-4f38-ba7c-6e74e4f2f846",
    "vertices" : [ {
      "x" : -11.09017,
      "y" : 4.236068,
      "z" : 6.854102
    }, {
      "x" : -16.049845,
      "y" : 9.91935,
      "z" : 9.91935
    }, {
      "x" : -12.984597,
      "y" : 14.8790245,
      "z" : 8.024922
    }, {
      "x" : -6.854102,
      "y" : 11.09017,
      "z" : 4.236068
    } ],
    "faces" : [ {
      "vertices" : [ 0, 1, 2 ]
    }, {
      "vertices" : [ 0, 2, 3 ]
    }, {
      "vertices" : [ 0, 3, 2 ]
    }, {
      "vertices" : [ 0, 2, 1 ]
    } ]
  }, {
    "id" : "b99257e3-905b-4d56-9ea5-878f038ae9a6",
    "vertices" : [ {
      "x" : -6.854102,
      "y" : -17.944271,
      "z" : 8.472136
    }, {
      "x" : -11.09017,
      "y" : -17.944271,
      "z" : 6.854102
    }, {
      "x" : -6.854102,
      "y" : -11.09017,
      "z" : 17.944271
    }, {
      "x" : -4.236068,
      "y" : -13.708204,
      "z" : 15.326238
    } ],
    "faces" : [ {
      "vertices" : [ 0, 1, 2 ]
    }, {
      "vertices" : [ 0, 2, 3 ]
    }, {
      "vertices" : [ 0, 3, 2 ]
    }, {
      "vertices" : [ 0, 2, 1 ]
    } ]
  }, {
    "id" : "47efbaf9-5ef6-40d9-bdbe-99b94255bd38",
    "vertices" : [ {
      "x" : -4.236068,
      "y" : -6.854102,
      "z" : -11.09017
    }, {
      "x" : 4.236068,
      "y" : -6.854102,
      "z" : -11.09017
    }, {
      "x" : 2.618034,
      "y" : -8.472136,
      "z" : -9.472136
    }, {
      "x" : -2.618034,
      "y" : -8.472136,
      "z" : -9.472136
    } ],
    "faces" : [ {
      "vertices" : [ 0, 1, 2 ]
    }, {
      "vertices" : [ 0, 2, 3 ]
    }, {
      "vertices" : [ 0, 3, 2 ]
    }, {
      "vertices" : [ 0, 2, 1 ]
    } ]
  }, {
    "id" : "97d30dc3-b817-4a31-b20a-0f4d23c04921",
    "vertices" : [ {
      "x" : -8.024922,
      "y" : 12.984597,
      "z" : 14.8790245
    }, {
      "x" : -6.854102,
      "y" : 11.09017,
      "z" : 17.944271
    }, {
      "x" : -9.91935,
      "y" : 9.91935,
      "z" : 16.049845
    } ],
    "faces" : [ {
      "vertices" : [ 0, 1, 2 ]
    }, {
      "vertices" : [ 0, 2, 1 ]
    } ]
  }, {
    "id" : "661ddff8-9c93-4f4e-aaf7-21c411fd3d2c",
    "vertices" : [ {
      "x" : 0.0,
      "y" : -20.562305,
      "z" : -4.236068
    }, {
      "x" : 0.0,
      "y" : -22.18034,
      "z" : 0.0
    }, {
      "x" : 11.09017,
      "y" : -17.944271,
      "z" : -6.854102
    }, {
      "x" : 6.854102,
      "y" : -17.944271,
      "z" : -8.472136
    } ],
    "faces" : [ {
      "vertices" : [ 0, 1, 2 ]
    }, {
      "vertices" : [ 0, 2, 3 ]
    }, {
      "vertices" : [ 0, 3, 2 ]
    }, {
      "vertices" : [ 0, 2, 1 ]
    } ]
  }, {
    "id" : "21462213-658c-40b6-a8b4-7d912257ce90",
    "vertices" : [ {
      "x" : -4.236068,
      "y" : -13.708204,
      "z" : -15.326238
    }, {
      "x" : -3.236068,
      "y" : -14.708204,
      "z" : -14.326238
    }, {
      "x" : 3.236068,
      "y" : -14.708204,
      "z" : -14.326238
    }, {
      "x" : 4.236068,
      "y" : -13.708204,
      "z" : -15.326238
    } ],
    "faces" : [ {
      "vertices" : [ 0, 1, 2 ]
    }, {
      "vertices" : [ 0, 2, 3 ]
    }, {
      "vertices" : [ 0, 3, 2 ]
    }, {
      "vertices" : [ 0, 2, 1 ]
    } ]
  }, {
    "id" : "43ebe8f3-4b5b-48b0-ac05-e96b442cb79a",
    "vertices" : [ {
      "x" : -19.562305,
      "y" : -16.326239,
      "z" : -2.618034
    }, {
      "x" : -4.236068,
      "y" : -22.18034,
      "z" : -12.09017
    }, {
      "x" : -2.618034,
      "y" : -19.562305,
      "z" : -16.326239
    }, {
      "x" : -22.18034,
      "y" : -12.09017,
      "z" : -4.236068
    } ],
    "faces" : [ {
      "vertices" : [ 0, 1, 2 ]
    }, {
      "vertices" : [ 0, 2, 3 ]
    }, {
      "vertices" : [ 0, 3, 2 ]
    }, {
      "vertices" : [ 0, 2, 1 ]
    } ]
  }, {
    "id" : "13366bb3-32f9-4843-ac30-006b6df5eca1",
    "vertices" : [ {
      "x" : -16.326239,
      "y" : 2.618034,
      "z" : -19.562305
    }, {
      "x" : -23.798374,
      "y" : -9.472136,
      "z" : 0.0
    }, {
      "x" : -28.034441,
      "y" : -12.09017,
      "z" : 0.0
    }, {
      "x" : -18.944271,
      "y" : 2.618034,
      "z" : -23.798374
    } ],
    "faces" : [ {
      "vertices" : [ 0, 1, 2 ]
    }, {
      "vertices" : [ 0, 2, 3 ]
    }, {
      "vertices" : [ 0, 3, 2 ]
    }, {
      "vertices" : [ 0, 2, 1 ]
    } ]
  }, {
    "id" : "bcb54f1d-62a3-4aaf-85db-5abf1bb1e11f",
    "vertices" : [ {
      "x" : -4.236068,
      "y" : 6.854102,
      "z" : 11.09017
    }, {
      "x" : -3.0652475,
      "y" : 11.09017,
      "z" : 17.944271
    }, {
      "x" : 3.0652475,
      "y" : 11.09017,
      "z" : 17.944271
    }, {
      "x" : 4.236068,
      "y" : 6.854102,
      "z" : 11.09017
    } ],
    "faces" : [ {
      "vertices" : [ 0, 1, 2 ]
    }, {
      "vertices" : [ 0, 2, 3 ]
    }, {
      "vertices" : [ 0, 3, 2 ]
    }, {
      "vertices" : [ 0, 2, 1 ]
    } ]
  }, {
    "id" : "6973b97c-7af3-4aba-b1dc-c6945ff01da6",
    "vertices" : [ {
      "x" : 14.708204,
      "y" : 4.236068,
      "z" : 26.416409
    }, {
      "x" : 12.09017,
      "y" : 0.0,
      "z" : 28.034441
    }, {
      "x" : -12.09017,
      "y" : 0.0,
      "z" : 28.034441
    }, {
      "x" : -14.708204,
      "y" : 4.236068,
      "z" : 26.416409
    } ],
    "faces" : [ {
      "vertices" : [ 0, 1, 2 ]
    }, {
      "vertices" : [ 0, 2, 3 ]
    }, {
      "vertices" : [ 0, 3, 2 ]
    }, {
      "vertices" : [ 0, 2, 1 ]
    } ]
  }, {
    "id" : "e8ced802-6410-4577-9c76-bb1dc6b1678a",
    "vertices" : [ {
      "x" : 4.236068,
      "y" : 6.854102,
      "z" : -11.09017
    }, {
      "x" : 3.0652475,
      "y" : 11.09017,
      "z" : -17.944271
    }, {
      "x" : -3.0652475,
      "y" : 11.09017,
      "z" : -17.944271
    }, {
      "x" : -4.236068,
      "y" : 6.854102,
      "z" : -11.09017
    } ],
    "faces" : [ {
      "vertices" : [ 0, 1, 2 ]
    }, {
      "vertices" : [ 0, 2, 3 ]
    }, {
      "vertices" : [ 0, 3, 2 ]
    }, {
      "vertices" : [ 0, 2, 1 ]
    } ]
  }, {
    "id" : "ae72483b-ae48-4d28-a745-c27524a2eaac",
    "vertices" : [ {
      "x" : -16.326239,
      "y" : 2.618034,
      "z" : 19.562305
    }, {
      "x" : -16.326239,
      "y" : -2.618034,
      "z" : 19.562305
    }, {
      "x" : -23.798374,
      "y" : 9.472136,
      "z" : 0.0
    }, {
      "x" : -22.18034,
      "y" : 12.09017,
      "z" : 4.236068
    } ],
    "faces" : [ {
      "vertices" : [ 0, 1, 2 ]
    }, {
      "vertices" : [ 0, 2, 3 ]
    }, {
      "vertices" : [ 0, 3, 2 ]
    }, {
      "vertices" : [ 0, 2, 1 ]
    } ]
  }, {
    "id" : "4b4e9349-a057-48f5-8d49-0281a43b3b39",
    "vertices" : [ {
      "x" : -4.236068,
      "y" : -6.854102,
      "z" : 11.09017
    }, {
      "x" : -9.91935,
      "y" : -9.91935,
      "z" : 16.049845
    }, {
      "x" : -8.024922,
      "y" : -12.984597,
      "z" : 14.8790245
    } ],
    "faces" : [ {
      "vertices" : [ 0, 1, 2 ]
    }, {
      "vertices" : [ 0, 2, 1 ]
    } ]
  }, {
    "id" : "6d21b934-c7d8-4eb1-bc16-4f1277d2dde5",
    "vertices" : [ {
      "x" : 11.09017,
      "y" : -4.236068,
      "z" : -6.854102
    }, {
      "x" : 14.8790245,
      "y" : -8.024922,
      "z" : -12.984597
    }, {
      "x" : 9.91935,
      "y" : -9.91935,
      "z" : -16.049845
    }, {
      "x" : 4.236068,
      "y" : -6.854102,
      "z" : -11.09017
    } ],
    "faces" : [ {
      "vertices" : [ 0, 1, 2 ]
    }, {
      "vertices" : [ 0, 2, 3 ]
    }, {
      "vertices" : [ 0, 3, 2 ]
    }, {
      "vertices" : [ 0, 2, 1 ]
    } ]
  }, {
    "id" : "d6025dc1-281b-4f45-8b88-a479b23019f6",
    "vertices" : [ {
      "x" : -17.944271,
      "y" : -9.472136,
      "z" : -4.236068
    }, {
      "x" : -17.944271,
      "y" : -6.854102,
      "z" : -11.09017
    }, {
      "x" : -22.18034,
      "y" : 0.0,
      "z" : 0.0
    }, {
      "x" : -19.562305,
      "y" : -6.854102,
      "z" : 0.0
    } ],
    "faces" : [ {
      "vertices" : [ 0, 1, 2 ]
    }, {
      "vertices" : [ 0, 2, 3 ]
    }, {
      "vertices" : [ 0, 3, 2 ]
    }, {
      "vertices" : [ 0, 2, 1 ]
    } ]
  }, {
    "id" : "5d1a78e8-317a-4d07-9796-41c237bbf360",
    "vertices" : [ {
      "x" : -17.944271,
      "y" : 9.472136,
      "z" : 4.236068
    }, {
      "x" : -22.18034,
      "y" : 12.09017,
      "z" : 4.236068
    }, {
      "x" : -19.562305,
      "y" : 16.326239,
      "z" : 2.618034
    }, {
      "x" : -15.326238,
      "y" : 13.708204,
      "z" : 2.618034
    } ],
    "faces" : [ {
      "vertices" : [ 0, 1, 2 ]
    }, {
      "vertices" : [ 0, 2, 3 ]
    }, {
      "vertices" : [ 0, 3, 2 ]
    }, {
      "vertices" : [ 0, 2, 1 ]
    } ]
  }, {
    "id" : "b424e44c-5a3f-46d0-a1f2-077c63736b66",
    "vertices" : [ {
      "x" : 13.708204,
      "y" : -15.326238,
      "z" : 4.236068
    }, {
      "x" : 11.09017,
      "y" : -17.944271,
      "z" : 6.854102
    }, {
      "x" : 17.944271,
      "y" : -6.854102,
      "z" : 11.09017
    }, {
      "x" : 17.944271,
      "y" : -8.472136,
      "z" : 6.854102
    } ],
    "faces" : [ {
      "vertices" : [ 0, 1, 2 ]
    }, {
      "vertices" : [ 0, 2, 3 ]
    }, {
      "vertices" : [ 0, 3, 2 ]
    }, {
      "vertices" : [ 0, 2, 1 ]
    } ]
  }, {
    "id" : "619a757c-bb4c-474d-a2ee-836f88b6d82a",
    "vertices" : [ {
      "x" : -17.944271,
      "y" : 9.472136,
      "z" : -4.236068
    }, {
      "x" : -22.18034,
      "y" : 12.09017,
      "z" : -4.236068
    }, {
      "x" : -23.798374,
      "y" : 9.472136,
      "z" : 0.0
    }, {
      "x" : -19.562305,
      "y" : 6.854102,
      "z" : 0.0
    } ],
    "faces" : [ {
      "vertices" : [ 0, 1, 2 ]
    }, {
      "vertices" : [ 0, 2, 3 ]
    }, {
      "vertices" : [ 0, 3, 2 ]
    }, {
      "vertices" : [ 0, 2, 1 ]
    } ]
  }, {
    "id" : "9d8ee87c-3824-4ffb-9f57-8a0de174af8d",
    "vertices" : [ {
      "x" : 13.708204,
      "y" : -2.618034,
      "z" : 15.326238
    }, {
      "x" : 16.326239,
      "y" : -2.618034,
      "z" : 19.562305
    }, {
      "x" : 16.326239,
      "y" : 2.618034,
      "z" : 19.562305
    }, {
      "x" : 13.708204,
      "y" : 2.618034,
      "z" : 15.326238
    } ],
    "faces" : [ {
      "vertices" : [ 0, 1, 2 ]
    }, {
      "vertices" : [ 0, 2, 3 ]
    }, {
      "vertices" : [ 0, 3, 2 ]
    }, {
      "vertices" : [ 0, 2, 1 ]
    } ]
  }, {
    "id" : "685362e0-cd8e-488f-87b7-f8188f48c0a0",
    "vertices" : [ {
      "x" : 6.854102,
      "y" : -11.09017,
      "z" : -4.236068
    }, {
      "x" : 12.984597,
      "y" : -14.8790245,
      "z" : -8.024922
    }, {
      "x" : 16.049845,
      "y" : -9.91935,
      "z" : -9.91935
    }, {
      "x" : 11.09017,
      "y" : -4.236068,
      "z" : -6.854102
    } ],
    "faces" : [ {
      "vertices" : [ 0, 1, 2 ]
    }, {
      "vertices" : [ 0, 2, 3 ]
    }, {
      "vertices" : [ 0, 3, 2 ]
    }, {
      "vertices" : [ 0, 2, 1 ]
    } ]
  }, {
    "id" : "f60d72ca-4326-4963-b762-586a1d053e1c",
    "vertices" : [ {
      "x" : 2.618034,
      "y" : 23.798374,
      "z" : 18.944271
    }, {
      "x" : 2.618034,
      "y" : 19.562305,
      "z" : 16.326239
    }, {
      "x" : -2.618034,
      "y" : 19.562305,
      "z" : 16.326239
    }, {
      "x" : -2.618034,
      "y" : 23.798374,
      "z" : 18.944271
    } ],
    "faces" : [ {
      "vertices" : [ 0, 1, 2 ]
    }, {
      "vertices" : [ 0, 2, 3 ]
    }, {
      "vertices" : [ 0, 3, 2 ]
    }, {
      "vertices" : [ 0, 2, 1 ]
    } ]
  }, {
    "id" : "8b728a22-71cc-4f8e-a5d1-80f3c073fb73",
    "vertices" : [ {
      "x" : -2.618034,
      "y" : 15.326238,
      "z" : -13.708204
    }, {
      "x" : -2.618034,
      "y" : 19.562305,
      "z" : -16.326239
    }, {
      "x" : -4.236068,
      "y" : 22.18034,
      "z" : -12.09017
    }, {
      "x" : -4.236068,
      "y" : 17.944271,
      "z" : -9.472136
    } ],
    "faces" : [ {
      "vertices" : [ 0, 1, 2 ]
    }, {
      "vertices" : [ 0, 2, 3 ]
    }, {
      "vertices" : [ 0, 3, 2 ]
    }, {
      "vertices" : [ 0, 2, 1 ]
    } ]
  }, {
    "id" : "3945291a-5183-4b84-abe8-9fe956abc5e4",
    "vertices" : [ {
      "x" : -17.944271,
      "y" : 3.0652475,
      "z" : -11.09017
    }, {
      "x" : -17.944271,
      "y" : 6.854102,
      "z" : -11.09017
    }, {
      "x" : -19.115093,
      "y" : 4.959675,
      "z" : -8.024922
    } ],
    "faces" : [ {
      "vertices" : [ 0, 1, 2 ]
    }, {
      "vertices" : [ 0, 2, 1 ]
    } ]
  }, {
    "id" : "471cd186-b740-413f-a7e7-3790f8d15480",
    "vertices" : [ {
      "x" : -8.472136,
      "y" : 6.854102,
      "z" : -17.944271
    }, {
      "x" : -4.236068,
      "y" : 0.0,
      "z" : -20.562305
    }, {
      "x" : -5.854102,
      "y" : 0.0,
      "z" : -19.944271
    }, {
      "x" : -9.09017,
      "y" : 5.236068,
      "z" : -17.944271
    } ],
    "faces" : [ {
      "vertices" : [ 0, 1, 2 ]
    }, {
      "vertices" : [ 0, 2, 3 ]
    }, {
      "vertices" : [ 0, 3, 2 ]
    }, {
      "vertices" : [ 0, 2, 1 ]
    } ]
  }, {
    "id" : "81d96206-25b8-4d1b-977b-2fb2c2418cbb",
    "vertices" : [ {
      "x" : 13.708204,
      "y" : 2.618034,
      "z" : 15.326238
    }, {
      "x" : 17.944271,
      "y" : 6.854102,
      "z" : 11.09017
    }, {
      "x" : 17.944271,
      "y" : -6.854102,
      "z" : 11.09017
    }, {
      "x" : 13.708204,
      "y" : -2.618034,
      "z" : 15.326238
    } ],
    "faces" : [ {
      "vertices" : [ 0, 1, 2 ]
    }, {
      "vertices" : [ 0, 2, 3 ]
    }, {
      "vertices" : [ 0, 3, 2 ]
    }, {
      "vertices" : [ 0, 2, 1 ]
    } ]
  }, {
    "id" : "6425a871-d3af-4b49-af83-e7762b9ef161",
    "vertices" : [ {
      "x" : 4.236068,
      "y" : -13.708204,
      "z" : -15.326238
    }, {
      "x" : 3.236068,
      "y" : -14.708204,
      "z" : -14.326238
    }, {
      "x" : 5.236068,
      "y" : -17.944271,
      "z" : -9.09017
    }, {
      "x" : 6.854102,
      "y" : -17.944271,
      "z" : -8.472136
    } ],
    "faces" : [ {
      "vertices" : [ 0, 1, 2 ]
    }, {
      "vertices" : [ 0, 2, 3 ]
    }, {
      "vertices" : [ 0, 3, 2 ]
    }, {
      "vertices" : [ 0, 2, 1 ]
    } ]
  }, {
    "id" : "3fb75f8c-612a-4641-86c9-7dafba3b79b6",
    "vertices" : [ {
      "x" : 6.854102,
      "y" : -11.09017,
      "z" : 4.236068
    }, {
      "x" : 4.236068,
      "y" : -6.854102,
      "z" : 11.09017
    }, {
      "x" : 2.618034,
      "y" : -8.472136,
      "z" : 9.472136
    }, {
      "x" : 4.236068,
      "y" : -11.09017,
      "z" : 5.236068
    } ],
    "faces" : [ {
      "vertices" : [ 0, 1, 2 ]
    }, {
      "vertices" : [ 0, 2, 3 ]
    }, {
      "vertices" : [ 0, 3, 2 ]
    }, {
      "vertices" : [ 0, 2, 1 ]
    } ]
  }, {
    "id" : "dca61cff-15a7-4834-995b-e8bd43e9fbec",
    "vertices" : [ {
      "x" : 6.854102,
      "y" : 0.0,
      "z" : -19.562305
    }, {
      "x" : 9.472136,
      "y" : 0.0,
      "z" : -23.798374
    }, {
      "x" : 12.09017,
      "y" : 4.236068,
      "z" : -22.18034
    }, {
      "x" : 9.472136,
      "y" : 4.236068,
      "z" : -17.944271
    } ],
    "faces" : [ {
      "vertices" : [ 0, 1, 2 ]
    }, {
      "vertices" : [ 0, 2, 3 ]
    }, {
      "vertices" : [ 0, 3, 2 ]
    }, {
      "vertices" : [ 0, 2, 1 ]
    } ]
  }, {
    "id" : "535148d5-27f5-4dae-947a-cefa05dbe169",
    "vertices" : [ {
      "x" : -17.944271,
      "y" : -6.854102,
      "z" : -11.09017
    }, {
      "x" : -6.854102,
      "y" : -11.09017,
      "z" : -17.944271
    }, {
      "x" : -8.472136,
      "y" : -6.854102,
      "z" : -17.944271
    }, {
      "x" : -15.326238,
      "y" : -4.236068,
      "z" : -13.708204
    } ],
    "faces" : [ {
      "vertices" : [ 0, 1, 2 ]
    }, {
      "vertices" : [ 0, 2, 3 ]
    }, {
      "vertices" : [ 0, 3, 2 ]
    }, {
      "vertices" : [ 0, 2, 1 ]
    } ]
  }, {
    "id" : "07dd0ded-c3dd-48a6-b0ed-c06210bc5fa8",
    "vertices" : [ {
      "x" : 13.708204,
      "y" : 0.0,
      "z" : 0.0
    }, {
      "x" : 21.00952,
      "y" : -1.8944272,
      "z" : -3.0652475
    }, {
      "x" : 21.00952,
      "y" : 1.8944272,
      "z" : -3.0652475
    } ],
    "faces" : [ {
      "vertices" : [ 0, 1, 2 ]
    }, {
      "vertices" : [ 0, 2, 1 ]
    } ]
  }, {
    "id" : "035e91ca-f26c-48e0-977e-b177b2dfe755",
    "vertices" : [ {
      "x" : 0.0,
      "y" : -13.708204,
      "z" : 0.0
    }, {
      "x" : 3.0652475,
      "y" : -21.00952,
      "z" : 1.8944272
    }, {
      "x" : 8.024922,
      "y" : -19.115093,
      "z" : 4.959675
    }, {
      "x" : 6.854102,
      "y" : -11.09017,
      "z" : 4.236068
    } ],
    "faces" : [ {
      "vertices" : [ 0, 1, 2 ]
    }, {
      "vertices" : [ 0, 2, 3 ]
    }, {
      "vertices" : [ 0, 3, 2 ]
    }, {
      "vertices" : [ 0, 2, 1 ]
    } ]
  }, {
    "id" : "eb7a22b2-e453-43ae-836d-d45a8ec2243b",
    "vertices" : [ {
      "x" : -6.854102,
      "y" : -11.09017,
      "z" : -4.236068
    }, {
      "x" : -4.236068,
      "y" : -6.854102,
      "z" : -11.09017
    }, {
      "x" : -2.618034,
      "y" : -8.472136,
      "z" : -9.472136
    }, {
      "x" : -4.236068,
      "y" : -11.09017,
      "z" : -5.236068
    } ],
    "faces" : [ {
      "vertices" : [ 0, 1, 2 ]
    }, {
      "vertices" : [ 0, 2, 3 ]
    }, {
      "vertices" : [ 0, 3, 2 ]
    }, {
      "vertices" : [ 0, 2, 1 ]
    } ]
  }, {
    "id" : "a2d1fd20-ddc9-4ae6-8c0f-5c73722d8c0a",
    "vertices" : [ {
      "x" : 11.09017,
      "y" : 4.236068,
      "z" : 6.854102
    }, {
      "x" : 6.854102,
      "y" : 11.09017,
      "z" : 4.236068
    }, {
      "x" : 8.472136,
      "y" : 9.472136,
      "z" : 2.618034
    }, {
      "x" : 11.09017,
      "y" : 5.236068,
      "z" : 4.236068
    } ],
    "faces" : [ {
      "vertices" : [ 0, 1, 2 ]
    }, {
      "vertices" : [ 0, 2, 3 ]
    }, {
      "vertices" : [ 0, 3, 2 ]
    }, {
      "vertices" : [ 0, 2, 1 ]
    } ]
  }, {
    "id" : "3eea5268-60a9-4291-baa4-c7f5eb0495fc",
    "vertices" : [ {
      "x" : -4.236068,
      "y" : 26.416409,
      "z" : -14.708204
    }, {
      "x" : 0.0,
      "y" : 28.034441,
      "z" : -12.09017
    }, {
      "x" : 0.0,
      "y" : 23.798374,
      "z" : -9.472136
    }, {
      "x" : -4.236068,
      "y" : 22.18034,
      "z" : -12.09017
    } ],
    "faces" : [ {
      "vertices" : [ 0, 1, 2 ]
    }, {
      "vertices" : [ 0, 2, 3 ]
    }, {
      "vertices" : [ 0, 3, 2 ]
    }, {
      "vertices" : [ 0, 2, 1 ]
    } ]
  }, {
    "id" : "781bbc3d-dfe8-4db0-b3c2-6ad322d03a0a",
    "vertices" : [ {
      "x" : -16.326239,
      "y" : 2.618034,
      "z" : -19.562305
    }, {
      "x" : -9.472136,
      "y" : 2.618034,
      "z" : -8.472136
    }, {
      "x" : -9.472136,
      "y" : -2.618034,
      "z" : -8.472136
    }, {
      "x" : -16.326239,
      "y" : -2.618034,
      "z" : -19.562305
    } ],
    "faces" : [ {
      "vertices" : [ 0, 1, 2 ]
    }, {
      "vertices" : [ 0, 2, 3 ]
    }, {
      "vertices" : [ 0, 3, 2 ]
    }, {
      "vertices" : [ 0, 2, 1 ]
    } ]
  }, {
    "id" : "68117368-ae36-4f6a-b0ea-b1aa2a6eef0b",
    "vertices" : [ {
      "x" : 4.236068,
      "y" : 6.854102,
      "z" : -11.09017
    }, {
      "x" : 8.024922,
      "y" : 12.984597,
      "z" : -14.8790245
    }, {
      "x" : 9.91935,
      "y" : 9.91935,
      "z" : -16.049845
    } ],
    "faces" : [ {
      "vertices" : [ 0, 1, 2 ]
    }, {
      "vertices" : [ 0, 2, 1 ]
    } ]
  }, {
    "id" : "d1fb3349-2b3b-4090-b985-40a6d112c7d5",
    "vertices" : [ {
      "x" : 11.09017,
      "y" : 4.236068,
      "z" : 6.854102
    }, {
      "x" : 16.049845,
      "y" : 9.91935,
      "z" : 9.91935
    }, {
      "x" : 14.8790245,
      "y" : 8.024922,
      "z" : 12.984597
    } ],
    "faces" : [ {
      "vertices" : [ 0, 1, 2 ]
    }, {
      "vertices" : [ 0, 2, 1 ]
    } ]
  }, {
    "id" : "ec8666f7-b40a-4436-a19a-1a58a9883b57",
    "vertices" : [ {
      "x" : 4.236068,
      "y" : 6.854102,
      "z" : 11.09017
    }, {
      "x" : -4.236068,
      "y" : 6.854102,
      "z" : 11.09017
    }, {
      "x" : -6.854102,
      "y" : 11.09017,
      "z" : 4.236068
    }, {
      "x" : 0.0,
      "y" : 13.708204,
      "z" : 0.0
    }, {
      "x" : 6.854102,
      "y" : 11.09017,
      "z" : 4.236068
    } ],
    "faces" : [ {
      "vertices" : [ 0, 1, 2 ]
    }, {
      "vertices" : [ 0, 2, 3 ]
    }, {
      "vertices" : [ 0, 3, 4 ]
    }, {
      "vertices" : [ 0, 4, 3 ]
    }, {
      "vertices" : [ 0, 3, 2 ]
    }, {
      "vertices" : [ 0, 2, 1 ]
    } ]
  }, {
    "id" : "cdd75fd6-964b-4812-b5b6-6562f4757fa3",
    "vertices" : [ {
      "x" : 13.708204,
      "y" : 15.326238,
      "z" : 4.236068
    }, {
      "x" : 17.944271,
      "y" : 8.472136,
      "z" : 6.854102
    }, {
      "x" : 17.944271,
      "y" : 9.09017,
      "z" : 5.236068
    }, {
      "x" : 14.708204,
      "y" : 14.326238,
      "z" : 3.236068
    } ],
    "faces" : [ {
      "vertices" : [ 0, 1, 2 ]
    }, {
      "vertices" : [ 0, 2, 3 ]
    }, {
      "vertices" : [ 0, 3, 2 ]
    }, {
      "vertices" : [ 0, 2, 1 ]
    } ]
  }, {
    "id" : "1a5dccd1-8bda-4bbb-8e12-d0e7a46eb95b",
    "vertices" : [ {
      "x" : 6.854102,
      "y" : 11.09017,
      "z" : -4.236068
    }, {
      "x" : 8.024922,
      "y" : 19.115093,
      "z" : -4.959675
    }, {
      "x" : 11.09017,
      "y" : 17.944271,
      "z" : -3.0652475
    } ],
    "faces" : [ {
      "vertices" : [ 0, 1, 2 ]
    }, {
      "vertices" : [ 0, 2, 1 ]
    } ]
  }, {
    "id" : "e553d34d-a2c5-4c79-a526-b289da04f778",
    "vertices" : [ {
      "x" : 11.09017,
      "y" : 17.944271,
      "z" : 6.854102
    }, {
      "x" : 11.09017,
      "y" : 17.944271,
      "z" : -6.854102
    }, {
      "x" : 13.708204,
      "y" : 15.326238,
      "z" : -4.236068
    }, {
      "x" : 13.708204,
      "y" : 15.326238,
      "z" : 4.236068
    } ],
    "faces" : [ {
      "vertices" : [ 0, 1, 2 ]
    }, {
      "vertices" : [ 0, 2, 3 ]
    }, {
      "vertices" : [ 0, 3, 2 ]
    }, {
      "vertices" : [ 0, 2, 1 ]
    } ]
  }, {
    "id" : "834db97a-fdfa-43b3-8e9e-9e5200d1768b",
    "vertices" : [ {
      "x" : 19.562305,
      "y" : 16.326239,
      "z" : 2.618034
    }, {
      "x" : 22.18034,
      "y" : 12.09017,
      "z" : 4.236068
    }, {
      "x" : 2.618034,
      "y" : 19.562305,
      "z" : 16.326239
    }, {
      "x" : 4.236068,
      "y" : 22.18034,
      "z" : 12.09017
    } ],
    "faces" : [ {
      "vertices" : [ 0, 1, 2 ]
    }, {
      "vertices" : [ 0, 2, 3 ]
    }, {
      "vertices" : [ 0, 3, 2 ]
    }, {
      "vertices" : [ 0, 2, 1 ]
    } ]
  }, {
    "id" : "370f1870-e5c2-46e5-a576-319762f70c26",
    "vertices" : [ {
      "x" : 4.236068,
      "y" : 6.854102,
      "z" : -11.09017
    }, {
      "x" : 9.91935,
      "y" : 9.91935,
      "z" : -16.049845
    }, {
      "x" : 14.8790245,
      "y" : 8.024922,
      "z" : -12.984597
    }, {
      "x" : 11.09017,
      "y" : 4.236068,
      "z" : -6.854102
    } ],
    "faces" : [ {
      "vertices" : [ 0, 1, 2 ]
    }, {
      "vertices" : [ 0, 2, 3 ]
    }, {
      "vertices" : [ 0, 3, 2 ]
    }, {
      "vertices" : [ 0, 2, 1 ]
    } ]
  }, {
    "id" : "16a44107-1316-4ecf-bc16-5af01a87afc7",
    "vertices" : [ {
      "x" : 6.854102,
      "y" : -17.944271,
      "z" : -8.472136
    }, {
      "x" : 11.09017,
      "y" : -17.944271,
      "z" : -6.854102
    }, {
      "x" : 6.854102,
      "y" : -11.09017,
      "z" : -17.944271
    }, {
      "x" : 4.236068,
      "y" : -13.708204,
      "z" : -15.326238
    } ],
    "faces" : [ {
      "vertices" : [ 0, 1, 2 ]
    }, {
      "vertices" : [ 0, 2, 3 ]
    }, {
      "vertices" : [ 0, 3, 2 ]
    }, {
      "vertices" : [ 0, 2, 1 ]
    } ]
  }, {
    "id" : "b812fd2c-9496-42d3-bf7c-95e8086a8e1d",
    "vertices" : [ {
      "x" : -9.472136,
      "y" : 0.0,
      "z" : -23.798374
    }, {
      "x" : -2.618034,
      "y" : 0.0,
      "z" : -12.708204
    }, {
      "x" : -5.236068,
      "y" : 4.236068,
      "z" : -11.09017
    }, {
      "x" : -12.09017,
      "y" : 4.236068,
      "z" : -22.18034
    } ],
    "faces" : [ {
      "vertices" : [ 0, 1, 2 ]
    }, {
      "vertices" : [ 0, 2, 3 ]
    }, {
      "vertices" : [ 0, 3, 2 ]
    }, {
      "vertices" : [ 0, 2, 1 ]
    } ]
  }, {
    "id" : "7ee72eed-d10a-46dd-a79a-4ff18b3e1bca",
    "vertices" : [ {
      "x" : 16.326239,
      "y" : 2.618034,
      "z" : 19.562305
    }, {
      "x" : 18.944271,
      "y" : 2.618034,
      "z" : 23.798374
    }, {
      "x" : 14.708204,
      "y" : 4.236068,
      "z" : 26.416409
    }, {
      "x" : 12.09017,
