{
  "field" : "golden",
  "symmetry" : "icosahedral",
  "orientations" : [ [ 1.0, 0.0, 0.0, 0.0, 0.0, 1.0, 0.0, 0.0, 0.0, 0.0, 1.0, 0.0, 0.0, 0.0, 0.0, 1.0 ], [ 0.0, 0.0, 1.0, 0.0, 1.0, 0.0, 0.0, 0.0, 0.0, 1.0, 0.0, 0.0, 0.0, 0.0, 0.0, 1.0 ], [ 0.0, 1.0, 0.0, 0.0, 0.0, 0.0, 1.0, 0.0, 1.0, 0.0, 0.0, 0.0, 0.0, 0.0, 0.0, 1.0 ], [ 0.809017, 0.309017, 0.5, 0.0, 0.309017, 0.5, -0.809017, 0.0, -0.5, 0.809017, 0.309017, 0.0, 0.0, 0.0, 0.0, 1.0 ], [ -0.5, 0.809017, 0.309017, 0.0, 0.809017, 0.309017, 0.5, 0.0, 0.309017, 0.5, -0.809017, 0.0, 0.0, 0.0, 0.0, 1.0 ], [ 0.309017, 0.5, -0.809017, 0.0, -0.5, 0.809017, 0.309017, 0.0, 0.809017, 0.309017, 0.5, 0.0, 0.0, 0.0, 0.0, 1.0 ], [ 0.5, 0.809017, 0.309017, 0.0, 0.809017, -0.309017, -0.5, 0.0, -0.309017, 0.5, -0.809017, 0.0, 0.0, 0.0, 0.0, 1.0 ], [ -0.309017, 0.5, -0.809017, 0.0, 0.5, 0.809017, 0.309017, 0.0, 0.809017, -0.309017, -0.5, 0.0, 0.0, 0.0, 0.0, 1.0 ], [ 0.809017, -0.309017, -0.5, 0.0, -0.309017, 0.5, -0.809017, 0.0, 0.5, 0.809017, 0.309017, 0.0, 0.0, 0.0, 0.0, 1.0 ], [ 0.5, 0.809017, -0.309017, 0.0, 0.809017, -0.309017, 0.5, 0.0, 0.309017, -0.5, -0.809017, 0.0, 0.0, 0.0, 0.0, 1.0 ], [ 0.309017, -0.5, -0.809017, 0.0, 0.5, 0.809017, -0.309017, 0.0, 0.809017, -0.309017, 0.5, 0.0, 0.0, 0.0, 0.0, 1.0 ], [ 0.809017, -0.309017, 0.5, 0.0, 0.309017, -0.5, -0.809017, 0.0, 0.5, 0.809017, -0.309017, 0.0, 0.0, 0.0, 0.0, 1.0 ], [ 0.809017, 0.309017, -0.5, 0.0, 0.309017, 0.5, 0.809017, 0.0, 0.5, -0.809017, 0.309017, 0.0, 0.0, 0.0, 0.0, 1.0 ], [ 0.5, -0.809017, 0.309017, 0.0, 0.809017, 0.309017, -0.5, 0.0, 0.309017, 0.5, 0.809017, 0.0, 0.0, 0.0, 0.0, 1.0 ], [ 0.309017, 0.5, 0.809017, 0.0, 0.5, -0.809017, 0.309017, 0.0, 0.809017, 0.309017, -0.5, 0.0, 0.0, 0.0, 0.0, 1.0 ], [ 1.0, 0.0, 0.0, 0.0, 0.0, -1.0, 0.0, 0.0, 0.0, 0.0, -1.0, 0.0, 0.0, 0.0, 0.0, 1.0 ], [ 0.0, 0.0, 1.0, 0.0, -1.0, 0.0, 0.0, 0.0, 0.0, -1.0, 0.0, 0.0, 0.0, 0.0, 0.0, 1.0 ], [ 0.0, 1.0, 0.0, 0.0, 0.0, 0.0, -1.0, 0.0, -1.0, 0.0, 0.0, 0.0, 0.0, 0.0, 0.0, 1.0 ], [ 0.809017, 0.309017, 0.5, 0.0, -0.309017, -0.5, 0.809017, 0.0, 0.5, -0.809017, -0.309017, 0.0, 0.0, 0.0, 0.0, 1.0 ], [ -0.5, 0.809017, 0.309017, 0.0, -0.809017, -0.309017, -0.5, 0.0, -0.309017, -0.5, 0.809017, 0.0, 0.0, 0.0, 0.0, 1.0 ], [ 0.309017, 0.5, -0.809017, 0.0, 0.5, -0.809017, -0.309017, 0.0, -0.809017, -0.309017, -0.5, 0.0, 0.0, 0.0, 0.0, 1.0 ], [ 0.5, 0.809017, 0.309017, 0.0, -0.809017, 0.309017, 0.5, 0.0, 0.309017, -0.5, 0.809017, 0.0, 0.0, 0.0, 0.0, 1.0 ], [ -0.309017, 0.5, -0.809017, 0.0, -0.5, -0.809017, -0.309017, 0.0, -0.809017, 0.309017, 0.5, 0.0, 0.0, 0.0, 0.0, 1.0 ], [ 0.809017, -0.309017, -0.5, 0.0, 0.309017, -0.5, 0.809017, 0.0, -0.5, -0.809017, -0.309017, 0.0, 0.0, 0.0, 0.0, 1.0 ], [ 0.5, 0.809017, -0.309017, 0.0, -0.809017, 0.309017, -0.5, 0.0, -0.309017, 0.5, 0.809017, 0.0, 0.0, 0.0, 0.0, 1.0 ], [ 0.309017, -0.5, -0.809017, 0.0, -0.5, -0.809017, 0.309017, 0.0, -0.809017, 0.309017, -0.5, 0.0, 0.0, 0.0, 0.0, 1.0 ], [ 0.809017, -0.309017, 0.5, 0.0, -0.309017, 0.5, 0.809017, 0.0, -0.5, -0.809017, 0.309017, 0.0, 0.0, 0.0, 0.0, 1.0 ], [ 0.809017, 0.309017, -0.5, 0.0, -0.309017, -0.5, -0.809017, 0.0, -0.5, 0.809017, -0.309017, 0.0, 0.0, 0.0, 0.0, 1.0 ], [ 0.5, -0.809017, 0.309017, 0.0, -0.809017, -0.309017, 0.5, 0.0, -0.309017, -0.5, -0.809017, 0.0, 0.0, 0.0, 0.0, 1.0 ], [ 0.309017, 0.5, 0.809017, 0.0, -0.5, 0.809017, -0.309017, 0.0, -0.809017, -0.309017, 0.5, 0.0, 0.0, 0.0, 0.0, 1.0 ], [ -1.0, 0.0, 0.0, 0.0, 0.0, -1.0, 0.0, 0.0, 0.0, 0.0, 1.0, 0.0, 0.0, 0.0, 0.0, 1.0 ], [ 0.0, 0.0, -1.0, 0.0, -1.0, 0.0, 0.0, 0.0, 0.0, 1.0, 0.0, 0.0, 0.0, 0.0, 0.0, 1.0 ], [ 0.0, -1.0, 0.0, 0.0, 0.0, 0.0, -1.0, 0.0, 1.0, 0.0, 0.0, 0.0, 0.0, 0.0, 0.0, 1.0 ], [ -0.809017, -0.309017, -0.5, 0.0, -0.309017, -0.5, 0.809017, 0.0, -0.5, 0.809017, 0.309017, 0.0, 0.0, 0.0, 0.0, 1.0 ], [ 0.5, -0.809017, -0.309017, 0.0, -0.809017, -0.309017, -0.5, 0.0, 0.309017, 0.5, -0.809017, 0.0, 0.0, 0.0, 0.0, 1.0 ], [ -0.309017, -0.5, 0.809017, 0.0, 0.5, -0.809017, -0.309017, 0.0, 0.809017, 0.309017, 0.5, 0.0, 0.0, 0.0, 0.0, 1.0 ], [ -0.5, -0.809017, -0.309017, 0.0, -0.809017, 0.309017, 0.5, 0.0, -0.309017, 0.5, -0.809017, 0.0, 0.0, 0.0, 0.0, 1.0 ], [ 0.309017, -0.5, 0.809017, 0.0, -0.5, -0.809017, -0.309017, 0.0, 0.809017, -0.309017, -0.5, 0.0, 0.0, 0.0, 0.0, 1.0 ], [ -0.809017, 0.309017, 0.5, 0.0, 0.309017, -0.5, 0.809017, 0.0, 0.5, 0.809017, 0.309017, 0.0, 0.0, 0.0, 0.0, 1.0 ], [ -0.5, -0.809017, 0.309017, 0.0, -0.809017, 0.309017, -0.5, 0.0, 0.309017, -0.5, -0.809017, 0.0, 0.0, 0.0, 0.0, 1.0 ], [ -0.309017, 0.5, 0.809017, 0.0, -0.5, -0.809017, 0.309017, 0.0, 0.809017, -0.309017, 0.5, 0.0, 0.0, 0.0, 0.0, 1.0 ], [ -0.809017, 0.309017, -0.5, 0.0, -0.309017, 0.5, 0.809017, 0.0, 0.5, 0.809017, -0.309017, 0.0, 0.0, 0.0, 0.0, 1.0 ], [ -0.809017, -0.309017, 0.5, 0.0, -0.309017, -0.5, -0.809017, 0.0, 0.5, -0.809017, 0.309017, 0.0, 0.0, 0.0, 0.0, 1.0 ], [ -0.5, 0.809017, -0.309017, 0.0, -0.809017, -0.309017, 0.5, 0.0, 0.309017, 0.5, 0.809017, 0.0, 0.0, 0.0, 0.0, 1.0 ], [ -0.309017, -0.5, -0.809017, 0.0, -0.5, 0.809017, -0.309017, 0.0, 0.809017, 0.309017, -0.5, 0.0, 0.0, 0.0, 0.0, 1.0 ], [ -1.0, 0.0, 0.0, 0.0, 0.0, 1.0, 0.0, 0.0, 0.0, 0.0, -1.0, 0.0, 0.0, 0.0, 0.0, 1.0 ], [ 0.0, 0.0, -1.0, 0.0, 1.0, 0.0, 0.0, 0.0, 0.0, -1.0, 0.0, 0.0, 0.0, 0.0, 0.0, 1.0 ], [ 0.0, -1.0, 0.0, 0.0, 0.0, 0.0, 1.0, 0.0, -1.0, 0.0, 0.0, 0.0, 0.0, 0.0, 0.0, 1.0 ], [ -0.809017, -0.309017, -0.5, 0.0, 0.309017, 0.5, -0.809017, 0.0, 0.5, -0.809017, -0.309017, 0.0, 0.0, 0.0, 0.0, 1.0 ], [ 0.5, -0.809017, -0.309017, 0.0, 0.809017, 0.309017, 0.5, 0.0, -0.309017, -0.5, 0.809017, 0.0, 0.0, 0.0, 0.0, 1.0 ], [ -0.309017, -0.5, 0.809017, 0.0, -0.5, 0.809017, 0.309017, 0.0, -0.809017, -0.309017, -0.5, 0.0, 0.0, 0.0, 0.0, 1.0 ], [ -0.5, -0.809017, -0.309017, 0.0, 0.809017, -0.309017, -0.5, 0.0, 0.309017, -0.5, 0.809017, 0.0, 0.0, 0.0, 0.0, 1.0 ], [ 0.309017, -0.5, 0.809017, 0.0, 0.5, 0.809017, 0.309017, 0.0, -0.809017, 0.309017, 0.5, 0.0, 0.0, 0.0, 0.0, 1.0 ], [ -0.809017, 0.309017, 0.5, 0.0, -0.309017, 0.5, -0.809017, 0.0, -0.5, -0.809017, -0.309017, 0.0, 0.0, 0.0, 0.0, 1.0 ], [ -0.5, -0.809017, 0.309017, 0.0, 0.809017, -0.309017, 0.5, 0.0, -0.309017, 0.5, 0.809017, 0.0, 0.0, 0.0, 0.0, 1.0 ], [ -0.309017, 0.5, 0.809017, 0.0, 0.5, 0.809017, -0.309017, 0.0, -0.809017, 0.309017, -0.5, 0.0, 0.0, 0.0, 0.0, 1.0 ], [ -0.809017, 0.309017, -0.5, 0.0, 0.309017, -0.5, -0.809017, 0.0, -0.5, -0.809017, 0.309017, 0.0, 0.0, 0.0, 0.0, 1.0 ], [ -0.809017, -0.309017, 0.5, 0.0, 0.309017, 0.5, 0.809017, 0.0, -0.5, 0.809017, -0.309017, 0.0, 0.0, 0.0, 0.0, 1.0 ], [ -0.5, 0.809017, -0.309017, 0.0, 0.809017, 0.309017, -0.5, 0.0, -0.309017, -0.5, -0.809017, 0.0, 0.0, 0.0, 0.0, 1.0 ], [ -0.309017, -0.5, -0.809017, 0.0, 0.5, -0.809017, 0.309017, 0.0, -0.809017, -0.309017, 0.5, 0.0, 0.0, 0.0, 0.0, 1.0 ] ],
  "lights" : {
    "ambientColor" : "#292929",
    "backgroundColor" : "#E0EFFF",
    "directionalLights" : [ {
      "direction" : {
        "x" : 1.0,
        "y" : -1.0,
        "z" : -1.0
      },
      "color" : "#EBEBE4"
    }, {
      "direction" : {
        "x" : -1.0,
        "y" : 0.0,
        "z" : 0.0
      },
      "color" : "#E4E4EB"
    }, {
      "direction" : {
        "x" : 0.0,
        "y" : 0.0,
        "z" : -1.0
      },
      "color" : "#1E1E1E"
    } ]
  },
  "camera" : {
    "viewDistance" : 289.70972,
    "nearClipDistance" : 0.7242744,
    "farClipDistance" : 579.4197,
    "lookAtPoint" : {
      "x" : 0.0,
      "y" : 0.0,
      "z" : 0.0
    },
    "fieldOfView" : 0.44262892,
    "perspective" : false,
    "lookDirection" : {
      "x" : 0.0,
      "y" : 0.0,
      "z" : -1.0
    },
    "upDirection" : {
      "x" : 0.0,
      "y" : 1.0,
      "z" : 0.0
    },
    "width" : 130.36938,
    "stereo" : false,
    "position" : {
      "x" : 0.0,
      "y" : 0.0,
      "z" : 289.70972
    }
  },
  "embedding" : [ 1.0, 0.0, 0.0, 0.0, 0.0, 1.0, 0.0, 0.0, 0.0, 0.0, 1.0, 0.0, 0.0, 0.0, 0.0, 1.0 ],
  "shapes" : [ {
    "id" : "8578bc62-155c-40ff-a5c6-60b5f65d31b0",
    "vertices" : [ {
      "x" : -17.944271,
      "y" : 22.18034,
      "z" : -15.326238
    }, {
      "x" : -22.18034,
      "y" : 17.944271,
      "z" : -11.09017
    }, {
      "x" : -22.18034,
      "y" : 16.326239,
      "z" : -15.326238
    } ],
    "faces" : [ {
      "vertices" : [ 0, 1, 2 ]
    }, {
      "vertices" : [ 0, 2, 1 ]
    } ]
  }, {
    "id" : "a985e10c-695b-42c8-b855-28609812f9a6",
    "vertices" : [ {
      "x" : 24.798374,
      "y" : -11.09017,
      "z" : -11.09017
    }, {
      "x" : 24.798374,
      "y" : -9.472136,
      "z" : -15.326238
    }, {
      "x" : 29.034441,
      "y" : -4.236068,
      "z" : -13.708204
    }, {
      "x" : 29.034441,
      "y" : -9.472136,
      "z" : 0.0
    }, {
      "x" : 24.798374,
      "y" : -15.326238,
      "z" : 0.0
    } ],
    "faces" : [ {
      "vertices" : [ 0, 1, 2 ]
    }, {
      "vertices" : [ 0, 2, 3 ]
    }, {
      "vertices" : [ 0, 3, 4 ]
    }, {
      "vertices" : [ 0, 4, 3 ]
    }, {
      "vertices" : [ 0, 3, 2 ]
    }, {
      "vertices" : [ 0, 2, 1 ]
    } ]
  }, {
    "id" : "358bf9cc-6ea9-416c-ac33-6f5f1a24100e",
    "vertices" : [ {
      "x" : 31.652475,
      "y" : 0.0,
      "z" : 6.854102
    }, {
      "x" : 29.034441,
      "y" : -6.854102,
      "z" : 6.854102
    }, {
      "x" : 29.034441,
      "y" : -5.236068,
      "z" : 11.09017
    } ],
    "faces" : [ {
      "vertices" : [ 0, 1, 2 ]
    }, {
      "vertices" : [ 0, 2, 1 ]
    } ]
  }, {
    "id" : "0593d005-6c09-49e5-a1b6-02a0cc68b781",
    "vertices" : [ {
      "x" : 17.944271,
      "y" : -11.09017,
      "z" : 22.18034
    }, {
      "x" : 22.18034,
      "y" : 0.0,
      "z" : 22.18034
    }, {
      "x" : 24.798374,
      "y" : 0.0,
      "z" : 17.944271
    }, {
      "x" : 22.18034,
      "y" : -6.854102,
      "z" : 17.944271
    } ],
    "faces" : [ {
      "vertices" : [ 0, 1, 2 ]
    }, {
      "vertices" : [ 0, 2, 3 ]
    }, {
      "vertices" : [ 0, 3, 2 ]
    }, {
      "vertices" : [ 0, 2, 1 ]
    } ]
  }, {
    "id" : "3d5e7f09-26ee-45a5-90e8-036dfe6b7d49",
    "vertices" : [ {
      "x" : 15.326238,
      "y" : 0.0,
      "z" : -24.798374
    }, {
      "x" : 13.708204,
      "y" : -6.854102,
      "z" : -26.416409
    }, {
      "x" : 17.944271,
      "y" : -6.854102,
      "z" : -24.798374
    } ],
    "faces" : [ {
      "vertices" : [ 0, 1, 2 ]
    }, {
      "vertices" : [ 0, 2, 1 ]
    } ]
  }, {
    "id" : "96cee2d8-3433-4911-911f-785dd287972c",
    "vertices" : [ {
      "x" : 0.0,
      "y" : 22.18034,
      "z" : 22.18034
    }, {
      "x" : 4.236068,
      "y" : 22.18034,
      "z" : 20.562305
    }, {
      "x" : 0.0,
      "y" : 17.944271,
      "z" : 24.798374
    } ],
    "faces" : [ {
      "vertices" : [ 0, 1, 2 ]
    }, {
      "vertices" : [ 0, 2, 1 ]
    } ]
  }, {
    "id" : "ee11b646-d18d-4c7d-96f7-f1651ab3e0e7",
    "vertices" : [ {
      "x" : 15.326238,
      "y" : -17.944271,
      "z" : -22.18034
    }, {
      "x" : 17.944271,
      "y" : -17.944271,
      "z" : -17.944271
    }, {
      "x" : 16.326239,
      "y" : -15.326238,
      "z" : -22.18034
    } ],
    "faces" : [ {
      "vertices" : [ 0, 1, 2 ]
    }, {
      "vertices" : [ 0, 2, 1 ]
    } ]
  }, {
    "id" : "b25db0bf-f457-45af-b48a-6b7192a501e7",
    "vertices" : [ {
      "x" : 17.944271,
      "y" : 22.18034,
      "z" : -15.326238
    }, {
      "x" : 17.944271,
      "y" : 17.944271,
      "z" : -17.944271
    }, {
      "x" : 19.562305,
      "y" : 20.562305,
      "z" : -13.708204
    } ],
    "faces" : [ {
      "vertices" : [ 0, 1, 2 ]
    }, {
      "vertices" : [ 0, 2, 1 ]
    } ]
  }, {
    "id" : "ca763992-fcd2-4230-ac64-61b243f72f78",
    "vertices" : [ {
      "x" : -15.326238,
      "y" : 0.0,
      "z" : -24.798374
    }, {
      "x" : -9.472136,
      "y" : 0.0,
      "z" : -29.034441
    }, {
      "x" : -11.09017,
      "y" : -4.236068,
      "z" : -29.034441
    } ],
    "faces" : [ {
      "vertices" : [ 0, 1, 2 ]
    }, {
      "vertices" : [ 0, 2, 1 ]
    } ]
  }, {
    "id" : "6a7aae08-96d4-4fac-b378-fb0b25144afe",
    "vertices" : [ {
      "x" : -15.326238,
      "y" : 0.0,
      "z" : 24.798374
    }, {
      "x" : -20.562305,
      "y" : -4.236068,
      "z" : 22.18034
    }, {
      "x" : -17.944271,
      "y" : -6.854102,
      "z" : 24.798374
    } ],
    "faces" : [ {
      "vertices" : [ 0, 1, 2 ]
    }, {
      "vertices" : [ 0, 2, 1 ]
    } ]
  }, {
    "id" : "48c5b47e-fc4b-457b-9817-897f359e5305",
    "vertices" : [ {
      "x" : 15.326238,
      "y" : 24.798374,
      "z" : 9.472136
    }, {
      "x" : 17.944271,
      "y" : 22.18034,
      "z" : 15.326238
    }, {
      "x" : 15.326238,
      "y" : 22.18034,
      "z" : 16.326239
    } ],
    "faces" : [ {
      "vertices" : [ 0, 1, 2 ]
    }, {
      "vertices" : [ 0, 2, 1 ]
    } ]
  }, {
    "id" : "d1efaf6e-15d9-42f7-a9a6-223567d058e4",
    "vertices" : [ {
      "x" : 6.854102,
      "y" : 29.034441,
      "z" : -6.854102
    }, {
      "x" : 6.854102,
      "y" : 24.798374,
      "z" : -17.944271
    }, {
      "x" : 11.09017,
      "y" : 22.18034,
      "z" : -17.944271
    }, {
      "x" : 11.09017,
      "y" : 24.798374,
      "z" : -11.09017
    } ],
    "faces" : [ {
      "vertices" : [ 0, 1, 2 ]
    }, {
      "vertices" : [ 0, 2, 3 ]
    }, {
      "vertices" : [ 0, 3, 2 ]
    }, {
      "vertices" : [ 0, 2, 1 ]
    } ]
  }, {
    "id" : "555e5130-62eb-4dc6-87c3-e395f85866c3",
    "vertices" : [ {
      "x" : -4.236068,
      "y" : 13.708204,
      "z" : 29.034441
    }, {
      "x" : 0.0,
      "y" : 17.944271,
      "z" : 24.798374
    }, {
      "x" : 2.618034,
      "y" : 15.326238,
      "z" : 27.416409
    } ],
    "faces" : [ {
      "vertices" : [ 0, 1, 2 ]
    }, {
      "vertices" : [ 0, 2, 1 ]
    } ]
  }, {
    "id" : "fe54ece0-ff00-4f9f-8c5a-96da6f015034",
    "vertices" : [ {
      "x" : -17.944271,
      "y" : 22.18034,
      "z" : 6.854102
    }, {
      "x" : -15.326238,
      "y" : 24.798374,
      "z" : 9.472136
    }, {
      "x" : -13.708204,
      "y" : 29.034441,
      "z" : 4.236068
    }, {
      "x" : -22.18034,
      "y" : 20.562305,
      "z" : -4.236068
    }, {
      "x" : -24.798374,
      "y" : 15.326238,
      "z" : 0.0
    } ],
    "faces" : [ {
      "vertices" : [ 0, 1, 2 ]
    }, {
      "vertices" : [ 0, 2, 3 ]
    }, {
      "vertices" : [ 0, 3, 4 ]
    }, {
      "vertices" : [ 0, 4, 3 ]
    }, {
      "vertices" : [ 0, 3, 2 ]
    }, {
      "vertices" : [ 0, 2, 1 ]
    } ]
  }, {
    "id" : "600680bd-d791-418e-8804-c993d0076627",
    "vertices" : [ {
      "x" : 30.652475,
      "y" : 2.618034,
      "z" : 6.854102
    }, {
      "x" : 29.034441,
      "y" : 0.0,
      "z" : 11.09017
    }, {
      "x" : 29.034441,
      "y" : -6.854102,
      "z" : -6.854102
    }, {
      "x" : 30.652475,
      "y" : -2.618034,
      "z" : -6.854102
    } ],
    "faces" : [ {
      "vertices" : [ 0, 1, 2 ]
    }, {
      "vertices" : [ 0, 2, 3 ]
    }, {
      "vertices" : [ 0, 3, 2 ]
    }, {
      "vertices" : [ 0, 2, 1 ]
    } ]
  }, {
    "id" : "40e76ce0-18dc-4a5c-9fe2-2ae1c6a1b3bc",
    "vertices" : [ {
      "x" : -24.798374,
      "y" : 15.326238,
      "z" : 0.0
    }, {
      "x" : -29.034441,
      "y" : 9.472136,
      "z" : 0.0
    }, {
      "x" : -29.034441,
      "y" : 11.09017,
      "z" : -4.236068
    } ],
    "faces" : [ {
      "vertices" : [ 0, 1, 2 ]
    }, {
      "vertices" : [ 0, 2, 1 ]
    } ]
  }, {
    "id" : "76d1e71d-a69c-4ffd-b690-f3aa981c388f",
    "vertices" : [ {
      "x" : 0.0,
      "y" : 24.798374,
      "z" : -15.326238
    }, {
      "x" : 6.854102,
      "y" : 26.416409,
      "z" : -13.708204
    }, {
      "x" : 6.854102,
      "y" : 24.798374,
      "z" : -17.944271
    } ],
    "faces" : [ {
      "vertices" : [ 0, 1, 2 ]
    }, {
      "vertices" : [ 0, 2, 1 ]
    } ]
  }, {
    "id" : "f05766a3-a016-4716-a3d3-14291779103b",
    "vertices" : [ {
      "x" : 6.854102,
      "y" : -24.798374,
      "z" : -17.944271
    }, {
      "x" : 6.854102,
      "y" : -26.416409,
      "z" : -13.708204
    }, {
      "x" : 11.09017,
      "y" : -22.18034,
      "z" : -17.944271
    } ],
    "faces" : [ {
      "vertices" : [ 0, 1, 2 ]
    }, {
      "vertices" : [ 0, 2, 1 ]
    } ]
  }, {
    "id" : "85afa3b2-15c7-44e4-89ae-266f4592f464",
    "vertices" : [ {
      "x" : -30.652475,
      "y" : 0.0,
      "z" : 0.0
    }, {
      "x" : -31.652475,
      "y" : 0.0,
      "z" : 6.854102
    }, {
      "x" : -30.652475,
      "y" : -2.618034,
      "z" : 6.854102
    } ],
    "faces" : [ {
      "vertices" : [ 0, 1, 2 ]
    }, {
      "vertices" : [ 0, 2, 1 ]
    } ]
  }, {
    "id" : "8427ec06-cd06-470b-bd85-7e44ec2a68a9",
    "vertices" : [ {
      "x" : -24.798374,
      "y" : -11.09017,
      "z" : -11.09017
    }, {
      "x" : -24.798374,
      "y" : -9.472136,
      "z" : -15.326238
    }, {
      "x" : -22.18034,
      "y" : -15.326238,
      "z" : -17.944271
    }, {
      "x" : -22.18034,
      "y" : -20.562305,
      "z" : -4.236068
    }, {
      "x" : -24.798374,
      "y" : -15.326238,
      "z" : 0.0
    } ],
    "faces" : [ {
      "vertices" : [ 0, 1, 2 ]
    }, {
      "vertices" : [ 0, 2, 3 ]
    }, {
      "vertices" : [ 0, 3, 4 ]
    }, {
      "vertices" : [ 0, 4, 3 ]
    }, {
      "vertices" : [ 0, 3, 2 ]
    }, {
      "vertices" : [ 0, 2, 1 ]
    } ]
  }, {
    "id" : "750f2978-47a1-437f-b706-1614796fffa4",
    "vertices" : [ {
      "x" : 22.18034,
      "y" : -6.854102,
      "z" : 17.944271
    }, {
      "x" : 24.798374,
      "y" : -9.472136,
      "z" : 15.326238
    }, {
      "x" : 29.034441,
      "y" : -4.236068,
      "z" : 13.708204
    }, {
      "x" : 20.562305,
      "y" : 4.236068,
      "z" : 22.18034
    }, {
      "x" : 15.326238,
      "y" : 0.0,
      "z" : 24.798374
    } ],
    "faces" : [ {
      "vertices" : [ 0, 1, 2 ]
    }, {
      "vertices" : [ 0, 2, 3 ]
    }, {
      "vertices" : [ 0, 3, 4 ]
    }, {
      "vertices" : [ 0, 4, 3 ]
    }, {
      "vertices" : [ 0, 3, 2 ]
    }, {
      "vertices" : [ 0, 2, 1 ]
    } ]
  }, {
    "id" : "3927cee6-287b-4bc4-9822-0ffe9677ff29",
    "vertices" : [ {
      "x" : 22.18034,
      "y" : -6.854102,
      "z" : -17.944271
    }, {
      "x" : 24.798374,
      "y" : -9.472136,
      "z" : -15.326238
    }, {
      "x" : 22.18034,
      "y" : -15.326238,
      "z" : -17.944271
    }, {
      "x" : 13.708204,
      "y" : -6.854102,
      "z" : -26.416409
    }, {
      "x" : 15.326238,
      "y" : 0.0,
      "z" : -24.798374
    } ],
    "faces" : [ {
      "vertices" : [ 0, 1, 2 ]
    }, {
      "vertices" : [ 0, 2, 3 ]
    }, {
      "vertices" : [ 0, 3, 4 ]
    }, {
      "vertices" : [ 0, 4, 3 ]
    }, {
      "vertices" : [ 0, 3, 2 ]
    }, {
      "vertices" : [ 0, 2, 1 ]
    } ]
  }, {
    "id" : "d4afcb54-1853-41e6-8516-1b4771813f43",
    "vertices" : [ {
      "x" : -15.326238,
      "y" : -24.798374,
      "z" : -9.472136
    }, {
      "x" : -13.708204,
      "y" : -29.034441,
      "z" : -4.236068
    }, {
      "x" : -11.09017,
      "y" : -29.034441,
      "z" : -5.236068
    } ],
    "faces" : [ {
      "vertices" : [ 0, 1, 2 ]
    }, {
      "vertices" : [ 0, 2, 1 ]
    } ]
  }, {
    "id" : "639bac83-6f9c-46bf-ba90-2ae1144952e5",
    "vertices" : [ {
      "x" : -4.236068,
      "y" : 13.708204,
      "z" : -29.034441
    }, {
      "x" : 0.0,
      "y" : 11.09017,
      "z" : -29.034441
    }, {
      "x" : -2.618034,
      "y" : 15.326238,
      "z" : -27.416409
    } ],
    "faces" : [ {
      "vertices" : [ 0, 1, 2 ]
    }, {
      "vertices" : [ 0, 2, 1 ]
    } ]
  }, {
    "id" : "ce7c44b1-772a-40b9-9810-2333af3e51b2",
    "vertices" : [ {
      "x" : -4.236068,
      "y" : 29.034441,
      "z" : -11.09017
    }, {
      "x" : 0.0,
      "y" : 29.034441,
      "z" : -9.472136
    }, {
      "x" : -6.854102,
      "y" : 29.034441,
      "z" : -6.854102
    } ],
    "faces" : [ {
      "vertices" : [ 0, 1, 2 ]
    }, {
      "vertices" : [ 0, 2, 1 ]
    } ]
  }, {
    "id" : "838f92fb-60ae-4434-97aa-1cca0b832778",
    "vertices" : [ {
      "x" : 24.798374,
      "y" : 15.326238,
      "z" : 0.0
    }, {
      "x" : 26.416409,
      "y" : 13.708204,
      "z" : 6.854102
    }, {
      "x" : 24.798374,
      "y" : 17.944271,
      "z" : 6.854102
    } ],
    "faces" : [ {
      "vertices" : [ 0, 1, 2 ]
    }, {
      "vertices" : [ 0, 2, 1 ]
    } ]
  }, {
    "id" : "4dd1c085-ef45-4df2-bb3d-3f300eb3c482",
    "vertices" : [ {
      "x" : -15.326238,
      "y" : -17.944271,
      "z" : 22.18034
    }, {
      "x" : -17.944271,
      "y" : -17.944271,
      "z" : 17.944271
    }, {
      "x" : -16.326239,
      "y" : -15.326238,
      "z" : 22.18034
    } ],
    "faces" : [ {
      "vertices" : [ 0, 1, 2 ]
    }, {
      "vertices" : [ 0, 2, 1 ]
    } ]
  }, {
    "id" : "8c834fe8-2c2e-4cb7-8a9b-c7901f054dc9",
    "vertices" : [ {
      "x" : 0.0,
      "y" : 24.798374,
      "z" : -15.326238
    }, {
      "x" : 0.0,
      "y" : 29.034441,
      "z" : -9.472136
    }, {
      "x" : 4.236068,
      "y" : 29.034441,
      "z" : -11.09017
    } ],
    "faces" : [ {
      "vertices" : [ 0, 1, 2 ]
    }, {
      "vertices" : [ 0, 2, 1 ]
    } ]
  }, {
    "id" : "62c898b5-67e2-4de6-9d84-7f47eecf9c22",
    "vertices" : [ {
      "x" : -22.18034,
      "y" : -17.944271,
      "z" : 11.09017
    }, {
      "x" : -29.034441,
      "y" : -11.09017,
      "z" : 4.236068
    }, {
      "x" : -29.034441,
      "y" : -6.854102,
      "z" : 6.854102
    }, {
      "x" : -24.798374,
      "y" : -11.09017,
      "z" : 11.09017
    } ],
    "faces" : [ {
      "vertices" : [ 0, 1, 2 ]
    }, {
      "vertices" : [ 0, 2, 3 ]
    }, {
      "vertices" : [ 0, 3, 2 ]
    }, {
      "vertices" : [ 0, 2, 1 ]
    } ]
  }, {
    "id" : "87d1e5fc-63a5-4e0d-808b-64343dd6d01d",
    "vertices" : [ {
      "x" : -24.798374,
      "y" : 17.944271,
      "z" : 6.854102
    }, {
      "x" : -22.18034,
      "y" : 20.562305,
      "z" : 4.236068
    }, {
      "x" : -22.18034,
      "y" : 17.944271,
      "z" : 11.09017
    } ],
    "faces" : [ {
      "vertices" : [ 0, 1, 2 ]
    }, {
      "vertices" : [ 0, 2, 1 ]
    } ]
  }, {
    "id" : "0aed644e-58ee-44d2-b61c-7099667dc6db",
    "vertices" : [ {
      "x" : -22.18034,
      "y" : 22.18034,
      "z" : 0.0
    }, {
      "x" : -22.18034,
      "y" : 20.562305,
      "z" : -4.236068
    }, {
      "x" : -17.944271,
      "y" : 24.798374,
      "z" : 0.0
    } ],
    "faces" : [ {
      "vertices" : [ 0, 1, 2 ]
    }, {
      "vertices" : [ 0, 2, 1 ]
    } ]
  }, {
    "id" : "95115cb8-b692-47e0-bd59-50e03a6dac4c",
    "vertices" : [ {
      "x" : 11.09017,
      "y" : -4.236068,
      "z" : -29.034441
    }, {
      "x" : 9.472136,
      "y" : 0.0,
      "z" : -29.034441
    }, {
      "x" : 6.854102,
      "y" : -6.854102,
      "z" : -29.034441
    } ],
    "faces" : [ {
      "vertices" : [ 0, 1, 2 ]
    }, {
      "vertices" : [ 0, 2, 1 ]
    } ]
  }, {
    "id" : "f47845ac-9413-4ebe-b997-27481c87517f",
    "vertices" : [ {
      "x" : -6.854102,
      "y" : 31.652475,
      "z" : 0.0
    }, {
      "x" : -11.09017,
      "y" : 29.034441,
      "z" : 0.0
    }, {
      "x" : -6.854102,
      "y" : 30.652475,
      "z" : -2.618034
    } ],
    "faces" : [ {
      "vertices" : [ 0, 1, 2 ]
    }, {
      "vertices" : [ 0, 2, 1 ]
    } ]
  }, {
    "id" : "2e898ad9-91a0-4812-ab26-52fcf4d9a184",
    "vertices" : [ {
      "x" : -17.944271,
      "y" : -22.18034,
      "z" : -15.326238
    }, {
      "x" : -17.944271,
      "y" : -17.944271,
      "z" : -17.944271
    }, {
      "x" : -19.562305,
      "y" : -20.562305,
      "z" : -13.708204
    } ],
    "faces" : [ {
      "vertices" : [ 0, 1, 2 ]
    }, {
      "vertices" : [ 0, 2, 1 ]
    } ]
  }, {
    "id" : "9abdba39-8bb3-4b3c-b99f-181c1ab8a43f",
    "vertices" : [ {
      "x" : 0.0,
      "y" : 30.652475,
      "z" : 0.0
    }, {
      "x" : 6.854102,
      "y" : 31.652475,
      "z" : 0.0
    }, {
      "x" : 6.854102,
      "y" : 30.652475,
      "z" : 2.618034
    } ],
    "faces" : [ {
      "vertices" : [ 0, 1, 2 ]
    }, {
      "vertices" : [ 0, 2, 1 ]
    } ]
  }, {
    "id" : "06421172-9d08-452f-ade4-018a1d58f6d4",
    "vertices" : [ {
      "x" : 15.326238,
      "y" : 0.0,
      "z" : -24.798374
    }, {
      "x" : 13.708204,
      "y" : 6.854102,
      "z" : -26.416409
    }, {
      "x" : 11.09017,
      "y" : 4.236068,
      "z" : -29.034441
    } ],
    "faces" : [ {
      "vertices" : [ 0, 1, 2 ]
    }, {
      "vertices" : [ 0, 2, 1 ]
    } ]
  }, {
    "id" : "99c9748b-4f50-499c-a761-b8e5e78cbd9f",
    "vertices" : [ {
      "x" : 29.034441,
      "y" : 0.0,
      "z" : -11.09017
    }, {
      "x" : 31.652475,
      "y" : 0.0,
      "z" : -6.854102
    }, {
      "x" : 29.034441,
      "y" : 5.236068,
      "z" : -11.09017
    } ],
    "faces" : [ {
      "vertices" : [ 0, 1, 2 ]
    }, {
      "vertices" : [ 0, 2, 1 ]
    } ]
  }, {
    "id" : "a00a52ed-7f31-4c2c-bf9f-333fb6fbc98c",
    "vertices" : [ {
      "x" : -11.09017,
      "y" : 29.034441,
      "z" : 5.236068
    }, {
      "x" : -11.09017,
      "y" : 29.034441,
      "z" : 0.0
    }, {
      "x" : -22.18034,
      "y" : 17.944271,
      "z" : 11.09017
    }, {
      "x" : -19.562305,
      "y" : 20.562305,
      "z" : 13.708204
    } ],
    "faces" : [ {
      "vertices" : [ 0, 1, 2 ]
    }, {
      "vertices" : [ 0, 2, 3 ]
    }, {
      "vertices" : [ 0, 3, 2 ]
    }, {
      "vertices" : [ 0, 2, 1 ]
    } ]
  }, {
    "id" : "d0d05022-f7ce-4598-b867-8f2ee2a11b6b",
    "vertices" : [ {
      "x" : -4.236068,
      "y" : -29.034441,
      "z" : 11.09017
    }, {
      "x" : 0.0,
      "y" : -29.034441,
      "z" : 9.472136
    }, {
      "x" : -6.854102,
      "y" : -29.034441,
      "z" : 6.854102
    } ],
    "faces" : [ {
      "vertices" : [ 0, 1, 2 ]
    }, {
      "vertices" : [ 0, 2, 1 ]
    } ]
  }, {
    "id" : "9d3e6a6e-24b1-4a3c-b860-aab895e53839",
    "vertices" : [ {
      "x" : 22.18034,
      "y" : 15.326238,
      "z" : 17.944271
    }, {
      "x" : 17.944271,
      "y" : 17.944271,
      "z" : 17.944271
    }, {
      "x" : 22.18034,
      "y" : 16.326239,
      "z" : 15.326238
    } ],
    "faces" : [ {
      "vertices" : [ 0, 1, 2 ]
    }, {
      "vertices" : [ 0, 2, 1 ]
    } ]
  }, {
    "id" : "e7514d38-b53f-41cc-b9a2-661e30322754",
    "vertices" : [ {
      "x" : 2.618034,
      "y" : 6.854102,
      "z" : 30.652475
    }, {
      "x" : 0.0,
      "y" : 11.09017,
      "z" : 29.034441
    }, {
      "x" : -6.854102,
      "y" : -6.854102,
      "z" : 29.034441
    }, {
      "x" : -2.618034,
      "y" : -6.854102,
      "z" : 30.652475
    } ],
    "faces" : [ {
      "vertices" : [ 0, 1, 2 ]
    }, {
      "vertices" : [ 0, 2, 3 ]
    }, {
      "vertices" : [ 0, 3, 2 ]
    }, {
      "vertices" : [ 0, 2, 1 ]
    } ]
  }, {
    "id" : "7b8cbe13-a04e-4c6f-8799-b2c6192b71bc",
    "vertices" : [ {
      "x" : -6.854102,
      "y" : 29.034441,
      "z" : -6.854102
    }, {
      "x" : 4.236068,
      "y" : 29.034441,
      "z" : -11.09017
    }, {
      "x" : 6.854102,
      "y" : 29.034441,
      "z" : -6.854102
    }, {
      "x" : 0.0,
      "y" : 29.034441,
      "z" : -4.236068
    } ],
    "faces" : [ {
      "vertices" : [ 0, 1, 2 ]
    }, {
      "vertices" : [ 0, 2, 3 ]
    }, {
      "vertices" : [ 0, 3, 2 ]
    }, {
      "vertices" : [ 0, 2, 1 ]
    } ]
  }, {
    "id" : "98cf9ab7-dee5-4eb2-8c95-c202c2b9698e",
    "vertices" : [ {
      "x" : -15.326238,
      "y" : 0.0,
      "z" : -24.798374
    }, {
      "x" : -20.562305,
      "y" : -4.236068,
      "z" : -22.18034
    }, {
      "x" : -17.944271,
      "y" : -6.854102,
      "z" : -24.798374
    } ],
    "faces" : [ {
      "vertices" : [ 0, 1, 2 ]
    }, {
      "vertices" : [ 0, 2, 1 ]
    } ]
  }, {
    "id" : "8ad046ec-3c93-4688-b03e-fc8b9f422a3a",
    "vertices" : [ {
      "x" : 0.0,
      "y" : -29.034441,
      "z" : -4.236068
    }, {
      "x" : 0.0,
      "y" : -30.652475,
      "z" : 0.0
    }, {
      "x" : -6.854102,
      "y" : -31.652475,
      "z" : 0.0
    }, {
      "x" : -6.854102,
      "y" : -26.416409,
      "z" : -13.708204
    }, {
      "x" : 0.0,
      "y" : -24.798374,
      "z" : -15.326238
    } ],
    "faces" : [ {
      "vertices" : [ 0, 1, 2 ]
    }, {
      "vertices" : [ 0, 2, 3 ]
    }, {
      "vertices" : [ 0, 3, 4 ]
    }, {
      "vertices" : [ 0, 4, 3 ]
    }, {
      "vertices" : [ 0, 3, 2 ]
    }, {
      "vertices" : [ 0, 2, 1 ]
    } ]
  }, {
    "id" : "66b1f6d6-af14-4f95-8fb2-d787a7a41617",
    "vertices" : [ {
      "x" : 22.18034,
      "y" : 17.944271,
      "z" : 11.09017
    }, {
      "x" : 29.034441,
      "y" : 11.09017,
      "z" : 4.236068
    }, {
      "x" : 29.034441,
      "y" : 6.854102,
      "z" : 6.854102
    }, {
      "x" : 24.798374,
      "y" : 11.09017,
      "z" : 11.09017
    } ],
    "faces" : [ {
      "vertices" : [ 0, 1, 2 ]
    }, {
      "vertices" : [ 0, 2, 3 ]
    }, {
      "vertices" : [ 0, 3, 2 ]
    }, {
      "vertices" : [ 0, 2, 1 ]
    } ]
  }, {
    "id" : "1e816e6c-c9df-49b4-b09b-d2914f53e5b0",
    "vertices" : [ {
      "x" : 0.0,
      "y" : -11.09017,
      "z" : -29.034441
    }, {
      "x" : -4.236068,
      "y" : -13.708204,
      "z" : -29.034441
    }, {
      "x" : 2.618034,
      "y" : -15.326238,
      "z" : -27.416409
    } ],
    "faces" : [ {
      "vertices" : [ 0, 1, 2 ]
    }, {
      "vertices" : [ 0, 2, 1 ]
    } ]
  }, {
    "id" : "f84dfb58-527a-4634-967a-bcab014d4499",
    "vertices" : [ {
      "x" : 6.854102,
      "y" : 24.798374,
      "z" : -17.944271
    }, {
      "x" : 4.236068,
      "y" : 22.18034,
      "z" : -20.562305
    }, {
      "x" : 11.09017,
      "y" : 22.18034,
      "z" : -17.944271
    } ],
    "faces" : [ {
      "vertices" : [ 0, 1, 2 ]
    }, {
      "vertices" : [ 0, 2, 1 ]
    } ]
  }, {
    "id" : "2213e211-791f-4bdf-86cb-bc3685fdda4b",
    "vertices" : [ {
      "x" : 22.18034,
      "y" : 15.326238,
      "z" : 17.944271
    }, {
      "x" : 17.944271,
      "y" : 11.09017,
      "z" : 22.18034
    }, {
      "x" : 16.326239,
      "y" : 15.326238,
      "z" : 22.18034
    } ],
    "faces" : [ {
      "vertices" : [ 0, 1, 2 ]
    }, {
      "vertices" : [ 0, 2, 1 ]
    } ]
  }, {
    "id" : "5bcbbc3e-fd48-4db2-bad6-3a54221fe41e",
    "vertices" : [ {
      "x" : 17.944271,
      "y" : 17.944271,
      "z" : -17.944271
    }, {
      "x" : 17.944271,
      "y" : 22.18034,
      "z" : -15.326238
    }, {
      "x" : 13.708204,
      "y" : 19.562305,
      "z" : -20.562305
    } ],
    "faces" : [ {
      "vertices" : [ 0, 1, 2 ]
    }, {
      "vertices" : [ 0, 2, 1 ]
    } ]
  }, {
    "id" : "6456becb-184b-4430-8944-302d4e9b47b6",
    "vertices" : [ {
      "x" : -11.09017,
      "y" : 11.09017,
      "z" : -24.798374
    }, {
      "x" : -9.472136,
      "y" : 15.326238,
      "z" : -24.798374
    }, {
      "x" : -4.236068,
      "y" : 13.708204,
      "z" : -29.034441
    }, {
      "x" : -9.472136,
      "y" : 0.0,
      "z" : -29.034441
    }, {
      "x" : -15.326238,
      "y" : 0.0,
      "z" : -24.798374
    } ],
    "faces" : [ {
      "vertices" : [ 0, 1, 2 ]
    }, {
      "vertices" : [ 0, 2, 3 ]
    }, {
      "vertices" : [ 0, 3, 4 ]
    }, {
      "vertices" : [ 0, 4, 3 ]
    }, {
      "vertices" : [ 0, 3, 2 ]
    }, {
      "vertices" : [ 0, 2, 1 ]
    } ]
  }, {
    "id" : "4767da55-e657-4e69-a4bc-af0dfca81446",
    "vertices" : [ {
      "x" : 22.18034,
      "y" : -22.18034,
      "z" : 0.0
    }, {
      "x" : 22.18034,
      "y" : -20.562305,
      "z" : -4.236068
    }, {
      "x" : 17.944271,
      "y" : -24.798374,
      "z" : 0.0
    } ],
    "faces" : [ {
      "vertices" : [ 0, 1, 2 ]
    }, {
      "vertices" : [ 0, 2, 1 ]
    } ]
  }, {
    "id" : "bb51eecd-ab9f-4581-ac5f-0ec0085e6375",
    "vertices" : [ {
      "x" : 29.034441,
      "y" : 0.0,
      "z" : 11.09017
    }, {
      "x" : 29.034441,
      "y" : 4.236068,
      "z" : 13.708204
    }, {
      "x" : 30.652475,
      "y" : 2.618034,
      "z" : 6.854102
    } ],
    "faces" : [ {
      "vertices" : [ 0, 1, 2 ]
    }, {
      "vertices" : [ 0, 2, 1 ]
    } ]
  }, {
    "id" : "aa58f80b-33e0-48e8-ae2b-c253c79c8a27",
    "vertices" : [ {
      "x" : -17.944271,
      "y" : -22.18034,
      "z" : -15.326238
    }, {
      "x" : -11.09017,
      "y" : -22.18034,
      "z" : -17.944271
    }, {
      "x" : -13.708204,
      "y" : -19.562305,
      "z" : -20.562305
    } ],
    "faces" : [ {
      "vertices" : [ 0, 1, 2 ]
    }, {
      "vertices" : [ 0, 2, 1 ]
    } ]
  }, {
    "id" : "87e12d25-c798-4aea-b083-126db4715100",
    "vertices" : [ {
      "x" : -17.944271,
      "y" : 22.18034,
      "z" : 15.326238
    }, {
      "x" : -11.09017,
      "y" : 22.18034,
      "z" : 17.944271
    }, {
      "x" : -13.708204,
      "y" : 19.562305,
      "z" : 20.562305
    } ],
    "faces" : [ {
      "vertices" : [ 0, 1, 2 ]
    }, {
      "vertices" : [ 0, 2, 1 ]
    } ]
  }, {
    "id" : "32200ba8-4dda-4fc6-8a6d-ec10f5faf11c",
    "vertices" : [ {
      "x" : -9.472136,
      "y" : -15.326238,
      "z" : 24.798374
    }, {
      "x" : -15.326238,
      "y" : -17.944271,
      "z" : 22.18034
    }, {
      "x" : -16.326239,
      "y" : -15.326238,
      "z" : 22.18034
    } ],
    "faces" : [ {
      "vertices" : [ 0, 1, 2 ]
    }, {
      "vertices" : [ 0, 2, 1 ]
    } ]
  }, {
    "id" : "e42bb550-1f00-4416-8e19-1037c3b5a392",
    "vertices" : [ {
      "x" : 22.18034,
      "y" : -15.326238,
      "z" : 17.944271
    }, {
      "x" : 17.944271,
      "y" : -17.944271,
      "z" : 17.944271
    }, {
      "x" : 20.562305,
      "y" : -13.708204,
      "z" : 19.562305
    } ],
    "faces" : [ {
      "vertices" : [ 0, 1, 2 ]
    }, {
      "vertices" : [ 0, 2, 1 ]
    } ]
  }, {
    "id" : "35dc1cb8-6001-44a9-8e52-fbe00aded69f",
    "vertices" : [ {
      "x" : -15.326238,
      "y" : -27.416409,
      "z" : 2.618034
    }, {
      "x" : -11.09017,
      "y" : -29.034441,
      "z" : 0.0
    }, {
      "x" : -11.09017,
      "y" : -22.18034,
      "z" : 17.944271
    }, {
      "x" : -15.326238,
      "y" : -22.18034,
      "z" : 16.326239
    } ],
    "faces" : [ {
      "vertices" : [ 0, 1, 2 ]
    }, {
      "vertices" : [ 0, 2, 3 ]
    }, {
      "vertices" : [ 0, 3, 2 ]
    }, {
      "vertices" : [ 0, 2, 1 ]
    } ]
  }, {
    "id" : "177c27ae-68f6-4577-83db-f55b7a93dab4",
    "vertices" : [ {
      "x" : -15.326238,
      "y" : 0.0,
      "z" : 24.798374
    }, {
      "x" : -13.708204,
      "y" : 6.854102,
      "z" : 26.416409
    }, {
      "x" : -17.944271,
      "y" : 6.854102,
      "z" : 24.798374
    } ],
    "faces" : [ {
      "vertices" : [ 0, 1, 2 ]
    }, {
      "vertices" : [ 0, 2, 1 ]
    } ]
  }, {
    "id" : "f497e2d3-b0d8-4bfc-a896-465ac8e8f24b",
    "vertices" : [ {
      "x" : -17.944271,
      "y" : 22.18034,
      "z" : -6.854102
    }, {
      "x" : -15.326238,
      "y" : 24.798374,
      "z" : -9.472136
    }, {
      "x" : -17.944271,
      "y" : 22.18034,
      "z" : -15.326238
    }, {
      "x" : -26.416409,
      "y" : 13.708204,
      "z" : -6.854102
    }, {
      "x" : -24.798374,
      "y" : 15.326238,
      "z" : 0.0
    } ],
    "faces" : [ {
      "vertices" : [ 0, 1, 2 ]
    }, {
      "vertices" : [ 0, 2, 3 ]
    }, {
      "vertices" : [ 0, 3, 4 ]
    }, {
      "vertices" : [ 0, 4, 3 ]
    }, {
      "vertices" : [ 0, 3, 2 ]
    }, {
      "vertices" : [ 0, 2, 1 ]
    } ]
  }, {
    "id" : "5048b8ba-1be8-47bd-9541-5251fd661b08",
    "vertices" : [ {
      "x" : 0.0,
      "y" : 0.0,
      "z" : 30.652475
    }, {
      "x" : 0.0,
      "y" : -6.854102,
      "z" : 31.652475
    }, {
      "x" : -2.618034,
      "y" : -6.854102,
      "z" : 30.652475
    } ],
    "faces" : [ {
      "vertices" : [ 0, 1, 2 ]
    }, {
      "vertices" : [ 0, 2, 1 ]
    } ]
  }, {
    "id" : "8033fe71-f703-4338-ad86-b94a0dd5e297",
    "vertices" : [ {
      "x" : -9.472136,
      "y" : 15.326238,
      "z" : 24.798374
    }, {
      "x" : -15.326238,
      "y" : 17.944271,
      "z" : 22.18034
    }, {
      "x" : -13.708204,
      "y" : 19.562305,
      "z" : 20.562305
    } ],
    "faces" : [ {
      "vertices" : [ 0, 1, 2 ]
    }, {
      "vertices" : [ 0, 2, 1 ]
    } ]
  }, {
    "id" : "94156960-19a9-4460-bd7b-434116b04fb2",
    "vertices" : [ {
      "x" : 29.034441,
      "y" : 11.09017,
      "z" : 4.236068
    }, {
      "x" : 29.034441,
      "y" : 9.472136,
      "z" : 0.0
    }, {
      "x" : 29.034441,
      "y" : 6.854102,
      "z" : 6.854102
    } ],
    "faces" : [ {
      "vertices" : [ 0, 1, 2 ]
    }, {
      "vertices" : [ 0, 2, 1 ]
    } ]
  }, {
    "id" : "be8766e8-a91d-4a37-8003-7b3663ce77c3",
    "vertices" : [ {
      "x" : 24.798374,
      "y" : -15.326238,
      "z" : 0.0
    }, {
      "x" : 26.416409,
      "y" : -13.708204,
      "z" : -6.854102
    }, {
      "x" : 24.798374,
      "y" : -17.944271,
      "z" : -6.854102
    } ],
    "faces" : [ {
      "vertices" : [ 0, 1, 2 ]
    }, {
      "vertices" : [ 0, 2, 1 ]
    } ]
  }, {
    "id" : "fb3b9931-c858-4aeb-8d4b-270e6eecb009",
    "vertices" : [ {
      "x" : -13.708204,
      "y" : 29.034441,
      "z" : 4.236068
    }, {
      "x" : -11.09017,
      "y" : 29.034441,
      "z" : 0.0
    }, {
      "x" : -11.09017,
      "y" : 29.034441,
      "z" : 5.236068
    } ],
    "faces" : [ {
      "vertices" : [ 0, 1, 2 ]
    }, {
      "vertices" : [ 0, 2, 1 ]
    } ]
  }, {
    "id" : "79638f96-82ee-4394-9dce-a63506927bc0",
    "vertices" : [ {
      "x" : 11.09017,
      "y" : -29.034441,
      "z" : 0.0
    }, {
      "x" : 6.854102,
      "y" : -31.652475,
      "z" : 0.0
    }, {
      "x" : 11.09017,
      "y" : -29.034441,
      "z" : 5.236068
    } ],
    "faces" : [ {
      "vertices" : [ 0, 1, 2 ]
    }, {
      "vertices" : [ 0, 2, 1 ]
    } ]
  }, {
    "id" : "09412b96-6bf8-4200-a25d-0a7346daeb5b",
    "vertices" : [ {
      "x" : 0.0,
      "y" : 24.798374,
      "z" : 15.326238
    }, {
      "x" : -6.854102,
      "y" : 26.416409,
      "z" : 13.708204
    }, {
      "x" : -4.236068,
      "y" : 29.034441,
      "z" : 11.09017
    } ],
    "faces" : [ {
      "vertices" : [ 0, 1, 2 ]
    }, {
      "vertices" : [ 0, 2, 1 ]
    } ]
  }, {
    "id" : "f9ae88d1-039f-4dca-89bd-8c27b4a06370",
    "vertices" : [ {
      "x" : 17.944271,
      "y" : 17.944271,
      "z" : 17.944271
    }, {
      "x" : 15.326238,
      "y" : 17.944271,
      "z" : 22.18034
    }, {
      "x" : 15.326238,
      "y" : 22.18034,
      "z" : 16.326239
    } ],
    "faces" : [ {
      "vertices" : [ 0, 1, 2 ]
    }, {
      "vertices" : [ 0, 2, 1 ]
    } ]
  }, {
    "id" : "2f0da510-eb63-4d26-8ee5-ca99c8e78589",
    "vertices" : [ {
      "x" : 4.236068,
      "y" : 13.708204,
      "z" : -29.034441
    }, {
      "x" : 0.0,
      "y" : 17.944271,
      "z" : -24.798374
    }, {
      "x" : -2.618034,
      "y" : 15.326238,
      "z" : -27.416409
    } ],
    "faces" : [ {
      "vertices" : [ 0, 1, 2 ]
    }, {
      "vertices" : [ 0, 2, 1 ]
    } ]
  }, {
    "id" : "b3cdf23e-ecad-47b1-a5c6-dfdb2d64a7f6",
    "vertices" : [ {
      "x" : -17.944271,
      "y" : 17.944271,
      "z" : -17.944271
    }, {
      "x" : -15.326238,
      "y" : 17.944271,
      "z" : -22.18034
    }, {
      "x" : -15.326238,
      "y" : 22.18034,
      "z" : -16.326239
    } ],
    "faces" : [ {
      "vertices" : [ 0, 1, 2 ]
    }, {
      "vertices" : [ 0, 2, 1 ]
    } ]
  }, {
    "id" : "733bcf87-b562-4a04-ae06-4b6d40071343",
    "vertices" : [ {
      "x" : 0.0,
      "y" : -24.798374,
      "z" : 15.326238
    }, {
      "x" : 4.236068,
      "y" : -22.18034,
      "z" : 20.562305
    }, {
      "x" : 6.854102,
      "y" : -24.798374,
      "z" : 17.944271
    } ],
    "faces" : [ {
      "vertices" : [ 0, 1, 2 ]
    }, {
      "vertices" : [ 0, 2, 1 ]
    } ]
  }, {
