{
  "polygons" : "true",
  "field" : "sqrtPhi",
  "symmetry" : "icosahedral",
  "orientations" : [ [ 1.0, 0.0, 0.0, 0.0, 0.0, 1.0, 0.0, 0.0, 0.0, 0.0, 1.0, 0.0, 0.0, 0.0, 0.0, 1.0 ], [ 0.0, 0.0, 1.0, 0.0, 1.0, 0.0, 0.0, 0.0, 0.0, 1.0, 0.0, 0.0, 0.0, 0.0, 0.0, 1.0 ], [ 0.0, 1.0, 0.0, 0.0, 0.0, 0.0, 1.0, 0.0, 1.0, 0.0, 0.0, 0.0, 0.0, 0.0, 0.0, 1.0 ], [ 0.809017, 0.309017, 0.5, 0.0, 0.309017, 0.5, -0.809017, 0.0, -0.5, 0.809017, 0.309017, 0.0, 0.0, 0.0, 0.0, 1.0 ], [ -0.5, 0.809017, 0.309017, 0.0, 0.809017, 0.309017, 0.5, 0.0, 0.309017, 0.5, -0.809017, 0.0, 0.0, 0.0, 0.0, 1.0 ], [ 0.309017, 0.5, -0.809017, 0.0, -0.5, 0.809017, 0.309017, 0.0, 0.809017, 0.309017, 0.5, 0.0, 0.0, 0.0, 0.0, 1.0 ], [ 0.5, 0.809017, 0.309017, 0.0, 0.809017, -0.309017, -0.5, 0.0, -0.309017, 0.5, -0.809017, 0.0, 0.0, 0.0, 0.0, 1.0 ], [ -0.309017, 0.5, -0.809017, 0.0, 0.5, 0.809017, 0.309017, 0.0, 0.809017, -0.309017, -0.5, 0.0, 0.0, 0.0, 0.0, 1.0 ], [ 0.809017, -0.309017, -0.5, 0.0, -0.309017, 0.5, -0.809017, 0.0, 0.5, 0.809017, 0.309017, 0.0, 0.0, 0.0, 0.0, 1.0 ], [ 0.5, 0.809017, -0.309017, 0.0, 0.809017, -0.309017, 0.5, 0.0, 0.309017, -0.5, -0.809017, 0.0, 0.0, 0.0, 0.0, 1.0 ], [ 0.309017, -0.5, -0.809017, 0.0, 0.5, 0.809017, -0.309017, 0.0, 0.809017, -0.309017, 0.5, 0.0, 0.0, 0.0, 0.0, 1.0 ], [ 0.809017, -0.309017, 0.5, 0.0, 0.309017, -0.5, -0.809017, 0.0, 0.5, 0.809017, -0.309017, 0.0, 0.0, 0.0, 0.0, 1.0 ], [ 0.809017, 0.309017, -0.5, 0.0, 0.309017, 0.5, 0.809017, 0.0, 0.5, -0.809017, 0.309017, 0.0, 0.0, 0.0, 0.0, 1.0 ], [ 0.5, -0.809017, 0.309017, 0.0, 0.809017, 0.309017, -0.5, 0.0, 0.309017, 0.5, 0.809017, 0.0, 0.0, 0.0, 0.0, 1.0 ], [ 0.309017, 0.5, 0.809017, 0.0, 0.5, -0.809017, 0.309017, 0.0, 0.809017, 0.309017, -0.5, 0.0, 0.0, 0.0, 0.0, 1.0 ], [ 1.0, 0.0, 0.0, 0.0, 0.0, -1.0, 0.0, 0.0, 0.0, 0.0, -1.0, 0.0, 0.0, 0.0, 0.0, 1.0 ], [ 0.0, 0.0, 1.0, 0.0, -1.0, 0.0, 0.0, 0.0, 0.0, -1.0, 0.0, 0.0, 0.0, 0.0, 0.0, 1.0 ], [ 0.0, 1.0, 0.0, 0.0, 0.0, 0.0, -1.0, 0.0, -1.0, 0.0, 0.0, 0.0, 0.0, 0.0, 0.0, 1.0 ], [ 0.809017, 0.309017, 0.5, 0.0, -0.309017, -0.5, 0.809017, 0.0, 0.5, -0.809017, -0.309017, 0.0, 0.0, 0.0, 0.0, 1.0 ], [ -0.5, 0.809017, 0.309017, 0.0, -0.809017, -0.309017, -0.5, 0.0, -0.309017, -0.5, 0.809017, 0.0, 0.0, 0.0, 0.0, 1.0 ], [ 0.309017, 0.5, -0.809017, 0.0, 0.5, -0.809017, -0.309017, 0.0, -0.809017, -0.309017, -0.5, 0.0, 0.0, 0.0, 0.0, 1.0 ], [ 0.5, 0.809017, 0.309017, 0.0, -0.809017, 0.309017, 0.5, 0.0, 0.309017, -0.5, 0.809017, 0.0, 0.0, 0.0, 0.0, 1.0 ], [ -0.309017, 0.5, -0.809017, 0.0, -0.5, -0.809017, -0.309017, 0.0, -0.809017, 0.309017, 0.5, 0.0, 0.0, 0.0, 0.0, 1.0 ], [ 0.809017, -0.309017, -0.5, 0.0, 0.309017, -0.5, 0.809017, 0.0, -0.5, -0.809017, -0.309017, 0.0, 0.0, 0.0, 0.0, 1.0 ], [ 0.5, 0.809017, -0.309017, 0.0, -0.809017, 0.309017, -0.5, 0.0, -0.309017, 0.5, 0.809017, 0.0, 0.0, 0.0, 0.0, 1.0 ], [ 0.309017, -0.5, -0.809017, 0.0, -0.5, -0.809017, 0.309017, 0.0, -0.809017, 0.309017, -0.5, 0.0, 0.0, 0.0, 0.0, 1.0 ], [ 0.809017, -0.309017, 0.5, 0.0, -0.309017, 0.5, 0.809017, 0.0, -0.5, -0.809017, 0.309017, 0.0, 0.0, 0.0, 0.0, 1.0 ], [ 0.809017, 0.309017, -0.5, 0.0, -0.309017, -0.5, -0.809017, 0.0, -0.5, 0.809017, -0.309017, 0.0, 0.0, 0.0, 0.0, 1.0 ], [ 0.5, -0.809017, 0.309017, 0.0, -0.809017, -0.309017, 0.5, 0.0, -0.309017, -0.5, -0.809017, 0.0, 0.0, 0.0, 0.0, 1.0 ], [ 0.309017, 0.5, 0.809017, 0.0, -0.5, 0.809017, -0.309017, 0.0, -0.809017, -0.309017, 0.5, 0.0, 0.0, 0.0, 0.0, 1.0 ], [ -1.0, 0.0, 0.0, 0.0, 0.0, -1.0, 0.0, 0.0, 0.0, 0.0, 1.0, 0.0, 0.0, 0.0, 0.0, 1.0 ], [ 0.0, 0.0, -1.0, 0.0, -1.0, 0.0, 0.0, 0.0, 0.0, 1.0, 0.0, 0.0, 0.0, 0.0, 0.0, 1.0 ], [ 0.0, -1.0, 0.0, 0.0, 0.0, 0.0, -1.0, 0.0, 1.0, 0.0, 0.0, 0.0, 0.0, 0.0, 0.0, 1.0 ], [ -0.809017, -0.309017, -0.5, 0.0, -0.309017, -0.5, 0.809017, 0.0, -0.5, 0.809017, 0.309017, 0.0, 0.0, 0.0, 0.0, 1.0 ], [ 0.5, -0.809017, -0.309017, 0.0, -0.809017, -0.309017, -0.5, 0.0, 0.309017, 0.5, -0.809017, 0.0, 0.0, 0.0, 0.0, 1.0 ], [ -0.309017, -0.5, 0.809017, 0.0, 0.5, -0.809017, -0.309017, 0.0, 0.809017, 0.309017, 0.5, 0.0, 0.0, 0.0, 0.0, 1.0 ], [ -0.5, -0.809017, -0.309017, 0.0, -0.809017, 0.309017, 0.5, 0.0, -0.309017, 0.5, -0.809017, 0.0, 0.0, 0.0, 0.0, 1.0 ], [ 0.309017, -0.5, 0.809017, 0.0, -0.5, -0.809017, -0.309017, 0.0, 0.809017, -0.309017, -0.5, 0.0, 0.0, 0.0, 0.0, 1.0 ], [ -0.809017, 0.309017, 0.5, 0.0, 0.309017, -0.5, 0.809017, 0.0, 0.5, 0.809017, 0.309017, 0.0, 0.0, 0.0, 0.0, 1.0 ], [ -0.5, -0.809017, 0.309017, 0.0, -0.809017, 0.309017, -0.5, 0.0, 0.309017, -0.5, -0.809017, 0.0, 0.0, 0.0, 0.0, 1.0 ], [ -0.309017, 0.5, 0.809017, 0.0, -0.5, -0.809017, 0.309017, 0.0, 0.809017, -0.309017, 0.5, 0.0, 0.0, 0.0, 0.0, 1.0 ], [ -0.809017, 0.309017, -0.5, 0.0, -0.309017, 0.5, 0.809017, 0.0, 0.5, 0.809017, -0.309017, 0.0, 0.0, 0.0, 0.0, 1.0 ], [ -0.809017, -0.309017, 0.5, 0.0, -0.309017, -0.5, -0.809017, 0.0, 0.5, -0.809017, 0.309017, 0.0, 0.0, 0.0, 0.0, 1.0 ], [ -0.5, 0.809017, -0.309017, 0.0, -0.809017, -0.309017, 0.5, 0.0, 0.309017, 0.5, 0.809017, 0.0, 0.0, 0.0, 0.0, 1.0 ], [ -0.309017, -0.5, -0.809017, 0.0, -0.5, 0.809017, -0.309017, 0.0, 0.809017, 0.309017, -0.5, 0.0, 0.0, 0.0, 0.0, 1.0 ], [ -1.0, 0.0, 0.0, 0.0, 0.0, 1.0, 0.0, 0.0, 0.0, 0.0, -1.0, 0.0, 0.0, 0.0, 0.0, 1.0 ], [ 0.0, 0.0, -1.0, 0.0, 1.0, 0.0, 0.0, 0.0, 0.0, -1.0, 0.0, 0.0, 0.0, 0.0, 0.0, 1.0 ], [ 0.0, -1.0, 0.0, 0.0, 0.0, 0.0, 1.0, 0.0, -1.0, 0.0, 0.0, 0.0, 0.0, 0.0, 0.0, 1.0 ], [ -0.809017, -0.309017, -0.5, 0.0, 0.309017, 0.5, -0.809017, 0.0, 0.5, -0.809017, -0.309017, 0.0, 0.0, 0.0, 0.0, 1.0 ], [ 0.5, -0.809017, -0.309017, 0.0, 0.809017, 0.309017, 0.5, 0.0, -0.309017, -0.5, 0.809017, 0.0, 0.0, 0.0, 0.0, 1.0 ], [ -0.309017, -0.5, 0.809017, 0.0, -0.5, 0.809017, 0.309017, 0.0, -0.809017, -0.309017, -0.5, 0.0, 0.0, 0.0, 0.0, 1.0 ], [ -0.5, -0.809017, -0.309017, 0.0, 0.809017, -0.309017, -0.5, 0.0, 0.309017, -0.5, 0.809017, 0.0, 0.0, 0.0, 0.0, 1.0 ], [ 0.309017, -0.5, 0.809017, 0.0, 0.5, 0.809017, 0.309017, 0.0, -0.809017, 0.309017, 0.5, 0.0, 0.0, 0.0, 0.0, 1.0 ], [ -0.809017, 0.309017, 0.5, 0.0, -0.309017, 0.5, -0.809017, 0.0, -0.5, -0.809017, -0.309017, 0.0, 0.0, 0.0, 0.0, 1.0 ], [ -0.5, -0.809017, 0.309017, 0.0, 0.809017, -0.309017, 0.5, 0.0, -0.309017, 0.5, 0.809017, 0.0, 0.0, 0.0, 0.0, 1.0 ], [ -0.309017, 0.5, 0.809017, 0.0, 0.5, 0.809017, -0.309017, 0.0, -0.809017, 0.309017, -0.5, 0.0, 0.0, 0.0, 0.0, 1.0 ], [ -0.809017, 0.309017, -0.5, 0.0, 0.309017, -0.5, -0.809017, 0.0, -0.5, -0.809017, 0.309017, 0.0, 0.0, 0.0, 0.0, 1.0 ], [ -0.809017, -0.309017, 0.5, 0.0, 0.309017, 0.5, 0.809017, 0.0, -0.5, 0.809017, -0.309017, 0.0, 0.0, 0.0, 0.0, 1.0 ], [ -0.5, 0.809017, -0.309017, 0.0, 0.809017, 0.309017, -0.5, 0.0, -0.309017, -0.5, -0.809017, 0.0, 0.0, 0.0, 0.0, 1.0 ], [ -0.309017, -0.5, -0.809017, 0.0, 0.5, -0.809017, 0.309017, 0.0, -0.809017, -0.309017, 0.5, 0.0, 0.0, 0.0, 0.0, 1.0 ] ],
  "lights" : {
    "backgroundColor" : "#AFC8DC",
    "ambientColor" : "#292929",
    "directionalLights" : [ {
      "direction" : [ 1.0, -1.0, -1.0 ],
      "color" : "#EBEBE4"
    }, {
      "direction" : [ -1.0, 0.0, 0.0 ],
      "color" : "#E4E4EB"
    }, {
      "direction" : [ 0.0, 0.0, -1.0 ],
      "color" : "#1E1E1E"
    } ]
  },
  "camera" : {
    "lookAtPoint" : {
      "x" : 0.0,
      "y" : 0.0,
      "z" : 0.0
    },
    "lookDirection" : {
      "x" : 0.0,
      "y" : 0.0,
      "z" : -1.0
    },
    "upDirection" : {
      "x" : 0.0,
      "y" : 1.0,
      "z" : 0.0
    },
    "nearClipDistance" : 0.34556144,
    "farClipDistance" : 276.4484,
    "perspective" : false,
    "lookDirectionRV" : {
      "x" : 0.0,
      "y" : 0.0,
      "z" : -1.0,
      "zero" : false
    },
    "lookAtPointRV" : {
      "x" : 0.0,
      "y" : 0.0,
      "z" : 0.0,
      "zero" : true
    },
    "viewDistance" : 138.22453,
    "upDirectionRV" : {
      "x" : 0.0,
      "y" : 1.0,
      "z" : 0.0,
      "zero" : false
    },
    "fieldOfView" : 0.4426287,
    "stereo" : false,
    "width" : 62.201015,
    "position" : {
      "x" : 0.0,
      "y" : 0.0,
      "z" : 138.22453
    }
  },
  "embedding" : [ 1.0, 0.0, 0.0, 0.0, 0.0, 1.0, 0.0, 0.0, 0.0, 0.0, 1.0, 0.0, 0.0, 0.0, 0.0, 1.0 ],
  "shapes" : [ {
    "id" : "834e0680-9d2f-43c3-a761-a5b77fdb4cb5",
    "name" : "ball",
    "vertices" : [ {
      "x" : -0.6545085,
      "y" : -0.20225425,
      "z" : -0.125
    }, {
      "x" : -0.6545085,
      "y" : -0.20225425,
      "z" : 0.125
    }, {
      "x" : -0.6545085,
      "y" : 0.20225425,
      "z" : -0.125
    }, {
      "x" : -0.6545085,
      "y" : 0.20225425,
      "z" : 0.125
    }, {
      "x" : -0.5295085,
      "y" : -0.4045085,
      "z" : -0.20225425
    }, {
      "x" : -0.5295085,
      "y" : -0.4045085,
      "z" : 0.20225425
    }, {
      "x" : -0.5295085,
      "y" : 0.0,
      "z" : -0.45225424
    }, {
      "x" : -0.5295085,
      "y" : 0.0,
      "z" : 0.45225424
    }, {
      "x" : -0.5295085,
      "y" : 0.4045085,
      "z" : -0.20225425
    }, {
      "x" : -0.5295085,
      "y" : 0.4045085,
      "z" : 0.20225425
    }, {
      "x" : -0.45225424,
      "y" : -0.5295085,
      "z" : 0.0
    }, {
      "x" : -0.45225424,
      "y" : 0.5295085,
      "z" : 0.0
    }, {
      "x" : -0.4045085,
      "y" : -0.20225425,
      "z" : -0.5295085
    }, {
      "x" : -0.4045085,
      "y" : -0.20225425,
      "z" : 0.5295085
    }, {
      "x" : -0.4045085,
      "y" : 0.20225425,
      "z" : -0.5295085
    }, {
      "x" : -0.4045085,
      "y" : 0.20225425,
      "z" : 0.5295085
    }, {
      "x" : -0.20225425,
      "y" : -0.5295085,
      "z" : -0.4045085
    }, {
      "x" : -0.20225425,
      "y" : -0.5295085,
      "z" : 0.4045085
    }, {
      "x" : -0.20225425,
      "y" : -0.125,
      "z" : -0.6545085
    }, {
      "x" : -0.20225425,
      "y" : -0.125,
      "z" : 0.6545085
    }, {
      "x" : -0.20225425,
      "y" : 0.125,
      "z" : -0.6545085
    }, {
      "x" : -0.20225425,
      "y" : 0.125,
      "z" : 0.6545085
    }, {
      "x" : -0.20225425,
      "y" : 0.5295085,
      "z" : -0.4045085
    }, {
      "x" : -0.20225425,
      "y" : 0.5295085,
      "z" : 0.4045085
    }, {
      "x" : -0.125,
      "y" : -0.6545085,
      "z" : -0.20225425
    }, {
      "x" : -0.125,
      "y" : -0.6545085,
      "z" : 0.20225425
    }, {
      "x" : -0.125,
      "y" : 0.6545085,
      "z" : -0.20225425
    }, {
      "x" : -0.125,
      "y" : 0.6545085,
      "z" : 0.20225425
    }, {
      "x" : 0.0,
      "y" : -0.45225424,
      "z" : -0.5295085
    }, {
      "x" : 0.0,
      "y" : -0.45225424,
      "z" : 0.5295085
    }, {
      "x" : 0.0,
      "y" : 0.45225424,
      "z" : -0.5295085
    }, {
      "x" : 0.0,
      "y" : 0.45225424,
      "z" : 0.5295085
    }, {
      "x" : 0.125,
      "y" : -0.6545085,
      "z" : -0.20225425
    }, {
      "x" : 0.125,
      "y" : -0.6545085,
      "z" : 0.20225425
    }, {
      "x" : 0.125,
      "y" : 0.6545085,
      "z" : -0.20225425
    }, {
      "x" : 0.125,
      "y" : 0.6545085,
      "z" : 0.20225425
    }, {
      "x" : 0.20225425,
      "y" : -0.5295085,
      "z" : -0.4045085
    }, {
      "x" : 0.20225425,
      "y" : -0.5295085,
      "z" : 0.4045085
    }, {
      "x" : 0.20225425,
      "y" : -0.125,
      "z" : -0.6545085
    }, {
      "x" : 0.20225425,
      "y" : -0.125,
      "z" : 0.6545085
    }, {
      "x" : 0.20225425,
      "y" : 0.125,
      "z" : -0.6545085
    }, {
      "x" : 0.20225425,
      "y" : 0.125,
      "z" : 0.6545085
    }, {
      "x" : 0.20225425,
      "y" : 0.5295085,
      "z" : -0.4045085
    }, {
      "x" : 0.20225425,
      "y" : 0.5295085,
      "z" : 0.4045085
    }, {
      "x" : 0.4045085,
      "y" : -0.20225425,
      "z" : -0.5295085
    }, {
      "x" : 0.4045085,
      "y" : -0.20225425,
      "z" : 0.5295085
    }, {
      "x" : 0.4045085,
      "y" : 0.20225425,
      "z" : -0.5295085
    }, {
      "x" : 0.4045085,
      "y" : 0.20225425,
      "z" : 0.5295085
    }, {
      "x" : 0.45225424,
      "y" : -0.5295085,
      "z" : 0.0
    }, {
      "x" : 0.45225424,
      "y" : 0.5295085,
      "z" : 0.0
    }, {
      "x" : 0.5295085,
      "y" : -0.4045085,
      "z" : -0.20225425
    }, {
      "x" : 0.5295085,
      "y" : -0.4045085,
      "z" : 0.20225425
    }, {
      "x" : 0.5295085,
      "y" : 0.0,
      "z" : -0.45225424
    }, {
      "x" : 0.5295085,
      "y" : 0.0,
      "z" : 0.45225424
    }, {
      "x" : 0.5295085,
      "y" : 0.4045085,
      "z" : -0.20225425
    }, {
      "x" : 0.5295085,
      "y" : 0.4045085,
      "z" : 0.20225425
    }, {
      "x" : 0.6545085,
      "y" : -0.20225425,
      "z" : -0.125
    }, {
      "x" : 0.6545085,
      "y" : -0.20225425,
      "z" : 0.125
    }, {
      "x" : 0.6545085,
      "y" : 0.20225425,
      "z" : -0.125
    }, {
      "x" : 0.6545085,
      "y" : 0.20225425,
      "z" : 0.125
    } ],
    "faces" : [ {
      "vertices" : [ 36, 44, 50 ]
    }, {
      "vertices" : [ 37, 51, 45 ]
    }, {
      "vertices" : [ 0, 1, 3, 2 ]
    }, {
      "vertices" : [ 48, 50, 56, 57, 51 ]
    }, {
      "vertices" : [ 0, 2, 6 ]
    }, {
      "vertices" : [ 16, 28, 36, 32, 24 ]
    }, {
      "vertices" : [ 1, 7, 3 ]
    }, {
      "vertices" : [ 17, 25, 33, 37, 29 ]
    }, {
      "vertices" : [ 42, 54, 46 ]
    }, {
      "vertices" : [ 43, 47, 55 ]
    }, {
      "vertices" : [ 28, 38, 44, 36 ]
    }, {
      "vertices" : [ 49, 55, 59, 58, 54 ]
    }, {
      "vertices" : [ 0, 4, 10, 5, 1 ]
    }, {
      "vertices" : [ 0, 6, 12, 4 ]
    }, {
      "vertices" : [ 29, 37, 45, 39 ]
    }, {
      "vertices" : [ 1, 5, 13, 7 ]
    }, {
      "vertices" : [ 22, 26, 34, 42, 30 ]
    }, {
      "vertices" : [ 2, 8, 14, 6 ]
    }, {
      "vertices" : [ 30, 42, 46, 40 ]
    }, {
      "vertices" : [ 23, 31, 43, 35, 27 ]
    }, {
      "vertices" : [ 4, 12, 16 ]
    }, {
      "vertices" : [ 2, 3, 9, 11, 8 ]
    }, {
      "vertices" : [ 3, 7, 15, 9 ]
    }, {
      "vertices" : [ 31, 41, 47, 43 ]
    }, {
      "vertices" : [ 5, 17, 13 ]
    }, {
      "vertices" : [ 52, 58, 56 ]
    }, {
      "vertices" : [ 32, 36, 50, 48 ]
    }, {
      "vertices" : [ 53, 57, 59 ]
    }, {
      "vertices" : [ 33, 48, 51, 37 ]
    }, {
      "vertices" : [ 8, 22, 14 ]
    }, {
      "vertices" : [ 9, 15, 23 ]
    }, {
      "vertices" : [ 34, 49, 54, 42 ]
    }, {
      "vertices" : [ 4, 16, 24, 10 ]
    }, {
      "vertices" : [ 35, 43, 55, 49 ]
    }, {
      "vertices" : [ 5, 10, 25, 17 ]
    }, {
      "vertices" : [ 10, 24, 25 ]
    }, {
      "vertices" : [ 11, 27, 26 ]
    }, {
      "vertices" : [ 8, 11, 26, 22 ]
    }, {
      "vertices" : [ 9, 23, 27, 11 ]
    }, {
      "vertices" : [ 6, 14, 20, 18, 12 ]
    }, {
      "vertices" : [ 12, 18, 28, 16 ]
    }, {
      "vertices" : [ 44, 52, 56, 50 ]
    }, {
      "vertices" : [ 7, 13, 19, 21, 15 ]
    }, {
      "vertices" : [ 13, 17, 29, 19 ]
    }, {
      "vertices" : [ 45, 51, 57, 53 ]
    }, {
      "vertices" : [ 46, 54, 58, 52 ]
    }, {
      "vertices" : [ 18, 38, 28 ]
    }, {
      "vertices" : [ 14, 22, 30, 20 ]
    }, {
      "vertices" : [ 47, 53, 59, 55 ]
    }, {
      "vertices" : [ 19, 29, 39 ]
    }, {
      "vertices" : [ 20, 30, 40 ]
    }, {
      "vertices" : [ 15, 21, 31, 23 ]
    }, {
      "vertices" : [ 38, 40, 46, 52, 44 ]
    }, {
      "vertices" : [ 21, 41, 31 ]
    }, {
      "vertices" : [ 39, 45, 53, 47, 41 ]
    }, {
      "vertices" : [ 56, 58, 59, 57 ]
    }, {
      "vertices" : [ 32, 48, 33 ]
    }, {
      "vertices" : [ 24, 32, 33, 25 ]
    }, {
      "vertices" : [ 18, 20, 40, 38 ]
    }, {
      "vertices" : [ 34, 35, 49 ]
    }, {
      "vertices" : [ 19, 39, 41, 21 ]
    }, {
      "vertices" : [ 26, 27, 35, 34 ]
    } ]
  }, {
    "id" : "f5bcd7de-2f3a-40db-a459-2a13f647e1b0",
    "orbit" : "blue",
    "orbitC" : "[[0,0,0,0,1],[0,0,0,0,1]]",
    "length" : "[0,1,-1,1,1]",
    "name" : " :sqrt(phi) -phi +phi*sqrt(phi)",
    "vertices" : [ {
      "x" : 6.381156,
      "y" : 0.20601133,
      "z" : 0.127322
    }, {
      "x" : 6.381156,
      "y" : 0.20601133,
      "z" : -0.127322
    }, {
      "x" : 0.6666667,
      "y" : 0.20601133,
      "z" : -0.127322
    }, {
      "x" : 0.6666667,
      "y" : 0.20601133,
      "z" : 0.127322
    }, {
      "x" : 6.381156,
      "y" : -0.20601133,
      "z" : 0.127322
    }, {
      "x" : 0.6666667,
      "y" : -0.20601133,
      "z" : 0.127322
    }, {
      "x" : 0.6666667,
      "y" : -0.20601133,
      "z" : -0.127322
    }, {
      "x" : 6.381156,
      "y" : -0.20601133,
      "z" : -0.127322
    }, {
      "x" : 7.0478225,
      "y" : 0.0,
      "z" : 0.0
    }, {
      "x" : 0.0,
      "y" : 0.0,
      "z" : 0.0
    } ],
    "faces" : [ {
      "vertices" : [ 1, 7, 6, 2 ]
    }, {
      "vertices" : [ 1, 8, 7 ]
    }, {
      "vertices" : [ 3, 9, 5 ]
    }, {
      "vertices" : [ 2, 6, 9 ]
    }, {
      "vertices" : [ 4, 7, 8 ]
    }, {
      "vertices" : [ 5, 9, 6 ]
    }, {
      "vertices" : [ 0, 1, 2, 3 ]
    }, {
      "vertices" : [ 4, 5, 6, 7 ]
    }, {
      "vertices" : [ 0, 8, 1 ]
    }, {
      "vertices" : [ 0, 3, 5, 4 ]
    }, {
      "vertices" : [ 0, 4, 8 ]
    }, {
      "vertices" : [ 2, 9, 3 ]
    } ]
  }, {
    "id" : "67b26ffd-f4dd-4cf2-a14f-3fc88158c562",
    "orbit" : "65",
    "orbitC" : "[[6,8,7,-10,29],[5,26,1,-18,29]]",
    "length" : "[2,0,3,0,1]",
    "name" : " :2 +3*phi",
    "vertices" : [ {
      "x" : 6.615676,
      "y" : -21.654104,
      "z" : 8.045667
    }, {
      "x" : 6.215676,
      "y" : -21.754103,
      "z" : 8.145667
    }, {
      "x" : 0.04470547,
      "y" : -0.5262365,
      "z" : 0.42646885
    }, {
      "x" : 0.44470546,
      "y" : -0.4262365,
      "z" : 0.32646886
    }, {
      "x" : 6.349009,
      "y" : -21.52077,
      "z" : 8.445667
    }, {
      "x" : 6.749009,
      "y" : -21.42077,
      "z" : 8.345667
    }, {
      "x" : 0.31137213,
      "y" : -0.65956986,
      "z" : 0.026468856
    }, {
      "x" : -0.08862786,
      "y" : -0.7595698,
      "z" : 0.12646885
    } ],
    "faces" : [ {
      "vertices" : [ 2, 3, 6, 7 ]
    }, {
      "vertices" : [ 0, 5, 4, 1 ]
    }, {
      "vertices" : [ 2, 4, 5, 3 ]
    }, {
      "vertices" : [ 0, 6, 3, 5 ]
    }, {
      "vertices" : [ 0, 1, 7, 6 ]
    }, {
      "vertices" : [ 1, 4, 2, 7 ]
    } ]
  }, {
    "id" : "621357c5-b2e9-4f79-96ea-0dba4cfbb67d",
    "orbit" : "blue",
    "orbitC" : "[[0,0,0,0,1],[0,0,0,0,1]]",
    "length" : "[1,0,2,-1,1]",
    "name" : " :1 +2*phi -phi*sqrt(phi)",
    "vertices" : [ {
      "x" : 8.298302,
      "y" : 0.20601133,
      "z" : 0.127322
    }, {
      "x" : 8.298302,
      "y" : 0.20601133,
      "z" : -0.127322
    }, {
      "x" : 0.6666667,
      "y" : 0.20601133,
      "z" : -0.127322
    }, {
      "x" : 0.6666667,
      "y" : 0.20601133,
      "z" : 0.127322
    }, {
      "x" : 8.298302,
      "y" : -0.20601133,
      "z" : 0.127322
    }, {
      "x" : 0.6666667,
      "y" : -0.20601133,
      "z" : 0.127322
    }, {
      "x" : 0.6666667,
      "y" : -0.20601133,
      "z" : -0.127322
    }, {
      "x" : 8.298302,
      "y" : -0.20601133,
      "z" : -0.127322
    }, {
      "x" : 8.964969,
      "y" : 0.0,
      "z" : 0.0
    }, {
      "x" : 0.0,
      "y" : 0.0,
      "z" : 0.0
    } ],
    "faces" : [ {
      "vertices" : [ 1, 7, 6, 2 ]
    }, {
      "vertices" : [ 1, 8, 7 ]
    }, {
      "vertices" : [ 3, 9, 5 ]
    }, {
      "vertices" : [ 2, 6, 9 ]
    }, {
      "vertices" : [ 4, 7, 8 ]
    }, {
      "vertices" : [ 5, 9, 6 ]
    }, {
      "vertices" : [ 0, 1, 2, 3 ]
    }, {
      "vertices" : [ 4, 5, 6, 7 ]
    }, {
      "vertices" : [ 0, 8, 1 ]
    }, {
      "vertices" : [ 0, 3, 5, 4 ]
    }, {
      "vertices" : [ 0, 4, 8 ]
    }, {
      "vertices" : [ 2, 9, 3 ]
    } ]
  }, {
    "id" : "4b755656-c1c7-43c3-94d7-f3f538f8be84",
    "orbit" : "61",
    "orbitC" : "[[2,10,-3,-4,11],[-3,-4,-1,6,11]]",
    "length" : "[2,0,3,0,1]",
    "name" : " :2 +3*phi",
    "vertices" : [ {
      "x" : 13.142319,
      "y" : 10.622416,
      "z" : -17.038359
    }, {
      "x" : 13.242319,
      "y" : 10.222416,
      "z" : -17.13836
    }, {
      "x" : 0.5658849,
      "y" : 0.15430756,
      "z" : -0.39874607
    }, {
      "x" : 0.46588486,
      "y" : 0.5543076,
      "z" : -0.29874605
    }, {
      "x" : 13.542319,
      "y" : 10.355749,
      "z" : -16.905025
    }, {
      "x" : 13.442319,
      "y" : 10.755749,
      "z" : -16.805025
    }, {
      "x" : 0.16588485,
      "y" : 0.42097422,
      "z" : -0.5320794
    }, {
      "x" : 0.26588485,
      "y" : 0.020974219,
      "z" : -0.6320794
    } ],
    "faces" : [ {
      "vertices" : [ 2, 3, 6, 7 ]
    }, {
      "vertices" : [ 0, 5, 4, 1 ]
    }, {
      "vertices" : [ 2, 4, 5, 3 ]
    }, {
      "vertices" : [ 0, 6, 3, 5 ]
    }, {
      "vertices" : [ 0, 1, 7, 6 ]
    }, {
      "vertices" : [ 1, 4, 2, 7 ]
    } ]
  }, {
    "id" : "3c53643e-371f-4deb-9a81-6badd151e7a1",
    "vertices" : [ {
      "x" : 0.0,
      "y" : 0.0,
      "z" : 0.0
    }, {
      "x" : 2.177897,
      "y" : -3.5239112,
      "z" : 5.7018085
    }, {
      "x" : 5.7018085,
      "y" : -9.225719,
      "z" : 3.5239112
    }, {
      "x" : 5.7018085,
      "y" : -9.225719,
      "z" : -3.5239112
    }, {
      "x" : 2.177897,
      "y" : -3.5239112,
      "z" : -5.7018085
    } ],
    "faces" : [ {
      "vertices" : [ 0, 1, 2, 3, 4 ]
    }, {
      "vertices" : [ 0, 4, 3, 2, 1 ]
    } ]
  }, {
    "id" : "eb9a5cc2-acb7-4015-bd90-5f6cd88dd990",
    "vertices" : [ {
      "x" : 0.0,
      "y" : 0.0,
      "z" : 0.0
    }, {
      "x" : -2.7703278,
      "y" : 4.4824843,
      "z" : -7.252812
    }, {
      "x" : 0.0,
      "y" : 8.964969,
      "z" : 0.0
    } ],
    "faces" : [ {
      "vertices" : [ 0, 1, 2 ]
    }, {
      "vertices" : [ 0, 2, 1 ]
    } ]
  }, {
    "id" : "9cfd2f92-c7b8-488c-a80f-22292bd9150c",
    "vertices" : [ {
      "x" : 0.0,
      "y" : 0.0,
      "z" : 0.0
    }, {
      "x" : 0.0,
      "y" : 0.0,
      "z" : -7.0478225
    }, {
      "x" : 0.0,
      "y" : 8.964969,
      "z" : -7.0478225
    }, {
      "x" : 0.0,
      "y" : 8.964969,
      "z" : 0.0
    } ],
    "faces" : [ {
      "vertices" : [ 0, 1, 2, 3 ]
    }, {
      "vertices" : [ 0, 3, 2, 1 ]
    } ]
  }, {
    "id" : "9dc30f8f-1a99-4a10-8231-b0e555cf8b6d",
    "vertices" : [ {
      "x" : 0.0,
      "y" : 0.0,
      "z" : 0.0
    }, {
      "x" : -3.5239112,
      "y" : 5.7018085,
      "z" : -2.177897
    }, {
      "x" : -5.7018085,
      "y" : 9.225719,
      "z" : 3.5239112
    }, {
      "x" : -3.5239112,
      "y" : 5.7018085,
      "z" : 9.225719
    }, {
      "x" : 0.0,
      "y" : 0.0,
      "z" : 7.0478225
    } ],
    "faces" : [ {
      "vertices" : [ 0, 1, 2, 3, 4 ]
    }, {
      "vertices" : [ 0, 4, 3, 2, 1 ]
    } ]
  }, {
    "id" : "95ede6e5-d44a-4d35-8214-b41fae2e7dba",
    "vertices" : [ {
      "x" : 0.0,
      "y" : 0.0,
      "z" : 0.0
    }, {
      "x" : 0.0,
      "y" : -8.964969,
      "z" : 0.0
    }, {
      "x" : 0.0,
      "y" : -8.964969,
      "z" : -7.0478225
    }, {
      "x" : 0.0,
      "y" : 0.0,
      "z" : -7.0478225
    } ],
    "faces" : [ {
      "vertices" : [ 0, 1, 2, 3 ]
    }, {
      "vertices" : [ 0, 3, 2, 1 ]
    } ]
  }, {
    "id" : "19cb97d4-0097-455c-8e49-3ee6bfa3f879",
    "vertices" : [ {
      "x" : 0.0,
      "y" : 0.0,
      "z" : 0.0
    }, {
      "x" : 0.0,
      "y" : 0.0,
      "z" : 7.0478225
    }, {
      "x" : 0.0,
      "y" : -8.964969,
      "z" : 7.0478225
    }, {
      "x" : 0.0,
      "y" : -8.964969,
      "z" : 0.0
    } ],
    "faces" : [ {
      "vertices" : [ 0, 1, 2, 3 ]
    }, {
      "vertices" : [ 0, 3, 2, 1 ]
    } ]
  }, {
    "id" : "159f03db-32f3-479c-9dcf-d6b13a6d0a41",
    "vertices" : [ {
      "x" : 0.0,
      "y" : 0.0,
      "z" : 0.0
    }, {
      "x" : 2.7703278,
      "y" : 4.4824843,
      "z" : 7.252812
    }, {
      "x" : 2.7703278,
      "y" : -4.4824843,
      "z" : 7.252812
    } ],
    "faces" : [ {
      "vertices" : [ 0, 1, 2 ]
    }, {
      "vertices" : [ 0, 2, 1 ]
    } ]
  }, {
    "id" : "54152ac1-aad0-4498-9be6-b5cf2893dd54",
    "vertices" : [ {
      "x" : 0.0,
      "y" : 0.0,
      "z" : 0.0
    }, {
      "x" : -2.177897,
      "y" : 3.5239112,
      "z" : 5.7018085
    }, {
      "x" : 0.0,
      "y" : 0.0,
      "z" : 11.403617
    }, {
      "x" : 3.5239112,
      "y" : -5.7018085,
      "z" : 9.225719
    }, {
      "x" : 3.5239112,
      "y" : -5.7018085,
      "z" : 2.177897
    } ],
    "faces" : [ {
      "vertices" : [ 0, 1, 2, 3, 4 ]
    }, {
      "vertices" : [ 0, 4, 3, 2, 1 ]
    } ]
  }, {
    "id" : "b2fb2ded-d027-4aaa-82b0-61891f8a9d61",
    "vertices" : [ {
      "x" : 0.0,
      "y" : 0.0,
      "z" : 0.0
    }, {
      "x" : 0.0,
      "y" : 8.964969,
      "z" : 0.0
    }, {
      "x" : 0.0,
      "y" : 8.964969,
      "z" : 7.0478225
    }, {
      "x" : 0.0,
      "y" : 0.0,
      "z" : 7.0478225
    } ],
    "faces" : [ {
      "vertices" : [ 0, 1, 2, 3 ]
    }, {
      "vertices" : [ 0, 3, 2, 1 ]
    } ]
  }, {
    "id" : "fac2a6f4-6ac7-42c6-9586-624492f59c41",
    "vertices" : [ {
      "x" : 0.0,
      "y" : 0.0,
      "z" : 0.0
    }, {
      "x" : 3.5239112,
      "y" : -5.7018085,
      "z" : -2.177897
    }, {
      "x" : 3.5239112,
      "y" : -5.7018085,
      "z" : -9.225719
    }, {
      "x" : 0.0,
      "y" : 0.0,
      "z" : -11.403617
    }, {
      "x" : -2.177897,
      "y" : 3.5239112,
      "z" : -5.7018085
    } ],
    "faces" : [ {
      "vertices" : [ 0, 1, 2, 3, 4 ]
    }, {
      "vertices" : [ 0, 4, 3, 2, 1 ]
    } ]
  }, {
    "id" : "3eb74f07-397e-44e6-8c3c-55d450ab6372",
    "vertices" : [ {
      "x" : 0.0,
      "y" : 0.0,
      "z" : 0.0
    }, {
      "x" : 0.0,
      "y" : -8.964969,
      "z" : 0.0
    }, {
      "x" : -2.7703278,
      "y" : -4.4824843,
      "z" : -7.252812
    } ],
    "faces" : [ {
      "vertices" : [ 0, 1, 2 ]
    }, {
      "vertices" : [ 0, 2, 1 ]
    } ]
  }, {
    "id" : "1d0523bf-1b2b-4ac8-bc23-175ddf0beac0",
    "vertices" : [ {
      "x" : 0.0,
      "y" : 0.0,
      "z" : 0.0
    }, {
      "x" : 0.0,
      "y" : 0.0,
      "z" : -7.0478225
    }, {
      "x" : -3.5239112,
      "y" : 5.7018085,
      "z" : -9.225719
    }, {
      "x" : -5.7018085,
      "y" : 9.225719,
      "z" : -3.5239112
    }, {
      "x" : -3.5239112,
      "y" : 5.7018085,
      "z" : 2.177897
    } ],
    "faces" : [ {
      "vertices" : [ 0, 1, 2, 3, 4 ]
    }, {
      "vertices" : [ 0, 4, 3, 2, 1 ]
    } ]
  }, {
    "id" : "ff969521-a402-4f9a-b83e-acc1e53999a7",
    "orbit" : "62",
    "orbitC" : "[[-2,0,-1,2,1],[1,-2,1,0,1]]",
    "length" : "[0,1,0,1,1]",
    "name" : " :sqrt(phi) +phi*sqrt(phi)",
    "vertices" : [ {
      "x" : 1.2814296,
      "y" : 8.946476,
      "z" : -5.7265577
    }, {
      "x" : 0.8814297,
      "y" : 9.046475,
      "z" : -5.8265576
    }, {
      "x" : -0.062105853,
      "y" : 0.48423347,
      "z" : -0.5676815
    }, {
      "x" : 0.33789414,
      "y" : 0.38423344,
      "z" : -0.46768147
    }, {
      "x" : 1.014763,
      "y" : 8.813142,
      "z" : -6.1265574
    }, {
      "x" : 1.414763,
      "y" : 8.713142,
      "z" : -6.0265574
    }, {
      "x" : 0.20456082,
      "y" : 0.61756676,
      "z" : -0.16768147
    }, {
      "x" : -0.19543919,
      "y" : 0.7175668,
      "z" : -0.26768148
    } ],
    "faces" : [ {
      "vertices" : [ 2, 3, 6, 7 ]
    }, {
      "vertices" : [ 0, 5, 4, 1 ]
    }, {
      "vertices" : [ 2, 4, 5, 3 ]
    }, {
      "vertices" : [ 0, 6, 3, 5 ]
    }, {
      "vertices" : [ 0, 1, 7, 6 ]
    }, {
      "vertices" : [ 1, 4, 2, 7 ]
    } ]
  }, {
    "id" : "150e0cb8-00e5-4683-ba3d-0eacd41ef51f",
    "vertices" : [ {
      "x" : 0.0,
      "y" : 0.0,
      "z" : 0.0
    }, {
      "x" : 0.0,
      "y" : 8.964969,
      "z" : 0.0
    }, {
      "x" : 0.0,
      "y" : 8.964969,
      "z" : 7.0478225
    } ],
    "faces" : [ {
      "vertices" : [ 0, 1, 2 ]
    }, {
      "vertices" : [ 0, 2, 1 ]
    } ]
  }, {
    "id" : "ffb6925b-bafc-401c-823f-353768465334",
    "vertices" : [ {
      "x" : 0.0,
      "y" : 0.0,
      "z" : 0.0
    }, {
      "x" : 16.47853,
      "y" : -6.294239,
      "z" : -17.232115
    }, {
      "x" : 10.776724,
      "y" : 17.437105,
      "z" : -13.708204
    } ],
    "faces" : [ {
      "vertices" : [ 0, 1, 2 ]
    }, {
      "vertices" : [ 0, 2, 1 ]
    } ]
  }, {
    "id" : "a1b2151b-4d80-46f9-a46d-e382f9dc5cdf",
    "vertices" : [ {
      "x" : 0.0,
      "y" : 0.0,
      "z" : 0.0
    }, {
      "x" : 16.47853,
      "y" : -6.294239,
      "z" : -17.232115
    }, {
      "x" : 5.7018085,
      "y" : -23.731344,
      "z" : -3.5239112
    } ],
    "faces" : [ {
      "vertices" : [ 0, 1, 2 ]
    }, {
      "vertices" : [ 0, 2, 1 ]
    } ]
  }, {
    "id" : "faee3501-1ec1-44f8-b841-e48cbdee3d0c",
    "vertices" : [ {
      "x" : 0.0,
      "y" : 0.0,
      "z" : 0.0
    }, {
      "x" : 6.294239,
      "y" : -17.232115,
      "z" : 16.47853
    }, {
      "x" : -2.177897,
      "y" : -23.892496,
      "z" : -5.7018085
    } ],
    "faces" : [ {
      "vertices" : [ 0, 1, 2 ]
    }, {
      "vertices" : [ 0, 2, 1 ]
    } ]
  }, {
    "id" : "41961eed-e7fd-40b8-ab5a-3d02c25fb7a5",
    "vertices" : [ {
      "x" : 0.0,
      "y" : 0.0,
      "z" : 0.0
    }, {
      "x" : -2.177897,
      "y" : 23.892496,
      "z" : -5.7018085
    }, {
      "x" : 6.294239,
      "y" : 17.232115,
      "z" : 16.47853
    } ],
    "faces" : [ {
      "vertices" : [ 0, 1, 2 ]
    }, {
      "vertices" : [ 0, 2, 1 ]
    } ]
  }, {
    "id" : "dd0a8fc8-66f3-4193-a4f7-9b9936021d0e",
    "vertices" : [ {
      "x" : 0.0,
      "y" : 0.0,
      "z" : 0.0
    }, {
      "x" : -6.294239,
      "y" : -17.232115,
      "z" : -16.47853
    }, {
      "x" : -8.472136,
      "y" : 6.6603813,
      "z" : -22.18034
    } ],
    "faces" : [ {
      "vertices" : [ 0, 1, 2 ]
    }, {
      "vertices" : [ 0, 2, 1 ]
    } ]
  }, {
    "id" : "c2e3aa57-107b-45c9-b6f9-77a65b58031b",
    "vertices" : [ {
      "x" : 0.0,
      "y" : 0.0,
      "z" : 0.0
    }, {
      "x" : 8.472136,
      "y" : -6.6603813,
      "z" : 22.18034
    }, {
      "x" : 2.177897,
      "y" : -23.892496,
      "z" : 5.7018085
    } ],
    "faces" : [ {
      "vertices" : [ 0, 1, 2 ]
    }, {
      "vertices" : [ 0, 2, 1 ]
    } ]
  }, {
    "id" : "10c239eb-5411-4245-8a64-5d011e1da198",
    "vertices" : [ {
      "x" : 0.0,
      "y" : 0.0,
      "z" : 0.0
    }, {
      "x" : -8.472136,
      "y" : -6.6603813,
      "z" : -22.18034
    }, {
      "x" : -6.294239,
      "y" : 17.232115,
      "z" : -16.47853
    } ],
    "faces" : [ {
      "vertices" : [ 0, 1, 2 ]
    }, {
      "vertices" : [ 0, 2, 1 ]
    } ]
  }, {
    "id" : "875bcbc0-5f80-4809-8770-03ab36d606a6",
    "vertices" : [ {
      "x" : 0.0,
      "y" : 0.0,
      "z" : 0.0
    }, {
      "x" : 2.177897,
      "y" : 23.892496,
      "z" : 5.7018085
    }, {
      "x" : 8.472136,
      "y" : 6.6603813,
      "z" : 22.18034
    } ],
    "faces" : [ {
      "vertices" : [ 0, 1, 2 ]
    }, {
      "vertices" : [ 0, 2, 1 ]
    } ]
  } ],
  "instances" : [ {
    "shape" : "834e0680-9d2f-43c3-a761-a5b77fdb4cb5",
    "color" : "#F2F2F2",
    "position" : {
      "x" : 13.708204,
      "y" : 0.0,
      "z" : 10.776724
    }
  }, {
    "shape" : "f5bcd7de-2f3a-40db-a459-2a13f647e1b0",
    "color" : "#008EC2",
    "position" : {
      "x" : 0.0,
      "y" : 10.776724,
      "z" : 13.708204
    },
    "orientation" : 56
  }, {
    "shape" : "67b26ffd-f4dd-4cf2-a14f-3fc88158c562",
    "color" : "#FFFFFF",
    "position" : {
      "x" : 12.95462,
      "y" : 10.184293,
      "z" : 5.7018085
    },
    "orientation" : 31
  }, {
    "shape" : "621357c5-b2e9-4f79-96ea-0dba4cfbb67d",
    "color" : "#008EC2",
    "position" : {
      "x" : -5.7018085,
      "y" : 12.95462,
      "z" : -10.184293
    },
    "orientation" : 41
  }, {
    "shape" : "67b26ffd-f4dd-4cf2-a14f-3fc88158c562",
    "color" : "#FFFFFF",
    "position" : {
      "x" : -10.184293,
      "y" : -5.7018085,
      "z" : 12.95462
    },
    "orientation" : 15
  }, {
    "shape" : "4b755656-c1c7-43c3-94d7-f3f538f8be84",
    "color" : "#FFFFFF",
    "position" : {
      "x" : 13.708204,
      "y" : 0.0,
      "z" : -10.776724
    },
    "orientation" : 4
  }, {
    "shape" : "f5bcd7de-2f3a-40db-a459-2a13f647e1b0",
    "color" : "#008EC2",
    "position" : {
      "x" : 4.4824843,
      "y" : 3.5239112,
      "z" : -16.47853
    },
    "orientation" : 16
  }, {
    "shape" : "f5bcd7de-2f3a-40db-a459-2a13f647e1b0",
    "color" : "#008EC2",
    "position" : {
      "x" : -10.184293,
      "y" : 5.7018085,
      "z" : 12.95462
    },
    "orientation" : 8
  }, {
    "shape" : "834e0680-9d2f-43c3-a761-a5b77fdb4cb5",
    "color" : "#F2F2F2",
    "position" : {
      "x" : -13.708204,
      "y" : 0.0,
      "z" : -10.776724
    }
  }, {
    "shape" : "4b755656-c1c7-43c3-94d7-f3f538f8be84",
    "color" : "#FFFFFF",
    "position" : {
      "x" : -10.776724,
      "y" : -13.708204,
      "z" : 0.0
    },
    "orientation" : 7
  }, {
    "shape" : "4b755656-c1c7-43c3-94d7-f3f538f8be84",
    "color" : "#FFFFFF",
    "position" : {
      "x" : 10.776724,
      "y" : 13.708204,
      "z" : 0.0
    },
    "orientation" : 50
  }, {
    "shape" : "834e0680-9d2f-43c3-a761-a5b77fdb4cb5",
    "color" : "#F2F2F2",
    "position" : {
      "x" : 4.4824843,
      "y" : 3.5239112,
      "z" : 16.47853
    }
  }, {
    "shape" : "4b755656-c1c7-43c3-94d7-f3f538f8be84",
    "color" : "#FFFFFF",
    "position" : {
      "x" : -5.7018085,
      "y" : -12.95462,
      "z" : 10.184293
    },
    "orientation" : 13
  }, {
    "shape" : "834e0680-9d2f-43c3-a761-a5b77fdb4cb5",
    "color" : "#F2F2F2",
    "position" : {
      "x" : 16.47853,
      "y" : -4.4824843,
      "z" : 3.5239112
    }
  }, {
    "shape" : "4b755656-c1c7-43c3-94d7-f3f538f8be84",
    "color" : "#FFFFFF",
    "position" : {
      "x" : 16.47853,
      "y" : -4.4824843,
      "z" : 3.5239112
    },
    "orientation" : 39
  }, {
    "shape" : "3c53643e-371f-4deb-9a81-6badd151e7a1",
    "color" : "#EC888B",
    "position" : {
      "x" : -13.708204,
      "y" : 0.0,
      "z" : -10.776724
    },
    "orientation" : 47
  }, {
    "shape" : "eb9a5cc2-acb7-4015-bd90-5f6cd88dd990",
    "color" : "#FFD98C",
    "position" : {
      "x" : -12.95462,
      "y" : -10.184293,
      "z" : -5.7018085
    },
    "orientation" : 19
  }, {
    "shape" : "4b755656-c1c7-43c3-94d7-f3f538f8be84",
    "color" : "#FFFFFF",
    "position" : {
      "x" : -10.184293,
      "y" : 5.7018085,
      "z" : 12.95462
    },
    "orientation" : 0
  }, {
    "shape" : "4b755656-c1c7-43c3-94d7-f3f538f8be84",
    "color" : "#FFFFFF",
    "position" : {
      "x" : 0.0,
      "y" : 10.776724,
      "z" : -13.708204
    },
    "orientation" : 18
  }, {
    "shape" : "67b26ffd-f4dd-4cf2-a14f-3fc88158c562",
    "color" : "#FFFFFF",
    "position" : {
      "x" : -3.5239112,
      "y" : 16.47853,
      "z" : -4.4824843
    },
    "orientation" : 45
  }, {
    "shape" : "834e0680-9d2f-43c3-a761-a5b77fdb4cb5",
    "color" : "#F2F2F2",
    "position" : {
      "x" : 10.184293,
      "y" : -5.7018085,
      "z" : 12.95462
    }
  }, {
    "shape" : "4b755656-c1c7-43c3-94d7-f3f538f8be84",
    "color" : "#FFFFFF",
    "position" : {
      "x" : 16.47853,
      "y" : 4.4824843,
      "z" : -3.5239112
    },
    "orientation" : 54
  }, {
    "shape" : "f5bcd7de-2f3a-40db-a459-2a13f647e1b0",
    "color" : "#008EC2",
    "position" : {
      "x" : 3.5239112,
      "y" : -16.47853,
      "z" : -4.4824843
    },
    "orientation" : 52
  }, {
    "shape" : "834e0680-9d2f-43c3-a761-a5b77fdb4cb5",
    "color" : "#F2F2F2",
    "position" : {
      "x" : -16.47853,
      "y" : -4.4824843,
      "z" : -3.5239112
    }
  }, {
    "shape" : "4b755656-c1c7-43c3-94d7-f3f538f8be84",
    "color" : "#FFFFFF",
    "position" : {
      "x" : -4.4824843,
      "y" : -3.5239112,
      "z" : 16.47853
    },
    "orientation" : 46
  }, {
    "shape" : "eb9a5cc2-acb7-4015-bd90-5f6cd88dd990",
    "color" : "#FFD98C",
    "position" : {
      "x" : -5.7018085,
      "y" : 12.95462,
      "z" : -10.184293
    },
    "orientation" : 54
  }, {
    "shape" : "621357c5-b2e9-4f79-96ea-0dba4cfbb67d",
    "color" : "#008EC2",
    "position" : {
      "x" : -16.47853,
      "y" : -4.4824843,
      "z" : 3.5239112
    },
    "orientation" : 1
  }, {
    "shape" : "4b755656-c1c7-43c3-94d7-f3f538f8be84",
    "color" : "#FFFFFF",
    "position" : {
      "x" : 0.0,
      "y" : -10.776724,
      "z" : -13.708204
    },
    "orientation" : 8
  }, {
    "shape" : "67b26ffd-f4dd-4cf2-a14f-3fc88158c562",
    "color" : "#FFFFFF",
    "position" : {
      "x" : 5.7018085,
      "y" : 12.95462,
      "z" : -10.184293
    },
    "orientation" : 12
  }, {
    "shape" : "f5bcd7de-2f3a-40db-a459-2a13f647e1b0",
    "color" : "#008EC2",
    "position" : {
      "x" : 13.708204,
      "y" : 0.0,
      "z" : 10.776724
    },
    "orientation" : 39
  }, {
    "shape" : "67b26ffd-f4dd-4cf2-a14f-3fc88158c562",
    "color" : "#FFFFFF",
    "position" : {
      "x" : 3.5239112,
      "y" : 16.47853,
      "z" : 4.4824843
    },
    "orientation" : 0
  }, {
    "shape" : "67b26ffd-f4dd-4cf2-a14f-3fc88158c562",
    "color" : "#FFFFFF",
    "position" : {
      "x" : 10.184293,
      "y" : -5.7018085,
      "z" : -12.95462
    },
    "orientation" : 30
  }, {
    "shape" : "621357c5-b2e9-4f79-96ea-0dba4cfbb67d",
    "color" : "#008EC2",
    "position" : {
      "x" : 12.95462,
      "y" : -10.184293,
      "z" : 5.7018085
    },
    "orientation" : 41
  }, {
    "shape" : "621357c5-b2e9-4f79-96ea-0dba4cfbb67d",
    "color" : "#008EC2",
    "position" : {
      "x" : 16.47853,
      "y" : -4.4824843,
      "z" : -3.5239112
    },
    "orientation" : 1
  }, {
    "shape" : "67b26ffd-f4dd-4cf2-a14f-3fc88158c562",
    "color" : "#FFFFFF",
    "position" : {
      "x" : -4.4824843,
      "y" : 3.5239112,
      "z" : 16.47853
    },
    "orientation" : 55
  }, {
    "shape" : "f5bcd7de-2f3a-40db-a459-2a13f647e1b0",
    "color" : "#008EC2",
    "position" : {
      "x" : 0.0,
      "y" : -10.776724,
      "z" : 13.708204
    },
    "orientation" : 26
  }, {
    "shape" : "f5bcd7de-2f3a-40db-a459-2a13f647e1b0",
    "color" : "#008EC2",
    "position" : {
      "x" : -3.5239112,
      "y" : -16.47853,
      "z" : 4.4824843
    },
    "orientation" : 7
  }, {
    "shape" : "f5bcd7de-2f3a-40db-a459-2a13f647e1b0",
    "color" : "#008EC2",
    "position" : {
      "x" : 13.708204,
      "y" : 0.0,
      "z" : -10.776724
    },
    "orientation" : 54
  }, {
    "shape" : "67b26ffd-f4dd-4cf2-a14f-3fc88158c562",
    "color" : "#FFFFFF",
    "position" : {
      "x" : 3.5239112,
      "y" : -16.47853,
      "z" : -4.4824843
    },
    "orientation" : 38
  }, {
    "shape" : "4b755656-c1c7-43c3-94d7-f3f538f8be84",
    "color" : "#FFFFFF",
    "position" : {
      "x" : -16.47853,
      "y" : 4.4824843,
      "z" : -3.5239112
    },
    "orientation" : 2
  }, {
    "shape" : "834e0680-9d2f-43c3-a761-a5b77fdb4cb5",
    "color" : "#F2F2F2",
    "position" : {
      "x" : 16.47853,
      "y" : -4.4824843,
      "z" : -3.5239112
    }
  }, {
    "shape" : "4b755656-c1c7-43c3-94d7-f3f538f8be84",
    "color" : "#FFFFFF",
    "position" : {
      "x" : -3.5239112,
      "y" : 16.47853,
      "z" : 4.4824843
    },
    "orientation" : 40
  }, {
    "shape" : "67b26ffd-f4dd-4cf2-a14f-3fc88158c562",
    "color" : "#FFFFFF",
    "position" : {
      "x" : 5.7018085,
      "y" : 12.95462,
      "z" : 10.184293
    },
    "orientation" : 17
  }, {
    "shape" : "4b755656-c1c7-43c3-94d7-f3f538f8be84",
    "color" : "#FFFFFF",
    "position" : {
      "x" : -12.95462,
      "y" : 10.184293,
      "z" : -5.7018085
    },
    "orientation" : 12
  }, {
    "shape" : "67b26ffd-f4dd-4cf2-a14f-3fc88158c562",
    "color" : "#FFFFFF",
    "position" : {
      "x" : 0.0,
      "y" : 10.776724,
