{
  "polygons" : "true",
  "field" : "golden",
  "symmetry" : "icosahedral",
  "orientations" : [ [ 1.0, 0.0, 0.0, 0.0, 0.0, 1.0, 0.0, 0.0, 0.0, 0.0, 1.0, 0.0, 0.0, 0.0, 0.0, 1.0 ], [ 0.0, 0.0, 1.0, 0.0, 1.0, 0.0, 0.0, 0.0, 0.0, 1.0, 0.0, 0.0, 0.0, 0.0, 0.0, 1.0 ], [ 0.0, 1.0, 0.0, 0.0, 0.0, 0.0, 1.0, 0.0, 1.0, 0.0, 0.0, 0.0, 0.0, 0.0, 0.0, 1.0 ], [ 0.809017, 0.309017, 0.5, 0.0, 0.309017, 0.5, -0.809017, 0.0, -0.5, 0.809017, 0.309017, 0.0, 0.0, 0.0, 0.0, 1.0 ], [ -0.5, 0.809017, 0.309017, 0.0, 0.809017, 0.309017, 0.5, 0.0, 0.309017, 0.5, -0.809017, 0.0, 0.0, 0.0, 0.0, 1.0 ], [ 0.309017, 0.5, -0.809017, 0.0, -0.5, 0.809017, 0.309017, 0.0, 0.809017, 0.309017, 0.5, 0.0, 0.0, 0.0, 0.0, 1.0 ], [ 0.5, 0.809017, 0.309017, 0.0, 0.809017, -0.309017, -0.5, 0.0, -0.309017, 0.5, -0.809017, 0.0, 0.0, 0.0, 0.0, 1.0 ], [ -0.309017, 0.5, -0.809017, 0.0, 0.5, 0.809017, 0.309017, 0.0, 0.809017, -0.309017, -0.5, 0.0, 0.0, 0.0, 0.0, 1.0 ], [ 0.809017, -0.309017, -0.5, 0.0, -0.309017, 0.5, -0.809017, 0.0, 0.5, 0.809017, 0.309017, 0.0, 0.0, 0.0, 0.0, 1.0 ], [ 0.5, 0.809017, -0.309017, 0.0, 0.809017, -0.309017, 0.5, 0.0, 0.309017, -0.5, -0.809017, 0.0, 0.0, 0.0, 0.0, 1.0 ], [ 0.309017, -0.5, -0.809017, 0.0, 0.5, 0.809017, -0.309017, 0.0, 0.809017, -0.309017, 0.5, 0.0, 0.0, 0.0, 0.0, 1.0 ], [ 0.809017, -0.309017, 0.5, 0.0, 0.309017, -0.5, -0.809017, 0.0, 0.5, 0.809017, -0.309017, 0.0, 0.0, 0.0, 0.0, 1.0 ], [ 0.809017, 0.309017, -0.5, 0.0, 0.309017, 0.5, 0.809017, 0.0, 0.5, -0.809017, 0.309017, 0.0, 0.0, 0.0, 0.0, 1.0 ], [ 0.5, -0.809017, 0.309017, 0.0, 0.809017, 0.309017, -0.5, 0.0, 0.309017, 0.5, 0.809017, 0.0, 0.0, 0.0, 0.0, 1.0 ], [ 0.309017, 0.5, 0.809017, 0.0, 0.5, -0.809017, 0.309017, 0.0, 0.809017, 0.309017, -0.5, 0.0, 0.0, 0.0, 0.0, 1.0 ], [ 1.0, 0.0, 0.0, 0.0, 0.0, -1.0, 0.0, 0.0, 0.0, 0.0, -1.0, 0.0, 0.0, 0.0, 0.0, 1.0 ], [ 0.0, 0.0, 1.0, 0.0, -1.0, 0.0, 0.0, 0.0, 0.0, -1.0, 0.0, 0.0, 0.0, 0.0, 0.0, 1.0 ], [ 0.0, 1.0, 0.0, 0.0, 0.0, 0.0, -1.0, 0.0, -1.0, 0.0, 0.0, 0.0, 0.0, 0.0, 0.0, 1.0 ], [ 0.809017, 0.309017, 0.5, 0.0, -0.309017, -0.5, 0.809017, 0.0, 0.5, -0.809017, -0.309017, 0.0, 0.0, 0.0, 0.0, 1.0 ], [ -0.5, 0.809017, 0.309017, 0.0, -0.809017, -0.309017, -0.5, 0.0, -0.309017, -0.5, 0.809017, 0.0, 0.0, 0.0, 0.0, 1.0 ], [ 0.309017, 0.5, -0.809017, 0.0, 0.5, -0.809017, -0.309017, 0.0, -0.809017, -0.309017, -0.5, 0.0, 0.0, 0.0, 0.0, 1.0 ], [ 0.5, 0.809017, 0.309017, 0.0, -0.809017, 0.309017, 0.5, 0.0, 0.309017, -0.5, 0.809017, 0.0, 0.0, 0.0, 0.0, 1.0 ], [ -0.309017, 0.5, -0.809017, 0.0, -0.5, -0.809017, -0.309017, 0.0, -0.809017, 0.309017, 0.5, 0.0, 0.0, 0.0, 0.0, 1.0 ], [ 0.809017, -0.309017, -0.5, 0.0, 0.309017, -0.5, 0.809017, 0.0, -0.5, -0.809017, -0.309017, 0.0, 0.0, 0.0, 0.0, 1.0 ], [ 0.5, 0.809017, -0.309017, 0.0, -0.809017, 0.309017, -0.5, 0.0, -0.309017, 0.5, 0.809017, 0.0, 0.0, 0.0, 0.0, 1.0 ], [ 0.309017, -0.5, -0.809017, 0.0, -0.5, -0.809017, 0.309017, 0.0, -0.809017, 0.309017, -0.5, 0.0, 0.0, 0.0, 0.0, 1.0 ], [ 0.809017, -0.309017, 0.5, 0.0, -0.309017, 0.5, 0.809017, 0.0, -0.5, -0.809017, 0.309017, 0.0, 0.0, 0.0, 0.0, 1.0 ], [ 0.809017, 0.309017, -0.5, 0.0, -0.309017, -0.5, -0.809017, 0.0, -0.5, 0.809017, -0.309017, 0.0, 0.0, 0.0, 0.0, 1.0 ], [ 0.5, -0.809017, 0.309017, 0.0, -0.809017, -0.309017, 0.5, 0.0, -0.309017, -0.5, -0.809017, 0.0, 0.0, 0.0, 0.0, 1.0 ], [ 0.309017, 0.5, 0.809017, 0.0, -0.5, 0.809017, -0.309017, 0.0, -0.809017, -0.309017, 0.5, 0.0, 0.0, 0.0, 0.0, 1.0 ], [ -1.0, 0.0, 0.0, 0.0, 0.0, -1.0, 0.0, 0.0, 0.0, 0.0, 1.0, 0.0, 0.0, 0.0, 0.0, 1.0 ], [ 0.0, 0.0, -1.0, 0.0, -1.0, 0.0, 0.0, 0.0, 0.0, 1.0, 0.0, 0.0, 0.0, 0.0, 0.0, 1.0 ], [ 0.0, -1.0, 0.0, 0.0, 0.0, 0.0, -1.0, 0.0, 1.0, 0.0, 0.0, 0.0, 0.0, 0.0, 0.0, 1.0 ], [ -0.809017, -0.309017, -0.5, 0.0, -0.309017, -0.5, 0.809017, 0.0, -0.5, 0.809017, 0.309017, 0.0, 0.0, 0.0, 0.0, 1.0 ], [ 0.5, -0.809017, -0.309017, 0.0, -0.809017, -0.309017, -0.5, 0.0, 0.309017, 0.5, -0.809017, 0.0, 0.0, 0.0, 0.0, 1.0 ], [ -0.309017, -0.5, 0.809017, 0.0, 0.5, -0.809017, -0.309017, 0.0, 0.809017, 0.309017, 0.5, 0.0, 0.0, 0.0, 0.0, 1.0 ], [ -0.5, -0.809017, -0.309017, 0.0, -0.809017, 0.309017, 0.5, 0.0, -0.309017, 0.5, -0.809017, 0.0, 0.0, 0.0, 0.0, 1.0 ], [ 0.309017, -0.5, 0.809017, 0.0, -0.5, -0.809017, -0.309017, 0.0, 0.809017, -0.309017, -0.5, 0.0, 0.0, 0.0, 0.0, 1.0 ], [ -0.809017, 0.309017, 0.5, 0.0, 0.309017, -0.5, 0.809017, 0.0, 0.5, 0.809017, 0.309017, 0.0, 0.0, 0.0, 0.0, 1.0 ], [ -0.5, -0.809017, 0.309017, 0.0, -0.809017, 0.309017, -0.5, 0.0, 0.309017, -0.5, -0.809017, 0.0, 0.0, 0.0, 0.0, 1.0 ], [ -0.309017, 0.5, 0.809017, 0.0, -0.5, -0.809017, 0.309017, 0.0, 0.809017, -0.309017, 0.5, 0.0, 0.0, 0.0, 0.0, 1.0 ], [ -0.809017, 0.309017, -0.5, 0.0, -0.309017, 0.5, 0.809017, 0.0, 0.5, 0.809017, -0.309017, 0.0, 0.0, 0.0, 0.0, 1.0 ], [ -0.809017, -0.309017, 0.5, 0.0, -0.309017, -0.5, -0.809017, 0.0, 0.5, -0.809017, 0.309017, 0.0, 0.0, 0.0, 0.0, 1.0 ], [ -0.5, 0.809017, -0.309017, 0.0, -0.809017, -0.309017, 0.5, 0.0, 0.309017, 0.5, 0.809017, 0.0, 0.0, 0.0, 0.0, 1.0 ], [ -0.309017, -0.5, -0.809017, 0.0, -0.5, 0.809017, -0.309017, 0.0, 0.809017, 0.309017, -0.5, 0.0, 0.0, 0.0, 0.0, 1.0 ], [ -1.0, 0.0, 0.0, 0.0, 0.0, 1.0, 0.0, 0.0, 0.0, 0.0, -1.0, 0.0, 0.0, 0.0, 0.0, 1.0 ], [ 0.0, 0.0, -1.0, 0.0, 1.0, 0.0, 0.0, 0.0, 0.0, -1.0, 0.0, 0.0, 0.0, 0.0, 0.0, 1.0 ], [ 0.0, -1.0, 0.0, 0.0, 0.0, 0.0, 1.0, 0.0, -1.0, 0.0, 0.0, 0.0, 0.0, 0.0, 0.0, 1.0 ], [ -0.809017, -0.309017, -0.5, 0.0, 0.309017, 0.5, -0.809017, 0.0, 0.5, -0.809017, -0.309017, 0.0, 0.0, 0.0, 0.0, 1.0 ], [ 0.5, -0.809017, -0.309017, 0.0, 0.809017, 0.309017, 0.5, 0.0, -0.309017, -0.5, 0.809017, 0.0, 0.0, 0.0, 0.0, 1.0 ], [ -0.309017, -0.5, 0.809017, 0.0, -0.5, 0.809017, 0.309017, 0.0, -0.809017, -0.309017, -0.5, 0.0, 0.0, 0.0, 0.0, 1.0 ], [ -0.5, -0.809017, -0.309017, 0.0, 0.809017, -0.309017, -0.5, 0.0, 0.309017, -0.5, 0.809017, 0.0, 0.0, 0.0, 0.0, 1.0 ], [ 0.309017, -0.5, 0.809017, 0.0, 0.5, 0.809017, 0.309017, 0.0, -0.809017, 0.309017, 0.5, 0.0, 0.0, 0.0, 0.0, 1.0 ], [ -0.809017, 0.309017, 0.5, 0.0, -0.309017, 0.5, -0.809017, 0.0, -0.5, -0.809017, -0.309017, 0.0, 0.0, 0.0, 0.0, 1.0 ], [ -0.5, -0.809017, 0.309017, 0.0, 0.809017, -0.309017, 0.5, 0.0, -0.309017, 0.5, 0.809017, 0.0, 0.0, 0.0, 0.0, 1.0 ], [ -0.309017, 0.5, 0.809017, 0.0, 0.5, 0.809017, -0.309017, 0.0, -0.809017, 0.309017, -0.5, 0.0, 0.0, 0.0, 0.0, 1.0 ], [ -0.809017, 0.309017, -0.5, 0.0, 0.309017, -0.5, -0.809017, 0.0, -0.5, -0.809017, 0.309017, 0.0, 0.0, 0.0, 0.0, 1.0 ], [ -0.809017, -0.309017, 0.5, 0.0, 0.309017, 0.5, 0.809017, 0.0, -0.5, 0.809017, -0.309017, 0.0, 0.0, 0.0, 0.0, 1.0 ], [ -0.5, 0.809017, -0.309017, 0.0, 0.809017, 0.309017, -0.5, 0.0, -0.309017, -0.5, -0.809017, 0.0, 0.0, 0.0, 0.0, 1.0 ], [ -0.309017, -0.5, -0.809017, 0.0, 0.5, -0.809017, 0.309017, 0.0, -0.809017, -0.309017, 0.5, 0.0, 0.0, 0.0, 0.0, 1.0 ] ],
  "lights" : {
    "backgroundColor" : "#E0EFFF",
    "ambientColor" : "#292929",
    "directionalLights" : [ {
      "direction" : [ 1.0, -1.0, -1.0 ],
      "color" : "#EBEBE4"
    }, {
      "direction" : [ -1.0, 0.0, 0.0 ],
      "color" : "#E4E4EB"
    }, {
      "direction" : [ 0.0, 0.0, -1.0 ],
      "color" : "#1E1E1E"
    } ]
  },
  "camera" : {
    "lookDirection" : {
      "x" : -0.007784626,
      "y" : 0.1486699,
      "z" : -0.9888555
    },
    "upDirection" : {
      "x" : 0.0010254501,
      "y" : 0.98888624,
      "z" : 0.14866641
    },
    "lookAtPoint" : {
      "x" : 0.0,
      "y" : 0.0,
      "z" : 0.0
    },
    "perspective" : true,
    "viewDistance" : 106.578255,
    "nearClipDistance" : 0.26645225,
    "farClipDistance" : 213.15598,
    "fieldOfView" : 0.44263327,
    "width" : 47.960705,
    "stereo" : false,
    "position" : {
      "x" : 0.82967186,
      "y" : -15.844978,
      "z" : 105.39049
    }
  },
  "embedding" : [ 1.0, 0.0, 0.0, 0.0, 0.0, 1.0, 0.0, 0.0, 0.0, 0.0, 1.0, 0.0, 0.0, 0.0, 0.0, 1.0 ],
  "shapes" : [ {
    "id" : "6963b71e-5bdc-4a0d-82e3-83601a928592",
    "vertices" : [ {
      "x" : 0.0,
      "y" : 0.0,
      "z" : 0.0
    }, {
      "x" : 0.12904072,
      "y" : -0.20879227,
      "z" : -0.7554175
    }, {
      "x" : -5.13595,
      "y" : 8.3101425,
      "z" : -7.0977087
    } ],
    "faces" : [ {
      "vertices" : [ 0, 1, 2 ]
    }, {
      "vertices" : [ 0, 2, 1 ]
    } ]
  }, {
    "id" : "b158db5c-56c4-481f-94e2-b38845ad68d1",
    "vertices" : [ {
      "x" : 0.0,
      "y" : 0.0,
      "z" : 0.0
    }, {
      "x" : 0.0,
      "y" : -9.764707,
      "z" : -8.622167
    }, {
      "x" : 0.0,
      "y" : -8.7828865,
      "z" : -9.24978
    } ],
    "faces" : [ {
      "vertices" : [ 0, 1, 2 ]
    }, {
      "vertices" : [ 0, 2, 1 ]
    } ]
  }, {
    "id" : "f6ecd8fe-54bd-42d2-b1b8-3b81a7fc32c5",
    "vertices" : [ {
      "x" : 0.0,
      "y" : 0.0,
      "z" : 0.0
    }, {
      "x" : 0.0,
      "y" : -0.604334,
      "z" : -0.37349898
    }, {
      "x" : 0.0,
      "y" : -0.18674949,
      "z" : -1.0491649
    }, {
      "x" : 0.0,
      "y" : 0.41758454,
      "z" : -0.675666
    } ],
    "faces" : [ {
      "vertices" : [ 0, 1, 2, 3 ]
    }, {
      "vertices" : [ 0, 3, 2, 1 ]
    } ]
  }, {
    "id" : "eccea4e0-8d83-41fe-b783-acf3cf6d8aa7",
    "vertices" : [ {
      "x" : 0.0,
      "y" : 0.0,
      "z" : 0.0
    }, {
      "x" : 0.0,
      "y" : 0.64,
      "z" : 0.39554176
    }, {
      "x" : 0.0,
      "y" : -5.9528418,
      "z" : 9.631901
    } ],
    "faces" : [ {
      "vertices" : [ 0, 1, 2 ]
    }, {
      "vertices" : [ 0, 2, 1 ]
    } ]
  }, {
    "id" : "1e42b12b-55ae-4b77-b69a-fd002e482e6e",
    "vertices" : [ {
      "x" : 0.0,
      "y" : 0.0,
      "z" : 0.0
    }, {
      "x" : 0.0,
      "y" : -0.52815354,
      "z" : 0.32641685
    }, {
      "x" : 0.0,
      "y" : -1.0219185,
      "z" : -0.302167
    }, {
      "x" : 0.0,
      "y" : -0.41758454,
      "z" : -0.675666
    } ],
    "faces" : [ {
      "vertices" : [ 0, 1, 2, 3 ]
    }, {
      "vertices" : [ 0, 3, 2, 1 ]
    } ]
  }, {
    "id" : "5605dabf-c660-4e6c-9550-7706b5fb05e7",
    "vertices" : [ {
      "x" : 0.0,
      "y" : 0.0,
      "z" : 0.0
    }, {
      "x" : 0.016839191,
      "y" : -0.002876477,
      "z" : -0.6172057
    }, {
      "x" : 0.0,
      "y" : -0.99112904,
      "z" : 0.0
    } ],
    "faces" : [ {
      "vertices" : [ 0, 1, 2 ]
    }, {
      "vertices" : [ 0, 2, 1 ]
    } ]
  }, {
    "id" : "e59049c8-566d-4cbe-abc2-c01722c8b426",
    "vertices" : [ {
      "x" : 0.0,
      "y" : 0.0,
      "z" : 0.0
    }, {
      "x" : 0.7155418,
      "y" : -0.12222912,
      "z" : -0.19777088
    }, {
      "x" : 0.7155418,
      "y" : -0.12222912,
      "z" : -0.793548
    } ],
    "faces" : [ {
      "vertices" : [ 0, 1, 2 ]
    }, {
      "vertices" : [ 0, 2, 1 ]
    } ]
  }, {
    "id" : "c2a95e6f-7e15-483d-861f-89945badbcc0",
    "vertices" : [ {
      "x" : 0.0,
      "y" : 0.0,
      "z" : 0.0
    }, {
      "x" : 0.0,
      "y" : -0.604334,
      "z" : 0.37349898
    }, {
      "x" : 0.0,
      "y" : -1.0219185,
      "z" : -0.302167
    }, {
      "x" : 0.0,
      "y" : -0.41758454,
      "z" : -0.675666
    } ],
    "faces" : [ {
      "vertices" : [ 0, 1, 2, 3 ]
    }, {
      "vertices" : [ 0, 3, 2, 1 ]
    } ]
  }, {
    "id" : "6be45a67-5b50-48c0-b848-572c9f5f47b5",
    "vertices" : [ {
      "x" : 0.0,
      "y" : 0.0,
      "z" : 0.0
    }, {
      "x" : 1.9773775,
      "y" : -6.3478465,
      "z" : 5.1768413
    }, {
      "x" : -5.862218,
      "y" : -1.6898501,
      "z" : 5.0611825
    } ],
    "faces" : [ {
      "vertices" : [ 0, 1, 2 ]
    }, {
      "vertices" : [ 0, 2, 1 ]
    } ]
  }, {
    "id" : "fdb2c750-1b3f-4178-a103-e5d96dbc302b",
    "vertices" : [ {
      "x" : 0.0,
      "y" : 0.0,
      "z" : 0.0
    }, {
      "x" : 0.0,
      "y" : 0.56797934,
      "z" : 0.35103053
    }, {
      "x" : 0.0,
      "y" : -2.098628,
      "z" : 3.7190807
    }, {
      "x" : 0.0,
      "y" : -9.751083,
      "z" : 8.679875
    } ],
    "faces" : [ {
      "vertices" : [ 0, 1, 2, 3 ]
    }, {
      "vertices" : [ 0, 3, 2, 1 ]
    } ]
  }, {
    "id" : "b2915a42-a4f3-4967-8d44-93862babd69b",
    "vertices" : [ {
      "x" : 0.0,
      "y" : 0.0,
      "z" : 0.0
    }, {
      "x" : 1.0116361,
      "y" : 4.7736554,
      "z" : -1.3134196
    }, {
      "x" : -0.5639037,
      "y" : 0.44222912,
      "z" : 0.24535556
    } ],
    "faces" : [ {
      "vertices" : [ 0, 1, 2 ]
    }, {
      "vertices" : [ 0, 2, 1 ]
    } ]
  }, {
    "id" : "6ef74bab-b897-4f3f-be63-1868462baf7f",
    "vertices" : [ {
      "x" : 0.0,
      "y" : 0.0,
      "z" : 0.0
    }, {
      "x" : 0.0,
      "y" : 0.9639876,
      "z" : 0.5957771
    }, {
      "x" : 0.0,
      "y" : -6.592842,
      "z" : 9.236359
    } ],
    "faces" : [ {
      "vertices" : [ 0, 1, 2 ]
    }, {
      "vertices" : [ 0, 2, 1 ]
    } ]
  }, {
    "id" : "9dad2055-6470-439a-83da-6c5e14a09889",
    "vertices" : [ {
      "x" : 0.0,
      "y" : 0.0,
      "z" : 0.0
    }, {
      "x" : 0.0,
      "y" : 0.0,
      "z" : -0.5957771
    }, {
      "x" : -0.7155418,
      "y" : 0.12222912,
      "z" : -0.3980062
    } ],
    "faces" : [ {
      "vertices" : [ 0, 1, 2 ]
    }, {
      "vertices" : [ 0, 2, 1 ]
    } ]
  }, {
    "id" : "8752b73d-1787-40df-b7ac-a2e5caffc9d8",
    "vertices" : [ {
      "x" : 0.0,
      "y" : 0.0,
      "z" : 0.0
    }, {
      "x" : -7.8395953,
      "y" : 4.6579967,
      "z" : -0.11565878
    }, {
      "x" : -1.9773775,
      "y" : 6.3478465,
      "z" : -5.1768413
    } ],
    "faces" : [ {
      "vertices" : [ 0, 1, 2 ]
    }, {
      "vertices" : [ 0, 2, 1 ]
    } ]
  }, {
    "id" : "134de435-9277-4705-9f15-e224bafabaf1",
    "vertices" : [ {
      "x" : 0.0,
      "y" : 0.0,
      "z" : 0.0
    }, {
      "x" : 0.016839191,
      "y" : -0.002876477,
      "z" : -0.5957771
    }, {
      "x" : -0.7155418,
      "y" : 0.12222912,
      "z" : -1.5895604
    }, {
      "x" : -0.7155418,
      "y" : 0.12222912,
      "z" : 0.793548
    } ],
    "faces" : [ {
      "vertices" : [ 0, 1, 2, 3 ]
    }, {
      "vertices" : [ 0, 3, 2, 1 ]
    } ]
  }, {
    "id" : "1fc0d5be-81c7-4932-84fa-efac0d75e2c3",
    "vertices" : [ {
      "x" : 0.0,
      "y" : 0.0,
      "z" : 0.0
    }, {
      "x" : 0.0,
      "y" : -0.99112904,
      "z" : 0.0
    }, {
      "x" : 0.016839191,
      "y" : -0.9882526,
      "z" : 0.59639126
    }, {
      "x" : 0.016839191,
      "y" : 0.9753886,
      "z" : 0.59639126
    } ],
    "faces" : [ {
      "vertices" : [ 0, 1, 2, 3 ]
    }, {
      "vertices" : [ 0, 3, 2, 1 ]
    } ]
  }, {
    "id" : "70b2a8da-3129-41fc-8a6e-f285335d436e",
    "vertices" : [ {
      "x" : 0.0,
      "y" : 0.0,
      "z" : 0.0
    }, {
      "x" : 7.0977087,
      "y" : -11.484334,
      "z" : 4.3866253
    }, {
      "x" : 5.264991,
      "y" : -8.518934,
      "z" : -6.3422914
    } ],
    "faces" : [ {
      "vertices" : [ 0, 1, 2 ]
    }, {
      "vertices" : [ 0, 2, 1 ]
    } ]
  }, {
    "id" : "74a35b37-3d09-42fb-b694-0c6ca80156de",
    "vertices" : [ {
      "x" : 0.0,
      "y" : 0.0,
      "z" : 0.0
    }, {
      "x" : 4.7736554,
      "y" : 1.823374,
      "z" : -2.9502811
    }, {
      "x" : -0.9729037,
      "y" : 7.9731193,
      "z" : -2.547095
    } ],
    "faces" : [ {
      "vertices" : [ 0, 1, 2 ]
    }, {
      "vertices" : [ 0, 2, 1 ]
    } ]
  }, {
    "id" : "f4a2b512-5793-4edb-81d8-9db85e538bf1",
    "vertices" : [ {
      "x" : 0.0,
      "y" : 0.0,
      "z" : 0.0
    }, {
      "x" : -2.1948636,
      "y" : 1.8447067,
      "z" : 3.9221077
    }, {
      "x" : 0.7554175,
      "y" : 0.2052212,
      "z" : 0.16171014
    } ],
    "faces" : [ {
      "vertices" : [ 0, 1, 2 ]
    }, {
      "vertices" : [ 0, 2, 1 ]
    } ]
  }, {
    "id" : "26015abb-1e9d-4be9-825f-7846eaef6d79",
    "vertices" : [ {
      "x" : 0.0,
      "y" : 0.0,
      "z" : 0.0
    }, {
      "x" : -0.7554175,
      "y" : 0.12904072,
      "z" : 0.20879227
    }, {
      "x" : -0.7554175,
      "y" : 0.12904072,
      "z" : 0.82599795
    } ],
    "faces" : [ {
      "vertices" : [ 0, 1, 2 ]
    }, {
      "vertices" : [ 0, 2, 1 ]
    } ]
  }, {
    "id" : "f753ac89-ebc4-4a13-995f-a3aed1e72df8",
    "vertices" : [ {
      "x" : 0.0,
      "y" : 0.0,
      "z" : 0.0
    }, {
      "x" : 0.0,
      "y" : 0.64,
      "z" : 0.39554176
    }, {
      "x" : 0.0,
      "y" : 0.24445824,
      "z" : 1.0355418
    }, {
      "x" : 0.0,
      "y" : -0.39554176,
      "z" : 0.64
    } ],
    "faces" : [ {
      "vertices" : [ 0, 1, 2, 3 ]
    }, {
      "vertices" : [ 0, 3, 2, 1 ]
    } ]
  }, {
    "id" : "0daac60d-eb3e-41ed-8890-90c9d78da8e6",
    "vertices" : [ {
      "x" : 0.0,
      "y" : 0.0,
      "z" : 0.0
    }, {
      "x" : -0.7554175,
      "y" : 0.12904072,
      "z" : -0.82599795
    }, {
      "x" : -0.7554175,
      "y" : 0.12904072,
      "z" : -0.20879227
    } ],
    "faces" : [ {
      "vertices" : [ 0, 1, 2 ]
    }, {
      "vertices" : [ 0, 2, 1 ]
    } ]
  }, {
    "id" : "5d47975f-593a-403a-aa84-832929681486",
    "vertices" : [ {
      "x" : 0.0,
      "y" : 0.0,
      "z" : 0.0
    }, {
      "x" : -0.002876477,
      "y" : 0.5957771,
      "z" : 0.016839191
    }, {
      "x" : -1.9383824,
      "y" : 0.5957771,
      "z" : 0.016839191
    }, {
      "x" : -2.8919628,
      "y" : 0.0,
      "z" : 0.0
    } ],
    "faces" : [ {
      "vertices" : [ 0, 1, 2, 3 ]
    }, {
      "vertices" : [ 0, 3, 2, 1 ]
    } ]
  }, {
    "id" : "750bbdb1-247c-49c3-807f-7187787b1fd1",
    "vertices" : [ {
      "x" : 0.0,
      "y" : 0.0,
      "z" : 0.0
    }, {
      "x" : 0.0,
      "y" : -0.9639876,
      "z" : 0.5957771
    }, {
      "x" : 0.0,
      "y" : -0.9639876,
      "z" : 0.0
    } ],
    "faces" : [ {
      "vertices" : [ 0, 1, 2 ]
    }, {
      "vertices" : [ 0, 2, 1 ]
    } ]
  }, {
    "id" : "bde5bed8-1794-415d-b03d-3789c36394a4",
    "vertices" : [ {
      "x" : 0.0,
      "y" : 0.0,
      "z" : 0.0
    }, {
      "x" : 5.862218,
      "y" : 1.6898501,
      "z" : -5.0611825
    }, {
      "x" : 7.8395953,
      "y" : -4.6579967,
      "z" : 0.11565878
    } ],
    "faces" : [ {
      "vertices" : [ 0, 1, 2 ]
    }, {
      "vertices" : [ 0, 2, 1 ]
    } ]
  }, {
    "id" : "de70ba45-3724-4bd2-98d0-14e651c26b0e",
    "vertices" : [ {
      "x" : 0.0,
      "y" : 0.0,
      "z" : 0.0
    }, {
      "x" : 0.0,
      "y" : -0.41758454,
      "z" : 0.675666
    }, {
      "x" : 0.0,
      "y" : -1.0219185,
      "z" : 0.302167
    }, {
      "x" : 0.0,
      "y" : -0.52815354,
      "z" : -0.32641685
    } ],
    "faces" : [ {
      "vertices" : [ 0, 1, 2, 3 ]
    }, {
      "vertices" : [ 0, 3, 2, 1 ]
    } ]
  }, {
    "id" : "2d5dcf1c-27d1-429f-aa69-1b360a8763d3",
    "vertices" : [ {
      "x" : 0.0,
      "y" : 0.0,
      "z" : 0.0
    }, {
      "x" : 0.7155418,
      "y" : -0.12222912,
      "z" : 0.793548
    }, {
      "x" : 0.7155418,
      "y" : -0.12222912,
      "z" : 0.19777088
    } ],
    "faces" : [ {
      "vertices" : [ 0, 1, 2 ]
    }, {
      "vertices" : [ 0, 2, 1 ]
    } ]
  }, {
    "id" : "c2198c79-5c3f-4ee4-8f95-4906d2247eef",
    "vertices" : [ {
      "x" : 0.0,
      "y" : 0.0,
      "z" : 0.0
    }, {
      "x" : 0.7385783,
      "y" : -0.12616424,
      "z" : -0.4084134
    }, {
      "x" : -0.016839191,
      "y" : 0.002876477,
      "z" : -0.6172057
    } ],
    "faces" : [ {
      "vertices" : [ 0, 1, 2 ]
    }, {
      "vertices" : [ 0, 2, 1 ]
    } ]
  }, {
    "id" : "68ef5e4c-81f5-48c8-bdd4-754be6b44498",
    "vertices" : [ {
      "x" : 0.0,
      "y" : 0.0,
      "z" : 0.0
    }, {
      "x" : 0.0,
      "y" : 0.9471484,
      "z" : 0.6061843
    }, {
      "x" : 0.0,
      "y" : -7.5568295,
      "z" : 8.640582
    } ],
    "faces" : [ {
      "vertices" : [ 0, 1, 2 ]
    }, {
      "vertices" : [ 0, 2, 1 ]
    } ]
  }, {
    "id" : "f9e1dd41-b207-4019-9153-cb181c5af466",
    "vertices" : [ {
      "x" : 0.0,
      "y" : 0.0,
      "z" : 0.0
    }, {
      "x" : 1.6069651,
      "y" : 4.306782,
      "z" : -1.5724483
    }, {
      "x" : -3.16669,
      "y" : 2.4834075,
      "z" : 1.3778329
    } ],
    "faces" : [ {
      "vertices" : [ 0, 1, 2 ]
    }, {
      "vertices" : [ 0, 2, 1 ]
    } ]
  }, {
    "id" : "6a6b168f-e8f8-4b5d-8324-982c248b734c",
    "vertices" : [ {
      "x" : 0.0,
      "y" : 0.0,
      "z" : 0.0
    }, {
      "x" : 0.0,
      "y" : -6.5351334,
      "z" : -9.222735
    }, {
      "x" : 0.0,
      "y" : -5.930799,
      "z" : -9.596234
    } ],
    "faces" : [ {
      "vertices" : [ 0, 1, 2 ]
    }, {
      "vertices" : [ 0, 2, 1 ]
    } ]
  }, {
    "id" : "25e7416b-9f8c-4f08-83c7-39e89f090c48",
    "vertices" : [ {
      "x" : 0.0,
      "y" : 0.0,
      "z" : 0.0
    }, {
      "x" : 0.0,
      "y" : 9.751083,
      "z" : 8.679875
    }, {
      "x" : 0.0,
      "y" : 8.787096,
      "z" : 9.275653
    } ],
    "faces" : [ {
      "vertices" : [ 0, 1, 2 ]
    }, {
      "vertices" : [ 0, 2, 1 ]
    } ]
  }, {
    "id" : "107a7a7f-4de6-4cb0-8132-2d1613278978",
    "vertices" : [ {
      "x" : 0.0,
      "y" : 0.0,
      "z" : 0.0
    }, {
      "x" : 0.0,
      "y" : 0.0,
      "z" : 2.3831084
    }, {
      "x" : 0.7323809,
      "y" : -0.1251056,
      "z" : 1.389325
    }, {
      "x" : 0.7155418,
      "y" : -0.12222912,
      "z" : 0.793548
    } ],
    "faces" : [ {
      "vertices" : [ 0, 1, 2, 3 ]
    }, {
      "vertices" : [ 0, 3, 2, 1 ]
    } ]
  }, {
    "id" : "5a2a4a31-fab0-48d1-9e65-66093f26a946",
    "vertices" : [ {
      "x" : 0.0,
      "y" : 0.0,
      "z" : 0.0
    }, {
      "x" : 0.0,
      "y" : -0.9818206,
      "z" : -0.5859841
    }, {
      "x" : 0.0,
      "y" : 7.8010654,
      "z" : -9.835764
    }, {
      "x" : 0.0,
      "y" : 8.498775,
      "z" : -8.009139
    } ],
    "faces" : [ {
      "vertices" : [ 0, 1, 2, 3 ]
    }, {
      "vertices" : [ 0, 3, 2, 1 ]
    } ]
  }, {
    "id" : "dafcf997-d078-45b9-b2b4-840778033ca3",
    "vertices" : [ {
      "x" : 0.0,
      "y" : 0.0,
      "z" : 0.0
    }, {
      "x" : 0.0,
      "y" : 0.56797934,
      "z" : -0.35103053
    }, {
      "x" : 0.0,
      "y" : 1.0381655,
      "z" : 0.24283668
    }, {
      "x" : 0.0,
      "y" : 0.39554176,
      "z" : 0.64
    } ],
    "faces" : [ {
      "vertices" : [ 0, 1, 2, 3 ]
    }, {
      "vertices" : [ 0, 3, 2, 1 ]
    } ]
  }, {
    "id" : "f7e04d0f-d47e-4573-8efb-224ebaece1a2",
    "vertices" : [ {
      "x" : 0.0,
      "y" : 0.0,
      "z" : 0.0
    }, {
      "x" : 0.0,
      "y" : 6.592842,
      "z" : 9.236359
    }, {
      "x" : 0.0,
      "y" : 5.9528418,
      "z" : 9.631901
    } ],
    "faces" : [ {
      "vertices" : [ 0, 1, 2 ]
    }, {
      "vertices" : [ 0, 2, 1 ]
    } ]
  }, {
    "id" : "5e2da8d6-b793-437f-b571-6560c0a27d12",
    "vertices" : [ {
      "x" : 0.0,
      "y" : 0.0,
      "z" : 0.0
    }, {
      "x" : 0.0,
      "y" : 0.6426237,
      "z" : 0.39716333
    }, {
      "x" : 0.0,
      "y" : 0.17243756,
      "z" : 0.9910305
    }, {
      "x" : 0.0,
      "y" : -0.39554176,
      "z" : 0.64
    } ],
    "faces" : [ {
      "vertices" : [ 0, 1, 2, 3 ]
    }, {
      "vertices" : [ 0, 3, 2, 1 ]
    } ]
  }, {
    "id" : "7d67e3ea-6c75-42b5-b207-04726a5023a3",
    "vertices" : [ {
      "x" : 0.0,
      "y" : 0.0,
      "z" : 0.0
    }, {
      "x" : 0.0,
      "y" : 1.9636412,
      "z" : 0.0
    }, {
      "x" : -0.016839191,
      "y" : 1.9665176,
      "z" : -0.59639126
    }, {
      "x" : -0.016839191,
      "y" : 0.9753886,
      "z" : -0.59639126
    } ],
    "faces" : [ {
      "vertices" : [ 0, 1, 2, 3 ]
    }, {
      "vertices" : [ 0, 3, 2, 1 ]
    } ]
  }, {
    "id" : "8798b78c-f3af-47b5-93d8-611df0db9647",
    "vertices" : [ {
      "x" : 0.0,
      "y" : 0.0,
      "z" : 0.0
    }, {
      "x" : 0.5177709,
      "y" : -0.44222912,
      "z" : -0.32
    }, {
      "x" : -0.6737833,
      "y" : 1.485746,
      "z" : -3.4395294
    }, {
      "x" : -1.1915542,
      "y" : 1.9279752,
      "z" : -3.1195292
    } ],
    "faces" : [ {
      "vertices" : [ 0, 1, 2, 3 ]
    }, {
      "vertices" : [ 0, 3, 2, 1 ]
    } ]
  }, {
    "id" : "63513fd1-8918-435d-85e1-b649aae49ed2",
    "vertices" : [ {
      "x" : 0.0,
      "y" : 0.0,
      "z" : 0.0
    }, {
      "x" : 0.7155418,
      "y" : -0.12222912,
      "z" : 0.19777088
    }, {
      "x" : 0.7155418,
      "y" : -0.12222912,
      "z" : -0.3980062
    } ],
    "faces" : [ {
      "vertices" : [ 0, 1, 2 ]
    }, {
      "vertices" : [ 0, 2, 1 ]
    } ]
  }, {
    "id" : "2dfce094-3f23-4af5-b450-9b1c992074ff",
    "vertices" : [ {
      "x" : 0.0,
      "y" : 0.0,
      "z" : 0.0
    }, {
      "x" : 5.13595,
      "y" : -8.3101425,
      "z" : -7.0977087
    }, {
      "x" : 0.0,
      "y" : 0.0,
      "z" : -14.195417
    } ],
    "faces" : [ {
      "vertices" : [ 0, 1, 2 ]
    }, {
      "vertices" : [ 0, 2, 1 ]
    } ]
  }, {
    "id" : "5fd17468-4e47-4342-88cd-d0ea3b537a3e",
    "vertices" : [ {
      "x" : 0.0,
      "y" : 0.0,
      "z" : 0.0
    }, {
      "x" : 2.8919628,
      "y" : 0.0,
      "z" : 0.0
    }, {
      "x" : 2.8890862,
      "y" : 0.5957771,
      "z" : 0.016839191
    }, {
      "x" : 0.9535804,
      "y" : 0.5957771,
      "z" : 0.016839191
    } ],
    "faces" : [ {
      "vertices" : [ 0, 1, 2, 3 ]
    }, {
      "vertices" : [ 0, 3, 2, 1 ]
    } ]
  }, {
    "id" : "ed3ff01f-0725-44b7-a1a5-57801fdf8653",
    "vertices" : [ {
      "x" : 0.0,
      "y" : 0.0,
      "z" : 0.0
    }, {
      "x" : -0.7155418,
      "y" : 0.12222912,
      "z" : -0.3980062
    }, {
      "x" : 0.016839191,
      "y" : -0.002876477,
      "z" : 0.5957771
    } ],
    "faces" : [ {
      "vertices" : [ 0, 1, 2 ]
    }, {
      "vertices" : [ 0, 2, 1 ]
    } ]
  }, {
    "id" : "7e4f45f9-edd4-4b14-ac19-2e48808aed9d",
    "vertices" : [ {
      "x" : 0.0,
      "y" : 0.0,
      "z" : 0.0
    }, {
      "x" : 0.7323809,
      "y" : -0.1251056,
      "z" : -0.9937833
    }, {
      "x" : 0.7155418,
      "y" : -0.12222912,
      "z" : -1.5895604
    }, {
      "x" : 0.0,
      "y" : 0.0,
      "z" : -2.3831084
    } ],
    "faces" : [ {
      "vertices" : [ 0, 1, 2, 3 ]
    }, {
      "vertices" : [ 0, 3, 2, 1 ]
    } ]
  }, {
    "id" : "c3d6eb94-586d-4b34-a3f7-af1cb8144e4f",
    "vertices" : [ {
      "x" : 0.0,
      "y" : 0.0,
      "z" : 0.0
    }, {
      "x" : 0.0,
      "y" : -8.498775,
      "z" : -8.009139
    }, {
      "x" : 0.0,
      "y" : -7.533793,
      "z" : -8.60553
    } ],
    "faces" : [ {
      "vertices" : [ 0, 1, 2 ]
    }, {
      "vertices" : [ 0, 2, 1 ]
    } ]
  }, {
    "id" : "90319418-ea5d-4dc6-8e74-d440ad22523c",
    "vertices" : [ {
      "x" : 0.0,
      "y" : 0.0,
      "z" : 0.0
    }, {
      "x" : 0.0,
      "y" : 3.8559504,
      "z" : 0.0
    }, {
      "x" : 0.0,
      "y" : 3.8559504,
      "z" : 0.5957771
    }, {
      "x" : 0.0,
      "y" : 0.9639876,
      "z" : 0.5957771
    } ],
    "faces" : [ {
      "vertices" : [ 0, 1, 2, 3 ]
    }, {
      "vertices" : [ 0, 3, 2, 1 ]
    } ]
  }, {
    "id" : "9ab1b1ac-4a9a-4733-8a27-4dc876f028c5",
    "vertices" : [ {
      "x" : 0.0,
      "y" : 0.0,
      "z" : 0.0
    }, {
      "x" : 0.0,
      "y" : -0.52815354,
      "z" : -0.32641685
    }, {
      "x" : 0.0,
      "y" : 2.1122513,
      "z" : -3.661372
    }, {
      "x" : 0.0,
      "y" : 9.764707,
      "z" : -8.622167
    } ],
    "faces" : [ {
      "vertices" : [ 0, 1, 2, 3 ]
    }, {
      "vertices" : [ 0, 3, 2, 1 ]
    } ]
  }, {
    "id" : "5799b174-cedd-4eec-80c1-4be712ce2b94",
    "vertices" : [ {
      "x" : 0.0,
      "y" : 0.0,
      "z" : 0.0
    }, {
      "x" : 0.0,
      "y" : 0.9639876,
      "z" : 0.5957771
    }, {
      "x" : 0.0,
      "y" : -8.787096,
      "z" : 9.275653
    } ],
    "faces" : [ {
      "vertices" : [ 0, 1, 2 ]
    }, {
      "vertices" : [ 0, 2, 1 ]
    } ]
  }, {
    "id" : "13171f1f-fdd5-4619-acd1-326747e86074",
    "vertices" : [ {
      "x" : 0.0,
      "y" : 0.0,
      "z" : 0.0
    }, {
      "x" : 0.0,
      "y" : 3.9272823,
      "z" : 0.0
    }, {
      "x" : 0.0,
      "y" : 3.9272823,
      "z" : 0.6172057
    }, {
      "x" : 0.0,
      "y" : 0.99865973,
      "z" : 0.6172057
    } ],
    "faces" : [ {
      "vertices" : [ 0, 1, 2, 3 ]
    }, {
      "vertices" : [ 0, 3, 2, 1 ]
    } ]
  }, {
    "id" : "c2b84573-db24-4191-9818-622d2e8b17aa",
    "vertices" : [ {
      "x" : 0.0,
      "y" : 0.0,
      "z" : 0.0
    }, {
      "x" : -0.9535804,
      "y" : 0.5957771,
      "z" : 0.016839191
    }, {
      "x" : -2.8890862,
      "y" : 0.5957771,
      "z" : 0.016839191
    }, {
      "x" : -2.8919628,
      "y" : 0.0,
      "z" : 0.0
    } ],
    "faces" : [ {
      "vertices" : [ 0, 1, 2, 3 ]
    }, {
      "vertices" : [ 0, 3, 2, 1 ]
    } ]
  }, {
    "id" : "62244f4c-4026-4c61-b620-43425e635c18",
    "vertices" : [ {
      "x" : 0.0,
      "y" : 0.0,
      "z" : 0.0
    }, {
      "x" : 0.0,
      "y" : 7.5568295,
      "z" : 8.640582
    }, {
      "x" : 0.0,
      "y" : 6.592842,
      "z" : 9.236359
    } ],
    "faces" : [ {
      "vertices" : [ 0, 1, 2 ]
    }, {
      "vertices" : [ 0, 2, 1 ]
    } ]
  }, {
    "id" : "3d63c385-2a48-49e0-ac36-7cc310893c15",
    "vertices" : [ {
      "x" : 0.0,
      "y" : 0.0,
      "z" : 0.0
    }, {
      "x" : 0.0,
      "y" : 2.9286225,
      "z" : 0.0
    }, {
      "x" : 0.0,
      "y" : 2.9286225,
      "z" : 0.59639126
    }, {
      "x" : 0.0,
      "y" : 0.9649814,
      "z" : 0.59639126
    } ],
    "faces" : [ {
      "vertices" : [ 0, 1, 2, 3 ]
    }, {
      "vertices" : [ 0, 3, 2, 1 ]
    } ]
  }, {
    "id" : "084d6745-4722-4c21-a3f4-f0dc991c24de",
    "vertices" : [ {
      "x" : 0.0,
      "y" : 0.0,
      "z" : 0.0
    }, {
      "x" : -6.348384,
      "y" : 10.2719,
      "z" : 0.0
    }, {
      "x" : -6.226155,
      "y" : 10.07413,
      "z" : 0.7155418
    } ],
    "faces" : [ {
      "vertices" : [ 0, 1, 2 ]
    }, {
      "vertices" : [ 0, 2, 1 ]
    } ]
  }, {
    "id" : "3a70504f-c973-4d04-983d-7b3ea32d4ee5",
    "vertices" : [ {
      "x" : 0.0,
      "y" : 0.0,
      "z" : 0.0
    }, {
      "x" : 5.862218,
      "y" : 1.6898501,
      "z" : -5.0611825
    }, {
      "x" : -1.9773775,
      "y" : 6.3478465,
      "z" : -5.1768413
    } ],
    "faces" : [ {
      "vertices" : [ 0, 1, 2 ]
    }, {
      "vertices" : [ 0, 2, 1 ]
    } ]
  }, {
    "id" : "670ffe90-5434-4fb0-b6a3-dd51635bd330",
    "vertices" : [ {
      "x" : 0.0,
      "y" : 0.0,
      "z" : 0.0
    }, {
      "x" : -1.1915542,
      "y" : 1.9279752,
      "z" : -3.1195292
    }, {
      "x" : -1.7093251,
      "y" : 2.3702042,
      "z" : -2.7995293
    }, {
      "x" : -0.5177709,
      "y" : 0.44222912,
      "z" : 0.32
    } ],
    "faces" : [ {
      "vertices" : [ 0, 1, 2, 3 ]
    }, {
      "vertices" : [ 0, 3, 2, 1 ]
    } ]
  }, {
    "id" : "770a4d20-db05-463c-ab6c-0db8f5b9807d",
    "vertices" : [ {
      "x" : 0.0,
      "y" : 0.0,
      "z" : 0.0
    }, {
      "x" : 0.0,
      "y" : -0.6977088,
      "z" : 1.8266252
    }, {
      "x" : 0.0,
      "y" : -9.480595,
      "z" : -7.423155
    }, {
      "x" : 0.0,
      "y" : -8.498775,
      "z" : -8.009139
    } ],
    "faces" : [ {
      "vertices" : [ 0, 1, 2, 3 ]
    }, {
      "vertices" : [ 0, 3, 2, 1 ]
    } ]
  }, {
    "id" : "83ab68c0-7004-4349-a538-d2b149339476",
    "vertices" : [ {
      "x" : 0.0,
      "y" : 0.0,
      "z" : 0.0
    }, {
      "x" : -4.3866253,
      "y" : 7.0977087,
      "z" : -11.484334
    }, {
      "x" : -6.226155,
      "y" : 10.07413,
      "z" : -0.7155418
    } ],
    "faces" : [ {
      "vertices" : [ 0, 1, 2 ]
    }, {
      "vertices" : [ 0, 2, 1 ]
    } ]
  }, {
    "id" : "72e78106-b2dc-45fb-9037-0e37731da778",
    "vertices" : [ {
      "x" : 0.0,
      "y" : 0.0,
      "z" : 0.0
    }, {
      "x" : 0.0,
      "y" : 1.9636412,
      "z" : 0.0
    }, {
      "x" : 0.0,
      "y" : 1.9636412,
      "z" : 0.59639126
    }, {
      "x" : 0.0,
      "y" : -0.9649814,
      "z" : 0.59639126
    } ],
    "faces" : [ {
      "vertices" : [ 0, 1, 2, 3 ]
    }, {
      "vertices" : [ 0, 3, 2, 1 ]
    } ]
  }, {
    "id" : "b18f2057-1214-46e5-914c-2a4c4813950d",
    "vertices" : [ {
      "x" : 0.0,
      "y" : 0.0,
      "z" : 0.0
    }, {
      "x" : -6.226155,
      "y" : 10.07413,
      "z" : 0.7155418
    }, {
      "x" : -4.3866253,
      "y" : 7.0977087,
      "z" : 11.484334
    } ],
    "faces" : [ {
      "vertices" : [ 0, 1, 2 ]
    }, {
      "vertices" : [ 0, 2, 1 ]
    } ]
  }, {
    "id" : "985d8e51-1e32-4917-bf55-a2f439e848ae",
    "vertices" : [ {
      "x" : 0.0,
      "y" : 0.0,
      "z" : 0.0
    }, {
      "x" : 0.0,
      "y" : -0.9818206,
      "z" : -0.6276129
    }, {
      "x" : 0.0,
      "y" : 8.7828865,
      "z" : -9.24978
    } ],
    "faces" : [ {
      "vertices" : [ 0, 1, 2 ]
    }, {
      "vertices" : [ 0, 2, 1 ]
    } ]
  }, {
    "id" : "bc12db33-25b9-4f89-84e0-48ec0c4d025a",
    "vertices" : [ {
      "x" : 0.0,
      "y" : 0.0,
      "z" : 0.0
    }, {
      "x" : 0.0,
      "y" : 8.503978,
      "z" : 8.034397
    }, {
      "x" : 0.0,
      "y" : 7.5568295,
      "z" : 8.640582
    } ],
    "faces" : [ {
      "vertices" : [ 0, 1, 2 ]
    }, {
      "vertices" : [ 0, 2, 1 ]
    } ]
  }, {
    "id" : "f3ef1fd2-8456-41a5-aed8-bee76d888ac8",
    "vertices" : [ {
      "x" : 0.0,
      "y" : 0.0,
      "z" : 0.0
    }, {
      "x" : 1.1915542,
      "y" : -1.9279752,
      "z" : 3.1195292
    }, {
      "x" : 1.6337833,
      "y" : -2.247975,
      "z" : 2.6017585
    }, {
      "x" : 0.44222912,
      "y" : -0.32,
      "z" : -0.5177709
    } ],
    "faces" : [ {
      "vertices" : [ 0, 1, 2, 3 ]
    }, {
      "vertices" : [ 0, 3, 2, 1 ]
    } ]
  }, {
    "id" : "7a3a8b79-8bc8-473a-9c3f-d689385833bc",
    "vertices" : [ {
      "x" : 0.0,
      "y" : 0.0,
      "z" : 0.0
    }, {
      "x" : 1.9773775,
      "y" : -6.3478465,
      "z" : 5.1768413
    }, {
      "x" : 7.8395953,
      "y" : -4.6579967,
      "z" : 0.11565878
    } ],
    "faces" : [ {
      "vertices" : [ 0, 1, 2 ]
    }, {
      "vertices" : [ 0, 2, 1 ]
    } ]
  }, {
    "id" : "70e18d33-e66f-474e-8bfd-c722310680b7",
    "vertices" : [ {
      "x" : 0.0,
      "y" : 0.0,
      "z" : 0.0
    }, {
      "x" : 0.0,
      "y" : 8.787096,
      "z" : 9.275653
    }, {
      "x" : 0.0,
      "y" : 7.806269,
      "z" : 9.861023
    }, {
      "x" : 0.0,
      "y" : -0.6977088,
      "z" : 1.8266252
    } ],
    "faces" : [ {
      "vertices" : [ 0, 1, 2, 3 ]
    }, {
      "vertices" : [ 0, 3, 2, 1 ]
    } ]
  }, {
    "id" : "d7380044-8bfa-4c81-bf21-28343977ae9c",
    "vertices" : [ {
      "x" : 0.0,
      "y" : 0.0,
      "z" : 0.0
    }, {
      "x" : 0.7554175,
      "y" : -0.12904072,
      "z" : -0.20879227
    }, {
      "x" : 0.016839191,
      "y" : -0.002876477,
      "z" : -0.6172057
    } ],
    "faces" : [ {
      "vertices" : [ 0, 1, 2 ]
    }, {
      "vertices" : [ 0, 2, 1 ]
    } ]
  }, {
    "id" : "a082ed16-8857-4c3c-a60f-04c6b17fdf5e",
    "vertices" : [ {
      "x" : 0.0,
      "y" : 0.0,
      "z" : 0.0
    }, {
      "x" : 5.264991,
      "y" : -8.518934,
      "z" : 6.3422914
    }, {
      "x" : 7.0977087,
      "y" : -11.484334,
      "z" : -4.3866253
    } ],
    "faces" : [ {
      "vertices" : [ 0, 1, 2 ]
    }, {
      "vertices" : [ 0, 2, 1 ]
    } ]
  }, {
    "id" : "067f71a0-d27e-4814-a5a9-0ff22d5d940e",
    "vertices" : [ {
      "x" : 0.0,
      "y" : 0.0,
      "z" : 0.0
    }, {
      "x" : 5.13595,
      "y" : -8.3101425,
      "z" : 7.0977087
    }, {
      "x" : 5.264991,
      "y" : -8.518934,
      "z" : 6.3422914
    } ],
    "faces" : [ {
      "vertices" : [ 0, 1, 2 ]
    }, {
      "vertices" : [ 0, 2, 1 ]
    } ]
  }, {
    "id" : "4561d8de-ef15-4224-886f-fe45843eec79",
    "vertices" : [ {
      "x" : 0.0,
      "y" : 0.0,
      "z" : 0.0
    }, {
      "x" : 0.0,
      "y" : -2.640405,
      "z" : -3.334955
    }, {
      "x" : 0.0,
      "y" : -2.1122513,
      "z" : -3.661372
    }, {
      "x" : 0.0,
      "y" : 7.6524553,
      "z" : 4.960795
    } ],
    "faces" : [ {
      "vertices" : [ 0, 1, 2, 3 ]
    }, {
      "vertices" : [ 0, 3, 2, 1 ]
    } ]
  }, {
    "id" : "cb48120b-bfdd-41fa-aa58-e2e84834bdf5",
    "vertices" : [ {
      "x" : 0.0,
      "y" : 0.0,
      "z" : 0.0
    }, {
      "x" : -6.226155,
      "y" : 10.07413,
      "z" : -0.7155418
    }, {
      "x" : -6.348384,
      "y" : 10.2719,
      "z" : 0.0
    } ],
    "faces" : [ {
      "vertices" : [ 0, 1, 2 ]
    }, {
      "vertices" : [ 0, 2, 1 ]
    } ]
  }, {
    "id" : "f12bfd9a-b083-45dd-87f0-1fc597b22cd1",
    "vertices" : [ {
      "x" : 0.0,
      "y" : 0.0,
      "z" : 0.0
    }, {
      "x" : 0.0,
      "y" : -7.533793,
      "z" : -8.60553
    }, {
      "x" : 0.0,
      "y" : -6.5351334,
      "z" : -9.222735
    } ],
    "faces" : [ {
      "vertices" : [ 0, 1, 2 ]
    }, {
      "vertices" : [ 0, 2, 1 ]
    } ]
  }, {
    "id" : "0a9b1af1-e388-47f4-a4d5-3cbac0bb7e24",
    "vertices" : [ {
      "x" : 0.0,
      "y" : 0.0,
      "z" : 0.0
    }, {
      "x" : -0.7554175,
      "y" : 0.12904072,
      "z" : -1.4223893
    }, {
      "x" : -0.7554175,
      "y" : 0.12904072,
      "z" : -0.82599795
    } ],
    "faces" : [ {
      "vertices" : [ 0, 1, 2 ]
    }, {
      "vertices" : [ 0, 2, 1 ]
    } ]
  }, {
    "id" : "02dcbf88-3b54-47fb-934e-c14b08f90474",
    "vertices" : [ {
      "x" : 0.0,
      "y" : 0.0,
      "z" : 0.0
    }, {
      "x" : 0.9743948,
      "y" : -0.5957771,
      "z" : -0.016839191
    }, {
      "x" : 1.9383824,
      "y" : -0.5957771,
      "z" : -0.016839191
    }, {
      "x" : 1.9355059,
      "y" : 0.0,
      "z" : 0.0
    } ],
    "faces" : [ {
      "vertices" : [ 0, 1, 2, 3 ]
    }, {
      "vertices" : [ 0, 3, 2, 1 ]
    } ]
  }, {
    "id" : "de900f08-5da4-4883-9aab-e1889e18d4c3",
    "vertices" : [ {
      "x" : 0.0,
      "y" : 0.0,
      "z" : 0.0
    }, {
      "x" : -0.7554175,
      "y" : 0.12904072,
      "z" : 0.82599795
    }, {
      "x" : -0.7554175,
      "y" : 0.12904072,
      "z" : 1.4223893
    } ],
    "faces" : [ {
      "vertices" : [ 0, 1, 2 ]
    }, {
      "vertices" : [ 0, 2, 1 ]
    } ]
  }, {
    "id" : "2b3f596e-4a0f-4444-a49a-445987d17b6d",
    "vertices" : [ {
      "x" : 0.0,
      "y" : 0.0,
      "z" : 0.0
    }, {
      "x" : 6.226155,
      "y" : -10.07413,
      "z" : 0.7155418
    }, {
      "x" : 1.8395293,
      "y" : -2.9764209,
      "z" : -10.768792
    } ],
    "faces" : [ {
      "vertices" : [ 0, 1, 2 ]
    }, {
      "vertices" : [ 0, 2, 1 ]
    } ]
  }, {
    "id" : "79580461-dec2-42f2-85bb-fb734b03ad18",
    "vertices" : [ {
      "x" : 0.0,
      "y" : 0.0,
      "z" : 0.0
    }, {
      "x" : 0.0,
      "y" : 0.0,
      "z" : 0.5957771
    }, {
      "x" : 0.0,
      "y" : -0.9639876,
      "z" : 0.0
    } ],
    "faces" : [ {
      "vertices" : [ 0, 1, 2 ]
    }, {
      "vertices" : [ 0, 2, 1 ]
    } ]
  }, {
    "id" : "2a0f8309-e9f6-42ee-9f0f-548fefd39db4",
    "vertices" : [ {
      "x" : 0.0,
      "y" : 0.0,
      "z" : 0.0
    }, {
      "x" : -0.016839191,
      "y" : 0.002876477,
      "z" : -0.5957771
    }, {
      "x" : -0.7323809,
      "y" : 0.1251056,
      "z" : -0.9937833
    } ],
    "faces" : [ {
      "vertices" : [ 0, 1, 2 ]
    }, {
      "vertices" : [ 0, 2, 1 ]
    } ]
  }, {
    "id" : "33210d01-3a67-44dc-9259-146c0e9c6f72",
    "vertices" : [ {
      "x" : 0.0,
      "y" : 0.0,
      "z" : 0.0
    }, {
      "x" : 0.0,
      "y" : -0.604334,
      "z" : -0.37349898
    }, {
      "x" : 0.0,
      "y" : 5.930799,
      "z" : -9.596234
    } ],
    "faces" : [ {
      "vertices" : [ 0, 1, 2 ]
    }, {
      "vertices" : [ 0, 2, 1 ]
    } ]
  }, {
    "id" : "5f07b62b-a6c6-4b6f-8e17-b7598f62ecd9",
    "vertices" : [ {
      "x" : 0.0,
      "y" : 0.0,
      "z" : 0.0
    }, {
      "x" : 0.0,
      "y" : 0.9808268,
      "z" : 0.5853699
    }, {
      "x" : 0.0,
      "y" : -7.806269,
