{
  "field" : "golden",
  "symmetry" : "icosahedral",
  "orientations" : [ [ 1.0, 0.0, 0.0, 0.0, 0.0, 1.0, 0.0, 0.0, 0.0, 0.0, 1.0, 0.0, 0.0, 0.0, 0.0, 1.0 ], [ 0.0, 0.0, 1.0, 0.0, 1.0, 0.0, 0.0, 0.0, 0.0, 1.0, 0.0, 0.0, 0.0, 0.0, 0.0, 1.0 ], [ 0.0, 1.0, 0.0, 0.0, 0.0, 0.0, 1.0, 0.0, 1.0, 0.0, 0.0, 0.0, 0.0, 0.0, 0.0, 1.0 ], [ 0.809017, 0.309017, 0.5, 0.0, 0.309017, 0.5, -0.809017, 0.0, -0.5, 0.809017, 0.309017, 0.0, 0.0, 0.0, 0.0, 1.0 ], [ -0.5, 0.809017, 0.309017, 0.0, 0.809017, 0.309017, 0.5, 0.0, 0.309017, 0.5, -0.809017, 0.0, 0.0, 0.0, 0.0, 1.0 ], [ 0.309017, 0.5, -0.809017, 0.0, -0.5, 0.809017, 0.309017, 0.0, 0.809017, 0.309017, 0.5, 0.0, 0.0, 0.0, 0.0, 1.0 ], [ 0.5, 0.809017, 0.309017, 0.0, 0.809017, -0.309017, -0.5, 0.0, -0.309017, 0.5, -0.809017, 0.0, 0.0, 0.0, 0.0, 1.0 ], [ -0.309017, 0.5, -0.809017, 0.0, 0.5, 0.809017, 0.309017, 0.0, 0.809017, -0.309017, -0.5, 0.0, 0.0, 0.0, 0.0, 1.0 ], [ 0.809017, -0.309017, -0.5, 0.0, -0.309017, 0.5, -0.809017, 0.0, 0.5, 0.809017, 0.309017, 0.0, 0.0, 0.0, 0.0, 1.0 ], [ 0.5, 0.809017, -0.309017, 0.0, 0.809017, -0.309017, 0.5, 0.0, 0.309017, -0.5, -0.809017, 0.0, 0.0, 0.0, 0.0, 1.0 ], [ 0.309017, -0.5, -0.809017, 0.0, 0.5, 0.809017, -0.309017, 0.0, 0.809017, -0.309017, 0.5, 0.0, 0.0, 0.0, 0.0, 1.0 ], [ 0.809017, -0.309017, 0.5, 0.0, 0.309017, -0.5, -0.809017, 0.0, 0.5, 0.809017, -0.309017, 0.0, 0.0, 0.0, 0.0, 1.0 ], [ 0.809017, 0.309017, -0.5, 0.0, 0.309017, 0.5, 0.809017, 0.0, 0.5, -0.809017, 0.309017, 0.0, 0.0, 0.0, 0.0, 1.0 ], [ 0.5, -0.809017, 0.309017, 0.0, 0.809017, 0.309017, -0.5, 0.0, 0.309017, 0.5, 0.809017, 0.0, 0.0, 0.0, 0.0, 1.0 ], [ 0.309017, 0.5, 0.809017, 0.0, 0.5, -0.809017, 0.309017, 0.0, 0.809017, 0.309017, -0.5, 0.0, 0.0, 0.0, 0.0, 1.0 ], [ 1.0, 0.0, 0.0, 0.0, 0.0, -1.0, 0.0, 0.0, 0.0, 0.0, -1.0, 0.0, 0.0, 0.0, 0.0, 1.0 ], [ 0.0, 0.0, 1.0, 0.0, -1.0, 0.0, 0.0, 0.0, 0.0, -1.0, 0.0, 0.0, 0.0, 0.0, 0.0, 1.0 ], [ 0.0, 1.0, 0.0, 0.0, 0.0, 0.0, -1.0, 0.0, -1.0, 0.0, 0.0, 0.0, 0.0, 0.0, 0.0, 1.0 ], [ 0.809017, 0.309017, 0.5, 0.0, -0.309017, -0.5, 0.809017, 0.0, 0.5, -0.809017, -0.309017, 0.0, 0.0, 0.0, 0.0, 1.0 ], [ -0.5, 0.809017, 0.309017, 0.0, -0.809017, -0.309017, -0.5, 0.0, -0.309017, -0.5, 0.809017, 0.0, 0.0, 0.0, 0.0, 1.0 ], [ 0.309017, 0.5, -0.809017, 0.0, 0.5, -0.809017, -0.309017, 0.0, -0.809017, -0.309017, -0.5, 0.0, 0.0, 0.0, 0.0, 1.0 ], [ 0.5, 0.809017, 0.309017, 0.0, -0.809017, 0.309017, 0.5, 0.0, 0.309017, -0.5, 0.809017, 0.0, 0.0, 0.0, 0.0, 1.0 ], [ -0.309017, 0.5, -0.809017, 0.0, -0.5, -0.809017, -0.309017, 0.0, -0.809017, 0.309017, 0.5, 0.0, 0.0, 0.0, 0.0, 1.0 ], [ 0.809017, -0.309017, -0.5, 0.0, 0.309017, -0.5, 0.809017, 0.0, -0.5, -0.809017, -0.309017, 0.0, 0.0, 0.0, 0.0, 1.0 ], [ 0.5, 0.809017, -0.309017, 0.0, -0.809017, 0.309017, -0.5, 0.0, -0.309017, 0.5, 0.809017, 0.0, 0.0, 0.0, 0.0, 1.0 ], [ 0.309017, -0.5, -0.809017, 0.0, -0.5, -0.809017, 0.309017, 0.0, -0.809017, 0.309017, -0.5, 0.0, 0.0, 0.0, 0.0, 1.0 ], [ 0.809017, -0.309017, 0.5, 0.0, -0.309017, 0.5, 0.809017, 0.0, -0.5, -0.809017, 0.309017, 0.0, 0.0, 0.0, 0.0, 1.0 ], [ 0.809017, 0.309017, -0.5, 0.0, -0.309017, -0.5, -0.809017, 0.0, -0.5, 0.809017, -0.309017, 0.0, 0.0, 0.0, 0.0, 1.0 ], [ 0.5, -0.809017, 0.309017, 0.0, -0.809017, -0.309017, 0.5, 0.0, -0.309017, -0.5, -0.809017, 0.0, 0.0, 0.0, 0.0, 1.0 ], [ 0.309017, 0.5, 0.809017, 0.0, -0.5, 0.809017, -0.309017, 0.0, -0.809017, -0.309017, 0.5, 0.0, 0.0, 0.0, 0.0, 1.0 ], [ -1.0, 0.0, 0.0, 0.0, 0.0, -1.0, 0.0, 0.0, 0.0, 0.0, 1.0, 0.0, 0.0, 0.0, 0.0, 1.0 ], [ 0.0, 0.0, -1.0, 0.0, -1.0, 0.0, 0.0, 0.0, 0.0, 1.0, 0.0, 0.0, 0.0, 0.0, 0.0, 1.0 ], [ 0.0, -1.0, 0.0, 0.0, 0.0, 0.0, -1.0, 0.0, 1.0, 0.0, 0.0, 0.0, 0.0, 0.0, 0.0, 1.0 ], [ -0.809017, -0.309017, -0.5, 0.0, -0.309017, -0.5, 0.809017, 0.0, -0.5, 0.809017, 0.309017, 0.0, 0.0, 0.0, 0.0, 1.0 ], [ 0.5, -0.809017, -0.309017, 0.0, -0.809017, -0.309017, -0.5, 0.0, 0.309017, 0.5, -0.809017, 0.0, 0.0, 0.0, 0.0, 1.0 ], [ -0.309017, -0.5, 0.809017, 0.0, 0.5, -0.809017, -0.309017, 0.0, 0.809017, 0.309017, 0.5, 0.0, 0.0, 0.0, 0.0, 1.0 ], [ -0.5, -0.809017, -0.309017, 0.0, -0.809017, 0.309017, 0.5, 0.0, -0.309017, 0.5, -0.809017, 0.0, 0.0, 0.0, 0.0, 1.0 ], [ 0.309017, -0.5, 0.809017, 0.0, -0.5, -0.809017, -0.309017, 0.0, 0.809017, -0.309017, -0.5, 0.0, 0.0, 0.0, 0.0, 1.0 ], [ -0.809017, 0.309017, 0.5, 0.0, 0.309017, -0.5, 0.809017, 0.0, 0.5, 0.809017, 0.309017, 0.0, 0.0, 0.0, 0.0, 1.0 ], [ -0.5, -0.809017, 0.309017, 0.0, -0.809017, 0.309017, -0.5, 0.0, 0.309017, -0.5, -0.809017, 0.0, 0.0, 0.0, 0.0, 1.0 ], [ -0.309017, 0.5, 0.809017, 0.0, -0.5, -0.809017, 0.309017, 0.0, 0.809017, -0.309017, 0.5, 0.0, 0.0, 0.0, 0.0, 1.0 ], [ -0.809017, 0.309017, -0.5, 0.0, -0.309017, 0.5, 0.809017, 0.0, 0.5, 0.809017, -0.309017, 0.0, 0.0, 0.0, 0.0, 1.0 ], [ -0.809017, -0.309017, 0.5, 0.0, -0.309017, -0.5, -0.809017, 0.0, 0.5, -0.809017, 0.309017, 0.0, 0.0, 0.0, 0.0, 1.0 ], [ -0.5, 0.809017, -0.309017, 0.0, -0.809017, -0.309017, 0.5, 0.0, 0.309017, 0.5, 0.809017, 0.0, 0.0, 0.0, 0.0, 1.0 ], [ -0.309017, -0.5, -0.809017, 0.0, -0.5, 0.809017, -0.309017, 0.0, 0.809017, 0.309017, -0.5, 0.0, 0.0, 0.0, 0.0, 1.0 ], [ -1.0, 0.0, 0.0, 0.0, 0.0, 1.0, 0.0, 0.0, 0.0, 0.0, -1.0, 0.0, 0.0, 0.0, 0.0, 1.0 ], [ 0.0, 0.0, -1.0, 0.0, 1.0, 0.0, 0.0, 0.0, 0.0, -1.0, 0.0, 0.0, 0.0, 0.0, 0.0, 1.0 ], [ 0.0, -1.0, 0.0, 0.0, 0.0, 0.0, 1.0, 0.0, -1.0, 0.0, 0.0, 0.0, 0.0, 0.0, 0.0, 1.0 ], [ -0.809017, -0.309017, -0.5, 0.0, 0.309017, 0.5, -0.809017, 0.0, 0.5, -0.809017, -0.309017, 0.0, 0.0, 0.0, 0.0, 1.0 ], [ 0.5, -0.809017, -0.309017, 0.0, 0.809017, 0.309017, 0.5, 0.0, -0.309017, -0.5, 0.809017, 0.0, 0.0, 0.0, 0.0, 1.0 ], [ -0.309017, -0.5, 0.809017, 0.0, -0.5, 0.809017, 0.309017, 0.0, -0.809017, -0.309017, -0.5, 0.0, 0.0, 0.0, 0.0, 1.0 ], [ -0.5, -0.809017, -0.309017, 0.0, 0.809017, -0.309017, -0.5, 0.0, 0.309017, -0.5, 0.809017, 0.0, 0.0, 0.0, 0.0, 1.0 ], [ 0.309017, -0.5, 0.809017, 0.0, 0.5, 0.809017, 0.309017, 0.0, -0.809017, 0.309017, 0.5, 0.0, 0.0, 0.0, 0.0, 1.0 ], [ -0.809017, 0.309017, 0.5, 0.0, -0.309017, 0.5, -0.809017, 0.0, -0.5, -0.809017, -0.309017, 0.0, 0.0, 0.0, 0.0, 1.0 ], [ -0.5, -0.809017, 0.309017, 0.0, 0.809017, -0.309017, 0.5, 0.0, -0.309017, 0.5, 0.809017, 0.0, 0.0, 0.0, 0.0, 1.0 ], [ -0.309017, 0.5, 0.809017, 0.0, 0.5, 0.809017, -0.309017, 0.0, -0.809017, 0.309017, -0.5, 0.0, 0.0, 0.0, 0.0, 1.0 ], [ -0.809017, 0.309017, -0.5, 0.0, 0.309017, -0.5, -0.809017, 0.0, -0.5, -0.809017, 0.309017, 0.0, 0.0, 0.0, 0.0, 1.0 ], [ -0.809017, -0.309017, 0.5, 0.0, 0.309017, 0.5, 0.809017, 0.0, -0.5, 0.809017, -0.309017, 0.0, 0.0, 0.0, 0.0, 1.0 ], [ -0.5, 0.809017, -0.309017, 0.0, 0.809017, 0.309017, -0.5, 0.0, -0.309017, -0.5, -0.809017, 0.0, 0.0, 0.0, 0.0, 1.0 ], [ -0.309017, -0.5, -0.809017, 0.0, 0.5, -0.809017, 0.309017, 0.0, -0.809017, -0.309017, 0.5, 0.0, 0.0, 0.0, 0.0, 1.0 ] ],
  "lights" : {
    "backgroundColor" : "#FFFFEF",
    "ambientColor" : "#292929",
    "directionalLights" : [ {
      "direction" : {
        "x" : 1.0,
        "y" : -1.0,
        "z" : -1.0
      },
      "color" : "#EBEBE4"
    }, {
      "direction" : {
        "x" : -1.0,
        "y" : 0.0,
        "z" : 0.0
      },
      "color" : "#E4E4EB"
    }, {
      "direction" : {
        "x" : 0.0,
        "y" : 0.0,
        "z" : -1.0
      },
      "color" : "#1E1E1E"
    } ]
  },
  "camera" : {
    "stereo" : false,
    "width" : 165.73312,
    "lookDirection" : {
      "x" : -0.7443047,
      "y" : 0.54509234,
      "z" : 0.3858068
    },
    "upDirection" : {
      "x" : 0.48074642,
      "y" : 0.036375195,
      "z" : 0.8760559
    },
    "lookAtPoint" : {
      "x" : 0.0,
      "y" : 0.0,
      "z" : 0.0
    },
    "viewDistance" : 368.29324,
    "nearClipDistance" : 0.92073804,
    "farClipDistance" : 736.5852,
    "fieldOfView" : 0.44263187,
    "perspective" : false,
    "position" : {
      "x" : 274.1224,
      "y" : -200.75383,
      "z" : -142.09004
    }
  },
  "embedding" : [ 1.0, 0.0, 0.0, 0.0, 0.0, 1.0, 0.0, 0.0, 0.0, 0.0, 1.0, 0.0, 0.0, 0.0, 0.0, 1.0 ],
  "shapes" : [ {
    "id" : "5fae0003-11d8-4c63-b58b-738b655e8448",
    "vertices" : [ {
      "x" : -23.798374,
      "y" : 4.236068,
      "z" : -13.708204
    }, {
      "x" : -23.798374,
      "y" : -2.618034,
      "z" : -4.236068
    }, {
      "x" : -23.798374,
      "y" : -9.472136,
      "z" : -13.708204
    }, {
      "x" : -23.798374,
      "y" : -2.618034,
      "z" : -23.18034
    } ],
    "faces" : [ {
      "vertices" : [ 0, 1, 2 ]
    }, {
      "vertices" : [ 0, 2, 3 ]
    }, {
      "vertices" : [ 0, 3, 2 ]
    }, {
      "vertices" : [ 0, 2, 1 ]
    } ]
  }, {
    "id" : "8ca94ebb-b66b-4d68-afd4-22af79613795",
    "vertices" : [ {
      "x" : -11.09017,
      "y" : -17.944271,
      "z" : 6.854102
    }, {
      "x" : 0.0,
      "y" : -20.562305,
      "z" : 9.472136
    }, {
      "x" : 0.0,
      "y" : -27.416409,
      "z" : 0.0
    }, {
      "x" : -11.09017,
      "y" : -24.798374,
      "z" : -2.618034
    } ],
    "faces" : [ {
      "vertices" : [ 0, 1, 2 ]
    }, {
      "vertices" : [ 0, 2, 3 ]
    }, {
      "vertices" : [ 0, 3, 2 ]
    }, {
      "vertices" : [ 0, 2, 1 ]
    } ]
  }, {
    "id" : "50d6245a-62c2-402c-a7eb-6fc81b75d8f3",
    "vertices" : [ {
      "x" : 0.309017,
      "y" : -0.309017,
      "z" : -0.309017
    }, {
      "x" : 0.5,
      "y" : 0.0,
      "z" : -0.19098301
    }, {
      "x" : 0.5,
      "y" : 0.0,
      "z" : 0.19098301
    }, {
      "x" : 0.309017,
      "y" : -0.309017,
      "z" : 0.309017
    }, {
      "x" : 0.19098301,
      "y" : -0.5,
      "z" : 0.0
    }, {
      "x" : 0.0,
      "y" : 0.19098301,
      "z" : 0.5
    }, {
      "x" : 0.0,
      "y" : -0.19098301,
      "z" : 0.5
    }, {
      "x" : 0.309017,
      "y" : 0.309017,
      "z" : 0.309017
    }, {
      "x" : -0.309017,
      "y" : -0.309017,
      "z" : 0.309017
    }, {
      "x" : -0.309017,
      "y" : 0.309017,
      "z" : 0.309017
    }, {
      "x" : -0.5,
      "y" : 0.0,
      "z" : 0.19098301
    }, {
      "x" : 0.0,
      "y" : -0.19098301,
      "z" : -0.5
    }, {
      "x" : 0.0,
      "y" : 0.19098301,
      "z" : -0.5
    }, {
      "x" : 0.309017,
      "y" : 0.309017,
      "z" : -0.309017
    }, {
      "x" : -0.309017,
      "y" : -0.309017,
      "z" : -0.309017
    }, {
      "x" : -0.19098301,
      "y" : -0.5,
      "z" : 0.0
    }, {
      "x" : -0.5,
      "y" : 0.0,
      "z" : -0.19098301
    }, {
      "x" : 0.19098301,
      "y" : 0.5,
      "z" : 0.0
    }, {
      "x" : -0.309017,
      "y" : 0.309017,
      "z" : -0.309017
    }, {
      "x" : 0.0,
      "y" : 0.0,
      "z" : 0.0
    }, {
      "x" : -0.19098301,
      "y" : 0.5,
      "z" : 0.0
    } ],
    "faces" : [ {
      "vertices" : [ 12, 18, 20 ]
    }, {
      "vertices" : [ 12, 20, 17 ]
    }, {
      "vertices" : [ 12, 17, 13 ]
    }, {
      "vertices" : [ 3, 6, 8 ]
    }, {
      "vertices" : [ 3, 8, 15 ]
    }, {
      "vertices" : [ 3, 15, 4 ]
    }, {
      "vertices" : [ 0, 11, 12 ]
    }, {
      "vertices" : [ 0, 12, 13 ]
    }, {
      "vertices" : [ 0, 13, 1 ]
    }, {
      "vertices" : [ 5, 9, 10 ]
    }, {
      "vertices" : [ 5, 10, 8 ]
    }, {
      "vertices" : [ 5, 8, 6 ]
    }, {
      "vertices" : [ 2, 7, 5 ]
    }, {
      "vertices" : [ 2, 5, 6 ]
    }, {
      "vertices" : [ 2, 6, 3 ]
    }, {
      "vertices" : [ 11, 14, 16 ]
    }, {
      "vertices" : [ 11, 16, 18 ]
    }, {
      "vertices" : [ 11, 18, 12 ]
    }, {
      "vertices" : [ 1, 13, 17 ]
    }, {
      "vertices" : [ 1, 17, 7 ]
    }, {
      "vertices" : [ 1, 7, 2 ]
    }, {
      "vertices" : [ 9, 20, 18 ]
    }, {
      "vertices" : [ 9, 18, 16 ]
    }, {
      "vertices" : [ 9, 16, 10 ]
    }, {
      "vertices" : [ 0, 1, 2 ]
    }, {
      "vertices" : [ 0, 2, 3 ]
    }, {
      "vertices" : [ 0, 3, 4 ]
    }, {
      "vertices" : [ 5, 7, 17 ]
    }, {
      "vertices" : [ 5, 17, 20 ]
    }, {
      "vertices" : [ 5, 20, 9 ]
    }, {
      "vertices" : [ 0, 4, 15 ]
    }, {
      "vertices" : [ 0, 15, 14 ]
    }, {
      "vertices" : [ 0, 14, 11 ]
    }, {
      "vertices" : [ 8, 10, 16 ]
    }, {
      "vertices" : [ 8, 16, 14 ]
    }, {
      "vertices" : [ 8, 14, 15 ]
    } ]
  }, {
    "id" : "eefd7351-1eb6-4a4e-a4b9-30f5ed6265d7",
    "vertices" : [ {
      "x" : 2.527864,
      "y" : 10.708204,
      "z" : 2.527864
    }, {
      "x" : 2.190983,
      "y" : 10.09017,
      "z" : 2.072949
    }, {
      "x" : 2.072949,
      "y" : 10.281153,
      "z" : 2.381966
    }, {
      "x" : 0.090169944,
      "y" : 0.38196602,
      "z" : 0.090169944
    }, {
      "x" : -0.072949015,
      "y" : 1.190983,
      "z" : 0.23606798
    }, {
      "x" : 0.045084972,
      "y" : 1.0,
      "z" : -0.072949015
    }, {
      "x" : 2.572949,
      "y" : 10.09017,
      "z" : 2.690983
    }, {
      "x" : 0.54508495,
      "y" : 0.809017,
      "z" : 0.23606798
    }, {
      "x" : 2.690983,
      "y" : 9.899187,
      "z" : 2.381966
    }, {
      "x" : 2.618034,
      "y" : 11.09017,
      "z" : 2.618034
    }, {
      "x" : 0.42705098,
      "y" : 1.0,
      "z" : 0.54508495
    } ],
    "faces" : [ {
      "vertices" : [ 3, 10, 4 ]
    }, {
      "vertices" : [ 0, 1, 2 ]
    }, {
      "vertices" : [ 3, 7, 10 ]
    }, {
      "vertices" : [ 1, 8, 7 ]
    }, {
      "vertices" : [ 1, 7, 5 ]
    }, {
      "vertices" : [ 2, 4, 10 ]
    }, {
      "vertices" : [ 2, 10, 6 ]
    }, {
      "vertices" : [ 0, 2, 6 ]
    }, {
      "vertices" : [ 0, 8, 1 ]
    }, {
      "vertices" : [ 3, 4, 5 ]
    }, {
      "vertices" : [ 1, 5, 4 ]
    }, {
      "vertices" : [ 1, 4, 2 ]
    }, {
      "vertices" : [ 0, 6, 8 ]
    }, {
      "vertices" : [ 6, 10, 7 ]
    }, {
      "vertices" : [ 6, 7, 8 ]
    }, {
      "vertices" : [ 3, 5, 7 ]
    } ]
  }, {
    "id" : "9f401b17-fa6a-48c7-9c5d-405bca2fdf27",
    "vertices" : [ {
      "x" : 11.09017,
      "y" : -17.944271,
      "z" : -6.854102
    }, {
      "x" : 11.09017,
      "y" : -24.798374,
      "z" : 2.618034
    }, {
      "x" : 19.562305,
      "y" : -17.944271,
      "z" : 6.854102
    }, {
      "x" : 19.562305,
      "y" : -11.09017,
      "z" : -2.618034
    } ],
    "faces" : [ {
      "vertices" : [ 0, 1, 2 ]
    }, {
      "vertices" : [ 0, 2, 3 ]
    }, {
      "vertices" : [ 0, 3, 2 ]
    }, {
      "vertices" : [ 0, 2, 1 ]
    } ]
  }, {
    "id" : "1c2e9e86-2762-4440-846e-2e9ceb493ef2",
    "vertices" : [ {
      "x" : 1.618034,
      "y" : 4.236068,
      "z" : 27.416409
    }, {
      "x" : 10.09017,
      "y" : -2.618034,
      "z" : 31.652475
    }, {
      "x" : -1.0,
      "y" : 0.0,
      "z" : 29.034441
    }, {
      "x" : -9.472136,
      "y" : 6.854102,
      "z" : 24.798374
    } ],
    "faces" : [ {
      "vertices" : [ 0, 1, 2 ]
    }, {
      "vertices" : [ 0, 2, 3 ]
    }, {
      "vertices" : [ 0, 3, 2 ]
    }, {
      "vertices" : [ 0, 2, 1 ]
    } ]
  }, {
    "id" : "5e36451a-5428-42d4-bb09-364566013f4b",
    "vertices" : [ {
      "x" : 5.236068,
      "y" : -8.472136,
      "z" : -22.18034
    }, {
      "x" : 13.708204,
      "y" : -15.326238,
      "z" : -17.944271
    }, {
      "x" : 22.18034,
      "y" : -8.472136,
      "z" : -13.708204
    }, {
      "x" : 13.708204,
      "y" : -1.618034,
      "z" : -17.944271
    } ],
    "faces" : [ {
      "vertices" : [ 0, 1, 2 ]
    }, {
      "vertices" : [ 0, 2, 3 ]
    }, {
      "vertices" : [ 0, 3, 2 ]
    }, {
      "vertices" : [ 0, 2, 1 ]
    } ]
  }, {
    "id" : "71054480-8d44-4abb-9863-28cfd0eb78e9",
    "vertices" : [ {
      "x" : 1.618034,
      "y" : 4.236068,
      "z" : 27.416409
    }, {
      "x" : -9.472136,
      "y" : 6.854102,
      "z" : 24.798374
    }, {
      "x" : -13.708204,
      "y" : 15.326238,
      "z" : 17.944271
    }, {
      "x" : -2.618034,
      "y" : 12.708204,
      "z" : 20.562305
    } ],
    "faces" : [ {
      "vertices" : [ 0, 1, 2 ]
    }, {
      "vertices" : [ 0, 2, 3 ]
    }, {
      "vertices" : [ 0, 3, 2 ]
    }, {
      "vertices" : [ 0, 2, 1 ]
    } ]
  }, {
    "id" : "f5fb9818-ef40-40c0-bf46-c3936e5f9201",
    "vertices" : [ {
      "x" : 23.798374,
      "y" : 9.472136,
      "z" : 13.708204
    }, {
      "x" : 15.326238,
      "y" : 16.326239,
      "z" : 9.472136
    }, {
      "x" : 17.944271,
      "y" : 13.708204,
      "z" : -1.618034
    }, {
      "x" : 26.416409,
      "y" : 6.854102,
      "z" : 2.618034
    } ],
    "faces" : [ {
      "vertices" : [ 0, 1, 2 ]
    }, {
      "vertices" : [ 0, 2, 3 ]
    }, {
      "vertices" : [ 0, 3, 2 ]
    }, {
      "vertices" : [ 0, 2, 1 ]
    } ]
  }, {
    "id" : "7c95defa-e04b-4c26-a4ca-99b56f0f8083",
    "vertices" : [ {
      "x" : 2.618034,
      "y" : 19.562305,
      "z" : -11.09017
    }, {
      "x" : 13.708204,
      "y" : 22.18034,
      "z" : -8.472136
    }, {
      "x" : 11.09017,
      "y" : 24.798374,
      "z" : 2.618034
    }, {
      "x" : 0.0,
      "y" : 22.18034,
      "z" : 0.0
    } ],
    "faces" : [ {
      "vertices" : [ 0, 1, 2 ]
    }, {
      "vertices" : [ 0, 2, 3 ]
    }, {
      "vertices" : [ 0, 3, 2 ]
    }, {
      "vertices" : [ 0, 2, 1 ]
    } ]
  }, {
    "id" : "e626fc88-0f49-408b-afea-706cb621710b",
    "vertices" : [ {
      "x" : -15.326238,
      "y" : 16.326239,
      "z" : -9.472136
    }, {
      "x" : -11.09017,
      "y" : 24.798374,
      "z" : -2.618034
    }, {
      "x" : -13.708204,
      "y" : 22.18034,
      "z" : 8.472136
    }, {
      "x" : -17.944271,
      "y" : 13.708204,
      "z" : 1.618034
    } ],
    "faces" : [ {
      "vertices" : [ 0, 1, 2 ]
    }, {
      "vertices" : [ 0, 2, 3 ]
    }, {
      "vertices" : [ 0, 3, 2 ]
    }, {
      "vertices" : [ 0, 2, 1 ]
    } ]
  }, {
    "id" : "5e41c6fc-f911-4a71-9c18-e02768850cb9",
    "vertices" : [ {
      "x" : 21.18034,
      "y" : 6.854102,
      "z" : 24.798374
    }, {
      "x" : 12.708204,
      "y" : 13.708204,
      "z" : 20.562305
    }, {
      "x" : 15.326238,
      "y" : 16.326239,
      "z" : 9.472136
    }, {
      "x" : 23.798374,
      "y" : 9.472136,
      "z" : 13.708204
    } ],
    "faces" : [ {
      "vertices" : [ 0, 1, 2 ]
    }, {
      "vertices" : [ 0, 2, 3 ]
    }, {
      "vertices" : [ 0, 3, 2 ]
    }, {
      "vertices" : [ 0, 2, 1 ]
    } ]
  }, {
    "id" : "f0ef7648-fb11-4082-b240-856d92b8a825",
    "vertices" : [ {
      "x" : -19.562305,
      "y" : -11.09017,
      "z" : 2.618034
    }, {
      "x" : -11.09017,
      "y" : -17.944271,
      "z" : 6.854102
    }, {
      "x" : -11.09017,
      "y" : -24.798374,
      "z" : -2.618034
    }, {
      "x" : -19.562305,
      "y" : -17.944271,
      "z" : -6.854102
    } ],
    "faces" : [ {
      "vertices" : [ 0, 1, 2 ]
    }, {
      "vertices" : [ 0, 2, 3 ]
    }, {
      "vertices" : [ 0, 3, 2 ]
    }, {
      "vertices" : [ 0, 2, 1 ]
    } ]
  }, {
    "id" : "ca86a1fb-3aea-46a5-818f-33373597fc20",
    "vertices" : [ {
      "x" : -17.944271,
      "y" : 6.854102,
      "z" : 11.09017
    }, {
      "x" : -13.708204,
      "y" : 15.326238,
      "z" : 17.944271
    }, {
      "x" : -9.472136,
      "y" : 6.854102,
      "z" : 24.798374
    }, {
      "x" : -13.708204,
      "y" : -1.618034,
      "z" : 17.944271
    } ],
    "faces" : [ {
      "vertices" : [ 0, 1, 2 ]
    }, {
      "vertices" : [ 0, 2, 3 ]
    }, {
      "vertices" : [ 0, 3, 2 ]
    }, {
      "vertices" : [ 0, 2, 1 ]
    } ]
  }, {
    "id" : "8c55f25b-2e68-4734-987c-1343d25f37b8",
    "vertices" : [ {
      "x" : -23.798374,
      "y" : 4.236068,
      "z" : -13.708204
    }, {
      "x" : -23.798374,
      "y" : -2.618034,
      "z" : -4.236068
    }, {
      "x" : -26.416409,
      "y" : 0.0,
      "z" : 6.854102
    }, {
      "x" : -26.416409,
      "y" : 6.854102,
      "z" : -2.618034
    } ],
    "faces" : [ {
      "vertices" : [ 0, 1, 2 ]
    }, {
      "vertices" : [ 0, 2, 3 ]
    }, {
      "vertices" : [ 0, 3, 2 ]
    }, {
      "vertices" : [ 0, 2, 1 ]
    } ]
  }, {
    "id" : "ed95ac97-7cb5-40e7-914f-2f5eccf802f2",
    "vertices" : [ {
      "x" : 23.798374,
      "y" : 4.236068,
      "z" : 13.708204
    }, {
      "x" : 26.416409,
      "y" : 6.854102,
      "z" : 2.618034
    }, {
      "x" : 26.416409,
      "y" : 0.0,
      "z" : -6.854102
    }, {
      "x" : 23.798374,
      "y" : -2.618034,
      "z" : 4.236068
    } ],
    "faces" : [ {
      "vertices" : [ 0, 1, 2 ]
    }, {
      "vertices" : [ 0, 2, 3 ]
    }, {
      "vertices" : [ 0, 3, 2 ]
    }, {
      "vertices" : [ 0, 2, 1 ]
    } ]
  }, {
    "id" : "aa742481-3cab-4c03-bc0a-9739b25d201f",
    "vertices" : [ {
      "x" : 16.944271,
      "y" : -8.472136,
      "z" : 27.416409
    }, {
      "x" : 19.562305,
      "y" : -11.09017,
      "z" : 16.326239
    }, {
      "x" : 11.09017,
      "y" : -17.944271,
      "z" : 12.09017
    }, {
      "x" : 8.472136,
      "y" : -15.326238,
      "z" : 23.18034
    } ],
    "faces" : [ {
      "vertices" : [ 0, 1, 2 ]
    }, {
      "vertices" : [ 0, 2, 3 ]
    }, {
      "vertices" : [ 0, 3, 2 ]
    }, {
      "vertices" : [ 0, 2, 1 ]
    } ]
  }, {
    "id" : "5591f207-ae2d-4801-9d58-2ae6eee441b4",
    "vertices" : [ {
      "x" : -11.09017,
      "y" : -17.944271,
      "z" : 6.854102
    }, {
      "x" : -13.708204,
      "y" : -15.326238,
      "z" : 17.944271
    }, {
      "x" : -2.618034,
      "y" : -17.944271,
      "z" : 20.562305
    }, {
      "x" : 0.0,
      "y" : -20.562305,
      "z" : 9.472136
    } ],
    "faces" : [ {
      "vertices" : [ 0, 1, 2 ]
    }, {
      "vertices" : [ 0, 2, 3 ]
    }, {
      "vertices" : [ 0, 3, 2 ]
    }, {
      "vertices" : [ 0, 2, 1 ]
    } ]
  }, {
    "id" : "142fdfde-00b2-48ce-b8b9-cae17be59799",
    "vertices" : [ {
      "x" : 19.562305,
      "y" : -11.09017,
      "z" : 16.326239
    }, {
      "x" : 23.798374,
      "y" : -2.618034,
      "z" : 23.18034
    }, {
      "x" : 23.798374,
      "y" : -9.472136,
      "z" : 13.708204
    }, {
      "x" : 19.562305,
      "y" : -17.944271,
      "z" : 6.854102
    } ],
    "faces" : [ {
      "vertices" : [ 0, 1, 2 ]
    }, {
      "vertices" : [ 0, 2, 3 ]
    }, {
      "vertices" : [ 0, 3, 2 ]
    }, {
      "vertices" : [ 0, 2, 1 ]
    } ]
  }, {
    "id" : "de6afba5-4b21-4970-9429-fd7c90a3a383",
    "vertices" : [ {
      "x" : 23.798374,
      "y" : -2.618034,
      "z" : 23.18034
    }, {
      "x" : 23.798374,
      "y" : 4.236068,
      "z" : 13.708204
    }, {
      "x" : 23.798374,
      "y" : -2.618034,
      "z" : 4.236068
    }, {
      "x" : 23.798374,
      "y" : -9.472136,
      "z" : 13.708204
    } ],
    "faces" : [ {
      "vertices" : [ 0, 1, 2 ]
    }, {
      "vertices" : [ 0, 2, 3 ]
    }, {
      "vertices" : [ 0, 3, 2 ]
    }, {
      "vertices" : [ 0, 2, 1 ]
    } ]
  }, {
    "id" : "10a2e0c5-2304-4aa3-9150-e7afd71d7ae0",
    "vertices" : [ {
      "x" : -21.18034,
      "y" : 6.854102,
      "z" : -24.798374
    }, {
      "x" : -23.798374,
      "y" : 9.472136,
      "z" : -13.708204
    }, {
      "x" : -26.416409,
      "y" : 6.854102,
      "z" : -2.618034
    }, {
      "x" : -23.798374,
      "y" : 4.236068,
      "z" : -13.708204
    } ],
    "faces" : [ {
      "vertices" : [ 0, 1, 2 ]
    }, {
      "vertices" : [ 0, 2, 3 ]
    }, {
      "vertices" : [ 0, 3, 2 ]
    }, {
      "vertices" : [ 0, 2, 1 ]
    } ]
  }, {
    "id" : "e93cdbd5-c3a5-4616-82ab-3b77181c2302",
    "vertices" : [ {
      "x" : 13.708204,
      "y" : -1.618034,
      "z" : -17.944271
    }, {
      "x" : 22.18034,
      "y" : -8.472136,
      "z" : -13.708204
    }, {
      "x" : 26.416409,
      "y" : 0.0,
      "z" : -6.854102
    }, {
      "x" : 17.944271,
      "y" : 6.854102,
      "z" : -11.09017
    } ],
    "faces" : [ {
      "vertices" : [ 0, 1, 2 ]
    }, {
      "vertices" : [ 0, 2, 3 ]
    }, {
      "vertices" : [ 0, 3, 2 ]
    }, {
      "vertices" : [ 0, 2, 1 ]
    } ]
  }, {
    "id" : "0d44c4e1-bdfe-4409-8aa3-80d983f6ba32",
    "vertices" : [ {
      "x" : 1.618034,
      "y" : 4.236068,
      "z" : 27.416409
    }, {
      "x" : 12.708204,
      "y" : 6.854102,
      "z" : 30.034441
    }, {
      "x" : 21.18034,
      "y" : 0.0,
      "z" : 34.27051
    }, {
      "x" : 10.09017,
      "y" : -2.618034,
      "z" : 31.652475
    } ],
    "faces" : [ {
      "vertices" : [ 0, 1, 2 ]
    }, {
      "vertices" : [ 0, 2, 3 ]
    }, {
      "vertices" : [ 0, 3, 2 ]
    }, {
      "vertices" : [ 0, 2, 1 ]
    } ]
  }, {
    "id" : "1f95cd0b-4d44-4d52-b532-76d1ef5785eb",
    "vertices" : [ {
      "x" : -17.944271,
      "y" : 13.708204,
      "z" : 1.618034
    }, {
      "x" : -13.708204,
      "y" : 22.18034,
      "z" : 8.472136
    }, {
      "x" : -13.708204,
      "y" : 15.326238,
      "z" : 17.944271
    }, {
      "x" : -17.944271,
      "y" : 6.854102,
      "z" : 11.09017
    } ],
    "faces" : [ {
      "vertices" : [ 0, 1, 2 ]
    }, {
      "vertices" : [ 0, 2, 3 ]
    }, {
      "vertices" : [ 0, 3, 2 ]
    }, {
      "vertices" : [ 0, 2, 1 ]
    } ]
  }, {
    "id" : "839e7bb0-c61a-496b-a297-287eb5905730",
    "vertices" : [ {
      "x" : 5.236068,
      "y" : -8.472136,
      "z" : -22.18034
    }, {
      "x" : 13.708204,
      "y" : -1.618034,
      "z" : -17.944271
    }, {
      "x" : 9.472136,
      "y" : 6.854102,
      "z" : -24.798374
    }, {
      "x" : 1.0,
      "y" : 0.0,
      "z" : -29.034441
    } ],
    "faces" : [ {
      "vertices" : [ 0, 1, 2 ]
    }, {
      "vertices" : [ 0, 2, 3 ]
    }, {
      "vertices" : [ 0, 3, 2 ]
    }, {
      "vertices" : [ 0, 2, 1 ]
    } ]
  }, {
    "id" : "1188e91c-063f-4b05-95f2-9fbf908b99e3",
    "vertices" : [ {
      "x" : 8.472136,
      "y" : -15.326238,
      "z" : 23.18034
    }, {
      "x" : 11.09017,
      "y" : -17.944271,
      "z" : 12.09017
    }, {
      "x" : 0.0,
      "y" : -20.562305,
      "z" : 9.472136
    }, {
      "x" : -2.618034,
      "y" : -17.944271,
      "z" : 20.562305
    } ],
    "faces" : [ {
      "vertices" : [ 0, 1, 2 ]
    }, {
      "vertices" : [ 0, 2, 3 ]
    }, {
      "vertices" : [ 0, 3, 2 ]
    }, {
      "vertices" : [ 0, 2, 1 ]
    } ]
  }, {
    "id" : "9582aca1-3032-4056-9a9e-26ea144bacca",
    "vertices" : [ {
      "x" : -5.236068,
      "y" : -8.472136,
      "z" : 22.18034
    }, {
      "x" : -13.708204,
      "y" : -15.326238,
      "z" : 17.944271
    }, {
      "x" : -22.18034,
      "y" : -8.472136,
      "z" : 13.708204
    }, {
      "x" : -13.708204,
      "y" : -1.618034,
      "z" : 17.944271
    } ],
    "faces" : [ {
      "vertices" : [ 0, 1, 2 ]
    }, {
      "vertices" : [ 0, 2, 3 ]
    }, {
      "vertices" : [ 0, 3, 2 ]
    }, {
      "vertices" : [ 0, 2, 1 ]
    } ]
  }, {
    "id" : "ffab0581-d6ed-4447-a47c-93e0a5bf059e",
    "vertices" : [ {
      "x" : -10.09017,
      "y" : -2.618034,
      "z" : -31.652475
    }, {
      "x" : 1.0,
      "y" : 0.0,
      "z" : -29.034441
    }, {
      "x" : 9.472136,
      "y" : 6.854102,
      "z" : -24.798374
    }, {
      "x" : -1.618034,
      "y" : 4.236068,
      "z" : -27.416409
    } ],
    "faces" : [ {
      "vertices" : [ 0, 1, 2 ]
    }, {
      "vertices" : [ 0, 2, 3 ]
    }, {
      "vertices" : [ 0, 3, 2 ]
    }, {
      "vertices" : [ 0, 2, 1 ]
    } ]
  }, {
    "id" : "215865bb-7f0c-4712-9c6a-c767bcd50366",
    "vertices" : [ {
      "x" : -17.944271,
      "y" : 13.708204,
      "z" : 1.618034
    }, {
      "x" : -17.944271,
      "y" : 6.854102,
      "z" : 11.09017
    }, {
      "x" : -26.416409,
      "y" : 0.0,
      "z" : 6.854102
    }, {
      "x" : -26.416409,
      "y" : 6.854102,
      "z" : -2.618034
    } ],
    "faces" : [ {
      "vertices" : [ 0, 1, 2 ]
    }, {
      "vertices" : [ 0, 2, 3 ]
    }, {
      "vertices" : [ 0, 3, 2 ]
    }, {
      "vertices" : [ 0, 2, 1 ]
    } ]
  }, {
    "id" : "6075fbdd-f11a-454f-a25d-cb41cd591ea5",
    "vertices" : [ {
      "x" : 11.09017,
      "y" : -17.944271,
      "z" : -6.854102
    }, {
      "x" : 19.562305,
      "y" : -11.09017,
      "z" : -2.618034
    }, {
      "x" : 22.18034,
      "y" : -8.472136,
      "z" : -13.708204
    }, {
      "x" : 13.708204,
      "y" : -15.326238,
      "z" : -17.944271
    } ],
    "faces" : [ {
      "vertices" : [ 0, 1, 2 ]
    }, {
      "vertices" : [ 0, 2, 3 ]
    }, {
      "vertices" : [ 0, 3, 2 ]
    }, {
      "vertices" : [ 0, 2, 1 ]
    } ]
  }, {
    "id" : "629b1a5c-ed96-4438-87f0-ad04d6b3a08a",
    "vertices" : [ {
      "x" : -15.326238,
      "y" : 16.326239,
      "z" : -9.472136
    }, {
      "x" : -17.944271,
      "y" : 13.708204,
      "z" : 1.618034
    }, {
      "x" : -26.416409,
      "y" : 6.854102,
      "z" : -2.618034
    }, {
      "x" : -23.798374,
      "y" : 9.472136,
      "z" : -13.708204
    } ],
    "faces" : [ {
      "vertices" : [ 0, 1, 2 ]
    }, {
      "vertices" : [ 0, 2, 3 ]
    }, {
      "vertices" : [ 0, 3, 2 ]
    }, {
      "vertices" : [ 0, 2, 1 ]
    } ]
  }, {
    "id" : "db777e19-621f-4b6d-bb53-e1a5fbbf3f85",
    "vertices" : [ {
      "x" : 5.854102,
      "y" : -11.09017,
      "z" : 24.798374
    }, {
      "x" : -2.618034,
      "y" : -17.944271,
      "z" : 20.562305
    }, {
      "x" : -13.708204,
      "y" : -15.326238,
      "z" : 17.944271
    }, {
      "x" : -5.236068,
      "y" : -8.472136,
      "z" : 22.18034
    } ],
    "faces" : [ {
      "vertices" : [ 0, 1, 2 ]
    }, {
      "vertices" : [ 0, 2, 3 ]
    }, {
      "vertices" : [ 0, 3, 2 ]
    }, {
      "vertices" : [ 0, 2, 1 ]
    } ]
  }, {
    "id" : "22192675-8cab-44f8-8f0e-4e0896a0daf7",
    "vertices" : [ {
      "x" : 19.562305,
      "y" : -11.09017,
      "z" : 16.326239
    }, {
      "x" : 16.944271,
      "y" : -8.472136,
      "z" : 27.416409
    }, {
      "x" : 21.18034,
      "y" : 0.0,
      "z" : 34.27051
    }, {
      "x" : 23.798374,
      "y" : -2.618034,
      "z" : 23.18034
    } ],
    "faces" : [ {
      "vertices" : [ 0, 1, 2 ]
    }, {
      "vertices" : [ 0, 2, 3 ]
    }, {
      "vertices" : [ 0, 3, 2 ]
    }, {
      "vertices" : [ 0, 2, 1 ]
    } ]
  }, {
    "id" : "c0476fee-bd74-413c-848e-fb8f3c81b554",
    "vertices" : [ {
      "x" : 8.472136,
      "y" : 15.326238,
      "z" : 23.18034
    }, {
      "x" : -2.618034,
      "y" : 12.708204,
      "z" : 20.562305
    }, {
      "x" : -2.618034,
      "y" : 19.562305,
      "z" : 11.09017
    }, {
      "x" : 8.472136,
      "y" : 22.18034,
      "z" : 13.708204
    } ],
    "faces" : [ {
      "vertices" : [ 0, 1, 2 ]
    }, {
      "vertices" : [ 0, 2, 3 ]
    }, {
      "vertices" : [ 0, 3, 2 ]
    }, {
      "vertices" : [ 0, 2, 1 ]
    } ]
  }, {
    "id" : "a0c1f8a6-896d-494e-9f18-43a21889dd8e",
    "vertices" : [ {
      "x" : 0.0,
      "y" : 22.18034,
      "z" : 0.0
    }, {
      "x" : 11.09017,
      "y" : 24.798374,
      "z" : 2.618034
    }, {
      "x" : 8.472136,
      "y" : 22.18034,
      "z" : 13.708204
    }, {
      "x" : -2.618034,
      "y" : 19.562305,
      "z" : 11.09017
    } ],
    "faces" : [ {
      "vertices" : [ 0, 1, 2 ]
    }, {
      "vertices" : [ 0, 2, 3 ]
    }, {
      "vertices" : [ 0, 3, 2 ]
    }, {
      "vertices" : [ 0, 2, 1 ]
    } ]
  }, {
    "id" : "94a17068-c6fb-4f85-a16b-67dcc38ade32",
    "vertices" : [ {
      "x" : 17.944271,
      "y" : 6.854102,
      "z" : -11.09017
    }, {
      "x" : 26.416409,
      "y" : 0.0,
      "z" : -6.854102
    }, {
      "x" : 26.416409,
      "y" : 6.854102,
      "z" : 2.618034
    }, {
      "x" : 17.944271,
      "y" : 13.708204,
      "z" : -1.618034
    } ],
    "faces" : [ {
      "vertices" : [ 0, 1, 2 ]
    }, {
      "vertices" : [ 0, 2, 3 ]
    }, {
      "vertices" : [ 0, 3, 2 ]
    }, {
      "vertices" : [ 0, 2, 1 ]
    } ]
  }, {
    "id" : "72921506-aa01-4e50-bb66-cac8c60880be",
    "vertices" : [ {
      "x" : -21.18034,
      "y" : 0.0,
      "z" : -34.27051
    }, {
      "x" : -10.09017,
      "y" : -2.618034,
      "z" : -31.652475
    }, {
      "x" : -1.618034,
      "y" : 4.236068,
      "z" : -27.416409
    }, {
      "x" : -12.708204,
      "y" : 6.854102,
      "z" : -30.034441
    } ],
    "faces" : [ {
      "vertices" : [ 0, 1, 2 ]
    }, {
      "vertices" : [ 0, 2, 3 ]
    }, {
      "vertices" : [ 0, 3, 2 ]
    }, {
      "vertices" : [ 0, 2, 1 ]
    } ]
  }, {
    "id" : "2b09665a-e06b-43aa-98a0-016aad5070c6",
    "vertices" : [ {
      "x" : -19.562305,
      "y" : -11.09017,
      "z" : 2.618034
    }, {
      "x" : -22.18034,
      "y" : -8.472136,
      "z" : 13.708204
    }, {
      "x" : -13.708204,
      "y" : -15.326238,
      "z" : 17.944271
    }, {
      "x" : -11.09017,
      "y" : -17.944271,
      "z" : 6.854102
    } ],
    "faces" : [ {
      "vertices" : [ 0, 1, 2 ]
    }, {
      "vertices" : [ 0, 2, 3 ]
    }, {
      "vertices" : [ 0, 3, 2 ]
    }, {
      "vertices" : [ 0, 2, 1 ]
    } ]
  }, {
    "id" : "d59da966-2b8a-48fd-bb4d-3ef9274fb897",
    "vertices" : [ {
      "x" : 12.708204,
      "y" : 13.708204,
      "z" : 20.562305
    }, {
      "x" : 21.18034,
      "y" : 6.854102,
      "z" : 24.798374
    }, {
      "x" : 21.18034,
      "y" : 0.0,
      "z" : 34.27051
    }, {
      "x" : 12.708204,
      "y" : 6.854102,
      "z" : 30.034441
    } ],
    "faces" : [ {
      "vertices" : [ 0, 1, 2 ]
    }, {
      "vertices" : [ 0, 2, 3 ]
    }, {
      "vertices" : [ 0, 3, 2 ]
    }, {
      "vertices" : [ 0, 2, 1 ]
    } ]
  }, {
    "id" : "199c0ce6-34ab-40b8-aa7b-545754ade294",
    "vertices" : [ {
      "x" : -12.708204,
      "y" : 13.708204,
      "z" : -20.562305
    }, {
      "x" : -15.326238,
      "y" : 16.326239,
      "z" : -9.472136
    }, {
      "x" : -23.798374,
      "y" : 9.472136,
      "z" : -13.708204
    }, {
      "x" : -21.18034,
      "y" : 6.854102,
      "z" : -24.798374
    } ],
    "faces" : [ {
      "vertices" : [ 0, 1, 2 ]
    }, {
      "vertices" : [ 0, 2, 3 ]
    }, {
      "vertices" : [ 0, 3, 2 ]
    }, {
      "vertices" : [ 0, 2, 1 ]
    } ]
  }, {
    "id" : "561706ea-cf6c-4bfd-aacc-bde217c7044b",
    "vertices" : [ {
      "x" : -1.618034,
      "y" : 4.236068,
      "z" : -27.416409
    }, {
      "x" : 2.618034,
      "y" : 12.708204,
      "z" : -20.562305
    }, {
      "x" : 13.708204,
      "y" : 15.326238,
      "z" : -17.944271
    }, {
      "x" : 9.472136,
      "y" : 6.854102,
      "z" : -24.798374
    } ],
    "faces" : [ {
      "vertices" : [ 0, 1, 2 ]
    }, {
      "vertices" : [ 0, 2, 3 ]
    }, {
      "vertices" : [ 0, 3, 2 ]
    }, {
      "vertices" : [ 0, 2, 1 ]
    } ]
  }, {
    "id" : "b35196ad-1613-467a-ae53-1bdf5669edcc",
    "vertices" : [ {
      "x" : -12.708204,
      "y" : 13.708204,
      "z" : -20.562305
    }, {
      "x" : -15.326238,
      "y" : 16.326239,
      "z" : -9.472136
    }, {
      "x" : -11.09017,
      "y" : 24.798374,
      "z" : -2.618034
    }, {
      "x" : -8.472136,
      "y" : 22.18034,
      "z" : -13.708204
    } ],
    "faces" : [ {
      "vertices" : [ 0, 1, 2 ]
    }, {
      "vertices" : [ 0, 2, 3 ]
    }, {
      "vertices" : [ 0, 3, 2 ]
    }, {
      "vertices" : [ 0, 2, 1 ]
    } ]
  }, {
    "id" : "6510cfbb-f666-4345-b030-a382a440714b",
    "vertices" : [ {
      "x" : 12.708204,
      "y" : 13.708204,
      "z" : 20.562305
    }, {
      "x" : 12.708204,
      "y" : 6.854102,
      "z" : 30.034441
    }, {
      "x" : 8.472136,
      "y" : 15.326238,
      "z" : 23.18034
    }, {
      "x" : 8.472136,
      "y" : 22.18034,
      "z" : 13.708204
    } ],
    "faces" : [ {
      "vertices" : [ 0, 1, 2 ]
    }, {
      "vertices" : [ 0, 2, 3 ]
    }, {
      "vertices" : [ 0, 3, 2 ]
    }, {
      "vertices" : [ 0, 2, 1 ]
    } ]
  }, {
    "id" : "3044e108-cc4d-4d0d-b0e8-23791f49a4dc",
    "vertices" : [ {
      "x" : -5.854102,
      "y" : -11.09017,
      "z" : -24.798374
    }, {
      "x" : 5.236068,
      "y" : -8.472136,
      "z" : -22.18034
    }, {
      "x" : 1.0,
      "y" : 0.0,
      "z" : -29.034441
    }, {
      "x" : -10.09017,
      "y" : -2.618034,
      "z" : -31.652475
    } ],
    "faces" : [ {
      "vertices" : [ 0, 1, 2 ]
    }, {
      "vertices" : [ 0, 2, 3 ]
    }, {
      "vertices" : [ 0, 3, 2 ]
    }, {
      "vertices" : [ 0, 2, 1 ]
    } ]
  }, {
    "id" : "9a36c991-da8f-429f-8f4a-6b9af58bd332",
    "vertices" : [ {
      "x" : 12.708204,
      "y" : 6.854102,
      "z" : 30.034441
    }, {
      "x" : 1.618034,
      "y" : 4.236068,
      "z" : 27.416409
    }, {
      "x" : -2.618034,
      "y" : 12.708204,
      "z" : 20.562305
    }, {
      "x" : 8.472136,
      "y" : 15.326238,
      "z" : 23.18034
    } ],
    "faces" : [ {
      "vertices" : [ 0, 1, 2 ]
    }, {
      "vertices" : [ 0, 2, 3 ]
    }, {
      "vertices" : [ 0, 3, 2 ]
    }, {
      "vertices" : [ 0, 2, 1 ]
    } ]
  }, {
    "id" : "57446814-d83d-46b5-8cf9-19043e7ffc24",
    "vertices" : [ {
      "x" : 0.0,
      "y" : 22.18034,
      "z" : 0.0
    }, {
      "x" : -2.618034,
      "y" : 19.562305,
      "z" : 11.09017
    }, {
      "x" : -13.708204,
      "y" : 22.18034,
      "z" : 8.472136
    }, {
      "x" : -11.09017,
      "y" : 24.798374,
      "z" : -2.618034
    } ],
    "faces" : [ {
      "vertices" : [ 0, 1, 2 ]
    }, {
      "vertices" : [ 0, 2, 3 ]
    }, {
      "vertices" : [ 0, 3, 2 ]
    }, {
      "vertices" : [ 0, 2, 1 ]
    } ]
  }, {
    "id" : "1530ac01-afd0-4320-85e9-990960100ffa",
    "vertices" : [ {
      "x" : -2.618034,
      "y" : 12.708204,
      "z" : 20.562305
    }, {
      "x" : -13.708204,
      "y" : 15.326238,
      "z" : 17.944271
    }, {
      "x" : -13.708204,
      "y" : 22.18034,
      "z" : 8.472136
    }, {
      "x" : -2.618034,
      "y" : 19.562305,
      "z" : 11.09017
    } ],
    "faces" : [ {
      "vertices" : [ 0, 1, 2 ]
    }, {
      "vertices" : [ 0, 2, 3 ]
    }, {
      "vertices" : [ 0, 3, 2 ]
    }, {
      "vertices" : [ 0, 2, 1 ]
    } ]
  }, {
    "id" : "47989ef5-91b9-41d0-8d36-fd067b057e7d",
    "vertices" : [ {
      "x" : -1.0,
      "y" : 0.0,
      "z" : 29.034441
    }, {
      "x" : -5.236068,
      "y" : -8.472136,
      "z" : 22.18034
    }, {
      "x" : -13.708204,
      "y" : -1.618034,
      "z" : 17.944271
    }, {
      "x" : -9.472136,
      "y" : 6.854102,
      "z" : 24.798374
    } ],
    "faces" : [ {
      "vertices" : [ 0, 1, 2 ]
    }, {
      "vertices" : [ 0, 2, 3 ]
    }, {
      "vertices" : [ 0, 3, 2 ]
    }, {
      "vertices" : [ 0, 2, 1 ]
    } ]
  }, {
    "id" : "fb7bcd9e-8b73-4220-95e7-903ce5eea2b4",
    "vertices" : [ {
      "x" : -23.798374,
      "y" : -2.618034,
      "z" : -4.236068
    }, {
      "x" : -19.562305,
      "y" : -11.09017,
      "z" : 2.618034
    }, {
      "x" : -19.562305,
      "y" : -17.944271,
      "z" : -6.854102
    }, {
      "x" : -23.798374,
      "y" : -9.472136,
      "z" : -13.708204
    } ],
    "faces" : [ {
      "vertices" : [ 0, 1, 2 ]
    }, {
      "vertices" : [ 0, 2, 3 ]
    }, {
      "vertices" : [ 0, 3, 2 ]
    }, {
      "vertices" : [ 0, 2, 1 ]
    } ]
  }, {
    "id" : "37e3c9ff-b543-4d98-8156-b65f2ce20ba7",
    "vertices" : [ {
      "x" : -23.798374,
      "y" : -2.618034,
      "z" : -4.236068
    }, {
      "x" : -26.416409,
      "y" : 0.0,
      "z" : 6.854102
    }, {
      "x" : -22.18034,
      "y" : -8.472136,
      "z" : 13.708204
    }, {
      "x" : -19.562305,
      "y" : -11.09017,
      "z" : 2.618034
    } ],
    "faces" : [ {
      "vertices" : [ 0, 1, 2 ]
    }, {
      "vertices" : [ 0, 2, 3 ]
    }, {
      "vertices" : [ 0, 3, 2 ]
    }, {
      "vertices" : [ 0, 2, 1 ]
    } ]
  }, {
    "id" : "e491116b-99f9-4685-87c2-39ab8b1b7dc9",
    "vertices" : [ {
      "x" : 2.618034,
      "y" : 12.708204,
      "z" : -20.562305
    }, {
      "x" : 2.618034,
      "y" : 19.562305,
      "z" : -11.09017
    }, {
      "x" : -8.472136,
      "y" : 22.18034,
      "z" : -13.708204
    }, {
      "x" : -8.472136,
      "y" : 15.326238,
      "z" : -23.18034
    } ],
    "faces" : [ {
      "vertices" : [ 0, 1, 2 ]
    }, {
      "vertices" : [ 0, 2, 3 ]
    }, {
      "vertices" : [ 0, 3, 2 ]
