{
  "polygons" : "true",
  "field" : "golden",
  "symmetry" : "icosahedral",
  "orientations" : [ [ 1.0, 0.0, 0.0, 0.0, 0.0, 1.0, 0.0, 0.0, 0.0, 0.0, 1.0, 0.0, 0.0, 0.0, 0.0, 1.0 ], [ 0.0, 0.0, 1.0, 0.0, 1.0, 0.0, 0.0, 0.0, 0.0, 1.0, 0.0, 0.0, 0.0, 0.0, 0.0, 1.0 ], [ 0.0, 1.0, 0.0, 0.0, 0.0, 0.0, 1.0, 0.0, 1.0, 0.0, 0.0, 0.0, 0.0, 0.0, 0.0, 1.0 ], [ 0.809017, 0.309017, 0.5, 0.0, 0.309017, 0.5, -0.809017, 0.0, -0.5, 0.809017, 0.309017, 0.0, 0.0, 0.0, 0.0, 1.0 ], [ -0.5, 0.809017, 0.309017, 0.0, 0.809017, 0.309017, 0.5, 0.0, 0.309017, 0.5, -0.809017, 0.0, 0.0, 0.0, 0.0, 1.0 ], [ 0.309017, 0.5, -0.809017, 0.0, -0.5, 0.809017, 0.309017, 0.0, 0.809017, 0.309017, 0.5, 0.0, 0.0, 0.0, 0.0, 1.0 ], [ 0.5, 0.809017, 0.309017, 0.0, 0.809017, -0.309017, -0.5, 0.0, -0.309017, 0.5, -0.809017, 0.0, 0.0, 0.0, 0.0, 1.0 ], [ -0.309017, 0.5, -0.809017, 0.0, 0.5, 0.809017, 0.309017, 0.0, 0.809017, -0.309017, -0.5, 0.0, 0.0, 0.0, 0.0, 1.0 ], [ 0.809017, -0.309017, -0.5, 0.0, -0.309017, 0.5, -0.809017, 0.0, 0.5, 0.809017, 0.309017, 0.0, 0.0, 0.0, 0.0, 1.0 ], [ 0.5, 0.809017, -0.309017, 0.0, 0.809017, -0.309017, 0.5, 0.0, 0.309017, -0.5, -0.809017, 0.0, 0.0, 0.0, 0.0, 1.0 ], [ 0.309017, -0.5, -0.809017, 0.0, 0.5, 0.809017, -0.309017, 0.0, 0.809017, -0.309017, 0.5, 0.0, 0.0, 0.0, 0.0, 1.0 ], [ 0.809017, -0.309017, 0.5, 0.0, 0.309017, -0.5, -0.809017, 0.0, 0.5, 0.809017, -0.309017, 0.0, 0.0, 0.0, 0.0, 1.0 ], [ 0.809017, 0.309017, -0.5, 0.0, 0.309017, 0.5, 0.809017, 0.0, 0.5, -0.809017, 0.309017, 0.0, 0.0, 0.0, 0.0, 1.0 ], [ 0.5, -0.809017, 0.309017, 0.0, 0.809017, 0.309017, -0.5, 0.0, 0.309017, 0.5, 0.809017, 0.0, 0.0, 0.0, 0.0, 1.0 ], [ 0.309017, 0.5, 0.809017, 0.0, 0.5, -0.809017, 0.309017, 0.0, 0.809017, 0.309017, -0.5, 0.0, 0.0, 0.0, 0.0, 1.0 ], [ 1.0, 0.0, 0.0, 0.0, 0.0, -1.0, 0.0, 0.0, 0.0, 0.0, -1.0, 0.0, 0.0, 0.0, 0.0, 1.0 ], [ 0.0, 0.0, 1.0, 0.0, -1.0, 0.0, 0.0, 0.0, 0.0, -1.0, 0.0, 0.0, 0.0, 0.0, 0.0, 1.0 ], [ 0.0, 1.0, 0.0, 0.0, 0.0, 0.0, -1.0, 0.0, -1.0, 0.0, 0.0, 0.0, 0.0, 0.0, 0.0, 1.0 ], [ 0.809017, 0.309017, 0.5, 0.0, -0.309017, -0.5, 0.809017, 0.0, 0.5, -0.809017, -0.309017, 0.0, 0.0, 0.0, 0.0, 1.0 ], [ -0.5, 0.809017, 0.309017, 0.0, -0.809017, -0.309017, -0.5, 0.0, -0.309017, -0.5, 0.809017, 0.0, 0.0, 0.0, 0.0, 1.0 ], [ 0.309017, 0.5, -0.809017, 0.0, 0.5, -0.809017, -0.309017, 0.0, -0.809017, -0.309017, -0.5, 0.0, 0.0, 0.0, 0.0, 1.0 ], [ 0.5, 0.809017, 0.309017, 0.0, -0.809017, 0.309017, 0.5, 0.0, 0.309017, -0.5, 0.809017, 0.0, 0.0, 0.0, 0.0, 1.0 ], [ -0.309017, 0.5, -0.809017, 0.0, -0.5, -0.809017, -0.309017, 0.0, -0.809017, 0.309017, 0.5, 0.0, 0.0, 0.0, 0.0, 1.0 ], [ 0.809017, -0.309017, -0.5, 0.0, 0.309017, -0.5, 0.809017, 0.0, -0.5, -0.809017, -0.309017, 0.0, 0.0, 0.0, 0.0, 1.0 ], [ 0.5, 0.809017, -0.309017, 0.0, -0.809017, 0.309017, -0.5, 0.0, -0.309017, 0.5, 0.809017, 0.0, 0.0, 0.0, 0.0, 1.0 ], [ 0.309017, -0.5, -0.809017, 0.0, -0.5, -0.809017, 0.309017, 0.0, -0.809017, 0.309017, -0.5, 0.0, 0.0, 0.0, 0.0, 1.0 ], [ 0.809017, -0.309017, 0.5, 0.0, -0.309017, 0.5, 0.809017, 0.0, -0.5, -0.809017, 0.309017, 0.0, 0.0, 0.0, 0.0, 1.0 ], [ 0.809017, 0.309017, -0.5, 0.0, -0.309017, -0.5, -0.809017, 0.0, -0.5, 0.809017, -0.309017, 0.0, 0.0, 0.0, 0.0, 1.0 ], [ 0.5, -0.809017, 0.309017, 0.0, -0.809017, -0.309017, 0.5, 0.0, -0.309017, -0.5, -0.809017, 0.0, 0.0, 0.0, 0.0, 1.0 ], [ 0.309017, 0.5, 0.809017, 0.0, -0.5, 0.809017, -0.309017, 0.0, -0.809017, -0.309017, 0.5, 0.0, 0.0, 0.0, 0.0, 1.0 ], [ -1.0, 0.0, 0.0, 0.0, 0.0, -1.0, 0.0, 0.0, 0.0, 0.0, 1.0, 0.0, 0.0, 0.0, 0.0, 1.0 ], [ 0.0, 0.0, -1.0, 0.0, -1.0, 0.0, 0.0, 0.0, 0.0, 1.0, 0.0, 0.0, 0.0, 0.0, 0.0, 1.0 ], [ 0.0, -1.0, 0.0, 0.0, 0.0, 0.0, -1.0, 0.0, 1.0, 0.0, 0.0, 0.0, 0.0, 0.0, 0.0, 1.0 ], [ -0.809017, -0.309017, -0.5, 0.0, -0.309017, -0.5, 0.809017, 0.0, -0.5, 0.809017, 0.309017, 0.0, 0.0, 0.0, 0.0, 1.0 ], [ 0.5, -0.809017, -0.309017, 0.0, -0.809017, -0.309017, -0.5, 0.0, 0.309017, 0.5, -0.809017, 0.0, 0.0, 0.0, 0.0, 1.0 ], [ -0.309017, -0.5, 0.809017, 0.0, 0.5, -0.809017, -0.309017, 0.0, 0.809017, 0.309017, 0.5, 0.0, 0.0, 0.0, 0.0, 1.0 ], [ -0.5, -0.809017, -0.309017, 0.0, -0.809017, 0.309017, 0.5, 0.0, -0.309017, 0.5, -0.809017, 0.0, 0.0, 0.0, 0.0, 1.0 ], [ 0.309017, -0.5, 0.809017, 0.0, -0.5, -0.809017, -0.309017, 0.0, 0.809017, -0.309017, -0.5, 0.0, 0.0, 0.0, 0.0, 1.0 ], [ -0.809017, 0.309017, 0.5, 0.0, 0.309017, -0.5, 0.809017, 0.0, 0.5, 0.809017, 0.309017, 0.0, 0.0, 0.0, 0.0, 1.0 ], [ -0.5, -0.809017, 0.309017, 0.0, -0.809017, 0.309017, -0.5, 0.0, 0.309017, -0.5, -0.809017, 0.0, 0.0, 0.0, 0.0, 1.0 ], [ -0.309017, 0.5, 0.809017, 0.0, -0.5, -0.809017, 0.309017, 0.0, 0.809017, -0.309017, 0.5, 0.0, 0.0, 0.0, 0.0, 1.0 ], [ -0.809017, 0.309017, -0.5, 0.0, -0.309017, 0.5, 0.809017, 0.0, 0.5, 0.809017, -0.309017, 0.0, 0.0, 0.0, 0.0, 1.0 ], [ -0.809017, -0.309017, 0.5, 0.0, -0.309017, -0.5, -0.809017, 0.0, 0.5, -0.809017, 0.309017, 0.0, 0.0, 0.0, 0.0, 1.0 ], [ -0.5, 0.809017, -0.309017, 0.0, -0.809017, -0.309017, 0.5, 0.0, 0.309017, 0.5, 0.809017, 0.0, 0.0, 0.0, 0.0, 1.0 ], [ -0.309017, -0.5, -0.809017, 0.0, -0.5, 0.809017, -0.309017, 0.0, 0.809017, 0.309017, -0.5, 0.0, 0.0, 0.0, 0.0, 1.0 ], [ -1.0, 0.0, 0.0, 0.0, 0.0, 1.0, 0.0, 0.0, 0.0, 0.0, -1.0, 0.0, 0.0, 0.0, 0.0, 1.0 ], [ 0.0, 0.0, -1.0, 0.0, 1.0, 0.0, 0.0, 0.0, 0.0, -1.0, 0.0, 0.0, 0.0, 0.0, 0.0, 1.0 ], [ 0.0, -1.0, 0.0, 0.0, 0.0, 0.0, 1.0, 0.0, -1.0, 0.0, 0.0, 0.0, 0.0, 0.0, 0.0, 1.0 ], [ -0.809017, -0.309017, -0.5, 0.0, 0.309017, 0.5, -0.809017, 0.0, 0.5, -0.809017, -0.309017, 0.0, 0.0, 0.0, 0.0, 1.0 ], [ 0.5, -0.809017, -0.309017, 0.0, 0.809017, 0.309017, 0.5, 0.0, -0.309017, -0.5, 0.809017, 0.0, 0.0, 0.0, 0.0, 1.0 ], [ -0.309017, -0.5, 0.809017, 0.0, -0.5, 0.809017, 0.309017, 0.0, -0.809017, -0.309017, -0.5, 0.0, 0.0, 0.0, 0.0, 1.0 ], [ -0.5, -0.809017, -0.309017, 0.0, 0.809017, -0.309017, -0.5, 0.0, 0.309017, -0.5, 0.809017, 0.0, 0.0, 0.0, 0.0, 1.0 ], [ 0.309017, -0.5, 0.809017, 0.0, 0.5, 0.809017, 0.309017, 0.0, -0.809017, 0.309017, 0.5, 0.0, 0.0, 0.0, 0.0, 1.0 ], [ -0.809017, 0.309017, 0.5, 0.0, -0.309017, 0.5, -0.809017, 0.0, -0.5, -0.809017, -0.309017, 0.0, 0.0, 0.0, 0.0, 1.0 ], [ -0.5, -0.809017, 0.309017, 0.0, 0.809017, -0.309017, 0.5, 0.0, -0.309017, 0.5, 0.809017, 0.0, 0.0, 0.0, 0.0, 1.0 ], [ -0.309017, 0.5, 0.809017, 0.0, 0.5, 0.809017, -0.309017, 0.0, -0.809017, 0.309017, -0.5, 0.0, 0.0, 0.0, 0.0, 1.0 ], [ -0.809017, 0.309017, -0.5, 0.0, 0.309017, -0.5, -0.809017, 0.0, -0.5, -0.809017, 0.309017, 0.0, 0.0, 0.0, 0.0, 1.0 ], [ -0.809017, -0.309017, 0.5, 0.0, 0.309017, 0.5, 0.809017, 0.0, -0.5, 0.809017, -0.309017, 0.0, 0.0, 0.0, 0.0, 1.0 ], [ -0.5, 0.809017, -0.309017, 0.0, 0.809017, 0.309017, -0.5, 0.0, -0.309017, -0.5, -0.809017, 0.0, 0.0, 0.0, 0.0, 1.0 ], [ -0.309017, -0.5, -0.809017, 0.0, 0.5, -0.809017, 0.309017, 0.0, -0.809017, -0.309017, 0.5, 0.0, 0.0, 0.0, 0.0, 1.0 ] ],
  "lights" : {
    "backgroundColor" : "#AFC8DC",
    "ambientColor" : "#292929",
    "directionalLights" : [ {
      "direction" : [ 1.0, -1.0, -1.0 ],
      "color" : "#EBEBE4"
    }, {
      "direction" : [ -1.0, 0.0, 0.0 ],
      "color" : "#E4E4EB"
    }, {
      "direction" : [ 0.0, 0.0, -1.0 ],
      "color" : "#1E1E1E"
    } ]
  },
  "camera" : {
    "perspective" : true,
    "fieldOfView" : 0.44262865,
    "viewDistance" : 172.23839,
    "lookAtPointRV" : {
      "x" : 0.0,
      "y" : 0.0,
      "z" : 0.0,
      "zero" : true
    },
    "lookDirectionRV" : {
      "x" : -0.47278255,
      "y" : -0.6780256,
      "z" : 0.5628133,
      "zero" : false
    },
    "upDirectionRV" : {
      "x" : -0.004860786,
      "y" : 0.64070064,
      "z" : 0.7677777,
      "zero" : false
    },
    "lookAtPoint" : {
      "x" : 0.0,
      "y" : 0.0,
      "z" : 0.0
    },
    "lookDirection" : {
      "x" : -0.47278255,
      "y" : -0.6780256,
      "z" : 0.5628133
    },
    "upDirection" : {
      "x" : -0.004860786,
      "y" : 0.64070064,
      "z" : 0.7677777
    },
    "nearClipDistance" : 0.4305961,
    "farClipDistance" : 344.4766,
    "width" : 77.50723,
    "stereo" : false,
    "position" : {
      "x" : 81.431305,
      "y" : 116.782036,
      "z" : -96.93805
    }
  },
  "embedding" : [ 1.0, 0.0, 0.0, 0.0, 0.0, 1.0, 0.0, 0.0, 0.0, 0.0, 1.0, 0.0, 0.0, 0.0, 0.0, 1.0 ],
  "shapes" : [ {
    "id" : "e2f1061b-3857-4613-9db2-72ef470d341a",
    "vertices" : [ {
      "x" : 0.0,
      "y" : 0.0,
      "z" : 0.0
    }, {
      "x" : -4.1901455,
      "y" : 1.166149,
      "z" : 1.5119982
    }, {
      "x" : -3.1901455,
      "y" : 2.1661491,
      "z" : 0.51199824
    } ],
    "faces" : [ {
      "vertices" : [ 0, 1, 2 ]
    }, {
      "vertices" : [ 0, 2, 1 ]
    } ]
  }, {
    "id" : "7222e17a-3bd0-48ff-83df-e08915a3e103",
    "vertices" : [ {
      "x" : 0.0,
      "y" : 0.0,
      "z" : 0.0
    }, {
      "x" : -0.14589803,
      "y" : -0.14589803,
      "z" : 0.14589803
    }, {
      "x" : -3.381966,
      "y" : 3.09017,
      "z" : 0.14589803
    } ],
    "faces" : [ {
      "vertices" : [ 0, 1, 2 ]
    }, {
      "vertices" : [ 0, 2, 1 ]
    } ]
  }, {
    "id" : "e053c417-682a-4bbf-8805-94cde1ddbadc",
    "vertices" : [ {
      "x" : 0.0,
      "y" : 0.0,
      "z" : 0.0
    }, {
      "x" : -0.23343685,
      "y" : 0.11671843,
      "z" : 0.058359213
    }, {
      "x" : -0.29179606,
      "y" : 0.0,
      "z" : 0.0
    }, {
      "x" : -0.048632678,
      "y" : -0.097265355,
      "z" : -0.048632678
    } ],
    "faces" : [ {
      "vertices" : [ 0, 1, 2, 3 ]
    }, {
      "vertices" : [ 0, 3, 2, 1 ]
    } ]
  }, {
    "id" : "ffa7326c-03a3-4daf-9ed2-23ae0f61ddb7",
    "vertices" : [ {
      "x" : 0.0,
      "y" : 0.0,
      "z" : 0.0
    }, {
      "x" : -1.618034,
      "y" : 4.236068,
      "z" : 0.0
    }, {
      "x" : -1.618034,
      "y" : 4.634935,
      "z" : 1.0442475
    }, {
      "x" : 0.0,
      "y" : 0.9382117,
      "z" : 2.4562702
    } ],
    "faces" : [ {
      "vertices" : [ 0, 1, 2, 3 ]
    }, {
      "vertices" : [ 0, 3, 2, 1 ]
    } ]
  }, {
    "id" : "39a40b89-ad65-421c-a374-5f3e21e608e0",
    "vertices" : [ {
      "x" : 0.0,
      "y" : 0.0,
      "z" : 0.0
    }, {
      "x" : 0.11671843,
      "y" : -0.23343685,
      "z" : 0.058359213
    }, {
      "x" : -4.5914855,
      "y" : 1.5304952,
      "z" : 1.5304952
    } ],
    "faces" : [ {
      "vertices" : [ 0, 1, 2 ]
    }, {
      "vertices" : [ 0, 2, 1 ]
    } ]
  }, {
    "id" : "706a59d1-799a-452a-9b14-b7046e0f409b",
    "vertices" : [ {
      "x" : 0.0,
      "y" : 0.0,
      "z" : 0.0
    }, {
      "x" : 2.6443453,
      "y" : -6.9229856,
      "z" : 0.0
    }, {
      "x" : 2.6293168,
      "y" : -6.928726,
      "z" : -0.11803399
    }, {
      "x" : -0.015028324,
      "y" : -0.005740309,
      "z" : -0.11803399
    } ],
    "faces" : [ {
      "vertices" : [ 0, 1, 2, 3 ]
    }, {
      "vertices" : [ 0, 3, 2, 1 ]
    } ]
  }, {
    "id" : "3fb7663c-fe2a-42af-8839-39eed19634dc",
    "vertices" : [ {
      "x" : 0.0,
      "y" : 0.0,
      "z" : 0.0
    }, {
      "x" : -0.127322,
      "y" : 2.618034,
      "z" : -0.33333334
    }, {
      "x" : 1.2847006,
      "y" : 3.1573787,
      "z" : 3.36339
    }, {
      "x" : 2.1573787,
      "y" : 0.0,
      "z" : 5.648091
    }, {
      "x" : 1.4120227,
      "y" : -1.618034,
      "z" : 3.6967232
    } ],
    "faces" : [ {
      "vertices" : [ 0, 1, 2, 3, 4 ]
    }, {
      "vertices" : [ 0, 4, 3, 2, 1 ]
    } ]
  }, {
    "id" : "6fb7bf1d-3338-4f46-9222-7250064ce1a9",
    "vertices" : [ {
      "x" : 0.0,
      "y" : 0.0,
      "z" : 0.0
    }, {
      "x" : 2.4809062,
      "y" : -2.8753881,
      "z" : 0.19724092
    }, {
      "x" : 1.6967233,
      "y" : -3.9513674,
      "z" : 1.127322
    }, {
      "x" : -1.0,
      "y" : -1.0,
      "z" : 1.0
    } ],
    "faces" : [ {
      "vertices" : [ 0, 1, 2, 3 ]
    }, {
      "vertices" : [ 0, 3, 2, 1 ]
    } ]
  }, {
    "id" : "5d325847-e093-4f56-af2b-a4d42c68d0b5",
    "vertices" : [ {
      "x" : 0.0,
      "y" : 0.0,
      "z" : 0.0
    }, {
      "x" : 1.618034,
      "y" : -4.236068,
      "z" : 0.0
    }, {
      "x" : 1.618034,
      "y" : -4.634935,
      "z" : -1.0442475
    }, {
      "x" : 0.0,
      "y" : -0.9382117,
      "z" : -2.4562702
    } ],
    "faces" : [ {
      "vertices" : [ 0, 1, 2, 3 ]
    }, {
      "vertices" : [ 0, 3, 2, 1 ]
    } ]
  }, {
    "id" : "ca1f4766-5cd9-477c-97af-0c15b8a857be",
    "vertices" : [ {
      "x" : 0.0,
      "y" : 0.0,
      "z" : 0.0
    }, {
      "x" : 0.23343685,
      "y" : -0.11671843,
      "z" : -0.058359213
    }, {
      "x" : -1.5304952,
      "y" : 4.5914855,
      "z" : -1.5304952
    } ],
    "faces" : [ {
      "vertices" : [ 0, 1, 2 ]
    }, {
      "vertices" : [ 0, 2, 1 ]
    } ]
  }, {
    "id" : "0cf32b24-256e-4914-8fca-f1245ecaf943",
    "vertices" : [ {
      "x" : 0.0,
      "y" : 0.0,
      "z" : 0.0
    }, {
      "x" : 1.7322004,
      "y" : -4.5349593,
      "z" : 0.0
    }, {
      "x" : 1.398867,
      "y" : -4.6622815,
      "z" : -2.618034
    }, {
      "x" : 1.0,
      "y" : -3.618034,
      "z" : -2.618034
    } ],
    "faces" : [ {
      "vertices" : [ 0, 1, 2, 3 ]
    }, {
      "vertices" : [ 0, 3, 2, 1 ]
    } ]
  }, {
    "id" : "7f5e1e7d-1925-49d2-89e2-5ba6d01713e5",
    "vertices" : [ {
      "x" : 0.0,
      "y" : 0.0,
      "z" : 0.0
    }, {
      "x" : -0.9382117,
      "y" : 2.4562702,
      "z" : 0.0
    }, {
      "x" : -0.60487837,
      "y" : 2.5835922,
      "z" : 2.618034
    }, {
      "x" : 1.3951216,
      "y" : -2.6524758,
      "z" : 2.618034
    } ],
    "faces" : [ {
      "vertices" : [ 0, 1, 2, 3 ]
    }, {
      "vertices" : [ 0, 3, 2, 1 ]
    } ]
  }, {
    "id" : "c9640e0d-7864-4d44-8dae-e4fcaa97420d",
    "name" : "ball",
    "vertices" : [ {
      "x" : -0.309017,
      "y" : -0.19098301,
      "z" : 0.0
    }, {
      "x" : -0.309017,
      "y" : 0.19098301,
      "z" : 0.0
    }, {
      "x" : -0.19098301,
      "y" : 0.0,
      "z" : -0.309017
    }, {
      "x" : -0.19098301,
      "y" : 0.0,
      "z" : 0.309017
    }, {
      "x" : 0.0,
      "y" : -0.309017,
      "z" : -0.19098301
    }, {
      "x" : 0.0,
      "y" : -0.309017,
      "z" : 0.19098301
    }, {
      "x" : 0.0,
      "y" : 0.309017,
      "z" : -0.19098301
    }, {
      "x" : 0.0,
      "y" : 0.309017,
      "z" : 0.19098301
    }, {
      "x" : 0.19098301,
      "y" : 0.0,
      "z" : -0.309017
    }, {
      "x" : 0.19098301,
      "y" : 0.0,
      "z" : 0.309017
    }, {
      "x" : 0.309017,
      "y" : -0.19098301,
      "z" : 0.0
    }, {
      "x" : 0.309017,
      "y" : 0.19098301,
      "z" : 0.0
    } ],
    "faces" : [ {
      "vertices" : [ 0, 1, 2 ]
    }, {
      "vertices" : [ 0, 3, 1 ]
    }, {
      "vertices" : [ 0, 2, 4 ]
    }, {
      "vertices" : [ 0, 5, 3 ]
    }, {
      "vertices" : [ 0, 4, 5 ]
    }, {
      "vertices" : [ 1, 6, 2 ]
    }, {
      "vertices" : [ 1, 3, 7 ]
    }, {
      "vertices" : [ 1, 7, 6 ]
    }, {
      "vertices" : [ 2, 8, 4 ]
    }, {
      "vertices" : [ 2, 6, 8 ]
    }, {
      "vertices" : [ 3, 5, 9 ]
    }, {
      "vertices" : [ 3, 9, 7 ]
    }, {
      "vertices" : [ 4, 10, 5 ]
    }, {
      "vertices" : [ 4, 8, 10 ]
    }, {
      "vertices" : [ 5, 10, 9 ]
    }, {
      "vertices" : [ 6, 7, 11 ]
    }, {
      "vertices" : [ 6, 11, 8 ]
    }, {
      "vertices" : [ 7, 9, 11 ]
    }, {
      "vertices" : [ 8, 11, 10 ]
    }, {
      "vertices" : [ 9, 10, 11 ]
    } ]
  }, {
    "id" : "4c847847-8fab-4009-8b1a-186ba6321d58",
    "vertices" : [ {
      "x" : 0.0,
      "y" : 0.0,
      "z" : 0.0
    }, {
      "x" : -2.8240454,
      "y" : 2.8240454,
      "z" : 0.0
    }, {
      "x" : -6.187435,
      "y" : -0.53934467,
      "z" : 3.36339
    }, {
      "x" : -3.236068,
      "y" : -3.236068,
      "z" : 3.236068
    } ],
    "faces" : [ {
      "vertices" : [ 0, 1, 2, 3 ]
    }, {
      "vertices" : [ 0, 3, 2, 1 ]
    } ]
  }, {
    "id" : "2b199780-389a-4ea3-81f2-d434b689639f",
    "vertices" : [ {
      "x" : 0.0,
      "y" : 0.0,
      "z" : 0.0
    }, {
      "x" : 1.3951216,
      "y" : -2.6524758,
      "z" : 2.618034
    }, {
      "x" : 1.9098301,
      "y" : -4.0,
      "z" : 2.618034
    }, {
      "x" : 1.8917961,
      "y" : -4.0068884,
      "z" : 2.4763932
    } ],
    "faces" : [ {
      "vertices" : [ 0, 1, 2, 3 ]
    }, {
      "vertices" : [ 0, 3, 2, 1 ]
    } ]
  }, {
    "id" : "2d48bd9b-8aee-4620-a16f-c8bcfc4f5b43",
    "vertices" : [ {
      "x" : 0.0,
      "y" : 0.0,
      "z" : 0.0
    }, {
      "x" : 0.9382117,
      "y" : -2.4562702,
      "z" : 0.0
    }, {
      "x" : 0.60487837,
      "y" : -2.5835922,
      "z" : -2.618034
    }, {
      "x" : -1.3951216,
      "y" : 2.6524758,
      "z" : -2.618034
    } ],
    "faces" : [ {
      "vertices" : [ 0, 1, 2, 3 ]
    }, {
      "vertices" : [ 0, 3, 2, 1 ]
    } ]
  }, {
    "id" : "e1eff888-70be-4618-bb92-366e522c2404",
    "vertices" : [ {
      "x" : 0.0,
      "y" : 0.0,
      "z" : 0.0
    }, {
      "x" : -2.6443453,
      "y" : 6.9229856,
      "z" : 0.0
    }, {
      "x" : -2.6293168,
      "y" : 6.928726,
      "z" : 0.11803399
    }, {
      "x" : 0.015028324,
      "y" : 0.005740309,
      "z" : 0.11803399
    } ],
    "faces" : [ {
      "vertices" : [ 0, 1, 2, 3 ]
    }, {
      "vertices" : [ 0, 3, 2, 1 ]
    } ]
  }, {
    "id" : "0f44f024-c60f-4b1a-bb29-3809e202b28f",
    "vertices" : [ {
      "x" : 0.0,
      "y" : 0.0,
      "z" : 0.0
    }, {
      "x" : 0.048632678,
      "y" : 0.048632678,
      "z" : -0.097265355
    }, {
      "x" : -0.14589803,
      "y" : 0.14589803,
      "z" : -0.14589803
    } ],
    "faces" : [ {
      "vertices" : [ 0, 1, 2 ]
    }, {
      "vertices" : [ 0, 2, 1 ]
    } ]
  }, {
    "id" : "a08ade69-d22d-42ec-8550-151b144ef547",
    "vertices" : [ {
      "x" : 0.0,
      "y" : 0.0,
      "z" : 0.0
    }, {
      "x" : 0.23343685,
      "y" : -0.058359213,
      "z" : -0.11671843
    }, {
      "x" : 0.29179606,
      "y" : 0.0,
      "z" : 0.0
    }, {
      "x" : 0.048632678,
      "y" : 0.048632678,
      "z" : 0.097265355
    } ],
    "faces" : [ {
      "vertices" : [ 0, 1, 2, 3 ]
    }, {
      "vertices" : [ 0, 3, 2, 1 ]
    } ]
  }, {
    "id" : "3f088b1d-73ca-433c-80ac-340e55f78481",
    "vertices" : [ {
      "x" : 0.0,
      "y" : 0.0,
      "z" : 0.0
    }, {
      "x" : 0.048632678,
      "y" : -0.24316339,
      "z" : 0.097265355
    }, {
      "x" : -0.784183,
      "y" : -1.0759791,
      "z" : 0.93008107
    } ],
    "faces" : [ {
      "vertices" : [ 0, 1, 2 ]
    }, {
      "vertices" : [ 0, 2, 1 ]
    } ]
  }, {
    "id" : "7a70e4ae-3545-4053-b997-d2007089b4e4",
    "vertices" : [ {
      "x" : 0.0,
      "y" : 0.0,
      "z" : 0.0
    }, {
      "x" : -0.19453071,
      "y" : 0.097265355,
      "z" : 0.048632678
    }, {
      "x" : -3.3846762,
      "y" : 2.2634144,
      "z" : 0.5606309
    }, {
      "x" : -0.021286236,
      "y" : 5.6268044,
      "z" : -2.8027592
    }, {
      "x" : 2.8027592,
      "y" : 2.8027592,
      "z" : -2.8027592
    } ],
    "faces" : [ {
      "vertices" : [ 0, 1, 2, 3, 4 ]
    }, {
      "vertices" : [ 0, 4, 3, 2, 1 ]
    } ]
  }, {
    "id" : "d32384fc-00eb-4148-8e5f-0a3bede3c64d",
    "vertices" : [ {
      "x" : 0.0,
      "y" : 0.0,
      "z" : 0.0
    }, {
      "x" : -1.3951216,
      "y" : 2.6524758,
      "z" : -2.618034
    }, {
      "x" : -1.9098301,
      "y" : 4.0,
      "z" : -2.618034
    }, {
      "x" : -1.8917961,
      "y" : 4.0068884,
      "z" : -2.4763932
    } ],
    "faces" : [ {
      "vertices" : [ 0, 1, 2, 3 ]
    }, {
      "vertices" : [ 0, 3, 2, 1 ]
    } ]
  }, {
    "id" : "80961ed0-15ff-4d9f-b350-23e062a9c896",
    "vertices" : [ {
      "x" : 0.0,
      "y" : 0.0,
      "z" : 0.0
    }, {
      "x" : -1.166149,
      "y" : 4.1901455,
      "z" : -1.5119982
    }, {
      "x" : -2.1661491,
      "y" : 3.1901455,
      "z" : -0.51199824
    } ],
    "faces" : [ {
      "vertices" : [ 0, 1, 2 ]
    }, {
      "vertices" : [ 0, 2, 1 ]
    } ]
  }, {
    "id" : "f9c0d907-e3a7-4516-a0b3-2953db47c282",
    "vertices" : [ {
      "x" : 0.0,
      "y" : 0.0,
      "z" : 0.0
    }, {
      "x" : -0.097265355,
      "y" : 0.048632678,
      "z" : -0.048632678
    }, {
      "x" : -0.14589803,
      "y" : 0.14589803,
      "z" : 0.14589803
    } ],
    "faces" : [ {
      "vertices" : [ 0, 1, 2 ]
    }, {
      "vertices" : [ 0, 2, 1 ]
    } ]
  }, {
    "id" : "fc3d08a2-e535-48e4-887f-ad16eb66144f",
    "vertices" : [ {
      "x" : 0.0,
      "y" : 0.0,
      "z" : 0.0
    }, {
      "x" : -2.5694013,
      "y" : -2.5694013,
      "z" : 2.5694013
    }, {
      "x" : -1.4032522,
      "y" : -6.7595468,
      "z" : 4.0813994
    }, {
      "x" : 2.8753881,
      "y" : -2.4809062,
      "z" : -0.19724092
    } ],
    "faces" : [ {
      "vertices" : [ 0, 1, 2, 3 ]
    }, {
      "vertices" : [ 0, 3, 2, 1 ]
    } ]
  }, {
    "id" : "d0741a22-3b51-445b-9d8f-6cc69097aa0a",
    "orbit" : "green",
    "orbitC" : "[[2,-1,1],[5,-3,1]]",
    "length" : "[1,0,1]",
    "name" : "g1",
    "vertices" : [ {
      "x" : 10.781153,
      "y" : 4.118034,
      "z" : -1.572949
    }, {
      "x" : 10.399187,
      "y" : 3.663119,
      "z" : -1.381966
    }, {
      "x" : 10.236068,
      "y" : 3.927051,
      "z" : -1.809017
    }, {
      "x" : 10.163119,
      "y" : 4.190983,
      "z" : -1.618034
    }, {
      "x" : 0.85410196,
      "y" : 0.309017,
      "z" : 0.19098301
    }, {
      "x" : 0.690983,
      "y" : 0.572949,
      "z" : -0.23606798
    }, {
      "x" : 0.309017,
      "y" : 0.11803399,
      "z" : -0.045084972
    }, {
      "x" : 0.76393205,
      "y" : 0.309017,
      "z" : -0.42705098
    }, {
      "x" : 0.927051,
      "y" : 0.045084972,
      "z" : 0.0
    }, {
      "x" : 10.326238,
      "y" : 3.927051,
      "z" : -1.190983
    }, {
      "x" : 11.09017,
      "y" : 4.236068,
      "z" : -1.618034
    } ],
    "faces" : [ {
      "vertices" : [ 2, 7, 5, 3 ]
    }, {
      "vertices" : [ 1, 8, 7, 2 ]
    }, {
      "vertices" : [ 4, 6, 8 ]
    }, {
      "vertices" : [ 5, 7, 6 ]
    }, {
      "vertices" : [ 0, 1, 2 ]
    }, {
      "vertices" : [ 0, 2, 3 ]
    }, {
      "vertices" : [ 6, 7, 8 ]
    }, {
      "vertices" : [ 3, 5, 4, 9 ]
    }, {
      "vertices" : [ 1, 9, 4, 8 ]
    }, {
      "vertices" : [ 0, 9, 1 ]
    }, {
      "vertices" : [ 0, 3, 9 ]
    }, {
      "vertices" : [ 4, 5, 6 ]
    } ]
  }, {
    "id" : "e02a65c0-e83b-4242-bc57-d2e0e85d1ac8",
    "vertices" : [ {
      "x" : 0.0,
      "y" : 0.0,
      "z" : 0.0
    }, {
      "x" : 3.9442718,
      "y" : 3.9442718,
      "z" : -3.9442718
    }, {
      "x" : 0.85410196,
      "y" : 7.326238,
      "z" : -4.09017
    }, {
      "x" : -1.763932,
      "y" : 4.708204,
      "z" : -1.4721359
    } ],
    "faces" : [ {
      "vertices" : [ 0, 1, 2, 3 ]
    }, {
      "vertices" : [ 0, 3, 2, 1 ]
    } ]
  }, {
    "id" : "b46c21f7-58e2-46e9-b379-0143fbbe1024",
    "vertices" : [ {
      "x" : 0.0,
      "y" : 0.0,
      "z" : 0.0
    }, {
      "x" : -1.7322004,
      "y" : 4.5349593,
      "z" : 0.0
    }, {
      "x" : -1.398867,
      "y" : 4.6622815,
      "z" : 2.618034
    }, {
      "x" : -1.0,
      "y" : 3.618034,
      "z" : 2.618034
    } ],
    "faces" : [ {
      "vertices" : [ 0, 1, 2, 3 ]
    }, {
      "vertices" : [ 0, 3, 2, 1 ]
    } ]
  }, {
    "id" : "6e143d3f-eb2b-47ab-aabd-2c4abd3e48ee",
    "vertices" : [ {
      "x" : 0.0,
      "y" : 0.0,
      "z" : 0.0
    }, {
      "x" : -2.437694,
      "y" : 6.381966,
      "z" : 0.0
    }, {
      "x" : -2.437694,
      "y" : 9.026311,
      "z" : 6.9229856
    }, {
      "x" : 0.0,
      "y" : 2.6443453,
      "z" : 6.9229856
    } ],
    "faces" : [ {
      "vertices" : [ 0, 1, 2, 3 ]
    }, {
      "vertices" : [ 0, 3, 2, 1 ]
    } ]
  }, {
    "id" : "4897f4bf-a7fd-4a1d-ad8c-674bcb029aad",
    "vertices" : [ {
      "x" : 0.0,
      "y" : 0.0,
      "z" : 0.0
    }, {
      "x" : 0.24316339,
      "y" : -0.048632678,
      "z" : -0.097265355
    }, {
      "x" : 1.0759791,
      "y" : 0.784183,
      "z" : -0.93008107
    } ],
    "faces" : [ {
      "vertices" : [ 0, 1, 2 ]
    }, {
      "vertices" : [ 0, 2, 1 ]
    } ]
  }, {
    "id" : "7f5efc56-46c4-45b1-a3d5-55b0b214db46",
    "vertices" : [ {
      "x" : 0.0,
      "y" : 0.0,
      "z" : 0.0
    }, {
      "x" : -2.8240454,
      "y" : 2.8240454,
      "z" : 0.0
    }, {
      "x" : 0.53934467,
      "y" : 6.187435,
      "z" : -3.36339
    }, {
      "x" : 3.236068,
      "y" : 3.236068,
      "z" : -3.236068
    } ],
    "faces" : [ {
      "vertices" : [ 0, 1, 2, 3 ]
    }, {
      "vertices" : [ 0, 3, 2, 1 ]
    } ]
  }, {
    "id" : "71031521-810a-4a53-8420-5baa9c366129",
    "vertices" : [ {
      "x" : 0.0,
      "y" : 0.0,
      "z" : 0.0
    }, {
      "x" : -0.74535596,
      "y" : 1.618034,
      "z" : -1.9513674
    }, {
      "x" : 0.127322,
      "y" : 4.7754126,
      "z" : 0.33333334
    }, {
      "x" : 1.5393447,
      "y" : 4.236068,
      "z" : 4.0300565
    }, {
      "x" : 1.4120227,
      "y" : 1.618034,
      "z" : 3.6967232
    } ],
    "faces" : [ {
      "vertices" : [ 0, 1, 2, 3, 4 ]
    }, {
      "vertices" : [ 0, 4, 3, 2, 1 ]
    } ]
  }, {
    "id" : "56e0e5a1-a472-4416-97f3-0eeaebe17092",
    "vertices" : [ {
      "x" : 0.0,
      "y" : 0.0,
      "z" : 0.0
    }, {
      "x" : -3.9442718,
      "y" : -3.9442718,
      "z" : 3.9442718
    }, {
      "x" : -7.326238,
      "y" : -0.85410196,
      "z" : 4.09017
    }, {
      "x" : -4.708204,
      "y" : 1.763932,
      "z" : 1.4721359
    } ],
    "faces" : [ {
      "vertices" : [ 0, 1, 2, 3 ]
    }, {
      "vertices" : [ 0, 3, 2, 1 ]
    } ]
  }, {
    "id" : "ca3b774a-e7bd-4612-b30e-4179c7cb84d1",
    "vertices" : [ {
      "x" : 0.0,
      "y" : 0.0,
      "z" : 0.0
    }, {
      "x" : 0.14589803,
      "y" : 0.14589803,
      "z" : -0.14589803
    }, {
      "x" : -3.09017,
      "y" : 3.381966,
      "z" : -0.14589803
    } ],
    "faces" : [ {
      "vertices" : [ 0, 1, 2 ]
    }, {
      "vertices" : [ 0, 2, 1 ]
    } ]
  }, {
    "id" : "fcfdae04-4490-41b0-b6e1-dff15cbad278",
    "vertices" : [ {
      "x" : 0.0,
      "y" : 0.0,
      "z" : 0.0
    }, {
      "x" : 2.5694013,
      "y" : 2.5694013,
      "z" : -2.5694013
    }, {
      "x" : 6.7595468,
      "y" : 1.4032522,
      "z" : -4.0813994
    }, {
      "x" : 2.4809062,
      "y" : -2.8753881,
      "z" : 0.19724092
    } ],
    "faces" : [ {
      "vertices" : [ 0, 1, 2, 3 ]
    }, {
      "vertices" : [ 0, 3, 2, 1 ]
    } ]
  }, {
    "id" : "7c5e1f3d-c349-4721-b028-4e693d8c56fd",
    "vertices" : [ {
      "x" : 0.0,
      "y" : 0.0,
      "z" : 0.0
    }, {
      "x" : -0.127322,
      "y" : -2.618034,
      "z" : -0.33333334
    }, {
      "x" : -1.5393447,
      "y" : -2.0786893,
      "z" : -4.0300565
    }, {
      "x" : -2.0786893,
      "y" : 1.618034,
      "z" : -5.4420795
    }, {
      "x" : -1.2060113,
      "y" : 2.618034,
      "z" : -3.1573787
    } ],
    "faces" : [ {
      "vertices" : [ 0, 1, 2, 3, 4 ]
    }, {
      "vertices" : [ 0, 4, 3, 2, 1 ]
    } ]
  }, {
    "id" : "7465cdf6-c273-4e3d-81e5-168975f1a80a",
    "vertices" : [ {
      "x" : 0.0,
      "y" : 0.0,
      "z" : 0.0
    }, {
      "x" : -0.097265355,
      "y" : 0.19453071,
      "z" : -0.048632678
    }, {
      "x" : -2.2634144,
      "y" : 3.3846762,
      "z" : -0.5606309
    }, {
      "x" : -5.6268044,
      "y" : 0.021286236,
      "z" : 2.8027592
    }, {
      "x" : -2.8027592,
      "y" : -2.8027592,
      "z" : 2.8027592
    } ],
    "faces" : [ {
      "vertices" : [ 0, 1, 2, 3, 4 ]
    }, {
      "vertices" : [ 0, 4, 3, 2, 1 ]
    } ]
  }, {
    "id" : "567255c1-8b2e-4dc0-a2f4-512ec4ff6438",
    "vertices" : [ {
      "x" : 0.0,
      "y" : 0.0,
      "z" : 0.0
    }, {
      "x" : 2.8753881,
      "y" : -2.4809062,
      "z" : -0.19724092
    }, {
      "x" : 3.9513674,
      "y" : -1.6967233,
      "z" : -1.127322
    }, {
      "x" : 1.0,
      "y" : 1.0,
      "z" : -1.0
    } ],
    "faces" : [ {
      "vertices" : [ 0, 1, 2, 3 ]
    }, {
      "vertices" : [ 0, 3, 2, 1 ]
    } ]
  }, {
    "id" : "636337c7-3bf5-4ca0-9219-aa700de62f6a",
    "vertices" : [ {
      "x" : 0.0,
      "y" : 0.0,
      "z" : 0.0
    }, {
      "x" : 0.872678,
      "y" : 1.0,
      "z" : 2.2847006
    }, {
      "x" : 1.4120227,
      "y" : -2.6967232,
      "z" : 3.6967232
    }, {
      "x" : 0.53934467,
      "y" : -5.854102,
      "z" : 1.4120227
    }, {
      "x" : -0.20601133,
      "y" : -4.236068,
      "z" : -0.53934467
    } ],
    "faces" : [ {
      "vertices" : [ 0, 1, 2, 3, 4 ]
    }, {
      "vertices" : [ 0, 4, 3, 2, 1 ]
    } ]
  }, {
    "id" : "972f06a1-634c-4a9b-a56e-623d182c341f",
    "vertices" : [ {
      "x" : 0.0,
      "y" : 0.0,
      "z" : 0.0
    }, {
      "x" : -0.74535596,
      "y" : -1.618034,
      "z" : -1.9513674
    }, {
      "x" : -1.618034,
      "y" : 1.5393447,
      "z" : -4.236068
    }, {
      "x" : -1.0786893,
      "y" : 5.236068,
      "z" : -2.8240454
    }, {
      "x" : -0.20601133,
      "y" : 4.236068,
      "z" : -0.53934467
    } ],
    "faces" : [ {
      "vertices" : [ 0, 1, 2, 3, 4 ]
    }, {
      "vertices" : [ 0, 4, 3, 2, 1 ]
    } ]
  }, {
    "id" : "37162391-595c-4c44-85d2-d3d3c6c60a08",
    "vertices" : [ {
      "x" : 0.0,
      "y" : 0.0,
      "z" : 0.0
    }, {
      "x" : -2.618034,
      "y" : 9.472136,
      "z" : -6.854102
    }, {
      "x" : 1.618034,
      "y" : 11.09017,
      "z" : 4.236068
    } ],
    "faces" : [ {
      "vertices" : [ 0, 1, 2 ]
    }, {
      "vertices" : [ 0, 2, 1 ]
    } ]
  }, {
    "id" : "4296a721-a1e4-4358-8a4c-2d344984c873",
    "vertices" : [ {
      "x" : 0.0,
      "y" : 0.0,
      "z" : 0.0
    }, {
      "x" : 0.872678,
      "y" : -1.0,
      "z" : 2.2847006
    }, {
      "x" : 0.33333334,
      "y" : -4.6967235,
      "z" : 0.872678
    }, {
      "x" : -1.0786893,
      "y" : -5.236068,
      "z" : -2.8240454
    }, {
      "x" : -1.2060113,
      "y" : -2.618034,
      "z" : -3.1573787
    } ],
    "faces" : [ {
      "vertices" : [ 0, 1, 2, 3, 4 ]
    }, {
      "vertices" : [ 0, 4, 3, 2, 1 ]
    } ]
  }, {
    "id" : "c4dd5fea-2dc8-4a45-8123-59946c353c6d",
    "vertices" : [ {
      "x" : 0.0,
      "y" : 0.0,
      "z" : 0.0
    }, {
      "x" : 2.618034,
      "y" : 9.472136,
      "z" : 6.854102
    }, {
      "x" : 4.236068,
      "y" : -1.618034,
      "z" : 11.09017
    } ],
    "faces" : [ {
      "vertices" : [ 0, 1, 2 ]
    }, {
      "vertices" : [ 0, 2, 1 ]
    } ]
  }, {
    "id" : "5fc17cbd-6be4-4dcd-97a1-0641745da6c5",
    "vertices" : [ {
      "x" : 0.0,
      "y" : 0.0,
      "z" : 0.0
    }, {
      "x" : -2.618034,
      "y" : -9.472136,
      "z" : -6.854102
    }, {
      "x" : -4.236068,
      "y" : 1.618034,
      "z" : -11.09017
    } ],
    "faces" : [ {
      "vertices" : [ 0, 1, 2 ]
    }, {
      "vertices" : [ 0, 2, 1 ]
    } ]
  }, {
    "id" : "5b744533-d2a2-4dc9-8eaa-800d599d87f6",
    "vertices" : [ {
      "x" : 0.0,
      "y" : 0.0,
      "z" : 0.0
    }, {
      "x" : 6.854102,
      "y" : 7.854102,
      "z" : 17.944271
    }, {
      "x" : 4.236068,
      "y" : -1.618034,
      "z" : 11.09017
    } ],
    "faces" : [ {
      "vertices" : [ 0, 1, 2 ]
    }, {
      "vertices" : [ 0, 2, 1 ]
    } ]
  } ],
  "instances" : [ {
    "shape" : "e2f1061b-3857-4613-9db2-72ef470d341a",
    "color" : "#B59A8C",
    "position" : {
      "x" : -0.11855159,
      "y" : -8.44479,
      "z" : 0.17324448
    },
    "orientation" : 47
  }, {
    "shape" : "7222e17a-3bd0-48ff-83df-e08915a3e103",
    "color" : "#B59A8C",
    "position" : {
      "x" : 0.16718426,
      "y" : 8.347524,
      "z" : 0.124611795
    },
    "orientation" : 2
  }, {
    "shape" : "e053c417-682a-4bbf-8805-94cde1ddbadc",
    "color" : "#D7EFF2",
    "position" : {
      "x" : 4.068884,
      "y" : -4.403252,
      "z" : 4.1114564
    },
    "orientation" : 47
  }, {
    "shape" : "ffa7326c-03a3-4daf-9ed2-23ae0f61ddb7",
    "color" : "#7FCC9F",
    "position" : {
      "x" : 0.63932025,
      "y" : -5.875388,
      "z" : -5.875388
    },
    "orientation" : 6
  }, {
    "shape" : "39a40b89-ad65-421c-a374-5f3e21e608e0",
    "color" : "#B59A8C",
    "position" : {
      "x" : 3.9521654,
      "y" : 4.344893,
      "z" : 4.344893
    },
    "orientation" : 0
  }, {
    "shape" : "706a59d1-799a-452a-9b14-b7046e0f409b",
    "color" : "#7FCC9F",
    "position" : {
      "x" : 4.166149,
      "y" : -4.160089,
      "z" : -4.4518847
    },
    "orientation" : 37
  }, {
    "shape" : "3fb7663c-fe2a-42af-8839-39eed19634dc",
    "color" : "#FFD98C",
    "position" : {
      "x" : -9.138803,
      "y" : 3.9027348,
      "z" : -3.9027348
    },
    "orientation" : 54
  }, {
    "shape" : "e2f1061b-3857-4613-9db2-72ef470d341a",
    "color" : "#B59A8C",
    "position" : {
      "x" : -0.11855159,
      "y" : 8.44479,
      "z" : -0.17324448
    },
    "orientation" : 32
  }, {
    "shape" : "6fb7bf1d-3338-4f46-9222-7250064ce1a9",
    "color" : "#B59A8C",
    "position" : {
      "x" : -4.36339,
      "y" : -6.932791,
      "z" : -1.2847006
    },
    "orientation" : 1
  }, {
    "shape" : "5d325847-e093-4f56-af2b-a4d42c68d0b5",
    "color" : "#7FCC9F",
    "position" : {
      "x" : -5.875388,
      "y" : -5.875388,
      "z" : -0.63932025
    },
    "orientation" : 52
  }, {
    "shape" : "ca1f4766-5cd9-477c-97af-0c15b8a857be",
    "color" : "#B59A8C",
    "position" : {
      "x" : 3.9521654,
      "y" : 4.344893,
      "z" : -4.344893
    },
    "orientation" : 32
  }, {
    "shape" : "e2f1061b-3857-4613-9db2-72ef470d341a",
    "color" : "#B59A8C",
    "position" : {
      "x" : -0.17324448,
      "y" : 0.11855159,
      "z" : -8.44479
    },
    "orientation" : 0
  }, {
    "shape" : "0cf32b24-256e-4914-8fca-f1245ecaf943",
    "color" : "#7FCC9F",
    "position" : {
      "x" : 0.021286236,
      "y" : 8.4934225,
      "z" : 0.021286236
    },
    "orientation" : 23
  }, {
    "shape" : "7f5e1e7d-1925-49d2-89e2-5ba6d01713e5",
    "color" : "#7FCC9F",
    "position" : {
      "x" : 0.63932025,
      "y" : 5.875388,
      "z" : -5.875388
    },
    "orientation" : 7
  }, {
    "shape" : "39a40b89-ad65-421c-a374-5f3e21e608e0",
    "color" : "#B59A8C",
    "position" : {
      "x" : -4.344893,
      "y" : -4.344893,
      "z" : 3.9521654
    },
    "orientation" : 32
  }, {
    "shape" : "c9640e0d-7864-4d44-8dae-e4fcaa97420d",
    "color" : "#F2F2F2",
    "position" : {
      "x" : 8.472136,
      "y" : -8.472136,
      "z" : 0.0
    }
  }, {
    "shape" : "4c847847-8fab-4009-8b1a-186ba6321d58",
    "color" : "#B59A8C",
    "position" : {
      "x" : 8.472136,
      "y" : 8.472136,
      "z" : 0.0
    },
    "orientation" : 0
  }, {
    "shape" : "4c847847-8fab-4009-8b1a-186ba6321d58",
    "color" : "#B59A8C",
    "position" : {
      "x" : -8.472136,
      "y" : -8.472136,
      "z" : 0.0
    },
    "orientation" : 30
  }, {
    "shape" : "7f5e1e7d-1925-49d2-89e2-5ba6d01713e5",
    "color" : "#7FCC9F",
    "position" : {
      "x" : 5.875388,
      "y" : -0.63932025,
      "z" : 5.875388
    },
    "orientation" : 38
  }, {
    "shape" : "2b199780-389a-4ea3-81f2-d434b689639f",
    "color" : "#7FCC9F",
    "position" : {
      "x" : -0.63932025,
      "y" : -5.875388,
      "z" : -5.875388
    },
    "orientation" : 37
  }, {
    "shape" : "2d48bd9b-8aee-4620-a16f-c8bcfc4f5b43",
    "color" : "#7FCC9F",
    "position" : {
      "x" : 5.875388,
      "y" : -0.63932025,
      "z" : -5.875388
    },
    "orientation" : 8
  }, {
    "shape" : "e1eff888-70be-4618-bb92-366e522c2404",
    "color" : "#7FCC9F",
    "position" : {
      "x" : 4.160089,
      "y" : 4.166149,
      "z" : -4.4518847
    },
    "orientation" : 8
  }, {
    "shape" : "0f44f024-c60f-4b1a-bb29-3809e202b28f",
    "color" : "#FFFFFF",
    "position" : {
      "x" : -8.347524,
      "y" : 0.124611795,
      "z" : -0.16718426
    },
    "orientation" : 1
  }, {
    "shape" : "a08ade69-d22d-42ec-8550-151b144ef547",
    "color" : "#DBC285",
    "position" : {
      "x" : 4.403252,
      "y" : 4.068884,
      "z" : 4.1114564
    },
    "orientation" : 2
  }, {
    "shape" : "39a40b89-ad65-421c-a374-5f3e21e608e0",
    "color" : "#B59A8C",
    "position" : {
      "x" : -3.9521654,
      "y" : -4.344893,
      "z" : 4.344893
    },
    "orientation" : 30
  }, {
    "shape" : "0cf32b24-256e-4914-8fca-f1245ecaf943",
    "color" : "#7FCC9F",
    "position" : {
      "x" : -0.021286236,
      "y" : -0.021286236,
      "z" : 8.4934225
    },
    "orientation" : 21
  }, {
    "shape" : "3f088b1d-73ca-433c-80ac-340e55f78481",
    "color" : "#B59A8C",
    "position" : {
      "x" : -4.160089,
      "y" : 4.166149,
      "z" : 4.4518847
    },
    "orientation" : 17
  }, {
    "shape" : "c9640e0d-7864-4d44-8dae-e4fcaa97420d",
    "color" : "#F2F2F2",
    "position" : {
      "x" : -8.472136,
      "y" : 8.472136,
      "z" : 0.0
    }
  }, {
    "shape" : "ffa7326c-03a3-4daf-9ed2-23ae0f61ddb7",
    "color" : "#7FCC9F",
    "position" : {
      "x" : -5.875388,
      "y" : -0.63932025,
      "z" : 5.875388
    },
    "orientation" : 22
  }, {
    "shape" : "7a70e4ae-3545-4053-b997-d2007089b4e4",
    "color" : "#B59A8C",
    "position" : {
      "x" : 0.021286236,
      "y" : -0.021286236,
      "z" : 8.4934225
    },
    "orientation" : 15
  }, {
    "shape" : "d32384fc-00eb-4148-8e5f-0a3bede3c64d",
    "color" : "#7FCC9F",
    "position" : {
      "x" : -0.63932025,
      "y" : 5.875388,
      "z" : -5.875388
    },
    "orientation" : 22
  }, {
    "shape" : "706a59d1-799a-452a-9b14-b7046e0f409b",
    "color" : "#7FCC9F",
    "position" : {
      "x" : -4.4518847,
      "y" : -4.166149,
      "z" : 4.160089
    },
    "orientation" : 8
  }, {
    "shape" : "80961ed0-15ff-4d9f-b350-23e062a9c896",
    "color" : "#B59A8C",
    "position" : {
      "x" : 8.44479,
      "y" : -0.11855159,
      "z" : 0.17324448
    },
    "orientation" : 1
  }, {
    "shape" : "a08ade69-d22d-42ec-8550-151b144ef547",
    "color" : "#DBC285",
    "position" : {
      "x" : 4.068884,
      "y" : 4.1114564,
      "z" : 4.403252
    },
    "orientation" : 1
  }, {
    "shape" : "f9c0d907-e3a7-4516-a0b3-2953db47c282",
    "color" : "#FFFFFF",
    "position" : {
      "x" : -0.16718426,
      "y" : -0.124611795,
      "z" : -8.347524
    },
    "orientation" : 2
  }, {
    "shape" : "5d325847-e093-4f56-af2b-a4d42c68d0b5",
    "color" : "#7FCC9F",
    "position" : {
      "x" : 0.63932025,
      "y" : -5.875388,
      "z" : 5.875388
    },
    "orientation" : 23
  }, {
    "shape" : "fc3d08a2-e535-48e4-887f-ad16eb66144f",
    "color" : "#B59A8C",
    "position" : {
      "x" : -6.932791,
      "y" : -4.36339,
      "z" : 1.2847006
    },
    "orientation" : 32
  }, {
    "shape" : "d32384fc-00eb-4148-8e5f-0a3bede3c64d",
    "color" : "#7FCC9F",
    "position" : {
      "x" : 0.63932025,
      "y" : 5.875388,
      "z" : 5.875388
    },
    "orientation" : 37
  }, {
    "shape" : "7a70e4ae-3545-4053-b997-d2007089b4e4",
    "color" : "#B59A8C",
    "position" : {
      "x" : 0.021286236,
      "y" : 0.021286236,
      "z" : -8.4934225
    },
    "orientation" : 0
  }, {
    "shape" : "c9640e0d-7864-4d44-8dae-e4fcaa97420d",
    "color" : "#F2F2F2",
    "position" : {
      "x" : 0.0,
      "y" : 8.472136,
      "z" : 8.472136
    }
  }, {
    "shape" : "0cf32b24-256e-4914-8fca-f1245ecaf943",
    "color" : "#7FCC9F",
    "position" : {
      "x" : -0.021286236,
      "y" : 0.021286236,
      "z" : -8.4934225
    },
    "orientation" : 6
  }, {
    "shape" : "d0741a22-3b51-445b-9d8f-6cc69097aa0a",
    "color" : "#00993F",
    "position" : {
      "x" : 0.0,
      "y" : 8.472136,
      "z" : 8.472136
    },
    "orientation" : 7
  }, {
    "shape" : "c9640e0d-7864-4d44-8dae-e4fcaa97420d",
    "color" : "#F2F2F2",
    "position" : {
      "x" : -8.472136,
      "y" : 0.0,
      "z" : 8.472136
    }
  }, {
