{
  "field" : "golden",
  "symmetry" : "icosahedral",
  "orientations" : [ [ 1.0, 0.0, 0.0, 0.0, 0.0, 1.0, 0.0, 0.0, 0.0, 0.0, 1.0, 0.0, 0.0, 0.0, 0.0, 1.0 ], [ 0.0, 0.0, 1.0, 0.0, 1.0, 0.0, 0.0, 0.0, 0.0, 1.0, 0.0, 0.0, 0.0, 0.0, 0.0, 1.0 ], [ 0.0, 1.0, 0.0, 0.0, 0.0, 0.0, 1.0, 0.0, 1.0, 0.0, 0.0, 0.0, 0.0, 0.0, 0.0, 1.0 ], [ 0.809017, 0.309017, 0.5, 0.0, 0.309017, 0.5, -0.809017, 0.0, -0.5, 0.809017, 0.309017, 0.0, 0.0, 0.0, 0.0, 1.0 ], [ -0.5, 0.809017, 0.309017, 0.0, 0.809017, 0.309017, 0.5, 0.0, 0.309017, 0.5, -0.809017, 0.0, 0.0, 0.0, 0.0, 1.0 ], [ 0.309017, 0.5, -0.809017, 0.0, -0.5, 0.809017, 0.309017, 0.0, 0.809017, 0.309017, 0.5, 0.0, 0.0, 0.0, 0.0, 1.0 ], [ 0.5, 0.809017, 0.309017, 0.0, 0.809017, -0.309017, -0.5, 0.0, -0.309017, 0.5, -0.809017, 0.0, 0.0, 0.0, 0.0, 1.0 ], [ -0.309017, 0.5, -0.809017, 0.0, 0.5, 0.809017, 0.309017, 0.0, 0.809017, -0.309017, -0.5, 0.0, 0.0, 0.0, 0.0, 1.0 ], [ 0.809017, -0.309017, -0.5, 0.0, -0.309017, 0.5, -0.809017, 0.0, 0.5, 0.809017, 0.309017, 0.0, 0.0, 0.0, 0.0, 1.0 ], [ 0.5, 0.809017, -0.309017, 0.0, 0.809017, -0.309017, 0.5, 0.0, 0.309017, -0.5, -0.809017, 0.0, 0.0, 0.0, 0.0, 1.0 ], [ 0.309017, -0.5, -0.809017, 0.0, 0.5, 0.809017, -0.309017, 0.0, 0.809017, -0.309017, 0.5, 0.0, 0.0, 0.0, 0.0, 1.0 ], [ 0.809017, -0.309017, 0.5, 0.0, 0.309017, -0.5, -0.809017, 0.0, 0.5, 0.809017, -0.309017, 0.0, 0.0, 0.0, 0.0, 1.0 ], [ 0.809017, 0.309017, -0.5, 0.0, 0.309017, 0.5, 0.809017, 0.0, 0.5, -0.809017, 0.309017, 0.0, 0.0, 0.0, 0.0, 1.0 ], [ 0.5, -0.809017, 0.309017, 0.0, 0.809017, 0.309017, -0.5, 0.0, 0.309017, 0.5, 0.809017, 0.0, 0.0, 0.0, 0.0, 1.0 ], [ 0.309017, 0.5, 0.809017, 0.0, 0.5, -0.809017, 0.309017, 0.0, 0.809017, 0.309017, -0.5, 0.0, 0.0, 0.0, 0.0, 1.0 ], [ 1.0, 0.0, 0.0, 0.0, 0.0, -1.0, 0.0, 0.0, 0.0, 0.0, -1.0, 0.0, 0.0, 0.0, 0.0, 1.0 ], [ 0.0, 0.0, 1.0, 0.0, -1.0, 0.0, 0.0, 0.0, 0.0, -1.0, 0.0, 0.0, 0.0, 0.0, 0.0, 1.0 ], [ 0.0, 1.0, 0.0, 0.0, 0.0, 0.0, -1.0, 0.0, -1.0, 0.0, 0.0, 0.0, 0.0, 0.0, 0.0, 1.0 ], [ 0.809017, 0.309017, 0.5, 0.0, -0.309017, -0.5, 0.809017, 0.0, 0.5, -0.809017, -0.309017, 0.0, 0.0, 0.0, 0.0, 1.0 ], [ -0.5, 0.809017, 0.309017, 0.0, -0.809017, -0.309017, -0.5, 0.0, -0.309017, -0.5, 0.809017, 0.0, 0.0, 0.0, 0.0, 1.0 ], [ 0.309017, 0.5, -0.809017, 0.0, 0.5, -0.809017, -0.309017, 0.0, -0.809017, -0.309017, -0.5, 0.0, 0.0, 0.0, 0.0, 1.0 ], [ 0.5, 0.809017, 0.309017, 0.0, -0.809017, 0.309017, 0.5, 0.0, 0.309017, -0.5, 0.809017, 0.0, 0.0, 0.0, 0.0, 1.0 ], [ -0.309017, 0.5, -0.809017, 0.0, -0.5, -0.809017, -0.309017, 0.0, -0.809017, 0.309017, 0.5, 0.0, 0.0, 0.0, 0.0, 1.0 ], [ 0.809017, -0.309017, -0.5, 0.0, 0.309017, -0.5, 0.809017, 0.0, -0.5, -0.809017, -0.309017, 0.0, 0.0, 0.0, 0.0, 1.0 ], [ 0.5, 0.809017, -0.309017, 0.0, -0.809017, 0.309017, -0.5, 0.0, -0.309017, 0.5, 0.809017, 0.0, 0.0, 0.0, 0.0, 1.0 ], [ 0.309017, -0.5, -0.809017, 0.0, -0.5, -0.809017, 0.309017, 0.0, -0.809017, 0.309017, -0.5, 0.0, 0.0, 0.0, 0.0, 1.0 ], [ 0.809017, -0.309017, 0.5, 0.0, -0.309017, 0.5, 0.809017, 0.0, -0.5, -0.809017, 0.309017, 0.0, 0.0, 0.0, 0.0, 1.0 ], [ 0.809017, 0.309017, -0.5, 0.0, -0.309017, -0.5, -0.809017, 0.0, -0.5, 0.809017, -0.309017, 0.0, 0.0, 0.0, 0.0, 1.0 ], [ 0.5, -0.809017, 0.309017, 0.0, -0.809017, -0.309017, 0.5, 0.0, -0.309017, -0.5, -0.809017, 0.0, 0.0, 0.0, 0.0, 1.0 ], [ 0.309017, 0.5, 0.809017, 0.0, -0.5, 0.809017, -0.309017, 0.0, -0.809017, -0.309017, 0.5, 0.0, 0.0, 0.0, 0.0, 1.0 ], [ -1.0, 0.0, 0.0, 0.0, 0.0, -1.0, 0.0, 0.0, 0.0, 0.0, 1.0, 0.0, 0.0, 0.0, 0.0, 1.0 ], [ 0.0, 0.0, -1.0, 0.0, -1.0, 0.0, 0.0, 0.0, 0.0, 1.0, 0.0, 0.0, 0.0, 0.0, 0.0, 1.0 ], [ 0.0, -1.0, 0.0, 0.0, 0.0, 0.0, -1.0, 0.0, 1.0, 0.0, 0.0, 0.0, 0.0, 0.0, 0.0, 1.0 ], [ -0.809017, -0.309017, -0.5, 0.0, -0.309017, -0.5, 0.809017, 0.0, -0.5, 0.809017, 0.309017, 0.0, 0.0, 0.0, 0.0, 1.0 ], [ 0.5, -0.809017, -0.309017, 0.0, -0.809017, -0.309017, -0.5, 0.0, 0.309017, 0.5, -0.809017, 0.0, 0.0, 0.0, 0.0, 1.0 ], [ -0.309017, -0.5, 0.809017, 0.0, 0.5, -0.809017, -0.309017, 0.0, 0.809017, 0.309017, 0.5, 0.0, 0.0, 0.0, 0.0, 1.0 ], [ -0.5, -0.809017, -0.309017, 0.0, -0.809017, 0.309017, 0.5, 0.0, -0.309017, 0.5, -0.809017, 0.0, 0.0, 0.0, 0.0, 1.0 ], [ 0.309017, -0.5, 0.809017, 0.0, -0.5, -0.809017, -0.309017, 0.0, 0.809017, -0.309017, -0.5, 0.0, 0.0, 0.0, 0.0, 1.0 ], [ -0.809017, 0.309017, 0.5, 0.0, 0.309017, -0.5, 0.809017, 0.0, 0.5, 0.809017, 0.309017, 0.0, 0.0, 0.0, 0.0, 1.0 ], [ -0.5, -0.809017, 0.309017, 0.0, -0.809017, 0.309017, -0.5, 0.0, 0.309017, -0.5, -0.809017, 0.0, 0.0, 0.0, 0.0, 1.0 ], [ -0.309017, 0.5, 0.809017, 0.0, -0.5, -0.809017, 0.309017, 0.0, 0.809017, -0.309017, 0.5, 0.0, 0.0, 0.0, 0.0, 1.0 ], [ -0.809017, 0.309017, -0.5, 0.0, -0.309017, 0.5, 0.809017, 0.0, 0.5, 0.809017, -0.309017, 0.0, 0.0, 0.0, 0.0, 1.0 ], [ -0.809017, -0.309017, 0.5, 0.0, -0.309017, -0.5, -0.809017, 0.0, 0.5, -0.809017, 0.309017, 0.0, 0.0, 0.0, 0.0, 1.0 ], [ -0.5, 0.809017, -0.309017, 0.0, -0.809017, -0.309017, 0.5, 0.0, 0.309017, 0.5, 0.809017, 0.0, 0.0, 0.0, 0.0, 1.0 ], [ -0.309017, -0.5, -0.809017, 0.0, -0.5, 0.809017, -0.309017, 0.0, 0.809017, 0.309017, -0.5, 0.0, 0.0, 0.0, 0.0, 1.0 ], [ -1.0, 0.0, 0.0, 0.0, 0.0, 1.0, 0.0, 0.0, 0.0, 0.0, -1.0, 0.0, 0.0, 0.0, 0.0, 1.0 ], [ 0.0, 0.0, -1.0, 0.0, 1.0, 0.0, 0.0, 0.0, 0.0, -1.0, 0.0, 0.0, 0.0, 0.0, 0.0, 1.0 ], [ 0.0, -1.0, 0.0, 0.0, 0.0, 0.0, 1.0, 0.0, -1.0, 0.0, 0.0, 0.0, 0.0, 0.0, 0.0, 1.0 ], [ -0.809017, -0.309017, -0.5, 0.0, 0.309017, 0.5, -0.809017, 0.0, 0.5, -0.809017, -0.309017, 0.0, 0.0, 0.0, 0.0, 1.0 ], [ 0.5, -0.809017, -0.309017, 0.0, 0.809017, 0.309017, 0.5, 0.0, -0.309017, -0.5, 0.809017, 0.0, 0.0, 0.0, 0.0, 1.0 ], [ -0.309017, -0.5, 0.809017, 0.0, -0.5, 0.809017, 0.309017, 0.0, -0.809017, -0.309017, -0.5, 0.0, 0.0, 0.0, 0.0, 1.0 ], [ -0.5, -0.809017, -0.309017, 0.0, 0.809017, -0.309017, -0.5, 0.0, 0.309017, -0.5, 0.809017, 0.0, 0.0, 0.0, 0.0, 1.0 ], [ 0.309017, -0.5, 0.809017, 0.0, 0.5, 0.809017, 0.309017, 0.0, -0.809017, 0.309017, 0.5, 0.0, 0.0, 0.0, 0.0, 1.0 ], [ -0.809017, 0.309017, 0.5, 0.0, -0.309017, 0.5, -0.809017, 0.0, -0.5, -0.809017, -0.309017, 0.0, 0.0, 0.0, 0.0, 1.0 ], [ -0.5, -0.809017, 0.309017, 0.0, 0.809017, -0.309017, 0.5, 0.0, -0.309017, 0.5, 0.809017, 0.0, 0.0, 0.0, 0.0, 1.0 ], [ -0.309017, 0.5, 0.809017, 0.0, 0.5, 0.809017, -0.309017, 0.0, -0.809017, 0.309017, -0.5, 0.0, 0.0, 0.0, 0.0, 1.0 ], [ -0.809017, 0.309017, -0.5, 0.0, 0.309017, -0.5, -0.809017, 0.0, -0.5, -0.809017, 0.309017, 0.0, 0.0, 0.0, 0.0, 1.0 ], [ -0.809017, -0.309017, 0.5, 0.0, 0.309017, 0.5, 0.809017, 0.0, -0.5, 0.809017, -0.309017, 0.0, 0.0, 0.0, 0.0, 1.0 ], [ -0.5, 0.809017, -0.309017, 0.0, 0.809017, 0.309017, -0.5, 0.0, -0.309017, -0.5, -0.809017, 0.0, 0.0, 0.0, 0.0, 1.0 ], [ -0.309017, -0.5, -0.809017, 0.0, 0.5, -0.809017, 0.309017, 0.0, -0.809017, -0.309017, 0.5, 0.0, 0.0, 0.0, 0.0, 1.0 ] ],
  "lights" : {
    "ambientColor" : "#292929",
    "backgroundColor" : "#AFC8DC",
    "directionalLights" : [ {
      "direction" : {
        "x" : 1.0,
        "y" : -1.0,
        "z" : -1.0
      },
      "color" : "#EBEBE4"
    }, {
      "direction" : {
        "x" : -1.0,
        "y" : 0.0,
        "z" : 0.0
      },
      "color" : "#E4E4EB"
    }, {
      "direction" : {
        "x" : 0.0,
        "y" : 0.0,
        "z" : -1.0
      },
      "color" : "#1E1E1E"
    } ]
  },
  "camera" : {
    "perspective" : false,
    "upDirection" : {
      "x" : 0.0,
      "y" : 1.0,
      "z" : 0.0
    },
    "lookAtPoint" : {
      "x" : 0.0,
      "y" : 0.0,
      "z" : 0.0
    },
    "lookDirection" : {
      "x" : 0.0,
      "y" : 0.0,
      "z" : -1.0
    },
    "viewDistance" : 113.16868,
    "fieldOfView" : 0.4426284,
    "farClipDistance" : 226.33705,
    "nearClipDistance" : 0.2829217,
    "stereo" : false,
    "width" : 50.92585,
    "position" : {
      "x" : 0.0,
      "y" : 0.0,
      "z" : 113.16868
    }
  },
  "embedding" : [ 1.0, 0.0, 0.0, 0.0, 0.0, 1.0, 0.0, 0.0, 0.0, 0.0, 1.0, 0.0, 0.0, 0.0, 0.0, 1.0 ],
  "shapes" : [ {
    "id" : "7d2a1872-00d2-4583-ac4a-5a23d1abb0fe",
    "vertices" : [ {
      "x" : 0.309017,
      "y" : -0.309017,
      "z" : -0.309017
    }, {
      "x" : 0.5,
      "y" : 0.0,
      "z" : -0.19098301
    }, {
      "x" : 0.5,
      "y" : 0.0,
      "z" : 0.19098301
    }, {
      "x" : 0.309017,
      "y" : -0.309017,
      "z" : 0.309017
    }, {
      "x" : 0.19098301,
      "y" : -0.5,
      "z" : 0.0
    }, {
      "x" : 0.0,
      "y" : 0.19098301,
      "z" : 0.5
    }, {
      "x" : 0.0,
      "y" : -0.19098301,
      "z" : 0.5
    }, {
      "x" : 0.309017,
      "y" : 0.309017,
      "z" : 0.309017
    }, {
      "x" : -0.309017,
      "y" : -0.309017,
      "z" : 0.309017
    }, {
      "x" : -0.309017,
      "y" : 0.309017,
      "z" : 0.309017
    }, {
      "x" : -0.5,
      "y" : 0.0,
      "z" : 0.19098301
    }, {
      "x" : 0.0,
      "y" : -0.19098301,
      "z" : -0.5
    }, {
      "x" : 0.0,
      "y" : 0.19098301,
      "z" : -0.5
    }, {
      "x" : 0.309017,
      "y" : 0.309017,
      "z" : -0.309017
    }, {
      "x" : -0.309017,
      "y" : -0.309017,
      "z" : -0.309017
    }, {
      "x" : -0.19098301,
      "y" : -0.5,
      "z" : 0.0
    }, {
      "x" : -0.5,
      "y" : 0.0,
      "z" : -0.19098301
    }, {
      "x" : 0.19098301,
      "y" : 0.5,
      "z" : 0.0
    }, {
      "x" : -0.309017,
      "y" : 0.309017,
      "z" : -0.309017
    }, {
      "x" : 0.0,
      "y" : 0.0,
      "z" : 0.0
    }, {
      "x" : -0.19098301,
      "y" : 0.5,
      "z" : 0.0
    } ],
    "faces" : [ {
      "vertices" : [ 12, 18, 20 ]
    }, {
      "vertices" : [ 12, 20, 17 ]
    }, {
      "vertices" : [ 12, 17, 13 ]
    }, {
      "vertices" : [ 3, 6, 8 ]
    }, {
      "vertices" : [ 3, 8, 15 ]
    }, {
      "vertices" : [ 3, 15, 4 ]
    }, {
      "vertices" : [ 0, 11, 12 ]
    }, {
      "vertices" : [ 0, 12, 13 ]
    }, {
      "vertices" : [ 0, 13, 1 ]
    }, {
      "vertices" : [ 5, 9, 10 ]
    }, {
      "vertices" : [ 5, 10, 8 ]
    }, {
      "vertices" : [ 5, 8, 6 ]
    }, {
      "vertices" : [ 2, 7, 5 ]
    }, {
      "vertices" : [ 2, 5, 6 ]
    }, {
      "vertices" : [ 2, 6, 3 ]
    }, {
      "vertices" : [ 11, 14, 16 ]
    }, {
      "vertices" : [ 11, 16, 18 ]
    }, {
      "vertices" : [ 11, 18, 12 ]
    }, {
      "vertices" : [ 1, 13, 17 ]
    }, {
      "vertices" : [ 1, 17, 7 ]
    }, {
      "vertices" : [ 1, 7, 2 ]
    }, {
      "vertices" : [ 9, 20, 18 ]
    }, {
      "vertices" : [ 9, 18, 16 ]
    }, {
      "vertices" : [ 9, 16, 10 ]
    }, {
      "vertices" : [ 0, 1, 2 ]
    }, {
      "vertices" : [ 0, 2, 3 ]
    }, {
      "vertices" : [ 0, 3, 4 ]
    }, {
      "vertices" : [ 5, 7, 17 ]
    }, {
      "vertices" : [ 5, 17, 20 ]
    }, {
      "vertices" : [ 5, 20, 9 ]
    }, {
      "vertices" : [ 0, 4, 15 ]
    }, {
      "vertices" : [ 0, 15, 14 ]
    }, {
      "vertices" : [ 0, 14, 11 ]
    }, {
      "vertices" : [ 8, 10, 16 ]
    }, {
      "vertices" : [ 8, 16, 14 ]
    }, {
      "vertices" : [ 8, 14, 15 ]
    } ]
  }, {
    "id" : "b4a7805e-1ba2-4646-8afc-e71c6dcb7e6b",
    "vertices" : [ {
      "x" : 14.208204,
      "y" : 5.427051,
      "z" : -2.072949
    }, {
      "x" : 13.826238,
      "y" : 4.972136,
      "z" : -1.881966
    }, {
      "x" : 13.663119,
      "y" : 5.236068,
      "z" : -2.309017
    }, {
      "x" : 13.59017,
      "y" : 5.5,
      "z" : -2.118034
    }, {
      "x" : 0.85410196,
      "y" : 0.309017,
      "z" : 0.19098301
    }, {
      "x" : 0.690983,
      "y" : 0.572949,
      "z" : -0.23606798
    }, {
      "x" : 0.309017,
      "y" : 0.11803399,
      "z" : -0.045084972
    }, {
      "x" : 0.76393205,
      "y" : 0.309017,
      "z" : -0.42705098
    }, {
      "x" : 0.927051,
      "y" : 0.045084972,
      "z" : 0.0
    }, {
      "x" : 13.753289,
      "y" : 5.236068,
      "z" : -1.690983
    }, {
      "x" : 14.5172205,
      "y" : 5.545085,
      "z" : -2.118034
    } ],
    "faces" : [ {
      "vertices" : [ 2, 7, 5 ]
    }, {
      "vertices" : [ 2, 5, 3 ]
    }, {
      "vertices" : [ 1, 8, 7 ]
    }, {
      "vertices" : [ 1, 7, 2 ]
    }, {
      "vertices" : [ 4, 6, 8 ]
    }, {
      "vertices" : [ 5, 7, 6 ]
    }, {
      "vertices" : [ 0, 1, 2 ]
    }, {
      "vertices" : [ 0, 2, 3 ]
    }, {
      "vertices" : [ 6, 7, 8 ]
    }, {
      "vertices" : [ 3, 5, 4 ]
    }, {
      "vertices" : [ 3, 4, 9 ]
    }, {
      "vertices" : [ 1, 9, 4 ]
    }, {
      "vertices" : [ 1, 4, 8 ]
    }, {
      "vertices" : [ 0, 9, 1 ]
    }, {
      "vertices" : [ 0, 3, 9 ]
    }, {
      "vertices" : [ 4, 5, 6 ]
    } ]
  }, {
    "id" : "c1cf833d-1f74-4ad9-8876-bfc7a5fd365e",
    "vertices" : [ {
      "x" : 0.809017,
      "y" : 0.618034,
      "z" : -0.19098301
    }, {
      "x" : 0.809017,
      "y" : 0.0,
      "z" : -0.19098301
    }, {
      "x" : 0.309017,
      "y" : 0.11803399,
      "z" : 0.0
    }, {
      "x" : 10.281153,
      "y" : 4.236068,
      "z" : 0.19098301
    }, {
      "x" : 0.809017,
      "y" : 0.618034,
      "z" : 0.19098301
    }, {
      "x" : 0.809017,
      "y" : 0.0,
      "z" : 0.19098301
    }, {
      "x" : 10.281153,
      "y" : 3.618034,
      "z" : 0.19098301
    }, {
      "x" : 10.781153,
      "y" : 4.118034,
      "z" : 0.0
    }, {
      "x" : 10.281153,
      "y" : 4.236068,
      "z" : -0.19098301
    }, {
      "x" : 11.09017,
      "y" : 4.236068,
      "z" : 0.0
    }, {
      "x" : 10.281153,
      "y" : 3.618034,
      "z" : -0.19098301
    } ],
    "faces" : [ {
      "vertices" : [ 3, 6, 7 ]
    }, {
      "vertices" : [ 3, 4, 5 ]
    }, {
      "vertices" : [ 3, 5, 6 ]
    }, {
      "vertices" : [ 3, 7, 8 ]
    }, {
      "vertices" : [ 0, 1, 2 ]
    }, {
      "vertices" : [ 0, 8, 10 ]
    }, {
      "vertices" : [ 0, 10, 1 ]
    }, {
      "vertices" : [ 1, 10, 6 ]
    }, {
      "vertices" : [ 1, 6, 5 ]
    }, {
      "vertices" : [ 0, 2, 4 ]
    }, {
      "vertices" : [ 6, 10, 7 ]
    }, {
      "vertices" : [ 1, 5, 2 ]
    }, {
      "vertices" : [ 7, 10, 8 ]
    }, {
      "vertices" : [ 2, 5, 4 ]
    }, {
      "vertices" : [ 0, 4, 3 ]
    }, {
      "vertices" : [ 0, 3, 8 ]
    } ]
  }, {
    "id" : "fc0ffe68-d199-4c1e-b08d-b0d577872336",
    "vertices" : [ {
      "x" : 4.045085,
      "y" : 8.618034,
      "z" : -3.545085
    }, {
      "x" : 0.14589803,
      "y" : 0.32623792,
      "z" : -0.14589803
    }, {
      "x" : 0.690983,
      "y" : 0.66311896,
      "z" : -0.38196602
    }, {
      "x" : 0.572949,
      "y" : 0.85410196,
      "z" : -0.072949015
    }, {
      "x" : 4.09017,
      "y" : 9.145898,
      "z" : -4.09017
    }, {
      "x" : 4.163119,
      "y" : 8.427051,
      "z" : -3.854102
    }, {
      "x" : 3.6405764,
      "y" : 8.581559,
      "z" : -4.149187
    }, {
      "x" : 3.5225425,
      "y" : 8.772543,
      "z" : -3.84017
    }, {
      "x" : 0.16844052,
      "y" : 0.81762743,
      "z" : -0.677051
    }, {
      "x" : 0.05040653,
      "y" : 1.0086105,
      "z" : -0.36803398
    }, {
      "x" : 4.236068,
      "y" : 9.472136,
      "z" : -4.236068
    } ],
    "faces" : [ {
      "vertices" : [ 4, 6, 7 ]
    }, {
      "vertices" : [ 1, 9, 8 ]
    }, {
      "vertices" : [ 0, 7, 9 ]
    }, {
      "vertices" : [ 0, 9, 3 ]
    }, {
      "vertices" : [ 2, 8, 6 ]
    }, {
      "vertices" : [ 2, 6, 5 ]
    }, {
      "vertices" : [ 1, 2, 3 ]
    }, {
      "vertices" : [ 0, 5, 4 ]
    }, {
      "vertices" : [ 0, 3, 2 ]
    }, {
      "vertices" : [ 0, 2, 5 ]
    }, {
      "vertices" : [ 0, 4, 7 ]
    }, {
      "vertices" : [ 1, 8, 2 ]
    }, {
      "vertices" : [ 1, 3, 9 ]
    }, {
      "vertices" : [ 6, 8, 9 ]
    }, {
      "vertices" : [ 6, 9, 7 ]
    }, {
      "vertices" : [ 4, 5, 6 ]
    } ]
  }, {
    "id" : "64f96413-b9a5-400f-923a-711284d42bd3",
    "vertices" : [ {
      "x" : 1.0,
      "y" : 0.309017,
      "z" : 0.19098301
    }, {
      "x" : 1.0,
      "y" : -0.309017,
      "z" : 0.19098301
    }, {
      "x" : 21.18034,
      "y" : -0.309017,
      "z" : 0.19098301
    }, {
      "x" : 21.18034,
      "y" : 0.309017,
      "z" : 0.19098301
    }, {
      "x" : 21.18034,
      "y" : -0.309017,
      "z" : -0.19098301
    }, {
      "x" : 21.18034,
      "y" : 0.309017,
      "z" : -0.19098301
    }, {
      "x" : 21.798374,
      "y" : 0.0,
      "z" : 0.0
    }, {
      "x" : 0.38196602,
      "y" : 0.0,
      "z" : 0.0
    }, {
      "x" : 1.0,
      "y" : 0.309017,
      "z" : -0.19098301
    }, {
      "x" : 1.0,
      "y" : -0.309017,
      "z" : -0.19098301
    }, {
      "x" : 22.18034,
      "y" : 0.0,
      "z" : 0.0
    } ],
    "faces" : [ {
      "vertices" : [ 1, 9, 4 ]
    }, {
      "vertices" : [ 1, 4, 2 ]
    }, {
      "vertices" : [ 0, 3, 5 ]
    }, {
      "vertices" : [ 0, 5, 8 ]
    }, {
      "vertices" : [ 1, 7, 9 ]
    }, {
      "vertices" : [ 0, 1, 2 ]
    }, {
      "vertices" : [ 0, 2, 3 ]
    }, {
      "vertices" : [ 7, 8, 9 ]
    }, {
      "vertices" : [ 0, 7, 1 ]
    }, {
      "vertices" : [ 4, 9, 8 ]
    }, {
      "vertices" : [ 4, 8, 5 ]
    }, {
      "vertices" : [ 2, 6, 3 ]
    }, {
      "vertices" : [ 2, 4, 6 ]
    }, {
      "vertices" : [ 3, 6, 5 ]
    }, {
      "vertices" : [ 4, 5, 6 ]
    }, {
      "vertices" : [ 0, 8, 7 ]
    } ]
  }, {
    "id" : "368ef62c-19d7-48ca-86d2-959b0eb78850",
    "vertices" : [ {
      "x" : 0.9045085,
      "y" : 0.3454915,
      "z" : 0.25
    }, {
      "x" : 10.376644,
      "y" : 6.1995935,
      "z" : 0.25
    }, {
      "x" : 10.185661,
      "y" : 6.5086102,
      "z" : 0.25
    }, {
      "x" : 0.7135255,
      "y" : 0.6545085,
      "z" : 0.25
    }, {
      "x" : 0.809017,
      "y" : 0.5,
      "z" : -0.309017
    }, {
      "x" : 0.9635255,
      "y" : 0.25,
      "z" : -0.095491506
    }, {
      "x" : 0.309017,
      "y" : 0.19098301,
      "z" : 0.0
    }, {
      "x" : 10.781153,
      "y" : 6.663119,
      "z" : 0.0
    }, {
      "x" : 10.126644,
      "y" : 6.604102,
      "z" : -0.095491506
    }, {
      "x" : 10.281153,
      "y" : 6.354102,
      "z" : -0.309017
    }, {
      "x" : 11.09017,
      "y" : 6.854102,
      "z" : 0.0
    }, {
      "x" : 0.6545085,
      "y" : 0.75,
      "z" : -0.095491506
    }, {
      "x" : 10.435661,
      "y" : 6.104102,
      "z" : -0.095491506
    } ],
    "faces" : [ {
      "vertices" : [ 4, 11, 8 ]
    }, {
      "vertices" : [ 4, 8, 9 ]
    }, {
      "vertices" : [ 0, 1, 2 ]
    }, {
      "vertices" : [ 0, 2, 3 ]
    }, {
      "vertices" : [ 0, 3, 6 ]
    }, {
      "vertices" : [ 1, 7, 2 ]
    }, {
      "vertices" : [ 0, 6, 5 ]
    }, {
      "vertices" : [ 4, 5, 6 ]
    }, {
      "vertices" : [ 2, 7, 8 ]
    }, {
      "vertices" : [ 0, 5, 12 ]
    }, {
      "vertices" : [ 0, 12, 1 ]
    }, {
      "vertices" : [ 1, 12, 7 ]
    }, {
      "vertices" : [ 3, 11, 6 ]
    }, {
      "vertices" : [ 4, 6, 11 ]
    }, {
      "vertices" : [ 7, 9, 8 ]
    }, {
      "vertices" : [ 2, 8, 11 ]
    }, {
      "vertices" : [ 2, 11, 3 ]
    }, {
      "vertices" : [ 7, 12, 9 ]
    }, {
      "vertices" : [ 4, 9, 12 ]
    }, {
      "vertices" : [ 4, 12, 5 ]
    } ]
  } ],
  "instances" : [ {
    "shape" : "7d2a1872-00d2-4583-ac4a-5a23d1abb0fe",
    "color" : "#FFFFFF",
    "position" : {
      "x" : -4.236068,
      "y" : 0.0,
      "z" : -6.854102
    }
  }, {
    "shape" : "b4a7805e-1ba2-4646-8afc-e71c6dcb7e6b",
    "color" : "#008D36",
    "position" : {
      "x" : 11.09017,
      "y" : 0.0,
      "z" : 0.0
    },
    "orientation" : 38
  }, {
    "shape" : "7d2a1872-00d2-4583-ac4a-5a23d1abb0fe",
    "color" : "#FFFFFF",
    "position" : {
      "x" : -9.472136,
      "y" : 11.09017,
      "z" : 0.0
    }
  }, {
    "shape" : "c1cf833d-1f74-4ad9-8876-bfc7a5fd365e",
    "color" : "#6C00C6",
    "position" : {
      "x" : -6.854102,
      "y" : 0.0,
      "z" : -4.236068
    },
    "orientation" : 31
  }, {
    "shape" : "7d2a1872-00d2-4583-ac4a-5a23d1abb0fe",
    "color" : "#FFFFFF",
    "position" : {
      "x" : -9.472136,
      "y" : -11.09017,
      "z" : 0.0
    }
  }, {
    "shape" : "7d2a1872-00d2-4583-ac4a-5a23d1abb0fe",
    "color" : "#FFFFFF",
    "position" : {
      "x" : 0.0,
      "y" : 6.854102,
      "z" : 4.236068
    }
  }, {
    "shape" : "7d2a1872-00d2-4583-ac4a-5a23d1abb0fe",
    "color" : "#FFFFFF",
    "position" : {
      "x" : 4.236068,
      "y" : -6.854102,
      "z" : 0.0
    }
  }, {
    "shape" : "fc0ffe68-d199-4c1e-b08d-b0d577872336",
    "color" : "#750032",
    "position" : {
      "x" : -9.472136,
      "y" : 0.0,
      "z" : -1.618034
    },
    "orientation" : 55
  }, {
    "shape" : "c1cf833d-1f74-4ad9-8876-bfc7a5fd365e",
    "color" : "#6C00C6",
    "position" : {
      "x" : 6.854102,
      "y" : 0.0,
      "z" : -4.236068
    },
    "orientation" : 1
  }, {
    "shape" : "c1cf833d-1f74-4ad9-8876-bfc7a5fd365e",
    "color" : "#6C00C6",
    "position" : {
      "x" : -4.236068,
      "y" : 6.854102,
      "z" : 0.0
    },
    "orientation" : 2
  }, {
    "shape" : "fc0ffe68-d199-4c1e-b08d-b0d577872336",
    "color" : "#750032",
    "position" : {
      "x" : 9.472136,
      "y" : 0.0,
      "z" : 1.618034
    },
    "orientation" : 10
  }, {
    "shape" : "64f96413-b9a5-400f-923a-711284d42bd3",
    "color" : "#007695",
    "position" : {
      "x" : 0.0,
      "y" : 11.09017,
      "z" : 11.09017
    },
    "orientation" : 47
  }, {
    "shape" : "7d2a1872-00d2-4583-ac4a-5a23d1abb0fe",
    "color" : "#FFFFFF",
    "position" : {
      "x" : -11.09017,
      "y" : 0.0,
      "z" : 9.472136
    }
  }, {
    "shape" : "64f96413-b9a5-400f-923a-711284d42bd3",
    "color" : "#007695",
    "position" : {
      "x" : 0.0,
      "y" : -11.09017,
      "z" : -11.09017
    },
    "orientation" : 2
  }, {
    "shape" : "c1cf833d-1f74-4ad9-8876-bfc7a5fd365e",
    "color" : "#6C00C6",
    "position" : {
      "x" : 4.236068,
      "y" : -6.854102,
      "z" : 0.0
    },
    "orientation" : 32
  }, {
    "shape" : "fc0ffe68-d199-4c1e-b08d-b0d577872336",
    "color" : "#750032",
    "position" : {
      "x" : 0.0,
      "y" : 1.618034,
      "z" : -9.472136
    },
    "orientation" : 54
  }, {
    "shape" : "7d2a1872-00d2-4583-ac4a-5a23d1abb0fe",
    "color" : "#FFFFFF",
    "position" : {
      "x" : 0.0,
      "y" : -11.09017,
      "z" : 11.09017
    }
  }, {
    "shape" : "7d2a1872-00d2-4583-ac4a-5a23d1abb0fe",
    "color" : "#FFFFFF",
    "position" : {
      "x" : 0.0,
      "y" : -4.236068,
      "z" : -11.09017
    }
  }, {
    "shape" : "7d2a1872-00d2-4583-ac4a-5a23d1abb0fe",
    "color" : "#FFFFFF",
    "position" : {
      "x" : 0.0,
      "y" : -9.472136,
      "z" : 11.09017
    }
  }, {
    "shape" : "7d2a1872-00d2-4583-ac4a-5a23d1abb0fe",
    "color" : "#FFFFFF",
    "position" : {
      "x" : -11.09017,
      "y" : 0.0,
      "z" : -4.236068
    }
  }, {
    "shape" : "7d2a1872-00d2-4583-ac4a-5a23d1abb0fe",
    "color" : "#FFFFFF",
    "position" : {
      "x" : -11.09017,
      "y" : 11.09017,
      "z" : 0.0
    }
  }, {
    "shape" : "368ef62c-19d7-48ca-86d2-959b0eb78850",
    "color" : "#AF0000",
    "position" : {
      "x" : 0.0,
      "y" : 6.854102,
      "z" : 4.236068
    },
    "orientation" : 15
  }, {
    "shape" : "368ef62c-19d7-48ca-86d2-959b0eb78850",
    "color" : "#AF0000",
    "position" : {
      "x" : -6.854102,
      "y" : -4.236068,
      "z" : 0.0
    },
    "orientation" : 17
  }, {
    "shape" : "7d2a1872-00d2-4583-ac4a-5a23d1abb0fe",
    "color" : "#FFFFFF",
    "position" : {
      "x" : 0.0,
      "y" : -6.854102,
      "z" : -4.236068
    }
  }, {
    "shape" : "fc0ffe68-d199-4c1e-b08d-b0d577872336",
    "color" : "#750032",
    "position" : {
      "x" : -11.09017,
      "y" : 0.0,
      "z" : -9.472136
    },
    "orientation" : 9
  }, {
    "shape" : "c1cf833d-1f74-4ad9-8876-bfc7a5fd365e",
    "color" : "#6C00C6",
    "position" : {
      "x" : 0.0,
      "y" : -4.236068,
      "z" : -6.854102
    },
    "orientation" : 45
  }, {
    "shape" : "7d2a1872-00d2-4583-ac4a-5a23d1abb0fe",
    "color" : "#FFFFFF",
    "position" : {
      "x" : 6.854102,
      "y" : -4.236068,
      "z" : 0.0
    }
  }, {
    "shape" : "fc0ffe68-d199-4c1e-b08d-b0d577872336",
    "color" : "#750032",
    "position" : {
      "x" : -1.618034,
      "y" : -9.472136,
      "z" : 0.0
    },
    "orientation" : 41
  }, {
    "shape" : "7d2a1872-00d2-4583-ac4a-5a23d1abb0fe",
    "color" : "#FFFFFF",
    "position" : {
      "x" : 11.09017,
      "y" : 0.0,
      "z" : 0.0
    }
  }, {
    "shape" : "7d2a1872-00d2-4583-ac4a-5a23d1abb0fe",
    "color" : "#FFFFFF",
    "position" : {
      "x" : 0.0,
      "y" : 11.09017,
      "z" : 0.0
    }
  }, {
    "shape" : "7d2a1872-00d2-4583-ac4a-5a23d1abb0fe",
    "color" : "#FFFFFF",
    "position" : {
      "x" : -11.09017,
      "y" : 0.0,
      "z" : -11.09017
    }
  }, {
    "shape" : "7d2a1872-00d2-4583-ac4a-5a23d1abb0fe",
    "color" : "#FFFFFF",
    "position" : {
      "x" : 1.618034,
      "y" : 9.472136,
      "z" : 0.0
    }
  }, {
    "shape" : "7d2a1872-00d2-4583-ac4a-5a23d1abb0fe",
    "color" : "#FFFFFF",
    "position" : {
      "x" : 4.236068,
      "y" : -11.09017,
      "z" : 0.0
    }
  }, {
    "shape" : "c1cf833d-1f74-4ad9-8876-bfc7a5fd365e",
    "color" : "#6C00C6",
    "position" : {
      "x" : 0.0,
      "y" : 4.236068,
      "z" : 6.854102
    },
    "orientation" : 15
  }, {
    "shape" : "7d2a1872-00d2-4583-ac4a-5a23d1abb0fe",
    "color" : "#FFFFFF",
    "position" : {
      "x" : 11.09017,
      "y" : 0.0,
      "z" : 9.472136
    }
  }, {
    "shape" : "c1cf833d-1f74-4ad9-8876-bfc7a5fd365e",
    "color" : "#6C00C6",
    "position" : {
      "x" : 4.236068,
      "y" : -6.854102,
      "z" : 0.0
    },
    "orientation" : 47
  }, {
    "shape" : "fc0ffe68-d199-4c1e-b08d-b0d577872336",
    "color" : "#750032",
    "position" : {
      "x" : 11.09017,
      "y" : 0.0,
      "z" : 9.472136
    },
    "orientation" : 54
  }, {
    "shape" : "c1cf833d-1f74-4ad9-8876-bfc7a5fd365e",
    "color" : "#6C00C6",
    "position" : {
      "x" : 4.236068,
      "y" : 6.854102,
      "z" : 0.0
    },
    "orientation" : 32
  }, {
    "shape" : "7d2a1872-00d2-4583-ac4a-5a23d1abb0fe",
    "color" : "#FFFFFF",
    "position" : {
      "x" : -11.09017,
      "y" : 0.0,
      "z" : -6.854102
    }
  }, {
    "shape" : "c1cf833d-1f74-4ad9-8876-bfc7a5fd365e",
    "color" : "#6C00C6",
    "position" : {
      "x" : -4.236068,
      "y" : -6.854102,
      "z" : 0.0
    },
    "orientation" : 2
  }, {
    "shape" : "7d2a1872-00d2-4583-ac4a-5a23d1abb0fe",
    "color" : "#FFFFFF",
    "position" : {
      "x" : -11.09017,
      "y" : 0.0,
      "z" : 4.236068
    }
  }, {
    "shape" : "7d2a1872-00d2-4583-ac4a-5a23d1abb0fe",
    "color" : "#FFFFFF",
    "position" : {
      "x" : 6.854102,
      "y" : -11.09017,
      "z" : 0.0
    }
  }, {
    "shape" : "fc0ffe68-d199-4c1e-b08d-b0d577872336",
    "color" : "#750032",
    "position" : {
      "x" : 0.0,
      "y" : 9.472136,
      "z" : -11.09017
    },
    "orientation" : 41
  }, {
    "shape" : "368ef62c-19d7-48ca-86d2-959b0eb78850",
    "color" : "#AF0000",
    "position" : {
      "x" : 0.0,
      "y" : 6.854102,
      "z" : 4.236068
    },
    "orientation" : 30
  }, {
    "shape" : "7d2a1872-00d2-4583-ac4a-5a23d1abb0fe",
    "color" : "#FFFFFF",
    "position" : {
      "x" : 4.236068,
      "y" : 0.0,
      "z" : 6.854102
    }
  }, {
    "shape" : "368ef62c-19d7-48ca-86d2-959b0eb78850",
    "color" : "#AF0000",
    "position" : {
      "x" : 4.236068,
      "y" : 0.0,
      "z" : -6.854102
    },
    "orientation" : 31
  }, {
    "shape" : "7d2a1872-00d2-4583-ac4a-5a23d1abb0fe",
    "color" : "#FFFFFF",
    "position" : {
      "x" : -1.618034,
      "y" : -9.472136,
      "z" : 0.0
    }
  }, {
    "shape" : "fc0ffe68-d199-4c1e-b08d-b0d577872336",
    "color" : "#750032",
    "position" : {
      "x" : 0.0,
      "y" : -9.472136,
      "z" : -11.09017
    },
    "orientation" : 11
  }, {
    "shape" : "64f96413-b9a5-400f-923a-711284d42bd3",
    "color" : "#007695",
    "position" : {
      "x" : 11.09017,
      "y" : 11.09017,
      "z" : 0.0
    },
    "orientation" : 45
  }, {
    "shape" : "b4a7805e-1ba2-4646-8afc-e71c6dcb7e6b",
    "color" : "#008D36",
    "position" : {
      "x" : 0.0,
      "y" : 0.0,
      "z" : -11.09017
    },
    "orientation" : 37
  }, {
    "shape" : "368ef62c-19d7-48ca-86d2-959b0eb78850",
    "color" : "#AF0000",
    "position" : {
      "x" : 0.0,
      "y" : -6.854102,
      "z" : -4.236068
    },
    "orientation" : 0
  }, {
    "shape" : "368ef62c-19d7-48ca-86d2-959b0eb78850",
    "color" : "#AF0000",
    "position" : {
      "x" : 0.0,
      "y" : -6.854102,
      "z" : 4.236068
    },
    "orientation" : 45
  }, {
    "shape" : "7d2a1872-00d2-4583-ac4a-5a23d1abb0fe",
    "color" : "#FFFFFF",
    "position" : {
      "x" : 6.854102,
      "y" : 0.0,
      "z" : 4.236068
    }
  }, {
    "shape" : "7d2a1872-00d2-4583-ac4a-5a23d1abb0fe",
    "color" : "#FFFFFF",
    "position" : {
      "x" : 0.0,
      "y" : -1.618034,
      "z" : -9.472136
    }
  }, {
    "shape" : "fc0ffe68-d199-4c1e-b08d-b0d577872336",
    "color" : "#750032",
    "position" : {
      "x" : -9.472136,
      "y" : 0.0,
      "z" : 1.618034
    },
    "orientation" : 40
  }, {
    "shape" : "7d2a1872-00d2-4583-ac4a-5a23d1abb0fe",
    "color" : "#FFFFFF",
    "position" : {
      "x" : 4.236068,
      "y" : 6.854102,
      "z" : 0.0
    }
  }, {
    "shape" : "fc0ffe68-d199-4c1e-b08d-b0d577872336",
    "color" : "#750032",
    "position" : {
      "x" : 0.0,
      "y" : 1.618034,
      "z" : 9.472136
    },
    "orientation" : 9
  }, {
    "shape" : "b4a7805e-1ba2-4646-8afc-e71c6dcb7e6b",
    "color" : "#008D36",
    "position" : {
      "x" : 0.0,
      "y" : -11.09017,
      "z" : 0.0
    },
    "orientation" : 6
  }, {
    "shape" : "7d2a1872-00d2-4583-ac4a-5a23d1abb0fe",
    "color" : "#FFFFFF",
    "position" : {
      "x" : 0.0,
      "y" : 0.0,
      "z" : 11.09017
    }
  }, {
    "shape" : "c1cf833d-1f74-4ad9-8876-bfc7a5fd365e",
    "color" : "#6C00C6",
    "position" : {
      "x" : -4.236068,
      "y" : -6.854102,
      "z" : 0.0
    },
    "orientation" : 17
  }, {
    "shape" : "368ef62c-19d7-48ca-86d2-959b0eb78850",
    "color" : "#AF0000",
    "position" : {
      "x" : 4.236068,
      "y" : 0.0,
      "z" : -6.854102
    },
    "orientation" : 1
  }, {
    "shape" : "c1cf833d-1f74-4ad9-8876-bfc7a5fd365e",
    "color" : "#6C00C6",
    "position" : {
      "x" : 0.0,
      "y" : -4.236068,
      "z" : 6.854102
    },
    "orientation" : 45
  }, {
    "shape" : "fc0ffe68-d199-4c1e-b08d-b0d577872336",
    "color" : "#750032",
    "position" : {
      "x" : 0.0,
      "y" : 9.472136,
      "z" : 11.09017
    },
    "orientation" : 26
  }, {
    "shape" : "7d2a1872-00d2-4583-ac4a-5a23d1abb0fe",
    "color" : "#FFFFFF",
    "position" : {
      "x" : 9.472136,
      "y" : -11.09017,
      "z" : 0.0
    }
  }, {
    "shape" : "c1cf833d-1f74-4ad9-8876-bfc7a5fd365e",
    "color" : "#6C00C6",
    "position" : {
      "x" : 4.236068,
      "y" : 6.854102,
      "z" : 0.0
    },
    "orientation" : 47
  }, {
    "shape" : "b4a7805e-1ba2-4646-8afc-e71c6dcb7e6b",
    "color" : "#008D36",
    "position" : {
      "x" : 0.0,
      "y" : 0.0,
      "z" : 11.09017
    },
    "orientation" : 52
  }, {
    "shape" : "7d2a1872-00d2-4583-ac4a-5a23d1abb0fe",
    "color" : "#FFFFFF",
    "position" : {
      "x" : 0.0,
      "y" : -6.854102,
      "z" : 4.236068
    }
  }, {
    "shape" : "7d2a1872-00d2-4583-ac4a-5a23d1abb0fe",
    "color" : "#FFFFFF",
    "position" : {
      "x" : 0.0,
      "y" : -1.618034,
      "z" : 9.472136
    }
  }, {
    "shape" : "7d2a1872-00d2-4583-ac4a-5a23d1abb0fe",
    "color" : "#FFFFFF",
    "position" : {
      "x" : -4.236068,
      "y" : 6.854102,
      "z" : 0.0
    }
  }, {
    "shape" : "7d2a1872-00d2-4583-ac4a-5a23d1abb0fe",
    "color" : "#FFFFFF",
    "position" : {
      "x" : 11.09017,
      "y" : 0.0,
      "z" : 11.09017
    }
  }, {
    "shape" : "7d2a1872-00d2-4583-ac4a-5a23d1abb0fe",
    "color" : "#FFFFFF",
    "position" : {
      "x" : -6.854102,
      "y" : -4.236068,
      "z" : 0.0
    }
  }, {
    "shape" : "b4a7805e-1ba2-4646-8afc-e71c6dcb7e6b",
    "color" : "#008D36",
    "position" : {
      "x" : 0.0,
      "y" : 11.09017,
      "z" : 0.0
    },
    "orientation" : 21
  }, {
    "shape" : "64f96413-b9a5-400f-923a-711284d42bd3",
    "color" : "#007695",
    "position" : {
      "x" : 0.0,
      "y" : -11.09017,
      "z" : 11.09017
    },
    "orientation" : 1
  }, {
    "shape" : "368ef62c-19d7-48ca-86d2-959b0eb78850",
    "color" : "#AF0000",
    "position" : {
      "x" : -4.236068,
      "y" : 0.0,
      "z" : -6.854102
    },
    "orientation" : 1
  }, {
    "shape" : "fc0ffe68-d199-4c1e-b08d-b0d577872336",
    "color" : "#750032",
    "position" : {
      "x" : 0.0,
      "y" : -1.618034,
      "z" : 9.472136
    },
    "orientation" : 39
  }, {
    "shape" : "368ef62c-19d7-48ca-86d2-959b0eb78850",
    "color" : "#AF0000",
    "position" : {
      "x" : 6.854102,
      "y" : 4.236068,
      "z" : 0.0
    },
    "orientation" : 47
  }, {
    "shape" : "368ef62c-19d7-48ca-86d2-959b0eb78850",
    "color" : "#AF0000",
    "position" : {
      "x" : 0.0,
      "y" : 6.854102,
      "z" : -4.236068
    },
    "orientation" : 15
  }, {
    "shape" : "7d2a1872-00d2-4583-ac4a-5a23d1abb0fe",
    "color" : "#FFFFFF",
    "position" : {
      "x" : 4.236068,
      "y" : 0.0,
      "z" : -6.854102
    }
  }, {
    "shape" : "368ef62c-19d7-48ca-86d2-959b0eb78850",
    "color" : "#AF0000",
    "position" : {
      "x" : -6.854102,
      "y" : 4.236068,
      "z" : 0.0
    },
    "orientation" : 17
  }, {
    "shape" : "7d2a1872-00d2-4583-ac4a-5a23d1abb0fe",
    "color" : "#FFFFFF",
    "position" : {
      "x" : -9.472136,
      "y" : 0.0,
      "z" : 1.618034
    }
  }, {
    "shape" : "7d2a1872-00d2-4583-ac4a-5a23d1abb0fe",
    "color" : "#FFFFFF",
    "position" : {
      "x" : 1.618034,
      "y" : -9.472136,
      "z" : 0.0
    }
  }, {
    "shape" : "7d2a1872-00d2-4583-ac4a-5a23d1abb0fe",
    "color" : "#FFFFFF",
    "position" : {
      "x" : -11.09017,
      "y" : 0.0,
      "z" : 11.09017
    }
  }, {
    "shape" : "7d2a1872-00d2-4583-ac4a-5a23d1abb0fe",
    "color" : "#FFFFFF",
    "position" : {
      "x" : 0.0,
      "y" : 1.618034,
      "z" : 9.472136
    }
  }, {
    "shape" : "7d2a1872-00d2-4583-ac4a-5a23d1abb0fe",
    "color" : "#FFFFFF",
    "position" : {
      "x" : -6.854102,
      "y" : 0.0,
      "z" : -4.236068
    }
  }, {
    "shape" : "fc0ffe68-d199-4c1e-b08d-b0d577872336",
    "color" : "#750032",
    "position" : {
      "x" : 1.618034,
      "y" : 9.472136,
      "z" : 0.0
    },
    "orientation" : 11
  }, {
    "shape" : "368ef62c-19d7-48ca-86d2-959b0eb78850",
    "color" : "#AF0000",
    "position" : {
      "x" : 0.0,
      "y" : -6.854102,
      "z" : -4.236068
    },
    "orientation" : 45
  }, {
    "shape" : "7d2a1872-00d2-4583-ac4a-5a23d1abb0fe",
    "color" : "#FFFFFF",
    "position" : {
      "x" : 0.0,
      "y" : -4.236068,
      "z" : 6.854102
    }
  }, {
    "shape" : "7d2a1872-00d2-4583-ac4a-5a23d1abb0fe",
    "color" : "#FFFFFF",
    "position" : {
      "x" : -6.854102,
      "y" : -11.09017,
      "z" : 0.0
    }
  }, {
    "shape" : "7d2a1872-00d2-4583-ac4a-5a23d1abb0fe",
    "color" : "#FFFFFF",
    "position" : {
      "x" : 0.0,
      "y" : -9.472136,
      "z" : -11.09017
    }
  }, {
    "shape" : "7d2a1872-00d2-4583-ac4a-5a23d1abb0fe",
    "color" : "#FFFFFF",
    "position" : {
      "x" : 0.0,
      "y" : 1.618034,
      "z" : -9.472136
    }
  }, {
    "shape" : "fc0ffe68-d199-4c1e-b08d-b0d577872336",
    "color" : "#750032",
    "position" : {
      "x" : 11.09017,
      "y" : 0.0,
      "z" : -9.472136
    },
    "orientation" : 39
  }, {
    "shape" : "fc0ffe68-d199-4c1e-b08d-b0d577872336",
    "color" : "#750032",
    "position" : {
      "x" : 9.472136,
      "y" : -11.09017,
      "z" : 0.0
    },
    "orientation" : 55
  }, {
    "shape" : "368ef62c-19d7-48ca-86d2-959b0eb78850",
    "color" : "#AF0000",
    "position" : {
      "x" : 6.854102,
      "y" : -4.236068,
      "z" : 0.0
    },
    "orientation" : 47
  }, {
    "shape" : "c1cf833d-1f74-4ad9-8876-bfc7a5fd365e",
    "color" : "#6C00C6",
    "position" : {
      "x" : -6.854102,
      "y" : 0.0,
      "z" : -4.236068
    },
    "orientation" : 1
  }, {
    "shape" : "7d2a1872-00d2-4583-ac4a-5a23d1abb0fe",
    "color" : "#FFFFFF",
    "position" : {
      "x" : -4.236068,
      "y" : 0.0,
      "z" : 6.854102
    }
  }, {
    "shape" : "fc0ffe68-d199-4c1e-b08d-b0d577872336",
    "color" : "#750032",
    "position" : {
      "x" : -11.09017,
      "y" : 0.0,
      "z" : 9.472136
    },
    "orientation" : 24
  }, {
    "shape" : "7d2a1872-00d2-4583-ac4a-5a23d1abb0fe",
    "color" : "#FFFFFF",
    "position" : {
      "x" : 0.0,
      "y" : -4.236068,
      "z" : 11.09017
    }
  }, {
    "shape" : "64f96413-b9a5-400f-923a-711284d42bd3",
    "color" : "#007695",
    "position" : {
      "x" : 11.09017,
      "y" : 0.0,
      "z" : 11.09017
    },
    "orientation" : 47
  }, {
    "shape" : "7d2a1872-00d2-4583-ac4a-5a23d1abb0fe",
    "color" : "#FFFFFF",
    "position" : {
      "x" : 0.0,
      "y" : 9.472136,
      "z" : -11.09017
    }
  }, {
    "shape" : "7d2a1872-00d2-4583-ac4a-5a23d1abb0fe",
    "color" : "#FFFFFF",
    "position" : {
      "x" : -4.236068,
      "y" : 11.09017,
      "z" : 0.0
    }
  }, {
    "shape" : "b4a7805e-1ba2-4646-8afc-e71c6dcb7e6b",
    "color" : "#008D36",
    "position" : {
      "x" : 11.09017,
      "y" : 0.0,
      "z" : 0.0
    },
    "orientation" : 53
  }, {
    "shape" : "368ef62c-19d7-48ca-86d2-959b0eb78850",
    "color" : "#AF0000",
    "position" : {
      "x" : -4.236068,
      "y" : 0.0,
      "z" : 6.854102
    },
    "orientation" : 16
  }, {
    "shape" : "7d2a1872-00d2-4583-ac4a-5a23d1abb0fe",
    "color" : "#FFFFFF",
    "position" : {
      "x" : 0.0,
      "y" : 4.236068,
      "z" : -6.854102
    }
  }, {
    "shape" : "64f96413-b9a5-400f-923a-711284d42bd3",
    "color" : "#007695",
    "position" : {
      "x" : 11.09017,
      "y" : 0.0,
      "z" : -11.09017
    },
    "orientation" : 45
  }, {
    "shape" : "7d2a1872-00d2-4583-ac4a-5a23d1abb0fe",
    "color" : "#FFFFFF",
    "position" : {
      "x" : 11.09017,
      "y" : -11.09017,
      "z" : 0.0
    }
  }, {
    "shape" : "7d2a1872-00d2-4583-ac4a-5a23d1abb0fe",
    "color" : "#FFFFFF",
    "position" : {
      "x" : 11.09017,
      "y" : 0.0,
      "z" : 4.236068
    }
  }, {
    "shape" : "7d2a1872-00d2-4583-ac4a-5a23d1abb0fe",
    "color" : "#FFFFFF",
    "position" : {
      "x" : -6.854102,
      "y" : 4.236068,
      "z" : 0.0
    }
  }, {
    "shape" : "7d2a1872-00d2-4583-ac4a-5a23d1abb0fe",
    "color" : "#FFFFFF",
    "position" : {
      "x" : 4.236068,
      "y" : 11.09017,
      "z" : 0.0
    }
  }, {
    "shape" : "368ef62c-19d7-48ca-86d2-959b0eb78850",
    "color" : "#AF0000",
    "position" : {
      "x" : 6.854102,
      "y" : 4.236068,
      "z" : 0.0
    },
    "orientation" : 32
  }, {
    "shape" : "368ef62c-19d7-48ca-86d2-959b0eb78850",
    "color" : "#AF0000",
    "position" : {
      "x" : -4.236068,
      "y" : 0.0,
      "z" : 6.854102
    },
    "orientation" : 46
  }, {
    "shape" : "64f96413-b9a5-400f-923a-711284d42bd3",
    "color" : "#007695",
    "position" : {
      "x" : 0.0,
      "y" : 11.09017,
      "z" : -11.09017
    },
    "orientation" : 16
  }, {
    "shape" : "fc0ffe68-d199-4c1e-b08d-b0d577872336",
    "color" : "#750032",
    "position" : {
      "x" : -1.618034,
      "y" : 9.472136,
      "z" : 0.0
    },
    "orientation" : 56
  }, {
    "shape" : "7d2a1872-00d2-4583-ac4a-5a23d1abb0fe",
    "color" : "#FFFFFF",
    "position" : {
      "x" : 0.0,
      "y" : 9.472136,
      "z" : 11.09017
    }
  }, {
    "shape" : "7d2a1872-00d2-4583-ac4a-5a23d1abb0fe",
    "color" : "#FFFFFF",
