{
  "field" : "golden",
  "symmetry" : "icosahedral",
  "orientations" : [ [ 1.0, 0.0, 0.0, 0.0, 0.0, 1.0, 0.0, 0.0, 0.0, 0.0, 1.0, 0.0, 0.0, 0.0, 0.0, 1.0 ], [ 0.0, 0.0, 1.0, 0.0, 1.0, 0.0, 0.0, 0.0, 0.0, 1.0, 0.0, 0.0, 0.0, 0.0, 0.0, 1.0 ], [ 0.0, 1.0, 0.0, 0.0, 0.0, 0.0, 1.0, 0.0, 1.0, 0.0, 0.0, 0.0, 0.0, 0.0, 0.0, 1.0 ], [ 0.809017, 0.309017, 0.5, 0.0, 0.309017, 0.5, -0.809017, 0.0, -0.5, 0.809017, 0.309017, 0.0, 0.0, 0.0, 0.0, 1.0 ], [ -0.5, 0.809017, 0.309017, 0.0, 0.809017, 0.309017, 0.5, 0.0, 0.309017, 0.5, -0.809017, 0.0, 0.0, 0.0, 0.0, 1.0 ], [ 0.309017, 0.5, -0.809017, 0.0, -0.5, 0.809017, 0.309017, 0.0, 0.809017, 0.309017, 0.5, 0.0, 0.0, 0.0, 0.0, 1.0 ], [ 0.5, 0.809017, 0.309017, 0.0, 0.809017, -0.309017, -0.5, 0.0, -0.309017, 0.5, -0.809017, 0.0, 0.0, 0.0, 0.0, 1.0 ], [ -0.309017, 0.5, -0.809017, 0.0, 0.5, 0.809017, 0.309017, 0.0, 0.809017, -0.309017, -0.5, 0.0, 0.0, 0.0, 0.0, 1.0 ], [ 0.809017, -0.309017, -0.5, 0.0, -0.309017, 0.5, -0.809017, 0.0, 0.5, 0.809017, 0.309017, 0.0, 0.0, 0.0, 0.0, 1.0 ], [ 0.5, 0.809017, -0.309017, 0.0, 0.809017, -0.309017, 0.5, 0.0, 0.309017, -0.5, -0.809017, 0.0, 0.0, 0.0, 0.0, 1.0 ], [ 0.309017, -0.5, -0.809017, 0.0, 0.5, 0.809017, -0.309017, 0.0, 0.809017, -0.309017, 0.5, 0.0, 0.0, 0.0, 0.0, 1.0 ], [ 0.809017, -0.309017, 0.5, 0.0, 0.309017, -0.5, -0.809017, 0.0, 0.5, 0.809017, -0.309017, 0.0, 0.0, 0.0, 0.0, 1.0 ], [ 0.809017, 0.309017, -0.5, 0.0, 0.309017, 0.5, 0.809017, 0.0, 0.5, -0.809017, 0.309017, 0.0, 0.0, 0.0, 0.0, 1.0 ], [ 0.5, -0.809017, 0.309017, 0.0, 0.809017, 0.309017, -0.5, 0.0, 0.309017, 0.5, 0.809017, 0.0, 0.0, 0.0, 0.0, 1.0 ], [ 0.309017, 0.5, 0.809017, 0.0, 0.5, -0.809017, 0.309017, 0.0, 0.809017, 0.309017, -0.5, 0.0, 0.0, 0.0, 0.0, 1.0 ], [ 1.0, 0.0, 0.0, 0.0, 0.0, -1.0, 0.0, 0.0, 0.0, 0.0, -1.0, 0.0, 0.0, 0.0, 0.0, 1.0 ], [ 0.0, 0.0, 1.0, 0.0, -1.0, 0.0, 0.0, 0.0, 0.0, -1.0, 0.0, 0.0, 0.0, 0.0, 0.0, 1.0 ], [ 0.0, 1.0, 0.0, 0.0, 0.0, 0.0, -1.0, 0.0, -1.0, 0.0, 0.0, 0.0, 0.0, 0.0, 0.0, 1.0 ], [ 0.809017, 0.309017, 0.5, 0.0, -0.309017, -0.5, 0.809017, 0.0, 0.5, -0.809017, -0.309017, 0.0, 0.0, 0.0, 0.0, 1.0 ], [ -0.5, 0.809017, 0.309017, 0.0, -0.809017, -0.309017, -0.5, 0.0, -0.309017, -0.5, 0.809017, 0.0, 0.0, 0.0, 0.0, 1.0 ], [ 0.309017, 0.5, -0.809017, 0.0, 0.5, -0.809017, -0.309017, 0.0, -0.809017, -0.309017, -0.5, 0.0, 0.0, 0.0, 0.0, 1.0 ], [ 0.5, 0.809017, 0.309017, 0.0, -0.809017, 0.309017, 0.5, 0.0, 0.309017, -0.5, 0.809017, 0.0, 0.0, 0.0, 0.0, 1.0 ], [ -0.309017, 0.5, -0.809017, 0.0, -0.5, -0.809017, -0.309017, 0.0, -0.809017, 0.309017, 0.5, 0.0, 0.0, 0.0, 0.0, 1.0 ], [ 0.809017, -0.309017, -0.5, 0.0, 0.309017, -0.5, 0.809017, 0.0, -0.5, -0.809017, -0.309017, 0.0, 0.0, 0.0, 0.0, 1.0 ], [ 0.5, 0.809017, -0.309017, 0.0, -0.809017, 0.309017, -0.5, 0.0, -0.309017, 0.5, 0.809017, 0.0, 0.0, 0.0, 0.0, 1.0 ], [ 0.309017, -0.5, -0.809017, 0.0, -0.5, -0.809017, 0.309017, 0.0, -0.809017, 0.309017, -0.5, 0.0, 0.0, 0.0, 0.0, 1.0 ], [ 0.809017, -0.309017, 0.5, 0.0, -0.309017, 0.5, 0.809017, 0.0, -0.5, -0.809017, 0.309017, 0.0, 0.0, 0.0, 0.0, 1.0 ], [ 0.809017, 0.309017, -0.5, 0.0, -0.309017, -0.5, -0.809017, 0.0, -0.5, 0.809017, -0.309017, 0.0, 0.0, 0.0, 0.0, 1.0 ], [ 0.5, -0.809017, 0.309017, 0.0, -0.809017, -0.309017, 0.5, 0.0, -0.309017, -0.5, -0.809017, 0.0, 0.0, 0.0, 0.0, 1.0 ], [ 0.309017, 0.5, 0.809017, 0.0, -0.5, 0.809017, -0.309017, 0.0, -0.809017, -0.309017, 0.5, 0.0, 0.0, 0.0, 0.0, 1.0 ], [ -1.0, 0.0, 0.0, 0.0, 0.0, -1.0, 0.0, 0.0, 0.0, 0.0, 1.0, 0.0, 0.0, 0.0, 0.0, 1.0 ], [ 0.0, 0.0, -1.0, 0.0, -1.0, 0.0, 0.0, 0.0, 0.0, 1.0, 0.0, 0.0, 0.0, 0.0, 0.0, 1.0 ], [ 0.0, -1.0, 0.0, 0.0, 0.0, 0.0, -1.0, 0.0, 1.0, 0.0, 0.0, 0.0, 0.0, 0.0, 0.0, 1.0 ], [ -0.809017, -0.309017, -0.5, 0.0, -0.309017, -0.5, 0.809017, 0.0, -0.5, 0.809017, 0.309017, 0.0, 0.0, 0.0, 0.0, 1.0 ], [ 0.5, -0.809017, -0.309017, 0.0, -0.809017, -0.309017, -0.5, 0.0, 0.309017, 0.5, -0.809017, 0.0, 0.0, 0.0, 0.0, 1.0 ], [ -0.309017, -0.5, 0.809017, 0.0, 0.5, -0.809017, -0.309017, 0.0, 0.809017, 0.309017, 0.5, 0.0, 0.0, 0.0, 0.0, 1.0 ], [ -0.5, -0.809017, -0.309017, 0.0, -0.809017, 0.309017, 0.5, 0.0, -0.309017, 0.5, -0.809017, 0.0, 0.0, 0.0, 0.0, 1.0 ], [ 0.309017, -0.5, 0.809017, 0.0, -0.5, -0.809017, -0.309017, 0.0, 0.809017, -0.309017, -0.5, 0.0, 0.0, 0.0, 0.0, 1.0 ], [ -0.809017, 0.309017, 0.5, 0.0, 0.309017, -0.5, 0.809017, 0.0, 0.5, 0.809017, 0.309017, 0.0, 0.0, 0.0, 0.0, 1.0 ], [ -0.5, -0.809017, 0.309017, 0.0, -0.809017, 0.309017, -0.5, 0.0, 0.309017, -0.5, -0.809017, 0.0, 0.0, 0.0, 0.0, 1.0 ], [ -0.309017, 0.5, 0.809017, 0.0, -0.5, -0.809017, 0.309017, 0.0, 0.809017, -0.309017, 0.5, 0.0, 0.0, 0.0, 0.0, 1.0 ], [ -0.809017, 0.309017, -0.5, 0.0, -0.309017, 0.5, 0.809017, 0.0, 0.5, 0.809017, -0.309017, 0.0, 0.0, 0.0, 0.0, 1.0 ], [ -0.809017, -0.309017, 0.5, 0.0, -0.309017, -0.5, -0.809017, 0.0, 0.5, -0.809017, 0.309017, 0.0, 0.0, 0.0, 0.0, 1.0 ], [ -0.5, 0.809017, -0.309017, 0.0, -0.809017, -0.309017, 0.5, 0.0, 0.309017, 0.5, 0.809017, 0.0, 0.0, 0.0, 0.0, 1.0 ], [ -0.309017, -0.5, -0.809017, 0.0, -0.5, 0.809017, -0.309017, 0.0, 0.809017, 0.309017, -0.5, 0.0, 0.0, 0.0, 0.0, 1.0 ], [ -1.0, 0.0, 0.0, 0.0, 0.0, 1.0, 0.0, 0.0, 0.0, 0.0, -1.0, 0.0, 0.0, 0.0, 0.0, 1.0 ], [ 0.0, 0.0, -1.0, 0.0, 1.0, 0.0, 0.0, 0.0, 0.0, -1.0, 0.0, 0.0, 0.0, 0.0, 0.0, 1.0 ], [ 0.0, -1.0, 0.0, 0.0, 0.0, 0.0, 1.0, 0.0, -1.0, 0.0, 0.0, 0.0, 0.0, 0.0, 0.0, 1.0 ], [ -0.809017, -0.309017, -0.5, 0.0, 0.309017, 0.5, -0.809017, 0.0, 0.5, -0.809017, -0.309017, 0.0, 0.0, 0.0, 0.0, 1.0 ], [ 0.5, -0.809017, -0.309017, 0.0, 0.809017, 0.309017, 0.5, 0.0, -0.309017, -0.5, 0.809017, 0.0, 0.0, 0.0, 0.0, 1.0 ], [ -0.309017, -0.5, 0.809017, 0.0, -0.5, 0.809017, 0.309017, 0.0, -0.809017, -0.309017, -0.5, 0.0, 0.0, 0.0, 0.0, 1.0 ], [ -0.5, -0.809017, -0.309017, 0.0, 0.809017, -0.309017, -0.5, 0.0, 0.309017, -0.5, 0.809017, 0.0, 0.0, 0.0, 0.0, 1.0 ], [ 0.309017, -0.5, 0.809017, 0.0, 0.5, 0.809017, 0.309017, 0.0, -0.809017, 0.309017, 0.5, 0.0, 0.0, 0.0, 0.0, 1.0 ], [ -0.809017, 0.309017, 0.5, 0.0, -0.309017, 0.5, -0.809017, 0.0, -0.5, -0.809017, -0.309017, 0.0, 0.0, 0.0, 0.0, 1.0 ], [ -0.5, -0.809017, 0.309017, 0.0, 0.809017, -0.309017, 0.5, 0.0, -0.309017, 0.5, 0.809017, 0.0, 0.0, 0.0, 0.0, 1.0 ], [ -0.309017, 0.5, 0.809017, 0.0, 0.5, 0.809017, -0.309017, 0.0, -0.809017, 0.309017, -0.5, 0.0, 0.0, 0.0, 0.0, 1.0 ], [ -0.809017, 0.309017, -0.5, 0.0, 0.309017, -0.5, -0.809017, 0.0, -0.5, -0.809017, 0.309017, 0.0, 0.0, 0.0, 0.0, 1.0 ], [ -0.809017, -0.309017, 0.5, 0.0, 0.309017, 0.5, 0.809017, 0.0, -0.5, 0.809017, -0.309017, 0.0, 0.0, 0.0, 0.0, 1.0 ], [ -0.5, 0.809017, -0.309017, 0.0, 0.809017, 0.309017, -0.5, 0.0, -0.309017, -0.5, -0.809017, 0.0, 0.0, 0.0, 0.0, 1.0 ], [ -0.309017, -0.5, -0.809017, 0.0, 0.5, -0.809017, 0.309017, 0.0, -0.809017, -0.309017, 0.5, 0.0, 0.0, 0.0, 0.0, 1.0 ] ],
  "lights" : {
    "ambientColor" : "#292929",
    "backgroundColor" : "#E8F3FF",
    "directionalLights" : [ {
      "direction" : {
        "x" : 1.0,
        "y" : -1.0,
        "z" : -1.0
      },
      "color" : "#EBEBE4"
    }, {
      "direction" : {
        "x" : -1.0,
        "y" : 0.0,
        "z" : 0.0
      },
      "color" : "#E4E4EB"
    }, {
      "direction" : {
        "x" : 0.0,
        "y" : 0.0,
        "z" : -1.0
      },
      "color" : "#1E1E1E"
    } ]
  },
  "camera" : {
    "stereo" : false,
    "width" : 296.004,
    "lookDirection" : {
      "x" : 0.0028622388,
      "y" : -2.6308931E-5,
      "z" : -0.99999315
    },
    "upDirection" : {
      "x" : 0.029071009,
      "y" : 0.9995774,
      "z" : 5.6426972E-5
    },
    "lookAtPoint" : {
      "x" : 0.0,
      "y" : 0.0,
      "z" : 0.0
    },
    "perspective" : true,
    "viewDistance" : 657.7858,
    "nearClipDistance" : 1.644465,
    "farClipDistance" : 1315.5748,
    "fieldOfView" : 0.44262943,
    "position" : {
      "x" : -1.8827401,
      "y" : 0.017305642,
      "z" : 657.7813
    }
  },
  "embedding" : [ 1.0, 0.0, 0.0, 0.0, 0.0, 1.0, 0.0, 0.0, 0.0, 0.0, 1.0, 0.0, 0.0, 0.0, 0.0, 1.0 ],
  "shapes" : [ {
    "id" : "26dce9c0-7aab-458a-acbf-922c9827d75b",
    "vertices" : [ {
      "x" : 61.186916,
      "y" : 23.371323,
      "z" : -8.927051
    }, {
      "x" : 60.80495,
      "y" : 22.916409,
      "z" : -8.736068
    }, {
      "x" : 60.641834,
      "y" : 23.18034,
      "z" : -9.163119
    }, {
      "x" : 60.568882,
      "y" : 23.444271,
      "z" : -8.972136
    }, {
      "x" : 0.85410196,
      "y" : 0.309017,
      "z" : 0.19098301
    }, {
      "x" : 0.690983,
      "y" : 0.572949,
      "z" : -0.23606798
    }, {
      "x" : 0.309017,
      "y" : 0.11803399,
      "z" : -0.045084972
    }, {
      "x" : 0.76393205,
      "y" : 0.309017,
      "z" : -0.42705098
    }, {
      "x" : 0.927051,
      "y" : 0.045084972,
      "z" : 0.0
    }, {
      "x" : 60.732002,
      "y" : 23.18034,
      "z" : -8.545085
    }, {
      "x" : 61.495934,
      "y" : 23.489357,
      "z" : -8.972136
    } ],
    "faces" : [ {
      "vertices" : [ 2, 7, 5 ]
    }, {
      "vertices" : [ 2, 5, 3 ]
    }, {
      "vertices" : [ 1, 8, 7 ]
    }, {
      "vertices" : [ 1, 7, 2 ]
    }, {
      "vertices" : [ 4, 6, 8 ]
    }, {
      "vertices" : [ 5, 7, 6 ]
    }, {
      "vertices" : [ 0, 1, 2 ]
    }, {
      "vertices" : [ 0, 2, 3 ]
    }, {
      "vertices" : [ 6, 7, 8 ]
    }, {
      "vertices" : [ 3, 5, 4 ]
    }, {
      "vertices" : [ 3, 4, 9 ]
    }, {
      "vertices" : [ 1, 9, 4 ]
    }, {
      "vertices" : [ 1, 4, 8 ]
    }, {
      "vertices" : [ 0, 9, 1 ]
    }, {
      "vertices" : [ 0, 3, 9 ]
    }, {
      "vertices" : [ 4, 5, 6 ]
    } ]
  }, {
    "id" : "abd6a354-29fd-40f1-984e-fafb180c21e2",
    "vertices" : [ {
      "x" : 1.0,
      "y" : 0.309017,
      "z" : 0.19098301
    }, {
      "x" : 1.0,
      "y" : -0.309017,
      "z" : 0.19098301
    }, {
      "x" : 16.944271,
      "y" : -0.309017,
      "z" : 0.19098301
    }, {
      "x" : 16.944271,
      "y" : 0.309017,
      "z" : 0.19098301
    }, {
      "x" : 16.944271,
      "y" : -0.309017,
      "z" : -0.19098301
    }, {
      "x" : 16.944271,
      "y" : 0.309017,
      "z" : -0.19098301
    }, {
      "x" : 17.562305,
      "y" : 0.0,
      "z" : 0.0
    }, {
      "x" : 0.38196602,
      "y" : 0.0,
      "z" : 0.0
    }, {
      "x" : 1.0,
      "y" : 0.309017,
      "z" : -0.19098301
    }, {
      "x" : 1.0,
      "y" : -0.309017,
      "z" : -0.19098301
    }, {
      "x" : 17.944271,
      "y" : 0.0,
      "z" : 0.0
    } ],
    "faces" : [ {
      "vertices" : [ 1, 9, 4 ]
    }, {
      "vertices" : [ 1, 4, 2 ]
    }, {
      "vertices" : [ 0, 3, 5 ]
    }, {
      "vertices" : [ 0, 5, 8 ]
    }, {
      "vertices" : [ 1, 7, 9 ]
    }, {
      "vertices" : [ 0, 1, 2 ]
    }, {
      "vertices" : [ 0, 2, 3 ]
    }, {
      "vertices" : [ 7, 8, 9 ]
    }, {
      "vertices" : [ 0, 7, 1 ]
    }, {
      "vertices" : [ 4, 9, 8 ]
    }, {
      "vertices" : [ 4, 8, 5 ]
    }, {
      "vertices" : [ 2, 6, 3 ]
    }, {
      "vertices" : [ 2, 4, 6 ]
    }, {
      "vertices" : [ 3, 6, 5 ]
    }, {
      "vertices" : [ 4, 5, 6 ]
    }, {
      "vertices" : [ 0, 8, 7 ]
    } ]
  }, {
    "id" : "e0a808c9-67d2-4d67-931a-27e9615b7dae",
    "vertices" : [ {
      "x" : 0.309017,
      "y" : -0.309017,
      "z" : -0.309017
    }, {
      "x" : 0.5,
      "y" : 0.0,
      "z" : -0.19098301
    }, {
      "x" : 0.5,
      "y" : 0.0,
      "z" : 0.19098301
    }, {
      "x" : 0.309017,
      "y" : -0.309017,
      "z" : 0.309017
    }, {
      "x" : 0.19098301,
      "y" : -0.5,
      "z" : 0.0
    }, {
      "x" : 0.0,
      "y" : 0.19098301,
      "z" : 0.5
    }, {
      "x" : 0.0,
      "y" : -0.19098301,
      "z" : 0.5
    }, {
      "x" : 0.309017,
      "y" : 0.309017,
      "z" : 0.309017
    }, {
      "x" : -0.309017,
      "y" : -0.309017,
      "z" : 0.309017
    }, {
      "x" : -0.309017,
      "y" : 0.309017,
      "z" : 0.309017
    }, {
      "x" : -0.5,
      "y" : 0.0,
      "z" : 0.19098301
    }, {
      "x" : 0.0,
      "y" : -0.19098301,
      "z" : -0.5
    }, {
      "x" : 0.0,
      "y" : 0.19098301,
      "z" : -0.5
    }, {
      "x" : 0.309017,
      "y" : 0.309017,
      "z" : -0.309017
    }, {
      "x" : -0.309017,
      "y" : -0.309017,
      "z" : -0.309017
    }, {
      "x" : -0.19098301,
      "y" : -0.5,
      "z" : 0.0
    }, {
      "x" : -0.5,
      "y" : 0.0,
      "z" : -0.19098301
    }, {
      "x" : 0.19098301,
      "y" : 0.5,
      "z" : 0.0
    }, {
      "x" : -0.309017,
      "y" : 0.309017,
      "z" : -0.309017
    }, {
      "x" : 0.0,
      "y" : 0.0,
      "z" : 0.0
    }, {
      "x" : -0.19098301,
      "y" : 0.5,
      "z" : 0.0
    } ],
    "faces" : [ {
      "vertices" : [ 12, 18, 20 ]
    }, {
      "vertices" : [ 12, 20, 17 ]
    }, {
      "vertices" : [ 12, 17, 13 ]
    }, {
      "vertices" : [ 3, 6, 8 ]
    }, {
      "vertices" : [ 3, 8, 15 ]
    }, {
      "vertices" : [ 3, 15, 4 ]
    }, {
      "vertices" : [ 0, 11, 12 ]
    }, {
      "vertices" : [ 0, 12, 13 ]
    }, {
      "vertices" : [ 0, 13, 1 ]
    }, {
      "vertices" : [ 5, 9, 10 ]
    }, {
      "vertices" : [ 5, 10, 8 ]
    }, {
      "vertices" : [ 5, 8, 6 ]
    }, {
      "vertices" : [ 2, 7, 5 ]
    }, {
      "vertices" : [ 2, 5, 6 ]
    }, {
      "vertices" : [ 2, 6, 3 ]
    }, {
      "vertices" : [ 11, 14, 16 ]
    }, {
      "vertices" : [ 11, 16, 18 ]
    }, {
      "vertices" : [ 11, 18, 12 ]
    }, {
      "vertices" : [ 1, 13, 17 ]
    }, {
      "vertices" : [ 1, 17, 7 ]
    }, {
      "vertices" : [ 1, 7, 2 ]
    }, {
      "vertices" : [ 9, 20, 18 ]
    }, {
      "vertices" : [ 9, 18, 16 ]
    }, {
      "vertices" : [ 9, 16, 10 ]
    }, {
      "vertices" : [ 0, 1, 2 ]
    }, {
      "vertices" : [ 0, 2, 3 ]
    }, {
      "vertices" : [ 0, 3, 4 ]
    }, {
      "vertices" : [ 5, 7, 17 ]
    }, {
      "vertices" : [ 5, 17, 20 ]
    }, {
      "vertices" : [ 5, 20, 9 ]
    }, {
      "vertices" : [ 0, 4, 15 ]
    }, {
      "vertices" : [ 0, 15, 14 ]
    }, {
      "vertices" : [ 0, 14, 11 ]
    }, {
      "vertices" : [ 8, 10, 16 ]
    }, {
      "vertices" : [ 8, 16, 14 ]
    }, {
      "vertices" : [ 8, 14, 15 ]
    } ]
  }, {
    "id" : "4efed9ad-92b3-4929-bea8-4787bdb3d471",
    "vertices" : [ {
      "x" : -17.944271,
      "y" : -46.978714,
      "z" : 0.0
    }, {
      "x" : 0.0,
      "y" : -29.034441,
      "z" : 0.0
    }, {
      "x" : -14.5172205,
      "y" : -23.489357,
      "z" : -8.972136
    } ],
    "faces" : [ {
      "vertices" : [ 0, 1, 2 ]
    }, {
      "vertices" : [ 0, 2, 1 ]
    } ]
  }, {
    "id" : "b94e01d2-915d-49a8-9a92-1c03717db209",
    "vertices" : [ {
      "x" : -14.5172205,
      "y" : -23.489357,
      "z" : 8.972136
    }, {
      "x" : -14.5172205,
      "y" : -23.489357,
      "z" : -8.972136
    }, {
      "x" : -76.01315,
      "y" : -46.978714,
      "z" : 0.0
    } ],
    "faces" : [ {
      "vertices" : [ 0, 1, 2 ]
    }, {
      "vertices" : [ 0, 2, 1 ]
    } ]
  }, {
    "id" : "bc52b162-4038-4c58-85ed-f6339fca6bba",
    "vertices" : [ {
      "x" : -17.944271,
      "y" : 46.978714,
      "z" : 0.0
    }, {
      "x" : -14.5172205,
      "y" : 23.489357,
      "z" : 8.972136
    }, {
      "x" : -14.5172205,
      "y" : 23.489357,
      "z" : -8.972136
    } ],
    "faces" : [ {
      "vertices" : [ 0, 1, 2 ]
    }, {
      "vertices" : [ 0, 2, 1 ]
    } ]
  }, {
    "id" : "736851fb-3003-4ff4-ba0b-42d645c75510",
    "vertices" : [ {
      "x" : -8.972136,
      "y" : 14.5172205,
      "z" : -23.489357
    }, {
      "x" : 8.972136,
      "y" : 14.5172205,
      "z" : -23.489357
    }, {
      "x" : 0.0,
      "y" : 76.01315,
      "z" : -46.978714
    } ],
    "faces" : [ {
      "vertices" : [ 0, 1, 2 ]
    }, {
      "vertices" : [ 0, 2, 1 ]
    } ]
  }, {
    "id" : "f0ad40e1-0b65-4ea0-8a59-67060fb5934e",
    "vertices" : [ {
      "x" : -17.944271,
      "y" : 46.978714,
      "z" : 0.0
    }, {
      "x" : -14.5172205,
      "y" : 23.489357,
      "z" : -8.972136
    }, {
      "x" : 0.0,
      "y" : 29.034441,
      "z" : 0.0
    } ],
    "faces" : [ {
      "vertices" : [ 0, 1, 2 ]
    }, {
      "vertices" : [ 0, 2, 1 ]
    } ]
  }, {
    "id" : "5097c1ea-e97c-4dc6-a804-50f6da403bae",
    "vertices" : [ {
      "x" : -23.489357,
      "y" : 8.972136,
      "z" : 14.5172205
    }, {
      "x" : -29.034441,
      "y" : 0.0,
      "z" : 0.0
    }, {
      "x" : -76.01315,
      "y" : 46.978714,
      "z" : 0.0
    } ],
    "faces" : [ {
      "vertices" : [ 0, 1, 2 ]
    }, {
      "vertices" : [ 0, 2, 1 ]
    } ]
  }, {
    "id" : "9c03139c-31df-4fc3-bc05-6ff74c1f09ed",
    "vertices" : [ {
      "x" : 0.0,
      "y" : -17.944271,
      "z" : -46.978714
    }, {
      "x" : 0.0,
      "y" : 0.0,
      "z" : -29.034441
    }, {
      "x" : -8.972136,
      "y" : -14.5172205,
      "z" : -23.489357
    } ],
    "faces" : [ {
      "vertices" : [ 0, 1, 2 ]
    }, {
      "vertices" : [ 0, 2, 1 ]
    } ]
  }, {
    "id" : "19bdcaf2-23ad-4120-b04d-e6a571b428b6",
    "vertices" : [ {
      "x" : -23.489357,
      "y" : 8.972136,
      "z" : -14.5172205
    }, {
      "x" : -23.489357,
      "y" : -8.972136,
      "z" : -14.5172205
    }, {
      "x" : -46.978714,
      "y" : 0.0,
      "z" : -76.01315
    } ],
    "faces" : [ {
      "vertices" : [ 0, 1, 2 ]
    }, {
      "vertices" : [ 0, 2, 1 ]
    } ]
  }, {
    "id" : "3b48da16-793f-4ce9-b832-fd597f75deef",
    "vertices" : [ {
      "x" : -29.034441,
      "y" : -29.034441,
      "z" : -29.034441
    }, {
      "x" : -23.489357,
      "y" : -8.972136,
      "z" : -14.5172205
    }, {
      "x" : -14.5172205,
      "y" : -23.489357,
      "z" : -8.972136
    } ],
    "faces" : [ {
      "vertices" : [ 0, 1, 2 ]
    }, {
      "vertices" : [ 0, 2, 1 ]
    } ]
  }, {
    "id" : "af2e0218-a0af-4e53-9fbf-8a16db053495",
    "vertices" : [ {
      "x" : 8.972136,
      "y" : -14.5172205,
      "z" : -23.489357
    }, {
      "x" : 23.489357,
      "y" : -8.972136,
      "z" : -14.5172205
    }, {
      "x" : 46.978714,
      "y" : 0.0,
      "z" : -76.01315
    } ],
    "faces" : [ {
      "vertices" : [ 0, 1, 2 ]
    }, {
      "vertices" : [ 0, 2, 1 ]
    } ]
  }, {
    "id" : "c9e139d9-690f-4dcc-98ae-3d8f8eab26be",
    "vertices" : [ {
      "x" : -29.034441,
      "y" : 29.034441,
      "z" : 29.034441
    }, {
      "x" : -8.972136,
      "y" : 14.5172205,
      "z" : 23.489357
    }, {
      "x" : -23.489357,
      "y" : 8.972136,
      "z" : 14.5172205
    } ],
    "faces" : [ {
      "vertices" : [ 0, 1, 2 ]
    }, {
      "vertices" : [ 0, 2, 1 ]
    } ]
  }, {
    "id" : "295d647d-cb18-48ae-89eb-d02a14e698a5",
    "vertices" : [ {
      "x" : 14.5172205,
      "y" : 23.489357,
      "z" : -8.972136
    }, {
      "x" : 0.0,
      "y" : 29.034441,
      "z" : 0.0
    }, {
      "x" : 0.0,
      "y" : 76.01315,
      "z" : -46.978714
    } ],
    "faces" : [ {
      "vertices" : [ 0, 1, 2 ]
    }, {
      "vertices" : [ 0, 2, 1 ]
    } ]
  }, {
    "id" : "d712d8e2-eca6-49ac-9086-d8e0b65547ae",
    "vertices" : [ {
      "x" : 17.944271,
      "y" : -46.978714,
      "z" : 0.0
    }, {
      "x" : 14.5172205,
      "y" : -23.489357,
      "z" : -8.972136
    }, {
      "x" : 0.0,
      "y" : -29.034441,
      "z" : 0.0
    } ],
    "faces" : [ {
      "vertices" : [ 0, 1, 2 ]
    }, {
      "vertices" : [ 0, 2, 1 ]
    } ]
  }, {
    "id" : "33abe05a-7fa8-4eef-a598-d5600f033320",
    "vertices" : [ {
      "x" : -23.489357,
      "y" : 8.972136,
      "z" : 14.5172205
    }, {
      "x" : -8.972136,
      "y" : 14.5172205,
      "z" : 23.489357
    }, {
      "x" : -46.978714,
      "y" : 0.0,
      "z" : 76.01315
    } ],
    "faces" : [ {
      "vertices" : [ 0, 1, 2 ]
    }, {
      "vertices" : [ 0, 2, 1 ]
    } ]
  }, {
    "id" : "323d39b8-2d45-44b8-bad5-ad4826999552",
    "vertices" : [ {
      "x" : 8.972136,
      "y" : 14.5172205,
      "z" : 23.489357
    }, {
      "x" : 23.489357,
      "y" : 8.972136,
      "z" : 14.5172205
    }, {
      "x" : 46.978714,
      "y" : 0.0,
      "z" : 76.01315
    } ],
    "faces" : [ {
      "vertices" : [ 0, 1, 2 ]
    }, {
      "vertices" : [ 0, 2, 1 ]
    } ]
  }, {
    "id" : "9703f7b5-5e31-49c3-bc85-c7175de03b2d",
    "vertices" : [ {
      "x" : 29.034441,
      "y" : 29.034441,
      "z" : -29.034441
    }, {
      "x" : 14.5172205,
      "y" : 23.489357,
      "z" : -8.972136
    }, {
      "x" : 8.972136,
      "y" : 14.5172205,
      "z" : -23.489357
    } ],
    "faces" : [ {
      "vertices" : [ 0, 1, 2 ]
    }, {
      "vertices" : [ 0, 2, 1 ]
    } ]
  }, {
    "id" : "173172f1-5444-4c6d-9305-a1ab621eed91",
    "vertices" : [ {
      "x" : -29.034441,
      "y" : 29.034441,
      "z" : 29.034441
    }, {
      "x" : -14.5172205,
      "y" : 23.489357,
      "z" : 8.972136
    }, {
      "x" : -8.972136,
      "y" : 14.5172205,
      "z" : 23.489357
    } ],
    "faces" : [ {
      "vertices" : [ 0, 1, 2 ]
    }, {
      "vertices" : [ 0, 2, 1 ]
    } ]
  }, {
    "id" : "485a60ba-2da6-4f4a-990b-17ccd9f2b1ea",
    "vertices" : [ {
      "x" : 14.5172205,
      "y" : 23.489357,
      "z" : -8.972136
    }, {
      "x" : 23.489357,
      "y" : 8.972136,
      "z" : -14.5172205
    }, {
      "x" : 76.01315,
      "y" : 46.978714,
      "z" : 0.0
    } ],
    "faces" : [ {
      "vertices" : [ 0, 1, 2 ]
    }, {
      "vertices" : [ 0, 2, 1 ]
    } ]
  }, {
    "id" : "baa9b758-4e45-4101-8614-2cf1b4f85c17",
    "vertices" : [ {
      "x" : 0.0,
      "y" : 0.0,
      "z" : 29.034441
    }, {
      "x" : 8.972136,
      "y" : 14.5172205,
      "z" : 23.489357
    }, {
      "x" : 46.978714,
      "y" : 0.0,
      "z" : 76.01315
    } ],
    "faces" : [ {
      "vertices" : [ 0, 1, 2 ]
    }, {
      "vertices" : [ 0, 2, 1 ]
    } ]
  }, {
    "id" : "e08033ae-0563-4416-9eee-d01cffd8c5f3",
    "vertices" : [ {
      "x" : 29.034441,
      "y" : -29.034441,
      "z" : -29.034441
    }, {
      "x" : 23.489357,
      "y" : -8.972136,
      "z" : -14.5172205
    }, {
      "x" : 8.972136,
      "y" : -14.5172205,
      "z" : -23.489357
    } ],
    "faces" : [ {
      "vertices" : [ 0, 1, 2 ]
    }, {
      "vertices" : [ 0, 2, 1 ]
    } ]
  }, {
    "id" : "fbfd6a9f-0f5f-481c-96e7-4b60ee9d546d",
    "vertices" : [ {
      "x" : 14.5172205,
      "y" : -23.489357,
      "z" : 8.972136
    }, {
      "x" : 23.489357,
      "y" : -8.972136,
      "z" : 14.5172205
    }, {
      "x" : 76.01315,
      "y" : -46.978714,
      "z" : 0.0
    } ],
    "faces" : [ {
      "vertices" : [ 0, 1, 2 ]
    }, {
      "vertices" : [ 0, 2, 1 ]
    } ]
  }, {
    "id" : "31a2ad4f-65fc-4b44-8fbb-17de969e4a51",
    "vertices" : [ {
      "x" : -29.034441,
      "y" : -29.034441,
      "z" : -29.034441
    }, {
      "x" : -14.5172205,
      "y" : -23.489357,
      "z" : -8.972136
    }, {
      "x" : -8.972136,
      "y" : -14.5172205,
      "z" : -23.489357
    } ],
    "faces" : [ {
      "vertices" : [ 0, 1, 2 ]
    }, {
      "vertices" : [ 0, 2, 1 ]
    } ]
  }, {
    "id" : "9a4800b2-e074-4701-b4e9-b85d1c243e15",
    "vertices" : [ {
      "x" : 14.5172205,
      "y" : 23.489357,
      "z" : 8.972136
    }, {
      "x" : 14.5172205,
      "y" : 23.489357,
      "z" : -8.972136
    }, {
      "x" : 76.01315,
      "y" : 46.978714,
      "z" : 0.0
    } ],
    "faces" : [ {
      "vertices" : [ 0, 1, 2 ]
    }, {
      "vertices" : [ 0, 2, 1 ]
    } ]
  }, {
    "id" : "48b2fc18-812f-4225-83bd-eb124385420f",
    "vertices" : [ {
      "x" : 0.0,
      "y" : 17.944271,
      "z" : 46.978714
    }, {
      "x" : 8.972136,
      "y" : 14.5172205,
      "z" : 23.489357
    }, {
      "x" : 0.0,
      "y" : 0.0,
      "z" : 29.034441
    } ],
    "faces" : [ {
      "vertices" : [ 0, 1, 2 ]
    }, {
      "vertices" : [ 0, 2, 1 ]
    } ]
  }, {
    "id" : "2417f556-578f-415a-aad9-6f55897d4832",
    "vertices" : [ {
      "x" : 14.5172205,
      "y" : -23.489357,
      "z" : -8.972136
    }, {
      "x" : 8.972136,
      "y" : -14.5172205,
      "z" : -23.489357
    }, {
      "x" : 0.0,
      "y" : -76.01315,
      "z" : -46.978714
    } ],
    "faces" : [ {
      "vertices" : [ 0, 1, 2 ]
    }, {
      "vertices" : [ 0, 2, 1 ]
    } ]
  }, {
    "id" : "1b480d6f-8f45-4af7-a7ac-45f41f582584",
    "vertices" : [ {
      "x" : -8.972136,
      "y" : -14.5172205,
      "z" : 23.489357
    }, {
      "x" : -23.489357,
      "y" : -8.972136,
      "z" : 14.5172205
    }, {
      "x" : -46.978714,
      "y" : 0.0,
      "z" : 76.01315
    } ],
    "faces" : [ {
      "vertices" : [ 0, 1, 2 ]
    }, {
      "vertices" : [ 0, 2, 1 ]
    } ]
  }, {
    "id" : "06bb4390-14b0-4596-9e6e-7ffc2a1a38aa",
    "vertices" : [ {
      "x" : 0.0,
      "y" : -17.944271,
      "z" : 46.978714
    }, {
      "x" : -8.972136,
      "y" : -14.5172205,
      "z" : 23.489357
    }, {
      "x" : 0.0,
      "y" : 0.0,
      "z" : 29.034441
    } ],
    "faces" : [ {
      "vertices" : [ 0, 1, 2 ]
    }, {
      "vertices" : [ 0, 2, 1 ]
    } ]
  }, {
    "id" : "a01ea4c4-e1b6-41e4-b18b-bc69ece2816b",
    "vertices" : [ {
      "x" : 29.034441,
      "y" : 29.034441,
      "z" : 29.034441
    }, {
      "x" : 23.489357,
      "y" : 8.972136,
      "z" : 14.5172205
    }, {
      "x" : 8.972136,
      "y" : 14.5172205,
      "z" : 23.489357
    } ],
    "faces" : [ {
      "vertices" : [ 0, 1, 2 ]
    }, {
      "vertices" : [ 0, 2, 1 ]
    } ]
  }, {
    "id" : "a5410201-f7b6-4cb1-b762-fec0a1756664",
    "vertices" : [ {
      "x" : -29.034441,
      "y" : -29.034441,
      "z" : 29.034441
    }, {
      "x" : -23.489357,
      "y" : -8.972136,
      "z" : 14.5172205
    }, {
      "x" : -8.972136,
      "y" : -14.5172205,
      "z" : 23.489357
    } ],
    "faces" : [ {
      "vertices" : [ 0, 1, 2 ]
    }, {
      "vertices" : [ 0, 2, 1 ]
    } ]
  }, {
    "id" : "315edfc1-6132-4b06-b137-eeaba45418de",
    "vertices" : [ {
      "x" : -14.5172205,
      "y" : 23.489357,
      "z" : -8.972136
    }, {
      "x" : -14.5172205,
      "y" : 23.489357,
      "z" : 8.972136
    }, {
      "x" : -76.01315,
      "y" : 46.978714,
      "z" : 0.0
    } ],
    "faces" : [ {
      "vertices" : [ 0, 1, 2 ]
    }, {
      "vertices" : [ 0, 2, 1 ]
    } ]
  }, {
    "id" : "3880bd80-2151-4d8c-ba1d-47afa1cfed2b",
    "vertices" : [ {
      "x" : 8.972136,
      "y" : 14.5172205,
      "z" : -23.489357
    }, {
      "x" : 0.0,
      "y" : 0.0,
      "z" : -29.034441
    }, {
      "x" : 46.978714,
      "y" : 0.0,
      "z" : -76.01315
    } ],
    "faces" : [ {
      "vertices" : [ 0, 1, 2 ]
    }, {
      "vertices" : [ 0, 2, 1 ]
    } ]
  }, {
    "id" : "e700f8eb-e911-4ffa-b55d-aca64f3f5988",
    "vertices" : [ {
      "x" : 0.0,
      "y" : 17.944271,
      "z" : -46.978714
    }, {
      "x" : -8.972136,
      "y" : 14.5172205,
      "z" : -23.489357
    }, {
      "x" : 0.0,
      "y" : 0.0,
      "z" : -29.034441
    } ],
    "faces" : [ {
      "vertices" : [ 0, 1, 2 ]
    }, {
      "vertices" : [ 0, 2, 1 ]
    } ]
  }, {
    "id" : "f6fee5c6-fcdf-4ffa-bedb-a8a2d1e21e42",
    "vertices" : [ {
      "x" : 23.489357,
      "y" : 8.972136,
      "z" : -14.5172205
    }, {
      "x" : 8.972136,
      "y" : 14.5172205,
      "z" : -23.489357
    }, {
      "x" : 46.978714,
      "y" : 0.0,
      "z" : -76.01315
    } ],
    "faces" : [ {
      "vertices" : [ 0, 1, 2 ]
    }, {
      "vertices" : [ 0, 2, 1 ]
    } ]
  }, {
    "id" : "cf25b374-9ef9-45d0-b3ed-50849e6d11d2",
    "vertices" : [ {
      "x" : 23.489357,
      "y" : -8.972136,
      "z" : 14.5172205
    }, {
      "x" : 29.034441,
      "y" : 0.0,
      "z" : 0.0
    }, {
      "x" : 76.01315,
      "y" : -46.978714,
      "z" : 0.0
    } ],
    "faces" : [ {
      "vertices" : [ 0, 1, 2 ]
    }, {
      "vertices" : [ 0, 2, 1 ]
    } ]
  }, {
    "id" : "95b4cc3e-a818-4249-966f-a5d85f38d155",
    "vertices" : [ {
      "x" : -29.034441,
      "y" : 0.0,
      "z" : 0.0
    }, {
      "x" : -23.489357,
      "y" : -8.972136,
      "z" : 14.5172205
    }, {
      "x" : -76.01315,
      "y" : -46.978714,
      "z" : 0.0
    } ],
    "faces" : [ {
      "vertices" : [ 0, 1, 2 ]
    }, {
      "vertices" : [ 0, 2, 1 ]
    } ]
  }, {
    "id" : "d24a8f01-d10d-4551-8583-c235a90bad18",
    "vertices" : [ {
      "x" : 23.489357,
      "y" : 8.972136,
      "z" : -14.5172205
    }, {
      "x" : 29.034441,
      "y" : 0.0,
      "z" : 0.0
    }, {
      "x" : 76.01315,
      "y" : 46.978714,
      "z" : 0.0
    } ],
    "faces" : [ {
      "vertices" : [ 0, 1, 2 ]
    }, {
      "vertices" : [ 0, 2, 1 ]
    } ]
  }, {
    "id" : "044c1bc8-2085-4aa0-8dd1-0d95c14928bb",
    "vertices" : [ {
      "x" : -23.489357,
      "y" : -8.972136,
      "z" : -14.5172205
    }, {
      "x" : -8.972136,
      "y" : -14.5172205,
      "z" : -23.489357
    }, {
      "x" : -46.978714,
      "y" : 0.0,
      "z" : -76.01315
    } ],
    "faces" : [ {
      "vertices" : [ 0, 1, 2 ]
    }, {
      "vertices" : [ 0, 2, 1 ]
    } ]
  }, {
    "id" : "ea0b6b0f-6d18-4a48-9ca2-63e836d6efa8",
    "vertices" : [ {
      "x" : -46.978714,
      "y" : 0.0,
      "z" : 17.944271
    }, {
      "x" : -23.489357,
      "y" : -8.972136,
      "z" : 14.5172205
    }, {
      "x" : -29.034441,
      "y" : 0.0,
      "z" : 0.0
    } ],
    "faces" : [ {
      "vertices" : [ 0, 1, 2 ]
    }, {
      "vertices" : [ 0, 2, 1 ]
    } ]
  }, {
    "id" : "0a3db478-41d2-4e41-91c5-64778dc56825",
    "vertices" : [ {
      "x" : 46.978714,
      "y" : 0.0,
      "z" : 17.944271
    }, {
      "x" : 23.489357,
      "y" : -8.972136,
      "z" : 14.5172205
    }, {
      "x" : 23.489357,
      "y" : 8.972136,
      "z" : 14.5172205
    } ],
    "faces" : [ {
      "vertices" : [ 0, 1, 2 ]
    }, {
      "vertices" : [ 0, 2, 1 ]
    } ]
  }, {
    "id" : "ec4b555d-492f-4fcf-b2b1-0e34cde95796",
    "vertices" : [ {
      "x" : 46.978714,
      "y" : 0.0,
      "z" : 17.944271
    }, {
      "x" : 29.034441,
      "y" : 0.0,
      "z" : 0.0
    }, {
      "x" : 23.489357,
      "y" : -8.972136,
      "z" : 14.5172205
    } ],
    "faces" : [ {
      "vertices" : [ 0, 1, 2 ]
    }, {
      "vertices" : [ 0, 2, 1 ]
    } ]
  }, {
    "id" : "63a81321-c58f-4843-942b-918eed6159c8",
    "vertices" : [ {
      "x" : 29.034441,
      "y" : -29.034441,
      "z" : 29.034441
    }, {
      "x" : 8.972136,
      "y" : -14.5172205,
      "z" : 23.489357
    }, {
      "x" : 23.489357,
      "y" : -8.972136,
      "z" : 14.5172205
    } ],
    "faces" : [ {
      "vertices" : [ 0, 1, 2 ]
    }, {
      "vertices" : [ 0, 2, 1 ]
    } ]
  }, {
    "id" : "56e0fb17-d67b-46a4-93cc-1ee66961826f",
    "vertices" : [ {
      "x" : 29.034441,
      "y" : -29.034441,
      "z" : -29.034441
    }, {
      "x" : 8.972136,
      "y" : -14.5172205,
      "z" : -23.489357
    }, {
      "x" : 14.5172205,
      "y" : -23.489357,
      "z" : -8.972136
    } ],
    "faces" : [ {
      "vertices" : [ 0, 1, 2 ]
    }, {
      "vertices" : [ 0, 2, 1 ]
    } ]
  }, {
    "id" : "3d3c18cc-f375-48da-b145-acaed620ce29",
    "vertices" : [ {
      "x" : -14.5172205,
      "y" : -23.489357,
      "z" : 8.972136
    }, {
      "x" : -8.972136,
      "y" : -14.5172205,
      "z" : 23.489357
    }, {
      "x" : 0.0,
      "y" : -76.01315,
      "z" : 46.978714
    } ],
    "faces" : [ {
      "vertices" : [ 0, 1, 2 ]
    }, {
      "vertices" : [ 0, 2, 1 ]
    } ]
  }, {
    "id" : "70db4b09-f6d5-4551-b4ba-09076193ac8a",
    "vertices" : [ {
      "x" : -23.489357,
      "y" : -8.972136,
      "z" : -14.5172205
    }, {
      "x" : -29.034441,
      "y" : 0.0,
      "z" : 0.0
    }, {
      "x" : -76.01315,
      "y" : -46.978714,
      "z" : 0.0
    } ],
    "faces" : [ {
      "vertices" : [ 0, 1, 2 ]
    }, {
      "vertices" : [ 0, 2, 1 ]
    } ]
  }, {
    "id" : "d5443bae-8b8c-4945-b557-814c4c00734a",
    "vertices" : [ {
      "x" : 8.972136,
      "y" : -14.5172205,
      "z" : 23.489357
    }, {
      "x" : 0.0,
      "y" : 0.0,
      "z" : 29.034441
    }, {
      "x" : 46.978714,
      "y" : 0.0,
      "z" : 76.01315
    } ],
    "faces" : [ {
      "vertices" : [ 0, 1, 2 ]
    }, {
      "vertices" : [ 0, 2, 1 ]
    } ]
  }, {
    "id" : "a4269064-0db1-4bf2-b6d8-405bb16dba66",
    "vertices" : [ {
      "x" : 29.034441,
      "y" : 29.034441,
      "z" : -29.034441
    }, {
      "x" : 8.972136,
      "y" : 14.5172205,
      "z" : -23.489357
    }, {
      "x" : 23.489357,
      "y" : 8.972136,
      "z" : -14.5172205
    } ],
    "faces" : [ {
      "vertices" : [ 0, 1, 2 ]
    }, {
      "vertices" : [ 0, 2, 1 ]
    } ]
  }, {
    "id" : "8738f73a-2bd5-41d7-a224-12a03483c0eb",
    "vertices" : [ {
      "x" : 0.0,
      "y" : 29.034441,
      "z" : 0.0
    }, {
      "x" : 14.5172205,
      "y" : 23.489357,
      "z" : 8.972136
    }, {
      "x" : 0.0,
      "y" : 76.01315,
      "z" : 46.978714
    } ],
    "faces" : [ {
      "vertices" : [ 0, 1, 2 ]
    }, {
      "vertices" : [ 0, 2, 1 ]
    } ]
  }, {
    "id" : "32cba2de-5aa6-4307-80e0-1fcf31a8716b",
    "vertices" : [ {
      "x" : -46.978714,
      "y" : 0.0,
      "z" : -17.944271
    }, {
      "x" : -23.489357,
      "y" : 8.972136,
      "z" : -14.5172205
    }, {
      "x" : -29.034441,
      "y" : 0.0,
      "z" : 0.0
    } ],
    "faces" : [ {
      "vertices" : [ 0, 1, 2 ]
    }, {
      "vertices" : [ 0, 2, 1 ]
    } ]
  }, {
    "id" : "01b9fa98-6406-4670-b110-893fc7eb0830",
    "vertices" : [ {
      "x" : 8.972136,
      "y" : 14.5172205,
      "z" : -23.489357
    }, {
      "x" : 14.5172205,
      "y" : 23.489357,
      "z" : -8.972136
    }, {
      "x" : 0.0,
      "y" : 76.01315,
      "z" : -46.978714
    } ],
    "faces" : [ {
      "vertices" : [ 0, 1, 2 ]
    }, {
      "vertices" : [ 0, 2, 1 ]
    } ]
  }, {
    "id" : "c31d8b5d-ffba-4e5a-a78c-80c62aa72551",
    "vertices" : [ {
      "x" : 17.944271,
      "y" : -46.978714,
      "z" : 0.0
    }, {
      "x" : 14.5172205,
      "y" : -23.489357,
      "z" : 8.972136
    }, {
      "x" : 14.5172205,
      "y" : -23.489357,
      "z" : -8.972136
    } ],
    "faces" : [ {
      "vertices" : [ 0, 1, 2 ]
    }, {
      "vertices" : [ 0, 2, 1 ]
    } ]
  }, {
    "id" : "8fe20e65-ea68-42ea-b323-e3d61f3e21c2",
    "vertices" : [ {
      "x" : 29.034441,
      "y" : 0.0,
      "z" : 0.0
    }, {
      "x" : 23.489357,
      "y" : -8.972136,
      "z" : -14.5172205
    }, {
      "x" : 76.01315,
      "y" : -46.978714,
      "z" : 0.0
    } ],
    "faces" : [ {
      "vertices" : [ 0, 1, 2 ]
    }, {
      "vertices" : [ 0, 2, 1 ]
    } ]
  }, {
    "id" : "8d42f657-9a60-44a2-918d-6b811c246747",
    "vertices" : [ {
      "x" : -17.944271,
      "y" : 46.978714,
      "z" : 0.0
    }, {
      "x" : 0.0,
      "y" : 29.034441,
      "z" : 0.0
    }, {
      "x" : -14.5172205,
      "y" : 23.489357,
      "z" : 8.972136
    } ],
    "faces" : [ {
      "vertices" : [ 0, 1, 2 ]
    }, {
      "vertices" : [ 0, 2, 1 ]
    } ]
  }, {
    "id" : "fe1184d8-e849-4b55-bbe2-decb4e000920",
    "vertices" : [ {
      "x" : 14.5172205,
      "y" : -23.489357,
      "z" : 8.972136
    }, {
      "x" : 0.0,
      "y" : -29.034441,
      "z" : 0.0
    }, {
      "x" : 0.0,
      "y" : -76.01315,
      "z" : 46.978714
    } ],
    "faces" : [ {
      "vertices" : [ 0, 1, 2 ]
    }, {
      "vertices" : [ 0, 2, 1 ]
    } ]
  }, {
    "id" : "745b5074-bd33-445d-8af2-d64d85aa48f6",
    "vertices" : [ {
      "x" : -14.5172205,
      "y" : 23.489357,
      "z" : 8.972136
    }, {
      "x" : 0.0,
      "y" : 29.034441,
      "z" : 0.0
    }, {
      "x" : 0.0,
      "y" : 76.01315,
      "z" : 46.978714
    } ],
    "faces" : [ {
      "vertices" : [ 0, 1, 2 ]
    }, {
      "vertices" : [ 0, 2, 1 ]
    } ]
  }, {
    "id" : "b62b6b93-1dae-4ec2-a96e-87678255bfe7",
    "vertices" : [ {
      "x" : 29.034441,
      "y" : 29.034441,
      "z" : 29.034441
    }, {
      "x" : 14.5172205,
      "y" : 23.489357,
      "z" : 8.972136
    }, {
      "x" : 23.489357,
      "y" : 8.972136,
      "z" : 14.5172205
    } ],
    "faces" : [ {
      "vertices" : [ 0, 1, 2 ]
    }, {
      "vertices" : [ 0, 2, 1 ]
    } ]
  }, {
    "id" : "bf7298c6-86e9-4874-8068-dbb29016e84d",
    "vertices" : [ {
      "x" : 0.0,
      "y" : 17.944271,
      "z" : 46.978714
    }, {
      "x" : 0.0,
      "y" : 0.0,
      "z" : 29.034441
    }, {
      "x" : -8.972136,
      "y" : 14.5172205,
      "z" : 23.489357
    } ],
    "faces" : [ {
      "vertices" : [ 0, 1, 2 ]
    }, {
      "vertices" : [ 0, 2, 1 ]
    } ]
  }, {
    "id" : "e58621fc-6701-4f1f-b12c-faa1e2153931",
    "vertices" : [ {
      "x" : 0.0,
      "y" : -17.944271,
      "z" : 46.978714
    }, {
      "x" : 0.0,
      "y" : 0.0,
      "z" : 29.034441
    }, {
      "x" : 8.972136,
      "y" : -14.5172205,
      "z" : 23.489357
    } ],
    "faces" : [ {
      "vertices" : [ 0, 1, 2 ]
    }, {
      "vertices" : [ 0, 2, 1 ]
    } ]
  }, {
    "id" : "cd4459e8-bc9f-4a42-8a83-7594327ad6b6",
    "vertices" : [ {
      "x" : 17.944271,
      "y" : -46.978714,
      "z" : 0.0
    }, {
      "x" : 0.0,
      "y" : -29.034441,
      "z" : 0.0
    }, {
      "x" : 14.5172205,
      "y" : -23.489357,
      "z" : 8.972136
    } ],
    "faces" : [ {
      "vertices" : [ 0, 1, 2 ]
    }, {
      "vertices" : [ 0, 2, 1 ]
    } ]
  }, {
    "id" : "eccd618b-addf-467e-a63f-830b0928cded",
    "vertices" : [ {
      "x" : 46.978714,
      "y" : 0.0,
      "z" : -17.944271
    }, {
      "x" : 23.489357,
      "y" : -8.972136,
      "z" : -14.5172205
    }, {
      "x" : 29.034441,
      "y" : 0.0,
      "z" : 0.0
    } ],
    "faces" : [ {
      "vertices" : [ 0, 1, 2 ]
    }, {
      "vertices" : [ 0, 2, 1 ]
    } ]
  }, {
    "id" : "98d71d33-a8bc-4bee-bb7b-23ac25c617c1",
    "vertices" : [ {
      "x" : 0.0,
      "y" : -17.944271,
      "z" : 46.978714
    }, {
      "x" : 8.972136,
      "y" : -14.5172205,
      "z" : 23.489357
    }, {
      "x" : -8.972136,
      "y" : -14.5172205,
      "z" : 23.489357
    } ],
    "faces" : [ {
      "vertices" : [ 0, 1, 2 ]
    }, {
      "vertices" : [ 0, 2, 1 ]
    } ]
  }, {
    "id" : "436d120d-ba8f-4247-83d3-6085820bf696",
    "vertices" : [ {
      "x" : 14.5172205,
      "y" : 23.489357,
      "z" : 8.972136
    }, {
      "x" : 8.972136,
      "y" : 14.5172205,
      "z" : 23.489357
    }, {
      "x" : 0.0,
      "y" : 76.01315,
      "z" : 46.978714
    } ],
    "faces" : [ {
      "vertices" : [ 0, 1, 2 ]
    }, {
      "vertices" : [ 0, 2, 1 ]
    } ]
  }, {
    "id" : "ada62222-a476-47a0-965f-4fbe7807a9de",
    "vertices" : [ {
      "x" : -29.034441,
      "y" : 29.034441,
      "z" : 29.034441
    }, {
      "x" : -23.489357,
      "y" : 8.972136,
      "z" : 14.5172205
    }, {
      "x" : -14.5172205,
      "y" : 23.489357,
      "z" : 8.972136
    } ],
    "faces" : [ {
      "vertices" : [ 0, 1, 2 ]
    }, {
      "vertices" : [ 0, 2, 1 ]
    } ]
  }, {
    "id" : "11ad94c8-e472-4a29-a876-6759cad3f53c",
    "vertices" : [ {
      "x" : 23.489357,
      "y" : -8.972136,
      "z" : -14.5172205
    }, {
      "x" : 23.489357,
      "y" : 8.972136,
      "z" : -14.5172205
    }, {
      "x" : 46.978714,
      "y" : 0.0,
      "z" : -76.01315
    } ],
    "faces" : [ {
      "vertices" : [ 0, 1, 2 ]
    }, {
      "vertices" : [ 0, 2, 1 ]
    } ]
  }, {
    "id" : "15d6be45-9b96-4a04-9223-301938789e3f",
    "vertices" : [ {
      "x" : 46.978714,
      "y" : 0.0,
      "z" : 17.944271
    }, {
      "x" : 23.489357,
      "y" : 8.972136,
      "z" : 14.5172205
    }, {
      "x" : 29.034441,
      "y" : 0.0,
      "z" : 0.0
    } ],
    "faces" : [ {
      "vertices" : [ 0, 1, 2 ]
    }, {
      "vertices" : [ 0, 2, 1 ]
    } ]
  }, {
    "id" : "4c4e2dd4-3e9d-42b8-aed4-376f7f65dc8a",
    "vertices" : [ {
      "x" : -17.944271,
      "y" : -46.978714,
      "z" : 0.0
    }, {
      "x" : -14.5172205,
      "y" : -23.489357,
      "z" : 8.972136
    }, {
      "x" : 0.0,
