{
  "polygons" : "true",
  "field" : "golden",
  "symmetry" : "icosahedral",
  "orientations" : [ [ 1.0, 0.0, 0.0, 0.0, 0.0, 1.0, 0.0, 0.0, 0.0, 0.0, 1.0, 0.0, 0.0, 0.0, 0.0, 1.0 ], [ 0.0, 0.0, 1.0, 0.0, 1.0, 0.0, 0.0, 0.0, 0.0, 1.0, 0.0, 0.0, 0.0, 0.0, 0.0, 1.0 ], [ 0.0, 1.0, 0.0, 0.0, 0.0, 0.0, 1.0, 0.0, 1.0, 0.0, 0.0, 0.0, 0.0, 0.0, 0.0, 1.0 ], [ 0.809017, 0.309017, 0.5, 0.0, 0.309017, 0.5, -0.809017, 0.0, -0.5, 0.809017, 0.309017, 0.0, 0.0, 0.0, 0.0, 1.0 ], [ -0.5, 0.809017, 0.309017, 0.0, 0.809017, 0.309017, 0.5, 0.0, 0.309017, 0.5, -0.809017, 0.0, 0.0, 0.0, 0.0, 1.0 ], [ 0.309017, 0.5, -0.809017, 0.0, -0.5, 0.809017, 0.309017, 0.0, 0.809017, 0.309017, 0.5, 0.0, 0.0, 0.0, 0.0, 1.0 ], [ 0.5, 0.809017, 0.309017, 0.0, 0.809017, -0.309017, -0.5, 0.0, -0.309017, 0.5, -0.809017, 0.0, 0.0, 0.0, 0.0, 1.0 ], [ -0.309017, 0.5, -0.809017, 0.0, 0.5, 0.809017, 0.309017, 0.0, 0.809017, -0.309017, -0.5, 0.0, 0.0, 0.0, 0.0, 1.0 ], [ 0.809017, -0.309017, -0.5, 0.0, -0.309017, 0.5, -0.809017, 0.0, 0.5, 0.809017, 0.309017, 0.0, 0.0, 0.0, 0.0, 1.0 ], [ 0.5, 0.809017, -0.309017, 0.0, 0.809017, -0.309017, 0.5, 0.0, 0.309017, -0.5, -0.809017, 0.0, 0.0, 0.0, 0.0, 1.0 ], [ 0.309017, -0.5, -0.809017, 0.0, 0.5, 0.809017, -0.309017, 0.0, 0.809017, -0.309017, 0.5, 0.0, 0.0, 0.0, 0.0, 1.0 ], [ 0.809017, -0.309017, 0.5, 0.0, 0.309017, -0.5, -0.809017, 0.0, 0.5, 0.809017, -0.309017, 0.0, 0.0, 0.0, 0.0, 1.0 ], [ 0.809017, 0.309017, -0.5, 0.0, 0.309017, 0.5, 0.809017, 0.0, 0.5, -0.809017, 0.309017, 0.0, 0.0, 0.0, 0.0, 1.0 ], [ 0.5, -0.809017, 0.309017, 0.0, 0.809017, 0.309017, -0.5, 0.0, 0.309017, 0.5, 0.809017, 0.0, 0.0, 0.0, 0.0, 1.0 ], [ 0.309017, 0.5, 0.809017, 0.0, 0.5, -0.809017, 0.309017, 0.0, 0.809017, 0.309017, -0.5, 0.0, 0.0, 0.0, 0.0, 1.0 ], [ 1.0, 0.0, 0.0, 0.0, 0.0, -1.0, 0.0, 0.0, 0.0, 0.0, -1.0, 0.0, 0.0, 0.0, 0.0, 1.0 ], [ 0.0, 0.0, 1.0, 0.0, -1.0, 0.0, 0.0, 0.0, 0.0, -1.0, 0.0, 0.0, 0.0, 0.0, 0.0, 1.0 ], [ 0.0, 1.0, 0.0, 0.0, 0.0, 0.0, -1.0, 0.0, -1.0, 0.0, 0.0, 0.0, 0.0, 0.0, 0.0, 1.0 ], [ 0.809017, 0.309017, 0.5, 0.0, -0.309017, -0.5, 0.809017, 0.0, 0.5, -0.809017, -0.309017, 0.0, 0.0, 0.0, 0.0, 1.0 ], [ -0.5, 0.809017, 0.309017, 0.0, -0.809017, -0.309017, -0.5, 0.0, -0.309017, -0.5, 0.809017, 0.0, 0.0, 0.0, 0.0, 1.0 ], [ 0.309017, 0.5, -0.809017, 0.0, 0.5, -0.809017, -0.309017, 0.0, -0.809017, -0.309017, -0.5, 0.0, 0.0, 0.0, 0.0, 1.0 ], [ 0.5, 0.809017, 0.309017, 0.0, -0.809017, 0.309017, 0.5, 0.0, 0.309017, -0.5, 0.809017, 0.0, 0.0, 0.0, 0.0, 1.0 ], [ -0.309017, 0.5, -0.809017, 0.0, -0.5, -0.809017, -0.309017, 0.0, -0.809017, 0.309017, 0.5, 0.0, 0.0, 0.0, 0.0, 1.0 ], [ 0.809017, -0.309017, -0.5, 0.0, 0.309017, -0.5, 0.809017, 0.0, -0.5, -0.809017, -0.309017, 0.0, 0.0, 0.0, 0.0, 1.0 ], [ 0.5, 0.809017, -0.309017, 0.0, -0.809017, 0.309017, -0.5, 0.0, -0.309017, 0.5, 0.809017, 0.0, 0.0, 0.0, 0.0, 1.0 ], [ 0.309017, -0.5, -0.809017, 0.0, -0.5, -0.809017, 0.309017, 0.0, -0.809017, 0.309017, -0.5, 0.0, 0.0, 0.0, 0.0, 1.0 ], [ 0.809017, -0.309017, 0.5, 0.0, -0.309017, 0.5, 0.809017, 0.0, -0.5, -0.809017, 0.309017, 0.0, 0.0, 0.0, 0.0, 1.0 ], [ 0.809017, 0.309017, -0.5, 0.0, -0.309017, -0.5, -0.809017, 0.0, -0.5, 0.809017, -0.309017, 0.0, 0.0, 0.0, 0.0, 1.0 ], [ 0.5, -0.809017, 0.309017, 0.0, -0.809017, -0.309017, 0.5, 0.0, -0.309017, -0.5, -0.809017, 0.0, 0.0, 0.0, 0.0, 1.0 ], [ 0.309017, 0.5, 0.809017, 0.0, -0.5, 0.809017, -0.309017, 0.0, -0.809017, -0.309017, 0.5, 0.0, 0.0, 0.0, 0.0, 1.0 ], [ -1.0, 0.0, 0.0, 0.0, 0.0, -1.0, 0.0, 0.0, 0.0, 0.0, 1.0, 0.0, 0.0, 0.0, 0.0, 1.0 ], [ 0.0, 0.0, -1.0, 0.0, -1.0, 0.0, 0.0, 0.0, 0.0, 1.0, 0.0, 0.0, 0.0, 0.0, 0.0, 1.0 ], [ 0.0, -1.0, 0.0, 0.0, 0.0, 0.0, -1.0, 0.0, 1.0, 0.0, 0.0, 0.0, 0.0, 0.0, 0.0, 1.0 ], [ -0.809017, -0.309017, -0.5, 0.0, -0.309017, -0.5, 0.809017, 0.0, -0.5, 0.809017, 0.309017, 0.0, 0.0, 0.0, 0.0, 1.0 ], [ 0.5, -0.809017, -0.309017, 0.0, -0.809017, -0.309017, -0.5, 0.0, 0.309017, 0.5, -0.809017, 0.0, 0.0, 0.0, 0.0, 1.0 ], [ -0.309017, -0.5, 0.809017, 0.0, 0.5, -0.809017, -0.309017, 0.0, 0.809017, 0.309017, 0.5, 0.0, 0.0, 0.0, 0.0, 1.0 ], [ -0.5, -0.809017, -0.309017, 0.0, -0.809017, 0.309017, 0.5, 0.0, -0.309017, 0.5, -0.809017, 0.0, 0.0, 0.0, 0.0, 1.0 ], [ 0.309017, -0.5, 0.809017, 0.0, -0.5, -0.809017, -0.309017, 0.0, 0.809017, -0.309017, -0.5, 0.0, 0.0, 0.0, 0.0, 1.0 ], [ -0.809017, 0.309017, 0.5, 0.0, 0.309017, -0.5, 0.809017, 0.0, 0.5, 0.809017, 0.309017, 0.0, 0.0, 0.0, 0.0, 1.0 ], [ -0.5, -0.809017, 0.309017, 0.0, -0.809017, 0.309017, -0.5, 0.0, 0.309017, -0.5, -0.809017, 0.0, 0.0, 0.0, 0.0, 1.0 ], [ -0.309017, 0.5, 0.809017, 0.0, -0.5, -0.809017, 0.309017, 0.0, 0.809017, -0.309017, 0.5, 0.0, 0.0, 0.0, 0.0, 1.0 ], [ -0.809017, 0.309017, -0.5, 0.0, -0.309017, 0.5, 0.809017, 0.0, 0.5, 0.809017, -0.309017, 0.0, 0.0, 0.0, 0.0, 1.0 ], [ -0.809017, -0.309017, 0.5, 0.0, -0.309017, -0.5, -0.809017, 0.0, 0.5, -0.809017, 0.309017, 0.0, 0.0, 0.0, 0.0, 1.0 ], [ -0.5, 0.809017, -0.309017, 0.0, -0.809017, -0.309017, 0.5, 0.0, 0.309017, 0.5, 0.809017, 0.0, 0.0, 0.0, 0.0, 1.0 ], [ -0.309017, -0.5, -0.809017, 0.0, -0.5, 0.809017, -0.309017, 0.0, 0.809017, 0.309017, -0.5, 0.0, 0.0, 0.0, 0.0, 1.0 ], [ -1.0, 0.0, 0.0, 0.0, 0.0, 1.0, 0.0, 0.0, 0.0, 0.0, -1.0, 0.0, 0.0, 0.0, 0.0, 1.0 ], [ 0.0, 0.0, -1.0, 0.0, 1.0, 0.0, 0.0, 0.0, 0.0, -1.0, 0.0, 0.0, 0.0, 0.0, 0.0, 1.0 ], [ 0.0, -1.0, 0.0, 0.0, 0.0, 0.0, 1.0, 0.0, -1.0, 0.0, 0.0, 0.0, 0.0, 0.0, 0.0, 1.0 ], [ -0.809017, -0.309017, -0.5, 0.0, 0.309017, 0.5, -0.809017, 0.0, 0.5, -0.809017, -0.309017, 0.0, 0.0, 0.0, 0.0, 1.0 ], [ 0.5, -0.809017, -0.309017, 0.0, 0.809017, 0.309017, 0.5, 0.0, -0.309017, -0.5, 0.809017, 0.0, 0.0, 0.0, 0.0, 1.0 ], [ -0.309017, -0.5, 0.809017, 0.0, -0.5, 0.809017, 0.309017, 0.0, -0.809017, -0.309017, -0.5, 0.0, 0.0, 0.0, 0.0, 1.0 ], [ -0.5, -0.809017, -0.309017, 0.0, 0.809017, -0.309017, -0.5, 0.0, 0.309017, -0.5, 0.809017, 0.0, 0.0, 0.0, 0.0, 1.0 ], [ 0.309017, -0.5, 0.809017, 0.0, 0.5, 0.809017, 0.309017, 0.0, -0.809017, 0.309017, 0.5, 0.0, 0.0, 0.0, 0.0, 1.0 ], [ -0.809017, 0.309017, 0.5, 0.0, -0.309017, 0.5, -0.809017, 0.0, -0.5, -0.809017, -0.309017, 0.0, 0.0, 0.0, 0.0, 1.0 ], [ -0.5, -0.809017, 0.309017, 0.0, 0.809017, -0.309017, 0.5, 0.0, -0.309017, 0.5, 0.809017, 0.0, 0.0, 0.0, 0.0, 1.0 ], [ -0.309017, 0.5, 0.809017, 0.0, 0.5, 0.809017, -0.309017, 0.0, -0.809017, 0.309017, -0.5, 0.0, 0.0, 0.0, 0.0, 1.0 ], [ -0.809017, 0.309017, -0.5, 0.0, 0.309017, -0.5, -0.809017, 0.0, -0.5, -0.809017, 0.309017, 0.0, 0.0, 0.0, 0.0, 1.0 ], [ -0.809017, -0.309017, 0.5, 0.0, 0.309017, 0.5, 0.809017, 0.0, -0.5, 0.809017, -0.309017, 0.0, 0.0, 0.0, 0.0, 1.0 ], [ -0.5, 0.809017, -0.309017, 0.0, 0.809017, 0.309017, -0.5, 0.0, -0.309017, -0.5, -0.809017, 0.0, 0.0, 0.0, 0.0, 1.0 ], [ -0.309017, -0.5, -0.809017, 0.0, 0.5, -0.809017, 0.309017, 0.0, -0.809017, -0.309017, 0.5, 0.0, 0.0, 0.0, 0.0, 1.0 ] ],
  "lights" : {
    "ambientColor" : "#292929",
    "backgroundColor" : "#CCCCCC",
    "directionalLights" : [ {
      "direction" : [ 1.0, -1.0, -1.0 ],
      "color" : "#EBEBE4"
    }, {
      "direction" : [ -1.0, 0.0, 0.0 ],
      "color" : "#E4E4EB"
    }, {
      "direction" : [ 0.0, 0.0, -1.0 ],
      "color" : "#1E1E1E"
    } ]
  },
  "camera" : {
    "viewDistance" : 44.206837,
    "nearClipDistance" : 0.11051758,
    "farClipDistance" : 88.413956,
    "lookAtPoint" : {
      "x" : 0.0,
      "y" : 0.0,
      "z" : 0.0
    },
    "fieldOfView" : 0.44263026,
    "perspective" : false,
    "lookDirection" : {
      "x" : -0.0061847353,
      "y" : 0.16698945,
      "z" : -0.9859422
    },
    "upDirection" : {
      "x" : -0.014554667,
      "y" : 0.98583966,
      "z" : 0.1670595
    },
    "width" : 19.89314,
    "stereo" : false,
    "position" : {
      "x" : 0.27340758,
      "y" : -7.3820753,
      "z" : 43.585384
    }
  },
  "embedding" : [ 1.0, 0.0, 0.0, 0.0, 0.0, 1.0, 0.0, 0.0, 0.0, 0.0, 1.0, 0.0, 0.0, 0.0, 0.0, 1.0 ],
  "shapes" : [ {
    "id" : "027bfbd4-4172-4b23-be67-9cbc27f29112",
    "orbit" : "green",
    "name" : "g0",
    "vertices" : [ {
      "x" : 6.545085,
      "y" : 2.5,
      "z" : -0.95491505
    }, {
      "x" : 6.163119,
      "y" : 2.045085,
      "z" : -0.76393205
    }, {
      "x" : 6.0,
      "y" : 2.309017,
      "z" : -1.190983
    }, {
      "x" : 5.927051,
      "y" : 2.572949,
      "z" : -1.0
    }, {
      "x" : 0.85410196,
      "y" : 0.309017,
      "z" : 0.19098301
    }, {
      "x" : 0.690983,
      "y" : 0.572949,
      "z" : -0.23606798
    }, {
      "x" : 0.309017,
      "y" : 0.11803399,
      "z" : -0.045084972
    }, {
      "x" : 0.76393205,
      "y" : 0.309017,
      "z" : -0.42705098
    }, {
      "x" : 0.927051,
      "y" : 0.045084972,
      "z" : 0.0
    }, {
      "x" : 6.09017,
      "y" : 2.309017,
      "z" : -0.572949
    }, {
      "x" : 6.854102,
      "y" : 2.618034,
      "z" : -1.0
    } ],
    "faces" : [ {
      "vertices" : [ 2, 7, 5, 3 ]
    }, {
      "vertices" : [ 1, 8, 7, 2 ]
    }, {
      "vertices" : [ 4, 6, 8 ]
    }, {
      "vertices" : [ 5, 7, 6 ]
    }, {
      "vertices" : [ 0, 1, 2 ]
    }, {
      "vertices" : [ 0, 2, 3 ]
    }, {
      "vertices" : [ 6, 7, 8 ]
    }, {
      "vertices" : [ 3, 5, 4, 9 ]
    }, {
      "vertices" : [ 1, 9, 4, 8 ]
    }, {
      "vertices" : [ 0, 9, 1 ]
    }, {
      "vertices" : [ 0, 3, 9 ]
    }, {
      "vertices" : [ 4, 5, 6 ]
    } ]
  }, {
    "id" : "738dadb1-7109-433d-8b2b-85e8bee4aa2b",
    "name" : "ball",
    "vertices" : [ {
      "x" : 0.309017,
      "y" : -0.309017,
      "z" : -0.309017
    }, {
      "x" : 0.5,
      "y" : 0.0,
      "z" : -0.19098301
    }, {
      "x" : 0.5,
      "y" : 0.0,
      "z" : 0.19098301
    }, {
      "x" : 0.309017,
      "y" : -0.309017,
      "z" : 0.309017
    }, {
      "x" : 0.19098301,
      "y" : -0.5,
      "z" : 0.0
    }, {
      "x" : 0.0,
      "y" : 0.19098301,
      "z" : 0.5
    }, {
      "x" : 0.0,
      "y" : -0.19098301,
      "z" : 0.5
    }, {
      "x" : 0.309017,
      "y" : 0.309017,
      "z" : 0.309017
    }, {
      "x" : -0.309017,
      "y" : -0.309017,
      "z" : 0.309017
    }, {
      "x" : -0.309017,
      "y" : 0.309017,
      "z" : 0.309017
    }, {
      "x" : -0.5,
      "y" : 0.0,
      "z" : 0.19098301
    }, {
      "x" : 0.0,
      "y" : -0.19098301,
      "z" : -0.5
    }, {
      "x" : 0.0,
      "y" : 0.19098301,
      "z" : -0.5
    }, {
      "x" : 0.309017,
      "y" : 0.309017,
      "z" : -0.309017
    }, {
      "x" : -0.309017,
      "y" : -0.309017,
      "z" : -0.309017
    }, {
      "x" : -0.19098301,
      "y" : -0.5,
      "z" : 0.0
    }, {
      "x" : -0.5,
      "y" : 0.0,
      "z" : -0.19098301
    }, {
      "x" : 0.19098301,
      "y" : 0.5,
      "z" : 0.0
    }, {
      "x" : -0.309017,
      "y" : 0.309017,
      "z" : -0.309017
    }, {
      "x" : 0.0,
      "y" : 0.0,
      "z" : 0.0
    }, {
      "x" : -0.19098301,
      "y" : 0.5,
      "z" : 0.0
    } ],
    "faces" : [ {
      "vertices" : [ 12, 18, 20, 17, 13 ]
    }, {
      "vertices" : [ 3, 6, 8, 15, 4 ]
    }, {
      "vertices" : [ 0, 11, 12, 13, 1 ]
    }, {
      "vertices" : [ 5, 9, 10, 8, 6 ]
    }, {
      "vertices" : [ 2, 7, 5, 6, 3 ]
    }, {
      "vertices" : [ 11, 14, 16, 18, 12 ]
    }, {
      "vertices" : [ 1, 13, 17, 7, 2 ]
    }, {
      "vertices" : [ 9, 20, 18, 16, 10 ]
    }, {
      "vertices" : [ 0, 1, 2, 3, 4 ]
    }, {
      "vertices" : [ 5, 7, 17, 20, 9 ]
    }, {
      "vertices" : [ 0, 4, 15, 14, 11 ]
    }, {
      "vertices" : [ 8, 10, 16, 14, 15 ]
    } ]
  }, {
    "id" : "9311dd80-17c8-461a-ab7b-86aab9b596cc",
    "orbit" : "navy",
    "name" : " :-8 +6*phi",
    "vertices" : [ {
      "x" : 9.673762,
      "y" : 11.326238,
      "z" : 0.0
    }, {
      "x" : 8.954915,
      "y" : 10.708204,
      "z" : 0.309017
    }, {
      "x" : 9.454915,
      "y" : 10.5172205,
      "z" : 0.0
    }, {
      "x" : 9.336881,
      "y" : 10.708204,
      "z" : -0.309017
    }, {
      "x" : 8.836881,
      "y" : 10.899187,
      "z" : 0.0
    }, {
      "x" : 0.54508495,
      "y" : 1.190983,
      "z" : 0.0
    }, {
      "x" : 0.66311896,
      "y" : 1.0,
      "z" : 0.309017
    }, {
      "x" : 1.163119,
      "y" : 0.809017,
      "z" : 0.0
    }, {
      "x" : 1.045085,
      "y" : 1.0,
      "z" : -0.309017
    }, {
      "x" : 0.32623792,
      "y" : 0.38196602,
      "z" : 0.0
    }, {
      "x" : 10.0,
      "y" : 11.708204,
      "z" : 0.0
    } ],
    "faces" : [ {
      "vertices" : [ 1, 4, 5, 6 ]
    }, {
      "vertices" : [ 1, 6, 7, 2 ]
    }, {
      "vertices" : [ 0, 1, 2 ]
    }, {
      "vertices" : [ 2, 7, 8, 3 ]
    }, {
      "vertices" : [ 5, 9, 6 ]
    }, {
      "vertices" : [ 3, 8, 5, 4 ]
    }, {
      "vertices" : [ 0, 2, 3 ]
    }, {
      "vertices" : [ 0, 4, 1 ]
    }, {
      "vertices" : [ 6, 9, 7 ]
    }, {
      "vertices" : [ 5, 8, 9 ]
    }, {
      "vertices" : [ 0, 3, 4 ]
    }, {
      "vertices" : [ 7, 9, 8 ]
    } ]
  }, {
    "id" : "118afafc-4a1a-4b48-96ad-b5ad36c5c964",
    "orbit" : "green",
    "name" : "g1",
    "vertices" : [ {
      "x" : 10.781153,
      "y" : 4.118034,
      "z" : -1.572949
    }, {
      "x" : 10.399187,
      "y" : 3.663119,
      "z" : -1.381966
    }, {
      "x" : 10.236068,
      "y" : 3.927051,
      "z" : -1.809017
    }, {
      "x" : 10.163119,
      "y" : 4.190983,
      "z" : -1.618034
    }, {
      "x" : 0.85410196,
      "y" : 0.309017,
      "z" : 0.19098301
    }, {
      "x" : 0.690983,
      "y" : 0.572949,
      "z" : -0.23606798
    }, {
      "x" : 0.309017,
      "y" : 0.11803399,
      "z" : -0.045084972
    }, {
      "x" : 0.76393205,
      "y" : 0.309017,
      "z" : -0.42705098
    }, {
      "x" : 0.927051,
      "y" : 0.045084972,
      "z" : 0.0
    }, {
      "x" : 10.326238,
      "y" : 3.927051,
      "z" : -1.190983
    }, {
      "x" : 11.09017,
      "y" : 4.236068,
      "z" : -1.618034
    } ],
    "faces" : [ {
      "vertices" : [ 2, 7, 5, 3 ]
    }, {
      "vertices" : [ 1, 8, 7, 2 ]
    }, {
      "vertices" : [ 4, 6, 8 ]
    }, {
      "vertices" : [ 5, 7, 6 ]
    }, {
      "vertices" : [ 0, 1, 2 ]
    }, {
      "vertices" : [ 0, 2, 3 ]
    }, {
      "vertices" : [ 6, 7, 8 ]
    }, {
      "vertices" : [ 3, 5, 4, 9 ]
    }, {
      "vertices" : [ 1, 9, 4, 8 ]
    }, {
      "vertices" : [ 0, 9, 1 ]
    }, {
      "vertices" : [ 0, 3, 9 ]
    }, {
      "vertices" : [ 4, 5, 6 ]
    } ]
  }, {
    "id" : "5eb84321-f4db-4e9c-9738-852275444fb3",
    "orbit" : "30623",
    "name" : " :2316/19 -1416/19*phi",
    "vertices" : [ {
      "x" : 3.753241,
      "y" : 0.39154547,
      "z" : 8.124563
    }, {
      "x" : 3.6532412,
      "y" : 0.7915455,
      "z" : 8.024564
    }, {
      "x" : 0.39265698,
      "y" : 0.31665844,
      "z" : 0.43774244
    }, {
      "x" : 0.49265698,
      "y" : -0.083341554,
      "z" : 0.53774244
    }, {
      "x" : 3.953241,
      "y" : 0.92487884,
      "z" : 7.79123
    }, {
      "x" : 4.0532413,
      "y" : 0.5248788,
      "z" : 7.89123
    }, {
      "x" : 0.19265698,
      "y" : -0.2166749,
      "z" : 0.7710758
    }, {
      "x" : 0.09265697,
      "y" : 0.18332511,
      "z" : 0.67107576
    } ],
    "faces" : [ {
      "vertices" : [ 2, 3, 6, 7 ]
    }, {
      "vertices" : [ 0, 5, 4, 1 ]
    }, {
      "vertices" : [ 2, 4, 5, 3 ]
    }, {
      "vertices" : [ 0, 6, 3, 5 ]
    }, {
      "vertices" : [ 0, 1, 7, 6 ]
    }, {
      "vertices" : [ 1, 4, 2, 7 ]
    } ]
  } ],
  "instances" : [ {
    "shape" : "027bfbd4-4172-4b23-be67-9cbc27f29112",
    "color" : "#008D36",
    "position" : {
      "x" : -2.618034,
      "y" : -2.618034,
      "z" : 2.618034
    },
    "orientation" : 52
  }, {
    "shape" : "027bfbd4-4172-4b23-be67-9cbc27f29112",
    "color" : "#008D36",
    "position" : {
      "x" : -2.618034,
      "y" : 2.618034,
      "z" : 2.618034
    },
    "orientation" : 29
  }, {
    "shape" : "027bfbd4-4172-4b23-be67-9cbc27f29112",
    "color" : "#008D36",
    "position" : {
      "x" : -1.618034,
      "y" : -4.236068,
      "z" : 0.0
    },
    "orientation" : 49
  }, {
    "shape" : "738dadb1-7109-433d-8b2b-85e8bee4aa2b",
    "color" : "#FFFFFF",
    "position" : {
      "x" : 0.0,
      "y" : -1.618034,
      "z" : -4.236068
    }
  }, {
    "shape" : "738dadb1-7109-433d-8b2b-85e8bee4aa2b",
    "color" : "#FFFFFF",
    "position" : {
      "x" : 0.0,
      "y" : -1.618034,
      "z" : 4.236068
    }
  }, {
    "shape" : "027bfbd4-4172-4b23-be67-9cbc27f29112",
    "color" : "#008D36",
    "position" : {
      "x" : 2.618034,
      "y" : -2.618034,
      "z" : -2.618034
    },
    "orientation" : 38
  }, {
    "shape" : "738dadb1-7109-433d-8b2b-85e8bee4aa2b",
    "color" : "#FFFFFF",
    "position" : {
      "x" : -4.236068,
      "y" : 0.0,
      "z" : -1.618034
    }
  }, {
    "shape" : "738dadb1-7109-433d-8b2b-85e8bee4aa2b",
    "color" : "#FFFFFF",
    "position" : {
      "x" : 0.0,
      "y" : 1.618034,
      "z" : 4.236068
    }
  }, {
    "shape" : "738dadb1-7109-433d-8b2b-85e8bee4aa2b",
    "color" : "#FFFFFF",
    "position" : {
      "x" : 2.618034,
      "y" : -2.618034,
      "z" : -2.618034
    }
  }, {
    "shape" : "738dadb1-7109-433d-8b2b-85e8bee4aa2b",
    "color" : "#FFFFFF",
    "position" : {
      "x" : -4.236068,
      "y" : 0.0,
      "z" : 1.618034
    }
  }, {
    "shape" : "027bfbd4-4172-4b23-be67-9cbc27f29112",
    "color" : "#008D36",
    "position" : {
      "x" : 2.618034,
      "y" : 2.618034,
      "z" : 2.618034
    },
    "orientation" : 22
  }, {
    "shape" : "027bfbd4-4172-4b23-be67-9cbc27f29112",
    "color" : "#008D36",
    "position" : {
      "x" : -2.618034,
      "y" : -2.618034,
      "z" : -2.618034
    },
    "orientation" : 13
  }, {
    "shape" : "738dadb1-7109-433d-8b2b-85e8bee4aa2b",
    "color" : "#FFFFFF",
    "position" : {
      "x" : -2.618034,
      "y" : 2.618034,
      "z" : 2.618034
    }
  }, {
    "shape" : "027bfbd4-4172-4b23-be67-9cbc27f29112",
    "color" : "#008D36",
    "position" : {
      "x" : 4.236068,
      "y" : 0.0,
      "z" : 1.618034
    },
    "orientation" : 33
  }, {
    "shape" : "027bfbd4-4172-4b23-be67-9cbc27f29112",
    "color" : "#008D36",
    "position" : {
      "x" : -2.618034,
      "y" : -2.618034,
      "z" : -2.618034
    },
    "orientation" : 12
  }, {
    "shape" : "738dadb1-7109-433d-8b2b-85e8bee4aa2b",
    "color" : "#FFFFFF",
    "position" : {
      "x" : 4.236068,
      "y" : 0.0,
      "z" : -1.618034
    }
  }, {
    "shape" : "027bfbd4-4172-4b23-be67-9cbc27f29112",
    "color" : "#008D36",
    "position" : {
      "x" : -4.236068,
      "y" : 0.0,
      "z" : 1.618034
    },
    "orientation" : 3
  }, {
    "shape" : "027bfbd4-4172-4b23-be67-9cbc27f29112",
    "color" : "#008D36",
    "position" : {
      "x" : -4.236068,
      "y" : 0.0,
      "z" : -1.618034
    },
    "orientation" : 18
  }, {
    "shape" : "027bfbd4-4172-4b23-be67-9cbc27f29112",
    "color" : "#008D36",
    "position" : {
      "x" : 0.0,
      "y" : -1.618034,
      "z" : -4.236068
    },
    "orientation" : 35
  }, {
    "shape" : "738dadb1-7109-433d-8b2b-85e8bee4aa2b",
    "color" : "#FFFFFF",
    "position" : {
      "x" : -2.618034,
      "y" : -2.618034,
      "z" : 2.618034
    }
  }, {
    "shape" : "027bfbd4-4172-4b23-be67-9cbc27f29112",
    "color" : "#008D36",
    "position" : {
      "x" : 0.0,
      "y" : -1.618034,
      "z" : 4.236068
    },
    "orientation" : 20
  }, {
    "shape" : "027bfbd4-4172-4b23-be67-9cbc27f29112",
    "color" : "#008D36",
    "position" : {
      "x" : -2.618034,
      "y" : 2.618034,
      "z" : -2.618034
    },
    "orientation" : 21
  }, {
    "shape" : "027bfbd4-4172-4b23-be67-9cbc27f29112",
    "color" : "#008D36",
    "position" : {
      "x" : 1.618034,
      "y" : 4.236068,
      "z" : 0.0
    },
    "orientation" : 19
  }, {
    "shape" : "027bfbd4-4172-4b23-be67-9cbc27f29112",
    "color" : "#008D36",
    "position" : {
      "x" : 2.618034,
      "y" : 2.618034,
      "z" : -2.618034
    },
    "orientation" : 43
  }, {
    "shape" : "027bfbd4-4172-4b23-be67-9cbc27f29112",
    "color" : "#008D36",
    "position" : {
      "x" : 0.0,
      "y" : 1.618034,
      "z" : 4.236068
    },
    "orientation" : 17
  }, {
    "shape" : "738dadb1-7109-433d-8b2b-85e8bee4aa2b",
    "color" : "#FFFFFF",
    "position" : {
      "x" : -1.618034,
      "y" : 4.236068,
      "z" : 0.0
    }
  }, {
    "shape" : "027bfbd4-4172-4b23-be67-9cbc27f29112",
    "color" : "#008D36",
    "position" : {
      "x" : -2.618034,
      "y" : -2.618034,
      "z" : 2.618034
    },
    "orientation" : 6
  }, {
    "shape" : "738dadb1-7109-433d-8b2b-85e8bee4aa2b",
    "color" : "#FFFFFF",
    "position" : {
      "x" : 2.618034,
      "y" : 2.618034,
      "z" : 2.618034
    }
  }, {
    "shape" : "027bfbd4-4172-4b23-be67-9cbc27f29112",
    "color" : "#008D36",
    "position" : {
      "x" : 0.0,
      "y" : 1.618034,
      "z" : 4.236068
    },
    "orientation" : 50
  }, {
    "shape" : "738dadb1-7109-433d-8b2b-85e8bee4aa2b",
    "color" : "#FFFFFF",
    "position" : {
      "x" : 2.618034,
      "y" : -2.618034,
      "z" : 2.618034
    }
  }, {
    "shape" : "738dadb1-7109-433d-8b2b-85e8bee4aa2b",
    "color" : "#FFFFFF",
    "position" : {
      "x" : 1.618034,
      "y" : -4.236068,
      "z" : 0.0
    }
  }, {
    "shape" : "738dadb1-7109-433d-8b2b-85e8bee4aa2b",
    "color" : "#FFFFFF",
    "position" : {
      "x" : 1.618034,
      "y" : 4.236068,
      "z" : 0.0
    }
  }, {
    "shape" : "738dadb1-7109-433d-8b2b-85e8bee4aa2b",
    "color" : "#FFFFFF",
    "position" : {
      "x" : -1.618034,
      "y" : -4.236068,
      "z" : 0.0
    }
  }, {
    "shape" : "027bfbd4-4172-4b23-be67-9cbc27f29112",
    "color" : "#008D36",
    "position" : {
      "x" : -2.618034,
      "y" : 2.618034,
      "z" : 2.618034
    },
    "orientation" : 27
  }, {
    "shape" : "738dadb1-7109-433d-8b2b-85e8bee4aa2b",
    "color" : "#FFFFFF",
    "position" : {
      "x" : 0.0,
      "y" : 1.618034,
      "z" : -4.236068
    }
  }, {
    "shape" : "738dadb1-7109-433d-8b2b-85e8bee4aa2b",
    "color" : "#FFFFFF",
    "position" : {
      "x" : 2.618034,
      "y" : 2.618034,
      "z" : -2.618034
    }
  }, {
    "shape" : "027bfbd4-4172-4b23-be67-9cbc27f29112",
    "color" : "#008D36",
    "position" : {
      "x" : 0.0,
      "y" : -1.618034,
      "z" : -4.236068
    },
    "orientation" : 2
  }, {
    "shape" : "027bfbd4-4172-4b23-be67-9cbc27f29112",
    "color" : "#008D36",
    "position" : {
      "x" : -4.236068,
      "y" : 0.0,
      "z" : 1.618034
    },
    "orientation" : 15
  }, {
    "shape" : "738dadb1-7109-433d-8b2b-85e8bee4aa2b",
    "color" : "#FFFFFF",
    "position" : {
      "x" : -2.618034,
      "y" : -2.618034,
      "z" : -2.618034
    }
  }, {
    "shape" : "027bfbd4-4172-4b23-be67-9cbc27f29112",
    "color" : "#008D36",
    "position" : {
      "x" : 0.0,
      "y" : 1.618034,
      "z" : -4.236068
    },
    "orientation" : 5
  }, {
    "shape" : "738dadb1-7109-433d-8b2b-85e8bee4aa2b",
    "color" : "#FFFFFF",
    "position" : {
      "x" : 4.236068,
      "y" : 0.0,
      "z" : 1.618034
    }
  }, {
    "shape" : "027bfbd4-4172-4b23-be67-9cbc27f29112",
    "color" : "#008D36",
    "position" : {
      "x" : 2.618034,
      "y" : 2.618034,
      "z" : 2.618034
    },
    "orientation" : 53
  }, {
    "shape" : "027bfbd4-4172-4b23-be67-9cbc27f29112",
    "color" : "#008D36",
    "position" : {
      "x" : -1.618034,
      "y" : 4.236068,
      "z" : 0.0
    },
    "orientation" : 34
  }, {
    "shape" : "027bfbd4-4172-4b23-be67-9cbc27f29112",
    "color" : "#008D36",
    "position" : {
      "x" : 1.618034,
      "y" : 4.236068,
      "z" : 0.0
    },
    "orientation" : 31
  }, {
    "shape" : "738dadb1-7109-433d-8b2b-85e8bee4aa2b",
    "color" : "#FFFFFF",
    "position" : {
      "x" : -2.618034,
      "y" : 2.618034,
      "z" : -2.618034
    }
  }, {
    "shape" : "027bfbd4-4172-4b23-be67-9cbc27f29112",
    "color" : "#008D36",
    "position" : {
      "x" : -1.618034,
      "y" : -4.236068,
      "z" : 0.0
    },
    "orientation" : 1
  }, {
    "shape" : "027bfbd4-4172-4b23-be67-9cbc27f29112",
    "color" : "#008D36",
    "position" : {
      "x" : -4.236068,
      "y" : 0.0,
      "z" : -1.618034
    },
    "orientation" : 0
  }, {
    "shape" : "027bfbd4-4172-4b23-be67-9cbc27f29112",
    "color" : "#008D36",
    "position" : {
      "x" : 4.236068,
      "y" : 0.0,
      "z" : -1.618034
    },
    "orientation" : 48
  }, {
    "shape" : "027bfbd4-4172-4b23-be67-9cbc27f29112",
    "color" : "#008D36",
    "position" : {
      "x" : 1.618034,
      "y" : -4.236068,
      "z" : 0.0
    },
    "orientation" : 4
  }, {
    "shape" : "027bfbd4-4172-4b23-be67-9cbc27f29112",
    "color" : "#008D36",
    "position" : {
      "x" : -2.618034,
      "y" : -2.618034,
      "z" : -2.618034
    },
    "orientation" : 14
  } ],
  "scenes" : [ {
    "title" : "Before-Intersection",
    "content" : "",
    "view" : {
      "viewDistance" : 42.47346,
      "nearClipDistance" : 0.10618411,
      "farClipDistance" : 84.947174,
      "lookAtPoint" : {
        "x" : 0.0,
        "y" : 0.0,
        "z" : 0.0
      },
      "fieldOfView" : 0.44263017,
      "perspective" : true,
      "lookDirection" : {
        "x" : 0.0,
        "y" : 0.0,
        "z" : -1.0
      },
      "upDirection" : {
        "x" : 0.0,
        "y" : 1.0,
        "z" : 0.0
      },
      "width" : 19.113115,
      "stereo" : false,
      "position" : {
        "x" : 0.0,
        "y" : 0.0,
        "z" : 42.47346
      }
    },
    "snapshot" : 2
  }, {
    "title" : "5-Tet+ Before-Intersection",
    "content" : "",
    "view" : {
      "viewDistance" : 42.47346,
      "nearClipDistance" : 0.10618411,
      "farClipDistance" : 84.947174,
      "lookAtPoint" : {
        "x" : 0.0,
        "y" : 0.0,
        "z" : 0.0
      },
      "fieldOfView" : 0.44263017,
      "perspective" : true,
      "lookDirection" : {
        "x" : 0.0,
        "y" : 0.0,
        "z" : -1.0
      },
      "upDirection" : {
        "x" : 0.0,
        "y" : 1.0,
        "z" : 0.0
      },
      "width" : 19.113115,
      "stereo" : false,
      "position" : {
        "x" : 0.0,
        "y" : 0.0,
        "z" : 42.47346
      }
    },
    "snapshot" : 3
  }, {
    "title" : "5-Tetrahedron-Interlink",
    "content" : "",
    "view" : {
      "viewDistance" : 36.924652,
      "nearClipDistance" : 0.092312016,
      "farClipDistance" : 73.849525,
      "lookAtPoint" : {
        "x" : 0.0,
        "y" : 0.0,
        "z" : 0.0
      },
      "fieldOfView" : 0.4426302,
      "perspective" : true,
      "lookDirection" : {
        "x" : 0.0,
        "y" : 0.0,
        "z" : -1.0
      },
      "upDirection" : {
        "x" : 0.0,
        "y" : 1.0,
        "z" : 0.0
      },
      "width" : 16.616144,
      "stereo" : false,
      "position" : {
        "x" : 0.0,
        "y" : 0.0,
        "z" : 36.924652
      }
    },
    "snapshot" : 4
  }, {
    "title" : "5-Tet+ After-intersection",
    "content" : "",
    "view" : {
      "viewDistance" : 65.94885,
      "nearClipDistance" : 0.16487283,
      "farClipDistance" : 131.89812,
      "lookAtPoint" : {
        "x" : 0.0,
        "y" : 0.0,
        "z" : 0.0
      },
      "fieldOfView" : 0.44263005,
      "perspective" : true,
      "lookDirection" : {
        "x" : 0.0,
        "y" : 0.0,
        "z" : -1.0
      },
      "upDirection" : {
        "x" : 0.0,
        "y" : 1.0,
        "z" : 0.0
      },
      "width" : 29.677065,
      "stereo" : false,
      "position" : {
        "x" : 0.0,
        "y" : 0.0,
        "z" : 65.94885
      }
    },
    "snapshot" : 0
  }, {
    "title" : "After intersection",
    "content" : "",
    "view" : {
      "viewDistance" : 65.94885,
      "nearClipDistance" : 0.16487283,
      "farClipDistance" : 131.89812,
      "lookAtPoint" : {
        "x" : 0.0,
        "y" : 0.0,
        "z" : 0.0
      },
      "fieldOfView" : 0.44263005,
      "perspective" : true,
      "lookDirection" : {
        "x" : 0.0,
        "y" : 0.0,
        "z" : -1.0
      },
      "upDirection" : {
        "x" : 0.0,
        "y" : 1.0,
        "z" : 0.0
      },
      "width" : 29.677065,
      "stereo" : false,
      "position" : {
        "x" : 0.0,
        "y" : 0.0,
        "z" : 65.94885
      }
    },
    "snapshot" : 1
  } ],
  "snapshots" : [ [ {
    "shape" : "9311dd80-17c8-461a-ab7b-86aab9b596cc",
    "color" : "#000099",
    "position" : {
      "x" : 7.972136,
      "y" : -1.045085,
      "z" : -3.545085
    },
    "orientation" : 57
  }, {
    "shape" : "118afafc-4a1a-4b48-96ad-b5ad36c5c964",
    "color" : "#008D36",
    "position" : {
      "x" : 2.618034,
      "y" : 6.854102,
      "z" : 0.0
    },
    "orientation" : 31
  }, {
    "shape" : "9311dd80-17c8-461a-ab7b-86aab9b596cc",
    "color" : "#000099",
    "position" : {
      "x" : -4.354102,
      "y" : 4.809017,
      "z" : 5.927051
    },
    "orientation" : 23
  }, {
    "shape" : "9311dd80-17c8-461a-ab7b-86aab9b596cc",
    "color" : "#000099",
    "position" : {
      "x" : 5.927051,
      "y" : -4.354102,
      "z" : 4.809017
    },
    "orientation" : 51
  }, {
    "shape" : "9311dd80-17c8-461a-ab7b-86aab9b596cc",
    "color" : "#000099",
    "position" : {
      "x" : 0.927051,
      "y" : -3.736068,
      "z" : 7.899187
    },
    "orientation" : 49
  }, {
    "shape" : "9311dd80-17c8-461a-ab7b-86aab9b596cc",
    "color" : "#000099",
    "position" : {
      "x" : 5.854102,
      "y" : -4.236068,
      "z" : -5.0
    },
    "orientation" : 32
  }, {
    "shape" : "738dadb1-7109-433d-8b2b-85e8bee4aa2b",
    "color" : "#FFFFFF",
    "position" : {
      "x" : -4.809017,
      "y" : 5.927051,
      "z" : 4.354102
    },
    "orientation" : 0
  }, {
    "shape" : "738dadb1-7109-433d-8b2b-85e8bee4aa2b",
    "color" : "#FFFFFF",
    "position" : {
      "x" : -0.927051,
      "y" : -3.736068,
      "z" : -7.899187
    },
    "orientation" : 0
  }, {
    "shape" : "118afafc-4a1a-4b48-96ad-b5ad36c5c964",
    "color" : "#008D36",
    "position" : {
      "x" : 0.0,
      "y" : -2.618034,
      "z" : 6.854102
    },
    "orientation" : 20
  }, {
    "shape" : "118afafc-4a1a-4b48-96ad-b5ad36c5c964",
    "color" : "#008D36",
    "position" : {
      "x" : 4.236068,
      "y" : -4.236068,
      "z" : -4.236068
    },
    "orientation" : 38
  }, {
    "shape" : "9311dd80-17c8-461a-ab7b-86aab9b596cc",
    "color" : "#000099",
    "position" : {
      "x" : 7.899187,
      "y" : -0.927051,
      "z" : 3.736068
    },
    "orientation" : 50
  }, {
    "shape" : "738dadb1-7109-433d-8b2b-85e8bee4aa2b",
    "color" : "#FFFFFF",
    "position" : {
      "x" : 0.0,
      "y" : -2.618034,
      "z" : 6.854102
    },
    "orientation" : 0
  }, {
    "shape" : "9311dd80-17c8-461a-ab7b-86aab9b596cc",
    "color" : "#000099",
    "position" : {
      "x" : 4.354102,
      "y" : -4.809017,
      "z" : 5.927051
    },
    "orientation" : 53
  }, {
    "shape" : "738dadb1-7109-433d-8b2b-85e8bee4aa2b",
    "color" : "#FFFFFF",
    "position" : {
      "x" : 4.236068,
      "y" : 4.236068,
      "z" : 4.236068
    },
    "orientation" : 0
  }, {
    "shape" : "9311dd80-17c8-461a-ab7b-86aab9b596cc",
    "color" : "#000099",
    "position" : {
      "x" : -0.11803399,
      "y" : 2.045085,
      "z" : 8.545085
    },
    "orientation" : 26
  }, {
    "shape" : "118afafc-4a1a-4b48-96ad-b5ad36c5c964",
    "color" : "#008D36",
    "position" : {
      "x" : 0.0,
      "y" : -2.618034,
      "z" : -6.854102
    },
    "orientation" : 35
  }, {
    "shape" : "738dadb1-7109-433d-8b2b-85e8bee4aa2b",
    "color" : "#FFFFFF",
    "position" : {
      "x" : -4.354102,
      "y" : 4.809017,
      "z" : 5.927051
    },
    "orientation" : 0
  }, {
    "shape" : "738dadb1-7109-433d-8b2b-85e8bee4aa2b",
    "color" : "#FFFFFF",
    "position" : {
      "x" : -6.854102,
      "y" : 0.0,
      "z" : -2.618034
    },
    "orientation" : 0
  }, {
    "shape" : "738dadb1-7109-433d-8b2b-85e8bee4aa2b",
    "color" : "#FFFFFF",
    "position" : {
      "x" : -3.736068,
      "y" : -7.899187,
      "z" : -0.927051
    },
    "orientation" : 0
  }, {
    "shape" : "738dadb1-7109-433d-8b2b-85e8bee4aa2b",
    "color" : "#FFFFFF",
    "position" : {
      "x" : 5.854102,
      "y" : -4.236068,
      "z" : -5.0
    },
    "orientation" : 0
  }, {
    "shape" : "738dadb1-7109-433d-8b2b-85e8bee4aa2b",
    "color" : "#FFFFFF",
    "position" : {
      "x" : 3.545085,
      "y" : 7.972136,
      "z" : 1.045085
    },
    "orientation" : 0
  }, {
    "shape" : "738dadb1-7109-433d-8b2b-85e8bee4aa2b",
    "color" : "#FFFFFF",
    "position" : {
      "x" : 0.0,
      "y" : 2.618034,
      "z" : -6.854102
    },
    "orientation" : 0
  }, {
    "shape" : "738dadb1-7109-433d-8b2b-85e8bee4aa2b",
    "color" : "#FFFFFF",
    "position" : {
      "x" : -2.618034,
      "y" : -6.854102,
      "z" : 0.0
    },
    "orientation" : 0
  }, {
    "shape" : "738dadb1-7109-433d-8b2b-85e8bee4aa2b",
    "color" : "#FFFFFF",
    "position" : {
      "x" : -2.045085,
      "y" : -8.545085,
      "z" : -0.11803399
    },
    "orientation" : 0
  }, {
    "shape" : "738dadb1-7109-433d-8b2b-85e8bee4aa2b",
    "color" : "#FFFFFF",
    "position" : {
      "x" : -8.545085,
      "y" : -0.11803399,
      "z" : -2.045085
    },
    "orientation" : 0
  }, {
    "shape" : "738dadb1-7109-433d-8b2b-85e8bee4aa2b",
    "color" : "#FFFFFF",
    "position" : {
      "x" : 6.854102,
      "y" : 0.0,
      "z" : 2.618034
    },
    "orientation" : 0
  }, {
    "shape" : "738dadb1-7109-433d-8b2b-85e8bee4aa2b",
    "color" : "#FFFFFF",
    "position" : {
      "x" : -6.854102,
      "y" : 0.0,
      "z" : 2.618034
    },
    "orientation" : 0
  }, {
    "shape" : "738dadb1-7109-433d-8b2b-85e8bee4aa2b",
    "color" : "#FFFFFF",
    "position" : {
      "x" : -4.236068,
      "y" : -4.236068,
      "z" : -4.236068
    },
    "orientation" : 0
  }, {
    "shape" : "118afafc-4a1a-4b48-96ad-b5ad36c5c964",
    "color" : "#008D36",
    "position" : {
      "x" : 4.236068,
      "y" : 4.236068,
      "z" : 4.236068
    },
    "orientation" : 53
  }, {
    "shape" : "738dadb1-7109-433d-8b2b-85e8bee4aa2b",
    "color" : "#FFFFFF",
    "position" : {
      "x" : 5.927051,
      "y" : -4.354102,
      "z" : 4.809017
    },
    "orientation" : 0
  }, {
    "shape" : "738dadb1-7109-433d-8b2b-85e8bee4aa2b",
    "color" : "#FFFFFF",
    "position" : {
      "x" : 0.11803399,
      "y" : 2.045085,
      "z" : -8.545085
    },
    "orientation" : 0
  }, {
    "shape" : "118afafc-4a1a-4b48-96ad-b5ad36c5c964",
    "color" : "#008D36",
    "position" : {
      "x" : -4.236068,
      "y" : -4.236068,
      "z" : 4.236068
    },
    "orientation" : 6
  }, {
    "shape" : "738dadb1-7109-433d-8b2b-85e8bee4aa2b",
    "color" : "#FFFFFF",
    "position" : {
      "x" : -5.0,
      "y" : 5.854102,
      "z" : -4.236068
    },
    "orientation" : 0
  }, {
    "shape" : "738dadb1-7109-433d-8b2b-85e8bee4aa2b",
    "color" : "#FFFFFF",
    "position" : {
      "x" : -7.899187,
      "y" : 0.927051,
      "z" : 3.736068
    },
    "orientation" : 0
  }, {
    "shape" : "118afafc-4a1a-4b48-96ad-b5ad36c5c964",
    "color" : "#008D36",
    "position" : {
      "x" : 2.618034,
      "y" : 6.854102,
      "z" : 0.0
    },
    "orientation" : 19
  }, {
    "shape" : "738dadb1-7109-433d-8b2b-85e8bee4aa2b",
    "color" : "#FFFFFF",
    "position" : {
      "x" : 3.736068,
      "y" : 7.899187,
      "z" : -0.927051
    },
    "orientation" : 0
  }, {
    "shape" : "738dadb1-7109-433d-8b2b-85e8bee4aa2b",
    "color" : "#FFFFFF",
    "position" : {
      "x" : 5.927051,
      "y" : 4.354102,
      "z" : -4.809017
    },
    "orientation" : 0
  }, {
    "shape" : "9311dd80-17c8-461a-ab7b-86aab9b596cc",
    "color" : "#000099",
    "position" : {
      "x" : 8.545085,
      "y" : 0.11803399,
      "z" : -2.045085
    },
    "orientation" : 39
  }, {
    "shape" : "738dadb1-7109-433d-8b2b-85e8bee4aa2b",
    "color" : "#FFFFFF",
    "position" : {
      "x" : -0.11803399,
      "y" : -2.045085,
      "z" : -8.545085
    },
    "orientation" : 0
  }, {
    "shape" : "738dadb1-7109-433d-8b2b-85e8bee4aa2b",
    "color" : "#FFFFFF",
    "position" : {
      "x" : 4.236068,
      "y" : -5.0,
      "z" : -5.854102
    },
    "orientation" : 0
  }, {
    "shape" : "9311dd80-17c8-461a-ab7b-86aab9b596cc",
    "color" : "#000099",
    "position" : {
      "x" : -4.236068,
      "y" : -5.0,
      "z" : 5.854102
    },
    "orientation" : 46
  }, {
    "shape" : "9311dd80-17c8-461a-ab7b-86aab9b596cc",
    "color" : "#000099",
    "position" : {
      "x" : -5.0,
      "y" : -5.854102,
      "z" : 4.236068
    },
    "orientation" : 0
  }, {
    "shape" : "118afafc-4a1a-4b48-96ad-b5ad36c5c964",
    "color" : "#008D36",
    "position" : {
      "x" : -4.236068,
      "y" : -4.236068,
      "z" : -4.236068
    },
    "orientation" : 14
  }, {
    "shape" : "738dadb1-7109-433d-8b2b-85e8bee4aa2b",
    "color" : "#FFFFFF",
    "position" : {
      "x" : 8.545085,
      "y" : -0.11803399,
      "z" : 2.045085
    },
    "orientation" : 0
  }, {
    "shape" : "9311dd80-17c8-461a-ab7b-86aab9b596cc",
    "color" : "#000099",
    "position" : {
      "x" : -1.045085,
      "y" : -3.545085,
      "z" : 7.972136
    },
    "orientation" : 29
  }, {
    "shape" : "738dadb1-7109-433d-8b2b-85e8bee4aa2b",
    "color" : "#FFFFFF",
    "position" : {
      "x" : 7.899187,
      "y" : -0.927051,
      "z" : 3.736068
    },
    "orientation" : 0
  }, {
    "shape" : "738dadb1-7109-433d-8b2b-85e8bee4aa2b",
    "color" : "#FFFFFF",
    "position" : {
      "x" : -7.899187,
      "y" : -0.927051,
      "z" : -3.736068
    },
    "orientation" : 0
  }, {
    "shape" : "9311dd80-17c8-461a-ab7b-86aab9b596cc",
    "color" : "#000099",
    "position" : {
      "x" : 5.854102,
      "y" : 4.236068,
      "z" : 5.0
    },
    "orientation" : 47
  }, {
    "shape" : "118afafc-4a1a-4b48-96ad-b5ad36c5c964",
    "color" : "#008D36",
    "position" : {
      "x" : -4.236068,
      "y" : 4.236068,
      "z" : 4.236068
    },
    "orientation" : 27
  }, {
    "shape" : "738dadb1-7109-433d-8b2b-85e8bee4aa2b",
    "color" : "#FFFFFF",
    "position" : {
      "x" : -3.545085,
      "y" : 7.972136,
      "z" : -1.045085
    },
    "orientation" : 0
  }, {
    "shape" : "738dadb1-7109-433d-8b2b-85e8bee4aa2b",
    "color" : "#FFFFFF",
    "position" : {
      "x" : 3.545085,
      "y" : -7.972136,
      "z" : -1.045085
    },
    "orientation" : 0
  }, {
    "shape" : "738dadb1-7109-433d-8b2b-85e8bee4aa2b",
    "color" : "#FFFFFF",
    "position" : {
      "x" : -4.236068,
      "y" : 4.236068,
      "z" : -4.236068
    },
    "orientation" : 0
  }, {
    "shape" : "738dadb1-7109-433d-8b2b-85e8bee4aa2b",
    "color" : "#FFFFFF",
    "position" : {
      "x" : 4.809017,
      "y" : 5.927051,
      "z" : -4.354102
    },
    "orientation" : 0
  }, {
    "shape" : "738dadb1-7109-433d-8b2b-85e8bee4aa2b",
    "color" : "#FFFFFF",
    "position" : {
      "x" : 7.972136,
      "y" : -1.045085,
      "z" : -3.545085
    },
    "orientation" : 0
  }, {
    "shape" : "9311dd80-17c8-461a-ab7b-86aab9b596cc",
    "color" : "#000099",
    "position" : {
      "x" : -5.0,
      "y" : 5.854102,
      "z" : -4.236068
    },
    "orientation" : 15
  }, {
    "shape" : "9311dd80-17c8-461a-ab7b-86aab9b596cc",
    "color" : "#000099",
    "position" : {
      "x" : 3.545085,
      "y" : -7.972136,
      "z" : -1.045085
    },
    "orientation" : 13
  }, {
    "shape" : "738dadb1-7109-433d-8b2b-85e8bee4aa2b",
    "color" : "#FFFFFF",
    "position" : {
      "x" : 4.236068,
      "y" : -4.236068,
      "z" : -4.236068
    },
    "orientation" : 0
  }, {
    "shape" : "738dadb1-7109-433d-8b2b-85e8bee4aa2b",
    "color" : "#FFFFFF",
    "position" : {
      "x" : 6.854102,
      "y" : 0.0,
      "z" : -2.618034
    },
    "orientation" : 0
  }, {
    "shape" : "118afafc-4a1a-4b48-96ad-b5ad36c5c964",
