{
  "field" : "golden",
  "symmetry" : "icosahedral",
  "orientations" : [ [ 1.0, 0.0, 0.0, 0.0, 0.0, 1.0, 0.0, 0.0, 0.0, 0.0, 1.0, 0.0, 0.0, 0.0, 0.0, 1.0 ], [ 0.0, 0.0, 1.0, 0.0, 1.0, 0.0, 0.0, 0.0, 0.0, 1.0, 0.0, 0.0, 0.0, 0.0, 0.0, 1.0 ], [ 0.0, 1.0, 0.0, 0.0, 0.0, 0.0, 1.0, 0.0, 1.0, 0.0, 0.0, 0.0, 0.0, 0.0, 0.0, 1.0 ], [ 0.809017, 0.309017, 0.5, 0.0, 0.309017, 0.5, -0.809017, 0.0, -0.5, 0.809017, 0.309017, 0.0, 0.0, 0.0, 0.0, 1.0 ], [ -0.5, 0.809017, 0.309017, 0.0, 0.809017, 0.309017, 0.5, 0.0, 0.309017, 0.5, -0.809017, 0.0, 0.0, 0.0, 0.0, 1.0 ], [ 0.309017, 0.5, -0.809017, 0.0, -0.5, 0.809017, 0.309017, 0.0, 0.809017, 0.309017, 0.5, 0.0, 0.0, 0.0, 0.0, 1.0 ], [ 0.5, 0.809017, 0.309017, 0.0, 0.809017, -0.309017, -0.5, 0.0, -0.309017, 0.5, -0.809017, 0.0, 0.0, 0.0, 0.0, 1.0 ], [ -0.309017, 0.5, -0.809017, 0.0, 0.5, 0.809017, 0.309017, 0.0, 0.809017, -0.309017, -0.5, 0.0, 0.0, 0.0, 0.0, 1.0 ], [ 0.809017, -0.309017, -0.5, 0.0, -0.309017, 0.5, -0.809017, 0.0, 0.5, 0.809017, 0.309017, 0.0, 0.0, 0.0, 0.0, 1.0 ], [ 0.5, 0.809017, -0.309017, 0.0, 0.809017, -0.309017, 0.5, 0.0, 0.309017, -0.5, -0.809017, 0.0, 0.0, 0.0, 0.0, 1.0 ], [ 0.309017, -0.5, -0.809017, 0.0, 0.5, 0.809017, -0.309017, 0.0, 0.809017, -0.309017, 0.5, 0.0, 0.0, 0.0, 0.0, 1.0 ], [ 0.809017, -0.309017, 0.5, 0.0, 0.309017, -0.5, -0.809017, 0.0, 0.5, 0.809017, -0.309017, 0.0, 0.0, 0.0, 0.0, 1.0 ], [ 0.809017, 0.309017, -0.5, 0.0, 0.309017, 0.5, 0.809017, 0.0, 0.5, -0.809017, 0.309017, 0.0, 0.0, 0.0, 0.0, 1.0 ], [ 0.5, -0.809017, 0.309017, 0.0, 0.809017, 0.309017, -0.5, 0.0, 0.309017, 0.5, 0.809017, 0.0, 0.0, 0.0, 0.0, 1.0 ], [ 0.309017, 0.5, 0.809017, 0.0, 0.5, -0.809017, 0.309017, 0.0, 0.809017, 0.309017, -0.5, 0.0, 0.0, 0.0, 0.0, 1.0 ], [ 1.0, 0.0, 0.0, 0.0, 0.0, -1.0, 0.0, 0.0, 0.0, 0.0, -1.0, 0.0, 0.0, 0.0, 0.0, 1.0 ], [ 0.0, 0.0, 1.0, 0.0, -1.0, 0.0, 0.0, 0.0, 0.0, -1.0, 0.0, 0.0, 0.0, 0.0, 0.0, 1.0 ], [ 0.0, 1.0, 0.0, 0.0, 0.0, 0.0, -1.0, 0.0, -1.0, 0.0, 0.0, 0.0, 0.0, 0.0, 0.0, 1.0 ], [ 0.809017, 0.309017, 0.5, 0.0, -0.309017, -0.5, 0.809017, 0.0, 0.5, -0.809017, -0.309017, 0.0, 0.0, 0.0, 0.0, 1.0 ], [ -0.5, 0.809017, 0.309017, 0.0, -0.809017, -0.309017, -0.5, 0.0, -0.309017, -0.5, 0.809017, 0.0, 0.0, 0.0, 0.0, 1.0 ], [ 0.309017, 0.5, -0.809017, 0.0, 0.5, -0.809017, -0.309017, 0.0, -0.809017, -0.309017, -0.5, 0.0, 0.0, 0.0, 0.0, 1.0 ], [ 0.5, 0.809017, 0.309017, 0.0, -0.809017, 0.309017, 0.5, 0.0, 0.309017, -0.5, 0.809017, 0.0, 0.0, 0.0, 0.0, 1.0 ], [ -0.309017, 0.5, -0.809017, 0.0, -0.5, -0.809017, -0.309017, 0.0, -0.809017, 0.309017, 0.5, 0.0, 0.0, 0.0, 0.0, 1.0 ], [ 0.809017, -0.309017, -0.5, 0.0, 0.309017, -0.5, 0.809017, 0.0, -0.5, -0.809017, -0.309017, 0.0, 0.0, 0.0, 0.0, 1.0 ], [ 0.5, 0.809017, -0.309017, 0.0, -0.809017, 0.309017, -0.5, 0.0, -0.309017, 0.5, 0.809017, 0.0, 0.0, 0.0, 0.0, 1.0 ], [ 0.309017, -0.5, -0.809017, 0.0, -0.5, -0.809017, 0.309017, 0.0, -0.809017, 0.309017, -0.5, 0.0, 0.0, 0.0, 0.0, 1.0 ], [ 0.809017, -0.309017, 0.5, 0.0, -0.309017, 0.5, 0.809017, 0.0, -0.5, -0.809017, 0.309017, 0.0, 0.0, 0.0, 0.0, 1.0 ], [ 0.809017, 0.309017, -0.5, 0.0, -0.309017, -0.5, -0.809017, 0.0, -0.5, 0.809017, -0.309017, 0.0, 0.0, 0.0, 0.0, 1.0 ], [ 0.5, -0.809017, 0.309017, 0.0, -0.809017, -0.309017, 0.5, 0.0, -0.309017, -0.5, -0.809017, 0.0, 0.0, 0.0, 0.0, 1.0 ], [ 0.309017, 0.5, 0.809017, 0.0, -0.5, 0.809017, -0.309017, 0.0, -0.809017, -0.309017, 0.5, 0.0, 0.0, 0.0, 0.0, 1.0 ], [ -1.0, 0.0, 0.0, 0.0, 0.0, -1.0, 0.0, 0.0, 0.0, 0.0, 1.0, 0.0, 0.0, 0.0, 0.0, 1.0 ], [ 0.0, 0.0, -1.0, 0.0, -1.0, 0.0, 0.0, 0.0, 0.0, 1.0, 0.0, 0.0, 0.0, 0.0, 0.0, 1.0 ], [ 0.0, -1.0, 0.0, 0.0, 0.0, 0.0, -1.0, 0.0, 1.0, 0.0, 0.0, 0.0, 0.0, 0.0, 0.0, 1.0 ], [ -0.809017, -0.309017, -0.5, 0.0, -0.309017, -0.5, 0.809017, 0.0, -0.5, 0.809017, 0.309017, 0.0, 0.0, 0.0, 0.0, 1.0 ], [ 0.5, -0.809017, -0.309017, 0.0, -0.809017, -0.309017, -0.5, 0.0, 0.309017, 0.5, -0.809017, 0.0, 0.0, 0.0, 0.0, 1.0 ], [ -0.309017, -0.5, 0.809017, 0.0, 0.5, -0.809017, -0.309017, 0.0, 0.809017, 0.309017, 0.5, 0.0, 0.0, 0.0, 0.0, 1.0 ], [ -0.5, -0.809017, -0.309017, 0.0, -0.809017, 0.309017, 0.5, 0.0, -0.309017, 0.5, -0.809017, 0.0, 0.0, 0.0, 0.0, 1.0 ], [ 0.309017, -0.5, 0.809017, 0.0, -0.5, -0.809017, -0.309017, 0.0, 0.809017, -0.309017, -0.5, 0.0, 0.0, 0.0, 0.0, 1.0 ], [ -0.809017, 0.309017, 0.5, 0.0, 0.309017, -0.5, 0.809017, 0.0, 0.5, 0.809017, 0.309017, 0.0, 0.0, 0.0, 0.0, 1.0 ], [ -0.5, -0.809017, 0.309017, 0.0, -0.809017, 0.309017, -0.5, 0.0, 0.309017, -0.5, -0.809017, 0.0, 0.0, 0.0, 0.0, 1.0 ], [ -0.309017, 0.5, 0.809017, 0.0, -0.5, -0.809017, 0.309017, 0.0, 0.809017, -0.309017, 0.5, 0.0, 0.0, 0.0, 0.0, 1.0 ], [ -0.809017, 0.309017, -0.5, 0.0, -0.309017, 0.5, 0.809017, 0.0, 0.5, 0.809017, -0.309017, 0.0, 0.0, 0.0, 0.0, 1.0 ], [ -0.809017, -0.309017, 0.5, 0.0, -0.309017, -0.5, -0.809017, 0.0, 0.5, -0.809017, 0.309017, 0.0, 0.0, 0.0, 0.0, 1.0 ], [ -0.5, 0.809017, -0.309017, 0.0, -0.809017, -0.309017, 0.5, 0.0, 0.309017, 0.5, 0.809017, 0.0, 0.0, 0.0, 0.0, 1.0 ], [ -0.309017, -0.5, -0.809017, 0.0, -0.5, 0.809017, -0.309017, 0.0, 0.809017, 0.309017, -0.5, 0.0, 0.0, 0.0, 0.0, 1.0 ], [ -1.0, 0.0, 0.0, 0.0, 0.0, 1.0, 0.0, 0.0, 0.0, 0.0, -1.0, 0.0, 0.0, 0.0, 0.0, 1.0 ], [ 0.0, 0.0, -1.0, 0.0, 1.0, 0.0, 0.0, 0.0, 0.0, -1.0, 0.0, 0.0, 0.0, 0.0, 0.0, 1.0 ], [ 0.0, -1.0, 0.0, 0.0, 0.0, 0.0, 1.0, 0.0, -1.0, 0.0, 0.0, 0.0, 0.0, 0.0, 0.0, 1.0 ], [ -0.809017, -0.309017, -0.5, 0.0, 0.309017, 0.5, -0.809017, 0.0, 0.5, -0.809017, -0.309017, 0.0, 0.0, 0.0, 0.0, 1.0 ], [ 0.5, -0.809017, -0.309017, 0.0, 0.809017, 0.309017, 0.5, 0.0, -0.309017, -0.5, 0.809017, 0.0, 0.0, 0.0, 0.0, 1.0 ], [ -0.309017, -0.5, 0.809017, 0.0, -0.5, 0.809017, 0.309017, 0.0, -0.809017, -0.309017, -0.5, 0.0, 0.0, 0.0, 0.0, 1.0 ], [ -0.5, -0.809017, -0.309017, 0.0, 0.809017, -0.309017, -0.5, 0.0, 0.309017, -0.5, 0.809017, 0.0, 0.0, 0.0, 0.0, 1.0 ], [ 0.309017, -0.5, 0.809017, 0.0, 0.5, 0.809017, 0.309017, 0.0, -0.809017, 0.309017, 0.5, 0.0, 0.0, 0.0, 0.0, 1.0 ], [ -0.809017, 0.309017, 0.5, 0.0, -0.309017, 0.5, -0.809017, 0.0, -0.5, -0.809017, -0.309017, 0.0, 0.0, 0.0, 0.0, 1.0 ], [ -0.5, -0.809017, 0.309017, 0.0, 0.809017, -0.309017, 0.5, 0.0, -0.309017, 0.5, 0.809017, 0.0, 0.0, 0.0, 0.0, 1.0 ], [ -0.309017, 0.5, 0.809017, 0.0, 0.5, 0.809017, -0.309017, 0.0, -0.809017, 0.309017, -0.5, 0.0, 0.0, 0.0, 0.0, 1.0 ], [ -0.809017, 0.309017, -0.5, 0.0, 0.309017, -0.5, -0.809017, 0.0, -0.5, -0.809017, 0.309017, 0.0, 0.0, 0.0, 0.0, 1.0 ], [ -0.809017, -0.309017, 0.5, 0.0, 0.309017, 0.5, 0.809017, 0.0, -0.5, 0.809017, -0.309017, 0.0, 0.0, 0.0, 0.0, 1.0 ], [ -0.5, 0.809017, -0.309017, 0.0, 0.809017, 0.309017, -0.5, 0.0, -0.309017, -0.5, -0.809017, 0.0, 0.0, 0.0, 0.0, 1.0 ], [ -0.309017, -0.5, -0.809017, 0.0, 0.5, -0.809017, 0.309017, 0.0, -0.809017, -0.309017, 0.5, 0.0, 0.0, 0.0, 0.0, 1.0 ] ],
  "lights" : {
    "ambientColor" : "#292929",
    "backgroundColor" : "#E8E8E8",
    "directionalLights" : [ {
      "direction" : {
        "x" : 1.0,
        "y" : -1.0,
        "z" : -1.0
      },
      "color" : "#EBEBE4"
    }, {
      "direction" : {
        "x" : -1.0,
        "y" : 0.0,
        "z" : 0.0
      },
      "color" : "#E4E4EB"
    }, {
      "direction" : {
        "x" : 0.0,
        "y" : 0.0,
        "z" : -1.0
      },
      "color" : "#1E1E1E"
    } ]
  },
  "camera" : {
    "width" : 47.010544,
    "stereo" : false,
    "viewDistance" : 104.46786,
    "nearClipDistance" : 0.2611698,
    "farClipDistance" : 208.93571,
    "lookAtPoint" : {
      "x" : 0.0,
      "y" : 0.0,
      "z" : 0.0
    },
    "fieldOfView" : 0.44262895,
    "perspective" : true,
    "lookDirection" : {
      "x" : 0.0,
      "y" : 0.0,
      "z" : -1.0
    },
    "upDirection" : {
      "x" : 0.0,
      "y" : 1.0,
      "z" : 0.0
    },
    "position" : {
      "x" : 0.0,
      "y" : 0.0,
      "z" : 104.46786
    }
  },
  "embedding" : [ 1.0, 0.0, 0.0, 0.0, 0.0, 1.0, 0.0, 0.0, 0.0, 0.0, 1.0, 0.0, 0.0, 0.0, 0.0, 1.0 ],
  "shapes" : [ {
    "id" : "9f24b6cc-22a1-4e50-8c64-b3207f37a3ad",
    "vertices" : [ {
      "x" : 1.0,
      "y" : 0.309017,
      "z" : 0.19098301
    }, {
      "x" : 1.0,
      "y" : -0.309017,
      "z" : 0.19098301
    }, {
      "x" : 6.416408,
      "y" : -0.309017,
      "z" : 0.19098301
    }, {
      "x" : 6.416408,
      "y" : 0.309017,
      "z" : 0.19098301
    }, {
      "x" : 6.416408,
      "y" : -0.309017,
      "z" : -0.19098301
    }, {
      "x" : 6.416408,
      "y" : 0.309017,
      "z" : -0.19098301
    }, {
      "x" : 7.034442,
      "y" : 0.0,
      "z" : 0.0
    }, {
      "x" : 0.38196602,
      "y" : 0.0,
      "z" : 0.0
    }, {
      "x" : 1.0,
      "y" : 0.309017,
      "z" : -0.19098301
    }, {
      "x" : 1.0,
      "y" : -0.309017,
      "z" : -0.19098301
    }, {
      "x" : 7.416408,
      "y" : 0.0,
      "z" : 0.0
    } ],
    "faces" : [ {
      "vertices" : [ 1, 9, 4 ]
    }, {
      "vertices" : [ 1, 4, 2 ]
    }, {
      "vertices" : [ 0, 3, 5 ]
    }, {
      "vertices" : [ 0, 5, 8 ]
    }, {
      "vertices" : [ 1, 7, 9 ]
    }, {
      "vertices" : [ 0, 1, 2 ]
    }, {
      "vertices" : [ 0, 2, 3 ]
    }, {
      "vertices" : [ 7, 8, 9 ]
    }, {
      "vertices" : [ 0, 7, 1 ]
    }, {
      "vertices" : [ 4, 9, 8 ]
    }, {
      "vertices" : [ 4, 8, 5 ]
    }, {
      "vertices" : [ 2, 6, 3 ]
    }, {
      "vertices" : [ 2, 4, 6 ]
    }, {
      "vertices" : [ 3, 6, 5 ]
    }, {
      "vertices" : [ 4, 5, 6 ]
    }, {
      "vertices" : [ 0, 8, 7 ]
    } ]
  }, {
    "id" : "f71ee0e1-b448-4dc9-9ab7-818395a3f16d",
    "vertices" : [ {
      "x" : 12.702883,
      "y" : 2.1372876,
      "z" : -3.1491868
    }, {
      "x" : 13.070916,
      "y" : 2.232779,
      "z" : -3.6127124
    }, {
      "x" : 1.0954915,
      "y" : 0.1545085,
      "z" : 0.059016995
    }, {
      "x" : 12.511899,
      "y" : 2.4463046,
      "z" : -3.6491868
    }, {
      "x" : 0.9045085,
      "y" : 0.4635255,
      "z" : -0.440983
    }, {
      "x" : 12.511899,
      "y" : 1.8282706,
      "z" : -3.267221
    }, {
      "x" : 0.9045085,
      "y" : -0.1545085,
      "z" : -0.059016995
    }, {
      "x" : 12.320916,
      "y" : 2.1372876,
      "z" : -3.767221
    }, {
      "x" : 13.416408,
      "y" : 2.291796,
      "z" : -3.708204
    }, {
      "x" : 0.3454915,
      "y" : 0.059016995,
      "z" : -0.095491506
    }, {
      "x" : 0.7135255,
      "y" : 0.1545085,
      "z" : -0.559017
    } ],
    "faces" : [ {
      "vertices" : [ 2, 9, 6 ]
    }, {
      "vertices" : [ 0, 1, 3 ]
    }, {
      "vertices" : [ 0, 5, 1 ]
    }, {
      "vertices" : [ 4, 10, 9 ]
    }, {
      "vertices" : [ 3, 7, 10 ]
    }, {
      "vertices" : [ 3, 10, 4 ]
    }, {
      "vertices" : [ 0, 3, 4 ]
    }, {
      "vertices" : [ 0, 4, 2 ]
    }, {
      "vertices" : [ 6, 9, 10 ]
    }, {
      "vertices" : [ 1, 7, 3 ]
    }, {
      "vertices" : [ 5, 6, 10 ]
    }, {
      "vertices" : [ 5, 10, 7 ]
    }, {
      "vertices" : [ 0, 2, 6 ]
    }, {
      "vertices" : [ 0, 6, 5 ]
    }, {
      "vertices" : [ 1, 5, 7 ]
    }, {
      "vertices" : [ 2, 4, 9 ]
    } ]
  }, {
    "id" : "38fe769a-045b-4745-bcab-9d7fda247670",
    "vertices" : [ {
      "x" : 0.309017,
      "y" : -0.309017,
      "z" : -0.309017
    }, {
      "x" : 0.5,
      "y" : 0.0,
      "z" : -0.19098301
    }, {
      "x" : 0.5,
      "y" : 0.0,
      "z" : 0.19098301
    }, {
      "x" : 0.309017,
      "y" : -0.309017,
      "z" : 0.309017
    }, {
      "x" : 0.19098301,
      "y" : -0.5,
      "z" : 0.0
    }, {
      "x" : 0.0,
      "y" : 0.19098301,
      "z" : 0.5
    }, {
      "x" : 0.0,
      "y" : -0.19098301,
      "z" : 0.5
    }, {
      "x" : 0.309017,
      "y" : 0.309017,
      "z" : 0.309017
    }, {
      "x" : -0.309017,
      "y" : -0.309017,
      "z" : 0.309017
    }, {
      "x" : -0.309017,
      "y" : 0.309017,
      "z" : 0.309017
    }, {
      "x" : -0.5,
      "y" : 0.0,
      "z" : 0.19098301
    }, {
      "x" : 0.0,
      "y" : -0.19098301,
      "z" : -0.5
    }, {
      "x" : 0.0,
      "y" : 0.19098301,
      "z" : -0.5
    }, {
      "x" : 0.309017,
      "y" : 0.309017,
      "z" : -0.309017
    }, {
      "x" : -0.309017,
      "y" : -0.309017,
      "z" : -0.309017
    }, {
      "x" : -0.19098301,
      "y" : -0.5,
      "z" : 0.0
    }, {
      "x" : -0.5,
      "y" : 0.0,
      "z" : -0.19098301
    }, {
      "x" : 0.19098301,
      "y" : 0.5,
      "z" : 0.0
    }, {
      "x" : -0.309017,
      "y" : 0.309017,
      "z" : -0.309017
    }, {
      "x" : 0.0,
      "y" : 0.0,
      "z" : 0.0
    }, {
      "x" : -0.19098301,
      "y" : 0.5,
      "z" : 0.0
    } ],
    "faces" : [ {
      "vertices" : [ 12, 18, 20 ]
    }, {
      "vertices" : [ 12, 20, 17 ]
    }, {
      "vertices" : [ 12, 17, 13 ]
    }, {
      "vertices" : [ 3, 6, 8 ]
    }, {
      "vertices" : [ 3, 8, 15 ]
    }, {
      "vertices" : [ 3, 15, 4 ]
    }, {
      "vertices" : [ 0, 11, 12 ]
    }, {
      "vertices" : [ 0, 12, 13 ]
    }, {
      "vertices" : [ 0, 13, 1 ]
    }, {
      "vertices" : [ 5, 9, 10 ]
    }, {
      "vertices" : [ 5, 10, 8 ]
    }, {
      "vertices" : [ 5, 8, 6 ]
    }, {
      "vertices" : [ 2, 7, 5 ]
    }, {
      "vertices" : [ 2, 5, 6 ]
    }, {
      "vertices" : [ 2, 6, 3 ]
    }, {
      "vertices" : [ 11, 14, 16 ]
    }, {
      "vertices" : [ 11, 16, 18 ]
    }, {
      "vertices" : [ 11, 18, 12 ]
    }, {
      "vertices" : [ 1, 13, 17 ]
    }, {
      "vertices" : [ 1, 17, 7 ]
    }, {
      "vertices" : [ 1, 7, 2 ]
    }, {
      "vertices" : [ 9, 20, 18 ]
    }, {
      "vertices" : [ 9, 18, 16 ]
    }, {
      "vertices" : [ 9, 16, 10 ]
    }, {
      "vertices" : [ 0, 1, 2 ]
    }, {
      "vertices" : [ 0, 2, 3 ]
    }, {
      "vertices" : [ 0, 3, 4 ]
    }, {
      "vertices" : [ 5, 7, 17 ]
    }, {
      "vertices" : [ 5, 17, 20 ]
    }, {
      "vertices" : [ 5, 20, 9 ]
    }, {
      "vertices" : [ 0, 4, 15 ]
    }, {
      "vertices" : [ 0, 15, 14 ]
    }, {
      "vertices" : [ 0, 14, 11 ]
    }, {
      "vertices" : [ 8, 10, 16 ]
    }, {
      "vertices" : [ 8, 16, 14 ]
    }, {
      "vertices" : [ 8, 14, 15 ]
    } ]
  } ],
  "instances" : [ {
    "shape" : "9f24b6cc-22a1-4e50-8c64-b3207f37a3ad",
    "color" : "#007695",
    "position" : {
      "x" : 3.708204,
      "y" : -6.0,
      "z" : 9.708204
    },
    "orientation" : 23
  }, {
    "shape" : "9f24b6cc-22a1-4e50-8c64-b3207f37a3ad",
    "color" : "#007695",
    "position" : {
      "x" : 6.0,
      "y" : -9.708204,
      "z" : 3.708204
    },
    "orientation" : 47
  }, {
    "shape" : "9f24b6cc-22a1-4e50-8c64-b3207f37a3ad",
    "color" : "#007695",
    "position" : {
      "x" : -3.708204,
      "y" : -6.0,
      "z" : 9.708204
    },
    "orientation" : 9
  }, {
    "shape" : "9f24b6cc-22a1-4e50-8c64-b3207f37a3ad",
    "color" : "#007695",
    "position" : {
      "x" : 3.708204,
      "y" : -6.0,
      "z" : -9.708204
    },
    "orientation" : 37
  }, {
    "shape" : "9f24b6cc-22a1-4e50-8c64-b3207f37a3ad",
    "color" : "#007695",
    "position" : {
      "x" : -6.0,
      "y" : -9.708204,
      "z" : 3.708204
    },
    "orientation" : 51
  }, {
    "shape" : "f71ee0e1-b448-4dc9-9ab7-818395a3f16d",
    "color" : "#DC4C00",
    "position" : {
      "x" : 9.708204,
      "y" : -3.708204,
      "z" : 6.0
    },
    "orientation" : 33
  }, {
    "shape" : "38fe769a-045b-4745-bcab-9d7fda247670",
    "color" : "#FFFFFF",
    "position" : {
      "x" : 3.708204,
      "y" : 6.0,
      "z" : -9.708204
    }
  }, {
    "shape" : "f71ee0e1-b448-4dc9-9ab7-818395a3f16d",
    "color" : "#DC4C00",
    "position" : {
      "x" : 3.708204,
      "y" : -6.0,
      "z" : 9.708204
    },
    "orientation" : 57
  }, {
    "shape" : "38fe769a-045b-4745-bcab-9d7fda247670",
    "color" : "#FFFFFF",
    "position" : {
      "x" : 3.708204,
      "y" : -6.0,
      "z" : -9.708204
    }
  }, {
    "shape" : "9f24b6cc-22a1-4e50-8c64-b3207f37a3ad",
    "color" : "#007695",
    "position" : {
      "x" : -6.0,
      "y" : 9.708204,
      "z" : 3.708204
    },
    "orientation" : 37
  }, {
    "shape" : "f71ee0e1-b448-4dc9-9ab7-818395a3f16d",
    "color" : "#DC4C00",
    "position" : {
      "x" : -6.0,
      "y" : -9.708204,
      "z" : 3.708204
    },
    "orientation" : 1
  }, {
    "shape" : "38fe769a-045b-4745-bcab-9d7fda247670",
    "color" : "#FFFFFF",
    "position" : {
      "x" : 3.708204,
      "y" : -6.0,
      "z" : 9.708204
    }
  }, {
    "shape" : "9f24b6cc-22a1-4e50-8c64-b3207f37a3ad",
    "color" : "#007695",
    "position" : {
      "x" : -9.708204,
      "y" : -3.708204,
      "z" : -6.0
    },
    "orientation" : 21
  }, {
    "shape" : "38fe769a-045b-4745-bcab-9d7fda247670",
    "color" : "#FFFFFF",
    "position" : {
      "x" : 9.708204,
      "y" : -3.708204,
      "z" : 6.0
    }
  }, {
    "shape" : "38fe769a-045b-4745-bcab-9d7fda247670",
    "color" : "#FFFFFF",
    "position" : {
      "x" : 3.708204,
      "y" : 6.0,
      "z" : 9.708204
    }
  }, {
    "shape" : "38fe769a-045b-4745-bcab-9d7fda247670",
    "color" : "#FFFFFF",
    "position" : {
      "x" : -9.708204,
      "y" : 3.708204,
      "z" : 6.0
    }
  }, {
    "shape" : "9f24b6cc-22a1-4e50-8c64-b3207f37a3ad",
    "color" : "#007695",
    "position" : {
      "x" : -3.708204,
      "y" : 6.0,
      "z" : 9.708204
    },
    "orientation" : 0
  }, {
    "shape" : "9f24b6cc-22a1-4e50-8c64-b3207f37a3ad",
    "color" : "#007695",
    "position" : {
      "x" : 0.0,
      "y" : 0.0,
      "z" : 12.0
    },
    "orientation" : 24
  }, {
    "shape" : "9f24b6cc-22a1-4e50-8c64-b3207f37a3ad",
    "color" : "#007695",
    "position" : {
      "x" : 9.708204,
      "y" : 3.708204,
      "z" : -6.0
    },
    "orientation" : 51
  }, {
    "shape" : "38fe769a-045b-4745-bcab-9d7fda247670",
    "color" : "#FFFFFF",
    "position" : {
      "x" : 6.0,
      "y" : -9.708204,
      "z" : -3.708204
    }
  }, {
    "shape" : "9f24b6cc-22a1-4e50-8c64-b3207f37a3ad",
    "color" : "#007695",
    "position" : {
      "x" : 0.0,
      "y" : 0.0,
      "z" : -12.0
    },
    "orientation" : 39
  }, {
    "shape" : "38fe769a-045b-4745-bcab-9d7fda247670",
    "color" : "#FFFFFF",
    "position" : {
      "x" : -3.708204,
      "y" : 6.0,
      "z" : -9.708204
    }
  }, {
    "shape" : "38fe769a-045b-4745-bcab-9d7fda247670",
    "color" : "#FFFFFF",
    "position" : {
      "x" : 0.0,
      "y" : 12.0,
      "z" : 0.0
    }
  }, {
    "shape" : "f71ee0e1-b448-4dc9-9ab7-818395a3f16d",
    "color" : "#DC4C00",
    "position" : {
      "x" : 0.0,
      "y" : 12.0,
      "z" : 0.0
    },
    "orientation" : 39
  }, {
    "shape" : "9f24b6cc-22a1-4e50-8c64-b3207f37a3ad",
    "color" : "#007695",
    "position" : {
      "x" : 9.708204,
      "y" : 3.708204,
      "z" : 6.0
    },
    "orientation" : 25
  }, {
    "shape" : "9f24b6cc-22a1-4e50-8c64-b3207f37a3ad",
    "color" : "#007695",
    "position" : {
      "x" : -6.0,
      "y" : -9.708204,
      "z" : -3.708204
    },
    "orientation" : 2
  }, {
    "shape" : "9f24b6cc-22a1-4e50-8c64-b3207f37a3ad",
    "color" : "#007695",
    "position" : {
      "x" : -6.0,
      "y" : 9.708204,
      "z" : -3.708204
    },
    "orientation" : 11
  }, {
    "shape" : "38fe769a-045b-4745-bcab-9d7fda247670",
    "color" : "#FFFFFF",
    "position" : {
      "x" : -6.0,
      "y" : 9.708204,
      "z" : -3.708204
    }
  }, {
    "shape" : "38fe769a-045b-4745-bcab-9d7fda247670",
    "color" : "#FFFFFF",
    "position" : {
      "x" : 0.0,
      "y" : 0.0,
      "z" : -12.0
    }
  }, {
    "shape" : "f71ee0e1-b448-4dc9-9ab7-818395a3f16d",
    "color" : "#DC4C00",
    "position" : {
      "x" : -3.708204,
      "y" : -6.0,
      "z" : 9.708204
    },
    "orientation" : 6
  }, {
    "shape" : "9f24b6cc-22a1-4e50-8c64-b3207f37a3ad",
    "color" : "#007695",
    "position" : {
      "x" : -9.708204,
      "y" : 3.708204,
      "z" : 6.0
    },
    "orientation" : 16
  }, {
    "shape" : "9f24b6cc-22a1-4e50-8c64-b3207f37a3ad",
    "color" : "#007695",
    "position" : {
      "x" : -3.708204,
      "y" : -6.0,
      "z" : 9.708204
    },
    "orientation" : 22
  }, {
    "shape" : "f71ee0e1-b448-4dc9-9ab7-818395a3f16d",
    "color" : "#DC4C00",
    "position" : {
      "x" : 3.708204,
      "y" : 6.0,
      "z" : 9.708204
    },
    "orientation" : 17
  }, {
    "shape" : "f71ee0e1-b448-4dc9-9ab7-818395a3f16d",
    "color" : "#DC4C00",
    "position" : {
      "x" : 6.0,
      "y" : -9.708204,
      "z" : 3.708204
    },
    "orientation" : 59
  }, {
    "shape" : "9f24b6cc-22a1-4e50-8c64-b3207f37a3ad",
    "color" : "#007695",
    "position" : {
      "x" : 6.0,
      "y" : -9.708204,
      "z" : -3.708204
    },
    "orientation" : 6
  }, {
    "shape" : "9f24b6cc-22a1-4e50-8c64-b3207f37a3ad",
    "color" : "#007695",
    "position" : {
      "x" : -6.0,
      "y" : -9.708204,
      "z" : -3.708204
    },
    "orientation" : 52
  }, {
    "shape" : "9f24b6cc-22a1-4e50-8c64-b3207f37a3ad",
    "color" : "#007695",
    "position" : {
      "x" : -9.708204,
      "y" : 3.708204,
      "z" : -6.0
    },
    "orientation" : 23
  }, {
    "shape" : "f71ee0e1-b448-4dc9-9ab7-818395a3f16d",
    "color" : "#DC4C00",
    "position" : {
      "x" : 0.0,
      "y" : 0.0,
      "z" : -12.0
    },
    "orientation" : 40
  }, {
    "shape" : "f71ee0e1-b448-4dc9-9ab7-818395a3f16d",
    "color" : "#DC4C00",
    "position" : {
      "x" : -3.708204,
      "y" : -6.0,
      "z" : 9.708204
    },
    "orientation" : 47
  }, {
    "shape" : "9f24b6cc-22a1-4e50-8c64-b3207f37a3ad",
    "color" : "#007695",
    "position" : {
      "x" : 6.0,
      "y" : 9.708204,
      "z" : -3.708204
    },
    "orientation" : 22
  }, {
    "shape" : "f71ee0e1-b448-4dc9-9ab7-818395a3f16d",
    "color" : "#DC4C00",
    "position" : {
      "x" : 9.708204,
      "y" : 3.708204,
      "z" : -6.0
    },
    "orientation" : 43
  }, {
    "shape" : "9f24b6cc-22a1-4e50-8c64-b3207f37a3ad",
    "color" : "#007695",
    "position" : {
      "x" : 9.708204,
      "y" : -3.708204,
      "z" : -6.0
    },
    "orientation" : 53
  }, {
    "shape" : "9f24b6cc-22a1-4e50-8c64-b3207f37a3ad",
    "color" : "#007695",
    "position" : {
      "x" : -9.708204,
      "y" : -3.708204,
      "z" : -6.0
    },
    "orientation" : 1
  }, {
    "shape" : "38fe769a-045b-4745-bcab-9d7fda247670",
    "color" : "#FFFFFF",
    "position" : {
      "x" : -6.0,
      "y" : -9.708204,
      "z" : 3.708204
    }
  }, {
    "shape" : "9f24b6cc-22a1-4e50-8c64-b3207f37a3ad",
    "color" : "#007695",
    "position" : {
      "x" : 0.0,
      "y" : -12.0,
      "z" : 0.0
    },
    "orientation" : 11
  }, {
    "shape" : "9f24b6cc-22a1-4e50-8c64-b3207f37a3ad",
    "color" : "#007695",
    "position" : {
      "x" : 9.708204,
      "y" : 3.708204,
      "z" : -6.0
    },
    "orientation" : 16
  }, {
    "shape" : "9f24b6cc-22a1-4e50-8c64-b3207f37a3ad",
    "color" : "#007695",
    "position" : {
      "x" : -3.708204,
      "y" : 6.0,
      "z" : -9.708204
    },
    "orientation" : 24
  }, {
    "shape" : "9f24b6cc-22a1-4e50-8c64-b3207f37a3ad",
    "color" : "#007695",
    "position" : {
      "x" : -3.708204,
      "y" : 6.0,
      "z" : -9.708204
    },
    "orientation" : 7
  }, {
    "shape" : "38fe769a-045b-4745-bcab-9d7fda247670",
    "color" : "#FFFFFF",
    "position" : {
      "x" : -6.0,
      "y" : -9.708204,
      "z" : -3.708204
    }
  }, {
    "shape" : "9f24b6cc-22a1-4e50-8c64-b3207f37a3ad",
    "color" : "#007695",
    "position" : {
      "x" : -9.708204,
      "y" : -3.708204,
      "z" : 6.0
    },
    "orientation" : 8
  }, {
    "shape" : "9f24b6cc-22a1-4e50-8c64-b3207f37a3ad",
    "color" : "#007695",
    "position" : {
      "x" : 12.0,
      "y" : 0.0,
      "z" : 0.0
    },
    "orientation" : 40
  }, {
    "shape" : "9f24b6cc-22a1-4e50-8c64-b3207f37a3ad",
    "color" : "#007695",
    "position" : {
      "x" : 6.0,
      "y" : 9.708204,
      "z" : -3.708204
    },
    "orientation" : 2
  }, {
    "shape" : "f71ee0e1-b448-4dc9-9ab7-818395a3f16d",
    "color" : "#DC4C00",
    "position" : {
      "x" : 12.0,
      "y" : 0.0,
      "z" : 0.0
    },
    "orientation" : 56
  }, {
    "shape" : "f71ee0e1-b448-4dc9-9ab7-818395a3f16d",
    "color" : "#DC4C00",
    "position" : {
      "x" : 9.708204,
      "y" : 3.708204,
      "z" : -6.0
    },
    "orientation" : 48
  }, {
    "shape" : "38fe769a-045b-4745-bcab-9d7fda247670",
    "color" : "#FFFFFF",
    "position" : {
      "x" : -9.708204,
      "y" : -3.708204,
      "z" : 6.0
    }
  }, {
    "shape" : "9f24b6cc-22a1-4e50-8c64-b3207f37a3ad",
    "color" : "#007695",
    "position" : {
      "x" : 6.0,
      "y" : -9.708204,
      "z" : -3.708204
    },
    "orientation" : 41
  }, {
    "shape" : "9f24b6cc-22a1-4e50-8c64-b3207f37a3ad",
    "color" : "#007695",
    "position" : {
      "x" : 6.0,
      "y" : 9.708204,
      "z" : 3.708204
    },
    "orientation" : 56
  }, {
    "shape" : "f71ee0e1-b448-4dc9-9ab7-818395a3f16d",
    "color" : "#DC4C00",
    "position" : {
      "x" : 9.708204,
      "y" : -3.708204,
      "z" : 6.0
    },
    "orientation" : 58
  }, {
    "shape" : "f71ee0e1-b448-4dc9-9ab7-818395a3f16d",
    "color" : "#DC4C00",
    "position" : {
      "x" : 0.0,
      "y" : 0.0,
      "z" : 12.0
    },
    "orientation" : 55
  }, {
    "shape" : "f71ee0e1-b448-4dc9-9ab7-818395a3f16d",
    "color" : "#DC4C00",
    "position" : {
      "x" : 9.708204,
      "y" : -3.708204,
      "z" : -6.0
    },
    "orientation" : 30
  }, {
    "shape" : "9f24b6cc-22a1-4e50-8c64-b3207f37a3ad",
    "color" : "#007695",
    "position" : {
      "x" : -12.0,
      "y" : 0.0,
      "z" : 0.0
    },
    "orientation" : 10
  }, {
    "shape" : "f71ee0e1-b448-4dc9-9ab7-818395a3f16d",
    "color" : "#DC4C00",
    "position" : {
      "x" : 6.0,
      "y" : 9.708204,
      "z" : 3.708204
    },
    "orientation" : 53
  }, {
    "shape" : "38fe769a-045b-4745-bcab-9d7fda247670",
    "color" : "#FFFFFF",
    "position" : {
      "x" : 9.708204,
      "y" : 3.708204,
      "z" : 6.0
    }
  }, {
    "shape" : "9f24b6cc-22a1-4e50-8c64-b3207f37a3ad",
    "color" : "#007695",
    "position" : {
      "x" : -3.708204,
      "y" : -6.0,
      "z" : -9.708204
    },
    "orientation" : 38
  }, {
    "shape" : "9f24b6cc-22a1-4e50-8c64-b3207f37a3ad",
    "color" : "#007695",
    "position" : {
      "x" : 0.0,
      "y" : 0.0,
      "z" : -12.0
    },
    "orientation" : 9
  }, {
    "shape" : "9f24b6cc-22a1-4e50-8c64-b3207f37a3ad",
    "color" : "#007695",
    "position" : {
      "x" : 0.0,
      "y" : 0.0,
      "z" : 12.0
    },
    "orientation" : 54
  }, {
    "shape" : "f71ee0e1-b448-4dc9-9ab7-818395a3f16d",
    "color" : "#DC4C00",
    "position" : {
      "x" : 9.708204,
      "y" : 3.708204,
      "z" : 6.0
    },
    "orientation" : 45
  }, {
    "shape" : "f71ee0e1-b448-4dc9-9ab7-818395a3f16d",
    "color" : "#DC4C00",
    "position" : {
      "x" : -3.708204,
      "y" : 6.0,
      "z" : 9.708204
    },
    "orientation" : 50
  }, {
    "shape" : "38fe769a-045b-4745-bcab-9d7fda247670",
    "color" : "#FFFFFF",
    "position" : {
      "x" : -3.708204,
      "y" : -6.0,
      "z" : -9.708204
    }
  }, {
    "shape" : "38fe769a-045b-4745-bcab-9d7fda247670",
    "color" : "#FFFFFF",
    "position" : {
      "x" : 12.0,
      "y" : 0.0,
      "z" : 0.0
    }
  }, {
    "shape" : "9f24b6cc-22a1-4e50-8c64-b3207f37a3ad",
    "color" : "#007695",
    "position" : {
      "x" : 6.0,
      "y" : -9.708204,
      "z" : 3.708204
    },
    "orientation" : 7
  }, {
    "shape" : "f71ee0e1-b448-4dc9-9ab7-818395a3f16d",
    "color" : "#DC4C00",
    "position" : {
      "x" : 6.0,
      "y" : -9.708204,
      "z" : -3.708204
    },
    "orientation" : 38
  }, {
    "shape" : "9f24b6cc-22a1-4e50-8c64-b3207f37a3ad",
    "color" : "#007695",
    "position" : {
      "x" : 9.708204,
      "y" : -3.708204,
      "z" : 6.0
    },
    "orientation" : 36
  }, {
    "shape" : "38fe769a-045b-4745-bcab-9d7fda247670",
    "color" : "#FFFFFF",
    "position" : {
      "x" : -6.0,
      "y" : 9.708204,
      "z" : 3.708204
    }
  }, {
    "shape" : "f71ee0e1-b448-4dc9-9ab7-818395a3f16d",
    "color" : "#DC4C00",
    "position" : {
      "x" : -6.0,
      "y" : 9.708204,
      "z" : -3.708204
    },
    "orientation" : 16
  }, {
    "shape" : "9f24b6cc-22a1-4e50-8c64-b3207f37a3ad",
    "color" : "#007695",
    "position" : {
      "x" : -9.708204,
      "y" : 3.708204,
      "z" : 6.0
    },
    "orientation" : 6
  }, {
    "shape" : "9f24b6cc-22a1-4e50-8c64-b3207f37a3ad",
    "color" : "#007695",
    "position" : {
      "x" : 3.708204,
      "y" : 6.0,
      "z" : 9.708204
    },
    "orientation" : 52
  }, {
    "shape" : "f71ee0e1-b448-4dc9-9ab7-818395a3f16d",
    "color" : "#DC4C00",
    "position" : {
      "x" : 0.0,
      "y" : -12.0,
      "z" : 0.0
    },
    "orientation" : 54
  }, {
    "shape" : "38fe769a-045b-4745-bcab-9d7fda247670",
    "color" : "#FFFFFF",
    "position" : {
      "x" : -3.708204,
      "y" : 6.0,
      "z" : 9.708204
    }
  }, {
    "shape" : "9f24b6cc-22a1-4e50-8c64-b3207f37a3ad",
    "color" : "#007695",
    "position" : {
      "x" : -6.0,
      "y" : 9.708204,
      "z" : 3.708204
    },
    "orientation" : 47
  }, {
    "shape" : "f71ee0e1-b448-4dc9-9ab7-818395a3f16d",
    "color" : "#DC4C00",
    "position" : {
      "x" : -12.0,
      "y" : 0.0,
      "z" : 0.0
    },
    "orientation" : 26
  }, {
    "shape" : "38fe769a-045b-4745-bcab-9d7fda247670",
    "color" : "#FFFFFF",
    "position" : {
      "x" : -12.0,
      "y" : 0.0,
      "z" : 0.0
    }
  }, {
    "shape" : "9f24b6cc-22a1-4e50-8c64-b3207f37a3ad",
    "color" : "#007695",
    "position" : {
      "x" : 9.708204,
      "y" : -3.708204,
      "z" : 6.0
    },
    "orientation" : 1
  }, {
    "shape" : "38fe769a-045b-4745-bcab-9d7fda247670",
    "color" : "#FFFFFF",
    "position" : {
      "x" : -9.708204,
      "y" : 3.708204,
      "z" : -6.0
    }
  }, {
    "shape" : "38fe769a-045b-4745-bcab-9d7fda247670",
    "color" : "#FFFFFF",
    "position" : {
      "x" : -9.708204,
      "y" : -3.708204,
      "z" : -6.0
    }
  }, {
    "shape" : "38fe769a-045b-4745-bcab-9d7fda247670",
    "color" : "#FFFFFF",
    "position" : {
      "x" : 6.0,
      "y" : 9.708204,
      "z" : -3.708204
    }
  }, {
    "shape" : "f71ee0e1-b448-4dc9-9ab7-818395a3f16d",
    "color" : "#DC4C00",
    "position" : {
      "x" : 6.0,
      "y" : 9.708204,
      "z" : -3.708204
    },
    "orientation" : 19
  }, {
    "shape" : "f71ee0e1-b448-4dc9-9ab7-818395a3f16d",
    "color" : "#DC4C00",
    "position" : {
      "x" : -9.708204,
      "y" : -3.708204,
      "z" : 6.0
    },
    "orientation" : 52
  }, {
    "shape" : "9f24b6cc-22a1-4e50-8c64-b3207f37a3ad",
    "color" : "#007695",
    "position" : {
      "x" : 0.0,
      "y" : -12.0,
      "z" : 0.0
    },
    "orientation" : 56
  }, {
    "shape" : "f71ee0e1-b448-4dc9-9ab7-818395a3f16d",
    "color" : "#DC4C00",
    "position" : {
      "x" : -3.708204,
      "y" : 6.0,
      "z" : -9.708204
    },
    "orientation" : 21
  }, {
    "shape" : "9f24b6cc-22a1-4e50-8c64-b3207f37a3ad",
    "color" : "#007695",
    "position" : {
      "x" : -3.708204,
      "y" : 6.0,
      "z" : 9.708204
    },
    "orientation" : 53
  }, {
    "shape" : "f71ee0e1-b448-4dc9-9ab7-818395a3f16d",
    "color" : "#DC4C00",
    "position" : {
      "x" : 3.708204,
      "y" : 6.0,
      "z" : -9.708204
    },
    "orientation" : 42
  }, {
    "shape" : "9f24b6cc-22a1-4e50-8c64-b3207f37a3ad",
    "color" : "#007695",
    "position" : {
      "x" : 9.708204,
      "y" : 3.708204,
      "z" : 6.0
    },
    "orientation" : 38
  }, {
    "shape" : "9f24b6cc-22a1-4e50-8c64-b3207f37a3ad",
    "color" : "#007695",
    "position" : {
      "x" : 9.708204,
      "y" : -3.708204,
      "z" : -6.0
    },
    "orientation" : 10
  }, {
    "shape" : "9f24b6cc-22a1-4e50-8c64-b3207f37a3ad",
    "color" : "#007695",
    "position" : {
      "x" : 3.708204,
      "y" : 6.0,
      "z" : -9.708204
    },
    "orientation" : 8
  }, {
    "shape" : "9f24b6cc-22a1-4e50-8c64-b3207f37a3ad",
    "color" : "#007695",
    "position" : {
      "x" : 3.708204,
      "y" : -6.0,
      "z" : 9.708204
    },
    "orientation" : 45
  }, {
    "shape" : "38fe769a-045b-4745-bcab-9d7fda247670",
    "color" : "#FFFFFF",
    "position" : {
      "x" : 6.0,
      "y" : 9.708204,
      "z" : 3.708204
    }
  }, {
    "shape" : "38fe769a-045b-4745-bcab-9d7fda247670",
    "color" : "#FFFFFF",
    "position" : {
      "x" : 9.708204,
      "y" : -3.708204,
      "z" : -6.0
    }
  }, {
    "shape" : "9f24b6cc-22a1-4e50-8c64-b3207f37a3ad",
    "color" : "#007695",
    "position" : {
      "x" : -6.0,
      "y" : 9.708204,
      "z" : -3.708204
    },
    "orientation" : 36
  }, {
    "shape" : "9f24b6cc-22a1-4e50-8c64-b3207f37a3ad",
    "color" : "#007695",
    "position" : {
      "x" : 3.708204,
      "y" : 6.0,
      "z" : -9.708204
    },
    "orientation" : 45
  }, {
    "shape" : "9f24b6cc-22a1-4e50-8c64-b3207f37a3ad",
    "color" : "#007695",
    "position" : {
      "x" : -3.708204,
      "y" : -6.0,
      "z" : -9.708204
    },
    "orientation" : 0
  }, {
    "shape" : "9f24b6cc-22a1-4e50-8c64-b3207f37a3ad",
    "color" : "#007695",
    "position" : {
      "x" : -12.0,
      "y" : 0.0,
      "z" : 0.0
    },
    "orientation" : 25
  }, {
    "shape" : "38fe769a-045b-4745-bcab-9d7fda247670",
    "color" : "#FFFFFF",
    "position" : {
      "x" : 0.0,
      "y" : 0.0,
      "z" : 12.0
    }
  }, {
    "shape" : "38fe769a-045b-4745-bcab-9d7fda247670",
    "color" : "#FFFFFF",
    "position" : {
      "x" : 0.0,
      "y" : 0.0,
      "z" : 0.0
    }
  }, {
    "shape" : "38fe769a-045b-4745-bcab-9d7fda247670",
    "color" : "#FFFFFF",
    "position" : {
      "x" : 9.708204,
      "y" : 3.708204,
      "z" : -6.0
    }
  }, {
    "shape" : "9f24b6cc-22a1-4e50-8c64-b3207f37a3ad",
    "color" : "#007695",
    "position" : {
      "x" : 0.0,
      "y" : 12.0,
      "z" : 0.0
    },
    "orientation" : 41
  }, {
    "shape" : "38fe769a-045b-4745-bcab-9d7fda247670",
    "color" : "#FFFFFF",
    "position" : {
      "x" : -3.708204,
      "y" : -6.0,
      "z" : 9.708204
    }
  }, {
    "shape" : "9f24b6cc-22a1-4e50-8c64-b3207f37a3ad",
    "color" : "#007695",
    "position" : {
      "x" : 6.0,
      "y" : 9.708204,
      "z" : 3.708204
    },
    "orientation" : 21
  }, {
    "shape" : "38fe769a-045b-4745-bcab-9d7fda247670",
    "color" : "#FFFFFF",
    "position" : {
      "x" : 0.0,
      "y" : -12.0,
      "z" : 0.0
    }
  }, {
    "shape" : "9f24b6cc-22a1-4e50-8c64-b3207f37a3ad",
    "color" : "#007695",
    "position" : {
      "x" : 3.708204,
      "y" : -6.0,
      "z" : -9.708204
    },
    "orientation" : 54
  }, {
    "shape" : "9f24b6cc-22a1-4e50-8c64-b3207f37a3ad",
    "color" : "#007695",
    "position" : {
      "x" : -6.0,
      "y" : -9.708204,
      "z" : 3.708204
    },
    "orientation" : 26
  }, {
    "shape" : "9f24b6cc-22a1-4e50-8c64-b3207f37a3ad",
    "color" : "#007695",
    "position" : {
      "x" : 3.708204,
      "y" : 6.0,
      "z" : 9.708204
    },
    "orientation" : 39
  }, {
    "shape" : "9f24b6cc-22a1-4e50-8c64-b3207f37a3ad",
    "color" : "#007695",
    "position" : {
      "x" : 0.0,
      "y" : 12.0,
      "z" : 0.0
    },
    "orientation" : 26
  }, {
    "shape" : "9f24b6cc-22a1-4e50-8c64-b3207f37a3ad",
    "color" : "#007695",
    "position" : {
      "x" : -9.708204,
      "y" : -3.708204,
      "z" : 6.0
    },
    "orientation" : 55
  }, {
    "shape" : "f71ee0e1-b448-4dc9-9ab7-818395a3f16d",
    "color" : "#DC4C00",
    "position" : {
      "x" : 9.708204,
      "y" : 3.708204,
      "z" : 6.0
    },
    "orientation" : 22
  }, {
    "shape" : "f71ee0e1-b448-4dc9-9ab7-818395a3f16d",
    "color" : "#DC4C00",
    "position" : {
      "x" : 3.708204,
      "y" : -6.0,
      "z" : 9.708204
    },
    "orientation" : 20
  }, {
    "shape" : "9f24b6cc-22a1-4e50-8c64-b3207f37a3ad",
    "color" : "#007695",
    "position" : {
      "x" : -9.708204,
      "y" : 3.708204,
      "z" : -6.0
    },
    "orientation" : 40
  }, {
    "shape" : "f71ee0e1-b448-4dc9-9ab7-818395a3f16d",
    "color" : "#DC4C00",
    "position" : {
      "x" : -6.0,
      "y" : 9.708204,
      "z" : 3.708204
    },
    "orientation" : 29
  }, {
    "shape" : "38fe769a-045b-4745-bcab-9d7fda247670",
    "color" : "#FFFFFF",
    "position" : {
      "x" : 6.0,
      "y" : -9.708204,
      "z" : 3.708204
    }
  }, {
    "shape" : "9f24b6cc-22a1-4e50-8c64-b3207f37a3ad",
    "color" : "#007695",
    "position" : {
      "x" : 12.0,
      "y" : 0.0,
      "z" : 0.0
    },
    "orientation" : 55
  }, {
    "shape" : "f71ee0e1-b448-4dc9-9ab7-818395a3f16d",
    "color" : "#DC4C00",
    "position" : {
      "x" : 6.0,
      "y" : -9.708204,
      "z" : 3.708204
    },
    "orientation" : 4
  } ],
  "scenes" : [ ],
  "snapshots" : [ ]
}