{
  "polygons" : "true",
  "field" : "golden",
  "symmetry" : "icosahedral",
  "orientations" : [ [ 1.0, 0.0, 0.0, 0.0, 0.0, 1.0, 0.0, 0.0, 0.0, 0.0, 1.0, 0.0, 0.0, 0.0, 0.0, 1.0 ], [ 0.0, 0.0, 1.0, 0.0, 1.0, 0.0, 0.0, 0.0, 0.0, 1.0, 0.0, 0.0, 0.0, 0.0, 0.0, 1.0 ], [ 0.0, 1.0, 0.0, 0.0, 0.0, 0.0, 1.0, 0.0, 1.0, 0.0, 0.0, 0.0, 0.0, 0.0, 0.0, 1.0 ], [ 0.809017, 0.309017, 0.5, 0.0, 0.309017, 0.5, -0.809017, 0.0, -0.5, 0.809017, 0.309017, 0.0, 0.0, 0.0, 0.0, 1.0 ], [ -0.5, 0.809017, 0.309017, 0.0, 0.809017, 0.309017, 0.5, 0.0, 0.309017, 0.5, -0.809017, 0.0, 0.0, 0.0, 0.0, 1.0 ], [ 0.309017, 0.5, -0.809017, 0.0, -0.5, 0.809017, 0.309017, 0.0, 0.809017, 0.309017, 0.5, 0.0, 0.0, 0.0, 0.0, 1.0 ], [ 0.5, 0.809017, 0.309017, 0.0, 0.809017, -0.309017, -0.5, 0.0, -0.309017, 0.5, -0.809017, 0.0, 0.0, 0.0, 0.0, 1.0 ], [ -0.309017, 0.5, -0.809017, 0.0, 0.5, 0.809017, 0.309017, 0.0, 0.809017, -0.309017, -0.5, 0.0, 0.0, 0.0, 0.0, 1.0 ], [ 0.809017, -0.309017, -0.5, 0.0, -0.309017, 0.5, -0.809017, 0.0, 0.5, 0.809017, 0.309017, 0.0, 0.0, 0.0, 0.0, 1.0 ], [ 0.5, 0.809017, -0.309017, 0.0, 0.809017, -0.309017, 0.5, 0.0, 0.309017, -0.5, -0.809017, 0.0, 0.0, 0.0, 0.0, 1.0 ], [ 0.309017, -0.5, -0.809017, 0.0, 0.5, 0.809017, -0.309017, 0.0, 0.809017, -0.309017, 0.5, 0.0, 0.0, 0.0, 0.0, 1.0 ], [ 0.809017, -0.309017, 0.5, 0.0, 0.309017, -0.5, -0.809017, 0.0, 0.5, 0.809017, -0.309017, 0.0, 0.0, 0.0, 0.0, 1.0 ], [ 0.809017, 0.309017, -0.5, 0.0, 0.309017, 0.5, 0.809017, 0.0, 0.5, -0.809017, 0.309017, 0.0, 0.0, 0.0, 0.0, 1.0 ], [ 0.5, -0.809017, 0.309017, 0.0, 0.809017, 0.309017, -0.5, 0.0, 0.309017, 0.5, 0.809017, 0.0, 0.0, 0.0, 0.0, 1.0 ], [ 0.309017, 0.5, 0.809017, 0.0, 0.5, -0.809017, 0.309017, 0.0, 0.809017, 0.309017, -0.5, 0.0, 0.0, 0.0, 0.0, 1.0 ], [ 1.0, 0.0, 0.0, 0.0, 0.0, -1.0, 0.0, 0.0, 0.0, 0.0, -1.0, 0.0, 0.0, 0.0, 0.0, 1.0 ], [ 0.0, 0.0, 1.0, 0.0, -1.0, 0.0, 0.0, 0.0, 0.0, -1.0, 0.0, 0.0, 0.0, 0.0, 0.0, 1.0 ], [ 0.0, 1.0, 0.0, 0.0, 0.0, 0.0, -1.0, 0.0, -1.0, 0.0, 0.0, 0.0, 0.0, 0.0, 0.0, 1.0 ], [ 0.809017, 0.309017, 0.5, 0.0, -0.309017, -0.5, 0.809017, 0.0, 0.5, -0.809017, -0.309017, 0.0, 0.0, 0.0, 0.0, 1.0 ], [ -0.5, 0.809017, 0.309017, 0.0, -0.809017, -0.309017, -0.5, 0.0, -0.309017, -0.5, 0.809017, 0.0, 0.0, 0.0, 0.0, 1.0 ], [ 0.309017, 0.5, -0.809017, 0.0, 0.5, -0.809017, -0.309017, 0.0, -0.809017, -0.309017, -0.5, 0.0, 0.0, 0.0, 0.0, 1.0 ], [ 0.5, 0.809017, 0.309017, 0.0, -0.809017, 0.309017, 0.5, 0.0, 0.309017, -0.5, 0.809017, 0.0, 0.0, 0.0, 0.0, 1.0 ], [ -0.309017, 0.5, -0.809017, 0.0, -0.5, -0.809017, -0.309017, 0.0, -0.809017, 0.309017, 0.5, 0.0, 0.0, 0.0, 0.0, 1.0 ], [ 0.809017, -0.309017, -0.5, 0.0, 0.309017, -0.5, 0.809017, 0.0, -0.5, -0.809017, -0.309017, 0.0, 0.0, 0.0, 0.0, 1.0 ], [ 0.5, 0.809017, -0.309017, 0.0, -0.809017, 0.309017, -0.5, 0.0, -0.309017, 0.5, 0.809017, 0.0, 0.0, 0.0, 0.0, 1.0 ], [ 0.309017, -0.5, -0.809017, 0.0, -0.5, -0.809017, 0.309017, 0.0, -0.809017, 0.309017, -0.5, 0.0, 0.0, 0.0, 0.0, 1.0 ], [ 0.809017, -0.309017, 0.5, 0.0, -0.309017, 0.5, 0.809017, 0.0, -0.5, -0.809017, 0.309017, 0.0, 0.0, 0.0, 0.0, 1.0 ], [ 0.809017, 0.309017, -0.5, 0.0, -0.309017, -0.5, -0.809017, 0.0, -0.5, 0.809017, -0.309017, 0.0, 0.0, 0.0, 0.0, 1.0 ], [ 0.5, -0.809017, 0.309017, 0.0, -0.809017, -0.309017, 0.5, 0.0, -0.309017, -0.5, -0.809017, 0.0, 0.0, 0.0, 0.0, 1.0 ], [ 0.309017, 0.5, 0.809017, 0.0, -0.5, 0.809017, -0.309017, 0.0, -0.809017, -0.309017, 0.5, 0.0, 0.0, 0.0, 0.0, 1.0 ], [ -1.0, 0.0, 0.0, 0.0, 0.0, -1.0, 0.0, 0.0, 0.0, 0.0, 1.0, 0.0, 0.0, 0.0, 0.0, 1.0 ], [ 0.0, 0.0, -1.0, 0.0, -1.0, 0.0, 0.0, 0.0, 0.0, 1.0, 0.0, 0.0, 0.0, 0.0, 0.0, 1.0 ], [ 0.0, -1.0, 0.0, 0.0, 0.0, 0.0, -1.0, 0.0, 1.0, 0.0, 0.0, 0.0, 0.0, 0.0, 0.0, 1.0 ], [ -0.809017, -0.309017, -0.5, 0.0, -0.309017, -0.5, 0.809017, 0.0, -0.5, 0.809017, 0.309017, 0.0, 0.0, 0.0, 0.0, 1.0 ], [ 0.5, -0.809017, -0.309017, 0.0, -0.809017, -0.309017, -0.5, 0.0, 0.309017, 0.5, -0.809017, 0.0, 0.0, 0.0, 0.0, 1.0 ], [ -0.309017, -0.5, 0.809017, 0.0, 0.5, -0.809017, -0.309017, 0.0, 0.809017, 0.309017, 0.5, 0.0, 0.0, 0.0, 0.0, 1.0 ], [ -0.5, -0.809017, -0.309017, 0.0, -0.809017, 0.309017, 0.5, 0.0, -0.309017, 0.5, -0.809017, 0.0, 0.0, 0.0, 0.0, 1.0 ], [ 0.309017, -0.5, 0.809017, 0.0, -0.5, -0.809017, -0.309017, 0.0, 0.809017, -0.309017, -0.5, 0.0, 0.0, 0.0, 0.0, 1.0 ], [ -0.809017, 0.309017, 0.5, 0.0, 0.309017, -0.5, 0.809017, 0.0, 0.5, 0.809017, 0.309017, 0.0, 0.0, 0.0, 0.0, 1.0 ], [ -0.5, -0.809017, 0.309017, 0.0, -0.809017, 0.309017, -0.5, 0.0, 0.309017, -0.5, -0.809017, 0.0, 0.0, 0.0, 0.0, 1.0 ], [ -0.309017, 0.5, 0.809017, 0.0, -0.5, -0.809017, 0.309017, 0.0, 0.809017, -0.309017, 0.5, 0.0, 0.0, 0.0, 0.0, 1.0 ], [ -0.809017, 0.309017, -0.5, 0.0, -0.309017, 0.5, 0.809017, 0.0, 0.5, 0.809017, -0.309017, 0.0, 0.0, 0.0, 0.0, 1.0 ], [ -0.809017, -0.309017, 0.5, 0.0, -0.309017, -0.5, -0.809017, 0.0, 0.5, -0.809017, 0.309017, 0.0, 0.0, 0.0, 0.0, 1.0 ], [ -0.5, 0.809017, -0.309017, 0.0, -0.809017, -0.309017, 0.5, 0.0, 0.309017, 0.5, 0.809017, 0.0, 0.0, 0.0, 0.0, 1.0 ], [ -0.309017, -0.5, -0.809017, 0.0, -0.5, 0.809017, -0.309017, 0.0, 0.809017, 0.309017, -0.5, 0.0, 0.0, 0.0, 0.0, 1.0 ], [ -1.0, 0.0, 0.0, 0.0, 0.0, 1.0, 0.0, 0.0, 0.0, 0.0, -1.0, 0.0, 0.0, 0.0, 0.0, 1.0 ], [ 0.0, 0.0, -1.0, 0.0, 1.0, 0.0, 0.0, 0.0, 0.0, -1.0, 0.0, 0.0, 0.0, 0.0, 0.0, 1.0 ], [ 0.0, -1.0, 0.0, 0.0, 0.0, 0.0, 1.0, 0.0, -1.0, 0.0, 0.0, 0.0, 0.0, 0.0, 0.0, 1.0 ], [ -0.809017, -0.309017, -0.5, 0.0, 0.309017, 0.5, -0.809017, 0.0, 0.5, -0.809017, -0.309017, 0.0, 0.0, 0.0, 0.0, 1.0 ], [ 0.5, -0.809017, -0.309017, 0.0, 0.809017, 0.309017, 0.5, 0.0, -0.309017, -0.5, 0.809017, 0.0, 0.0, 0.0, 0.0, 1.0 ], [ -0.309017, -0.5, 0.809017, 0.0, -0.5, 0.809017, 0.309017, 0.0, -0.809017, -0.309017, -0.5, 0.0, 0.0, 0.0, 0.0, 1.0 ], [ -0.5, -0.809017, -0.309017, 0.0, 0.809017, -0.309017, -0.5, 0.0, 0.309017, -0.5, 0.809017, 0.0, 0.0, 0.0, 0.0, 1.0 ], [ 0.309017, -0.5, 0.809017, 0.0, 0.5, 0.809017, 0.309017, 0.0, -0.809017, 0.309017, 0.5, 0.0, 0.0, 0.0, 0.0, 1.0 ], [ -0.809017, 0.309017, 0.5, 0.0, -0.309017, 0.5, -0.809017, 0.0, -0.5, -0.809017, -0.309017, 0.0, 0.0, 0.0, 0.0, 1.0 ], [ -0.5, -0.809017, 0.309017, 0.0, 0.809017, -0.309017, 0.5, 0.0, -0.309017, 0.5, 0.809017, 0.0, 0.0, 0.0, 0.0, 1.0 ], [ -0.309017, 0.5, 0.809017, 0.0, 0.5, 0.809017, -0.309017, 0.0, -0.809017, 0.309017, -0.5, 0.0, 0.0, 0.0, 0.0, 1.0 ], [ -0.809017, 0.309017, -0.5, 0.0, 0.309017, -0.5, -0.809017, 0.0, -0.5, -0.809017, 0.309017, 0.0, 0.0, 0.0, 0.0, 1.0 ], [ -0.809017, -0.309017, 0.5, 0.0, 0.309017, 0.5, 0.809017, 0.0, -0.5, 0.809017, -0.309017, 0.0, 0.0, 0.0, 0.0, 1.0 ], [ -0.5, 0.809017, -0.309017, 0.0, 0.809017, 0.309017, -0.5, 0.0, -0.309017, -0.5, -0.809017, 0.0, 0.0, 0.0, 0.0, 1.0 ], [ -0.309017, -0.5, -0.809017, 0.0, 0.5, -0.809017, 0.309017, 0.0, -0.809017, -0.309017, 0.5, 0.0, 0.0, 0.0, 0.0, 1.0 ] ],
  "lights" : {
    "ambientColor" : "#292929",
    "backgroundColor" : "#99CCFF",
    "directionalLights" : [ {
      "direction" : [ 1.0, -1.0, -1.0 ],
      "color" : "#EBEBE4"
    }, {
      "direction" : [ -1.0, 0.0, 0.0 ],
      "color" : "#E4E4EB"
    }, {
      "direction" : [ 0.0, 0.0, -1.0 ],
      "color" : "#1E1E1E"
    } ]
  },
  "camera" : {
    "width" : 53.00424,
    "perspective" : false,
    "lookAtPoint" : {
      "x" : 0.0,
      "y" : 0.0,
      "z" : 0.0
    },
    "upDirection" : {
      "x" : -0.0052380017,
      "y" : 0.9992413,
      "z" : -0.03802825
    },
    "stereo" : false,
    "fieldOfView" : 0.44262892,
    "lookDirection" : {
      "x" : 0.03271396,
      "y" : -0.03784051,
      "z" : -0.9987452
    },
    "nearClipDistance" : 0.29446802,
    "farClipDistance" : 235.57431,
    "viewDistance" : 117.787186,
    "lookAtPointRV" : {
      "x" : 0.0,
      "y" : 0.0,
      "z" : 0.0,
      "zero" : true
    },
    "lookDirectionRV" : {
      "x" : 0.03271396,
      "y" : -0.03784051,
      "z" : -0.9987452,
      "zero" : false
    },
    "upDirectionRV" : {
      "x" : -0.0052380017,
      "y" : 0.9992413,
      "z" : -0.03802825,
      "zero" : false
    },
    "position" : {
      "x" : -3.8532853,
      "y" : 4.4571276,
      "z" : 117.63939
    }
  },
  "embedding" : [ 1.0, 0.0, 0.0, 0.0, 0.0, 1.0, 0.0, 0.0, 0.0, 0.0, 1.0, 0.0, 0.0, 0.0, 0.0, 1.0 ],
  "shapes" : [ {
    "id" : "a5aa1104-5ce8-4a1b-9518-bbeb4a2a3ad2",
    "orbit" : "green",
    "orbitC" : "[[2,-1,1],[5,-3,1]]",
    "length" : "[\"1\",\"0\",\"1\"]",
    "name" : "g1",
    "vertices" : [ {
      "x" : 10.781153,
      "y" : 4.118034,
      "z" : -1.572949
    }, {
      "x" : 10.399187,
      "y" : 3.663119,
      "z" : -1.381966
    }, {
      "x" : 10.236068,
      "y" : 3.927051,
      "z" : -1.809017
    }, {
      "x" : 10.163119,
      "y" : 4.190983,
      "z" : -1.618034
    }, {
      "x" : 0.85410196,
      "y" : 0.309017,
      "z" : 0.19098301
    }, {
      "x" : 0.690983,
      "y" : 0.572949,
      "z" : -0.23606798
    }, {
      "x" : 0.309017,
      "y" : 0.11803399,
      "z" : -0.045084972
    }, {
      "x" : 0.76393205,
      "y" : 0.309017,
      "z" : -0.42705098
    }, {
      "x" : 0.927051,
      "y" : 0.045084972,
      "z" : 0.0
    }, {
      "x" : 10.326238,
      "y" : 3.927051,
      "z" : -1.190983
    }, {
      "x" : 11.09017,
      "y" : 4.236068,
      "z" : -1.618034
    } ],
    "faces" : [ {
      "vertices" : [ 2, 7, 5, 3 ]
    }, {
      "vertices" : [ 1, 8, 7, 2 ]
    }, {
      "vertices" : [ 4, 6, 8 ]
    }, {
      "vertices" : [ 5, 7, 6 ]
    }, {
      "vertices" : [ 0, 1, 2 ]
    }, {
      "vertices" : [ 0, 2, 3 ]
    }, {
      "vertices" : [ 6, 7, 8 ]
    }, {
      "vertices" : [ 3, 5, 4, 9 ]
    }, {
      "vertices" : [ 1, 9, 4, 8 ]
    }, {
      "vertices" : [ 0, 9, 1 ]
    }, {
      "vertices" : [ 0, 3, 9 ]
    }, {
      "vertices" : [ 4, 5, 6 ]
    } ]
  }, {
    "id" : "8df1c195-e6a7-4eda-8a21-f292baae31eb",
    "name" : "ball",
    "vertices" : [ {
      "x" : 0.309017,
      "y" : -0.309017,
      "z" : -0.309017
    }, {
      "x" : 0.5,
      "y" : 0.0,
      "z" : -0.19098301
    }, {
      "x" : 0.5,
      "y" : 0.0,
      "z" : 0.19098301
    }, {
      "x" : 0.309017,
      "y" : -0.309017,
      "z" : 0.309017
    }, {
      "x" : 0.19098301,
      "y" : -0.5,
      "z" : 0.0
    }, {
      "x" : 0.0,
      "y" : 0.19098301,
      "z" : 0.5
    }, {
      "x" : 0.0,
      "y" : -0.19098301,
      "z" : 0.5
    }, {
      "x" : 0.309017,
      "y" : 0.309017,
      "z" : 0.309017
    }, {
      "x" : -0.309017,
      "y" : -0.309017,
      "z" : 0.309017
    }, {
      "x" : -0.309017,
      "y" : 0.309017,
      "z" : 0.309017
    }, {
      "x" : -0.5,
      "y" : 0.0,
      "z" : 0.19098301
    }, {
      "x" : 0.0,
      "y" : -0.19098301,
      "z" : -0.5
    }, {
      "x" : 0.0,
      "y" : 0.19098301,
      "z" : -0.5
    }, {
      "x" : 0.309017,
      "y" : 0.309017,
      "z" : -0.309017
    }, {
      "x" : -0.309017,
      "y" : -0.309017,
      "z" : -0.309017
    }, {
      "x" : -0.19098301,
      "y" : -0.5,
      "z" : 0.0
    }, {
      "x" : -0.5,
      "y" : 0.0,
      "z" : -0.19098301
    }, {
      "x" : 0.19098301,
      "y" : 0.5,
      "z" : 0.0
    }, {
      "x" : -0.309017,
      "y" : 0.309017,
      "z" : -0.309017
    }, {
      "x" : 0.0,
      "y" : 0.0,
      "z" : 0.0
    }, {
      "x" : -0.19098301,
      "y" : 0.5,
      "z" : 0.0
    } ],
    "faces" : [ {
      "vertices" : [ 12, 18, 20, 17, 13 ]
    }, {
      "vertices" : [ 3, 6, 8, 15, 4 ]
    }, {
      "vertices" : [ 0, 11, 12, 13, 1 ]
    }, {
      "vertices" : [ 5, 9, 10, 8, 6 ]
    }, {
      "vertices" : [ 2, 7, 5, 6, 3 ]
    }, {
      "vertices" : [ 11, 14, 16, 18, 12 ]
    }, {
      "vertices" : [ 1, 13, 17, 7, 2 ]
    }, {
      "vertices" : [ 9, 20, 18, 16, 10 ]
    }, {
      "vertices" : [ 0, 1, 2, 3, 4 ]
    }, {
      "vertices" : [ 5, 7, 17, 20, 9 ]
    }, {
      "vertices" : [ 0, 4, 15, 14, 11 ]
    }, {
      "vertices" : [ 8, 10, 16, 14, 15 ]
    } ]
  }, {
    "id" : "fe7413c2-3e6f-459e-865a-e4ea95e4488d",
    "vertices" : [ {
      "x" : 0.0,
      "y" : 0.0,
      "z" : 0.0
    }, {
      "x" : 2.118034,
      "y" : -6.354102,
      "z" : 2.118034
    }, {
      "x" : 8.472136,
      "y" : -8.472136,
      "z" : 0.0
    }, {
      "x" : 8.472136,
      "y" : 0.0,
      "z" : -4.236068
    } ],
    "faces" : [ {
      "vertices" : [ 0, 1, 2, 3 ]
    }, {
      "vertices" : [ 0, 3, 2, 1 ]
    } ]
  }, {
    "id" : "a5d32d79-6f68-4638-9802-22f922f5cc62",
    "orbit" : "turquoise",
    "orbitC" : "[[2,-1,2],[-3,2,2]]",
    "length" : "[\"0\",\"1\",\"2\"]",
    "name" : " :1/2*phi",
    "vertices" : [ {
      "x" : 1.236068,
      "y" : 0.54508495,
      "z" : 0.33688104
    }, {
      "x" : 1.236068,
      "y" : -0.072949015,
      "z" : 0.33688104
    }, {
      "x" : 5.618034,
      "y" : 0.76393205,
      "z" : 0.85410196
    }, {
      "x" : 5.618034,
      "y" : 1.381966,
      "z" : 0.85410196
    }, {
      "x" : 6.854102,
      "y" : 1.309017,
      "z" : 0.809017
    }, {
      "x" : 0.295686,
      "y" : 0.056471,
      "z" : 0.034900997
    }, {
      "x" : 1.236068,
      "y" : 0.54508495,
      "z" : -0.045084972
    }, {
      "x" : 5.618034,
      "y" : 0.76393205,
      "z" : 0.47213596
    }, {
      "x" : 1.236068,
      "y" : -0.072949015,
      "z" : -0.045084972
    }, {
      "x" : 5.618034,
      "y" : 1.381966,
      "z" : 0.47213596
    }, {
      "x" : 6.558416,
      "y" : 1.252546,
      "z" : 0.774116
    } ],
    "faces" : [ {
      "vertices" : [ 1, 8, 7, 2 ]
    }, {
      "vertices" : [ 0, 3, 9, 6 ]
    }, {
      "vertices" : [ 2, 7, 10 ]
    }, {
      "vertices" : [ 5, 6, 8 ]
    }, {
      "vertices" : [ 0, 1, 2, 3 ]
    }, {
      "vertices" : [ 0, 5, 1 ]
    }, {
      "vertices" : [ 3, 10, 9 ]
    }, {
      "vertices" : [ 7, 9, 10 ]
    }, {
      "vertices" : [ 0, 6, 5 ]
    }, {
      "vertices" : [ 6, 9, 7, 8 ]
    }, {
      "vertices" : [ 1, 5, 8 ]
    }, {
      "vertices" : [ 2, 10, 3 ]
    } ]
  }, {
    "id" : "91551380-4f67-4e7c-9df3-d21f2a5d302a",
    "orbit" : "762",
    "orbitC" : "[[1,0,2],[0,0,1]]",
    "length" : "[\"0\",\"1\",\"1\"]",
    "name" : "medium",
    "vertices" : [ {
      "x" : 0.13333334,
      "y" : 7.923418,
      "z" : -3.7283757
    }, {
      "x" : -0.26666668,
      "y" : 8.023418,
      "z" : -3.8283756
    }, {
      "x" : -0.13333334,
      "y" : 0.548718,
      "z" : -0.50769234
    }, {
      "x" : 0.26666668,
      "y" : 0.44871795,
      "z" : -0.4076923
    }, {
      "x" : -0.13333334,
      "y" : 7.790085,
      "z" : -4.1283755
    }, {
      "x" : 0.26666668,
      "y" : 7.6900845,
      "z" : -4.0283756
    }, {
      "x" : 0.13333334,
      "y" : 0.6820513,
      "z" : -0.10769231
    }, {
      "x" : -0.26666668,
      "y" : 0.78205127,
      "z" : -0.20769231
    } ],
    "faces" : [ {
      "vertices" : [ 2, 3, 6, 7 ]
    }, {
      "vertices" : [ 0, 5, 4, 1 ]
    }, {
      "vertices" : [ 2, 4, 5, 3 ]
    }, {
      "vertices" : [ 0, 6, 3, 5 ]
    }, {
      "vertices" : [ 0, 1, 7, 6 ]
    }, {
      "vertices" : [ 1, 4, 2, 7 ]
    } ]
  }, {
    "id" : "5e8ba6ac-a10a-4d5c-b542-707be12ddc7b",
    "orbit" : "yellow",
    "orbitC" : "[[0,0,1],[2,-1,1]]",
    "length" : "[\"0\",\"1\",\"1\"]",
    "name" : "y2",
    "vertices" : [ {
      "x" : 11.09017,
      "y" : 0.0,
      "z" : -4.236068
    }, {
      "x" : 10.781153,
      "y" : 0.0,
      "z" : -4.118034
    }, {
      "x" : 10.376644,
      "y" : -0.1545085,
      "z" : -3.677051
    }, {
      "x" : 10.185661,
      "y" : -0.1545085,
      "z" : -4.177051
    }, {
      "x" : 0.9045085,
      "y" : -0.1545085,
      "z" : -0.059016995
    }, {
      "x" : 0.809017,
      "y" : 0.309017,
      "z" : -0.309017
    }, {
      "x" : 0.309017,
      "y" : 0.0,
      "z" : -0.11803399
    }, {
      "x" : 10.281153,
      "y" : 0.309017,
      "z" : -3.927051
    }, {
      "x" : 0.7135255,
      "y" : -0.1545085,
      "z" : -0.559017
    } ],
    "faces" : [ {
      "vertices" : [ 2, 4, 8, 3 ]
    }, {
      "vertices" : [ 2, 7, 5, 4 ]
    }, {
      "vertices" : [ 4, 6, 8 ]
    }, {
      "vertices" : [ 5, 8, 6 ]
    }, {
      "vertices" : [ 1, 2, 3 ]
    }, {
      "vertices" : [ 3, 8, 5, 7 ]
    }, {
      "vertices" : [ 1, 7, 2 ]
    }, {
      "vertices" : [ 1, 3, 7 ]
    }, {
      "vertices" : [ 4, 5, 6 ]
    } ]
  }, {
    "id" : "aa4b9b62-63d2-4b5b-b312-1cc938065cc2",
    "vertices" : [ {
      "x" : 0.0,
      "y" : 0.0,
      "z" : 0.0
    }, {
      "x" : -2.118034,
      "y" : 6.354102,
      "z" : -2.118034
    }, {
      "x" : -8.472136,
      "y" : 8.472136,
      "z" : 0.0
    }, {
      "x" : -8.472136,
      "y" : 0.0,
      "z" : 4.236068
    } ],
    "faces" : [ {
      "vertices" : [ 0, 1, 2, 3 ]
    }, {
      "vertices" : [ 0, 3, 2, 1 ]
    } ]
  }, {
    "id" : "8c553842-b742-4ac9-b91a-863fc070f740",
    "orbit" : "770",
    "orbitC" : "[[-8,5,1],[-11,7,1]]",
    "length" : "[\"0\",\"1\",\"1\"]",
    "name" : "medium",
    "vertices" : [ {
      "x" : -7.923418,
      "y" : 0.13333334,
      "z" : -3.7283757
    }, {
      "x" : -8.023418,
      "y" : -0.26666668,
      "z" : -3.8283756
    }, {
      "x" : -0.548718,
      "y" : -0.13333334,
      "z" : -0.50769234
    }, {
      "x" : -0.44871795,
      "y" : 0.26666668,
      "z" : -0.4076923
    }, {
      "x" : -7.790085,
      "y" : -0.13333334,
      "z" : -4.1283755
    }, {
      "x" : -7.6900845,
      "y" : 0.26666668,
      "z" : -4.0283756
    }, {
      "x" : -0.6820513,
      "y" : 0.13333334,
      "z" : -0.10769231
    }, {
      "x" : -0.78205127,
      "y" : -0.26666668,
      "z" : -0.20769231
    } ],
    "faces" : [ {
      "vertices" : [ 2, 3, 6, 7 ]
    }, {
      "vertices" : [ 0, 5, 4, 1 ]
    }, {
      "vertices" : [ 2, 4, 5, 3 ]
    }, {
      "vertices" : [ 0, 6, 3, 5 ]
    }, {
      "vertices" : [ 0, 1, 7, 6 ]
    }, {
      "vertices" : [ 1, 4, 2, 7 ]
    } ]
  }, {
    "id" : "89fd0233-11b7-4b95-97d3-d0de0099f036",
    "orbit" : "brown",
    "orbitC" : "[[2,-1,3],[5,-3,3]]",
    "length" : "[\"0\",\"1\",\"1\"]",
    "name" : "medium",
    "vertices" : [ {
      "x" : 3.854102,
      "y" : 3.545085,
      "z" : 7.899187
    }, {
      "x" : 0.38196602,
      "y" : 0.072949015,
      "z" : 0.95491505
    }, {
      "x" : 0.690983,
      "y" : 0.19098301,
      "z" : 0.76393205
    }, {
      "x" : 4.163119,
      "y" : 3.663119,
      "z" : 7.708204
    }, {
      "x" : 3.854102,
      "y" : 4.163119,
      "z" : 7.517221
    }, {
      "x" : 4.236068,
      "y" : 4.236068,
      "z" : 8.472136
    }, {
      "x" : 0.38196602,
      "y" : 0.690983,
      "z" : 0.572949
    }, {
      "x" : 4.09017,
      "y" : 4.09017,
      "z" : 8.18034
    }, {
      "x" : 0.14589803,
      "y" : 0.14589803,
      "z" : 0.29179606
    }, {
      "x" : 0.072949015,
      "y" : 0.572949,
      "z" : 0.76393205
    }, {
      "x" : 3.545085,
      "y" : 4.045085,
      "z" : 7.708204
    } ],
    "faces" : [ {
      "vertices" : [ 2, 8, 6 ]
    }, {
      "vertices" : [ 0, 7, 10 ]
    }, {
      "vertices" : [ 1, 9, 8 ]
    }, {
      "vertices" : [ 0, 10, 9, 1 ]
    }, {
      "vertices" : [ 4, 10, 7 ]
    }, {
      "vertices" : [ 0, 1, 2, 3 ]
    }, {
      "vertices" : [ 6, 8, 9 ]
    }, {
      "vertices" : [ 0, 3, 7 ]
    }, {
      "vertices" : [ 1, 8, 2 ]
    }, {
      "vertices" : [ 4, 6, 9, 10 ]
    }, {
      "vertices" : [ 3, 4, 7 ]
    }, {
      "vertices" : [ 2, 6, 4, 3 ]
    } ]
  } ],
  "instances" : [ {
    "shape" : "a5aa1104-5ce8-4a1b-9518-bbeb4a2a3ad2",
    "color" : "#008D36",
    "position" : {
      "x" : 0.0,
      "y" : -8.472136,
      "z" : 8.472136
    },
    "orientation" : 53
  }, {
    "shape" : "8df1c195-e6a7-4eda-8a21-f292baae31eb",
    "color" : "#F2F2F2",
    "position" : {
      "x" : 8.472136,
      "y" : -4.236068,
      "z" : -4.236068
    }
  }, {
    "shape" : "fe7413c2-3e6f-459e-865a-e4ea95e4488d",
    "color" : "#B59A8C",
    "position" : {
      "x" : 0.0,
      "y" : -8.472136,
      "z" : -8.472136
    },
    "orientation" : 2
  }, {
    "shape" : "8df1c195-e6a7-4eda-8a21-f292baae31eb",
    "color" : "#F2F2F2",
    "position" : {
      "x" : 4.236068,
      "y" : -8.472136,
      "z" : -4.236068
    }
  }, {
    "shape" : "fe7413c2-3e6f-459e-865a-e4ea95e4488d",
    "color" : "#B59A8C",
    "position" : {
      "x" : -8.472136,
      "y" : 8.472136,
      "z" : 0.0
    },
    "orientation" : 16
  }, {
    "shape" : "fe7413c2-3e6f-459e-865a-e4ea95e4488d",
    "color" : "#B59A8C",
    "position" : {
      "x" : 8.472136,
      "y" : 8.472136,
      "z" : 0.0
    },
    "orientation" : 31
  }, {
    "shape" : "a5d32d79-6f68-4638-9802-22f922f5cc62",
    "color" : "#12CD94",
    "position" : {
      "x" : 0.0,
      "y" : 8.472136,
      "z" : -8.472136
    },
    "orientation" : 18
  }, {
    "shape" : "91551380-4f67-4e7c-9df3-d21f2a5d302a",
    "color" : "#B8860B",
    "position" : {
      "x" : 0.0,
      "y" : 8.472136,
      "z" : 8.472136
    },
    "orientation" : 15
  }, {
    "shape" : "5e8ba6ac-a10a-4d5c-b542-707be12ddc7b",
    "color" : "#F0A000",
    "position" : {
      "x" : -6.354102,
      "y" : -6.354102,
      "z" : 6.354102
    },
    "orientation" : 9
  }, {
    "shape" : "a5aa1104-5ce8-4a1b-9518-bbeb4a2a3ad2",
    "color" : "#008D36",
    "position" : {
      "x" : 8.472136,
      "y" : 0.0,
      "z" : -8.472136
    },
    "orientation" : 51
  }, {
    "shape" : "aa4b9b62-63d2-4b5b-b312-1cc938065cc2",
    "color" : "#B59A8C",
    "position" : {
      "x" : 0.0,
      "y" : 8.472136,
      "z" : -8.472136
    },
    "orientation" : 47
  }, {
    "shape" : "a5aa1104-5ce8-4a1b-9518-bbeb4a2a3ad2",
    "color" : "#008D36",
    "position" : {
      "x" : 0.0,
      "y" : 8.472136,
      "z" : 8.472136
    },
    "orientation" : 53
  }, {
    "shape" : "91551380-4f67-4e7c-9df3-d21f2a5d302a",
    "color" : "#B8860B",
    "position" : {
      "x" : -8.472136,
      "y" : 8.472136,
      "z" : 0.0
    },
    "orientation" : 17
  }, {
    "shape" : "8c553842-b742-4ac9-b91a-863fc070f740",
    "color" : "#B0E0E6",
    "position" : {
      "x" : 8.472136,
      "y" : 0.0,
      "z" : -8.472136
    },
    "orientation" : 0
  }, {
    "shape" : "a5aa1104-5ce8-4a1b-9518-bbeb4a2a3ad2",
    "color" : "#008D36",
    "position" : {
      "x" : 8.472136,
      "y" : 0.0,
      "z" : 8.472136
    },
    "orientation" : 36
  }, {
    "shape" : "fe7413c2-3e6f-459e-865a-e4ea95e4488d",
    "color" : "#B59A8C",
    "position" : {
      "x" : -8.472136,
      "y" : 0.0,
      "z" : -8.472136
    },
    "orientation" : 0
  }, {
    "shape" : "89fd0233-11b7-4b95-97d3-d0de0099f036",
    "color" : "#6B351A",
    "position" : {
      "x" : 4.236068,
      "y" : 8.472136,
      "z" : -4.236068
    },
    "orientation" : 32
  }, {
    "shape" : "5e8ba6ac-a10a-4d5c-b542-707be12ddc7b",
    "color" : "#F0A000",
    "position" : {
      "x" : -6.354102,
      "y" : 6.354102,
      "z" : 6.354102
    },
    "orientation" : 5
  }, {
    "shape" : "8df1c195-e6a7-4eda-8a21-f292baae31eb",
    "color" : "#F2F2F2",
    "position" : {
      "x" : -8.472136,
      "y" : -8.472136,
      "z" : 0.0
    }
  }, {
    "shape" : "8df1c195-e6a7-4eda-8a21-f292baae31eb",
    "color" : "#F2F2F2",
    "position" : {
      "x" : -6.354102,
      "y" : 6.354102,
      "z" : 6.354102
    }
  }, {
    "shape" : "5e8ba6ac-a10a-4d5c-b542-707be12ddc7b",
    "color" : "#F0A000",
    "position" : {
      "x" : -6.354102,
      "y" : -6.354102,
      "z" : -6.354102
    },
    "orientation" : 4
  }, {
    "shape" : "5e8ba6ac-a10a-4d5c-b542-707be12ddc7b",
    "color" : "#F0A000",
    "position" : {
      "x" : 6.354102,
      "y" : 6.354102,
      "z" : 6.354102
    },
    "orientation" : 39
  }, {
    "shape" : "aa4b9b62-63d2-4b5b-b312-1cc938065cc2",
    "color" : "#B59A8C",
    "position" : {
      "x" : 8.472136,
      "y" : 8.472136,
      "z" : 0.0
    },
    "orientation" : 1
  }, {
    "shape" : "8c553842-b742-4ac9-b91a-863fc070f740",
    "color" : "#B0E0E6",
    "position" : {
      "x" : 8.472136,
      "y" : 0.0,
      "z" : 8.472136
    },
    "orientation" : 15
  }, {
    "shape" : "8df1c195-e6a7-4eda-8a21-f292baae31eb",
    "color" : "#F2F2F2",
    "position" : {
      "x" : -4.236068,
      "y" : -4.236068,
      "z" : -8.472136
    }
  }, {
    "shape" : "5e8ba6ac-a10a-4d5c-b542-707be12ddc7b",
    "color" : "#F0A000",
    "position" : {
      "x" : 6.354102,
      "y" : -6.354102,
      "z" : 6.354102
    },
    "orientation" : 19
  }, {
    "shape" : "8df1c195-e6a7-4eda-8a21-f292baae31eb",
    "color" : "#F2F2F2",
    "position" : {
      "x" : -8.472136,
      "y" : 0.0,
      "z" : 8.472136
    }
  }, {
    "shape" : "a5aa1104-5ce8-4a1b-9518-bbeb4a2a3ad2",
    "color" : "#008D36",
    "position" : {
      "x" : 0.0,
      "y" : -8.472136,
      "z" : 8.472136
    },
    "orientation" : 23
  }, {
    "shape" : "5e8ba6ac-a10a-4d5c-b542-707be12ddc7b",
    "color" : "#F0A000",
    "position" : {
      "x" : -6.354102,
      "y" : 6.354102,
      "z" : -6.354102
    },
    "orientation" : 24
  }, {
    "shape" : "fe7413c2-3e6f-459e-865a-e4ea95e4488d",
    "color" : "#B59A8C",
    "position" : {
      "x" : 0.0,
      "y" : 8.472136,
      "z" : 8.472136
    },
    "orientation" : 17
  }, {
    "shape" : "a5d32d79-6f68-4638-9802-22f922f5cc62",
    "color" : "#12CD94",
    "position" : {
      "x" : 0.0,
      "y" : -8.472136,
      "z" : 8.472136
    },
    "orientation" : 3
  }, {
    "shape" : "8df1c195-e6a7-4eda-8a21-f292baae31eb",
    "color" : "#F2F2F2",
    "position" : {
      "x" : 12.708204,
      "y" : 0.0,
      "z" : 0.0
    }
  }, {
    "shape" : "a5d32d79-6f68-4638-9802-22f922f5cc62",
    "color" : "#12CD94",
    "position" : {
      "x" : -8.472136,
      "y" : 0.0,
      "z" : 8.472136
    },
    "orientation" : 49
  }, {
    "shape" : "91551380-4f67-4e7c-9df3-d21f2a5d302a",
    "color" : "#B8860B",
    "position" : {
      "x" : 8.472136,
      "y" : -8.472136,
      "z" : 0.0
    },
    "orientation" : 47
  }, {
    "shape" : "5e8ba6ac-a10a-4d5c-b542-707be12ddc7b",
    "color" : "#F0A000",
    "position" : {
      "x" : -6.354102,
      "y" : -6.354102,
      "z" : 6.354102
    },
    "orientation" : 54
  }, {
    "shape" : "a5aa1104-5ce8-4a1b-9518-bbeb4a2a3ad2",
    "color" : "#008D36",
    "position" : {
      "x" : 0.0,
      "y" : -8.472136,
      "z" : -8.472136
    },
    "orientation" : 8
  }, {
    "shape" : "a5aa1104-5ce8-4a1b-9518-bbeb4a2a3ad2",
    "color" : "#008D36",
    "position" : {
      "x" : -8.472136,
      "y" : 8.472136,
      "z" : 0.0
    },
    "orientation" : 37
  }, {
    "shape" : "8df1c195-e6a7-4eda-8a21-f292baae31eb",
    "color" : "#F2F2F2",
    "position" : {
      "x" : -6.354102,
      "y" : 6.354102,
      "z" : -6.354102
    }
  }, {
    "shape" : "8df1c195-e6a7-4eda-8a21-f292baae31eb",
    "color" : "#F2F2F2",
    "position" : {
      "x" : 4.236068,
      "y" : -8.472136,
      "z" : 4.236068
    }
  }, {
    "shape" : "a5d32d79-6f68-4638-9802-22f922f5cc62",
    "color" : "#12CD94",
    "position" : {
      "x" : 6.354102,
      "y" : 6.354102,
      "z" : 6.354102
    },
    "orientation" : 34
  }, {
    "shape" : "a5aa1104-5ce8-4a1b-9518-bbeb4a2a3ad2",
    "color" : "#008D36",
    "position" : {
      "x" : 8.472136,
      "y" : -8.472136,
      "z" : 0.0
    },
    "orientation" : 7
  }, {
    "shape" : "a5aa1104-5ce8-4a1b-9518-bbeb4a2a3ad2",
    "color" : "#008D36",
    "position" : {
      "x" : 0.0,
      "y" : -8.472136,
      "z" : -8.472136
    },
    "orientation" : 38
  }, {
    "shape" : "8c553842-b742-4ac9-b91a-863fc070f740",
    "color" : "#B0E0E6",
    "position" : {
      "x" : -8.472136,
      "y" : -8.472136,
      "z" : 0.0
    },
    "orientation" : 16
  }, {
    "shape" : "5e8ba6ac-a10a-4d5c-b542-707be12ddc7b",
    "color" : "#F0A000",
    "position" : {
      "x" : 6.354102,
      "y" : -6.354102,
      "z" : -6.354102
    },
    "orientation" : 9
  }, {
    "shape" : "a5d32d79-6f68-4638-9802-22f922f5cc62",
    "color" : "#12CD94",
    "position" : {
      "x" : -6.354102,
      "y" : -6.354102,
      "z" : 6.354102
    },
    "orientation" : 50
  }, {
    "shape" : "a5d32d79-6f68-4638-9802-22f922f5cc62",
    "color" : "#12CD94",
    "position" : {
      "x" : 8.472136,
      "y" : 8.472136,
      "z" : 0.0
    },
    "orientation" : 50
  }, {
    "shape" : "8df1c195-e6a7-4eda-8a21-f292baae31eb",
    "color" : "#F2F2F2",
    "position" : {
      "x" : -8.472136,
      "y" : 0.0,
      "z" : -8.472136
    }
  }, {
    "shape" : "a5aa1104-5ce8-4a1b-9518-bbeb4a2a3ad2",
    "color" : "#008D36",
    "position" : {
      "x" : -8.472136,
      "y" : 0.0,
      "z" : 8.472136
    },
    "orientation" : 21
  }, {
    "shape" : "8df1c195-e6a7-4eda-8a21-f292baae31eb",
    "color" : "#F2F2F2",
    "position" : {
      "x" : 8.472136,
      "y" : 0.0,
      "z" : 8.472136
    }
  }, {
    "shape" : "8c553842-b742-4ac9-b91a-863fc070f740",
    "color" : "#B0E0E6",
    "position" : {
      "x" : 0.0,
      "y" : -8.472136,
      "z" : 8.472136
    },
    "orientation" : 2
  }, {
    "shape" : "8df1c195-e6a7-4eda-8a21-f292baae31eb",
    "color" : "#F2F2F2",
    "position" : {
      "x" : 0.0,
      "y" : 0.0,
      "z" : -12.708204
    }
  }, {
    "shape" : "a5d32d79-6f68-4638-9802-22f922f5cc62",
    "color" : "#12CD94",
    "position" : {
      "x" : -8.472136,
      "y" : 0.0,
      "z" : -8.472136
    },
    "orientation" : 34
  }, {
    "shape" : "8df1c195-e6a7-4eda-8a21-f292baae31eb",
    "color" : "#F2F2F2",
    "position" : {
      "x" : 8.472136,
      "y" : 4.236068,
      "z" : 4.236068
    }
  }, {
    "shape" : "8df1c195-e6a7-4eda-8a21-f292baae31eb",
    "color" : "#F2F2F2",
    "position" : {
      "x" : -12.708204,
      "y" : 0.0,
      "z" : 0.0
    }
  }, {
    "shape" : "5e8ba6ac-a10a-4d5c-b542-707be12ddc7b",
    "color" : "#F0A000",
    "position" : {
      "x" : -6.354102,
      "y" : 6.354102,
      "z" : -6.354102
    },
    "orientation" : 9
  }, {
    "shape" : "a5d32d79-6f68-4638-9802-22f922f5cc62",
    "color" : "#12CD94",
    "position" : {
      "x" : 6.354102,
      "y" : 6.354102,
      "z" : 6.354102
    },
    "orientation" : 48
  }, {
    "shape" : "a5aa1104-5ce8-4a1b-9518-bbeb4a2a3ad2",
    "color" : "#008D36",
    "position" : {
      "x" : -8.472136,
      "y" : 0.0,
      "z" : 8.472136
    },
    "orientation" : 6
  }, {
    "shape" : "91551380-4f67-4e7c-9df3-d21f2a5d302a",
    "color" : "#B8860B",
    "position" : {
      "x" : 0.0,
      "y" : 8.472136,
      "z" : -8.472136
    },
    "orientation" : 30
  }, {
    "shape" : "5e8ba6ac-a10a-4d5c-b542-707be12ddc7b",
    "color" : "#F0A000",
    "position" : {
      "x" : 6.354102,
      "y" : 6.354102,
      "z" : -6.354102
    },
    "orientation" : 4
  }, {
    "shape" : "5e8ba6ac-a10a-4d5c-b542-707be12ddc7b",
    "color" : "#F0A000",
    "position" : {
      "x" : 6.354102,
      "y" : -6.354102,
      "z" : -6.354102
    },
    "orientation" : 39
  }, {
    "shape" : "8c553842-b742-4ac9-b91a-863fc070f740",
    "color" : "#B0E0E6",
    "position" : {
      "x" : 0.0,
      "y" : -8.472136,
      "z" : -8.472136
    },
    "orientation" : 47
  }, {
    "shape" : "8df1c195-e6a7-4eda-8a21-f292baae31eb",
    "color" : "#F2F2F2",
    "position" : {
      "x" : 8.472136,
      "y" : -4.236068,
      "z" : 4.236068
    }
  }, {
    "shape" : "aa4b9b62-63d2-4b5b-b312-1cc938065cc2",
    "color" : "#B59A8C",
    "position" : {
      "x" : -8.472136,
      "y" : -8.472136,
      "z" : 0.0
    },
    "orientation" : 31
  }, {
    "shape" : "a5d32d79-6f68-4638-9802-22f922f5cc62",
    "color" : "#12CD94",
    "position" : {
      "x" : 6.354102,
      "y" : 6.354102,
      "z" : 6.354102
    },
    "orientation" : 20
  }, {
    "shape" : "5e8ba6ac-a10a-4d5c-b542-707be12ddc7b",
    "color" : "#F0A000",
    "position" : {
      "x" : 6.354102,
      "y" : -6.354102,
      "z" : -6.354102
    },
    "orientation" : 54
  }, {
    "shape" : "8c553842-b742-4ac9-b91a-863fc070f740",
    "color" : "#B0E0E6",
    "position" : {
      "x" : -8.472136,
      "y" : 8.472136,
      "z" : 0.0
    },
    "orientation" : 1
  }, {
    "shape" : "5e8ba6ac-a10a-4d5c-b542-707be12ddc7b",
    "color" : "#F0A000",
    "position" : {
      "x" : 6.354102,
      "y" : 6.354102,
      "z" : -6.354102
    },
    "orientation" : 19
  }, {
    "shape" : "aa4b9b62-63d2-4b5b-b312-1cc938065cc2",
    "color" : "#B59A8C",
    "position" : {
      "x" : -8.472136,
      "y" : 0.0,
      "z" : -8.472136
    },
    "orientation" : 45
  }, {
    "shape" : "8df1c195-e6a7-4eda-8a21-f292baae31eb",
    "color" : "#F2F2F2",
    "position" : {
      "x" : 4.236068,
      "y" : 8.472136,
      "z" : 4.236068
    }
  }, {
    "shape" : "a5d32d79-6f68-4638-9802-22f922f5cc62",
    "color" : "#12CD94",
    "position" : {
      "x" : 8.472136,
      "y" : -8.472136,
      "z" : 0.0
    },
    "orientation" : 35
  }, {
    "shape" : "8c553842-b742-4ac9-b91a-863fc070f740",
    "color" : "#B0E0E6",
    "position" : {
      "x" : 8.472136,
      "y" : -8.472136,
      "z" : 0.0
    },
    "orientation" : 31
  }, {
    "shape" : "a5aa1104-5ce8-4a1b-9518-bbeb4a2a3ad2",
    "color" : "#008D36",
    "position" : {
      "x" : 0.0,
      "y" : 8.472136,
      "z" : -8.472136
    },
    "orientation" : 8
  }, {
    "shape" : "a5d32d79-6f68-4638-9802-22f922f5cc62",
    "color" : "#12CD94",
    "position" : {
      "x" : -6.354102,
      "y" : -6.354102,
      "z" : 6.354102
    },
    "orientation" : 18
  }, {
    "shape" : "8df1c195-e6a7-4eda-8a21-f292baae31eb",
    "color" : "#F2F2F2",
    "position" : {
      "x" : 0.0,
      "y" : 0.0,
      "z" : 12.708204
    }
  }, {
    "shape" : "91551380-4f67-4e7c-9df3-d21f2a5d302a",
    "color" : "#B8860B",
    "position" : {
      "x" : 8.472136,
      "y" : 8.472136,
      "z" : 0.0
    },
    "orientation" : 32
  }, {
    "shape" : "8df1c195-e6a7-4eda-8a21-f292baae31eb",
    "color" : "#F2F2F2",
    "position" : {
      "x" : -4.236068,
      "y" : -4.236068,
      "z" : 8.472136
    }
  }, {
    "shape" : "91551380-4f67-4e7c-9df3-d21f2a5d302a",
    "color" : "#B8860B",
    "position" : {
      "x" : -8.472136,
      "y" : 0.0,
      "z" : -8.472136
    },
    "orientation" : 1
  }, {
    "shape" : "a5aa1104-5ce8-4a1b-9518-bbeb4a2a3ad2",
    "color" : "#008D36",
    "position" : {
      "x" : 8.472136,
      "y" : 0.0,
      "z" : -8.472136
    },
    "orientation" : 36
  }, {
    "shape" : "8df1c195-e6a7-4eda-8a21-f292baae31eb",
    "color" : "#F2F2F2",
    "position" : {
      "x" : 4.236068,
      "y" : -4.236068,
      "z" : -8.472136
    }
  }, {
    "shape" : "a5aa1104-5ce8-4a1b-9518-bbeb4a2a3ad2",
    "color" : "#008D36",
    "position" : {
      "x" : 0.0,
      "y" : 8.472136,
      "z" : 8.472136
    },
    "orientation" : 23
  }, {
    "shape" : "a5aa1104-5ce8-4a1b-9518-bbeb4a2a3ad2",
    "color" : "#008D36",
    "position" : {
      "x" : -8.472136,
      "y" : -8.472136,
      "z" : 0.0
    },
    "orientation" : 52
  }, {
    "shape" : "5e8ba6ac-a10a-4d5c-b542-707be12ddc7b",
    "color" : "#F0A000",
    "position" : {
      "x" : -6.354102,
      "y" : 6.354102,
      "z" : 6.354102
    },
    "orientation" : 3
  }, {
    "shape" : "fe7413c2-3e6f-459e-865a-e4ea95e4488d",
    "color" : "#B59A8C",
    "position" : {
      "x" : 0.0,
      "y" : 8.472136,
      "z" : -8.472136
    },
    "orientation" : 32
  }, {
    "shape" : "fe7413c2-3e6f-459e-865a-e4ea95e4488d",
    "color" : "#B59A8C",
    "position" : {
      "x" : -8.472136,
      "y" : -8.472136,
      "z" : 0.0
    },
    "orientation" : 1
  }, {
    "shape" : "a5aa1104-5ce8-4a1b-9518-bbeb4a2a3ad2",
    "color" : "#008D36",
    "position" : {
      "x" : -8.472136,
      "y" : 0.0,
      "z" : -8.472136
    },
    "orientation" : 21
  }, {
    "shape" : "8df1c195-e6a7-4eda-8a21-f292baae31eb",
    "color" : "#F2F2F2",
    "position" : {
      "x" : 8.472136,
      "y" : -8.472136,
      "z" : 0.0
    }
  }, {
    "shape" : "8c553842-b742-4ac9-b91a-863fc070f740",
    "color" : "#B0E0E6",
    "position" : {
      "x" : -8.472136,
      "y" : 0.0,
      "z" : -8.472136
    },
    "orientation" : 30
  }, {
    "shape" : "a5aa1104-5ce8-4a1b-9518-bbeb4a2a3ad2",
    "color" : "#008D36",
    "position" : {
      "x" : 8.472136,
      "y" : -8.472136,
      "z" : 0.0
    },
    "orientation" : 52
  }, {
    "shape" : "8df1c195-e6a7-4eda-8a21-f292baae31eb",
    "color" : "#F2F2F2",
    "position" : {
      "x" : -4.236068,
      "y" : 4.236068,
      "z" : 8.472136
    }
  }, {
    "shape" : "8df1c195-e6a7-4eda-8a21-f292baae31eb",
    "color" : "#F2F2F2",
    "position" : {
      "x" : 0.0,
      "y" : 12.708204,
      "z" : 0.0
    }
  }, {
    "shape" : "8c553842-b742-4ac9-b91a-863fc070f740",
    "color" : "#B0E0E6",
    "position" : {
      "x" : -8.472136,
      "y" : 0.0,
      "z" : 8.472136
    },
    "orientation" : 45
  }, {
    "shape" : "8df1c195-e6a7-4eda-8a21-f292baae31eb",
    "color" : "#F2F2F2",
    "position" : {
      "x" : 8.472136,
      "y" : 8.472136,
      "z" : 0.0
    }
  }, {
    "shape" : "fe7413c2-3e6f-459e-865a-e4ea95e4488d",
    "color" : "#B59A8C",
    "position" : {
      "x" : -8.472136,
      "y" : 0.0,
      "z" : 8.472136
    },
    "orientation" : 15
  }, {
    "shape" : "8df1c195-e6a7-4eda-8a21-f292baae31eb",
    "color" : "#F2F2F2",
    "position" : {
      "x" : 0.0,
      "y" : 8.472136,
      "z" : 8.472136
    }
  }, {
    "shape" : "a5d32d79-6f68-4638-9802-22f922f5cc62",
    "color" : "#12CD94",
    "position" : {
      "x" : 0.0,
      "y" : -8.472136,
      "z" : -8.472136
    },
    "orientation" : 48
  }, {
    "shape" : "91551380-4f67-4e7c-9df3-d21f2a5d302a",
    "color" : "#B8860B",
    "position" : {
      "x" : -8.472136,
      "y" : -8.472136,
      "z" : 0.0
    },
    "orientation" : 2
  }, {
    "shape" : "8c553842-b742-4ac9-b91a-863fc070f740",
    "color" : "#B0E0E6",
    "position" : {
      "x" : 0.0,
      "y" : 8.472136,
      "z" : 8.472136
    },
    "orientation" : 32
  }, {
    "shape" : "8df1c195-e6a7-4eda-8a21-f292baae31eb",
    "color" : "#F2F2F2",
    "position" : {
      "x" : 0.0,
      "y" : -12.708204,
      "z" : 0.0
    }
  }, {
    "shape" : "a5aa1104-5ce8-4a1b-9518-bbeb4a2a3ad2",
    "color" : "#008D36",
    "position" : {
      "x" : -8.472136,
      "y" : -8.472136,
      "z" : 0.0
    },
    "orientation" : 7
  }, {
    "shape" : "8df1c195-e6a7-4eda-8a21-f292baae31eb",
    "color" : "#F2F2F2",
    "position" : {
      "x" : -8.472136,
      "y" : 4.236068,
      "z" : -4.236068
    }
  }, {
    "shape" : "a5d32d79-6f68-4638-9802-22f922f5cc62",
    "color" : "#12CD94",
    "position" : {
      "x" : 6.354102,
      "y" : -6.354102,
      "z" : -6.354102
    },
    "orientation" : 49
  }, {
    "shape" : "8c553842-b742-4ac9-b91a-863fc070f740",
    "color" : "#B0E0E6",
    "position" : {
      "x" : 0.0,
      "y" : 8.472136,
      "z" : -8.472136
    },
    "orientation" : 17
  }, {
    "shape" : "8df1c195-e6a7-4eda-8a21-f292baae31eb",
    "color" : "#F2F2F2",
    "position" : {
      "x" : 0.0,
      "y" : -8.472136,
      "z" : 8.472136
    }
  }, {
    "shape" : "5e8ba6ac-a10a-4d5c-b542-707be12ddc7b",
    "color" : "#F0A000",
    "position" : {
      "x" : 6.354102,
      "y" : 6.354102,
      "z" : 6.354102
    },
    "orientation" : 24
  }, {
    "shape" : "8df1c195-e6a7-4eda-8a21-f292baae31eb",
    "color" : "#F2F2F2",
    "position" : {
      "x" : 4.236068,
      "y" : 8.472136,
      "z" : -4.236068
    }
  }, {
    "shape" : "a5d32d79-6f68-4638-9802-22f922f5cc62",
    "color" : "#12CD94",
    "position" : {
      "x" : -6.354102,
      "y" : 6.354102,
      "z" : -6.354102
    },
    "orientation" : 35
  }, {
    "shape" : "8df1c195-e6a7-4eda-8a21-f292baae31eb",
    "color" : "#F2F2F2",
    "position" : {
      "x" : 8.472136,
      "y" : 0.0,
      "z" : -8.472136
    }
  }, {
    "shape" : "fe7413c2-3e6f-459e-865a-e4ea95e4488d",
