{
  "field" : "snubDodec",
  "symmetry" : "icosahedral",
  "orientations" : [ [ 1.0, 0.0, 0.0, 0.0, 0.0, 1.0, 0.0, 0.0, 0.0, 0.0, 1.0, 0.0, 0.0, 0.0, 0.0, 1.0 ], [ 0.0, 0.0, 1.0, 0.0, 1.0, 0.0, 0.0, 0.0, 0.0, 1.0, 0.0, 0.0, 0.0, 0.0, 0.0, 1.0 ], [ 0.0, 1.0, 0.0, 0.0, 0.0, 0.0, 1.0, 0.0, 1.0, 0.0, 0.0, 0.0, 0.0, 0.0, 0.0, 1.0 ], [ 0.809017, 0.309017, 0.5, 0.0, 0.309017, 0.5, -0.809017, 0.0, -0.5, 0.809017, 0.309017, 0.0, 0.0, 0.0, 0.0, 1.0 ], [ -0.5, 0.809017, 0.309017, 0.0, 0.809017, 0.309017, 0.5, 0.0, 0.309017, 0.5, -0.809017, 0.0, 0.0, 0.0, 0.0, 1.0 ], [ 0.309017, 0.5, -0.809017, 0.0, -0.5, 0.809017, 0.309017, 0.0, 0.809017, 0.309017, 0.5, 0.0, 0.0, 0.0, 0.0, 1.0 ], [ 0.5, 0.809017, 0.309017, 0.0, 0.809017, -0.309017, -0.5, 0.0, -0.309017, 0.5, -0.809017, 0.0, 0.0, 0.0, 0.0, 1.0 ], [ -0.309017, 0.5, -0.809017, 0.0, 0.5, 0.809017, 0.309017, 0.0, 0.809017, -0.309017, -0.5, 0.0, 0.0, 0.0, 0.0, 1.0 ], [ 0.809017, -0.309017, -0.5, 0.0, -0.309017, 0.5, -0.809017, 0.0, 0.5, 0.809017, 0.309017, 0.0, 0.0, 0.0, 0.0, 1.0 ], [ 0.5, 0.809017, -0.309017, 0.0, 0.809017, -0.309017, 0.5, 0.0, 0.309017, -0.5, -0.809017, 0.0, 0.0, 0.0, 0.0, 1.0 ], [ 0.309017, -0.5, -0.809017, 0.0, 0.5, 0.809017, -0.309017, 0.0, 0.809017, -0.309017, 0.5, 0.0, 0.0, 0.0, 0.0, 1.0 ], [ 0.809017, -0.309017, 0.5, 0.0, 0.309017, -0.5, -0.809017, 0.0, 0.5, 0.809017, -0.309017, 0.0, 0.0, 0.0, 0.0, 1.0 ], [ 0.809017, 0.309017, -0.5, 0.0, 0.309017, 0.5, 0.809017, 0.0, 0.5, -0.809017, 0.309017, 0.0, 0.0, 0.0, 0.0, 1.0 ], [ 0.5, -0.809017, 0.309017, 0.0, 0.809017, 0.309017, -0.5, 0.0, 0.309017, 0.5, 0.809017, 0.0, 0.0, 0.0, 0.0, 1.0 ], [ 0.309017, 0.5, 0.809017, 0.0, 0.5, -0.809017, 0.309017, 0.0, 0.809017, 0.309017, -0.5, 0.0, 0.0, 0.0, 0.0, 1.0 ], [ 1.0, 0.0, 0.0, 0.0, 0.0, -1.0, 0.0, 0.0, 0.0, 0.0, -1.0, 0.0, 0.0, 0.0, 0.0, 1.0 ], [ 0.0, 0.0, 1.0, 0.0, -1.0, 0.0, 0.0, 0.0, 0.0, -1.0, 0.0, 0.0, 0.0, 0.0, 0.0, 1.0 ], [ 0.0, 1.0, 0.0, 0.0, 0.0, 0.0, -1.0, 0.0, -1.0, 0.0, 0.0, 0.0, 0.0, 0.0, 0.0, 1.0 ], [ 0.809017, 0.309017, 0.5, 0.0, -0.309017, -0.5, 0.809017, 0.0, 0.5, -0.809017, -0.309017, 0.0, 0.0, 0.0, 0.0, 1.0 ], [ -0.5, 0.809017, 0.309017, 0.0, -0.809017, -0.309017, -0.5, 0.0, -0.309017, -0.5, 0.809017, 0.0, 0.0, 0.0, 0.0, 1.0 ], [ 0.309017, 0.5, -0.809017, 0.0, 0.5, -0.809017, -0.309017, 0.0, -0.809017, -0.309017, -0.5, 0.0, 0.0, 0.0, 0.0, 1.0 ], [ 0.5, 0.809017, 0.309017, 0.0, -0.809017, 0.309017, 0.5, 0.0, 0.309017, -0.5, 0.809017, 0.0, 0.0, 0.0, 0.0, 1.0 ], [ -0.309017, 0.5, -0.809017, 0.0, -0.5, -0.809017, -0.309017, 0.0, -0.809017, 0.309017, 0.5, 0.0, 0.0, 0.0, 0.0, 1.0 ], [ 0.809017, -0.309017, -0.5, 0.0, 0.309017, -0.5, 0.809017, 0.0, -0.5, -0.809017, -0.309017, 0.0, 0.0, 0.0, 0.0, 1.0 ], [ 0.5, 0.809017, -0.309017, 0.0, -0.809017, 0.309017, -0.5, 0.0, -0.309017, 0.5, 0.809017, 0.0, 0.0, 0.0, 0.0, 1.0 ], [ 0.309017, -0.5, -0.809017, 0.0, -0.5, -0.809017, 0.309017, 0.0, -0.809017, 0.309017, -0.5, 0.0, 0.0, 0.0, 0.0, 1.0 ], [ 0.809017, -0.309017, 0.5, 0.0, -0.309017, 0.5, 0.809017, 0.0, -0.5, -0.809017, 0.309017, 0.0, 0.0, 0.0, 0.0, 1.0 ], [ 0.809017, 0.309017, -0.5, 0.0, -0.309017, -0.5, -0.809017, 0.0, -0.5, 0.809017, -0.309017, 0.0, 0.0, 0.0, 0.0, 1.0 ], [ 0.5, -0.809017, 0.309017, 0.0, -0.809017, -0.309017, 0.5, 0.0, -0.309017, -0.5, -0.809017, 0.0, 0.0, 0.0, 0.0, 1.0 ], [ 0.309017, 0.5, 0.809017, 0.0, -0.5, 0.809017, -0.309017, 0.0, -0.809017, -0.309017, 0.5, 0.0, 0.0, 0.0, 0.0, 1.0 ], [ -1.0, 0.0, 0.0, 0.0, 0.0, -1.0, 0.0, 0.0, 0.0, 0.0, 1.0, 0.0, 0.0, 0.0, 0.0, 1.0 ], [ 0.0, 0.0, -1.0, 0.0, -1.0, 0.0, 0.0, 0.0, 0.0, 1.0, 0.0, 0.0, 0.0, 0.0, 0.0, 1.0 ], [ 0.0, -1.0, 0.0, 0.0, 0.0, 0.0, -1.0, 0.0, 1.0, 0.0, 0.0, 0.0, 0.0, 0.0, 0.0, 1.0 ], [ -0.809017, -0.309017, -0.5, 0.0, -0.309017, -0.5, 0.809017, 0.0, -0.5, 0.809017, 0.309017, 0.0, 0.0, 0.0, 0.0, 1.0 ], [ 0.5, -0.809017, -0.309017, 0.0, -0.809017, -0.309017, -0.5, 0.0, 0.309017, 0.5, -0.809017, 0.0, 0.0, 0.0, 0.0, 1.0 ], [ -0.309017, -0.5, 0.809017, 0.0, 0.5, -0.809017, -0.309017, 0.0, 0.809017, 0.309017, 0.5, 0.0, 0.0, 0.0, 0.0, 1.0 ], [ -0.5, -0.809017, -0.309017, 0.0, -0.809017, 0.309017, 0.5, 0.0, -0.309017, 0.5, -0.809017, 0.0, 0.0, 0.0, 0.0, 1.0 ], [ 0.309017, -0.5, 0.809017, 0.0, -0.5, -0.809017, -0.309017, 0.0, 0.809017, -0.309017, -0.5, 0.0, 0.0, 0.0, 0.0, 1.0 ], [ -0.809017, 0.309017, 0.5, 0.0, 0.309017, -0.5, 0.809017, 0.0, 0.5, 0.809017, 0.309017, 0.0, 0.0, 0.0, 0.0, 1.0 ], [ -0.5, -0.809017, 0.309017, 0.0, -0.809017, 0.309017, -0.5, 0.0, 0.309017, -0.5, -0.809017, 0.0, 0.0, 0.0, 0.0, 1.0 ], [ -0.309017, 0.5, 0.809017, 0.0, -0.5, -0.809017, 0.309017, 0.0, 0.809017, -0.309017, 0.5, 0.0, 0.0, 0.0, 0.0, 1.0 ], [ -0.809017, 0.309017, -0.5, 0.0, -0.309017, 0.5, 0.809017, 0.0, 0.5, 0.809017, -0.309017, 0.0, 0.0, 0.0, 0.0, 1.0 ], [ -0.809017, -0.309017, 0.5, 0.0, -0.309017, -0.5, -0.809017, 0.0, 0.5, -0.809017, 0.309017, 0.0, 0.0, 0.0, 0.0, 1.0 ], [ -0.5, 0.809017, -0.309017, 0.0, -0.809017, -0.309017, 0.5, 0.0, 0.309017, 0.5, 0.809017, 0.0, 0.0, 0.0, 0.0, 1.0 ], [ -0.309017, -0.5, -0.809017, 0.0, -0.5, 0.809017, -0.309017, 0.0, 0.809017, 0.309017, -0.5, 0.0, 0.0, 0.0, 0.0, 1.0 ], [ -1.0, 0.0, 0.0, 0.0, 0.0, 1.0, 0.0, 0.0, 0.0, 0.0, -1.0, 0.0, 0.0, 0.0, 0.0, 1.0 ], [ 0.0, 0.0, -1.0, 0.0, 1.0, 0.0, 0.0, 0.0, 0.0, -1.0, 0.0, 0.0, 0.0, 0.0, 0.0, 1.0 ], [ 0.0, -1.0, 0.0, 0.0, 0.0, 0.0, 1.0, 0.0, -1.0, 0.0, 0.0, 0.0, 0.0, 0.0, 0.0, 1.0 ], [ -0.809017, -0.309017, -0.5, 0.0, 0.309017, 0.5, -0.809017, 0.0, 0.5, -0.809017, -0.309017, 0.0, 0.0, 0.0, 0.0, 1.0 ], [ 0.5, -0.809017, -0.309017, 0.0, 0.809017, 0.309017, 0.5, 0.0, -0.309017, -0.5, 0.809017, 0.0, 0.0, 0.0, 0.0, 1.0 ], [ -0.309017, -0.5, 0.809017, 0.0, -0.5, 0.809017, 0.309017, 0.0, -0.809017, -0.309017, -0.5, 0.0, 0.0, 0.0, 0.0, 1.0 ], [ -0.5, -0.809017, -0.309017, 0.0, 0.809017, -0.309017, -0.5, 0.0, 0.309017, -0.5, 0.809017, 0.0, 0.0, 0.0, 0.0, 1.0 ], [ 0.309017, -0.5, 0.809017, 0.0, 0.5, 0.809017, 0.309017, 0.0, -0.809017, 0.309017, 0.5, 0.0, 0.0, 0.0, 0.0, 1.0 ], [ -0.809017, 0.309017, 0.5, 0.0, -0.309017, 0.5, -0.809017, 0.0, -0.5, -0.809017, -0.309017, 0.0, 0.0, 0.0, 0.0, 1.0 ], [ -0.5, -0.809017, 0.309017, 0.0, 0.809017, -0.309017, 0.5, 0.0, -0.309017, 0.5, 0.809017, 0.0, 0.0, 0.0, 0.0, 1.0 ], [ -0.309017, 0.5, 0.809017, 0.0, 0.5, 0.809017, -0.309017, 0.0, -0.809017, 0.309017, -0.5, 0.0, 0.0, 0.0, 0.0, 1.0 ], [ -0.809017, 0.309017, -0.5, 0.0, 0.309017, -0.5, -0.809017, 0.0, -0.5, -0.809017, 0.309017, 0.0, 0.0, 0.0, 0.0, 1.0 ], [ -0.809017, -0.309017, 0.5, 0.0, 0.309017, 0.5, 0.809017, 0.0, -0.5, 0.809017, -0.309017, 0.0, 0.0, 0.0, 0.0, 1.0 ], [ -0.5, 0.809017, -0.309017, 0.0, 0.809017, 0.309017, -0.5, 0.0, -0.309017, -0.5, -0.809017, 0.0, 0.0, 0.0, 0.0, 1.0 ], [ -0.309017, -0.5, -0.809017, 0.0, 0.5, -0.809017, 0.309017, 0.0, -0.809017, -0.309017, 0.5, 0.0, 0.0, 0.0, 0.0, 1.0 ] ],
  "lights" : {
    "ambientColor" : "#292929",
    "backgroundColor" : "#AFC8DC",
    "directionalLights" : [ {
      "direction" : {
        "x" : 1.0,
        "y" : -1.0,
        "z" : -1.0
      },
      "color" : "#EBEBE4"
    }, {
      "direction" : {
        "x" : -1.0,
        "y" : 0.0,
        "z" : 0.0
      },
      "color" : "#E4E4EB"
    }, {
      "direction" : {
        "x" : 0.0,
        "y" : 0.0,
        "z" : -1.0
      },
      "color" : "#1E1E1E"
    } ]
  },
  "camera" : {
    "width" : 55.167454,
    "stereo" : false,
    "viewDistance" : 122.59417,
    "nearClipDistance" : 0.30648553,
    "farClipDistance" : 245.18887,
    "lookAtPoint" : {
      "x" : 0.0,
      "y" : 0.0,
      "z" : 0.0
    },
    "fieldOfView" : 0.4426295,
    "perspective" : false,
    "lookDirection" : {
      "x" : 0.18742864,
      "y" : -0.14746213,
      "z" : -0.9711501
    },
    "upDirection" : {
      "x" : -0.006605653,
      "y" : 0.9884224,
      "z" : -0.1513957
    },
    "position" : {
      "x" : -22.97766,
      "y" : 18.077997,
      "z" : 119.05734
    }
  },
  "embedding" : [ 1.0, 0.0, 0.0, 0.0, 0.0, 1.0, 0.0, 0.0, 0.0, 0.0, 1.0, 0.0, 0.0, 0.0, 0.0, 1.0 ],
  "shapes" : [ {
    "id" : "c7631f4e-a170-4674-92cb-d777e1adb716",
    "vertices" : [ {
      "x" : 0.072024114,
      "y" : -3.349689,
      "z" : -3.8109982
    }, {
      "x" : -0.32797587,
      "y" : -3.249689,
      "z" : -3.7109983
    }, {
      "x" : -0.293551,
      "y" : -0.5764762,
      "z" : -0.33669388
    }, {
      "x" : 0.106449015,
      "y" : -0.67647624,
      "z" : -0.43669388
    }, {
      "x" : -0.46130922,
      "y" : -3.549689,
      "z" : -3.477665
    }, {
      "x" : -0.06130922,
      "y" : -3.649689,
      "z" : -3.5776649
    }, {
      "x" : 0.23978235,
      "y" : -0.37647623,
      "z" : -0.6700272
    }, {
      "x" : -0.16021766,
      "y" : -0.27647623,
      "z" : -0.57002723
    } ],
    "faces" : [ {
      "vertices" : [ 2, 3, 6 ]
    }, {
      "vertices" : [ 2, 6, 7 ]
    }, {
      "vertices" : [ 0, 5, 4 ]
    }, {
      "vertices" : [ 0, 4, 1 ]
    }, {
      "vertices" : [ 2, 4, 5 ]
    }, {
      "vertices" : [ 2, 5, 3 ]
    }, {
      "vertices" : [ 0, 6, 3 ]
    }, {
      "vertices" : [ 0, 3, 5 ]
    }, {
      "vertices" : [ 0, 1, 7 ]
    }, {
      "vertices" : [ 0, 7, 6 ]
    }, {
      "vertices" : [ 1, 4, 2 ]
    }, {
      "vertices" : [ 1, 2, 7 ]
    } ]
  }, {
    "id" : "99b7c8e0-2f7f-4e9d-a077-3679086444be",
    "vertices" : [ {
      "x" : 0.309017,
      "y" : -0.309017,
      "z" : -0.309017
    }, {
      "x" : 0.5,
      "y" : 0.0,
      "z" : -0.19098301
    }, {
      "x" : 0.5,
      "y" : 0.0,
      "z" : 0.19098301
    }, {
      "x" : 0.309017,
      "y" : -0.309017,
      "z" : 0.309017
    }, {
      "x" : 0.19098301,
      "y" : -0.5,
      "z" : 0.0
    }, {
      "x" : 0.0,
      "y" : 0.19098301,
      "z" : 0.5
    }, {
      "x" : 0.0,
      "y" : -0.19098301,
      "z" : 0.5
    }, {
      "x" : 0.309017,
      "y" : 0.309017,
      "z" : 0.309017
    }, {
      "x" : -0.309017,
      "y" : -0.309017,
      "z" : 0.309017
    }, {
      "x" : -0.309017,
      "y" : 0.309017,
      "z" : 0.309017
    }, {
      "x" : -0.5,
      "y" : 0.0,
      "z" : 0.19098301
    }, {
      "x" : 0.0,
      "y" : -0.19098301,
      "z" : -0.5
    }, {
      "x" : 0.0,
      "y" : 0.19098301,
      "z" : -0.5
    }, {
      "x" : 0.309017,
      "y" : 0.309017,
      "z" : -0.309017
    }, {
      "x" : -0.309017,
      "y" : -0.309017,
      "z" : -0.309017
    }, {
      "x" : -0.19098301,
      "y" : -0.5,
      "z" : 0.0
    }, {
      "x" : -0.5,
      "y" : 0.0,
      "z" : -0.19098301
    }, {
      "x" : 0.19098301,
      "y" : 0.5,
      "z" : 0.0
    }, {
      "x" : -0.309017,
      "y" : 0.309017,
      "z" : -0.309017
    }, {
      "x" : 0.0,
      "y" : 0.0,
      "z" : 0.0
    }, {
      "x" : -0.19098301,
      "y" : 0.5,
      "z" : 0.0
    } ],
    "faces" : [ {
      "vertices" : [ 12, 18, 20 ]
    }, {
      "vertices" : [ 12, 20, 17 ]
    }, {
      "vertices" : [ 12, 17, 13 ]
    }, {
      "vertices" : [ 3, 6, 8 ]
    }, {
      "vertices" : [ 3, 8, 15 ]
    }, {
      "vertices" : [ 3, 15, 4 ]
    }, {
      "vertices" : [ 0, 11, 12 ]
    }, {
      "vertices" : [ 0, 12, 13 ]
    }, {
      "vertices" : [ 0, 13, 1 ]
    }, {
      "vertices" : [ 5, 9, 10 ]
    }, {
      "vertices" : [ 5, 10, 8 ]
    }, {
      "vertices" : [ 5, 8, 6 ]
    }, {
      "vertices" : [ 2, 7, 5 ]
    }, {
      "vertices" : [ 2, 5, 6 ]
    }, {
      "vertices" : [ 2, 6, 3 ]
    }, {
      "vertices" : [ 11, 14, 16 ]
    }, {
      "vertices" : [ 11, 16, 18 ]
    }, {
      "vertices" : [ 11, 18, 12 ]
    }, {
      "vertices" : [ 1, 13, 17 ]
    }, {
      "vertices" : [ 1, 17, 7 ]
    }, {
      "vertices" : [ 1, 7, 2 ]
    }, {
      "vertices" : [ 9, 20, 18 ]
    }, {
      "vertices" : [ 9, 18, 16 ]
    }, {
      "vertices" : [ 9, 16, 10 ]
    }, {
      "vertices" : [ 0, 1, 2 ]
    }, {
      "vertices" : [ 0, 2, 3 ]
    }, {
      "vertices" : [ 0, 3, 4 ]
    }, {
      "vertices" : [ 5, 7, 17 ]
    }, {
      "vertices" : [ 5, 17, 20 ]
    }, {
      "vertices" : [ 5, 20, 9 ]
    }, {
      "vertices" : [ 0, 4, 15 ]
    }, {
      "vertices" : [ 0, 15, 14 ]
    }, {
      "vertices" : [ 0, 14, 11 ]
    }, {
      "vertices" : [ 8, 10, 16 ]
    }, {
      "vertices" : [ 8, 16, 14 ]
    }, {
      "vertices" : [ 8, 14, 15 ]
    } ]
  }, {
    "id" : "16c18b44-2839-42b0-8489-a9b13ea57c50",
    "vertices" : [ {
      "x" : 3.8283002,
      "y" : -3.1210558,
      "z" : 0.13333334
    }, {
      "x" : 3.9283004,
      "y" : -3.221056,
      "z" : -0.26666668
    }, {
      "x" : 0.45630294,
      "y" : -0.6617173,
      "z" : -0.13333334
    }, {
      "x" : 0.35630295,
      "y" : -0.5617173,
      "z" : 0.26666668
    }, {
      "x" : 3.694967,
      "y" : -3.521056,
      "z" : -0.13333334
    }, {
      "x" : 3.5949671,
      "y" : -3.4210558,
      "z" : 0.26666668
    }, {
      "x" : 0.58963627,
      "y" : -0.2617173,
      "z" : 0.13333334
    }, {
      "x" : 0.6896363,
      "y" : -0.36171728,
      "z" : -0.26666668
    } ],
    "faces" : [ {
      "vertices" : [ 2, 3, 6 ]
    }, {
      "vertices" : [ 2, 6, 7 ]
    }, {
      "vertices" : [ 0, 5, 4 ]
    }, {
      "vertices" : [ 0, 4, 1 ]
    }, {
      "vertices" : [ 2, 4, 5 ]
    }, {
      "vertices" : [ 2, 5, 3 ]
    }, {
      "vertices" : [ 0, 6, 3 ]
    }, {
      "vertices" : [ 0, 3, 5 ]
    }, {
      "vertices" : [ 0, 1, 7 ]
    }, {
      "vertices" : [ 0, 7, 6 ]
    }, {
      "vertices" : [ 1, 4, 2 ]
    }, {
      "vertices" : [ 1, 2, 7 ]
    } ]
  }, {
    "id" : "99227ed4-f685-4272-8eb0-13e9853f806c",
    "vertices" : [ {
      "x" : 0.7308558,
      "y" : 0.76681167,
      "z" : 4.948251
    }, {
      "x" : 0.33085582,
      "y" : 0.8668117,
      "z" : 5.0482507
    }, {
      "x" : -0.04948053,
      "y" : 0.33567667,
      "z" : 0.6183862
    }, {
      "x" : 0.35051948,
      "y" : 0.23567668,
      "z" : 0.5183862
    }, {
      "x" : 0.46418914,
      "y" : 1.1668117,
      "z" : 4.814917
    }, {
      "x" : 0.86418915,
      "y" : 1.0668117,
      "z" : 4.714917
    }, {
      "x" : 0.21718614,
      "y" : -0.06432332,
      "z" : 0.75171953
    }, {
      "x" : -0.18281387,
      "y" : 0.035676684,
      "z" : 0.85171956
    } ],
    "faces" : [ {
      "vertices" : [ 2, 3, 6 ]
    }, {
      "vertices" : [ 2, 6, 7 ]
    }, {
      "vertices" : [ 0, 5, 4 ]
    }, {
      "vertices" : [ 0, 4, 1 ]
    }, {
      "vertices" : [ 2, 4, 5 ]
    }, {
      "vertices" : [ 2, 5, 3 ]
    }, {
      "vertices" : [ 0, 6, 3 ]
    }, {
      "vertices" : [ 0, 3, 5 ]
    }, {
      "vertices" : [ 0, 1, 7 ]
    }, {
      "vertices" : [ 0, 7, 6 ]
    }, {
      "vertices" : [ 1, 4, 2 ]
    }, {
      "vertices" : [ 1, 2, 7 ]
    } ]
  }, {
    "id" : "c2db260c-083d-4ad1-9bba-ba07b1bdd650",
    "vertices" : [ {
      "x" : -2.5930197,
      "y" : 3.247313,
      "z" : -0.8535794
    }, {
      "x" : -2.6930196,
      "y" : 3.3473132,
      "z" : -0.45357937
    }, {
      "x" : -0.6343262,
      "y" : 0.42793712,
      "z" : 0.021332072
    }, {
      "x" : -0.5343262,
      "y" : 0.3279371,
      "z" : -0.37866792
    }, {
      "x" : -2.9930198,
      "y" : 3.1139798,
      "z" : -0.5869127
    }, {
      "x" : -2.8930197,
      "y" : 3.0139797,
      "z" : -0.9869127
    }, {
      "x" : -0.2343262,
      "y" : 0.5612704,
      "z" : -0.2453346
    }, {
      "x" : -0.3343262,
      "y" : 0.66127044,
      "z" : 0.15466541
    } ],
    "faces" : [ {
      "vertices" : [ 2, 3, 6 ]
    }, {
      "vertices" : [ 2, 6, 7 ]
    }, {
      "vertices" : [ 0, 5, 4 ]
    }, {
      "vertices" : [ 0, 4, 1 ]
    }, {
      "vertices" : [ 2, 4, 5 ]
    }, {
      "vertices" : [ 2, 5, 3 ]
    }, {
      "vertices" : [ 0, 6, 3 ]
    }, {
      "vertices" : [ 0, 3, 5 ]
    }, {
      "vertices" : [ 0, 1, 7 ]
    }, {
      "vertices" : [ 0, 7, 6 ]
    }, {
      "vertices" : [ 1, 4, 2 ]
    }, {
      "vertices" : [ 1, 2, 7 ]
    } ]
  }, {
    "id" : "86aae632-8223-4619-b48a-f462bea619ac",
    "vertices" : [ {
      "x" : 1.820126,
      "y" : -1.916854,
      "z" : 11.368876
    }, {
      "x" : 1.9201261,
      "y" : -1.516854,
      "z" : 11.468877
    }, {
      "x" : 0.32217556,
      "y" : 0.025467476,
      "z" : 0.61688167
    }, {
      "x" : 0.22217555,
      "y" : -0.37453252,
      "z" : 0.51688164
    }, {
      "x" : 2.2201262,
      "y" : -1.6501874,
      "z" : 11.235543
    }, {
      "x" : 2.120126,
      "y" : -2.0501873,
      "z" : 11.135544
    }, {
      "x" : -0.07782444,
      "y" : -0.2411992,
      "z" : 0.750215
    }, {
      "x" : 0.022175554,
      "y" : 0.15880081,
      "z" : 0.850215
    } ],
    "faces" : [ {
      "vertices" : [ 2, 3, 6 ]
    }, {
      "vertices" : [ 2, 6, 7 ]
    }, {
      "vertices" : [ 0, 5, 4 ]
    }, {
      "vertices" : [ 0, 4, 1 ]
    }, {
      "vertices" : [ 2, 4, 5 ]
    }, {
      "vertices" : [ 2, 5, 3 ]
    }, {
      "vertices" : [ 0, 6, 3 ]
    }, {
      "vertices" : [ 0, 3, 5 ]
    }, {
      "vertices" : [ 0, 1, 7 ]
    }, {
      "vertices" : [ 0, 7, 6 ]
    }, {
      "vertices" : [ 1, 4, 2 ]
    }, {
      "vertices" : [ 1, 2, 7 ]
    } ]
  }, {
    "id" : "44df3d72-911a-484e-a9fc-75726ba26add",
    "vertices" : [ {
      "x" : 0.9045085,
      "y" : 0.3454915,
      "z" : 0.25
    }, {
      "x" : 9.758611,
      "y" : 5.8176274,
      "z" : 0.25
    }, {
      "x" : 9.567628,
      "y" : 6.1266446,
      "z" : 0.25
    }, {
      "x" : 0.7135255,
      "y" : 0.6545085,
      "z" : 0.25
    }, {
      "x" : 0.809017,
      "y" : 0.5,
      "z" : -0.309017
    }, {
      "x" : 0.9635255,
      "y" : 0.25,
      "z" : -0.095491506
    }, {
      "x" : 0.309017,
      "y" : 0.19098301,
      "z" : 0.0
    }, {
      "x" : 10.163119,
      "y" : 6.2811527,
      "z" : 0.0
    }, {
      "x" : 9.508611,
      "y" : 6.222136,
      "z" : -0.095491506
    }, {
      "x" : 9.663119,
      "y" : 5.972136,
      "z" : -0.309017
    }, {
      "x" : 10.472136,
      "y" : 6.472136,
      "z" : 0.0
    }, {
      "x" : 0.6545085,
      "y" : 0.75,
      "z" : -0.095491506
    }, {
      "x" : 9.817628,
      "y" : 5.722136,
      "z" : -0.095491506
    } ],
    "faces" : [ {
      "vertices" : [ 4, 11, 8 ]
    }, {
      "vertices" : [ 4, 8, 9 ]
    }, {
      "vertices" : [ 0, 1, 2 ]
    }, {
      "vertices" : [ 0, 2, 3 ]
    }, {
      "vertices" : [ 0, 3, 6 ]
    }, {
      "vertices" : [ 1, 7, 2 ]
    }, {
      "vertices" : [ 0, 6, 5 ]
    }, {
      "vertices" : [ 4, 5, 6 ]
    }, {
      "vertices" : [ 2, 7, 8 ]
    }, {
      "vertices" : [ 0, 5, 12 ]
    }, {
      "vertices" : [ 0, 12, 1 ]
    }, {
      "vertices" : [ 1, 12, 7 ]
    }, {
      "vertices" : [ 3, 11, 6 ]
    }, {
      "vertices" : [ 4, 6, 11 ]
    }, {
      "vertices" : [ 7, 9, 8 ]
    }, {
      "vertices" : [ 2, 8, 11 ]
    }, {
      "vertices" : [ 2, 11, 3 ]
    }, {
      "vertices" : [ 7, 12, 9 ]
    }, {
      "vertices" : [ 4, 9, 12 ]
    }, {
      "vertices" : [ 4, 12, 5 ]
    } ]
  } ],
  "instances" : [ {
    "shape" : "c7631f4e-a170-4674-92cb-d777e1adb716",
    "color" : "#57BC30",
    "position" : {
      "x" : -4.8441916,
      "y" : 9.412996,
      "z" : 6.3051176
    },
    "orientation" : 21
  }, {
    "shape" : "99b7c8e0-2f7f-4e9d-a077-3679086444be",
    "color" : "#FFFFFF",
    "position" : {
      "x" : 4.162816,
      "y" : -8.310509,
      "z" : -8.088982
    }
  }, {
    "shape" : "c7631f4e-a170-4674-92cb-d777e1adb716",
    "color" : "#57BC30",
    "position" : {
      "x" : 11.985759,
      "y" : -2.1423016,
      "z" : 1.8913866
    },
    "orientation" : 42
  }, {
    "shape" : "16c18b44-2839-42b0-8489-a9b13ea57c50",
    "color" : "#B2B27F",
    "position" : {
      "x" : -11.985759,
      "y" : 2.1423016,
      "z" : 1.8913866
    },
    "orientation" : 31
  }, {
    "shape" : "99227ed4-f685-4272-8eb0-13e9853f806c",
    "color" : "#BB3930",
    "position" : {
      "x" : -4.162816,
      "y" : -8.310509,
      "z" : 8.088982
    },
    "orientation" : 39
  }, {
    "shape" : "c2db260c-083d-4ad1-9bba-ba07b1bdd650",
    "color" : "#FFFFFF",
    "position" : {
      "x" : -4.162816,
      "y" : -8.310509,
      "z" : 8.088982
    },
    "orientation" : 56
  }, {
    "shape" : "99b7c8e0-2f7f-4e9d-a077-3679086444be",
    "color" : "#FFFFFF",
    "position" : {
      "x" : 11.304383,
      "y" : 3.24479,
      "z" : 3.6752503
    }
  }, {
    "shape" : "99b7c8e0-2f7f-4e9d-a077-3679086444be",
    "color" : "#FFFFFF",
    "position" : {
      "x" : -11.304383,
      "y" : 3.24479,
      "z" : -3.6752503
    }
  }, {
    "shape" : "99227ed4-f685-4272-8eb0-13e9853f806c",
    "color" : "#BB3930",
    "position" : {
      "x" : 9.980368,
      "y" : 1.1024884,
      "z" : -7.141567
    },
    "orientation" : 27
  }, {
    "shape" : "c2db260c-083d-4ad1-9bba-ba07b1bdd650",
    "color" : "#FFFFFF",
    "position" : {
      "x" : 11.304383,
      "y" : -3.24479,
      "z" : -3.6752503
    },
    "orientation" : 1
  }, {
    "shape" : "c2db260c-083d-4ad1-9bba-ba07b1bdd650",
    "color" : "#FFFFFF",
    "position" : {
      "x" : -1.8913866,
      "y" : 11.985759,
      "z" : 2.1423016
    },
    "orientation" : 33
  }, {
    "shape" : "16c18b44-2839-42b0-8489-a9b13ea57c50",
    "color" : "#B2B27F",
    "position" : {
      "x" : 3.6752503,
      "y" : -11.304383,
      "z" : -3.24479
    },
    "orientation" : 11
  }, {
    "shape" : "99227ed4-f685-4272-8eb0-13e9853f806c",
    "color" : "#BB3930",
    "position" : {
      "x" : 1.8913866,
      "y" : 11.985759,
      "z" : -2.1423016
    },
    "orientation" : 6
  }, {
    "shape" : "16c18b44-2839-42b0-8489-a9b13ea57c50",
    "color" : "#B2B27F",
    "position" : {
      "x" : 4.162816,
      "y" : 8.310509,
      "z" : 8.088982
    },
    "orientation" : 21
  }, {
    "shape" : "99b7c8e0-2f7f-4e9d-a077-3679086444be",
    "color" : "#FFFFFF",
    "position" : {
      "x" : -8.310509,
      "y" : -8.088982,
      "z" : 4.162816
    }
  }, {
    "shape" : "c2db260c-083d-4ad1-9bba-ba07b1bdd650",
    "color" : "#FFFFFF",
    "position" : {
      "x" : 3.24479,
      "y" : 3.6752503,
      "z" : 11.304383
    },
    "orientation" : 30
  }, {
    "shape" : "99b7c8e0-2f7f-4e9d-a077-3679086444be",
    "color" : "#FFFFFF",
    "position" : {
      "x" : 8.088982,
      "y" : 4.162816,
      "z" : 8.310509
    }
  }, {
    "shape" : "16c18b44-2839-42b0-8489-a9b13ea57c50",
    "color" : "#B2B27F",
    "position" : {
      "x" : -2.1423016,
      "y" : 1.8913866,
      "z" : 11.985759
    },
    "orientation" : 0
  }, {
    "shape" : "16c18b44-2839-42b0-8489-a9b13ea57c50",
    "color" : "#B2B27F",
    "position" : {
      "x" : 4.162816,
      "y" : -8.310509,
      "z" : -8.088982
    },
    "orientation" : 6
  }, {
    "shape" : "c7631f4e-a170-4674-92cb-d777e1adb716",
    "color" : "#57BC30",
    "position" : {
      "x" : 7.141567,
      "y" : -9.980368,
      "z" : 1.1024884
    },
    "orientation" : 55
  }, {
    "shape" : "16c18b44-2839-42b0-8489-a9b13ea57c50",
    "color" : "#B2B27F",
    "position" : {
      "x" : -3.24479,
      "y" : -3.6752503,
      "z" : 11.304383
    },
    "orientation" : 24
  }, {
    "shape" : "c7631f4e-a170-4674-92cb-d777e1adb716",
    "color" : "#57BC30",
    "position" : {
      "x" : 2.1423016,
      "y" : 1.8913866,
      "z" : -11.985759
    },
    "orientation" : 14
  }, {
    "shape" : "c7631f4e-a170-4674-92cb-d777e1adb716",
    "color" : "#57BC30",
    "position" : {
      "x" : 9.980368,
      "y" : 1.1024884,
      "z" : -7.141567
    },
    "orientation" : 39
  }, {
    "shape" : "c7631f4e-a170-4674-92cb-d777e1adb716",
    "color" : "#57BC30",
    "position" : {
      "x" : 6.3051176,
      "y" : -4.8441916,
      "z" : 9.412996
    },
    "orientation" : 52
  }, {
    "shape" : "c7631f4e-a170-4674-92cb-d777e1adb716",
    "color" : "#57BC30",
    "position" : {
      "x" : 4.8441916,
      "y" : 9.412996,
      "z" : -6.3051176
    },
    "orientation" : 36
  }, {
    "shape" : "99227ed4-f685-4272-8eb0-13e9853f806c",
    "color" : "#BB3930",
    "position" : {
      "x" : -11.985759,
      "y" : 2.1423016,
      "z" : 1.8913866
    },
    "orientation" : 38
  }, {
    "shape" : "99227ed4-f685-4272-8eb0-13e9853f806c",
    "color" : "#BB3930",
    "position" : {
      "x" : -3.6752503,
      "y" : -11.304383,
      "z" : 3.24479
    },
    "orientation" : 16
  }, {
    "shape" : "99227ed4-f685-4272-8eb0-13e9853f806c",
    "color" : "#BB3930",
    "position" : {
      "x" : 3.24479,
      "y" : -3.6752503,
      "z" : -11.304383
    },
    "orientation" : 47
  }, {
    "shape" : "16c18b44-2839-42b0-8489-a9b13ea57c50",
    "color" : "#B2B27F",
    "position" : {
      "x" : -7.141567,
      "y" : -9.980368,
      "z" : -1.1024884
    },
    "orientation" : 27
  }, {
    "shape" : "99227ed4-f685-4272-8eb0-13e9853f806c",
    "color" : "#BB3930",
    "position" : {
      "x" : 3.6752503,
      "y" : 11.304383,
      "z" : 3.24479
    },
    "orientation" : 46
  }, {
    "shape" : "99b7c8e0-2f7f-4e9d-a077-3679086444be",
    "color" : "#FFFFFF",
    "position" : {
      "x" : -1.1024884,
      "y" : -7.141567,
      "z" : -9.980368
    }
  }, {
    "shape" : "99b7c8e0-2f7f-4e9d-a077-3679086444be",
    "color" : "#FFFFFF",
    "position" : {
      "x" : 8.088982,
      "y" : -4.162816,
      "z" : -8.310509
    }
  }, {
    "shape" : "c7631f4e-a170-4674-92cb-d777e1adb716",
    "color" : "#57BC30",
    "position" : {
      "x" : -1.8913866,
      "y" : -11.985759,
      "z" : -2.1423016
    },
    "orientation" : 58
  }, {
    "shape" : "99227ed4-f685-4272-8eb0-13e9853f806c",
    "color" : "#BB3930",
    "position" : {
      "x" : -11.985759,
      "y" : -2.1423016,
      "z" : -1.8913866
    },
    "orientation" : 53
  }, {
    "shape" : "16c18b44-2839-42b0-8489-a9b13ea57c50",
    "color" : "#B2B27F",
    "position" : {
      "x" : -7.141567,
      "y" : 9.980368,
      "z" : 1.1024884
    },
    "orientation" : 12
  }, {
    "shape" : "99b7c8e0-2f7f-4e9d-a077-3679086444be",
    "color" : "#FFFFFF",
    "position" : {
      "x" : 11.304383,
      "y" : -3.24479,
      "z" : -3.6752503
    }
  }, {
    "shape" : "99b7c8e0-2f7f-4e9d-a077-3679086444be",
    "color" : "#FFFFFF",
    "position" : {
      "x" : -10.472136,
      "y" : -6.472136,
      "z" : 0.0
    }
  }, {
    "shape" : "c2db260c-083d-4ad1-9bba-ba07b1bdd650",
    "color" : "#FFFFFF",
    "position" : {
      "x" : 4.8441916,
      "y" : 9.412996,
      "z" : -6.3051176
    },
    "orientation" : 28
  }, {
    "shape" : "99227ed4-f685-4272-8eb0-13e9853f806c",
    "color" : "#BB3930",
    "position" : {
      "x" : 4.8441916,
      "y" : 9.412996,
      "z" : -6.3051176
    },
    "orientation" : 20
  }, {
    "shape" : "c2db260c-083d-4ad1-9bba-ba07b1bdd650",
    "color" : "#FFFFFF",
    "position" : {
      "x" : 9.412996,
      "y" : -6.3051176,
      "z" : 4.8441916
    },
    "orientation" : 42
  }, {
    "shape" : "c7631f4e-a170-4674-92cb-d777e1adb716",
    "color" : "#57BC30",
    "position" : {
      "x" : 8.088982,
      "y" : 4.162816,
      "z" : 8.310509
    },
    "orientation" : 30
  }, {
    "shape" : "99227ed4-f685-4272-8eb0-13e9853f806c",
    "color" : "#BB3930",
    "position" : {
      "x" : -3.24479,
      "y" : -3.6752503,
      "z" : 11.304383
    },
    "orientation" : 2
  }, {
    "shape" : "16c18b44-2839-42b0-8489-a9b13ea57c50",
    "color" : "#B2B27F",
    "position" : {
      "x" : 9.980368,
      "y" : -1.1024884,
      "z" : 7.141567
    },
    "orientation" : 29
  }, {
    "shape" : "99227ed4-f685-4272-8eb0-13e9853f806c",
    "color" : "#BB3930",
    "position" : {
      "x" : 8.310509,
      "y" : -8.088982,
      "z" : -4.162816
    },
    "orientation" : 26
  }, {
    "shape" : "c7631f4e-a170-4674-92cb-d777e1adb716",
    "color" : "#57BC30",
    "position" : {
      "x" : 1.1024884,
      "y" : -7.141567,
      "z" : 9.980368
    },
    "orientation" : 56
  }, {
    "shape" : "c7631f4e-a170-4674-92cb-d777e1adb716",
    "color" : "#57BC30",
    "position" : {
      "x" : 3.24479,
      "y" : -3.6752503,
      "z" : -11.304383
    },
    "orientation" : 4
  }, {
    "shape" : "16c18b44-2839-42b0-8489-a9b13ea57c50",
    "color" : "#B2B27F",
    "position" : {
      "x" : -11.304383,
      "y" : -3.24479,
      "z" : 3.6752503
    },
    "orientation" : 10
  }, {
    "shape" : "99227ed4-f685-4272-8eb0-13e9853f806c",
    "color" : "#BB3930",
    "position" : {
      "x" : -8.310509,
      "y" : -8.088982,
      "z" : 4.162816
    },
    "orientation" : 41
  }, {
    "shape" : "99227ed4-f685-4272-8eb0-13e9853f806c",
    "color" : "#BB3930",
    "position" : {
      "x" : 3.24479,
      "y" : 3.6752503,
      "z" : 11.304383
    },
    "orientation" : 32
  }, {
    "shape" : "99227ed4-f685-4272-8eb0-13e9853f806c",
    "color" : "#BB3930",
    "position" : {
      "x" : 7.141567,
      "y" : -9.980368,
      "z" : 1.1024884
    },
    "orientation" : 28
  }, {
    "shape" : "c2db260c-083d-4ad1-9bba-ba07b1bdd650",
    "color" : "#FFFFFF",
    "position" : {
      "x" : -8.310509,
      "y" : 8.088982,
      "z" : -4.162816
    },
    "orientation" : 25
  }, {
    "shape" : "86aae632-8223-4619-b48a-f462bea619ac",
    "color" : "#CCCC00",
    "position" : {
      "x" : 0.0,
      "y" : 0.0,
      "z" : 0.0
    },
    "orientation" : 51
  }, {
    "shape" : "c2db260c-083d-4ad1-9bba-ba07b1bdd650",
    "color" : "#FFFFFF",
    "position" : {
      "x" : -1.8913866,
      "y" : -11.985759,
      "z" : -2.1423016
    },
    "orientation" : 48
  }, {
    "shape" : "99227ed4-f685-4272-8eb0-13e9853f806c",
    "color" : "#BB3930",
    "position" : {
      "x" : -4.8441916,
      "y" : 9.412996,
      "z" : 6.3051176
    },
    "orientation" : 35
  }, {
    "shape" : "99227ed4-f685-4272-8eb0-13e9853f806c",
    "color" : "#BB3930",
    "position" : {
      "x" : 9.412996,
      "y" : -6.3051176,
      "z" : 4.8441916
    },
    "orientation" : 34
  }, {
    "shape" : "99b7c8e0-2f7f-4e9d-a077-3679086444be",
    "color" : "#FFFFFF",
    "position" : {
      "x" : 1.8913866,
      "y" : 11.985759,
      "z" : -2.1423016
    }
  }, {
    "shape" : "c7631f4e-a170-4674-92cb-d777e1adb716",
    "color" : "#57BC30",
    "position" : {
      "x" : 6.3051176,
      "y" : 4.8441916,
      "z" : -9.412996
    },
    "orientation" : 37
  }, {
    "shape" : "16c18b44-2839-42b0-8489-a9b13ea57c50",
    "color" : "#B2B27F",
    "position" : {
      "x" : 4.8441916,
      "y" : -9.412996,
      "z" : 6.3051176
    },
    "orientation" : 3
  }, {
    "shape" : "c7631f4e-a170-4674-92cb-d777e1adb716",
    "color" : "#57BC30",
    "position" : {
      "x" : 1.1024884,
      "y" : 7.141567,
      "z" : -9.980368
    },
    "orientation" : 41
  }, {
    "shape" : "99b7c8e0-2f7f-4e9d-a077-3679086444be",
    "color" : "#FFFFFF",
    "position" : {
      "x" : 3.6752503,
      "y" : 11.304383,
      "z" : 3.24479
    }
  }, {
    "shape" : "99b7c8e0-2f7f-4e9d-a077-3679086444be",
    "color" : "#FFFFFF",
    "position" : {
      "x" : 0.0,
      "y" : 10.472136,
      "z" : -6.472136
    }
  }, {
    "shape" : "99b7c8e0-2f7f-4e9d-a077-3679086444be",
    "color" : "#FFFFFF",
    "position" : {
      "x" : 9.980368,
      "y" : 1.1024884,
      "z" : -7.141567
    }
  }, {
    "shape" : "c2db260c-083d-4ad1-9bba-ba07b1bdd650",
    "color" : "#FFFFFF",
    "position" : {
      "x" : -4.162816,
      "y" : 8.310509,
      "z" : -8.088982
    },
    "orientation" : 41
  }, {
    "shape" : "c2db260c-083d-4ad1-9bba-ba07b1bdd650",
    "color" : "#FFFFFF",
    "position" : {
      "x" : 6.3051176,
      "y" : 4.8441916,
      "z" : -9.412996
    },
    "orientation" : 14
  }, {
    "shape" : "c2db260c-083d-4ad1-9bba-ba07b1bdd650",
    "color" : "#FFFFFF",
    "position" : {
      "x" : -9.980368,
      "y" : 1.1024884,
      "z" : 7.141567
    },
    "orientation" : 22
  }, {
    "shape" : "16c18b44-2839-42b0-8489-a9b13ea57c50",
    "color" : "#B2B27F",
    "position" : {
      "x" : -8.088982,
      "y" : 4.162816,
      "z" : -8.310509
    },
    "orientation" : 7
  }, {
    "shape" : "99227ed4-f685-4272-8eb0-13e9853f806c",
    "color" : "#BB3930",
    "position" : {
      "x" : -11.304383,
      "y" : -3.24479,
      "z" : 3.6752503
    },
    "orientation" : 45
  }, {
    "shape" : "c2db260c-083d-4ad1-9bba-ba07b1bdd650",
    "color" : "#FFFFFF",
    "position" : {
      "x" : -8.088982,
      "y" : 4.162816,
      "z" : -8.310509
    },
    "orientation" : 9
  }, {
    "shape" : "99227ed4-f685-4272-8eb0-13e9853f806c",
    "color" : "#BB3930",
    "position" : {
      "x" : 6.3051176,
      "y" : -4.8441916,
      "z" : 9.412996
    },
    "orientation" : 18
  }, {
    "shape" : "99b7c8e0-2f7f-4e9d-a077-3679086444be",
    "color" : "#FFFFFF",
    "position" : {
      "x" : -6.3051176,
      "y" : -4.8441916,
      "z" : -9.412996
    }
  }, {
    "shape" : "99227ed4-f685-4272-8eb0-13e9853f806c",
    "color" : "#BB3930",
    "position" : {
      "x" : 3.6752503,
      "y" : -11.304383,
      "z" : -3.24479
    },
    "orientation" : 31
  }, {
    "shape" : "c2db260c-083d-4ad1-9bba-ba07b1bdd650",
    "color" : "#FFFFFF",
    "position" : {
      "x" : -9.412996,
      "y" : -6.3051176,
      "z" : -4.8441916
    },
    "orientation" : 27
  }, {
    "shape" : "c7631f4e-a170-4674-92cb-d777e1adb716",
    "color" : "#57BC30",
    "position" : {
      "x" : 1.8913866,
      "y" : -11.985759,
      "z" : 2.1423016
    },
    "orientation" : 13
  }, {
    "shape" : "c2db260c-083d-4ad1-9bba-ba07b1bdd650",
    "color" : "#FFFFFF",
    "position" : {
      "x" : 1.1024884,
      "y" : -7.141567,
      "z" : 9.980368
    },
    "orientation" : 51
  }, {
    "shape" : "99b7c8e0-2f7f-4e9d-a077-3679086444be",
    "color" : "#FFFFFF",
    "position" : {
      "x" : -1.8913866,
      "y" : 11.985759,
      "z" : 2.1423016
    }
  }, {
    "shape" : "99b7c8e0-2f7f-4e9d-a077-3679086444be",
    "color" : "#FFFFFF",
    "position" : {
      "x" : -4.8441916,
      "y" : -9.412996,
      "z" : -6.3051176
    }
  }, {
    "shape" : "c7631f4e-a170-4674-92cb-d777e1adb716",
    "color" : "#57BC30",
    "position" : {
      "x" : -11.304383,
      "y" : 3.24479,
      "z" : -3.6752503
    },
    "orientation" : 5
  }, {
    "shape" : "99b7c8e0-2f7f-4e9d-a077-3679086444be",
    "color" : "#FFFFFF",
    "position" : {
      "x" : 11.985759,
      "y" : -2.1423016,
      "z" : 1.8913866
    }
  }, {
    "shape" : "99227ed4-f685-4272-8eb0-13e9853f806c",
    "color" : "#BB3930",
    "position" : {
      "x" : -9.412996,
      "y" : -6.3051176,
      "z" : -4.8441916
    },
    "orientation" : 19
  }, {
    "shape" : "99b7c8e0-2f7f-4e9d-a077-3679086444be",
    "color" : "#FFFFFF",
    "position" : {
      "x" : -1.1024884,
      "y" : 7.141567,
      "z" : 9.980368
    }
  }, {
    "shape" : "c7631f4e-a170-4674-92cb-d777e1adb716",
    "color" : "#57BC30",
    "position" : {
      "x" : 4.162816,
      "y" : 8.310509,
      "z" : 8.088982
    },
    "orientation" : 47
  }, {
    "shape" : "16c18b44-2839-42b0-8489-a9b13ea57c50",
    "color" : "#B2B27F",
    "position" : {
      "x" : -8.310509,
      "y" : 8.088982,
      "z" : -4.162816
    },
    "orientation" : 23
  }, {
    "shape" : "99b7c8e0-2f7f-4e9d-a077-3679086444be",
    "color" : "#FFFFFF",
    "position" : {
      "x" : -1.8913866,
      "y" : -11.985759,
      "z" : -2.1423016
    }
  }, {
    "shape" : "99227ed4-f685-4272-8eb0-13e9853f806c",
    "color" : "#BB3930",
    "position" : {
      "x" : 1.1024884,
      "y" : -7.141567,
      "z" : 9.980368
    },
    "orientation" : 44
  }, {
    "shape" : "99b7c8e0-2f7f-4e9d-a077-3679086444be",
    "color" : "#FFFFFF",
    "position" : {
      "x" : 2.1423016,
      "y" : 1.8913866,
      "z" : -11.985759
    }
  }, {
    "shape" : "99227ed4-f685-4272-8eb0-13e9853f806c",
    "color" : "#BB3930",
    "position" : {
      "x" : 2.1423016,
      "y" : -1.8913866,
      "z" : 11.985759
    },
    "orientation" : 37
  }, {
    "shape" : "c2db260c-083d-4ad1-9bba-ba07b1bdd650",
    "color" : "#FFFFFF",
    "position" : {
      "x" : -1.1024884,
      "y" : -7.141567,
      "z" : -9.980368
    },
    "orientation" : 6
  }, {
    "shape" : "99b7c8e0-2f7f-4e9d-a077-3679086444be",
    "color" : "#FFFFFF",
    "position" : {
      "x" : 0.0,
      "y" : 0.0,
      "z" : 0.0
    }
  }, {
    "shape" : "99b7c8e0-2f7f-4e9d-a077-3679086444be",
    "color" : "#FFFFFF",
    "position" : {
      "x" : -4.162816,
      "y" : 8.310509,
      "z" : -8.088982
    }
  }, {
    "shape" : "99b7c8e0-2f7f-4e9d-a077-3679086444be",
    "color" : "#FFFFFF",
    "position" : {
      "x" : 1.1024884,
      "y" : 7.141567,
      "z" : -9.980368
    }
  }, {
    "shape" : "16c18b44-2839-42b0-8489-a9b13ea57c50",
    "color" : "#B2B27F",
    "position" : {
      "x" : 11.985759,
      "y" : -2.1423016,
      "z" : 1.8913866
    },
    "orientation" : 1
  }, {
    "shape" : "99b7c8e0-2f7f-4e9d-a077-3679086444be",
    "color" : "#FFFFFF",
    "position" : {
      "x" : 6.3051176,
      "y" : 4.8441916,
      "z" : -9.412996
    }
  }, {
    "shape" : "99227ed4-f685-4272-8eb0-13e9853f806c",
    "color" : "#BB3930",
    "position" : {
      "x" : -8.088982,
      "y" : 4.162816,
      "z" : -8.310509
    },
    "orientation" : 55
  }, {
    "shape" : "99227ed4-f685-4272-8eb0-13e9853f806c",
    "color" : "#BB3930",
    "position" : {
      "x" : 2.1423016,
      "y" : 1.8913866,
      "z" : -11.985759
    },
    "orientation" : 52
  }, {
    "shape" : "99b7c8e0-2f7f-4e9d-a077-3679086444be",
    "color" : "#FFFFFF",
    "position" : {
      "x" : -8.088982,
      "y" : -4.162816,
      "z" : 8.310509
    }
  }, {
    "shape" : "99227ed4-f685-4272-8eb0-13e9853f806c",
    "color" : "#BB3930",
    "position" : {
      "x" : 11.304383,
      "y" : 3.24479,
      "z" : 3.6752503
    },
    "orientation" : 15
  }, {
    "shape" : "c2db260c-083d-4ad1-9bba-ba07b1bdd650",
    "color" : "#FFFFFF",
    "position" : {
      "x" : -2.1423016,
      "y" : 1.8913866,
      "z" : 11.985759
    },
    "orientation" : 49
  }, {
    "shape" : "16c18b44-2839-42b0-8489-a9b13ea57c50",
    "color" : "#B2B27F",
    "position" : {
      "x" : 1.8913866,
      "y" : 11.985759,
      "z" : -2.1423016
    },
    "orientation" : 2
  }, {
    "shape" : "99b7c8e0-2f7f-4e9d-a077-3679086444be",
    "color" : "#FFFFFF",
    "position" : {
      "x" : -11.985759,
      "y" : -2.1423016,
      "z" : -1.8913866
    }
  }, {
    "shape" : "c2db260c-083d-4ad1-9bba-ba07b1bdd650",
    "color" : "#FFFFFF",
    "position" : {
      "x" : 8.088982,
      "y" : 4.162816,
      "z" : 8.310509
    },
    "orientation" : 54
  }, {
    "shape" : "99227ed4-f685-4272-8eb0-13e9853f806c",
    "color" : "#BB3930",
    "position" : {
      "x" : -9.980368,
      "y" : 1.1024884,
      "z" : 7.141567
    },
    "orientation" : 42
  }, {
    "shape" : "99227ed4-f685-4272-8eb0-13e9853f806c",
    "color" : "#BB3930",
    "position" : {
      "x" : -4.8441916,
      "y" : -9.412996,
      "z" : -6.3051176
    },
    "orientation" : 50
  }, {
    "shape" : "c2db260c-083d-4ad1-9bba-ba07b1bdd650",
    "color" : "#FFFFFF",
    "position" : {
      "x" : 11.304383,
      "y" : 3.24479,
      "z" : 3.6752503
    },
    "orientation" : 16
  }, {
    "shape" : "99b7c8e0-2f7f-4e9d-a077-3679086444be",
    "color" : "#FFFFFF",
    "position" : {
      "x" : -2.1423016,
      "y" : -1.8913866,
      "z" : -11.985759
    }
  }, {
    "shape" : "16c18b44-2839-42b0-8489-a9b13ea57c50",
    "color" : "#B2B27F",
    "position" : {
      "x" : -6.3051176,
      "y" : -4.8441916,
      "z" : -9.412996
    },
    "orientation" : 34
  }, {
    "shape" : "c2db260c-083d-4ad1-9bba-ba07b1bdd650",
    "color" : "#FFFFFF",
    "position" : {
      "x" : 4.162816,
      "y" : -8.310509,
      "z" : -8.088982
    },
    "orientation" : 11
  }, {
    "shape" : "99227ed4-f685-4272-8eb0-13e9853f806c",
    "color" : "#BB3930",
    "position" : {
      "x" : -8.310509,
      "y" : 8.088982,
      "z" : -4.162816
    },
    "orientation" : 56
  }, {
