{
  "polygons" : "true",
  "field" : "golden",
  "symmetry" : "icosahedral",
  "orientations" : [ [ 1.0, 0.0, 0.0, 0.0, 0.0, 1.0, 0.0, 0.0, 0.0, 0.0, 1.0, 0.0, 0.0, 0.0, 0.0, 1.0 ], [ 0.0, 0.0, 1.0, 0.0, 1.0, 0.0, 0.0, 0.0, 0.0, 1.0, 0.0, 0.0, 0.0, 0.0, 0.0, 1.0 ], [ 0.0, 1.0, 0.0, 0.0, 0.0, 0.0, 1.0, 0.0, 1.0, 0.0, 0.0, 0.0, 0.0, 0.0, 0.0, 1.0 ], [ 0.809017, 0.309017, 0.5, 0.0, 0.309017, 0.5, -0.809017, 0.0, -0.5, 0.809017, 0.309017, 0.0, 0.0, 0.0, 0.0, 1.0 ], [ -0.5, 0.809017, 0.309017, 0.0, 0.809017, 0.309017, 0.5, 0.0, 0.309017, 0.5, -0.809017, 0.0, 0.0, 0.0, 0.0, 1.0 ], [ 0.309017, 0.5, -0.809017, 0.0, -0.5, 0.809017, 0.309017, 0.0, 0.809017, 0.309017, 0.5, 0.0, 0.0, 0.0, 0.0, 1.0 ], [ 0.5, 0.809017, 0.309017, 0.0, 0.809017, -0.309017, -0.5, 0.0, -0.309017, 0.5, -0.809017, 0.0, 0.0, 0.0, 0.0, 1.0 ], [ -0.309017, 0.5, -0.809017, 0.0, 0.5, 0.809017, 0.309017, 0.0, 0.809017, -0.309017, -0.5, 0.0, 0.0, 0.0, 0.0, 1.0 ], [ 0.809017, -0.309017, -0.5, 0.0, -0.309017, 0.5, -0.809017, 0.0, 0.5, 0.809017, 0.309017, 0.0, 0.0, 0.0, 0.0, 1.0 ], [ 0.5, 0.809017, -0.309017, 0.0, 0.809017, -0.309017, 0.5, 0.0, 0.309017, -0.5, -0.809017, 0.0, 0.0, 0.0, 0.0, 1.0 ], [ 0.309017, -0.5, -0.809017, 0.0, 0.5, 0.809017, -0.309017, 0.0, 0.809017, -0.309017, 0.5, 0.0, 0.0, 0.0, 0.0, 1.0 ], [ 0.809017, -0.309017, 0.5, 0.0, 0.309017, -0.5, -0.809017, 0.0, 0.5, 0.809017, -0.309017, 0.0, 0.0, 0.0, 0.0, 1.0 ], [ 0.809017, 0.309017, -0.5, 0.0, 0.309017, 0.5, 0.809017, 0.0, 0.5, -0.809017, 0.309017, 0.0, 0.0, 0.0, 0.0, 1.0 ], [ 0.5, -0.809017, 0.309017, 0.0, 0.809017, 0.309017, -0.5, 0.0, 0.309017, 0.5, 0.809017, 0.0, 0.0, 0.0, 0.0, 1.0 ], [ 0.309017, 0.5, 0.809017, 0.0, 0.5, -0.809017, 0.309017, 0.0, 0.809017, 0.309017, -0.5, 0.0, 0.0, 0.0, 0.0, 1.0 ], [ 1.0, 0.0, 0.0, 0.0, 0.0, -1.0, 0.0, 0.0, 0.0, 0.0, -1.0, 0.0, 0.0, 0.0, 0.0, 1.0 ], [ 0.0, 0.0, 1.0, 0.0, -1.0, 0.0, 0.0, 0.0, 0.0, -1.0, 0.0, 0.0, 0.0, 0.0, 0.0, 1.0 ], [ 0.0, 1.0, 0.0, 0.0, 0.0, 0.0, -1.0, 0.0, -1.0, 0.0, 0.0, 0.0, 0.0, 0.0, 0.0, 1.0 ], [ 0.809017, 0.309017, 0.5, 0.0, -0.309017, -0.5, 0.809017, 0.0, 0.5, -0.809017, -0.309017, 0.0, 0.0, 0.0, 0.0, 1.0 ], [ -0.5, 0.809017, 0.309017, 0.0, -0.809017, -0.309017, -0.5, 0.0, -0.309017, -0.5, 0.809017, 0.0, 0.0, 0.0, 0.0, 1.0 ], [ 0.309017, 0.5, -0.809017, 0.0, 0.5, -0.809017, -0.309017, 0.0, -0.809017, -0.309017, -0.5, 0.0, 0.0, 0.0, 0.0, 1.0 ], [ 0.5, 0.809017, 0.309017, 0.0, -0.809017, 0.309017, 0.5, 0.0, 0.309017, -0.5, 0.809017, 0.0, 0.0, 0.0, 0.0, 1.0 ], [ -0.309017, 0.5, -0.809017, 0.0, -0.5, -0.809017, -0.309017, 0.0, -0.809017, 0.309017, 0.5, 0.0, 0.0, 0.0, 0.0, 1.0 ], [ 0.809017, -0.309017, -0.5, 0.0, 0.309017, -0.5, 0.809017, 0.0, -0.5, -0.809017, -0.309017, 0.0, 0.0, 0.0, 0.0, 1.0 ], [ 0.5, 0.809017, -0.309017, 0.0, -0.809017, 0.309017, -0.5, 0.0, -0.309017, 0.5, 0.809017, 0.0, 0.0, 0.0, 0.0, 1.0 ], [ 0.309017, -0.5, -0.809017, 0.0, -0.5, -0.809017, 0.309017, 0.0, -0.809017, 0.309017, -0.5, 0.0, 0.0, 0.0, 0.0, 1.0 ], [ 0.809017, -0.309017, 0.5, 0.0, -0.309017, 0.5, 0.809017, 0.0, -0.5, -0.809017, 0.309017, 0.0, 0.0, 0.0, 0.0, 1.0 ], [ 0.809017, 0.309017, -0.5, 0.0, -0.309017, -0.5, -0.809017, 0.0, -0.5, 0.809017, -0.309017, 0.0, 0.0, 0.0, 0.0, 1.0 ], [ 0.5, -0.809017, 0.309017, 0.0, -0.809017, -0.309017, 0.5, 0.0, -0.309017, -0.5, -0.809017, 0.0, 0.0, 0.0, 0.0, 1.0 ], [ 0.309017, 0.5, 0.809017, 0.0, -0.5, 0.809017, -0.309017, 0.0, -0.809017, -0.309017, 0.5, 0.0, 0.0, 0.0, 0.0, 1.0 ], [ -1.0, 0.0, 0.0, 0.0, 0.0, -1.0, 0.0, 0.0, 0.0, 0.0, 1.0, 0.0, 0.0, 0.0, 0.0, 1.0 ], [ 0.0, 0.0, -1.0, 0.0, -1.0, 0.0, 0.0, 0.0, 0.0, 1.0, 0.0, 0.0, 0.0, 0.0, 0.0, 1.0 ], [ 0.0, -1.0, 0.0, 0.0, 0.0, 0.0, -1.0, 0.0, 1.0, 0.0, 0.0, 0.0, 0.0, 0.0, 0.0, 1.0 ], [ -0.809017, -0.309017, -0.5, 0.0, -0.309017, -0.5, 0.809017, 0.0, -0.5, 0.809017, 0.309017, 0.0, 0.0, 0.0, 0.0, 1.0 ], [ 0.5, -0.809017, -0.309017, 0.0, -0.809017, -0.309017, -0.5, 0.0, 0.309017, 0.5, -0.809017, 0.0, 0.0, 0.0, 0.0, 1.0 ], [ -0.309017, -0.5, 0.809017, 0.0, 0.5, -0.809017, -0.309017, 0.0, 0.809017, 0.309017, 0.5, 0.0, 0.0, 0.0, 0.0, 1.0 ], [ -0.5, -0.809017, -0.309017, 0.0, -0.809017, 0.309017, 0.5, 0.0, -0.309017, 0.5, -0.809017, 0.0, 0.0, 0.0, 0.0, 1.0 ], [ 0.309017, -0.5, 0.809017, 0.0, -0.5, -0.809017, -0.309017, 0.0, 0.809017, -0.309017, -0.5, 0.0, 0.0, 0.0, 0.0, 1.0 ], [ -0.809017, 0.309017, 0.5, 0.0, 0.309017, -0.5, 0.809017, 0.0, 0.5, 0.809017, 0.309017, 0.0, 0.0, 0.0, 0.0, 1.0 ], [ -0.5, -0.809017, 0.309017, 0.0, -0.809017, 0.309017, -0.5, 0.0, 0.309017, -0.5, -0.809017, 0.0, 0.0, 0.0, 0.0, 1.0 ], [ -0.309017, 0.5, 0.809017, 0.0, -0.5, -0.809017, 0.309017, 0.0, 0.809017, -0.309017, 0.5, 0.0, 0.0, 0.0, 0.0, 1.0 ], [ -0.809017, 0.309017, -0.5, 0.0, -0.309017, 0.5, 0.809017, 0.0, 0.5, 0.809017, -0.309017, 0.0, 0.0, 0.0, 0.0, 1.0 ], [ -0.809017, -0.309017, 0.5, 0.0, -0.309017, -0.5, -0.809017, 0.0, 0.5, -0.809017, 0.309017, 0.0, 0.0, 0.0, 0.0, 1.0 ], [ -0.5, 0.809017, -0.309017, 0.0, -0.809017, -0.309017, 0.5, 0.0, 0.309017, 0.5, 0.809017, 0.0, 0.0, 0.0, 0.0, 1.0 ], [ -0.309017, -0.5, -0.809017, 0.0, -0.5, 0.809017, -0.309017, 0.0, 0.809017, 0.309017, -0.5, 0.0, 0.0, 0.0, 0.0, 1.0 ], [ -1.0, 0.0, 0.0, 0.0, 0.0, 1.0, 0.0, 0.0, 0.0, 0.0, -1.0, 0.0, 0.0, 0.0, 0.0, 1.0 ], [ 0.0, 0.0, -1.0, 0.0, 1.0, 0.0, 0.0, 0.0, 0.0, -1.0, 0.0, 0.0, 0.0, 0.0, 0.0, 1.0 ], [ 0.0, -1.0, 0.0, 0.0, 0.0, 0.0, 1.0, 0.0, -1.0, 0.0, 0.0, 0.0, 0.0, 0.0, 0.0, 1.0 ], [ -0.809017, -0.309017, -0.5, 0.0, 0.309017, 0.5, -0.809017, 0.0, 0.5, -0.809017, -0.309017, 0.0, 0.0, 0.0, 0.0, 1.0 ], [ 0.5, -0.809017, -0.309017, 0.0, 0.809017, 0.309017, 0.5, 0.0, -0.309017, -0.5, 0.809017, 0.0, 0.0, 0.0, 0.0, 1.0 ], [ -0.309017, -0.5, 0.809017, 0.0, -0.5, 0.809017, 0.309017, 0.0, -0.809017, -0.309017, -0.5, 0.0, 0.0, 0.0, 0.0, 1.0 ], [ -0.5, -0.809017, -0.309017, 0.0, 0.809017, -0.309017, -0.5, 0.0, 0.309017, -0.5, 0.809017, 0.0, 0.0, 0.0, 0.0, 1.0 ], [ 0.309017, -0.5, 0.809017, 0.0, 0.5, 0.809017, 0.309017, 0.0, -0.809017, 0.309017, 0.5, 0.0, 0.0, 0.0, 0.0, 1.0 ], [ -0.809017, 0.309017, 0.5, 0.0, -0.309017, 0.5, -0.809017, 0.0, -0.5, -0.809017, -0.309017, 0.0, 0.0, 0.0, 0.0, 1.0 ], [ -0.5, -0.809017, 0.309017, 0.0, 0.809017, -0.309017, 0.5, 0.0, -0.309017, 0.5, 0.809017, 0.0, 0.0, 0.0, 0.0, 1.0 ], [ -0.309017, 0.5, 0.809017, 0.0, 0.5, 0.809017, -0.309017, 0.0, -0.809017, 0.309017, -0.5, 0.0, 0.0, 0.0, 0.0, 1.0 ], [ -0.809017, 0.309017, -0.5, 0.0, 0.309017, -0.5, -0.809017, 0.0, -0.5, -0.809017, 0.309017, 0.0, 0.0, 0.0, 0.0, 1.0 ], [ -0.809017, -0.309017, 0.5, 0.0, 0.309017, 0.5, 0.809017, 0.0, -0.5, 0.809017, -0.309017, 0.0, 0.0, 0.0, 0.0, 1.0 ], [ -0.5, 0.809017, -0.309017, 0.0, 0.809017, 0.309017, -0.5, 0.0, -0.309017, -0.5, -0.809017, 0.0, 0.0, 0.0, 0.0, 1.0 ], [ -0.309017, -0.5, -0.809017, 0.0, 0.5, -0.809017, 0.309017, 0.0, -0.809017, -0.309017, 0.5, 0.0, 0.0, 0.0, 0.0, 1.0 ] ],
  "lights" : {
    "ambientColor" : "#292929",
    "backgroundColor" : "#AFC8DC",
    "directionalLights" : [ {
      "direction" : [ 1.0, -1.0, -1.0 ],
      "color" : "#EBEBE4"
    }, {
      "direction" : [ -1.0, 0.0, 0.0 ],
      "color" : "#E4E4EB"
    }, {
      "direction" : [ 0.0, 0.0, -1.0 ],
      "color" : "#1E1E1E"
    } ]
  },
  "camera" : {
    "perspective" : true,
    "fieldOfView" : 0.4426285,
    "viewDistance" : 82.17733,
    "lookAtPointRV" : {
      "x" : -5.648091,
      "y" : -3.0300567,
      "z" : 8.266125,
      "zero" : false
    },
    "lookDirectionRV" : {
      "x" : 0.3119369,
      "y" : 0.9496774,
      "z" : 0.028373752,
      "zero" : false
    },
    "upDirectionRV" : {
      "x" : -0.438262,
      "y" : 0.11732839,
      "z" : 0.89115256,
      "zero" : false
    },
    "lookAtPoint" : {
      "x" : -5.648091,
      "y" : -3.0300567,
      "z" : 8.266125
    },
    "lookDirection" : {
      "x" : 0.3119369,
      "y" : 0.9496774,
      "z" : 0.028373752
    },
    "upDirection" : {
      "x" : -0.438262,
      "y" : 0.11732839,
      "z" : 0.89115256
    },
    "nearClipDistance" : 0.20544349,
    "farClipDistance" : 164.35455,
    "stereo" : false,
    "width" : 36.979767,
    "position" : {
      "x" : -31.28223,
      "y" : -81.072014,
      "z" : 5.9344454
    }
  },
  "embedding" : [ 1.0, 0.0, 0.0, 0.0, 0.0, 1.0, 0.0, 0.0, 0.0, 0.0, 1.0, 0.0, 0.0, 0.0, 0.0, 1.0 ],
  "shapes" : [ {
    "id" : "a60d7284-9e7f-4620-880c-62c319918656",
    "name" : "ball",
    "vertices" : [ {
      "x" : -0.309017,
      "y" : -0.19098301,
      "z" : 0.0
    }, {
      "x" : -0.309017,
      "y" : 0.19098301,
      "z" : 0.0
    }, {
      "x" : -0.19098301,
      "y" : 0.0,
      "z" : -0.309017
    }, {
      "x" : -0.19098301,
      "y" : 0.0,
      "z" : 0.309017
    }, {
      "x" : 0.0,
      "y" : -0.309017,
      "z" : -0.19098301
    }, {
      "x" : 0.0,
      "y" : -0.309017,
      "z" : 0.19098301
    }, {
      "x" : 0.0,
      "y" : 0.309017,
      "z" : -0.19098301
    }, {
      "x" : 0.0,
      "y" : 0.309017,
      "z" : 0.19098301
    }, {
      "x" : 0.19098301,
      "y" : 0.0,
      "z" : -0.309017
    }, {
      "x" : 0.19098301,
      "y" : 0.0,
      "z" : 0.309017
    }, {
      "x" : 0.309017,
      "y" : -0.19098301,
      "z" : 0.0
    }, {
      "x" : 0.309017,
      "y" : 0.19098301,
      "z" : 0.0
    } ],
    "faces" : [ {
      "vertices" : [ 0, 1, 2 ]
    }, {
      "vertices" : [ 0, 3, 1 ]
    }, {
      "vertices" : [ 0, 2, 4 ]
    }, {
      "vertices" : [ 0, 5, 3 ]
    }, {
      "vertices" : [ 0, 4, 5 ]
    }, {
      "vertices" : [ 1, 6, 2 ]
    }, {
      "vertices" : [ 1, 3, 7 ]
    }, {
      "vertices" : [ 1, 7, 6 ]
    }, {
      "vertices" : [ 2, 8, 4 ]
    }, {
      "vertices" : [ 2, 6, 8 ]
    }, {
      "vertices" : [ 3, 5, 9 ]
    }, {
      "vertices" : [ 3, 9, 7 ]
    }, {
      "vertices" : [ 4, 10, 5 ]
    }, {
      "vertices" : [ 4, 8, 10 ]
    }, {
      "vertices" : [ 5, 10, 9 ]
    }, {
      "vertices" : [ 6, 7, 11 ]
    }, {
      "vertices" : [ 6, 11, 8 ]
    }, {
      "vertices" : [ 7, 9, 11 ]
    }, {
      "vertices" : [ 8, 11, 10 ]
    }, {
      "vertices" : [ 9, 10, 11 ]
    } ]
  }, {
    "id" : "e61b8aec-c770-4cc3-b245-a8ea3ce32481",
    "vertices" : [ {
      "x" : 0.0,
      "y" : 0.0,
      "z" : 0.0
    }, {
      "x" : 0.0,
      "y" : 0.090169944,
      "z" : 0.23606798
    }, {
      "x" : 0.80379426,
      "y" : -2.1043608,
      "z" : 0.0
    } ],
    "faces" : [ {
      "vertices" : [ 0, 1, 2 ]
    }, {
      "vertices" : [ 0, 2, 1 ]
    } ]
  }, {
    "id" : "147a137c-6a83-4d0e-b165-de3180bd5167",
    "vertices" : [ {
      "x" : 0.0,
      "y" : 0.0,
      "z" : 0.0
    }, {
      "x" : 0.038507164,
      "y" : -0.062305897,
      "z" : 0.10081306
    }, {
      "x" : 2.5663712,
      "y" : -6.68034,
      "z" : 0.10081306
    } ],
    "faces" : [ {
      "vertices" : [ 0, 1, 2 ]
    }, {
      "vertices" : [ 0, 2, 1 ]
    } ]
  }, {
    "id" : "03b23881-83b6-410f-8c98-f9695b7977f3",
    "vertices" : [ {
      "x" : 0.0,
      "y" : 0.0,
      "z" : 0.0
    }, {
      "x" : 2.5663712,
      "y" : -6.68034,
      "z" : 0.10081306
    }, {
      "x" : -0.038507164,
      "y" : 0.04915028,
      "z" : -0.13525492
    } ],
    "faces" : [ {
      "vertices" : [ 0, 1, 2 ]
    }, {
      "vertices" : [ 0, 2, 1 ]
    } ]
  }, {
    "id" : "de9a2de8-4040-46f1-9e36-1957b7130a49",
    "vertices" : [ {
      "x" : 0.0,
      "y" : 0.0,
      "z" : 0.0
    }, {
      "x" : -0.090169944,
      "y" : 0.14589803,
      "z" : -0.23606798
    }, {
      "x" : -0.89396423,
      "y" : 2.2502587,
      "z" : -0.23606798
    } ],
    "faces" : [ {
      "vertices" : [ 0, 1, 2 ]
    }, {
      "vertices" : [ 0, 2, 1 ]
    } ]
  }, {
    "id" : "a8071821-47e3-4592-89c4-c2581b8099d5",
    "vertices" : [ {
      "x" : 0.0,
      "y" : 0.0,
      "z" : 0.0
    }, {
      "x" : -2.326238,
      "y" : 2.326238,
      "z" : -2.326238
    }, {
      "x" : -1.2475486,
      "y" : 3.4049273,
      "z" : -4.4836164
    }, {
      "x" : 2.6967232,
      "y" : -0.53934467,
      "z" : -0.53934467
    } ],
    "faces" : [ {
      "vertices" : [ 0, 1, 2, 3 ]
    }, {
      "vertices" : [ 0, 3, 2, 1 ]
    } ]
  }, {
    "id" : "3645225c-f6c2-4ac6-a932-3953f9fae313",
    "vertices" : [ {
      "x" : 0.0,
      "y" : 0.0,
      "z" : 0.0
    }, {
      "x" : -2.326238,
      "y" : 2.326238,
      "z" : 2.326238
    }, {
      "x" : -4.4836164,
      "y" : 3.4049273,
      "z" : 1.2475486
    }, {
      "x" : -0.53934467,
      "y" : -0.53934467,
      "z" : -2.6967232
    } ],
    "faces" : [ {
      "vertices" : [ 0, 1, 2, 3 ]
    }, {
      "vertices" : [ 0, 3, 2, 1 ]
    } ]
  }, {
    "id" : "a16fd5c7-2449-454f-9513-9cb88cc43f83",
    "vertices" : [ {
      "x" : 0.0,
      "y" : 0.0,
      "z" : 0.0
    }, {
      "x" : 0.0,
      "y" : 0.80379426,
      "z" : 2.1043608
    }, {
      "x" : 2.437694,
      "y" : -5.5781717,
      "z" : 2.1043608
    }, {
      "x" : 2.437694,
      "y" : -6.381966,
      "z" : 0.0
    } ],
    "faces" : [ {
      "vertices" : [ 0, 1, 2, 3 ]
    }, {
      "vertices" : [ 0, 3, 2, 1 ]
    } ]
  }, {
    "id" : "326846e5-f029-44a6-913e-02afd0c0bbf2",
    "vertices" : [ {
      "x" : 0.0,
      "y" : 0.0,
      "z" : 0.0
    }, {
      "x" : -2.437694,
      "y" : 6.381966,
      "z" : 0.0
    }, {
      "x" : -2.437694,
      "y" : 9.026311,
      "z" : 6.9229856
    }, {
      "x" : 0.0,
      "y" : 2.6443453,
      "z" : 6.9229856
    } ],
    "faces" : [ {
      "vertices" : [ 0, 1, 2, 3 ]
    }, {
      "vertices" : [ 0, 3, 2, 1 ]
    } ]
  }, {
    "id" : "aa021ce1-9879-4852-a409-43088dc1cf8c",
    "vertices" : [ {
      "x" : 0.0,
      "y" : 0.0,
      "z" : 0.0
    }, {
      "x" : -0.63932025,
      "y" : 0.21310674,
      "z" : 0.21310674
    }, {
      "x" : -3.2573543,
      "y" : -2.4049273,
      "z" : 2.8311408
    } ],
    "faces" : [ {
      "vertices" : [ 0, 1, 2 ]
    }, {
      "vertices" : [ 0, 2, 1 ]
    } ]
  }, {
    "id" : "29f49c8f-258b-4589-bb0e-7a064dc3c592",
    "vertices" : [ {
      "x" : 0.0,
      "y" : 0.0,
      "z" : 0.0
    }, {
      "x" : -0.21310674,
      "y" : 0.63932025,
      "z" : -0.21310674
    }, {
      "x" : 2.4049273,
      "y" : 3.2573543,
      "z" : -2.8311408
    } ],
    "faces" : [ {
      "vertices" : [ 0, 1, 2 ]
    }, {
      "vertices" : [ 0, 2, 1 ]
    } ]
  }, {
    "id" : "4e972e45-984e-4fbc-9501-b6bbaf378262",
    "vertices" : [ {
      "x" : 0.0,
      "y" : 0.0,
      "z" : 0.0
    }, {
      "x" : 0.20601133,
      "y" : -0.6666667,
      "z" : -0.33333334
    }, {
      "x" : -0.31759548,
      "y" : 0.35508254,
      "z" : -1.2472136
    } ],
    "faces" : [ {
      "vertices" : [ 0, 1, 2 ]
    }, {
      "vertices" : [ 0, 2, 1 ]
    } ]
  }, {
    "id" : "63e5eaa7-9317-431b-9e69-3ad179953354",
    "vertices" : [ {
      "x" : 0.0,
      "y" : 0.0,
      "z" : 0.0
    }, {
      "x" : 0.090169944,
      "y" : -0.23606798,
      "z" : 0.0
    }, {
      "x" : 0.090169944,
      "y" : -2.673762,
      "z" : -6.381966
    }, {
      "x" : 0.0,
      "y" : -2.527864,
      "z" : -6.618034
    } ],
    "faces" : [ {
      "vertices" : [ 0, 1, 2, 3 ]
    }, {
      "vertices" : [ 0, 3, 2, 1 ]
    } ]
  }, {
    "id" : "3c1e0fbb-f122-4351-b604-76ff5e93bd1b",
    "vertices" : [ {
      "x" : 0.0,
      "y" : 0.0,
      "z" : 0.0
    }, {
      "x" : 0.0,
      "y" : -2.618034,
      "z" : -6.854102
    }, {
      "x" : -2.437694,
      "y" : 3.763932,
      "z" : -6.854102
    }, {
      "x" : -1.655186,
      "y" : 4.3333335,
      "z" : 0.0
    } ],
    "faces" : [ {
      "vertices" : [ 0, 1, 2, 3 ]
    }, {
      "vertices" : [ 0, 3, 2, 1 ]
    } ]
  }, {
    "id" : "8baac82b-b594-4f57-a884-0b9b2ca07ba6",
    "vertices" : [ {
      "x" : 0.0,
      "y" : 0.0,
      "z" : 0.0
    }, {
      "x" : -0.038507164,
      "y" : 0.062305897,
      "z" : -0.10081306
    }, {
      "x" : -2.5663712,
      "y" : 6.68034,
      "z" : -0.10081306
    } ],
    "faces" : [ {
      "vertices" : [ 0, 1, 2 ]
    }, {
      "vertices" : [ 0, 2, 1 ]
    } ]
  }, {
    "id" : "4801955a-bb8e-4dfb-8301-8350f1a9e5d2",
    "vertices" : [ {
      "x" : 0.0,
      "y" : 0.0,
      "z" : 0.0
    }, {
      "x" : -1.7109141,
      "y" : 4.4792314,
      "z" : 0.0
    }, {
      "x" : -1.3775808,
      "y" : 4.6065536,
      "z" : 2.618034
    }, {
      "x" : -1.0,
      "y" : 3.618034,
      "z" : 2.618034
    } ],
    "faces" : [ {
      "vertices" : [ 0, 1, 2, 3 ]
    }, {
      "vertices" : [ 0, 3, 2, 1 ]
    } ]
  }, {
    "id" : "101a5be6-8f28-41e5-a16c-10cf38d9fc0e",
    "vertices" : [ {
      "x" : 0.0,
      "y" : 0.0,
      "z" : 0.0
    }, {
      "x" : -1.7109141,
      "y" : 4.4792314,
      "z" : 0.0
    }, {
      "x" : -2.5147085,
      "y" : 6.673762,
      "z" : 0.23606798
    } ],
    "faces" : [ {
      "vertices" : [ 0, 1, 2 ]
    }, {
      "vertices" : [ 0, 2, 1 ]
    } ]
  }, {
    "id" : "d317a291-32a4-402b-b816-05ce123aa31b",
    "vertices" : [ {
      "x" : 0.0,
      "y" : 0.0,
      "z" : 0.0
    }, {
      "x" : 0.0,
      "y" : -0.3775808,
      "z" : -0.9885194
    }, {
      "x" : -1.4376941,
      "y" : 3.386351,
      "z" : -0.9885194
    }, {
      "x" : -1.4376941,
      "y" : 3.763932,
      "z" : 0.0
    } ],
    "faces" : [ {
      "vertices" : [ 0, 1, 2, 3 ]
    }, {
      "vertices" : [ 0, 3, 2, 1 ]
    } ]
  }, {
    "id" : "57bb3132-7c4d-4f5d-8387-619118447245",
    "vertices" : [ {
      "x" : 0.0,
      "y" : 0.0,
      "z" : 0.0
    }, {
      "x" : 0.0,
      "y" : 0.3775808,
      "z" : 0.9885194
    }, {
      "x" : 1.4376941,
      "y" : -3.386351,
      "z" : 0.9885194
    }, {
      "x" : 1.4376941,
      "y" : -3.763932,
      "z" : 0.0
    } ],
    "faces" : [ {
      "vertices" : [ 0, 1, 2, 3 ]
    }, {
      "vertices" : [ 0, 3, 2, 1 ]
    } ]
  }, {
    "id" : "eca34d99-419c-40cc-8289-66be46a80595",
    "vertices" : [ {
      "x" : 0.0,
      "y" : 0.0,
      "z" : 0.0
    }, {
      "x" : -0.038507164,
      "y" : -1.5928801,
      "z" : -4.4341464
    }, {
      "x" : -0.038507164,
      "y" : 0.062305897,
      "z" : -0.10081306
    } ],
    "faces" : [ {
      "vertices" : [ 0, 1, 2 ]
    }, {
      "vertices" : [ 0, 2, 1 ]
    } ]
  }, {
    "id" : "1990b516-5090-441a-b298-297d854bb088",
    "vertices" : [ {
      "x" : 0.0,
      "y" : 0.0,
      "z" : 0.0
    }, {
      "x" : 0.0,
      "y" : -0.80379426,
      "z" : -2.1043608
    }, {
      "x" : -2.437694,
      "y" : 5.5781717,
      "z" : -2.1043608
    }, {
      "x" : -2.437694,
      "y" : 6.381966,
      "z" : 0.0
    } ],
    "faces" : [ {
      "vertices" : [ 0, 1, 2, 3 ]
    }, {
      "vertices" : [ 0, 3, 2, 1 ]
    } ]
  }, {
    "id" : "907cc8c2-e86f-4ca6-9a31-beb6d23c995f",
    "vertices" : [ {
      "x" : 0.0,
      "y" : 0.0,
      "z" : 0.0
    }, {
      "x" : 0.10332556,
      "y" : -0.21884705,
      "z" : 0.13525492
    }, {
      "x" : 2.6828523,
      "y" : -6.972136,
      "z" : 0.13525492
    }, {
      "x" : 2.6443453,
      "y" : -6.9229856,
      "z" : 0.0
    } ],
    "faces" : [ {
      "vertices" : [ 0, 1, 2, 3 ]
    }, {
      "vertices" : [ 0, 3, 2, 1 ]
    } ]
  }, {
    "id" : "db4e2184-ef62-4276-bbe3-5b5cde7ce6c5",
    "vertices" : [ {
      "x" : 0.0,
      "y" : 0.0,
      "z" : 0.0
    }, {
      "x" : 3.9442718,
      "y" : 3.9442718,
      "z" : -3.9442718
    }, {
      "x" : 0.7082039,
      "y" : 7.18034,
      "z" : -3.9442718
    }, {
      "x" : -1.618034,
      "y" : 4.854102,
      "z" : -1.618034
    } ],
    "faces" : [ {
      "vertices" : [ 0, 1, 2, 3 ]
    }, {
      "vertices" : [ 0, 3, 2, 1 ]
    } ]
  }, {
    "id" : "8a4384be-585d-4826-92a2-8492e5d524d3",
    "vertices" : [ {
      "x" : 0.0,
      "y" : 0.0,
      "z" : 0.0
    }, {
      "x" : -0.7825081,
      "y" : 2.1388025,
      "z" : 0.23606798
    }, {
      "x" : 1.655186,
      "y" : -1.8054693,
      "z" : 6.618034
    } ],
    "faces" : [ {
      "vertices" : [ 0, 1, 2 ]
    }, {
      "vertices" : [ 0, 2, 1 ]
    } ]
  }, {
    "id" : "bc31459a-57b3-4a65-80aa-a885dcc36262",
    "vertices" : [ {
      "x" : 0.0,
      "y" : 0.0,
      "z" : 0.0
    }, {
      "x" : 0.090169944,
      "y" : -0.23606798,
      "z" : 0.0
    }, {
      "x" : 0.090169944,
      "y" : -2.673762,
      "z" : -6.381966
    }, {
      "x" : -2.437694,
      "y" : 3.9442718,
      "z" : -6.381966
    } ],
    "faces" : [ {
      "vertices" : [ 0, 1, 2, 3 ]
    }, {
      "vertices" : [ 0, 3, 2, 1 ]
    } ]
  }, {
    "id" : "9811a9bc-f28d-4e6c-a0bd-d7aefc8423a5",
    "vertices" : [ {
      "x" : 0.0,
      "y" : 0.0,
      "z" : 0.0
    }, {
      "x" : -4.027864,
      "y" : 1.3426213,
      "z" : 1.3426213
    }, {
      "x" : -7.2852182,
      "y" : -1.0623059,
      "z" : 4.173762
    }, {
      "x" : -4.173762,
      "y" : -4.173762,
      "z" : 4.173762
    } ],
    "faces" : [ {
      "vertices" : [ 0, 1, 2, 3 ]
    }, {
      "vertices" : [ 0, 3, 2, 1 ]
    } ]
  }, {
    "id" : "9b983127-fa68-4ff4-91d1-be443b5324f1",
    "vertices" : [ {
      "x" : 0.0,
      "y" : 0.0,
      "z" : 0.0
    }, {
      "x" : -2.618034,
      "y" : 6.854102,
      "z" : 0.0
    }, {
      "x" : -2.618034,
      "y" : 6.892609,
      "z" : 0.10081306
    } ],
    "faces" : [ {
      "vertices" : [ 0, 1, 2 ]
    }, {
      "vertices" : [ 0, 2, 1 ]
    } ]
  }, {
    "id" : "0f30490f-f303-44ca-a03a-0983bceac5b8",
    "vertices" : [ {
      "x" : 0.0,
      "y" : 0.0,
      "z" : 0.0
    }, {
      "x" : 0.20601133,
      "y" : -0.6666667,
      "z" : -0.33333334
    }, {
      "x" : 0.0,
      "y" : -1.655186,
      "z" : -4.3333335
    } ],
    "faces" : [ {
      "vertices" : [ 0, 1, 2 ]
    }, {
      "vertices" : [ 0, 2, 1 ]
    } ]
  }, {
    "id" : "27637a67-7787-46ed-9b07-367ca1c03c0d",
    "vertices" : [ {
      "x" : 0.0,
      "y" : 0.0,
      "z" : 0.0
    }, {
      "x" : 0.80379426,
      "y" : -2.1043608,
      "z" : 0.0
    }, {
      "x" : 0.80379426,
      "y" : -2.1945307,
      "z" : -0.23606798
    } ],
    "faces" : [ {
      "vertices" : [ 0, 1, 2 ]
    }, {
      "vertices" : [ 0, 2, 1 ]
    } ]
  }, {
    "id" : "434c10a0-5c0c-406c-8ae2-7029f8e01957",
    "vertices" : [ {
      "x" : 0.0,
      "y" : 0.0,
      "z" : 0.0
    }, {
      "x" : 2.6048784,
      "y" : -6.7294903,
      "z" : 0.23606798
    }, {
      "x" : 1.7109141,
      "y" : -4.4792314,
      "z" : 0.0
    } ],
    "faces" : [ {
      "vertices" : [ 0, 1, 2 ]
    }, {
      "vertices" : [ 0, 2, 1 ]
    } ]
  }, {
    "id" : "6248ba9c-e012-4595-829f-da8cffb0a114",
    "vertices" : [ {
      "x" : 0.0,
      "y" : 0.0,
      "z" : 0.0
    }, {
      "x" : -0.96149284,
      "y" : 3.4787138,
      "z" : 2.517221
    }, {
      "x" : 0.038507164,
      "y" : 1.5928801,
      "z" : 4.4341464
    } ],
    "faces" : [ {
      "vertices" : [ 0, 1, 2 ]
    }, {
      "vertices" : [ 0, 2, 1 ]
    } ]
  }, {
    "id" : "c8730a43-e664-4cf4-ab00-534860cb41db",
    "vertices" : [ {
      "x" : 0.0,
      "y" : 0.0,
      "z" : 0.0
    }, {
      "x" : -3.9442718,
      "y" : -3.9442718,
      "z" : 3.9442718
    }, {
      "x" : -7.18034,
      "y" : -0.7082039,
      "z" : 3.9442718
    }, {
      "x" : -4.854102,
      "y" : 1.618034,
      "z" : 1.618034
    } ],
    "faces" : [ {
      "vertices" : [ 0, 1, 2, 3 ]
    }, {
      "vertices" : [ 0, 3, 2, 1 ]
    } ]
  }, {
    "id" : "53c4b12d-494c-4570-9022-89957b76a63f",
    "vertices" : [ {
      "x" : 0.0,
      "y" : 0.0,
      "z" : 0.0
    }, {
      "x" : -0.3775808,
      "y" : 0.9885194,
      "z" : 0.0
    }, {
      "x" : 0.28908587,
      "y" : 0.24316339,
      "z" : 2.618034
    }, {
      "x" : 2.0,
      "y" : -4.236068,
      "z" : 2.618034
    } ],
    "faces" : [ {
      "vertices" : [ 0, 1, 2, 3 ]
    }, {
      "vertices" : [ 0, 3, 2, 1 ]
    } ]
  }, {
    "id" : "fde4e600-d977-4351-b78c-096d93fa2b1b",
    "vertices" : [ {
      "x" : 0.0,
      "y" : 0.0,
      "z" : 0.0
    }, {
      "x" : -0.7825081,
      "y" : -0.5694013,
      "z" : -6.854102
    }, {
      "x" : -0.7825081,
      "y" : 4.7568364,
      "z" : 7.09017
    }, {
      "x" : 0.0,
      "y" : 2.618034,
      "z" : 6.854102
    } ],
    "faces" : [ {
      "vertices" : [ 0, 1, 2, 3 ]
    }, {
      "vertices" : [ 0, 3, 2, 1 ]
    } ]
  }, {
    "id" : "b60f8c55-47ea-4522-ba97-c7be4c494955",
    "vertices" : [ {
      "x" : 0.0,
      "y" : 0.0,
      "z" : 0.0
    }, {
      "x" : 0.038507164,
      "y" : -0.10081306,
      "z" : 0.0
    }, {
      "x" : -0.16750416,
      "y" : -1.0893325,
      "z" : -4.0
    }, {
      "x" : -0.5663712,
      "y" : -0.045084972,
      "z" : -4.0
    } ],
    "faces" : [ {
      "vertices" : [ 0, 1, 2, 3 ]
    }, {
      "vertices" : [ 0, 3, 2, 1 ]
    } ]
  }, {
    "id" : "a42b7d38-c5c2-43d2-bee8-bf3e586557eb",
    "vertices" : [ {
      "x" : 0.0,
      "y" : 0.0,
      "z" : 0.0
    }, {
      "x" : 0.0,
      "y" : -0.39886704,
      "z" : -1.0442475
    }, {
      "x" : -1.0,
      "y" : 1.8858336,
      "z" : -1.9169254
    } ],
    "faces" : [ {
      "vertices" : [ 0, 1, 2 ]
    }, {
      "vertices" : [ 0, 2, 1 ]
    } ]
  }, {
    "id" : "6bae891f-a92e-4086-8b86-5529606d5f10",
    "vertices" : [ {
      "x" : 0.0,
      "y" : 0.0,
      "z" : 0.0
    }, {
      "x" : 0.5663712,
      "y" : 0.045084972,
      "z" : 4.0
    }, {
      "x" : 0.82978565,
      "y" : -0.51283574,
      "z" : 4.344814
    } ],
    "faces" : [ {
      "vertices" : [ 0, 1, 2 ]
    }, {
      "vertices" : [ 0, 2, 1 ]
    } ]
  }, {
    "id" : "374bd26a-1bb2-4143-80a6-289b1572a24a",
    "vertices" : [ {
      "x" : 0.0,
      "y" : 0.0,
      "z" : 0.0
    }, {
      "x" : -0.25694013,
      "y" : -0.25694013,
      "z" : -1.2847006
    }, {
      "x" : -4.7754126,
      "y" : 3.6967232,
      "z" : 1.5393447
    }, {
      "x" : -2.618034,
      "y" : 2.618034,
      "z" : 2.618034
    } ],
    "faces" : [ {
      "vertices" : [ 0, 1, 2, 3 ]
    }, {
      "vertices" : [ 0, 3, 2, 1 ]
    } ]
  }, {
    "id" : "aabb728c-1e4f-4c23-bf8f-d840246b3f66",
    "vertices" : [ {
      "x" : 0.0,
      "y" : 0.0,
      "z" : 0.0
    }, {
      "x" : 0.0,
      "y" : 2.618034,
      "z" : 6.854102
    }, {
      "x" : 2.437694,
      "y" : -3.763932,
      "z" : 6.854102
    }, {
      "x" : 1.655186,
      "y" : -4.3333335,
      "z" : 0.0
    } ],
    "faces" : [ {
      "vertices" : [ 0, 1, 2, 3 ]
    }, {
      "vertices" : [ 0, 3, 2, 1 ]
    } ]
  }, {
    "id" : "70c3f896-143a-4de4-bfab-9e23469221d1",
    "vertices" : [ {
      "x" : 0.0,
      "y" : 0.0,
      "z" : 0.0
    }, {
      "x" : -1.3426213,
      "y" : 4.027864,
      "z" : -1.3426213
    }, {
      "x" : 1.0623059,
      "y" : 7.2852182,
      "z" : -4.173762
    }, {
      "x" : 4.173762,
      "y" : 4.173762,
      "z" : -4.173762
    } ],
    "faces" : [ {
      "vertices" : [ 0, 1, 2, 3 ]
    }, {
      "vertices" : [ 0, 3, 2, 1 ]
    } ]
  }, {
    "id" : "855fcbf4-6b01-4c7c-8b4e-605ad44c04c8",
    "vertices" : [ {
      "x" : 0.0,
      "y" : 0.0,
      "z" : 0.0
    }, {
      "x" : 0.3775808,
      "y" : -0.9885194,
      "z" : 0.0
    }, {
      "x" : -0.28908587,
      "y" : -0.24316339,
      "z" : -2.618034
    }, {
      "x" : -2.0,
      "y" : 4.236068,
      "z" : -2.618034
    } ],
    "faces" : [ {
      "vertices" : [ 0, 1, 2, 3 ]
    }, {
      "vertices" : [ 0, 3, 2, 1 ]
    } ]
  }, {
    "id" : "99eaab84-a0ce-4cd6-8d23-2d1f7196ba42",
    "vertices" : [ {
      "x" : 0.0,
      "y" : 0.0,
      "z" : 0.0
    }, {
      "x" : 0.7825081,
      "y" : 0.5694013,
      "z" : 6.854102
    }, {
      "x" : 0.7825081,
      "y" : -4.7568364,
      "z" : -7.09017
    }, {
      "x" : 0.0,
      "y" : -2.618034,
      "z" : -6.854102
    } ],
    "faces" : [ {
      "vertices" : [ 0, 1, 2, 3 ]
    }, {
      "vertices" : [ 0, 3, 2, 1 ]
    } ]
  }, {
    "id" : "bfb411b2-9ddb-4fb3-983f-0e175504d79b",
    "vertices" : [ {
      "x" : 0.0,
      "y" : 0.0,
      "z" : 0.0
    }, {
      "x" : 0.7825081,
      "y" : -2.1388025,
      "z" : -0.23606798
    }, {
      "x" : -1.655186,
      "y" : 1.8054693,
      "z" : -6.618034
    } ],
    "faces" : [ {
      "vertices" : [ 0, 1, 2 ]
    }, {
      "vertices" : [ 0, 2, 1 ]
    } ]
  }, {
    "id" : "898e9c25-9281-4db4-861e-022ea7f1d618",
    "vertices" : [ {
      "x" : 0.0,
      "y" : 0.0,
      "z" : 0.0
    }, {
      "x" : 0.038507164,
      "y" : 1.5928801,
      "z" : 4.4341464
    }, {
      "x" : 0.038507164,
      "y" : -0.062305897,
      "z" : 0.10081306
    } ],
    "faces" : [ {
      "vertices" : [ 0, 1, 2 ]
    }, {
      "vertices" : [ 0, 2, 1 ]
    } ]
  }, {
    "id" : "729b5239-774e-43f2-9e66-17af9f4b1457",
    "vertices" : [ {
      "x" : 0.0,
      "y" : 0.0,
      "z" : 0.0
    }, {
      "x" : 1.655186,
      "y" : -4.3333335,
      "z" : 0.0
    }, {
      "x" : 0.0,
      "y" : -2.527864,
      "z" : -6.618034
    } ],
    "faces" : [ {
      "vertices" : [ 0, 1, 2 ]
    }, {
      "vertices" : [ 0, 2, 1 ]
    } ]
  }, {
    "id" : "51dd5447-9d55-4bb3-9434-5e3a6cb5dc04",
    "vertices" : [ {
      "x" : 0.0,
      "y" : 0.0,
      "z" : 0.0
    }, {
      "x" : -2.5663712,
      "y" : 6.68034,
      "z" : -0.10081306
    }, {
      "x" : 0.038507164,
      "y" : -0.04915028,
      "z" : 0.13525492
    } ],
    "faces" : [ {
      "vertices" : [ 0, 1, 2 ]
    }, {
      "vertices" : [ 0, 2, 1 ]
    } ]
  }, {
    "id" : "149e14bd-12bf-4bfc-9ec8-7e2ab02c1931",
    "vertices" : [ {
      "x" : 0.0,
      "y" : 0.0,
      "z" : 0.0
    }, {
      "x" : -0.5663712,
      "y" : -0.045084972,
      "z" : -4.0
    }, {
      "x" : -0.82978565,
      "y" : 0.51283574,
      "z" : -4.344814
    } ],
    "faces" : [ {
      "vertices" : [ 0, 1, 2 ]
    }, {
      "vertices" : [ 0, 2, 1 ]
    } ]
  }, {
    "id" : "28bc969b-bd7d-4ba3-af03-fa724f87aafe",
    "vertices" : [ {
      "x" : 0.0,
      "y" : 0.0,
      "z" : 0.0
    }, {
      "x" : -0.090169944,
      "y" : 0.23606798,
      "z" : 0.0
    }, {
      "x" : -0.090169944,
      "y" : 2.673762,
      "z" : 6.381966
    }, {
      "x" : 0.0,
      "y" : 2.527864,
      "z" : 6.618034
    } ],
    "faces" : [ {
      "vertices" : [ 0, 1, 2, 3 ]
    }, {
      "vertices" : [ 0, 3, 2, 1 ]
    } ]
  }, {
    "id" : "7c531a28-50ef-498c-a046-ba8abd70e76f",
    "vertices" : [ {
      "x" : 0.0,
      "y" : 0.0,
      "z" : 0.0
    }, {
      "x" : -0.090169944,
      "y" : 0.23606798,
      "z" : 0.0
    }, {
      "x" : -0.090169944,
      "y" : 2.673762,
      "z" : 6.381966
    }, {
      "x" : 2.437694,
      "y" : -3.9442718,
      "z" : 6.381966
    } ],
    "faces" : [ {
      "vertices" : [ 0, 1, 2, 3 ]
    }, {
      "vertices" : [ 0, 3, 2, 1 ]
    } ]
  }, {
    "id" : "4c9fca83-e416-4cc7-baf2-3fd55724af12",
    "vertices" : [ {
      "x" : 0.0,
      "y" : 0.0,
      "z" : 0.0
    }, {
      "x" : 0.96149284,
      "y" : -3.4787138,
      "z" : -2.517221
    }, {
      "x" : -0.038507164,
      "y" : -1.5928801,
      "z" : -4.4341464
    } ],
    "faces" : [ {
      "vertices" : [ 0, 1, 2 ]
    }, {
      "vertices" : [ 0, 2, 1 ]
    } ]
  }, {
    "id" : "e713641c-5b55-4ee2-991f-914f41003b65",
    "vertices" : [ {
      "x" : 0.0,
      "y" : 0.0,
      "z" : 0.0
    }, {
      "x" : 2.618034,
      "y" : -6.854102,
      "z" : 0.0
    }, {
      "x" : 2.618034,
      "y" : -6.892609,
      "z" : -0.10081306
    } ],
    "faces" : [ {
      "vertices" : [ 0, 1, 2 ]
    }, {
      "vertices" : [ 0, 2, 1 ]
    } ]
  }, {
    "id" : "c9184178-0ac1-419d-a69f-f958b83dca35",
    "vertices" : [ {
      "x" : 0.0,
      "y" : 0.0,
      "z" : 0.0
    }, {
      "x" : -0.10332556,
      "y" : 0.21884705,
      "z" : -0.13525492
    }, {
      "x" : -2.6828523,
      "y" : 6.972136,
      "z" : -0.13525492
    }, {
      "x" : -2.6443453,
      "y" : 6.9229856,
      "z" : 0.0
    } ],
    "faces" : [ {
      "vertices" : [ 0, 1, 2, 3 ]
    }, {
      "vertices" : [ 0, 3, 2, 1 ]
    } ]
  }, {
    "id" : "4362c119-c6d4-451e-b223-ed1a034e7927",
    "vertices" : [ {
      "x" : 0.0,
      "y" : 0.0,
      "z" : 0.0
    }, {
      "x" : 1.7109141,
      "y" : -4.4792314,
      "z" : 0.0
    }, {
      "x" : 2.5147085,
      "y" : -6.673762,
      "z" : -0.23606798
    } ],
    "faces" : [ {
      "vertices" : [ 0, 1, 2 ]
    }, {
      "vertices" : [ 0, 2, 1 ]
    } ]
  }, {
    "id" : "271ba3e5-8e06-48ab-b3a2-26d0f303b274",
    "vertices" : [ {
      "x" : 0.0,
      "y" : 0.0,
      "z" : 0.0
    }, {
      "x" : 1.4120227,
      "y" : -0.28240454,
      "z" : -0.28240454
    }, {
      "x" : -2.8240454,
      "y" : 3.9536633,
      "z" : -4.5184727
    } ],
    "faces" : [ {
      "vertices" : [ 0, 1, 2 ]
    }, {
      "vertices" : [ 0, 2, 1 ]
    } ]
  }, {
    "id" : "58d6959d-9c30-4318-bc9a-55e3dddc0cd4",
    "vertices" : [ {
      "x" : 0.0,
      "y" : 0.0,
      "z" : 0.0
    }, {
      "x" : 1.2847006,
      "y" : -0.25694013,
      "z" : -0.25694013
    }, {
      "x" : -1.5393447,
      "y" : 3.6967232,
      "z" : -4.7754126
    }, {
      "x" : -2.618034,
      "y" : 2.618034,
      "z" : -2.618034
    } ],
    "faces" : [ {
      "vertices" : [ 0, 1, 2, 3 ]
    }, {
      "vertices" : [ 0, 3, 2, 1 ]
    } ]
  }, {
    "id" : "0b0a3917-a6d2-4277-9ce2-086066ee4f0c",
    "vertices" : [ {
      "x" : 0.0,
      "y" : 0.0,
      "z" : 0.0
    }, {
      "x" : -0.28240454,
      "y" : -0.28240454,
      "z" : -1.4120227
    }, {
      "x" : -4.5184727,
      "y" : 3.9536633,
      "z" : 2.8240454
    } ],
    "faces" : [ {
      "vertices" : [ 0, 1, 2 ]
    }, {
      "vertices" : [ 0, 2, 1 ]
    } ]
  }, {
    "id" : "f36cbd84-26ec-4698-9065-a51925ef46ab",
    "vertices" : [ {
      "x" : 0.0,
      "y" : 0.0,
      "z" : 0.0
    }, {
      "x" : 1.7109141,
      "y" : -4.4792314,
      "z" : 0.0
    }, {
      "x" : 1.3775808,
      "y" : -4.6065536,
      "z" : -2.618034
    }, {
      "x" : 1.0,
      "y" : -3.618034,
      "z" : -2.618034
    } ],
    "faces" : [ {
      "vertices" : [ 0, 1, 2, 3 ]
    }, {
      "vertices" : [ 0, 3, 2, 1 ]
    } ]
  }, {
    "id" : "8a43ff4a-637b-4f15-bf0e-0c5030a57004",
    "vertices" : [ {
      "x" : 0.0,
      "y" : 0.0,
      "z" : 0.0
    }, {
      "x" : -2.6048784,
      "y" : 6.7294903,
      "z" : -0.23606798
    }, {
      "x" : -1.7109141,
      "y" : 4.4792314,
      "z" : 0.0
    } ],
    "faces" : [ {
      "vertices" : [ 0, 1, 2 ]
    }, {
      "vertices" : [ 0, 2, 1 ]
    } ]
  }, {
    "id" : "bdd31034-58d0-4c5e-8592-9b25082b234a",
    "vertices" : [ {
      "x" : 0.0,
      "y" : 0.0,
      "z" : 0.0
    }, {
      "x" : -0.20601133,
      "y" : 0.6666667,
      "z" : 0.33333334
    }, {
      "x" : 0.31759548,
      "y" : -0.35508254,
      "z" : 1.2472136
    } ],
    "faces" : [ {
      "vertices" : [ 0, 1, 2 ]
    }, {
      "vertices" : [ 0, 2, 1 ]
    } ]
  }, {
    "id" : "3a00e8c2-8241-4de4-a9fb-ef9f65fe7af0",
    "vertices" : [ {
      "x" : 0.0,
      "y" : 0.0,
      "z" : 0.0
    }, {
      "x" : 0.39886704,
      "y" : -1.0442475,
      "z" : 0.0
    }, {
      "x" : 0.39886704,
      "y" : -2.6622815,
      "z" : -4.236068
    }, {
      "x" : 0.0,
      "y" : -1.618034,
      "z" : -4.236068
    } ],
    "faces" : [ {
      "vertices" : [ 0, 1, 2, 3 ]
    }, {
      "vertices" : [ 0, 3, 2, 1 ]
    } ]
  }, {
    "id" : "02347c64-b60a-498c-928b-dfbae705c29b",
    "vertices" : [ {
      "x" : 0.0,
      "y" : 0.0,
      "z" : 0.0
    }, {
      "x" : -1.655186,
      "y" : 4.3333335,
      "z" : 0.0
    }, {
      "x" : 0.0,
      "y" : 2.527864,
      "z" : 6.618034
    } ],
    "faces" : [ {
      "vertices" : [ 0, 1, 2 ]
    }, {
      "vertices" : [ 0, 2, 1 ]
    } ]
  }, {
    "id" : "5c2abfb3-901b-43f5-a980-a8c533fb5ebc",
    "vertices" : [ {
      "x" : 0.0,
      "y" : 0.0,
      "z" : 0.0
    }, {
      "x" : 2.618034,
      "y" : -6.892609,
      "z" : -0.10081306
    }, {
      "x" : 2.5147085,
      "y" : -6.673762,
      "z" : -0.23606798
    } ],
    "faces" : [ {
      "vertices" : [ 0, 1, 2 ]
    }, {
      "vertices" : [ 0, 2, 1 ]
    } ]
  }, {
    "id" : "2320f637-fb70-4aea-9207-5cf119efc953",
    "vertices" : [ {
      "x" : 0.0,
      "y" : 0.0,
      "z" : 0.0
    }, {
      "x" : 0.0,
      "y" : 0.39886704,
      "z" : 1.0442475
    }, {
      "x" : 1.0,
      "y" : -1.8858336,
      "z" : 1.9169254
    } ],
    "faces" : [ {
      "vertices" : [ 0, 1, 2 ]
    }, {
      "vertices" : [ 0, 2, 1 ]
    } ]
  }, {
    "id" : "340fcf85-9811-4e42-86ad-222c5b2fc91d",
    "vertices" : [ {
      "x" : 0.0,
      "y" : 0.0,
      "z" : 0.0
    }, {
      "x" : 0.090169944,
      "y" : -0.14589803,
      "z" : 0.23606798
    }, {
      "x" : 0.89396423,
      "y" : -2.2502587,
      "z" : 0.23606798
    } ],
    "faces" : [ {
      "vertices" : [ 0, 1, 2 ]
    }, {
      "vertices" : [ 0, 2, 1 ]
    } ]
  }, {
    "id" : "37e078ad-2220-4ca9-b495-1fe20ced5812",
    "vertices" : [ {
      "x" : 0.0,
      "y" : 0.0,
      "z" : 0.0
    }, {
      "x" : -0.39886704,
      "y" : 1.0442475,
      "z" : 0.0
    }, {
      "x" : -0.39886704,
      "y" : 2.6622815,
      "z" : 4.236068
    }, {
      "x" : 0.0,
      "y" : 1.618034,
      "z" : 4.236068
    } ],
    "faces" : [ {
      "vertices" : [ 0, 1, 2, 3 ]
    }, {
      "vertices" : [ 0, 3, 2, 1 ]
    } ]
  }, {
    "id" : "7bf07c8c-8691-4406-ab12-7ca07ce91372",
    "vertices" : [ {
      "x" : 0.0,
      "y" : 0.0,
      "z" : 0.0
    }, {
      "x" : 0.0,
      "y" : 0.090169944,
      "z" : 0.23606798
    }, {
      "x" : 5.326238,
      "y" : -13.854102,
      "z" : 0.23606798
    }, {
      "x" : 5.326238,
      "y" : -13.944272,
      "z" : 0.0
    } ],
    "faces" : [ {
      "vertices" : [ 0, 1, 2, 3 ]
    }, {
      "vertices" : [ 0, 3, 2, 1 ]
    } ]
  }, {
    "id" : "d6b5d8e6-6523-44ba-90e3-9f2c7d095a2e",
    "vertices" : [ {
      "x" : 0.0,
      "y" : 0.0,
      "z" : 0.0
    }, {
      "x" : -0.20601133,
      "y" : 0.6666667,
      "z" : 0.33333334
    }, {
      "x" : 0.0,
      "y" : 1.655186,
      "z" : 4.3333335
    } ],
    "faces" : [ {
      "vertices" : [ 0, 1, 2 ]
    }, {
      "vertices" : [ 0, 2, 1 ]
    } ]
  }, {
    "id" : "8a24492f-2eb1-4ac6-94c3-73d4f73b074c",
    "vertices" : [ {
      "x" : 0.0,
      "y" : 0.0,
      "z" : 0.0
    }, {
      "x" : -0.038507164,
      "y" : 0.10081306,
      "z" : 0.0
    }, {
      "x" : 0.16750416,
      "y" : 1.0893325,
      "z" : 4.0
    }, {
      "x" : 0.5663712,
      "y" : 0.045084972,
      "z" : 4.0
    } ],
    "faces" : [ {
      "vertices" : [ 0, 1, 2, 3 ]
    }, {
      "vertices" : [ 0, 3, 2, 1 ]
    } ]
  }, {
    "id" : "c0ef8177-4481-4d39-b889-bdcbff0d20b6",
    "vertices" : [ {
      "x" : 0.0,
      "y" : 0.0,
      "z" : 0.0
    }, {
      "x" : -2.618034,
      "y" : 6.892609,
      "z" : 0.10081306
    }, {
      "x" : -2.5147085,
      "y" : 6.673762,
      "z" : 0.23606798
    } ],
    "faces" : [ {
      "vertices" : [ 0, 1, 2 ]
    }, {
      "vertices" : [ 0, 2, 1 ]
    } ]
  }, {
    "id" : "a1fe6c20-4552-4db6-95a8-3cc8d902ca8c",
    "vertices" : [ {
      "x" : 0.0,
      "y" : 0.0,
      "z" : 0.0
    }, {
      "x" : -0.097265355,
      "y" : 0.19453071,
      "z" : -0.048632678
    }, {
      "x" : -2.2634144,
      "y" : 3.3846762,
      "z" : -0.5606309
    }, {
      "x" : -5.6268044,
      "y" : 0.021286236,
      "z" : 2.8027592
    }, {
      "x" : -2.8027592,
      "y" : -2.8027592,
      "z" : 2.8027592
    } ],
    "faces" : [ {
      "vertices" : [ 0, 1, 2, 3, 4 ]
    }, {
      "vertices" : [ 0, 4, 3, 2, 1 ]
    } ]
  }, {
    "id" : "5a066a8a-b69f-48f7-9b8f-577611879bb1",
    "vertices" : [ {
      "x" : 0.0,
      "y" : 0.0,
      "z" : 0.0
    }, {
      "x" : 2.5694013,
      "y" : 2.5694013,
      "z" : -2.5694013
    }, {
      "x" : 6.7595468,
      "y" : 1.4032522,
      "z" : -4.0813994
    }, {
      "x" : 2.4809062,
      "y" : -2.8753881,
      "z" : 0.19724092
    } ],
    "faces" : [ {
