{
  "field" : "golden",
  "symmetry" : "icosahedral",
  "orientations" : [ [ 1.0, 0.0, 0.0, 0.0, 0.0, 1.0, 0.0, 0.0, 0.0, 0.0, 1.0, 0.0, 0.0, 0.0, 0.0, 1.0 ], [ 0.0, 0.0, 1.0, 0.0, 1.0, 0.0, 0.0, 0.0, 0.0, 1.0, 0.0, 0.0, 0.0, 0.0, 0.0, 1.0 ], [ 0.0, 1.0, 0.0, 0.0, 0.0, 0.0, 1.0, 0.0, 1.0, 0.0, 0.0, 0.0, 0.0, 0.0, 0.0, 1.0 ], [ 0.809017, 0.309017, 0.5, 0.0, 0.309017, 0.5, -0.809017, 0.0, -0.5, 0.809017, 0.309017, 0.0, 0.0, 0.0, 0.0, 1.0 ], [ -0.5, 0.809017, 0.309017, 0.0, 0.809017, 0.309017, 0.5, 0.0, 0.309017, 0.5, -0.809017, 0.0, 0.0, 0.0, 0.0, 1.0 ], [ 0.309017, 0.5, -0.809017, 0.0, -0.5, 0.809017, 0.309017, 0.0, 0.809017, 0.309017, 0.5, 0.0, 0.0, 0.0, 0.0, 1.0 ], [ 0.5, 0.809017, 0.309017, 0.0, 0.809017, -0.309017, -0.5, 0.0, -0.309017, 0.5, -0.809017, 0.0, 0.0, 0.0, 0.0, 1.0 ], [ -0.309017, 0.5, -0.809017, 0.0, 0.5, 0.809017, 0.309017, 0.0, 0.809017, -0.309017, -0.5, 0.0, 0.0, 0.0, 0.0, 1.0 ], [ 0.809017, -0.309017, -0.5, 0.0, -0.309017, 0.5, -0.809017, 0.0, 0.5, 0.809017, 0.309017, 0.0, 0.0, 0.0, 0.0, 1.0 ], [ 0.5, 0.809017, -0.309017, 0.0, 0.809017, -0.309017, 0.5, 0.0, 0.309017, -0.5, -0.809017, 0.0, 0.0, 0.0, 0.0, 1.0 ], [ 0.309017, -0.5, -0.809017, 0.0, 0.5, 0.809017, -0.309017, 0.0, 0.809017, -0.309017, 0.5, 0.0, 0.0, 0.0, 0.0, 1.0 ], [ 0.809017, -0.309017, 0.5, 0.0, 0.309017, -0.5, -0.809017, 0.0, 0.5, 0.809017, -0.309017, 0.0, 0.0, 0.0, 0.0, 1.0 ], [ 0.809017, 0.309017, -0.5, 0.0, 0.309017, 0.5, 0.809017, 0.0, 0.5, -0.809017, 0.309017, 0.0, 0.0, 0.0, 0.0, 1.0 ], [ 0.5, -0.809017, 0.309017, 0.0, 0.809017, 0.309017, -0.5, 0.0, 0.309017, 0.5, 0.809017, 0.0, 0.0, 0.0, 0.0, 1.0 ], [ 0.309017, 0.5, 0.809017, 0.0, 0.5, -0.809017, 0.309017, 0.0, 0.809017, 0.309017, -0.5, 0.0, 0.0, 0.0, 0.0, 1.0 ], [ 1.0, 0.0, 0.0, 0.0, 0.0, -1.0, 0.0, 0.0, 0.0, 0.0, -1.0, 0.0, 0.0, 0.0, 0.0, 1.0 ], [ 0.0, 0.0, 1.0, 0.0, -1.0, 0.0, 0.0, 0.0, 0.0, -1.0, 0.0, 0.0, 0.0, 0.0, 0.0, 1.0 ], [ 0.0, 1.0, 0.0, 0.0, 0.0, 0.0, -1.0, 0.0, -1.0, 0.0, 0.0, 0.0, 0.0, 0.0, 0.0, 1.0 ], [ 0.809017, 0.309017, 0.5, 0.0, -0.309017, -0.5, 0.809017, 0.0, 0.5, -0.809017, -0.309017, 0.0, 0.0, 0.0, 0.0, 1.0 ], [ -0.5, 0.809017, 0.309017, 0.0, -0.809017, -0.309017, -0.5, 0.0, -0.309017, -0.5, 0.809017, 0.0, 0.0, 0.0, 0.0, 1.0 ], [ 0.309017, 0.5, -0.809017, 0.0, 0.5, -0.809017, -0.309017, 0.0, -0.809017, -0.309017, -0.5, 0.0, 0.0, 0.0, 0.0, 1.0 ], [ 0.5, 0.809017, 0.309017, 0.0, -0.809017, 0.309017, 0.5, 0.0, 0.309017, -0.5, 0.809017, 0.0, 0.0, 0.0, 0.0, 1.0 ], [ -0.309017, 0.5, -0.809017, 0.0, -0.5, -0.809017, -0.309017, 0.0, -0.809017, 0.309017, 0.5, 0.0, 0.0, 0.0, 0.0, 1.0 ], [ 0.809017, -0.309017, -0.5, 0.0, 0.309017, -0.5, 0.809017, 0.0, -0.5, -0.809017, -0.309017, 0.0, 0.0, 0.0, 0.0, 1.0 ], [ 0.5, 0.809017, -0.309017, 0.0, -0.809017, 0.309017, -0.5, 0.0, -0.309017, 0.5, 0.809017, 0.0, 0.0, 0.0, 0.0, 1.0 ], [ 0.309017, -0.5, -0.809017, 0.0, -0.5, -0.809017, 0.309017, 0.0, -0.809017, 0.309017, -0.5, 0.0, 0.0, 0.0, 0.0, 1.0 ], [ 0.809017, -0.309017, 0.5, 0.0, -0.309017, 0.5, 0.809017, 0.0, -0.5, -0.809017, 0.309017, 0.0, 0.0, 0.0, 0.0, 1.0 ], [ 0.809017, 0.309017, -0.5, 0.0, -0.309017, -0.5, -0.809017, 0.0, -0.5, 0.809017, -0.309017, 0.0, 0.0, 0.0, 0.0, 1.0 ], [ 0.5, -0.809017, 0.309017, 0.0, -0.809017, -0.309017, 0.5, 0.0, -0.309017, -0.5, -0.809017, 0.0, 0.0, 0.0, 0.0, 1.0 ], [ 0.309017, 0.5, 0.809017, 0.0, -0.5, 0.809017, -0.309017, 0.0, -0.809017, -0.309017, 0.5, 0.0, 0.0, 0.0, 0.0, 1.0 ], [ -1.0, 0.0, 0.0, 0.0, 0.0, -1.0, 0.0, 0.0, 0.0, 0.0, 1.0, 0.0, 0.0, 0.0, 0.0, 1.0 ], [ 0.0, 0.0, -1.0, 0.0, -1.0, 0.0, 0.0, 0.0, 0.0, 1.0, 0.0, 0.0, 0.0, 0.0, 0.0, 1.0 ], [ 0.0, -1.0, 0.0, 0.0, 0.0, 0.0, -1.0, 0.0, 1.0, 0.0, 0.0, 0.0, 0.0, 0.0, 0.0, 1.0 ], [ -0.809017, -0.309017, -0.5, 0.0, -0.309017, -0.5, 0.809017, 0.0, -0.5, 0.809017, 0.309017, 0.0, 0.0, 0.0, 0.0, 1.0 ], [ 0.5, -0.809017, -0.309017, 0.0, -0.809017, -0.309017, -0.5, 0.0, 0.309017, 0.5, -0.809017, 0.0, 0.0, 0.0, 0.0, 1.0 ], [ -0.309017, -0.5, 0.809017, 0.0, 0.5, -0.809017, -0.309017, 0.0, 0.809017, 0.309017, 0.5, 0.0, 0.0, 0.0, 0.0, 1.0 ], [ -0.5, -0.809017, -0.309017, 0.0, -0.809017, 0.309017, 0.5, 0.0, -0.309017, 0.5, -0.809017, 0.0, 0.0, 0.0, 0.0, 1.0 ], [ 0.309017, -0.5, 0.809017, 0.0, -0.5, -0.809017, -0.309017, 0.0, 0.809017, -0.309017, -0.5, 0.0, 0.0, 0.0, 0.0, 1.0 ], [ -0.809017, 0.309017, 0.5, 0.0, 0.309017, -0.5, 0.809017, 0.0, 0.5, 0.809017, 0.309017, 0.0, 0.0, 0.0, 0.0, 1.0 ], [ -0.5, -0.809017, 0.309017, 0.0, -0.809017, 0.309017, -0.5, 0.0, 0.309017, -0.5, -0.809017, 0.0, 0.0, 0.0, 0.0, 1.0 ], [ -0.309017, 0.5, 0.809017, 0.0, -0.5, -0.809017, 0.309017, 0.0, 0.809017, -0.309017, 0.5, 0.0, 0.0, 0.0, 0.0, 1.0 ], [ -0.809017, 0.309017, -0.5, 0.0, -0.309017, 0.5, 0.809017, 0.0, 0.5, 0.809017, -0.309017, 0.0, 0.0, 0.0, 0.0, 1.0 ], [ -0.809017, -0.309017, 0.5, 0.0, -0.309017, -0.5, -0.809017, 0.0, 0.5, -0.809017, 0.309017, 0.0, 0.0, 0.0, 0.0, 1.0 ], [ -0.5, 0.809017, -0.309017, 0.0, -0.809017, -0.309017, 0.5, 0.0, 0.309017, 0.5, 0.809017, 0.0, 0.0, 0.0, 0.0, 1.0 ], [ -0.309017, -0.5, -0.809017, 0.0, -0.5, 0.809017, -0.309017, 0.0, 0.809017, 0.309017, -0.5, 0.0, 0.0, 0.0, 0.0, 1.0 ], [ -1.0, 0.0, 0.0, 0.0, 0.0, 1.0, 0.0, 0.0, 0.0, 0.0, -1.0, 0.0, 0.0, 0.0, 0.0, 1.0 ], [ 0.0, 0.0, -1.0, 0.0, 1.0, 0.0, 0.0, 0.0, 0.0, -1.0, 0.0, 0.0, 0.0, 0.0, 0.0, 1.0 ], [ 0.0, -1.0, 0.0, 0.0, 0.0, 0.0, 1.0, 0.0, -1.0, 0.0, 0.0, 0.0, 0.0, 0.0, 0.0, 1.0 ], [ -0.809017, -0.309017, -0.5, 0.0, 0.309017, 0.5, -0.809017, 0.0, 0.5, -0.809017, -0.309017, 0.0, 0.0, 0.0, 0.0, 1.0 ], [ 0.5, -0.809017, -0.309017, 0.0, 0.809017, 0.309017, 0.5, 0.0, -0.309017, -0.5, 0.809017, 0.0, 0.0, 0.0, 0.0, 1.0 ], [ -0.309017, -0.5, 0.809017, 0.0, -0.5, 0.809017, 0.309017, 0.0, -0.809017, -0.309017, -0.5, 0.0, 0.0, 0.0, 0.0, 1.0 ], [ -0.5, -0.809017, -0.309017, 0.0, 0.809017, -0.309017, -0.5, 0.0, 0.309017, -0.5, 0.809017, 0.0, 0.0, 0.0, 0.0, 1.0 ], [ 0.309017, -0.5, 0.809017, 0.0, 0.5, 0.809017, 0.309017, 0.0, -0.809017, 0.309017, 0.5, 0.0, 0.0, 0.0, 0.0, 1.0 ], [ -0.809017, 0.309017, 0.5, 0.0, -0.309017, 0.5, -0.809017, 0.0, -0.5, -0.809017, -0.309017, 0.0, 0.0, 0.0, 0.0, 1.0 ], [ -0.5, -0.809017, 0.309017, 0.0, 0.809017, -0.309017, 0.5, 0.0, -0.309017, 0.5, 0.809017, 0.0, 0.0, 0.0, 0.0, 1.0 ], [ -0.309017, 0.5, 0.809017, 0.0, 0.5, 0.809017, -0.309017, 0.0, -0.809017, 0.309017, -0.5, 0.0, 0.0, 0.0, 0.0, 1.0 ], [ -0.809017, 0.309017, -0.5, 0.0, 0.309017, -0.5, -0.809017, 0.0, -0.5, -0.809017, 0.309017, 0.0, 0.0, 0.0, 0.0, 1.0 ], [ -0.809017, -0.309017, 0.5, 0.0, 0.309017, 0.5, 0.809017, 0.0, -0.5, 0.809017, -0.309017, 0.0, 0.0, 0.0, 0.0, 1.0 ], [ -0.5, 0.809017, -0.309017, 0.0, 0.809017, 0.309017, -0.5, 0.0, -0.309017, -0.5, -0.809017, 0.0, 0.0, 0.0, 0.0, 1.0 ], [ -0.309017, -0.5, -0.809017, 0.0, 0.5, -0.809017, 0.309017, 0.0, -0.809017, -0.309017, 0.5, 0.0, 0.0, 0.0, 0.0, 1.0 ] ],
  "lights" : {
    "backgroundColor" : "#AFC8DC",
    "ambientColor" : "#292929",
    "directionalLights" : [ {
      "direction" : {
        "x" : 1.0,
        "y" : -1.0,
        "z" : -1.0
      },
      "color" : "#EBEBE4"
    }, {
      "direction" : {
        "x" : -1.0,
        "y" : 0.0,
        "z" : 0.0
      },
      "color" : "#E4E4EB"
    }, {
      "direction" : {
        "x" : 0.0,
        "y" : 0.0,
        "z" : -1.0
      },
      "color" : "#1E1E1E"
    } ]
  },
  "camera" : {
    "stereo" : false,
    "width" : 85.6588,
    "nearClipDistance" : 0.47588265,
    "farClipDistance" : 380.70532,
    "viewDistance" : 190.35284,
    "perspective" : false,
    "lookAtPoint" : {
      "x" : 0.0,
      "y" : 0.0,
      "z" : 0.0
    },
    "fieldOfView" : 0.44262898,
    "lookDirection" : {
      "x" : 0.0,
      "y" : 0.0,
      "z" : -1.0
    },
    "upDirection" : {
      "x" : 0.0,
      "y" : 1.0,
      "z" : 0.0
    },
    "position" : {
      "x" : 0.0,
      "y" : 0.0,
      "z" : 190.35284
    }
  },
  "embedding" : [ 1.0, 0.0, 0.0, 0.0, 0.0, 1.0, 0.0, 0.0, 0.0, 0.0, 1.0, 0.0, 0.0, 0.0, 0.0, 1.0 ],
  "shapes" : [ {
    "id" : "2a9bf249-ed27-411b-855a-c9eefd5be6e5",
    "vertices" : [ {
      "x" : 0.809017,
      "y" : 0.618034,
      "z" : -0.19098301
    }, {
      "x" : 0.809017,
      "y" : 0.0,
      "z" : -0.19098301
    }, {
      "x" : 0.309017,
      "y" : 0.11803399,
      "z" : 0.0
    }, {
      "x" : 6.045085,
      "y" : 2.618034,
      "z" : 0.19098301
    }, {
      "x" : 0.809017,
      "y" : 0.618034,
      "z" : 0.19098301
    }, {
      "x" : 0.809017,
      "y" : 0.0,
      "z" : 0.19098301
    }, {
      "x" : 6.045085,
      "y" : 2.0,
      "z" : 0.19098301
    }, {
      "x" : 6.545085,
      "y" : 2.5,
      "z" : 0.0
    }, {
      "x" : 6.045085,
      "y" : 2.618034,
      "z" : -0.19098301
    }, {
      "x" : 6.854102,
      "y" : 2.618034,
      "z" : 0.0
    }, {
      "x" : 6.045085,
      "y" : 2.0,
      "z" : -0.19098301
    } ],
    "faces" : [ {
      "vertices" : [ 3, 6, 7 ]
    }, {
      "vertices" : [ 3, 4, 5 ]
    }, {
      "vertices" : [ 3, 5, 6 ]
    }, {
      "vertices" : [ 3, 7, 8 ]
    }, {
      "vertices" : [ 0, 1, 2 ]
    }, {
      "vertices" : [ 0, 8, 10 ]
    }, {
      "vertices" : [ 0, 10, 1 ]
    }, {
      "vertices" : [ 1, 10, 6 ]
    }, {
      "vertices" : [ 1, 6, 5 ]
    }, {
      "vertices" : [ 0, 2, 4 ]
    }, {
      "vertices" : [ 6, 10, 7 ]
    }, {
      "vertices" : [ 1, 5, 2 ]
    }, {
      "vertices" : [ 7, 10, 8 ]
    }, {
      "vertices" : [ 2, 5, 4 ]
    }, {
      "vertices" : [ 0, 4, 3 ]
    }, {
      "vertices" : [ 0, 3, 8 ]
    } ]
  }, {
    "id" : "c1dceb9b-66f0-4550-a610-f43af1e8db03",
    "vertices" : [ {
      "x" : 6.854102,
      "y" : 0.0,
      "z" : -2.618034
    }, {
      "x" : 6.545085,
      "y" : 0.0,
      "z" : -2.5
    }, {
      "x" : 6.1405764,
      "y" : -0.1545085,
      "z" : -2.059017
    }, {
      "x" : 5.9495935,
      "y" : -0.1545085,
      "z" : -2.559017
    }, {
      "x" : 0.9045085,
      "y" : -0.1545085,
      "z" : -0.059016995
    }, {
      "x" : 0.809017,
      "y" : 0.309017,
      "z" : -0.309017
    }, {
      "x" : 0.309017,
      "y" : 0.0,
      "z" : -0.11803399
    }, {
      "x" : 6.045085,
      "y" : 0.309017,
      "z" : -2.309017
    }, {
      "x" : 0.7135255,
      "y" : -0.1545085,
      "z" : -0.559017
    } ],
    "faces" : [ {
      "vertices" : [ 2, 4, 8 ]
    }, {
      "vertices" : [ 2, 8, 3 ]
    }, {
      "vertices" : [ 2, 7, 5 ]
    }, {
      "vertices" : [ 2, 5, 4 ]
    }, {
      "vertices" : [ 4, 6, 8 ]
    }, {
      "vertices" : [ 5, 8, 6 ]
    }, {
      "vertices" : [ 1, 2, 3 ]
    }, {
      "vertices" : [ 3, 8, 5 ]
    }, {
      "vertices" : [ 3, 5, 7 ]
    }, {
      "vertices" : [ 1, 7, 2 ]
    }, {
      "vertices" : [ 1, 3, 7 ]
    }, {
      "vertices" : [ 4, 5, 6 ]
    } ]
  }, {
    "id" : "20ace5e6-472e-472c-8340-fc1be8bdf774",
    "vertices" : [ {
      "x" : 0.309017,
      "y" : -0.309017,
      "z" : -0.309017
    }, {
      "x" : 0.5,
      "y" : 0.0,
      "z" : -0.19098301
    }, {
      "x" : 0.5,
      "y" : 0.0,
      "z" : 0.19098301
    }, {
      "x" : 0.309017,
      "y" : -0.309017,
      "z" : 0.309017
    }, {
      "x" : 0.19098301,
      "y" : -0.5,
      "z" : 0.0
    }, {
      "x" : 0.0,
      "y" : 0.19098301,
      "z" : 0.5
    }, {
      "x" : 0.0,
      "y" : -0.19098301,
      "z" : 0.5
    }, {
      "x" : 0.309017,
      "y" : 0.309017,
      "z" : 0.309017
    }, {
      "x" : -0.309017,
      "y" : -0.309017,
      "z" : 0.309017
    }, {
      "x" : -0.309017,
      "y" : 0.309017,
      "z" : 0.309017
    }, {
      "x" : -0.5,
      "y" : 0.0,
      "z" : 0.19098301
    }, {
      "x" : 0.0,
      "y" : -0.19098301,
      "z" : -0.5
    }, {
      "x" : 0.0,
      "y" : 0.19098301,
      "z" : -0.5
    }, {
      "x" : 0.309017,
      "y" : 0.309017,
      "z" : -0.309017
    }, {
      "x" : -0.309017,
      "y" : -0.309017,
      "z" : -0.309017
    }, {
      "x" : -0.19098301,
      "y" : -0.5,
      "z" : 0.0
    }, {
      "x" : -0.5,
      "y" : 0.0,
      "z" : -0.19098301
    }, {
      "x" : 0.19098301,
      "y" : 0.5,
      "z" : 0.0
    }, {
      "x" : -0.309017,
      "y" : 0.309017,
      "z" : -0.309017
    }, {
      "x" : 0.0,
      "y" : 0.0,
      "z" : 0.0
    }, {
      "x" : -0.19098301,
      "y" : 0.5,
      "z" : 0.0
    } ],
    "faces" : [ {
      "vertices" : [ 12, 18, 20 ]
    }, {
      "vertices" : [ 12, 20, 17 ]
    }, {
      "vertices" : [ 12, 17, 13 ]
    }, {
      "vertices" : [ 3, 6, 8 ]
    }, {
      "vertices" : [ 3, 8, 15 ]
    }, {
      "vertices" : [ 3, 15, 4 ]
    }, {
      "vertices" : [ 0, 11, 12 ]
    }, {
      "vertices" : [ 0, 12, 13 ]
    }, {
      "vertices" : [ 0, 13, 1 ]
    }, {
      "vertices" : [ 5, 9, 10 ]
    }, {
      "vertices" : [ 5, 10, 8 ]
    }, {
      "vertices" : [ 5, 8, 6 ]
    }, {
      "vertices" : [ 2, 7, 5 ]
    }, {
      "vertices" : [ 2, 5, 6 ]
    }, {
      "vertices" : [ 2, 6, 3 ]
    }, {
      "vertices" : [ 11, 14, 16 ]
    }, {
      "vertices" : [ 11, 16, 18 ]
    }, {
      "vertices" : [ 11, 18, 12 ]
    }, {
      "vertices" : [ 1, 13, 17 ]
    }, {
      "vertices" : [ 1, 17, 7 ]
    }, {
      "vertices" : [ 1, 7, 2 ]
    }, {
      "vertices" : [ 9, 20, 18 ]
    }, {
      "vertices" : [ 9, 18, 16 ]
    }, {
      "vertices" : [ 9, 16, 10 ]
    }, {
      "vertices" : [ 0, 1, 2 ]
    }, {
      "vertices" : [ 0, 2, 3 ]
    }, {
      "vertices" : [ 0, 3, 4 ]
    }, {
      "vertices" : [ 5, 7, 17 ]
    }, {
      "vertices" : [ 5, 17, 20 ]
    }, {
      "vertices" : [ 5, 20, 9 ]
    }, {
      "vertices" : [ 0, 4, 15 ]
    }, {
      "vertices" : [ 0, 15, 14 ]
    }, {
      "vertices" : [ 0, 14, 11 ]
    }, {
      "vertices" : [ 8, 10, 16 ]
    }, {
      "vertices" : [ 8, 16, 14 ]
    }, {
      "vertices" : [ 8, 14, 15 ]
    } ]
  } ],
  "instances" : [ {
    "shape" : "2a9bf249-ed27-411b-855a-c9eefd5be6e5",
    "color" : "#6C00C6",
    "position" : {
      "x" : 0.0,
      "y" : 6.854102,
      "z" : -17.944271
    },
    "orientation" : 42
  }, {
    "shape" : "c1dceb9b-66f0-4550-a610-f43af1e8db03",
    "color" : "#F0A000",
    "position" : {
      "x" : 6.854102,
      "y" : 17.944271,
      "z" : 0.0
    },
    "orientation" : 2
  }, {
    "shape" : "c1dceb9b-66f0-4550-a610-f43af1e8db03",
    "color" : "#F0A000",
    "position" : {
      "x" : -2.118034,
      "y" : 17.135256,
      "z" : -5.545085
    },
    "orientation" : 8
  }, {
    "shape" : "2a9bf249-ed27-411b-855a-c9eefd5be6e5",
    "color" : "#6C00C6",
    "position" : {
      "x" : -11.09017,
      "y" : -11.09017,
      "z" : 11.09017
    },
    "orientation" : 15
  }, {
    "shape" : "c1dceb9b-66f0-4550-a610-f43af1e8db03",
    "color" : "#F0A000",
    "position" : {
      "x" : 6.854102,
      "y" : -17.944271,
      "z" : 0.0
    },
    "orientation" : 30
  }, {
    "shape" : "2a9bf249-ed27-411b-855a-c9eefd5be6e5",
    "color" : "#6C00C6",
    "position" : {
      "x" : 2.118034,
      "y" : -14.5172205,
      "z" : 12.399187
    },
    "orientation" : 9
  }, {
    "shape" : "2a9bf249-ed27-411b-855a-c9eefd5be6e5",
    "color" : "#6C00C6",
    "position" : {
      "x" : 0.0,
      "y" : 6.854102,
      "z" : -17.944271
    },
    "orientation" : 10
  }, {
    "shape" : "20ace5e6-472e-472c-8340-fc1be8bdf774",
    "color" : "#FFFFFF",
    "position" : {
      "x" : 9.781153,
      "y" : 4.736068,
      "z" : -14.5172205
    }
  }, {
    "shape" : "c1dceb9b-66f0-4550-a610-f43af1e8db03",
    "color" : "#F0A000",
    "position" : {
      "x" : 14.5172205,
      "y" : -9.781153,
      "z" : 4.736068
    },
    "orientation" : 6
  }, {
    "shape" : "c1dceb9b-66f0-4550-a610-f43af1e8db03",
    "color" : "#F0A000",
    "position" : {
      "x" : -13.708204,
      "y" : -11.09017,
      "z" : -4.236068
    },
    "orientation" : 5
  }, {
    "shape" : "2a9bf249-ed27-411b-855a-c9eefd5be6e5",
    "color" : "#6C00C6",
    "position" : {
      "x" : 0.0,
      "y" : -17.944271,
      "z" : 6.854102
    },
    "orientation" : 47
  }, {
    "shape" : "2a9bf249-ed27-411b-855a-c9eefd5be6e5",
    "color" : "#6C00C6",
    "position" : {
      "x" : 6.854102,
      "y" : -15.326238,
      "z" : -6.854102
    },
    "orientation" : 6
  }, {
    "shape" : "20ace5e6-472e-472c-8340-fc1be8bdf774",
    "color" : "#FFFFFF",
    "position" : {
      "x" : 16.635256,
      "y" : -6.354102,
      "z" : -3.427051
    }
  }, {
    "shape" : "c1dceb9b-66f0-4550-a610-f43af1e8db03",
    "color" : "#F0A000",
    "position" : {
      "x" : 0.0,
      "y" : 6.854102,
      "z" : -17.944271
    },
    "orientation" : 9
  }, {
    "shape" : "2a9bf249-ed27-411b-855a-c9eefd5be6e5",
    "color" : "#6C00C6",
    "position" : {
      "x" : 3.427051,
      "y" : -16.635256,
      "z" : 8.972136
    },
    "orientation" : 3
  }, {
    "shape" : "2a9bf249-ed27-411b-855a-c9eefd5be6e5",
    "color" : "#6C00C6",
    "position" : {
      "x" : -6.854102,
      "y" : 15.326238,
      "z" : 6.854102
    },
    "orientation" : 39
  }, {
    "shape" : "2a9bf249-ed27-411b-855a-c9eefd5be6e5",
    "color" : "#6C00C6",
    "position" : {
      "x" : 16.635256,
      "y" : 8.972136,
      "z" : 3.427051
    },
    "orientation" : 28
  }, {
    "shape" : "20ace5e6-472e-472c-8340-fc1be8bdf774",
    "color" : "#FFFFFF",
    "position" : {
      "x" : -11.09017,
      "y" : 13.708204,
      "z" : -4.236068
    }
  }, {
    "shape" : "20ace5e6-472e-472c-8340-fc1be8bdf774",
    "color" : "#FFFFFF",
    "position" : {
      "x" : -6.354102,
      "y" : 3.427051,
      "z" : -16.635256
    }
  }, {
    "shape" : "20ace5e6-472e-472c-8340-fc1be8bdf774",
    "color" : "#FFFFFF",
    "position" : {
      "x" : 7.663119,
      "y" : -12.399187,
      "z" : -10.59017
    }
  }, {
    "shape" : "c1dceb9b-66f0-4550-a610-f43af1e8db03",
    "color" : "#F0A000",
    "position" : {
      "x" : 4.736068,
      "y" : 14.5172205,
      "z" : 9.781153
    },
    "orientation" : 17
  }, {
    "shape" : "20ace5e6-472e-472c-8340-fc1be8bdf774",
    "color" : "#FFFFFF",
    "position" : {
      "x" : 17.135256,
      "y" : 2.927051,
      "z" : 4.736068
    }
  }, {
    "shape" : "20ace5e6-472e-472c-8340-fc1be8bdf774",
    "color" : "#FFFFFF",
    "position" : {
      "x" : 7.663119,
      "y" : 12.399187,
      "z" : -10.59017
    }
  }, {
    "shape" : "2a9bf249-ed27-411b-855a-c9eefd5be6e5",
    "color" : "#6C00C6",
    "position" : {
      "x" : 11.09017,
      "y" : -11.09017,
      "z" : 11.09017
    },
    "orientation" : 17
  }, {
    "shape" : "c1dceb9b-66f0-4550-a610-f43af1e8db03",
    "color" : "#F0A000",
    "position" : {
      "x" : 3.427051,
      "y" : -16.635256,
      "z" : -6.354102
    },
    "orientation" : 3
  }, {
    "shape" : "2a9bf249-ed27-411b-855a-c9eefd5be6e5",
    "color" : "#6C00C6",
    "position" : {
      "x" : -11.09017,
      "y" : -11.09017,
      "z" : -11.09017
    },
    "orientation" : 18
  }, {
    "shape" : "20ace5e6-472e-472c-8340-fc1be8bdf774",
    "color" : "#FFFFFF",
    "position" : {
      "x" : -4.236068,
      "y" : 11.09017,
      "z" : 13.708204
    }
  }, {
    "shape" : "2a9bf249-ed27-411b-855a-c9eefd5be6e5",
    "color" : "#6C00C6",
    "position" : {
      "x" : -13.708204,
      "y" : 4.236068,
      "z" : -11.09017
    },
    "orientation" : 44
  }, {
    "shape" : "20ace5e6-472e-472c-8340-fc1be8bdf774",
    "color" : "#FFFFFF",
    "position" : {
      "x" : 12.399187,
      "y" : 13.208204,
      "z" : -0.809017
    }
  }, {
    "shape" : "2a9bf249-ed27-411b-855a-c9eefd5be6e5",
    "color" : "#6C00C6",
    "position" : {
      "x" : -8.972136,
      "y" : 3.427051,
      "z" : 16.635256
    },
    "orientation" : 18
  }, {
    "shape" : "20ace5e6-472e-472c-8340-fc1be8bdf774",
    "color" : "#FFFFFF",
    "position" : {
      "x" : 7.663119,
      "y" : -9.781153,
      "z" : 13.208204
    }
  }, {
    "shape" : "20ace5e6-472e-472c-8340-fc1be8bdf774",
    "color" : "#FFFFFF",
    "position" : {
      "x" : -15.326238,
      "y" : 6.854102,
      "z" : 6.854102
    }
  }, {
    "shape" : "20ace5e6-472e-472c-8340-fc1be8bdf774",
    "color" : "#FFFFFF",
    "position" : {
      "x" : 2.927051,
      "y" : -4.736068,
      "z" : 17.135256
    }
  }, {
    "shape" : "2a9bf249-ed27-411b-855a-c9eefd5be6e5",
    "color" : "#6C00C6",
    "position" : {
      "x" : 0.0,
      "y" : -6.854102,
      "z" : 17.944271
    },
    "orientation" : 54
  }, {
    "shape" : "c1dceb9b-66f0-4550-a610-f43af1e8db03",
    "color" : "#F0A000",
    "position" : {
      "x" : -6.854102,
      "y" : -15.326238,
      "z" : 6.854102
    },
    "orientation" : 8
  }, {
    "shape" : "c1dceb9b-66f0-4550-a610-f43af1e8db03",
    "color" : "#F0A000",
    "position" : {
      "x" : -11.09017,
      "y" : -13.708204,
      "z" : -4.236068
    },
    "orientation" : 4
  }, {
    "shape" : "2a9bf249-ed27-411b-855a-c9eefd5be6e5",
    "color" : "#6C00C6",
    "position" : {
      "x" : -12.399187,
      "y" : -2.118034,
      "z" : -14.5172205
    },
    "orientation" : 4
  }, {
    "shape" : "2a9bf249-ed27-411b-855a-c9eefd5be6e5",
    "color" : "#6C00C6",
    "position" : {
      "x" : 12.399187,
      "y" : 2.118034,
      "z" : 14.5172205
    },
    "orientation" : 28
  }, {
    "shape" : "c1dceb9b-66f0-4550-a610-f43af1e8db03",
    "color" : "#F0A000",
    "position" : {
      "x" : -14.5172205,
      "y" : -9.781153,
      "z" : -4.736068
    },
    "orientation" : 1
  }, {
    "shape" : "c1dceb9b-66f0-4550-a610-f43af1e8db03",
    "color" : "#F0A000",
    "position" : {
      "x" : -6.854102,
      "y" : 17.944271,
      "z" : 0.0
    },
    "orientation" : 2
  }, {
    "shape" : "2a9bf249-ed27-411b-855a-c9eefd5be6e5",
    "color" : "#6C00C6",
    "position" : {
      "x" : 7.663119,
      "y" : -9.781153,
      "z" : -13.208204
    },
    "orientation" : 8
  }, {
    "shape" : "2a9bf249-ed27-411b-855a-c9eefd5be6e5",
    "color" : "#6C00C6",
    "position" : {
      "x" : 11.09017,
      "y" : -11.09017,
      "z" : -11.09017
    },
    "orientation" : 42
  }, {
    "shape" : "20ace5e6-472e-472c-8340-fc1be8bdf774",
    "color" : "#FFFFFF",
    "position" : {
      "x" : -16.635256,
      "y" : -6.354102,
      "z" : -3.427051
    }
  }, {
    "shape" : "20ace5e6-472e-472c-8340-fc1be8bdf774",
    "color" : "#FFFFFF",
    "position" : {
      "x" : 4.236068,
      "y" : 13.708204,
      "z" : 11.09017
    }
  }, {
    "shape" : "c1dceb9b-66f0-4550-a610-f43af1e8db03",
    "color" : "#F0A000",
    "position" : {
      "x" : -11.09017,
      "y" : 11.09017,
      "z" : 11.09017
    },
    "orientation" : 5
  }, {
    "shape" : "c1dceb9b-66f0-4550-a610-f43af1e8db03",
    "color" : "#F0A000",
    "position" : {
      "x" : 0.0,
      "y" : -6.854102,
      "z" : -17.944271
    },
    "orientation" : 5
  }, {
    "shape" : "c1dceb9b-66f0-4550-a610-f43af1e8db03",
    "color" : "#F0A000",
    "position" : {
      "x" : 13.208204,
      "y" : 0.809017,
      "z" : 12.399187
    },
    "orientation" : 1
  }, {
    "shape" : "20ace5e6-472e-472c-8340-fc1be8bdf774",
    "color" : "#FFFFFF",
    "position" : {
      "x" : 0.0,
      "y" : 17.944271,
      "z" : 2.618034
    }
  }, {
    "shape" : "c1dceb9b-66f0-4550-a610-f43af1e8db03",
    "color" : "#F0A000",
    "position" : {
      "x" : 0.0,
      "y" : 6.854102,
      "z" : -17.944271
    },
    "orientation" : 21
  }, {
    "shape" : "c1dceb9b-66f0-4550-a610-f43af1e8db03",
    "color" : "#F0A000",
    "position" : {
      "x" : 17.135256,
      "y" : 5.545085,
      "z" : 2.118034
    },
    "orientation" : 22
  }, {
    "shape" : "20ace5e6-472e-472c-8340-fc1be8bdf774",
    "color" : "#FFFFFF",
    "position" : {
      "x" : 13.208204,
      "y" : 0.809017,
      "z" : 12.399187
    }
  }, {
    "shape" : "20ace5e6-472e-472c-8340-fc1be8bdf774",
    "color" : "#FFFFFF",
    "position" : {
      "x" : 15.826238,
      "y" : -3.427051,
      "z" : 8.163119
    }
  }, {
    "shape" : "c1dceb9b-66f0-4550-a610-f43af1e8db03",
    "color" : "#F0A000",
    "position" : {
      "x" : 4.236068,
      "y" : 13.708204,
      "z" : 11.09017
    },
    "orientation" : 39
  }, {
    "shape" : "c1dceb9b-66f0-4550-a610-f43af1e8db03",
    "color" : "#F0A000",
    "position" : {
      "x" : -13.708204,
      "y" : 4.236068,
      "z" : 11.09017
    },
    "orientation" : 5
  }, {
    "shape" : "2a9bf249-ed27-411b-855a-c9eefd5be6e5",
    "color" : "#6C00C6",
    "position" : {
      "x" : -11.09017,
      "y" : 11.09017,
      "z" : -11.09017
    },
    "orientation" : 16
  }, {
    "shape" : "2a9bf249-ed27-411b-855a-c9eefd5be6e5",
    "color" : "#6C00C6",
    "position" : {
      "x" : -15.326238,
      "y" : -6.854102,
      "z" : -6.854102
    },
    "orientation" : 26
  }, {
    "shape" : "c1dceb9b-66f0-4550-a610-f43af1e8db03",
    "color" : "#F0A000",
    "position" : {
      "x" : 11.09017,
      "y" : -11.09017,
      "z" : -11.09017
    },
    "orientation" : 9
  }, {
    "shape" : "2a9bf249-ed27-411b-855a-c9eefd5be6e5",
    "color" : "#6C00C6",
    "position" : {
      "x" : 11.09017,
      "y" : 11.09017,
      "z" : 11.09017
    },
    "orientation" : 43
  }, {
    "shape" : "2a9bf249-ed27-411b-855a-c9eefd5be6e5",
    "color" : "#6C00C6",
    "position" : {
      "x" : -4.236068,
      "y" : -11.09017,
      "z" : -13.708204
    },
    "orientation" : 49
  }, {
    "shape" : "2a9bf249-ed27-411b-855a-c9eefd5be6e5",
    "color" : "#6C00C6",
    "position" : {
      "x" : 6.854102,
      "y" : -15.326238,
      "z" : -6.854102
    },
    "orientation" : 2
  }, {
    "shape" : "20ace5e6-472e-472c-8340-fc1be8bdf774",
    "color" : "#FFFFFF",
    "position" : {
      "x" : 0.0,
      "y" : -17.944271,
      "z" : -2.618034
    }
  }, {
    "shape" : "2a9bf249-ed27-411b-855a-c9eefd5be6e5",
    "color" : "#6C00C6",
    "position" : {
      "x" : 13.708204,
      "y" : -4.236068,
      "z" : -11.09017
    },
    "orientation" : 14
  }, {
    "shape" : "2a9bf249-ed27-411b-855a-c9eefd5be6e5",
    "color" : "#6C00C6",
    "position" : {
      "x" : 6.854102,
      "y" : 0.0,
      "z" : -17.944271
    },
    "orientation" : 30
  }, {
    "shape" : "2a9bf249-ed27-411b-855a-c9eefd5be6e5",
    "color" : "#6C00C6",
    "position" : {
      "x" : 16.635256,
      "y" : -8.972136,
      "z" : 3.427051
    },
    "orientation" : 35
  }, {
    "shape" : "2a9bf249-ed27-411b-855a-c9eefd5be6e5",
    "color" : "#6C00C6",
    "position" : {
      "x" : 4.236068,
      "y" : 11.09017,
      "z" : 13.708204
    },
    "orientation" : 43
  }, {
    "shape" : "20ace5e6-472e-472c-8340-fc1be8bdf774",
    "color" : "#FFFFFF",
    "position" : {
      "x" : 9.781153,
      "y" : 13.208204,
      "z" : 7.663119
    }
  }, {
    "shape" : "20ace5e6-472e-472c-8340-fc1be8bdf774",
    "color" : "#FFFFFF",
    "position" : {
      "x" : -13.208204,
      "y" : -7.663119,
      "z" : -9.781153
    }
  }, {
    "shape" : "2a9bf249-ed27-411b-855a-c9eefd5be6e5",
    "color" : "#6C00C6",
    "position" : {
      "x" : 4.236068,
      "y" : -11.09017,
      "z" : 13.708204
    },
    "orientation" : 4
  }, {
    "shape" : "20ace5e6-472e-472c-8340-fc1be8bdf774",
    "color" : "#FFFFFF",
    "position" : {
      "x" : -7.663119,
      "y" : 12.399187,
      "z" : -10.59017
    }
  }, {
    "shape" : "2a9bf249-ed27-411b-855a-c9eefd5be6e5",
    "color" : "#6C00C6",
    "position" : {
      "x" : -7.663119,
      "y" : 9.781153,
      "z" : 13.208204
    },
    "orientation" : 56
  }, {
    "shape" : "c1dceb9b-66f0-4550-a610-f43af1e8db03",
    "color" : "#F0A000",
    "position" : {
      "x" : -9.781153,
      "y" : 4.736068,
      "z" : 14.5172205
    },
    "orientation" : 8
  }, {
    "shape" : "2a9bf249-ed27-411b-855a-c9eefd5be6e5",
    "color" : "#6C00C6",
    "position" : {
      "x" : -3.427051,
      "y" : -16.635256,
      "z" : 8.972136
    },
    "orientation" : 7
  }, {
    "shape" : "c1dceb9b-66f0-4550-a610-f43af1e8db03",
    "color" : "#F0A000",
    "position" : {
      "x" : 3.427051,
      "y" : 16.635256,
      "z" : -8.972136
    },
    "orientation" : 19
  }, {
    "shape" : "2a9bf249-ed27-411b-855a-c9eefd5be6e5",
    "color" : "#6C00C6",
    "position" : {
      "x" : -13.708204,
      "y" : 4.236068,
      "z" : 11.09017
    },
    "orientation" : 50
  }, {
    "shape" : "20ace5e6-472e-472c-8340-fc1be8bdf774",
    "color" : "#FFFFFF",
    "position" : {
      "x" : 9.472136,
      "y" : 15.326238,
      "z" : 0.0
    }
  }, {
    "shape" : "2a9bf249-ed27-411b-855a-c9eefd5be6e5",
    "color" : "#6C00C6",
    "position" : {
      "x" : 3.427051,
      "y" : 16.635256,
      "z" : -8.972136
    },
    "orientation" : 18
  }, {
    "shape" : "c1dceb9b-66f0-4550-a610-f43af1e8db03",
    "color" : "#F0A000",
    "position" : {
      "x" : -12.399187,
      "y" : -2.118034,
      "z" : -14.5172205
    },
    "orientation" : 6
  }, {
    "shape" : "20ace5e6-472e-472c-8340-fc1be8bdf774",
    "color" : "#FFFFFF",
    "position" : {
      "x" : -6.854102,
      "y" : 15.326238,
      "z" : -6.854102
    }
  }, {
    "shape" : "20ace5e6-472e-472c-8340-fc1be8bdf774",
    "color" : "#FFFFFF",
    "position" : {
      "x" : -12.399187,
      "y" : -13.208204,
      "z" : -0.809017
    }
  }, {
    "shape" : "20ace5e6-472e-472c-8340-fc1be8bdf774",
    "color" : "#FFFFFF",
    "position" : {
      "x" : 12.399187,
      "y" : 13.208204,
      "z" : 0.809017
    }
  }, {
    "shape" : "20ace5e6-472e-472c-8340-fc1be8bdf774",
    "color" : "#FFFFFF",
    "position" : {
      "x" : -9.781153,
      "y" : 4.736068,
      "z" : 14.5172205
    }
  }, {
    "shape" : "2a9bf249-ed27-411b-855a-c9eefd5be6e5",
    "color" : "#6C00C6",
    "position" : {
      "x" : 0.0,
      "y" : -17.944271,
      "z" : -6.854102
    },
    "orientation" : 2
  }, {
    "shape" : "20ace5e6-472e-472c-8340-fc1be8bdf774",
    "color" : "#FFFFFF",
    "position" : {
      "x" : -15.826238,
      "y" : -3.427051,
      "z" : 8.163119
    }
  }, {
    "shape" : "2a9bf249-ed27-411b-855a-c9eefd5be6e5",
    "color" : "#6C00C6",
    "position" : {
      "x" : -16.635256,
      "y" : -8.972136,
      "z" : -3.427051
    },
    "orientation" : 20
  }, {
    "shape" : "c1dceb9b-66f0-4550-a610-f43af1e8db03",
    "color" : "#F0A000",
    "position" : {
      "x" : -4.236068,
      "y" : 13.708204,
      "z" : -11.09017
    },
    "orientation" : 24
  }, {
    "shape" : "20ace5e6-472e-472c-8340-fc1be8bdf774",
    "color" : "#FFFFFF",
    "position" : {
      "x" : 5.545085,
      "y" : -2.118034,
      "z" : -17.135256
    }
  }, {
    "shape" : "c1dceb9b-66f0-4550-a610-f43af1e8db03",
    "color" : "#F0A000",
    "position" : {
      "x" : -17.944271,
      "y" : 0.0,
      "z" : -6.854102
    },
    "orientation" : 6
  }, {
    "shape" : "20ace5e6-472e-472c-8340-fc1be8bdf774",
    "color" : "#FFFFFF",
    "position" : {
      "x" : 12.399187,
      "y" : 10.59017,
      "z" : 7.663119
    }
  }, {
    "shape" : "2a9bf249-ed27-411b-855a-c9eefd5be6e5",
    "color" : "#6C00C6",
    "position" : {
      "x" : -16.635256,
      "y" : -8.972136,
      "z" : 3.427051
    },
    "orientation" : 10
  }, {
    "shape" : "2a9bf249-ed27-411b-855a-c9eefd5be6e5",
    "color" : "#6C00C6",
    "position" : {
      "x" : 11.09017,
      "y" : 13.708204,
      "z" : 4.236068
    },
    "orientation" : 44
  }, {
    "shape" : "2a9bf249-ed27-411b-855a-c9eefd5be6e5",
    "color" : "#6C00C6",
    "position" : {
      "x" : 0.0,
      "y" : -17.944271,
      "z" : -2.618034
    },
    "orientation" : 11
  }, {
    "shape" : "2a9bf249-ed27-411b-855a-c9eefd5be6e5",
    "color" : "#6C00C6",
    "position" : {
      "x" : -8.972136,
      "y" : 3.427051,
      "z" : -16.635256
    },
    "orientation" : 38
  }, {
    "shape" : "20ace5e6-472e-472c-8340-fc1be8bdf774",
    "color" : "#FFFFFF",
    "position" : {
      "x" : 4.736068,
      "y" : -14.5172205,
      "z" : -9.781153
    }
  }, {
    "shape" : "2a9bf249-ed27-411b-855a-c9eefd5be6e5",
    "color" : "#6C00C6",
    "position" : {
      "x" : -6.854102,
      "y" : 17.944271,
      "z" : 0.0
    },
    "orientation" : 8
  }, {
    "shape" : "2a9bf249-ed27-411b-855a-c9eefd5be6e5",
    "color" : "#6C00C6",
    "position" : {
      "x" : 0.0,
      "y" : 9.472136,
      "z" : 15.326238
    },
    "orientation" : 15
  }, {
    "shape" : "20ace5e6-472e-472c-8340-fc1be8bdf774",
    "color" : "#FFFFFF",
    "position" : {
      "x" : -9.472136,
      "y" : 0.0,
      "z" : 15.326238
    }
  }, {
    "shape" : "c1dceb9b-66f0-4550-a610-f43af1e8db03",
    "color" : "#F0A000",
    "position" : {
      "x" : 6.854102,
      "y" : -17.944271,
      "z" : 0.0
    },
    "orientation" : 9
  }, {
    "shape" : "20ace5e6-472e-472c-8340-fc1be8bdf774",
    "color" : "#FFFFFF",
    "position" : {
      "x" : 3.427051,
      "y" : 8.163119,
      "z" : -15.826238
    }
  }, {
    "shape" : "2a9bf249-ed27-411b-855a-c9eefd5be6e5",
    "color" : "#6C00C6",
    "position" : {
      "x" : 8.972136,
      "y" : 3.427051,
      "z" : -16.635256
    },
    "orientation" : 4
  }, {
    "shape" : "c1dceb9b-66f0-4550-a610-f43af1e8db03",
    "color" : "#F0A000",
    "position" : {
      "x" : 11.09017,
      "y" : 11.09017,
      "z" : -11.09017
    },
    "orientation" : 7
  }, {
    "shape" : "20ace5e6-472e-472c-8340-fc1be8bdf774",
    "color" : "#FFFFFF",
    "position" : {
      "x" : 17.135256,
      "y" : 2.927051,
      "z" : -4.736068
    }
  }, {
    "shape" : "2a9bf249-ed27-411b-855a-c9eefd5be6e5",
    "color" : "#6C00C6",
    "position" : {
      "x" : -8.972136,
      "y" : 3.427051,
      "z" : -16.635256
    },
    "orientation" : 27
  }, {
    "shape" : "20ace5e6-472e-472c-8340-fc1be8bdf774",
    "color" : "#FFFFFF",
    "position" : {
      "x" : -0.809017,
      "y" : -12.399187,
      "z" : -13.208204
    }
  }, {
    "shape" : "2a9bf249-ed27-411b-855a-c9eefd5be6e5",
    "color" : "#6C00C6",
    "position" : {
      "x" : -3.427051,
      "y" : -16.635256,
      "z" : -8.972136
    },
    "orientation" : 48
  }, {
    "shape" : "20ace5e6-472e-472c-8340-fc1be8bdf774",
    "color" : "#FFFFFF",
    "position" : {
      "x" : -15.326238,
      "y" : 0.0,
      "z" : -9.472136
    }
  }, {
    "shape" : "c1dceb9b-66f0-4550-a610-f43af1e8db03",
    "color" : "#F0A000",
    "position" : {
      "x" : 6.854102,
      "y" : 6.854102,
      "z" : -15.326238
    },
    "orientation" : 21
  }, {
    "shape" : "c1dceb9b-66f0-4550-a610-f43af1e8db03",
    "color" : "#F0A000",
    "position" : {
      "x" : -17.944271,
      "y" : 0.0,
      "z" : -6.854102
    },
    "orientation" : 3
  }, {
    "shape" : "2a9bf249-ed27-411b-855a-c9eefd5be6e5",
    "color" : "#6C00C6",
    "position" : {
      "x" : -15.326238,
      "y" : -6.854102,
      "z" : -6.854102
    },
    "orientation" : 46
  }, {
    "shape" : "20ace5e6-472e-472c-8340-fc1be8bdf774",
    "color" : "#FFFFFF",
    "position" : {
      "x" : -4.736068,
      "y" : 17.135256,
      "z" : -2.927051
    }
  }, {
    "shape" : "2a9bf249-ed27-411b-855a-c9eefd5be6e5",
    "color" : "#6C00C6",
    "position" : {
      "x" : 8.972136,
      "y" : 3.427051,
      "z" : 16.635256
    },
    "orientation" : 54
  }, {
    "shape" : "c1dceb9b-66f0-4550-a610-f43af1e8db03",
    "color" : "#F0A000",
    "position" : {
      "x" : 11.09017,
      "y" : -11.09017,
      "z" : -11.09017
    },
    "orientation" : 30
  }, {
    "shape" : "2a9bf249-ed27-411b-855a-c9eefd5be6e5",
    "color" : "#6C00C6",
    "position" : {
      "x" : -16.635256,
      "y" : 8.972136,
      "z" : -3.427051
    },
    "orientation" : 25
  }, {
    "shape" : "c1dceb9b-66f0-4550-a610-f43af1e8db03",
    "color" : "#F0A000",
    "position" : {
      "x" : -12.399187,
      "y" : 2.118034,
      "z" : -14.5172205
    },
    "orientation" : 0
  }, {
    "shape" : "c1dceb9b-66f0-4550-a610-f43af1e8db03",
    "color" : "#F0A000",
    "position" : {
      "x" : 0.0,
      "y" : -6.854102,
      "z" : -17.944271
    },
    "orientation" : 39
  }, {
    "shape" : "2a9bf249-ed27-411b-855a-c9eefd5be6e5",
    "color" : "#6C00C6",
    "position" : {
      "x" : 14.5172205,
      "y" : 12.399187,
      "z" : -2.118034
    },
    "orientation" : 56
  }, {
    "shape" : "2a9bf249-ed27-411b-855a-c9eefd5be6e5",
    "color" : "#6C00C6",
    "position" : {
      "x" : 16.635256,
      "y" : -8.972136,
      "z" : -3.427051
    },
    "orientation" : 36
  }, {
    "shape" : "c1dceb9b-66f0-4550-a610-f43af1e8db03",
    "color" : "#F0A000",
    "position" : {
      "x" : -6.854102,
      "y" : 6.854102,
      "z" : -15.326238
    },
    "orientation" : 16
  }, {
    "shape" : "c1dceb9b-66f0-4550-a610-f43af1e8db03",
    "color" : "#F0A000",
    "position" : {
      "x" : 4.236068,
      "y" : 11.09017,
      "z" : -13.708204
    },
    "orientation" : 4
  }, {
    "shape" : "2a9bf249-ed27-411b-855a-c9eefd5be6e5",
    "color" : "#6C00C6",
    "position" : {
      "x" : 16.635256,
      "y" : 8.972136,
      "z" : 3.427051
    },
    "orientation" : 44
  }, {
    "shape" : "2a9bf249-ed27-411b-855a-c9eefd5be6e5",
    "color" : "#6C00C6",
    "position" : {
      "x" : -8.972136,
      "y" : -3.427051,
      "z" : 16.635256
    },
    "orientation" : 24
  }, {
    "shape" : "c1dceb9b-66f0-4550-a610-f43af1e8db03",
    "color" : "#F0A000",
    "position" : {
      "x" : -6.854102,
      "y" : 15.326238,
      "z" : 6.854102
    },
    "orientation" : 8
  }, {
    "shape" : "2a9bf249-ed27-411b-855a-c9eefd5be6e5",
    "color" : "#6C00C6",
    "position" : {
      "x" : 6.854102,
      "y" : 17.944271,
      "z" : 0.0
    },
    "orientation" : 21
  }, {
    "shape" : "2a9bf249-ed27-411b-855a-c9eefd5be6e5",
    "color" : "#6C00C6",
    "position" : {
      "x" : 9.781153,
      "y" : -13.208204,
      "z" : -7.663119
    },
    "orientation" : 52
  }, {
    "shape" : "2a9bf249-ed27-411b-855a-c9eefd5be6e5",
    "color" : "#6C00C6",
    "position" : {
      "x" : -15.326238,
      "y" : -6.854102,
      "z" : 6.854102
    },
    "orientation" : 8
  }, {
    "shape" : "20ace5e6-472e-472c-8340-fc1be8bdf774",
    "color" : "#FFFFFF",
    "position" : {
      "x" : 10.59017,
      "y" : 7.663119,
      "z" : 12.399187
    }
  }, {
    "shape" : "c1dceb9b-66f0-4550-a610-f43af1e8db03",
    "color" : "#F0A000",
    "position" : {
      "x" : -11.09017,
      "y" : 11.09017,
      "z" : 11.09017
    },
    "orientation" : 8
  }, {
    "shape" : "20ace5e6-472e-472c-8340-fc1be8bdf774",
    "color" : "#FFFFFF",
    "position" : {
      "x" : 17.135256,
      "y" : -2.927051,
      "z" : -4.736068
    }
  }, {
    "shape" : "2a9bf249-ed27-411b-855a-c9eefd5be6e5",
    "color" : "#6C00C6",
    "position" : {
      "x" : 16.635256,
      "y" : -8.972136,
      "z" : -3.427051
    },
    "orientation" : 59
  }, {
    "shape" : "2a9bf249-ed27-411b-855a-c9eefd5be6e5",
    "color" : "#6C00C6",
    "position" : {
      "x" : 0.0,
      "y" : -17.944271,
      "z" : -6.854102
    },
    "orientation" : 32
  }, {
    "shape" : "20ace5e6-472e-472c-8340-fc1be8bdf774",
    "color" : "#FFFFFF",
    "position" : {
      "x" : -0.809017,
      "y" : -12.399187,
      "z" : 13.208204
    }
  }, {
    "shape" : "2a9bf249-ed27-411b-855a-c9eefd5be6e5",
    "color" : "#6C00C6",
    "position" : {
      "x" : -4.236068,
      "y" : 11.09017,
      "z" : 13.708204
    },
    "orientation" : 34
  }, {
    "shape" : "2a9bf249-ed27-411b-855a-c9eefd5be6e5",
    "color" : "#6C00C6",
    "position" : {
      "x" : -12.399187,
      "y" : -2.118034,
      "z" : -14.5172205
    },
    "orientation" : 44
  }, {
    "shape" : "20ace5e6-472e-472c-8340-fc1be8bdf774",
    "color" : "#FFFFFF",
    "position" : {
      "x" : 11.09017,
      "y" : 4.236068,
      "z" : -13.708204
    }
  }, {
    "shape" : "c1dceb9b-66f0-4550-a610-f43af1e8db03",
    "color" : "#F0A000",
    "position" : {
      "x" : 2.118034,
      "y" : 14.5172205,
      "z" : 12.399187
    },
    "orientation" : 30
  }, {
    "shape" : "2a9bf249-ed27-411b-855a-c9eefd5be6e5",
    "color" : "#6C00C6",
    "position" : {
      "x" : -6.854102,
      "y" : 0.0,
      "z" : 17.944271
    },
