{
  "field" : "snubDodec",
  "symmetry" : "icosahedral",
  "orientations" : [ [ 1.0, 0.0, 0.0, 0.0, 0.0, 1.0, 0.0, 0.0, 0.0, 0.0, 1.0, 0.0, 0.0, 0.0, 0.0, 1.0 ], [ 0.0, 0.0, 1.0, 0.0, 1.0, 0.0, 0.0, 0.0, 0.0, 1.0, 0.0, 0.0, 0.0, 0.0, 0.0, 1.0 ], [ 0.0, 1.0, 0.0, 0.0, 0.0, 0.0, 1.0, 0.0, 1.0, 0.0, 0.0, 0.0, 0.0, 0.0, 0.0, 1.0 ], [ 0.809017, 0.309017, 0.5, 0.0, 0.309017, 0.5, -0.809017, 0.0, -0.5, 0.809017, 0.309017, 0.0, 0.0, 0.0, 0.0, 1.0 ], [ -0.5, 0.809017, 0.309017, 0.0, 0.809017, 0.309017, 0.5, 0.0, 0.309017, 0.5, -0.809017, 0.0, 0.0, 0.0, 0.0, 1.0 ], [ 0.309017, 0.5, -0.809017, 0.0, -0.5, 0.809017, 0.309017, 0.0, 0.809017, 0.309017, 0.5, 0.0, 0.0, 0.0, 0.0, 1.0 ], [ 0.5, 0.809017, 0.309017, 0.0, 0.809017, -0.309017, -0.5, 0.0, -0.309017, 0.5, -0.809017, 0.0, 0.0, 0.0, 0.0, 1.0 ], [ -0.309017, 0.5, -0.809017, 0.0, 0.5, 0.809017, 0.309017, 0.0, 0.809017, -0.309017, -0.5, 0.0, 0.0, 0.0, 0.0, 1.0 ], [ 0.809017, -0.309017, -0.5, 0.0, -0.309017, 0.5, -0.809017, 0.0, 0.5, 0.809017, 0.309017, 0.0, 0.0, 0.0, 0.0, 1.0 ], [ 0.5, 0.809017, -0.309017, 0.0, 0.809017, -0.309017, 0.5, 0.0, 0.309017, -0.5, -0.809017, 0.0, 0.0, 0.0, 0.0, 1.0 ], [ 0.309017, -0.5, -0.809017, 0.0, 0.5, 0.809017, -0.309017, 0.0, 0.809017, -0.309017, 0.5, 0.0, 0.0, 0.0, 0.0, 1.0 ], [ 0.809017, -0.309017, 0.5, 0.0, 0.309017, -0.5, -0.809017, 0.0, 0.5, 0.809017, -0.309017, 0.0, 0.0, 0.0, 0.0, 1.0 ], [ 0.809017, 0.309017, -0.5, 0.0, 0.309017, 0.5, 0.809017, 0.0, 0.5, -0.809017, 0.309017, 0.0, 0.0, 0.0, 0.0, 1.0 ], [ 0.5, -0.809017, 0.309017, 0.0, 0.809017, 0.309017, -0.5, 0.0, 0.309017, 0.5, 0.809017, 0.0, 0.0, 0.0, 0.0, 1.0 ], [ 0.309017, 0.5, 0.809017, 0.0, 0.5, -0.809017, 0.309017, 0.0, 0.809017, 0.309017, -0.5, 0.0, 0.0, 0.0, 0.0, 1.0 ], [ 1.0, 0.0, 0.0, 0.0, 0.0, -1.0, 0.0, 0.0, 0.0, 0.0, -1.0, 0.0, 0.0, 0.0, 0.0, 1.0 ], [ 0.0, 0.0, 1.0, 0.0, -1.0, 0.0, 0.0, 0.0, 0.0, -1.0, 0.0, 0.0, 0.0, 0.0, 0.0, 1.0 ], [ 0.0, 1.0, 0.0, 0.0, 0.0, 0.0, -1.0, 0.0, -1.0, 0.0, 0.0, 0.0, 0.0, 0.0, 0.0, 1.0 ], [ 0.809017, 0.309017, 0.5, 0.0, -0.309017, -0.5, 0.809017, 0.0, 0.5, -0.809017, -0.309017, 0.0, 0.0, 0.0, 0.0, 1.0 ], [ -0.5, 0.809017, 0.309017, 0.0, -0.809017, -0.309017, -0.5, 0.0, -0.309017, -0.5, 0.809017, 0.0, 0.0, 0.0, 0.0, 1.0 ], [ 0.309017, 0.5, -0.809017, 0.0, 0.5, -0.809017, -0.309017, 0.0, -0.809017, -0.309017, -0.5, 0.0, 0.0, 0.0, 0.0, 1.0 ], [ 0.5, 0.809017, 0.309017, 0.0, -0.809017, 0.309017, 0.5, 0.0, 0.309017, -0.5, 0.809017, 0.0, 0.0, 0.0, 0.0, 1.0 ], [ -0.309017, 0.5, -0.809017, 0.0, -0.5, -0.809017, -0.309017, 0.0, -0.809017, 0.309017, 0.5, 0.0, 0.0, 0.0, 0.0, 1.0 ], [ 0.809017, -0.309017, -0.5, 0.0, 0.309017, -0.5, 0.809017, 0.0, -0.5, -0.809017, -0.309017, 0.0, 0.0, 0.0, 0.0, 1.0 ], [ 0.5, 0.809017, -0.309017, 0.0, -0.809017, 0.309017, -0.5, 0.0, -0.309017, 0.5, 0.809017, 0.0, 0.0, 0.0, 0.0, 1.0 ], [ 0.309017, -0.5, -0.809017, 0.0, -0.5, -0.809017, 0.309017, 0.0, -0.809017, 0.309017, -0.5, 0.0, 0.0, 0.0, 0.0, 1.0 ], [ 0.809017, -0.309017, 0.5, 0.0, -0.309017, 0.5, 0.809017, 0.0, -0.5, -0.809017, 0.309017, 0.0, 0.0, 0.0, 0.0, 1.0 ], [ 0.809017, 0.309017, -0.5, 0.0, -0.309017, -0.5, -0.809017, 0.0, -0.5, 0.809017, -0.309017, 0.0, 0.0, 0.0, 0.0, 1.0 ], [ 0.5, -0.809017, 0.309017, 0.0, -0.809017, -0.309017, 0.5, 0.0, -0.309017, -0.5, -0.809017, 0.0, 0.0, 0.0, 0.0, 1.0 ], [ 0.309017, 0.5, 0.809017, 0.0, -0.5, 0.809017, -0.309017, 0.0, -0.809017, -0.309017, 0.5, 0.0, 0.0, 0.0, 0.0, 1.0 ], [ -1.0, 0.0, 0.0, 0.0, 0.0, -1.0, 0.0, 0.0, 0.0, 0.0, 1.0, 0.0, 0.0, 0.0, 0.0, 1.0 ], [ 0.0, 0.0, -1.0, 0.0, -1.0, 0.0, 0.0, 0.0, 0.0, 1.0, 0.0, 0.0, 0.0, 0.0, 0.0, 1.0 ], [ 0.0, -1.0, 0.0, 0.0, 0.0, 0.0, -1.0, 0.0, 1.0, 0.0, 0.0, 0.0, 0.0, 0.0, 0.0, 1.0 ], [ -0.809017, -0.309017, -0.5, 0.0, -0.309017, -0.5, 0.809017, 0.0, -0.5, 0.809017, 0.309017, 0.0, 0.0, 0.0, 0.0, 1.0 ], [ 0.5, -0.809017, -0.309017, 0.0, -0.809017, -0.309017, -0.5, 0.0, 0.309017, 0.5, -0.809017, 0.0, 0.0, 0.0, 0.0, 1.0 ], [ -0.309017, -0.5, 0.809017, 0.0, 0.5, -0.809017, -0.309017, 0.0, 0.809017, 0.309017, 0.5, 0.0, 0.0, 0.0, 0.0, 1.0 ], [ -0.5, -0.809017, -0.309017, 0.0, -0.809017, 0.309017, 0.5, 0.0, -0.309017, 0.5, -0.809017, 0.0, 0.0, 0.0, 0.0, 1.0 ], [ 0.309017, -0.5, 0.809017, 0.0, -0.5, -0.809017, -0.309017, 0.0, 0.809017, -0.309017, -0.5, 0.0, 0.0, 0.0, 0.0, 1.0 ], [ -0.809017, 0.309017, 0.5, 0.0, 0.309017, -0.5, 0.809017, 0.0, 0.5, 0.809017, 0.309017, 0.0, 0.0, 0.0, 0.0, 1.0 ], [ -0.5, -0.809017, 0.309017, 0.0, -0.809017, 0.309017, -0.5, 0.0, 0.309017, -0.5, -0.809017, 0.0, 0.0, 0.0, 0.0, 1.0 ], [ -0.309017, 0.5, 0.809017, 0.0, -0.5, -0.809017, 0.309017, 0.0, 0.809017, -0.309017, 0.5, 0.0, 0.0, 0.0, 0.0, 1.0 ], [ -0.809017, 0.309017, -0.5, 0.0, -0.309017, 0.5, 0.809017, 0.0, 0.5, 0.809017, -0.309017, 0.0, 0.0, 0.0, 0.0, 1.0 ], [ -0.809017, -0.309017, 0.5, 0.0, -0.309017, -0.5, -0.809017, 0.0, 0.5, -0.809017, 0.309017, 0.0, 0.0, 0.0, 0.0, 1.0 ], [ -0.5, 0.809017, -0.309017, 0.0, -0.809017, -0.309017, 0.5, 0.0, 0.309017, 0.5, 0.809017, 0.0, 0.0, 0.0, 0.0, 1.0 ], [ -0.309017, -0.5, -0.809017, 0.0, -0.5, 0.809017, -0.309017, 0.0, 0.809017, 0.309017, -0.5, 0.0, 0.0, 0.0, 0.0, 1.0 ], [ -1.0, 0.0, 0.0, 0.0, 0.0, 1.0, 0.0, 0.0, 0.0, 0.0, -1.0, 0.0, 0.0, 0.0, 0.0, 1.0 ], [ 0.0, 0.0, -1.0, 0.0, 1.0, 0.0, 0.0, 0.0, 0.0, -1.0, 0.0, 0.0, 0.0, 0.0, 0.0, 1.0 ], [ 0.0, -1.0, 0.0, 0.0, 0.0, 0.0, 1.0, 0.0, -1.0, 0.0, 0.0, 0.0, 0.0, 0.0, 0.0, 1.0 ], [ -0.809017, -0.309017, -0.5, 0.0, 0.309017, 0.5, -0.809017, 0.0, 0.5, -0.809017, -0.309017, 0.0, 0.0, 0.0, 0.0, 1.0 ], [ 0.5, -0.809017, -0.309017, 0.0, 0.809017, 0.309017, 0.5, 0.0, -0.309017, -0.5, 0.809017, 0.0, 0.0, 0.0, 0.0, 1.0 ], [ -0.309017, -0.5, 0.809017, 0.0, -0.5, 0.809017, 0.309017, 0.0, -0.809017, -0.309017, -0.5, 0.0, 0.0, 0.0, 0.0, 1.0 ], [ -0.5, -0.809017, -0.309017, 0.0, 0.809017, -0.309017, -0.5, 0.0, 0.309017, -0.5, 0.809017, 0.0, 0.0, 0.0, 0.0, 1.0 ], [ 0.309017, -0.5, 0.809017, 0.0, 0.5, 0.809017, 0.309017, 0.0, -0.809017, 0.309017, 0.5, 0.0, 0.0, 0.0, 0.0, 1.0 ], [ -0.809017, 0.309017, 0.5, 0.0, -0.309017, 0.5, -0.809017, 0.0, -0.5, -0.809017, -0.309017, 0.0, 0.0, 0.0, 0.0, 1.0 ], [ -0.5, -0.809017, 0.309017, 0.0, 0.809017, -0.309017, 0.5, 0.0, -0.309017, 0.5, 0.809017, 0.0, 0.0, 0.0, 0.0, 1.0 ], [ -0.309017, 0.5, 0.809017, 0.0, 0.5, 0.809017, -0.309017, 0.0, -0.809017, 0.309017, -0.5, 0.0, 0.0, 0.0, 0.0, 1.0 ], [ -0.809017, 0.309017, -0.5, 0.0, 0.309017, -0.5, -0.809017, 0.0, -0.5, -0.809017, 0.309017, 0.0, 0.0, 0.0, 0.0, 1.0 ], [ -0.809017, -0.309017, 0.5, 0.0, 0.309017, 0.5, 0.809017, 0.0, -0.5, 0.809017, -0.309017, 0.0, 0.0, 0.0, 0.0, 1.0 ], [ -0.5, 0.809017, -0.309017, 0.0, 0.809017, 0.309017, -0.5, 0.0, -0.309017, -0.5, -0.809017, 0.0, 0.0, 0.0, 0.0, 1.0 ], [ -0.309017, -0.5, -0.809017, 0.0, 0.5, -0.809017, 0.309017, 0.0, -0.809017, -0.309017, 0.5, 0.0, 0.0, 0.0, 0.0, 1.0 ] ],
  "lights" : {
    "backgroundColor" : "#AFC8DC",
    "ambientColor" : "#292929",
    "directionalLights" : [ {
      "direction" : {
        "x" : 1.0,
        "y" : -1.0,
        "z" : -1.0
      },
      "color" : "#EBEBE4"
    }, {
      "direction" : {
        "x" : -1.0,
        "y" : 0.0,
        "z" : 0.0
      },
      "color" : "#E4E4EB"
    }, {
      "direction" : {
        "x" : 0.0,
        "y" : 0.0,
        "z" : -1.0
      },
      "color" : "#1E1E1E"
    } ]
  },
  "camera" : {
    "width" : 108.89413,
    "stereo" : false,
    "lookDirection" : {
      "x" : -0.8506508,
      "y" : 0.5257311,
      "z" : 0.0
    },
    "upDirection" : {
      "x" : -0.4253254,
      "y" : -0.68819094,
      "z" : -0.58778524
    },
    "lookAtPoint" : {
      "x" : 0.0,
      "y" : 0.0,
      "z" : 0.0
    },
    "perspective" : false,
    "viewDistance" : 241.98589,
    "nearClipDistance" : 0.6049653,
    "farClipDistance" : 483.973,
    "fieldOfView" : 0.44263077,
    "position" : {
      "x" : 205.84549,
      "y" : -127.219505,
      "z" : 0.0
    }
  },
  "embedding" : [ 1.0, 0.0, 0.0, 0.0, 0.0, 1.0, 0.0, 0.0, 0.0, 0.0, 1.0, 0.0, 0.0, 0.0, 0.0, 1.0 ],
  "shapes" : [ {
    "id" : "a676c7dc-f553-490c-9ab9-4178fbfb88ae",
    "vertices" : [ {
      "x" : 0.4705936,
      "y" : 0.3456986,
      "z" : 2.8219845
    }, {
      "x" : 0.07059362,
      "y" : 0.4456986,
      "z" : 2.9219847
    }, {
      "x" : -0.04948053,
      "y" : 0.33567667,
      "z" : 0.6183862
    }, {
      "x" : 0.35051948,
      "y" : 0.23567668,
      "z" : 0.5183862
    }, {
      "x" : 0.20392695,
      "y" : 0.7456986,
      "z" : 2.6886513
    }, {
      "x" : 0.60392696,
      "y" : 0.6456986,
      "z" : 2.5886512
    }, {
      "x" : 0.21718614,
      "y" : -0.06432332,
      "z" : 0.75171953
    }, {
      "x" : -0.18281387,
      "y" : 0.035676684,
      "z" : 0.85171956
    } ],
    "faces" : [ {
      "vertices" : [ 2, 3, 6 ]
    }, {
      "vertices" : [ 2, 6, 7 ]
    }, {
      "vertices" : [ 0, 5, 4 ]
    }, {
      "vertices" : [ 0, 4, 1 ]
    }, {
      "vertices" : [ 2, 4, 5 ]
    }, {
      "vertices" : [ 2, 5, 3 ]
    }, {
      "vertices" : [ 0, 6, 3 ]
    }, {
      "vertices" : [ 0, 3, 5 ]
    }, {
      "vertices" : [ 0, 1, 7 ]
    }, {
      "vertices" : [ 0, 7, 6 ]
    }, {
      "vertices" : [ 1, 4, 2 ]
    }, {
      "vertices" : [ 1, 2, 7 ]
    } ]
  }, {
    "id" : "5a7fff64-8237-4c91-8775-f8b47f0c62fb",
    "vertices" : [ {
      "x" : -2.301476,
      "y" : -4.2267013,
      "z" : -1.5177435
    }, {
      "x" : -2.201476,
      "y" : -4.1267014,
      "z" : -1.9177434
    }, {
      "x" : -0.4091357,
      "y" : -0.35597095,
      "z" : -0.4963691
    }, {
      "x" : -0.5091357,
      "y" : -0.45597094,
      "z" : -0.09636909
    }, {
      "x" : -2.501476,
      "y" : -3.8933682,
      "z" : -2.051077
    }, {
      "x" : -2.6014762,
      "y" : -3.9933681,
      "z" : -1.6510768
    }, {
      "x" : -0.20913571,
      "y" : -0.6893043,
      "z" : 0.03696424
    }, {
      "x" : -0.10913571,
      "y" : -0.58930427,
      "z" : -0.36303577
    } ],
    "faces" : [ {
      "vertices" : [ 2, 3, 6 ]
    }, {
      "vertices" : [ 2, 6, 7 ]
    }, {
      "vertices" : [ 0, 5, 4 ]
    }, {
      "vertices" : [ 0, 4, 1 ]
    }, {
      "vertices" : [ 2, 4, 5 ]
    }, {
      "vertices" : [ 2, 5, 3 ]
    }, {
      "vertices" : [ 0, 6, 3 ]
    }, {
      "vertices" : [ 0, 3, 5 ]
    }, {
      "vertices" : [ 0, 1, 7 ]
    }, {
      "vertices" : [ 0, 7, 6 ]
    }, {
      "vertices" : [ 1, 4, 2 ]
    }, {
      "vertices" : [ 1, 2, 7 ]
    } ]
  }, {
    "id" : "dc2fd821-db8b-47fb-a09b-96d5cb3708f4",
    "vertices" : [ {
      "x" : 0.309017,
      "y" : -0.309017,
      "z" : -0.309017
    }, {
      "x" : 0.5,
      "y" : 0.0,
      "z" : -0.19098301
    }, {
      "x" : 0.5,
      "y" : 0.0,
      "z" : 0.19098301
    }, {
      "x" : 0.309017,
      "y" : -0.309017,
      "z" : 0.309017
    }, {
      "x" : 0.19098301,
      "y" : -0.5,
      "z" : 0.0
    }, {
      "x" : 0.0,
      "y" : 0.19098301,
      "z" : 0.5
    }, {
      "x" : 0.0,
      "y" : -0.19098301,
      "z" : 0.5
    }, {
      "x" : 0.309017,
      "y" : 0.309017,
      "z" : 0.309017
    }, {
      "x" : -0.309017,
      "y" : -0.309017,
      "z" : 0.309017
    }, {
      "x" : -0.309017,
      "y" : 0.309017,
      "z" : 0.309017
    }, {
      "x" : -0.5,
      "y" : 0.0,
      "z" : 0.19098301
    }, {
      "x" : 0.0,
      "y" : -0.19098301,
      "z" : -0.5
    }, {
      "x" : 0.0,
      "y" : 0.19098301,
      "z" : -0.5
    }, {
      "x" : 0.309017,
      "y" : 0.309017,
      "z" : -0.309017
    }, {
      "x" : -0.309017,
      "y" : -0.309017,
      "z" : -0.309017
    }, {
      "x" : -0.19098301,
      "y" : -0.5,
      "z" : 0.0
    }, {
      "x" : -0.5,
      "y" : 0.0,
      "z" : -0.19098301
    }, {
      "x" : 0.19098301,
      "y" : 0.5,
      "z" : 0.0
    }, {
      "x" : -0.309017,
      "y" : 0.309017,
      "z" : -0.309017
    }, {
      "x" : 0.0,
      "y" : 0.0,
      "z" : 0.0
    }, {
      "x" : -0.19098301,
      "y" : 0.5,
      "z" : 0.0
    } ],
    "faces" : [ {
      "vertices" : [ 12, 18, 20 ]
    }, {
      "vertices" : [ 12, 20, 17 ]
    }, {
      "vertices" : [ 12, 17, 13 ]
    }, {
      "vertices" : [ 3, 6, 8 ]
    }, {
      "vertices" : [ 3, 8, 15 ]
    }, {
      "vertices" : [ 3, 15, 4 ]
    }, {
      "vertices" : [ 0, 11, 12 ]
    }, {
      "vertices" : [ 0, 12, 13 ]
    }, {
      "vertices" : [ 0, 13, 1 ]
    }, {
      "vertices" : [ 5, 9, 10 ]
    }, {
      "vertices" : [ 5, 10, 8 ]
    }, {
      "vertices" : [ 5, 8, 6 ]
    }, {
      "vertices" : [ 2, 7, 5 ]
    }, {
      "vertices" : [ 2, 5, 6 ]
    }, {
      "vertices" : [ 2, 6, 3 ]
    }, {
      "vertices" : [ 11, 14, 16 ]
    }, {
      "vertices" : [ 11, 16, 18 ]
    }, {
      "vertices" : [ 11, 18, 12 ]
    }, {
      "vertices" : [ 1, 13, 17 ]
    }, {
      "vertices" : [ 1, 17, 7 ]
    }, {
      "vertices" : [ 1, 7, 2 ]
    }, {
      "vertices" : [ 9, 20, 18 ]
    }, {
      "vertices" : [ 9, 18, 16 ]
    }, {
      "vertices" : [ 9, 16, 10 ]
    }, {
      "vertices" : [ 0, 1, 2 ]
    }, {
      "vertices" : [ 0, 2, 3 ]
    }, {
      "vertices" : [ 0, 3, 4 ]
    }, {
      "vertices" : [ 5, 7, 17 ]
    }, {
      "vertices" : [ 5, 17, 20 ]
    }, {
      "vertices" : [ 5, 20, 9 ]
    }, {
      "vertices" : [ 0, 4, 15 ]
    }, {
      "vertices" : [ 0, 15, 14 ]
    }, {
      "vertices" : [ 0, 14, 11 ]
    }, {
      "vertices" : [ 8, 10, 16 ]
    }, {
      "vertices" : [ 8, 16, 14 ]
    }, {
      "vertices" : [ 8, 14, 15 ]
    } ]
  }, {
    "id" : "1eda7ba4-0479-4243-800b-487d1b5e3770",
    "vertices" : [ {
      "x" : -1.7680223,
      "y" : -5.8603945,
      "z" : -1.4612182
    }, {
      "x" : -1.6680223,
      "y" : -5.760394,
      "z" : -1.8612182
    }, {
      "x" : -0.2991045,
      "y" : -0.44020346,
      "z" : -0.45083454
    }, {
      "x" : -0.39910454,
      "y" : -0.54020345,
      "z" : -0.050834544
    }, {
      "x" : -1.9680222,
      "y" : -5.527061,
      "z" : -1.9945515
    }, {
      "x" : -2.0680223,
      "y" : -5.627061,
      "z" : -1.5945516
    }, {
      "x" : -0.09910452,
      "y" : -0.7735368,
      "z" : 0.08249879
    }, {
      "x" : 8.954776E-4,
      "y" : -0.6735368,
      "z" : -0.31750122
    } ],
    "faces" : [ {
      "vertices" : [ 2, 3, 6 ]
    }, {
      "vertices" : [ 2, 6, 7 ]
    }, {
      "vertices" : [ 0, 5, 4 ]
    }, {
      "vertices" : [ 0, 4, 1 ]
    }, {
      "vertices" : [ 2, 4, 5 ]
    }, {
      "vertices" : [ 2, 5, 3 ]
    }, {
      "vertices" : [ 0, 6, 3 ]
    }, {
      "vertices" : [ 0, 3, 5 ]
    }, {
      "vertices" : [ 0, 1, 7 ]
    }, {
      "vertices" : [ 0, 7, 6 ]
    }, {
      "vertices" : [ 1, 4, 2 ]
    }, {
      "vertices" : [ 1, 2, 7 ]
    } ]
  }, {
    "id" : "81ce7d2c-ad2e-43fd-aa4e-439235d21951",
    "vertices" : [ {
      "x" : 1.0,
      "y" : 0.309017,
      "z" : 0.19098301
    }, {
      "x" : 1.0,
      "y" : -0.309017,
      "z" : 0.19098301
    }, {
      "x" : 5.472136,
      "y" : -0.309017,
      "z" : 0.19098301
    }, {
      "x" : 5.472136,
      "y" : 0.309017,
      "z" : 0.19098301
    }, {
      "x" : 5.472136,
      "y" : -0.309017,
      "z" : -0.19098301
    }, {
      "x" : 5.472136,
      "y" : 0.309017,
      "z" : -0.19098301
    }, {
      "x" : 6.09017,
      "y" : 0.0,
      "z" : 0.0
    }, {
      "x" : 0.38196602,
      "y" : 0.0,
      "z" : 0.0
    }, {
      "x" : 1.0,
      "y" : 0.309017,
      "z" : -0.19098301
    }, {
      "x" : 1.0,
      "y" : -0.309017,
      "z" : -0.19098301
    }, {
      "x" : 6.472136,
      "y" : 0.0,
      "z" : 0.0
    } ],
    "faces" : [ {
      "vertices" : [ 1, 9, 4 ]
    }, {
      "vertices" : [ 1, 4, 2 ]
    }, {
      "vertices" : [ 0, 3, 5 ]
    }, {
      "vertices" : [ 0, 5, 8 ]
    }, {
      "vertices" : [ 1, 7, 9 ]
    }, {
      "vertices" : [ 0, 1, 2 ]
    }, {
      "vertices" : [ 0, 2, 3 ]
    }, {
      "vertices" : [ 7, 8, 9 ]
    }, {
      "vertices" : [ 0, 7, 1 ]
    }, {
      "vertices" : [ 4, 9, 8 ]
    }, {
      "vertices" : [ 4, 8, 5 ]
    }, {
      "vertices" : [ 2, 6, 3 ]
    }, {
      "vertices" : [ 2, 4, 6 ]
    }, {
      "vertices" : [ 3, 6, 5 ]
    }, {
      "vertices" : [ 4, 5, 6 ]
    }, {
      "vertices" : [ 0, 8, 7 ]
    } ]
  }, {
    "id" : "3a8f032f-756f-49b4-a0e1-ceb2bd942daf",
    "vertices" : [ {
      "x" : 1.0,
      "y" : 0.309017,
      "z" : 0.19098301
    }, {
      "x" : 1.0,
      "y" : -0.309017,
      "z" : 0.19098301
    }, {
      "x" : 17.277605,
      "y" : -0.309017,
      "z" : 0.19098301
    }, {
      "x" : 17.277605,
      "y" : 0.309017,
      "z" : 0.19098301
    }, {
      "x" : 17.277605,
      "y" : -0.309017,
      "z" : -0.19098301
    }, {
      "x" : 17.277605,
      "y" : 0.309017,
      "z" : -0.19098301
    }, {
      "x" : 17.89564,
      "y" : 0.0,
      "z" : 0.0
    }, {
      "x" : 0.38196602,
      "y" : 0.0,
      "z" : 0.0
    }, {
      "x" : 1.0,
      "y" : 0.309017,
      "z" : -0.19098301
    }, {
      "x" : 1.0,
      "y" : -0.309017,
      "z" : -0.19098301
    }, {
      "x" : 18.277605,
      "y" : 0.0,
      "z" : 0.0
    } ],
    "faces" : [ {
      "vertices" : [ 1, 9, 4 ]
    }, {
      "vertices" : [ 1, 4, 2 ]
    }, {
      "vertices" : [ 0, 3, 5 ]
    }, {
      "vertices" : [ 0, 5, 8 ]
    }, {
      "vertices" : [ 1, 7, 9 ]
    }, {
      "vertices" : [ 0, 1, 2 ]
    }, {
      "vertices" : [ 0, 2, 3 ]
    }, {
      "vertices" : [ 7, 8, 9 ]
    }, {
      "vertices" : [ 0, 7, 1 ]
    }, {
      "vertices" : [ 4, 9, 8 ]
    }, {
      "vertices" : [ 4, 8, 5 ]
    }, {
      "vertices" : [ 2, 6, 3 ]
    }, {
      "vertices" : [ 2, 4, 6 ]
    }, {
      "vertices" : [ 3, 6, 5 ]
    }, {
      "vertices" : [ 4, 5, 6 ]
    }, {
      "vertices" : [ 0, 8, 7 ]
    } ]
  }, {
    "id" : "30cc8a3e-7c48-4efb-8a70-0af7c67ccd9d",
    "vertices" : [ {
      "x" : 3.086472,
      "y" : -0.4043581,
      "z" : -2.1780427
    }, {
      "x" : 3.1864722,
      "y" : -0.004358085,
      "z" : -2.2780426
    }, {
      "x" : 0.46370056,
      "y" : 0.08573336,
      "z" : -0.6176547
    }, {
      "x" : 0.36370054,
      "y" : -0.31426662,
      "z" : -0.51765466
    }, {
      "x" : 2.9531388,
      "y" : -0.13769142,
      "z" : -2.5780425
    }, {
      "x" : 2.8531387,
      "y" : -0.5376914,
      "z" : -2.4780426
    }, {
      "x" : 0.59703386,
      "y" : -0.1809333,
      "z" : -0.21765466
    }, {
      "x" : 0.6970339,
      "y" : 0.2190667,
      "z" : -0.31765467
    } ],
    "faces" : [ {
      "vertices" : [ 2, 3, 6 ]
    }, {
      "vertices" : [ 2, 6, 7 ]
    }, {
      "vertices" : [ 0, 5, 4 ]
    }, {
      "vertices" : [ 0, 4, 1 ]
    }, {
      "vertices" : [ 2, 4, 5 ]
    }, {
      "vertices" : [ 2, 5, 3 ]
    }, {
      "vertices" : [ 0, 6, 3 ]
    }, {
      "vertices" : [ 0, 3, 5 ]
    }, {
      "vertices" : [ 0, 1, 7 ]
    }, {
      "vertices" : [ 0, 7, 6 ]
    }, {
      "vertices" : [ 1, 4, 2 ]
    }, {
      "vertices" : [ 1, 2, 7 ]
    } ]
  }, {
    "id" : "9c2a236f-5eae-40fc-8b03-acfa80853b41",
    "vertices" : [ {
      "x" : 1.1519688,
      "y" : 1.448187,
      "z" : 8.388621
    }, {
      "x" : 0.7519689,
      "y" : 1.548187,
      "z" : 8.488622
    }, {
      "x" : -0.04948053,
      "y" : 0.33567667,
      "z" : 0.6183862
    }, {
      "x" : 0.35051948,
      "y" : 0.23567668,
      "z" : 0.5183862
    }, {
      "x" : 0.88530225,
      "y" : 1.848187,
      "z" : 8.255288
    }, {
      "x" : 1.2853023,
      "y" : 1.748187,
      "z" : 8.155288
    }, {
      "x" : 0.21718614,
      "y" : -0.06432332,
      "z" : 0.75171953
    }, {
      "x" : -0.18281387,
      "y" : 0.035676684,
      "z" : 0.85171956
    } ],
    "faces" : [ {
      "vertices" : [ 2, 3, 6 ]
    }, {
      "vertices" : [ 2, 6, 7 ]
    }, {
      "vertices" : [ 0, 5, 4 ]
    }, {
      "vertices" : [ 0, 4, 1 ]
    }, {
      "vertices" : [ 2, 4, 5 ]
    }, {
      "vertices" : [ 2, 5, 3 ]
    }, {
      "vertices" : [ 0, 6, 3 ]
    }, {
      "vertices" : [ 0, 3, 5 ]
    }, {
      "vertices" : [ 0, 1, 7 ]
    }, {
      "vertices" : [ 0, 7, 6 ]
    }, {
      "vertices" : [ 1, 4, 2 ]
    }, {
      "vertices" : [ 1, 2, 7 ]
    } ]
  }, {
    "id" : "866fba3f-4e38-42c7-bdf5-16a780cd6fe8",
    "vertices" : [ {
      "x" : -0.06488702,
      "y" : -5.7761927,
      "z" : -6.374413
    }, {
      "x" : -0.46488702,
      "y" : -5.6761928,
      "z" : -6.274413
    }, {
      "x" : -0.293551,
      "y" : -0.5764762,
      "z" : -0.33669388
    }, {
      "x" : 0.106449015,
      "y" : -0.67647624,
      "z" : -0.43669388
    }, {
      "x" : -0.59822035,
      "y" : -5.9761925,
      "z" : -6.0410795
    }, {
      "x" : -0.19822036,
      "y" : -6.076193,
      "z" : -6.14108
    }, {
      "x" : 0.23978235,
      "y" : -0.37647623,
      "z" : -0.6700272
    }, {
      "x" : -0.16021766,
      "y" : -0.27647623,
      "z" : -0.57002723
    } ],
    "faces" : [ {
      "vertices" : [ 2, 3, 6 ]
    }, {
      "vertices" : [ 2, 6, 7 ]
    }, {
      "vertices" : [ 0, 5, 4 ]
    }, {
      "vertices" : [ 0, 4, 1 ]
    }, {
      "vertices" : [ 2, 4, 5 ]
    }, {
      "vertices" : [ 2, 5, 3 ]
    }, {
      "vertices" : [ 0, 6, 3 ]
    }, {
      "vertices" : [ 0, 3, 5 ]
    }, {
      "vertices" : [ 0, 1, 7 ]
    }, {
      "vertices" : [ 0, 7, 6 ]
    }, {
      "vertices" : [ 1, 4, 2 ]
    }, {
      "vertices" : [ 1, 2, 7 ]
    } ]
  }, {
    "id" : "446eed59-9c61-4be1-ab7f-27f8a119749c",
    "vertices" : [ {
      "x" : 1.0,
      "y" : 0.309017,
      "z" : 0.19098301
    }, {
      "x" : 1.0,
      "y" : -0.309017,
      "z" : 0.19098301
    }, {
      "x" : 1.0,
      "y" : -0.309017,
      "z" : 0.19098301
    }, {
      "x" : 1.0,
      "y" : 0.309017,
      "z" : 0.19098301
    }, {
      "x" : 1.0,
      "y" : -0.309017,
      "z" : -0.19098301
    }, {
      "x" : 1.0,
      "y" : 0.309017,
      "z" : -0.19098301
    }, {
      "x" : 1.618034,
      "y" : 0.0,
      "z" : 0.0
    }, {
      "x" : 0.38196602,
      "y" : 0.0,
      "z" : 0.0
    }, {
      "x" : 1.0,
      "y" : 0.309017,
      "z" : -0.19098301
    }, {
      "x" : 1.0,
      "y" : -0.309017,
      "z" : -0.19098301
    }, {
      "x" : 2.0,
      "y" : 0.0,
      "z" : 0.0
    } ],
    "faces" : [ {
      "vertices" : [ 1, 9, 4 ]
    }, {
      "vertices" : [ 1, 4, 2 ]
    }, {
      "vertices" : [ 0, 3, 5 ]
    }, {
      "vertices" : [ 0, 5, 8 ]
    }, {
      "vertices" : [ 1, 7, 9 ]
    }, {
      "vertices" : [ 0, 1, 2 ]
    }, {
      "vertices" : [ 0, 2, 3 ]
    }, {
      "vertices" : [ 7, 8, 9 ]
    }, {
      "vertices" : [ 0, 7, 1 ]
    }, {
      "vertices" : [ 4, 9, 8 ]
    }, {
      "vertices" : [ 4, 8, 5 ]
    }, {
      "vertices" : [ 2, 6, 3 ]
    }, {
      "vertices" : [ 2, 4, 6 ]
    }, {
      "vertices" : [ 3, 6, 5 ]
    }, {
      "vertices" : [ 4, 5, 6 ]
    }, {
      "vertices" : [ 0, 8, 7 ]
    } ]
  }, {
    "id" : "51fe75eb-a808-4115-9bb8-d4286c1aa05a",
    "vertices" : [ {
      "x" : 9.743104,
      "y" : -3.160667,
      "z" : -2.6120977
    }, {
      "x" : 9.643104,
      "y" : -3.060667,
      "z" : -3.0120978
    }, {
      "x" : 0.4373181,
      "y" : -0.30564988,
      "z" : -0.44823
    }, {
      "x" : 0.53731805,
      "y" : -0.40564987,
      "z" : -0.048229996
    }, {
      "x" : 9.40977,
      "y" : -3.360667,
      "z" : -3.145431
    }, {
      "x" : 9.50977,
      "y" : -3.460667,
      "z" : -2.7454312
    }, {
      "x" : 0.7706514,
      "y" : -0.10564988,
      "z" : 0.08510333
    }, {
      "x" : 0.67065144,
      "y" : -0.005649878,
      "z" : -0.31489667
    } ],
    "faces" : [ {
      "vertices" : [ 2, 3, 6 ]
    }, {
      "vertices" : [ 2, 6, 7 ]
    }, {
      "vertices" : [ 0, 5, 4 ]
    }, {
      "vertices" : [ 0, 4, 1 ]
    }, {
      "vertices" : [ 2, 4, 5 ]
    }, {
      "vertices" : [ 2, 5, 3 ]
    }, {
      "vertices" : [ 0, 6, 3 ]
    }, {
      "vertices" : [ 0, 3, 5 ]
    }, {
      "vertices" : [ 0, 1, 7 ]
    }, {
      "vertices" : [ 0, 7, 6 ]
    }, {
      "vertices" : [ 1, 4, 2 ]
    }, {
      "vertices" : [ 1, 2, 7 ]
    } ]
  }, {
    "id" : "c052b771-1210-42fe-bb31-9a3a2f5b27f2",
    "vertices" : [ {
      "x" : 0.15663984,
      "y" : -1.8500273,
      "z" : -2.2267208
    }, {
      "x" : -0.24336015,
      "y" : -1.7500274,
      "z" : -2.126721
    }, {
      "x" : -0.293551,
      "y" : -0.5764762,
      "z" : -0.33669388
    }, {
      "x" : 0.106449015,
      "y" : -0.67647624,
      "z" : -0.43669388
    }, {
      "x" : -0.3766935,
      "y" : -2.0500274,
      "z" : -1.8933876
    }, {
      "x" : 0.023306519,
      "y" : -2.1500273,
      "z" : -1.9933876
    }, {
      "x" : 0.23978235,
      "y" : -0.37647623,
      "z" : -0.6700272
    }, {
      "x" : -0.16021766,
      "y" : -0.27647623,
      "z" : -0.57002723
    } ],
    "faces" : [ {
      "vertices" : [ 2, 3, 6 ]
    }, {
      "vertices" : [ 2, 6, 7 ]
    }, {
      "vertices" : [ 0, 5, 4 ]
    }, {
      "vertices" : [ 0, 4, 1 ]
    }, {
      "vertices" : [ 2, 4, 5 ]
    }, {
      "vertices" : [ 2, 5, 3 ]
    }, {
      "vertices" : [ 0, 6, 3 ]
    }, {
      "vertices" : [ 0, 3, 5 ]
    }, {
      "vertices" : [ 0, 1, 7 ]
    }, {
      "vertices" : [ 0, 7, 6 ]
    }, {
      "vertices" : [ 1, 4, 2 ]
    }, {
      "vertices" : [ 1, 2, 7 ]
    } ]
  }, {
    "id" : "9ab35f1e-5c02-4299-8cda-736436db8bd1",
    "vertices" : [ {
      "x" : 1.0954915,
      "y" : 0.1545085,
      "z" : 0.059016995
    }, {
      "x" : 1.4635255,
      "y" : 0.25,
      "z" : -0.4045085
    }, {
      "x" : 1.0954915,
      "y" : 0.1545085,
      "z" : 0.059016995
    }, {
      "x" : 0.9045085,
      "y" : 0.4635255,
      "z" : -0.440983
    }, {
      "x" : 0.9045085,
      "y" : 0.4635255,
      "z" : -0.440983
    }, {
      "x" : 0.9045085,
      "y" : -0.1545085,
      "z" : -0.059016995
    }, {
      "x" : 0.9045085,
      "y" : -0.1545085,
      "z" : -0.059016995
    }, {
      "x" : 0.7135255,
      "y" : 0.1545085,
      "z" : -0.559017
    }, {
      "x" : 1.809017,
      "y" : 0.309017,
      "z" : -0.5
    }, {
      "x" : 0.3454915,
      "y" : 0.059016995,
      "z" : -0.095491506
    }, {
      "x" : 0.7135255,
      "y" : 0.1545085,
      "z" : -0.559017
    } ],
    "faces" : [ {
      "vertices" : [ 2, 9, 6 ]
    }, {
      "vertices" : [ 0, 1, 3 ]
    }, {
      "vertices" : [ 0, 5, 1 ]
    }, {
      "vertices" : [ 4, 10, 9 ]
    }, {
      "vertices" : [ 3, 7, 10 ]
    }, {
      "vertices" : [ 3, 10, 4 ]
    }, {
      "vertices" : [ 0, 3, 4 ]
    }, {
      "vertices" : [ 0, 4, 2 ]
    }, {
      "vertices" : [ 6, 9, 10 ]
    }, {
      "vertices" : [ 1, 7, 3 ]
    }, {
      "vertices" : [ 5, 6, 10 ]
    }, {
      "vertices" : [ 5, 10, 7 ]
    }, {
      "vertices" : [ 0, 2, 6 ]
    }, {
      "vertices" : [ 0, 6, 5 ]
    }, {
      "vertices" : [ 1, 5, 7 ]
    }, {
      "vertices" : [ 2, 4, 9 ]
    } ]
  }, {
    "id" : "46396eb4-80a1-4209-8f4d-042325b1df41",
    "vertices" : [ {
      "x" : 3.927051,
      "y" : 1.5,
      "z" : -0.572949
    }, {
      "x" : 3.545085,
      "y" : 1.045085,
      "z" : -0.38196602
    }, {
      "x" : 3.381966,
      "y" : 1.309017,
      "z" : -0.809017
    }, {
      "x" : 3.309017,
      "y" : 1.572949,
      "z" : -0.618034
    }, {
      "x" : 0.85410196,
      "y" : 0.309017,
      "z" : 0.19098301
    }, {
      "x" : 0.690983,
      "y" : 0.572949,
      "z" : -0.23606798
    }, {
      "x" : 0.309017,
      "y" : 0.11803399,
      "z" : -0.045084972
    }, {
      "x" : 0.76393205,
      "y" : 0.309017,
      "z" : -0.42705098
    }, {
      "x" : 0.927051,
      "y" : 0.045084972,
      "z" : 0.0
    }, {
      "x" : 3.472136,
      "y" : 1.309017,
      "z" : -0.19098301
    }, {
      "x" : 4.236068,
      "y" : 1.618034,
      "z" : -0.618034
    } ],
    "faces" : [ {
      "vertices" : [ 2, 7, 5 ]
    }, {
      "vertices" : [ 2, 5, 3 ]
    }, {
      "vertices" : [ 1, 8, 7 ]
    }, {
      "vertices" : [ 1, 7, 2 ]
    }, {
      "vertices" : [ 4, 6, 8 ]
    }, {
      "vertices" : [ 5, 7, 6 ]
    }, {
      "vertices" : [ 0, 1, 2 ]
    }, {
      "vertices" : [ 0, 2, 3 ]
    }, {
      "vertices" : [ 6, 7, 8 ]
    }, {
      "vertices" : [ 3, 5, 4 ]
    }, {
      "vertices" : [ 3, 4, 9 ]
    }, {
      "vertices" : [ 1, 9, 4 ]
    }, {
      "vertices" : [ 1, 4, 8 ]
    }, {
      "vertices" : [ 0, 9, 1 ]
    }, {
      "vertices" : [ 0, 3, 9 ]
    }, {
      "vertices" : [ 4, 5, 6 ]
    } ]
  } ],
  "instances" : [ {
    "shape" : "a676c7dc-f553-490c-9ab9-4178fbfb88ae",
    "color" : "#BB3930",
    "position" : {
      "x" : -4.9992657,
      "y" : 2.5727618,
      "z" : -5.1361766
    },
    "orientation" : 55
  }, {
    "shape" : "5a7fff64-8237-4c91-8775-f8b47f0c62fb",
    "color" : "#FFFFFF",
    "position" : {
      "x" : -13.708204,
      "y" : 3.236068,
      "z" : 3.236068
    },
    "orientation" : 17
  }, {
    "shape" : "a676c7dc-f553-490c-9ab9-4178fbfb88ae",
    "color" : "#BB3930",
    "position" : {
      "x" : 2.0053904,
      "y" : -2.2714295,
      "z" : -6.986493
    },
    "orientation" : 47
  }, {
    "shape" : "dc2fd821-db8b-47fb-a09b-96d5cb3708f4",
    "color" : "#FFFFFF",
    "position" : {
      "x" : -2.2714295,
      "y" : 6.986493,
      "z" : -2.0053904
    }
  }, {
    "shape" : "1eda7ba4-0479-4243-800b-487d1b5e3770",
    "color" : "#FFFFFF",
    "position" : {
      "x" : 1.1689411,
      "y" : -7.407606,
      "z" : 1.3240153
    },
    "orientation" : 45
  }, {
    "shape" : "81ce7d2c-ad2e-43fd-aa4e-439235d21951",
    "color" : "#007695",
    "position" : {
      "x" : -8.472136,
      "y" : 5.236068,
      "z" : 10.472136
    },
    "orientation" : 6
  }, {
    "shape" : "3a8f032f-756f-49b4-a0e1-ceb2bd942daf",
    "color" : "#007695",
    "position" : {
      "x" : 0.0,
      "y" : 29.573786,
      "z" : 0.0
    },
    "orientation" : 53
  }, {
    "shape" : "5a7fff64-8237-4c91-8775-f8b47f0c62fb",
    "color" : "#FFFFFF",
    "position" : {
      "x" : 0.0,
      "y" : -8.472136,
      "z" : -11.708204
    },
    "orientation" : 41
  }, {
    "shape" : "dc2fd821-db8b-47fb-a09b-96d5cb3708f4",
    "color" : "#FFFFFF",
    "position" : {
      "x" : -1.618034,
      "y" : -2.618034,
      "z" : -1.0
    }
  }, {
    "shape" : "81ce7d2c-ad2e-43fd-aa4e-439235d21951",
    "color" : "#007695",
    "position" : {
      "x" : -10.472136,
      "y" : 8.472136,
      "z" : 5.236068
    },
    "orientation" : 37
  }, {
    "shape" : "1eda7ba4-0479-4243-800b-487d1b5e3770",
    "color" : "#FFFFFF",
    "position" : {
      "x" : -6.986493,
      "y" : 2.0053904,
      "z" : -2.2714295
    },
    "orientation" : 6
  }, {
    "shape" : "dc2fd821-db8b-47fb-a09b-96d5cb3708f4",
    "color" : "#FFFFFF",
    "position" : {
      "x" : 9.82865,
      "y" : -10.470213,
      "z" : 7.735578
    }
  }, {
    "shape" : "dc2fd821-db8b-47fb-a09b-96d5cb3708f4",
    "color" : "#FFFFFF",
    "position" : {
      "x" : -13.708204,
      "y" : 3.236068,
      "z" : -3.236068
    }
  }, {
    "shape" : "81ce7d2c-ad2e-43fd-aa4e-439235d21951",
    "color" : "#007695",
    "position" : {
      "x" : 8.472136,
      "y" : 11.708204,
      "z" : 0.0
    },
    "orientation" : 25
  }, {
    "shape" : "a676c7dc-f553-490c-9ab9-4178fbfb88ae",
    "color" : "#BB3930",
    "position" : {
      "x" : 6.1682067,
      "y" : 0.68137527,
      "z" : -4.413731
    },
    "orientation" : 27
  }, {
    "shape" : "30cc8a3e-7c48-4efb-8a70-0af7c67ccd9d",
    "color" : "#FFFFFF",
    "position" : {
      "x" : 0.0,
      "y" : 3.236068,
      "z" : 0.0
    },
    "orientation" : 58
  }, {
    "shape" : "30cc8a3e-7c48-4efb-8a70-0af7c67ccd9d",
    "color" : "#FFFFFF",
    "position" : {
      "x" : 1.618034,
      "y" : 2.618034,
      "z" : -1.0
    },
    "orientation" : 3
  }, {
    "shape" : "9c2a236f-5eae-40fc-8b03-acfa80853b41",
    "color" : "#BB3930",
    "position" : {
      "x" : 15.230549,
      "y" : 10.201895,
      "z" : 7.8380666
    },
    "orientation" : 53
  }, {
    "shape" : "81ce7d2c-ad2e-43fd-aa4e-439235d21951",
    "color" : "#007695",
    "position" : {
      "x" : -13.708204,
      "y" : -3.236068,
      "z" : -3.236068
    },
    "orientation" : 2
  }, {
    "shape" : "dc2fd821-db8b-47fb-a09b-96d5cb3708f4",
    "color" : "#FFFFFF",
    "position" : {
      "x" : -13.708204,
      "y" : -3.236068,
      "z" : -3.236068
    }
  }, {
    "shape" : "dc2fd821-db8b-47fb-a09b-96d5cb3708f4",
    "color" : "#FFFFFF",
    "position" : {
      "x" : 0.0,
      "y" : 0.0,
      "z" : -29.573786
    }
  }, {
    "shape" : "866fba3f-4e38-42c7-bdf5-16a780cd6fe8",
    "color" : "#57BC30",
    "position" : {
      "x" : -18.290876,
      "y" : 5.2501807,
      "z" : 5.9466796
    },
    "orientation" : 57
  }, {
    "shape" : "866fba3f-4e38-42c7-bdf5-16a780cd6fe8",
    "color" : "#57BC30",
    "position" : {
      "x" : -1.7838637,
      "y" : -11.555298,
      "z" : 16.148575
    },
    "orientation" : 34
  }, {
    "shape" : "dc2fd821-db8b-47fb-a09b-96d5cb3708f4",
    "color" : "#FFFFFF",
    "position" : {
      "x" : -9.138803,
      "y" : -14.786893,
      "z" : -23.925695
    }
  }, {
    "shape" : "30cc8a3e-7c48-4efb-8a70-0af7c67ccd9d",
    "color" : "#FFFFFF",
    "position" : {
      "x" : -1.618034,
      "y" : 2.618034,
      "z" : -1.0
    },
    "orientation" : 51
  }, {
    "shape" : "dc2fd821-db8b-47fb-a09b-96d5cb3708f4",
    "color" : "#FFFFFF",
    "position" : {
      "x" : 14.786893,
      "y" : 23.925695,
      "z" : -9.138803
    }
  }, {
    "shape" : "3a8f032f-756f-49b4-a0e1-ceb2bd942daf",
    "color" : "#007695",
    "position" : {
      "x" : 23.925695,
      "y" : 9.138803,
      "z" : -14.786893
    },
    "orientation" : 37
  }, {
    "shape" : "dc2fd821-db8b-47fb-a09b-96d5cb3708f4",
    "color" : "#FFFFFF",
    "position" : {
      "x" : 1.0,
      "y" : 1.618034,
      "z" : 2.618034
    }
  }, {
    "shape" : "dc2fd821-db8b-47fb-a09b-96d5cb3708f4",
    "color" : "#FFFFFF",
    "position" : {
      "x" : 2.618034,
      "y" : -1.0,
      "z" : 1.618034
    }
  }, {
    "shape" : "dc2fd821-db8b-47fb-a09b-96d5cb3708f4",
    "color" : "#FFFFFF",
    "position" : {
      "x" : 1.1689411,
      "y" : 7.407606,
      "z" : -1.3240153
    }
  }, {
    "shape" : "dc2fd821-db8b-47fb-a09b-96d5cb3708f4",
    "color" : "#FFFFFF",
    "position" : {
      "x" : 6.735578,
      "y" : 13.446685,
      "z" : -13.088247
    }
  }, {
    "shape" : "dc2fd821-db8b-47fb-a09b-96d5cb3708f4",
    "color" : "#FFFFFF",
    "position" : {
      "x" : 16.148575,
      "y" : 1.7838637,
      "z" : 11.555298
    }
  }, {
    "shape" : "dc2fd821-db8b-47fb-a09b-96d5cb3708f4",
    "color" : "#FFFFFF",
    "position" : {
      "x" : 0.0,
      "y" : -8.472136,
      "z" : 11.708204
    }
  }, {
    "shape" : "30cc8a3e-7c48-4efb-8a70-0af7c67ccd9d",
    "color" : "#FFFFFF",
    "position" : {
      "x" : -1.0,
      "y" : -1.618034,
      "z" : 2.618034
    },
    "orientation" : 37
  }, {
    "shape" : "3a8f032f-756f-49b4-a0e1-ceb2bd942daf",
    "color" : "#007695",
    "position" : {
      "x" : 23.925695,
      "y" : -9.138803,
      "z" : -14.786893
    },
    "orientation" : 39
  }, {
    "shape" : "dc2fd821-db8b-47fb-a09b-96d5cb3708f4",
    "color" : "#FFFFFF",
    "position" : {
      "x" : -3.236068,
      "y" : 3.236068,
      "z" : 13.708204
    }
  }, {
    "shape" : "5a7fff64-8237-4c91-8775-f8b47f0c62fb",
    "color" : "#FFFFFF",
    "position" : {
      "x" : -5.236068,
      "y" : 10.472136,
      "z" : 8.472136
    },
    "orientation" : 20
  }, {
    "shape" : "a676c7dc-f553-490c-9ab9-4178fbfb88ae",
    "color" : "#BB3930",
    "position" : {
      "x" : -1.1689411,
      "y" : 7.407606,
      "z" : 1.3240153
    },
    "orientation" : 51
  }, {
    "shape" : "446eed59-9c61-4be1-ab7f-27f8a119749c",
    "color" : "#007695",
    "position" : {
      "x" : 0.0,
      "y" : 0.0,
      "z" : -3.236068
    },
    "orientation" : 51
  }, {
    "shape" : "1eda7ba4-0479-4243-800b-487d1b5e3770",
    "color" : "#FFFFFF",
    "position" : {
      "x" : 2.0053904,
      "y" : 2.2714295,
      "z" : 6.986493
    },
    "orientation" : 23
  }, {
    "shape" : "446eed59-9c61-4be1-ab7f-27f8a119749c",
    "color" : "#007695",
    "position" : {
      "x" : -1.0,
      "y" : -1.618034,
      "z" : 2.618034
    },
    "orientation" : 0
  }, {
    "shape" : "a676c7dc-f553-490c-9ab9-4178fbfb88ae",
    "color" : "#BB3930",
    "position" : {
      "x" : -2.993875,
      "y" : -5.817552,
      "z" : -3.8967772
    },
    "orientation" : 50
  }, {
    "shape" : "51fe75eb-a808-4115-9bb8-d4286c1aa05a",
    "color" : "#FFFFFF",
    "position" : {
      "x" : -3.466317,
      "y" : -3.0603278,
      "z" : 19.393364
    },
    "orientation" : 32
  }, {
    "shape" : "dc2fd821-db8b-47fb-a09b-96d5cb3708f4",
    "color" : "#FFFFFF",
    "position" : {
      "x" : 7.8380666,
      "y" : 15.230549,
      "z" : 10.201895
    }
  }, {
    "shape" : "30cc8a3e-7c48-4efb-8a70-0af7c67ccd9d",
    "color" : "#FFFFFF",
    "position" : {
      "x" : -1.0,
      "y" : -1.618034,
      "z" : -2.618034
    },
    "orientation" : 47
  }, {
    "shape" : "81ce7d2c-ad2e-43fd-aa4e-439235d21951",
    "color" : "#007695",
    "position" : {
      "x" : -8.472136,
      "y" : -5.236068,
      "z" : -10.472136
    },
    "orientation" : 21
  }, {
    "shape" : "9c2a236f-5eae-40fc-8b03-acfa80853b41",
    "color" : "#BB3930",
    "position" : {
      "x" : -3.466317,
      "y" : -3.0603278,
      "z" : 19.393364
    },
    "orientation" : 47
  }, {
    "shape" : "81ce7d2c-ad2e-43fd-aa4e-439235d21951",
    "color" : "#007695",
    "position" : {
      "x" : 3.236068,
      "y" : -13.708204,
      "z" : 3.236068
    },
    "orientation" : 45
  }, {
    "shape" : "5a7fff64-8237-4c91-8775-f8b47f0c62fb",
    "color" : "#FFFFFF",
    "position" : {
      "x" : 8.472136,
      "y" : 5.236068,
      "z" : -10.472136
    },
    "orientation" : 33
  }, {
    "shape" : "a676c7dc-f553-490c-9ab9-4178fbfb88ae",
    "color" : "#BB3930",
    "position" : {
      "x" : 2.5727618,
      "y" : -5.1361766,
      "z" : -4.9992657
    },
    "orientation" : 24
  }, {
    "shape" : "9c2a236f-5eae-40fc-8b03-acfa80853b41",
    "color" : "#BB3930",
    "position" : {
      "x" : 7.8380666,
      "y" : 15.230549,
      "z" : 10.201895
    },
    "orientation" : 36
  }, {
    "shape" : "81ce7d2c-ad2e-43fd-aa4e-439235d21951",
    "color" : "#007695",
    "position" : {
      "x" : 3.236068,
      "y" : 13.708204,
      "z" : 3.236068
    },
    "orientation" : 45
  }, {
    "shape" : "dc2fd821-db8b-47fb-a09b-96d5cb3708f4",
    "color" : "#FFFFFF",
    "position" : {
      "x" : -13.708204,
      "y" : -3.236068,
      "z" : 3.236068
    }
  }, {
    "shape" : "81ce7d2c-ad2e-43fd-aa4e-439235d21951",
    "color" : "#007695",
    "position" : {
      "x" : 8.472136,
      "y" : 5.236068,
      "z" : -10.472136
    },
    "orientation" : 53
  }, {
    "shape" : "81ce7d2c-ad2e-43fd-aa4e-439235d21951",
    "color" : "#007695",
    "position" : {
      "x" : -3.236068,
      "y" : -3.236068,
      "z" : -13.708204
    },
    "orientation" : 1
  }, {
    "shape" : "446eed59-9c61-4be1-ab7f-27f8a119749c",
    "color" : "#007695",
    "position" : {
      "x" : 0.0,
      "y" : 0.0,
      "z" : 3.236068
    },
    "orientation" : 36
  }, {
    "shape" : "866fba3f-4e38-42c7-bdf5-16a780cd6fe8",
    "color" : "#57BC30",
    "position" : {
      "x" : -11.555298,
      "y" : 16.148575,
      "z" : -1.7838637
    },
    "orientation" : 48
  }, {
    "shape" : "dc2fd821-db8b-47fb-a09b-96d5cb3708f4",
    "color" : "#FFFFFF",
    "position" : {
      "x" : 16.148575,
      "y" : -1.7838637,
      "z" : -11.555298
    }
  }, {
    "shape" : "446eed59-9c61-4be1-ab7f-27f8a119749c",
    "color" : "#007695",
    "position" : {
      "x" : 2.618034,
      "y" : 1.0,
      "z" : 1.618034
    },
    "orientation" : 16
  }, {
    "shape" : "dc2fd821-db8b-47fb-a09b-96d5cb3708f4",
    "color" : "#FFFFFF",
