{
  "polygons" : "true",
  "field" : "golden",
  "symmetry" : "icosahedral",
  "orientations" : [ [ 1.0, 0.0, 0.0, 0.0, 0.0, 1.0, 0.0, 0.0, 0.0, 0.0, 1.0, 0.0, 0.0, 0.0, 0.0, 1.0 ], [ 0.0, 0.0, 1.0, 0.0, 1.0, 0.0, 0.0, 0.0, 0.0, 1.0, 0.0, 0.0, 0.0, 0.0, 0.0, 1.0 ], [ 0.0, 1.0, 0.0, 0.0, 0.0, 0.0, 1.0, 0.0, 1.0, 0.0, 0.0, 0.0, 0.0, 0.0, 0.0, 1.0 ], [ 0.809017, 0.309017, 0.5, 0.0, 0.309017, 0.5, -0.809017, 0.0, -0.5, 0.809017, 0.309017, 0.0, 0.0, 0.0, 0.0, 1.0 ], [ -0.5, 0.809017, 0.309017, 0.0, 0.809017, 0.309017, 0.5, 0.0, 0.309017, 0.5, -0.809017, 0.0, 0.0, 0.0, 0.0, 1.0 ], [ 0.309017, 0.5, -0.809017, 0.0, -0.5, 0.809017, 0.309017, 0.0, 0.809017, 0.309017, 0.5, 0.0, 0.0, 0.0, 0.0, 1.0 ], [ 0.5, 0.809017, 0.309017, 0.0, 0.809017, -0.309017, -0.5, 0.0, -0.309017, 0.5, -0.809017, 0.0, 0.0, 0.0, 0.0, 1.0 ], [ -0.309017, 0.5, -0.809017, 0.0, 0.5, 0.809017, 0.309017, 0.0, 0.809017, -0.309017, -0.5, 0.0, 0.0, 0.0, 0.0, 1.0 ], [ 0.809017, -0.309017, -0.5, 0.0, -0.309017, 0.5, -0.809017, 0.0, 0.5, 0.809017, 0.309017, 0.0, 0.0, 0.0, 0.0, 1.0 ], [ 0.5, 0.809017, -0.309017, 0.0, 0.809017, -0.309017, 0.5, 0.0, 0.309017, -0.5, -0.809017, 0.0, 0.0, 0.0, 0.0, 1.0 ], [ 0.309017, -0.5, -0.809017, 0.0, 0.5, 0.809017, -0.309017, 0.0, 0.809017, -0.309017, 0.5, 0.0, 0.0, 0.0, 0.0, 1.0 ], [ 0.809017, -0.309017, 0.5, 0.0, 0.309017, -0.5, -0.809017, 0.0, 0.5, 0.809017, -0.309017, 0.0, 0.0, 0.0, 0.0, 1.0 ], [ 0.809017, 0.309017, -0.5, 0.0, 0.309017, 0.5, 0.809017, 0.0, 0.5, -0.809017, 0.309017, 0.0, 0.0, 0.0, 0.0, 1.0 ], [ 0.5, -0.809017, 0.309017, 0.0, 0.809017, 0.309017, -0.5, 0.0, 0.309017, 0.5, 0.809017, 0.0, 0.0, 0.0, 0.0, 1.0 ], [ 0.309017, 0.5, 0.809017, 0.0, 0.5, -0.809017, 0.309017, 0.0, 0.809017, 0.309017, -0.5, 0.0, 0.0, 0.0, 0.0, 1.0 ], [ 1.0, 0.0, 0.0, 0.0, 0.0, -1.0, 0.0, 0.0, 0.0, 0.0, -1.0, 0.0, 0.0, 0.0, 0.0, 1.0 ], [ 0.0, 0.0, 1.0, 0.0, -1.0, 0.0, 0.0, 0.0, 0.0, -1.0, 0.0, 0.0, 0.0, 0.0, 0.0, 1.0 ], [ 0.0, 1.0, 0.0, 0.0, 0.0, 0.0, -1.0, 0.0, -1.0, 0.0, 0.0, 0.0, 0.0, 0.0, 0.0, 1.0 ], [ 0.809017, 0.309017, 0.5, 0.0, -0.309017, -0.5, 0.809017, 0.0, 0.5, -0.809017, -0.309017, 0.0, 0.0, 0.0, 0.0, 1.0 ], [ -0.5, 0.809017, 0.309017, 0.0, -0.809017, -0.309017, -0.5, 0.0, -0.309017, -0.5, 0.809017, 0.0, 0.0, 0.0, 0.0, 1.0 ], [ 0.309017, 0.5, -0.809017, 0.0, 0.5, -0.809017, -0.309017, 0.0, -0.809017, -0.309017, -0.5, 0.0, 0.0, 0.0, 0.0, 1.0 ], [ 0.5, 0.809017, 0.309017, 0.0, -0.809017, 0.309017, 0.5, 0.0, 0.309017, -0.5, 0.809017, 0.0, 0.0, 0.0, 0.0, 1.0 ], [ -0.309017, 0.5, -0.809017, 0.0, -0.5, -0.809017, -0.309017, 0.0, -0.809017, 0.309017, 0.5, 0.0, 0.0, 0.0, 0.0, 1.0 ], [ 0.809017, -0.309017, -0.5, 0.0, 0.309017, -0.5, 0.809017, 0.0, -0.5, -0.809017, -0.309017, 0.0, 0.0, 0.0, 0.0, 1.0 ], [ 0.5, 0.809017, -0.309017, 0.0, -0.809017, 0.309017, -0.5, 0.0, -0.309017, 0.5, 0.809017, 0.0, 0.0, 0.0, 0.0, 1.0 ], [ 0.309017, -0.5, -0.809017, 0.0, -0.5, -0.809017, 0.309017, 0.0, -0.809017, 0.309017, -0.5, 0.0, 0.0, 0.0, 0.0, 1.0 ], [ 0.809017, -0.309017, 0.5, 0.0, -0.309017, 0.5, 0.809017, 0.0, -0.5, -0.809017, 0.309017, 0.0, 0.0, 0.0, 0.0, 1.0 ], [ 0.809017, 0.309017, -0.5, 0.0, -0.309017, -0.5, -0.809017, 0.0, -0.5, 0.809017, -0.309017, 0.0, 0.0, 0.0, 0.0, 1.0 ], [ 0.5, -0.809017, 0.309017, 0.0, -0.809017, -0.309017, 0.5, 0.0, -0.309017, -0.5, -0.809017, 0.0, 0.0, 0.0, 0.0, 1.0 ], [ 0.309017, 0.5, 0.809017, 0.0, -0.5, 0.809017, -0.309017, 0.0, -0.809017, -0.309017, 0.5, 0.0, 0.0, 0.0, 0.0, 1.0 ], [ -1.0, 0.0, 0.0, 0.0, 0.0, -1.0, 0.0, 0.0, 0.0, 0.0, 1.0, 0.0, 0.0, 0.0, 0.0, 1.0 ], [ 0.0, 0.0, -1.0, 0.0, -1.0, 0.0, 0.0, 0.0, 0.0, 1.0, 0.0, 0.0, 0.0, 0.0, 0.0, 1.0 ], [ 0.0, -1.0, 0.0, 0.0, 0.0, 0.0, -1.0, 0.0, 1.0, 0.0, 0.0, 0.0, 0.0, 0.0, 0.0, 1.0 ], [ -0.809017, -0.309017, -0.5, 0.0, -0.309017, -0.5, 0.809017, 0.0, -0.5, 0.809017, 0.309017, 0.0, 0.0, 0.0, 0.0, 1.0 ], [ 0.5, -0.809017, -0.309017, 0.0, -0.809017, -0.309017, -0.5, 0.0, 0.309017, 0.5, -0.809017, 0.0, 0.0, 0.0, 0.0, 1.0 ], [ -0.309017, -0.5, 0.809017, 0.0, 0.5, -0.809017, -0.309017, 0.0, 0.809017, 0.309017, 0.5, 0.0, 0.0, 0.0, 0.0, 1.0 ], [ -0.5, -0.809017, -0.309017, 0.0, -0.809017, 0.309017, 0.5, 0.0, -0.309017, 0.5, -0.809017, 0.0, 0.0, 0.0, 0.0, 1.0 ], [ 0.309017, -0.5, 0.809017, 0.0, -0.5, -0.809017, -0.309017, 0.0, 0.809017, -0.309017, -0.5, 0.0, 0.0, 0.0, 0.0, 1.0 ], [ -0.809017, 0.309017, 0.5, 0.0, 0.309017, -0.5, 0.809017, 0.0, 0.5, 0.809017, 0.309017, 0.0, 0.0, 0.0, 0.0, 1.0 ], [ -0.5, -0.809017, 0.309017, 0.0, -0.809017, 0.309017, -0.5, 0.0, 0.309017, -0.5, -0.809017, 0.0, 0.0, 0.0, 0.0, 1.0 ], [ -0.309017, 0.5, 0.809017, 0.0, -0.5, -0.809017, 0.309017, 0.0, 0.809017, -0.309017, 0.5, 0.0, 0.0, 0.0, 0.0, 1.0 ], [ -0.809017, 0.309017, -0.5, 0.0, -0.309017, 0.5, 0.809017, 0.0, 0.5, 0.809017, -0.309017, 0.0, 0.0, 0.0, 0.0, 1.0 ], [ -0.809017, -0.309017, 0.5, 0.0, -0.309017, -0.5, -0.809017, 0.0, 0.5, -0.809017, 0.309017, 0.0, 0.0, 0.0, 0.0, 1.0 ], [ -0.5, 0.809017, -0.309017, 0.0, -0.809017, -0.309017, 0.5, 0.0, 0.309017, 0.5, 0.809017, 0.0, 0.0, 0.0, 0.0, 1.0 ], [ -0.309017, -0.5, -0.809017, 0.0, -0.5, 0.809017, -0.309017, 0.0, 0.809017, 0.309017, -0.5, 0.0, 0.0, 0.0, 0.0, 1.0 ], [ -1.0, 0.0, 0.0, 0.0, 0.0, 1.0, 0.0, 0.0, 0.0, 0.0, -1.0, 0.0, 0.0, 0.0, 0.0, 1.0 ], [ 0.0, 0.0, -1.0, 0.0, 1.0, 0.0, 0.0, 0.0, 0.0, -1.0, 0.0, 0.0, 0.0, 0.0, 0.0, 1.0 ], [ 0.0, -1.0, 0.0, 0.0, 0.0, 0.0, 1.0, 0.0, -1.0, 0.0, 0.0, 0.0, 0.0, 0.0, 0.0, 1.0 ], [ -0.809017, -0.309017, -0.5, 0.0, 0.309017, 0.5, -0.809017, 0.0, 0.5, -0.809017, -0.309017, 0.0, 0.0, 0.0, 0.0, 1.0 ], [ 0.5, -0.809017, -0.309017, 0.0, 0.809017, 0.309017, 0.5, 0.0, -0.309017, -0.5, 0.809017, 0.0, 0.0, 0.0, 0.0, 1.0 ], [ -0.309017, -0.5, 0.809017, 0.0, -0.5, 0.809017, 0.309017, 0.0, -0.809017, -0.309017, -0.5, 0.0, 0.0, 0.0, 0.0, 1.0 ], [ -0.5, -0.809017, -0.309017, 0.0, 0.809017, -0.309017, -0.5, 0.0, 0.309017, -0.5, 0.809017, 0.0, 0.0, 0.0, 0.0, 1.0 ], [ 0.309017, -0.5, 0.809017, 0.0, 0.5, 0.809017, 0.309017, 0.0, -0.809017, 0.309017, 0.5, 0.0, 0.0, 0.0, 0.0, 1.0 ], [ -0.809017, 0.309017, 0.5, 0.0, -0.309017, 0.5, -0.809017, 0.0, -0.5, -0.809017, -0.309017, 0.0, 0.0, 0.0, 0.0, 1.0 ], [ -0.5, -0.809017, 0.309017, 0.0, 0.809017, -0.309017, 0.5, 0.0, -0.309017, 0.5, 0.809017, 0.0, 0.0, 0.0, 0.0, 1.0 ], [ -0.309017, 0.5, 0.809017, 0.0, 0.5, 0.809017, -0.309017, 0.0, -0.809017, 0.309017, -0.5, 0.0, 0.0, 0.0, 0.0, 1.0 ], [ -0.809017, 0.309017, -0.5, 0.0, 0.309017, -0.5, -0.809017, 0.0, -0.5, -0.809017, 0.309017, 0.0, 0.0, 0.0, 0.0, 1.0 ], [ -0.809017, -0.309017, 0.5, 0.0, 0.309017, 0.5, 0.809017, 0.0, -0.5, 0.809017, -0.309017, 0.0, 0.0, 0.0, 0.0, 1.0 ], [ -0.5, 0.809017, -0.309017, 0.0, 0.809017, 0.309017, -0.5, 0.0, -0.309017, -0.5, -0.809017, 0.0, 0.0, 0.0, 0.0, 1.0 ], [ -0.309017, -0.5, -0.809017, 0.0, 0.5, -0.809017, 0.309017, 0.0, -0.809017, -0.309017, 0.5, 0.0, 0.0, 0.0, 0.0, 1.0 ] ],
  "lights" : {
    "ambientColor" : "#292929",
    "backgroundColor" : "#AFC8DC",
    "directionalLights" : [ {
      "direction" : [ 1.0, -1.0, -1.0 ],
      "color" : "#EBEBE4"
    }, {
      "direction" : [ -1.0, 0.0, 0.0 ],
      "color" : "#E4E4EB"
    }, {
      "direction" : [ 0.0, 0.0, -1.0 ],
      "color" : "#1E1E1E"
    } ]
  },
  "camera" : {
    "perspective" : true,
    "lookAtPoint" : {
      "x" : 0.0,
      "y" : 0.0,
      "z" : 0.0
    },
    "upDirection" : {
      "x" : -0.018699054,
      "y" : 0.9997689,
      "z" : 0.009834329
    },
    "stereo" : false,
    "width" : 169.08022,
    "fieldOfView" : 0.44262952,
    "lookDirection" : {
      "x" : -0.121335246,
      "y" : 0.00749903,
      "z" : -0.9925807
    },
    "nearClipDistance" : 0.939334,
    "farClipDistance" : 751.4681,
    "viewDistance" : 375.73325,
    "lookAtPointRV" : {
      "x" : 0.0,
      "y" : 0.0,
      "z" : 0.0,
      "zero" : true
    },
    "lookDirectionRV" : {
      "x" : -0.121335246,
      "y" : 0.00749903,
      "z" : -0.9925807,
      "zero" : false
    },
    "upDirectionRV" : {
      "x" : -0.018699054,
      "y" : 0.9997689,
      "z" : 0.009834329,
      "zero" : false
    },
    "position" : {
      "x" : 45.589687,
      "y" : -2.8176348,
      "z" : 372.9456
    }
  },
  "embedding" : [ 1.0, 0.0, 0.0, 0.0, 0.0, 1.0, 0.0, 0.0, 0.0, 0.0, 1.0, 0.0, 0.0, 0.0, 0.0, 1.0 ],
  "shapes" : [ {
    "id" : "4158d656-3f96-4e0e-9dbc-d5eddd4bdffc",
    "vertices" : [ {
      "x" : 0.0,
      "y" : 0.0,
      "z" : 0.0
    }, {
      "x" : 0.38196602,
      "y" : -0.618034,
      "z" : 1.0
    }, {
      "x" : 6.472136,
      "y" : -16.562305,
      "z" : 1.0
    }, {
      "x" : 6.09017,
      "y" : -15.944272,
      "z" : 0.0
    } ],
    "faces" : [ {
      "vertices" : [ 0, 1, 2, 3 ]
    }, {
      "vertices" : [ 0, 3, 2, 1 ]
    } ]
  }, {
    "id" : "bf15c078-55f0-4147-aef5-3c34978dc5ed",
    "vertices" : [ {
      "x" : 0.0,
      "y" : 0.0,
      "z" : 0.0
    }, {
      "x" : 0.0,
      "y" : 0.38196602,
      "z" : 1.0
    }, {
      "x" : 6.472136,
      "y" : -16.562305,
      "z" : 1.0
    }, {
      "x" : 6.09017,
      "y" : -15.944272,
      "z" : 0.0
    } ],
    "faces" : [ {
      "vertices" : [ 0, 1, 2, 3 ]
    }, {
      "vertices" : [ 0, 3, 2, 1 ]
    } ]
  }, {
    "id" : "2a3f955d-6b7f-4959-a80b-4447160a7c7b",
    "vertices" : [ {
      "x" : 0.0,
      "y" : 0.0,
      "z" : 0.0
    }, {
      "x" : -6.09017,
      "y" : 15.944272,
      "z" : 0.0
    }, {
      "x" : -6.09017,
      "y" : 22.034441,
      "z" : 15.944272
    }, {
      "x" : 0.0,
      "y" : 6.09017,
      "z" : 15.944272
    } ],
    "faces" : [ {
      "vertices" : [ 0, 1, 2, 3 ]
    }, {
      "vertices" : [ 0, 3, 2, 1 ]
    } ]
  }, {
    "id" : "b492f304-7a6e-41cc-ad35-33c2732aeaf0",
    "vertices" : [ {
      "x" : 0.0,
      "y" : 0.0,
      "z" : 0.0
    }, {
      "x" : 0.0,
      "y" : -0.38196602,
      "z" : -1.0
    }, {
      "x" : -6.472136,
      "y" : 16.562305,
      "z" : -1.0
    }, {
      "x" : -6.09017,
      "y" : 15.944272,
      "z" : 0.0
    } ],
    "faces" : [ {
      "vertices" : [ 0, 1, 2, 3 ]
    }, {
      "vertices" : [ 0, 3, 2, 1 ]
    } ]
  }, {
    "id" : "64a6ad53-4652-4db0-a76c-e579b117ea32",
    "vertices" : [ {
      "x" : 0.0,
      "y" : 0.0,
      "z" : 0.0
    }, {
      "x" : 6.09017,
      "y" : -15.944272,
      "z" : 0.0
    }, {
      "x" : 6.09017,
      "y" : -22.034441,
      "z" : -15.944272
    }, {
      "x" : 0.0,
      "y" : -6.09017,
      "z" : -15.944272
    } ],
    "faces" : [ {
      "vertices" : [ 0, 1, 2, 3 ]
    }, {
      "vertices" : [ 0, 3, 2, 1 ]
    } ]
  }, {
    "id" : "3a6f8134-c8d0-40a2-9cbc-f86cc094d729",
    "vertices" : [ {
      "x" : 0.0,
      "y" : 0.0,
      "z" : 0.0
    }, {
      "x" : 0.38196602,
      "y" : -0.618034,
      "z" : 1.0
    }, {
      "x" : 0.38196602,
      "y" : -7.09017,
      "z" : -15.944272
    }, {
      "x" : 0.0,
      "y" : -6.09017,
      "z" : -15.944272
    } ],
    "faces" : [ {
      "vertices" : [ 0, 1, 2, 3 ]
    }, {
      "vertices" : [ 0, 3, 2, 1 ]
    } ]
  }, {
    "id" : "354d3418-3ffb-42ca-a0d8-d0dc083e357c",
    "vertices" : [ {
      "x" : 0.0,
      "y" : 0.0,
      "z" : 0.0
    }, {
      "x" : -0.38196602,
      "y" : 0.618034,
      "z" : -1.0
    }, {
      "x" : -0.38196602,
      "y" : 7.09017,
      "z" : 15.944272
    }, {
      "x" : 0.0,
      "y" : 6.09017,
      "z" : 15.944272
    } ],
    "faces" : [ {
      "vertices" : [ 0, 1, 2, 3 ]
    }, {
      "vertices" : [ 0, 3, 2, 1 ]
    } ]
  }, {
    "id" : "85f242f7-eae8-4d15-b918-2ef39a8725e5",
    "vertices" : [ {
      "x" : 0.0,
      "y" : 0.0,
      "z" : 0.0
    }, {
      "x" : 0.0,
      "y" : 6.09017,
      "z" : 15.944272
    }, {
      "x" : 0.38196602,
      "y" : 5.472136,
      "z" : 16.944271
    }, {
      "x" : 0.38196602,
      "y" : -0.618034,
      "z" : 1.0
    } ],
    "faces" : [ {
      "vertices" : [ 0, 1, 2, 3 ]
    }, {
      "vertices" : [ 0, 3, 2, 1 ]
    } ]
  }, {
    "id" : "b1fd71c3-15e9-4f79-b055-d4238fc2f662",
    "vertices" : [ {
      "x" : 0.0,
      "y" : 0.0,
      "z" : 0.0
    }, {
      "x" : 0.0,
      "y" : 6.09017,
      "z" : 15.944272
    }, {
      "x" : 6.09017,
      "y" : -9.854102,
      "z" : 15.944272
    }, {
      "x" : 6.09017,
      "y" : -15.944272,
      "z" : 0.0
    } ],
    "faces" : [ {
      "vertices" : [ 0, 1, 2, 3 ]
    }, {
      "vertices" : [ 0, 3, 2, 1 ]
    } ]
  }, {
    "id" : "fa34549b-2e1b-4008-971e-5bf350c41251",
    "name" : "ball",
    "vertices" : [ {
      "x" : 0.309017,
      "y" : -0.309017,
      "z" : -0.309017
    }, {
      "x" : 0.5,
      "y" : 0.0,
      "z" : -0.19098301
    }, {
      "x" : 0.5,
      "y" : 0.0,
      "z" : 0.19098301
    }, {
      "x" : 0.309017,
      "y" : -0.309017,
      "z" : 0.309017
    }, {
      "x" : 0.19098301,
      "y" : -0.5,
      "z" : 0.0
    }, {
      "x" : 0.0,
      "y" : 0.19098301,
      "z" : 0.5
    }, {
      "x" : 0.0,
      "y" : -0.19098301,
      "z" : 0.5
    }, {
      "x" : 0.309017,
      "y" : 0.309017,
      "z" : 0.309017
    }, {
      "x" : -0.309017,
      "y" : -0.309017,
      "z" : 0.309017
    }, {
      "x" : -0.309017,
      "y" : 0.309017,
      "z" : 0.309017
    }, {
      "x" : -0.5,
      "y" : 0.0,
      "z" : 0.19098301
    }, {
      "x" : 0.0,
      "y" : -0.19098301,
      "z" : -0.5
    }, {
      "x" : 0.0,
      "y" : 0.19098301,
      "z" : -0.5
    }, {
      "x" : 0.309017,
      "y" : 0.309017,
      "z" : -0.309017
    }, {
      "x" : -0.309017,
      "y" : -0.309017,
      "z" : -0.309017
    }, {
      "x" : -0.19098301,
      "y" : -0.5,
      "z" : 0.0
    }, {
      "x" : -0.5,
      "y" : 0.0,
      "z" : -0.19098301
    }, {
      "x" : 0.19098301,
      "y" : 0.5,
      "z" : 0.0
    }, {
      "x" : -0.309017,
      "y" : 0.309017,
      "z" : -0.309017
    }, {
      "x" : 0.0,
      "y" : 0.0,
      "z" : 0.0
    }, {
      "x" : -0.19098301,
      "y" : 0.5,
      "z" : 0.0
    } ],
    "faces" : [ {
      "vertices" : [ 12, 18, 20, 17, 13 ]
    }, {
      "vertices" : [ 3, 6, 8, 15, 4 ]
    }, {
      "vertices" : [ 0, 11, 12, 13, 1 ]
    }, {
      "vertices" : [ 5, 9, 10, 8, 6 ]
    }, {
      "vertices" : [ 2, 7, 5, 6, 3 ]
    }, {
      "vertices" : [ 11, 14, 16, 18, 12 ]
    }, {
      "vertices" : [ 1, 13, 17, 7, 2 ]
    }, {
      "vertices" : [ 9, 20, 18, 16, 10 ]
    }, {
      "vertices" : [ 0, 1, 2, 3, 4 ]
    }, {
      "vertices" : [ 5, 7, 17, 20, 9 ]
    }, {
      "vertices" : [ 0, 4, 15, 14, 11 ]
    }, {
      "vertices" : [ 8, 10, 16, 14, 15 ]
    } ]
  }, {
    "id" : "9afd7deb-86b7-4756-96bd-acc694f54d51",
    "orbit" : "yellow",
    "orbitC" : "[[0,0,1],[2,-1,1]]",
    "length" : "[\"1\",\"1\",\"1\"]",
    "name" : "y3",
    "vertices" : [ {
      "x" : 17.944271,
      "y" : 0.0,
      "z" : -6.854102
    }, {
      "x" : 17.635256,
      "y" : 0.0,
      "z" : -6.736068
    }, {
      "x" : 17.230747,
      "y" : -0.1545085,
      "z" : -6.295085
    }, {
      "x" : 17.039762,
      "y" : -0.1545085,
      "z" : -6.795085
    }, {
      "x" : 0.9045085,
      "y" : -0.1545085,
      "z" : -0.059016995
    }, {
      "x" : 0.809017,
      "y" : 0.309017,
      "z" : -0.309017
    }, {
      "x" : 0.309017,
      "y" : 0.0,
      "z" : -0.11803399
    }, {
      "x" : 17.135256,
      "y" : 0.309017,
      "z" : -6.545085
    }, {
      "x" : 0.7135255,
      "y" : -0.1545085,
      "z" : -0.559017
    } ],
    "faces" : [ {
      "vertices" : [ 2, 4, 8, 3 ]
    }, {
      "vertices" : [ 2, 7, 5, 4 ]
    }, {
      "vertices" : [ 4, 6, 8 ]
    }, {
      "vertices" : [ 5, 8, 6 ]
    }, {
      "vertices" : [ 1, 2, 3 ]
    }, {
      "vertices" : [ 3, 8, 5, 7 ]
    }, {
      "vertices" : [ 1, 7, 2 ]
    }, {
      "vertices" : [ 1, 3, 7 ]
    }, {
      "vertices" : [ 4, 5, 6 ]
    } ]
  } ],
  "instances" : [ {
    "shape" : "4158d656-3f96-4e0e-9dbc-d5eddd4bdffc",
    "color" : "#0099FF",
    "position" : {
      "x" : -20.944271,
      "y" : 0.0,
      "z" : 22.18034
    },
    "orientation" : 36
  }, {
    "shape" : "bf15c078-55f0-4147-aef5-3c34978dc5ed",
    "color" : "#FFFF7A",
    "position" : {
      "x" : 11.09017,
      "y" : -33.27051,
      "z" : -9.854102
    },
    "orientation" : 23
  }, {
    "shape" : "2a3f955d-6b7f-4959-a80b-4447160a7c7b",
    "color" : "#FFFF7A",
    "position" : {
      "x" : 0.0,
      "y" : -1.236068,
      "z" : 43.12461
    },
    "orientation" : 37
  }, {
    "shape" : "b492f304-7a6e-41cc-ad35-33c2732aeaf0",
    "color" : "#0099FF",
    "position" : {
      "x" : -22.18034,
      "y" : 20.944271,
      "z" : 22.18034
    },
    "orientation" : 51
  }, {
    "shape" : "bf15c078-55f0-4147-aef5-3c34978dc5ed",
    "color" : "#FF3333",
    "position" : {
      "x" : -22.18034,
      "y" : 1.236068,
      "z" : 0.0
    },
    "orientation" : 37
  }, {
    "shape" : "64a6ad53-4652-4db0-a76c-e579b117ea32",
    "color" : "#009900",
    "position" : {
      "x" : 11.09017,
      "y" : -32.034443,
      "z" : 12.326238
    },
    "orientation" : 37
  }, {
    "shape" : "3a6f8134-c8d0-40a2-9cbc-f86cc094d729",
    "color" : "#FFFF7A",
    "position" : {
      "x" : -11.09017,
      "y" : -12.326238,
      "z" : 32.034443
    },
    "orientation" : 38
  }, {
    "shape" : "3a6f8134-c8d0-40a2-9cbc-f86cc094d729",
    "color" : "#FFFF7A",
    "position" : {
      "x" : 32.034443,
      "y" : 11.09017,
      "z" : 12.326238
    },
    "orientation" : 6
  }, {
    "shape" : "4158d656-3f96-4e0e-9dbc-d5eddd4bdffc",
    "color" : "#FFFF7A",
    "position" : {
      "x" : 11.09017,
      "y" : -9.854102,
      "z" : 11.09017
    },
    "orientation" : 37
  }, {
    "shape" : "3a6f8134-c8d0-40a2-9cbc-f86cc094d729",
    "color" : "#0099FF",
    "position" : {
      "x" : -1.236068,
      "y" : 20.944271,
      "z" : 22.18034
    },
    "orientation" : 52
  }, {
    "shape" : "bf15c078-55f0-4147-aef5-3c34978dc5ed",
    "color" : "#FFFF7A",
    "position" : {
      "x" : -11.09017,
      "y" : -32.034443,
      "z" : 11.09017
    },
    "orientation" : 37
  }, {
    "shape" : "3a6f8134-c8d0-40a2-9cbc-f86cc094d729",
    "color" : "#009900",
    "position" : {
      "x" : 20.944271,
      "y" : -22.18034,
      "z" : 1.236068
    },
    "orientation" : 6
  }, {
    "shape" : "354d3418-3ffb-42ca-a0d8-d0dc083e357c",
    "color" : "#0099FF",
    "position" : {
      "x" : -20.944271,
      "y" : 0.0,
      "z" : 20.944271
    },
    "orientation" : 37
  }, {
    "shape" : "64a6ad53-4652-4db0-a76c-e579b117ea32",
    "color" : "#009900",
    "position" : {
      "x" : 11.09017,
      "y" : 9.854102,
      "z" : -32.034443
    },
    "orientation" : 7
  }, {
    "shape" : "85f242f7-eae8-4d15-b918-2ef39a8725e5",
    "color" : "#FF3333",
    "position" : {
      "x" : -20.944271,
      "y" : 0.0,
      "z" : -22.18034
    },
    "orientation" : 38
  }, {
    "shape" : "3a6f8134-c8d0-40a2-9cbc-f86cc094d729",
    "color" : "#FFFF7A",
    "position" : {
      "x" : -1.236068,
      "y" : -43.12461,
      "z" : 0.0
    },
    "orientation" : 37
  }, {
    "shape" : "b492f304-7a6e-41cc-ad35-33c2732aeaf0",
    "color" : "#FF3333",
    "position" : {
      "x" : 0.0,
      "y" : 23.416409,
      "z" : 0.0
    },
    "orientation" : 36
  }, {
    "shape" : "354d3418-3ffb-42ca-a0d8-d0dc083e357c",
    "color" : "#FF3333",
    "position" : {
      "x" : 11.09017,
      "y" : 9.854102,
      "z" : -32.034443
    },
    "orientation" : 51
  }, {
    "shape" : "bf15c078-55f0-4147-aef5-3c34978dc5ed",
    "color" : "#0099FF",
    "position" : {
      "x" : -12.326238,
      "y" : 11.09017,
      "z" : 11.09017
    },
    "orientation" : 21
  }, {
    "shape" : "354d3418-3ffb-42ca-a0d8-d0dc083e357c",
    "color" : "#FF3333",
    "position" : {
      "x" : 9.854102,
      "y" : 9.854102,
      "z" : -33.27051
    },
    "orientation" : 8
  }, {
    "shape" : "354d3418-3ffb-42ca-a0d8-d0dc083e357c",
    "color" : "#FF3333",
    "position" : {
      "x" : 22.18034,
      "y" : -1.236068,
      "z" : -20.944271
    },
    "orientation" : 51
  }, {
    "shape" : "bf15c078-55f0-4147-aef5-3c34978dc5ed",
    "color" : "#009900",
    "position" : {
      "x" : 22.18034,
      "y" : 0.0,
      "z" : -1.236068
    },
    "orientation" : 8
  }, {
    "shape" : "b492f304-7a6e-41cc-ad35-33c2732aeaf0",
    "color" : "#0099FF",
    "position" : {
      "x" : -1.236068,
      "y" : 0.0,
      "z" : 22.18034
    },
    "orientation" : 8
  }, {
    "shape" : "b1fd71c3-15e9-4f79-b055-d4238fc2f662",
    "color" : "#FFFF7A",
    "position" : {
      "x" : -20.944271,
      "y" : -22.18034,
      "z" : 22.18034
    },
    "orientation" : 37
  }, {
    "shape" : "b492f304-7a6e-41cc-ad35-33c2732aeaf0",
    "color" : "#0099FF",
    "position" : {
      "x" : -22.18034,
      "y" : 22.18034,
      "z" : 20.944271
    },
    "orientation" : 7
  }, {
    "shape" : "bf15c078-55f0-4147-aef5-3c34978dc5ed",
    "color" : "#009900",
    "position" : {
      "x" : 11.09017,
      "y" : 11.09017,
      "z" : -12.326238
    },
    "orientation" : 38
  }, {
    "shape" : "4158d656-3f96-4e0e-9dbc-d5eddd4bdffc",
    "color" : "#0099FF",
    "position" : {
      "x" : 0.0,
      "y" : 22.18034,
      "z" : -20.944271
    },
    "orientation" : 53
  }, {
    "shape" : "3a6f8134-c8d0-40a2-9cbc-f86cc094d729",
    "color" : "#FF3333",
    "position" : {
      "x" : 0.0,
      "y" : -1.236068,
      "z" : -1.236068
    },
    "orientation" : 38
  }, {
    "shape" : "4158d656-3f96-4e0e-9dbc-d5eddd4bdffc",
    "color" : "#FFFF7A",
    "position" : {
      "x" : 32.034443,
      "y" : 11.09017,
      "z" : 11.09017
    },
    "orientation" : 6
  }, {
    "shape" : "b492f304-7a6e-41cc-ad35-33c2732aeaf0",
    "color" : "#009900",
    "position" : {
      "x" : 20.944271,
      "y" : -22.18034,
      "z" : 22.18034
    },
    "orientation" : 8
  }, {
    "shape" : "4158d656-3f96-4e0e-9dbc-d5eddd4bdffc",
    "color" : "#009900",
    "position" : {
      "x" : 22.18034,
      "y" : 1.236068,
      "z" : -22.18034
    },
    "orientation" : 22
  }, {
    "shape" : "bf15c078-55f0-4147-aef5-3c34978dc5ed",
    "color" : "#0099FF",
    "position" : {
      "x" : -11.09017,
      "y" : 11.09017,
      "z" : 12.326238
    },
    "orientation" : 53
  }, {
    "shape" : "3a6f8134-c8d0-40a2-9cbc-f86cc094d729",
    "color" : "#009900",
    "position" : {
      "x" : -1.236068,
      "y" : -1.236068,
      "z" : 0.0
    },
    "orientation" : 52
  }, {
    "shape" : "b492f304-7a6e-41cc-ad35-33c2732aeaf0",
    "color" : "#FFFF7A",
    "position" : {
      "x" : 0.0,
      "y" : 0.0,
      "z" : 23.416409
    },
    "orientation" : 52
  }, {
    "shape" : "4158d656-3f96-4e0e-9dbc-d5eddd4bdffc",
    "color" : "#009900",
    "position" : {
      "x" : 0.0,
      "y" : 0.0,
      "z" : -1.236068
    },
    "orientation" : 38
  }, {
    "shape" : "2a3f955d-6b7f-4959-a80b-4447160a7c7b",
    "color" : "#009900",
    "position" : {
      "x" : -1.236068,
      "y" : -1.236068,
      "z" : 0.0
    },
    "orientation" : 51
  }, {
    "shape" : "2a3f955d-6b7f-4959-a80b-4447160a7c7b",
    "color" : "#FF3333",
    "position" : {
      "x" : -32.034443,
      "y" : 11.09017,
      "z" : -12.326238
    },
    "orientation" : 53
  }, {
    "shape" : "4158d656-3f96-4e0e-9dbc-d5eddd4bdffc",
    "color" : "#0099FF",
    "position" : {
      "x" : -12.326238,
      "y" : 11.09017,
      "z" : 11.09017
    },
    "orientation" : 6
  }, {
    "shape" : "354d3418-3ffb-42ca-a0d8-d0dc083e357c",
    "color" : "#009900",
    "position" : {
      "x" : 22.18034,
      "y" : -20.944271,
      "z" : 1.236068
    },
    "orientation" : 21
  }, {
    "shape" : "85f242f7-eae8-4d15-b918-2ef39a8725e5",
    "color" : "#FF3333",
    "position" : {
      "x" : 0.0,
      "y" : 0.0,
      "z" : -43.12461
    },
    "orientation" : 52
  }, {
    "shape" : "354d3418-3ffb-42ca-a0d8-d0dc083e357c",
    "color" : "#009900",
    "position" : {
      "x" : 32.034443,
      "y" : 12.326238,
      "z" : -11.09017
    },
    "orientation" : 23
  }, {
    "shape" : "85f242f7-eae8-4d15-b918-2ef39a8725e5",
    "color" : "#0099FF",
    "position" : {
      "x" : -1.236068,
      "y" : 22.18034,
      "z" : 22.18034
    },
    "orientation" : 8
  }, {
    "shape" : "3a6f8134-c8d0-40a2-9cbc-f86cc094d729",
    "color" : "#009900",
    "position" : {
      "x" : -20.944271,
      "y" : -22.18034,
      "z" : -1.236068
    },
    "orientation" : 51
  }, {
    "shape" : "4158d656-3f96-4e0e-9dbc-d5eddd4bdffc",
    "color" : "#FF3333",
    "position" : {
      "x" : 0.0,
      "y" : 43.12461,
      "z" : 0.0
    },
    "orientation" : 52
  }, {
    "shape" : "bf15c078-55f0-4147-aef5-3c34978dc5ed",
    "color" : "#FFFF7A",
    "position" : {
      "x" : -22.18034,
      "y" : -20.944271,
      "z" : 22.18034
    },
    "orientation" : 37
  }, {
    "shape" : "3a6f8134-c8d0-40a2-9cbc-f86cc094d729",
    "color" : "#009900",
    "position" : {
      "x" : 33.27051,
      "y" : -9.854102,
      "z" : -9.854102
    },
    "orientation" : 53
  }, {
    "shape" : "3a6f8134-c8d0-40a2-9cbc-f86cc094d729",
    "color" : "#009900",
    "position" : {
      "x" : 11.09017,
      "y" : -9.854102,
      "z" : 9.854102
    },
    "orientation" : 8
  }, {
    "shape" : "354d3418-3ffb-42ca-a0d8-d0dc083e357c",
    "color" : "#0099FF",
    "position" : {
      "x" : -12.326238,
      "y" : -11.09017,
      "z" : -32.034443
    },
    "orientation" : 22
  }, {
    "shape" : "85f242f7-eae8-4d15-b918-2ef39a8725e5",
    "color" : "#0099FF",
    "position" : {
      "x" : 0.0,
      "y" : 1.236068,
      "z" : 0.0
    },
    "orientation" : 21
  }, {
    "shape" : "85f242f7-eae8-4d15-b918-2ef39a8725e5",
    "color" : "#FF3333",
    "position" : {
      "x" : -20.944271,
      "y" : 0.0,
      "z" : -22.18034
    },
    "orientation" : 53
  }, {
    "shape" : "b492f304-7a6e-41cc-ad35-33c2732aeaf0",
    "color" : "#0099FF",
    "position" : {
      "x" : -32.034443,
      "y" : 11.09017,
      "z" : 11.09017
    },
    "orientation" : 38
  }, {
    "shape" : "4158d656-3f96-4e0e-9dbc-d5eddd4bdffc",
    "color" : "#0099FF",
    "position" : {
      "x" : -33.27051,
      "y" : 9.854102,
      "z" : -11.09017
    },
    "orientation" : 52
  }, {
    "shape" : "64a6ad53-4652-4db0-a76c-e579b117ea32",
    "color" : "#0099FF",
    "position" : {
      "x" : -23.416409,
      "y" : 0.0,
      "z" : -20.944271
    },
    "orientation" : 53
  }, {
    "shape" : "bf15c078-55f0-4147-aef5-3c34978dc5ed",
    "color" : "#FFFF7A",
    "position" : {
      "x" : 9.854102,
      "y" : -11.09017,
      "z" : 11.09017
    },
    "orientation" : 21
  }, {
    "shape" : "64a6ad53-4652-4db0-a76c-e579b117ea32",
    "color" : "#009900",
    "position" : {
      "x" : 23.416409,
      "y" : 0.0,
      "z" : 20.944271
    },
    "orientation" : 8
  }, {
    "shape" : "b492f304-7a6e-41cc-ad35-33c2732aeaf0",
    "color" : "#FFFF7A",
    "position" : {
      "x" : -1.236068,
      "y" : -22.18034,
      "z" : 0.0
    },
    "orientation" : 23
  }, {
    "shape" : "b492f304-7a6e-41cc-ad35-33c2732aeaf0",
    "color" : "#FF3333",
    "position" : {
      "x" : -12.326238,
      "y" : 11.09017,
      "z" : -11.09017
    },
    "orientation" : 23
  }, {
    "shape" : "354d3418-3ffb-42ca-a0d8-d0dc083e357c",
    "color" : "#009900",
    "position" : {
      "x" : 1.236068,
      "y" : -1.236068,
      "z" : 0.0
    },
    "orientation" : 53
  }, {
    "shape" : "b492f304-7a6e-41cc-ad35-33c2732aeaf0",
    "color" : "#FFFF7A",
    "position" : {
      "x" : 0.0,
      "y" : 1.236068,
      "z" : 22.18034
    },
    "orientation" : 36
  }, {
    "shape" : "4158d656-3f96-4e0e-9dbc-d5eddd4bdffc",
    "color" : "#FFFF7A",
    "position" : {
      "x" : 20.944271,
      "y" : 0.0,
      "z" : 22.18034
    },
    "orientation" : 6
  }, {
    "shape" : "b492f304-7a6e-41cc-ad35-33c2732aeaf0",
    "color" : "#009900",
    "position" : {
      "x" : 22.18034,
      "y" : 22.18034,
      "z" : -20.944271
    },
    "orientation" : 52
  }, {
    "shape" : "85f242f7-eae8-4d15-b918-2ef39a8725e5",
    "color" : "#009900",
    "position" : {
      "x" : 22.18034,
      "y" : -1.236068,
      "z" : 22.18034
    },
    "orientation" : 6
  }, {
    "shape" : "3a6f8134-c8d0-40a2-9cbc-f86cc094d729",
    "color" : "#0099FF",
    "position" : {
      "x" : -1.236068,
      "y" : 1.236068,
      "z" : 0.0
    },
    "orientation" : 37
  }, {
    "shape" : "4158d656-3f96-4e0e-9dbc-d5eddd4bdffc",
    "color" : "#FF3333",
    "position" : {
      "x" : 11.09017,
      "y" : -11.09017,
      "z" : -32.034443
    },
    "orientation" : 53
  }, {
    "shape" : "4158d656-3f96-4e0e-9dbc-d5eddd4bdffc",
    "color" : "#FFFF7A",
    "position" : {
      "x" : 11.09017,
      "y" : 11.09017,
      "z" : -9.854102
    },
    "orientation" : 53
  }, {
    "shape" : "64a6ad53-4652-4db0-a76c-e579b117ea32",
    "color" : "#0099FF",
    "position" : {
      "x" : 9.854102,
      "y" : 12.326238,
      "z" : 11.09017
    },
    "orientation" : 6
  }, {
    "shape" : "354d3418-3ffb-42ca-a0d8-d0dc083e357c",
    "color" : "#FF3333",
    "position" : {
      "x" : -1.236068,
      "y" : 20.944271,
      "z" : -22.18034
    },
    "orientation" : 8
  }, {
    "shape" : "b1fd71c3-15e9-4f79-b055-d4238fc2f662",
    "color" : "#FFFF7A",
    "position" : {
      "x" : 22.18034,
      "y" : 22.18034,
      "z" : 20.944271
    },
    "orientation" : 6
  }, {
    "shape" : "b492f304-7a6e-41cc-ad35-33c2732aeaf0",
    "color" : "#FFFF7A",
    "position" : {
      "x" : 0.0,
      "y" : -22.18034,
      "z" : -1.236068
    },
    "orientation" : 7
  }, {
    "shape" : "2a3f955d-6b7f-4959-a80b-4447160a7c7b",
    "color" : "#FFFF7A",
    "position" : {
      "x" : 0.0,
      "y" : 1.236068,
      "z" : 43.12461
    },
    "orientation" : 7
  }, {
    "shape" : "4158d656-3f96-4e0e-9dbc-d5eddd4bdffc",
    "color" : "#009900",
    "position" : {
      "x" : 0.0,
      "y" : -22.18034,
      "z" : 20.944271
    },
    "orientation" : 38
  }, {
    "shape" : "bf15c078-55f0-4147-aef5-3c34978dc5ed",
    "color" : "#FFFF7A",
    "position" : {
      "x" : 22.18034,
      "y" : 22.18034,
      "z" : 20.944271
    },
    "orientation" : 8
  }, {
    "shape" : "85f242f7-eae8-4d15-b918-2ef39a8725e5",
    "color" : "#FF3333",
    "position" : {
      "x" : 0.0,
      "y" : 43.12461,
      "z" : 0.0
    },
    "orientation" : 6
  }, {
    "shape" : "bf15c078-55f0-4147-aef5-3c34978dc5ed",
    "color" : "#0099FF",
    "position" : {
      "x" : -11.09017,
      "y" : -11.09017,
      "z" : -12.326238
    },
    "orientation" : 8
  }, {
    "shape" : "bf15c078-55f0-4147-aef5-3c34978dc5ed",
    "color" : "#0099FF",
    "position" : {
      "x" : -11.09017,
      "y" : -12.326238,
      "z" : -11.09017
    },
    "orientation" : 7
  }, {
    "shape" : "b492f304-7a6e-41cc-ad35-33c2732aeaf0",
    "color" : "#009900",
    "position" : {
      "x" : 33.27051,
      "y" : -9.854102,
      "z" : 11.09017
    },
    "orientation" : 21
  }, {
    "shape" : "3a6f8134-c8d0-40a2-9cbc-f86cc094d729",
    "color" : "#FFFF7A",
    "position" : {
      "x" : -20.944271,
      "y" : 0.0,
      "z" : 23.416409
    },
    "orientation" : 36
  }, {
    "shape" : "354d3418-3ffb-42ca-a0d8-d0dc083e357c",
    "color" : "#FFFF7A",
    "position" : {
      "x" : -9.854102,
      "y" : 9.854102,
      "z" : 33.27051
    },
    "orientation" : 53
  }, {
    "shape" : "bf15c078-55f0-4147-aef5-3c34978dc5ed",
    "color" : "#009900",
    "position" : {
      "x" : 11.09017,
      "y" : -11.09017,
      "z" : 12.326238
    },
    "orientation" : 53
  }, {
    "shape" : "354d3418-3ffb-42ca-a0d8-d0dc083e357c",
    "color" : "#0099FF",
    "position" : {
      "x" : -11.09017,
      "y" : -9.854102,
      "z" : 12.326238
    },
    "orientation" : 21
  }, {
    "shape" : "4158d656-3f96-4e0e-9dbc-d5eddd4bdffc",
    "color" : "#FFFF7A",
    "position" : {
      "x" : -20.944271,
      "y" : 0.0,
      "z" : 22.18034
    },
    "orientation" : 51
  }, {
    "shape" : "4158d656-3f96-4e0e-9dbc-d5eddd4bdffc",
    "color" : "#009900",
    "position" : {
      "x" : 33.27051,
      "y" : 11.09017,
      "z" : 9.854102
    },
    "orientation" : 8
  }, {
    "shape" : "85f242f7-eae8-4d15-b918-2ef39a8725e5",
    "color" : "#FFFF7A",
    "position" : {
      "x" : -20.944271,
      "y" : 0.0,
      "z" : 22.18034
    },
    "orientation" : 53
  }, {
    "shape" : "b492f304-7a6e-41cc-ad35-33c2732aeaf0",
    "color" : "#0099FF",
    "position" : {
      "x" : -33.27051,
      "y" : 11.09017,
      "z" : 9.854102
    },
    "orientation" : 7
  }, {
    "shape" : "85f242f7-eae8-4d15-b918-2ef39a8725e5",
    "color" : "#FFFF7A",
    "position" : {
      "x" : 11.09017,
      "y" : 11.09017,
      "z" : 32.034443
    },
    "orientation" : 37
  }, {
    "shape" : "b492f304-7a6e-41cc-ad35-33c2732aeaf0",
    "color" : "#FFFF7A",
    "position" : {
      "x" : 11.09017,
      "y" : 11.09017,
      "z" : 9.854102
    },
    "orientation" : 7
  }, {
    "shape" : "4158d656-3f96-4e0e-9dbc-d5eddd4bdffc",
    "color" : "#FF3333",
    "position" : {
      "x" : 20.944271,
      "y" : 22.18034,
      "z" : 0.0
    },
    "orientation" : 21
  }, {
    "shape" : "85f242f7-eae8-4d15-b918-2ef39a8725e5",
    "color" : "#FFFF7A",
    "position" : {
      "x" : 11.09017,
      "y" : -9.854102,
      "z" : 11.09017
    },
    "orientation" : 36
  }, {
    "shape" : "bf15c078-55f0-4147-aef5-3c34978dc5ed",
    "color" : "#FF3333",
    "position" : {
      "x" : -11.09017,
      "y" : -9.854102,
      "z" : -11.09017
    },
    "orientation" : 37
  }, {
    "shape" : "3a6f8134-c8d0-40a2-9cbc-f86cc094d729",
    "color" : "#FF3333",
    "position" : {
      "x" : -32.034443,
      "y" : 11.09017,
      "z" : -9.854102
    },
    "orientation" : 36
  }, {
    "shape" : "64a6ad53-4652-4db0-a76c-e579b117ea32",
    "color" : "#0099FF",
    "position" : {
      "x" : 11.09017,
      "y" : 12.326238,
      "z" : 9.854102
    },
    "orientation" : 22
  }, {
    "shape" : "4158d656-3f96-4e0e-9dbc-d5eddd4bdffc",
    "color" : "#0099FF",
    "position" : {
      "x" : -22.18034,
      "y" : 1.236068,
      "z" : 22.18034
    },
    "orientation" : 37
  }, {
    "shape" : "85f242f7-eae8-4d15-b918-2ef39a8725e5",
    "color" : "#FF3333",
    "position" : {
      "x" : 0.0,
      "y" : -20.944271,
      "z" : -22.18034
    },
    "orientation" : 36
  }, {
    "shape" : "bf15c078-55f0-4147-aef5-3c34978dc5ed",
    "color" : "#009900",
    "position" : {
      "x" : 11.09017,
      "y" : -12.326238,
      "z" : 11.09017
    },
    "orientation" : 7
  }, {
    "shape" : "4158d656-3f96-4e0e-9dbc-d5eddd4bdffc",
    "color" : "#FFFF7A",
    "position" : {
      "x" : -11.09017,
      "y" : -32.034443,
      "z" : 11.09017
    },
    "orientation" : 22
  }, {
    "shape" : "85f242f7-eae8-4d15-b918-2ef39a8725e5",
    "color" : "#009900",
    "position" : {
      "x" : 33.27051,
      "y" : 9.854102,
      "z" : 11.09017
    },
    "orientation" : 6
  }, {
    "shape" : "b492f304-7a6e-41cc-ad35-33c2732aeaf0",
    "color" : "#0099FF",
    "position" : {
      "x" : -22.18034,
      "y" : -22.18034,
      "z" : -20.944271
    },
    "orientation" : 22
  }, {
    "shape" : "3a6f8134-c8d0-40a2-9cbc-f86cc094d729",
    "color" : "#FFFF7A",
    "position" : {
      "x" : 0.0,
      "y" : -1.236068,
      "z" : 1.236068
    },
    "orientation" : 23
  }, {
    "shape" : "354d3418-3ffb-42ca-a0d8-d0dc083e357c",
    "color" : "#0099FF",
    "position" : {
      "x" : -1.236068,
      "y" : -1.236068,
      "z" : 0.0
    },
    "orientation" : 8
  }, {
    "shape" : "3a6f8134-c8d0-40a2-9cbc-f86cc094d729",
    "color" : "#FF3333",
    "position" : {
      "x" : -32.034443,
      "y" : 11.09017,
      "z" : -12.326238
    },
    "orientation" : 51
  }, {
    "shape" : "64a6ad53-4652-4db0-a76c-e579b117ea32",
    "color" : "#009900",
    "position" : {
      "x" : 9.854102,
      "y" : -32.034443,
      "z" : 11.09017
    },
    "orientation" : 6
  }, {
    "shape" : "b492f304-7a6e-41cc-ad35-33c2732aeaf0",
    "color" : "#FF3333",
    "position" : {
      "x" : 12.326238,
      "y" : -11.09017,
      "z" : -11.09017
    },
    "orientation" : 38
  }, {
    "shape" : "bf15c078-55f0-4147-aef5-3c34978dc5ed",
    "color" : "#0099FF",
    "position" : {
      "x" : -22.18034,
      "y" : 0.0,
      "z" : 1.236068
    },
    "orientation" : 23
  }, {
    "shape" : "85f242f7-eae8-4d15-b918-2ef39a8725e5",
    "color" : "#FFFF7A",
    "position" : {
      "x" : 20.944271,
      "y" : -22.18034,
      "z" : 0.0
    },
    "orientation" : 8
  }, {
    "shape" : "b492f304-7a6e-41cc-ad35-33c2732aeaf0",
    "color" : "#009900",
    "position" : {
      "x" : 1.236068,
      "y" : -22.18034,
      "z" : 0.0
    },
    "orientation" : 53
  }, {
    "shape" : "85f242f7-eae8-4d15-b918-2ef39a8725e5",
    "color" : "#FFFF7A",
    "position" : {
      "x" : -11.09017,
      "y" : -11.09017,
      "z" : 32.034443
    },
    "orientation" : 7
  }, {
    "shape" : "bf15c078-55f0-4147-aef5-3c34978dc5ed",
    "color" : "#009900",
    "position" : {
      "x" : 23.416409,
      "y" : 0.0,
      "z" : 0.0
    },
    "orientation" : 51
  }, {
    "shape" : "2a3f955d-6b7f-4959-a80b-4447160a7c7b",
    "color" : "#FF3333",
    "position" : {
      "x" : 20.944271,
      "y" : 0.0,
      "z" : -23.416409
    },
    "orientation" : 23
  }, {
    "shape" : "3a6f8134-c8d0-40a2-9cbc-f86cc094d729",
    "color" : "#0099FF",
    "position" : {
      "x" : -22.18034,
      "y" : 20.944271,
      "z" : 1.236068
    },
    "orientation" : 23
  }, {
    "shape" : "4158d656-3f96-4e0e-9dbc-d5eddd4bdffc",
    "color" : "#009900",
    "position" : {
      "x" : 12.326238,
      "y" : -11.09017,
      "z" : 11.09017
    },
    "orientation" : 36
  }, {
    "shape" : "b492f304-7a6e-41cc-ad35-33c2732aeaf0",
    "color" : "#FFFF7A",
    "position" : {
      "x" : 1.236068,
      "y" : 0.0,
      "z" : 22.18034
    },
    "orientation" : 38
  }, {
    "shape" : "4158d656-3f96-4e0e-9dbc-d5eddd4bdffc",
    "color" : "#009900",
    "position" : {
      "x" : 20.944271,
      "y" : 0.0,
      "z" : -22.18034
    },
    "orientation" : 21
  }, {
    "shape" : "85f242f7-eae8-4d15-b918-2ef39a8725e5",
    "color" : "#009900",
    "position" : {
      "x" : 12.326238,
      "y" : 11.09017,
      "z" : -11.09017
    },
    "orientation" : 53
  }, {
    "shape" : "bf15c078-55f0-4147-aef5-3c34978dc5ed",
    "color" : "#FF3333",
    "position" : {
      "x" : -11.09017,
      "y" : -11.09017,
      "z" : -12.326238
    },
    "orientation" : 38
  }, {
    "shape" : "85f242f7-eae8-4d15-b918-2ef39a8725e5",
    "color" : "#FFFF7A",
    "position" : {
      "x" : 32.034443,
      "y" : 11.09017,
      "z" : 11.09017
    },
    "orientation" : 23
  }, {
    "shape" : "bf15c078-55f0-4147-aef5-3c34978dc5ed",
    "color" : "#FF3333",
    "position" : {
      "x" : -20.944271,
      "y" : 0.0,
      "z" : 0.0
    },
    "orientation" : 36
  }, {
    "shape" : "64a6ad53-4652-4db0-a76c-e579b117ea32",
    "color" : "#009900",
    "position" : {
      "x" : 43.12461,
      "y" : 1.236068,
      "z" : 0.0
    },
    "orientation" : 6
  }, {
    "shape" : "bf15c078-55f0-4147-aef5-3c34978dc5ed",
    "color" : "#009900",
    "position" : {
      "x" : 11.09017,
      "y" : 9.854102,
      "z" : -11.09017
    },
    "orientation" : 7
  }, {
    "shape" : "bf15c078-55f0-4147-aef5-3c34978dc5ed",
    "color" : "#0099FF",
    "position" : {
      "x" : 11.09017,
      "y" : 11.09017,
      "z" : -9.854102
    },
    "orientation" : 23
  }, {
    "shape" : "85f242f7-eae8-4d15-b918-2ef39a8725e5",
    "color" : "#009900",
    "position" : {
      "x" : 1.236068,
      "y" : -22.18034,
      "z" : 22.18034
    },
    "orientation" : 38
  }, {
    "shape" : "3a6f8134-c8d0-40a2-9cbc-f86cc094d729",
    "color" : "#FF3333",
    "position" : {
      "x" : -1.236068,
      "y" : 20.944271,
      "z" : -22.18034
    },
    "orientation" : 52
  }, {
    "shape" : "3a6f8134-c8d0-40a2-9cbc-f86cc094d729",
    "color" : "#FFFF7A",
    "position" : {
