{
  "field" : "golden",
  "symmetry" : "icosahedral",
  "orientations" : [ [ 1.0, 0.0, 0.0, 0.0, 0.0, 1.0, 0.0, 0.0, 0.0, 0.0, 1.0, 0.0, 0.0, 0.0, 0.0, 1.0 ], [ 0.0, 0.0, 1.0, 0.0, 1.0, 0.0, 0.0, 0.0, 0.0, 1.0, 0.0, 0.0, 0.0, 0.0, 0.0, 1.0 ], [ 0.0, 1.0, 0.0, 0.0, 0.0, 0.0, 1.0, 0.0, 1.0, 0.0, 0.0, 0.0, 0.0, 0.0, 0.0, 1.0 ], [ 0.809017, 0.309017, 0.5, 0.0, 0.309017, 0.5, -0.809017, 0.0, -0.5, 0.809017, 0.309017, 0.0, 0.0, 0.0, 0.0, 1.0 ], [ -0.5, 0.809017, 0.309017, 0.0, 0.809017, 0.309017, 0.5, 0.0, 0.309017, 0.5, -0.809017, 0.0, 0.0, 0.0, 0.0, 1.0 ], [ 0.309017, 0.5, -0.809017, 0.0, -0.5, 0.809017, 0.309017, 0.0, 0.809017, 0.309017, 0.5, 0.0, 0.0, 0.0, 0.0, 1.0 ], [ 0.5, 0.809017, 0.309017, 0.0, 0.809017, -0.309017, -0.5, 0.0, -0.309017, 0.5, -0.809017, 0.0, 0.0, 0.0, 0.0, 1.0 ], [ -0.309017, 0.5, -0.809017, 0.0, 0.5, 0.809017, 0.309017, 0.0, 0.809017, -0.309017, -0.5, 0.0, 0.0, 0.0, 0.0, 1.0 ], [ 0.809017, -0.309017, -0.5, 0.0, -0.309017, 0.5, -0.809017, 0.0, 0.5, 0.809017, 0.309017, 0.0, 0.0, 0.0, 0.0, 1.0 ], [ 0.5, 0.809017, -0.309017, 0.0, 0.809017, -0.309017, 0.5, 0.0, 0.309017, -0.5, -0.809017, 0.0, 0.0, 0.0, 0.0, 1.0 ], [ 0.309017, -0.5, -0.809017, 0.0, 0.5, 0.809017, -0.309017, 0.0, 0.809017, -0.309017, 0.5, 0.0, 0.0, 0.0, 0.0, 1.0 ], [ 0.809017, -0.309017, 0.5, 0.0, 0.309017, -0.5, -0.809017, 0.0, 0.5, 0.809017, -0.309017, 0.0, 0.0, 0.0, 0.0, 1.0 ], [ 0.809017, 0.309017, -0.5, 0.0, 0.309017, 0.5, 0.809017, 0.0, 0.5, -0.809017, 0.309017, 0.0, 0.0, 0.0, 0.0, 1.0 ], [ 0.5, -0.809017, 0.309017, 0.0, 0.809017, 0.309017, -0.5, 0.0, 0.309017, 0.5, 0.809017, 0.0, 0.0, 0.0, 0.0, 1.0 ], [ 0.309017, 0.5, 0.809017, 0.0, 0.5, -0.809017, 0.309017, 0.0, 0.809017, 0.309017, -0.5, 0.0, 0.0, 0.0, 0.0, 1.0 ], [ 1.0, 0.0, 0.0, 0.0, 0.0, -1.0, 0.0, 0.0, 0.0, 0.0, -1.0, 0.0, 0.0, 0.0, 0.0, 1.0 ], [ 0.0, 0.0, 1.0, 0.0, -1.0, 0.0, 0.0, 0.0, 0.0, -1.0, 0.0, 0.0, 0.0, 0.0, 0.0, 1.0 ], [ 0.0, 1.0, 0.0, 0.0, 0.0, 0.0, -1.0, 0.0, -1.0, 0.0, 0.0, 0.0, 0.0, 0.0, 0.0, 1.0 ], [ 0.809017, 0.309017, 0.5, 0.0, -0.309017, -0.5, 0.809017, 0.0, 0.5, -0.809017, -0.309017, 0.0, 0.0, 0.0, 0.0, 1.0 ], [ -0.5, 0.809017, 0.309017, 0.0, -0.809017, -0.309017, -0.5, 0.0, -0.309017, -0.5, 0.809017, 0.0, 0.0, 0.0, 0.0, 1.0 ], [ 0.309017, 0.5, -0.809017, 0.0, 0.5, -0.809017, -0.309017, 0.0, -0.809017, -0.309017, -0.5, 0.0, 0.0, 0.0, 0.0, 1.0 ], [ 0.5, 0.809017, 0.309017, 0.0, -0.809017, 0.309017, 0.5, 0.0, 0.309017, -0.5, 0.809017, 0.0, 0.0, 0.0, 0.0, 1.0 ], [ -0.309017, 0.5, -0.809017, 0.0, -0.5, -0.809017, -0.309017, 0.0, -0.809017, 0.309017, 0.5, 0.0, 0.0, 0.0, 0.0, 1.0 ], [ 0.809017, -0.309017, -0.5, 0.0, 0.309017, -0.5, 0.809017, 0.0, -0.5, -0.809017, -0.309017, 0.0, 0.0, 0.0, 0.0, 1.0 ], [ 0.5, 0.809017, -0.309017, 0.0, -0.809017, 0.309017, -0.5, 0.0, -0.309017, 0.5, 0.809017, 0.0, 0.0, 0.0, 0.0, 1.0 ], [ 0.309017, -0.5, -0.809017, 0.0, -0.5, -0.809017, 0.309017, 0.0, -0.809017, 0.309017, -0.5, 0.0, 0.0, 0.0, 0.0, 1.0 ], [ 0.809017, -0.309017, 0.5, 0.0, -0.309017, 0.5, 0.809017, 0.0, -0.5, -0.809017, 0.309017, 0.0, 0.0, 0.0, 0.0, 1.0 ], [ 0.809017, 0.309017, -0.5, 0.0, -0.309017, -0.5, -0.809017, 0.0, -0.5, 0.809017, -0.309017, 0.0, 0.0, 0.0, 0.0, 1.0 ], [ 0.5, -0.809017, 0.309017, 0.0, -0.809017, -0.309017, 0.5, 0.0, -0.309017, -0.5, -0.809017, 0.0, 0.0, 0.0, 0.0, 1.0 ], [ 0.309017, 0.5, 0.809017, 0.0, -0.5, 0.809017, -0.309017, 0.0, -0.809017, -0.309017, 0.5, 0.0, 0.0, 0.0, 0.0, 1.0 ], [ -1.0, 0.0, 0.0, 0.0, 0.0, -1.0, 0.0, 0.0, 0.0, 0.0, 1.0, 0.0, 0.0, 0.0, 0.0, 1.0 ], [ 0.0, 0.0, -1.0, 0.0, -1.0, 0.0, 0.0, 0.0, 0.0, 1.0, 0.0, 0.0, 0.0, 0.0, 0.0, 1.0 ], [ 0.0, -1.0, 0.0, 0.0, 0.0, 0.0, -1.0, 0.0, 1.0, 0.0, 0.0, 0.0, 0.0, 0.0, 0.0, 1.0 ], [ -0.809017, -0.309017, -0.5, 0.0, -0.309017, -0.5, 0.809017, 0.0, -0.5, 0.809017, 0.309017, 0.0, 0.0, 0.0, 0.0, 1.0 ], [ 0.5, -0.809017, -0.309017, 0.0, -0.809017, -0.309017, -0.5, 0.0, 0.309017, 0.5, -0.809017, 0.0, 0.0, 0.0, 0.0, 1.0 ], [ -0.309017, -0.5, 0.809017, 0.0, 0.5, -0.809017, -0.309017, 0.0, 0.809017, 0.309017, 0.5, 0.0, 0.0, 0.0, 0.0, 1.0 ], [ -0.5, -0.809017, -0.309017, 0.0, -0.809017, 0.309017, 0.5, 0.0, -0.309017, 0.5, -0.809017, 0.0, 0.0, 0.0, 0.0, 1.0 ], [ 0.309017, -0.5, 0.809017, 0.0, -0.5, -0.809017, -0.309017, 0.0, 0.809017, -0.309017, -0.5, 0.0, 0.0, 0.0, 0.0, 1.0 ], [ -0.809017, 0.309017, 0.5, 0.0, 0.309017, -0.5, 0.809017, 0.0, 0.5, 0.809017, 0.309017, 0.0, 0.0, 0.0, 0.0, 1.0 ], [ -0.5, -0.809017, 0.309017, 0.0, -0.809017, 0.309017, -0.5, 0.0, 0.309017, -0.5, -0.809017, 0.0, 0.0, 0.0, 0.0, 1.0 ], [ -0.309017, 0.5, 0.809017, 0.0, -0.5, -0.809017, 0.309017, 0.0, 0.809017, -0.309017, 0.5, 0.0, 0.0, 0.0, 0.0, 1.0 ], [ -0.809017, 0.309017, -0.5, 0.0, -0.309017, 0.5, 0.809017, 0.0, 0.5, 0.809017, -0.309017, 0.0, 0.0, 0.0, 0.0, 1.0 ], [ -0.809017, -0.309017, 0.5, 0.0, -0.309017, -0.5, -0.809017, 0.0, 0.5, -0.809017, 0.309017, 0.0, 0.0, 0.0, 0.0, 1.0 ], [ -0.5, 0.809017, -0.309017, 0.0, -0.809017, -0.309017, 0.5, 0.0, 0.309017, 0.5, 0.809017, 0.0, 0.0, 0.0, 0.0, 1.0 ], [ -0.309017, -0.5, -0.809017, 0.0, -0.5, 0.809017, -0.309017, 0.0, 0.809017, 0.309017, -0.5, 0.0, 0.0, 0.0, 0.0, 1.0 ], [ -1.0, 0.0, 0.0, 0.0, 0.0, 1.0, 0.0, 0.0, 0.0, 0.0, -1.0, 0.0, 0.0, 0.0, 0.0, 1.0 ], [ 0.0, 0.0, -1.0, 0.0, 1.0, 0.0, 0.0, 0.0, 0.0, -1.0, 0.0, 0.0, 0.0, 0.0, 0.0, 1.0 ], [ 0.0, -1.0, 0.0, 0.0, 0.0, 0.0, 1.0, 0.0, -1.0, 0.0, 0.0, 0.0, 0.0, 0.0, 0.0, 1.0 ], [ -0.809017, -0.309017, -0.5, 0.0, 0.309017, 0.5, -0.809017, 0.0, 0.5, -0.809017, -0.309017, 0.0, 0.0, 0.0, 0.0, 1.0 ], [ 0.5, -0.809017, -0.309017, 0.0, 0.809017, 0.309017, 0.5, 0.0, -0.309017, -0.5, 0.809017, 0.0, 0.0, 0.0, 0.0, 1.0 ], [ -0.309017, -0.5, 0.809017, 0.0, -0.5, 0.809017, 0.309017, 0.0, -0.809017, -0.309017, -0.5, 0.0, 0.0, 0.0, 0.0, 1.0 ], [ -0.5, -0.809017, -0.309017, 0.0, 0.809017, -0.309017, -0.5, 0.0, 0.309017, -0.5, 0.809017, 0.0, 0.0, 0.0, 0.0, 1.0 ], [ 0.309017, -0.5, 0.809017, 0.0, 0.5, 0.809017, 0.309017, 0.0, -0.809017, 0.309017, 0.5, 0.0, 0.0, 0.0, 0.0, 1.0 ], [ -0.809017, 0.309017, 0.5, 0.0, -0.309017, 0.5, -0.809017, 0.0, -0.5, -0.809017, -0.309017, 0.0, 0.0, 0.0, 0.0, 1.0 ], [ -0.5, -0.809017, 0.309017, 0.0, 0.809017, -0.309017, 0.5, 0.0, -0.309017, 0.5, 0.809017, 0.0, 0.0, 0.0, 0.0, 1.0 ], [ -0.309017, 0.5, 0.809017, 0.0, 0.5, 0.809017, -0.309017, 0.0, -0.809017, 0.309017, -0.5, 0.0, 0.0, 0.0, 0.0, 1.0 ], [ -0.809017, 0.309017, -0.5, 0.0, 0.309017, -0.5, -0.809017, 0.0, -0.5, -0.809017, 0.309017, 0.0, 0.0, 0.0, 0.0, 1.0 ], [ -0.809017, -0.309017, 0.5, 0.0, 0.309017, 0.5, 0.809017, 0.0, -0.5, 0.809017, -0.309017, 0.0, 0.0, 0.0, 0.0, 1.0 ], [ -0.5, 0.809017, -0.309017, 0.0, 0.809017, 0.309017, -0.5, 0.0, -0.309017, -0.5, -0.809017, 0.0, 0.0, 0.0, 0.0, 1.0 ], [ -0.309017, -0.5, -0.809017, 0.0, 0.5, -0.809017, 0.309017, 0.0, -0.809017, -0.309017, 0.5, 0.0, 0.0, 0.0, 0.0, 1.0 ] ],
  "lights" : {
    "ambientColor" : "#292929",
    "backgroundColor" : "#AFC8DC",
    "directionalLights" : [ {
      "direction" : {
        "x" : 1.0,
        "y" : -1.0,
        "z" : -1.0
      },
      "color" : "#EBEBE4"
    }, {
      "direction" : {
        "x" : -1.0,
        "y" : 0.0,
        "z" : 0.0
      },
      "color" : "#E4E4EB"
    }, {
      "direction" : {
        "x" : 0.0,
        "y" : 0.0,
        "z" : -1.0
      },
      "color" : "#1E1E1E"
    } ]
  },
  "camera" : {
    "stereo" : false,
    "width" : 87.38918,
    "perspective" : false,
    "lookDirection" : {
      "x" : 0.0,
      "y" : 0.0,
      "z" : -1.0
    },
    "upDirection" : {
      "x" : 0.0,
      "y" : 1.0,
      "z" : 0.0
    },
    "lookAtPoint" : {
      "x" : 0.0,
      "y" : 0.0,
      "z" : 0.0
    },
    "viewDistance" : 194.19821,
    "nearClipDistance" : 0.4854958,
    "farClipDistance" : 388.39743,
    "fieldOfView" : 0.44262883,
    "position" : {
      "x" : 0.0,
      "y" : 0.0,
      "z" : 194.19821
    }
  },
  "embedding" : [ 1.0, 0.0, 0.0, 0.0, 0.0, 1.0, 0.0, 0.0, 0.0, 0.0, 1.0, 0.0, 0.0, 0.0, 0.0, 1.0 ],
  "shapes" : [ {
    "id" : "e0e61650-f32c-4084-a17b-5983913520ab",
    "vertices" : [ {
      "x" : 6.854102,
      "y" : 0.0,
      "z" : -2.618034
    }, {
      "x" : 6.545085,
      "y" : 0.0,
      "z" : -2.5
    }, {
      "x" : 6.1405764,
      "y" : -0.1545085,
      "z" : -2.059017
    }, {
      "x" : 5.9495935,
      "y" : -0.1545085,
      "z" : -2.559017
    }, {
      "x" : 0.9045085,
      "y" : -0.1545085,
      "z" : -0.059016995
    }, {
      "x" : 0.809017,
      "y" : 0.309017,
      "z" : -0.309017
    }, {
      "x" : 0.309017,
      "y" : 0.0,
      "z" : -0.11803399
    }, {
      "x" : 6.045085,
      "y" : 0.309017,
      "z" : -2.309017
    }, {
      "x" : 0.7135255,
      "y" : -0.1545085,
      "z" : -0.559017
    } ],
    "faces" : [ {
      "vertices" : [ 2, 4, 8 ]
    }, {
      "vertices" : [ 2, 8, 3 ]
    }, {
      "vertices" : [ 2, 7, 5 ]
    }, {
      "vertices" : [ 2, 5, 4 ]
    }, {
      "vertices" : [ 4, 6, 8 ]
    }, {
      "vertices" : [ 5, 8, 6 ]
    }, {
      "vertices" : [ 1, 2, 3 ]
    }, {
      "vertices" : [ 3, 8, 5 ]
    }, {
      "vertices" : [ 3, 5, 7 ]
    }, {
      "vertices" : [ 1, 7, 2 ]
    }, {
      "vertices" : [ 1, 3, 7 ]
    }, {
      "vertices" : [ 4, 5, 6 ]
    } ]
  }, {
    "id" : "49ec52ba-5c1a-4086-a149-3409b5dec161",
    "vertices" : [ {
      "x" : 0.309017,
      "y" : -0.309017,
      "z" : -0.309017
    }, {
      "x" : 0.5,
      "y" : 0.0,
      "z" : -0.19098301
    }, {
      "x" : 0.5,
      "y" : 0.0,
      "z" : 0.19098301
    }, {
      "x" : 0.309017,
      "y" : -0.309017,
      "z" : 0.309017
    }, {
      "x" : 0.19098301,
      "y" : -0.5,
      "z" : 0.0
    }, {
      "x" : 0.0,
      "y" : 0.19098301,
      "z" : 0.5
    }, {
      "x" : 0.0,
      "y" : -0.19098301,
      "z" : 0.5
    }, {
      "x" : 0.309017,
      "y" : 0.309017,
      "z" : 0.309017
    }, {
      "x" : -0.309017,
      "y" : -0.309017,
      "z" : 0.309017
    }, {
      "x" : -0.309017,
      "y" : 0.309017,
      "z" : 0.309017
    }, {
      "x" : -0.5,
      "y" : 0.0,
      "z" : 0.19098301
    }, {
      "x" : 0.0,
      "y" : -0.19098301,
      "z" : -0.5
    }, {
      "x" : 0.0,
      "y" : 0.19098301,
      "z" : -0.5
    }, {
      "x" : 0.309017,
      "y" : 0.309017,
      "z" : -0.309017
    }, {
      "x" : -0.309017,
      "y" : -0.309017,
      "z" : -0.309017
    }, {
      "x" : -0.19098301,
      "y" : -0.5,
      "z" : 0.0
    }, {
      "x" : -0.5,
      "y" : 0.0,
      "z" : -0.19098301
    }, {
      "x" : 0.19098301,
      "y" : 0.5,
      "z" : 0.0
    }, {
      "x" : -0.309017,
      "y" : 0.309017,
      "z" : -0.309017
    }, {
      "x" : 0.0,
      "y" : 0.0,
      "z" : 0.0
    }, {
      "x" : -0.19098301,
      "y" : 0.5,
      "z" : 0.0
    } ],
    "faces" : [ {
      "vertices" : [ 12, 18, 20 ]
    }, {
      "vertices" : [ 12, 20, 17 ]
    }, {
      "vertices" : [ 12, 17, 13 ]
    }, {
      "vertices" : [ 3, 6, 8 ]
    }, {
      "vertices" : [ 3, 8, 15 ]
    }, {
      "vertices" : [ 3, 15, 4 ]
    }, {
      "vertices" : [ 0, 11, 12 ]
    }, {
      "vertices" : [ 0, 12, 13 ]
    }, {
      "vertices" : [ 0, 13, 1 ]
    }, {
      "vertices" : [ 5, 9, 10 ]
    }, {
      "vertices" : [ 5, 10, 8 ]
    }, {
      "vertices" : [ 5, 8, 6 ]
    }, {
      "vertices" : [ 2, 7, 5 ]
    }, {
      "vertices" : [ 2, 5, 6 ]
    }, {
      "vertices" : [ 2, 6, 3 ]
    }, {
      "vertices" : [ 11, 14, 16 ]
    }, {
      "vertices" : [ 11, 16, 18 ]
    }, {
      "vertices" : [ 11, 18, 12 ]
    }, {
      "vertices" : [ 1, 13, 17 ]
    }, {
      "vertices" : [ 1, 17, 7 ]
    }, {
      "vertices" : [ 1, 7, 2 ]
    }, {
      "vertices" : [ 9, 20, 18 ]
    }, {
      "vertices" : [ 9, 18, 16 ]
    }, {
      "vertices" : [ 9, 16, 10 ]
    }, {
      "vertices" : [ 0, 1, 2 ]
    }, {
      "vertices" : [ 0, 2, 3 ]
    }, {
      "vertices" : [ 0, 3, 4 ]
    }, {
      "vertices" : [ 5, 7, 17 ]
    }, {
      "vertices" : [ 5, 17, 20 ]
    }, {
      "vertices" : [ 5, 20, 9 ]
    }, {
      "vertices" : [ 0, 4, 15 ]
    }, {
      "vertices" : [ 0, 15, 14 ]
    }, {
      "vertices" : [ 0, 14, 11 ]
    }, {
      "vertices" : [ 8, 10, 16 ]
    }, {
      "vertices" : [ 8, 16, 14 ]
    }, {
      "vertices" : [ 8, 14, 15 ]
    } ]
  }, {
    "id" : "047513df-82ff-4395-8da9-0253bbb09a34",
    "vertices" : [ {
      "x" : 4.236068,
      "y" : 0.0,
      "z" : -1.618034
    }, {
      "x" : 3.927051,
      "y" : 0.0,
      "z" : -1.5
    }, {
      "x" : 3.5225425,
      "y" : -0.1545085,
      "z" : -1.059017
    }, {
      "x" : 3.3315594,
      "y" : -0.1545085,
      "z" : -1.559017
    }, {
      "x" : 0.9045085,
      "y" : -0.1545085,
      "z" : -0.059016995
    }, {
      "x" : 0.809017,
      "y" : 0.309017,
      "z" : -0.309017
    }, {
      "x" : 0.309017,
      "y" : 0.0,
      "z" : -0.11803399
    }, {
      "x" : 3.427051,
      "y" : 0.309017,
      "z" : -1.309017
    }, {
      "x" : 0.7135255,
      "y" : -0.1545085,
      "z" : -0.559017
    } ],
    "faces" : [ {
      "vertices" : [ 2, 4, 8 ]
    }, {
      "vertices" : [ 2, 8, 3 ]
    }, {
      "vertices" : [ 2, 7, 5 ]
    }, {
      "vertices" : [ 2, 5, 4 ]
    }, {
      "vertices" : [ 4, 6, 8 ]
    }, {
      "vertices" : [ 5, 8, 6 ]
    }, {
      "vertices" : [ 1, 2, 3 ]
    }, {
      "vertices" : [ 3, 8, 5 ]
    }, {
      "vertices" : [ 3, 5, 7 ]
    }, {
      "vertices" : [ 1, 7, 2 ]
    }, {
      "vertices" : [ 1, 3, 7 ]
    }, {
      "vertices" : [ 4, 5, 6 ]
    } ]
  } ],
  "instances" : [ {
    "shape" : "e0e61650-f32c-4084-a17b-5983913520ab",
    "color" : "#F0A000",
    "position" : {
      "x" : 2.618034,
      "y" : 0.0,
      "z" : 17.944271
    },
    "orientation" : 0
  }, {
    "shape" : "e0e61650-f32c-4084-a17b-5983913520ab",
    "color" : "#F0A000",
    "position" : {
      "x" : 13.708204,
      "y" : -4.236068,
      "z" : -11.09017
    },
    "orientation" : 16
  }, {
    "shape" : "e0e61650-f32c-4084-a17b-5983913520ab",
    "color" : "#66FF66",
    "position" : {
      "x" : -11.09017,
      "y" : 11.09017,
      "z" : -11.09017
    },
    "orientation" : 39
  }, {
    "shape" : "e0e61650-f32c-4084-a17b-5983913520ab",
    "color" : "#F0A000",
    "position" : {
      "x" : 11.09017,
      "y" : 11.09017,
      "z" : -11.09017
    },
    "orientation" : 7
  }, {
    "shape" : "e0e61650-f32c-4084-a17b-5983913520ab",
    "color" : "#66FF66",
    "position" : {
      "x" : 6.854102,
      "y" : 6.854102,
      "z" : -15.326238
    },
    "orientation" : 9
  }, {
    "shape" : "49ec52ba-5c1a-4086-a149-3409b5dec161",
    "color" : "#FFFFFF",
    "position" : {
      "x" : -6.854102,
      "y" : -15.326238,
      "z" : 6.854102
    }
  }, {
    "shape" : "e0e61650-f32c-4084-a17b-5983913520ab",
    "color" : "#F0A000",
    "position" : {
      "x" : -6.854102,
      "y" : 6.854102,
      "z" : 15.326238
    },
    "orientation" : 16
  }, {
    "shape" : "e0e61650-f32c-4084-a17b-5983913520ab",
    "color" : "#66FF66",
    "position" : {
      "x" : 11.09017,
      "y" : 13.708204,
      "z" : -4.236068
    },
    "orientation" : 4
  }, {
    "shape" : "49ec52ba-5c1a-4086-a149-3409b5dec161",
    "color" : "#FFFFFF",
    "position" : {
      "x" : 6.854102,
      "y" : -15.326238,
      "z" : 6.854102
    }
  }, {
    "shape" : "e0e61650-f32c-4084-a17b-5983913520ab",
    "color" : "#F0A000",
    "position" : {
      "x" : -9.472136,
      "y" : 0.0,
      "z" : -6.854102
    },
    "orientation" : 7
  }, {
    "shape" : "e0e61650-f32c-4084-a17b-5983913520ab",
    "color" : "#F0A000",
    "position" : {
      "x" : 9.472136,
      "y" : 0.0,
      "z" : -6.854102
    },
    "orientation" : 2
  }, {
    "shape" : "e0e61650-f32c-4084-a17b-5983913520ab",
    "color" : "#66FF66",
    "position" : {
      "x" : 0.0,
      "y" : -6.854102,
      "z" : -17.944271
    },
    "orientation" : 5
  }, {
    "shape" : "e0e61650-f32c-4084-a17b-5983913520ab",
    "color" : "#F0A000",
    "position" : {
      "x" : -17.944271,
      "y" : 2.618034,
      "z" : 0.0
    },
    "orientation" : 6
  }, {
    "shape" : "e0e61650-f32c-4084-a17b-5983913520ab",
    "color" : "#F0A000",
    "position" : {
      "x" : 0.0,
      "y" : 9.472136,
      "z" : 2.618034
    },
    "orientation" : 2
  }, {
    "shape" : "49ec52ba-5c1a-4086-a149-3409b5dec161",
    "color" : "#FFFFFF",
    "position" : {
      "x" : 9.472136,
      "y" : 0.0,
      "z" : -15.326238
    }
  }, {
    "shape" : "49ec52ba-5c1a-4086-a149-3409b5dec161",
    "color" : "#FFFFFF",
    "position" : {
      "x" : 6.854102,
      "y" : -15.326238,
      "z" : -6.854102
    }
  }, {
    "shape" : "e0e61650-f32c-4084-a17b-5983913520ab",
    "color" : "#F0A000",
    "position" : {
      "x" : -2.618034,
      "y" : 0.0,
      "z" : 17.944271
    },
    "orientation" : 6
  }, {
    "shape" : "49ec52ba-5c1a-4086-a149-3409b5dec161",
    "color" : "#FFFFFF",
    "position" : {
      "x" : 13.708204,
      "y" : -4.236068,
      "z" : -11.09017
    }
  }, {
    "shape" : "e0e61650-f32c-4084-a17b-5983913520ab",
    "color" : "#66FF66",
    "position" : {
      "x" : -13.708204,
      "y" : 4.236068,
      "z" : -11.09017
    },
    "orientation" : 24
  }, {
    "shape" : "e0e61650-f32c-4084-a17b-5983913520ab",
    "color" : "#F0A000",
    "position" : {
      "x" : 0.0,
      "y" : 6.854102,
      "z" : 9.472136
    },
    "orientation" : 30
  }, {
    "shape" : "e0e61650-f32c-4084-a17b-5983913520ab",
    "color" : "#66FF66",
    "position" : {
      "x" : -4.236068,
      "y" : -11.09017,
      "z" : -13.708204
    },
    "orientation" : 3
  }, {
    "shape" : "e0e61650-f32c-4084-a17b-5983913520ab",
    "color" : "#F0A000",
    "position" : {
      "x" : -9.472136,
      "y" : 0.0,
      "z" : 6.854102
    },
    "orientation" : 17
  }, {
    "shape" : "49ec52ba-5c1a-4086-a149-3409b5dec161",
    "color" : "#FFFFFF",
    "position" : {
      "x" : 0.0,
      "y" : -6.854102,
      "z" : 17.944271
    }
  }, {
    "shape" : "e0e61650-f32c-4084-a17b-5983913520ab",
    "color" : "#F0A000",
    "position" : {
      "x" : 0.0,
      "y" : -9.472136,
      "z" : 2.618034
    },
    "orientation" : 0
  }, {
    "shape" : "e0e61650-f32c-4084-a17b-5983913520ab",
    "color" : "#F0A000",
    "position" : {
      "x" : -11.09017,
      "y" : 11.09017,
      "z" : 11.09017
    },
    "orientation" : 16
  }, {
    "shape" : "e0e61650-f32c-4084-a17b-5983913520ab",
    "color" : "#F0A000",
    "position" : {
      "x" : 0.0,
      "y" : -6.854102,
      "z" : -9.472136
    },
    "orientation" : 38
  }, {
    "shape" : "e0e61650-f32c-4084-a17b-5983913520ab",
    "color" : "#F0A000",
    "position" : {
      "x" : 2.618034,
      "y" : 0.0,
      "z" : -9.472136
    },
    "orientation" : 1
  }, {
    "shape" : "e0e61650-f32c-4084-a17b-5983913520ab",
    "color" : "#66FF66",
    "position" : {
      "x" : 13.708204,
      "y" : 4.236068,
      "z" : -11.09017
    },
    "orientation" : 19
  }, {
    "shape" : "49ec52ba-5c1a-4086-a149-3409b5dec161",
    "color" : "#FFFFFF",
    "position" : {
      "x" : 6.854102,
      "y" : -17.944271,
      "z" : 0.0
    }
  }, {
    "shape" : "e0e61650-f32c-4084-a17b-5983913520ab",
    "color" : "#F0A000",
    "position" : {
      "x" : -2.618034,
      "y" : 0.0,
      "z" : 9.472136
    },
    "orientation" : 6
  }, {
    "shape" : "e0e61650-f32c-4084-a17b-5983913520ab",
    "color" : "#F0A000",
    "position" : {
      "x" : 0.0,
      "y" : -17.944271,
      "z" : -2.618034
    },
    "orientation" : 17
  }, {
    "shape" : "e0e61650-f32c-4084-a17b-5983913520ab",
    "color" : "#F0A000",
    "position" : {
      "x" : 6.854102,
      "y" : -17.944271,
      "z" : 0.0
    },
    "orientation" : 7
  }, {
    "shape" : "e0e61650-f32c-4084-a17b-5983913520ab",
    "color" : "#66FF66",
    "position" : {
      "x" : 11.09017,
      "y" : -11.09017,
      "z" : -11.09017
    },
    "orientation" : 39
  }, {
    "shape" : "e0e61650-f32c-4084-a17b-5983913520ab",
    "color" : "#F0A000",
    "position" : {
      "x" : 15.326238,
      "y" : 6.854102,
      "z" : -6.854102
    },
    "orientation" : 7
  }, {
    "shape" : "e0e61650-f32c-4084-a17b-5983913520ab",
    "color" : "#F0A000",
    "position" : {
      "x" : 9.472136,
      "y" : 2.618034,
      "z" : 0.0
    },
    "orientation" : 2
  }, {
    "shape" : "49ec52ba-5c1a-4086-a149-3409b5dec161",
    "color" : "#FFFFFF",
    "position" : {
      "x" : 6.854102,
      "y" : -9.472136,
      "z" : 0.0
    }
  }, {
    "shape" : "e0e61650-f32c-4084-a17b-5983913520ab",
    "color" : "#F0A000",
    "position" : {
      "x" : 0.0,
      "y" : -6.854102,
      "z" : -17.944271
    },
    "orientation" : 38
  }, {
    "shape" : "e0e61650-f32c-4084-a17b-5983913520ab",
    "color" : "#F0A000",
    "position" : {
      "x" : 0.0,
      "y" : -17.944271,
      "z" : -2.618034
    },
    "orientation" : 38
  }, {
    "shape" : "e0e61650-f32c-4084-a17b-5983913520ab",
    "color" : "#F0A000",
    "position" : {
      "x" : 0.0,
      "y" : -6.854102,
      "z" : 9.472136
    },
    "orientation" : 30
  }, {
    "shape" : "e0e61650-f32c-4084-a17b-5983913520ab",
    "color" : "#F0A000",
    "position" : {
      "x" : -13.708204,
      "y" : -4.236068,
      "z" : 11.09017
    },
    "orientation" : 21
  }, {
    "shape" : "e0e61650-f32c-4084-a17b-5983913520ab",
    "color" : "#F0A000",
    "position" : {
      "x" : 6.854102,
      "y" : 17.944271,
      "z" : 0.0
    },
    "orientation" : 38
  }, {
    "shape" : "49ec52ba-5c1a-4086-a149-3409b5dec161",
    "color" : "#FFFFFF",
    "position" : {
      "x" : 0.0,
      "y" : -6.854102,
      "z" : 9.472136
    }
  }, {
    "shape" : "e0e61650-f32c-4084-a17b-5983913520ab",
    "color" : "#F0A000",
    "position" : {
      "x" : 6.854102,
      "y" : -15.326238,
      "z" : -6.854102
    },
    "orientation" : 30
  }, {
    "shape" : "e0e61650-f32c-4084-a17b-5983913520ab",
    "color" : "#F0A000",
    "position" : {
      "x" : 6.854102,
      "y" : 6.854102,
      "z" : 6.854102
    },
    "orientation" : 17
  }, {
    "shape" : "49ec52ba-5c1a-4086-a149-3409b5dec161",
    "color" : "#FFFFFF",
    "position" : {
      "x" : -2.618034,
      "y" : 0.0,
      "z" : -9.472136
    }
  }, {
    "shape" : "49ec52ba-5c1a-4086-a149-3409b5dec161",
    "color" : "#FFFFFF",
    "position" : {
      "x" : 4.236068,
      "y" : -11.09017,
      "z" : -13.708204
    }
  }, {
    "shape" : "49ec52ba-5c1a-4086-a149-3409b5dec161",
    "color" : "#FFFFFF",
    "position" : {
      "x" : -4.236068,
      "y" : 11.09017,
      "z" : -13.708204
    }
  }, {
    "shape" : "49ec52ba-5c1a-4086-a149-3409b5dec161",
    "color" : "#FFFFFF",
    "position" : {
      "x" : 9.472136,
      "y" : 0.0,
      "z" : 15.326238
    }
  }, {
    "shape" : "49ec52ba-5c1a-4086-a149-3409b5dec161",
    "color" : "#FFFFFF",
    "position" : {
      "x" : 0.0,
      "y" : 6.854102,
      "z" : -9.472136
    }
  }, {
    "shape" : "49ec52ba-5c1a-4086-a149-3409b5dec161",
    "color" : "#FFFFFF",
    "position" : {
      "x" : 2.618034,
      "y" : 0.0,
      "z" : -17.944271
    }
  }, {
    "shape" : "e0e61650-f32c-4084-a17b-5983913520ab",
    "color" : "#66FF66",
    "position" : {
      "x" : -17.944271,
      "y" : 0.0,
      "z" : 6.854102
    },
    "orientation" : 5
  }, {
    "shape" : "e0e61650-f32c-4084-a17b-5983913520ab",
    "color" : "#66FF66",
    "position" : {
      "x" : -4.236068,
      "y" : 11.09017,
      "z" : 13.708204
    },
    "orientation" : 3
  }, {
    "shape" : "e0e61650-f32c-4084-a17b-5983913520ab",
    "color" : "#66FF66",
    "position" : {
      "x" : 6.854102,
      "y" : 15.326238,
      "z" : -6.854102
    },
    "orientation" : 24
  }, {
    "shape" : "e0e61650-f32c-4084-a17b-5983913520ab",
    "color" : "#F0A000",
    "position" : {
      "x" : 6.854102,
      "y" : 15.326238,
      "z" : 6.854102
    },
    "orientation" : 17
  }, {
    "shape" : "49ec52ba-5c1a-4086-a149-3409b5dec161",
    "color" : "#FFFFFF",
    "position" : {
      "x" : -6.854102,
      "y" : 9.472136,
      "z" : 0.0
    }
  }, {
    "shape" : "e0e61650-f32c-4084-a17b-5983913520ab",
    "color" : "#F0A000",
    "position" : {
      "x" : -6.854102,
      "y" : 17.944271,
      "z" : 0.0
    },
    "orientation" : 0
  }, {
    "shape" : "e0e61650-f32c-4084-a17b-5983913520ab",
    "color" : "#66FF66",
    "position" : {
      "x" : -15.326238,
      "y" : -6.854102,
      "z" : -6.854102
    },
    "orientation" : 24
  }, {
    "shape" : "e0e61650-f32c-4084-a17b-5983913520ab",
    "color" : "#F0A000",
    "position" : {
      "x" : 0.0,
      "y" : -9.472136,
      "z" : 2.618034
    },
    "orientation" : 7
  }, {
    "shape" : "e0e61650-f32c-4084-a17b-5983913520ab",
    "color" : "#F0A000",
    "position" : {
      "x" : 11.09017,
      "y" : 11.09017,
      "z" : -11.09017
    },
    "orientation" : 30
  }, {
    "shape" : "49ec52ba-5c1a-4086-a149-3409b5dec161",
    "color" : "#FFFFFF",
    "position" : {
      "x" : -17.944271,
      "y" : 0.0,
      "z" : -6.854102
    }
  }, {
    "shape" : "49ec52ba-5c1a-4086-a149-3409b5dec161",
    "color" : "#FFFFFF",
    "position" : {
      "x" : 2.618034,
      "y" : 0.0,
      "z" : 9.472136
    }
  }, {
    "shape" : "e0e61650-f32c-4084-a17b-5983913520ab",
    "color" : "#F0A000",
    "position" : {
      "x" : -4.236068,
      "y" : 11.09017,
      "z" : -13.708204
    },
    "orientation" : 38
  }, {
    "shape" : "49ec52ba-5c1a-4086-a149-3409b5dec161",
    "color" : "#FFFFFF",
    "position" : {
      "x" : -4.236068,
      "y" : -11.09017,
      "z" : 13.708204
    }
  }, {
    "shape" : "e0e61650-f32c-4084-a17b-5983913520ab",
    "color" : "#F0A000",
    "position" : {
      "x" : -4.236068,
      "y" : -11.09017,
      "z" : 13.708204
    },
    "orientation" : 30
  }, {
    "shape" : "e0e61650-f32c-4084-a17b-5983913520ab",
    "color" : "#F0A000",
    "position" : {
      "x" : 6.854102,
      "y" : 6.854102,
      "z" : 15.326238
    },
    "orientation" : 38
  }, {
    "shape" : "e0e61650-f32c-4084-a17b-5983913520ab",
    "color" : "#F0A000",
    "position" : {
      "x" : -17.944271,
      "y" : -2.618034,
      "z" : 0.0
    },
    "orientation" : 17
  }, {
    "shape" : "e0e61650-f32c-4084-a17b-5983913520ab",
    "color" : "#F0A000",
    "position" : {
      "x" : 0.0,
      "y" : 17.944271,
      "z" : 2.618034
    },
    "orientation" : 30
  }, {
    "shape" : "e0e61650-f32c-4084-a17b-5983913520ab",
    "color" : "#F0A000",
    "position" : {
      "x" : 0.0,
      "y" : 6.854102,
      "z" : 17.944271
    },
    "orientation" : 30
  }, {
    "shape" : "047513df-82ff-4395-8da9-0253bbb09a34",
    "color" : "#66FF66",
    "position" : {
      "x" : 0.0,
      "y" : 0.0,
      "z" : 0.0
    },
    "orientation" : 24
  }, {
    "shape" : "e0e61650-f32c-4084-a17b-5983913520ab",
    "color" : "#66FF66",
    "position" : {
      "x" : -11.09017,
      "y" : -11.09017,
      "z" : 11.09017
    },
    "orientation" : 9
  }, {
    "shape" : "e0e61650-f32c-4084-a17b-5983913520ab",
    "color" : "#66FF66",
    "position" : {
      "x" : -6.854102,
      "y" : -6.854102,
      "z" : -15.326238
    },
    "orientation" : 39
  }, {
    "shape" : "49ec52ba-5c1a-4086-a149-3409b5dec161",
    "color" : "#FFFFFF",
    "position" : {
      "x" : -6.854102,
      "y" : -15.326238,
      "z" : -6.854102
    }
  }, {
    "shape" : "e0e61650-f32c-4084-a17b-5983913520ab",
    "color" : "#66FF66",
    "position" : {
      "x" : 4.236068,
      "y" : -11.09017,
      "z" : 13.708204
    },
    "orientation" : 4
  }, {
    "shape" : "e0e61650-f32c-4084-a17b-5983913520ab",
    "color" : "#66FF66",
    "position" : {
      "x" : 15.326238,
      "y" : 6.854102,
      "z" : -6.854102
    },
    "orientation" : 54
  }, {
    "shape" : "e0e61650-f32c-4084-a17b-5983913520ab",
    "color" : "#F0A000",
    "position" : {
      "x" : -6.854102,
      "y" : 15.326238,
      "z" : -6.854102
    },
    "orientation" : 7
  }, {
    "shape" : "e0e61650-f32c-4084-a17b-5983913520ab",
    "color" : "#66FF66",
    "position" : {
      "x" : -11.09017,
      "y" : -11.09017,
      "z" : 11.09017
    },
    "orientation" : 24
  }, {
    "shape" : "e0e61650-f32c-4084-a17b-5983913520ab",
    "color" : "#F0A000",
    "position" : {
      "x" : -2.618034,
      "y" : 0.0,
      "z" : -17.944271
    },
    "orientation" : 38
  }, {
    "shape" : "e0e61650-f32c-4084-a17b-5983913520ab",
    "color" : "#66FF66",
    "position" : {
      "x" : -13.708204,
      "y" : -4.236068,
      "z" : 11.09017
    },
    "orientation" : 9
  }, {
    "shape" : "e0e61650-f32c-4084-a17b-5983913520ab",
    "color" : "#F0A000",
    "position" : {
      "x" : 0.0,
      "y" : -6.854102,
      "z" : -9.472136
    },
    "orientation" : 8
  }, {
    "shape" : "047513df-82ff-4395-8da9-0253bbb09a34",
    "color" : "#66FF66",
    "position" : {
      "x" : 0.0,
      "y" : 0.0,
      "z" : 0.0
    },
    "orientation" : 39
  }, {
    "shape" : "e0e61650-f32c-4084-a17b-5983913520ab",
    "color" : "#F0A000",
    "position" : {
      "x" : -6.854102,
      "y" : 6.854102,
      "z" : 6.854102
    },
    "orientation" : 17
  }, {
    "shape" : "49ec52ba-5c1a-4086-a149-3409b5dec161",
    "color" : "#FFFFFF",
    "position" : {
      "x" : 11.09017,
      "y" : -11.09017,
      "z" : -11.09017
    }
  }, {
    "shape" : "49ec52ba-5c1a-4086-a149-3409b5dec161",
    "color" : "#FFFFFF",
    "position" : {
      "x" : 13.708204,
      "y" : -4.236068,
      "z" : 11.09017
    }
  }, {
    "shape" : "e0e61650-f32c-4084-a17b-5983913520ab",
    "color" : "#66FF66",
    "position" : {
      "x" : -15.326238,
      "y" : 6.854102,
      "z" : 6.854102
    },
    "orientation" : 9
  }, {
    "shape" : "047513df-82ff-4395-8da9-0253bbb09a34",
    "color" : "#66FF66",
    "position" : {
      "x" : 0.0,
      "y" : 0.0,
      "z" : 0.0
    },
    "orientation" : 4
  }, {
    "shape" : "e0e61650-f32c-4084-a17b-5983913520ab",
    "color" : "#F0A000",
    "position" : {
      "x" : 2.618034,
      "y" : 0.0,
      "z" : -9.472136
    },
    "orientation" : 16
  }, {
    "shape" : "49ec52ba-5c1a-4086-a149-3409b5dec161",
    "color" : "#FFFFFF",
    "position" : {
      "x" : 0.0,
      "y" : 15.326238,
      "z" : -9.472136
    }
  }, {
    "shape" : "e0e61650-f32c-4084-a17b-5983913520ab",
    "color" : "#F0A000",
    "position" : {
      "x" : 11.09017,
      "y" : 11.09017,
      "z" : -11.09017
    },
    "orientation" : 21
  }, {
    "shape" : "e0e61650-f32c-4084-a17b-5983913520ab",
    "color" : "#F0A000",
    "position" : {
      "x" : 0.0,
      "y" : -6.854102,
      "z" : -17.944271
    },
    "orientation" : 6
  }, {
    "shape" : "e0e61650-f32c-4084-a17b-5983913520ab",
    "color" : "#F0A000",
    "position" : {
      "x" : 2.618034,
      "y" : 0.0,
      "z" : -9.472136
    },
    "orientation" : 8
  }, {
    "shape" : "e0e61650-f32c-4084-a17b-5983913520ab",
    "color" : "#F0A000",
    "position" : {
      "x" : -11.09017,
      "y" : -13.708204,
      "z" : 4.236068
    },
    "orientation" : 7
  }, {
    "shape" : "e0e61650-f32c-4084-a17b-5983913520ab",
    "color" : "#F0A000",
    "position" : {
      "x" : 17.944271,
      "y" : 0.0,
      "z" : 6.854102
    },
    "orientation" : 17
  }, {
    "shape" : "49ec52ba-5c1a-4086-a149-3409b5dec161",
    "color" : "#FFFFFF",
    "position" : {
      "x" : 15.326238,
      "y" : -6.854102,
      "z" : 6.854102
    }
  }, {
    "shape" : "49ec52ba-5c1a-4086-a149-3409b5dec161",
    "color" : "#FFFFFF",
    "position" : {
      "x" : -4.236068,
      "y" : -11.09017,
      "z" : -13.708204
    }
  }, {
    "shape" : "49ec52ba-5c1a-4086-a149-3409b5dec161",
    "color" : "#FFFFFF",
    "position" : {
      "x" : 13.708204,
      "y" : 4.236068,
      "z" : -11.09017
    }
  }, {
    "shape" : "49ec52ba-5c1a-4086-a149-3409b5dec161",
    "color" : "#FFFFFF",
    "position" : {
      "x" : 0.0,
      "y" : -17.944271,
      "z" : 2.618034
    }
  }, {
    "shape" : "e0e61650-f32c-4084-a17b-5983913520ab",
    "color" : "#66FF66",
    "position" : {
      "x" : -6.854102,
      "y" : -15.326238,
      "z" : -6.854102
    },
    "orientation" : 54
  }, {
    "shape" : "e0e61650-f32c-4084-a17b-5983913520ab",
    "color" : "#F0A000",
    "position" : {
      "x" : 13.708204,
      "y" : 4.236068,
      "z" : 11.09017
    },
    "orientation" : 1
  }, {
    "shape" : "e0e61650-f32c-4084-a17b-5983913520ab",
    "color" : "#F0A000",
    "position" : {
      "x" : 11.09017,
      "y" : -11.09017,
      "z" : 11.09017
    },
    "orientation" : 6
  }, {
    "shape" : "e0e61650-f32c-4084-a17b-5983913520ab",
    "color" : "#66FF66",
    "position" : {
      "x" : 4.236068,
      "y" : -11.09017,
      "z" : 13.708204
    },
    "orientation" : 19
  }, {
    "shape" : "49ec52ba-5c1a-4086-a149-3409b5dec161",
    "color" : "#FFFFFF",
    "position" : {
      "x" : 0.0,
      "y" : -6.854102,
      "z" : -17.944271
    }
  }, {
    "shape" : "e0e61650-f32c-4084-a17b-5983913520ab",
    "color" : "#F0A000",
    "position" : {
      "x" : -15.326238,
      "y" : 6.854102,
      "z" : -6.854102
    },
    "orientation" : 7
  }, {
    "shape" : "e0e61650-f32c-4084-a17b-5983913520ab",
    "color" : "#F0A000",
    "position" : {
      "x" : -6.854102,
      "y" : -9.472136,
      "z" : 0.0
    },
    "orientation" : 8
  }, {
    "shape" : "49ec52ba-5c1a-4086-a149-3409b5dec161",
    "color" : "#FFFFFF",
    "position" : {
      "x" : 6.854102,
      "y" : 9.472136,
      "z" : 0.0
    }
  }, {
    "shape" : "e0e61650-f32c-4084-a17b-5983913520ab",
    "color" : "#F0A000",
    "position" : {
      "x" : -15.326238,
      "y" : -6.854102,
      "z" : -6.854102
    },
    "orientation" : 2
  }, {
    "shape" : "e0e61650-f32c-4084-a17b-5983913520ab",
    "color" : "#F0A000",
    "position" : {
      "x" : 11.09017,
      "y" : -11.09017,
      "z" : 11.09017
    },
    "orientation" : 38
  }, {
    "shape" : "e0e61650-f32c-4084-a17b-5983913520ab",
    "color" : "#F0A000",
    "position" : {
      "x" : -6.854102,
      "y" : 6.854102,
      "z" : -6.854102
    },
    "orientation" : 16
  }, {
    "shape" : "e0e61650-f32c-4084-a17b-5983913520ab",
    "color" : "#F0A000",
    "position" : {
      "x" : 0.0,
      "y" : 17.944271,
      "z" : -2.618034
    },
    "orientation" : 8
  }, {
    "shape" : "49ec52ba-5c1a-4086-a149-3409b5dec161",
    "color" : "#FFFFFF",
    "position" : {
      "x" : 0.0,
      "y" : 0.0,
      "z" : 0.0
    }
  }, {
    "shape" : "49ec52ba-5c1a-4086-a149-3409b5dec161",
    "color" : "#FFFFFF",
    "position" : {
      "x" : -15.326238,
      "y" : 6.854102,
      "z" : 6.854102
    }
  }, {
    "shape" : "e0e61650-f32c-4084-a17b-5983913520ab",
    "color" : "#F0A000",
    "position" : {
      "x" : -6.854102,
      "y" : 9.472136,
      "z" : 0.0
    },
    "orientation" : 8
  }, {
    "shape" : "e0e61650-f32c-4084-a17b-5983913520ab",
    "color" : "#F0A000",
    "position" : {
      "x" : -11.09017,
      "y" : 11.09017,
      "z" : 11.09017
    },
    "orientation" : 17
  }, {
    "shape" : "e0e61650-f32c-4084-a17b-5983913520ab",
    "color" : "#F0A000",
    "position" : {
      "x" : 0.0,
      "y" : 6.854102,
      "z" : -9.472136
    },
    "orientation" : 38
  }, {
    "shape" : "e0e61650-f32c-4084-a17b-5983913520ab",
    "color" : "#66FF66",
    "position" : {
      "x" : 11.09017,
      "y" : 11.09017,
      "z" : 11.09017
    },
    "orientation" : 39
  }, {
    "shape" : "e0e61650-f32c-4084-a17b-5983913520ab",
    "color" : "#F0A000",
    "position" : {
      "x" : 0.0,
      "y" : -6.854102,
      "z" : -9.472136
    },
    "orientation" : 2
  }, {
    "shape" : "49ec52ba-5c1a-4086-a149-3409b5dec161",
    "color" : "#FFFFFF",
    "position" : {
      "x" : -15.326238,
      "y" : -6.854102,
      "z" : 6.854102
    }
  }, {
    "shape" : "e0e61650-f32c-4084-a17b-5983913520ab",
    "color" : "#F0A000",
    "position" : {
      "x" : -6.854102,
      "y" : -6.854102,
      "z" : 15.326238
    },
    "orientation" : 8
  }, {
    "shape" : "49ec52ba-5c1a-4086-a149-3409b5dec161",
    "color" : "#FFFFFF",
    "position" : {
      "x" : 17.944271,
      "y" : -2.618034,
      "z" : 0.0
    }
  }, {
    "shape" : "e0e61650-f32c-4084-a17b-5983913520ab",
    "color" : "#66FF66",
    "position" : {
      "x" : 4.236068,
      "y" : 11.09017,
      "z" : -13.708204
    },
    "orientation" : 4
  }, {
    "shape" : "e0e61650-f32c-4084-a17b-5983913520ab",
    "color" : "#F0A000",
    "position" : {
      "x" : -17.944271,
      "y" : -2.618034,
      "z" : 0.0
    },
    "orientation" : 21
  }, {
    "shape" : "49ec52ba-5c1a-4086-a149-3409b5dec161",
    "color" : "#FFFFFF",
    "position" : {
      "x" : -4.236068,
      "y" : 11.09017,
      "z" : 13.708204
    }
  }, {
    "shape" : "49ec52ba-5c1a-4086-a149-3409b5dec161",
    "color" : "#FFFFFF",
    "position" : {
      "x" : -11.09017,
      "y" : -13.708204,
      "z" : -4.236068
    }
  }, {
    "shape" : "49ec52ba-5c1a-4086-a149-3409b5dec161",
    "color" : "#FFFFFF",
    "position" : {
      "x" : -15.326238,
      "y" : -6.854102,
      "z" : -6.854102
    }
  }, {
    "shape" : "e0e61650-f32c-4084-a17b-5983913520ab",
    "color" : "#66FF66",
    "position" : {
      "x" : 11.09017,
      "y" : 11.09017,
      "z" : 11.09017
    },
    "orientation" : 24
  }, {
    "shape" : "e0e61650-f32c-4084-a17b-5983913520ab",
    "color" : "#F0A000",
    "position" : {
      "x" : 15.326238,
      "y" : -6.854102,
      "z" : -6.854102
    },
    "orientation" : 2
  }, {
    "shape" : "e0e61650-f32c-4084-a17b-5983913520ab",
    "color" : "#F0A000",
    "position" : {
      "x" : 0.0,
      "y" : 6.854102,
      "z" : -9.472136
    },
    "orientation" : 16
  }, {
    "shape" : "e0e61650-f32c-4084-a17b-5983913520ab",
    "color" : "#F0A000",
    "position" : {
      "x" : 0.0,
      "y" : -6.854102,
      "z" : 17.944271
    },
    "orientation" : 0
  }, {
    "shape" : "e0e61650-f32c-4084-a17b-5983913520ab",
    "color" : "#66FF66",
    "position" : {
      "x" : -13.708204,
      "y" : -4.236068,
      "z" : -11.09017
    },
    "orientation" : 4
  }, {
    "shape" : "e0e61650-f32c-4084-a17b-5983913520ab",
    "color" : "#66FF66",
    "position" : {
      "x" : -4.236068,
      "y" : -11.09017,
      "z" : 13.708204
    },
    "orientation" : 24
  }, {
    "shape" : "e0e61650-f32c-4084-a17b-5983913520ab",
    "color" : "#F0A000",
    "position" : {
      "x" : 0.0,
      "y" : 6.854102,
      "z" : -17.944271
    },
    "orientation" : 16
  }, {
    "shape" : "e0e61650-f32c-4084-a17b-5983913520ab",
    "color" : "#F0A000",
    "position" : {
      "x" : -9.472136,
      "y" : 2.618034,
      "z" : 0.0
    },
    "orientation" : 6
  }, {
    "shape" : "e0e61650-f32c-4084-a17b-5983913520ab",
    "color" : "#66FF66",
    "position" : {
      "x" : 13.708204,
      "y" : -4.236068,
      "z" : 11.09017
    },
    "orientation" : 3
  }, {
    "shape" : "49ec52ba-5c1a-4086-a149-3409b5dec161",
    "color" : "#FFFFFF",
    "position" : {
      "x" : 0.0,
      "y" : -17.944271,
      "z" : -2.618034
    }
  }, {
    "shape" : "49ec52ba-5c1a-4086-a149-3409b5dec161",
    "color" : "#FFFFFF",
    "position" : {
      "x" : -6.854102,
      "y" : 15.326238,
      "z" : -6.854102
    }
  }, {
    "shape" : "e0e61650-f32c-4084-a17b-5983913520ab",
    "color" : "#F0A000",
    "position" : {
      "x" : 0.0,
      "y" : 6.854102,
      "z" : 17.944271
    },
    "orientation" : 21
  }, {
    "shape" : "e0e61650-f32c-4084-a17b-5983913520ab",
    "color" : "#F0A000",
    "position" : {
      "x" : 0.0,
      "y" : -17.944271,
      "z" : 2.618034
    },
    "orientation" : 7
  }, {
    "shape" : "49ec52ba-5c1a-4086-a149-3409b5dec161",
    "color" : "#FFFFFF",
    "position" : {
      "x" : 17.944271,
      "y" : 0.0,
      "z" : 6.854102
    }
  }, {
    "shape" : "e0e61650-f32c-4084-a17b-5983913520ab",
    "color" : "#F0A000",
    "position" : {
      "x" : 0.0,
      "y" : -17.944271,
      "z" : 2.618034
    },
