{
  "field" : "snubDodec",
  "symmetry" : "icosahedral",
  "orientations" : [ [ 1.0, 0.0, 0.0, 0.0, 0.0, 1.0, 0.0, 0.0, 0.0, 0.0, 1.0, 0.0, 0.0, 0.0, 0.0, 1.0 ], [ 0.0, 0.0, 1.0, 0.0, 1.0, 0.0, 0.0, 0.0, 0.0, 1.0, 0.0, 0.0, 0.0, 0.0, 0.0, 1.0 ], [ 0.0, 1.0, 0.0, 0.0, 0.0, 0.0, 1.0, 0.0, 1.0, 0.0, 0.0, 0.0, 0.0, 0.0, 0.0, 1.0 ], [ 0.809017, 0.309017, 0.5, 0.0, 0.309017, 0.5, -0.809017, 0.0, -0.5, 0.809017, 0.309017, 0.0, 0.0, 0.0, 0.0, 1.0 ], [ -0.5, 0.809017, 0.309017, 0.0, 0.809017, 0.309017, 0.5, 0.0, 0.309017, 0.5, -0.809017, 0.0, 0.0, 0.0, 0.0, 1.0 ], [ 0.309017, 0.5, -0.809017, 0.0, -0.5, 0.809017, 0.309017, 0.0, 0.809017, 0.309017, 0.5, 0.0, 0.0, 0.0, 0.0, 1.0 ], [ 0.5, 0.809017, 0.309017, 0.0, 0.809017, -0.309017, -0.5, 0.0, -0.309017, 0.5, -0.809017, 0.0, 0.0, 0.0, 0.0, 1.0 ], [ -0.309017, 0.5, -0.809017, 0.0, 0.5, 0.809017, 0.309017, 0.0, 0.809017, -0.309017, -0.5, 0.0, 0.0, 0.0, 0.0, 1.0 ], [ 0.809017, -0.309017, -0.5, 0.0, -0.309017, 0.5, -0.809017, 0.0, 0.5, 0.809017, 0.309017, 0.0, 0.0, 0.0, 0.0, 1.0 ], [ 0.5, 0.809017, -0.309017, 0.0, 0.809017, -0.309017, 0.5, 0.0, 0.309017, -0.5, -0.809017, 0.0, 0.0, 0.0, 0.0, 1.0 ], [ 0.309017, -0.5, -0.809017, 0.0, 0.5, 0.809017, -0.309017, 0.0, 0.809017, -0.309017, 0.5, 0.0, 0.0, 0.0, 0.0, 1.0 ], [ 0.809017, -0.309017, 0.5, 0.0, 0.309017, -0.5, -0.809017, 0.0, 0.5, 0.809017, -0.309017, 0.0, 0.0, 0.0, 0.0, 1.0 ], [ 0.809017, 0.309017, -0.5, 0.0, 0.309017, 0.5, 0.809017, 0.0, 0.5, -0.809017, 0.309017, 0.0, 0.0, 0.0, 0.0, 1.0 ], [ 0.5, -0.809017, 0.309017, 0.0, 0.809017, 0.309017, -0.5, 0.0, 0.309017, 0.5, 0.809017, 0.0, 0.0, 0.0, 0.0, 1.0 ], [ 0.309017, 0.5, 0.809017, 0.0, 0.5, -0.809017, 0.309017, 0.0, 0.809017, 0.309017, -0.5, 0.0, 0.0, 0.0, 0.0, 1.0 ], [ 1.0, 0.0, 0.0, 0.0, 0.0, -1.0, 0.0, 0.0, 0.0, 0.0, -1.0, 0.0, 0.0, 0.0, 0.0, 1.0 ], [ 0.0, 0.0, 1.0, 0.0, -1.0, 0.0, 0.0, 0.0, 0.0, -1.0, 0.0, 0.0, 0.0, 0.0, 0.0, 1.0 ], [ 0.0, 1.0, 0.0, 0.0, 0.0, 0.0, -1.0, 0.0, -1.0, 0.0, 0.0, 0.0, 0.0, 0.0, 0.0, 1.0 ], [ 0.809017, 0.309017, 0.5, 0.0, -0.309017, -0.5, 0.809017, 0.0, 0.5, -0.809017, -0.309017, 0.0, 0.0, 0.0, 0.0, 1.0 ], [ -0.5, 0.809017, 0.309017, 0.0, -0.809017, -0.309017, -0.5, 0.0, -0.309017, -0.5, 0.809017, 0.0, 0.0, 0.0, 0.0, 1.0 ], [ 0.309017, 0.5, -0.809017, 0.0, 0.5, -0.809017, -0.309017, 0.0, -0.809017, -0.309017, -0.5, 0.0, 0.0, 0.0, 0.0, 1.0 ], [ 0.5, 0.809017, 0.309017, 0.0, -0.809017, 0.309017, 0.5, 0.0, 0.309017, -0.5, 0.809017, 0.0, 0.0, 0.0, 0.0, 1.0 ], [ -0.309017, 0.5, -0.809017, 0.0, -0.5, -0.809017, -0.309017, 0.0, -0.809017, 0.309017, 0.5, 0.0, 0.0, 0.0, 0.0, 1.0 ], [ 0.809017, -0.309017, -0.5, 0.0, 0.309017, -0.5, 0.809017, 0.0, -0.5, -0.809017, -0.309017, 0.0, 0.0, 0.0, 0.0, 1.0 ], [ 0.5, 0.809017, -0.309017, 0.0, -0.809017, 0.309017, -0.5, 0.0, -0.309017, 0.5, 0.809017, 0.0, 0.0, 0.0, 0.0, 1.0 ], [ 0.309017, -0.5, -0.809017, 0.0, -0.5, -0.809017, 0.309017, 0.0, -0.809017, 0.309017, -0.5, 0.0, 0.0, 0.0, 0.0, 1.0 ], [ 0.809017, -0.309017, 0.5, 0.0, -0.309017, 0.5, 0.809017, 0.0, -0.5, -0.809017, 0.309017, 0.0, 0.0, 0.0, 0.0, 1.0 ], [ 0.809017, 0.309017, -0.5, 0.0, -0.309017, -0.5, -0.809017, 0.0, -0.5, 0.809017, -0.309017, 0.0, 0.0, 0.0, 0.0, 1.0 ], [ 0.5, -0.809017, 0.309017, 0.0, -0.809017, -0.309017, 0.5, 0.0, -0.309017, -0.5, -0.809017, 0.0, 0.0, 0.0, 0.0, 1.0 ], [ 0.309017, 0.5, 0.809017, 0.0, -0.5, 0.809017, -0.309017, 0.0, -0.809017, -0.309017, 0.5, 0.0, 0.0, 0.0, 0.0, 1.0 ], [ -1.0, 0.0, 0.0, 0.0, 0.0, -1.0, 0.0, 0.0, 0.0, 0.0, 1.0, 0.0, 0.0, 0.0, 0.0, 1.0 ], [ 0.0, 0.0, -1.0, 0.0, -1.0, 0.0, 0.0, 0.0, 0.0, 1.0, 0.0, 0.0, 0.0, 0.0, 0.0, 1.0 ], [ 0.0, -1.0, 0.0, 0.0, 0.0, 0.0, -1.0, 0.0, 1.0, 0.0, 0.0, 0.0, 0.0, 0.0, 0.0, 1.0 ], [ -0.809017, -0.309017, -0.5, 0.0, -0.309017, -0.5, 0.809017, 0.0, -0.5, 0.809017, 0.309017, 0.0, 0.0, 0.0, 0.0, 1.0 ], [ 0.5, -0.809017, -0.309017, 0.0, -0.809017, -0.309017, -0.5, 0.0, 0.309017, 0.5, -0.809017, 0.0, 0.0, 0.0, 0.0, 1.0 ], [ -0.309017, -0.5, 0.809017, 0.0, 0.5, -0.809017, -0.309017, 0.0, 0.809017, 0.309017, 0.5, 0.0, 0.0, 0.0, 0.0, 1.0 ], [ -0.5, -0.809017, -0.309017, 0.0, -0.809017, 0.309017, 0.5, 0.0, -0.309017, 0.5, -0.809017, 0.0, 0.0, 0.0, 0.0, 1.0 ], [ 0.309017, -0.5, 0.809017, 0.0, -0.5, -0.809017, -0.309017, 0.0, 0.809017, -0.309017, -0.5, 0.0, 0.0, 0.0, 0.0, 1.0 ], [ -0.809017, 0.309017, 0.5, 0.0, 0.309017, -0.5, 0.809017, 0.0, 0.5, 0.809017, 0.309017, 0.0, 0.0, 0.0, 0.0, 1.0 ], [ -0.5, -0.809017, 0.309017, 0.0, -0.809017, 0.309017, -0.5, 0.0, 0.309017, -0.5, -0.809017, 0.0, 0.0, 0.0, 0.0, 1.0 ], [ -0.309017, 0.5, 0.809017, 0.0, -0.5, -0.809017, 0.309017, 0.0, 0.809017, -0.309017, 0.5, 0.0, 0.0, 0.0, 0.0, 1.0 ], [ -0.809017, 0.309017, -0.5, 0.0, -0.309017, 0.5, 0.809017, 0.0, 0.5, 0.809017, -0.309017, 0.0, 0.0, 0.0, 0.0, 1.0 ], [ -0.809017, -0.309017, 0.5, 0.0, -0.309017, -0.5, -0.809017, 0.0, 0.5, -0.809017, 0.309017, 0.0, 0.0, 0.0, 0.0, 1.0 ], [ -0.5, 0.809017, -0.309017, 0.0, -0.809017, -0.309017, 0.5, 0.0, 0.309017, 0.5, 0.809017, 0.0, 0.0, 0.0, 0.0, 1.0 ], [ -0.309017, -0.5, -0.809017, 0.0, -0.5, 0.809017, -0.309017, 0.0, 0.809017, 0.309017, -0.5, 0.0, 0.0, 0.0, 0.0, 1.0 ], [ -1.0, 0.0, 0.0, 0.0, 0.0, 1.0, 0.0, 0.0, 0.0, 0.0, -1.0, 0.0, 0.0, 0.0, 0.0, 1.0 ], [ 0.0, 0.0, -1.0, 0.0, 1.0, 0.0, 0.0, 0.0, 0.0, -1.0, 0.0, 0.0, 0.0, 0.0, 0.0, 1.0 ], [ 0.0, -1.0, 0.0, 0.0, 0.0, 0.0, 1.0, 0.0, -1.0, 0.0, 0.0, 0.0, 0.0, 0.0, 0.0, 1.0 ], [ -0.809017, -0.309017, -0.5, 0.0, 0.309017, 0.5, -0.809017, 0.0, 0.5, -0.809017, -0.309017, 0.0, 0.0, 0.0, 0.0, 1.0 ], [ 0.5, -0.809017, -0.309017, 0.0, 0.809017, 0.309017, 0.5, 0.0, -0.309017, -0.5, 0.809017, 0.0, 0.0, 0.0, 0.0, 1.0 ], [ -0.309017, -0.5, 0.809017, 0.0, -0.5, 0.809017, 0.309017, 0.0, -0.809017, -0.309017, -0.5, 0.0, 0.0, 0.0, 0.0, 1.0 ], [ -0.5, -0.809017, -0.309017, 0.0, 0.809017, -0.309017, -0.5, 0.0, 0.309017, -0.5, 0.809017, 0.0, 0.0, 0.0, 0.0, 1.0 ], [ 0.309017, -0.5, 0.809017, 0.0, 0.5, 0.809017, 0.309017, 0.0, -0.809017, 0.309017, 0.5, 0.0, 0.0, 0.0, 0.0, 1.0 ], [ -0.809017, 0.309017, 0.5, 0.0, -0.309017, 0.5, -0.809017, 0.0, -0.5, -0.809017, -0.309017, 0.0, 0.0, 0.0, 0.0, 1.0 ], [ -0.5, -0.809017, 0.309017, 0.0, 0.809017, -0.309017, 0.5, 0.0, -0.309017, 0.5, 0.809017, 0.0, 0.0, 0.0, 0.0, 1.0 ], [ -0.309017, 0.5, 0.809017, 0.0, 0.5, 0.809017, -0.309017, 0.0, -0.809017, 0.309017, -0.5, 0.0, 0.0, 0.0, 0.0, 1.0 ], [ -0.809017, 0.309017, -0.5, 0.0, 0.309017, -0.5, -0.809017, 0.0, -0.5, -0.809017, 0.309017, 0.0, 0.0, 0.0, 0.0, 1.0 ], [ -0.809017, -0.309017, 0.5, 0.0, 0.309017, 0.5, 0.809017, 0.0, -0.5, 0.809017, -0.309017, 0.0, 0.0, 0.0, 0.0, 1.0 ], [ -0.5, 0.809017, -0.309017, 0.0, 0.809017, 0.309017, -0.5, 0.0, -0.309017, -0.5, -0.809017, 0.0, 0.0, 0.0, 0.0, 1.0 ], [ -0.309017, -0.5, -0.809017, 0.0, 0.5, -0.809017, 0.309017, 0.0, -0.809017, -0.309017, 0.5, 0.0, 0.0, 0.0, 0.0, 1.0 ] ],
  "lights" : {
    "backgroundColor" : "#AFC8DC",
    "ambientColor" : "#292929",
    "directionalLights" : [ {
      "direction" : {
        "x" : 1.0,
        "y" : -1.0,
        "z" : -1.0
      },
      "color" : "#EBEBE4"
    }, {
      "direction" : {
        "x" : -1.0,
        "y" : 0.0,
        "z" : 0.0
      },
      "color" : "#E4E4EB"
    }, {
      "direction" : {
        "x" : 0.0,
        "y" : 0.0,
        "z" : -1.0
      },
      "color" : "#1E1E1E"
    } ]
  },
  "camera" : {
    "width" : 190.63795,
    "stereo" : false,
    "lookDirection" : {
      "x" : -0.8506508,
      "y" : 0.5257311,
      "z" : 0.0
    },
    "upDirection" : {
      "x" : -0.4253254,
      "y" : -0.68819094,
      "z" : -0.58778524
    },
    "lookAtPoint" : {
      "x" : 0.0,
      "y" : 0.0,
      "z" : 0.0
    },
    "perspective" : false,
    "viewDistance" : 423.63812,
    "nearClipDistance" : 1.0590965,
    "farClipDistance" : 847.27814,
    "fieldOfView" : 0.44263068,
    "position" : {
      "x" : 360.3681,
      "y" : -222.71973,
      "z" : 0.0
    }
  },
  "embedding" : [ 1.0, 0.0, 0.0, 0.0, 0.0, 1.0, 0.0, 0.0, 0.0, 0.0, 1.0, 0.0, 0.0, 0.0, 0.0, 1.0 ],
  "shapes" : [ {
    "id" : "dc2fd821-db8b-47fb-a09b-96d5cb3708f4",
    "vertices" : [ {
      "x" : 0.309017,
      "y" : -0.309017,
      "z" : -0.309017
    }, {
      "x" : 0.5,
      "y" : 0.0,
      "z" : -0.19098301
    }, {
      "x" : 0.5,
      "y" : 0.0,
      "z" : 0.19098301
    }, {
      "x" : 0.309017,
      "y" : -0.309017,
      "z" : 0.309017
    }, {
      "x" : 0.19098301,
      "y" : -0.5,
      "z" : 0.0
    }, {
      "x" : 0.0,
      "y" : 0.19098301,
      "z" : 0.5
    }, {
      "x" : 0.0,
      "y" : -0.19098301,
      "z" : 0.5
    }, {
      "x" : 0.309017,
      "y" : 0.309017,
      "z" : 0.309017
    }, {
      "x" : -0.309017,
      "y" : -0.309017,
      "z" : 0.309017
    }, {
      "x" : -0.309017,
      "y" : 0.309017,
      "z" : 0.309017
    }, {
      "x" : -0.5,
      "y" : 0.0,
      "z" : 0.19098301
    }, {
      "x" : 0.0,
      "y" : -0.19098301,
      "z" : -0.5
    }, {
      "x" : 0.0,
      "y" : 0.19098301,
      "z" : -0.5
    }, {
      "x" : 0.309017,
      "y" : 0.309017,
      "z" : -0.309017
    }, {
      "x" : -0.309017,
      "y" : -0.309017,
      "z" : -0.309017
    }, {
      "x" : -0.19098301,
      "y" : -0.5,
      "z" : 0.0
    }, {
      "x" : -0.5,
      "y" : 0.0,
      "z" : -0.19098301
    }, {
      "x" : 0.19098301,
      "y" : 0.5,
      "z" : 0.0
    }, {
      "x" : -0.309017,
      "y" : 0.309017,
      "z" : -0.309017
    }, {
      "x" : 0.0,
      "y" : 0.0,
      "z" : 0.0
    }, {
      "x" : -0.19098301,
      "y" : 0.5,
      "z" : 0.0
    } ],
    "faces" : [ {
      "vertices" : [ 12, 18, 20 ]
    }, {
      "vertices" : [ 12, 20, 17 ]
    }, {
      "vertices" : [ 12, 17, 13 ]
    }, {
      "vertices" : [ 3, 6, 8 ]
    }, {
      "vertices" : [ 3, 8, 15 ]
    }, {
      "vertices" : [ 3, 15, 4 ]
    }, {
      "vertices" : [ 0, 11, 12 ]
    }, {
      "vertices" : [ 0, 12, 13 ]
    }, {
      "vertices" : [ 0, 13, 1 ]
    }, {
      "vertices" : [ 5, 9, 10 ]
    }, {
      "vertices" : [ 5, 10, 8 ]
    }, {
      "vertices" : [ 5, 8, 6 ]
    }, {
      "vertices" : [ 2, 7, 5 ]
    }, {
      "vertices" : [ 2, 5, 6 ]
    }, {
      "vertices" : [ 2, 6, 3 ]
    }, {
      "vertices" : [ 11, 14, 16 ]
    }, {
      "vertices" : [ 11, 16, 18 ]
    }, {
      "vertices" : [ 11, 18, 12 ]
    }, {
      "vertices" : [ 1, 13, 17 ]
    }, {
      "vertices" : [ 1, 17, 7 ]
    }, {
      "vertices" : [ 1, 7, 2 ]
    }, {
      "vertices" : [ 9, 20, 18 ]
    }, {
      "vertices" : [ 9, 18, 16 ]
    }, {
      "vertices" : [ 9, 16, 10 ]
    }, {
      "vertices" : [ 0, 1, 2 ]
    }, {
      "vertices" : [ 0, 2, 3 ]
    }, {
      "vertices" : [ 0, 3, 4 ]
    }, {
      "vertices" : [ 5, 7, 17 ]
    }, {
      "vertices" : [ 5, 17, 20 ]
    }, {
      "vertices" : [ 5, 20, 9 ]
    }, {
      "vertices" : [ 0, 4, 15 ]
    }, {
      "vertices" : [ 0, 15, 14 ]
    }, {
      "vertices" : [ 0, 14, 11 ]
    }, {
      "vertices" : [ 8, 10, 16 ]
    }, {
      "vertices" : [ 8, 16, 14 ]
    }, {
      "vertices" : [ 8, 14, 15 ]
    } ]
  }, {
    "id" : "39f69d44-8945-4506-a0a9-6311b7d22c18",
    "vertices" : [ {
      "x" : 1.0,
      "y" : 0.309017,
      "z" : 0.19098301
    }, {
      "x" : 1.0,
      "y" : -0.309017,
      "z" : 0.19098301
    }, {
      "x" : 28.573786,
      "y" : -0.309017,
      "z" : 0.19098301
    }, {
      "x" : 28.573786,
      "y" : 0.309017,
      "z" : 0.19098301
    }, {
      "x" : 28.573786,
      "y" : -0.309017,
      "z" : -0.19098301
    }, {
      "x" : 28.573786,
      "y" : 0.309017,
      "z" : -0.19098301
    }, {
      "x" : 29.19182,
      "y" : 0.0,
      "z" : 0.0
    }, {
      "x" : 0.38196602,
      "y" : 0.0,
      "z" : 0.0
    }, {
      "x" : 1.0,
      "y" : 0.309017,
      "z" : -0.19098301
    }, {
      "x" : 1.0,
      "y" : -0.309017,
      "z" : -0.19098301
    }, {
      "x" : 29.573786,
      "y" : 0.0,
      "z" : 0.0
    } ],
    "faces" : [ {
      "vertices" : [ 1, 9, 4 ]
    }, {
      "vertices" : [ 1, 4, 2 ]
    }, {
      "vertices" : [ 0, 3, 5 ]
    }, {
      "vertices" : [ 0, 5, 8 ]
    }, {
      "vertices" : [ 1, 7, 9 ]
    }, {
      "vertices" : [ 0, 1, 2 ]
    }, {
      "vertices" : [ 0, 2, 3 ]
    }, {
      "vertices" : [ 7, 8, 9 ]
    }, {
      "vertices" : [ 0, 7, 1 ]
    }, {
      "vertices" : [ 4, 9, 8 ]
    }, {
      "vertices" : [ 4, 8, 5 ]
    }, {
      "vertices" : [ 2, 6, 3 ]
    }, {
      "vertices" : [ 2, 4, 6 ]
    }, {
      "vertices" : [ 3, 6, 5 ]
    }, {
      "vertices" : [ 4, 5, 6 ]
    }, {
      "vertices" : [ 0, 8, 7 ]
    } ]
  }, {
    "id" : "0431c2fa-dc27-4707-9206-f2a66aeb3695",
    "vertices" : [ {
      "x" : -3.9767263,
      "y" : -7.058949,
      "z" : -2.7625334
    }, {
      "x" : -3.8767264,
      "y" : -6.9589486,
      "z" : -3.1625335
    }, {
      "x" : -0.4091357,
      "y" : -0.35597095,
      "z" : -0.4963691
    }, {
      "x" : -0.5091357,
      "y" : -0.45597094,
      "z" : -0.09636909
    }, {
      "x" : -4.1767263,
      "y" : -6.7256155,
      "z" : -3.2958667
    }, {
      "x" : -4.2767262,
      "y" : -6.8256154,
      "z" : -2.8958669
    }, {
      "x" : -0.20913571,
      "y" : -0.6893043,
      "z" : 0.03696424
    }, {
      "x" : -0.10913571,
      "y" : -0.58930427,
      "z" : -0.36303577
    } ],
    "faces" : [ {
      "vertices" : [ 2, 3, 6 ]
    }, {
      "vertices" : [ 2, 6, 7 ]
    }, {
      "vertices" : [ 0, 5, 4 ]
    }, {
      "vertices" : [ 0, 4, 1 ]
    }, {
      "vertices" : [ 2, 4, 5 ]
    }, {
      "vertices" : [ 2, 5, 3 ]
    }, {
      "vertices" : [ 0, 6, 3 ]
    }, {
      "vertices" : [ 0, 3, 5 ]
    }, {
      "vertices" : [ 0, 1, 7 ]
    }, {
      "vertices" : [ 0, 7, 6 ]
    }, {
      "vertices" : [ 1, 4, 2 ]
    }, {
      "vertices" : [ 1, 2, 7 ]
    } ]
  }, {
    "id" : "8f4c2bc0-6ae8-4e66-80d0-ad40b2499930",
    "vertices" : [ {
      "x" : 0.7308558,
      "y" : 0.76681167,
      "z" : 4.948251
    }, {
      "x" : 0.33085582,
      "y" : 0.8668117,
      "z" : 5.0482507
    }, {
      "x" : -0.04948053,
      "y" : 0.33567667,
      "z" : 0.6183862
    }, {
      "x" : 0.35051948,
      "y" : 0.23567668,
      "z" : 0.5183862
    }, {
      "x" : 0.46418914,
      "y" : 1.1668117,
      "z" : 4.814917
    }, {
      "x" : 0.86418915,
      "y" : 1.0668117,
      "z" : 4.714917
    }, {
      "x" : 0.21718614,
      "y" : -0.06432332,
      "z" : 0.75171953
    }, {
      "x" : -0.18281387,
      "y" : 0.035676684,
      "z" : 0.85171956
    } ],
    "faces" : [ {
      "vertices" : [ 2, 3, 6 ]
    }, {
      "vertices" : [ 2, 6, 7 ]
    }, {
      "vertices" : [ 0, 5, 4 ]
    }, {
      "vertices" : [ 0, 4, 1 ]
    }, {
      "vertices" : [ 2, 4, 5 ]
    }, {
      "vertices" : [ 2, 5, 3 ]
    }, {
      "vertices" : [ 0, 6, 3 ]
    }, {
      "vertices" : [ 0, 3, 5 ]
    }, {
      "vertices" : [ 0, 1, 7 ]
    }, {
      "vertices" : [ 0, 7, 6 ]
    }, {
      "vertices" : [ 1, 4, 2 ]
    }, {
      "vertices" : [ 1, 2, 7 ]
    } ]
  }, {
    "id" : "b3bfa37e-8bb1-4653-981c-3519615ddd03",
    "vertices" : [ {
      "x" : -3.0455768,
      "y" : -9.754378,
      "z" : -2.6429317
    }, {
      "x" : -2.945577,
      "y" : -9.654378,
      "z" : -3.0429318
    }, {
      "x" : -0.2991045,
      "y" : -0.44020346,
      "z" : -0.45083454
    }, {
      "x" : -0.39910454,
      "y" : -0.54020345,
      "z" : -0.050834544
    }, {
      "x" : -3.2455769,
      "y" : -9.421044,
      "z" : -3.176265
    }, {
      "x" : -3.3455768,
      "y" : -9.521045,
      "z" : -2.7762651
    }, {
      "x" : -0.09910452,
      "y" : -0.7735368,
      "z" : 0.08249879
    }, {
      "x" : 8.954776E-4,
      "y" : -0.6735368,
      "z" : -0.31750122
    } ],
    "faces" : [ {
      "vertices" : [ 2, 3, 6 ]
    }, {
      "vertices" : [ 2, 6, 7 ]
    }, {
      "vertices" : [ 0, 5, 4 ]
    }, {
      "vertices" : [ 0, 4, 1 ]
    }, {
      "vertices" : [ 2, 4, 5 ]
    }, {
      "vertices" : [ 2, 5, 3 ]
    }, {
      "vertices" : [ 0, 6, 3 ]
    }, {
      "vertices" : [ 0, 3, 5 ]
    }, {
      "vertices" : [ 0, 1, 7 ]
    }, {
      "vertices" : [ 0, 7, 6 ]
    }, {
      "vertices" : [ 1, 4, 2 ]
    }, {
      "vertices" : [ 1, 2, 7 ]
    } ]
  }, {
    "id" : "264d5572-3bbd-4e8d-ba87-de6f4645159d",
    "vertices" : [ {
      "x" : 1.8333442,
      "y" : 2.5506754,
      "z" : 13.955258
    }, {
      "x" : 1.4333441,
      "y" : 2.6506753,
      "z" : 14.055258
    }, {
      "x" : -0.04948053,
      "y" : 0.33567667,
      "z" : 0.6183862
    }, {
      "x" : 0.35051948,
      "y" : 0.23567668,
      "z" : 0.5183862
    }, {
      "x" : 1.5666775,
      "y" : 2.9506752,
      "z" : 13.821925
    }, {
      "x" : 1.9666775,
      "y" : 2.8506753,
      "z" : 13.721925
    }, {
      "x" : 0.21718614,
      "y" : -0.06432332,
      "z" : 0.75171953
    }, {
      "x" : -0.18281387,
      "y" : 0.035676684,
      "z" : 0.85171956
    } ],
    "faces" : [ {
      "vertices" : [ 2, 3, 6 ]
    }, {
      "vertices" : [ 2, 6, 7 ]
    }, {
      "vertices" : [ 0, 5, 4 ]
    }, {
      "vertices" : [ 0, 4, 1 ]
    }, {
      "vertices" : [ 2, 4, 5 ]
    }, {
      "vertices" : [ 2, 5, 3 ]
    }, {
      "vertices" : [ 0, 6, 3 ]
    }, {
      "vertices" : [ 0, 3, 5 ]
    }, {
      "vertices" : [ 0, 1, 7 ]
    }, {
      "vertices" : [ 0, 7, 6 ]
    }, {
      "vertices" : [ 1, 4, 2 ]
    }, {
      "vertices" : [ 1, 2, 7 ]
    } ]
  }, {
    "id" : "a11dc25d-2015-42b1-b5cd-f0d745cc83f3",
    "vertices" : [ {
      "x" : 5.2805996,
      "y" : -0.601279,
      "z" : -3.9058785
    }, {
      "x" : 5.3805995,
      "y" : -0.20127898,
      "z" : -4.0058784
    }, {
      "x" : 0.46370056,
      "y" : 0.08573336,
      "z" : -0.6176547
    }, {
      "x" : 0.36370054,
      "y" : -0.31426662,
      "z" : -0.51765466
    }, {
      "x" : 5.1472664,
      "y" : -0.33461234,
      "z" : -4.3058786
    }, {
      "x" : 5.047266,
      "y" : -0.73461235,
      "z" : -4.2058783
    }, {
      "x" : 0.59703386,
      "y" : -0.1809333,
      "z" : -0.21765466
    }, {
      "x" : 0.6970339,
      "y" : 0.2190667,
      "z" : -0.31765467
    } ],
    "faces" : [ {
      "vertices" : [ 2, 3, 6 ]
    }, {
      "vertices" : [ 2, 6, 7 ]
    }, {
      "vertices" : [ 0, 5, 4 ]
    }, {
      "vertices" : [ 0, 4, 1 ]
    }, {
      "vertices" : [ 2, 4, 5 ]
    }, {
      "vertices" : [ 2, 5, 3 ]
    }, {
      "vertices" : [ 0, 6, 3 ]
    }, {
      "vertices" : [ 0, 3, 5 ]
    }, {
      "vertices" : [ 0, 1, 7 ]
    }, {
      "vertices" : [ 0, 7, 6 ]
    }, {
      "vertices" : [ 1, 4, 2 ]
    }, {
      "vertices" : [ 1, 2, 7 ]
    } ]
  }, {
    "id" : "c4e0f44c-6f4a-443f-b0a1-7b90e5c8440d",
    "vertices" : [ {
      "x" : 1.0,
      "y" : 0.309017,
      "z" : 0.19098301
    }, {
      "x" : 1.0,
      "y" : -0.309017,
      "z" : 0.19098301
    }, {
      "x" : 9.472136,
      "y" : -0.309017,
      "z" : 0.19098301
    }, {
      "x" : 9.472136,
      "y" : 0.309017,
      "z" : 0.19098301
    }, {
      "x" : 9.472136,
      "y" : -0.309017,
      "z" : -0.19098301
    }, {
      "x" : 9.472136,
      "y" : 0.309017,
      "z" : -0.19098301
    }, {
      "x" : 10.09017,
      "y" : 0.0,
      "z" : 0.0
    }, {
      "x" : 0.38196602,
      "y" : 0.0,
      "z" : 0.0
    }, {
      "x" : 1.0,
      "y" : 0.309017,
      "z" : -0.19098301
    }, {
      "x" : 1.0,
      "y" : -0.309017,
      "z" : -0.19098301
    }, {
      "x" : 10.472136,
      "y" : 0.0,
      "z" : 0.0
    } ],
    "faces" : [ {
      "vertices" : [ 1, 9, 4 ]
    }, {
      "vertices" : [ 1, 4, 2 ]
    }, {
      "vertices" : [ 0, 3, 5 ]
    }, {
      "vertices" : [ 0, 5, 8 ]
    }, {
      "vertices" : [ 1, 7, 9 ]
    }, {
      "vertices" : [ 0, 1, 2 ]
    }, {
      "vertices" : [ 0, 2, 3 ]
    }, {
      "vertices" : [ 7, 8, 9 ]
    }, {
      "vertices" : [ 0, 7, 1 ]
    }, {
      "vertices" : [ 4, 9, 8 ]
    }, {
      "vertices" : [ 4, 8, 5 ]
    }, {
      "vertices" : [ 2, 6, 3 ]
    }, {
      "vertices" : [ 2, 4, 6 ]
    }, {
      "vertices" : [ 3, 6, 5 ]
    }, {
      "vertices" : [ 4, 5, 6 ]
    }, {
      "vertices" : [ 0, 8, 7 ]
    } ]
  }, {
    "id" : "42bb20dd-27e6-47b9-8a8f-07693542b4a8",
    "vertices" : [ {
      "x" : 0.072024114,
      "y" : -3.349689,
      "z" : -3.8109982
    }, {
      "x" : -0.32797587,
      "y" : -3.249689,
      "z" : -3.7109983
    }, {
      "x" : -0.293551,
      "y" : -0.5764762,
      "z" : -0.33669388
    }, {
      "x" : 0.106449015,
      "y" : -0.67647624,
      "z" : -0.43669388
    }, {
      "x" : -0.46130922,
      "y" : -3.549689,
      "z" : -3.477665
    }, {
      "x" : -0.06130922,
      "y" : -3.649689,
      "z" : -3.5776649
    }, {
      "x" : 0.23978235,
      "y" : -0.37647623,
      "z" : -0.6700272
    }, {
      "x" : -0.16021766,
      "y" : -0.27647623,
      "z" : -0.57002723
    } ],
    "faces" : [ {
      "vertices" : [ 2, 3, 6 ]
    }, {
      "vertices" : [ 2, 6, 7 ]
    }, {
      "vertices" : [ 0, 5, 4 ]
    }, {
      "vertices" : [ 0, 4, 1 ]
    }, {
      "vertices" : [ 2, 4, 5 ]
    }, {
      "vertices" : [ 2, 5, 3 ]
    }, {
      "vertices" : [ 0, 6, 3 ]
    }, {
      "vertices" : [ 0, 3, 5 ]
    }, {
      "vertices" : [ 0, 1, 7 ]
    }, {
      "vertices" : [ 0, 7, 6 ]
    }, {
      "vertices" : [ 1, 4, 2 ]
    }, {
      "vertices" : [ 1, 2, 7 ]
    } ]
  }, {
    "id" : "b564525e-ea1a-4ab9-9801-24aee66abf88",
    "vertices" : [ {
      "x" : 16.03495,
      "y" : -5.3029685,
      "z" : -4.5034842
    }, {
      "x" : 15.934951,
      "y" : -5.2029686,
      "z" : -4.9034843
    }, {
      "x" : 0.4373181,
      "y" : -0.30564988,
      "z" : -0.44823
    }, {
      "x" : 0.53731805,
      "y" : -0.40564987,
      "z" : -0.048229996
    }, {
      "x" : 15.701617,
      "y" : -5.502969,
      "z" : -5.0368176
    }, {
      "x" : 15.801617,
      "y" : -5.6029687,
      "z" : -4.636818
    }, {
      "x" : 0.7706514,
      "y" : -0.10564988,
      "z" : 0.08510333
    }, {
      "x" : 0.67065144,
      "y" : -0.005649878,
      "z" : -0.31489667
    } ],
    "faces" : [ {
      "vertices" : [ 2, 3, 6 ]
    }, {
      "vertices" : [ 2, 6, 7 ]
    }, {
      "vertices" : [ 0, 5, 4 ]
    }, {
      "vertices" : [ 0, 4, 1 ]
    }, {
      "vertices" : [ 2, 4, 5 ]
    }, {
      "vertices" : [ 2, 5, 3 ]
    }, {
      "vertices" : [ 0, 6, 3 ]
    }, {
      "vertices" : [ 0, 3, 5 ]
    }, {
      "vertices" : [ 0, 1, 7 ]
    }, {
      "vertices" : [ 0, 7, 6 ]
    }, {
      "vertices" : [ 1, 4, 2 ]
    }, {
      "vertices" : [ 1, 2, 7 ]
    } ]
  }, {
    "id" : "3bc7d4af-4b00-4f11-acd5-1d258012597f",
    "vertices" : [ {
      "x" : 6.545085,
      "y" : 2.5,
      "z" : -0.95491505
    }, {
      "x" : 6.163119,
      "y" : 2.045085,
      "z" : -0.76393205
    }, {
      "x" : 6.0,
      "y" : 2.309017,
      "z" : -1.190983
    }, {
      "x" : 5.927051,
      "y" : 2.572949,
      "z" : -1.0
    }, {
      "x" : 0.85410196,
      "y" : 0.309017,
      "z" : 0.19098301
    }, {
      "x" : 0.690983,
      "y" : 0.572949,
      "z" : -0.23606798
    }, {
      "x" : 0.309017,
      "y" : 0.11803399,
      "z" : -0.045084972
    }, {
      "x" : 0.76393205,
      "y" : 0.309017,
      "z" : -0.42705098
    }, {
      "x" : 0.927051,
      "y" : 0.045084972,
      "z" : 0.0
    }, {
      "x" : 6.09017,
      "y" : 2.309017,
      "z" : -0.572949
    }, {
      "x" : 6.854102,
      "y" : 2.618034,
      "z" : -1.0
    } ],
    "faces" : [ {
      "vertices" : [ 2, 7, 5 ]
    }, {
      "vertices" : [ 2, 5, 3 ]
    }, {
      "vertices" : [ 1, 8, 7 ]
    }, {
      "vertices" : [ 1, 7, 2 ]
    }, {
      "vertices" : [ 4, 6, 8 ]
    }, {
      "vertices" : [ 5, 7, 6 ]
    }, {
      "vertices" : [ 0, 1, 2 ]
    }, {
      "vertices" : [ 0, 2, 3 ]
    }, {
      "vertices" : [ 6, 7, 8 ]
    }, {
      "vertices" : [ 3, 5, 4 ]
    }, {
      "vertices" : [ 3, 4, 9 ]
    }, {
      "vertices" : [ 1, 9, 4 ]
    }, {
      "vertices" : [ 1, 4, 8 ]
    }, {
      "vertices" : [ 0, 9, 1 ]
    }, {
      "vertices" : [ 0, 3, 9 ]
    }, {
      "vertices" : [ 4, 5, 6 ]
    } ]
  }, {
    "id" : "a2b2677d-b55c-45c7-b43e-f4f74dcc8d90",
    "vertices" : [ {
      "x" : -0.28641388,
      "y" : -9.702358,
      "z" : -10.522105
    }, {
      "x" : -0.6864139,
      "y" : -9.602358,
      "z" : -10.422105
    }, {
      "x" : -0.293551,
      "y" : -0.5764762,
      "z" : -0.33669388
    }, {
      "x" : 0.106449015,
      "y" : -0.67647624,
      "z" : -0.43669388
    }, {
      "x" : -0.8197472,
      "y" : -9.902358,
      "z" : -10.188772
    }, {
      "x" : -0.41974723,
      "y" : -10.002358,
      "z" : -10.288772
    }, {
      "x" : 0.23978235,
      "y" : -0.37647623,
      "z" : -0.6700272
    }, {
      "x" : -0.16021766,
      "y" : -0.27647623,
      "z" : -0.57002723
    } ],
    "faces" : [ {
      "vertices" : [ 2, 3, 6 ]
    }, {
      "vertices" : [ 2, 6, 7 ]
    }, {
      "vertices" : [ 0, 5, 4 ]
    }, {
      "vertices" : [ 0, 4, 1 ]
    }, {
      "vertices" : [ 2, 4, 5 ]
    }, {
      "vertices" : [ 2, 5, 3 ]
    }, {
      "vertices" : [ 0, 6, 3 ]
    }, {
      "vertices" : [ 0, 3, 5 ]
    }, {
      "vertices" : [ 0, 1, 7 ]
    }, {
      "vertices" : [ 0, 7, 6 ]
    }, {
      "vertices" : [ 1, 4, 2 ]
    }, {
      "vertices" : [ 1, 2, 7 ]
    } ]
  }, {
    "id" : "cf3c6a52-bd9b-4ca3-b638-926c505aee14",
    "vertices" : [ {
      "x" : 1.0,
      "y" : 0.309017,
      "z" : 0.19098301
    }, {
      "x" : 1.0,
      "y" : -0.309017,
      "z" : 0.19098301
    }, {
      "x" : 2.236068,
      "y" : -0.309017,
      "z" : 0.19098301
    }, {
      "x" : 2.236068,
      "y" : 0.309017,
      "z" : 0.19098301
    }, {
      "x" : 2.236068,
      "y" : -0.309017,
      "z" : -0.19098301
    }, {
      "x" : 2.236068,
      "y" : 0.309017,
      "z" : -0.19098301
    }, {
      "x" : 2.854102,
      "y" : 0.0,
      "z" : 0.0
    }, {
      "x" : 0.38196602,
      "y" : 0.0,
      "z" : 0.0
    }, {
      "x" : 1.0,
      "y" : 0.309017,
      "z" : -0.19098301
    }, {
      "x" : 1.0,
      "y" : -0.309017,
      "z" : -0.19098301
    }, {
      "x" : 3.236068,
      "y" : 0.0,
      "z" : 0.0
    } ],
    "faces" : [ {
      "vertices" : [ 1, 9, 4 ]
    }, {
      "vertices" : [ 1, 4, 2 ]
    }, {
      "vertices" : [ 0, 3, 5 ]
    }, {
      "vertices" : [ 0, 5, 8 ]
    }, {
      "vertices" : [ 1, 7, 9 ]
    }, {
      "vertices" : [ 0, 1, 2 ]
    }, {
      "vertices" : [ 0, 2, 3 ]
    }, {
      "vertices" : [ 7, 8, 9 ]
    }, {
      "vertices" : [ 0, 7, 1 ]
    }, {
      "vertices" : [ 4, 9, 8 ]
    }, {
      "vertices" : [ 4, 8, 5 ]
    }, {
      "vertices" : [ 2, 6, 3 ]
    }, {
      "vertices" : [ 2, 4, 6 ]
    }, {
      "vertices" : [ 3, 6, 5 ]
    }, {
      "vertices" : [ 4, 5, 6 ]
    }, {
      "vertices" : [ 0, 8, 7 ]
    } ]
  }, {
    "id" : "2ce77d99-58e8-4d7f-9138-d4455113c1ca",
    "vertices" : [ {
      "x" : 2.2135255,
      "y" : 0.3454915,
      "z" : -0.25
    }, {
      "x" : 2.5815594,
      "y" : 0.440983,
      "z" : -0.7135255
    }, {
      "x" : 1.0954915,
      "y" : 0.1545085,
      "z" : 0.059016995
    }, {
      "x" : 2.0225425,
      "y" : 0.6545085,
      "z" : -0.75
    }, {
      "x" : 0.9045085,
      "y" : 0.4635255,
      "z" : -0.440983
    }, {
      "x" : 2.0225425,
      "y" : 0.036474507,
      "z" : -0.36803398
    }, {
      "x" : 0.9045085,
      "y" : -0.1545085,
      "z" : -0.059016995
    }, {
      "x" : 1.8315595,
      "y" : 0.3454915,
      "z" : -0.868034
    }, {
      "x" : 2.927051,
      "y" : 0.5,
      "z" : -0.809017
    }, {
      "x" : 0.3454915,
      "y" : 0.059016995,
      "z" : -0.095491506
    }, {
      "x" : 0.7135255,
      "y" : 0.1545085,
      "z" : -0.559017
    } ],
    "faces" : [ {
      "vertices" : [ 2, 9, 6 ]
    }, {
      "vertices" : [ 0, 1, 3 ]
    }, {
      "vertices" : [ 0, 5, 1 ]
    }, {
      "vertices" : [ 4, 10, 9 ]
    }, {
      "vertices" : [ 3, 7, 10 ]
    }, {
      "vertices" : [ 3, 10, 4 ]
    }, {
      "vertices" : [ 0, 3, 4 ]
    }, {
      "vertices" : [ 0, 4, 2 ]
    }, {
      "vertices" : [ 6, 9, 10 ]
    }, {
      "vertices" : [ 1, 7, 3 ]
    }, {
      "vertices" : [ 5, 6, 10 ]
    }, {
      "vertices" : [ 5, 10, 7 ]
    }, {
      "vertices" : [ 0, 2, 6 ]
    }, {
      "vertices" : [ 0, 6, 5 ]
    }, {
      "vertices" : [ 1, 5, 7 ]
    }, {
      "vertices" : [ 2, 4, 9 ]
    } ]
  } ],
  "instances" : [ {
    "shape" : "dc2fd821-db8b-47fb-a09b-96d5cb3708f4",
    "color" : "#FFFFFF",
    "position" : {
      "x" : 9.980368,
      "y" : -1.1024884,
      "z" : 7.141567
    }
  }, {
    "shape" : "dc2fd821-db8b-47fb-a09b-96d5cb3708f4",
    "color" : "#FFFFFF",
    "position" : {
      "x" : -5.236068,
      "y" : 0.0,
      "z" : 0.0
    }
  }, {
    "shape" : "dc2fd821-db8b-47fb-a09b-96d5cb3708f4",
    "color" : "#FFFFFF",
    "position" : {
      "x" : -8.49497,
      "y" : 9.62193,
      "z" : 29.595259
    }
  }, {
    "shape" : "39f69d44-8945-4506-a0a9-6311b7d22c18",
    "color" : "#007695",
    "position" : {
      "x" : 14.786893,
      "y" : -23.925695,
      "z" : 38.71259
    },
    "orientation" : 51
  }, {
    "shape" : "dc2fd821-db8b-47fb-a09b-96d5cb3708f4",
    "color" : "#FFFFFF",
    "position" : {
      "x" : -2.618034,
      "y" : 4.236068,
      "z" : -1.618034
    }
  }, {
    "shape" : "0431c2fa-dc27-4707-9206-f2a66aeb3695",
    "color" : "#FFFFFF",
    "position" : {
      "x" : 8.472136,
      "y" : 16.944271,
      "z" : 13.708204
    },
    "orientation" : 42
  }, {
    "shape" : "8f4c2bc0-6ae8-4e66-80d0-ad40b2499930",
    "color" : "#BB3930",
    "position" : {
      "x" : 3.6752503,
      "y" : -11.304383,
      "z" : -3.24479
    },
    "orientation" : 31
  }, {
    "shape" : "dc2fd821-db8b-47fb-a09b-96d5cb3708f4",
    "color" : "#FFFFFF",
    "position" : {
      "x" : 29.595259,
      "y" : 8.49497,
      "z" : -9.62193
    }
  }, {
    "shape" : "b3bfa37e-8bb1-4653-981c-3519615ddd03",
    "color" : "#FFFFFF",
    "position" : {
      "x" : 9.980368,
      "y" : -1.1024884,
      "z" : 7.141567
    },
    "orientation" : 39
  }, {
    "shape" : "dc2fd821-db8b-47fb-a09b-96d5cb3708f4",
    "color" : "#FFFFFF",
    "position" : {
      "x" : 0.0,
      "y" : -47.85139,
      "z" : 0.0
    }
  }, {
    "shape" : "dc2fd821-db8b-47fb-a09b-96d5cb3708f4",
    "color" : "#FFFFFF",
    "position" : {
      "x" : -4.162816,
      "y" : 8.310509,
      "z" : -8.088982
    }
  }, {
    "shape" : "264d5572-3bbd-4e8d-ba87-de6f4645159d",
    "color" : "#BB3930",
    "position" : {
      "x" : 21.757193,
      "y" : 21.177229,
      "z" : -10.898395
    },
    "orientation" : 43
  }, {
    "shape" : "0431c2fa-dc27-4707-9206-f2a66aeb3695",
    "color" : "#FFFFFF",
    "position" : {
      "x" : 0.0,
      "y" : -13.708204,
      "z" : 18.944271
    },
    "orientation" : 26
  }, {
    "shape" : "a11dc25d-2015-42b1-b5cd-f0d745cc83f3",
    "color" : "#FFFFFF",
    "position" : {
      "x" : -4.236068,
      "y" : 1.618034,
      "z" : 2.618034
    },
    "orientation" : 45
  }, {
    "shape" : "c4e0f44c-6f4a-443f-b0a1-7b90e5c8440d",
    "color" : "#007695",
    "position" : {
      "x" : 5.236068,
      "y" : 5.236068,
      "z" : -22.18034
    },
    "orientation" : 45
  }, {
    "shape" : "8f4c2bc0-6ae8-4e66-80d0-ad40b2499930",
    "color" : "#BB3930",
    "position" : {
      "x" : -6.3051176,
      "y" : 4.8441916,
      "z" : 9.412996
    },
    "orientation" : 48
  }, {
    "shape" : "8f4c2bc0-6ae8-4e66-80d0-ad40b2499930",
    "color" : "#BB3930",
    "position" : {
      "x" : -4.162816,
      "y" : 8.310509,
      "z" : -8.088982
    },
    "orientation" : 54
  }, {
    "shape" : "0431c2fa-dc27-4707-9206-f2a66aeb3695",
    "color" : "#FFFFFF",
    "position" : {
      "x" : 18.944271,
      "y" : 0.0,
      "z" : 13.708204
    },
    "orientation" : 39
  }, {
    "shape" : "0431c2fa-dc27-4707-9206-f2a66aeb3695",
    "color" : "#FFFFFF",
    "position" : {
      "x" : 5.236068,
      "y" : -5.236068,
      "z" : 22.18034
    },
    "orientation" : 46
  }, {
    "shape" : "0431c2fa-dc27-4707-9206-f2a66aeb3695",
    "color" : "#FFFFFF",
    "position" : {
      "x" : 0.0,
      "y" : 13.708204,
      "z" : -18.944271
    },
    "orientation" : 11
  }, {
    "shape" : "39f69d44-8945-4506-a0a9-6311b7d22c18",
    "color" : "#007695",
    "position" : {
      "x" : -23.925695,
      "y" : -38.71259,
      "z" : -14.786893
    },
    "orientation" : 54
  }, {
    "shape" : "c4e0f44c-6f4a-443f-b0a1-7b90e5c8440d",
    "color" : "#007695",
    "position" : {
      "x" : -5.236068,
      "y" : 5.236068,
      "z" : -22.18034
    },
    "orientation" : 38
  }, {
    "shape" : "dc2fd821-db8b-47fb-a09b-96d5cb3708f4",
    "color" : "#FFFFFF",
    "position" : {
      "x" : -9.62193,
      "y" : -29.595259,
      "z" : -8.49497
    }
  }, {
    "shape" : "42bb20dd-27e6-47b9-8a8f-07693542b4a8",
    "color" : "#57BC30",
    "position" : {
      "x" : -7.141567,
      "y" : -9.980368,
      "z" : -1.1024884
    },
    "orientation" : 10
  }, {
    "shape" : "264d5572-3bbd-4e8d-ba87-de6f4645159d",
    "color" : "#BB3930",
    "position" : {
      "x" : 2.886352,
      "y" : -18.696865,
      "z" : -26.128942
    },
    "orientation" : 35
  }, {
    "shape" : "dc2fd821-db8b-47fb-a09b-96d5cb3708f4",
    "color" : "#FFFFFF",
    "position" : {
      "x" : 11.985759,
      "y" : -2.1423016,
      "z" : 1.8913866
    }
  }, {
    "shape" : "c4e0f44c-6f4a-443f-b0a1-7b90e5c8440d",
    "color" : "#007695",
    "position" : {
      "x" : -16.944271,
      "y" : 13.708204,
      "z" : 8.472136
    },
    "orientation" : 37
  }, {
    "shape" : "39f69d44-8945-4506-a0a9-6311b7d22c18",
    "color" : "#007695",
    "position" : {
      "x" : -23.925695,
      "y" : 38.71259,
      "z" : -14.786893
    },
    "orientation" : 25
  }, {
    "shape" : "b564525e-ea1a-4ab9-9801-24aee66abf88",
    "color" : "#FFFFFF",
    "position" : {
      "x" : -31.379124,
      "y" : -5.6086187,
      "z" : 4.9517145
    },
    "orientation" : 30
  }, {
    "shape" : "8f4c2bc0-6ae8-4e66-80d0-ad40b2499930",
    "color" : "#BB3930",
    "position" : {
      "x" : -8.310509,
      "y" : 8.088982,
      "z" : -4.162816
    },
    "orientation" : 56
  }, {
    "shape" : "39f69d44-8945-4506-a0a9-6311b7d22c18",
    "color" : "#007695",
    "position" : {
      "x" : 14.786893,
      "y" : -23.925695,
      "z" : -38.71259
    },
    "orientation" : 45
  }, {
    "shape" : "dc2fd821-db8b-47fb-a09b-96d5cb3708f4",
    "color" : "#FFFFFF",
    "position" : {
      "x" : 31.379124,
      "y" : 5.6086187,
      "z" : 4.9517145
    }
  }, {
    "shape" : "dc2fd821-db8b-47fb-a09b-96d5cb3708f4",
    "color" : "#FFFFFF",
    "position" : {
      "x" : -8.088982,
      "y" : -4.162816,
      "z" : 8.310509
    }
  }, {
    "shape" : "dc2fd821-db8b-47fb-a09b-96d5cb3708f4",
    "color" : "#FFFFFF",
    "position" : {
      "x" : -24.643545,
      "y" : 16.507013,
      "z" : -12.682258
    }
  }, {
    "shape" : "264d5572-3bbd-4e8d-ba87-de6f4645159d",
    "color" : "#BB3930",
    "position" : {
      "x" : -21.757193,
      "y" : -21.177229,
      "z" : -10.898395
    },
    "orientation" : 13
  }, {
    "shape" : "a11dc25d-2015-42b1-b5cd-f0d745cc83f3",
    "color" : "#FFFFFF",
    "position" : {
      "x" : -1.618034,
      "y" : -2.618034,
      "z" : 4.236068
    },
    "orientation" : 41
  }, {
    "shape" : "b3bfa37e-8bb1-4653-981c-3519615ddd03",
    "color" : "#FFFFFF",
    "position" : {
      "x" : -4.8441916,
      "y" : -9.412996,
      "z" : -6.3051176
    },
    "orientation" : 5
  }, {
    "shape" : "a11dc25d-2015-42b1-b5cd-f0d745cc83f3",
    "color" : "#FFFFFF",
    "position" : {
      "x" : 4.236068,
      "y" : 1.618034,
      "z" : -2.618034
    },
    "orientation" : 0
  }, {
    "shape" : "dc2fd821-db8b-47fb-a09b-96d5cb3708f4",
    "color" : "#FFFFFF",
    "position" : {
      "x" : -5.236068,
      "y" : 5.236068,
      "z" : 22.18034
    }
  }, {
    "shape" : "c4e0f44c-6f4a-443f-b0a1-7b90e5c8440d",
    "color" : "#007695",
    "position" : {
      "x" : 13.708204,
      "y" : 18.944271,
      "z" : 0.0
    },
    "orientation" : 25
  }, {
    "shape" : "a11dc25d-2015-42b1-b5cd-f0d745cc83f3",
    "color" : "#FFFFFF",
    "position" : {
      "x" : 2.618034,
      "y" : -4.236068,
      "z" : -1.618034
    },
    "orientation" : 25
  }, {
    "shape" : "a11dc25d-2015-42b1-b5cd-f0d745cc83f3",
    "color" : "#FFFFFF",
    "position" : {
      "x" : -2.618034,
      "y" : -4.236068,
      "z" : -1.618034
    },
    "orientation" : 33
  }, {
    "shape" : "0431c2fa-dc27-4707-9206-f2a66aeb3695",
    "color" : "#FFFFFF",
    "position" : {
      "x" : -13.708204,
      "y" : 8.472136,
      "z" : 16.944271
    },
    "orientation" : 18
  }, {
    "shape" : "39f69d44-8945-4506-a0a9-6311b7d22c18",
    "color" : "#007695",
    "position" : {
      "x" : 38.71259,
      "y" : 14.786893,
      "z" : -23.925695
    },
    "orientation" : 37
  }, {
    "shape" : "dc2fd821-db8b-47fb-a09b-96d5cb3708f4",
    "color" : "#FFFFFF",
    "position" : {
      "x" : -11.985759,
      "y" : 2.1423016,
      "z" : 1.8913866
    }
  }, {
    "shape" : "b564525e-ea1a-4ab9-9801-24aee66abf88",
    "color" : "#FFFFFF",
    "position" : {
      "x" : 5.6086187,
      "y" : 4.9517145,
      "z" : 31.379124
    },
    "orientation" : 2
  }, {
    "shape" : "3bc7d4af-4b00-4f11-acd5-1d258012597f",
    "color" : "#008D36",
    "position" : {
      "x" : 21.757193,
      "y" : -21.177229,
      "z" : 10.898395
    },
    "orientation" : 48
  }, {
    "shape" : "c4e0f44c-6f4a-443f-b0a1-7b90e5c8440d",
    "color" : "#007695",
    "position" : {
      "x" : 22.18034,
      "y" : -5.236068,
      "z" : 5.236068
    },
    "orientation" : 1
  }, {
    "shape" : "c4e0f44c-6f4a-443f-b0a1-7b90e5c8440d",
    "color" : "#007695",
    "position" : {
      "x" : -8.472136,
      "y" : 16.944271,
      "z" : 13.708204
    },
    "orientation" : 53
  }, {
    "shape" : "b3bfa37e-8bb1-4653-981c-3519615ddd03",
    "color" : "#FFFFFF",
    "position" : {
      "x" : 4.162816,
      "y" : 8.310509,
      "z" : 8.088982
    },
    "orientation" : 42
  }, {
    "shape" : "a11dc25d-2015-42b1-b5cd-f0d745cc83f3",
    "color" : "#FFFFFF",
    "position" : {
      "x" : -4.236068,
      "y" : -1.618034,
      "z" : 2.618034
    },
    "orientation" : 38
  }, {
    "shape" : "c4e0f44c-6f4a-443f-b0a1-7b90e5c8440d",
    "color" : "#007695",
    "position" : {
      "x" : 13.708204,
      "y" : 8.472136,
      "z" : 16.944271
    },
    "orientation" : 52
  }, {
    "shape" : "a11dc25d-2015-42b1-b5cd-f0d745cc83f3",
    "color" : "#FFFFFF",
    "position" : {
      "x" : 2.618034,
      "y" : 4.236068,
      "z" : 1.618034
    },
    "orientation" : 6
  }, {
    "shape" : "42bb20dd-27e6-47b9-8a8f-07693542b4a8",
    "color" : "#57BC30",
    "position" : {
      "x" : 7.141567,
      "y" : 9.980368,
      "z" : -1.1024884
    },
    "orientation" : 40
  }, {
    "shape" : "c4e0f44c-6f4a-443f-b0a1-7b90e5c8440d",
    "color" : "#007695",
    "position" : {
      "x" : -5.236068,
      "y" : 5.236068,
      "z" : 22.18034
    },
    "orientation" : 0
  }, {
    "shape" : "b3bfa37e-8bb1-4653-981c-3519615ddd03",
    "color" : "#FFFFFF",
    "position" : {
      "x" : -1.8913866,
      "y" : -11.985759,
      "z" : -2.1423016
    },
    "orientation" : 0
  }, {
    "shape" : "b3bfa37e-8bb1-4653-981c-3519615ddd03",
    "color" : "#FFFFFF",
    "position" : {
      "x" : -11.985759,
      "y" : -2.1423016,
      "z" : -1.8913866
    },
    "orientation" : 2
  }, {
    "shape" : "c4e0f44c-6f4a-443f-b0a1-7b90e5c8440d",
    "color" : "#007695",
    "position" : {
      "x" : 8.472136,
      "y" : 16.944271,
      "z" : -13.708204
    },
    "orientation" : 7
  }, {
    "shape" : "dc2fd821-db8b-47fb-a09b-96d5cb3708f4",
    "color" : "#FFFFFF",
    "position" : {
