{
  "field" : "golden",
  "symmetry" : "icosahedral",
  "orientations" : [ [ 1.0, 0.0, 0.0, 0.0, 0.0, 1.0, 0.0, 0.0, 0.0, 0.0, 1.0, 0.0, 0.0, 0.0, 0.0, 1.0 ], [ 0.0, 0.0, 1.0, 0.0, 1.0, 0.0, 0.0, 0.0, 0.0, 1.0, 0.0, 0.0, 0.0, 0.0, 0.0, 1.0 ], [ 0.0, 1.0, 0.0, 0.0, 0.0, 0.0, 1.0, 0.0, 1.0, 0.0, 0.0, 0.0, 0.0, 0.0, 0.0, 1.0 ], [ 0.809017, 0.309017, 0.5, 0.0, 0.309017, 0.5, -0.809017, 0.0, -0.5, 0.809017, 0.309017, 0.0, 0.0, 0.0, 0.0, 1.0 ], [ -0.5, 0.809017, 0.309017, 0.0, 0.809017, 0.309017, 0.5, 0.0, 0.309017, 0.5, -0.809017, 0.0, 0.0, 0.0, 0.0, 1.0 ], [ 0.309017, 0.5, -0.809017, 0.0, -0.5, 0.809017, 0.309017, 0.0, 0.809017, 0.309017, 0.5, 0.0, 0.0, 0.0, 0.0, 1.0 ], [ 0.5, 0.809017, 0.309017, 0.0, 0.809017, -0.309017, -0.5, 0.0, -0.309017, 0.5, -0.809017, 0.0, 0.0, 0.0, 0.0, 1.0 ], [ -0.309017, 0.5, -0.809017, 0.0, 0.5, 0.809017, 0.309017, 0.0, 0.809017, -0.309017, -0.5, 0.0, 0.0, 0.0, 0.0, 1.0 ], [ 0.809017, -0.309017, -0.5, 0.0, -0.309017, 0.5, -0.809017, 0.0, 0.5, 0.809017, 0.309017, 0.0, 0.0, 0.0, 0.0, 1.0 ], [ 0.5, 0.809017, -0.309017, 0.0, 0.809017, -0.309017, 0.5, 0.0, 0.309017, -0.5, -0.809017, 0.0, 0.0, 0.0, 0.0, 1.0 ], [ 0.309017, -0.5, -0.809017, 0.0, 0.5, 0.809017, -0.309017, 0.0, 0.809017, -0.309017, 0.5, 0.0, 0.0, 0.0, 0.0, 1.0 ], [ 0.809017, -0.309017, 0.5, 0.0, 0.309017, -0.5, -0.809017, 0.0, 0.5, 0.809017, -0.309017, 0.0, 0.0, 0.0, 0.0, 1.0 ], [ 0.809017, 0.309017, -0.5, 0.0, 0.309017, 0.5, 0.809017, 0.0, 0.5, -0.809017, 0.309017, 0.0, 0.0, 0.0, 0.0, 1.0 ], [ 0.5, -0.809017, 0.309017, 0.0, 0.809017, 0.309017, -0.5, 0.0, 0.309017, 0.5, 0.809017, 0.0, 0.0, 0.0, 0.0, 1.0 ], [ 0.309017, 0.5, 0.809017, 0.0, 0.5, -0.809017, 0.309017, 0.0, 0.809017, 0.309017, -0.5, 0.0, 0.0, 0.0, 0.0, 1.0 ], [ 1.0, 0.0, 0.0, 0.0, 0.0, -1.0, 0.0, 0.0, 0.0, 0.0, -1.0, 0.0, 0.0, 0.0, 0.0, 1.0 ], [ 0.0, 0.0, 1.0, 0.0, -1.0, 0.0, 0.0, 0.0, 0.0, -1.0, 0.0, 0.0, 0.0, 0.0, 0.0, 1.0 ], [ 0.0, 1.0, 0.0, 0.0, 0.0, 0.0, -1.0, 0.0, -1.0, 0.0, 0.0, 0.0, 0.0, 0.0, 0.0, 1.0 ], [ 0.809017, 0.309017, 0.5, 0.0, -0.309017, -0.5, 0.809017, 0.0, 0.5, -0.809017, -0.309017, 0.0, 0.0, 0.0, 0.0, 1.0 ], [ -0.5, 0.809017, 0.309017, 0.0, -0.809017, -0.309017, -0.5, 0.0, -0.309017, -0.5, 0.809017, 0.0, 0.0, 0.0, 0.0, 1.0 ], [ 0.309017, 0.5, -0.809017, 0.0, 0.5, -0.809017, -0.309017, 0.0, -0.809017, -0.309017, -0.5, 0.0, 0.0, 0.0, 0.0, 1.0 ], [ 0.5, 0.809017, 0.309017, 0.0, -0.809017, 0.309017, 0.5, 0.0, 0.309017, -0.5, 0.809017, 0.0, 0.0, 0.0, 0.0, 1.0 ], [ -0.309017, 0.5, -0.809017, 0.0, -0.5, -0.809017, -0.309017, 0.0, -0.809017, 0.309017, 0.5, 0.0, 0.0, 0.0, 0.0, 1.0 ], [ 0.809017, -0.309017, -0.5, 0.0, 0.309017, -0.5, 0.809017, 0.0, -0.5, -0.809017, -0.309017, 0.0, 0.0, 0.0, 0.0, 1.0 ], [ 0.5, 0.809017, -0.309017, 0.0, -0.809017, 0.309017, -0.5, 0.0, -0.309017, 0.5, 0.809017, 0.0, 0.0, 0.0, 0.0, 1.0 ], [ 0.309017, -0.5, -0.809017, 0.0, -0.5, -0.809017, 0.309017, 0.0, -0.809017, 0.309017, -0.5, 0.0, 0.0, 0.0, 0.0, 1.0 ], [ 0.809017, -0.309017, 0.5, 0.0, -0.309017, 0.5, 0.809017, 0.0, -0.5, -0.809017, 0.309017, 0.0, 0.0, 0.0, 0.0, 1.0 ], [ 0.809017, 0.309017, -0.5, 0.0, -0.309017, -0.5, -0.809017, 0.0, -0.5, 0.809017, -0.309017, 0.0, 0.0, 0.0, 0.0, 1.0 ], [ 0.5, -0.809017, 0.309017, 0.0, -0.809017, -0.309017, 0.5, 0.0, -0.309017, -0.5, -0.809017, 0.0, 0.0, 0.0, 0.0, 1.0 ], [ 0.309017, 0.5, 0.809017, 0.0, -0.5, 0.809017, -0.309017, 0.0, -0.809017, -0.309017, 0.5, 0.0, 0.0, 0.0, 0.0, 1.0 ], [ -1.0, 0.0, 0.0, 0.0, 0.0, -1.0, 0.0, 0.0, 0.0, 0.0, 1.0, 0.0, 0.0, 0.0, 0.0, 1.0 ], [ 0.0, 0.0, -1.0, 0.0, -1.0, 0.0, 0.0, 0.0, 0.0, 1.0, 0.0, 0.0, 0.0, 0.0, 0.0, 1.0 ], [ 0.0, -1.0, 0.0, 0.0, 0.0, 0.0, -1.0, 0.0, 1.0, 0.0, 0.0, 0.0, 0.0, 0.0, 0.0, 1.0 ], [ -0.809017, -0.309017, -0.5, 0.0, -0.309017, -0.5, 0.809017, 0.0, -0.5, 0.809017, 0.309017, 0.0, 0.0, 0.0, 0.0, 1.0 ], [ 0.5, -0.809017, -0.309017, 0.0, -0.809017, -0.309017, -0.5, 0.0, 0.309017, 0.5, -0.809017, 0.0, 0.0, 0.0, 0.0, 1.0 ], [ -0.309017, -0.5, 0.809017, 0.0, 0.5, -0.809017, -0.309017, 0.0, 0.809017, 0.309017, 0.5, 0.0, 0.0, 0.0, 0.0, 1.0 ], [ -0.5, -0.809017, -0.309017, 0.0, -0.809017, 0.309017, 0.5, 0.0, -0.309017, 0.5, -0.809017, 0.0, 0.0, 0.0, 0.0, 1.0 ], [ 0.309017, -0.5, 0.809017, 0.0, -0.5, -0.809017, -0.309017, 0.0, 0.809017, -0.309017, -0.5, 0.0, 0.0, 0.0, 0.0, 1.0 ], [ -0.809017, 0.309017, 0.5, 0.0, 0.309017, -0.5, 0.809017, 0.0, 0.5, 0.809017, 0.309017, 0.0, 0.0, 0.0, 0.0, 1.0 ], [ -0.5, -0.809017, 0.309017, 0.0, -0.809017, 0.309017, -0.5, 0.0, 0.309017, -0.5, -0.809017, 0.0, 0.0, 0.0, 0.0, 1.0 ], [ -0.309017, 0.5, 0.809017, 0.0, -0.5, -0.809017, 0.309017, 0.0, 0.809017, -0.309017, 0.5, 0.0, 0.0, 0.0, 0.0, 1.0 ], [ -0.809017, 0.309017, -0.5, 0.0, -0.309017, 0.5, 0.809017, 0.0, 0.5, 0.809017, -0.309017, 0.0, 0.0, 0.0, 0.0, 1.0 ], [ -0.809017, -0.309017, 0.5, 0.0, -0.309017, -0.5, -0.809017, 0.0, 0.5, -0.809017, 0.309017, 0.0, 0.0, 0.0, 0.0, 1.0 ], [ -0.5, 0.809017, -0.309017, 0.0, -0.809017, -0.309017, 0.5, 0.0, 0.309017, 0.5, 0.809017, 0.0, 0.0, 0.0, 0.0, 1.0 ], [ -0.309017, -0.5, -0.809017, 0.0, -0.5, 0.809017, -0.309017, 0.0, 0.809017, 0.309017, -0.5, 0.0, 0.0, 0.0, 0.0, 1.0 ], [ -1.0, 0.0, 0.0, 0.0, 0.0, 1.0, 0.0, 0.0, 0.0, 0.0, -1.0, 0.0, 0.0, 0.0, 0.0, 1.0 ], [ 0.0, 0.0, -1.0, 0.0, 1.0, 0.0, 0.0, 0.0, 0.0, -1.0, 0.0, 0.0, 0.0, 0.0, 0.0, 1.0 ], [ 0.0, -1.0, 0.0, 0.0, 0.0, 0.0, 1.0, 0.0, -1.0, 0.0, 0.0, 0.0, 0.0, 0.0, 0.0, 1.0 ], [ -0.809017, -0.309017, -0.5, 0.0, 0.309017, 0.5, -0.809017, 0.0, 0.5, -0.809017, -0.309017, 0.0, 0.0, 0.0, 0.0, 1.0 ], [ 0.5, -0.809017, -0.309017, 0.0, 0.809017, 0.309017, 0.5, 0.0, -0.309017, -0.5, 0.809017, 0.0, 0.0, 0.0, 0.0, 1.0 ], [ -0.309017, -0.5, 0.809017, 0.0, -0.5, 0.809017, 0.309017, 0.0, -0.809017, -0.309017, -0.5, 0.0, 0.0, 0.0, 0.0, 1.0 ], [ -0.5, -0.809017, -0.309017, 0.0, 0.809017, -0.309017, -0.5, 0.0, 0.309017, -0.5, 0.809017, 0.0, 0.0, 0.0, 0.0, 1.0 ], [ 0.309017, -0.5, 0.809017, 0.0, 0.5, 0.809017, 0.309017, 0.0, -0.809017, 0.309017, 0.5, 0.0, 0.0, 0.0, 0.0, 1.0 ], [ -0.809017, 0.309017, 0.5, 0.0, -0.309017, 0.5, -0.809017, 0.0, -0.5, -0.809017, -0.309017, 0.0, 0.0, 0.0, 0.0, 1.0 ], [ -0.5, -0.809017, 0.309017, 0.0, 0.809017, -0.309017, 0.5, 0.0, -0.309017, 0.5, 0.809017, 0.0, 0.0, 0.0, 0.0, 1.0 ], [ -0.309017, 0.5, 0.809017, 0.0, 0.5, 0.809017, -0.309017, 0.0, -0.809017, 0.309017, -0.5, 0.0, 0.0, 0.0, 0.0, 1.0 ], [ -0.809017, 0.309017, -0.5, 0.0, 0.309017, -0.5, -0.809017, 0.0, -0.5, -0.809017, 0.309017, 0.0, 0.0, 0.0, 0.0, 1.0 ], [ -0.809017, -0.309017, 0.5, 0.0, 0.309017, 0.5, 0.809017, 0.0, -0.5, 0.809017, -0.309017, 0.0, 0.0, 0.0, 0.0, 1.0 ], [ -0.5, 0.809017, -0.309017, 0.0, 0.809017, 0.309017, -0.5, 0.0, -0.309017, -0.5, -0.809017, 0.0, 0.0, 0.0, 0.0, 1.0 ], [ -0.309017, -0.5, -0.809017, 0.0, 0.5, -0.809017, 0.309017, 0.0, -0.809017, -0.309017, 0.5, 0.0, 0.0, 0.0, 0.0, 1.0 ] ],
  "lights" : {
    "ambientColor" : "#292929",
    "backgroundColor" : "#EFF7FF",
    "directionalLights" : [ {
      "direction" : {
        "x" : 1.0,
        "y" : -1.0,
        "z" : -1.0
      },
      "color" : "#EBEBE4"
    }, {
      "direction" : {
        "x" : -1.0,
        "y" : 0.0,
        "z" : 0.0
      },
      "color" : "#E4E4EB"
    }, {
      "direction" : {
        "x" : 0.0,
        "y" : 0.0,
        "z" : -1.0
      },
      "color" : "#1E1E1E"
    } ]
  },
  "camera" : {
    "width" : 190.63718,
    "stereo" : false,
    "viewDistance" : 423.63812,
    "nearClipDistance" : 1.0590948,
    "farClipDistance" : 847.27374,
    "lookAtPoint" : {
      "x" : 0.0,
      "y" : 0.0,
      "z" : 0.0
    },
    "fieldOfView" : 0.44262892,
    "perspective" : true,
    "lookDirection" : {
      "x" : 0.0,
      "y" : 0.0,
      "z" : -1.0
    },
    "upDirection" : {
      "x" : 0.0,
      "y" : 1.0,
      "z" : 0.0
    },
    "position" : {
      "x" : 0.0,
      "y" : 0.0,
      "z" : 423.63812
    }
  },
  "embedding" : [ 1.0, 0.0, 0.0, 0.0, 0.0, 1.0, 0.0, 0.0, 0.0, 0.0, 1.0, 0.0, 0.0, 0.0, 0.0, 1.0 ],
  "shapes" : [ {
    "id" : "e7719e3e-c0ef-44f8-956d-b52ab0232dd8",
    "vertices" : [ {
      "x" : 15.708204,
      "y" : -6.0,
      "z" : -9.708204
    }, {
      "x" : 22.733126,
      "y" : 0.0,
      "z" : -14.049845
    }, {
      "x" : 15.708204,
      "y" : 6.0,
      "z" : -9.708204
    }, {
      "x" : 14.049845,
      "y" : 0.0,
      "z" : -8.683282
    } ],
    "faces" : [ {
      "vertices" : [ 0, 1, 2 ]
    }, {
      "vertices" : [ 0, 2, 3 ]
    }, {
      "vertices" : [ 0, 3, 2 ]
    }, {
      "vertices" : [ 0, 2, 1 ]
    } ]
  }, {
    "id" : "49cf71cf-e257-4816-b886-ad4ceede6f54",
    "vertices" : [ {
      "x" : 11.366563,
      "y" : 9.708204,
      "z" : 7.0249224
    }, {
      "x" : 9.708204,
      "y" : 15.708204,
      "z" : 6.0
    }, {
      "x" : 4.341641,
      "y" : 15.708204,
      "z" : 2.6832817
    } ],
    "faces" : [ {
      "vertices" : [ 0, 1, 2 ]
    }, {
      "vertices" : [ 0, 2, 1 ]
    } ]
  }, {
    "id" : "5bbd0ed5-e205-49a6-9a7a-304c96355fef",
    "vertices" : [ {
      "x" : -4.341641,
      "y" : -15.708204,
      "z" : -2.6832817
    }, {
      "x" : -9.708204,
      "y" : -15.708204,
      "z" : -6.0
    }, {
      "x" : -11.366563,
      "y" : -9.708204,
      "z" : -7.0249224
    } ],
    "faces" : [ {
      "vertices" : [ 0, 1, 2 ]
    }, {
      "vertices" : [ 0, 2, 1 ]
    } ]
  }, {
    "id" : "2877d549-13b4-4bc4-a36b-e876d5ddbdc1",
    "vertices" : [ {
      "x" : -15.708204,
      "y" : 6.0,
      "z" : -9.708204
    }, {
      "x" : -18.391485,
      "y" : 15.708204,
      "z" : -11.366563
    }, {
      "x" : -9.708204,
      "y" : 15.708204,
      "z" : -6.0
    }, {
      "x" : -11.366563,
      "y" : 9.708204,
      "z" : -7.0249224
    } ],
    "faces" : [ {
      "vertices" : [ 0, 1, 2 ]
    }, {
      "vertices" : [ 0, 2, 3 ]
    }, {
      "vertices" : [ 0, 3, 2 ]
    }, {
      "vertices" : [ 0, 2, 1 ]
    } ]
  }, {
    "id" : "f8e8855f-ab26-4525-8a35-c790cf4b7ed3",
    "vertices" : [ {
      "x" : 0.309017,
      "y" : -0.309017,
      "z" : -0.309017
    }, {
      "x" : 0.5,
      "y" : 0.0,
      "z" : -0.19098301
    }, {
      "x" : 0.5,
      "y" : 0.0,
      "z" : 0.19098301
    }, {
      "x" : 0.309017,
      "y" : -0.309017,
      "z" : 0.309017
    }, {
      "x" : 0.19098301,
      "y" : -0.5,
      "z" : 0.0
    }, {
      "x" : 0.0,
      "y" : 0.19098301,
      "z" : 0.5
    }, {
      "x" : 0.0,
      "y" : -0.19098301,
      "z" : 0.5
    }, {
      "x" : 0.309017,
      "y" : 0.309017,
      "z" : 0.309017
    }, {
      "x" : -0.309017,
      "y" : -0.309017,
      "z" : 0.309017
    }, {
      "x" : -0.309017,
      "y" : 0.309017,
      "z" : 0.309017
    }, {
      "x" : -0.5,
      "y" : 0.0,
      "z" : 0.19098301
    }, {
      "x" : 0.0,
      "y" : -0.19098301,
      "z" : -0.5
    }, {
      "x" : 0.0,
      "y" : 0.19098301,
      "z" : -0.5
    }, {
      "x" : 0.309017,
      "y" : 0.309017,
      "z" : -0.309017
    }, {
      "x" : -0.309017,
      "y" : -0.309017,
      "z" : -0.309017
    }, {
      "x" : -0.19098301,
      "y" : -0.5,
      "z" : 0.0
    }, {
      "x" : -0.5,
      "y" : 0.0,
      "z" : -0.19098301
    }, {
      "x" : 0.19098301,
      "y" : 0.5,
      "z" : 0.0
    }, {
      "x" : -0.309017,
      "y" : 0.309017,
      "z" : -0.309017
    }, {
      "x" : 0.0,
      "y" : 0.0,
      "z" : 0.0
    }, {
      "x" : -0.19098301,
      "y" : 0.5,
      "z" : 0.0
    } ],
    "faces" : [ {
      "vertices" : [ 12, 18, 20 ]
    }, {
      "vertices" : [ 12, 20, 17 ]
    }, {
      "vertices" : [ 12, 17, 13 ]
    }, {
      "vertices" : [ 3, 6, 8 ]
    }, {
      "vertices" : [ 3, 8, 15 ]
    }, {
      "vertices" : [ 3, 15, 4 ]
    }, {
      "vertices" : [ 0, 11, 12 ]
    }, {
      "vertices" : [ 0, 12, 13 ]
    }, {
      "vertices" : [ 0, 13, 1 ]
    }, {
      "vertices" : [ 5, 9, 10 ]
    }, {
      "vertices" : [ 5, 10, 8 ]
    }, {
      "vertices" : [ 5, 8, 6 ]
    }, {
      "vertices" : [ 2, 7, 5 ]
    }, {
      "vertices" : [ 2, 5, 6 ]
    }, {
      "vertices" : [ 2, 6, 3 ]
    }, {
      "vertices" : [ 11, 14, 16 ]
    }, {
      "vertices" : [ 11, 16, 18 ]
    }, {
      "vertices" : [ 11, 18, 12 ]
    }, {
      "vertices" : [ 1, 13, 17 ]
    }, {
      "vertices" : [ 1, 17, 7 ]
    }, {
      "vertices" : [ 1, 7, 2 ]
    }, {
      "vertices" : [ 9, 20, 18 ]
    }, {
      "vertices" : [ 9, 18, 16 ]
    }, {
      "vertices" : [ 9, 16, 10 ]
    }, {
      "vertices" : [ 0, 1, 2 ]
    }, {
      "vertices" : [ 0, 2, 3 ]
    }, {
      "vertices" : [ 0, 3, 4 ]
    }, {
      "vertices" : [ 5, 7, 17 ]
    }, {
      "vertices" : [ 5, 17, 20 ]
    }, {
      "vertices" : [ 5, 20, 9 ]
    }, {
      "vertices" : [ 0, 4, 15 ]
    }, {
      "vertices" : [ 0, 15, 14 ]
    }, {
      "vertices" : [ 0, 14, 11 ]
    }, {
      "vertices" : [ 8, 10, 16 ]
    }, {
      "vertices" : [ 8, 16, 14 ]
    }, {
      "vertices" : [ 8, 14, 15 ]
    } ]
  }, {
    "id" : "dfb0f6d7-f8a9-49d2-9338-ff52b1d009bf",
    "vertices" : [ {
      "x" : -2.6832817,
      "y" : -4.341641,
      "z" : 15.708204
    }, {
      "x" : -6.0,
      "y" : -9.708204,
      "z" : 15.708204
    }, {
      "x" : -7.0249224,
      "y" : -11.366563,
      "z" : 9.708204
    } ],
    "faces" : [ {
      "vertices" : [ 0, 1, 2 ]
    }, {
      "vertices" : [ 0, 2, 1 ]
    } ]
  }, {
    "id" : "eda5470b-a4f3-406a-a1e3-cbd1e01841fc",
    "vertices" : [ {
      "x" : 6.0,
      "y" : 9.708204,
      "z" : 15.708204
    }, {
      "x" : 15.708204,
      "y" : 11.366563,
      "z" : 18.391485
    }, {
      "x" : 15.708204,
      "y" : 6.0,
      "z" : 9.708204
    }, {
      "x" : 9.708204,
      "y" : 7.0249224,
      "z" : 11.366563
    } ],
    "faces" : [ {
      "vertices" : [ 0, 1, 2 ]
    }, {
      "vertices" : [ 0, 2, 3 ]
    }, {
      "vertices" : [ 0, 3, 2 ]
    }, {
      "vertices" : [ 0, 2, 1 ]
    } ]
  }, {
    "id" : "b5b8bf6a-8002-4483-a153-a71f6df5cdb3",
    "vertices" : [ {
      "x" : -6.0,
      "y" : -9.708204,
      "z" : 15.708204
    }, {
      "x" : -15.708204,
      "y" : -11.366563,
      "z" : 18.391485
    }, {
      "x" : -15.708204,
      "y" : -6.0,
      "z" : 9.708204
    }, {
      "x" : -9.708204,
      "y" : -7.0249224,
      "z" : 11.366563
    } ],
    "faces" : [ {
      "vertices" : [ 0, 1, 2 ]
    }, {
      "vertices" : [ 0, 2, 3 ]
    }, {
      "vertices" : [ 0, 3, 2 ]
    }, {
      "vertices" : [ 0, 2, 1 ]
    } ]
  }, {
    "id" : "5216911d-5afa-46b2-96f3-84558818697e",
    "vertices" : [ {
      "x" : 15.708204,
      "y" : 6.0,
      "z" : -9.708204
    }, {
      "x" : 25.416409,
      "y" : 4.341641,
      "z" : -7.0249224
    }, {
      "x" : 19.416409,
      "y" : 0.0,
      "z" : 0.0
    }, {
      "x" : 15.708204,
      "y" : 2.6832817,
      "z" : -4.341641
    } ],
    "faces" : [ {
      "vertices" : [ 0, 1, 2 ]
    }, {
      "vertices" : [ 0, 2, 3 ]
    }, {
      "vertices" : [ 0, 3, 2 ]
    }, {
      "vertices" : [ 0, 2, 1 ]
    } ]
  }, {
    "id" : "e0ce7b7c-5859-449d-8cd8-b4f694d47f8d",
    "vertices" : [ {
      "x" : -9.708204,
      "y" : 15.708204,
      "z" : -6.0
    }, {
      "x" : -11.366563,
      "y" : 18.391485,
      "z" : -15.708204
    }, {
      "x" : -6.0,
      "y" : 9.708204,
      "z" : -15.708204
    }, {
      "x" : -7.0249224,
      "y" : 11.366563,
      "z" : -9.708204
    } ],
    "faces" : [ {
      "vertices" : [ 0, 1, 2 ]
    }, {
      "vertices" : [ 0, 2, 3 ]
    }, {
      "vertices" : [ 0, 3, 2 ]
    }, {
      "vertices" : [ 0, 2, 1 ]
    } ]
  }, {
    "id" : "b61bdb92-b86f-4d4e-a314-93622d78591b",
    "vertices" : [ {
      "x" : 7.0249224,
      "y" : 25.416409,
      "z" : -4.341641
    }, {
      "x" : 9.708204,
      "y" : 15.708204,
      "z" : -6.0
    }, {
      "x" : 18.391485,
      "y" : 15.708204,
      "z" : -11.366563
    }, {
      "x" : 25.416409,
      "y" : 41.12461,
      "z" : -15.708204
    } ],
    "faces" : [ {
      "vertices" : [ 0, 1, 2 ]
    }, {
      "vertices" : [ 0, 2, 3 ]
    }, {
      "vertices" : [ 0, 3, 2 ]
    }, {
      "vertices" : [ 0, 2, 1 ]
    } ]
  }, {
    "id" : "3ea40451-9f6c-4396-b1b6-901ce6bfdeb1",
    "vertices" : [ {
      "x" : -13.189277,
      "y" : -13.189277,
      "z" : 13.189277
    }, {
      "x" : -15.708204,
      "y" : -11.366563,
      "z" : 18.391485
    }, {
      "x" : -15.708204,
      "y" : -25.416409,
      "z" : 41.12461
    }, {
      "x" : -11.366563,
      "y" : -18.391485,
      "z" : 15.708204
    } ],
    "faces" : [ {
      "vertices" : [ 0, 1, 2 ]
    }, {
      "vertices" : [ 0, 2, 3 ]
    }, {
      "vertices" : [ 0, 3, 2 ]
    }, {
      "vertices" : [ 0, 2, 1 ]
    } ]
  }, {
    "id" : "552dac85-7daa-4f46-8b8d-88de98fab0b0",
    "vertices" : [ {
      "x" : 11.007458,
      "y" : 6.8029833,
      "z" : 0.0
    }, {
      "x" : 18.391485,
      "y" : 15.708204,
      "z" : 11.366563
    }, {
      "x" : 25.416409,
      "y" : 41.12461,
      "z" : 15.708204
    }, {
      "x" : 14.049845,
      "y" : 22.733126,
      "z" : 0.0
    } ],
    "faces" : [ {
      "vertices" : [ 0, 1, 2 ]
    }, {
      "vertices" : [ 0, 2, 3 ]
    }, {
      "vertices" : [ 0, 3, 2 ]
    }, {
      "vertices" : [ 0, 2, 1 ]
    } ]
  }, {
    "id" : "8927ac88-2a80-4bca-875e-efa00782288a",
    "vertices" : [ {
      "x" : 4.341641,
      "y" : -15.708204,
      "z" : 2.6832817
    }, {
      "x" : 0.0,
      "y" : -19.416409,
      "z" : 0.0
    }, {
      "x" : -4.341641,
      "y" : -15.708204,
      "z" : -2.6832817
    } ],
    "faces" : [ {
      "vertices" : [ 0, 1, 2 ]
    }, {
      "vertices" : [ 0, 2, 1 ]
    } ]
  }, {
    "id" : "35969cd7-75ce-4f9c-86cb-8f9a59ad73ac",
    "vertices" : [ {
      "x" : 13.189277,
      "y" : -13.189277,
      "z" : 13.189277
    }, {
      "x" : 11.366563,
      "y" : -18.391485,
      "z" : 15.708204
    }, {
      "x" : 15.708204,
      "y" : -25.416409,
      "z" : 41.12461
    }, {
      "x" : 15.708204,
      "y" : -11.366563,
      "z" : 18.391485
    } ],
    "faces" : [ {
      "vertices" : [ 0, 1, 2 ]
    }, {
      "vertices" : [ 0, 2, 3 ]
    }, {
      "vertices" : [ 0, 3, 2 ]
    }, {
      "vertices" : [ 0, 2, 1 ]
    } ]
  }, {
    "id" : "d3d64197-cb53-4801-ac58-3d13c8e3c3de",
    "vertices" : [ {
      "x" : -4.341641,
      "y" : -7.0249224,
      "z" : -25.416409
    }, {
      "x" : 0.0,
      "y" : 0.0,
      "z" : -19.416409
    }, {
      "x" : 4.341641,
      "y" : 7.0249224,
      "z" : -25.416409
    }, {
      "x" : 0.0,
      "y" : 0.0,
      "z" : -50.832817
    } ],
    "faces" : [ {
      "vertices" : [ 0, 1, 2 ]
    }, {
      "vertices" : [ 0, 2, 3 ]
    }, {
      "vertices" : [ 0, 3, 2 ]
    }, {
      "vertices" : [ 0, 2, 1 ]
    } ]
  }, {
    "id" : "22dea298-d1b9-431a-b227-c878a4687fce",
    "vertices" : [ {
      "x" : 13.189277,
      "y" : 13.189277,
      "z" : 13.189277
    }, {
      "x" : 18.391485,
      "y" : 15.708204,
      "z" : 11.366563
    }, {
      "x" : 41.12461,
      "y" : 15.708204,
      "z" : 25.416409
    }, {
      "x" : 15.708204,
      "y" : 11.366563,
      "z" : 18.391485
    } ],
    "faces" : [ {
      "vertices" : [ 0, 1, 2 ]
    }, {
      "vertices" : [ 0, 2, 3 ]
    }, {
      "vertices" : [ 0, 3, 2 ]
    }, {
      "vertices" : [ 0, 2, 1 ]
    } ]
  }, {
    "id" : "0aa71cd6-6b66-430e-b909-8d6626f67373",
    "vertices" : [ {
      "x" : 14.049845,
      "y" : 22.733126,
      "z" : 0.0
    }, {
      "x" : 9.708204,
      "y" : 15.708204,
      "z" : 6.0
    }, {
      "x" : 11.366563,
      "y" : 18.391485,
      "z" : 15.708204
    }, {
      "x" : 25.416409,
      "y" : 41.12461,
      "z" : 15.708204
    } ],
    "faces" : [ {
      "vertices" : [ 0, 1, 2 ]
    }, {
      "vertices" : [ 0, 2, 3 ]
    }, {
      "vertices" : [ 0, 3, 2 ]
    }, {
      "vertices" : [ 0, 2, 1 ]
    } ]
  }, {
    "id" : "b1ddd82c-7b0c-4150-acf2-05afcb5a57cd",
    "vertices" : [ {
      "x" : -11.007458,
      "y" : -6.8029833,
      "z" : 0.0
    }, {
      "x" : -25.416409,
      "y" : -4.341641,
      "z" : -7.0249224
    }, {
      "x" : -50.832817,
      "y" : 0.0,
      "z" : 0.0
    }, {
      "x" : -25.416409,
      "y" : -4.341641,
      "z" : 7.0249224
    } ],
    "faces" : [ {
      "vertices" : [ 0, 1, 2 ]
    }, {
      "vertices" : [ 0, 2, 3 ]
    }, {
      "vertices" : [ 0, 3, 2 ]
    }, {
      "vertices" : [ 0, 2, 1 ]
    } ]
  }, {
    "id" : "011c88f3-903e-4515-8432-1ecd0c098989",
    "vertices" : [ {
      "x" : -8.151421,
      "y" : 21.340698,
      "z" : 0.0
    }, {
      "x" : -7.0249224,
      "y" : 25.416409,
      "z" : -4.341641
    }, {
      "x" : 0.0,
      "y" : 50.832817,
      "z" : 0.0
    }, {
      "x" : -7.0249224,
      "y" : 25.416409,
      "z" : 4.341641
    } ],
    "faces" : [ {
      "vertices" : [ 0, 1, 2 ]
    }, {
      "vertices" : [ 0, 2, 3 ]
    }, {
      "vertices" : [ 0, 3, 2 ]
    }, {
      "vertices" : [ 0, 2, 1 ]
    } ]
  }, {
    "id" : "683aac57-389e-4fcc-8798-ff41e2fca6ab",
    "vertices" : [ {
      "x" : -6.8029833,
      "y" : 0.0,
      "z" : 11.007458
    }, {
      "x" : -22.733126,
      "y" : 0.0,
      "z" : 14.049845
    }, {
      "x" : -41.12461,
      "y" : 15.708204,
      "z" : 25.416409
    }, {
      "x" : -15.708204,
      "y" : 11.366563,
      "z" : 18.391485
    } ],
    "faces" : [ {
      "vertices" : [ 0, 1, 2 ]
    }, {
      "vertices" : [ 0, 2, 3 ]
    }, {
      "vertices" : [ 0, 3, 2 ]
    }, {
      "vertices" : [ 0, 2, 1 ]
    } ]
  }, {
    "id" : "cb1ab454-168d-4352-b786-7fc4827f697e",
    "vertices" : [ {
      "x" : -25.416409,
      "y" : 4.341641,
      "z" : -7.0249224
    }, {
      "x" : -19.416409,
      "y" : 0.0,
      "z" : 0.0
    }, {
      "x" : -25.416409,
      "y" : -4.341641,
      "z" : 7.0249224
    }, {
      "x" : -50.832817,
      "y" : 0.0,
      "z" : 0.0
    } ],
    "faces" : [ {
      "vertices" : [ 0, 1, 2 ]
    }, {
      "vertices" : [ 0, 2, 3 ]
    }, {
      "vertices" : [ 0, 3, 2 ]
    }, {
      "vertices" : [ 0, 2, 1 ]
    } ]
  }, {
    "id" : "34c42e48-6f47-4699-812b-dfc67fa4633c",
    "vertices" : [ {
      "x" : -15.708204,
      "y" : 11.366563,
      "z" : 18.391485
    }, {
      "x" : -6.0,
      "y" : 9.708204,
      "z" : 15.708204
    }, {
      "x" : 0.0,
      "y" : 14.049845,
      "z" : 22.733126
    }, {
      "x" : -15.708204,
      "y" : 25.416409,
      "z" : 41.12461
    } ],
    "faces" : [ {
      "vertices" : [ 0, 1, 2 ]
    }, {
      "vertices" : [ 0, 2, 3 ]
    }, {
      "vertices" : [ 0, 3, 2 ]
    }, {
      "vertices" : [ 0, 2, 1 ]
    } ]
  }, {
    "id" : "92fa48f7-fdf0-4fb6-b8df-3136b69f68cc",
    "vertices" : [ {
      "x" : -6.0,
      "y" : 9.708204,
      "z" : 15.708204
    }, {
      "x" : -4.341641,
      "y" : 7.0249224,
      "z" : 25.416409
    }, {
      "x" : 0.0,
      "y" : 0.0,
      "z" : 19.416409
    }, {
      "x" : -2.6832817,
      "y" : 4.341641,
      "z" : 15.708204
    } ],
    "faces" : [ {
      "vertices" : [ 0, 1, 2 ]
    }, {
      "vertices" : [ 0, 2, 3 ]
    }, {
      "vertices" : [ 0, 3, 2 ]
    }, {
      "vertices" : [ 0, 2, 1 ]
    } ]
  }, {
    "id" : "e937b403-0cb0-437c-a55a-39387db0ffd3",
    "vertices" : [ {
      "x" : 6.0,
      "y" : -9.708204,
      "z" : -15.708204
    }, {
      "x" : 15.708204,
      "y" : -11.366563,
      "z" : -18.391485
    }, {
      "x" : 15.708204,
      "y" : -6.0,
      "z" : -9.708204
    }, {
      "x" : 9.708204,
      "y" : -7.0249224,
      "z" : -11.366563
    } ],
    "faces" : [ {
      "vertices" : [ 0, 1, 2 ]
    }, {
      "vertices" : [ 0, 2, 3 ]
    }, {
      "vertices" : [ 0, 3, 2 ]
    }, {
      "vertices" : [ 0, 2, 1 ]
    } ]
  }, {
    "id" : "6bdf28c5-2fdd-4757-8fc4-a2e2f44add58",
    "vertices" : [ {
      "x" : 6.0,
      "y" : -9.708204,
      "z" : 15.708204
    }, {
      "x" : 11.366563,
      "y" : -18.391485,
      "z" : 15.708204
    }, {
      "x" : 9.708204,
      "y" : -15.708204,
      "z" : 6.0
    }, {
      "x" : 7.0249224,
      "y" : -11.366563,
      "z" : 9.708204
    } ],
    "faces" : [ {
      "vertices" : [ 0, 1, 2 ]
    }, {
      "vertices" : [ 0, 2, 3 ]
    }, {
      "vertices" : [ 0, 3, 2 ]
    }, {
      "vertices" : [ 0, 2, 1 ]
    } ]
  }, {
    "id" : "520378f3-a76a-4861-844c-f186f362c30b",
    "vertices" : [ {
      "x" : 0.0,
      "y" : 11.007458,
      "z" : -6.8029833
    }, {
      "x" : 7.0249224,
      "y" : 25.416409,
      "z" : -4.341641
    }, {
      "x" : 0.0,
      "y" : 50.832817,
      "z" : 0.0
    }, {
      "x" : -7.0249224,
      "y" : 25.416409,
      "z" : -4.341641
    } ],
    "faces" : [ {
      "vertices" : [ 0, 1, 2 ]
    }, {
      "vertices" : [ 0, 2, 3 ]
    }, {
      "vertices" : [ 0, 3, 2 ]
    }, {
      "vertices" : [ 0, 2, 1 ]
    } ]
  }, {
    "id" : "850516f9-a39c-415c-b7dd-796a8cf0a066",
    "vertices" : [ {
      "x" : -15.708204,
      "y" : -2.6832817,
      "z" : -4.341641
    }, {
      "x" : -15.708204,
      "y" : -6.0,
      "z" : -9.708204
    }, {
      "x" : -9.708204,
      "y" : -7.0249224,
      "z" : -11.366563
    } ],
    "faces" : [ {
      "vertices" : [ 0, 1, 2 ]
    }, {
      "vertices" : [ 0, 2, 1 ]
    } ]
  }, {
    "id" : "7a5c11d0-e8a9-4b14-bbea-ab1763f2aeb8",
    "vertices" : [ {
      "x" : -6.8029833,
      "y" : 0.0,
      "z" : -11.007458
    }, {
      "x" : -4.341641,
      "y" : -7.0249224,
      "z" : -25.416409
    }, {
      "x" : 0.0,
      "y" : 0.0,
      "z" : -50.832817
    }, {
      "x" : -4.341641,
      "y" : 7.0249224,
      "z" : -25.416409
    } ],
    "faces" : [ {
      "vertices" : [ 0, 1, 2 ]
    }, {
      "vertices" : [ 0, 2, 3 ]
    }, {
      "vertices" : [ 0, 3, 2 ]
    }, {
      "vertices" : [ 0, 2, 1 ]
    } ]
  }, {
    "id" : "dfa82eca-8c10-4d24-857b-34242b0a3bec",
    "vertices" : [ {
      "x" : 4.341641,
      "y" : -7.0249224,
      "z" : 25.416409
    }, {
      "x" : 6.0,
      "y" : -9.708204,
      "z" : 15.708204
    }, {
      "x" : 11.366563,
      "y" : -18.391485,
      "z" : 15.708204
    }, {
      "x" : 15.708204,
      "y" : -25.416409,
      "z" : 41.12461
    } ],
    "faces" : [ {
      "vertices" : [ 0, 1, 2 ]
    }, {
      "vertices" : [ 0, 2, 3 ]
    }, {
      "vertices" : [ 0, 3, 2 ]
    }, {
      "vertices" : [ 0, 2, 1 ]
    } ]
  }, {
    "id" : "a19e300c-4add-403c-be8a-a34a0696ff06",
    "vertices" : [ {
      "x" : -22.733126,
      "y" : 0.0,
      "z" : -14.049845
    }, {
      "x" : -15.708204,
      "y" : -6.0,
      "z" : -9.708204
    }, {
      "x" : -18.391485,
      "y" : -15.708204,
      "z" : -11.366563
    }, {
      "x" : -41.12461,
      "y" : -15.708204,
      "z" : -25.416409
    } ],
    "faces" : [ {
      "vertices" : [ 0, 1, 2 ]
    }, {
      "vertices" : [ 0, 2, 3 ]
    }, {
      "vertices" : [ 0, 3, 2 ]
    }, {
      "vertices" : [ 0, 2, 1 ]
    } ]
  }, {
    "id" : "4de9b57a-6880-4569-8e13-5023d0229045",
    "vertices" : [ {
      "x" : 7.0249224,
      "y" : -11.366563,
      "z" : -9.708204
    }, {
      "x" : 6.0,
      "y" : -9.708204,
      "z" : -15.708204
    }, {
      "x" : 2.6832817,
      "y" : -4.341641,
      "z" : -15.708204
    } ],
    "faces" : [ {
      "vertices" : [ 0, 1, 2 ]
    }, {
      "vertices" : [ 0, 2, 1 ]
    } ]
  }, {
    "id" : "bdf96de0-8d8c-482c-92c5-4797458b4331",
    "vertices" : [ {
      "x" : -8.151421,
      "y" : -21.340698,
      "z" : 0.0
    }, {
      "x" : -7.0249224,
      "y" : -25.416409,
      "z" : -4.341641
    }, {
      "x" : -25.416409,
      "y" : -41.12461,
      "z" : -15.708204
    }, {
      "x" : -14.049845,
      "y" : -22.733126,
      "z" : 0.0
    } ],
    "faces" : [ {
      "vertices" : [ 0, 1, 2 ]
    }, {
      "vertices" : [ 0, 2, 3 ]
    }, {
      "vertices" : [ 0, 3, 2 ]
    }, {
      "vertices" : [ 0, 2, 1 ]
    } ]
  }, {
    "id" : "b1440f44-7e20-431e-aad5-67a60ace2da1",
    "vertices" : [ {
      "x" : 0.0,
      "y" : 11.007458,
      "z" : 6.8029833
    }, {
      "x" : -11.366563,
      "y" : 18.391485,
      "z" : 15.708204
    }, {
      "x" : -25.416409,
      "y" : 41.12461,
      "z" : 15.708204
    }, {
      "x" : -7.0249224,
      "y" : 25.416409,
      "z" : 4.341641
    } ],
    "faces" : [ {
      "vertices" : [ 0, 1, 2 ]
    }, {
      "vertices" : [ 0, 2, 3 ]
    }, {
      "vertices" : [ 0, 3, 2 ]
    }, {
      "vertices" : [ 0, 2, 1 ]
    } ]
  }, {
    "id" : "4b94b49a-1359-4410-8eb7-e05b42ef5ecc",
    "vertices" : [ {
      "x" : 0.0,
      "y" : 8.683282,
      "z" : -14.049845
    }, {
      "x" : -6.0,
      "y" : 9.708204,
      "z" : -15.708204
    }, {
      "x" : -9.708204,
      "y" : 7.0249224,
      "z" : -11.366563
    } ],
    "faces" : [ {
      "vertices" : [ 0, 1, 2 ]
    }, {
      "vertices" : [ 0, 2, 1 ]
    } ]
  }, {
    "id" : "17a0d288-641b-4044-9e1f-c27d3d8f1c60",
    "vertices" : [ {
      "x" : -19.416409,
      "y" : 0.0,
      "z" : 0.0
    }, {
      "x" : -25.416409,
      "y" : -4.341641,
      "z" : 7.0249224
    }, {
      "x" : -15.708204,
      "y" : -6.0,
      "z" : 9.708204
    }, {
      "x" : -15.708204,
      "y" : -2.6832817,
      "z" : 4.341641
    } ],
    "faces" : [ {
      "vertices" : [ 0, 1, 2 ]
    }, {
      "vertices" : [ 0, 2, 3 ]
    }, {
      "vertices" : [ 0, 3, 2 ]
    }, {
      "vertices" : [ 0, 2, 1 ]
    } ]
  }, {
    "id" : "70db83e0-7297-4c1a-9861-886cb5666b7d",
    "vertices" : [ {
      "x" : 0.0,
      "y" : 8.151421,
      "z" : 21.340698
    }, {
      "x" : 4.341641,
      "y" : 7.0249224,
      "z" : 25.416409
    }, {
      "x" : 0.0,
      "y" : 0.0,
      "z" : 50.832817
    }, {
      "x" : -4.341641,
      "y" : 7.0249224,
      "z" : 25.416409
    } ],
    "faces" : [ {
      "vertices" : [ 0, 1, 2 ]
    }, {
      "vertices" : [ 0, 2, 3 ]
    }, {
      "vertices" : [ 0, 3, 2 ]
    }, {
      "vertices" : [ 0, 2, 1 ]
    } ]
  }, {
    "id" : "0b4e403f-9fc8-4243-86f1-29d89aec1ea9",
    "vertices" : [ {
      "x" : -2.6832817,
      "y" : -4.341641,
      "z" : -15.708204
    }, {
      "x" : -6.0,
      "y" : -9.708204,
      "z" : -15.708204
    }, {
      "x" : -7.0249224,
      "y" : -11.366563,
      "z" : -9.708204
    } ],
    "faces" : [ {
      "vertices" : [ 0, 1, 2 ]
    }, {
      "vertices" : [ 0, 2, 1 ]
    } ]
  }, {
    "id" : "5e0b51f3-dea3-4f50-af8b-d17738604dc3",
    "vertices" : [ {
      "x" : 7.0249224,
      "y" : -11.366563,
      "z" : 9.708204
    }, {
      "x" : 6.0,
      "y" : -9.708204,
      "z" : 15.708204
    }, {
      "x" : 2.6832817,
      "y" : -4.341641,
      "z" : 15.708204
    } ],
    "faces" : [ {
      "vertices" : [ 0, 1, 2 ]
    }, {
      "vertices" : [ 0, 2, 1 ]
    } ]
  }, {
    "id" : "65851775-6c7b-4a34-9185-cc4862bfd55d",
    "vertices" : [ {
      "x" : 18.391485,
      "y" : -15.708204,
      "z" : -11.366563
    }, {
      "x" : 15.708204,
      "y" : -6.0,
      "z" : -9.708204
    }, {
      "x" : 22.733126,
      "y" : 0.0,
      "z" : -14.049845
    }, {
      "x" : 41.12461,
      "y" : -15.708204,
      "z" : -25.416409
    } ],
    "faces" : [ {
      "vertices" : [ 0, 1, 2 ]
    }, {
      "vertices" : [ 0, 2, 3 ]
    }, {
      "vertices" : [ 0, 3, 2 ]
    }, {
      "vertices" : [ 0, 2, 1 ]
    } ]
  }, {
    "id" : "fe23e390-0880-4e24-8e4d-2e1cbd14bcfe",
    "vertices" : [ {
      "x" : 6.8029833,
      "y" : 0.0,
      "z" : 11.007458
    }, {
      "x" : 15.708204,
      "y" : -11.366563,
      "z" : 18.391485
    }, {
      "x" : 15.708204,
      "y" : -25.416409,
      "z" : 41.12461
    }, {
      "x" : 4.341641,
      "y" : -7.0249224,
      "z" : 25.416409
    } ],
    "faces" : [ {
      "vertices" : [ 0, 1, 2 ]
    }, {
      "vertices" : [ 0, 2, 3 ]
    }, {
      "vertices" : [ 0, 3, 2 ]
    }, {
      "vertices" : [ 0, 2, 1 ]
    } ]
  }, {
    "id" : "fe0169b2-5cd7-4647-9849-3cd5d09647fc",
    "vertices" : [ {
      "x" : 25.416409,
      "y" : -4.341641,
      "z" : -7.0249224
    }, {
      "x" : 15.708204,
      "y" : -6.0,
      "z" : -9.708204
    }, {
      "x" : 15.708204,
      "y" : -11.366563,
      "z" : -18.391485
    }, {
      "x" : 41.12461,
      "y" : -15.708204,
      "z" : -25.416409
    } ],
    "faces" : [ {
      "vertices" : [ 0, 1, 2 ]
    }, {
      "vertices" : [ 0, 2, 3 ]
    }, {
      "vertices" : [ 0, 3, 2 ]
    }, {
      "vertices" : [ 0, 2, 1 ]
    } ]
  }, {
    "id" : "4a0e6e51-9015-4477-b59b-9908f3d0a124",
    "vertices" : [ {
      "x" : -11.366563,
      "y" : -9.708204,
      "z" : 7.0249224
    }, {
      "x" : -15.708204,
      "y" : -6.0,
      "z" : 9.708204
    }, {
      "x" : -14.049845,
      "y" : 0.0,
      "z" : 8.683282
    } ],
    "faces" : [ {
      "vertices" : [ 0, 1, 2 ]
    }, {
      "vertices" : [ 0, 2, 1 ]
    } ]
  }, {
    "id" : "e976f328-7a0a-4a08-b49b-a69a60ef8ea8",
    "vertices" : [ {
      "x" : -15.708204,
      "y" : -6.0,
      "z" : -9.708204
    }, {
      "x" : -25.416409,
      "y" : -4.341641,
      "z" : -7.0249224
    }, {
      "x" : -19.416409,
      "y" : 0.0,
      "z" : 0.0
    }, {
      "x" : -15.708204,
      "y" : -2.6832817,
      "z" : -4.341641
    } ],
    "faces" : [ {
      "vertices" : [ 0, 1, 2 ]
    }, {
      "vertices" : [ 0, 2, 3 ]
    }, {
      "vertices" : [ 0, 3, 2 ]
    }, {
      "vertices" : [ 0, 2, 1 ]
    } ]
  }, {
    "id" : "14f8cff4-26a4-4889-9057-aa536b3ffa98",
    "vertices" : [ {
      "x" : -11.007458,
      "y" : 6.8029833,
      "z" : 0.0
    }, {
      "x" : -18.391485,
      "y" : 15.708204,
      "z" : 11.366563
    }, {
      "x" : -41.12461,
      "y" : 15.708204,
      "z" : 25.416409
    }, {
      "x" : -25.416409,
      "y" : 4.341641,
      "z" : 7.0249224
    } ],
    "faces" : [ {
      "vertices" : [ 0, 1, 2 ]
    }, {
      "vertices" : [ 0, 2, 3 ]
    }, {
      "vertices" : [ 0, 3, 2 ]
    }, {
      "vertices" : [ 0, 2, 1 ]
    } ]
  }, {
    "id" : "0d727673-167b-4c8c-aa05-f677b9fc9cda",
    "vertices" : [ {
      "x" : -6.0,
      "y" : 9.708204,
      "z" : -15.708204
    }, {
      "x" : -15.708204,
      "y" : 11.366563,
      "z" : -18.391485
    }, {
      "x" : -15.708204,
      "y" : 6.0,
      "z" : -9.708204
    }, {
      "x" : -9.708204,
      "y" : 7.0249224,
      "z" : -11.366563
    } ],
    "faces" : [ {
      "vertices" : [ 0, 1, 2 ]
    }, {
      "vertices" : [ 0, 2, 3 ]
    }, {
      "vertices" : [ 0, 3, 2 ]
    }, {
      "vertices" : [ 0, 2, 1 ]
    } ]
  }, {
    "id" : "25c4eeb8-593c-42d9-8147-b350a8458d61",
    "vertices" : [ {
      "x" : 0.0,
      "y" : -11.007458,
      "z" : 6.8029833
    }, {
      "x" : -11.366563,
      "y" : -18.391485,
      "z" : 15.708204
    }, {
      "x" : -15.708204,
      "y" : -25.416409,
      "z" : 41.12461
    }, {
      "x" : 0.0,
      "y" : -14.049845,
      "z" : 22.733126
    } ],
    "faces" : [ {
      "vertices" : [ 0, 1, 2 ]
    }, {
      "vertices" : [ 0, 2, 3 ]
    }, {
      "vertices" : [ 0, 3, 2 ]
    }, {
      "vertices" : [ 0, 2, 1 ]
    } ]
  }, {
    "id" : "e085a9be-1a35-4275-b87d-f2810d7e37ae",
    "vertices" : [ {
      "x" : -15.708204,
      "y" : -6.0,
      "z" : -9.708204
    }, {
      "x" : -15.708204,
      "y" : -11.366563,
      "z" : -18.391485
    }, {
      "x" : -6.0,
      "y" : -9.708204,
      "z" : -15.708204
    }, {
      "x" : -9.708204,
      "y" : -7.0249224,
      "z" : -11.366563
    } ],
    "faces" : [ {
      "vertices" : [ 0, 1, 2 ]
    }, {
      "vertices" : [ 0, 2, 3 ]
    }, {
      "vertices" : [ 0, 3, 2 ]
    }, {
      "vertices" : [ 0, 2, 1 ]
    } ]
  }, {
    "id" : "5eaa37ab-d3a8-423c-b731-08ea30cbc08c",
    "vertices" : [ {
      "x" : -7.0249224,
      "y" : -25.416409,
      "z" : 4.341641
    }, {
      "x" : -9.708204,
      "y" : -15.708204,
      "z" : 6.0
    }, {
      "x" : -18.391485,
      "y" : -15.708204,
      "z" : 11.366563
    }, {
      "x" : -25.416409,
      "y" : -41.12461,
      "z" : 15.708204
    } ],
    "faces" : [ {
      "vertices" : [ 0, 1, 2 ]
    }, {
      "vertices" : [ 0, 2, 3 ]
    }, {
      "vertices" : [ 0, 3, 2 ]
    }, {
      "vertices" : [ 0, 2, 1 ]
    } ]
  }, {
    "id" : "e34b6ce1-0d17-476b-9230-943474374de0",
    "vertices" : [ {
      "x" : 13.189277,
      "y" : 13.189277,
      "z" : 13.189277
    }, {
      "x" : 15.708204,
      "y" : 11.366563,
      "z" : 18.391485
    }, {
      "x" : 15.708204,
      "y" : 25.416409,
      "z" : 41.12461
    }, {
      "x" : 11.366563,
      "y" : 18.391485,
      "z" : 15.708204
    } ],
    "faces" : [ {
      "vertices" : [ 0, 1, 2 ]
    }, {
      "vertices" : [ 0, 2, 3 ]
    }, {
      "vertices" : [ 0, 3, 2 ]
    }, {
      "vertices" : [ 0, 2, 1 ]
    } ]
  }, {
    "id" : "0ac60aa1-b635-4009-9cde-e1d16c4aff5c",
    "vertices" : [ {
      "x" : 7.0249224,
      "y" : 11.366563,
      "z" : -9.708204
    }, {
      "x" : 9.708204,
      "y" : 15.708204,
      "z" : -6.0
    }, {
      "x" : 8.683282,
      "y" : 14.049845,
      "z" : 0.0
    } ],
    "faces" : [ {
      "vertices" : [ 0, 1, 2 ]
    }, {
      "vertices" : [ 0, 2, 1 ]
    } ]
  }, {
    "id" : "2c2ddcd5-0bb1-497d-a470-a2c42fb72927",
    "vertices" : [ {
      "x" : 11.007458,
      "y" : -6.8029833,
      "z" : 0.0
    }, {
      "x" : 14.049845,
      "y" : -22.733126,
      "z" : 0.0
    }, {
      "x" : 25.416409,
      "y" : -41.12461,
      "z" : 15.708204
    }, {
      "x" : 18.391485,
      "y" : -15.708204,
      "z" : 11.366563
    } ],
    "faces" : [ {
      "vertices" : [ 0, 1, 2 ]
    }, {
      "vertices" : [ 0, 2, 3 ]
    }, {
      "vertices" : [ 0, 3, 2 ]
    }, {
      "vertices" : [ 0, 2, 1 ]
    } ]
  }, {
    "id" : "a28a2cd4-a301-4a03-a356-65020bd3008a",
    "vertices" : [ {
      "x" : -6.8029833,
      "y" : 0.0,
      "z" : 11.007458
    }, {
      "x" : -4.341641,
      "y" : -7.0249224,
      "z" : 25.416409
    }, {
      "x" : -15.708204,
      "y" : -25.416409,
      "z" : 41.12461
    }, {
      "x" : -15.708204,
      "y" : -11.366563,
      "z" : 18.391485
    } ],
    "faces" : [ {
      "vertices" : [ 0, 1, 2 ]
    }, {
      "vertices" : [ 0, 2, 3 ]
    }, {
      "vertices" : [ 0, 3, 2 ]
    }, {
      "vertices" : [ 0, 2, 1 ]
    } ]
  }, {
    "id" : "cf16404b-8522-422f-b9b3-fa3189f441fa",
    "vertices" : [ {
      "x" : 9.708204,
      "y" : 15.708204,
      "z" : -6.0
    }, {
      "x" : 18.391485,
      "y" : 15.708204,
      "z" : -11.366563
    }, {
      "x" : 15.708204,
      "y" : 6.0,
      "z" : -9.708204
    }, {
      "x" : 11.366563,
      "y" : 9.708204,
      "z" : -7.0249224
    } ],
    "faces" : [ {
      "vertices" : [ 0, 1, 2 ]
    }, {
      "vertices" : [ 0, 2, 3 ]
    }, {
      "vertices" : [ 0, 3, 2 ]
    }, {
      "vertices" : [ 0, 2, 1 ]
    } ]
  }, {
    "id" : "ea64f429-011d-4222-bde8-82302e1df80f",
    "vertices" : [ {
      "x" : 0.0,
      "y" : 11.007458,
      "z" : -6.8029833
    }, {
      "x" : -11.366563,
      "y" : 18.391485,
      "z" : -15.708204
    }, {
      "x" : -15.708204,
      "y" : 25.416409,
      "z" : -41.12461
    }, {
      "x" : 0.0,
      "y" : 14.049845,
      "z" : -22.733126
    } ],
    "faces" : [ {
      "vertices" : [ 0, 1, 2 ]
    }, {
      "vertices" : [ 0, 2, 3 ]
    }, {
      "vertices" : [ 0, 3, 2 ]
    }, {
      "vertices" : [ 0, 2, 1 ]
    } ]
  }, {
    "id" : "0123d24c-155d-42e6-8c38-71fb5e3889d2",
    "vertices" : [ {
      "x" : 6.8029833,
      "y" : 0.0,
      "z" : -11.007458
    }, {
      "x" : 22.733126,
      "y" : 0.0,
      "z" : -14.049845
    }, {
      "x" : 41.12461,
      "y" : 15.708204,
      "z" : -25.416409
    }, {
      "x" : 15.708204,
      "y" : 11.366563,
      "z" : -18.391485
    } ],
    "faces" : [ {
      "vertices" : [ 0, 1, 2 ]
    }, {
      "vertices" : [ 0, 2, 3 ]
    }, {
      "vertices" : [ 0, 3, 2 ]
    }, {
      "vertices" : [ 0, 2, 1 ]
    } ]
  }, {
    "id" : "b2f4f9ee-eec4-4792-8809-3608e9b5d2e9",
    "vertices" : [ {
      "x" : 11.007458,
      "y" : 6.8029833,
      "z" : 0.0
    }, {
