{
  "polygons" : "true",
  "field" : "golden",
  "symmetry" : "icosahedral",
  "orientations" : [ [ 1.0, 0.0, 0.0, 0.0, 0.0, 1.0, 0.0, 0.0, 0.0, 0.0, 1.0, 0.0, 0.0, 0.0, 0.0, 1.0 ], [ 0.0, 0.0, 1.0, 0.0, 1.0, 0.0, 0.0, 0.0, 0.0, 1.0, 0.0, 0.0, 0.0, 0.0, 0.0, 1.0 ], [ 0.0, 1.0, 0.0, 0.0, 0.0, 0.0, 1.0, 0.0, 1.0, 0.0, 0.0, 0.0, 0.0, 0.0, 0.0, 1.0 ], [ 0.809017, 0.309017, 0.5, 0.0, 0.309017, 0.5, -0.809017, 0.0, -0.5, 0.809017, 0.309017, 0.0, 0.0, 0.0, 0.0, 1.0 ], [ -0.5, 0.809017, 0.309017, 0.0, 0.809017, 0.309017, 0.5, 0.0, 0.309017, 0.5, -0.809017, 0.0, 0.0, 0.0, 0.0, 1.0 ], [ 0.309017, 0.5, -0.809017, 0.0, -0.5, 0.809017, 0.309017, 0.0, 0.809017, 0.309017, 0.5, 0.0, 0.0, 0.0, 0.0, 1.0 ], [ 0.5, 0.809017, 0.309017, 0.0, 0.809017, -0.309017, -0.5, 0.0, -0.309017, 0.5, -0.809017, 0.0, 0.0, 0.0, 0.0, 1.0 ], [ -0.309017, 0.5, -0.809017, 0.0, 0.5, 0.809017, 0.309017, 0.0, 0.809017, -0.309017, -0.5, 0.0, 0.0, 0.0, 0.0, 1.0 ], [ 0.809017, -0.309017, -0.5, 0.0, -0.309017, 0.5, -0.809017, 0.0, 0.5, 0.809017, 0.309017, 0.0, 0.0, 0.0, 0.0, 1.0 ], [ 0.5, 0.809017, -0.309017, 0.0, 0.809017, -0.309017, 0.5, 0.0, 0.309017, -0.5, -0.809017, 0.0, 0.0, 0.0, 0.0, 1.0 ], [ 0.309017, -0.5, -0.809017, 0.0, 0.5, 0.809017, -0.309017, 0.0, 0.809017, -0.309017, 0.5, 0.0, 0.0, 0.0, 0.0, 1.0 ], [ 0.809017, -0.309017, 0.5, 0.0, 0.309017, -0.5, -0.809017, 0.0, 0.5, 0.809017, -0.309017, 0.0, 0.0, 0.0, 0.0, 1.0 ], [ 0.809017, 0.309017, -0.5, 0.0, 0.309017, 0.5, 0.809017, 0.0, 0.5, -0.809017, 0.309017, 0.0, 0.0, 0.0, 0.0, 1.0 ], [ 0.5, -0.809017, 0.309017, 0.0, 0.809017, 0.309017, -0.5, 0.0, 0.309017, 0.5, 0.809017, 0.0, 0.0, 0.0, 0.0, 1.0 ], [ 0.309017, 0.5, 0.809017, 0.0, 0.5, -0.809017, 0.309017, 0.0, 0.809017, 0.309017, -0.5, 0.0, 0.0, 0.0, 0.0, 1.0 ], [ 1.0, 0.0, 0.0, 0.0, 0.0, -1.0, 0.0, 0.0, 0.0, 0.0, -1.0, 0.0, 0.0, 0.0, 0.0, 1.0 ], [ 0.0, 0.0, 1.0, 0.0, -1.0, 0.0, 0.0, 0.0, 0.0, -1.0, 0.0, 0.0, 0.0, 0.0, 0.0, 1.0 ], [ 0.0, 1.0, 0.0, 0.0, 0.0, 0.0, -1.0, 0.0, -1.0, 0.0, 0.0, 0.0, 0.0, 0.0, 0.0, 1.0 ], [ 0.809017, 0.309017, 0.5, 0.0, -0.309017, -0.5, 0.809017, 0.0, 0.5, -0.809017, -0.309017, 0.0, 0.0, 0.0, 0.0, 1.0 ], [ -0.5, 0.809017, 0.309017, 0.0, -0.809017, -0.309017, -0.5, 0.0, -0.309017, -0.5, 0.809017, 0.0, 0.0, 0.0, 0.0, 1.0 ], [ 0.309017, 0.5, -0.809017, 0.0, 0.5, -0.809017, -0.309017, 0.0, -0.809017, -0.309017, -0.5, 0.0, 0.0, 0.0, 0.0, 1.0 ], [ 0.5, 0.809017, 0.309017, 0.0, -0.809017, 0.309017, 0.5, 0.0, 0.309017, -0.5, 0.809017, 0.0, 0.0, 0.0, 0.0, 1.0 ], [ -0.309017, 0.5, -0.809017, 0.0, -0.5, -0.809017, -0.309017, 0.0, -0.809017, 0.309017, 0.5, 0.0, 0.0, 0.0, 0.0, 1.0 ], [ 0.809017, -0.309017, -0.5, 0.0, 0.309017, -0.5, 0.809017, 0.0, -0.5, -0.809017, -0.309017, 0.0, 0.0, 0.0, 0.0, 1.0 ], [ 0.5, 0.809017, -0.309017, 0.0, -0.809017, 0.309017, -0.5, 0.0, -0.309017, 0.5, 0.809017, 0.0, 0.0, 0.0, 0.0, 1.0 ], [ 0.309017, -0.5, -0.809017, 0.0, -0.5, -0.809017, 0.309017, 0.0, -0.809017, 0.309017, -0.5, 0.0, 0.0, 0.0, 0.0, 1.0 ], [ 0.809017, -0.309017, 0.5, 0.0, -0.309017, 0.5, 0.809017, 0.0, -0.5, -0.809017, 0.309017, 0.0, 0.0, 0.0, 0.0, 1.0 ], [ 0.809017, 0.309017, -0.5, 0.0, -0.309017, -0.5, -0.809017, 0.0, -0.5, 0.809017, -0.309017, 0.0, 0.0, 0.0, 0.0, 1.0 ], [ 0.5, -0.809017, 0.309017, 0.0, -0.809017, -0.309017, 0.5, 0.0, -0.309017, -0.5, -0.809017, 0.0, 0.0, 0.0, 0.0, 1.0 ], [ 0.309017, 0.5, 0.809017, 0.0, -0.5, 0.809017, -0.309017, 0.0, -0.809017, -0.309017, 0.5, 0.0, 0.0, 0.0, 0.0, 1.0 ], [ -1.0, 0.0, 0.0, 0.0, 0.0, -1.0, 0.0, 0.0, 0.0, 0.0, 1.0, 0.0, 0.0, 0.0, 0.0, 1.0 ], [ 0.0, 0.0, -1.0, 0.0, -1.0, 0.0, 0.0, 0.0, 0.0, 1.0, 0.0, 0.0, 0.0, 0.0, 0.0, 1.0 ], [ 0.0, -1.0, 0.0, 0.0, 0.0, 0.0, -1.0, 0.0, 1.0, 0.0, 0.0, 0.0, 0.0, 0.0, 0.0, 1.0 ], [ -0.809017, -0.309017, -0.5, 0.0, -0.309017, -0.5, 0.809017, 0.0, -0.5, 0.809017, 0.309017, 0.0, 0.0, 0.0, 0.0, 1.0 ], [ 0.5, -0.809017, -0.309017, 0.0, -0.809017, -0.309017, -0.5, 0.0, 0.309017, 0.5, -0.809017, 0.0, 0.0, 0.0, 0.0, 1.0 ], [ -0.309017, -0.5, 0.809017, 0.0, 0.5, -0.809017, -0.309017, 0.0, 0.809017, 0.309017, 0.5, 0.0, 0.0, 0.0, 0.0, 1.0 ], [ -0.5, -0.809017, -0.309017, 0.0, -0.809017, 0.309017, 0.5, 0.0, -0.309017, 0.5, -0.809017, 0.0, 0.0, 0.0, 0.0, 1.0 ], [ 0.309017, -0.5, 0.809017, 0.0, -0.5, -0.809017, -0.309017, 0.0, 0.809017, -0.309017, -0.5, 0.0, 0.0, 0.0, 0.0, 1.0 ], [ -0.809017, 0.309017, 0.5, 0.0, 0.309017, -0.5, 0.809017, 0.0, 0.5, 0.809017, 0.309017, 0.0, 0.0, 0.0, 0.0, 1.0 ], [ -0.5, -0.809017, 0.309017, 0.0, -0.809017, 0.309017, -0.5, 0.0, 0.309017, -0.5, -0.809017, 0.0, 0.0, 0.0, 0.0, 1.0 ], [ -0.309017, 0.5, 0.809017, 0.0, -0.5, -0.809017, 0.309017, 0.0, 0.809017, -0.309017, 0.5, 0.0, 0.0, 0.0, 0.0, 1.0 ], [ -0.809017, 0.309017, -0.5, 0.0, -0.309017, 0.5, 0.809017, 0.0, 0.5, 0.809017, -0.309017, 0.0, 0.0, 0.0, 0.0, 1.0 ], [ -0.809017, -0.309017, 0.5, 0.0, -0.309017, -0.5, -0.809017, 0.0, 0.5, -0.809017, 0.309017, 0.0, 0.0, 0.0, 0.0, 1.0 ], [ -0.5, 0.809017, -0.309017, 0.0, -0.809017, -0.309017, 0.5, 0.0, 0.309017, 0.5, 0.809017, 0.0, 0.0, 0.0, 0.0, 1.0 ], [ -0.309017, -0.5, -0.809017, 0.0, -0.5, 0.809017, -0.309017, 0.0, 0.809017, 0.309017, -0.5, 0.0, 0.0, 0.0, 0.0, 1.0 ], [ -1.0, 0.0, 0.0, 0.0, 0.0, 1.0, 0.0, 0.0, 0.0, 0.0, -1.0, 0.0, 0.0, 0.0, 0.0, 1.0 ], [ 0.0, 0.0, -1.0, 0.0, 1.0, 0.0, 0.0, 0.0, 0.0, -1.0, 0.0, 0.0, 0.0, 0.0, 0.0, 1.0 ], [ 0.0, -1.0, 0.0, 0.0, 0.0, 0.0, 1.0, 0.0, -1.0, 0.0, 0.0, 0.0, 0.0, 0.0, 0.0, 1.0 ], [ -0.809017, -0.309017, -0.5, 0.0, 0.309017, 0.5, -0.809017, 0.0, 0.5, -0.809017, -0.309017, 0.0, 0.0, 0.0, 0.0, 1.0 ], [ 0.5, -0.809017, -0.309017, 0.0, 0.809017, 0.309017, 0.5, 0.0, -0.309017, -0.5, 0.809017, 0.0, 0.0, 0.0, 0.0, 1.0 ], [ -0.309017, -0.5, 0.809017, 0.0, -0.5, 0.809017, 0.309017, 0.0, -0.809017, -0.309017, -0.5, 0.0, 0.0, 0.0, 0.0, 1.0 ], [ -0.5, -0.809017, -0.309017, 0.0, 0.809017, -0.309017, -0.5, 0.0, 0.309017, -0.5, 0.809017, 0.0, 0.0, 0.0, 0.0, 1.0 ], [ 0.309017, -0.5, 0.809017, 0.0, 0.5, 0.809017, 0.309017, 0.0, -0.809017, 0.309017, 0.5, 0.0, 0.0, 0.0, 0.0, 1.0 ], [ -0.809017, 0.309017, 0.5, 0.0, -0.309017, 0.5, -0.809017, 0.0, -0.5, -0.809017, -0.309017, 0.0, 0.0, 0.0, 0.0, 1.0 ], [ -0.5, -0.809017, 0.309017, 0.0, 0.809017, -0.309017, 0.5, 0.0, -0.309017, 0.5, 0.809017, 0.0, 0.0, 0.0, 0.0, 1.0 ], [ -0.309017, 0.5, 0.809017, 0.0, 0.5, 0.809017, -0.309017, 0.0, -0.809017, 0.309017, -0.5, 0.0, 0.0, 0.0, 0.0, 1.0 ], [ -0.809017, 0.309017, -0.5, 0.0, 0.309017, -0.5, -0.809017, 0.0, -0.5, -0.809017, 0.309017, 0.0, 0.0, 0.0, 0.0, 1.0 ], [ -0.809017, -0.309017, 0.5, 0.0, 0.309017, 0.5, 0.809017, 0.0, -0.5, 0.809017, -0.309017, 0.0, 0.0, 0.0, 0.0, 1.0 ], [ -0.5, 0.809017, -0.309017, 0.0, 0.809017, 0.309017, -0.5, 0.0, -0.309017, -0.5, -0.809017, 0.0, 0.0, 0.0, 0.0, 1.0 ], [ -0.309017, -0.5, -0.809017, 0.0, 0.5, -0.809017, 0.309017, 0.0, -0.809017, -0.309017, 0.5, 0.0, 0.0, 0.0, 0.0, 1.0 ] ],
  "lights" : {
    "ambientColor" : "#292929",
    "backgroundColor" : "#AFC8DC",
    "directionalLights" : [ {
      "direction" : [ 1.0, -1.0, -1.0 ],
      "color" : "#EBEBE4"
    }, {
      "direction" : [ -1.0, 0.0, 0.0 ],
      "color" : "#E4E4EB"
    }, {
      "direction" : [ 0.0, 0.0, -1.0 ],
      "color" : "#1E1E1E"
    } ]
  },
  "camera" : {
    "perspective" : true,
    "fieldOfView" : 0.4426278,
    "viewDistance" : 96.43599,
    "lookAtPointRV" : {
      "x" : 0.0,
      "y" : 0.0,
      "z" : 0.0,
      "zero" : true
    },
    "lookDirectionRV" : {
      "x" : -0.5420612,
      "y" : 0.6146536,
      "z" : -0.57304895,
      "zero" : false
    },
    "upDirectionRV" : {
      "x" : 0.30422124,
      "y" : 0.7791846,
      "z" : 0.54799986,
      "zero" : false
    },
    "lookAtPoint" : {
      "x" : 0.0,
      "y" : 0.0,
      "z" : 0.0
    },
    "lookDirection" : {
      "x" : -0.5420612,
      "y" : 0.6146536,
      "z" : -0.57304895
    },
    "upDirection" : {
      "x" : 0.30422124,
      "y" : 0.7791846,
      "z" : 0.54799986
    },
    "nearClipDistance" : 0.0892927,
    "farClipDistance" : 192.87157,
    "width" : 43.396084,
    "stereo" : false,
    "position" : {
      "x" : 52.274208,
      "y" : -59.274727,
      "z" : 55.262543
    }
  },
  "embedding" : [ 1.0, 0.0, 0.0, 0.0, 0.0, 1.0, 0.0, 0.0, 0.0, 0.0, 1.0, 0.0, 0.0, 0.0, 0.0, 1.0 ],
  "shapes" : [ {
    "id" : "4e3fe21d-e3b3-4bcb-b5cb-1209bac45fde",
    "vertices" : [ {
      "x" : 0.0,
      "y" : 0.0,
      "z" : 0.0
    }, {
      "x" : 0.7521691,
      "y" : 3.2107868,
      "z" : 13.561392
    }, {
      "x" : 0.7521691,
      "y" : -2.115451,
      "z" : -0.38287964
    } ],
    "faces" : [ {
      "vertices" : [ 0, 1, 2 ]
    }, {
      "vertices" : [ 0, 2, 1 ]
    } ]
  }, {
    "id" : "262658e1-dd8b-4cc6-9160-a881b8c17197",
    "vertices" : [ {
      "x" : 0.0,
      "y" : 0.0,
      "z" : 0.0
    }, {
      "x" : 0.090169944,
      "y" : -0.23606798,
      "z" : 0.0
    }, {
      "x" : 0.090169944,
      "y" : -2.673762,
      "z" : -6.381966
    }, {
      "x" : 0.0,
      "y" : -2.527864,
      "z" : -6.618034
    } ],
    "faces" : [ {
      "vertices" : [ 0, 1, 2, 3 ]
    }, {
      "vertices" : [ 0, 3, 2, 1 ]
    } ]
  }, {
    "id" : "d83f1247-f344-49bd-bc50-fb4146db2871",
    "vertices" : [ {
      "x" : 0.0,
      "y" : 0.0,
      "z" : 0.0
    }, {
      "x" : -2.630535,
      "y" : 0.4922497,
      "z" : 0.4922497
    }, {
      "x" : 1.3689005,
      "y" : 4.491685,
      "z" : -3.5071857
    }, {
      "x" : 2.438043,
      "y" : 2.438043,
      "z" : -2.438043
    } ],
    "faces" : [ {
      "vertices" : [ 0, 1, 2, 3 ]
    }, {
      "vertices" : [ 0, 3, 2, 1 ]
    } ]
  }, {
    "id" : "c9a29a5d-edd7-429a-8994-c7c8f336c228",
    "vertices" : [ {
      "x" : 0.0,
      "y" : 0.0,
      "z" : 0.0
    }, {
      "x" : 0.872678,
      "y" : -2.1945307,
      "z" : 0.23606798
    }, {
      "x" : 2.4802666,
      "y" : -6.403252,
      "z" : 0.23606798
    }, {
      "x" : 2.5839412,
      "y" : -6.764846,
      "z" : 0.0
    } ],
    "faces" : [ {
      "vertices" : [ 0, 1, 2, 3 ]
    }, {
      "vertices" : [ 0, 3, 2, 1 ]
    } ]
  }, {
    "id" : "290583c1-225f-4ea7-bf0b-c07240138795",
    "vertices" : [ {
      "x" : 0.0,
      "y" : 0.0,
      "z" : 0.0
    }, {
      "x" : 3.9442718,
      "y" : 3.9442718,
      "z" : -3.9442718
    }, {
      "x" : 1.4091635,
      "y" : 3.4698792,
      "z" : -4.4186645
    }, {
      "x" : -1.0303578,
      "y" : 1.0303578,
      "z" : -1.9791431
    } ],
    "faces" : [ {
      "vertices" : [ 0, 1, 2, 3 ]
    }, {
      "vertices" : [ 0, 3, 2, 1 ]
    } ]
  }, {
    "id" : "bda73d12-616f-4e61-949a-136585faae25",
    "vertices" : [ {
      "x" : 0.0,
      "y" : 0.0,
      "z" : 0.0
    }, {
      "x" : -0.7521691,
      "y" : 2.115451,
      "z" : 0.38287964
    }, {
      "x" : 1.6855251,
      "y" : -1.8288207,
      "z" : 6.764846
    } ],
    "faces" : [ {
      "vertices" : [ 0, 1, 2 ]
    }, {
      "vertices" : [ 0, 2, 1 ]
    } ]
  }, {
    "id" : "861f41aa-d93b-4f28-b55e-cbbd3d98cf79",
    "vertices" : [ {
      "x" : 0.0,
      "y" : 0.0,
      "z" : 0.0
    }, {
      "x" : -0.9649935,
      "y" : 1.8058542,
      "z" : -1.886376
    }, {
      "x" : -0.9649935,
      "y" : 3.4913793,
      "z" : 2.5263858
    } ],
    "faces" : [ {
      "vertices" : [ 0, 1, 2 ]
    }, {
      "vertices" : [ 0, 2, 1 ]
    } ]
  }, {
    "id" : "c574caaf-3dd6-43d1-84fc-b8a2d7b002af",
    "vertices" : [ {
      "x" : 0.0,
      "y" : 0.0,
      "z" : 0.0
    }, {
      "x" : 0.0,
      "y" : 0.090169944,
      "z" : 0.23606798
    }, {
      "x" : 5.326238,
      "y" : -13.854102,
      "z" : 0.23606798
    }, {
      "x" : 5.326238,
      "y" : -13.944272,
      "z" : 0.0
    } ],
    "faces" : [ {
      "vertices" : [ 0, 1, 2, 3 ]
    }, {
      "vertices" : [ 0, 3, 2, 1 ]
    } ]
  }, {
    "id" : "2d58878a-6a92-4fd6-9d08-c645ebadde76",
    "vertices" : [ {
      "x" : 0.0,
      "y" : 0.0,
      "z" : 0.0
    }, {
      "x" : 0.7825081,
      "y" : -2.1388025,
      "z" : -0.23606798
    }, {
      "x" : -1.9256959,
      "y" : 4.9513674,
      "z" : -0.23606798
    }, {
      "x" : -1.6075885,
      "y" : 4.2087216,
      "z" : 0.0
    } ],
    "faces" : [ {
      "vertices" : [ 0, 1, 2, 3 ]
    }, {
      "vertices" : [ 0, 3, 2, 1 ]
    } ]
  }, {
    "id" : "03f47f43-d658-4e88-acc9-c3512522cb1e",
    "vertices" : [ {
      "x" : 0.0,
      "y" : 0.0,
      "z" : 0.0
    }, {
      "x" : 0.0,
      "y" : 0.7825081,
      "z" : 2.0486326
    }, {
      "x" : 2.437694,
      "y" : -5.5994577,
      "z" : 2.0486326
    }, {
      "x" : 2.437694,
      "y" : -6.381966,
      "z" : 0.0
    } ],
    "faces" : [ {
      "vertices" : [ 0, 1, 2, 3 ]
    }, {
      "vertices" : [ 0, 3, 2, 1 ]
    } ]
  }, {
    "id" : "c7c70e47-3bb8-4b7a-8b40-2f85cc99aed5",
    "vertices" : [ {
      "x" : 0.0,
      "y" : 0.0,
      "z" : 0.0
    }, {
      "x" : 0.29319078,
      "y" : 0.16240355,
      "z" : 2.4347374
    }, {
      "x" : 0.6776016,
      "y" : -0.84399706,
      "z" : 2.4347374
    }, {
      "x" : 1.6075885,
      "y" : -4.2087216,
      "z" : 0.0
    } ],
    "faces" : [ {
      "vertices" : [ 0, 1, 2, 3 ]
    }, {
      "vertices" : [ 0, 3, 2, 1 ]
    } ]
  }, {
    "id" : "030b9b83-f4dd-4e3f-88f0-4ad10b70f8e5",
    "vertices" : [ {
      "x" : 0.0,
      "y" : 0.0,
      "z" : 0.0
    }, {
      "x" : 0.7521691,
      "y" : -2.115451,
      "z" : -0.38287964
    }, {
      "x" : -1.6855251,
      "y" : 1.8288207,
      "z" : -6.764846
    } ],
    "faces" : [ {
      "vertices" : [ 0, 1, 2 ]
    }, {
      "vertices" : [ 0, 2, 1 ]
    } ]
  }, {
    "id" : "10fc41b2-163f-4303-9ff1-769c06e50d0a",
    "vertices" : [ {
      "x" : 0.0,
      "y" : 0.0,
      "z" : 0.0
    }, {
      "x" : 2.437694,
      "y" : -6.381966,
      "z" : 0.0
    }, {
      "x" : 1.6855251,
      "y" : -7.120966,
      "z" : -7.09017
    }, {
      "x" : 0.0,
      "y" : -2.708204,
      "z" : -7.09017
    } ],
    "faces" : [ {
      "vertices" : [ 0, 1, 2, 3 ]
    }, {
      "vertices" : [ 0, 3, 2, 1 ]
    } ]
  }, {
    "id" : "4b63cae0-8ec2-4d74-9513-7ec92de19c60",
    "vertices" : [ {
      "x" : 0.0,
      "y" : 0.0,
      "z" : 0.0
    }, {
      "x" : -0.7521691,
      "y" : -0.7389997,
      "z" : -7.09017
    }, {
      "x" : 0.0,
      "y" : 2.471787,
      "z" : 6.4712224
    } ],
    "faces" : [ {
      "vertices" : [ 0, 1, 2 ]
    }, {
      "vertices" : [ 0, 2, 1 ]
    } ]
  }, {
    "id" : "2286362f-1893-4f06-9e4d-b8c31c338341",
    "vertices" : [ {
      "x" : 0.0,
      "y" : 0.0,
      "z" : 0.0
    }, {
      "x" : 0.0,
      "y" : -1.6855251,
      "z" : -4.4127617
    }, {
      "x" : -0.9649935,
      "y" : 0.18009429,
      "z" : -6.1426706
    }, {
      "x" : -0.9649935,
      "y" : 0.5963988,
      "z" : -5.0527716
    } ],
    "faces" : [ {
      "vertices" : [ 0, 1, 2, 3 ]
    }, {
      "vertices" : [ 0, 3, 2, 1 ]
    } ]
  }, {
    "id" : "f0cd75ca-6c34-4887-abd0-627d65086a95",
    "vertices" : [ {
      "x" : 0.0,
      "y" : 0.0,
      "z" : 0.0
    }, {
      "x" : 0.090169944,
      "y" : -0.23606798,
      "z" : 0.0
    }, {
      "x" : 0.090169944,
      "y" : -2.673762,
      "z" : -6.381966
    }, {
      "x" : -2.437694,
      "y" : 3.9442718,
      "z" : -6.381966
    } ],
    "faces" : [ {
      "vertices" : [ 0, 1, 2, 3 ]
    }, {
      "vertices" : [ 0, 3, 2, 1 ]
    } ]
  }, {
    "id" : "5b2499b0-d605-4918-8b0d-4422957af080",
    "vertices" : [ {
      "x" : 0.0,
      "y" : 0.0,
      "z" : 0.0
    }, {
      "x" : -0.7825081,
      "y" : 2.1388025,
      "z" : 0.23606798
    }, {
      "x" : 1.9256959,
      "y" : -4.9513674,
      "z" : 0.23606798
    }, {
      "x" : 1.6075885,
      "y" : -4.2087216,
      "z" : 0.0
    } ],
    "faces" : [ {
      "vertices" : [ 0, 1, 2, 3 ]
    }, {
      "vertices" : [ 0, 3, 2, 1 ]
    } ]
  }, {
    "id" : "ea1bed35-0707-47c9-ae4f-2c565cc37304",
    "vertices" : [ {
      "x" : 0.0,
      "y" : 0.0,
      "z" : 0.0
    }, {
      "x" : 0.0,
      "y" : 0.4163045,
      "z" : 1.0898993
    }, {
      "x" : 0.9649935,
      "y" : -1.8058542,
      "z" : 1.886376
    } ],
    "faces" : [ {
      "vertices" : [ 0, 1, 2 ]
    }, {
      "vertices" : [ 0, 2, 1 ]
    } ]
  }, {
    "id" : "f8f388d2-8b4b-4d97-8904-9adcfbff0797",
    "vertices" : [ {
      "x" : 0.0,
      "y" : 0.0,
      "z" : 0.0
    }, {
      "x" : -0.872678,
      "y" : 2.1945307,
      "z" : -0.23606798
    }, {
      "x" : -2.4802666,
      "y" : 6.403252,
      "z" : -0.23606798
    }, {
      "x" : -2.5839412,
      "y" : 6.764846,
      "z" : 0.0
    } ],
    "faces" : [ {
      "vertices" : [ 0, 1, 2, 3 ]
    }, {
      "vertices" : [ 0, 3, 2, 1 ]
    } ]
  }, {
    "id" : "887390a9-16a5-4440-ab60-2d93d0ead55f",
    "vertices" : [ {
      "x" : 0.0,
      "y" : 0.0,
      "z" : 0.0
    }, {
      "x" : 1.8599739,
      "y" : -3.939488,
      "z" : 2.4347374
    }, {
      "x" : 2.2443848,
      "y" : -4.9458885,
      "z" : 2.4347374
    }, {
      "x" : 1.6075885,
      "y" : -4.2087216,
      "z" : 0.0
    } ],
    "faces" : [ {
      "vertices" : [ 0, 1, 2, 3 ]
    }, {
      "vertices" : [ 0, 3, 2, 1 ]
    } ]
  }, {
    "id" : "d69bf49e-3e7a-4870-a63c-9742e859c830",
    "vertices" : [ {
      "x" : 0.0,
      "y" : 0.0,
      "z" : 0.0
    }, {
      "x" : 0.0,
      "y" : -0.090169944,
      "z" : -0.23606798
    }, {
      "x" : -0.7825081,
      "y" : 2.0486326,
      "z" : 0.0
    } ],
    "faces" : [ {
      "vertices" : [ 0, 1, 2 ]
    }, {
      "vertices" : [ 0, 2, 1 ]
    } ]
  }, {
    "id" : "3588e43d-7169-4600-8b38-ad17b85ee762",
    "vertices" : [ {
      "x" : 0.0,
      "y" : 0.0,
      "z" : 0.0
    }, {
      "x" : 0.0,
      "y" : 1.6855251,
      "z" : 4.4127617
    }, {
      "x" : 0.9649935,
      "y" : -0.18009429,
      "z" : 6.1426706
    }, {
      "x" : 0.9649935,
      "y" : -0.5963988,
      "z" : 5.0527716
    } ],
    "faces" : [ {
      "vertices" : [ 0, 1, 2, 3 ]
    }, {
      "vertices" : [ 0, 3, 2, 1 ]
    } ]
  }, {
    "id" : "df6a3a14-5e14-4c2b-bd9c-316c6616dfa4",
    "vertices" : [ {
      "x" : 0.0,
      "y" : 0.0,
      "z" : 0.0
    }, {
      "x" : -1.6855251,
      "y" : 4.4127617,
      "z" : 0.0
    }, {
      "x" : 0.0,
      "y" : 2.5839412,
      "z" : 6.764846
    } ],
    "faces" : [ {
      "vertices" : [ 0, 1, 2 ]
    }, {
      "vertices" : [ 0, 2, 1 ]
    } ]
  }, {
    "id" : "98645613-cf43-40ae-94a4-6144b9a11af2",
    "vertices" : [ {
      "x" : 0.0,
      "y" : 0.0,
      "z" : 0.0
    }, {
      "x" : -0.872678,
      "y" : 2.1945307,
      "z" : -0.23606798
    }, {
      "x" : -0.7825081,
      "y" : 2.0486326,
      "z" : 0.0
    } ],
    "faces" : [ {
      "vertices" : [ 0, 1, 2 ]
    }, {
      "vertices" : [ 0, 2, 1 ]
    } ]
  }, {
    "id" : "e19775ac-9223-4872-91c3-e816c05e3fce",
    "vertices" : [ {
      "x" : 0.0,
      "y" : 0.0,
      "z" : 0.0
    }, {
      "x" : 0.4163045,
      "y" : -1.0898993,
      "z" : 0.0
    }, {
      "x" : 0.4163045,
      "y" : -2.5966928,
      "z" : -3.9448366
    }, {
      "x" : 0.0,
      "y" : -1.5067935,
      "z" : -3.9448366
    } ],
    "faces" : [ {
      "vertices" : [ 0, 1, 2, 3 ]
    }, {
      "vertices" : [ 0, 3, 2, 1 ]
    } ]
  }, {
    "id" : "8238b6d5-b4b3-4ccc-8b19-874015065775",
    "vertices" : [ {
      "x" : 0.0,
      "y" : 0.0,
      "z" : 0.0
    }, {
      "x" : 0.9649935,
      "y" : -1.8058542,
      "z" : 1.886376
    }, {
      "x" : 0.9649935,
      "y" : -3.4913793,
      "z" : -2.5263858
    } ],
    "faces" : [ {
      "vertices" : [ 0, 1, 2 ]
    }, {
      "vertices" : [ 0, 2, 1 ]
    } ]
  }, {
    "id" : "e1c2c7fd-0961-4629-9df8-e05811ffccb5",
    "vertices" : [ {
      "x" : 0.0,
      "y" : 0.0,
      "z" : 0.0
    }, {
      "x" : -0.7521691,
      "y" : -3.2107868,
      "z" : -13.561392
    }, {
      "x" : -0.7521691,
      "y" : 2.115451,
      "z" : 0.38287964
    } ],
    "faces" : [ {
      "vertices" : [ 0, 1, 2 ]
    }, {
      "vertices" : [ 0, 2, 1 ]
    } ]
  }, {
    "id" : "e9504a8c-757b-4744-a4ff-5db0c5595dc6",
    "vertices" : [ {
      "x" : 0.0,
      "y" : 0.0,
      "z" : 0.0
    }, {
      "x" : 0.872678,
      "y" : -2.1945307,
      "z" : 0.23606798
    }, {
      "x" : 0.7825081,
      "y" : -2.0486326,
      "z" : 0.0
    } ],
    "faces" : [ {
      "vertices" : [ 0, 1, 2 ]
    }, {
      "vertices" : [ 0, 2, 1 ]
    } ]
  }, {
    "id" : "a20f5a21-0a7b-4e37-ad25-c7f311367398",
    "vertices" : [ {
      "x" : 0.0,
      "y" : 0.0,
      "z" : 0.0
    }, {
      "x" : -1.5613923,
      "y" : 4.684177,
      "z" : -1.5613923
    }, {
      "x" : 0.8766508,
      "y" : 7.12222,
      "z" : -3.9994354
    }, {
      "x" : 3.9994354,
      "y" : 3.9994354,
      "z" : -3.9994354
    } ],
    "faces" : [ {
      "vertices" : [ 0, 1, 2, 3 ]
    }, {
      "vertices" : [ 0, 3, 2, 1 ]
    } ]
  }, {
    "id" : "72d5e6d9-6f1b-4f1f-85db-b6ab13ae36ea",
    "vertices" : [ {
      "x" : 0.0,
      "y" : 0.0,
      "z" : 0.0
    }, {
      "x" : -0.29319078,
      "y" : -0.16240355,
      "z" : -2.4347374
    }, {
      "x" : -0.6776016,
      "y" : 0.84399706,
      "z" : -2.4347374
    }, {
      "x" : -1.6075885,
      "y" : 4.2087216,
      "z" : 0.0
    } ],
    "faces" : [ {
      "vertices" : [ 0, 1, 2, 3 ]
    }, {
      "vertices" : [ 0, 3, 2, 1 ]
    } ]
  }, {
    "id" : "907fdb2a-771d-4183-b651-287325ab469e",
    "vertices" : [ {
      "x" : 0.0,
      "y" : 0.0,
      "z" : 0.0
    }, {
      "x" : 0.3181073,
      "y" : -0.7426458,
      "z" : 0.23606798
    }, {
      "x" : 2.7898943,
      "y" : -7.213868,
      "z" : 0.23606798
    }, {
      "x" : 2.8935688,
      "y" : -7.5754614,
      "z" : 0.0
    } ],
    "faces" : [ {
      "vertices" : [ 0, 1, 2, 3 ]
    }, {
      "vertices" : [ 0, 3, 2, 1 ]
    } ]
  }, {
    "id" : "77fc96ba-c871-4f3c-b0d7-64a0b541770d",
    "vertices" : [ {
      "x" : 0.0,
      "y" : 0.0,
      "z" : 0.0
    }, {
      "x" : -0.090169944,
      "y" : 0.23606798,
      "z" : 0.0
    }, {
      "x" : -0.090169944,
      "y" : 2.673762,
      "z" : 6.381966
    }, {
      "x" : 2.437694,
      "y" : -3.9442718,
      "z" : 6.381966
    } ],
    "faces" : [ {
      "vertices" : [ 0, 1, 2, 3 ]
    }, {
      "vertices" : [ 0, 3, 2, 1 ]
    } ]
  }, {
    "id" : "a77d2665-8132-4995-926d-0fdf6696e1c3",
    "vertices" : [ {
      "x" : 0.0,
      "y" : 0.0,
      "z" : 0.0
    }, {
      "x" : -3.009501,
      "y" : 3.009501,
      "z" : 0.0
    }, {
      "x" : -5.4490223,
      "y" : 0.5699797,
      "z" : 2.4395213
    }, {
      "x" : -3.9442718,
      "y" : -3.9442718,
      "z" : 3.9442718
    } ],
    "faces" : [ {
      "vertices" : [ 0, 1, 2, 3 ]
    }, {
      "vertices" : [ 0, 3, 2, 1 ]
    } ]
  }, {
    "id" : "b7acfa53-6131-4a85-badb-acb4b44254cd",
    "vertices" : [ {
      "x" : 0.0,
      "y" : 0.0,
      "z" : 0.0
    }, {
      "x" : -1.8599739,
      "y" : 3.939488,
      "z" : -2.4347374
    }, {
      "x" : -2.2443848,
      "y" : 4.9458885,
      "z" : -2.4347374
    }, {
      "x" : -1.6075885,
      "y" : 4.2087216,
      "z" : 0.0
    } ],
    "faces" : [ {
      "vertices" : [ 0, 1, 2, 3 ]
    }, {
      "vertices" : [ 0, 3, 2, 1 ]
    } ]
  }, {
    "id" : "3995475e-29aa-4284-81fa-1a1580556a06",
    "vertices" : [ {
      "x" : 0.0,
      "y" : 0.0,
      "z" : 0.0
    }, {
      "x" : -3.9442718,
      "y" : -3.9442718,
      "z" : 3.9442718
    }, {
      "x" : -1.4091635,
      "y" : -4.4186645,
      "z" : 3.4698792
    }, {
      "x" : 1.0303578,
      "y" : -1.9791431,
      "z" : 1.0303578
    } ],
    "faces" : [ {
      "vertices" : [ 0, 1, 2, 3 ]
    }, {
      "vertices" : [ 0, 3, 2, 1 ]
    } ]
  }, {
    "id" : "797794fa-ce5a-4c5d-88c9-0834ddaf2db0",
    "vertices" : [ {
      "x" : 0.0,
      "y" : 0.0,
      "z" : 0.0
    }, {
      "x" : -4.684177,
      "y" : 1.5613923,
      "z" : 1.5613923
    }, {
      "x" : -7.12222,
      "y" : -0.8766508,
      "z" : 3.9994354
    }, {
      "x" : -3.9994354,
      "y" : -3.9994354,
      "z" : 3.9994354
    } ],
    "faces" : [ {
      "vertices" : [ 0, 1, 2, 3 ]
    }, {
      "vertices" : [ 0, 3, 2, 1 ]
    } ]
  }, {
    "id" : "9f9c240c-6efe-44d3-adf3-721f116f2411",
    "vertices" : [ {
      "x" : 0.0,
      "y" : 0.0,
      "z" : 0.0
    }, {
      "x" : 0.0,
      "y" : 2.8935688,
      "z" : 7.5754614
    }, {
      "x" : 2.437694,
      "y" : -3.4883971,
      "z" : 7.5754614
    }, {
      "x" : 2.437694,
      "y" : -6.381966,
      "z" : 0.0
    } ],
    "faces" : [ {
      "vertices" : [ 0, 1, 2, 3 ]
    }, {
      "vertices" : [ 0, 3, 2, 1 ]
    } ]
  }, {
    "id" : "80295d81-1adf-4607-a3e7-0e158d0bf177",
    "vertices" : [ {
      "x" : 0.0,
      "y" : 0.0,
      "z" : 0.0
    }, {
      "x" : 0.0,
      "y" : -0.38441083,
      "z" : -1.0064006
    }, {
      "x" : -1.5077071,
      "y" : 3.5628176,
      "z" : -1.0064006
    }, {
      "x" : -1.5077071,
      "y" : 3.9472284,
      "z" : 0.0
    } ],
    "faces" : [ {
      "vertices" : [ 0, 1, 2, 3 ]
    }, {
      "vertices" : [ 0, 3, 2, 1 ]
    } ]
  }, {
    "id" : "7718a8a1-ffea-4473-a242-bebbfed2ca11",
    "vertices" : [ {
      "x" : 0.0,
      "y" : 0.0,
      "z" : 0.0
    }, {
      "x" : -2.437694,
      "y" : 6.381966,
      "z" : 0.0
    }, {
      "x" : -1.6855251,
      "y" : 7.120966,
      "z" : 7.09017
    }, {
      "x" : 0.0,
      "y" : 2.708204,
      "z" : 7.09017
    } ],
    "faces" : [ {
      "vertices" : [ 0, 1, 2, 3 ]
    }, {
      "vertices" : [ 0, 3, 2, 1 ]
    } ]
  }, {
    "id" : "ee24808f-c3d3-4a61-8a95-f8a6eb123d6d",
    "vertices" : [ {
      "x" : 0.0,
      "y" : 0.0,
      "z" : 0.0
    }, {
      "x" : 0.0,
      "y" : 0.38441083,
      "z" : 1.0064006
    }, {
      "x" : 1.5077071,
      "y" : -3.5628176,
      "z" : 1.0064006
    }, {
      "x" : 1.5077071,
      "y" : -3.9472284,
      "z" : 0.0
    } ],
    "faces" : [ {
      "vertices" : [ 0, 1, 2, 3 ]
    }, {
      "vertices" : [ 0, 3, 2, 1 ]
    } ]
  }, {
    "id" : "c4dd15e6-2892-4c49-9107-215224d860f3",
    "vertices" : [ {
      "x" : 0.0,
      "y" : 0.0,
      "z" : 0.0
    }, {
      "x" : 0.0,
      "y" : 0.090169944,
      "z" : 0.23606798
    }, {
      "x" : 0.7825081,
      "y" : -2.0486326,
      "z" : 0.0
    } ],
    "faces" : [ {
      "vertices" : [ 0, 1, 2 ]
    }, {
      "vertices" : [ 0, 2, 1 ]
    } ]
  }, {
    "id" : "fcf3739d-317f-4e07-b8d7-d6f7ed31e641",
    "vertices" : [ {
      "x" : 0.0,
      "y" : 0.0,
      "z" : 0.0
    }, {
      "x" : 0.7521691,
      "y" : 0.7389997,
      "z" : 7.09017
    }, {
      "x" : 0.0,
      "y" : -2.471787,
      "z" : -6.4712224
    } ],
    "faces" : [ {
      "vertices" : [ 0, 1, 2 ]
    }, {
      "vertices" : [ 0, 2, 1 ]
    } ]
  }, {
    "id" : "ac5bc1e7-c1fb-4fef-a850-88121c5ed7de",
    "vertices" : [ {
      "x" : 0.0,
      "y" : 0.0,
      "z" : 0.0
    }, {
      "x" : 1.6855251,
      "y" : -4.4127617,
      "z" : 0.0
    }, {
      "x" : 0.0,
      "y" : -2.5839412,
      "z" : -6.764846
    } ],
    "faces" : [ {
      "vertices" : [ 0, 1, 2 ]
    }, {
      "vertices" : [ 0, 2, 1 ]
    } ]
  }, {
    "id" : "fcb959f6-a97d-4331-8a64-981d278fb7b7",
    "vertices" : [ {
      "x" : 0.0,
      "y" : 0.0,
      "z" : 0.0
    }, {
      "x" : -3.009501,
      "y" : 3.009501,
      "z" : 0.0
    }, {
      "x" : -0.5699797,
      "y" : 5.4490223,
      "z" : -2.4395213
    }, {
      "x" : 3.9442718,
      "y" : 3.9442718,
      "z" : -3.9442718
    } ],
    "faces" : [ {
      "vertices" : [ 0, 1, 2, 3 ]
    }, {
      "vertices" : [ 0, 3, 2, 1 ]
    } ]
  }, {
    "id" : "d0030a60-0f56-4d44-b130-4042ad0fcc5c",
    "vertices" : [ {
      "x" : 0.0,
      "y" : 0.0,
      "z" : 0.0
    }, {
      "x" : 0.0,
      "y" : -0.4163045,
      "z" : -1.0898993
    }, {
      "x" : -0.9649935,
      "y" : 1.8058542,
      "z" : -1.886376
    } ],
    "faces" : [ {
      "vertices" : [ 0, 1, 2 ]
    }, {
      "vertices" : [ 0, 2, 1 ]
    } ]
  }, {
    "id" : "221ff999-baa0-4997-9a5c-97e8a2cba0b5",
    "vertices" : [ {
      "x" : 0.0,
      "y" : 0.0,
      "z" : 0.0
    }, {
      "x" : -0.3181073,
      "y" : 0.7426458,
      "z" : -0.23606798
    }, {
      "x" : -2.7898943,
      "y" : 7.213868,
      "z" : -0.23606798
    }, {
      "x" : -2.8935688,
      "y" : 7.5754614,
      "z" : 0.0
    } ],
    "faces" : [ {
      "vertices" : [ 0, 1, 2, 3 ]
    }, {
      "vertices" : [ 0, 3, 2, 1 ]
    } ]
  }, {
    "id" : "aa782726-8bc0-406e-b2ea-e2be72710af9",
    "vertices" : [ {
      "x" : 0.0,
      "y" : 0.0,
      "z" : 0.0
    }, {
      "x" : -0.4163045,
      "y" : 1.0898993,
      "z" : 0.0
    }, {
      "x" : -0.4163045,
      "y" : 2.5966928,
      "z" : 3.9448366
    }, {
      "x" : 0.0,
      "y" : 1.5067935,
      "z" : 3.9448366
    } ],
    "faces" : [ {
      "vertices" : [ 0, 1, 2, 3 ]
    }, {
      "vertices" : [ 0, 3, 2, 1 ]
    } ]
  }, {
    "id" : "a5e69738-ba18-4e0b-9c07-b93eab868d64",
    "vertices" : [ {
      "x" : 0.0,
      "y" : 0.0,
      "z" : 0.0
    }, {
      "x" : 0.0,
      "y" : -0.7825081,
      "z" : -2.0486326
    }, {
      "x" : -2.437694,
      "y" : 5.5994577,
      "z" : -2.0486326
    }, {
      "x" : -2.437694,
      "y" : 6.381966,
      "z" : 0.0
    } ],
    "faces" : [ {
      "vertices" : [ 0, 1, 2, 3 ]
    }, {
      "vertices" : [ 0, 3, 2, 1 ]
    } ]
  }, {
    "id" : "39c58964-feee-4d8e-81b9-93bfb7903d59",
    "vertices" : [ {
      "x" : 0.0,
      "y" : 0.0,
      "z" : 0.0
    }, {
      "x" : 2.630535,
      "y" : 0.4922497,
      "z" : 0.4922497
    }, {
      "x" : -1.3689005,
      "y" : -3.5071857,
      "z" : 4.491685
    }, {
      "x" : -2.438043,
      "y" : -2.438043,
      "z" : 2.438043
    } ],
    "faces" : [ {
      "vertices" : [ 0, 1, 2, 3 ]
    }, {
      "vertices" : [ 0, 3, 2, 1 ]
    } ]
  }, {
    "id" : "46310115-e715-4ade-93db-0a1d81ca9dca",
    "vertices" : [ {
      "x" : 0.0,
      "y" : 0.0,
      "z" : 0.0
    }, {
      "x" : -0.090169944,
      "y" : 0.23606798,
      "z" : 0.0
    }, {
      "x" : -0.090169944,
      "y" : 2.673762,
      "z" : 6.381966
    }, {
      "x" : 0.0,
      "y" : 2.527864,
      "z" : 6.618034
    } ],
    "faces" : [ {
      "vertices" : [ 0, 1, 2, 3 ]
    }, {
      "vertices" : [ 0, 3, 2, 1 ]
    } ]
  }, {
    "id" : "3c3a9d03-5e69-4643-91e3-610e298166d4",
    "vertices" : [ {
      "x" : 0.0,
      "y" : 0.0,
      "z" : 0.0
    }, {
      "x" : 0.0,
      "y" : -0.3775808,
      "z" : -0.9885194
    }, {
      "x" : -1.4376941,
      "y" : 3.386351,
      "z" : -0.9885194
    }, {
      "x" : -1.4376941,
      "y" : 3.763932,
      "z" : 0.0
    } ],
    "faces" : [ {
      "vertices" : [ 0, 1, 2, 3 ]
    }, {
      "vertices" : [ 0, 3, 2, 1 ]
    } ]
  }, {
    "id" : "a20dce90-76b5-46c8-a7e7-8060299af89e",
    "vertices" : [ {
      "x" : 0.0,
      "y" : 0.0,
      "z" : 0.0
    }, {
      "x" : 0.090169944,
      "y" : -0.14589803,
      "z" : 0.23606798
    }, {
      "x" : 0.89396423,
      "y" : -2.2502587,
      "z" : 0.23606798
    } ],
    "faces" : [ {
      "vertices" : [ 0, 1, 2 ]
    }, {
      "vertices" : [ 0, 2, 1 ]
    } ]
  }, {
    "id" : "d8a297f5-b72e-4b10-9ccb-595eb1f466db",
    "vertices" : [ {
      "x" : 0.0,
      "y" : 0.0,
      "z" : 0.0
    }, {
      "x" : -2.618034,
      "y" : 6.892609,
      "z" : 0.10081306
    }, {
      "x" : -2.5147085,
      "y" : 6.673762,
      "z" : 0.23606798
    } ],
    "faces" : [ {
      "vertices" : [ 0, 1, 2 ]
    }, {
      "vertices" : [ 0, 2, 1 ]
    } ]
  }, {
    "id" : "9f6ccb74-9cc3-4e9d-876a-582d64baf679",
    "vertices" : [ {
      "x" : 0.0,
      "y" : 0.0,
      "z" : 0.0
    }, {
      "x" : -0.090169944,
      "y" : 0.14589803,
      "z" : -0.23606798
    }, {
      "x" : -0.89396423,
      "y" : 2.2502587,
      "z" : -0.23606798
    } ],
    "faces" : [ {
      "vertices" : [ 0, 1, 2 ]
    }, {
      "vertices" : [ 0, 2, 1 ]
    } ]
  }, {
    "id" : "4d01a1db-921f-45d4-beb5-d4d066d37457",
    "vertices" : [ {
      "x" : 0.0,
      "y" : 0.0,
      "z" : 0.0
    }, {
      "x" : -2.326238,
      "y" : 2.326238,
      "z" : 2.326238
    }, {
      "x" : -4.4836164,
      "y" : 3.4049273,
      "z" : 1.2475486
    }, {
      "x" : -0.53934467,
      "y" : -0.53934467,
      "z" : -2.6967232
    } ],
    "faces" : [ {
      "vertices" : [ 0, 1, 2, 3 ]
    }, {
      "vertices" : [ 0, 3, 2, 1 ]
    } ]
  }, {
    "id" : "a8b679c3-b6f4-4e31-9503-95bc70953a1d",
    "vertices" : [ {
      "x" : 0.0,
      "y" : 0.0,
      "z" : 0.0
    }, {
      "x" : 0.5663712,
      "y" : 0.045084972,
      "z" : 4.0
    }, {
      "x" : 0.82978565,
      "y" : -0.51283574,
      "z" : 4.344814
    } ],
    "faces" : [ {
      "vertices" : [ 0, 1, 2 ]
    }, {
      "vertices" : [ 0, 2, 1 ]
    } ]
  }, {
    "id" : "df782c63-43c3-41b3-a842-c5a9d0da5a72",
    "vertices" : [ {
      "x" : 0.0,
      "y" : 0.0,
      "z" : 0.0
    }, {
      "x" : 1.4120227,
      "y" : -0.28240454,
      "z" : -0.28240454
    }, {
      "x" : -2.8240454,
      "y" : 3.9536633,
      "z" : -4.5184727
    } ],
    "faces" : [ {
      "vertices" : [ 0, 1, 2 ]
    }, {
      "vertices" : [ 0, 2, 1 ]
    } ]
  }, {
    "id" : "b7373ef6-cdce-41e2-8400-b4b2ee9f38a9",
    "vertices" : [ {
      "x" : 0.0,
      "y" : 0.0,
      "z" : 0.0
    }, {
      "x" : 1.655186,
      "y" : -4.3333335,
      "z" : 0.0
    }, {
      "x" : 0.0,
      "y" : -2.527864,
      "z" : -6.618034
    } ],
    "faces" : [ {
      "vertices" : [ 0, 1, 2 ]
    }, {
      "vertices" : [ 0, 2, 1 ]
    } ]
  }, {
    "id" : "9adf2d6b-26fb-4a1b-b319-bea118c8bec1",
    "vertices" : [ {
      "x" : 0.0,
      "y" : 0.0,
      "z" : 0.0
    }, {
      "x" : -0.038507164,
      "y" : 0.10081306,
      "z" : 0.0
    }, {
      "x" : 0.16750416,
      "y" : 1.0893325,
      "z" : 4.0
    }, {
      "x" : 0.5663712,
      "y" : 0.045084972,
      "z" : 4.0
    } ],
    "faces" : [ {
      "vertices" : [ 0, 1, 2, 3 ]
    }, {
      "vertices" : [ 0, 3, 2, 1 ]
    } ]
  }, {
    "id" : "183ebc6d-c7a2-44b9-8939-f9b674298a8d",
    "vertices" : [ {
      "x" : 0.0,
      "y" : 0.0,
      "z" : 0.0
    }, {
      "x" : -1.655186,
      "y" : 4.3333335,
      "z" : 0.0
    }, {
      "x" : 0.0,
      "y" : 2.527864,
      "z" : 6.618034
    } ],
    "faces" : [ {
      "vertices" : [ 0, 1, 2 ]
    }, {
      "vertices" : [ 0, 2, 1 ]
    } ]
  }, {
    "id" : "621a5734-c503-4a84-8f3c-d2b35fe1d305",
    "vertices" : [ {
      "x" : 0.0,
      "y" : 0.0,
      "z" : 0.0
    }, {
      "x" : 0.0,
      "y" : -2.618034,
      "z" : -6.854102
    }, {
      "x" : -2.437694,
      "y" : 3.763932,
      "z" : -6.854102
    }, {
      "x" : -1.655186,
      "y" : 4.3333335,
      "z" : 0.0
    } ],
    "faces" : [ {
      "vertices" : [ 0, 1, 2, 3 ]
    }, {
      "vertices" : [ 0, 3, 2, 1 ]
    } ]
  }, {
    "id" : "c77a470c-f410-456e-b37a-2b8814eeaa49",
    "vertices" : [ {
      "x" : 0.0,
      "y" : 0.0,
      "z" : 0.0
    }, {
      "x" : -4.027864,
      "y" : 1.3426213,
      "z" : 1.3426213
    }, {
      "x" : -7.2852182,
      "y" : -1.0623059,
      "z" : 4.173762
    }, {
      "x" : -4.173762,
      "y" : -4.173762,
      "z" : 4.173762
    } ],
    "faces" : [ {
      "vertices" : [ 0, 1, 2, 3 ]
    }, {
      "vertices" : [ 0, 3, 2, 1 ]
    } ]
  }, {
    "id" : "3cd8f261-8943-4683-863b-1e43e4342418",
    "vertices" : [ {
      "x" : 0.0,
      "y" : 0.0,
      "z" : 0.0
    }, {
      "x" : 0.0,
      "y" : -0.39886704,
      "z" : -1.0442475
    }, {
      "x" : -1.0,
      "y" : 1.8858336,
      "z" : -1.9169254
    } ],
    "faces" : [ {
      "vertices" : [ 0, 1, 2 ]
    }, {
      "vertices" : [ 0, 2, 1 ]
    } ]
  }, {
    "id" : "b8249f6c-7802-4632-91b7-2e60dc69748e",
    "vertices" : [ {
      "x" : 0.0,
      "y" : 0.0,
      "z" : 0.0
    }, {
      "x" : -0.25694013,
      "y" : -0.25694013,
      "z" : -1.2847006
    }, {
      "x" : -4.7754126,
      "y" : 3.6967232,
      "z" : 1.5393447
    }, {
      "x" : -2.618034,
      "y" : 2.618034,
      "z" : 2.618034
    } ],
    "faces" : [ {
      "vertices" : [ 0, 1, 2, 3 ]
    }, {
      "vertices" : [ 0, 3, 2, 1 ]
    } ]
  }, {
    "id" : "352d189d-25e2-47da-87ec-cbf1e31804ba",
    "vertices" : [ {
      "x" : 0.0,
      "y" : 0.0,
      "z" : 0.0
    }, {
      "x" : -0.63932025,
      "y" : 0.21310674,
      "z" : 0.21310674
    }, {
      "x" : -3.2573543,
      "y" : -2.4049273,
      "z" : 2.8311408
    } ],
    "faces" : [ {
      "vertices" : [ 0, 1, 2 ]
    }, {
      "vertices" : [ 0, 2, 1 ]
    } ]
  }, {
    "id" : "ae580428-0ee5-42f6-a0f4-04a88806346d",
    "vertices" : [ {
      "x" : 0.0,
      "y" : 0.0,
      "z" : 0.0
    }, {
      "x" : 0.0,
      "y" : 0.090169944,
      "z" : 0.23606798
    }, {
      "x" : 0.80379426,
      "y" : -2.1043608,
      "z" : 0.0
    } ],
    "faces" : [ {
      "vertices" : [ 0, 1, 2 ]
    }, {
      "vertices" : [ 0, 2, 1 ]
    } ]
  }, {
    "id" : "f0ec4a68-09b3-4012-a8b8-826bdfbe7484",
    "vertices" : [ {
      "x" : 0.0,
      "y" : 0.0,
      "z" : 0.0
    }, {
      "x" : 0.0,
      "y" : 0.39886704,
      "z" : 1.0442475
    }, {
      "x" : 1.0,
      "y" : -1.8858336,
      "z" : 1.9169254
    } ],
    "faces" : [ {
      "vertices" : [ 0, 1, 2 ]
    }, {
      "vertices" : [ 0, 2, 1 ]
    } ]
  }, {
    "id" : "f66c3192-37fa-4e9c-b938-38b741f966a0",
    "vertices" : [ {
      "x" : 0.0,
      "y" : 0.0,
      "z" : 0.0
    }, {
      "x" : 0.038507164,
      "y" : 1.5928801,
      "z" : 4.4341464
    }, {
      "x" : 0.038507164,
      "y" : -0.062305897,
      "z" : 0.10081306
    } ],
    "faces" : [ {
      "vertices" : [ 0, 1, 2 ]
    }, {
      "vertices" : [ 0, 2, 1 ]
    } ]
  }, {
    "id" : "e6a679b2-1c60-4a60-95f3-94e352617c3b",
    "vertices" : [ {
      "x" : 0.0,
      "y" : 0.0,
      "z" : 0.0
    }, {
      "x" : 0.038507164,
      "y" : -0.062305897,
      "z" : 0.10081306
    }, {
      "x" : 2.5663712,
      "y" : -6.68034,
      "z" : 0.10081306
    } ],
    "faces" : [ {
      "vertices" : [ 0, 1, 2 ]
    }, {
      "vertices" : [ 0, 2, 1 ]
    } ]
  }, {
    "id" : "f53cc02a-0c03-47c6-93be-b1cadcf04d2f",
    "vertices" : [ {
      "x" : 0.0,
      "y" : 0.0,
      "z" : 0.0
    }, {
      "x" : -3.9442718,
      "y" : -3.9442718,
      "z" : 3.9442718
    }, {
      "x" : -7.18034,
      "y" : -0.7082039,
      "z" : 3.9442718
    }, {
      "x" : -4.854102,
      "y" : 1.618034,
      "z" : 1.618034
    } ],
    "faces" : [ {
      "vertices" : [ 0, 1, 2, 3 ]
    }, {
      "vertices" : [ 0, 3, 2, 1 ]
    } ]
  }, {
    "id" : "bb1abc11-09c8-45d2-a9be-c99038bf5622",
    "vertices" : [ {
      "x" : 0.0,
      "y" : 0.0,
      "z" : 0.0
    }, {
      "x" : 1.2847006,
      "y" : -0.25694013,
      "z" : -0.25694013
    }, {
      "x" : -1.5393447,
      "y" : 3.6967232,
      "z" : -4.7754126
    }, {
      "x" : -2.618034,
      "y" : 2.618034,
      "z" : -2.618034
    } ],
    "faces" : [ {
      "vertices" : [ 0, 1, 2, 3 ]
    }, {
      "vertices" : [ 0, 3, 2, 1 ]
    } ]
  }, {
    "id" : "bdef8297-24bb-477e-a4e3-5eee5ce23e7c",
    "vertices" : [ {
      "x" : 0.0,
      "y" : 0.0,
      "z" : 0.0
    }, {
      "x" : 1.7109141,
      "y" : -4.4792314,
      "z" : 0.0
    }, {
      "x" : 2.5147085,
      "y" : -6.673762,
      "z" : -0.23606798
    } ],
    "faces" : [ {
      "vertices" : [ 0, 1, 2 ]
    }, {
      "vertices" : [ 0, 2, 1 ]
    } ]
  }, {
    "id" : "88d2abd9-f7ed-4ab6-ba18-c5856d808947",
    "vertices" : [ {
      "x" : 0.0,
      "y" : 0.0,
      "z" : 0.0
    }, {
      "x" : 0.39886704,
      "y" : -1.0442475,
      "z" : 0.0
    }, {
      "x" : 0.39886704,
      "y" : -2.6622815,
      "z" : -4.236068
    }, {
      "x" : 0.0,
      "y" : -1.618034,
      "z" : -4.236068
    } ],
    "faces" : [ {
      "vertices" : [ 0, 1, 2, 3 ]
    }, {
      "vertices" : [ 0, 3, 2, 1 ]
    } ]
  }, {
