{
  "field" : "golden",
  "symmetry" : "icosahedral",
  "orientations" : [ [ 1.0, 0.0, 0.0, 0.0, 0.0, 1.0, 0.0, 0.0, 0.0, 0.0, 1.0, 0.0, 0.0, 0.0, 0.0, 1.0 ], [ 0.0, 0.0, 1.0, 0.0, 1.0, 0.0, 0.0, 0.0, 0.0, 1.0, 0.0, 0.0, 0.0, 0.0, 0.0, 1.0 ], [ 0.0, 1.0, 0.0, 0.0, 0.0, 0.0, 1.0, 0.0, 1.0, 0.0, 0.0, 0.0, 0.0, 0.0, 0.0, 1.0 ], [ 0.809017, 0.309017, 0.5, 0.0, 0.309017, 0.5, -0.809017, 0.0, -0.5, 0.809017, 0.309017, 0.0, 0.0, 0.0, 0.0, 1.0 ], [ -0.5, 0.809017, 0.309017, 0.0, 0.809017, 0.309017, 0.5, 0.0, 0.309017, 0.5, -0.809017, 0.0, 0.0, 0.0, 0.0, 1.0 ], [ 0.309017, 0.5, -0.809017, 0.0, -0.5, 0.809017, 0.309017, 0.0, 0.809017, 0.309017, 0.5, 0.0, 0.0, 0.0, 0.0, 1.0 ], [ 0.5, 0.809017, 0.309017, 0.0, 0.809017, -0.309017, -0.5, 0.0, -0.309017, 0.5, -0.809017, 0.0, 0.0, 0.0, 0.0, 1.0 ], [ -0.309017, 0.5, -0.809017, 0.0, 0.5, 0.809017, 0.309017, 0.0, 0.809017, -0.309017, -0.5, 0.0, 0.0, 0.0, 0.0, 1.0 ], [ 0.809017, -0.309017, -0.5, 0.0, -0.309017, 0.5, -0.809017, 0.0, 0.5, 0.809017, 0.309017, 0.0, 0.0, 0.0, 0.0, 1.0 ], [ 0.5, 0.809017, -0.309017, 0.0, 0.809017, -0.309017, 0.5, 0.0, 0.309017, -0.5, -0.809017, 0.0, 0.0, 0.0, 0.0, 1.0 ], [ 0.309017, -0.5, -0.809017, 0.0, 0.5, 0.809017, -0.309017, 0.0, 0.809017, -0.309017, 0.5, 0.0, 0.0, 0.0, 0.0, 1.0 ], [ 0.809017, -0.309017, 0.5, 0.0, 0.309017, -0.5, -0.809017, 0.0, 0.5, 0.809017, -0.309017, 0.0, 0.0, 0.0, 0.0, 1.0 ], [ 0.809017, 0.309017, -0.5, 0.0, 0.309017, 0.5, 0.809017, 0.0, 0.5, -0.809017, 0.309017, 0.0, 0.0, 0.0, 0.0, 1.0 ], [ 0.5, -0.809017, 0.309017, 0.0, 0.809017, 0.309017, -0.5, 0.0, 0.309017, 0.5, 0.809017, 0.0, 0.0, 0.0, 0.0, 1.0 ], [ 0.309017, 0.5, 0.809017, 0.0, 0.5, -0.809017, 0.309017, 0.0, 0.809017, 0.309017, -0.5, 0.0, 0.0, 0.0, 0.0, 1.0 ], [ 1.0, 0.0, 0.0, 0.0, 0.0, -1.0, 0.0, 0.0, 0.0, 0.0, -1.0, 0.0, 0.0, 0.0, 0.0, 1.0 ], [ 0.0, 0.0, 1.0, 0.0, -1.0, 0.0, 0.0, 0.0, 0.0, -1.0, 0.0, 0.0, 0.0, 0.0, 0.0, 1.0 ], [ 0.0, 1.0, 0.0, 0.0, 0.0, 0.0, -1.0, 0.0, -1.0, 0.0, 0.0, 0.0, 0.0, 0.0, 0.0, 1.0 ], [ 0.809017, 0.309017, 0.5, 0.0, -0.309017, -0.5, 0.809017, 0.0, 0.5, -0.809017, -0.309017, 0.0, 0.0, 0.0, 0.0, 1.0 ], [ -0.5, 0.809017, 0.309017, 0.0, -0.809017, -0.309017, -0.5, 0.0, -0.309017, -0.5, 0.809017, 0.0, 0.0, 0.0, 0.0, 1.0 ], [ 0.309017, 0.5, -0.809017, 0.0, 0.5, -0.809017, -0.309017, 0.0, -0.809017, -0.309017, -0.5, 0.0, 0.0, 0.0, 0.0, 1.0 ], [ 0.5, 0.809017, 0.309017, 0.0, -0.809017, 0.309017, 0.5, 0.0, 0.309017, -0.5, 0.809017, 0.0, 0.0, 0.0, 0.0, 1.0 ], [ -0.309017, 0.5, -0.809017, 0.0, -0.5, -0.809017, -0.309017, 0.0, -0.809017, 0.309017, 0.5, 0.0, 0.0, 0.0, 0.0, 1.0 ], [ 0.809017, -0.309017, -0.5, 0.0, 0.309017, -0.5, 0.809017, 0.0, -0.5, -0.809017, -0.309017, 0.0, 0.0, 0.0, 0.0, 1.0 ], [ 0.5, 0.809017, -0.309017, 0.0, -0.809017, 0.309017, -0.5, 0.0, -0.309017, 0.5, 0.809017, 0.0, 0.0, 0.0, 0.0, 1.0 ], [ 0.309017, -0.5, -0.809017, 0.0, -0.5, -0.809017, 0.309017, 0.0, -0.809017, 0.309017, -0.5, 0.0, 0.0, 0.0, 0.0, 1.0 ], [ 0.809017, -0.309017, 0.5, 0.0, -0.309017, 0.5, 0.809017, 0.0, -0.5, -0.809017, 0.309017, 0.0, 0.0, 0.0, 0.0, 1.0 ], [ 0.809017, 0.309017, -0.5, 0.0, -0.309017, -0.5, -0.809017, 0.0, -0.5, 0.809017, -0.309017, 0.0, 0.0, 0.0, 0.0, 1.0 ], [ 0.5, -0.809017, 0.309017, 0.0, -0.809017, -0.309017, 0.5, 0.0, -0.309017, -0.5, -0.809017, 0.0, 0.0, 0.0, 0.0, 1.0 ], [ 0.309017, 0.5, 0.809017, 0.0, -0.5, 0.809017, -0.309017, 0.0, -0.809017, -0.309017, 0.5, 0.0, 0.0, 0.0, 0.0, 1.0 ], [ -1.0, 0.0, 0.0, 0.0, 0.0, -1.0, 0.0, 0.0, 0.0, 0.0, 1.0, 0.0, 0.0, 0.0, 0.0, 1.0 ], [ 0.0, 0.0, -1.0, 0.0, -1.0, 0.0, 0.0, 0.0, 0.0, 1.0, 0.0, 0.0, 0.0, 0.0, 0.0, 1.0 ], [ 0.0, -1.0, 0.0, 0.0, 0.0, 0.0, -1.0, 0.0, 1.0, 0.0, 0.0, 0.0, 0.0, 0.0, 0.0, 1.0 ], [ -0.809017, -0.309017, -0.5, 0.0, -0.309017, -0.5, 0.809017, 0.0, -0.5, 0.809017, 0.309017, 0.0, 0.0, 0.0, 0.0, 1.0 ], [ 0.5, -0.809017, -0.309017, 0.0, -0.809017, -0.309017, -0.5, 0.0, 0.309017, 0.5, -0.809017, 0.0, 0.0, 0.0, 0.0, 1.0 ], [ -0.309017, -0.5, 0.809017, 0.0, 0.5, -0.809017, -0.309017, 0.0, 0.809017, 0.309017, 0.5, 0.0, 0.0, 0.0, 0.0, 1.0 ], [ -0.5, -0.809017, -0.309017, 0.0, -0.809017, 0.309017, 0.5, 0.0, -0.309017, 0.5, -0.809017, 0.0, 0.0, 0.0, 0.0, 1.0 ], [ 0.309017, -0.5, 0.809017, 0.0, -0.5, -0.809017, -0.309017, 0.0, 0.809017, -0.309017, -0.5, 0.0, 0.0, 0.0, 0.0, 1.0 ], [ -0.809017, 0.309017, 0.5, 0.0, 0.309017, -0.5, 0.809017, 0.0, 0.5, 0.809017, 0.309017, 0.0, 0.0, 0.0, 0.0, 1.0 ], [ -0.5, -0.809017, 0.309017, 0.0, -0.809017, 0.309017, -0.5, 0.0, 0.309017, -0.5, -0.809017, 0.0, 0.0, 0.0, 0.0, 1.0 ], [ -0.309017, 0.5, 0.809017, 0.0, -0.5, -0.809017, 0.309017, 0.0, 0.809017, -0.309017, 0.5, 0.0, 0.0, 0.0, 0.0, 1.0 ], [ -0.809017, 0.309017, -0.5, 0.0, -0.309017, 0.5, 0.809017, 0.0, 0.5, 0.809017, -0.309017, 0.0, 0.0, 0.0, 0.0, 1.0 ], [ -0.809017, -0.309017, 0.5, 0.0, -0.309017, -0.5, -0.809017, 0.0, 0.5, -0.809017, 0.309017, 0.0, 0.0, 0.0, 0.0, 1.0 ], [ -0.5, 0.809017, -0.309017, 0.0, -0.809017, -0.309017, 0.5, 0.0, 0.309017, 0.5, 0.809017, 0.0, 0.0, 0.0, 0.0, 1.0 ], [ -0.309017, -0.5, -0.809017, 0.0, -0.5, 0.809017, -0.309017, 0.0, 0.809017, 0.309017, -0.5, 0.0, 0.0, 0.0, 0.0, 1.0 ], [ -1.0, 0.0, 0.0, 0.0, 0.0, 1.0, 0.0, 0.0, 0.0, 0.0, -1.0, 0.0, 0.0, 0.0, 0.0, 1.0 ], [ 0.0, 0.0, -1.0, 0.0, 1.0, 0.0, 0.0, 0.0, 0.0, -1.0, 0.0, 0.0, 0.0, 0.0, 0.0, 1.0 ], [ 0.0, -1.0, 0.0, 0.0, 0.0, 0.0, 1.0, 0.0, -1.0, 0.0, 0.0, 0.0, 0.0, 0.0, 0.0, 1.0 ], [ -0.809017, -0.309017, -0.5, 0.0, 0.309017, 0.5, -0.809017, 0.0, 0.5, -0.809017, -0.309017, 0.0, 0.0, 0.0, 0.0, 1.0 ], [ 0.5, -0.809017, -0.309017, 0.0, 0.809017, 0.309017, 0.5, 0.0, -0.309017, -0.5, 0.809017, 0.0, 0.0, 0.0, 0.0, 1.0 ], [ -0.309017, -0.5, 0.809017, 0.0, -0.5, 0.809017, 0.309017, 0.0, -0.809017, -0.309017, -0.5, 0.0, 0.0, 0.0, 0.0, 1.0 ], [ -0.5, -0.809017, -0.309017, 0.0, 0.809017, -0.309017, -0.5, 0.0, 0.309017, -0.5, 0.809017, 0.0, 0.0, 0.0, 0.0, 1.0 ], [ 0.309017, -0.5, 0.809017, 0.0, 0.5, 0.809017, 0.309017, 0.0, -0.809017, 0.309017, 0.5, 0.0, 0.0, 0.0, 0.0, 1.0 ], [ -0.809017, 0.309017, 0.5, 0.0, -0.309017, 0.5, -0.809017, 0.0, -0.5, -0.809017, -0.309017, 0.0, 0.0, 0.0, 0.0, 1.0 ], [ -0.5, -0.809017, 0.309017, 0.0, 0.809017, -0.309017, 0.5, 0.0, -0.309017, 0.5, 0.809017, 0.0, 0.0, 0.0, 0.0, 1.0 ], [ -0.309017, 0.5, 0.809017, 0.0, 0.5, 0.809017, -0.309017, 0.0, -0.809017, 0.309017, -0.5, 0.0, 0.0, 0.0, 0.0, 1.0 ], [ -0.809017, 0.309017, -0.5, 0.0, 0.309017, -0.5, -0.809017, 0.0, -0.5, -0.809017, 0.309017, 0.0, 0.0, 0.0, 0.0, 1.0 ], [ -0.809017, -0.309017, 0.5, 0.0, 0.309017, 0.5, 0.809017, 0.0, -0.5, 0.809017, -0.309017, 0.0, 0.0, 0.0, 0.0, 1.0 ], [ -0.5, 0.809017, -0.309017, 0.0, 0.809017, 0.309017, -0.5, 0.0, -0.309017, -0.5, -0.809017, 0.0, 0.0, 0.0, 0.0, 1.0 ], [ -0.309017, -0.5, -0.809017, 0.0, 0.5, -0.809017, 0.309017, 0.0, -0.809017, -0.309017, 0.5, 0.0, 0.0, 0.0, 0.0, 1.0 ] ],
  "lights" : {
    "backgroundColor" : "#FFFFFF",
    "ambientColor" : "#292929",
    "directionalLights" : [ {
      "direction" : {
        "x" : 1.0,
        "y" : -1.0,
        "z" : -1.0
      },
      "color" : "#EBEBE4"
    }, {
      "direction" : {
        "x" : -1.0,
        "y" : 0.0,
        "z" : 0.0
      },
      "color" : "#E4E4EB"
    }, {
      "direction" : {
        "x" : 0.0,
        "y" : 0.0,
        "z" : -1.0
      },
      "color" : "#1E1E1E"
    } ]
  },
  "camera" : {
    "stereo" : false,
    "width" : 35.52978,
    "perspective" : false,
    "viewDistance" : 78.95511,
    "nearClipDistance" : 0.1973879,
    "farClipDistance" : 157.90987,
    "lookAtPoint" : {
      "x" : 0.0,
      "y" : 0.0,
      "z" : 0.0
    },
    "fieldOfView" : 0.44262868,
    "lookDirection" : {
      "x" : 0.0,
      "y" : 0.0,
      "z" : -1.0
    },
    "upDirection" : {
      "x" : 0.0,
      "y" : 1.0,
      "z" : 0.0
    },
    "position" : {
      "x" : 0.0,
      "y" : 0.0,
      "z" : 78.95511
    }
  },
  "embedding" : [ 1.0, 0.0, 0.0, 0.0, 0.0, 1.0, 0.0, 0.0, 0.0, 0.0, 1.0, 0.0, 0.0, 0.0, 0.0, 1.0 ],
  "shapes" : [ {
    "id" : "cfc615ec-685a-4176-b1eb-02f528aafc0c",
    "vertices" : [ {
      "x" : -5.648091,
      "y" : 2.8240454,
      "z" : -5.648091
    }, {
      "x" : -2.8240454,
      "y" : 5.648091,
      "z" : 5.648091
    }, {
      "x" : -5.648091,
      "y" : -5.648091,
      "z" : 2.8240454
    } ],
    "faces" : [ {
      "vertices" : [ 0, 1, 2 ]
    }, {
      "vertices" : [ 0, 2, 1 ]
    } ]
  }, {
    "id" : "53140e3f-65bc-43af-991a-447023ec9cd1",
    "vertices" : [ {
      "x" : 5.648091,
      "y" : 5.648091,
      "z" : -2.8240454
    }, {
      "x" : -2.8240454,
      "y" : 5.648091,
      "z" : 5.648091
    }, {
      "x" : 5.648091,
      "y" : -2.8240454,
      "z" : 5.648091
    } ],
    "faces" : [ {
      "vertices" : [ 0, 1, 2 ]
    }, {
      "vertices" : [ 0, 2, 1 ]
    } ]
  }, {
    "id" : "33258f06-48dc-40b8-8cb3-657964676d39",
    "vertices" : [ {
      "x" : 8.472136,
      "y" : 0.0,
      "z" : 0.0
    }, {
      "x" : 0.0,
      "y" : 8.472136,
      "z" : 0.0
    }, {
      "x" : 0.0,
      "y" : 0.0,
      "z" : 8.472136
    } ],
    "faces" : [ {
      "vertices" : [ 0, 1, 2 ]
    }, {
      "vertices" : [ 0, 2, 1 ]
    } ]
  }, {
    "id" : "e31d8b0f-e78c-476f-adc7-c92caf037736",
    "vertices" : [ {
      "x" : 0.0,
      "y" : 0.0,
      "z" : -8.472136
    }, {
      "x" : 8.472136,
      "y" : 0.0,
      "z" : 0.0
    }, {
      "x" : 0.0,
      "y" : 8.472136,
      "z" : 0.0
    } ],
    "faces" : [ {
      "vertices" : [ 0, 1, 2 ]
    }, {
      "vertices" : [ 0, 2, 1 ]
    } ]
  }, {
    "id" : "a239a8b5-78a7-4df4-b33a-d1abfb85316b",
    "vertices" : [ {
      "x" : -8.472136,
      "y" : 0.0,
      "z" : 0.0
    }, {
      "x" : 0.0,
      "y" : -8.472136,
      "z" : 0.0
    }, {
      "x" : 0.0,
      "y" : 0.0,
      "z" : -8.472136
    } ],
    "faces" : [ {
      "vertices" : [ 0, 1, 2 ]
    }, {
      "vertices" : [ 0, 2, 1 ]
    } ]
  }, {
    "id" : "8d78449d-8246-4f66-9afd-149fb7cef589",
    "vertices" : [ {
      "x" : -5.648091,
      "y" : -2.8240454,
      "z" : -5.648091
    }, {
      "x" : -5.648091,
      "y" : 5.648091,
      "z" : 2.8240454
    }, {
      "x" : 2.8240454,
      "y" : 5.648091,
      "z" : -5.648091
    } ],
    "faces" : [ {
      "vertices" : [ 0, 1, 2 ]
    }, {
      "vertices" : [ 0, 2, 1 ]
    } ]
  }, {
    "id" : "8a7d1862-e0cb-4793-947a-93bc673b4ad8",
    "vertices" : [ {
      "x" : -5.648091,
      "y" : -2.8240454,
      "z" : 5.648091
    }, {
      "x" : -2.8240454,
      "y" : -5.648091,
      "z" : -5.648091
    }, {
      "x" : -5.648091,
      "y" : 5.648091,
      "z" : -2.8240454
    } ],
    "faces" : [ {
      "vertices" : [ 0, 1, 2 ]
    }, {
      "vertices" : [ 0, 2, 1 ]
    } ]
  }, {
    "id" : "6cb2b01c-45dd-40b6-83ff-0ae728b826e7",
    "vertices" : [ {
      "x" : -5.648091,
      "y" : -5.648091,
      "z" : -2.8240454
    }, {
      "x" : 5.648091,
      "y" : -2.8240454,
      "z" : -5.648091
    }, {
      "x" : 2.8240454,
      "y" : -5.648091,
      "z" : 5.648091
    } ],
    "faces" : [ {
      "vertices" : [ 0, 1, 2 ]
    }, {
      "vertices" : [ 0, 2, 1 ]
    } ]
  }, {
    "id" : "50dc55f9-7b70-4be5-995e-d62ebdb5cd0f",
    "vertices" : [ {
      "x" : 2.8240454,
      "y" : -5.648091,
      "z" : -5.648091
    }, {
      "x" : 5.648091,
      "y" : 5.648091,
      "z" : -2.8240454
    }, {
      "x" : -5.648091,
      "y" : 2.8240454,
      "z" : -5.648091
    } ],
    "faces" : [ {
      "vertices" : [ 0, 1, 2 ]
    }, {
      "vertices" : [ 0, 2, 1 ]
    } ]
  }, {
    "id" : "df7bdd34-5123-4b0f-abb3-53f655528b10",
    "vertices" : [ {
      "x" : 2.8240454,
      "y" : -5.648091,
      "z" : 5.648091
    }, {
      "x" : 5.648091,
      "y" : 5.648091,
      "z" : 2.8240454
    }, {
      "x" : -5.648091,
      "y" : 2.8240454,
      "z" : 5.648091
    } ],
    "faces" : [ {
      "vertices" : [ 0, 1, 2 ]
    }, {
      "vertices" : [ 0, 2, 1 ]
    } ]
  }, {
    "id" : "819453b5-7773-41b9-b5c8-e4807c590772",
    "vertices" : [ {
      "x" : -5.648091,
      "y" : 2.8240454,
      "z" : 5.648091
    }, {
      "x" : -5.648091,
      "y" : -5.648091,
      "z" : -2.8240454
    }, {
      "x" : 2.8240454,
      "y" : -5.648091,
      "z" : 5.648091
    } ],
    "faces" : [ {
      "vertices" : [ 0, 1, 2 ]
    }, {
      "vertices" : [ 0, 2, 1 ]
    } ]
  }, {
    "id" : "f73bb426-f322-4be0-9900-8e8334a315fa",
    "vertices" : [ {
      "x" : -5.648091,
      "y" : 5.648091,
      "z" : 2.8240454
    }, {
      "x" : 5.648091,
      "y" : 2.8240454,
      "z" : 5.648091
    }, {
      "x" : 2.8240454,
      "y" : 5.648091,
      "z" : -5.648091
    } ],
    "faces" : [ {
      "vertices" : [ 0, 1, 2 ]
    }, {
      "vertices" : [ 0, 2, 1 ]
    } ]
  }, {
    "id" : "710c67ea-81b2-4128-9c5c-0c1353e9e9e3",
    "vertices" : [ {
      "x" : -5.648091,
      "y" : 5.648091,
      "z" : -2.8240454
    }, {
      "x" : 2.8240454,
      "y" : 5.648091,
      "z" : 5.648091
    }, {
      "x" : -5.648091,
      "y" : -2.8240454,
      "z" : 5.648091
    } ],
    "faces" : [ {
      "vertices" : [ 0, 1, 2 ]
    }, {
      "vertices" : [ 0, 2, 1 ]
    } ]
  }, {
    "id" : "e4db61fb-53f0-4dd9-9dc0-690e212857bc",
    "vertices" : [ {
      "x" : 5.648091,
      "y" : 2.8240454,
      "z" : -5.648091
    }, {
      "x" : 2.8240454,
      "y" : 5.648091,
      "z" : 5.648091
    }, {
      "x" : 5.648091,
      "y" : -5.648091,
      "z" : 2.8240454
    } ],
    "faces" : [ {
      "vertices" : [ 0, 1, 2 ]
    }, {
      "vertices" : [ 0, 2, 1 ]
    } ]
  }, {
    "id" : "c4b27079-99a3-4b9d-8a0f-b6104f1872f8",
    "vertices" : [ {
      "x" : -8.472136,
      "y" : 0.0,
      "z" : 0.0
    }, {
      "x" : 0.0,
      "y" : 8.472136,
      "z" : 0.0
    }, {
      "x" : 0.0,
      "y" : 0.0,
      "z" : 8.472136
    } ],
    "faces" : [ {
      "vertices" : [ 0, 1, 2 ]
    }, {
      "vertices" : [ 0, 2, 1 ]
    } ]
  }, {
    "id" : "052bc4fd-853b-435a-9403-f1dd9aca0c2a",
    "vertices" : [ {
      "x" : -2.8240454,
      "y" : 5.648091,
      "z" : -5.648091
    }, {
      "x" : -5.648091,
      "y" : -5.648091,
      "z" : -2.8240454
    }, {
      "x" : 5.648091,
      "y" : -2.8240454,
      "z" : -5.648091
    } ],
    "faces" : [ {
      "vertices" : [ 0, 1, 2 ]
    }, {
      "vertices" : [ 0, 2, 1 ]
    } ]
  }, {
    "id" : "bd4af878-d594-4883-a585-2d25a5e5a90e",
    "vertices" : [ {
      "x" : 5.648091,
      "y" : -2.8240454,
      "z" : 5.648091
    }, {
      "x" : 2.8240454,
      "y" : -5.648091,
      "z" : -5.648091
    }, {
      "x" : 5.648091,
      "y" : 5.648091,
      "z" : -2.8240454
    } ],
    "faces" : [ {
      "vertices" : [ 0, 1, 2 ]
    }, {
      "vertices" : [ 0, 2, 1 ]
    } ]
  }, {
    "id" : "2cafba9f-084b-4c73-ac80-c13e4882c446",
    "vertices" : [ {
      "x" : 5.648091,
      "y" : 5.648091,
      "z" : -2.8240454
    }, {
      "x" : -5.648091,
      "y" : 2.8240454,
      "z" : -5.648091
    }, {
      "x" : -2.8240454,
      "y" : 5.648091,
      "z" : 5.648091
    } ],
    "faces" : [ {
      "vertices" : [ 0, 1, 2 ]
    }, {
      "vertices" : [ 0, 2, 1 ]
    } ]
  }, {
    "id" : "b8be8dc4-a15d-4929-bc51-f6e8b8c1b695",
    "vertices" : [ {
      "x" : 5.648091,
      "y" : -5.648091,
      "z" : -2.8240454
    }, {
      "x" : -5.648091,
      "y" : -2.8240454,
      "z" : -5.648091
    }, {
      "x" : -2.8240454,
      "y" : -5.648091,
      "z" : 5.648091
    } ],
    "faces" : [ {
      "vertices" : [ 0, 1, 2 ]
    }, {
      "vertices" : [ 0, 2, 1 ]
    } ]
  }, {
    "id" : "f12ce71d-d7b9-4fcc-9237-de0524f6a3fc",
    "vertices" : [ {
      "x" : -5.648091,
      "y" : -5.648091,
      "z" : 2.8240454
    }, {
      "x" : 2.8240454,
      "y" : -5.648091,
      "z" : -5.648091
    }, {
      "x" : -5.648091,
      "y" : 2.8240454,
      "z" : -5.648091
    } ],
    "faces" : [ {
      "vertices" : [ 0, 1, 2 ]
    }, {
      "vertices" : [ 0, 2, 1 ]
    } ]
  }, {
    "id" : "0b7cf75c-fc2d-40da-a3ad-11c27f4c292a",
    "vertices" : [ {
      "x" : 5.648091,
      "y" : 5.648091,
      "z" : 2.8240454
    }, {
      "x" : -5.648091,
      "y" : 2.8240454,
      "z" : 5.648091
    }, {
      "x" : -2.8240454,
      "y" : 5.648091,
      "z" : -5.648091
    } ],
    "faces" : [ {
      "vertices" : [ 0, 1, 2 ]
    }, {
      "vertices" : [ 0, 2, 1 ]
    } ]
  }, {
    "id" : "af45795b-9d53-45ca-b6ac-6e25adb7e2e8",
    "vertices" : [ {
      "x" : 2.8240454,
      "y" : 5.648091,
      "z" : 5.648091
    }, {
      "x" : 5.648091,
      "y" : -5.648091,
      "z" : 2.8240454
    }, {
      "x" : -5.648091,
      "y" : -2.8240454,
      "z" : 5.648091
    } ],
    "faces" : [ {
      "vertices" : [ 0, 1, 2 ]
    }, {
      "vertices" : [ 0, 2, 1 ]
    } ]
  }, {
    "id" : "89944d2d-27c3-477b-831a-fcce0771157a",
    "vertices" : [ {
      "x" : -5.648091,
      "y" : -2.8240454,
      "z" : -5.648091
    }, {
      "x" : -2.8240454,
      "y" : -5.648091,
      "z" : 5.648091
    }, {
      "x" : -5.648091,
      "y" : 5.648091,
      "z" : 2.8240454
    } ],
    "faces" : [ {
      "vertices" : [ 0, 1, 2 ]
    }, {
      "vertices" : [ 0, 2, 1 ]
    } ]
  }, {
    "id" : "739e3b46-29c7-455f-b64c-a779c182c4dc",
    "vertices" : [ {
      "x" : 8.472136,
      "y" : 0.0,
      "z" : 0.0
    }, {
      "x" : 0.0,
      "y" : -8.472136,
      "z" : 0.0
    }, {
      "x" : 0.0,
      "y" : 0.0,
      "z" : -8.472136
    } ],
    "faces" : [ {
      "vertices" : [ 0, 1, 2 ]
    }, {
      "vertices" : [ 0, 2, 1 ]
    } ]
  }, {
    "id" : "b3a8d475-df1a-4827-9f51-b104739be790",
    "vertices" : [ {
      "x" : -2.8240454,
      "y" : -5.648091,
      "z" : -5.648091
    }, {
      "x" : -5.648091,
      "y" : 5.648091,
      "z" : -2.8240454
    }, {
      "x" : 5.648091,
      "y" : 2.8240454,
      "z" : -5.648091
    } ],
    "faces" : [ {
      "vertices" : [ 0, 1, 2 ]
    }, {
      "vertices" : [ 0, 2, 1 ]
    } ]
  }, {
    "id" : "ff227ce9-4c5d-4ff7-9a0c-c4d5cb62dfdf",
    "vertices" : [ {
      "x" : 5.648091,
      "y" : -2.8240454,
      "z" : -5.648091
    }, {
      "x" : 2.8240454,
      "y" : -5.648091,
      "z" : 5.648091
    }, {
      "x" : 5.648091,
      "y" : 5.648091,
      "z" : 2.8240454
    } ],
    "faces" : [ {
      "vertices" : [ 0, 1, 2 ]
    }, {
      "vertices" : [ 0, 2, 1 ]
    } ]
  }, {
    "id" : "d010ffe1-b0b5-47d0-966e-e6681d53c628",
    "vertices" : [ {
      "x" : -5.648091,
      "y" : 5.648091,
      "z" : -2.8240454
    }, {
      "x" : 5.648091,
      "y" : 2.8240454,
      "z" : -5.648091
    }, {
      "x" : 2.8240454,
      "y" : 5.648091,
      "z" : 5.648091
    } ],
    "faces" : [ {
      "vertices" : [ 0, 1, 2 ]
    }, {
      "vertices" : [ 0, 2, 1 ]
    } ]
  }, {
    "id" : "5dded11c-1737-4101-8145-76a224af97d8",
    "vertices" : [ {
      "x" : 5.648091,
      "y" : -5.648091,
      "z" : 2.8240454
    }, {
      "x" : -5.648091,
      "y" : -2.8240454,
      "z" : 5.648091
    }, {
      "x" : -2.8240454,
      "y" : -5.648091,
      "z" : -5.648091
    } ],
    "faces" : [ {
      "vertices" : [ 0, 1, 2 ]
    }, {
      "vertices" : [ 0, 2, 1 ]
    } ]
  }, {
    "id" : "bae7ab57-6a40-410e-8061-7595704eb0c5",
    "vertices" : [ {
      "x" : 5.648091,
      "y" : -2.8240454,
      "z" : -5.648091
    }, {
      "x" : 5.648091,
      "y" : 5.648091,
      "z" : 2.8240454
    }, {
      "x" : -2.8240454,
      "y" : 5.648091,
      "z" : -5.648091
    } ],
    "faces" : [ {
      "vertices" : [ 0, 1, 2 ]
    }, {
      "vertices" : [ 0, 2, 1 ]
    } ]
  }, {
    "id" : "806bf6a9-4d8f-4b50-8574-2e5277f854b5",
    "vertices" : [ {
      "x" : 2.8240454,
      "y" : 5.648091,
      "z" : -5.648091
    }, {
      "x" : 5.648091,
      "y" : -5.648091,
      "z" : -2.8240454
    }, {
      "x" : -5.648091,
      "y" : -2.8240454,
      "z" : -5.648091
    } ],
    "faces" : [ {
      "vertices" : [ 0, 1, 2 ]
    }, {
      "vertices" : [ 0, 2, 1 ]
    } ]
  }, {
    "id" : "007193d3-864d-4720-b08f-17ba46631582",
    "vertices" : [ {
      "x" : -5.648091,
      "y" : 2.8240454,
      "z" : 5.648091
    }, {
      "x" : -2.8240454,
      "y" : 5.648091,
      "z" : -5.648091
    }, {
      "x" : -5.648091,
      "y" : -5.648091,
      "z" : -2.8240454
    } ],
    "faces" : [ {
      "vertices" : [ 0, 1, 2 ]
    }, {
      "vertices" : [ 0, 2, 1 ]
    } ]
  }, {
    "id" : "69688503-7c02-46b3-98f9-45fadde45704",
    "vertices" : [ {
      "x" : -2.8240454,
      "y" : -5.648091,
      "z" : 5.648091
    }, {
      "x" : -5.648091,
      "y" : 5.648091,
      "z" : 2.8240454
    }, {
      "x" : 5.648091,
      "y" : 2.8240454,
      "z" : 5.648091
    } ],
    "faces" : [ {
      "vertices" : [ 0, 1, 2 ]
    }, {
      "vertices" : [ 0, 2, 1 ]
    } ]
  }, {
    "id" : "cf874529-f91d-47c1-a53b-66813de74644",
    "vertices" : [ {
      "x" : 5.648091,
      "y" : 2.8240454,
      "z" : 5.648091
    }, {
      "x" : 5.648091,
      "y" : -5.648091,
      "z" : -2.8240454
    }, {
      "x" : -2.8240454,
      "y" : -5.648091,
      "z" : 5.648091
    } ],
    "faces" : [ {
      "vertices" : [ 0, 1, 2 ]
    }, {
      "vertices" : [ 0, 2, 1 ]
    } ]
  }, {
    "id" : "05855016-8687-466a-8848-604cfc766fb2",
    "vertices" : [ {
      "x" : 5.648091,
      "y" : -5.648091,
      "z" : 2.8240454
    }, {
      "x" : -2.8240454,
      "y" : -5.648091,
      "z" : -5.648091
    }, {
      "x" : 5.648091,
      "y" : 2.8240454,
      "z" : -5.648091
    } ],
    "faces" : [ {
      "vertices" : [ 0, 1, 2 ]
    }, {
      "vertices" : [ 0, 2, 1 ]
    } ]
  }, {
    "id" : "b2d74a74-540f-4ad0-9e1b-5919bbc78908",
    "vertices" : [ {
      "x" : 0.0,
      "y" : 0.0,
      "z" : 8.472136
    }, {
      "x" : -8.472136,
      "y" : 0.0,
      "z" : 0.0
    }, {
      "x" : 0.0,
      "y" : -8.472136,
      "z" : 0.0
    } ],
    "faces" : [ {
      "vertices" : [ 0, 1, 2 ]
    }, {
      "vertices" : [ 0, 2, 1 ]
    } ]
  }, {
    "id" : "e8b046bc-4129-40a8-96c1-1af78116e663",
    "vertices" : [ {
      "x" : 0.0,
      "y" : 0.0,
      "z" : 8.472136
    }, {
      "x" : 8.472136,
      "y" : 0.0,
      "z" : 0.0
    }, {
      "x" : 0.0,
      "y" : -8.472136,
      "z" : 0.0
    } ],
    "faces" : [ {
      "vertices" : [ 0, 1, 2 ]
    }, {
      "vertices" : [ 0, 2, 1 ]
    } ]
  }, {
    "id" : "7c582745-5a9b-43e7-a9a6-3a09ab577946",
    "vertices" : [ {
      "x" : -2.8240454,
      "y" : 5.648091,
      "z" : 5.648091
    }, {
      "x" : -5.648091,
      "y" : -5.648091,
      "z" : 2.8240454
    }, {
      "x" : 5.648091,
      "y" : -2.8240454,
      "z" : 5.648091
    } ],
    "faces" : [ {
      "vertices" : [ 0, 1, 2 ]
    }, {
      "vertices" : [ 0, 2, 1 ]
    } ]
  }, {
    "id" : "cf38e42b-fa0a-437c-8e1c-3d4af54ce537",
    "vertices" : [ {
      "x" : -5.648091,
      "y" : -5.648091,
      "z" : 2.8240454
    }, {
      "x" : 5.648091,
      "y" : -2.8240454,
      "z" : 5.648091
    }, {
      "x" : 2.8240454,
      "y" : -5.648091,
      "z" : -5.648091
    } ],
    "faces" : [ {
      "vertices" : [ 0, 1, 2 ]
    }, {
      "vertices" : [ 0, 2, 1 ]
    } ]
  }, {
    "id" : "a720d54b-97a9-47b6-8704-c56a1634dca9",
    "vertices" : [ {
      "x" : 5.648091,
      "y" : 2.8240454,
      "z" : 5.648091
    }, {
      "x" : 2.8240454,
      "y" : 5.648091,
      "z" : -5.648091
    }, {
      "x" : 5.648091,
      "y" : -5.648091,
      "z" : -2.8240454
    } ],
    "faces" : [ {
      "vertices" : [ 0, 1, 2 ]
    }, {
      "vertices" : [ 0, 2, 1 ]
    } ]
  }, {
    "id" : "2c287256-dc94-43b7-bbef-e40e731e995c",
    "vertices" : [ {
      "x" : 0.0,
      "y" : 0.0,
      "z" : -8.472136
    }, {
      "x" : -8.472136,
      "y" : 0.0,
      "z" : 0.0
    }, {
      "x" : 0.0,
      "y" : 8.472136,
      "z" : 0.0
    } ],
    "faces" : [ {
      "vertices" : [ 0, 1, 2 ]
    }, {
      "vertices" : [ 0, 2, 1 ]
    } ]
  } ],
  "instances" : [ {
    "shape" : "cfc615ec-685a-4176-b1eb-02f528aafc0c",
    "color" : "#9999FF",
    "position" : {
      "x" : 0.0,
      "y" : 0.0,
      "z" : 0.0
    }
  }, {
    "shape" : "53140e3f-65bc-43af-991a-447023ec9cd1",
    "color" : "#F7CF7F",
    "position" : {
      "x" : 0.0,
      "y" : 0.0,
      "z" : 0.0
    }
  }, {
    "shape" : "33258f06-48dc-40b8-8cb3-657964676d39",
    "color" : "#F7CF7F",
    "position" : {
      "x" : 0.0,
      "y" : 0.0,
      "z" : 0.0
    }
  }, {
    "shape" : "e31d8b0f-e78c-476f-adc7-c92caf037736",
    "color" : "#F7CF7F",
    "position" : {
      "x" : 0.0,
      "y" : 0.0,
      "z" : 0.0
    }
  }, {
    "shape" : "a239a8b5-78a7-4df4-b33a-d1abfb85316b",
    "color" : "#F7CF7F",
    "position" : {
      "x" : 0.0,
      "y" : 0.0,
      "z" : 0.0
    }
  }, {
    "shape" : "8d78449d-8246-4f66-9afd-149fb7cef589",
    "color" : "#F7CF7F",
    "position" : {
      "x" : 0.0,
      "y" : 0.0,
      "z" : 0.0
    }
  }, {
    "shape" : "8a7d1862-e0cb-4793-947a-93bc673b4ad8",
    "color" : "#9999FF",
    "position" : {
      "x" : 0.0,
      "y" : 0.0,
      "z" : 0.0
    }
  }, {
    "shape" : "6cb2b01c-45dd-40b6-83ff-0ae728b826e7",
    "color" : "#9999FF",
    "position" : {
      "x" : 0.0,
      "y" : 0.0,
      "z" : 0.0
    }
  }, {
    "shape" : "50dc55f9-7b70-4be5-995e-d62ebdb5cd0f",
    "color" : "#9999FF",
    "position" : {
      "x" : 0.0,
      "y" : 0.0,
      "z" : 0.0
    }
  }, {
    "shape" : "df7bdd34-5123-4b0f-abb3-53f655528b10",
    "color" : "#9999FF",
    "position" : {
      "x" : 0.0,
      "y" : 0.0,
      "z" : 0.0
    }
  }, {
    "shape" : "819453b5-7773-41b9-b5c8-e4807c590772",
    "color" : "#F7CF7F",
    "position" : {
      "x" : 0.0,
      "y" : 0.0,
      "z" : 0.0
    }
  }, {
    "shape" : "f73bb426-f322-4be0-9900-8e8334a315fa",
    "color" : "#9999FF",
    "position" : {
      "x" : 0.0,
      "y" : 0.0,
      "z" : 0.0
    }
  }, {
    "shape" : "710c67ea-81b2-4128-9c5c-0c1353e9e9e3",
    "color" : "#F7CF7F",
    "position" : {
      "x" : 0.0,
      "y" : 0.0,
      "z" : 0.0
    }
  }, {
    "shape" : "e4db61fb-53f0-4dd9-9dc0-690e212857bc",
    "color" : "#9999FF",
    "position" : {
      "x" : 0.0,
      "y" : 0.0,
      "z" : 0.0
    }
  }, {
    "shape" : "c4b27079-99a3-4b9d-8a0f-b6104f1872f8",
    "color" : "#F7CF7F",
    "position" : {
      "x" : 0.0,
      "y" : 0.0,
      "z" : 0.0
    }
  }, {
    "shape" : "052bc4fd-853b-435a-9403-f1dd9aca0c2a",
    "color" : "#9999FF",
    "position" : {
      "x" : 0.0,
      "y" : 0.0,
      "z" : 0.0
    }
  }, {
    "shape" : "bd4af878-d594-4883-a585-2d25a5e5a90e",
    "color" : "#9999FF",
    "position" : {
      "x" : 0.0,
      "y" : 0.0,
      "z" : 0.0
    }
  }, {
    "shape" : "2cafba9f-084b-4c73-ac80-c13e4882c446",
    "color" : "#9999FF",
    "position" : {
      "x" : 0.0,
      "y" : 0.0,
      "z" : 0.0
    }
  }, {
    "shape" : "b8be8dc4-a15d-4929-bc51-f6e8b8c1b695",
    "color" : "#9999FF",
    "position" : {
      "x" : 0.0,
      "y" : 0.0,
      "z" : 0.0
    }
  }, {
    "shape" : "f12ce71d-d7b9-4fcc-9237-de0524f6a3fc",
    "color" : "#F7CF7F",
    "position" : {
      "x" : 0.0,
      "y" : 0.0,
      "z" : 0.0
    }
  }, {
    "shape" : "0b7cf75c-fc2d-40da-a3ad-11c27f4c292a",
    "color" : "#9999FF",
    "position" : {
      "x" : 0.0,
      "y" : 0.0,
      "z" : 0.0
    }
  }, {
    "shape" : "af45795b-9d53-45ca-b6ac-6e25adb7e2e8",
    "color" : "#9999FF",
    "position" : {
      "x" : 0.0,
      "y" : 0.0,
      "z" : 0.0
    }
  }, {
    "shape" : "89944d2d-27c3-477b-831a-fcce0771157a",
    "color" : "#9999FF",
    "position" : {
      "x" : 0.0,
      "y" : 0.0,
      "z" : 0.0
    }
  }, {
    "shape" : "739e3b46-29c7-455f-b64c-a779c182c4dc",
    "color" : "#F7CF7F",
    "position" : {
      "x" : 0.0,
      "y" : 0.0,
      "z" : 0.0
    }
  }, {
    "shape" : "b3a8d475-df1a-4827-9f51-b104739be790",
    "color" : "#9999FF",
    "position" : {
      "x" : 0.0,
      "y" : 0.0,
      "z" : 0.0
    }
  }, {
    "shape" : "ff227ce9-4c5d-4ff7-9a0c-c4d5cb62dfdf",
    "color" : "#9999FF",
    "position" : {
      "x" : 0.0,
      "y" : 0.0,
      "z" : 0.0
    }
  }, {
    "shape" : "d010ffe1-b0b5-47d0-966e-e6681d53c628",
    "color" : "#9999FF",
    "position" : {
      "x" : 0.0,
      "y" : 0.0,
      "z" : 0.0
    }
  }, {
    "shape" : "5dded11c-1737-4101-8145-76a224af97d8",
    "color" : "#9999FF",
    "position" : {
      "x" : 0.0,
      "y" : 0.0,
      "z" : 0.0
    }
  }, {
    "shape" : "bae7ab57-6a40-410e-8061-7595704eb0c5",
    "color" : "#F7CF7F",
    "position" : {
      "x" : 0.0,
      "y" : 0.0,
      "z" : 0.0
    }
  }, {
    "shape" : "806bf6a9-4d8f-4b50-8574-2e5277f854b5",
    "color" : "#9999FF",
    "position" : {
      "x" : 0.0,
      "y" : 0.0,
      "z" : 0.0
    }
  }, {
    "shape" : "007193d3-864d-4720-b08f-17ba46631582",
    "color" : "#9999FF",
    "position" : {
      "x" : 0.0,
      "y" : 0.0,
      "z" : 0.0
    }
  }, {
    "shape" : "69688503-7c02-46b3-98f9-45fadde45704",
    "color" : "#9999FF",
    "position" : {
      "x" : 0.0,
      "y" : 0.0,
      "z" : 0.0
    }
  }, {
    "shape" : "cf874529-f91d-47c1-a53b-66813de74644",
    "color" : "#F7CF7F",
    "position" : {
      "x" : 0.0,
      "y" : 0.0,
      "z" : 0.0
    }
  }, {
    "shape" : "05855016-8687-466a-8848-604cfc766fb2",
    "color" : "#F7CF7F",
    "position" : {
      "x" : 0.0,
      "y" : 0.0,
      "z" : 0.0
    }
  }, {
    "shape" : "b2d74a74-540f-4ad0-9e1b-5919bbc78908",
    "color" : "#F7CF7F",
    "position" : {
      "x" : 0.0,
      "y" : 0.0,
      "z" : 0.0
    }
  }, {
    "shape" : "e8b046bc-4129-40a8-96c1-1af78116e663",
    "color" : "#F7CF7F",
    "position" : {
      "x" : 0.0,
      "y" : 0.0,
      "z" : 0.0
    }
  }, {
    "shape" : "7c582745-5a9b-43e7-a9a6-3a09ab577946",
    "color" : "#9999FF",
    "position" : {
      "x" : 0.0,
      "y" : 0.0,
      "z" : 0.0
    }
  }, {
    "shape" : "cf38e42b-fa0a-437c-8e1c-3d4af54ce537",
    "color" : "#9999FF",
    "position" : {
      "x" : 0.0,
      "y" : 0.0,
      "z" : 0.0
    }
  }, {
    "shape" : "a720d54b-97a9-47b6-8704-c56a1634dca9",
    "color" : "#9999FF",
    "position" : {
      "x" : 0.0,
      "y" : 0.0,
      "z" : 0.0
    }
  }, {
    "shape" : "2c287256-dc94-43b7-bbef-e40e731e995c",
    "color" : "#F7CF7F",
    "position" : {
      "x" : 0.0,
      "y" : 0.0,
      "z" : 0.0
    }
  } ]
}