{
  "field" : "polygon32",
  "symmetry" : "antiprism32",
  "orientations" : [ [ 1.0, 0.0, 0.0, 0.0, 0.0, 1.0, 0.0, 0.0, 0.0, 0.0, 1.0, 0.0, 0.0, 0.0, 0.0, 1.0 ], [ 0.98078525, -0.19509032, 0.0, 0.0, 0.19509032, 0.98078525, 0.0, 0.0, 0.0, 0.0, 1.0, 0.0, 0.0, 0.0, 0.0, 1.0 ], [ 0.9238795, -0.38268343, 0.0, 0.0, 0.38268343, 0.9238795, 0.0, 0.0, 0.0, 0.0, 1.0, 0.0, 0.0, 0.0, 0.0, 1.0 ], [ 0.8314696, -0.55557024, 0.0, 0.0, 0.55557024, 0.8314696, 0.0, 0.0, 0.0, 0.0, 1.0, 0.0, 0.0, 0.0, 0.0, 1.0 ], [ 0.70710677, -0.70710677, 0.0, 0.0, 0.70710677, 0.70710677, 0.0, 0.0, 0.0, 0.0, 1.0, 0.0, 0.0, 0.0, 0.0, 1.0 ], [ 0.55557024, -0.8314696, 0.0, 0.0, 0.8314696, 0.55557024, 0.0, 0.0, 0.0, 0.0, 1.0, 0.0, 0.0, 0.0, 0.0, 1.0 ], [ 0.38268343, -0.9238795, 0.0, 0.0, 0.9238795, 0.38268343, 0.0, 0.0, 0.0, 0.0, 1.0, 0.0, 0.0, 0.0, 0.0, 1.0 ], [ 0.19509032, -0.98078525, 0.0, 0.0, 0.98078525, 0.19509032, 0.0, 0.0, 0.0, 0.0, 1.0, 0.0, 0.0, 0.0, 0.0, 1.0 ], [ 0.0, -1.0, 0.0, 0.0, 1.0, 0.0, 0.0, 0.0, 0.0, 0.0, 1.0, 0.0, 0.0, 0.0, 0.0, 1.0 ], [ -0.19509032, -0.98078525, 0.0, 0.0, 0.98078525, -0.19509032, 0.0, 0.0, 0.0, 0.0, 1.0, 0.0, 0.0, 0.0, 0.0, 1.0 ], [ -0.38268343, -0.9238795, 0.0, 0.0, 0.9238795, -0.38268343, 0.0, 0.0, 0.0, 0.0, 1.0, 0.0, 0.0, 0.0, 0.0, 1.0 ], [ -0.55557024, -0.8314696, 0.0, 0.0, 0.8314696, -0.55557024, 0.0, 0.0, 0.0, 0.0, 1.0, 0.0, 0.0, 0.0, 0.0, 1.0 ], [ -0.70710677, -0.70710677, 0.0, 0.0, 0.70710677, -0.70710677, 0.0, 0.0, 0.0, 0.0, 1.0, 0.0, 0.0, 0.0, 0.0, 1.0 ], [ -0.8314696, -0.55557024, 0.0, 0.0, 0.55557024, -0.8314696, 0.0, 0.0, 0.0, 0.0, 1.0, 0.0, 0.0, 0.0, 0.0, 1.0 ], [ -0.9238795, -0.38268343, 0.0, 0.0, 0.38268343, -0.9238795, 0.0, 0.0, 0.0, 0.0, 1.0, 0.0, 0.0, 0.0, 0.0, 1.0 ], [ -0.98078525, -0.19509032, 0.0, 0.0, 0.19509032, -0.98078525, 0.0, 0.0, 0.0, 0.0, 1.0, 0.0, 0.0, 0.0, 0.0, 1.0 ], [ -1.0, 0.0, 0.0, 0.0, 0.0, -1.0, 0.0, 0.0, 0.0, 0.0, 1.0, 0.0, 0.0, 0.0, 0.0, 1.0 ], [ -0.98078525, 0.19509032, 0.0, 0.0, -0.19509032, -0.98078525, 0.0, 0.0, 0.0, 0.0, 1.0, 0.0, 0.0, 0.0, 0.0, 1.0 ], [ -0.9238795, 0.38268343, 0.0, 0.0, -0.38268343, -0.9238795, 0.0, 0.0, 0.0, 0.0, 1.0, 0.0, 0.0, 0.0, 0.0, 1.0 ], [ -0.8314696, 0.55557024, 0.0, 0.0, -0.55557024, -0.8314696, 0.0, 0.0, 0.0, 0.0, 1.0, 0.0, 0.0, 0.0, 0.0, 1.0 ], [ -0.70710677, 0.70710677, 0.0, 0.0, -0.70710677, -0.70710677, 0.0, 0.0, 0.0, 0.0, 1.0, 0.0, 0.0, 0.0, 0.0, 1.0 ], [ -0.55557024, 0.8314696, 0.0, 0.0, -0.8314696, -0.55557024, 0.0, 0.0, 0.0, 0.0, 1.0, 0.0, 0.0, 0.0, 0.0, 1.0 ], [ -0.38268343, 0.9238795, 0.0, 0.0, -0.9238795, -0.38268343, 0.0, 0.0, 0.0, 0.0, 1.0, 0.0, 0.0, 0.0, 0.0, 1.0 ], [ -0.19509032, 0.98078525, 0.0, 0.0, -0.98078525, -0.19509032, 0.0, 0.0, 0.0, 0.0, 1.0, 0.0, 0.0, 0.0, 0.0, 1.0 ], [ 0.0, 1.0, 0.0, 0.0, -1.0, 0.0, 0.0, 0.0, 0.0, 0.0, 1.0, 0.0, 0.0, 0.0, 0.0, 1.0 ], [ 0.19509032, 0.98078525, 0.0, 0.0, -0.98078525, 0.19509032, 0.0, 0.0, 0.0, 0.0, 1.0, 0.0, 0.0, 0.0, 0.0, 1.0 ], [ 0.38268343, 0.9238795, 0.0, 0.0, -0.9238795, 0.38268343, 0.0, 0.0, 0.0, 0.0, 1.0, 0.0, 0.0, 0.0, 0.0, 1.0 ], [ 0.55557024, 0.8314696, 0.0, 0.0, -0.8314696, 0.55557024, 0.0, 0.0, 0.0, 0.0, 1.0, 0.0, 0.0, 0.0, 0.0, 1.0 ], [ 0.70710677, 0.70710677, 0.0, 0.0, -0.70710677, 0.70710677, 0.0, 0.0, 0.0, 0.0, 1.0, 0.0, 0.0, 0.0, 0.0, 1.0 ], [ 0.8314696, 0.55557024, 0.0, 0.0, -0.55557024, 0.8314696, 0.0, 0.0, 0.0, 0.0, 1.0, 0.0, 0.0, 0.0, 0.0, 1.0 ], [ 0.9238795, 0.38268343, 0.0, 0.0, -0.38268343, 0.9238795, 0.0, 0.0, 0.0, 0.0, 1.0, 0.0, 0.0, 0.0, 0.0, 1.0 ], [ 0.98078525, 0.19509032, 0.0, 0.0, -0.19509032, 0.98078525, 0.0, 0.0, 0.0, 0.0, 1.0, 0.0, 0.0, 0.0, 0.0, 1.0 ], [ 1.0, 0.0, 0.0, 0.0, 0.0, -1.0, 0.0, 0.0, 0.0, 0.0, -1.0, 0.0, 0.0, 0.0, 0.0, 1.0 ], [ 0.98078525, 0.19509032, 0.0, 0.0, 0.19509032, -0.98078525, 0.0, 0.0, 0.0, 0.0, -1.0, 0.0, 0.0, 0.0, 0.0, 1.0 ], [ 0.9238795, 0.38268343, 0.0, 0.0, 0.38268343, -0.9238795, 0.0, 0.0, 0.0, 0.0, -1.0, 0.0, 0.0, 0.0, 0.0, 1.0 ], [ 0.8314696, 0.55557024, 0.0, 0.0, 0.55557024, -0.8314696, 0.0, 0.0, 0.0, 0.0, -1.0, 0.0, 0.0, 0.0, 0.0, 1.0 ], [ 0.70710677, 0.70710677, 0.0, 0.0, 0.70710677, -0.70710677, 0.0, 0.0, 0.0, 0.0, -1.0, 0.0, 0.0, 0.0, 0.0, 1.0 ], [ 0.55557024, 0.8314696, 0.0, 0.0, 0.8314696, -0.55557024, 0.0, 0.0, 0.0, 0.0, -1.0, 0.0, 0.0, 0.0, 0.0, 1.0 ], [ 0.38268343, 0.9238795, 0.0, 0.0, 0.9238795, -0.38268343, 0.0, 0.0, 0.0, 0.0, -1.0, 0.0, 0.0, 0.0, 0.0, 1.0 ], [ 0.19509032, 0.98078525, 0.0, 0.0, 0.98078525, -0.19509032, 0.0, 0.0, 0.0, 0.0, -1.0, 0.0, 0.0, 0.0, 0.0, 1.0 ], [ 0.0, 1.0, 0.0, 0.0, 1.0, 0.0, 0.0, 0.0, 0.0, 0.0, -1.0, 0.0, 0.0, 0.0, 0.0, 1.0 ], [ -0.19509032, 0.98078525, 0.0, 0.0, 0.98078525, 0.19509032, 0.0, 0.0, 0.0, 0.0, -1.0, 0.0, 0.0, 0.0, 0.0, 1.0 ], [ -0.38268343, 0.9238795, 0.0, 0.0, 0.9238795, 0.38268343, 0.0, 0.0, 0.0, 0.0, -1.0, 0.0, 0.0, 0.0, 0.0, 1.0 ], [ -0.55557024, 0.8314696, 0.0, 0.0, 0.8314696, 0.55557024, 0.0, 0.0, 0.0, 0.0, -1.0, 0.0, 0.0, 0.0, 0.0, 1.0 ], [ -0.70710677, 0.70710677, 0.0, 0.0, 0.70710677, 0.70710677, 0.0, 0.0, 0.0, 0.0, -1.0, 0.0, 0.0, 0.0, 0.0, 1.0 ], [ -0.8314696, 0.55557024, 0.0, 0.0, 0.55557024, 0.8314696, 0.0, 0.0, 0.0, 0.0, -1.0, 0.0, 0.0, 0.0, 0.0, 1.0 ], [ -0.9238795, 0.38268343, 0.0, 0.0, 0.38268343, 0.9238795, 0.0, 0.0, 0.0, 0.0, -1.0, 0.0, 0.0, 0.0, 0.0, 1.0 ], [ -0.98078525, 0.19509032, 0.0, 0.0, 0.19509032, 0.98078525, 0.0, 0.0, 0.0, 0.0, -1.0, 0.0, 0.0, 0.0, 0.0, 1.0 ], [ -1.0, 0.0, 0.0, 0.0, 0.0, 1.0, 0.0, 0.0, 0.0, 0.0, -1.0, 0.0, 0.0, 0.0, 0.0, 1.0 ], [ -0.98078525, -0.19509032, 0.0, 0.0, -0.19509032, 0.98078525, 0.0, 0.0, 0.0, 0.0, -1.0, 0.0, 0.0, 0.0, 0.0, 1.0 ], [ -0.9238795, -0.38268343, 0.0, 0.0, -0.38268343, 0.9238795, 0.0, 0.0, 0.0, 0.0, -1.0, 0.0, 0.0, 0.0, 0.0, 1.0 ], [ -0.8314696, -0.55557024, 0.0, 0.0, -0.55557024, 0.8314696, 0.0, 0.0, 0.0, 0.0, -1.0, 0.0, 0.0, 0.0, 0.0, 1.0 ], [ -0.70710677, -0.70710677, 0.0, 0.0, -0.70710677, 0.70710677, 0.0, 0.0, 0.0, 0.0, -1.0, 0.0, 0.0, 0.0, 0.0, 1.0 ], [ -0.55557024, -0.8314696, 0.0, 0.0, -0.8314696, 0.55557024, 0.0, 0.0, 0.0, 0.0, -1.0, 0.0, 0.0, 0.0, 0.0, 1.0 ], [ -0.38268343, -0.9238795, 0.0, 0.0, -0.9238795, 0.38268343, 0.0, 0.0, 0.0, 0.0, -1.0, 0.0, 0.0, 0.0, 0.0, 1.0 ], [ -0.19509032, -0.98078525, 0.0, 0.0, -0.98078525, 0.19509032, 0.0, 0.0, 0.0, 0.0, -1.0, 0.0, 0.0, 0.0, 0.0, 1.0 ], [ 0.0, -1.0, 0.0, 0.0, -1.0, 0.0, 0.0, 0.0, 0.0, 0.0, -1.0, 0.0, 0.0, 0.0, 0.0, 1.0 ], [ 0.19509032, -0.98078525, 0.0, 0.0, -0.98078525, -0.19509032, 0.0, 0.0, 0.0, 0.0, -1.0, 0.0, 0.0, 0.0, 0.0, 1.0 ], [ 0.38268343, -0.9238795, 0.0, 0.0, -0.9238795, -0.38268343, 0.0, 0.0, 0.0, 0.0, -1.0, 0.0, 0.0, 0.0, 0.0, 1.0 ], [ 0.55557024, -0.8314696, 0.0, 0.0, -0.8314696, -0.55557024, 0.0, 0.0, 0.0, 0.0, -1.0, 0.0, 0.0, 0.0, 0.0, 1.0 ], [ 0.70710677, -0.70710677, 0.0, 0.0, -0.70710677, -0.70710677, 0.0, 0.0, 0.0, 0.0, -1.0, 0.0, 0.0, 0.0, 0.0, 1.0 ], [ 0.8314696, -0.55557024, 0.0, 0.0, -0.55557024, -0.8314696, 0.0, 0.0, 0.0, 0.0, -1.0, 0.0, 0.0, 0.0, 0.0, 1.0 ], [ 0.9238795, -0.38268343, 0.0, 0.0, -0.38268343, -0.9238795, 0.0, 0.0, 0.0, 0.0, -1.0, 0.0, 0.0, 0.0, 0.0, 1.0 ], [ 0.98078525, -0.19509032, 0.0, 0.0, -0.19509032, -0.98078525, 0.0, 0.0, 0.0, 0.0, -1.0, 0.0, 0.0, 0.0, 0.0, 1.0 ] ],
  "lights" : {
    "ambientColor" : "#292929",
    "backgroundColor" : "#AFC8DC",
    "directionalLights" : [ {
      "direction" : [ 1.0, -1.0, -1.0 ],
      "color" : "#EBEBE4"
    }, {
      "direction" : [ -1.0, 0.0, 0.0 ],
      "color" : "#E4E4EB"
    }, {
      "direction" : [ 0.0, 0.0, -1.0 ],
      "color" : "#1E1E1E"
    } ]
  },
  "camera" : {
    "lookDirection" : {
      "x" : 0.0,
      "y" : 0.0,
      "z" : -1.0
    },
    "upDirection" : {
      "x" : 0.0,
      "y" : 1.0,
      "z" : 0.0
    },
    "lookAtPoint" : {
      "x" : 0.0,
      "y" : 0.0,
      "z" : 0.0
    },
    "fieldOfView" : 0.4426306,
    "perspective" : false,
    "nearClipDistance" : 0.24109027,
    "viewDistance" : 96.43599,
    "farClipDistance" : 192.87247,
    "stereo" : false,
    "width" : 43.396366,
    "position" : {
      "x" : 0.0,
      "y" : 0.0,
      "z" : 96.43599
    }
  },
  "embedding" : [ 1.0, 0.0, 0.0, 0.0, 0.0, 1.0, 0.0, 0.0, 0.0, 0.0, 1.0, 0.0, 0.0, 0.0, 0.0, 1.0 ],
  "shapes" : [ {
    "id" : "935a1c83-37b0-4140-b75e-dad668dcf9c8",
    "vertices" : [ {
      "x" : 2.3660471,
      "y" : -3.1414924,
      "z" : -6.848161
    }, {
      "x" : 1.9660472,
      "y" : -3.2414923,
      "z" : -6.948161
    }, {
      "x" : 0.05119847,
      "y" : -0.47617137,
      "z" : -0.4938178
    }, {
      "x" : 0.45119846,
      "y" : -0.37617135,
      "z" : -0.39381778
    }, {
      "x" : 2.0993805,
      "y" : -3.5414925,
      "z" : -6.7148275
    }, {
      "x" : 2.4993806,
      "y" : -3.4414923,
      "z" : -6.6148276
    }, {
      "x" : 0.31786513,
      "y" : -0.07617136,
      "z" : -0.62715113
    }, {
      "x" : -0.082134865,
      "y" : -0.17617136,
      "z" : -0.72715116
    } ],
    "faces" : [ {
      "vertices" : [ 2, 3, 6 ]
    }, {
      "vertices" : [ 2, 6, 7 ]
    }, {
      "vertices" : [ 0, 5, 4 ]
    }, {
      "vertices" : [ 0, 4, 1 ]
    }, {
      "vertices" : [ 2, 4, 5 ]
    }, {
      "vertices" : [ 2, 5, 3 ]
    }, {
      "vertices" : [ 0, 6, 3 ]
    }, {
      "vertices" : [ 0, 3, 5 ]
    }, {
      "vertices" : [ 0, 1, 7 ]
    }, {
      "vertices" : [ 0, 7, 6 ]
    }, {
      "vertices" : [ 1, 4, 2 ]
    }, {
      "vertices" : [ 1, 2, 7 ]
    } ]
  }, {
    "id" : "15e811b3-9d18-40b6-ad5c-b19176c87fab",
    "vertices" : [ {
      "x" : 5.575529,
      "y" : -2.30946,
      "z" : -9.705898
    }, {
      "x" : 11.151058,
      "y" : 0.0,
      "z" : -3.6709895
    }, {
      "x" : 7.8849893,
      "y" : -7.8849893,
      "z" : -3.6709895
    } ],
    "faces" : [ {
      "vertices" : [ 0, 1, 2 ]
    }, {
      "vertices" : [ 0, 2, 1 ]
    } ]
  }, {
    "id" : "63d173a9-4504-4f33-97bc-f2fb76f1c998",
    "vertices" : [ {
      "x" : 1.0,
      "y" : 0.0,
      "z" : 0.09801714
    }, {
      "x" : 0.9951847,
      "y" : 0.09801714,
      "z" : -0.09801714
    }, {
      "x" : 0.98078525,
      "y" : 0.19509032,
      "z" : 0.09801714
    }, {
      "x" : 0.95694035,
      "y" : 0.29028466,
      "z" : -0.09801714
    }, {
      "x" : 0.9238795,
      "y" : 0.38268343,
      "z" : 0.09801714
    }, {
      "x" : 0.8819213,
      "y" : 0.47139674,
      "z" : -0.09801714
    }, {
      "x" : 0.8314696,
      "y" : 0.55557024,
      "z" : 0.09801714
    }, {
      "x" : 0.77301043,
      "y" : 0.6343933,
      "z" : -0.09801714
    }, {
      "x" : 0.70710677,
      "y" : 0.70710677,
      "z" : 0.09801714
    }, {
      "x" : 0.6343933,
      "y" : 0.77301043,
      "z" : -0.09801714
    }, {
      "x" : 0.55557024,
      "y" : 0.8314696,
      "z" : 0.09801714
    }, {
      "x" : 0.47139674,
      "y" : 0.8819213,
      "z" : -0.09801714
    }, {
      "x" : 0.38268343,
      "y" : 0.9238795,
      "z" : 0.09801714
    }, {
      "x" : 0.29028466,
      "y" : 0.95694035,
      "z" : -0.09801714
    }, {
      "x" : 0.19509032,
      "y" : 0.98078525,
      "z" : 0.09801714
    }, {
      "x" : 0.09801714,
      "y" : 0.9951847,
      "z" : -0.09801714
    }, {
      "x" : 0.0,
      "y" : 1.0,
      "z" : 0.09801714
    }, {
      "x" : -0.09801714,
      "y" : 0.9951847,
      "z" : -0.09801714
    }, {
      "x" : -0.19509032,
      "y" : 0.98078525,
      "z" : 0.09801714
    }, {
      "x" : -0.29028466,
      "y" : 0.95694035,
      "z" : -0.09801714
    }, {
      "x" : -0.38268343,
      "y" : 0.9238795,
      "z" : 0.09801714
    }, {
      "x" : -0.47139674,
      "y" : 0.8819213,
      "z" : -0.09801714
    }, {
      "x" : -0.55557024,
      "y" : 0.8314696,
      "z" : 0.09801714
    }, {
      "x" : -0.6343933,
      "y" : 0.77301043,
      "z" : -0.09801714
    }, {
      "x" : -0.70710677,
      "y" : 0.70710677,
      "z" : 0.09801714
    }, {
      "x" : -0.77301043,
      "y" : 0.6343933,
      "z" : -0.09801714
    }, {
      "x" : -0.8314696,
      "y" : 0.55557024,
      "z" : 0.09801714
    }, {
      "x" : -0.8819213,
      "y" : 0.47139674,
      "z" : -0.09801714
    }, {
      "x" : -0.9238795,
      "y" : 0.38268343,
      "z" : 0.09801714
    }, {
      "x" : -0.95694035,
      "y" : 0.29028466,
      "z" : -0.09801714
    }, {
      "x" : -0.98078525,
      "y" : 0.19509032,
      "z" : 0.09801714
    }, {
      "x" : -0.9951847,
      "y" : 0.09801714,
      "z" : -0.09801714
    }, {
      "x" : -1.0,
      "y" : 0.0,
      "z" : 0.09801714
    }, {
      "x" : -0.9951847,
      "y" : -0.09801714,
      "z" : -0.09801714
    }, {
      "x" : -0.98078525,
      "y" : -0.19509032,
      "z" : 0.09801714
    }, {
      "x" : -0.95694035,
      "y" : -0.29028466,
      "z" : -0.09801714
    }, {
      "x" : -0.9238795,
      "y" : -0.38268343,
      "z" : 0.09801714
    }, {
      "x" : -0.8819213,
      "y" : -0.47139674,
      "z" : -0.09801714
    }, {
      "x" : -0.8314696,
      "y" : -0.55557024,
      "z" : 0.09801714
    }, {
      "x" : -0.77301043,
      "y" : -0.6343933,
      "z" : -0.09801714
    }, {
      "x" : -0.70710677,
      "y" : -0.70710677,
      "z" : 0.09801714
    }, {
      "x" : -0.6343933,
      "y" : -0.77301043,
      "z" : -0.09801714
    }, {
      "x" : -0.55557024,
      "y" : -0.8314696,
      "z" : 0.09801714
    }, {
      "x" : -0.47139674,
      "y" : -0.8819213,
      "z" : -0.09801714
    }, {
      "x" : -0.38268343,
      "y" : -0.9238795,
      "z" : 0.09801714
    }, {
      "x" : -0.29028466,
      "y" : -0.95694035,
      "z" : -0.09801714
    }, {
      "x" : -0.19509032,
      "y" : -0.98078525,
      "z" : 0.09801714
    }, {
      "x" : -0.09801714,
      "y" : -0.9951847,
      "z" : -0.09801714
    }, {
      "x" : 0.0,
      "y" : -1.0,
      "z" : 0.09801714
    }, {
      "x" : 0.09801714,
      "y" : -0.9951847,
      "z" : -0.09801714
    }, {
      "x" : 0.19509032,
      "y" : -0.98078525,
      "z" : 0.09801714
    }, {
      "x" : 0.29028466,
      "y" : -0.95694035,
      "z" : -0.09801714
    }, {
      "x" : 0.38268343,
      "y" : -0.9238795,
      "z" : 0.09801714
    }, {
      "x" : 0.47139674,
      "y" : -0.8819213,
      "z" : -0.09801714
    }, {
      "x" : 0.55557024,
      "y" : -0.8314696,
      "z" : 0.09801714
    }, {
      "x" : 0.6343933,
      "y" : -0.77301043,
      "z" : -0.09801714
    }, {
      "x" : 0.70710677,
      "y" : -0.70710677,
      "z" : 0.09801714
    }, {
      "x" : 0.77301043,
      "y" : -0.6343933,
      "z" : -0.09801714
    }, {
      "x" : 0.8314696,
      "y" : -0.55557024,
      "z" : 0.09801714
    }, {
      "x" : 0.8819213,
      "y" : -0.47139674,
      "z" : -0.09801714
    }, {
      "x" : 0.9238795,
      "y" : -0.38268343,
      "z" : 0.09801714
    }, {
      "x" : 0.95694035,
      "y" : -0.29028466,
      "z" : -0.09801714
    }, {
      "x" : 0.98078525,
      "y" : -0.19509032,
      "z" : 0.09801714
    }, {
      "x" : 0.9951847,
      "y" : -0.09801714,
      "z" : -0.09801714
    } ],
    "faces" : [ {
      "vertices" : [ 1, 63, 61 ]
    }, {
      "vertices" : [ 1, 61, 59 ]
    }, {
      "vertices" : [ 1, 59, 57 ]
    }, {
      "vertices" : [ 1, 57, 55 ]
    }, {
      "vertices" : [ 1, 55, 53 ]
    }, {
      "vertices" : [ 1, 53, 51 ]
    }, {
      "vertices" : [ 1, 51, 49 ]
    }, {
      "vertices" : [ 1, 49, 47 ]
    }, {
      "vertices" : [ 1, 47, 45 ]
    }, {
      "vertices" : [ 1, 45, 43 ]
    }, {
      "vertices" : [ 1, 43, 41 ]
    }, {
      "vertices" : [ 1, 41, 39 ]
    }, {
      "vertices" : [ 1, 39, 37 ]
    }, {
      "vertices" : [ 1, 37, 35 ]
    }, {
      "vertices" : [ 1, 35, 33 ]
    }, {
      "vertices" : [ 1, 33, 31 ]
    }, {
      "vertices" : [ 1, 31, 29 ]
    }, {
      "vertices" : [ 1, 29, 27 ]
    }, {
      "vertices" : [ 1, 27, 25 ]
    }, {
      "vertices" : [ 1, 25, 23 ]
    }, {
      "vertices" : [ 1, 23, 21 ]
    }, {
      "vertices" : [ 1, 21, 19 ]
    }, {
      "vertices" : [ 1, 19, 17 ]
    }, {
      "vertices" : [ 1, 17, 15 ]
    }, {
      "vertices" : [ 1, 15, 13 ]
    }, {
      "vertices" : [ 1, 13, 11 ]
    }, {
      "vertices" : [ 1, 11, 9 ]
    }, {
      "vertices" : [ 1, 9, 7 ]
    }, {
      "vertices" : [ 1, 7, 5 ]
    }, {
      "vertices" : [ 1, 5, 3 ]
    }, {
      "vertices" : [ 42, 43, 44 ]
    }, {
      "vertices" : [ 0, 1, 2 ]
    }, {
      "vertices" : [ 43, 45, 44 ]
    }, {
      "vertices" : [ 1, 3, 2 ]
    }, {
      "vertices" : [ 44, 45, 46 ]
    }, {
      "vertices" : [ 2, 3, 4 ]
    }, {
      "vertices" : [ 45, 47, 46 ]
    }, {
      "vertices" : [ 3, 5, 4 ]
    }, {
      "vertices" : [ 46, 47, 48 ]
    }, {
      "vertices" : [ 4, 5, 6 ]
    }, {
      "vertices" : [ 47, 49, 48 ]
    }, {
      "vertices" : [ 5, 7, 6 ]
    }, {
      "vertices" : [ 48, 49, 50 ]
    }, {
      "vertices" : [ 6, 7, 8 ]
    }, {
      "vertices" : [ 49, 51, 50 ]
    }, {
      "vertices" : [ 7, 9, 8 ]
    }, {
      "vertices" : [ 50, 51, 52 ]
    }, {
      "vertices" : [ 8, 9, 10 ]
    }, {
      "vertices" : [ 51, 53, 52 ]
    }, {
      "vertices" : [ 9, 11, 10 ]
    }, {
      "vertices" : [ 52, 53, 54 ]
    }, {
      "vertices" : [ 10, 11, 12 ]
    }, {
      "vertices" : [ 53, 55, 54 ]
    }, {
      "vertices" : [ 11, 13, 12 ]
    }, {
      "vertices" : [ 54, 55, 56 ]
    }, {
      "vertices" : [ 12, 13, 14 ]
    }, {
      "vertices" : [ 55, 57, 56 ]
    }, {
      "vertices" : [ 13, 15, 14 ]
    }, {
      "vertices" : [ 56, 57, 58 ]
    }, {
      "vertices" : [ 14, 15, 16 ]
    }, {
      "vertices" : [ 57, 59, 58 ]
    }, {
      "vertices" : [ 15, 17, 16 ]
    }, {
      "vertices" : [ 58, 59, 60 ]
    }, {
      "vertices" : [ 16, 17, 18 ]
    }, {
      "vertices" : [ 59, 61, 60 ]
    }, {
      "vertices" : [ 17, 19, 18 ]
    }, {
      "vertices" : [ 60, 61, 62 ]
    }, {
      "vertices" : [ 18, 19, 20 ]
    }, {
      "vertices" : [ 61, 63, 62 ]
    }, {
      "vertices" : [ 19, 21, 20 ]
    }, {
      "vertices" : [ 20, 21, 22 ]
    }, {
      "vertices" : [ 0, 63, 1 ]
    }, {
      "vertices" : [ 21, 23, 22 ]
    }, {
      "vertices" : [ 22, 23, 24 ]
    }, {
      "vertices" : [ 23, 25, 24 ]
    }, {
      "vertices" : [ 24, 25, 26 ]
    }, {
      "vertices" : [ 25, 27, 26 ]
    }, {
      "vertices" : [ 26, 27, 28 ]
    }, {
      "vertices" : [ 27, 29, 28 ]
    }, {
      "vertices" : [ 28, 29, 30 ]
    }, {
      "vertices" : [ 29, 31, 30 ]
    }, {
      "vertices" : [ 30, 31, 32 ]
    }, {
      "vertices" : [ 0, 2, 4 ]
    }, {
      "vertices" : [ 0, 4, 6 ]
    }, {
      "vertices" : [ 0, 6, 8 ]
    }, {
      "vertices" : [ 0, 8, 10 ]
    }, {
      "vertices" : [ 0, 10, 12 ]
    }, {
      "vertices" : [ 0, 12, 14 ]
    }, {
      "vertices" : [ 0, 14, 16 ]
    }, {
      "vertices" : [ 0, 16, 18 ]
    }, {
      "vertices" : [ 0, 18, 20 ]
    }, {
      "vertices" : [ 0, 20, 22 ]
    }, {
      "vertices" : [ 0, 22, 24 ]
    }, {
      "vertices" : [ 0, 24, 26 ]
    }, {
      "vertices" : [ 0, 26, 28 ]
    }, {
      "vertices" : [ 0, 28, 30 ]
    }, {
      "vertices" : [ 0, 30, 32 ]
    }, {
      "vertices" : [ 0, 32, 34 ]
    }, {
      "vertices" : [ 0, 34, 36 ]
    }, {
      "vertices" : [ 0, 36, 38 ]
    }, {
      "vertices" : [ 0, 38, 40 ]
    }, {
      "vertices" : [ 0, 40, 42 ]
    }, {
      "vertices" : [ 0, 42, 44 ]
    }, {
      "vertices" : [ 0, 44, 46 ]
    }, {
      "vertices" : [ 0, 46, 48 ]
    }, {
      "vertices" : [ 0, 48, 50 ]
    }, {
      "vertices" : [ 0, 50, 52 ]
    }, {
      "vertices" : [ 0, 52, 54 ]
    }, {
      "vertices" : [ 0, 54, 56 ]
    }, {
      "vertices" : [ 0, 56, 58 ]
    }, {
      "vertices" : [ 0, 58, 60 ]
    }, {
      "vertices" : [ 0, 60, 62 ]
    }, {
      "vertices" : [ 31, 33, 32 ]
    }, {
      "vertices" : [ 32, 33, 34 ]
    }, {
      "vertices" : [ 33, 35, 34 ]
    }, {
      "vertices" : [ 34, 35, 36 ]
    }, {
      "vertices" : [ 35, 37, 36 ]
    }, {
      "vertices" : [ 36, 37, 38 ]
    }, {
      "vertices" : [ 37, 39, 38 ]
    }, {
      "vertices" : [ 38, 39, 40 ]
    }, {
      "vertices" : [ 39, 41, 40 ]
    }, {
      "vertices" : [ 40, 41, 42 ]
    }, {
      "vertices" : [ 0, 62, 63 ]
    }, {
      "vertices" : [ 41, 43, 42 ]
    } ]
  }, {
    "id" : "62df4faf-f900-4c0e-8c45-c9cdcf818491",
    "vertices" : [ {
      "x" : 7.901317,
      "y" : -0.1,
      "z" : -0.26666668
    }, {
      "x" : 7.801317,
      "y" : -0.2,
      "z" : 0.13333334
    }, {
      "x" : 0.6333333,
      "y" : 0.1,
      "z" : 0.26666668
    }, {
      "x" : 0.73333335,
      "y" : 0.2,
      "z" : -0.13333334
    }, {
      "x" : 7.567984,
      "y" : 0.1,
      "z" : 0.26666668
    }, {
      "x" : 7.667984,
      "y" : 0.2,
      "z" : -0.13333334
    }, {
      "x" : 0.96666664,
      "y" : -0.1,
      "z" : -0.26666668
    }, {
      "x" : 0.8666667,
      "y" : -0.2,
      "z" : 0.13333334
    } ],
    "faces" : [ {
      "vertices" : [ 2, 3, 6 ]
    }, {
      "vertices" : [ 2, 6, 7 ]
    }, {
      "vertices" : [ 0, 5, 4 ]
    }, {
      "vertices" : [ 0, 4, 1 ]
    }, {
      "vertices" : [ 2, 4, 5 ]
    }, {
      "vertices" : [ 2, 5, 3 ]
    }, {
      "vertices" : [ 0, 6, 3 ]
    }, {
      "vertices" : [ 0, 3, 5 ]
    }, {
      "vertices" : [ 0, 1, 7 ]
    }, {
      "vertices" : [ 0, 7, 6 ]
    }, {
      "vertices" : [ 1, 4, 2 ]
    }, {
      "vertices" : [ 1, 2, 7 ]
    } ]
  }, {
    "id" : "49c029ef-852f-45b8-9dde-960127407853",
    "vertices" : [ {
      "x" : -10.302235,
      "y" : -4.2673254,
      "z" : 3.6709895
    }, {
      "x" : -11.151058,
      "y" : 0.0,
      "z" : -3.6709895
    }, {
      "x" : -7.8849893,
      "y" : -7.8849893,
      "z" : -3.6709895
    } ],
    "faces" : [ {
      "vertices" : [ 0, 1, 2 ]
    }, {
      "vertices" : [ 0, 2, 1 ]
    } ]
  }, {
    "id" : "e12cc255-94e3-42c2-b883-79a74afe5636",
    "vertices" : [ {
      "x" : 0.0,
      "y" : -11.151058,
      "z" : -3.6709895
    }, {
      "x" : -7.8849893,
      "y" : -7.8849893,
      "z" : -3.6709895
    }, {
      "x" : -2.30946,
      "y" : -5.575529,
      "z" : -9.705898
    } ],
    "faces" : [ {
      "vertices" : [ 0, 1, 2 ]
    }, {
      "vertices" : [ 0, 2, 1 ]
    } ]
  }, {
    "id" : "637983c5-850e-45d6-b5d1-06acd4d36995",
    "vertices" : [ {
      "x" : -10.302235,
      "y" : 4.2673254,
      "z" : 3.6709895
    }, {
      "x" : -6.0349092,
      "y" : 0.0,
      "z" : 9.705898
    }, {
      "x" : 0.0,
      "y" : 6.0349092,
      "z" : 9.705898
    }, {
      "x" : -4.2673254,
      "y" : 10.302235,
      "z" : 3.6709895
    } ],
    "faces" : [ {
      "vertices" : [ 0, 1, 2 ]
    }, {
      "vertices" : [ 0, 2, 3 ]
    }, {
      "vertices" : [ 0, 3, 2 ]
    }, {
      "vertices" : [ 0, 2, 1 ]
    } ]
  }, {
    "id" : "4349e9f4-6bb8-4149-95cc-ea9bf2a62653",
    "vertices" : [ {
      "x" : 5.701576,
      "y" : -0.26666668,
      "z" : -5.4349093
    }, {
      "x" : 5.601576,
      "y" : 0.13333334,
      "z" : -5.3349094
    }, {
      "x" : 0.33333334,
      "y" : 0.26666668,
      "z" : -0.6
    }, {
      "x" : 0.43333334,
      "y" : -0.13333334,
      "z" : -0.7
    }, {
      "x" : 5.3682427,
      "y" : 0.26666668,
      "z" : -5.634909
    }, {
      "x" : 5.4682426,
      "y" : -0.13333334,
      "z" : -5.7349095
    }, {
      "x" : 0.6666667,
      "y" : -0.26666668,
      "z" : -0.4
    }, {
      "x" : 0.56666666,
      "y" : 0.13333334,
      "z" : -0.3
    } ],
    "faces" : [ {
      "vertices" : [ 2, 3, 6 ]
    }, {
      "vertices" : [ 2, 6, 7 ]
    }, {
      "vertices" : [ 0, 5, 4 ]
    }, {
      "vertices" : [ 0, 4, 1 ]
    }, {
      "vertices" : [ 2, 4, 5 ]
    }, {
      "vertices" : [ 2, 5, 3 ]
    }, {
      "vertices" : [ 0, 6, 3 ]
    }, {
      "vertices" : [ 0, 3, 5 ]
    }, {
      "vertices" : [ 0, 1, 7 ]
    }, {
      "vertices" : [ 0, 7, 6 ]
    }, {
      "vertices" : [ 1, 4, 2 ]
    }, {
      "vertices" : [ 1, 2, 7 ]
    } ]
  }, {
    "id" : "8f6b4114-3f45-4944-b9f9-f00b400feb2f",
    "vertices" : [ {
      "x" : -7.8849893,
      "y" : 7.8849893,
      "z" : -3.6709895
    }, {
      "x" : 0.0,
      "y" : 11.151058,
      "z" : -3.6709895
    }, {
      "x" : 2.30946,
      "y" : 5.575529,
      "z" : -9.705898
    }, {
      "x" : -5.575529,
      "y" : 2.30946,
      "z" : -9.705898
    } ],
    "faces" : [ {
      "vertices" : [ 0, 1, 2 ]
    }, {
      "vertices" : [ 0, 2, 3 ]
    }, {
      "vertices" : [ 0, 3, 2 ]
    }, {
      "vertices" : [ 0, 2, 1 ]
    } ]
  }, {
    "id" : "c0a35aaf-4ea2-4d65-a1f6-ec318dfe542f",
    "vertices" : [ {
      "x" : -7.8849893,
      "y" : 7.8849893,
      "z" : -3.6709895
    }, {
      "x" : -10.302235,
      "y" : 4.2673254,
      "z" : 3.6709895
    }, {
      "x" : -4.2673254,
      "y" : 10.302235,
      "z" : 3.6709895
    } ],
    "faces" : [ {
      "vertices" : [ 0, 1, 2 ]
    }, {
      "vertices" : [ 0, 2, 1 ]
    } ]
  }, {
    "id" : "49fee22e-61b5-44a1-a674-26909d44307c",
    "vertices" : [ {
      "x" : 7.903586,
      "y" : -0.1,
      "z" : -0.26666668
    }, {
      "x" : 7.803586,
      "y" : -0.2,
      "z" : 0.13333334
    }, {
      "x" : 0.6333333,
      "y" : 0.1,
      "z" : 0.26666668
    }, {
      "x" : 0.73333335,
      "y" : 0.2,
      "z" : -0.13333334
    }, {
      "x" : 7.570253,
      "y" : 0.1,
      "z" : 0.26666668
    }, {
      "x" : 7.670253,
      "y" : 0.2,
      "z" : -0.13333334
    }, {
      "x" : 0.96666664,
      "y" : -0.1,
      "z" : -0.26666668
    }, {
      "x" : 0.8666667,
      "y" : -0.2,
      "z" : 0.13333334
    } ],
    "faces" : [ {
      "vertices" : [ 2, 3, 6 ]
    }, {
      "vertices" : [ 2, 6, 7 ]
    }, {
      "vertices" : [ 0, 5, 4 ]
    }, {
      "vertices" : [ 0, 4, 1 ]
    }, {
      "vertices" : [ 2, 4, 5 ]
    }, {
      "vertices" : [ 2, 5, 3 ]
    }, {
      "vertices" : [ 0, 6, 3 ]
    }, {
      "vertices" : [ 0, 3, 5 ]
    }, {
      "vertices" : [ 0, 1, 7 ]
    }, {
      "vertices" : [ 0, 7, 6 ]
    }, {
      "vertices" : [ 1, 4, 2 ]
    }, {
      "vertices" : [ 1, 2, 7 ]
    } ]
  }, {
    "id" : "f0068b2f-dc64-457b-b223-c9c72f3fdeb3",
    "vertices" : [ {
      "x" : 6.0349092,
      "y" : 0.0,
      "z" : 9.705898
    }, {
      "x" : 0.0,
      "y" : -6.0349092,
      "z" : 9.705898
    }, {
      "x" : 4.2673254,
      "y" : -10.302235,
      "z" : 3.6709895
    }, {
      "x" : 10.302235,
      "y" : -4.2673254,
      "z" : 3.6709895
    } ],
    "faces" : [ {
      "vertices" : [ 0, 1, 2 ]
    }, {
      "vertices" : [ 0, 2, 3 ]
    }, {
      "vertices" : [ 0, 3, 2 ]
    }, {
      "vertices" : [ 0, 2, 1 ]
    } ]
  }, {
    "id" : "a0b9aa79-76c6-444f-ba69-45478993a0ef",
    "vertices" : [ {
      "x" : 5.575529,
      "y" : -2.30946,
      "z" : -9.705898
    }, {
      "x" : 7.8849893,
      "y" : -7.8849893,
      "z" : -3.6709895
    }, {
      "x" : 0.0,
      "y" : -11.151058,
      "z" : -3.6709895
    }, {
      "x" : -2.30946,
      "y" : -5.575529,
      "z" : -9.705898
    } ],
    "faces" : [ {
      "vertices" : [ 0, 1, 2 ]
    }, {
      "vertices" : [ 0, 2, 3 ]
    }, {
      "vertices" : [ 0, 3, 2 ]
    }, {
      "vertices" : [ 0, 2, 1 ]
    } ]
  }, {
    "id" : "68185895-00a4-4414-b599-9bd5b2d433f8",
    "vertices" : [ {
      "x" : 5.575529,
      "y" : -2.30946,
      "z" : -9.705898
    }, {
      "x" : 2.30946,
      "y" : 5.575529,
      "z" : -9.705898
    }, {
      "x" : 7.8849893,
      "y" : 7.8849893,
      "z" : -3.6709895
    }, {
      "x" : 11.151058,
      "y" : 0.0,
      "z" : -3.6709895
    } ],
    "faces" : [ {
      "vertices" : [ 0, 1, 2 ]
    }, {
      "vertices" : [ 0, 2, 3 ]
    }, {
      "vertices" : [ 0, 3, 2 ]
    }, {
      "vertices" : [ 0, 2, 1 ]
    } ]
  }, {
    "id" : "fe17aa87-b885-4f7f-a05b-28aaf17c5f07",
    "vertices" : [ {
      "x" : -7.8849893,
      "y" : 7.8849893,
      "z" : -3.6709895
    }, {
      "x" : -5.575529,
      "y" : 2.30946,
      "z" : -9.705898
    }, {
      "x" : -11.151058,
      "y" : 0.0,
      "z" : -3.6709895
    } ],
    "faces" : [ {
      "vertices" : [ 0, 1, 2 ]
    }, {
      "vertices" : [ 0, 2, 1 ]
    } ]
  }, {
    "id" : "fce68bdb-19f0-4343-b757-9b08e70d302c",
    "vertices" : [ {
      "x" : 4.2673254,
      "y" : -10.302235,
      "z" : 3.6709895
    }, {
      "x" : 7.8849893,
      "y" : -7.8849893,
      "z" : -3.6709895
    }, {
      "x" : 10.302235,
      "y" : -4.2673254,
      "z" : 3.6709895
    } ],
    "faces" : [ {
      "vertices" : [ 0, 1, 2 ]
    }, {
      "vertices" : [ 0, 2, 1 ]
    } ]
  }, {
    "id" : "2ecfcfe9-ad84-4fec-b891-9e880de6a9ba",
    "vertices" : [ {
      "x" : 4.2673254,
      "y" : 10.302235,
      "z" : 3.6709895
    }, {
      "x" : 7.8849893,
      "y" : 7.8849893,
      "z" : -3.6709895
    }, {
      "x" : 0.0,
      "y" : 11.151058,
      "z" : -3.6709895
    } ],
    "faces" : [ {
      "vertices" : [ 0, 1, 2 ]
    }, {
      "vertices" : [ 0, 2, 1 ]
    } ]
  }, {
    "id" : "a436ec08-62d1-4064-b835-6cd6dbe1587e",
    "vertices" : [ {
      "x" : 4.2673254,
      "y" : -10.302235,
      "z" : 3.6709895
    }, {
      "x" : 0.0,
      "y" : -6.0349092,
      "z" : 9.705898
    }, {
      "x" : -4.2673254,
      "y" : -10.302235,
      "z" : 3.6709895
    } ],
    "faces" : [ {
      "vertices" : [ 0, 1, 2 ]
    }, {
      "vertices" : [ 0, 2, 1 ]
    } ]
  }, {
    "id" : "32124cb0-981b-4db7-8045-de81b5102d87",
    "vertices" : [ {
      "x" : 0.0,
      "y" : -6.0349092,
      "z" : 9.705898
    }, {
      "x" : -6.0349092,
      "y" : 0.0,
      "z" : 9.705898
    }, {
      "x" : -10.302235,
      "y" : -4.2673254,
      "z" : 3.6709895
    }, {
      "x" : -4.2673254,
      "y" : -10.302235,
      "z" : 3.6709895
    } ],
    "faces" : [ {
      "vertices" : [ 0, 1, 2 ]
    }, {
      "vertices" : [ 0, 2, 3 ]
    }, {
      "vertices" : [ 0, 3, 2 ]
    }, {
      "vertices" : [ 0, 2, 1 ]
    } ]
  }, {
    "id" : "a609dc8c-f818-44f3-919c-68df4a7d5cf9",
    "vertices" : [ {
      "x" : 7.8849893,
      "y" : 7.8849893,
      "z" : -3.6709895
    }, {
      "x" : 10.302235,
      "y" : 4.2673254,
      "z" : 3.6709895
    }, {
      "x" : 11.151058,
      "y" : 0.0,
      "z" : -3.6709895
    } ],
    "faces" : [ {
      "vertices" : [ 0, 1, 2 ]
    }, {
      "vertices" : [ 0, 2, 1 ]
    } ]
  }, {
    "id" : "0ab2ff55-3b0c-4e0e-bc49-eeaee23ca16e",
    "vertices" : [ {
      "x" : 0.0,
      "y" : -11.151058,
      "z" : -3.6709895
    }, {
      "x" : -4.2673254,
      "y" : -10.302235,
      "z" : 3.6709895
    }, {
      "x" : -7.8849893,
      "y" : -7.8849893,
      "z" : -3.6709895
    } ],
    "faces" : [ {
      "vertices" : [ 0, 1, 2 ]
    }, {
      "vertices" : [ 0, 2, 1 ]
    } ]
  }, {
    "id" : "1c68e282-1677-41dc-b55e-875a9819c92e",
    "vertices" : [ {
      "x" : 7.8849893,
      "y" : -7.8849893,
      "z" : -3.6709895
    }, {
      "x" : 11.151058,
      "y" : 0.0,
      "z" : -3.6709895
    }, {
      "x" : 10.302235,
      "y" : -4.2673254,
      "z" : 3.6709895
    } ],
    "faces" : [ {
      "vertices" : [ 0, 1, 2 ]
    }, {
      "vertices" : [ 0, 2, 1 ]
    } ]
  }, {
    "id" : "fc6244c3-51dd-4faf-a179-b8511d77702b",
    "vertices" : [ {
      "x" : -7.8849893,
      "y" : 7.8849893,
      "z" : -3.6709895
    }, {
      "x" : -4.2673254,
      "y" : 10.302235,
      "z" : 3.6709895
    }, {
      "x" : 0.0,
      "y" : 11.151058,
      "z" : -3.6709895
    } ],
    "faces" : [ {
      "vertices" : [ 0, 1, 2 ]
    }, {
      "vertices" : [ 0, 2, 1 ]
    } ]
  }, {
    "id" : "ba2723c9-4588-45f3-84bd-6d2e46725193",
    "vertices" : [ {
      "x" : -10.302235,
      "y" : 4.2673254,
      "z" : 3.6709895
    }, {
      "x" : -10.302235,
      "y" : -4.2673254,
      "z" : 3.6709895
    }, {
      "x" : -6.0349092,
      "y" : 0.0,
      "z" : 9.705898
    } ],
    "faces" : [ {
      "vertices" : [ 0, 1, 2 ]
    }, {
      "vertices" : [ 0, 2, 1 ]
    } ]
  }, {
    "id" : "446db3fd-e33a-42e8-8890-9847e4750382",
    "vertices" : [ {
      "x" : 4.2673254,
      "y" : 10.302235,
      "z" : 3.6709895
    }, {
      "x" : 10.302235,
      "y" : 4.2673254,
      "z" : 3.6709895
    }, {
      "x" : 7.8849893,
      "y" : 7.8849893,
      "z" : -3.6709895
    } ],
    "faces" : [ {
      "vertices" : [ 0, 1, 2 ]
    }, {
      "vertices" : [ 0, 2, 1 ]
    } ]
  }, {
    "id" : "34cb0a9d-1ff5-41f1-a157-e035598f1397",
    "vertices" : [ {
      "x" : -5.575529,
      "y" : 2.30946,
      "z" : -9.705898
    }, {
      "x" : -2.30946,
      "y" : -5.575529,
      "z" : -9.705898
    }, {
      "x" : -7.8849893,
      "y" : -7.8849893,
      "z" : -3.6709895
    }, {
      "x" : -11.151058,
      "y" : 0.0,
      "z" : -3.6709895
    } ],
    "faces" : [ {
      "vertices" : [ 0, 1, 2 ]
    }, {
      "vertices" : [ 0, 2, 3 ]
    }, {
      "vertices" : [ 0, 3, 2 ]
    }, {
      "vertices" : [ 0, 2, 1 ]
    } ]
  }, {
    "id" : "c0d71a73-58b7-4e83-a7e4-807e6742fe0e",
    "vertices" : [ {
      "x" : 4.2673254,
      "y" : -10.302235,
      "z" : 3.6709895
    }, {
      "x" : 0.0,
      "y" : -11.151058,
      "z" : -3.6709895
    }, {
      "x" : 7.8849893,
      "y" : -7.8849893,
      "z" : -3.6709895
    } ],
    "faces" : [ {
      "vertices" : [ 0, 1, 2 ]
    }, {
      "vertices" : [ 0, 2, 1 ]
    } ]
  }, {
    "id" : "37baf973-8a7c-4466-a560-cf7632ca197a",
    "vertices" : [ {
      "x" : 7.8849893,
      "y" : 7.8849893,
      "z" : -3.6709895
    }, {
      "x" : 2.30946,
      "y" : 5.575529,
      "z" : -9.705898
    }, {
      "x" : 0.0,
      "y" : 11.151058,
      "z" : -3.6709895
    } ],
    "faces" : [ {
      "vertices" : [ 0, 1, 2 ]
    }, {
      "vertices" : [ 0, 2, 1 ]
    } ]
  }, {
    "id" : "0fb14c1d-1725-40de-9add-29beeaf0ebbb",
    "vertices" : [ {
      "x" : -5.575529,
      "y" : 2.30946,
      "z" : -9.705898
    }, {
      "x" : 2.30946,
      "y" : 5.575529,
      "z" : -9.705898
    }, {
      "x" : 5.575529,
      "y" : -2.30946,
      "z" : -9.705898
    }, {
      "x" : -2.30946,
      "y" : -5.575529,
      "z" : -9.705898
    } ],
    "faces" : [ {
      "vertices" : [ 0, 1, 2 ]
    }, {
      "vertices" : [ 0, 2, 3 ]
    }, {
      "vertices" : [ 0, 3, 2 ]
    }, {
      "vertices" : [ 0, 2, 1 ]
    } ]
  }, {
    "id" : "9cbea295-1e95-4bd4-9277-2cff358bb424",
    "vertices" : [ {
      "x" : 4.2673254,
      "y" : 10.302235,
      "z" : 3.6709895
    }, {
      "x" : 0.0,
      "y" : 11.151058,
      "z" : -3.6709895
    }, {
      "x" : -4.2673254,
      "y" : 10.302235,
      "z" : 3.6709895
    } ],
    "faces" : [ {
      "vertices" : [ 0, 1, 2 ]
    }, {
      "vertices" : [ 0, 2, 1 ]
    } ]
  }, {
    "id" : "5f57b32c-4596-43bb-8111-a2638f8cd21e",
    "vertices" : [ {
      "x" : 6.0349092,
      "y" : 0.0,
      "z" : 9.705898
    }, {
      "x" : 0.0,
      "y" : 6.0349092,
      "z" : 9.705898
    }, {
      "x" : -6.0349092,
      "y" : 0.0,
      "z" : 9.705898
    }, {
      "x" : 0.0,
      "y" : -6.0349092,
      "z" : 9.705898
    } ],
    "faces" : [ {
      "vertices" : [ 0, 1, 2 ]
    }, {
      "vertices" : [ 0, 2, 3 ]
    }, {
      "vertices" : [ 0, 3, 2 ]
    }, {
      "vertices" : [ 0, 2, 1 ]
    } ]
  }, {
    "id" : "6ceb59bf-d08d-47df-8e1e-02761b25ad81",
    "vertices" : [ {
      "x" : 6.0349092,
      "y" : 0.0,
      "z" : 9.705898
    }, {
      "x" : 10.302235,
      "y" : 4.2673254,
      "z" : 3.6709895
    }, {
      "x" : 4.2673254,
      "y" : 10.302235,
      "z" : 3.6709895
    }, {
      "x" : 0.0,
      "y" : 6.0349092,
      "z" : 9.705898
    } ],
    "faces" : [ {
      "vertices" : [ 0, 1, 2 ]
    }, {
      "vertices" : [ 0, 2, 3 ]
    }, {
      "vertices" : [ 0, 3, 2 ]
    }, {
      "vertices" : [ 0, 2, 1 ]
    } ]
  }, {
    "id" : "cb607dbe-9cb7-44b5-a2ff-aa4162fb3457",
    "vertices" : [ {
      "x" : -10.302235,
      "y" : -4.2673254,
      "z" : 3.6709895
    }, {
      "x" : -7.8849893,
      "y" : -7.8849893,
      "z" : -3.6709895
    }, {
      "x" : -4.2673254,
      "y" : -10.302235,
      "z" : 3.6709895
    } ],
    "faces" : [ {
      "vertices" : [ 0, 1, 2 ]
    }, {
      "vertices" : [ 0, 2, 1 ]
    } ]
  }, {
    "id" : "edc73517-9e40-46a2-89ee-d7b9d212ae83",
    "vertices" : [ {
      "x" : -10.302235,
      "y" : 4.2673254,
      "z" : 3.6709895
    }, {
      "x" : -11.151058,
      "y" : 0.0,
      "z" : -3.6709895
    }, {
      "x" : -10.302235,
      "y" : -4.2673254,
      "z" : 3.6709895
    } ],
    "faces" : [ {
      "vertices" : [ 0, 1, 2 ]
    }, {
      "vertices" : [ 0, 2, 1 ]
    } ]
  }, {
    "id" : "4e0a01c3-1234-49af-bf75-3aa14babd6b5",
    "vertices" : [ {
      "x" : 6.0349092,
      "y" : 0.0,
      "z" : 9.705898
    }, {
      "x" : 10.302235,
      "y" : -4.2673254,
      "z" : 3.6709895
    }, {
      "x" : 10.302235,
      "y" : 4.2673254,
      "z" : 3.6709895
    } ],
    "faces" : [ {
      "vertices" : [ 0, 1, 2 ]
    }, {
      "vertices" : [ 0, 2, 1 ]
    } ]
  }, {
    "id" : "77284e89-6ad9-4225-9c8d-5b9a49cc05c4",
    "vertices" : [ {
      "x" : -7.8849893,
      "y" : 7.8849893,
      "z" : -3.6709895
    }, {
      "x" : -11.151058,
      "y" : 0.0,
      "z" : -3.6709895
    }, {
      "x" : -10.302235,
      "y" : 4.2673254,
      "z" : 3.6709895
    } ],
    "faces" : [ {
      "vertices" : [ 0, 1, 2 ]
    }, {
      "vertices" : [ 0, 2, 1 ]
    } ]
  }, {
    "id" : "e0c786c8-40a0-4493-8058-2c03382d4057",
    "vertices" : [ {
      "x" : 10.302235,
      "y" : 4.2673254,
      "z" : 3.6709895
    }, {
      "x" : 10.302235,
      "y" : -4.2673254,
      "z" : 3.6709895
    }, {
      "x" : 11.151058,
      "y" : 0.0,
      "z" : -3.6709895
    } ],
    "faces" : [ {
      "vertices" : [ 0, 1, 2 ]
    }, {
      "vertices" : [ 0, 2, 1 ]
    } ]
  }, {
    "id" : "c7bd2f49-d749-4052-96e7-f1a6f2d7b0ce",
    "vertices" : [ {
      "x" : 4.2673254,
      "y" : -10.302235,
      "z" : 3.6709895
    }, {
      "x" : -4.2673254,
      "y" : -10.302235,
      "z" : 3.6709895
    }, {
      "x" : 0.0,
      "y" : -11.151058,
      "z" : -3.6709895
    } ],
    "faces" : [ {
      "vertices" : [ 0, 1, 2 ]
    }, {
      "vertices" : [ 0, 2, 1 ]
    } ]
  }, {
    "id" : "cccbbdbd-1fa6-4d00-b40d-fd45351ea1cb",
    "vertices" : [ {
      "x" : 4.2673254,
      "y" : 10.302235,
      "z" : 3.6709895
    }, {
      "x" : -4.2673254,
      "y" : 10.302235,
      "z" : 3.6709895
    }, {
      "x" : 0.0,
      "y" : 6.0349092,
      "z" : 9.705898
    } ],
    "faces" : [ {
      "vertices" : [ 0, 1, 2 ]
    }, {
      "vertices" : [ 0, 2, 1 ]
    } ]
  }, {
    "id" : "4bc36947-a043-4c6a-abcc-04349378a056",
    "vertices" : [ {
      "x" : 7.8849893,
      "y" : 7.8849893,
      "z" : -3.6709895
    }, {
      "x" : 2.30946,
      "y" : 5.575529,
      "z" : -9.705898
    }, {
      "x" : 0.0,
      "y" : 11.151058,
      "z" : -3.6709895
    } ],
    "faces" : [ {
      "vertices" : [ 0, 1, 2 ]
    }, {
      "vertices" : [ 0, 2, 1 ]
    } ]
  }, {
    "id" : "22a81c40-ebcb-4b87-9c6e-9b4229bea88d",
    "vertices" : [ {
      "x" : 4.2673254,
      "y" : -10.302235,
      "z" : 3.6709895
    }, {
      "x" : 7.8849893,
      "y" : -7.8849893,
      "z" : -3.6709895
    }, {
      "x" : 10.302235,
      "y" : -4.2673254,
      "z" : 3.6709895
    } ],
    "faces" : [ {
      "vertices" : [ 0, 1, 2 ]
    }, {
      "vertices" : [ 0, 2, 1 ]
    } ]
  }, {
    "id" : "96584211-af66-46c8-a4b6-ac0ce2373bd8",
    "vertices" : [ {
      "x" : 5.575529,
      "y" : -2.30946,
      "z" : -9.705898
    }, {
      "x" : 7.8849893,
      "y" : -7.8849893,
      "z" : -3.6709895
    }, {
      "x" : 0.0,
      "y" : -11.151058,
      "z" : -3.6709895
    }, {
      "x" : -2.30946,
      "y" : -5.575529,
      "z" : -9.705898
    } ],
    "faces" : [ {
      "vertices" : [ 0, 1, 2 ]
    }, {
      "vertices" : [ 0, 2, 3 ]
    }, {
      "vertices" : [ 0, 3, 2 ]
    }, {
      "vertices" : [ 0, 2, 1 ]
    } ]
  }, {
    "id" : "5fa68b47-7d55-44aa-b966-8950522e7fdc",
    "vertices" : [ {
