{
  "polygons" : "true",
  "field" : "golden",
  "symmetry" : "icosahedral",
  "orientations" : [ [ 1.0, 0.0, 0.0, 0.0, 0.0, 1.0, 0.0, 0.0, 0.0, 0.0, 1.0, 0.0, 0.0, 0.0, 0.0, 1.0 ], [ 0.0, 0.0, 1.0, 0.0, 1.0, 0.0, 0.0, 0.0, 0.0, 1.0, 0.0, 0.0, 0.0, 0.0, 0.0, 1.0 ], [ 0.0, 1.0, 0.0, 0.0, 0.0, 0.0, 1.0, 0.0, 1.0, 0.0, 0.0, 0.0, 0.0, 0.0, 0.0, 1.0 ], [ 0.809017, 0.309017, 0.5, 0.0, 0.309017, 0.5, -0.809017, 0.0, -0.5, 0.809017, 0.309017, 0.0, 0.0, 0.0, 0.0, 1.0 ], [ -0.5, 0.809017, 0.309017, 0.0, 0.809017, 0.309017, 0.5, 0.0, 0.309017, 0.5, -0.809017, 0.0, 0.0, 0.0, 0.0, 1.0 ], [ 0.309017, 0.5, -0.809017, 0.0, -0.5, 0.809017, 0.309017, 0.0, 0.809017, 0.309017, 0.5, 0.0, 0.0, 0.0, 0.0, 1.0 ], [ 0.5, 0.809017, 0.309017, 0.0, 0.809017, -0.309017, -0.5, 0.0, -0.309017, 0.5, -0.809017, 0.0, 0.0, 0.0, 0.0, 1.0 ], [ -0.309017, 0.5, -0.809017, 0.0, 0.5, 0.809017, 0.309017, 0.0, 0.809017, -0.309017, -0.5, 0.0, 0.0, 0.0, 0.0, 1.0 ], [ 0.809017, -0.309017, -0.5, 0.0, -0.309017, 0.5, -0.809017, 0.0, 0.5, 0.809017, 0.309017, 0.0, 0.0, 0.0, 0.0, 1.0 ], [ 0.5, 0.809017, -0.309017, 0.0, 0.809017, -0.309017, 0.5, 0.0, 0.309017, -0.5, -0.809017, 0.0, 0.0, 0.0, 0.0, 1.0 ], [ 0.309017, -0.5, -0.809017, 0.0, 0.5, 0.809017, -0.309017, 0.0, 0.809017, -0.309017, 0.5, 0.0, 0.0, 0.0, 0.0, 1.0 ], [ 0.809017, -0.309017, 0.5, 0.0, 0.309017, -0.5, -0.809017, 0.0, 0.5, 0.809017, -0.309017, 0.0, 0.0, 0.0, 0.0, 1.0 ], [ 0.809017, 0.309017, -0.5, 0.0, 0.309017, 0.5, 0.809017, 0.0, 0.5, -0.809017, 0.309017, 0.0, 0.0, 0.0, 0.0, 1.0 ], [ 0.5, -0.809017, 0.309017, 0.0, 0.809017, 0.309017, -0.5, 0.0, 0.309017, 0.5, 0.809017, 0.0, 0.0, 0.0, 0.0, 1.0 ], [ 0.309017, 0.5, 0.809017, 0.0, 0.5, -0.809017, 0.309017, 0.0, 0.809017, 0.309017, -0.5, 0.0, 0.0, 0.0, 0.0, 1.0 ], [ 1.0, 0.0, 0.0, 0.0, 0.0, -1.0, 0.0, 0.0, 0.0, 0.0, -1.0, 0.0, 0.0, 0.0, 0.0, 1.0 ], [ 0.0, 0.0, 1.0, 0.0, -1.0, 0.0, 0.0, 0.0, 0.0, -1.0, 0.0, 0.0, 0.0, 0.0, 0.0, 1.0 ], [ 0.0, 1.0, 0.0, 0.0, 0.0, 0.0, -1.0, 0.0, -1.0, 0.0, 0.0, 0.0, 0.0, 0.0, 0.0, 1.0 ], [ 0.809017, 0.309017, 0.5, 0.0, -0.309017, -0.5, 0.809017, 0.0, 0.5, -0.809017, -0.309017, 0.0, 0.0, 0.0, 0.0, 1.0 ], [ -0.5, 0.809017, 0.309017, 0.0, -0.809017, -0.309017, -0.5, 0.0, -0.309017, -0.5, 0.809017, 0.0, 0.0, 0.0, 0.0, 1.0 ], [ 0.309017, 0.5, -0.809017, 0.0, 0.5, -0.809017, -0.309017, 0.0, -0.809017, -0.309017, -0.5, 0.0, 0.0, 0.0, 0.0, 1.0 ], [ 0.5, 0.809017, 0.309017, 0.0, -0.809017, 0.309017, 0.5, 0.0, 0.309017, -0.5, 0.809017, 0.0, 0.0, 0.0, 0.0, 1.0 ], [ -0.309017, 0.5, -0.809017, 0.0, -0.5, -0.809017, -0.309017, 0.0, -0.809017, 0.309017, 0.5, 0.0, 0.0, 0.0, 0.0, 1.0 ], [ 0.809017, -0.309017, -0.5, 0.0, 0.309017, -0.5, 0.809017, 0.0, -0.5, -0.809017, -0.309017, 0.0, 0.0, 0.0, 0.0, 1.0 ], [ 0.5, 0.809017, -0.309017, 0.0, -0.809017, 0.309017, -0.5, 0.0, -0.309017, 0.5, 0.809017, 0.0, 0.0, 0.0, 0.0, 1.0 ], [ 0.309017, -0.5, -0.809017, 0.0, -0.5, -0.809017, 0.309017, 0.0, -0.809017, 0.309017, -0.5, 0.0, 0.0, 0.0, 0.0, 1.0 ], [ 0.809017, -0.309017, 0.5, 0.0, -0.309017, 0.5, 0.809017, 0.0, -0.5, -0.809017, 0.309017, 0.0, 0.0, 0.0, 0.0, 1.0 ], [ 0.809017, 0.309017, -0.5, 0.0, -0.309017, -0.5, -0.809017, 0.0, -0.5, 0.809017, -0.309017, 0.0, 0.0, 0.0, 0.0, 1.0 ], [ 0.5, -0.809017, 0.309017, 0.0, -0.809017, -0.309017, 0.5, 0.0, -0.309017, -0.5, -0.809017, 0.0, 0.0, 0.0, 0.0, 1.0 ], [ 0.309017, 0.5, 0.809017, 0.0, -0.5, 0.809017, -0.309017, 0.0, -0.809017, -0.309017, 0.5, 0.0, 0.0, 0.0, 0.0, 1.0 ], [ -1.0, 0.0, 0.0, 0.0, 0.0, -1.0, 0.0, 0.0, 0.0, 0.0, 1.0, 0.0, 0.0, 0.0, 0.0, 1.0 ], [ 0.0, 0.0, -1.0, 0.0, -1.0, 0.0, 0.0, 0.0, 0.0, 1.0, 0.0, 0.0, 0.0, 0.0, 0.0, 1.0 ], [ 0.0, -1.0, 0.0, 0.0, 0.0, 0.0, -1.0, 0.0, 1.0, 0.0, 0.0, 0.0, 0.0, 0.0, 0.0, 1.0 ], [ -0.809017, -0.309017, -0.5, 0.0, -0.309017, -0.5, 0.809017, 0.0, -0.5, 0.809017, 0.309017, 0.0, 0.0, 0.0, 0.0, 1.0 ], [ 0.5, -0.809017, -0.309017, 0.0, -0.809017, -0.309017, -0.5, 0.0, 0.309017, 0.5, -0.809017, 0.0, 0.0, 0.0, 0.0, 1.0 ], [ -0.309017, -0.5, 0.809017, 0.0, 0.5, -0.809017, -0.309017, 0.0, 0.809017, 0.309017, 0.5, 0.0, 0.0, 0.0, 0.0, 1.0 ], [ -0.5, -0.809017, -0.309017, 0.0, -0.809017, 0.309017, 0.5, 0.0, -0.309017, 0.5, -0.809017, 0.0, 0.0, 0.0, 0.0, 1.0 ], [ 0.309017, -0.5, 0.809017, 0.0, -0.5, -0.809017, -0.309017, 0.0, 0.809017, -0.309017, -0.5, 0.0, 0.0, 0.0, 0.0, 1.0 ], [ -0.809017, 0.309017, 0.5, 0.0, 0.309017, -0.5, 0.809017, 0.0, 0.5, 0.809017, 0.309017, 0.0, 0.0, 0.0, 0.0, 1.0 ], [ -0.5, -0.809017, 0.309017, 0.0, -0.809017, 0.309017, -0.5, 0.0, 0.309017, -0.5, -0.809017, 0.0, 0.0, 0.0, 0.0, 1.0 ], [ -0.309017, 0.5, 0.809017, 0.0, -0.5, -0.809017, 0.309017, 0.0, 0.809017, -0.309017, 0.5, 0.0, 0.0, 0.0, 0.0, 1.0 ], [ -0.809017, 0.309017, -0.5, 0.0, -0.309017, 0.5, 0.809017, 0.0, 0.5, 0.809017, -0.309017, 0.0, 0.0, 0.0, 0.0, 1.0 ], [ -0.809017, -0.309017, 0.5, 0.0, -0.309017, -0.5, -0.809017, 0.0, 0.5, -0.809017, 0.309017, 0.0, 0.0, 0.0, 0.0, 1.0 ], [ -0.5, 0.809017, -0.309017, 0.0, -0.809017, -0.309017, 0.5, 0.0, 0.309017, 0.5, 0.809017, 0.0, 0.0, 0.0, 0.0, 1.0 ], [ -0.309017, -0.5, -0.809017, 0.0, -0.5, 0.809017, -0.309017, 0.0, 0.809017, 0.309017, -0.5, 0.0, 0.0, 0.0, 0.0, 1.0 ], [ -1.0, 0.0, 0.0, 0.0, 0.0, 1.0, 0.0, 0.0, 0.0, 0.0, -1.0, 0.0, 0.0, 0.0, 0.0, 1.0 ], [ 0.0, 0.0, -1.0, 0.0, 1.0, 0.0, 0.0, 0.0, 0.0, -1.0, 0.0, 0.0, 0.0, 0.0, 0.0, 1.0 ], [ 0.0, -1.0, 0.0, 0.0, 0.0, 0.0, 1.0, 0.0, -1.0, 0.0, 0.0, 0.0, 0.0, 0.0, 0.0, 1.0 ], [ -0.809017, -0.309017, -0.5, 0.0, 0.309017, 0.5, -0.809017, 0.0, 0.5, -0.809017, -0.309017, 0.0, 0.0, 0.0, 0.0, 1.0 ], [ 0.5, -0.809017, -0.309017, 0.0, 0.809017, 0.309017, 0.5, 0.0, -0.309017, -0.5, 0.809017, 0.0, 0.0, 0.0, 0.0, 1.0 ], [ -0.309017, -0.5, 0.809017, 0.0, -0.5, 0.809017, 0.309017, 0.0, -0.809017, -0.309017, -0.5, 0.0, 0.0, 0.0, 0.0, 1.0 ], [ -0.5, -0.809017, -0.309017, 0.0, 0.809017, -0.309017, -0.5, 0.0, 0.309017, -0.5, 0.809017, 0.0, 0.0, 0.0, 0.0, 1.0 ], [ 0.309017, -0.5, 0.809017, 0.0, 0.5, 0.809017, 0.309017, 0.0, -0.809017, 0.309017, 0.5, 0.0, 0.0, 0.0, 0.0, 1.0 ], [ -0.809017, 0.309017, 0.5, 0.0, -0.309017, 0.5, -0.809017, 0.0, -0.5, -0.809017, -0.309017, 0.0, 0.0, 0.0, 0.0, 1.0 ], [ -0.5, -0.809017, 0.309017, 0.0, 0.809017, -0.309017, 0.5, 0.0, -0.309017, 0.5, 0.809017, 0.0, 0.0, 0.0, 0.0, 1.0 ], [ -0.309017, 0.5, 0.809017, 0.0, 0.5, 0.809017, -0.309017, 0.0, -0.809017, 0.309017, -0.5, 0.0, 0.0, 0.0, 0.0, 1.0 ], [ -0.809017, 0.309017, -0.5, 0.0, 0.309017, -0.5, -0.809017, 0.0, -0.5, -0.809017, 0.309017, 0.0, 0.0, 0.0, 0.0, 1.0 ], [ -0.809017, -0.309017, 0.5, 0.0, 0.309017, 0.5, 0.809017, 0.0, -0.5, 0.809017, -0.309017, 0.0, 0.0, 0.0, 0.0, 1.0 ], [ -0.5, 0.809017, -0.309017, 0.0, 0.809017, 0.309017, -0.5, 0.0, -0.309017, -0.5, -0.809017, 0.0, 0.0, 0.0, 0.0, 1.0 ], [ -0.309017, -0.5, -0.809017, 0.0, 0.5, -0.809017, 0.309017, 0.0, -0.809017, -0.309017, 0.5, 0.0, 0.0, 0.0, 0.0, 1.0 ] ],
  "lights" : {
    "ambientColor" : "#292929",
    "backgroundColor" : "#AFC8DC",
    "directionalLights" : [ {
      "direction" : [ 1.0, -1.0, -1.0 ],
      "color" : "#EBEBE4"
    }, {
      "direction" : [ -1.0, 0.0, 0.0 ],
      "color" : "#E4E4EB"
    }, {
      "direction" : [ 0.0, 0.0, -1.0 ],
      "color" : "#1E1E1E"
    } ]
  },
  "camera" : {
    "perspective" : true,
    "fieldOfView" : 0.44262838,
    "viewDistance" : 198.1213,
    "lookAtPointRV" : {
      "x" : 0.0,
      "y" : 0.0,
      "z" : 0.0,
      "zero" : true
    },
    "lookDirectionRV" : {
      "x" : 0.80773145,
      "y" : -0.5775191,
      "z" : 0.11848272,
      "zero" : false
    },
    "upDirectionRV" : {
      "x" : -0.10093771,
      "y" : 0.06253425,
      "z" : 0.9929214,
      "zero" : false
    },
    "lookAtPoint" : {
      "x" : 0.0,
      "y" : 0.0,
      "z" : 0.0
    },
    "lookDirection" : {
      "x" : 0.80773145,
      "y" : -0.5775191,
      "z" : 0.11848272
    },
    "upDirection" : {
      "x" : -0.10093771,
      "y" : 0.06253425,
      "z" : 0.9929214
    },
    "nearClipDistance" : 0.49530336,
    "farClipDistance" : 396.24207,
    "stereo" : false,
    "width" : 89.15449,
    "position" : {
      "x" : -160.02881,
      "y" : 114.418846,
      "z" : -23.473951
    }
  },
  "embedding" : [ 1.0, 0.0, 0.0, 0.0, 0.0, 1.0, 0.0, 0.0, 0.0, 0.0, 1.0, 0.0, 0.0, 0.0, 0.0, 1.0 ],
  "shapes" : [ {
    "id" : "0eeb1753-371f-45e0-89c9-10bcd8d24335",
    "vertices" : [ {
      "x" : 0.0,
      "y" : 0.0,
      "z" : 0.0
    }, {
      "x" : -1.7109141,
      "y" : 4.4792314,
      "z" : 0.0
    }, {
      "x" : -1.3775808,
      "y" : 4.6065536,
      "z" : 2.618034
    }, {
      "x" : -1.0,
      "y" : 3.618034,
      "z" : 2.618034
    } ],
    "faces" : [ {
      "vertices" : [ 0, 1, 2, 3 ]
    }, {
      "vertices" : [ 0, 3, 2, 1 ]
    } ]
  }, {
    "id" : "e521f3fa-c854-4b70-8606-58cbdde24be4",
    "vertices" : [ {
      "x" : 0.0,
      "y" : 0.0,
      "z" : 0.0
    }, {
      "x" : 0.0,
      "y" : -2.618034,
      "z" : -6.854102
    }, {
      "x" : -2.437694,
      "y" : 3.763932,
      "z" : -6.854102
    }, {
      "x" : -1.655186,
      "y" : 4.3333335,
      "z" : 0.0
    } ],
    "faces" : [ {
      "vertices" : [ 0, 1, 2, 3 ]
    }, {
      "vertices" : [ 0, 3, 2, 1 ]
    } ]
  }, {
    "id" : "15ccd430-0124-43ac-b799-3f59a84097a3",
    "vertices" : [ {
      "x" : 0.0,
      "y" : 0.0,
      "z" : 0.0
    }, {
      "x" : 0.10332556,
      "y" : -0.21884705,
      "z" : 0.13525492
    }, {
      "x" : 2.6828523,
      "y" : -6.972136,
      "z" : 0.13525492
    }, {
      "x" : 2.6443453,
      "y" : -6.9229856,
      "z" : 0.0
    } ],
    "faces" : [ {
      "vertices" : [ 0, 1, 2, 3 ]
    }, {
      "vertices" : [ 0, 3, 2, 1 ]
    } ]
  }, {
    "id" : "fdcca505-fde9-4b52-954a-fafb65db7b0c",
    "vertices" : [ {
      "x" : 0.0,
      "y" : 0.0,
      "z" : 0.0
    }, {
      "x" : -0.10332556,
      "y" : 0.21884705,
      "z" : -0.13525492
    }, {
      "x" : -2.6828523,
      "y" : 6.972136,
      "z" : -0.13525492
    }, {
      "x" : -2.6443453,
      "y" : 6.9229856,
      "z" : 0.0
    } ],
    "faces" : [ {
      "vertices" : [ 0, 1, 2, 3 ]
    }, {
      "vertices" : [ 0, 3, 2, 1 ]
    } ]
  }, {
    "id" : "50428306-57b0-4136-a7e8-8ea89e9463cd",
    "vertices" : [ {
      "x" : 0.0,
      "y" : 0.0,
      "z" : 0.0
    }, {
      "x" : -0.7825081,
      "y" : -0.5694013,
      "z" : -6.854102
    }, {
      "x" : -0.7825081,
      "y" : 4.7568364,
      "z" : 7.09017
    }, {
      "x" : 0.0,
      "y" : 2.618034,
      "z" : 6.854102
    } ],
    "faces" : [ {
      "vertices" : [ 0, 1, 2, 3 ]
    }, {
      "vertices" : [ 0, 3, 2, 1 ]
    } ]
  }, {
    "id" : "25e78d2b-fe6c-4240-b9a1-901766e3fa4e",
    "vertices" : [ {
      "x" : 0.0,
      "y" : 0.0,
      "z" : 0.0
    }, {
      "x" : 0.038507164,
      "y" : -0.062305897,
      "z" : 0.10081306
    }, {
      "x" : 2.5663712,
      "y" : -6.68034,
      "z" : 0.10081306
    } ],
    "faces" : [ {
      "vertices" : [ 0, 1, 2 ]
    }, {
      "vertices" : [ 0, 2, 1 ]
    } ]
  }, {
    "id" : "e4fb3930-f937-4c03-b0e5-9abc068bf2c8",
    "vertices" : [ {
      "x" : 0.0,
      "y" : 0.0,
      "z" : 0.0
    }, {
      "x" : -2.618034,
      "y" : 6.854102,
      "z" : 0.0
    }, {
      "x" : -2.618034,
      "y" : 6.892609,
      "z" : 0.10081306
    } ],
    "faces" : [ {
      "vertices" : [ 0, 1, 2 ]
    }, {
      "vertices" : [ 0, 2, 1 ]
    } ]
  }, {
    "id" : "701bd773-8f57-4c05-8866-ff2ed95ba8e4",
    "vertices" : [ {
      "x" : 0.0,
      "y" : 0.0,
      "z" : 0.0
    }, {
      "x" : -0.96149284,
      "y" : 3.4787138,
      "z" : 2.517221
    }, {
      "x" : 0.038507164,
      "y" : 1.5928801,
      "z" : 4.4341464
    } ],
    "faces" : [ {
      "vertices" : [ 0, 1, 2 ]
    }, {
      "vertices" : [ 0, 2, 1 ]
    } ]
  }, {
    "id" : "2a1f9308-133a-48ce-9b93-c5852c3ac610",
    "vertices" : [ {
      "x" : 0.0,
      "y" : 0.0,
      "z" : 0.0
    }, {
      "x" : -2.5663712,
      "y" : 6.68034,
      "z" : -0.10081306
    }, {
      "x" : 0.038507164,
      "y" : -0.04915028,
      "z" : 0.13525492
    } ],
    "faces" : [ {
      "vertices" : [ 0, 1, 2 ]
    }, {
      "vertices" : [ 0, 2, 1 ]
    } ]
  }, {
    "id" : "34e6c6e6-d7d7-4225-9f65-fb7f3ed2fe77",
    "vertices" : [ {
      "x" : 0.0,
      "y" : 0.0,
      "z" : 0.0
    }, {
      "x" : 1.2847006,
      "y" : -0.25694013,
      "z" : -0.25694013
    }, {
      "x" : -1.5393447,
      "y" : 3.6967232,
      "z" : -4.7754126
    }, {
      "x" : -2.618034,
      "y" : 2.618034,
      "z" : -2.618034
    } ],
    "faces" : [ {
      "vertices" : [ 0, 1, 2, 3 ]
    }, {
      "vertices" : [ 0, 3, 2, 1 ]
    } ]
  }, {
    "id" : "56941752-ab43-4d8f-bc7b-9dd69dad52e3",
    "vertices" : [ {
      "x" : 0.0,
      "y" : 0.0,
      "z" : 0.0
    }, {
      "x" : -0.20601133,
      "y" : 0.6666667,
      "z" : 0.33333334
    }, {
      "x" : 0.31759548,
      "y" : -0.35508254,
      "z" : 1.2472136
    } ],
    "faces" : [ {
      "vertices" : [ 0, 1, 2 ]
    }, {
      "vertices" : [ 0, 2, 1 ]
    } ]
  }, {
    "id" : "17ca21ca-d6d4-4bd2-bea1-5b789b0c735e",
    "vertices" : [ {
      "x" : 0.0,
      "y" : 0.0,
      "z" : 0.0
    }, {
      "x" : 0.0,
      "y" : 0.3775808,
      "z" : 0.9885194
    }, {
      "x" : 1.4376941,
      "y" : -3.386351,
      "z" : 0.9885194
    }, {
      "x" : 1.4376941,
      "y" : -3.763932,
      "z" : 0.0
    } ],
    "faces" : [ {
      "vertices" : [ 0, 1, 2, 3 ]
    }, {
      "vertices" : [ 0, 3, 2, 1 ]
    } ]
  }, {
    "id" : "d3d3767d-578d-4700-b81b-471b5e0f220c",
    "vertices" : [ {
      "x" : 0.0,
      "y" : 0.0,
      "z" : 0.0
    }, {
      "x" : -0.28240454,
      "y" : -0.28240454,
      "z" : -1.4120227
    }, {
      "x" : -4.5184727,
      "y" : 3.9536633,
      "z" : 2.8240454
    } ],
    "faces" : [ {
      "vertices" : [ 0, 1, 2 ]
    }, {
      "vertices" : [ 0, 2, 1 ]
    } ]
  }, {
    "id" : "22f8c303-4708-48a1-9a33-9080a06a5f18",
    "vertices" : [ {
      "x" : 0.0,
      "y" : 0.0,
      "z" : 0.0
    }, {
      "x" : 0.7825081,
      "y" : -2.1388025,
      "z" : -0.23606798
    }, {
      "x" : -1.655186,
      "y" : 1.8054693,
      "z" : -6.618034
    } ],
    "faces" : [ {
      "vertices" : [ 0, 1, 2 ]
    }, {
      "vertices" : [ 0, 2, 1 ]
    } ]
  }, {
    "id" : "d7b51ea2-5422-4546-962d-5d916aa14f83",
    "vertices" : [ {
      "x" : 0.0,
      "y" : 0.0,
      "z" : 0.0
    }, {
      "x" : -0.5663712,
      "y" : -0.045084972,
      "z" : -4.0
    }, {
      "x" : -0.82978565,
      "y" : 0.51283574,
      "z" : -4.344814
    } ],
    "faces" : [ {
      "vertices" : [ 0, 1, 2 ]
    }, {
      "vertices" : [ 0, 2, 1 ]
    } ]
  }, {
    "id" : "6b21cca8-a658-440b-84fc-639e9fbadc40",
    "vertices" : [ {
      "x" : 0.0,
      "y" : 0.0,
      "z" : 0.0
    }, {
      "x" : -0.090169944,
      "y" : 0.23606798,
      "z" : 0.0
    }, {
      "x" : -0.090169944,
      "y" : 2.673762,
      "z" : 6.381966
    }, {
      "x" : 0.0,
      "y" : 2.527864,
      "z" : 6.618034
    } ],
    "faces" : [ {
      "vertices" : [ 0, 1, 2, 3 ]
    }, {
      "vertices" : [ 0, 3, 2, 1 ]
    } ]
  }, {
    "id" : "77926df7-a926-4391-acbb-a63d8ebc0633",
    "vertices" : [ {
      "x" : 0.0,
      "y" : 0.0,
      "z" : 0.0
    }, {
      "x" : 2.618034,
      "y" : -6.854102,
      "z" : 0.0
    }, {
      "x" : 2.618034,
      "y" : -6.892609,
      "z" : -0.10081306
    } ],
    "faces" : [ {
      "vertices" : [ 0, 1, 2 ]
    }, {
      "vertices" : [ 0, 2, 1 ]
    } ]
  }, {
    "id" : "2df999db-1873-4afa-9a95-3f5610896a72",
    "vertices" : [ {
      "x" : 0.0,
      "y" : 0.0,
      "z" : 0.0
    }, {
      "x" : 0.80379426,
      "y" : -2.1043608,
      "z" : 0.0
    }, {
      "x" : 0.80379426,
      "y" : -2.1945307,
      "z" : -0.23606798
    } ],
    "faces" : [ {
      "vertices" : [ 0, 1, 2 ]
    }, {
      "vertices" : [ 0, 2, 1 ]
    } ]
  }, {
    "id" : "8d1991de-7360-4eb9-8842-83733c34c4c8",
    "vertices" : [ {
      "x" : 0.0,
      "y" : 0.0,
      "z" : 0.0
    }, {
      "x" : 0.0,
      "y" : 0.090169944,
      "z" : 0.23606798
    }, {
      "x" : 5.326238,
      "y" : -13.854102,
      "z" : 0.23606798
    }, {
      "x" : 5.326238,
      "y" : -13.944272,
      "z" : 0.0
    } ],
    "faces" : [ {
      "vertices" : [ 0, 1, 2, 3 ]
    }, {
      "vertices" : [ 0, 3, 2, 1 ]
    } ]
  }, {
    "id" : "9506b153-774f-42d2-8136-ef6e3a6710b7",
    "vertices" : [ {
      "x" : 0.0,
      "y" : 0.0,
      "z" : 0.0
    }, {
      "x" : -0.038507164,
      "y" : 0.10081306,
      "z" : 0.0
    }, {
      "x" : 0.16750416,
      "y" : 1.0893325,
      "z" : 4.0
    }, {
      "x" : 0.5663712,
      "y" : 0.045084972,
      "z" : 4.0
    } ],
    "faces" : [ {
      "vertices" : [ 0, 1, 2, 3 ]
    }, {
      "vertices" : [ 0, 3, 2, 1 ]
    } ]
  }, {
    "id" : "c5cdf89a-20cd-4b3b-b620-83965a8c22b9",
    "vertices" : [ {
      "x" : 0.0,
      "y" : 0.0,
      "z" : 0.0
    }, {
      "x" : 1.4120227,
      "y" : -0.28240454,
      "z" : -0.28240454
    }, {
      "x" : -2.8240454,
      "y" : 3.9536633,
      "z" : -4.5184727
    } ],
    "faces" : [ {
      "vertices" : [ 0, 1, 2 ]
    }, {
      "vertices" : [ 0, 2, 1 ]
    } ]
  }, {
    "id" : "bb075b8f-4c42-45fd-9c57-15a616441608",
    "vertices" : [ {
      "x" : 0.0,
      "y" : 0.0,
      "z" : 0.0
    }, {
      "x" : -3.9442718,
      "y" : -3.9442718,
      "z" : 3.9442718
    }, {
      "x" : -7.18034,
      "y" : -0.7082039,
      "z" : 3.9442718
    }, {
      "x" : -4.854102,
      "y" : 1.618034,
      "z" : 1.618034
    } ],
    "faces" : [ {
      "vertices" : [ 0, 1, 2, 3 ]
    }, {
      "vertices" : [ 0, 3, 2, 1 ]
    } ]
  }, {
    "id" : "00101fb1-55e4-46c1-89a1-f0090633e70f",
    "vertices" : [ {
      "x" : 0.0,
      "y" : 0.0,
      "z" : 0.0
    }, {
      "x" : 1.655186,
      "y" : -4.3333335,
      "z" : 0.0
    }, {
      "x" : 0.0,
      "y" : -2.527864,
      "z" : -6.618034
    } ],
    "faces" : [ {
      "vertices" : [ 0, 1, 2 ]
    }, {
      "vertices" : [ 0, 2, 1 ]
    } ]
  }, {
    "id" : "b3a10581-afcb-4bb0-aeb6-2a7ec7c9c337",
    "vertices" : [ {
      "x" : 0.0,
      "y" : 0.0,
      "z" : 0.0
    }, {
      "x" : -0.63932025,
      "y" : 0.21310674,
      "z" : 0.21310674
    }, {
      "x" : -3.2573543,
      "y" : -2.4049273,
      "z" : 2.8311408
    } ],
    "faces" : [ {
      "vertices" : [ 0, 1, 2 ]
    }, {
      "vertices" : [ 0, 2, 1 ]
    } ]
  }, {
    "id" : "9c659ce5-df86-4f43-a34d-a1c8753d521f",
    "vertices" : [ {
      "x" : 0.0,
      "y" : 0.0,
      "z" : 0.0
    }, {
      "x" : -2.326238,
      "y" : 2.326238,
      "z" : 2.326238
    }, {
      "x" : -4.4836164,
      "y" : 3.4049273,
      "z" : 1.2475486
    }, {
      "x" : -0.53934467,
      "y" : -0.53934467,
      "z" : -2.6967232
    } ],
    "faces" : [ {
      "vertices" : [ 0, 1, 2, 3 ]
    }, {
      "vertices" : [ 0, 3, 2, 1 ]
    } ]
  }, {
    "id" : "22c537bd-cf38-4b54-9886-46e4d9018a7e",
    "vertices" : [ {
      "x" : 0.0,
      "y" : 0.0,
      "z" : 0.0
    }, {
      "x" : -4.027864,
      "y" : 1.3426213,
      "z" : 1.3426213
    }, {
      "x" : -7.2852182,
      "y" : -1.0623059,
      "z" : 4.173762
    }, {
      "x" : -4.173762,
      "y" : -4.173762,
      "z" : 4.173762
    } ],
    "faces" : [ {
      "vertices" : [ 0, 1, 2, 3 ]
    }, {
      "vertices" : [ 0, 3, 2, 1 ]
    } ]
  }, {
    "id" : "91972d23-a891-437d-9ef1-0709a6af6156",
    "vertices" : [ {
      "x" : 0.0,
      "y" : 0.0,
      "z" : 0.0
    }, {
      "x" : 0.7825081,
      "y" : 0.5694013,
      "z" : 6.854102
    }, {
      "x" : 0.7825081,
      "y" : -4.7568364,
      "z" : -7.09017
    }, {
      "x" : 0.0,
      "y" : -2.618034,
      "z" : -6.854102
    } ],
    "faces" : [ {
      "vertices" : [ 0, 1, 2, 3 ]
    }, {
      "vertices" : [ 0, 3, 2, 1 ]
    } ]
  }, {
    "id" : "f9cd42d8-3290-423f-9aeb-71f43eca5c03",
    "vertices" : [ {
      "x" : 0.0,
      "y" : 0.0,
      "z" : 0.0
    }, {
      "x" : -0.3775808,
      "y" : 0.9885194,
      "z" : 0.0
    }, {
      "x" : 0.28908587,
      "y" : 0.24316339,
      "z" : 2.618034
    }, {
      "x" : 2.0,
      "y" : -4.236068,
      "z" : 2.618034
    } ],
    "faces" : [ {
      "vertices" : [ 0, 1, 2, 3 ]
    }, {
      "vertices" : [ 0, 3, 2, 1 ]
    } ]
  }, {
    "id" : "d54cc67d-79b6-42c0-8502-d77ae472e96e",
    "vertices" : [ {
      "x" : 0.0,
      "y" : 0.0,
      "z" : 0.0
    }, {
      "x" : 1.7109141,
      "y" : -4.4792314,
      "z" : 0.0
    }, {
      "x" : 2.5147085,
      "y" : -6.673762,
      "z" : -0.23606798
    } ],
    "faces" : [ {
      "vertices" : [ 0, 1, 2 ]
    }, {
      "vertices" : [ 0, 2, 1 ]
    } ]
  }, {
    "id" : "ef27684d-8eb4-43a4-8fb0-b8075943f1dc",
    "vertices" : [ {
      "x" : 0.0,
      "y" : 0.0,
      "z" : 0.0
    }, {
      "x" : 0.20601133,
      "y" : -0.6666667,
      "z" : -0.33333334
    }, {
      "x" : -0.31759548,
      "y" : 0.35508254,
      "z" : -1.2472136
    } ],
    "faces" : [ {
      "vertices" : [ 0, 1, 2 ]
    }, {
      "vertices" : [ 0, 2, 1 ]
    } ]
  }, {
    "id" : "daf945a5-d2e3-4de3-97e0-50c47564e710",
    "vertices" : [ {
      "x" : 0.0,
      "y" : 0.0,
      "z" : 0.0
    }, {
      "x" : 0.39886704,
      "y" : -1.0442475,
      "z" : 0.0
    }, {
      "x" : 0.39886704,
      "y" : -2.6622815,
      "z" : -4.236068
    }, {
      "x" : 0.0,
      "y" : -1.618034,
      "z" : -4.236068
    } ],
    "faces" : [ {
      "vertices" : [ 0, 1, 2, 3 ]
    }, {
      "vertices" : [ 0, 3, 2, 1 ]
    } ]
  }, {
    "id" : "ea2e55c2-0c40-4356-b93c-131af8502196",
    "vertices" : [ {
      "x" : 0.0,
      "y" : 0.0,
      "z" : 0.0
    }, {
      "x" : 0.0,
      "y" : 0.090169944,
      "z" : 0.23606798
    }, {
      "x" : 0.80379426,
      "y" : -2.1043608,
      "z" : 0.0
    } ],
    "faces" : [ {
      "vertices" : [ 0, 1, 2 ]
    }, {
      "vertices" : [ 0, 2, 1 ]
    } ]
  }, {
    "id" : "c0298366-d51e-45c1-921d-0d6184884099",
    "vertices" : [ {
      "x" : 0.0,
      "y" : 0.0,
      "z" : 0.0
    }, {
      "x" : 0.96149284,
      "y" : -3.4787138,
      "z" : -2.517221
    }, {
      "x" : -0.038507164,
      "y" : -1.5928801,
      "z" : -4.4341464
    } ],
    "faces" : [ {
      "vertices" : [ 0, 1, 2 ]
    }, {
      "vertices" : [ 0, 2, 1 ]
    } ]
  }, {
    "id" : "c62b02db-621d-492f-9bfa-b702ecba1388",
    "vertices" : [ {
      "x" : 0.0,
      "y" : 0.0,
      "z" : 0.0
    }, {
      "x" : 0.0,
      "y" : -0.39886704,
      "z" : -1.0442475
    }, {
      "x" : -1.0,
      "y" : 1.8858336,
      "z" : -1.9169254
    } ],
    "faces" : [ {
      "vertices" : [ 0, 1, 2 ]
    }, {
      "vertices" : [ 0, 2, 1 ]
    } ]
  }, {
    "id" : "ea092da9-3ec8-48d9-8afc-24130ecb0e5f",
    "vertices" : [ {
      "x" : 0.0,
      "y" : 0.0,
      "z" : 0.0
    }, {
      "x" : 0.0,
      "y" : 0.39886704,
      "z" : 1.0442475
    }, {
      "x" : 1.0,
      "y" : -1.8858336,
      "z" : 1.9169254
    } ],
    "faces" : [ {
      "vertices" : [ 0, 1, 2 ]
    }, {
      "vertices" : [ 0, 2, 1 ]
    } ]
  }, {
    "id" : "1d1f33fa-0431-4740-9530-1d67556eae6e",
    "vertices" : [ {
      "x" : 0.0,
      "y" : 0.0,
      "z" : 0.0
    }, {
      "x" : 1.7109141,
      "y" : -4.4792314,
      "z" : 0.0
    }, {
      "x" : 1.3775808,
      "y" : -4.6065536,
      "z" : -2.618034
    }, {
      "x" : 1.0,
      "y" : -3.618034,
      "z" : -2.618034
    } ],
    "faces" : [ {
      "vertices" : [ 0, 1, 2, 3 ]
    }, {
      "vertices" : [ 0, 3, 2, 1 ]
    } ]
  }, {
    "id" : "0bdb625f-72f8-46ad-86ef-dbf1a97b0a7e",
    "vertices" : [ {
      "x" : 0.0,
      "y" : 0.0,
      "z" : 0.0
    }, {
      "x" : -0.39886704,
      "y" : 1.0442475,
      "z" : 0.0
    }, {
      "x" : -0.39886704,
      "y" : 2.6622815,
      "z" : 4.236068
    }, {
      "x" : 0.0,
      "y" : 1.618034,
      "z" : 4.236068
    } ],
    "faces" : [ {
      "vertices" : [ 0, 1, 2, 3 ]
    }, {
      "vertices" : [ 0, 3, 2, 1 ]
    } ]
  }, {
    "id" : "d041f029-75f0-42de-8d78-f3f68e80bd16",
    "vertices" : [ {
      "x" : 0.0,
      "y" : 0.0,
      "z" : 0.0
    }, {
      "x" : 0.090169944,
      "y" : -0.14589803,
      "z" : 0.23606798
    }, {
      "x" : 0.89396423,
      "y" : -2.2502587,
      "z" : 0.23606798
    } ],
    "faces" : [ {
      "vertices" : [ 0, 1, 2 ]
    }, {
      "vertices" : [ 0, 2, 1 ]
    } ]
  }, {
    "id" : "b076e5d5-1f49-419f-860c-4425369618cc",
    "vertices" : [ {
      "x" : 0.0,
      "y" : 0.0,
      "z" : 0.0
    }, {
      "x" : -0.090169944,
      "y" : 0.14589803,
      "z" : -0.23606798
    }, {
      "x" : -0.89396423,
      "y" : 2.2502587,
      "z" : -0.23606798
    } ],
    "faces" : [ {
      "vertices" : [ 0, 1, 2 ]
    }, {
      "vertices" : [ 0, 2, 1 ]
    } ]
  }, {
    "id" : "4adf24ec-511b-4c5e-84fa-6d7ef0b753d0",
    "vertices" : [ {
      "x" : 0.0,
      "y" : 0.0,
      "z" : 0.0
    }, {
      "x" : 2.6048784,
      "y" : -6.7294903,
      "z" : 0.23606798
    }, {
      "x" : 1.7109141,
      "y" : -4.4792314,
      "z" : 0.0
    } ],
    "faces" : [ {
      "vertices" : [ 0, 1, 2 ]
    }, {
      "vertices" : [ 0, 2, 1 ]
    } ]
  }, {
    "id" : "7e7aca9e-dcb3-4be3-bece-6a814c674e8e",
    "vertices" : [ {
      "x" : 0.0,
      "y" : 0.0,
      "z" : 0.0
    }, {
      "x" : 0.0,
      "y" : -0.3775808,
      "z" : -0.9885194
    }, {
      "x" : -1.4376941,
      "y" : 3.386351,
      "z" : -0.9885194
    }, {
      "x" : -1.4376941,
      "y" : 3.763932,
      "z" : 0.0
    } ],
    "faces" : [ {
      "vertices" : [ 0, 1, 2, 3 ]
    }, {
      "vertices" : [ 0, 3, 2, 1 ]
    } ]
  }, {
    "id" : "04a651ee-57c0-4897-961e-12c5df9807f5",
    "vertices" : [ {
      "x" : 0.0,
      "y" : 0.0,
      "z" : 0.0
    }, {
      "x" : -2.618034,
      "y" : 6.892609,
      "z" : 0.10081306
    }, {
      "x" : -2.5147085,
      "y" : 6.673762,
      "z" : 0.23606798
    } ],
    "faces" : [ {
      "vertices" : [ 0, 1, 2 ]
    }, {
      "vertices" : [ 0, 2, 1 ]
    } ]
  }, {
    "id" : "a464187b-06ad-41c4-8545-2391553bb2fa",
    "vertices" : [ {
      "x" : 0.0,
      "y" : 0.0,
      "z" : 0.0
    }, {
      "x" : 0.0,
      "y" : 2.618034,
      "z" : 6.854102
    }, {
      "x" : 2.437694,
      "y" : -3.763932,
      "z" : 6.854102
    }, {
      "x" : 1.655186,
      "y" : -4.3333335,
      "z" : 0.0
    } ],
    "faces" : [ {
      "vertices" : [ 0, 1, 2, 3 ]
    }, {
      "vertices" : [ 0, 3, 2, 1 ]
    } ]
  }, {
    "id" : "2b1a9253-9f48-4e5b-96b0-fe27c76f2ec0",
    "vertices" : [ {
      "x" : 0.0,
      "y" : 0.0,
      "z" : 0.0
    }, {
      "x" : -1.7109141,
      "y" : 4.4792314,
      "z" : 0.0
    }, {
      "x" : -2.5147085,
      "y" : 6.673762,
      "z" : 0.23606798
    } ],
    "faces" : [ {
      "vertices" : [ 0, 1, 2 ]
    }, {
      "vertices" : [ 0, 2, 1 ]
    } ]
  }, {
    "id" : "31e8701b-95ae-4a6f-b923-a278562d8c48",
    "vertices" : [ {
      "x" : 0.0,
      "y" : 0.0,
      "z" : 0.0
    }, {
      "x" : -0.20601133,
      "y" : 0.6666667,
      "z" : 0.33333334
    }, {
      "x" : 0.0,
      "y" : 1.655186,
      "z" : 4.3333335
    } ],
    "faces" : [ {
      "vertices" : [ 0, 1, 2 ]
    }, {
      "vertices" : [ 0, 2, 1 ]
    } ]
  }, {
    "id" : "14db7c3e-5277-4c38-9955-41634b2a1957",
    "vertices" : [ {
      "x" : 0.0,
      "y" : 0.0,
      "z" : 0.0
    }, {
      "x" : 0.038507164,
      "y" : -0.10081306,
      "z" : 0.0
    }, {
      "x" : -0.16750416,
      "y" : -1.0893325,
      "z" : -4.0
    }, {
      "x" : -0.5663712,
      "y" : -0.045084972,
      "z" : -4.0
    } ],
    "faces" : [ {
      "vertices" : [ 0, 1, 2, 3 ]
    }, {
      "vertices" : [ 0, 3, 2, 1 ]
    } ]
  }, {
    "id" : "78dbad84-3936-468b-b563-18a1104134ca",
    "vertices" : [ {
      "x" : 0.0,
      "y" : 0.0,
      "z" : 0.0
    }, {
      "x" : 0.0,
      "y" : -0.80379426,
      "z" : -2.1043608
    }, {
      "x" : -2.437694,
      "y" : 5.5781717,
      "z" : -2.1043608
    }, {
      "x" : -2.437694,
      "y" : 6.381966,
      "z" : 0.0
    } ],
    "faces" : [ {
      "vertices" : [ 0, 1, 2, 3 ]
    }, {
      "vertices" : [ 0, 3, 2, 1 ]
    } ]
  }, {
    "id" : "96e83bf2-7451-4d1a-8f79-a25b5733cedf",
    "vertices" : [ {
      "x" : 0.0,
      "y" : 0.0,
      "z" : 0.0
    }, {
      "x" : -0.25694013,
      "y" : -0.25694013,
      "z" : -1.2847006
    }, {
      "x" : -4.7754126,
      "y" : 3.6967232,
      "z" : 1.5393447
    }, {
      "x" : -2.618034,
      "y" : 2.618034,
      "z" : 2.618034
    } ],
    "faces" : [ {
      "vertices" : [ 0, 1, 2, 3 ]
    }, {
      "vertices" : [ 0, 3, 2, 1 ]
    } ]
  }, {
    "id" : "38ece9f5-6088-4540-bd12-f50ff57ade83",
    "vertices" : [ {
      "x" : 0.0,
      "y" : 0.0,
      "z" : 0.0
    }, {
      "x" : -0.7825081,
      "y" : 2.1388025,
      "z" : 0.23606798
    }, {
      "x" : 1.655186,
      "y" : -1.8054693,
      "z" : 6.618034
    } ],
    "faces" : [ {
      "vertices" : [ 0, 1, 2 ]
    }, {
      "vertices" : [ 0, 2, 1 ]
    } ]
  }, {
    "id" : "d984f6ee-3262-43cf-a3c2-703e77dec613",
    "vertices" : [ {
      "x" : 0.0,
      "y" : 0.0,
      "z" : 0.0
    }, {
      "x" : 0.5663712,
      "y" : 0.045084972,
      "z" : 4.0
    }, {
      "x" : 0.82978565,
      "y" : -0.51283574,
      "z" : 4.344814
    } ],
    "faces" : [ {
      "vertices" : [ 0, 1, 2 ]
    }, {
      "vertices" : [ 0, 2, 1 ]
    } ]
  }, {
    "id" : "b5a107f8-4860-4687-875e-74443c6a2770",
    "vertices" : [ {
      "x" : 0.0,
      "y" : 0.0,
      "z" : 0.0
    }, {
      "x" : 0.038507164,
      "y" : 1.5928801,
      "z" : 4.4341464
    }, {
      "x" : 0.038507164,
      "y" : -0.062305897,
      "z" : 0.10081306
    } ],
    "faces" : [ {
      "vertices" : [ 0, 1, 2 ]
    }, {
      "vertices" : [ 0, 2, 1 ]
    } ]
  }, {
    "id" : "590701cf-015f-476e-a1b7-5a36c6c0bb07",
    "vertices" : [ {
      "x" : 0.0,
      "y" : 0.0,
      "z" : 0.0
    }, {
      "x" : 3.9442718,
      "y" : 3.9442718,
      "z" : -3.9442718
    }, {
      "x" : 0.7082039,
      "y" : 7.18034,
      "z" : -3.9442718
    }, {
      "x" : -1.618034,
      "y" : 4.854102,
      "z" : -1.618034
    } ],
    "faces" : [ {
      "vertices" : [ 0, 1, 2, 3 ]
    }, {
      "vertices" : [ 0, 3, 2, 1 ]
    } ]
  }, {
    "id" : "216a90aa-677f-4914-a725-42c663cb1947",
    "vertices" : [ {
      "x" : 0.0,
      "y" : 0.0,
      "z" : 0.0
    }, {
      "x" : -2.437694,
      "y" : 6.381966,
      "z" : 0.0
    }, {
      "x" : -2.437694,
      "y" : 9.026311,
      "z" : 6.9229856
    }, {
      "x" : 0.0,
      "y" : 2.6443453,
      "z" : 6.9229856
    } ],
    "faces" : [ {
      "vertices" : [ 0, 1, 2, 3 ]
    }, {
      "vertices" : [ 0, 3, 2, 1 ]
    } ]
  }, {
    "id" : "50a4bd3f-17c8-4115-8aa6-5c245cda68cd",
    "vertices" : [ {
      "x" : 0.0,
      "y" : 0.0,
      "z" : 0.0
    }, {
      "x" : -0.21310674,
      "y" : 0.63932025,
      "z" : -0.21310674
    }, {
      "x" : 2.4049273,
      "y" : 3.2573543,
      "z" : -2.8311408
    } ],
    "faces" : [ {
      "vertices" : [ 0, 1, 2 ]
    }, {
      "vertices" : [ 0, 2, 1 ]
    } ]
  }, {
    "id" : "0c142995-2814-49d8-8120-39b097411bfb",
    "vertices" : [ {
      "x" : 0.0,
      "y" : 0.0,
      "z" : 0.0
    }, {
      "x" : -1.655186,
      "y" : 4.3333335,
      "z" : 0.0
    }, {
      "x" : 0.0,
      "y" : 2.527864,
      "z" : 6.618034
    } ],
    "faces" : [ {
      "vertices" : [ 0, 1, 2 ]
    }, {
      "vertices" : [ 0, 2, 1 ]
    } ]
  }, {
    "id" : "e884c6a2-e2da-48e0-a211-6d374d671c27",
    "vertices" : [ {
      "x" : 0.0,
      "y" : 0.0,
      "z" : 0.0
    }, {
      "x" : 0.20601133,
      "y" : -0.6666667,
      "z" : -0.33333334
    }, {
      "x" : 0.0,
      "y" : -1.655186,
      "z" : -4.3333335
    } ],
    "faces" : [ {
      "vertices" : [ 0, 1, 2 ]
    }, {
      "vertices" : [ 0, 2, 1 ]
    } ]
  }, {
    "id" : "ce098d42-af11-469f-ad31-ad4727f7f0d4",
    "vertices" : [ {
      "x" : 0.0,
      "y" : 0.0,
      "z" : 0.0
    }, {
      "x" : 0.3775808,
      "y" : -0.9885194,
      "z" : 0.0
    }, {
      "x" : -0.28908587,
      "y" : -0.24316339,
      "z" : -2.618034
    }, {
      "x" : -2.0,
      "y" : 4.236068,
      "z" : -2.618034
    } ],
    "faces" : [ {
      "vertices" : [ 0, 1, 2, 3 ]
    }, {
      "vertices" : [ 0, 3, 2, 1 ]
    } ]
  }, {
    "id" : "5f33e9cd-355d-444a-8bf0-0f47248de59e",
    "vertices" : [ {
      "x" : 0.0,
      "y" : 0.0,
      "z" : 0.0
    }, {
      "x" : -1.3426213,
      "y" : 4.027864,
      "z" : -1.3426213
    }, {
      "x" : 1.0623059,
      "y" : 7.2852182,
      "z" : -4.173762
    }, {
      "x" : 4.173762,
      "y" : 4.173762,
      "z" : -4.173762
    } ],
    "faces" : [ {
      "vertices" : [ 0, 1, 2, 3 ]
    }, {
      "vertices" : [ 0, 3, 2, 1 ]
    } ]
  }, {
    "id" : "fd76104e-d857-4375-a59e-32b9525dc931",
    "vertices" : [ {
      "x" : 0.0,
      "y" : 0.0,
      "z" : 0.0
    }, {
      "x" : -0.038507164,
      "y" : 0.062305897,
      "z" : -0.10081306
    }, {
      "x" : -2.5663712,
      "y" : 6.68034,
      "z" : -0.10081306
    } ],
    "faces" : [ {
      "vertices" : [ 0, 1, 2 ]
    }, {
      "vertices" : [ 0, 2, 1 ]
    } ]
  }, {
    "id" : "ea3d8f1c-4532-4df4-bf8e-163fec63a932",
    "vertices" : [ {
      "x" : 0.0,
      "y" : 0.0,
      "z" : 0.0
    }, {
      "x" : 2.618034,
      "y" : -6.892609,
      "z" : -0.10081306
    }, {
      "x" : 2.5147085,
      "y" : -6.673762,
      "z" : -0.23606798
    } ],
    "faces" : [ {
      "vertices" : [ 0, 1, 2 ]
    }, {
      "vertices" : [ 0, 2, 1 ]
    } ]
  }, {
    "id" : "bd0f53b3-d0f8-4148-bc80-65fec43964e4",
    "vertices" : [ {
      "x" : 0.0,
      "y" : 0.0,
      "z" : 0.0
    }, {
      "x" : -2.6048784,
      "y" : 6.7294903,
      "z" : -0.23606798
    }, {
      "x" : -1.7109141,
      "y" : 4.4792314,
      "z" : 0.0
    } ],
    "faces" : [ {
      "vertices" : [ 0, 1, 2 ]
    }, {
      "vertices" : [ 0, 2, 1 ]
    } ]
  }, {
    "id" : "39c46444-7621-417a-b141-b3859488742b",
    "vertices" : [ {
      "x" : 0.0,
      "y" : 0.0,
      "z" : 0.0
    }, {
      "x" : 0.090169944,
      "y" : -0.23606798,
      "z" : 0.0
    }, {
      "x" : 0.090169944,
      "y" : -2.673762,
      "z" : -6.381966
    }, {
      "x" : 0.0,
      "y" : -2.527864,
      "z" : -6.618034
    } ],
    "faces" : [ {
      "vertices" : [ 0, 1, 2, 3 ]
    }, {
      "vertices" : [ 0, 3, 2, 1 ]
    } ]
  }, {
    "id" : "c0b7aa8f-e91b-4109-93ac-256eda30fce4",
    "vertices" : [ {
      "x" : 0.0,
      "y" : 0.0,
      "z" : 0.0
    }, {
      "x" : -2.326238,
      "y" : 2.326238,
      "z" : -2.326238
    }, {
      "x" : -1.2475486,
      "y" : 3.4049273,
      "z" : -4.4836164
    }, {
      "x" : 2.6967232,
      "y" : -0.53934467,
      "z" : -0.53934467
    } ],
    "faces" : [ {
      "vertices" : [ 0, 1, 2, 3 ]
    }, {
      "vertices" : [ 0, 3, 2, 1 ]
    } ]
  }, {
    "id" : "840f279d-0c08-4c4d-aa2a-7811d1075a4d",
    "vertices" : [ {
      "x" : 0.0,
      "y" : 0.0,
      "z" : 0.0
    }, {
      "x" : -0.090169944,
      "y" : 0.23606798,
      "z" : 0.0
    }, {
      "x" : -0.090169944,
      "y" : 2.673762,
      "z" : 6.381966
    }, {
      "x" : 2.437694,
      "y" : -3.9442718,
      "z" : 6.381966
    } ],
    "faces" : [ {
      "vertices" : [ 0, 1, 2, 3 ]
    }, {
      "vertices" : [ 0, 3, 2, 1 ]
    } ]
  }, {
    "id" : "f1c2561e-b14a-41d3-a1ac-d17d4b5cab49",
    "vertices" : [ {
      "x" : 0.0,
      "y" : 0.0,
      "z" : 0.0
    }, {
      "x" : -0.038507164,
      "y" : -1.5928801,
      "z" : -4.4341464
    }, {
      "x" : -0.038507164,
      "y" : 0.062305897,
      "z" : -0.10081306
    } ],
    "faces" : [ {
      "vertices" : [ 0, 1, 2 ]
    }, {
      "vertices" : [ 0, 2, 1 ]
    } ]
  }, {
    "id" : "cac7001c-ce46-42fd-a164-f5848787e31f",
    "vertices" : [ {
      "x" : 0.0,
      "y" : 0.0,
      "z" : 0.0
    }, {
      "x" : 0.090169944,
      "y" : -0.23606798,
      "z" : 0.0
    }, {
      "x" : 0.090169944,
      "y" : -2.673762,
      "z" : -6.381966
    }, {
      "x" : -2.437694,
      "y" : 3.9442718,
      "z" : -6.381966
    } ],
    "faces" : [ {
      "vertices" : [ 0, 1, 2, 3 ]
    }, {
      "vertices" : [ 0, 3, 2, 1 ]
    } ]
  }, {
    "id" : "24ead140-567d-4a40-b63b-c656a85d1480",
    "vertices" : [ {
      "x" : 0.0,
      "y" : 0.0,
      "z" : 0.0
    }, {
      "x" : 0.0,
      "y" : 0.80379426,
      "z" : 2.1043608
    }, {
      "x" : 2.437694,
      "y" : -5.5781717,
      "z" : 2.1043608
    }, {
      "x" : 2.437694,
      "y" : -6.381966,
      "z" : 0.0
    } ],
    "faces" : [ {
      "vertices" : [ 0, 1, 2, 3 ]
    }, {
      "vertices" : [ 0, 3, 2, 1 ]
    } ]
  }, {
    "id" : "4dda4563-6d29-4338-92a6-1fad34ae87f4",
    "vertices" : [ {
      "x" : 0.0,
      "y" : 0.0,
      "z" : 0.0
    }, {
      "x" : 2.5663712,
      "y" : -6.68034,
      "z" : 0.10081306
    }, {
      "x" : -0.038507164,
      "y" : 0.04915028,
      "z" : -0.13525492
    } ],
    "faces" : [ {
      "vertices" : [ 0, 1, 2 ]
    }, {
      "vertices" : [ 0, 2, 1 ]
    } ]
  } ],
  "instances" : [ {
    "shape" : "0eeb1753-371f-45e0-89c9-10bcd8d24335",
    "color" : "#7FCC9F",
    "position" : {
      "x" : 0.16718426,
      "y" : 8.347524,
      "z" : 0.124611795
    },
    "orientation" : 53
  }, {
    "shape" : "e521f3fa-c854-4b70-8606-58cbdde24be4",
    "color" : "#7FCC9F",
    "position" : {
      "x" : 4.09017,
      "y" : 4.381966,
      "z" : 4.381966
    },
    "orientation" : 8
  }, {
    "shape" : "15ccd430-0124-43ac-b799-3f59a84097a3",
    "color" : "#7FCC9F",
    "position" : {
      "x" : 4.1114564,
      "y" : 4.403252,
      "z" : 4.068884
    },
    "orientation" : 21
  }, {
    "shape" : "fdcca505-fde9-4b52-954a-fafb65db7b0c",
    "color" : "#7FCC9F",
    "position" : {
      "x" : -4.1114564,
      "y" : 4.068884,
      "z" : 4.403252
    },
    "orientation" : 53
  }, {
    "shape" : "50428306-57b0-4136-a7e8-8ea89e9463cd",
    "color" : "#7FCC9F",
    "position" : {
      "x" : 1.4120227,
      "y" : 7.0601134,
      "z" : 7.0601134
    },
    "orientation" : 8
  }, {
    "shape" : "25e78d2b-fe6c-4240-b9a1-901766e3fa4e",
    "color" : "#7FCC9F",
    "position" : {
      "x" : -0.14589803,
      "y" : 0.14589803,
      "z" : 8.4934225
    },
    "orientation" : 21
  }, {
    "shape" : "e4fb3930-f937-4c03-b0e5-9abc068bf2c8",
    "color" : "#7FCC9F",
    "position" : {
      "x" : -8.326238,
      "y" : 0.14589803,
      "z" : 8.618034
    },
    "orientation" : 53
  }, {
    "shape" : "701bd773-8f57-4c05-8866-ff2ed95ba8e4",
    "color" : "#7FCC9F",
    "position" : {
      "x" : 0.14589803,
      "y" : 8.4934225,
      "z" : 0.14589803
    },
    "orientation" : 38
  }, {
    "shape" : "2a1f9308-133a-48ce-9b93-c5852c3ac610",
    "color" : "#7FCC9F",
    "position" : {
      "x" : 0.14589803,
      "y" : 8.4934225,
      "z" : 0.14589803
    },
    "orientation" : 53
  }, {
    "shape" : "34e6c6e6-d7d7-4225-9f65-fb7f3ed2fe77",
    "color" : "#FFFFFF",
    "position" : {
      "x" : -1.2847006,
      "y" : 6.5207686,
      "z" : 6.5207686
    },
    "orientation" : 15
  }, {
    "shape" : "56941752-ab43-4d8f-bc7b-9dd69dad52e3",
    "color" : "#7FCC9F",
    "position" : {
      "x" : -1.2847006,
      "y" : 6.5207686,
      "z" : 6.5207686
    },
    "orientation" : 52
  }, {
    "shape" : "17ca21ca-d6d4-4bd2-bea1-5b789b0c735e",
    "color" : "#7FCC9F",
    "position" : {
      "x" : 6.340429,
      "y" : 6.632225,
      "z" : -1.3961568
    },
    "orientation" : 22
  }, {
    "shape" : "d3d3767d-578d-4700-b81b-471b5e0f220c",
    "color" : "#FFFFFF",
    "position" : {
      "x" : 0.0,
      "y" : 6.7777085,
      "z" : 6.7777085
    },
    "orientation" : 16
  }, {
    "shape" : "22f8c303-4708-48a1-9a33-9080a06a5f18",
    "color" : "#7FCC9F",
    "position" : {
      "x" : 2.8240454,
      "y" : 11.296182,
